[[0.0, 5.985, 14.691, 21.155, 23.588, 24.627, 25.161, 25.713, 27.195, 28.668, 29.516, 30.426, 31.486, 32.425, 33.124, 33.674, 34.478, 34.991, 34.65, 34.748, 35.52, 35.604, 35.29, 35.314, 35.267, 34.925, 34.751, 34.844, 34.872, 35.118, 35.676, 35.736, 35.362, 35.434, 36.123, 36.673, 36.9, 36.687, 36.72, 37.08, 37.117, 37.366, 37.898, 38.053, 38.195, 38.757, 39.159, 39.275, 39.347, 39.443, 39.578, 39.875, 40.408, 41.008, 40.999, 40.404, 40.277, 40.664, 40.735, 40.217, 39.515, 39.216, 38.657, 38.391, 39.053, 39.434, 39.35, 39.572, 39.986, 40.101, 40.141, 40.176, 39.975, 39.706, 39.194, 38.815, 38.968, 39.444, 39.738, 39.781, 39.874, 39.815, 39.554, 39.66, 39.935, 39.887, 40.075, 40.259, 40.107, 39.91, 39.894, 40.066, 40.374, 40.244, 40.241, 40.292, 39.672, 39.348, 39.546, 39.675, 39.379, 38.723, 38.142, 37.916, 37.644, 37.268, 37.209, 37.369, 37.705, 38.306, 38.881, 39.309, 39.442, 39.455, 39.667, 39.49, 39.828, 40.499, 40.808, 41.478, 41.625, 40.993, 40.397, 40.485, 40.923, 41.324, 41.772, 42.045, 41.521, 40.858, 40.842, 40.988, 40.954, 41.02, 41.097, 41.068, 41.191, 41.4, 42.121, 43.679, 43.278, 41.513, 42.022, 42.499, 40.372, 4.514], [5.985, 0.0, 10.673, 18.586, 21.565, 22.738, 23.389, 24.117, 25.828, 27.5, 28.505, 29.528, 30.657, 31.654, 32.396, 32.985, 33.857, 34.411, 34.083, 34.225, 35.059, 35.197, 34.961, 35.089, 35.082, 34.71, 34.554, 34.731, 34.799, 35.01, 35.514, 35.547, 35.161, 35.204, 35.859, 36.409, 36.633, 36.412, 36.453, 36.827, 36.867, 37.109, 37.642, 37.795, 37.934, 38.524, 38.951, 39.078, 39.156, 39.256, 39.387, 39.662, 40.19, 40.806, 40.807, 40.221, 40.083, 40.455, 40.535, 40.029, 39.313, 39.005, 38.424, 38.169, 38.872, 39.266, 39.173, 39.383, 39.783, 39.89, 39.931, 39.961, 39.748, 39.473, 38.953, 38.564, 38.702, 39.166, 39.474, 39.558, 39.68, 39.612, 39.344, 39.464, 39.74, 39.673, 39.853, 40.037, 39.891, 39.689, 39.664, 39.828, 40.144, 40.031, 40.044, 40.088, 39.421, 39.077, 39.296, 39.438, 39.145, 38.496, 37.947, 37.757, 37.495, 37.128, 37.088, 37.256, 37.587, 38.179, 38.762, 39.213, 39.349, 39.31, 39.46, 39.293, 39.656, 40.329, 40.599, 41.208, 41.333, 40.708, 40.124, 40.24, 40.706, 41.105, 41.54, 41.808, 41.273, 40.603, 40.608, 40.781, 40.765, 40.845, 40.929, 40.912, 41.048, 41.261, 42.008, 43.617, 43.218, 41.422, 41.959, 42.451, 40.295, 8.394], [14.691, 10.673, 0.0, 9.882, 14.691, 16.598, 17.785, 19.786, 22.926, 25.421, 26.894, 28.274, 29.734, 31.078, 32.168, 33.026, 34.028, 34.67, 34.432, 34.549, 35.339, 35.603, 35.573, 35.863, 36.046, 35.867, 35.777, 36.047, 36.342, 36.781, 37.454, 37.548, 37.139, 37.061, 37.599, 38.113, 38.31, 38.068, 38.034, 38.338, 38.377, 38.598, 39.089, 39.243, 39.355, 39.917, 40.373, 40.532, 40.597, 40.662, 40.756, 40.967, 41.378, 41.909, 41.97, 41.564, 41.498, 41.773, 41.783, 41.422, 40.992, 40.76, 40.187, 40.069, 40.822, 41.184, 41.078, 41.224, 41.517, 41.579, 41.619, 41.637, 41.404, 41.123, 40.673, 40.347, 40.439, 40.826, 41.112, 41.192, 41.294, 41.24, 40.989, 41.036, 41.243, 41.162, 41.284, 41.433, 41.284, 41.088, 41.093, 41.221, 41.48, 41.406, 41.45, 41.497, 40.887, 40.534, 40.634, 40.677, 40.405, 39.839, 39.408, 39.342, 39.194, 38.925, 38.902, 39.029, 39.357, 39.914, 40.394, 40.767, 40.897, 40.835, 40.888, 40.781, 41.146, 41.731, 41.96, 42.48, 42.593, 42.073, 41.566, 41.659, 42.075, 42.409, 42.733, 42.932, 42.487, 41.958, 42.015, 42.198, 42.201, 42.275, 42.344, 42.34, 42.478, 42.658, 43.314, 44.785, 44.486, 42.865, 43.292, 43.741, 41.837, 15.603], [21.155, 18.586, 9.882, 0.0, 6.69, 10.039, 12.367, 16.16, 20.891, 24.116, 25.945, 27.632, 29.378, 31.027, 32.495, 33.657, 34.743, 35.408, 35.229, 35.286, 35.992, 36.334, 36.428, 36.809, 37.199, 37.288, 37.304, 37.587, 38.054, 38.84, 39.867, 40.086, 39.662, 39.512, 40.001, 40.477, 40.641, 40.381, 40.276, 40.518, 40.523, 40.683, 41.131, 41.307, 41.387, 41.903, 42.385, 42.577, 42.646, 42.702, 42.786, 42.977, 43.302, 43.749, 43.854, 43.587, 43.577, 43.763, 43.681, 43.363, 43.111, 42.895, 42.355, 42.357, 43.058, 43.309, 43.172, 43.249, 43.43, 43.453, 43.493, 43.485, 43.216, 42.917, 42.558, 42.337, 42.416, 42.746, 43.021, 43.104, 43.182, 43.155, 42.95, 42.944, 43.116, 43.101, 43.249, 43.395, 43.228, 43.032, 43.048, 43.108, 43.287, 43.228, 43.276, 43.321, 42.817, 42.481, 42.429, 42.353, 42.125, 41.685, 41.386, 41.421, 41.341, 41.098, 40.985, 41.02, 41.355, 41.886, 42.206, 42.406, 42.541, 42.594, 42.652, 42.64, 43.008, 43.535, 43.754, 44.18, 44.308, 43.906, 43.42, 43.436, 43.781, 44.055, 44.274, 44.397, 44.031, 43.637, 43.7, 43.835, 43.834, 43.901, 43.94, 43.941, 44.089, 44.247, 44.794, 46.083, 45.904, 44.526, 44.802, 45.162, 43.544, 21.79], [23.588, 21.565, 14.691, 6.69, 0.0, 4.702, 8.926, 14.211, 19.535, 22.901, 24.811, 26.645, 28.533, 30.366, 32.138, 33.528, 34.645, 35.307, 35.146, 35.149, 35.796, 36.131, 36.232, 36.672, 37.215, 37.491, 37.627, 37.916, 38.41, 39.423, 40.741, 41.077, 40.648, 40.453, 40.946, 41.441, 41.605, 41.325, 41.17, 41.393, 41.387, 41.498, 41.932, 42.136, 42.226, 42.741, 43.236, 43.441, 43.515, 43.574, 43.662, 43.863, 44.179, 44.611, 44.722, 44.464, 44.461, 44.63, 44.522, 44.139, 43.844, 43.579, 43.054, 43.122, 43.782, 43.953, 43.797, 43.85, 43.986, 44.003, 44.056, 44.033, 43.728, 43.41, 43.105, 42.956, 43.049, 43.356, 43.622, 43.729, 43.829, 43.83, 43.658, 43.658, 43.854, 43.922, 44.144, 44.321, 44.136, 43.904, 43.876, 43.883, 44.023, 43.961, 44.002, 44.04, 43.576, 43.242, 43.103, 42.961, 42.752, 42.358, 42.112, 42.197, 42.119, 41.827, 41.605, 41.567, 41.916, 42.462, 42.706, 42.8, 42.97, 43.189, 43.305, 43.335, 43.71, 44.252, 44.542, 44.982, 45.138, 44.768, 44.242, 44.211, 44.543, 44.801, 44.972, 45.051, 44.694, 44.33, 44.367, 44.451, 44.424, 44.484, 44.512, 44.518, 44.682, 44.851, 45.372, 46.578, 46.433, 45.181, 45.412, 45.716, 44.176, 24.288], [24.627, 22.738, 16.598, 10.039, 4.702, 0.0, 5.909, 12.863, 18.694, 21.944, 23.757, 25.684, 27.693, 29.649, 31.6, 33.085, 34.207, 34.897, 34.753, 34.718, 35.351, 35.693, 35.792, 36.272, 36.891, 37.243, 37.433, 37.74, 38.23, 39.318, 40.764, 41.19, 40.801, 40.583, 41.035, 41.561, 41.771, 41.485, 41.308, 41.547, 41.542, 41.617, 42.051, 42.278, 42.381, 42.904, 43.396, 43.6, 43.672, 43.721, 43.8, 44.004, 44.33, 44.771, 44.874, 44.595, 44.59, 44.767, 44.667, 44.253, 43.896, 43.586, 43.059, 43.154, 43.806, 43.955, 43.797, 43.85, 43.982, 44.001, 44.063, 44.024, 43.673, 43.335, 43.066, 42.953, 43.053, 43.346, 43.599, 43.719, 43.841, 43.851, 43.69, 43.715, 43.948, 44.064, 44.327, 44.523, 44.339, 44.092, 44.042, 44.043, 44.182, 44.119, 44.155, 44.192, 43.741, 43.413, 43.259, 43.116, 42.928, 42.548, 42.296, 42.385, 42.307, 41.979, 41.706, 41.645, 41.996, 42.537, 42.75, 42.804, 42.993, 43.275, 43.401, 43.428, 43.799, 44.35, 44.696, 45.184, 45.354, 44.981, 44.43, 44.381, 44.705, 44.954, 45.117, 45.186, 44.818, 44.438, 44.452, 44.509, 44.462, 44.515, 44.547, 44.562, 44.738, 44.931, 45.469, 46.651, 46.496, 45.278, 45.506, 45.786, 44.236, 25.325], [25.161, 23.389, 17.785, 12.367, 8.926, 5.909, 0.0, 8.467, 15.784, 19.646, 21.454, 23.391, 25.579, 27.749, 29.89, 31.534, 32.778, 33.551, 33.437, 33.444, 34.17, 34.597, 34.75, 35.271, 35.901, 36.241, 36.428, 36.739, 37.246, 38.373, 39.852, 40.3, 39.994, 39.9, 40.363, 40.883, 41.121, 40.867, 40.737, 41.028, 41.033, 41.083, 41.494, 41.722, 41.83, 42.347, 42.827, 43.033, 43.119, 43.171, 43.231, 43.422, 43.767, 44.237, 44.324, 43.99, 43.946, 44.126, 44.039, 43.599, 43.188, 42.854, 42.303, 42.364, 43.026, 43.194, 43.027, 43.088, 43.243, 43.263, 43.324, 43.274, 42.885, 42.54, 42.286, 42.175, 42.285, 42.598, 42.875, 43.03, 43.174, 43.175, 43.006, 43.062, 43.322, 43.443, 43.726, 43.932, 43.743, 43.503, 43.466, 43.473, 43.619, 43.545, 43.576, 43.622, 43.169, 42.846, 42.736, 42.645, 42.487, 42.09, 41.757, 41.806, 41.752, 41.429, 41.138, 41.073, 41.44, 41.983, 42.179, 42.233, 42.446, 42.729, 42.829, 42.831, 43.18, 43.714, 44.046, 44.562, 44.738, 44.341, 43.774, 43.721, 44.031, 44.274, 44.455, 44.535, 44.132, 43.72, 43.736, 43.792, 43.735, 43.788, 43.831, 43.846, 44.016, 44.227, 44.815, 46.05, 45.885, 44.615, 44.844, 45.126, 43.53, 25.835], [25.713, 24.117, 19.786, 16.16, 14.211, 12.863, 8.467, 0.0, 8.935, 14.446, 16.932, 18.893, 21.219, 23.769, 26.287, 28.324, 29.87, 30.767, 30.714, 30.939, 31.958, 32.564, 32.826, 33.432, 34.048, 34.328, 34.504, 34.835, 35.406, 36.65, 38.146, 38.523, 38.282, 38.482, 39.159, 39.695, 39.898, 39.701, 39.677, 40.006, 40.015, 40.111, 40.53, 40.738, 40.847, 41.36, 41.821, 42.018, 42.126, 42.201, 42.255, 42.436, 42.831, 43.37, 43.426, 42.971, 42.835, 43.02, 42.948, 42.421, 41.908, 41.582, 40.986, 40.934, 41.597, 41.798, 41.616, 41.682, 41.897, 41.942, 41.999, 41.973, 41.657, 41.38, 41.088, 40.91, 41.039, 41.421, 41.758, 41.938, 42.076, 42.039, 41.852, 41.949, 42.226, 42.304, 42.579, 42.779, 42.569, 42.332, 42.299, 42.307, 42.463, 42.352, 42.369, 42.43, 41.954, 41.631, 41.621, 41.617, 41.432, 40.946, 40.496, 40.477, 40.425, 40.101, 39.805, 39.743, 40.123, 40.692, 40.932, 41.052, 41.305, 41.582, 41.678, 41.621, 41.941, 42.475, 42.771, 43.318, 43.504, 43.072, 42.513, 42.491, 42.81, 43.078, 43.339, 43.474, 43.032, 42.58, 42.632, 42.72, 42.666, 42.72, 42.769, 42.774, 42.922, 43.114, 43.737, 45.09, 44.884, 43.461, 43.723, 44.044, 42.315, 26.401], [27.195, 25.828, 22.926, 20.891, 19.535, 18.694, 15.784, 8.935, 0.0, 7.198, 11.49, 14.147, 16.513, 19.338, 22.304, 24.782, 26.618, 27.668, 27.802, 28.391, 29.79, 30.582, 30.945, 31.661, 32.303, 32.574, 32.783, 33.18, 33.899, 35.386, 36.996, 37.321, 37.06, 37.475, 38.442, 39.078, 39.247, 39.076, 39.111, 39.417, 39.413, 39.588, 40.055, 40.249, 40.367, 40.884, 41.341, 41.533, 41.635, 41.723, 41.794, 41.976, 42.427, 43.035, 43.064, 42.493, 42.279, 42.493, 42.449, 41.81, 41.162, 40.856, 40.232, 40.08, 40.726, 40.948, 40.769, 40.835, 41.083, 41.163, 41.215, 41.222, 41.059, 40.923, 40.597, 40.335, 40.463, 40.908, 41.272, 41.426, 41.531, 41.451, 41.247, 41.379, 41.663, 41.681, 41.924, 42.119, 41.918, 41.669, 41.6, 41.603, 41.773, 41.637, 41.637, 41.707, 41.211, 40.892, 40.951, 41.004, 40.762, 40.19, 39.694, 39.641, 39.551, 39.188, 38.862, 38.793, 39.153, 39.719, 40.007, 40.197, 40.476, 40.761, 40.885, 40.747, 41.055, 41.637, 41.962, 42.588, 42.793, 42.335, 41.827, 41.871, 42.207, 42.507, 42.867, 43.082, 42.647, 42.191, 42.288, 42.414, 42.359, 42.406, 42.446, 42.434, 42.559, 42.707, 43.318, 44.727, 44.454, 42.913, 43.245, 43.616, 41.741, 27.845], [28.668, 27.5, 25.421, 24.116, 22.901, 21.944, 19.646, 14.446, 7.198, 0.0, 6.062, 10.403, 13.338, 16.181, 19.275, 21.981, 23.947, 25.132, 25.471, 26.337, 27.977, 28.874, 29.297, 30.103, 30.821, 31.158, 31.425, 31.877, 32.741, 34.484, 36.281, 36.669, 36.399, 36.841, 37.951, 38.701, 38.924, 38.765, 38.807, 39.108, 39.102, 39.298, 39.802, 40.01, 40.147, 40.644, 41.074, 41.264, 41.355, 41.437, 41.519, 41.719, 42.207, 42.842, 42.854, 42.231, 41.993, 42.229, 42.201, 41.487, 40.743, 40.45, 39.825, 39.632, 40.262, 40.486, 40.3, 40.362, 40.613, 40.713, 40.776, 40.802, 40.693, 40.614, 40.287, 39.987, 40.107, 40.58, 40.957, 41.088, 41.155, 41.028, 40.816, 40.971, 41.255, 41.23, 41.433, 41.629, 41.463, 41.215, 41.127, 41.138, 41.322, 41.185, 41.187, 41.251, 40.724, 40.382, 40.448, 40.53, 40.28, 39.68, 39.184, 39.146, 39.05, 38.646, 38.266, 38.186, 38.544, 39.096, 39.373, 39.567, 39.862, 40.189, 40.358, 40.207, 40.554, 41.175, 41.528, 42.238, 42.463, 41.991, 41.534, 41.638, 41.982, 42.294, 42.725, 43.005, 42.587, 42.136, 42.262, 42.411, 42.354, 42.396, 42.428, 42.397, 42.504, 42.638, 43.252, 44.673, 44.362, 42.78, 43.137, 43.515, 41.544, 29.243], [29.516, 28.505, 26.894, 25.945, 24.811, 23.757, 21.454, 16.932, 11.49, 6.062, 0.0, 5.832, 10.295, 13.768, 16.909, 19.783, 21.975, 23.312, 23.757, 24.746, 26.495, 27.43, 27.873, 28.724, 29.506, 29.931, 30.266, 30.74, 31.661, 33.552, 35.491, 35.983, 35.788, 36.247, 37.378, 38.206, 38.539, 38.422, 38.473, 38.798, 38.796, 38.965, 39.467, 39.695, 39.831, 40.281, 40.663, 40.849, 40.947, 41.022, 41.101, 41.312, 41.809, 42.434, 42.415, 41.757, 41.509, 41.751, 41.743, 41.012, 40.228, 39.959, 39.343, 39.139, 39.794, 40.038, 39.841, 39.907, 40.168, 40.265, 40.33, 40.371, 40.245, 40.141, 39.803, 39.488, 39.607, 40.092, 40.485, 40.626, 40.673, 40.517, 40.294, 40.458, 40.747, 40.706, 40.9, 41.105, 40.949, 40.697, 40.609, 40.647, 40.845, 40.701, 40.708, 40.766, 40.205, 39.839, 39.915, 40.028, 39.796, 39.18, 38.668, 38.647, 38.562, 38.129, 37.711, 37.632, 38.009, 38.562, 38.82, 38.991, 39.291, 39.64, 39.833, 39.722, 40.109, 40.732, 41.118, 41.898, 42.123, 41.628, 41.207, 41.371, 41.739, 42.059, 42.534, 42.867, 42.47, 42.022, 42.163, 42.328, 42.275, 42.326, 42.364, 42.324, 42.425, 42.581, 43.231, 44.666, 44.338, 42.718, 43.048, 43.404, 41.387, 30.029], [30.426, 29.528, 28.274, 27.632, 26.645, 25.684, 23.391, 18.893, 14.147, 10.403, 5.832, 0.0, 5.856, 10.698, 14.445, 17.789, 20.442, 22.026, 22.564, 23.642, 25.525, 26.586, 27.087, 27.943, 28.744, 29.237, 29.648, 30.164, 31.116, 33.097, 35.106, 35.636, 35.533, 36.171, 37.416, 38.275, 38.658, 38.61, 38.702, 39.028, 39.023, 39.204, 39.689, 39.908, 40.036, 40.444, 40.793, 40.972, 41.079, 41.154, 41.221, 41.42, 41.919, 42.529, 42.477, 41.78, 41.509, 41.76, 41.782, 41.046, 40.235, 39.992, 39.392, 39.192, 39.859, 40.118, 39.925, 39.995, 40.261, 40.338, 40.372, 40.41, 40.319, 40.242, 39.896, 39.574, 39.713, 40.207, 40.592, 40.717, 40.754, 40.603, 40.374, 40.516, 40.799, 40.778, 40.99, 41.18, 41.003, 40.733, 40.643, 40.706, 40.914, 40.754, 40.755, 40.816, 40.243, 39.866, 39.948, 40.076, 39.846, 39.227, 38.722, 38.701, 38.621, 38.187, 37.743, 37.648, 38.023, 38.576, 38.833, 39.002, 39.303, 39.644, 39.822, 39.717, 40.087, 40.691, 41.118, 41.927, 42.13, 41.623, 41.24, 41.442, 41.813, 42.122, 42.6, 42.952, 42.583, 42.166, 42.344, 42.527, 42.479, 42.528, 42.56, 42.523, 42.635, 42.804, 43.458, 44.884, 44.552, 42.902, 43.197, 43.545, 41.538, 30.917], [31.486, 30.657, 29.734, 29.378, 28.533, 27.693, 25.579, 21.219, 16.513, 13.338, 10.295, 5.856, 0.0, 6.105, 11.491, 15.997, 19.147, 20.988, 21.705, 22.937, 25.03, 26.305, 26.905, 27.763, 28.548, 29.048, 29.524, 30.141, 31.123, 33.11, 35.114, 35.625, 35.577, 36.445, 37.898, 38.802, 39.177, 39.18, 39.333, 39.653, 39.64, 39.842, 40.305, 40.493, 40.623, 41.025, 41.368, 41.544, 41.647, 41.719, 41.792, 42.005, 42.531, 43.147, 43.083, 42.365, 42.07, 42.333, 42.371, 41.595, 40.731, 40.493, 39.913, 39.722, 40.363, 40.612, 40.438, 40.521, 40.789, 40.85, 40.849, 40.864, 40.83, 40.814, 40.463, 40.144, 40.306, 40.81, 41.169, 41.242, 41.258, 41.117, 40.887, 41.005, 41.272, 41.264, 41.489, 41.677, 41.49, 41.2, 41.1, 41.17, 41.373, 41.196, 41.185, 41.263, 40.696, 40.322, 40.4, 40.512, 40.26, 39.647, 39.175, 39.146, 39.052, 38.612, 38.129, 38.007, 38.372, 38.933, 39.206, 39.389, 39.696, 40.056, 40.247, 40.122, 40.466, 41.065, 41.485, 42.256, 42.446, 41.946, 41.568, 41.758, 42.111, 42.398, 42.85, 43.179, 42.796, 42.389, 42.594, 42.795, 42.743, 42.771, 42.788, 42.764, 42.902, 43.058, 43.676, 45.083, 44.763, 43.121, 43.411, 43.768, 41.796, 32.005], [32.425, 31.654, 31.078, 31.027, 30.366, 29.649, 27.749, 23.769, 19.338, 16.181, 13.768, 10.698, 6.105, 0.0, 7.11, 13.546, 17.542, 19.598, 20.537, 22.108, 24.461, 25.905, 26.595, 27.448, 28.178, 28.611, 29.081, 29.813, 30.847, 32.756, 34.684, 35.171, 35.172, 36.229, 37.884, 38.845, 39.223, 39.262, 39.491, 39.859, 39.852, 40.03, 40.446, 40.601, 40.733, 41.123, 41.439, 41.621, 41.733, 41.797, 41.882, 42.127, 42.69, 43.313, 43.244, 42.509, 42.191, 42.462, 42.511, 41.689, 40.748, 40.495, 39.93, 39.726, 40.356, 40.622, 40.473, 40.583, 40.875, 40.945, 40.951, 40.972, 40.966, 40.982, 40.615, 40.277, 40.44, 40.953, 41.299, 41.323, 41.306, 41.151, 40.901, 41.012, 41.274, 41.242, 41.448, 41.643, 41.472, 41.192, 41.098, 41.18, 41.377, 41.182, 41.158, 41.245, 40.675, 40.298, 40.387, 40.52, 40.276, 39.682, 39.23, 39.17, 39.044, 38.574, 38.032, 37.887, 38.246, 38.799, 39.077, 39.281, 39.593, 39.95, 40.175, 40.062, 40.43, 41.045, 41.386, 42.088, 42.261, 41.746, 41.356, 41.524, 41.857, 42.136, 42.602, 42.933, 42.538, 42.142, 42.393, 42.638, 42.595, 42.608, 42.611, 42.596, 42.747, 42.886, 43.468, 44.859, 44.526, 42.88, 43.188, 43.555, 41.587, 32.974], [33.124, 32.396, 32.168, 32.495, 32.138, 31.6, 29.89, 26.287, 22.304, 19.275, 16.909, 14.445, 11.491, 7.11, 0.0, 8.201, 13.907, 16.674, 17.858, 19.913, 22.671, 24.33, 25.159, 26.043, 26.764, 27.149, 27.556, 28.392, 29.597, 31.51, 33.362, 33.839, 33.893, 35.1, 36.913, 37.932, 38.342, 38.425, 38.751, 39.222, 39.254, 39.412, 39.801, 39.942, 40.06, 40.413, 40.694, 40.88, 41.013, 41.07, 41.131, 41.379, 41.987, 42.634, 42.545, 41.771, 41.435, 41.726, 41.8, 40.942, 39.921, 39.687, 39.138, 38.876, 39.557, 39.907, 39.79, 39.925, 40.253, 40.354, 40.392, 40.446, 40.469, 40.512, 40.113, 39.718, 39.861, 40.385, 40.757, 40.786, 40.726, 40.515, 40.228, 40.349, 40.611, 40.515, 40.653, 40.823, 40.669, 40.441, 40.39, 40.521, 40.746, 40.53, 40.499, 40.583, 39.964, 39.556, 39.695, 39.912, 39.737, 39.196, 38.723, 38.584, 38.403, 37.889, 37.293, 37.136, 37.48, 37.983, 38.243, 38.489, 38.799, 39.063, 39.259, 39.171, 39.601, 40.243, 40.509, 41.19, 41.327, 40.756, 40.387, 40.602, 40.945, 41.235, 41.77, 42.178, 41.839, 41.512, 41.862, 42.192, 42.188, 42.199, 42.176, 42.134, 42.279, 42.43, 43.041, 44.48, 44.094, 42.346, 42.647, 43.021, 40.974, 33.669], [33.674, 32.985, 33.026, 33.657, 33.528, 33.085, 31.534, 28.324, 24.782, 21.981, 19.783, 17.789, 15.997, 13.546, 8.201, 0.0, 7.536, 11.95, 13.721, 16.084, 19.241, 21.252, 22.333, 23.346, 24.205, 24.732, 25.187, 26.165, 27.64, 29.735, 31.653, 32.184, 32.288, 33.575, 35.469, 36.565, 37.043, 37.157, 37.533, 38.087, 38.204, 38.442, 38.905, 39.065, 39.167, 39.509, 39.78, 39.967, 40.114, 40.165, 40.201, 40.459, 41.101, 41.775, 41.686, 40.888, 40.549, 40.852, 40.938, 40.065, 39.009, 38.824, 38.306, 37.981, 38.7, 39.11, 39.002, 39.135, 39.476, 39.605, 39.675, 39.745, 39.779, 39.855, 39.435, 39.003, 39.129, 39.654, 40.059, 40.134, 40.061, 39.811, 39.507, 39.658, 39.942, 39.815, 39.904, 40.038, 39.881, 39.693, 39.691, 39.874, 40.141, 39.924, 39.908, 40.002, 39.329, 38.9, 39.083, 39.345, 39.216, 38.712, 38.182, 37.966, 37.747, 37.186, 36.586, 36.442, 36.762, 37.207, 37.436, 37.699, 37.988, 38.184, 38.359, 38.274, 38.765, 39.439, 39.722, 40.451, 40.573, 39.94, 39.584, 39.864, 40.241, 40.547, 41.126, 41.6, 41.318, 41.031, 41.419, 41.788, 41.802, 41.813, 41.766, 41.685, 41.818, 42.005, 42.703, 44.22, 43.799, 41.966, 42.24, 42.598, 40.454, 34.175], [34.478, 33.857, 34.028, 34.743, 34.645, 34.207, 32.778, 29.87, 26.618, 23.947, 21.975, 20.442, 19.147, 17.542, 13.907, 7.536, 0.0, 6.06, 9.572, 12.555, 15.749, 18.016, 19.429, 20.653, 21.756, 22.621, 23.354, 24.556, 26.273, 28.681, 30.894, 31.589, 31.725, 32.976, 34.884, 36.059, 36.601, 36.713, 37.051, 37.602, 37.78, 38.136, 38.722, 38.928, 39.04, 39.396, 39.677, 39.866, 40.009, 40.058, 40.107, 40.401, 41.054, 41.72, 41.637, 40.861, 40.526, 40.819, 40.895, 40.014, 38.957, 38.8, 38.331, 38.013, 38.672, 39.022, 38.879, 38.978, 39.284, 39.42, 39.501, 39.546, 39.569, 39.665, 39.262, 38.856, 38.99, 39.501, 39.879, 39.957, 39.919, 39.703, 39.396, 39.543, 39.871, 39.809, 39.921, 40.044, 39.851, 39.661, 39.682, 39.864, 40.133, 39.945, 39.961, 40.06, 39.377, 38.939, 39.1, 39.33, 39.159, 38.625, 38.09, 37.91, 37.734, 37.196, 36.623, 36.484, 36.807, 37.235, 37.42, 37.662, 37.954, 38.201, 38.402, 38.271, 38.719, 39.382, 39.737, 40.545, 40.706, 40.068, 39.697, 39.999, 40.398, 40.705, 41.268, 41.762, 41.547, 41.303, 41.672, 42.016, 42.013, 42.02, 41.974, 41.881, 41.991, 42.203, 42.963, 44.484, 44.078, 42.292, 42.521, 42.835, 40.674, 34.922], [34.991, 34.411, 34.67, 35.408, 35.307, 34.897, 33.551, 30.767, 27.668, 25.132, 23.312, 22.026, 20.988, 19.598, 16.674, 11.95, 6.06, 0.0, 5.576, 10.181, 13.721, 16.016, 17.596, 18.951, 20.135, 21.166, 22.15, 23.562, 25.397, 27.998, 30.436, 31.255, 31.447, 32.73, 34.711, 35.963, 36.523, 36.615, 36.939, 37.501, 37.689, 38.053, 38.675, 38.936, 39.099, 39.459, 39.728, 39.908, 40.044, 40.1, 40.172, 40.491, 41.155, 41.822, 41.727, 40.934, 40.593, 40.903, 41.0, 40.099, 38.981, 38.792, 38.35, 38.056, 38.663, 38.941, 38.756, 38.844, 39.155, 39.292, 39.367, 39.391, 39.389, 39.467, 39.076, 38.707, 38.858, 39.352, 39.693, 39.789, 39.799, 39.608, 39.3, 39.439, 39.784, 39.772, 39.912, 40.01, 39.78, 39.591, 39.625, 39.801, 40.079, 39.909, 39.933, 40.029, 39.358, 38.933, 39.094, 39.327, 39.144, 38.589, 38.067, 37.94, 37.812, 37.303, 36.731, 36.585, 36.921, 37.335, 37.476, 37.714, 38.025, 38.269, 38.42, 38.253, 38.663, 39.324, 39.727, 40.568, 40.743, 40.11, 39.727, 40.015, 40.406, 40.707, 41.26, 41.759, 41.579, 41.367, 41.738, 42.066, 42.052, 42.056, 42.014, 41.928, 42.04, 42.262, 43.036, 44.542, 44.144, 42.395, 42.613, 42.909, 40.743, 35.422], [34.65, 34.083, 34.432, 35.229, 35.146, 34.753, 33.437, 30.714, 27.802, 25.471, 23.757, 22.564, 21.705, 20.537, 17.858, 13.721, 9.572, 5.576, 0.0, 6.031, 11.048, 13.77, 15.382, 16.907, 18.172, 19.211, 20.311, 21.853, 23.762, 26.492, 29.072, 29.974, 30.212, 31.589, 33.716, 35.048, 35.608, 35.685, 36.058, 36.69, 36.912, 37.306, 37.946, 38.248, 38.517, 38.947, 39.215, 39.379, 39.507, 39.57, 39.664, 40.013, 40.714, 41.409, 41.308, 40.502, 40.183, 40.525, 40.634, 39.717, 38.532, 38.294, 37.817, 37.5, 38.122, 38.397, 38.194, 38.299, 38.645, 38.783, 38.849, 38.852, 38.81, 38.884, 38.499, 38.107, 38.25, 38.758, 39.105, 39.219, 39.239, 39.037, 38.728, 38.888, 39.241, 39.223, 39.364, 39.428, 39.19, 39.001, 39.025, 39.232, 39.551, 39.38, 39.401, 39.508, 38.833, 38.426, 38.641, 38.919, 38.748, 38.172, 37.617, 37.473, 37.321, 36.802, 36.253, 36.134, 36.499, 36.923, 37.063, 37.329, 37.668, 37.871, 37.955, 37.757, 38.168, 38.838, 39.231, 40.073, 40.229, 39.559, 39.15, 39.44, 39.854, 40.188, 40.777, 41.283, 41.064, 40.806, 41.169, 41.51, 41.506, 41.516, 41.48, 41.408, 41.551, 41.807, 42.624, 44.196, 43.78, 41.955, 42.21, 42.518, 40.247, 35.09], [34.748, 34.225, 34.549, 35.286, 35.149, 34.718, 33.444, 30.939, 28.391, 26.337, 24.746, 23.642, 22.937, 22.108, 19.913, 16.084, 12.555, 10.181, 6.031, 0.0, 6.315, 10.028, 12.213, 14.234, 15.982, 17.416, 18.806, 20.508, 22.601, 25.649, 28.541, 29.615, 29.861, 31.179, 33.328, 34.727, 35.323, 35.374, 35.732, 36.413, 36.697, 37.152, 37.838, 38.174, 38.516, 39.012, 39.302, 39.462, 39.579, 39.643, 39.755, 40.136, 40.842, 41.509, 41.404, 40.647, 40.372, 40.688, 40.763, 39.879, 38.718, 38.442, 37.954, 37.677, 38.319, 38.581, 38.379, 38.503, 38.843, 38.968, 39.024, 38.998, 38.914, 38.983, 38.619, 38.231, 38.366, 38.869, 39.199, 39.305, 39.344, 39.173, 38.871, 39.027, 39.398, 39.394, 39.52, 39.551, 39.31, 39.105, 39.111, 39.335, 39.663, 39.502, 39.536, 39.654, 38.999, 38.613, 38.818, 39.067, 38.891, 38.315, 37.757, 37.617, 37.464, 36.95, 36.426, 36.32, 36.709, 37.154, 37.275, 37.519, 37.894, 38.173, 38.266, 38.021, 38.384, 39.029, 39.428, 40.284, 40.464, 39.802, 39.351, 39.618, 40.053, 40.414, 41.004, 41.504, 41.26, 40.945, 41.248, 41.554, 41.537, 41.551, 41.536, 41.478, 41.647, 41.96, 42.82, 44.399, 43.993, 42.173, 42.434, 42.726, 40.438, 35.176], [35.52, 35.059, 35.339, 35.992, 35.796, 35.351, 34.17, 31.958, 29.79, 27.977, 26.495, 25.525, 25.03, 24.461, 22.671, 19.241, 15.749, 13.721, 11.048, 6.315, 0.0, 5.014, 8.853, 11.806, 14.313, 16.427, 18.208, 20.132, 22.495, 25.883, 29.081, 30.327, 30.57, 31.745, 33.817, 35.293, 35.966, 35.977, 36.236, 36.91, 37.244, 37.719, 38.431, 38.806, 39.153, 39.635, 39.934, 40.098, 40.197, 40.25, 40.367, 40.762, 41.44, 42.034, 41.901, 41.197, 40.955, 41.224, 41.258, 40.416, 39.334, 39.061, 38.62, 38.44, 39.092, 39.312, 39.108, 39.236, 39.544, 39.647, 39.697, 39.659, 39.533, 39.555, 39.21, 38.878, 39.03, 39.503, 39.787, 39.913, 40.024, 39.914, 39.617, 39.746, 40.139, 40.189, 40.31, 40.311, 40.052, 39.84, 39.846, 40.059, 40.363, 40.222, 40.279, 40.397, 39.779, 39.405, 39.55, 39.731, 39.534, 38.949, 38.394, 38.283, 38.179, 37.696, 37.166, 37.036, 37.427, 37.866, 37.929, 38.111, 38.513, 38.921, 39.062, 38.789, 39.085, 39.702, 40.148, 41.033, 41.251, 40.626, 40.142, 40.371, 40.799, 41.149, 41.697, 42.187, 41.986, 41.684, 41.94, 42.19, 42.14, 42.154, 42.158, 42.098, 42.264, 42.61, 43.469, 44.971, 44.598, 42.878, 43.106, 43.356, 41.158, 35.92], [35.604, 35.197, 35.603, 36.334, 36.131, 35.693, 34.597, 32.564, 30.582, 28.874, 27.43, 26.586, 26.305, 25.905, 24.33, 21.252, 18.016, 16.016, 13.77, 10.028, 5.014, 0.0, 5.045, 9.153, 12.525, 15.097, 17.133, 19.295, 21.876, 25.46, 28.808, 30.134, 30.377, 31.49, 33.533, 35.074, 35.808, 35.781, 35.972, 36.65, 37.02, 37.519, 38.256, 38.654, 39.012, 39.491, 39.788, 39.952, 40.044, 40.089, 40.209, 40.629, 41.324, 41.902, 41.748, 41.046, 40.82, 41.092, 41.116, 40.27, 39.233, 39.004, 38.579, 38.421, 39.101, 39.313, 39.1, 39.245, 39.561, 39.651, 39.7, 39.666, 39.51, 39.497, 39.141, 38.804, 38.955, 39.427, 39.705, 39.852, 40.003, 39.917, 39.613, 39.731, 40.136, 40.196, 40.311, 40.301, 40.034, 39.814, 39.802, 40.001, 40.307, 40.18, 40.252, 40.374, 39.768, 39.392, 39.519, 39.687, 39.475, 38.837, 38.244, 38.141, 38.043, 37.58, 37.072, 36.936, 37.333, 37.781, 37.836, 38.004, 38.428, 38.903, 39.109, 38.842, 39.111, 39.727, 40.213, 41.156, 41.393, 40.744, 40.233, 40.461, 40.907, 41.264, 41.804, 42.297, 42.105, 41.797, 42.032, 42.257, 42.191, 42.22, 42.247, 42.174, 42.324, 42.692, 43.58, 45.086, 44.711, 43.003, 43.243, 43.489, 41.273, 35.988], [35.29, 34.961, 35.573, 36.428, 36.232, 35.792, 34.75, 32.826, 30.945, 29.297, 27.873, 27.087, 26.905, 26.595, 25.159, 22.333, 19.429, 17.596, 15.382, 12.213, 8.853, 5.045, 0.0, 5.228, 9.857, 13.021, 15.252, 17.622, 20.448, 24.281, 27.815, 29.24, 29.51, 30.612, 32.695, 34.309, 35.105, 35.055, 35.219, 35.926, 36.314, 36.836, 37.605, 38.015, 38.406, 38.933, 39.238, 39.41, 39.533, 39.602, 39.728, 40.172, 40.91, 41.509, 41.343, 40.62, 40.403, 40.712, 40.751, 39.872, 38.807, 38.597, 38.152, 37.969, 38.674, 38.898, 38.686, 38.872, 39.228, 39.316, 39.372, 39.349, 39.194, 39.189, 38.82, 38.448, 38.587, 39.075, 39.364, 39.506, 39.662, 39.586, 39.275, 39.391, 39.809, 39.869, 39.975, 39.957, 39.68, 39.443, 39.41, 39.612, 39.94, 39.821, 39.898, 40.028, 39.409, 39.014, 39.135, 39.312, 39.102, 38.416, 37.788, 37.674, 37.548, 37.083, 36.596, 36.465, 36.868, 37.332, 37.391, 37.553, 37.978, 38.476, 38.736, 38.488, 38.754, 39.379, 39.914, 40.956, 41.224, 40.541, 40.01, 40.257, 40.726, 41.098, 41.658, 42.171, 41.96, 41.611, 41.821, 42.026, 41.942, 41.98, 42.029, 41.953, 42.1, 42.502, 43.452, 45.015, 44.626, 42.885, 43.167, 43.427, 41.124, 35.671], [35.314, 35.089, 35.863, 36.809, 36.672, 36.272, 35.271, 33.432, 31.661, 30.103, 28.724, 27.943, 27.763, 27.448, 26.043, 23.346, 20.653, 18.951, 16.907, 14.234, 11.806, 9.153, 5.228, 0.0, 5.832, 10.308, 13.069, 15.509, 18.582, 22.816, 26.624, 28.197, 28.557, 29.745, 31.962, 33.708, 34.577, 34.523, 34.694, 35.447, 35.847, 36.363, 37.158, 37.588, 37.989, 38.536, 38.844, 39.015, 39.177, 39.308, 39.459, 39.9, 40.651, 41.252, 41.054, 40.283, 40.052, 40.392, 40.451, 39.539, 38.398, 38.18, 37.738, 37.539, 38.24, 38.475, 38.282, 38.511, 38.907, 39.009, 39.08, 39.071, 38.923, 38.918, 38.553, 38.198, 38.345, 38.83, 39.123, 39.272, 39.427, 39.36, 39.051, 39.163, 39.587, 39.671, 39.793, 39.752, 39.436, 39.173, 39.14, 39.353, 39.695, 39.582, 39.664, 39.807, 39.191, 38.787, 38.901, 39.079, 38.858, 38.145, 37.501, 37.388, 37.253, 36.777, 36.293, 36.171, 36.572, 37.024, 37.058, 37.194, 37.601, 38.09, 38.362, 38.142, 38.419, 39.05, 39.634, 40.739, 41.034, 40.352, 39.816, 40.048, 40.507, 40.882, 41.47, 42.019, 41.809, 41.438, 41.634, 41.828, 41.731, 41.765, 41.808, 41.723, 41.874, 42.302, 43.274, 44.834, 44.431, 42.681, 42.96, 43.216, 40.89, 35.684], [35.267, 35.082, 36.046, 37.199, 37.215, 36.891, 35.901, 34.048, 32.303, 30.821, 29.506, 28.744, 28.548, 28.178, 26.764, 24.205, 21.756, 20.135, 18.172, 15.982, 14.313, 12.525, 9.857, 5.832, 0.0, 5.877, 10.002, 12.854, 15.989, 20.513, 24.62, 26.342, 26.829, 28.287, 30.822, 32.743, 33.645, 33.606, 33.86, 34.691, 35.109, 35.631, 36.454, 36.898, 37.293, 37.816, 38.097, 38.252, 38.433, 38.628, 38.84, 39.31, 40.091, 40.717, 40.489, 39.638, 39.367, 39.753, 39.851, 38.892, 37.599, 37.313, 36.857, 36.624, 37.36, 37.642, 37.468, 37.748, 38.216, 38.344, 38.432, 38.449, 38.291, 38.239, 37.845, 37.505, 37.66, 38.153, 38.492, 38.677, 38.809, 38.716, 38.399, 38.527, 38.942, 39.01, 39.139, 39.075, 38.725, 38.449, 38.404, 38.626, 38.993, 38.875, 38.95, 39.099, 38.486, 38.102, 38.265, 38.471, 38.23, 37.481, 36.803, 36.682, 36.545, 36.055, 35.584, 35.497, 35.912, 36.362, 36.395, 36.557, 36.965, 37.39, 37.618, 37.424, 37.763, 38.43, 39.018, 40.126, 40.413, 39.709, 39.154, 39.361, 39.808, 40.204, 40.85, 41.426, 41.166, 40.752, 40.954, 41.161, 41.073, 41.115, 41.144, 41.042, 41.207, 41.648, 42.624, 44.196, 43.765, 41.959, 42.236, 42.5, 40.131, 35.602], [34.925, 34.71, 35.867, 37.288, 37.491, 37.243, 36.241, 34.328, 32.574, 31.158, 29.931, 29.237, 29.048, 28.611, 27.149, 24.732, 22.621, 21.166, 19.211, 17.416, 16.427, 15.097, 13.021, 10.308, 5.877, 0.0, 5.594, 9.984, 13.528, 17.846, 21.986, 23.82, 24.441, 26.249, 29.188, 31.308, 32.254, 32.267, 32.649, 33.565, 34.006, 34.572, 35.428, 35.873, 36.277, 36.798, 37.074, 37.243, 37.443, 37.662, 37.931, 38.484, 39.361, 40.076, 39.876, 38.986, 38.705, 39.154, 39.294, 38.307, 36.87, 36.476, 35.964, 35.651, 36.432, 36.77, 36.595, 36.909, 37.452, 37.606, 37.708, 37.749, 37.574, 37.478, 37.022, 36.636, 36.783, 37.309, 37.702, 37.9, 37.978, 37.822, 37.494, 37.668, 38.077, 38.094, 38.228, 38.169, 37.832, 37.569, 37.504, 37.741, 38.157, 38.024, 38.072, 38.206, 37.572, 37.219, 37.467, 37.738, 37.51, 36.739, 35.988, 35.798, 35.631, 35.116, 34.661, 34.617, 35.041, 35.504, 35.584, 35.817, 36.208, 36.509, 36.679, 36.508, 36.928, 37.64, 38.207, 39.325, 39.614, 38.867, 38.285, 38.483, 38.931, 39.352, 40.059, 40.635, 40.284, 39.823, 40.065, 40.297, 40.21, 40.261, 40.286, 40.174, 40.356, 40.803, 41.79, 43.418, 42.957, 41.036, 41.316, 41.604, 39.111, 35.227], [34.751, 34.554, 35.777, 37.304, 37.627, 37.433, 36.428, 34.504, 32.783, 31.425, 30.266, 29.648, 29.524, 29.081, 27.556, 25.187, 23.354, 22.15, 20.311, 18.806, 18.208, 17.133, 15.252, 13.069, 10.002, 5.594, 0.0, 6.106, 11.196, 15.828, 19.874, 21.75, 22.495, 24.582, 27.838, 30.171, 31.234, 31.305, 31.744, 32.714, 33.198, 33.824, 34.726, 35.192, 35.615, 36.17, 36.495, 36.712, 36.948, 37.177, 37.461, 38.067, 39.035, 39.837, 39.666, 38.765, 38.497, 38.981, 39.135, 38.154, 36.706, 36.305, 35.766, 35.37, 36.144, 36.511, 36.342, 36.663, 37.217, 37.383, 37.507, 37.554, 37.366, 37.269, 36.791, 36.367, 36.51, 37.06, 37.465, 37.647, 37.679, 37.475, 37.145, 37.354, 37.767, 37.769, 37.931, 37.888, 37.562, 37.327, 37.288, 37.551, 37.994, 37.852, 37.887, 38.009, 37.356, 37.031, 37.342, 37.657, 37.44, 36.663, 35.857, 35.584, 35.36, 34.832, 34.403, 34.374, 34.768, 35.226, 35.347, 35.613, 35.952, 36.147, 36.29, 36.161, 36.635, 37.355, 37.917, 39.074, 39.375, 38.609, 38.023, 38.218, 38.654, 39.078, 39.808, 40.378, 39.988, 39.526, 39.815, 40.068, 39.969, 40.009, 40.028, 39.911, 40.092, 40.536, 41.539, 43.204, 42.731, 40.742, 41.013, 41.308, 38.712, 35.034], [34.844, 34.731, 36.047, 37.587, 37.916, 37.74, 36.739, 34.835, 33.18, 31.877, 30.74, 30.164, 30.141, 29.813, 28.392, 26.165, 24.556, 23.562, 21.853, 20.508, 20.132, 19.295, 17.622, 15.509, 12.854, 9.984, 6.106, 0.0, 6.933, 13.389, 18.077, 20.034, 20.824, 23.139, 26.698, 29.262, 30.436, 30.509, 30.954, 31.983, 32.506, 33.174, 34.15, 34.675, 35.12, 35.7, 36.072, 36.32, 36.594, 36.879, 37.183, 37.787, 38.805, 39.684, 39.526, 38.588, 38.306, 38.791, 38.949, 37.972, 36.534, 36.17, 35.639, 35.217, 36.0, 36.397, 36.256, 36.582, 37.118, 37.283, 37.422, 37.468, 37.268, 37.178, 36.708, 36.284, 36.44, 37.018, 37.454, 37.666, 37.704, 37.477, 37.134, 37.358, 37.774, 37.768, 37.934, 37.871, 37.524, 37.298, 37.282, 37.549, 37.986, 37.844, 37.888, 38.018, 37.377, 37.095, 37.455, 37.774, 37.543, 36.754, 35.923, 35.604, 35.333, 34.811, 34.428, 34.398, 34.751, 35.181, 35.287, 35.551, 35.883, 36.068, 36.22, 36.126, 36.627, 37.334, 37.889, 39.065, 39.345, 38.54, 37.931, 38.121, 38.557, 38.996, 39.75, 40.332, 39.93, 39.465, 39.775, 40.046, 39.953, 39.985, 39.992, 39.867, 40.034, 40.476, 41.5, 43.193, 42.724, 40.722, 40.983, 41.271, 38.637, 35.118], [34.872, 34.799, 36.342, 38.054, 38.41, 38.23, 37.246, 35.406, 33.899, 32.741, 31.661, 31.116, 31.123, 30.847, 29.597, 27.64, 26.273, 25.397, 23.762, 22.601, 22.495, 21.876, 20.448, 18.582, 15.989, 13.528, 11.196, 6.933, 0.0, 8.273, 14.503, 17.009, 17.82, 20.352, 24.451, 27.401, 28.674, 28.745, 29.302, 30.453, 30.983, 31.704, 32.818, 33.414, 33.92, 34.592, 35.01, 35.255, 35.561, 35.938, 36.325, 36.959, 38.008, 38.954, 38.861, 37.965, 37.703, 38.209, 38.406, 37.456, 35.988, 35.611, 35.078, 34.636, 35.457, 35.896, 35.77, 36.108, 36.663, 36.833, 36.974, 37.023, 36.813, 36.707, 36.221, 35.783, 35.931, 36.533, 37.005, 37.223, 37.245, 37.007, 36.644, 36.853, 37.251, 37.232, 37.397, 37.293, 36.913, 36.683, 36.656, 36.912, 37.356, 37.219, 37.265, 37.388, 36.752, 36.507, 36.913, 37.231, 36.975, 36.17, 35.313, 34.978, 34.693, 34.176, 33.85, 33.872, 34.231, 34.647, 34.773, 35.071, 35.397, 35.536, 35.707, 35.654, 36.197, 36.894, 37.384, 38.515, 38.763, 37.91, 37.258, 37.435, 37.893, 38.376, 39.176, 39.759, 39.303, 38.795, 39.111, 39.408, 39.338, 39.38, 39.378, 39.236, 39.4, 39.851, 40.887, 42.604, 42.11, 40.054, 40.297, 40.588, 37.927, 35.141], [35.118, 35.01, 36.781, 38.84, 39.423, 39.318, 38.373, 36.65, 35.386, 34.484, 33.552, 33.097, 33.11, 32.756, 31.51, 29.735, 28.681, 27.998, 26.492, 25.649, 25.883, 25.46, 24.281, 22.816, 20.513, 17.846, 15.828, 13.389, 8.273, 0.0, 7.746, 11.624, 13.001, 15.972, 20.895, 24.493, 25.97, 26.13, 26.972, 28.341, 28.892, 29.685, 30.948, 31.593, 32.187, 33.046, 33.536, 33.775, 34.121, 34.58, 35.05, 35.764, 36.878, 37.886, 37.881, 37.108, 36.985, 37.598, 37.869, 36.97, 35.447, 35.006, 34.435, 33.9, 34.755, 35.254, 35.14, 35.524, 36.173, 36.373, 36.519, 36.576, 36.341, 36.183, 35.638, 35.141, 35.259, 35.876, 36.377, 36.564, 36.524, 36.259, 35.893, 36.116, 36.493, 36.45, 36.646, 36.522, 36.116, 35.898, 35.883, 36.169, 36.666, 36.527, 36.55, 36.647, 35.977, 35.745, 36.243, 36.618, 36.342, 35.524, 34.626, 34.227, 33.888, 33.36, 33.125, 33.24, 33.584, 33.992, 34.225, 34.622, 34.863, 34.752, 34.856, 34.875, 35.515, 36.234, 36.646, 37.748, 37.975, 37.075, 36.41, 36.591, 37.062, 37.582, 38.445, 39.046, 38.555, 38.035, 38.396, 38.748, 38.722, 38.798, 38.787, 38.609, 38.747, 39.193, 40.241, 41.999, 41.441, 39.242, 39.486, 39.814, 37.07, 35.37], [35.676, 35.514, 37.454, 39.867, 40.741, 40.764, 39.852, 38.146, 36.996, 36.281, 35.491, 35.106, 35.114, 34.684, 33.362, 31.653, 30.894, 30.436, 29.072, 28.541, 29.081, 28.808, 27.815, 26.624, 24.62, 21.986, 19.874, 18.077, 14.503, 7.746, 0.0, 5.426, 8.731, 13.062, 18.488, 22.369, 23.964, 24.314, 25.564, 27.151, 27.764, 28.66, 29.963, 30.591, 31.217, 32.14, 32.631, 32.87, 33.262, 33.756, 34.247, 35.025, 36.251, 37.356, 37.398, 36.654, 36.592, 37.296, 37.648, 36.761, 35.147, 34.691, 34.102, 33.406, 34.237, 34.797, 34.699, 35.12, 35.861, 36.093, 36.246, 36.318, 36.072, 35.88, 35.285, 34.727, 34.825, 35.468, 36.025, 36.229, 36.157, 35.847, 35.469, 35.747, 36.146, 36.069, 36.255, 36.121, 35.718, 35.522, 35.513, 35.84, 36.405, 36.261, 36.258, 36.342, 35.634, 35.427, 36.069, 36.542, 36.254, 35.423, 34.483, 33.99, 33.571, 33.042, 32.917, 33.113, 33.407, 33.782, 34.123, 34.643, 34.813, 34.409, 34.344, 34.366, 35.081, 35.829, 36.203, 37.33, 37.539, 36.599, 35.963, 36.162, 36.612, 37.129, 38.047, 38.692, 38.196, 37.668, 38.067, 38.479, 38.492, 38.584, 38.567, 38.36, 38.461, 38.871, 39.939, 41.78, 41.157, 38.812, 39.127, 39.511, 36.638, 35.907], [35.736, 35.547, 37.548, 40.086, 41.077, 41.19, 40.3, 38.523, 37.321, 36.669, 35.983, 35.636, 35.625, 35.171, 33.839, 32.184, 31.589, 31.255, 29.974, 29.615, 30.327, 30.134, 29.24, 28.197, 26.342, 23.82, 21.75, 20.034, 17.009, 11.624, 5.426, 0.0, 5.446, 12.014, 18.02, 21.693, 23.06, 23.498, 25.033, 26.71, 27.377, 28.396, 29.706, 30.291, 30.903, 31.79, 32.242, 32.491, 32.915, 33.411, 33.9, 34.715, 36.033, 37.243, 37.316, 36.515, 36.397, 37.128, 37.519, 36.613, 34.947, 34.512, 33.921, 33.139, 33.937, 34.515, 34.415, 34.835, 35.602, 35.843, 35.993, 36.08, 35.851, 35.651, 35.023, 34.438, 34.549, 35.226, 35.829, 36.061, 35.997, 35.669, 35.277, 35.585, 35.997, 35.891, 36.044, 35.916, 35.551, 35.374, 35.331, 35.647, 36.23, 36.081, 36.066, 36.146, 35.43, 35.258, 35.995, 36.535, 36.253, 35.399, 34.407, 33.852, 33.401, 32.864, 32.746, 32.962, 33.25, 33.617, 34.007, 34.606, 34.791, 34.296, 34.137, 34.092, 34.814, 35.58, 35.913, 37.027, 37.219, 36.263, 35.647, 35.85, 36.274, 36.776, 37.715, 38.369, 37.834, 37.265, 37.676, 38.12, 38.145, 38.234, 38.213, 38.007, 38.109, 38.491, 39.548, 41.441, 40.792, 38.367, 38.745, 39.169, 36.222, 35.956], [35.362, 35.161, 37.139, 39.662, 40.648, 40.801, 39.994, 38.282, 37.06, 36.399, 35.788, 35.533, 35.577, 35.172, 33.893, 32.288, 31.725, 31.447, 30.212, 29.861, 30.57, 30.377, 29.51, 28.557, 26.829, 24.441, 22.495, 20.824, 17.82, 13.001, 8.731, 5.446, 0.0, 8.28, 15.926, 20.227, 21.524, 21.801, 23.413, 25.2, 25.936, 27.098, 28.555, 29.193, 29.88, 30.887, 31.401, 31.666, 32.113, 32.646, 33.187, 34.088, 35.518, 36.842, 36.999, 36.232, 36.109, 36.858, 37.27, 36.392, 34.759, 34.341, 33.752, 32.979, 33.784, 34.357, 34.243, 34.659, 35.417, 35.642, 35.779, 35.861, 35.639, 35.446, 34.787, 34.17, 34.288, 34.992, 35.613, 35.857, 35.815, 35.502, 35.106, 35.405, 35.816, 35.707, 35.842, 35.709, 35.364, 35.195, 35.143, 35.448, 36.026, 35.889, 35.893, 35.973, 35.229, 35.028, 35.751, 36.286, 35.99, 35.102, 34.074, 33.5, 33.045, 32.501, 32.359, 32.575, 32.892, 33.294, 33.731, 34.369, 34.574, 34.128, 34.033, 33.999, 34.726, 35.488, 35.784, 36.872, 37.043, 36.054, 35.426, 35.663, 36.126, 36.657, 37.611, 38.256, 37.697, 37.117, 37.538, 37.989, 38.022, 38.117, 38.093, 37.876, 37.975, 38.367, 39.432, 41.343, 40.697, 38.243, 38.612, 39.032, 36.068, 35.568], [35.434, 35.204, 37.061, 39.512, 40.453, 40.583, 39.9, 38.482, 37.475, 36.841, 36.247, 36.171, 36.445, 36.229, 35.1, 33.575, 32.976, 32.73, 31.589, 31.179, 31.745, 31.49, 30.612, 29.745, 28.287, 26.249, 24.582, 23.139, 20.352, 15.972, 13.062, 12.014, 8.28, 0.0, 9.572, 15.847, 17.9, 17.928, 19.504, 21.641, 22.539, 23.835, 25.617, 26.44, 27.283, 28.627, 29.386, 29.716, 30.199, 30.839, 31.546, 32.659, 34.277, 35.74, 36.067, 35.536, 35.571, 36.355, 36.81, 36.052, 34.559, 34.198, 33.652, 32.928, 33.754, 34.323, 34.225, 34.672, 35.417, 35.606, 35.733, 35.799, 35.554, 35.361, 34.694, 34.045, 34.123, 34.809, 35.421, 35.671, 35.67, 35.4, 34.987, 35.237, 35.652, 35.555, 35.664, 35.511, 35.123, 34.945, 34.937, 35.261, 35.843, 35.745, 35.788, 35.854, 35.041, 34.739, 35.365, 35.848, 35.526, 34.645, 33.65, 33.08, 32.615, 32.124, 32.125, 32.431, 32.744, 33.153, 33.648, 34.314, 34.493, 34.058, 34.06, 34.157, 34.903, 35.611, 35.899, 36.987, 37.137, 36.113, 35.48, 35.807, 36.381, 36.963, 37.914, 38.578, 38.087, 37.557, 37.956, 38.382, 38.431, 38.557, 38.549, 38.297, 38.348, 38.771, 39.918, 41.843, 41.209, 38.786, 39.113, 39.502, 36.583, 35.612], [36.123, 35.859, 37.599, 40.001, 40.946, 41.035, 40.363, 39.159, 38.442, 37.951, 37.378, 37.416, 37.898, 37.884, 36.913, 35.469, 34.884, 34.711, 33.716, 33.328, 33.817, 33.533, 32.695, 31.962, 30.822, 29.188, 27.838, 26.698, 24.451, 20.895, 18.488, 18.02, 15.926, 9.572, 0.0, 8.42, 12.339, 12.71, 14.267, 16.87, 18.177, 19.75, 21.897, 22.936, 23.911, 25.633, 26.701, 27.154, 27.698, 28.439, 29.356, 30.724, 32.498, 34.088, 34.676, 34.544, 34.869, 35.704, 36.177, 35.57, 34.386, 34.273, 33.81, 33.047, 33.859, 34.436, 34.352, 34.802, 35.519, 35.673, 35.787, 35.846, 35.587, 35.407, 34.772, 34.098, 34.102, 34.747, 35.346, 35.564, 35.555, 35.328, 34.9, 35.081, 35.488, 35.374, 35.428, 35.274, 34.839, 34.668, 34.717, 35.056, 35.656, 35.594, 35.65, 35.695, 34.836, 34.448, 35.003, 35.478, 35.194, 34.387, 33.459, 32.89, 32.449, 32.15, 32.471, 32.927, 33.214, 33.581, 34.061, 34.724, 34.861, 34.319,