[[0.0, 5.513, 10.7, 14.186, 16.731, 18.724, 20.818, 22.825, 24.082, 24.101, 24.296, 26.005, 27.477, 27.784, 27.83, 28.195, 28.787, 29.308, 29.983, 30.669, 30.822, 31.441, 32.976, 34.604, 35.471, 35.591, 35.742, 36.191, 36.651, 37.156, 37.118, 35.768, 33.918, 33.018, 33.112, 33.475, 33.133, 32.52, 32.23, 31.907, 31.565, 31.621, 31.884, 32.368, 32.886, 33.911, 35.319, 36.368, 36.522, 36.0, 36.03, 36.508, 36.501, 36.094, 36.144, 36.464, 37.089, 38.18, 38.803, 39.224, 40.067, 40.545, 39.763, 38.821, 38.967, 39.658, 39.469, 38.04, 37.618, 38.848, 40.089, 40.437, 40.38, 40.51, 40.896, 40.853, 39.533, 37.786, 37.093, 37.109, 36.868, 36.395, 36.011, 35.648, 36.118, 37.37, 38.235, 38.344, 38.556, 39.273, 39.913, 40.536, 41.195, 41.262, 40.704, 40.686, 40.76, 40.288, 39.835, 39.334, 39.214, 39.218, 38.517, 37.911, 37.539, 37.268, 36.802, 35.998, 35.969, 36.001, 35.022, 34.384, 35.128, 35.419, 35.15, 35.949, 37.003, 37.628, 37.326, 36.148, 35.032, 35.368, 36.475, 37.512, 38.371, 38.783, 39.005, 39.375, 39.013, 38.188, 37.873, 37.861, 37.643, 37.504, 37.954, 38.464, 38.705, 39.113, 39.406, 39.063, 38.445, 37.861, 37.22, 36.996, 37.249, 36.814, 35.927, 35.33, 35.039, 34.847, 34.73, 34.846, 35.041, 34.976, 35.123, 35.497, 35.241, 34.525, 33.9, 33.712, 33.802, 33.968, 34.208, 34.822, 35.661, 36.05, 36.393, 36.91, 37.84, 38.976, 39.561, 39.367, 38.228, 37.496, 37.952, 39.132, 40.287, 41.297, 42.359, 43.408, 43.673, 43.109, 42.93, 43.338, 43.404, 42.779, 42.605, 43.281, 43.227, 42.487, 42.136, 42.08, 42.655, 44.724, 46.369, 44.7, 41.634, 40.516, 41.206, 41.708, 41.533, 40.922, 39.655, 39.076, 38.597, 7.699], [5.513, 0.0, 6.649, 11.394, 14.574, 16.783, 19.036, 21.178, 22.47, 22.521, 23.009, 25.202, 26.976, 27.335, 27.348, 27.695, 28.258, 28.735, 29.404, 30.129, 30.323, 31.032, 32.723, 34.481, 35.393, 35.499, 35.672, 36.217, 36.787, 37.339, 37.314, 35.903, 33.891, 32.866, 32.968, 33.376, 32.928, 32.135, 31.772, 31.414, 31.036, 31.124, 31.482, 32.065, 32.624, 33.671, 35.102, 36.154, 36.304, 35.773, 35.797, 36.299, 36.314, 35.88, 35.917, 36.253, 36.896, 38.023, 38.674, 39.116, 39.985, 40.48, 39.683, 38.679, 38.795, 39.521, 39.358, 37.899, 37.452, 38.71, 39.975, 40.323, 40.264, 40.392, 40.771, 40.702, 39.305, 37.435, 36.638, 36.616, 36.383, 35.913, 35.517, 35.144, 35.644, 36.956, 37.863, 37.987, 38.232, 39.0, 39.676, 40.329, 41.015, 41.084, 40.499, 40.467, 40.52, 40.012, 39.548, 39.05, 38.955, 38.977, 38.25, 37.597, 37.189, 36.899, 36.41, 35.606, 35.636, 35.676, 34.665, 34.058, 34.885, 35.202, 34.909, 35.689, 36.738, 37.362, 37.084, 35.914, 34.741, 35.037, 36.155, 37.196, 38.048, 38.458, 38.692, 39.079, 38.71, 37.863, 37.543, 37.527, 37.281, 37.105, 37.554, 38.092, 38.356, 38.795, 39.114, 38.768, 38.125, 37.504, 36.823, 36.588, 36.86, 36.381, 35.437, 34.81, 34.5, 34.31, 34.215, 34.353, 34.562, 34.514, 34.685, 35.084, 34.827, 34.107, 33.482, 33.301, 33.42, 33.65, 33.959, 34.665, 35.582, 36.001, 36.366, 36.899, 37.847, 38.998, 39.523, 39.223, 37.988, 37.202, 37.638, 38.817, 39.989, 41.03, 42.136, 43.233, 43.523, 42.935, 42.7, 43.066, 43.117, 42.476, 42.307, 42.996, 42.931, 42.164, 41.794, 41.728, 42.29, 44.347, 46.009, 44.36, 41.278, 40.16, 40.885, 41.407, 41.229, 40.615, 39.338, 38.754, 38.259, 10.611], [10.7, 6.649, 0.0, 6.218, 11.026, 14.102, 16.834, 19.259, 20.65, 20.744, 21.506, 24.127, 26.156, 26.58, 26.595, 26.951, 27.519, 27.982, 28.676, 29.476, 29.745, 30.545, 32.363, 34.241, 35.237, 35.387, 35.576, 36.189, 36.886, 37.507, 37.482, 36.014, 33.906, 32.811, 32.898, 33.297, 32.787, 31.912, 31.517, 31.128, 30.714, 30.799, 31.193, 31.866, 32.525, 33.624, 35.08, 36.137, 36.283, 35.738, 35.745, 36.253, 36.306, 35.892, 35.91, 36.213, 36.833, 37.961, 38.62, 39.067, 39.939, 40.434, 39.634, 38.601, 38.668, 39.378, 39.227, 37.761, 37.314, 38.609, 39.9, 40.25, 40.191, 40.316, 40.695, 40.631, 39.21, 37.272, 36.401, 36.355, 36.133, 35.684, 35.315, 34.978, 35.53, 36.906, 37.856, 37.999, 38.251, 39.023, 39.719, 40.387, 41.071, 41.121, 40.515, 40.49, 40.549, 40.039, 39.578, 39.081, 38.984, 39.011, 38.295, 37.639, 37.207, 36.889, 36.384, 35.578, 35.623, 35.657, 34.621, 34.015, 34.87, 35.198, 34.897, 35.661, 36.691, 37.316, 37.054, 35.867, 34.658, 34.938, 36.071, 37.122, 37.975, 38.395, 38.648, 39.032, 38.637, 37.78, 37.48, 37.482, 37.228, 37.043, 37.495, 38.039, 38.308, 38.742, 39.054, 38.718, 38.08, 37.431, 36.713, 36.463, 36.728, 36.205, 35.206, 34.548, 34.215, 34.0, 33.911, 34.076, 34.303, 34.262, 34.441, 34.854, 34.576, 33.809, 33.162, 32.999, 33.152, 33.421, 33.779, 34.576, 35.589, 36.061, 36.452, 37.002, 37.967, 39.142, 39.669, 39.364, 38.107, 37.279, 37.682, 38.859, 40.046, 41.105, 42.223, 43.33, 43.636, 43.048, 42.791, 43.133, 43.175, 42.531, 42.359, 43.053, 42.988, 42.192, 41.785, 41.696, 42.245, 44.301, 45.989, 44.388, 41.298, 40.142, 40.883, 41.44, 41.271, 40.658, 39.382, 38.793, 38.29, 13.681], [14.186, 11.394, 6.218, 0.0, 6.13, 10.823, 14.802, 17.724, 19.172, 19.371, 20.649, 23.756, 25.95, 26.396, 26.409, 26.774, 27.352, 27.812, 28.527, 29.389, 29.72, 30.555, 32.394, 34.297, 35.334, 35.535, 35.743, 36.38, 37.127, 37.773, 37.756, 36.284, 34.155, 33.034, 33.102, 33.488, 32.967, 32.053, 31.626, 31.258, 30.87, 30.976, 31.393, 32.124, 32.818, 33.858, 35.247, 36.269, 36.399, 35.86, 35.868, 36.38, 36.458, 36.06, 36.068, 36.357, 36.965, 38.081, 38.753, 39.218, 40.081, 40.554, 39.753, 38.728, 38.779, 39.486, 39.366, 37.922, 37.446, 38.698, 39.962, 40.311, 40.254, 40.364, 40.737, 40.686, 39.276, 37.314, 36.402, 36.348, 36.142, 35.705, 35.364, 35.069, 35.629, 36.997, 37.956, 38.126, 38.39, 39.147, 39.846, 40.534, 41.221, 41.254, 40.644, 40.629, 40.701, 40.208, 39.763, 39.268, 39.141, 39.156, 38.481, 37.856, 37.424, 37.092, 36.609, 35.85, 35.893, 35.903, 34.894, 34.33, 35.155, 35.463, 35.185, 35.942, 36.916, 37.487, 37.189, 35.969, 34.763, 35.057, 36.187, 37.223, 38.057, 38.468, 38.718, 39.081, 38.672, 37.833, 37.561, 37.576, 37.326, 37.141, 37.587, 38.124, 38.386, 38.801, 39.091, 38.752, 38.114, 37.462, 36.744, 36.492, 36.738, 36.191, 35.186, 34.542, 34.211, 33.979, 33.893, 34.072, 34.306, 34.269, 34.452, 34.858, 34.558, 33.771, 33.126, 32.988, 33.159, 33.45, 33.817, 34.6, 35.606, 36.082, 36.474, 37.014, 37.959, 39.134, 39.668, 39.376, 38.152, 37.354, 37.754, 38.912, 40.084, 41.133, 42.24, 43.341, 43.664, 43.102, 42.858, 43.193, 43.227, 42.582, 42.406, 43.102, 43.042, 42.242, 41.82, 41.716, 42.251, 44.302, 46.002, 44.418, 41.332, 40.163, 40.892, 41.454, 41.293, 40.702, 39.466, 38.898, 38.417, 16.753], [16.731, 14.574, 11.026, 6.13, 0.0, 6.631, 12.787, 16.754, 18.29, 18.448, 20.291, 23.922, 26.26, 26.715, 26.735, 27.135, 27.741, 28.18, 28.853, 29.734, 30.114, 30.942, 32.743, 34.617, 35.638, 35.847, 36.075, 36.714, 37.428, 38.063, 38.087, 36.661, 34.568, 33.461, 33.5, 33.876, 33.387, 32.478, 32.034, 31.707, 31.373, 31.494, 31.895, 32.615, 33.296, 34.229, 35.483, 36.431, 36.533, 36.003, 36.021, 36.544, 36.647, 36.261, 36.26, 36.55, 37.161, 38.276, 38.967, 39.455, 40.31, 40.762, 39.966, 38.964, 39.02, 39.745, 39.677, 38.302, 37.817, 38.99, 40.191, 40.531, 40.487, 40.596, 40.966, 40.924, 39.549, 37.605, 36.666, 36.599, 36.42, 36.013, 35.697, 35.427, 35.952, 37.26, 38.207, 38.408, 38.674, 39.397, 40.074, 40.757, 41.433, 41.456, 40.853, 40.841, 40.917, 40.441, 40.015, 39.53, 39.366, 39.352, 38.72, 38.133, 37.706, 37.37, 36.914, 36.192, 36.209, 36.199, 35.261, 34.752, 35.519, 35.791, 35.527, 36.258, 37.157, 37.646, 37.284, 36.046, 34.897, 35.244, 36.355, 37.352, 38.148, 38.529, 38.758, 39.105, 38.714, 37.916, 37.667, 37.684, 37.449, 37.285, 37.727, 38.258, 38.522, 38.934, 39.206, 38.851, 38.21, 37.588, 36.921, 36.694, 36.928, 36.386, 35.414, 34.795, 34.477, 34.245, 34.166, 34.342, 34.558, 34.535, 34.734, 35.107, 34.769, 33.973, 33.343, 33.223, 33.392, 33.686, 34.018, 34.711, 35.646, 36.098, 36.465, 36.957, 37.83, 38.971, 39.528, 39.267, 38.111, 37.392, 37.813, 38.955, 40.102, 41.128, 42.201, 43.273, 43.611, 43.088, 42.854, 43.17, 43.187, 42.534, 42.344, 43.02, 42.966, 42.192, 41.782, 41.673, 42.187, 44.2, 45.87, 44.283, 41.242, 40.105, 40.807, 41.346, 41.173, 40.589, 39.399, 38.863, 38.43, 19.294], [18.724, 16.783, 14.102, 10.823, 6.631, 0.0, 7.953, 13.633, 15.807, 15.871, 18.22, 22.624, 25.299, 25.8, 25.829, 26.31, 26.997, 27.435, 28.092, 29.028, 29.47, 30.356, 32.273, 34.24, 35.292, 35.534, 35.82, 36.494, 37.222, 37.897, 37.939, 36.447, 34.314, 33.241, 33.314, 33.712, 33.207, 32.246, 31.766, 31.449, 31.135, 31.262, 31.635, 32.322, 33.043, 34.032, 35.303, 36.25, 36.328, 35.738, 35.749, 36.317, 36.431, 36.002, 35.979, 36.294, 36.933, 38.096, 38.818, 39.318, 40.187, 40.659, 39.868, 38.854, 38.921, 39.672, 39.604, 38.213, 37.74, 38.931, 40.129, 40.472, 40.458, 40.594, 40.978, 40.928, 39.529, 37.559, 36.586, 36.508, 36.345, 35.957, 35.646, 35.369, 35.879, 37.188, 38.153, 38.358, 38.619, 39.346, 40.029, 40.717, 41.398, 41.423, 40.834, 40.846, 40.917, 40.421, 39.991, 39.496, 39.309, 39.29, 38.658, 38.054, 37.597, 37.253, 36.791, 36.05, 36.074, 36.079, 35.133, 34.571, 35.273, 35.511, 35.232, 35.959, 36.852, 37.351, 36.984, 35.711, 34.532, 34.904, 36.053, 37.087, 37.908, 38.292, 38.513, 38.864, 38.482, 37.695, 37.453, 37.462, 37.215, 37.068, 37.545, 38.102, 38.382, 38.808, 39.083, 38.727, 38.093, 37.483, 36.799, 36.542, 36.77, 36.246, 35.3, 34.685, 34.355, 34.107, 34.016, 34.171, 34.392, 34.416, 34.636, 34.988, 34.617, 33.802, 33.162, 33.031, 33.201, 33.483, 33.774, 34.452, 35.412, 35.899, 36.283, 36.767, 37.641, 38.814, 39.401, 39.134, 37.966, 37.246, 37.67, 38.825, 39.988, 41.019, 42.084, 43.141, 43.481, 42.964, 42.713, 43.015, 43.027, 42.342, 42.122, 42.781, 42.713, 41.925, 41.501, 41.385, 41.911, 43.96, 45.652, 44.036, 40.964, 39.831, 40.543, 41.076, 40.916, 40.33, 39.097, 38.537, 38.104, 21.11], [20.818, 19.036, 16.834, 14.802, 12.787, 7.953, 0.0, 7.305, 10.874, 11.405, 14.415, 19.775, 22.96, 23.533, 23.579, 24.174, 24.951, 25.415, 26.133, 27.169, 27.712, 28.817, 31.037, 33.199, 34.329, 34.615, 34.943, 35.707, 36.564, 37.303, 37.328, 35.829, 33.695, 32.671, 32.851, 33.297, 32.698, 31.574, 31.016, 30.67, 30.332, 30.475, 30.891, 31.59, 32.323, 33.375, 34.721, 35.71, 35.798, 35.171, 35.189, 35.818, 35.93, 35.431, 35.403, 35.773, 36.459, 37.695, 38.461, 38.974, 39.875, 40.395, 39.611, 38.567, 38.669, 39.473, 39.367, 37.865, 37.346, 38.59, 39.836, 40.194, 40.167, 40.304, 40.71, 40.659, 39.187, 37.099, 36.073, 36.0, 35.818, 35.388, 35.041, 34.734, 35.253, 36.614, 37.609, 37.801, 38.086, 38.879, 39.619, 40.361, 41.067, 41.086, 40.514, 40.581, 40.65, 40.11, 39.655, 39.137, 38.962, 38.975, 38.297, 37.608, 37.081, 36.723, 36.237, 35.442, 35.528, 35.595, 34.597, 34.0, 34.765, 35.024, 34.727, 35.483, 36.421, 36.977, 36.681, 35.424, 34.122, 34.393, 35.555, 36.645, 37.506, 37.918, 38.176, 38.558, 38.171, 37.361, 37.116, 37.119, 36.829, 36.629, 37.118, 37.713, 37.988, 38.395, 38.68, 38.347, 37.722, 37.07, 36.282, 35.94, 36.146, 35.592, 34.662, 34.071, 33.731, 33.471, 33.375, 33.526, 33.783, 33.857, 34.101, 34.485, 34.159, 33.395, 32.773, 32.617, 32.801, 33.123, 33.463, 34.23, 35.275, 35.817, 36.251, 36.792, 37.747, 38.993, 39.537, 39.136, 37.814, 36.99, 37.368, 38.505, 39.664, 40.711, 41.816, 42.922, 43.275, 42.715, 42.41, 42.718, 42.761, 42.084, 41.889, 42.576, 42.485, 41.652, 41.213, 41.106, 41.656, 43.775, 45.538, 43.89, 40.711, 39.533, 40.259, 40.816, 40.709, 40.165, 38.875, 38.266, 37.759, 22.907], [22.825, 21.178, 19.259, 17.724, 16.754, 13.633, 7.305, 0.0, 5.009, 7.585, 12.102, 17.91, 21.29, 21.91, 21.999, 22.687, 23.516, 24.011, 24.809, 25.937, 26.601, 27.964, 30.432, 32.685, 33.851, 34.15, 34.466, 35.284, 36.273, 37.061, 37.068, 35.623, 33.552, 32.578, 32.855, 33.341, 32.622, 31.346, 30.755, 30.407, 30.057, 30.2, 30.642, 31.366, 32.108, 33.187, 34.569, 35.567, 35.679, 35.088, 35.128, 35.778, 35.895, 35.38, 35.364, 35.76, 36.451, 37.702, 38.487, 39.002, 39.901, 40.435, 39.671, 38.608, 38.68, 39.471, 39.335, 37.759, 37.161, 38.384, 39.63, 39.994, 39.97, 40.112, 40.537, 40.502, 38.993, 36.82, 35.749, 35.667, 35.454, 34.965, 34.568, 34.23, 34.75, 36.134, 37.148, 37.352, 37.68, 38.52, 39.288, 40.076, 40.801, 40.807, 40.237, 40.332, 40.403, 39.843, 39.379, 38.851, 38.718, 38.78, 38.057, 37.303, 36.765, 36.427, 35.947, 35.193, 35.398, 35.503, 34.478, 33.926, 34.773, 35.043, 34.73, 35.466, 36.382, 36.945, 36.733, 35.558, 34.176, 34.31, 35.412, 36.479, 37.322, 37.737, 38.034, 38.455, 38.07, 37.239, 36.987, 36.995, 36.667, 36.372, 36.811, 37.413, 37.673, 38.058, 38.359, 38.062, 37.45, 36.752, 35.879, 35.482, 35.679, 35.083, 34.14, 33.582, 33.272, 33.048, 32.986, 33.165, 33.457, 33.55, 33.817, 34.244, 33.959, 33.233, 32.643, 32.505, 32.697, 33.065, 33.512, 34.403, 35.525, 36.095, 36.574, 37.168, 38.169, 39.443, 39.927, 39.403, 37.94, 37.033, 37.371, 38.454, 39.557, 40.595, 41.742, 42.899, 43.247, 42.625, 42.253, 42.546, 42.6, 41.953, 41.817, 42.534, 42.422, 41.565, 41.136, 41.043, 41.589, 43.709, 45.494, 43.834, 40.611, 39.424, 40.173, 40.748, 40.659, 40.148, 38.857, 38.227, 37.656, 24.685], [24.082, 22.47, 20.65, 19.172, 18.29, 15.807, 10.874, 5.009, 0.0, 5.027, 11.62, 17.789, 21.086, 21.668, 21.78, 22.503, 23.356, 23.853, 24.65, 25.809, 26.571, 28.086, 30.644, 32.882, 34.031, 34.334, 34.641, 35.457, 36.477, 37.294, 37.341, 35.939, 33.861, 32.877, 33.211, 33.751, 32.994, 31.639, 31.035, 30.7, 30.353, 30.5, 30.968, 31.722, 32.48, 33.557, 34.916, 35.884, 35.99, 35.417, 35.463, 36.106, 36.225, 35.718, 35.708, 36.109, 36.781, 38.002, 38.781, 39.29, 40.163, 40.672, 39.918, 38.852, 38.877, 39.638, 39.507, 37.933, 37.313, 38.511, 39.734, 40.095, 40.086, 40.237, 40.668, 40.644, 39.148, 36.957, 35.845, 35.738, 35.522, 35.019, 34.598, 34.261, 34.782, 36.158, 37.17, 37.391, 37.735, 38.564, 39.312, 40.092, 40.818, 40.823, 40.252, 40.35, 40.423, 39.864, 39.413, 38.909, 38.804, 38.876, 38.142, 37.38, 36.853, 36.526, 36.057, 35.364, 35.623, 35.711, 34.697, 34.212, 35.102, 35.381, 35.056, 35.738, 36.585, 37.105, 36.918, 35.812, 34.435, 34.504, 35.542, 36.568, 37.383, 37.782, 38.077, 38.504, 38.129, 37.301, 37.049, 37.065, 36.736, 36.414, 36.824, 37.418, 37.674, 38.058, 38.373, 38.092, 37.485, 36.782, 35.908, 35.502, 35.692, 35.071, 34.114, 33.568, 33.283, 33.087, 33.052, 33.255, 33.56, 33.655, 33.929, 34.362, 34.074, 33.342, 32.746, 32.604, 32.797, 33.192, 33.672, 34.604, 35.76, 36.341, 36.832, 37.438, 38.422, 39.673, 40.133, 39.586, 38.104, 37.189, 37.508, 38.548, 39.612, 40.634, 41.788, 42.95, 43.291, 42.656, 42.272, 42.554, 42.605, 41.973, 41.86, 42.58, 42.462, 41.611, 41.191, 41.097, 41.615, 43.694, 45.48, 43.856, 40.668, 39.508, 40.281, 40.86, 40.764, 40.263, 38.998, 38.377, 37.794, 25.84], [24.101, 22.521, 20.744, 19.371, 18.448, 15.871, 11.405, 7.585, 5.027, 0.0, 8.138, 15.548, 19.336, 19.999, 20.158, 21.0, 21.971, 22.552, 23.426, 24.688, 25.548, 27.147, 29.823, 32.166, 33.365, 33.729, 34.101, 34.937, 35.972, 36.823, 36.935, 35.636, 33.648, 32.692, 33.026, 33.607, 32.952, 31.668, 31.098, 30.758, 30.395, 30.526, 30.998, 31.769, 32.541, 33.61, 34.954, 35.917, 36.012, 35.428, 35.468, 36.09, 36.192, 35.698, 35.698, 36.098, 36.779, 37.993, 38.753, 39.241, 40.098, 40.601, 39.85, 38.799, 38.826, 39.586, 39.46, 37.893, 37.284, 38.5, 39.73, 40.072, 40.035, 40.174, 40.592, 40.565, 39.088, 36.927, 35.823, 35.721, 35.52, 35.047, 34.651, 34.323, 34.844, 36.225, 37.235, 37.438, 37.742, 38.528, 39.246, 39.994, 40.713, 40.742, 40.192, 40.284, 40.344, 39.779, 39.322, 38.805, 38.672, 38.734, 38.03, 37.291, 36.747, 36.389, 35.899, 35.173, 35.375, 35.458, 34.485, 34.04, 34.963, 35.257, 34.936, 35.624, 36.463, 36.955, 36.76, 35.686, 34.351, 34.424, 35.449, 36.474, 37.3, 37.705, 37.995, 38.417, 38.049, 37.23, 36.985, 37.01, 36.712, 36.454, 36.908, 37.505, 37.756, 38.141, 38.453, 38.176, 37.573, 36.866, 36.008, 35.618, 35.811, 35.198, 34.229, 33.66, 33.364, 33.161, 33.122, 33.326, 33.622, 33.708, 33.972, 34.393, 34.09, 33.337, 32.732, 32.587, 32.77, 33.132, 33.57, 34.473, 35.605, 36.157, 36.622, 37.226, 38.205, 39.439, 39.929, 39.434, 37.999, 37.123, 37.469, 38.529, 39.599, 40.608, 41.739, 42.886, 43.225, 42.599, 42.229, 42.517, 42.557, 41.918, 41.809, 42.537, 42.43, 41.595, 41.186, 41.095, 41.617, 43.71, 45.5, 43.889, 40.7, 39.517, 40.289, 40.871, 40.774, 40.274, 39.012, 38.41, 37.847, 25.703], [24.296, 23.009, 21.506, 20.649, 20.291, 18.22, 14.415, 12.102, 11.62, 8.138, 0.0, 8.7, 13.708, 14.936, 15.444, 16.745, 18.159, 19.125, 20.406, 21.98, 22.911, 24.468, 27.259, 29.822, 31.134, 31.593, 32.089, 33.002, 34.094, 34.969, 35.121, 34.1, 32.611, 31.948, 32.241, 32.856, 32.554, 31.66, 31.258, 30.9, 30.502, 30.55, 30.891, 31.58, 32.366, 33.443, 34.812, 35.807, 35.93, 35.37, 35.421, 36.018, 36.075, 35.601, 35.633, 36.022, 36.697, 37.898, 38.606, 39.034, 39.87, 40.395, 39.692, 38.72, 38.77, 39.467, 39.287, 37.717, 37.105, 38.298, 39.511, 39.821, 39.735, 39.829, 40.217, 40.183, 38.747, 36.721, 35.792, 35.775, 35.575, 35.141, 34.803, 34.474, 34.944, 36.253, 37.179, 37.314, 37.527, 38.224, 38.903, 39.625, 40.328, 40.392, 39.906, 40.015, 40.077, 39.544, 39.085, 38.533, 38.383, 38.486, 37.821, 37.095, 36.559, 36.208, 35.727, 34.933, 34.983, 35.088, 34.219, 33.782, 34.649, 34.934, 34.659, 35.437, 36.372, 36.893, 36.677, 35.631, 34.388, 34.5, 35.515, 36.542, 37.381, 37.815, 38.145, 38.582, 38.23, 37.425, 37.189, 37.243, 37.002, 36.808, 37.273, 37.84, 38.079, 38.442, 38.725, 38.447, 37.853, 37.121, 36.261, 35.904, 36.103, 35.541, 34.613, 34.036, 33.722, 33.506, 33.454, 33.642, 33.92, 33.979, 34.216, 34.632, 34.349, 33.615, 33.037, 32.898, 33.03, 33.276, 33.619, 34.444, 35.477, 35.951, 36.378, 36.992, 37.987, 39.203, 39.738, 39.341, 38.007, 37.218, 37.639, 38.756, 39.836, 40.805, 41.879, 42.985, 43.318, 42.732, 42.426, 42.752, 42.79, 42.171, 42.071, 42.808, 42.73, 41.934, 41.55, 41.475, 42.015, 44.109, 45.829, 44.168, 40.944, 39.679, 40.366, 40.949, 40.888, 40.406, 39.172, 38.618, 38.09, 25.341], [26.005, 25.202, 24.127, 23.756, 23.922, 22.624, 19.775, 17.91, 17.789, 15.548, 8.7, 0.0, 6.17, 8.734, 10.382, 12.559, 14.714, 16.32, 18.154, 20.087, 21.072, 22.441, 25.151, 27.785, 29.107, 29.573, 30.168, 31.16, 32.287, 33.126, 33.269, 32.634, 31.947, 31.813, 32.063, 32.658, 32.846, 32.589, 32.481, 32.157, 31.759, 31.718, 31.865, 32.391, 33.128, 34.148, 35.469, 36.44, 36.582, 36.097, 36.199, 36.787, 36.82, 36.38, 36.458, 36.837, 37.439, 38.542, 39.168, 39.521, 40.289, 40.801, 40.181, 39.338, 39.397, 39.981, 39.732, 38.219, 37.613, 38.679, 39.786, 40.061, 39.961, 40.016, 40.365, 40.335, 38.99, 37.177, 36.495, 36.586, 36.384, 35.979, 35.682, 35.343, 35.715, 36.857, 37.643, 37.713, 37.832, 38.397, 39.015, 39.704, 40.361, 40.44, 40.039, 40.194, 40.293, 39.845, 39.43, 38.907, 38.808, 38.975, 38.348, 37.65, 37.186, 36.902, 36.496, 35.732, 35.647, 35.757, 35.04, 34.59, 35.259, 35.483, 35.265, 36.086, 37.066, 37.622, 37.421, 36.478, 35.387, 35.5, 36.431, 37.389, 38.188, 38.618, 38.958, 39.391, 39.077, 38.333, 38.139, 38.244, 38.063, 37.876, 38.267, 38.753, 38.957, 39.275, 39.523, 39.249, 38.676, 37.984, 37.211, 36.922, 37.113, 36.623, 35.767, 35.192, 34.873, 34.662, 34.608, 34.783, 35.056, 35.114, 35.324, 35.714, 35.462, 34.777, 34.219, 34.052, 34.088, 34.175, 34.382, 35.06, 35.948, 36.364, 36.774, 37.373, 38.334, 39.48, 40.039, 39.8, 38.651, 37.985, 38.468, 39.606, 40.649, 41.551, 42.549, 43.58, 43.889, 43.373, 43.183, 43.569, 43.62, 43.062, 42.968, 43.672, 43.623, 42.894, 42.554, 42.502, 43.039, 45.04, 46.613, 44.921, 41.765, 40.441, 40.96, 41.505, 41.491, 41.044, 39.904, 39.425, 38.939, 26.358], [27.477, 26.976, 26.156, 25.95, 26.26, 25.299, 22.96, 21.29, 21.086, 19.336, 13.708, 6.17, 0.0, 4.004, 7.303, 10.378, 13.07, 15.098, 17.259, 19.408, 20.461, 21.762, 24.422, 27.042, 28.319, 28.741, 29.351, 30.361, 31.471, 32.267, 32.415, 32.025, 31.831, 32.06, 32.323, 32.829, 33.209, 33.355, 33.496, 33.257, 32.891, 32.824, 32.89, 33.329, 34.008, 34.935, 36.169, 37.083, 37.219, 36.787, 36.916, 37.486, 37.51, 37.103, 37.211, 37.579, 38.106, 39.117, 39.69, 39.997, 40.701, 41.175, 40.601, 39.83, 39.881, 40.402, 40.133, 38.693, 38.133, 39.132, 40.166, 40.421, 40.327, 40.382, 40.722, 40.711, 39.458, 37.814, 37.272, 37.414, 37.219, 36.834, 36.557, 36.222, 36.539, 37.581, 38.296, 38.343, 38.412, 38.889, 39.451, 40.098, 40.702, 40.762, 40.381, 40.543, 40.662, 40.265, 39.886, 39.406, 39.34, 39.529, 38.945, 38.306, 37.909, 37.663, 37.3, 36.58, 36.439, 36.544, 35.911, 35.428, 35.95, 36.129, 35.929, 36.716, 37.668, 38.25, 38.099, 37.243, 36.245, 36.35, 37.226, 38.136, 38.9, 39.305, 39.612, 40.016, 39.728, 39.04, 38.882, 39.013, 38.861, 38.672, 39.009, 39.437, 39.614, 39.908, 40.144, 39.874, 39.326, 38.711, 38.045, 37.803, 37.976, 37.525, 36.697, 36.102, 35.777, 35.573, 35.516, 35.68, 35.95, 36.025, 36.226, 36.582, 36.337, 35.687, 35.145, 34.956, 34.942, 34.953, 35.076, 35.632, 36.418, 36.8, 37.186, 37.753, 38.672, 39.755, 40.332, 40.222, 39.209, 38.607, 39.103, 40.231, 41.236, 42.099, 43.059, 44.046, 44.335, 43.865, 43.757, 44.187, 44.252, 43.749, 43.669, 44.341, 44.297, 43.606, 43.291, 43.256, 43.79, 45.722, 47.203, 45.517, 42.451, 41.123, 41.533, 42.036, 42.039, 41.623, 40.563, 40.127, 39.662, 27.494], [27.784, 27.335, 26.58, 26.396, 26.715, 25.8, 23.533, 21.91, 21.668, 19.999, 14.936, 8.734, 4.004, 0.0, 4.212, 8.162, 11.378, 13.668, 16.047, 18.375, 19.51, 20.895, 23.689, 26.403, 27.708, 28.135, 28.77, 29.813, 30.928, 31.724, 31.883, 31.505, 31.36, 31.661, 31.968, 32.465, 32.818, 33.004, 33.239, 33.067, 32.74, 32.705, 32.797, 33.253, 33.924, 34.821, 36.043, 36.956, 37.096, 36.669, 36.793, 37.353, 37.381, 36.996, 37.118, 37.485, 38.008, 39.037, 39.628, 39.937, 40.635, 41.117, 40.545, 39.758, 39.808, 40.343, 40.082, 38.65, 38.117, 39.154, 40.209, 40.473, 40.378, 40.437, 40.795, 40.799, 39.552, 37.913, 37.367, 37.505, 37.301, 36.891, 36.594, 36.257, 36.572, 37.611, 38.343, 38.404, 38.476, 38.947, 39.494, 40.126, 40.717, 40.76, 40.354, 40.498, 40.602, 40.188, 39.802, 39.326, 39.251, 39.428, 38.859, 38.247, 37.864, 37.612, 37.237, 36.504, 36.366, 36.469, 35.833, 35.35, 35.889, 36.081, 35.87, 36.635, 37.581, 38.189, 38.063, 37.214, 36.21, 36.313, 37.198, 38.12, 38.894, 39.295, 39.582, 39.969, 39.68, 38.994, 38.833, 38.954, 38.789, 38.595, 38.94, 39.373, 39.549, 39.849, 40.095, 39.823, 39.27, 38.668, 38.015, 37.777, 37.952, 37.508, 36.678, 36.073, 35.743, 35.543, 35.487, 35.649, 35.924, 36.013, 36.225, 36.585, 36.34, 35.687, 35.147, 34.963, 34.958, 34.982, 35.105, 35.646, 36.436, 36.823, 37.193, 37.742, 38.658, 39.747, 40.326, 40.205, 39.183, 38.566, 39.045, 40.165, 41.17, 42.04, 43.017, 44.016, 44.307, 43.838, 43.73, 44.16, 44.233, 43.752, 43.683, 44.351, 44.299, 43.599, 43.273, 43.233, 43.77, 45.708, 47.19, 45.505, 42.445, 41.127, 41.54, 42.037, 42.044, 41.649, 40.592, 40.15, 39.675, 27.769], [27.83, 27.348, 26.595, 26.409, 26.735, 25.829, 23.579, 21.999, 21.78, 20.158, 15.444, 10.382, 7.303, 4.212, 0.0, 4.712, 8.815, 11.646, 14.284, 16.757, 17.993, 19.527, 22.522, 25.383, 26.74, 27.19, 27.894, 29.015, 30.172, 31.0, 31.167, 30.719, 30.516, 30.843, 31.209, 31.765, 32.12, 32.27, 32.521, 32.393, 32.126, 32.165, 32.319, 32.832, 33.537, 34.453, 35.697, 36.631, 36.779, 36.337, 36.449, 37.001, 37.019, 36.636, 36.771, 37.141, 37.679, 38.752, 39.38, 39.708, 40.431, 40.949, 40.372, 39.555, 39.608, 40.173, 39.92, 38.45, 37.907, 38.992, 40.088, 40.368, 40.269, 40.327, 40.703, 40.714, 39.432, 37.739, 37.172, 37.3, 37.071, 36.617, 36.287, 35.951, 36.279, 37.337, 38.097, 38.182, 38.284, 38.789, 39.351, 39.986, 40.59, 40.628, 40.191, 40.323, 40.415, 39.97, 39.567, 39.082, 38.999, 39.179, 38.618, 38.014, 37.626, 37.355, 36.946, 36.192, 36.077, 36.18, 35.512, 35.032, 35.605, 35.803, 35.593, 36.378, 37.343, 37.971, 37.849, 36.978, 35.95, 36.063, 36.967, 37.903, 38.695, 39.115, 39.405, 39.788, 39.487, 38.776, 38.589, 38.691, 38.512, 38.313, 38.68, 39.138, 39.312, 39.607, 39.863, 39.594, 39.026, 38.397, 37.705, 37.461, 37.656, 37.205, 36.362, 35.756, 35.429, 35.242, 35.196, 35.361, 35.648, 35.748, 35.963, 36.34, 36.103, 35.439, 34.888, 34.702, 34.711, 34.757, 34.903, 35.482, 36.327, 36.747, 37.123, 37.668, 38.583, 39.69, 40.27, 40.119, 39.055, 38.404, 38.868, 39.992, 41.008, 41.897, 42.905, 43.932, 44.234, 43.754, 43.614, 44.021, 44.087, 43.599, 43.523, 44.19, 44.136, 43.421, 43.076, 43.019, 43.555, 45.518, 47.036, 45.355, 42.262, 40.94, 41.382, 41.891, 41.898, 41.505, 40.421, 39.96, 39.472, 27.867], [28.195, 27.695, 26.951, 26.774, 27.135, 26.31, 24.174, 22.687, 22.503, 21.0, 16.745, 12.559, 10.378, 8.162, 4.712, 0.0, 4.933, 8.815, 12.101, 14.729, 16.034, 17.78, 21.015, 24.036, 25.441, 25.888, 26.647, 27.853, 29.077, 29.945, 30.117, 29.626, 29.426, 29.833, 30.283, 30.909, 31.314, 31.496, 31.778, 31.683, 31.491, 31.625, 31.87, 32.465, 33.216, 34.162, 35.421, 36.354, 36.497, 36.048, 36.147, 36.675, 36.662, 36.268, 36.417, 36.791, 37.326, 38.405, 39.033, 39.367, 40.11, 40.658, 40.079, 39.252, 39.318, 39.899, 39.641, 38.134, 37.581, 38.704, 39.828, 40.125, 40.021, 40.078, 40.467, 40.48, 39.172, 37.446, 36.887, 37.024, 36.766, 36.274, 35.94, 35.621, 35.967, 37.052, 37.844, 37.949, 38.071, 38.609, 39.194, 39.829, 40.445, 40.482, 40.015, 40.132, 40.224, 39.767, 39.356, 38.873, 38.8, 39.003, 38.455, 37.854, 37.462, 37.173, 36.739, 35.974, 35.878, 35.977, 35.269, 34.753, 35.312, 35.506, 35.312, 36.128, 37.127, 37.789, 37.693, 36.824, 35.778, 35.88, 36.778, 37.707, 38.508, 38.943, 39.237, 39.618, 39.3, 38.555, 38.339, 38.429, 38.246, 38.041, 38.417, 38.889, 39.054, 39.335, 39.596, 39.341, 38.784, 38.133, 37.403, 37.155, 37.373, 36.915, 36.048, 35.439, 35.125, 34.956, 34.919, 35.089, 35.387, 35.495, 35.708, 36.097, 35.885, 35.237, 34.695, 34.516, 34.538, 34.594, 34.766, 35.401, 36.305, 36.755, 37.132, 37.672, 38.588, 39.701, 40.278, 40.11, 39.017, 38.337, 38.791, 39.92, 40.941, 41.845, 42.883, 43.936, 44.233, 43.723, 43.553, 43.938, 43.977, 43.458, 43.362, 44.025, 43.969, 43.246, 42.895, 42.834, 43.381, 45.387, 46.945, 45.259, 42.12, 40.785, 41.254, 41.774, 41.766, 41.362, 40.271, 39.803, 39.299, 28.248], [28.787, 28.258, 27.519, 27.352, 27.741, 26.997, 24.951, 23.516, 23.356, 21.971, 18.159, 14.714, 13.07, 11.378, 8.815, 4.933, 0.0, 4.952, 9.467, 12.599, 13.897, 15.778, 19.29, 22.516, 24.012, 24.469, 25.243, 26.513, 27.822, 28.755, 28.93, 28.398, 28.224, 28.719, 29.237, 29.902, 30.326, 30.559, 30.905, 30.841, 30.692, 30.915, 31.315, 32.072, 32.88, 33.818, 35.075, 35.999, 36.13, 35.673, 35.758, 36.262, 36.231, 35.834, 35.996, 36.39, 36.948, 38.044, 38.669, 38.999, 39.762, 40.342, 39.758, 38.912, 38.991, 39.602, 39.354, 37.832, 37.275, 38.419, 39.575, 39.896, 39.79, 39.844, 40.242, 40.25, 38.908, 37.122, 36.534, 36.671, 36.384, 35.849, 35.513, 35.212, 35.578, 36.704, 37.542, 37.661, 37.785, 38.34, 38.929, 39.559, 40.186, 40.219, 39.717, 39.815, 39.902, 39.425, 39.007, 38.524, 38.448, 38.651, 38.099, 37.502, 37.098, 36.792, 36.343, 35.56, 35.474, 35.573, 34.837, 34.322, 34.93, 35.157, 34.971, 35.806, 36.834, 37.532, 37.478, 36.618, 35.512, 35.544, 36.412, 37.335, 38.145, 38.578, 38.863, 39.247, 38.918, 38.147, 37.916, 38.005, 37.814, 37.601, 37.989, 38.47, 38.635, 38.925, 39.191, 38.941, 38.394, 37.734, 37.0, 36.776, 37.03, 36.566, 35.68, 35.069, 34.765, 34.607, 34.574, 34.755, 35.076, 35.189, 35.388, 35.787, 35.605, 34.988, 34.481, 34.333, 34.374, 34.457, 34.684, 35.401, 36.358, 36.821, 37.184, 37.706, 38.63, 39.757, 40.311, 40.071, 38.902, 38.18, 38.617, 39.739, 40.766, 41.688, 42.756, 43.837, 44.126, 43.571, 43.347, 43.693, 43.702, 43.15, 43.045, 43.713, 43.644, 42.902, 42.544, 42.479, 43.043, 45.115, 46.736, 45.046, 41.85, 40.503, 41.033, 41.582, 41.546, 41.131, 40.065, 39.611, 39.094, 28.834], [29.308, 28.735, 27.982, 27.812, 28.18, 27.435, 25.415, 24.011, 23.853, 22.552, 19.125, 16.32, 15.098, 13.668, 11.646, 8.815, 4.952, 0.0, 5.566, 9.781, 11.489, 13.5, 17.27, 20.768, 22.413, 22.939, 23.755, 25.073, 26.464, 27.534, 27.799, 27.323, 27.271, 27.874, 28.406, 29.038, 29.423, 29.679, 30.106, 30.082, 29.943, 30.233, 30.82, 31.814, 32.71, 33.58, 34.779, 35.683, 35.799, 35.322, 35.396, 35.916, 35.921, 35.549, 35.726, 36.146, 36.772, 37.936, 38.585, 38.91, 39.685, 40.294, 39.7, 38.808, 38.885, 39.544, 39.335, 37.813, 37.215, 38.333, 39.51, 39.859, 39.755, 39.813, 40.228, 40.234, 38.855, 36.976, 36.281, 36.37, 36.054, 35.479, 35.125, 34.811, 35.17, 36.317, 37.191, 37.319, 37.444, 38.011, 38.592, 39.213, 39.855, 39.881, 39.351, 39.443, 39.529, 39.033, 38.604, 38.112, 38.02, 38.199, 37.639, 37.05, 36.628, 36.303, 35.842, 35.017, 34.907, 35.005, 34.295, 33.887, 34.656, 34.961, 34.771, 35.609, 36.632, 37.306, 37.261, 36.394, 35.217, 35.177, 36.011, 36.92, 37.721, 38.14, 38.424, 38.827, 38.494, 37.708, 37.481, 37.578, 37.378, 37.161, 37.566, 38.068, 38.243, 38.548, 38.817, 38.558, 37.985, 37.287, 36.556, 36.364, 36.653, 36.188, 35.302, 34.707, 34.416, 34.269, 34.238, 34.433, 34.785, 34.902, 35.079, 35.473, 35.298, 34.696, 34.213, 34.085, 34.143, 34.278, 34.575, 35.371, 36.364, 36.823, 37.162, 37.645, 38.536, 39.648, 40.185, 39.876, 38.619, 37.857, 38.283, 39.401, 40.439, 41.382, 42.466, 43.564, 43.867, 43.287, 42.993, 43.288, 43.281, 42.726, 42.638, 43.316, 43.234, 42.475, 42.103, 42.017, 42.571, 44.683, 46.362, 44.688, 41.456, 40.097, 40.695, 41.289, 41.224, 40.8, 39.778, 39.357, 38.851, 29.329], [29.983, 29.404, 28.676, 28.527, 28.853, 28.092, 26.133, 24.809, 24.65, 23.426, 20.406, 18.154, 17.259, 16.047, 14.284, 12.101, 9.467, 5.566, 0.0, 5.33, 8.461, 11.293, 15.279, 18.958, 20.737, 21.369, 22.307, 23.704, 25.175, 26.418, 26.879, 26.649, 26.914, 27.7, 28.231, 28.8, 29.141, 29.384, 29.839, 29.843, 29.74, 30.089, 30.766, 31.891, 32.861, 33.674, 34.781, 35.631, 35.719, 35.234, 35.316, 35.858, 35.909, 35.587, 35.778, 36.198, 36.874, 38.101, 38.771, 39.083, 39.847, 40.461, 39.863, 38.955, 39.04, 39.724, 39.536, 38.007, 37.359, 38.439, 39.619, 39.98, 39.87, 39.926, 40.372, 40.4, 39.034, 37.131, 36.33, 36.337, 36.0, 35.421, 35.071, 34.753, 35.08, 36.202, 37.084, 37.221, 37.365, 37.954, 38.521, 39.111, 39.752, 39.771, 39.221, 39.298, 39.39, 38.904, 38.474, 37.978, 37.889, 38.061, 37.502, 36.917, 36.49, 36.16, 35.691, 34.826, 34.671, 34.769, 34.12, 33.862, 34.81, 35.196, 35.005, 35.813, 36.775, 37.354, 37.271, 36.405, 35.222, 35.189, 36.0, 36.849, 37.595, 37.991, 38.294, 38.724, 38.391, 37.593, 37.363, 37.467, 37.281, 37.069, 37.477, 37.994, 38.179, 38.477, 38.739, 38.478, 37.879, 37.146, 36.405, 36.209, 36.505, 36.049, 35.193, 34.651, 34.392, 34.255, 34.225, 34.414, 34.771, 34.887, 35.044, 35.421, 35.245, 34.656, 34.195, 34.081, 34.152, 34.33, 34.676, 35.497, 36.474, 36.913, 37.229, 37.657, 38.459, 39.504, 40.027, 39.708, 38.444, 37.697, 38.13, 39.244, 40.289, 41.24, 42.307, 43.382, 43.695, 43.129, 42.81, 43.083, 43.072, 42.538, 42.488, 43.177, 43.095, 42.351, 41.985, 41.877, 42.399, 44.494, 46.175, 44.513, 41.307, 39.966, 40.57, 41.164, 41.075, 40.641, 39.652, 39.268, 38.789, 29.959], [30.669, 30.129, 29.476, 29.389, 29.734, 29.028, 27.169, 25.937, 25.809, 24.688, 21.98, 20.087, 19.408, 18.375, 16.757, 14.729, 12.599, 9.781, 5.33, 0.0, 4.887, 9.381, 13.874, 17.631, 19.462, 20.178, 21.261, 22.782, 24.342, 25.669, 26.236, 26.185, 26.684, 27.623, 28.198, 28.764, 29.108, 29.338, 29.763, 29.767, 29.72, 30.132, 30.811, 31.908, 32.909, 33.771, 34.882, 35.703, 35.774, 35.301, 35.397, 35.94, 35.999, 35.704, 35.91, 36.322, 37.001, 38.238, 38.909, 39.22, 39.977, 40.583, 39.986, 39.101, 39.197, 39.864, 39.655, 38.108, 37.447, 38.517, 39.687, 40.043, 39.93, 39.981, 40.437, 40.483, 39.157, 37.299, 36.469, 36.426, 36.079, 35.521, 35.199, 34.901, 35.219, 36.331, 37.223, 37.375, 37.539, 38.154, 38.714, 39.257, 39.875, 39.891, 39.323, 39.372, 39.455, 38.981, 38.558, 38.075, 38.012, 38.2, 37.637, 37.043, 36.619, 36.294, 35.816, 34.946, 34.786, 34.886, 34.253, 34.038, 35.035, 35.458, 35.283, 36.074, 37.018, 37.574, 37.471, 36.594, 35.412, 35.417, 36.236, 37.041, 37.74, 38.125, 38.436, 38.862, 38.516, 37.698, 37.449, 37.55, 37.381, 37.178, 37.575, 38.097, 38.29, 38.571, 38.818, 38.556, 37.963, 37.238, 36.502, 36.292, 36.57, 36.106, 35.279, 34.794, 34.563, 34.43, 34.39, 34.56, 34.908, 35.017, 35.157, 35.53, 35.367, 34.8, 34.376, 34.286, 34.36, 34.546, 34.918, 35.739, 36.687, 37.109, 37.418, 37.825, 38.572, 39.549, 40.027, 39.704, 38.487, 37.785, 38.23, 39.345, 40.391, 41.343, 42.396, 43.447, 43.748, 43.201, 42.927, 43.224, 43.199, 42.672, 42.659, 43.363, 43.28, 42.547, 42.187, 42.069, 42.585, 44.675, 46.333, 44.66, 41.495, 40.197, 40.784, 41.35, 41.255, 40.815, 39.814, 39.425, 38.951, 30.629], [30.822, 30.323, 29.745, 29.72, 30.114, 29.47, 27.712, 26.601, 26.571, 25.548, 22.911, 21.072, 20.461, 19.51, 17.993, 16.034, 13.897, 11.489, 8.461, 4.887, 0.0, 5.807, 11.631, 15.978, 17.943, 18.757, 20.025, 21.697, 23.347, 24.677, 25.204, 25.163, 25.747, 26.797, 27.448, 28.058, 28.456, 28.763, 29.219, 29.218, 29.188, 29.658, 30.415, 31.569, 32.614, 33.544, 34.746, 35.625, 35.713, 35.238, 35.333, 35.901, 35.98, 35.686, 35.895, 36.329, 37.038, 38.294, 38.975, 39.302, 40.076, 40.689, 40.096, 39.211, 39.3, 39.956, 39.73, 38.17, 37.507, 38.555, 39.698, 40.039, 39.929, 39.97, 40.398, 40.43, 39.106, 37.258, 36.424, 36.368, 36.008, 35.442, 35.124, 34.823, 35.142, 36.273, 37.185, 37.345, 37.506, 38.126, 38.687, 39.224, 39.842, 39.857, 39.279, 39.317, 39.391, 38.905, 38.469, 37.984, 37.923, 38.109, 37.539, 36.938, 36.504, 36.171, 35.7, 34.837, 34.672, 34.781, 34.154, 33.906, 34.875, 35.302, 35.146, 35.967, 36.97, 37.571, 37.471, 36.579, 35.362, 35.337, 36.162, 36.987, 37.71, 38.121, 38.435, 38.848, 38.488, 37.651, 37.385, 37.483, 37.315, 37.123, 37.536, 38.07, 38.27, 38.557, 38.801, 38.529, 37.924, 37.192, 36.466, 36.273, 36.549, 36.074, 35.25, 34.773, 34.544, 34.408, 34.352, 34.51, 34.867, 34.973, 35.09, 35.458, 35.3, 34.748, 34.351, 34.271, 34.338, 34.523, 34.927, 35.775, 36.712, 37.098, 37.387, 37.803, 38.564, 39.516, 39.956, 39.635, 38.432, 37.731, 38.187, 39.322, 40.378, 41.339, 42.401, 43.471, 43.789, 43.249, 42.994, 43.299, 43.266, 42.721, 42.715, 43.441, 43.356, 42.604, 42.23, 42.108, 42.636, 44.748, 46.402, 44.697, 41.493, 40.187, 40.794, 41.379, 41.289, 40.85, 39.842, 39.448, 38.964, 30.741], [31.441, 31.032, 30.545, 30.555, 30.942, 30.356, 28.817, 27.964, 28.086, 27.147, 24.468, 22.441, 21.762, 20.895, 19.527, 17.78, 15.778, 13.5, 11.293, 9.381, 5.807, 0.0, 7.123, 12.633, 15.024, 15.985, 17.666, 19.708, 21.549, 22.942, 23.443, 23.561, 24.551, 25.871, 26.55, 27.203, 27.868, 28.536, 29.157, 29.18, 29.164, 29.64, 30.425, 31.683, 32.799, 33.699, 34.914, 35.851, 35.972, 35.504, 35.597, 36.179, 36.273, 35.984, 36.185, 36.632, 37.383, 38.659, 39.34, 39.662, 40.421, 41.031, 40.462, 39.606, 39.694, 40.322, 40.094, 38.583, 37.908, 38.84, 39.903, 40.212, 40.082, 40.096, 40.488, 40.494, 39.175, 37.37, 36.577, 36.538, 36.179, 35.63, 35.33, 35.021, 35.303, 36.382, 37.248, 37.379, 37.496, 38.052, 38.557, 39.074, 39.694, 39.715, 39.185, 39.27, 39.367, 38.897, 38.461, 37.982, 37.923, 38.098, 37.545, 36.975, 36.567, 36.255, 35.815, 34.95, 34.694, 34.797, 34.266, 34.032, 34.911, 35.314, 35.188, 36.037, 37.069, 37.649, 37.508, 36.64, 35.492, 35.456, 36.23, 37.038, 37.777, 38.214, 38.534, 38.933, 38.58, 37.758, 37.5, 37.608, 37.454, 37.292, 37.722, 38.246, 38.442, 38.742, 38.985, 38.693, 38.059, 37.306, 36.606, 36.462, 36.757, 36.336, 35.566, 35.113, 34.888, 34.752, 34.696, 34.851, 35.208, 35.311, 35.412, 35.759, 35.592, 35.055, 34.686, 34.618, 34.659, 34.788, 35.145, 35.922, 36.772, 37.102, 37.378, 37.79, 38.509, 39.393, 39.823, 39.546, 38.392, 37.727, 38.21, 39.355, 40.402, 41.346, 42.374, 43.419, 43.761, 43.267, 43.035, 43.344, 43.326, 42.793, 42.798, 43.534, 43.464, 42.725, 42.363, 42.247, 42.759, 44.823, 46.418, 44.681, 41.464, 40.129, 40.723, 41.33, 41.232, 40.807, 39.886, 39.552, 39.092, 31.183], [32.976, 32.723, 32.363, 32.394, 32.743, 32.273, 31.037, 30.432, 30.644, 29.823, 27.259, 25.151, 24.422, 23.689, 22.522, 21.015, 19.29, 17.27, 15.279, 13.874, 11.631, 7.123, 0.0, 6.62, 10.002, 11.434, 13.837, 16.63, 19.039, 20.741, 21.322, 21.878, 23.722, 25.506, 26.181, 26.892, 28.016, 29.218, 30.05, 30.153, 30.203, 30.637, 31.279, 32.458, 33.583, 34.403, 35.518, 36.426, 36.562, 36.139, 36.244, 36.798, 36.896, 36.646, 36.831, 37.25, 38.015, 39.275, 39.923, 40.217, 40.926, 41.51, 40.989, 40.215, 40.309, 40.864, 40.634, 39.234, 38.544, 39.295, 40.243, 40.534, 40.389, 40.371, 40.75, 40.764, 39.512, 37.853, 37.18, 37.178, 36.844, 36.384, 36.163, 35.877, 36.104, 37.042, 37.775, 37.85, 37.916, 38.379, 38.792, 39.247, 39.833, 39.861, 39.391, 39.504, 39.609, 39.194, 38.804, 38.368, 38.345, 38.539, 38.013, 37.482, 37.158, 36.912, 36.517, 35.669, 35.3, 35.367, 34.978, 34.81, 35.588, 35.976, 35.907, 36.735, 37.722, 38.226, 38.01, 37.189, 36.211, 36.231, 36.919, 37.633, 38.318, 38.743, 39.054, 39.439, 39.117, 38.348, 38.106, 38.219, 38.1, 37.984, 38.394, 38.869, 39.05, 39.349, 39.574, 39.258, 38.606, 37.867, 37.22, 37.116, 37.407, 37.053, 36.391, 36.001, 35.79, 35.665, 35.625, 35.776, 36.115, 36.216, 36.308, 36.616, 36.443, 35.941, 35.634, 35.607, 35.613, 35.646, 35.897, 36.536, 37.26, 37.543, 37.828, 38.228, 38.856, 39.662, 40.126, 39.914, 38.851, 38.273, 38.766, 39.869, 40.867, 41.758, 42.713, 43.681, 44.023, 43.6, 43.411, 43.699, 43.67, 43.178, 43.217, 43.939, 43.877, 43.185, 42.857, 42.747, 43.22, 45.155, 46.632, 44.887, 41.769, 40.463, 40.981, 41.571, 41.479, 41.085, 40.276, 40.014, 39.606, 32.519], [34.604, 34.481, 34.241, 34.297, 34.617, 34.24, 33.199, 32.685, 32.882, 32.166, 29.822, 27.785, 27.042, 26.403, 25.383, 24.036, 22.516, 20.768, 18.958, 17.631, 15.978, 12.633, 6.62, 0.0, 4.557, 7.456, 10.953, 14.281, 17.227, 19.334, 20.053, 21.084, 23.728, 25.906, 26.566, 27.288, 28.759, 30.367, 31.34, 31.507, 31.633, 32.033, 32.504, 33.492, 34.566, 35.334, 36.324, 37.127, 37.245, 36.879, 36.998, 37.51, 37.604, 37.392, 37.56, 37.935, 38.678, 39.895, 40.492, 40.752, 41.413, 41.974, 41.515, 40.832, 40.934, 41.417, 41.181, 39.892, 39.24, 39.88, 40.729, 41.008, 40.872, 40.845, 41.221, 41.259, 40.105, 38.617, 38.074, 38.112, 37.802, 37.421, 37.296, 37.078, 37.281, 38.092, 38.715, 38.758, 38.797, 39.208, 39.57, 39.96, 40.483, 40.51, 40.082, 40.179, 40.272, 39.918, 39.594, 39.221, 39.222, 39.412, 38.914, 38.433, 38.183, 37.984, 37.623, 36.811, 36.369, 36.399, 36.104, 35.963, 36.655, 37.034, 37.015, 37.799, 38.714, 39.161, 38.912, 38.137, 37.29, 37.367, 37.99, 38.609, 39.219, 39.601, 39.886, 40.258, 39.979, 39.269, 39.041, 39.151, 39.056, 38.961, 39.337, 39.769, 39.944, 40.227, 40.421, 40.084, 39.437, 38.749, 38.18, 38.116, 38.384, 38.06, 37.47, 37.124, 36.937, 36.841, 36.83, 36.979, 37.294, 37.398, 37.474, 37.738, 37.557, 37.078, 36.811, 36.811, 36.79, 36.754, 36.926, 37.469, 38.124, 38.389, 38.673, 39.046, 39.59, 40.342, 40.849, 40.688, 39.702, 39.188, 39.664, 40.703, 41.645, 42.483, 43.365, 44.264, 44.6, 44.233, 44.075, 44.325, 44.268, 43.839, 43.928, 44.625, 44.557, 43.905, 43.6, 43.494, 43.926, 45.722, 47.087, 45.362, 42.403, 41.161, 41.589, 42.135, 42.062, 41.699, 40.947, 40.719, 40.348, 34.071], [35.471, 35.393, 35.237, 35.334, 35.638, 35.292, 34.329, 33.851, 34.031, 33.365, 31.134, 29.107, 28.319, 27.708, 26.74, 25.441, 24.012, 22.413, 20.737, 19.462, 17.943, 15.024, 10.002, 4.557, 0.0, 4.55, 9.407, 12.929, 15.848, 18.117, 18.97, 20.345, 23.54, 26.006, 26.679, 27.42, 29.081, 30.91, 31.948, 32.133, 32.313, 32.74, 33.17, 34.104, 35.179, 35.916, 36.822, 37.551, 37.65, 37.315, 37.45, 37.953, 38.046, 37.852, 38.018, 38.369, 39.083, 40.275, 40.849, 41.086, 41.719, 42.269, 41.841, 41.202, 41.319, 41.791, 41.561, 40.328, 39.712, 40.316, 41.115, 41.373, 41.231, 41.197, 41.553, 41.586, 40.484, 39.088, 38.596, 38.645, 38.343, 37.985, 37.895, 37.721, 37.921, 38.667, 39.244, 39.283, 39.311, 39.694, 40.031, 40.381, 40.868, 40.895, 40.493, 40.593, 40.694, 40.373, 40.077, 39.745, 39.761, 39.934, 39.454, 39.004, 38.779, 38.591, 38.25, 37.468, 36.995, 36.999, 36.739, 36.591, 37.218, 37.573, 37.572, 38.333, 39.203, 39.624, 39.391, 38.654, 37.863, 37.96, 38.556, 39.138, 39.718, 40.081, 40.345, 40.7, 40.444, 39.773, 39.559, 39.673, 39.591, 39.498, 39.852, 40.27, 40.447, 40.716, 40.885, 40.