[[0.0, 7.017, 17.166, 25.646, 28.928, 29.876, 30.001, 30.033, 30.288, 30.839, 31.539, 31.702, 31.682, 32.753, 34.912, 37.091, 38.945, 41.059, 42.117, 41.932, 41.627, 41.495, 41.275, 41.12, 41.442, 41.268, 39.637, 38.516, 38.567, 39.246, 40.221, 40.978, 40.821, 40.168, 40.473, 42.438, 44.469, 45.434, 46.063, 46.989, 47.585, 47.232, 45.913, 44.494, 44.302, 44.74, 44.908, 45.001, 45.094, 44.766, 44.489, 44.632, 45.443, 47.069, 47.276, 45.303, 44.865, 46.345, 46.835, 48.383, 53.465, 59.949, 63.587, 64.227, 64.174, 63.894, 62.64, 61.326, 61.179, 61.597, 60.907, 60.015, 61.307, 64.004, 65.994, 66.955, 66.78, 65.014, 63.679, 63.756, 63.928, 62.007, 57.9, 55.117, 55.909, 55.734, 50.687, 45.708, 45.428, 46.431, 46.274, 46.29, 46.643, 47.177, 47.983, 48.116, 47.835, 48.383, 48.989, 48.501, 47.874, 47.625, 46.961, 45.598, 44.443, 43.856, 44.026, 44.846, 44.961, 44.216, 44.075, 44.452, 44.324, 43.178, 41.403, 40.977, 41.815, 41.03, 39.347, 38.7, 38.548, 38.181, 38.07, 38.034, 37.606, 37.465, 37.566, 38.61, 40.897, 42.337, 42.411, 43.504, 47.746, 53.468, 55.886, 55.55, 57.011, 61.118, 63.82, 64.531, 65.597, 66.877, 67.953, 69.317, 69.797, 69.824, 71.276, 72.955, 73.037, 72.084, 71.977, 73.03, 73.667, 71.982, 67.932, 64.249, 62.807, 61.131, 56.197, 48.854, 45.438, 46.456, 44.825, 39.888, 38.275, 40.882, 43.13, 43.114, 42.74, 43.053, 43.233, 43.299, 43.351, 42.906, 42.395, 42.502, 42.616, 42.326, 42.247, 42.563, 42.534, 42.303, 42.671, 43.807, 44.738, 44.807, 43.912, 42.64, 42.14, 42.178, 41.694, 40.489, 39.604, 39.434, 39.347, 39.695, 40.766, 41.382, 41.195, 41.437, 41.967, 42.114, 41.952, 41.783, 40.184, 7.225], [7.017, 0.0, 12.364, 22.66, 26.69, 27.903, 28.239, 28.461, 28.854, 29.499, 30.246, 30.443, 30.514, 31.775, 34.257, 36.884, 39.151, 41.599, 42.744, 42.456, 42.04, 41.869, 41.68, 41.589, 41.941, 41.748, 40.053, 38.852, 38.865, 39.591, 40.683, 41.512, 41.316, 40.565, 40.83, 42.836, 44.904, 45.852, 46.463, 47.425, 48.084, 47.737, 46.339, 44.795, 44.533, 44.99, 45.191, 45.331, 45.456, 45.112, 44.79, 44.926, 45.809, 47.52, 47.664, 45.539, 44.954, 46.393, 46.905, 48.506, 53.609, 60.092, 63.731, 64.384, 64.352, 64.064, 62.757, 61.39, 61.224, 61.643, 60.937, 60.021, 61.336, 64.076, 66.087, 67.059, 66.893, 65.104, 63.733, 63.8, 63.997, 62.084, 57.937, 55.127, 55.93, 55.724, 50.547, 45.462, 45.254, 46.278, 46.097, 46.161, 46.546, 47.075, 47.915, 48.068, 47.774, 48.342, 49.017, 48.597, 47.971, 47.705, 47.006, 45.554, 44.316, 43.712, 43.905, 44.762, 44.872, 44.111, 43.978, 44.336, 44.185, 43.019, 41.243, 40.814, 41.604, 40.708, 38.924, 38.254, 38.091, 37.693, 37.557, 37.508, 37.042, 36.879, 36.971, 38.056, 40.434, 41.922, 41.996, 43.154, 47.601, 53.485, 55.947, 55.606, 57.09, 61.248, 63.993, 64.741, 65.856, 67.158, 68.229, 69.601, 70.078, 70.11, 71.604, 73.326, 73.411, 72.451, 72.35, 73.426, 74.066, 72.316, 68.152, 64.372, 62.884, 61.144, 56.09, 48.583, 45.008, 45.992, 44.301, 39.185, 37.651, 40.485, 42.807, 42.695, 42.303, 42.669, 42.883, 42.99, 43.073, 42.614, 42.084, 42.189, 42.282, 41.966, 41.886, 42.238, 42.233, 41.985, 42.341, 43.514, 44.495, 44.579, 43.642, 42.332, 41.819, 41.833, 41.293, 40.022, 39.04, 38.752, 38.595, 38.958, 40.091, 40.718, 40.522, 40.773, 41.311, 41.447, 41.297, 41.184, 39.522, 10.864], [17.166, 12.364, 0.0, 13.15, 19.686, 22.239, 23.37, 24.379, 25.409, 26.343, 27.202, 27.524, 27.989, 30.045, 33.439, 36.995, 39.788, 42.407, 43.483, 43.057, 42.72, 42.791, 42.766, 42.682, 42.955, 42.666, 40.73, 39.243, 39.15, 39.922, 41.093, 41.942, 41.665, 40.829, 41.176, 43.368, 45.536, 46.454, 47.032, 47.979, 48.542, 47.988, 46.351, 44.635, 44.337, 44.836, 45.025, 45.184, 45.346, 44.983, 44.642, 44.843, 45.891, 47.732, 47.794, 45.507, 44.831, 46.334, 46.94, 48.614, 53.806, 60.514, 64.264, 64.948, 64.963, 64.699, 63.289, 61.721, 61.43, 61.856, 61.127, 60.114, 61.425, 64.241, 66.298, 67.303, 67.178, 65.377, 63.95, 64.008, 64.284, 62.371, 58.031, 55.038, 55.854, 55.63, 50.238, 44.871, 44.597, 45.566, 45.307, 45.425, 45.858, 46.46, 47.426, 47.596, 47.278, 47.896, 48.651, 48.26, 47.569, 47.24, 46.467, 44.875, 43.53, 42.885, 43.087, 44.004, 44.087, 43.245, 43.119, 43.49, 43.311, 42.048, 40.2, 39.752, 40.471, 39.371, 37.373, 36.66, 36.462, 36.029, 35.874, 35.769, 35.262, 35.132, 35.18, 36.226, 38.763, 40.404, 40.494, 41.793, 46.727, 53.081, 55.688, 55.32, 56.877, 61.204, 64.039, 64.848, 66.082, 67.482, 68.572, 69.983, 70.474, 70.506, 72.064, 73.854, 73.944, 72.992, 72.943, 74.082, 74.749, 72.968, 68.683, 64.774, 63.26, 61.442, 56.101, 48.096, 44.199, 45.266, 43.449, 37.73, 36.024, 39.309, 42.046, 41.907, 41.432, 41.858, 42.092, 42.235, 42.352, 41.86, 41.284, 41.362, 41.397, 41.045, 41.008, 41.452, 41.423, 41.078, 41.513, 42.913, 44.091, 44.295, 43.327, 41.807, 41.067, 41.026, 40.523, 39.159, 37.962, 37.568, 37.424, 37.869, 39.118, 39.765, 39.531, 39.822, 40.427, 40.562, 40.36, 40.24, 38.407, 18.511], [25.646, 22.66, 13.15, 0.0, 10.0, 15.414, 18.174, 20.507, 22.539, 23.866, 24.888, 25.4, 26.435, 29.494, 33.814, 37.988, 41.035, 43.603, 44.478, 43.945, 43.837, 44.321, 44.489, 44.311, 44.418, 44.003, 41.847, 40.072, 39.879, 40.679, 41.835, 42.601, 42.232, 41.404, 41.915, 44.266, 46.484, 47.367, 47.868, 48.699, 49.052, 48.188, 46.234, 44.392, 44.159, 44.692, 44.811, 44.942, 45.123, 44.757, 44.423, 44.686, 45.835, 47.727, 47.697, 45.329, 44.837, 46.607, 47.324, 49.028, 54.362, 61.341, 65.222, 65.917, 65.93, 65.679, 64.208, 62.507, 62.124, 62.545, 61.808, 60.734, 62.013, 64.851, 66.924, 67.937, 67.848, 66.098, 64.675, 64.719, 65.017, 63.031, 58.436, 55.23, 56.078, 55.895, 50.389, 44.778, 44.351, 45.277, 44.966, 45.085, 45.55, 46.226, 47.252, 47.388, 47.013, 47.604, 48.313, 47.81, 47.012, 46.62, 45.795, 44.138, 42.764, 42.134, 42.378, 43.326, 43.391, 42.509, 42.396, 42.806, 42.633, 41.318, 39.367, 38.774, 39.412, 38.237, 36.09, 35.284, 35.052, 34.598, 34.351, 34.062, 33.527, 33.519, 33.538, 34.457, 37.098, 38.897, 39.002, 40.358, 45.708, 52.525, 55.286, 54.895, 56.493, 60.984, 63.925, 64.776, 66.086, 67.611, 68.804, 70.286, 70.788, 70.802, 72.384, 74.226, 74.353, 73.442, 73.439, 74.617, 75.319, 73.567, 69.253, 65.284, 63.788, 61.968, 56.45, 48.133, 44.091, 45.291, 43.419, 37.216, 35.012, 38.434, 41.567, 41.678, 41.123, 41.438, 41.624, 41.783, 41.903, 41.385, 40.761, 40.789, 40.783, 40.429, 40.469, 40.999, 40.913, 40.489, 41.091, 42.78, 44.164, 44.502, 43.516, 41.748, 40.814, 40.861, 40.536, 39.092, 37.673, 37.271, 37.268, 37.828, 39.134, 39.784, 39.487, 39.794, 40.474, 40.613, 40.324, 40.129, 38.108, 26.033], [28.928, 26.69, 19.686, 10.0, 0.0, 7.973, 13.538, 17.238, 19.706, 21.294, 22.576, 23.333, 24.862, 28.689, 33.64, 38.282, 41.731, 44.474, 45.235, 44.56, 44.509, 45.175, 45.392, 45.132, 45.18, 44.736, 42.501, 40.572, 40.286, 41.056, 42.175, 42.877, 42.44, 41.624, 42.289, 44.807, 47.091, 47.996, 48.534, 49.385, 49.651, 48.563, 46.335, 44.317, 44.094, 44.687, 44.789, 44.868, 45.056, 44.713, 44.37, 44.644, 45.894, 47.93, 47.845, 45.256, 44.696, 46.543, 47.304, 49.078, 54.622, 61.866, 65.871, 66.582, 66.589, 66.339, 64.858, 63.178, 62.842, 63.293, 62.555, 61.465, 62.746, 65.621, 67.754, 68.823, 68.762, 67.021, 65.59, 65.608, 65.859, 63.787, 59.035, 55.674, 56.559, 56.426, 50.726, 44.765, 44.227, 45.169, 44.841, 44.956, 45.454, 46.142, 47.159, 47.269, 46.843, 47.403, 48.094, 47.535, 46.698, 46.283, 45.417, 43.684, 42.259, 41.633, 41.91, 42.876, 42.951, 42.076, 42.027, 42.511, 42.344, 40.994, 38.935, 38.241, 38.873, 37.618, 35.274, 34.342, 34.098, 33.639, 33.321, 32.848, 32.206, 32.243, 32.31, 33.312, 36.156, 38.12, 38.207, 39.589, 45.378, 52.664, 55.561, 55.159, 56.806, 61.475, 64.54, 65.401, 66.706, 68.288, 69.554, 71.084, 71.58, 71.581, 73.193, 75.099, 75.281, 74.401, 74.418, 75.622, 76.361, 74.621, 70.282, 66.282, 64.784, 62.948, 57.31, 48.691, 44.384, 45.61, 43.627, 36.928, 34.29, 37.8, 41.177, 41.375, 40.745, 41.008, 41.206, 41.371, 41.483, 40.955, 40.307, 40.324, 40.31, 39.938, 39.985, 40.541, 40.422, 39.975, 40.696, 42.557, 44.044, 44.418, 43.392, 41.536, 40.573, 40.683, 40.449, 38.954, 37.362, 36.867, 36.867, 37.518, 39.006, 39.739, 39.397, 39.7, 40.434, 40.577, 40.247, 40.01, 37.78, 28.946], [29.876, 27.903, 22.239, 15.414, 7.973, 0.0, 8.161, 13.777, 16.886, 18.594, 20.09, 21.116, 22.983, 27.289, 32.657, 37.608, 41.34, 44.263, 45.015, 44.292, 44.239, 44.942, 45.176, 44.913, 44.978, 44.554, 42.318, 40.355, 40.049, 40.817, 41.931, 42.623, 42.176, 41.376, 42.117, 44.738, 47.086, 48.029, 48.604, 49.487, 49.762, 48.63, 46.328, 44.267, 44.071, 44.688, 44.756, 44.789, 44.98, 44.653, 44.29, 44.535, 45.811, 47.934, 47.819, 45.056, 44.413, 46.277, 47.056, 48.886, 54.557, 61.928, 66.001, 66.734, 66.744, 66.496, 65.019, 63.361, 63.065, 63.54, 62.798, 61.705, 63.02, 65.954, 68.141, 69.252, 69.201, 67.435, 65.988, 65.991, 66.195, 64.069, 59.27, 55.859, 56.774, 56.654, 50.837, 44.743, 44.199, 45.148, 44.808, 44.94, 45.468, 46.147, 47.138, 47.243, 46.828, 47.418, 48.121, 47.567, 46.758, 46.354, 45.483, 43.727, 42.266, 41.609, 41.873, 42.834, 42.918, 42.078, 42.106, 42.641, 42.456, 41.082, 38.977, 38.3, 38.978, 37.632, 35.096, 34.047, 33.788, 33.314, 32.958, 32.405, 31.618, 31.567, 31.685, 32.884, 35.927, 37.995, 38.072, 39.47, 45.484, 53.028, 56.004, 55.596, 57.266, 62.025, 65.145, 65.99, 67.265, 68.842, 70.119, 71.659, 72.153, 72.152, 73.778, 75.714, 75.917, 75.041, 75.058, 76.273, 77.027, 75.294, 70.952, 66.945, 65.442, 63.599, 57.897, 49.097, 44.635, 45.864, 43.779, 36.724, 33.896, 37.501, 40.951, 41.117, 40.458, 40.75, 40.974, 41.126, 41.231, 40.7, 40.051, 40.078, 40.062, 39.66, 39.668, 40.203, 40.072, 39.625, 40.368, 42.26, 43.761, 44.124, 43.079, 41.233, 40.307, 40.436, 40.194, 38.642, 36.97, 36.415, 36.379, 37.072, 38.666, 39.462, 39.118, 39.436, 40.206, 40.359, 40.031, 39.79, 37.465, 29.744], [30.001, 28.239, 23.37, 18.174, 13.538, 8.161, 0.0, 7.53, 12.38, 14.727, 16.524, 17.82, 20.091, 25.041, 31.025, 36.357, 40.387, 43.556, 44.412, 43.719, 43.67, 44.39, 44.668, 44.458, 44.562, 44.165, 41.944, 39.999, 39.735, 40.538, 41.648, 42.341, 41.936, 41.191, 41.973, 44.634, 47.012, 47.96, 48.535, 49.433, 49.73, 48.624, 46.355, 44.328, 44.156, 44.778, 44.84, 44.873, 45.077, 44.752, 44.376, 44.602, 45.864, 47.981, 47.833, 44.98, 44.28, 46.127, 46.889, 48.711, 54.387, 61.781, 65.86, 66.592, 66.606, 66.369, 64.902, 63.252, 62.963, 63.44, 62.695, 61.602, 62.936, 65.898, 68.108, 69.233, 69.179, 67.397, 65.947, 65.96, 66.168, 64.042, 59.247, 55.841, 56.785, 56.668, 50.808, 44.662, 44.139, 45.121, 44.788, 44.922, 45.465, 46.145, 47.126, 47.218, 46.819, 47.462, 48.2, 47.665, 46.895, 46.501, 45.632, 43.897, 42.434, 41.75, 42.011, 42.989, 43.094, 42.279, 42.337, 42.882, 42.691, 41.305, 39.151, 38.459, 39.164, 37.821, 35.229, 34.124, 33.835, 33.32, 32.935, 32.353, 31.475, 31.349, 31.473, 32.781, 35.931, 38.013, 38.085, 39.493, 45.524, 53.121, 56.121, 55.712, 57.401, 62.205, 65.343, 66.181, 67.448, 69.021, 70.294, 71.837, 72.341, 72.343, 73.964, 75.898, 76.1, 75.225, 75.246, 76.456, 77.194, 75.444, 71.085, 67.068, 65.561, 63.704, 57.956, 49.123, 44.628, 45.843, 43.727, 36.63, 33.769, 37.36, 40.806, 40.985, 40.324, 40.603, 40.823, 40.967, 41.065, 40.517, 39.852, 39.883, 39.873, 39.472, 39.479, 40.014, 39.885, 39.445, 40.202, 42.114, 43.629, 43.989, 42.945, 41.103, 40.179, 40.324, 40.095, 38.538, 36.839, 36.241, 36.189, 36.894, 38.505, 39.307, 38.965, 39.311, 40.097, 40.231, 39.89, 39.65, 37.295, 29.821], [30.033, 28.461, 24.379, 20.507, 17.238, 13.777, 7.53, 0.0, 6.562, 10.525, 13.181, 14.697, 17.264, 22.739, 29.167, 34.827, 39.311, 42.869, 43.877, 43.201, 43.128, 43.835, 44.153, 44.019, 44.174, 43.811, 41.672, 39.832, 39.654, 40.501, 41.609, 42.315, 41.972, 41.292, 42.086, 44.723, 47.072, 47.997, 48.564, 49.468, 49.795, 48.753, 46.536, 44.527, 44.348, 44.967, 45.044, 45.086, 45.285, 44.948, 44.555, 44.772, 46.027, 48.125, 47.971, 45.104, 44.311, 46.062, 46.771, 48.545, 54.144, 61.454, 65.478, 66.192, 66.202, 65.971, 64.53, 62.92, 62.64, 63.101, 62.366, 61.289, 62.611, 65.561, 67.772, 68.902, 68.845, 67.052, 65.597, 65.62, 65.856, 63.766, 59.009, 55.644, 56.591, 56.448, 50.564, 44.402, 43.911, 44.937, 44.621, 44.745, 45.296, 46.007, 47.01, 47.112, 46.715, 47.37, 48.103, 47.536, 46.768, 46.378, 45.514, 43.815, 42.385, 41.707, 41.99, 42.996, 43.125, 42.329, 42.387, 42.926, 42.741, 41.377, 39.222, 38.485, 39.154, 37.874, 35.354, 34.292, 34.017, 33.489, 33.116, 32.576, 31.701, 31.557, 31.672, 32.96, 36.045, 38.054, 38.113, 39.494, 45.389, 52.877, 55.85, 55.445, 57.144, 61.952, 65.095, 65.932, 67.194, 68.767, 70.033, 71.559, 72.064, 72.074, 73.689, 75.616, 75.818, 74.94, 74.954, 76.155, 76.885, 75.142, 70.813, 66.837, 65.34, 63.478, 57.766, 49.052, 44.601, 45.75, 43.664, 36.826, 34.113, 37.58, 40.911, 41.067, 40.405, 40.642, 40.842, 40.986, 41.084, 40.527, 39.851, 39.882, 39.892, 39.513, 39.529, 40.053, 39.928, 39.51, 40.262, 42.146, 43.635, 43.971, 42.934, 41.131, 40.207, 40.325, 40.075, 38.528, 36.844, 36.236, 36.188, 36.882, 38.466, 39.239, 38.895, 39.245, 40.02, 40.132, 39.794, 39.577, 37.259, 29.863], [30.288, 28.854, 25.409, 22.539, 19.706, 16.886, 12.38, 6.562, 0.0, 5.75, 9.936, 11.973, 14.755, 20.561, 27.212, 33.089, 38.051, 42.066, 43.249, 42.6, 42.524, 43.251, 43.611, 43.527, 43.718, 43.387, 41.322, 39.569, 39.449, 40.326, 41.442, 42.163, 41.858, 41.224, 42.059, 44.718, 47.059, 47.974, 48.554, 49.487, 49.853, 48.874, 46.702, 44.697, 44.505, 45.127, 45.218, 45.253, 45.44, 45.099, 44.702, 44.907, 46.153, 48.249, 48.099, 45.214, 44.338, 46.031, 46.712, 48.461, 54.024, 61.288, 65.303, 66.024, 66.039, 65.814, 64.4, 62.829, 62.561, 63.009, 62.279, 61.21, 62.525, 65.471, 67.687, 68.822, 68.766, 66.959, 65.492, 65.523, 65.782, 63.708, 58.949, 55.592, 56.54, 56.369, 50.433, 44.202, 43.682, 44.721, 44.422, 44.544, 45.077, 45.789, 46.823, 46.956, 46.57, 47.22, 47.919, 47.304, 46.534, 46.153, 45.284, 43.595, 42.187, 41.528, 41.84, 42.878, 43.034, 42.254, 42.323, 42.867, 42.7, 41.376, 39.238, 38.486, 39.159, 37.904, 35.397, 34.352, 34.096, 33.563, 33.191, 32.692, 31.845, 31.703, 31.852, 33.191, 36.264, 38.248, 38.299, 39.65, 45.457, 52.874, 55.834, 55.439, 57.15, 61.955, 65.09, 65.92, 67.179, 68.749, 70.003, 71.507, 72.006, 72.02, 73.638, 75.569, 75.768, 74.876, 74.874, 76.069, 76.799, 75.07, 70.766, 66.814, 65.322, 63.467, 57.792, 49.152, 44.714, 45.809, 43.735, 37.018, 34.34, 37.719, 40.993, 41.13, 40.454, 40.65, 40.829, 40.967, 41.067, 40.507, 39.819, 39.852, 39.878, 39.507, 39.521, 40.038, 39.915, 39.508, 40.254, 42.127, 43.601, 43.91, 42.87, 41.101, 40.184, 40.273, 39.988, 38.429, 36.767, 36.18, 36.125, 36.795, 38.364, 39.124, 38.791, 39.152, 39.927, 40.036, 39.707, 39.493, 37.188, 30.103], [30.839, 29.499, 26.343, 23.866, 21.294, 18.594, 14.727, 10.525, 5.75, 0.0, 5.345, 8.659, 12.251, 18.331, 25.11, 31.208, 36.586, 41.016, 42.374, 41.779, 41.761, 42.562, 42.968, 42.899, 43.102, 42.798, 40.783, 39.091, 39.018, 39.921, 41.046, 41.774, 41.485, 40.893, 41.811, 44.566, 46.955, 47.877, 48.471, 49.423, 49.787, 48.811, 46.661, 44.684, 44.51, 45.14, 45.235, 45.262, 45.433, 45.087, 44.703, 44.913, 46.131, 48.175, 48.021, 45.153, 44.257, 45.923, 46.604, 48.352, 53.899, 61.143, 65.18, 65.928, 65.955, 65.734, 64.331, 62.777, 62.513, 62.954, 62.218, 61.156, 62.481, 65.434, 67.651, 68.786, 68.726, 66.901, 65.425, 65.466, 65.732, 63.65, 58.859, 55.49, 56.447, 56.27, 50.329, 44.082, 43.492, 44.497, 44.206, 44.331, 44.83, 45.501, 46.527, 46.676, 46.302, 46.963, 47.665, 47.069, 46.33, 45.958, 45.078, 43.383, 41.978, 41.325, 41.639, 42.682, 42.846, 42.088, 42.179, 42.731, 42.581, 41.3, 39.18, 38.433, 39.119, 37.863, 35.353, 34.313, 34.068, 33.528, 33.136, 32.636, 31.764, 31.585, 31.764, 33.181, 36.285, 38.277, 38.339, 39.71, 45.51, 52.897, 55.843, 55.457, 57.179, 61.97, 65.078, 65.898, 67.159, 68.719, 69.957, 71.447, 71.941, 71.959, 73.583, 75.519, 75.715, 74.815, 74.802, 75.992, 76.712, 74.977, 70.666, 66.715, 65.233, 63.374, 57.689, 49.07, 44.652, 45.724, 43.639, 36.936, 34.196, 37.477, 40.748, 40.918, 40.252, 40.44, 40.616, 40.745, 40.84, 40.275, 39.568, 39.594, 39.623, 39.248, 39.258, 39.782, 39.663, 39.252, 40.013, 41.915, 43.397, 43.698, 42.664, 40.917, 40.009, 40.093, 39.811, 38.269, 36.66, 36.129, 36.062, 36.685, 38.224, 38.977, 38.657, 39.032, 39.813, 39.925, 39.594, 39.364, 37.042, 30.601], [31.539, 30.246, 27.202, 24.888, 22.576, 20.09, 16.524, 13.181, 9.936, 5.345, 0.0, 4.897, 10.346, 16.988, 23.775, 30.04, 35.717, 40.39, 41.846, 41.289, 41.336, 42.212, 42.656, 42.588, 42.789, 42.501, 40.527, 38.884, 38.851, 39.775, 40.909, 41.643, 41.362, 40.791, 41.755, 44.568, 46.999, 47.937, 48.534, 49.485, 49.839, 48.849, 46.704, 44.753, 44.597, 45.227, 45.323, 45.35, 45.515, 45.168, 44.792, 45.011, 46.215, 48.214, 48.048, 45.206, 44.302, 45.925, 46.604, 48.347, 53.849, 61.056, 65.092, 65.851, 65.886, 65.664, 64.261, 62.711, 62.447, 62.885, 62.148, 61.089, 62.414, 65.362, 67.577, 68.709, 68.643, 66.809, 65.331, 65.372, 65.638, 63.547, 58.734, 55.369, 56.341, 56.176, 50.276, 44.071, 43.448, 44.424, 44.136, 44.265, 44.752, 45.39, 46.396, 46.548, 46.179, 46.847, 47.564, 46.999, 46.283, 45.914, 45.031, 43.339, 41.942, 41.295, 41.604, 42.634, 42.793, 42.05, 42.163, 42.72, 42.574, 41.316, 39.214, 38.456, 39.12, 37.861, 35.377, 34.361, 34.125, 33.574, 33.161, 32.658, 31.763, 31.549, 31.721, 33.162, 36.272, 38.262, 38.332, 39.728, 45.556, 52.916, 55.841, 55.459, 57.184, 61.953, 65.04, 65.851, 67.107, 68.658, 69.886, 71.368, 71.861, 71.883, 73.508, 75.447, 75.655, 74.763, 74.751, 75.94, 76.655, 74.911, 70.597, 66.655, 65.185, 63.319, 57.638, 49.073, 44.712, 45.788, 43.715, 37.051, 34.249, 37.43, 40.662, 40.817, 40.151, 40.344, 40.519, 40.64, 40.73, 40.167, 39.454, 39.464, 39.485, 39.111, 39.123, 39.661, 39.557, 39.147, 39.909, 41.814, 43.294, 43.596, 42.573, 40.834, 39.928, 40.02, 39.765, 38.282, 36.746, 36.263, 36.2, 36.804, 38.32, 39.07, 38.758, 39.137, 39.919, 40.032, 39.694, 39.451, 37.124, 31.238], [31.702, 30.443, 27.524, 25.4, 23.333, 21.116, 17.82, 14.697, 11.973, 8.659, 4.897, 0.0, 7.083, 15.197, 22.659, 29.269, 35.176, 39.968, 41.475, 40.951, 41.028, 41.922, 42.381, 42.319, 42.513, 42.23, 40.269, 38.643, 38.639, 39.584, 40.717, 41.451, 41.182, 40.629, 41.619, 44.465, 46.93, 47.892, 48.503, 49.456, 49.812, 48.834, 46.718, 44.794, 44.642, 45.262, 45.354, 45.384, 45.555, 45.211, 44.832, 45.049, 46.267, 48.278, 48.105, 45.259, 44.329, 45.934, 46.608, 48.352, 53.866, 61.093, 65.13, 65.886, 65.921, 65.701, 64.3, 62.753, 62.496, 62.938, 62.199, 61.138, 62.463, 65.412, 67.631, 68.765, 68.694, 66.855, 65.378, 65.42, 65.68, 63.575, 58.751, 55.386, 56.369, 56.212, 50.309, 44.098, 43.487, 44.464, 44.171, 44.305, 44.794, 45.414, 46.405, 46.553, 46.18, 46.835, 47.533, 46.953, 46.228, 45.855, 44.966, 43.266, 41.87, 41.226, 41.536, 42.567, 42.73, 41.992, 42.124, 42.701, 42.55, 41.283, 39.171, 38.399, 39.056, 37.794, 35.309, 34.288, 34.043, 33.476, 33.06, 32.561, 31.653, 31.417, 31.554, 32.977, 36.107, 38.113, 38.176, 39.588, 45.489, 52.893, 55.831, 55.45, 57.186, 61.975, 65.069, 65.873, 67.129, 68.689, 69.929, 71.417, 71.912, 71.934, 73.56, 75.504, 75.716, 74.823, 74.811, 76.007, 76.733, 74.992, 70.669, 66.721, 65.255, 63.39, 57.711, 49.15, 44.779, 45.863, 43.837, 37.206, 34.345, 37.532, 40.791, 40.914, 40.188, 40.355, 40.528, 40.645, 40.737, 40.174, 39.449, 39.441, 39.454, 39.084, 39.108, 39.664, 39.575, 39.167, 39.919, 41.82, 43.308, 43.622, 42.603, 40.843, 39.913, 40.017, 39.789, 38.325, 36.793, 36.307, 36.235, 36.844, 38.378, 39.138, 38.825, 39.207, 40.0, 40.115, 39.778, 39.547, 37.224, 31.354], [31.682, 30.514, 27.989, 26.435, 24.862, 22.983, 20.091, 17.264, 14.755, 12.251, 10.346, 7.083, 0.0, 9.849, 19.179, 26.935, 33.518, 38.743, 40.439, 40.027, 40.131, 40.987, 41.459, 41.449, 41.674, 41.438, 39.572, 38.05, 38.115, 39.077, 40.185, 40.92, 40.708, 40.214, 41.21, 44.041, 46.515, 47.507, 48.144, 49.111, 49.496, 48.621, 46.646, 44.811, 44.657, 45.247, 45.332, 45.361, 45.524, 45.162, 44.768, 44.968, 46.149, 48.124, 47.981, 45.204, 44.246, 45.773, 46.422, 48.154, 53.633, 60.811, 64.841, 65.614, 65.658, 65.451, 64.086, 62.577, 62.335, 62.772, 62.037, 60.996, 62.324, 65.257, 67.47, 68.604, 68.53, 66.685, 65.217, 65.265, 65.498, 63.375, 58.589, 55.258, 56.219, 56.044, 50.184, 44.052, 43.481, 44.448, 44.148, 44.287, 44.766, 45.349, 46.319, 46.489, 46.137, 46.782, 47.451, 46.856, 46.124, 45.751, 44.868, 43.195, 41.834, 41.195, 41.487, 42.506, 42.681, 41.961, 42.094, 42.676, 42.538, 41.304, 39.237, 38.498, 39.164, 37.951, 35.564, 34.593, 34.351, 33.787, 33.424, 32.977, 32.042, 31.732, 31.817, 33.144, 36.148, 38.086, 38.136, 39.52, 45.312, 52.632, 55.558, 55.184, 56.934, 61.73, 64.811, 65.605, 66.855, 68.4, 69.628, 71.122, 71.64, 71.68, 73.302, 75.227, 75.422, 74.503, 74.475, 75.678, 76.406, 74.656, 70.342, 66.421, 64.972, 63.121, 57.48, 49.041, 44.736, 45.773, 43.82, 37.432, 34.67, 37.809, 40.984, 41.05, 40.3, 40.463, 40.639, 40.754, 40.849, 40.287, 39.556, 39.533, 39.537, 39.183, 39.226, 39.78, 39.709, 39.319, 40.006, 41.811, 43.248, 43.54, 42.544, 40.845, 39.949, 40.036, 39.777, 38.345, 36.866, 36.392, 36.288, 36.849, 38.349, 39.102, 38.805, 39.187, 39.98, 40.112, 39.792, 39.554, 37.268, 31.346], [32.753, 31.775, 30.045, 29.494, 28.689, 27.289, 25.041, 22.739, 20.561, 18.331, 16.988, 15.197, 9.849, 0.0, 11.338, 21.295, 29.747, 36.188, 38.375, 38.232, 38.402, 39.19, 39.71, 39.853, 40.181, 40.073, 38.548, 37.392, 37.611, 38.557, 39.6, 40.348, 40.277, 39.899, 40.788, 43.394, 45.776, 46.796, 47.452, 48.436, 48.957, 48.385, 46.726, 45.086, 44.922, 45.444, 45.551, 45.607, 45.742, 45.358, 44.972, 45.137, 46.142, 47.873, 47.793, 45.352, 44.422, 45.665, 46.226, 47.851, 52.924, 59.65, 63.558, 64.353, 64.413, 64.219, 62.935, 61.52, 61.285, 61.684, 60.977, 59.993, 61.271, 64.104, 66.264, 67.38, 67.293, 65.449, 63.998, 64.037, 64.221, 62.125, 57.535, 54.395, 55.306, 55.111, 49.571, 43.89, 43.367, 44.266, 44.006, 44.16, 44.588, 45.052, 45.924, 46.149, 45.907, 46.617, 47.352, 46.859, 46.202, 45.852, 45.027, 43.495, 42.271, 41.688, 41.945, 42.877, 43.065, 42.439, 42.564, 43.095, 43.011, 41.961, 40.105, 39.459, 40.103, 39.085, 37.083, 36.321, 36.129, 35.605, 35.317, 34.97, 34.057, 33.655, 33.684, 34.751, 37.208, 38.837, 38.886, 40.104, 45.235, 52.004, 54.789, 54.451, 56.17, 60.813, 63.8, 64.579, 65.772, 67.201, 68.349, 69.805, 70.369, 70.456, 72.028, 73.86, 74.017, 73.082, 73.03, 74.215, 74.92, 73.177, 68.978, 65.219, 63.835, 62.019, 56.561, 48.708, 44.85, 45.742, 43.934, 38.322, 35.923, 38.526, 41.169, 41.18, 40.603, 40.817, 40.981, 41.073, 41.152, 40.627, 39.944, 39.92, 39.944, 39.637, 39.663, 40.147, 40.103, 39.776, 40.339, 41.886, 43.116, 43.328, 42.475, 41.089, 40.369, 40.382, 40.034, 38.802, 37.607, 37.213, 37.076, 37.5, 38.789, 39.442, 39.194, 39.561, 40.297, 40.443, 40.143, 39.847, 37.758, 32.518], [34.912, 34.257, 33.439, 33.814, 33.64, 32.657, 31.025, 29.167, 27.212, 25.11, 23.775, 22.659, 19.179, 11.338, 0.0, 12.208, 23.8, 32.249, 35.214, 35.478, 35.809, 36.597, 37.217, 37.566, 38.027, 38.101, 37.121, 36.57, 37.044, 37.982, 38.961, 39.758, 39.912, 39.729, 40.534, 42.893, 45.166, 46.234, 46.921, 47.931, 48.689, 48.586, 47.344, 45.958, 45.786, 46.226, 46.376, 46.472, 46.573, 46.202, 45.856, 45.969, 46.729, 48.098, 48.064, 46.107, 45.194, 46.003, 46.416, 47.829, 52.215, 58.258, 61.971, 62.776, 62.834, 62.645, 61.481, 60.21, 59.987, 60.332, 59.682, 58.79, 59.974, 62.64, 64.718, 65.798, 65.683, 63.843, 62.428, 62.487, 62.676, 60.681, 56.373, 53.519, 54.394, 54.248, 49.322, 44.384, 43.792, 44.526, 44.328, 44.477, 44.826, 45.12, 45.814, 46.092, 46.02, 46.839, 47.687, 47.345, 46.813, 46.507, 45.761, 44.419, 43.381, 42.896, 43.141, 43.969, 44.174, 43.688, 43.819, 44.27, 44.24, 43.406, 41.792, 41.2, 41.792, 41.081, 39.581, 39.06, 38.948, 38.496, 38.267, 38.031, 37.193, 36.743, 36.767, 37.618, 39.43, 40.657, 40.713, 41.703, 45.916, 51.866, 54.428, 54.14, 55.771, 60.105, 62.919, 63.672, 64.767, 66.028, 67.063, 68.445, 69.039, 69.166, 70.648, 72.353, 72.47, 71.519, 71.427, 72.569, 73.272, 71.59, 67.577, 64.054, 62.751, 61.006, 55.926, 48.985, 45.772, 46.501, 44.953, 40.362, 38.307, 40.036, 41.937, 41.923, 41.583, 41.808, 41.931, 41.985, 42.032, 41.571, 40.986, 40.982, 41.037, 40.765, 40.706, 41.067, 41.055, 40.808, 41.245, 42.475, 43.437, 43.577, 42.967, 41.992, 41.479, 41.414, 41.012, 40.096, 39.307, 39.052, 38.921, 39.216, 40.236, 40.746, 40.548, 40.877, 41.513, 41.641, 41.352, 41.035, 39.367, 34.81], [37.091, 36.884, 36.995, 37.988, 38.282, 37.608, 36.357, 34.827, 33.089, 31.208, 30.04, 29.269, 26.935, 21.295, 12.208, 0.0, 14.462, 25.523, 29.816, 30.837, 31.592, 32.645, 33.508, 34.055, 34.598, 34.869, 34.572, 34.81, 35.667, 36.689, 37.675, 38.56, 39.011, 39.154, 40.064, 42.37, 44.607, 45.712, 46.41, 47.412, 48.375, 48.722, 47.896, 46.747, 46.566, 46.933, 47.089, 47.161, 47.191, 46.85, 46.555, 46.587, 47.047, 48.013, 48.026, 46.597, 45.802, 46.298, 46.588, 47.784, 51.581, 57.077, 60.636, 61.452, 61.506, 61.332, 60.312, 59.212, 59.017, 59.304, 58.702, 57.927, 59.042, 61.524, 63.492, 64.51, 64.352, 62.535, 61.209, 61.344, 61.613, 59.772, 55.727, 53.134, 53.952, 53.845, 49.601, 45.509, 44.856, 45.419, 45.259, 45.368, 45.647, 45.829, 46.405, 46.738, 46.815, 47.705, 48.581, 48.279, 47.827, 47.566, 46.891, 45.738, 44.887, 44.509, 44.768, 45.53, 45.745, 45.364, 45.461, 45.8, 45.787, 45.061, 43.574, 42.964, 43.54, 43.159, 42.098, 41.774, 41.772, 41.411, 41.237, 41.151, 40.432, 39.97, 40.017, 40.8, 42.18, 43.081, 43.131, 43.905, 47.219, 52.239, 54.518, 54.261, 55.733, 59.644, 62.207, 62.898, 63.885, 65.001, 65.949, 67.257, 67.871, 68.032, 69.418, 71.007, 71.098, 70.105, 69.939, 71.038, 71.756, 70.153, 66.341, 63.066, 61.847, 60.208, 55.587, 49.593, 47.078, 47.745, 46.506, 42.871, 41.134, 42.122, 43.433, 43.429, 43.187, 43.313, 43.347, 43.346, 43.354, 42.957, 42.488, 42.5, 42.55, 42.266, 42.088, 42.318, 42.335, 42.159, 42.487, 43.417, 44.118, 44.203, 43.809, 43.133, 42.792, 42.731, 42.337, 41.67, 41.294, 41.313, 41.289, 41.497, 42.271, 42.681, 42.544, 42.817, 43.326, 43.423, 43.154, 42.857, 41.689, 37.089], [38.945, 39.151, 39.788, 41.035, 41.731, 41.34, 40.387, 39.311, 38.051, 36.586, 35.717, 35.176, 33.518, 29.747, 23.8, 14.462, 0.0, 13.582, 20.525, 23.424, 25.277, 27.081, 28.417, 29.045, 29.462, 29.892, 30.343, 31.471, 32.824, 34.045, 35.076, 36.007, 36.786, 37.454, 38.775, 41.332, 43.677, 44.82, 45.544, 46.56, 47.628, 48.258, 47.784, 46.869, 46.708, 47.015, 47.106, 47.054, 46.963, 46.618, 46.358, 46.313, 46.468, 47.002, 46.968, 46.04, 45.759, 46.457, 46.772, 47.854, 51.548, 57.062, 60.651, 61.503, 61.559, 61.404, 60.485, 59.486, 59.302, 59.548, 58.97, 58.274, 59.343, 61.668, 63.515, 64.454, 64.258, 62.501, 61.285, 61.489, 61.837, 60.102, 56.199, 53.762, 54.509, 54.401, 50.711, 47.322, 46.694, 47.117, 46.92, 46.984, 47.236, 47.408, 47.981, 48.366, 48.514, 49.435, 50.325, 49.99, 49.484, 49.23, 48.616, 47.58, 46.833, 46.486, 46.714, 47.443, 47.611, 47.161, 47.126, 47.334, 47.241, 46.402, 44.937, 44.405, 45.067, 44.859, 43.994, 43.742, 43.827, 43.624, 43.586, 43.63, 43.052, 42.643, 42.736, 43.587, 44.851, 45.605, 45.659, 46.266, 48.936, 53.202, 55.246, 54.992, 56.275, 59.775, 62.092, 62.718, 63.628, 64.656, 65.564, 66.834, 67.454, 67.619, 68.931, 70.474, 70.579, 69.551, 69.323, 70.377, 71.079, 69.49, 65.801, 62.709, 61.56, 60.012, 55.706, 50.241, 48.156, 48.859, 47.852, 44.88, 43.518, 44.262, 45.452, 45.491, 45.183, 45.221, 45.177, 45.119, 45.117, 44.763, 44.365, 44.38, 44.389, 44.087, 43.867, 44.014, 44.006, 43.874, 44.192, 44.965, 45.507, 45.579, 45.296, 44.676, 44.357, 44.343, 44.016, 43.425, 43.279, 43.606, 43.744, 43.907, 44.512, 44.876, 44.773, 44.984, 45.394, 45.467, 45.205, 44.938, 44.177, 38.914], [41.059, 41.599, 42.407, 43.603, 44.474, 44.263, 43.556, 42.869, 42.066, 41.016, 40.39, 39.968, 38.743, 36.188, 32.249, 25.523, 13.582, 0.0, 9.627, 15.712, 19.814, 22.823, 24.672, 25.23, 25.34, 25.823, 26.955, 28.917, 30.686, 32.013, 33.012, 33.884, 34.846, 35.948, 37.616, 40.306, 42.687, 43.843, 44.535, 45.46, 46.376, 46.935, 46.708, 46.274, 46.419, 46.711, 46.681, 46.511, 46.297, 45.911, 45.71, 45.649, 45.531, 45.658, 45.605, 45.173, 45.54, 46.594, 46.98, 47.983, 51.707, 57.344, 60.945, 61.819, 61.876, 61.722, 60.843, 59.887, 59.712, 59.951, 59.393, 58.715, 59.691, 61.868, 63.598, 64.449, 64.232, 62.581, 61.483, 61.702, 62.059, 60.393, 56.616, 54.267, 54.905, 54.839, 51.732, 49.024, 48.495, 48.833, 48.611, 48.68, 48.992, 49.298, 49.972, 50.393, 50.532, 51.413, 52.304, 51.93, 51.307, 51.043, 50.515, 49.581, 48.897, 48.551, 48.727, 49.42, 49.518, 48.967, 48.823, 48.974, 48.818, 47.865, 46.485, 46.166, 46.903, 46.697, 45.836, 45.546, 45.681, 45.642, 45.696, 45.719, 45.2, 44.88, 44.988, 45.809, 47.02, 47.754, 47.83, 48.28, 50.378, 53.958, 55.773, 55.501, 56.573, 59.712, 61.835, 62.392, 63.197, 64.124, 64.993, 66.217, 66.819, 66.974, 68.209, 69.675, 69.769, 68.739, 68.486, 69.505, 70.199, 68.657, 65.123, 62.211, 61.156, 59.738, 55.706, 50.597, 48.839, 49.574, 48.683, 46.297, 45.452, 46.184, 47.327, 47.374, 47.003, 47.021, 46.963, 46.885, 46.895, 46.57, 46.222, 46.253, 46.26, 45.989, 45.776, 45.847, 45.798, 45.721, 46.064, 46.729, 47.147, 47.207, 47.001, 46.409, 46.112, 46.195, 45.95, 45.307, 45.15, 45.643, 45.924, 46.053, 46.487, 46.816, 46.74, 46.905, 47.272, 47.35, 47.095, 46.862, 46.367, 40.912], [42.117, 42.744, 43.483, 44.478, 45.235, 45.015, 44.412, 43.877, 43.249, 42.374, 41.846, 41.475, 40.439, 38.375, 35.214, 29.816, 20.525, 9.627, 0.0, 8.409, 15.063, 19.662, 22.195, 22.936, 22.982, 23.436, 24.893, 27.346, 29.393, 30.874, 31.999, 32.889, 33.793, 34.949, 36.778, 39.555, 41.95, 43.119, 43.803, 44.667, 45.373, 45.64, 45.356, 45.222, 45.723, 46.152, 46.108, 45.913, 45.651, 45.216, 45.048, 45.028, 44.845, 44.853, 44.834, 44.567, 45.175, 46.375, 46.782, 47.76, 51.514, 57.157, 60.752, 61.643, 61.704, 61.536, 60.634, 59.663, 59.504, 59.765, 59.194, 58.478, 59.412, 61.56, 63.259, 64.078, 63.867, 62.28, 61.226, 61.439, 61.782, 60.106, 56.302, 53.902, 54.497, 54.504, 51.649, 49.194, 48.719, 49.06, 48.847, 48.948, 49.354, 49.811, 50.558, 50.971, 51.082, 51.937, 52.834, 52.46, 51.809, 51.55, 51.056, 50.146, 49.457, 49.083, 49.246, 49.934, 50.01, 49.452, 49.327, 49.507, 49.339, 48.359, 47.029, 46.819, 47.556, 47.28, 46.349, 46.021, 46.182, 46.164, 46.141, 46.014, 45.438, 45.167, 45.261, 45.967, 47.108, 47.843, 47.93, 48.335, 50.242, 53.583, 55.292, 55.002, 55.98, 59.019, 61.124, 61.676, 62.432, 63.312, 64.173, 65.383, 65.963, 66.106, 67.31, 68.727, 68.799, 67.794, 67.573, 68.621, 69.369, 67.9, 64.453, 61.618, 60.63, 59.284, 55.353, 50.364, 48.735, 49.498, 48.615, 46.389, 45.802, 46.593, 47.645, 47.657, 47.269, 47.307, 47.268, 47.2, 47.229, 46.923, 46.6, 46.654, 46.673, 46.423, 46.206, 46.223, 46.154, 46.093, 46.4, 46.99, 47.351, 47.389, 47.185, 46.619, 46.402, 46.58, 46.352, 45.592, 45.306, 45.812, 46.138, 46.252, 46.634, 46.977, 46.922, 47.063, 47.417, 47.517, 47.28, 47.034, 46.554, 41.891], [41.932, 42.456, 43.057, 43.945, 44.56, 44.292, 43.719, 43.201, 42.6, 41.779, 41.289, 40.951, 40.027, 38.232, 35.478, 30.837, 23.424, 15.712, 8.409, 0.0, 8.447, 15.065, 18.859, 20.32, 20.719, 21.248, 22.887, 25.64, 27.904, 29.615, 31.006, 32.057, 32.872, 33.863, 35.742, 38.703, 41.21, 42.438, 43.225, 44.204, 44.919, 45.085, 44.651, 44.452, 45.073, 45.696, 45.775, 45.627, 45.374, 44.925, 44.762, 44.803, 44.748, 44.921, 44.923, 44.483, 44.986, 46.226, 46.655, 47.654, 51.486, 57.176, 60.776, 61.643, 61.692, 61.515, 60.568, 59.552, 59.413, 59.711, 59.112, 58.349, 59.311, 61.529, 63.273, 64.107, 63.904, 62.324, 61.258, 61.448, 61.763, 60.052, 56.179, 53.68, 54.278, 54.316, 51.34, 48.668, 48.121, 48.481, 48.273, 48.392, 48.827, 49.297, 50.011, 50.371, 50.446, 51.272, 52.141, 51.75, 51.105, 50.848, 50.338, 49.4, 48.678, 48.291, 48.491, 49.219, 49.296, 48.749, 48.668, 48.868, 48.702, 47.77, 46.483, 46.264, 46.961, 46.631, 45.674, 45.366, 45.539, 45.482, 45.388, 45.171, 44.563, 44.354, 44.474, 45.123, 46.216, 46.922, 47.005, 47.476, 49.538, 53.044, 54.798, 54.498, 55.505, 58.654, 60.843, 61.439, 62.253, 63.203, 64.104, 65.321, 65.86, 65.964, 67.183, 68.628, 68.709, 67.729, 67.542, 68.624, 69.409, 67.953, 64.473, 61.603, 60.626, 59.266, 55.252, 50.056, 48.24, 49.028, 48.136, 45.713, 45.053, 45.984, 47.098, 47.099, 46.678, 46.715, 46.708, 46.671, 46.71, 46.401, 46.069, 46.127, 46.152, 45.919, 45.764, 45.835, 45.771, 45.69, 45.98, 46.581, 46.979, 47.026, 46.75, 46.101, 45.885, 46.111, 45.882, 44.985, 44.497, 44.912, 45.241, 45.398, 45.843, 46.227, 46.176, 46.318, 46.674, 46.764, 46.515, 46.255, 45.691, 41.666], [41.627, 42.04, 42.72, 43.837, 44.509, 44.239, 43.67, 43.128, 42.524, 41.761, 41.336, 41.028, 40.131, 38.402, 35.809, 31.592, 25.277, 19.814, 15.063, 8.447, 0.0, 8.14, 13.582, 16.371, 17.57, 18.442, 20.529, 23.756, 26.286, 28.272, 30.017, 31.339, 32.175, 33.0, 34.808, 37.908, 40.581, 41.924, 42.845, 43.99, 44.88, 45.224, 44.841, 44.579, 45.188, 45.912, 46.144, 46.114, 45.927, 45.495, 45.338, 45.41, 45.458, 45.791, 45.808, 45.183, 45.471, 46.633, 47.046, 48.04, 51.811, 57.381, 60.893, 61.683, 61.695, 61.528, 60.594, 59.576, 59.45, 59.764, 59.16, 58.388, 59.365, 61.611, 63.377, 64.222, 64.015, 62.43, 61.351, 61.51, 61.8, 60.158, 56.421, 53.961, 54.537, 54.548, 51.442, 48.58, 48.023, 48.425, 48.242, 48.363, 48.761, 49.139, 49.756, 50.077, 50.139, 50.902, 51.708, 51.335, 50.741, 50.495, 49.982, 49.062, 48.357, 47.996, 48.234, 48.981, 49.057, 48.537, 48.49, 48.674, 48.522, 47.699, 46.514, 46.298, 46.97, 46.648, 45.716, 45.435, 45.602, 45.522, 45.41, 45.197, 44.61, 44.464, 44.621, 45.244, 46.266, 46.887, 46.951, 47.47, 49.605, 53.207, 55.026, 54.745, 55.766, 58.945, 61.158, 61.774, 62.63, 63.634, 64.558, 65.772, 66.29, 66.374, 67.601, 69.082, 69.185, 68.214, 68.029, 69.101, 69.877, 68.41, 64.894, 61.991, 61.018, 59.669, 55.668, 50.426, 48.423, 49.132, 48.318, 45.84, 44.964, 45.928, 47.108, 47.115, 46.68, 46.711, 46.746, 46.746, 46.789, 46.471, 46.12, 46.17, 46.206, 46.011, 45.946, 46.104, 46.072, 46.005, 46.32, 46.934, 47.349, 47.389, 47.055, 46.335, 46.058, 46.253, 46.006, 45.055, 44.434, 44.745, 45.051, 45.23, 45.695, 46.066, 46.018, 46.175, 46.534, 46.611, 46.374, 46.158, 45.627, 41.406], [41.495, 41.869, 42.791, 44.321, 45.175, 44.942, 44.39, 43.835, 43.251, 42.562, 42.212, 41.922, 40.987, 39.19, 36.597, 32.645, 27.081, 22.823, 19.662, 15.065, 8.14, 0.0, 6.715, 11.269, 13.76, 15.309, 18.152, 22.061, 24.944, 27.2, 29.237, 30.761, 31.641, 32.376, 34.068, 37.196, 40.002, 41.455, 42.461, 43.726, 44.817, 45.412, 45.24, 45.091, 45.705, 46.425, 46.774, 46.911, 46.828, 46.418, 46.266, 46.349, 46.424, 46.795, 46.834, 46.165, 46.262, 47.264, 47.624, 48.594, 52.2, 57.538, 60.917, 61.631, 61.608, 61.456, 60.582, 59.615, 59.503, 59.812, 59.221, 58.477, 59.459, 61.682, 63.43, 64.272, 64.066, 62.49, 61.417, 61.567, 61.856, 60.324, 56.797, 54.442, 54.975, 54.947, 51.835, 49.0, 48.559, 49.04, 48.898, 49.013, 49.365, 49.66, 50.196, 50.495, 50.556, 51.247, 51.979, 51.644, 51.093, 50.845, 50.342, 49.461, 48.787, 48.455, 48.702, 49.437, 49.507, 48.993, 48.926, 49.073, 48.948, 48.212, 47.131, 46.962, 47.639, 47.343, 46.442, 46.173, 46.331, 46.243, 46.126, 45.946, 45.396, 45.269, 45.439, 46.061, 47.044, 47.604, 47.647, 48.173, 50.289, 53.857, 55.688, 55.43, 56.432, 59.538, 61.696, 62.297, 63.147, 64.113, 64.992, 66.181, 66.706, 66.803, 68.024, 69.482, 69.574, 68.598, 68.398, 69.431, 70.165, 68.677, 65.156, 62.249, 61.271, 59.944, 56.037, 50.951, 48.944, 49.56, 48.858, 46.528, 45.558, 46.497, 47.669, 47.655, 47.23, 47.289, 47.353, 47.366, 47.407, 47.088, 46.739, 46.787, 46.831, 46.663, 46.63, 46.812, 46.813, 46.787, 47.111, 47.693, 48.078, 48.094, 47.747, 47.037, 46.735, 46.865, 46.567, 45.665, 45.086, 45.354, 45.612, 45.774, 46.205, 46.54, 46.496, 46.655, 47.007, 47.095, 46.893, 46.718, 46.215, 41.356], [41.275, 41.68, 42.766, 44.489, 45.392, 45.176, 44.668, 44.153, 43.611, 42.968, 42.656, 42.381, 41.459, 39.71, 37.217, 33.508, 28.417, 24.672, 22.195, 18.859, 13.582, 6.715, 0.0, 5.828, 9.771, 12.275, 15.878, 20.402, 23.623, 26.077, 28.241, 29.822, 30.71, 31.443, 33.124, 36.295, 39.192, 40.706, 41.748, 43.065, 44.246, 44.96, 44.954, 44.968, 45.625, 46.316, 46.723, 46.997, 47.017, 46.643, 46.502, 46.592, 46.681, 47.073, 47.148, 46.494, 46.528, 47.474, 47.802, 48.783, 52.374, 57.652, 60.983, 61.663, 61.624, 61.477, 60.628, 59.682, 59.574, 59.881, 59.3, 58.579, 59.579, 61.803, 63.547, 64.391, 64.195, 62.632, 61.563, 61.718, 62.02, 60.532, 57.07, 54.736, 55.249, 55.208, 52.076, 49.244, 48.875, 49.398, 49.265, 49.386, 49.74, 50.034, 50.555, 50.846, 50.903, 51.56, 52.25, 51.933, 51.388, 51.131, 50.625, 49.744, 49.073, 48.753, 48.999, 49.727, 49.788, 49.245, 49.143, 49.28, 49.174, 48.442, 47.366, 47.22, 47.905, 47.574, 46.627, 46.333, 46.482, 46.394, 46.27, 46.102, 45.564, 45.422, 45.593, 46.254, 47.287, 47.861, 47.895, 48.447, 50.646, 54.255, 56.091, 55.838, 56.835, 59.909, 62.035, 62.627, 63.471, 64.39, 65.229, 66.423, 66.963, 67.072, 68.294, 69.73, 69.81, 68.837, 68.63, 69.642, 70.349, 68.842, 65.309, 62.393, 61.407, 60.067, 56.157, 51.089, 49.096, 49.692, 49.0, 46.679, 45.701, 46.704, 47.9, 47.846, 47.411, 47.499, 47.573, 47.582, 47.622, 47.303, 46.961, 47.025, 47.079, 46.905, 46.849, 47.014, 47.021, 47.015, 47.347, 47.926, 48.301, 48.301, 47.944, 47.237, 46.932, 47.026, 46.693, 45.831, 45.318, 45.587, 45.825, 45.989, 46.42, 46.752, 46.706, 46.861, 47.217, 47.326, 47.155, 46.984, 46.399, 41.165], [41.12, 41.589, 42.682, 44.311, 45.132, 44.913, 44.458, 44.019, 43.527, 42.899, 42.588, 42.319, 41.449, 39.853, 37.566, 34.055, 29.045, 25.23, 22.936, 20.32, 16.371, 11.269, 5.828, 0.0, 5.044, 8.809, 13.435, 18.588, 22.11, 24.664, 26.802, 28.353, 29.268, 30.093, 31.878, 35.156, 38.14, 39.697, 40.749, 42.041, 43.17, 43.858, 43.955, 44.145, 44.877, 45.529, 45.919, 46.249, 46.349, 46.03, 45.913, 46.004, 46.094, 46.506, 46.618, 46.036, 46.181, 47.224, 47.563, 48.578, 52.3, 57.712, 61.088, 61.768, 61.729, 61.583, 60.713, 59.729, 59.6, 59.908, 59.331, 58.608, 59.623, 61.872, 63.631, 64.483, 64.293, 62.733, 61.664, 61.824, 62.128, 60.619, 57.094, 54.713, 55.235, 55.214, 52.049, 49.161, 48.77, 49.273, 49.11, 49.238, 49.621, 49.952, 50.505, 50.806, 50.866, 51.532, 52.229, 51.914, 51.366, 51.104, 50.585, 49.675, 48.989, 48.664, 48.903, 49.633, 49.686, 49.109, 48.997, 49.155, 49.053, 48.27, 47.125, 46.981, 47.69, 47.289, 46.249, 45.91, 46.052, 45.968, 45.844, 45.669, 45.117, 44.945, 45.121, 45.838, 46.95, 47.573, 47.613, 48.189, 50.493, 54.191, 56.046, 55.787, 56.802, 59.916, 62.058, 62.651, 63.499, 64.409, 65.248, 66.465, 67.018, 67.126, 68.353, 69.799, 69.887, 68.918, 68.716, 69.739, 70.447, 68.932, 65.385, 62.459, 61.471, 60.108, 56.119, 50.939, 48.922, 49.544, 48.779, 46.317, 45.333, 46.442, 47.716, 47.637, 47.157, 47.236, 47.301, 47.304, 47.35, 47.025, 46.681, 46.766, 46.833, 46.652, 46.579, 46.721, 46.704, 46.689, 47.052, 47.68, 48.08, 48.081, 47.701, 46.96, 46.65, 46.76, 46.445, 45.582, 45.068, 45.36, 45.623, 45.817, 46.28, 46.628, 46.574, 46.732, 47.102, 47.222, 47.055, 46.87, 46.192, 40.992], [41.442, 41.941, 42.955, 44.418, 45.18, 44.978, 44.562, 44.174, 43.718, 43.102, 42.789, 42.513, 41.674, 40.181, 38.027, 34.598, 29.462, 25.34, 22.982, 20.719, 17.57, 13.76, 9.771, 5.044, 0.0, 5.012, 11.32, 17.356, 21.191, 23.798, 25.86, 27.356, 28.309, 29.234, 31.105, 34.443, 37.473, 39.053, 40.088, 41.318, 42.347, 42.98, 43.148, 43.493, 44.306, 44.916, 45.242, 45.558, 45.685, 45.411, 45.338, 45.443, 45.519, 45.924, 46.074, 45.61, 45.927, 47.103, 47.461, 48.486, 52.306, 57.84, 61.268, 61.954, 61.914, 61.777, 60.897, 59.883, 59.727, 60.033, 59.462, 58.732, 59.736, 61.989, 63.751, 64.599, 64.408, 62.857, 61.799, 61.964, 62.253, 60.694, 57.086, 54.653, 55.175, 55.173, 52.047, 49.189, 48.775, 49.243, 49.046, 49.17, 49.562, 49.901, 50.462, 50.768, 50.834, 51.51, 52.209, 51.878, 51.327, 51.071, 50.549, 49.632, 48.945, 48.613, 48.844, 49.577, 49.631, 49.046, 48.946, 49.125, 49.023, 48.217, 47.037, 46.9, 47.63, 47.206, 46.126, 45.771, 45.927, 45.861, 45.743, 45.564, 45.012, 44.829, 44.997, 45.711, 46.821, 47.458