[[0.0, 6.086, 12.577, 16.934, 20.098, 22.613, 24.626, 26.253, 28.57, 30.86, 31.524, 32.797, 33.957, 34.768, 37.403, 38.962, 39.786, 40.072, 39.311, 39.299, 39.304, 38.862, 38.795, 38.417, 38.071, 38.055, 38.109, 38.328, 38.223, 38.34, 38.898, 37.887, 36.854, 37.001, 37.108, 37.219, 37.726, 38.483, 38.454, 38.045, 37.524, 37.639, 38.097, 37.468, 37.959, 39.188, 39.117, 39.373, 39.484, 39.196, 38.929, 38.777, 39.244, 39.647, 39.709, 39.54, 39.323, 39.075, 38.846, 38.693, 38.906, 39.036, 39.482, 39.985, 40.57, 40.663, 42.146, 41.577, 40.494, 39.766, 39.85, 40.695, 41.174, 40.877, 39.179, 38.755, 39.84, 40.045, 39.842, 39.694, 39.33, 39.281, 38.751, 38.439, 39.092, 39.437, 39.038, 38.837, 39.396, 40.521, 40.585, 40.557, 40.58, 40.663, 40.902, 39.559, 38.145, 37.787, 38.065, 38.347, 38.806, 39.391, 39.877, 39.474, 38.339, 38.278, 38.454, 10.478], [6.086, 0.0, 8.393, 14.129, 17.663, 20.421, 22.692, 24.609, 27.203, 29.734, 30.539, 31.915, 33.115, 34.053, 36.864, 38.5, 39.369, 39.694, 38.93, 38.955, 38.991, 38.552, 38.545, 38.224, 37.872, 37.837, 37.882, 38.092, 37.979, 38.099, 38.638, 37.57, 36.509, 36.656, 36.738, 36.859, 37.369, 38.076, 37.975, 37.542, 37.012, 37.135, 37.601, 36.957, 37.514, 38.769, 38.687, 38.959, 39.072, 38.791, 38.495, 38.335, 38.804, 39.219, 39.296, 39.148, 38.929, 38.65, 38.432, 38.335, 38.594, 38.75, 39.206, 39.711, 40.271, 40.285, 41.744, 41.142, 40.043, 39.281, 39.343, 40.234, 40.732, 40.403, 38.68, 38.292, 39.425, 39.63, 39.411, 39.233, 38.85, 38.797, 38.245, 37.865, 38.492, 38.86, 38.452, 38.224, 38.827, 39.981, 40.061, 40.019, 39.981, 40.037, 40.282, 38.965, 37.588, 37.264, 37.58, 37.896, 38.399, 39.001, 39.47, 39.045, 37.937, 37.909, 38.1, 11.537], [12.577, 8.393, 0.0, 8.084, 13.607, 17.148, 19.795, 22.167, 25.285, 28.224, 29.217, 30.667, 31.925, 33.04, 36.109, 37.949, 38.926, 39.283, 38.481, 38.607, 38.735, 38.301, 38.354, 38.139, 37.811, 37.738, 37.789, 38.003, 37.875, 38.046, 38.573, 37.406, 36.316, 36.471, 36.538, 36.669, 37.113, 37.732, 37.585, 37.143, 36.604, 36.71, 37.193, 36.526, 37.087, 38.398, 38.337, 38.656, 38.775, 38.473, 38.15, 37.992, 38.42, 38.848, 38.96, 38.833, 38.61, 38.307, 38.098, 38.095, 38.448, 38.684, 39.242, 39.83, 40.415, 40.301, 41.681, 41.052, 39.956, 39.129, 39.112, 39.976, 40.452, 40.126, 38.376, 38.003, 39.185, 39.342, 39.131, 38.967, 38.548, 38.474, 37.93, 37.525, 38.071, 38.41, 37.99, 37.762, 38.439, 39.635, 39.675, 39.575, 39.428, 39.424, 39.665, 38.321, 36.927, 36.625, 36.959, 37.269, 37.788, 38.43, 38.906, 38.472, 37.461, 37.593, 37.818, 15.949], [16.934, 14.129, 8.084, 0.0, 8.348, 13.989, 17.136, 19.939, 23.919, 27.417, 28.5, 29.935, 31.257, 32.541, 35.821, 37.821, 38.947, 39.369, 38.544, 38.76, 38.979, 38.573, 38.656, 38.512, 38.277, 38.197, 38.234, 38.464, 38.368, 38.561, 39.059, 37.906, 36.796, 36.897, 36.953, 37.081, 37.42, 37.941, 37.752, 37.334, 36.848, 36.954, 37.427, 36.78, 37.353, 38.703, 38.683, 39.037, 39.116, 38.772, 38.464, 38.283, 38.651, 39.129, 39.287, 39.15, 38.917, 38.608, 38.413, 38.455, 38.839, 39.107, 39.717, 40.362, 40.971, 40.832, 42.146, 41.525, 40.446, 39.593, 39.442, 40.219, 40.664, 40.257, 38.496, 38.237, 39.389, 39.467, 39.309, 39.171, 38.725, 38.64, 38.139, 37.773, 38.276, 38.597, 38.203, 38.003, 38.686, 39.858, 39.897, 39.821, 39.67, 39.653, 39.911, 38.627, 37.301, 37.011, 37.332, 37.642, 38.145, 38.775, 39.25, 38.843, 37.893, 38.028, 38.234, 19.277], [20.098, 17.663, 13.607, 8.348, 0.0, 8.072, 12.906, 16.759, 22.023, 26.256, 27.537, 29.108, 30.523, 32.015, 35.46, 37.487, 38.674, 39.145, 38.348, 38.562, 38.806, 38.422, 38.532, 38.418, 38.242, 38.222, 38.262, 38.47, 38.391, 38.579, 39.067, 37.984, 36.911, 36.968, 37.012, 37.116, 37.394, 37.833, 37.63, 37.318, 36.935, 37.071, 37.536, 36.904, 37.465, 38.793, 38.824, 39.239, 39.338, 38.993, 38.71, 38.524, 38.816, 39.323, 39.536, 39.374, 39.106, 38.806, 38.629, 38.644, 39.003, 39.265, 39.878, 40.573, 41.212, 41.113, 42.462, 41.877, 40.834, 40.002, 39.816, 40.547, 40.976, 40.529, 38.753, 38.542, 39.699, 39.77, 39.615, 39.498, 39.029, 38.9, 38.429, 38.072, 38.522, 38.815, 38.418, 38.233, 38.903, 40.009, 40.061, 39.999, 39.878, 39.873, 40.12, 38.871, 37.58, 37.288, 37.613, 37.942, 38.432, 39.047, 39.53, 39.122, 38.157, 38.243, 38.451, 21.778], [22.613, 20.421, 17.148, 13.989, 8.072, 0.0, 7.098, 13.259, 20.048, 24.859, 26.455, 28.344, 29.921, 31.574, 35.177, 37.25, 38.468, 39.024, 38.288, 38.48, 38.731, 38.36, 38.51, 38.418, 38.23, 38.279, 38.374, 38.557, 38.446, 38.614, 39.081, 38.015, 36.987, 37.053, 37.099, 37.184, 37.434, 37.87, 37.743, 37.546, 37.22, 37.345, 37.788, 37.16, 37.673, 38.932, 38.966, 39.392, 39.543, 39.213, 38.947, 38.786, 39.056, 39.518, 39.722, 39.558, 39.283, 39.003, 38.848, 38.859, 39.206, 39.43, 40.032, 40.778, 41.432, 41.314, 42.69, 42.128, 41.1, 40.329, 40.155, 40.88, 41.31, 40.895, 39.102, 38.801, 39.966, 40.066, 39.895, 39.791, 39.306, 39.127, 38.655, 38.278, 38.71, 38.985, 38.575, 38.405, 39.084, 40.165, 40.196, 40.127, 40.047, 40.05, 40.281, 39.052, 37.768, 37.446, 37.752, 38.103, 38.595, 39.191, 39.692, 39.291, 38.315, 38.395, 38.603, 24.334], [24.626, 22.692, 19.795, 17.136, 12.906, 7.098, 0.0, 8.577, 17.634, 23.093, 25.318, 27.905, 29.686, 31.542, 35.392, 37.58, 38.888, 39.707, 39.129, 39.337, 39.631, 39.258, 39.437, 39.394, 39.249, 39.314, 39.405, 39.632, 39.575, 39.717, 40.142, 39.139, 38.13, 38.169, 38.2, 38.269, 38.48, 38.907, 38.806, 38.645, 38.33, 38.453, 38.86, 38.303, 38.774, 39.91, 39.943, 40.289, 40.405, 40.086, 39.845, 39.654, 39.915, 40.341, 40.509, 40.365, 40.101, 39.815, 39.639, 39.647, 39.987, 40.167, 40.693, 41.4, 41.989, 41.784, 43.074, 42.513, 41.512, 40.92, 40.753, 41.445, 41.939, 41.409, 39.604, 39.28, 40.293, 40.3, 40.148, 40.037, 39.56, 39.392, 38.993, 38.707, 39.204, 39.554, 39.205, 39.003, 39.613, 40.632, 40.667, 40.74, 40.74, 40.739, 41.013, 39.954, 38.791, 38.498, 38.755, 39.013, 39.405, 39.949, 40.468, 40.153, 39.334, 39.422, 39.584, 25.752], [26.253, 24.609, 22.167, 19.939, 16.759, 13.259, 8.577, 0.0, 11.319, 18.497, 21.961, 25.774, 27.981, 30.172, 34.507, 36.959, 38.435, 39.622, 39.227, 39.475, 39.851, 39.441, 39.608, 39.587, 39.515, 39.6, 39.596, 39.872, 39.964, 40.213, 40.691, 39.692, 38.621, 38.61, 38.587, 38.618, 38.791, 39.206, 39.059, 38.876, 38.595, 38.735, 39.147, 38.645, 39.125, 40.253, 40.303, 40.664, 40.669, 40.298, 40.068, 39.81, 40.069, 40.504, 40.637, 40.489, 40.221, 39.905, 39.668, 39.643, 39.982, 40.125, 40.534, 41.163, 41.679, 41.37, 42.608, 42.06, 41.099, 40.834, 40.848, 41.555, 42.092, 41.382, 39.545, 39.286, 40.206, 40.096, 39.956, 39.834, 39.344, 39.19, 38.875, 38.732, 39.27, 39.65, 39.317, 39.069, 39.615, 40.621, 40.671, 40.869, 40.856, 40.845, 41.176, 40.182, 39.083, 38.828, 39.066, 39.241, 39.586, 40.155, 40.721, 40.473, 39.785, 39.883, 40.004, 26.803], [28.57, 27.203, 25.285, 23.919, 22.023, 20.048, 17.634, 11.319, 0.0, 9.767, 16.046, 21.735, 24.552, 27.211, 32.281, 35.183, 36.898, 38.451, 38.157, 38.479, 38.937, 38.485, 38.618, 38.551, 38.523, 38.638, 38.532, 38.848, 39.105, 39.646, 40.317, 39.274, 38.185, 38.221, 38.183, 38.209, 38.4, 38.855, 38.711, 38.451, 38.118, 38.248, 38.66, 38.163, 38.831, 40.077, 40.108, 40.526, 40.346, 39.862, 39.568, 39.206, 39.447, 39.88, 39.987, 39.774, 39.462, 39.12, 38.835, 38.805, 39.162, 39.283, 39.653, 40.29, 40.804, 40.374, 41.699, 41.2, 40.272, 40.375, 40.669, 41.454, 41.969, 41.219, 39.289, 38.947, 39.977, 39.935, 39.772, 39.63, 39.08, 38.889, 38.562, 38.475, 39.031, 39.355, 38.953, 38.694, 39.176, 40.22, 40.279, 40.419, 40.279, 40.262, 40.688, 39.609, 38.415, 38.185, 38.44, 38.604, 38.996, 39.629, 40.223, 39.946, 39.259, 39.425, 39.513, 29.2], [30.86, 29.734, 28.224, 27.417, 26.256, 24.859, 23.093, 18.497, 9.767, 0.0, 10.561, 19.211, 22.562, 25.271, 30.726, 33.968, 35.923, 37.716, 37.504, 37.902, 38.416, 37.991, 38.114, 37.997, 38.012, 38.163, 38.042, 38.391, 38.724, 39.44, 40.267, 39.322, 38.29, 38.347, 38.349, 38.409, 38.625, 39.131, 39.054, 38.782, 38.375, 38.448, 38.807, 38.319, 39.034, 40.206, 40.183, 40.54, 40.229, 39.713, 39.381, 38.984, 39.233, 39.655, 39.712, 39.462, 39.131, 38.771, 38.476, 38.445, 38.788, 38.889, 39.263, 39.917, 40.44, 39.966, 41.34, 40.884, 39.99, 40.237, 40.613, 41.402, 41.849, 41.135, 39.237, 38.855, 39.964, 40.014, 39.863, 39.699, 39.122, 38.929, 38.586, 38.528, 39.155, 39.468, 39.061, 38.809, 39.183, 40.166, 40.238, 40.365, 40.244, 40.253, 40.723, 39.635, 38.388, 38.153, 38.371, 38.525, 38.934, 39.57, 40.158, 39.867, 39.18, 39.417, 39.488, 31.676], [31.524, 30.539, 29.217, 28.5, 27.537, 26.455, 25.318, 21.961, 16.046, 10.561, 0.0, 12.341, 17.816, 20.034, 26.101, 30.179, 32.736, 34.852, 34.664, 35.238, 35.908, 35.517, 35.65, 35.558, 35.7, 35.906, 35.811, 36.251, 36.696, 37.707, 38.83, 37.889, 36.833, 36.93, 36.973, 37.105, 37.405, 38.04, 38.076, 37.779, 37.297, 37.307, 37.676, 37.117, 37.982, 39.31, 39.228, 39.608, 39.322, 38.772, 38.375, 37.971, 38.269, 38.688, 38.71, 38.403, 38.044, 37.689, 37.44, 37.407, 37.729, 37.848, 38.308, 39.031, 39.621, 39.121, 40.629, 40.169, 39.201, 39.321, 39.703, 40.534, 40.938, 40.262, 38.22, 37.801, 39.176, 39.391, 39.249, 39.075, 38.486, 38.297, 37.883, 37.755, 38.404, 38.679, 38.214, 37.976, 38.442, 39.598, 39.627, 39.627, 39.477, 39.553, 40.032, 38.771, 37.315, 36.947, 37.185, 37.449, 37.973, 38.72, 39.347, 38.999, 38.15, 38.399, 38.507, 32.904], [32.797, 31.915, 30.667, 29.935, 29.108, 28.344, 27.905, 25.774, 21.735, 19.211, 12.341, 0.0, 8.662, 12.131, 19.31, 24.416, 27.778, 30.319, 30.231, 31.067, 31.885, 31.563, 31.793, 31.859, 32.245, 32.472, 32.425, 33.038, 33.72, 35.24, 36.668, 35.829, 35.383, 35.807, 35.813, 35.944, 36.304, 36.995, 37.145, 36.881, 36.365, 36.331, 36.709, 36.098, 37.147, 38.682, 38.599, 39.028, 38.837, 38.324, 37.916, 37.709, 38.056, 38.405, 38.465, 38.154, 37.796, 37.501, 37.349, 37.344, 37.64, 37.794, 38.403, 39.215, 39.88, 39.477, 40.991, 40.524, 39.473, 39.347, 39.71, 40.389, 40.709, 40.287, 38.148, 37.411, 38.889, 39.279, 39.174, 39.009, 38.448, 38.306, 37.884, 37.713, 38.207, 38.322, 37.787, 37.596, 38.162, 39.378, 39.387, 39.281, 39.112, 39.202, 39.643, 38.293, 36.729, 36.236, 36.462, 36.822, 37.434, 38.248, 38.885, 38.449, 37.438, 37.671, 37.768, 34.574], [33.957, 33.115, 31.925, 31.257, 30.523, 29.921, 29.686, 27.981, 24.552, 22.562, 17.816, 8.662, 0.0, 8.039, 17.196, 22.359, 25.86, 28.663, 28.782, 29.743, 30.593, 30.361, 30.683, 30.814, 31.294, 31.518, 31.489, 32.166, 32.944, 34.645, 36.13, 35.342, 35.338, 36.032, 36.062, 36.167, 36.483, 37.116, 37.301, 37.076, 36.532, 36.516, 36.891, 36.302, 37.431, 38.952, 38.88, 39.298, 39.109, 38.604, 38.216, 38.113, 38.495, 38.856, 38.917, 38.624, 38.286, 38.028, 37.912, 37.886, 38.147, 38.316, 38.964, 39.793, 40.447, 40.031, 41.403, 40.973, 39.926, 39.711, 40.113, 40.724, 41.015, 40.735, 38.669, 37.819, 39.223, 39.626, 39.547, 39.404, 38.884, 38.779, 38.389, 38.22, 38.623, 38.654, 38.131, 37.96, 38.485, 39.636, 39.687, 39.567, 39.432, 39.518, 39.904, 38.61, 37.131, 36.64, 36.869, 37.235, 37.823, 38.593, 39.194, 38.776, 37.78, 37.973, 38.028, 35.671], [34.768, 34.053, 33.04, 32.541, 32.015, 31.574, 31.542, 30.172, 27.211, 25.271, 20.034, 12.131, 8.039, 0.0, 11.694, 18.674, 23.0, 26.141, 26.518, 27.744, 28.766, 28.684, 29.058, 29.287, 29.858, 30.102, 30.193, 30.973, 31.78, 33.632, 35.33, 34.737, 34.834, 35.573, 35.745, 35.962, 36.334, 37.032, 37.328, 37.113, 36.5, 36.403, 36.747, 36.145, 37.308, 38.868, 38.746, 39.178, 39.04, 38.5, 38.097, 38.028, 38.451, 38.762, 38.808, 38.503, 38.157, 37.919, 37.841, 37.8, 38.005, 38.197, 38.945, 39.823, 40.501, 40.024, 41.38, 41.003, 39.959, 39.769, 40.146, 40.706, 40.978, 40.736, 38.56, 37.541, 39.037, 39.536, 39.46, 39.303, 38.808, 38.713, 38.285, 38.089, 38.464, 38.44, 37.885, 37.731, 38.286, 39.486, 39.541, 39.413, 39.281, 39.411, 39.806, 38.497, 36.989, 36.441, 36.634, 37.033, 37.648, 38.409, 38.985, 38.543, 37.514, 37.72, 37.782, 36.753], [37.403, 36.864, 36.109, 35.821, 35.46, 35.177, 35.392, 34.507, 32.281, 30.726, 26.101, 19.31, 17.196, 11.694, 0.0, 10.459, 17.572, 21.449, 22.869, 24.615, 25.937, 26.378, 26.86, 27.596, 28.434, 28.603, 29.099, 30.099, 30.902, 32.904, 34.841, 34.855, 35.638, 36.426, 36.645, 36.993, 37.449, 38.102, 38.496, 38.342, 37.733, 37.561, 37.784, 37.218, 38.213, 39.62, 39.485, 39.838, 39.785, 39.288, 38.924, 39.039, 39.421, 39.588, 39.652, 39.379, 39.051, 38.894, 38.922, 38.885, 39.015, 39.265, 40.159, 41.106, 41.841, 41.461, 42.717, 42.411, 41.487, 41.278, 41.524, 41.928, 42.061, 41.989, 39.908, 38.601, 39.925, 40.496, 40.419, 40.252, 39.802, 39.705, 39.277, 39.039, 39.224, 39.098, 38.579, 38.475, 39.062, 40.181, 40.266, 40.152, 39.995, 40.126, 40.508, 39.338, 37.959, 37.358, 37.427, 37.809, 38.364, 39.068, 39.611, 39.153, 38.127, 38.247, 38.292, 39.607], [38.962, 38.5, 37.949, 37.821, 37.487, 37.25, 37.58, 36.959, 35.183, 33.968, 30.179, 24.416, 22.359, 18.674, 10.459, 0.0, 10.123, 16.649, 19.918, 22.001, 23.576, 24.51, 25.118, 26.155, 27.18, 27.292, 28.075, 29.26, 30.079, 32.177, 34.371, 34.962, 36.54, 37.462, 37.693, 38.172, 38.711, 39.362, 39.811, 39.71, 39.21, 39.133, 39.305, 38.788, 39.665, 40.861, 40.731, 40.999, 40.986, 40.549, 40.241, 40.421, 40.757, 40.866, 40.921, 40.681, 40.366, 40.221, 40.278, 40.245, 40.337, 40.547, 41.363, 42.21, 42.871, 42.584, 43.707, 43.439, 42.561, 42.346, 42.547, 42.938, 43.042, 43.031, 41.184, 39.921, 41.044, 41.611, 41.527, 41.365, 40.929, 40.799, 40.394, 40.14, 40.228, 40.091, 39.652, 39.597, 40.209, 41.243, 41.376, 41.212, 41.062, 41.186, 41.503, 40.443, 39.213, 38.7, 38.739, 39.036, 39.468, 40.126, 40.641, 40.197, 39.229, 39.266, 39.286, 41.042], [39.786, 39.369, 38.926, 38.947, 38.674, 38.468, 38.888, 38.435, 36.898, 35.923, 32.736, 27.778, 25.86, 23.0, 17.572, 10.123, 0.0, 10.562, 16.59, 18.817, 20.496, 21.84, 22.569, 23.722, 24.969, 25.138, 26.06, 27.387, 28.231, 30.48, 33.02, 34.153, 36.493, 37.673, 37.982, 38.554, 39.23, 40.047, 40.568, 40.492, 40.042, 39.981, 40.096, 39.584, 40.409, 41.498, 41.363, 41.596, 41.622, 41.197, 40.919, 41.069, 41.352, 41.428, 41.488, 41.249, 40.907, 40.749, 40.831, 40.827, 40.912, 41.068, 41.839, 42.659, 43.269, 43.029, 44.1, 43.824, 42.945, 42.696, 42.928, 43.372, 43.482, 43.51, 41.774, 40.5, 41.579, 42.137, 42.027, 41.895, 41.466, 41.291, 40.868, 40.577, 40.671, 40.571, 40.146, 40.105, 40.769, 41.834, 41.968, 41.704, 41.545, 41.671, 41.922, 40.913, 39.754, 39.265, 39.292, 39.556, 39.914, 40.561, 41.061, 40.605, 39.683, 39.766, 39.815, 41.797], [40.072, 39.694, 39.283, 39.369, 39.145, 39.024, 39.707, 39.622, 38.451, 37.716, 34.852, 30.319, 28.663, 26.141, 21.449, 16.649, 10.562, 0.0, 9.369, 12.996, 14.907, 17.137, 18.19, 19.969, 21.746, 21.999, 23.434, 24.897, 25.589, 28.059, 30.905, 32.45, 35.323, 36.782, 37.196, 37.837, 38.609, 39.569, 40.176, 40.078, 39.591, 39.467, 39.535, 38.984, 39.791, 40.908, 40.748, 40.965, 41.029, 40.617, 40.355, 40.579, 40.877, 40.925, 40.993, 40.731, 40.368, 40.236, 40.366, 40.384, 40.478, 40.688, 41.605, 42.535, 43.244, 43.111, 44.242, 43.979, 43.135, 42.741, 42.914, 43.377, 43.384, 43.556, 41.853, 40.483, 41.588, 42.191, 42.076, 41.976, 41.586, 41.423, 40.939, 40.574, 40.618, 40.438, 39.96, 39.943, 40.649, 41.75, 41.873, 41.567, 41.371, 41.542, 41.777, 40.689, 39.432, 38.859, 38.884, 39.215, 39.606, 40.217, 40.647, 40.103, 39.002, 39.034, 39.138, 42.295], [39.311, 38.93, 38.481, 38.544, 38.348, 38.288, 39.129, 39.227, 38.157, 37.504, 34.664, 30.231, 28.782, 26.518, 22.869, 19.918, 16.59, 9.369, 0.0, 5.934, 9.166, 11.912, 13.402, 15.803, 18.307, 18.831, 20.544, 22.062, 22.652, 25.33, 28.343, 29.907, 32.986, 34.699, 35.222, 36.017, 36.98, 38.098, 38.854, 38.816, 38.31, 38.138, 38.236, 37.649, 38.596, 39.897, 39.708, 39.955, 40.004, 39.58, 39.268, 39.514, 39.887, 39.935, 40.011, 39.726, 39.333, 39.199, 39.343, 39.399, 39.564, 39.85, 40.881, 41.937, 42.744, 42.625, 43.894, 43.602, 42.674, 42.186, 42.337, 42.81, 42.794, 43.02, 41.202, 39.749, 40.968, 41.636, 41.521, 41.425, 41.02, 40.852, 40.33, 39.956, 40.017, 39.802, 39.284, 39.271, 40.008, 41.206, 41.314, 41.018, 40.802, 41.014, 41.288, 40.03, 38.557, 37.91, 37.951, 38.318, 38.762, 39.408, 39.843, 39.233, 37.925, 37.85, 37.938, 41.812], [39.299, 38.955, 38.607, 38.76, 38.562, 38.48, 39.337, 39.475, 38.479, 37.902, 35.238, 31.067, 29.743, 27.744, 24.615, 22.001, 18.817, 12.996, 5.934, 0.0, 5.188, 9.158, 10.744, 13.331, 16.267, 17.002, 18.737, 20.23, 20.852, 23.698, 26.866, 28.608, 32.056, 33.921, 34.501, 35.419, 36.514, 37.725, 38.555, 38.596, 38.13, 37.953, 38.054, 37.458, 38.437, 39.774, 39.584, 39.865, 39.913, 39.469, 39.141, 39.336, 39.709, 39.757, 39.837, 39.546, 39.134, 39.003, 39.153, 39.216, 39.383, 39.659, 40.698, 41.77, 42.579, 42.483, 43.821, 43.521, 42.575, 42.055, 42.226, 42.73, 42.727, 42.96, 41.148, 39.727, 41.014, 41.688, 41.545, 41.449, 41.027, 40.823, 40.29, 39.91, 39.981, 39.782, 39.272, 39.25, 39.991, 41.225, 41.318, 40.974, 40.772, 40.991, 41.248, 39.968, 38.437, 37.778, 37.822, 38.185, 38.633, 39.306, 39.755, 39.124, 37.773, 37.674, 37.743, 41.85], [39.304, 38.991, 38.735, 38.979, 38.806, 38.731, 39.631, 39.851, 38.937, 38.416, 35.908, 31.885, 30.593, 28.766, 25.937, 23.576, 20.496, 14.907, 9.166, 5.188, 0.0, 5.805, 8.172, 10.684, 13.85, 14.85, 16.945, 18.591, 19.311, 22.447, 25.834, 27.718, 31.416, 33.372, 33.971, 34.94, 36.1, 37.391, 38.283, 38.34, 37.877, 37.734, 37.848, 37.232, 38.204, 39.532, 39.335, 39.639, 39.685, 39.22, 38.888, 39.065, 39.426, 39.49, 39.585, 39.28, 38.866, 38.754, 38.918, 38.98, 39.135, 39.387, 40.442, 41.521, 42.34, 42.243, 43.582, 43.282, 42.362, 41.827, 41.991, 42.543, 42.533, 42.801, 41.065, 39.713, 41.077, 41.762, 41.609, 41.527, 41.101, 40.882, 40.332, 39.917, 39.988, 39.775, 39.241, 39.217, 39.944, 41.16, 41.247, 40.832, 40.599, 40.833, 41.076, 39.771, 38.21, 37.544, 37.589, 37.981, 38.453, 39.114, 39.546, 38.916, 37.581, 37.502, 37.579, 41.882], [38.862, 38.552, 38.301, 38.573, 38.422, 38.36, 39.258, 39.441, 38.485, 37.991, 35.517, 31.563, 30.361, 28.684, 26.378, 24.51, 21.84, 17.137, 11.912, 9.158, 5.805, 0.0, 4.189, 7.77, 11.202, 12.542, 14.896, 16.754, 17.665, 21.146, 24.741, 26.566, 30.241, 32.219, 32.811, 33.795, 35.026, 36.452, 37.499, 37.667, 37.232, 37.138, 37.315, 36.693, 37.684, 39.051, 38.851, 39.21, 39.281, 38.791, 38.454, 38.599, 38.978, 39.101, 39.205, 38.899, 38.479, 38.339, 38.49, 38.553, 38.703, 38.927, 39.954, 41.035, 41.859, 41.726, 43.068, 42.738, 41.76, 41.219, 41.415, 42.013, 42.047, 42.304, 40.568, 39.281, 40.728, 41.424, 41.272, 41.2, 40.776, 40.559, 39.995, 39.574, 39.674, 39.46, 38.902, 38.876, 39.615, 40.87, 40.948, 40.489, 40.214, 40.446, 40.686, 39.317, 37.727, 37.059, 37.097, 37.528, 38.044, 38.72, 39.175, 38.567, 37.228, 37.165, 37.234, 41.451], [38.795, 38.545, 38.354, 38.656, 38.532, 38.51, 39.437, 39.608, 38.618, 38.114, 35.65, 31.793, 30.683, 29.058, 26.86, 25.118, 22.569, 18.19, 13.402, 10.744, 8.172, 4.189, 0.0, 5.619, 9.901, 11.334, 13.812, 15.762, 16.788, 20.459, 24.183, 26.055, 29.772, 31.778, 32.403, 33.404, 34.657, 36.151, 37.288, 37.536, 37.13, 37.026, 37.207, 36.593, 37.577, 38.949, 38.751, 39.128, 39.21, 38.708, 38.369, 38.516, 38.903, 39.052, 39.15, 38.841, 38.421, 38.282, 38.428, 38.478, 38.606, 38.819, 39.839, 40.923, 41.76, 41.633, 43.0, 42.669, 41.666, 41.077, 41.264, 41.874, 41.913, 42.183, 40.446, 39.203, 40.671, 41.366, 41.207, 41.142, 40.74, 40.537, 39.966, 39.536, 39.624, 39.397, 38.837, 38.815, 39.556, 40.84, 40.916, 40.441, 40.155, 40.372, 40.609, 39.221, 37.61, 36.936, 36.971, 37.414, 37.927, 38.596, 39.059, 38.458, 37.098, 37.051, 37.117, 41.422], [38.417, 38.224, 38.139, 38.512, 38.418, 38.418, 39.394, 39.587, 38.551, 37.997, 35.558, 31.859, 30.814, 29.287, 27.596, 26.155, 23.722, 19.969, 15.803, 13.331, 10.684, 7.77, 5.619, 0.0, 6.044, 8.707, 11.454, 13.427, 14.527, 18.665, 22.722, 24.622, 28.437, 30.549, 31.234, 32.299, 33.685, 35.395, 36.683, 37.03, 36.649, 36.576, 36.799, 36.159, 37.181, 38.583, 38.368, 38.798, 38.887, 38.355, 37.991, 38.11, 38.498, 38.683, 38.794, 38.467, 38.038, 37.912, 38.063, 38.119, 38.249, 38.44, 39.458, 40.556, 41.395, 41.249, 42.664, 42.315, 41.273, 40.656, 40.882, 41.555, 41.595, 41.853, 40.109, 38.912, 40.454, 41.16, 40.981, 40.922, 40.519, 40.307, 39.712, 39.255, 39.351, 39.127, 38.55, 38.509, 39.191, 40.493, 40.575, 40.064, 39.749, 39.951, 40.196, 38.745, 37.075, 36.389, 36.438, 36.91, 37.442, 38.104, 38.559, 37.96, 36.622, 36.632, 36.679, 41.138], [38.071, 37.872, 37.811, 38.277, 38.242, 38.23, 39.249, 39.515, 38.523, 38.012, 35.7, 32.245, 31.294, 29.858, 28.434, 27.18, 24.969, 21.746, 18.307, 16.267, 13.85, 11.202, 9.901, 6.044, 0.0, 4.927, 9.718, 11.668, 12.246, 16.664, 21.052, 23.013, 27.03, 29.313, 30.038, 31.167, 32.729, 34.651, 36.064, 36.502, 36.136, 36.081, 36.348, 35.682, 36.765, 38.213, 37.977, 38.465, 38.558, 38.004, 37.628, 37.768, 38.167, 38.347, 38.451, 38.126, 37.7, 37.587, 37.753, 37.814, 37.954, 38.152, 39.179, 40.272, 41.111, 40.934, 42.377, 42.004, 40.927, 40.303, 40.574, 41.29, 41.348, 41.582, 39.8, 38.543, 40.108, 40.824, 40.626, 40.554, 40.139, 39.92, 39.298, 38.808, 38.901, 38.679, 38.077, 38.012, 38.654, 40.012, 40.115, 39.597, 39.27, 39.459, 39.727, 38.261, 36.566, 35.867, 35.925, 36.431, 36.996, 37.667, 38.129, 37.509, 36.153, 36.222, 36.277, 40.926], [38.055, 37.837, 37.738, 38.197, 38.222, 38.279, 39.314, 39.6, 38.638, 38.163, 35.906, 32.472, 31.518, 30.102, 28.603, 27.292, 25.138, 21.999, 18.831, 17.002, 14.85, 12.542, 11.334, 8.707, 4.927, 0.0, 6.796, 9.719, 10.509, 15.366, 20.063, 22.209, 26.439, 28.8, 29.551, 30.758, 32.36, 34.33, 35.803, 36.25, 35.866, 35.814, 36.1, 35.446, 36.58, 38.056, 37.821, 38.321, 38.369, 37.809, 37.441, 37.604, 38.0, 38.178, 38.298, 37.97, 37.53, 37.411, 37.586, 37.658, 37.806, 38.013, 39.058, 40.176, 41.029, 40.841, 42.279, 41.909, 40.821, 40.208, 40.501, 41.207, 41.259, 41.506, 39.707, 38.403, 39.957, 40.685, 40.483, 40.398, 39.985, 39.775, 39.144, 38.663, 38.781, 38.575, 37.975, 37.901, 38.527, 39.886, 39.975, 39.433, 39.085, 39.27, 39.556, 38.139, 36.476, 35.795, 35.869, 36.38, 36.951, 37.619, 38.089, 37.474, 36.1, 36.16, 36.206, 40.923], [38.109, 37.882, 37.789, 38.234, 38.262, 38.374, 39.405, 39.596, 38.532, 38.042, 35.811, 32.425, 31.489, 30.193, 29.099, 28.075, 26.06, 23.434, 20.544, 18.737, 16.945, 14.896, 13.812, 11.454, 9.718, 6.796, 0.0, 4.759, 7.705, 13.578, 18.712, 21.077, 25.349, 27.676, 28.478, 29.806, 31.469, 33.594, 35.281, 35.913, 35.626, 35.667, 36.033, 35.411, 36.575, 38.065, 37.867, 38.447, 38.486, 37.892, 37.552, 37.639, 37.985, 38.233, 38.41, 38.081, 37.61, 37.464, 37.63, 37.682, 37.807, 37.954, 38.922, 40.013, 40.852, 40.676, 42.149, 41.765, 40.624, 40.092, 40.508, 41.216, 41.301, 41.543, 39.727, 38.466, 40.042, 40.755, 40.545, 40.462, 40.062, 39.848, 39.223, 38.77, 38.928, 38.765, 38.184, 38.083, 38.645, 39.938, 39.998, 39.445, 39.081, 39.243, 39.534, 38.164, 36.561, 35.935, 36.033, 36.533, 37.113, 37.763, 38.224, 37.637, 36.311, 36.392, 36.427, 40.872], [38.328, 38.092, 38.003, 38.464, 38.47, 38.557, 39.632, 39.872, 38.848, 38.391, 36.251, 33.038, 32.166, 30.973, 30.099, 29.26, 27.387, 24.897, 22.062, 20.23, 18.591, 16.754, 15.762, 13.427, 11.668, 9.719, 4.759, 0.0, 5.316, 12.362, 17.736, 20.348, 24.795, 27.116, 27.943, 29.325, 31.04, 33.251, 35.106, 35.91, 35.698, 35.774, 36.152, 35.538, 36.652, 38.11, 37.93, 38.575, 38.694, 38.103, 37.787, 37.858, 38.158, 38.41, 38.605, 38.285, 37.827, 37.696, 37.873, 37.923, 38.026, 38.151, 39.102, 40.165, 40.986, 40.833, 42.315, 41.924, 40.785, 40.277, 40.714, 41.417, 41.501, 41.738, 39.904, 38.644, 40.209, 40.922, 40.707, 40.626, 40.226, 39.989, 39.36, 38.901, 39.036, 38.87, 38.297, 38.191, 38.718, 39.968, 40.041, 39.519, 39.173, 39.326, 39.608, 38.257, 36.687, 36.073, 36.175, 36.693, 37.278, 37.919, 38.358, 37.757, 36.445, 36.538, 36.583, 41.101], [38.223, 37.979, 37.875, 38.368, 38.391, 38.446, 39.575, 39.964, 39.105, 38.724, 36.696, 33.72, 32.944, 31.78, 30.902, 30.079, 28.231, 25.589, 22.652, 20.852, 19.311, 17.665, 16.788, 14.527, 12.246, 10.509, 7.705, 5.316, 0.0, 8.676, 15.26, 18.54, 23.665, 26.289, 27.162, 28.637, 30.525, 32.906, 34.859, 35.666, 35.442, 35.508, 35.891, 35.25, 36.37, 37.86, 37.663, 38.33, 38.507, 37.939, 37.629, 37.743, 38.068, 38.294, 38.471, 38.146, 37.696, 37.585, 37.762, 37.82, 37.912, 38.065, 39.095, 40.18, 41.02, 40.86, 42.348, 41.962, 40.831, 40.294, 40.709, 41.424, 41.488, 41.722, 39.833, 38.461, 40.028, 40.784, 40.557, 40.466, 40.064, 39.825, 39.186, 38.689, 38.771, 38.581, 37.996, 37.893, 38.439, 39.742, 39.82, 39.308, 38.98, 39.159, 39.464, 38.076, 36.444, 35.793, 35.902, 36.434, 37.028, 37.681, 38.101, 37.456, 36.099, 36.181, 36.23, 41.146], [38.34, 38.099, 38.046, 38.561, 38.579, 38.614, 39.717, 40.213, 39.646, 39.44, 37.707, 35.24, 34.645, 33.632, 32.904, 32.177, 30.48, 28.059, 25.33, 23.698, 22.447, 21.146, 20.459, 18.665, 16.664, 15.366, 13.578, 12.362, 8.676, 0.0, 8.584, 14.59, 21.306, 24.385, 25.406, 27.156, 29.407, 32.12, 34.272, 35.211, 35.154, 35.302, 35.752, 35.151, 36.199, 37.656, 37.504, 38.291, 38.588, 38.078, 37.859, 38.025, 38.299, 38.496, 38.66, 38.331, 37.89, 37.799, 37.978, 38.024, 38.063, 38.21, 39.314, 40.389, 41.201, 41.09, 42.591, 42.217, 41.107, 40.485, 40.856, 41.549, 41.59, 41.846, 40.009, 38.595, 40.059, 40.803, 40.582, 40.485, 40.109, 39.904, 39.302, 38.807, 38.851, 38.656, 38.094, 37.969, 38.462, 39.734, 39.844, 39.413, 39.168, 39.367, 39.704, 38.405, 36.811, 36.126, 36.231, 36.725, 37.274, 37.872, 38.247, 37.596, 36.249, 36.297, 36.348, 41.234], [38.898, 38.638, 38.573, 39.059, 39.067, 39.081, 40.142, 40.691, 40.317, 40.267, 38.83, 36.668, 36.13, 35.33, 34.841, 34.371, 33.02, 30.905, 28.343, 26.866, 25.834, 24.741, 24.183, 22.722, 21.052, 20.063, 18.712, 17.736, 15.26, 8.584, 0.0, 9.739, 19.018, 22.581, 23.675, 25.667, 28.191, 31.193, 33.575, 34.705, 34.858, 35.136, 35.656, 35.131, 36.202, 37.662, 37.572, 38.492, 38.965, 38.52, 38.365, 38.583, 38.823, 38.99, 39.099, 38.781, 38.393, 38.323, 38.504, 38.558, 38.605, 38.787, 39.923, 40.969, 41.743, 41.642, 43.084, 42.722, 41.658, 40.943, 41.193, 41.864, 41.874, 42.142, 40.432, 39.125, 40.458, 41.153, 40.954, 40.85, 40.479, 40.283, 39.714, 39.245, 39.295, 39.108, 38.583, 38.453, 38.897, 40.101, 40.241, 39.919, 39.732, 39.918, 40.249, 39.005, 37.482, 36.813, 36.889, 37.349, 37.872, 38.418, 38.773, 38.156, 36.861, 36.851, 36.872, 41.687], [37.887, 37.57, 37.406, 37.906, 37.984, 38.015, 39.139, 39.692, 39.274, 39.322, 37.889, 35.829, 35.342, 34.737, 34.855, 34.962, 34.153, 32.45, 29.907, 28.608, 27.718, 26.566, 26.055, 24.622, 23.013, 22.209, 21.077, 20.348, 18.54, 14.59, 9.739, 0.0, 11.863, 17.14, 18.256, 20.578, 23.913, 27.698, 30.622, 32.088, 32.426, 32.812, 33.51, 32.969, 34.317, 36.077, 36.035, 37.153, 37.794, 37.336, 37.16, 37.466, 37.815, 38.047, 38.139, 37.814, 37.43, 37.344, 37.522, 37.617, 37.752, 38.013, 39.204, 40.282, 41.078, 40.926, 42.447, 42.044, 40.92, 40.035, 40.236, 40.994, 41.048, 41.264, 39.506, 38.267, 39.728, 40.443, 40.238, 40.118, 39.675, 39.429, 38.814, 38.328, 38.438, 38.261, 37.705, 37.587, 38.133, 39.537, 39.626, 39.286, 39.09, 39.319, 39.645, 38.127, 36.359, 35.666, 35.787, 36.312, 36.929, 37.582, 38.01, 37.351, 35.88, 35.827, 35.867, 40.932], [36.854, 36.509, 36.316, 36.796, 36.911, 36.987, 38.13, 38.621, 38.185, 38.29, 36.833, 35.383, 35.338, 34.834, 35.638, 36.54, 36.493, 35.323, 32.986, 32.056, 31.416, 30.241, 29.772, 28.437, 27.03, 26.439, 25.349, 24.795, 23.665, 21.306, 19.018, 11.863, 0.0, 8.017, 10.44, 13.676, 18.267, 23.241, 27.016, 29.114, 29.762, 30.322, 31.335, 30.831, 32.459, 34.542, 34.552, 35.932, 36.674, 36.16, 35.994, 36.374, 36.903, 37.313, 37.487, 37.162, 36.74, 36.6, 36.775, 36.91, 37.09, 37.375, 38.599, 39.716, 40.521, 40.375, 41.986, 41.541, 40.348, 39.395, 39.593, 40.408, 40.521, 40.65, 38.792, 37.61, 39.186, 39.88, 39.677, 39.549, 39.056, 38.789, 38.141, 37.668, 37.86, 37.71, 37.119, 36.994, 37.59, 39.163, 39.207, 38.843, 38.659, 38.942, 39.288, 37.509, 35.477, 34.736, 34.936, 35.543, 36.258, 37.005, 37.511, 36.85, 35.266, 35.247, 35.325, 39.973], [37.001, 36.656, 36.471, 36.897, 36.968, 37.053, 38.169, 38.61, 38.221, 38.347, 36.93, 35.807, 36.032, 35.573, 36.426, 37.462, 37.673, 36.782, 34.699, 33.921, 33.372, 32.219, 31.778, 30.549, 29.313, 28.8, 27.676, 27.116, 26.289, 24.385, 22.581, 17.14, 8.017, 0.0, 5.907, 11.447, 15.944, 20.901, 25.115, 27.731, 28.649, 29.409, 30.621, 30.184, 31.877, 34.012, 34.079, 35.654, 36.491, 36.009, 35.91, 36.257, 36.841, 37.367, 37.62, 37.344, 36.919, 36.745, 36.919, 37.061, 37.232, 37.485, 38.646, 39.744, 40.512, 40.427, 42.057, 41.622, 40.429, 39.561, 39.736, 40.51, 40.643, 40.733, 38.938, 37.82, 39.34, 39.99, 39.791, 39.659, 39.149, 38.852, 38.228, 37.798, 38.018, 37.907, 37.355, 37.247, 37.852, 39.398, 39.446, 39.088, 38.922, 39.192, 39.523, 37.743, 35.73, 34.985, 35.176, 35.772, 36.469, 37.214, 37.731, 37.09, 35.556, 35.537, 35.627, 39.883], [37.108, 36.738, 36.538, 36.953, 37.012, 37.099, 38.2, 38.587, 38.183, 38.349, 36.973, 35.813, 36.062, 35.745, 36.645, 37.693, 37.982, 37.196, 35.222, 34.501, 33.971, 32.811, 32.403, 31.234, 30.038, 29.551, 28.478, 27.943, 27.162, 25.406, 23.675, 18.256, 10.44, 5.907, 0.0, 7.591, 13.701, 19.253, 23.717, 26.613, 27.783, 28.717, 30.045, 29.653, 31.384, 33.579, 33.67, 35.321, 36.272, 35.832, 35.78, 36.182, 36.774, 37.304, 37.591, 37.366, 36.95, 36.772, 36.962, 37.108, 37.299, 37.555, 38.66, 39.716, 40.467, 40.379, 41.991, 41.553, 40.346, 39.522, 39.732, 40.473, 40.644, 40.732, 39.002, 37.912, 39.389, 40.025, 39.83, 39.693, 39.177, 38.867, 38.27, 37.87, 38.091, 37.988, 37.459, 37.349, 37.968, 39.548, 39.584, 39.26, 39.102, 39.358, 39.693, 37.938, 35.918, 35.119, 35.266, 35.861, 36.592, 37.366, 37.887, 37.242, 35.682, 35.609, 35.682, 39.889], [37.219, 36.859, 36.669, 37.081, 37.116, 37.184, 38.269, 38.618, 38.209, 38.409, 37.105, 35.944, 36.167, 35.962, 36.993, 38.172, 38.554, 37.837, 36.017, 35.419, 34.94, 33.795, 33.404, 32.299, 31.167, 30.758, 29.806, 29.325, 28.637, 27.156, 25.667, 20.578, 13.676, 11.447, 7.591, 0.0, 8.708, 16.544, 21.929, 25.251, 26.758, 27.947, 29.522, 29.274, 31.167, 33.415, 33.502, 35.224, 36.232, 35.777, 35.758, 36.223, 36.827, 37.369, 37.688, 37.489, 37.092, 36.935, 37.136, 37.294, 37.481, 37.72, 38.781, 39.817, 40.554, 40.46, 42.0, 41.572, 40.349, 39.486, 39.771, 40.501, 40.712, 40.833, 39.191, 38.141, 39.545, 40.173, 39.988, 39.846, 39.335, 39.056, 38.482, 38.074, 38.245, 38.11, 37.58, 37.494, 38.101, 39.671, 39.669, 39.309, 39.133, 39.393, 39.709, 37.973, 36.016, 35.239, 35.395, 36.028, 36.791, 37.565, 38.063, 37.401, 35.834, 35.764, 35.819, 39.991], [37.726, 37.369, 37.113, 37.42, 37.394, 37.434, 38.48, 38.791, 38.4, 38.625, 37.405, 36.304, 36.483, 36.334, 37.449, 38.711, 39.23, 38.609, 36.98, 36.514, 36.1, 35.026, 34.657, 33.685, 32.729, 32.36, 31.469, 31.04, 30.525, 29.407, 28.191, 23.913, 18.267, 15.944, 13.701, 8.708, 0.0, 10.444, 18.343, 22.8, 24.82, 26.527, 28.52, 28.437, 30.6, 33.005, 33.235, 35.237, 36.331, 35.842, 35.871, 36.254, 36.762, 37.408, 37.823, 37.643, 37.281, 37.192, 37.455, 37.64, 37.804, 37.982, 38.988, 40.071, 40.837, 40.789, 42.27, 41.883, 40.673, 39.771, 40.112, 40.843, 41.043, 41.161, 39.603, 38.618, 39.967, 40.558, 40.37, 40.222, 39.696, 39.409, 38.845, 38.451, 38.572, 38.405, 37.896, 37.87, 38.453, 39.984, 39.971, 39.498, 39.304, 39.58, 39.853, 38.145, 36.31, 35.604, 35.742, 36.354, 37.071, 37.808, 38.275, 37.628, 36.15, 36.106, 36.133, 40.424], [38.483, 38.076, 37.732, 37.941, 37.833, 37.87, 38.907, 39.206, 38.855, 39.131, 38.04, 36.995, 37.116, 37.032, 38.102, 39.362, 40.047, 39.569, 38.098, 37.725, 37.391, 36.452, 36.151, 35.395, 34.651, 34.33, 33.594, 33.251, 32.906, 32.12, 31.193, 27.698, 23.241, 20.901, 19.253, 16.544, 10.444, 0.0, 11.211, 18.382, 21.452, 23.853, 26.346, 26.437, 28.884, 31.611, 32.113, 34.597, 35.99, 35.535, 35.649, 35.909, 36.348, 37.271, 37.916, 37.799, 37.457, 37.415, 37.783, 38.035, 38.189, 38.301, 39.272, 40.402, 41.229, 41.269, 42.713, 42.372, 41.205, 40.28, 40.602, 41.319, 41.488, 41.555, 40.076, 39.176, 40.53, 41.096, 40.903, 40.746, 40.214, 39.891, 39.305, 38.939, 39.058, 38.908, 38.462, 38.478, 39.035, 40.538, 40.567, 40.004, 39.767, 40.035, 40.287, 38.676, 36.953, 36.308, 36.401, 36.931, 37.586, 38.246, 38.644, 38.018, 36.637, 36.608, 36.602, 41.011], [38.454, 37.975, 37.585, 37.752, 37.63, 37.743, 38.806, 39.059, 38.711, 39.054, 38.076, 37.145, 37.301, 37.328, 38.496, 39.811, 40.568, 40.176, 38.854, 38.555, 38.283, 37.499, 37.288, 36.683, 36.064, 35.803, 35.281, 35.106, 34.859, 34.272, 33.575, 30.622, 27.016, 25.115, 23.717, 21.929, 18.343, 11.211, 0.0, 10.692, 16.419, 19.849, 22.829, 23.204, 26.294, 29.582, 30.267, 33.277, 35.081, 34.703, 34.88, 35.057, 35.547, 36.726, 37.591, 37.608, 37.33, 37.287, 37.729, 38.105, 38.366, 38.462, 39.337, 40.405, 41.194, 41.201, 42.612, 42.283, 41.072, 40.09, 40.434, 41.163, 41.389, 41.378, 39.924, 39.182, 40.557, 41.075, 40.891, 40.736, 40.245, 39.976, 39.387, 39.024, 39.179, 39.096, 38.694, 38.7, 39.245, 40.738, 40.793, 40.247, 39.928, 40.11, 40.357, 38.825, 37.162, 36.571, 36.711, 37.214, 37.865, 38.486, 38.845, 38.237, 36.88, 36.855, 36.858, 40.726], [38.045, 37.542, 37.143, 37.334, 37.318, 37.546, 38.645, 38.876, 38.451, 38.782, 37.779, 36.881, 37.076, 37.113, 38.342, 39.71, 40.492, 40.078, 38.816, 38.596, 38.34, 37.667, 37.536, 37.03, 36.502, 36.25, 35.913, 35.91, 35.666, 35.211, 34.705, 32.088, 29.114, 27.731, 26.613, 25.251, 22.8, 18.382, 10.692, 0.0, 9.315, 15.323, 18.788, 19.411, 23.775, 27.798, 28.475, 31.661, 33.699, 33.399, 33.605, 34.006, 34.664, 35.854, 36.743, 36.858, 36.702, 36.707, 37.183, 37.643, 38.069, 38.287, 39.142, 40.144, 40.872, 40.775, 42.184, 41.841, 40.661, 39.69, 40.123, 40.903, 41.171, 41.163, 39.648, 38.885, 40.309, 40.846, 40.649, 40.497, 40.086, 39.899, 39.322, 38.97, 39.158, 39.097, 38.656, 38.649, 39.246, 40.696, 40.75, 40.189, 39.752, 39.881, 40.165, 38.657, 36.97, 36.425, 36.551, 36.95, 37.586, 38.239, 38.613, 38.005, 36.618, 36.605, 36.698, 40.253], [37.524, 37.012, 36.604, 36.848, 36.935, 37.22, 38.33, 38.595, 38.118, 38.375, 37.297, 36.365, 36.532, 36.5, 37.733, 39.21, 40.042, 39.591, 38.31, 38.13, 37.877, 37.232, 37.13, 36.649, 36.136, 35.866, 35.626, 35.698, 35.442, 35.154, 34.858, 32.426, 29.762, 28.649, 27.783, 26.758, 24.82, 21.452, 16.419, 9.315, 0.0, 9.05, 13.994, 14.8, 20.768, 25.547, 26.212, 29.528, 31.757, 31.533, 31.605, 32.225, 33.211, 34.439, 35.368, 35.545, 35.428, 35.45, 35.941, 36.412, 36.938, 37.348, 38.398, 39.472, 40.24, 40.085, 41.526, 41.182, 40.05, 39.063, 39.475, 40.352, 40.676, 40.683, 39.113, 38.224, 39.668, 40.209, 40.008, 39.858, 39.473, 39.31, 38.716, 38.337, 38.553, 38.524, 38.045, 38.009, 38.631, 40.099, 40.15, 39.567, 39.089, 39.197, 39.547, 38.057, 36.335, 35.843, 35.982, 36.33, 36.933, 37.591, 37.993, 37.399, 36.012, 36.092, 36.221, 39.948], [37.639, 37.135, 36.71, 36.954, 37.071, 37.345, 38.453, 38.735, 38.248, 38.448, 37.307, 36.331, 36.516, 36.403, 37.561, 39.133, 39.981, 39.467, 38.138, 37.953, 37.734, 37.138, 37.026, 36.576, 36.081, 35.814, 35.667, 35.774, 35.508, 35.302, 35.136, 32.812, 30.322, 29.409, 28.717, 27.947, 26.527, 23.853, 19.849, 15.323, 9.05, 0.0, 6.941, 8.98, 16.563, 22.256, 22.965, 26.726, 29.482, 29.422, 29.608, 30.725, 31.956, 33.26, 34.334, 34.535, 34.386, 34.403, 34.999, 35.616, 36.218, 36.806, 38.234, 39.481, 40.282, 40.167, 41.678, 41.31, 40.183, 39.121, 39.385, 40.245, 40.554, 40.579, 39.012, 37.997, 39.455, 40.039, 39.864, 39.723, 39.32, 39.135, 38.543, 38.17, 38.388, 38.384, 37.909, 37.86, 38.491, 40.016, 40.092, 39.525, 39.085, 39.181, 39.549, 38.077, 36.318, 35.785, 35.921, 36.299, 36.909, 37.569, 38.014, 37.398, 35.919, 36.011, 36.111, 40.231], [38.097, 37.601, 37.193, 37.427, 37.536, 37.788, 38.86, 39.147, 38.66, 38.807, 37.676, 36.709, 36.891, 36.747, 37.784, 39.305, 40.096, 39.535, 38.236, 38.054, 37.848, 37.315, 37.207, 36.799, 36.348, 36.1, 36.033, 36.152, 35.891, 35.752, 35.656, 33.51, 31.335, 30.621, 30.045, 29.522, 28.52, 26.346, 22.829, 18.788, 13.994, 6.941, 0.0, 5.409, 15.166, 21.029, 21.846, 25.689, 28.83, 28.93, 29.287, 30.778, 31.953, 33.14, 34.214, 34.409, 34.265, 34.311, 35.041, 35.814, 36.462, 37.084, 38.606, 39.911, 40.697, 40.575, 42.101, 41.715, 40.622, 39.516, 39.649, 40.448, 40.692, 40.694, 39.141, 38.104, 39.565, 40.173, 40.003, 39.878, 39.489, 39.28, 38.69, 38.314, 38.499, 38.495, 38.034, 37.991, 38.623, 40.122, 40.246, 39.734, 39.355, 39.469, 39.827, 38.407, 36.695, 36.18, 36.296, 36.659, 37.255, 37.901, 38.351, 37.73, 36.231, 36.307, 36.397, 40.659], [37.468, 36.957, 36.526, 36.78, 36.904, 37.16, 38.303, 38.645, 38.163, 38.319, 37.117, 36.098, 36.302, 36.145, 37.218, 38.788, 39.584, 38.984, 37.649, 37.458, 37.232, 36.693, 36.593, 36.159, 35.682, 35.446, 35.411, 35.538, 35.25, 35.151, 35.131, 32.969, 30.831, 30.184, 29.653, 29.274, 28.437, 26.437, 23.204, 19.411, 14.8, 8.98, 5.409, 0.0, 12.419, 19.273, 20.045, 24.163, 27.549, 27.671, 28.026, 29.583, 30.886, 32.2, 33.334, 33.536, 33.381, 33.413, 34.121, 34.879, 35.567, 36.228, 37.784, 39.16, 40.066, 40.017, 41.623, 41.231, 40.127, 39.001, 39.154, 40.029, 40.304, 40.274, 38.599, 37.55, 39.119, 39.772, 39.596, 39.479, 39.082, 38.866, 38.241, 37.818, 37.992, 37.962, 37.459, 37.416, 38.09, 39.647, 39.75, 39.221, 38.843, 38.998, 39.348, 37.844, 36.072, 35.542, 35.677, 36.057, 36.676, 37.347, 37.793, 37.14, 35.577, 35.667, 35.778, 40.172], [37.959, 37.514, 37.087, 37.353, 37.465, 37.673, 38.774, 39.125, 38.831, 39.034, 37.982, 37.147, 37.431, 37.308, 38.213, 39.665, 40.409, 39.791, 38.596, 38.437, 38.204, 37.684, 37.577, 37.181, 36.765, 36.58, 36.575, 36.652, 36.37, 36.199, 36.202, 34.317, 32.459, 31.877, 31.384, 31.167, 30.6, 28.884, 26.294, 23.775, 20.768, 16.563, 15.166, 12.419, 0.0, 9.3, 10.956, 16.957, 23.07, 23.624, 24.783, 27.277, 28.709, 30.48, 31.932, 32.137, 31.991, 32.031, 32.649, 33.411, 34.201, 35.044, 36.896, 38.339, 39.404, 40.175, 42.146, 41.773, 40.845, 39.788, 39.872, 40.593, 40.791, 40.838, 39.338, 38.429, 39.949, 40.578, 40.422, 40.315, 39.926, 39.7, 39.108, 38.739, 38.908, 38.868, 38.416, 38.383, 39.003, 40.335, 40.398, 39.904, 39.664, 39.832, 40.072, 38.692, 37.068, 36.474, 36.552, 36.98, 37.611, 38.235, 38.673, 38.066, 36.614, 36.688, 36.745, 40.419], [39.188, 38.769, 38.398, 38.703, 38.793, 38.932, 39.91, 40.253, 40.077, 40.206, 39.31, 38.682, 38.952, 38.868, 39.62, 40.861, 41.498, 40.908, 39.897, 39.774, 39.532, 39.051, 38.949, 38.583, 38.213, 38.056, 38.065, 38.11, 37.86, 37.656, 37.662, 36.077, 34.542, 34.012, 33.579, 33.415, 33.005, 31.611, 29.582, 27.798, 25.547, 22.256, 21.029, 19.273, 9.3, 0.0, 4.782, 12.493, 20.532, 21.581, 23.373, 26.432, 27.779, 29.784, 31.434, 31.617, 31.454, 31.521, 32.131, 32.923, 33.809, 34.774, 36.802, 38.297, 39.435, 40.789, 43.018, 42.678, 41.925, 41.061, 41.04, 41.583, 41.721, 41.823, 40.583, 39.767, 41.128, 41.725, 41.572, 41.455, 41.074, 40.841, 40.318, 40.018, 40.181, 40.142, 39.77, 39.757, 40.293, 41.381, 41.472, 41.055, 40.981, 41.137, 41.315, 40.102, 38.658, 38.088, 38.12, 38.508, 39.069, 39.663, 40.093, 39.517, 38.176, 38.218, 38.244, 41.306], [39.117, 38.687, 38.337, 38.683, 38.824, 38.966, 39.943, 40.303, 40.108, 40.183, 39.228, 38.599, 38.88, 38.746, 39.485, 40.731, 41.363, 40.748, 39.708, 39.584, 39.335, 38.851, 38.751, 38.368, 37.977, 37.821, 37.867, 37.93, 37.663, 37.504, 37.572, 36.035, 34.552, 34.079, 33.67, 33.502, 33.235, 32.113, 30.267, 28.475, 26.212, 22.965, 21.846, 20.045, 10.956, 4.782, 0.0, 10.091, 19.074, 20.236, 22.072, 25.504, 27.239, 29.392, 31.06, 31.28, 31.131, 31.18, 31.748, 32.513, 33.408, 34.429, 36.494, 37.96, 39.106, 40.496, 42.78, 42.448, 41.689, 40.792, 40.779, 41.39, 41.524, 41.622, 40.348, 39.524, 40.915, 41.559, 41.416, 41.292, 40.919, 40.706, 40.187, 39.887, 40.072, 40.018, 39.615, 39.599, 40.147, 41.277, 41.365, 40.922, 40.82, 40.98, 41.164, 39.926, 38.464, 37.859, 37.886, 38.288, 38.87, 39.477, 39.912, 39.331, 37.934, 37.952, 37.994, 41.295], [39.373, 38.959, 38.656, 39.037, 39.239, 39.392, 40.289, 40.664, 40.526, 40.