[[0.0, 4.461, 11.423, 17.075, 20.735, 24.731, 26.957, 26.712, 26.885, 29.376, 31.702, 32.838, 33.289, 33.543, 34.011, 34.809, 35.395, 35.579, 35.475, 35.342, 35.409, 35.452, 35.378, 35.976, 37.519, 38.685, 38.377, 37.879, 38.134, 38.734, 39.015, 39.12, 39.504, 39.7, 39.291, 38.589, 38.082, 37.974, 38.222, 38.248, 37.747, 37.3, 37.182, 37.116, 36.898, 36.727, 36.794, 37.117, 37.354, 37.307, 37.296, 37.061, 36.403, 36.068, 35.882, 36.245, 37.843, 38.398, 37.961, 39.136, 41.019, 41.406, 40.971, 40.327, 39.783, 39.423, 39.517, 40.032, 40.409, 40.318, 40.167, 40.357, 40.717, 40.765, 40.711, 40.857, 40.542, 40.108, 40.136, 40.411, 40.133, 39.103, 38.369, 38.331, 38.032, 37.187, 36.653, 36.511, 36.483, 36.544, 36.662, 36.528, 36.219, 36.041, 35.928, 35.637, 35.679, 35.66, 35.52, 35.475, 35.503, 35.595, 35.726, 35.821, 35.959, 36.071, 36.157, 36.055, 35.808, 35.869, 36.053, 36.343, 36.993, 37.627, 37.898, 38.069, 38.155, 37.983, 37.542, 37.129, 37.332, 38.186, 38.879, 39.518, 40.48, 41.607, 42.347, 42.285, 42.212, 42.757, 43.248, 42.769, 42.184, 41.68, 41.076, 41.112, 41.493, 41.749, 41.501, 40.935, 40.359, 39.444, 38.613, 38.588, 38.807, 3.97], [4.461, 0.0, 8.008, 14.682, 18.884, 23.193, 25.582, 25.404, 25.69, 28.372, 30.852, 32.101, 32.633, 32.913, 33.382, 34.197, 34.8, 34.998, 34.922, 34.817, 34.889, 34.941, 34.896, 35.541, 37.108, 38.265, 37.967, 37.526, 37.836, 38.444, 38.745, 38.896, 39.307, 39.508, 39.087, 38.381, 37.876, 37.765, 38.022, 38.054, 37.565, 37.133, 37.02, 36.954, 36.729, 36.548, 36.607, 36.915, 37.139, 37.097, 37.103, 36.878, 36.211, 35.876, 35.693, 36.054, 37.68, 38.261, 37.816, 38.982, 40.879, 41.263, 40.818, 40.173, 39.636, 39.283, 39.384, 39.904, 40.273, 40.169, 40.014, 40.225, 40.605, 40.646, 40.579, 40.723, 40.402, 39.958, 39.989, 40.263, 39.989, 38.98, 38.266, 38.231, 37.931, 37.082, 36.537, 36.387, 36.351, 36.41, 36.537, 36.416, 36.112, 35.923, 35.807, 35.528, 35.585, 35.551, 35.381, 35.319, 35.349, 35.453, 35.585, 35.665, 35.795, 35.912, 35.999, 35.887, 35.619, 35.66, 35.829, 36.112, 36.772, 37.42, 37.689, 37.849, 37.915, 37.728, 37.276, 36.837, 37.006, 37.865, 38.571, 39.221, 40.204, 41.355, 42.121, 42.079, 42.013, 42.563, 43.06, 42.578, 41.996, 41.52, 40.969, 41.046, 41.442, 41.697, 41.438, 40.86, 40.276, 39.354, 38.5, 38.45, 38.661, 5.756], [11.423, 8.008, 0.0, 8.201, 14.357, 20.161, 23.12, 23.159, 23.778, 26.85, 29.588, 31.064, 31.794, 32.165, 32.675, 33.539, 34.186, 34.409, 34.368, 34.301, 34.384, 34.462, 34.454, 35.172, 36.801, 37.947, 37.644, 37.286, 37.702, 38.363, 38.728, 38.945, 39.4, 39.594, 39.145, 38.425, 37.925, 37.8, 38.042, 38.07, 37.596, 37.179, 37.059, 36.971, 36.727, 36.535, 36.587, 36.874, 37.073, 37.027, 37.056, 36.871, 36.214, 35.874, 35.721, 36.087, 37.674, 38.242, 37.808, 38.921, 40.772, 41.165, 40.719, 40.064, 39.557, 39.254, 39.375, 39.876, 40.225, 40.119, 39.968, 40.185, 40.559, 40.577, 40.514, 40.673, 40.351, 39.899, 39.923, 40.174, 39.922, 38.994, 38.327, 38.281, 38.008, 37.227, 36.726, 36.572, 36.523, 36.582, 36.732, 36.64, 36.341, 36.129, 36.006, 35.759, 35.851, 35.809, 35.604, 35.501, 35.52, 35.637, 35.761, 35.8, 35.896, 36.008, 36.091, 35.964, 35.688, 35.72, 35.874, 36.147, 36.802, 37.44, 37.691, 37.845, 37.919, 37.744, 37.308, 36.87, 37.024, 37.894, 38.613, 39.258, 40.223, 41.384, 42.175, 42.154, 42.083, 42.591, 43.05, 42.571, 41.999, 41.544, 41.048, 41.164, 41.561, 41.806, 41.544, 40.965, 40.393, 39.491, 38.626, 38.529, 38.706, 11.625], [17.075, 14.682, 8.201, 0.0, 8.531, 16.669, 20.658, 21.083, 22.107, 25.624, 28.633, 30.254, 31.112, 31.565, 32.143, 33.058, 33.733, 33.98, 33.972, 33.932, 34.007, 34.078, 34.061, 34.784, 36.46, 37.649, 37.354, 37.025, 37.5, 38.234, 38.694, 38.977, 39.488, 39.691, 39.208, 38.417, 37.875, 37.734, 37.949, 37.928, 37.431, 37.017, 36.891, 36.777, 36.507, 36.304, 36.359, 36.655, 36.862, 36.815, 36.841, 36.682, 36.027, 35.662, 35.544, 35.982, 37.578, 38.112, 37.691, 38.81, 40.637, 41.015, 40.551, 39.872, 39.382, 39.117, 39.253, 39.74, 40.083, 39.989, 39.846, 40.058, 40.409, 40.408, 40.36, 40.535, 40.205, 39.755, 39.801, 40.055, 39.827, 38.969, 38.336, 38.274, 38.007, 37.268, 36.796, 36.632, 36.573, 36.64, 36.831, 36.786, 36.493, 36.259, 36.127, 35.88, 35.967, 35.913, 35.681, 35.549, 35.564, 35.685, 35.79, 35.785, 35.843, 35.946, 36.038, 35.915, 35.648, 35.682, 35.842, 36.126, 36.775, 37.394, 37.622, 37.785, 37.891, 37.73, 37.287, 36.833, 36.986, 37.883, 38.615, 39.271, 40.257, 41.456, 42.272, 42.266, 42.194, 42.668, 43.093, 42.621, 42.061, 41.614, 41.122, 41.231, 41.619, 41.87, 41.614, 41.033, 40.467, 39.566, 38.67, 38.521, 38.666, 17.223], [20.735, 18.884, 14.357, 8.531, 0.0, 9.915, 15.843, 17.405, 19.004, 22.948, 26.373, 28.216, 29.258, 29.942, 30.678, 31.587, 32.221, 32.526, 32.673, 32.753, 32.844, 32.872, 32.843, 33.616, 35.379, 36.659, 36.425, 36.146, 36.669, 37.444, 38.005, 38.449, 39.068, 39.252, 38.675, 37.796, 37.198, 37.04, 37.246, 37.145, 36.585, 36.196, 36.108, 35.988, 35.699, 35.497, 35.557, 35.855, 36.063, 36.002, 36.015, 35.891, 35.247, 34.846, 34.755, 35.352, 37.106, 37.662, 37.219, 38.375, 40.287, 40.716, 40.256, 39.527, 38.985, 38.71, 38.862, 39.364, 39.701, 39.586, 39.415, 39.618, 39.977, 39.977, 39.921, 40.088, 39.728, 39.23, 39.257, 39.503, 39.27, 38.408, 37.761, 37.662, 37.342, 36.533, 36.01, 35.814, 35.749, 35.844, 36.135, 36.208, 35.943, 35.686, 35.567, 35.326, 35.424, 35.366, 35.102, 34.952, 34.976, 35.109, 35.211, 35.203, 35.249, 35.345, 35.458, 35.348, 35.042, 35.04, 35.226, 35.556, 36.234, 36.874, 37.109, 37.27, 37.362, 37.166, 36.65, 36.066, 36.102, 37.026, 37.831, 38.55, 39.621, 40.893, 41.745, 41.744, 41.675, 42.155, 42.575, 42.098, 41.554, 41.156, 40.699, 40.84, 41.249, 41.502, 41.234, 40.645, 40.084, 39.181, 38.274, 38.109, 38.235, 20.847], [24.731, 23.193, 20.161, 16.669, 9.915, 0.0, 8.438, 12.829, 16.052, 20.097, 23.579, 25.688, 27.112, 28.223, 29.231, 30.182, 30.771, 31.138, 31.509, 31.818, 32.016, 32.03, 32.012, 32.856, 34.716, 36.092, 35.97, 35.836, 36.443, 37.185, 37.792, 38.471, 39.24, 39.38, 38.683, 37.736, 37.081, 36.897, 37.104, 36.93, 36.296, 35.931, 35.896, 35.778, 35.473, 35.261, 35.296, 35.553, 35.714, 35.612, 35.635, 35.598, 35.034, 34.624, 34.569, 35.353, 37.242, 37.81, 37.38, 38.556, 40.513, 41.013, 40.601, 39.834, 39.214, 38.904, 39.059, 39.559, 39.864, 39.704, 39.482, 39.654, 40.023, 40.03, 39.966, 40.123, 39.741, 39.18, 39.154, 39.355, 39.088, 38.194, 37.499, 37.352, 37.013, 36.166, 35.61, 35.4, 35.321, 35.451, 35.902, 36.153, 35.939, 35.66, 35.561, 35.346, 35.498, 35.495, 35.223, 35.05, 35.072, 35.201, 35.298, 35.307, 35.361, 35.441, 35.554, 35.447, 35.063, 34.979, 35.184, 35.563, 36.246, 36.894, 37.154, 37.296, 37.329, 37.098, 36.544, 35.819, 35.651, 36.542, 37.402, 38.115, 39.151, 40.398, 41.253, 41.261, 41.165, 41.638, 42.109, 41.643, 41.104, 40.777, 40.404, 40.612, 41.037, 41.273, 41.002, 40.428, 39.87, 38.987, 38.161, 38.061, 38.184, 24.736], [26.957, 25.582, 23.12, 20.658, 15.843, 8.438, 0.0, 7.597, 13.762, 18.481, 21.687, 23.755, 25.471, 26.899, 28.12, 29.258, 29.962, 30.374, 30.825, 31.28, 31.624, 31.698, 31.686, 32.541, 34.518, 36.005, 35.931, 35.854, 36.541, 37.3, 37.869, 38.618, 39.471, 39.632, 38.921, 37.917, 37.186, 36.966, 37.182, 36.994, 36.285, 35.84, 35.765, 35.632, 35.322, 35.104, 35.136, 35.386, 35.526, 35.43, 35.495, 35.476, 34.896, 34.465, 34.433, 35.311, 37.277, 37.826, 37.358, 38.556, 40.553, 41.086, 40.707, 39.941, 39.254, 38.903, 39.061, 39.571, 39.865, 39.682, 39.427, 39.571, 39.949, 39.984, 39.947, 40.139, 39.777, 39.203, 39.169, 39.36, 39.07, 38.16, 37.442, 37.259, 36.902, 36.022, 35.442, 35.235, 35.152, 35.307, 35.839, 36.148, 35.934, 35.635, 35.513, 35.267, 35.424, 35.45, 35.177, 34.974, 34.977, 35.087, 35.17, 35.201, 35.285, 35.367, 35.476, 35.355, 34.921, 34.793, 35.007, 35.418, 36.111, 36.775, 37.07, 37.226, 37.254, 37.039, 36.497, 35.729, 35.483, 36.349, 37.208, 37.882, 38.85, 40.015, 40.843, 40.88, 40.781, 41.249, 41.793, 41.371, 40.831, 40.497, 40.12, 40.325, 40.745, 40.979, 40.717, 40.151, 39.585, 38.73, 37.992, 37.97, 38.124, 26.951], [26.712, 25.404, 23.159, 21.083, 17.405, 12.829, 7.597, 0.0, 8.649, 15.59, 19.556, 21.523, 23.081, 24.566, 26.005, 27.411, 28.323, 28.819, 29.255, 29.727, 30.184, 30.36, 30.391, 31.341, 33.555, 35.182, 35.073, 34.974, 35.771, 36.662, 37.216, 37.92, 38.836, 39.121, 38.467, 37.43, 36.643, 36.39, 36.635, 36.491, 35.721, 35.13, 34.95, 34.788, 34.454, 34.216, 34.273, 34.577, 34.754, 34.675, 34.737, 34.648, 33.96, 33.471, 33.415, 34.361, 36.506, 37.038, 36.47, 37.785, 39.929, 40.483, 40.086, 39.282, 38.558, 38.231, 38.417, 38.955, 39.286, 39.124, 38.875, 39.041, 39.454, 39.508, 39.479, 39.695, 39.321, 38.714, 38.709, 38.946, 38.65, 37.729, 37.035, 36.851, 36.456, 35.489, 34.812, 34.576, 34.491, 34.638, 35.144, 35.397, 35.109, 34.739, 34.551, 34.23, 34.331, 34.323, 34.021, 33.811, 33.813, 33.922, 34.013, 34.063, 34.18, 34.285, 34.4, 34.269, 33.83, 33.732, 33.97, 34.43, 35.208, 35.954, 36.314, 36.548, 36.647, 36.464, 35.92, 35.168, 35.024, 35.998, 36.868, 37.552, 38.582, 39.827, 40.71, 40.75, 40.664, 41.154, 41.668, 41.181, 40.611, 40.199, 39.679, 39.808, 40.235, 40.485, 40.212, 39.61, 39.006, 38.095, 37.295, 37.28, 37.479, 26.712], [26.885, 25.69, 23.778, 22.107, 19.004, 16.052, 13.762, 8.649, 0.0, 9.074, 15.008, 17.799, 19.424, 20.858, 22.462, 24.168, 25.32, 25.995, 26.558, 27.12, 27.72, 28.087, 28.355, 29.608, 32.075, 33.764, 33.625, 33.567, 34.464, 35.424, 36.035, 36.742, 37.634, 38.008, 37.571, 36.84, 36.245, 36.035, 36.294, 36.242, 35.582, 35.025, 34.828, 34.666, 34.333, 34.08, 34.138, 34.469, 34.661, 34.56, 34.585, 34.464, 33.776, 33.301, 33.231, 34.167, 36.346, 36.873, 36.275, 37.627, 39.778, 40.276, 39.84, 39.047, 38.364, 38.079, 38.267, 38.788, 39.13, 39.002, 38.792, 38.974, 39.383, 39.433, 39.406, 39.617, 39.233, 38.63, 38.628, 38.862, 38.6, 37.742, 37.08, 36.901, 36.548, 35.623, 34.934, 34.69, 34.622, 34.759, 35.189, 35.352, 34.995, 34.604, 34.378, 34.03, 34.093, 34.042, 33.743, 33.569, 33.593, 33.71, 33.81, 33.856, 33.962, 34.061, 34.165, 34.033, 33.636, 33.575, 33.762, 34.183, 35.003, 35.793, 36.171, 36.446, 36.582, 36.398, 35.839, 35.12, 35.069, 36.108, 36.994, 37.72, 38.805, 40.084, 40.967, 40.977, 40.906, 41.452, 41.932, 41.364, 40.726, 40.252, 39.691, 39.801, 40.211, 40.455, 40.196, 39.606, 39.002, 38.07, 37.211, 37.163, 37.368, 26.844], [29.376, 28.372, 26.85, 25.624, 22.948, 20.097, 18.481, 15.59, 9.074, 0.0, 7.902, 12.869, 15.691, 17.327, 19.008, 21.016, 22.407, 23.295, 24.143, 24.995, 25.876, 26.5, 27.085, 28.687, 31.296, 32.954, 32.849, 32.946, 33.905, 34.809, 35.528, 36.408, 37.258, 37.595, 37.378, 37.112, 36.89, 36.806, 37.047, 37.069, 36.632, 36.248, 36.095, 35.944, 35.641, 35.401, 35.428, 35.705, 35.845, 35.716, 35.75, 35.671, 35.087, 34.696, 34.658, 35.516, 37.543, 38.109, 37.56, 38.743, 40.686, 41.112, 40.68, 39.977, 39.37, 39.068, 39.204, 39.669, 39.982, 39.866, 39.682, 39.84, 40.196, 40.233, 40.225, 40.43, 40.062, 39.511, 39.478, 39.633, 39.383, 38.598, 37.941, 37.748, 37.481, 36.719, 36.148, 35.951, 35.899, 36.028, 36.4, 36.52, 36.176, 35.851, 35.679, 35.413, 35.519, 35.46, 35.173, 35.023, 35.059, 35.169, 35.269, 35.319, 35.394, 35.451, 35.516, 35.377, 35.026, 34.972, 35.071, 35.368, 36.115, 36.862, 37.187, 37.4, 37.5, 37.303, 36.759, 36.073, 36.03, 37.041, 37.958, 38.741, 39.799, 40.963, 41.742, 41.726, 41.672, 42.27, 42.765, 42.198, 41.532, 41.062, 40.581, 40.711, 41.061, 41.282, 41.087, 40.578, 40.027, 39.174, 38.397, 38.358, 38.543, 29.275], [31.702, 30.852, 29.588, 28.633, 26.373, 23.579, 21.687, 19.556, 15.008, 7.902, 0.0, 7.059, 12.008, 14.525, 16.393, 18.649, 20.276, 21.306, 22.351, 23.518, 24.732, 25.564, 26.338, 28.146, 30.866, 32.547, 32.529, 32.807, 33.826, 34.695, 35.519, 36.613, 37.498, 37.777, 37.622, 37.586, 37.616, 37.674, 37.913, 37.944, 37.648, 37.403, 37.288, 37.145, 36.86, 36.633, 36.628, 36.843, 36.94, 36.803, 36.849, 36.81, 36.31, 35.955, 35.957, 36.797, 38.667, 39.244, 38.755, 39.78, 41.528, 41.921, 41.506, 40.849, 40.28, 39.958, 40.043, 40.454, 40.736, 40.625, 40.44, 40.564, 40.877, 40.901, 40.905, 41.122, 40.799, 40.321, 40.292, 40.383, 40.095, 39.33, 38.665, 38.45, 38.225, 37.57, 37.102, 36.948, 36.878, 36.966, 37.286, 37.403, 37.119, 36.872, 36.771, 36.606, 36.787, 36.76, 36.488, 36.334, 36.355, 36.448, 36.541, 36.598, 36.648, 36.661, 36.702, 36.572, 36.244, 36.19, 36.25, 36.458, 37.117, 37.813, 38.095, 38.234, 38.297, 38.13, 37.636, 36.987, 36.955, 37.953, 38.922, 39.733, 40.714, 41.756, 42.453, 42.425, 42.371, 42.999, 43.528, 42.98, 42.326, 41.901, 41.477, 41.593, 41.889, 42.088, 41.934, 41.494, 40.995, 40.217, 39.512, 39.468, 39.628, 31.593], [32.838, 32.101, 31.064, 30.254, 28.216, 25.688, 23.755, 21.523, 17.799, 12.869, 7.059, 0.0, 6.618, 10.921, 13.954, 16.653, 18.437, 19.564, 20.768, 22.179, 23.623, 24.578, 25.471, 27.417, 30.251, 32.019, 32.074, 32.441, 33.501, 34.378, 35.235, 36.441, 37.411, 37.723, 37.577, 37.553, 37.643, 37.79, 38.057, 38.073, 37.815, 37.616, 37.516, 37.389, 37.097, 36.856, 36.851, 37.073, 37.178, 37.032, 37.043, 36.994, 36.52, 36.165, 36.185, 37.038, 38.824, 39.36, 38.898, 39.902, 41.584, 41.976, 41.57, 40.904, 40.343, 40.025, 40.103, 40.505, 40.794, 40.697, 40.515, 40.627, 40.938, 40.959, 40.957, 41.189, 40.919, 40.512, 40.522, 40.592, 40.253, 39.481, 38.81, 38.569, 38.328, 37.658, 37.162, 36.978, 36.883, 36.94, 37.225, 37.346, 37.091, 36.854, 36.782, 36.672, 36.9, 36.916, 36.671, 36.509, 36.512, 36.588, 36.679, 36.754, 36.808, 36.811, 36.859, 36.751, 36.425, 36.36, 36.436, 36.645, 37.291, 37.991, 38.279, 38.397, 38.434, 38.273, 37.807, 37.19, 37.171, 38.138, 39.084, 39.881, 40.826, 41.832, 42.53, 42.516, 42.48, 43.142, 43.701, 43.144, 42.475, 42.065, 41.637, 41.735, 42.033, 42.227, 42.074, 41.658, 41.176, 40.416, 39.722, 39.663, 39.812, 32.733], [33.289, 32.633, 31.794, 31.112, 29.258, 27.112, 25.471, 23.081, 19.424, 15.691, 12.008, 6.618, 0.0, 6.166, 11.527, 15.311, 17.319, 18.479, 19.756, 21.268, 22.798, 23.806, 24.778, 26.833, 29.754, 31.589, 31.651, 31.997, 33.06, 33.965, 34.811, 36.003, 37.024, 37.441, 37.341, 37.254, 37.276, 37.438, 37.751, 37.793, 37.541, 37.319, 37.209, 37.095, 36.797, 36.536, 36.554, 36.842, 36.996, 36.843, 36.809, 36.718, 36.219, 35.86, 35.851, 36.667, 38.442, 38.942, 38.472, 39.517, 41.217, 41.61, 41.186, 40.484, 39.918, 39.612, 39.702, 40.131, 40.446, 40.366, 40.196, 40.319, 40.648, 40.669, 40.651, 40.89, 40.643, 40.248, 40.272, 40.358, 40.021, 39.264, 38.626, 38.404, 38.152, 37.414, 36.84, 36.612, 36.505, 36.547, 36.815, 36.948, 36.704, 36.424, 36.314, 36.189, 36.395, 36.406, 36.169, 36.011, 36.009, 36.085, 36.168, 36.254, 36.349, 36.383, 36.445, 36.351, 36.038, 35.965, 36.054, 36.303, 36.988, 37.716, 38.017, 38.145, 38.178, 37.984, 37.494, 36.886, 36.875, 37.789, 38.663, 39.434, 40.398, 41.447, 42.189, 42.193, 42.169, 42.838, 43.404, 42.836, 42.136, 41.687, 41.207, 41.284, 41.605, 41.814, 41.643, 41.194, 40.688, 39.907, 39.209, 39.172, 39.35, 33.175], [33.543, 32.913, 32.165, 31.565, 29.942, 28.223, 26.899, 24.566, 20.858, 17.327, 14.525, 10.921, 6.166, 0.0, 7.093, 12.486, 15.241, 16.505, 17.754, 19.327, 20.968, 22.088, 23.173, 25.422, 28.582, 30.545, 30.601, 30.971, 32.092, 33.039, 33.915, 35.106, 36.164, 36.682, 36.697, 36.693, 36.745, 36.923, 37.277, 37.411, 37.265, 37.072, 36.941, 36.823, 36.532, 36.267, 36.297, 36.64, 36.861, 36.749, 36.707, 36.553, 35.998, 35.629, 35.58, 36.323, 38.106, 38.62, 38.13, 39.182, 40.902, 41.268, 40.797, 40.071, 39.515, 39.22, 39.296, 39.716, 40.05, 39.985, 39.819, 39.957, 40.295, 40.305, 40.281, 40.532, 40.293, 39.896, 39.931, 40.057, 39.788, 39.1, 38.512, 38.324, 38.078, 37.308, 36.686, 36.436, 36.334, 36.373, 36.623, 36.748, 36.511, 36.197, 36.0, 35.783, 35.929, 35.903, 35.643, 35.488, 35.49, 35.563, 35.622, 35.684, 35.796, 35.854, 35.914, 35.818, 35.545, 35.501, 35.569, 35.806, 36.515, 37.266, 37.583, 37.745, 37.803, 37.601, 37.094, 36.497, 36.563, 37.517, 38.372, 39.145, 40.151, 41.247, 41.997, 41.99, 41.964, 42.648, 43.236, 42.681, 41.985, 41.48, 40.895, 40.906, 41.223, 41.448, 41.261, 40.768, 40.217, 39.388, 38.652, 38.637, 38.869, 33.422], [34.011, 33.382, 32.675, 32.143, 30.678, 29.231, 28.12, 26.005, 22.462, 19.008, 16.393, 13.954, 11.527, 7.093, 0.0, 6.758, 10.839, 12.649, 13.951, 15.719, 17.769, 19.213, 20.468, 22.97, 26.526, 28.733, 28.876, 29.421, 30.68, 31.636, 32.595, 33.934, 35.052, 35.643, 35.84, 36.116, 36.389, 36.666, 37.059, 37.294, 37.336, 37.276, 37.15, 37.009, 36.736, 36.491, 36.515, 36.863, 37.126, 37.08, 37.065, 36.881, 36.304, 35.937, 35.887, 36.596, 38.317, 38.862, 38.378, 39.359, 41.026, 41.35, 40.848, 40.126, 39.605, 39.333, 39.387, 39.783, 40.142, 40.097, 39.912, 40.027, 40.347, 40.336, 40.291, 40.535, 40.322, 39.998, 40.086, 40.238, 40.024, 39.409, 38.815, 38.606, 38.378, 37.638, 37.024, 36.774, 36.681, 36.728, 36.962, 37.042, 36.775, 36.471, 36.252, 35.989, 36.11, 36.07, 35.793, 35.639, 35.64, 35.694, 35.737, 35.781, 35.872, 35.926, 35.977, 35.878, 35.636, 35.622, 35.659, 35.836, 36.511, 37.253, 37.586, 37.789, 37.886, 37.713, 37.219, 36.648, 36.802, 37.82, 38.704, 39.499, 40.52, 41.601, 42.304, 42.274, 42.255, 42.986, 43.604, 43.05, 42.371, 41.866, 41.241, 41.207, 41.513, 41.738, 41.547, 41.046, 40.482, 39.634, 38.879, 38.863, 39.115, 33.902], [34.809, 34.197, 33.539, 33.058, 31.587, 30.182, 29.258, 27.411, 24.168, 21.016, 18.649, 16.653, 15.311, 12.486, 6.758, 0.0, 5.243, 8.342, 10.406, 12.586, 15.132, 17.018, 18.5, 21.157, 24.94, 27.335, 27.639, 28.418, 29.784, 30.677, 31.673, 33.212, 34.383, 34.991, 35.329, 35.859, 36.372, 36.807, 37.256, 37.524, 37.715, 37.842, 37.792, 37.647, 37.387, 37.177, 37.196, 37.513, 37.783, 37.787, 37.811, 37.656, 37.107, 36.751, 36.719, 37.396, 38.974, 39.506, 39.061, 39.932, 41.485, 41.783, 41.292, 40.599, 40.139, 39.911, 39.966, 40.362, 40.752, 40.723, 40.514, 40.588, 40.867, 40.825, 40.746, 40.963, 40.79, 40.569, 40.694, 40.827, 40.633, 40.072, 39.459, 39.215, 39.007, 38.311, 37.731, 37.501, 37.427, 37.491, 37.731, 37.778, 37.472, 37.195, 37.033, 36.815, 36.948, 36.9, 36.609, 36.45, 36.444, 36.485, 36.544, 36.627, 36.719, 36.767, 36.816, 36.722, 36.476, 36.418, 36.415, 36.539, 37.156, 37.863, 38.199, 38.42, 38.532, 38.378, 37.906, 37.359, 37.518, 38.509, 39.398, 40.198, 41.203, 42.243, 42.897, 42.866, 42.877, 43.64, 44.243, 43.678, 43.002, 42.547, 42.002, 42.001, 42.295, 42.505, 42.31, 41.833, 41.297, 40.479, 39.75, 39.715, 39.934, 34.72], [35.395, 34.8, 34.186, 33.733, 32.221, 30.771, 29.962, 28.323, 25.32, 22.407, 20.276, 18.437, 17.319, 15.241, 10.839, 5.243, 0.0, 4.444, 8.157, 11.118, 13.841, 15.902, 17.575, 20.378, 24.243, 26.689, 27.091, 28.055, 29.5, 30.329, 31.304, 32.935, 34.102, 34.664, 35.024, 35.646, 36.27, 36.804, 37.306, 37.576, 37.837, 38.109, 38.181, 38.093, 37.843, 37.645, 37.657, 37.948, 38.203, 38.208, 38.246, 38.123, 37.604, 37.251, 37.227, 37.879, 39.368, 39.875, 39.464, 40.291, 41.783, 42.06, 41.576, 40.91, 40.491, 40.283, 40.342, 40.743, 41.138, 41.103, 40.882, 40.934, 41.184, 41.114, 41.011, 41.207, 41.05, 40.871, 40.978, 41.071, 40.876, 40.341, 39.721, 39.46, 39.263, 38.589, 38.027, 37.816, 37.769, 37.856, 38.117, 38.166, 37.849, 37.594, 37.487, 37.327, 37.485, 37.432, 37.129, 36.958, 36.945, 36.984, 37.071, 37.201, 37.317, 37.373, 37.422, 37.327, 37.059, 36.939, 36.896, 36.987, 37.564, 38.248, 38.587, 38.811, 38.916, 38.766, 38.317, 37.786, 37.925, 38.891, 39.774, 40.572, 41.568, 42.587, 43.22, 43.2, 43.243, 44.017, 44.597, 44.025, 43.345, 42.914, 42.429, 42.456, 42.745, 42.952, 42.762, 42.305, 41.791, 40.992, 40.267, 40.208, 40.398, 35.309], [35.579, 34.998, 34.409, 33.98, 32.526, 31.138, 30.374, 28.819, 25.995, 23.295, 21.306, 19.564, 18.479, 16.505, 12.649, 8.342, 4.444, 0.0, 4.994, 9.159, 12.457, 14.617, 16.288, 19.25, 23.338, 25.879, 26.311, 27.4, 28.969, 29.81, 30.781, 32.481, 33.678, 34.218, 34.549, 35.176, 35.826, 36.393, 36.935, 37.239, 37.523, 37.835, 37.975, 37.959, 37.736, 37.529, 37.539, 37.833, 38.085, 38.084, 38.118, 37.993, 37.479, 37.125, 37.089, 37.713, 39.195, 39.716, 39.327, 40.159, 41.663, 41.93, 41.426, 40.76, 40.35, 40.137, 40.185, 40.582, 40.973, 40.927, 40.696, 40.752, 40.996, 40.911, 40.801, 40.994, 40.837, 40.663, 40.765, 40.849, 40.661, 40.142, 39.524, 39.259, 39.071, 38.404, 37.844, 37.631, 37.595, 37.7, 37.972, 38.012, 37.677, 37.413, 37.307, 37.15, 37.322, 37.28, 36.971, 36.784, 36.764, 36.802, 36.896, 37.042, 37.178, 37.25, 37.299, 37.193, 36.897, 36.743, 36.681, 36.759, 37.331, 38.023, 38.38, 38.618, 38.73, 38.603, 38.183, 37.66, 37.807, 38.819, 39.749, 40.567, 41.564, 42.579, 43.209, 43.192, 43.24, 44.024, 44.608, 44.03, 43.343, 42.897, 42.4, 42.416, 42.711, 42.925, 42.736, 42.277, 41.757, 40.939, 40.185, 40.115, 40.312, 35.481], [35.475, 34.922, 34.368, 33.972, 32.673, 31.509, 30.825, 29.255, 26.558, 24.143, 22.351, 20.768, 19.756, 17.754, 13.951, 10.406, 8.157, 4.994, 0.0, 5.295, 10.074, 12.816, 14.378, 17.34, 21.757, 24.514, 24.96, 26.091, 27.8, 28.742, 29.756, 31.539, 32.875, 33.509, 33.842, 34.443, 35.098, 35.693, 36.278, 36.615, 36.9, 37.181, 37.302, 37.31, 37.117, 36.919, 36.951, 37.288, 37.574, 37.594, 37.623, 37.464, 36.926, 36.569, 36.496, 37.09, 38.64, 39.212, 38.835, 39.705, 41.261, 41.528, 40.992, 40.304, 39.881, 39.659, 39.699, 40.09, 40.484, 40.436, 40.201, 40.262, 40.513, 40.432, 40.327, 40.53, 40.371, 40.185, 40.296, 40.407, 40.238, 39.731, 39.115, 38.835, 38.632, 37.943, 37.369, 37.137, 37.087, 37.194, 37.467, 37.489, 37.124, 36.836, 36.697, 36.471, 36.605, 36.579, 36.277, 36.089, 36.066, 36.097, 36.184, 36.322, 36.468, 36.561, 36.619, 36.498, 36.174, 36.018, 35.969, 36.072, 36.683, 37.411, 37.801, 38.078, 38.228, 38.125, 37.714, 37.194, 37.388, 38.487, 39.475, 40.309, 41.323, 42.365, 43.019, 43.0, 43.036, 43.826, 44.43, 43.837, 43.127, 42.641, 42.083, 42.066, 42.372, 42.605, 42.414, 41.931, 41.374, 40.5, 39.692, 39.615, 39.835, 35.362], [35.342, 34.817, 34.301, 33.932, 32.753, 31.818, 31.28, 29.727, 27.12, 24.995, 23.518, 22.179, 21.268, 19.327, 15.719, 12.586, 11.118, 9.159, 5.295, 0.0, 6.082, 9.921, 11.907, 15.068, 19.856, 22.876, 23.373, 24.546, 26.381, 27.45, 28.553, 30.436, 31.948, 32.73, 33.124, 33.727, 34.376, 34.984, 35.601, 35.968, 36.267, 36.542, 36.642, 36.638, 36.465, 36.303, 36.376, 36.766, 37.101, 37.146, 37.162, 36.966, 36.395, 36.029, 35.911, 36.481, 38.113, 38.734, 38.368, 39.297, 40.904, 41.163, 40.612, 39.932, 39.504, 39.275, 39.319, 39.715, 40.114, 40.073, 39.836, 39.89, 40.147, 40.083, 39.985, 40.191, 40.024, 39.811, 39.916, 40.05, 39.895, 39.385, 38.758, 38.445, 38.189, 37.456, 36.85, 36.593, 36.536, 36.655, 36.952, 36.983, 36.606, 36.307, 36.15, 35.846, 35.905, 35.877, 35.583, 35.4, 35.379, 35.41, 35.49, 35.611, 35.754, 35.862, 35.929, 35.794, 35.459, 35.318, 35.286, 35.427, 36.09, 36.839, 37.248, 37.574, 37.767, 37.674, 37.264, 36.752, 36.982, 38.119, 39.109, 39.935, 40.973, 42.058, 42.74, 42.712, 42.719, 43.475, 44.08, 43.475, 42.736, 42.207, 41.601, 41.564, 41.888, 42.144, 41.956, 41.454, 40.865, 39.933, 39.069, 38.975, 39.202, 35.229], [35.409, 34.889, 34.384, 34.007, 32.844, 32.016, 31.624, 30.184, 27.72, 25.876, 24.732, 23.623, 22.798, 20.968, 17.769, 15.132, 13.841, 12.457, 10.074, 6.082, 0.0, 5.084, 8.658, 12.944, 18.22, 21.423, 22.004, 23.303, 25.252, 26.391, 27.592, 29.609, 31.256, 32.131, 32.604, 33.248, 33.882, 34.462, 35.087, 35.483, 35.809, 36.128, 36.267, 36.272, 36.115, 35.997, 36.113, 36.534, 36.895, 36.949, 36.956, 36.75, 36.163, 35.777, 35.636, 36.226, 37.911, 38.548, 38.209, 39.208, 40.857, 41.116, 40.569, 39.916, 39.49, 39.235, 39.274, 39.678, 40.077, 40.036, 39.794, 39.842, 40.11, 40.065, 39.978, 40.187, 40.021, 39.797, 39.896, 40.039, 39.882, 39.324, 38.661, 38.321, 38.002, 37.204, 36.557, 36.285, 36.238, 36.388, 36.729, 36.795, 36.434, 36.137, 35.99, 35.673, 35.702, 35.658, 35.365, 35.184, 35.17, 35.206, 35.28, 35.387, 35.521, 35.634, 35.697, 35.551, 35.213, 35.077, 35.053, 35.217, 35.894, 36.631, 37.039, 37.392, 37.602, 37.516, 37.128, 36.621, 36.819, 37.916, 38.865, 39.674, 40.728, 41.832, 42.512, 42.455, 42.408, 43.101, 43.692, 43.095, 42.347, 41.807, 41.197, 41.168, 41.506, 41.769, 41.578, 41.077, 40.49, 39.539, 38.641, 38.52, 38.732, 35.305], [35.452, 34.941, 34.462, 34.078, 32.872, 32.03, 31.698, 30.36, 28.087, 26.5, 25.564, 24.578, 23.806, 22.088, 19.213, 17.018, 15.902, 14.617, 12.816, 9.921, 5.084, 0.0, 5.14, 11.032, 17.013, 20.323, 20.857, 22.216, 24.255, 25.428, 26.675, 28.787, 30.53, 31.443, 31.967, 32.68, 33.336, 33.891, 34.516, 34.945, 35.291, 35.633, 35.822, 35.877, 35.743, 35.644, 35.798, 36.269, 36.665, 36.726, 36.726, 36.52, 35.932, 35.529, 35.377, 36.02, 37.768, 38.404, 38.07, 39.125, 40.828, 41.103, 40.555, 39.896, 39.453, 39.173, 39.204, 39.618, 40.017, 39.961, 39.706, 39.76, 40.044, 40.015, 39.943, 40.163, 40.0, 39.767, 39.856, 40.002, 39.847, 39.248, 38.547, 38.195, 37.837, 36.985, 36.318, 36.051, 36.007, 36.168, 36.545, 36.647, 36.292, 35.971, 35.818, 35.505, 35.538, 35.495, 35.215, 35.045, 35.037, 35.072, 35.14, 35.248, 35.395, 35.515, 35.575, 35.423, 35.075, 34.939, 34.923, 35.098, 35.776, 36.512, 36.931, 37.293, 37.498, 37.409, 37.027, 36.513, 36.68, 37.757, 38.699, 39.501, 40.566, 41.686, 42.367, 42.289, 42.206, 42.872, 43.462, 42.872, 42.128, 41.595, 40.972, 40.933, 41.271, 41.53, 41.329, 40.825, 40.248, 39.301, 38.391, 38.25, 38.446, 35.335], [35.378, 34.896, 34.454, 34.061, 32.843, 32.012, 31.686, 30.391, 28.355, 27.085, 26.338, 25.471, 24.778, 23.173, 20.468, 18.5, 17.575, 16.288, 14.378, 11.907, 8.658, 5.14, 0.0, 7.144, 14.425, 18.261, 18.682, 19.999, 22.214, 23.518, 24.879, 27.17, 29.102, 30.123, 30.71, 31.535, 32.302, 32.906, 33.555, 34.031, 34.443, 34.828, 35.036, 35.124, 35.022, 34.926, 35.103, 35.652, 36.144, 36.285, 36.311, 36.076, 35.459, 35.058, 34.89, 35.534, 37.358, 38.039, 37.696, 38.758, 40.49, 40.771, 40.2, 39.501, 39.039, 38.763, 38.806, 39.233, 39.639, 39.579, 39.321, 39.379, 39.67, 39.649, 39.577, 39.799, 39.624, 39.366, 39.447, 39.597, 39.45, 38.863, 38.17, 37.81, 37.441, 36.578, 35.916, 35.652, 35.594, 35.749, 36.152, 36.279, 35.923, 35.568, 35.366, 35.004, 35.024, 35.0, 34.738, 34.575, 34.561, 34.586, 34.642, 34.735, 34.884, 35.013, 35.071, 34.912, 34.551, 34.414, 34.402, 34.592, 35.292, 36.057, 36.498, 36.868, 37.078, 36.995, 36.621, 36.119, 36.315, 37.439, 38.425, 39.246, 40.335, 41.491, 42.197, 42.117, 42.024, 42.703, 43.318, 42.723, 41.963, 41.412, 40.754, 40.692, 41.034, 41.3, 41.093, 40.567, 39.966, 38.994, 38.066, 37.923, 38.124, 35.238], [35.976, 35.541, 35.172, 34.784, 33.616, 32.856, 32.541, 31.341, 29.608, 28.687, 28.146, 27.417, 26.833, 25.422, 22.97, 21.157, 20.378, 19.25, 17.34, 15.068, 12.944, 11.032, 7.144, 0.0, 8.536, 13.598, 14.361, 15.873, 18.566, 20.211, 21.893, 24.771, 27.144, 28.358, 29.06, 30.084, 31.062, 31.809, 32.527, 33.058, 33.624, 34.18, 34.443, 34.546, 34.48, 34.412, 34.603, 35.203, 35.808, 36.105, 36.231, 35.982, 35.315, 34.912, 34.74, 35.344, 37.192, 37.95, 37.621, 38.61, 40.276, 40.518, 39.915, 39.192, 38.734, 38.483, 38.539, 38.964, 39.378, 39.332, 39.085, 39.143, 39.431, 39.42, 39.339, 39.543, 39.359, 39.121, 39.237, 39.4, 39.278, 38.738, 38.055, 37.674, 37.313, 36.488, 35.852, 35.569, 35.475, 35.606, 36.02, 36.169, 35.812, 35.446, 35.227, 34.82, 34.815, 34.835, 34.62, 34.481, 34.46, 34.464, 34.513, 34.582, 34.701, 34.818, 34.876, 34.706, 34.323, 34.165, 34.14, 34.324, 35.034, 35.826, 36.282, 36.653, 36.868, 36.792, 36.432, 35.964, 36.2, 37.341, 38.352, 39.188, 40.29, 41.458, 42.175, 42.096, 42.01, 42.733, 43.403, 42.807, 42.013, 41.444, 40.793, 40.732, 41.065, 41.333, 41.12, 40.556, 39.897, 38.881, 37.958, 37.841, 38.049, 35.826], [37.519, 37.108, 36.801, 36.46, 35.379, 34.716, 34.518, 33.555, 32.075, 31.296, 30.866, 30.251, 29.754, 28.582, 26.526, 24.94, 24.243, 23.338, 21.757, 19.856, 18.22, 17.013, 14.425, 8.536, 0.0, 6.496, 8.991, 11.875, 15.296, 17.293, 19.485, 23.335, 26.253, 27.641, 28.474, 29.72, 30.911, 31.803, 32.592, 33.184, 33.969, 34.795, 35.163, 35.288, 35.274, 35.271, 35.478, 36.052, 36.665, 37.058, 37.28, 37.073, 36.414, 36.019, 35.869, 36.358, 37.994, 38.757, 38.483, 39.29, 40.743, 40.945, 40.36, 39.687, 39.28, 39.035, 39.065, 39.451, 39.842, 39.805, 39.583, 39.65, 39.923, 39.916, 39.829, 40.002, 39.833, 39.671, 39.841, 40.001, 39.897, 39.411, 38.743, 38.354, 38.031, 37.302, 36.758, 36.485, 36.355, 36.43, 36.805, 36.959, 36.612, 36.262, 36.125, 35.824, 35.858, 35.927, 35.802, 35.726, 35.709, 35.701, 35.763, 35.842, 35.938, 36.033, 36.081, 35.909, 35.53, 35.355, 35.297, 35.391, 35.985, 36.713, 37.133, 37.459, 37.641, 37.547, 37.215, 36.807, 37.032, 38.053, 38.988, 39.777, 40.818, 41.909, 42.58, 42.511, 42.437, 43.17, 43.853, 43.264, 42.455, 41.91, 41.347, 41.323, 41.622, 41.874, 41.679, 41.119, 40.441, 39.462, 38.66, 38.603, 38.787, 37.35], [38.685, 38.265, 37.947, 37.649, 36.659, 36.092, 36.005, 35.182, 33.764, 32.954, 32.547, 32.019, 31.589, 30.545, 28.733, 27.335, 26.689, 25.879, 24.514, 22.876, 21.423, 20.323, 18.261, 13.598, 6.496, 0.0, 4.953, 10.043, 14.082, 16.231, 18.8, 23.185, 26.334, 27.777, 28.698, 30.134, 31.479, 32.412, 33.202, 33.873, 34.824, 35.799, 36.23, 36.382, 36.406, 36.441, 36.665, 37.21, 37.772, 38.141, 38.368, 38.196, 37.586, 37.215, 37.08, 37.473, 38.909, 39.631, 39.389, 40.077, 41.401, 41.619, 41.083, 40.471, 40.112, 39.851, 39.827, 40.171, 40.541, 40.497, 40.285, 40.363, 40.628, 40.62, 40.548, 40.715, 40.565, 40.444, 40.63, 40.782, 40.69, 40.255, 39.636, 39.257, 38.94, 38.264, 37.779, 37.535, 37.404, 37.446, 37.767, 37.894, 37.554, 37.217, 37.14, 36.935, 37.002, 37.07, 36.989, 36.954, 36.948, 36.94, 37.009, 37.109, 37.23, 37.335, 37.373, 37.193, 36.823, 36.652, 36.584, 36.591, 37.048, 37.685, 38.071, 38.372, 38.527, 38.41, 38.099, 37.74, 37.946, 38.866, 39.76, 40.54, 41.539, 42.56, 43.191, 43.139, 43.078, 43.782, 44.431, 43.838, 43.025, 42.49, 41.97, 41.953, 42.22, 42.458, 42.291, 41.77, 41.135, 40.249, 39.576, 39.563, 39.718, 38.489], [38.377, 37.967, 37.644, 37.354, 36.425, 35.97, 35.931, 35.073, 33.625, 32.849, 32.529, 32.074, 31.651, 30.601, 28.876, 27.639, 27.091, 26.311, 24.96, 23.373, 22.004, 20.857, 18.682, 14.361, 8.991, 4.953, 0.0, 6.396, 11.478, 14.187, 17.089, 21.739, 25.119, 26.688, 27.685, 29.246, 30.696, 31.636, 32.391, 33.1, 34.114, 35.111, 35.551, 35.718, 35.753, 35.8, 36.059, 36.664, 37.272, 37.657, 37.882, 37.688, 37.06, 36.692, 36.542, 36.948, 38.479, 39.248, 38.99, 39.727, 41.13, 41.383, 40.846, 40.227, 39.859, 39.592, 39.557, 39.898, 40.273, 40.227, 40.012, 40.102, 40.384, 40.39, 40.339, 40.531, 40.38, 40.236, 40.417, 40.589, 40.504, 40.058, 39.434, 39.037, 38.687, 37.993, 37.488, 37.233, 37.107, 37.164, 37.482, 37.602, 37.265, 36.911, 36.78, 36.517, 36.539, 36.569, 36.475, 36.436, 36.431, 36.429, 36.5, 36.606, 36.753, 36.876, 36.917, 36.722, 36.329, 36.173, 36.122, 36.119, 36.563, 37.196, 37.584, 37.893, 38.048, 37.923, 37.605, 37.256, 37.507, 38.502, 39.482, 40.35, 41.42, 42.475, 43.118, 43.066, 43.011, 43.722, 44.372, 43.762, 42.931, 42.36, 41.769, 41.706, 41.974, 42.225, 42.053, 41.525, 40.901, 40.019, 39.316, 39.29, 39.454, 38.155], [37.879, 37.526, 37.286, 37.025, 36.146, 35.836, 35.854, 34.974, 33.567, 32.946, 32.807, 32.441, 31.997, 30.971, 29.421, 28.418, 28.055, 27.4, 26.091, 24.546, 23.303, 22.216, 19.999, 15.873, 11.875, 10.043, 6.396, 0.0, 6.179, 10.198, 13.775, 18.959, 22.933, 24.884, 26.097, 27.799, 29.319, 30.282, 31.033, 31.763, 32.814, 33.82, 34.253, 34.434, 34.52, 34.614, 34.927, 35.63, 36.364, 36.86, 37.145, 36.91, 36.23, 35.89, 35.737, 36.166, 37.862, 38.709, 38.433, 39.251, 40.775, 41.052, 40.499, 39.86, 39.455, 39.172, 39.146, 39.504, 39.884, 39.836, 39.629, 39.737, 40.039, 40.057, 40.01, 40.217, 40.07, 39.898, 40.065, 40.257, 40.184, 39.716, 39.075, 38.659, 38.281, 37.563, 37.034, 36.761, 36.644, 36.731, 37.056, 37.173, 36.851, 36.464, 36.229, 35.863, 35.816, 35.813, 35.707, 35.658, 35.644, 35.646, 35.72, 35.831, 35.982, 36.104, 36.143, 35.929, 35.531, 35.419, 35.394, 35.417, 35.912, 36.569, 36.946, 37.252, 37.426, 37.308, 36.961, 36.609, 36.942, 38.061, 39.113, 40.041, 41.187, 42.291, 42.95, 42.886, 42.834, 43.553, 44.206, 43.585, 42.738, 42.115, 41.424, 41.303, 41.567, 41.821, 41.642, 41.09, 40.445, 39.541, 38.8, 38.761, 38.955, 37.639], [38.134, 37.836, 37.702, 37.5, 36.669, 36.443, 36.541, 35.771, 34.464, 33.905, 33.826, 33.501, 33.06, 32.092, 30.68, 29.784, 29.5, 28.969, 27.8, 26.381, 25.252, 24.255, 22.214, 18.566, 15.296, 14.082, 11.478, 6.179, 0.0, 5.44, 10.781, 17.04, 21.501, 23.752, 25.261, 27.212, 28.852, 29.862, 30.637, 31.423, 32.584, 33.679, 34.132, 34.338, 34.505, 34.665, 35.003, 35.748, 36.554, 37.129, 37.482, 37.256, 36.581, 36.306, 36.198, 36.614, 38.273, 39.113, 38.842, 39.65, 41.162, 41.441, 40.904, 40.281, 39.861, 39.55, 39.513, 39.866, 40.234, 40.179, 39.98, 40.092, 40.39, 40.401, 40.335, 40.521, 40.385, 40.22, 40.377, 40.566, 40.494, 40.037, 39.427, 39.021, 38.647, 37.961, 37.466, 37.206, 37.103, 37.205, 37.52, 37.629, 37.333, 36.95, 36.695, 36.324, 36.259, 36.241, 36.147, 36.105, 36.08, 36.078, 36.154, 36.265, 36.396, 36.5, 36.53, 36.314, 35.945, 35.86, 35.829, 35.833, 36.3, 36.921, 37.265, 37.546, 37.724, 37.612, 37.263, 36.943, 37.323, 38.459, 39.5, 40.406, 41.512, 42.567, 43.208, 43.143, 43.101, 43.81, 44.436, 43.805, 42.962, 42.337, 41.642, 41.511, 41.755, 41.996, 41.828, 41.292, 40.662, 39.798, 39.111, 39.089, 39.286, 37.913], [38.734, 38.444, 38.363, 38.234, 37.444, 37.185, 37.3, 36.662, 35.424, 34.809, 34.695, 34.378, 33.965, 33.039, 31.636, 30.677, 30.329, 29.81, 28.742, 27.45, 26.391, 25.428, 23.518, 20.211, 17.293, 16.231, 14.187, 10.198, 5.44, 0.0, 7.412, 15.572, 20.615, 22.99, 24.753, 27.094, 28.978, 30.077, 30.892, 31.761, 33.073, 34.303, 34.802, 35.028, 35.241, 35.426, 35.749, 36.473, 37.264, 37.843, 38.223, 38.031, 37.411, 37.196, 37.138, 37.554, 39.091, 39.876, 39.626, 40.373, 41.797, 42.071, 41.568, 40.973, 40.55, 40.218, 40.167, 40.494, 40.835, 40.776, 40.58, 40.68, 40.959, 40.956, 40.873, 41.035, 40.908, 40.767, 40.922, 41.094, 41.01, 40.578, 40.016, 39.64, 39.3, 38.669, 38.212, 37.956, 37.852, 37.952, 38.259, 38.373, 38.092, 37.73, 37.519, 37.203, 37.162, 37.146, 37.073, 37.047, 37.02, 37.015, 37.101, 37.216, 37.334, 37.425, 37.444, 37.224, 36.855, 36.74, 36.681, 36.645, 37.055, 37.634, 37.951, 38.193, 38.334, 38.208, 37.883, 37.604, 37.979, 39.063, 40.086, 40.966, 41.993, 42.973, 43.593, 43.532, 43.498, 44.215, 44.83, 44.189, 43.35, 42.754, 42.126, 42.029, 42.256, 42.482, 42.326, 41.815, 41.212, 40.395, 39.766, 39.763, 39.951, 38.54], [39.015, 38.745, 38.728, 38.694, 38.005, 37.792, 37.869, 37.216, 36.035, 35.528, 35.519, 35.235, 34.811, 33.915, 32.595, 31.673, 31.304, 30.781, 29.756, 28.553, 27.592, 26.675, 24.879, 21.893, 19.485, 18.8, 17.089, 13.775, 10.781, 7.412, 0.0, 10.309, 16.987, 20.062, 22.351, 25.294, 27.606, 28.909, 29.853, 30.908, 32.458, 33.89, 34.478, 34.745, 35.022, 35.264, 35.605, 36.329, 37.122, 37.731, 38.146, 37.947, 37.34, 37.193, 37.163, 37.551, 39.071, 39.855, 39.626, 40.395, 41.815, 42.092, 41.612, 41.022, 40.573, 40.225, 40.169, 40.475, 40.788, 40.727, 40.558, 40.671, 40.93, 40.919, 40.851, 41.04, 40.951, 40.83, 40.973, 41.136, 41.065, 40.668, 40.162, 39.823, 39.506, 38.892, 38.44, 38.17, 38.06, 38.155, 38.443, 38.546, 38.248, 37.881, 37.695, 37.383, 37.305, 37.273, 37.201, 37.172, 37.139, 37.129, 37.219, 37.343, 37.47, 37.568, 37.575, 37.324, 36.928, 36.794, 36.72, 36.683, 37.081, 37.63, 37.927, 38.153, 38.272, 38.119, 37.789, 37.542, 37.958, 39.077, 40.138, 41.049, 42.087, 43.074, 43.703, 43.639, 43.615, 44.365, 45.003, 44.384, 43.531, 42.904, 42.239, 42.106, 42.299, 42.507, 42.355, 41.85, 41.245, 40.431, 39.806, 39.81, 40.011, 38.821], [39.12, 38.896, 38.945, 38.977, 38.449, 38.471, 38.618, 37.92, 36.742, 36.408, 36.613, 36.441, 36.003, 35.106, 33.934, 33.212, 32.935, 32.481, 31.539, 30.436, 29.609, 28.787, 27.17, 24.771, 23.335, 23.185, 21.739, 18.959, 17.04, 15.572, 10.309, 0.0, 8.807, 13.814, 17.337, 21.13, 24.098, 25.782, 26.953, 28.364, 30.381, 32.195, 32.979, 33.348, 33.767, 34.155, 34.565, 35.32, 36.164, 36.853, 37.343, 37.13, 36.537, 36.554, 36.584, 36.885, 38.482, 39.375, 39.222, 40.122, 41.596, 41.875, 41.42, 40.85, 40.41, 40.085, 40.045, 40.35, 40.657, 40.611, 40.492, 40.647, 40.908, 40.91, 40.886, 41.126, 41.084, 40.966, 41.06, 41.198, 41.149, 40.792, 40.315, 40.005, 39.699, 39.071, 38.599, 38.331, 38.229, 38.308, 38.544, 38.602, 38.294, 37.921, 37.708, 37.35, 37.182, 37.098, 36.997, 36.948, 36.911, 36.894, 36.956, 37.049, 37.186, 37.313, 37.309, 37.022, 36.652, 36.592, 36.553, 36.539, 36.93, 37.411, 37.68, 37.927, 38.068, 37.875, 37.481, 37.241, 37.751, 38.987, 40.099, 41.068, 42.205, 43.265, 43.895, 43.812, 43.813, 44.602, 45.264, 44.682, 43.829, 43.149, 42.364, 42.116, 42.24, 42.424, 42.277, 41.78, 41.178, 40.346, 39.683, 39.667, 39.87, 38.924], [39.504, 39.307, 39.4, 39.488, 39.068, 39.24, 39.471, 38.836, 37.634, 37.258, 37.498, 37.411, 37.024, 36.164, 35.052, 34.383, 34.102, 33.678, 32.875, 31.948, 31.256, 30.53, 29.102, 27.144, 26.253, 26.334, 25.119, 22.933, 21.501, 20.615, 16.987, 8.807, 0.0, 7.108, 12.902, 17.961, 21.478, 23.352, 24.639, 26.386, 28.902, 31.124, 32.117, 32.597, 33.121, 33.576, 33.989, 34.732, 35.607, 36.361, 36.925, 36.784, 36.31, 36.494, 36.647, 36.96, 38.544, 39.514, 39.503, 40.506, 41.964, 42.223, 41.8, 41.287, 40.91, 40.62, 40.583, 40.894, 41.203, 41.145, 41.033, 41.22, 41.501, 41.512, 41.497, 41.731, 41.688, 41.561, 41.606, 41.691, 41.617, 41.251, 40.774, 40.488, 40.199, 39.563, 39.076, 38.823, 38.743, 38.828, 39.055, 39.105, 38.82, 38.452, 38.216, 37.857, 37.676, 37.56, 37.441, 37.38, 37.346, 37.323, 37.367, 37.453, 37.609, 37.751, 37.731, 37.44, 37.113, 37.104, 37.098, 37.095, 37.459, 37.908, 38.174, 38.431, 38.576, 38.365, 37.94, 37.691, 38.201, 39.43, 40.539, 41.534, 42.721, 43.803, 44.394, 44.292, 44.323, 45.13, 45.757, 45.182, 44.367, 43.708, 42.904, 42.603, 42.682, 42.854, 42.719, 42.253, 41.683, 40.867, 40.191, 40.153, 40.339, 39.332], [39.7, 39.508, 39.594, 39.691, 39.252, 39.38, 39.632, 39.121, 38.008, 37.595, 37.777, 37.723, 37.441, 36.682, 35.643, 34.991, 34.664, 34.218, 33.509, 32.73, 32.131, 31.443, 30.123, 28.358, 27.641, 27.777, 26.688, 24.884, 23.752, 22.99, 20.062, 13.814, 7.108, 0.0, 7.884, 15.044, 19.518, 21.47, 22.701, 24.71, 27.653, 30.202, 31.376, 31.951, 32.523, 32.98, 33.381, 34.124, 35.034, 35.851, 36.505, 36.472, 36.105, 36.332, 36.565, 36.984, 38.568, 39.565, 39.678, 40.752, 42.21, 42.472, 42.051, 41.562, 41.236, 40.978, 40.938, 41.235, 41.531, 41.45, 41.322, 41.519, 41.804, 41.807, 41.778, 41.991, 41.95, 41.838, 41.86, 41.908, 41.811, 41.418, 40.905, 40.607, 40.305, 39.665, 39.181, 38.936, 38.879, 38.987, 39.238, 39.313, 39.047, 38.691, 38.46, 38.121, 37.98, 37.872, 37.747, 37.682, 37.644, 37.618, 37.676, 37.788, 37.956, 38.097, 38.075, 37.788, 37.438, 37.395, 37.387, 37.377, 37.707, 38.137, 38.427, 38.697, 38.825, 38.604, 38.187, 37.931, 38.413, 39.615, 40.733, 41.741, 42.931, 44.014, 44.592, 44.496, 44.555, 45.375, 45.977, 45.408, 44.639, 44.055, 43.32, 43.043, 43.124, 43.292, 43.148, 42.686, 42.129, 41.314, 40.617, 40.561, 40.731, 39.535], [39.291, 39.087, 39.145, 39.208, 38.675, 38.683, 38.921, 38.467, 37.571, 37.378, 37.622, 37.577, 37.341, 36.697, 35.84, 35.329, 35.024, 34.549, 33.842, 33.124, 32.604, 31.967, 30.71, 29.06, 28.474, 28.698, 27.685, 26.097, 25.261, 24.753, 22.351, 17.337, 12.902, 7.884, 0.0, 9.099, 15.229, 17.741, 18.937, 21.207, 24.713, 27.69, 29.081, 29.79, 30.468, 31.018, 31.482, 32.301, 33.347, 34.333, 35.135, 35.175, 34.805, 35.041, 35.321, 35.827, 37.552, 38.658, 38.859, 40.066, 41.675, 42.02, 41.589, 41.029, 40.666, 40.416, 40.385, 40.691, 40.995, 40.914, 40.791, 41.011, 41.299, 41.284, 41.245, 41.467, 41.437, 41.325, 41.343, 41.39, 41.279, 40.84, 40.267, 39.928, 39.566, 38.855, 38.344, 38.111, 38.075, 38.219, 38.543, 38.68, 38.424, 38.04, 37.774, 37.416, 37.31, 37.215, 37.057, 36.974, 36.932, 36.909, 36.972, 37.09, 37.267, 37.409, 37.402, 37.123, 36.713, 36.64, 36.666, 36.699, 37.051, 37.481, 37.78, 38.056, 38.176, 37.947, 37.498, 37.185, 37.6