[[0.0, 5.871, 11.414, 13.316, 18.534, 22.225, 23.727, 26.039, 27.347, 28.286, 29.044, 29.934, 31.026, 32.202, 33.51, 35.014, 36.689, 37.795, 37.918, 37.827, 38.617, 39.126, 39.241, 39.148, 38.58, 38.033, 38.079, 38.439, 38.004, 38.4, 38.667, 38.706, 38.113, 36.712, 36.268, 36.785, 37.186, 37.529, 38.008, 38.339, 37.893, 37.761, 37.799, 38.47, 39.27, 39.029, 39.312, 40.652, 40.43, 39.885, 40.776, 41.451, 6.593], [5.871, 0.0, 7.0, 10.178, 16.298, 20.529, 22.279, 24.893, 26.418, 27.51, 28.416, 29.452, 30.662, 31.903, 33.288, 34.901, 36.661, 37.819, 37.951, 37.842, 38.638, 39.196, 39.365, 39.266, 38.67, 38.111, 38.173, 38.565, 38.116, 38.442, 38.678, 38.711, 38.104, 36.715, 36.267, 36.761, 37.161, 37.493, 37.918, 38.223, 37.775, 37.628, 37.66, 38.35, 39.181, 38.955, 39.24, 40.594, 40.385, 39.849, 40.767, 41.447, 10.114], [11.414, 7.0, 0.0, 6.405, 14.658, 19.494, 21.439, 24.291, 25.985, 27.228, 28.383, 29.624, 30.932, 32.246, 33.69, 35.351, 37.089, 38.221, 38.359, 38.289, 39.121, 39.693, 39.871, 39.774, 39.208, 38.668, 38.727, 39.134, 38.715, 38.949, 39.144, 39.196, 38.619, 37.315, 36.901, 37.315, 37.683, 38.002, 38.38, 38.659, 38.246, 38.086, 38.105, 38.774, 39.56, 39.325, 39.607, 40.921, 40.708, 40.208, 41.122, 41.793, 14.513], [13.316, 10.178, 6.405, 0.0, 10.309, 16.645, 18.877, 21.752, 23.667, 25.092, 26.385, 27.891, 29.5, 31.016, 32.602, 34.374, 36.173, 37.364, 37.522, 37.459, 38.408, 39.108, 39.345, 39.267, 38.73, 38.199, 38.238, 38.674, 38.217, 38.468, 38.668, 38.72, 38.166, 36.838, 36.342, 36.715, 37.098, 37.461, 37.877, 38.19, 37.759, 37.597, 37.58, 38.232, 39.078, 38.853, 39.162, 40.528, 40.31, 39.819, 40.809, 41.516, 15.924], [18.534, 16.298, 14.658, 10.309, 0.0, 9.004, 13.035, 16.354, 18.873, 20.809, 22.434, 24.499, 26.754, 28.817, 30.847, 32.916, 34.926, 36.263, 36.466, 36.448, 37.555, 38.438, 38.794, 38.737, 38.273, 37.88, 37.973, 38.414, 37.929, 38.215, 38.428, 38.466, 37.943, 36.666, 36.047, 36.309, 36.681, 37.094, 37.54, 37.829, 37.362, 37.177, 37.084, 37.681, 38.624, 38.446, 38.77, 40.191, 40.027, 39.585, 40.628, 41.324, 20.296], [22.225, 20.529, 19.494, 16.645, 9.004, 0.0, 6.841, 12.284, 15.295, 17.392, 19.363, 21.923, 24.502, 26.865, 29.117, 31.305, 33.511, 34.981, 35.223, 35.286, 36.548, 37.556, 37.986, 37.97, 37.615, 37.43, 37.703, 38.243, 37.73, 37.979, 38.217, 38.305, 37.832, 36.616, 35.99, 36.236, 36.6, 37.016, 37.502, 37.783, 37.276, 37.065, 36.876, 37.327, 38.273, 38.128, 38.443, 39.858, 39.748, 39.338, 40.364, 41.042, 23.607], [23.727, 22.279, 21.439, 18.877, 13.035, 6.841, 0.0, 7.8, 12.046, 14.341, 16.651, 19.875, 22.824, 25.325, 27.581, 29.741, 32.019, 33.59, 33.871, 34.004, 35.446, 36.527, 36.993, 37.026, 36.719, 36.58, 37.044, 37.816, 37.326, 37.516, 37.759, 37.879, 37.386, 36.115, 35.482, 35.776, 36.153, 36.578, 37.054, 37.294, 36.753, 36.538, 36.351, 36.803, 37.755, 37.605, 37.926, 39.351, 39.229, 38.796, 39.834, 40.541, 24.975], [26.039, 24.893, 24.291, 21.752, 16.354, 12.284, 7.8, 0.0, 6.271, 10.146, 13.423, 17.74, 21.43, 24.376, 26.808, 29.008, 31.294, 32.882, 33.18, 33.422, 35.038, 36.143, 36.639, 36.715, 36.463, 36.363, 36.893, 37.785, 37.395, 37.597, 37.82, 37.893, 37.328, 36.011, 35.319, 35.608, 36.013, 36.452, 36.843, 37.027, 36.517, 36.309, 36.126, 36.612, 37.56, 37.405, 37.74, 39.185, 39.075, 38.683, 39.754, 40.488, 27.098], [27.347, 26.418, 25.985, 23.667, 18.873, 15.295, 12.046, 6.271, 0.0, 5.731, 10.981, 16.241, 20.163, 23.302, 25.842, 28.122, 30.504, 32.124, 32.376, 32.713, 34.508, 35.639, 36.204, 36.346, 36.162, 36.191, 36.768, 37.637, 37.333, 37.618, 37.837, 37.889, 37.282, 35.928, 35.149, 35.389, 35.851, 36.293, 36.631, 36.853, 36.411, 36.22, 36.005, 36.389, 37.277, 37.12, 37.448, 38.887, 38.785, 38.384, 39.447, 40.189, 28.321], [28.286, 27.51, 27.228, 25.092, 20.809, 17.392, 14.341, 10.146, 5.731, 0.0, 7.468, 14.318, 18.435, 21.483, 24.169, 26.694, 29.263, 30.955, 31.209, 31.637, 33.557, 34.773, 35.455, 35.662, 35.583, 35.768, 36.443, 37.336, 37.056, 37.377, 37.608, 37.707, 37.118, 35.756, 34.933, 35.15, 35.66, 36.133, 36.472, 36.691, 36.276, 36.126, 35.862, 36.139, 36.991, 36.836, 37.152, 38.581, 38.456, 37.989, 39.015, 39.754, 29.194], [29.044, 28.416, 28.383, 26.385, 22.434, 19.363, 16.651, 13.423, 10.981, 7.468, 0.0, 8.765, 14.429, 18.049, 21.163, 24.18, 26.955, 28.734, 29.106, 29.601, 31.586, 32.938, 33.748, 34.025, 34.052, 34.426, 35.334, 36.366, 36.121, 36.574, 36.898, 37.087, 36.539, 35.079, 34.177, 34.422, 34.956, 35.51, 35.968, 36.161, 35.71, 35.58, 35.283, 35.543, 36.459, 36.334, 36.635, 38.08, 37.913, 37.398, 38.477, 39.235, 29.787], [29.934, 29.452, 29.624, 27.891, 24.499, 21.923, 19.875, 17.74, 16.241, 14.318, 8.765, 0.0, 7.824, 13.598, 17.956, 21.649, 24.517, 26.325, 26.81, 27.323, 29.431, 30.896, 31.74, 32.091, 32.239, 32.848, 34.012, 35.093, 34.924, 35.721, 36.209, 36.528, 36.22, 34.807, 33.858, 34.088, 34.576, 35.159, 35.787, 36.093, 35.64, 35.475, 35.149, 35.403, 36.357, 36.251, 36.507, 37.894, 37.676, 37.139, 38.224, 38.97, 30.557], [31.026, 30.662, 30.932, 29.5, 26.754, 24.502, 22.824, 21.43, 20.163, 18.435, 14.429, 7.824, 0.0, 8.257, 15.123, 19.852, 22.777, 24.622, 25.12, 25.567, 27.85, 29.452, 30.242, 30.583, 30.847, 31.641, 32.899, 33.886, 33.775, 34.867, 35.466, 35.852, 35.822, 34.698, 33.911, 34.135, 34.521, 35.079, 35.865, 36.373, 35.975, 35.775, 35.412, 35.646, 36.566, 36.443, 36.641, 37.954, 37.713, 37.103, 38.069, 38.784, 31.634], [32.202, 31.903, 32.246, 31.016, 28.817, 26.865, 25.325, 24.376, 23.302, 21.483, 18.049, 13.598, 8.257, 0.0, 9.648, 16.892, 20.753, 22.884, 23.373, 23.961, 26.734, 28.614, 29.495, 29.856, 30.199, 31.153, 32.555, 33.585, 33.5, 34.634, 35.241, 35.647, 35.553, 34.388, 33.735, 34.069, 34.382, 34.871, 35.724, 36.369, 36.011, 35.847, 35.491, 35.705, 36.63, 36.47, 36.625, 37.967, 37.702, 36.914, 37.776, 38.53, 32.827], [33.51, 33.288, 33.69, 32.602, 30.847, 29.117, 27.581, 26.808, 25.842, 24.169, 21.163, 17.956, 15.123, 9.648, 0.0, 10.172, 16.225, 19.098, 19.676, 20.821, 24.577, 26.938, 28.168, 28.733, 29.32, 30.641, 32.346, 33.54, 33.543, 34.701, 35.307, 35.73, 35.605, 34.276, 33.559, 34.019, 34.44, 34.942, 35.741, 36.358, 36.006, 35.908, 35.54, 35.643, 36.563, 36.389, 36.5, 37.879, 37.587, 36.682, 37.539, 38.318, 34.083], [35.014, 34.901, 35.351, 34.374, 32.916, 31.305, 29.741, 29.008, 28.122, 26.694, 24.18, 21.649, 19.852, 16.892, 10.172, 0.0, 8.407, 12.993, 14.18, 16.309, 21.385, 24.309, 25.919, 26.796, 27.715, 29.406, 31.411, 32.803, 33.014, 34.445, 35.154, 35.613, 35.763, 34.644, 33.799, 34.202, 34.823, 35.465, 36.235, 36.813, 36.453, 36.359, 35.993, 35.951, 36.702, 36.515, 36.621, 37.927, 37.624, 36.738, 37.589, 38.325, 35.489], [36.689, 36.661, 37.089, 36.173, 34.926, 33.511, 32.019, 31.294, 30.504, 29.263, 26.955, 24.517, 22.777, 20.753, 16.225, 8.407, 0.0, 6.352, 9.117, 12.541, 18.784, 22.215, 24.138, 25.325, 26.501, 28.343, 30.502, 32.016, 32.491, 34.295, 35.12, 35.666, 36.185, 35.418, 34.507, 34.727, 35.467, 36.273, 37.061, 37.648, 37.307, 37.194, 36.818, 36.696, 37.28, 37.065, 37.174, 38.321, 37.961, 37.111, 37.851, 38.515, 37.038], [37.795, 37.819, 38.221, 37.364, 36.263, 34.981, 33.59, 32.882, 32.124, 30.955, 28.734, 26.325, 24.622, 22.884, 19.098, 12.993, 6.352, 0.0, 4.912, 10.652, 17.689, 21.517, 23.778, 25.118, 26.386, 28.215, 30.368, 31.89, 32.53, 34.515, 35.375, 35.96, 36.666, 36.069, 35.085, 35.116, 35.88, 36.788, 37.596, 38.207, 37.922, 37.813, 37.364, 37.108, 37.596, 37.383, 37.492, 38.54, 38.157, 37.337, 37.976, 38.564, 38.036], [37.918, 37.951, 38.359, 37.522, 36.466, 35.223, 33.871, 33.18, 32.376, 31.209, 29.106, 26.81, 25.12, 23.373, 19.676, 14.18, 9.117, 4.912, 0.0, 7.998, 16.53, 20.783, 23.211, 24.602, 25.88, 27.781, 30.017, 31.556, 32.268, 34.329, 35.207, 35.785, 36.502, 35.944, 34.989, 34.976, 35.691, 36.576, 37.41, 38.095, 37.842, 37.728, 37.278, 36.964, 37.423, 37.222, 37.321, 38.381, 38.01, 37.169, 37.798, 38.364, 38.15], [37.827, 37.842, 38.289, 37.459, 36.448, 35.286, 34.004, 33.422, 32.713, 31.637, 29.601, 27.323, 25.567, 23.961, 20.821, 16.309, 12.541, 10.652, 7.998, 0.0, 10.73, 16.814, 19.918, 21.556, 23.101, 25.434, 28.036, 29.745, 30.645, 32.965, 33.94, 34.651, 35.566, 35.138, 34.332, 34.395, 35.044, 35.927, 36.864, 37.604, 37.346, 37.232, 36.818, 36.643, 37.271, 37.114, 37.183, 38.312, 37.926, 37.02, 37.794, 38.483, 37.97], [38.617, 38.638, 39.121, 38.408, 37.555, 36.548, 35.446, 35.038, 34.508, 33.557, 31.586, 29.431, 27.85, 26.734, 24.577, 21.385, 18.784, 17.689, 16.53, 10.73, 0.0, 9.346, 15.158, 17.523, 19.538, 22.617, 25.836, 27.902, 29.262, 31.907, 32.998, 33.947, 35.231, 35.129, 34.547, 34.653, 35.234, 36.204, 37.318, 38.014, 37.725, 37.638, 37.265, 37.251, 38.035, 37.925, 37.937, 39.042, 38.648, 37.764, 38.677, 39.473, 38.504], [39.126, 39.196, 39.693, 39.108, 38.438, 37.556, 36.527, 36.143, 35.639, 34.773, 32.938, 30.896, 29.452, 28.614, 26.938, 24.309, 22.215, 21.517, 20.783, 16.814, 9.346, 0.0, 8.867, 12.917, 15.466, 19.378, 23.477, 26.034, 27.951, 30.996, 32.196, 33.232, 34.756, 34.99, 34.585, 34.69, 35.243, 36.287, 37.541, 38.269, 37.981, 37.91, 37.721, 37.92, 38.712, 38.593, 38.576, 39.617, 39.231, 38.357, 39.256, 40.058, 38.943], [39.241, 39.365, 39.871, 39.345, 38.794, 37.986, 36.993, 36.639, 36.204, 35.455, 33.748, 31.74, 30.242, 29.495, 28.168, 25.919, 24.138, 23.778, 23.211, 19.918, 15.158, 8.867, 0.0, 6.453, 10.815, 15.595, 20.393, 23.425, 26.058, 29.787, 31.158, 32.199, 33.907, 34.419, 34.21, 34.356, 34.865, 35.939, 37.346, 38.192, 37.899, 37.787, 37.753, 38.252, 39.15, 39.039, 39.031, 40.088, 39.74, 38.886, 39.749, 40.517, 39.053], [39.148, 39.266, 39.774, 39.267, 38.737, 37.97, 37.026, 36.715, 36.346, 35.662, 34.025, 32.091, 30.583, 29.856, 28.733, 26.796, 25.325, 25.118, 24.602, 21.556, 17.523, 12.917, 6.453, 0.0, 6.692, 13.059, 18.227, 21.401, 24.518, 28.69, 30.168, 31.144, 32.861, 33.517, 33.453, 33.661, 34.184, 35.334, 36.867, 37.8, 37.538, 37.442, 37.422, 38.056, 39.103, 39.046, 39.048, 40.153, 39.845, 39.012, 39.859, 40.602, 38.963], [38.58, 38.67, 39.208, 38.73, 38.273, 37.615, 36.719, 36.463, 36.162, 35.583, 34.052, 32.239, 30.847, 30.199, 29.32, 27.715, 26.501, 26.386, 25.88, 23.101, 19.538, 15.466, 10.815, 6.692, 0.0, 8.424, 15.62, 19.584, 23.126, 27.577, 29.142, 30.073, 31.736, 32.452, 32.525, 32.881, 33.48, 34.626, 36.191, 37.157, 36.892, 36.834, 36.914, 37.661, 38.801, 38.792, 38.845, 40.004, 39.731, 38.925, 39.731, 40.427, 38.4], [38.033, 38.111, 38.668, 38.199, 37.88, 37.43, 36.58, 36.363, 36.191, 35.768, 34.426, 32.848, 31.641, 31.153, 30.641, 29.406, 28.343, 28.215, 27.781, 25.434, 22.617, 19.378, 15.595, 13.059, 8.424, 0.0, 9.885, 16.066, 20.817, 25.912, 27.646, 28.677, 30.618, 31.612, 32.001, 32.614, 33.34, 34.397, 35.912, 36.902, 36.59, 36.522, 36.744, 37.716, 38.929, 38.913, 39.052, 40.274, 40.058, 39.325, 40.087, 40.729, 37.86], [38.079, 38.173, 38.727, 38.238, 37.973, 37.703, 37.044, 36.893, 36.768, 36.443, 35.334, 34.012, 32.899, 32.555, 32.346, 31.411, 30.502, 30.368, 30.017, 28.036, 25.836, 23.477, 20.393, 18.227, 15.62, 9.885, 0.0, 9.193, 17.289, 23.735, 25.684, 26.831, 29.375, 30.907, 31.578, 32.364, 33.184, 34.25, 35.795, 36.857, 36.605, 36.556, 36.834, 37.971, 39.243, 39.208, 39.38, 40.665, 40.536, 39.898, 40.66, 41.289, 37.912], [38.439, 38.565, 39.134, 38.674, 38.414, 38.243, 37.816, 37.785, 37.637, 37.336, 36.366, 35.093, 33.886, 33.585, 33.54, 32.803, 32.016, 31.89, 31.556, 29.745, 27.902, 26.034, 23.425, 21.401, 19.584, 16.066, 9.193, 0.0, 12.062, 20.865, 23.257, 24.575, 27.929, 30.139, 31.113, 31.906, 32.642, 33.789, 35.524, 36.746, 36.581, 36.514, 36.76, 37.995, 39.316, 39.284, 39.441, 40.723, 40.638, 40.067, 40.835, 41.458, 38.286], [38.004, 38.116, 38.715, 38.217, 37.929, 37.73, 37.326, 37.395, 37.333, 37.056, 36.121, 34.924, 33.775, 33.5, 33.543, 33.014, 32.491, 32.53, 32.268, 30.645, 29.262, 27.951, 26.058, 24.518, 23.126, 20.817, 17.289, 12.062, 0.0, 11.854, 15.773, 17.867, 22.796, 26.372, 28.101, 29.372, 30.173, 31.425, 33.451, 34.954, 34.917, 34.919, 35.165, 36.543, 38.062, 38.041, 38.22, 39.572, 39.475, 39.008, 40.112, 40.982, 37.867], [38.4, 38.442, 38.949, 38.468, 38.215, 37.979, 37.516, 37.597, 37.618, 37.377, 36.574, 35.721, 34.867, 34.634, 34.701, 34.445, 34.295, 34.515, 34.329, 32.965, 31.907, 30.996, 29.787, 28.69, 27.577, 25.912, 23.735, 20.865, 11.854, 0.0, 6.257, 10.733, 16.906, 22.271, 25.542, 27.627, 28.543, 29.731, 31.79, 33.463, 33.724, 33.899, 34.132, 35.526, 37.145, 37.153, 37.348, 38.733, 38.725, 38.587, 40.024, 41.066, 38.304], [38.667, 38.678, 39.144, 38.668, 38.428, 38.217, 37.759, 37.82, 37.837, 37.608, 36.898, 36.209, 35.466, 35.241, 35.307, 35.154, 35.12, 35.375, 35.207, 33.94, 32.998, 32.196, 31.158, 30.168, 29.142, 27.646, 25.684, 23.257, 15.773, 6.257, 0.0, 6.714, 13.932, 20.208, 24.291, 26.719, 27.649, 28.834, 31.042, 32.869, 33.21, 33.399, 33.624, 35.076, 36.776, 36.805, 36.996, 38.419, 38.489, 38.496, 40.067, 41.158, 38.569], [38.706, 38.711, 39.196, 38.72, 38.466, 38.305, 37.879, 37.893, 37.889, 37.707, 37.087, 36.528, 35.852, 35.647, 35.73, 35.613, 35.666, 35.96, 35.785, 34.651, 33.947, 33.232, 32.199, 31.144, 30.073, 28.677, 26.831, 24.575, 17.867, 10.733, 6.714, 0.0, 9.633, 17.987, 22.69, 25.29, 26.334, 27.704, 30.145, 32.138, 32.558, 32.764, 33.078, 34.698, 36.506, 36.578, 36.8, 38.298, 38.501, 38.667, 40.263, 41.305, 38.612], [38.113, 38.104, 38.619, 38.166, 37.943, 37.832, 37.386, 37.328, 37.282, 37.118, 36.539, 36.22, 35.822, 35.553, 35.605, 35.763, 36.185, 36.666, 36.502, 35.566, 35.231, 34.756, 33.907, 32.861, 31.736, 30.618, 29.375, 27.929, 22.796, 16.906, 13.932, 9.633, 0.0, 11.534, 18.912, 22.544, 23.809, 25.265, 27.888, 30.1, 30.762, 31.173, 31.776, 33.844, 35.875, 35.977, 36.276, 37.959, 38.256, 38.527, 40.184, 41.156, 38.003], [36.712, 36.715, 37.315, 36.838, 36.666, 36.616, 36.115, 36.011, 35.928, 35.756, 35.079, 34.807, 34.698, 34.388, 34.276, 34.644, 35.418, 36.069, 35.944, 35.138, 35.129, 34.99, 34.419, 33.517, 32.452, 31.612, 30.907, 30.139, 26.372, 22.271, 20.208, 17.987, 11.534, 0.0, 11.262, 17.5, 19.361, 21.048, 24.229, 26.837, 27.674, 28.411, 29.428, 31.977, 34.273, 34.336, 34.728, 36.662, 36.985, 37.277, 39.153, 40.228, 36.545], [36.268, 36.267, 36.901, 36.342, 36.047, 35.99, 35.482, 35.319, 35.149, 34.933, 34.177, 33.858, 33.911, 33.735, 33.559, 33.799, 34.507, 35.085, 34.989, 34.332, 34.547, 34.585, 34.21, 33.453, 32.525, 32.001, 31.578, 31.113, 28.101, 25.542, 24.291, 22.69, 18.912, 11.262, 0.0, 9.239, 13.627, 16.649, 20.656, 23.873, 25.057, 26.05, 27.07, 29.48, 31.806, 31.863, 32.362, 34.507, 35.038, 35.628, 37.937, 39.25, 36.093], [36.785, 36.761, 37.315, 36.715, 36.309, 36.236, 35.776, 35.608, 35.389, 35.15, 34.422, 34.088, 34.135, 34.069, 34.019, 34.202, 34.727, 35.116, 34.976, 34.395, 34.653, 34.69, 34.356, 33.661, 32.881, 32.614, 32.364, 31.906, 29.372, 27.627, 26.719, 25.29, 22.544, 17.5, 9.239, 0.0, 7.815, 13.607, 18.661, 22.489, 23.996, 25.022, 25.809, 27.891, 30.146, 30.28, 30.792, 32.938, 33.659, 34.469, 36.936, 38.345, 36.629], [37.186, 37.161, 37.683, 37.098, 36.681, 36.6, 36.153, 36.013, 35.851, 35.66, 34.956, 34.576, 34.521, 34.382, 34.44, 34.823, 35.467, 35.88, 35.691, 35.044, 35.234, 35.243, 34.865, 34.184, 33.48, 33.34, 33.184, 32.642, 30.173, 28.543, 27.649, 26.334, 23.809, 19.361, 13.627, 7.815, 0.0, 8.625, 16.276, 20.969, 22.594, 23.692, 24.747, 27.201, 29.683, 29.915, 30.407, 32.572, 33.365, 34.246, 36.76, 38.2, 37.034], [37.529, 37.493, 38.002, 37.461, 37.094, 37.016, 36.578, 36.452, 36.293, 36.133, 35.51, 35.159, 35.079, 34.871, 34.942, 35.465, 36.273, 36.788, 36.576, 35.927, 36.204, 36.287, 35.939, 35.334, 34.626, 34.397, 34.25, 33.789, 31.425, 29.731, 28.834, 27.704, 25.265, 21.048, 16.649, 13.607, 8.625, 0.0, 10.663, 17.311, 19.57, 20.96, 22.708, 26.092, 28.985, 29.281, 29.815, 32.184, 33.212, 34.395, 37.09, 38.522, 37.416], [38.008, 37.918, 38.38, 37.877, 37.54, 37.502, 37.054, 36.843, 36.631, 36.472, 35.968, 35.787, 35.865, 35.724, 35.741, 36.235, 37.061, 37.596, 37.41, 36.864, 37.318, 37.541, 37.346, 36.867, 36.191, 35.912, 35.795, 35.524, 33.451, 31.79, 31.042, 30.145, 27.888, 24.229, 20.656, 18.661, 16.276, 10.663, 0.0, 9.485, 14.282, 16.627, 19.209, 23.842, 27.376, 27.784, 28.404, 31.117, 32.639, 34.352, 37.218, 38.587, 38.011], [38.339, 38.223, 38.659, 38.19, 37.829, 37.783, 37.294, 37.027, 36.853, 36.691, 36.161, 36.093, 36.373, 36.369, 36.358, 36.813, 37.648, 38.207, 38.095, 37.604, 38.014, 38.269, 38.192, 37.8, 37.157, 36.902, 36.857, 36.746, 34.954, 33.463, 32.869, 32.138, 30.1, 26.837, 23.873, 22.489, 20.969, 17.311, 9.485, 0.0, 7.587, 11.891, 15.738, 21.698, 25.837, 26.458, 27.131, 30.043, 31.919, 33.959, 36.888, 38.191, 38.382], [37.893, 37.775, 38.246, 37.759, 37.362, 37.276, 36.753, 36.517, 36.411, 36.276, 35.71, 35.64, 35.975, 36.011, 36.006, 36.453, 37.307, 37.922, 37.842, 37.346, 37.725, 37.981, 37.899, 37.538, 36.892, 36.59, 36.605, 36.581, 34.917, 33.724, 33.21, 32.558, 30.762, 27.674, 25.057, 23.996, 22.594, 19.57, 14.282, 7.587, 0.0, 6.33, 12.596, 20.023, 24.562, 25.256, 25.996, 29.038, 30.988, 32.949, 35.866, 37.207, 37.933], [37.761, 37.628, 38.086, 37.597, 37.177, 37.065, 36.538, 36.309, 36.22, 36.126, 35.58, 35.475, 35.775, 35.847, 35.908, 36.359, 37.194, 37.813, 37.728, 37.232, 37.638, 37.91, 37.787, 37.442, 36.834, 36.522, 36.556, 36.514, 34.919, 33.899, 33.399, 32.764, 31.173, 28.411, 26.05, 25.022, 23.692, 20.96, 16.627, 11.891, 6.33, 0.0, 8.848, 18.35, 23.385, 24.11, 24.965, 28.125, 30.135, 32.116, 35.067, 36.449, 37.798], [37.799, 37.66, 38.105, 37.58, 37.084, 36.876, 36.351, 36.126, 36.005, 35.862, 35.283, 35.149, 35.412, 35.491, 35.54, 35.993, 36.818, 37.364, 37.278, 36.818, 37.265, 37.721, 37.753, 37.422, 36.914, 36.744, 36.834, 36.76, 35.165, 34.132, 33.624, 33.078, 31.776, 29.428, 27.07, 25.809, 24.747, 22.708, 19.209, 15.738, 12.596, 8.848, 0.0, 11.976, 18.965, 20.204, 21.153, 24.75, 27.194, 29.632, 32.965, 34.483, 37.802], [38.47, 38.35, 38.774, 38.232, 37.681, 37.327, 36.803, 36.612, 36.389, 36.139, 35.543, 35.403, 35.646, 35.705, 35.643, 35.951, 36.696, 37.108, 36.964, 36.643, 37.251, 37.92, 38.252, 38.056, 37.661, 37.716, 37.971, 37.995, 36.543, 35.526, 35.076, 34.698, 33.844, 31.977, 29.48, 27.891, 27.201, 26.092, 23.842, 21.698, 20.023, 18.35, 11.976, 0.0, 9.843, 12.732, 13.479, 17.652, 21.421, 25.102, 29.155, 30.866, 38.502], [39.27, 39.181, 39.56, 39.078, 38.624, 38.273, 37.755, 37.56, 37.277, 36.991, 36.459, 36.357, 36.566, 36.63, 36.563, 36.702, 37.28, 37.596, 37.423, 37.271, 38.035, 38.712, 39.15, 39.103, 38.801, 38.929, 39.243, 39.316, 38.062, 37.145, 36.776, 36.506, 35.875, 34.273, 31.806, 30.146, 29.683, 28.985, 27.376, 25.837, 24.562, 23.385, 18.965, 9.843, 0.0, 5.123, 6.643, 10.582, 15.955, 21.436, 26.195, 28.069, 39.352], [39.029, 38.955, 39.325, 38.853, 38.446, 38.128, 37.605, 37.405, 37.12, 36.836, 36.334, 36.251, 36.443, 36.47, 36.389, 36.515, 37.065, 37.383, 37.222, 37.114, 37.925, 38.593, 39.039, 39.046, 38.792, 38.913, 39.208, 39.284, 38.041, 37.153, 36.805, 36.578, 35.977, 34.336, 31.863, 30.28, 29.915, 29.281, 27.784, 26.458, 25.256, 24.11, 20.204, 12.732, 5.123, 0.0, 4.142, 8.814, 13.962, 19.932, 25.038, 27.037, 39.11], [39.312, 39.24, 39.607, 39.162, 38.77, 38.443, 37.926, 37.74, 37.448, 37.152, 36.635, 36.507, 36.641, 36.625, 36.5, 36.621, 37.174, 37.492, 37.321, 37.183, 37.937, 38.576, 39.031, 39.048, 38.845, 39.052, 39.38, 39.441, 38.22, 37.348, 36.996, 36.8, 36.276, 34.728, 32.362, 30.792, 30.407, 29.815, 28.404, 27.131, 25.996, 24.965, 21.153, 13.479, 6.643, 4.142, 0.0, 6.774, 13.041, 19.169, 24.382, 26.457, 39.39], [40.652, 40.594, 40.921, 40.528, 40.191, 39.858, 39.351, 39.185, 38.887, 38.581, 38.08, 37.894, 37.954, 37.967, 37.879, 37.927, 38.321, 38.54, 38.381, 38.312, 39.042, 39.617, 40.088, 40.153, 40.004, 40.274, 40.665, 40.723, 39.572, 38.733, 38.419, 38.298, 37.959, 36.662, 34.507, 32.938, 32.572, 32.184, 31.117, 30.043, 29.038, 28.125, 24.75, 17.652, 10.582, 8.814, 6.774, 0.0, 9.007, 17.151, 22.876, 25.219, 40.737], [40.43, 40.385, 40.708, 40.31, 40.027, 39.748, 39.229, 39.075, 38.785, 38.456, 37.913, 37.676, 37.713, 37.702, 37.587, 37.624, 37.961, 38.157, 38.01, 37.926, 38.648, 39.231, 39.74, 39.845, 39.731, 40.058, 40.536, 40.638, 39.475, 38.725, 38.489, 38.501, 38.256, 36.985, 35.038, 33.659, 33.365, 33.212, 32.639, 31.919, 30.988, 30.135, 27.194, 21.421, 15.955, 13.962, 13.041, 9.007, 0.0, 10.661, 18.385, 21.394, 40.488], [39.885, 39.849, 40.208, 39.819, 39.585, 39.338, 38.796, 38.683, 38.384, 37.989, 37.398, 37.139, 37.103, 36.914, 36.682, 36.738, 37.111, 37.337, 37.169, 37.02, 37.764, 38.357, 38.886, 39.012, 38.925, 39.325, 39.898, 40.067, 39.008, 38.587, 38.496, 38.667, 38.527, 37.277, 35.628, 34.469, 34.246, 34.395, 34.352, 33.959, 32.949, 32.116, 29.632, 25.102, 21.436, 19.932, 19.169, 17.151, 10.661, 0.0, 10.041, 14.462, 39.956], [40.776, 40.767, 41.122, 40.809, 40.628, 40.364, 39.834, 39.754, 39.447, 39.015, 38.477, 38.224, 38.069, 37.776, 37.539, 37.589, 37.851, 37.976, 37.798, 37.794, 38.677, 39.256, 39.749, 39.859, 39.731, 40.087, 40.66, 40.835, 40.112, 40.024, 40.067, 40.263, 40.184, 39.153, 37.937, 36.936, 36.76, 37.09, 37.218, 36.888, 35.866, 35.067, 32.965, 29.155, 26.195, 25.038, 24.382, 22.876, 18.385, 10.041, 0.0, 6.434, 40.88], [41.451, 41.447, 41.793, 41.516, 41.324, 41.042, 40.541, 40.488, 40.189, 39.754, 39.235, 38.97, 38.784, 38.53, 38.318, 38.325, 38.515, 38.564, 38.364, 38.483, 39.473, 40.058, 40.517, 40.602, 40.427, 40.729, 41.289, 41.458, 40.982, 41.066, 41.158, 41.305, 41.156, 40.228, 39.25, 38.345, 38.2, 38.522, 38.587, 38.191, 37.207, 36.449, 34.483, 30.866, 28.069, 27.037, 26.457, 25.219, 21.394, 14.462, 6.434, 0.0, 41.56], [6.593, 10.114, 14.513, 15.924, 20.296, 23.607, 24.975, 27.098, 28.321, 29.194, 29.787, 30.557, 31.634, 32.827, 34.083, 35.489, 37.038, 38.036, 38.15, 37.97, 38.504, 38.943, 39.053, 38.963, 38.4, 37.86, 37.912, 38.286, 37.867, 38.304, 38.569, 38.612, 38.003, 36.545, 36.093, 36.629, 37.034, 37.416, 38.011, 38.382, 37.933, 37.798, 37.802, 38.502, 39.352, 39.11, 39.39, 40.737, 40.488, 39.956, 40.88, 41.56, 0.0]]