[[0.0, 2.423, 6.584, 11.954, 15.713, 17.483, 18.297, 19.004, 19.931, 21.08, 22.733, 24.689, 26.291, 27.408, 28.276, 29.237, 30.157, 30.751, 31.866, 34.486, 37.58, 39.828, 40.44, 40.079, 40.24, 40.854, 41.279, 41.574, 41.92, 42.534, 43.461, 44.16, 44.182, 44.021, 44.299, 44.97, 45.535, 45.866, 46.249, 46.684, 47.04, 47.257, 47.342, 47.359, 47.316, 47.23, 46.997, 46.493, 46.05, 46.147, 46.638, 46.727, 45.818, 44.702, 44.499, 44.89, 45.206, 44.907, 44.048, 43.367, 43.093, 42.903, 42.302, 41.738, 41.839, 42.44, 42.667, 42.229, 41.678, 41.687, 42.117, 42.434, 42.397, 42.273, 42.27, 42.408, 42.847, 43.641, 44.383, 44.635, 44.515, 44.278, 43.928, 43.246, 42.349, 41.685, 41.446, 41.381, 41.23, 41.013, 40.821, 40.686, 40.704, 41.04, 41.452, 41.566, 41.481, 41.28, 41.128, 41.325, 41.541, 41.681, 41.892, 42.242, 42.601, 42.781, 42.873, 43.334, 44.596, 46.052, 46.679, 46.552, 46.477, 47.259, 48.937, 50.498, 50.92, 50.137, 49.09, 48.662, 48.846, 49.308, 49.89, 50.602, 51.623, 52.805, 53.6, 53.921, 54.073, 54.366, 54.71, 54.877, 54.79, 54.796, 55.466, 56.71, 57.565, 57.57, 57.626, 58.322, 58.208, 55.755, 51.796, 48.625, 47.306, 46.988, 46.714, 46.154, 45.395, 44.526, 43.596, 43.234, 43.499, 44.249, 45.035, 45.077, 44.313, 2.217], [2.423, 0.0, 4.71, 10.492, 14.483, 16.355, 17.187, 17.89, 18.841, 20.034, 21.737, 23.734, 25.36, 26.5, 27.394, 28.386, 29.349, 30.003, 31.21, 33.929, 37.091, 39.373, 39.988, 39.61, 39.766, 40.391, 40.825, 41.122, 41.471, 42.103, 43.068, 43.802, 43.836, 43.67, 43.954, 44.65, 45.242, 45.588, 45.98, 46.423, 46.79, 47.018, 47.114, 47.138, 47.1, 47.018, 46.788, 46.285, 45.844, 45.952, 46.456, 46.544, 45.617, 44.482, 44.283, 44.688, 45.009, 44.697, 43.812, 43.118, 42.856, 42.673, 42.052, 41.452, 41.521, 42.11, 42.337, 41.889, 41.324, 41.342, 41.792, 42.108, 42.053, 41.915, 41.912, 42.06, 42.517, 43.336, 44.101, 44.357, 44.228, 43.983, 43.624, 42.923, 41.999, 41.317, 41.073, 41.004, 40.845, 40.619, 40.422, 40.283, 40.295, 40.618, 41.005, 41.095, 41.006, 40.823, 40.695, 40.903, 41.113, 41.25, 41.475, 41.846, 42.214, 42.394, 42.486, 42.965, 44.271, 45.773, 46.427, 46.302, 46.224, 47.027, 48.753, 50.358, 50.793, 49.995, 48.923, 48.477, 48.657, 49.124, 49.716, 50.441, 51.484, 52.69, 53.497, 53.822, 53.983, 54.295, 54.659, 54.84, 54.757, 54.768, 55.45, 56.712, 57.578, 57.587, 57.648, 58.351, 58.234, 55.758, 51.761, 48.548, 47.2, 46.868, 46.593, 46.037, 45.281, 44.401, 43.434, 43.036, 43.292, 44.053, 44.848, 44.894, 44.129, 4.022], [6.584, 4.71, 0.0, 6.172, 10.765, 13.161, 14.255, 15.014, 16.049, 17.478, 19.52, 21.78, 23.528, 24.748, 25.734, 26.847, 27.958, 28.801, 30.303, 33.332, 36.689, 39.061, 39.703, 39.326, 39.469, 40.079, 40.506, 40.81, 41.168, 41.796, 42.753, 43.494, 43.548, 43.398, 43.691, 44.409, 45.031, 45.399, 45.802, 46.255, 46.637, 46.884, 46.997, 47.037, 47.011, 46.939, 46.717, 46.221, 45.787, 45.897, 46.396, 46.484, 45.576, 44.475, 44.302, 44.714, 45.026, 44.698, 43.799, 43.092, 42.807, 42.588, 41.926, 41.286, 41.317, 41.887, 42.11, 41.649, 41.058, 41.059, 41.497, 41.79, 41.71, 41.562, 41.561, 41.71, 42.167, 42.988, 43.754, 43.988, 43.82, 43.552, 43.186, 42.476, 41.546, 40.867, 40.629, 40.556, 40.382, 40.144, 39.941, 39.799, 39.811, 40.138, 40.528, 40.621, 40.548, 40.395, 40.299, 40.533, 40.743, 40.862, 41.068, 41.427, 41.789, 41.965, 42.053, 42.528, 43.828, 45.339, 46.013, 45.892, 45.8, 46.599, 48.355, 50.007, 50.477, 49.692, 48.611, 48.146, 48.308, 48.765, 49.355, 50.087, 51.143, 52.363, 53.174, 53.499, 53.674, 54.02, 54.425, 54.634, 54.558, 54.562, 55.238, 56.502, 57.375, 57.382, 57.432, 58.126, 58.013, 55.561, 51.587, 48.382, 47.032, 46.692, 46.409, 45.842, 45.071, 44.175, 43.189, 42.78, 43.038, 43.818, 44.63, 44.682, 43.917, 7.564], [11.954, 10.492, 6.172, 0.0, 5.239, 8.565, 10.338, 11.323, 12.48, 14.328, 17.039, 19.799, 21.73, 23.012, 24.079, 25.338, 26.666, 27.802, 29.733, 33.136, 36.667, 39.098, 39.759, 39.401, 39.555, 40.162, 40.581, 40.877, 41.229, 41.837, 42.772, 43.52, 43.609, 43.472, 43.742, 44.446, 45.086, 45.483, 45.902, 46.358, 46.739, 46.987, 47.105, 47.154, 47.141, 47.083, 46.876, 46.395, 45.967, 46.063, 46.542, 46.633, 45.766, 44.734, 44.604, 45.021, 45.314, 44.96, 44.047, 43.329, 43.023, 42.78, 42.116, 41.465, 41.444, 41.96, 42.171, 41.718, 41.135, 41.137, 41.556, 41.809, 41.697, 41.536, 41.531, 41.673, 42.111, 42.911, 43.665, 43.87, 43.662, 43.376, 43.012, 42.316, 41.404, 40.741, 40.515, 40.44, 40.253, 40.003, 39.799, 39.661, 39.668, 39.97, 40.323, 40.4, 40.343, 40.23, 40.174, 40.434, 40.635, 40.727, 40.903, 41.237, 41.59, 41.759, 41.835, 42.294, 43.565, 45.049, 45.719, 45.601, 45.51, 46.324, 48.12, 49.823, 50.334, 49.566, 48.479, 47.992, 48.121, 48.548, 49.121, 49.848, 50.907, 52.124, 52.931, 53.271, 53.497, 53.915, 54.382, 54.625, 54.551, 54.526, 55.163, 56.405, 57.273, 57.275, 57.306, 57.984, 57.889, 55.508, 51.631, 48.504, 47.195, 46.862, 46.562, 45.96, 45.153, 44.231, 43.234, 42.837, 43.121, 43.939, 44.78, 44.854, 44.098, 12.701], [15.713, 14.483, 10.765, 5.239, 0.0, 4.047, 6.718, 8.299, 9.746, 11.922, 15.157, 18.369, 20.514, 21.851, 22.911, 24.193, 25.658, 27.079, 29.426, 33.123, 36.724, 39.139, 39.786, 39.457, 39.678, 40.346, 40.785, 41.064, 41.395, 42.009, 42.965, 43.738, 43.845, 43.696, 43.925, 44.597, 45.239, 45.659, 46.101, 46.564, 46.938, 47.173, 47.279, 47.324, 47.315, 47.267, 47.074, 46.603, 46.169, 46.248, 46.72, 46.817, 45.969, 44.978, 44.88, 45.308, 45.595, 45.214, 44.27, 43.537, 43.248, 43.046, 42.429, 41.789, 41.703, 42.141, 42.333, 41.909, 41.382, 41.444, 41.888, 42.125, 41.98, 41.796, 41.785, 41.925, 42.357, 43.153, 43.92, 44.142, 43.943, 43.67, 43.323, 42.652, 41.753, 41.088, 40.861, 40.782, 40.584, 40.32, 40.112, 39.981, 39.977, 40.21, 40.455, 40.445, 40.344, 40.236, 40.202, 40.461, 40.639, 40.713, 40.886, 41.226, 41.583, 41.754, 41.82, 42.288, 43.587, 45.073, 45.731, 45.613, 45.545, 46.421, 48.301, 50.072, 50.608, 49.827, 48.709, 48.188, 48.282, 48.68, 49.238, 49.962, 51.023, 52.236, 53.04, 53.405, 53.693, 54.188, 54.711, 54.978, 54.897, 54.834, 55.425, 56.644, 57.511, 57.509, 57.527, 58.201, 58.127, 55.798, 51.991, 48.91, 47.617, 47.292, 46.981, 46.347, 45.518, 44.583, 43.569, 43.159, 43.453, 44.304, 45.177, 45.288, 44.556, 16.433], [17.483, 16.355, 13.161, 8.565, 4.047, 0.0, 3.319, 5.83, 7.959, 10.331, 13.635, 17.013, 19.366, 20.834, 21.885, 23.09, 24.574, 26.197, 28.892, 32.846, 36.509, 38.905, 39.531, 39.227, 39.526, 40.276, 40.753, 41.022, 41.341, 41.977, 42.964, 43.751, 43.853, 43.691, 43.904, 44.566, 45.209, 45.642, 46.106, 46.59, 46.972, 47.203, 47.302, 47.341, 47.33, 47.283, 47.092, 46.613, 46.161, 46.229, 46.706, 46.805, 45.941, 44.939, 44.847, 45.288, 45.585, 45.192, 44.223, 43.482, 43.229, 43.091, 42.526, 41.899, 41.78, 42.169, 42.344, 41.945, 41.482, 41.632, 42.144, 42.406, 42.25, 42.049, 42.035, 42.184, 42.626, 43.437, 44.233, 44.492, 44.328, 44.08, 43.753, 43.098, 42.194, 41.514, 41.276, 41.191, 40.985, 40.706, 40.488, 40.36, 40.351, 40.532, 40.684, 40.577, 40.393, 40.243, 40.191, 40.422, 40.57, 40.639, 40.833, 41.195, 41.559, 41.729, 41.799, 42.294, 43.652, 45.168, 45.824, 45.706, 45.661, 46.59, 48.541, 50.36, 50.901, 50.093, 48.937, 48.387, 48.458, 48.841, 49.394, 50.124, 51.194, 52.413, 53.218, 53.595, 53.918, 54.452, 55.001, 55.282, 55.2, 55.118, 55.685, 56.899, 57.772, 57.77, 57.782, 58.46, 58.393, 56.065, 52.252, 49.15, 47.833, 47.504, 47.194, 46.554, 45.738, 44.824, 43.799, 43.358, 43.635, 44.489, 45.375, 45.517, 44.813, 18.204], [18.297, 17.187, 14.255, 10.338, 6.718, 3.319, 0.0, 3.236, 6.262, 9.13, 12.505, 15.841, 18.24, 19.814, 20.917, 22.091, 23.556, 25.267, 28.183, 32.358, 36.134, 38.566, 39.193, 38.889, 39.215, 40.004, 40.501, 40.775, 41.101, 41.748, 42.739, 43.516, 43.608, 43.451, 43.681, 44.358, 45.007, 45.447, 45.927, 46.435, 46.838, 47.083, 47.187, 47.225, 47.21, 47.158, 46.959, 46.464, 45.995, 46.061, 46.545, 46.64, 45.751, 44.724, 44.628, 45.075, 45.38, 44.99, 44.022, 43.289, 43.056, 42.947, 42.396, 41.779, 41.672, 42.062, 42.227, 41.829, 41.394, 41.604, 42.178, 42.478, 42.333, 42.132, 42.123, 42.28, 42.73, 43.55, 44.361, 44.634, 44.485, 44.247, 43.921, 43.261, 42.344, 41.656, 41.418, 41.335, 41.125, 40.836, 40.609, 40.48, 40.477, 40.656, 40.792, 40.652, 40.421, 40.229, 40.146, 40.345, 40.472, 40.545, 40.762, 41.143, 41.499, 41.655, 41.728, 42.25, 43.646, 45.177, 45.832, 45.716, 45.677, 46.606, 48.562, 50.385, 50.92, 50.094, 48.917, 48.349, 48.411, 48.79, 49.346, 50.083, 51.162, 52.391, 53.2, 53.581, 53.912, 54.459, 55.019, 55.309, 55.231, 55.145, 55.709, 56.927, 57.805, 57.798, 57.8, 58.475, 58.406, 56.062, 52.225, 49.097, 47.757, 47.414, 47.1, 46.465, 45.668, 44.779, 43.757, 43.307, 43.581, 44.435, 45.323, 45.475, 44.78, 19.002], [19.004, 17.89, 15.014, 11.323, 8.299, 5.83, 3.236, 0.0, 3.669, 7.445, 11.487, 15.035, 17.439, 19.056, 20.274, 21.556, 23.056, 24.762, 27.742, 32.037, 35.904, 38.389, 39.034, 38.713, 39.014, 39.785, 40.278, 40.563, 40.907, 41.566, 42.558, 43.336, 43.438, 43.294, 43.534, 44.221, 44.882, 45.327, 45.812, 46.326, 46.741, 46.999, 47.111, 47.15, 47.131, 47.074, 46.87, 46.368, 45.896, 45.966, 46.454, 46.544, 45.646, 44.613, 44.513, 44.958, 45.256, 44.862, 43.903, 43.189, 42.963, 42.842, 42.268, 41.639, 41.538, 41.933, 42.097, 41.687, 41.242, 41.462, 42.055, 42.368, 42.229, 42.036, 42.034, 42.199, 42.659, 43.491, 44.304, 44.566, 44.4, 44.146, 43.806, 43.135, 42.216, 41.535, 41.308, 41.229, 41.017, 40.723, 40.491, 40.36, 40.361, 40.555, 40.709, 40.583, 40.356, 40.157, 40.066, 40.259, 40.38, 40.454, 40.68, 41.066, 41.413, 41.548, 41.615, 42.158, 43.577, 45.108, 45.756, 45.64, 45.606, 46.525, 48.461, 50.272, 50.801, 49.973, 48.791, 48.213, 48.268, 48.647, 49.204, 49.938, 51.012, 52.24, 53.055, 53.443, 53.783, 54.34, 54.91, 55.203, 55.123, 55.036, 55.605, 56.83, 57.711, 57.699, 57.69, 58.356, 58.282, 55.938, 52.101, 48.978, 47.643, 47.298, 46.976, 46.33, 45.518, 44.606, 43.562, 43.117, 43.419, 44.3, 45.202, 45.352, 44.649, 19.692], [19.931, 18.841, 16.049, 12.48, 9.746, 7.959, 6.262, 3.669, 0.0, 4.544, 9.591, 13.838, 16.605, 18.438, 19.859, 21.325, 22.907, 24.608, 27.622, 31.972, 35.827, 38.285, 38.928, 38.611, 38.906, 39.672, 40.162, 40.448, 40.806, 41.5, 42.55, 43.39, 43.533, 43.385, 43.6, 44.281, 44.953, 45.406, 45.886, 46.391, 46.797, 47.049, 47.158, 47.191, 47.167, 47.113, 46.916, 46.42, 45.947, 46.017, 46.509, 46.601, 45.698, 44.647, 44.53, 44.972, 45.264, 44.845, 43.861, 43.149, 42.938, 42.814, 42.223, 41.557, 41.396, 41.748, 41.91, 41.5, 41.053, 41.283, 41.883, 42.181, 42.024, 41.828, 41.837, 42.021, 42.514, 43.385, 44.224, 44.484, 44.298, 44.032, 43.695, 43.039, 42.137, 41.462, 41.233, 41.153, 40.943, 40.653, 40.424, 40.297, 40.293, 40.463, 40.571, 40.398, 40.139, 39.924, 39.835, 40.039, 40.163, 40.232, 40.461, 40.866, 41.237, 41.378, 41.435, 41.999, 43.477, 45.052, 45.704, 45.582, 45.573, 46.561, 48.551, 50.377, 50.906, 50.078, 48.893, 48.311, 48.369, 48.755, 49.311, 50.028, 51.084, 52.307, 53.131, 53.532, 53.884, 54.452, 55.029, 55.318, 55.232, 55.147, 55.728, 56.965, 57.854, 57.847, 57.845, 58.513, 58.441, 56.091, 52.237, 49.092, 47.759, 47.437, 47.118, 46.445, 45.577, 44.579, 43.446, 42.958, 43.269, 44.183, 45.105, 45.26, 44.56, 20.599], [21.08, 20.034, 17.478, 14.328, 11.922, 10.331, 9.13, 7.445, 4.544, 0.0, 5.721, 10.906, 14.58, 17.069, 18.836, 20.441, 22.071, 23.855, 27.071, 31.58, 35.404, 37.773, 38.381, 38.096, 38.469, 39.322, 39.855, 40.13, 40.486, 41.251, 42.437, 43.406, 43.602, 43.426, 43.6, 44.281, 44.974, 45.441, 45.926, 46.427, 46.82, 47.056, 47.149, 47.169, 47.141, 47.1, 46.92, 46.426, 45.938, 46.0, 46.507, 46.607, 45.665, 44.541, 44.382, 44.836, 45.142, 44.685, 43.622, 42.867, 42.685, 42.614, 42.045, 41.332, 41.059, 41.32, 41.465, 41.069, 40.663, 40.965, 41.625, 41.921, 41.727, 41.514, 41.536, 41.756, 42.304, 43.252, 44.164, 44.464, 44.29, 44.039, 43.742, 43.137, 42.251, 41.552, 41.299, 41.222, 41.033, 40.759, 40.538, 40.423, 40.415, 40.521, 40.492, 40.149, 39.741, 39.435, 39.317, 39.515, 39.635, 39.705, 39.965, 40.437, 40.883, 41.068, 41.126, 41.724, 43.33, 45.024, 45.708, 45.573, 45.605, 46.751, 48.908, 50.808, 51.348, 50.51, 49.311, 48.734, 48.818, 49.227, 49.787, 50.5, 51.56, 52.802, 53.646, 54.056, 54.408, 54.977, 55.555, 55.84, 55.751, 55.675, 56.273, 57.525, 58.425, 58.439, 58.467, 59.165, 59.1, 56.706, 52.743, 49.466, 48.078, 47.792, 47.5, 46.793, 45.852, 44.761, 43.486, 42.858, 43.096, 44.006, 44.939, 45.115, 44.437, 21.701], [22.733, 21.737, 19.52, 17.039, 15.157, 13.635, 12.505, 11.487, 9.591, 5.721, 0.0, 5.941, 10.858, 14.434, 16.762, 18.474, 20.069, 22.006, 25.646, 30.529, 34.45, 36.775, 37.345, 37.09, 37.604, 38.628, 39.252, 39.523, 39.867, 40.707, 42.056, 43.173, 43.419, 43.214, 43.367, 44.068, 44.79, 45.282, 45.789, 46.304, 46.695, 46.917, 46.994, 47.001, 46.98, 46.966, 46.814, 46.317, 45.801, 45.848, 46.373, 46.482, 45.478, 44.254, 44.058, 44.539, 44.872, 44.381, 43.219, 42.384, 42.227, 42.241, 41.722, 40.984, 40.628, 40.806, 40.916, 40.527, 40.192, 40.628, 41.415, 41.756, 41.543, 41.312, 41.351, 41.607, 42.206, 43.228, 44.22, 44.575, 44.423, 44.192, 43.942, 43.387, 42.501, 41.763, 41.486, 41.426, 41.272, 41.015, 40.8, 40.704, 40.712, 40.772, 40.594, 40.024, 39.382, 38.906, 38.713, 38.867, 38.972, 39.064, 39.387, 39.952, 40.489, 40.734, 40.801, 41.427, 43.171, 45.008, 45.739, 45.596, 45.662, 46.965, 49.32, 51.335, 51.908, 51.059, 49.839, 49.271, 49.391, 49.831, 50.407, 51.139, 52.236, 53.521, 54.391, 54.802, 55.14, 55.699, 56.275, 56.563, 56.481, 56.416, 57.027, 58.287, 59.197, 59.232, 59.295, 60.034, 59.978, 57.509, 53.376, 49.902, 48.423, 48.167, 47.908, 47.177, 46.19, 45.048, 43.643, 42.834, 42.946, 43.811, 44.735, 44.93, 44.274, 23.264], [24.689, 23.734, 21.78, 19.799, 18.369, 17.013, 15.841, 15.035, 13.838, 10.906, 5.941, 0.0, 5.828, 10.554, 13.697, 15.71, 17.276, 19.358, 23.594, 29.091, 33.321, 35.732, 36.298, 36.052, 36.693, 37.881, 38.608, 38.901, 39.238, 40.119, 41.574, 42.796, 43.082, 42.876, 43.036, 43.763, 44.518, 45.043, 45.583, 46.118, 46.51, 46.722, 46.789, 46.796, 46.794, 46.82, 46.702, 46.208, 45.674, 45.712, 46.247, 46.358, 45.309, 44.026, 43.832, 44.347, 44.7, 44.186, 42.951, 42.049, 41.898, 41.963, 41.476, 40.746, 40.395, 40.559, 40.636, 40.235, 39.954, 40.52, 41.436, 41.849, 41.647, 41.409, 41.458, 41.73, 42.344, 43.388, 44.414, 44.795, 44.648, 44.414, 44.178, 43.639, 42.736, 41.967, 41.686, 41.651, 41.527, 41.281, 41.065, 40.986, 41.028, 41.097, 40.847, 40.115, 39.267, 38.613, 38.321, 38.416, 38.511, 38.64, 39.035, 39.678, 40.271, 40.548, 40.621, 41.262, 43.089, 45.015, 45.782, 45.644, 45.731, 47.121, 49.6, 51.704, 52.31, 51.454, 50.214, 49.645, 49.784, 50.244, 50.837, 51.594, 52.727, 54.047, 54.935, 55.345, 55.673, 56.227, 56.811, 57.115, 57.047, 56.995, 57.614, 58.877, 59.791, 59.839, 59.925, 60.691, 60.631, 58.098, 53.837, 50.233, 48.694, 48.446, 48.204, 47.47, 46.486, 45.351, 43.88, 42.948, 42.961, 43.773, 44.67, 44.858, 44.201, 25.129], [26.291, 25.36, 23.528, 21.73, 20.514, 19.366, 18.24, 17.439, 16.605, 14.58, 10.858, 5.828, 0.0, 5.46, 9.59, 12.37, 14.215, 16.428, 21.251, 27.454, 32.146, 34.767, 35.387, 35.151, 35.882, 37.189, 38.007, 38.348, 38.699, 39.588, 41.068, 42.323, 42.637, 42.459, 42.644, 43.393, 44.175, 44.738, 45.311, 45.857, 46.243, 46.446, 46.509, 46.531, 46.558, 46.622, 46.538, 46.061, 45.536, 45.583, 46.122, 46.23, 45.169, 43.893, 43.746, 44.295, 44.649, 44.117, 42.854, 41.933, 41.784, 41.852, 41.363, 40.657, 40.38, 40.606, 40.682, 40.253, 39.971, 40.591, 41.577, 42.048, 41.872, 41.631, 41.676, 41.945, 42.537, 43.547, 44.547, 44.917, 44.758, 44.513, 44.264, 43.706, 42.777, 41.993, 41.722, 41.707, 41.596, 41.351, 41.13, 41.055, 41.121, 41.223, 40.981, 40.212, 39.278, 38.524, 38.162, 38.216, 38.306, 38.473, 38.923, 39.6, 40.196, 40.464, 40.542, 41.188, 43.024, 44.959, 45.73, 45.604, 45.706, 47.112, 49.607, 51.727, 52.331, 51.459, 50.207, 49.636, 49.777, 50.241, 50.841, 51.608, 52.751, 54.078, 54.97, 55.379, 55.705, 56.263, 56.862, 57.183, 57.128, 57.085, 57.712, 58.978, 59.896, 59.95, 60.05, 60.825, 60.755, 58.194, 53.914, 50.317, 48.787, 48.53, 48.282, 47.573, 46.657, 45.58, 44.105, 43.142, 43.128, 43.913, 44.782, 44.941, 44.262, 26.686], [27.408, 26.5, 24.748, 23.012, 21.851, 20.834, 19.814, 19.056, 18.438, 17.069, 14.434, 10.554, 5.46, 0.0, 4.897, 8.792, 11.494, 14.049, 19.195, 25.842, 30.943, 33.818, 34.543, 34.34, 35.16, 36.576, 37.489, 37.895, 38.278, 39.164, 40.612, 41.839, 42.163, 42.025, 42.247, 43.017, 43.816, 44.404, 44.999, 45.551, 45.932, 46.132, 46.204, 46.248, 46.304, 46.399, 46.348, 45.905, 45.414, 45.485, 46.025, 46.124, 45.083, 43.87, 43.789, 44.362, 44.706, 44.167, 42.92, 42.022, 41.882, 41.926, 41.413, 40.733, 40.547, 40.862, 40.96, 40.501, 40.166, 40.757, 41.748, 42.252, 42.103, 41.863, 41.902, 42.158, 42.714, 43.668, 44.622, 44.969, 44.803, 44.559, 44.299, 43.717, 42.76, 41.964, 41.705, 41.705, 41.594, 41.34, 41.11, 41.024, 41.086, 41.199, 40.995, 40.278, 39.361, 38.597, 38.218, 38.252, 38.336, 38.529, 39.009, 39.676, 40.235, 40.485, 40.568, 41.201, 42.988, 44.879, 45.641, 45.525, 45.63, 47.008, 49.459, 51.546, 52.125, 51.239, 49.991, 49.429, 49.567, 50.025, 50.623, 51.39, 52.528, 53.847, 54.733, 55.135, 55.449, 55.996, 56.589, 56.913, 56.862, 56.821, 57.447, 58.713, 59.633, 59.695, 59.805, 60.582, 60.502, 57.942, 53.703, 50.183, 48.697, 48.426, 48.171, 47.521, 46.722, 45.734, 44.293, 43.361, 43.371, 44.157, 45.013, 45.147, 44.441, 27.793], [28.276, 27.394, 25.734, 24.079, 22.911, 21.885, 20.917, 20.274, 19.859, 18.836, 16.762, 13.697, 9.59, 4.897, 0.0, 4.75, 8.727, 12.269, 17.826, 24.625, 29.928, 32.999, 33.835, 33.682, 34.588, 36.108, 37.115, 37.59, 38.01, 38.889, 40.278, 41.445, 41.754, 41.641, 41.9, 42.694, 43.502, 44.096, 44.701, 45.261, 45.651, 45.865, 45.958, 46.022, 46.094, 46.204, 46.178, 45.774, 45.329, 45.426, 45.96, 46.053, 45.047, 43.915, 43.895, 44.479, 44.811, 44.285, 43.085, 42.235, 42.108, 42.123, 41.58, 40.915, 40.789, 41.169, 41.287, 40.807, 40.416, 40.943, 41.898, 42.408, 42.281, 42.05, 42.084, 42.323, 42.846, 43.759, 44.682, 45.019, 44.861, 44.63, 44.37, 43.771, 42.795, 41.994, 41.747, 41.758, 41.639, 41.364, 41.116, 41.016, 41.065, 41.174, 41.009, 40.358, 39.482, 38.752, 38.395, 38.42, 38.495, 38.696, 39.172, 39.793, 40.299, 40.535, 40.621, 41.228, 42.945, 44.776, 45.528, 45.423, 45.518, 46.85, 49.254, 51.318, 51.886, 50.997, 49.761, 49.21, 49.343, 49.789, 50.383, 51.152, 52.29, 53.603, 54.479, 54.866, 55.158, 55.678, 56.251, 56.567, 56.513, 56.463, 57.073, 58.328, 59.249, 59.321, 59.436, 60.214, 60.133, 57.582, 53.373, 49.903, 48.446, 48.175, 47.937, 47.356, 46.672, 45.778, 44.39, 43.498, 43.532, 44.323, 45.182, 45.318, 44.615, 28.658], [29.237, 28.386, 26.847, 25.338, 24.193, 23.09, 22.091, 21.556, 21.325, 20.441, 18.474, 15.71, 12.37, 8.792, 4.75, 0.0, 5.068, 10.267, 16.953, 24.069, 29.427, 32.536, 33.418, 33.317, 34.302, 35.9, 36.974, 37.502, 37.955, 38.833, 40.174, 41.284, 41.567, 41.46, 41.744, 42.557, 43.371, 43.967, 44.575, 45.142, 45.542, 45.774, 45.885, 45.961, 46.036, 46.147, 46.128, 45.748, 45.336, 45.456, 45.992, 46.08, 45.092, 44.0, 44.006, 44.591, 44.918, 44.409, 43.255, 42.457, 42.363, 42.381, 41.83, 41.17, 41.062, 41.456, 41.577, 41.098, 40.703, 41.206, 42.134, 42.64, 42.527, 42.306, 42.337, 42.56, 43.062, 43.961, 44.881, 45.227, 45.084, 44.862, 44.607, 44.006, 43.028, 42.238, 42.004, 42.017, 41.885, 41.584, 41.316, 41.211, 41.266, 41.384, 41.236, 40.589, 39.699, 38.976, 38.638, 38.65, 38.707, 38.899, 39.359, 39.941, 40.408, 40.629, 40.714, 41.306, 42.977, 44.762, 45.506, 45.41, 45.488, 46.769, 49.142, 51.211, 51.791, 50.905, 49.671, 49.117, 49.243, 49.682, 50.275, 51.05, 52.19, 53.498, 54.366, 54.742, 55.018, 55.523, 56.087, 56.402, 56.347, 56.283, 56.869, 58.108, 59.031, 59.113, 59.229, 60.005, 59.929, 57.385, 53.184, 49.717, 48.262, 48.004, 47.797, 47.269, 46.665, 45.854, 44.504, 43.607, 43.617, 44.397, 45.264, 45.42, 44.748, 29.601], [30.157, 29.349, 27.958, 26.666, 25.658, 24.574, 23.556, 23.056, 22.907, 22.071, 20.069, 17.276, 14.215, 11.494, 8.727, 5.068, 0.0, 6.672, 15.127, 23.188, 28.848, 31.979, 32.84, 32.778, 33.856, 35.531, 36.644, 37.209, 37.716, 38.651, 40.026, 41.136, 41.412, 41.318, 41.637, 42.49, 43.336, 43.952, 44.572, 45.144, 45.55, 45.79, 45.907, 45.982, 46.057, 46.168, 46.147, 45.763, 45.36, 45.503, 46.059, 46.148, 45.136, 44.005, 43.988, 44.569, 44.899, 44.392, 43.243, 42.467, 42.417, 42.474, 41.937, 41.274, 41.157, 41.542, 41.661, 41.197, 40.834, 41.366, 42.308, 42.828, 42.726, 42.508, 42.537, 42.756, 43.262, 44.176, 45.117, 45.485, 45.358, 45.141, 44.895, 44.302, 43.337, 42.56, 42.327, 42.332, 42.191, 41.88, 41.607, 41.507, 41.579, 41.715, 41.557, 40.853, 39.878, 39.085, 38.709, 38.691, 38.726, 38.913, 39.37, 39.947, 40.401, 40.615, 40.705, 41.306, 42.984, 44.767, 45.515, 45.426, 45.494, 46.745, 49.111, 51.201, 51.801, 50.919, 49.678, 49.12, 49.248, 49.691, 50.286, 51.062, 52.201, 53.508, 54.381, 54.76, 55.029, 55.522, 56.084, 56.406, 56.36, 56.302, 56.895, 58.14, 59.073, 59.162, 59.28, 60.058, 59.976, 57.41, 53.173, 49.663, 48.178, 47.916, 47.729, 47.235, 46.679, 45.92, 44.572, 43.629, 43.584, 44.332, 45.19, 45.357, 44.716, 30.491], [30.751, 30.003, 28.801, 27.802, 27.079, 26.197, 25.267, 24.762, 24.608, 23.855, 22.006, 19.358, 16.428, 14.049, 12.269, 10.267, 6.672, 0.0, 9.973, 19.59, 26.259, 29.856, 30.813, 30.764, 32.021, 33.901, 35.137, 35.782, 36.397, 37.499, 39.061, 40.292, 40.598, 40.53, 40.934, 41.899, 42.835, 43.506, 44.158, 44.752, 45.176, 45.429, 45.549, 45.625, 45.699, 45.812, 45.792, 45.407, 45.018, 45.195, 45.787, 45.89, 44.861, 43.691, 43.647, 44.228, 44.566, 44.054, 42.882, 42.089, 42.051, 42.131, 41.594, 40.909, 40.788, 41.194, 41.329, 40.856, 40.461, 40.97, 41.919, 42.461, 42.366, 42.136, 42.157, 42.38, 42.905, 43.85, 44.816, 45.203, 45.087, 44.876, 44.639, 44.057, 43.103, 42.319, 42.068, 42.068, 41.947, 41.673, 41.424, 41.33, 41.4, 41.541, 41.384, 40.666, 39.656, 38.79, 38.344, 38.301, 38.343, 38.55, 39.025, 39.612, 40.068, 40.284, 40.397, 41.035, 42.751, 44.567, 45.328, 45.244, 45.312, 46.558, 48.912, 50.99, 51.581, 50.696, 49.463, 48.926, 49.079, 49.54, 50.142, 50.921, 52.068, 53.395, 54.288, 54.669, 54.916, 55.376, 55.912, 56.222, 56.186, 56.172, 56.827, 58.112, 59.055, 59.147, 59.273, 60.055, 59.954, 57.336, 53.017, 49.433, 47.912, 47.631, 47.442, 46.965, 46.417, 45.643, 44.27, 43.309, 43.241, 43.955, 44.79, 44.941, 44.295, 31.052], [31.866, 31.21, 30.303, 29.733, 29.426, 28.892, 28.183, 27.742, 27.622, 27.071, 25.646, 23.594, 21.251, 19.195, 17.826, 16.953, 15.127, 9.973, 0.0, 11.121, 19.742, 24.784, 26.301, 26.236, 27.72, 30.056, 31.649, 32.47, 33.184, 34.509, 36.463, 38.058, 38.518, 38.489, 38.994, 40.137, 41.236, 42.006, 42.713, 43.352, 43.828, 44.139, 44.312, 44.423, 44.517, 44.66, 44.702, 44.408, 44.111, 44.349, 44.964, 45.095, 44.15, 43.095, 43.107, 43.684, 44.024, 43.538, 42.384, 41.577, 41.535, 41.618, 41.07, 40.378, 40.29, 40.752, 40.907, 40.393, 39.879, 40.254, 41.142, 41.688, 41.604, 41.364, 41.369, 41.589, 42.131, 43.104, 44.084, 44.464, 44.335, 44.119, 43.882, 43.303, 42.345, 41.543, 41.276, 41.287, 41.218, 41.007, 40.789, 40.676, 40.703, 40.819, 40.696, 40.091, 39.208, 38.408, 37.984, 37.98, 38.076, 38.31, 38.767, 39.302, 39.733, 39.956, 40.088, 40.742, 42.458, 44.288, 45.063, 44.972, 45.008, 46.222, 48.555, 50.608, 51.184, 50.309, 49.119, 48.638, 48.835, 49.322, 49.945, 50.755, 51.94, 53.297, 54.196, 54.552, 54.739, 55.119, 55.576, 55.832, 55.793, 55.818, 56.519, 57.828, 58.775, 58.867, 58.999, 59.773, 59.651, 56.993, 52.593, 48.947, 47.438, 47.177, 46.999, 46.532, 45.95, 45.085, 43.688, 42.777, 42.723, 43.39, 44.199, 44.331, 43.667, 32.143], [34.486, 33.929, 33.332, 33.136, 33.123, 32.846, 32.358, 32.037, 31.972, 31.58, 30.529, 29.091, 27.454, 25.842, 24.625, 24.069, 23.188, 19.59, 11.121, 0.0, 10.422, 17.58, 20.354, 20.611, 22.504, 25.518, 27.645, 28.675, 29.426, 31.0, 33.53, 35.675, 36.334, 36.282, 36.825, 38.114, 39.351, 40.194, 40.939, 41.627, 42.17, 42.56, 42.809, 42.969, 43.091, 43.282, 43.427, 43.28, 43.113, 43.41, 44.025, 44.191, 43.402, 42.557, 42.655, 43.203, 43.526, 43.077, 41.982, 41.224, 41.225, 41.34, 40.829, 40.194, 40.17, 40.673, 40.844, 40.326, 39.722, 39.918, 40.687, 41.214, 41.136, 40.881, 40.86, 41.065, 41.606, 42.594, 43.582, 43.969, 43.863, 43.677, 43.472, 42.92, 41.962, 41.14, 40.86, 40.903, 40.9, 40.749, 40.551, 40.409, 40.374, 40.428, 40.328, 39.879, 39.199, 38.57, 38.268, 38.352, 38.513, 38.743, 39.128, 39.554, 39.929, 40.144, 40.277, 40.916, 42.565, 44.338, 45.106, 45.002, 45.008, 46.227, 48.599, 50.68, 51.275, 50.446, 49.336, 48.919, 49.136, 49.627, 50.273, 51.129, 52.351, 53.706, 54.581, 54.911, 55.063, 55.384, 55.76, 55.957, 55.901, 55.927, 56.625, 57.941, 58.9, 58.998, 59.125, 59.889, 59.775, 57.117, 52.667, 48.939, 47.409, 47.2, 47.074, 46.598, 45.897, 44.851, 43.418, 42.573, 42.512, 43.104, 43.899, 44.083, 43.5, 34.748], [37.58, 37.091, 36.689, 36.667, 36.724, 36.509, 36.134, 35.904, 35.827, 35.404, 34.45, 33.321, 32.146, 30.943, 29.928, 29.427, 28.848, 26.259, 19.742, 10.422, 0.0, 8.715, 13.366, 15.395, 18.985, 23.012, 25.529, 26.59, 27.345, 29.218, 32.278, 34.806, 35.492, 35.273, 35.706, 37.006, 38.293, 39.164, 39.93, 40.65, 41.223, 41.631, 41.899, 42.08, 42.223, 42.456, 42.676, 42.607, 42.472, 42.756, 43.362, 43.559, 42.826, 42.028, 42.128, 42.656, 42.959, 42.482, 41.398, 40.759, 40.947, 41.219, 40.83, 40.259, 40.188, 40.59, 40.732, 40.27, 39.732, 39.908, 40.638, 41.151, 41.058, 40.781, 40.755, 40.966, 41.515, 42.545, 43.612, 44.102, 44.118, 44.05, 43.96, 43.498, 42.569, 41.715, 41.409, 41.496, 41.577, 41.492, 41.322, 41.184, 41.109, 41.052, 40.841, 40.371, 39.691, 39.083, 38.834, 38.948, 39.109, 39.309, 39.671, 40.095, 40.504, 40.733, 40.857, 41.51, 43.172, 44.931, 45.682, 45.573, 45.631, 47.001, 49.523, 51.699, 52.367, 51.614, 50.568, 50.182, 50.389, 50.865, 51.518, 52.39, 53.594, 54.894, 55.739, 56.093, 56.305, 56.67, 57.05, 57.227, 57.135, 57.114, 57.794, 59.136, 60.127, 60.235, 60.361, 61.136, 61.043, 58.391, 53.895, 50.028, 48.382, 48.199, 48.124, 47.578, 46.656, 45.345, 43.769, 42.892, 42.823, 43.445, 44.338, 44.684, 44.258, 37.828], [39.828, 39.373, 39.061, 39.098, 39.139, 38.905, 38.566, 38.389, 38.285, 37.773, 36.775, 35.732, 34.767, 33.818, 32.999, 32.536, 31.979, 29.856, 24.784, 17.58, 8.715, 0.0, 6.367, 11.712, 18.053, 23.061, 25.648, 26.528, 27.254, 29.351, 32.685, 35.334, 35.946, 35.522, 35.743, 36.928, 38.189, 39.069, 39.851, 40.578, 41.132, 41.503, 41.742, 41.923, 42.089, 42.361, 42.616, 42.538, 42.333, 42.553, 43.168, 43.389, 42.593, 41.689, 41.767, 42.342, 42.666, 42.128, 40.967, 40.385, 40.758, 41.23, 41.001, 40.47, 40.281, 40.514, 40.598, 40.197, 39.809, 40.139, 40.953, 41.487, 41.388, 41.114, 41.114, 41.352, 41.935, 43.042, 44.225, 44.825, 44.934, 44.949, 44.959, 44.588, 43.709, 42.853, 42.529, 42.633, 42.759, 42.716, 42.575, 42.472, 42.413, 42.281, 41.905, 41.242, 40.344, 39.562, 39.248, 39.341, 39.471, 39.646, 40.06, 40.607, 41.127, 41.375, 41.488, 42.204, 44.018, 45.884, 46.644, 46.533, 46.706, 48.332, 51.059, 53.313, 54.008, 53.253, 52.182, 51.771, 51.96, 52.432, 53.087, 53.944, 55.104, 56.349, 57.173, 57.554, 57.825, 58.246, 58.66, 58.842, 58.714, 58.648, 59.324, 60.703, 61.727, 61.858, 62.002, 62.799, 62.723, 60.079, 55.561, 51.596, 49.838, 49.63, 49.567, 48.975, 47.927, 46.438, 44.678, 43.671, 43.582, 44.288, 45.297, 45.769, 45.427, 40.057], [40.44, 39.988, 39.703, 39.759, 39.786, 39.531, 39.193, 39.034, 38.928, 38.381, 37.345, 36.298, 35.387, 34.543, 33.835, 33.418, 32.84, 30.813, 26.301, 20.354, 13.366, 6.367, 0.0, 7.655, 16.005, 21.914, 24.746, 25.584, 26.276, 28.497, 32.038, 34.838, 35.472, 34.955, 35.078, 36.24, 37.52, 38.423, 39.229, 39.975, 40.536, 40.899, 41.133, 41.329, 41.529, 41.847, 42.148, 42.086, 41.861, 42.066, 42.706, 42.954, 42.136, 41.197, 41.312, 41.968, 42.353, 41.804, 40.575, 39.965, 40.387, 40.943, 40.791, 40.286, 40.067, 40.254, 40.322, 39.933, 39.603, 40.03, 40.924, 41.49, 41.401, 41.139, 41.154, 41.41, 42.024, 43.182, 44.417, 45.05, 45.171, 45.187, 45.202, 44.84, 43.972, 43.123, 42.801, 42.9, 43.021, 42.977, 42.845, 42.767, 42.738, 42.599, 42.154, 41.372, 40.333, 39.428, 39.038, 39.09, 39.194, 39.365, 39.832, 40.477, 41.056, 41.298, 41.411, 42.195, 44.159, 46.145, 46.934, 46.822, 47.064, 48.851, 51.706, 53.991, 54.663, 53.852, 52.713, 52.254, 52.428, 52.908, 53.574, 54.431, 55.58, 56.811, 57.631, 58.023, 58.322, 58.775, 59.214, 59.403, 59.266, 59.191, 59.876, 61.275, 62.313, 62.453, 62.612, 63.428, 63.361, 60.703, 56.152, 52.136, 50.323, 50.086, 50.018, 49.431, 48.386, 46.857, 44.997, 43.888, 43.761, 44.479, 45.504, 45.991, 45.647, 40.665], [40.079, 39.61, 39.326, 39.401, 39.457, 39.227, 38.889, 38.713, 38.611, 38.096, 37.09, 36.052, 35.151, 34.34, 33.682, 33.317, 32.778, 30.764, 26.236, 20.611, 15.395, 11.712, 7.655, 0.0, 9.406, 16.458, 20.114, 21.301, 22.007, 24.363, 28.351, 31.625, 32.502, 32.063, 32.345, 33.76, 35.219, 36.199, 37.053, 37.867, 38.522, 38.99, 39.325, 39.602, 39.866, 40.256, 40.66, 40.737, 40.662, 40.967, 41.63, 41.912, 41.219, 40.46, 40.717, 41.448, 41.896, 41.417, 40.225, 39.598, 39.974, 40.474, 40.265, 39.763, 39.633, 39.923, 40.029, 39.597, 39.164, 39.518, 40.424, 41.016, 40.939, 40.681, 40.697, 40.958, 41.58, 42.727, 43.927, 44.528, 44.618, 44.589, 44.54, 44.115, 43.195, 42.335, 42.029, 42.122, 42.216, 42.143, 41.992, 41.912, 41.896, 41.785, 41.369, 40.623, 39.639, 38.768, 38.354, 38.365, 38.452, 38.622, 39.082, 39.69, 40.194, 40.388, 40.506, 41.321, 43.35, 45.405, 46.224, 46.109, 46.344, 48.147, 51.029, 53.304, 53.909, 53.002, 51.783, 51.28, 51.443, 51.934, 52.621, 53.489, 54.636, 55.863, 56.68, 57.075, 57.385, 57.856, 58.312, 58.514, 58.394, 58.34, 59.034, 60.43, 61.455, 61.577, 61.736, 62.574, 62.507, 59.795, 55.166, 51.113, 49.308, 49.082, 49.01, 48.447, 47.483, 46.031, 44.196, 43.089, 42.949, 43.626, 44.6, 45.039, 44.67, 40.32], [40.24, 39.766, 39.469, 39.555, 39.678, 39.526, 39.215, 39.014, 38.906, 38.469, 37.604, 36.693, 35.882, 35.16, 34.588, 34.302, 33.856, 32.021, 27.72, 22.504, 18.985, 18.053, 16.005, 9.406, 0.0, 8.01, 12.919, 14.983, 15.965, 18.486, 23.039, 26.972, 28.275, 28.133, 28.837, 30.703, 32.419, 33.476, 34.361, 35.256, 36.067, 36.736, 37.26, 37.663, 37.99, 38.422, 38.893, 39.123, 39.28, 39.743, 40.403, 40.703, 40.273, 39.927, 40.436, 41.213, 41.691, 41.364, 40.393, 39.883, 40.193, 40.53, 40.188, 39.726, 39.792, 40.261, 40.424, 39.952, 39.373, 39.521, 40.294, 40.862, 40.826, 40.604, 40.619, 40.858, 41.437, 42.503, 43.585, 44.081, 44.096, 44.006, 43.889, 43.418, 42.497, 41.684, 41.413, 41.487, 41.536, 41.433, 41.268, 41.173, 41.156, 41.105, 40.81, 40.227, 39.449, 38.735, 38.359, 38.375, 38.463, 38.604, 38.949, 39.366, 39.679, 39.791, 39.913, 40.686, 42.623, 44.623, 45.424, 45.307, 45.492, 47.174, 49.918, 52.054, 52.511, 51.482, 50.2, 49.675, 49.832, 50.327, 51.016, 51.864, 52.967, 54.154, 54.946, 55.322, 55.605, 56.049, 56.483, 56.679, 56.584, 56.562, 57.252, 58.604, 59.576, 59.652, 59.788, 60.617, 60.541, 57.825, 53.241, 49.278, 47.55, 47.358, 47.284, 46.753, 45.909, 44.623, 42.977, 42.053, 41.98, 42.594, 43.476, 43.84, 43.47, 40.496], [40.854, 40.391, 40.079, 40.162, 40.346, 40.276, 40.004, 39.785, 39.672, 39.322, 38.628, 37.881, 37.189, 36.576, 36.108, 35.9, 35.531, 33.901, 30.056, 25.518, 23.012, 23.061, 21.914, 16.458, 8.01, 0.0, 5.879, 9.242, 11.28, 14.411, 19.398, 23.692, 25.296, 25.506, 26.648, 28.871, 30.752, 31.829, 32.689, 33.62, 34.559, 35.399, 36.074, 36.573, 36.949, 37.39, 37.849, 38.115, 38.397, 38.97, 39.626, 39.929, 39.725, 39.756, 40.487, 41.272, 41.727, 41.533, 40.847, 40.553, 40.852, 41.038, 40.577, 40.155, 40.374, 40.96, 41.161, 40.696, 40.064, 40.043, 40.626, 41.138, 41.165, 41.007, 41.018, 41.214, 41.745, 42.733, 43.687, 44.041, 43.936, 43.778, 43.629, 43.167, 42.318, 41.604, 41.374, 41.411, 41.409, 41.293, 41.13, 41.025, 41.008, 41.035, 40.9, 40.507, 39.923, 39.348, 39.035, 39.098, 39.197, 39.293, 39.522, 39.786, 39.95, 39.998, 40.103, 40.787, 42.548, 44.412, 45.159, 45.051, 45.189, 46.695, 49.221, 51.162, 51.463, 50.349, 49.066, 48.568, 48.739, 49.233, 49.902, 50.711, 51.776, 52.95, 53.748, 54.115, 54.347, 54.708, 55.067, 55.227, 55.144, 55.154, 55.854, 57.176, 58.102, 58.143, 58.254, 59.044, 58.936, 56.267, 51.85, 48.073, 46.422, 46.224, 46.137, 45.649, 44.91, 43.761, 42.322, 41.632, 41.685, 42.299, 43.145, 43.479, 43.132, 41.117], [41.279, 40.825, 40.506, 40.581, 40.785, 40.753, 40.501, 40.278, 40.162, 39.855, 39.252, 38.608, 38.007, 37.489, 37.115, 36.974, 36.644, 35.137, 31.649, 27.645, 25.529, 25.648, 24.746, 20.114, 12.919, 5.879, 0.0, 4.447, 8.189, 12.658, 18.161, 22.536, 24.188, 24.551, 25.887, 28.252, 30.204, 31.294, 32.136, 33.07, 34.058, 34.968, 35.71, 36.265, 36.682, 37.132, 37.553, 37.771, 38.042, 38.639, 39.305, 39.612, 39.476, 39.638, 40.452, 41.228, 41.655, 41.515, 40.974, 40.812, 41.129, 41.259, 40.732, 40.291, 40.536, 41.152, 41.378, 40.936, 40.314, 40.254, 40.759, 41.238, 41.297, 41.182, 41.209, 41.404, 41.939, 42.911, 43.805, 44.072, 43.889, 43.695, 43.551, 43.123, 42.338, 41.682, 41.463, 41.471, 41.447, 41.338, 41.187, 41.082, 41.075, 41.152, 41.1, 40.787, 40.268, 39.727, 39.437, 39.534, 39.643, 39.713, 39.895, 40.123, 40.262, 40.295, 40.378, 41.009, 42.707, 44.542, 45.285, 45.185, 45.309, 46.757, 49.216, 51.101, 51.357, 50.221, 48.946, 48.459, 48.629, 49.11, 49.756, 50.537, 51.588, 52.773, 53.593, 53.966, 54.167, 54.466, 54.768, 54.901, 54.817, 54.848, 55.577, 56.912, 57.832, 57.867, 57.962, 58.722, 58.587, 55.943, 51.635, 47.965, 46.314, 46.063, 45.959, 45.506, 44.801, 43.676, 42.293, 41.692, 41.827, 42.506, 43.408, 43.784, 43.475, 41.544], [41.574, 41.122, 40.81, 40.877, 41.064, 41.022, 40.775, 40.563, 40.448, 40.13, 39.523, 38.901, 38.348, 37.895, 37.59, 37.502, 37.209, 35.782, 32.47, 28.675, 26.59, 26.528, 25.584, 21.301, 14.983, 9.242, 4.447, 0.0, 4.944, 10.878, 17.29, 22.002, 23.716, 24.048, 25.353, 27.745, 29.752, 30.887, 31.757, 32.706, 33.707, 34.641, 35.417, 36.016, 36.475, 36.949, 37.358, 37.525, 37.736, 38.306, 38.974, 39.286, 39.14, 39.297, 40.129, 40.919, 41.357, 41.233, 40.713, 40.575, 40.919, 41.079, 40.564, 40.116, 40.338, 40.929, 41.155, 40.728, 40.14, 40.138, 40.67, 41.134, 41.181, 41.081, 41.138, 41.367, 41.933, 42.923, 43.816, 44.074, 43.879, 43.671, 43.523, 43.105, 42.334, 41.681, 41.457, 41.461, 41.439, 41.339, 41.194, 41.095, 41.095, 41.173, 41.11, 40.774, 40.228, 39.668, 39.378, 39.488, 39.605, 39.67, 39.851, 40.098, 40.269, 40.318, 40.396, 41.033, 42.774, 44.665, 45.437, 45.339, 45.477, 46.983, 49.516, 51.456, 51.742, 50.608, 49.312, 48.797, 48.942, 49.404, 50.037, 50.813, 51.868, 53.064, 53.898, 54.286, 54.5, 54.804, 55.106, 55.233, 55.141, 55.166, 55.903, 57.255, 58.191, 58.231, 58.321, 59.075, 58.938, 56.3, 52.003, 48.329, 46.646, 46.366, 46.255, 45.8, 45.072, 43.907, 42.465, 41.817, 41.954, 42.671, 43.62, 44.041, 43.765, 41.843], [41.92, 41.471, 41.168, 41.229, 41.395, 41.341, 41.101, 40.907, 40.806, 40.486, 39.867, 39.238, 38.699, 38.278, 38.01, 37.955, 37.716, 36.397, 33.184, 29.426, 27.345, 27.254, 26.276, 22.007, 15.965, 11.28, 8.189, 4.944, 0.0, 6.885, 14.464, 20.05, 22.191, 22.564, 23.781, 26.187, 28.284, 29.518, 30.466, 31.463, 32.504, 33.497, 34.352, 35.024, 35.537, 36.055, 36.507, 36.701, 36.911, 37.456, 38.093, 38.407, 38.312, 38.573, 39.517, 40.374, 40.856, 40.788, 40.333, 40.249, 40.628, 40.828, 40.397, 40.071, 40.373, 40.968, 41.166, 40.742, 40.212, 40.289, 40.857, 41.305, 41.337, 41.248, 41.331, 41.578, 42.138, 43.106, 43.98, 44.228, 44.018, 43.77, 43.568, 43.112, 42.322, 41.67, 41.464, 41.487, 41.476, 41.375, 41.222, 41.117, 41.11, 41.174, 41.102, 40.769, 40.246, 39.719, 39.443, 39.551, 39.664, 39.726, 39.9, 40.121, 40.268, 40.315, 40.418, 41.069, 42.793, 44.664, 45.437, 45.345, 45.483, 46.988, 49.515, 51.454, 51.748, 50.609, 49.287, 48.744, 48.87, 49.315, 49.937, 50.715, 51.777, 52.972, 53.796, 54.188, 54.431, 54.776, 55.108, 55.247, 55.153, 55.158, 55.858, 57.184, 58.114, 58.153, 58.241, 59.0, 58.882, 56.273, 52.009, 48.368, 46.708, 46.438, 46.331, 45.872, 45.142, 43.991, 42.55, 41.882, 41.994, 42.668, 43.561, 43.948, 43.674, 42.193], [42.534, 42.103, 41.796, 41.837, 42.009, 41.977, 41.748, 41.566, 41.5, 41.251, 40.707, 40.119, 39.588, 39.164, 38.889, 38.833, 38.651, 37.499, 34.509, 31.0, 29.218, 29.351, 28.497, 24.363, 18.486, 14.411, 12.658, 10.878, 6.885, 0.0, 8.454, 15.268, 18.412, 19.306, 20.643, 23.086, 25.286, 26.675, 27.769, 28.878, 30.033, 31.179, 32.211, 33.022, 33.609, 34.176, 34.708, 35.03, 35.367, 35.939, 36.502, 36.795, 36.898, 37.546, 38.805, 39.779, 40.308, 40.385, 40.194, 40.337, 40.77, 40.952, 40.626, 40.566, 41.14, 41.861, 42.03, 41.582, 41.099, 41.195, 41.724, 42.159, 42.223, 42.165, 42.25, 42.453, 42.923, 43.772, 44.537, 44.712, 44.449, 44.134, 43.849, 43.33, 42.536, 41.944, 41.808, 41.876, 41.884, 41.783, 41.614, 41.484, 41.461, 41.556, 41.597, 41.426, 41.085, 40.698, 40.456, 40.535, 40.625, 40.671, 40.796, 40.901, 40.914, 40.921, 41.065, 41.655, 43.124, 44.75, 45.445, 45.372, 45.461, 46.739, 48.972, 50.706, 50.924, 49.781, 48.475, 47.95, 48.082, 48.513, 49.105, 49.85, 50.882, 52.045, 52.835, 53.203, 53.449, 53.82, 54.173, 54.329, 54.253, 54.242, 54.869, 56.112, 56.999, 57.029, 57.112, 57.858, 57.759, 55.251, 51.191, 47.794, 46.278, 46.028, 45.917, 45.502, 44.88, 43.898, 42.67, 42.149, 42.282, 42.847, 43.579, 43.836, 43.545, 42.806], [43.461, 43.068, 42.753, 42.772, 42.965, 42.964, 42.739, 42.558, 42.55, 42.437, 42.056, 41.574, 41.068, 40.612, 40.278, 40.174, 40.026, 39.061, 36.463, 33.53, 32.278, 32.685, 32.038, 28.351, 23.039, 19.398, 18.161, 17.29, 14.464, 8.454, 0.0, 7.838, 12.522, 14.865, 17.018, 19.67, 21.913, 23.436, 24.726, 26.031, 27.398, 28.789, 30.074, 31.067, 31.724, 32.294, 32.861, 33.329, 33.878, 34.536, 35.008, 35.258, 35.648, 36.86, 38.53, 39.609, 40.144, 40.403, 40.619, 41.126, 41.642, 41.754, 41.475, 41.668, 42.574, 43.495, 43.665, 43.175, 42.685, 42.702, 43.114, 43.553, 43.702, 43.686, 43.737, 43.847, 44.172, 44.845, 45.455, 45.539, 45.241, 44.894, 44.547, 43.973, 43.21, 42.726, 42.692, 42.814, 42.85, 42.767, 42.592, 42.429, 42.389, 42.571, 42.837, 42.943, 42.867, 42.655, 42.46, 42.513, 42.574, 42.592, 42.631, 42.564, 42.392, 42.343, 42.512, 42.952, 43.975, 45.176, 45.726, 45.678, 45.679, 46.553, 48.249, 49.593, 49.653, 48.51, 47.267, 46.799, 46.954, 47.371, 47.912, 48.577, 49.522, 50.622, 51.374, 51.7, 51.897, 52.224, 52.544, 52.69, 52.63, 52.62, 53.182, 54.328, 55.163, 55.197, 55.285, 56.0, 55.901, 53.551, 49.879, 46.946, 45.672, 45.427, 45.287, 44.963, 44.566, 43.902, 43.056, 42.821, 43.049, 43.519, 44.093, 44.226, 43.933, 43.721], [44.16, 43.802, 43.494, 43.52, 43.738, 43.751, 43.516, 43.336, 43.39, 43.406, 43.173, 42.796, 42.323, 41.839, 41.445, 41.284, 41.136, 40.292, 38.058, 35.675, 34.806, 35.334, 34.838, 31.625, 26.972, 23.692, 22.536, 22.002, 20.05, 15.268, 7.838, 0.0, 6.081, 10.629, 14.49, 17.771, 20.042, 21.534, 22.91, 24.412, 26.025, 27.66, 29.158, 30.286, 30.97, 31.477, 31.984, 32.515, 33.244, 34.013, 34.442, 34.656, 35.245, 36.835, 38.746, 39.845, 40.337, 40.696, 41.211, 42.004, 42.594, 42.644, 42.329, 42.599, 43.682, 44.758, 44.969, 44.464, 43.914, 43.77, 44.031, 44.486, 44.732, 44.751, 44.76, 44.791, 45.013, 45.564, 46.067, 46.109, 45.83, 45.5, 45.13, 44.522, 43.792, 43.399, 43.437, 43.587, 43.644, 43.592, 43.433, 43.256, 43.209, 43.477, 43.947, 44.287, 44.404, 44.309, 44.166, 44.231, 44.286, 44.286, 44.26, 44.075, 43.784, 43.695, 43.86, 44.17, 44.857, 45.723, 46.14, 46.107, 46.047, 46.603, 47.858, 48.875, 48.791, 47.637, 46.437, 46.002, 46.161, 46.565, 47.069, 47.662, 48.518, 49.555, 50.284, 50.577, 50.7, 50.933, 51.181, 51.293, 51.226, 51.221, 51.764, 52.872, 53.693, 53.75, 53.853, 54.542, 54.415, 52.16, 48.793, 46.23, 45.13, 44.864, 44.691, 44.443, 44.254, 43.865, 43.331, 43.343, 43.689, 44.151, 44.687, 44.8, 44.533, 44.401], [44.182, 43.836, 43.548, 43.609, 43.845, 43.853, 43.608, 43.438, 43.533, 43.602, 43.419, 43.082, 42.637, 42.163, 41.754, 41.567, 41.412, 40.598, 38.518, 36.334, 35.492, 35.946, 35.472, 32.502, 28.275, 25.