[[0.0, 4.419, 14.875, 24.352, 29.214, 30.95, 31.654, 32.474, 33.406, 34.376, 34.77, 35.208, 37.088, 39.781, 41.024, 40.783, 41.002, 42.42, 44.287, 44.974, 44.591, 43.593, 43.263, 43.065, 42.283, 41.346, 40.788, 40.305, 39.151, 38.134, 38.12, 38.656, 39.227, 39.723, 39.931, 40.099, 40.395, 40.086, 39.243, 38.632, 38.349, 38.594, 39.267, 40.017, 40.523, 40.666, 40.217, 39.143, 38.333, 38.948, 40.81, 41.949, 41.562, 41.159, 41.227, 41.039, 40.524, 39.943, 39.386, 39.411, 39.702, 38.95, 38.424, 39.69, 40.957, 40.004, 38.467, 37.571, 37.218, 37.168, 37.303, 37.273, 37.559, 38.52, 39.052, 37.976, 35.93, 34.601, 34.515, 34.833, 34.981, 34.86, 34.529, 34.373, 34.625, 35.262, 36.701, 37.913, 37.846, 37.742, 37.873, 38.06, 38.241, 37.788, 37.352, 37.611, 38.037, 37.763, 37.061, 37.04, 37.397, 37.517, 37.5, 38.151, 39.489, 39.951, 39.479, 39.885, 41.494, 43.018, 43.434, 42.886, 42.021, 41.315, 40.811, 41.3, 42.167, 42.18, 41.73, 42.004, 42.911, 43.582, 43.511, 43.139, 43.227, 43.959, 44.224, 44.19, 44.301, 42.933, 40.269, 38.115, 37.487, 36.864, 36.344, 36.878, 37.612, 38.209, 38.831, 39.461, 39.735, 39.381, 38.821, 39.125, 40.147, 4.495], [4.419, 0.0, 11.535, 22.098, 27.503, 29.374, 30.162, 31.093, 32.126, 33.208, 33.673, 34.18, 36.201, 39.047, 40.375, 40.139, 40.372, 41.904, 43.911, 44.622, 44.184, 43.114, 42.738, 42.517, 41.721, 40.764, 40.189, 39.702, 38.543, 37.534, 37.54, 38.101, 38.695, 39.213, 39.428, 39.594, 39.889, 39.564, 38.69, 38.052, 37.744, 37.979, 38.681, 39.464, 39.984, 40.129, 39.665, 38.564, 37.722, 38.339, 40.245, 41.411, 41.008, 40.599, 40.671, 40.474, 39.934, 39.317, 38.722, 38.745, 39.061, 38.275, 37.751, 39.106, 40.4, 39.388, 37.823, 36.967, 36.664, 36.641, 36.775, 36.724, 37.004, 37.987, 38.549, 37.495, 35.427, 34.038, 33.938, 34.291, 34.451, 34.3, 33.927, 33.76, 34.026, 34.676, 36.165, 37.413, 37.344, 37.254, 37.395, 37.587, 37.779, 37.306, 36.842, 37.115, 37.557, 37.243, 36.491, 36.485, 36.866, 36.984, 36.97, 37.679, 39.083, 39.551, 39.06, 39.496, 41.172, 42.72, 43.113, 42.536, 41.655, 40.918, 40.371, 40.855, 41.747, 41.769, 41.307, 41.585, 42.523, 43.223, 43.144, 42.747, 42.834, 43.573, 43.81, 43.755, 43.862, 42.409, 39.592, 37.34, 36.674, 36.035, 35.56, 36.205, 37.03, 37.669, 38.317, 38.976, 39.256, 38.874, 38.286, 38.619, 39.698, 6.13], [14.875, 11.535, 0.0, 12.823, 20.359, 23.401, 24.957, 26.515, 28.033, 29.517, 30.239, 30.98, 33.353, 36.604, 38.209, 38.035, 38.27, 40.036, 42.411, 43.213, 42.674, 41.513, 41.06, 40.809, 40.115, 39.257, 38.623, 38.109, 37.168, 36.471, 36.558, 37.047, 37.609, 38.145, 38.358, 38.477, 38.743, 38.486, 37.753, 37.238, 36.955, 37.173, 37.92, 38.773, 39.335, 39.481, 38.983, 37.876, 37.018, 37.513, 39.286, 40.427, 40.076, 39.751, 39.837, 39.609, 39.045, 38.39, 37.722, 37.712, 38.043, 37.167, 36.603, 37.969, 39.184, 38.1, 36.669, 36.092, 36.028, 36.115, 36.25, 36.161, 36.408, 37.375, 38.005, 37.125, 35.283, 34.023, 33.92, 34.28, 34.448, 34.263, 33.826, 33.637, 33.841, 34.289, 35.642, 36.931, 36.997, 37.034, 37.188, 37.345, 37.51, 36.999, 36.525, 36.803, 37.192, 36.759, 35.973, 36.057, 36.472, 36.571, 36.595, 37.397, 38.77, 39.186, 38.728, 39.169, 40.75, 42.197, 42.532, 41.946, 41.081, 40.314, 39.666, 40.071, 40.926, 40.926, 40.449, 40.702, 41.608, 42.299, 42.221, 41.812, 41.873, 42.56, 42.681, 42.589, 42.685, 41.055, 38.128, 35.936, 35.228, 34.591, 34.358, 35.322, 36.346, 37.086, 37.746, 38.39, 38.652, 38.269, 37.713, 38.089, 39.186, 15.828], [24.352, 22.098, 12.823, 0.0, 9.888, 15.486, 18.86, 21.512, 23.725, 25.704, 26.836, 28.022, 30.74, 34.236, 36.104, 36.072, 36.259, 38.161, 40.833, 41.663, 41.031, 39.947, 39.528, 39.332, 38.977, 38.499, 37.883, 37.377, 37.022, 37.064, 37.347, 37.671, 38.087, 38.563, 38.742, 38.783, 39.015, 38.99, 38.628, 38.372, 38.171, 38.358, 39.039, 39.823, 40.349, 40.466, 39.99, 39.048, 38.37, 38.654, 39.937, 40.857, 40.618, 40.414, 40.459, 40.199, 39.722, 39.177, 38.552, 38.491, 38.762, 37.914, 37.195, 38.049, 38.939, 38.023, 37.004, 36.802, 36.984, 37.125, 37.219, 37.124, 37.321, 38.134, 38.759, 38.205, 37.051, 36.443, 36.476, 36.729, 36.853, 36.69, 36.278, 36.092, 36.124, 36.011, 36.665, 37.77, 38.13, 38.408, 38.571, 38.626, 38.696, 38.246, 37.931, 38.205, 38.429, 37.89, 37.233, 37.446, 37.839, 37.906, 37.95, 38.63, 39.661, 39.959, 39.637, 39.928, 40.993, 42.064, 42.306, 41.818, 41.156, 40.589, 39.996, 40.264, 40.936, 40.888, 40.444, 40.617, 41.322, 41.87, 41.812, 41.483, 41.518, 42.079, 42.126, 42.061, 42.138, 40.615, 38.239, 36.529, 35.897, 35.459, 35.502, 36.601, 37.652, 38.38, 38.919, 39.43, 39.702, 39.452, 39.032, 39.351, 40.246, 25.188], [29.214, 27.503, 20.359, 9.888, 0.0, 7.935, 13.755, 17.82, 20.77, 23.372, 25.093, 26.851, 29.989, 33.674, 35.715, 35.81, 35.968, 37.98, 40.841, 41.642, 40.934, 39.95, 39.566, 39.429, 39.361, 39.188, 38.624, 38.14, 38.181, 38.751, 39.261, 39.554, 39.841, 40.206, 40.331, 40.309, 40.525, 40.641, 40.43, 40.229, 40.018, 40.138, 40.703, 41.374, 41.843, 41.939, 41.519, 40.757, 40.263, 40.419, 41.302, 42.003, 41.835, 41.659, 41.613, 41.317, 40.911, 40.457, 39.901, 39.822, 40.069, 39.349, 38.557, 38.946, 39.582, 38.87, 38.138, 38.143, 38.413, 38.51, 38.553, 38.477, 38.636, 39.301, 39.912, 39.69, 39.117, 38.947, 39.052, 39.22, 39.309, 39.175, 38.809, 38.626, 38.55, 38.137, 38.348, 39.242, 39.703, 40.078, 40.236, 40.237, 40.267, 39.925, 39.755, 40.04, 40.195, 39.655, 39.097, 39.344, 39.697, 39.734, 39.738, 40.276, 41.07, 41.293, 41.06, 41.217, 41.872, 42.611, 42.717, 42.263, 41.769, 41.401, 40.903, 41.064, 41.579, 41.531, 41.156, 41.279, 41.826, 42.25, 42.189, 41.923, 41.934, 42.385, 42.394, 42.328, 42.396, 41.139, 39.341, 37.967, 37.409, 37.171, 37.289, 38.278, 39.235, 39.896, 40.302, 40.704, 40.996, 40.855, 40.549, 40.814, 41.535, 29.892], [30.95, 29.374, 23.401, 15.486, 7.935, 0.0, 7.653, 13.585, 17.626, 20.912, 23.145, 25.519, 29.312, 33.376, 35.56, 35.684, 35.873, 38.048, 41.04, 41.856, 41.136, 40.156, 39.782, 39.691, 39.711, 39.611, 39.077, 38.588, 38.646, 39.306, 39.939, 40.326, 40.632, 40.97, 41.069, 41.021, 41.228, 41.313, 40.996, 40.668, 40.372, 40.422, 40.919, 41.543, 41.999, 42.098, 41.702, 40.997, 40.581, 40.718, 41.472, 42.067, 41.86, 41.626, 41.504, 41.179, 40.803, 40.385, 39.87, 39.823, 40.143, 39.569, 38.824, 39.157, 39.787, 39.121, 38.426, 38.483, 38.753, 38.798, 38.812, 38.743, 38.888, 39.51, 40.14, 40.067, 39.653, 39.517, 39.599, 39.763, 39.864, 39.744, 39.388, 39.178, 39.058, 38.639, 38.831, 39.645, 40.014, 40.33, 40.467, 40.463, 40.514, 40.213, 40.062, 40.361, 40.557, 40.064, 39.509, 39.74, 40.102, 40.122, 40.073, 40.587, 41.39, 41.638, 41.422, 41.525, 42.079, 42.753, 42.818, 42.341, 41.858, 41.484, 40.94, 41.03, 41.517, 41.513, 41.204, 41.359, 41.921, 42.371, 42.346, 42.099, 42.108, 42.548, 42.555, 42.466, 42.531, 41.388, 39.698, 38.302, 37.726, 37.553, 37.597, 38.479, 39.405, 40.034, 40.413, 40.811, 41.102, 40.982, 40.719, 40.992, 41.692, 31.483], [31.654, 30.162, 24.957, 18.86, 13.755, 7.653, 0.0, 7.395, 13.032, 17.301, 19.927, 22.886, 27.471, 32.085, 34.489, 34.619, 34.853, 37.239, 40.418, 41.336, 40.644, 39.634, 39.28, 39.23, 39.251, 39.156, 38.643, 38.114, 38.074, 38.697, 39.398, 39.904, 40.327, 40.731, 40.84, 40.784, 40.988, 41.029, 40.599, 40.152, 39.79, 39.818, 40.307, 40.936, 41.41, 41.518, 41.108, 40.369, 39.934, 40.085, 40.852, 41.42, 41.157, 40.858, 40.669, 40.316, 39.971, 39.588, 39.104, 39.109, 39.509, 39.007, 38.249, 38.622, 39.353, 38.682, 37.944, 37.984, 38.217, 38.237, 38.255, 38.176, 38.314, 38.964, 39.623, 39.541, 39.064, 38.844, 38.904, 39.11, 39.246, 39.137, 38.773, 38.539, 38.401, 37.991, 38.235, 39.058, 39.374, 39.656, 39.791, 39.805, 39.897, 39.596, 39.407, 39.71, 39.963, 39.499, 38.881, 39.075, 39.459, 39.479, 39.408, 39.949, 40.85, 41.155, 40.916, 41.005, 41.583, 42.307, 42.408, 41.914, 41.361, 40.89, 40.262, 40.332, 40.859, 40.896, 40.614, 40.815, 41.465, 42.02, 42.051, 41.814, 41.875, 42.42, 42.482, 42.39, 42.477, 41.38, 39.616, 38.066, 37.439, 37.293, 37.296, 38.12, 39.02, 39.64, 40.057, 40.495, 40.775, 40.631, 40.354, 40.642, 41.384, 32.141], [32.474, 31.093, 26.515, 21.512, 17.82, 13.585, 7.395, 0.0, 7.107, 13.011, 16.442, 20.005, 25.255, 30.361, 32.996, 33.165, 33.426, 36.004, 39.444, 40.486, 39.778, 38.749, 38.453, 38.458, 38.485, 38.422, 37.947, 37.405, 37.342, 37.987, 38.739, 39.3, 39.814, 40.303, 40.444, 40.386, 40.601, 40.662, 40.238, 39.793, 39.451, 39.497, 39.993, 40.645, 41.143, 41.256, 40.823, 40.038, 39.557, 39.719, 40.525, 41.121, 40.867, 40.527, 40.282, 39.928, 39.643, 39.303, 38.84, 38.852, 39.246, 38.732, 37.92, 38.306, 39.118, 38.45, 37.675, 37.68, 37.88, 37.901, 37.939, 37.849, 37.986, 38.672, 39.322, 39.152, 38.599, 38.367, 38.448, 38.671, 38.809, 38.701, 38.339, 38.105, 37.953, 37.5, 37.732, 38.573, 38.898, 39.194, 39.333, 39.358, 39.487, 39.193, 38.983, 39.29, 39.58, 39.123, 38.442, 38.584, 38.958, 38.976, 38.907, 39.457, 40.406, 40.741, 40.488, 40.574, 41.166, 41.92, 42.075, 41.604, 41.026, 40.528, 39.884, 39.967, 40.536, 40.606, 40.325, 40.531, 41.225, 41.836, 41.894, 41.687, 41.85, 42.53, 42.659, 42.576, 42.697, 41.643, 39.821, 38.154, 37.499, 37.411, 37.468, 38.237, 39.053, 39.651, 40.095, 40.552, 40.83, 40.673, 40.375, 40.669, 41.443, 32.993], [33.406, 32.126, 28.033, 23.725, 20.77, 17.626, 13.032, 7.107, 0.0, 7.415, 12.685, 17.577, 23.377, 28.735, 31.533, 31.771, 32.04, 34.708, 38.338, 39.455, 38.675, 37.597, 37.358, 37.442, 37.524, 37.523, 37.087, 36.585, 36.607, 37.34, 38.149, 38.715, 39.227, 39.758, 39.957, 39.943, 40.189, 40.286, 39.908, 39.514, 39.23, 39.311, 39.82, 40.506, 41.031, 41.148, 40.705, 39.9, 39.41, 39.599, 40.421, 41.034, 40.809, 40.452, 40.18, 39.835, 39.599, 39.292, 38.835, 38.818, 39.154, 38.598, 37.749, 38.132, 38.986, 38.337, 37.533, 37.501, 37.68, 37.694, 37.734, 37.641, 37.784, 38.476, 39.088, 38.849, 38.306, 38.155, 38.275, 38.487, 38.602, 38.489, 38.135, 37.916, 37.748, 37.227, 37.424, 38.284, 38.632, 38.945, 39.075, 39.082, 39.21, 38.91, 38.695, 38.998, 39.293, 38.833, 38.134, 38.257, 38.62, 38.64, 38.571, 39.085, 40.012, 40.372, 40.14, 40.21, 40.754, 41.497, 41.716, 41.309, 40.768, 40.287, 39.641, 39.733, 40.337, 40.433, 40.149, 40.348, 41.051, 41.665, 41.748, 41.603, 41.864, 42.631, 42.8, 42.738, 42.896, 41.88, 40.023, 38.29, 37.624, 37.591, 37.669, 38.348, 39.073, 39.627, 40.039, 40.47, 40.744, 40.593, 40.296, 40.6, 41.387, 33.96], [34.376, 33.208, 29.517, 25.704, 23.372, 20.912, 17.301, 13.011, 7.415, 0.0, 7.453, 14.725, 21.438, 27.016, 29.979, 30.326, 30.63, 33.4, 37.218, 38.412, 37.565, 36.415, 36.191, 36.341, 36.532, 36.624, 36.21, 35.734, 35.866, 36.705, 37.57, 38.159, 38.682, 39.237, 39.5, 39.579, 39.901, 40.037, 39.688, 39.326, 39.074, 39.173, 39.677, 40.356, 40.879, 41.013, 40.599, 39.813, 39.341, 39.553, 40.368, 40.97, 40.762, 40.419, 40.145, 39.784, 39.535, 39.214, 38.738, 38.698, 39.012, 38.484, 37.643, 37.972, 38.814, 38.19, 37.371, 37.294, 37.48, 37.519, 37.562, 37.469, 37.603, 38.267, 38.842, 38.576, 38.102, 38.084, 38.253, 38.457, 38.571, 38.466, 38.118, 37.904, 37.727, 37.15, 37.294, 38.193, 38.601, 38.95, 39.065, 39.037, 39.142, 38.822, 38.586, 38.851, 39.118, 38.663, 37.993, 38.126, 38.488, 38.51, 38.435, 38.885, 39.741, 40.126, 39.945, 39.976, 40.397, 41.102, 41.395, 41.043, 40.495, 39.996, 39.338, 39.419, 40.032, 40.138, 39.865, 40.072, 40.771, 41.388, 41.53, 41.46, 41.772, 42.572, 42.79, 42.786, 42.986, 42.03, 40.209, 38.484, 37.814, 37.785, 37.832, 38.445, 39.112, 39.625, 40.0, 40.396, 40.654, 40.504, 40.211, 40.516, 41.298, 34.933], [34.77, 33.673, 30.239, 26.836, 25.093, 23.145, 19.927, 16.442, 12.685, 7.453, 0.0, 9.117, 17.51, 24.081, 27.5, 27.982, 28.36, 31.475, 35.751, 37.177, 36.341, 35.132, 34.892, 35.055, 35.311, 35.478, 35.084, 34.584, 34.723, 35.618, 36.544, 37.229, 37.901, 38.564, 38.858, 39.006, 39.489, 39.78, 39.529, 39.216, 38.991, 39.114, 39.628, 40.289, 40.792, 40.946, 40.557, 39.759, 39.261, 39.491, 40.353, 40.966, 40.751, 40.423, 40.168, 39.786, 39.483, 39.108, 38.594, 38.557, 38.91, 38.441, 37.611, 37.919, 38.758, 38.12, 37.25, 37.097, 37.278, 37.38, 37.471, 37.369, 37.488, 38.156, 38.717, 38.397, 37.861, 37.807, 37.973, 38.186, 38.325, 38.24, 37.885, 37.667, 37.529, 37.0, 37.186, 38.157, 38.604, 38.967, 39.079, 39.044, 39.146, 38.782, 38.488, 38.73, 38.998, 38.531, 37.841, 37.946, 38.27, 38.287, 38.229, 38.675, 39.532, 39.945, 39.775, 39.791, 40.196, 40.937, 41.258, 40.857, 40.219, 39.693, 39.057, 39.138, 39.736, 39.83, 39.563, 39.788, 40.493, 41.119, 41.29, 41.237, 41.573, 42.464, 42.793, 42.858, 43.092, 42.153, 40.349, 38.652, 37.97, 37.857, 37.848, 38.452, 39.113, 39.628, 40.026, 40.438, 40.694, 40.531, 40.227, 40.545, 41.348, 35.308], [35.208, 34.18, 30.98, 28.022, 26.851, 25.519, 22.886, 20.005, 17.577, 14.725, 9.117, 0.0, 10.039, 18.579, 23.059, 23.768, 24.183, 27.9, 32.981, 34.845, 34.219, 33.162, 32.99, 33.139, 33.427, 33.752, 33.485, 33.006, 33.134, 34.086, 35.084, 35.857, 36.714, 37.55, 37.848, 37.982, 38.68, 39.32, 39.381, 39.278, 39.182, 39.405, 39.989, 40.678, 41.167, 41.307, 40.892, 40.027, 39.487, 39.733, 40.611, 41.227, 41.03, 40.722, 40.488, 40.126, 39.826, 39.461, 38.973, 38.98, 39.349, 38.829, 37.89, 38.149, 38.993, 38.358, 37.414, 37.147, 37.291, 37.45, 37.607, 37.514, 37.644, 38.33, 38.873, 38.502, 37.844, 37.643, 37.751, 37.957, 38.118, 38.071, 37.724, 37.521, 37.453, 37.019, 37.281, 38.298, 38.723, 39.064, 39.186, 39.169, 39.286, 38.906, 38.59, 38.844, 39.11, 38.596, 37.85, 37.89, 38.128, 38.129, 38.119, 38.594, 39.455, 39.86, 39.663, 39.666, 40.12, 40.916, 41.221, 40.722, 39.949, 39.434, 38.909, 39.038, 39.602, 39.648, 39.352, 39.57, 40.276, 40.889, 41.031, 40.963, 41.375, 42.469, 42.936, 43.023, 43.295, 42.38, 40.578, 38.924, 38.271, 38.062, 37.951, 38.529, 39.177, 39.701, 40.127, 40.562, 40.82, 40.651, 40.345, 40.693, 41.543, 35.743], [37.088, 36.201, 33.353, 30.74, 29.989, 29.312, 27.471, 25.255, 23.377, 21.438, 17.51, 10.039, 0.0, 10.271, 16.339, 17.647, 18.017, 22.423, 28.605, 31.121, 30.939, 30.386, 30.511, 30.723, 31.196, 31.938, 31.977, 31.633, 31.893, 33.027, 34.091, 34.855, 35.813, 36.795, 37.113, 37.236, 38.133, 39.192, 39.724, 39.997, 40.163, 40.547, 41.206, 41.909, 42.351, 42.457, 42.043, 41.177, 40.677, 40.944, 41.751, 42.325, 42.194, 41.94, 41.74, 41.45, 41.23, 40.945, 40.543, 40.586, 40.906, 40.31, 39.231, 39.316, 40.119, 39.61, 38.699, 38.349, 38.452, 38.641, 38.842, 38.77, 38.914, 39.567, 40.023, 39.593, 38.896, 38.666, 38.751, 38.917, 39.086, 39.085, 38.769, 38.594, 38.545, 38.07, 38.191, 39.138, 39.586, 39.931, 40.055, 40.043, 40.158, 39.815, 39.552, 39.804, 40.009, 39.438, 38.702, 38.716, 38.871, 38.851, 38.878, 39.299, 40.03, 40.385, 40.187, 40.128, 40.493, 41.259, 41.589, 41.094, 40.263, 39.826, 39.495, 39.731, 40.262, 40.228, 39.881, 40.058, 40.707, 41.246, 41.357, 41.348, 41.891, 43.158, 43.708, 43.789, 44.097, 43.296, 41.653, 40.176, 39.631, 39.4, 39.158, 39.622, 40.173, 40.648, 41.045, 41.447, 41.694, 41.555, 41.284, 41.63, 42.434, 37.639], [39.781, 39.047, 36.604, 34.236, 33.674, 33.376, 32.085, 30.361, 28.735, 27.016, 24.081, 18.579, 10.271, 0.0, 7.539, 10.16, 10.652, 15.844, 23.397, 26.895, 27.38, 27.491, 28.041, 28.411, 29.183, 30.439, 30.836, 30.659, 31.107, 32.509, 33.683, 34.429, 35.451, 36.564, 36.952, 37.098, 38.129, 39.517, 40.48, 41.151, 41.62, 42.143, 42.797, 43.461, 43.85, 43.943, 43.598, 42.839, 42.434, 42.694, 43.369, 43.833, 43.731, 43.538, 43.389, 43.163, 43.005, 42.77, 42.419, 42.442, 42.692, 42.16, 41.105, 41.023, 41.742, 41.405, 40.634, 40.275, 40.333, 40.505, 40.709, 40.651, 40.789, 41.345, 41.641, 41.168, 40.573, 40.484, 40.611, 40.734, 40.897, 40.928, 40.644, 40.503, 40.455, 39.884, 39.733, 40.507, 40.995, 41.373, 41.505, 41.492, 41.58, 41.3, 41.132, 41.37, 41.488, 40.883, 40.198, 40.24, 40.367, 40.331, 40.369, 40.707, 41.272, 41.586, 41.437, 41.3, 41.471, 42.162, 42.552, 42.122, 41.31, 40.979, 40.826, 41.138, 41.622, 41.541, 41.194, 41.345, 41.913, 42.351, 42.425, 42.473, 43.074, 44.343, 44.862, 44.907, 45.208, 44.548, 43.187, 41.958, 41.526, 41.337, 41.01, 41.348, 41.782, 42.195, 42.529, 42.876, 43.13, 43.038, 42.806, 43.1, 43.754, 40.322], [41.024, 40.375, 38.209, 36.104, 35.715, 35.56, 34.489, 32.996, 31.533, 29.979, 27.5, 23.059, 16.339, 7.539, 0.0, 4.002, 5.695, 12.007, 20.214, 24.316, 25.283, 25.784, 26.586, 27.097, 28.006, 29.435, 29.986, 29.885, 30.353, 31.869, 33.173, 33.972, 35.051, 36.267, 36.737, 36.891, 37.917, 39.375, 40.514, 41.433, 42.159, 42.793, 43.427, 44.066, 44.457, 44.573, 44.278, 43.577, 43.185, 43.398, 44.009, 44.412, 44.296, 44.123, 44.011, 43.804, 43.636, 43.394, 43.055, 43.06, 43.274, 42.84, 41.93, 41.865, 42.551, 42.278, 41.566, 41.194, 41.218, 41.361, 41.549, 41.505, 41.647, 42.145, 42.339, 41.826, 41.279, 41.272, 41.439, 41.547, 41.707, 41.745, 41.474, 41.345, 41.308, 40.747, 40.517, 41.186, 41.659, 42.045, 42.194, 42.185, 42.256, 42.0, 41.852, 42.065, 42.145, 41.547, 40.896, 40.958, 41.088, 41.05, 41.091, 41.415, 41.926, 42.219, 42.102, 41.962, 42.075, 42.752, 43.181, 42.778, 41.958, 41.636, 41.537, 41.867, 42.321, 42.239, 41.934, 42.116, 42.681, 43.092, 43.152, 43.196, 43.751, 44.945, 45.41, 45.412, 45.677, 45.058, 43.824, 42.688, 42.289, 42.134, 41.821, 42.144, 42.56, 42.965, 43.287, 43.64, 43.926, 43.858, 43.639, 43.903, 44.494, 41.548], [40.783, 40.139, 38.035, 36.072, 35.81, 35.684, 34.619, 33.165, 31.771, 30.326, 27.982, 23.768, 17.647, 10.16, 4.002, 0.0, 3.844, 11.594, 19.734, 23.752, 24.778, 25.304, 26.12, 26.665, 27.542, 28.896, 29.434, 29.333, 29.724, 31.197, 32.538, 33.378, 34.483, 35.73, 36.222, 36.377, 37.392, 38.827, 39.943, 40.894, 41.713, 42.42, 43.076, 43.716, 44.11, 44.224, 43.916, 43.193, 42.771, 42.956, 43.585, 44.014, 43.891, 43.704, 43.597, 43.392, 43.208, 42.954, 42.619, 42.635, 42.853, 42.422, 41.567, 41.601, 42.327, 42.028, 41.295, 40.916, 40.932, 41.06, 41.239, 41.204, 41.356, 41.862, 42.062, 41.531, 40.922, 40.859, 41.02, 41.14, 41.307, 41.344, 41.069, 40.931, 40.905, 40.392, 40.218, 40.892, 41.324, 41.687, 41.839, 41.839, 41.922, 41.662, 41.488, 41.695, 41.785, 41.194, 40.536, 40.596, 40.739, 40.705, 40.746, 41.097, 41.646, 41.945, 41.819, 41.707, 41.878, 42.588, 43.019, 42.601, 41.749, 41.387, 41.273, 41.613, 42.078, 41.999, 41.706, 41.918, 42.524, 42.975, 43.046, 43.064, 43.576, 44.745, 45.203, 45.193, 45.441, 44.79, 43.508, 42.32, 41.895, 41.743, 41.473, 41.835, 42.275, 42.695, 43.036, 43.417, 43.72, 43.649, 43.42, 43.69, 44.302, 41.295], [41.002, 40.372, 38.27, 36.259, 35.968, 35.873, 34.853, 33.426, 32.04, 30.63, 28.36, 24.183, 18.017, 10.652, 5.695, 3.844, 0.0, 8.932, 18.041, 22.504, 23.718, 24.415, 25.364, 25.968, 26.945, 28.459, 29.109, 29.069, 29.514, 31.027, 32.369, 33.211, 34.355, 35.651, 36.181, 36.354, 37.394, 38.882, 40.064, 41.06, 41.89, 42.597, 43.26, 43.902, 44.283, 44.377, 44.055, 43.332, 42.918, 43.107, 43.726, 44.148, 44.028, 43.844, 43.741, 43.543, 43.369, 43.135, 42.813, 42.813, 42.991, 42.548, 41.679, 41.702, 42.443, 42.15, 41.409, 41.022, 41.031, 41.15, 41.325, 41.291, 41.439, 41.932, 42.117, 41.586, 40.991, 40.961, 41.143, 41.26, 41.423, 41.471, 41.21, 41.074, 41.043, 40.532, 40.365, 41.055, 41.489, 41.848, 41.992, 41.998, 42.1, 41.854, 41.677, 41.875, 41.958, 41.371, 40.735, 40.803, 40.942, 40.908, 40.953, 41.308, 41.849, 42.137, 42.014, 41.908, 42.075, 42.779, 43.211, 42.79, 41.918, 41.537, 41.414, 41.744, 42.187, 42.094, 41.794, 41.998, 42.594, 43.034, 43.099, 43.124, 43.652, 44.813, 45.269, 45.266, 45.514, 44.878, 43.625, 42.465, 42.057, 41.914, 41.648, 42.007, 42.438, 42.854, 43.194, 43.576, 43.885, 43.817, 43.58, 43.84, 44.448, 41.518], [42.42, 41.904, 40.036, 38.161, 37.98, 38.048, 37.239, 36.004, 34.708, 33.4, 31.475, 27.9, 22.423, 15.844, 12.007, 11.594, 8.932, 0.0, 10.672, 17.045, 19.836, 21.568, 23.213, 24.125, 25.342, 27.34, 28.426, 28.65, 29.237, 30.823, 32.242, 33.203, 34.477, 35.909, 36.56, 36.75, 37.737, 39.329, 40.827, 42.133, 43.113, 43.826, 44.46, 45.125, 45.551, 45.667, 45.381, 44.714, 44.343, 44.553, 45.114, 45.454, 45.332, 45.201, 45.151, 44.978, 44.816, 44.622, 44.346, 44.298, 44.356, 43.963, 43.16, 43.127, 43.837, 43.6, 42.901, 42.466, 42.427, 42.517, 42.672, 42.641, 42.782, 43.216, 43.285, 42.679, 42.146, 42.295, 42.554, 42.643, 42.805, 42.899, 42.696, 42.586, 42.558, 42.085, 41.93, 42.597, 43.012, 43.312, 43.424, 43.422, 43.508, 43.285, 43.11, 43.243, 43.278, 42.753, 42.246, 42.364, 42.517, 42.497, 42.537, 42.845, 43.307, 43.564, 43.458, 43.346, 43.469, 44.187, 44.7, 44.332, 43.398, 42.903, 42.734, 43.025, 43.398, 43.271, 42.962, 43.139, 43.685, 44.066, 44.11, 44.167, 44.699, 45.774, 46.193, 46.206, 46.45, 45.878, 44.744, 43.709, 43.387, 43.25, 42.934, 43.228, 43.577, 43.927, 44.227, 44.583, 44.903, 44.876, 44.64, 44.845, 45.383, 42.954], [44.287, 43.911, 42.411, 40.833, 40.841, 41.04, 40.418, 39.444, 38.338, 37.218, 35.751, 32.981, 28.605, 23.397, 20.214, 19.734, 18.041, 10.672, 0.0, 9.088, 15.244, 18.945, 21.661, 23.042, 24.437, 26.779, 28.345, 28.888, 29.511, 31.014, 32.514, 33.659, 35.03, 36.512, 37.248, 37.409, 38.201, 39.785, 41.584, 43.251, 44.492, 45.3, 45.905, 46.572, 47.06, 47.222, 46.999, 46.42, 46.098, 46.273, 46.759, 47.063, 46.988, 46.934, 46.94, 46.795, 46.638, 46.482, 46.273, 46.201, 46.148, 45.791, 45.075, 45.027, 45.689, 45.512, 44.904, 44.47, 44.398, 44.444, 44.559, 44.536, 44.673, 45.046, 45.062, 44.446, 43.967, 44.229, 44.525, 44.588, 44.76, 44.911, 44.788, 44.716, 44.703, 44.321, 44.215, 44.792, 45.081, 45.233, 45.305, 45.283, 45.315, 45.099, 44.922, 44.977, 44.974, 44.573, 44.245, 44.421, 44.596, 44.588, 44.592, 44.801, 45.136, 45.332, 45.235, 45.108, 45.152, 45.85, 46.461, 46.197, 45.242, 44.638, 44.407, 44.66, 44.97, 44.803, 44.482, 44.616, 45.1, 45.453, 45.533, 45.621, 46.094, 47.054, 47.466, 47.506, 47.736, 47.272, 46.278, 45.326, 45.061, 44.992, 44.7, 44.906, 45.115, 45.351, 45.584, 45.892, 46.215, 46.25, 46.038, 46.173, 46.607, 44.799], [44.974, 44.622, 43.213, 41.663, 41.642, 41.856, 41.336, 40.486, 39.455, 38.412, 37.177, 34.845, 31.121, 26.895, 24.316, 23.752, 22.504, 17.045, 9.088, 0.0, 8.682, 14.955, 18.971, 20.922, 23.029, 25.785, 27.625, 28.317, 28.977, 30.53, 32.149, 33.415, 34.822, 36.307, 37.067, 37.158, 37.769, 39.316, 41.262, 43.151, 44.624, 45.57, 46.199, 46.892, 47.445, 47.645, 47.456, 46.903, 46.559, 46.63, 47.053, 47.426, 47.418, 47.386, 47.401, 47.267, 47.115, 46.979, 46.796, 46.706, 46.59, 46.206, 45.561, 45.587, 46.232, 46.072, 45.531, 45.173, 45.141, 45.183, 45.28, 45.259, 45.391, 45.756, 45.831, 45.285, 44.829, 45.081, 45.359, 45.429, 45.604, 45.774, 45.702, 45.648, 45.619, 45.243, 45.14, 45.674, 45.895, 45.965, 46.013, 45.976, 45.981, 45.758, 45.567, 45.587, 45.591, 45.266, 45.004, 45.201, 45.371, 45.356, 45.321, 45.458, 45.624, 45.704, 45.617, 45.466, 45.357, 45.902, 46.516, 46.324, 45.416, 44.823, 44.539, 44.729, 44.989, 44.794, 44.46, 44.547, 44.974, 45.327, 45.479, 45.648, 46.14, 47.094, 47.564, 47.656, 47.885, 47.499, 46.632, 45.732, 45.43, 45.453, 45.271, 45.417, 45.517, 45.671, 45.843, 46.114, 46.444, 46.536, 46.373, 46.476, 46.836, 45.442], [44.591, 44.184, 42.674, 41.031, 40.934, 41.136, 40.644, 39.778, 38.675, 37.565, 36.341, 34.219, 30.939, 27.38, 25.283, 24.778, 23.718, 19.836, 15.244, 8.682, 0.0, 8.367, 13.942, 16.807, 19.952, 23.289, 25.352, 26.102, 26.918, 28.795, 30.664, 32.035, 33.488, 35.028, 35.82, 35.832, 36.32, 37.878, 39.906, 41.88, 43.463, 44.504, 45.188, 45.965, 46.606, 46.856, 46.714, 46.218, 45.871, 45.831, 46.147, 46.496, 46.468, 46.412, 46.417, 46.29, 46.173, 46.054, 45.867, 45.783, 45.691, 45.318, 44.74, 44.833, 45.454, 45.248, 44.731, 44.465, 44.51, 44.597, 44.716, 44.683, 44.824, 45.229, 45.329, 44.791, 44.374, 44.668, 44.961, 45.053, 45.208, 45.344, 45.273, 45.23, 45.168, 44.726, 44.595, 45.12, 45.324, 45.391, 45.463, 45.447, 45.461, 45.234, 45.047, 45.067, 45.074, 44.745, 44.46, 44.654, 44.808, 44.777, 44.707, 44.791, 44.826, 44.823, 44.749, 44.598, 44.412, 44.841, 45.415, 45.264, 44.468, 43.974, 43.651, 43.767, 44.006, 43.822, 43.483, 43.545, 43.955, 44.316, 44.495, 44.7, 45.239, 46.231, 46.739, 46.875, 47.116, 46.71, 45.876, 45.022, 44.68, 44.756, 44.714, 44.91, 45.011, 45.156, 45.325, 45.609, 45.946, 46.039, 45.892, 46.004, 46.357, 45.011], [43.593, 43.114, 41.513, 39.947, 39.95, 40.156, 39.634, 38.749, 37.597, 36.415, 35.132, 33.162, 30.386, 27.491, 25.784, 25.304, 24.415, 21.568, 18.945, 14.955, 8.367, 0.0, 6.91, 11.316, 15.405, 19.182, 21.535, 22.432, 23.513, 25.857, 28.079, 29.605, 31.139, 32.761, 33.568, 33.496, 33.958, 35.617, 37.742, 39.757, 41.393, 42.5, 43.245, 44.154, 44.946, 45.27, 45.16, 44.742, 44.453, 44.387, 44.638, 44.911, 44.78, 44.67, 44.673, 44.554, 44.454, 44.33, 44.119, 44.087, 44.136, 43.834, 43.308, 43.485, 44.088, 43.753, 43.168, 42.923, 43.006, 43.137, 43.287, 43.243, 43.402, 43.869, 43.976, 43.417, 43.011, 43.332, 43.649, 43.771, 43.906, 43.987, 43.895, 43.872, 43.816, 43.375, 43.279, 43.815, 43.969, 44.032, 44.145, 44.169, 44.205, 43.984, 43.829, 43.891, 43.905, 43.524, 43.172, 43.351, 43.514, 43.476, 43.376, 43.411, 43.429, 43.426, 43.347, 43.226, 43.105, 43.534, 44.02, 43.842, 43.195, 42.85, 42.525, 42.59, 42.861, 42.739, 42.408, 42.459, 42.888, 43.28, 43.439, 43.593, 44.124, 45.138, 45.629, 45.774, 46.039, 45.52, 44.547, 43.662, 43.298, 43.312, 43.352, 43.755, 44.009, 44.221, 44.446, 44.784, 45.115, 45.141, 44.946, 45.098, 45.552, 43.97], [43.263, 42.738, 41.06, 39.528, 39.566, 39.782, 39.28, 38.453, 37.358, 36.191, 34.892, 32.99, 30.511, 28.041, 26.586, 26.12, 25.364, 23.213, 21.661, 18.971, 13.942, 6.91, 0.0, 5.917, 11.777, 16.214, 18.827, 19.925, 21.406, 24.243, 26.697, 28.241, 29.745, 31.333, 32.084, 31.955, 32.454, 34.217, 36.4, 38.449, 40.145, 41.309, 42.079, 43.073, 44.005, 44.395, 44.28, 43.915, 43.725, 43.715, 43.929, 44.101, 43.887, 43.764, 43.767, 43.642, 43.545, 43.42, 43.208, 43.248, 43.432, 43.191, 42.688, 42.88, 43.445, 43.031, 42.386, 42.116, 42.205, 42.36, 42.525, 42.477, 42.641, 43.132, 43.244, 42.715, 42.359, 42.696, 43.021, 43.161, 43.289, 43.339, 43.233, 43.227, 43.202, 42.795, 42.697, 43.197, 43.309, 43.381, 43.53, 43.588, 43.65, 43.445, 43.324, 43.424, 43.44, 43.008, 42.595, 42.758, 42.927, 42.886, 42.777, 42.811, 42.833, 42.824, 42.748, 42.651, 42.56, 42.959, 43.337, 43.093, 42.538, 42.318, 42.025, 42.061, 42.347, 42.275, 41.963, 42.008, 42.442, 42.855, 43.007, 43.124, 43.615, 44.592, 45.04, 45.171, 45.443, 44.846, 43.782, 42.895, 42.537, 42.477, 42.54, 43.102, 43.474, 43.741, 43.998, 44.357, 44.679, 44.664, 44.447, 44.625, 45.155, 43.599], [43.065, 42.517, 40.809, 39.332, 39.429, 39.691, 39.23, 38.458, 37.442, 36.341, 35.055, 33.139, 30.723, 28.411, 27.097, 26.665, 25.968, 24.125, 23.042, 20.922, 16.807, 11.316, 5.917, 0.0, 7.6, 13.327, 16.618, 17.976, 19.754, 23.006, 25.643, 27.208, 28.699, 30.264, 31.028, 30.94, 31.507, 33.362, 35.62, 37.733, 39.507, 40.745, 41.551, 42.583, 43.588, 44.021, 43.887, 43.501, 43.369, 43.496, 43.804, 43.953, 43.705, 43.591, 43.603, 43.466, 43.348, 43.212, 43.005, 43.091, 43.347, 43.131, 42.629, 42.798, 43.343, 42.908, 42.218, 41.885, 41.94, 42.096, 42.273, 42.226, 42.387, 42.886, 43.0, 42.466, 42.087, 42.36, 42.665, 42.816, 42.947, 42.981, 42.854, 42.852, 42.858, 42.492, 42.391, 42.878, 42.982, 43.056, 43.222, 43.308, 43.395, 43.202, 43.08, 43.184, 43.198, 42.745, 42.297, 42.435, 42.594, 42.546, 42.442, 42.504, 42.573, 42.574, 42.487, 42.433, 42.453, 42.929, 43.281, 42.983, 42.424, 42.243, 41.993, 42.053, 42.357, 42.294, 41.976, 42.021, 42.478, 42.911, 43.059, 43.164, 43.627, 44.567, 45.0, 45.12, 45.371, 44.693, 43.518, 42.592, 42.236, 42.135, 42.184, 42.79, 43.191, 43.468, 43.735, 44.102, 44.428, 44.408, 44.185, 44.365, 44.92, 43.393], [42.283, 41.721, 40.115, 38.977, 39.361, 39.711, 39.251, 38.485, 37.524, 36.532, 35.311, 33.427, 31.196, 29.183, 28.006, 27.542, 26.945, 25.342, 24.437, 23.029, 19.952, 15.405, 11.777, 7.6, 0.0, 7.528, 12.604, 14.689, 16.582, 20.112, 23.0, 24.747, 26.372, 28.061, 28.966, 28.985, 29.63, 31.633, 34.071, 36.32, 38.205, 39.547, 40.436, 41.554, 42.637, 43.103, 42.944, 42.489, 42.358, 42.675, 43.24, 43.487, 43.178, 43.01, 43.04, 42.917, 42.772, 42.603, 42.391, 42.512, 42.825, 42.609, 42.128, 42.385, 42.99, 42.476, 41.675, 41.253, 41.247, 41.393, 41.585, 41.536, 41.715, 42.271, 42.389, 41.756, 41.224, 41.374, 41.665, 41.846, 41.988, 41.99, 41.811, 41.799, 41.854, 41.562, 41.508, 42.005, 42.06, 42.092, 42.261, 42.372, 42.489, 42.29, 42.128, 42.227, 42.267, 41.806, 41.339, 41.453, 41.604, 41.565, 41.477, 41.561, 41.769, 41.828, 41.694, 41.718, 42.024, 42.741, 43.126, 42.784, 42.216, 42.054, 41.846, 41.975, 42.355, 42.311, 41.959, 42.014, 42.534, 43.008, 43.124, 43.171, 43.616, 44.597, 45.054, 45.159, 45.395, 44.593, 43.128, 41.987, 41.592, 41.461, 41.499, 42.194, 42.684, 42.991, 43.288, 43.691, 44.025, 43.965, 43.691, 43.89, 44.52, 42.613], [41.346, 40.764, 39.257, 38.499, 39.188, 39.611, 39.156, 38.422, 37.523, 36.624, 35.478, 33.752, 31.938, 30.439, 29.435, 28.896, 28.459, 27.34, 26.779, 25.785, 23.289, 19.182, 16.214, 13.327, 7.528, 0.0, 6.723, 10.237, 12.723, 16.544, 19.607, 21.483, 23.225, 25.11, 26.217, 26.385, 27.231, 29.468, 32.067, 34.431, 36.439, 37.914, 38.925, 40.162, 41.326, 41.807, 41.6, 41.08, 40.952, 41.409, 42.207, 42.599, 42.274, 42.066, 42.107, 42.018, 41.897, 41.726, 41.511, 41.68, 42.055, 41.798, 41.299, 41.68, 42.357, 41.732, 40.786, 40.277, 40.226, 40.366, 40.571, 40.523, 40.727, 41.345, 41.47, 40.734, 40.031, 40.056, 40.327, 40.529, 40.676, 40.647, 40.413, 40.389, 40.486, 40.258, 40.313, 40.882, 40.908, 40.919, 41.096, 41.234, 41.394, 41.197, 41.011, 41.128, 41.21, 40.738, 40.186, 40.27, 40.456, 40.45, 40.376, 40.486, 40.784, 40.876, 40.702, 40.787, 41.304, 42.169, 42.534, 42.141, 41.589, 41.454, 41.261, 41.43, 41.879, 41.859, 41.468, 41.509, 42.076, 42.592, 42.684, 42.673, 43.097, 44.141, 44.636, 44.733, 44.971, 44.093, 42.43, 41.12, 40.667, 40.501, 40.542, 41.329, 41.955, 42.322, 42.664, 43.106, 43.434, 43.308, 42.973, 43.195, 43.902, 41.652], [40.788, 40.189, 38.623, 37.883, 38.624, 39.077, 38.643, 37.947, 37.087, 36.21, 35.084, 33.485, 31.977, 30.836, 29.986, 29.434, 29.109, 28.426, 28.345, 27.625, 25.352, 21.535, 18.827, 16.618, 12.604, 6.723, 0.0, 5.007, 9.528, 14.327, 17.471, 19.29, 21.043, 23.064, 24.302, 24.616, 25.757, 28.215, 30.84, 33.204, 35.286, 36.881, 37.991, 39.296, 40.492, 40.956, 40.684, 40.122, 39.994, 40.449, 41.272, 41.744, 41.521, 41.383, 41.418, 41.321, 41.238, 41.086, 40.862, 41.05, 41.45, 41.116, 40.507, 40.868, 41.56, 40.907, 39.933, 39.417, 39.369, 39.515, 39.727, 39.689, 39.909, 40.56, 40.725, 40.004, 39.309, 39.337, 39.601, 39.793, 39.926, 39.883, 39.632, 39.605, 39.703, 39.456, 39.539, 40.171, 40.262, 40.326, 40.515, 40.647, 40.79, 40.554, 40.361, 40.487, 40.566, 40.073, 39.475, 39.564, 39.793, 39.812, 39.74, 39.84, 40.109, 40.18, 40.005, 40.097, 40.596, 41.407, 41.723, 41.328, 40.809, 40.684, 40.48, 40.641, 41.095, 41.076, 40.671, 40.711, 41.307, 41.845, 41.93, 41.891, 42.29, 43.35, 43.861, 43.962, 44.198, 43.325, 41.719, 40.431, 39.937, 39.75, 39.848, 40.748, 41.503, 41.924, 42.293, 42.752, 43.056, 42.883, 42.521, 42.756, 43.492, 41.075], [40.305, 39.702, 38.109, 37.377, 38.14, 38.588, 38.114, 37.405, 36.585, 35.734, 34.584, 33.006, 31.633, 30.659, 29.885, 29.333, 29.069, 28.65, 28.888, 28.317, 26.102, 22.432, 19.925, 17.976, 14.689, 10.237, 5.007, 0.0, 6.202, 12.247, 15.908, 18.008, 20.041, 22.276, 23.585, 23.912, 25.09, 27.548, 30.132, 32.464, 34.562, 36.197, 37.339, 38.684, 39.91, 40.364, 40.07, 39.491, 39.337, 39.758, 40.604, 41.142, 40.987, 40.909, 40.964, 40.832, 40.707, 40.518, 40.256, 40.427, 40.815, 40.441, 39.809, 40.196, 40.916, 40.246, 39.267, 38.779, 38.768, 38.936, 39.155, 39.124, 39.348, 40.018, 40.26, 39.59, 38.907, 38.94, 39.197, 39.382, 39.505, 39.46, 39.208, 39.168, 39.251, 38.993, 39.09, 39.746, 39.882, 39.988, 40.182, 40.297, 40.394, 40.095, 39.878, 40.002, 40.073, 39.566, 38.949, 39.037, 39.282, 39.312, 39.23, 39.308, 39.556, 39.624, 39.448, 39.525, 39.995, 40.795, 41.13, 40.757, 40.23, 40.1, 39.913, 40.096, 40.548, 40.523, 40.15, 40.246, 40.893, 41.457, 41.546, 41.489, 41.878, 42.93, 43.42, 43.508, 43.752, 42.874, 41.278, 39.989, 39.467, 39.257, 39.379, 40.355, 41.188, 41.648, 42.041, 42.517, 42.81, 42.614, 42.244, 42.495, 43.252, 40.592], [39.151, 38.543, 37.168, 37.022, 38.181, 38.646, 38.074, 37.342, 36.607, 35.866, 34.723, 33.134, 31.893, 31.107, 30.353, 29.724, 29.514, 29.237, 29.511, 28.977, 26.918, 23.513, 21.406, 19.754, 16.582, 12.723, 9.528, 6.202, 0.0, 7.084, 12.083, 15.319, 18.153, 20.853, 22.333, 22.704, 23.879, 26.28, 28.816, 31.151, 33.306, 34.996, 36.201, 37.621, 38.877, 39.346, 39.068, 38.442, 38.223, 38.743, 39.881, 40.656, 40.496, 40.354, 40.454, 40.323, 40.093, 39.819, 39.52, 39.697, 40.086, 39.683, 39.141, 39.781, 40.647, 39.888, 38.754, 38.166, 38.116, 38.29, 38.528, 38.499, 38.722, 39.455, 39.763, 38.956, 37.939, 37.728, 37.945, 38.153, 38.292, 38.26, 37.993, 37.928, 38.05, 37.959, 38.292, 39.034, 39.109, 39.152, 39.323, 39.45, 39.559, 39.223, 38.945, 39.077, 39.213, 38.724, 38.042, 38.072, 38.315, 38.348, 38.261, 38.4, 38.814, 38.967, 38.73, 38.852, 39.596, 40.667, 41.1, 40.665, 39.997, 39.774, 39.593, 39.862, 40.392, 40.379, 40.021, 40.199, 40.952, 41.577, 41.652, 41.564, 41.977, 43.058, 43.519, 43.57, 43.824, 42.84, 40.929, 39.405, 38.824, 38.534, 38.548, 39.456, 40.286, 40.779, 41.237, 41.779, 42.095, 41.875, 41.466, 41.751, 42.588, 39.449], [38.134, 37.534, 36.471, 37.064, 38.751, 39.306, 38.697, 37.987, 37.34, 36.705, 35.618, 34.086, 33.027, 32.509, 31.869, 31.197, 31.027, 30.823, 31.014, 30.53, 28.795, 25.857, 24.243, 23.006, 20.112, 16.544, 14.327, 12.247, 7.084, 0.0, 6.424, 11.43, 15.494, 18.834, 20.651, 21.34, 22.799, 25.249, 27.719, 30.024, 32.204, 33.957, 35.252, 36.726, 37.96, 38.41, 38.115, 37.412, 37.143, 37.863, 39.394, 40.466, 40.307, 40.06, 40.191, 40.105, 39.819, 39.495, 39.193, 39.405, 39.795, 39.345, 38.876, 39.786, 40.826, 40.0, 38.694, 37.934, 37.775, 37.92, 38.176, 38.157, 38.387, 39.192, 39.539, 38.507, 37.009, 36.438, 36.6, 36.84, 36.998, 36.987, 36.716, 36.636, 36.826, 36.976, 37.62, 38.448, 38.399, 38.324, 38.458, 38.607, 38.751, 38.398, 38.073, 38.228, 38.444, 37.986, 37.243, 37.212, 37.449, 37.485, 37.43, 37.695, 38.341, 38.585, 38.274, 38.488, 39.593, 40.974, 41.487, 40.971, 40.17, 39.842, 39.647, 40.004, 40.632, 40.624, 40.235, 40.455, 41.304, 41.99, 42.048, 41.924, 42.361, 43.488, 43.95, 43.975, 44.225, 43.116, 40.858, 39.066, 38.427, 38.04, 37.878, 38.619, 39.373, 39.871, 40.392, 40.994, 41.331, 41.088, 40.628, 40.928, 41.827, 38.434], [38.12, 37.54, 36.558, 37.347, 39.261, 39.939, 39.398, 38.739, 38.149, 37.57, 36.544, 35.084, 34.091, 33.683, 33.173, 32.538, 32.369, 32.242, 32.514, 32.149, 30.664, 28.079, 26.697, 25.643, 23.0, 19.607, 17.471, 15.908, 12.083, 6.424, 0.0, 6.349, 11.929, 16.141, 18.45, 19.726, 21.743, 24.485, 27.105, 29.525, 31.757, 33.566, 34.925, 36.407, 37.596, 38.005, 37.662, 36.91, 36.684, 37.572, 39.279, 40.491, 40.373, 40.094, 40.237, 40.223, 39.999, 39.713, 39.443, 39.68, 40.044, 39.539, 39.068, 40.066, 41.175, 40.357, 39.021, 38.186, 37.961, 38.088, 38.343, 38.317, 38.539, 39.348, 39.684, 38.555, 36.899, 36.228, 36.386, 36.631, 36.787, 36.773, 36.512, 36.457, 36.672, 36.869, 37.536, 38.336, 38.243, 38.143, 38.272, 38.415, 38.563, 38.229, 37.936, 38.114, 38.347, 37.893, 37.117, 37.059, 37.297, 37.342, 37.326, 37.657, 38.361, 38.609, 38.273, 38.53, 39.736, 41.165, 41.66, 41.139, 40.386, 40.099, 39.936, 40.339, 40.991, 40.953, 40.517, 40.716, 41.565, 42.251, 42.302, 42.175, 42.628, 43.789, 44.267, 44.289, 44.526, 43.375, 41.062, 39.259, 38.623, 38.187, 37.967, 38.645, 39.362, 39.853, 40.389, 40.988, 41.307, 41.043, 40.57, 40.857, 41.743, 38.405], [38.656, 38.101, 37.047, 37.671, 39.554, 40.326, 39.904, 39.3, 38.715, 38.159, 37.229, 35.857, 34.855, 34.429, 33.972, 33.378, 33.211, 33.203, 33.659, 33.415, 32.035, 29.605, 28.241, 27.208, 24.747, 21.483, 19.29, 18.008, 15.319, 11.43, 6.349, 0.0, 6.794, 12.233, 15.3, 17.146, 19.715, 22.933, 25.964, 28.705, 31.134, 33.056, 34.471, 35.983, 37.214, 37.651, 37.282, 36.523, 36.4, 37.382, 39.059, 40.266, 40.218, 39.994, 40.157, 40.205, 40.094, 39.91, 39.724, 40.013, 40.39, 39.872, 39.336, 40.23, 41.292, 40.514, 39.235, 38.404, 38.168, 38.298, 38.543, 38.492, 38.683, 39.441, 39.729, 38.629, 37.133, 36.642, 36.857, 37.092, 37.242, 37.217, 36.981, 36.979, 37.186, 37.244, 37.667, 38.354, 38.333, 38.324, 38.464, 38.568, 38.698, 38.412, 38.201, 38.401, 38.604, 38.12, 37.321, 37.27, 37.53, 37.595, 37.602, 37.902, 38.501, 38.691, 38.376, 38.621, 39.722, 41.027, 41.45, 40.982, 40.41, 40.306, 40.244, 40.677, 41.313, 41.238, 40.754, 40.879, 41.633, 42.262, 42.317, 42.22, 42.698, 43.873, 44.35, 44.361, 44.585, 43.484, 41.326, 39.65, 39.033, 38.611, 38.456, 39.177, 39.91, 40.396, 40.908, 41.465, 41.746, 41.468, 41.005, 41.276, 42.135, 38.913], [39.227, 38.695, 37.609, 38.087, 39.841, 40.632, 40.327, 39.814, 39.227, 38.682, 37.901, 36.714, 35.813, 35.451, 35.051, 34.483, 34.355, 34.477, 35.03, 34.822, 33.488, 31.139, 29.745, 28.699, 26.372, 23.225, 21.043, 20.041, 18.153, 15.494, 11.929, 6.794, 0.0, 6.554, 10.874, 13.578, 16.829, 20.654, 24.19, 27.317, 30.038, 32.143, 33.641, 35.259, 36.662, 37.201, 36.83, 36.086, 36.076, 37.102, 38.692, 39.89, 39.935, 39.781, 39.957, 40.045, 40.025, 39.962, 39.919, 40.326, 40.771, 40.247, 39.585, 40.273, 41.238, 40.513, 39.296, 38.474, 38.228, 38.359, 38.594, 38.523, 38.683, 39.39, 39.643, 38.615, 37.337, 37.062, 37.332, 37.553, 37.706, 37.686, 37.485, 37.523, 37.712, 37.626, 37.796, 38.369, 38.438, 38.514, 38.647, 38.704, 38.812, 38.573, 38.448, 38.671, 38.835, 38.315, 37.512, 37.488, 37.772, 37.857, 37.856, 38.064, 38.531, 38.664, 38.372, 38.605, 39.629, 40.846, 41.2, 40.771, 40.397, 40.534, 40.621, 41.1, 41.723, 41.628, 41.114, 41.165, 41.819, 42.386, 42.433, 42.347, 42.819, 43.962, 44.411, 44.403, 44.617, 43.592, 41.607, 40.03, 39.423, 39.035, 38.929, 39.658, 40.392, 40.87, 41.346, 41.847, 42.095, 41.819, 41.373, 41.638, 42.473, 39.454], [39.723, 39.213, 38.145, 38.563, 40.206, 40.97, 40.731, 40.303, 39.758, 39.237, 38.564, 37.55, 36.795, 36.564, 36.267, 35.73, 35.651, 35.909, 36.512, 36.307, 35.028, 32.761, 31.333, 30.264, 28.061, 25.11, 23.064, 22.276, 20.853, 18.834, 16.141, 12.233, 6.554, 0.0, 5.575, 9.968, 14.417, 18.792, 22.615, 25.991, 28.963, 31.257, 32.834, 34.538, 36.101, 36.737, 36.389, 35.701, 35.798, 36.838, 38.353, 39.571, 39.694, 39.571, 39.738, 39.848, 39.893, 39.932, 40.041, 40.612, 41.144, 40.583, 39.793, 40.332, 41.238, 40.575, 39.421, 38.605, 38.348, 38.482, 38.717, 38.649, 38.802, 39.484, 39.729, 38.759, 37.61, 37.453, 37.751, 37.96, 38.111, 38.088, 37.889, 37.93, 38.102, 37.937, 37.937, 38.408, 38.505, 38.621, 38.747, 38.776, 38.854, 38.631, 38.571, 38.816, 38.949, 38.416, 37.638, 37.639, 37.927, 38.018, 38.001, 38.124, 38.524, 38.648, 38.367, 38.595, 39.616, 40.827, 41.154, 40.748, 40.531, 40.865, 41.063, 41.571, 42.183, 42.078, 41.553, 41.572, 42.184, 42.728, 42.766, 42.662, 43.093, 44.181, 44.605, 44.593, 44.796, 43.802, 41.916, 40.41, 39.812, 39.434, 39.354, 40.084, 40.812, 41.279, 41.731, 42.185, 42.406, 42.144, 41.725, 41.991, 42.807, 39.934], [39.931, 39.428, 38.358, 38.742, 40.331, 41.069, 40.84, 40.444, 39.957, 39.5, 38.858, 37.848, 37.113, 36.952, 36.737, 36.222, 36.181, 36.56, 37.248, 37.067, 35.82, 33.568, 32.084, 31.028, 28.966, 26.217, 24.302, 23.585, 22.333, 20.651, 18.45, 15.3, 10.874, 5.575, 0.0, 5.984, 12.099, 17.26, 21.26, 24.698, 27.792, 30.229, 31.878, 33.623, 35.269, 35.968, 35.672, 35.075, 35.268, 36.292, 37.713, 38.901, 39.056, 38.962, 39.126, 39.258, 39.373, 39.509, 39.734, 40.454, 41.112, 40.554, 39.688, 40.161, 41.043, 40.428, 39.342, 38.545, 38.282, 38.424, 38.672, 38.608, 38.756, 39.424, 39.667, 38.756, 37.706, 37.622, 37.943, 38.156, 38.299, 38.258, 38.038, 38.073, 38.251, 38.052, 37.939, 38.321, 38.406, 38.539, 38.664, 38.674, 38.723, 38.5, 38.493, 38.776, 38.89, 38.338, 37.593, 37.629, 37.918, 38.006, 37.991, 38.08, 38.443, 38.577, 38.313, 38.507, 39.5, 40.711, 41.029, 40.616, 40.467, 40.902, 41.144, 41.644, 42.241, 42.137, 41