[[0.0, 6.29, 14.268, 19.401, 22.404, 24.621, 25.914, 28.277, 32.486, 37.329, 40.464, 40.509, 39.893, 40.078, 40.67, 41.2, 41.54, 41.935, 42.303, 42.151, 41.502, 41.327, 41.463, 41.521, 41.719, 41.675, 41.612, 41.967, 42.461, 42.731, 42.563, 41.999, 42.002, 42.752, 42.707, 43.01, 44.579, 44.968, 44.6, 44.912, 45.71, 46.292, 46.571, 46.675, 46.252, 45.03, 43.11, 41.739, 41.327, 39.932, 37.392, 36.441, 38.179, 42.515, 47.218, 49.392, 49.197, 48.28, 47.962, 48.789, 50.054, 50.634, 50.476, 51.0, 51.373, 49.656, 47.071, 45.536, 45.076, 45.392, 45.579, 45.348, 45.342, 45.611, 45.713, 45.479, 45.233, 44.789, 43.365, 40.818, 38.526, 37.711, 38.428, 39.082, 37.839, 36.139, 36.21, 36.854, 36.468, 37.032, 38.237, 38.2, 37.498, 37.285, 37.547, 37.269, 36.889, 37.132, 37.557, 37.725, 37.926, 38.471, 38.955, 38.587, 37.989, 38.123, 38.669, 38.485, 37.29, 35.848, 35.163, 35.125, 34.662, 33.885, 33.689, 33.481, 33.185, 33.342, 33.772, 34.5, 34.956, 34.802, 34.286, 34.14, 34.381, 34.396, 34.299, 34.421, 34.56, 34.332, 33.895, 33.738, 34.09, 34.882, 35.251, 34.878, 34.531, 34.524, 34.387, 34.365, 34.488, 34.697, 34.76, 34.218, 33.688, 34.068, 34.268, 34.153, 34.574, 34.755, 34.392, 34.092, 33.989, 33.87, 33.759, 33.844, 34.167, 34.536, 34.925, 35.287, 35.417, 35.038, 34.628, 34.252, 34.077, 34.04, 33.685, 32.987, 32.49, 32.154, 31.819, 32.103, 32.824, 33.282, 33.351, 33.34, 33.391, 33.637, 33.827, 33.7, 33.836, 34.02, 34.052, 34.242, 35.315, 37.241, 39.176, 40.267, 41.003, 42.27, 43.698, 44.675, 45.274, 45.758, 45.544, 45.014, 44.866, 44.293, 43.5, 43.198, 43.302, 42.923, 41.537, 40.839, 41.304, 3.347], [6.29, 0.0, 9.224, 15.865, 19.786, 22.35, 23.809, 26.593, 31.436, 36.774, 40.112, 40.185, 39.573, 39.787, 40.409, 40.961, 41.305, 41.706, 42.096, 41.954, 41.284, 41.101, 41.232, 41.285, 41.502, 41.454, 41.392, 41.792, 42.348, 42.642, 42.46, 41.872, 41.888, 42.687, 42.625, 42.922, 44.536, 44.917, 44.541, 44.896, 45.735, 46.331, 46.625, 46.738, 46.297, 45.035, 43.071, 41.676, 41.24, 39.709, 36.931, 35.89, 37.752, 42.318, 47.258, 49.549, 49.361, 48.405, 48.078, 48.97, 50.332, 50.957, 50.791, 51.313, 51.68, 49.899, 47.224, 45.64, 45.157, 45.48, 45.671, 45.41, 45.394, 45.717, 45.865, 45.63, 45.381, 44.937, 43.46, 40.787, 38.358, 37.476, 38.208, 38.885, 37.573, 35.762, 35.841, 36.516, 36.063, 36.653, 37.93, 37.835, 37.02, 36.814, 37.126, 36.849, 36.471, 36.749, 37.192, 37.307, 37.481, 38.074, 38.598, 38.19, 37.526, 37.626, 38.175, 37.977, 36.725, 35.192, 34.459, 34.452, 33.984, 33.133, 32.947, 32.756, 32.406, 32.566, 33.066, 33.865, 34.337, 34.152, 33.57, 33.39, 33.647, 33.664, 33.532, 33.631, 33.791, 33.55, 33.07, 32.874, 33.23, 34.08, 34.487, 34.096, 33.72, 33.724, 33.608, 33.592, 33.736, 33.973, 34.018, 33.431, 32.894, 33.284, 33.462, 33.343, 33.832, 34.055, 33.677, 33.366, 33.264, 33.149, 33.022, 33.124, 33.539, 33.995, 34.41, 34.795, 34.986, 34.597, 34.122, 33.666, 33.435, 33.406, 33.026, 32.232, 31.68, 31.333, 30.953, 31.236, 32.018, 32.523, 32.591, 32.548, 32.566, 32.843, 33.024, 32.878, 33.076, 33.339, 33.385, 33.581, 34.775, 36.87, 38.906, 40.037, 40.817, 42.153, 43.656, 44.71, 45.377, 45.905, 45.691, 45.153, 45.014, 44.435, 43.617, 43.309, 43.421, 42.989, 41.451, 40.624, 41.092, 8.324], [14.268, 9.224, 0.0, 8.707, 14.7, 18.138, 19.771, 23.279, 29.253, 35.404, 39.106, 39.318, 38.783, 39.077, 39.77, 40.372, 40.734, 41.158, 41.605, 41.51, 40.836, 40.641, 40.766, 40.854, 41.179, 41.192, 41.147, 41.609, 42.285, 42.698, 42.584, 42.02, 42.066, 42.91, 42.894, 43.35, 45.07, 45.419, 45.034, 45.438, 46.293, 46.885, 47.203, 47.331, 46.86, 45.55, 43.564, 42.167, 41.66, 39.9, 36.801, 35.672, 37.624, 42.305, 47.391, 49.782, 49.62, 48.649, 48.293, 49.203, 50.608, 51.243, 51.091, 51.667, 52.058, 50.249, 47.55, 45.946, 45.424, 45.74, 45.932, 45.644, 45.625, 46.014, 46.211, 45.962, 45.702, 45.252, 43.739, 40.97, 38.415, 37.477, 38.233, 38.929, 37.557, 35.661, 35.782, 36.498, 35.942, 36.503, 37.847, 37.688, 36.722, 36.481, 36.856, 36.628, 36.281, 36.573, 37.001, 37.039, 37.175, 37.839, 38.428, 37.997, 37.268, 37.323, 37.873, 37.672, 36.36, 34.738, 34.013, 34.104, 33.657, 32.714, 32.531, 32.378, 31.967, 32.08, 32.599, 33.419, 33.9, 33.701, 33.049, 32.826, 33.094, 33.131, 32.966, 32.972, 33.107, 32.866, 32.373, 32.15, 32.495, 33.407, 33.858, 33.446, 33.04, 33.071, 32.98, 32.981, 33.188, 33.463, 33.476, 32.841, 32.31, 32.728, 32.906, 32.803, 33.356, 33.621, 33.232, 32.906, 32.801, 32.687, 32.533, 32.638, 33.095, 33.579, 33.995, 34.408, 34.656, 34.267, 33.767, 33.305, 33.078, 33.074, 32.681, 31.797, 31.173, 30.802, 30.364, 30.623, 31.452, 31.995, 32.042, 31.955, 31.919, 32.206, 32.361, 32.228, 32.495, 32.83, 32.88, 33.097, 34.426, 36.672, 38.784, 39.961, 40.804, 42.205, 43.74, 44.831, 45.548, 46.111, 45.893, 45.348, 45.214, 44.614, 43.759, 43.433, 43.54, 43.055, 41.393, 40.446, 40.891, 15.322], [19.401, 15.865, 8.707, 0.0, 7.966, 13.092, 14.95, 18.831, 26.109, 33.338, 37.593, 38.062, 37.677, 38.078, 38.849, 39.529, 39.946, 40.405, 40.908, 40.905, 40.304, 40.129, 40.283, 40.475, 40.936, 41.027, 41.007, 41.51, 42.288, 42.824, 42.802, 42.273, 42.297, 43.132, 43.224, 43.862, 45.616, 45.94, 45.563, 45.956, 46.76, 47.321, 47.64, 47.763, 47.267, 45.943, 43.999, 42.608, 42.012, 40.148, 37.004, 35.878, 37.622, 41.937, 46.865, 49.253, 49.145, 48.239, 47.879, 48.756, 50.155, 50.802, 50.657, 51.261, 51.68, 49.909, 47.296, 45.754, 45.225, 45.517, 45.712, 45.43, 45.404, 45.8, 46.011, 45.764, 45.49, 45.031, 43.573, 40.933, 38.514, 37.663, 38.433, 39.116, 37.764, 35.896, 36.036, 36.758, 36.174, 36.68, 38.003, 37.815, 36.803, 36.542, 36.925, 36.75, 36.443, 36.715, 37.14, 37.196, 37.363, 38.073, 38.686, 38.266, 37.548, 37.591, 38.124, 37.939, 36.648, 35.021, 34.308, 34.472, 34.074, 33.117, 32.953, 32.847, 32.427, 32.459, 32.877, 33.594, 34.093, 33.96, 33.33, 33.101, 33.375, 33.439, 33.272, 33.227, 33.329, 33.089, 32.638, 32.463, 32.795, 33.664, 34.086, 33.674, 33.297, 33.36, 33.261, 33.251, 33.506, 33.805, 33.776, 33.122, 32.683, 33.216, 33.434, 33.335, 33.872, 34.123, 33.723, 33.367, 33.23, 33.102, 32.945, 33.044, 33.439, 33.84, 34.205, 34.617, 34.862, 34.517, 34.064, 33.667, 33.498, 33.511, 33.13, 32.274, 31.658, 31.289, 30.877, 31.136, 31.953, 32.5, 32.538, 32.385, 32.273, 32.564, 32.726, 32.562, 32.755, 33.103, 33.161, 33.345, 34.601, 36.742, 38.772, 39.937, 40.795, 42.167, 43.633, 44.678, 45.375, 45.921, 45.696, 45.151, 45.018, 44.41, 43.545, 43.212, 43.312, 42.852, 41.262, 40.319, 40.718, 20.07], [22.404, 19.786, 14.7, 7.966, 0.0, 6.858, 10.132, 14.424, 22.497, 30.772, 35.687, 36.427, 36.212, 36.774, 37.682, 38.483, 38.975, 39.487, 40.064, 40.169, 39.67, 39.555, 39.765, 40.052, 40.62, 40.806, 40.84, 41.369, 42.22, 42.88, 42.96, 42.498, 42.525, 43.358, 43.511, 44.205, 45.922, 46.254, 45.907, 46.262, 46.987, 47.509, 47.818, 47.929, 47.423, 46.117, 44.234, 42.868, 42.225, 40.387, 37.368, 36.249, 37.713, 41.626, 46.296, 48.572, 48.472, 47.621, 47.264, 48.106, 49.482, 50.147, 50.012, 50.607, 51.028, 49.307, 46.798, 45.327, 44.791, 45.062, 45.268, 44.991, 44.93, 45.291, 45.498, 45.26, 44.966, 44.486, 43.098, 40.651, 38.466, 37.756, 38.53, 39.193, 37.904, 36.118, 36.27, 36.994, 36.418, 36.831, 38.091, 37.908, 36.928, 36.724, 37.129, 37.001, 36.736, 36.992, 37.415, 37.5, 37.719, 38.487, 39.119, 38.731, 38.042, 38.075, 38.592, 38.442, 37.229, 35.672, 34.952, 35.094, 34.72, 33.802, 33.642, 33.555, 33.149, 33.098, 33.352, 33.92, 34.466, 34.434, 33.855, 33.607, 33.865, 33.975, 33.844, 33.79, 33.869, 33.638, 33.237, 33.122, 33.464, 34.278, 34.661, 34.276, 33.964, 34.067, 33.982, 33.995, 34.278, 34.57, 34.528, 33.923, 33.602, 34.197, 34.428, 34.325, 34.798, 35.003, 34.598, 34.215, 34.017, 33.84, 33.683, 33.767, 34.089, 34.427, 34.769, 35.153, 35.344, 35.036, 34.619, 34.265, 34.137, 34.163, 33.819, 33.044, 32.469, 32.134, 31.81, 32.075, 32.834, 33.369, 33.435, 33.236, 33.087, 33.455, 33.647, 33.386, 33.474, 33.857, 33.927, 34.039, 35.133, 37.074, 38.949, 40.054, 40.878, 42.179, 43.572, 44.562, 45.215, 45.714, 45.47, 44.934, 44.822, 44.251, 43.416, 43.099, 43.204, 42.794, 41.306, 40.384, 40.758, 22.941], [24.621, 22.35, 18.138, 13.092, 6.858, 0.0, 5.878, 12.293, 20.409, 28.84, 34.089, 35.004, 34.932, 35.664, 36.731, 37.624, 38.155, 38.732, 39.404, 39.592, 39.159, 39.101, 39.366, 39.712, 40.346, 40.61, 40.707, 41.269, 42.167, 42.898, 43.051, 42.663, 42.734, 43.576, 43.757, 44.515, 46.243, 46.573, 46.227, 46.558, 47.239, 47.74, 48.052, 48.161, 47.663, 46.384, 44.527, 43.153, 42.484, 40.684, 37.755, 36.62, 37.963, 41.779, 46.342, 48.505, 48.368, 47.524, 47.149, 47.953, 49.295, 49.945, 49.818, 50.425, 50.857, 49.171, 46.719, 45.276, 44.727, 44.981, 45.19, 44.904, 44.809, 45.147, 45.354, 45.121, 44.82, 44.334, 42.974, 40.622, 38.576, 37.98, 38.784, 39.444, 38.192, 36.449, 36.603, 37.325, 36.709, 37.0, 38.203, 38.009, 36.998, 36.806, 37.228, 37.135, 36.896, 37.132, 37.525, 37.599, 37.849, 38.679, 39.354, 39.012, 38.357, 38.381, 38.88, 38.75, 37.602, 36.114, 35.4, 35.519, 35.136, 34.202, 34.002, 33.923, 33.527, 33.453, 33.653, 34.122, 34.655, 34.662, 34.126, 33.877, 34.12, 34.246, 34.131, 34.061, 34.118, 33.887, 33.511, 33.429, 33.798, 34.618, 34.998, 34.625, 34.346, 34.469, 34.4, 34.468, 34.798, 35.079, 35.022, 34.464, 34.231, 34.831, 35.032, 34.929, 35.368, 35.554, 35.163, 34.781, 34.547, 34.328, 34.142, 34.208, 34.504, 34.835, 35.188, 35.552, 35.691, 35.399, 35.005, 34.658, 34.537, 34.561, 34.226, 33.484, 32.931, 32.631, 32.364, 32.629, 33.347, 33.862, 33.936, 33.718, 33.562, 33.992, 34.21, 33.93, 34.006, 34.423, 34.51, 34.619, 35.663, 37.508, 39.291, 40.357, 41.156, 42.412, 43.759, 44.704, 45.31, 45.762, 45.494, 44.965, 44.875, 44.34, 43.525, 43.2, 43.312, 42.929, 41.457, 40.515, 40.857, 25.094], [25.914, 23.809, 19.771, 14.95, 10.132, 5.878, 0.0, 9.07, 18.91, 27.802, 33.158, 34.124, 34.144, 34.99, 36.159, 37.118, 37.672, 38.274, 38.992, 39.247, 38.862, 38.823, 39.124, 39.549, 40.252, 40.543, 40.654, 41.243, 42.176, 42.927, 43.087, 42.709, 42.795, 43.653, 43.885, 44.659, 46.349, 46.653, 46.303, 46.635, 47.304, 47.792, 48.103, 48.209, 47.702, 46.417, 44.558, 43.167, 42.478, 40.692, 37.807, 36.687, 37.97, 41.723, 46.306, 48.498, 48.366, 47.52, 47.139, 47.926, 49.249, 49.894, 49.748, 50.336, 50.773, 49.106, 46.683, 45.261, 44.711, 44.961, 45.177, 44.905, 44.815, 45.152, 45.361, 45.134, 44.839, 44.371, 43.049, 40.747, 38.753, 38.2, 39.023, 39.686, 38.447, 36.71, 36.845, 37.554, 36.944, 37.239, 38.419, 38.183, 37.106, 36.876, 37.301, 37.226, 36.991, 37.212, 37.597, 37.667, 37.886, 38.687, 39.357, 39.031, 38.397, 38.43, 38.929, 38.801, 37.665, 36.188, 35.468, 35.582, 35.194, 34.28, 34.102, 34.038, 33.662, 33.575, 33.729, 34.178, 34.719, 34.747, 34.217, 33.964, 34.209, 34.335, 34.225, 34.194, 34.294, 34.067, 33.699, 33.636, 34.004, 34.804, 35.177, 34.807, 34.526, 34.649, 34.576, 34.634, 34.975, 35.268, 35.207, 34.642, 34.437, 35.082, 35.268, 35.155, 35.596, 35.781, 35.393, 35.002, 34.737, 34.484, 34.279, 34.329, 34.615, 34.952, 35.313, 35.67, 35.808, 35.534, 35.153, 34.829, 34.739, 34.762, 34.4, 33.691, 33.187, 32.889, 32.621, 32.907, 33.637, 34.145, 34.2, 33.951, 33.758, 34.2, 34.43, 34.116, 34.186, 34.621, 34.702, 34.797, 35.812, 37.623, 39.385, 40.444, 41.248, 42.508, 43.853, 44.794, 45.388, 45.82, 45.541, 45.023, 44.936, 44.395, 43.567, 43.226, 43.339, 42.97, 41.496, 40.536, 40.866, 26.355], [28.277, 26.593, 23.279, 18.831, 14.424, 12.293, 9.07, 0.0, 12.819, 24.369, 30.931, 32.184, 32.249, 33.207, 34.578, 35.765, 36.443, 37.068, 37.814, 38.144, 37.781, 37.728, 38.146, 38.814, 39.735, 40.149, 40.299, 40.906, 41.948, 42.903, 43.231, 42.903, 42.983, 43.943, 44.377, 45.191, 46.732, 47.006, 46.712, 47.034, 47.631, 48.071, 48.364, 48.446, 47.904, 46.613, 44.815, 43.491, 42.808, 41.091, 38.382, 37.28, 38.249, 41.499, 45.679, 47.75, 47.643, 46.874, 46.524, 47.266, 48.541, 49.202, 49.041, 49.579, 50.009, 48.406, 46.112, 44.781, 44.237, 44.471, 44.714, 44.492, 44.401, 44.695, 44.89, 44.671, 44.35, 43.864, 42.638, 40.591, 38.916, 38.537, 39.349, 39.999, 38.878, 37.273, 37.389, 38.082, 37.544, 37.815, 38.915, 38.669, 37.6, 37.358, 37.779, 37.728, 37.519, 37.733, 38.16, 38.358, 38.628, 39.371, 39.977, 39.642, 39.032, 39.075, 39.565, 39.447, 38.336, 36.912, 36.186, 36.214, 35.841, 35.087, 35.012, 34.972, 34.646, 34.518, 34.511, 34.852, 35.443, 35.559, 35.11, 34.829, 35.039, 35.203, 35.139, 35.141, 35.277, 35.078, 34.739, 34.703, 35.015, 35.689, 36.021, 35.69, 35.447, 35.594, 35.522, 35.548, 35.848, 36.107, 36.045, 35.51, 35.374, 36.128, 36.367, 36.252, 36.64, 36.785, 36.417, 36.027, 35.69, 35.363, 35.172, 35.208, 35.405, 35.654, 35.942, 36.278, 36.46, 36.262, 35.954, 35.725, 35.706, 35.773, 35.483, 34.856, 34.387, 34.113, 33.886, 34.14, 34.792, 35.279, 35.357, 35.047, 34.713, 35.143, 35.381, 34.879, 34.804, 35.347, 35.495, 35.455, 36.202, 37.788, 39.435, 40.455, 41.227, 42.449, 43.775, 44.713, 45.29, 45.662, 45.332, 44.815, 44.75, 44.23, 43.447, 43.143, 43.256, 42.933, 41.553, 40.577, 40.902, 28.633], [32.486, 31.436, 29.253, 26.109, 22.497, 20.409, 18.91, 12.819, 0.0, 15.018, 24.733, 27.242, 27.474, 28.561, 30.398, 32.073, 32.991, 33.742, 34.672, 35.229, 34.95, 34.881, 35.553, 36.802, 38.224, 38.941, 39.232, 39.905, 41.149, 42.544, 43.32, 43.192, 43.242, 44.351, 45.157, 46.164, 47.59, 47.833, 47.602, 47.92, 48.435, 48.812, 49.091, 49.155, 48.58, 47.309, 45.686, 44.544, 43.897, 42.343, 40.032, 39.072, 39.708, 42.164, 45.45, 47.117, 46.959, 46.271, 45.905, 46.474, 47.546, 48.16, 47.989, 48.54, 49.016, 47.551, 45.509, 44.376, 43.875, 44.082, 44.335, 44.123, 43.972, 44.198, 44.387, 44.151, 43.809, 43.338, 42.259, 40.622, 39.544, 39.555, 40.415, 41.043, 40.087, 38.67, 38.728, 39.357, 38.875, 39.01, 39.969, 39.767, 38.787, 38.603, 39.004, 38.936, 38.75, 38.973, 39.395, 39.649, 40.013, 40.802, 41.404, 41.097, 40.556, 40.656, 41.166, 41.079, 40.07, 38.863, 38.229, 38.108, 37.671, 37.061, 37.004, 36.956, 36.675, 36.516, 36.366, 36.476, 36.997, 37.212, 36.943, 36.677, 36.807, 37.009, 37.015, 37.003, 37.089, 36.918, 36.646, 36.685, 36.955, 37.451, 37.716, 37.439, 37.233, 37.415, 37.408, 37.474, 37.743, 37.921, 37.863, 37.426, 37.397, 38.222, 38.49, 38.339, 38.572, 38.644, 38.339, 38.01, 37.698, 37.381, 37.258, 37.337, 37.409, 37.475, 37.678, 38.037, 38.252, 38.17, 37.996, 37.861, 37.861, 37.913, 37.663, 37.084, 36.638, 36.422, 36.251, 36.402, 36.866, 37.293, 37.444, 37.14, 36.656, 37.043, 37.371, 36.8, 36.468, 37.041, 37.294, 37.145, 37.549, 38.804, 40.263, 41.195, 41.884, 43.037, 44.336, 45.22, 45.717, 46.003, 45.654, 45.166, 45.113, 44.631, 43.933, 43.69, 43.811, 43.516, 42.182, 41.132, 41.412, 32.714], [37.329, 36.774, 35.404, 33.338, 30.772, 28.84, 27.802, 24.369, 15.018, 0.0, 12.925, 18.21, 19.52, 20.887, 23.379, 25.688, 26.828, 27.758, 29.111, 30.233, 30.379, 30.392, 31.286, 33.34, 35.607, 36.832, 37.339, 38.097, 39.556, 41.428, 42.811, 43.146, 43.257, 44.362, 45.716, 47.349, 48.826, 49.013, 48.833, 49.167, 49.586, 49.882, 50.165, 50.25, 49.684, 48.472, 47.074, 46.185, 45.659, 44.367, 42.518, 41.765, 42.327, 44.329, 46.824, 48.015, 47.744, 47.033, 46.632, 47.045, 47.836, 48.264, 48.091, 48.711, 49.245, 47.898, 46.052, 45.058, 44.577, 44.733, 44.956, 44.747, 44.609, 44.806, 44.885, 44.548, 44.224, 43.842, 42.919, 41.652, 41.07, 41.386, 42.27, 42.855, 42.085, 40.98, 41.063, 41.595, 41.149, 41.17, 41.973, 41.858, 41.117, 41.076, 41.426, 41.302, 41.116, 41.312, 41.617, 41.733, 42.038, 42.763, 43.308, 43.091, 42.694, 42.847, 43.361, 43.338, 42.535, 41.662, 41.216, 40.976, 40.474, 40.003, 39.874, 39.742, 39.508, 39.234, 38.836, 38.732, 39.08, 39.347, 39.259, 39.058, 39.092, 39.283, 39.371, 39.364, 39.333, 39.159, 39.004, 39.127, 39.346, 39.665, 39.853, 39.62, 39.443, 39.649, 39.779, 39.991, 40.283, 40.419, 40.398, 40.092, 40.097, 40.8, 41.086, 40.936, 41.006, 41.007, 40.801, 40.644, 40.549, 40.368, 40.338, 40.485, 40.487, 40.428, 40.588, 40.932, 41.119, 41.104, 41.075, 41.037, 41.039, 40.985, 40.667, 40.088, 39.68, 39.503, 39.396, 39.481, 39.743, 40.02, 40.194, 39.978, 39.499, 39.854, 40.335, 39.927, 39.404, 39.739, 39.968, 39.826, 40.003, 40.879, 42.03, 42.79, 43.376, 44.469, 45.712, 46.489, 46.904, 47.166, 46.88, 46.448, 46.373, 45.891, 45.218, 44.977, 45.074, 44.705, 43.208, 41.973, 42.085, 37.446], [40.464, 40.112, 39.106, 37.593, 35.687, 34.089, 33.158, 30.931, 24.733, 12.925, 0.0, 8.042, 11.742, 14.072, 16.974, 19.665, 20.912, 21.879, 23.579, 25.404, 26.328, 26.608, 27.425, 29.897, 32.922, 34.698, 35.406, 36.182, 37.784, 40.0, 41.832, 42.643, 43.01, 44.046, 45.688, 48.059, 49.884, 50.103, 49.975, 50.365, 50.77, 51.048, 51.339, 51.453, 50.959, 49.847, 48.547, 47.793, 47.423, 46.353, 44.772, 44.143, 44.828, 46.903, 49.112, 49.97, 49.576, 48.817, 48.44, 48.843, 49.464, 49.689, 49.549, 50.21, 50.707, 49.412, 47.657, 46.678, 46.178, 46.289, 46.464, 46.277, 46.239, 46.466, 46.426, 45.998, 45.736, 45.443, 44.593, 43.471, 43.022, 43.408, 44.273, 44.834, 44.216, 43.301, 43.386, 43.881, 43.493, 43.478, 44.138, 44.005, 43.397, 43.41, 43.72, 43.592, 43.432, 43.578, 43.737, 43.718, 44.004, 44.682, 45.147, 44.987, 44.693, 44.844, 45.305, 45.318, 44.66, 43.943, 43.55, 43.266, 42.797, 42.37, 42.101, 41.907, 41.726, 41.377, 40.882, 40.689, 40.916, 41.172, 41.146, 40.985, 40.984, 41.163, 41.273, 41.257, 41.148, 40.98, 40.93, 41.071, 41.21, 41.443, 41.611, 41.413, 41.264, 41.481, 41.7, 42.038, 42.416, 42.603, 42.626, 42.391, 42.341, 42.855, 43.181, 43.101, 43.124, 43.119, 42.981, 42.937, 42.997, 42.905, 42.89, 43.053, 43.09, 43.042, 43.167, 43.43, 43.543, 43.494, 43.482, 43.478, 43.493, 43.358, 42.982, 42.426, 42.052, 41.893, 41.837, 41.908, 42.059, 42.208, 42.341, 42.193, 41.798, 42.045, 42.506, 42.317, 41.833, 41.924, 42.034, 41.941, 42.057, 42.679, 43.576, 44.201, 44.708, 45.738, 46.891, 47.538, 47.879, 48.135, 47.904, 47.536, 47.466, 46.988, 46.269, 45.941, 45.999, 45.559, 43.875, 42.528, 42.537, 40.522], [40.509, 40.185, 39.318, 38.062, 36.427, 35.004, 34.124, 32.184, 27.242, 18.21, 8.042, 0.0, 5.849, 10.274, 13.924, 16.858, 18.243, 19.27, 21.126, 23.304, 24.665, 25.208, 25.969, 28.391, 31.598, 33.573, 34.355, 35.123, 36.752, 39.059, 41.008, 41.982, 42.552, 43.672, 45.293, 47.785, 49.794, 50.107, 49.989, 50.355, 50.776, 51.088, 51.379, 51.487, 51.03, 49.976, 48.653, 47.877, 47.556, 46.514, 44.88, 44.19, 44.949, 47.265, 49.654, 50.522, 50.082, 49.295, 48.932, 49.373, 50.007, 50.202, 50.076, 50.708, 51.152, 49.841, 48.063, 47.048, 46.541, 46.652, 46.809, 46.622, 46.631, 46.911, 46.884, 46.459, 46.23, 45.965, 45.083, 43.851, 43.26, 43.574, 44.429, 45.004, 44.421, 43.523, 43.611, 44.123, 43.769, 43.774, 44.401, 44.229, 43.607, 43.595, 43.902, 43.787, 43.643, 43.78, 43.889, 43.813, 44.101, 44.811, 45.28, 45.116, 44.812, 44.942, 45.376, 45.379, 44.728, 43.989, 43.558, 43.307, 42.893, 42.406, 42.044, 41.838, 41.668, 41.349, 40.943, 40.795, 41.023, 41.267, 41.205, 41.01, 41.012, 41.195, 41.286, 41.259, 41.14, 40.969, 40.943, 41.095, 41.249, 41.533, 41.731, 41.524, 41.359, 41.559, 41.774, 42.146, 42.585, 42.806, 42.823, 42.579, 42.478, 42.916, 43.258, 43.218, 43.269, 43.289, 43.153, 43.088, 43.122, 43.024, 42.989, 43.123, 43.16, 43.125, 43.241, 43.486, 43.577, 43.485, 43.442, 43.423, 43.43, 43.284, 42.907, 42.363, 41.98, 41.805, 41.765, 41.859, 42.014, 42.138, 42.238, 42.086, 41.743, 41.983, 42.382, 42.25, 41.888, 41.953, 41.994, 41.919, 42.114, 42.791, 43.708, 44.337, 44.835, 45.864, 47.016, 47.639, 47.964, 48.222, 48.008, 47.669, 47.625, 47.153, 46.356, 45.913, 45.946, 45.495, 43.709, 42.331, 42.392, 40.562], [39.893, 39.573, 38.783, 37.677, 36.212, 34.932, 34.144, 32.249, 27.474, 19.52, 11.742, 5.849, 0.0, 6.027, 11.185, 14.832, 16.345, 17.439, 19.515, 21.897, 23.322, 23.885, 24.746, 27.318, 30.625, 32.646, 33.439, 34.207, 35.841, 38.157, 40.136, 41.137, 41.749, 42.988, 44.711, 47.215, 49.268, 49.635, 49.532, 49.883, 50.305, 50.634, 50.926, 51.031, 50.572, 49.504, 48.143, 47.335, 47.002, 45.921, 44.221, 43.496, 44.282, 46.668, 49.135, 50.038, 49.567, 48.751, 48.39, 48.855, 49.522, 49.739, 49.608, 50.234, 50.681, 49.354, 47.543, 46.507, 46.0, 46.118, 46.271, 46.081, 46.115, 46.435, 46.444, 46.035, 45.806, 45.541, 44.637, 43.344, 42.689, 42.971, 43.831, 44.423, 43.842, 42.943, 43.043, 43.569, 43.221, 43.244, 43.885, 43.707, 43.07, 43.058, 43.376, 43.266, 43.122, 43.261, 43.362, 43.277, 43.566, 44.283, 44.765, 44.591, 44.267, 44.396, 44.837, 44.827, 44.139, 43.369, 42.944, 42.714, 42.298, 41.781, 41.415, 41.212, 41.053, 40.778, 40.416, 40.313, 40.58, 40.834, 40.757, 40.541, 40.546, 40.736, 40.823, 40.815, 40.718, 40.535, 40.495, 40.653, 40.817, 41.118, 41.319, 41.102, 40.915, 41.084, 41.263, 41.611, 42.049, 42.279, 42.306, 42.051, 41.917, 42.336, 42.708, 42.695, 42.765, 42.79, 42.652, 42.586, 42.605, 42.499, 42.464, 42.574, 42.577, 42.542, 42.676, 42.923, 43.007, 42.919, 42.877, 42.83, 42.821, 42.697, 42.349, 41.788, 41.361, 41.164, 41.112, 41.21, 41.381, 41.516, 41.609, 41.441, 41.092, 41.347, 41.736, 41.557, 41.193, 41.307, 41.357, 41.263, 41.489, 42.257, 43.273, 43.961, 44.491, 45.568, 46.775, 47.438, 47.765, 48.011, 47.798, 47.471, 47.444, 46.981, 46.166, 45.688, 45.706, 45.259, 43.461, 42.062, 42.145, 39.947], [40.078, 39.787, 39.077, 38.078, 36.774, 35.664, 34.99, 33.207, 28.561, 20.887, 14.072, 10.274, 6.027, 0.0, 6.439, 11.154, 13.016, 14.175, 16.547, 19.403, 21.059, 21.521, 22.453, 25.51, 29.205, 31.396, 32.223, 32.969, 34.599, 36.948, 39.006, 40.088, 40.7, 41.968, 43.921, 46.704, 48.913, 49.337, 49.274, 49.652, 50.084, 50.416, 50.712, 50.831, 50.38, 49.288, 47.92, 47.145, 46.842, 45.79, 44.134, 43.446, 44.28, 46.63, 49.0, 49.816, 49.284, 48.446, 48.127, 48.633, 49.297, 49.491, 49.356, 50.011, 50.481, 49.167, 47.374, 46.347, 45.838, 45.947, 46.084, 45.896, 45.963, 46.299, 46.281, 45.852, 45.624, 45.359, 44.457, 43.196, 42.593, 42.921, 43.818, 44.426, 43.855, 42.936, 42.993, 43.496, 43.157, 43.186, 43.823, 43.649, 43.015, 43.004, 43.337, 43.251, 43.127, 43.266, 43.35, 43.271, 43.57, 44.269, 44.763, 44.627, 44.318, 44.45, 44.895, 44.885, 44.19, 43.423, 43.016, 42.777, 42.344, 41.862, 41.544, 41.355, 41.213, 40.949, 40.575, 40.456, 40.716, 40.957, 40.886, 40.697, 40.716, 40.895, 40.98, 41.006, 40.938, 40.747, 40.701, 40.837, 40.932, 41.151, 41.323, 41.111, 40.914, 41.056, 41.209, 41.535, 41.958, 42.193, 42.25, 42.02, 41.879, 42.268, 42.659, 42.671, 42.726, 42.74, 42.625, 42.608, 42.673, 42.606, 42.598, 42.698, 42.683, 42.675, 42.854, 43.101, 43.158, 43.073, 43.017, 42.932, 42.913, 42.805, 42.486, 41.938, 41.495, 41.295, 41.252, 41.342, 41.498, 41.628, 41.727, 41.566, 41.186, 41.4, 41.796, 41.584, 41.119, 41.214, 41.298, 41.186, 41.352, 42.118, 43.197, 43.925, 44.452, 45.544, 46.808, 47.512, 47.832, 48.054, 47.846, 47.535, 47.52, 47.075, 46.294, 45.834, 45.848, 45.424, 43.662, 42.251, 42.296, 40.131], [40.67, 40.409, 39.77, 38.849, 37.682, 36.731, 36.159, 34.578, 30.398, 23.379, 16.974, 13.924, 11.185, 6.439, 0.0, 5.569, 8.452, 10.211, 12.982, 16.515, 18.717, 19.234, 20.182, 23.733, 27.911, 30.348, 31.227, 31.926, 33.533, 35.926, 38.089, 39.305, 39.935, 41.153, 43.296, 46.433, 48.852, 49.358, 49.346, 49.738, 50.18, 50.535, 50.843, 50.985, 50.566, 49.49, 48.152, 47.44, 47.206, 46.229, 44.637, 43.983, 44.885, 47.246, 49.544, 50.242, 49.609, 48.72, 48.437, 48.989, 49.638, 49.787, 49.649, 50.327, 50.798, 49.498, 47.735, 46.714, 46.2, 46.29, 46.398, 46.21, 46.309, 46.636, 46.552, 46.09, 45.888, 45.637, 44.732, 43.494, 42.935, 43.317, 44.265, 44.908, 44.344, 43.365, 43.348, 43.835, 43.531, 43.587, 44.21, 44.022, 43.365, 43.331, 43.686, 43.644, 43.554, 43.692, 43.757, 43.679, 43.994, 44.696, 45.22, 45.139, 44.846, 44.958, 45.389, 45.392, 44.716, 43.947, 43.531, 43.29, 42.88, 42.462, 42.185, 41.99, 41.855, 41.609, 41.229, 41.053, 41.261, 41.474, 41.411, 41.261, 41.294, 41.444, 41.508, 41.535, 41.48, 41.314, 41.293, 41.411, 41.434, 41.574, 41.718, 41.503, 41.286, 41.413, 41.561, 41.881, 42.312, 42.569, 42.656, 42.449, 42.298, 42.638, 43.027, 43.059, 43.103, 43.112, 43.011, 43.015, 43.093, 43.047, 43.054, 43.14, 43.123, 43.154, 43.37, 43.612, 43.634, 43.533, 43.447, 43.329, 43.311, 43.21, 42.913, 42.408, 41.983, 41.786, 41.775, 41.896, 42.049, 42.161, 42.254, 42.115, 41.754, 41.939, 42.32, 42.118, 41.581, 41.568, 41.636, 41.53, 41.657, 42.394, 43.492, 44.233, 44.726, 45.792, 47.084, 47.816, 48.133, 48.338, 48.148, 47.866, 47.868, 47.45, 46.7, 46.243, 46.249, 45.848, 44.127, 42.736, 42.751, 40.728], [41.2, 40.961, 40.372, 39.529, 38.483, 37.624, 37.118, 35.765, 32.073, 25.688, 19.665, 16.858, 14.832, 11.154, 5.569, 0.0, 4.133, 7.396, 10.976, 14.914, 17.476, 18.155, 19.111, 22.85, 27.282, 29.875, 30.787, 31.444, 33.019, 35.419, 37.639, 38.958, 39.625, 40.811, 43.053, 46.384, 48.906, 49.463, 49.493, 49.883, 50.318, 50.689, 51.012, 51.172, 50.78, 49.736, 48.425, 47.745, 47.555, 46.636, 45.094, 44.472, 45.428, 47.837, 50.126, 50.748, 50.02, 49.069, 48.806, 49.386, 50.015, 50.122, 49.993, 50.69, 51.151, 49.848, 48.096, 47.081, 46.569, 46.641, 46.723, 46.526, 46.634, 46.944, 46.815, 46.344, 46.18, 45.951, 45.041, 43.806, 43.269, 43.683, 44.653, 45.311, 44.755, 43.75, 43.69, 44.173, 43.91, 43.989, 44.589, 44.384, 43.703, 43.643, 44.015, 44.002, 43.928, 44.068, 44.122, 44.04, 44.371, 45.086, 45.626, 45.577, 45.292, 45.384, 45.796, 45.799, 45.136, 44.362, 43.935, 43.71, 43.342, 42.966, 42.699, 42.496, 42.364, 42.139, 41.774, 41.551, 41.697, 41.894, 41.839, 41.709, 41.74, 41.873, 41.924, 41.93, 41.867, 41.725, 41.738, 41.854, 41.845, 41.949, 42.076, 41.853, 41.617, 41.728, 41.867, 42.178, 42.625, 42.916, 43.025, 42.822, 42.664, 42.993, 43.401, 43.455, 43.506, 43.523, 43.438, 43.451, 43.517, 43.457, 43.458, 43.534, 43.513, 43.547, 43.767, 44.004, 43.998, 43.893, 43.804, 43.671, 43.65, 43.543, 43.242, 42.767, 42.369, 42.171, 42.185, 42.34, 42.501, 42.597, 42.68, 42.554, 42.216, 42.389, 42.766, 42.602, 42.06, 41.944, 41.968, 41.877, 41.999, 42.698, 43.773, 44.51, 44.979, 46.012, 47.3, 48.038, 48.345, 48.534, 48.36, 48.105, 48.126, 47.729, 46.989, 46.528, 46.527, 46.128, 44.425, 43.069, 43.067, 41.253], [41.54, 41.305, 40.734, 39.946, 38.975, 38.155, 37.672, 36.443, 32.991, 26.828, 20.912, 18.243, 16.345, 13.016, 8.452, 4.133, 0.0, 4.533, 9.413, 13.888, 16.613, 17.332, 18.249, 22.065, 26.689, 29.422, 30.38, 31.021, 32.593, 35.018, 37.279, 38.663, 39.378, 40.578, 42.876, 46.314, 48.892, 49.452, 49.504, 49.918, 50.358, 50.74, 51.081, 51.256, 50.883, 49.86, 48.55, 47.862, 47.683, 46.791, 45.276, 44.68, 45.668, 48.111, 50.411, 51.004, 50.226, 49.239, 48.979, 49.563, 50.169, 50.246, 50.128, 50.847, 51.307, 50.004, 48.264, 47.258, 46.749, 46.814, 46.885, 46.683, 46.784, 47.08, 46.938, 46.475, 46.335, 46.12, 45.218, 43.999, 43.47, 43.876, 44.829, 45.476, 44.925, 43.931, 43.868, 44.351, 44.103, 44.186, 44.776, 44.562, 43.876, 43.81, 44.188, 44.178, 44.103, 44.244, 44.293, 44.197, 44.527, 45.25, 45.791, 45.743, 45.462, 45.554, 45.959, 45.957, 45.295, 44.525, 44.106, 43.897, 43.538, 43.156, 42.876, 42.681, 42.556, 42.332, 42.0, 41.788, 41.903, 42.085, 42.033, 41.91, 41.934, 42.071, 42.125, 42.113, 42.033, 41.892, 41.919, 42.027, 41.996, 42.086, 42.208, 41.983, 41.737, 41.838, 41.971, 42.265, 42.708, 43.018, 43.141, 42.933, 42.772, 43.099, 43.532, 43.614, 43.673, 43.701, 43.636, 43.679, 43.774, 43.722, 43.711, 43.781, 43.758, 43.778, 43.984, 44.202, 44.168, 44.058, 43.982, 43.856, 43.83, 43.706, 43.39, 42.921, 42.538, 42.343, 42.362, 42.518, 42.678, 42.773, 42.861, 42.747, 42.421, 42.596, 42.981, 42.828, 42.301, 42.166, 42.176, 42.096, 42.222, 42.896, 43.946, 44.672, 45.129, 46.147, 47.427, 48.169, 48.477, 48.669, 48.502, 48.252, 48.274, 47.882, 47.14, 46.675, 46.671, 46.255, 44.523, 43.154, 43.143, 41.585], [41.935, 41.706, 41.158, 40.405, 39.487, 38.732, 38.274, 37.068, 33.742, 27.758, 21.879, 19.27, 17.439, 14.175, 10.211, 7.396, 4.533, 0.0, 5.932, 11.511, 14.858, 15.698, 16.544, 20.611, 25.631, 28.612, 29.657, 30.303, 31.915, 34.442, 36.802, 38.255, 39.013, 40.235, 42.6, 46.189, 48.907, 49.499, 49.557, 50.012, 50.494, 50.894, 51.244, 51.44, 51.099, 50.098, 48.781, 48.082, 47.91, 47.013, 45.475, 44.874, 45.895, 48.34, 50.626, 51.196, 50.391, 49.394, 49.146, 49.735, 50.328, 50.386, 50.265, 50.987, 51.45, 50.166, 48.453, 47.456, 46.945, 47.004, 47.07, 46.869, 46.975, 47.271, 47.129, 46.666, 46.525, 46.313, 45.424, 44.224, 43.701, 44.088, 45.02, 45.661, 45.115, 44.127, 44.071, 44.56, 44.318, 44.408, 44.996, 44.761, 44.055, 43.986, 44.368, 44.359, 44.283, 44.421, 44.463, 44.36, 44.694, 45.438, 45.989, 45.944, 45.672, 45.771, 46.178, 46.178, 45.523, 44.756, 44.354, 44.169, 43.804, 43.399, 43.104, 42.917, 42.796, 42.574, 42.292, 42.118, 42.224, 42.387, 42.33, 42.207, 42.233, 42.375, 42.424, 42.405, 42.324, 42.185, 42.205, 42.289, 42.225, 42.301, 42.422, 42.201, 41.957, 42.058, 42.196, 42.471, 42.885, 43.197, 43.338, 43.131, 42.963, 43.278, 43.712, 43.811, 43.885, 43.921, 43.86, 43.921, 44.066, 44.057, 44.048, 44.107, 44.09, 44.116, 44.31, 44.488, 44.414, 44.286, 44.215, 44.099, 44.077, 43.941, 43.616, 43.15, 42.776, 42.587, 42.601, 42.739, 42.892, 42.988, 43.08, 42.984, 42.69, 42.875, 43.254, 43.09, 42.565, 42.437, 42.453, 42.388, 42.519, 43.193, 44.248, 44.964, 45.406, 46.419, 47.699, 48.44, 48.75, 48.958, 48.803, 48.549, 48.566, 48.18, 47.445, 46.974, 46.958, 46.533, 44.785, 43.403, 43.401, 41.987], [42.303, 42.096, 41.605, 40.908, 40.064, 39.404, 38.992, 37.814, 34.672, 29.111, 23.579, 21.126, 19.515, 16.547, 12.982, 10.976, 9.413, 5.932, 0.0, 6.683, 11.307, 12.771, 13.629, 18.002, 23.617, 26.994, 28.172, 28.835, 30.556, 33.305, 35.865, 37.451, 38.296, 39.583, 42.058, 45.844, 48.75, 49.42, 49.504, 50.003, 50.549, 50.981, 51.331, 51.546, 51.25, 50.283, 48.968, 48.261, 48.089, 47.168, 45.585, 44.974, 46.035, 48.496, 50.771, 51.303, 50.444, 49.436, 49.221, 49.851, 50.471, 50.534, 50.397, 51.105, 51.568, 50.289, 48.582, 47.587, 47.075, 47.127, 47.183, 46.981, 47.093, 47.392, 47.248, 46.766, 46.605, 46.394, 45.508, 44.309, 43.784, 44.169, 45.108, 45.761, 45.209, 44.203, 44.135, 44.632, 44.414, 44.516, 45.094, 44.844, 44.138, 44.06, 44.433, 44.427, 44.354, 44.482, 44.508, 44.411, 44.777, 45.556, 46.131, 46.109, 45.849, 45.945, 46.349, 46.36, 45.724, 44.96, 44.566, 44.399, 44.034, 43.609, 43.303, 43.115, 43.001, 42.82, 42.601, 42.456, 42.56, 42.713, 42.653, 42.534, 42.575, 42.707, 42.747, 42.74, 42.688, 42.565, 42.575, 42.635, 42.533, 42.582, 42.697, 42.484, 42.242, 42.33, 42.467, 42.729, 43.102, 43.4, 43.56, 43.359, 43.178, 43.476, 43.888, 43.992, 44.084, 44.127, 44.059, 44.115, 44.286, 44.317, 44.325, 44.377, 44.372, 44.416, 44.609, 44.759, 44.65, 44.504, 44.431, 44.313, 44.295, 44.166, 43.849, 43.385, 43.02, 42.831, 42.822, 42.939, 43.092, 43.194, 43.28, 43.184, 42.915, 43.096, 43.448, 43.284, 42.771, 42.65, 42.671, 42.614, 42.758, 43.459, 44.542, 45.258, 45.675, 46.671, 47.949, 48.685, 48.981, 49.187, 49.043, 48.796, 48.826, 48.463, 47.755, 47.294, 47.273, 46.861, 45.143, 43.787, 43.807, 42.358], [42.151, 41.954, 41.51, 40.905, 40.169, 39.592, 39.247, 38.144, 35.229, 30.233, 25.404, 23.304, 21.897, 19.403, 16.515, 14.914, 13.888, 11.511, 6.683, 0.0, 5.86, 8.657, 9.95, 14.307, 20.349, 24.155, 25.492, 26.175, 28.071, 31.155, 34.012, 35.809, 36.843, 38.296, 40.903, 44.87, 47.94, 48.676, 48.798, 49.371, 50.005, 50.485, 50.842, 51.076, 50.837, 49.925, 48.619, 47.882, 47.697, 46.772, 45.204, 44.626, 45.714, 48.217, 50.538, 51.079, 50.174, 49.145, 48.952, 49.634, 50.322, 50.429, 50.28, 50.965, 51.428, 50.116, 48.341, 47.313, 46.8, 46.851, 46.898, 46.684, 46.779, 47.074, 46.939, 46.436, 46.237, 46.021, 45.142, 43.91, 43.336, 43.691, 44.63, 45.289, 44.728, 43.71, 43.629, 44.144, 43.985, 44.125, 44.703, 44.48, 43.818, 43.724, 44.066, 44.046, 43.964, 44.088, 44.107, 44.018, 44.398, 45.178, 45.768, 45.768, 45.511, 45.596, 45.991, 46.008, 45.385, 44.616, 44.208, 44.039, 43.673, 43.227, 42.915, 42.726, 42.623, 42.504, 42.352, 42.233, 42.345, 42.506, 42.453, 42.342, 42.397, 42.52, 42.554, 42.578, 42.575, 42.47, 42.469, 42.519, 42.406, 42.442, 42.557, 42.355, 42.106, 42.175, 42.312, 42.564, 42.9, 43.185, 43.352, 43.154, 42.969, 43.263, 43.645, 43.735, 43.843, 43.894, 43.814, 43.853, 44.014, 44.045, 44.06, 44.114, 44.114, 44.157, 44.341, 44.492, 44.382, 44.229, 44.156, 44.03, 44.008, 43.9, 43.612, 43.151, 42.794, 42.598, 42.552, 42.656, 42.832, 42.955, 43.03, 42.909, 42.622, 42.786, 43.116, 42.938, 42.45, 42.362, 42.39, 42.332, 42.501, 43.241, 44.359, 45.088, 45.493, 46.462, 47.734, 48.483, 48.772, 48.966, 48.823, 48.586, 48.631, 48.289, 47.61, 47.173, 47.161, 46.767, 45.088, 43.772, 43.816, 42.2], [41.502, 41.284, 40.836, 40.304, 39.67, 39.159, 38.862, 37.781, 34.95, 30.379, 26.328, 24.665, 23.322, 21.059, 18.717, 17.476, 16.613, 14.858, 11.307, 5.86, 0.0, 4.155, 6.949, 11.685, 17.669, 21.541, 22.94, 23.66, 25.713, 29.059, 32.141, 34.074, 35.26, 36.929, 39.687, 43.775, 46.944, 47.699, 47.824, 48.455, 49.15, 49.661, 50.035, 50.291, 50.087, 49.217, 47.926, 47.165, 46.949, 46.01, 44.478, 43.954, 45.029, 47.516, 49.884, 50.482, 49.579, 48.539, 48.345, 49.065, 49.827, 49.988, 49.827, 50.499, 50.986, 49.644, 47.771, 46.691, 46.177, 46.234, 46.283, 46.057, 46.116, 46.395, 46.286, 45.8, 45.577, 45.35, 44.477, 43.213, 42.578, 42.882, 43.803, 44.46, 43.89, 42.868, 42.798, 43.328, 43.214, 43.411, 44.034, 43.852, 43.207, 43.067, 43.366, 43.314, 43.203, 43.339, 43.402, 43.344, 43.699, 44.438, 45.009, 45.001, 44.734, 44.82, 45.222, 45.231, 44.584, 43.79, 43.357, 43.16, 42.772, 42.315, 42.024, 41.843, 41.738, 41.659, 41.565, 41.483, 41.601, 41.757, 41.714, 41.615, 41.674, 41.785, 41.813, 41.873, 41.931, 41.844, 41.824, 41.871, 41.785, 41.845, 41.964, 41.759, 41.502, 41.57, 41.712, 41.954, 42.26, 42.533, 42.697, 42.49, 42.317, 42.635, 42.994, 43.059, 43.177, 43.234, 43.139, 43.156, 43.293, 43.315, 43.331, 43.384, 43.385, 43.425, 43.597, 43.753, 43.663, 43.508, 43.431, 43.293, 43.261, 43.173, 42.917, 42.46, 42.111, 41.914, 41.832, 41.929, 42.134, 42.278, 42.345, 42.197, 41.883, 42.05, 42.391, 42.175, 41.675, 41.622, 41.677, 41.625, 41.818, 42.603, 43.757, 44.501, 44.913, 45.881, 47.165, 47.95, 48.258, 48.449, 48.298, 48.058, 48.102, 47.754, 47.079, 46.658, 46.654, 46.272, 44.626, 43.333, 43.367, 41.549], [41.327, 41.101, 40.641, 40.129, 39.555, 39.101, 38.823, 37.728, 34.881, 30.392, 26.608, 25.208, 23.885, 21.521, 19.234, 18.155, 17.332, 15.698, 12.771, 8.657, 4.155, 0.0, 4.491, 10.823, 17.13, 20.933, 22.29, 23.018, 25.08, 28.448, 31.59, 33.543, 34.731, 36.496, 39.399, 43.596, 46.807, 47.549, 47.662, 48.303, 48.998, 49.504, 49.889, 50.16, 49.951, 49.06, 47.771, 47.032, 46.813, 45.848, 44.311, 43.802, 44.866, 47.316, 49.673, 50.293, 49.4, 48.36, 48.182, 48.932, 49.717, 49.888, 49.719, 50.396, 50.903, 49.567, 47.665, 46.564, 46.051, 46.113, 46.166, 45.945, 45.998, 46.271, 46.178, 45.724, 45.502, 45.265, 44.4, 43.142, 42.496, 42.784, 43.704, 44.367, 43.778, 42.74, 42.676, 43.199, 43.066, 43.268, 43.914, 43.735, 43.07, 42.905, 43.191, 43.124, 42.995, 43.132, 43.213, 43.157, 43.476, 44.177, 44.723, 44.702, 44.44, 44.536, 44.944, 44.948, 44.299, 43.524, 43.097, 42.876, 42.465, 42.02, 41.762, 41.59, 41.479, 41.406, 41.322, 41.242, 41.341, 41.482, 41.449, 41.365, 41.421, 41.524, 41.552, 41.627, 41.708, 41.626, 41.597, 41.653, 41.595, 41.675, 41.79, 41.575, 41.311, 41.372, 41.505, 41.742, 42.038, 42.299, 42.46, 42.254, 42.098, 42.432, 42.783, 42.838, 42.954, 43.007, 42.907, 42.935, 43.097, 43.146, 43.177, 43.24, 43.253, 43.301, 43.472, 43.633, 43.561, 43.401, 43.305, 43.147, 43.1, 43.012, 42.757, 42.286, 41.93, 41.74, 41.655, 41.744, 41.95, 42.106, 42.18, 42.036, 41.712, 41.875, 42.237, 42.015, 41.481, 41.398, 41.46, 41.423, 41.62, 42.401, 43.546, 44.277, 44.696, 45.682, 46.975, 47.769, 48.083, 48.264, 48.087, 47.832, 47.865, 47.501, 46.823, 46.405, 46.398, 46.02, 44.389, 43.098, 43.096, 41.373], [41.463, 41.232, 40.766, 40.283, 39.765, 39.366, 39.124, 38.146, 35.553, 31.286, 27.425, 25.969, 24.746, 22.453, 20.182, 19.111, 18.249, 16.544, 13.629, 9.95, 6.949, 4.491, 0.0, 7.694, 15.245, 19.733, 21.28, 21.946, 23.983, 27.437, 30.733, 32.86, 34.162, 35.993, 39.051, 43.485, 46.847, 47.612, 47.736, 48.419, 49.151, 49.663, 50.046, 50.336, 50.151, 49.257, 47.95, 47.229, 47.062, 46.115, 44.533, 43.993, 45.116, 47.711, 50.182, 50.854, 49.985, 48.958, 48.801, 49.579, 50.386, 50.543, 50.368, 51.041, 51.525, 50.15, 48.201, 47.064, 46.539, 46.601, 46.648, 46.421, 46.495, 46.796, 46.701, 46.213, 45.957, 45.702, 44.821, 43.522, 42.803, 43.05, 43.983, 44.662, 44.046, 42.961, 42.894, 43.435, 43.278, 43.445, 44.087, 43.904, 43.239, 43.107, 43.438, 43.397, 43.273, 43.394, 43.433, 43.316, 43.594, 44.281, 44.831, 44.827, 44.569, 44.65, 45.042, 45.047, 44.424, 43.682, 43.271, 43.063, 42.659, 42.192, 41.912, 41.74, 41.631, 41.568, 41.492, 41.373, 41.441, 41.577, 41.531, 41.439, 41.512, 41.641, 41.683, 41.759, 41.83, 41.726, 41.681, 41.738, 41.695, 41.79, 41.903, 41.68, 41.399, 41.442, 41.578, 41.839, 42.161, 42.43, 42.593, 42.394, 42.236, 42.514, 42.838, 42.901, 43.019, 43.075, 42.978, 43.023, 43.225, 43.309, 43.359, 43.441, 43.465, 43.515, 43.691, 43.869, 43.813, 43.638, 43.517, 43.345, 43.292, 43.194, 42.927, 42.436, 42.066, 41.878, 41.8, 41.885, 42.094, 42.265, 42.35, 42.211, 41.897, 42.056, 42.394, 42.189, 41.729, 41.663, 41.704, 41.683, 41.928, 42.737, 43.881, 44.607, 45.042, 46.044, 47.336, 48.132, 48.457, 48.626, 48.419, 48.147, 48.179, 47.816, 47.135, 46.703, 46.68, 46.285, 44.622, 43.31, 43.307, 41.506], [41.521, 41.285, 40.854, 40.475, 40.052, 39.712, 39.549, 38.814, 36.802, 33.34, 29.897, 28.391, 27.318, 25.51, 23.733, 22.85, 22.065, 20.611, 18.002, 14.307, 11.685, 10.823, 7.694, 0.0, 8.863, 14.798, 16.982, 17.631, 19.823, 23.75, 27.523, 30.106, 31.777, 33.84, 37.136, 41.994, 45.745, 46.615, 46.776, 47.607, 48.492, 49.052, 49.431, 49.762, 49.686, 48.904, 47.626, 46.904, 46.803, 45.967, 44.493, 44.032, 45.194, 47.941, 50.61, 51.413, 50.634, 49.656, 49.477, 50.273, 51.169, 51.356, 51.144, 51.775, 52.224, 50.727, 48.594, 47.355, 46.804, 46.863, 46.891, 46.631, 46.689, 47.005, 46.908, 46.356, 46.011, 45.7, 44.782, 43.408, 42.56, 42.731, 43.655, 44.339, 43.722, 42.613, 42.55, 43.161, 43.067, 43.26, 43.919, 43.789, 43.203, 43.149, 43.538, 43.525, 43.395, 43.501, 43.532, 43.411, 43.66, 44.286, 44.839, 44.875, 44.616, 44.66, 45.021, 45.013, 44.408, 43.675, 43.249, 43.064, 42.696, 42.184, 41.835, 41.665, 41.575, 41.541, 41.49, 41.319, 41.358, 41.51, 41.449, 41.347, 41.47, 41.64, 41.711, 41.853, 41.964, 41.834, 41.743, 41.779, 41.748, 41.869, 42.001, 41.789, 41.496, 41.514, 41.662, 41.961, 42.321, 42.602, 42.74, 42.544, 42.387, 42.587, 42.861, 42.931, 43.066, 43.132, 43.033, 43.07, 43.254, 43.329, 43.375, 43.453, 43.468, 43.504, 43.668, 43.87, 43.864, 43.699, 43.58, 43.417, 43.359, 43.253, 42.994, 42.502, 42.127, 41.945, 41.859, 41.942, 42.171, 42.358, 42.438, 42.277, 41.962, 42.097, 42.361, 42.141, 41.803, 41.842, 41.901, 41.897, 42.228, 43.115, 44.303, 45.061, 45.515, 46.479, 47.733, 48.543, 48.892, 49.06, 48.846, 48.585, 48.636, 48.298, 47.623, 47.175, 47.138, 46.753, 45.115, 43.834, 43.861, 41.565], [41.719, 41.502, 41.179, 40.936, 40.62, 40.346, 40.252, 39.735, 38.224, 35.607, 32.922, 31.598, 30.625, 29.205, 27.911, 27.282, 26.689, 25.631, 23.617, 20.349, 17.669, 17.13, 15.245, 8.863, 0.0, 7.084, 10.191, 11.173, 13.745, 18.284, 22.665, 25.742, 27.755, 30.114, 33.666, 38.913, 43.102, 44.129, 44.351, 45.36, 46.425, 47.046, 47.429, 47.82, 47.918, 47.367, 46.255, 45.595, 45.579, 45.017, 44.023, 43.897, 45.003, 47.623, 50.354, 51.294, 50.641, 49.733, 49.512, 50.282, 51.261, 51.511, 51.239, 51.786, 52.233, 50.665, 48.344, 47.009, 46.455, 46.506, 46.515, 46.227, 46.206, 46.466, 46.388, 45.842, 45.43, 45.058, 44.141, 42.757, 41.832, 41.915, 42.767, 43.409, 42.826, 41.773, 41.694, 42.317, 42.381, 42.725, 43.407, 43.377, 42.977, 43.005, 43.396, 43.372, 43.209, 43.307, 43.409, 43.392, 43.618, 44.113, 44.61, 44.676, 44.448, 44.486, 44.813, 44.766, 44.156, 43.429, 42.966, 42.778, 42.472, 42.011, 41.658, 41.504, 41.448, 41.433, 41.394, 41.215, 41.25, 41.417, 41.375, 41.312, 41.488, 41.67, 41.761, 42.023, 42.221, 42.092, 41.975, 41.988, 4