[[0.0, 3.268, 8.853, 15.38, 19.947, 23.825, 27.395, 30.155, 31.723, 32.17, 32.513, 33.738, 35.417, 37.4, 39.459, 40.433, 40.782, 40.903, 40.827, 40.787, 40.937, 41.288, 41.547, 41.789, 42.201, 42.685, 43.056, 43.21, 43.241, 43.392, 43.74, 43.965, 44.067, 44.024, 43.574, 43.146, 43.448, 43.9, 44.189, 44.515, 44.791, 44.874, 45.363, 46.27, 46.945, 47.217, 47.276, 47.225, 47.193, 47.188, 47.173, 46.878, 46.467, 46.104, 45.868, 45.665, 45.645, 45.734, 45.728, 45.704, 45.981, 46.547, 46.672, 46.218, 45.697, 45.201, 44.531, 43.843, 43.24, 42.477, 41.751, 41.618, 41.929, 42.225, 42.104, 41.737, 41.594, 41.714, 41.553, 41.264, 41.505, 42.119, 42.366, 42.288, 42.595, 43.466, 43.926, 43.903, 44.084, 44.626, 44.858, 44.609, 44.161, 43.638, 43.236, 43.121, 43.244, 43.785, 44.008, 43.752, 43.624, 43.878, 43.945, 43.729, 43.552, 43.622, 43.49, 43.021, 42.84, 42.94, 43.113, 43.305, 43.213, 43.346, 43.786, 43.911, 43.424, 42.851, 42.652, 42.657, 42.78, 42.926, 42.816, 42.273, 41.634, 41.406, 41.26, 41.046, 40.943, 40.878, 40.865, 41.011, 41.12, 41.127, 41.367, 41.601, 41.367, 40.924, 40.97, 41.449, 41.51, 41.012, 40.919, 41.453, 42.354, 42.926, 42.842, 42.773, 42.948, 43.149, 43.42, 43.759, 43.867, 43.749, 43.625, 43.536, 43.485, 43.534, 43.627, 43.647, 43.726, 43.822, 43.823, 43.813, 43.895, 43.993, 43.969, 43.84, 43.746, 43.853, 43.909, 43.634, 43.466, 43.57, 43.572, 43.327, 43.161, 43.195, 43.264, 43.304, 43.319, 43.256, 43.179, 43.196, 43.13, 42.854, 42.769, 42.89, 42.777, 42.612, 42.557, 42.336, 42.028, 41.864, 41.665, 41.255, 41.066, 41.387, 41.914, 42.288, 42.417, 42.31, 41.936, 41.479, 41.357, 41.339, 41.146, 40.858, 40.706, 40.831, 41.207, 41.448, 41.474, 41.477, 41.472, 41.808, 41.912, 41.732, 41.376, 41.186, 41.17, 41.218, 41.188, 41.054, 40.74, 40.51, 40.801, 41.28, 41.429, 6.945], [3.268, 0.0, 6.685, 13.895, 18.694, 22.619, 26.23, 29.042, 30.665, 31.152, 31.53, 32.793, 34.508, 36.531, 38.637, 39.649, 40.015, 40.136, 40.059, 40.028, 40.19, 40.554, 40.822, 41.08, 41.512, 42.002, 42.369, 42.531, 42.586, 42.762, 43.122, 43.346, 43.441, 43.395, 42.941, 42.511, 42.814, 43.253, 43.537, 43.9, 44.211, 44.298, 44.796, 45.73, 46.426, 46.71, 46.778, 46.722, 46.679, 46.678, 46.681, 46.394, 45.989, 45.634, 45.394, 45.184, 45.165, 45.251, 45.245, 45.232, 45.522, 46.099, 46.219, 45.744, 45.202, 44.687, 43.995, 43.268, 42.639, 41.883, 41.184, 41.075, 41.391, 41.689, 41.563, 41.179, 41.024, 41.15, 40.994, 40.709, 40.969, 41.586, 41.814, 41.737, 42.083, 42.994, 43.464, 43.442, 43.632, 44.176, 44.384, 44.112, 43.652, 43.116, 42.709, 42.587, 42.675, 43.199, 43.417, 43.145, 43.009, 43.279, 43.358, 43.131, 42.931, 42.992, 42.858, 42.368, 42.168, 42.267, 42.444, 42.636, 42.55, 42.726, 43.226, 43.364, 42.857, 42.28, 42.092, 42.099, 42.211, 42.35, 42.242, 41.69, 41.039, 40.827, 40.684, 40.441, 40.317, 40.258, 40.258, 40.416, 40.529, 40.537, 40.789, 41.04, 40.802, 40.33, 40.342, 40.784, 40.827, 40.357, 40.29, 40.796, 41.686, 42.269, 42.182, 42.107, 42.287, 42.488, 42.754, 43.089, 43.194, 43.069, 42.929, 42.829, 42.776, 42.832, 42.939, 42.972, 43.056, 43.148, 43.141, 43.121, 43.201, 43.309, 43.284, 43.148, 43.044, 43.154, 43.219, 42.947, 42.773, 42.864, 42.854, 42.613, 42.466, 42.505, 42.583, 42.646, 42.689, 42.638, 42.558, 42.577, 42.523, 42.258, 42.189, 42.327, 42.212, 42.029, 41.963, 41.733, 41.403, 41.221, 41.017, 40.601, 40.422, 40.776, 41.33, 41.725, 41.867, 41.761, 41.369, 40.893, 40.772, 40.746, 40.53, 40.225, 40.068, 40.199, 40.587, 40.831, 40.861, 40.877, 40.889, 41.231, 41.329, 41.141, 40.769, 40.569, 40.572, 40.644, 40.616, 40.466, 40.142, 39.903, 40.188, 40.667, 40.802, 7.81], [8.853, 6.685, 0.0, 8.07, 14.068, 18.881, 23.077, 26.207, 27.992, 28.606, 29.149, 30.571, 32.382, 34.503, 36.719, 37.807, 38.226, 38.357, 38.285, 38.31, 38.546, 38.959, 39.258, 39.583, 40.079, 40.582, 40.929, 41.063, 41.128, 41.35, 41.726, 41.918, 41.99, 41.939, 41.456, 40.993, 41.304, 41.737, 42.039, 42.519, 42.896, 42.972, 43.487, 44.467, 45.192, 45.495, 45.574, 45.492, 45.422, 45.424, 45.444, 45.146, 44.731, 44.375, 44.132, 43.912, 43.886, 43.962, 43.955, 43.968, 44.287, 44.879, 44.991, 44.504, 43.95, 43.393, 42.628, 41.806, 41.121, 40.396, 39.762, 39.694, 40.023, 40.343, 40.211, 39.797, 39.627, 39.764, 39.608, 39.328, 39.619, 40.25, 40.471, 40.417, 40.852, 41.835, 42.305, 42.28, 42.508, 43.085, 43.269, 42.958, 42.474, 41.891, 41.457, 41.324, 41.341, 41.824, 42.053, 41.76, 41.613, 41.925, 42.034, 41.783, 41.545, 41.593, 41.454, 40.934, 40.714, 40.809, 40.992, 41.202, 41.131, 41.349, 41.958, 42.14, 41.631, 41.05, 40.86, 40.856, 40.941, 41.074, 40.964, 40.361, 39.65, 39.429, 39.278, 38.992, 38.836, 38.8, 38.86, 39.085, 39.223, 39.231, 39.501, 39.761, 39.473, 38.897, 38.818, 39.181, 39.217, 38.861, 38.865, 39.296, 40.136, 40.724, 40.628, 40.539, 40.719, 40.919, 41.168, 41.488, 41.596, 41.462, 41.279, 41.153, 41.113, 41.181, 41.316, 41.372, 41.453, 41.53, 41.517, 41.483, 41.554, 41.667, 41.649, 41.522, 41.413, 41.514, 41.6, 41.34, 41.157, 41.237, 41.201, 40.944, 40.809, 40.835, 40.902, 40.991, 41.074, 41.05, 40.982, 41.004, 40.945, 40.669, 40.62, 40.801, 40.717, 40.542, 40.487, 40.256, 39.889, 39.677, 39.48, 39.068, 38.886, 39.316, 39.963, 40.421, 40.586, 40.465, 40.029, 39.529, 39.414, 39.377, 39.147, 38.838, 38.656, 38.765, 39.142, 39.369, 39.396, 39.467, 39.603, 40.026, 40.121, 39.939, 39.576, 39.353, 39.38, 39.527, 39.512, 39.318, 38.981, 38.722, 38.955, 39.395, 39.488, 11.79], [15.38, 13.895, 8.07, 0.0, 7.618, 14.036, 19.332, 22.954, 24.932, 25.714, 26.468, 28.068, 29.968, 32.208, 34.587, 35.828, 36.368, 36.518, 36.426, 36.508, 36.857, 37.345, 37.675, 38.084, 38.663, 39.188, 39.52, 39.626, 39.695, 39.962, 40.358, 40.512, 40.552, 40.49, 39.991, 39.512, 39.836, 40.257, 40.575, 41.186, 41.636, 41.702, 42.227, 43.229, 43.981, 44.309, 44.393, 44.287, 44.192, 44.191, 44.215, 43.911, 43.496, 43.155, 42.931, 42.712, 42.679, 42.737, 42.738, 42.788, 43.129, 43.715, 43.817, 43.345, 42.81, 42.218, 41.367, 40.437, 39.701, 39.036, 38.502, 38.488, 38.845, 39.19, 39.045, 38.631, 38.51, 38.665, 38.496, 38.237, 38.578, 39.209, 39.401, 39.386, 39.933, 40.979, 41.437, 41.401, 41.663, 42.263, 42.399, 42.022, 41.505, 40.899, 40.487, 40.38, 40.301, 40.654, 40.84, 40.519, 40.361, 40.703, 40.828, 40.546, 40.276, 40.313, 40.15, 39.594, 39.363, 39.46, 39.638, 39.856, 39.795, 40.051, 40.77, 41.024, 40.564, 39.992, 39.79, 39.778, 39.835, 39.95, 39.829, 39.179, 38.438, 38.233, 38.088, 37.793, 37.646, 37.665, 37.83, 38.175, 38.351, 38.34, 38.611, 38.86, 38.503, 37.797, 37.566, 37.774, 37.783, 37.598, 37.721, 38.04, 38.757, 39.308, 39.189, 39.081, 39.259, 39.451, 39.663, 39.945, 40.047, 39.892, 39.64, 39.465, 39.432, 39.515, 39.677, 39.752, 39.826, 39.891, 39.873, 39.826, 39.888, 40.009, 40.004, 39.907, 39.807, 39.883, 39.964, 39.713, 39.529, 39.605, 39.546, 39.286, 39.164, 39.17, 39.23, 39.344, 39.459, 39.467, 39.428, 39.453, 39.381, 39.09, 39.069, 39.31, 39.289, 39.156, 39.116, 38.889, 38.512, 38.275, 38.072, 37.665, 37.491, 38.006, 38.756, 39.285, 39.478, 39.327, 38.843, 38.349, 38.258, 38.204, 37.964, 37.678, 37.492, 37.569, 37.906, 38.093, 38.11, 38.239, 38.515, 39.019, 39.108, 38.95, 38.605, 38.333, 38.348, 38.564, 38.57, 38.321, 37.959, 37.657, 37.804, 38.179, 38.217, 17.775], [19.947, 18.694, 14.068, 7.618, 0.0, 7.923, 14.776, 19.193, 21.398, 22.374, 23.376, 25.14, 27.17, 29.677, 32.384, 33.875, 34.585, 34.761, 34.622, 34.74, 35.209, 35.779, 36.124, 36.611, 37.283, 37.848, 38.214, 38.347, 38.434, 38.732, 39.163, 39.321, 39.338, 39.25, 38.753, 38.294, 38.639, 39.042, 39.359, 40.076, 40.609, 40.676, 41.192, 42.216, 43.013, 43.378, 43.488, 43.396, 43.302, 43.297, 43.346, 43.067, 42.668, 42.354, 42.157, 41.947, 41.905, 41.942, 41.947, 42.024, 42.402, 43.014, 43.111, 42.638, 42.127, 41.505, 40.561, 39.515, 38.728, 38.118, 37.68, 37.736, 38.161, 38.535, 38.341, 37.921, 37.859, 38.016, 37.812, 37.557, 37.939, 38.585, 38.718, 38.668, 39.274, 40.401, 40.863, 40.801, 41.064, 41.66, 41.73, 41.276, 40.724, 40.121, 39.763, 39.703, 39.555, 39.794, 39.94, 39.591, 39.421, 39.784, 39.911, 39.591, 39.308, 39.354, 39.143, 38.525, 38.3, 38.432, 38.605, 38.8, 38.759, 39.111, 39.935, 40.235, 39.791, 39.2, 38.995, 39.0, 39.048, 39.157, 39.047, 38.363, 37.595, 37.415, 37.292, 37.005, 36.876, 36.95, 37.21, 37.657, 37.846, 37.814, 38.104, 38.356, 37.945, 37.146, 36.795, 36.83, 36.716, 36.621, 36.897, 37.178, 37.785, 38.287, 38.149, 38.038, 38.218, 38.387, 38.563, 38.821, 38.908, 38.723, 38.396, 38.162, 38.114, 38.198, 38.381, 38.47, 38.55, 38.615, 38.592, 38.532, 38.587, 38.712, 38.704, 38.62, 38.533, 38.581, 38.623, 38.374, 38.193, 38.262, 38.184, 37.953, 37.877, 37.882, 37.959, 38.126, 38.303, 38.352, 38.323, 38.345, 38.277, 37.987, 37.969, 38.24, 38.287, 38.212, 38.186, 37.963, 37.594, 37.345, 37.121, 36.694, 36.525, 37.081, 37.88, 38.439, 38.628, 38.428, 37.933, 37.52, 37.477, 37.397, 37.126, 36.843, 36.657, 36.73, 37.067, 37.23, 37.211, 37.315, 37.613, 38.107, 38.181, 38.04, 37.669, 37.322, 37.337, 37.622, 37.646, 37.359, 36.972, 36.616, 36.703, 37.047, 37.048, 21.883], [23.825, 22.619, 18.881, 14.036, 7.923, 0.0, 8.125, 13.826, 16.651, 18.0, 19.462, 21.565, 23.807, 26.716, 29.898, 31.673, 32.548, 32.754, 32.583, 32.753, 33.342, 34.005, 34.387, 34.964, 35.726, 36.337, 36.756, 36.938, 37.051, 37.381, 37.846, 38.027, 38.044, 37.944, 37.448, 36.975, 37.294, 37.663, 37.99, 38.847, 39.491, 39.551, 40.044, 41.107, 41.96, 42.377, 42.528, 42.454, 42.355, 42.349, 42.426, 42.174, 41.809, 41.528, 41.333, 41.106, 41.064, 41.128, 41.177, 41.294, 41.724, 42.398, 42.505, 42.02, 41.536, 40.9, 39.874, 38.702, 37.877, 37.384, 37.105, 37.217, 37.672, 38.099, 37.939, 37.552, 37.504, 37.629, 37.413, 37.194, 37.614, 38.239, 38.264, 38.122, 38.73, 39.893, 40.318, 40.21, 40.47, 41.048, 41.011, 40.421, 39.783, 39.163, 38.842, 38.763, 38.51, 38.699, 38.868, 38.5, 38.308, 38.712, 38.878, 38.549, 38.247, 38.282, 38.02, 37.368, 37.158, 37.316, 37.52, 37.736, 37.749, 38.243, 39.203, 39.559, 39.129, 38.527, 38.33, 38.351, 38.374, 38.455, 38.352, 37.637, 36.824, 36.662, 36.557, 36.25, 36.101, 36.181, 36.497, 37.013, 37.214, 37.181, 37.506, 37.755, 37.267, 36.358, 35.871, 35.7, 35.428, 35.436, 35.893, 36.118, 36.642, 37.125, 36.976, 36.874, 37.069, 37.227, 37.387, 37.635, 37.699, 37.482, 37.088, 36.798, 36.726, 36.804, 37.002, 37.112, 37.213, 37.283, 37.244, 37.153, 37.199, 37.342, 37.317, 37.212, 37.124, 37.141, 37.128, 36.86, 36.685, 36.744, 36.646, 36.453, 36.444, 36.461, 36.571, 36.818, 37.076, 37.16, 37.116, 37.143, 37.115, 36.858, 36.869, 37.193, 37.318, 37.293, 37.283, 37.056, 36.663, 36.389, 36.133, 35.644, 35.421, 36.023, 36.897, 37.508, 37.717, 37.487, 36.97, 36.62, 36.617, 36.504, 36.176, 35.868, 35.705, 35.842, 36.234, 36.367, 36.265, 36.277, 36.561, 37.038, 37.084, 36.951, 36.546, 36.15, 36.216, 36.606, 36.665, 36.342, 35.914, 35.474, 35.47, 35.784, 35.742, 25.404], [27.395, 26.23, 23.077, 19.332, 14.776, 8.125, 0.0, 7.069, 11.649, 14.25, 16.377, 18.691, 21.064, 24.321, 27.874, 29.815, 30.781, 31.015, 30.822, 31.024, 31.701, 32.443, 32.884, 33.561, 34.4, 35.056, 35.541, 35.786, 35.938, 36.312, 36.818, 37.008, 37.025, 36.935, 36.449, 35.938, 36.167, 36.502, 36.892, 37.904, 38.629, 38.665, 39.159, 40.287, 41.187, 41.639, 41.82, 41.737, 41.606, 41.591, 41.678, 41.42, 41.053, 40.786, 40.591, 40.344, 40.305, 40.424, 40.533, 40.688, 41.169, 41.905, 42.02, 41.556, 41.16, 40.546, 39.445, 38.182, 37.372, 37.036, 36.936, 37.088, 37.51, 37.961, 37.867, 37.494, 37.408, 37.525, 37.335, 37.139, 37.55, 38.128, 38.068, 37.857, 38.446, 39.605, 39.978, 39.815, 40.044, 40.571, 40.41, 39.678, 38.968, 38.356, 38.06, 37.918, 37.538, 37.707, 37.935, 37.58, 37.384, 37.829, 38.033, 37.718, 37.399, 37.407, 37.114, 36.471, 36.266, 36.414, 36.641, 36.894, 36.958, 37.56, 38.642, 39.052, 38.641, 38.038, 37.852, 37.882, 37.885, 37.953, 37.854, 37.11, 36.258, 36.097, 36.001, 35.689, 35.519, 35.576, 35.908, 36.466, 36.675, 36.637, 36.969, 37.199, 36.65, 35.667, 35.072, 34.718, 34.33, 34.46, 35.1, 35.279, 35.733, 36.198, 36.043, 35.945, 36.143, 36.273, 36.388, 36.608, 36.65, 36.411, 35.987, 35.675, 35.596, 35.67, 35.874, 36.001, 36.117, 36.178, 36.117, 35.989, 36.016, 36.171, 36.135, 36.013, 35.93, 35.937, 35.898, 35.615, 35.453, 35.514, 35.399, 35.233, 35.281, 35.312, 35.445, 35.751, 36.064, 36.159, 36.092, 36.133, 36.158, 35.943, 36.013, 36.426, 36.632, 36.615, 36.589, 36.346, 35.92, 35.644, 35.391, 34.854, 34.565, 35.198, 36.134, 36.786, 37.013, 36.78, 36.262, 35.955, 35.982, 35.858, 35.488, 35.149, 35.02, 35.241, 35.69, 35.788, 35.586, 35.487, 35.743, 36.187, 36.199, 36.073, 35.644, 35.229, 35.358, 35.837, 35.912, 35.557, 35.113, 34.617, 34.519, 34.794, 34.71, 28.75], [30.155, 29.042, 26.207, 22.954, 19.193, 13.826, 7.069, 0.0, 6.496, 11.258, 14.481, 16.736, 19.01, 22.557, 26.379, 28.408, 29.456, 29.733, 29.534, 29.789, 30.585, 31.414, 31.9, 32.626, 33.507, 34.218, 34.794, 35.117, 35.301, 35.71, 36.264, 36.471, 36.48, 36.425, 36.021, 35.535, 35.696, 35.994, 36.413, 37.517, 38.292, 38.3, 38.791, 39.977, 40.9, 41.364, 41.567, 41.486, 41.341, 41.316, 41.398, 41.14, 40.78, 40.515, 40.314, 40.061, 40.038, 40.197, 40.345, 40.52, 41.024, 41.781, 41.888, 41.458, 41.153, 40.574, 39.417, 38.108, 37.338, 37.126, 37.15, 37.333, 37.717, 38.154, 38.094, 37.74, 37.645, 37.777, 37.607, 37.426, 37.826, 38.35, 38.217, 37.968, 38.538, 39.653, 39.971, 39.771, 39.968, 40.444, 40.194, 39.383, 38.66, 38.082, 37.807, 37.624, 37.163, 37.293, 37.543, 37.209, 37.029, 37.491, 37.692, 37.36, 37.008, 36.997, 36.704, 36.078, 35.866, 36.01, 36.269, 36.563, 36.634, 37.265, 38.41, 38.867, 38.492, 37.907, 37.724, 37.75, 37.723, 37.765, 37.66, 36.916, 36.092, 35.974, 35.894, 35.599, 35.442, 35.501, 35.846, 36.412, 36.605, 36.543, 36.858, 37.072, 36.504, 35.512, 34.882, 34.418, 33.976, 34.222, 35.002, 35.134, 35.47, 35.861, 35.686, 35.586, 35.771, 35.857, 35.899, 36.068, 36.101, 35.87, 35.444, 35.136, 35.078, 35.167, 35.383, 35.524, 35.642, 35.693, 35.621, 35.48, 35.49, 35.64, 35.602, 35.481, 35.396, 35.4, 35.364, 35.068, 34.9, 34.961, 34.829, 34.667, 34.742, 34.782, 34.91, 35.226, 35.568, 35.674, 35.608, 35.675, 35.732, 35.54, 35.657, 36.144, 36.414, 36.394, 36.339, 36.083, 35.653, 35.404, 35.18, 34.643, 34.342, 34.998, 35.955, 36.621, 36.862, 36.655, 36.174, 35.905, 35.951, 35.826, 35.446, 35.102, 35.007, 35.286, 35.759, 35.835, 35.582, 35.402, 35.581, 35.942, 35.915, 35.802, 35.378, 34.982, 35.179, 35.722, 35.815, 35.455, 35.015, 34.491, 34.319, 34.535, 34.408, 31.404], [31.723, 30.665, 27.992, 24.932, 21.398, 16.651, 11.649, 6.496, 0.0, 6.525, 11.524, 14.288, 16.404, 20.253, 24.49, 26.703, 27.898, 28.278, 28.166, 28.58, 29.589, 30.565, 31.078, 31.8, 32.709, 33.481, 34.129, 34.513, 34.725, 35.15, 35.747, 36.009, 36.039, 36.001, 35.701, 35.365, 35.606, 35.882, 36.251, 37.391, 38.226, 38.225, 38.671, 39.849, 40.766, 41.222, 41.427, 41.354, 41.222, 41.201, 41.284, 41.045, 40.722, 40.462, 40.236, 39.973, 39.964, 40.145, 40.311, 40.502, 40.999, 41.723, 41.803, 41.383, 41.103, 40.531, 39.365, 38.045, 37.286, 37.151, 37.253, 37.445, 37.8, 38.237, 38.21, 37.889, 37.811, 37.94, 37.779, 37.645, 38.057, 38.518, 38.332, 38.104, 38.693, 39.768, 40.051, 39.847, 40.054, 40.528, 40.26, 39.43, 38.695, 38.128, 37.866, 37.67, 37.152, 37.217, 37.472, 37.154, 36.975, 37.433, 37.628, 37.277, 36.895, 36.861, 36.577, 35.982, 35.781, 35.929, 36.194, 36.49, 36.563, 37.225, 38.387, 38.834, 38.457, 37.878, 37.697, 37.717, 37.662, 37.668, 37.548, 36.814, 36.022, 35.929, 35.841, 35.546, 35.4, 35.481, 35.847, 36.418, 36.611, 36.546, 36.865, 37.085, 36.521, 35.555, 34.964, 34.492, 34.016, 34.322, 35.164, 35.245, 35.468, 35.772, 35.569, 35.471, 35.658, 35.735, 35.747, 35.888, 35.937, 35.724, 35.287, 34.969, 34.922, 35.023, 35.243, 35.38, 35.491, 35.543, 35.477, 35.348, 35.367, 35.519, 35.485, 35.37, 35.281, 35.268, 35.225, 34.906, 34.716, 34.768, 34.622, 34.45, 34.526, 34.566, 34.674, 34.985, 35.348, 35.479, 35.439, 35.529, 35.594, 35.393, 35.515, 36.027, 36.339, 36.337, 36.279, 36.032, 35.609, 35.346, 35.098, 34.561, 34.274, 34.953, 35.931, 36.617, 36.876, 36.694, 36.239, 35.986, 36.031, 35.906, 35.536, 35.206, 35.142, 35.456, 35.939, 36.014, 35.762, 35.554, 35.673, 35.994, 35.958, 35.856, 35.454, 35.11, 35.359, 35.941, 36.077, 35.739, 35.283, 34.722, 34.498, 34.674, 34.537, 32.937], [32.17, 31.152, 28.606, 25.714, 22.374, 18.0, 14.25, 11.258, 6.525, 0.0, 6.506, 10.792, 13.513, 17.783, 22.523, 25.035, 26.362, 26.866, 26.946, 27.548, 28.704, 29.792, 30.378, 31.199, 32.233, 33.113, 33.833, 34.265, 34.509, 34.952, 35.59, 35.932, 36.033, 35.981, 35.672, 35.488, 35.896, 36.21, 36.559, 37.714, 38.573, 38.575, 39.002, 40.159, 41.051, 41.489, 41.672, 41.583, 41.46, 41.456, 41.538, 41.274, 40.931, 40.671, 40.448, 40.179, 40.163, 40.34, 40.505, 40.698, 41.185, 41.874, 41.93, 41.505, 41.205, 40.606, 39.449, 38.143, 37.372, 37.223, 37.314, 37.481, 37.82, 38.267, 38.253, 37.947, 37.884, 38.002, 37.834, 37.723, 38.149, 38.601, 38.438, 38.258, 38.872, 39.95, 40.25, 40.06, 40.286, 40.792, 40.563, 39.766, 39.032, 38.448, 38.167, 37.965, 37.469, 37.553, 37.835, 37.525, 37.333, 37.781, 37.978, 37.625, 37.239, 37.191, 36.891, 36.273, 36.071, 36.215, 36.452, 36.715, 36.775, 37.439, 38.607, 39.024, 38.586, 37.964, 37.78, 37.812, 37.769, 37.778, 37.653, 36.913, 36.093, 35.943, 35.82, 35.514, 35.359, 35.43, 35.787, 36.355, 36.564, 36.518, 36.854, 37.082, 36.528, 35.593, 35.102, 34.725, 34.229, 34.476, 35.3, 35.417, 35.657, 35.952, 35.741, 35.644, 35.847, 35.958, 36.005, 36.166, 36.235, 36.031, 35.588, 35.265, 35.218, 35.319, 35.521, 35.642, 35.739, 35.784, 35.721, 35.602, 35.625, 35.77, 35.738, 35.638, 35.556, 35.538, 35.496, 35.175, 34.979, 35.033, 34.892, 34.705, 34.755, 34.784, 34.873, 35.173, 35.543, 35.687, 35.652, 35.736, 35.791, 35.568, 35.686, 36.213, 36.543, 36.552, 36.507, 36.282, 35.859, 35.549, 35.24, 34.671, 34.382, 35.072, 36.055, 36.734, 36.986, 36.809, 36.371, 36.135, 36.187, 36.069, 35.714, 35.385, 35.316, 35.644, 36.145, 36.225, 35.958, 35.729, 35.866, 36.239, 36.223, 36.116, 35.721, 35.4, 35.63, 36.204, 36.376, 36.065, 35.587, 34.994, 34.765, 34.956, 34.846, 33.341], [32.513, 31.53, 29.149, 26.468, 23.376, 19.462, 16.377, 14.481, 11.524, 6.506, 0.0, 5.93, 10.724, 16.183, 21.421, 24.282, 25.787, 26.441, 26.701, 27.405, 28.559, 29.638, 30.284, 31.231, 32.404, 33.403, 34.202, 34.681, 34.953, 35.408, 36.062, 36.451, 36.613, 36.559, 36.197, 36.057, 36.58, 36.997, 37.402, 38.524, 39.341, 39.356, 39.793, 40.921, 41.786, 42.211, 42.371, 42.273, 42.17, 42.177, 42.252, 41.961, 41.58, 41.307, 41.1, 40.85, 40.828, 40.985, 41.136, 41.316, 41.786, 42.46, 42.524, 42.106, 41.796, 41.19, 40.044, 38.768, 37.991, 37.762, 37.756, 37.882, 38.22, 38.647, 38.59, 38.271, 38.215, 38.317, 38.128, 38.016, 38.449, 38.923, 38.789, 38.621, 39.229, 40.321, 40.653, 40.47, 40.69, 41.216, 41.044, 40.314, 39.622, 39.047, 38.741, 38.544, 38.154, 38.351, 38.663, 38.361, 38.16, 38.571, 38.74, 38.388, 38.017, 37.975, 37.656, 36.985, 36.768, 36.922, 37.135, 37.363, 37.368, 37.957, 39.103, 39.53, 39.07, 38.417, 38.229, 38.285, 38.276, 38.32, 38.215, 37.484, 36.66, 36.485, 36.351, 36.056, 35.903, 35.948, 36.267, 36.802, 37.0, 36.957, 37.274, 37.485, 36.94, 36.03, 35.624, 35.364, 34.87, 34.991, 35.744, 35.955, 36.297, 36.635, 36.433, 36.33, 36.53, 36.658, 36.742, 36.941, 37.024, 36.824, 36.395, 36.089, 36.051, 36.153, 36.34, 36.445, 36.526, 36.562, 36.506, 36.395, 36.395, 36.498, 36.465, 36.385, 36.313, 36.304, 36.28, 35.977, 35.781, 35.852, 35.745, 35.571, 35.608, 35.62, 35.695, 35.988, 36.357, 36.498, 36.453, 36.525, 36.563, 36.312, 36.393, 36.895, 37.218, 37.231, 37.186, 36.96, 36.525, 36.184, 35.856, 35.295, 35.029, 35.678, 36.598, 37.216, 37.423, 37.234, 36.817, 36.621, 36.701, 36.594, 36.241, 35.902, 35.792, 36.086, 36.59, 36.691, 36.432, 36.208, 36.384, 36.795, 36.805, 36.692, 36.278, 35.927, 36.108, 36.65, 36.827, 36.53, 36.036, 35.426, 35.228, 35.467, 35.391, 33.562], [33.738, 32.793, 30.571, 28.068, 25.14, 21.565, 18.691, 16.736, 14.288, 10.792, 5.93, 0.0, 6.854, 14.063, 20.058, 23.372, 25.225, 26.076, 26.42, 27.19, 28.404, 29.521, 30.208, 31.202, 32.399, 33.414, 34.245, 34.76, 35.041, 35.489, 36.145, 36.546, 36.721, 36.69, 36.356, 36.207, 36.72, 37.194, 37.657, 38.739, 39.507, 39.533, 39.968, 41.061, 41.906, 42.322, 42.477, 42.401, 42.328, 42.336, 42.409, 42.137, 41.775, 41.514, 41.323, 41.09, 41.074, 41.221, 41.365, 41.539, 42.005, 42.692, 42.782, 42.384, 42.097, 41.512, 40.37, 39.11, 38.349, 38.122, 38.134, 38.271, 38.599, 38.994, 38.912, 38.583, 38.517, 38.605, 38.416, 38.321, 38.752, 39.192, 39.014, 38.836, 39.453, 40.543, 40.875, 40.691, 40.906, 41.425, 41.256, 40.538, 39.87, 39.337, 39.061, 38.872, 38.505, 38.701, 38.97, 38.668, 38.483, 38.859, 38.973, 38.617, 38.275, 38.244, 37.921, 37.259, 37.052, 37.206, 37.393, 37.592, 37.55, 38.07, 39.179, 39.628, 39.233, 38.647, 38.508, 38.586, 38.573, 38.615, 38.525, 37.849, 37.137, 37.047, 36.935, 36.655, 36.533, 36.594, 36.908, 37.419, 37.594, 37.532, 37.812, 38.0, 37.477, 36.595, 36.187, 35.903, 35.394, 35.49, 36.209, 36.386, 36.706, 37.02, 36.794, 36.676, 36.865, 36.975, 37.042, 37.239, 37.325, 37.135, 36.723, 36.423, 36.388, 36.498, 36.682, 36.778, 36.849, 36.882, 36.828, 36.717, 36.693, 36.759, 36.719, 36.651, 36.585, 36.571, 36.547, 36.251, 36.051, 36.13, 36.058, 35.936, 35.999, 36.007, 36.08, 36.391, 36.781, 36.923, 36.882, 36.964, 37.008, 36.754, 36.795, 37.232, 37.536, 37.558, 37.498, 37.241, 36.787, 36.445, 36.147, 35.65, 35.452, 36.081, 36.949, 37.523, 37.699, 37.507, 37.108, 36.936, 37.033, 36.932, 36.571, 36.219, 36.096, 36.375, 36.878, 37.002, 36.783, 36.6, 36.788, 37.171, 37.169, 37.054, 36.636, 36.291, 36.474, 36.997, 37.153, 36.85, 36.341, 35.724, 35.54, 35.787, 35.712, 34.738], [35.417, 34.508, 32.382, 29.968, 27.17, 23.807, 21.064, 19.01, 16.404, 13.513, 10.724, 6.854, 0.0, 8.524, 15.937, 20.202, 22.644, 23.737, 24.179, 25.153, 26.641, 27.954, 28.771, 29.909, 31.187, 32.196, 33.029, 33.577, 33.87, 34.318, 34.985, 35.384, 35.547, 35.544, 35.291, 35.18, 35.65, 36.077, 36.554, 37.721, 38.531, 38.55, 38.99, 40.102, 40.951, 41.355, 41.504, 41.43, 41.354, 41.357, 41.438, 41.187, 40.86, 40.645, 40.474, 40.23, 40.211, 40.373, 40.531, 40.718, 41.194, 41.891, 41.975, 41.577, 41.305, 40.702, 39.51, 38.216, 37.482, 37.391, 37.613, 37.868, 38.165, 38.531, 38.531, 38.298, 38.255, 38.326, 38.153, 38.126, 38.594, 38.957, 38.679, 38.511, 39.211, 40.319, 40.63, 40.458, 40.699, 41.202, 40.966, 40.181, 39.488, 39.001, 38.824, 38.652, 38.127, 38.089, 38.21, 37.865, 37.697, 38.083, 38.17, 37.8, 37.472, 37.442, 37.071, 36.372, 36.144, 36.27, 36.422, 36.59, 36.545, 37.075, 38.2, 38.664, 38.352, 37.921, 37.928, 38.051, 37.991, 37.977, 37.885, 37.286, 36.729, 36.764, 36.661, 36.361, 36.247, 36.337, 36.697, 37.24, 37.418, 37.35, 37.638, 37.851, 37.359, 36.488, 35.983, 35.475, 34.862, 35.08, 35.858, 35.833, 35.968, 36.195, 35.905, 35.757, 35.943, 36.042, 36.075, 36.23, 36.304, 36.121, 35.7, 35.375, 35.328, 35.442, 35.619, 35.705, 35.773, 35.802, 35.724, 35.593, 35.566, 35.623, 35.556, 35.465, 35.39, 35.358, 35.316, 35.011, 34.813, 34.891, 34.814, 34.728, 34.84, 34.864, 34.953, 35.301, 35.728, 35.884, 35.857, 35.975, 36.048, 35.819, 35.907, 36.364, 36.68, 36.693, 36.604, 36.312, 35.855, 35.55, 35.292, 34.814, 34.67, 35.385, 36.316, 36.921, 37.12, 36.945, 36.537, 36.345, 36.43, 36.318, 35.932, 35.566, 35.478, 35.815, 36.354, 36.485, 36.277, 36.118, 36.327, 36.69, 36.65, 36.538, 36.159, 35.901, 36.145, 36.656, 36.776, 36.45, 35.946, 35.334, 35.102, 35.274, 35.139, 36.506], [37.4, 36.531, 34.503, 32.208, 29.677, 26.716, 24.321, 22.557, 20.253, 17.783, 16.183, 14.063, 8.524, 0.0, 8.856, 14.912, 18.52, 19.989, 20.643, 22.048, 23.977, 25.594, 26.691, 28.153, 29.657, 30.743, 31.609, 32.225, 32.57, 33.022, 33.682, 34.09, 34.283, 34.337, 34.177, 34.184, 34.686, 35.035, 35.476, 36.738, 37.623, 37.664, 38.129, 39.262, 40.11, 40.488, 40.606, 40.504, 40.405, 40.398, 40.477, 40.239, 39.946, 39.765, 39.589, 39.324, 39.305, 39.488, 39.677, 39.889, 40.352, 41.026, 41.091, 40.697, 40.45, 39.831, 38.586, 37.267, 36.595, 36.673, 37.099, 37.482, 37.748, 38.06, 38.167, 38.113, 38.153, 38.206, 38.034, 38.095, 38.652, 38.963, 38.599, 38.454, 39.255, 40.37, 40.644, 40.5, 40.775, 41.217, 40.867, 40.004, 39.293, 38.851, 38.772, 38.606, 37.87, 37.55, 37.521, 37.128, 36.971, 37.389, 37.478, 37.098, 36.769, 36.72, 36.274, 35.495, 35.206, 35.291, 35.427, 35.606, 35.581, 36.141, 37.299, 37.77, 37.511, 37.239, 37.404, 37.569, 37.451, 37.369, 37.269, 36.739, 36.322, 36.467, 36.37, 36.044, 35.917, 36.01, 36.408, 36.992, 37.186, 37.128, 37.443, 37.703, 37.27, 36.422, 35.786, 34.974, 34.226, 34.609, 35.464, 35.194, 35.098, 35.234, 34.894, 34.727, 34.922, 35.039, 35.071, 35.2, 35.258, 35.078, 34.647, 34.305, 34.261, 34.371, 34.521, 34.595, 34.673, 34.693, 34.577, 34.42, 34.387, 34.437, 34.322, 34.173, 34.077, 34.03, 33.973, 33.681, 33.51, 33.589, 33.474, 33.377, 33.51, 33.554, 33.665, 34.044, 34.515, 34.695, 34.682, 34.821, 34.903, 34.698, 34.88, 35.412, 35.757, 35.747, 35.619, 35.293, 34.847, 34.602, 34.392, 33.904, 33.745, 34.516, 35.511, 36.164, 36.411, 36.274, 35.875, 35.669, 35.732, 35.597, 35.187, 34.822, 34.773, 35.146, 35.687, 35.801, 35.583, 35.436, 35.67, 36.029, 35.951, 35.842, 35.501, 35.317, 35.613, 36.125, 36.235, 35.907, 35.448, 34.886, 34.603, 34.668, 34.456, 38.569], [39.459, 38.637, 36.719, 34.587, 32.384, 29.898, 27.874, 26.379, 24.49, 22.523, 21.421, 20.058, 15.937, 8.856, 0.0, 8.143, 13.773, 16.067, 17.071, 19.026, 21.492, 23.49, 24.953, 26.766, 28.499, 29.707, 30.668, 31.418, 31.858, 32.312, 32.952, 33.403, 33.684, 33.847, 33.842, 34.029, 34.615, 34.941, 35.343, 36.604, 37.515, 37.592, 38.056, 39.148, 39.969, 40.333, 40.436, 40.325, 40.229, 40.209, 40.263, 40.043, 39.788, 39.608, 39.408, 39.13, 39.121, 39.332, 39.554, 39.782, 40.205, 40.829, 40.889, 40.523, 40.327, 39.752, 38.521, 37.24, 36.684, 36.902, 37.412, 37.839, 38.076, 38.352, 38.542, 38.636, 38.741, 38.76, 38.589, 38.727, 39.32, 39.583, 39.202, 39.076, 39.866, 40.897, 41.123, 41.014, 41.297, 41.648, 41.194, 40.283, 39.572, 39.163, 39.148, 38.988, 38.138, 37.653, 37.543, 37.144, 37.014, 37.45, 37.537, 37.152, 36.823, 36.757, 36.293, 35.51, 35.197, 35.249, 35.37, 35.571, 35.561, 36.096, 37.215, 37.686, 37.474, 37.307, 37.553, 37.727, 37.57, 37.44, 37.348, 36.902, 36.614, 36.828, 36.738, 36.428, 36.317, 36.408, 36.813, 37.421, 37.635, 37.584, 37.891, 38.172, 37.81, 37.009, 36.267, 35.226, 34.384, 34.855, 35.707, 35.266, 35.015, 35.102, 34.771, 34.618, 34.811, 34.941, 34.994, 35.118, 35.171, 35.001, 34.587, 34.247, 34.206, 34.301, 34.406, 34.458, 34.545, 34.573, 34.445, 34.278, 34.243, 34.294, 34.16, 33.973, 33.858, 33.802, 33.736, 33.471, 33.336, 33.438, 33.327, 33.212, 33.336, 33.391, 33.499, 33.863, 34.346, 34.547, 34.543, 34.656, 34.695, 34.475, 34.684, 35.255, 35.638, 35.634, 35.487, 35.154, 34.75, 34.573, 34.428, 33.967, 33.763, 34.46, 35.408, 36.057, 36.336, 36.254, 35.916, 35.732, 35.762, 35.597, 35.199, 34.869, 34.839, 35.192, 35.696, 35.804, 35.596, 35.457, 35.661, 35.965, 35.855, 35.755, 35.437, 35.282, 35.592, 36.119, 36.259, 35.971, 35.558, 35.055, 34.752, 34.742, 34.484, 40.601], [40.433, 39.649, 37.807, 35.828, 33.875, 31.673, 29.815, 28.408, 26.703, 25.035, 24.282, 23.372, 20.202, 14.912, 8.143, 0.0, 7.298, 11.06, 12.747, 15.137, 18.219, 20.805, 22.704, 24.938, 26.995, 28.412, 29.539, 30.428, 30.934, 31.428, 32.137, 32.701, 33.099, 33.366, 33.488, 33.818, 34.462, 34.788, 35.183, 36.477, 37.428, 37.501, 37.962, 39.07, 39.878, 40.248, 40.391, 40.305, 40.214, 40.183, 40.237, 40.034, 39.781, 39.579, 39.37, 39.105, 39.125, 39.374, 39.612, 39.829, 40.218, 40.794, 40.822, 40.463, 40.313, 39.772, 38.536, 37.287, 36.846, 37.167, 37.694, 38.116, 38.357, 38.648, 38.901, 39.078, 39.201, 39.187, 39.027, 39.205, 39.77, 39.999, 39.657, 39.57, 40.312, 41.248, 41.431, 41.327, 41.605, 41.91, 41.385, 40.411, 39.662, 39.247, 39.258, 39.114, 38.206, 37.615, 37.463, 37.066, 36.945, 37.378, 37.454, 37.062, 36.739, 36.681, 36.217, 35.438, 35.149, 35.199, 35.288, 35.49, 35.53, 36.091, 37.197, 37.664, 37.462, 37.339, 37.624, 37.806, 37.647, 37.506, 37.423, 37.028, 36.794, 37.036, 36.957, 36.658, 36.563, 36.659, 37.07, 37.704, 37.936, 37.865, 38.145, 38.423, 38.109, 37.385, 36.632, 35.476, 34.564, 35.069, 35.913, 35.394, 35.073, 35.13, 34.808, 34.663, 34.847, 34.95, 34.966, 35.052, 35.088, 34.912, 34.492, 34.138, 34.082, 34.15, 34.224, 34.261, 34.348, 34.396, 34.281, 34.124, 34.1, 34.163, 34.04, 33.858, 33.736, 33.675, 33.594, 33.31, 33.193, 33.343, 33.288, 33.173, 33.267, 33.318, 33.42, 33.753, 34.195, 34.392, 34.391, 34.462, 34.457, 34.232, 34.452, 35.056, 35.487, 35.507, 35.372, 35.087, 34.773, 34.674, 34.578, 34.129, 33.893, 34.551, 35.459, 36.088, 36.376, 36.342, 36.077, 35.935, 35.944, 35.748, 35.354, 35.043, 35.018, 35.363, 35.864, 35.998, 35.809, 35.613, 35.657, 35.832, 35.707, 35.628, 35.315, 35.151, 35.459, 36.013, 36.178, 35.921, 35.512, 35.004, 34.689, 34.665, 34.375, 41.508], [40.782, 40.015, 38.226, 36.368, 34.585, 32.548, 30.781, 29.456, 27.898, 26.362, 25.787, 25.225, 22.644, 18.52, 13.773, 7.298, 0.0, 5.273, 8.511, 11.476, 14.955, 18.151, 20.527, 23.213, 25.701, 27.439, 28.75, 29.714, 30.261, 30.838, 31.655, 32.308, 32.772, 33.067, 33.196, 33.579, 34.239, 34.55, 34.957, 36.312, 37.312, 37.381, 37.866, 39.015, 39.816, 40.188, 40.361, 40.282, 40.19, 40.168, 40.234, 40.019, 39.739, 39.53, 39.336, 39.088, 39.126, 39.395, 39.639, 39.842, 40.218, 40.768, 40.756, 40.381, 40.245, 39.722, 38.482, 37.231, 36.823, 37.197, 37.746, 38.177, 38.431, 38.739, 39.023, 39.232, 39.364, 39.346, 39.18, 39.349, 39.895, 40.136, 39.823, 39.738, 40.46, 41.371, 41.54, 41.434, 41.718, 42.022, 41.469, 40.443, 39.652, 39.217, 39.233, 39.088, 38.131, 37.48, 37.319, 36.91, 36.769, 37.191, 37.258, 36.843, 36.513, 36.468, 36.007, 35.227, 34.967, 35.027, 35.094, 35.302, 35.391, 35.978, 37.09, 37.561, 37.362, 37.261, 37.574, 37.757, 37.593, 37.453, 37.381, 37.014, 36.801, 37.069, 37.003, 36.705, 36.624, 36.718, 37.118, 37.762, 37.988, 37.885, 38.144, 38.414, 38.112, 37.422, 36.68, 35.502, 34.566, 35.081, 35.922, 35.364, 35.025, 35.09, 34.778, 34.625, 34.8, 34.896, 34.88, 34.921, 34.933, 34.742, 34.297, 33.919, 33.849, 33.907, 33.979, 34.027, 34.121, 34.168, 34.052, 33.898, 33.873, 33.929, 33.794, 33.609, 33.488, 33.429, 33.33, 33.025, 32.919, 33.106, 33.099, 32.981, 33.061, 33.12, 33.217, 33.522, 33.922, 34.099, 34.1, 34.159, 34.152, 33.979, 34.29, 34.977, 35.427, 35.437, 35.313, 35.066, 34.8, 34.746, 34.683, 34.219, 33.939, 34.592, 35.487, 36.1, 36.392, 36.37, 36.125, 36.019, 36.038, 35.819, 35.403, 35.082, 35.036, 35.369, 35.868, 36.006, 35.805, 35.524, 35.419, 35.511, 35.392, 35.323, 35.001, 34.826, 35.133, 35.719, 35.92, 35.684, 35.269, 34.743, 34.43, 34.415, 34.118, 41.848], [40.903, 40.136, 38.357, 36.518, 34.761, 32.754, 31.015, 29.733, 28.278, 26.866, 26.441, 26.076, 23.737, 19.989, 16.067, 11.06, 5.273, 0.0, 4.76, 8.925, 12.796, 16.217, 18.866, 21.919, 24.756, 26.756, 28.202, 29.197, 29.767, 30.401, 31.275, 31.96, 32.44, 32.728, 32.824, 33.207, 33.9, 34.226, 34.649, 36.051, 37.094, 37.176, 37.682, 38.853, 39.669, 40.051, 40.231, 40.134, 40.031, 40.018, 40.084, 39.846, 39.548, 39.349, 39.168, 38.923, 38.965, 39.238, 39.482, 39.687, 40.086, 40.649, 40.616, 40.217, 40.069, 39.542, 38.289, 37.001, 36.57, 36.972, 37.567, 38.023, 38.282, 38.596, 38.895, 39.123, 39.289, 39.287, 39.108, 39.267, 39.832, 40.105, 39.801, 39.704, 40.432, 41.361, 41.532, 41.426, 41.714, 42.02, 41.453, 40.403, 39.589, 39.134, 39.153, 39.01, 38.012, 37.315, 37.141, 36.713, 36.556, 36.976, 37.028, 36.583, 36.241, 36.205, 35.739, 34.939, 34.669, 34.728, 34.799, 35.013, 35.102, 35.69, 36.822, 37.312, 37.117, 37.02, 37.338, 37.515, 37.335, 37.194, 37.132, 36.77, 36.562, 36.853, 36.798, 36.5, 36.432, 36.53, 36.935, 37.592, 37.815, 37.697, 37.957, 38.231, 37.925, 37.217, 36.44, 35.234, 34.286, 34.815, 35.666, 35.07, 34.718, 34.805, 34.494, 34.325, 34.504, 34.615, 34.597, 34.623, 34.625, 34.422, 33.951, 33.553, 33.486, 33.561, 33.657, 33.726, 33.823, 33.856, 33.727, 33.56, 33.529, 33.584, 33.437, 33.244, 33.128, 33.076, 32.964, 32.642, 32.532, 32.723, 32.727, 32.618, 32.715, 32.79, 32.886, 33.179, 33.564, 33.726, 33.729, 33.795, 33.794, 33.661, 34.063, 34.83, 35.277, 35.261, 35.124, 34.86, 34.576, 34.527, 34.483, 34.018, 33.718, 34.371, 35.278, 35.908, 36.22, 36.192, 35.912, 35.794, 35.821, 35.59, 35.152, 34.836, 34.791, 35.125, 35.625, 35.75, 35.524, 35.201, 35.048, 35.113, 34.993, 34.93, 34.608, 34.431, 34.75, 35.361, 35.588, 35.371, 34.975, 34.445, 34.11, 34.076, 33.763, 41.981], [40.827, 40.059, 38.285, 36.426, 34.622, 32.583, 30.822, 29.534, 28.166, 26.946, 26.701, 26.42, 24.179, 20.643, 17.071, 12.747, 8.511, 4.76, 0.0, 5.39, 10.432, 14.26, 16.927, 20.195, 23.307, 25.518, 27.112, 28.177, 28.772, 29.437, 30.368, 31.115, 31.632, 31.936, 32.069, 32.524, 33.307, 33.684, 34.154, 35.627, 36.713, 36.806, 37.325, 38.524, 39.39, 39.819, 40.014, 39.896, 39.772, 39.743, 39.797, 39.545, 39.238, 39.041, 38.863, 38.622, 38.669, 38.944, 39.187, 39.411, 39.855, 40.458, 40.426, 40.01, 39.851, 39.298, 38.0, 36.669, 36.219, 36.637, 37.258, 37.726, 38.005, 38.333, 38.63, 38.865, 39.071, 39.094, 38.906, 39.073, 39.672, 39.968, 39.657, 39.548, 40.296, 41.252, 41.419, 41.299, 41.586, 41.891, 41.316, 40.256, 39.434, 38.963, 38.98, 38.837, 37.812, 37.087, 36.893, 36.447, 36.287, 36.727, 36.79, 36.335, 35.984, 35.951, 35.468, 34.638, 34.338, 34.383, 34.446, 34.648, 34.737, 35.353, 36.518, 37.022, 36.825, 36.733, 37.071, 37.263, 37.084, 36.946, 36.884, 36.502, 36.281, 36.602, 36.562, 36.248, 36.17, 36.273, 36.694, 37.37, 37.593, 37.467, 37.73, 38.005, 37.689, 36.97, 36.162, 34.91, 33.944, 34.501, 35.371, 34.735, 34.364, 34.469, 34.147, 33.962, 34.143, 34.263, 34.239, 34.259, 34.256, 34.042, 33.548, 33.136, 33.073, 33.162, 33.283, 33.369, 33.475, 33.508, 33.373, 33.195, 33.161, 33.228, 33.091, 32.904, 32.79, 32.742, 32.625, 32.284, 32.165, 32.351, 32.341, 32.22, 32.324, 32.412, 32.517, 32.811, 33.185, 33.329, 33.316, 33.374, 33.365, 33.228, 33.669, 34.494, 34.958, 34.937, 34.788, 34.494, 34.175, 34.111, 34.063, 33.594, 33.291, 33.969, 34.913, 35.566, 35.886, 35.851, 35.548, 35.417, 35.45, 35.221, 34.782, 34.472, 34.438, 34.791, 35.31, 35.43, 35.197, 34.883, 34.751, 34.818, 34.697, 34.651, 34.337, 34.149, 34.465, 35.078, 35.306, 35.096, 34.709, 34.162, 33.792, 33.73, 33.384, 41.898], [40.787, 40.028, 38.31, 36.508, 34.74, 32.753, 31.024, 29.789, 28.58, 27.548, 27.405, 27.19, 25.153, 22.048, 19.026, 15.137, 11.476, 8.925, 5.39, 0.0, 6.228, 11.12, 14.088, 17.502, 20.91, 23.454, 25.325, 26.544, 27.221, 27.992, 29.065, 29.958, 30.586, 30.947, 31.171, 31.805, 32.754, 33.2, 33.745, 35.315, 36.448, 36.554, 37.099, 38.321, 39.221, 39.704, 39.929, 39.81, 39.67, 39.626, 39.673, 39.421, 39.101, 38.896, 38.727, 38.494, 38.552, 38.838, 39.09, 39.327, 39.802, 40.441, 40.422, 40.011, 39.858, 39.295, 37.96, 36.615, 36.171, 36.587, 37.191, 37.641, 37.935, 38.28, 38.566, 38.785, 38.988, 39.02, 38.828, 38.978, 39.556, 39.83, 39.498, 39.364, 40.092, 41.043, 41.207, 41.078, 41.359, 41.668, 41.102, 40.058, 39.251, 38.777, 38.779, 38.633, 37.613, 36.891, 36.69, 36.238, 36.073, 36.515, 36.588, 36.134, 35.786, 35.761, 35.282, 34.48, 34.22, 34.268, 34.301, 34.484, 34.605, 35.246, 36.39, 36.867, 36.665, 36.607, 36.988, 37.203, 37.037, 36.903, 36.831, 36.443, 36.245, 36.611, 36.582, 36.247, 36.154, 36.253, 36.671, 37.346, 37.562, 37.421, 37.675, 37.943, 37.633, 36.946, 36.164, 34.916, 33.938, 34.492, 35.354, 34.71, 34.351, 34.467, 34.137, 33.938, 34.115, 34.237, 34.212, 34.223, 34.215, 33.995, 33.486, 33.056, 32.98, 33.068, 33.195, 33.282, 33.39, 33.43, 33.301, 33.119, 33.077, 33.146, 33.022, 32.845, 32.72, 32.664, 32.54, 32.182, 32.051, 32.249, 32.244, 32.089, 32.173, 32.274, 32.402, 32.708, 33.077, 33.208, 33.18, 33.219, 33.193, 33.047, 33.509, 34.384, 34.878, 34.868, 34.721, 34.42, 34.084, 33.992, 33.914, 33.433, 33.147, 33.85, 34.802, 35.444, 35.744, 35.701, 35.419, 35.318, 35.358, 35.14, 34.726, 34.423, 34.381, 34.746, 35.29, 35.413, 35.171, 34.844, 34.697, 34.758, 34.657, 34.63, 34.321, 34.121, 34.417, 35.018, 35.235, 35.01, 34.605, 34.036, 33.654, 33.587, 33.213, 41.812], [40.937, 40.19, 38.546, 36.857, 35.209, 33.342, 31.701, 30.585, 29.589, 28.704, 28.559, 28.404, 26.641, 23.977, 21.492, 18.219, 14.955, 12.796, 10.432, 6.228, 0.0, 6.028, 10.228, 14.371, 18.219, 21.215, 23.459, 24.856, 25.669, 26.643, 27.929, 29.013, 29.799, 30.228, 30.514, 31.339, 32.474, 32.988, 33.587, 35.215, 36.392, 36.525, 37.097, 38.329, 39.241, 39.764, 40.022, 39.928, 39.807, 39.77, 39.822, 39.569, 39.225, 38.994, 38.824, 38.598, 38.661, 38.954, 39.218, 39.459, 39.953, 40.629, 40.626, 40.216, 40.068, 39.503, 38.144, 36.788, 36.343, 36.736, 37.315, 37.744, 38.03, 38.376, 38.675, 38.899, 39.078, 39.097, 38.911, 39.045, 39.581, 39.816, 39.466, 39.299, 39.973, 40.902, 41.069, 40.941, 41.221, 41.541, 40.999, 39.981, 39.193, 38.717, 38.709, 38.569, 37.565, 36.846, 36.641, 36.192, 36.014, 36.43, 36.486, 36.028, 35.697, 35.691, 35.218, 34.466, 34.292, 34.36, 34.36, 34.538, 34.68, 35.301, 36.385, 36.808, 36.6, 36.583, 37.003, 37.232, 37.074, 36.943, 36.864, 36.498, 36.355, 36.763, 36.741, 36.396, 36.292, 36.371, 36.769, 37.427, 37.633, 37.475, 37.711, 37.974, 37.691, 37.061, 36.336, 35.145, 34.163, 34.649, 35.439, 34.8, 34.488, 34.63, 34.303, 34.089, 34.264, 34.407, 34.416, 34.448, 34.439, 34.216, 33.693, 33.244, 33.153, 33.238, 33.355, 33.428, 33.535, 33.583, 33.467, 33.294, 33.251, 33.312, 33.184, 33.011, 32.88, 32.804, 32.658, 32.282, 32.139, 32.345, 32.354, 32.171, 32.228, 32.34, 32.487, 32.799, 33.17, 33.305, 33.272, 33.298, 33.265, 33.132, 33.628, 34.536, 35.034, 35.026, 34.878, 34.575, 34.239, 34.134, 34.033, 33.55, 33.303, 34.02, 34.949, 35.57, 35.852, 35.805, 35.548, 35.482, 35.526, 35.312, 34.93, 34.647, 34.578, 34.922, 35.48, 35.609, 35.351, 35.0, 34.807, 34.848, 34.771, 34.757, 34.445, 34.228, 34.514, 35.114, 35.327, 35.089, 34.667, 34.09, 33.716, 33.661, 33.271, 41.901], [41.288, 40.554, 38.959, 37.345, 35.779, 34.005, 32.443, 31.414, 30.565, 29.792, 29.638, 29.521, 27.954, 25.594, 23.49, 20.805, 18.151, 16.217, 14.26, 11.12, 6.028, 0.0, 5.776, 11.529, 16.214, 19.694, 22.272, 23.815, 24.728, 25.865, 27.323, 28.565, 29.473, 29.951, 30.284, 31.239, 32.488, 33.057, 33.696, 35.338, 36.532, 36.675, 37.24, 38.471, 39.413, 39.972, 40.254, 40.183, 40.086, 40.07, 40.142, 39.892, 39.519, 39.251, 39.074, 38.858, 38.912, 39.19, 39.453, 39.692, 40.19, 40.882, 40.885, 40.47, 40.322, 39.759, 38.407, 37.062, 36.617, 36.969, 37.506, 37.927, 38.21, 38.549, 38.847, 39.072, 39.236, 39.251, 39.084, 39.221, 39.735, 39.947, 39.596, 39.42, 40.067, 40.988, 41.166, 41.039, 41.311, 41.637, 41.127, 40.149, 39.384, 38.914, 38.916, 38.794, 37.806, 37.084, 36.889, 36.46, 36.276, 36.664, 36.714, 36.273, 35.974, 35.984, 35.51, 34.773, 34.625, 34.696, 34.667, 34.823, 34.939, 35.513, 36.56, 36.955, 36.739, 36.727, 37.155, 37.395, 37.25, 37.126, 37.04, 36.669, 36.534, 36.944, 36.928, 36.59, 36.475, 36.534, 36.906, 37.532, 37.722, 37.557, 37.78, 38.034, 37.776, 37.208, 36.564, 35.455, 34.49, 34.907, 35.63, 35.013, 34.753, 34.918, 34.591, 34.369, 34.539, 34.69, 34.732, 34.802, 34.804, 34.575, 34.052, 33.609, 33.524, 33.612, 33.722, 33.791, 33.895, 33.943, 33.835, 33.679, 33.643, 33.694, 33.567, 33.405, 33.281, 33.194, 33.029, 32.641, 32.493, 32.694, 32.708, 32.51, 32.543, 32.656, 32.804, 33.106, 33.482, 33.628, 33.596, 33.615, 33.58, 33.456, 33.949, 34.83, 35.303, 35.299, 35.148, 34.83, 34.505, 34.43, 34.352, 33.894, 33.687, 34.398, 35.294, 35.895, 36.172, 36.125, 35.874, 35.813, 35.857, 35.646, 35.286, 35.034, 34.955, 35.264, 35.814, 35.958, 35.72, 35.39, 35.174, 35.182, 35.107, 35.098, 34.788, 34.55, 34.81, 35.379, 35.556, 35.294, 34.867, 34.301, 33.945, 33.901, 33.513, 42.187], [41.547, 40.822, 39.258, 37.675, 36.124, 34.387, 32.884, 31.9, 31.078, 30.378, 30.284, 30.208, 28.771, 26.691, 24.953, 22.704, 20.527, 18.866, 16.927, 14.088, 10