[[0.0, 3.954, 7.894, 12.058, 15.548, 17.457, 19.298, 24.281, 31.253, 35.683, 35.886, 36.075, 38.652, 39.995, 40.403, 41.082, 42.081, 42.65, 42.719, 42.818, 43.146, 43.409, 43.196, 42.764, 42.735, 43.087, 43.393, 43.696, 43.912, 43.974, 43.912, 43.776, 43.712, 43.842, 44.015, 43.932, 43.636, 43.368, 43.22, 44.459, 45.762, 46.129, 46.5, 46.92, 47.33, 47.427, 47.386, 47.497, 47.529, 47.464, 47.755, 48.027, 47.626, 47.189, 47.21, 47.357, 47.557, 47.8, 47.841, 47.554, 47.213, 46.828, 46.571, 46.156, 44.574, 43.351, 44.321, 45.478, 45.613, 44.893, 44.825, 45.317, 45.734, 45.793, 45.888, 46.237, 46.434, 46.382, 46.367, 46.383, 46.201, 46.337, 46.415, 45.98, 45.538, 45.602, 45.569, 45.031, 44.702, 45.189, 45.301, 45.405, 46.293, 47.497, 48.138, 48.44, 48.367, 47.772, 47.121, 47.025, 47.488, 47.928, 48.281, 48.581, 48.407, 48.08, 48.058, 47.94, 47.614, 47.427, 46.999, 46.244, 45.728, 44.833, 43.283, 43.704, 44.968, 44.826, 45.26, 46.429, 47.0, 47.227, 47.202, 47.111, 47.196, 47.405, 47.645, 47.808, 47.803, 48.072, 48.86, 49.565, 49.671, 49.438, 49.065, 48.603, 48.236, 48.288, 48.795, 48.688, 46.955, 44.712, 43.188, 42.814, 43.003, 5.53], [3.954, 0.0, 4.84, 9.881, 13.89, 15.921, 17.745, 22.975, 30.23, 34.78, 34.982, 35.128, 37.726, 39.112, 39.545, 40.255, 41.31, 41.916, 41.987, 42.088, 42.437, 42.731, 42.537, 42.097, 42.053, 42.416, 42.76, 43.133, 43.395, 43.439, 43.354, 43.224, 43.175, 43.309, 43.464, 43.353, 43.037, 42.766, 42.638, 43.976, 45.36, 45.736, 46.097, 46.549, 47.008, 47.122, 47.08, 47.192, 47.219, 47.152, 47.45, 47.725, 47.308, 46.852, 46.863, 47.013, 47.229, 47.49, 47.539, 47.251, 46.914, 46.529, 46.258, 45.817, 44.173, 42.897, 43.937, 45.155, 45.324, 44.587, 44.485, 44.965, 45.387, 45.456, 45.573, 45.949, 46.164, 46.115, 46.095, 46.111, 45.915, 46.035, 46.102, 45.646, 45.179, 45.222, 45.162, 44.582, 44.208, 44.709, 44.83, 44.93, 45.859, 47.124, 47.805, 48.126, 48.051, 47.435, 46.768, 46.681, 47.161, 47.613, 47.978, 48.28, 48.093, 47.757, 47.745, 47.629, 47.283, 47.07, 46.618, 45.84, 45.295, 44.347, 42.754, 43.265, 44.594, 44.426, 44.865, 46.085, 46.667, 46.877, 46.837, 46.733, 46.811, 47.016, 47.255, 47.428, 47.455, 47.768, 48.603, 49.339, 49.453, 49.206, 48.81, 48.323, 47.936, 47.994, 48.521, 48.395, 46.577, 44.241, 42.663, 42.283, 42.488, 8.05], [7.894, 4.84, 0.0, 5.751, 10.601, 13.122, 15.079, 20.748, 28.62, 33.515, 33.811, 34.045, 36.833, 38.312, 38.775, 39.553, 40.697, 41.354, 41.436, 41.538, 41.896, 42.218, 42.057, 41.642, 41.634, 42.042, 42.421, 42.85, 43.163, 43.227, 43.145, 43.025, 42.986, 43.123, 43.261, 43.122, 42.789, 42.5, 42.352, 43.723, 45.162, 45.549, 45.915, 46.402, 46.899, 47.035, 47.001, 47.113, 47.136, 47.071, 47.378, 47.643, 47.191, 46.707, 46.707, 46.854, 47.076, 47.348, 47.397, 47.09, 46.737, 46.347, 46.072, 45.617, 43.939, 42.631, 43.702, 44.909, 45.086, 44.387, 44.317, 44.823, 45.256, 45.338, 45.483, 45.878, 46.088, 46.013, 45.969, 45.988, 45.788, 45.899, 45.972, 45.536, 45.08, 45.129, 45.062, 44.449, 44.05, 44.555, 44.677, 44.761, 45.709, 47.021, 47.731, 48.065, 47.988, 47.354, 46.674, 46.595, 47.095, 47.564, 47.945, 48.257, 48.064, 47.722, 47.713, 47.603, 47.253, 47.033, 46.564, 45.764, 45.203, 44.25, 42.611, 43.096, 44.426, 44.245, 44.676, 45.904, 46.479, 46.68, 46.638, 46.522, 46.581, 46.784, 47.023, 47.194, 47.245, 47.598, 48.466, 49.221, 49.338, 49.084, 48.676, 48.176, 47.776, 47.834, 48.374, 48.236, 46.367, 43.998, 42.433, 42.061, 42.261, 10.474], [12.058, 9.881, 5.751, 0.0, 5.63, 9.174, 11.549, 17.648, 26.322, 31.776, 32.28, 32.775, 35.938, 37.557, 38.054, 38.945, 40.226, 40.959, 41.068, 41.169, 41.526, 41.88, 41.785, 41.448, 41.52, 42.012, 42.432, 42.869, 43.207, 43.313, 43.259, 43.16, 43.123, 43.248, 43.386, 43.25, 42.916, 42.592, 42.357, 43.694, 45.154, 45.55, 45.938, 46.456, 46.969, 47.121, 47.108, 47.233, 47.25, 47.178, 47.488, 47.735, 47.245, 46.756, 46.774, 46.917, 47.127, 47.399, 47.438, 47.103, 46.723, 46.327, 46.059, 45.601, 43.897, 42.533, 43.57, 44.718, 44.881, 44.267, 44.307, 44.877, 45.325, 45.412, 45.58, 45.986, 46.174, 46.055, 45.975, 45.993, 45.801, 45.91, 46.002, 45.618, 45.208, 45.288, 45.232, 44.605, 44.214, 44.734, 44.853, 44.91, 45.844, 47.164, 47.881, 48.214, 48.14, 47.504, 46.813, 46.734, 47.256, 47.754, 48.158, 48.48, 48.294, 47.953, 47.938, 47.822, 47.475, 47.259, 46.78, 45.964, 45.395, 44.468, 42.77, 43.087, 44.316, 44.127, 44.562, 45.78, 46.357, 46.59, 46.581, 46.464, 46.514, 46.726, 46.975, 47.138, 47.19, 47.557, 48.423, 49.162, 49.263, 48.999, 48.588, 48.084, 47.681, 47.743, 48.282, 48.134, 46.269, 43.963, 42.497, 42.14, 42.312, 13.836], [15.548, 13.89, 10.601, 5.63, 0.0, 4.65, 8.191, 14.784, 23.763, 29.642, 30.408, 31.226, 34.759, 36.508, 37.042, 38.07, 39.519, 40.356, 40.513, 40.624, 40.975, 41.36, 41.34, 41.091, 41.245, 41.815, 42.278, 42.714, 43.074, 43.229, 43.212, 43.149, 43.128, 43.247, 43.399, 43.297, 42.972, 42.583, 42.227, 43.548, 45.021, 45.424, 45.833, 46.367, 46.879, 47.037, 47.045, 47.196, 47.211, 47.12, 47.43, 47.667, 47.148, 46.655, 46.691, 46.835, 47.029, 47.299, 47.34, 46.99, 46.589, 46.183, 45.917, 45.442, 43.683, 42.239, 43.249, 44.351, 44.502, 43.957, 44.083, 44.7, 45.168, 45.26, 45.47, 45.904, 46.075, 45.912, 45.79, 45.793, 45.608, 45.711, 45.806, 45.458, 45.089, 45.215, 45.193, 44.556, 44.174, 44.747, 44.857, 44.891, 45.844, 47.175, 47.889, 48.221, 48.153, 47.507, 46.797, 46.717, 47.268, 47.811, 48.247, 48.579, 48.405, 48.077, 48.054, 47.924, 47.572, 47.356, 46.861, 46.02, 45.427, 44.487, 42.657, 42.726, 43.814, 43.609, 44.078, 45.329, 45.935, 46.244, 46.303, 46.205, 46.24, 46.446, 46.703, 46.864, 46.915, 47.288, 48.152, 48.87, 48.944, 48.671, 48.264, 47.763, 47.364, 47.439, 47.977, 47.808, 45.953, 43.738, 42.397, 42.081, 42.229, 16.922], [17.457, 15.921, 13.122, 9.174, 4.65, 0.0, 5.244, 13.333, 22.453, 28.296, 29.178, 30.184, 33.799, 35.551, 36.105, 37.202, 38.737, 39.638, 39.826, 39.942, 40.291, 40.688, 40.696, 40.483, 40.686, 41.312, 41.825, 42.292, 42.679, 42.866, 42.872, 42.843, 42.865, 43.001, 43.154, 43.069, 42.751, 42.302, 41.872, 43.213, 44.697, 45.104, 45.515, 46.051, 46.573, 46.731, 46.738, 46.91, 46.942, 46.853, 47.173, 47.408, 46.847, 46.301, 46.311, 46.448, 46.636, 46.915, 46.971, 46.621, 46.218, 45.816, 45.549, 45.054, 43.265, 41.797, 42.806, 43.895, 44.04, 43.506, 43.653, 44.271, 44.741, 44.841, 45.085, 45.549, 45.72, 45.542, 45.403, 45.406, 45.238, 45.343, 45.428, 45.079, 44.722, 44.869, 44.865, 44.222, 43.833, 44.436, 44.529, 44.55, 45.555, 46.917, 47.639, 47.981, 47.915, 47.246, 46.523, 46.452, 47.027, 47.596, 48.046, 48.371, 48.194, 47.875, 47.851, 47.709, 47.343, 47.124, 46.624, 45.765, 45.134, 44.137, 42.186, 42.102, 43.119, 42.894, 43.397, 44.718, 45.362, 45.711, 45.813, 45.725, 45.731, 45.904, 46.156, 46.333, 46.411, 46.815, 47.702, 48.419, 48.478, 48.203, 47.809, 47.317, 46.93, 47.024, 47.568, 47.373, 45.504, 43.332, 42.051, 41.771, 41.919, 18.68], [19.298, 17.745, 15.079, 11.549, 8.191, 5.244, 0.0, 9.74, 20.38, 26.733, 27.685, 29.043, 33.051, 34.87, 35.438, 36.597, 38.194, 39.131, 39.323, 39.435, 39.797, 40.225, 40.258, 40.065, 40.295, 40.979, 41.559, 42.035, 42.411, 42.617, 42.63, 42.599, 42.652, 42.823, 42.967, 42.861, 42.547, 42.082, 41.649, 43.039, 44.55, 44.953, 45.368, 45.941, 46.493, 46.643, 46.632, 46.804, 46.84, 46.753, 47.074, 47.286, 46.688, 46.14, 46.157, 46.276, 46.453, 46.745, 46.807, 46.441, 46.032, 45.65, 45.41, 44.935, 43.163, 41.656, 42.622, 43.71, 43.843, 43.284, 43.441, 44.071, 44.534, 44.614, 44.838, 45.302, 45.482, 45.302, 45.16, 45.172, 45.016, 45.125, 45.216, 44.891, 44.564, 44.707, 44.689, 44.064, 43.712, 44.322, 44.402, 44.394, 45.362, 46.715, 47.452, 47.785, 47.714, 47.057, 46.346, 46.284, 46.855, 47.413, 47.853, 48.168, 47.991, 47.685, 47.661, 47.508, 47.133, 46.917, 46.432, 45.575, 44.924, 43.919, 41.974, 41.908, 42.919, 42.676, 43.174, 44.522, 45.2, 45.573, 45.68, 45.579, 45.573, 45.752, 46.014, 46.198, 46.291, 46.717, 47.617, 48.324, 48.364, 48.085, 47.69, 47.183, 46.783, 46.888, 47.435, 47.201, 45.287, 43.111, 41.853, 41.575, 41.717, 20.524], [24.281, 22.975, 20.748, 17.648, 14.784, 13.333, 9.74, 0.0, 12.923, 21.32, 22.939, 25.181, 30.491, 32.745, 33.421, 34.913, 36.866, 37.984, 38.229, 38.35, 38.76, 39.309, 39.486, 39.396, 39.698, 40.485, 41.122, 41.543, 41.887, 42.127, 42.144, 42.104, 42.196, 42.44, 42.613, 42.498, 42.186, 41.702, 41.312, 42.875, 44.477, 44.865, 45.296, 45.923, 46.471, 46.586, 46.555, 46.701, 46.68, 46.544, 46.846, 47.038, 46.455, 46.018, 46.121, 46.236, 46.405, 46.724, 46.777, 46.363, 45.929, 45.568, 45.372, 44.914, 43.065, 41.341, 42.212, 43.307, 43.454, 42.892, 43.083, 43.8, 44.328, 44.392, 44.629, 45.141, 45.323, 45.091, 44.877, 44.836, 44.635, 44.713, 44.82, 44.557, 44.294, 44.47, 44.475, 43.858, 43.566, 44.289, 44.399, 44.317, 45.231, 46.591, 47.335, 47.633, 47.561, 46.945, 46.247, 46.178, 46.747, 47.319, 47.795, 48.147, 48.009, 47.73, 47.699, 47.523, 47.143, 46.921, 46.423, 45.535, 44.86, 43.884, 41.894, 41.752, 42.679, 42.386, 42.846, 44.153, 44.861, 45.362, 45.545, 45.428, 45.404, 45.619, 45.909, 46.079, 46.153, 46.581, 47.48, 48.152, 48.142, 47.842, 47.437, 46.891, 46.441, 46.541, 47.095, 46.798, 44.793, 42.591, 41.433, 41.197, 41.305, 25.209], [31.253, 30.23, 28.62, 26.322, 23.763, 22.453, 20.38, 12.923, 0.0, 10.924, 14.975, 19.732, 26.745, 29.361, 30.164, 32.389, 35.117, 36.614, 36.979, 37.107, 37.576, 38.344, 38.803, 38.951, 39.421, 40.288, 40.924, 41.288, 41.629, 41.931, 41.993, 41.994, 42.138, 42.402, 42.621, 42.562, 42.256, 41.743, 41.333, 42.907, 44.487, 44.852, 45.262, 45.795, 46.189, 46.217, 46.17, 46.286, 46.213, 46.037, 46.331, 46.539, 46.025, 45.704, 45.862, 45.97, 46.133, 46.459, 46.469, 45.979, 45.507, 45.185, 45.036, 44.569, 42.663, 40.849, 41.683, 42.68, 42.894, 42.572, 42.941, 43.745, 44.362, 44.46, 44.753, 45.296, 45.432, 45.124, 44.801, 44.649, 44.379, 44.438, 44.6, 44.44, 44.265, 44.534, 44.647, 44.065, 43.773, 44.553, 44.723, 44.568, 45.462, 46.802, 47.491, 47.735, 47.689, 47.172, 46.525, 46.434, 46.973, 47.561, 48.085, 48.477, 48.385, 48.144, 48.102, 47.903, 47.51, 47.245, 46.715, 45.827, 45.134, 44.198, 42.092, 41.438, 42.034, 41.585, 41.887, 43.14, 43.983, 44.74, 45.078, 44.984, 44.947, 45.185, 45.509, 45.667, 45.714, 46.107, 46.924, 47.461, 47.334, 47.01, 46.645, 46.119, 45.661, 45.748, 46.29, 45.975, 44.024, 42.021, 41.207, 41.166, 41.251, 31.815], [35.683, 34.78, 33.515, 31.776, 29.642, 28.296, 26.733, 21.32, 10.924, 0.0, 8.019, 17.621, 25.85, 28.036, 28.557, 31.389, 34.822, 36.634, 37.084, 37.224, 37.776, 38.746, 39.426, 39.764, 40.321, 41.194, 41.859, 42.218, 42.509, 42.797, 42.875, 42.877, 43.013, 43.241, 43.509, 43.537, 43.248, 42.792, 42.411, 43.816, 45.275, 45.621, 45.989, 46.375, 46.6, 46.556, 46.496, 46.582, 46.507, 46.349, 46.643, 46.845, 46.339, 46.02, 46.152, 46.243, 46.396, 46.699, 46.67, 46.164, 45.701, 45.407, 45.288, 44.869, 43.09, 41.362, 42.126, 42.995, 43.264, 43.185, 43.72, 44.481, 45.015, 45.12, 45.417, 45.915, 45.982, 45.631, 45.301, 45.152, 44.913, 45.009, 45.22, 45.123, 44.988, 45.297, 45.481, 44.99, 44.722, 45.369, 45.518, 45.442, 46.331, 47.554, 48.14, 48.352, 48.352, 47.959, 47.411, 47.328, 47.815, 48.36, 48.848, 49.214, 49.134, 48.91, 48.859, 48.649, 48.249, 47.961, 47.462, 46.665, 46.036, 45.148, 42.917, 41.844, 42.254, 41.693, 41.809, 43.047, 44.07, 44.943, 45.294, 45.216, 45.178, 45.411, 45.747, 45.91, 45.931, 46.245, 46.932, 47.322, 47.081, 46.743, 46.449, 46.007, 45.592, 45.639, 46.113, 45.853, 44.14, 42.456, 41.938, 42.033, 42.098, 36.14], [35.886, 34.982, 33.811, 32.28, 30.408, 29.178, 27.685, 22.939, 14.975, 8.019, 0.0, 12.33, 22.259, 24.752, 25.062, 28.105, 32.022, 34.081, 34.578, 34.768, 35.456, 36.605, 37.423, 37.823, 38.437, 39.435, 40.17, 40.532, 40.809, 41.062, 41.07, 41.037, 41.248, 41.632, 41.989, 42.071, 41.811, 41.329, 41.077, 42.783, 44.412, 44.768, 45.167, 45.638, 45.942, 45.93, 45.861, 45.935, 45.841, 45.675, 45.997, 46.224, 45.664, 45.27, 45.413, 45.541, 45.733, 46.095, 46.147, 45.714, 45.295, 45.003, 44.87, 44.455, 42.627, 40.854, 41.764, 42.801, 43.062, 42.75, 43.085, 43.776, 44.216, 44.267, 44.54, 45.06, 45.176, 44.874, 44.6, 44.513, 44.29, 44.378, 44.535, 44.323, 44.071, 44.312, 44.462, 43.911, 43.578, 44.292, 44.409, 44.393, 45.465, 46.837, 47.495, 47.747, 47.754, 47.269, 46.619, 46.529, 47.087, 47.703, 48.256, 48.688, 48.61, 48.332, 48.253, 48.035, 47.607, 47.289, 46.74, 45.878, 45.221, 44.168, 41.743, 41.273, 42.132, 41.653, 41.916, 43.242, 44.194, 44.885, 45.057, 44.915, 44.892, 45.133, 45.477, 45.682, 45.756, 46.156, 47.003, 47.529, 47.298, 46.881, 46.491, 45.974, 45.516, 45.561, 46.059, 45.779, 43.904, 41.888, 41.026, 40.994, 41.092, 36.347], [36.075, 35.128, 34.045, 32.775, 31.226, 30.184, 29.043, 25.181, 19.732, 17.621, 12.33, 0.0, 11.893, 16.299, 17.437, 20.558, 24.972, 27.473, 28.119, 28.386, 29.214, 30.615, 31.659, 32.217, 33.14, 34.473, 35.264, 35.69, 36.167, 36.492, 36.493, 36.622, 37.131, 37.836, 38.338, 38.499, 38.318, 37.692, 37.524, 39.878, 41.858, 42.27, 42.747, 43.407, 43.888, 43.95, 43.911, 44.026, 43.905, 43.709, 44.087, 44.407, 43.794, 43.247, 43.385, 43.565, 43.829, 44.305, 44.491, 44.138, 43.745, 43.436, 43.257, 42.756, 40.702, 39.057, 40.614, 42.018, 42.237, 41.471, 41.393, 42.012, 42.469, 42.533, 42.84, 43.442, 43.709, 43.559, 43.345, 43.217, 42.875, 42.9, 42.948, 42.491, 41.979, 42.056, 42.11, 41.294, 40.642, 41.633, 41.767, 41.697, 43.209, 45.095, 46.028, 46.43, 46.441, 45.68, 44.78, 44.669, 45.375, 46.157, 46.863, 47.397, 47.273, 46.894, 46.811, 46.591, 46.081, 45.695, 45.025, 43.974, 43.153, 41.775, 39.236, 39.877, 41.322, 41.053, 41.742, 43.221, 43.872, 44.247, 44.195, 43.908, 43.9, 44.198, 44.577, 44.862, 45.071, 45.709, 46.913, 47.741, 47.587, 47.035, 46.417, 45.696, 45.128, 45.237, 45.863, 45.493, 43.158, 40.402, 38.83, 38.591, 38.829, 36.555], [38.652, 37.726, 36.833, 35.938, 34.759, 33.799, 33.051, 30.491, 26.745, 25.85, 22.259, 11.893, 0.0, 7.008, 10.552, 13.705, 18.219, 21.172, 22.084, 22.439, 23.35, 25.048, 26.478, 27.43, 28.849, 30.536, 31.416, 32.039, 32.844, 33.305, 33.423, 33.842, 34.642, 35.561, 36.237, 36.556, 36.453, 35.736, 35.632, 38.394, 40.576, 41.022, 41.524, 42.286, 42.881, 42.994, 42.991, 43.173, 43.092, 42.911, 43.316, 43.693, 43.042, 42.309, 42.337, 42.525, 42.83, 43.36, 43.615, 43.318, 42.945, 42.62, 42.414, 41.862, 39.712, 38.324, 40.333, 41.896, 42.095, 41.127, 40.793, 41.275, 41.76, 41.946, 42.366, 43.022, 43.376, 43.33, 43.152, 42.982, 42.555, 42.526, 42.487, 41.853, 41.135, 41.075, 41.07, 40.071, 39.116, 40.213, 40.332, 40.198, 42.029, 44.254, 45.357, 45.871, 45.883, 44.955, 43.957, 43.869, 44.653, 45.508, 46.262, 46.8, 46.606, 46.16, 46.083, 45.863, 45.289, 44.851, 44.138, 43.012, 42.087, 40.475, 37.916, 39.253, 40.986, 40.875, 41.845, 43.386, 43.81, 43.958, 43.751, 43.34, 43.32, 43.65, 44.046, 44.399, 44.742, 45.572, 47.006, 48.012, 47.913, 47.302, 46.575, 45.746, 45.125, 45.298, 46.012, 45.583, 43.033, 39.956, 38.052, 37.739, 38.085, 39.1], [39.995, 39.112, 38.312, 37.557, 36.508, 35.551, 34.87, 32.745, 29.361, 28.036, 24.752, 16.299, 7.008, 0.0, 5.402, 10.024, 15.372, 18.664, 19.701, 20.112, 21.187, 23.214, 25.03, 26.324, 27.917, 29.692, 30.698, 31.457, 32.325, 32.797, 32.971, 33.464, 34.308, 35.274, 36.084, 36.555, 36.494, 35.771, 35.749, 38.57, 40.759, 41.195, 41.668, 42.416, 43.011, 43.121, 43.113, 43.291, 43.228, 43.07, 43.473, 43.841, 43.157, 42.361, 42.343, 42.52, 42.823, 43.346, 43.596, 43.305, 42.939, 42.612, 42.42, 41.889, 39.753, 38.375, 40.392, 41.95, 42.135, 41.134, 40.759, 41.17, 41.618, 41.852, 42.315, 42.975, 43.319, 43.279, 43.13, 43.007, 42.613, 42.57, 42.501, 41.847, 41.107, 41.032, 41.045, 40.079, 39.133, 40.208, 40.29, 40.201, 42.081, 44.294, 45.382, 45.893, 45.911, 44.995, 44.026, 43.948, 44.719, 45.566, 46.313, 46.841, 46.621, 46.138, 46.04, 45.825, 45.265, 44.84, 44.149, 43.054, 42.159, 40.521, 37.816, 39.103, 40.867, 40.749, 41.717, 43.267, 43.711, 43.855, 43.615, 43.167, 43.156, 43.503, 43.901, 44.267, 44.636, 45.487, 46.933, 47.939, 47.826, 47.206, 46.484, 45.667, 45.063, 45.242, 45.931, 45.5, 43.029, 40.064, 38.217, 37.91, 38.262, 40.418], [40.403, 39.545, 38.775, 38.054, 37.042, 36.105, 35.438, 33.421, 30.164, 28.557, 25.062, 17.437, 10.552, 5.402, 0.0, 6.642, 13.579, 17.4, 18.522, 18.992, 20.284, 22.62, 24.749, 26.259, 27.892, 29.687, 30.773, 31.572, 32.408, 32.844, 33.002, 33.458, 34.269, 35.262, 36.19, 36.799, 36.799, 36.097, 36.141, 38.994, 41.207, 41.643, 42.1, 42.846, 43.461, 43.576, 43.548, 43.701, 43.635, 43.482, 43.874, 44.218, 43.531, 42.747, 42.73, 42.91, 43.216, 43.734, 44.0, 43.752, 43.415, 43.083, 42.885, 42.368, 40.222, 38.704, 40.603, 42.144, 42.286, 41.193, 40.741, 41.117, 41.537, 41.77, 42.238, 42.896, 43.224, 43.174, 43.058, 43.007, 42.676, 42.641, 42.564, 41.921, 41.194, 41.117, 41.146, 40.233, 39.348, 40.371, 40.413, 40.396, 42.29, 44.445, 45.514, 46.02, 46.025, 45.118, 44.179, 44.121, 44.892, 45.733, 46.476, 47.01, 46.796, 46.302, 46.18, 45.956, 45.413, 45.012, 44.347, 43.278, 42.423, 40.772, 37.89, 39.036, 40.841, 40.717, 41.646, 43.185, 43.684, 43.868, 43.626, 43.172, 43.175, 43.52, 43.913, 44.28, 44.641, 45.474, 46.908, 47.91, 47.789, 47.157, 46.43, 45.627, 45.049, 45.215, 45.851, 45.438, 43.103, 40.287, 38.48, 38.146, 38.467, 40.822], [41.082, 40.255, 39.553, 38.945, 38.07, 37.202, 36.597, 34.913, 32.389, 31.389, 28.105, 20.558, 13.705, 10.024, 6.642, 0.0, 7.95, 12.678, 14.285, 15.002, 16.624, 19.487, 22.118, 24.026, 26.028, 28.085, 29.32, 30.312, 31.299, 31.77, 31.977, 32.521, 33.387, 34.481, 35.556, 36.308, 36.399, 35.705, 35.771, 38.739, 41.074, 41.579, 42.069, 42.876, 43.588, 43.779, 43.779, 43.955, 43.913, 43.771, 44.159, 44.513, 43.84, 43.015, 42.947, 43.127, 43.442, 43.971, 44.301, 44.161, 43.897, 43.567, 43.338, 42.821, 40.707, 39.217, 41.082, 42.592, 42.678, 41.438, 40.772, 41.016, 41.414, 41.676, 42.168, 42.847, 43.219, 43.212, 43.124, 43.09, 42.758, 42.716, 42.607, 41.901, 41.089, 40.924, 40.894, 39.964, 39.093, 40.127, 40.11, 40.037, 41.98, 44.198, 45.33, 45.867, 45.837, 44.868, 43.934, 43.925, 44.737, 45.588, 46.332, 46.871, 46.652, 46.15, 46.029, 45.793, 45.228, 44.817, 44.134, 43.036, 42.16, 40.411, 37.517, 39.038, 41.065, 41.078, 42.158, 43.714, 44.119, 44.204, 43.89, 43.385, 43.382, 43.711, 44.076, 44.457, 44.868, 45.778, 47.313, 48.413, 48.353, 47.721, 46.944, 46.083, 45.484, 45.671, 46.323, 45.9, 43.536, 40.64, 38.681, 38.253, 38.571, 41.477], [42.081, 41.31, 40.697, 40.226, 39.519, 38.737, 38.194, 36.866, 35.117, 34.822, 32.022, 24.972, 18.219, 15.372, 13.579, 7.95, 0.0, 5.659, 8.347, 9.769, 11.883, 15.437, 18.698, 21.177, 23.842, 26.36, 27.874, 29.193, 30.392, 30.933, 31.261, 31.944, 32.855, 34.005, 35.171, 36.025, 36.197, 35.498, 35.545, 38.548, 40.936, 41.511, 42.072, 42.974, 43.789, 44.065, 44.103, 44.3, 44.289, 44.169, 44.555, 44.927, 44.278, 43.416, 43.294, 43.459, 43.768, 44.309, 44.696, 44.644, 44.445, 44.119, 43.857, 43.356, 41.359, 40.021, 41.853, 43.319, 43.399, 42.108, 41.28, 41.358, 41.7, 41.983, 42.48, 43.164, 43.596, 43.648, 43.576, 43.523, 43.166, 43.107, 42.966, 42.197, 41.296, 41.023, 40.912, 39.954, 39.105, 40.176, 40.131, 39.942, 41.806, 44.047, 45.221, 45.771, 45.707, 44.701, 43.801, 43.849, 44.678, 45.51, 46.24, 46.779, 46.546, 46.032, 45.921, 45.694, 45.119, 44.703, 44.006, 42.873, 41.979, 40.215, 37.492, 39.501, 41.681, 41.827, 43.078, 44.633, 44.918, 44.893, 44.522, 43.961, 43.936, 44.241, 44.558, 44.942, 45.415, 46.403, 48.022, 49.209, 49.223, 48.619, 47.817, 46.902, 46.275, 46.494, 47.187, 46.734, 44.271, 41.254, 39.158, 38.638, 38.961, 42.425], [42.65, 41.916, 41.354, 40.959, 40.356, 39.638, 39.131, 37.984, 36.614, 36.634, 34.081, 27.473, 21.172, 18.664, 17.4, 12.678, 5.659, 0.0, 3.689, 6.237, 9.014, 13.045, 16.692, 19.56, 22.753, 25.67, 27.42, 28.931, 30.211, 30.767, 31.146, 31.874, 32.774, 33.941, 35.144, 36.034, 36.22, 35.492, 35.526, 38.551, 40.951, 41.546, 42.156, 43.155, 44.062, 44.389, 44.432, 44.618, 44.611, 44.503, 44.894, 45.277, 44.648, 43.785, 43.653, 43.81, 44.112, 44.669, 45.098, 45.088, 44.921, 44.596, 44.308, 43.815, 41.894, 40.63, 42.42, 43.869, 43.964, 42.654, 41.746, 41.74, 42.041, 42.321, 42.8, 43.48, 43.94, 44.015, 43.951, 43.9, 43.534, 43.457, 43.297, 42.505, 41.567, 41.234, 41.075, 40.114, 39.28, 40.356, 40.332, 40.095, 41.851, 44.043, 45.208, 45.751, 45.673, 44.662, 43.789, 43.864, 44.687, 45.499, 46.223, 46.765, 46.525, 45.998, 45.885, 45.668, 45.103, 44.69, 43.985, 42.833, 41.93, 40.201, 37.657, 39.918, 42.157, 42.346, 43.66, 45.212, 45.457, 45.388, 44.999, 44.419, 44.371, 44.642, 44.922, 45.299, 45.794, 46.803, 48.441, 49.665, 49.728, 49.16, 48.367, 47.446, 46.813, 47.045, 47.759, 47.302, 44.783, 41.679, 39.491, 38.913, 39.238, 42.964], [42.719, 41.987, 41.436, 41.068, 40.513, 39.826, 39.323, 38.229, 36.979, 37.084, 34.578, 28.119, 22.084, 19.701, 18.522, 14.285, 8.347, 3.689, 0.0, 3.451, 7.278, 11.884, 15.718, 18.747, 22.219, 25.342, 27.186, 28.75, 30.047, 30.585, 30.949, 31.675, 32.576, 33.771, 35.005, 35.911, 36.097, 35.363, 35.4, 38.456, 40.88, 41.474, 42.086, 43.125, 44.089, 44.441, 44.471, 44.646, 44.642, 44.546, 44.943, 45.326, 44.692, 43.827, 43.698, 43.856, 44.16, 44.729, 45.177, 45.183, 45.03, 44.71, 44.413, 43.92, 42.029, 40.783, 42.564, 44.023, 44.117, 42.782, 41.85, 41.828, 42.113, 42.383, 42.854, 43.534, 43.997, 44.063, 44.002, 43.968, 43.603, 43.511, 43.338, 42.53, 41.576, 41.218, 41.035, 40.07, 39.216, 40.264, 40.252, 40.014, 41.738, 43.9, 45.051, 45.596, 45.52, 44.507, 43.638, 43.72, 44.544, 45.353, 46.08, 46.63, 46.384, 45.844, 45.723, 45.504, 44.94, 44.524, 43.807, 42.642, 41.728, 40.001, 37.537, 39.908, 42.204, 42.391, 43.705, 45.26, 45.496, 45.406, 45.007, 44.429, 44.371, 44.623, 44.894, 45.275, 45.78, 46.796, 48.444, 49.681, 49.757, 49.196, 48.406, 47.484, 46.848, 47.079, 47.798, 47.336, 44.779, 41.607, 39.368, 38.774, 39.102, 43.037], [42.818, 42.088, 41.538, 41.169, 40.624, 39.942, 39.435, 38.35, 37.107, 37.224, 34.768, 28.386, 22.439, 20.112, 18.992, 15.002, 9.769, 6.237, 3.451, 0.0, 4.772, 10.331, 14.631, 17.894, 21.603, 24.85, 26.744, 28.377, 29.737, 30.303, 30.712, 31.511, 32.454, 33.653, 34.902, 35.84, 36.058, 35.359, 35.402, 38.43, 40.851, 41.459, 42.064, 43.078, 44.043, 44.408, 44.448, 44.636, 44.651, 44.577, 44.979, 45.356, 44.721, 43.854, 43.716, 43.872, 44.173, 44.735, 45.171, 45.168, 45.014, 44.695, 44.396, 43.904, 42.047, 40.84, 42.62, 44.054, 44.126, 42.806, 41.902, 41.884, 42.158, 42.422, 42.895, 43.572, 44.025, 44.08, 44.011, 43.984, 43.628, 43.538, 43.37, 42.569, 41.619, 41.259, 41.068, 40.106, 39.24, 40.242, 40.213, 39.981, 41.717, 43.865, 45.004, 45.553, 45.481, 44.472, 43.613, 43.7, 44.517, 45.318, 46.042, 46.592, 46.343, 45.798, 45.672, 45.445, 44.872, 44.454, 43.741, 42.579, 41.667, 39.955, 37.507, 39.836, 42.122, 42.294, 43.592, 45.143, 45.368, 45.273, 44.88, 44.315, 44.253, 44.503, 44.779, 45.163, 45.667, 46.682, 48.324, 49.552, 49.624, 49.067, 48.284, 47.37, 46.739, 46.971, 47.688, 47.228, 44.679, 41.519, 39.302, 38.717, 39.046, 43.142], [43.146, 42.437, 41.896, 41.526, 40.975, 40.291, 39.797, 38.76, 37.576, 37.776, 35.456, 29.214, 23.35, 21.187, 20.284, 16.624, 11.883, 9.014, 7.278, 4.772, 0.0, 6.441, 11.843, 15.915, 20.115, 23.601, 25.628, 27.441, 28.951, 29.628, 30.197, 31.175, 32.197, 33.35, 34.556, 35.549, 35.858, 35.21, 35.284, 38.296, 40.716, 41.355, 41.968, 42.965, 43.914, 44.289, 44.373, 44.61, 44.657, 44.599, 45.007, 45.39, 44.775, 43.916, 43.763, 43.91, 44.203, 44.74, 45.149, 45.138, 44.996, 44.692, 44.393, 43.902, 42.095, 40.985, 42.779, 44.172, 44.219, 42.929, 42.05, 42.013, 42.278, 42.543, 43.013, 43.682, 44.138, 44.19, 44.103, 44.056, 43.7, 43.621, 43.476, 42.707, 41.776, 41.41, 41.201, 40.227, 39.369, 40.383, 40.368, 40.117, 41.855, 43.993, 45.119, 45.672, 45.607, 44.612, 43.764, 43.845, 44.642, 45.424, 46.134, 46.678, 46.438, 45.904, 45.774, 45.543, 44.97, 44.556, 43.856, 42.71, 41.809, 40.161, 37.768, 39.93, 42.098, 42.278, 43.608, 45.161, 45.366, 45.269, 44.891, 44.326, 44.241, 44.48, 44.749, 45.122, 45.618, 46.625, 48.254, 49.476, 49.562, 49.03, 48.277, 47.39, 46.776, 47.012, 47.732, 47.29, 44.782, 41.687, 39.518, 38.94, 39.262, 43.448], [43.409, 42.731, 42.218, 41.88, 41.36, 40.688, 40.225, 39.309, 38.344, 38.746, 36.605, 30.615, 25.048, 23.214, 22.62, 19.487, 15.437, 13.045, 11.884, 10.331, 6.441, 0.0, 6.751, 12.613, 17.911, 21.735, 23.916, 26.047, 27.812, 28.645, 29.429, 30.648, 31.766, 32.831, 33.925, 34.95, 35.365, 34.772, 34.901, 37.919, 40.341, 41.011, 41.64, 42.653, 43.619, 44.008, 44.139, 44.438, 44.526, 44.484, 44.891, 45.287, 44.696, 43.831, 43.661, 43.804, 44.091, 44.607, 44.998, 44.991, 44.881, 44.603, 44.298, 43.801, 42.056, 41.1, 42.965, 44.372, 44.413, 43.136, 42.242, 42.156, 42.409, 42.682, 43.155, 43.83, 44.301, 44.352, 44.23, 44.136, 43.749, 43.665, 43.537, 42.798, 41.87, 41.474, 41.219, 40.189, 39.312, 40.398, 40.456, 40.152, 41.845, 43.982, 45.111, 45.671, 45.617, 44.648, 43.823, 43.902, 44.686, 45.448, 46.129, 46.654, 46.422, 45.909, 45.788, 45.565, 45.0, 44.586, 43.891, 42.746, 41.843, 40.27, 38.015, 40.063, 42.101, 42.321, 43.736, 45.306, 45.472, 45.342, 44.969, 44.393, 44.265, 44.474, 44.722, 45.082, 45.582, 46.597, 48.231, 49.462, 49.567, 49.063, 48.348, 47.493, 46.891, 47.136, 47.884, 47.462, 44.963, 41.877, 39.706, 39.122, 39.447, 43.668], [43.196, 42.537, 42.057, 41.785, 41.34, 40.696, 40.258, 39.486, 38.803, 39.426, 37.423, 31.659, 26.478, 25.03, 24.749, 22.118, 18.698, 16.692, 15.718, 14.631, 11.843, 6.751, 0.0, 7.666, 14.824, 19.381, 21.706, 24.209, 26.313, 27.302, 28.276, 29.756, 31.01, 32.05, 33.089, 34.156, 34.625, 34.018, 34.18, 37.239, 39.676, 40.383, 41.035, 42.083, 43.119, 43.547, 43.691, 44.021, 44.157, 44.145, 44.561, 44.973, 44.39, 43.495, 43.307, 43.449, 43.743, 44.263, 44.643, 44.62, 44.51, 44.224, 43.896, 43.388, 41.68, 40.849, 42.81, 44.288, 44.355, 43.057, 42.099, 41.957, 42.197, 42.481, 42.99, 43.703, 44.195, 44.251, 44.117, 43.99, 43.548, 43.424, 43.289, 42.553, 41.624, 41.218, 40.924, 39.824, 38.864, 39.998, 40.126, 39.762, 41.414, 43.583, 44.74, 45.313, 45.265, 44.299, 43.489, 43.584, 44.378, 45.133, 45.796, 46.305, 46.06, 45.554, 45.455, 45.247, 44.678, 44.25, 43.523, 42.333, 41.39, 39.807, 37.611, 39.766, 41.84, 42.119, 43.631, 45.236, 45.355, 45.154, 44.752, 44.163, 44.005, 44.188, 44.413, 44.765, 45.283, 46.342, 48.028, 49.297, 49.417, 48.921, 48.226, 47.39, 46.795, 47.071, 47.878, 47.464, 44.878, 41.662, 39.395, 38.805, 39.15, 43.422], [42.764, 42.097, 41.642, 41.448, 41.091, 40.483, 40.065, 39.396, 38.951, 39.764, 37.823, 32.217, 27.43, 26.324, 26.259, 24.026, 21.177, 19.56, 18.747, 17.894, 15.915, 12.613, 7.666, 0.0, 8.957, 15.191, 18.206, 21.116, 23.509, 24.643, 25.841, 27.657, 29.145, 30.313, 31.45, 32.652, 33.178, 32.553, 32.975, 36.4, 38.978, 39.698, 40.383, 41.492, 42.607, 43.069, 43.195, 43.529, 43.705, 43.754, 44.239, 44.692, 44.097, 43.157, 42.959, 43.098, 43.405, 43.953, 44.323, 44.248, 44.088, 43.759, 43.401, 42.855, 41.066, 40.193, 42.198, 43.748, 43.839, 42.442, 41.348, 41.161, 41.42, 41.737, 42.306, 43.085, 43.605, 43.672, 43.566, 43.455, 42.97, 42.804, 42.651, 41.897, 40.97, 40.6, 40.313, 39.178, 38.146, 39.303, 39.454, 39.089, 40.84, 43.113, 44.306, 44.892, 44.845, 43.847, 43.013, 43.116, 43.948, 44.734, 45.427, 45.95, 45.681, 45.155, 45.067, 44.849, 44.239, 43.765, 42.967, 41.689, 40.663, 38.934, 36.572, 38.984, 41.289, 41.614, 43.205, 44.883, 45.0, 44.743, 44.29, 43.678, 43.511, 43.691, 43.907, 44.25, 44.781, 45.896, 47.674, 49.017, 49.159, 48.652, 47.954, 47.122, 46.529, 46.829, 47.692, 47.275, 44.535, 41.047, 38.58, 37.979, 38.352, 42.991], [42.735, 42.053, 41.634, 41.52, 41.245, 40.686, 40.295, 39.698, 39.421, 40.321, 38.437, 33.14, 28.849, 27.917, 27.892, 26.028, 23.842, 22.753, 22.219, 21.603, 20.115, 17.911, 14.824, 8.957, 0.0, 8.28, 13.451, 17.279, 19.757, 20.99, 22.619, 24.877, 26.582, 27.887, 29.22, 30.681, 31.415, 31.048, 32.231, 36.349, 39.09, 39.764, 40.455, 41.557, 42.623, 43.032, 43.138, 43.481, 43.664, 43.757, 44.335, 44.852, 44.246, 43.255, 43.031, 43.157, 43.463, 44.018, 44.369, 44.244, 44.029, 43.67, 43.302, 42.699, 40.752, 39.744, 41.723, 43.308, 43.384, 41.849, 40.626, 40.421, 40.715, 41.066, 41.676, 42.5, 43.043, 43.11, 43.009, 42.919, 42.437, 42.276, 42.134, 41.387, 40.479, 40.156, 39.9, 38.792, 37.827, 39.078, 39.237, 38.941, 40.884, 43.279, 44.49, 45.056, 44.991, 43.986, 43.136, 43.229, 44.077, 44.876, 45.576, 46.1, 45.822, 45.299, 45.228, 44.996, 44.348, 43.837, 42.996, 41.673, 40.595, 38.739, 36.094, 38.497, 40.915, 41.235, 42.807, 44.518, 44.65, 44.388, 43.919, 43.3, 43.159, 43.388, 43.631, 43.968, 44.478, 45.589, 47.395, 48.776, 48.931, 48.41, 47.695, 46.86, 46.265, 46.564, 47.442, 47.037, 44.25, 40.631, 38.045, 37.449, 37.845, 42.968], [43.087, 42.416, 42.042, 42.012, 41.815, 41.312, 40.979, 40.485, 40.288, 41.194, 39.435, 34.473, 30.536, 29.692, 29.687, 28.085, 26.36, 25.67, 25.342, 24.85, 23.601, 21.735, 19.381, 15.191, 8.28, 0.0, 7.782, 13.667, 16.705, 18.123, 20.314, 23.056, 24.848, 26.152, 27.698, 29.425, 30.403, 30.445, 32.187, 36.577, 39.334, 39.986, 40.659, 41.679, 42.662, 43.031, 43.145, 43.515, 43.709, 43.797, 44.393, 44.976, 44.451, 43.465, 43.208, 43.324, 43.627, 44.162, 44.499, 44.369, 44.143, 43.783, 43.429, 42.802, 40.782, 39.727, 41.694, 43.253, 43.313, 41.759, 40.522, 40.318, 40.621, 40.967, 41.564, 42.383, 42.928, 42.977, 42.841, 42.741, 42.275, 42.139, 42.015, 41.283, 40.404, 40.121, 39.885, 38.808, 37.965, 39.325, 39.511, 39.25, 41.234, 43.656, 44.871, 45.404, 45.305, 44.307, 43.471, 43.555, 44.382, 45.146, 45.809, 46.305, 46.027, 45.537, 45.506, 45.295, 44.661, 44.165, 43.333, 42.003, 40.897, 39.036, 36.321, 38.489, 40.838, 41.144, 42.625, 44.315, 44.458, 44.218, 43.77, 43.17, 43.056, 43.335, 43.61, 43.95, 44.447, 45.54, 47.319, 48.672, 48.809, 48.284, 47.573, 46.751, 46.162, 46.455, 47.332, 46.946, 44.206, 40.65, 38.101, 37.534, 37.94, 43.263], [43.393, 42.76, 42.421, 42.432, 42.278, 41.825, 41.559, 41.122, 40.924, 41.859, 40.17, 35.264, 31.416, 30.698, 30.773, 29.32, 27.874, 27.42, 27.186, 26.744, 25.628, 23.916, 21.706, 18.206, 13.451, 7.782, 0.0, 7.93, 12.692, 14.805, 17.457, 20.794, 22.861, 24.265, 26.096, 28.108, 29.225, 29.426, 31.325, 35.842, 38.688, 39.376, 40.068, 41.122, 42.155, 42.565, 42.723, 43.14, 43.367, 43.461, 44.054, 44.687, 44.295, 43.415, 43.196, 43.329, 43.659, 44.207, 44.547, 44.417, 44.18, 43.814, 43.469, 42.831, 40.771, 39.699, 41.704, 43.255, 43.319, 41.809, 40.636, 40.471, 40.775, 41.1, 41.681, 42.478, 43.004, 43.042, 42.895, 42.77, 42.287, 42.162, 42.04, 41.289, 40.41, 40.141, 39.903, 38.808, 37.996, 39.398, 39.615, 39.386, 41.401, 43.837, 45.071, 45.629, 45.537, 44.517, 43.653, 43.723, 44.538, 45.291, 45.95, 46.443, 46.173, 45.706, 45.702, 45.517, 44.901, 44.425, 43.601, 42.252, 41.105, 39.256, 36.546, 38.523, 40.858, 41.21, 42.657, 44.351, 44.504, 44.248, 43.792, 43.207, 43.097, 43.382, 43.664, 44.002, 44.505, 45.61, 47.389, 48.728, 48.851, 48.325, 47.635, 46.838, 46.255, 46.538, 47.411, 47.035, 44.327, 40.827, 38.311, 37.743, 38.144, 43.508], [43.696, 43.133, 42.85, 42.869, 42.714, 42.292, 42.035, 41.543, 41.288, 42.218, 40.532, 35.69, 32.039, 31.457, 31.572, 30.312, 29.193, 28.931, 28.75, 28.377, 27.441, 26.047, 24.209, 21.116, 17.279, 13.667, 7.93, 0.0, 6.361, 9.888, 13.179, 16.99, 19.423, 21.164, 23.458, 25.889, 27.192, 27.468, 29.78, 34.855, 37.904, 38.612, 39.432, 40.654, 41.726, 42.112, 42.297, 42.762, 43.004, 43.119, 43.732, 44.371, 44.096, 43.443, 43.373, 43.526, 43.863, 44.448, 44.81, 44.679, 44.438, 44.082, 43.746, 43.109, 41.052, 39.943, 41.872, 43.423, 43.447, 41.837, 40.697, 40.656, 40.953, 41.177, 41.707, 42.479, 42.972, 42.995, 42.863, 42.749, 42.276, 42.159, 42.038, 41.298, 40.419, 40.128, 39.893, 38.788, 37.917, 39.292, 39.562, 39.404, 41.448, 43.875, 45.13, 45.745, 45.703, 44.697, 43.817, 43.876, 44.681, 45.433, 46.099, 46.608, 46.372, 45.931, 45.926, 45.751, 45.169, 44.731, 43.949, 42.633, 41.506, 39.71, 36.992, 38.724, 40.972, 41.329, 42.723, 44.364, 44.524, 44.298, 43.86, 43.292, 43.191, 43.487, 43.777, 44.102, 44.565, 45.61, 47.333, 48.656, 48.789, 48.276, 47.604, 46.838, 46.276, 46.538, 47.369, 47.023, 44.441, 41.071, 38.614, 38.053, 38.446, 43.785], [43.912, 43.395, 43.163, 43.207, 43.074, 42.679, 42.411, 41.887, 41.629, 42.509, 40.809, 36.167, 32.844, 32.325, 32.408, 31.299, 30.392, 30.211, 30.047, 29.737, 28.951, 27.812, 26.313, 23.509, 19.757, 16.705, 12.692, 6.361, 0.0, 4.987, 9.638, 13.916, 16.543, 18.642, 21.38, 24.138, 25.64, 26.165, 29.136, 34.81, 38.02, 38.717, 39.648, 40.989, 42.029, 42.336, 42.492, 42.952, 43.18, 43.311, 43.962, 44.598, 44.356, 43.828, 43.842, 44.005, 44.336, 44.933, 45.309, 45.178, 44.933, 44.59, 44.261, 43.628, 41.581, 40.415, 42.199, 43.719, 43.691, 41.957, 40.794, 40.82, 41.095, 41.233, 41.702, 42.448, 42.925, 42.942, 42.827, 42.754, 42.324, 42.222, 42.117, 41.414, 40.55, 40.229, 39.995, 38.893, 37.972, 39.336, 39.661, 39.579, 41.618, 44.026, 45.294, 45.928, 45.911, 44.946, 44.088, 44.136, 44.912, 45.643, 46.289, 46.798, 46.594, 46.18, 46.173, 46.005, 45.452, 45.033, 44.275, 43.003, 41.925, 40.166, 37.408, 39.016, 41.186, 41.48, 42.788, 44.381, 44.548, 44.358, 43.953, 43.397, 43.3, 43.608, 43.906, 44.212, 44.623, 45.595, 47.262, 48.587, 48.76, 48.28, 47.626, 46.88, 46.339, 46.585, 47.372, 47.045, 44.556, 41.263, 38.843, 38.291, 38.669, 43.996], [43.974, 43.439, 43.227, 43.313, 43.229, 42.866, 42.617, 42.127, 41.931, 42.797, 41.062, 36.492, 33.305, 32.797, 32.844, 31.77, 30.933, 30.767, 30.585, 30.303, 29.628, 28.645, 27.302, 24.643, 20.99, 18.123, 14.805, 9.888, 4.987, 0.0, 5.91, 11.24, 14.487, 17.058, 20.082, 22.971, 24.577, 25.365, 28.846, 34.957, 38.319, 38.993, 39.954, 41.387, 42.479, 42.772, 42.878, 43.297, 43.512, 43.651, 44.314, 44.958, 44.705, 44.148, 44.136, 44.306, 44.661, 45.279, 45.671, 45.553, 45.323, 44.986, 44.633, 43.967, 41.862, 40.577, 42.292, 43.839, 43.828, 42.032, 40.81, 40.827, 41.108, 41.232, 41.683, 42.425, 42.921, 42.963, 42.867, 42.813, 42.399, 42.311, 42.208, 41.487, 40.583, 40.207, 39.936, 38.786, 37.771, 39.137, 39.51, 39.498, 41.562, 43.996, 45.309, 45.978, 45.964, 44.989, 44.134, 44.186, 44.958, 45.684, 46.319, 46.813, 46.603, 46.19, 46.186, 46.019, 45.464, 45.027, 44.241, 42.955, 41.856, 40.01, 37.185, 39.042, 41.306, 41.522, 42.79, 44.411, 44.589, 44.373, 43.95, 43.379, 43.265, 43.56, 43.854, 44.162, 44.577, 45.556, 47.248, 48.618, 48.833, 48.368, 47.707, 46.952, 46.413, 46.66, 47.447, 47.1, 44.54, 41.115, 38.601, 38.041, 38.417, 44.078], [43.912, 43.354, 43.145, 43.259, 43.212, 42.872, 42.63, 42.144, 41.993, 42.875, 41.07, 36.493, 33.423, 32.971, 33.002, 31.977, 31.261, 31.146, 30.949, 30.712, 30.197, 29.429, 28.276, 25.841, 22.619, 20.314, 17.457, 13.179, 9.638, 5.91, 0.0, 6.429, 11.146, 14.936, 18.396, 21.373, 23.005, 23.92, 27.944, 34.663, 38.243, 38.865, 39.841, 41.419, 42.616, 42.893, 42.923, 43.297, 43.494, 43.633, 44.309, 44.96, 44.709, 44.143, 44.116, 44.29, 44.68, 45.35, 45.776, 45.671, 45.457, 45.13, 44.753, 44.048, 41.844, 40.404, 42.15, 43.801, 43.833, 41.969, 40.703, 40.769, 41.086, 41.165, 41.562, 42.295, 42.814, 42.885, 42.809, 42.763, 42.346, 42.271, 42.171, 41.403, 40.425, 39.976, 39.649, 38.403, 37.213, 38.575, 39.001, 39.05, 41.172, 43.655, 45.019, 45.751, 45.764, 44.75, 43.862, 43.92, 44.721, 45.473, 46.119, 46.617, 46.399, 45.974, 45.961, 45.797, 45.25, 44.797, 43.98, 42.664, 41.51, 39.535, 36.689, 38.974, 41.409, 41.594, 42.86, 44.514, 44.709, 44.445, 43.965, 43.371, 43.227, 43.481, 43.769, 44.095, 44.526, 45.525, 47.265, 48.695, 48.946, 48.48, 47.799, 47.019, 46.458, 46.704, 47.496, 47.102, 44.403, 40.742, 38.051, 37.479, 37.883, 44.026], [43.776, 43.224, 43.025, 43.16, 43.149, 42.843, 42.599, 42.104, 41.994, 42.877, 41.037, 36.622, 33.842, 33.464, 33.458, 32.521, 31.944, 31.874, 31.675, 31.511, 31.175, 30.648, 29.756, 27.657, 24.877, 23.056, 20.794, 16.99, 13.916, 11.24, 6.429, 0.0, 6.211, 12.032, 16.497, 19.701, 21.382, 22.541, 27.302, 34.601, 38.34, 38.906, 39.897, 41.582, 42.813, 43.029, 42.976, 43.299, 43.474, 43.61, 44.296, 44.943, 44.703, 44.18, 44.171, 44.337, 44.735, 45.437, 45.885, 45.774, 45.544, 45.21, 44.832, 44.136, 41.923, 40.424, 42.185, 43.903, 43.962, 42.06, 40.786, 40.904, 41.231, 41.234, 41.518, 42.195, 42.722, 42.818, 42.765, 42.747, 42.346, 42.28, 42.177, 41.378, 40.351, 39.847, 39.478, 38.165, 36.867, 38.226, 38.684, 38.777, 40.917, 43.412, 44.794, 45.551, 45.593, 44.575, 43.654, 43.69, 44.493, 45.248, 45.889, 46.394, 46.185, 45.741, 45.705, 45.548, 45.047, 44.619, 43.811, 42.508, 41.358, 39.383, 36.72, 39.287, 41.788, 41.988, 43.272, 44.917, 45.127, 44.836, 44.316, 43.73, 43.572, 43.77, 44.04, 44.37, 44.772, 45.728, 47.457, 48.926, 49.237, 48.819, 48.151, 47.352, 46.764, 46.993, 47.762, 47.332, 44.551, 40.735, 37.91, 37.313, 37.737, 43.88], [43.712, 43.175, 42.986, 43.123, 43.128, 42.865, 42.652, 42.196, 42.138, 43.013, 41.248, 37.131, 34.642, 34.308, 34.269, 33.387, 32.855, 32.774, 32.576, 32.454, 32.197, 31.766, 31.01, 29.145, 26.582, 24.848, 22.861, 19.423, 16.543, 14.487, 11.146, 6.211, 0.0, 7.523, 13.757, 17.957, 20.023, 21.618, 27.028, 34.556, 38.342, 38.899, 39.89, 41.624, 42.873, 43.058, 42.976, 43.291, 43.48, 43.629, 44.316, 44.96, 44.751, 44.291, 44.301, 44.458, 44.842, 45.525, 45.967, 45.868, 45.636, 45.271, 44.88, 44.229, 42.133, 40.687, 42.38, 44.067, 44.162, 42.324, 41.088, 41.22, 41.545, 41.512, 41.712, 42.319, 42.829, 42.934, 42.896, 42.903, 42.525, 42.462, 42.355, 41.568, 40.568, 40.081, 39.703, 38.404, 37.137, 38.453, 38.904, 38.992, 41.023, 43.424, 44.779, 45.514, 45.552, 44.547, 43.619, 43.61, 44.367, 45.082, 45.681, 46.165, 45.968, 45.531, 45.487, 45.341, 44.883, 44.493, 43.723, 42.451, 41.322, 39.475, 37.151, 39.773, 42.184, 42.396, 43.703, 45.313, 45.51, 45.237, 44.724, 44.159, 44.013, 44.186, 44.431, 44.753, 45.128, 46.03, 47.706, 49.157, 49.496, 49.123, 48.483, 47.692, 47.105, 47.322, 48.069, 47.647, 44.933, 41.215, 38.442, 37.81, 38.209, 43.808], [43.842, 43.309, 43.123, 43.248, 43.247, 43.001, 42.823, 42.44, 42.402, 43.241, 41.632, 37.836, 35.561, 35.274, 35.262, 34.481, 34.005, 33.941, 33.771, 33.653, 33.35, 32.831, 32.05, 30.313, 27.887, 26.152, 24.265, 21.164, 18.642, 17.058, 14.936, 12.032, 7.523, 0.0, 8.092, 14.499, 17.842, 20.086, 26.084, 33.802, 37.635, 38.215, 39.209, 41.027, 42.351, 42.558, 42.515, 42.891, 43.144, 43.337, 44.038, 44.69, 44.529, 44.151, 44.204, 44.365, 44.737, 45.376, 45.788, 45.708, 45.498, 45.123, 44.723, 44.11, 42.174, 40.939, 42.606, 44.184, 44.291, 42.567, 41.413, 41.566, 41.894, 41.839, 41.98, 42.524, 43.011, 43.138, 43.117, 43.127, 42.766, 42.714, 42.636, 41.924, 41.009, 40.57, 40.217, 38.986, 37.757, 38.94, 39.375, 39.443, 41.3, 43.513, 44.79, 45.501, 45.519, 44.54, 43.644, 43.606, 44.296, 44.954, 45.498, 45.93, 45.736, 45.343, 45.328, 45.2, 44.753, 44.38, 43.673, 42.455, 41.335, 39.644, 37.616, 40.039, 42.259, 42.463, 43.759, 45.316, 45.461, 45.2, 44.712, 44.153, 44.017, 44.199, 44.42, 44.72, 45.09, 45.964, 47.571, 48.951, 49.259, 48.893, 48.281, 47.529, 46.967, 47.178, 47.907, 47.507, 44.956, 41.57, 39.079, 38.476, 38.822, 43.943], [44.015, 43.464, 43.261, 43.386, 43.399, 43.154, 42.967, 42.613, 42.621, 43.509, 41.989, 38.338, 36.237, 36.084, 36.19, 35.556, 35.171, 35.144, 35.005, 34.902, 34.556, 33.925, 33.089, 31.45, 29.22, 27.698, 26.096, 23.458, 21.38, 20.082, 18.396, 16.497, 13.757, 8.092, 0.0, 8.394, 13.818, 17.241, 24.194, 32.504, 36.507, 37.106, 38.139, 40.1, 41.525, 41.773, 41.788, 42.239, 42.557, 42.792, 43.518, 44.186, 44.039, 43.7, 43.788, 43.956, 44.326, 44.945, 45.337, 45.277, 45.135, 44.847, 44.479, 43.881, 42.078, 41.153, 42.93, 44.437, 44.522, 42.835, 41.701, 41.857, 42.179, 42.075, 42.15, 42.656, 43.15, 43.312, 43.298, 43.275, 42.895, 42.847, 42.801, 42.128, 41.223, 40.771, 40.411, 39.209, 38.027, 39.178, 39.619, 39.657, 41.425, 43.546, 44.773, 45.474, 45.49, 44.543, 43.684, 43.65, 44.308, 44.931, 45.445, 45.861, 45.689, 45.35, 45.374, 45.263, 44.797, 44.392, 43.696, 42.503, 41.388, 39.781, 37.875, 40.182, 42.31, 42.499, 43.773, 45.282, 45.355, 