[[0.0, 7.904, 13.905, 17.318, 19.131, 21.432, 24.783, 28.591, 31.987, 34.283, 35.36, 35.91, 35.811, 35.843, 36.743, 37.728, 39.062, 40.748, 41.562, 41.816, 42.132, 42.343, 42.706, 42.715, 41.852, 40.69, 39.074, 36.957, 35.435, 35.186, 35.331, 34.576, 33.551, 33.621, 34.557, 34.7, 34.484, 34.63, 34.536, 34.202, 35.554, 38.536, 39.493, 38.979, 38.507, 38.946, 39.678, 39.504, 38.901, 39.105, 39.389, 39.135, 39.057, 38.859, 37.892, 37.238, 36.86, 36.425, 36.186, 36.04, 36.001, 35.971, 35.847, 35.308, 34.708, 35.017, 35.212, 34.824, 34.867, 36.418, 43.105, 48.836, 51.31, 52.098, 51.96, 51.328, 51.29, 52.344, 53.404, 53.962, 54.042, 54.371, 55.325, 55.812, 55.134, 53.64, 52.535, 52.536, 53.968, 56.089, 55.207, 51.163, 47.016, 45.31, 45.067, 43.037, 39.335, 37.313, 37.578, 38.631, 38.005, 36.963, 36.737, 37.02, 37.319, 37.835, 38.164, 38.691, 38.93, 38.279, 37.532, 37.702, 38.49, 39.299, 40.018, 39.971, 39.597, 39.874, 40.227, 39.788, 39.517, 39.219, 38.694, 37.949, 36.17, 34.923, 35.885, 37.669, 39.598, 41.459, 42.592, 42.584, 41.871, 42.12, 42.737, 43.233, 44.243, 45.707, 45.952, 45.257, 44.84, 44.461, 44.873, 46.621, 46.863, 9.679], [7.904, 0.0, 7.544, 12.381, 14.662, 16.977, 20.502, 24.717, 28.573, 31.231, 32.541, 33.279, 33.303, 33.385, 34.391, 35.538, 36.948, 38.668, 39.591, 40.043, 40.625, 41.027, 41.454, 41.515, 40.756, 39.826, 38.567, 36.749, 35.339, 35.105, 35.332, 34.74, 33.864, 33.954, 34.827, 34.969, 34.754, 34.867, 34.79, 34.434, 35.577, 38.4, 39.437, 39.038, 38.581, 39.04, 39.815, 39.699, 39.158, 39.361, 39.629, 39.377, 39.276, 39.053, 38.151, 37.598, 37.272, 36.845, 36.626, 36.508, 36.483, 36.467, 36.349, 35.824, 35.257, 35.567, 35.748, 35.356, 35.376, 36.843, 43.21, 48.697, 51.079, 51.839, 51.68, 51.031, 50.958, 51.941, 52.959, 53.512, 53.589, 53.883, 54.799, 55.287, 54.649, 53.194, 52.093, 52.062, 53.415, 55.475, 54.605, 50.6, 46.56, 44.971, 44.763, 42.834, 39.397, 37.617, 37.901, 38.8, 38.174, 37.189, 36.918, 37.034, 37.149, 37.544, 37.836, 38.36, 38.619, 37.996, 37.24, 37.354, 38.087, 38.852, 39.541, 39.485, 39.113, 39.393, 39.771, 39.403, 39.19, 38.933, 38.464, 37.84, 36.332, 35.382, 36.369, 38.071, 39.937, 41.745, 42.829, 42.809, 42.09, 42.297, 42.892, 43.382, 44.345, 45.744, 45.993, 45.297, 44.866, 44.506, 44.902, 46.585, 46.832, 15.607], [13.905, 7.544, 0.0, 6.128, 9.581, 12.438, 16.344, 21.086, 25.501, 28.593, 30.196, 31.141, 31.27, 31.411, 32.557, 33.87, 35.348, 37.115, 38.134, 38.737, 39.509, 40.035, 40.502, 40.604, 39.907, 39.097, 38.068, 36.491, 35.217, 35.025, 35.288, 34.787, 34.041, 34.208, 35.092, 35.232, 35.0, 35.083, 35.02, 34.652, 35.646, 38.34, 39.431, 39.111, 38.658, 39.116, 39.909, 39.83, 39.329, 39.526, 39.771, 39.515, 39.404, 39.166, 38.294, 37.796, 37.506, 37.068, 36.847, 36.75, 36.73, 36.699, 36.561, 36.037, 35.49, 35.768, 35.907, 35.525, 35.534, 36.894, 43.012, 48.357, 50.687, 51.433, 51.273, 50.626, 50.533, 51.471, 52.459, 53.012, 53.079, 53.34, 54.231, 54.727, 54.12, 52.698, 51.607, 51.565, 52.879, 54.903, 54.048, 50.096, 46.162, 44.665, 44.482, 42.626, 39.378, 37.762, 38.025, 38.801, 38.156, 37.211, 36.922, 36.951, 36.971, 37.305, 37.577, 38.096, 38.361, 37.757, 37.015, 37.096, 37.778, 38.508, 39.191, 39.137, 38.761, 39.037, 39.433, 39.115, 38.956, 38.72, 38.268, 37.717, 36.396, 35.629, 36.598, 38.231, 40.074, 41.86, 42.907, 42.865, 42.123, 42.273, 42.834, 43.313, 44.23, 45.571, 45.823, 45.131, 44.69, 44.347, 44.74, 46.378, 46.623, 19.543], [17.318, 12.381, 6.128, 0.0, 4.766, 9.133, 13.96, 19.231, 24.068, 27.478, 29.276, 30.327, 30.5, 30.66, 31.843, 33.196, 34.692, 36.489, 37.543, 38.191, 39.025, 39.589, 40.056, 40.157, 39.482, 38.736, 37.808, 36.314, 35.107, 34.969, 35.252, 34.761, 34.051, 34.26, 35.161, 35.307, 35.072, 35.14, 35.078, 34.719, 35.702, 38.376, 39.469, 39.164, 38.717, 39.168, 39.949, 39.871, 39.376, 39.566, 39.799, 39.535, 39.419, 39.171, 38.306, 37.817, 37.52, 37.06, 36.832, 36.751, 36.736, 36.701, 36.55, 36.01, 35.464, 35.727, 35.84, 35.454, 35.46, 36.797, 42.869, 48.196, 50.524, 51.271, 51.11, 50.467, 50.371, 51.29, 52.254, 52.797, 52.852, 53.096, 53.989, 54.502, 53.915, 52.511, 51.432, 51.388, 52.689, 54.701, 53.841, 49.896, 45.998, 44.535, 44.362, 42.524, 39.325, 37.743, 37.984, 38.733, 38.074, 37.132, 36.845, 36.874, 36.899, 37.24, 37.527, 38.056, 38.323, 37.722, 36.979, 37.044, 37.7, 38.416, 39.108, 39.057, 38.67, 38.945, 39.354, 39.053, 38.918, 38.702, 38.244, 37.677, 36.38, 35.669, 36.65, 38.285, 40.158, 41.976, 43.029, 42.979, 42.218, 42.326, 42.861, 43.327, 44.224, 45.549, 45.806, 45.117, 44.676, 44.343, 44.737, 46.356, 46.595, 21.75], [19.131, 14.662, 9.581, 4.766, 0.0, 5.612, 11.707, 17.716, 22.98, 26.66, 28.601, 29.732, 29.966, 30.159, 31.358, 32.716, 34.191, 35.985, 37.071, 37.763, 38.657, 39.268, 39.741, 39.844, 39.203, 38.556, 37.766, 36.365, 35.206, 35.117, 35.467, 35.02, 34.315, 34.506, 35.367, 35.509, 35.286, 35.338, 35.256, 34.905, 35.862, 38.474, 39.551, 39.271, 38.836, 39.29, 40.07, 39.998, 39.519, 39.71, 39.943, 39.69, 39.568, 39.32, 38.496, 38.043, 37.748, 37.293, 37.085, 37.025, 37.023, 36.998, 36.865, 36.345, 35.811, 36.079, 36.194, 35.802, 35.797, 37.091, 43.023, 48.251, 50.536, 51.266, 51.095, 50.452, 50.352, 51.238, 52.171, 52.702, 52.756, 52.994, 53.889, 54.417, 53.844, 52.454, 51.387, 51.34, 52.609, 54.598, 53.751, 49.836, 45.987, 44.563, 44.402, 42.612, 39.515, 37.988, 38.196, 38.899, 38.242, 37.331, 37.061, 37.077, 37.074, 37.397, 37.693, 38.238, 38.516, 37.92, 37.162, 37.19, 37.811, 38.511, 39.196, 39.139, 38.753, 39.031, 39.434, 39.129, 38.993, 38.797, 38.359, 37.799, 36.564, 35.976, 37.011, 38.64, 40.492, 42.297, 43.351, 43.307, 42.538, 42.601, 43.109, 43.564, 44.435, 45.727, 45.98, 45.291, 44.849, 44.529, 44.919, 46.501, 46.734, 23.22], [21.432, 16.977, 12.438, 9.133, 5.612, 0.0, 7.128, 14.31, 20.394, 24.519, 26.693, 27.994, 28.342, 28.608, 29.92, 31.37, 32.827, 34.607, 35.764, 36.587, 37.646, 38.371, 38.884, 39.047, 38.5, 38.015, 37.519, 36.432, 35.435, 35.377, 35.819, 35.543, 34.975, 35.202, 36.002, 36.15, 35.958, 35.979, 35.882, 35.542, 36.342, 38.751, 39.842, 39.651, 39.215, 39.65, 40.432, 40.401, 39.984, 40.175, 40.407, 40.179, 40.049, 39.805, 39.068, 38.693, 38.436, 38.032, 37.871, 37.84, 37.85, 37.842, 37.731, 37.258, 36.764, 37.024, 37.132, 36.75, 36.722, 37.848, 43.339, 48.283, 50.457, 51.146, 50.957, 50.321, 50.201, 50.998, 51.859, 52.376, 52.433, 52.651, 53.523, 54.062, 53.519, 52.147, 51.095, 51.046, 52.243, 54.152, 53.339, 49.554, 45.873, 44.548, 44.416, 42.792, 40.043, 38.722, 38.827, 39.359, 38.738, 37.916, 37.63, 37.559, 37.477, 37.741, 38.009, 38.536, 38.814, 38.247, 37.502, 37.467, 37.997, 38.636, 39.294, 39.247, 38.887, 39.168, 39.556, 39.268, 39.151, 38.985, 38.621, 38.18, 37.19, 36.858, 37.926, 39.468, 41.21, 42.913, 43.91, 43.871, 43.107, 43.095, 43.556, 43.998, 44.792, 45.986, 46.231, 45.563, 45.122, 44.812, 45.172, 46.668, 46.898, 25.411], [24.783, 20.502, 16.344, 13.96, 11.707, 7.128, 0.0, 8.278, 15.725, 20.718, 23.309, 24.865, 25.363, 25.765, 27.364, 29.067, 30.511, 32.239, 33.532, 34.591, 35.908, 36.79, 37.377, 37.663, 37.28, 37.039, 37.002, 36.449, 35.753, 35.733, 36.238, 36.221, 35.972, 36.368, 37.15, 37.327, 37.17, 37.158, 37.079, 36.772, 37.327, 39.434, 40.563, 40.49, 40.052, 40.457, 41.237, 41.265, 40.929, 41.105, 41.308, 41.104, 40.971, 40.73, 40.09, 39.799, 39.595, 39.252, 39.131, 39.116, 39.123, 39.122, 39.001, 38.56, 38.128, 38.36, 38.428, 38.059, 38.012, 38.919, 43.765, 48.268, 50.262, 50.884, 50.667, 50.042, 49.901, 50.607, 51.389, 51.887, 51.944, 52.126, 52.945, 53.473, 52.956, 51.609, 50.58, 50.534, 51.632, 53.407, 52.633, 49.081, 45.709, 44.553, 44.461, 43.086, 40.878, 39.908, 39.888, 40.195, 39.634, 38.928, 38.602, 38.429, 38.287, 38.512, 38.738, 39.201, 39.453, 38.931, 38.246, 38.155, 38.541, 39.058, 39.644, 39.602, 39.273, 39.536, 39.916, 39.694, 39.626, 39.486, 39.212, 38.946, 38.292, 38.254, 39.292, 40.684, 42.276, 43.812, 44.695, 44.652, 43.904, 43.804, 44.205, 44.622, 45.295, 46.334, 46.564, 45.951, 45.538, 45.231, 45.524, 46.888, 47.113, 28.529], [28.591, 24.717, 21.086, 19.231, 17.716, 14.31, 8.278, 0.0, 8.694, 15.003, 18.398, 20.341, 21.095, 21.868, 24.097, 26.342, 27.842, 29.424, 30.827, 32.153, 33.722, 34.761, 35.43, 35.865, 35.712, 35.796, 36.324, 36.399, 36.081, 36.165, 36.714, 36.939, 37.11, 37.831, 38.721, 38.955, 38.831, 38.79, 38.727, 38.47, 38.768, 40.488, 41.604, 41.627, 41.204, 41.605, 42.375, 42.441, 42.168, 42.319, 42.465, 42.271, 42.154, 41.935, 41.392, 41.181, 41.038, 40.753, 40.644, 40.612, 40.599, 40.595, 40.443, 40.028, 39.675, 39.864, 39.879, 39.538, 39.483, 40.189, 44.33, 48.297, 50.058, 50.584, 50.337, 49.733, 49.575, 50.194, 50.907, 51.393, 51.442, 51.566, 52.308, 52.791, 52.279, 50.96, 49.969, 49.932, 50.926, 52.564, 51.864, 48.639, 45.675, 44.728, 44.674, 43.552, 41.945, 41.385, 41.303, 41.451, 40.949, 40.359, 40.023, 39.794, 39.658, 39.897, 40.091, 40.464, 40.659, 40.189, 39.601, 39.472, 39.692, 40.048, 40.512, 40.457, 40.153, 40.372, 40.712, 40.538, 40.483, 40.326, 40.133, 39.996, 39.615, 39.825, 40.796, 42.005, 43.426, 44.772, 45.527, 45.481, 44.763, 44.569, 44.893, 45.28, 45.822, 46.674, 46.877, 46.337, 45.972, 45.666, 45.874, 47.08, 47.279, 31.982], [31.987, 28.573, 25.501, 24.068, 22.98, 20.394, 15.725, 8.694, 0.0, 7.436, 12.204, 15.003, 16.324, 17.836, 20.988, 23.981, 25.659, 26.982, 28.273, 29.688, 31.372, 32.512, 33.23, 33.783, 33.886, 34.336, 35.415, 36.065, 36.109, 36.326, 36.912, 37.324, 37.888, 38.955, 40.05, 40.409, 40.337, 40.279, 40.211, 39.989, 40.1, 41.477, 42.54, 42.616, 42.223, 42.644, 43.398, 43.48, 43.246, 43.369, 43.456, 43.262, 43.175, 43.012, 42.565, 42.434, 42.365, 42.129, 42.004, 41.928, 41.892, 41.881, 41.703, 41.326, 41.043, 41.191, 41.174, 40.865, 40.81, 41.37, 44.915, 48.416, 49.983, 50.422, 50.154, 49.596, 49.438, 49.966, 50.613, 51.099, 51.139, 51.206, 51.874, 52.308, 51.786, 50.503, 49.585, 49.584, 50.508, 52.041, 51.423, 48.522, 45.909, 45.112, 45.073, 44.144, 42.997, 42.731, 42.624, 42.689, 42.227, 41.741, 41.43, 41.196, 41.127, 41.427, 41.607, 41.888, 42.012, 41.59, 41.097, 40.954, 41.057, 41.279, 41.613, 41.546, 41.284, 41.462, 41.732, 41.55, 41.446, 41.228, 41.08, 40.989, 40.734, 41.058, 41.948, 42.993, 44.264, 45.468, 46.136, 46.094, 45.407, 45.122, 45.363, 45.725, 46.166, 46.867, 47.054, 46.584, 46.265, 45.965, 46.113, 47.201, 47.364, 34.981], [34.283, 31.231, 28.593, 27.478, 26.66, 24.519, 20.718, 15.003, 7.436, 0.0, 6.123, 10.312, 12.604, 14.968, 18.903, 22.443, 24.266, 25.39, 26.503, 27.862, 29.55, 30.729, 31.434, 32.034, 32.343, 33.085, 34.543, 35.593, 35.895, 36.183, 36.777, 37.33, 38.149, 39.412, 40.685, 41.193, 41.188, 41.119, 41.045, 40.841, 40.846, 42.026, 43.055, 43.163, 42.802, 43.236, 43.976, 44.076, 43.873, 43.979, 44.027, 43.836, 43.775, 43.656, 43.272, 43.197, 43.18, 42.971, 42.827, 42.718, 42.67, 42.654, 42.457, 42.104, 41.868, 41.997, 41.968, 41.669, 41.613, 42.092, 45.28, 48.535, 50.025, 50.422, 50.155, 49.654, 49.523, 50.0, 50.595, 51.072, 51.112, 51.17, 51.813, 52.224, 51.696, 50.44, 49.576, 49.593, 50.475, 51.945, 51.377, 48.664, 46.215, 45.461, 45.418, 44.58, 43.636, 43.493, 43.359, 43.388, 42.964, 42.563, 42.276, 42.068, 42.092, 42.471, 42.655, 42.872, 42.938, 42.536, 42.097, 41.961, 42.02, 42.177, 42.422, 42.349, 42.125, 42.284, 42.51, 42.318, 42.156, 41.871, 41.726, 41.63, 41.386, 41.699, 42.514, 43.453, 44.636, 45.76, 46.387, 46.349, 45.685, 45.357, 45.552, 45.91, 46.311, 46.935, 47.101, 46.682, 46.417, 46.117, 46.224, 47.255, 47.396, 36.961], [35.36, 32.541, 30.196, 29.276, 28.601, 26.693, 23.309, 18.398, 12.204, 6.123, 0.0, 5.288, 8.955, 12.422, 17.094, 20.992, 22.911, 24.033, 25.164, 26.586, 28.362, 29.59, 30.296, 30.945, 31.379, 32.279, 33.928, 35.171, 35.587, 35.891, 36.49, 37.123, 38.039, 39.385, 40.773, 41.389, 41.443, 41.39, 41.317, 41.119, 41.083, 42.176, 43.177, 43.298, 42.951, 43.371, 44.088, 44.193, 44.001, 44.088, 44.116, 43.938, 43.886, 43.764, 43.382, 43.316, 43.306, 43.103, 42.95, 42.832, 42.793, 42.783, 42.565, 42.209, 41.999, 42.134, 42.118, 41.834, 41.781, 42.258, 45.389, 48.613, 50.106, 50.494, 50.24, 49.78, 49.667, 50.121, 50.675, 51.125, 51.168, 51.257, 51.935, 52.357, 51.83, 50.576, 49.706, 49.699, 50.545, 51.985, 51.433, 48.772, 46.338, 45.567, 45.514, 44.677, 43.739, 43.592, 43.424, 43.466, 43.116, 42.767, 42.473, 42.295, 42.399, 42.845, 43.046, 43.245, 43.284, 42.877, 42.458, 42.345, 42.419, 42.573, 42.788, 42.702, 42.485, 42.632, 42.841, 42.648, 42.445, 42.107, 41.929, 41.801, 41.515, 41.765, 42.52, 43.384, 44.476, 45.524, 46.134, 46.105, 45.48, 45.186, 45.382, 45.745, 46.147, 46.745, 46.867, 46.473, 46.27, 45.969, 46.052, 47.06, 47.188, 37.857], [35.91, 33.279, 31.141, 30.327, 29.732, 27.994, 24.865, 20.341, 15.003, 10.312, 5.288, 0.0, 4.943, 9.985, 15.675, 19.924, 21.956, 23.165, 24.41, 25.997, 27.912, 29.202, 29.984, 30.703, 31.151, 32.053, 33.754, 35.059, 35.501, 35.811, 36.432, 37.103, 38.048, 39.432, 40.867, 41.522, 41.603, 41.574, 41.511, 41.329, 41.305, 42.359, 43.308, 43.417, 43.071, 43.459, 44.148, 44.247, 44.041, 44.093, 44.108, 43.952, 43.902, 43.766, 43.385, 43.316, 43.292, 43.086, 42.935, 42.812, 42.783, 42.786, 42.556, 42.195, 41.993, 42.132, 42.125, 41.852, 41.8, 42.314, 45.572, 48.864, 50.381, 50.768, 50.516, 50.064, 49.948, 50.379, 50.897, 51.322, 51.369, 51.486, 52.191, 52.62, 52.085, 50.816, 49.927, 49.902, 50.734, 52.16, 51.611, 48.949, 46.49, 45.695, 45.628, 44.767, 43.797, 43.591, 43.381, 43.457, 43.173, 42.842, 42.516, 42.336, 42.483, 42.97, 43.19, 43.406, 43.447, 43.029, 42.628, 42.565, 42.672, 42.835, 43.047, 42.954, 42.731, 42.865, 43.059, 42.857, 42.636, 42.262, 42.042, 41.895, 41.571, 41.741, 42.439, 43.264, 44.304, 45.312, 45.916, 45.888, 45.3, 45.061, 45.278, 45.646, 46.049, 46.637, 46.731, 46.34, 46.16, 45.859, 45.946, 46.945, 47.046, 38.259], [35.811, 33.303, 31.27, 30.5, 29.966, 28.342, 25.363, 21.095, 16.324, 12.604, 8.955, 4.943, 0.0, 6.354, 13.408, 18.224, 20.414, 21.751, 23.198, 25.019, 27.111, 28.479, 29.339, 30.112, 30.532, 31.379, 33.061, 34.385, 34.836, 35.165, 35.838, 36.56, 37.55, 38.996, 40.499, 41.196, 41.284, 41.27, 41.244, 41.103, 41.149, 42.27, 43.196, 43.274, 42.92, 43.298, 43.979, 44.07, 43.85, 43.884, 43.901, 43.761, 43.712, 43.562, 43.178, 43.111, 43.071, 42.852, 42.7, 42.565, 42.524, 42.53, 42.294, 41.918, 41.707, 41.847, 41.823, 41.527, 41.479, 42.043, 45.459, 48.862, 50.434, 50.841, 50.58, 50.113, 49.997, 50.429, 50.942, 51.369, 51.425, 51.549, 52.258, 52.686, 52.14, 50.847, 49.94, 49.917, 50.753, 52.185, 51.626, 48.911, 46.4, 45.583, 45.508, 44.617, 43.605, 43.333, 43.079, 43.177, 42.914, 42.569, 42.215, 42.023, 42.186, 42.689, 42.921, 43.167, 43.219, 42.777, 42.374, 42.349, 42.481, 42.645, 42.863, 42.773, 42.542, 42.67, 42.859, 42.652, 42.435, 42.064, 41.827, 41.679, 41.333, 41.45, 42.126, 42.971, 44.046, 45.086, 45.697, 45.655, 45.055, 44.834, 45.074, 45.457, 45.862, 46.471, 46.579, 46.18, 45.989, 45.69, 45.784, 46.789, 46.874, 38.063], [35.843, 33.385, 31.411, 30.66, 30.159, 28.608, 25.765, 21.868, 17.836, 14.968, 12.422, 9.985, 6.354, 0.0, 8.157, 14.019, 16.702, 18.288, 20.146, 22.433, 24.919, 26.498, 27.455, 28.317, 28.843, 29.835, 31.699, 33.162, 33.664, 34.025, 34.778, 35.593, 36.655, 38.188, 39.826, 40.643, 40.768, 40.775, 40.826, 40.763, 40.927, 42.182, 43.13, 43.201, 42.845, 43.235, 43.93, 44.022, 43.8, 43.838, 43.87, 43.735, 43.671, 43.503, 43.133, 43.079, 42.999, 42.742, 42.602, 42.469, 42.402, 42.4, 42.155, 41.754, 41.53, 41.673, 41.631, 41.306, 41.246, 41.827, 45.339, 48.799, 50.403, 50.831, 50.563, 50.081, 49.97, 50.424, 50.952, 51.392, 51.453, 51.575, 52.289, 52.728, 52.186, 50.883, 49.973, 49.968, 50.814, 52.226, 51.622, 48.841, 46.292, 45.482, 45.42, 44.523, 43.501, 43.209, 42.928, 43.047, 42.81, 42.44, 42.034, 41.812, 41.975, 42.479, 42.713, 42.982, 43.042, 42.572, 42.137, 42.118, 42.264, 42.417, 42.628, 42.54, 42.297, 42.416, 42.607, 42.406, 42.22, 41.895, 41.673, 41.515, 41.17, 41.301, 41.999, 42.86, 43.961, 45.03, 45.641, 45.579, 44.936, 44.679, 44.922, 45.315, 45.714, 46.343, 46.47, 46.065, 45.878, 45.587, 45.661, 46.652, 46.751, 38.069], [36.743, 34.391, 32.557, 31.843, 31.358, 29.92, 27.364, 24.097, 20.988, 18.903, 17.094, 15.675, 13.408, 8.157, 0.0, 7.078, 11.047, 13.385, 15.829, 18.748, 21.859, 23.815, 24.93, 25.928, 26.675, 28.042, 30.357, 32.113, 32.728, 33.138, 33.978, 34.901, 36.015, 37.587, 39.335, 40.293, 40.488, 40.525, 40.662, 40.69, 40.996, 42.383, 43.351, 43.441, 43.099, 43.489, 44.186, 44.3, 44.103, 44.144, 44.194, 44.053, 43.944, 43.76, 43.434, 43.405, 43.287, 43.01, 42.903, 42.8, 42.716, 42.703, 42.459, 42.04, 41.81, 41.949, 41.897, 41.565, 41.477, 42.055, 45.596, 49.025, 50.608, 51.033, 50.77, 50.288, 50.185, 50.669, 51.217, 51.659, 51.719, 51.841, 52.573, 53.037, 52.508, 51.207, 50.3, 50.31, 51.175, 52.557, 51.896, 49.092, 46.562, 45.784, 45.742, 44.875, 43.909, 43.624, 43.326, 43.457, 43.254, 42.861, 42.398, 42.138, 42.308, 42.801, 43.024, 43.298, 43.371, 42.9, 42.427, 42.376, 42.526, 42.669, 42.866, 42.775, 42.518, 42.618, 42.801, 42.618, 42.473, 42.192, 41.977, 41.793, 41.462, 41.649, 42.39, 43.234, 44.308, 45.364, 45.957, 45.88, 45.196, 44.886, 45.11, 45.505, 45.901, 46.543, 46.667, 46.248, 46.068, 45.796, 45.849, 46.792, 46.91, 38.893], [37.728, 35.538, 33.87, 33.196, 32.716, 31.37, 29.067, 26.342, 23.981, 22.443, 20.992, 19.924, 18.224, 14.019, 7.078, 0.0, 5.496, 9.562, 12.882, 16.15, 19.699, 21.986, 23.241, 24.345, 25.241, 26.854, 29.496, 31.485, 32.186, 32.628, 33.557, 34.578, 35.704, 37.273, 39.059, 40.09, 40.324, 40.369, 40.554, 40.627, 41.017, 42.506, 43.491, 43.599, 43.255, 43.619, 44.31, 44.454, 44.293, 44.337, 44.405, 44.279, 44.133, 43.922, 43.63, 43.637, 43.519, 43.246, 43.168, 43.098, 43.013, 42.997, 42.779, 42.382, 42.16, 42.292, 42.239, 41.925, 41.818, 42.376, 45.875, 49.234, 50.793, 51.222, 50.977, 50.514, 50.421, 50.91, 51.45, 51.88, 51.936, 52.063, 52.82, 53.308, 52.792, 51.487, 50.555, 50.546, 51.425, 52.803, 52.11, 49.315, 46.835, 46.095, 46.06, 45.23, 44.34, 44.046, 43.691, 43.792, 43.608, 43.225, 42.76, 42.508, 42.684, 43.152, 43.355, 43.632, 43.726, 43.275, 42.778, 42.698, 42.853, 43.001, 43.198, 43.107, 42.838, 42.928, 43.114, 42.954, 42.83, 42.55, 42.317, 42.13, 41.837, 42.096, 42.869, 43.681, 44.723, 45.749, 46.311, 46.223, 45.518, 45.183, 45.402, 45.796, 46.183, 46.815, 46.933, 46.496, 46.303, 46.045, 46.101, 47.0, 47.114, 39.763], [39.062, 36.948, 35.348, 34.692, 34.191, 32.827, 30.511, 27.842, 25.659, 24.266, 22.911, 21.956, 20.414, 16.702, 11.047, 5.496, 0.0, 5.704, 10.561, 14.45, 18.352, 20.923, 22.33, 23.578, 24.661, 26.496, 29.389, 31.602, 32.414, 32.873, 33.85, 34.983, 36.193, 37.767, 39.528, 40.586, 40.845, 40.872, 41.072, 41.157, 41.464, 42.891, 43.924, 44.1, 43.755, 44.083, 44.758, 44.924, 44.793, 44.812, 44.846, 44.72, 44.56, 44.339, 44.089, 44.157, 44.079, 43.843, 43.797, 43.754, 43.677, 43.676, 43.497, 43.14, 42.948, 43.063, 42.992, 42.694, 42.571, 43.013, 46.189, 49.306, 50.789, 51.211, 50.983, 50.551, 50.466, 50.901, 51.372, 51.775, 51.835, 51.951, 52.683, 53.167, 52.672, 51.385, 50.445, 50.404, 51.23, 52.535, 51.832, 49.135, 46.819, 46.18, 46.164, 45.446, 44.822, 44.673, 44.275, 44.318, 44.176, 43.852, 43.417, 43.164, 43.302, 43.724, 43.905, 44.176, 44.286, 43.879, 43.406, 43.299, 43.424, 43.562, 43.753, 43.667, 43.407, 43.493, 43.674, 43.537, 43.42, 43.127, 42.897, 42.757, 42.582, 42.975, 43.749, 44.493, 45.462, 46.395, 46.888, 46.793, 46.092, 45.728, 45.927, 46.307, 46.614, 47.126, 47.216, 46.8, 46.618, 46.385, 46.439, 47.265, 47.364, 41.042], [40.748, 38.668, 37.115, 36.489, 35.985, 34.607, 32.239, 29.424, 26.982, 25.39, 24.033, 23.165, 21.751, 18.288, 13.385, 9.562, 5.704, 0.0, 6.238, 11.629, 16.487, 19.466, 21.089, 22.537, 23.839, 25.976, 29.239, 31.788, 32.814, 33.324, 34.3, 35.551, 36.958, 38.625, 40.377, 41.477, 41.78, 41.78, 41.98, 42.101, 42.283, 43.538, 44.618, 44.906, 44.599, 44.905, 45.551, 45.732, 45.627, 45.613, 45.597, 45.454, 45.296, 45.105, 44.924, 45.039, 44.995, 44.798, 44.761, 44.714, 44.636, 44.646, 44.49, 44.182, 44.037, 44.131, 44.038, 43.758, 43.628, 43.94, 46.671, 49.455, 50.808, 51.193, 50.975, 50.569, 50.464, 50.803, 51.185, 51.565, 51.632, 51.721, 52.397, 52.855, 52.381, 51.147, 50.259, 50.224, 50.978, 52.177, 51.481, 48.931, 46.825, 46.305, 46.304, 45.73, 45.442, 45.499, 45.12, 45.102, 44.989, 44.746, 44.336, 44.049, 44.164, 44.586, 44.762, 45.002, 45.101, 44.735, 44.31, 44.187, 44.265, 44.368, 44.536, 44.47, 44.25, 44.335, 44.493, 44.354, 44.209, 43.893, 43.674, 43.565, 43.52, 44.049, 44.787, 45.42, 46.275, 47.099, 47.521, 47.423, 46.746, 46.354, 46.528, 46.889, 47.11, 47.485, 47.546, 47.168, 47.017, 46.813, 46.855, 47.595, 47.693, 42.685], [41.562, 39.591, 38.134, 37.543, 37.071, 35.764, 33.532, 30.827, 28.273, 26.503, 25.164, 24.41, 23.198, 20.146, 15.829, 12.882, 10.561, 6.238, 0.0, 6.811, 13.117, 16.751, 18.686, 20.369, 21.825, 24.199, 27.853, 30.763, 32.037, 32.66, 33.664, 35.008, 36.626, 38.507, 40.371, 41.558, 41.913, 41.89, 42.07, 42.221, 42.417, 43.657, 44.783, 45.143, 44.903, 45.23, 45.869, 46.06, 45.968, 45.951, 45.925, 45.774, 45.618, 45.456, 45.31, 45.425, 45.366, 45.157, 45.093, 45.024, 44.935, 44.933, 44.785, 44.526, 44.411, 44.503, 44.415, 44.154, 44.033, 44.31, 46.845, 49.499, 50.801, 51.175, 50.983, 50.598, 50.47, 50.745, 51.088, 51.467, 51.531, 51.606, 52.268, 52.722, 52.263, 51.066, 50.23, 50.239, 51.018, 52.213, 51.532, 49.023, 46.962, 46.463, 46.458, 45.925, 45.703, 45.747, 45.37, 45.301, 45.169, 44.975, 44.59, 44.308, 44.477, 44.958, 45.146, 45.347, 45.411, 45.043, 44.633, 44.524, 44.596, 44.683, 44.839, 44.79, 44.6, 44.697, 44.847, 44.685, 44.485, 44.126, 43.881, 43.738, 43.699, 44.245, 44.941, 45.471, 46.226, 47.026, 47.449, 47.344, 46.681, 46.3, 46.475, 46.832, 47.046, 47.407, 47.471, 47.124, 47.01, 46.824, 46.879, 47.611, 47.713, 43.39], [41.816, 40.043, 38.737, 38.191, 37.763, 36.587, 34.591, 32.153, 29.688, 27.862, 26.586, 25.997, 25.019, 22.433, 18.748, 16.15, 14.45, 11.629, 6.811, 0.0, 7.326, 11.961, 14.6, 16.749, 18.486, 21.294, 25.607, 28.969, 30.486, 31.27, 32.361, 33.815, 35.654, 37.814, 39.87, 41.155, 41.555, 41.527, 41.684, 41.849, 42.16, 43.559, 44.743, 45.082, 44.88, 45.271, 45.93, 46.111, 46.006, 46.011, 46.006, 45.855, 45.683, 45.497, 45.34, 45.452, 45.366, 45.124, 45.032, 44.965, 44.884, 44.869, 44.705, 44.444, 44.329, 44.429, 44.351, 44.08, 43.983, 44.371, 46.953, 49.643, 50.959, 51.342, 51.183, 50.828, 50.705, 50.97, 51.31, 51.687, 51.736, 51.809, 52.497, 52.978, 52.515, 51.321, 50.517, 50.568, 51.4, 52.636, 51.963, 49.427, 47.312, 46.775, 46.761, 46.183, 45.807, 45.698, 45.316, 45.253, 45.099, 44.909, 44.558, 44.349, 44.59, 45.115, 45.321, 45.503, 45.531, 45.135, 44.722, 44.644, 44.737, 44.827, 44.972, 44.91, 44.718, 44.835, 45.011, 44.836, 44.598, 44.199, 43.899, 43.667, 43.501, 43.936, 44.58, 45.014, 45.669, 46.462, 46.904, 46.79, 46.153, 45.831, 46.033, 46.398, 46.66, 47.083, 47.162, 46.867, 46.83, 46.67, 46.766, 47.552, 47.665, 43.453], [42.132, 40.625, 39.509, 39.025, 38.657, 37.646, 35.908, 33.722, 31.372, 29.55, 28.362, 27.912, 27.111, 24.919, 21.859, 19.699, 18.352, 16.487, 13.117, 7.326, 0.0, 5.73, 9.832, 13.018, 15.225, 18.648, 23.781, 27.558, 29.225, 30.148, 31.341, 32.908, 34.953, 37.348, 39.574, 40.922, 41.352, 41.339, 41.488, 41.673, 42.112, 43.678, 44.893, 45.15, 44.936, 45.375, 46.057, 46.22, 46.085, 46.099, 46.118, 45.973, 45.786, 45.562, 45.395, 45.527, 45.422, 45.152, 45.045, 44.996, 44.94, 44.925, 44.725, 44.416, 44.288, 44.404, 44.334, 44.038, 43.971, 44.534, 47.281, 50.071, 51.407, 51.782, 51.641, 51.324, 51.242, 51.539, 51.886, 52.246, 52.274, 52.341, 53.049, 53.557, 53.078, 51.883, 51.118, 51.199, 52.05, 53.291, 52.604, 50.034, 47.861, 47.276, 47.253, 46.601, 46.005, 45.738, 45.369, 45.368, 45.222, 45.026, 44.697, 44.56, 44.849, 45.396, 45.622, 45.803, 45.805, 45.388, 44.997, 44.968, 45.081, 45.17, 45.303, 45.226, 45.022, 45.151, 45.351, 45.167, 44.927, 44.515, 44.159, 43.823, 43.492, 43.769, 44.36, 44.724, 45.276, 46.023, 46.462, 46.339, 45.749, 45.521, 45.765, 46.142, 46.462, 46.949, 47.033, 46.789, 46.847, 46.722, 46.856, 47.712, 47.857, 43.507], [42.343, 41.027, 40.035, 39.589, 39.268, 38.371, 36.79, 34.761, 32.512, 30.729, 29.59, 29.202, 28.479, 26.498, 23.815, 21.986, 20.923, 19.466, 16.751, 11.961, 5.73, 0.0, 5.492, 10.149, 13.064, 16.914, 22.503, 26.504, 28.251, 29.272, 30.564, 32.245, 34.449, 36.971, 39.311, 40.717, 41.162, 41.163, 41.334, 41.532, 41.991, 43.6, 44.828, 45.049, 44.83, 45.281, 45.978, 46.155, 46.024, 46.041, 46.062, 45.916, 45.721, 45.479, 45.319, 45.475, 45.369, 45.089, 44.974, 44.935, 44.896, 44.886, 44.651, 44.297, 44.17, 44.306, 44.241, 43.93, 43.873, 44.493, 47.321, 50.195, 51.561, 51.928, 51.795, 51.516, 51.49, 51.839, 52.204, 52.551, 52.566, 52.639, 53.366, 53.892, 53.41, 52.224, 51.488, 51.584, 52.438, 53.668, 52.969, 50.376, 48.167, 47.545, 47.512, 46.821, 46.094, 45.733, 45.328, 45.325, 45.211, 45.021, 44.655, 44.512, 44.832, 45.408, 45.637, 45.803, 45.786, 45.365, 44.998, 45.0, 45.114, 45.194, 45.326, 45.257, 45.06, 45.19, 45.394, 45.21, 44.981, 44.567, 44.194, 43.839, 43.465, 43.676, 44.243, 44.577, 45.066, 45.774, 46.209, 46.083, 45.514, 45.347, 45.62, 45.996, 46.332, 46.835, 46.907, 46.685, 46.797, 46.682, 46.818, 47.708, 47.882, 43.532], [42.706, 41.454, 40.502, 40.056, 39.741, 38.884, 37.377, 35.43, 33.23, 31.434, 30.296, 29.984, 29.339, 27.455, 24.93, 23.241, 22.33, 21.089, 18.686, 14.6, 9.832, 5.492, 0.0, 5.86, 10.264, 15.161, 21.207, 25.425, 27.324, 28.452, 29.84, 31.657, 34.024, 36.65, 39.055, 40.523, 40.996, 41.021, 41.244, 41.451, 41.835, 43.383, 44.622, 44.869, 44.687, 45.161, 45.861, 46.066, 45.994, 46.046, 46.051, 45.879, 45.669, 45.419, 45.281, 45.483, 45.42, 45.157, 45.023, 44.976, 44.949, 44.945, 44.695, 44.336, 44.229, 44.377, 44.319, 44.019, 43.957, 44.497, 47.187, 50.02, 51.383, 51.745, 51.614, 51.365, 51.377, 51.738, 52.1, 52.436, 52.449, 52.532, 53.271, 53.807, 53.346, 52.192, 51.473, 51.568, 52.42, 53.652, 52.952, 50.365, 48.177, 47.56, 47.535, 46.876, 46.162, 45.821, 45.398, 45.361, 45.28, 45.106, 44.705, 44.529, 44.869, 45.475, 45.698, 45.835, 45.805, 45.384, 45.0, 44.976, 45.07, 45.129, 45.245, 45.181, 44.996, 45.126, 45.333, 45.155, 44.915, 44.484, 44.128, 43.843, 43.565, 43.827, 44.377, 44.684, 45.141, 45.818, 46.238, 46.109, 45.533, 45.353, 45.623, 46.001, 46.307, 46.736, 46.765, 46.545, 46.675, 46.546, 46.634, 47.498, 47.681, 43.838], [42.715, 41.515, 40.604, 40.157, 39.844, 39.047, 37.663, 35.865, 33.783, 32.034, 30.945, 30.703, 30.112, 28.317, 25.928, 24.345, 23.578, 22.537, 20.369, 16.749, 13.018, 10.149, 5.86, 0.0, 6.022, 12.669, 19.475, 23.933, 25.999, 27.233, 28.686, 30.617, 33.152, 35.905, 38.348, 39.836, 40.337, 40.407, 40.691, 40.922, 41.307, 42.892, 44.173, 44.455, 44.316, 44.83, 45.54, 45.752, 45.722, 45.843, 45.875, 45.684, 45.467, 45.219, 45.081, 45.301, 45.269, 45.016, 44.868, 44.815, 44.794, 44.789, 44.539, 44.176, 44.063, 44.209, 44.158, 43.869, 43.813, 44.309, 46.952, 49.781, 51.155, 51.528, 51.399, 51.148, 51.163, 51.53, 51.9, 52.24, 52.262, 52.365, 53.118, 53.655, 53.199, 52.048, 51.319, 51.406, 52.269, 53.526, 52.814, 50.195, 47.977, 47.345, 47.326, 46.681, 45.971, 45.637, 45.24, 45.226, 45.143, 44.953, 44.556, 44.393, 44.758, 45.388, 45.623, 45.76, 45.724, 45.287, 44.869, 44.841, 44.957, 45.025, 45.137, 45.071, 44.888, 45.03, 45.254, 45.066, 44.799, 44.344, 43.983, 43.725, 43.466, 43.719, 44.259, 44.601, 45.097, 45.782, 46.192, 46.055, 45.459, 45.248, 45.502, 45.893, 46.212, 46.621, 46.622, 46.378, 46.486, 46.342, 46.415, 47.284, 47.463, 43.79], [41.852, 40.756, 39.907, 39.482, 39.203, 38.5, 37.28, 35.712, 33.886, 32.343, 31.379, 31.151, 30.532, 28.843, 26.675, 25.241, 24.661, 23.839, 21.825, 18.486, 15.225, 13.064, 10.264, 6.022, 0.0, 7.976, 16.208, 21.375, 23.694, 25.047, 26.601, 28.665, 31.409, 34.359, 36.898, 38.384, 38.878, 38.982, 39.311, 39.582, 40.109, 41.91, 43.264, 43.542, 43.411, 43.953, 44.681, 44.875, 44.834, 45.017, 45.135, 44.982, 44.777, 44.525, 44.341, 44.511, 44.441, 44.162, 44.013, 43.962, 43.935, 43.916, 43.663, 43.289, 43.147, 43.297, 43.244, 42.927, 42.881, 43.472, 46.357, 49.36, 50.798, 51.192, 51.046, 50.757, 50.768, 51.188, 51.612, 51.979, 52.007, 52.131, 52.919, 53.47, 52.993, 51.801, 51.044, 51.128, 52.029, 53.344, 52.607, 49.876, 47.53, 46.835, 46.801, 46.074, 45.2, 44.737, 44.318, 44.348, 44.249, 44.019, 43.648, 43.564, 44.001, 44.67, 44.93, 45.1, 45.069, 44.603, 44.172, 44.187, 44.366, 44.478, 44.614, 44.545, 44.358, 44.527, 44.781, 44.578, 44.294, 43.82, 43.402, 43.064, 42.663, 42.793, 43.345, 43.783, 44.386, 45.134, 45.572, 45.432, 44.804, 44.594, 44.855, 45.249, 45.63, 46.15, 46.193, 45.911, 45.97, 45.825, 45.953, 46.895, 47.074, 42.768], [40.69, 39.826, 39.097, 38.736, 38.556, 38.015, 37.039, 35.796, 34.336, 33.085, 32.279, 32.053, 31.379, 29.835, 28.042, 26.854, 26.496, 25.976, 24.199, 21.294, 18.648, 16.914, 15.161, 12.669, 7.976, 0.0, 9.816, 16.616, 19.875, 21.535, 23.231, 25.58, 28.757, 32.142, 34.992, 36.557, 37.038, 37.206, 37.612, 37.948, 38.688, 40.757, 42.178, 42.425, 42.287, 42.853, 43.596, 43.757, 43.674, 43.904, 44.121, 44.039, 43.895, 43.67, 43.408, 43.481, 43.344, 43.009, 42.837, 42.781, 42.753, 42.7, 42.437, 42.082, 41.917, 42.075, 42.035, 41.692, 41.67, 42.39, 45.625, 48.926, 50.487, 50.92, 50.761, 50.43, 50.459, 50.985, 51.503, 51.909, 51.938, 52.079, 52.915, 53.489, 52.989, 51.742, 50.944, 51.027, 51.987, 53.389, 52.62, 49.731, 47.187, 46.382, 46.323, 45.445, 44.215, 43.481, 42.999, 43.091, 42.973, 42.705, 42.383, 42.432, 42.981, 43.704, 44.004, 44.219, 44.188, 43.693, 43.262, 43.341, 43.585, 43.752, 43.922, 43.852, 43.673, 43.879, 44.15, 43.911, 43.594, 43.066, 42.539, 42.062, 41.467, 41.431, 41.988, 42.546, 43.323, 44.192, 44.689, 44.553, 43.886, 43.675, 43.939, 44.323, 44.761, 45.422, 45.541, 45.232, 45.241, 45.096, 45.29, 46.335, 46.53, 41.299], [39.074, 38.567, 38.068, 37.808, 37.766, 37.519, 37.002, 36.324, 35.415, 34.543, 33.928, 33.754, 33.061, 31.699, 30.357, 29.496, 29.389, 29.239, 27.853, 25.607, 23.781, 22.503, 21.207, 19.475, 16.208, 9.816, 0.0, 8.71, 14.057, 16.652, 18.467, 21.126, 24.996, 29.1, 32.5, 34.237, 34.739, 35.088, 35.642, 36.041, 37.088, 39.535, 41.023, 41.226, 41.099, 41.725, 42.504, 42.616, 42.484, 42.771, 43.051, 42.993, 42.943, 42.804, 42.442, 42.391, 42.196, 41.777, 41.52, 41.42, 41.387, 41.295, 41.027, 40.693, 40.471, 40.642, 40.675, 40.363, 40.384, 41.241, 44.988, 48.743, 50.522, 51.042, 50.896, 50.528, 50.581, 51.246, 51.898, 52.354, 52.402, 52.592, 53.468, 54.036, 53.513, 52.212, 51.342, 51.414, 52.487, 54.05, 53.261, 50.144, 47.234, 46.18, 46.077, 44.982, 43.179, 42.074, 41.68, 41.994, 41.816, 41.444, 41.165, 41.325, 41.924, 42.674, 43.009, 43.272, 43.257, 42.725, 42.245, 42.357, 42.691, 42.954, 43.184, 43.118, 42.941, 43.172, 43.433, 43.106, 42.716, 42.129, 41.516, 40.934, 40.114, 39.827, 40.375, 41.145, 42.239, 43.346, 43.949, 43.822, 43.119, 42.927, 43.227, 43.63, 44.118, 44.889, 45.083, 44.749, 44.683, 44.496, 44.729, 45.915, 46.145, 39.319], [36.957, 36.749, 36.491, 36.314, 36.365, 36.432, 36.449, 36.399, 36.065, 35.593, 35.171, 35.059, 34.385, 33.162, 32.113, 31.485, 31.602, 31.788, 30.763, 28.969, 27.558, 26.504, 25.425, 23.933, 21.375, 16.616, 8.71, 0.0, 7.133, 11.538, 14.071, 16.744, 20.939, 25.701, 29.66, 31.585, 32.147, 32.752, 33.499, 33.924, 35.311, 38.249, 39.843, 39.999, 39.886, 40.58, 41.42, 41.505, 41.326, 41.67, 41.983, 41.902, 41.893, 41.787, 41.319, 41.167, 40.928, 40.428, 40.104, 39.982, 39.951, 39.846, 39.597, 39.244, 38.934, 39.126, 39.239, 38.968, 39.007, 40.015, 44.464, 48.747, 50.744, 51.353, 51.229, 50.826, 50.893, 51.666, 52.41, 52.901, 52.974, 53.201, 54.085, 54.622, 54.066, 52.727, 51.798, 51.854, 53.055, 54.817, 54.019, 50.64, 47.327, 46.024, 45.894, 44.579, 42.189, 40.757, 40.571, 41.153, 40.875, 40.343, 40.07, 40.265, 40.809, 41.535, 41.881, 42.196, 42.221, 41.644, 41.073, 41.193, 41.627, 42.008, 42.334, 42.269, 42.048, 42.277, 42.53, 42.131, 41.697, 41.119, 40.504, 39.877, 38.825, 38.284, 38.889, 39.92, 41.271, 42.584, 43.306, 43.197, 42.469, 42.346, 42.731, 43.186, 43.774, 44.682, 44.921, 44.535, 44.392, 44.148, 44.415, 45.765, 46.031, 36.964], [35.435, 35.339, 35.217, 35.107, 35.206, 35.435, 35.753, 36.081, 36.109, 35.895, 35.587, 35.501, 34.836, 33.664, 32.728, 32.186, 32.414, 32.814, 32.037, 30.486, 29.225, 28.251, 27.324, 25.999, 23.694, 19.875, 14.057, 7.133, 0.0, 6.262, 10.673, 13.802, 17.897, 22.932, 27.313, 29.444, 30.099, 30.902, 31.823, 32.292, 33.888, 37.164, 38.861, 39.017, 38.925, 39.667, 40.57, 40.677, 40.48, 40.838, 41.17, 41.081, 41.063, 40.932, 40.403, 40.23, 39.994, 39.473, 39.165, 39.079, 39.064, 38.973, 38.754, 38.37, 37.997, 38.198, 38.316, 38.016, 38.043, 39.19, 44.115, 48.711, 50.824, 51.485, 51.376, 50.95, 51.03, 51.874, 52.655, 53.148, 53.232, 53.472, 54.346, 54.854, 54.265, 52.893, 51.917, 51.951, 53.23, 55.121, 54.31, 50.754, 47.228, 45.836, 45.707, 44.276, 41.597, 39.994, 39.879, 40.558, 40.212, 39.591, 39.336, 39.568, 40.07, 40.749, 41.076, 41.426, 41.49, 40.884, 40.25, 40.37, 40.866, 41.333, 41.758, 41.697, 41.408, 41.62, 41.894, 41.495, 41.082, 40.542, 39.941, 39.292, 38.099, 37.443, 38.151, 39.335, 40.735, 42.09, 42.867, 42.778, 42.04, 41.986, 42.436, 42.925, 43.612, 44.65, 44.908, 44.474, 44.286, 44.017, 44.342, 45.81, 46.082, 35.384], [35.186, 35.105, 35.025, 34.969, 35.117, 35.377, 35.733, 36.165, 36.326, 36.183, 35.891, 35.811, 35.165, 34.025, 33.138, 32.628, 32.873, 33.324, 32.66, 31.27, 30.148, 29.272, 28.452, 27.233, 25.047, 21.535, 16.652, 11.538, 6.262, 0.0, 6.248, 11.154, 15.993, 21.174, 25.789, 28.152, 28.918, 29.822, 30.87, 31.429, 33.111, 36.509, 38.299, 38.521, 38.461, 39.232, 40.179, 40.323, 40.148, 40.512, 40.86, 40.791, 40.773, 40.622, 40.089, 39.955, 39.757, 39.248, 38.975, 38.928, 38.922, 38.833, 38.604, 38.192, 37.802, 37.988, 38.07, 37.709, 37.715, 38.948, 43.952, 48.58, 50.717, 51.395, 51.287, 50.853, 50.963, 51.868, 52.654, 53.123, 53.2, 53.448, 54.318, 54.808, 54.201, 52.816, 51.828, 51.852, 53.149, 55.059, 54.217, 50.613, 47.071, 45.698, 45.573, 44.14, 41.455, 39.821, 39.679, 40.332, 39.971, 39.365, 39.137, 39.38, 39.891, 40.562, 40.867, 41.218, 41.302, 40.695, 40.036, 40.138, 40.642, 41.134, 41.601, 41.54, 41.211, 41.409, 41.709, 41.35, 40.966, 40.426, 39.814, 39.157, 37.948, 37.293, 38.014, 39.185, 40.542, 41.855, 42.617, 42.523, 41.787, 41.764, 42.24, 42.729, 43.42, 44.493, 44.759, 44.312, 44.116, 43.85, 44.207, 45.711, 45.977, 35.138], [35.331, 35.332, 35.288, 35.252, 35.467, 35.819, 36.238, 36.714, 36.912, 36.777, 36.49, 36.432, 35.838, 34.778, 33.978, 33.557, 33.85, 34.3, 33.664, 32.361, 31.341, 30.564, 29.84, 28.686, 26.601, 23.231, 18.467, 14.071, 10.673, 6.248, 0.0, 6.875, 13.803, 19.984, 24.876, 27.326, 28.142, 29.111, 30.24, 30.895, 32.734, 36.267, 38.11, 38.351, 38.313, 39.13, 40.107, 40.249, 40.072, 40.46, 40.835, 40.786, 40.809, 40.673, 40.107, 39.955, 39.763, 39.244, 38.956, 38.896, 38.875, 38.761, 38.503, 38.059, 37.648, 37.831, 37.898, 37.507, 37.528, 38.879, 43.988, 48.648, 50.8, 51.486, 51.377, 50.936, 51.051, 51.982, 52.79, 53.261, 53.338, 53.599, 54.478, 54.958, 54.332, 52.948, 51.974, 52.004, 53.3, 55.194, 54.326, 50.724, 47.184, 45.795, 45.653, 44.201, 41.464, 39.814, 39.717, 40.401, 40.028, 39.412, 39.18, 39.398, 39.901, 40.597, 40.914, 41.265, 41.354, 40.748, 40.088, 40.189, 40.704, 41.206, 41.661, 41.582, 41.255, 41.461, 41.755, 41.383, 40.978, 40.412, 39.793, 39.117, 37.867, 37.155, 37.841, 38.989, 40.343, 41.669, 42.446, 42.341, 41.613, 41.623, 42.121, 42.607, 43.295, 44.382, 44.648, 44.193, 43.998, 43.726, 44.082, 45.606, 45.867, 35.176], [34.576, 34.74, 34.787, 34.761, 35.02, 35.543, 36.221, 36.939, 37.324, 37.33, 37.123, 37.103, 36.56, 35.593, 34.901, 34.578, 34.983, 35.551, 35.008, 33.815, 32.908, 32.245, 31.657, 30.617, 28.665, 25.58, 21.126, 16.744, 13.802, 11.154, 6.875, 0.0, 8.829, 17.127, 22.987, 25.587, 26.427, 27.529, 28.769, 29.531, 31.734, 35.588, 37.453, 37.648, 37.633, 38.505, 39.515, 39.635, 39.42, 39.848, 40.289, 40.288, 40.382, 40.27, 39.608, 39.367, 39.162, 38.623, 38.307, 38.225, 38.197, 38.078, 37.83, 37.354, 36.897, 37.106, 37.198, 36.807, 36.855, 38.338, 43.835, 48.718, 50.93, 51.627, 51.512, 51.042, 51.119, 52.057, 52.914, 53.415, 53.502, 53.792, 54.706, 55.183, 54.521, 53.11, 52.124, 52.148, 53.481, 55.445, 54.615, 50.984, 47.318, 45.818, 45.648, 44.076, 41.087, 39.369, 39.383, 40.141, 39.704, 39.015, 38.777, 38.996, 39.472, 40.174, 40.523, 40.919, 41.021, 40.384, 39.709, 39.839, 40.397, 40.945, 41.429, 41.34, 41.007, 41.214, 41.477, 41.051, 40.618, 40.056, 39.441, 38.726, 37.347, 36.525, 37.264, 38.496, 39.905, 41.309, 42.167, 42.088, 41.386, 41.453, 41.986, 42.495, 43.26, 44.422, 44.671, 44.166, 43.931, 43.638, 44.023, 45.612, 45.859, 34.258], [33.551, 33.864, 34.041, 34.051, 34.315, 34.975, 35.972, 37.11, 37.888, 38.149, 38.039, 38.048, 37.55, 36.655, 36.015, 35.704, 36.193, 36.958, 36.626, 35.654, 34.953, 34.449, 34.024, 33.152, 31.409, 28.757, 24.996, 20.939, 17.897, 15.993, 13.803, 8.829, 0.0, 10.387, 18.163, 21.588, 22.598, 23.88, 25.405, 26.408, 29.173, 33.63, 35.711, 35.976, 35.968, 36.846, 37.917, 38.069, 37.867, 38.382, 38.96, 39.084, 39.265, 39.195, 38.512, 38.27, 38.117, 37.644, 37.422, 37.435, 37.459, 37.364, 37.146, 36.641, 36.14, 36.376, 36.488, 36.101, 36.125, 37.592, 43.4, 48.539, 50.855, 51.574, 51.44, 50.929, 50.996, 52.009, 52.947, 53.463, 53.556, 53.897, 54.854, 55.318, 54.616, 53.151, 52.106, 52.104, 53.483, 55.534, 54.735, 51.033, 47.22, 45.626, 45.433, 43.75, 40.571, 38.828, 38.899, 39.657, 39.124, 38.366, 38.176, 38.486, 38.976, 39.63, 39.979, 40.44, 40.576, 39.894, 39.157, 39.249, 39.813, 40.42, 40.988, 40.909, 40.536, 40.709, 40.958, 40.55, 40.167, 39.684, 39.105, 38.344, 36.828, 35.978, 36.865, 38.221, 39.687, 41.147, 42.063, 42.012, 41.305, 41.391, 41.954, 42.5, 43.347, 44.568, 44.786, 44.212, 43.897, 43.57, 44.002, 45.669, 45.914, 33.12], [33.621, 33.954, 34.208, 34.26, 34.506, 35.202, 36.368, 37.831, 38.955, 39.412, 39.385, 39.432, 38.996, 38.188, 37.587, 37.273, 37.767, 38.625, 38.507, 37.814, 37.348, 36.971, 36.65, 35.905, 34.359, 32.142, 29.1, 25.701, 22.932, 21.174, 19.984, 17.127, 10.387, 0.0, 9.672, 14.885, 16.5, 17.996, 20.149, 21.74, 25.234, 30.555, 33.211, 33.796, 33.805, 34.68, 35.879, 36.138, 36.034, 36.685, 37.433, 37.703, 37.944, 37.947, 37.415, 37.352, 37.343, 37.035, 37.053, 37.295, 37.403, 37.332, 37.177, 36.693, 36.182, 36.418, 36.524, 36.126, 36.097, 37.423, 43.046, 48.194, 50.565, 51.301, 51.145, 50.618, 50.733, 51.858, 52.87, 53.374, 53.45, 53.815, 54.781, 55.228, 54.514, 53.033, 51.964, 51.934, 53.29, 55.324, 54.469, 50.711, 46.936, 45.399, 45.201, 43.537, 40.447, 38.789, 38.914, 39.701, 39.129, 38.343, 38.243, 38.675, 39.201, 39.79, 40.102, 40.579, 40.747, 40.061, 39.252, 39.23, 39.755, 40.395, 41.0, 40.918, 40.523, 40.661, 40.92, 40.595, 40.291, 39.902, 39.388, 38.627, 37.077, 36.3, 37.336, 38.776, 40.265, 41.713, 42.6, 42.538, 41.742, 41.752, 42.312, 42.863, 43.686, 44.857, 45.054, 44.457, 44.084, 43.753, 44.231, 45.931, 46.204, 33.202], [34.557, 34.827, 35.092, 35.161, 35.367, 36.002, 37.15, 38.721, 40.05, 40.685, 40.773, 40.867, 40.499, 39.826, 39.335, 39.059, 39.528, 40.377, 40.371, 39.87, 39.574, 39.311, 39.055, 38.348, 36.898, 34.992, 32.5, 29.66, 27.313, 25.789, 24.876, 22.987, 18.163, 9.672, 0.0, 6.825, 9.72, 11.992, 15.135, 17.717, 22.135, 28.197, 31.444, 32.457, 32.568, 33.494, 34.807, 35.148, 35.138, 35.919, 36.826, 37.193, 37.431, 37.464, 37.054, 37.116, 37.204, 37.039, 37.252, 37.696, 37.893, 37.869, 37.822, 37.415, 36.925, 37.159, 37.253, 36.845, 36.794, 38.023, 43.227, 48.165, 50.472, 51.187, 51.019, 50.482, 50.592, 51.714, 52.724, 53.205, 53.257, 53.612, 54.566, 55.01, 54.293, 52.842, 51.838, 51.828, 53.134, 55.101, 54.2, 50.473, 46.864, 45.456, 45.262, 43.679, 40.767, 39.221, 39.402, 40.222, 39.666, 38.877, 38.811, 39.274, 39.808, 40.373, 40.665, 41.121, 41.297, 40.639, 39.829, 39.781, 40.299, 40.927, 41.485, 41.385, 41.024, 41.174, 41.437, 