[[0.0, 7.742, 14.055, 16.221, 18.16, 20.021, 22.04, 23.67, 26.627, 30.042, 31.526, 31.928, 32.596, 33.503, 34.781, 34.74, 33.884, 33.878, 33.383, 33.042, 33.243, 33.309, 33.592, 33.858, 33.223, 32.89, 32.965, 32.771, 32.575, 32.258, 31.932, 31.937, 32.186, 32.337, 32.15, 32.445, 33.112, 33.071, 33.659, 35.143, 34.693, 34.266, 33.742, 32.503, 33.852, 37.578, 39.784, 40.153, 40.877, 43.372, 46.1, 46.957, 47.501, 47.311, 47.112, 46.465, 44.536, 43.897, 43.794, 43.019, 41.348, 39.874, 39.068, 38.777, 38.928, 38.191, 37.199, 37.37, 37.101, 37.209, 36.808, 36.28, 36.866, 37.699, 38.144, 38.384, 38.308, 38.781, 39.394, 39.715, 39.229, 38.264, 37.49, 37.931, 41.296, 47.375, 50.098, 49.806, 49.703, 49.024, 48.484, 49.054, 49.92, 51.355, 52.098, 50.917, 49.664, 49.936, 48.474, 44.356, 41.928, 41.799, 42.287, 42.697, 41.501, 39.176, 37.46, 36.649, 35.785, 35.12, 34.911, 35.107, 36.572, 38.808, 38.965, 37.568, 37.666, 38.804, 38.549, 38.982, 40.677, 41.491, 41.881, 45.964, 49.849, 49.886, 5.738], [7.742, 0.0, 8.039, 11.427, 13.811, 16.38, 19.15, 21.284, 24.727, 28.555, 30.337, 30.835, 31.556, 32.541, 33.915, 34.024, 33.285, 33.348, 33.157, 33.086, 33.309, 33.417, 33.767, 34.023, 33.394, 33.111, 33.216, 33.021, 32.834, 32.58, 32.303, 32.336, 32.589, 32.745, 32.577, 32.864, 33.519, 33.51, 34.083, 35.457, 34.984, 34.589, 34.116, 32.946, 34.265, 37.849, 39.945, 40.282, 40.992, 43.448, 46.193, 47.079, 47.608, 47.373, 47.145, 46.48, 44.539, 43.9, 43.793, 43.019, 41.361, 39.902, 39.113, 38.832, 39.003, 38.286, 37.334, 37.543, 37.283, 37.378, 36.97, 36.463, 37.055, 37.894, 38.381, 38.668, 38.622, 39.075, 39.678, 39.977, 39.493, 38.569, 37.833, 38.289, 41.598, 47.507, 50.179, 49.913, 49.838, 49.175, 48.649, 49.2, 50.058, 51.513, 52.27, 51.093, 49.836, 50.088, 48.632, 44.53, 42.113, 41.924, 42.334, 42.743, 41.601, 39.36, 37.718, 36.926, 36.047, 35.339, 35.11, 35.321, 36.739, 38.848, 38.956, 37.554, 37.668, 38.804, 38.563, 39.006, 40.712, 41.536, 41.926, 45.961, 49.798, 49.817, 11.22], [14.055, 8.039, 0.0, 6.035, 10.202, 13.263, 16.948, 19.713, 23.53, 27.709, 29.716, 30.327, 31.172, 32.216, 33.64, 33.943, 33.368, 33.449, 33.547, 33.758, 34.036, 34.203, 34.6, 34.835, 34.248, 34.04, 34.174, 33.998, 33.82, 33.582, 33.346, 33.403, 33.646, 33.798, 33.661, 33.93, 34.51, 34.509, 35.056, 36.284, 35.831, 35.511, 35.1, 34.094, 35.315, 38.591, 40.511, 40.786, 41.446, 43.752, 46.361, 47.24, 47.732, 47.475, 47.241, 46.574, 44.711, 44.099, 43.991, 43.275, 41.722, 40.351, 39.62, 39.347, 39.511, 38.851, 37.964, 38.175, 37.927, 38.01, 37.602, 37.091, 37.617, 38.422, 38.923, 39.235, 39.222, 39.654, 40.164, 40.399, 39.927, 39.035, 38.312, 38.734, 41.844, 47.411, 49.998, 49.78, 49.747, 49.154, 48.664, 49.188, 50.056, 51.502, 52.249, 51.132, 49.927, 50.155, 48.738, 44.837, 42.546, 42.299, 42.619, 43.001, 41.952, 39.886, 38.362, 37.605, 36.745, 36.017, 35.779, 35.989, 37.27, 39.17, 39.248, 37.945, 38.107, 39.194, 38.982, 39.451, 41.107, 41.924, 42.305, 46.116, 49.775, 49.787, 16.095], [16.221, 11.427, 6.035, 0.0, 6.4, 11.033, 15.072, 18.213, 22.519, 27.089, 29.269, 29.911, 30.851, 32.035, 33.533, 33.919, 33.449, 33.527, 33.69, 34.034, 34.338, 34.498, 34.91, 35.169, 34.622, 34.406, 34.533, 34.373, 34.214, 33.996, 33.786, 33.84, 34.068, 34.211, 34.051, 34.279, 34.841, 34.865, 35.401, 36.583, 36.162, 35.847, 35.454, 34.485, 35.681, 38.952, 40.815, 41.055, 41.712, 43.985, 46.57, 47.463, 47.964, 47.716, 47.467, 46.807, 44.976, 44.359, 44.253, 43.562, 42.049, 40.698, 39.988, 39.737, 39.87, 39.161, 38.248, 38.418, 38.137, 38.194, 37.791, 37.283, 37.787, 38.586, 39.087, 39.375, 39.349, 39.769, 40.233, 40.45, 39.994, 39.127, 38.404, 38.771, 41.732, 47.173, 49.78, 49.574, 49.517, 48.93, 48.466, 48.997, 49.843, 51.283, 52.044, 50.938, 49.757, 50.001, 48.607, 44.796, 42.579, 42.315, 42.628, 43.026, 42.02, 40.029, 38.559, 37.808, 36.923, 36.216, 36.001, 36.202, 37.447, 39.315, 39.386, 38.104, 38.267, 39.309, 39.104, 39.561, 41.185, 42.02, 42.421, 46.159, 49.75, 49.768, 18.114], [18.16, 13.811, 10.202, 6.4, 0.0, 7.522, 13.188, 16.641, 21.407, 26.377, 28.77, 29.503, 30.517, 31.834, 33.453, 33.917, 33.488, 33.585, 33.833, 34.239, 34.549, 34.697, 35.105, 35.383, 34.876, 34.666, 34.774, 34.621, 34.488, 34.283, 34.093, 34.154, 34.366, 34.512, 34.335, 34.526, 35.093, 35.153, 35.659, 36.799, 36.377, 36.044, 35.679, 34.726, 35.858, 39.112, 40.937, 41.159, 41.811, 44.086, 46.721, 47.632, 48.132, 47.891, 47.628, 46.968, 45.116, 44.487, 44.382, 43.698, 42.226, 40.914, 40.2, 39.931, 40.066, 39.385, 38.515, 38.709, 38.43, 38.472, 38.076, 37.582, 38.069, 38.858, 39.378, 39.681, 39.664, 40.104, 40.574, 40.764, 40.302, 39.447, 38.736, 39.099, 41.947, 47.192, 49.695, 49.474, 49.423, 48.856, 48.412, 48.938, 49.796, 51.253, 52.022, 50.935, 49.768, 50.013, 48.647, 44.867, 42.705, 42.464, 42.776, 43.172, 42.182, 40.219, 38.759, 38.021, 37.15, 36.477, 36.276, 36.474, 37.727, 39.608, 39.693, 38.41, 38.566, 39.603, 39.417, 39.845, 41.418, 42.245, 42.668, 46.379, 49.949, 49.976, 19.928], [20.021, 16.38, 13.263, 11.033, 7.522, 0.0, 8.294, 13.795, 19.297, 24.737, 27.463, 28.383, 29.586, 31.13, 32.996, 33.654, 33.288, 33.449, 33.819, 34.278, 34.625, 34.85, 35.307, 35.591, 35.073, 34.876, 35.001, 34.898, 34.736, 34.497, 34.324, 34.395, 34.596, 34.722, 34.561, 34.775, 35.347, 35.423, 35.893, 36.985, 36.583, 36.243, 35.841, 34.893, 35.962, 39.239, 41.177, 41.432, 42.043, 44.313, 46.962, 47.911, 48.422, 48.171, 47.953, 47.322, 45.457, 44.817, 44.718, 44.051, 42.621, 41.336, 40.623, 40.33, 40.419, 39.698, 38.787, 38.981, 38.692, 38.697, 38.293, 37.775, 38.198, 38.943, 39.444, 39.766, 39.753, 40.165, 40.591, 40.769, 40.332, 39.528, 38.878, 39.277, 42.191, 47.403, 49.831, 49.63, 49.617, 49.104, 48.649, 49.141, 49.997, 51.457, 52.224, 51.12, 49.959, 50.202, 48.877, 45.18, 43.049, 42.793, 43.103, 43.498, 42.491, 40.497, 39.021, 38.283, 37.381, 36.654, 36.427, 36.623, 37.85, 39.709, 39.814, 38.57, 38.749, 39.793, 39.631, 40.075, 41.597, 42.396, 42.799, 46.468, 50.034, 50.061, 21.561], [22.04, 19.15, 16.948, 15.072, 13.188, 8.294, 0.0, 8.605, 16.385, 22.371, 25.29, 26.375, 27.847, 29.701, 31.896, 32.859, 32.65, 32.881, 33.424, 34.04, 34.428, 34.698, 35.237, 35.587, 35.082, 34.858, 34.989, 34.954, 34.827, 34.592, 34.43, 34.514, 34.732, 34.841, 34.671, 34.879, 35.442, 35.558, 36.05, 37.137, 36.794, 36.463, 35.982, 34.956, 35.928, 39.246, 41.285, 41.575, 42.161, 44.432, 47.101, 48.102, 48.642, 48.397, 48.215, 47.599, 45.693, 45.03, 44.943, 44.307, 42.88, 41.579, 40.86, 40.55, 40.619, 39.878, 38.901, 39.005, 38.683, 38.669, 38.262, 37.737, 38.142, 38.883, 39.356, 39.655, 39.651, 40.051, 40.409, 40.555, 40.146, 39.386, 38.763, 39.148, 42.083, 47.275, 49.685, 49.489, 49.468, 48.99, 48.548, 49.029, 49.885, 51.355, 52.141, 51.028, 49.868, 50.119, 48.821, 45.196, 43.094, 42.772, 43.046, 43.462, 42.457, 40.462, 39.001, 38.283, 37.354, 36.638, 36.418, 36.609, 37.813, 39.656, 39.743, 38.523, 38.719, 39.72, 39.558, 40.006, 41.492, 42.264, 42.656, 46.32, 49.885, 49.907, 23.376], [23.67, 21.284, 19.713, 18.213, 16.641, 13.795, 8.605, 0.0, 10.716, 18.786, 21.878, 22.879, 24.743, 26.984, 29.508, 30.737, 30.692, 31.052, 31.974, 33.008, 33.524, 33.866, 34.525, 34.995, 34.559, 34.329, 34.431, 34.41, 34.426, 34.323, 34.197, 34.279, 34.51, 34.635, 34.46, 34.637, 35.198, 35.352, 35.863, 36.992, 36.669, 36.352, 35.879, 34.779, 35.67, 39.014, 41.082, 41.376, 41.957, 44.219, 46.891, 47.899, 48.462, 48.246, 48.06, 47.443, 45.509, 44.844, 44.782, 44.158, 42.703, 41.384, 40.663, 40.327, 40.393, 39.679, 38.69, 38.761, 38.46, 38.447, 38.019, 37.452, 37.813, 38.554, 39.045, 39.344, 39.341, 39.728, 40.043, 40.172, 39.774, 39.026, 38.395, 38.754, 41.687, 46.848, 49.287, 49.093, 49.059, 48.597, 48.194, 48.717, 49.606, 51.09, 51.884, 50.781, 49.621, 49.866, 48.572, 44.941, 42.827, 42.492, 42.782, 43.233, 42.224, 40.237, 38.786, 38.067, 37.14, 36.416, 36.188, 36.39, 37.58, 39.406, 39.486, 38.265, 38.492, 39.511, 39.326, 39.755, 41.254, 42.005, 42.385, 46.108, 49.699, 49.721, 24.684], [26.627, 24.727, 23.53, 22.519, 21.407, 19.297, 16.385, 10.716, 0.0, 11.546, 16.692, 17.848, 20.059, 22.846, 25.861, 27.378, 27.604, 28.243, 29.903, 31.917, 32.769, 33.247, 34.123, 34.738, 34.404, 34.237, 34.343, 34.281, 34.427, 34.68, 34.846, 34.956, 35.185, 35.384, 35.25, 35.402, 35.925, 36.091, 36.508, 37.548, 37.229, 36.903, 36.529, 35.53, 36.346, 39.589, 41.552, 41.809, 42.336, 44.445, 46.983, 47.927, 48.483, 48.288, 48.1, 47.504, 45.667, 45.054, 45.027, 44.431, 42.996, 41.711, 41.039, 40.693, 40.667, 39.929, 38.956, 39.026, 38.761, 38.767, 38.342, 37.742, 38.022, 38.675, 39.068, 39.309, 39.268, 39.557, 39.794, 39.988, 39.738, 39.184, 38.704, 39.062, 41.86, 46.719, 49.156, 49.018, 49.031, 48.619, 48.286, 48.873, 49.767, 51.257, 52.048, 50.936, 49.799, 50.025, 48.773, 45.235, 43.133, 42.859, 43.219, 43.685, 42.68, 40.745, 39.321, 38.597, 37.672, 36.924, 36.691, 36.872, 37.901, 39.546, 39.603, 38.437, 38.749, 39.803, 39.618, 40.021, 41.486, 42.2, 42.489, 46.084, 49.612, 49.635, 27.358], [30.042, 28.555, 27.709, 27.089, 26.377, 24.737, 22.371, 18.786, 11.546, 0.0, 8.855, 12.601, 15.18, 18.408, 22.292, 24.342, 24.885, 25.845, 28.317, 31.298, 32.528, 33.131, 34.193, 34.874, 34.6, 34.54, 34.75, 34.694, 34.874, 35.456, 35.997, 36.178, 36.336, 36.573, 36.495, 36.637, 37.099, 37.222, 37.521, 38.442, 38.166, 37.87, 37.559, 36.701, 37.503, 40.435, 42.183, 42.389, 42.836, 44.744, 47.089, 47.978, 48.531, 48.377, 48.207, 47.622, 45.902, 45.347, 45.353, 44.826, 43.463, 42.257, 41.648, 41.338, 41.327, 40.652, 39.762, 39.848, 39.58, 39.583, 39.153, 38.567, 38.852, 39.473, 39.779, 39.916, 39.836, 40.087, 40.187, 40.359, 40.256, 39.906, 39.568, 39.887, 42.389, 46.729, 49.039, 48.972, 49.01, 48.615, 48.357, 48.992, 49.863, 51.333, 52.104, 50.994, 49.92, 50.127, 48.903, 45.533, 43.551, 43.415, 43.83, 44.256, 43.311, 41.505, 40.138, 39.491, 38.697, 38.04, 37.807, 37.951, 38.799, 40.203, 40.237, 39.23, 39.59, 40.553, 40.374, 40.704, 42.011, 42.621, 42.824, 46.222, 49.6, 49.597, 30.634], [31.526, 30.337, 29.716, 29.269, 28.77, 27.463, 25.29, 21.878, 16.692, 8.855, 0.0, 7.591, 12.01, 15.497, 20.156, 22.813, 23.671, 24.75, 27.611, 31.03, 32.405, 33.116, 34.285, 35.004, 34.755, 34.715, 34.968, 34.959, 35.216, 35.894, 36.501, 36.722, 36.852, 37.068, 37.003, 37.154, 37.61, 37.712, 38.014, 38.91, 38.671, 38.439, 38.114, 37.273, 38.107, 40.946, 42.635, 42.82, 43.242, 45.11, 47.395, 48.258, 48.815, 48.669, 48.494, 47.905, 46.213, 45.685, 45.705, 45.215, 43.884, 42.687, 42.09, 41.814, 41.817, 41.159, 40.271, 40.359, 40.091, 40.057, 39.596, 39.001, 39.256, 39.843, 40.135, 40.272, 40.197, 40.406, 40.37, 40.499, 40.422, 40.126, 39.821, 40.098, 42.448, 46.624, 48.937, 48.914, 48.954, 48.56, 48.322, 48.958, 49.778, 51.221, 51.978, 50.881, 49.862, 50.072, 48.862, 45.6, 43.682, 43.6, 44.042, 44.44, 43.52, 41.763, 40.402, 39.782, 39.05, 38.478, 38.294, 38.446, 39.259, 40.612, 40.664, 39.75, 40.123, 41.034, 40.845, 41.159, 42.384, 42.924, 43.114, 46.461, 49.798, 49.775, 32.003], [31.928, 30.835, 30.327, 29.911, 29.503, 28.383, 26.375, 22.879, 17.848, 12.601, 7.591, 0.0, 7.237, 12.602, 17.926, 20.914, 22.087, 23.424, 26.48, 30.182, 31.631, 32.394, 33.699, 34.508, 34.296, 34.251, 34.503, 34.519, 34.875, 35.626, 36.231, 36.466, 36.693, 36.964, 36.865, 37.027, 37.529, 37.648, 37.981, 38.846, 38.606, 38.387, 38.007, 37.149, 38.038, 40.902, 42.554, 42.728, 43.164, 45.035, 47.319, 48.173, 48.747, 48.615, 48.425, 47.834, 46.167, 45.656, 45.665, 45.162, 43.834, 42.619, 42.023, 41.768, 41.73, 41.037, 40.122, 40.154, 39.874, 39.866, 39.405, 38.776, 39.02, 39.61, 39.887, 40.036, 39.98, 40.243, 40.288, 40.463, 40.369, 40.034, 39.715, 40.003, 42.388, 46.533, 48.856, 48.829, 48.838, 48.421, 48.158, 48.789, 49.627, 51.117, 51.895, 50.795, 49.776, 49.998, 48.801, 45.536, 43.587, 43.45, 43.907, 44.331, 43.388, 41.624, 40.315, 39.688, 38.911, 38.338, 38.183, 38.33, 39.145, 40.528, 40.596, 39.668, 40.031, 40.953, 40.77, 41.096, 42.328, 42.886, 43.084, 46.392, 49.731, 49.729, 32.376], [32.596, 31.556, 31.172, 30.851, 30.517, 29.586, 27.847, 24.743, 20.059, 15.18, 12.01, 7.237, 0.0, 7.914, 14.919, 18.475, 19.885, 21.459, 24.83, 28.898, 30.507, 31.336, 32.788, 33.638, 33.483, 33.505, 33.784, 33.821, 34.326, 35.347, 36.133, 36.378, 36.691, 37.093, 37.016, 37.156, 37.648, 37.741, 38.074, 38.941, 38.708, 38.482, 38.078, 37.253, 38.253, 41.093, 42.649, 42.817, 43.259, 45.062, 47.308, 48.161, 48.716, 48.583, 48.382, 47.798, 46.196, 45.708, 45.724, 45.21, 43.864, 42.636, 42.035, 41.813, 41.794, 41.093, 40.18, 40.207, 39.96, 39.997, 39.538, 38.904, 39.184, 39.812, 40.086, 40.231, 40.188, 40.506, 40.611, 40.784, 40.681, 40.322, 39.978, 40.26, 42.608, 46.616, 48.877, 48.832, 48.806, 48.334, 48.044, 48.696, 49.543, 51.042, 51.813, 50.715, 49.725, 49.954, 48.726, 45.479, 43.62, 43.532, 43.996, 44.417, 43.486, 41.759, 40.478, 39.849, 39.08, 38.525, 38.374, 38.525, 39.386, 40.831, 40.915, 39.956, 40.285, 41.202, 41.026, 41.337, 42.585, 43.17, 43.384, 46.712, 50.047, 50.018, 33.02], [33.503, 32.541, 32.216, 32.035, 31.834, 31.13, 29.701, 26.984, 22.846, 18.408, 15.497, 12.602, 7.914, 0.0, 9.523, 15.121, 17.085, 19.012, 23.119, 27.566, 29.292, 30.202, 31.778, 32.644, 32.574, 32.686, 32.989, 33.074, 33.793, 35.104, 36.118, 36.436, 36.778, 37.289, 37.3, 37.446, 37.911, 37.984, 38.328, 39.218, 38.978, 38.761, 38.372, 37.61, 38.604, 41.237, 42.646, 42.816, 43.234, 44.895, 47.043, 47.861, 48.358, 48.165, 47.95, 47.397, 45.882, 45.451, 45.486, 44.973, 43.664, 42.512, 41.95, 41.743, 41.791, 41.18, 40.373, 40.462, 40.293, 40.386, 39.938, 39.314, 39.604, 40.212, 40.46, 40.608, 40.563, 40.869, 40.956, 41.062, 40.915, 40.517, 40.132, 40.374, 42.619, 46.396, 48.548, 48.498, 48.517, 48.085, 47.775, 48.426, 49.3, 50.818, 51.583, 50.504, 49.581, 49.831, 48.586, 45.385, 43.673, 43.684, 44.143, 44.518, 43.596, 41.94, 40.699, 40.099, 39.353, 38.769, 38.588, 38.747, 39.627, 41.054, 41.118, 40.175, 40.524, 41.452, 41.275, 41.566, 42.802, 43.377, 43.573, 46.893, 50.205, 50.143, 33.867], [34.781, 33.915, 33.64, 33.533, 33.453, 32.996, 31.896, 29.508, 25.861, 22.292, 20.156, 17.926, 14.919, 9.523, 0.0, 8.926, 13.36, 16.344, 21.673, 26.689, 28.555, 29.602, 31.328, 32.284, 32.312, 32.502, 32.834, 32.963, 33.823, 35.24, 36.351, 36.751, 37.125, 37.653, 37.707, 37.913, 38.43, 38.521, 38.872, 39.773, 39.501, 39.272, 38.883, 38.13, 39.184, 41.621, 42.874, 43.029, 43.389, 44.87, 46.92, 47.743, 48.223, 48.019, 47.823, 47.292, 45.828, 45.434, 45.48, 44.966, 43.713, 42.669, 42.187, 42.004, 42.055, 41.504, 40.795, 40.892, 40.76, 40.882, 40.452, 39.818, 40.066, 40.68, 40.964, 41.122, 41.043, 41.291, 41.39, 41.502, 41.32, 40.905, 40.507, 40.725, 42.934, 46.524, 48.542, 48.498, 48.567, 48.145, 47.805, 48.477, 49.394, 50.869, 51.61, 50.572, 49.707, 49.978, 48.761, 45.619, 44.008, 44.085, 44.537, 44.875, 43.956, 42.352, 41.159, 40.589, 39.858, 39.254, 39.034, 39.166, 39.999, 41.333, 41.379, 40.469, 40.834, 41.773, 41.607, 41.895, 43.134, 43.706, 43.897, 47.168, 50.414, 50.331, 35.061], [34.74, 34.024, 33.943, 33.919, 33.917, 33.654, 32.859, 30.737, 27.378, 24.342, 22.813, 20.914, 18.475, 15.121, 8.926, 0.0, 7.83, 13.139, 18.907, 24.371, 26.563, 27.77, 29.68, 30.806, 30.858, 31.043, 31.396, 31.533, 32.451, 34.042, 35.288, 35.719, 36.146, 36.737, 36.804, 37.068, 37.692, 37.807, 38.175, 39.165, 38.85, 38.577, 38.203, 37.411, 38.489, 41.131, 42.548, 42.746, 43.117, 44.671, 46.814, 47.646, 48.169, 48.058, 47.927, 47.413, 45.869, 45.431, 45.459, 44.91, 43.607, 42.503, 41.971, 41.79, 41.849, 41.238, 40.413, 40.446, 40.264, 40.374, 39.921, 39.252, 39.521, 40.157, 40.477, 40.665, 40.555, 40.791, 40.927, 41.083, 40.908, 40.48, 40.077, 40.346, 42.657, 46.529, 48.682, 48.626, 48.659, 48.141, 47.794, 48.541, 49.485, 50.939, 51.685, 50.633, 49.745, 50.053, 48.797, 45.486, 43.744, 43.849, 44.375, 44.748, 43.8, 42.092, 40.795, 40.178, 39.426, 38.836, 38.602, 38.715, 39.63, 41.096, 41.191, 40.233, 40.56, 41.541, 41.373, 41.657, 42.952, 43.597, 43.823, 47.219, 50.579, 50.515, 34.97], [33.884, 33.285, 33.368, 33.449, 33.488, 33.288, 32.65, 30.692, 27.604, 24.885, 23.671, 22.087, 19.885, 17.085, 13.36, 7.83, 0.0, 8.711, 16.128, 21.603, 23.972, 25.367, 27.388, 28.658, 28.779, 28.999, 29.385, 29.548, 30.545, 32.325, 33.734, 34.187, 34.678, 35.398, 35.517, 35.827, 36.564, 36.758, 37.182, 38.256, 37.912, 37.614, 37.226, 36.383, 37.416, 40.212, 41.814, 42.062, 42.472, 44.173, 46.432, 47.269, 47.788, 47.713, 47.629, 47.121, 45.489, 45.009, 45.025, 44.426, 43.029, 41.848, 41.258, 41.052, 41.173, 40.574, 39.725, 39.798, 39.594, 39.705, 39.234, 38.561, 38.904, 39.578, 39.922, 40.149, 40.048, 40.326, 40.509, 40.637, 40.405, 39.882, 39.423, 39.759, 42.204, 46.461, 48.78, 48.702, 48.721, 48.155, 47.813, 48.602, 49.553, 51.022, 51.789, 50.715, 49.781, 50.11, 48.789, 45.274, 43.437, 43.571, 44.122, 44.503, 43.505, 41.659, 40.213, 39.518, 38.738, 38.126, 37.854, 37.973, 39.021, 40.634, 40.754, 39.749, 40.069, 41.102, 40.91, 41.184, 42.519, 43.159, 43.405, 47.024, 50.53, 50.471, 34.124], [33.878, 33.348, 33.449, 33.527, 33.585, 33.449, 32.881, 31.052, 28.243, 25.845, 24.75, 23.424, 21.459, 19.012, 16.344, 13.139, 8.711, 0.0, 10.828, 18.294, 20.857, 22.466, 24.882, 26.35, 26.597, 26.964, 27.497, 27.803, 29.002, 31.024, 32.597, 33.076, 33.656, 34.505, 34.719, 35.123, 35.921, 36.244, 36.898, 38.118, 37.8, 37.506, 37.078, 36.209, 37.221, 39.951, 41.496, 41.756, 42.168, 43.847, 46.085, 46.917, 47.401, 47.257, 47.152, 46.656, 45.04, 44.555, 44.594, 44.014, 42.616, 41.429, 40.847, 40.653, 40.754, 40.141, 39.343, 39.455, 39.236, 39.35, 38.87, 38.175, 38.527, 39.21, 39.54, 39.777, 39.7, 40.036, 40.308, 40.453, 40.229, 39.714, 39.192, 39.465, 41.934, 46.206, 48.493, 48.376, 48.374, 47.819, 47.485, 48.287, 49.272, 50.795, 51.575, 50.503, 49.55, 49.876, 48.535, 44.96, 43.118, 43.244, 43.824, 44.225, 43.192, 41.305, 39.873, 39.17, 38.341, 37.714, 37.46, 37.567, 38.605, 40.259, 40.393, 39.387, 39.707, 40.758, 40.597, 40.87, 42.174, 42.797, 43.024, 46.69, 50.261, 50.237, 34.055], [33.383, 33.157, 33.547, 33.69, 33.833, 33.819, 33.424, 31.974, 29.903, 28.317, 27.611, 26.48, 24.83, 23.119, 21.673, 18.907, 16.128, 10.828, 0.0, 10.583, 14.949, 16.875, 19.867, 21.729, 22.157, 22.833, 23.607, 24.003, 25.575, 28.32, 30.259, 30.866, 31.671, 32.711, 33.035, 33.629, 34.561, 34.909, 35.794, 37.237, 36.915, 36.582, 36.096, 35.087, 36.119, 39.17, 40.859, 41.156, 41.621, 43.447, 45.807, 46.636, 47.128, 46.935, 46.821, 46.31, 44.602, 44.088, 44.12, 43.488, 41.99, 40.699, 40.069, 39.919, 40.035, 39.37, 38.598, 38.797, 38.534, 38.638, 38.161, 37.404, 37.75, 38.469, 38.822, 39.065, 38.977, 39.432, 39.838, 39.972, 39.701, 39.105, 38.482, 38.759, 41.362, 45.857, 48.276, 48.097, 47.993, 47.34, 46.949, 47.787, 48.834, 50.409, 51.203, 50.079, 49.097, 49.464, 48.012, 44.233, 42.349, 42.515, 43.137, 43.555, 42.426, 40.425, 39.011, 38.274, 37.384, 36.756, 36.555, 36.689, 37.858, 39.723, 39.876, 38.751, 38.977, 40.048, 39.845, 40.101, 41.458, 42.117, 42.308, 46.123, 49.901, 49.917, 33.442], [33.042, 33.086, 33.758, 34.034, 34.239, 34.278, 34.04, 33.008, 31.917, 31.298, 31.03, 30.182, 28.898, 27.566, 26.689, 24.371, 21.603, 18.294, 10.583, 0.0, 7.46, 11.188, 14.503, 16.767, 17.665, 18.875, 19.958, 20.647, 22.64, 25.802, 28.081, 28.907, 29.886, 31.136, 31.663, 32.451, 33.53, 33.943, 34.908, 36.444, 36.109, 35.74, 35.188, 34.096, 35.18, 38.495, 40.344, 40.678, 41.179, 43.155, 45.611, 46.403, 46.873, 46.66, 46.541, 46.019, 44.234, 43.702, 43.717, 43.034, 41.457, 40.092, 39.395, 39.257, 39.487, 38.864, 38.125, 38.418, 38.179, 38.324, 37.898, 37.156, 37.521, 38.294, 38.753, 39.051, 38.98, 39.575, 40.096, 40.197, 39.815, 39.021, 38.251, 38.577, 41.458, 46.354, 48.818, 48.614, 48.482, 47.764, 47.286, 48.043, 49.079, 50.644, 51.429, 50.283, 49.249, 49.638, 48.144, 44.25, 42.373, 42.55, 43.114, 43.527, 42.341, 40.159, 38.625, 37.829, 36.901, 36.211, 36.003, 36.176, 37.525, 39.576, 39.737, 38.521, 38.694, 39.771, 39.507, 39.749, 41.159, 41.867, 42.131, 46.069, 49.931, 49.977, 33.085], [33.243, 33.309, 34.036, 34.338, 34.549, 34.625, 34.428, 33.524, 32.769, 32.528, 32.405, 31.631, 30.507, 29.292, 28.555, 26.563, 23.972, 20.857, 14.949, 7.46, 0.0, 6.625, 11.752, 14.593, 15.896, 17.438, 18.738, 19.727, 21.953, 25.051, 27.336, 28.221, 29.274, 30.639, 31.267, 32.123, 33.254, 33.754, 34.777, 36.311, 36.02, 35.692, 35.162, 34.109, 35.21, 38.478, 40.298, 40.638, 41.134, 43.084, 45.497, 46.263, 46.726, 46.517, 46.383, 45.852, 44.087, 43.561, 43.577, 42.909, 41.369, 40.026, 39.329, 39.187, 39.42, 38.785, 38.013, 38.293, 38.096, 38.272, 37.881, 37.203, 37.583, 38.339, 38.821, 39.151, 39.083, 39.697, 40.36, 40.528, 40.134, 39.316, 38.535, 38.863, 41.817, 46.82, 49.22, 48.988, 48.829, 48.083, 47.541, 48.194, 49.18, 50.721, 51.481, 50.318, 49.236, 49.61, 48.191, 44.376, 42.531, 42.693, 43.223, 43.645, 42.464, 40.241, 38.725, 37.954, 37.005, 36.283, 36.065, 36.22, 37.512, 39.54, 39.708, 38.479, 38.623, 39.66, 39.41, 39.665, 41.032, 41.75, 42.104, 45.984, 49.782, 49.852, 33.279], [33.309, 33.417, 34.203, 34.498, 34.697, 34.85, 34.698, 33.866, 33.247, 33.131, 33.116, 32.394, 31.336, 30.202, 29.602, 27.77, 25.367, 22.466, 16.875, 11.188, 6.625, 0.0, 7.293, 11.688, 13.853, 15.778, 17.181, 18.3, 20.871, 24.224, 26.516, 27.431, 28.619, 30.074, 30.719, 31.583, 32.746, 33.359, 34.502, 36.099, 35.795, 35.524, 35.126, 34.157, 35.197, 38.422, 40.229, 40.575, 41.081, 43.031, 45.436, 46.216, 46.696, 46.495, 46.34, 45.792, 44.022, 43.499, 43.505, 42.823, 41.287, 39.967, 39.299, 39.151, 39.383, 38.777, 38.042, 38.349, 38.141, 38.297, 37.908, 37.224, 37.591, 38.335, 38.818, 39.154, 39.075, 39.696, 40.4, 40.564, 40.117, 39.263, 38.487, 38.853, 41.776, 46.777, 49.18, 48.928, 48.72, 47.94, 47.373, 48.004, 48.989, 50.535, 51.306, 50.131, 49.033, 49.413, 47.984, 44.159, 42.359, 42.548, 43.066, 43.476, 42.291, 40.085, 38.608, 37.854, 36.946, 36.27, 36.052, 36.196, 37.499, 39.557, 39.721, 38.419, 38.48, 39.519, 39.277, 39.513, 40.871, 41.592, 41.952, 45.811, 49.61, 49.662, 33.328], [33.592, 33.767, 34.6, 34.91, 35.105, 35.307, 35.237, 34.525, 34.123, 34.193, 34.285, 33.699, 32.788, 31.778, 31.328, 29.68, 27.388, 24.882, 19.867, 14.503, 11.752, 7.293, 0.0, 6.487, 10.844, 13.769, 15.338, 16.631, 19.656, 23.346, 25.739, 26.714, 28.031, 29.624, 30.349, 31.239, 32.43, 33.142, 34.383, 36.039, 35.73, 35.5, 35.226, 34.418, 35.4, 38.436, 40.194, 40.555, 41.048, 42.98, 45.363, 46.122, 46.598, 46.385, 46.214, 45.667, 43.89, 43.374, 43.376, 42.684, 41.156, 39.873, 39.229, 39.086, 39.381, 38.899, 38.316, 38.701, 38.487, 38.613, 38.236, 37.556, 37.885, 38.624, 39.136, 39.491, 39.441, 40.07, 40.719, 40.856, 40.357, 39.444, 38.661, 39.064, 41.996, 46.997, 49.357, 49.124, 48.956, 48.195, 47.613, 48.208, 49.176, 50.687, 51.435, 50.261, 49.15, 49.514, 48.094, 44.306, 42.56, 42.753, 43.254, 43.653, 42.492, 40.29, 38.771, 38.019, 37.187, 36.538, 36.31, 36.457, 37.802, 39.846, 39.984, 38.669, 38.718, 39.774, 39.506, 39.692, 41.039, 41.756, 42.122, 46.013, 49.822, 49.87, 33.609], [33.858, 34.023, 34.835, 35.169, 35.383, 35.591, 35.587, 34.995, 34.738, 34.874, 35.004, 34.508, 33.638, 32.644, 32.284, 30.806, 28.658, 26.35, 21.729, 16.767, 14.593, 11.688, 6.487, 0.0, 6.601, 11.346, 13.359, 14.688, 18.144, 22.313, 24.929, 25.952, 27.407, 29.234, 30.113, 31.049, 32.239, 32.972, 34.277, 35.997, 35.693, 35.472, 35.24, 34.61, 35.632, 38.48, 40.145, 40.509, 40.978, 42.833, 45.14, 45.883, 46.333, 46.082, 45.921, 45.407, 43.676, 43.178, 43.194, 42.535, 41.048, 39.825, 39.197, 39.053, 39.399, 38.998, 38.485, 38.88, 38.66, 38.793, 38.432, 37.783, 38.136, 38.887, 39.398, 39.767, 39.765, 40.404, 41.004, 41.15, 40.672, 39.761, 38.975, 39.35, 42.279, 47.15, 49.453, 49.23, 49.09, 48.347, 47.751, 48.339, 49.3, 50.787, 51.504, 50.33, 49.234, 49.583, 48.181, 44.469, 42.765, 42.956, 43.46, 43.876, 42.75, 40.579, 39.045, 38.304, 37.518, 36.86, 36.612, 36.766, 38.119, 40.119, 40.255, 38.992, 39.076, 40.107, 39.804, 39.972, 41.295, 41.985, 42.368, 46.238, 49.993, 50.041, 33.881], [33.223, 33.394, 34.248, 34.622, 34.876, 35.073, 35.082, 34.559, 34.404, 34.6, 34.755, 34.296, 33.483, 32.574, 32.312, 30.858, 28.779, 26.597, 22.157, 17.665, 15.896, 13.853, 10.844, 6.601, 0.0, 6.301, 9.567, 11.285, 15.197, 20.019, 22.945, 24.042, 25.662, 27.75, 28.82, 29.892, 31.176, 31.974, 33.408, 35.237, 34.923, 34.691, 34.415, 33.753, 35.018, 38.198, 40.011, 40.385, 40.892, 42.843, 45.211, 45.947, 46.39, 46.112, 45.946, 45.424, 43.66, 43.135, 43.151, 42.503, 40.98, 39.689, 39.005, 38.841, 39.185, 38.698, 38.057, 38.387, 38.101, 38.246, 37.883, 37.225, 37.629, 38.41, 38.936, 39.338, 39.339, 39.998, 40.611, 40.765, 40.301, 39.399, 38.599, 38.988, 42.031, 47.103, 49.508, 49.298, 49.152, 48.382, 47.78, 48.39, 49.359, 50.895, 51.66, 50.475, 49.347, 49.699, 48.279, 44.44, 42.557, 42.688, 43.233, 43.698, 42.528, 40.24, 38.633, 37.868, 37.024, 36.321, 36.068, 36.226, 37.633, 39.729, 39.88, 38.588, 38.686, 39.744, 39.422, 39.614, 41.004, 41.717, 42.105, 46.081, 49.938, 50.027, 33.264], [32.89, 33.111, 34.04, 34.406, 34.666, 34.876, 34.858, 34.329, 34.237, 34.54, 34.715, 34.251, 33.505, 32.686, 32.502, 31.043, 28.999, 26.964, 22.833, 18.875, 17.438, 15.778, 13.769, 11.346, 6.301, 0.0, 4.941, 8.388, 13.014, 18.256, 21.434, 22.611, 24.379, 26.652, 27.847, 29.047, 30.46, 31.338, 32.851, 34.718, 34.402, 34.167, 33.867, 33.124, 34.491, 38.014, 40.021, 40.406, 40.942, 43.024, 45.499, 46.222, 46.683, 46.423, 46.232, 45.68, 43.866, 43.305, 43.297, 42.629, 41.074, 39.726, 39.002, 38.826, 39.164, 38.623, 37.911, 38.225, 37.903, 38.04, 37.667, 36.997, 37.421, 38.199, 38.719, 39.125, 39.107, 39.765, 40.385, 40.516, 40.014, 39.092, 38.276, 38.676, 41.736, 46.965, 49.456, 49.265, 49.116, 48.332, 47.732, 48.345, 49.327, 50.92, 51.749, 50.558, 49.385, 49.733, 48.311, 44.401, 42.413, 42.494, 43.062, 43.558, 42.345, 39.969, 38.327, 37.544, 36.672, 35.987, 35.75, 35.9, 37.328, 39.518, 39.688, 38.362, 38.458, 39.563, 39.258, 39.465, 40.906, 41.652, 42.049, 46.138, 50.104, 50.251, 32.941], [32.965, 33.216, 34.174, 34.533, 34.774, 35.001, 34.989, 34.431, 34.343, 34.75, 34.968, 34.503, 33.784, 32.989, 32.834, 31.396, 29.385, 27.497, 23.607, 19.958, 18.738, 17.181, 15.338, 13.359, 9.567, 4.941, 0.0, 5.769, 12.181, 17.865, 21.118, 22.322, 24.144, 26.492, 27.763, 29.013, 30.459, 31.336, 32.834, 34.704, 34.397, 34.169, 33.883, 33.15, 34.478, 38.04, 40.099, 40.495, 41.037, 43.145, 45.64, 46.325, 46.785, 46.564, 46.362, 45.803, 43.987, 43.415, 43.388, 42.702, 41.134, 39.773, 39.046, 38.875, 39.21, 38.678, 37.989, 38.324, 38.002, 38.144, 37.772, 37.098, 37.52, 38.285, 38.791, 39.185, 39.149, 39.792, 40.41, 40.544, 40.026, 39.093, 38.273, 38.664, 41.662, 46.822, 49.3, 49.116, 48.97, 48.187, 47.59, 48.199, 49.19, 50.803, 51.641, 50.444, 49.279, 49.63, 48.218, 44.35, 42.388, 42.447, 43.021, 43.527, 42.309, 39.947, 38.336, 37.572, 36.741, 36.082, 35.845, 35.987, 37.395, 39.586, 39.768, 38.447, 38.549, 39.67, 39.382, 39.585, 41.022, 41.762, 42.164, 46.274, 50.24, 50.396, 33.008], [32.771, 33.021, 33.998, 34.373, 34.621, 34.898, 34.954, 34.41, 34.281, 34.694, 34.959, 34.519, 33.821, 33.074, 32.963, 31.533, 29.548, 27.803, 24.003, 20.647, 19.727, 18.3, 16.631, 14.688, 11.285, 8.388, 5.769, 0.0, 8.892, 16.434, 20.234, 21.423, 23.286, 25.755, 27.124, 28.431, 29.874, 30.718, 32.302, 34.29, 34.009, 33.806, 33.51, 32.812, 34.299, 37.972, 40.042, 40.444, 41.031, 43.146, 45.625, 46.296, 46.739, 46.529, 46.332, 45.772, 43.966, 43.395, 43.367, 42.676, 41.074, 39.66, 38.918, 38.757, 39.063, 38.468, 37.697, 37.979, 37.63, 37.796, 37.445, 36.783, 37.212, 37.968, 38.489, 38.91, 38.88, 39.524, 40.162, 40.309, 39.82, 38.954, 38.183, 38.592, 41.533, 46.628, 49.141, 48.957, 48.821, 48.062, 47.487, 48.108, 49.119, 50.768, 51.611, 50.401, 49.238, 49.585, 48.137, 44.232, 42.259, 42.299, 42.873, 43.388, 42.172, 39.84, 38.266, 37.518, 36.678, 35.978, 35.734, 35.889, 37.276, 39.433, 39.608, 38.295, 38.405, 39.523, 39.248, 39.464, 40.897, 41.6, 41.978, 46.087, 50.046, 50.169, 32.797], [32.575, 32.834, 33.82, 34.214, 34.488, 34.736, 34.827, 34.426, 34.427, 34.874, 35.216, 34.875, 34.326, 33.793, 33.823, 32.451, 30.545, 29.002, 25.575, 22.64, 21.953, 20.871, 19.656, 18.144, 15.197, 13.014, 12.181, 8.892, 0.0, 10.4, 16.674, 18.215, 20.107, 23.116, 24.882, 26.4, 27.944, 28.848, 30.652, 32.9, 32.691, 32.516, 32.186, 31.582, 33.593, 37.684, 39.919, 40.34, 41.006, 43.221, 45.741, 46.482, 46.912, 46.677, 46.522, 45.996, 44.172, 43.581, 43.55, 42.872, 41.281, 39.835, 39.053, 38.861, 39.084, 38.286, 37.276, 37.454, 37.036, 37.223, 36.892, 36.282, 36.767, 37.539, 38.045, 38.473, 38.441, 39.083, 39.76, 39.933, 39.51, 38.803, 38.196, 38.71, 41.772, 47.025, 49.631, 49.474, 49.379, 48.643, 48.06, 48.661, 49.667, 51.327, 52.175, 50.95, 49.721, 50.028, 48.571, 44.57, 42.523, 42.569, 43.157, 43.678, 42.444, 40.059, 38.398, 37.608, 36.733, 35.952, 35.684, 35.855, 37.259, 39.433, 39.592, 38.249, 38.37, 39.504, 39.241, 39.486, 40.936, 41.613, 41.962, 46.06, 50.028, 50.151, 32.608], [32.258, 32.58, 33.582, 33.996, 34.283, 34.497, 34.592, 34.323, 34.68, 35.456, 35.894, 35.626, 35.347, 35.104, 35.24, 34.042, 32.325, 31.024, 28.32, 25.802, 25.051, 24.224, 23.346, 22.313, 20.019, 18.256, 17.865, 16.434, 10.4, 0.0, 9.617, 12.979, 15.143, 18.735, 21.122, 22.944, 24.646, 25.718, 27.803, 30.338, 30.239, 30.152, 29.845, 29.476, 32.28, 36.877, 39.343, 39.821, 40.489, 42.812, 45.418, 46.248, 46.679, 46.411, 46.272, 45.772, 43.95, 43.349, 43.291, 42.634, 41.136, 39.77, 39.009, 38.76, 38.902, 38.018, 36.913, 37.044, 36.62, 36.839, 36.527, 35.931, 36.434, 37.253, 37.794, 38.237, 38.203, 38.883, 39.667, 39.893, 39.453, 38.78, 38.258, 38.836, 42.195, 47.784, 50.363, 50.2, 50.115, 49.393, 48.808, 49.36, 50.307, 51.888, 52.691, 51.435, 50.13, 50.412, 48.959, 44.873, 42.722, 42.766, 43.339, 43.841, 42.594, 40.061, 38.19, 37.346, 36.461, 35.672, 35.406, 35.587, 37.04, 39.278, 39.444, 38.1, 38.245, 39.368, 39.101, 39.417, 40.911, 41.614, 42.022, 46.07, 49.96, 50.103, 32.262], [31.932, 32.303, 33.346, 33.786, 34.093, 34.324, 34.43, 34.197, 34.846, 35.997, 36.501, 36.231, 36.133, 36.118, 36.351, 35.288, 33.734, 32.597, 30.259, 28.081, 27.336, 26.516, 25.739, 24.929, 22.945, 21.434, 21.118, 20.234, 16.674, 9.617, 0.0, 6.415, 11.071, 15.099, 17.804, 20.001, 22.001, 23.36, 25.904, 28.723, 28.639, 28.685, 28.478, 28.233, 31.54, 36.475, 39.058, 39.552, 40.236, 42.673, 45.395, 46.262, 46.725, 46.513, 46.377, 45.832, 43.924, 43.286, 43.214, 42.535, 40.995, 39.615, 38.869, 38.636, 38.81, 38.012, 37.026, 37.243, 36.877, 37.05, 36.702, 36.124, 36.638, 37.476, 38.053, 38.462, 38.411, 39.121, 39.945, 40.168, 39.6, 38.698, 38.011, 38.553, 41.958, 47.777, 50.406, 50.211, 50.091, 49.375, 48.818, 49.344, 50.229, 51.733, 52.523, 51.265, 49.926, 50.212, 48.762, 44.671, 42.42, 42.385, 42.946, 43.453, 42.217, 39.638, 37.729, 36.84, 35.906, 35.158, 34.922, 35.11, 36.642, 39.004, 39.222, 37.886, 38.018, 39.137, 38.902, 39.259, 40.765, 41.523, 42.01, 46.043, 49.904, 50.023, 31.935], [31.937, 32.336, 33.403, 33.84, 34.154, 34.395, 34.514, 34.279, 34.956, 36.178, 36.722, 36.466, 36.378, 36.436, 36.751, 35.719, 34.187, 33.076, 30.866, 28.907, 28.221, 27.431, 26.714, 25.952, 24.042, 22.611, 22.322, 21.423, 18.215, 12.979, 6.415, 0.0, 7.573, 13.089, 16.135, 18.608, 20.921, 22.535, 25.374, 28.321, 28.254, 28.344, 28.168, 27.996, 31.417, 36.397, 39.007, 39.522, 40.246, 42.72, 45.469, 46.357, 46.855, 46.707, 46.589, 46.022, 44.086, 43.442, 43.367, 42.671, 41.084, 39.654, 38.891, 38.666, 38.842, 38.04, 37.052, 37.295, 36.945, 37.091, 36.72, 36.165, 36.698, 37.524, 38.063, 38.437, 38.37, 39.087, 39.916, 40.114, 39.515, 38.582, 37.874, 38.404, 41.776, 47.613, 50.259, 50.054, 49.929, 49.228, 48.679, 49.185, 50.069, 51.575, 52.374, 51.129, 49.785, 50.071, 48.622, 44.568, 42.319, 42.24, 42.804, 43.333, 42.11, 39.572, 37.742, 36.864, 35.912, 35.145, 34.898, 35.07, 36.588, 38.954, 39.168, 37.817, 37.91, 39.031, 38.834, 39.207, 40.72, 41.5, 42.02, 46.053, 49.924, 50.044, 31.952], [32.186, 32.589, 33.646, 34.068, 34.366, 34.596, 34.732, 34.51, 35.185, 36.336, 36.852, 36.693, 36.691, 36.778, 37.125, 36.146, 34.678, 33.656, 31.671, 29.886, 29.274, 28.619, 28.031, 27.407, 25.662, 24.379, 24.144, 23.286, 20.107, 15.143, 11.071, 7.573, 0.0, 7.87, 13.013, 16.407, 19.139, 21.03, 24.108, 27.267, 27.292, 27.432, 27.354, 27.426, 31.26, 36.467, 39.148, 39.684, 40.442, 42.99, 45.786, 46.716, 47.217, 47.07, 46.94, 46.353, 44.453, 43.825, 43.742, 43.066, 41.505, 40.062, 39.282, 39.039, 39.135, 38.232, 37.126, 37.285, 36.911, 37.049, 36.689, 36.141, 36.631, 37.435, 37.978, 38.39, 38.328, 39.01, 39.821, 40.002, 39.442, 38.589, 37.943, 38.483, 41.884, 47.762, 50.361, 50.164, 50.083, 49.419, 48.88, 49.387, 50.289, 51.793, 52.563, 51.338, 49.995, 50.263, 48.841, 44.786, 42.523, 42.482, 43.013, 43.509, 42.317, 39.805, 37.968, 37.119, 36.212, 35.442, 35.181, 35.361, 36.831, 39.141, 39.353, 38.018, 38.114, 39.229, 39.049, 39.431, 40.923, 41.71, 42.25, 46.244, 50.085, 50.211, 32.194], [32.337, 32.745, 33.798, 34.211, 34.512, 34.722, 34.841, 34.635, 35.384, 36.573, 37.068, 36.964, 37.093, 37.289, 37.653, 36.737, 35.398, 34.505, 32.711, 31.136, 30.639, 30.074, 29.624, 29.234, 27.75, 26.652, 26.492, 25.755, 23.116, 18.735, 15.099, 13.089, 7.87, 0.0, 7.601, 13.038, 16.606, 18.782, 22.199, 25.705, 25.843, 26.125, 26.165, 26.404, 30.777, 36.396, 39.222, 39.75, 40.551, 43.249, 46.141, 47.134, 47.666, 47.499, 47.347, 46.743, 44.825, 44.187, 44.085, 43.406, 41.86, 40.413, 39.63, 39.392, 39.484, 38.576, 37.44, 37.572, 37.168, 37.258, 36.894, 36.365, 36.842, 37.637, 38.199, 38.608, 38.529, 39.172, 39.929, 40.095, 39.533, 38.668, 38.015, 38.524, 41.881, 47.837, 50.438, 50.234, 50.158, 49.528, 49.022, 49.524, 50.411, 51.892, 52.634, 51.42, 50.071, 50.319, 48.927, 44.886, 42.608, 42.598, 43.101, 43.568, 42.403, 39.904, 38.059, 37.226, 36.355, 35.623, 35.352, 35.539, 37.023, 39.34, 39.56, 38.237, 38.341, 39.452, 39.273, 39.649, 41.102, 41.865, 42.4, 46.362, 50.197, 50.327, 32.337], [32.15, 32.577, 33.661, 34.051, 34.335, 34.561, 34.671, 34.46, 35.25, 36.495, 37.003, 36.865, 37.016, 37.3, 37.707, 36.804, 35.517, 34.719, 33.035, 31.663, 31.267, 30.719, 30.349, 30.113, 28.82, 27.847, 27.763, 27.124, 24.882, 21.122, 17.804, 16.135, 13.013, 7.601, 0.0, 7.57, 12.955, 15.743, 19.682, 23.735, 23.993, 24.465, 24.578, 24.817, 29.512, 35.571, 38.606, 39.152, 40.023, 42.884, 45.868, 46.899, 47.507, 47.37, 47.244, 46.657, 44.721, 44.074, 43.96, 43.254, 41.694, 40.248, 39.457, 39.228, 39.372, 38.565, 37.517, 37.686, 37.286, 37.336, 36.945, 36.417, 36.941, 37.775, 38.329, 38.675, 38.57, 39.231, 39.96, 40.125, 39.543, 38.609, 37.892, 38.359, 41.612, 47.575, 50.206, 49.971, 49.835, 49.199, 48.729, 49.212, 50.064, 51.535, 52.288, 51.075, 49.707, 49.966, 48.568, 44.536, 42.298, 42.287, 42.808, 43.298, 42.131, 39.642, 37.844, 37.012, 36.117, 35.418, 35.147, 35.316, 36.839, 39.235, 39.468, 38.114, 38.177, 39.301, 39.127, 39.485, 40.945, 41.717, 42.271, 46.307, 50.195, 50.338, 32.142], [32.445, 32.864, 33.93, 34.279, 34.526, 34.775, 34.879, 34.637, 35.402, 36.637, 37.154, 37.027, 37.156, 37.446, 37.913, 37.068, 35.827, 35.123, 33.629, 32.451, 32.123, 31.583, 31.239, 31.049, 29.892, 29.047, 29.013, 28.431, 26.4, 22.944, 20.001, 18.608, 16.407, 13.038, 7.57, 0.0, 7.482, 12.319, 17.35, 22.006, 22.463, 23.189, 23.635, 24.179, 29.058, 35.266, 38.399, 38.973, 39.895, 42.821, 45.788, 46.796, 47.439, 47.35, 47.25, 46.721, 44.84, 44.209, 44.104, 43.412, 41.874, 40.442, 39.647, 39.438, 39.623, 38.907, 37.906, 38.026, 37.637, 37.656, 37.245, 36.721, 37.232, 38.066, 38.591, 38.889, 38.757, 39.414, 40.133, 40.296, 39.728, 38.786, 38.066, 38.534, 41.66, 47.475, 50.08, 49.836, 49.673, 49.027, 48.585, 49.052, 49.835, 51.259, 52.022, 50.818, 49.442, 49.711, 48.336, 44.353, 42.133, 42.127, 42.682, 43.201, 42.059, 39.62, 37.901, 37.082, 36.169, 35.491, 35.243, 35.392, 36.888, 39.283, 39.51, 38.147, 38.17, 39.27, 39.108, 39.422, 40.842, 41.615, 42.172, 46.176, 50.041, 50.194, 32.436], [33.112, 33.519, 34.51, 34.841, 35.093, 35.347, 35.442, 35.198, 35.925, 37.099, 37.61, 37.529, 37.648, 37.911, 38.43, 37.692, 36.564, 35.921, 34.561, 33.53, 33.254, 32.746, 32.43, 32.239, 31.176, 30.46, 30.459, 29.874, 27.944, 24.646, 22.001, 20.921, 19.139, 16.606, 12.955, 7.482, 0.0, 7.817, 15.093, 20.451, 21.226, 22.333, 23.196, 24.367, 29.701, 35.84, 38.908, 39.486, 40.4, 43.224, 46.044, 47.02, 47.652, 47.594, 47.488, 46.935, 45.109, 44.502, 44.413, 43.771, 42.299, 40.906, 40.122, 39.927, 40.118, 39.452, 38.477, 38.531, 38.127, 38.144, 37.741, 37.23, 37.687, 38.481, 38.975, 39.267, 39.15, 39.745, 40.422, 40.602, 40.064, 39.162, 38.495, 38.968, 41.99, 47.602, 50.127, 49.898, 49.745, 49.099, 48.656, 49.08, 49.775, 51.112, 51.852, 50.664, 49.299, 49.558, 48.237, 44.405, 42.258, 42.268, 42.782, 43.269, 42.198, 39.893, 38.287, 37.522, 36.648, 35.987, 35.741, 35.878, 37.297, 39.609, 39.835, 38.524, 38.552, 39.61, 39.447, 39.716, 41.053, 41.788, 42.319, 46.174, 49.925, 50.081, 33.089], [33.071, 33.51, 34.509, 34.865, 35.153, 35.423, 35.558, 35.352, 36.091, 37.222, 37.712, 37.648, 37.741, 37.984, 38.521, 37.807, 36.758, 36.244, 34.909, 33.943, 33.754, 33.359, 33.142, 32.972, 31.974, 31.338, 31.336, 30.718, 28.848, 25.718, 23.36, 22.535, 21.03, 18.782, 15.743, 12.319, 7.817, 0.0, 9.899, 17.132, 18.362, 19.909, 21.106, 22.931, 29.186, 35.659, 38.814, 39.403, 40.329, 43.16, 45.937, 46.903, 47.533, 47.49, 47.396, 46.799, 44.988, 44.406, 44.307, 43.654, 42.179, 40.804, 40.016, 39.782, 39.984, 39.347, 38.376, 38.442, 38.057, 38.112, 37.714, 37.222, 37.728, 38.555, 39.044, 39.339, 39.286, 39.91, 40.566, 40.746, 40.172, 39.232, 38.532, 38.98, 42.022, 47.651, 50.152, 49.929, 49.807, 49.179, 48.724, 49.132, 49.817, 51.147, 51.847, 50.631, 49.25, 49.491, 48.14, 44.336, 42.28, 42.372, 42.842, 43.275, 42.228, 39.957, 38.329, 37.576, 36.753, 36.103, 35.834, 35.967, 37.409, 39.735, 39.997, 38.723, 38.778, 39.85, 39.665, 39.945, 41.315, 42.028, 42.579, 46.521, 50.266, 50.395, 33.026], [33.659, 34.083, 35.056, 35.401, 35.659, 35.893, 36.05, 35.863, 36.508, 37.521, 38.014, 37.981, 38.074, 38.328, 38.872, 38.175, 37.182, 36.898, 35.794, 34.908, 34.777, 34.502, 34.383, 34.277, 33.408, 32.851, 32.834, 32.302, 30.652, 27.803, 25.904, 25.374, 24.108, 22.199, 19.682, 17.35, 15.093, 9.899, 0.0, 9.861, 12.736, 15.53, 17.736, 20.898, 28.355, 35.283, 38.553, 39.154, 40.091, 42.983, 45.742, 46.718, 47.371, 47.356, 47.283, 46.692, 44.959, 44.413, 44.286, 43.622, 42.174, 40.867, 40.108, 39.836, 40.026, 39.44, 38.523, 38.576, 38.235, 38.342, 37.954, 37.511, 38.103, 38.944, 39.365, 39.626, 39.616, 40.267, 40.894, 41.073, 40.491, 39.532, 38.816, 39.244, 42.236, 47.845, 50.274, 50.051, 49.971, 49.394, 48.949, 49.348, 50.065, 51.424, 52.09, 50.873, 49.52, 49.747, 48.365, 44.584, 42.671, 42.906, 43.356, 43.741, 42.727, 40.508, 38.832, 38.092, 37.351, 36.697, 36.365, 36.485, 37.895, 40.143, 40.416, 39.227, 39.344, 40.423, 40.223, 40.502, 41.924, 42.681, 43.246, 47.228, 50.941, 51.013, 33.646], [35.143, 35.457, 36.284, 36.583, 36.799, 36.985, 37.137, 36.992, 37.548, 38.442, 38.91, 38.846, 38.941, 39.218, 39.773, 39.165, 38.256, 38.118, 37.237, 36.444, 36.311, 36.099, 36.039, 35.997, 35.237, 34.718, 34.704, 34.29, 32.9, 30.338, 28.723, 28.321, 27.267, 25.705, 23.735, 22.006, 20.451, 17.132, 9.861, 0.0, 6.593, 12.133, 16.011, 20.821, 28.818, 35.693, 38.919, 39.521, 40.429, 43.297, 45.97, 46.924, 47.59, 47.613, 47.538, 46.971, 45.344, 44.839, 44.708, 44.085, 42.738, 41.502, 40.786, 40.542, 40.685, 40.113, 39.256, 39.279, 38.948, 39.052, 38.693, 38.258, 38.775, 39.548, 39.94, 40.22, 40.248, 40.882, 41.456, 41.608, 41.058, 40.194, 39.566, 39.977, 42.794, 48.124, 50.409, 50.203, 50.12, 49.547, 49.125, 49.5, 50.184, 51.487, 52.126, 50.947, 49.624, 49.836, 48.512, 44.962, 43.237, 43.504, 43.859, 44.191, 43.297, 41.262, 39.703, 39.029, 38.331, 37.671, 37.342, 37.436, 38.663, 40.69, 40.934, 39.85, 39.963, 40.95, 40.769, 41.013, 42.337, 43.109, 43.682, 47.426, 50.949, 51.022, 35.16