[[0.0, 3.48, 7.992, 11.839, 13.641, 14.461, 16.465, 20.529, 23.878, 25.038, 25.648, 28.337, 31.259, 31.767, 31.791, 32.491, 33.223, 34.093, 35.295, 36.132, 36.567, 36.95, 37.297, 37.62, 38.424, 39.746, 40.917, 41.469, 41.33, 40.469, 39.709, 39.439, 39.591, 39.923, 39.913, 39.654, 39.493, 39.634, 40.013, 40.283, 40.254, 40.095, 39.968, 39.175, 37.671, 36.779, 38.034, 40.671, 42.839, 43.586, 43.884, 44.79, 46.478, 47.219, 46.784, 45.915, 44.792, 43.537, 42.219, 41.187, 40.699, 40.416, 39.967, 39.452, 39.259, 39.418, 39.48, 38.754, 37.406, 36.691, 36.928, 37.15, 37.392, 38.127, 38.611, 38.354, 37.984, 38.228, 39.12, 40.539, 41.595, 41.451, 40.72, 40.322, 40.591, 41.337, 41.796, 40.908, 40.226, 40.525, 41.333, 41.994, 42.226, 42.348, 42.833, 43.165, 42.568, 40.806, 39.248, 38.814, 38.389, 38.131, 38.095, 38.415, 38.473, 38.377, 38.23, 37.903, 37.205, 36.729, 36.639, 36.736, 36.811, 36.79, 36.841, 36.708, 36.497, 36.62, 36.865, 36.994, 37.175, 37.064, 37.159, 38.574, 40.04, 40.183, 39.864, 39.992, 40.165, 40.148, 40.292, 40.793, 40.903, 40.719, 40.706, 40.575, 40.635, 40.615, 40.876, 42.187, 43.367, 43.471, 43.792, 44.448, 43.842, 43.118, 43.189, 42.963, 42.305, 42.4, 42.576, 41.808, 41.083, 41.303, 41.867, 42.625, 43.357, 43.609, 43.738, 44.13, 44.236, 43.39, 42.578, 42.652, 41.585, 38.833, 40.619, 48.451, 54.909, 57.383, 56.973, 56.716, 57.699, 58.719, 58.843, 57.962, 56.403, 55.146, 54.618, 54.46, 54.49, 54.423, 53.946, 53.353, 52.874, 52.66, 52.61, 52.495, 52.36, 52.899, 53.912, 53.589, 50.845, 46.259, 43.472, 43.813, 43.844, 43.239, 42.256, 40.837, 39.86, 40.358, 41.231, 41.156, 40.322, 5.034], [3.48, 0.0, 5.537, 10.189, 12.305, 13.17, 15.368, 19.703, 23.155, 24.333, 24.99, 27.81, 30.825, 31.374, 31.478, 32.245, 32.991, 33.881, 35.154, 36.05, 36.504, 36.896, 37.257, 37.593, 38.402, 39.721, 40.896, 41.454, 41.317, 40.452, 39.694, 39.428, 39.574, 39.9, 39.889, 39.627, 39.468, 39.614, 39.992, 40.265, 40.24, 40.078, 39.95, 39.164, 37.663, 36.755, 37.995, 40.624, 42.793, 43.554, 43.864, 44.779, 46.477, 47.22, 46.774, 45.891, 44.754, 43.495, 42.174, 41.126, 40.628, 40.342, 39.893, 39.378, 39.181, 39.34, 39.408, 38.683, 37.355, 36.67, 36.918, 37.132, 37.358, 38.077, 38.56, 38.301, 37.925, 38.144, 39.01, 40.429, 41.5, 41.376, 40.656, 40.263, 40.536, 41.276, 41.727, 40.837, 40.162, 40.474, 41.295, 41.973, 42.215, 42.34, 42.818, 43.132, 42.517, 40.768, 39.233, 38.795, 38.355, 38.088, 38.054, 38.389, 38.457, 38.37, 38.23, 37.918, 37.237, 36.768, 36.665, 36.755, 36.841, 36.833, 36.885, 36.755, 36.542, 36.653, 36.889, 37.027, 37.215, 37.089, 37.187, 38.624, 40.107, 40.255, 39.933, 40.053, 40.225, 40.202, 40.336, 40.836, 40.952, 40.761, 40.728, 40.595, 40.665, 40.635, 40.884, 42.207, 43.382, 43.475, 43.805, 44.486, 43.899, 43.173, 43.238, 43.013, 42.335, 42.373, 42.528, 41.774, 41.047, 41.25, 41.804, 42.557, 43.289, 43.544, 43.675, 44.074, 44.19, 43.356, 42.559, 42.643, 41.586, 38.822, 40.617, 48.449, 54.898, 57.362, 56.946, 56.689, 57.67, 58.685, 58.81, 57.931, 56.374, 55.112, 54.574, 54.41, 54.44, 54.365, 53.877, 53.278, 52.796, 52.577, 52.522, 52.402, 52.263, 52.803, 53.818, 53.491, 50.735, 46.13, 43.33, 43.678, 43.728, 43.134, 42.133, 40.691, 39.698, 40.191, 41.077, 41.018, 40.203, 6.745], [7.992, 5.537, 0.0, 5.664, 8.878, 10.132, 12.654, 17.745, 21.713, 23.075, 23.866, 27.005, 30.267, 30.94, 31.196, 32.058, 32.835, 33.806, 35.208, 36.168, 36.627, 37.015, 37.373, 37.706, 38.505, 39.817, 40.992, 41.55, 41.417, 40.567, 39.819, 39.557, 39.701, 40.026, 40.02, 39.761, 39.609, 39.76, 40.126, 40.386, 40.375, 40.214, 40.078, 39.289, 37.799, 36.909, 38.146, 40.747, 42.9, 43.663, 43.969, 44.856, 46.498, 47.212, 46.763, 45.881, 44.754, 43.513, 42.198, 41.121, 40.595, 40.314, 39.885, 39.375, 39.159, 39.294, 39.353, 38.63, 37.34, 36.706, 36.983, 37.216, 37.447, 38.157, 38.636, 38.38, 38.012, 38.223, 39.07, 40.482, 41.562, 41.472, 40.791, 40.413, 40.682, 41.401, 41.837, 40.95, 40.273, 40.575, 41.397, 42.083, 42.331, 42.46, 42.93, 43.211, 42.574, 40.84, 39.322, 38.883, 38.428, 38.13, 38.075, 38.414, 38.483, 38.385, 38.231, 37.916, 37.264, 36.83, 36.734, 36.824, 36.925, 36.929, 36.985, 36.868, 36.653, 36.765, 37.009, 37.153, 37.351, 37.231, 37.339, 38.784, 40.284, 40.449, 40.124, 40.222, 40.385, 40.359, 40.484, 40.97, 41.081, 40.886, 40.836, 40.701, 40.795, 40.771, 40.984, 42.284, 43.452, 43.542, 43.881, 44.593, 44.039, 43.327, 43.39, 43.159, 42.466, 42.439, 42.55, 41.797, 41.054, 41.217, 41.744, 42.483, 43.216, 43.475, 43.611, 44.021, 44.152, 43.335, 42.558, 42.664, 41.646, 38.915, 40.663, 48.359, 54.736, 57.17, 56.739, 56.474, 57.444, 58.449, 58.577, 57.707, 56.157, 54.889, 54.348, 54.194, 54.232, 54.16, 53.693, 53.133, 52.678, 52.471, 52.424, 52.318, 52.194, 52.737, 53.737, 53.403, 50.659, 46.091, 43.325, 43.682, 43.727, 43.132, 42.128, 40.697, 39.733, 40.263, 41.187, 41.162, 40.383, 9.497], [11.839, 10.189, 5.664, 0.0, 4.356, 6.758, 9.981, 15.688, 20.123, 21.699, 22.641, 26.155, 29.729, 30.536, 30.888, 31.8, 32.6, 33.621, 35.089, 36.062, 36.513, 36.889, 37.222, 37.522, 38.301, 39.622, 40.805, 41.358, 41.226, 40.387, 39.64, 39.383, 39.541, 39.876, 39.87, 39.608, 39.454, 39.597, 39.945, 40.198, 40.196, 40.019, 39.877, 39.102, 37.598, 36.725, 38.054, 40.722, 42.887, 43.65, 43.953, 44.824, 46.427, 47.137, 46.72, 45.861, 44.754, 43.506, 42.153, 41.009, 40.434, 40.154, 39.743, 39.224, 38.985, 39.097, 39.137, 38.397, 37.099, 36.472, 36.772, 37.039, 37.303, 38.04, 38.527, 38.261, 37.871, 38.074, 38.938, 40.392, 41.514, 41.454, 40.783, 40.4, 40.673, 41.402, 41.84, 40.925, 40.225, 40.53, 41.366, 42.065, 42.317, 42.447, 42.92, 43.185, 42.515, 40.745, 39.179, 38.74, 38.306, 37.986, 37.891, 38.222, 38.297, 38.175, 37.991, 37.647, 37.003, 36.603, 36.527, 36.622, 36.717, 36.715, 36.786, 36.691, 36.477, 36.596, 36.873, 37.053, 37.276, 37.178, 37.341, 38.853, 40.403, 40.58, 40.229, 40.298, 40.452, 40.432, 40.571, 41.059, 41.154, 40.935, 40.871, 40.762, 40.913, 40.904, 41.085, 42.364, 43.534, 43.621, 43.961, 44.695, 44.16, 43.441, 43.5, 43.254, 42.531, 42.45, 42.509, 41.73, 40.983, 41.13, 41.643, 42.382, 43.129, 43.394, 43.531, 43.952, 44.088, 43.257, 42.451, 42.561, 41.584, 38.861, 40.699, 48.449, 54.794, 57.195, 56.745, 56.474, 57.44, 58.436, 58.562, 57.697, 56.151, 54.871, 54.324, 54.183, 54.23, 54.168, 53.731, 53.22, 52.799, 52.607, 52.57, 52.488, 52.404, 52.978, 53.983, 53.635, 50.887, 46.344, 43.606, 43.945, 43.951, 43.328, 42.292, 40.838, 39.888, 40.446, 41.367, 41.318, 40.489, 12.802], [13.641, 12.305, 8.878, 4.356, 0.0, 3.782, 8.544, 14.714, 19.195, 20.833, 21.919, 25.66, 29.388, 30.261, 30.651, 31.592, 32.404, 33.426, 34.926, 35.907, 36.346, 36.71, 37.025, 37.294, 38.06, 39.396, 40.59, 41.141, 41.007, 40.167, 39.417, 39.166, 39.34, 39.683, 39.679, 39.417, 39.255, 39.4, 39.76, 40.029, 40.024, 39.817, 39.66, 38.897, 37.367, 36.51, 37.948, 40.685, 42.857, 43.613, 43.921, 44.812, 46.43, 47.136, 46.71, 45.848, 44.732, 43.449, 42.062, 40.893, 40.301, 40.022, 39.619, 39.097, 38.86, 38.976, 39.011, 38.248, 36.922, 36.291, 36.618, 36.898, 37.168, 37.916, 38.406, 38.132, 37.726, 37.919, 38.798, 40.291, 41.451, 41.398, 40.708, 40.312, 40.596, 41.344, 41.784, 40.815, 40.08, 40.397, 41.259, 41.978, 42.232, 42.351, 42.826, 43.091, 42.4, 40.595, 39.007, 38.6, 38.209, 37.885, 37.746, 38.064, 38.164, 38.04, 37.841, 37.487, 36.842, 36.453, 36.383, 36.478, 36.561, 36.547, 36.632, 36.544, 36.312, 36.416, 36.706, 36.917, 37.158, 37.071, 37.279, 38.836, 40.415, 40.605, 40.252, 40.311, 40.457, 40.443, 40.598, 41.097, 41.188, 40.951, 40.876, 40.784, 40.961, 40.953, 41.117, 42.401, 43.588, 43.672, 44.007, 44.752, 44.219, 43.483, 43.538, 43.289, 42.556, 42.466, 42.513, 41.724, 40.989, 41.153, 41.682, 42.436, 43.186, 43.442, 43.573, 43.991, 44.114, 43.252, 42.406, 42.502, 41.517, 38.743, 40.71, 48.613, 54.986, 57.383, 56.933, 56.672, 57.648, 58.651, 58.782, 57.916, 56.365, 55.082, 54.538, 54.404, 54.455, 54.396, 53.965, 53.462, 53.049, 52.859, 52.821, 52.743, 52.67, 53.26, 54.282, 53.939, 51.182, 46.609, 43.81, 44.087, 44.078, 43.459, 42.411, 40.934, 39.978, 40.549, 41.462, 41.39, 40.51, 14.515], [14.461, 13.17, 10.132, 6.758, 3.782, 0.0, 6.201, 13.565, 18.466, 20.134, 21.286, 25.26, 29.112, 30.019, 30.435, 31.377, 32.189, 33.265, 34.851, 35.865, 36.302, 36.668, 36.978, 37.227, 37.972, 39.306, 40.499, 41.046, 40.914, 40.086, 39.356, 39.122, 39.299, 39.641, 39.645, 39.393, 39.231, 39.383, 39.76, 40.042, 40.04, 39.822, 39.653, 38.899, 37.381, 36.554, 38.045, 40.792, 42.947, 43.694, 44.002, 44.898, 46.511, 47.184, 46.726, 45.854, 44.726, 43.426, 42.041, 40.876, 40.274, 39.992, 39.591, 39.072, 38.845, 38.971, 39.006, 38.237, 36.909, 36.291, 36.639, 36.913, 37.157, 37.89, 38.377, 38.106, 37.703, 37.893, 38.76, 40.243, 41.4, 41.35, 40.671, 40.28, 40.564, 41.313, 41.748, 40.768, 40.03, 40.335, 41.181, 41.9, 42.158, 42.279, 42.758, 43.033, 42.364, 40.602, 39.07, 38.687, 38.291, 37.955, 37.799, 38.099, 38.199, 38.066, 37.861, 37.51, 36.871, 36.489, 36.423, 36.523, 36.611, 36.593, 36.668, 36.563, 36.316, 36.417, 36.699, 36.901, 37.145, 37.055, 37.24, 38.771, 40.345, 40.543, 40.199, 40.255, 40.393, 40.38, 40.536, 41.034, 41.131, 40.898, 40.821, 40.724, 40.894, 40.88, 41.036, 42.327, 43.527, 43.614, 43.956, 44.717, 44.19, 43.448, 43.494, 43.247, 42.535, 42.462, 42.512, 41.723, 40.987, 41.154, 41.696, 42.462, 43.219, 43.475, 43.604, 44.016, 44.128, 43.261, 42.418, 42.511, 41.512, 38.728, 40.706, 48.604, 54.975, 57.369, 56.918, 56.658, 57.63, 58.635, 58.774, 57.91, 56.359, 55.088, 54.561, 54.436, 54.491, 54.435, 54.0, 53.488, 53.07, 52.879, 52.84, 52.755, 52.667, 53.248, 54.276, 53.945, 51.193, 46.597, 43.733, 43.974, 43.984, 43.391, 42.354, 40.878, 39.932, 40.519, 41.446, 41.386, 40.522, 15.236], [16.465, 15.368, 12.654, 9.981, 8.544, 6.201, 0.0, 8.716, 15.013, 17.248, 18.402, 22.886, 27.293, 28.333, 28.809, 29.83, 30.711, 31.969, 33.797, 34.951, 35.456, 35.867, 36.2, 36.468, 37.268, 38.689, 39.941, 40.511, 40.384, 39.546, 38.792, 38.545, 38.741, 39.113, 39.107, 38.834, 38.686, 38.879, 39.27, 39.557, 39.565, 39.371, 39.195, 38.401, 36.798, 35.915, 37.495, 40.355, 42.58, 43.351, 43.666, 44.564, 46.168, 46.833, 46.395, 45.562, 44.474, 43.178, 41.75, 40.519, 39.877, 39.572, 39.145, 38.612, 38.372, 38.487, 38.498, 37.67, 36.28, 35.652, 36.01, 36.281, 36.55, 37.347, 37.859, 37.563, 37.112, 37.309, 38.243, 39.824, 41.034, 40.974, 40.281, 39.88, 40.162, 40.954, 41.438, 40.439, 39.663, 39.949, 40.766, 41.474, 41.75, 41.898, 42.402, 42.709, 42.047, 40.249, 38.664, 38.233, 37.812, 37.47, 37.298, 37.586, 37.689, 37.561, 37.352, 36.964, 36.269, 35.861, 35.799, 35.914, 36.008, 35.973, 36.025, 35.907, 35.676, 35.827, 36.137, 36.344, 36.604, 36.479, 36.611, 38.208, 39.866, 40.035, 39.619, 39.643, 39.782, 39.767, 39.919, 40.424, 40.519, 40.275, 40.191, 40.115, 40.321, 40.315, 40.454, 41.753, 42.987, 43.082, 43.44, 44.234, 43.692, 42.938, 43.006, 42.747, 42.021, 41.989, 42.059, 41.202, 40.398, 40.557, 41.104, 41.901, 42.718, 43.008, 43.152, 43.579, 43.684, 42.796, 41.933, 42.022, 41.022, 38.253, 40.346, 48.347, 54.787, 57.189, 56.713, 56.443, 57.434, 58.44, 58.562, 57.676, 56.099, 54.817, 54.312, 54.223, 54.292, 54.235, 53.805, 53.29, 52.854, 52.654, 52.619, 52.539, 52.464, 53.089, 54.167, 53.842, 51.054, 46.407, 43.543, 43.864, 43.883, 43.203, 42.061, 40.5, 39.507, 40.11, 41.057, 40.977, 40.076, 16.983], [20.529, 19.703, 17.745, 15.688, 14.714, 13.565, 8.716, 0.0, 7.844, 11.597, 13.085, 18.19, 23.513, 24.852, 25.561, 26.971, 28.107, 29.602, 31.865, 33.389, 34.058, 34.549, 34.974, 35.37, 36.332, 37.922, 39.274, 39.89, 39.767, 38.886, 38.064, 37.781, 38.019, 38.472, 38.462, 38.133, 37.998, 38.273, 38.698, 38.988, 39.002, 38.842, 38.65, 37.765, 36.029, 35.066, 36.673, 39.596, 41.929, 42.75, 43.079, 43.986, 45.58, 46.24, 45.843, 45.047, 44.026, 42.756, 41.273, 39.992, 39.366, 39.054, 38.59, 38.051, 37.819, 37.939, 37.925, 37.007, 35.523, 34.894, 35.277, 35.566, 35.921, 36.814, 37.35, 37.012, 36.499, 36.72, 37.797, 39.573, 40.873, 40.762, 39.992, 39.538, 39.814, 40.681, 41.245, 40.169, 39.298, 39.59, 40.418, 41.129, 41.42, 41.573, 42.068, 42.388, 41.692, 39.769, 38.06, 37.604, 37.221, 36.907, 36.713, 37.018, 37.174, 37.086, 36.868, 36.418, 35.635, 35.177, 35.117, 35.247, 35.329, 35.267, 35.336, 35.243, 35.032, 35.251, 35.641, 35.883, 36.152, 35.976, 35.999, 37.623, 39.362, 39.489, 38.986, 38.966, 39.092, 39.071, 39.218, 39.727, 39.817, 39.555, 39.454, 39.386, 39.624, 39.626, 39.709, 40.948, 42.203, 42.303, 42.656, 43.451, 42.859, 42.083, 42.204, 41.945, 41.203, 41.263, 41.421, 40.511, 39.652, 39.839, 40.405, 41.226, 42.089, 42.407, 42.569, 43.013, 43.092, 42.142, 41.217, 41.279, 40.3, 37.681, 40.048, 48.146, 54.625, 57.031, 56.519, 56.244, 57.276, 58.291, 58.376, 57.444, 55.811, 54.498, 54.028, 53.996, 54.086, 54.025, 53.601, 53.076, 52.608, 52.388, 52.353, 52.281, 52.237, 52.948, 54.124, 53.816, 50.997, 46.335, 43.561, 44.022, 44.019, 43.172, 41.872, 40.188, 39.099, 39.697, 40.641, 40.507, 39.551, 20.868], [23.878, 23.155, 21.713, 20.123, 19.195, 18.466, 15.013, 7.844, 0.0, 5.444, 8.724, 14.862, 20.616, 22.159, 23.23, 25.122, 26.556, 28.2, 30.79, 32.628, 33.42, 33.962, 34.476, 34.999, 36.067, 37.732, 39.116, 39.758, 39.65, 38.76, 37.943, 37.673, 37.935, 38.453, 38.48, 38.128, 37.981, 38.314, 38.771, 39.055, 39.071, 38.933, 38.714, 37.793, 36.103, 35.141, 36.529, 39.225, 41.529, 42.363, 42.695, 43.615, 45.203, 45.863, 45.499, 44.706, 43.721, 42.492, 41.032, 39.803, 39.255, 38.971, 38.504, 37.978, 37.768, 37.906, 37.891, 36.963, 35.511, 34.945, 35.343, 35.63, 36.012, 36.895, 37.418, 37.077, 36.568, 36.799, 37.912, 39.741, 41.046, 40.909, 40.121, 39.646, 39.894, 40.771, 41.352, 40.213, 39.294, 39.592, 40.424, 41.132, 41.419, 41.556, 42.023, 42.339, 41.647, 39.747, 38.095, 37.681, 37.335, 37.07, 36.896, 37.224, 37.423, 37.348, 37.098, 36.622, 35.824, 35.351, 35.293, 35.431, 35.503, 35.439, 35.54, 35.471, 35.264, 35.504, 35.929, 36.165, 36.399, 36.188, 36.094, 37.575, 39.265, 39.392, 38.886, 38.835, 38.939, 38.907, 39.033, 39.518, 39.597, 39.333, 39.232, 39.155, 39.379, 39.379, 39.402, 40.528, 41.749, 41.849, 42.178, 42.929, 42.311, 41.563, 41.737, 41.506, 40.809, 40.938, 41.146, 40.244, 39.41, 39.632, 40.205, 41.02, 41.873, 42.19, 42.355, 42.796, 42.844, 41.856, 40.919, 40.967, 40.04, 37.705, 40.29, 48.21, 54.549, 56.929, 56.428, 56.194, 57.273, 58.304, 58.369, 57.406, 55.745, 54.433, 54.002, 54.008, 54.115, 54.054, 53.608, 53.045, 52.551, 52.322, 52.281, 52.208, 52.182, 52.936, 54.155, 53.852, 51.012, 46.349, 43.592, 44.071, 44.072, 43.199, 41.881, 40.174, 39.042, 39.629, 40.578, 40.466, 39.582, 24.237], [25.038, 24.333, 23.075, 21.699, 20.833, 20.134, 17.248, 11.597, 5.444, 0.0, 5.805, 13.976, 20.055, 21.57, 22.726, 24.704, 26.187, 27.915, 30.627, 32.496, 33.297, 33.872, 34.424, 34.965, 36.033, 37.698, 39.083, 39.733, 39.638, 38.761, 37.981, 37.747, 38.019, 38.543, 38.586, 38.242, 38.07, 38.386, 38.847, 39.127, 39.153, 39.027, 38.798, 37.879, 36.245, 35.296, 36.626, 39.273, 41.546, 42.379, 42.718, 43.658, 45.277, 45.976, 45.649, 44.861, 43.86, 42.611, 41.15, 39.944, 39.417, 39.144, 38.687, 38.159, 37.932, 38.057, 38.039, 37.12, 35.685, 35.126, 35.516, 35.79, 36.127, 36.967, 37.48, 37.147, 36.654, 36.883, 37.965, 39.757, 41.05, 40.923, 40.15, 39.674, 39.913, 40.784, 41.351, 40.198, 39.281, 39.567, 40.39, 41.096, 41.381, 41.523, 42.005, 42.345, 41.694, 39.869, 38.292, 37.886, 37.527, 37.285, 37.15, 37.462, 37.628, 37.525, 37.261, 36.787, 35.989, 35.498, 35.436, 35.58, 35.646, 35.586, 35.7, 35.626, 35.412, 35.653, 36.07, 36.284, 36.498, 36.291, 36.219, 37.684, 39.348, 39.478, 38.979, 38.928, 39.039, 39.009, 39.128, 39.609, 39.683, 39.409, 39.31, 39.243, 39.465, 39.466, 39.494, 40.588, 41.765, 41.863, 42.203, 42.948, 42.326, 41.597, 41.775, 41.539, 40.843, 40.956, 41.135, 40.226, 39.41, 39.627, 40.197, 41.031, 41.912, 42.245, 42.415, 42.858, 42.896, 41.892, 40.952, 41.005, 40.094, 37.828, 40.521, 48.411, 54.698, 57.076, 56.604, 56.396, 57.496, 58.537, 58.601, 57.63, 55.975, 54.683, 54.256, 54.257, 54.365, 54.308, 53.851, 53.275, 52.785, 52.562, 52.515, 52.434, 52.404, 53.151, 54.364, 54.052, 51.165, 46.41, 43.554, 43.992, 44.006, 43.181, 41.907, 40.213, 39.074, 39.67, 40.655, 40.6, 39.777, 25.435], [25.648, 24.99, 23.866, 22.641, 21.919, 21.286, 18.402, 13.085, 8.724, 5.805, 0.0, 9.846, 17.177, 18.99, 20.09, 22.273, 24.009, 26.015, 29.098, 31.217, 32.101, 32.7, 33.295, 33.914, 35.11, 36.913, 38.394, 39.083, 38.991, 38.087, 37.264, 37.001, 37.279, 37.832, 37.874, 37.513, 37.359, 37.727, 38.22, 38.509, 38.53, 38.41, 38.16, 37.169, 35.427, 34.365, 35.826, 38.83, 41.297, 42.186, 42.558, 43.55, 45.258, 46.016, 45.682, 44.881, 43.841, 42.528, 40.994, 39.716, 39.139, 38.843, 38.37, 37.822, 37.583, 37.703, 37.675, 36.689, 35.095, 34.415, 34.798, 35.092, 35.465, 36.388, 36.946, 36.595, 36.067, 36.331, 37.511, 39.402, 40.759, 40.626, 39.826, 39.353, 39.629, 40.568, 41.201, 40.055, 39.099, 39.358, 40.189, 40.894, 41.154, 41.297, 41.808, 42.137, 41.405, 39.443, 37.722, 37.259, 36.863, 36.59, 36.429, 36.748, 36.942, 36.855, 36.606, 36.118, 35.234, 34.675, 34.605, 34.752, 34.811, 34.755, 34.896, 34.831, 34.624, 34.925, 35.377, 35.594, 35.834, 35.61, 35.537, 37.129, 38.884, 39.009, 38.473, 38.435, 38.565, 38.533, 38.653, 39.144, 39.213, 38.912, 38.788, 38.735, 38.992, 38.999, 39.039, 40.196, 41.413, 41.515, 41.895, 42.697, 42.05, 41.278, 41.446, 41.179, 40.405, 40.528, 40.767, 39.828, 38.924, 39.11, 39.695, 40.583, 41.531, 41.891, 42.067, 42.526, 42.575, 41.541, 40.542, 40.591, 39.662, 37.253, 39.961, 48.097, 54.528, 56.92, 56.406, 56.17, 57.281, 58.338, 58.397, 57.413, 55.744, 54.435, 53.999, 53.991, 54.089, 54.01, 53.523, 52.927, 52.43, 52.205, 52.156, 52.068, 52.026, 52.79, 54.05, 53.762, 50.844, 45.999, 43.117, 43.621, 43.637, 42.739, 41.383, 39.632, 38.492, 39.139, 40.15, 40.051, 39.146, 25.984], [28.337, 27.81, 27.005, 26.155, 25.66, 25.26, 22.886, 18.19, 14.862, 13.976, 9.846, 0.0, 8.93, 12.037, 13.871, 17.144, 19.982, 22.71, 26.534, 29.316, 30.434, 31.012, 31.669, 32.548, 34.09, 36.171, 37.791, 38.531, 38.442, 37.502, 36.625, 36.301, 36.565, 37.206, 37.309, 36.918, 36.844, 37.433, 38.041, 38.329, 38.321, 38.221, 37.926, 36.826, 35.078, 33.841, 35.013, 38.197, 40.899, 41.85, 42.248, 43.265, 45.024, 45.806, 45.473, 44.715, 43.689, 42.383, 40.845, 39.549, 38.968, 38.677, 38.194, 37.624, 37.395, 37.532, 37.494, 36.481, 34.836, 34.101, 34.47, 34.818, 35.345, 36.396, 36.99, 36.632, 36.085, 36.408, 37.736, 39.742, 41.128, 40.971, 40.159, 39.714, 40.021, 41.007, 41.726, 40.617, 39.594, 39.794, 40.609, 41.281, 41.495, 41.623, 42.122, 42.368, 41.476, 39.326, 37.465, 36.969, 36.556, 36.244, 35.995, 36.346, 36.665, 36.637, 36.405, 35.883, 34.881, 34.26, 34.195, 34.345, 34.385, 34.322, 34.492, 34.477, 34.334, 34.747, 35.256, 35.478, 35.752, 35.489, 35.26, 36.85, 38.661, 38.783, 38.211, 38.162, 38.285, 38.251, 38.37, 38.842, 38.881, 38.538, 38.349, 38.273, 38.558, 38.584, 38.625, 39.844, 41.127, 41.238, 41.618, 42.43, 41.752, 40.966, 41.185, 40.955, 40.166, 40.346, 40.694, 39.752, 38.751, 38.898, 39.473, 40.359, 41.322, 41.688, 41.864, 42.321, 42.37, 41.34, 40.325, 40.368, 39.474, 37.076, 39.442, 47.382, 53.767, 56.111, 55.533, 55.293, 56.443, 57.511, 57.543, 56.557, 54.901, 53.591, 53.17, 53.185, 53.281, 53.158, 52.596, 51.934, 51.4, 51.161, 51.119, 51.033, 50.995, 51.816, 53.164, 52.922, 50.043, 45.315, 42.662, 43.303, 43.272, 42.219, 40.762, 39.026, 37.988, 38.712, 39.679, 39.487, 38.548, 28.54], [31.259, 30.825, 30.267, 29.729, 29.388, 29.112, 27.293, 23.513, 20.616, 20.055, 17.177, 8.93, 0.0, 5.308, 10.11, 14.981, 18.641, 21.829, 26.032, 29.179, 30.434, 30.974, 31.654, 32.687, 34.364, 36.511, 38.148, 38.898, 38.826, 37.923, 37.083, 36.748, 36.986, 37.668, 37.844, 37.467, 37.44, 38.192, 38.893, 39.178, 39.161, 39.091, 38.836, 37.831, 36.334, 35.089, 35.642, 38.369, 40.957, 41.862, 42.22, 43.17, 44.866, 45.638, 45.383, 44.755, 43.832, 42.66, 41.254, 40.057, 39.527, 39.259, 38.797, 38.255, 38.042, 38.175, 38.142, 37.225, 35.808, 35.213, 35.577, 35.95, 36.536, 37.531, 38.079, 37.752, 37.251, 37.555, 38.818, 40.688, 41.955, 41.803, 41.069, 40.69, 40.989, 41.896, 42.565, 41.528, 40.543, 40.69, 41.432, 42.046, 42.237, 42.355, 42.814, 43.008, 42.12, 40.102, 38.415, 37.96, 37.581, 37.29, 37.0, 37.329, 37.707, 37.704, 37.491, 37.0, 36.026, 35.429, 35.38, 35.517, 35.546, 35.484, 35.634, 35.639, 35.553, 35.974, 36.436, 36.611, 36.865, 36.586, 36.213, 37.566, 39.245, 39.38, 38.856, 38.777, 38.859, 38.825, 38.942, 39.368, 39.379, 39.015, 38.767, 38.64, 38.92, 38.977, 39.032, 40.213, 41.461, 41.581, 41.908, 42.615, 41.95, 41.247, 41.511, 41.343, 40.643, 40.817, 41.153, 40.282, 39.346, 39.49, 40.017, 40.819, 41.711, 42.049, 42.2, 42.613, 42.647, 41.679, 40.744, 40.799, 39.992, 37.881, 39.857, 47.093, 53.101, 55.34, 54.772, 54.556, 55.679, 56.685, 56.678, 55.73, 54.149, 52.884, 52.49, 52.518, 52.616, 52.47, 51.863, 51.165, 50.621, 50.381, 50.344, 50.261, 50.229, 51.061, 52.422, 52.224, 49.475, 45.059, 42.758, 43.472, 43.383, 42.294, 40.903, 39.325, 38.41, 39.067, 39.894, 39.647, 38.802, 31.401], [31.767, 31.374, 30.94, 30.536, 30.261, 30.019, 28.333, 24.852, 22.159, 21.57, 18.99, 12.037, 5.308, 0.0, 7.058, 13.519, 17.691, 20.95, 25.372, 28.763, 30.107, 30.671, 31.398, 32.489, 34.206, 36.386, 38.053, 38.829, 38.781, 37.894, 37.053, 36.702, 36.933, 37.628, 37.821, 37.459, 37.434, 38.207, 38.948, 39.262, 39.246, 39.171, 38.958, 38.026, 36.584, 35.35, 35.788, 38.414, 40.972, 41.868, 42.215, 43.156, 44.841, 45.605, 45.351, 44.731, 43.813, 42.672, 41.303, 40.125, 39.597, 39.318, 38.849, 38.331, 38.148, 38.294, 38.265, 37.358, 35.962, 35.377, 35.747, 36.129, 36.721, 37.684, 38.212, 37.89, 37.387, 37.667, 38.902, 40.735, 41.975, 41.822, 41.1, 40.738, 41.045, 41.944, 42.602, 41.587, 40.625, 40.764, 41.479, 42.069, 42.249, 42.369, 42.832, 43.032, 42.16, 40.186, 38.558, 38.128, 37.773, 37.485, 37.198, 37.566, 37.981, 37.982, 37.77, 37.299, 36.315, 35.674, 35.602, 35.727, 35.745, 35.679, 35.809, 35.788, 35.692, 36.086, 36.494, 36.614, 36.843, 36.533, 36.091, 37.37, 39.021, 39.164, 38.673, 38.622, 38.703, 38.663, 38.773, 39.192, 39.204, 38.847, 38.594, 38.44, 38.706, 38.771, 38.803, 39.948, 41.211, 41.356, 41.659, 42.311, 41.634, 40.961, 41.227, 41.038, 40.342, 40.553, 40.942, 40.114, 39.209, 39.373, 39.885, 40.654, 41.532, 41.865, 42.0, 42.391, 42.411, 41.435, 40.491, 40.543, 39.762, 37.74, 39.681, 46.86, 52.84, 55.086, 54.542, 54.335, 55.45, 56.452, 56.442, 55.503, 53.939, 52.685, 52.28, 52.281, 52.369, 52.223, 51.591, 50.854, 50.292, 50.046, 50.002, 49.912, 49.884, 50.733, 52.118, 51.936, 49.195, 44.811, 42.608, 43.425, 43.362, 42.258, 40.856, 39.271, 38.324, 38.934, 39.726, 39.453, 38.615, 31.887], [31.791, 31.478, 31.196, 30.888, 30.651, 30.435, 28.809, 25.561, 23.23, 22.726, 20.09, 13.871, 10.11, 7.058, 0.0, 8.125, 13.911, 17.913, 22.781, 26.704, 28.34, 28.956, 29.779, 31.053, 32.984, 35.368, 37.176, 38.019, 37.986, 37.066, 36.173, 35.794, 36.022, 36.735, 36.923, 36.549, 36.558, 37.376, 38.152, 38.527, 38.553, 38.497, 38.291, 37.273, 35.635, 34.253, 34.866, 37.94, 40.751, 41.706, 42.075, 43.071, 44.839, 45.64, 45.372, 44.726, 43.766, 42.536, 41.05, 39.775, 39.203, 38.911, 38.406, 37.849, 37.672, 37.844, 37.801, 36.817, 35.256, 34.534, 34.858, 35.229, 35.861, 36.946, 37.544, 37.207, 36.645, 36.932, 38.261, 40.224, 41.548, 41.371, 40.574, 40.167, 40.488, 41.46, 42.202, 41.191, 40.212, 40.386, 41.156, 41.776, 41.95, 42.06, 42.535, 42.732, 41.787, 39.628, 37.81, 37.358, 37.002, 36.666, 36.32, 36.751, 37.247, 37.28, 37.1, 36.615, 35.502, 34.729, 34.608, 34.73, 34.737, 34.635, 34.748, 34.697, 34.586, 35.018, 35.429, 35.521, 35.77, 35.447, 35.072, 36.621, 38.435, 38.532, 37.96, 37.93, 38.047, 38.033, 38.194, 38.679, 38.713, 38.35, 38.096, 37.956, 38.227, 38.274, 38.296, 39.487, 40.82, 40.983, 41.32, 42.03, 41.318, 40.588, 40.864, 40.617, 39.798, 40.05, 40.542, 39.681, 38.711, 38.89, 39.413, 40.197, 41.123, 41.49, 41.646, 42.064, 42.093, 41.069, 40.051, 40.085, 39.244, 37.046, 39.183, 46.893, 53.169, 55.477, 54.902, 54.672, 55.818, 56.864, 56.869, 55.903, 54.277, 52.956, 52.515, 52.492, 52.549, 52.385, 51.729, 50.953, 50.363, 50.104, 50.058, 49.972, 49.969, 50.868, 52.297, 52.095, 49.241, 44.637, 42.334, 43.26, 43.25, 42.108, 40.584, 38.833, 37.787, 38.428, 39.262, 38.944, 37.993, 31.838], [32.491, 32.245, 32.058, 31.8, 31.592, 31.377, 29.83, 26.971, 25.122, 24.704, 22.273, 17.144, 14.981, 13.519, 8.125, 0.0, 7.734, 13.883, 19.88, 24.369, 26.351, 27.075, 28.016, 29.493, 31.614, 34.196, 36.165, 37.075, 37.057, 36.147, 35.293, 34.977, 35.249, 35.975, 36.156, 35.758, 35.801, 36.709, 37.544, 37.963, 38.098, 38.174, 38.032, 36.963, 35.179, 33.622, 34.335, 37.737, 40.715, 41.692, 42.054, 43.066, 44.872, 45.722, 45.536, 44.961, 44.014, 42.725, 41.154, 39.815, 39.218, 38.928, 38.4, 37.781, 37.554, 37.706, 37.637, 36.617, 35.009, 34.238, 34.472, 34.786, 35.42, 36.594, 37.254, 36.915, 36.313, 36.58, 37.907, 39.881, 41.215, 41.003, 40.146, 39.706, 40.028, 41.003, 41.753, 40.772, 39.831, 40.052, 40.875, 41.54, 41.725, 41.82, 42.29, 42.489, 41.524, 39.302, 37.406, 36.937, 36.559, 36.187, 35.782, 36.24, 36.787, 36.823, 36.662, 36.155, 34.958, 34.133, 34.001, 34.126, 34.127, 33.984, 34.059, 33.996, 33.888, 34.35, 34.787, 34.899, 35.183, 34.918, 34.752, 36.6, 38.529, 38.54, 37.836, 37.759, 37.891, 37.927, 38.16, 38.706, 38.755, 38.364, 38.085, 37.984, 38.298, 38.346, 38.415, 39.676, 41.02, 41.179, 41.553, 42.339, 41.627, 40.821, 41.083, 40.82, 39.935, 40.161, 40.653, 39.78, 38.821, 39.015, 39.543, 40.327, 41.261, 41.644, 41.816, 42.258, 42.314, 41.3, 40.282, 40.322, 39.41, 37.048, 39.421, 47.522, 53.958, 56.282, 55.681, 55.424, 56.549, 57.576, 57.574, 56.601, 54.94, 53.563, 53.081, 53.04, 53.071, 52.885, 52.231, 51.462, 50.859, 50.59, 50.544, 50.468, 50.477, 51.382, 52.803, 52.569, 49.637, 44.887, 42.458, 43.352, 43.364, 42.219, 40.596, 38.749, 37.685, 38.332, 39.16, 38.816, 37.779, 32.45], [33.223, 32.991, 32.835, 32.6, 32.404, 32.189, 30.711, 28.107, 26.556, 26.187, 24.009, 19.982, 18.641, 17.691, 13.911, 7.734, 0.0, 8.423, 16.695, 22.182, 24.467, 25.329, 26.454, 28.116, 30.293, 32.934, 35.009, 35.996, 36.035, 35.192, 34.431, 34.219, 34.575, 35.339, 35.503, 35.068, 35.113, 36.097, 37.028, 37.475, 37.684, 37.944, 37.964, 36.97, 35.179, 33.646, 34.475, 37.906, 40.834, 41.78, 42.136, 43.154, 44.933, 45.782, 45.652, 45.121, 44.191, 42.923, 41.366, 40.019, 39.399, 39.092, 38.564, 37.934, 37.67, 37.791, 37.715, 36.693, 35.111, 34.369, 34.562, 34.843, 35.464, 36.632, 37.301, 36.971, 36.36, 36.577, 37.83, 39.749, 41.049, 40.816, 39.942, 39.495, 39.799, 40.732, 41.448, 40.488, 39.58, 39.799, 40.614, 41.294, 41.496, 41.589, 42.054, 42.252, 41.287, 39.086, 37.229, 36.781, 36.392, 36.029, 35.658, 36.164, 36.724, 36.722, 36.548, 36.043, 34.836, 34.008, 33.867, 33.987, 34.001, 33.864, 33.924, 33.862, 33.733, 34.148, 34.57, 34.691, 34.972, 34.751, 34.723, 36.698, 38.652, 38.615, 37.855, 37.741, 37.869, 37.923, 38.182, 38.742, 38.793, 38.378, 38.069, 37.991, 38.355, 38.425, 38.516, 39.783, 41.104, 41.258, 41.645, 42.467, 41.771, 40.936, 41.168, 40.877, 39.95, 40.122, 40.591, 39.737, 38.836, 39.051, 39.579, 40.346, 41.258, 41.63, 41.794, 42.234, 42.303, 41.328, 40.366, 40.427, 39.461, 37.056, 39.602, 47.852, 54.322, 56.663, 56.081, 55.811, 56.894, 57.895, 57.902, 56.948, 55.298, 53.914, 53.411, 53.357, 53.38, 53.183, 52.529, 51.771, 51.175, 50.909, 50.868, 50.797, 50.812, 51.724, 53.147, 52.908, 49.966, 45.212, 42.739, 43.565, 43.575, 42.43, 40.748, 38.87, 37.795, 38.381, 39.142, 38.758, 37.669, 33.129], [34.093, 33.881, 33.806, 33.621, 33.426, 33.265, 31.969, 29.602, 28.2, 27.915, 26.015, 22.71, 21.829, 20.95, 17.913, 13.883, 8.423, 0.0, 10.437, 17.94, 21.052, 22.067, 23.391, 25.409, 27.853, 30.701, 32.944, 34.047, 34.164, 33.372, 32.686, 32.542, 32.976, 33.84, 34.031, 33.56, 33.659, 34.802, 35.889, 36.428, 36.692, 37.113, 37.337, 36.432, 34.652, 33.226, 34.231, 37.79, 40.749, 41.701, 42.102, 43.201, 45.009, 45.869, 45.739, 45.171, 44.214, 42.948, 41.392, 40.039, 39.402, 39.066, 38.522, 37.889, 37.608, 37.708, 37.617, 36.58, 34.955, 34.147, 34.313, 34.609, 35.25, 36.444, 37.134, 36.81, 36.198, 36.405, 37.662, 39.605, 40.907, 40.664, 39.764, 39.29, 39.584, 40.522, 41.245, 40.276, 39.377, 39.624, 40.456, 41.145, 41.344, 41.446, 41.941, 42.145, 41.128, 38.826, 36.89, 36.427, 36.015, 35.64, 35.311, 35.927, 36.543, 36.529, 36.358, 35.877, 34.666, 33.818, 33.66, 33.768, 33.787, 33.662, 33.72, 33.651, 33.48, 33.809, 34.186, 34.312, 34.606, 34.38, 34.431, 36.584, 38.59, 38.501, 37.714, 37.612, 37.743, 37.791, 38.052, 38.612, 38.659, 38.239, 37.925, 37.853, 38.245, 38.32, 38.383, 39.629, 40.952, 41.101, 41.49, 42.357, 41.657, 40.769, 40.973, 40.65, 39.65, 39.78, 40.265, 39.409, 38.525, 38.785, 39.333, 40.103, 41.013, 41.371, 41.519, 41.955, 42.025, 41.059, 40.101, 40.126, 39.099, 36.645, 39.234, 47.65, 54.223, 56.597, 56.024, 55.759, 56.84, 57.854, 57.89, 56.957, 55.297, 53.885, 53.375, 53.33, 53.353, 53.138, 52.457, 51.683, 51.085, 50.821, 50.782, 50.724, 50.776, 51.745, 53.209, 52.98, 50.049, 45.318, 42.891, 43.743, 43.741, 42.545, 40.793, 38.847, 37.685, 38.171, 38.842, 38.378, 37.223, 33.943], [35.295, 35.154, 35.208, 35.089, 34.926, 34.851, 33.797, 31.865, 30.79, 30.627, 29.098, 26.534, 26.032, 25.372, 22.781, 19.88, 16.695, 10.437, 0.0, 9.722, 14.627, 16.171, 17.613, 20.127, 23.304, 26.806, 29.422, 30.664, 30.842, 30.12, 29.557, 29.525, 30.079, 31.101, 31.397, 30.932, 31.159, 32.662, 34.029, 34.711, 35.11, 35.696, 36.052, 35.283, 33.706, 32.502, 33.735, 37.531, 40.643, 41.653, 42.127, 43.315, 45.168, 46.067, 45.971, 45.408, 44.455, 43.163, 41.576, 40.254, 39.654, 39.317, 38.758, 38.108, 37.805, 37.877, 37.767, 36.736, 35.084, 34.158, 34.237, 34.513, 35.129, 36.352, 37.067, 36.744, 36.136, 36.368, 37.64, 39.558, 40.833, 40.587, 39.668, 39.177, 39.491, 40.45, 41.174, 40.212, 39.336, 39.636, 40.509, 41.19, 41.361, 41.47, 42.022, 42.266, 41.233, 38.822, 36.743, 36.223, 35.803, 35.41, 35.091, 35.797, 36.471, 36.464, 36.301, 35.834, 34.672, 33.931, 33.827, 33.912, 33.909, 33.791, 33.833, 33.755, 33.577, 33.835, 34.184, 34.383, 34.729, 34.526, 34.816, 37.267, 39.308, 39.12, 38.268, 38.162, 38.286, 38.33, 38.617, 39.185, 39.203, 38.791, 38.528, 38.467, 38.828, 38.882, 38.942, 40.142, 41.416, 41.542, 41.934, 42.825, 42.107, 41.148, 41.329, 41.006, 39.935, 39.962, 40.381, 39.489, 38.613, 38.905, 39.475, 40.286, 41.231, 41.579, 41.715, 42.153, 42.216, 41.217, 40.191, 40.151, 39.143, 36.649, 39.13, 47.702, 54.392, 56.756, 56.153, 55.886, 56.99, 58.038, 58.112, 57.199, 55.513, 54.059, 53.547, 53.523, 53.544, 53.306, 52.622, 51.868, 51.293, 51.038, 50.999, 50.955, 51.052, 52.063, 53.532, 53.295, 50.364, 45.629, 43.231, 44.097, 44.062, 42.827, 41.035, 39.044, 37.826, 38.219, 38.773, 38.199, 36.924, 35.105], [36.132, 36.05, 36.168, 36.062, 35.907, 35.865, 34.951, 33.389, 32.628, 32.496, 31.217, 29.316, 29.179, 28.763, 26.704, 24.369, 22.182, 17.94, 9.722, 0.0, 6.572, 9.498, 11.334, 14.02, 17.971, 22.393, 25.468, 26.788, 26.998, 26.443, 26.163, 26.425, 27.233, 28.42, 28.851, 28.476, 28.781, 30.592, 32.262, 33.061, 33.625, 34.381, 34.757, 34.121, 32.99, 32.331, 33.924, 37.78, 40.899, 41.929, 42.439, 43.64, 45.495, 46.413, 46.354, 45.827, 44.902, 43.61, 42.037, 40.758, 40.184, 39.861, 39.326, 38.674, 38.342, 38.37, 38.253, 37.269, 35.675, 34.748, 34.806, 35.034, 35.543, 36.703, 37.406, 37.079, 36.458, 36.676, 37.9, 39.705, 40.902, 40.674, 39.799, 39.329, 39.66, 40.63, 41.365, 40.459, 39.619, 39.918, 40.788, 41.443, 41.599, 41.723, 42.291, 42.558, 41.572, 39.194, 37.119, 36.589, 36.169, 35.782, 35.485, 36.199, 36.888, 36.9, 36.704, 36.191, 35.093, 34.499, 34.454, 34.52, 34.502, 34.413, 34.452, 34.353, 34.192, 34.436, 34.81, 35.1, 35.442, 35.283, 35.839, 38.437, 40.451, 40.228, 39.364, 39.233, 39.339, 39.378, 39.671, 40.225, 40.204, 39.784, 39.565, 39.514, 39.841, 39.901, 40.009, 41.14, 42.279, 42.367, 42.763, 43.624, 42.894, 41.924, 42.093, 41.772, 40.659, 40.537, 40.793, 39.872, 39.064, 39.379, 39.967, 40.836, 41.819, 42.165, 42.303, 42.737, 42.768, 41.716, 40.63, 40.604, 39.68, 37.173, 39.658, 48.295, 54.96, 57.284, 56.681, 56.42, 57.534, 58.6, 58.703, 57.816, 56.137, 54.658, 54.117, 54.091, 54.117, 53.884, 53.238, 52.555, 52.047, 51.826, 51.792, 51.755, 51.857, 52.84, 54.267, 54.017, 51.096, 46.348, 43.817, 44.545, 44.516, 43.396, 41.71, 39.768, 38.55, 38.874, 39.37, 38.772, 37.374, 35.933], [36.567, 36.504, 36.627, 36.513, 36.346, 36.302, 35.456, 34.058, 33.42, 33.297, 32.101, 30.434, 30.434, 30.107, 28.34, 26.351, 24.467, 21.052, 14.627, 6.572, 0.0, 4.392, 7.601, 10.71, 14.949, 19.817, 23.115, 24.456, 24.721, 24.393, 24.416, 24.915, 25.889, 27.156, 27.683, 27.44, 27.798, 29.67, 31.437, 32.283, 32.907, 33.721, 34.086, 33.47, 32.574, 32.363, 34.263, 38.124, 41.177, 42.194, 42.718, 43.911, 45.729, 46.624, 46.565, 46.04, 45.114, 43.831, 42.291, 41.049, 40.481, 40.157, 39.64, 39.006, 38.67, 38.684, 38.581, 37.636, 36.091, 35.207, 35.302, 35.503, 35.919, 36.983, 37.646, 37.324, 36.713, 36.944, 38.153, 39.882, 41.011, 40.802, 39.98, 39.524, 39.838, 40.8, 41.54, 40.677, 39.865, 40.141, 40.98, 41.602, 41.751, 41.9, 42.473, 42.72, 41.746, 39.458, 37.514, 37.058, 36.658, 36.266, 35.948, 36.621, 37.319, 37.342, 37.121, 36.576, 35.502, 34.938, 34.903, 34.967, 34.948, 34.874, 34.92, 34.813, 34.676, 34.941, 35.317, 35.608, 35.919, 35.767, 36.381, 38.942, 40.919, 40.72, 39.875, 39.719, 39.813, 39.85, 40.133, 40.671, 40.641, 40.215, 39.998, 39.955, 40.281, 40.354, 40.481, 41.536, 42.566, 42.634, 43.034, 43.873, 43.146, 42.204, 42.375, 42.051, 40.934, 40.754, 40.939, 40.032, 39.29, 39.631, 40.228, 41.107, 42.079, 42.413, 42.551, 42.971, 42.976, 41.902, 40.791, 40.775, 39.927, 37.472, 39.921, 48.494, 55.097, 57.401, 56.812, 56.556, 57.651, 58.694, 58.792, 57.921, 56.274, 54.806, 54.246, 54.206, 54.235, 54.024, 53.411, 52.769, 52.299, 52.102, 52.073, 52.035, 52.13, 53.094, 54.504, 54.264, 51.387, 46.684, 44.076, 44.698, 44.68, 43.663, 42.081, 40.199, 39.005, 39.302, 39.788, 39.218, 37.803, 36.358], [36.95, 36.896, 37.015, 36.889, 36.71, 36.668, 35.867, 34.549, 33.962, 33.872, 32.7, 31.012, 30.974, 30.671, 28.956, 27.075, 25.329, 22.067, 16.171, 9.498, 4.392, 0.0, 4.517, 9.018, 13.869, 18.885, 22.225, 23.591, 23.907, 23.704, 23.86, 24.41, 25.401, 26.703, 27.293, 27.124, 27.552, 29.467, 31.237, 32.083, 32.699, 33.486, 33.824, 33.217, 32.378, 32.246, 34.224, 38.128, 41.191, 42.208, 42.74, 43.939, 45.739, 46.608, 46.545, 46.039, 45.125, 43.848, 42.323, 41.111, 40.563, 40.24, 39.734, 39.116, 38.793, 38.818, 38.727, 37.808, 36.294, 35.43, 35.525, 35.712, 36.095, 37.116, 37.759, 37.443, 36.847, 37.093, 38.31, 40.023, 41.141, 40.96, 40.177, 39.734, 40.037, 40.979, 41.702, 40.85, 40.049, 40.321, 41.147, 41.753, 41.89, 42.044, 42.622, 42.84, 41.842, 39.576, 37.685, 37.273, 36.883, 36.471, 36.13, 36.794, 37.495, 37.523, 37.309, 36.777, 35.703, 35.124, 35.094, 35.164, 35.132, 35.041, 35.084, 34.987, 34.879, 35.163, 35.519, 35.779, 36.079, 35.931, 36.544, 39.08, 41.04, 40.843, 39.992, 39.819, 39.911, 39.948, 40.225, 40.753, 40.72, 40.295, 40.079, 40.039, 40.37, 40.451, 40.572, 41.577, 42.566, 42.628, 43.032, 43.879, 43.175, 42.265, 42.449, 42.122, 40.997, 40.796, 40.97, 40.075, 39.346, 39.686, 40.274, 41.134, 42.087, 42.415, 42.55, 42.96, 42.958, 41.892, 40.778, 40.753, 39.942, 37.519, 39.872, 48.357, 54.92, 57.204, 56.608, 56.357, 57.452, 58.482, 58.567, 57.702, 56.076, 54.613, 54.048, 54.002, 54.031, 53.829, 53.23, 52.596, 52.123, 51.922, 51.888, 51.848, 51.945, 52.916, 54.337, 54.107, 51.254, 46.596, 44.035, 44.666, 44.639, 43.629, 42.083, 40.233, 39.058, 39.358, 39.855, 39.312, 37.935, 36.712], [37.297, 37.257, 37.373, 37.222, 37.025, 36.978, 36.2, 34.974, 34.476, 34.424, 33.295, 31.669, 31.654, 31.398, 29.779, 28.016, 26.454, 23.391, 17.613, 11.334, 7.601, 4.517, 0.0, 5.887, 12.218, 17.934, 21.448, 22.859, 23.225, 23.097, 23.323, 23.915, 24.954, 26.319, 26.959, 26.814, 27.293, 29.277, 31.063, 31.901, 32.5, 33.251, 33.574, 33.052, 32.312, 32.175, 34.12, 38.02, 41.11, 42.139, 42.667, 43.861, 45.657, 46.519, 46.472, 46.015, 45.146, 43.882, 42.358, 41.164, 40.626, 40.3, 39.8, 39.191, 38.872, 38.899, 38.813, 37.912, 36.429, 35.569, 35.647, 35.818, 36.177, 37.183, 37.817, 37.503, 36.907, 37.149, 38.36, 40.069, 41.196, 41.043, 40.293, 39.867, 40.173, 41.117, 41.84, 40.99, 40.188, 40.457, 41.284, 41.891, 42.017, 42.154, 42.722, 42.925, 41.908, 39.629, 37.725, 37.303, 36.904, 36.481, 36.142, 36.812, 37.514, 37.544, 37.333, 36.811, 35.77, 35.221, 35.207, 35.282, 35.238, 35.119, 35.148, 35.069, 34.99, 35.278, 35.636, 35.918, 36.233, 36.103, 36.764, 39.326, 41.291, 41.094, 40.227, 40.045, 40.136, 40.171, 40.444, 40.961, 40.912, 40.474, 40.252, 40.215, 40.537, 40.618, 40.762, 41.776, 42.757, 42.816, 43.22, 44.064, 43.365, 42.463, 42.658, 42.344, 41.215, 40.96, 41.076, 40.155, 39.398, 39.709, 40.286, 41.145, 42.099, 42.43, 42.565, 42.97, 42.96, 41.894, 40.785, 40.768, 39.977, 37.557, 39.874, 48.316, 54.86, 57.133, 56.535, 56.298, 57.412, 58.451, 58.538, 57.678, 56.049, 54.571, 53.995, 53.956, 53.986, 53.78, 53.191, 52.564, 52.089, 51.883, 51.847, 51.809, 51.911, 52.894, 54.317, 54.072, 51.204, 46.554, 44.014, 44.647, 44.623, 43.629, 42.115, 40.306, 39.174, 39.489, 39.999, 39.472, 38.09, 37.042], [37.62, 37.593, 37.706, 37.522, 37.294, 37.227, 36.468, 35.37, 34.999, 34.965, 33.914, 32.548, 32.687, 32.489, 31.053, 29.493, 28.116, 25.409, 20.127, 14.02, 10.71, 9.018, 5.887, 0.0, 7.752, 14.855, 18.962, 20.483, 20.936, 21.019, 21.465, 22.266, 23.511, 24.998, 25.707, 25.633, 26.171, 28.249, 30.109, 30.97, 31.605, 32.403, 32.848, 32.582, 32.086, 32.241, 34.383, 38.249, 41.295, 42.325, 42.862, 44.027, 45.777, 46.612, 46.564, 46.123, 45.278, 44.048, 42.542, 41.34, 40.781, 40.442, 39.943, 39.345, 39.017, 39.021, 38.939, 38.07, 36.624, 35.796, 35.897, 36.042, 36.338, 37.287, 37.896, 37.58, 37.003, 37.259, 38.445, 40.091, 41.18, 41.051, 40.344, 39.942, 40.245, 41.191, 41.931, 41.119, 40.353, 40.615, 41.424, 42.035, 42.172, 42.308, 42.855, 43.058, 42.079, 39.85, 37.957, 37.496, 37.09, 36.693, 36.379, 36.993, 37.66, 37.697, 37.46, 36.908, 35.922, 35.451, 35.463, 35.535, 35.484, 35.374, 35.405, 35.327, 35.264, 35.547, 35.896, 36.203, 36.512, 36.388, 37.088, 39.614, 41.563, 41.402, 40.567, 40.398, 40.497, 40.532, 40.795, 41.294, 41.225, 40.768, 40.546, 40.534, 40.882, 40.976, 41.148, 42.176, 43.145, 43.204, 43.603, 44.41, 43.692, 42.787, 42.962, 42.647, 41.518, 41.19, 41.212, 40.268, 39.527, 39.844, 40.446, 41.329, 42.291, 42.626, 42.762, 43.158, 43.131, 42.055, 40.945, 40.949, 40.187, 37.81, 40.246, 48.729, 55.251, 57.511, 56.913, 56.665, 57.759, 58.801, 58.919, 58.07, 56.436, 54.944, 54.355, 54.324, 54.359, 54.159, 53.591, 52.99, 52.534, 52.337, 52.303, 52.276, 52.393, 53.369, 54.762, 54.49, 51.617, 46.991, 44.395, 44.952, 44.95, 44.028, 42.567, 40.807, 39.735, 40.058, 40.548, 40.025, 38.59, 37.376], [38.424, 38.402, 38.505, 38.301, 38.06, 37.972, 37.268, 36.332, 36.067, 36.033, 35.11, 34.09, 34.364, 34.206, 32.984, 31.614, 30.293, 27.853, 23.304, 17.971, 14.949, 13.869, 12.218, 7.752, 0.0, 8.29, 13.396, 15.302, 15.94, 16.525, 17.668, 18.996, 20.556, 22.164, 22.956, 23.019, 23.645, 25.89, 27.925, 28.86, 29.583, 30.552, 31.345, 31.585, 31.57, 32.432, 35.14, 39.012, 41.935, 42.938, 43.525, 44.673, 46.302, 47.052, 46.979, 46.524, 45.678, 44.518, 43.096, 41.912, 41.331, 40.978, 40.492, 39.93, 39.61, 39.595, 39.532, 38.736, 37.375, 36.636, 36.782, 36.885, 37.064, 37.882, 38.44, 38.148, 37.647, 37.926, 39.012, 40.474, 41.444, 41.346, 40.711, 40.33, 40.601, 41.471, 42.157, 41.444, 40.825, 41.1, 41.848, 42.445, 42.614, 42.769, 43.292, 43.498, 42.618, 40.573, 38.803, 38.308, 37.905, 37.584, 37.33, 37.824, 38.407, 38.456, 38.197, 37.626, 36.725, 36.326, 36.34, 36.395, 36.343, 36.256, 36.261, 36.135, 36.071, 36.341, 36.62, 36.879, 37.147, 37.013, 37.666, 39.992, 41.82, 41.683, 40.921, 40.777, 40.895, 40.936, 41.159, 41.6, 41.508, 41.059, 40.881, 40.952, 41.395, 41.533, 41.67