[[0.0, 5.096, 11.099, 16.072, 19.999, 21.666, 21.953, 23.746, 26.848, 28.282, 31.684, 36.74, 39.934, 40.74, 41.117, 42.64, 44.449, 44.993, 44.748, 44.851, 44.957, 44.081, 45.366, 46.225, 45.917, 46.684, 46.16, 44.51, 43.15, 42.622, 43.36, 43.138, 42.584, 42.417, 42.311, 42.28, 42.488, 43.128, 43.644, 43.896, 44.413, 44.988, 44.694, 45.371, 46.679, 47.485, 47.216, 46.038, 46.404, 46.137, 43.818, 44.397, 46.961, 49.086, 51.194, 50.787, 48.666, 47.533, 46.917, 49.486, 54.898, 53.784, 52.888, 54.524, 55.211, 54.42, 54.009, 54.829, 55.611, 54.196, 52.492, 54.452, 55.494, 53.314, 51.236, 50.041, 49.376, 48.957, 49.442, 49.098, 48.289, 53.557, 53.571, 51.487, 51.424, 51.614, 50.336, 48.157, 46.87, 45.91, 45.615, 45.128, 45.078, 46.006, 46.229, 46.047, 46.53, 47.19, 46.951, 46.645, 47.582, 46.79, 49.197, 52.578, 53.414, 55.227, 2.845], [5.096, 0.0, 7.272, 13.901, 18.588, 20.427, 20.683, 22.399, 25.642, 27.315, 30.919, 36.28, 39.662, 40.503, 40.898, 42.428, 44.237, 44.793, 44.582, 44.709, 44.816, 43.995, 45.384, 46.273, 45.958, 46.736, 46.186, 44.494, 43.105, 42.525, 43.237, 43.024, 42.476, 42.291, 42.181, 42.15, 42.356, 42.996, 43.515, 43.77, 44.295, 44.882, 44.57, 45.22, 46.527, 47.335, 47.055, 45.89, 46.291, 46.02, 43.736, 44.421, 47.026, 49.183, 51.326, 50.923, 48.787, 47.642, 47.019, 49.694, 55.134, 54.021, 53.091, 54.709, 55.409, 54.619, 54.198, 55.009, 55.754, 54.277, 52.555, 54.525, 55.547, 53.288, 51.153, 49.945, 49.284, 48.861, 49.354, 49.001, 48.212, 53.553, 53.562, 51.461, 51.394, 51.579, 50.283, 48.092, 46.804, 45.847, 45.555, 45.068, 45.026, 45.965, 46.209, 46.05, 46.535, 47.196, 46.961, 46.663, 47.614, 46.802, 49.209, 52.61, 53.453, 55.252, 6.363], [11.099, 7.272, 0.0, 8.907, 15.166, 17.415, 17.751, 19.524, 23.037, 25.153, 29.411, 35.377, 38.954, 39.783, 40.203, 41.77, 43.625, 44.189, 44.007, 44.16, 44.263, 43.458, 45.02, 46.0, 45.708, 46.511, 45.889, 44.13, 42.729, 42.057, 42.75, 42.553, 41.995, 41.789, 41.678, 41.65, 41.86, 42.506, 43.034, 43.298, 43.84, 44.451, 44.129, 44.778, 46.101, 46.921, 46.629, 45.464, 45.893, 45.631, 43.391, 44.187, 46.813, 49.022, 51.23, 50.814, 48.593, 47.397, 46.777, 49.685, 55.21, 54.104, 53.132, 54.724, 55.447, 54.673, 54.254, 55.067, 55.775, 54.226, 52.46, 54.439, 55.496, 53.169, 50.946, 49.69, 49.028, 48.665, 49.201, 48.824, 48.106, 53.598, 53.584, 51.422, 51.334, 51.518, 50.191, 47.953, 46.649, 45.677, 45.359, 44.865, 44.847, 45.795, 46.009, 45.85, 46.356, 47.021, 46.746, 46.428, 47.431, 46.52, 48.923, 52.403, 53.27, 55.061, 11.807], [16.072, 13.901, 8.907, 0.0, 7.741, 11.038, 11.943, 14.29, 18.266, 20.702, 25.976, 33.009, 36.907, 37.651, 38.039, 39.77, 41.943, 42.602, 42.413, 42.66, 42.787, 41.918, 43.747, 44.91, 44.684, 45.596, 44.853, 42.92, 41.401, 40.568, 41.292, 41.073, 40.495, 40.319, 40.207, 40.178, 40.426, 41.145, 41.724, 42.017, 42.608, 43.272, 42.913, 43.575, 44.976, 45.83, 45.467, 44.188, 44.68, 44.425, 42.053, 43.001, 45.792, 48.186, 50.6, 50.164, 47.825, 46.527, 45.884, 49.151, 55.05, 53.91, 52.9, 54.534, 55.301, 54.54, 54.126, 54.994, 55.77, 54.19, 52.311, 54.377, 55.684, 53.345, 50.941, 49.56, 48.859, 48.537, 49.064, 48.623, 47.864, 53.542, 53.497, 51.265, 51.166, 51.352, 49.945, 47.527, 46.145, 45.104, 44.725, 44.197, 44.204, 45.15, 45.287, 45.122, 45.694, 46.398, 46.039, 45.641, 46.758, 45.625, 48.017, 51.806, 52.785, 54.656, 16.567], [19.999, 18.588, 15.166, 7.741, 0.0, 4.539, 6.716, 10.104, 14.593, 17.083, 23.16, 31.093, 35.279, 35.925, 36.198, 38.049, 40.652, 41.509, 41.325, 41.707, 41.909, 41.048, 43.052, 44.338, 44.144, 45.128, 44.331, 42.277, 40.649, 39.76, 40.538, 40.29, 39.703, 39.56, 39.447, 39.411, 39.688, 40.462, 41.076, 41.386, 41.999, 42.68, 42.282, 42.904, 44.343, 45.201, 44.753, 43.368, 43.92, 43.665, 41.195, 42.23, 45.098, 47.631, 50.208, 49.775, 47.424, 46.091, 45.416, 48.857, 54.989, 53.828, 52.799, 54.467, 55.261, 54.513, 54.097, 54.999, 55.836, 54.245, 52.313, 54.433, 55.852, 53.532, 51.04, 49.597, 48.875, 48.556, 49.048, 48.558, 47.75, 53.506, 53.443, 51.167, 51.052, 51.233, 49.784, 47.264, 45.854, 44.775, 44.36, 43.814, 43.844, 44.77, 44.865, 44.721, 45.327, 46.052, 45.663, 45.194, 46.374, 45.122, 47.47, 51.482, 52.55, 54.494, 20.394], [21.666, 20.427, 17.415, 11.038, 4.539, 0.0, 3.578, 8.56, 13.461, 15.885, 22.283, 30.526, 34.807, 35.446, 35.67, 37.551, 40.304, 41.241, 41.108, 41.587, 41.853, 41.037, 43.064, 44.36, 44.168, 45.152, 44.343, 42.285, 40.658, 39.787, 40.604, 40.361, 39.771, 39.641, 39.53, 39.495, 39.778, 40.557, 41.174, 41.484, 42.095, 42.771, 42.363, 42.962, 44.39, 45.239, 44.771, 43.376, 43.937, 43.691, 41.201, 42.198, 45.053, 47.6, 50.196, 49.769, 47.433, 46.105, 45.433, 48.891, 55.025, 53.872, 52.841, 54.502, 55.298, 54.56, 54.147, 55.055, 55.901, 54.319, 52.394, 54.5, 55.923, 53.62, 51.118, 49.679, 48.963, 48.648, 49.132, 48.633, 47.828, 53.558, 53.487, 51.215, 51.091, 51.268, 49.838, 47.329, 45.936, 44.861, 44.434, 43.893, 43.941, 44.853, 44.929, 44.796, 45.401, 46.119, 45.73, 45.232, 46.409, 45.151, 47.441, 51.473, 52.555, 54.508, 22.035], [21.953, 20.683, 17.751, 11.943, 6.716, 3.578, 0.0, 6.388, 12.22, 14.856, 21.675, 30.25, 34.606, 35.276, 35.528, 37.445, 40.228, 41.165, 41.054, 41.569, 41.838, 40.993, 43.002, 44.294, 44.092, 45.078, 44.264, 42.225, 40.61, 39.743, 40.578, 40.348, 39.764, 39.631, 39.525, 39.493, 39.777, 40.558, 41.182, 41.497, 42.109, 42.788, 42.367, 42.947, 44.367, 45.204, 44.732, 43.343, 43.9, 43.69, 41.203, 42.149, 45.012, 47.555, 50.128, 49.696, 47.353, 46.019, 45.359, 48.862, 54.996, 53.838, 52.821, 54.494, 55.294, 54.562, 54.151, 55.054, 55.906, 54.338, 52.407, 54.496, 55.929, 53.606, 51.109, 49.678, 48.964, 48.63, 49.086, 48.577, 47.72, 53.43, 53.36, 51.102, 50.982, 51.153, 49.738, 47.257, 45.874, 44.796, 44.362, 43.824, 43.878, 44.789, 44.875, 44.754, 45.37, 46.084, 45.695, 45.205, 46.385, 45.131, 47.404, 51.442, 52.523, 54.453, 22.34], [23.746, 22.399, 19.524, 14.29, 10.104, 8.56, 6.388, 0.0, 7.398, 12.269, 20.502, 29.541, 34.103, 34.801, 35.13, 37.131, 40.03, 41.012, 40.906, 41.398, 41.602, 40.683, 42.72, 44.055, 43.81, 44.829, 44.038, 41.976, 40.321, 39.441, 40.268, 40.035, 39.475, 39.327, 39.219, 39.185, 39.468, 40.264, 40.902, 41.223, 41.842, 42.54, 42.069, 42.583, 44.026, 44.846, 44.322, 42.912, 43.518, 43.323, 40.899, 41.978, 44.863, 47.466, 50.085, 49.649, 47.264, 45.893, 45.225, 48.868, 55.098, 53.924, 52.898, 54.603, 55.424, 54.697, 54.286, 55.178, 56.025, 54.417, 52.453, 54.559, 56.036, 53.663, 51.147, 49.685, 48.959, 48.616, 49.091, 48.574, 47.697, 53.538, 53.475, 51.19, 51.057, 51.212, 49.748, 47.229, 45.812, 44.717, 44.288, 43.745, 43.802, 44.707, 44.801, 44.716, 45.368, 46.079, 45.651, 45.152, 46.37, 45.056, 47.366, 51.484, 52.534, 54.4, 24.146], [26.848, 25.642, 23.037, 18.266, 14.593, 13.461, 12.22, 7.398, 0.0, 8.863, 20.015, 29.109, 33.608, 34.204, 34.538, 36.521, 39.502, 40.566, 40.506, 40.95, 41.08, 40.159, 42.321, 43.703, 43.407, 44.459, 43.654, 41.508, 39.777, 38.929, 39.814, 39.606, 39.081, 38.941, 38.829, 38.791, 39.086, 39.905, 40.56, 40.894, 41.523, 42.23, 41.723, 42.17, 43.629, 44.448, 43.88, 42.483, 43.133, 42.832, 40.419, 41.737, 44.761, 47.514, 50.237, 49.813, 47.389, 45.988, 45.288, 49.047, 55.384, 54.218, 53.103, 54.764, 55.608, 54.886, 54.478, 55.363, 56.153, 54.438, 52.411, 54.558, 56.122, 53.719, 51.144, 49.606, 48.875, 48.595, 49.112, 48.601, 47.812, 53.87, 53.785, 51.467, 51.348, 51.494, 49.942, 47.266, 45.759, 44.661, 44.23, 43.667, 43.734, 44.612, 44.658, 44.602, 45.305, 46.025, 45.538, 44.993, 46.273, 44.855, 47.23, 51.512, 52.544, 54.395, 27.247], [28.282, 27.315, 25.153, 20.702, 17.083, 15.885, 14.856, 12.269, 8.863, 0.0, 15.433, 27.035, 31.917, 32.411, 32.746, 34.925, 38.226, 39.492, 39.546, 40.146, 40.312, 39.384, 41.747, 43.198, 42.921, 43.997, 43.105, 40.796, 38.925, 38.066, 39.072, 38.853, 38.357, 38.281, 38.162, 38.126, 38.446, 39.306, 39.987, 40.341, 41.018, 41.747, 41.221, 41.75, 43.273, 44.085, 43.503, 42.056, 42.75, 42.449, 39.827, 41.199, 44.505, 47.429, 50.27, 49.851, 47.356, 45.866, 45.142, 49.063, 55.57, 54.358, 53.276, 54.995, 55.85, 55.123, 54.72, 55.654, 56.443, 54.653, 52.558, 54.78, 56.326, 53.794, 51.111, 49.533, 48.798, 48.552, 49.01, 48.417, 47.481, 53.604, 53.47, 51.09, 50.975, 51.124, 49.513, 46.64, 45.047, 43.905, 43.414, 42.813, 42.875, 43.775, 43.82, 43.801, 44.544, 45.31, 44.851, 44.296, 45.63, 44.186, 46.619, 51.132, 52.284, 54.273, 28.733], [31.684, 30.919, 29.411, 25.976, 23.16, 22.283, 21.675, 20.502, 20.015, 15.433, 0.0, 16.987, 24.609, 25.713, 26.452, 29.777, 34.36, 36.231, 36.581, 37.662, 38.182, 37.731, 41.011, 42.868, 42.675, 43.698, 42.751, 40.44, 38.519, 37.488, 38.59, 38.468, 38.008, 38.024, 37.9, 37.861, 38.234, 39.134, 39.804, 40.126, 40.82, 41.574, 41.04, 41.722, 43.346, 44.175, 43.684, 42.24, 42.916, 42.631, 39.949, 41.385, 44.822, 47.721, 50.595, 50.197, 47.781, 46.335, 45.667, 49.584, 56.013, 54.762, 53.819, 55.595, 56.405, 55.717, 55.362, 56.302, 57.043, 55.279, 53.272, 55.465, 56.949, 54.397, 51.622, 50.056, 49.288, 48.95, 49.369, 48.722, 47.529, 53.395, 53.237, 50.865, 50.815, 50.98, 49.372, 46.398, 44.781, 43.655, 43.087, 42.512, 42.589, 43.453, 43.484, 43.47, 44.165, 44.924, 44.484, 43.848, 45.155, 43.611, 45.9, 50.502, 51.66, 53.739, 32.121], [36.74, 36.28, 35.377, 33.009, 31.093, 30.526, 30.25, 29.541, 29.109, 27.035, 16.987, 0.0, 11.864, 15.254, 17.184, 22.673, 29.362, 32.134, 32.994, 34.538, 35.617, 36.242, 40.467, 42.69, 42.671, 43.626, 42.799, 40.919, 39.425, 38.422, 39.449, 39.638, 39.397, 39.557, 39.466, 39.445, 39.841, 40.646, 41.213, 41.453, 42.027, 42.698, 42.314, 42.935, 44.293, 45.068, 44.855, 43.798, 44.147, 43.887, 41.804, 43.258, 46.429, 48.941, 51.48, 51.146, 49.086, 47.959, 47.365, 50.585, 56.232, 55.043, 54.089, 55.612, 56.303, 55.689, 55.398, 56.195, 56.733, 55.065, 53.255, 55.228, 56.721, 54.519, 51.974, 50.536, 49.845, 49.462, 49.816, 49.29, 47.99, 53.048, 52.95, 50.912, 51.008, 51.168, 49.808, 47.261, 45.772, 44.873, 44.435, 43.99, 44.08, 44.803, 44.794, 44.711, 45.248, 45.92, 45.521, 44.856, 45.976, 44.435, 46.066, 50.265, 51.168, 53.035, 37.02], [39.934, 39.662, 38.954, 36.907, 35.279, 34.807, 34.606, 34.103, 33.608, 31.917, 24.609, 11.864, 0.0, 6.653, 11.868, 19.418, 27.085, 30.216, 31.291, 32.954, 34.274, 35.367, 39.926, 42.272, 42.42, 43.395, 42.62, 41.077, 39.969, 39.223, 40.368, 40.766, 40.725, 40.995, 40.92, 40.908, 41.304, 42.034, 42.523, 42.705, 43.204, 43.832, 43.575, 44.163, 45.321, 46.029, 45.915, 45.007, 45.074, 44.875, 43.11, 44.368, 47.349, 49.557, 51.878, 51.572, 49.688, 48.739, 48.179, 50.894, 55.906, 54.76, 53.826, 55.148, 55.732, 55.167, 54.935, 55.644, 56.092, 54.468, 52.75, 54.618, 56.078, 54.197, 51.966, 50.656, 50.042, 49.692, 49.977, 49.503, 48.188, 52.678, 52.656, 50.789, 50.903, 51.067, 49.905, 47.75, 46.396, 45.6, 45.25, 44.878, 44.97, 45.63, 45.614, 45.52, 45.963, 46.567, 46.233, 45.622, 46.644, 45.19, 46.291, 50.177, 51.008, 52.722, 40.113], [40.74, 40.503, 39.783, 37.651, 35.925, 35.446, 35.276, 34.801, 34.204, 32.411, 25.713, 15.254, 6.653, 0.0, 7.93, 17.268, 25.74, 29.173, 30.324, 32.062, 33.392, 34.543, 39.36, 41.822, 42.023, 43.101, 42.312, 40.688, 39.544, 38.875, 40.086, 40.503, 40.555, 40.877, 40.807, 40.787, 41.194, 41.947, 42.45, 42.643, 43.156, 43.787, 43.514, 44.08, 45.219, 45.914, 45.762, 44.746, 44.763, 44.581, 42.844, 44.22, 47.227, 49.475, 51.863, 51.561, 49.649, 48.671, 48.094, 50.825, 55.851, 54.716, 53.758, 55.059, 55.663, 55.126, 54.909, 55.605, 56.032, 54.399, 52.656, 54.556, 56.048, 54.143, 51.932, 50.618, 50.001, 49.676, 49.963, 49.472, 48.115, 52.676, 52.648, 50.726, 50.842, 51.009, 49.821, 47.67, 46.313, 45.485, 45.115, 44.724, 44.815, 45.47, 45.448, 45.369, 45.832, 46.444, 46.087, 45.493, 46.565, 45.073, 46.221, 50.149, 50.957, 52.687, 40.91], [41.117, 40.898, 40.203, 38.039, 36.198, 35.67, 35.528, 35.13, 34.538, 32.746, 26.452, 17.184, 11.868, 7.93, 0.0, 11.542, 22.176, 26.49, 27.866, 29.975, 31.54, 33.183, 38.633, 41.349, 41.564, 42.676, 41.841, 40.106, 38.939, 38.369, 39.709, 40.165, 40.238, 40.61, 40.536, 40.502, 40.931, 41.702, 42.209, 42.407, 42.929, 43.564, 43.293, 43.859, 44.996, 45.71, 45.597, 44.57, 44.587, 44.318, 42.478, 43.875, 46.904, 49.174, 51.609, 51.326, 49.399, 48.398, 47.817, 50.555, 55.606, 54.481, 53.488, 54.79, 55.403, 54.877, 54.666, 55.351, 55.771, 54.172, 52.447, 54.36, 55.866, 53.971, 51.76, 50.423, 49.801, 49.518, 49.826, 49.316, 47.94, 52.554, 52.494, 50.586, 50.745, 50.911, 49.698, 47.509, 46.144, 45.307, 44.914, 44.515, 44.624, 45.256, 45.202, 45.139, 45.634, 46.261, 45.903, 45.33, 46.451, 44.947, 46.088, 50.012, 50.809, 52.612, 41.285], [42.64, 42.428, 41.77, 39.77, 38.049, 37.551, 37.445, 37.131, 36.521, 34.925, 29.777, 22.673, 19.418, 17.268, 11.542, 0.0, 13.522, 20.293, 22.682, 25.526, 27.943, 30.968, 37.94, 41.036, 41.105, 42.185, 41.313, 39.546, 38.519, 38.258, 39.968, 40.65, 40.753, 41.181, 41.107, 41.09, 41.61, 42.424, 42.926, 43.116, 43.624, 44.235, 43.981, 44.578, 45.731, 46.438, 46.384, 45.441, 45.416, 45.008, 43.16, 44.512, 47.47, 49.59, 51.978, 51.724, 49.838, 48.868, 48.257, 50.782, 55.608, 54.538, 53.43, 54.556, 55.118, 54.634, 54.471, 55.097, 55.413, 53.847, 52.148, 54.033, 55.604, 53.849, 51.723, 50.379, 49.779, 49.611, 49.966, 49.461, 48.288, 52.931, 52.826, 51.029, 51.298, 51.479, 50.277, 48.136, 46.847, 46.08, 45.666, 45.275, 45.434, 46.031, 45.916, 45.846, 46.355, 46.976, 46.593, 46.018, 47.177, 45.652, 46.434, 50.174, 50.946, 52.782, 42.8], [44.449, 44.237, 43.625, 41.943, 40.652, 40.304, 40.228, 40.03, 39.502, 38.226, 34.36, 29.362, 27.085, 25.74, 22.176, 13.522, 0.0, 10.473, 16.244, 20.612, 24.427, 29.443, 37.958, 41.257, 41.14, 42.181, 41.306, 39.729, 39.026, 39.127, 41.158, 42.059, 42.106, 42.513, 42.448, 42.446, 43.016, 43.837, 44.33, 44.511, 45.007, 45.625, 45.386, 45.951, 47.088, 47.777, 47.813, 47.003, 46.838, 46.388, 44.677, 45.871, 48.692, 50.607, 52.815, 52.583, 50.807, 49.908, 49.293, 51.616, 56.092, 55.065, 53.821, 54.69, 55.19, 54.755, 54.654, 55.234, 55.394, 53.804, 52.126, 53.989, 55.582, 53.903, 51.856, 50.564, 50.014, 49.942, 50.321, 49.852, 49.011, 53.577, 53.42, 51.815, 52.192, 52.382, 51.268, 49.306, 48.11, 47.43, 47.003, 46.607, 46.782, 47.282, 47.129, 47.083, 47.595, 48.192, 47.789, 47.221, 48.32, 46.813, 47.16, 50.576, 51.317, 53.068, 44.579], [44.993, 44.793, 44.189, 42.602, 41.509, 41.241, 41.165, 41.012, 40.566, 39.492, 36.231, 32.134, 30.216, 29.173, 26.49, 20.293, 10.473, 0.0, 9.679, 17.323, 22.058, 28.009, 37.397, 40.88, 40.717, 41.803, 40.974, 39.606, 39.097, 39.314, 41.445, 42.417, 42.497, 42.932, 42.874, 42.859, 43.422, 44.25, 44.776, 44.977, 45.474, 46.111, 45.871, 46.397, 47.52, 48.208, 48.295, 47.518, 47.285, 46.864, 45.214, 46.336, 49.226, 51.133, 53.232, 53.025, 51.316, 50.418, 49.81, 52.048, 56.456, 55.463, 54.15, 54.926, 55.413, 54.972, 54.884, 55.462, 55.584, 54.017, 52.361, 54.181, 55.738, 54.058, 52.01, 50.732, 50.193, 50.146, 50.526, 50.077, 49.274, 53.67, 53.523, 51.995, 52.37, 52.548, 51.487, 49.584, 48.395, 47.74, 47.338, 46.936, 47.101, 47.539, 47.374, 47.396, 47.95, 48.536, 48.17, 47.668, 48.711, 47.284, 47.63, 50.979, 51.75, 53.38, 45.107], [44.748, 44.582, 44.007, 42.413, 41.325, 41.108, 41.054, 40.906, 40.506, 39.546, 36.581, 32.994, 31.291, 30.324, 27.866, 22.682, 16.244, 9.679, 0.0, 11.798, 18.358, 24.861, 35.194, 39.053, 39.013, 40.354, 39.52, 38.142, 37.697, 38.127, 40.52, 41.632, 41.839, 42.348, 42.303, 42.276, 42.843, 43.705, 44.286, 44.544, 45.093, 45.745, 45.504, 46.111, 47.325, 48.051, 48.137, 47.346, 47.122, 46.668, 44.953, 46.148, 49.127, 51.14, 53.303, 53.103, 51.333, 50.361, 49.766, 52.137, 56.681, 55.673, 54.401, 55.216, 55.696, 55.22, 55.115, 55.729, 55.947, 54.442, 52.746, 54.607, 56.157, 54.306, 52.128, 50.792, 50.216, 50.173, 50.503, 50.015, 49.004, 53.395, 53.285, 51.75, 52.168, 52.36, 51.233, 49.243, 47.998, 47.295, 46.91, 46.514, 46.699, 47.165, 46.999, 47.082, 47.709, 48.312, 47.959, 47.489, 48.571, 47.11, 47.466, 50.966, 51.822, 53.469, 44.856], [44.851, 44.709, 44.16, 42.66, 41.707, 41.587, 41.569, 41.398, 40.95, 40.146, 37.662, 34.538, 32.954, 32.062, 29.975, 25.526, 20.612, 17.323, 11.798, 0.0, 10.364, 20.543, 32.287, 36.661, 36.892, 38.636, 37.834, 36.482, 36.187, 37.051, 39.826, 41.15, 41.432, 41.939, 41.888, 41.864, 42.43, 43.293, 43.853, 44.124, 44.781, 45.487, 45.208, 45.941, 47.289, 48.067, 48.162, 47.367, 47.157, 46.645, 44.918, 46.075, 48.934, 50.969, 53.144, 52.91, 51.08, 50.082, 49.465, 51.849, 56.473, 55.441, 54.287, 55.252, 55.784, 55.325, 55.214, 55.862, 56.171, 54.72, 52.968, 54.832, 56.402, 54.388, 52.105, 50.723, 50.129, 50.118, 50.489, 49.976, 48.723, 53.151, 53.089, 51.452, 51.906, 52.145, 50.975, 49.043, 47.722, 46.977, 46.682, 46.296, 46.459, 46.977, 46.834, 46.894, 47.533, 48.15, 47.784, 47.37, 48.508, 47.037, 47.389, 50.846, 51.679, 53.316, 44.948], [44.957, 44.816, 44.263, 42.787, 41.909, 41.853, 41.838, 41.602, 41.08, 40.312, 38.182, 35.617, 34.274, 33.392, 31.54, 27.943, 24.427, 22.058, 18.358, 10.364, 0.0, 15.957, 30.293, 35.187, 35.6, 37.647, 36.892, 35.465, 35.119, 36.194, 39.207, 40.616, 40.997, 41.518, 41.462, 41.444, 42.007, 42.893, 43.473, 43.748, 44.466, 45.239, 44.965, 45.807, 47.215, 47.992, 48.083, 47.242, 47.052, 46.567, 44.826, 45.915, 48.699, 50.732, 52.953, 52.701, 50.832, 49.795, 49.137, 51.531, 56.323, 55.297, 54.183, 55.253, 55.854, 55.425, 55.319, 55.992, 56.349, 54.901, 53.127, 54.978, 56.568, 54.487, 52.163, 50.747, 50.135, 50.101, 50.479, 49.923, 48.57, 53.161, 53.13, 51.42, 51.876, 52.118, 50.892, 48.953, 47.58, 46.809, 46.576, 46.179, 46.303, 46.864, 46.738, 46.779, 47.43, 48.05, 47.642, 47.221, 48.397, 46.926, 47.419, 50.881, 51.732, 53.394, 45.059], [44.081, 43.995, 43.458, 41.918, 41.048, 41.037, 40.993, 40.683, 40.159, 39.384, 37.731, 36.242, 35.367, 34.543, 33.183, 30.968, 29.443, 28.009, 24.861, 20.543, 15.957, 0.0, 19.882, 27.332, 28.605, 31.866, 31.634, 30.428, 30.136, 31.846, 35.686, 37.414, 38.316, 39.079, 39.033, 39.057, 39.698, 40.72, 41.473, 41.894, 42.672, 43.565, 43.603, 44.841, 46.353, 47.121, 47.142, 46.162, 45.988, 45.49, 43.727, 45.085, 47.929, 50.115, 52.501, 52.216, 50.208, 49.091, 48.407, 50.987, 55.918, 54.759, 53.78, 55.082, 55.721, 55.257, 55.124, 55.871, 56.367, 54.924, 53.103, 55.098, 56.73, 54.513, 52.134, 50.657, 50.012, 50.012, 50.385, 49.735, 48.247, 52.831, 52.822, 51.084, 51.489, 51.704, 50.409, 48.284, 46.813, 45.953, 45.718, 45.299, 45.39, 46.034, 45.919, 45.936, 46.605, 47.251, 46.855, 46.385, 47.591, 46.183, 47.023, 50.682, 51.623, 53.328, 44.181], [45.366, 45.384, 45.02, 43.747, 43.052, 43.064, 43.002, 42.72, 42.321, 41.747, 41.011, 40.467, 39.926, 39.36, 38.633, 37.94, 37.958, 37.397, 35.194, 32.287, 30.293, 19.882, 0.0, 11.606, 16.499, 22.079, 23.841, 24.977, 26.049, 29.752, 34.165, 36.071, 37.691, 38.771, 38.787, 38.845, 39.44, 40.413, 41.2, 41.745, 42.563, 43.48, 43.965, 45.508, 46.898, 47.577, 47.678, 46.996, 46.923, 46.409, 45.141, 46.455, 48.843, 51.057, 53.129, 52.8, 50.88, 49.891, 49.307, 51.638, 55.879, 54.676, 53.944, 55.296, 55.849, 55.391, 55.226, 55.871, 56.437, 55.246, 53.621, 55.445, 56.935, 55.055, 52.97, 51.687, 51.151, 51.233, 51.601, 51.069, 49.505, 53.149, 53.153, 51.505, 51.635, 51.761, 50.661, 48.714, 47.33, 46.545, 46.429, 46.123, 46.16, 46.693, 46.646, 46.61, 47.067, 47.63, 47.43, 47.108, 48.117, 47.231, 48.714, 52.13, 52.913, 54.178, 45.421], [46.225, 46.273, 46.0, 44.91, 44.338, 44.36, 44.294, 44.055, 43.703, 43.198, 42.868, 42.69, 42.272, 41.822, 41.349, 41.036, 41.257, 40.88, 39.053, 36.661, 35.187, 27.332, 11.606, 0.0, 10.165, 18.691, 21.661, 24.036, 25.893, 30.446, 34.954, 36.85, 38.528, 39.649, 39.726, 39.817, 40.38, 41.314, 42.098, 42.675, 43.494, 44.395, 44.895, 46.36, 47.591, 48.269, 48.48, 47.953, 47.853, 47.388, 46.31, 47.483, 49.7, 51.829, 53.699, 53.352, 51.515, 50.59, 50.058, 52.475, 56.551, 55.394, 54.704, 55.98, 56.489, 56.044, 55.879, 56.498, 57.037, 55.798, 54.244, 55.955, 57.272, 55.601, 53.628, 52.421, 51.944, 52.049, 52.349, 51.885, 50.325, 53.602, 53.63, 52.058, 52.09, 52.164, 51.176, 49.37, 48.12, 47.392, 47.27, 46.995, 47.014, 47.517, 47.546, 47.477, 47.813, 48.355, 48.221, 47.901, 48.81, 48.059, 49.471, 52.673, 53.377, 54.535, 46.257], [45.917, 45.958, 45.708, 44.684, 44.144, 44.168, 44.092, 43.81, 43.407, 42.921, 42.675, 42.671, 42.42, 42.023, 41.564, 41.105, 41.14, 40.717, 39.013, 36.892, 35.6, 28.605, 16.499, 10.165, 0.0, 11.297, 16.468, 20.234, 22.912, 28.874, 34.057, 35.861, 37.528, 38.784, 38.845, 38.965, 39.63, 40.662, 41.508, 42.1, 42.935, 43.85, 44.389, 45.955, 47.28, 48.004, 48.156, 47.557, 47.427, 46.942, 45.807, 47.102, 49.365, 51.454, 53.37, 53.034, 51.198, 50.26, 49.676, 52.167, 56.395, 55.243, 54.495, 55.769, 56.298, 55.833, 55.662, 56.295, 56.806, 55.479, 53.877, 55.602, 56.942, 55.177, 53.165, 51.965, 51.474, 51.575, 51.957, 51.51, 49.984, 53.488, 53.514, 51.911, 51.987, 52.067, 51.054, 49.155, 47.788, 47.007, 46.795, 46.464, 46.501, 47.019, 47.02, 46.977, 47.348, 47.899, 47.731, 47.31, 48.241, 47.359, 48.636, 52.046, 52.832, 54.085, 45.963], [46.684, 46.736, 46.511, 45.596, 45.128, 45.152, 45.078, 44.829, 44.459, 43.997, 43.698, 43.626, 43.395, 43.101, 42.676, 42.185, 42.181, 41.803, 40.354, 38.636, 37.647, 31.866, 22.079, 18.691, 11.297, 0.0, 9.727, 17.179, 21.055, 28.491, 34.274, 36.027, 37.697, 39.106, 39.122, 39.231, 39.923, 40.937, 41.747, 42.301, 43.098, 43.986, 44.671, 46.467, 47.878, 48.608, 48.734, 48.189, 48.075, 47.469, 46.368, 47.7, 49.892, 51.889, 53.699, 53.382, 51.619, 50.738, 50.169, 52.397, 56.405, 55.301, 54.554, 55.768, 56.274, 55.826, 55.672, 56.255, 56.692, 55.438, 53.904, 55.572, 56.866, 55.106, 53.236, 52.139, 51.664, 51.736, 52.205, 51.824, 50.363, 53.702, 53.695, 52.145, 52.225, 52.303, 51.337, 49.408, 47.943, 47.209, 47.003, 46.683, 46.744, 47.204, 47.152, 47.164, 47.545, 48.054, 47.915, 47.493, 48.373, 47.512, 48.847, 52.241, 52.93, 54.081, 46.722], [46.16, 46.186, 45.889, 44.853, 44.331, 44.343, 44.264, 44.038, 43.654, 43.105, 42.751, 42.799, 42.62, 42.312, 41.841, 41.313, 41.306, 40.974, 39.52, 37.834, 36.892, 31.634, 23.841, 21.661, 16.468, 9.727, 0.0, 10.921, 16.963, 25.422, 32.123, 34.302, 36.073, 37.568, 37.57, 37.664, 38.378, 39.424, 40.256, 40.821, 41.653, 42.574, 43.328, 45.45, 47.049, 47.817, 48.031, 47.455, 47.301, 46.585, 45.375, 46.719, 49.233, 51.35, 53.224, 52.922, 51.095, 50.154, 49.619, 51.917, 56.131, 55.05, 54.227, 55.421, 55.936, 55.468, 55.316, 55.921, 56.279, 54.94, 53.371, 55.077, 56.465, 54.614, 52.556, 51.365, 50.847, 50.897, 51.384, 50.974, 49.539, 53.014, 52.941, 51.335, 51.433, 51.503, 50.484, 48.446, 46.935, 46.174, 45.906, 45.583, 45.713, 46.175, 46.049, 46.133, 46.635, 47.182, 47.021, 46.629, 47.605, 46.601, 47.835, 51.386, 52.149, 53.378, 46.199], [44.51, 44.494, 44.13, 42.92, 42.277, 42.285, 42.225, 41.976, 41.508, 40.796, 40.44, 40.919, 41.077, 40.688, 40.106, 39.546, 39.729, 39.606, 38.142, 36.482, 35.465, 30.428, 24.977, 24.036, 20.234, 17.179, 10.921, 0.0, 10.08, 21.921, 29.394, 31.714, 33.684, 35.25, 35.246, 35.368, 36.159, 37.311, 38.185, 38.766, 39.673, 40.674, 41.405, 43.735, 45.555, 46.393, 46.599, 45.949, 45.944, 45.175, 43.629, 45.072, 47.891, 50.218, 52.326, 52.026, 50.026, 48.947, 48.367, 50.909, 55.612, 54.505, 53.592, 54.87, 55.449, 54.928, 54.742, 55.411, 55.831, 54.429, 52.715, 54.59, 56.182, 54.106, 51.732, 50.383, 49.796, 49.791, 50.311, 49.815, 48.404, 52.537, 52.418, 50.663, 50.799, 50.884, 49.685, 47.344, 45.739, 44.875, 44.486, 44.102, 44.286, 44.829, 44.68, 44.823, 45.472, 46.099, 45.861, 45.433, 46.572, 45.368, 46.88, 50.866, 51.751, 53.144, 44.561], [43.15, 43.105, 42.729, 41.401, 40.649, 40.658, 40.61, 40.321, 39.777, 38.925, 38.519, 39.425, 39.969, 39.544, 38.939, 38.519, 39.026, 39.097, 37.697, 36.187, 35.119, 30.136, 26.049, 25.893, 22.912, 21.055, 16.963, 10.08, 0.0, 16.697, 26.25, 28.727, 30.803, 32.547, 32.553, 32.707, 33.62, 34.931, 35.905, 36.562, 37.564, 38.657, 39.438, 42.008, 44.042, 44.97, 45.167, 44.364, 44.446, 43.772, 42.148, 43.798, 46.837, 49.426, 51.768, 51.452, 49.31, 48.079, 47.518, 50.474, 55.626, 54.46, 53.511, 54.906, 55.532, 54.969, 54.758, 55.469, 55.929, 54.441, 52.618, 54.615, 56.28, 54.021, 51.381, 49.844, 49.196, 49.089, 49.529, 48.92, 47.478, 52.104, 51.98, 50.085, 50.209, 50.3, 48.965, 46.358, 44.658, 43.711, 43.294, 42.88, 43.06, 43.678, 43.565, 43.767, 44.49, 45.169, 44.896, 44.431, 45.681, 44.359, 46.218, 50.56, 51.549, 53.118, 43.228], [42.622, 42.525, 42.057, 40.568, 39.76, 39.787, 39.743, 39.441, 38.929, 38.066, 37.488, 38.422, 39.223, 38.875, 38.369, 38.258, 39.127, 39.314, 38.127, 37.051, 36.194, 31.846, 29.752, 30.446, 28.874, 28.491, 25.422, 21.921, 16.697, 0.0, 14.243, 19.996, 23.134, 25.463, 25.641, 25.882, 27.093, 28.735, 29.916, 30.747, 31.894, 33.058, 33.948, 37.455, 40.173, 41.165, 41.739, 41.244, 41.444, 41.074, 40.59, 43.278, 46.359, 49.065, 51.631, 51.31, 49.203, 47.902, 47.319, 50.68, 56.15, 54.947, 54.011, 55.453, 56.045, 55.434, 55.219, 55.935, 56.34, 54.656, 52.696, 54.661, 56.257, 54.034, 51.392, 49.656, 48.945, 48.776, 49.167, 48.443, 47.144, 52.221, 52.082, 50.131, 50.27, 50.347, 48.946, 46.176, 44.454, 43.43, 42.915, 42.5, 42.739, 43.358, 43.211, 43.498, 44.341, 45.063, 44.757, 44.274, 45.583, 44.147, 45.957, 50.387, 51.445, 53.104, 42.716], [43.36, 43.237, 42.75, 41.292, 40.538, 40.604, 40.578, 40.268, 39.814, 39.072, 38.59, 39.449, 40.368, 40.086, 39.709, 39.968, 41.158, 41.445, 40.52, 39.826, 39.207, 35.686, 34.165, 34.954, 34.057, 34.274, 32.123, 29.394, 26.25, 14.243, 0.0, 10.85, 17.646, 20.967, 21.418, 21.844, 23.188, 24.899, 26.064, 26.855, 27.836, 28.871, 29.766, 33.546, 36.677, 37.574, 38.247, 38.644, 39.68, 39.494, 40.102, 44.274, 47.213, 49.73, 52.248, 51.927, 49.952, 48.756, 48.153, 51.293, 56.567, 55.433, 54.531, 55.849, 56.405, 55.825, 55.592, 56.224, 56.603, 54.926, 52.968, 54.799, 56.278, 54.332, 52.06, 50.411, 49.721, 49.614, 50.102, 49.468, 48.414, 53.63, 53.504, 51.594, 51.666, 51.719, 50.329, 47.64, 46.031, 44.986, 44.431, 44.0, 44.201, 44.774, 44.63, 44.824, 45.563, 46.232, 45.941, 45.385, 46.515, 45.305, 47.316, 51.559, 52.49, 53.937, 43.46], [43.138, 43.024, 42.553, 41.073, 40.29, 40.361, 40.348, 40.035, 39.606, 38.853, 38.468, 39.638, 40.766, 40.503, 40.165, 40.65, 42.059, 42.417, 41.632, 41.15, 40.616, 37.414, 36.071, 36.85, 35.861, 36.027, 34.302, 31.714, 28.727, 19.996, 10.85, 0.0, 11.083, 16.45, 17.062, 17.708, 19.401, 21.429, 22.726, 23.527, 24.515, 25.649, 26.886, 31.241, 34.655, 35.686, 36.376, 37.019, 38.537, 38.355, 38.783, 43.818, 47.183, 49.87, 52.476, 52.128, 50.11, 48.901, 48.285, 51.302, 56.597, 55.452, 54.65, 56.062, 56.643, 56.08, 55.839, 56.479, 56.865, 55.17, 53.249, 55.127, 56.568, 54.577, 52.308, 50.691, 50.014, 49.878, 50.386, 49.797, 48.8, 54.18, 54.091, 52.165, 52.174, 52.193, 50.767, 48.034, 46.403, 45.249, 44.661, 44.186, 44.348, 44.941, 44.783, 44.897, 45.603, 46.267, 45.956, 45.3, 46.377, 45.266, 47.658, 52.083, 53.014, 54.417, 43.241], [42.584, 42.476, 41.995, 40.495, 39.703, 39.771, 39.764, 39.475, 39.081, 38.357, 38.008, 39.397, 40.725, 40.555, 40.238, 40.753, 42.106, 42.497, 41.839, 41.432, 40.997, 38.316, 37.691, 38.528, 37.528, 37.697, 36.073, 33.684, 30.803, 23.134, 17.646, 11.083, 0.0, 7.433, 8.706, 9.458, 11.991, 15.134, 17.024, 17.976, 19.126, 20.583, 22.093, 27.274, 31.231, 32.447, 33.41, 34.274, 35.861, 35.806, 36.504, 42.136, 46.176, 49.482, 52.286, 51.922, 49.845, 48.588, 48.002, 51.242, 56.763, 55.594, 54.771, 56.233, 56.825, 56.237, 56.003, 56.688, 57.063, 55.313, 53.401, 55.322, 56.699, 54.623, 52.233, 50.553, 49.851, 49.691, 50.173, 49.567, 48.464, 53.68, 53.54, 51.584, 51.591, 51.61, 50.145, 47.354, 45.699, 44.464, 43.857, 43.415, 43.594, 44.159, 43.994, 44.109, 44.86, 45.554, 45.204, 44.573, 45.785, 44.591, 47.098, 51.596, 52.563, 54.032, 42.692], [42.417, 42.291, 41.789, 40.319, 39.56, 39.641, 39.631, 39.327, 38.941, 38.281, 38.024, 39.557, 40.995, 40.877, 40.61, 41.181, 42.513, 42.932, 42.348, 41.939, 41.518, 39.079, 38.771, 39.649, 38.784, 39.106, 37.568, 35.25, 32.547, 25.463, 20.967, 16.45, 7.433, 0.0, 2.736, 4.473, 7.617, 11.44, 13.752, 14.903, 16.183, 17.739, 19.232, 24.813, 29.045, 30.216, 31.179, 32.179, 33.904, 34.041, 35.303, 41.462, 45.74, 49.393, 52.311, 51.967, 49.859, 48.58, 48.009, 51.356, 56.957, 55.778, 54.902, 56.336, 56.929, 56.321, 56.069, 56.766, 57.149, 55.364, 53.444, 55.369, 56.72, 54.582, 52.165, 50.474, 49.748, 49.596, 50.078, 49.453, 48.296, 53.406, 53.21, 51.244, 51.258, 51.281, 49.795, 47.029, 45.402, 44.155, 43.597, 43.2, 43.368, 43.924, 43.807, 43.917, 44.675, 45.382, 45.009, 44.441, 45.743, 44.525, 47.095, 51.512, 52.506, 53.999, 42.527], [42.311, 42.181, 41.678, 40.207, 39.447, 39.53, 39.525, 39.219, 38.829, 38.162, 37.9, 39.466, 40.92, 40.807, 40.536, 41.107, 42.448, 42.874, 42.303, 41.888, 41.462, 39.033, 38.787, 39.726, 38.845, 39.122, 37.57, 35.246, 32.553, 25.641, 21.418, 17.062, 8.706, 2.736, 0.0, 2.851, 6.548, 10.569, 12.956, 14.152, 15.49, 17.064, 18.634, 24.4, 28.664, 29.866, 30.899, 31.919, 33.608, 33.708, 34.996, 41.233, 45.583, 49.284, 52.24, 51.912, 49.792, 48.503, 47.926, 51.302, 56.953, 55.768, 54.884, 56.324, 56.92, 56.303, 56.047, 56.749, 57.13, 55.322, 53.397, 55.342, 56.702, 54.523, 52.081, 50.391, 49.656, 49.5, 49.997, 49.365, 48.198, 53.353, 53.157, 51.186, 51.212, 51.236, 49.745, 46.955, 45.275, 44.022, 43.475, 43.063, 43.229, 43.797, 43.67, 43.775, 44.541, 45.254, 44.873, 44.286, 45.604, 44.354, 46.916, 51.365, 52.372, 53.867, 42.422], [42.28, 42.15, 41.65, 40.178, 39.411, 39.495, 39.493, 39.185, 38.791, 38.126, 37.861, 39.445, 40.908, 40.787, 40.502, 41.09, 42.446, 42.859, 42.276, 41.864, 41.444, 39.057, 38.845, 39.817, 38.965, 39.231, 37.664, 35.368, 32.707, 25.882, 21.844, 17.708, 9.458, 4.473, 2.851, 0.0, 4.342, 8.888, 11.514, 12.795, 14.222, 15.948, 17.668, 23.646, 28.021, 29.306, 30.482, 31.66, 33.352, 33.389, 34.716, 40.938, 45.371, 49.151, 52.116, 51.798, 49.689, 48.402, 47.828, 51.228, 56.899, 55.714, 54.811, 56.246, 56.844, 56.225, 55.969, 56.673, 57.054, 55.247, 53.326, 55.27, 56.635, 54.48, 52.03, 50.329, 49.59, 49.421, 49.904, 49.269, 48.073, 53.213, 53.02, 51.065, 51.112, 51.14, 49.655, 46.85, 45.125, 43.879, 43.334, 42.916, 43.09, 43.65, 43.518, 43.641, 44.424, 45.138, 44.755, 44.166, 45.484, 44.225, 46.774, 51.227, 52.224, 53.701, 42.391], [42.488, 42.356, 41.86, 40.426, 39.688, 39.778, 39.777, 39.468, 39.086, 38.446, 38.234, 39.841, 41.304, 41.194, 40.931, 41.61, 43.016, 43.422, 42.843, 42.43, 42.007, 39.698, 39.44, 40.38, 39.63, 39.923, 38.378, 36.159, 33.62, 27.093, 23.188, 19.401, 11.991, 7.617, 6.548, 4.342, 0.0, 5.035, 8.221, 9.905, 11.672, 13.826, 16.039, 22.635, 27.231, 28.54, 29.83, 31.307, 33.223, 33.308, 34.775, 41.012, 45.417, 49.19, 52.13, 51.82, 49.729, 48.459, 47.904, 51.262, 56.87, 55.695, 54.788, 56.208, 56.807, 56.2, 55.945, 56.638, 57.024, 55.251, 53.373, 55.3, 56.673, 54.573, 52.143, 50.455, 49.726, 49.545, 49.991, 49.364, 48.109, 53.137, 52.971, 51.066, 51.122, 51.147, 49.685, 46.941, 45.23, 44.005, 43.499, 43.103, 43.275, 43.837, 43.727, 43.843, 44.62, 45.326, 44.946, 44.38, 45.672, 44.481, 47.017, 51.374, 52.34, 53.776, 42.596], [43.128, 42.996, 42.506, 41.145, 40.462, 40.557, 40.558, 40.264, 39.905, 39.306, 39.134, 40.646, 42.034, 41.947, 41.702, 42.424, 43.837, 44.25, 43.705, 43.293, 42.893, 40.72, 40.413, 41.314, 40.662, 40.937, 39.424, 37.311, 34.931, 28.735, 24.899, 21.429, 15.134, 11.44, 10.569, 8.888, 5.035, 0.0, 3.843, 6.349, 8.808, 11.68, 14.722, 22.08, 26.848, 28.102, 29.512, 31.361, 33.54, 33.738, 35.41, 41.598, 45.838, 49.48, 52.329, 52.025, 49.979, 48.749, 48.222, 51.46, 56.907, 55.761, 54.885, 56.282, 56.87, 56.287, 56.041, 56.711, 57.098, 55.39, 53.58, 55.476, 56.813, 54.763, 52.406, 50.775, 50.077, 49.886, 50.286, 49.686, 48.386, 53.229, 53.105, 51.293, 51.354, 51.369, 49.943, 47.3, 45.644, 44.465, 44.013, 43.649, 43.817, 44.379, 44.273, 44.362, 45.112, 45.797, 45.434, 44.904, 46.145, 45.05, 47.522, 51.709, 52.618, 53.983, 43.229], [43.644, 43.515, 43.034, 41.724, 41.076, 41.174, 41.182, 40.902, 40.56, 39.987, 39.804, 41.213, 42.523, 42.45, 42.209, 42.926, 44.33, 44.776, 44.286, 43.853, 43.473, 41.473, 41.2, 42.098, 41.508, 41.747, 40.256, 38.185, 35.905, 29.916, 26.064, 22.726, 17.024, 13.752, 12.956, 11.514, 8.221, 3.843, 0.0, 3.226, 6.63, 10.25, 13.85, 21.691, 26.555, 27.758, 29.278, 31.382, 33.682, 33.94, 35.806, 42.011, 46.161, 49.728, 52.51, 52.208, 50.201, 48.998, 48.491, 51.638, 56.967, 55.847, 55.006, 56.389, 56.967, 56.405, 56.168, 56.824, 57.214, 55.557, 53.794, 55.669, 56.964, 54.943, 52.653, 51.069, 50.395, 50.196, 50.561, 49.983, 48.672, 53.374, 53.271, 51.521, 51.575, 51.586, 50.174, 47.583, 45.963, 44.813, 44.386, 44.037, 44.202, 44.751, 44.636, 44.705, 45.435, 46.105, 45.759, 45.249, 46.449, 45.409, 47.859, 51.937, 52.809, 54.131, 43.74], [43.896, 43.77, 43.298, 42.017, 41.386, 41.484, 41.497, 41.223, 40.894, 40.341, 40.126, 41.453, 42.705, 42.643, 42.407, 43.116, 44.511, 44.977, 44.544, 44.124, 43.748, 41.894, 41.745, 42.675, 42.1, 42.301, 40.821, 38.766, 36.562, 30.747, 26.855, 23.527, 17.976, 14.903, 14.152, 12.795, 9.905, 6.349, 3.226, 0.0, 4.326, 8.862, 12.765, 20.757, 25.734, 26.977, 28.656, 31.009, 33.387, 33.675, 35.725, 42.072, 46.253, 49.812, 52.564, 52.268, 50.289, 49.094, 48.61, 51.696, 56.953, 55.853, 55.017, 56.374, 56.937, 56.379, 56.146, 56.787, 57.171, 55.543, 53.81, 55.673, 56.931, 54.936, 52.689, 51.125, 50.463, 50.262, 50.609, 50.043, 48.727, 53.306, 53.204, 51.48, 51.527, 51.532, 50.134, 47.579, 45.98, 44.852, 44.443, 44.112, 44.277, 44.807, 44.683, 44.752, 45.475, 46.136, 45.806, 45.324, 46.502, 45.485, 47.937, 51.971, 52.83, 54.138, 43.992], [44.413, 44.295, 43.84, 42.608, 41.999, 42.095, 42.109, 41.842, 41.523, 41.018, 40.82, 42.027, 43.204, 43.156, 42.929, 43.624, 45.007, 45.474, 45.093, 44.781, 44.466, 42.672, 42.563, 43.494, 42.935, 43.098, 41.653, 39.673, 37.564, 31.894, 27.836, 24.515, 19.126, 16.183, 15.49, 14.222, 11.672, 8.808, 6.63, 4.326, 0.0, 5.818, 11.103, 19.244, 24.305, 25.56, 27.455, 30.316, 32.901, 33.286, 35.687, 42.286, 46.482, 50.048, 52.751, 52.47, 50.567, 49.411, 48.952, 51.934, 57.038, 55.977, 55.149, 56.441, 56.975, 56.428, 56.199, 56.806, 57.173, 55.574, 53.887, 55.716, 56.888, 54.967, 52.813, 51.285, 50.65, 50.458, 50.786, 50.25, 48.958, 53.377, 53.291, 51.614, 51.643, 51.636, 50.278, 47.792, 46.255, 45.182, 44.793, 44.502, 44.676, 45.166, 45.034, 45.107, 45.807, 46.445, 46.131, 45.675, 46.831, 45.845, 48.213, 52.148, 52.955, 54.203, 44.504], [44.988, 44.882, 44.451, 43.272, 42.68, 42.771, 42.788, 42.54, 42.23, 41.747, 41.574, 42.698, 43.832, 43.787, 43.564, 44.235, 45.625, 46.111, 45.745, 45.487, 45.239, 43.565, 43.48, 44.395, 43.85, 43.986, 42.574, 40.674, 38.657, 33.058, 28.871, 25.649, 20.583, 17.739, 17.064, 15.948, 13.826, 11.68, 10.25, 8.862, 5.818, 0.0, 7.764, 17.564, 22.959, 24.171, 26.288, 29.786, 32.864, 33.447, 36.173, 42.909, 46.998, 50.522, 53.179, 52.912, 51.079, 49.962, 49.51, 52.413, 57.369, 56.346, 55.568, 56.832, 57.357, 56.838, 56.616, 57.191, 57.55, 55.954, 54.285, 56.086, 57.21, 55.387, 53.279, 51.747, 51.138, 50.931, 51.186, 50.662, 49.322, 53.562, 53.475, 51.834, 51.871, 51.864, 50.532, 48.1, 46.624, 45.587, 45.206, 44.946, 45.127, 45.59, 45.472, 45.572, 46.267, 46.886, 46.578, 46.146, 47.287, 46.353, 48.697, 52.507, 53.27, 54.496, 45.077], [44.694, 44.57, 44.129, 42.913, 42.282, 42.363, 42.367, 42.069, 41.723, 41.221, 41.04, 42.314, 43.575, 43.514, 43.293, 43.981, 45.386, 45.871, 45.504, 45.208, 44.965, 43.603, 43.965, 44.895, 44.389, 44.671, 43.328, 41.405, 39.438, 33.948, 29.766, 26.886, 22.093, 19.232, 18.634, 17.668, 16.039, 14.722, 13.85, 12.765, 11.103, 7.764, 0.0, 12.284, 19.039, 20.394, 22.926, 27.463, 31.465, 32.403, 35.634, 42.715, 46.79, 50.326, 53.01, 52.773, 50.961, 49.832, 49.397, 52.405, 57.453, 56.448, 55.617, 56.847, 57.391, 56.859, 56.615, 57.2, 57.551, 55.88, 54.154, 55.96, 57.112, 55.28, 53.102, 51.488, 50.854, 50.586, 50.757, 50.199, 48.821, 53.138, 53.039, 51.367, 51.419, 51.419, 50.053, 47.587, 46.119, 45.09, 44.685, 44.408, 44.587, 45.069, 44.984, 45.148, 45.912, 46.552, 46.237, 45.873, 47.048, 46.086, 48.543, 52.392, 53.174, 54.465, 44.797], [45.371, 45.22, 44.778, 43.575, 42.904, 42.962, 42.947, 42.583, 42.17, 41.75, 41.722, 42.935, 44.163, 44.08, 43.859, 44.578, 45.951, 46.397, 46.111, 45.941, 45.807, 44.841, 45.508, 46.36, 45.955, 46.467, 45.45, 43.735, 42.008, 37.455, 33.546, 31.241, 27.274, 24.813, 24.4, 23.646, 22.635, 22.08, 21.691, 20.757, 19.244, 17.564, 12.284, 0.0, 9.201, 11.692, 15.444, 23.045, 28.477, 29.932, 34.487, 42.361, 46.486, 50.15, 52.789, 52.607, 50.986, 49.971, 49.587, 52.398, 57.158, 56.233, 55.289, 56.329, 56.849, 56.322, 56.073, 56.625, 56.947, 55.282, 53.592, 55.304, 56.398, 54.722, 52.694, 51.109, 50.501, 50.198, 50.285, 49.733, 48.532, 52.889, 52.854, 51.226, 51.228, 51.219, 49.924, 47.612, 46.275, 45.36, 44.925, 44.631, 44.82, 45.271, 45.242, 45.49, 46.272, 46.884, 46.596, 46.323, 47.449, 46.54, 48.813, 52.482, 53.202, 54.437, 45.474], [46.679, 46.527, 46.101, 44.976, 44.343, 44.39, 44.367, 44.026, 43.629, 43.273, 43.346, 44.293, 45.321, 45.219, 44.996, 45.731, 47.088, 47.52, 47.325, 47.289, 47.215, 46.353, 46.898, 47.591, 47.28, 47.878, 47.049, 45.555, 44.042, 40.173, 36.677, 34.655, 31.231, 29.045, 28.664, 28.021, 27.231, 26.848, 26.555, 25.734, 24.305, 22.959, 19.039, 9.201, 0.0, 5.875, 12.506, 21.58, 27.362, 29.388, 34.646, 42.658, 46.873, 50.669, 53.251, 53.113, 51.651, 50.756, 50.373, 52.889, 57.283, 56.427, 55.471, 56.407, 56.923, 56.459, 56.248, 56.756, 57.05, 55.477, 53.887, 55.483, 56.495, 54.971, 53.066, 51.534, 50.964, 50.618, 50.63, 50.088, 48.907, 53.015, 53.02, 51.504, 51.473, 51.436, 50.26, 48.137, 46.907, 46.07, 45.649, 45.388, 45.586, 45.961, 45.957, 46.242, 46.991, 47.555, 47.319, 47.152, 48.217, 47.431, 49.464, 52.823, 53.445, 54.623, 46.76], [47.485, 47.335, 46.921, 45.83, 45.201, 45.239, 45.204, 44.846, 44.448, 44.085, 44.175, 45.068, 46.029, 45.914, 45.71, 46.438, 47.777, 48.208, 48.051, 48.067, 47.992, 47.121, 47.577, 48.269, 48.004, 48.608, 47.817, 46.393, 44.97, 41.165, 37.574, 35.686, 32.447, 30.216, 29.866, 29.306, 28.54, 28.102, 27.758, 26.977, 25.56, 24.171, 20.394, 11.692, 5.875, 0.0, 9.896, 20.855, 26.937, 29.297, 35.116, 43.248, 47.341, 51.048, 53.59, 53.48, 52.09, 51.242, 50.885, 53.334, 57.581, 56.753, 55.811, 56.703, 57.211, 56.784, 56.588, 57.069, 57.365, 55.844, 54.291, 55.842, 56.819, 55.342, 53.548, 52.086, 51.526, 51.168, 51.128, 50.593, 49.433, 53.404, 53.387, 51.94, 51.919, 51.874, 50.717, 48.655, 47.498, 46.699, 46.291, 46.05, 46.238, 46.622, 46.628, 46.872, 47.583, 48.127, 47.886, 47.751, 48.799, 48.081, 50.071, 53.334, 53.958, 55.082, 47.562], [47.216, 47.055, 46.629, 45.467, 44.753, 44.771, 44.732, 44.322, 43.88, 43.503, 43.684, 44.855, 45.915, 45.762, 45.597, 46.384, 47.813, 48.295, 48.137, 48.162, 48.083, 47.142, 47.678, 48.48, 48.156, 48.734, 48.031, 46.599, 45.167, 41.739, 38.247, 36.376, 33.41, 31.179, 30.899, 30.482, 29.83, 29.512, 29.278, 28.656, 27.455, 26.288, 22.926, 15.444, 12.506, 9.896, 0.0, 14.424, 23.321, 26.192, 32.265, 41.819, 46.391, 50.373, 53.147, 53.029, 51.648, 50.798, 50.422, 52.881, 57.239, 56.422, 55.552, 56.547, 57.072, 56.62, 56.422, 56.977, 57.35, 55.809, 54.242, 55.856, 56.88, 55.375, 53.67, 52.254, 51.693, 51.364, 51.354, 50.829, 49.861, 54.16, 54.124, 52.542, 52.462, 52.452, 51.155, 48.919, 47.758, 46.889, 46.429, 46.127, 46.27, 46.675, 46.644, 46.823, 47.515, 48.052, 47.768, 47.588, 48.661, 47.962, 50.169, 53.562, 54.249, 55.362, 47.31], [46.038, 45.89, 45.464, 44.188, 43.368, 43.376, 43.343, 42.912, 42.483, 42.056, 42.24, 43.798, 45.007, 44.746, 44.57, 45.441, 47.003, 47.518, 47.346, 47.367, 47.242, 46.162, 46.996, 47.953, 47.557, 48.189, 47.455, 45.949, 44.364, 41.244, 38.644, 37.019, 34.274, 32.179, 31.919, 31.66, 31.307, 31.361, 31.382, 31.009, 30.316, 29.786, 27.463, 23.045, 21.58, 20.855, 14.424, 0.0, 14.277, 20.541, 25.807, 37.011, 43.117, 47.914, 51.25, 51.122, 49.626, 48.685, 48.298, 51.146, 56.