[[0.0, 10.495, 26.592, 36.741, 38.062, 38.696, 40.66, 41.095, 42.048, 44.052, 44.844, 46.715, 51.531, 55.349, 55.81, 56.148, 55.995, 56.004, 55.978, 55.475, 55.307, 55.488, 55.63, 55.238, 54.895, 54.818, 54.788, 54.712, 54.284, 53.139, 52.997, 53.35, 52.717, 52.241, 53.448, 53.959, 54.281, 54.648, 54.553, 54.619, 54.526, 54.038, 54.068, 53.687, 53.713, 55.771, 56.092, 55.665, 55.917, 56.042, 56.278, 11.225], [10.495, 0.0, 18.695, 31.263, 33.461, 34.242, 36.355, 36.794, 37.925, 40.507, 41.446, 43.66, 49.388, 53.847, 54.501, 54.854, 54.734, 54.834, 54.91, 54.428, 54.262, 54.612, 54.892, 54.497, 54.241, 54.25, 54.253, 54.275, 53.79, 52.412, 52.303, 53.07, 52.316, 51.704, 53.1, 53.668, 54.01, 54.429, 54.322, 54.38, 54.293, 53.722, 53.661, 53.275, 53.267, 55.348, 55.678, 55.203, 55.548, 55.728, 56.01, 17.366], [26.592, 18.695, 0.0, 16.932, 22.342, 24.399, 26.97, 28.214, 30.997, 35.157, 36.453, 39.65, 47.169, 52.389, 53.224, 53.586, 53.529, 53.753, 53.966, 53.44, 53.165, 53.663, 53.96, 53.398, 53.243, 53.405, 53.51, 53.671, 53.052, 51.114, 51.215, 53.138, 52.354, 51.528, 53.144, 53.815, 54.26, 54.82, 54.7, 54.692, 54.609, 54.033, 53.872, 53.465, 53.522, 55.754, 56.062, 55.503, 56.053, 56.327, 56.663, 30.538], [36.741, 31.263, 16.932, 0.0, 10.518, 16.015, 19.17, 22.163, 28.074, 33.486, 34.903, 38.62, 46.568, 51.652, 52.424, 52.757, 52.699, 52.92, 53.144, 52.625, 52.3, 52.867, 53.216, 52.611, 52.507, 52.718, 52.843, 53.019, 52.498, 50.433, 50.707, 53.188, 52.578, 51.759, 53.244, 53.883, 54.375, 55.009, 54.894, 54.807, 54.714, 54.276, 54.159, 53.673, 53.806, 56.234, 56.563, 55.947, 56.534, 56.783, 57.041, 39.431], [38.062, 33.461, 22.342, 10.518, 0.0, 8.378, 13.983, 18.249, 25.442, 31.582, 33.125, 37.027, 45.257, 50.465, 51.198, 51.545, 51.433, 51.593, 51.767, 51.232, 50.918, 51.57, 52.065, 51.517, 51.456, 51.751, 51.897, 52.081, 51.591, 49.389, 49.601, 52.223, 51.602, 50.726, 52.223, 52.886, 53.405, 54.097, 53.97, 53.876, 53.817, 53.44, 53.349, 52.849, 53.176, 55.794, 56.106, 55.388, 55.878, 56.073, 56.324, 40.516], [38.696, 34.242, 24.399, 16.015, 8.378, 0.0, 8.92, 15.086, 22.653, 29.25, 30.968, 35.068, 43.775, 49.339, 50.181, 50.583, 50.512, 50.697, 50.878, 50.359, 50.066, 50.766, 51.36, 50.873, 50.875, 51.261, 51.474, 51.751, 51.266, 48.96, 49.213, 51.829, 51.099, 50.239, 51.835, 52.542, 53.101, 53.792, 53.603, 53.502, 53.474, 53.074, 52.927, 52.458, 52.896, 55.501, 55.697, 54.902, 55.376, 55.558, 55.821, 41.009], [40.66, 36.355, 26.97, 19.17, 13.983, 8.92, 0.0, 9.591, 20.207, 26.92, 28.313, 32.81, 42.111, 48.059, 49.008, 49.448, 49.389, 49.64, 49.869, 49.321, 48.978, 49.719, 50.423, 49.953, 50.032, 50.535, 50.838, 51.327, 51.047, 48.415, 48.495, 51.557, 50.846, 49.771, 51.349, 52.088, 52.736, 53.552, 53.397, 53.259, 53.228, 52.854, 52.698, 52.241, 52.915, 55.665, 55.754, 54.857, 55.382, 55.531, 55.799, 42.614], [41.095, 36.794, 28.214, 22.163, 18.249, 15.086, 9.591, 0.0, 14.589, 23.812, 25.019, 29.336, 39.588, 46.458, 47.7, 48.218, 48.145, 48.379, 48.69, 48.152, 47.714, 48.484, 49.337, 48.944, 49.122, 49.67, 49.973, 50.628, 50.535, 47.811, 47.6, 50.756, 50.122, 49.098, 50.761, 51.524, 52.198, 53.077, 52.973, 52.862, 52.82, 52.354, 52.142, 51.728, 52.364, 54.999, 55.165, 54.366, 54.831, 55.002, 55.381, 42.938], [42.048, 37.925, 30.997, 28.074, 25.442, 22.653, 20.207, 14.589, 0.0, 14.315, 17.753, 20.931, 33.004, 42.484, 44.535, 45.31, 45.435, 45.684, 46.168, 45.799, 45.278, 46.188, 47.377, 47.275, 47.685, 48.226, 48.382, 49.075, 49.003, 46.734, 46.659, 49.073, 48.372, 47.877, 50.013, 50.934, 51.582, 52.309, 52.153, 52.078, 51.989, 51.209, 50.717, 50.36, 50.642, 52.759, 53.01, 52.469, 52.764, 52.97, 53.601, 43.832], [44.052, 40.507, 35.157, 33.486, 31.582, 29.25, 26.92, 23.812, 14.315, 0.0, 7.347, 12.097, 25.616, 37.178, 39.622, 40.486, 40.763, 41.163, 41.782, 41.539, 41.011, 42.172, 43.776, 43.836, 44.38, 45.011, 45.26, 46.228, 46.095, 43.696, 44.46, 47.262, 46.445, 45.98, 48.487, 49.657, 50.344, 51.024, 50.768, 50.572, 50.421, 49.533, 48.874, 48.458, 48.827, 51.133, 51.424, 50.862, 51.131, 51.344, 52.09, 45.499], [44.844, 41.446, 36.453, 34.903, 33.125, 30.968, 28.313, 25.019, 17.753, 7.347, 0.0, 9.841, 24.813, 36.354, 38.675, 39.419, 39.564, 40.013, 40.645, 40.374, 39.905, 41.053, 42.641, 42.615, 43.104, 43.755, 44.101, 45.375, 45.521, 42.647, 43.502, 47.253, 46.56, 45.795, 48.206, 49.391, 50.141, 50.929, 50.681, 50.422, 50.261, 49.463, 48.874, 48.446, 49.056, 51.692, 52.015, 51.359, 51.689, 51.882, 52.594, 46.03], [46.715, 43.66, 39.65, 38.62, 37.027, 35.068, 32.81, 29.336, 20.931, 12.097, 9.841, 0.0, 17.781, 31.808, 34.843, 35.663, 35.952, 36.449, 37.223, 37.177, 36.818, 38.236, 40.276, 40.67, 41.461, 42.202, 42.485, 43.786, 44.257, 42.348, 43.45, 46.544, 46.145, 45.981, 48.359, 49.415, 50.086, 50.795, 50.552, 50.303, 50.114, 49.268, 48.598, 48.205, 48.546, 50.666, 50.999, 50.518, 50.667, 50.774, 51.542, 47.708], [51.531, 49.388, 47.169, 46.568, 45.257, 43.775, 42.111, 39.588, 33.004, 25.616, 24.813, 17.781, 0.0, 18.127, 23.267, 24.398, 25.325, 26.081, 27.141, 27.727, 27.899, 30.526, 33.842, 35.289, 36.755, 37.642, 37.915, 39.265, 40.228, 41.062, 44.129, 45.708, 45.669, 47.05, 49.444, 50.249, 50.71, 51.204, 50.94, 50.655, 50.424, 49.586, 48.86, 48.516, 48.391, 49.378, 49.529, 49.385, 49.28, 49.194, 49.913, 52.14], [55.349, 53.847, 52.389, 51.652, 50.465, 49.339, 48.059, 46.458, 42.484, 37.178, 36.354, 31.808, 18.127, 0.0, 8.72, 11.629, 13.863, 15.572, 17.061, 18.469, 20.048, 24.1, 28.303, 30.851, 32.79, 33.763, 34.536, 36.162, 38.001, 41.409, 46.229, 47.474, 47.738, 50.105, 52.307, 52.817, 53.116, 53.553, 53.357, 53.05, 52.798, 52.018, 51.27, 50.951, 50.492, 50.553, 50.336, 50.442, 50.44, 50.263, 50.735, 55.623], [55.81, 54.501, 53.224, 52.424, 51.198, 50.181, 49.008, 47.7, 44.535, 39.622, 38.675, 34.843, 23.267, 8.72, 0.0, 5.497, 9.512, 11.986, 13.697, 15.127, 17.207, 21.478, 25.707, 28.62, 30.57, 31.679, 33.095, 34.961, 36.936, 40.697, 45.803, 47.383, 47.862, 50.165, 52.309, 52.849, 53.171, 53.679, 53.515, 53.139, 52.863, 52.161, 51.457, 51.161, 50.759, 50.841, 50.592, 50.626, 50.671, 50.454, 50.823, 55.962], [56.148, 54.854, 53.586, 52.757, 51.545, 50.583, 49.448, 48.218, 45.31, 40.486, 39.419, 35.663, 24.398, 11.629, 5.497, 0.0, 5.883, 9.461, 11.66, 13.374, 15.974, 20.608, 24.915, 27.94, 29.957, 31.142, 32.678, 34.601, 36.532, 40.377, 45.731, 47.414, 47.959, 50.249, 52.361, 52.911, 53.272, 53.824, 53.667, 53.263, 52.971, 52.331, 51.682, 51.406, 51.072, 51.304, 51.131, 51.137, 51.204, 51.027, 51.389, 56.281], [55.995, 54.734, 53.529, 52.699, 51.433, 50.512, 49.389, 48.145, 45.435, 40.763, 39.564, 35.952, 25.325, 13.863, 9.512, 5.883, 0.0, 4.928, 8.199, 10.313, 13.808, 18.844, 23.29, 26.455, 28.689, 30.051, 31.562, 33.608, 35.754, 39.326, 44.711, 46.812, 47.415, 49.589, 51.749, 52.351, 52.758, 53.428, 53.355, 52.973, 52.684, 52.06, 51.413, 51.116, 50.894, 51.419, 51.341, 51.318, 51.418, 51.245, 51.614, 56.085], [56.004, 54.834, 53.753, 52.92, 51.593, 50.697, 49.64, 48.379, 45.684, 41.163, 40.013, 36.449, 26.081, 15.572, 11.986, 9.461, 4.928, 0.0, 4.607, 7.584, 11.806, 17.275, 21.976, 25.423, 27.957, 29.44, 30.802, 32.778, 35.076, 38.693, 44.021, 46.25, 47.005, 49.226, 51.461, 52.117, 52.523, 53.242, 53.251, 52.916, 52.661, 52.059, 51.396, 51.085, 50.876, 51.391, 51.301, 51.298, 51.397, 51.202, 51.594, 56.073], [55.978, 54.91, 53.966, 53.144, 51.767, 50.878, 49.869, 48.69, 46.168, 41.782, 40.645, 37.223, 27.141, 17.061, 13.697, 11.66, 8.199, 4.607, 0.0, 4.514, 10.318, 15.728, 20.527, 24.403, 27.215, 28.796, 30.106, 32.083, 34.591, 38.427, 43.769, 45.92, 46.77, 49.059, 51.294, 51.95, 52.358, 53.088, 53.115, 52.8, 52.565, 51.994, 51.349, 51.023, 50.819, 51.269, 51.084, 51.033, 51.134, 50.926, 51.306, 56.017], [55.475, 54.428, 53.44, 52.625, 51.232, 50.359, 49.321, 48.152, 45.799, 41.539, 40.374, 37.177, 27.727, 18.469, 15.127, 13.374, 10.313, 7.584, 4.514, 0.0, 7.254, 12.992, 17.909, 21.927, 24.878, 26.669, 28.219, 30.446, 33.242, 36.944, 42.296, 44.841, 45.776, 47.982, 50.28, 50.995, 51.472, 52.286, 52.307, 51.949, 51.736, 51.254, 50.661, 50.291, 50.27, 51.014, 50.815, 50.633, 50.757, 50.533, 50.893, 55.432], [55.307, 54.262, 53.165, 52.3, 50.918, 50.066, 48.978, 47.714, 45.278, 41.011, 39.905, 36.818, 27.899, 20.048, 17.207, 15.974, 13.808, 11.806, 10.318, 7.254, 0.0, 7.838, 14.41, 18.457, 21.416, 23.425, 25.286, 27.77, 30.864, 34.488, 39.824, 42.79, 43.958, 46.333, 48.815, 49.642, 50.212, 51.109, 51.134, 50.724, 50.509, 50.146, 49.641, 49.214, 49.269, 50.271, 50.127, 49.89, 49.987, 49.731, 50.105, 55.162], [55.488, 54.612, 53.663, 52.867, 51.57, 50.766, 49.719, 48.484, 46.188, 42.172, 41.053, 38.236, 30.526, 24.1, 21.478, 20.608, 18.844, 17.275, 15.728, 12.992, 7.838, 0.0, 8.939, 14.782, 18.015, 20.222, 22.637, 25.62, 29.364, 32.944, 38.096, 41.405, 42.777, 45.246, 47.862, 48.763, 49.406, 50.359, 50.425, 50.017, 49.764, 49.44, 49.064, 48.686, 48.79, 49.971, 49.855, 49.55, 49.658, 49.384, 49.738, 55.143], [55.63, 54.892, 53.96, 53.216, 52.065, 51.36, 50.423, 49.337, 47.377, 43.776, 42.641, 40.276, 33.842, 28.303, 25.707, 24.915, 23.29, 21.976, 20.527, 17.909, 14.41, 8.939, 0.0, 8.78, 13.63, 16.351, 19.438, 22.971, 27.365, 31.219, 36.706, 40.515, 42.019, 44.554, 47.348, 48.307, 48.996, 49.99, 50.111, 49.702, 49.439, 49.146, 48.843, 48.621, 48.973, 50.332, 50.153, 49.775, 50.022, 49.8, 50.132, 55.135], [55.238, 54.497, 53.398, 52.611, 51.517, 50.873, 49.953, 48.944, 47.275, 43.836, 42.615, 40.67, 35.289, 30.851, 28.62, 27.94, 26.455, 25.423, 24.403, 21.927, 18.457, 14.782, 8.78, 0.0, 7.056, 11.885, 15.845, 19.406, 24.109, 27.713, 33.635, 38.448, 40.042, 42.577, 45.708, 46.818, 47.571, 48.643, 48.788, 48.341, 48.109, 47.939, 47.677, 47.517, 48.397, 50.335, 50.227, 49.744, 50.085, 49.927, 50.292, 54.649], [54.895, 54.241, 53.243, 52.507, 51.456, 50.875, 50.032, 49.122, 47.685, 44.38, 43.104, 41.461, 36.755, 32.79, 30.57, 29.957, 28.689, 27.957, 27.215, 24.878, 21.416, 18.015, 13.63, 7.056, 0.0, 7.327, 13.338, 17.164, 21.756, 25.299, 31.619, 37.03, 38.806, 41.405, 44.661, 45.83, 46.615, 47.704, 47.828, 47.351, 47.115, 47.054, 46.895, 46.686, 47.733, 50.167, 50.251, 49.694, 50.069, 49.995, 50.346, 54.267], [54.818, 54.25, 53.405, 52.718, 51.751, 51.261, 50.535, 49.67, 48.226, 45.011, 43.755, 42.202, 37.642, 33.763, 31.679, 31.142, 30.051, 29.44, 28.796, 26.669, 23.425, 20.222, 16.351, 11.885, 7.327, 0.0, 8.171, 13.602, 18.696, 23.205, 30.24, 35.619, 37.7, 40.684, 44.035, 45.256, 46.033, 47.04, 47.116, 46.637, 46.366, 46.3, 46.182, 46.016, 46.9, 49.379, 49.674, 49.222, 49.596, 49.589, 49.927, 54.231], [54.788, 54.253, 53.51, 52.843, 51.897, 51.474, 50.838, 49.973, 48.382, 45.26, 44.101, 42.485, 37.915, 34.536, 33.095, 32.678, 31.562, 30.802, 30.106, 28.219, 25.286, 22.637, 19.438, 15.845, 13.338, 8.171, 0.0, 7.9, 15.728, 21.685, 29.144, 34.3, 36.688, 40.18, 43.657, 44.888, 45.615, 46.547, 46.607, 46.163, 45.882, 45.775, 45.604, 45.501, 46.243, 48.519, 48.872, 48.6, 48.948, 48.924, 49.296, 54.242], [54.712, 54.275, 53.671, 53.019, 52.081, 51.751, 51.327, 50.628, 49.075, 46.228, 45.375, 43.786, 39.265, 36.162, 34.961, 34.601, 33.608, 32.778, 32.083, 30.446, 27.77, 25.62, 22.971, 19.406, 17.164, 13.602, 7.9, 0.0, 11.352, 20.349, 28.421, 32.945, 35.578, 39.767, 43.512, 44.731, 45.375, 46.187, 46.21, 45.786, 45.518, 45.401, 45.204, 45.175, 45.866, 47.971, 48.317, 48.163, 48.521, 48.514, 48.891, 54.186], [54.284, 53.79, 53.052, 52.498, 51.591, 51.266, 51.047, 50.535, 49.003, 46.095, 45.521, 44.257, 40.228, 38.001, 36.936, 36.532, 35.754, 35.076, 34.591, 33.242, 30.864, 29.364, 27.365, 24.109, 21.756, 18.696, 15.728, 11.352, 0.0, 15.06, 26.256, 30.003, 32.438, 37.577, 41.98, 43.446, 44.094, 44.687, 44.51, 44.031, 43.722, 43.559, 43.327, 43.352, 44.002, 46.237, 46.77, 46.687, 47.159, 47.481, 47.996, 53.873], [53.139, 52.412, 51.114, 50.433, 49.389, 48.96, 48.415, 47.811, 46.734, 43.696, 42.647, 42.348, 41.062, 41.409, 40.697, 40.377, 39.326, 38.693, 38.427, 36.944, 34.488, 32.944, 31.219, 27.713, 25.299, 23.205, 21.685, 20.349, 15.06, 0.0, 16.657, 27.465, 29.127, 32.094, 37.286, 39.469, 40.477, 41.541, 41.569, 41.136, 40.943, 40.984, 40.911, 40.883, 42.808, 46.887, 47.737, 47.267, 47.887, 48.289, 49.009, 52.398], [52.997, 52.303, 51.215, 50.707, 49.601, 49.213, 48.495, 47.6, 46.659, 44.46, 43.502, 43.45, 44.129, 46.229, 45.803, 45.731, 44.711, 44.021, 43.769, 42.296, 39.824, 38.096, 36.706, 33.635, 31.619, 30.24, 29.144, 28.421, 26.256, 16.657, 0.0, 20.344, 23.83, 24.607, 30.229, 33.066, 34.304, 35.839, 36.547, 36.568, 36.691, 37.197, 37.545, 37.724, 41.031, 46.423, 47.548, 46.987, 47.724, 48.097, 48.918, 52.034], [53.35, 53.07, 53.138, 53.188, 52.223, 51.829, 51.557, 50.756, 49.073, 47.262, 47.253, 46.544, 45.708, 47.474, 47.383, 47.414, 46.812, 46.25, 45.92, 44.841, 42.79, 41.405, 40.515, 38.448, 37.03, 35.619, 34.3, 32.945, 30.003, 27.465, 20.344, 0.0, 10.24, 18.146, 23.912, 26.495, 27.046, 27.387, 28.138, 28.687, 28.901, 29.4, 30.111, 30.988, 34.422, 39.572, 41.06, 41.171, 41.946, 42.756, 43.627, 52.942], [52.717, 52.316, 52.354, 52.578, 51.602, 51.099, 50.846, 50.122, 48.372, 46.445, 46.56, 46.145, 45.669, 47.738, 47.862, 47.959, 47.415, 47.005, 46.77, 45.776, 43.958, 42.777, 42.019, 40.042, 38.806, 37.7, 36.688, 35.578, 32.438, 29.127, 23.83, 10.24, 0.0, 13.0, 21.46, 24.842, 25.503, 25.823, 26.456, 27.082, 27.295, 27.314, 27.932, 29.133, 33.296, 39.12, 40.692, 40.751, 41.565, 42.447, 43.421, 52.477], [52.241, 51.704, 51.528, 51.759, 50.726, 50.239, 49.771, 49.098, 47.877, 45.98, 45.795, 45.981, 47.05, 50.105, 50.165, 50.249, 49.589, 49.226, 49.059, 47.982, 46.333, 45.246, 44.554, 42.577, 41.405, 40.684, 40.18, 39.767, 37.577, 32.094, 24.607, 18.146, 13.0, 0.0, 12.692, 18.571, 20.189, 21.758, 22.961, 23.66, 24.309, 24.977, 26.379, 27.89, 34.068, 41.613, 43.211, 42.676, 43.48, 44.077, 44.973, 51.808], [53.448, 53.1, 53.144, 53.244, 52.223, 51.835, 51.349, 50.761, 50.013, 48.487, 48.206, 48.359, 49.444, 52.307, 52.309, 52.361, 51.749, 51.461, 51.294, 50.28, 48.815, 47.862, 47.348, 45.708, 44.661, 44.035, 43.657, 43.512, 41.98, 37.286, 30.229, 23.912, 21.46, 12.692, 0.0, 7.991, 11.17, 14.446, 16.728, 18.023, 19.314, 21.411, 24.46, 26.494, 33.682, 41.763, 43.371, 42.745, 43.532, 44.088, 44.821, 53.01], [53.959, 53.668, 53.815, 53.883, 52.886, 52.542, 52.088, 51.524, 50.934, 49.657, 49.391, 49.415, 50.249, 52.817, 52.849, 52.911, 52.351, 52.117, 51.95, 50.995, 49.642, 48.763, 48.307, 46.818, 45.83, 45.256, 44.888, 44.731, 43.446, 39.469, 33.066, 26.495, 24.842, 18.571, 7.991, 0.0, 5.216, 10.895, 14.259, 16.235, 17.875, 20.677, 24.499, 26.782, 33.936, 41.747, 43.273, 42.73, 43.516, 44.06, 44.708, 53.616], [54.281, 54.01, 54.26, 54.375, 53.405, 53.101, 52.736, 52.198, 51.582, 50.344, 50.141, 50.086, 50.71, 53.116, 53.171, 53.272, 52.758, 52.523, 52.358, 51.472, 50.212, 49.406, 48.996, 47.571, 46.615, 46.033, 45.615, 45.375, 44.094, 40.477, 34.304, 27.046, 25.503, 20.189, 11.17, 5.216, 0.0, 7.352, 12.281, 15.086, 17.05, 20.209, 24.231, 26.666, 33.746, 41.402, 42.976, 42.531, 43.309, 43.863, 44.49, 54.009], [54.648, 54.429, 54.82, 55.009, 54.097, 53.792, 53.552, 53.077, 52.309, 51.024, 50.929, 50.795, 51.204, 53.553, 53.679, 53.824, 53.428, 53.242, 53.088, 52.286, 51.109, 50.359, 49.99, 48.643, 47.704, 47.04, 46.547, 46.187, 44.687, 41.541, 35.839, 27.387, 25.823, 21.758, 14.446, 10.895, 7.352, 0.0, 7.318, 12.227, 14.822, 18.402, 22.752, 25.523, 32.493, 40.081, 41.78, 41.439, 42.247, 42.935, 43.57, 54.471], [54.553, 54.322, 54.7, 54.894, 53.97, 53.603, 53.397, 52.973, 52.153, 50.768, 50.681, 50.552, 50.94, 53.357, 53.515, 53.667, 53.355, 53.251, 53.115, 52.307, 51.134, 50.425, 50.111, 48.788, 47.828, 47.116, 46.607, 46.21, 44.51, 41.569, 36.547, 28.138, 26.456, 22.961, 16.728, 14.259, 12.281, 7.318, 0.0, 6.822, 10.479, 14.877, 20.118, 23.227, 30.599, 38.595, 40.399, 40.017, 40.85, 41.653, 42.286, 54.439], [54.619, 54.38, 54.692, 54.807, 53.876, 53.502, 53.259, 52.862, 52.078, 50.572, 50.422, 50.303, 50.655, 53.05, 53.139, 53.263, 52.973, 52.916, 52.8, 51.949, 50.724, 50.017, 49.702, 48.341, 47.351, 46.637, 46.163, 45.786, 44.031, 41.136, 36.568, 28.687, 27.082, 23.66, 18.023, 16.235, 15.086, 12.227, 6.822, 0.0, 5.179, 11.838, 17.959, 20.949, 29.092, 37.773, 39.716, 39.242, 40.102, 40.96, 41.563, 54.476], [54.526, 54.293, 54.609, 54.714, 53.817, 53.474, 53.228, 52.82, 51.989, 50.421, 50.261, 50.114, 50.424, 52.798, 52.863, 52.971, 52.684, 52.661, 52.565, 51.736, 50.509, 49.764, 49.439, 48.109, 47.115, 46.366, 45.882, 45.518, 43.722, 40.943, 36.691, 28.901, 27.295, 24.309, 19.314, 17.875, 17.05, 14.822, 10.479, 5.179, 0.0, 8.684, 15.849, 18.798, 27.014, 36.092, 38.269, 37.865, 38.784, 39.771, 40.416, 54.391], [54.038, 53.722, 54.033, 54.276, 53.44, 53.074, 52.854, 52.354, 51.209, 49.533, 49.463, 49.268, 49.586, 52.018, 52.161, 52.331, 52.06, 52.059, 51.994, 51.254, 50.146, 49.44, 49.146, 47.939, 47.054, 46.3, 45.775, 45.401, 43.559, 40.984, 37.197, 29.4, 27.314, 24.977, 21.411, 20.677, 20.209, 18.402, 14.877, 11.838, 8.684, 0.0, 9.295, 14.285, 22.52, 31.857, 34.622, 34.649, 35.706, 37.023, 37.919, 53.971], [54.068, 53.661, 53.872, 54.159, 53.349, 52.927, 52.698, 52.142, 50.717, 48.874, 48.874, 48.598, 48.86, 51.27, 51.457, 51.682, 51.413, 51.396, 51.349, 50.661, 49.641, 49.064, 48.843, 47.677, 46.895, 46.182, 45.604, 45.204, 43.327, 40.911, 37.545, 30.111, 27.932, 26.379, 24.46, 24.499, 24.231, 22.752, 20.118, 17.959, 15.849, 9.295, 0.0, 8.855, 18.928, 28.428, 31.374, 31.606, 32.924, 34.621, 35.728, 54.011], [53.687, 53.275, 53.465, 53.673, 52.849, 52.458, 52.241, 51.728, 50.36, 48.458, 48.446, 48.205, 48.516, 50.951, 51.161, 51.406, 51.116, 51.085, 51.023, 50.291, 49.214, 48.686, 48.621, 47.517, 46.686, 46.016, 45.501, 45.175, 43.352, 40.883, 37.724, 30.988, 29.133, 27.89, 26.494, 26.782, 26.666, 25.523, 23.227, 20.949, 18.798, 14.285, 8.855, 0.0, 14.247, 25.937, 28.954, 28.879, 30.381, 32.356, 33.521, 53.647], [53.713, 53.267, 53.522, 53.806, 53.176, 52.896, 52.915, 52.364, 50.642, 48.827, 49.056, 48.546, 48.391, 50.492, 50.759, 51.072, 50.894, 50.876, 50.819, 50.27, 49.269, 48.79, 48.973, 48.397, 47.733, 46.9, 46.243, 45.866, 44.002, 42.808, 41.031, 34.422, 33.296, 34.068, 33.682, 33.936, 33.746, 32.493, 30.599, 29.092, 27.014, 22.52, 18.928, 14.247, 0.0, 14.851, 20.531, 21.431, 22.77, 25.634, 27.211, 53.907], [55.771, 55.348, 55.754, 56.234, 55.794, 55.501, 55.665, 54.999, 52.759, 51.133, 51.692, 50.666, 49.378, 50.553, 50.841, 51.304, 51.419, 51.391, 51.269, 51.014, 50.271, 49.971, 50.332, 50.335, 50.167, 49.379, 48.519, 47.971, 46.237, 46.887, 46.423, 39.572, 39.12, 41.613, 41.763, 41.747, 41.402, 40.081, 38.595, 37.773, 36.092, 31.857, 28.428, 25.937, 14.851, 0.0, 9.866, 14.272, 15.411, 19.154, 21.492, 56.184], [56.092, 55.678, 56.062, 56.563, 56.106, 55.697, 55.754, 55.165, 53.01, 51.424, 52.015, 50.999, 49.529, 50.336, 50.592, 51.131, 51.341, 51.301, 51.084, 50.815, 50.127, 49.855, 50.153, 50.227, 50.251, 49.674, 48.872, 48.317, 46.77, 47.737, 47.548, 41.06, 40.692, 43.211, 43.371, 43.273, 42.976, 41.78, 40.399, 39.716, 38.269, 34.622, 31.374, 28.954, 20.531, 9.866, 0.0, 7.432, 10.707, 14.792, 17.354, 56.521], [55.665, 55.203, 55.503, 55.947, 55.388, 54.902, 54.857, 54.366, 52.469, 50.862, 51.359, 50.518, 49.385, 50.442, 50.626, 51.137, 51.318, 51.298, 51.033, 50.633, 49.89, 49.55, 49.775, 49.744, 49.694, 49.222, 48.6, 48.163, 46.687, 47.267, 46.987, 41.171, 40.751, 42.676, 42.745, 42.73, 42.531, 41.439, 40.017, 39.242, 37.865, 34.649, 31.606, 28.879, 21.431, 14.272, 7.432, 0.0, 6.595, 11.666, 14.016, 56.037], [55.917, 55.548, 56.053, 56.534, 55.878, 55.376, 55.382, 54.831, 52.764, 51.131, 51.689, 50.667, 49.28, 50.44, 50.671, 51.204, 51.418, 51.397, 51.134, 50.757, 49.987, 49.658, 50.022, 50.085, 50.069, 49.596, 48.948, 48.521, 47.159, 47.887, 47.724, 41.946, 41.565, 43.48, 43.532, 43.516, 43.309, 42.247, 40.85, 40.102, 38.784, 35.706, 32.924, 30.381, 22.77, 15.411, 10.707, 6.595, 0.0, 7.061, 10.459, 56.257], [56.042, 55.728, 56.327, 56.783, 56.073, 55.558, 55.531, 55.002, 52.97, 51.344, 51.882, 50.774, 49.194, 50.263, 50.454, 51.027, 51.245, 51.202, 50.926, 50.533, 49.731, 49.384, 49.8, 49.927, 49.995, 49.589, 48.924, 48.514, 47.481, 48.289, 48.097, 42.756, 42.447, 44.077, 44.088, 44.06, 43.863, 42.935, 41.653, 40.96, 39.771, 37.023, 34.621, 32.356, 25.634, 19.154, 14.792, 11.666, 7.061, 0.0, 5.257, 56.296], [56.278, 56.01, 56.663, 57.041, 56.324, 55.821, 55.799, 55.381, 53.601, 52.09, 52.594, 51.542, 49.913, 50.735, 50.823, 51.389, 51.614, 51.594, 51.306, 50.893, 50.105, 49.738, 50.132, 50.292, 50.346, 49.927, 49.296, 48.891, 47.996, 49.009, 48.918, 43.627, 43.421, 44.973, 44.821, 44.708, 44.49, 43.57, 42.286, 41.563, 40.416, 37.919, 35.728, 33.521, 27.211, 21.492, 17.354, 14.016, 10.459, 5.257, 0.0, 56.517], [11.225, 17.366, 30.538, 39.431, 40.516, 41.009, 42.614, 42.938, 43.832, 45.499, 46.03, 47.708, 52.14, 55.623, 55.962, 56.281, 56.085, 56.073, 56.017, 55.432, 55.162, 55.143, 55.135, 54.649, 54.267, 54.231, 54.242, 54.186, 53.873, 52.398, 52.034, 52.942, 52.477, 51.808, 53.01, 53.616, 54.009, 54.471, 54.439, 54.476, 54.391, 53.971, 54.011, 53.647, 53.907, 56.184, 56.521, 56.037, 56.257, 56.296, 56.517, 0.0]]