[[0.0, 7.91, 13.212, 14.645, 15.241, 17.272, 20.55, 23.922, 26.035, 26.334, 26.569, 28.047, 29.523, 30.381, 31.222, 32.228, 32.638, 33.093, 34.27, 35.647, 36.907, 38.608, 39.516, 38.673, 37.453, 37.741, 38.619, 38.625, 38.843, 40.581, 43.151, 45.214, 45.432, 44.546, 44.068, 44.184, 44.066, 43.638, 43.287, 43.29, 43.359, 43.021, 42.557, 42.119, 41.541, 41.488, 41.735, 41.42, 41.413, 41.666, 39.511, 36.131, 34.539, 34.037, 33.284, 32.228, 31.663, 32.72, 33.574, 33.156, 32.532, 32.5, 32.97, 34.034, 35.607, 36.735, 37.452, 37.418, 37.603, 38.41, 39.016, 38.917, 38.676, 38.464, 37.641, 36.672, 36.023, 35.757, 35.775, 35.897, 35.791, 35.485, 35.111, 34.882, 34.84, 34.651, 34.268, 33.69, 33.393, 35.005, 38.425, 40.504, 41.442, 41.83, 40.93, 39.942, 40.084, 40.964, 41.357, 41.21, 41.5, 42.179, 42.382, 42.105, 42.14, 42.289, 42.417, 42.69, 43.343, 43.962, 43.079, 42.517, 44.979, 47.637, 46.811, 43.937, 41.492, 40.646, 41.976, 43.009, 43.08, 43.62, 44.985, 46.186, 45.99, 44.81, 44.289, 44.894, 45.447, 44.694, 44.125, 44.841, 45.5, 45.01, 43.468, 41.882, 41.959, 42.547, 40.437, 36.43, 34.019, 33.742, 33.847, 32.581, 30.622, 30.186, 30.627, 31.311, 32.516, 33.036, 33.001, 33.741, 35.527, 36.944, 37.193, 36.734, 36.868, 37.152, 36.885, 36.988, 37.918, 38.734, 39.095, 39.318, 39.393, 39.355, 38.802, 37.702, 36.506, 35.749, 36.052, 36.617, 35.669, 33.67, 33.222, 33.416, 33.028, 32.351, 32.285, 33.404, 34.492, 34.212, 33.289, 33.703, 35.507, 36.182, 35.957, 35.861, 35.796, 35.911, 36.707, 37.147, 36.369, 35.936, 36.251, 36.558, 36.68, 36.781, 36.44, 35.575, 34.532, 34.106, 34.398, 35.01, 34.941, 6.554], [7.91, 0.0, 6.727, 9.451, 10.268, 12.087, 15.913, 20.27, 23.019, 23.42, 23.635, 25.336, 27.147, 28.282, 29.269, 30.344, 30.893, 31.579, 32.895, 34.3, 35.636, 37.516, 38.63, 37.932, 36.763, 37.121, 38.198, 38.402, 38.771, 40.543, 43.049, 45.08, 45.326, 44.456, 43.901, 43.951, 43.849, 43.446, 43.09, 43.057, 43.082, 42.728, 42.265, 41.828, 41.263, 41.23, 41.485, 41.18, 41.186, 41.45, 39.316, 35.984, 34.458, 34.003, 33.298, 32.357, 31.945, 32.978, 33.773, 33.392, 32.794, 32.723, 33.204, 34.299, 35.835, 36.919, 37.599, 37.561, 37.743, 38.535, 39.136, 39.035, 38.801, 38.596, 37.752, 36.773, 36.135, 35.852, 35.829, 35.945, 35.859, 35.567, 35.192, 34.96, 34.926, 34.733, 34.33, 33.745, 33.444, 35.053, 38.493, 40.553, 41.426, 41.778, 40.891, 39.898, 40.004, 40.871, 41.283, 41.173, 41.497, 42.175, 42.356, 42.102, 42.201, 42.379, 42.502, 42.77, 43.43, 44.06, 43.194, 42.64, 45.085, 47.756, 46.997, 44.175, 41.705, 40.815, 42.127, 43.135, 43.181, 43.715, 45.056, 46.228, 46.035, 44.86, 44.326, 44.915, 45.452, 44.692, 44.125, 44.841, 45.496, 45.006, 43.474, 41.913, 41.993, 42.519, 40.314, 36.287, 33.94, 33.674, 33.757, 32.472, 30.501, 30.058, 30.507, 31.176, 32.358, 32.891, 32.883, 33.615, 35.352, 36.737, 36.993, 36.569, 36.72, 37.021, 36.79, 36.941, 37.872, 38.669, 39.023, 39.225, 39.264, 39.185, 38.595, 37.463, 36.261, 35.541, 35.858, 36.377, 35.379, 33.437, 33.051, 33.257, 32.933, 32.331, 32.287, 33.384, 34.484, 34.284, 33.439, 33.868, 35.641, 36.279, 36.02, 35.912, 35.864, 35.995, 36.776, 37.185, 36.427, 36.027, 36.345, 36.646, 36.754, 36.824, 36.457, 35.612, 34.632, 34.255, 34.549, 35.16, 35.163, 12.506], [13.212, 6.727, 0.0, 4.141, 6.236, 8.247, 12.147, 17.083, 20.374, 20.947, 21.15, 22.976, 25.066, 26.449, 27.529, 28.615, 29.323, 30.298, 31.755, 33.144, 34.494, 36.452, 37.672, 37.121, 36.088, 36.478, 37.598, 37.946, 38.483, 40.325, 42.79, 44.774, 45.044, 44.177, 43.543, 43.538, 43.458, 43.104, 42.781, 42.743, 42.751, 42.422, 41.984, 41.522, 40.95, 40.939, 41.221, 40.955, 40.987, 41.267, 39.222, 36.039, 34.599, 34.191, 33.532, 32.701, 32.461, 33.475, 34.185, 33.832, 33.296, 33.216, 33.663, 34.755, 36.261, 37.298, 37.953, 37.932, 38.128, 38.909, 39.512, 39.422, 39.187, 38.977, 38.139, 37.171, 36.546, 36.255, 36.195, 36.3, 36.221, 35.941, 35.597, 35.386, 35.344, 35.141, 34.744, 34.196, 33.882, 35.368, 38.731, 40.768, 41.576, 41.9, 41.064, 40.11, 40.187, 41.03, 41.461, 41.376, 41.707, 42.365, 42.526, 42.286, 42.418, 42.616, 42.742, 43.013, 43.676, 44.312, 43.472, 42.943, 45.313, 47.904, 47.22, 44.52, 42.044, 41.039, 42.235, 43.187, 43.208, 43.708, 44.981, 46.107, 45.914, 44.753, 44.22, 44.797, 45.312, 44.549, 43.997, 44.708, 45.333, 44.826, 43.325, 41.82, 41.877, 42.289, 40.027, 36.181, 34.029, 33.757, 33.82, 32.577, 30.674, 30.278, 30.758, 31.371, 32.45, 32.974, 32.979, 33.638, 35.263, 36.576, 36.833, 36.477, 36.661, 36.956, 36.769, 36.997, 37.92, 38.672, 39.019, 39.227, 39.262, 39.172, 38.572, 37.416, 36.215, 35.559, 35.895, 36.349, 35.326, 33.528, 33.254, 33.486, 33.249, 32.773, 32.778, 33.834, 34.911, 34.759, 33.984, 34.397, 36.087, 36.69, 36.427, 36.313, 36.27, 36.391, 37.133, 37.495, 36.732, 36.34, 36.643, 36.916, 36.996, 37.046, 36.682, 35.866, 34.933, 34.584, 34.868, 35.485, 35.585, 16.31], [14.645, 9.451, 4.141, 0.0, 3.515, 6.898, 10.975, 15.701, 19.02, 19.706, 19.943, 21.762, 23.943, 25.472, 26.616, 27.701, 28.496, 29.645, 31.191, 32.579, 33.925, 35.907, 37.143, 36.63, 35.676, 36.103, 37.209, 37.617, 38.28, 40.209, 42.718, 44.716, 45.003, 44.126, 43.464, 43.458, 43.382, 43.049, 42.767, 42.76, 42.786, 42.487, 42.068, 41.581, 40.974, 40.942, 41.228, 40.979, 41.013, 41.291, 39.281, 36.141, 34.707, 34.312, 33.649, 32.798, 32.584, 33.614, 34.301, 33.943, 33.44, 33.384, 33.799, 34.851, 36.341, 37.373, 38.031, 38.015, 38.212, 38.993, 39.608, 39.534, 39.297, 39.079, 38.246, 37.291, 36.686, 36.412, 36.352, 36.458, 36.386, 36.114, 35.792, 35.6, 35.564, 35.37, 34.98, 34.44, 34.116, 35.556, 38.889, 40.937, 41.742, 42.061, 41.24, 40.3, 40.372, 41.206, 41.639, 41.555, 41.886, 42.547, 42.711, 42.462, 42.581, 42.776, 42.904, 43.176, 43.84, 44.472, 43.636, 43.101, 45.404, 47.926, 47.267, 44.624, 42.137, 41.061, 42.205, 43.143, 43.156, 43.639, 44.898, 46.021, 45.825, 44.657, 44.121, 44.699, 45.208, 44.443, 43.895, 44.611, 45.232, 44.721, 43.23, 41.744, 41.785, 42.149, 39.897, 36.179, 34.116, 33.836, 33.897, 32.677, 30.815, 30.468, 30.967, 31.545, 32.572, 33.09, 33.098, 33.72, 35.292, 36.572, 36.817, 36.463, 36.646, 36.929, 36.743, 36.991, 37.91, 38.64, 38.976, 39.194, 39.246, 39.167, 38.577, 37.43, 36.234, 35.582, 35.907, 36.342, 35.323, 33.611, 33.422, 33.681, 33.47, 33.05, 33.097, 34.147, 35.211, 35.046, 34.262, 34.637, 36.281, 36.882, 36.633, 36.521, 36.479, 36.59, 37.318, 37.673, 36.899, 36.499, 36.795, 37.057, 37.124, 37.169, 36.815, 36.01, 35.075, 34.71, 34.982, 35.606, 35.751, 17.341], [15.241, 10.268, 6.236, 3.515, 0.0, 4.725, 9.936, 15.001, 18.338, 19.036, 19.333, 21.207, 23.453, 25.074, 26.256, 27.336, 28.164, 29.375, 30.951, 32.348, 33.706, 35.702, 36.959, 36.464, 35.524, 36.006, 37.193, 37.663, 38.361, 40.296, 42.797, 44.783, 45.059, 44.179, 43.525, 43.534, 43.464, 43.131, 42.856, 42.866, 42.905, 42.613, 42.201, 41.724, 41.109, 41.053, 41.319, 41.067, 41.099, 41.369, 39.369, 36.252, 34.826, 34.438, 33.78, 32.918, 32.685, 33.698, 34.382, 34.022, 33.53, 33.489, 33.888, 34.896, 36.348, 37.367, 38.03, 38.013, 38.197, 38.97, 39.588, 39.525, 39.298, 39.086, 38.265, 37.329, 36.746, 36.494, 36.45, 36.561, 36.492, 36.225, 35.91, 35.719, 35.693, 35.517, 35.135, 34.586, 34.258, 35.685, 38.968, 40.982, 41.782, 42.102, 41.284, 40.346, 40.425, 41.261, 41.691, 41.608, 41.946, 42.621, 42.797, 42.539, 42.643, 42.834, 42.962, 43.235, 43.896, 44.525, 43.687, 43.127, 45.382, 47.86, 47.202, 44.588, 42.118, 41.036, 42.175, 43.113, 43.119, 43.597, 44.866, 46.003, 45.815, 44.642, 44.095, 44.665, 45.17, 44.406, 43.856, 44.573, 45.207, 44.71, 43.23, 41.759, 41.813, 42.181, 39.96, 36.303, 34.284, 34.018, 34.076, 32.849, 30.999, 30.667, 31.157, 31.721, 32.736, 33.25, 33.255, 33.869, 35.426, 36.697, 36.939, 36.57, 36.734, 37.013, 36.82, 37.056, 37.955, 38.665, 38.989, 39.2, 39.243, 39.156, 38.566, 37.435, 36.257, 35.594, 35.9, 36.347, 35.338, 33.637, 33.459, 33.728, 33.528, 33.133, 33.211, 34.275, 35.352, 35.203, 34.428, 34.793, 36.421, 37.023, 36.784, 36.678, 36.638, 36.751, 37.483, 37.846, 37.077, 36.678, 36.976, 37.238, 37.299, 37.339, 36.989, 36.192, 35.258, 34.886, 35.151, 35.769, 35.915, 18.101], [17.272, 12.087, 8.247, 6.898, 4.725, 0.0, 6.556, 12.993, 16.924, 17.659, 17.985, 20.087, 22.561, 24.332, 25.559, 26.624, 27.483, 28.782, 30.405, 31.811, 33.205, 35.251, 36.562, 36.123, 35.219, 35.767, 37.1, 37.689, 38.413, 40.324, 42.78, 44.728, 44.995, 44.14, 43.493, 43.481, 43.417, 43.097, 42.811, 42.81, 42.842, 42.544, 42.133, 41.671, 41.089, 41.044, 41.297, 41.044, 41.082, 41.359, 39.382, 36.304, 34.909, 34.537, 33.912, 33.117, 32.94, 33.921, 34.567, 34.22, 33.752, 33.72, 34.101, 35.09, 36.523, 37.525, 38.18, 38.159, 38.335, 39.091, 39.688, 39.614, 39.393, 39.193, 38.387, 37.463, 36.887, 36.629, 36.576, 36.681, 36.613, 36.343, 36.027, 35.846, 35.83, 35.66, 35.278, 34.748, 34.426, 35.821, 39.046, 40.996, 41.761, 42.078, 41.271, 40.334, 40.415, 41.261, 41.702, 41.619, 41.95, 42.619, 42.798, 42.554, 42.677, 42.883, 43.018, 43.294, 43.958, 44.592, 43.758, 43.191, 45.425, 47.868, 47.21, 44.631, 42.195, 41.107, 42.196, 43.107, 43.11, 43.587, 44.839, 45.972, 45.805, 44.647, 44.094, 44.648, 45.14, 44.373, 43.816, 44.517, 45.146, 44.652, 43.186, 41.734, 41.788, 42.136, 39.905, 36.288, 34.327, 34.077, 34.123, 32.898, 31.073, 30.761, 31.252, 31.796, 32.783, 33.288, 33.302, 33.917, 35.452, 36.721, 36.995, 36.663, 36.83, 37.115, 36.951, 37.2, 38.074, 38.76, 39.077, 39.275, 39.295, 39.188, 38.578, 37.445, 36.296, 35.659, 35.963, 36.401, 35.411, 33.711, 33.495, 33.749, 33.588, 33.231, 33.315, 34.371, 35.467, 35.365, 34.629, 35.002, 36.614, 37.199, 36.952, 36.852, 36.818, 36.93, 37.658, 38.019, 37.263, 36.871, 37.165, 37.419, 37.472, 37.507, 37.155, 36.364, 35.451, 35.098, 35.355, 35.955, 36.099, 20.001], [20.55, 15.913, 12.147, 10.975, 9.936, 6.556, 0.0, 7.817, 13.004, 14.13, 14.484, 16.957, 19.983, 22.21, 23.626, 24.681, 25.611, 27.153, 28.919, 30.334, 31.794, 33.965, 35.36, 35.014, 34.226, 34.876, 36.369, 37.207, 38.109, 40.044, 42.435, 44.359, 44.721, 43.961, 43.307, 43.248, 43.193, 42.911, 42.638, 42.615, 42.614, 42.325, 41.941, 41.492, 40.959, 40.956, 41.214, 40.986, 41.052, 41.339, 39.428, 36.445, 35.1, 34.763, 34.203, 33.552, 33.514, 34.44, 35.005, 34.692, 34.289, 34.264, 34.621, 35.623, 37.059, 38.015, 38.611, 38.585, 38.772, 39.495, 40.051, 39.972, 39.757, 39.563, 38.777, 37.869, 37.303, 37.049, 36.964, 37.039, 36.967, 36.7, 36.404, 36.272, 36.276, 36.095, 35.709, 35.207, 34.867, 36.138, 39.268, 41.18, 41.885, 42.173, 41.404, 40.5, 40.562, 41.391, 41.853, 41.797, 42.133, 42.8, 42.99, 42.775, 42.939, 43.173, 43.317, 43.594, 44.26, 44.9, 44.089, 43.544, 45.701, 48.033, 47.403, 44.942, 42.547, 41.382, 42.345, 43.21, 43.214, 43.664, 44.86, 45.968, 45.822, 44.694, 44.146, 44.68, 45.152, 44.393, 43.842, 44.522, 45.116, 44.618, 43.186, 41.766, 41.777, 42.038, 39.779, 36.284, 34.461, 34.218, 34.254, 33.117, 31.433, 31.196, 31.714, 32.225, 33.125, 33.612, 33.647, 34.225, 35.654, 36.854, 37.142, 36.877, 37.067, 37.349, 37.235, 37.541, 38.4, 39.057, 39.371, 39.552, 39.519, 39.361, 38.719, 37.57, 36.461, 35.916, 36.254, 36.647, 35.663, 34.067, 33.897, 34.144, 34.047, 33.777, 33.869, 34.85, 35.897, 35.828, 35.142, 35.48, 37.001, 37.557, 37.32, 37.232, 37.207, 37.307, 37.995, 38.332, 37.596, 37.216, 37.49, 37.713, 37.743, 37.773, 37.43, 36.656, 35.784, 35.453, 35.692, 36.268, 36.428, 22.717], [23.922, 20.27, 17.083, 15.701, 15.001, 12.993, 7.817, 0.0, 6.35, 8.521, 9.484, 12.442, 16.163, 19.146, 20.928, 22.027, 23.094, 25.024, 26.998, 28.396, 29.912, 32.253, 33.751, 33.515, 32.886, 33.639, 35.274, 36.479, 37.761, 39.835, 42.18, 44.102, 44.657, 44.061, 43.415, 43.345, 43.294, 43.034, 42.802, 42.776, 42.731, 42.457, 42.123, 41.701, 41.215, 41.256, 41.528, 41.323, 41.408, 41.703, 39.898, 37.061, 35.768, 35.465, 34.988, 34.493, 34.582, 35.428, 35.893, 35.618, 35.29, 35.253, 35.549, 36.56, 37.999, 38.855, 39.351, 39.323, 39.526, 40.226, 40.78, 40.743, 40.551, 40.364, 39.602, 38.702, 38.176, 37.97, 37.858, 37.886, 37.825, 37.578, 37.32, 37.255, 37.289, 37.097, 36.702, 36.208, 35.84, 36.92, 39.892, 41.799, 42.455, 42.691, 41.967, 41.107, 41.124, 41.901, 42.367, 42.35, 42.728, 43.445, 43.675, 43.468, 43.635, 43.884, 44.031, 44.303, 44.952, 45.573, 44.793, 44.266, 46.245, 48.36, 47.767, 45.505, 43.192, 41.935, 42.758, 43.588, 43.588, 43.997, 45.148, 46.246, 46.106, 44.996, 44.452, 44.974, 45.43, 44.694, 44.175, 44.855, 45.425, 44.927, 43.536, 42.141, 42.062, 42.181, 39.939, 36.706, 35.081, 34.844, 34.89, 33.887, 32.397, 32.259, 32.823, 33.317, 34.123, 34.585, 34.642, 35.147, 36.396, 37.439, 37.671, 37.425, 37.603, 37.845, 37.767, 38.142, 38.978, 39.599, 39.918, 40.094, 40.011, 39.805, 39.156, 38.018, 36.964, 36.522, 36.886, 37.224, 36.23, 34.823, 34.802, 35.074, 35.034, 34.883, 35.01, 35.879, 36.816, 36.733, 36.067, 36.32, 37.689, 38.22, 38.011, 37.927, 37.911, 38.015, 38.653, 38.936, 38.217, 37.865, 38.115, 38.295, 38.295, 38.321, 38.013, 37.288, 36.463, 36.151, 36.366, 36.908, 37.099, 25.558], [26.035, 23.019, 20.374, 19.02, 18.338, 16.924, 13.004, 6.35, 0.0, 3.619, 6.729, 10.26, 13.997, 17.314, 19.344, 20.49, 21.675, 23.864, 25.926, 27.281, 28.816, 31.243, 32.811, 32.671, 32.138, 32.937, 34.653, 36.081, 37.607, 39.813, 42.178, 44.113, 44.781, 44.316, 43.731, 43.69, 43.628, 43.348, 43.127, 43.113, 43.049, 42.776, 42.459, 42.058, 41.6, 41.654, 41.914, 41.706, 41.781, 42.075, 40.362, 37.647, 36.379, 36.089, 35.692, 35.292, 35.428, 36.236, 36.645, 36.385, 36.092, 36.038, 36.297, 37.317, 38.76, 39.558, 40.009, 39.989, 40.202, 40.896, 41.462, 41.463, 41.296, 41.128, 40.387, 39.474, 38.967, 38.806, 38.689, 38.682, 38.622, 38.384, 38.135, 38.078, 38.112, 37.915, 37.517, 37.03, 36.652, 37.609, 40.431, 42.306, 42.945, 43.158, 42.454, 41.617, 41.621, 42.373, 42.828, 42.826, 43.247, 44.021, 44.289, 44.075, 44.224, 44.476, 44.627, 44.892, 45.516, 46.105, 45.348, 44.838, 46.681, 48.627, 48.039, 45.911, 43.691, 42.441, 43.228, 44.05, 44.041, 44.423, 45.553, 46.649, 46.509, 45.403, 44.862, 45.377, 45.819, 45.088, 44.58, 45.262, 45.823, 45.323, 43.94, 42.543, 42.401, 42.425, 40.216, 37.189, 35.701, 35.481, 35.539, 34.609, 33.22, 33.133, 33.731, 34.233, 35.002, 35.451, 35.517, 35.984, 37.122, 38.057, 38.238, 37.98, 38.133, 38.344, 38.283, 38.674, 39.473, 40.064, 40.391, 40.581, 40.496, 40.289, 39.662, 38.556, 37.54, 37.14, 37.503, 37.818, 36.836, 35.534, 35.577, 35.859, 35.848, 35.751, 35.896, 36.715, 37.597, 37.497, 36.835, 37.042, 38.321, 38.825, 38.623, 38.531, 38.513, 38.637, 39.26, 39.499, 38.787, 38.455, 38.695, 38.854, 38.84, 38.861, 38.573, 37.88, 37.069, 36.753, 36.947, 37.453, 37.644, 27.425], [26.334, 23.42, 20.947, 19.706, 19.036, 17.659, 14.13, 8.521, 3.619, 0.0, 4.677, 9.135, 13.081, 16.448, 18.566, 19.755, 20.993, 23.254, 25.336, 26.713, 28.299, 30.767, 32.367, 32.24, 31.722, 32.604, 34.401, 35.855, 37.4, 39.659, 42.083, 44.046, 44.715, 44.259, 43.705, 43.692, 43.645, 43.356, 43.123, 43.117, 43.06, 42.776, 42.453, 42.064, 41.614, 41.664, 41.921, 41.712, 41.782, 42.075, 40.369, 37.659, 36.389, 36.098, 35.702, 35.286, 35.385, 36.199, 36.62, 36.359, 36.065, 36.021, 36.297, 37.323, 38.753, 39.55, 40.011, 39.997, 40.21, 40.899, 41.456, 41.456, 41.298, 41.139, 40.396, 39.47, 38.954, 38.795, 38.676, 38.665, 38.599, 38.353, 38.085, 37.995, 38.004, 37.807, 37.418, 36.939, 36.567, 37.561, 40.4, 42.232, 42.841, 43.051, 42.341, 41.501, 41.51, 42.261, 42.709, 42.708, 43.134, 43.908, 44.171, 43.957, 44.109, 44.366, 44.521, 44.791, 45.415, 45.994, 45.235, 44.741, 46.608, 48.574, 47.977, 45.829, 43.621, 42.434, 43.282, 44.124, 44.12, 44.513, 45.653, 46.744, 46.599, 45.485, 44.94, 45.445, 45.877, 45.139, 44.622, 45.294, 45.852, 45.345, 43.937, 42.515, 42.378, 42.408, 40.178, 37.12, 35.632, 35.425, 35.487, 34.556, 33.165, 33.078, 33.687, 34.198, 34.977, 35.428, 35.505, 35.999, 37.161, 38.11, 38.292, 38.022, 38.169, 38.384, 38.315, 38.687, 39.478, 40.07, 40.403, 40.608, 40.543, 40.353, 39.737, 38.636, 37.623, 37.222, 37.585, 37.897, 36.919, 35.577, 35.572, 35.842, 35.827, 35.705, 35.829, 36.653, 37.546, 37.447, 36.787, 37.01, 38.3, 38.798, 38.582, 38.48, 38.456, 38.58, 39.201, 39.433, 38.725, 38.395, 38.635, 38.798, 38.789, 38.811, 38.514, 37.81, 36.986, 36.652, 36.847, 37.354, 37.538, 27.703], [26.569, 23.635, 21.15, 19.943, 19.333, 17.985, 14.484, 9.484, 6.729, 4.677, 0.0, 5.54, 10.786, 14.88, 17.224, 18.489, 19.854, 22.283, 24.472, 25.917, 27.613, 30.227, 31.912, 31.763, 31.24, 32.26, 34.178, 35.653, 37.241, 39.55, 42.009, 44.001, 44.676, 44.193, 43.596, 43.566, 43.539, 43.291, 43.086, 43.096, 43.042, 42.751, 42.426, 42.041, 41.6, 41.669, 41.956, 41.762, 41.841, 42.144, 40.409, 37.657, 36.409, 36.124, 35.664, 35.2, 35.31, 36.14, 36.561, 36.294, 36.002, 35.973, 36.271, 37.29, 38.69, 39.478, 39.947, 39.936, 40.141, 40.82, 41.369, 41.368, 41.215, 41.053, 40.291, 39.36, 38.862, 38.704, 38.559, 38.533, 38.477, 38.231, 37.95, 37.858, 37.87, 37.669, 37.267, 36.779, 36.418, 37.507, 40.469, 42.3, 42.866, 43.066, 42.354, 41.506, 41.495, 42.222, 42.668, 42.68, 43.111, 43.848, 44.075, 43.876, 44.059, 44.324, 44.485, 44.77, 45.406, 45.98, 45.192, 44.702, 46.663, 48.73, 48.149, 45.952, 43.693, 42.491, 43.353, 44.203, 44.209, 44.618, 45.766, 46.847, 46.69, 45.58, 45.042, 45.548, 45.984, 45.252, 44.727, 45.395, 45.965, 45.463, 44.035, 42.601, 42.49, 42.543, 40.271, 37.093, 35.525, 35.319, 35.377, 34.431, 33.047, 32.979, 33.584, 34.084, 34.867, 35.326, 35.419, 35.938, 37.128, 38.106, 38.297, 38.022, 38.149, 38.336, 38.242, 38.608, 39.407, 39.998, 40.332, 40.552, 40.514, 40.342, 39.722, 38.616, 37.621, 37.25, 37.616, 37.904, 36.923, 35.599, 35.615, 35.893, 35.866, 35.737, 35.84, 36.628, 37.499, 37.376, 36.698, 36.925, 38.222, 38.709, 38.473, 38.361, 38.333, 38.445, 39.067, 39.319, 38.626, 38.296, 38.535, 38.706, 38.706, 38.728, 38.415, 37.71, 36.903, 36.562, 36.76, 37.292, 37.507, 27.937], [28.047, 25.336, 22.976, 21.762, 21.207, 20.087, 16.957, 12.442, 10.26, 9.135, 5.54, 0.0, 6.514, 11.915, 14.75, 16.066, 17.658, 20.544, 22.964, 24.479, 26.347, 29.227, 31.072, 30.957, 30.481, 31.618, 33.633, 35.228, 37.01, 39.424, 41.868, 43.86, 44.623, 44.239, 43.64, 43.564, 43.534, 43.328, 43.176, 43.21, 43.148, 42.86, 42.543, 42.163, 41.749, 41.85, 42.16, 41.986, 42.078, 42.384, 40.662, 37.973, 36.804, 36.534, 36.053, 35.627, 35.832, 36.667, 37.037, 36.777, 36.51, 36.473, 36.748, 37.76, 39.141, 39.903, 40.364, 40.355, 40.557, 41.233, 41.796, 41.817, 41.679, 41.52, 40.746, 39.795, 39.32, 39.188, 39.007, 38.937, 38.884, 38.64, 38.35, 38.287, 38.336, 38.134, 37.705, 37.194, 36.818, 37.872, 40.832, 42.667, 43.214, 43.401, 42.71, 41.877, 41.84, 42.53, 42.967, 42.997, 43.45, 44.181, 44.396, 44.213, 44.419, 44.693, 44.856, 45.143, 45.774, 46.331, 45.531, 45.043, 46.99, 49.036, 48.482, 46.346, 44.093, 42.825, 43.61, 44.432, 44.438, 44.831, 45.962, 47.035, 46.873, 45.775, 45.26, 45.775, 46.22, 45.501, 44.973, 45.64, 46.227, 45.732, 44.301, 42.89, 42.789, 42.808, 40.52, 37.392, 35.873, 35.683, 35.734, 34.822, 33.554, 33.566, 34.169, 34.63, 35.37, 35.824, 35.926, 36.4, 37.509, 38.444, 38.63, 38.345, 38.417, 38.544, 38.439, 38.818, 39.598, 40.157, 40.476, 40.703, 40.685, 40.535, 39.933, 38.853, 37.906, 37.6, 37.982, 38.232, 37.262, 36.075, 36.206, 36.506, 36.484, 36.4, 36.512, 37.22, 38.02, 37.872, 37.189, 37.372, 38.596, 39.058, 38.827, 38.716, 38.696, 38.815, 39.435, 39.692, 39.022, 38.71, 38.939, 39.093, 39.092, 39.118, 38.811, 38.14, 37.391, 37.06, 37.237, 37.766, 38.013, 29.32], [29.523, 27.147, 25.066, 23.943, 23.453, 22.561, 19.983, 16.163, 13.997, 13.081, 10.786, 6.514, 0.0, 6.598, 10.435, 12.049, 13.805, 17.321, 20.123, 21.783, 23.919, 27.213, 29.321, 29.28, 28.859, 30.172, 32.35, 34.118, 36.176, 38.831, 41.377, 43.437, 44.331, 44.147, 43.664, 43.6, 43.558, 43.342, 43.202, 43.25, 43.174, 42.867, 42.546, 42.18, 41.789, 41.893, 42.202, 42.04, 42.145, 42.441, 40.705, 38.077, 36.972, 36.699, 36.24, 35.885, 36.166, 37.031, 37.368, 37.114, 36.877, 36.834, 37.106, 38.163, 39.577, 40.333, 40.788, 40.778, 40.987, 41.676, 42.258, 42.289, 42.152, 41.995, 41.204, 40.19, 39.684, 39.549, 39.342, 39.238, 39.175, 38.909, 38.583, 38.509, 38.563, 38.356, 37.911, 37.38, 36.969, 37.941, 40.86, 42.692, 43.261, 43.47, 42.798, 41.974, 41.929, 42.606, 43.033, 43.063, 43.531, 44.282, 44.514, 44.332, 44.529, 44.799, 44.964, 45.244, 45.868, 46.418, 45.624, 45.15, 47.058, 49.041, 48.478, 46.381, 44.168, 42.904, 43.663, 44.458, 44.457, 44.85, 45.985, 47.066, 46.903, 45.797, 45.298, 45.833, 46.283, 45.557, 45.015, 45.674, 46.265, 45.755, 44.294, 42.899, 42.825, 42.812, 40.468, 37.388, 35.978, 35.809, 35.859, 34.991, 33.824, 33.919, 34.544, 34.976, 35.674, 36.115, 36.22, 36.655, 37.694, 38.595, 38.779, 38.477, 38.513, 38.639, 38.553, 38.927, 39.688, 40.229, 40.527, 40.74, 40.722, 40.589, 40.012, 38.95, 38.013, 37.749, 38.171, 38.42, 37.44, 36.28, 36.443, 36.755, 36.743, 36.677, 36.796, 37.483, 38.246, 38.106, 37.457, 37.644, 38.842, 39.305, 39.102, 39.009, 38.992, 39.129, 39.764, 40.013, 39.349, 39.058, 39.281, 39.411, 39.414, 39.46, 39.163, 38.483, 37.745, 37.429, 37.597, 38.11, 38.331, 30.667], [30.381, 28.282, 26.449, 25.472, 25.074, 24.332, 22.21, 19.146, 17.314, 16.448, 14.88, 11.915, 6.598, 0.0, 4.964, 7.71, 9.909, 13.742, 16.753, 18.601, 21.027, 24.686, 27.033, 27.05, 26.638, 28.161, 30.576, 32.495, 34.772, 37.694, 40.444, 42.642, 43.649, 43.646, 43.314, 43.292, 43.256, 43.039, 42.914, 42.986, 42.928, 42.613, 42.289, 41.95, 41.573, 41.671, 41.992, 41.844, 41.944, 42.225, 40.474, 37.89, 36.804, 36.506, 36.108, 35.851, 36.163, 37.049, 37.375, 37.121, 36.915, 36.883, 37.173, 38.263, 39.675, 40.414, 40.871, 40.864, 41.082, 41.777, 42.361, 42.381, 42.23, 42.07, 41.276, 40.225, 39.663, 39.485, 39.273, 39.181, 39.11, 38.811, 38.449, 38.337, 38.362, 38.152, 37.712, 37.171, 36.725, 37.623, 40.489, 42.299, 42.887, 43.139, 42.48, 41.666, 41.657, 42.362, 42.791, 42.807, 43.257, 44.016, 44.272, 44.08, 44.237, 44.486, 44.65, 44.927, 45.544, 46.087, 45.297, 44.844, 46.728, 48.672, 48.087, 46.005, 43.864, 42.659, 43.419, 44.193, 44.192, 44.589, 45.726, 46.804, 46.63, 45.501, 45.004, 45.566, 46.027, 45.283, 44.724, 45.372, 45.949, 45.406, 43.896, 42.492, 42.449, 42.435, 40.019, 36.913, 35.587, 35.435, 35.495, 34.673, 33.585, 33.756, 34.43, 34.878, 35.558, 35.977, 36.08, 36.531, 37.579, 38.469, 38.633, 38.318, 38.388, 38.586, 38.539, 38.899, 39.659, 40.211, 40.503, 40.699, 40.663, 40.536, 39.974, 38.911, 37.955, 37.719, 38.201, 38.463, 37.425, 36.175, 36.28, 36.599, 36.594, 36.491, 36.576, 37.266, 38.036, 37.924, 37.303, 37.514, 38.758, 39.249, 39.07, 38.994, 38.979, 39.121, 39.771, 40.029, 39.367, 39.076, 39.293, 39.416, 39.426, 39.485, 39.185, 38.469, 37.705, 37.389, 37.548, 38.051, 38.222, 31.37], [31.222, 29.269, 27.529, 26.616, 26.256, 25.559, 23.626, 20.928, 19.344, 18.566, 17.224, 14.75, 10.435, 4.964, 0.0, 4.162, 8.016, 12.281, 15.146, 17.031, 19.651, 23.394, 25.781, 25.867, 25.497, 27.098, 29.625, 31.631, 34.014, 37.04, 39.871, 42.13, 43.185, 43.265, 43.013, 43.021, 43.01, 42.819, 42.725, 42.834, 42.812, 42.517, 42.201, 41.877, 41.519, 41.627, 41.965, 41.828, 41.912, 42.187, 40.483, 37.979, 36.902, 36.593, 36.273, 36.11, 36.44, 37.305, 37.617, 37.375, 37.193, 37.166, 37.459, 38.54, 39.907, 40.589, 41.031, 41.029, 41.246, 41.93, 42.503, 42.513, 42.353, 42.194, 41.414, 40.372, 39.794, 39.592, 39.385, 39.309, 39.235, 38.922, 38.553, 38.428, 38.435, 38.227, 37.801, 37.262, 36.794, 37.586, 40.319, 42.07, 42.653, 42.933, 42.302, 41.525, 41.572, 42.313, 42.746, 42.75, 43.181, 43.932, 44.202, 44.013, 44.145, 44.375, 44.537, 44.818, 45.43, 45.965, 45.186, 44.752, 46.581, 48.466, 47.887, 45.868, 43.806, 42.627, 43.345, 44.102, 44.1, 44.468, 45.562, 46.613, 46.427, 45.293, 44.794, 45.36, 45.826, 45.083, 44.52, 45.156, 45.717, 45.162, 43.647, 42.261, 42.237, 42.222, 39.789, 36.735, 35.496, 35.356, 35.409, 34.648, 33.692, 33.946, 34.652, 35.108, 35.764, 36.159, 36.252, 36.703, 37.743, 38.601, 38.728, 38.411, 38.526, 38.766, 38.746, 39.11, 39.86, 40.401, 40.684, 40.87, 40.821, 40.697, 40.148, 39.078, 38.115, 37.911, 38.437, 38.702, 37.64, 36.387, 36.481, 36.804, 36.81, 36.706, 36.771, 37.428, 38.185, 38.09, 37.486, 37.691, 38.938, 39.437, 39.266, 39.192, 39.179, 39.319, 39.96, 40.216, 39.56, 39.267, 39.474, 39.592, 39.595, 39.645, 39.341, 38.626, 37.858, 37.519, 37.643, 38.127, 38.289, 32.084], [32.228, 30.344, 28.615, 27.701, 27.336, 26.624, 24.681, 22.027, 20.49, 19.755, 18.489, 16.066, 12.049, 7.71, 4.162, 0.0, 5.718, 11.354, 14.582, 16.493, 19.246, 23.084, 25.488, 25.629, 25.348, 26.984, 29.52, 31.587, 34.053, 37.101, 39.906, 42.142, 43.207, 43.327, 43.112, 43.137, 43.139, 42.951, 42.85, 42.956, 42.942, 42.661, 42.353, 42.042, 41.709, 41.826, 42.165, 42.044, 42.126, 42.389, 40.74, 38.326, 37.278, 36.985, 36.729, 36.616, 36.945, 37.775, 38.072, 37.854, 37.697, 37.674, 37.956, 39.027, 40.368, 41.007, 41.428, 41.423, 41.629, 42.286, 42.836, 42.836, 42.681, 42.531, 41.762, 40.737, 40.181, 39.989, 39.784, 39.705, 39.634, 39.329, 38.969, 38.838, 38.832, 38.63, 38.229, 37.719, 37.247, 37.944, 40.544, 42.225, 42.783, 43.069, 42.461, 41.705, 41.76, 42.494, 42.915, 42.911, 43.329, 44.069, 44.348, 44.172, 44.306, 44.534, 44.699, 44.985, 45.597, 46.132, 45.376, 44.95, 46.731, 48.572, 48.006, 46.039, 44.024, 42.871, 43.579, 44.329, 44.329, 44.678, 45.726, 46.751, 46.572, 45.463, 44.982, 45.542, 45.997, 45.265, 44.712, 45.343, 45.898, 45.351, 43.859, 42.512, 42.507, 42.486, 40.059, 37.093, 35.957, 35.842, 35.859, 35.12, 34.266, 34.54, 35.202, 35.626, 36.251, 36.632, 36.725, 37.158, 38.153, 38.975, 39.084, 38.762, 38.866, 39.104, 39.098, 39.464, 40.185, 40.691, 40.956, 41.137, 41.087, 40.969, 40.445, 39.399, 38.448, 38.255, 38.787, 39.058, 38.025, 36.828, 36.943, 37.272, 37.3, 37.238, 37.325, 37.96, 38.684, 38.603, 38.036, 38.229, 39.425, 39.9, 39.734, 39.661, 39.645, 39.783, 40.409, 40.651, 39.998, 39.711, 39.909, 40.015, 40.007, 40.042, 39.727, 39.015, 38.272, 37.934, 38.028, 38.472, 38.63, 33.025], [32.638, 30.893, 29.323, 28.496, 28.164, 27.483, 25.611, 23.094, 21.675, 20.993, 19.854, 17.658, 13.805, 9.909, 8.016, 5.718, 0.0, 6.967, 11.478, 13.897, 16.815, 21.146, 23.879, 24.013, 23.811, 25.792, 28.567, 30.793, 33.457, 36.69, 39.622, 41.923, 42.994, 43.14, 42.985, 43.037, 43.034, 42.835, 42.73, 42.835, 42.804, 42.514, 42.244, 41.987, 41.667, 41.785, 42.141, 42.03, 42.111, 42.37, 40.727, 38.315, 37.267, 36.989, 36.753, 36.613, 36.885, 37.698, 38.003, 37.789, 37.64, 37.63, 37.917, 38.977, 40.302, 40.957, 41.391, 41.381, 41.579, 42.223, 42.756, 42.748, 42.594, 42.437, 41.652, 40.619, 40.062, 39.868, 39.662, 39.576, 39.502, 39.193, 38.826, 38.698, 38.695, 38.49, 38.086, 37.583, 37.114, 37.823, 40.446, 42.125, 42.681, 42.978, 42.357, 41.572, 41.601, 42.319, 42.733, 42.728, 43.136, 43.877, 44.175, 44.006, 44.141, 44.375, 44.545, 44.832, 45.445, 45.987, 45.236, 44.808, 46.627, 48.528, 47.962, 45.954, 43.924, 42.818, 43.578, 44.329, 44.331, 44.706, 45.776, 46.796, 46.623, 45.532, 45.06, 45.615, 46.059, 45.324, 44.777, 45.412, 45.975, 45.428, 43.913, 42.544, 42.542, 42.547, 40.092, 37.031, 35.868, 35.771, 35.781, 35.023, 34.174, 34.444, 35.083, 35.499, 36.133, 36.52, 36.623, 37.094, 38.134, 38.977, 39.09, 38.741, 38.802, 39.042, 39.038, 39.385, 40.103, 40.613, 40.88, 41.072, 41.041, 40.932, 40.416, 39.388, 38.436, 38.213, 38.73, 39.022, 38.012, 36.777, 36.831, 37.144, 37.19, 37.139, 37.231, 37.887, 38.621, 38.553, 38.01, 38.215, 39.397, 39.86, 39.703, 39.641, 39.632, 39.783, 40.406, 40.639, 39.993, 39.722, 39.929, 40.034, 40.028, 40.064, 39.73, 38.984, 38.25, 37.967, 38.081, 38.502, 38.615, 33.373], [33.093, 31.579, 30.298, 29.645, 29.375, 28.782, 27.153, 25.024, 23.864, 23.254, 22.283, 20.544, 17.321, 13.742, 12.281, 11.354, 6.967, 0.0, 5.816, 9.471, 12.87, 17.717, 20.88, 21.086, 20.985, 23.525, 26.773, 29.256, 32.153, 35.625, 38.777, 41.216, 42.314, 42.518, 42.472, 42.575, 42.588, 42.42, 42.359, 42.502, 42.478, 42.182, 41.953, 41.767, 41.467, 41.59, 41.977, 41.887, 41.963, 42.223, 40.601, 38.224, 37.183, 36.897, 36.688, 36.545, 36.755, 37.559, 37.876, 37.657, 37.514, 37.522, 37.813, 38.836, 40.106, 40.774, 41.248, 41.242, 41.43, 42.064, 42.582, 42.561, 42.4, 42.229, 41.435, 40.404, 39.82, 39.593, 39.393, 39.32, 39.234, 38.902, 38.525, 38.415, 38.437, 38.235, 37.827, 37.316, 36.852, 37.568, 40.161, 41.804, 42.367, 42.689, 42.065, 41.286, 41.342, 42.071, 42.48, 42.48, 42.892, 43.644, 43.965, 43.8, 43.928, 44.163, 44.329, 44.609, 45.224, 45.773, 45.022, 44.579, 46.409, 48.352, 47.795, 45.782, 43.765, 42.688, 43.47, 44.221, 44.222, 44.613, 45.694, 46.686, 46.493, 45.405, 44.911, 45.424, 45.853, 45.128, 44.586, 45.21, 45.761, 45.212, 43.682, 42.271, 42.242, 42.284, 39.855, 36.733, 35.526, 35.43, 35.467, 34.743, 33.944, 34.253, 34.908, 35.334, 35.972, 36.341, 36.426, 36.933, 38.039, 38.899, 39.004, 38.647, 38.722, 38.995, 38.982, 39.285, 39.995, 40.521, 40.799, 41.001, 40.985, 40.884, 40.36, 39.324, 38.377, 38.145, 38.655, 38.96, 37.96, 36.677, 36.639, 36.928, 36.992, 36.925, 36.976, 37.624, 38.375, 38.324, 37.794, 38.013, 39.21, 39.684, 39.544, 39.489, 39.483, 39.633, 40.241, 40.475, 39.85, 39.588, 39.797, 39.909, 39.913, 39.954, 39.612, 38.845, 38.112, 37.879, 38.023, 38.449, 38.53, 33.724], [34.27, 32.895, 31.755, 31.191, 30.951, 30.405, 28.919, 26.998, 25.926, 25.336, 24.472, 22.964, 20.123, 16.753, 15.146, 14.582, 11.478, 5.816, 0.0, 5.017, 9.923, 15.402, 18.77, 19.194, 19.297, 22.181, 25.775, 28.519, 31.584, 35.129, 38.319, 40.797, 41.939, 42.218, 42.255, 42.41, 42.469, 42.357, 42.344, 42.509, 42.491, 42.203, 41.989, 41.847, 41.589, 41.71, 42.093, 42.032, 42.112, 42.353, 40.82, 38.624, 37.651, 37.367, 37.209, 37.101, 37.285, 38.045, 38.336, 38.131, 38.018, 38.041, 38.323, 39.297, 40.473, 41.093, 41.581, 41.592, 41.766, 42.362, 42.851, 42.825, 42.671, 42.501, 41.737, 40.758, 40.192, 39.96, 39.769, 39.706, 39.622, 39.289, 38.914, 38.815, 38.861, 38.68, 38.287, 37.788, 37.339, 37.964, 40.347, 41.871, 42.422, 42.761, 42.175, 41.446, 41.534, 42.255, 42.648, 42.66, 43.085, 43.826, 44.142, 43.986, 44.113, 44.34, 44.494, 44.766, 45.373, 45.92, 45.201, 44.772, 46.531, 48.406, 47.878, 45.968, 44.028, 42.967, 43.715, 44.458, 44.463, 44.827, 45.845, 46.778, 46.57, 45.501, 44.99, 45.446, 45.843, 45.154, 44.646, 45.251, 45.779, 45.255, 43.779, 42.398, 42.352, 42.402, 40.075, 37.102, 35.973, 35.874, 35.92, 35.28, 34.597, 34.927, 35.56, 35.962, 36.554, 36.886, 36.955, 37.441, 38.492, 39.295, 39.383, 39.039, 39.136, 39.436, 39.439, 39.714, 40.377, 40.875, 41.138, 41.325, 41.301, 41.2, 40.684, 39.661, 38.753, 38.553, 39.06, 39.35, 38.377, 37.163, 37.123, 37.411, 37.505, 37.46, 37.481, 38.063, 38.782, 38.75, 38.259, 38.464, 39.612, 40.069, 39.933, 39.873, 39.864, 40.008, 40.585, 40.809, 40.217, 39.969, 40.165, 40.273, 40.28, 40.319, 39.986, 39.247, 38.549, 38.345, 38.488, 38.908, 38.998, 34.814], [35.647, 34.3, 33.144, 32.579, 32.348, 31.811, 30.334, 28.396, 27.281, 26.713, 25.917, 24.479, 21.783, 18.601, 17.031, 16.493, 13.897, 9.471, 5.017, 0.0, 6.554, 13.442, 17.316, 17.963, 18.408, 21.628, 25.402, 28.402, 31.722, 35.304, 38.398, 40.828, 42.018, 42.35, 42.403, 42.575, 42.656, 42.564, 42.572, 42.735, 42.705, 42.43, 42.239, 42.126, 41.909, 42.031, 42.399, 42.353, 42.432, 42.651, 41.219, 39.225, 38.341, 38.078, 37.969, 37.899, 38.09, 38.805, 39.056, 38.875, 38.787, 38.812, 39.096, 40.042, 41.125, 41.675, 42.152, 42.179, 42.342, 42.888, 43.339, 43.317, 43.182, 43.022, 42.298, 41.386, 40.874, 40.66, 40.465, 40.405, 40.34, 40.03, 39.676, 39.59, 39.645, 39.473, 39.089, 38.611, 38.185, 38.712, 40.87, 42.287, 42.829, 43.18, 42.629, 41.926, 42.012, 42.707, 43.08, 43.102, 43.538, 44.257, 44.557, 44.402, 44.521, 44.741, 44.89, 45.155, 45.744, 46.269, 45.584, 45.189, 46.863, 48.633, 48.136, 46.349, 44.502, 43.476, 44.188, 44.911, 44.925, 45.267, 46.226, 47.113, 46.91, 45.87, 45.362, 45.779, 46.151, 45.5, 45.034, 45.63, 46.148, 45.66, 44.251, 42.914, 42.846, 42.867, 40.606, 37.802, 36.769, 36.641, 36.659, 36.091, 35.518, 35.845, 36.439, 36.8, 37.337, 37.656, 37.735, 38.19, 39.153, 39.886, 39.963, 39.632, 39.733, 40.057, 40.106, 40.395, 41.021, 41.481, 41.72, 41.884, 41.838, 41.736, 41.251, 40.268, 39.408, 39.254, 39.761, 40.03, 39.091, 37.994, 37.994, 38.284, 38.405, 38.394, 38.407, 38.937, 39.612, 39.591, 39.138, 39.306, 40.36, 40.782, 40.655, 40.597, 40.589, 40.736, 41.286, 41.486, 40.93, 40.703, 40.881, 40.974, 40.98, 41.015, 40.694, 39.993, 39.331, 39.136, 39.252, 39.621, 39.698, 36.16], [36.907, 35.636, 34.494, 33.925, 33.706, 33.205, 31.794, 29.912, 28.816, 28.299, 27.613, 26.347, 23.919, 21.027, 19.651, 19.246, 16.815, 12.87, 9.923, 6.554, 0.0, 8.36, 13.567, 14.839, 15.907, 20.029, 24.319, 27.671, 31.337, 35.05, 38.104, 40.508, 41.75, 42.17, 42.277, 42.465, 42.562, 42.488, 42.524, 42.704, 42.668, 42.395, 42.215, 42.114, 41.92, 42.064, 42.454, 42.425, 42.495, 42.714, 41.397, 39.608, 38.819, 38.572, 38.548, 38.589, 38.843, 39.558, 39.793, 39.622, 39.539, 39.559, 39.857, 40.789, 41.785, 42.296, 42.768, 42.802, 42.961, 43.469, 43.881, 43.86, 43.742, 43.592, 42.893, 42.019, 41.537, 41.323, 41.125, 41.066, 41.013, 40.726, 40.41, 40.353, 40.418, 40.251, 39.876, 39.416, 39.003, 39.438, 41.379, 42.701, 43.242, 43.596, 43.066, 42.404, 42.535, 43.238, 43.604, 43.647, 44.112, 44.833, 45.137, 44.976, 45.08, 45.298, 45.445, 45.696, 46.26, 46.756, 46.086, 45.701, 47.275, 48.924, 48.426, 46.75, 44.994, 43.967, 44.608, 45.297, 45.314, 45.654, 46.604, 47.475, 47.27, 46.25, 45.747, 46.144, 46.515, 45.893, 45.436, 46.011, 46.519, 46.054, 44.67, 43.332, 43.221, 43.2, 40.959, 38.288, 37.353, 37.181, 37.181, 36.712, 36.256, 36.591, 37.195, 37.576, 38.087, 38.395, 38.488, 38.951, 39.876, 40.549, 40.617, 40.323, 40.459, 40.81, 40.886, 41.18, 41.785, 42.223, 42.452, 42.612, 42.56, 42.467, 42.018, 41.054, 40.207, 40.082, 40.59, 40.823, 39.885, 38.844, 38.834, 39.102, 39.227, 39.233, 39.254, 39.764, 40.416, 40.401, 39.963, 40.096, 41.08, 41.483, 41.371, 41.314, 41.293, 41.429, 41.935, 42.112, 41.583, 41.355, 41.502, 41.569, 41.562, 41.594, 41.297, 40.672, 40.082, 39.893, 39.983, 40.311, 40.354, 37.36], [38.608, 37.516, 36.452, 35.907, 35.702, 35.251, 33.965, 32.253, 31.243, 30.767, 30.227, 29.227, 27.213, 24.686, 23.394, 23.084, 21.146, 17.717, 15.402, 13.442, 8.36, 0.0, 6.807, 10.065, 12.79, 17.989, 22.959, 26.811, 30.766, 34.549, 37.576, 39.978, 41.282, 41.81, 41.999, 42.241, 42.397, 42.38, 42.474, 42.688, 42.664, 42.401, 42.203, 42.086, 41.914, 42.077, 42.487, 42.501, 42.575, 42.793, 41.677, 40.231, 39.573, 39.335, 39.441, 39.663, 39.997, 40.705, 40.922, 40.753, 40.68, 40.711, 40.999, 41.847, 42.694, 43.168, 43.651, 43.696, 43.85, 44.315, 44.693, 44.682, 44.582, 44.443, 43.785, 42.957, 42.489, 42.27, 42.075, 42.019, 41.97, 41.701, 41.414, 41.368, 41.449, 41.317, 40.985, 40.56, 40.146, 40.424, 42.052, 43.22, 43.73, 44.065, 43.585, 43.026, 43.237, 43.934, 44.288, 44.358, 44.845, 45.55, 45.844, 45.706, 45.821, 46.045, 46.188, 46.424, 46.956, 47.442, 46.829, 46.444, 47.841, 49.315, 48.818, 47.3, 45.664, 44.601, 45.103, 45.732, 45.744, 46.071, 46.993, 47.822, 47.601, 46.614, 46.12, 46.484, 46.848, 46.261, 45.808, 46.349, 46.829, 46.391, 45.058, 43.746, 43.603, 43.542, 41.375, 38.965, 38.232, 38.047, 38.078, 37.777, 37.505, 37.853, 38.466, 38.881, 39.356, 39.624, 39.718, 40.195, 41.059, 41.64, 41.699, 41.468, 41.648, 42.008, 42.081, 42.339, 42.891, 43.292, 43.504, 43.665, 43.614, 43.532, 43.116, 42.156, 41.305, 41.202, 41.714, 41.899, 40.941, 39.938, 39.891, 40.122, 40.261, 40.306, 40.341, 40.801, 41.414, 41.419, 41.012, 41.117, 42.034, 42.42, 42.317, 42.251, 42.206, 42.317, 42.774, 42.93, 42.428, 42.187, 42.283, 42.327, 42.32, 42.35, 42.091, 41.601, 41.135, 40.965, 41.039, 41.359, 41.406, 38.889], [39.516, 38.63, 37.672, 37.143, 36.959, 36.562, 35.36, 33.751, 32.811, 32.367, 31.912, 31.072, 29.321, 27.033, 25.781, 25.488, 23.879, 20.88, 18.77, 17.316, 13.567, 6.807, 0.0, 5.522, 10.825, 16.753, 21.737, 25.848, 30.133, 34.077, 37.195, 39.706, 41.095, 41.646, 41.844, 42.155, 42.379, 42.405, 42.546, 42.792, 42.789, 42.557, 42.363, 42.227, 42.059, 42.221, 42.615, 42.651, 42.743, 42.961, 41.962, 40.708, 40.096, 39.858, 40.014, 40.275, 40.608, 41.319, 41.52, 41.332, 41.263, 41.309, 41.57, 42.31, 43.042, 43.495, 43.993, 44.049, 44.2, 44.643, 45.016, 45.017, 44.926, 44.786, 44.154, 43.361, 42.906, 42.688, 42.494, 42.436, 42.391, 42.133, 41.857, 41.81, 41.9, 41.795, 41.49, 41.078, 40.663, 40.852, 42.328, 43.422, 43.914, 44.234, 43.793, 43.301, 43.541, 44.216, 44.553, 44.632, 45.135, 45.828, 46.113, 46.007, 46.143, 46.362, 46.499, 46.742, 47.277, 47.773, 47.202, 46.829, 48.124, 49.494, 48.994, 47.547, 45.974, 44.898, 45.316, 45.905, 45.92, 46.23, 47.099, 47.885, 47.648, 46.68, 46.194, 46.544, 46.907, 46.338, 45.883, 46.414, 46.876, 46.444, 45.155, 43.883, 43.709, 43.605, 41.495, 39.286, 38.674, 38.481, 38.535, 38.332, 38.17, 38.533, 39.142, 39.569, 40.031, 40.276, 40.357, 40.841, 41.69, 42.238, 42.292, 42.08, 42.249, 42.583, 42.651, 42.9, 43.424, 43.795, 43.992, 44.159, 44.113, 44.038, 43.65, 42.711, 41.853, 41.732, 42.24, 42.422, 41.465, 40.484, 40.433, 40.652, 40.792, 40.855, 40.908, 41.349, 41.939, 41.938, 41.523, 41.606, 42.485, 42.864, 42.77, 42.701, 42.641, 42.742, 43.195, 43.349, 42.86, 42.617, 42.694, 42.743, 42.758, 42.787, 42.546, 42.117, 41.677, 41.492, 41.55, 41.869, 41.937, 39.628], [38.673, 37.932, 37.121, 36.63, 36.464, 36.123, 35.014, 33.515, 32.671, 32.24, 31.763, 30.957, 29.28, 27.05, 25.867, 25.629, 24.013, 21.086, 19.194, 17.963, 14.839, 10.065, 5.522, 0.0, 7.468, 15.109, 20.317, 24.157, 28.576, 32.894, 36.351, 39.058, 40.473, 40.985, 41.183, 41.545, 41.804, 41.843, 42.0, 42.283, 42.32, 42.103, 41.919, 41.787, 41.598, 41.762, 42.174, 42.212, 42.322, 42.563, 41.501, 40.114, 39.431, 39.178, 39.297, 39.499, 39.79, 40.541, 40.765, 40.555, 40.474, 40.524, 40.788, 41.536, 42.312, 42.794, 43.29, 43.337, 43.496, 43.965, 44.352, 44.342, 44.239, 44.084, 43.412, 42.58, 42.108, 41.887, 41.69, 41.632, 41.585, 41.323, 41.039, 40.986, 41.073, 40.957, 40.638, 40.21, 39.791, 40.053, 41.671, 42.823, 43.334, 43.669, 43.201, 42.676, 42.915, 43.613, 43.958, 44.028, 44.539, 45.254, 45.553, 45.454, 45.592, 45.803, 45.939, 46.202, 46.766, 47.266, 46.67, 46.298, 47.668, 49.107, 48.583, 47.051, 45.438, 44.388, 44.845, 45.443, 45.467, 45.786, 46.655, 47.438, 47.187, 46.187, 45.682, 46.045, 46.424, 45.825, 45.336, 45.869, 46.336, 45.879, 44.544, 43.234, 43.062, 42.983, 40.829, 38.557, 37.917, 37.699, 37.739, 37.504, 37.295, 37.652, 38.264, 38.71, 39.219, 39.483, 39.557, 40.076, 41.018, 41.632, 41.686, 41.438, 41.583, 41.91, 41.97, 42.231, 42.796, 43.193, 43.404, 43.583, 43.543, 43.469, 43.08, 42.14, 41.252, 41.077, 41.579, 41.796, 40.835, 39.781, 39.709, 39.942, 40.048, 40.058, 40.105, 40.6, 41.224, 41.186, 40.715, 40.807, 41.745, 42.156, 42.07, 42.006, 41.949, 42.058, 42.54, 42.716, 42.219, 41.971, 42.069, 42.15, 42.187, 42.225, 41.971, 41.486, 40.968, 40.744, 40.812, 41.146, 41.195, 38.74], [37.453, 36.763, 36.088, 35.676, 35.524, 35.219, 34.226, 32.886, 32.138, 31.722, 31.24, 30.481, 28.859, 26.638, 25.497, 25.348, 23.811, 20.985, 19.297, 18.408, 15.907, 12.79, 10.825, 7.468, 0.0, 9.642, 16.546, 20.719, 24.998, 29.663, 33.706, 36.774, 38.253, 38.839, 39.206, 39.698, 40.028, 40.159, 40.455, 40.908, 41.046, 40.825, 40.671, 40.632, 40.463, 40.636, 41.153, 41.298, 41.469, 41.74, 40.532, 38.918, 38.166, 37.894, 37.989, 38.234, 38.582, 39.41, 39.694, 39.471, 39.376, 39.425, 39.694, 40.522, 41.462, 42.022, 42.523, 42.558, 42.736, 43.266, 43.679, 43.63, 43.482, 43.308, 42.587, 41.672, 41.162, 40.957, 40.763, 40.688, 40.625, 40.342, 40.001, 39.899, 39.983, 39.862, 39.505, 39.018, 38.561, 38.935, 40.789, 42.047, 42.58, 42.942, 42.447, 41.888, 42.16, 42.961, 43.366, 43.404, 43.909, 44.673, 44.98, 44.852, 44.996, 45.229, 45.371, 45.637, 46.226, 46.737, 46.084, 45.68, 47.138, 48.664, 48.141, 46.514, 44.812, 43.71, 44.164, 44.77, 44.781, 45.115, 46.016, 46.812, 46.537, 45.467, 44.923, 45.313, 45.714, 45.06, 44.501, 45.001, 45.449, 44.951, 43.525, 42.122, 41.955, 41.924, 39.736, 37.334, 36.67