[[0.0, 8.345, 12.925, 15.558, 18.149, 20.412, 21.351, 21.1, 20.839, 21.975, 23.79, 24.2, 24.953, 28.553, 32.607, 34.171, 35.426, 38.076, 41.506, 46.262, 49.814, 53.284, 58.39, 60.997, 59.967, 56.769, 51.768, 49.013, 51.725, 55.653, 57.935, 58.765, 59.282, 60.257, 61.489, 62.154, 61.888, 61.088, 60.267, 59.742, 59.559, 59.483, 59.312, 58.11, 53.597, 47.817, 46.787, 47.06, 45.615, 45.839, 46.704, 47.492, 50.54, 51.742, 51.596, 51.279, 50.633, 49.554, 48.861, 49.494, 49.315, 47.559, 45.263, 43.119, 42.005, 42.099, 42.34, 42.247, 42.303, 42.685, 43.278, 43.639, 43.795, 44.283, 44.897, 45.095, 44.95, 44.557, 43.728, 42.247, 41.935, 43.961, 47.708, 49.722, 48.343, 45.65, 44.019, 43.49, 43.551, 43.68, 43.412, 43.066, 42.894, 42.557, 42.135, 42.062, 42.476, 43.194, 43.698, 43.787, 43.658, 43.551, 43.589, 43.82, 44.121, 44.413, 44.284, 43.485, 43.028, 43.242, 43.815, 44.613, 45.241, 45.378, 45.023, 44.569, 44.64, 44.972, 45.669, 46.637, 47.118, 47.204, 47.488, 47.807, 47.708, 47.182, 46.897, 47.229, 47.568, 47.202, 46.496, 45.717, 45.265, 45.349, 45.806, 46.037, 46.225, 46.487, 46.56, 46.268, 45.808, 45.357, 44.908, 44.477, 43.562, 12.731], [8.345, 0.0, 6.265, 10.63, 14.248, 16.81, 17.673, 17.279, 16.987, 18.115, 19.922, 20.335, 21.181, 25.07, 29.491, 31.134, 32.451, 35.406, 39.286, 44.518, 48.225, 51.728, 57.039, 59.758, 58.704, 55.56, 50.855, 48.507, 51.419, 55.365, 57.644, 58.51, 59.087, 60.119, 61.376, 62.032, 61.751, 60.956, 60.153, 59.641, 59.453, 59.35, 59.143, 57.909, 53.35, 47.516, 46.465, 46.724, 45.157, 45.285, 46.114, 46.696, 49.687, 50.948, 50.8, 50.545, 49.986, 48.915, 48.119, 48.716, 48.591, 46.872, 44.652, 42.59, 41.548, 41.676, 41.897, 41.769, 41.803, 42.188, 42.782, 43.128, 43.26, 43.737, 44.375, 44.64, 44.561, 44.154, 43.271, 41.763, 41.482, 43.61, 47.467, 49.556, 48.158, 45.349, 43.618, 43.13, 43.282, 43.442, 43.183, 42.817, 42.626, 42.278, 41.831, 41.701, 42.059, 42.747, 43.235, 43.309, 43.175, 43.09, 43.156, 43.4, 43.697, 43.999, 43.904, 43.133, 42.672, 42.894, 43.502, 44.357, 45.02, 45.132, 44.746, 44.284, 44.307, 44.487, 45.071, 46.079, 46.604, 46.725, 47.049, 47.402, 47.32, 46.802, 46.505, 46.812, 47.123, 46.752, 46.074, 45.32, 44.865, 44.927, 45.384, 45.641, 45.853, 46.134, 46.228, 45.962, 45.529, 45.09, 44.625, 44.201, 43.304, 18.923], [12.925, 6.265, 0.0, 5.669, 10.594, 13.766, 14.81, 14.531, 14.365, 15.521, 17.41, 17.915, 18.791, 22.865, 27.574, 29.304, 30.692, 33.918, 38.175, 43.754, 47.597, 51.149, 56.619, 59.465, 58.385, 55.084, 50.295, 48.105, 51.306, 55.43, 57.778, 58.653, 59.227, 60.279, 61.554, 62.208, 61.917, 61.123, 60.326, 59.815, 59.62, 59.504, 59.288, 58.039, 53.414, 47.451, 46.334, 46.618, 44.977, 45.011, 45.875, 46.375, 49.312, 50.648, 50.53, 50.224, 49.638, 48.543, 47.684, 48.226, 48.066, 46.302, 44.067, 41.992, 40.974, 41.16, 41.367, 41.194, 41.215, 41.63, 42.268, 42.637, 42.772, 43.249, 43.901, 44.186, 44.111, 43.67, 42.713, 41.134, 40.866, 43.168, 47.233, 49.427, 48.011, 45.108, 43.288, 42.791, 42.958, 43.114, 42.861, 42.48, 42.262, 41.875, 41.382, 41.228, 41.599, 42.319, 42.82, 42.881, 42.729, 42.639, 42.713, 42.969, 43.276, 43.588, 43.503, 42.706, 42.197, 42.429, 43.098, 44.03, 44.744, 44.86, 44.449, 43.961, 43.953, 44.072, 44.597, 45.608, 46.147, 46.289, 46.641, 47.02, 46.952, 46.439, 46.145, 46.455, 46.765, 46.392, 45.711, 44.94, 44.466, 44.526, 44.987, 45.228, 45.433, 45.732, 45.849, 45.6, 45.17, 44.72, 44.237, 43.81, 42.9, 21.297], [15.558, 10.63, 5.669, 0.0, 5.785, 9.762, 11.3, 11.415, 11.535, 12.76, 14.802, 15.452, 16.343, 20.625, 25.678, 27.512, 28.975, 32.466, 37.055, 42.968, 46.993, 50.708, 56.404, 59.382, 58.327, 54.971, 50.032, 47.775, 51.169, 55.517, 58.002, 58.919, 59.488, 60.546, 61.837, 62.502, 62.209, 61.403, 60.595, 60.078, 59.883, 59.769, 59.55, 58.28, 53.547, 47.392, 46.194, 46.499, 44.811, 44.807, 45.707, 46.176, 49.122, 50.521, 50.39, 49.988, 49.348, 48.269, 47.462, 48.041, 47.841, 45.991, 43.646, 41.444, 40.352, 40.584, 40.804, 40.615, 40.655, 41.13, 41.834, 42.249, 42.409, 42.904, 43.572, 43.878, 43.816, 43.35, 42.309, 40.603, 40.312, 42.818, 47.126, 49.438, 47.997, 44.972, 43.041, 42.528, 42.724, 42.887, 42.61, 42.191, 41.942, 41.51, 40.97, 40.806, 41.211, 41.976, 42.503, 42.564, 42.4, 42.3, 42.367, 42.627, 42.941, 43.259, 43.157, 42.283, 41.687, 41.909, 42.639, 43.636, 44.385, 44.498, 44.068, 43.577, 43.584, 43.716, 44.278, 45.355, 45.927, 46.082, 46.432, 46.804, 46.714, 46.17, 45.861, 46.185, 46.513, 46.131, 45.421, 44.621, 44.141, 44.23, 44.733, 44.992, 45.216, 45.536, 45.663, 45.403, 44.948, 44.462, 43.939, 43.47, 42.504, 22.558], [18.149, 14.248, 10.594, 5.785, 0.0, 4.524, 6.766, 7.641, 8.31, 9.677, 11.876, 12.627, 13.477, 18.022, 23.493, 25.416, 26.899, 30.652, 35.611, 41.909, 46.15, 50.033, 55.937, 59.017, 57.983, 54.657, 49.704, 47.383, 50.802, 55.283, 57.927, 58.936, 59.52, 60.59, 61.901, 62.576, 62.279, 61.463, 60.644, 60.122, 59.929, 59.811, 59.586, 58.298, 53.47, 47.142, 45.878, 46.198, 44.488, 44.474, 45.407, 45.858, 48.797, 50.26, 50.177, 49.756, 49.067, 47.998, 47.236, 47.883, 47.675, 45.754, 43.322, 41.015, 39.851, 40.111, 40.354, 40.174, 40.264, 40.813, 41.568, 42.014, 42.197, 42.708, 43.38, 43.695, 43.637, 43.156, 42.076, 40.254, 39.894, 42.532, 47.016, 49.407, 47.93, 44.785, 42.758, 42.246, 42.489, 42.663, 42.356, 41.9, 41.627, 41.163, 40.6, 40.437, 40.866, 41.661, 42.205, 42.269, 42.106, 42.012, 42.089, 42.359, 42.685, 43.011, 42.891, 41.943, 41.254, 41.454, 42.227, 43.263, 44.028, 44.129, 43.675, 43.186, 43.212, 43.346, 43.951, 45.113, 45.723, 45.884, 46.228, 46.596, 46.492, 45.922, 45.593, 45.925, 46.274, 45.886, 45.152, 44.331, 43.856, 43.981, 44.535, 44.832, 45.077, 45.412, 45.544, 45.269, 44.788, 44.278, 43.724, 43.216, 42.201, 24.198], [20.412, 16.81, 13.766, 9.762, 4.524, 0.0, 2.887, 4.851, 6.326, 7.776, 9.898, 10.656, 11.458, 16.182, 21.977, 23.947, 25.359, 29.274, 34.517, 41.082, 45.466, 49.412, 55.397, 58.517, 57.493, 54.205, 49.347, 47.087, 50.455, 54.947, 57.69, 58.777, 59.381, 60.461, 61.78, 62.452, 62.151, 61.334, 60.513, 59.992, 59.799, 59.677, 59.445, 58.159, 53.312, 46.923, 45.625, 45.958, 44.25, 44.212, 45.16, 45.601, 48.5, 50.011, 50.02, 49.643, 48.929, 47.849, 47.092, 47.763, 47.565, 45.627, 43.204, 40.913, 39.77, 40.047, 40.289, 40.121, 40.243, 40.812, 41.564, 42.012, 42.201, 42.706, 43.363, 43.669, 43.611, 43.14, 42.075, 40.213, 39.785, 42.417, 46.94, 49.359, 47.874, 44.687, 42.634, 42.146, 42.433, 42.627, 42.315, 41.836, 41.549, 41.08, 40.52, 40.354, 40.772, 41.554, 42.091, 42.151, 41.996, 41.922, 42.017, 42.294, 42.626, 42.962, 42.843, 41.871, 41.133, 41.31, 42.092, 43.137, 43.905, 43.994, 43.522, 43.031, 43.042, 43.129, 43.725, 44.918, 45.545, 45.714, 46.067, 46.446, 46.352, 45.782, 45.443, 45.77, 46.129, 45.753, 45.02, 44.196, 43.727, 43.869, 44.445, 44.759, 45.007, 45.34, 45.472, 45.193, 44.707, 44.198, 43.649, 43.146, 42.143, 25.922], [21.351, 17.673, 14.81, 11.3, 6.766, 2.887, 0.0, 2.711, 4.924, 6.56, 8.582, 9.337, 10.259, 15.198, 21.204, 23.204, 24.535, 28.515, 33.907, 40.585, 45.022, 48.978, 54.975, 58.102, 57.088, 53.83, 49.055, 46.917, 50.291, 54.762, 57.518, 58.627, 59.242, 60.328, 61.646, 62.317, 62.015, 61.198, 60.377, 59.856, 59.668, 59.548, 59.317, 58.039, 53.211, 46.832, 45.526, 45.861, 44.158, 44.097, 45.032, 45.471, 48.354, 49.87, 49.911, 49.559, 48.845, 47.761, 47.006, 47.688, 47.51, 45.59, 43.211, 40.979, 39.887, 40.167, 40.392, 40.224, 40.344, 40.888, 41.609, 42.041, 42.223, 42.714, 43.359, 43.666, 43.624, 43.179, 42.142, 40.303, 39.848, 42.428, 46.928, 49.359, 47.882, 44.696, 42.649, 42.186, 42.5, 42.711, 42.404, 41.912, 41.621, 41.165, 40.614, 40.43, 40.809, 41.554, 42.071, 42.128, 41.981, 41.923, 42.028, 42.305, 42.632, 42.972, 42.865, 41.905, 41.165, 41.332, 42.102, 43.14, 43.904, 43.986, 43.514, 43.026, 43.006, 43.038, 43.597, 44.779, 45.41, 45.59, 45.954, 46.343, 46.26, 45.696, 45.354, 45.67, 46.025, 45.662, 44.944, 44.132, 43.67, 43.816, 44.393, 44.709, 44.955, 45.284, 45.412, 45.135, 44.653, 44.152, 43.617, 43.14, 42.175, 26.86], [21.1, 17.279, 14.531, 11.415, 7.641, 4.851, 2.711, 0.0, 2.731, 5.085, 7.494, 8.27, 9.434, 14.731, 20.871, 22.883, 24.16, 28.126, 33.555, 40.28, 44.738, 48.699, 54.704, 57.824, 56.803, 53.54, 48.777, 46.718, 50.16, 54.64, 57.379, 58.477, 59.093, 60.193, 61.531, 62.211, 61.912, 61.093, 60.265, 59.741, 59.554, 59.438, 59.209, 57.928, 53.093, 46.707, 45.403, 45.732, 44.033, 43.993, 44.92, 45.381, 48.299, 49.781, 49.789, 49.45, 48.762, 47.664, 46.913, 47.622, 47.457, 45.537, 43.165, 40.934, 39.85, 40.137, 40.349, 40.167, 40.273, 40.805, 41.515, 41.938, 42.111, 42.602, 43.261, 43.589, 43.57, 43.141, 42.114, 40.289, 39.827, 42.395, 46.904, 49.346, 47.858, 44.653, 42.599, 42.142, 42.465, 42.685, 42.378, 41.872, 41.577, 41.132, 40.582, 40.376, 40.723, 41.446, 41.955, 42.011, 41.871, 41.824, 41.938, 42.216, 42.539, 42.878, 42.781, 41.841, 41.114, 41.277, 42.033, 43.068, 43.832, 43.912, 43.437, 42.945, 42.904, 42.908, 43.443, 44.618, 45.254, 45.442, 45.811, 46.204, 46.126, 45.566, 45.224, 45.537, 45.888, 45.528, 44.818, 44.012, 43.551, 43.694, 44.269, 44.585, 44.832, 45.16, 45.287, 45.006, 44.522, 44.021, 43.489, 43.022, 42.065, 26.862], [20.839, 16.987, 14.365, 11.535, 8.31, 6.326, 4.924, 2.731, 0.0, 3.23, 6.423, 7.345, 8.567, 14.124, 20.36, 22.374, 23.684, 27.689, 33.189, 40.044, 44.555, 48.535, 54.602, 57.748, 56.702, 53.423, 48.654, 46.589, 50.065, 54.575, 57.32, 58.421, 59.049, 60.173, 61.541, 62.236, 61.936, 61.11, 60.276, 59.749, 59.562, 59.448, 59.219, 57.927, 53.056, 46.614, 45.293, 45.618, 43.896, 43.88, 44.827, 45.287, 48.214, 49.658, 49.634, 49.322, 48.669, 47.544, 46.797, 47.538, 47.354, 45.388, 42.97, 40.677, 39.556, 39.86, 40.082, 39.889, 39.991, 40.542, 41.27, 41.692, 41.863, 42.369, 43.06, 43.413, 43.414, 42.994, 41.962, 40.099, 39.608, 42.217, 46.791, 49.255, 47.742, 44.486, 42.392, 41.923, 42.261, 42.499, 42.193, 41.669, 41.362, 40.914, 40.357, 40.142, 40.49, 41.224, 41.739, 41.796, 41.654, 41.603, 41.713, 41.991, 42.314, 42.653, 42.559, 41.619, 40.887, 41.039, 41.795, 42.843, 43.617, 43.694, 43.202, 42.697, 42.662, 42.683, 43.24, 44.442, 45.091, 45.279, 45.642, 46.031, 45.952, 45.388, 45.041, 45.354, 45.709, 45.348, 44.637, 43.825, 43.356, 43.501, 44.092, 44.419, 44.672, 45.006, 45.133, 44.844, 44.353, 43.852, 43.318, 42.84, 41.846, 26.71], [21.975, 18.115, 15.521, 12.76, 9.677, 7.776, 6.56, 5.085, 3.23, 0.0, 3.737, 5.099, 6.27, 11.949, 18.475, 20.615, 22.062, 26.323, 32.197, 39.446, 44.109, 48.158, 54.383, 57.615, 56.56, 53.306, 48.591, 46.532, 50.003, 54.558, 57.355, 58.497, 59.155, 60.306, 61.692, 62.393, 62.088, 61.26, 60.428, 59.906, 59.725, 59.609, 59.376, 58.077, 53.167, 46.646, 45.281, 45.61, 43.82, 43.762, 44.736, 45.095, 47.926, 49.374, 49.375, 49.08, 48.429, 47.278, 46.524, 47.272, 47.066, 45.055, 42.597, 40.259, 39.124, 39.46, 39.701, 39.51, 39.618, 40.196, 40.951, 41.385, 41.56, 42.08, 42.793, 43.17, 43.193, 42.784, 41.733, 39.795, 39.256, 41.936, 46.618, 49.13, 47.587, 44.257, 42.107, 41.65, 42.034, 42.289, 41.972, 41.429, 41.11, 40.649, 40.083, 39.873, 40.234, 40.98, 41.501, 41.552, 41.399, 41.336, 41.433, 41.703, 42.026, 42.372, 42.282, 41.322, 40.548, 40.683, 41.461, 42.535, 43.322, 43.393, 42.888, 42.39, 42.383, 42.417, 42.996, 44.238, 44.899, 45.079, 45.43, 45.81, 45.726, 45.155, 44.796, 45.104, 45.459, 45.095, 44.383, 43.568, 43.1, 43.261, 43.883, 44.235, 44.502, 44.846, 44.978, 44.685, 44.185, 43.679, 43.128, 42.625, 41.587, 27.694], [23.79, 19.922, 17.41, 14.802, 11.876, 9.898, 8.582, 7.494, 6.423, 3.737, 0.0, 2.043, 3.636, 9.353, 16.202, 18.561, 20.05, 24.508, 30.828, 38.493, 43.321, 47.464, 53.833, 57.132, 56.086, 52.885, 48.273, 46.322, 49.812, 54.409, 57.262, 58.439, 59.111, 60.273, 61.664, 62.362, 62.057, 61.235, 60.413, 59.901, 59.723, 59.602, 59.361, 58.059, 53.143, 46.603, 45.224, 45.552, 43.725, 43.62, 44.585, 44.837, 47.566, 49.033, 49.084, 48.79, 48.113, 46.938, 46.167, 46.91, 46.721, 44.73, 42.309, 40.017, 38.934, 39.3, 39.536, 39.342, 39.453, 40.032, 40.791, 41.233, 41.409, 41.922, 42.633, 43.024, 43.068, 42.668, 41.607, 39.654, 39.102, 41.799, 46.528, 49.06, 47.492, 44.124, 41.971, 41.567, 42.002, 42.261, 41.936, 41.391, 41.069, 40.605, 40.04, 39.823, 40.168, 40.897, 41.405, 41.451, 41.297, 41.236, 41.33, 41.592, 41.911, 42.267, 42.188, 41.215, 40.404, 40.532, 41.328, 42.406, 43.192, 43.26, 42.761, 42.283, 42.279, 42.28, 42.825, 44.069, 44.736, 44.92, 45.269, 45.649, 45.565, 44.995, 44.628, 44.925, 45.274, 44.912, 44.209, 43.405, 42.95, 43.127, 43.769, 44.14, 44.418, 44.768, 44.905, 44.613, 44.11, 43.596, 43.031, 42.521, 41.479, 29.33], [24.2, 20.335, 17.915, 15.452, 12.627, 10.656, 9.337, 8.27, 7.345, 5.099, 2.043, 0.0, 2.619, 8.786, 15.717, 18.117, 19.547, 23.935, 30.267, 37.999, 42.873, 47.045, 53.438, 56.742, 55.691, 52.501, 47.929, 46.05, 49.58, 54.189, 57.054, 58.238, 58.912, 60.082, 61.483, 62.183, 61.876, 61.058, 60.243, 59.733, 59.553, 59.424, 59.176, 57.869, 52.951, 46.422, 45.054, 45.377, 43.565, 43.466, 44.409, 44.657, 47.388, 48.857, 48.936, 48.658, 47.974, 46.785, 45.995, 46.726, 46.545, 44.576, 42.188, 39.934, 38.888, 39.261, 39.482, 39.281, 39.396, 39.979, 40.737, 41.179, 41.353, 41.859, 42.563, 42.952, 42.999, 42.609, 41.569, 39.636, 39.083, 41.762, 46.475, 48.988, 47.403, 44.035, 41.9, 41.518, 41.971, 42.236, 41.919, 41.389, 41.072, 40.611, 40.05, 39.83, 40.165, 40.884, 41.388, 41.436, 41.287, 41.232, 41.332, 41.598, 41.917, 42.276, 42.198, 41.219, 40.404, 40.537, 41.343, 42.419, 43.201, 43.268, 42.768, 42.29, 42.275, 42.248, 42.75, 43.983, 44.659, 44.854, 45.212, 45.597, 45.519, 44.952, 44.586, 44.878, 45.224, 44.866, 44.17, 43.371, 42.918, 43.097, 43.742, 44.112, 44.387, 44.735, 44.872, 44.581, 44.076, 43.556, 42.992, 42.496, 41.47, 29.705], [24.953, 21.181, 18.791, 16.343, 13.477, 11.458, 10.259, 9.434, 8.567, 6.27, 3.636, 2.619, 0.0, 6.883, 14.332, 16.918, 18.395, 22.943, 29.561, 37.602, 42.615, 46.826, 53.292, 56.649, 55.58, 52.399, 47.87, 45.964, 49.48, 54.12, 57.019, 58.226, 58.924, 60.119, 61.539, 62.24, 61.924, 61.104, 60.296, 59.794, 59.615, 59.483, 59.23, 57.918, 52.977, 46.406, 45.011, 45.343, 43.518, 43.401, 44.383, 44.583, 47.189, 48.647, 48.784, 48.527, 47.827, 46.624, 45.82, 46.503, 46.279, 44.284, 41.878, 39.599, 38.538, 38.926, 39.153, 38.963, 39.115, 39.756, 40.56, 41.026, 41.211, 41.727, 42.431, 42.809, 42.84, 42.443, 41.398, 39.404, 38.798, 41.534, 46.347, 48.9, 47.307, 43.898, 41.718, 41.327, 41.803, 42.085, 41.764, 41.211, 40.871, 40.396, 39.835, 39.634, 39.996, 40.736, 41.248, 41.294, 41.137, 41.069, 41.16, 41.426, 41.751, 42.114, 42.024, 41.005, 40.137, 40.245, 41.063, 42.161, 42.952, 43.009, 42.496, 42.029, 42.053, 42.05, 42.572, 43.821, 44.496, 44.685, 45.037, 45.417, 45.334, 44.764, 44.392, 44.68, 45.018, 44.651, 43.949, 43.142, 42.684, 42.872, 43.534, 43.913, 44.19, 44.541, 44.683, 44.393, 43.883, 43.35, 42.775, 42.276, 41.227, 30.207], [28.553, 25.07, 22.865, 20.625, 18.022, 16.182, 15.198, 14.731, 14.124, 11.949, 9.353, 8.786, 6.883, 0.0, 8.311, 11.768, 13.531, 18.542, 26.681, 35.997, 41.459, 45.865, 52.605, 56.124, 55.075, 52.025, 47.783, 45.99, 49.371, 54.033, 57.033, 58.313, 59.049, 60.263, 61.684, 62.371, 62.043, 61.232, 60.45, 59.974, 59.81, 59.678, 59.422, 58.131, 53.253, 46.759, 45.353, 45.697, 43.863, 43.662, 44.701, 44.701, 46.821, 48.237, 48.503, 48.229, 47.453, 46.207, 45.387, 45.968, 45.712, 43.759, 41.438, 39.243, 38.247, 38.674, 38.913, 38.748, 38.942, 39.644, 40.511, 41.016, 41.216, 41.721, 42.402, 42.776, 42.814, 42.422, 41.363, 39.303, 38.612, 41.345, 46.246, 48.853, 47.27, 43.843, 41.629, 41.273, 41.81, 42.12, 41.796, 41.21, 40.835, 40.357, 39.827, 39.659, 40.035, 40.766, 41.263, 41.293, 41.116, 41.023, 41.092, 41.346, 41.667, 42.029, 41.931, 40.874, 39.92, 39.961, 40.763, 41.844, 42.622, 42.671, 42.168, 41.745, 41.835, 41.876, 42.434, 43.683, 44.328, 44.486, 44.794, 45.143, 45.055, 44.488, 44.096, 44.346, 44.657, 44.296, 43.621, 42.838, 42.396, 42.607, 43.308, 43.726, 44.021, 44.378, 44.529, 44.25, 43.747, 43.22, 42.641, 42.126, 41.024, 33.081], [32.607, 29.491, 27.574, 25.678, 23.493, 21.977, 21.204, 20.871, 20.36, 18.475, 16.202, 15.717, 14.332, 8.311, 0.0, 5.024, 8.358, 13.64, 23.371, 34.114, 40.002, 44.623, 51.631, 55.293, 54.314, 51.543, 47.823, 46.323, 49.446, 53.958, 56.975, 58.315, 59.071, 60.259, 61.641, 62.3, 61.973, 61.186, 60.435, 59.988, 59.841, 59.717, 59.466, 58.23, 53.593, 47.497, 46.194, 46.505, 44.772, 44.529, 45.534, 45.339, 46.85, 48.117, 48.445, 48.161, 47.364, 46.084, 45.232, 45.701, 45.505, 43.758, 41.713, 39.833, 39.018, 39.419, 39.626, 39.467, 39.641, 40.309, 41.16, 41.66, 41.843, 42.284, 42.897, 43.264, 43.351, 43.029, 42.057, 40.122, 39.399, 41.837, 46.486, 48.997, 47.456, 44.165, 42.058, 41.774, 42.35, 42.684, 42.391, 41.832, 41.48, 41.082, 40.656, 40.529, 40.877, 41.542, 41.979, 41.98, 41.793, 41.694, 41.753, 41.989, 42.285, 42.624, 42.529, 41.525, 40.595, 40.601, 41.319, 42.287, 43.004, 43.072, 42.617, 42.232, 42.342, 42.393, 42.928, 44.103, 44.698, 44.816, 45.063, 45.362, 45.28, 44.751, 44.353, 44.537, 44.796, 44.465, 43.871, 43.165, 42.759, 42.965, 43.662, 44.107, 44.41, 44.757, 44.913, 44.664, 44.207, 43.734, 43.206, 42.711, 41.605, 36.347], [34.171, 31.134, 29.304, 27.512, 25.416, 23.947, 23.204, 22.883, 22.374, 20.615, 18.561, 18.117, 16.918, 11.768, 5.024, 0.0, 5.634, 12.331, 22.369, 33.439, 39.502, 44.219, 51.274, 54.951, 54.017, 51.45, 48.034, 46.707, 49.679, 54.028, 56.991, 58.338, 59.099, 60.267, 61.616, 62.257, 61.933, 61.159, 60.422, 59.986, 59.848, 59.733, 59.495, 58.305, 53.854, 48.062, 46.834, 47.115, 45.46, 45.203, 46.164, 45.919, 47.164, 48.296, 48.6, 48.3, 47.537, 46.289, 45.434, 45.827, 45.694, 44.115, 42.28, 40.637, 39.943, 40.277, 40.421, 40.253, 40.401, 41.008, 41.799, 42.269, 42.43, 42.827, 43.393, 43.745, 43.849, 43.561, 42.659, 40.886, 40.186, 42.365, 46.784, 49.208, 47.719, 44.571, 42.585, 42.348, 42.924, 43.251, 42.97, 42.427, 42.101, 41.765, 41.398, 41.266, 41.561, 42.161, 42.552, 42.537, 42.357, 42.271, 42.34, 42.569, 42.844, 43.167, 43.089, 42.16, 41.313, 41.347, 42.021, 42.906, 43.573, 43.654, 43.235, 42.857, 42.939, 42.951, 43.447, 44.562, 45.127, 45.232, 45.458, 45.738, 45.665, 45.17, 44.791, 44.946, 45.171, 44.858, 44.318, 43.665, 43.279, 43.465, 44.132, 44.57, 44.871, 45.21, 45.367, 45.139, 44.713, 44.281, 43.806, 43.352, 42.294, 37.723], [35.426, 32.451, 30.692, 28.975, 26.899, 25.359, 24.535, 24.16, 23.684, 22.062, 20.05, 19.547, 18.395, 13.531, 8.358, 5.634, 0.0, 9.149, 21.255, 32.691, 38.816, 43.659, 50.73, 54.403, 53.531, 51.152, 48.011, 46.879, 49.809, 54.062, 56.951, 58.245, 58.957, 60.091, 61.412, 62.036, 61.719, 60.964, 60.243, 59.811, 59.672, 59.562, 59.336, 58.191, 53.9, 48.336, 47.179, 47.432, 45.84, 45.584, 46.47, 46.191, 47.357, 48.479, 48.788, 48.445, 47.725, 46.579, 45.776, 46.102, 46.006, 44.592, 42.995, 41.599, 41.028, 41.31, 41.399, 41.222, 41.344, 41.894, 42.633, 43.084, 43.228, 43.572, 44.077, 44.391, 44.485, 44.215, 43.391, 41.806, 41.188, 43.12, 47.25, 49.566, 48.167, 45.201, 43.349, 43.168, 43.732, 44.046, 43.798, 43.285, 42.968, 42.665, 42.347, 42.218, 42.449, 42.968, 43.309, 43.285, 43.121, 43.058, 43.14, 43.354, 43.589, 43.879, 43.824, 43.005, 42.266, 42.323, 42.951, 43.761, 44.378, 44.459, 44.057, 43.674, 43.705, 43.625, 44.04, 45.083, 45.621, 45.719, 45.932, 46.203, 46.15, 45.699, 45.337, 45.46, 45.659, 45.389, 44.922, 44.327, 43.958, 44.107, 44.709, 45.111, 45.395, 45.722, 45.877, 45.669, 45.264, 44.853, 44.435, 44.064, 43.102, 38.907], [38.076, 35.406, 33.918, 32.466, 30.652, 29.274, 28.515, 28.126, 27.689, 26.323, 24.508, 23.935, 22.943, 18.542, 13.64, 12.331, 9.149, 0.0, 15.523, 28.903, 35.537, 40.65, 48.169, 52.077, 51.324, 49.315, 46.941, 46.439, 49.424, 53.54, 56.343, 57.586, 58.242, 59.341, 60.64, 61.259, 60.967, 60.253, 59.565, 59.142, 58.987, 58.855, 58.611, 57.488, 53.409, 48.327, 47.405, 47.576, 46.147, 45.957, 46.682, 46.391, 47.423, 48.334, 48.513, 48.242, 47.669, 46.646, 45.927, 46.258, 46.264, 45.106, 43.839, 42.781, 42.417, 42.675, 42.694, 42.49, 42.579, 43.092, 43.819, 44.265, 44.381, 44.67, 45.119, 45.384, 45.443, 45.187, 44.467, 43.11, 42.573, 44.135, 47.738, 49.822, 48.52, 45.834, 44.208, 44.112, 44.667, 44.995, 44.816, 44.366, 44.084, 43.857, 43.65, 43.589, 43.813, 44.259, 44.524, 44.46, 44.297, 44.258, 44.358, 44.557, 44.731, 44.952, 44.905, 44.218, 43.604, 43.672, 44.22, 44.931, 45.513, 45.636, 45.258, 44.856, 44.822, 44.599, 44.832, 45.809, 46.364, 46.467, 46.636, 46.879, 46.861, 46.468, 46.112, 46.172, 46.319, 46.1, 45.745, 45.241, 44.882, 44.971, 45.501, 45.882, 46.173, 46.509, 46.682, 46.495, 46.109, 45.742, 45.445, 45.228, 44.404, 41.15], [41.506, 39.286, 38.175, 37.055, 35.611, 34.517, 33.907, 33.555, 33.189, 32.197, 30.828, 30.267, 29.561, 26.681, 23.371, 22.369, 21.255, 15.523, 0.0, 16.483, 25.395, 31.377, 40.144, 44.773, 44.212, 43.028, 42.537, 43.713, 47.02, 50.76, 53.32, 54.551, 55.27, 56.412, 57.7, 58.302, 58.053, 57.433, 56.818, 56.397, 56.184, 55.982, 55.693, 54.658, 51.19, 47.516, 47.217, 47.241, 46.304, 46.314, 46.756, 46.609, 47.333, 47.3, 47.094, 47.213, 46.899, 45.938, 45.22, 45.544, 45.802, 45.22, 44.562, 44.112, 44.249, 44.499, 44.341, 44.135, 44.263, 44.746, 45.38, 45.732, 45.76, 45.959, 46.346, 46.549, 46.556, 46.363, 45.867, 44.841, 44.404, 45.392, 48.117, 49.832, 48.752, 46.603, 45.416, 45.48, 46.038, 46.376, 46.252, 45.858, 45.637, 45.523, 45.448, 45.437, 45.604, 45.902, 46.007, 45.849, 45.678, 45.691, 45.841, 46.026, 46.1, 46.215, 46.201, 45.754, 45.382, 45.52, 45.967, 46.558, 47.132, 47.361, 47.025, 46.531, 46.324, 45.864, 45.749, 46.621, 47.251, 47.435, 47.614, 47.87, 47.929, 47.639, 47.323, 47.305, 47.367, 47.191, 46.967, 46.577, 46.243, 46.26, 46.659, 46.979, 47.279, 47.641, 47.851, 47.708, 47.353, 47.075, 47.01, 47.088, 46.528, 44.045], [46.262, 44.518, 43.754, 42.968, 41.909, 41.082, 40.585, 40.28, 40.044, 39.446, 38.493, 37.999, 37.602, 35.997, 34.114, 33.439, 32.691, 28.903, 16.483, 0.0, 11.742, 20.14, 30.667, 35.923, 35.698, 35.882, 38.063, 41.458, 44.932, 47.895, 49.865, 50.948, 51.709, 52.855, 54.055, 54.591, 54.4, 53.928, 53.445, 53.055, 52.779, 52.507, 52.203, 51.408, 49.108, 47.666, 48.203, 48.061, 47.828, 48.087, 48.064, 47.991, 48.385, 47.484, 46.897, 47.54, 47.464, 46.346, 45.47, 45.901, 46.621, 46.819, 46.9, 47.228, 48.048, 48.324, 48.0, 47.813, 47.932, 48.291, 48.731, 48.918, 48.794, 48.784, 49.001, 49.16, 49.269, 49.353, 49.269, 48.748, 48.531, 48.797, 50.168, 51.343, 50.654, 49.318, 48.735, 48.973, 49.461, 49.706, 49.627, 49.384, 49.257, 49.28, 49.339, 49.329, 49.352, 49.413, 49.331, 49.118, 49.002, 49.11, 49.313, 49.447, 49.384, 49.385, 49.455, 49.391, 49.349, 49.485, 49.734, 50.137, 50.648, 50.976, 50.727, 50.148, 49.765, 49.111, 48.572, 49.16, 49.772, 50.037, 50.257, 50.548, 50.722, 50.622, 50.428, 50.351, 50.328, 50.254, 50.21, 49.978, 49.694, 49.593, 49.766, 49.969, 50.227, 50.545, 50.756, 50.694, 50.435, 50.257, 50.4, 50.77, 50.535, 48.178], [49.814, 48.225, 47.597, 46.993, 46.15, 45.466, 45.022, 44.738, 44.555, 44.109, 43.321, 42.873, 42.615, 41.459, 40.002, 39.502, 38.816, 35.537, 25.395, 11.742, 0.0, 12.207, 25.728, 31.5, 31.655, 33.122, 36.876, 41.54, 45.071, 47.507, 48.999, 49.839, 50.447, 51.465, 52.573, 53.092, 52.958, 52.575, 52.177, 51.824, 51.529, 51.232, 50.932, 50.271, 48.677, 48.577, 49.642, 49.38, 49.524, 49.967, 49.608, 49.344, 49.494, 48.363, 47.558, 48.41, 48.544, 47.401, 46.545, 47.063, 48.076, 48.746, 49.266, 50.058, 51.196, 51.422, 51.023, 50.865, 50.966, 51.223, 51.545, 51.659, 51.463, 51.317, 51.397, 51.486, 51.61, 51.794, 51.929, 51.845, 51.848, 51.637, 52.153, 52.911, 52.449, 51.654, 51.43, 51.721, 52.132, 52.313, 52.283, 52.153, 52.095, 52.209, 52.364, 52.365, 52.305, 52.229, 52.049, 51.819, 51.742, 51.897, 52.121, 52.227, 52.099, 52.032, 52.139, 52.295, 52.459, 52.585, 52.684, 52.929, 53.349, 53.702, 53.539, 52.996, 52.555, 51.78, 51.033, 51.465, 52.049, 52.328, 52.507, 52.754, 52.975, 53.001, 52.882, 52.745, 52.629, 52.602, 52.699, 52.603, 52.37, 52.196, 52.238, 52.391, 52.643, 52.938, 53.145, 53.139, 52.957, 52.854, 53.115, 53.636, 53.596, 51.425], [53.284, 51.728, 51.149, 50.708, 50.033, 49.412, 48.978, 48.699, 48.535, 48.158, 47.464, 47.045, 46.826, 45.865, 44.623, 44.219, 43.659, 40.65, 31.377, 20.14, 12.207, 0.0, 16.199, 23.51, 24.27, 27.429, 33.912, 40.152, 43.69, 45.522, 46.586, 47.413, 48.146, 49.238, 50.342, 50.844, 50.765, 50.506, 50.214, 49.891, 49.554, 49.194, 48.859, 48.383, 47.644, 48.885, 50.377, 50.068, 50.635, 51.136, 50.527, 50.274, 50.092, 48.609, 48.03, 49.326, 49.536, 48.173, 47.218, 47.736, 49.045, 50.175, 51.039, 52.129, 53.49, 53.617, 53.096, 52.942, 53.041, 53.255, 53.512, 53.571, 53.34, 53.146, 53.173, 53.238, 53.378, 53.598, 53.887, 54.099, 54.251, 53.689, 53.548, 53.895, 53.524, 53.129, 53.227, 53.638, 54.089, 54.339, 54.42, 54.368, 54.343, 54.525, 54.741, 54.726, 54.579, 54.393, 54.122, 53.844, 53.76, 53.938, 54.182, 54.276, 54.107, 53.999, 54.109, 54.399, 54.736, 54.93, 54.983, 55.125, 55.457, 55.803, 55.7, 55.188, 54.64, 53.691, 52.733, 53.019, 53.547, 53.83, 53.993, 54.231, 54.517, 54.635, 54.53, 54.307, 54.108, 54.11, 54.313, 54.327, 54.141, 53.921, 53.874, 54.004, 54.261, 54.553, 54.771, 54.8, 54.663, 54.622, 54.989, 55.657, 55.804, 54.677], [58.39, 57.039, 56.619, 56.404, 55.937, 55.397, 54.975, 54.704, 54.602, 54.383, 53.833, 53.438, 53.292, 52.605, 51.631, 51.274, 50.73, 48.169, 40.144, 30.667, 25.728, 16.199, 0.0, 9.434, 12.162, 18.96, 30.23, 39.023, 42.56, 43.219, 43.398, 44.143, 45.156, 46.367, 47.366, 47.784, 47.817, 47.777, 47.641, 47.342, 46.926, 46.454, 46.053, 45.867, 46.56, 49.954, 52.063, 51.672, 52.943, 53.687, 52.779, 52.916, 52.786, 50.873, 50.432, 52.007, 52.238, 50.75, 49.704, 50.149, 51.785, 53.467, 54.753, 56.271, 58.001, 58.087, 57.454, 57.286, 57.316, 57.401, 57.515, 57.48, 57.218, 56.958, 56.914, 56.987, 57.167, 57.43, 57.902, 58.468, 58.799, 57.845, 56.9, 56.726, 56.462, 56.545, 57.051, 57.641, 58.113, 58.36, 58.5, 58.563, 58.594, 58.849, 59.125, 59.079, 58.824, 58.497, 58.116, 57.792, 57.714, 57.919, 58.171, 58.217, 57.976, 57.826, 57.969, 58.458, 59.035, 59.348, 59.377, 59.379, 59.58, 59.929, 59.931, 59.441, 58.704, 57.549, 56.305, 56.217, 56.51, 56.753, 56.944, 57.22, 57.594, 57.827, 57.766, 57.486, 57.267, 57.364, 57.694, 57.842, 57.729, 57.471, 57.331, 57.447, 57.698, 57.949, 58.134, 58.182, 58.094, 58.115, 58.565, 59.365, 59.793, 59.468], [60.997, 59.758, 59.465, 59.382, 59.017, 58.517, 58.102, 57.824, 57.748, 57.615, 57.132, 56.742, 56.649, 56.124, 55.293, 54.951, 54.403, 52.077, 44.773, 35.923, 31.5, 23.51, 9.434, 0.0, 6.568, 17.216, 30.092, 39.745, 43.226, 43.273, 42.916, 43.451, 44.421, 45.557, 46.461, 46.87, 46.992, 47.055, 46.987, 46.721, 46.3, 45.802, 45.388, 45.299, 46.601, 51.024, 53.484, 53.008, 54.575, 55.541, 54.5, 54.695, 54.643, 52.709, 52.169, 53.715, 54.018, 52.643, 51.671, 52.099, 53.831, 55.715, 57.199, 58.912, 60.73, 60.783, 60.147, 59.977, 59.948, 59.93, 59.955, 59.885, 59.608, 59.3, 59.22, 59.314, 59.501, 59.728, 60.243, 61.023, 61.506, 60.401, 59.069, 58.651, 58.441, 58.724, 59.412, 60.073, 60.498, 60.681, 60.827, 60.962, 61.035, 61.323, 61.633, 61.586, 61.287, 60.896, 60.476, 60.156, 60.095, 60.311, 60.563, 60.585, 60.306, 60.125, 60.287, 60.873, 61.563, 61.926, 61.935, 61.857, 61.982, 62.337, 62.415, 61.967, 61.148, 59.867, 58.475, 58.18, 58.337, 58.549, 58.753, 59.042, 59.446, 59.74, 59.731, 59.443, 59.204, 59.327, 59.71, 59.93, 59.862, 59.586, 59.387, 59.476, 59.714, 59.935, 60.094, 60.148, 60.094, 60.161, 60.644, 61.471, 62.034, 61.962], [59.967, 58.704, 58.385, 58.327, 57.983, 57.493, 57.088, 56.803, 56.702, 56.56, 56.086, 55.691, 55.58, 55.075, 54.314, 54.017, 53.531, 51.324, 44.212, 35.698, 31.655, 24.27, 12.162, 6.568, 0.0, 12.86, 27.381, 37.697, 41.389, 41.526, 41.185, 41.708, 42.739, 43.973, 44.958, 45.387, 45.495, 45.567, 45.521, 45.261, 44.816, 44.28, 43.831, 43.692, 44.892, 49.358, 51.92, 51.437, 53.01, 54.107, 53.235, 53.483, 53.426, 51.519, 51.164, 52.748, 52.962, 51.51, 50.496, 50.923, 52.589, 54.364, 55.773, 57.44, 59.332, 59.474, 58.853, 58.674, 58.669, 58.708, 58.764, 58.691, 58.42, 58.149, 58.1, 58.206, 58.404, 58.635, 59.114, 59.771, 60.182, 59.237, 58.17, 57.855, 57.569, 57.729, 58.349, 58.982, 59.407, 59.594, 59.735, 59.864, 59.928, 60.184, 60.437, 60.335, 60.012, 59.629, 59.22, 58.901, 58.836, 59.038, 59.276, 59.297, 59.032, 58.874, 59.054, 59.615, 60.261, 60.602, 60.63, 60.589, 60.735, 61.069, 61.107, 60.654, 59.87, 58.611, 57.234, 56.979, 57.161, 57.399, 57.628, 57.937, 58.345, 58.64, 58.637, 58.365, 58.131, 58.225, 58.572, 58.757, 58.667, 58.392, 58.213, 58.311, 58.565, 58.821, 59.011, 59.073, 59.007, 59.056, 59.524, 60.341, 60.864, 60.879], [56.769, 55.56, 55.084, 54.971, 54.657, 54.205, 53.83, 53.54, 53.423, 53.306, 52.885, 52.501, 52.399, 52.025, 51.543, 51.45, 51.152, 49.315, 43.028, 35.882, 33.122, 27.429, 18.96, 17.216, 12.86, 0.0, 17.783, 30.871, 36.128, 36.942, 36.878, 37.516, 38.705, 40.166, 41.364, 41.85, 41.885, 41.894, 41.809, 41.485, 40.947, 40.309, 39.773, 39.426, 40.074, 44.352, 47.077, 46.668, 48.475, 49.826, 49.296, 50.41, 51.43, 49.708, 49.522, 51.02, 50.919, 49.214, 48.026, 48.535, 50.142, 51.52, 52.45, 53.72, 55.632, 55.99, 55.422, 55.233, 55.328, 55.546, 55.712, 55.676, 55.453, 55.245, 55.194, 55.243, 55.401, 55.542, 55.812, 56.156, 56.471, 55.997, 55.663, 55.607, 55.116, 54.991, 55.457, 56.04, 56.502, 56.703, 56.767, 56.821, 56.825, 56.974, 57.088, 56.916, 56.633, 56.35, 56.005, 55.696, 55.614, 55.782, 55.992, 56.02, 55.798, 55.715, 55.936, 56.385, 56.866, 57.167, 57.321, 57.437, 57.648, 57.935, 57.872, 57.361, 56.692, 55.625, 54.352, 54.204, 54.439, 54.697, 54.969, 55.306, 55.687, 55.934, 55.935, 55.753, 55.618, 55.67, 55.864, 55.902, 55.752, 55.526, 55.434, 55.533, 55.791, 56.089, 56.298, 56.32, 56.169, 56.102, 56.402, 57.055, 57.379, 57.43], [51.768, 50.855, 50.295, 50.032, 49.704, 49.347, 49.055, 48.777, 48.654, 48.591, 48.273, 47.929, 47.87, 47.783, 47.823, 48.034, 48.011, 46.941, 42.537, 38.063, 36.876, 33.912, 30.23, 30.092, 27.381, 17.783, 0.0, 17.685, 27.845, 31.209, 32.17, 32.9, 33.905, 35.487, 37.121, 37.883, 37.787, 37.476, 37.125, 36.659, 36.116, 35.566, 35.126, 34.451, 33.604, 36.806, 39.669, 39.441, 41.715, 43.637, 43.383, 45.525, 48.496, 47.587, 47.353, 48.401, 48.053, 46.419, 45.392, 46.034, 47.338, 47.947, 48.07, 48.613, 50.222, 50.768, 50.316, 50.173, 50.445, 50.882, 51.163, 51.171, 51.008, 50.883, 50.839, 50.783, 50.778, 50.697, 50.741, 50.817, 51.139, 51.39, 52.111, 52.475, 51.75, 51.127, 51.233, 51.671, 52.161, 52.369, 52.292, 52.234, 52.165, 52.177, 52.137, 51.939, 51.78, 51.694, 51.495, 51.229, 51.107, 51.205, 51.37, 51.405, 51.231, 51.213, 51.411, 51.621, 51.901, 52.264, 52.68, 52.977, 53.191, 53.402, 53.31, 52.83, 52.331, 51.584, 50.602, 50.529, 50.705, 50.907, 51.203, 51.524, 51.777, 51.889, 51.887, 51.84, 51.837, 51.847, 51.855, 51.72, 51.543, 51.436, 51.483, 51.579, 51.815, 52.107, 52.262, 52.17, 51.897, 51.671, 51.678, 52.007, 52.013, 52.048], [49.013, 48.507, 48.105, 47.775, 47.383, 47.087, 46.917, 46.718, 46.589, 46.532, 46.322, 46.05, 45.964, 45.99, 46.323, 46.707, 46.879, 46.439, 43.713, 41.458, 41.54, 40.152, 39.023, 39.745, 37.697, 30.871, 17.685, 0.0, 15.648, 23.559, 26.885, 28.358, 29.52, 31.394, 33.432, 34.366, 34.117, 33.542, 33.004, 32.528, 32.206, 31.985, 31.837, 31.217, 29.424, 31.401, 34.253, 34.316, 36.932, 39.247, 39.402, 41.95, 45.732, 45.882, 46.524, 47.397, 46.795, 45.259, 44.326, 45.104, 46.211, 46.336, 45.942, 45.958, 47.224, 47.905, 47.649, 47.619, 48.003, 48.563, 48.932, 48.982, 48.895, 48.903, 48.911, 48.761, 48.567, 48.371, 48.307, 47.983, 48.059, 48.714, 50.115, 50.869, 50.069, 49.067, 48.892, 49.227, 49.704, 49.933, 49.827, 49.729, 49.602, 49.506, 49.397, 49.277, 49.298, 49.41, 49.363, 49.163, 49.017, 49.045, 49.156, 49.171, 49.016, 49.037, 49.139, 49.006, 48.988, 49.38, 49.99, 50.418, 50.618, 50.75, 50.695, 50.383, 50.187, 49.869, 49.262, 49.176, 49.119, 49.195, 49.525, 49.859, 50.001, 49.976, 49.961, 50.013, 50.077, 50.031, 49.907, 49.641, 49.472, 49.566, 49.872, 50.043, 50.19, 50.356, 50.4, 50.215, 49.888, 49.573, 49.339, 49.386, 49.217, 48.955], [51.725, 51.419, 51.306, 51.169, 50.802, 50.455, 50.291, 50.16, 50.065, 50.003, 49.812, 49.58, 49.48, 49.371, 49.446, 49.679, 49.809, 49.424, 47.02, 44.932, 45.071, 43.69, 42.56, 43.226, 41.389, 36.128, 27.845, 15.648, 0.0, 11.738, 18.823, 22.642, 24.976, 27.263, 29.159, 29.777, 29.368, 28.886, 28.596, 28.447, 28.473, 28.504, 28.498, 28.263, 27.828, 31.65, 34.854, 34.942, 37.965, 40.115, 40.412, 43.21, 46.194, 46.439, 47.976, 49.463, 48.831, 46.958, 45.667, 46.288, 47.647, 48.284, 48.43, 48.987, 50.463, 51.036, 50.788, 50.808, 51.096, 51.427, 51.598, 51.548, 51.408, 51.333, 51.272, 51.075, 50.901, 50.908, 51.139, 50.975, 50.808, 50.822, 51.547, 52.068, 51.518, 50.942, 51.098, 51.57, 52.081, 52.402, 52.401, 52.378, 52.322, 52.327, 52.275, 52.116, 52.023, 51.996, 51.875, 51.676, 51.563, 51.618, 51.724, 51.688, 51.48, 51.486, 51.621, 51.576, 51.609, 51.963, 52.464, 52.749, 52.811, 52.889, 52.899, 52.64, 52.456, 52.227, 51.652, 51.42, 51.243, 51.257, 51.603, 51.991, 52.169, 52.162, 52.157, 52.171, 52.19, 52.191, 52.173, 52.015, 51.914, 52.053, 52.407, 52.603, 52.65, 52.672, 52.65, 52.474, 52.187, 51.926, 51.741, 51.82, 51.804, 51.607], [55.653, 55.365, 55.43, 55.517, 55.283, 54.947, 54.762, 54.64, 54.575, 54.558, 54.409, 54.189, 54.12, 54.033, 53.958, 54.028, 54.062, 53.54, 50.76, 47.895, 47.507, 45.522, 43.219, 43.273, 41.526, 36.942, 31.209, 23.559, 11.738, 0.0, 9.924, 16.87, 21.171, 24.069, 25.798, 26.132, 25.659, 25.443, 25.614, 25.832, 25.936, 25.854, 25.762, 25.896, 27.439, 33.961, 37.703, 37.601, 41.054, 43.133, 43.081, 46.029, 48.645, 48.371, 49.981, 52.215, 51.992, 50.008, 48.417, 48.706, 50.217, 51.374, 52.093, 53.226, 54.958, 55.354, 54.999, 55.008, 55.225, 55.389, 55.372, 55.2, 54.966, 54.73, 54.524, 54.274, 54.179, 54.44, 55.034, 55.22, 55.01, 54.345, 54.132, 54.193, 53.883, 53.892, 54.507, 55.132, 55.643, 56.012, 56.122, 56.201, 56.22, 56.349, 56.405, 56.249, 56.047, 55.859, 55.618, 55.382, 55.294, 55.391, 55.511, 55.44, 55.17, 55.137, 55.344, 55.556, 55.827, 56.204, 56.576, 56.68, 56.623, 56.704, 56.754, 56.443, 56.104, 55.829, 55.207, 54.823, 54.575, 54.569, 54.904, 55.31, 55.555, 55.645, 55.684, 55.642, 55.604, 55.667, 55.785, 55.764, 55.716, 55.792, 56.037, 56.188, 56.178, 56.13, 56.094, 55.97, 55.753, 55.569, 55.504, 55.717, 55.879, 55.58], [57.935, 57.644, 57.778, 58.002, 57.927, 57.69, 57.518, 57.379, 57.32, 57.355, 57.262, 57.054, 57.019, 57.033, 56.975, 56.991, 56.951, 56.343, 53.32, 49.865, 48.999, 46.586, 43.398, 42.916, 41.185, 36.878, 32.17, 26.885, 18.823, 9.924, 0.0, 9.087, 15.563, 19.528, 21.474, 21.851, 21.529, 21.661, 22.223, 22.606, 22.615, 22.389, 22.269, 22.739, 25.875, 34.541, 38.848, 38.552, 42.307, 44.485, 44.111, 47.108, 49.734, 49.183, 50.71, 53.298, 53.583, 51.953, 50.417, 50.559, 52.148, 53.554, 54.504, 55.843, 57.619, 57.885, 57.459, 57.489, 57.712, 57.834, 57.743, 57.519, 57.24, 56.906, 56.588, 56.289, 56.216, 56.551, 57.295, 57.79, 57.75, 56.772, 56.02, 55.763, 55.529, 55.869, 56.724, 57.381, 57.84, 58.218, 58.407, 58.541, 58.572, 58.763, 58.909, 58.774, 58.518, 58.242, 57.928, 57.658, 57.569, 57.672, 57.782, 57.686, 57.373, 57.299, 57.554, 57.977, 58.472, 58.919, 59.229, 59.223, 59.093, 59.19, 59.285, 58.962, 58.539, 58.2, 57.555, 57.167, 56.928, 56.896, 57.168, 57.541, 57.83, 58.005, 58.07, 57.971, 57.875, 57.952, 58.132, 58.183, 58.154, 58.152, 58.273, 58.38, 58.378, 58.341, 58.33, 58.26, 58.109, 58.017, 58.08, 58.384, 58.564, 57.854], [58.765, 58.51, 58.653, 58.919, 58.936, 58.777, 58.627, 58.477, 58.421, 58.497, 58.439, 58.238, 58.226, 58.313, 58.315, 58.338, 58.245, 57.586, 54.551, 50.948, 49.839, 47.413, 44.143, 43.451, 41.708, 37.516, 32.9, 28.358, 22.642, 16.87, 9.087, 0.0, 8.122, 13.556, 16.196, 16.903, 16.869, 17.377, 18.256, 18.695, 18.581, 18.311, 18.303, 19.063, 23.29, 33.488, 38.299, 37.889, 41.824, 44.063, 43.454, 46.44, 49.135, 48.588, 50.151, 52.771, 53.369, 52.298, 51.251, 51.595, 53.22, 54.637, 55.576, 56.912, 58.675, 58.916, 58.486, 58.56, 58.818, 58.932, 58.817, 58.592, 58.323, 57.987, 57.638, 57.292, 57.155, 57.36, 58.054, 58.808, 59.001, 57.949, 57.059, 56.7, 56.445, 56.882, 57.795, 58.411, 58.793, 59.136, 59.334, 59.473, 59.49, 59.682, 59.851, 59.713, 59.435, 59.133, 58.803, 58.534, 58.452, 58.547, 58.636, 58.524, 58.196, 58.1, 58.373, 58.891, 59.496, 59.978, 60.247, 60.17, 59.992, 60.097, 60.229, 59.927, 59.476, 59.086, 58.47, 58.18, 58.011, 57.953, 58.145, 58.468, 58.781, 59.012, 59.082, 58.936, 58.789, 58.851, 59.046, 59.124, 59.099, 59.046, 59.075, 59.135, 59.161, 59.173, 59.196, 59.154, 59.041, 59.026, 59.206, 59.57, 59.715, 58.586], [59.282, 59.087, 59.227, 59.488, 59.52, 59.381, 59.242, 59.093, 59.049, 59.155, 59.111, 58.912, 58.924, 59.049, 59.071, 59.099, 58.957, 58.242, 55.27, 51.709, 50.447, 48.146, 45.156, 44.421, 42.739, 38.705, 33.905, 29.52, 24.976, 21.171, 15.563, 8.122, 0.0, 6.478, 10.286, 11.747, 12.086, 12.854, 13.934, 14.446, 14.324, 14.17, 14.42, 15.558, 20.854, 32.382, 37.677, 37.209, 41.341, 43.668, 42.816, 45.774, 48.621, 48.111, 49.566, 52.022, 52.615, 51.933, 51.637, 52.536, 54.251, 55.595, 56.464, 57.703, 59.363, 59.563, 59.136, 59.239, 59.519, 59.634, 59.518, 59.311, 59.068, 58.747, 58.385, 58.014, 57.846, 57.951, 58.583, 59.516, 59.849, 58.723, 57.807, 57.462, 57.231, 57.702, 58.605, 59.157, 59.454, 59.742, 59.912, 60.03, 60.033, 60.226, 60.412, 60.279, 59.991, 59.677, 59.343, 59.085, 59.017, 59.117, 59.209, 59.093, 58.759, 58.649, 58.93, 59.495, 60.154, 60.656, 60.896, 60.77, 60.566, 60.689, 60.869, 60.608, 60.148, 59.701, 59.113, 58.926, 58.83, 58.751, 58.861, 59.128, 59.444, 59.701, 59.764, 59.583, 59.399, 59.444, 59.638, 59.729, 59.702, 59.604, 59.56, 59.567, 59.603, 59.647, 59.683, 59.645, 59.539, 59.571, 59.848, 60.271, 60.392, 58.981], [60.257, 60.119, 60.279, 60.546, 60.59, 60.461, 60.328, 60.193, 60.173, 60.306, 60.273, 60.082, 60.119, 60.263, 60.259, 60.267, 60.091, 59.341, 56.412, 52.855, 51.465, 49.238, 46.367, 45.557, 43.973, 40.166, 35.487, 31.394, 27.263, 24.069, 19.528, 13.556, 6.478, 0.0, 4.752, 7.181, 8.167, 9.334, 10.671, 11.361, 11.368, 11.451, 12.017, 13.614, 20.082, 32.658, 38.269, 37.783, 42.056, 44.433, 43.424, 46.38, 49.253, 48.709, 49.966, 52.227, 52.683, 52.154, 52.335, 53.671, 55.528, 56.9, 57.785, 59.009, 60.583, 60.712, 60.284, 60.401, 60.667, 60.745, 60.602, 60.393, 60.156, 59.821, 59.427, 59.036, 58.86, 58.941, 59.585, 60.662, 61.071, 59.834, 58.813, 58.452, 58.288, 58.838, 59.755, 60.275, 60.521, 60.773, 60.932, 61.05, 61.052, 61.263, 61.478, 61.354, 61.052, 60.715, 60.368, 60.108, 60.04, 60.143, 60.239, 60.12, 59.773, 59.65, 59.933, 60.533, 61.24, 61.762, 61.977, 61.81, 61.585, 61.73, 61.966, 61.756, 61.291, 60.792, 60.205, 60.063, 60.003, 59.911, 59.956, 60.166, 60.468, 60.729, 60.777, 60.562, 60.352, 60.399, 60.61, 60.726, 60.704, 60.574, 60.485, 60.476, 60.526, 60.583, 60.623, 60.588, 60.489, 60.551, 60.901, 61.383, 61.541, 59.867], [61.489, 61.376, 61.554, 61.837, 61.901, 61.78, 61.646, 61.531, 61.541, 61.692, 61.664, 61.483, 61.539, 61.684, 61.641, 61.616, 61.412, 60.64, 57.7, 54.055, 52.573, 50.342, 47.366, 46.461, 44.958, 41.364, 37.121, 33.432, 29.159, 25.798, 21.474, 16.196, 10.286, 4.752, 0.0, 3.15, 5.318, 7.486, 9.321, 10.218, 10.32, 10.559, 11.318, 13.306, 20.719, 33.902, 39.617, 39.124, 43.439, 45.77, 44.71, 47.702, 50.412, 49.805, 51.023, 53.189, 53.538, 53.023, 53.25, 54.648, 56.612, 58.097, 59.09, 60.425, 62.03, 62.115, 61.679, 61.804, 62.038, 62.049, 61.85, 61.618, 61.37, 61.003, 60.571, 60.154, 59.959, 60.048, 60.757, 61.958, 62.422, 61.074, 59.878, 59.443, 59.353, 60.025, 61.007, 61.534, 61.772, 62.024, 62.201, 62.339, 62.354, 62.584, 62.814, 62.686, 62.359, 61.991, 61.623, 61.35, 61.278, 61.379, 61.475, 61.347, 60.988, 60.854, 61.141, 61.775, 62.518, 63.045, 63.233, 63.026, 62.779, 62.934, 63.206, 63.023, 62.538, 62.009, 61.409, 61.255, 61.194, 61.095, 61.109, 61.289, 61.581