[[0.0, 4.106, 11.256, 18.979, 23.142, 24.529, 25.266, 25.878, 26.477, 27.196, 28.33, 29.326, 29.69, 29.791, 30.329, 31.078, 31.397, 31.386, 31.78, 32.713, 33.34, 33.463, 33.605, 34.249, 35.213, 35.941, 36.294, 36.449, 36.461, 36.525, 36.824, 37.235, 37.433, 37.369, 37.173, 37.027, 37.076, 37.373, 37.861, 38.248, 38.207, 37.792, 37.598, 38.13, 39.061, 39.656, 39.602, 39.36, 39.714, 40.552, 40.804, 40.001, 38.921, 38.409, 38.56, 38.903, 38.973, 39.0, 39.227, 39.583, 39.791, 39.944, 40.298, 40.565, 40.214, 39.624, 39.519, 40.108, 41.018, 41.59, 41.865, 42.16, 42.245, 42.238, 42.726, 43.823, 44.923, 45.528, 45.861, 46.357, 46.758, 46.226, 44.563, 42.703, 41.53, 41.342, 41.728, 42.128, 42.297, 42.192, 41.892, 41.552, 41.311, 41.137, 40.843, 40.327, 39.937, 40.169, 40.743, 41.147, 41.385, 41.751, 42.684, 43.842, 44.587, 44.681, 44.216, 43.544, 43.155, 43.235, 43.74, 44.44, 44.946, 45.147, 45.125, 44.904, 44.544, 44.36, 44.449, 44.628, 44.691, 44.566, 44.359, 44.159, 44.015, 44.017, 44.033, 43.748, 43.108, 42.479, 42.129, 41.841, 41.568, 41.527, 41.301, 40.227, 38.197, 35.541, 33.862, 33.787, 34.977, 36.328, 37.2, 37.626, 37.703, 37.542, 37.334, 37.259, 37.27, 37.142, 36.607, 36.026, 35.672, 35.493, 35.487, 35.611, 35.571, 2.727], [4.106, 0.0, 7.707, 16.118, 20.75, 22.287, 23.11, 23.864, 24.695, 25.719, 27.121, 28.235, 28.595, 28.658, 29.204, 29.97, 30.265, 30.267, 30.812, 31.923, 32.615, 32.707, 32.817, 33.486, 34.507, 35.269, 35.62, 35.765, 35.771, 35.839, 36.156, 36.59, 36.795, 36.718, 36.51, 36.371, 36.435, 36.751, 37.269, 37.686, 37.658, 37.222, 37.001, 37.551, 38.541, 39.181, 39.128, 38.858, 39.224, 40.107, 40.37, 39.534, 38.426, 37.905, 38.079, 38.457, 38.55, 38.59, 38.835, 39.214, 39.445, 39.629, 40.021, 40.3, 39.921, 39.293, 39.192, 39.828, 40.786, 41.373, 41.634, 41.903, 41.964, 41.952, 42.468, 43.612, 44.742, 45.34, 45.653, 46.14, 46.544, 46.004, 44.312, 42.393, 41.147, 40.921, 41.309, 41.715, 41.87, 41.735, 41.405, 41.046, 40.8, 40.633, 40.348, 39.839, 39.461, 39.71, 40.284, 40.677, 40.939, 41.398, 42.482, 43.77, 44.58, 44.688, 44.204, 43.497, 43.082, 43.164, 43.69, 44.411, 44.925, 45.12, 45.083, 44.843, 44.465, 44.264, 44.345, 44.524, 44.588, 44.461, 44.254, 44.071, 43.966, 44.015, 44.067, 43.781, 43.094, 42.389, 41.974, 41.652, 41.375, 41.35, 41.104, 39.929, 37.701, 34.808, 32.986, 33.004, 34.364, 35.832, 36.771, 37.219, 37.294, 37.127, 36.91, 36.821, 36.826, 36.697, 36.142, 35.52, 35.119, 34.904, 34.887, 35.021, 34.994, 5.48], [11.256, 7.707, 0.0, 9.25, 15.034, 17.235, 18.455, 19.589, 20.951, 22.617, 24.563, 25.947, 26.381, 26.507, 27.225, 28.135, 28.427, 28.458, 29.282, 30.717, 31.52, 31.564, 31.649, 32.385, 33.517, 34.353, 34.707, 34.834, 34.835, 34.915, 35.267, 35.737, 35.939, 35.825, 35.598, 35.472, 35.554, 35.891, 36.439, 36.895, 36.892, 36.43, 36.154, 36.703, 37.764, 38.476, 38.428, 38.101, 38.456, 39.388, 39.668, 38.805, 37.674, 37.148, 37.343, 37.765, 37.895, 37.952, 38.201, 38.588, 38.841, 39.068, 39.516, 39.81, 39.375, 38.682, 38.58, 39.277, 40.295, 40.905, 41.161, 41.413, 41.45, 41.421, 41.959, 43.175, 44.364, 44.959, 45.236, 45.704, 46.111, 45.566, 43.843, 41.863, 40.539, 40.273, 40.661, 41.064, 41.183, 40.992, 40.613, 40.224, 39.967, 39.806, 39.533, 39.05, 38.711, 39.001, 39.577, 39.95, 40.273, 40.925, 42.276, 43.755, 44.622, 44.719, 44.195, 43.448, 43.019, 43.117, 43.673, 44.414, 44.928, 45.105, 45.041, 44.778, 44.385, 44.174, 44.245, 44.413, 44.468, 44.331, 44.128, 43.977, 43.937, 44.067, 44.185, 43.916, 43.166, 42.343, 41.825, 41.46, 41.187, 41.166, 40.837, 39.464, 36.945, 33.747, 31.774, 32.012, 33.635, 35.253, 36.273, 36.75, 36.825, 36.646, 36.41, 36.301, 36.302, 36.172, 35.589, 34.901, 34.421, 34.148, 34.111, 34.261, 34.247, 11.675], [18.979, 16.118, 9.25, 0.0, 7.119, 10.783, 13.018, 14.942, 17.159, 19.653, 22.219, 23.92, 24.522, 24.858, 25.864, 26.98, 27.334, 27.481, 28.608, 30.303, 31.167, 31.162, 31.231, 32.014, 33.225, 34.136, 34.516, 34.639, 34.646, 34.749, 35.128, 35.609, 35.787, 35.638, 35.397, 35.273, 35.357, 35.696, 36.25, 36.72, 36.743, 36.278, 35.955, 36.466, 37.545, 38.301, 38.264, 37.885, 38.185, 39.1, 39.38, 38.526, 37.404, 36.882, 37.081, 37.528, 37.694, 37.757, 37.974, 38.33, 38.582, 38.843, 39.333, 39.638, 39.179, 38.461, 38.363, 39.075, 40.096, 40.703, 40.966, 41.225, 41.265, 41.234, 41.781, 43.03, 44.247, 44.837, 45.093, 45.552, 45.959, 45.415, 43.688, 41.699, 40.355, 40.074, 40.462, 40.857, 40.953, 40.737, 40.34, 39.931, 39.659, 39.49, 39.223, 38.781, 38.51, 38.846, 39.418, 39.778, 40.156, 40.926, 42.381, 43.898, 44.739, 44.807, 44.271, 43.523, 43.102, 43.208, 43.762, 44.493, 44.989, 45.143, 45.064, 44.801, 44.421, 44.224, 44.294, 44.447, 44.486, 44.346, 44.152, 44.019, 44.004, 44.163, 44.31, 44.054, 43.275, 42.391, 41.823, 41.447, 41.182, 41.136, 40.722, 39.23, 36.61, 33.362, 31.461, 31.906, 33.637, 35.3, 36.349, 36.841, 36.916, 36.738, 36.499, 36.38, 36.374, 36.238, 35.644, 34.93, 34.411, 34.098, 34.041, 34.19, 34.17, 19.08], [23.142, 20.75, 15.034, 7.119, 0.0, 5.036, 8.572, 11.556, 14.644, 17.794, 20.802, 22.726, 23.415, 23.828, 24.933, 26.125, 26.539, 26.853, 28.242, 30.095, 30.983, 30.963, 31.053, 31.893, 33.169, 34.137, 34.542, 34.666, 34.671, 34.785, 35.185, 35.678, 35.852, 35.691, 35.436, 35.293, 35.362, 35.705, 36.28, 36.779, 36.822, 36.348, 35.986, 36.469, 37.554, 38.333, 38.305, 37.913, 38.199, 39.104, 39.368, 38.495, 37.363, 36.843, 37.048, 37.507, 37.688, 37.754, 37.956, 38.297, 38.552, 38.838, 39.358, 39.675, 39.212, 38.487, 38.39, 39.111, 40.138, 40.751, 41.024, 41.293, 41.347, 41.332, 41.906, 43.182, 44.409, 44.995, 45.254, 45.721, 46.131, 45.577, 43.826, 41.807, 40.438, 40.152, 40.554, 40.962, 41.059, 40.846, 40.448, 40.023, 39.73, 39.547, 39.275, 38.849, 38.613, 38.976, 39.561, 39.927, 40.315, 41.088, 42.508, 43.972, 44.777, 44.836, 44.298, 43.545, 43.118, 43.219, 43.768, 44.493, 44.98, 45.124, 45.039, 44.779, 44.411, 44.227, 44.302, 44.455, 44.495, 44.359, 44.171, 44.036, 44.005, 44.142, 44.277, 44.02, 43.236, 42.341, 41.766, 41.394, 41.131, 41.067, 40.618, 39.083, 36.437, 33.203, 31.41, 31.99, 33.764, 35.447, 36.518, 37.012, 37.077, 36.895, 36.659, 36.538, 36.52, 36.369, 35.757, 35.024, 34.487, 34.153, 34.078, 34.216, 34.176, 23.203], [24.529, 22.287, 17.235, 10.783, 5.036, 0.0, 4.32, 8.428, 12.535, 16.388, 19.78, 21.815, 22.445, 22.761, 23.823, 25.002, 25.428, 25.852, 27.444, 29.441, 30.371, 30.354, 30.478, 31.392, 32.745, 33.757, 34.176, 34.296, 34.296, 34.417, 34.839, 35.355, 35.538, 35.374, 35.109, 34.949, 35.006, 35.365, 35.992, 36.548, 36.618, 36.127, 35.74, 36.231, 37.351, 38.154, 38.13, 37.742, 38.061, 39.0, 39.255, 38.335, 37.164, 36.632, 36.849, 37.32, 37.498, 37.559, 37.765, 38.111, 38.374, 38.681, 39.23, 39.56, 39.08, 38.335, 38.245, 38.992, 40.05, 40.687, 40.981, 41.268, 41.327, 41.327, 41.939, 43.257, 44.502, 45.086, 45.345, 45.821, 46.235, 45.664, 43.871, 41.802, 40.396, 40.107, 40.525, 40.946, 41.051, 40.842, 40.439, 39.997, 39.688, 39.497, 39.22, 38.781, 38.537, 38.908, 39.502, 39.863, 40.241, 41.022, 42.468, 43.958, 44.782, 44.836, 44.271, 43.485, 43.038, 43.141, 43.706, 44.448, 44.944, 45.092, 45.005, 44.74, 44.367, 44.179, 44.253, 44.41, 44.458, 44.325, 44.133, 43.992, 43.954, 44.083, 44.211, 43.947, 43.151, 42.236, 41.638, 41.25, 40.987, 40.934, 40.486, 38.908, 36.161, 32.81, 30.974, 31.651, 33.536, 35.279, 36.38, 36.877, 36.933, 36.748, 36.51, 36.379, 36.35, 36.192, 35.563, 34.801, 34.23, 33.868, 33.777, 33.911, 33.857, 24.606], [25.266, 23.11, 18.455, 13.018, 8.572, 4.32, 0.0, 4.922, 10.2, 14.987, 18.83, 20.924, 21.453, 21.721, 22.821, 24.036, 24.508, 25.044, 26.773, 28.872, 29.843, 29.84, 29.987, 30.94, 32.337, 33.381, 33.815, 33.944, 33.955, 34.092, 34.53, 35.055, 35.236, 35.071, 34.809, 34.651, 34.711, 35.084, 35.741, 36.333, 36.425, 35.947, 35.576, 36.093, 37.239, 38.056, 38.036, 37.657, 37.998, 38.961, 39.219, 38.278, 37.073, 36.522, 36.747, 37.229, 37.408, 37.466, 37.672, 38.02, 38.286, 38.602, 39.163, 39.497, 39.013, 38.269, 38.188, 38.942, 40.003, 40.649, 40.96, 41.262, 41.324, 41.327, 41.956, 43.292, 44.543, 45.12, 45.374, 45.851, 46.268, 45.693, 43.883, 41.793, 40.38, 40.096, 40.52, 40.944, 41.048, 40.837, 40.433, 39.985, 39.669, 39.474, 39.192, 38.744, 38.487, 38.855, 39.446, 39.801, 40.18, 40.986, 42.473, 44.0, 44.846, 44.894, 44.308, 43.498, 43.038, 43.14, 43.713, 44.461, 44.961, 45.115, 45.032, 44.763, 44.381, 44.182, 44.249, 44.409, 44.462, 44.33, 44.135, 43.993, 43.957, 44.088, 44.212, 43.939, 43.137, 42.214, 41.601, 41.195, 40.928, 40.891, 40.458, 38.863, 36.055, 32.643, 30.771, 31.477, 33.415, 35.185, 36.291, 36.784, 36.841, 36.664, 36.435, 36.305, 36.275, 36.121, 35.489, 34.713, 34.122, 33.744, 33.644, 33.775, 33.716, 25.328], [25.878, 23.864, 19.589, 14.942, 11.556, 8.428, 4.922, 0.0, 6.188, 12.196, 16.824, 19.181, 19.715, 20.116, 21.529, 22.991, 23.58, 24.199, 26.022, 28.205, 29.23, 29.26, 29.441, 30.44, 31.902, 32.998, 33.462, 33.61, 33.645, 33.808, 34.26, 34.779, 34.95, 34.794, 34.559, 34.428, 34.504, 34.884, 35.544, 36.142, 36.253, 35.815, 35.5, 36.06, 37.22, 38.036, 38.02, 37.652, 37.996, 38.956, 39.217, 38.281, 37.069, 36.515, 36.739, 37.222, 37.405, 37.464, 37.665, 38.006, 38.267, 38.578, 39.138, 39.48, 39.014, 38.292, 38.221, 38.966, 40.009, 40.643, 40.957, 41.271, 41.34, 41.344, 41.965, 43.285, 44.522, 45.083, 45.319, 45.789, 46.206, 45.633, 43.823, 41.736, 40.341, 40.072, 40.5, 40.918, 41.013, 40.799, 40.402, 39.965, 39.654, 39.46, 39.178, 38.724, 38.456, 38.811, 39.387, 39.733, 40.13, 40.997, 42.546, 44.103, 44.942, 44.972, 44.383, 43.574, 43.11, 43.204, 43.768, 44.511, 45.01, 45.164, 45.075, 44.794, 44.395, 44.178, 44.232, 44.387, 44.442, 44.31, 44.118, 43.988, 43.974, 44.124, 44.256, 43.985, 43.185, 42.268, 41.652, 41.232, 40.953, 40.922, 40.504, 38.912, 36.095, 32.685, 30.824, 31.528, 33.458, 35.212, 36.293, 36.771, 36.824, 36.655, 36.445, 36.337, 36.322, 36.172, 35.536, 34.749, 34.156, 33.779, 33.677, 33.804, 33.744, 25.887], [26.477, 24.695, 20.951, 17.159, 14.644, 12.535, 10.2, 6.188, 0.0, 7.031, 12.703, 15.741, 16.652, 17.541, 19.684, 21.744, 22.589, 23.22, 25.036, 27.276, 28.376, 28.467, 28.708, 29.807, 31.391, 32.576, 33.094, 33.283, 33.357, 33.557, 34.025, 34.534, 34.698, 34.572, 34.4, 34.324, 34.43, 34.82, 35.477, 36.066, 36.185, 35.793, 35.555, 36.169, 37.326, 38.119, 38.097, 37.742, 38.077, 39.006, 39.258, 38.351, 37.184, 36.659, 36.866, 37.32, 37.492, 37.542, 37.726, 38.045, 38.283, 38.567, 39.109, 39.461, 39.036, 38.353, 38.281, 38.993, 39.997, 40.607, 40.923, 41.258, 41.351, 41.362, 41.964, 43.244, 44.443, 44.976, 45.195, 45.658, 46.071, 45.488, 43.668, 41.595, 40.244, 40.018, 40.46, 40.869, 40.949, 40.738, 40.365, 39.963, 39.685, 39.516, 39.251, 38.804, 38.523, 38.855, 39.414, 39.76, 40.196, 41.138, 42.74, 44.287, 45.065, 45.051, 44.465, 43.681, 43.226, 43.305, 43.841, 44.559, 45.05, 45.195, 45.094, 44.8, 44.387, 44.153, 44.185, 44.325, 44.374, 44.241, 44.054, 43.946, 43.972, 44.161, 44.322, 44.072, 43.292, 42.395, 41.792, 41.373, 41.087, 41.056, 40.65, 39.093, 36.333, 32.994, 31.189, 31.841, 33.684, 35.366, 36.394, 36.851, 36.894, 36.722, 36.535, 36.471, 36.493, 36.352, 35.709, 34.929, 34.361, 34.005, 33.909, 34.033, 33.971, 26.417], [27.196, 25.719, 22.617, 19.653, 17.794, 16.388, 14.987, 12.196, 7.031, 0.0, 6.408, 10.497, 12.515, 14.635, 17.946, 20.829, 22.091, 22.731, 24.365, 26.537, 27.686, 27.867, 28.186, 29.378, 31.062, 32.323, 32.912, 33.173, 33.303, 33.54, 34.024, 34.536, 34.716, 34.646, 34.551, 34.536, 34.679, 35.083, 35.735, 36.304, 36.413, 36.054, 35.875, 36.502, 37.605, 38.345, 38.312, 37.969, 38.268, 39.12, 39.347, 38.492, 37.411, 36.936, 37.115, 37.514, 37.65, 37.673, 37.823, 38.105, 38.305, 38.537, 39.024, 39.368, 39.004, 38.378, 38.289, 38.922, 39.85, 40.437, 40.785, 41.182, 41.326, 41.352, 41.915, 43.121, 44.262, 44.781, 45.013, 45.488, 45.888, 45.274, 43.448, 41.424, 40.161, 40.003, 40.466, 40.866, 40.931, 40.721, 40.383, 40.041, 39.827, 39.712, 39.494, 39.077, 38.789, 39.091, 39.644, 40.03, 40.515, 41.465, 43.018, 44.489, 45.161, 45.067, 44.467, 43.711, 43.283, 43.361, 43.86, 44.533, 44.99, 45.105, 44.99, 44.701, 44.302, 44.072, 44.091, 44.211, 44.248, 44.115, 43.94, 43.855, 43.913, 44.139, 44.339, 44.134, 43.407, 42.566, 42.011, 41.634, 41.373, 41.339, 40.944, 39.458, 36.853, 33.722, 32.047, 32.544, 34.158, 35.677, 36.614, 37.052, 37.088, 36.904, 36.731, 36.717, 36.78, 36.648, 36.016, 35.285, 34.78, 34.468, 34.388, 34.508, 34.445, 27.088], [28.33, 27.121, 24.563, 22.219, 20.802, 19.78, 18.83, 16.824, 12.703, 6.408, 0.0, 5.027, 8.804, 12.923, 17.478, 20.956, 22.555, 23.281, 24.713, 26.709, 27.849, 28.125, 28.509, 29.691, 31.341, 32.593, 33.217, 33.531, 33.703, 33.969, 34.469, 34.991, 35.198, 35.182, 35.15, 35.182, 35.349, 35.749, 36.379, 36.924, 37.029, 36.703, 36.56, 37.16, 38.187, 38.878, 38.844, 38.511, 38.765, 39.533, 39.733, 38.932, 37.932, 37.498, 37.653, 37.998, 38.094, 38.09, 38.215, 38.475, 38.653, 38.839, 39.261, 39.583, 39.276, 38.713, 38.611, 39.167, 40.02, 40.584, 40.955, 41.394, 41.576, 41.613, 42.136, 43.264, 44.35, 44.864, 45.111, 45.585, 45.965, 45.343, 43.563, 41.642, 40.483, 40.373, 40.833, 41.215, 41.264, 41.058, 40.755, 40.472, 40.317, 40.25, 40.079, 39.704, 39.423, 39.696, 40.234, 40.644, 41.133, 42.012, 43.44, 44.8, 45.366, 45.199, 44.589, 43.866, 43.473, 43.556, 44.027, 44.657, 45.074, 45.157, 45.034, 44.761, 44.387, 44.176, 44.199, 44.31, 44.337, 44.204, 44.039, 43.967, 44.041, 44.286, 44.508, 44.336, 43.661, 42.884, 42.388, 42.058, 41.827, 41.797, 41.425, 40.029, 37.622, 34.784, 33.302, 33.656, 35.032, 36.379, 37.203, 37.601, 37.627, 37.432, 37.264, 37.274, 37.352, 37.217, 36.606, 35.936, 35.498, 35.234, 35.174, 35.287, 35.216, 28.211], [29.326, 28.235, 25.947, 23.92, 22.726, 21.815, 20.924, 19.181, 15.741, 10.497, 5.027, 0.0, 5.147, 11.113, 16.745, 20.664, 22.503, 23.438, 24.928, 26.877, 28.008, 28.368, 28.843, 30.014, 31.592, 32.797, 33.416, 33.741, 33.929, 34.217, 34.736, 35.269, 35.49, 35.495, 35.482, 35.527, 35.698, 36.091, 36.711, 37.256, 37.38, 37.087, 36.953, 37.523, 38.511, 39.19, 39.171, 38.853, 39.096, 39.833, 40.02, 39.233, 38.256, 37.833, 37.976, 38.296, 38.373, 38.359, 38.481, 38.746, 38.93, 39.106, 39.502, 39.814, 39.528, 38.992, 38.893, 39.432, 40.265, 40.819, 41.183, 41.613, 41.797, 41.843, 42.363, 43.467, 44.534, 45.05, 45.297, 45.757, 46.124, 45.518, 43.803, 41.967, 40.861, 40.752, 41.193, 41.562, 41.61, 41.407, 41.118, 40.856, 40.718, 40.665, 40.511, 40.158, 39.886, 40.146, 40.669, 41.073, 41.543, 42.366, 43.709, 44.985, 45.476, 45.261, 44.643, 43.935, 43.556, 43.635, 44.086, 44.692, 45.085, 45.155, 45.033, 44.773, 44.414, 44.215, 44.247, 44.361, 44.387, 44.256, 44.097, 44.031, 44.112, 44.361, 44.582, 44.41, 43.749, 43.003, 42.541, 42.24, 42.024, 41.999, 41.654, 40.313, 38.018, 35.354, 33.997, 34.319, 35.625, 36.919, 37.683, 38.04, 38.047, 37.84, 37.662, 37.659, 37.719, 37.57, 36.967, 36.326, 35.919, 35.682, 35.634, 35.739, 35.657, 29.218], [29.69, 28.595, 26.381, 24.522, 23.415, 22.445, 21.453, 19.715, 16.652, 12.515, 8.804, 5.147, 0.0, 6.963, 13.589, 18.19, 20.427, 21.713, 23.543, 25.678, 26.874, 27.322, 27.965, 29.278, 30.917, 32.138, 32.754, 33.075, 33.27, 33.578, 34.123, 34.688, 34.935, 34.947, 34.921, 34.949, 35.11, 35.512, 36.16, 36.743, 36.903, 36.622, 36.481, 37.057, 38.073, 38.785, 38.8, 38.522, 38.826, 39.619, 39.814, 38.987, 37.963, 37.526, 37.677, 38.001, 38.068, 38.045, 38.169, 38.445, 38.635, 38.824, 39.25, 39.578, 39.272, 38.71, 38.619, 39.204, 40.089, 40.668, 41.024, 41.433, 41.602, 41.655, 42.214, 43.366, 44.464, 44.986, 45.229, 45.684, 46.051, 45.45, 43.739, 41.9, 40.779, 40.657, 41.099, 41.479, 41.535, 41.328, 41.017, 40.724, 40.559, 40.491, 40.327, 39.964, 39.689, 39.956, 40.485, 40.885, 41.347, 42.18, 43.545, 44.813, 45.274, 45.027, 44.375, 43.643, 43.247, 43.314, 43.758, 44.365, 44.764, 44.843, 44.724, 44.458, 44.089, 43.887, 43.923, 44.046, 44.08, 43.954, 43.796, 43.731, 43.811, 44.058, 44.275, 44.093, 43.42, 42.669, 42.209, 41.914, 41.696, 41.665, 41.311, 39.935, 37.571, 34.835, 33.459, 33.866, 35.295, 36.688, 37.493, 37.848, 37.839, 37.609, 37.4, 37.356, 37.38, 37.209, 36.588, 35.934, 35.52, 35.281, 35.233, 35.339, 35.255, 29.602], [29.791, 28.658, 26.507, 24.858, 23.828, 22.761, 21.721, 20.116, 17.541, 14.635, 12.923, 11.113, 6.963, 0.0, 7.386, 13.07, 16.212, 18.21, 20.634, 23.115, 24.451, 25.015, 25.905, 27.523, 29.391, 30.728, 31.381, 31.719, 31.927, 32.25, 32.83, 33.456, 33.775, 33.826, 33.79, 33.792, 33.94, 34.366, 35.075, 35.722, 35.909, 35.604, 35.447, 36.078, 37.185, 37.966, 38.034, 37.834, 38.278, 39.222, 39.47, 38.581, 37.468, 37.012, 37.198, 37.545, 37.602, 37.566, 37.69, 37.957, 38.123, 38.313, 38.784, 39.145, 38.802, 38.172, 38.063, 38.71, 39.698, 40.348, 40.726, 41.123, 41.27, 41.328, 41.956, 43.208, 44.365, 44.892, 45.134, 45.603, 45.986, 45.362, 43.567, 41.611, 40.402, 40.265, 40.74, 41.158, 41.228, 40.994, 40.616, 40.245, 40.025, 39.932, 39.75, 39.356, 39.066, 39.354, 39.919, 40.345, 40.833, 41.719, 43.153, 44.448, 44.91, 44.635, 43.924, 43.133, 42.703, 42.76, 43.219, 43.855, 44.285, 44.388, 44.273, 43.989, 43.601, 43.387, 43.421, 43.553, 43.596, 43.472, 43.309, 43.231, 43.293, 43.529, 43.747, 43.565, 42.879, 42.106, 41.628, 41.324, 41.103, 41.063, 40.664, 39.175, 36.608, 33.629, 32.126, 32.665, 34.33, 35.927, 36.874, 37.277, 37.269, 37.018, 36.768, 36.675, 36.667, 36.477, 35.817, 35.116, 34.673, 34.417, 34.362, 34.476, 34.395, 29.729], [30.329, 29.204, 27.225, 25.864, 24.933, 23.823, 22.821, 21.529, 19.684, 17.946, 17.478, 16.745, 13.589, 7.386, 0.0, 6.64, 11.252, 14.763, 18.162, 20.988, 22.412, 23.084, 24.226, 26.139, 28.23, 29.7, 30.419, 30.796, 31.016, 31.337, 31.937, 32.632, 33.047, 33.162, 33.125, 33.088, 33.209, 33.65, 34.408, 35.099, 35.285, 34.935, 34.758, 35.448, 36.645, 37.494, 37.62, 37.512, 38.102, 39.201, 39.524, 38.597, 37.402, 36.928, 37.156, 37.528, 37.579, 37.538, 37.665, 37.909, 38.026, 38.189, 38.679, 39.061, 38.688, 37.998, 37.855, 38.543, 39.624, 40.348, 40.747, 41.125, 41.25, 41.322, 42.017, 43.36, 44.567, 45.096, 45.334, 45.816, 46.218, 45.576, 43.687, 41.588, 40.267, 40.106, 40.61, 41.069, 41.155, 40.89, 40.432, 39.973, 39.693, 39.575, 39.374, 38.945, 38.639, 38.939, 39.532, 39.99, 40.516, 41.441, 42.889, 44.176, 44.67, 44.408, 43.664, 42.825, 42.365, 42.433, 42.941, 43.634, 44.104, 44.23, 44.117, 43.819, 43.417, 43.189, 43.214, 43.344, 43.386, 43.257, 43.083, 42.988, 43.025, 43.243, 43.455, 43.272, 42.577, 41.778, 41.266, 40.937, 40.717, 40.693, 40.27, 38.69, 35.964, 32.798, 31.211, 31.873, 33.726, 35.488, 36.568, 37.029, 37.031, 36.769, 36.495, 36.378, 36.361, 36.167, 35.474, 34.72, 34.242, 33.968, 33.904, 34.017, 33.933, 30.301], [31.078, 29.97, 28.135, 26.98, 26.125, 25.002, 24.036, 22.991, 21.744, 20.829, 20.956, 20.664, 18.19, 13.07, 6.64, 0.0, 6.094, 11.789, 16.658, 19.962, 21.409, 22.077, 23.369, 25.479, 27.71, 29.275, 30.057, 30.465, 30.689, 31.008, 31.62, 32.359, 32.838, 32.986, 32.931, 32.849, 32.936, 33.378, 34.158, 34.866, 35.043, 34.664, 34.472, 35.186, 36.437, 37.334, 37.504, 37.463, 38.146, 39.341, 39.723, 38.791, 37.548, 37.056, 37.311, 37.708, 37.768, 37.736, 37.867, 38.096, 38.188, 38.338, 38.833, 39.219, 38.827, 38.11, 37.962, 38.681, 39.808, 40.548, 40.921, 41.252, 41.351, 41.435, 42.174, 43.562, 44.79, 45.311, 45.533, 46.006, 46.414, 45.778, 43.856, 41.685, 40.292, 40.098, 40.601, 41.072, 41.168, 40.884, 40.369, 39.843, 39.516, 39.369, 39.144, 38.696, 38.39, 38.699, 39.291, 39.745, 40.292, 41.247, 42.699, 44.008, 44.587, 44.397, 43.671, 42.81, 42.331, 42.417, 42.983, 43.737, 44.238, 44.367, 44.244, 43.93, 43.511, 43.263, 43.273, 43.393, 43.428, 43.291, 43.113, 43.018, 43.052, 43.262, 43.465, 43.273, 42.559, 41.722, 41.164, 40.801, 40.585, 40.604, 40.209, 38.611, 35.82, 32.564, 30.961, 31.722, 33.663, 35.477, 36.604, 37.086, 37.09, 36.825, 36.547, 36.427, 36.415, 36.229, 35.531, 34.744, 34.228, 33.933, 33.858, 33.961, 33.867, 31.076], [31.397, 30.265, 28.427, 27.334, 26.539, 25.428, 24.508, 23.58, 22.589, 22.091, 22.555, 22.503, 20.427, 16.212, 11.252, 6.094, 0.0, 7.301, 13.895, 18.138, 19.802, 20.367, 21.688, 24.048, 26.54, 28.283, 29.172, 29.642, 29.908, 30.264, 30.912, 31.678, 32.178, 32.341, 32.293, 32.215, 32.314, 32.789, 33.614, 34.358, 34.551, 34.169, 33.973, 34.703, 35.99, 36.927, 37.131, 37.126, 37.863, 39.12, 39.551, 38.646, 37.413, 36.904, 37.159, 37.582, 37.665, 37.645, 37.779, 38.009, 38.112, 38.287, 38.806, 39.194, 38.781, 38.048, 37.914, 38.664, 39.803, 40.515, 40.824, 41.088, 41.144, 41.218, 41.966, 43.362, 44.587, 45.095, 45.301, 45.761, 46.164, 45.535, 43.63, 41.466, 40.057, 39.833, 40.312, 40.772, 40.864, 40.57, 40.032, 39.483, 39.137, 38.974, 38.736, 38.287, 38.001, 38.332, 38.911, 39.324, 39.873, 40.895, 42.441, 43.853, 44.527, 44.4, 43.697, 42.825, 42.33, 42.422, 43.016, 43.805, 44.328, 44.46, 44.326, 43.996, 43.561, 43.297, 43.292, 43.402, 43.427, 43.282, 43.102, 43.014, 43.06, 43.277, 43.476, 43.268, 42.531, 41.665, 41.077, 40.689, 40.469, 40.526, 40.187, 38.619, 35.804, 32.457, 30.779, 31.581, 33.58, 35.412, 36.551, 37.045, 37.049, 36.778, 36.491, 36.365, 36.354, 36.173, 35.474, 34.664, 34.114, 33.795, 33.709, 33.809, 33.709, 31.399], [31.386, 30.267, 28.458, 27.481, 26.853, 25.852, 25.044, 24.199, 23.22, 22.731, 23.281, 23.438, 21.713, 18.21, 14.763, 11.789, 7.301, 0.0, 7.899, 13.463, 15.791, 16.357, 17.585, 20.304, 23.339, 25.484, 26.621, 27.279, 27.694, 28.154, 28.849, 29.625, 30.146, 30.392, 30.465, 30.502, 30.694, 31.252, 32.164, 32.978, 33.21, 32.848, 32.686, 33.462, 34.773, 35.72, 35.955, 36.011, 36.824, 38.153, 38.668, 37.914, 36.877, 36.457, 36.716, 37.15, 37.252, 37.237, 37.36, 37.58, 37.684, 37.871, 38.403, 38.794, 38.371, 37.628, 37.491, 38.229, 39.34, 40.012, 40.274, 40.502, 40.533, 40.578, 41.288, 42.648, 43.849, 44.359, 44.591, 45.067, 45.456, 44.805, 42.915, 40.816, 39.479, 39.279, 39.744, 40.183, 40.261, 39.971, 39.469, 38.971, 38.665, 38.524, 38.307, 37.881, 37.603, 37.935, 38.491, 38.855, 39.393, 40.492, 42.155, 43.657, 44.36, 44.243, 43.547, 42.679, 42.187, 42.278, 42.862, 43.643, 44.175, 44.32, 44.191, 43.865, 43.437, 43.177, 43.169, 43.271, 43.286, 43.13, 42.94, 42.845, 42.889, 43.107, 43.308, 43.102, 42.372, 41.528, 40.966, 40.599, 40.383, 40.444, 40.142, 38.633, 35.858, 32.511, 30.75, 31.477, 33.461, 35.288, 36.424, 36.926, 36.938, 36.67, 36.385, 36.265, 36.267, 36.093, 35.397, 34.593, 34.043, 33.718, 33.631, 33.732, 33.623, 31.383], [31.78, 30.812, 29.282, 28.608, 28.242, 27.444, 26.773, 26.022, 25.036, 24.365, 24.713, 24.928, 23.543, 20.634, 18.162, 16.658, 13.895, 7.899, 0.0, 6.511, 9.89, 11.021, 12.359, 15.43, 19.04, 21.654, 23.136, 24.114, 24.779, 25.359, 26.045, 26.774, 27.355, 27.815, 28.146, 28.384, 28.694, 29.306, 30.24, 31.065, 31.303, 30.981, 30.908, 31.739, 33.001, 33.862, 34.115, 34.327, 35.307, 36.716, 37.318, 36.823, 36.182, 36.017, 36.32, 36.715, 36.786, 36.755, 36.859, 37.05, 37.112, 37.247, 37.735, 38.114, 37.717, 36.999, 36.835, 37.484, 38.509, 39.165, 39.48, 39.8, 39.902, 39.953, 40.598, 41.872, 43.034, 43.578, 43.89, 44.414, 44.78, 44.075, 42.179, 40.182, 39.007, 38.915, 39.396, 39.812, 39.875, 39.618, 39.208, 38.822, 38.597, 38.503, 38.329, 37.94, 37.65, 37.952, 38.482, 38.821, 39.319, 40.383, 41.988, 43.39, 43.958, 43.762, 43.058, 42.228, 41.778, 41.873, 42.409, 43.141, 43.672, 43.838, 43.727, 43.42, 43.018, 42.788, 42.801, 42.908, 42.921, 42.766, 42.574, 42.462, 42.483, 42.686, 42.89, 42.715, 42.057, 41.311, 40.836, 40.53, 40.331, 40.367, 40.089, 38.688, 36.095, 33.027, 31.441, 32.03, 33.835, 35.579, 36.685, 37.189, 37.216, 36.964, 36.703, 36.616, 36.646, 36.487, 35.823, 35.074, 34.572, 34.273, 34.19, 34.28, 34.155, 31.768], [32.713, 31.923, 30.717, 30.303, 30.095, 29.441, 28.872, 28.205, 27.276, 26.537, 26.709, 26.877, 25.678, 23.115, 20.988, 19.962, 18.138, 13.463, 6.511, 0.0, 4.38, 6.931, 9.403, 12.963, 16.736, 19.483, 21.145, 22.343, 23.172, 23.797, 24.421, 25.097, 25.774, 26.478, 27.042, 27.413, 27.763, 28.352, 29.235, 30.01, 30.223, 29.936, 29.936, 30.777, 31.937, 32.672, 32.928, 33.327, 34.511, 35.985, 36.595, 36.236, 35.895, 35.979, 36.352, 36.693, 36.691, 36.617, 36.698, 36.858, 36.866, 36.937, 37.372, 37.741, 37.38, 36.7, 36.515, 37.077, 38.033, 38.722, 39.168, 39.646, 39.862, 39.947, 40.544, 41.749, 42.889, 43.478, 43.864, 44.428, 44.772, 44.02, 42.109, 40.183, 39.152, 39.168, 39.676, 40.07, 40.124, 39.902, 39.572, 39.269, 39.097, 39.025, 38.867, 38.491, 38.196, 38.479, 39.006, 39.348, 39.795, 40.748, 42.171, 43.328, 43.659, 43.33, 42.604, 41.818, 41.412, 41.499, 41.978, 42.664, 43.199, 43.392, 43.302, 43.012, 42.64, 42.451, 42.499, 42.619, 42.636, 42.489, 42.297, 42.173, 42.173, 42.361, 42.563, 42.418, 41.84, 41.201, 40.818, 40.571, 40.383, 40.385, 40.11, 38.81, 36.41, 33.658, 32.352, 32.901, 34.541, 36.193, 37.262, 37.754, 37.782, 37.538, 37.293, 37.233, 37.281, 37.132, 36.494, 35.791, 35.334, 35.064, 34.984, 35.059, 34.924, 32.689], [33.34, 32.615, 31.52, 31.167, 30.983, 30.371, 29.843, 29.23, 28.376, 27.686, 27.849, 28.008, 26.874, 24.451, 22.412, 21.409, 19.802, 15.791, 9.89, 4.38, 0.0, 3.875, 8.057, 12.447, 16.294, 18.957, 20.599, 21.83, 22.696, 23.329, 23.937, 24.615, 25.368, 26.199, 26.855, 27.254, 27.593, 28.152, 28.999, 29.739, 29.934, 29.653, 29.659, 30.468, 31.557, 32.224, 32.475, 32.958, 34.245, 35.755, 36.351, 35.996, 35.737, 35.938, 36.373, 36.71, 36.677, 36.575, 36.639, 36.781, 36.77, 36.825, 37.254, 37.624, 37.279, 36.616, 36.422, 36.952, 37.896, 38.63, 39.17, 39.746, 40.024, 40.123, 40.702, 41.891, 43.043, 43.665, 44.086, 44.664, 45.0, 44.232, 42.311, 40.402, 39.421, 39.485, 40.006, 40.39, 40.439, 40.232, 39.93, 39.653, 39.495, 39.425, 39.263, 38.884, 38.589, 38.874, 39.413, 39.763, 40.174, 41.045, 42.346, 43.343, 43.519, 43.091, 42.335, 41.564, 41.175, 41.248, 41.697, 42.364, 42.898, 43.099, 43.017, 42.74, 42.392, 42.236, 42.309, 42.442, 42.464, 42.318, 42.124, 41.993, 41.988, 42.168, 42.364, 42.225, 41.674, 41.077, 40.736, 40.52, 40.339, 40.323, 40.037, 38.772, 36.45, 33.813, 32.626, 33.197, 34.795, 36.423, 37.485, 37.97, 37.992, 37.745, 37.5, 37.445, 37.493, 37.34, 36.702, 36.003, 35.561, 35.306, 35.231, 35.303, 35.167, 33.308], [33.463, 32.707, 31.564, 31.162, 30.963, 30.354, 29.84, 29.26, 28.467, 27.867, 28.125, 28.368, 27.322, 25.015, 23.084, 22.077, 20.367, 16.357, 11.021, 6.931, 3.875, 0.0, 5.251, 10.723, 15.214, 18.122, 19.815, 21.075, 22.004, 22.708, 23.363, 24.066, 24.846, 25.72, 26.422, 26.855, 27.212, 27.786, 28.649, 29.403, 29.605, 29.327, 29.331, 30.141, 31.235, 31.908, 32.161, 32.643, 33.937, 35.472, 36.106, 35.774, 35.516, 35.73, 36.202, 36.587, 36.586, 36.489, 36.544, 36.688, 36.695, 36.78, 37.231, 37.603, 37.249, 36.582, 36.394, 36.932, 37.882, 38.619, 39.16, 39.737, 40.017, 40.118, 40.696, 41.89, 43.049, 43.678, 44.099, 44.677, 45.018, 44.261, 42.35, 40.441, 39.453, 39.513, 40.034, 40.42, 40.466, 40.254, 39.95, 39.674, 39.52, 39.454, 39.294, 38.919, 38.633, 38.928, 39.477, 39.825, 40.221, 41.076, 42.362, 43.347, 43.511, 43.07, 42.306, 41.532, 41.137, 41.205, 41.655, 42.325, 42.856, 43.052, 42.97, 42.697, 42.359, 42.212, 42.295, 42.435, 42.458, 42.306, 42.103, 41.964, 41.948, 42.115, 42.295, 42.141, 41.576, 40.969, 40.622, 40.402, 40.214, 40.195, 39.908, 38.648, 36.317, 33.634, 32.409, 33.003, 34.635, 36.285, 37.364, 37.861, 37.889, 37.643, 37.396, 37.336, 37.38, 37.226, 36.587, 35.882, 35.432, 35.174, 35.103, 35.183, 35.057, 33.443], [33.605, 32.817, 31.649, 31.231, 31.053, 30.478, 29.987, 29.441, 28.708, 28.186, 28.509, 28.843, 27.965, 25.905, 24.226, 23.369, 21.688, 17.585, 12.359, 9.403, 8.057, 5.251, 0.0, 6.331, 11.932, 15.574, 17.645, 19.151, 20.297, 21.182, 21.935, 22.661, 23.436, 24.357, 25.177, 25.743, 26.193, 26.811, 27.7, 28.482, 28.721, 28.494, 28.562, 29.444, 30.6, 31.315, 31.584, 32.056, 33.35, 34.936, 35.679, 35.495, 35.343, 35.586, 36.068, 36.493, 36.554, 36.505, 36.591, 36.767, 36.816, 36.935, 37.396, 37.758, 37.391, 36.723, 36.547, 37.098, 38.034, 38.719, 39.184, 39.696, 39.946, 40.041, 40.61, 41.775, 42.903, 43.509, 43.915, 44.481, 44.824, 44.096, 42.234, 40.358, 39.365, 39.401, 39.907, 40.29, 40.329, 40.111, 39.81, 39.551, 39.415, 39.364, 39.221, 38.87, 38.607, 38.912, 39.451, 39.778, 40.164, 41.038, 42.358, 43.419, 43.688, 43.328, 42.604, 41.837, 41.44, 41.521, 41.991, 42.667, 43.185, 43.373, 43.289, 43.019, 42.683, 42.533, 42.614, 42.754, 42.771, 42.613, 42.406, 42.256, 42.213, 42.341, 42.485, 42.305, 41.723, 41.095, 40.724, 40.475, 40.268, 40.259, 39.997, 38.748, 36.413, 33.71, 32.45, 33.015, 34.632, 36.272, 37.356, 37.872, 37.918, 37.683, 37.442, 37.383, 37.434, 37.296, 36.675, 35.976, 35.518, 35.252, 35.182, 35.267, 35.153, 33.613], [34.249, 33.486, 32.385, 32.014, 31.893, 31.392, 30.94, 30.44, 29.807, 29.378, 29.691, 30.014, 29.278, 27.523, 26.139, 25.479, 24.048, 20.304, 15.43, 12.963, 12.447, 10.723, 6.331, 0.0, 6.452, 11.069, 13.985, 16.131, 17.716, 18.893, 19.816, 20.616, 21.432, 22.445, 23.443, 24.209, 24.802, 25.473, 26.357, 27.136, 27.429, 27.341, 27.589, 28.621, 29.865, 30.624, 30.916, 31.408, 32.731, 34.379, 35.263, 35.328, 35.415, 35.75, 36.22, 36.637, 36.747, 36.78, 36.936, 37.164, 37.245, 37.368, 37.804, 38.141, 37.774, 37.12, 36.96, 37.507, 38.401, 39.011, 39.381, 39.805, 40.011, 40.098, 40.638, 41.741, 42.813, 43.392, 43.775, 44.31, 44.643, 43.96, 42.188, 40.385, 39.41, 39.419, 39.897, 40.266, 40.302, 40.09, 39.809, 39.577, 39.464, 39.43, 39.31, 38.995, 38.763, 39.062, 39.568, 39.86, 40.235, 41.106, 42.405, 43.485, 43.82, 43.543, 42.884, 42.154, 41.778, 41.872, 42.344, 43.001, 43.491, 43.664, 43.584, 43.326, 43.003, 42.861, 42.946, 43.085, 43.099, 42.945, 42.745, 42.586, 42.506, 42.573, 42.658, 42.445, 41.857, 41.23, 40.844, 40.565, 40.335, 40.329, 40.095, 38.897, 36.692, 34.216, 33.131, 33.617, 35.073, 36.615, 37.655, 38.169, 38.229, 38.013, 37.784, 37.733, 37.798, 37.683, 37.097, 36.425, 35.978, 35.721, 35.655, 35.737, 35.633, 34.273], [35.213, 34.507, 33.517, 33.225, 33.169, 32.745, 32.337, 31.902, 31.391, 31.062, 31.341, 31.592, 30.917, 29.391, 28.23, 27.71, 26.54, 23.339, 19.04, 16.736, 16.294, 15.214, 11.932, 6.452, 0.0, 5.387, 9.484, 12.653, 14.887, 16.455, 17.627, 18.619, 19.615, 20.804, 21.975, 22.903, 23.622, 24.348, 25.215, 25.964, 26.309, 26.417, 26.924, 28.137, 29.452, 30.227, 30.544, 31.093, 32.484, 34.202, 35.206, 35.488, 35.801, 36.247, 36.723, 37.108, 37.224, 37.31, 37.532, 37.804, 37.9, 38.009, 38.409, 38.717, 38.358, 37.726, 37.575, 38.106, 38.959, 39.516, 39.823, 40.179, 40.342, 40.412, 40.916, 41.96, 42.996, 43.57, 43.941, 44.441, 44.754, 44.112, 42.427, 40.697, 39.746, 39.735, 40.186, 40.535, 40.561, 40.351, 40.085, 39.872, 39.774, 39.747, 39.634, 39.341, 39.128, 39.413, 39.879, 40.132, 40.495, 41.338, 42.56, 43.567, 43.87, 43.622, 43.023, 42.347, 42.0, 42.09, 42.537, 43.161, 43.627, 43.797, 43.725, 43.48, 43.175, 43.052, 43.151, 43.295, 43.314, 43.172, 42.983, 42.82, 42.711, 42.727, 42.759, 42.52, 41.939, 41.329, 40.944, 40.649, 40.395, 40.373, 40.15, 39.039, 37.059, 34.936, 34.136, 34.535, 35.746, 37.128, 38.088, 38.573, 38.637, 38.437, 38.225, 38.186, 38.26, 38.155, 37.592, 36.953, 36.537, 36.308, 36.253, 36.328, 36.234, 35.232], [35.941, 35.269, 34.353, 34.136, 34.137, 33.757, 33.381, 32.998, 32.576, 32.323, 32.593, 32.797, 32.138, 30.728, 29.7, 29.275, 28.283, 25.484, 21.654, 19.483, 18.957, 18.122, 15.574, 11.069, 5.387, 0.0, 4.912, 9.044, 12.017, 14.075, 15.565, 16.83, 18.106, 19.54, 20.873, 21.907, 22.717, 23.516, 24.406, 25.134, 25.504, 25.764, 26.482, 27.836, 29.195, 29.973, 30.316, 30.932, 32.397, 34.172, 35.238, 35.62, 36.055, 36.596, 37.12, 37.507, 37.609, 37.71, 37.97, 38.275, 38.39, 38.502, 38.889, 39.181, 38.822, 38.195, 38.041, 38.567, 39.413, 39.963, 40.261, 40.604, 40.76, 40.823, 41.305, 42.324, 43.357, 43.953, 44.336, 44.826, 45.124, 44.491, 42.838, 41.142, 40.208, 40.19, 40.627, 40.963, 40.984, 40.771, 40.504, 40.291, 40.193, 40.162, 40.042, 39.751, 39.543, 39.821, 40.267, 40.503, 40.862, 41.681, 42.848, 43.796, 44.061, 43.815, 43.245, 42.598, 42.265, 42.345, 42.767, 43.372, 43.833, 44.007, 43.94, 43.695, 43.388, 43.267, 43.372, 43.523, 43.547, 43.412, 43.229, 43.07, 42.96, 42.965, 42.984, 42.742, 42.17, 41.564, 41.172, 40.866, 40.597, 40.555, 40.322, 39.256, 37.41, 35.475, 34.829, 35.178, 36.224, 37.48, 38.37, 38.823, 38.884, 38.697, 38.503, 38.474, 38.545, 38.428, 37.867, 37.248, 36.86, 36.654, 36.608, 36.678, 36.591, 35.95], [36.294, 35.62, 34.707, 34.516, 34.542, 34.176, 33.815, 33.462, 33.094, 32.912, 33.217, 33.416, 32.754, 31.381, 30.419, 30.057, 29.172, 26.621, 23.136, 21.145, 20.599, 19.815, 17.645, 13.985, 9.484, 4.912, 0.0, 4.7, 8.442, 11.188, 13.168, 14.78, 16.354, 18.068, 19.619, 20.791, 21.695, 22.573, 23.513, 24.247, 24.627, 24.972, 25.828, 27.29, 28.693, 29.482, 29.855, 30.532, 32.071, 33.901, 34.991, 35.398, 35.898, 36.539, 37.149, 37.574, 37.684, 37.791, 38.068, 38.401, 38.548, 38.694, 39.106, 39.404, 39.033, 38.385, 38.219, 38.754, 39.615, 40.173, 40.485, 40.856, 41.04, 41.111, 41.588, 42.608, 43.663, 44.291, 44.701, 45.203, 45.498, 44.851, 43.183, 41.484, 40.561, 40.557, 41.0, 41.34, 41.364, 41.147, 40.867, 40.642, 40.533, 40.492, 40.365, 40.071, 39.866, 40.151, 40.606, 40.852, 41.218, 42.018, 43.146, 44.055, 44.299, 44.05, 43.483, 42.839, 42.501, 42.566, 42.969, 43.561, 44.02, 44.197, 44.126, 43.87, 43.546, 43.412, 43.515, 43.67, 43.697, 43.561, 43.38, 43.231, 43.137, 43.157, 43.19, 42.964, 42.402, 41.793, 41.391, 41.079, 40.801, 40.745, 40.493, 39.423, 37.591, 35.666, 35.043, 35.392, 36.397, 37.597, 38.444, 38.874, 38.932, 38.755, 38.568, 38.536, 38.592, 38.455, 37.884, 37.273, 36.902, 36.705, 36.658, 36.726, 36.638, 36.295], [36.449, 35.765, 34.834, 34.639, 34.666, 34.296, 33.944, 33.61, 33.283, 33.173, 33.531, 33.741, 33.075, 31.719, 30.796, 30.465, 29.642, 27.279, 24.114, 22.343, 21.83, 21.075, 19.151, 16.131, 12.653, 9.044, 4.7, 0.0, 4.276, 7.782, 10.454, 12.56, 14.443, 16.407, 18.188, 19.546, 20.571, 21.526, 22.524, 23.292, 23.69, 24.079, 25.014, 26.556, 28.006, 28.817, 29.218, 29.941, 31.549, 33.438, 34.545, 34.946, 35.486, 36.224, 36.921, 37.396, 37.532, 37.655, 37.944, 38.298, 38.487, 38.687, 39.149, 39.476, 39.098, 38.429, 38.255, 38.805, 39.681, 40.246, 40.573, 40.98, 41.198, 41.28, 41.759, 42.792, 43.872, 44.526, 44.955, 45.468, 45.762, 45.099, 43.414, 41.711, 40.799, 40.813, 41.27, 41.62, 41.655, 41.435, 41.137, 40.891, 40.765, 40.71, 40.574, 40.28, 40.08, 40.376, 40.849, 41.114, 41.497, 42.283, 43.369, 44.233, 44.458, 44.208, 43.641, 42.992, 42.643, 42.693, 43.081, 43.665, 44.12, 44.294, 44.217, 43.949, 43.607, 43.46, 43.561, 43.72, 43.749, 43.611, 43.43, 43.289, 43.208, 43.242, 43.289, 43.079, 42.528, 41.919, 41.512, 41.198, 40.919, 40.859, 40.595, 39.513, 37.657, 35.69, 35.042, 35.399, 36.424, 37.626, 38.464, 38.886, 38.945, 38.772, 38.584, 38.542, 38.58, 38.427, 37.846, 37.233, 36.866, 36.668, 36.616, 36.68, 36.59, 36.441], [36.461, 35.771, 34.835, 34.646, 34.671, 34.296, 33.955, 33.645, 33.357, 33.303, 33.703, 33.929, 33.27, 31.927, 31.016, 30.689, 29.908, 27.694, 24.779, 23.172, 22.696, 22.004, 20.297, 17.716, 14.887, 12.017, 8.442, 4.276, 0.0, 3.992, 7.395, 10.195, 12.537, 14.767, 16.732, 18.265, 19.431, 20.487, 21.567, 22.391, 22.811, 23.212, 24.181, 25.775, 27.267, 28.101, 28.518, 29.273, 30.948, 32.91, 34.036, 34.414, 34.967, 35.775, 36.539, 37.051, 37.207, 37.346, 37.65, 38.021, 38.24, 38.491, 39.018, 39.391, 39.023, 38.342, 38.166, 38.732, 39.628, 40.209, 40.559, 41.0, 41.244, 41.334, 41.817, 42.865, 43.966, 44.634, 45.068, 45.586, 45.878, 45.2, 43.504, 41.807, 40.908, 40.936, 41.4, 41.759, 41.807, 41.591, 41.28, 41.015, 40.87, 40.8, 40.652, 40.352, 40.154, 40.46, 40.948, 41.23, 41.624, 42.398, 43.453, 44.285, 44.5, 44.252, 43.682, 43.024, 42.664, 42.705, 43.091, 43.675, 44.132, 44.303, 44.221, 43.944, 43.59, 43.435, 43.535, 43.697, 43.728, 43.589, 43.408, 43.269, 43.192, 43.236, 43.296, 43.101, 42.561, 41.953, 41.542, 41.226, 40.946, 40.886, 40.618, 39.53, 37.647, 35.633, 34.95, 35.298, 36.347, 37.58, 38.435, 38.862, 38.922, 38.751, 38.56, 38.508, 38.534, 38.374, 37.787, 37.169, 36.792, 36.584, 36.527, 36.591, 36.502, 36.442], [36.525, 35.839, 34.915, 34.749, 34.785, 34.417, 34.092, 33.808, 33.557, 33.54, 33.969, 34.217, 33.578, 32.25, 31.337, 31.008, 30.264, 28.154, 25.359, 23.797, 23.329, 22.708, 21.182, 18.893, 16.455, 14.075, 11.188, 7.782, 3.992, 0.0, 3.908, 7.476, 10.529, 13.218, 15.419, 17.118, 18.423, 19.593, 20.763, 21.637, 22.072, 22.477, 23.461, 25.075, 26.577, 27.413, 27.841, 28.63, 30.379, 32.411, 33.556, 33.926, 34.505, 35.371, 36.178, 36.702, 36.856, 37.004, 37.325, 37.706, 37.932, 38.209, 38.785, 39.207, 38.86, 38.182, 38.006, 38.576, 39.486, 40.09, 40.477, 40.953, 41.213, 41.3, 41.779, 42.833, 43.944, 44.616, 45.053, 45.571, 45.856, 45.165, 43.47, 41.799, 40.933, 40.979, 41.443, 41.8, 41.859, 41.657, 41.351, 41.083, 40.93, 40.849, 40.691, 40.383, 40.183, 40.492, 40.984, 41.27, 41.663, 42.43, 43.476, 44.297, 44.511, 44.265, 43.69, 43.025, 42.663, 42.707, 43.097, 43.687, 44.149, 44.322, 44.239, 43.957, 43.596, 43.435, 43.533, 43.694, 43.726, 43.589, 43.408, 43.268, 43.194, 43.249, 43.327, 43.153, 42.632, 42.033, 41.622, 41.304, 41.019, 40.953, 40.684, 39.606, 37.717, 35.684, 34.974, 35.302, 36.359, 37.61, 38.48, 38.916, 38.981, 38.811, 38.619, 38.562, 38.581, 38.421, 37.838, 37.217, 36.831, 36.613, 36.552, 36.617, 36.534, 36.499], [36.824, 36.156, 35.267, 35.128, 35.185, 34.839, 34.53, 34.26, 34.025, 34.024, 34.469, 34.736, 34.123, 32.83, 31.937, 31.62, 30.912, 28.849, 26.045, 24.421, 23.937, 23.363, 21.935, 19.816, 17.627, 15.565, 13.168, 10.454, 7.395, 3.908, 0.0, 4.097, 8.008, 11.489, 14.202, 16.18, 17.621, 18.864, 20.078, 20.976, 21.435, 21.878, 22.888, 24.484, 25.941, 26.75, 27.196, 28.038, 29.842, 31.903, 33.062, 33.484, 34.162, 35.104, 35.931, 36.44, 36.582, 36.737, 37.072, 37.463, 37.687, 37.965, 38.561, 39.011, 38.695, 38.046, 37.882, 38.441, 39.332, 39.939, 40.354, 40.86, 41.134, 41.211, 41.665, 42.698, 43.802, 44.476, 44.921, 45.444, 45.721, 45.024, 43.352, 41.742, 40.938, 41.012, 41.469, 41.813, 41.877, 41.695, 41.415, 41.169, 41.027, 40.946, 40.784, 40.475, 40.274, 40.578, 41.058, 41.327, 41.708, 42.474, 43.526, 44.347, 44.56, 44.315, 43.74, 43.083, 42.734, 42.787, 43.178, 43.765, 44.23, 44.41, 44.334, 44.056, 43.694, 43.53, 43.625, 43.783, 43.816, 43.683, 43.504, 43.361, 43.286, 43.349, 43.444, 43.292, 42.797, 42.217, 41.818, 41.503, 41.211, 41.132, 40.869, 39.831, 37.998, 36.017, 35.307, 35.609, 36.648, 37.881, 38.743, 39.181, 39.255, 39.094, 38.906, 38.848, 38.864, 38.711, 38.144, 37.535, 37.153, 36.936, 36.876, 36.942, 36.867, 36.798], [37.235, 36.59, 35.737, 35.609, 35.678, 35.355, 35.055, 34.779, 34.534, 34.536, 34.991, 35.269, 34.688, 33.456, 32.632, 32.359, 31.678, 29.625, 26.774, 25.097, 24.615, 24.066, 22.661, 20.616, 18.619, 16.83, 14.78, 12.56, 10.195, 7.476, 4.097, 0.0, 4.567, 9.007, 12.572, 15.071, 16.709, 17.974, 19.179, 20.108, 20.655, 21.209, 22.282, 23.858, 25.25, 26.023, 26.493, 27.388, 29.218, 31.273, 32.461, 33.01, 33.861, 34.904, 35.735, 36.221, 36.366, 36.541, 36.896, 37.302, 37.538, 37.82, 38.414, 38.871, 38.585, 37.99, 37.872, 38.431, 39.286, 39.86, 40.268, 40.792, 41.082, 41.152, 41.569, 42.558, 43.64, 44.315, 44.777, 45.314, 45.594, 44.907, 43.274, 41.726, 40.975, 41.065, 41.51, 41.839, 41.9, 41.734, 41.486, 41.273, 41.152, 41.081, 40.926, 40.628, 40.431, 40.725, 41.184, 41.429, 41.79, 42.553, 43.612, 44.426, 44.627, 44.381, 43.818, 43.186, 42.859, 42.919, 43.296, 43.866, 44.325, 44.511, 44.447, 44.18, 43.827, 43.669, 43.764, 43.921, 43.958, 43.833, 43.658, 43.511, 43.428, 43.489, 43.589, 43.447, 42.967, 42.404, 42.02, 41.715, 41.422, 41.329, 41.081, 40.109, 38.386, 36.513, 35.833, 36.103, 37.104, 38.294, 39.124, 39.553, 39.638, 39.491, 39.312, 39.253, 39.268, 39.124, 38.579, 37.996, 37.633, 37.429, 37.372, 37.438, 37.372, 37.21], [37.433, 36.795, 35.939, 35.787, 35.852, 35.538, 35.236, 34.95, 34.698, 34.716, 35.198, 35.49, 34.935, 33.775, 33.047, 32.838, 32.178, 30.146, 27.355, 25.774, 25.368, 24.846, 23.436, 21.432, 19.615, 18.106,