[[0.0, 4.797, 11.205, 15.881, 18.247, 20.368, 22.937, 25.18, 26.866, 28.02, 28.69, 28.787, 28.896, 29.291, 30.088, 31.078, 31.999, 32.394, 32.104, 31.809, 32.043, 32.551, 32.905, 33.042, 33.937, 36.824, 39.112, 39.299, 39.085, 39.052, 39.432, 40.003, 39.97, 39.651, 39.676, 39.439, 38.957, 38.812, 38.535, 37.604, 36.385, 35.232, 34.724, 35.24, 36.267, 36.483, 35.468, 34.29, 34.563, 35.619, 35.893, 35.724, 35.248, 34.815, 34.81, 35.327, 35.603, 35.491, 35.425, 35.29, 35.122, 35.792, 36.566, 36.875, 36.929, 36.65, 36.145, 35.932, 36.073, 36.065, 36.064, 36.022, 35.792, 35.745, 36.169, 36.718, 36.88, 36.78, 36.936, 37.179, 36.964, 36.597, 36.479, 36.54, 36.472, 36.174, 35.827, 35.729, 35.744, 35.752, 35.58, 35.433, 35.423, 35.356, 34.539, 33.238, 32.629, 32.62, 32.462, 32.412, 32.707, 33.098, 33.388, 33.782, 33.992, 33.992, 33.835, 33.812, 34.458, 34.924, 35.103, 35.254, 34.759, 34.15, 33.602, 33.382, 33.625, 33.515, 33.195, 33.185, 33.628, 34.888, 36.821, 37.729, 38.109, 38.872, 39.007, 38.591, 38.845, 39.494, 38.839, 37.927, 38.765, 40.199, 40.742, 40.35, 40.016, 39.929, 39.923, 39.908, 39.581, 38.86, 37.987, 37.569, 37.639, 6.372], [4.797, 0.0, 7.625, 13.321, 16.185, 18.468, 21.164, 23.546, 25.368, 26.643, 27.385, 27.491, 27.63, 28.157, 29.149, 30.314, 31.338, 31.763, 31.475, 31.202, 31.463, 31.981, 32.354, 32.528, 33.48, 36.483, 38.885, 39.133, 38.933, 38.904, 39.296, 39.874, 39.841, 39.511, 39.516, 39.263, 38.78, 38.646, 38.371, 37.418, 36.183, 35.033, 34.511, 35.008, 36.042, 36.269, 35.245, 34.061, 34.364, 35.442, 35.734, 35.587, 35.12, 34.68, 34.67, 35.182, 35.436, 35.298, 35.227, 35.093, 34.922, 35.601, 36.381, 36.69, 36.747, 36.459, 35.939, 35.733, 35.898, 35.899, 35.888, 35.826, 35.579, 35.531, 35.97, 36.533, 36.704, 36.611, 36.773, 37.022, 36.815, 36.454, 36.343, 36.403, 36.339, 36.058, 35.723, 35.623, 35.636, 35.643, 35.473, 35.327, 35.308, 35.235, 34.41, 33.098, 32.487, 32.483, 32.33, 32.278, 32.572, 32.97, 33.262, 33.651, 33.857, 33.858, 33.705, 33.692, 34.347, 34.811, 34.993, 35.153, 34.646, 34.017, 33.445, 33.214, 33.462, 33.356, 33.049, 33.043, 33.479, 34.754, 36.727, 37.652, 38.039, 38.813, 38.941, 38.512, 38.769, 39.434, 38.776, 37.841, 38.652, 40.068, 40.602, 40.207, 39.869, 39.779, 39.773, 39.764, 39.448, 38.73, 37.845, 37.41, 37.459, 9.136], [11.205, 7.625, 0.0, 7.154, 11.601, 14.878, 17.964, 20.608, 22.784, 24.339, 25.215, 25.366, 25.627, 26.465, 27.855, 29.339, 30.53, 31.003, 30.755, 30.636, 31.074, 31.626, 31.992, 32.279, 33.35, 36.319, 38.726, 39.048, 38.938, 38.989, 39.413, 39.983, 39.95, 39.624, 39.612, 39.342, 38.857, 38.738, 38.482, 37.55, 36.355, 35.247, 34.698, 35.128, 36.112, 36.321, 35.332, 34.245, 34.613, 35.69, 36.025, 35.954, 35.522, 35.089, 35.068, 35.532, 35.724, 35.567, 35.499, 35.364, 35.237, 35.937, 36.706, 37.001, 37.051, 36.762, 36.26, 36.088, 36.282, 36.302, 36.279, 36.198, 35.958, 35.921, 36.357, 36.901, 37.067, 36.97, 37.112, 37.344, 37.161, 36.845, 36.736, 36.756, 36.7, 36.469, 36.143, 35.992, 35.975, 35.982, 35.824, 35.679, 35.637, 35.545, 34.758, 33.515, 32.924, 32.912, 32.785, 32.733, 32.999, 33.371, 33.648, 34.027, 34.233, 34.238, 34.096, 34.068, 34.668, 35.101, 35.277, 35.434, 34.932, 34.315, 33.77, 33.575, 33.84, 33.752, 33.486, 33.493, 33.912, 35.169, 37.125, 38.043, 38.439, 39.203, 39.315, 38.891, 39.159, 39.82, 39.173, 38.243, 39.007, 40.357, 40.846, 40.437, 40.099, 40.012, 40.01, 40.003, 39.691, 38.97, 38.089, 37.648, 37.67, 13.651], [15.881, 13.321, 7.154, 0.0, 6.125, 11.402, 15.264, 17.993, 20.405, 22.233, 23.252, 23.476, 23.927, 25.145, 26.952, 28.692, 29.992, 30.505, 30.298, 30.312, 30.931, 31.533, 31.881, 32.244, 33.439, 36.396, 38.767, 39.119, 39.095, 39.226, 39.672, 40.221, 40.18, 39.855, 39.83, 39.559, 39.084, 38.971, 38.731, 37.853, 36.725, 35.676, 35.129, 35.515, 36.433, 36.62, 35.696, 34.722, 35.139, 36.192, 36.55, 36.515, 36.1, 35.698, 35.684, 36.085, 36.222, 36.073, 36.008, 35.876, 35.789, 36.484, 37.239, 37.527, 37.573, 37.302, 36.841, 36.713, 36.93, 36.968, 36.952, 36.881, 36.664, 36.626, 37.017, 37.492, 37.621, 37.511, 37.631, 37.837, 37.659, 37.394, 37.31, 37.303, 37.248, 37.04, 36.703, 36.502, 36.462, 36.473, 36.319, 36.161, 36.095, 35.986, 35.237, 34.082, 33.525, 33.497, 33.384, 33.35, 33.612, 33.98, 34.251, 34.612, 34.817, 34.83, 34.701, 34.672, 35.239, 35.664, 35.838, 35.977, 35.493, 34.917, 34.431, 34.285, 34.538, 34.432, 34.196, 34.224, 34.624, 35.835, 37.755, 38.659, 39.047, 39.782, 39.891, 39.494, 39.753, 40.372, 39.742, 38.86, 39.599, 40.896, 41.341, 40.91, 40.573, 40.491, 40.484, 40.469, 40.164, 39.451, 38.569, 38.111, 38.109, 17.672], [18.247, 16.185, 11.601, 6.125, 0.0, 6.919, 12.226, 15.611, 18.25, 20.181, 21.303, 21.637, 22.269, 23.794, 25.934, 27.863, 29.239, 29.789, 29.608, 29.672, 30.394, 31.071, 31.438, 31.868, 33.268, 36.417, 38.842, 39.201, 39.194, 39.34, 39.795, 40.351, 40.313, 39.982, 39.958, 39.712, 39.251, 39.139, 38.907, 38.07, 36.977, 35.952, 35.422, 35.798, 36.673, 36.857, 35.969, 34.992, 35.371, 36.407, 36.77, 36.716, 36.298, 35.937, 35.946, 36.317, 36.441, 36.317, 36.259, 36.145, 36.09, 36.778, 37.529, 37.812, 37.846, 37.581, 37.14, 37.031, 37.261, 37.314, 37.31, 37.253, 37.052, 37.011, 37.373, 37.809, 37.913, 37.793, 37.906, 38.1, 37.908, 37.646, 37.562, 37.545, 37.49, 37.278, 36.918, 36.704, 36.675, 36.699, 36.557, 36.409, 36.342, 36.223, 35.494, 34.41, 33.892, 33.852, 33.73, 33.706, 33.973, 34.353, 34.633, 34.978, 35.174, 35.183, 35.056, 35.032, 35.584, 35.998, 36.176, 36.316, 35.858, 35.316, 34.87, 34.757, 34.992, 34.85, 34.611, 34.639, 35.027, 36.194, 38.057, 38.954, 39.344, 40.055, 40.166, 39.786, 40.021, 40.603, 39.991, 39.153, 39.883, 41.154, 41.59, 41.158, 40.819, 40.735, 40.728, 40.724, 40.444, 39.764, 38.899, 38.434, 38.427, 19.91], [20.368, 18.468, 14.878, 11.402, 6.919, 0.0, 6.867, 12.125, 15.67, 17.69, 18.805, 19.265, 20.098, 21.932, 24.431, 26.588, 28.051, 28.64, 28.508, 28.658, 29.53, 30.354, 30.789, 31.311, 33.0, 36.445, 38.982, 39.395, 39.409, 39.544, 39.996, 40.583, 40.579, 40.25, 40.241, 40.036, 39.595, 39.488, 39.265, 38.433, 37.333, 36.31, 35.798, 36.162, 36.988, 37.15, 36.261, 35.236, 35.553, 36.563, 36.932, 36.883, 36.479, 36.145, 36.174, 36.542, 36.668, 36.539, 36.48, 36.398, 36.373, 37.046, 37.774, 38.032, 38.044, 37.777, 37.341, 37.228, 37.461, 37.523, 37.527, 37.478, 37.288, 37.244, 37.616, 38.072, 38.178, 38.056, 38.171, 38.356, 38.143, 37.856, 37.743, 37.715, 37.665, 37.441, 37.05, 36.83, 36.824, 36.865, 36.738, 36.611, 36.548, 36.41, 35.715, 34.732, 34.299, 34.29, 34.166, 34.134, 34.382, 34.744, 35.021, 35.355, 35.542, 35.541, 35.411, 35.405, 35.937, 36.304, 36.475, 36.632, 36.202, 35.69, 35.263, 35.157, 35.371, 35.206, 34.959, 34.964, 35.327, 36.432, 38.204, 39.08, 39.47, 40.16, 40.271, 39.898, 40.113, 40.677, 40.087, 39.277, 39.968, 41.197, 41.64, 41.244, 40.919, 40.834, 40.835, 40.843, 40.578, 39.932, 39.106, 38.657, 38.652, 21.964], [22.937, 21.164, 17.964, 15.264, 12.226, 6.867, 0.0, 7.074, 12.279, 14.944, 16.11, 16.638, 17.796, 20.161, 23.194, 25.659, 27.225, 27.843, 27.783, 28.08, 29.138, 30.106, 30.596, 31.182, 33.031, 36.581, 39.182, 39.677, 39.739, 39.874, 40.305, 40.9, 40.941, 40.64, 40.636, 40.451, 40.043, 39.956, 39.75, 38.921, 37.836, 36.868, 36.406, 36.752, 37.509, 37.635, 36.791, 35.821, 36.123, 37.092, 37.462, 37.439, 37.078, 36.759, 36.769, 37.112, 37.219, 37.066, 36.994, 36.921, 36.892, 37.51, 38.181, 38.405, 38.4, 38.142, 37.729, 37.633, 37.882, 37.954, 37.962, 37.92, 37.739, 37.682, 38.058, 38.536, 38.651, 38.539, 38.659, 38.835, 38.618, 38.332, 38.222, 38.195, 38.151, 37.917, 37.5, 37.267, 37.292, 37.364, 37.25, 37.118, 37.027, 36.87, 36.216, 35.338, 35.019, 35.067, 34.961, 34.943, 35.174, 35.491, 35.725, 36.025, 36.198, 36.193, 36.072, 36.103, 36.641, 36.969, 37.117, 37.269, 36.864, 36.396, 36.006, 35.907, 36.083, 35.894, 35.648, 35.646, 35.969, 36.979, 38.635, 39.471, 39.85, 40.524, 40.647, 40.286, 40.48, 41.011, 40.44, 39.657, 40.294, 41.452, 41.886, 41.534, 41.233, 41.152, 41.152, 41.152, 40.897, 40.278, 39.489, 39.067, 39.056, 24.374], [25.18, 23.546, 20.608, 17.993, 15.611, 12.125, 7.074, 0.0, 6.641, 10.779, 12.617, 13.264, 14.971, 18.401, 22.326, 25.183, 26.868, 27.52, 27.502, 27.875, 29.019, 30.042, 30.539, 31.113, 32.961, 36.507, 39.148, 39.702, 39.807, 39.968, 40.398, 40.975, 41.035, 40.771, 40.772, 40.603, 40.231, 40.168, 39.981, 39.171, 38.128, 37.242, 36.836, 37.156, 37.853, 37.971, 37.181, 36.272, 36.573, 37.514, 37.873, 37.858, 37.536, 37.226, 37.193, 37.496, 37.606, 37.465, 37.386, 37.296, 37.247, 37.832, 38.479, 38.691, 38.684, 38.44, 38.055, 38.001, 38.294, 38.396, 38.422, 38.393, 38.226, 38.163, 38.513, 38.971, 39.083, 38.987, 39.112, 39.284, 39.088, 38.848, 38.767, 38.731, 38.688, 38.466, 38.042, 37.788, 37.818, 37.918, 37.835, 37.698, 37.584, 37.438, 36.834, 36.008, 35.706, 35.746, 35.638, 35.628, 35.848, 36.136, 36.346, 36.624, 36.794, 36.803, 36.7, 36.737, 37.278, 37.596, 37.72, 37.854, 37.458, 37.023, 36.676, 36.591, 36.725, 36.511, 36.278, 36.29, 36.581, 37.518, 39.105, 39.905, 40.261, 40.914, 41.041, 40.694, 40.863, 41.347, 40.778, 40.032, 40.661, 41.785, 42.202, 41.863, 41.572, 41.488, 41.473, 41.46, 41.229, 40.648, 39.885, 39.483, 39.467, 26.435], [26.866, 25.368, 22.784, 20.405, 18.25, 15.67, 12.279, 6.641, 0.0, 5.451, 8.541, 9.589, 11.781, 16.376, 21.243, 24.483, 26.305, 26.999, 26.999, 27.418, 28.638, 29.716, 30.222, 30.778, 32.647, 36.28, 38.976, 39.551, 39.689, 39.887, 40.341, 40.919, 40.975, 40.727, 40.771, 40.674, 40.342, 40.279, 40.095, 39.307, 38.296, 37.453, 37.069, 37.369, 38.037, 38.152, 37.377, 36.469, 36.742, 37.654, 37.996, 37.977, 37.674, 37.369, 37.302, 37.589, 37.74, 37.637, 37.56, 37.46, 37.431, 38.048, 38.7, 38.904, 38.897, 38.666, 38.296, 38.268, 38.592, 38.723, 38.765, 38.738, 38.577, 38.523, 38.869, 39.319, 39.428, 39.336, 39.453, 39.614, 39.42, 39.187, 39.1, 39.042, 38.98, 38.751, 38.318, 38.054, 38.083, 38.199, 38.157, 38.04, 37.927, 37.802, 37.259, 36.483, 36.158, 36.158, 36.034, 36.007, 36.193, 36.457, 36.675, 36.97, 37.155, 37.178, 37.084, 37.105, 37.618, 37.925, 38.041, 38.17, 37.789, 37.374, 37.048, 36.964, 37.083, 36.873, 36.657, 36.675, 36.951, 37.862, 39.412, 40.182, 40.507, 41.126, 41.245, 40.902, 41.059, 41.522, 40.953, 40.227, 40.863, 41.982, 42.395, 42.054, 41.766, 41.68, 41.649, 41.62, 41.398, 40.843, 40.098, 39.706, 39.68, 27.978], [28.02, 26.643, 24.339, 22.233, 20.181, 17.69, 14.944, 10.779, 5.451, 0.0, 4.129, 6.315, 9.145, 14.271, 19.642, 23.162, 25.119, 25.855, 25.889, 26.444, 27.871, 29.086, 29.642, 30.245, 32.24, 36.024, 38.777, 39.36, 39.513, 39.734, 40.219, 40.82, 40.883, 40.658, 40.778, 40.785, 40.494, 40.422, 40.241, 39.481, 38.501, 37.679, 37.31, 37.617, 38.279, 38.392, 37.626, 36.719, 36.954, 37.826, 38.148, 38.127, 37.831, 37.529, 37.455, 37.747, 37.915, 37.819, 37.747, 37.652, 37.643, 38.265, 38.89, 39.07, 39.061, 38.847, 38.49, 38.462, 38.788, 38.923, 38.968, 38.941, 38.783, 38.733, 39.088, 39.551, 39.669, 39.571, 39.667, 39.804, 39.586, 39.315, 39.192, 39.13, 39.058, 38.81, 38.382, 38.145, 38.194, 38.314, 38.282, 38.184, 38.082, 37.964, 37.453, 36.726, 36.412, 36.397, 36.269, 36.228, 36.38, 36.62, 36.847, 37.159, 37.352, 37.376, 37.279, 37.295, 37.778, 38.072, 38.186, 38.318, 37.962, 37.574, 37.269, 37.185, 37.311, 37.13, 36.93, 36.935, 37.195, 38.086, 39.612, 40.382, 40.696, 41.288, 41.406, 41.068, 41.215, 41.669, 41.111, 40.402, 41.042, 42.171, 42.6, 42.268, 41.984, 41.904, 41.877, 41.839, 41.602, 41.034, 40.285, 39.884, 39.845, 29.062], [28.69, 27.385, 25.215, 23.252, 21.303, 18.805, 16.11, 12.617, 8.541, 4.129, 0.0, 3.659, 7.84, 13.177, 18.481, 22.026, 24.038, 24.802, 24.876, 25.569, 27.197, 28.548, 29.157, 29.808, 31.919, 35.829, 38.629, 39.223, 39.381, 39.616, 40.124, 40.74, 40.818, 40.62, 40.781, 40.829, 40.558, 40.486, 40.307, 39.555, 38.577, 37.751, 37.4, 37.727, 38.397, 38.512, 37.759, 36.865, 37.096, 37.961, 38.268, 38.237, 37.942, 37.638, 37.561, 37.844, 37.994, 37.887, 37.82, 37.733, 37.725, 38.328, 38.926, 39.095, 39.087, 38.883, 38.537, 38.513, 38.84, 38.964, 38.998, 38.979, 38.83, 38.775, 39.13, 39.614, 39.749, 39.643, 39.719, 39.837, 39.598, 39.3, 39.155, 39.102, 39.032, 38.773, 38.348, 38.137, 38.207, 38.326, 38.288, 38.197, 38.105, 37.991, 37.486, 36.775, 36.479, 36.471, 36.346, 36.308, 36.455, 36.682, 36.897, 37.21, 37.401, 37.416, 37.315, 37.339, 37.819, 38.111, 38.226, 38.363, 38.016, 37.646, 37.352, 37.263, 37.395, 37.228, 37.031, 37.019, 37.267, 38.151, 39.679, 40.458, 40.776, 41.369, 41.498, 41.164, 41.306, 41.762, 41.211, 40.495, 41.124, 42.258, 42.702, 42.383, 42.106, 42.029, 42.006, 41.971, 41.723, 41.137, 40.375, 39.966, 39.918, 29.683], [28.787, 27.491, 25.366, 23.476, 21.637, 19.265, 16.638, 13.264, 9.589, 6.315, 3.659, 0.0, 5.45, 11.848, 17.51, 21.11, 23.135, 23.915, 24.012, 24.756, 26.463, 27.891, 28.544, 29.213, 31.376, 35.411, 38.288, 38.903, 39.075, 39.329, 39.857, 40.481, 40.559, 40.369, 40.523, 40.551, 40.286, 40.238, 40.07, 39.312, 38.314, 37.464, 37.129, 37.49, 38.181, 38.289, 37.517, 36.613, 36.863, 37.752, 38.065, 38.032, 37.73, 37.419, 37.345, 37.627, 37.769, 37.653, 37.581, 37.495, 37.489, 38.105, 38.721, 38.901, 38.891, 38.678, 38.327, 38.307, 38.64, 38.762, 38.787, 38.769, 38.625, 38.57, 38.927, 39.432, 39.586, 39.485, 39.563, 39.683, 39.435, 39.128, 38.987, 38.931, 38.849, 38.576, 38.14, 37.933, 38.017, 38.145, 38.12, 38.044, 37.967, 37.862, 37.349, 36.603, 36.265, 36.237, 36.097, 36.061, 36.221, 36.453, 36.661, 36.976, 37.164, 37.167, 37.057, 37.086, 37.581, 37.885, 38.01, 38.15, 37.788, 37.408, 37.104, 37.0, 37.132, 36.966, 36.758, 36.746, 37.006, 37.914, 39.465, 40.244, 40.568, 41.183, 41.318, 40.984, 41.14, 41.617, 41.056, 40.308, 40.932, 42.077, 42.524, 42.203, 41.928, 41.853, 41.83, 41.795, 41.548, 40.965, 40.21, 39.803, 39.756, 29.739], [28.896, 27.63, 25.627, 23.927, 22.269, 20.098, 17.796, 14.971, 11.781, 9.145, 7.84, 5.45, 0.0, 7.68, 14.645, 18.902, 21.14, 21.966, 22.113, 22.996, 24.911, 26.514, 27.261, 28.0, 30.33, 34.627, 37.661, 38.318, 38.521, 38.827, 39.404, 40.055, 40.126, 39.936, 40.126, 40.173, 39.911, 39.893, 39.781, 39.066, 38.079, 37.229, 36.917, 37.315, 38.033, 38.132, 37.341, 36.442, 36.697, 37.579, 37.904, 37.896, 37.6, 37.291, 37.24, 37.554, 37.697, 37.555, 37.475, 37.403, 37.402, 38.036, 38.676, 38.863, 38.851, 38.629, 38.268, 38.221, 38.516, 38.624, 38.642, 38.608, 38.457, 38.413, 38.788, 39.307, 39.473, 39.376, 39.457, 39.582, 39.327, 38.991, 38.827, 38.759, 38.652, 38.344, 37.883, 37.679, 37.796, 37.942, 37.928, 37.871, 37.815, 37.718, 37.189, 36.409, 36.026, 35.962, 35.802, 35.759, 35.926, 36.165, 36.393, 36.737, 36.928, 36.917, 36.801, 36.845, 37.351, 37.663, 37.8, 37.95, 37.577, 37.184, 36.877, 36.768, 36.905, 36.744, 36.532, 36.522, 36.797, 37.733, 39.31, 40.092, 40.411, 41.032, 41.172, 40.849, 41.03, 41.527, 40.956, 40.204, 40.863, 42.044, 42.501, 42.168, 41.885, 41.818, 41.806, 41.771, 41.512, 40.921, 40.167, 39.759, 39.718, 29.831], [29.291, 28.157, 26.465, 25.145, 23.794, 21.932, 20.161, 18.401, 16.376, 14.271, 13.177, 11.848, 7.68, 0.0, 8.273, 13.893, 16.899, 17.948, 18.192, 19.422, 21.892, 23.931, 24.889, 25.763, 28.444, 33.226, 36.532, 37.264, 37.513, 37.914, 38.596, 39.31, 39.396, 39.245, 39.562, 39.719, 39.474, 39.465, 39.433, 38.824, 37.892, 37.064, 36.773, 37.198, 37.95, 38.065, 37.279, 36.407, 36.644, 37.493, 37.808, 37.815, 37.524, 37.217, 37.196, 37.548, 37.685, 37.503, 37.424, 37.377, 37.373, 37.994, 38.62, 38.805, 38.798, 38.584, 38.221, 38.116, 38.313, 38.353, 38.34, 38.295, 38.139, 38.1, 38.508, 39.06, 39.235, 39.127, 39.191, 39.307, 39.035, 38.643, 38.438, 38.39, 38.268, 37.914, 37.462, 37.306, 37.473, 37.626, 37.598, 37.537, 37.499, 37.411, 36.847, 36.022, 35.63, 35.564, 35.394, 35.342, 35.508, 35.75, 35.997, 36.376, 36.583, 36.564, 36.443, 36.529, 37.061, 37.37, 37.515, 37.686, 37.323, 36.927, 36.622, 36.512, 36.67, 36.531, 36.323, 36.297, 36.585, 37.566, 39.204, 40.027, 40.346, 40.96, 41.107, 40.795, 40.99, 41.5, 40.925, 40.184, 40.904, 42.16, 42.661, 42.326, 42.027, 41.963, 41.968, 41.943, 41.651, 41.007, 40.219, 39.798, 39.766, 30.165], [30.088, 29.149, 27.855, 26.952, 25.934, 24.431, 23.194, 22.326, 21.243, 19.642, 18.481, 17.51, 14.645, 8.273, 0.0, 6.903, 11.205, 12.84, 13.253, 14.951, 18.254, 20.958, 22.243, 23.263, 26.337, 31.678, 35.291, 36.109, 36.423, 36.947, 37.73, 38.501, 38.635, 38.559, 39.016, 39.321, 39.133, 39.112, 39.111, 38.619, 37.775, 37.004, 36.779, 37.215, 37.962, 38.116, 37.394, 36.541, 36.73, 37.523, 37.816, 37.836, 37.554, 37.259, 37.268, 37.65, 37.775, 37.561, 37.495, 37.472, 37.456, 38.028, 38.596, 38.768, 38.771, 38.569, 38.207, 38.046, 38.14, 38.092, 38.034, 37.99, 37.831, 37.787, 38.22, 38.817, 39.011, 38.89, 38.929, 39.025, 38.718, 38.245, 37.991, 37.986, 37.854, 37.461, 37.079, 37.052, 37.297, 37.451, 37.392, 37.317, 37.294, 37.212, 36.613, 35.737, 35.344, 35.297, 35.141, 35.105, 35.283, 35.53, 35.775, 36.172, 36.402, 36.381, 36.258, 36.391, 36.952, 37.255, 37.397, 37.586, 37.243, 36.848, 36.54, 36.43, 36.606, 36.488, 36.283, 36.238, 36.524, 37.518, 39.205, 40.094, 40.423, 41.007, 41.146, 40.836, 41.03, 41.534, 40.962, 40.245, 41.023, 42.352, 42.913, 42.606, 42.302, 42.232, 42.249, 42.246, 41.933, 41.238, 40.409, 39.968, 39.937, 30.84], [31.078, 30.314, 29.339, 28.692, 27.863, 26.588, 25.659, 25.183, 24.483, 23.162, 22.026, 21.11, 18.902, 13.893, 6.903, 0.0, 5.268, 7.826, 8.74, 10.892, 15.012, 18.456, 20.14, 21.348, 24.802, 30.573, 34.383, 35.24, 35.584, 36.184, 37.012, 37.803, 37.99, 37.982, 38.521, 38.931, 38.81, 38.794, 38.811, 38.391, 37.646, 37.006, 36.906, 37.349, 38.051, 38.247, 37.634, 36.828, 36.988, 37.732, 38.017, 38.06, 37.802, 37.53, 37.565, 37.954, 38.057, 37.818, 37.763, 37.734, 37.676, 38.187, 38.713, 38.876, 38.877, 38.682, 38.33, 38.142, 38.167, 38.065, 37.986, 37.94, 37.774, 37.724, 38.162, 38.78, 38.995, 38.878, 38.9, 38.981, 38.634, 38.076, 37.757, 37.76, 37.608, 37.198, 36.9, 37.024, 37.384, 37.573, 37.501, 37.416, 37.398, 37.31, 36.696, 35.815, 35.436, 35.405, 35.278, 35.278, 35.475, 35.723, 35.954, 36.342, 36.581, 36.561, 36.45, 36.629, 37.209, 37.493, 37.617, 37.806, 37.468, 37.07, 36.767, 36.661, 36.835, 36.726, 36.526, 36.475, 36.736, 37.663, 39.292, 40.2, 40.545, 41.105, 41.231, 40.925, 41.113, 41.6, 41.041, 40.374, 41.178, 42.521, 43.11, 42.849, 42.569, 42.497, 42.517, 42.529, 42.224, 41.518, 40.673, 40.219, 40.188, 31.724], [31.999, 31.338, 30.53, 29.992, 29.239, 28.051, 27.225, 26.868, 26.305, 25.119, 24.038, 23.135, 21.14, 16.899, 11.205, 5.268, 0.0, 3.461, 5.564, 8.411, 13.001, 16.924, 18.907, 20.296, 24.06, 30.08, 33.965, 34.824, 35.165, 35.794, 36.63, 37.418, 37.642, 37.683, 38.273, 38.756, 38.697, 38.713, 38.765, 38.378, 37.696, 37.168, 37.173, 37.618, 38.267, 38.479, 37.955, 37.222, 37.4, 38.124, 38.425, 38.496, 38.264, 38.009, 38.051, 38.427, 38.514, 38.257, 38.194, 38.148, 38.05, 38.505, 39.003, 39.159, 39.154, 38.964, 38.625, 38.42, 38.395, 38.266, 38.19, 38.141, 37.966, 37.911, 38.335, 38.937, 39.15, 39.042, 39.06, 39.133, 38.766, 38.165, 37.809, 37.81, 37.65, 37.242, 36.984, 37.179, 37.628, 37.872, 37.816, 37.732, 37.711, 37.614, 37.008, 36.163, 35.812, 35.797, 35.689, 35.709, 35.913, 36.161, 36.381, 36.747, 36.98, 36.962, 36.862, 37.064, 37.65, 37.913, 38.019, 38.203, 37.866, 37.464, 37.181, 37.094, 37.267, 37.161, 36.972, 36.927, 37.162, 38.015, 39.548, 40.43, 40.789, 41.338, 41.463, 41.17, 41.351, 41.819, 41.28, 40.651, 41.437, 42.746, 43.333, 43.108, 42.859, 42.795, 42.816, 42.833, 42.535, 41.83, 40.989, 40.536, 40.505, 32.608], [32.394, 31.763, 31.003, 30.505, 29.789, 28.64, 27.843, 27.52, 26.999, 25.855, 24.802, 23.915, 21.966, 17.948, 12.84, 7.826, 3.461, 0.0, 3.273, 7.29, 12.281, 16.27, 18.294, 19.778, 23.711, 29.829, 33.743, 34.604, 34.943, 35.582, 36.424, 37.214, 37.448, 37.499, 38.115, 38.646, 38.629, 38.669, 38.745, 38.38, 37.727, 37.239, 37.287, 37.752, 38.394, 38.601, 38.099, 37.408, 37.604, 38.324, 38.635, 38.719, 38.494, 38.236, 38.268, 38.64, 38.73, 38.462, 38.386, 38.337, 38.224, 38.65, 39.13, 39.277, 39.265, 39.076, 38.741, 38.527, 38.482, 38.345, 38.276, 38.232, 38.056, 37.998, 38.413, 39.001, 39.204, 39.093, 39.109, 39.183, 38.818, 38.217, 37.865, 37.871, 37.716, 37.316, 37.061, 37.262, 37.742, 38.007, 37.962, 37.876, 37.848, 37.745, 37.148, 36.326, 35.994, 35.989, 35.891, 35.913, 36.115, 36.365, 36.589, 36.951, 37.182, 37.168, 37.067, 37.261, 37.842, 38.101, 38.2, 38.384, 38.047, 37.643, 37.368, 37.3, 37.483, 37.379, 37.199, 37.163, 37.397, 38.233, 39.736, 40.605, 40.971, 41.517, 41.644, 41.361, 41.54, 41.998, 41.469, 40.846, 41.603, 42.889, 43.476, 43.263, 43.023, 42.962, 42.985, 43.003, 42.705, 41.998, 41.164, 40.72, 40.689, 32.989], [32.104, 31.475, 30.755, 30.298, 29.608, 28.508, 27.783, 27.502, 26.999, 25.889, 24.876, 24.012, 22.113, 18.192, 13.253, 8.74, 5.564, 3.273, 0.0, 5.049, 11.028, 15.411, 17.479, 18.956, 23.019, 29.302, 33.293, 34.162, 34.502, 35.142, 35.991, 36.796, 37.03, 37.067, 37.677, 38.212, 38.208, 38.259, 38.335, 37.978, 37.335, 36.853, 36.92, 37.43, 38.137, 38.38, 37.849, 37.107, 37.279, 38.0, 38.296, 38.355, 38.107, 37.832, 37.854, 38.239, 38.353, 38.092, 38.018, 37.974, 37.851, 38.285, 38.777, 38.932, 38.924, 38.723, 38.369, 38.151, 38.125, 38.005, 37.953, 37.927, 37.755, 37.697, 38.111, 38.696, 38.894, 38.778, 38.796, 38.872, 38.497, 37.894, 37.561, 37.583, 37.419, 37.004, 36.749, 36.95, 37.42, 37.671, 37.611, 37.514, 37.483, 37.386, 36.778, 35.928, 35.589, 35.581, 35.472, 35.494, 35.71, 35.97, 36.205, 36.586, 36.829, 36.819, 36.717, 36.904, 37.489, 37.761, 37.878, 38.072, 37.717, 37.294, 37.006, 36.933, 37.114, 37.0, 36.814, 36.785, 37.037, 37.91, 39.463, 40.356, 40.734, 41.292, 41.419, 41.133, 41.319, 41.788, 41.25, 40.603, 41.366, 42.674, 43.274, 43.06, 42.813, 42.749, 42.772, 42.792, 42.49, 41.776, 40.935, 40.493, 40.471, 32.681], [31.809, 31.202, 30.636, 30.312, 29.672, 28.658, 28.08, 27.875, 27.418, 26.444, 25.569, 24.756, 22.996, 19.422, 14.951, 10.892, 8.411, 7.29, 5.049, 0.0, 7.065, 12.672, 15.25, 16.694, 21.063, 27.946, 32.189, 33.103, 33.478, 34.136, 34.985, 35.808, 36.081, 36.154, 36.769, 37.296, 37.3, 37.364, 37.444, 37.106, 36.501, 36.077, 36.212, 36.782, 37.581, 37.933, 37.409, 36.585, 36.72, 37.459, 37.732, 37.724, 37.432, 37.146, 37.176, 37.584, 37.724, 37.479, 37.43, 37.408, 37.282, 37.741, 38.26, 38.429, 38.43, 38.215, 37.831, 37.608, 37.605, 37.514, 37.492, 37.488, 37.325, 37.277, 37.695, 38.266, 38.451, 38.343, 38.384, 38.454, 38.028, 37.388, 37.068, 37.112, 36.919, 36.464, 36.219, 36.464, 36.944, 37.189, 37.118, 37.012, 36.976, 36.891, 36.259, 35.34, 34.965, 34.942, 34.808, 34.85, 35.106, 35.375, 35.605, 36.004, 36.26, 36.251, 36.153, 36.353, 36.966, 37.262, 37.408, 37.616, 37.224, 36.755, 36.438, 36.337, 36.492, 36.353, 36.148, 36.121, 36.378, 37.265, 38.856, 39.773, 40.177, 40.765, 40.886, 40.591, 40.789, 41.276, 40.716, 40.045, 40.85, 42.216, 42.843, 42.629, 42.382, 42.316, 42.34, 42.362, 42.062, 41.352, 40.511, 40.081, 40.083, 32.372], [32.043, 31.463, 31.074, 30.931, 30.394, 29.53, 29.138, 29.019, 28.638, 27.871, 27.197, 26.463, 24.911, 21.892, 18.254, 15.012, 13.001, 12.281, 11.028, 7.065, 0.0, 6.963, 10.606, 12.33, 17.152, 24.951, 29.643, 30.68, 31.201, 32.011, 32.931, 33.805, 34.188, 34.415, 35.156, 35.769, 35.838, 35.935, 36.046, 35.804, 35.352, 35.097, 35.379, 36.019, 36.858, 37.332, 36.95, 36.198, 36.334, 37.066, 37.328, 37.285, 36.976, 36.689, 36.723, 37.146, 37.305, 37.076, 37.038, 37.036, 36.936, 37.418, 37.938, 38.106, 38.121, 37.909, 37.504, 37.256, 37.246, 37.177, 37.191, 37.205, 37.052, 37.031, 37.472, 38.025, 38.183, 38.092, 38.169, 38.237, 37.767, 37.091, 36.785, 36.855, 36.649, 36.176, 35.956, 36.25, 36.768, 37.037, 36.986, 36.884, 36.835, 36.751, 36.103, 35.117, 34.677, 34.628, 34.487, 34.555, 34.839, 35.104, 35.328, 35.739, 36.004, 35.993, 35.898, 36.107, 36.752, 37.059, 37.207, 37.407, 36.967, 36.442, 36.11, 35.98, 36.1, 35.938, 35.721, 35.7, 35.942, 36.772, 38.311, 39.204, 39.631, 40.236, 40.332, 40.015, 40.203, 40.689, 40.116, 39.456, 40.323, 41.746, 42.394, 42.182, 41.946, 41.885, 41.914, 41.948, 41.667, 40.997, 40.197, 39.8, 39.823, 32.534], [32.551, 31.981, 31.626, 31.533, 31.071, 30.354, 30.106, 30.042, 29.716, 29.086, 28.548, 27.891, 26.514, 23.931, 20.958, 18.456, 16.924, 16.27, 15.411, 12.672, 6.963, 0.0, 4.646, 7.736, 13.126, 21.306, 26.308, 27.494, 28.245, 29.376, 30.492, 31.444, 31.924, 32.34, 33.272, 34.014, 34.176, 34.324, 34.491, 34.371, 34.112, 34.105, 34.614, 35.347, 36.161, 36.7, 36.577, 36.098, 36.296, 36.972, 37.242, 37.252, 36.972, 36.678, 36.711, 37.15, 37.324, 37.098, 37.047, 37.04, 36.966, 37.451, 37.948, 38.097, 38.116, 37.92, 37.513, 37.23, 37.185, 37.119, 37.141, 37.145, 36.994, 37.007, 37.495, 38.071, 38.229, 38.14, 38.235, 38.323, 37.857, 37.162, 36.855, 36.932, 36.735, 36.27, 36.059, 36.365, 36.926, 37.238, 37.226, 37.138, 37.088, 37.001, 36.36, 35.37, 34.901, 34.832, 34.696, 34.778, 35.067, 35.314, 35.522, 35.932, 36.205, 36.2, 36.105, 36.3, 36.928, 37.193, 37.302, 37.48, 37.009, 36.456, 36.141, 36.006, 36.096, 35.925, 35.725, 35.728, 35.956, 36.704, 38.134, 38.959, 39.364, 39.939, 40.0, 39.656, 39.804, 40.259, 39.702, 39.087, 39.987, 41.419, 42.062, 41.848, 41.625, 41.571, 41.608, 41.661, 41.414, 40.803, 40.07, 39.714, 39.755, 32.933], [32.905, 32.354, 31.992, 31.881, 31.438, 30.789, 30.596, 30.539, 30.222, 29.642, 29.157, 28.544, 27.261, 24.889, 22.243, 20.14, 18.907, 18.294, 17.479, 15.25, 10.606, 4.646, 0.0, 4.77, 11.314, 19.809, 24.866, 26.107, 27.005, 28.315, 29.54, 30.529, 31.031, 31.507, 32.506, 33.296, 33.523, 33.724, 33.912, 33.822, 33.629, 33.724, 34.337, 35.152, 35.987, 36.524, 36.485, 36.169, 36.443, 37.12, 37.401, 37.439, 37.17, 36.869, 36.891, 37.323, 37.499, 37.276, 37.216, 37.2, 37.134, 37.616, 38.096, 38.228, 38.238, 38.041, 37.638, 37.355, 37.318, 37.257, 37.275, 37.277, 37.132, 37.158, 37.664, 38.251, 38.413, 38.318, 38.416, 38.524, 38.081, 37.393, 37.083, 37.153, 36.967, 36.517, 36.3, 36.591, 37.154, 37.473, 37.468, 37.374, 37.319, 37.235, 36.606, 35.627, 35.156, 35.083, 34.946, 35.028, 35.313, 35.537, 35.72, 36.121, 36.398, 36.398, 36.302, 36.483, 37.085, 37.323, 37.408, 37.573, 37.102, 36.55, 36.249, 36.137, 36.226, 36.048, 35.864, 35.887, 36.124, 36.845, 38.214, 38.978, 39.343, 39.886, 39.93, 39.578, 39.708, 40.155, 39.619, 39.025, 39.912, 41.311, 41.928, 41.709, 41.49, 41.437, 41.476, 41.535, 41.303, 40.722, 40.026, 39.696, 39.746, 33.255], [33.042, 32.528, 32.279, 32.244, 31.868, 31.311, 31.182, 31.113, 30.778, 30.245, 29.808, 29.213, 28.0, 25.763, 23.263, 21.348, 20.296, 19.778, 18.956, 16.694, 12.33, 7.736, 4.77, 0.0, 8.16, 18.27, 23.912, 25.24, 26.203, 27.602, 28.887, 29.93, 30.485, 30.999, 32.036, 32.867, 33.151, 33.4, 33.597, 33.515, 33.368, 33.489, 34.111, 34.989, 35.912, 36.474, 36.384, 36.027, 36.324, 37.065, 37.339, 37.324, 37.028, 36.715, 36.718, 37.132, 37.328, 37.135, 37.081, 37.063, 37.001, 37.485, 37.957, 38.085, 38.094, 37.891, 37.477, 37.212, 37.228, 37.205, 37.238, 37.256, 37.114, 37.128, 37.617, 38.199, 38.362, 38.274, 38.39, 38.507, 38.065, 37.39, 37.108, 37.193, 37.007, 36.561, 36.343, 36.614, 37.139, 37.432, 37.414, 37.31, 37.249, 37.175, 36.541, 35.521, 35.0, 34.906, 34.751, 34.819, 35.108, 35.329, 35.493, 35.891, 36.172, 36.177, 36.098, 36.295, 36.908, 37.156, 37.25, 37.421, 36.953, 36.405, 36.092, 35.979, 36.056, 35.855, 35.659, 35.677, 35.909, 36.643, 38.03, 38.789, 39.137, 39.676, 39.715, 39.356, 39.486, 39.943, 39.404, 38.802, 39.689, 41.089, 41.699, 41.473, 41.256, 41.207, 41.245, 41.301, 41.076, 40.51, 39.823, 39.492, 39.538, 33.417], [33.937, 33.48, 33.35, 33.439, 33.268, 33.0, 33.031, 32.961, 32.647, 32.24, 31.919, 31.376, 30.33, 28.444, 26.337, 24.802, 24.06, 23.711, 23.019, 21.063, 17.152, 13.126, 11.314, 8.16, 0.0, 11.843, 18.9, 20.739, 22.061, 23.988, 25.612, 26.859, 27.68, 28.516, 29.827, 30.841, 31.313, 31.723, 32.016, 32.078, 32.223, 32.645, 33.429, 34.376, 35.348, 36.022, 36.09, 35.864, 36.17, 36.898, 37.19, 37.175, 36.88, 36.55, 36.522, 36.945, 37.217, 37.092, 37.04, 37.019, 37.007, 37.519, 37.971, 38.086, 38.11, 37.921, 37.495, 37.217, 37.252, 37.278, 37.345, 37.366, 37.214, 37.236, 37.73, 38.318, 38.478, 38.397, 38.538, 38.678, 38.243, 37.576, 37.331, 37.429, 37.233, 36.8, 36.604, 36.847, 37.327, 37.611, 37.623, 37.546, 37.489, 37.425, 36.804, 35.762, 35.166, 35.014, 34.835, 34.879, 35.151, 35.363, 35.523, 35.913, 36.19, 36.206, 36.159, 36.342, 36.903, 37.103, 37.18, 37.359, 36.898, 36.356, 36.049, 35.9, 35.913, 35.695, 35.521, 35.541, 35.74, 36.433, 37.783, 38.515, 38.853, 39.376, 39.393, 39.014, 39.11, 39.543, 39.008, 38.445, 39.387, 40.815, 41.421, 41.199, 41.005, 40.97, 41.014, 41.081, 40.887, 40.387, 39.75, 39.434, 39.473, 34.148], [36.824, 36.483, 36.319, 36.396, 36.417, 36.445, 36.581, 36.507, 36.28, 36.024, 35.829, 35.411, 34.627, 33.226, 31.678, 30.573, 30.08, 29.829, 29.302, 27.946, 24.951, 21.306, 19.809, 18.27, 11.843, 0.0, 8.638, 12.061, 14.947, 18.334, 20.641, 22.161, 23.537, 25.191, 27.116, 28.481, 29.337, 30.093, 30.624, 30.996, 31.698, 32.719, 33.817, 34.758, 35.599, 36.408, 36.961, 37.223, 37.568, 38.113, 38.436, 38.564, 38.372, 38.061, 37.992, 38.378, 38.7, 38.664, 38.621, 38.575, 38.641, 39.165, 39.551, 39.613, 39.62, 39.471, 39.107, 38.827, 38.822, 38.887, 39.004, 39.019, 38.863, 38.921, 39.426, 39.989, 40.114, 40.006, 40.13, 40.297, 39.93, 39.278, 39.005, 39.076, 38.899, 38.513, 38.347, 38.552, 39.003, 39.315, 39.402, 39.374, 39.313, 39.24, 38.7, 37.816, 37.288, 37.126, 36.991, 37.044, 37.239, 37.373, 37.54, 37.922, 38.178, 38.208, 38.189, 38.302, 38.667, 38.697, 38.678, 38.824, 38.421, 37.962, 37.739, 37.549, 37.452, 37.255, 37.193, 37.27, 37.405, 37.878, 38.931, 39.521, 39.803, 40.247, 40.244, 39.855, 39.862, 40.201, 39.747, 39.369, 40.31, 41.602, 42.123, 41.959, 41.845, 41.825, 41.853, 41.927, 41.82, 41.478, 40.984, 40.722, 40.738, 36.759], [39.112, 38.885, 38.726, 38.767, 38.842, 38.982, 39.182, 39.148, 38.976, 38.777, 38.629, 38.288, 37.661, 36.532, 35.291, 34.383, 33.965, 33.743, 33.293, 32.189, 29.643, 26.308, 24.866, 23.912, 18.9, 8.638, 0.0, 5.567, 11.167, 16.013, 18.658, 20.154, 21.812, 24.067, 26.424, 28.0, 29.09, 30.067, 30.743, 31.286, 32.288, 33.631, 34.888, 35.796, 36.518, 37.377, 38.223, 38.821, 39.231, 39.654, 39.977, 40.209, 40.101, 39.814, 39.713, 40.036, 40.343, 40.344, 40.301, 40.227, 40.322, 40.835, 41.179, 41.2, 41.18, 41.066, 40.776, 40.527, 40.5, 40.578, 40.724, 40.736, 40.569, 40.626, 41.12, 41.663, 41.779, 41.652, 41.741, 41.912, 41.603, 40.962, 40.633, 40.669, 40.524, 40.178, 40.028, 40.215, 40.654, 40.987, 41.12, 41.116, 41.046, 40.958, 40.476, 39.712, 39.267, 39.148, 39.071, 39.139, 39.276, 39.354, 39.537, 39.921, 40.159, 40.192, 40.182, 40.247, 40.481, 40.413, 40.317, 40.406, 40.054, 39.684, 39.521, 39.308, 39.153, 38.985, 39.004, 39.113, 39.192, 39.477, 40.277, 40.76, 41.0, 41.388, 41.391, 41.007, 40.934, 41.197, 40.816, 40.576, 41.469, 42.612, 43.059, 42.948, 42.903, 42.895, 42.9, 42.968, 42.928, 42.708, 42.322, 42.106, 42.104, 38.912], [39.299, 39.133, 39.048, 39.119, 39.201, 39.395, 39.677, 39.702, 39.551, 39.36, 39.223, 38.903, 38.318, 37.264, 36.109, 35.24, 34.824, 34.604, 34.162, 33.103, 30.68, 27.494, 26.107, 25.24, 20.739, 12.061, 5.567, 0.0, 7.152, 13.293, 16.496, 18.011, 19.667, 22.234, 24.921, 26.681, 27.919, 29.006, 29.745, 30.391, 31.576, 33.124, 34.51, 35.454, 36.181, 37.081, 38.019, 38.711, 39.16, 39.58, 39.927, 40.202, 40.13, 39.862, 39.766, 40.088, 40.396, 40.404, 40.358, 40.275, 40.375, 40.902, 41.248, 41.26, 41.237, 41.133, 40.856, 40.609, 40.565, 40.631, 40.784, 40.799, 40.618, 40.657, 41.144, 41.695, 41.819, 41.688, 41.768, 41.933, 41.619, 40.953, 40.593, 40.615, 40.475, 40.137, 39.993, 40.179, 40.624, 40.98, 41.128, 41.13, 41.064, 40.976, 40.496, 39.735, 39.292, 39.186, 39.134, 39.22, 39.361, 39.443, 39.643, 40.041, 40.281, 40.318, 40.308, 40.361, 40.581, 40.517, 40.409, 40.474, 40.13, 39.788, 39.64, 39.404, 39.227, 39.063, 39.083, 39.16, 39.202, 39.447, 40.205, 40.679, 40.922, 41.31, 41.322, 40.946, 40.848, 41.075, 40.701, 40.49, 41.382, 42.52, 42.974, 42.871, 42.831, 42.831, 42.838, 42.907, 42.879, 42.675, 42.294, 42.082, 42.078, 39.043], [39.085, 38.933, 38.938, 39.095, 39.194, 39.409, 39.739, 39.807, 39.689, 39.513, 39.381, 39.075, 38.521, 37.513, 36.423, 35.584, 35.165, 34.943, 34.502, 33.478, 31.201, 28.245, 27.005, 26.203, 22.061, 14.947, 11.167, 7.152, 0.0, 7.337, 11.797, 13.806, 15.59, 18.719, 22.021, 24.159, 25.642, 26.865, 27.694, 28.527, 30.013, 31.867, 33.441, 34.444, 35.184, 36.125, 37.159, 37.957, 38.446, 38.871, 39.278, 39.632, 39.605, 39.373, 39.35, 39.743, 40.057, 40.047, 40.007, 39.953, 40.074, 40.605, 40.963, 40.982, 40.957, 40.849, 40.57, 40.323, 40.268, 40.308, 40.443, 40.455, 40.269, 40.287, 40.757, 41.298, 41.416, 41.285, 41.364, 41.519, 41.19, 40.531, 40.18, 40.211, 40.074, 39.751, 39.633, 39.825, 40.276, 40.642, 40.8, 40.807, 40.745, 40.662, 40.175, 39.403, 38.971, 38.875, 38.828, 38.927, 39.079, 39.156, 39.341, 39.728, 39.97, 40.01, 40.002, 40.071, 40.325, 40.284, 40.19, 40.254, 39.898, 39.555, 39.387, 39.107, 38.906, 38.752, 38.765, 38.793, 38.8, 39.08, 39.898, 40.383, 40.623, 41.029, 41.058, 40.703, 40.614, 40.825, 40.44, 40.235, 41.125, 42.278, 42.753, 42.635, 42.571, 42.569, 42.582, 42.651, 42.625, 42.412, 42.005, 41.777, 41.764, 38.825], [39.052, 38.904, 38.989, 39.226, 39.34, 39.544, 39.874, 39.968, 39.887, 39.734, 39.616, 39.329, 38.827, 37.914, 36.947, 36.184, 35.794, 35.582, 35.142, 34.136, 32.011, 29.376, 28.315, 27.602, 23.988, 18.334, 16.013, 13.293, 7.337, 0.0, 5.686, 9.033, 11.832, 15.757, 19.607, 22.162, 23.938, 25.285, 26.175, 27.178, 28.93, 31.01, 32.709, 33.718, 34.41, 35.341, 36.445, 37.348, 37.859, 38.271, 38.762, 39.239, 39.26, 39.061, 39.142, 39.638, 39.962, 39.93, 39.887, 39.859, 39.992, 40.495, 40.837, 40.855, 40.821, 40.697, 40.418, 40.203, 40.185, 40.23, 40.346, 40.357, 40.184, 40.19, 40.614, 41.098, 41.186, 41.052, 41.138, 41.288, 40.976, 40.392, 40.095, 40.142, 40.019, 39.734, 39.664, 39.879, 40.315, 40.658, 40.815, 40.826, 40.751, 40.66, 40.179, 39.415, 39.012, 38.93, 38.873, 38.97, 39.117, 39.163, 39.295, 39.65, 39.886, 39.919, 39.913, 40.015, 40.303, 40.272, 40.176, 40.221, 39.868, 39.537, 39.335, 39.013, 38.794, 38.653, 38.681, 38.691, 38.672, 38.994, 39.87, 40.345, 40.558, 40.969, 41.01, 40.671, 40.605, 40.819, 40.425, 40.223, 41.118, 42.265, 42.729, 42.586, 42.5, 42.497, 42.518, 42.599, 42.592, 42.391, 41.984, 41.753, 41.736, 38.816], [39.432, 39.296, 39.413, 39.672, 39.795, 39.996, 40.305, 40.398, 40.341, 40.219, 40.124, 39.857, 39.404, 38.596, 37.73, 37.012, 36.63, 36.424, 35.991, 34.985, 32.931, 30.492, 29.54, 28.887, 25.612, 20.641, 18.658, 16.496, 11.797, 5.686, 0.0, 4.871, 9.709, 14.519, 18.505, 21.236, 23.226, 24.657, 25.584, 26.726, 28.686, 30.916, 32.693, 33.679, 34.291, 35.194, 36.359, 37.343, 37.871, 38.259, 38.816, 39.413, 39.493, 39.316, 39.434, 39.973, 40.313, 40.28, 40.215, 40.169, 40.281, 40.742, 41.058, 41.074, 41.033, 40.892, 40.618, 40.435, 40.454, 40.518, 40.637, 40.662, 40.516, 40.529, 40.92, 41.36, 41.427, 41.293, 41.382, 41.526, 41.224, 40.69, 40.43, 40.485, 40.369, 40.112, 40.079, 40.321, 40.745, 41.056, 41.201, 41.211, 41.131, 41.042, 40.585, 39.856, 39.481, 39.405, 39.34, 39.437, 39.569, 39.573, 39.658, 39.997, 40.233, 40.26, 40.256, 40.376, 40.669, 40.627, 40.512, 40.536, 40.21, 39.909, 39.704, 39.375, 39.145, 39.003, 39.05, 39.066, 39.019, 39.307, 40.145, 40.592, 40.78, 41.168, 41.206, 40.876, 40.818, 41.025, 40.637, 40.464, 41.366, 42.483, 42.922, 42.772, 42.692, 42.696, 42.724, 42.817, 42.839, 42.67, 42.286, 42.062, 42.036, 39.213], [40.003, 39.874, 39.983, 40.221, 40.351, 40.583, 40.9, 40.975, 40.919, 40.82, 40.74, 40.481, 40.055, 39.31, 38.501, 37.803, 37.418, 37.214, 36.796, 35.808, 33.805, 31.444, 30.529, 29.93, 26.859, 22.161, 20.154, 18.011, 13.806, 9.033, 4.871, 0.0, 6.397, 12.602, 17.115, 19.971, 22.073, 23.606, 24.62, 25.947, 28.158, 30.62, 32.535, 33.526, 34.074, 34.998, 36.312, 37.464, 38.043, 38.399, 39.002, 39.704, 39.856, 39.704, 39.821, 40.352, 40.704, 40.704, 40.651, 40.583, 40.655, 41.109, 41.438, 41.463, 41.413, 41.266, 41.008, 40.841, 40.869, 40.941, 41.071, 41.112, 40.986, 41.004, 41.379, 41.804, 41.872, 41.745, 41.828, 41.963, 41.673, 41.175, 40.935, 40.981, 40.861, 40.619, 40.598, 40.843, 41.249, 41.549, 41.694, 41.699, 41.62, 41.547, 41.114, 40.4, 40.027, 39.95, 39.887, 39.996, 40.118, 40.089, 40.152, 40.491, 40.732, 40.756, 40.75, 40.87, 41.158, 41.109, 40.976, 40.984, 40.681, 40.402, 40.216, 39.902, 39.667, 39.524, 39.582, 39.594, 39.522, 39.754, 40.521, 40.926, 41.089, 41.452, 41.483, 41.164, 41.11, 41.307, 40.944, 40.813, 41.7, 42.777, 43.191, 43.049, 42.99, 43.007, 43.038, 43.135, 43.175, 43.038, 42.676, 42.451, 42.412, 39.775], [39.97, 39.841, 39.95, 40.18, 40.313, 40.579, 40.941, 41.035, 40.975, 40.883, 40.818, 40.559, 40.126, 39.396, 38.635, 37.99, 37.642, 37.448, 37.03, 36.081, 34.188, 31.924, 31.031, 30.485, 27.68, 23.537, 21.812, 19.667, 15.59, 11.832, 9.709, 6.397, 0.0, 7.561, 13.389, 16.936, 19.327, 21.038, 22.2, 23.773, 26.325, 29.136, 31.275, 32.336, 32.882, 33.851, 35.335, 36.72, 37.42, 37.794, 38.458, 39.27, 39.498, 39.372, 39.51, 40.054, 40.411, 40.457, 40.483, 40.456, 40.51, 40.988, 41.36, 41.401, 41.339, 41.188, 40.938, 40.773, 40.791, 40.855, 40.981, 41.022, 40.892, 40.907, 41.289, 41.731, 41.816, 41.697, 41.78, 41.916, 41.656, 41.202, 40.979, 41.016, 40.879, 40.619, 40.579, 40.808, 41.198, 41.51, 41.672, 41.678, 41.591, 41.522, 41.092, 40.349, 39.945, 39.865, 39.802, 39.913, 40.036, 40.0, 40.046, 40.369, 40.608, 40.632, 40.624, 40.757, 41.065, 41.029, 40.9, 40.909, 40.597, 40.31, 40.111, 39.785, 39.561, 39.431, 39.486, 39.484, 39.414, 39.67, 40.454, 40.842, 40.996, 41.368, 41.4, 41.105, 41.111, 41.338, 40.98, 40.854, 41.745, 42.827, 43.238, 43.086, 43.019, 43.036, 43.066, 43.156, 43.182, 43.031, 42.653, 42.418, 42.38, 39.726], [39.651, 39.511, 39.624, 39.855, 39.982, 40.25, 40.64, 40.771, 40.727, 40.658, 40.62, 40.369, 39.936, 39.245, 38.559, 37.982, 37.683, 37.499, 37.067, 36.154, 34.415, 32.34, 31.507, 30.999, 28.516, 25.191, 24.067, 22.234, 18.719, 15.757, 14.519, 12.602, 7.561, 0.0, 7.121, 12.234, 15.614, 17.653, 18.912, 20.81, 23.883, 27.163, 29.599, 30.778, 31.366, 32.392, 34.008, 35.589, 36.449, 36.921, 37.702, 38.633, 38.925, 38.815, 38.985, 39.57, 39.929, 39.99, 40.095, 40.178, 40.283, 40.776, 41.157, 41.202, 41.136, 40.982, 40.73, 40.556, 40.558, 40.611, 40.728, 40.76, 40.619, 40.627, 41.013, 41.472, 41.576, 41.468, 41.558, 41.695, 41.431, 40.978, 40.756, 40.791, 40.625, 40.322, 40.272, 40.514, 40.905, 41.223, 41.397, 41.412, 41.33, 41.261, 40.828, 40.076, 39.663, 39.586, 39.512, 39.61, 39.741, 39.711, 39.717, 39.99, 40.21, 40.231, 40.226, 40.383, 40.721, 40.708, 40.599, 40.617, 40.281, 39.977, 39.748, 39.393, 39.182, 39.062, 39.103, 39.087, 39.033, 39.344, 40.193, 40.604, 40.778, 41.179, 41.22, 40.958, 41.043, 41.316, 40.947, 40.807, 41.714, 42.821, 43.238, 43.06, 42.962, 42.968, 42.993, 43.067, 43.065, 42.871, 42.459, 42.213, 42.18, 39.424], [39.676, 39.516, 39.612, 39.83, 39.958, 40.241, 40.636, 40.772, 40.771, 40.778, 40.781, 40.523, 40.126, 39.562, 39.016, 38.521, 38.273, 38.115, 37.677, 36.769, 35.156, 33.272, 32.506, 32.036, 29.827, 27.116, 26.424, 24.921, 22.021, 19.607, 18.505, 17.115, 13.389, 7.121, 0.0, 6.596, 11.661, 14.421, 15.715, 17.867, 21.562, 25.44, 28.256, 29.564, 30.199, 31.325, 33.105, 34.884, 35.927, 36.551, 37.509, 38.54, 38.851, 38.741, 38.927, 39.538, 39.89, 39.936, 40.069, 40.235, 40.392, 40.897, 41.285, 41.336, 41.268, 41.111, 40.866, 40.704, 40.714, 40.772, 40.893, 40.924, 40.778, 40.772, 41.128, 41.562, 41.651, 41.546, 41.646, 41.773, 41.483, 41.027, 40.809, 40.82, 40.626, 40.315, 40.272, 40.536, 40.931, 41.241, 41.411, 41.431, 41.364, 41.311, 40.884, 40.141, 39.738, 39.66, 39.566, 39.658, 39.811, 39.785, 39.737, 39.959, 40.167, 40.183, 40.169, 40.322, 40.676, 40.689, 40.606, 40.624, 40.274, 39.961, 39.727, 39.37, 39.155, 39.028, 39.053, 39.025, 38.979, 39.333, 40.256, 40.705, 40.901