[[0.0, 6.036, 12.676, 19.681, 25.695, 29.59, 31.477, 31.949, 31.666, 31.268, 31.133, 31.121, 31.146, 31.298, 31.719, 32.88, 35.25, 38.372, 41.344, 43.552, 44.522, 44.525, 44.522, 45.407, 47.083, 48.607, 49.28, 49.198, 49.102, 49.608, 50.298, 50.883, 51.338, 51.56, 51.964, 52.601, 52.889, 53.081, 53.428, 53.667, 53.688, 53.606, 53.634, 53.686, 53.529, 53.099, 52.617, 52.342, 52.288, 52.327, 52.382, 52.504, 52.751, 52.971, 52.942, 52.711, 52.503, 52.518, 52.84, 53.286, 53.666, 53.755, 53.355, 52.671, 52.254, 52.084, 52.008, 51.869, 51.55, 51.668, 52.102, 52.454, 52.928, 53.234, 53.095, 52.782, 52.577, 52.503, 52.552, 52.551, 52.28, 51.805, 51.433, 51.289, 51.269, 51.188, 50.852, 50.398, 50.103, 50.021, 50.239, 51.085, 51.799, 52.023, 51.964, 51.8, 51.217, 50.102, 49.554, 49.612, 49.753, 49.67, 49.315, 49.107, 49.316, 49.726, 50.123, 50.439, 50.725, 50.865, 50.725, 50.457, 50.301, 50.354, 50.475, 50.622, 51.007, 51.412, 51.58, 51.52, 51.39, 51.324, 51.254, 51.15, 51.312, 51.734, 52.149, 52.236, 52.339, 52.798, 53.411, 53.748, 53.754, 53.786, 53.912, 54.012, 53.987, 53.851, 53.711, 53.575, 53.447, 53.308, 53.108, 52.925, 52.975, 53.402, 54.029, 54.516, 54.561, 54.191, 53.897, 53.673, 53.414, 53.327, 53.411, 53.418, 53.164, 6.086], [6.036, 0.0, 7.545, 15.671, 22.479, 26.792, 28.881, 29.47, 29.332, 29.186, 29.371, 29.629, 29.817, 30.03, 30.409, 31.431, 33.624, 36.594, 39.468, 41.634, 42.588, 42.596, 42.641, 43.606, 45.342, 46.887, 47.566, 47.496, 47.429, 48.008, 48.797, 49.44, 49.875, 50.086, 50.603, 51.343, 51.644, 51.821, 52.168, 52.411, 52.434, 52.349, 52.372, 52.417, 52.266, 51.867, 51.43, 51.185, 51.125, 51.126, 51.145, 51.261, 51.529, 51.772, 51.738, 51.477, 51.244, 51.255, 51.578, 51.994, 52.329, 52.423, 52.114, 51.572, 51.274, 51.155, 51.068, 50.936, 50.766, 51.155, 51.801, 52.273, 52.815, 53.156, 53.023, 52.698, 52.477, 52.394, 52.436, 52.414, 52.087, 51.509, 51.028, 50.827, 50.82, 50.796, 50.497, 50.031, 49.69, 49.568, 49.793, 50.707, 51.499, 51.759, 51.721, 51.592, 51.019, 49.834, 49.153, 49.118, 49.252, 49.195, 48.828, 48.55, 48.676, 49.014, 49.344, 49.609, 49.875, 50.009, 49.842, 49.545, 49.402, 49.49, 49.639, 49.789, 50.169, 50.578, 50.731, 50.614, 50.407, 50.295, 50.234, 50.143, 50.277, 50.67, 51.102, 51.19, 51.285, 51.745, 52.399, 52.806, 52.864, 52.909, 53.031, 53.127, 53.103, 52.972, 52.842, 52.727, 52.629, 52.523, 52.346, 52.151, 52.133, 52.449, 52.98, 53.409, 53.457, 53.138, 52.883, 52.682, 52.446, 52.376, 52.461, 52.457, 52.177, 10.656], [12.676, 7.545, 0.0, 8.939, 16.776, 21.894, 24.531, 25.538, 25.839, 26.239, 26.984, 27.65, 28.065, 28.344, 28.615, 29.367, 31.252, 34.002, 36.78, 38.943, 39.905, 39.932, 40.064, 41.184, 43.056, 44.649, 45.324, 45.239, 45.16, 45.784, 46.71, 47.516, 47.988, 48.18, 48.811, 49.682, 50.019, 50.198, 50.569, 50.844, 50.881, 50.792, 50.811, 50.87, 50.771, 50.455, 50.095, 49.892, 49.825, 49.782, 49.752, 49.854, 50.149, 50.418, 50.375, 50.08, 49.83, 49.854, 50.183, 50.546, 50.791, 50.852, 50.632, 50.263, 50.111, 50.044, 49.942, 49.84, 49.898, 50.653, 51.561, 52.179, 52.823, 53.23, 53.113, 52.767, 52.515, 52.417, 52.457, 52.421, 52.027, 51.318, 50.699, 50.428, 50.444, 50.493, 50.226, 49.72, 49.31, 49.139, 49.369, 50.358, 51.252, 51.569, 51.564, 51.482, 50.91, 49.582, 48.667, 48.485, 48.611, 48.578, 48.146, 47.713, 47.68, 47.895, 48.13, 48.336, 48.596, 48.747, 48.558, 48.217, 48.07, 48.182, 48.352, 48.504, 48.888, 49.312, 49.454, 49.275, 48.995, 48.871, 48.857, 48.786, 48.889, 49.266, 49.73, 49.817, 49.905, 50.375, 51.082, 51.579, 51.71, 51.778, 51.89, 51.974, 51.95, 51.831, 51.727, 51.642, 51.584, 51.524, 51.384, 51.187, 51.101, 51.299, 51.726, 52.079, 52.096, 51.815, 51.619, 51.464, 51.251, 51.188, 51.267, 51.247, 50.931, 15.706], [19.681, 15.671, 8.939, 0.0, 8.621, 14.727, 18.259, 20.071, 21.191, 22.453, 23.969, 25.165, 25.88, 26.249, 26.35, 26.688, 28.116, 30.554, 33.215, 35.402, 36.405, 36.474, 36.722, 38.036, 40.084, 41.748, 42.421, 42.313, 42.21, 42.875, 43.958, 44.984, 45.573, 45.808, 46.578, 47.583, 47.949, 48.129, 48.563, 48.945, 49.05, 48.972, 48.987, 49.084, 49.078, 48.87, 48.594, 48.436, 48.372, 48.297, 48.229, 48.329, 48.664, 48.961, 48.898, 48.572, 48.331, 48.392, 48.713, 48.972, 49.059, 49.03, 48.868, 48.666, 48.66, 48.638, 48.524, 48.493, 48.856, 50.041, 51.25, 52.062, 52.865, 53.374, 53.287, 52.927, 52.652, 52.54, 52.572, 52.516, 52.053, 51.21, 50.45, 50.115, 50.168, 50.302, 50.057, 49.486, 48.99, 48.768, 48.996, 50.048, 51.044, 51.423, 51.461, 51.445, 50.887, 49.38, 48.176, 47.826, 47.954, 47.931, 47.366, 46.696, 46.455, 46.532, 46.658, 46.79, 47.029, 47.191, 46.976, 46.58, 46.418, 46.541, 46.7, 46.804, 47.159, 47.579, 47.699, 47.461, 47.137, 47.059, 47.134, 47.085, 47.158, 47.569, 48.127, 48.217, 48.281, 48.733, 49.444, 49.978, 50.161, 50.244, 50.337, 50.404, 50.385, 50.299, 50.242, 50.196, 50.173, 50.153, 50.046, 49.844, 49.691, 49.789, 50.141, 50.426, 50.379, 50.105, 49.98, 49.912, 49.758, 49.727, 49.817, 49.789, 49.44, 21.784], [25.695, 22.479, 16.776, 8.621, 0.0, 6.806, 11.319, 14.228, 16.492, 18.83, 21.201, 22.968, 24.033, 24.53, 24.464, 24.336, 25.19, 27.18, 29.606, 31.757, 32.799, 32.935, 33.3, 34.775, 36.972, 38.713, 39.407, 39.301, 39.202, 39.929, 41.166, 42.405, 43.17, 43.552, 44.496, 45.604, 45.972, 46.169, 46.728, 47.297, 47.533, 47.49, 47.501, 47.622, 47.687, 47.556, 47.346, 47.234, 47.188, 47.102, 47.013, 47.121, 47.488, 47.797, 47.707, 47.361, 47.15, 47.256, 47.553, 47.677, 47.573, 47.412, 47.253, 47.168, 47.289, 47.311, 47.195, 47.25, 47.907, 49.471, 50.954, 51.96, 52.922, 53.527, 53.473, 53.119, 52.842, 52.724, 52.736, 52.649, 52.128, 51.182, 50.319, 49.947, 50.044, 50.254, 50.032, 49.413, 48.848, 48.592, 48.813, 49.898, 50.965, 51.388, 51.464, 51.52, 51.004, 49.372, 47.939, 47.454, 47.589, 47.567, 46.867, 45.977, 45.563, 45.538, 45.577, 45.624, 45.814, 45.957, 45.709, 45.258, 45.071, 45.192, 45.31, 45.315, 45.598, 45.991, 46.077, 45.781, 45.432, 45.429, 45.604, 45.571, 45.608, 46.07, 46.749, 46.852, 46.879, 47.272, 47.922, 48.433, 48.631, 48.713, 48.781, 48.832, 48.828, 48.791, 48.796, 48.789, 48.79, 48.797, 48.711, 48.496, 48.279, 48.29, 48.584, 48.814, 48.699, 48.418, 48.367, 48.401, 48.337, 48.363, 48.477, 48.456, 48.091, 27.483], [29.59, 26.792, 21.894, 14.727, 6.806, 0.0, 5.131, 9.086, 12.531, 15.92, 19.06, 21.323, 22.705, 23.346, 23.195, 22.738, 23.139, 24.719, 26.873, 28.932, 29.998, 30.207, 30.655, 32.194, 34.443, 36.227, 36.951, 36.871, 36.827, 37.666, 39.056, 40.485, 41.457, 42.064, 43.208, 44.382, 44.713, 44.911, 45.596, 46.357, 46.735, 46.745, 46.753, 46.888, 47.002, 46.919, 46.747, 46.663, 46.637, 46.56, 46.48, 46.609, 46.989, 47.279, 47.151, 46.787, 46.595, 46.721, 46.975, 46.977, 46.709, 46.419, 46.22, 46.189, 46.397, 46.465, 46.357, 46.456, 47.274, 49.057, 50.701, 51.819, 52.865, 53.522, 53.49, 53.15, 52.885, 52.767, 52.761, 52.648, 52.093, 51.099, 50.194, 49.816, 49.948, 50.207, 50.009, 49.372, 48.78, 48.517, 48.732, 49.813, 50.898, 51.332, 51.426, 51.537, 51.072, 49.409, 47.879, 47.328, 47.469, 47.455, 46.694, 45.704, 45.229, 45.187, 45.201, 45.201, 45.342, 45.448, 45.157, 44.653, 44.435, 44.538, 44.601, 44.494, 44.693, 45.056, 45.12, 44.787, 44.436, 44.504, 44.755, 44.726, 44.731, 45.225, 45.982, 46.092, 46.084, 46.409, 46.97, 47.413, 47.579, 47.637, 47.68, 47.72, 47.726, 47.723, 47.771, 47.787, 47.799, 47.818, 47.74, 47.51, 47.243, 47.19, 47.436, 47.625, 47.469, 47.19, 47.192, 47.301, 47.31, 47.387, 47.525, 47.514, 47.15, 31.333], [31.477, 28.881, 24.531, 18.259, 11.319, 5.131, 0.0, 4.541, 8.857, 13.118, 16.919, 19.601, 21.245, 22.033, 21.915, 21.395, 21.701, 23.194, 25.285, 27.348, 28.467, 28.738, 29.208, 30.71, 32.919, 34.697, 35.429, 35.362, 35.371, 36.329, 37.872, 39.482, 40.665, 41.502, 42.812, 44.021, 44.3, 44.452, 45.178, 46.045, 46.523, 46.581, 46.596, 46.743, 46.89, 46.837, 46.679, 46.604, 46.588, 46.532, 46.485, 46.639, 47.007, 47.258, 47.094, 46.718, 46.532, 46.654, 46.865, 46.787, 46.419, 46.038, 45.785, 45.754, 46.003, 46.111, 46.02, 46.122, 46.977, 48.821, 50.505, 51.641, 52.694, 53.363, 53.35, 53.032, 52.784, 52.667, 52.643, 52.506, 51.936, 50.936, 50.039, 49.681, 49.837, 50.116, 49.924, 49.279, 48.681, 48.427, 48.63, 49.675, 50.731, 51.144, 51.234, 51.368, 50.949, 49.325, 47.811, 47.256, 47.397, 47.395, 46.647, 45.68, 45.249, 45.259, 45.305, 45.303, 45.415, 45.484, 45.154, 44.606, 44.351, 44.422, 44.427, 44.229, 44.368, 44.726, 44.805, 44.487, 44.175, 44.313, 44.608, 44.576, 44.569, 45.081, 45.867, 45.974, 45.94, 46.211, 46.691, 47.039, 47.133, 47.147, 47.168, 47.201, 47.21, 47.214, 47.269, 47.281, 47.28, 47.285, 47.194, 46.944, 46.652, 46.574, 46.804, 46.981, 46.808, 46.525, 46.534, 46.666, 46.711, 46.821, 46.979, 46.977, 46.626, 33.274], [31.949, 29.47, 25.538, 20.071, 14.228, 9.086, 4.541, 0.0, 4.761, 9.695, 14.095, 17.178, 19.072, 20.026, 20.043, 19.706, 20.314, 22.147, 24.505, 26.752, 27.986, 28.3, 28.727, 30.131, 32.269, 34.031, 34.763, 34.685, 34.718, 35.781, 37.468, 39.233, 40.594, 41.615, 43.025, 44.243, 44.478, 44.568, 45.254, 46.127, 46.639, 46.736, 46.778, 46.946, 47.117, 47.083, 46.931, 46.854, 46.843, 46.809, 46.794, 46.962, 47.305, 47.521, 47.343, 46.971, 46.789, 46.897, 47.078, 46.969, 46.567, 46.134, 45.816, 45.735, 45.981, 46.124, 46.06, 46.148, 46.961, 48.757, 50.393, 51.479, 52.493, 53.153, 53.16, 52.866, 52.633, 52.511, 52.466, 52.309, 51.737, 50.761, 49.904, 49.578, 49.747, 50.02, 49.813, 49.154, 48.558, 48.32, 48.512, 49.503, 50.5, 50.872, 50.936, 51.061, 50.668, 49.12, 47.695, 47.18, 47.318, 47.319, 46.618, 45.743, 45.417, 45.516, 45.621, 45.641, 45.741, 45.782, 45.428, 44.852, 44.557, 44.58, 44.527, 44.266, 44.377, 44.754, 44.877, 44.621, 44.385, 44.595, 44.913, 44.873, 44.867, 45.391, 46.171, 46.27, 46.223, 46.465, 46.885, 47.142, 47.15, 47.118, 47.125, 47.156, 47.159, 47.148, 47.183, 47.171, 47.138, 47.108, 46.986, 46.716, 46.424, 46.368, 46.63, 46.827, 46.656, 46.358, 46.342, 46.458, 46.509, 46.64, 46.816, 46.823, 46.489, 33.831], [31.666, 29.332, 25.839, 21.191, 16.492, 12.531, 8.857, 4.761, 0.0, 5.304, 10.172, 13.645, 15.83, 17.005, 17.241, 17.28, 18.548, 21.112, 24.028, 26.615, 28.009, 28.345, 28.685, 29.964, 32.044, 33.833, 34.593, 34.495, 34.527, 35.689, 37.512, 39.394, 40.89, 42.057, 43.516, 44.723, 44.934, 44.983, 45.611, 46.437, 46.941, 47.065, 47.149, 47.355, 47.554, 47.541, 47.402, 47.333, 47.331, 47.313, 47.32, 47.492, 47.811, 48.006, 47.838, 47.49, 47.317, 47.413, 47.58, 47.476, 47.078, 46.605, 46.193, 46.008, 46.211, 46.377, 46.346, 46.416, 47.132, 48.797, 50.324, 51.324, 52.272, 52.909, 52.93, 52.656, 52.43, 52.297, 52.23, 52.059, 51.505, 50.586, 49.8, 49.52, 49.692, 49.938, 49.704, 49.033, 48.449, 48.239, 48.434, 49.372, 50.294, 50.615, 50.639, 50.721, 50.323, 48.854, 47.559, 47.119, 47.253, 47.236, 46.573, 45.805, 45.601, 45.795, 45.965, 46.015, 46.112, 46.137, 45.783, 45.201, 44.863, 44.822, 44.707, 44.404, 44.504, 44.9, 45.071, 44.894, 44.754, 45.032, 45.356, 45.302, 45.304, 45.837, 46.601, 46.695, 46.648, 46.884, 47.268, 47.453, 47.391, 47.329, 47.335, 47.368, 47.363, 47.331, 47.335, 47.292, 47.223, 47.153, 46.997, 46.72, 46.462, 46.481, 46.822, 47.07, 46.91, 46.59, 46.537, 46.623, 46.666, 46.81, 47.002, 47.015, 46.7, 33.609], [31.268, 29.186, 26.239, 22.453, 18.83, 15.92, 13.118, 9.695, 5.304, 0.0, 5.119, 8.958, 11.525, 13.035, 13.611, 14.268, 16.58, 20.175, 23.798, 26.768, 28.317, 28.649, 28.869, 30.006, 32.043, 33.898, 34.718, 34.591, 34.595, 35.845, 37.788, 39.751, 41.343, 42.63, 44.108, 45.293, 45.501, 45.545, 46.139, 46.924, 47.406, 47.545, 47.675, 47.931, 48.166, 48.18, 48.068, 48.022, 48.04, 48.039, 48.061, 48.23, 48.533, 48.725, 48.581, 48.269, 48.116, 48.208, 48.374, 48.294, 47.917, 47.401, 46.864, 46.536, 46.664, 46.833, 46.838, 46.888, 47.466, 48.929, 50.303, 51.2, 52.071, 52.672, 52.698, 52.437, 52.212, 52.066, 51.98, 51.806, 51.292, 50.462, 49.776, 49.554, 49.725, 49.929, 49.662, 48.991, 48.436, 48.269, 48.488, 49.38, 50.222, 50.493, 50.472, 50.487, 50.054, 48.654, 47.506, 47.165, 47.3, 47.244, 46.585, 45.901, 45.801, 46.077, 46.307, 46.39, 46.491, 46.514, 46.182, 45.613, 45.233, 45.119, 44.942, 44.613, 44.711, 45.111, 45.312, 45.21, 45.165, 45.494, 45.81, 45.738, 45.752, 46.3, 47.051, 47.15, 47.115, 47.359, 47.719, 47.847, 47.739, 47.667, 47.681, 47.72, 47.711, 47.66, 47.638, 47.57, 47.473, 47.371, 47.194, 46.93, 46.744, 46.884, 47.343, 47.666, 47.525, 47.177, 47.087, 47.145, 47.174, 47.321, 47.522, 47.54, 47.247, 33.196], [31.133, 29.371, 26.984, 23.969, 21.201, 19.06, 16.919, 14.095, 10.172, 5.119, 0.0, 4.095, 7.085, 9.056, 10.181, 11.808, 15.404, 19.99, 24.191, 27.429, 29.065, 29.364, 29.454, 30.435, 32.406, 34.308, 35.167, 34.993, 34.945, 36.247, 38.267, 40.268, 41.911, 43.274, 44.749, 45.918, 46.139, 46.198, 46.781, 47.54, 48.006, 48.154, 48.322, 48.622, 48.886, 48.921, 48.835, 48.817, 48.858, 48.878, 48.911, 49.076, 49.369, 49.566, 49.449, 49.174, 49.045, 49.145, 49.322, 49.278, 48.939, 48.396, 47.746, 47.277, 47.319, 47.48, 47.514, 47.547, 47.973, 49.207, 50.417, 51.215, 52.016, 52.58, 52.603, 52.351, 52.127, 51.974, 51.878, 51.71, 51.244, 50.509, 49.925, 49.762, 49.927, 50.086, 49.786, 49.122, 48.605, 48.485, 48.727, 49.577, 50.347, 50.578, 50.519, 50.471, 50.0, 48.659, 47.647, 47.403, 47.541, 47.439, 46.768, 46.137, 46.107, 46.439, 46.717, 46.831, 46.943, 46.973, 46.671, 46.126, 45.712, 45.539, 45.322, 44.995, 45.102, 45.493, 45.703, 45.653, 45.675, 46.024, 46.314, 46.227, 46.258, 46.819, 47.558, 47.671, 47.657, 47.916, 48.259, 48.344, 48.205, 48.133, 48.158, 48.204, 48.193, 48.132, 48.093, 48.01, 47.896, 47.775, 47.589, 47.351, 47.249, 47.52, 48.102, 48.504, 48.383, 48.005, 47.881, 47.917, 47.928, 48.066, 48.265, 48.286, 48.018, 32.96], [31.121, 29.629, 27.65, 25.165, 22.968, 21.323, 19.601, 17.178, 13.645, 8.958, 4.095, 0.0, 3.265, 5.708, 7.628, 10.515, 15.265, 20.529, 25.071, 28.439, 30.095, 30.345, 30.325, 31.169, 33.056, 34.95, 35.797, 35.552, 35.431, 36.734, 38.777, 40.786, 42.439, 43.82, 45.273, 46.436, 46.685, 46.767, 47.343, 48.079, 48.529, 48.684, 48.877, 49.202, 49.476, 49.52, 49.454, 49.456, 49.517, 49.553, 49.59, 49.745, 50.03, 50.236, 50.145, 49.901, 49.79, 49.9, 50.1, 50.108, 49.83, 49.303, 48.596, 48.035, 48.015, 48.167, 48.224, 48.247, 48.552, 49.595, 50.668, 51.388, 52.137, 52.675, 52.696, 52.452, 52.233, 52.079, 51.981, 51.823, 51.394, 50.73, 50.221, 50.095, 50.252, 50.372, 50.043, 49.387, 48.904, 48.815, 49.062, 49.873, 50.588, 50.792, 50.708, 50.616, 50.123, 48.829, 47.917, 47.741, 47.879, 47.743, 47.06, 46.454, 46.452, 46.81, 47.12, 47.261, 47.389, 47.431, 47.157, 46.633, 46.201, 45.995, 45.772, 45.483, 45.621, 46.005, 46.211, 46.182, 46.226, 46.554, 46.809, 46.718, 46.766, 47.327, 48.05, 48.178, 48.19, 48.47, 48.813, 48.878, 48.724, 48.653, 48.686, 48.737, 48.727, 48.66, 48.611, 48.521, 48.401, 48.271, 48.082, 47.864, 47.826, 48.194, 48.865, 49.321, 49.209, 48.807, 48.657, 48.675, 48.671, 48.793, 48.984, 49.004, 48.755, 32.824], [31.146, 29.817, 28.065, 25.88, 24.033, 22.705, 21.245, 19.072, 15.83, 11.525, 7.085, 3.265, 0.0, 2.795, 5.643, 9.801, 15.443, 21.169, 25.937, 29.383, 31.042, 31.248, 31.147, 31.893, 33.706, 35.568, 36.377, 36.05, 35.842, 37.113, 39.154, 41.165, 42.807, 44.162, 45.576, 46.741, 47.028, 47.142, 47.713, 48.424, 48.855, 49.013, 49.224, 49.556, 49.825, 49.875, 49.831, 49.856, 49.93, 49.973, 50.006, 50.148, 50.429, 50.647, 50.583, 50.363, 50.262, 50.38, 50.606, 50.67, 50.465, 49.989, 49.282, 48.689, 48.641, 48.79, 48.861, 48.882, 49.117, 50.04, 51.021, 51.687, 52.403, 52.924, 52.947, 52.709, 52.494, 52.342, 52.245, 52.093, 51.687, 51.066, 50.598, 50.491, 50.636, 50.729, 50.384, 49.736, 49.273, 49.195, 49.44, 50.227, 50.909, 51.098, 50.999, 50.878, 50.372, 49.113, 48.26, 48.122, 48.257, 48.099, 47.405, 46.8, 46.796, 47.156, 47.482, 47.643, 47.786, 47.842, 47.591, 47.086, 46.646, 46.426, 46.219, 45.985, 46.166, 46.55, 46.743, 46.712, 46.74, 47.022, 47.244, 47.158, 47.217, 47.76, 48.456, 48.597, 48.634, 48.94, 49.3, 49.368, 49.211, 49.142, 49.179, 49.232, 49.223, 49.152, 49.097, 49.008, 48.891, 48.762, 48.573, 48.369, 48.366, 48.786, 49.498, 49.975, 49.865, 49.45, 49.284, 49.288, 49.271, 49.378, 49.559, 49.576, 49.338, 32.753], [31.298, 30.03, 28.344, 26.249, 24.53, 23.346, 22.033, 20.026, 17.005, 13.035, 9.056, 5.708, 2.795, 0.0, 3.486, 8.537, 14.841, 20.976, 25.991, 29.563, 31.258, 31.441, 31.283, 31.974, 33.762, 35.631, 36.433, 36.053, 35.782, 37.046, 39.119, 41.163, 42.805, 44.137, 45.529, 46.703, 47.022, 47.164, 47.742, 48.444, 48.865, 49.025, 49.245, 49.583, 49.855, 49.92, 49.904, 49.953, 50.04, 50.083, 50.109, 50.243, 50.523, 50.751, 50.705, 50.503, 50.414, 50.538, 50.775, 50.863, 50.697, 50.258, 49.577, 49.002, 48.961, 49.104, 49.17, 49.195, 49.428, 50.327, 51.281, 51.929, 52.636, 53.154, 53.177, 52.94, 52.723, 52.569, 52.473, 52.323, 51.925, 51.317, 50.861, 50.756, 50.897, 50.987, 50.647, 50.011, 49.55, 49.463, 49.713, 50.515, 51.202, 51.393, 51.287, 51.151, 50.637, 49.385, 48.548, 48.421, 48.556, 48.39, 47.686, 47.064, 47.041, 47.395, 47.726, 47.895, 48.044, 48.107, 47.869, 47.375, 46.933, 46.71, 46.513, 46.307, 46.505, 46.879, 47.048, 46.988, 46.974, 47.207, 47.411, 47.332, 47.387, 47.899, 48.572, 48.721, 48.774, 49.094, 49.464, 49.538, 49.384, 49.317, 49.354, 49.408, 49.4, 49.332, 49.282, 49.201, 49.095, 48.973, 48.791, 48.596, 48.608, 49.04, 49.751, 50.222, 50.108, 49.695, 49.53, 49.532, 49.509, 49.605, 49.779, 49.793, 49.559, 32.851], [31.719, 30.409, 28.615, 26.35, 24.464, 23.195, 21.915, 20.043, 17.241, 13.611, 10.181, 7.628, 5.643, 3.486, 0.0, 5.448, 12.257, 18.85, 24.235, 28.065, 29.884, 30.079, 29.882, 30.564, 32.418, 34.396, 35.291, 34.951, 34.706, 36.06, 38.265, 40.425, 42.116, 43.48, 44.914, 46.111, 46.431, 46.575, 47.179, 47.915, 48.354, 48.511, 48.726, 49.081, 49.386, 49.479, 49.484, 49.55, 49.65, 49.701, 49.728, 49.862, 50.143, 50.366, 50.311, 50.114, 50.042, 50.175, 50.394, 50.438, 50.218, 49.741, 49.069, 48.553, 48.556, 48.687, 48.718, 48.752, 49.069, 50.077, 51.102, 51.793, 52.529, 53.061, 53.083, 52.834, 52.605, 52.444, 52.346, 52.192, 51.779, 51.143, 50.658, 50.545, 50.705, 50.831, 50.526, 49.904, 49.424, 49.307, 49.57, 50.44, 51.189, 51.407, 51.312, 51.184, 50.665, 49.381, 48.499, 48.353, 48.499, 48.348, 47.633, 46.976, 46.928, 47.279, 47.607, 47.766, 47.905, 47.962, 47.72, 47.226, 46.788, 46.566, 46.351, 46.101, 46.252, 46.587, 46.711, 46.591, 46.515, 46.718, 46.932, 46.857, 46.884, 47.365, 48.038, 48.193, 48.24, 48.541, 48.885, 48.949, 48.799, 48.731, 48.764, 48.816, 48.814, 48.764, 48.738, 48.673, 48.577, 48.466, 48.297, 48.112, 48.117, 48.522, 49.198, 49.642, 49.52, 49.122, 48.982, 49.008, 48.995, 49.092, 49.264, 49.277, 49.042, 33.259], [32.88, 31.431, 29.367, 26.688, 24.336, 22.738, 21.395, 19.706, 17.28, 14.268, 11.808, 10.515, 9.801, 8.537, 5.448, 0.0, 7.131, 14.209, 20.13, 24.428, 26.524, 26.802, 26.577, 27.286, 29.322, 31.568, 32.728, 32.593, 32.535, 34.14, 36.619, 38.997, 40.8, 42.261, 43.815, 45.053, 45.329, 45.43, 46.069, 46.889, 47.38, 47.53, 47.721, 48.101, 48.469, 48.592, 48.594, 48.659, 48.775, 48.85, 48.895, 49.039, 49.316, 49.51, 49.411, 49.19, 49.133, 49.279, 49.45, 49.37, 48.982, 48.364, 47.659, 47.224, 47.311, 47.43, 47.402, 47.453, 47.948, 49.203, 50.395, 51.181, 51.982, 52.547, 52.564, 52.291, 52.037, 51.863, 51.757, 51.588, 51.135, 50.425, 49.873, 49.744, 49.951, 50.157, 49.912, 49.305, 48.792, 48.631, 48.901, 49.869, 50.731, 51.003, 50.942, 50.858, 50.352, 49.001, 48.012, 47.815, 47.99, 47.884, 47.163, 46.457, 46.379, 46.727, 47.045, 47.178, 47.293, 47.332, 47.069, 46.568, 46.15, 45.936, 45.67, 45.288, 45.315, 45.582, 45.641, 45.434, 45.287, 45.495, 45.755, 45.675, 45.651, 46.109, 46.817, 46.965, 46.976, 47.213, 47.486, 47.513, 47.36, 47.288, 47.31, 47.358, 47.367, 47.354, 47.373, 47.328, 47.237, 47.138, 46.986, 46.804, 46.775, 47.109, 47.718, 48.128, 48.003, 47.628, 47.54, 47.622, 47.643, 47.754, 47.933, 47.955, 47.721, 34.424], [35.25, 33.624, 31.252, 28.116, 25.19, 23.139, 21.701, 20.314, 18.548, 16.58, 15.404, 15.265, 15.443, 14.841, 12.257, 7.131, 0.0, 7.457, 14.07, 19.097, 21.693, 22.182, 21.954, 22.702, 25.035, 27.735, 29.36, 29.62, 29.93, 31.937, 34.798, 37.445, 39.385, 40.967, 42.686, 43.969, 44.156, 44.167, 44.837, 45.768, 46.341, 46.492, 46.645, 47.037, 47.463, 47.602, 47.577, 47.623, 47.752, 47.862, 47.941, 48.107, 48.381, 48.532, 48.357, 48.086, 48.034, 48.19, 48.299, 48.048, 47.422, 46.604, 45.837, 45.49, 45.68, 45.797, 45.705, 45.784, 46.517, 48.102, 49.51, 50.411, 51.292, 51.899, 51.91, 51.604, 51.319, 51.125, 51.001, 50.807, 50.298, 49.491, 48.851, 48.706, 48.974, 49.28, 49.106, 48.512, 47.966, 47.758, 48.018, 49.075, 50.06, 50.401, 50.396, 50.395, 49.933, 48.508, 47.378, 47.109, 47.32, 47.285, 46.572, 45.82, 45.717, 46.068, 46.373, 46.474, 46.557, 46.569, 46.276, 45.77, 45.39, 45.197, 44.858, 44.288, 44.141, 44.322, 44.313, 44.013, 43.803, 44.052, 44.387, 44.3, 44.21, 44.65, 45.405, 45.534, 45.484, 45.625, 45.791, 45.753, 45.584, 45.497, 45.504, 45.545, 45.567, 45.598, 45.672, 45.647, 45.557, 45.471, 45.34, 45.152, 45.059, 45.282, 45.805, 46.188, 46.076, 45.737, 45.714, 45.875, 45.946, 46.082, 46.274, 46.315, 46.096, 36.787], [38.372, 36.594, 34.002, 30.554, 27.18, 24.719, 23.194, 22.147, 21.112, 20.175, 19.99, 20.529, 21.169, 20.976, 18.85, 14.209, 7.457, 0.0, 7.155, 12.954, 16.197, 17.068, 16.948, 17.791, 20.503, 23.754, 25.941, 26.709, 27.498, 29.96, 33.21, 36.114, 38.183, 39.878, 41.757, 43.073, 43.149, 43.055, 43.754, 44.807, 45.475, 45.636, 45.745, 46.128, 46.59, 46.732, 46.672, 46.69, 46.825, 46.969, 47.097, 47.309, 47.6, 47.712, 47.451, 47.112, 47.051, 47.214, 47.261, 46.837, 45.967, 44.953, 44.138, 43.892, 44.199, 44.328, 44.186, 44.307, 45.294, 47.215, 48.847, 49.871, 50.833, 51.478, 51.483, 51.154, 50.848, 50.636, 50.492, 50.27, 49.704, 48.799, 48.07, 47.907, 48.236, 48.639, 48.534, 47.957, 47.388, 47.143, 47.389, 48.509, 49.599, 50.012, 50.084, 50.198, 49.814, 48.34, 47.075, 46.727, 46.978, 47.026, 46.336, 45.55, 45.434, 45.797, 46.092, 46.156, 46.197, 46.169, 45.831, 45.312, 44.974, 44.811, 44.407, 43.648, 43.318, 43.409, 43.332, 42.936, 42.665, 42.961, 43.377, 43.288, 43.118, 43.511, 44.289, 44.392, 44.28, 44.311, 44.353, 44.241, 44.053, 43.953, 43.942, 43.976, 44.01, 44.081, 44.204, 44.197, 44.111, 44.047, 43.946, 43.753, 43.575, 43.653, 44.067, 44.421, 44.33, 44.04, 44.096, 44.34, 44.46, 44.619, 44.826, 44.89, 44.682, 39.898], [41.344, 39.468, 36.78, 33.215, 29.606, 26.873, 25.285, 24.505, 24.028, 23.798, 24.191, 25.071, 25.937, 25.991, 24.235, 20.13, 14.07, 7.155, 0.0, 6.249, 10.127, 11.595, 11.886, 13.085, 16.308, 20.113, 22.849, 24.146, 25.426, 28.296, 31.877, 34.999, 37.176, 38.967, 40.968, 42.303, 42.28, 42.104, 42.84, 44.002, 44.753, 44.916, 44.976, 45.338, 45.817, 45.957, 45.866, 45.861, 45.996, 46.166, 46.344, 46.62, 46.95, 47.043, 46.71, 46.304, 46.221, 46.383, 46.38, 45.811, 44.734, 43.567, 42.745, 42.613, 43.029, 43.179, 43.009, 43.174, 44.38, 46.586, 48.409, 49.545, 50.573, 51.242, 51.246, 50.915, 50.611, 50.394, 50.231, 49.986, 49.376, 48.391, 47.589, 47.413, 47.796, 48.283, 48.244, 47.693, 47.119, 46.86, 47.11, 48.284, 49.454, 49.936, 50.096, 50.335, 50.05, 48.565, 47.203, 46.796, 47.086, 47.217, 46.56, 45.757, 45.638, 46.016, 46.298, 46.316, 46.302, 46.219, 45.826, 45.278, 44.967, 44.833, 44.385, 43.475, 42.982, 42.977, 42.814, 42.312, 41.97, 42.291, 42.775, 42.682, 42.41, 42.702, 43.462, 43.545, 43.381, 43.311, 43.237, 43.065, 42.881, 42.784, 42.763, 42.793, 42.84, 42.947, 43.11, 43.119, 43.041, 43.007, 42.945, 42.751, 42.491, 42.417, 42.71, 43.025, 42.955, 42.726, 42.87, 43.185, 43.338, 43.509, 43.725, 43.806, 43.595, 42.873], [43.552, 41.634, 38.943, 35.402, 31.757, 28.932, 27.348, 26.752, 26.615, 26.768, 27.429, 28.439, 29.383, 29.563, 28.065, 24.428, 19.097, 12.954, 6.249, 0.0, 4.342, 6.611, 7.848, 9.932, 13.711, 17.841, 20.92, 22.61, 24.235, 27.333, 31.095, 34.352, 36.576, 38.401, 40.455, 41.794, 41.719, 41.502, 42.262, 43.484, 44.28, 44.436, 44.453, 44.79, 45.27, 45.402, 45.292, 45.276, 45.413, 45.594, 45.799, 46.117, 46.483, 46.578, 46.213, 45.773, 45.675, 45.833, 45.799, 45.141, 43.944, 42.708, 41.92, 41.884, 42.372, 42.537, 42.357, 42.555, 43.898, 46.282, 48.228, 49.445, 50.517, 51.194, 51.2, 50.884, 50.597, 50.384, 50.211, 49.953, 49.318, 48.287, 47.441, 47.259, 47.679, 48.225, 48.24, 47.719, 47.155, 46.901, 47.172, 48.387, 49.605, 50.139, 50.371, 50.705, 50.498, 49.021, 47.611, 47.171, 47.492, 47.685, 47.06, 46.246, 46.118, 46.496, 46.752, 46.718, 46.646, 46.514, 46.079, 45.511, 45.217, 45.111, 44.649, 43.657, 43.059, 42.97, 42.722, 42.124, 41.713, 42.03, 42.548, 42.449, 42.079, 42.252, 42.97, 43.039, 42.846, 42.713, 42.574, 42.39, 42.239, 42.165, 42.145, 42.174, 42.233, 42.369, 42.563, 42.583, 42.515, 42.507, 42.478, 42.289, 41.969, 41.776, 41.962, 42.243, 42.205, 42.047, 42.266, 42.624, 42.787, 42.954, 43.167, 43.255, 43.039, 45.086], [44.522, 42.588, 39.905, 36.405, 32.799, 29.998, 28.467, 27.986, 28.009, 28.317, 29.065, 30.095, 31.042, 31.258, 29.884, 26.524, 21.693, 16.197, 10.127, 4.342, 0.0, 2.946, 5.451, 8.717, 12.968, 17.159, 20.297, 22.127, 23.87, 27.007, 30.801, 34.1, 36.318, 38.111, 40.163, 41.511, 41.434, 41.212, 41.973, 43.201, 44.003, 44.15, 44.145, 44.466, 44.938, 45.064, 44.951, 44.939, 45.08, 45.259, 45.46, 45.784, 46.167, 46.28, 45.927, 45.493, 45.399, 45.559, 45.519, 44.838, 43.619, 42.399, 41.665, 41.68, 42.193, 42.365, 42.187, 42.399, 43.789, 46.24, 48.239, 49.502, 50.604, 51.29, 51.304, 51.001, 50.729, 50.523, 50.352, 50.092, 49.452, 48.405, 47.541, 47.355, 47.788, 48.361, 48.405, 47.907, 47.353, 47.106, 47.39, 48.623, 49.859, 50.417, 50.682, 51.055, 50.874, 49.395, 47.961, 47.504, 47.834, 48.054, 47.441, 46.613, 46.465, 46.825, 47.051, 46.973, 46.861, 46.703, 46.254, 45.688, 45.414, 45.333, 44.882, 43.881, 43.252, 43.119, 42.82, 42.169, 41.715, 42.013, 42.535, 42.431, 42.006, 42.104, 42.79, 42.856, 42.659, 42.517, 42.379, 42.223, 42.114, 42.064, 42.05, 42.08, 42.143, 42.29, 42.495, 42.521, 42.461, 42.47, 42.459, 42.277, 41.929, 41.672, 41.794, 42.059, 42.057, 41.962, 42.229, 42.6, 42.759, 42.916, 43.118, 43.204, 42.983, 46.063], [44.525, 42.596, 39.932, 36.474, 32.935, 30.207, 28.738, 28.3, 28.345, 28.649, 29.364, 30.345, 31.248, 31.441, 30.079, 26.802, 22.182, 17.068, 11.595, 6.611, 2.946, 0.0, 3.284, 7.523, 12.388, 16.812, 20.01, 21.868, 23.65, 26.832, 30.657, 33.987, 36.211, 37.98, 40.024, 41.386, 41.329, 41.115, 41.863, 43.069, 43.857, 44.0, 43.995, 44.314, 44.785, 44.915, 44.813, 44.816, 44.968, 45.143, 45.327, 45.635, 46.016, 46.145, 45.821, 45.412, 45.329, 45.493, 45.462, 44.803, 43.626, 42.462, 41.771, 41.794, 42.297, 42.466, 42.293, 42.507, 43.882, 46.313, 48.302, 49.572, 50.687, 51.384, 51.405, 51.109, 50.84, 50.639, 50.473, 50.218, 49.582, 48.541, 47.683, 47.499, 47.931, 48.506, 48.558, 48.066, 47.516, 47.268, 47.549, 48.779, 50.01, 50.569, 50.837, 51.207, 51.016, 49.529, 48.09, 47.63, 47.959, 48.179, 47.566, 46.732, 46.58, 46.936, 47.152, 47.057, 46.93, 46.766, 46.32, 45.766, 45.508, 45.442, 45.005, 44.02, 43.393, 43.247, 42.935, 42.275, 41.813, 42.099, 42.616, 42.51, 42.073, 42.157, 42.837, 42.908, 42.72, 42.594, 42.479, 42.346, 42.252, 42.209, 42.196, 42.224, 42.286, 42.429, 42.629, 42.65, 42.59, 42.599, 42.59, 42.41, 42.063, 41.801, 41.918, 42.19, 42.218, 42.159, 42.448, 42.821, 42.975, 43.126, 43.321, 43.4, 43.179, 46.073], [44.522, 42.641, 40.064, 36.722, 33.3, 30.655, 29.208, 28.727, 28.685, 28.869, 29.454, 30.325, 31.147, 31.283, 29.882, 26.577, 21.954, 16.948, 11.886, 7.848, 5.451, 3.284, 0.0, 4.795, 10.39, 15.408, 18.94, 20.948, 22.89, 26.315, 30.35, 33.824, 36.145, 37.966, 40.031, 41.405, 41.358, 41.141, 41.87, 43.058, 43.84, 43.988, 43.994, 44.329, 44.824, 44.982, 44.905, 44.929, 45.096, 45.277, 45.452, 45.742, 46.106, 46.233, 45.925, 45.534, 45.457, 45.62, 45.592, 44.954, 43.815, 42.69, 42.015, 42.031, 42.519, 42.678, 42.505, 42.72, 44.059, 46.421, 48.353, 49.593, 50.705, 51.413, 51.445, 51.156, 50.894, 50.696, 50.527, 50.266, 49.633, 48.613, 47.781, 47.612, 48.044, 48.611, 48.655, 48.162, 47.613, 47.365, 47.635, 48.844, 50.059, 50.608, 50.869, 51.233, 51.045, 49.576, 48.158, 47.708, 48.035, 48.252, 47.645, 46.828, 46.701, 47.084, 47.318, 47.23, 47.101, 46.929, 46.482, 45.935, 45.684, 45.619, 45.183, 44.194, 43.55, 43.39, 43.078, 42.435, 41.987, 42.277, 42.791, 42.687, 42.262, 42.363, 43.046, 43.116, 42.929, 42.802, 42.678, 42.522, 42.402, 42.345, 42.326, 42.352, 42.41, 42.548, 42.739, 42.751, 42.681, 42.678, 42.66, 42.479, 42.145, 41.907, 42.05, 42.345, 42.391, 42.347, 42.647, 43.03, 43.188, 43.34, 43.535, 43.616, 43.405, 46.071], [45.407, 43.606, 41.184, 38.036, 34.775, 32.194, 30.71, 30.131, 29.964, 30.006, 30.435, 31.169, 31.893, 31.974, 30.564, 27.286, 22.702, 17.791, 13.085, 9.932, 8.717, 7.523, 4.795, 0.0, 6.148, 11.994, 16.238, 18.724, 21.105, 25.03, 29.519, 33.347, 35.901, 37.869, 40.004, 41.395, 41.333, 41.082, 41.789, 42.987, 43.792, 43.958, 43.975, 44.34, 44.889, 45.098, 45.056, 45.106, 45.292, 45.486, 45.665, 45.949, 46.298, 46.407, 46.091, 45.699, 45.623, 45.777, 45.731, 45.074, 43.924, 42.801, 42.144, 42.189, 42.698, 42.853, 42.673, 42.895, 44.221, 46.533, 48.415, 49.623, 50.724, 51.441, 51.491, 51.227, 50.985, 50.791, 50.608, 50.326, 49.686, 48.681, 47.878, 47.733, 48.176, 48.742, 48.787, 48.299, 47.758, 47.518, 47.784, 48.978, 50.188, 50.738, 51.009, 51.398, 51.256, 49.833, 48.439, 47.987, 48.311, 48.541, 47.958, 47.164, 47.061, 47.469, 47.721, 47.638, 47.497, 47.302, 46.836, 46.289, 46.052, 46.003, 45.566, 44.541, 43.84, 43.635, 43.299, 42.646, 42.193, 42.479, 42.996, 42.899, 42.481, 42.574, 43.233, 43.289, 43.088, 42.92, 42.73, 42.507, 42.344, 42.264, 42.234, 42.256, 42.316, 42.459, 42.655, 42.667, 42.591, 42.582, 42.559, 42.374, 42.036, 41.793, 41.931, 42.228, 42.285, 42.259, 42.584, 42.997, 43.175, 43.334, 43.533, 43.623, 43.434, 46.951], [47.083, 45.342, 43.056, 40.084, 36.972, 34.443, 32.919, 32.269, 32.044, 32.043, 32.406, 33.056, 33.706, 33.762, 32.418, 29.322, 25.035, 20.503, 16.308, 13.711, 12.968, 12.388, 10.39, 6.148, 0.0, 6.5, 11.705, 15.139, 18.355, 22.924, 27.948, 32.255, 35.143, 37.324, 39.583, 41.012, 40.92, 40.613, 41.302, 42.544, 43.407, 43.601, 43.628, 44.03, 44.656, 44.93, 44.93, 45.009, 45.217, 45.424, 45.61, 45.9, 46.25, 46.347, 46.01, 45.602, 45.519, 45.66, 45.576, 44.863, 43.661, 42.527, 41.924, 42.072, 42.662, 42.83, 42.633, 42.861, 44.23, 46.588, 48.501, 49.729, 50.835, 51.555, 51.622, 51.388, 51.172, 50.982, 50.776, 50.468, 49.813, 48.798, 47.991, 47.858, 48.325, 48.916, 48.986, 48.521, 47.99, 47.76, 48.042, 49.255, 50.497, 51.078, 51.385, 51.831, 51.754, 50.367, 48.958, 48.47, 48.787, 49.049, 48.499, 47.707, 47.586, 47.978, 48.215, 48.114, 47.95, 47.724, 47.223, 46.66, 46.451, 46.449, 46.033, 44.97, 44.195, 43.922, 43.522, 42.798, 42.274, 42.519, 43.038, 42.952, 42.512, 42.549, 43.164, 43.2, 42.97, 42.732, 42.454, 42.168, 41.979, 41.884, 41.839, 41.853, 41.918, 42.081, 42.303, 42.33, 42.265, 42.269, 42.253, 42.057, 41.679, 41.366, 41.428, 41.684, 41.747, 41.764, 42.149, 42.618, 42.834, 43.007, 43.214, 43.313, 43.137, 48.619], [48.607, 46.887, 44.649, 41.748, 38.713, 36.227, 34.697, 34.031, 33.833, 33.898, 34.308, 34.95, 35.568, 35.631, 34.396, 31.568, 27.735, 23.754, 20.113, 17.841, 17.159, 16.812, 15.408, 11.994, 6.5, 0.0, 5.974, 10.709, 15.24, 20.559, 25.959, 30.601, 33.786, 36.208, 38.656, 40.173, 40.068, 39.719, 40.413, 41.727, 42.666, 42.893, 42.932, 43.378, 44.086, 44.435, 44.487, 44.604, 44.837, 45.055, 45.239, 45.529, 45.89, 45.989, 45.639, 45.216, 45.121, 45.248, 45.132, 44.372, 43.126, 41.997, 41.48, 41.768, 42.463, 42.652, 42.434, 42.668, 44.12, 46.614, 48.646, 49.957, 51.098, 51.821, 51.889, 51.664, 51.458, 51.261, 51.038, 50.716, 50.044, 48.994, 48.149, 48.004, 48.491, 49.123, 49.236, 48.798, 48.27, 48.039, 48.344, 49.606, 50.912, 51.541, 51.889, 52.382, 52.345, 50.959, 49.502, 48.961, 49.269, 49.567, 49.042, 48.225, 48.052, 48.403, 48.61, 48.482, 48.298, 48.048, 47.499, 46.891, 46.686, 46.728, 46.35, 45.278, 44.461, 44.137, 43.671, 42.85, 42.211, 42.377, 42.887, 42.81, 42.332, 42.299, 42.878, 42.897, 42.637, 42.345, 42.02, 41.721, 41.537, 41.435, 41.376, 41.382, 41.454, 41.645, 41.901, 41.95, 41.904, 41.93, 41.925, 41.714, 41.28, 40.87, 40.824, 41.009, 41.068, 41.144, 41.604, 42.135, 42.396, 42.592, 42.805, 42.907, 42.724, 50.12], [49.28, 47.566, 45.324, 42.421, 39.407, 36.951, 35.429, 34.763, 34.593, 34.718, 35.167, 35.797, 36.377, 36.433, 35.291, 32.728, 29.36, 25.941, 22.849, 20.92, 20.297, 20.01, 18.94, 16.238, 11.705, 5.974, 0.0, 5.815, 11.988, 18.383, 24.146, 28.886, 32.209, 34.846, 37.521, 39.176, 39.11, 38.779, 39.525, 40.917, 41.925, 42.19, 42.255, 42.741, 43.513, 43.941, 44.066, 44.239, 44.504, 44.73, 44.898, 45.169, 45.528, 45.638, 45.299, 44.883, 44.79, 44.912, 44.796, 44.048, 42.831, 41.757, 41.322, 41.697, 42.445, 42.641, 42.41, 42.647, 44.142, 46.729, 48.858, 50.236, 51.404, 52.128, 52.185, 51.949, 51.733, 51.528, 51.3, 50.976, 50.294, 49.223, 48.353, 48.194, 48.686, 49.338, 49.479, 49.06, 48.527, 48.285, 48.61, 49.919, 51.271, 51.926, 52.285, 52.784, 52.75, 51.354, 49.865, 49.294, 49.595, 49.903, 49.378, 48.528, 48.314, 48.648, 48.847, 48.712, 48.527, 48.269, 47.68, 47.014, 46.778, 46.826, 46.474, 45.431, 44.631, 44.303, 43.816, 42.947, 42.225, 42.311, 42.797, 42.729, 42.232, 42.155, 42.716, 42.732, 42.472, 42.18, 41.876, 41.609, 41.439, 41.334, 41.267, 41.27, 41.349, 41.555, 41.828, 41.888, 41.854, 41.894, 41.896, 41.676, 41.213, 40.759, 40.656, 40.785, 40.827, 40.933, 41.436, 41.996, 42.282, 42.492, 42.711, 42.806, 42.601, 50.748], [49.198, 47.496, 45.239, 42.313, 39.301, 36.871, 35.362, 34.685, 34.495, 34.591, 34.993, 35.552, 36.05, 36.053, 34.951, 32.593, 29.62, 26.709, 24.146, 22.61, 22.127, 21.868, 20.948, 18.724, 15.139, 10.709, 5.815, 0.0, 7.397, 15.199, 21.838, 26.936, 30.359, 33.134, 36.032, 37.872, 37.898, 37.638, 38.472, 39.953, 41.026, 41.342, 41.455, 41.982, 42.804, 43.312, 43.533, 43.784, 44.096, 44.335, 44.492, 44.738, 45.081, 45.195, 44.881, 44.496, 44.42, 44.548, 44.448, 43.751, 42.625, 41.659, 41.308, 41.73, 42.498, 42.698, 42.47, 42.715, 44.212, 46.821, 48.989, 50.398, 51.585, 52.311, 52.358, 52.107, 51.875, 51.661, 51.433, 51.108, 50.425, 49.356, 48.489, 48.326, 48.811, 49.46, 49.598, 49.169, 48.619, 48.367, 48.707, 50.038, 51.393, 52.037, 52.374, 52.846, 52.794, 51.393, 49.907, 49.34, 49.634, 49.925, 49.378, 48.502, 48.271, 48.606, 48.811, 48.682, 48.507, 48.252, 47.646, 46.942, 46.666, 46.688, 46.334, 45.325, 44.565, 44.257, 43.779, 42.907, 42.154, 42.195, 42.667, 42.611, 42.123, 42.043, 42.612, 42.649, 42.417, 42.166, 41.912, 41.681, 41.522, 41.421, 41.355, 41.358, 41.438, 41.644, 41.913, 41.977, 41.951, 41.996, 42.0, 41.782, 41.334, 40.908, 40.825, 40.936, 40.944, 41.047, 41.556, 42.112, 42.395, 42.608, 42.827, 42.91, 42.681, 50.61], [49.102, 47.429, 45.16, 42.21, 39.202, 36.827, 35.371, 34.718, 34.527, 34.595, 34.945, 35.431, 35.842, 35.782, 34.706, 32.535, 29.93, 27.498, 25.426, 24.235, 23.87, 23.65, 22.89, 21.105, 18.355, 15.24, 11.988, 7.397, 0.0, 8.934, 17.077, 23.429, 27.369, 30.316, 33.458, 35.545, 35.684, 35.483, 36.414, 38.014, 39.182, 39.571, 39.755, 40.351, 41.246, 41.854, 42.191, 42.538, 42.905, 43.165, 43.326, 43.568, 43.902, 44.014, 43.711, 43.35, 43.295, 43.436, 43.352, 42.7, 41.687, 40.903, 40.743, 41.339, 42.227, 42.465, 42.236, 42.502, 44.073, 46.799, 49.081, 50.578, 51.819, 52.557, 52.598, 52.336, 52.089, 51.868, 51.642, 51.317, 50.622, 49.536, 48.652, 48.474, 48.951, 49.596, 49.716, 49.255, 48.672, 48.405, 48.758, 50.106, 51.458, 52.086, 52.399, 52.847, 52.773, 51.35, 49.849, 49.275, 49.564, 49.84, 49.266, 48.36, 48.099, 48.412, 48.595, 48.45, 48.266, 48.009, 47.392, 46.664, 46.371, 46.391, 46.038, 45.042, 44.296, 43.984, 43.492, 42.597, 41.811, 41.824, 42.295, 42.253, 41.776, 41.716, 42.328, 42.394, 42.182, 41.959, 41.734, 41.517, 41.362, 41.263, 41.198, 41.202, 41.281, 41.485, 41.757, 41.831, 41.816, 41.87, 41.883, 41.679, 41.248, 40.837, 40.747, 40.806, 40.754, 40.853, 41.377, 41.938, 42.225, 42.442, 42.656, 42.721, 42.469, 50.441], [49.608, 48.008, 45.784, 42.875, 39.929, 37.666, 36.329, 35.781, 35.689, 35.845, 36.247, 36.734, 37.113, 37.046, 36.06, 34.14, 31.937, 29.96, 28.296, 27.333, 27.007, 26.832, 26.315, 25.03, 22.924, 20.559, 18.383, 15.199, 8.934, 0.0, 9.479, 17.845, 23.087, 26.592, 30.093, 32.435, 32.66, 32.494, 33.552, 35.327, 36.63, 37.103, 37.364, 38.058, 39.081, 39.834, 40.311, 40.759, 41.167, 41.427, 41.583, 41.836, 42.191, 42.32, 42.025, 41.673, 41.633, 41.796, 41.74, 41.138, 40.254, 39.712, 39.866, 40.789, 41.911, 42.234, 41.999, 42.272, 43.97, 46.922, 49.436, 51.111, 52.448, 53.212, 53.248, 52.98, 52.73, 52.512, 52.297, 51.97, 51.244, 50.099, 49.153, 48.937, 49.406, 50.047, 50.149, 49.663, 49.054, 48.765, 49.126, 50.51, 51.894, 52.537, 52.856, 53.305, 53.212, 51.739, 50.173, 49.561, 49.849, 50.129, 49.527, 48.555, 48.218, 48.467, 48.6, 48.417, 48.213, 47.944, 47.312, 46.566, 46.282, 46.345, 46.031, 45.065, 44.324, 43.984, 43.455, 42.518, 41.69, 41.663, 42.119, 42.083, 41.605, 41.543, 42.181, 42.255, 42.031, 41.801, 41.58, 41.364, 41.196, 41.079, 41.007, 41.011, 41.092, 41.296, 41.572, 41.654, 41.653, 41.729, 41.774, 41.595, 41.158, 40.698, 40.515, 40.45, 40.321, 40.435, 41.008, 41.615, 41.936, 42.16, 42.358, 42.404, 42.124, 50.86], [50.298, 48.797, 46.71, 43.958, 41.166, 39.056, 37.872, 37.468, 37.512, 37.788, 38.267, 38.777, 39.154, 39.119, 38.265, 36.619, 34.798, 33.21, 31.877, 31.095, 30.801, 30.657, 30.35, 29.519, 27.948, 25.959, 24.146, 21.838, 17.077, 9.479, 0.0, 10.042, 17.276, 22.292, 26.704, 29.414, 29.673, 29.516, 30.77, 32.806, 34.289, 34.845, 35.16, 35.956, 37.155, 38.107, 38.748, 39.299, 39.734, 39.966, 40.088, 40.347, 40.759, 40.952, 40.692, 40.349, 40.323, 40.521, 40.52, 39.985, 39.219, 38.882, 39.313, 40.521, 41.839, 42.247, 42.024, 42.287, 44.08, 47.25, 50.004, 51.862, 53.29, 54.073, 54.097, 53.821, 53.573, 53.365, 53.158, 52.824, 52.059, 50.85, 49.84, 49.586, 50.042, 50.68, 50.776, 50.286, 49.664, 49.352, 49.72, 51.151, 52.588, 53.267, 53.605, 54.057, 53.935, 52.4, 50.755, 50.103, 50.394, 50.673, 50.017, 48.932, 48.479, 48.654, 48.748, 48.545, 48.336, 48.065, 47.411, 46.642, 46.378, 46.509, 46.276, 45.38, 44.667, 44.308, 43.752, 42.792, 41.922, 41.83, 42.241, 42.192, 41.696, 41.599, 42.228, 42.292, 42.047, 41.806, 41.604, 41.4, 41.208, 41.062, 40.986, 41.002, 41.092, 41.295, 41.57, 41.662, 41.682, 41.795, 41.888, 41.746, 41.301, 40.781, 40.493, 40.299, 40.089, 40.202, 40.816, 41.472, 41.84, 42.079, 42.266, 42.296, 41.981, 51.507], [50.883, 49.44, 47.516, 44.984, 42.405, 40.485, 39.482, 39.233, 39.394, 39.751, 40.268, 40.786, 41.165, 41.163, 40.425, 38.997, 37.445, 36.114, 34.999, 34.352, 34.1, 33.987, 33.824, 33.347, 32.255, 30.601, 28.886, 26.936, 23.429, 17.845, 10.042, 0.0, 9.328, 17.156, 23.425, 26.84, 27.12, 26.873, 28.315, 30.659, 32.337, 32.963, 33.327, 34.244, 35.645, 36.809, 37.611, 38.259, 38.722, 38.923, 38.994, 39.24, 39.711, 39.996, 39.795, 39.477, 39.476, 39.726, 39.807, 39.366, 38.717, 38.54, 39.162, 40.544, 41.965, 42.43, 42.238, 42.512, 44.38, 47.701, 50.616, 52.588, 54.057, 54.832, 54.838, 54.556, 54.314, 54.116, 53.916, 53.572, 52.776, 51.522, 50.473, 50.197, 50.647, 51.283, 51.38, 50.899, 50.281, 49.956, 50.341, 51.829, 53.317, 54.029, 54.38, 54.818, 54.649, 53.048, 51.336, 50.661, 50.958, 51.223, 50.487, 49.266, 48.682, 48.778, 48.84, 48.631, 48.428, 48.159, 47.492, 46.732, 46.525, 46.745, 46.608, 45.806, 45.148, 44.79, 44.225, 43.256, 42.341, 42.158, 42.497, 42.432, 41.924, 41.776, 42.361, 42.411, 42.159, 41.918, 41.748, 41.577, 41.382, 41.229, 41.167, 41.204, 41.304, 41.51, 41.789, 41.898, 41.949, 42.103, 42.246, 42.141, 41.701, 41.154, 40.819, 40.556, 40.287, 40.357, 40.948, 41.602, 42.005, 42.287, 42.492, 42.523, 42.183, 52.104], [51.338, 49.875, 47.988, 45.573, 43.17, 41.457, 40.665, 40.594, 40.89, 41.343, 41.911, 42.439, 42.807, 42.805, 42.116, 40.8, 39.385, 38.183, 37.176, 36.576, 36.318, 36.211, 36.145, 35.901, 35.143, 33.786, 32.209, 30.359, 27.369, 23.08