[[0.0, 7.737, 14.461, 18.227, 20.08, 22.837, 24.76, 25.42, 26.301, 27.641, 30.154, 32.293, 33.55, 34.029, 34.75, 36.308, 37.375, 37.448, 37.451, 37.722, 38.092, 38.412, 38.431, 38.491, 39.049, 39.602, 39.741, 39.691, 39.381, 39.133, 39.223, 39.672, 40.069, 40.083, 39.993, 39.597, 39.776, 40.381, 40.366, 39.475, 38.832, 38.52, 38.379, 38.407, 38.528, 38.67, 38.657, 38.572, 38.81, 39.16, 39.244, 39.308, 39.493, 39.927, 40.237, 40.262, 40.739, 41.883, 42.401, 41.478, 40.804, 40.219, 39.434, 39.421, 39.377, 39.08, 39.153, 39.554, 39.48, 39.157, 39.099, 39.17, 39.152, 39.016, 39.119, 39.811, 40.432, 40.175, 39.719, 39.982, 40.486, 40.624, 40.82, 41.505, 42.193, 42.632, 42.774, 42.488, 42.19, 42.023, 41.829, 41.971, 42.461, 42.74, 42.551, 42.515, 42.833, 43.101, 43.002, 42.291, 41.162, 40.533, 40.628, 40.873, 40.6, 40.374, 40.453, 40.285, 40.284, 40.417, 40.576, 40.911, 41.512, 42.357, 43.112, 43.653, 43.493, 42.466, 41.874, 41.73, 41.273, 40.732, 40.557, 40.707, 40.967, 40.708, 40.19, 39.951, 40.245, 40.415, 40.343, 40.265, 40.214, 39.948, 39.527, 39.43, 39.536, 39.456, 39.397, 39.468, 39.606, 39.521, 39.534, 40.018, 40.57, 40.501, 40.544, 41.033, 41.117, 39.869, 38.463, 38.566, 39.18, 39.778, 39.779, 39.354, 39.291, 39.357, 39.44, 39.812, 40.416, 40.743, 40.77, 40.852, 41.28, 41.613, 41.491, 41.316, 41.179, 40.929, 40.717, 40.74, 41.052, 41.322, 41.537, 42.087, 42.184, 41.674, 41.165, 40.954, 41.156, 41.648, 41.993, 42.231, 42.309, 41.622, 40.744, 40.931, 41.363, 41.155, 40.765, 41.216, 41.925, 42.277, 42.569, 43.034, 43.838, 44.64, 44.438, 44.035, 44.277, 44.358, 43.994, 44.52, 45.805, 7.07], [7.737, 0.0, 8.422, 13.536, 15.915, 19.099, 21.27, 22.138, 23.242, 24.748, 27.574, 29.974, 31.36, 31.892, 32.693, 34.425, 35.643, 35.754, 35.762, 36.081, 36.515, 36.918, 37.042, 37.225, 37.92, 38.58, 38.848, 38.969, 38.729, 38.471, 38.588, 39.126, 39.599, 39.639, 39.516, 39.053, 39.228, 39.901, 39.902, 38.968, 38.29, 37.949, 37.792, 37.83, 37.957, 38.1, 38.093, 37.993, 38.204, 38.523, 38.575, 38.63, 38.801, 39.265, 39.624, 39.691, 40.198, 41.368, 41.896, 40.936, 40.24, 39.656, 38.875, 38.842, 38.792, 38.491, 38.579, 38.989, 38.903, 38.577, 38.523, 38.592, 38.582, 38.469, 38.606, 39.374, 40.067, 39.812, 39.319, 39.59, 40.14, 40.287, 40.48, 41.196, 41.919, 42.325, 42.418, 42.075, 41.731, 41.534, 41.306, 41.432, 41.923, 42.191, 41.966, 41.889, 42.199, 42.49, 42.397, 41.623, 40.377, 39.723, 39.909, 40.176, 39.888, 39.69, 39.813, 39.63, 39.614, 39.726, 39.866, 40.203, 40.816, 41.654, 42.399, 42.947, 42.771, 41.697, 41.084, 40.967, 40.542, 39.993, 39.813, 40.002, 40.268, 40.019, 39.553, 39.374, 39.708, 39.901, 39.843, 39.769, 39.716, 39.436, 39.011, 38.928, 39.034, 38.959, 38.93, 39.021, 39.126, 39.013, 39.038, 39.551, 40.106, 40.018, 40.043, 40.544, 40.645, 39.325, 37.821, 37.914, 38.528, 39.134, 39.139, 38.706, 38.658, 38.718, 38.771, 39.132, 39.715, 40.024, 40.042, 40.109, 40.535, 40.878, 40.758, 40.582, 40.423, 40.14, 39.91, 39.923, 40.239, 40.531, 40.778, 41.357, 41.453, 40.927, 40.405, 40.166, 40.366, 40.883, 41.249, 41.49, 41.575, 40.885, 40.0, 40.223, 40.69, 40.48, 40.091, 40.586, 41.355, 41.738, 42.046, 42.559, 43.453, 44.317, 44.108, 43.696, 43.946, 44.051, 43.735, 44.307, 45.618, 12.273], [14.461, 8.422, 0.0, 6.754, 11.325, 15.848, 18.37, 19.615, 21.153, 22.936, 26.16, 28.966, 30.578, 31.139, 31.919, 33.683, 34.962, 35.121, 35.166, 35.563, 36.155, 36.714, 36.941, 37.213, 38.004, 38.712, 39.024, 39.224, 39.029, 38.766, 38.874, 39.417, 39.911, 39.999, 39.906, 39.414, 39.524, 40.173, 40.185, 39.299, 38.675, 38.366, 38.21, 38.227, 38.331, 38.468, 38.455, 38.306, 38.441, 38.733, 38.8, 38.843, 38.957, 39.368, 39.711, 39.791, 40.289, 41.387, 41.853, 40.927, 40.306, 39.823, 39.141, 39.119, 39.068, 38.786, 38.875, 39.276, 39.212, 38.926, 38.892, 38.973, 38.983, 38.89, 39.007, 39.72, 40.363, 40.093, 39.586, 39.831, 40.377, 40.522, 40.687, 41.37, 42.088, 42.479, 42.551, 42.194, 41.845, 41.646, 41.417, 41.541, 42.03, 42.29, 42.052, 41.983, 42.341, 42.681, 42.601, 41.795, 40.54, 39.93, 40.134, 40.375, 40.091, 39.906, 40.022, 39.825, 39.794, 39.879, 39.983, 40.277, 40.844, 41.656, 42.406, 42.978, 42.849, 41.838, 41.257, 41.155, 40.788, 40.298, 40.122, 40.302, 40.536, 40.242, 39.764, 39.612, 39.942, 40.134, 40.091, 40.033, 39.99, 39.715, 39.307, 39.254, 39.373, 39.321, 39.313, 39.404, 39.49, 39.364, 39.366, 39.834, 40.346, 40.234, 40.229, 40.713, 40.827, 39.509, 38.031, 38.139, 38.71, 39.283, 39.29, 38.861, 38.817, 38.874, 38.917, 39.279, 39.861, 40.152, 40.168, 40.242, 40.652, 40.971, 40.838, 40.664, 40.52, 40.24, 39.996, 39.992, 40.303, 40.593, 40.833, 41.42, 41.559, 41.073, 40.551, 40.295, 40.497, 41.013, 41.357, 41.57, 41.645, 40.977, 40.129, 40.347, 40.788, 40.579, 40.199, 40.671, 41.416, 41.792, 42.105, 42.643, 43.563, 44.442, 44.262, 43.881, 44.123, 44.232, 43.976, 44.591, 45.884, 17.283], [18.227, 13.536, 6.754, 0.0, 6.938, 13.288, 16.391, 17.902, 19.732, 21.682, 25.129, 28.217, 29.988, 30.549, 31.308, 33.093, 34.371, 34.526, 34.608, 35.092, 35.802, 36.472, 36.754, 37.036, 37.861, 38.621, 38.96, 39.17, 38.984, 38.731, 38.864, 39.428, 39.937, 40.067, 40.014, 39.486, 39.493, 40.102, 40.138, 39.276, 38.669, 38.384, 38.238, 38.241, 38.328, 38.466, 38.434, 38.211, 38.287, 38.564, 38.627, 38.672, 38.775, 39.137, 39.431, 39.499, 39.994, 41.099, 41.594, 40.695, 40.114, 39.714, 39.104, 39.079, 39.018, 38.73, 38.804, 39.183, 39.114, 38.845, 38.833, 38.924, 38.954, 38.897, 39.005, 39.666, 40.286, 40.023, 39.51, 39.746, 40.304, 40.456, 40.619, 41.317, 42.059, 42.449, 42.489, 42.094, 41.728, 41.529, 41.298, 41.422, 41.924, 42.191, 41.936, 41.861, 42.254, 42.626, 42.547, 41.713, 40.435, 39.829, 40.05, 40.283, 39.999, 39.827, 39.949, 39.75, 39.704, 39.76, 39.84, 40.11, 40.643, 41.443, 42.219, 42.825, 42.72, 41.74, 41.182, 41.075, 40.726, 40.268, 40.09, 40.246, 40.468, 40.15, 39.668, 39.531, 39.849, 40.041, 40.005, 39.947, 39.909, 39.637, 39.234, 39.203, 39.345, 39.322, 39.332, 39.416, 39.492, 39.353, 39.327, 39.781, 40.302, 40.183, 40.155, 40.64, 40.781, 39.456, 37.906, 37.949, 38.511, 39.1, 39.143, 38.754, 38.74, 38.804, 38.824, 39.173, 39.763, 40.052, 40.067, 40.141, 40.54, 40.849, 40.711, 40.534, 40.393, 40.103, 39.834, 39.814, 40.131, 40.42, 40.653, 41.252, 41.418, 40.943, 40.409, 40.142, 40.347, 40.861, 41.191, 41.386, 41.462, 40.807, 39.966, 40.183, 40.621, 40.409, 40.033, 40.507, 41.248, 41.625, 41.958, 42.532, 43.489, 44.394, 44.231, 43.866, 44.11, 44.226, 44.013, 44.669, 45.936, 20.44], [20.08, 15.915, 11.325, 6.938, 0.0, 7.802, 12.22, 14.462, 16.583, 18.63, 22.369, 25.758, 27.716, 28.357, 29.237, 31.209, 32.578, 32.727, 32.826, 33.371, 34.15, 34.883, 35.191, 35.501, 36.406, 37.261, 37.704, 38.009, 37.839, 37.589, 37.82, 38.522, 39.076, 39.205, 39.171, 38.632, 38.588, 39.217, 39.278, 38.352, 37.664, 37.345, 37.209, 37.237, 37.34, 37.49, 37.459, 37.208, 37.273, 37.54, 37.584, 37.64, 37.762, 38.115, 38.397, 38.473, 39.001, 40.2, 40.794, 39.86, 39.251, 38.865, 38.203, 38.115, 38.036, 37.748, 37.841, 38.222, 38.126, 37.848, 37.844, 37.929, 37.965, 37.959, 38.13, 38.871, 39.594, 39.372, 38.822, 39.053, 39.64, 39.798, 39.971, 40.731, 41.529, 41.911, 41.901, 41.432, 41.009, 40.793, 40.538, 40.644, 41.154, 41.42, 41.128, 40.989, 41.335, 41.691, 41.6, 40.713, 39.311, 38.626, 38.877, 39.157, 38.879, 38.728, 38.889, 38.69, 38.627, 38.66, 38.741, 39.051, 39.635, 40.475, 41.296, 41.929, 41.803, 40.775, 40.2, 40.086, 39.706, 39.22, 39.055, 39.226, 39.453, 39.155, 38.699, 38.583, 38.915, 39.13, 39.109, 39.039, 38.997, 38.729, 38.319, 38.294, 38.451, 38.441, 38.462, 38.551, 38.624, 38.465, 38.452, 38.979, 39.565, 39.442, 39.406, 39.941, 40.139, 38.751, 36.993, 36.899, 37.475, 38.128, 38.23, 37.867, 37.873, 37.939, 37.934, 38.271, 38.854, 39.136, 39.143, 39.201, 39.601, 39.953, 39.854, 39.686, 39.523, 39.189, 38.875, 38.839, 39.192, 39.525, 39.798, 40.432, 40.571, 40.035, 39.462, 39.187, 39.393, 39.924, 40.268, 40.471, 40.55, 39.863, 38.954, 39.18, 39.664, 39.446, 39.036, 39.547, 40.358, 40.769, 41.125, 41.734, 42.761, 43.732, 43.547, 43.147, 43.412, 43.545, 43.313, 43.988, 45.293, 22.139], [22.837, 19.099, 15.848, 13.288, 7.802, 0.0, 6.076, 10.436, 13.52, 15.699, 19.829, 23.593, 25.751, 26.514, 27.515, 29.622, 31.105, 31.311, 31.429, 32.011, 32.878, 33.692, 34.054, 34.413, 35.376, 36.285, 36.837, 37.273, 37.154, 36.9, 37.199, 38.032, 38.64, 38.77, 38.775, 38.294, 38.281, 38.927, 38.986, 38.053, 37.341, 36.997, 36.871, 36.929, 37.05, 37.193, 37.172, 36.953, 37.039, 37.282, 37.303, 37.353, 37.477, 37.821, 38.103, 38.2, 38.732, 39.908, 40.521, 39.597, 39.002, 38.634, 37.916, 37.746, 37.66, 37.399, 37.501, 37.869, 37.768, 37.505, 37.507, 37.578, 37.607, 37.641, 37.869, 38.664, 39.444, 39.242, 38.681, 38.889, 39.458, 39.603, 39.758, 40.51, 41.308, 41.683, 41.66, 41.159, 40.703, 40.478, 40.214, 40.295, 40.784, 41.043, 40.742, 40.566, 40.856, 41.172, 41.071, 40.175, 38.728, 38.014, 38.278, 38.603, 38.369, 38.218, 38.392, 38.202, 38.144, 38.174, 38.264, 38.616, 39.233, 40.072, 40.881, 41.498, 41.361, 40.342, 39.773, 39.652, 39.248, 38.746, 38.587, 38.742, 38.931, 38.648, 38.237, 38.175, 38.533, 38.762, 38.75, 38.676, 38.652, 38.42, 38.015, 37.983, 38.141, 38.127, 38.157, 38.294, 38.406, 38.263, 38.295, 38.885, 39.503, 39.375, 39.329, 39.897, 40.152, 38.762, 36.913, 36.71, 37.254, 37.914, 38.045, 37.69, 37.683, 37.736, 37.701, 37.979, 38.504, 38.774, 38.794, 38.837, 39.204, 39.556, 39.496, 39.364, 39.204, 38.857, 38.528, 38.486, 38.865, 39.253, 39.577, 40.224, 40.321, 39.739, 39.152, 38.879, 39.072, 39.588, 39.936, 40.148, 40.222, 39.513, 38.578, 38.791, 39.29, 39.08, 38.647, 39.147, 39.981, 40.405, 40.761, 41.364, 42.39, 43.363, 43.144, 42.715, 42.999, 43.139, 42.874, 43.517, 44.797, 24.712], [24.76, 21.27, 18.37, 16.391, 12.22, 6.076, 0.0, 6.501, 11.206, 13.872, 18.31, 22.374, 24.697, 25.559, 26.646, 28.825, 30.394, 30.682, 30.832, 31.443, 32.401, 33.308, 33.733, 34.124, 35.108, 36.036, 36.642, 37.163, 37.105, 36.859, 37.148, 38.025, 38.689, 38.877, 38.939, 38.503, 38.512, 39.152, 39.207, 38.303, 37.615, 37.273, 37.147, 37.214, 37.339, 37.471, 37.452, 37.278, 37.397, 37.631, 37.653, 37.713, 37.839, 38.167, 38.448, 38.546, 39.059, 40.179, 40.779, 39.901, 39.334, 38.967, 38.216, 38.014, 37.938, 37.698, 37.803, 38.169, 38.073, 37.819, 37.822, 37.888, 37.913, 37.966, 38.223, 39.024, 39.8, 39.61, 39.074, 39.26, 39.792, 39.928, 40.066, 40.771, 41.54, 41.907, 41.873, 41.367, 40.913, 40.704, 40.456, 40.525, 40.993, 41.259, 40.982, 40.808, 41.076, 41.37, 41.27, 40.401, 38.981, 38.269, 38.522, 38.873, 38.67, 38.49, 38.634, 38.441, 38.389, 38.418, 38.515, 38.88, 39.482, 40.304, 41.096, 41.695, 41.561, 40.571, 40.006, 39.88, 39.479, 38.985, 38.81, 38.923, 39.082, 38.82, 38.463, 38.452, 38.836, 39.074, 39.061, 38.987, 38.977, 38.759, 38.342, 38.289, 38.443, 38.438, 38.477, 38.621, 38.742, 38.633, 38.706, 39.309, 39.922, 39.788, 39.729, 40.302, 40.588, 39.228, 37.381, 37.141, 37.658, 38.299, 38.431, 38.093, 38.083, 38.12, 38.055, 38.262, 38.714, 38.969, 39.0, 39.036, 39.373, 39.708, 39.668, 39.567, 39.424, 39.082, 38.755, 38.713, 39.088, 39.481, 39.819, 40.467, 40.564, 39.989, 39.396, 39.118, 39.294, 39.779, 40.105, 40.317, 40.389, 39.69, 38.785, 39.002, 39.491, 39.292, 38.869, 39.345, 40.159, 40.582, 40.934, 41.522, 42.514, 43.455, 43.224, 42.789, 43.075, 43.222, 42.959, 43.564, 44.777, 26.532], [25.42, 22.138, 19.615, 17.902, 14.462, 10.436, 6.501, 0.0, 6.049, 10.14, 15.536, 19.89, 22.334, 23.337, 24.65, 27.06, 28.766, 29.115, 29.284, 29.909, 30.922, 31.903, 32.346, 32.756, 33.817, 34.804, 35.459, 36.056, 36.05, 35.824, 36.122, 37.054, 37.836, 38.148, 38.292, 37.873, 37.878, 38.574, 38.662, 37.735, 37.005, 36.63, 36.49, 36.57, 36.711, 36.849, 36.852, 36.736, 36.88, 37.085, 37.083, 37.154, 37.299, 37.66, 37.968, 38.079, 38.645, 39.871, 40.524, 39.626, 39.039, 38.636, 37.783, 37.52, 37.442, 37.211, 37.347, 37.731, 37.608, 37.316, 37.308, 37.371, 37.39, 37.451, 37.775, 38.685, 39.542, 39.385, 38.868, 39.068, 39.6, 39.736, 39.876, 40.591, 41.368, 41.713, 41.635, 41.108, 40.662, 40.468, 40.21, 40.263, 40.733, 41.011, 40.729, 40.52, 40.759, 41.052, 40.958, 40.061, 38.537, 37.739, 38.035, 38.431, 38.203, 37.995, 38.14, 37.917, 37.843, 37.866, 37.965, 38.343, 38.971, 39.846, 40.672, 41.273, 41.125, 40.111, 39.519, 39.394, 38.998, 38.489, 38.285, 38.375, 38.546, 38.336, 38.036, 38.072, 38.524, 38.808, 38.804, 38.718, 38.696, 38.449, 37.995, 37.92, 38.074, 38.085, 38.129, 38.246, 38.343, 38.254, 38.394, 39.078, 39.736, 39.624, 39.598, 40.225, 40.549, 39.126, 37.088, 36.697, 37.24, 37.941, 38.078, 37.747, 37.761, 37.762, 37.628, 37.784, 38.208, 38.443, 38.459, 38.489, 38.822, 39.17, 39.168, 39.109, 38.959, 38.583, 38.246, 38.215, 38.594, 38.994, 39.358, 40.018, 40.085, 39.469, 38.868, 38.596, 38.777, 39.258, 39.576, 39.791, 39.865, 39.134, 38.184, 38.413, 38.928, 38.73, 38.306, 38.805, 39.649, 40.094, 40.459, 41.067, 42.101, 43.089, 42.843, 42.368, 42.657, 42.826, 42.564, 43.17, 44.399, 27.141], [26.301, 23.242, 21.153, 19.732, 16.583, 13.52, 11.206, 6.049, 0.0, 5.825, 12.847, 17.51, 19.912, 21.005, 22.6, 25.294, 27.15, 27.533, 27.693, 28.318, 29.358, 30.367, 30.801, 31.235, 32.393, 33.451, 34.152, 34.818, 34.86, 34.674, 35.043, 36.064, 36.943, 37.369, 37.602, 37.217, 37.241, 38.01, 38.128, 37.145, 36.341, 35.916, 35.764, 35.866, 36.026, 36.175, 36.205, 36.133, 36.289, 36.452, 36.404, 36.472, 36.625, 37.015, 37.353, 37.501, 38.147, 39.515, 40.255, 39.332, 38.705, 38.254, 37.281, 36.924, 36.816, 36.592, 36.777, 37.176, 37.01, 36.675, 36.646, 36.696, 36.708, 36.767, 37.144, 38.176, 39.137, 39.013, 38.506, 38.739, 39.292, 39.427, 39.585, 40.35, 41.143, 41.452, 41.332, 40.781, 40.33, 40.128, 39.845, 39.884, 40.361, 40.639, 40.331, 40.081, 40.296, 40.591, 40.495, 39.547, 37.876, 36.977, 37.345, 37.772, 37.511, 37.315, 37.501, 37.262, 37.168, 37.19, 37.292, 37.676, 38.341, 39.276, 40.151, 40.771, 40.621, 39.587, 38.966, 38.83, 38.43, 37.908, 37.693, 37.79, 37.975, 37.801, 37.519, 37.568, 38.077, 38.402, 38.405, 38.297, 38.25, 37.982, 37.512, 37.432, 37.584, 37.597, 37.647, 37.753, 37.815, 37.711, 37.916, 38.705, 39.431, 39.367, 39.401, 40.092, 40.443, 38.953, 36.747, 36.218, 36.793, 37.562, 37.705, 37.349, 37.372, 37.348, 37.156, 37.289, 37.725, 37.958, 37.959, 37.982, 38.317, 38.674, 38.698, 38.667, 38.492, 38.061, 37.702, 37.673, 38.061, 38.49, 38.894, 39.553, 39.549, 38.882, 38.299, 38.049, 38.242, 38.735, 39.067, 39.296, 39.373, 38.603, 37.582, 37.819, 38.378, 38.182, 37.746, 38.273, 39.162, 39.631, 40.01, 40.639, 41.729, 42.779, 42.512, 41.987, 42.278, 42.465, 42.193, 42.814, 44.086, 27.966], [27.641, 24.748, 22.936, 21.682, 18.63, 15.699, 13.872, 10.14, 5.825, 0.0, 8.353, 14.157, 17.041, 18.175, 19.99, 23.15, 25.308, 25.779, 25.943, 26.59, 27.692, 28.791, 29.317, 29.841, 31.135, 32.324, 33.136, 33.901, 33.981, 33.818, 34.269, 35.404, 36.337, 36.779, 37.059, 36.721, 36.787, 37.624, 37.759, 36.731, 35.88, 35.431, 35.277, 35.399, 35.572, 35.721, 35.747, 35.662, 35.797, 35.915, 35.816, 35.874, 36.035, 36.422, 36.753, 36.923, 37.603, 39.019, 39.815, 38.913, 38.314, 37.876, 36.859, 36.449, 36.314, 36.107, 36.345, 36.754, 36.569, 36.223, 36.186, 36.223, 36.236, 36.33, 36.774, 37.89, 38.921, 38.831, 38.349, 38.617, 39.185, 39.32, 39.493, 40.295, 41.083, 41.355, 41.212, 40.63, 40.147, 39.919, 39.606, 39.624, 40.1, 40.371, 40.033, 39.737, 39.922, 40.219, 40.123, 39.124, 37.346, 36.383, 36.796, 37.251, 36.987, 36.809, 37.032, 36.796, 36.675, 36.677, 36.785, 37.188, 37.866, 38.796, 39.69, 40.336, 40.181, 39.123, 38.481, 38.33, 37.921, 37.402, 37.196, 37.311, 37.51, 37.357, 37.081, 37.151, 37.701, 38.042, 38.048, 37.919, 37.839, 37.537, 37.052, 36.978, 37.141, 37.171, 37.249, 37.362, 37.397, 37.272, 37.507, 38.363, 39.145, 39.108, 39.173, 39.916, 40.299, 38.772, 36.484, 35.911, 36.533, 37.34, 37.478, 37.1, 37.141, 37.12, 36.883, 36.985, 37.419, 37.654, 37.644, 37.654, 37.995, 38.377, 38.418, 38.395, 38.188, 37.695, 37.304, 37.272, 37.681, 38.153, 38.592, 39.243, 39.186, 38.494, 37.94, 37.722, 37.934, 38.455, 38.829, 39.082, 39.152, 38.337, 37.264, 37.525, 38.128, 37.925, 37.458, 37.979, 38.883, 39.364, 39.738, 40.352, 41.47, 42.571, 42.285, 41.726, 42.04, 42.255, 42.002, 42.67, 43.992, 29.25], [30.154, 27.574, 26.16, 25.129, 22.369, 19.829, 18.31, 15.536, 12.847, 8.353, 0.0, 7.72, 12.083, 13.582, 15.683, 19.661, 22.429, 23.173, 23.427, 24.068, 25.223, 26.531, 27.279, 27.921, 29.417, 30.868, 31.893, 32.807, 32.949, 32.806, 33.303, 34.526, 35.543, 36.043, 36.364, 36.088, 36.284, 37.316, 37.517, 36.443, 35.537, 35.063, 34.904, 35.037, 35.221, 35.369, 35.381, 35.263, 35.358, 35.425, 35.265, 35.315, 35.508, 35.889, 36.196, 36.373, 37.094, 38.549, 39.367, 38.464, 37.918, 37.549, 36.536, 36.086, 35.941, 35.763, 36.05, 36.457, 36.253, 35.915, 35.879, 35.896, 35.909, 36.068, 36.657, 37.946, 39.101, 39.066, 38.619, 38.917, 39.509, 39.664, 39.84, 40.647, 41.407, 41.589, 41.361, 40.736, 40.227, 39.973, 39.612, 39.588, 40.057, 40.324, 39.951, 39.579, 39.712, 40.016, 39.926, 38.862, 36.94, 35.887, 36.353, 36.858, 36.6, 36.416, 36.657, 36.425, 36.274, 36.253, 36.373, 36.8, 37.479, 38.395, 39.317, 40.004, 39.827, 38.707, 38.033, 37.875, 37.467, 36.951, 36.731, 36.81, 36.978, 36.831, 36.594, 36.761, 37.408, 37.767, 37.783, 37.641, 37.507, 37.134, 36.604, 36.527, 36.717, 36.795, 36.911, 37.031, 37.055, 36.935, 37.213, 38.145, 38.984, 38.965, 39.061, 39.876, 40.304, 38.735, 36.352, 35.759, 36.469, 37.309, 37.409, 37.01, 37.06, 36.987, 36.646, 36.706, 37.146, 37.388, 37.355, 37.343, 37.705, 38.133, 38.201, 38.184, 37.929, 37.355, 36.921, 36.895, 37.355, 37.888, 38.365, 39.002, 38.887, 38.146, 37.59, 37.405, 37.653, 38.215, 38.627, 38.905, 38.986, 38.125, 36.983, 37.266, 37.917, 37.709, 37.211, 37.717, 38.63, 39.129, 39.501, 40.091, 41.234, 42.4, 42.11, 41.529, 41.877, 42.145, 41.93, 42.643, 44.005, 31.587], [32.293, 29.974, 28.966, 28.217, 25.758, 23.593, 22.374, 19.89, 17.51, 14.157, 7.72, 0.0, 5.752, 8.702, 11.859, 16.517, 19.726, 20.791, 21.199, 21.748, 22.779, 24.179, 25.067, 25.77, 27.455, 29.182, 30.4, 31.461, 31.722, 31.652, 32.196, 33.471, 34.577, 35.227, 35.623, 35.364, 35.722, 37.006, 37.284, 36.131, 35.127, 34.609, 34.444, 34.595, 34.805, 34.974, 35.001, 34.883, 34.95, 34.96, 34.745, 34.796, 35.015, 35.399, 35.7, 35.886, 36.667, 38.237, 39.121, 38.209, 37.664, 37.305, 36.238, 35.721, 35.563, 35.412, 35.753, 36.162, 35.912, 35.556, 35.504, 35.489, 35.482, 35.631, 36.274, 37.691, 38.95, 38.937, 38.486, 38.815, 39.448, 39.631, 39.812, 40.639, 41.399, 41.497, 41.172, 40.506, 39.977, 39.689, 39.279, 39.223, 39.69, 39.956, 39.558, 39.134, 39.228, 39.534, 39.452, 38.337, 36.258, 35.081, 35.596, 36.139, 35.876, 35.685, 35.941, 35.704, 35.556, 35.56, 35.704, 36.139, 36.836, 37.81, 38.819, 39.563, 39.393, 38.244, 37.553, 37.392, 36.979, 36.459, 36.232, 36.274, 36.386, 36.231, 36.036, 36.264, 37.0, 37.403, 37.438, 37.274, 37.096, 36.684, 36.134, 36.04, 36.223, 36.316, 36.454, 36.58, 36.58, 36.444, 36.765, 37.782, 38.678, 38.697, 38.845, 39.719, 40.175, 38.57, 36.058, 35.357, 36.112, 36.982, 37.036, 36.607, 36.641, 36.506, 36.093, 36.166, 36.653, 36.917, 36.874, 36.863, 37.266, 37.733, 37.826, 37.818, 37.511, 36.87, 36.408, 36.392, 36.887, 37.459, 37.955, 38.566, 38.387, 37.599, 37.034, 36.861, 37.127, 37.706, 38.12, 38.424, 38.55, 37.679, 36.476, 36.764, 37.461, 37.274, 36.791, 37.324, 38.266, 38.794, 39.184, 39.77, 40.921, 42.119, 41.821, 41.214, 41.582, 41.883, 41.661, 42.339, 43.683, 33.564], [33.55, 31.36, 30.578, 29.988, 27.716, 25.751, 24.697, 22.334, 19.912, 17.041, 12.083, 5.752, 0.0, 4.781, 9.941, 15.148, 18.321, 19.429, 19.945, 20.448, 21.31, 22.678, 23.642, 24.409, 26.203, 28.086, 29.43, 30.62, 30.98, 30.983, 31.595, 32.93, 34.123, 34.962, 35.513, 35.26, 35.62, 37.001, 37.326, 36.122, 35.022, 34.457, 34.29, 34.467, 34.711, 34.9, 34.946, 34.857, 34.923, 34.89, 34.622, 34.654, 34.876, 35.274, 35.593, 35.781, 36.607, 38.283, 39.215, 38.284, 37.709, 37.296, 36.128, 35.545, 35.379, 35.232, 35.604, 36.028, 35.74, 35.346, 35.274, 35.24, 35.212, 35.332, 35.969, 37.404, 38.677, 38.658, 38.196, 38.54, 39.213, 39.432, 39.627, 40.48, 41.264, 41.349, 40.99, 40.301, 39.761, 39.457, 39.023, 38.959, 39.436, 39.716, 39.315, 38.884, 38.992, 39.325, 39.253, 38.122, 35.976, 34.728, 35.244, 35.828, 35.571, 35.382, 35.663, 35.447, 35.336, 35.38, 35.529, 35.95, 36.658, 37.665, 38.7, 39.446, 39.274, 38.112, 37.404, 37.242, 36.831, 36.292, 36.046, 36.104, 36.233, 36.099, 35.941, 36.199, 36.995, 37.454, 37.5, 37.303, 37.112, 36.714, 36.169, 36.065, 36.22, 36.286, 36.427, 36.57, 36.542, 36.375, 36.735, 37.826, 38.764, 38.816, 39.001, 39.904, 40.378, 38.75, 36.093, 35.215, 35.966, 36.882, 36.931, 36.469, 36.478, 36.32, 35.869, 35.928, 36.42, 36.702, 36.671, 36.667, 37.087, 37.567, 37.669, 37.662, 37.319, 36.629, 36.139, 36.118, 36.62, 37.193, 37.687, 38.295, 38.106, 37.307, 36.721, 36.535, 36.798, 37.381, 37.786, 38.103, 38.264, 37.413, 36.201, 36.505, 37.233, 37.067, 36.618, 37.197, 38.166, 38.709, 39.113, 39.709, 40.868, 42.067, 41.744, 41.11, 41.476, 41.778, 41.546, 42.198, 43.527, 34.765], [34.029, 31.892, 31.139, 30.549, 28.357, 26.514, 25.559, 23.337, 21.005, 18.175, 13.582, 8.702, 4.781, 0.0, 6.537, 12.823, 16.327, 17.466, 18.096, 18.781, 19.873, 21.558, 22.791, 23.662, 25.527, 27.544, 29.015, 30.286, 30.67, 30.695, 31.348, 32.733, 33.995, 34.936, 35.582, 35.373, 35.701, 37.055, 37.409, 36.276, 35.234, 34.695, 34.528, 34.693, 34.937, 35.124, 35.145, 35.037, 35.09, 35.046, 34.752, 34.753, 34.961, 35.347, 35.644, 35.808, 36.608, 38.25, 39.152, 38.239, 37.703, 37.299, 36.139, 35.593, 35.456, 35.318, 35.685, 36.109, 35.829, 35.446, 35.383, 35.358, 35.347, 35.483, 36.107, 37.505, 38.752, 38.735, 38.276, 38.598, 39.253, 39.478, 39.674, 40.513, 41.289, 41.383, 41.034, 40.354, 39.831, 39.55, 39.136, 39.077, 39.554, 39.844, 39.458, 39.047, 39.176, 39.514, 39.443, 38.34, 36.278, 35.09, 35.549, 36.127, 35.887, 35.699, 35.978, 35.777, 35.686, 35.734, 35.87, 36.288, 36.99, 37.946, 38.932, 39.664, 39.508, 38.376, 37.676, 37.506, 37.101, 36.575, 36.337, 36.41, 36.539, 36.399, 36.259, 36.508, 37.272, 37.728, 37.773, 37.57, 37.383, 37.007, 36.48, 36.382, 36.528, 36.565, 36.683, 36.821, 36.784, 36.604, 36.945, 37.992, 38.885, 38.914, 39.085, 39.974, 40.457, 38.874, 36.282, 35.412, 36.138, 37.055, 37.136, 36.691, 36.689, 36.537, 36.084, 36.134, 36.626, 36.914, 36.899, 36.919, 37.351, 37.811, 37.886, 37.863, 37.514, 36.816, 36.303, 36.27, 36.772, 37.331, 37.801, 38.426, 38.284, 37.491, 36.866, 36.653, 36.91, 37.49, 37.885, 38.186, 38.347, 37.531, 36.365, 36.67, 37.38, 37.214, 36.778, 37.346, 38.299, 38.834, 39.234, 39.822, 40.964, 42.144, 41.82, 41.193, 41.542, 41.83, 41.615, 42.275, 43.597, 35.245], [34.75, 32.693, 31.919, 31.308, 29.237, 27.515, 26.646, 24.65, 22.6, 19.99, 15.683, 11.859, 9.941, 6.537, 0.0, 7.456, 12.13, 13.865, 14.779, 15.883, 17.825, 20.397, 22.094, 23.041, 24.892, 27.03, 28.654, 29.998, 30.392, 30.419, 31.086, 32.501, 33.807, 34.769, 35.429, 35.263, 35.608, 36.932, 37.301, 36.344, 35.533, 35.12, 34.972, 35.099, 35.314, 35.478, 35.441, 35.24, 35.221, 35.187, 34.939, 34.941, 35.101, 35.412, 35.628, 35.726, 36.431, 37.929, 38.751, 37.909, 37.52, 37.25, 36.265, 35.855, 35.776, 35.662, 36.003, 36.402, 36.165, 35.844, 35.808, 35.812, 35.854, 36.037, 36.671, 38.041, 39.263, 39.269, 38.827, 39.097, 39.682, 39.882, 40.063, 40.847, 41.566, 41.638, 41.285, 40.631, 40.15, 39.914, 39.537, 39.481, 39.935, 40.218, 39.856, 39.476, 39.603, 39.911, 39.836, 38.779, 36.841, 35.752, 36.145, 36.668, 36.436, 36.252, 36.513, 36.313, 36.213, 36.232, 36.348, 36.755, 37.392, 38.243, 39.182, 39.928, 39.833, 38.804, 38.156, 37.964, 37.56, 37.094, 36.877, 36.889, 36.941, 36.755, 36.611, 36.838, 37.524, 37.915, 37.946, 37.762, 37.578, 37.211, 36.712, 36.63, 36.787, 36.827, 36.935, 37.071, 37.057, 36.864, 37.116, 38.02, 38.812, 38.789, 38.9, 39.741, 40.222, 38.751, 36.399, 35.664, 36.325, 37.186, 37.285, 36.888, 36.9, 36.752, 36.32, 36.415, 36.949, 37.253, 37.252, 37.313, 37.773, 38.219, 38.281, 38.258, 37.94, 37.284, 36.784, 36.763, 37.275, 37.816, 38.246, 38.864, 38.755, 37.966, 37.314, 37.086, 37.345, 37.907, 38.28, 38.56, 38.722, 37.95, 36.846, 37.126, 37.777, 37.604, 37.163, 37.67, 38.563, 39.079, 39.465, 40.011, 41.083, 42.225, 41.945, 41.368, 41.693, 41.962, 41.785, 42.458, 43.732, 35.938], [36.308, 34.425, 33.683, 33.093, 31.209, 29.622, 28.825, 27.06, 25.294, 23.15, 19.661, 16.517, 15.148, 12.823, 7.456, 0.0, 6.064, 9.335, 11.01, 12.592, 15.69, 19.436, 21.681, 22.688, 24.449, 26.651, 28.413, 29.864, 30.331, 30.402, 31.099, 32.542, 33.871, 34.828, 35.481, 35.345, 35.691, 36.974, 37.357, 36.583, 36.015, 35.759, 35.662, 35.776, 35.971, 36.118, 36.038, 35.747, 35.612, 35.563, 35.372, 35.388, 35.474, 35.664, 35.776, 35.8, 36.406, 37.764, 38.513, 37.775, 37.548, 37.416, 36.621, 36.352, 36.327, 36.231, 36.538, 36.897, 36.692, 36.423, 36.401, 36.425, 36.508, 36.714, 37.342, 38.66, 39.841, 39.881, 39.48, 39.707, 40.222, 40.394, 40.567, 41.293, 41.947, 42.004, 41.643, 41.013, 40.581, 40.386, 40.047, 39.997, 40.423, 40.694, 40.365, 40.032, 40.16, 40.438, 40.359, 39.363, 37.553, 36.551, 36.892, 37.351, 37.127, 36.977, 37.251, 37.059, 36.949, 36.949, 37.055, 37.425, 37.958, 38.692, 39.578, 40.316, 40.258, 39.338, 38.757, 38.542, 38.125, 37.701, 37.497, 37.441, 37.416, 37.187, 37.024, 37.222, 37.846, 38.172, 38.186, 38.02, 37.848, 37.505, 37.058, 37.009, 37.172, 37.224, 37.355, 37.522, 37.529, 37.298, 37.442, 38.205, 38.906, 38.853, 38.927, 39.712, 40.171, 38.806, 36.671, 35.995, 36.546, 37.347, 37.448, 37.085, 37.118, 36.984, 36.58, 36.723, 37.285, 37.589, 37.6, 37.701, 38.175, 38.608, 38.676, 38.676, 38.418, 37.836, 37.375, 37.385, 37.899, 38.415, 38.814, 39.405, 39.302, 38.535, 37.889, 37.671, 37.944, 38.48, 38.809, 39.068, 39.235, 38.516, 37.488, 37.743, 38.335, 38.166, 37.738, 38.188, 39.015, 39.509, 39.892, 40.411, 41.403, 42.493, 42.27, 41.746, 42.035, 42.287, 42.148, 42.815, 44.006, 37.396], [37.375, 35.643, 34.962, 34.371, 32.578, 31.105, 30.394, 28.766, 27.15, 25.308, 22.429, 19.726, 18.321, 16.327, 12.13, 6.064, 0.0, 4.798, 7.803, 9.918, 13.642, 18.175, 20.911, 22.053, 23.787, 26.067, 27.959, 29.539, 30.107, 30.238, 30.992, 32.499, 33.857, 34.818, 35.488, 35.369, 35.666, 36.889, 37.285, 36.587, 36.106, 35.937, 35.888, 36.013, 36.214, 36.365, 36.286, 35.969, 35.769, 35.682, 35.499, 35.524, 35.573, 35.692, 35.75, 35.738, 36.314, 37.661, 38.419, 37.735, 37.552, 37.436, 36.68, 36.454, 36.447, 36.347, 36.637, 36.985, 36.787, 36.533, 36.518, 36.544, 36.623, 36.825, 37.453, 38.768, 39.954, 40.015, 39.624, 39.836, 40.334, 40.505, 40.685, 41.405, 42.05, 42.121, 41.76, 41.133, 40.725, 40.562, 40.249, 40.203, 40.621, 40.89, 40.572, 40.264, 40.413, 40.69, 40.609, 39.645, 37.894, 36.921, 37.245, 37.687, 37.468, 37.346, 37.647, 37.47, 37.363, 37.369, 37.487, 37.842, 38.313, 38.981, 39.836, 40.567, 40.499, 39.597, 39.036, 38.809, 38.366, 37.932, 37.724, 37.631, 37.56, 37.308, 37.128, 37.307, 37.924, 38.247, 38.254, 38.093, 37.937, 37.623, 37.216, 37.196, 37.365, 37.419, 37.571, 37.768, 37.782, 37.529, 37.641, 38.364, 39.032, 38.973, 39.047, 39.819, 40.265, 38.923, 36.831, 36.133, 36.632, 37.41, 37.509, 37.152, 37.189, 37.062, 36.668, 36.828, 37.397, 37.688, 37.708, 37.827, 38.295, 38.702, 38.749, 38.751, 38.529, 37.977, 37.521, 37.541, 38.049, 38.543, 38.939, 39.539, 39.449, 38.7, 38.055, 37.844, 38.125, 38.648, 38.958, 39.207, 39.364, 38.658, 37.668, 37.919, 38.488, 38.322, 37.907, 38.345, 39.156, 39.648, 40.042, 40.572, 41.549, 42.636, 42.44, 41.918, 42.183, 42.433, 42.304, 42.974, 44.156, 38.36], [37.448, 35.754, 35.121, 34.526, 32.727, 31.311, 30.682, 29.115, 27.533, 25.779, 23.173, 20.791, 19.429, 17.466, 13.865, 9.335, 4.798, 0.0, 4.226, 7.689, 12.041, 16.853, 19.852, 21.151, 22.937, 25.291, 27.279, 28.966, 29.593, 29.742, 30.545, 32.131, 33.51, 34.455, 35.136, 35.032, 35.288, 36.468, 36.86, 36.146, 35.645, 35.492, 35.468, 35.621, 35.849, 36.004, 35.921, 35.605, 35.404, 35.302, 35.12, 35.159, 35.205, 35.317, 35.37, 35.353, 35.936, 37.326, 38.116, 37.413, 37.195, 37.055, 36.268, 36.033, 36.012, 35.883, 36.168, 36.533, 36.335, 36.077, 36.073, 36.102, 36.173, 36.383, 37.049, 38.421, 39.65, 39.717, 39.317, 39.54, 40.057, 40.231, 40.416, 41.165, 41.843, 41.935, 41.571, 40.921, 40.5, 40.346, 40.034, 39.98, 40.4, 40.67, 40.339, 40.031, 40.191, 40.469, 40.383, 39.404, 37.617, 36.628, 36.983, 37.449, 37.225, 37.112, 37.431, 37.264, 37.159, 37.169, 37.314, 37.691, 38.157, 38.811, 39.677, 40.428, 40.356, 39.427, 38.854, 38.626, 38.167, 37.714, 37.5, 37.388, 37.287, 37.025, 36.845, 37.025, 37.657, 38.002, 38.018, 37.855, 37.704, 37.403, 37.009, 37.001, 37.174, 37.222, 37.375, 37.575, 37.573, 37.297, 37.415, 38.163, 38.854, 38.811, 38.899, 39.679, 40.137, 38.78, 36.604, 35.826, 36.312, 37.107, 37.221, 36.862, 36.893, 36.772, 36.393, 36.568, 37.144, 37.432, 37.46, 37.579, 38.042, 38.438, 38.471, 38.473, 38.25, 37.684, 37.213, 37.22, 37.726, 38.223, 38.637, 39.263, 39.188, 38.428, 37.76, 37.537, 37.813, 38.342, 38.667, 38.903, 39.035, 38.311, 37.306, 37.556, 38.132, 37.964, 37.535, 37.983, 38.817, 39.323, 39.73, 40.279, 41.281, 42.399, 42.209, 41.667, 41.93, 42.2, 42.094, 42.81, 44.048, 38.403], [37.451, 35.762, 35.166, 34.608, 32.826, 31.429, 30.832, 29.284, 27.693, 25.943, 23.427, 21.199, 19.945, 18.096, 14.779, 11.01, 7.803, 4.226, 0.0, 4.929, 10.674, 15.966, 19.069, 20.438, 22.326, 24.756, 26.809, 28.565, 29.219, 29.367, 30.19, 31.823, 33.208, 34.128, 34.826, 34.767, 35.042, 36.201, 36.58, 35.862, 35.366, 35.222, 35.21, 35.394, 35.656, 35.825, 35.746, 35.445, 35.265, 35.166, 34.986, 35.028, 35.068, 35.182, 35.243, 35.236, 35.839, 37.252, 38.052, 37.346, 37.124, 36.99, 36.196, 35.933, 35.892, 35.745, 36.011, 36.379, 36.18, 35.917, 35.914, 35.947, 36.018, 36.234, 36.913, 38.308, 39.549, 39.611, 39.212, 39.45, 39.98, 40.149, 40.334, 41.098, 41.789, 41.878, 41.508, 40.857, 40.436, 40.285, 39.972, 39.913, 40.332, 40.602, 40.262, 39.947, 40.104, 40.38, 40.293, 39.301, 37.481, 36.462, 36.831, 37.319, 37.103, 37.001, 37.328, 37.16, 37.049, 37.057, 37.21, 37.597, 38.069, 38.719, 39.586, 40.333, 40.254, 39.308, 38.724, 38.499, 38.043, 37.577, 37.358, 37.25, 37.154, 36.898, 36.72, 36.906, 37.546, 37.901, 37.927, 37.77, 37.622, 37.326, 36.935, 36.928, 37.102, 37.15, 37.307, 37.519, 37.514, 37.214, 37.327, 38.099, 38.818, 38.802, 38.903, 39.685, 40.139, 38.762, 36.536, 35.721, 36.21, 37.026, 37.161, 36.802, 36.821, 36.698, 36.337, 36.522, 37.085, 37.365, 37.398, 37.508, 37.956, 38.347, 38.378, 38.38, 38.159, 37.594, 37.117, 37.107, 37.605, 38.12, 38.559, 39.183, 39.088, 38.311, 37.633, 37.399, 37.667, 38.2, 38.534, 38.76, 38.878, 38.151, 37.128, 37.357, 37.931, 37.769, 37.332, 37.787, 38.642, 39.157, 39.567, 40.12, 41.137, 42.274, 42.08, 41.52, 41.777, 42.066, 41.996, 42.76, 44.038, 38.412], [37.722, 36.081, 35.563, 35.092, 33.371, 32.011, 31.443, 29.909, 28.318, 26.59, 24.068, 21.748, 20.448, 18.781, 15.883, 12.592, 9.918, 7.689, 4.929, 0.0, 7.077, 13.61, 17.267, 18.746, 20.835, 23.549, 25.8, 27.727, 28.477, 28.639, 29.488, 31.196, 32.629, 33.559, 34.294, 34.309, 34.709, 35.944, 36.324, 35.589, 35.078, 34.93, 34.922, 35.115, 35.403, 35.628, 35.612, 35.35, 35.198, 35.093, 34.861, 34.89, 34.949, 35.09, 35.17, 35.183, 35.859, 37.381, 38.251, 37.563, 37.329, 37.18, 36.342, 36.007, 35.946, 35.811, 36.094, 36.469, 36.243, 35.938, 35.915, 35.925, 35.964, 36.14, 36.786, 38.18, 39.424, 39.465, 39.048, 39.292, 39.831, 39.994, 40.176, 40.963, 41.677, 41.754, 41.372, 40.731, 40.316, 40.166, 39.847, 39.783, 40.208, 40.49, 40.145, 39.808, 39.963, 40.254, 40.168, 39.152, 37.275, 36.197, 36.585, 37.1, 36.902, 36.819, 37.153, 36.976, 36.866, 36.877, 37.029, 37.418, 37.897, 38.564, 39.446, 40.192, 40.077, 39.077, 38.471, 38.251, 37.788, 37.3, 37.071, 36.984, 36.91, 36.65, 36.45, 36.634, 37.312, 37.699, 37.734, 37.569, 37.425, 37.14, 36.749, 36.741, 36.91, 36.956, 37.13, 37.369, 37.376, 37.093, 37.256, 38.082, 38.838, 38.847, 38.972, 39.778, 40.23, 38.81, 36.523, 35.724, 36.271, 37.102, 37.211, 36.817, 36.792, 36.626, 36.247, 36.432, 36.994, 37.266, 37.291, 37.395, 37.845, 38.242, 38.281, 38.291, 38.065, 37.479, 36.983, 36.963, 37.463, 37.992, 38.443, 39.055, 38.93, 38.146, 37.475, 37.241, 37.511, 38.061, 38.42, 38.664, 38.79, 38.05, 36.991, 37.21, 37.802, 37.65, 37.221, 37.711, 38.6, 39.127, 39.539, 40.099, 41.141, 42.304, 42.092, 41.494, 41.754, 42.043, 41.941, 42.693, 44.0, 38.67], [38.092, 36.515, 36.155, 35.802, 34.15, 32.878, 32.401, 30.922, 29.358, 27.692, 25.223, 22.779, 21.31, 19.873, 17.825, 15.69, 13.642, 12.041, 10.674, 7.077, 0.0, 7.981, 13.234, 15.307, 17.608, 20.791, 23.523, 25.908, 26.946, 27.211, 28.149, 30.02, 31.604, 32.641, 33.437, 33.522, 34.116, 35.537, 35.95, 35.15, 34.545, 34.349, 34.338, 34.53, 34.827, 35.121, 35.208, 35.022, 34.919, 34.791, 34.484, 34.527, 34.66, 34.881, 35.021, 35.087, 35.87, 37.549, 38.519, 37.831, 37.529, 37.271, 36.283, 35.851, 35.781, 35.667, 35.996, 36.401, 36.128, 35.754, 35.692, 35.656, 35.631, 35.743, 36.34, 37.728, 38.98, 38.989, 38.535, 38.786, 39.348, 39.51, 39.676, 40.499, 41.268, 41.352, 40.95, 40.284, 39.845, 39.683, 39.342, 39.267, 39.705, 40.002, 39.65, 39.291, 39.451, 39.768, 39.682, 38.623, 36.651, 35.505, 35.945, 36.503, 36.326, 36.264, 36.602, 36.419, 36.313, 36.319, 36.472, 36.868, 37.363, 38.079, 39.033, 39.826, 39.696, 38.647, 38.029, 37.819, 37.347, 36.851, 36.626, 36.544, 36.476, 36.224, 36.006, 36.163, 36.908, 37.371, 37.416, 37.22, 37.073, 36.803, 36.416, 36.408, 36.557, 36.58, 36.759, 37.003, 36.99, 36.742, 36.999, 37.915, 38.729, 38.779, 38.957, 39.819, 40.306, 38.844, 36.398, 35.509, 36.101, 36.928, 36.978, 36.524, 36.444, 36.224, 35.806, 35.978, 36.549, 36.818, 36.827, 36.927, 37.396, 37.816, 37.903, 37.968, 37.72, 37.063, 36.533, 36.503, 36.996, 37.527, 37.994, 38.608, 38.452, 37.657, 37.025, 36.821, 37.091, 37.663, 38.074, 38.353, 38.47, 37.696, 36.614, 36.885, 37.527, 37.375, 36.969, 37.529, 38.461, 38.999, 39.417, 39.984, 41.057, 42.255, 42.002, 41.344, 41.628, 41.917, 41.73, 42.412, 43.746, 38.985], [38.412, 36.918, 36.714, 36.472, 34.883, 33.692, 33.308, 31.903, 30.367, 28.791, 26.531, 24.179, 22.678, 21.558, 20.397, 19.436, 18.175, 16.853, 15.966, 13.61, 7.981, 0.0, 7.162, 10.848, 13.802, 17.189, 20.306, 23.318, 24.822, 25.299, 26.378, 28.443, 30.221, 31.424, 32.317, 32.454, 33.191, 34.791, 35.264, 34.439, 33.796, 33.584, 33.588, 33.811, 34.113, 34.417, 34.59, 34.554, 34.565, 34.407, 34.072, 34.234, 34.496, 34.815, 35.03, 35.156, 35.992, 37.727, 38.747, 38.058, 37.705, 37.362, 36.227, 35.702, 35.621, 35.513, 35.852, 36.253, 35.947, 35.535, 35.444, 35.366, 35.291, 35.372, 35.973, 37.381, 38.643, 38.63, 38.161, 38.437, 39.031, 39.189, 39.345, 40.197, 40.99, 41.065, 40.658, 39.97, 39.514, 39.344, 38.987, 38.91, 39.366, 39.671, 39.313, 38.949, 39.118, 39.454, 39.367, 38.267, 36.198, 34.963, 35.422, 36.012, 35.837, 35.778, 36.124, 35.939, 35.829, 35.827, 35.983, 36.392, 36.937, 37.756, 38.798, 39.619, 39.47, 38.398, 37.778, 37.58, 37.119, 36.63, 36.412, 36.321, 36.245, 36.035, 35.849, 35.982, 36.755, 37.284, 37.359, 37.136, 36.95, 36.67, 36.277, 36.253, 36.372, 36.365, 36.523, 36.741, 36.694, 36.453, 36.758, 37.734, 38.605, 38.695, 38.905, 39.794, 40.322, 38.859, 36.273, 35.221, 35.783, 36.597, 36.608, 36.129, 36.06, 35.823, 35.364, 35.48, 36.016, 36.284, 36.3, 36.388, 36.856, 37.31, 37.475, 37.628, 37.405, 36.741, 36.222, 36.182, 36.662, 37.222, 37.725, 38.303, 38.053, 37.214, 36.647, 36.502, 36.772, 37.348, 37.798, 38.1, 38.184, 37.357, 36.251, 36.559, 37.227, 37.07, 36.694, 37.326, 38.292, 38.83, 39.246, 39.816, 40.907, 42.111, 41.818, 41.119, 41.414, 41.707, 41.478, 42.107, 43.419, 39.213], [38.431, 37.042, 36.941, 36.754, 35.191, 34.054, 33.733, 32.346, 30.801, 29.317, 27.279, 25.067, 23.642, 22.791, 22.094, 21.681, 20.911, 19.852, 19.069, 17.267, 13.234, 7.162, 0.0, 5.653, 10.816, 14.471, 17.221, 20.45, 22.319, 22.968, 24.189, 26.463, 28.412, 29.741, 30.786, 31.058, 31.959, 33.709, 34.226, 33.408, 32.816, 32.634, 32.662, 32.932, 33.267, 33.562, 33.752, 33.851, 34.039, 33.936, 33.574, 33.814, 34.186, 34.594, 34.851, 35.001, 35.882, 37.692, 38.746, 38.029, 37.652, 37.292, 36.089, 35.491, 35.379, 35.264, 35.592, 35.962, 35.619, 35.178, 35.071, 34.972, 34.865, 34.928, 35.57, 37.052, 38.355, 38.327, 37.835, 38.128, 38.749, 38.903, 39.081, 39.992, 40.808, 40.858, 40.438, 39.743, 39.3, 39.142, 38.77, 38.691, 39.178, 39.498, 39.122, 38.744, 38.907, 39.25, 39.16, 38.016, 35.841, 34.507, 34.969, 35.565, 35.373, 35.329, 35.705, 35.508, 35.389, 35.414, 35.603, 36.058, 36.69, 37.596, 38.648, 39.425, 39.218, 38.087, 37.436, 37.243, 36.793, 36.291, 36.07, 35.996, 35.922, 35.719, 35.541, 35.692, 36.488, 37.052, 37.164, 36.925, 36.687, 36.377, 35.964, 35.925, 36.029, 35.999, 36.139, 36.344, 36.29, 36.055, 36.382, 37.415, 38.345, 38.457, 38.672, 39.568, 40.107, 38.62, 35.967, 34.894, 35.491, 36.321, 36.324, 35.872, 35.858, 35.615, 35.125, 35.232, 35.775, 36.077, 36.102, 36.155, 36.601, 37.08, 37.269, 37.434, 37.235, 36.612, 36.119, 36.071, 36.56, 37.161, 37.683, 38.22, 37.891, 37.0, 36.433, 36.302, 36.579, 37.149, 37.604, 37.918, 37.985, 37.098, 35.926, 36.229, 36.917, 36.748, 36.364, 37.041, 38.045, 38.597, 39.029, 39.631, 40.762, 41.988, 41.691, 40.978, 41.266, 41.544, 41.29, 41.919, 43.222, 39.171], [38.491, 37.225, 37.213, 37.036, 35.501, 34.413, 34.124, 32.756, 31.235, 29.841, 27.921, 25.77, 24.409, 23.662, 23.041, 22.688, 22.053, 21.151, 20.438, 18.746, 15.307, 10.848, 5.653, 0.0, 7.044, 11.945, 14.819, 17.963, 20.014, 20.826, 22.225, 24.77, 26.94, 28.383, 29.52, 29.891, 30.96, 32.853, 33.405, 32.638, 32.151, 32.031, 32.075, 32.352, 32.704, 33.026, 33.228, 33.358, 33.685, 33.766, 33.48, 33.692, 34.046, 34.473, 34.735, 34.879, 35.797, 37.674, 38.738, 37.977, 37.575, 37.217, 36.012, 35.407, 35.287, 35.166, 35.481, 35.832, 35.472, 35.017, 34.907, 34.812, 34.699, 34.729, 35.343, 36.839, 38.161, 38.13, 37.605, 37.876, 38.496, 38.642, 38.823, 39.769, 40.605, 40.636, 40.192, 39.493, 39.066, 38.931, 38.567, 38.49, 38.99, 39.318, 38.938, 38.561, 38.73, 39.08, 38.997, 37.858, 35.673, 34.322, 34.788, 35.377, 35.193, 35.191, 35.59, 35.392, 35.269, 35.308, 35.521, 35.997, 36.655, 37.563, 38.57, 39.308, 39.075, 37.921, 37.259, 37.062, 36.604, 36.089, 35.862, 35.808, 35.757, 35.542, 35.341, 35.514, 36.339, 36.904, 37.02, 36.787, 36.528, 36.19, 35.772, 35.746, 35.855, 35.819, 35.958, 36.167, 36.112, 35.881, 36.218, 37.273, 38.227, 38.351, 38.583, 39.496, 40.029, 38.524, 35.859, 34.81, 35.446, 36.285, 36.289, 35.875, 35.902, 35.659, 35.18, 35.345, 35.949, 36.282, 36.304, 36.353, 36.795, 37.27, 37.447, 37.593, 37.385, 36.775, 36.294, 36.237, 36.71, 37.295, 37.794, 38.315, 37.984, 37.088, 36.509, 36.381, 36.661, 37.215, 37.653, 37.965, 38.038, 37.132, 35.914, 36.202, 36.901, 36.733, 36.335, 37.006, 38.01, 38.567, 39.006, 39.612, 40.755, 42.005, 41.724, 41.015, 41.295, 41.562, 41.302, 41.946, 43.278, 39.184], [39.049, 37.92, 38.004, 37.861, 36.406, 35.376, 35.108, 33.817, 32.393, 31.135, 29.417, 27.455, 26.203, 25.527, 24.892, 24.449, 23.787, 22.937, 22.326, 20.835, 17.608, 13.802, 10.816, 7.044, 0.0, 6.733, 11.517, 15.431, 17.787, 18.813, 20.401, 23.236, 25.709, 27.378, 28.579, 28.918, 30.013, 31.977, 32.595, 32.031, 31.811, 31.865, 31.967, 32.241, 32.576, 32.908, 33.165, 33.325, 33.655, 33.886, 33.883, 34.208, 34.49, 34.85, 35.086, 35.211, 36.055, 37.801, 38.777, 38.029, 37.684, 37.379, 36.263, 35.744, 35.659, 35.53, 35.789, 36.117, 35.797, 35.38, 35.283, 35.207, 35.115, 35.153, 35.76, 37.239, 38.549, 38.529, 37.982, 38.188, 38.773, 38.894, 39.026, 39.913, 40.716, 40.74, 40.304, 39.641, 39.265, 39.17, 38.847, 38.79, 39.278, 39.596, 39.251, 38.936, 39.129, 39.461, 39.379, 38.294, 36.188, 34.831, 35.226, 35.778, 35.594, 35.6, 36.011, 35.834, 35.696, 35.715, 35.916, 36.345, 36.928, 37.75, 38.682, 39.392, 39.182, 38.115, 37.512, 37.308, 36.845, 36.35, 36.11, 35.981, 35.931, 35.819, 35.718, 35.911, 36.714, 37.275, 37.394, 37.178, 36.932, 36.619, 36.243, 36.