[[0.0, 6.612, 14.91, 19.882, 21.727, 21.846, 23.425, 24.434, 25.327, 27.742, 31.074, 33.424, 34.636, 37.153, 38.919, 38.668, 38.672, 39.321, 39.761, 40.09, 40.0, 40.671, 41.78, 40.737, 40.677, 43.499, 46.019, 45.859, 44.974, 45.124, 45.079, 45.015, 45.522, 46.188, 45.636, 44.799, 45.052, 44.727, 44.233, 43.874, 43.066, 41.301, 41.329, 43.871, 46.72, 46.548, 44.107, 43.33, 43.153, 42.731, 42.741, 43.01, 42.999, 42.162, 41.501, 41.655, 42.77, 43.641, 43.284, 42.736, 41.622, 40.369, 40.168, 39.879, 40.058, 39.562, 38.667, 39.455, 40.829, 40.443, 41.97, 44.071, 45.252, 44.79, 45.088, 46.103, 46.102, 45.674, 46.216, 45.61, 45.078, 44.945, 44.894, 44.71, 44.174, 44.122, 43.955, 43.66, 42.794, 42.153, 42.837, 43.006, 42.115, 40.128, 39.778, 40.02, 39.627, 39.734, 39.017, 39.264, 39.283, 39.203, 40.242, 42.999, 44.0, 43.906, 5.301], [6.612, 0.0, 9.913, 16.434, 18.906, 19.181, 21.075, 22.227, 23.216, 25.872, 29.532, 32.152, 33.612, 36.301, 38.12, 37.9, 37.997, 38.756, 39.263, 39.643, 39.621, 40.395, 41.591, 40.544, 40.459, 43.325, 45.858, 45.68, 44.801, 44.949, 44.913, 44.875, 45.387, 46.073, 45.509, 44.631, 44.883, 44.554, 44.052, 43.692, 42.836, 40.984, 41.009, 43.654, 46.612, 46.46, 43.997, 43.247, 43.086, 42.65, 42.651, 42.914, 42.884, 42.011, 41.328, 41.497, 42.628, 43.497, 43.123, 42.565, 41.428, 40.115, 39.909, 39.611, 39.753, 39.269, 38.367, 39.098, 40.504, 40.076, 41.549, 43.707, 44.93, 44.461, 44.756, 45.803, 45.81, 45.373, 45.943, 45.334, 44.78, 44.637, 44.597, 44.43, 43.895, 43.857, 43.687, 43.38, 42.465, 41.778, 42.495, 42.689, 41.734, 39.662, 39.292, 39.545, 39.158, 39.276, 38.558, 38.821, 38.824, 38.757, 39.872, 42.686, 43.718, 43.642, 9.655], [14.91, 9.913, 0.0, 8.887, 13.04, 13.944, 16.685, 18.367, 19.648, 22.52, 26.707, 30.023, 32.484, 35.796, 37.642, 37.572, 37.931, 38.836, 39.397, 39.819, 39.881, 40.667, 41.845, 40.895, 40.863, 43.587, 45.968, 45.78, 44.933, 45.054, 45.076, 45.105, 45.603, 46.311, 45.804, 44.939, 45.171, 44.843, 44.332, 43.983, 43.148, 41.339, 41.428, 44.038, 46.928, 46.799, 44.469, 43.801, 43.673, 43.261, 43.251, 43.489, 43.435, 42.582, 41.931, 42.09, 43.151, 43.954, 43.566, 43.033, 41.978, 40.736, 40.55, 40.253, 40.312, 39.85, 39.061, 39.748, 41.059, 40.621, 41.976, 44.118, 45.366, 44.915, 45.199, 46.191, 46.166, 45.774, 46.344, 45.791, 45.272, 45.129, 45.078, 44.905, 44.423, 44.406, 44.245, 43.944, 42.999, 42.27, 42.954, 43.107, 42.135, 40.084, 39.681, 39.915, 39.5, 39.594, 38.924, 39.219, 39.235, 39.196, 40.319, 43.043, 44.127, 44.084, 16.433], [19.882, 16.434, 8.887, 0.0, 6.031, 9.092, 13.507, 15.888, 17.242, 19.984, 24.599, 28.432, 31.803, 35.736, 37.558, 37.606, 38.166, 39.175, 39.761, 40.236, 40.433, 41.218, 42.323, 41.488, 41.537, 44.088, 46.26, 46.035, 45.203, 45.313, 45.367, 45.432, 45.939, 46.641, 46.157, 45.295, 45.496, 45.176, 44.653, 44.317, 43.552, 41.84, 41.979, 44.502, 47.287, 47.202, 45.027, 44.42, 44.332, 43.963, 43.95, 44.162, 44.091, 43.292, 42.688, 42.835, 43.838, 44.608, 44.231, 43.735, 42.795, 41.644, 41.455, 41.162, 41.155, 40.7, 40.015, 40.658, 41.84, 41.424, 42.724, 44.805, 46.066, 45.662, 45.966, 46.967, 46.918, 46.566, 47.11, 46.594, 46.101, 45.962, 45.901, 45.71, 45.275, 45.274, 45.112, 44.816, 43.861, 43.103, 43.707, 43.79, 42.863, 40.913, 40.491, 40.683, 40.216, 40.265, 39.614, 39.922, 39.944, 39.843, 40.915, 43.495, 44.607, 44.574, 20.889], [21.727, 18.906, 13.04, 6.031, 0.0, 6.601, 13.179, 15.946, 17.223, 19.978, 24.638, 28.46, 32.003, 35.986, 37.688, 37.753, 38.387, 39.427, 40.024, 40.541, 40.822, 41.636, 42.716, 41.953, 42.047, 44.485, 46.575, 46.342, 45.513, 45.644, 45.691, 45.711, 46.199, 46.86, 46.35, 45.479, 45.669, 45.353, 44.851, 44.55, 43.831, 42.178, 42.33, 44.794, 47.503, 47.426, 45.324, 44.729, 44.66, 44.31, 44.3, 44.509, 44.436, 43.672, 43.096, 43.246, 44.244, 45.018, 44.663, 44.178, 43.276, 42.168, 41.973, 41.714, 41.698, 41.21, 40.556, 41.167, 42.27, 41.86, 43.11, 45.147, 46.388, 45.989, 46.33, 47.324, 47.252, 46.902, 47.44, 46.931, 46.436, 46.306, 46.245, 46.045, 45.641, 45.651, 45.49, 45.197, 44.253, 43.501, 44.073, 44.129, 43.247, 41.387, 40.974, 41.139, 40.652, 40.685, 40.033, 40.334, 40.398, 40.294, 41.307, 43.725, 44.792, 44.756, 22.615], [21.846, 19.181, 13.944, 9.092, 6.601, 0.0, 8.343, 12.345, 14.021, 17.305, 22.624, 26.677, 30.157, 34.328, 36.181, 36.219, 36.906, 38.019, 38.64, 39.2, 39.512, 40.38, 41.558, 40.791, 40.915, 43.481, 45.711, 45.511, 44.691, 44.835, 44.887, 44.928, 45.423, 46.105, 45.578, 44.697, 44.919, 44.596, 44.082, 43.755, 42.973, 41.262, 41.489, 44.088, 46.899, 46.796, 44.626, 44.046, 43.988, 43.632, 43.621, 43.847, 43.784, 42.98, 42.366, 42.538, 43.593, 44.389, 44.022, 43.534, 42.609, 41.399, 41.189, 40.885, 40.825, 40.403, 39.689, 40.27, 41.481, 41.028, 42.318, 44.432, 45.689, 45.259, 45.628, 46.665, 46.622, 46.253, 46.859, 46.313, 45.775, 45.634, 45.554, 45.351, 44.919, 44.917, 44.747, 44.456, 43.493, 42.688, 43.292, 43.367, 42.451, 40.512, 40.081, 40.265, 39.784, 39.825, 39.148, 39.472, 39.538, 39.472, 40.504, 42.984, 44.075, 44.068, 22.703], [23.425, 21.075, 16.685, 13.507, 13.179, 8.343, 0.0, 6.045, 9.818, 13.41, 19.212, 23.746, 27.285, 31.946, 34.239, 34.262, 35.011, 36.238, 36.876, 37.434, 37.794, 38.756, 40.071, 39.319, 39.507, 42.225, 44.656, 44.558, 43.762, 43.87, 43.93, 44.05, 44.585, 45.312, 44.803, 43.931, 44.178, 43.845, 43.313, 42.933, 42.067, 40.336, 40.662, 43.418, 46.375, 46.307, 44.042, 43.486, 43.437, 43.047, 43.019, 43.249, 43.191, 42.362, 41.705, 41.868, 42.966, 43.781, 43.399, 42.919, 41.972, 40.636, 40.404, 39.991, 39.827, 39.634, 38.946, 39.507, 40.808, 40.354, 41.76, 43.973, 45.298, 44.887, 45.226, 46.361, 46.367, 45.974, 46.613, 45.999, 45.4, 45.248, 45.165, 44.969, 44.493, 44.463, 44.274, 43.975, 42.99, 42.136, 42.767, 42.847, 41.838, 39.78, 39.326, 39.543, 39.061, 39.09, 38.415, 38.784, 38.813, 38.78, 39.862, 42.491, 43.681, 43.699, 24.218], [24.434, 22.227, 18.367, 15.888, 15.946, 12.345, 6.045, 0.0, 6.332, 11.165, 17.074, 21.663, 25.257, 30.304, 32.944, 33.007, 33.81, 35.116, 35.814, 36.41, 36.78, 37.819, 39.244, 38.461, 38.662, 41.547, 44.141, 44.106, 43.34, 43.456, 43.509, 43.637, 44.168, 44.881, 44.35, 43.486, 43.76, 43.428, 42.919, 42.527, 41.616, 39.824, 40.144, 43.009, 46.067, 45.996, 43.607, 43.025, 42.973, 42.544, 42.511, 42.755, 42.698, 41.833, 41.143, 41.326, 42.493, 43.332, 42.939, 42.439, 41.43, 40.006, 39.737, 39.281, 39.118, 39.031, 38.325, 38.899, 40.291, 39.839, 41.35, 43.66, 45.074, 44.67, 44.979, 46.201, 46.252, 45.813, 46.452, 45.787, 45.128, 44.97, 44.9, 44.695, 44.171, 44.13, 43.928, 43.607, 42.611, 41.769, 42.47, 42.597, 41.527, 39.334, 38.862, 39.101, 38.586, 38.605, 37.894, 38.261, 38.288, 38.267, 39.379, 42.154, 43.407, 43.411, 25.261], [25.327, 23.216, 19.648, 17.242, 17.223, 14.021, 9.818, 6.332, 0.0, 7.492, 15.369, 20.205, 23.987, 29.54, 32.268, 32.356, 33.276, 34.688, 35.448, 36.092, 36.521, 37.666, 39.175, 38.368, 38.61, 41.587, 44.176, 44.143, 43.433, 43.614, 43.694, 43.839, 44.366, 45.044, 44.486, 43.617, 43.907, 43.603, 43.129, 42.753, 41.844, 39.991, 40.187, 42.995, 46.114, 46.101, 43.722, 43.104, 43.065, 42.661, 42.635, 42.89, 42.841, 41.999, 41.358, 41.574, 42.751, 43.582, 43.174, 42.66, 41.634, 40.144, 39.837, 39.39, 39.224, 39.1, 38.306, 38.85, 40.265, 39.78, 41.277, 43.589, 45.093, 44.701, 45.016, 46.285, 46.358, 45.927, 46.593, 45.945, 45.265, 45.115, 45.067, 44.847, 44.303, 44.257, 44.045, 43.707, 42.674, 41.802, 42.511, 42.615, 41.503, 39.259, 38.796, 39.04, 38.572, 38.611, 37.877, 38.266, 38.274, 38.215, 39.339, 42.07, 43.285, 43.277, 26.202], [27.742, 25.872, 22.52, 19.984, 19.978, 17.305, 13.41, 11.165, 7.492, 0.0, 9.965, 16.639, 22.118, 28.702, 31.461, 31.648, 32.857, 34.444, 35.144, 35.759, 36.36, 37.527, 38.988, 38.519, 39.028, 41.753, 44.185, 44.277, 43.68, 43.894, 44.135, 44.49, 45.052, 45.697, 45.212, 44.398, 44.657, 44.397, 43.978, 43.634, 42.786, 41.063, 41.24, 43.739, 46.601, 46.634, 44.507, 44.025, 44.026, 43.651, 43.623, 43.859, 43.798, 43.039, 42.487, 42.673, 43.731, 44.5, 44.138, 43.709, 42.808, 41.424, 41.129, 40.65, 40.438, 40.412, 39.794, 40.346, 41.549, 41.09, 42.512, 44.633, 46.078, 45.728, 45.998, 47.138, 47.175, 46.802, 47.454, 46.885, 46.277, 46.15, 46.102, 45.873, 45.374, 45.326, 45.097, 44.764, 43.781, 42.946, 43.498, 43.501, 42.541, 40.572, 40.149, 40.349, 39.947, 39.968, 39.27, 39.627, 39.563, 39.495, 40.594, 43.037, 44.207, 44.23, 28.515], [31.074, 29.532, 26.707, 24.599, 24.638, 22.624, 19.212, 17.074, 15.369, 9.965, 0.0, 9.441, 18.504, 26.574, 29.434, 29.935, 31.458, 33.161, 33.866, 34.541, 35.405, 36.631, 38.018, 37.99, 38.921, 41.474, 43.797, 44.033, 43.507, 43.771, 44.182, 44.758, 45.39, 46.015, 45.616, 44.886, 45.096, 44.865, 44.539, 44.26, 43.459, 41.89, 42.178, 44.418, 46.838, 46.757, 44.839, 44.529, 44.567, 44.206, 44.185, 44.424, 44.358, 43.639, 43.139, 43.315, 44.298, 45.004, 44.709, 44.364, 43.542, 42.229, 41.921, 41.383, 41.239, 41.493, 41.095, 41.632, 42.584, 42.19, 43.624, 45.599, 46.866, 46.524, 46.741, 47.683, 47.715, 47.33, 47.933, 47.445, 46.896, 46.781, 46.749, 46.51, 46.036, 45.999, 45.76, 45.443, 44.599, 43.919, 44.367, 44.331, 43.619, 41.976, 41.59, 41.761, 41.413, 41.425, 40.719, 40.958, 40.804, 40.658, 41.715, 44.058, 45.224, 45.271, 31.759], [33.424, 32.152, 30.023, 28.432, 28.46, 26.677, 23.746, 21.663, 20.205, 16.639, 9.441, 0.0, 12.568, 23.281, 26.693, 27.472, 29.304, 31.144, 32.043, 32.964, 34.075, 35.43, 36.745, 36.878, 38.04, 40.722, 43.088, 43.348, 42.856, 43.2, 43.637, 44.27, 44.959, 45.556, 45.101, 44.366, 44.564, 44.331, 44.069, 43.828, 43.009, 41.445, 41.741, 43.938, 46.246, 46.07, 44.178, 43.936, 43.988, 43.656, 43.658, 43.916, 43.871, 43.15, 42.646, 42.845, 43.874, 44.594, 44.333, 44.017, 43.177, 41.806, 41.441, 40.859, 40.749, 41.234, 40.857, 41.307, 42.236, 41.839, 43.292, 45.262, 46.479, 46.119, 46.349, 47.299, 47.393, 46.923, 47.488, 46.996, 46.419, 46.299, 46.297, 46.046, 45.522, 45.485, 45.262, 44.943, 44.147, 43.54, 44.024, 43.992, 43.275, 41.642, 41.277, 41.454, 41.2, 41.27, 40.558, 40.747, 40.525, 40.314, 41.367, 43.809, 44.966, 45.02, 34.157], [34.636, 33.612, 32.484, 31.803, 32.003, 30.157, 27.285, 25.257, 23.987, 22.118, 18.504, 12.568, 0.0, 14.687, 21.146, 22.586, 24.804, 27.052, 28.303, 29.642, 30.969, 32.688, 34.3, 34.171, 35.356, 38.695, 41.439, 41.708, 41.196, 41.553, 41.884, 42.472, 43.242, 43.839, 43.196, 42.331, 42.599, 42.391, 42.14, 41.823, 40.874, 39.063, 39.231, 41.745, 44.514, 44.36, 42.206, 41.887, 41.93, 41.665, 41.739, 42.035, 42.013, 41.216, 40.633, 40.899, 42.149, 43.0, 42.709, 42.342, 41.37, 39.764, 39.327, 38.778, 38.826, 39.483, 38.748, 39.033, 40.313, 39.844, 41.459, 43.666, 44.981, 44.558, 44.83, 45.967, 46.16, 45.568, 46.185, 45.524, 44.775, 44.64, 44.672, 44.406, 43.73, 43.61, 43.36, 42.998, 42.132, 41.504, 42.241, 42.393, 41.45, 39.366, 38.984, 39.184, 38.854, 38.971, 38.246, 38.476, 38.26, 38.175, 39.204, 41.904, 43.064, 43.099, 35.451], [37.153, 36.301, 35.796, 35.736, 35.986, 34.328, 31.946, 30.304, 29.54, 28.702, 26.574, 23.281, 14.687, 0.0, 11.443, 16.244, 19.785, 22.534, 24.213, 26.107, 27.803, 29.899, 31.777, 31.841, 33.347, 36.951, 39.824, 40.266, 39.833, 40.161, 40.514, 41.241, 42.081, 42.599, 41.93, 41.106, 41.439, 41.294, 41.123, 40.802, 39.827, 37.957, 38.102, 40.76, 43.714, 43.643, 41.416, 41.14, 41.192, 40.94, 41.057, 41.354, 41.292, 40.437, 39.853, 40.217, 41.588, 42.532, 42.26, 41.902, 40.856, 39.195, 38.791, 38.332, 38.687, 39.409, 38.659, 38.986, 40.406, 39.932, 41.59, 43.943, 45.246, 44.784, 45.089, 46.282, 46.509, 45.888, 46.514, 45.764, 44.967, 44.803, 44.82, 44.558, 43.809, 43.661, 43.423, 43.079, 42.237, 41.643, 42.525, 42.78, 41.684, 39.359, 38.965, 39.131, 38.625, 38.698, 37.947, 38.126, 37.985, 37.992, 38.985, 41.657, 42.826, 42.838, 37.928], [38.919, 38.12, 37.642, 37.558, 37.688, 36.181, 34.239, 32.944, 32.268, 31.461, 29.434, 26.693, 21.146, 11.443, 0.0, 9.772, 16.445, 19.896, 21.526, 23.674, 26.047, 28.575, 30.551, 31.104, 33.002, 36.289, 38.94, 39.52, 39.273, 39.669, 40.206, 41.22, 42.075, 42.491, 41.941, 41.31, 41.67, 41.554, 41.462, 41.219, 40.336, 38.636, 38.836, 41.248, 43.831, 43.782, 41.878, 41.773, 41.904, 41.716, 41.835, 42.103, 42.015, 41.225, 40.755, 41.195, 42.539, 43.462, 43.226, 42.931, 41.952, 40.441, 40.089, 39.68, 40.149, 40.785, 40.207, 40.695, 41.991, 41.564, 43.115, 45.422, 46.642, 46.15, 46.475, 47.584, 47.767, 47.19, 47.734, 47.023, 46.282, 46.107, 46.057, 45.783, 45.085, 44.965, 44.768, 44.471, 43.653, 43.033, 43.766, 43.921, 42.879, 40.742, 40.343, 40.459, 39.945, 39.977, 39.234, 39.388, 39.227, 39.246, 40.307, 42.748, 43.818, 43.852, 39.62], [38.668, 37.9, 37.572, 37.606, 37.753, 36.219, 34.262, 33.007, 32.356, 31.648, 29.935, 27.472, 22.586, 16.244, 9.772, 0.0, 9.676, 15.417, 17.228, 19.307, 22.48, 26.146, 28.956, 29.824, 32.052, 35.856, 38.809, 39.43, 39.192, 39.638, 40.214, 41.295, 42.245, 42.721, 42.127, 41.539, 42.018, 41.873, 41.7, 41.474, 40.597, 38.817, 38.92, 41.418, 44.238, 44.374, 42.395, 42.091, 42.169, 42.016, 42.174, 42.449, 42.353, 41.539, 41.039, 41.486, 42.887, 43.814, 43.531, 43.199, 42.157, 40.566, 40.171, 39.787, 40.189, 40.7, 39.857, 40.23, 41.616, 41.132, 42.648, 44.991, 46.276, 45.763, 46.066, 47.14, 47.298, 46.728, 47.287, 46.56, 45.816, 45.64, 45.551, 45.25, 44.514, 44.376, 44.175, 43.852, 42.94, 42.271, 43.048, 43.278, 42.327, 40.124, 39.67, 39.824, 39.333, 39.397, 38.627, 38.803, 38.63, 38.709, 39.881, 42.533, 43.611, 43.642, 39.381], [38.672, 37.997, 37.931, 38.166, 38.387, 36.906, 35.011, 33.81, 33.276, 32.857, 31.458, 29.304, 24.804, 19.785, 16.445, 9.676, 0.0, 8.158, 11.436, 14.322, 18.658, 23.697, 27.367, 28.591, 31.329, 35.846, 39.141, 39.761, 39.515, 40.036, 40.608, 41.634, 42.612, 43.127, 42.495, 41.882, 42.425, 42.322, 42.154, 41.942, 41.021, 39.16, 39.202, 41.777, 44.768, 44.928, 42.691, 42.184, 42.227, 42.086, 42.266, 42.538, 42.427, 41.559, 41.017, 41.492, 42.976, 43.939, 43.632, 43.274, 42.187, 40.499, 40.002, 39.59, 39.993, 40.48, 39.413, 39.674, 41.096, 40.553, 42.088, 44.469, 45.717, 45.203, 45.508, 46.582, 46.746, 46.159, 46.739, 45.979, 45.238, 45.058, 44.976, 44.672, 43.882, 43.745, 43.546, 43.197, 42.231, 41.557, 42.409, 42.686, 41.77, 39.517, 39.041, 39.235, 38.791, 38.91, 38.132, 38.27, 38.095, 38.099, 39.276, 42.217, 43.441, 43.496, 39.337], [39.321, 38.756, 38.836, 39.175, 39.427, 38.019, 36.238, 35.116, 34.688, 34.444, 33.161, 31.144, 27.052, 22.534, 19.896, 15.417, 8.158, 0.0, 5.927, 11.875, 17.206, 22.512, 26.354, 27.928, 31.067, 35.729, 39.095, 39.674, 39.459, 40.037, 40.612, 41.623, 42.539, 43.016, 42.423, 41.884, 42.434, 42.377, 42.314, 42.169, 41.287, 39.535, 39.603, 42.032, 44.846, 44.9, 42.673, 42.213, 42.288, 42.163, 42.302, 42.53, 42.38, 41.481, 40.962, 41.48, 42.982, 43.941, 43.648, 43.293, 42.224, 40.555, 39.998, 39.534, 39.979, 40.521, 39.542, 39.874, 41.229, 40.714, 42.205, 44.524, 45.689, 45.174, 45.481, 46.512, 46.688, 46.104, 46.668, 45.929, 45.234, 45.049, 44.981, 44.7, 43.913, 43.793, 43.613, 43.279, 42.322, 41.641, 42.473, 42.724, 41.793, 39.602, 39.143, 39.328, 38.932, 39.094, 38.37, 38.457, 38.319, 38.312, 39.377, 42.274, 43.589, 43.672, 39.874], [39.761, 39.263, 39.397, 39.761, 40.024, 38.64, 36.876, 35.814, 35.448, 35.144, 33.866, 32.043, 28.303, 24.213, 21.526, 17.228, 11.436, 5.927, 0.0, 8.352, 15.323, 21.315, 25.583, 27.508, 30.814, 35.532, 38.977, 39.577, 39.372, 39.948, 40.556, 41.615, 42.525, 43.017, 42.485, 42.01, 42.568, 42.506, 42.456, 42.333, 41.499, 39.832, 39.905, 42.255, 45.009, 45.07, 42.906, 42.47, 42.536, 42.415, 42.558, 42.785, 42.648, 41.786, 41.294, 41.8, 43.269, 44.199, 43.908, 43.555, 42.509, 40.872, 40.304, 39.85, 40.285, 40.806, 39.869, 40.187, 41.485, 41.001, 42.448, 44.734, 45.886, 45.375, 45.651, 46.597, 46.76, 46.201, 46.758, 46.045, 45.387, 45.201, 45.131, 44.858, 44.085, 43.964, 43.783, 43.456, 42.516, 41.832, 42.607, 42.845, 41.952, 39.837, 39.376, 39.533, 39.15, 39.331, 38.662, 38.747, 38.625, 38.652, 39.754, 42.555, 43.865, 43.957, 40.257], [40.09, 39.643, 39.819, 40.236, 40.541, 39.2, 37.434, 36.41, 36.092, 35.759, 34.541, 32.964, 29.642, 26.107, 23.674, 19.307, 14.322, 11.875, 8.352, 0.0, 9.631, 18.511, 24.316, 26.688, 30.151, 35.002, 38.581, 39.306, 39.129, 39.662, 40.297, 41.396, 42.327, 42.886, 42.451, 42.026, 42.643, 42.627, 42.552, 42.414, 41.631, 40.023, 40.066, 42.376, 45.19, 45.374, 43.199, 42.683, 42.699, 42.587, 42.77, 43.026, 42.924, 42.125, 41.651, 42.101, 43.518, 44.423, 44.121, 43.758, 42.742, 41.182, 40.663, 40.249, 40.649, 41.154, 40.197, 40.423, 41.642, 41.178, 42.634, 44.814, 45.936, 45.441, 45.702, 46.625, 46.77, 46.234, 46.773, 46.082, 45.44, 45.251, 45.17, 44.888, 44.136, 44.021, 43.838, 43.495, 42.577, 41.948, 42.693, 42.895, 42.018, 40.016, 39.599, 39.721, 39.386, 39.545, 38.88, 38.957, 38.788, 38.761, 39.919, 42.566, 43.838, 43.924, 40.548], [40.0, 39.621, 39.881, 40.433, 40.822, 39.512, 37.794, 36.78, 36.521, 36.36, 35.405, 34.075, 30.969, 27.803, 26.047, 22.48, 18.658, 17.206, 15.323, 9.631, 0.0, 11.867, 20.876, 24.189, 27.556, 32.485, 36.47, 37.459, 37.37, 37.873, 38.511, 39.65, 40.595, 41.251, 41.006, 40.779, 41.572, 41.654, 41.58, 41.439, 40.716, 39.263, 39.5, 41.78, 44.443, 44.63, 42.52, 42.031, 42.006, 41.869, 42.062, 42.337, 42.287, 41.559, 41.086, 41.457, 42.804, 43.69, 43.375, 43.033, 42.073, 40.604, 40.145, 39.719, 40.102, 40.739, 39.986, 40.293, 41.511, 41.088, 42.568, 44.681, 45.845, 45.364, 45.624, 46.585, 46.692, 46.165, 46.711, 46.036, 45.399, 45.211, 45.15, 44.876, 44.142, 44.027, 43.825, 43.479, 42.595, 41.984, 42.725, 42.94, 41.993, 39.983, 39.613, 39.705, 39.372, 39.543, 38.861, 38.894, 38.761, 38.75, 39.797, 41.98, 43.152, 43.24, 40.39], [40.671, 40.395, 40.667, 41.218, 41.636, 40.38, 38.756, 37.819, 37.666, 37.527, 36.631, 35.43, 32.688, 29.899, 28.575, 26.146, 23.697, 22.512, 21.315, 18.511, 11.867, 0.0, 13.646, 20.238, 23.869, 28.225, 32.545, 34.048, 34.345, 34.955, 35.826, 37.349, 38.463, 39.203, 39.191, 39.356, 40.367, 40.565, 40.589, 40.499, 39.818, 38.773, 39.58, 41.702, 43.622, 43.546, 41.824, 41.591, 41.558, 41.37, 41.523, 41.773, 41.764, 41.152, 40.75, 41.008, 42.131, 42.965, 42.739, 42.566, 41.786, 40.57, 40.227, 39.729, 40.103, 40.939, 40.763, 41.332, 42.397, 42.03, 43.426, 45.329, 46.407, 45.967, 46.246, 47.05, 47.038, 46.569, 47.115, 46.493, 45.914, 45.741, 45.692, 45.442, 44.774, 44.663, 44.456, 44.164, 43.435, 42.937, 43.58, 43.765, 42.868, 41.09, 40.784, 40.797, 40.511, 40.748, 40.104, 40.103, 40.101, 40.205, 40.922, 42.138, 43.062, 43.168, 40.975], [41.78, 41.591, 41.845, 42.323, 42.716, 41.558, 40.071, 39.244, 39.175, 38.988, 38.018, 36.745, 34.3, 31.777, 30.551, 28.956, 27.367, 26.354, 25.583, 24.316, 20.876, 13.646, 0.0, 13.092, 20.803, 24.869, 28.641, 30.506, 31.305, 32.132, 33.5, 35.704, 37.197, 38.073, 38.216, 38.636, 39.764, 40.158, 40.389, 40.387, 39.752, 39.004, 40.172, 42.3, 43.735, 43.296, 41.899, 41.943, 41.898, 41.682, 41.802, 42.005, 41.968, 41.436, 41.183, 41.41, 42.347, 43.138, 42.974, 42.937, 42.291, 41.317, 41.083, 40.577, 41.063, 41.891, 42.079, 42.82, 43.725, 43.379, 44.665, 46.357, 47.301, 46.91, 47.184, 47.84, 47.797, 47.302, 47.782, 47.165, 46.602, 46.434, 46.326, 46.06, 45.458, 45.375, 45.217, 45.003, 44.477, 44.143, 44.66, 44.694, 43.818, 42.319, 42.053, 42.025, 41.905, 42.213, 41.589, 41.644, 41.606, 41.8, 42.303, 42.876, 43.519, 43.597, 42.056], [40.737, 40.544, 40.895, 41.488, 41.953, 40.791, 39.319, 38.461, 38.368, 38.519, 37.99, 36.878, 34.171, 31.841, 31.104, 29.824, 28.591, 27.928, 27.508, 26.688, 24.189, 20.238, 13.092, 0.0, 13.158, 20.594, 24.919, 26.48, 27.271, 28.287, 29.833, 32.306, 34.191, 35.387, 35.586, 36.013, 37.201, 37.66, 37.991, 38.001, 37.322, 36.408, 37.603, 40.403, 42.756, 42.602, 40.906, 40.815, 40.768, 40.546, 40.664, 40.91, 40.894, 40.301, 40.014, 40.335, 41.474, 42.391, 42.153, 41.976, 41.174, 39.962, 39.669, 39.269, 39.806, 40.504, 40.334, 40.996, 42.162, 41.731, 43.157, 45.096, 46.203, 45.78, 46.11, 47.066, 47.121, 46.545, 47.104, 46.414, 45.736, 45.563, 45.46, 45.134, 44.446, 44.336, 44.18, 43.969, 43.369, 42.884, 43.474, 43.577, 42.475, 40.637, 40.331, 40.399, 40.285, 40.55, 39.927, 40.064, 39.924, 39.971, 40.583, 41.62, 42.309, 42.37, 41.028], [40.677, 40.459, 40.863, 41.537, 42.047, 40.915, 39.507, 38.662, 38.61, 39.028, 38.921, 38.04, 35.356, 33.347, 33.002, 32.052, 31.329, 31.067, 30.814, 30.151, 27.556, 23.869, 20.803, 13.158, 0.0, 12.403, 19.847, 21.738, 22.529, 23.75, 25.508, 28.173, 30.151, 31.587, 32.083, 32.879, 34.3, 34.602, 34.794, 34.801, 34.182, 33.579, 35.186, 38.168, 41.204, 41.936, 40.513, 40.416, 40.388, 40.196, 40.318, 40.582, 40.642, 40.097, 39.801, 40.109, 41.242, 42.178, 41.931, 41.738, 40.917, 39.493, 39.184, 38.88, 39.287, 39.931, 39.759, 40.489, 41.806, 41.354, 42.736, 44.671, 45.925, 45.488, 45.836, 46.988, 47.029, 46.482, 47.094, 46.369, 45.64, 45.48, 45.437, 45.135, 44.411, 44.273, 44.096, 43.86, 43.196, 42.622, 43.243, 43.416, 42.228, 40.199, 39.904, 39.958, 39.674, 39.903, 39.309, 39.422, 39.316, 39.457, 40.201, 41.163, 41.875, 41.958, 40.974], [43.499, 43.325, 43.587, 44.088, 44.485, 43.481, 42.225, 41.547, 41.587, 41.753, 41.474, 40.722, 38.695, 36.951, 36.289, 35.856, 35.846, 35.729, 35.532, 35.002, 32.485, 28.225, 24.869, 20.594, 12.403, 0.0, 10.464, 14.786, 16.736, 18.404, 21.116, 24.698, 26.74, 28.169, 29.363, 31.202, 32.987, 33.263, 33.363, 33.431, 33.155, 33.562, 35.804, 38.015, 40.277, 41.62, 41.458, 41.945, 42.009, 41.911, 42.041, 42.237, 42.307, 42.045, 42.069, 42.301, 43.022, 43.769, 43.626, 43.632, 43.155, 42.117, 41.978, 41.754, 42.17, 42.853, 43.164, 43.946, 44.888, 44.619, 45.756, 47.287, 48.397, 48.078, 48.394, 49.4, 49.299, 48.895, 49.445, 48.857, 48.257, 48.126, 48.073, 47.761, 47.179, 47.064, 46.904, 46.68, 46.113, 45.586, 45.926, 45.936, 44.837, 43.341, 43.174, 43.101, 42.826, 43.013, 42.492, 42.477, 42.484, 42.795, 43.339, 43.114, 43.466, 43.576, 43.704], [46.019, 45.858, 45.968, 46.26, 46.575, 45.711, 44.656, 44.141, 44.176, 44.185, 43.797, 43.088, 41.439, 39.824, 38.94, 38.809, 39.141, 39.095, 38.977, 38.581, 36.47, 32.545, 28.641, 24.919, 19.847, 10.464, 0.0, 7.447, 12.046, 14.375, 17.96, 22.351, 24.54, 25.998, 27.836, 30.482, 32.442, 32.881, 33.061, 33.143, 33.181, 34.302, 36.914, 38.867, 40.693, 42.013, 42.502, 43.495, 43.667, 43.588, 43.713, 43.855, 43.88, 43.787, 44.036, 44.237, 44.689, 45.306, 45.213, 45.342, 45.164, 44.523, 44.51, 44.232, 44.646, 45.499, 46.056, 46.779, 47.477, 47.319, 48.274, 49.49, 50.405, 50.167, 50.472, 51.415, 51.274, 50.942, 51.442, 50.99, 50.496, 50.386, 50.337, 50.017, 49.526, 49.423, 49.284, 49.071, 48.57, 48.067, 48.198, 48.067, 47.033, 45.952, 45.857, 45.729, 45.519, 45.677, 45.209, 45.114, 45.148, 45.438, 45.881, 45.117, 45.11, 45.189, 46.188], [45.859, 45.68, 45.78, 46.035, 46.342, 45.511, 44.558, 44.106, 44.143, 44.277, 44.033, 43.348, 41.708, 40.266, 39.52, 39.43, 39.761, 39.674, 39.577, 39.306, 37.459, 34.048, 30.506, 26.48, 21.738, 14.786, 7.447, 0.0, 6.723, 10.398, 14.507, 19.285, 21.826, 23.553, 25.712, 28.72, 30.807, 31.293, 31.557, 31.733, 31.882, 33.136, 35.942, 38.176, 40.241, 41.548, 41.959, 43.014, 43.267, 43.219, 43.327, 43.459, 43.465, 43.348, 43.601, 43.819, 44.282, 44.905, 44.786, 44.899, 44.758, 44.118, 44.107, 43.801, 44.214, 45.171, 45.714, 46.41, 47.098, 46.941, 47.84, 49.009, 49.92, 49.678, 49.979, 51.003, 50.9, 50.557, 51.066, 50.637, 50.136, 50.026, 50.0, 49.701, 49.194, 49.075, 48.935, 48.724, 48.21, 47.679, 47.818, 47.704, 46.666, 45.578, 45.471, 45.382, 45.174, 45.315, 44.875, 44.8, 44.815, 45.031, 45.48, 44.836, 44.77, 44.833, 46.042], [44.974, 44.801, 44.933, 45.203, 45.513, 44.691, 43.762, 43.34, 43.433, 43.68, 43.507, 42.856, 41.196, 39.833, 39.273, 39.192, 39.515, 39.459, 39.372, 39.129, 37.37, 34.345, 31.305, 27.271, 22.529, 16.736, 12.046, 6.723, 0.0, 5.654, 11.054, 16.318, 19.506, 21.708, 24.023, 27.175, 29.393, 29.817, 30.065, 30.371, 30.6, 31.798, 34.617, 37.117, 39.486, 40.923, 41.245, 42.202, 42.498, 42.528, 42.647, 42.774, 42.774, 42.599, 42.793, 43.021, 43.556, 44.197, 44.054, 44.155, 43.98, 43.248, 43.189, 42.881, 43.276, 44.188, 44.731, 45.479, 46.197, 46.045, 46.978, 48.189, 49.11, 48.848, 49.167, 50.238, 50.161, 49.8, 50.325, 49.892, 49.366, 49.256, 49.236, 48.942, 48.408, 48.285, 48.154, 47.949, 47.412, 46.859, 47.066, 47.019, 46.007, 44.821, 44.688, 44.641, 44.365, 44.497, 44.072, 44.007, 44.006, 44.206, 44.632, 44.301, 44.321, 44.35, 45.159], [45.124, 44.949, 45.054, 45.313, 45.644, 44.835, 43.87, 43.456, 43.614, 43.894, 43.771, 43.2, 41.553, 40.161, 39.669, 39.638, 40.036, 40.037, 39.948, 39.662, 37.873, 34.955, 32.132, 28.287, 23.75, 18.404, 14.375, 10.398, 5.654, 0.0, 6.995, 13.52, 17.381, 20.041, 22.544, 25.794, 28.176, 28.702, 28.992, 29.347, 29.721, 31.104, 33.949, 36.474, 38.9, 40.498, 40.982, 42.014, 42.33, 42.418, 42.604, 42.766, 42.777, 42.618, 42.822, 43.055, 43.618, 44.255, 44.113, 44.262, 44.102, 43.365, 43.309, 42.984, 43.337, 44.303, 44.914, 45.683, 46.404, 46.254, 47.229, 48.498, 49.439, 49.181, 49.492, 50.601, 50.53, 50.186, 50.707, 50.281, 49.746, 49.642, 49.631, 49.343, 48.824, 48.707, 48.577, 48.366, 47.807, 47.216, 47.417, 47.37, 46.334, 45.08, 44.917, 44.864, 44.504, 44.613, 44.237, 44.157, 44.133, 44.435, 44.83, 44.504, 44.537, 44.546, 45.317], [45.079, 44.913, 45.076, 45.367, 45.691, 44.887, 43.93, 43.509, 43.694, 44.135, 44.182, 43.637, 41.884, 40.514, 40.206, 40.214, 40.608, 40.612, 40.556, 40.297, 38.511, 35.826, 33.5, 29.833, 25.508, 21.116, 17.96, 14.507, 11.054, 6.995, 0.0, 7.798, 12.925, 16.283, 19.025, 22.71, 25.592, 26.384, 26.854, 27.32, 27.837, 29.493, 32.535, 35.191, 37.75, 39.47, 40.041, 41.116, 41.452, 41.58, 41.839, 42.097, 42.183, 42.07, 42.28, 42.543, 43.176, 43.806, 43.626, 43.779, 43.583, 42.808, 42.757, 42.411, 42.785, 43.9, 44.499, 45.249, 46.014, 45.85, 46.857, 48.186, 49.171, 48.885, 49.178, 50.403, 50.389, 50.041, 50.583, 50.141, 49.572, 49.483, 49.512, 49.247, 48.731, 48.617, 48.478, 48.253, 47.665, 47.025, 47.227, 47.131, 45.994, 44.624, 44.431, 44.373, 43.914, 44.014, 43.704, 43.619, 43.567, 43.957, 44.313, 44.074, 44.134, 44.148, 45.294], [45.015, 44.875, 45.105, 45.432, 45.711, 44.928, 44.05, 43.637, 43.839, 44.49, 44.758, 44.27, 42.472, 41.241, 41.22, 41.295, 41.634, 41.623, 41.615, 41.396, 39.65, 37.349, 35.704, 32.306, 28.173, 24.698, 22.351, 19.285, 16.318, 13.52, 7.798, 0.0, 6.861, 11.937, 15.341, 19.579, 23.146, 24.315, 24.967, 25.571, 26.295, 28.246, 31.406, 34.089, 36.769, 38.597, 39.18, 40.234, 40.589, 40.778, 41.1, 41.434, 41.624, 41.608, 41.861, 42.144, 42.819, 43.427, 43.211, 43.346, 43.058, 42.228, 42.179, 41.841, 42.31, 43.511, 44.039, 44.803, 45.639, 45.464, 46.425, 47.679, 48.686, 48.396, 48.652, 49.982, 50.04, 49.682, 50.277, 49.834, 49.23, 49.158, 49.23, 48.984, 48.465, 48.343, 48.192, 47.961, 47.35, 46.661, 46.876, 46.758, 45.534, 44.053, 43.793, 43.703, 43.1, 43.211, 42.978, 42.9, 42.888, 43.373, 43.662, 43.472, 43.579, 43.605, 45.249], [45.522, 45.387, 45.603, 45.939, 46.199, 45.423, 44.585, 44.168, 44.366, 45.052, 45.39, 44.959, 43.242, 42.081, 42.075, 42.245, 42.612, 42.539, 42.525, 42.327, 40.595, 38.463, 37.197, 34.191, 30.151, 26.74, 24.54, 21.826, 19.506, 17.381, 12.925, 6.861, 0.0, 6.965, 12.255, 17.51, 21.621, 23.166, 24.001, 24.656, 25.564, 27.825, 30.877, 33.185, 35.747, 37.82, 38.683, 39.87, 40.257, 40.51, 40.866, 41.204, 41.444, 41.575, 41.98, 42.3, 42.946, 43.514, 43.312, 43.491, 43.189, 42.388, 42.352, 42.034, 42.66, 43.915, 44.428, 45.243, 46.11, 45.956, 46.832, 47.953, 48.942, 48.681, 48.882, 50.226, 50.297, 49.957, 50.575, 50.172, 49.58, 49.51, 49.606, 49.373, 48.864, 48.737, 48.582, 48.346, 47.717, 46.967, 47.133, 46.985, 45.703, 44.214, 43.893, 43.745, 43.035, 43.145, 42.97, 42.873, 42.929, 43.609, 43.864, 43.494, 43.603, 43.654, 45.768], [46.188, 46.073, 46.311, 46.641, 46.86, 46.105, 45.312, 44.881, 45.044, 45.697, 46.015, 45.556, 43.839, 42.599, 42.491, 42.721, 43.127, 43.016, 43.017, 42.886, 41.251, 39.203, 38.073, 35.387, 31.587, 28.169, 25.998, 23.553, 21.708, 20.041, 16.283, 11.937, 6.965, 0.0, 7.704, 15.231, 20.05, 21.886, 23.171, 24.019, 24.942, 27.413, 30.218, 32.051, 34.439, 36.764, 38.053, 39.477, 39.921, 40.242, 40.625, 40.958, 41.18, 41.426, 42.05, 42.499, 43.152, 43.706, 43.54, 43.755, 43.497, 42.793, 42.757, 42.461, 43.241, 44.47, 44.962, 45.78, 46.622, 46.5, 47.331, 48.421, 49.418, 49.171, 49.329, 50.641, 50.702, 50.381, 50.994, 50.621, 50.052, 49.984, 50.089, 49.864, 49.375, 49.258, 49.104, 48.86, 48.235, 47.471, 47.601, 47.425, 46.141, 44.688, 44.351, 44.182, 43.441, 43.532, 43.318, 43.183, 43.254, 44.043, 44.271, 43.863, 43.95, 43.984, 46.431], [45.636, 45.509, 45.804, 46.157, 46.35, 45.578, 44.803, 44.35, 44.486, 45.212, 45.616, 45.101, 43.196, 41.93, 41.941, 42.127, 42.495, 42.423, 42.485, 42.451, 41.006, 39.191, 38.216, 35.586, 32.083, 29.363, 27.836, 25.712, 24.023, 22.544, 19.025, 15.341, 12.255, 7.704, 0.0, 9.699, 15.978, 18.272, 20.051, 21.323, 22.305, 24.933, 27.846, 29.867, 32.628, 35.131, 36.506, 38.017, 38.507, 38.953, 39.463, 39.912, 40.191, 40.408, 41.089, 41.771, 42.673, 43.309, 43.136, 43.288, 42.918, 42.114, 42.036, 41.75, 42.584, 43.776, 44.08, 44.781, 45.704, 45.524, 46.422, 47.675, 48.802, 48.561, 48.714, 50.118, 50.211, 49.883, 50.54, 50.092, 49.47, 49.397, 49.493, 49.255, 48.745, 48.627, 48.469, 48.204, 47.539, 46.769, 46.98, 46.864, 45.574, 43.968, 43.583, 43.435, 42.659, 42.761, 42.473, 42.356, 42.408, 43.192, 43.46, 43.264, 43.359, 43.331, 45.901], [44.799, 44.631, 44.939, 45.295, 45.479, 44.697, 43.931, 43.486, 43.617, 44.398, 44.886, 44.366, 42.331, 41.106, 41.31, 41.539, 41.882, 41.884, 42.01, 42.026, 40.779, 39.356, 38.636, 36.013, 32.879, 31.202, 30.482, 28.72, 27.175, 25.794, 22.71, 19.579, 17.51, 15.231, 9.699, 0.0, 8.03, 11.849, 14.439, 16.428, 17.993, 21.213, 24.677, 27.447, 30.916, 33.596, 34.896, 36.391, 36.912, 37.507, 38.211, 38.812, 39.195, 39.338, 39.887, 40.765, 42.09, 42.897, 42.706, 42.793, 42.307, 41.359, 41.21, 40.892, 41.739, 42.964, 43.084, 43.71, 44.758, 44.509, 45.548, 46.93, 48.089, 47.814, 47.951, 49.429, 49.564, 49.216, 49.898, 49.387, 48.728, 48.645, 48.718, 48.471, 47.936, 47.82, 47.65, 47.369, 46.653, 45.876, 46.186, 46.136, 44.814, 43.025, 42.601, 42.486, 41.643, 41.768, 41.476, 41.435, 41.462, 42.194, 42.629, 42.581, 42.699, 42.648, 45.116], [45.052, 44.883, 45.171, 45.496, 45.669, 44.919, 44.178, 43.76, 43.907, 44.657, 45.096, 44.564, 42.599, 41.439, 41.67, 42.018, 42.425, 42.434, 42.568, 42.643, 41.572, 40.367, 39.764, 37.201, 34.3, 32.987, 32.442, 30.807, 29.393, 28.176, 25.592, 23.146, 21.621, 20.05, 15.978, 8.03, 0.0, 5.975, 10.314, 13.114, 15.268, 19.283, 23.31, 26.653, 30.55, 33.373, 34.764, 36.314, 36.857, 37.5, 38.27, 38.906, 39.308, 39.443, 39.925, 40.865, 42.438, 43.388, 43.23, 43.293, 42.804, 41.884, 41.712, 41.376, 42.163, 43.317, 43.378, 43.989, 44.993, 44.743, 45.813, 47.201, 48.317, 48.019, 48.145, 49.555, 49.693, 49.346, 49.974, 49.481, 48.876, 48.785, 48.829, 48.575, 48.063, 47.955, 47.786, 47.511, 46.811, 46.069, 46.397, 46.403, 45.154, 43.392, 42.968, 42.879, 42.066, 42.178, 41.873, 41.865, 41.968, 42.614, 43.125, 43.126, 43.224, 43.173, 45.382], [44.727, 44.554, 44.843, 45.176, 45.353, 44.596, 43.845, 43.428, 43.603, 44.397, 44.865, 44.331, 42.391, 41.294, 41.554, 41.873, 42.322, 42.377, 42.506, 42.627, 41.654, 40.565, 40.158, 37.66, 34.602, 33.263, 32.881, 31.293, 29.817, 28.702, 26.384, 24.315, 23.166, 21.886, 18.272, 11.849, 5.975, 0.0, 6.0, 10.178, 12.725, 17.179, 22.01, 26.121, 30.582, 33.667, 35.028, 36.511, 37.063, 37.691, 38.461, 39.101, 39.483, 39.547, 39.955, 40.896, 42.546, 43.563, 43.425, 43.476, 42.959, 41.973, 41.786, 41.474, 42.122, 43.09, 43.043, 43.602, 44.56, 44.274, 45.363, 46.759, 47.882, 47.579, 47.712, 49.115, 49.252, 48.9, 49.515, 49.023, 48.439, 48.344, 48.381, 48.125, 47.6, 47.497, 47.339, 47.064, 46.351, 45.617, 45.98, 46.038, 44.835, 43.075, 42.641, 42.579, 41.84, 41.949, 41.634, 41.676, 41.848, 42.428, 42.955, 43.053, 43.187, 43.155, 45.06], [44.233, 44.052, 44.332, 44.653, 44.851, 44.082, 43.313, 42.919, 43.129, 43.978, 44.539, 44.069, 42.14, 41.123, 41.462, 41.7, 42.154, 42.314, 42.456, 42.552, 41.58, 40.589, 40.389, 37.991, 34.794, 33.363, 33.061, 31.557, 30.065, 28.992, 26.854, 24.967, 24.001, 23.171, 20.051, 14.439, 10.314, 6.0, 0.0, 5.763, 9.721, 14.825, 20.585, 25.443, 30.478, 33.843, 35.138, 36.493, 37.016, 37.635, 38.41, 39.059, 39.444, 39.451, 39.762, 40.668, 42.356, 43.387, 43.245, 43.307, 42.807, 41.771, 41.56, 41.276, 41.871, 42.765, 42.622, 43.131, 44.091, 43.768, 44.876, 46.26, 47.408, 47.112, 47.245, 48.669, 48.792, 48.436, 49.08, 48.575, 47.992, 47.899, 47.93, 47.668, 47.113, 46.995, 46.84, 46.564, 45.847, 45.126, 45.523, 45.639, 44.457, 42.666, 42.214, 42.175, 41.426, 41.527, 41.236, 41.31, 41.486, 42.056, 42.595, 42.667, 42.855, 42.853, 44.569], [43.874, 43.692, 43.983, 44.317, 44.55, 43.755, 42.933, 42.527, 42.753, 43.634, 44.26, 43.828, 41.823, 40.802, 41.219, 41.474, 41.942, 42.169, 42.333, 42.414, 41.439, 40.499, 40.387, 38.001, 34.801, 33.431, 33.143, 31.733, 30.371, 29.347, 27.32, 25.571, 24.656, 24.019, 21.323, 16.428, 13.114, 10.178, 5.763, 0.0, 5.973, 12.854, 19.322, 24.558, 29.961, 33.442, 34.678, 36.011, 36.507, 37.08, 37.833, 38.494, 38.894, 38.874, 39.142, 40.016, 41.769, 42.878, 42.714, 42.774, 42.332, 41.336, 41.114, 40.796, 41.41, 42.392, 42.227, 42.749, 43.763, 43.424, 44.559, 46.006, 47.196, 46.895, 47.035, 48.464, 48.577, 48.214, 48.896, 48.366, 47.765, 47.669, 47.688, 47.416, 46.835, 46.704, 46.542, 46.263, 45.556, 44.833, 45.244, 45.4, 44.227, 42.388, 41.928, 41.898, 41.102, 41.18, 40.862, 40.936, 41.115, 41.695, 42.254, 42.327, 42.556, 42.556, 44.222], [43.066, 42.836, 43.148, 43.552, 43.831, 42.973, 42.067, 41.616, 41.844, 42.786, 43.459, 43.009, 40.874, 39.827, 40.336, 40.597, 41.021, 41.287, 41.499, 41.631, 40.716, 39.818, 39.752, 37.322, 34.182, 33.155, 33.181, 31.882, 30.6, 29.721, 27.837, 26.295, 25.564, 24.942, 22.305, 17.993, 15.268, 12.725, 9.721, 5.973, 0.0, 9.185, 17.33, 23.348, 29.081, 32.574, 33.703, 35.037, 35.544, 36.077, 36.792, 37.473, 37.894, 37.8, 37.995, 38.898, 40.764, 41.976, 41.792, 41.816, 41.376, 40.365, 40.151, 39.799, 40.363, 41.366, 41.162, 41.666, 42.733, 42.353, 43.554, 45.161, 46.464, 46.147, 46.327, 47.827, 47.958, 47.566, 48.285, 47.721, 47.079, 46.975, 46.994, 46.717, 46.093, 45.946, 45.768, 45.489, 44.788, 44.036, 44.485, 44.68, 43.497, 41.532, 41.051, 41.042, 40.211, 40.278, 39.888, 39.994, 40.177, 40.735, 41.358, 41.71, 42.061, 42.064, 43.45], [41.301, 40.984, 41.339, 41.84, 42.178, 41.262, 40.336, 39.824, 39.991, 41.063, 41.89, 41.445, 39.063, 37.957, 38.636, 38.817, 39.16, 39.535, 39.832, 40.023, 39.263, 38.773, 39.004, 36.408, 33.579, 33.562, 34.302, 33.136, 31.798, 31.104, 29.493, 28.246, 27.825, 27.413, 24.933, 21.213, 19.283, 17.179, 14.825, 12.854, 9.185, 0.0, 10.986, 19.865, 27.011, 30.691, 31.599, 32.877, 33.465, 34.083, 34.849, 35.594, 36.053, 35.864, 35.968, 36.99, 39.133, 40.498, 40.275, 40.238, 39.722, 38.586, 38.427, 38.227, 38.858, 39.751, 39.218, 39.536, 40.835, 40.372, 41.76, 43.664, 45.164, 44.807, 45.019, 46.681, 46.89, 46.42, 47.197, 46.568, 45.845, 45.729, 45.738, 45.437, 44.723, 44.538, 44.319, 44.006, 43.248, 42.482, 43.088, 43.361, 42.083, 39.778, 39.233, 39.29, 38.409, 38.475, 37.982, 38.12, 38.24, 38.779, 39.45, 40.44, 41.0, 41.013, 41.757], [41.329, 41.009, 41.428, 41.979, 42.33, 41.489, 40.662, 40.144, 40.187, 41.24, 42.178, 41.741, 39.231, 38.102, 38.836, 38.92, 39.202, 39.603, 39.905, 40.066, 39.5, 39.58, 40.172, 37.603, 35.186, 35.804, 36.914, 35.942, 34.617, 33.949, 32.535, 31.406, 30.877, 30.218, 27.846, 24.677, 23.31, 22.01, 20.585, 19.322, 17.33, 10.986, 0.0, 12.603, 23.077, 27.809, 28.998, 30.442, 31.171, 32.159, 33.127, 33.963, 34.54, 34.547, 34.915, 36.117, 38.422, 39.911, 39.728, 39.703, 39.182, 38.137, 38.152, 38.392, 39.217, 39.902, 39.117, 39.377, 40.886, 40.398, 41.786, 43.767, 45.321, 44.968, 45.148, 46.854, 47.116, 46.672, 47.486, 46.887, 46.142, 46.012, 46.012, 45.675, 44.949, 44.748, 44.494, 44.133, 43.262, 42.443, 43.124, 43.452, 42.111, 39.623, 39.045, 39.108, 38.166, 38.22, 37.75, 37.8, 37.809, 38.508, 39.187, 40.532, 41.212, 41.21, 41.842], [43.871, 43.654, 44.038, 44.502, 44.794, 44.088, 43.418, 43.009, 42.995, 43.739, 44.418, 43.938, 41.745, 40.76, 41.248, 41.418, 41.777, 42.032, 42.255, 42.376, 41.78, 41.702, 42.3, 40.403, 38.168, 38.015, 38.867, 38.176, 37.117, 36.474, 35.191, 34.089, 33.185, 32.051, 29.867, 27.447, 26.653, 26.121, 25.443, 24.558, 23.348, 19.865, 12.603, 0.0, 14.001, 22.32, 25.649, 27.697, 28.687, 30.406, 31.65, 32.503, 33.305, 34.022, 35.228, 36.665, 38.77, 40.232, 40.203, 40.311, 39.965, 39.324, 39.522, 40.122, 41.406, 42.274, 41.852, 42.298, 43.623, 43.261, 44.494, 46.128, 47.524, 47.261, 47.391, 48.912, 49.103, 48.794, 49.577, 49.111, 48.425, 48.302, 48.313, 47.963, 47.358, 47.178, 46.889, 46.515, 45.697, 44.863, 45.325, 45.539, 44.234, 42.021, 41.47, 41.393, 40.437, 40.462, 40.041, 39.924, 39.914, 40.722, 41.34, 42.147, 42.707, 42.765, 44.342], [46.72, 46.612, 46.928, 47.287, 47.503, 46.899, 46.375, 46.067, 46.114, 46.601, 46.838, 46.246, 44.514, 43.714, 43.831, 44.238, 44.768, 44.846, 45.009, 45.19, 44.443, 43.622, 43.735, 42.756, 41.204, 40.277, 40.693, 40.241, 39.486, 38.9, 37.75, 36.769, 35.747, 34.439, 32.628, 30.916, 30.55, 30.582, 30.478, 29.961, 29.081, 27.011, 23.077, 14.001, 0.0, 13.747, 21.75, 24.937, 26.225, 28.687, 30.165, 30.973, 31.974, 33.424, 35.4, 37.024, 38.839, 40.156, 40.324, 40.737, 40.7, 40.619, 41.075, 41.785, 43.684, 44.997, 45.135, 45.725, 46.639, 46.46, 47.589, 48.896, 50.1, 49.922, 50.012, 51.182, 51.268, 51.004, 51.665, 51.361, 50.78, 50.68, 50.72, 50.392, 49.925, 49.77, 49.47, 49.133, 48.54, 47.827, 48.019, 48.054, 46.929, 45.204, 44.691, 44.469, 43.532, 43.549, 43.13, 42.893, 42.962, 43.786, 44.303, 44.256, 44.516, 44.639, 47.098], [46.548, 46.46, 46.799, 47.202, 47.426, 46.796, 46.307, 45.996, 46.101, 46.634, 46.757, 46.07, 44.36, 43.643, 43.782, 44.374, 44.928, 44.9, 45.07, 45.374, 44.63, 43.546, 43.296, 42.602, 41.936, 41.62, 42.013, 41.548, 40.923, 40.498, 39.47, 38.597, 37.82, 36.764, 35.131, 33.596, 33.373, 33.667, 33.843, 33.442, 32.574, 30.691, 27.809, 22.32, 13.747, 0.0, 13.009, 18.535, 20.187, 23.166, 24.985, 25.929, 27.178, 29.011, 31.289, 33.137, 35.156, 36.591, 36.853, 37.455, 37.747, 38.37, 39.3, 40.367, 42.869, 44.554, 44.978, 45.667, 46.5, 46.449, 47.606, 48.974, 50.016, 49.764, 49.834, 50.765, 50.826, 50.482, 51.066, 50.762, 50.205, 50.114, 50.176, 49.908, 49.458, 49.288, 49.002, 48.717, 48.266, 47.675, 47.864, 47.939, 47.048, 45.575, 45.141, 44.963, 44.168, 44.213, 43.724, 43.465, 43.534, 44.26, 44.782, 44.948, 45.114, 45.282, 46.885], [44.107, 43.997, 44.469, 45.027, 45.324, 44.626, 44.042, 43.607, 43.722, 44.507, 44.839, 44.178, 42.206, 41.416, 41.878, 42.395, 42.691, 42.673, 42.906, 43.199, 42.52, 41.824, 41.899, 40.906, 40.513, 41.458, 42.502, 41.959, 41.245, 40.982, 40.041, 39.18, 38.683, 38.053, 36.506, 34.896, 34.764, 35.028, 35.138, 34.678, 33.703, 31.599, 28.998, 25.649, 21.75, 13.009, 0.0, 7.994, 10.892, 14.249, 16.612, 17.985, 19.682, 21.872, 24.338, 26.569, 29.277, 31.125, 31.369, 31.859, 32.061, 33.162, 34.578, 36.225, 39.433, 41.602, 42.038, 42.836, 44.03, 43.915, 45.3, 46.849, 47.868, 47.511, 47.615, 48.688, 48.79, 48.408, 49.063, 48.594, 47.953, 47.837, 47.874, 47.63, 47.112, 46.948, 46.676, 46.379, 45.84, 45.251, 45.667, 45.841, 44.867, 43.155, 42.732, 42.65, 41.965, 42.038, 41.469, 41.315, 41.354, 41.996, 42.704, 43.613, 44.063, 44.207, 44.489], [43.33, 43.247, 43.801, 44.42, 44.729, 44.046, 43.486, 43.025, 43.104, 44.025, 44.529, 43.936, 41.887, 41.14, 41.773, 42.091, 42.184, 42.213, 42.47, 42.683, 42.031, 41.591, 41.943, 40.815, 40.416, 41.945, 43.495, 43.014, 42.202, 42.014, 41.116, 40.234, 39.87, 39.477, 38.017, 36.391, 36.314, 36.511, 36.493, 36.011, 35.037, 32.877, 30.442, 27.697, 24.937, 18.535, 7.994, 0.0, 5.175, 10.351, 13.375, 15.178, 17.307, 19.677, 22.068, 24.376, 27.382, 29.452, 29.