[[0.0, 21.408, 35.559, 43.264, 45.293, 47.137, 48.514, 48.94, 49.094, 49.442, 49.655, 49.855, 50.291, 50.762, 51.376, 52.178, 51.852, 51.705, 50.543, 53.946, 51.917, 54.292, 60.107, 59.553, 58.325, 61.39, 63.131, 62.591, 64.769, 64.911, 62.405, 61.477, 61.356, 60.344, 60.011, 59.635, 58.508, 57.996, 57.985, 58.385, 59.005, 59.785, 59.282, 58.698, 60.235, 57.673, 52.643, 51.102, 50.266, 50.117, 50.374, 50.168, 49.882, 49.92, 49.81, 50.607, 51.588, 51.219, 53.104, 53.378, 52.606, 51.874, 50.751, 50.471, 49.911, 49.847, 49.825, 50.327, 50.87, 50.812, 50.691, 50.224, 49.728, 49.548, 49.353, 49.372, 49.605, 49.879, 50.116, 50.607, 51.339, 52.067, 52.729, 53.367, 54.139, 53.36, 54.02, 54.681, 57.015, 60.68, 61.038, 59.023, 54.803, 52.326, 52.914, 57.247, 59.159, 61.354, 61.056, 60.295, 57.726, 55.944, 55.638, 54.421, 53.538, 53.422, 16.086], [21.408, 0.0, 26.727, 39.54, 41.781, 44.472, 46.627, 47.523, 47.796, 48.207, 48.486, 48.81, 49.412, 49.973, 50.656, 51.557, 51.244, 51.097, 50.11, 53.879, 51.598, 54.78, 60.343, 59.162, 58.084, 61.385, 63.155, 62.647, 64.963, 65.136, 62.393, 61.272, 61.112, 60.048, 59.578, 59.078, 57.868, 57.238, 57.208, 57.633, 58.223, 58.957, 58.34, 57.822, 59.759, 56.792, 51.092, 49.674, 48.621, 48.705, 49.116, 48.953, 48.99, 49.132, 48.669, 49.841, 51.081, 50.663, 52.748, 52.877, 52.11, 51.199, 50.132, 49.85, 49.045, 49.045, 49.016, 49.597, 50.204, 50.119, 49.981, 49.473, 49.001, 48.817, 48.591, 48.633, 48.904, 49.21, 49.484, 50.051, 50.825, 51.645, 52.399, 53.127, 54.015, 53.207, 53.935, 54.69, 57.196, 60.958, 61.372, 59.501, 55.193, 51.957, 52.528, 57.357, 59.226, 61.449, 61.257, 60.444, 57.852, 55.951, 55.565, 54.197, 53.263, 53.161, 28.846], [35.559, 26.727, 0.0, 26.191, 32.04, 34.852, 38.615, 40.687, 41.258, 41.816, 42.19, 42.683, 43.574, 44.379, 45.37, 46.646, 46.298, 46.172, 45.43, 51.394, 48.912, 52.616, 59.126, 58.223, 57.343, 60.633, 62.234, 61.72, 64.526, 64.744, 61.624, 60.39, 60.302, 59.104, 58.55, 57.981, 56.547, 55.775, 55.723, 56.006, 56.571, 57.467, 56.89, 56.521, 58.719, 55.497, 49.173, 47.779, 46.384, 46.208, 46.881, 46.611, 46.329, 46.69, 45.821, 46.737, 48.541, 47.996, 50.483, 51.303, 50.1, 48.987, 48.019, 47.731, 46.96, 47.02, 46.992, 47.606, 48.321, 48.218, 48.02, 47.328, 46.741, 46.495, 46.18, 46.281, 46.633, 47.129, 47.495, 48.31, 49.312, 50.303, 51.198, 52.048, 53.131, 52.051, 52.752, 53.508, 56.479, 60.705, 61.18, 59.147, 53.928, 50.022, 51.119, 57.028, 59.005, 61.705, 61.477, 60.469, 57.573, 55.858, 55.575, 54.014, 52.831, 52.655, 38.766], [43.264, 39.54, 26.191, 0.0, 17.343, 24.998, 28.879, 31.597, 32.849, 33.529, 33.97, 34.688, 35.789, 36.715, 37.822, 39.244, 39.061, 39.0, 40.953, 49.941, 47.855, 52.56, 60.185, 59.699, 58.529, 61.475, 63.11, 62.608, 65.382, 65.57, 62.667, 61.633, 61.543, 60.387, 60.016, 59.494, 58.091, 57.399, 57.368, 57.572, 57.97, 58.915, 58.136, 57.152, 59.204, 56.33, 50.677, 49.42, 47.925, 47.397, 47.934, 47.43, 46.78, 46.963, 46.095, 46.831, 48.668, 48.168, 50.631, 51.743, 50.914, 49.668, 48.76, 48.28, 47.597, 47.73, 47.66, 48.369, 49.054, 48.953, 48.754, 47.966, 47.325, 47.116, 46.767, 46.8, 47.152, 47.673, 48.027, 48.776, 49.683, 50.557, 51.356, 52.126, 53.048, 51.708, 52.324, 53.019, 56.008, 60.247, 60.733, 58.728, 53.742, 50.501, 51.46, 57.072, 59.083, 61.945, 61.496, 60.401, 57.594, 56.421, 56.225, 54.67, 53.46, 53.278, 45.246], [45.293, 41.781, 32.04, 17.343, 0.0, 16.213, 23.629, 26.986, 28.51, 29.268, 29.733, 30.505, 31.679, 32.642, 33.753, 35.148, 34.941, 34.968, 38.739, 49.601, 47.665, 52.997, 60.889, 60.372, 59.22, 61.931, 63.423, 63.175, 65.941, 65.999, 63.121, 62.107, 62.006, 60.868, 60.543, 60.051, 58.584, 57.859, 57.858, 58.053, 58.371, 59.27, 58.449, 57.504, 59.562, 56.624, 50.988, 49.769, 48.195, 47.651, 48.172, 47.684, 47.01, 47.099, 46.266, 47.188, 48.947, 48.518, 50.946, 51.924, 51.205, 49.903, 48.951, 48.447, 47.765, 47.905, 47.872, 48.603, 49.13, 49.03, 48.802, 47.91, 47.304, 47.146, 46.66, 46.608, 46.981, 47.422, 47.775, 48.494, 49.422, 50.394, 51.142, 51.988, 52.881, 51.463, 52.265, 53.024, 56.188, 60.427, 60.979, 58.973, 53.885, 50.448, 51.331, 56.763, 58.775, 61.536, 60.919, 59.851, 57.05, 55.984, 55.8, 54.259, 53.097, 52.942, 46.773], [47.137, 44.472, 34.852, 24.998, 16.213, 0.0, 13.875, 20.373, 22.599, 23.577, 24.042, 24.715, 25.863, 26.845, 28.112, 29.925, 30.081, 30.201, 35.918, 48.55, 46.523, 52.254, 60.608, 59.979, 59.04, 62.124, 63.524, 63.37, 66.368, 66.419, 63.404, 62.318, 62.208, 61.013, 60.667, 60.159, 58.517, 57.681, 57.679, 57.875, 58.212, 59.159, 58.354, 57.438, 59.553, 56.458, 50.316, 48.808, 46.983, 46.12, 46.721, 46.289, 45.463, 45.573, 44.711, 45.806, 47.84, 47.432, 50.129, 51.466, 50.583, 49.17, 48.062, 47.486, 46.676, 46.792, 46.784, 47.481, 48.069, 47.967, 47.725, 46.761, 46.084, 45.905, 45.403, 45.412, 45.827, 46.35, 46.756, 47.601, 48.662, 49.815, 50.681, 51.6, 52.726, 51.258, 52.025, 52.81, 56.153, 60.661, 61.246, 59.148, 53.411, 49.858, 50.826, 56.683, 58.874, 61.702, 61.041, 59.962, 56.863, 55.5, 55.309, 53.66, 52.366, 52.199, 47.919], [48.514, 46.627, 38.615, 28.879, 23.629, 13.875, 0.0, 10.397, 14.912, 16.34, 16.792, 17.723, 19.449, 20.781, 22.181, 24.357, 25.213, 25.36, 34.464, 48.076, 46.198, 52.283, 60.742, 60.082, 59.287, 62.568, 63.929, 63.789, 66.75, 66.798, 63.85, 62.786, 62.661, 61.487, 61.161, 60.672, 59.065, 58.256, 58.25, 58.41, 58.628, 59.508, 58.695, 57.632, 59.658, 56.691, 50.794, 49.335, 47.578, 46.626, 47.193, 46.749, 45.883, 45.952, 45.084, 45.987, 48.04, 47.694, 50.193, 51.645, 50.803, 49.42, 48.387, 47.727, 46.97, 47.096, 47.087, 47.793, 48.389, 48.295, 48.081, 47.143, 46.495, 46.323, 45.843, 45.885, 46.277, 46.776, 47.156, 47.945, 48.977, 49.996, 50.822, 51.687, 52.783, 51.252, 51.869, 52.624, 55.866, 60.23, 60.788, 58.751, 53.266, 50.231, 51.244, 56.899, 59.083, 61.862, 61.23, 60.154, 57.11, 55.667, 55.408, 53.828, 52.58, 52.419, 49.15], [48.94, 47.523, 40.687, 31.597, 26.986, 20.373, 10.397, 0.0, 6.326, 8.515, 9.111, 10.617, 13.496, 15.512, 17.178, 19.758, 21.199, 21.294, 33.182, 47.391, 45.575, 52.118, 60.773, 60.084, 59.361, 62.673, 64.035, 63.885, 66.777, 66.805, 63.906, 62.855, 62.714, 61.556, 61.232, 60.744, 59.168, 58.394, 58.392, 58.518, 58.669, 59.529, 58.673, 57.477, 59.408, 56.537, 50.775, 49.371, 47.705, 46.806, 47.383, 46.924, 46.042, 46.069, 45.132, 45.89, 47.928, 47.623, 49.937, 51.309, 50.57, 49.178, 48.163, 47.507, 46.885, 47.038, 47.031, 47.851, 48.49, 48.397, 48.198, 47.257, 46.605, 46.445, 45.944, 45.967, 46.335, 46.816, 47.197, 47.962, 49.048, 50.066, 50.836, 51.717, 52.768, 51.072, 51.708, 52.485, 55.704, 59.972, 60.545, 58.582, 53.141, 50.197, 51.152, 56.725, 58.953, 61.755, 61.119, 59.989, 57.052, 55.775, 55.51, 53.915, 52.673, 52.507, 49.383], [49.094, 47.796, 41.258, 32.849, 28.51, 22.599, 14.912, 6.326, 0.0, 3.01, 4.303, 6.766, 10.614, 13.143, 15.096, 18.035, 19.782, 19.888, 32.606, 46.962, 45.127, 51.88, 60.71, 60.006, 59.375, 62.751, 64.135, 63.985, 66.892, 66.929, 64.029, 62.968, 62.828, 61.664, 61.316, 60.828, 59.258, 58.476, 58.468, 58.62, 58.807, 59.678, 58.799, 57.538, 59.462, 56.586, 50.687, 49.252, 47.581, 46.638, 47.243, 46.797, 45.91, 45.962, 44.984, 45.715, 47.734, 47.432, 49.75, 51.126, 50.399, 48.987, 47.978, 47.323, 46.748, 46.913, 46.913, 47.778, 48.442, 48.344, 48.144, 47.194, 46.498, 46.329, 45.808, 45.788, 46.133, 46.618, 47.009, 47.782, 48.889, 49.933, 50.705, 51.612, 52.678, 50.902, 51.546, 52.368, 55.619, 59.87, 60.474, 58.525, 53.036, 50.021, 50.978, 56.611, 58.864, 61.718, 61.088, 59.919, 56.995, 55.765, 55.505, 53.877, 52.604, 52.427, 49.393], [49.442, 48.207, 41.816, 33.529, 29.268, 23.577, 16.34, 8.515, 3.01, 0.0, 2.301, 5.95, 10.123, 12.751, 14.759, 17.742, 19.614, 19.747, 32.746, 46.998, 45.222, 51.941, 60.731, 60.038, 59.451, 62.845, 64.237, 64.093, 66.973, 67.01, 64.136, 63.081, 62.941, 61.785, 61.437, 60.957, 59.409, 58.64, 58.63, 58.787, 58.982, 59.838, 58.948, 57.66, 59.551, 56.717, 50.897, 49.502, 47.868, 46.951, 47.556, 47.124, 46.26, 46.315, 45.362, 46.033, 47.973, 47.677, 49.914, 51.299, 50.603, 49.217, 48.254, 47.594, 47.07, 47.237, 47.238, 48.113, 48.771, 48.673, 48.476, 47.54, 46.834, 46.666, 46.141, 46.083, 46.4, 46.868, 47.252, 48.002, 49.084, 50.108, 50.86, 51.756, 52.8, 50.983, 51.583, 52.406, 55.581, 59.781, 60.387, 58.48, 53.115, 50.178, 51.129, 56.672, 58.897, 61.734, 61.117, 59.942, 57.08, 55.93, 55.688, 54.079, 52.818, 52.64, 49.728], [49.655, 48.486, 42.19, 33.97, 29.733, 24.042, 16.792, 9.111, 4.303, 2.301, 0.0, 4.321, 8.929, 11.731, 13.808, 16.854, 18.794, 18.919, 32.551, 46.981, 45.24, 51.978, 60.79, 60.102, 59.516, 62.917, 64.312, 64.171, 67.05, 67.092, 64.218, 63.16, 63.024, 61.87, 61.523, 61.045, 59.491, 58.719, 58.71, 58.859, 59.038, 59.891, 58.998, 57.704, 59.59, 56.77, 50.982, 49.604, 47.985, 47.085, 47.692, 47.269, 46.417, 46.475, 45.514, 46.128, 48.047, 47.756, 49.934, 51.332, 50.653, 49.269, 48.329, 47.666, 47.164, 47.334, 47.336, 48.221, 48.881, 48.783, 48.583, 47.636, 46.929, 46.764, 46.227, 46.155, 46.465, 46.927, 47.311, 48.055, 49.135, 50.163, 50.909, 51.807, 52.841, 50.988, 51.584, 52.403, 55.558, 59.761, 60.366, 58.477, 53.137, 50.242, 51.183, 56.719, 58.971, 61.802, 61.189, 60.009, 57.169, 56.036, 55.782, 54.177, 52.924, 52.747, 49.915], [49.855, 48.81, 42.683, 34.688, 30.505, 24.715, 17.723, 10.617, 6.766, 5.95, 4.321, 0.0, 5.173, 8.513, 10.956, 14.407, 16.568, 16.668, 31.73, 46.738, 45.018, 51.879, 60.829, 60.156, 59.56, 62.963, 64.358, 64.215, 67.118, 67.167, 64.272, 63.196, 63.063, 61.909, 61.557, 61.077, 59.499, 58.697, 58.687, 58.834, 59.009, 59.872, 58.977, 57.685, 59.587, 56.755, 50.893, 49.485, 47.866, 46.949, 47.575, 47.169, 46.317, 46.392, 45.393, 45.955, 47.896, 47.6, 49.761, 51.161, 50.473, 49.076, 48.125, 47.458, 46.967, 47.144, 47.148, 48.054, 48.727, 48.63, 48.419, 47.437, 46.722, 46.554, 46.0, 45.936, 46.251, 46.716, 47.106, 47.857, 48.959, 50.012, 50.767, 51.693, 52.741, 50.863, 51.486, 52.302, 55.499, 59.751, 60.36, 58.461, 53.044, 50.174, 51.075, 56.682, 59.0, 61.854, 61.236, 60.055, 57.199, 56.003, 55.724, 54.109, 52.845, 52.671, 50.009], [50.291, 49.412, 43.574, 35.789, 31.679, 25.863, 19.449, 13.496, 10.614, 10.123, 8.929, 5.173, 0.0, 3.879, 7.056, 11.315, 14.032, 14.154, 31.102, 46.699, 45.026, 51.976, 61.022, 60.356, 59.746, 63.105, 64.485, 64.339, 67.232, 67.279, 64.377, 63.287, 63.151, 62.003, 61.652, 61.172, 59.588, 58.764, 58.749, 58.889, 59.045, 59.908, 58.995, 57.69, 59.589, 56.77, 50.903, 49.473, 47.867, 46.931, 47.568, 47.175, 46.315, 46.403, 45.397, 45.899, 47.836, 47.531, 49.672, 51.102, 50.393, 49.005, 48.054, 47.372, 46.911, 47.09, 47.095, 48.02, 48.703, 48.608, 48.386, 47.38, 46.661, 46.491, 45.924, 45.856, 46.161, 46.616, 47.008, 47.758, 48.856, 49.913, 50.669, 51.608, 52.659, 50.746, 51.357, 52.176, 55.38, 59.671, 60.281, 58.375, 52.944, 50.159, 51.034, 56.671, 59.014, 61.888, 61.277, 60.11, 57.246, 56.012, 55.732, 54.127, 52.857, 52.683, 50.317], [50.762, 49.973, 44.379, 36.715, 32.642, 26.845, 20.781, 15.512, 13.143, 12.751, 11.731, 8.513, 3.879, 0.0, 3.784, 8.791, 12.334, 12.54, 31.098, 46.94, 45.316, 52.245, 61.254, 60.58, 59.962, 63.269, 64.63, 64.48, 67.343, 67.38, 64.493, 63.409, 63.267, 62.128, 61.787, 61.312, 59.741, 58.922, 58.904, 59.039, 59.164, 60.012, 59.091, 57.777, 59.656, 56.867, 51.082, 49.673, 48.09, 47.153, 47.779, 47.394, 46.526, 46.612, 45.635, 46.1, 47.998, 47.69, 49.785, 51.236, 50.523, 49.159, 48.229, 47.551, 47.103, 47.28, 47.282, 48.196, 48.869, 48.777, 48.553, 47.553, 46.844, 46.676, 46.105, 46.03, 46.327, 46.764, 47.148, 47.882, 48.937, 49.966, 50.712, 51.638, 52.677, 50.76, 51.355, 52.174, 55.347, 59.637, 60.243, 58.345, 52.979, 50.274, 51.135, 56.717, 59.058, 61.938, 61.349, 60.191, 57.341, 56.097, 55.822, 54.247, 52.988, 52.814, 50.706], [51.376, 50.656, 45.37, 37.822, 33.753, 28.112, 22.181, 17.178, 15.096, 14.759, 13.808, 10.956, 7.056, 3.784, 0.0, 5.57, 10.42, 10.781, 31.418, 47.202, 45.699, 52.497, 61.323, 60.687, 60.1, 63.337, 64.692, 64.534, 67.328, 67.361, 64.525, 63.465, 63.326, 62.207, 61.884, 61.422, 59.894, 59.114, 59.098, 59.231, 59.338, 60.16, 59.264, 57.958, 59.763, 57.065, 51.506, 50.161, 48.668, 47.774, 48.37, 48.011, 47.166, 47.226, 46.306, 46.691, 48.474, 48.194, 50.145, 51.547, 50.901, 49.597, 48.732, 48.094, 47.668, 47.847, 47.837, 48.723, 49.364, 49.279, 49.063, 48.103, 47.435, 47.272, 46.716, 46.645, 46.928, 47.329, 47.693, 48.365, 49.319, 50.269, 50.978, 51.857, 52.863, 51.017, 51.591, 52.389, 55.458, 59.668, 60.267, 58.424, 53.233, 50.626, 51.437, 56.793, 59.064, 61.898, 61.317, 60.168, 57.395, 56.208, 55.944, 54.427, 53.212, 53.042, 51.256], [52.178, 51.557, 46.646, 39.244, 35.148, 29.925, 24.357, 19.758, 18.035, 17.742, 16.854, 14.407, 11.315, 8.791, 5.57, 0.0, 6.964, 7.677, 31.378, 47.22, 45.967, 52.606, 61.234, 60.78, 60.25, 63.378, 64.76, 64.583, 67.271, 67.31, 64.552, 63.531, 63.403, 62.311, 62.001, 61.558, 60.1, 59.384, 59.371, 59.499, 59.595, 60.396, 59.538, 58.219, 59.887, 57.34, 52.138, 50.883, 49.523, 48.72, 49.267, 48.93, 48.139, 48.163, 47.306, 47.518, 49.139, 48.913, 50.64, 51.982, 51.447, 50.229, 49.465, 48.883, 48.51, 48.682, 48.669, 49.533, 50.122, 50.045, 49.84, 48.94, 48.345, 48.198, 47.673, 47.625, 47.907, 48.264, 48.602, 49.185, 50.018, 50.858, 51.496, 52.32, 53.245, 51.521, 52.095, 52.847, 55.776, 59.869, 60.453, 58.697, 53.666, 51.125, 51.843, 56.839, 58.962, 61.705, 61.122, 59.988, 57.371, 56.332, 56.099, 54.656, 53.505, 53.344, 51.977], [51.852, 51.244, 46.298, 39.061, 34.941, 30.081, 25.213, 21.199, 19.782, 19.614, 18.794, 16.568, 14.032, 12.334, 10.42, 6.964, 0.0, 2.927, 28.547, 45.648, 44.495, 51.599, 60.75, 60.505, 60.041, 63.135, 64.538, 64.359, 67.09, 67.125, 64.333, 63.311, 63.19, 62.063, 61.734, 61.277, 59.808, 59.082, 59.071, 59.185, 59.252, 60.116, 59.229, 57.841, 59.542, 56.893, 51.532, 50.215, 48.748, 47.946, 48.518, 48.131, 47.316, 47.345, 46.435, 46.722, 48.429, 48.201, 50.106, 51.502, 50.882, 49.598, 48.783, 48.17, 47.74, 47.908, 47.908, 48.818, 49.444, 49.365, 49.155, 48.214, 47.583, 47.434, 46.91, 46.871, 47.167, 47.547, 47.909, 48.542, 49.458, 50.369, 51.033, 51.917, 52.853, 51.076, 51.709, 52.485, 55.546, 59.8, 60.392, 58.573, 53.244, 50.475, 51.242, 56.398, 58.554, 61.387, 60.775, 59.616, 56.943, 55.977, 55.798, 54.311, 53.116, 52.949, 51.608], [51.705, 51.097, 46.172, 39.0, 34.968, 30.201, 25.36, 21.294, 19.888, 19.747, 18.919, 16.668, 14.154, 12.54, 10.781, 7.677, 2.927, 0.0, 28.342, 45.481, 44.206, 51.379, 60.612, 60.36, 59.855, 62.992, 64.418, 64.238, 66.998, 67.044, 64.245, 63.218, 63.097, 61.967, 61.632, 61.17, 59.693, 58.966, 58.959, 59.078, 59.146, 60.029, 59.152, 57.761, 59.476, 56.785, 51.337, 49.998, 48.499, 47.687, 48.275, 47.878, 47.049, 47.074, 46.143, 46.437, 48.197, 47.962, 49.889, 51.282, 50.654, 49.351, 48.552, 47.953, 47.512, 47.673, 47.675, 48.584, 49.216, 49.133, 48.92, 47.963, 47.321, 47.17, 46.643, 46.609, 46.911, 47.303, 47.671, 48.31, 49.249, 50.178, 50.852, 51.753, 52.693, 50.916, 51.56, 52.332, 55.45, 59.732, 60.329, 58.494, 53.075, 50.251, 51.047, 56.281, 58.464, 61.309, 60.69, 59.514, 56.834, 55.863, 55.683, 54.188, 52.979, 52.81, 51.477], [50.543, 50.11, 45.43, 40.953, 38.739, 35.918, 34.464, 33.182, 32.606, 32.746, 32.551, 31.73, 31.102, 31.098, 31.418, 31.378, 28.547, 28.342, 0.0, 29.972, 30.076, 40.92, 54.519, 55.733, 56.425, 60.553, 62.265, 62.123, 65.53, 65.731, 62.653, 61.505, 61.458, 60.201, 59.752, 59.29, 57.71, 56.911, 56.893, 57.259, 57.926, 59.022, 58.257, 57.155, 59.129, 55.881, 49.47, 47.839, 46.008, 45.072, 45.708, 45.067, 44.018, 44.257, 43.168, 43.764, 46.162, 45.828, 48.39, 50.095, 49.072, 47.571, 46.366, 45.696, 44.917, 44.959, 45.098, 46.07, 46.915, 46.813, 46.554, 45.493, 44.719, 44.493, 43.964, 44.03, 44.399, 44.972, 45.44, 46.285, 47.577, 48.813, 49.714, 50.783, 51.899, 50.337, 51.283, 52.139, 55.972, 60.597, 61.304, 59.046, 52.41, 48.981, 49.821, 56.043, 58.402, 61.577, 61.035, 59.765, 56.71, 55.474, 55.368, 53.676, 52.237, 52.018, 50.009], [53.946, 53.879, 51.394, 49.941, 49.601, 48.55, 48.076, 47.391, 46.962, 46.998, 46.981, 46.738, 46.699, 46.94, 47.202, 47.22, 45.648, 45.481, 29.972, 0.0, 14.122, 29.317, 41.771, 43.898, 47.621, 55.701, 58.318, 58.137, 61.743, 62.338, 59.623, 58.368, 58.323, 57.471, 57.032, 56.722, 55.641, 55.25, 55.205, 56.386, 58.607, 59.464, 59.475, 59.034, 60.026, 57.744, 53.398, 52.302, 51.801, 51.81, 52.111, 51.791, 51.444, 51.677, 51.281, 50.761, 51.815, 51.676, 52.706, 53.348, 53.231, 52.598, 52.264, 52.332, 51.62, 51.684, 51.712, 51.961, 52.55, 52.511, 52.362, 51.773, 51.262, 51.005, 51.017, 51.275, 51.481, 51.72, 51.91, 52.148, 52.561, 53.03, 53.679, 54.205, 55.03, 54.892, 55.416, 55.871, 58.213, 61.39, 61.832, 60.136, 56.275, 53.909, 54.142, 57.969, 59.669, 62.19, 62.02, 61.065, 58.769, 57.436, 57.182, 55.994, 55.036, 54.845, 53.476], [51.917, 51.598, 48.912, 47.855, 47.665, 46.523, 46.198, 45.575, 45.127, 45.222, 45.24, 45.018, 45.026, 45.316, 45.699, 45.967, 44.495, 44.206, 30.076, 14.122, 0.0, 25.985, 41.079, 42.421, 46.32, 54.761, 57.343, 57.259, 61.151, 61.712, 58.822, 57.503, 57.412, 56.471, 56.021, 55.659, 54.439, 53.961, 53.939, 55.135, 57.5, 58.596, 58.513, 57.943, 59.308, 56.615, 51.143, 49.718, 48.825, 48.511, 48.951, 48.598, 48.073, 48.333, 47.819, 47.75, 49.221, 48.927, 50.489, 51.434, 51.027, 50.153, 49.557, 49.522, 48.455, 48.439, 48.45, 48.734, 49.457, 49.382, 49.202, 48.477, 47.814, 47.497, 47.439, 47.661, 47.854, 48.201, 48.462, 48.874, 49.483, 50.155, 50.965, 51.629, 52.821, 52.447, 52.984, 53.583, 56.324, 59.929, 60.454, 58.585, 54.036, 51.208, 51.819, 56.535, 58.582, 61.462, 61.161, 60.065, 57.398, 55.924, 55.654, 54.213, 53.034, 52.805, 51.403], [54.292, 54.78, 52.616, 52.56, 52.997, 52.254, 52.283, 52.118, 51.88, 51.941, 51.978, 51.879, 51.976, 52.245, 52.497, 52.606, 51.599, 51.379, 40.92, 29.317, 25.985, 0.0, 22.611, 28.645, 36.274, 47.773, 50.876, 50.79, 54.796, 55.571, 53.149, 52.145, 52.186, 51.417, 51.047, 50.844, 50.125, 50.203, 50.296, 52.002, 55.466, 56.864, 57.683, 58.13, 58.766, 56.307, 52.801, 52.031, 51.944, 52.65, 53.035, 52.728, 52.629, 52.841, 52.657, 52.671, 53.805, 53.549, 54.349, 55.229, 55.338, 54.95, 54.458, 54.575, 53.465, 53.188, 53.137, 52.55, 52.771, 52.793, 52.652, 52.383, 52.007, 51.56, 51.778, 52.251, 52.433, 52.559, 52.649, 52.638, 52.832, 53.103, 53.733, 54.104, 54.921, 55.734, 56.547, 56.902, 58.764, 61.437, 61.775, 60.167, 56.665, 54.888, 54.817, 58.158, 59.58, 61.755, 61.949, 61.06, 58.936, 57.431, 56.948, 55.846, 55.064, 54.96, 54.084], [60.107, 60.343, 59.126, 60.185, 60.889, 60.608, 60.742, 60.773, 60.71, 60.731, 60.79, 60.829, 61.022, 61.254, 61.323, 61.234, 60.75, 60.612, 54.519, 41.771, 41.079, 22.611, 0.0, 15.044, 29.244, 43.532, 46.818, 46.789, 50.305, 51.288, 49.573, 48.724, 48.738, 48.388, 48.094, 48.088, 47.981, 48.592, 48.782, 50.987, 55.37, 56.561, 58.358, 59.864, 59.733, 58.339, 57.585, 57.616, 58.831, 60.819, 61.049, 61.033, 61.67, 61.872, 62.238, 62.193, 62.388, 62.298, 62.01, 61.894, 62.696, 62.83, 62.721, 63.1, 62.05, 61.773, 61.522, 60.504, 60.489, 60.583, 60.566, 60.79, 60.719, 60.261, 60.718, 61.279, 61.319, 61.149, 61.063, 60.617, 60.24, 59.959, 60.221, 60.105, 60.682, 62.496, 62.923, 62.995, 63.465, 64.687, 64.75, 63.799, 62.552, 61.835, 61.265, 62.457, 63.242, 64.503, 65.054, 64.505, 63.367, 62.041, 61.329, 60.651, 60.431, 60.466, 60.599], [59.553, 59.162, 58.223, 59.699, 60.372, 59.979, 60.082, 60.084, 60.006, 60.038, 60.102, 60.156, 60.356, 60.58, 60.687, 60.78, 60.505, 60.36, 55.733, 43.898, 42.421, 28.645, 15.044, 0.0, 25.472, 43.057, 46.197, 46.534, 50.369, 51.374, 49.565, 48.563, 48.454, 48.136, 47.844, 47.816, 47.61, 48.06, 48.224, 50.498, 54.954, 56.154, 57.789, 59.244, 59.735, 58.337, 56.878, 56.718, 57.834, 59.721, 60.034, 60.091, 60.759, 61.004, 61.394, 61.717, 62.005, 61.781, 61.796, 61.421, 62.08, 62.108, 61.948, 62.319, 60.993, 60.756, 60.447, 59.445, 59.534, 59.616, 59.628, 59.851, 59.733, 59.261, 59.702, 60.204, 60.186, 60.024, 59.951, 59.652, 59.251, 59.072, 59.486, 59.403, 60.283, 61.731, 61.838, 62.0, 62.243, 63.53, 63.604, 62.659, 61.703, 61.098, 60.753, 62.265, 63.276, 64.56, 65.136, 64.635, 63.289, 61.717, 60.828, 59.986, 59.693, 59.72, 60.279], [58.325, 58.084, 57.343, 58.529, 59.22, 59.04, 59.287, 59.361, 59.375, 59.451, 59.516, 59.56, 59.746, 59.962, 60.1, 60.25, 60.041, 59.855, 56.425, 47.621, 46.32, 36.274, 29.244, 25.472, 0.0, 26.523, 32.415, 32.544, 37.751, 39.493, 37.901, 37.02, 37.1, 37.043, 36.872, 36.982, 37.136, 38.04, 38.236, 41.535, 48.016, 49.638, 52.008, 54.954, 56.062, 54.984, 54.419, 54.856, 55.868, 58.177, 58.514, 58.518, 59.198, 59.423, 59.66, 59.846, 60.426, 60.302, 60.3, 59.836, 60.269, 60.263, 60.105, 60.485, 59.371, 59.241, 58.907, 58.152, 58.359, 58.431, 58.42, 58.426, 58.256, 57.913, 58.241, 58.613, 58.573, 58.471, 58.449, 58.155, 58.114, 58.246, 58.673, 58.724, 59.481, 60.776, 61.101, 61.3, 62.061, 63.725, 63.827, 62.838, 60.813, 60.02, 59.375, 61.141, 62.136, 63.688, 64.204, 63.667, 62.263, 60.652, 59.782, 58.933, 58.647, 58.679, 58.992], [61.39, 61.385, 60.633, 61.475, 61.931, 62.124, 62.568, 62.673, 62.751, 62.845, 62.917, 62.963, 63.105, 63.269, 63.337, 63.378, 63.135, 62.992, 60.553, 55.701, 54.761, 47.773, 43.532, 43.057, 26.523, 0.0, 10.782, 11.506, 17.728, 20.0, 20.017, 20.891, 21.65, 22.468, 23.616, 24.445, 26.025, 28.632, 29.064, 32.393, 39.917, 41.865, 44.976, 49.402, 50.524, 50.954, 54.102, 56.24, 57.499, 61.021, 61.553, 61.523, 62.32, 62.551, 62.816, 63.22, 63.484, 63.214, 63.066, 61.791, 62.24, 62.349, 62.056, 62.577, 62.082, 62.104, 61.802, 61.339, 61.54, 61.647, 61.687, 61.851, 61.777, 61.602, 61.976, 62.186, 62.044, 61.933, 61.915, 61.613, 61.654, 61.718, 61.965, 61.874, 62.483, 63.727, 63.918, 64.154, 64.847, 66.208, 66.212, 65.18, 63.185, 62.561, 62.147, 63.356, 64.061, 65.464, 66.027, 65.384, 64.07, 63.155, 62.668, 61.924, 61.722, 61.765, 62.068], [63.131, 63.155, 62.234, 63.11, 63.423, 63.524, 63.929, 64.035, 64.135, 64.237, 64.312, 64.358, 64.485, 64.63, 64.692, 64.76, 64.538, 64.418, 62.265, 58.318, 57.343, 50.876, 46.818, 46.197, 32.415, 10.782, 0.0, 9.759, 17.345, 18.566, 19.178, 20.656, 21.4, 22.471, 23.828, 24.775, 26.675, 29.499, 29.971, 32.796, 39.809, 41.816, 45.055, 49.531, 50.629, 51.179, 55.205, 57.876, 58.937, 62.474, 63.115, 63.045, 63.751, 63.985, 64.326, 64.946, 65.211, 64.909, 64.747, 63.089, 63.473, 63.627, 63.263, 63.765, 63.451, 63.501, 63.211, 62.753, 62.935, 63.059, 63.126, 63.375, 63.343, 63.192, 63.585, 63.81, 63.69, 63.587, 63.575, 63.311, 63.321, 63.331, 63.524, 63.381, 64.026, 65.186, 65.195, 65.481, 65.947, 67.14, 67.116, 66.189, 64.559, 64.104, 63.926, 65.116, 65.78, 66.9, 67.47, 66.812, 65.483, 64.757, 64.322, 63.611, 63.428, 63.47, 63.792], [62.591, 62.647, 61.72, 62.608, 63.175, 63.37, 63.789, 63.885, 63.985, 64.093, 64.171, 64.215, 64.339, 64.48, 64.534, 64.583, 64.359, 64.238, 62.123, 58.137, 57.259, 50.79, 46.789, 46.534, 32.544, 11.506, 9.759, 0.0, 10.313, 13.215, 13.726, 15.939, 16.926, 18.246, 20.173, 21.177, 23.657, 27.081, 27.573, 30.404, 37.651, 39.662, 42.838, 47.523, 48.524, 49.468, 53.955, 56.658, 58.161, 61.936, 62.541, 62.534, 63.218, 63.488, 63.86, 64.324, 64.482, 64.155, 63.82, 62.3, 62.776, 62.971, 62.666, 63.257, 62.973, 63.015, 62.725, 62.312, 62.566, 62.678, 62.752, 63.014, 62.976, 62.819, 63.259, 63.511, 63.383, 63.292, 63.277, 62.989, 62.963, 62.913, 63.149, 62.954, 63.573, 64.977, 65.045, 65.296, 65.951, 67.292, 67.252, 66.192, 64.325, 63.826, 63.561, 64.73, 65.298, 66.74, 67.338, 66.613, 65.218, 64.339, 63.872, 63.139, 62.953, 63.002, 63.207], [64.769, 64.963, 64.526, 65.382, 65.941, 66.368, 66.75, 66.777, 66.892, 66.973, 67.05, 67.118, 67.232, 67.343, 67.328, 67.271, 67.09, 66.998, 65.53, 61.743, 61.151, 54.796, 50.305, 50.369, 37.751, 17.728, 17.345, 10.313, 0.0, 5.55, 10.175, 14.13, 14.929, 16.818, 19.47, 20.587, 23.931, 28.006, 28.539, 30.94, 37.858, 39.629, 42.713, 47.61, 48.285, 49.911, 55.643, 58.673, 60.596, 64.867, 65.453, 65.488, 66.341, 66.639, 67.112, 67.541, 67.366, 67.006, 66.391, 64.63, 65.259, 65.606, 65.411, 66.06, 65.902, 65.949, 65.644, 65.233, 65.459, 65.582, 65.696, 66.105, 66.131, 66.01, 66.534, 66.741, 66.531, 66.359, 66.31, 65.942, 65.76, 65.535, 65.686, 65.367, 65.909, 67.428, 67.288, 67.485, 67.812, 68.822, 68.703, 67.675, 66.475, 66.533, 66.179, 66.587, 66.802, 68.141, 68.884, 68.224, 67.051, 66.387, 65.997, 65.372, 65.298, 65.37, 65.518], [64.911, 65.136, 64.744, 65.57, 65.999, 66.419, 66.798, 66.805, 66.929, 67.01, 67.092, 67.167, 67.279, 67.38, 67.361, 67.31, 67.125, 67.044, 65.731, 62.338, 61.712, 55.571, 51.288, 51.374, 39.493, 20.0, 18.566, 13.215, 5.55, 0.0, 8.245, 13.274, 13.81, 15.723, 18.851, 20.05, 23.404, 27.59, 28.169, 30.345, 37.076, 38.85, 41.926, 46.844, 47.518, 49.214, 55.292, 58.577, 60.463, 64.893, 65.596, 65.597, 66.426, 66.752, 67.21, 67.678, 67.527, 67.154, 66.583, 64.764, 65.383, 65.746, 65.525, 66.138, 66.006, 66.058, 65.755, 65.353, 65.562, 65.692, 65.814, 66.253, 66.284, 66.162, 66.693, 66.891, 66.672, 66.495, 66.453, 66.094, 65.911, 65.664, 65.785, 65.452, 65.989, 67.45, 67.229, 67.446, 67.681, 68.612, 68.49, 67.471, 66.464, 66.663, 66.338, 66.634, 66.781, 68.039, 68.786, 68.128, 66.973, 66.414, 66.083, 65.468, 65.399, 65.466, 65.638], [62.405, 62.393, 61.624, 62.667, 63.121, 63.404, 63.85, 63.906, 64.029, 64.136, 64.218, 64.272, 64.377, 64.493, 64.525, 64.552, 64.333, 64.245, 62.653, 59.623, 58.822, 53.149, 49.573, 49.565, 37.901, 20.017, 19.178, 13.726, 10.175, 8.245, 0.0, 6.269, 7.792, 9.253, 13.1, 14.679, 17.554, 21.762, 22.425, 24.663, 32.027, 34.022, 37.184, 42.501, 43.533, 45.06, 51.101, 54.681, 56.637, 61.323, 62.207, 62.224, 63.051, 63.421, 63.785, 64.373, 64.451, 64.09, 63.691, 62.007, 62.529, 62.754, 62.501, 63.102, 62.821, 62.88, 62.605, 62.301, 62.588, 62.707, 62.816, 63.171, 63.143, 62.987, 63.467, 63.681, 63.499, 63.403, 63.392, 63.114, 63.064, 62.905, 63.1, 62.85, 63.448, 64.827, 64.712, 64.989, 65.59, 66.887, 66.837, 65.704, 64.113, 63.772, 63.5, 64.409, 64.76, 66.255, 66.928, 66.212, 64.761, 63.946, 63.559, 62.802, 62.628, 62.678, 63.059], [61.477, 61.272, 60.39, 61.633, 62.107, 62.318, 62.786, 62.855, 62.968, 63.081, 63.16, 63.196, 63.287, 63.409, 63.465, 63.531, 63.311, 63.218, 61.505, 58.368, 57.503, 52.145, 48.724, 48.563, 37.02, 20.891, 20.656, 15.939, 14.13, 13.274, 6.269, 0.0, 3.396, 5.363, 9.089, 10.982, 13.797, 17.974, 18.645, 21.031, 29.139, 31.242, 34.546, 40.328, 41.641, 43.004, 48.974, 52.752, 54.769, 59.73, 60.717, 60.739, 61.675, 62.101, 62.432, 63.13, 63.288, 62.953, 62.556, 60.8, 61.271, 61.436, 61.195, 61.81, 61.447, 61.513, 61.266, 61.036, 61.388, 61.502, 61.615, 61.935, 61.884, 61.719, 62.182, 62.412, 62.251, 62.195, 62.202, 61.966, 61.985, 61.893, 62.128, 61.931, 62.588, 63.888, 63.787, 64.1, 64.878, 66.338, 66.317, 65.167, 63.252, 62.645, 62.346, 63.495, 63.918, 65.506, 66.15, 65.436, 63.9, 62.982, 62.556, 61.72, 61.496, 61.539, 62.129], [61.356, 61.112, 60.302, 61.543, 62.006, 62.208, 62.661, 62.714, 62.828, 62.941, 63.024, 63.063, 63.151, 63.267, 63.326, 63.403, 63.19, 63.097, 61.458, 58.323, 57.412, 52.186, 48.738, 48.454, 37.1, 21.65, 21.4, 16.926, 14.929, 13.81, 7.792, 3.396, 0.0, 4.27, 8.577, 10.204, 13.357, 17.729, 18.359, 20.642, 28.769, 30.864, 34.117, 39.954, 41.318, 42.579, 48.594, 52.43, 54.438, 59.496, 60.537, 60.531, 61.49, 61.98, 62.311, 62.996, 63.132, 62.773, 62.364, 60.486, 60.938, 61.138, 60.914, 61.573, 61.24, 61.302, 61.072, 60.848, 61.229, 61.341, 61.459, 61.786, 61.729, 61.562, 62.039, 62.273, 62.108, 62.055, 62.069, 61.848, 61.857, 61.76, 62.002, 61.802, 62.491, 63.765, 63.616, 63.942, 64.692, 66.172, 66.146, 65.017, 63.114, 62.551, 62.251, 63.374, 63.754, 65.366, 66.02, 65.301, 63.757, 62.871, 62.463, 61.604, 61.363, 61.404, 62.018], [60.344, 60.048, 59.104, 60.387, 60.868, 61.013, 61.487, 61.556, 61.664, 61.785, 61.87, 61.909, 62.003, 62.128, 62.207, 62.311, 62.063, 61.967, 60.201, 57.471, 56.471, 51.417, 48.388, 48.136, 37.043, 22.468, 22.471, 18.246, 16.818, 15.723, 9.253, 5.363, 4.27, 0.0, 5.668, 7.719, 10.538, 15.089, 15.786, 18.156, 26.696, 28.935, 32.224, 38.171, 39.641, 40.672, 46.588, 50.603, 52.622, 57.893, 59.058, 59.045, 59.999, 60.529, 60.831, 61.616, 61.89, 61.539, 61.276, 59.511, 59.857, 59.985, 59.712, 60.336, 59.952, 59.988, 59.764, 59.534, 59.933, 60.039, 60.147, 60.447, 60.384, 60.198, 60.655, 60.919, 60.789, 60.775, 60.805, 60.632, 60.716, 60.65, 60.917, 60.764, 61.484, 62.747, 62.669, 63.027, 63.947, 65.606, 65.608, 64.411, 62.24, 61.486, 61.225, 62.638, 63.114, 64.85, 65.499, 64.749, 63.031, 62.047, 61.626, 60.696, 60.398, 60.433, 60.964], [60.011, 59.578, 58.55, 60.016, 60.543, 60.667, 61.161, 61.232, 61.316, 61.437, 61.523, 61.557, 61.652, 61.787, 61.884, 62.001, 61.734, 61.632, 59.752, 57.032, 56.021, 51.047, 48.094, 47.844, 36.872, 23.616, 23.828, 20.173, 19.47, 18.851, 13.1, 9.089, 8.577, 5.668, 0.0, 3.668, 7.928, 12.474, 13.072, 15.951, 25.248, 27.579, 31.001, 37.171, 38.7, 39.397, 45.09, 49.325, 51.355, 56.904, 58.183, 58.171, 59.192, 59.758, 60.066, 61.053, 61.467, 61.149, 60.947, 59.202, 59.464, 59.526, 59.219, 59.778, 59.301, 59.323, 59.085, 58.841, 59.26, 59.364, 59.469, 59.751, 59.718, 59.534, 59.981, 60.313, 60.238, 60.26, 60.303, 60.167, 60.322, 60.317, 60.608, 60.5, 61.26, 62.569, 62.58, 62.961, 64.039, 65.803, 65.821, 64.605, 62.177, 61.204, 60.858, 62.464, 63.005, 64.799, 65.472, 64.742, 62.944, 61.873, 61.431, 60.455, 60.124, 60.162, 60.628], [59.635, 59.078, 57.981, 59.494, 60.051, 60.159, 60.672, 60.744, 60.828, 60.957, 61.045, 61.077, 61.172, 61.312, 61.422, 61.558, 61.277, 61.17, 59.29, 56.722, 55.659, 50.844, 48.088, 47.816, 36.982, 24.445, 24.775, 21.177, 20.587, 20.05, 14.679, 10.982, 10.204, 7.719, 3.668, 0.0, 6.495, 11.584, 12.082, 14.948, 24.387, 26.789, 30.173, 36.42, 37.996, 38.477, 44.129, 48.447, 50.467, 56.127, 57.453, 57.424, 58.469, 59.069, 59.334, 60.354, 60.829, 60.511, 60.35, 58.614, 58.868, 58.905, 58.593, 59.159, 58.69, 58.695, 58.469, 58.219, 58.686, 58.776, 58.879, 59.143, 59.102, 58.915, 59.365, 59.724, 59.671, 59.716, 59.772, 59.663, 59.85, 59.869, 60.18, 60.098, 60.878, 62.18, 62.23, 62.624, 63.806, 65.699, 65.743, 64.493, 61.892, 60.771, 60.442, 62.141, 62.671, 64.572, 65.223, 64.448, 62.562, 61.508, 61.102, 60.078, 59.709, 59.742, 60.275], [58.508, 57.868, 56.547, 58.091, 58.584, 58.517, 59.065, 59.168, 59.258, 59.409, 59.491, 59.499, 59.588, 59.741, 59.894, 60.1, 59.808, 59.693, 57.71, 55.641, 54.439, 50.125, 47.981, 47.61, 37.136, 26.025, 26.675, 23.657, 23.931, 23.404, 17.554, 13.797, 13.357, 10.538, 7.928, 6.495, 0.0, 6.026, 7.062, 10.186, 20.991, 23.699, 27.289, 34.188, 36.209, 36.217, 41.326, 45.832, 47.912, 53.908, 55.367, 55.361, 56.514, 57.167, 57.375, 58.613, 59.206, 58.935, 58.978, 57.413, 57.625, 57.525, 57.104, 57.654, 57.116, 57.101, 56.908, 56.675, 57.178, 57.253, 57.338, 57.554, 57.48, 57.263, 57.653, 58.012, 57.981, 58.092, 58.179, 58.147, 58.463, 58.538, 58.878, 58.879, 59.66, 60.754, 60.83, 61.251, 62.658, 64.781, 64.892, 63.544, 60.64, 59.298, 59.104, 61.241, 61.935, 63.984, 64.523, 63.707, 61.575, 60.359, 59.906, 58.769, 58.328, 58.347, 59.087], [57.996, 57.238, 55.775, 57.399, 57.859, 57.681, 58.256, 58.394, 58.476, 58.64, 58.719, 58.697, 58.764, 58.922, 59.114, 59.384, 59.082, 58.966, 56.911, 55.25, 53.961, 50.203, 48.592, 48.06, 38.04, 28.632, 29.499, 27.081, 28.006, 27.59, 21.762, 17.974, 17.729, 15.089, 12.474, 11.584, 6.026, 0.0, 2.109, 7.071, 18.742, 21.576, 25.399, 32.706, 35.099, 34.733, 39.178, 43.893, 46.021, 52.319, 53.922, 53.927, 55.192, 55.902, 56.087, 57.614, 58.331, 58.095, 58.321, 56.928, 57.064, 56.856, 56.363, 56.861, 56.21, 56.194, 56.022, 55.808, 56.322, 56.389, 56.456, 56.621, 56.523, 56.285, 56.611, 56.967, 56.964, 57.118, 57.227, 57.269, 57.7, 57.856, 58.236, 58.318, 59.129, 60.084, 60.192, 60.634, 62.214, 64.481, 64.635, 63.204, 60.061, 58.553, 58.406, 60.915, 61.752, 63.894, 64.391, 63.605, 61.263, 59.822, 59.296, 58.075, 57.589, 57.604, 58.496], [57.985, 57.208, 55.723, 57.368, 57.858, 57.679, 58.25, 58.392, 58.468, 58.63, 58.71, 58.687, 58.749, 58.904, 59.098, 59.371, 59.071, 58.959, 56.893, 55.205, 53.939, 50.296, 48.782, 48.224, 38.236, 29.064, 29.971, 27.573, 28.539, 28.169, 22.425, 18.645, 18.359, 15.786, 13.072, 12.082, 7.062, 2.109, 0.0, 6.842, 18.655, 21.388, 25.22, 32.485, 34.867, 34.546, 39.008, 43.781, 45.91, 52.214, 53.834, 53.825, 55.08, 55.804, 55.982, 57.513, 58.255, 58.013, 58.228, 56.843, 56.957, 56.757, 56.285, 56.771, 56.146, 56.136, 55.973, 55.774, 56.305, 56.37, 56.433, 56.584, 56.475, 56.241, 56.567, 56.915, 56.911, 57.065, 57.178, 57.226, 57.664, 57.842, 58.233, 58.32, 59.144, 60.099, 60.197, 60.638, 62.229, 64.517, 64.672, 63.237, 60.039, 58.519, 58.381, 60.892, 61.708, 63.859, 64.363, 63.574, 61.21, 59.79, 59.274, 58.038, 57.539, 57.551, 58.464], [58.385, 57.633, 56.006, 57.572, 58.053, 57.875, 58.41, 58.518, 58.62, 58.787, 58.859, 58.834, 58.889, 59.039, 59.231, 59.499, 59.185, 59.078, 57.259, 56.386, 55.135, 52.002, 50.987, 50.498, 41.535, 32.393, 32.796, 30.404, 30.94, 30.345, 24.663, 21.031, 20.642, 18.156, 15.951, 14.948, 10.186, 7.071, 6.842, 0.0, 13.506, 17.089, 20.899, 29.174, 31.961, 31.911, 37.756, 43.185, 45.416, 52.119, 53.879, 53.859, 55.117, 55.855, 55.993, 57.487, 58.159, 57.95, 58.047, 56.651, 56.815, 56.636, 56.182, 56.705, 56.216, 56.204, 56.083, 55.923, 56.468, 56.527, 56.596, 56.764, 56.66, 56.437, 56.765, 57.118, 57.115, 57.293, 57.413, 57.503, 57.97, 58.117, 58.507, 58.563, 59.357, 60.251, 60.273, 60.737, 62.403, 64.727, 64.883, 63.408, 60.123, 58.608, 58.632, 61.127, 61.892, 64.048, 64.489, 63.644, 61.252, 60.01, 59.572, 58.3, 57.772, 57.779, 58.899], [59.005, 58.223, 56.571, 57.97, 58.371, 58.212, 58.628, 58.669, 58.807, 58.982, 59.038, 59.009, 59.045, 59.164, 59.338, 59.595, 59.252, 59.146, 57.926, 58.607, 57.5, 55.466, 55.37, 54.954, 48.016, 39.917, 39.809, 37.651, 37.858, 37.076, 32.027, 29.139, 28.769, 26.696, 25.248, 24.387, 20.991, 18.742, 18.655, 13.506, 0.0, 6.86, 12.374, 21.728, 25.517, 26.4, 35.308, 42.043, 44.377, 51.781, 53.834, 53.758, 54.967, 55.689, 55.71, 57.286, 57.866, 57.737, 57.786, 56.621, 56.944, 56.773, 56.355, 56.877, 56.535, 56.503, 56.461, 56.339, 56.821, 56.86, 56.94, 57.146, 57.071, 56.888, 57.173, 57.491, 57.495, 57.675, 57.81, 57.95, 58.448, 58.58, 58.948, 58.998, 59.722, 60.401, 60.288, 60.807, 62.48, 64.82, 64.954, 63.393, 60.19, 58.712, 59.015, 61.494, 62.24, 64.386, 64.733, 63.846, 61.439, 60.43, 60.113, 58.808, 58.25, 58.249, 59.504], [59.785, 58.957, 57.467, 58.915, 59.27, 59.159, 59.508, 59.529, 59.678, 59.838, 59.891, 59.872, 59.908, 60.012, 60.16, 60.396, 60.116, 60.029, 59.022, 59.464, 58.596, 56.864, 56.561, 56.154, 49.638, 41.865, 41.816, 39.662, 39.629, 38.85, 34.022, 31.242, 30.864, 28.935, 27.579, 26.789, 23.699, 21.576, 21.388, 17.089, 6.86, 0.0, 9.911, 20.412, 24.106, 25.687, 35.781, 42.903, 45.36, 52.84, 54.879, 54.832, 56.072, 56.783, 56.864, 58.349, 58.83, 58.77, 58.587, 57.35, 57.815, 57.709, 57.429, 57.966, 57.695, 57.685, 57.625, 57.526, 57.986, 58.03, 58.122, 58.373, 58.347, 58.204, 58.465, 58.717, 58.694, 58.836, 58.962, 59.047, 59.465, 59.543, 59.853, 59.864, 60.527, 61.167, 60.932, 61.427, 62.929, 65.135, 65.237, 63.75, 60.893, 59.58, 59.909, 62.083, 62.758, 64.795, 65.106, 64.27, 61.96, 60.995, 60.687, 59.445, 58.932, 58.926, 60.319], [59.282, 58.34, 56.89, 58.136, 58.449, 58.354, 58.695, 58.673, 58.799, 58.948, 58.998, 58.977, 58.995, 59.091, 59.264, 59.538, 59.229, 59.152, 58.257, 59.475, 58.513, 57.683, 58.358, 57.789, 52.008, 44.976, 45.055, 42.838, 42.713, 41.926, 37.184, 34.546, 34.117, 32.224, 31.001, 30.173, 27.289, 25.399, 25.22, 20.899, 12.374, 9.911, 0.0, 14.025, 20.44, 22.054, 33.651, 41.483, 43.88, 51.466, 53.6, 53.527, 54.664, 55.421, 55.485, 57.132, 57.785, 57.705, 57.738, 56.736, 57.097, 56.928, 56.547, 56.927, 56.604, 56.569, 56.542, 56.548, 57.079, 57.112, 57.201, 57.406, 57.328, 57.19, 57.428, 57.661, 57.653, 57.87, 58.017, 58.148, 58.676, 58.791, 59.147, 59.163, 59.838, 60.386, 60.104, 60.641, 62.38, 64.843, 64.964, 63.366, 60.186, 58.632, 59.172, 61.51, 62.091, 64.16, 64.363, 63.487, 61.096, 60.359, 60.159, 58.85, 58.244, 58.219, 59.791], [58.698, 57.822, 56.521, 57.152, 57.504, 57.438, 57.632, 57.477, 57.538, 57.66, 57.704, 57.685, 57.69, 57.777, 57.958, 58.219, 57.841, 57.761, 57.155, 59.034, 57.943, 58.13, 59.864, 59.244, 54.954, 49.402, 49.531, 47.523, 47.61, 46.844, 42.501, 40.328, 39.954, 38.171, 37.171, 36.42, 34.188, 32.706, 32.485, 29.174, 21.728, 20.412, 14.025, 0.0, 11.283, 17.237, 32.146, 40.421, 42.511, 49.717, 51.944, 51.825, 52.691, 53.427, 53.377, 55.109, 55.908, 55.833, 56.1, 55.381, 55.863, 55.674, 55.371, 55.539, 55.185, 55.168, 55.183, 55.367, 55.93, 55.947, 56.045, 56.198, 56.038, 55.923, 56.152, 56.348, 56.349, 56.603, 56.773, 56.923, 57.503, 57.686, 58.013, 58.088, 58.809, 59.034, 58.702, 59.308, 61.065, 63.695, 63.865, 62.236, 58.807, 57.189, 57.97, 60.145, 60.709, 62.878, 62.956, 61.953, 59.679, 59.495, 59.441, 58.01, 57.271, 57.223, 59.069], [60.235, 59.759, 58.719, 59.204, 59.562, 59.553, 59.658, 59.408, 59.462, 59.551, 59.59, 59.587, 59.589, 59.656, 59.763, 59.887, 59.542, 59.476, 59.129, 60.026, 59.308, 58.766, 59.733, 59.735, 56.062, 50.524, 50.629, 48.524, 48.285, 47.518, 43.533, 41.641, 41.318, 39.641, 38.7, 37.996, 36.209, 35.099, 34.867, 31.961, 25.517, 24.106, 20.44, 11.283, 0.0, 14.935, 34.232, 42.383, 44.863, 52.021, 54.065, 54.028, 54.934, 55.567, 55.659, 57.02, 57.485, 57.602, 57.404, 56.716, 57.556, 57.549, 57.493, 57.728, 57.596, 57.575, 57.576, 57.681, 58.149, 58.181, 58.303, 58.561, 58.449, 58.322, 58.635, 58.863, 58.817, 58.962, 59.097, 59.079, 59.443, 59.46, 59.646, 59.618, 60.227, 60.7, 60.398, 60.872, 62.255, 64.479, 64.633, 63.151, 60.293, 59.125, 59.728, 61.079, 61.457, 63.411, 63.534, 62.551, 60.675, 60.796, 60.81, 59.542, 58.925, 58.899, 60.549], [57.673, 56.792, 55.497, 56.33, 56.624, 56.458, 56.691, 56.537, 56.586, 56.717, 56.77, 56.755, 56.77, 56.867, 57.065, 57.34, 56.893, 56.785, 55.881, 57.744, 56.615, 56.307, 58.339, 58.337, 54.984, 50.954, 51.179, 49.468, 49.911, 49.214, 45.06, 43.004, 42.579, 40.672, 39.397, 38.477, 36.217, 34.733, 34.546, 31.911, 26.4, 25.687, 22.054, 17.237, 14.935, 0.0, 25.083, 35.57, 37.924, 46.4, 49.026, 49.038, 50.218, 51.025, 51.208, 53.553, 54.386, 54.606, 55.119, 54.881, 55.302, 54.955, 54.534, 54.627, 54.114, 54.007, 54.046, 54.112, 54.66, 54.668, 54.745, 54.899, 54.787, 54.574, 54.829, 55.19, 55.231, 55.501, 55.705, 55.864, 56.466, 56.668, 57.043, 57.217, 57.935, 58.287, 58.281, 58.841, 60.702, 63.459, 63.633, 61.888, 58.43, 56.495, 57.361, 60.018, 60.797, 62.981, 62.995, 62.011, 59.782, 59.487, 59.485, 58.128, 57.342, 57.288, 57.999], [52.643, 51.092, 49.173, 50.677, 50.988, 50.316, 50.794, 50.775, 50.687, 50.897, 50.982, 50.893, 50.903, 51.082, 51.506, 52.138, 51.532, 51.337, 49.47, 53.398, 51.143, 52.801, 57.585, 56.878, 54.419, 54.102, 55.205, 53.955, 55.643, 55.292, 51.101, 48.974, 48.594, 46.588, 45.09, 44.129, 41.326, 39.178, 39.008, 37.756, 35.308, 35.781, 33.651, 32.146, 34.232, 25.083, 0.0, 15.535, 19.372, 30.775, 35.173, 35.563, 37.467, 39.094, 39.633, 44.789, 46.677, 46.953, 49.53, 50.338, 50.119, 49.0, 48.127, 47.964, 46.696, 46.595, 46.704, 46.975, 47.721, 47.669, 47.613, 47.335, 47.025, 46.742, 46.766, 47.223, 47.508, 48.043, 48.394, 49.019, 50.224, 51.017, 51.763, 52.474, 53.643, 53.396, 54.003, 54.868, 57.824, 61.592, 61.9, 59.599, 54.272, 50.806, 51.876, 56.852, 58.607, 61.702, 61.626, 60.596, 57.482, 56.136, 55.88, 54.114, 52.916, 52.785, 52.591], [51.102, 49.674, 47.779, 49.42, 49.769, 48.808, 49.335, 49.371, 49.252, 49.502, 49.604, 49.485, 49.473, 49.673, 50.161, 50.883, 50.215, 49.998, 47.839, 52.302, 49.718, 52.031, 57.616, 56.718, 54.856, 56.24, 57.876, 56.658, 58.673, 58.577, 54.681, 52.752, 52.43, 50.603, 49.325, 48.447, 45.832, 43.893, 43.781, 43.185, 42.043, 42.903, 41.483, 40.421, 42.383, 35.57, 15.535, 0.0, 11.468, 24.305, 28.771, 29.62, 32.102, 33.982, 34.894, 41.435, 43.77, 44.137, 47