[[0.0, 7.132, 13.44, 17.081, 19.291, 21.67, 23.917, 25.809, 27.582, 29.187, 30.231, 30.472, 30.442, 31.071, 32.405, 33.817, 34.993, 35.621, 36.016, 36.832, 38.05, 39.254, 39.818, 40.423, 41.684, 43.711, 44.749, 44.996, 45.124, 45.405, 45.642, 45.655, 45.66, 45.811, 45.96, 46.122, 46.343, 46.222, 45.905, 45.823, 45.973, 45.968, 45.604, 45.181, 45.156, 45.333, 45.323, 45.09, 45.054, 45.432, 45.864, 45.837, 45.79, 45.92, 45.805, 45.857, 45.825, 45.477, 45.283, 45.123, 45.085, 45.028, 44.971, 45.025, 44.968, 44.776, 44.68, 44.498, 44.282, 44.18, 44.176, 44.24, 44.391, 44.474, 44.498, 44.541, 44.64, 44.855, 45.476, 46.216, 46.336, 46.028, 45.892, 45.629, 45.222, 45.134, 45.283, 45.439, 45.469, 45.701, 46.088, 46.255, 46.138, 45.995, 45.926, 45.904, 45.944, 45.908, 45.76, 45.946, 46.555, 46.994, 47.143, 47.244, 46.945, 46.354, 46.098, 46.09, 46.083, 46.135, 46.325, 46.62, 46.788, 46.612, 46.569, 46.581, 46.488, 46.334, 46.158, 46.067, 46.291, 46.548, 46.477, 46.292, 46.278, 46.378, 46.224, 45.892, 45.741, 46.105, 46.575, 46.758, 46.506, 46.018, 45.836, 45.78, 45.687, 46.721, 49.478, 50.979, 50.961, 51.252, 52.163, 52.111, 51.137, 51.328, 52.524, 53.153, 52.968, 52.756, 52.817, 52.909, 52.664, 52.09, 51.654, 51.252, 50.785, 50.435, 50.292, 50.336, 50.42, 50.623, 50.938, 50.624, 48.881, 46.513, 45.492, 45.589, 45.151, 44.9, 45.581, 44.966, 44.141, 44.427, 44.902, 44.979, 45.128, 45.902, 46.576, 46.802, 46.889, 47.227, 48.23, 49.629, 50.778, 51.151, 50.685, 50.212, 50.01, 49.872, 49.916, 50.305, 50.718, 50.764, 50.643, 50.448, 50.046, 49.701, 49.652, 49.215, 48.148, 48.042, 48.801, 48.276, 46.868, 46.265, 46.695, 47.021, 46.93, 46.947, 47.112, 46.774, 46.004, 45.674, 46.152, 46.87, 47.259, 47.318, 47.221, 47.22, 47.558, 48.055, 48.29, 48.489, 48.768, 48.766, 48.546, 48.43, 48.167, 8.223], [7.132, 0.0, 7.962, 12.909, 15.662, 18.339, 20.972, 23.281, 25.468, 27.461, 28.672, 28.9, 28.894, 29.607, 31.028, 32.569, 33.891, 34.616, 35.02, 35.808, 37.021, 38.231, 38.774, 39.4, 40.665, 42.618, 43.654, 44.019, 44.306, 44.645, 44.842, 44.829, 44.84, 45.001, 45.168, 45.367, 45.605, 45.457, 45.129, 45.055, 45.198, 45.181, 44.804, 44.372, 44.356, 44.545, 44.546, 44.301, 44.227, 44.589, 45.051, 45.055, 45.034, 45.191, 45.085, 45.14, 45.052, 44.671, 44.488, 44.33, 44.294, 44.227, 44.155, 44.209, 44.135, 43.909, 43.797, 43.615, 43.387, 43.267, 43.257, 43.315, 43.476, 43.576, 43.599, 43.634, 43.737, 43.984, 44.656, 45.431, 45.522, 45.147, 44.982, 44.689, 44.236, 44.143, 44.301, 44.469, 44.504, 44.758, 45.176, 45.355, 45.239, 45.094, 45.02, 44.991, 45.037, 45.014, 44.878, 45.093, 45.737, 46.186, 46.351, 46.474, 46.159, 45.526, 45.245, 45.24, 45.247, 45.313, 45.506, 45.827, 46.041, 45.881, 45.847, 45.866, 45.752, 45.556, 45.362, 45.268, 45.51, 45.81, 45.768, 45.588, 45.565, 45.651, 45.46, 45.086, 44.933, 45.34, 45.857, 46.059, 45.789, 45.257, 45.067, 45.014, 44.913, 46.027, 48.932, 50.513, 50.505, 50.805, 51.744, 51.691, 50.691, 50.923, 52.191, 52.852, 52.663, 52.447, 52.521, 52.627, 52.362, 51.746, 51.273, 50.837, 50.342, 49.977, 49.828, 49.872, 49.972, 50.204, 50.542, 50.204, 48.368, 45.866, 44.769, 44.862, 44.409, 44.166, 44.913, 44.267, 43.313, 43.532, 44.019, 44.104, 44.267, 45.091, 45.838, 46.101, 46.164, 46.5, 47.584, 49.066, 50.319, 50.728, 50.246, 49.742, 49.517, 49.36, 49.408, 49.839, 50.29, 50.347, 50.236, 50.053, 49.632, 49.255, 49.186, 48.727, 47.614, 47.5, 48.3, 47.753, 46.221, 45.501, 45.917, 46.265, 46.171, 46.183, 46.361, 46.004, 45.168, 44.773, 45.263, 46.051, 46.491, 46.558, 46.456, 46.476, 46.87, 47.405, 47.65, 47.857, 48.142, 48.13, 47.898, 47.784, 47.524, 13.231], [13.44, 7.962, 0.0, 6.535, 11.092, 14.946, 18.176, 20.911, 23.485, 25.761, 27.075, 27.287, 27.311, 28.132, 29.674, 31.326, 32.757, 33.57, 33.985, 34.739, 36.036, 37.351, 37.841, 38.504, 39.978, 42.05, 43.104, 43.509, 43.881, 44.276, 44.468, 44.443, 44.446, 44.614, 44.818, 45.063, 45.323, 45.173, 44.83, 44.741, 44.864, 44.836, 44.479, 44.075, 44.067, 44.254, 44.259, 44.018, 43.932, 44.241, 44.664, 44.72, 44.778, 44.963, 44.866, 44.95, 44.848, 44.445, 44.296, 44.177, 44.153, 44.086, 44.009, 44.058, 43.979, 43.739, 43.621, 43.448, 43.222, 43.108, 43.103, 43.139, 43.278, 43.387, 43.42, 43.451, 43.556, 43.839, 44.537, 45.276, 45.282, 44.844, 44.665, 44.366, 43.908, 43.826, 44.003, 44.177, 44.206, 44.467, 44.892, 45.065, 44.945, 44.802, 44.726, 44.688, 44.733, 44.718, 44.604, 44.855, 45.514, 45.955, 46.124, 46.252, 45.916, 45.247, 44.947, 44.944, 44.957, 45.019, 45.202, 45.506, 45.697, 45.526, 45.511, 45.54, 45.423, 45.225, 45.027, 44.927, 45.182, 45.511, 45.485, 45.31, 45.285, 45.354, 45.142, 44.75, 44.597, 45.018, 45.548, 45.759, 45.485, 44.932, 44.734, 44.694, 44.59, 45.694, 48.62, 50.23, 50.237, 50.546, 51.512, 51.49, 50.498, 50.736, 52.013, 52.681, 52.502, 52.294, 52.376, 52.494, 52.229, 51.591, 51.094, 50.646, 50.149, 49.782, 49.635, 49.694, 49.806, 50.038, 50.372, 50.019, 48.163, 45.639, 44.506, 44.57, 44.108, 43.867, 44.619, 43.963, 42.987, 43.193, 43.7, 43.802, 43.969, 44.78, 45.545, 45.825, 45.89, 46.254, 47.384, 48.909, 50.179, 50.543, 50.039, 49.543, 49.327, 49.164, 49.205, 49.649, 50.116, 50.165, 50.048, 49.872, 49.455, 49.077, 48.999, 48.51, 47.367, 47.269, 48.081, 47.474, 45.865, 45.13, 45.57, 45.924, 45.821, 45.85, 46.078, 45.732, 44.861, 44.429, 44.901, 45.686, 46.143, 46.228, 46.12, 46.122, 46.509, 47.051, 47.302, 47.516, 47.808, 47.8, 47.582, 47.48, 47.213, 17.622], [17.081, 12.909, 6.535, 0.0, 6.146, 11.67, 15.84, 19.18, 22.278, 24.854, 26.265, 26.462, 26.47, 27.309, 28.831, 30.389, 31.71, 32.453, 32.824, 33.525, 34.806, 36.201, 36.688, 37.316, 38.895, 41.162, 42.305, 42.729, 43.127, 43.572, 43.799, 43.79, 43.785, 43.956, 44.203, 44.515, 44.818, 44.679, 44.333, 44.233, 44.342, 44.302, 43.932, 43.497, 43.451, 43.626, 43.634, 43.373, 43.231, 43.463, 43.854, 43.973, 44.1, 44.291, 44.196, 44.302, 44.168, 43.753, 43.695, 43.639, 43.62, 43.551, 43.475, 43.536, 43.471, 43.239, 43.134, 42.971, 42.736, 42.61, 42.598, 42.61, 42.735, 42.855, 42.913, 42.957, 43.069, 43.387, 44.14, 44.91, 44.878, 44.383, 44.198, 43.864, 43.322, 43.209, 43.393, 43.563, 43.587, 43.868, 44.332, 44.553, 44.454, 44.302, 44.215, 44.185, 44.246, 44.229, 44.122, 44.406, 45.063, 45.483, 45.654, 45.772, 45.383, 44.643, 44.299, 44.279, 44.29, 44.358, 44.559, 44.886, 45.081, 44.904, 44.905, 44.939, 44.812, 44.605, 44.404, 44.312, 44.594, 44.947, 44.914, 44.729, 44.711, 44.777, 44.547, 44.128, 43.975, 44.426, 44.993, 45.217, 44.923, 44.337, 44.128, 44.1, 44.017, 45.178, 48.202, 49.871, 49.885, 50.215, 51.227, 51.223, 50.206, 50.456, 51.778, 52.469, 52.294, 52.091, 52.183, 52.307, 52.036, 51.378, 50.851, 50.369, 49.837, 49.451, 49.307, 49.379, 49.489, 49.703, 50.024, 49.661, 47.757, 45.171, 44.021, 44.068, 43.587, 43.365, 44.157, 43.447, 42.36, 42.507, 43.016, 43.128, 43.322, 44.172, 44.971, 45.26, 45.324, 45.715, 46.897, 48.489, 49.792, 50.112, 49.599, 49.115, 48.899, 48.732, 48.795, 49.293, 49.804, 49.858, 49.731, 49.546, 49.113, 48.729, 48.652, 48.139, 46.96, 46.884, 47.725, 47.047, 45.299, 44.495, 44.945, 45.316, 45.208, 45.252, 45.528, 45.186, 44.264, 43.789, 44.259, 45.045, 45.48, 45.545, 45.43, 45.431, 45.819, 46.367, 46.625, 46.854, 47.16, 47.149, 46.931, 46.848, 46.584, 20.672], [19.291, 15.662, 11.092, 6.146, 0.0, 6.699, 12.421, 17.169, 21.22, 24.285, 25.874, 26.074, 26.02, 26.796, 28.223, 29.643, 30.824, 31.463, 31.798, 32.512, 33.775, 35.179, 35.685, 36.277, 37.843, 40.185, 41.396, 41.877, 42.302, 42.737, 42.955, 42.977, 43.01, 43.184, 43.422, 43.751, 44.083, 43.948, 43.596, 43.494, 43.606, 43.563, 43.165, 42.683, 42.597, 42.762, 42.766, 42.481, 42.306, 42.525, 42.93, 43.098, 43.251, 43.416, 43.301, 43.426, 43.257, 42.813, 42.802, 42.772, 42.752, 42.684, 42.611, 42.683, 42.618, 42.368, 42.254, 42.1, 41.861, 41.709, 41.678, 41.687, 41.846, 41.987, 42.05, 42.106, 42.225, 42.552, 43.351, 44.228, 44.262, 43.759, 43.571, 43.199, 42.537, 42.36, 42.542, 42.703, 42.709, 43.015, 43.541, 43.816, 43.739, 43.576, 43.475, 43.447, 43.517, 43.495, 43.376, 43.68, 44.361, 44.785, 44.964, 45.081, 44.643, 43.827, 43.424, 43.378, 43.392, 43.479, 43.716, 44.103, 44.346, 44.186, 44.201, 44.225, 44.059, 43.818, 43.608, 43.52, 43.823, 44.207, 44.19, 44.001, 43.987, 44.06, 43.808, 43.361, 43.241, 43.763, 44.392, 44.638, 44.318, 43.68, 43.452, 43.423, 43.365, 44.655, 47.862, 49.631, 49.652, 50.0, 51.053, 51.034, 49.948, 50.206, 51.597, 52.32, 52.138, 51.932, 52.034, 52.156, 51.872, 51.191, 50.616, 50.061, 49.463, 49.044, 48.889, 48.96, 49.065, 49.27, 49.598, 49.224, 47.23, 44.506, 43.307, 43.357, 42.855, 42.657, 43.529, 42.736, 41.464, 41.543, 42.075, 42.196, 42.448, 43.409, 44.262, 44.553, 44.6, 44.99, 46.216, 47.882, 49.259, 49.603, 49.1, 48.603, 48.367, 48.185, 48.27, 48.84, 49.417, 49.497, 49.382, 49.202, 48.751, 48.351, 48.269, 47.729, 46.504, 46.442, 47.328, 46.58, 44.641, 43.698, 44.127, 44.52, 44.411, 44.448, 44.741, 44.393, 43.425, 42.91, 43.423, 44.287, 44.73, 44.764, 44.642, 44.673, 45.095, 45.659, 45.927, 46.178, 46.5, 46.485, 46.262, 46.197, 45.947, 22.878], [21.67, 18.339, 14.946, 11.67, 6.699, 0.0, 7.231, 13.946, 19.344, 23.108, 25.006, 25.274, 25.164, 25.858, 27.199, 28.53, 29.643, 30.249, 30.602, 31.419, 32.802, 34.248, 34.785, 35.412, 37.009, 39.398, 40.672, 41.231, 41.707, 42.125, 42.32, 42.378, 42.485, 42.684, 42.892, 43.2, 43.543, 43.405, 43.033, 42.917, 43.037, 43.013, 42.631, 42.15, 42.052, 42.208, 42.201, 41.91, 41.755, 42.009, 42.439, 42.626, 42.781, 42.925, 42.799, 42.935, 42.741, 42.25, 42.221, 42.181, 42.159, 42.097, 42.032, 42.111, 42.038, 41.753, 41.613, 41.472, 41.243, 41.084, 41.056, 41.1, 41.315, 41.47, 41.517, 41.562, 41.684, 42.003, 42.809, 43.769, 43.897, 43.428, 43.25, 42.859, 42.111, 41.885, 42.073, 42.228, 42.214, 42.533, 43.094, 43.395, 43.333, 43.161, 43.043, 43.003, 43.071, 43.042, 42.902, 43.205, 43.916, 44.362, 44.547, 44.662, 44.199, 43.348, 42.917, 42.866, 42.892, 42.993, 43.256, 43.695, 43.986, 43.848, 43.876, 43.888, 43.686, 43.42, 43.202, 43.106, 43.412, 43.825, 43.838, 43.653, 43.639, 43.717, 43.449, 42.981, 42.881, 43.45, 44.119, 44.383, 44.043, 43.359, 43.099, 43.057, 43.017, 44.415, 47.761, 49.601, 49.629, 49.986, 51.062, 51.03, 49.886, 50.127, 51.55, 52.286, 52.094, 51.886, 51.987, 52.098, 51.798, 51.102, 50.49, 49.874, 49.226, 48.783, 48.614, 48.679, 48.785, 48.994, 49.34, 48.962, 46.909, 44.081, 42.832, 42.897, 42.386, 42.184, 43.106, 42.262, 40.883, 40.952, 41.515, 41.64, 41.94, 43.003, 43.894, 44.176, 44.212, 44.591, 45.82, 47.512, 48.936, 49.332, 48.855, 48.354, 48.1, 47.894, 47.969, 48.571, 49.197, 49.313, 49.22, 49.05, 48.589, 48.178, 48.089, 47.524, 46.267, 46.215, 47.13, 46.319, 44.227, 43.187, 43.611, 44.02, 43.913, 43.959, 44.267, 43.914, 42.931, 42.409, 42.958, 43.889, 44.362, 44.384, 44.258, 44.309, 44.749, 45.311, 45.578, 45.843, 46.18, 46.169, 45.937, 45.87, 45.63, 25.061], [23.917, 20.972, 18.176, 15.84, 12.421, 7.231, 0.0, 8.112, 15.05, 19.878, 22.333, 22.779, 22.709, 23.452, 24.841, 26.205, 27.377, 28.067, 28.511, 29.526, 31.23, 32.874, 33.496, 34.209, 35.945, 38.505, 39.9, 40.546, 41.099, 41.571, 41.799, 41.881, 42.032, 42.28, 42.517, 42.848, 43.216, 43.085, 42.695, 42.562, 42.691, 42.711, 42.398, 41.959, 41.86, 42.008, 42.0, 41.717, 41.586, 41.856, 42.277, 42.466, 42.649, 42.823, 42.718, 42.856, 42.653, 42.099, 42.019, 41.973, 41.963, 41.912, 41.857, 41.95, 41.878, 41.573, 41.411, 41.265, 41.049, 40.912, 40.917, 41.004, 41.249, 41.409, 41.447, 41.476, 41.588, 41.899, 42.706, 43.682, 43.817, 43.349, 43.189, 42.798, 42.013, 41.786, 41.991, 42.15, 42.128, 42.437, 43.0, 43.314, 43.254, 43.064, 42.929, 42.883, 42.955, 42.922, 42.769, 43.077, 43.821, 44.29, 44.475, 44.578, 44.098, 43.241, 42.823, 42.792, 42.829, 42.932, 43.21, 43.676, 43.977, 43.825, 43.845, 43.861, 43.658, 43.39, 43.164, 43.068, 43.39, 43.828, 43.851, 43.66, 43.648, 43.727, 43.45, 42.96, 42.82, 43.362, 44.035, 44.308, 43.957, 43.239, 42.942, 42.881, 42.852, 44.319, 47.745, 49.609, 49.635, 50.003, 51.112, 51.093, 49.948, 50.19, 51.617, 52.346, 52.145, 51.936, 52.022, 52.111, 51.8, 51.097, 50.481, 49.858, 49.204, 48.76, 48.587, 48.639, 48.73, 48.932, 49.28, 48.899, 46.837, 43.99, 42.736, 42.825, 42.328, 42.126, 43.062, 42.213, 40.833, 40.895, 41.443, 41.553, 41.862, 42.951, 43.853, 44.133, 44.165, 44.536, 45.747, 47.429, 48.841, 49.225, 48.745, 48.252, 48.006, 47.786, 47.829, 48.404, 49.025, 49.154, 49.065, 48.888, 48.417, 48.003, 47.916, 47.346, 46.091, 46.046, 46.965, 46.119, 43.976, 42.937, 43.392, 43.811, 43.712, 43.8, 44.148, 43.801, 42.831, 42.33, 42.895, 43.842, 44.315, 44.33, 44.2, 44.25, 44.682, 45.224, 45.467, 45.727, 46.075, 46.062, 45.798, 45.707, 45.464, 26.951], [25.809, 23.281, 20.911, 19.18, 17.169, 13.946, 8.112, 0.0, 8.074, 14.237, 17.595, 18.423, 18.557, 19.542, 21.208, 22.907, 24.451, 25.469, 26.178, 27.558, 29.835, 31.923, 32.731, 33.576, 35.489, 38.203, 39.701, 40.425, 41.046, 41.603, 41.92, 42.024, 42.155, 42.434, 42.758, 43.153, 43.539, 43.438, 43.053, 42.903, 43.043, 43.125, 42.911, 42.552, 42.476, 42.629, 42.633, 42.37, 42.281, 42.569, 42.938, 43.112, 43.351, 43.588, 43.518, 43.646, 43.485, 42.892, 42.722, 42.655, 42.664, 42.629, 42.585, 42.684, 42.618, 42.312, 42.132, 41.967, 41.771, 41.678, 41.717, 41.822, 42.053, 42.204, 42.237, 42.247, 42.33, 42.615, 43.395, 44.291, 44.355, 43.88, 43.739, 43.4, 42.713, 42.527, 42.737, 42.924, 42.912, 43.167, 43.68, 43.981, 43.878, 43.654, 43.517, 43.48, 43.546, 43.51, 43.364, 43.687, 44.46, 44.959, 45.142, 45.239, 44.792, 43.982, 43.601, 43.591, 43.625, 43.717, 43.986, 44.428, 44.684, 44.49, 44.481, 44.517, 44.357, 44.117, 43.896, 43.805, 44.137, 44.567, 44.579, 44.387, 44.368, 44.438, 44.176, 43.701, 43.502, 43.951, 44.576, 44.849, 44.523, 43.827, 43.509, 43.427, 43.399, 44.834, 48.173, 49.961, 49.967, 50.326, 51.433, 51.435, 50.365, 50.634, 52.026, 52.725, 52.523, 52.307, 52.354, 52.407, 52.097, 51.413, 50.84, 50.274, 49.663, 49.245, 49.078, 49.093, 49.128, 49.3, 49.631, 49.264, 47.287, 44.556, 43.357, 43.467, 43.014, 42.831, 43.74, 42.982, 41.787, 41.873, 42.355, 42.447, 42.72, 43.698, 44.522, 44.785, 44.823, 45.178, 46.327, 47.94, 49.24, 49.5, 48.969, 48.494, 48.281, 48.078, 48.079, 48.559, 49.114, 49.23, 49.126, 48.928, 48.461, 48.062, 47.988, 47.458, 46.273, 46.214, 47.068, 46.246, 44.267, 43.412, 43.926, 44.332, 44.234, 44.352, 44.716, 44.398, 43.492, 43.045, 43.596, 44.49, 44.913, 44.92, 44.8, 44.842, 45.25, 45.753, 45.948, 46.182, 46.53, 46.515, 46.229, 46.116, 45.876, 28.471], [27.582, 25.468, 23.485, 22.278, 21.22, 19.344, 15.05, 8.074, 0.0, 7.142, 11.651, 13.222, 13.704, 14.953, 17.096, 19.531, 21.853, 23.491, 24.658, 26.497, 29.446, 32.09, 33.135, 34.14, 36.173, 38.88, 40.368, 41.1, 41.721, 42.329, 42.752, 42.904, 42.991, 43.265, 43.675, 44.128, 44.507, 44.453, 44.096, 43.932, 44.08, 44.221, 44.102, 43.831, 43.798, 43.958, 43.975, 43.752, 43.744, 44.084, 44.388, 44.505, 44.77, 45.058, 45.011, 45.123, 45.046, 44.466, 44.216, 44.122, 44.132, 44.103, 44.074, 44.167, 44.105, 43.815, 43.629, 43.449, 43.272, 43.206, 43.242, 43.32, 43.505, 43.636, 43.652, 43.63, 43.686, 43.94, 44.634, 45.339, 45.296, 44.856, 44.735, 44.48, 44.002, 43.896, 44.101, 44.328, 44.337, 44.517, 44.942, 45.209, 45.056, 44.809, 44.683, 44.66, 44.716, 44.675, 44.541, 44.852, 45.627, 46.152, 46.332, 46.432, 46.067, 45.36, 45.039, 45.049, 45.075, 45.15, 45.393, 45.771, 45.95, 45.714, 45.678, 45.725, 45.612, 45.431, 45.245, 45.162, 45.471, 45.85, 45.836, 45.644, 45.608, 45.669, 45.451, 45.026, 44.773, 45.088, 45.618, 45.877, 45.613, 45.006, 44.697, 44.595, 44.556, 45.868, 48.965, 50.585, 50.557, 50.894, 51.976, 52.002, 51.052, 51.334, 52.632, 53.282, 53.084, 52.861, 52.862, 52.875, 52.573, 51.931, 51.433, 50.966, 50.429, 50.046, 49.892, 49.875, 49.854, 49.999, 50.32, 49.981, 48.139, 45.603, 44.485, 44.609, 44.201, 44.013, 44.836, 44.23, 43.36, 43.556, 43.976, 44.055, 44.278, 45.088, 45.768, 45.985, 46.044, 46.394, 47.453, 48.956, 50.092, 50.188, 49.588, 49.129, 48.952, 48.776, 48.726, 49.079, 49.543, 49.643, 49.532, 49.32, 48.878, 48.517, 48.466, 48.006, 46.907, 46.804, 47.564, 46.834, 45.169, 44.596, 45.152, 45.511, 45.407, 45.52, 45.836, 45.532, 44.72, 44.353, 44.872, 45.669, 46.023, 46.027, 45.922, 45.95, 46.324, 46.78, 46.928, 47.13, 47.462, 47.449, 47.164, 47.037, 46.811, 29.807], [29.187, 27.461, 25.761, 24.854, 24.285, 23.108, 19.878, 14.237, 7.142, 0.0, 5.445, 8.166, 9.34, 10.869, 13.607, 16.986, 20.187, 22.451, 24.03, 26.208, 29.65, 32.703, 33.921, 35.023, 37.078, 39.696, 41.112, 41.802, 42.376, 42.99, 43.486, 43.695, 43.764, 44.033, 44.495, 44.97, 45.336, 45.333, 45.019, 44.837, 44.973, 45.155, 45.101, 44.886, 44.88, 45.044, 45.074, 44.888, 44.939, 45.314, 45.568, 45.632, 45.895, 46.206, 46.175, 46.271, 46.245, 45.709, 45.439, 45.326, 45.322, 45.288, 45.274, 45.364, 45.31, 45.052, 44.885, 44.707, 44.538, 44.473, 44.478, 44.497, 44.62, 44.741, 44.751, 44.696, 44.745, 45.0, 45.601, 46.084, 45.931, 45.549, 45.445, 45.24, 44.954, 44.935, 45.141, 45.391, 45.417, 45.542, 45.904, 46.148, 45.981, 45.737, 45.626, 45.619, 45.67, 45.632, 45.513, 45.805, 46.556, 47.082, 47.251, 47.348, 47.051, 46.441, 46.174, 46.2, 46.221, 46.279, 46.494, 46.807, 46.918, 46.658, 46.608, 46.657, 46.567, 46.428, 46.28, 46.219, 46.51, 46.824, 46.758, 46.553, 46.506, 46.57, 46.399, 46.017, 45.727, 45.93, 46.359, 46.587, 46.365, 45.844, 45.565, 45.461, 45.423, 46.627, 49.507, 50.974, 50.916, 51.251, 52.338, 52.404, 51.554, 51.827, 53.026, 53.614, 53.418, 53.202, 53.174, 53.154, 52.861, 52.264, 51.838, 51.459, 50.986, 50.631, 50.498, 50.481, 50.436, 50.572, 50.891, 50.569, 48.815, 46.435, 45.389, 45.519, 45.13, 44.92, 45.649, 45.162, 44.563, 44.858, 45.22, 45.292, 45.479, 46.151, 46.706, 46.878, 46.966, 47.327, 48.317, 49.727, 50.726, 50.688, 50.038, 49.599, 49.449, 49.295, 49.213, 49.483, 49.883, 49.973, 49.868, 49.661, 49.248, 48.916, 48.886, 48.481, 47.432, 47.281, 47.985, 47.366, 45.976, 45.62, 46.187, 46.501, 46.401, 46.514, 46.781, 46.47, 45.722, 45.412, 45.892, 46.599, 46.917, 46.93, 46.83, 46.839, 47.181, 47.603, 47.718, 47.892, 48.209, 48.208, 47.939, 47.806, 47.588, 30.983], [30.231, 28.672, 27.075, 26.265, 25.874, 25.006, 22.333, 17.595, 11.651, 5.445, 0.0, 3.732, 6.128, 8.415, 11.791, 15.808, 19.487, 22.042, 23.775, 26.05, 29.692, 32.928, 34.23, 35.368, 37.407, 39.935, 41.265, 41.914, 42.465, 43.078, 43.593, 43.822, 43.897, 44.182, 44.668, 45.133, 45.481, 45.509, 45.232, 45.042, 45.155, 45.342, 45.3, 45.087, 45.083, 45.254, 45.296, 45.129, 45.185, 45.551, 45.787, 45.844, 46.119, 46.446, 46.422, 46.499, 46.468, 45.968, 45.713, 45.598, 45.586, 45.546, 45.535, 45.625, 45.581, 45.351, 45.206, 45.032, 44.862, 44.781, 44.754, 44.721, 44.804, 44.933, 44.957, 44.889, 44.94, 45.205, 45.749, 46.101, 45.873, 45.522, 45.435, 45.246, 45.073, 45.123, 45.323, 45.572, 45.599, 45.712, 46.07, 46.319, 46.163, 45.93, 45.828, 45.836, 45.887, 45.85, 45.743, 46.027, 46.754, 47.269, 47.43, 47.52, 47.245, 46.675, 46.423, 46.454, 46.47, 46.514, 46.712, 47.005, 47.098, 46.831, 46.775, 46.814, 46.716, 46.58, 46.451, 46.416, 46.703, 46.969, 46.852, 46.636, 46.593, 46.667, 46.52, 46.156, 45.856, 46.018, 46.399, 46.6, 46.376, 45.89, 45.635, 45.547, 45.529, 46.682, 49.477, 50.893, 50.831, 51.177, 52.283, 52.373, 51.558, 51.835, 53.004, 53.559, 53.359, 53.161, 53.138, 53.11, 52.821, 52.243, 51.841, 51.492, 51.043, 50.703, 50.591, 50.599, 50.569, 50.705, 51.015, 50.693, 48.96, 46.636, 45.626, 45.752, 45.363, 45.147, 45.829, 45.362, 44.854, 45.166, 45.488, 45.562, 45.737, 46.367, 46.896, 47.065, 47.172, 47.544, 48.521, 49.914, 50.87, 50.77, 50.092, 49.661, 49.527, 49.383, 49.295, 49.543, 49.922, 50.002, 49.904, 49.709, 49.306, 48.973, 48.951, 48.555, 47.489, 47.308, 48.002, 47.423, 46.134, 45.862, 46.424, 46.716, 46.622, 46.745, 47.007, 46.703, 45.973, 45.663, 46.113, 46.795, 47.131, 47.164, 47.065, 47.063, 47.391, 47.801, 47.898, 48.048, 48.367, 48.385, 48.13, 48.001, 47.783, 31.792], [30.472, 28.9, 27.287, 26.462, 26.074, 25.274, 22.779, 18.423, 13.222, 8.166, 3.732, 0.0, 3.428, 6.904, 10.944, 15.181, 18.952, 21.565, 23.317, 25.57, 29.217, 32.494, 33.849, 35.038, 37.112, 39.63, 40.895, 41.496, 42.058, 42.706, 43.231, 43.452, 43.525, 43.827, 44.334, 44.81, 45.159, 45.189, 44.941, 44.783, 44.899, 45.07, 44.998, 44.754, 44.732, 44.901, 44.948, 44.78, 44.796, 45.124, 45.373, 45.449, 45.729, 46.061, 46.044, 46.108, 46.039, 45.532, 45.297, 45.199, 45.194, 45.155, 45.146, 45.238, 45.198, 44.978, 44.844, 44.667, 44.48, 44.378, 44.335, 44.283, 44.356, 44.499, 44.535, 44.468, 44.524, 44.795, 45.342, 45.686, 45.434, 45.069, 44.989, 44.795, 44.634, 44.708, 44.904, 45.14, 45.157, 45.285, 45.678, 45.952, 45.81, 45.581, 45.475, 45.487, 45.542, 45.501, 45.4, 45.69, 46.411, 46.912, 47.066, 47.15, 46.858, 46.27, 46.006, 46.038, 46.056, 46.097, 46.3, 46.614, 46.726, 46.462, 46.403, 46.431, 46.315, 46.164, 46.04, 46.02, 46.315, 46.571, 46.436, 46.219, 46.184, 46.263, 46.113, 45.738, 45.441, 45.618, 46.009, 46.204, 45.964, 45.475, 45.227, 45.15, 45.144, 46.295, 49.114, 50.553, 50.496, 50.845, 51.965, 52.055, 51.222, 51.516, 52.712, 53.271, 53.07, 52.887, 52.878, 52.852, 52.559, 51.975, 51.568, 51.216, 50.765, 50.425, 50.321, 50.354, 50.356, 50.509, 50.819, 50.486, 48.727, 46.391, 45.387, 45.508, 45.114, 44.914, 45.599, 45.079, 44.511, 44.784, 45.09, 45.163, 45.338, 45.997, 46.57, 46.76, 46.865, 47.241, 48.244, 49.673, 50.663, 50.574, 49.888, 49.452, 49.321, 49.177, 49.096, 49.359, 49.739, 49.811, 49.716, 49.531, 49.123, 48.78, 48.757, 48.337, 47.229, 47.043, 47.753, 47.154, 45.821, 45.513, 46.058, 46.344, 46.241, 46.357, 46.628, 46.33, 45.585, 45.25, 45.701, 46.417, 46.788, 46.834, 46.734, 46.734, 47.071, 47.492, 47.59, 47.736, 48.062, 48.084, 47.826, 47.7, 47.477, 31.975], [30.442, 28.894, 27.311, 26.47, 26.02, 25.164, 22.709, 18.557, 13.704, 9.34, 6.128, 3.428, 0.0, 4.358, 9.249, 13.907, 17.844, 20.537, 22.35, 24.671, 28.393, 31.753, 33.193, 34.483, 36.673, 39.283, 40.561, 41.122, 41.67, 42.333, 42.873, 43.093, 43.16, 43.467, 43.994, 44.498, 44.861, 44.884, 44.645, 44.526, 44.67, 44.838, 44.754, 44.503, 44.475, 44.639, 44.686, 44.52, 44.523, 44.84, 45.101, 45.177, 45.444, 45.766, 45.76, 45.83, 45.728, 45.183, 44.954, 44.872, 44.868, 44.83, 44.824, 44.918, 44.879, 44.663, 44.538, 44.364, 44.161, 44.046, 44.011, 43.97, 44.046, 44.187, 44.221, 44.157, 44.214, 44.487, 45.052, 45.426, 45.19, 44.818, 44.734, 44.528, 44.332, 44.396, 44.588, 44.816, 44.833, 44.976, 45.382, 45.664, 45.531, 45.303, 45.193, 45.203, 45.261, 45.219, 45.115, 45.406, 46.115, 46.593, 46.73, 46.803, 46.494, 45.885, 45.612, 45.654, 45.689, 45.743, 45.965, 46.303, 46.429, 46.175, 46.123, 46.149, 46.03, 45.887, 45.781, 45.772, 46.073, 46.339, 46.214, 45.997, 45.96, 46.039, 45.879, 45.484, 45.178, 45.366, 45.77, 45.973, 45.732, 45.235, 44.984, 44.91, 44.906, 46.054, 48.876, 50.314, 50.25, 50.601, 51.743, 51.842, 50.988, 51.276, 52.483, 53.053, 52.857, 52.676, 52.669, 52.64, 52.342, 51.752, 51.34, 50.99, 50.542, 50.197, 50.086, 50.126, 50.148, 50.319, 50.636, 50.297, 48.52, 46.169, 45.158, 45.273, 44.882, 44.692, 45.381, 44.829, 44.22, 44.471, 44.782, 44.859, 45.043, 45.723, 46.307, 46.495, 46.593, 46.966, 47.975, 49.416, 50.423, 50.353, 49.679, 49.239, 49.099, 48.952, 48.885, 49.169, 49.56, 49.632, 49.538, 49.353, 48.943, 48.603, 48.587, 48.165, 47.053, 46.876, 47.594, 46.969, 45.586, 45.243, 45.78, 46.068, 45.953, 46.049, 46.3, 45.98, 45.216, 44.868, 45.321, 46.062, 46.455, 46.507, 46.405, 46.411, 46.758, 47.191, 47.298, 47.451, 47.776, 47.786, 47.514, 47.387, 47.167, 31.909], [31.071, 29.607, 28.132, 27.309, 26.796, 25.858, 23.452, 19.542, 14.953, 10.869, 8.415, 6.904, 4.358, 0.0, 5.634, 11.252, 15.825, 18.816, 20.85, 23.485, 27.58, 31.223, 32.828, 34.258, 36.555, 39.254, 40.631, 41.23, 41.73, 42.324, 42.852, 43.091, 43.165, 43.48, 44.04, 44.589, 44.992, 45.036, 44.785, 44.657, 44.827, 45.041, 45.009, 44.81, 44.814, 44.976, 45.024, 44.891, 44.948, 45.3, 45.548, 45.586, 45.839, 46.153, 46.153, 46.241, 46.161, 45.629, 45.393, 45.288, 45.258, 45.21, 45.206, 45.297, 45.26, 45.057, 44.949, 44.799, 44.616, 44.528, 44.525, 44.507, 44.575, 44.695, 44.714, 44.637, 44.687, 44.952, 45.482, 45.814, 45.602, 45.282, 45.203, 45.004, 44.821, 44.872, 45.049, 45.276, 45.308, 45.443, 45.786, 46.019, 45.883, 45.659, 45.559, 45.592, 45.663, 45.619, 45.513, 45.787, 46.465, 46.92, 47.034, 47.092, 46.801, 46.234, 45.988, 46.04, 46.091, 46.158, 46.385, 46.712, 46.834, 46.592, 46.538, 46.562, 46.457, 46.347, 46.28, 46.287, 46.581, 46.847, 46.753, 46.54, 46.483, 46.555, 46.399, 46.01, 45.692, 45.85, 46.23, 46.439, 46.224, 45.737, 45.479, 45.402, 45.409, 46.513, 49.222, 50.574, 50.493, 50.846, 52.0, 52.131, 51.298, 51.535, 52.672, 53.228, 53.043, 52.861, 52.838, 52.797, 52.5, 51.913, 51.496, 51.155, 50.727, 50.385, 50.259, 50.271, 50.276, 50.447, 50.766, 50.437, 48.707, 46.42, 45.418, 45.528, 45.156, 44.963, 45.62, 45.13, 44.662, 44.981, 45.304, 45.397, 45.586, 46.21, 46.709, 46.854, 46.945, 47.294, 48.246, 49.627, 50.572, 50.495, 49.868, 49.45, 49.297, 49.15, 49.094, 49.379, 49.766, 49.841, 49.744, 49.55, 49.146, 48.829, 48.843, 48.475, 47.43, 47.261, 47.94, 47.323, 46.007, 45.732, 46.278, 46.556, 46.439, 46.516, 46.708, 46.341, 45.576, 45.235, 45.659, 46.359, 46.737, 46.792, 46.698, 46.705, 47.039, 47.464, 47.578, 47.733, 48.05, 48.054, 47.776, 47.642, 47.437, 32.562], [32.405, 31.028, 29.674, 28.831, 28.223, 27.199, 24.841, 21.208, 17.096, 13.607, 11.791, 10.944, 9.249, 5.634, 0.0, 6.512, 12.074, 15.727, 18.245, 21.438, 26.174, 30.287, 32.155, 33.754, 36.097, 38.805, 40.278, 40.973, 41.441, 41.923, 42.414, 42.683, 42.786, 43.134, 43.766, 44.408, 44.9, 44.998, 44.727, 44.556, 44.743, 45.04, 45.115, 45.007, 45.059, 45.23, 45.283, 45.202, 45.338, 45.731, 45.953, 45.949, 46.215, 46.541, 46.542, 46.643, 46.627, 46.162, 45.946, 45.823, 45.773, 45.723, 45.727, 45.813, 45.773, 45.58, 45.486, 45.357, 45.207, 45.164, 45.197, 45.197, 45.249, 45.353, 45.363, 45.272, 45.314, 45.566, 46.042, 46.324, 46.14, 45.876, 45.809, 45.622, 45.451, 45.472, 45.627, 45.851, 45.892, 46.005, 46.275, 46.45, 46.308, 46.085, 45.993, 46.057, 46.153, 46.11, 45.999, 46.262, 46.922, 47.372, 47.484, 47.536, 47.26, 46.74, 46.533, 46.59, 46.641, 46.712, 46.928, 47.226, 47.34, 47.114, 47.053, 47.07, 46.982, 46.901, 46.864, 46.881, 47.164, 47.426, 47.372, 47.176, 47.101, 47.161, 47.01, 46.635, 46.313, 46.452, 46.807, 47.015, 46.812, 46.326, 46.06, 45.984, 46.004, 47.083, 49.714, 50.987, 50.896, 51.24, 52.385, 52.542, 51.739, 51.933, 52.997, 53.529, 53.352, 53.169, 53.123, 53.067, 52.771, 52.187, 51.752, 51.407, 50.99, 50.645, 50.496, 50.471, 50.447, 50.61, 50.931, 50.616, 48.937, 46.72, 45.73, 45.832, 45.485, 45.289, 45.906, 45.505, 45.214, 45.613, 45.933, 46.041, 46.242, 46.806, 47.213, 47.318, 47.397, 47.699, 48.578, 49.883, 50.757, 50.664, 50.084, 49.696, 49.534, 49.389, 49.346, 49.628, 50.005, 50.081, 49.981, 49.773, 49.37, 49.091, 49.159, 48.854, 47.868, 47.705, 48.346, 47.751, 46.542, 46.363, 46.919, 47.178, 47.055, 47.123, 47.273, 46.865, 46.095, 45.764, 46.15, 46.783, 47.119, 47.169, 47.086, 47.089, 47.398, 47.81, 47.932, 48.092, 48.419, 48.443, 48.176, 48.037, 47.833, 33.955], [33.817, 32.569, 31.326, 30.389, 29.643, 28.53, 26.205, 22.907, 19.531, 16.986, 15.808, 15.181, 13.907, 11.252, 6.512, 0.0, 6.324, 10.929, 14.26, 18.162, 23.644, 28.351, 30.562, 32.345, 34.727, 37.451, 38.99, 39.762, 40.215, 40.613, 41.075, 41.373, 41.524, 41.937, 42.671, 43.432, 44.034, 44.186, 43.9, 43.699, 43.904, 44.279, 44.463, 44.437, 44.534, 44.721, 44.785, 44.746, 44.926, 45.336, 45.538, 45.52, 45.827, 46.183, 46.185, 46.293, 46.325, 45.932, 45.789, 45.7, 45.66, 45.623, 45.64, 45.736, 45.704, 45.513, 45.418, 45.287, 45.138, 45.119, 45.174, 45.187, 45.241, 45.351, 45.368, 45.28, 45.316, 45.554, 46.026, 46.345, 46.193, 45.929, 45.874, 45.685, 45.451, 45.413, 45.554, 45.772, 45.8, 45.898, 46.144, 46.31, 46.184, 45.966, 45.87, 45.94, 46.061, 46.033, 45.923, 46.183, 46.844, 47.311, 47.452, 47.515, 47.209, 46.659, 46.459, 46.516, 46.565, 46.641, 46.857, 47.137, 47.237, 47.021, 46.968, 46.987, 46.901, 46.821, 46.785, 46.811, 47.101, 47.367, 47.341, 47.169, 47.091, 47.136, 46.965, 46.571, 46.244, 46.394, 46.75, 46.953, 46.74, 46.233, 45.964, 45.898, 45.921, 47.012, 49.684, 50.966, 50.884, 51.204, 52.326, 52.491, 51.69, 51.882, 52.947, 53.473, 53.289, 53.105, 53.061, 53.004, 52.708, 52.123, 51.671, 51.307, 50.878, 50.513, 50.341, 50.314, 50.307, 50.489, 50.821, 50.509, 48.833, 46.615, 45.608, 45.694, 45.353, 45.148, 45.759, 45.381, 45.102, 45.481, 45.778, 45.889, 46.114, 46.691, 47.093, 47.194, 47.256, 47.51, 48.349, 49.64, 50.512, 50.422, 49.849, 49.468, 49.305, 49.159, 49.127, 49.426, 49.812, 49.891, 49.79, 49.571, 49.162, 48.916, 49.026, 48.724, 47.727, 47.566, 48.217, 47.638, 46.475, 46.33, 46.892, 47.14, 47.005, 47.078, 47.24, 46.826, 46.047, 45.716, 46.088, 46.684, 46.984, 47.023, 46.944, 46.937, 47.219, 47.618, 47.743, 47.91, 48.263, 48.325, 48.09, 47.97, 47.758, 35.342], [34.993, 33.891, 32.757, 31.71, 30.824, 29.643, 27.377, 24.451, 21.853, 20.187, 19.487, 18.952, 17.844, 15.825, 12.074, 6.324, 0.0, 5.417, 9.878, 14.699, 20.87, 26.163, 28.74, 30.721, 33.212, 36.06, 37.685, 38.49, 38.919, 39.284, 39.74, 40.051, 40.241, 40.723, 41.544, 42.409, 43.106, 43.295, 42.999, 42.805, 43.048, 43.477, 43.729, 43.755, 43.885, 44.094, 44.166, 44.134, 44.317, 44.723, 44.914, 44.898, 45.24, 45.624, 45.631, 45.732, 45.772, 45.44, 45.392, 45.348, 45.32, 45.295, 45.321, 45.436, 45.427, 45.243, 45.155, 45.018, 44.848, 44.832, 44.9, 44.92, 44.982, 45.105, 45.138, 45.059, 45.086, 45.324, 45.849, 46.264, 46.134, 45.833, 45.787, 45.581, 45.239, 45.131, 45.268, 45.486, 45.501, 45.597, 45.849, 46.029, 45.929, 45.719, 45.62, 45.688, 45.83, 45.817, 45.707, 45.973, 46.638, 47.121, 47.295, 47.368, 47.006, 46.375, 46.141, 46.189, 46.236, 46.321, 46.555, 46.848, 46.941, 46.724, 46.689, 46.718, 46.621, 46.523, 46.479, 46.517, 46.829, 47.109, 47.103, 46.948, 46.87, 46.898, 46.693, 46.265, 45.932, 46.107, 46.482, 46.692, 46.472, 45.937, 45.658, 45.605, 45.627, 46.726, 49.455, 50.789, 50.731, 51.029, 52.134, 52.307, 51.489, 51.69, 52.786, 53.322, 53.13, 52.95, 52.923, 52.871, 52.568, 51.971, 51.496, 51.108, 50.664, 50.284, 50.105, 50.107, 50.151, 50.366, 50.707, 50.396, 48.708, 46.464, 45.433, 45.502, 45.155, 44.936, 45.549, 45.122, 44.746, 45.065, 45.352, 45.468, 45.702, 46.316, 46.753, 46.868, 46.916, 47.144, 47.983, 49.316, 50.233, 50.162, 49.584, 49.195, 49.032, 48.885, 48.864, 49.194, 49.606, 49.692, 49.592, 49.369, 48.948, 48.701, 48.806, 48.476, 47.454, 47.284, 47.943, 47.378, 46.218, 46.048, 46.597, 46.846, 46.701, 46.77, 46.957, 46.555, 45.763, 45.42, 45.8, 46.402, 46.68, 46.703, 46.629, 46.622, 46.882, 47.262, 47.38, 47.553, 47.929, 48.02, 47.816, 47.724, 47.508, 36.453], [35.621, 34.616, 33.57, 32.453, 31.463, 30.249, 28.067, 25.469, 23.491, 22.451, 22.042, 21.565, 20.537, 18.816, 15.727, 10.929, 5.417, 0.0, 5.45, 11.519, 18.449, 24.219, 27.089, 29.28, 31.956, 35.001, 36.747, 37.59, 37.996, 38.346, 38.8, 39.108, 39.318, 39.844, 40.728, 41.677, 42.453, 42.672, 42.374, 42.198, 42.487, 42.948, 43.223, 43.273, 43.436, 43.68, 43.761, 43.718, 43.892, 44.297, 44.484, 44.482, 44.844, 45.243, 45.254, 45.339, 45.363, 45.068, 45.075, 45.055, 45.026, 45.001, 45.028, 45.159, 45.169, 44.993, 44.918, 44.786, 44.597, 44.576, 44.648, 44.659, 44.72, 44.85, 44.898, 44.824, 44.842, 45.094, 45.699, 46.21, 46.089, 45.74, 45.686, 45.46, 45.028, 44.869, 45.01, 45.231, 45.251, 45.368, 45.64, 45.827, 45.73, 45.518, 45.417, 45.485, 45.632, 45.621, 45.509, 45.783, 46.454, 46.949, 47.151, 47.234, 46.831, 46.129, 45.846, 45.875, 45.921, 46.012, 46.267, 46.582, 46.68, 46.462, 46.441, 46.481, 46.37, 46.252, 46.205, 46.253, 46.581, 46.875, 46.877, 46.722, 46.642, 46.662, 46.433, 45.985, 45.656, 45.855, 46.253, 46.477, 46.258, 45.701, 45.41, 45.363, 45.38, 46.472, 49.225, 50.596, 50.555, 50.848, 51.951, 52.141, 51.301, 51.502, 52.625, 53.174, 52.982, 52.814, 52.813, 52.774, 52.465, 51.849, 51.337, 50.918, 50.459, 50.072, 49.894, 49.921, 50.009, 50.251, 50.604, 50.295, 48.6, 46.337, 45.296, 45.357, 44.994, 44.757, 45.376, 44.874, 44.379, 44.661, 44.975, 45.099, 45.34, 45.982, 46.446, 46.568, 46.608, 46.833, 47.695, 49.074, 50.032, 49.988, 49.415, 49.014, 48.84, 48.689, 48.683, 49.046, 49.486, 49.579, 49.484, 49.27, 48.846, 48.586, 48.67, 48.332, 47.308, 47.119, 47.759, 47.188, 46.009, 45.788, 46.312, 46.568, 46.418, 46.465, 46.652, 46.244, 45.425, 45.05, 45.43, 46.037, 46.294, 46.3, 46.232, 46.238, 46.499, 46.873, 46.991, 47.175, 47.567, 47.672, 47.482, 47.398, 47.175, 37.073], [36.016, 35.02, 33.985, 32.824, 31.798, 30.602, 28.511, 26.178, 24.658, 24.03, 23.775, 23.317, 22.35, 20.85, 18.245, 14.26, 9.878, 5.45, 0.0, 7.214, 15.464, 21.98, 25.088, 27.47, 30.433, 33.752, 35.646, 36.557, 36.996, 37.385, 37.852, 38.148, 38.371, 38.94, 39.874, 40.887, 41.722, 41.966, 41.685, 41.539, 41.861, 42.341, 42.623, 42.674, 42.86, 43.154, 43.279, 43.254, 43.41, 43.801, 44.0, 44.015, 44.377, 44.773, 44.786, 44.862, 44.856, 44.555, 44.599, 44.612, 44.587, 44.552, 44.573, 44.711, 44.732, 44.562, 44.496, 44.362, 44.148, 44.111, 44.171, 44.157, 44.22, 44.365, 44.432, 44.369, 44.376, 44.644, 45.328, 45.917, 45.788, 45.382, 45.304, 45.037, 44.53, 44.354, 44.51, 44.731, 44.762, 44.928, 45.252, 45.454, 45.351, 45.131, 45.023, 45.075, 45.205, 45.183, 45.07, 45.348, 46.022, 46.52, 46.739, 46.835, 46.41, 45.657, 45.327, 45.341, 45.393, 45.491, 45.761, 46.09, 46.19, 45.975, 45.969, 46.022, 45.901, 45.773, 45.727, 45.781, 46.115, 46.406, 46.395, 46.235, 46.163, 46.182, 45.94, 45.481, 45.167, 45.396, 45.824, 46.065, 45.837, 45.249, 44.947, 44.899, 44.907, 46.01, 48.802, 50.201, 50.165, 50.46, 51.57, 51.78, 50.931, 51.15, 52.316, 52.886, 52.695, 52.535, 52.558, 52.535, 52.223, 51.587, 51.035, 50.575, 50.091, 49.692, 49.518, 49.573, 49.701, 49.97, 50.335, 50.027, 48.31, 46.011, 44.958, 45.01, 44.611, 44.333, 44.952, 44.376, 43.74, 43.993, 44.342, 44.478, 44.737, 45.427, 45.931, 46.064, 46.109, 46.349, 47.25, 48.683, 49.69, 49.686, 49.129, 48.72, 48.533, 48.371, 48.38, 48.773, 49.229, 49.319, 49.232, 49.031, 48.606, 48.328, 48.394, 48.048, 47.014, 46.817, 47.459, 46.871, 45.622, 45.312, 45.805, 46.073, 45.91, 45.922, 46.105, 45.689, 44.844, 44.436, 44.798, 45.406, 45.659, 45.653, 45.583, 45.609, 45.903, 46.303, 46.436, 46.635, 47.037, 47.139, 46.945, 46.855, 46.613, 37.495], [36.832, 35.808, 34.739, 33.525, 32.512, 31.419, 29.526, 27.558, 26.497, 26.208, 26.05, 25.57, 24.671, 23.485, 21.438, 18.162, 14.699, 11.519, 7.214, 0.0, 9.85, 18.117, 21.993, 24.587, 27.87, 31.667, 33.809, 34.788, 35.347, 35.934, 36.517, 36.819, 37.04, 37.652, 38.643, 39.723, 40.619, 40.892, 40.646, 40.548, 40.894, 41.376, 41.662, 41.708, 41.898, 42.241, 42.447, 42.511, 42.656, 43.005, 43.23, 43.24, 43.553, 43.9, 43.898, 43.971, 43.903, 43.586, 43.723, 43.824, 43.825, 43.782, 43.784, 43.927, 43.96, 43.802, 43.747, 43.6, 43.345, 43.278, 43.308, 43.251, 43.315, 43.484, 43.589, 43.555, 43.546, 43.82, 44.585, 45.254, 45.107, 44.635, 44.533, 44.209, 43.622, 43.447, 43.633, 43.856, 43.891, 44.128, 44.548, 44.794, 44.702, 44.487, 44.367, 44.386, 44.481, 44.445, 44.338, 44.631, 45.302, 45.776, 45.992, 46.092, 45.635, 44.813, 44.414, 44.407, 44.465, 44.576, 44.864, 45.205, 45.298, 45.087, 45.115, 45.188, 45.062, 44.919, 44.867, 44.929, 45.274, 45.546, 45.5, 45.344, 45.295, 45.315, 45.059, 44.596, 44.334, 44.646, 45.145, 45.409, 45.154, 44.506, 44.182, 44.134, 44.138, 45.27, 48.15, 49.611, 49.578, 49.874, 50.987, 51.194, 50.321, 50.6, 51.865, 52.477, 52.282, 52.13, 52.177, 52.166, 51.849, 51.195, 50.601, 50.086, 49.56, 49.142, 48.978, 49.087, 49.29, 49.591, 49.96, 49.647, 47.875, 45.485, 44.389, 44.427, 43.987, 43.655, 44.276, 43.608, 42.775, 42.918, 43.25, 43.383, 43.671, 44.476, 45.081, 45.25, 45.317, 45.604, 46.573, 48.094, 49.186, 49.247, 48.708, 48.297, 48.109, 47.932, 47.945, 48.364, 48.831, 48.908, 48.824, 48.63, 48.189, 47.884, 47.92, 47.529, 46.457, 46.281, 46.975, 46.34, 44.929, 44.473, 44.936, 45.22, 45.029, 45.011, 45.248, 44.861, 43.999, 43.565, 43.914, 44.541, 44.825, 44.82, 44.73, 44.762, 45.105, 45.555, 45.708, 45.915, 46.322, 46.412, 46.204, 46.111, 45.837, 38.294], [38.05, 37.021, 36.036, 34.806, 33.775, 32.802, 31.23, 29.835, 29.446, 29.65, 29.692, 29.217, 28.393, 27.58, 26.174, 23.644, 20.87, 18.449, 15.464, 9.85, 0.0, 10.41, 16.379, 19.825, 23.328, 27.833, 30.493, 31.635, 32.352, 33.271, 34.133, 34.52, 34.739, 35.36, 36.431, 37.683, 38.737, 39.063, 38.864, 38.854, 39.266, 39.764, 40.047, 40.092, 40.295, 40.679, 40.975, 41.202, 41.427, 41.761, 42.016, 42.028, 42.253, 42.492, 42.453, 42.524, 42.358, 42.003, 42.281, 42.511, 42.561, 42.518, 42.503, 42.651, 42.676, 42.511, 42.468, 42.327, 42.031, 41.912, 41.895, 41.767, 41.802, 41.989, 42.139, 42.151, 42.148, 42.446, 43.314, 44.109, 43.975, 43.435, 43.322, 42.953, 42.235, 42.004, 42.225, 42.456, 42.478, 42.805, 43.38, 43.699, 43.624, 43.42, 43.283, 43.243, 43.282, 43.226, 43.126, 43.452, 44.142, 44.596, 44.811, 44.91, 44.385, 43.453, 42.957, 42.906, 42.956, 43.067, 43.367, 43.75, 43.877, 43.701, 43.783, 43.887, 43.761, 43.579, 43.48, 43.535, 43.917, 44.201, 44.114, 43.947, 43.926, 43.958, 43.681, 43.206, 43.052, 43.545, 44.167, 44.455, 44.144, 43.405, 43.06, 43.023, 42.996, 44.196, 47.305, 48.915, 48.89, 49.193, 50.314, 50.467, 49.497, 49.854, 51.284, 51.969, 51.769, 51.617, 51.688, 51.698, 51.379, 50.702, 50.046, 49.431, 48.824, 48.377, 48.222, 48.403, 48.704, 49.042, 49.416, 49.088, 47.197, 44.617, 43.437, 43.47, 43.015, 42.688, 43.367, 42.538, 41.352, 41.281, 41.588, 41.712, 42.059, 43.064, 43.857, 44.098, 44.196, 44.557, 45.644, 47.296, 48.52, 48.667, 48.115, 47.674, 47.481, 47.277, 47.294, 47.773, 48.293, 48.375, 48.293, 48.097, 47.628, 47.283, 47.272, 46.792, 45.646, 45.523, 46.326, 45.61, 43.909, 43.188, 43.591, 43.905, 43.693, 43.67, 43.993, 43.636, 42.729, 42.259, 42.63, 43.34, 43.708, 43.717, 43.595, 43.631, 44.033, 44.54, 44.71, 44.922, 45.336, 45.403, 45.157, 45.055, 44.752, 39.432], [39.254, 38.231, 37.351, 36.201, 35.179, 34.248, 32.874, 31.923, 32.09, 32.703, 32.928, 32.494, 31.753, 31.223, 30.287, 28.351, 26.163, 24.219, 21.98, 18.117, 10.41, 0.0, 8.505, 14.167, 18.492, 23.715, 26.977, 28.455, 29.312, 30.46, 31.577, 32.102, 32.367, 32.973, 34.085, 35.485, 36.667, 37.018, 36.893, 37.043, 37.593, 38.146, 38.444, 38.514, 38.742, 39.133, 39.475, 39.899, 40.323, 40.73, 41.029, 41.065, 41.219, 41.367, 41.292, 41.374, 41.174, 40.727, 41.016, 41.316, 41.408, 41.364, 41.341, 41.481, 41.469, 41.276, 41.232, 41.107, 40.806, 40.657, 40.592, 40.393, 40.401, 40.59, 40.74, 40.766, 40.781, 41.077, 41.996, 42.904, 42.827, 42.282, 42.174, 41.788, 40.975, 40.681, 40.918, 41.141, 41.15, 41.542, 42.248, 42.618, 42.53, 42.316, 42.155, 42.047, 42.026, 41.964, 41.865, 42.201, 42.906, 43.355, 43.572, 43.674, 43.123, 42.16, 41.634, 41.565, 41.613, 41.719, 41.994, 42.396, 42.586, 42.467, 42.591, 42.721, 42.613, 42.417, 42.269, 42.296, 42.712, 43.028, 42.898, 42.702, 42.709, 42.75, 42.456, 41.982, 41.912, 42.531, 43.209, 43.485, 43.128, 42.339, 42.005, 41.983, 41.92, 43.174, 46.483, 48.227, 48.222, 48.498, 49.573, 49.663, 48.634, 49.048, 50.585, 51.309, 51.105, 50.95, 51.032, 51.063, 50.752, 50.084, 49.417, 48.732, 48.054, 47.587, 47.441, 47.677, 48.049, 48.415, 48.801, 48.472, 46.5, 43.78, 42.521, 42.549, 42.112, 41.82, 42.542, 41.589, 40.088, 39.87, 40.219, 40.353, 40.758, 41.907, 42.847, 43.145, 43.262, 43.687, 44.863, 46.586, 47.88, 48.058, 47.48, 47.017, 46.818, 46.575, 46.577, 47.098, 47.66, 47.762, 47.685, 47.477, 46.972, 46.594, 46.547, 46.0, 44.79, 44.73, 45.658, 44.91, 42.983, 42.04, 42.389, 42.721, 42.509, 42.491, 42.844, 42.498, 41.578, 41.067, 41.403, 42.18, 42.648, 42.674, 42.514, 42.559, 43.028, 43.583, 43.761, 43.983, 44.422, 44.488, 44.221, 44.107, 43.774, 40.439], [39.818, 38.774, 37.841, 36.688, 35.685, 34.785, 33.496, 32.731, 33.135, 33.921, 34.23, 33.849, 33.193, 32.828, 32.155, 30.562, 28.74, 27.089, 25.088, 21.993, 16.379, 8.505, 0.0, 7.878, 14.804, 21.123, 24.555, 26.