[[0.0, 5.068, 12.623, 16.961, 17.698, 19.257, 22.258, 24.31, 25.559, 27.046, 28.887, 31.857, 35.129, 37.079, 38.642, 39.653, 39.961, 41.153, 42.09, 42.268, 42.585, 43.983, 45.151, 45.151, 44.746, 44.468, 44.597, 44.695, 44.849, 45.114, 45.016, 44.827, 44.625, 44.36, 44.601, 45.05, 44.996, 44.929, 45.039, 44.79, 44.601, 44.624, 44.047, 43.33, 43.126, 43.298, 43.435, 43.2, 42.752, 42.33, 42.361, 42.428, 42.43, 42.641, 42.798, 42.45, 42.31, 42.538, 42.422, 42.076, 41.862, 41.937, 41.93, 41.9, 41.947, 41.996, 42.103, 42.034, 41.997, 42.557, 43.233, 43.645, 43.931, 43.8, 42.78, 41.743, 41.476, 42.486, 43.288, 43.115, 42.581, 42.437, 42.443, 42.511, 42.974, 43.465, 43.396, 43.118, 43.059, 42.659, 41.97, 41.569, 41.059, 40.665, 40.22, 40.234, 41.324, 42.47, 43.208, 43.565, 43.181, 41.684, 39.981, 39.671, 40.286, 40.873, 41.049, 41.116, 41.101, 40.779, 40.408, 40.321, 40.951, 42.053, 42.214, 41.34, 41.06, 41.24, 41.321, 41.361, 41.663, 42.844, 43.895, 44.192, 44.54, 45.34, 45.727, 45.19, 44.72, 44.863, 45.534, 45.749, 45.56, 45.364, 45.099, 44.86, 44.747, 44.493, 44.238, 43.773, 43.676, 44.144, 44.341, 44.653, 45.354, 45.461, 44.612, 43.701, 44.073, 44.597, 44.602, 44.546, 45.16, 46.861, 48.431, 48.387, 47.79, 47.67, 47.201, 47.252, 48.445, 49.121, 49.054, 48.671, 48.136, 47.281, 46.02, 45.154, 45.014, 44.791, 44.463, 44.275, 44.191, 43.962, 43.635, 43.621, 43.571, 43.4, 44.004, 45.644, 47.466, 48.356, 48.858, 48.705, 47.032, 44.238, 42.402, 41.992, 42.296, 42.555, 42.531, 42.269, 41.861, 41.576, 41.653, 41.824, 42.082, 42.757, 43.302, 43.056, 42.464, 42.537, 42.838, 43.217, 3.798], [5.068, 0.0, 8.367, 13.387, 14.292, 15.928, 19.354, 21.854, 23.483, 25.208, 27.161, 30.321, 33.712, 35.66, 37.347, 38.455, 38.756, 40.085, 41.191, 41.416, 41.786, 43.295, 44.524, 44.54, 44.143, 43.882, 44.029, 44.147, 44.32, 44.591, 44.487, 44.294, 44.085, 43.795, 44.02, 44.485, 44.439, 44.365, 44.459, 44.196, 44.003, 43.998, 43.396, 42.689, 42.518, 42.702, 42.839, 42.619, 42.219, 41.858, 41.902, 41.955, 41.954, 42.182, 42.376, 42.079, 42.001, 42.277, 42.18, 41.832, 41.606, 41.655, 41.622, 41.604, 41.687, 41.754, 41.873, 41.812, 41.8, 42.437, 43.185, 43.605, 43.858, 43.663, 42.519, 41.429, 41.339, 42.564, 43.473, 43.312, 42.718, 42.482, 42.398, 42.45, 42.954, 43.46, 43.406, 43.194, 43.154, 42.706, 42.007, 41.632, 41.152, 40.819, 40.454, 40.506, 41.612, 42.842, 43.645, 44.006, 43.661, 42.193, 40.35, 39.745, 40.171, 40.71, 40.87, 40.931, 40.912, 40.591, 40.249, 40.185, 40.738, 41.728, 41.887, 41.105, 40.913, 41.119, 41.189, 41.181, 41.389, 42.47, 43.465, 43.737, 44.081, 44.912, 45.318, 44.771, 44.294, 44.433, 45.105, 45.327, 45.138, 44.951, 44.714, 44.497, 44.369, 44.092, 43.842, 43.385, 43.263, 43.674, 43.821, 44.096, 44.778, 44.894, 44.105, 43.347, 43.864, 44.441, 44.451, 44.422, 45.09, 46.821, 48.375, 48.305, 47.675, 47.533, 47.037, 47.02, 48.147, 48.784, 48.712, 48.339, 47.811, 46.964, 45.721, 44.864, 44.699, 44.438, 44.112, 43.939, 43.838, 43.566, 43.194, 43.167, 43.136, 42.961, 43.502, 45.082, 46.933, 47.897, 48.476, 48.348, 46.642, 43.808, 41.917, 41.437, 41.731, 42.018, 42.044, 41.777, 41.32, 41.002, 41.088, 41.267, 41.48, 42.064, 42.548, 42.308, 41.768, 41.893, 42.212, 42.584, 7.103], [12.623, 8.367, 0.0, 5.971, 7.72, 9.868, 14.084, 17.431, 19.749, 21.838, 24.067, 27.675, 31.36, 33.383, 35.304, 36.562, 36.906, 38.497, 39.856, 40.146, 40.666, 42.413, 43.739, 43.775, 43.392, 43.152, 43.31, 43.464, 43.713, 44.042, 43.937, 43.741, 43.544, 43.224, 43.414, 43.893, 43.846, 43.73, 43.783, 43.51, 43.332, 43.296, 42.639, 41.915, 41.762, 41.965, 42.12, 41.92, 41.604, 41.379, 41.451, 41.466, 41.471, 41.77, 42.035, 41.771, 41.74, 42.067, 41.995, 41.639, 41.399, 41.426, 41.34, 41.323, 41.468, 41.561, 41.67, 41.604, 41.645, 42.423, 43.261, 43.667, 43.889, 43.632, 42.34, 41.184, 41.38, 42.942, 44.016, 43.891, 43.23, 42.895, 42.736, 42.798, 43.331, 43.84, 43.812, 43.708, 43.701, 43.139, 42.364, 41.992, 41.526, 41.233, 40.938, 41.037, 42.179, 43.53, 44.401, 44.765, 44.486, 43.066, 41.094, 40.167, 40.345, 40.775, 40.885, 40.932, 40.925, 40.623, 40.298, 40.246, 40.722, 41.559, 41.672, 41.024, 40.972, 41.221, 41.291, 41.252, 41.369, 42.31, 43.208, 43.438, 43.774, 44.635, 45.051, 44.472, 43.963, 44.092, 44.782, 45.024, 44.844, 44.682, 44.474, 44.251, 44.087, 43.8, 43.571, 43.121, 42.962, 43.316, 43.409, 43.634, 44.306, 44.456, 43.761, 43.191, 43.896, 44.555, 44.553, 44.543, 45.277, 47.028, 48.541, 48.44, 47.792, 47.634, 47.135, 47.074, 48.125, 48.708, 48.627, 48.268, 47.739, 46.893, 45.681, 44.851, 44.661, 44.346, 44.004, 43.833, 43.714, 43.393, 42.942, 42.862, 42.838, 42.648, 43.1, 44.59, 46.479, 47.532, 48.181, 48.075, 46.318, 43.404, 41.426, 40.849, 41.101, 41.411, 41.516, 41.259, 40.748, 40.387, 40.472, 40.663, 40.863, 41.398, 41.848, 41.625, 41.149, 41.327, 41.662, 42.036, 13.561], [16.961, 13.387, 5.971, 0.0, 3.267, 7.074, 11.887, 15.565, 18.159, 20.401, 22.765, 26.54, 30.34, 32.4, 34.404, 35.738, 36.154, 37.851, 39.295, 39.629, 40.247, 42.107, 43.486, 43.559, 43.206, 42.989, 43.148, 43.315, 43.626, 44.019, 43.924, 43.728, 43.544, 43.216, 43.389, 43.869, 43.813, 43.66, 43.687, 43.422, 43.252, 43.206, 42.539, 41.797, 41.625, 41.829, 42.005, 41.82, 41.546, 41.387, 41.468, 41.452, 41.46, 41.807, 42.114, 41.858, 41.84, 42.189, 42.128, 41.774, 41.543, 41.561, 41.448, 41.429, 41.591, 41.68, 41.773, 41.696, 41.747, 42.567, 43.421, 43.809, 44.04, 43.777, 42.43, 41.24, 41.556, 43.264, 44.388, 44.267, 43.59, 43.231, 43.052, 43.098, 43.605, 44.101, 44.087, 44.025, 44.035, 43.43, 42.621, 42.249, 41.779, 41.476, 41.182, 41.3, 42.481, 43.874, 44.739, 45.102, 44.872, 43.47, 41.471, 40.509, 40.654, 41.047, 41.142, 41.189, 41.197, 40.922, 40.603, 40.534, 40.988, 41.791, 41.875, 41.284, 41.298, 41.552, 41.611, 41.561, 41.647, 42.52, 43.366, 43.582, 43.917, 44.78, 45.192, 44.602, 44.072, 44.191, 44.884, 45.135, 44.96, 44.807, 44.607, 44.377, 44.195, 43.896, 43.672, 43.215, 43.029, 43.375, 43.464, 43.671, 44.356, 44.552, 43.906, 43.382, 44.132, 44.798, 44.77, 44.765, 45.519, 47.241, 48.71, 48.618, 48.005, 47.859, 47.369, 47.311, 48.348, 48.922, 48.841, 48.484, 47.95, 47.103, 45.906, 45.092, 44.899, 44.565, 44.207, 44.029, 43.914, 43.591, 43.112, 42.995, 42.952, 42.745, 43.148, 44.576, 46.472, 47.554, 48.211, 48.099, 46.328, 43.396, 41.416, 40.824, 41.062, 41.363, 41.494, 41.25, 40.736, 40.367, 40.453, 40.648, 40.855, 41.395, 41.835, 41.617, 41.181, 41.383, 41.72, 42.098, 17.606], [17.698, 14.292, 7.72, 3.267, 0.0, 5.284, 11.246, 15.409, 18.048, 20.269, 22.688, 26.541, 30.371, 32.415, 34.365, 35.705, 36.18, 37.873, 39.289, 39.644, 40.272, 42.105, 43.465, 43.53, 43.181, 42.977, 43.152, 43.327, 43.642, 44.044, 43.959, 43.761, 43.566, 43.219, 43.375, 43.848, 43.789, 43.632, 43.661, 43.398, 43.221, 43.172, 42.526, 41.821, 41.668, 41.879, 42.063, 41.883, 41.609, 41.45, 41.534, 41.517, 41.532, 41.888, 42.194, 41.933, 41.91, 42.257, 42.192, 41.839, 41.62, 41.651, 41.54, 41.52, 41.673, 41.752, 41.844, 41.767, 41.803, 42.597, 43.435, 43.814, 44.053, 43.801, 42.451, 41.241, 41.548, 43.253, 44.368, 44.242, 43.576, 43.234, 43.066, 43.114, 43.612, 44.104, 44.082, 44.009, 44.02, 43.432, 42.643, 42.268, 41.769, 41.438, 41.137, 41.248, 42.444, 43.855, 44.733, 45.12, 44.908, 43.477, 41.424, 40.467, 40.662, 41.077, 41.176, 41.226, 41.229, 40.947, 40.621, 40.539, 40.996, 41.828, 41.923, 41.319, 41.316, 41.561, 41.618, 41.567, 41.64, 42.494, 43.338, 43.566, 43.905, 44.753, 45.16, 44.583, 44.058, 44.173, 44.871, 45.126, 44.953, 44.803, 44.616, 44.404, 44.214, 43.881, 43.643, 43.188, 43.001, 43.352, 43.452, 43.662, 44.352, 44.56, 43.927, 43.413, 44.169, 44.819, 44.775, 44.784, 45.556, 47.269, 48.731, 48.641, 48.039, 47.901, 47.397, 47.317, 48.341, 48.908, 48.827, 48.469, 47.926, 47.067, 45.864, 45.059, 44.873, 44.538, 44.181, 44.002, 43.886, 43.56, 43.076, 42.963, 42.922, 42.709, 43.118, 44.563, 46.472, 47.566, 48.23, 48.117, 46.355, 43.443, 41.479, 40.905, 41.155, 41.443, 41.562, 41.316, 40.808, 40.45, 40.543, 40.732, 40.917, 41.439, 41.875, 41.66, 41.22, 41.398, 41.719, 42.09, 18.357], [19.257, 15.928, 9.868, 7.074, 5.284, 0.0, 7.216, 12.798, 16.085, 18.295, 20.682, 24.814, 28.833, 30.853, 32.863, 34.302, 34.887, 36.799, 38.365, 38.738, 39.425, 41.383, 42.779, 42.781, 42.38, 42.181, 42.402, 42.626, 42.969, 43.372, 43.264, 43.046, 42.823, 42.412, 42.528, 43.021, 42.953, 42.791, 42.82, 42.533, 42.357, 42.319, 41.661, 40.977, 40.879, 41.128, 41.326, 41.142, 40.879, 40.797, 40.92, 40.888, 40.91, 41.31, 41.639, 41.36, 41.326, 41.685, 41.602, 41.206, 40.981, 41.017, 40.87, 40.835, 41.004, 41.1, 41.201, 41.116, 41.174, 42.071, 42.993, 43.368, 43.579, 43.285, 41.829, 40.569, 41.077, 43.033, 44.303, 44.23, 43.549, 43.189, 43.024, 43.098, 43.66, 44.176, 44.133, 44.076, 44.108, 43.488, 42.639, 42.204, 41.626, 41.263, 41.018, 41.211, 42.531, 44.083, 45.068, 45.498, 45.246, 43.673, 41.333, 40.055, 40.084, 40.421, 40.48, 40.529, 40.52, 40.205, 39.861, 39.759, 40.169, 40.965, 41.053, 40.477, 40.595, 40.942, 41.061, 41.043, 41.096, 41.907, 42.749, 42.992, 43.318, 44.146, 44.537, 43.933, 43.385, 43.507, 44.233, 44.498, 44.326, 44.184, 44.013, 43.805, 43.596, 43.245, 43.013, 42.568, 42.384, 42.724, 42.822, 43.046, 43.747, 43.921, 43.242, 42.794, 43.702, 44.427, 44.4, 44.448, 45.35, 47.217, 48.733, 48.587, 47.935, 47.794, 47.237, 47.066, 48.047, 48.58, 48.484, 48.143, 47.625, 46.771, 45.567, 44.768, 44.533, 44.136, 43.771, 43.6, 43.471, 43.11, 42.593, 42.494, 42.482, 42.237, 42.615, 44.132, 46.168, 47.347, 48.067, 47.974, 46.155, 43.082, 40.87, 40.146, 40.356, 40.639, 40.784, 40.555, 40.023, 39.644, 39.758, 39.972, 40.151, 40.72, 41.239, 41.086, 40.67, 40.845, 41.176, 41.571, 19.868], [22.258, 19.354, 14.084, 11.887, 11.246, 7.216, 0.0, 6.984, 11.663, 14.439, 16.771, 21.148, 25.479, 27.528, 29.783, 31.475, 32.154, 34.465, 36.42, 36.873, 37.694, 40.01, 41.598, 41.556, 41.079, 40.857, 41.11, 41.386, 41.799, 42.238, 42.093, 41.85, 41.646, 41.24, 41.38, 41.92, 41.828, 41.65, 41.675, 41.353, 41.186, 41.15, 40.415, 39.665, 39.571, 39.859, 40.078, 39.873, 39.641, 39.696, 39.864, 39.792, 39.834, 40.331, 40.721, 40.412, 40.363, 40.746, 40.64, 40.181, 39.94, 39.958, 39.726, 39.657, 39.858, 39.97, 40.071, 39.979, 40.11, 41.208, 42.279, 42.652, 42.819, 42.471, 40.862, 39.555, 40.414, 42.785, 44.288, 44.276, 43.54, 43.109, 42.897, 42.967, 43.62, 44.179, 44.119, 44.099, 44.152, 43.44, 42.471, 41.985, 41.38, 41.024, 40.838, 41.121, 42.617, 44.356, 45.438, 45.864, 45.532, 43.791, 41.111, 39.414, 39.163, 39.359, 39.364, 39.411, 39.406, 39.079, 38.725, 38.571, 38.902, 39.634, 39.678, 39.155, 39.515, 40.052, 40.26, 40.282, 40.317, 41.079, 41.91, 42.149, 42.468, 43.315, 43.712, 43.044, 42.433, 42.572, 43.345, 43.609, 43.421, 43.281, 43.104, 42.869, 42.649, 42.326, 42.128, 41.673, 41.435, 41.73, 41.83, 42.085, 42.836, 42.997, 42.246, 41.866, 43.003, 43.849, 43.859, 43.952, 45.015, 47.104, 48.715, 48.516, 47.82, 47.684, 47.059, 46.795, 47.759, 48.274, 48.161, 47.833, 47.361, 46.53, 45.329, 44.521, 44.204, 43.707, 43.309, 43.14, 42.996, 42.594, 42.034, 41.963, 41.998, 41.708, 42.019, 43.592, 45.787, 47.09, 47.872, 47.783, 45.831, 42.441, 39.79, 38.746, 38.871, 39.175, 39.386, 39.196, 38.631, 38.211, 38.364, 38.661, 38.913, 39.655, 40.341, 40.271, 39.93, 40.196, 40.597, 41.044, 22.722], [24.31, 21.854, 17.431, 15.565, 15.409, 12.798, 6.984, 0.0, 6.14, 10.653, 13.703, 18.233, 22.836, 25.046, 27.488, 29.379, 30.034, 32.514, 34.808, 35.383, 36.268, 38.9, 40.753, 40.764, 40.247, 39.954, 40.168, 40.446, 40.903, 41.391, 41.251, 41.01, 40.864, 40.595, 40.862, 41.452, 41.35, 41.166, 41.188, 40.855, 40.705, 40.661, 39.852, 39.025, 38.895, 39.199, 39.443, 39.231, 39.029, 39.153, 39.316, 39.216, 39.288, 39.857, 40.288, 39.963, 39.89, 40.266, 40.142, 39.651, 39.399, 39.393, 39.096, 38.988, 39.192, 39.298, 39.39, 39.323, 39.514, 40.697, 41.838, 42.225, 42.353, 41.993, 40.373, 39.12, 40.175, 42.716, 44.268, 44.241, 43.463, 42.987, 42.717, 42.708, 43.326, 43.862, 43.795, 43.799, 43.844, 43.072, 42.07, 41.606, 41.018, 40.654, 40.436, 40.698, 42.259, 44.09, 45.203, 45.59, 45.207, 43.419, 40.629, 38.8, 38.478, 38.657, 38.662, 38.71, 38.722, 38.42, 38.069, 37.853, 38.147, 38.903, 38.923, 38.357, 38.783, 39.402, 39.645, 39.697, 39.772, 40.56, 41.388, 41.598, 41.923, 42.828, 43.26, 42.548, 41.895, 42.065, 42.881, 43.138, 42.929, 42.77, 42.557, 42.295, 42.101, 41.819, 41.635, 41.15, 40.849, 41.113, 41.232, 41.513, 42.319, 42.522, 41.743, 41.348, 42.569, 43.457, 43.495, 43.603, 44.716, 46.891, 48.559, 48.358, 47.672, 47.553, 46.903, 46.635, 47.652, 48.204, 48.094, 47.753, 47.28, 46.453, 45.257, 44.444, 44.107, 43.576, 43.157, 42.986, 42.838, 42.426, 41.876, 41.861, 41.954, 41.659, 41.933, 43.489, 45.705, 47.053, 47.862, 47.747, 45.68, 42.073, 39.14, 37.843, 37.897, 38.26, 38.54, 38.394, 37.837, 37.399, 37.571, 37.93, 38.276, 39.206, 40.042, 40.019, 39.714, 40.041, 40.481, 40.947, 24.613], [25.559, 23.483, 19.749, 18.159, 18.048, 16.085, 11.663, 6.14, 0.0, 6.141, 11.101, 16.657, 21.662, 24.158, 26.643, 28.584, 29.301, 31.762, 34.119, 34.755, 35.652, 38.394, 40.402, 40.49, 39.965, 39.597, 39.739, 39.985, 40.46, 40.974, 40.848, 40.609, 40.481, 40.326, 40.722, 41.351, 41.251, 41.075, 41.099, 40.772, 40.641, 40.623, 39.8, 38.93, 38.779, 39.091, 39.36, 39.169, 38.998, 39.107, 39.235, 39.142, 39.259, 39.852, 40.271, 39.934, 39.839, 40.18, 40.035, 39.534, 39.263, 39.247, 38.944, 38.804, 38.968, 39.054, 39.155, 39.131, 39.331, 40.464, 41.591, 42.001, 42.116, 41.777, 40.277, 39.198, 40.366, 42.905, 44.401, 44.34, 43.572, 43.134, 42.869, 42.769, 43.239, 43.694, 43.635, 43.655, 43.691, 42.919, 41.922, 41.44, 40.79, 40.329, 40.051, 40.3, 41.877, 43.734, 44.856, 45.223, 44.817, 43.038, 40.264, 38.463, 38.201, 38.425, 38.45, 38.504, 38.542, 38.294, 37.972, 37.716, 38.012, 38.836, 38.877, 38.249, 38.625, 39.235, 39.485, 39.579, 39.758, 40.631, 41.451, 41.609, 41.919, 42.855, 43.308, 42.57, 41.868, 42.023, 42.847, 43.097, 42.872, 42.685, 42.416, 42.135, 41.982, 41.731, 41.56, 41.066, 40.756, 41.027, 41.16, 41.455, 42.297, 42.534, 41.711, 41.171, 42.294, 43.177, 43.244, 43.339, 44.434, 46.617, 48.299, 48.119, 47.494, 47.406, 46.75, 46.529, 47.657, 48.295, 48.205, 47.851, 47.383, 46.583, 45.428, 44.668, 44.375, 43.861, 43.448, 43.286, 43.157, 42.786, 42.311, 42.37, 42.506, 42.23, 42.536, 44.105, 46.299, 47.648, 48.439, 48.272, 46.16, 42.475, 39.33, 37.818, 37.787, 38.185, 38.489, 38.379, 37.879, 37.461, 37.609, 37.947, 38.331, 39.383, 40.345, 40.381, 40.041, 40.292, 40.699, 41.151, 25.666], [27.046, 25.208, 21.838, 20.401, 20.269, 18.295, 14.439, 10.653, 6.141, 0.0, 6.926, 14.429, 20.259, 23.145, 25.926, 28.018, 28.937, 31.59, 33.982, 34.627, 35.594, 38.377, 40.393, 40.466, 39.904, 39.501, 39.619, 39.881, 40.406, 40.941, 40.812, 40.562, 40.4, 40.253, 40.711, 41.375, 41.272, 41.095, 41.118, 40.792, 40.664, 40.669, 39.848, 38.941, 38.775, 39.09, 39.359, 39.183, 39.037, 39.153, 39.28, 39.224, 39.403, 40.042, 40.454, 40.095, 39.985, 40.299, 40.129, 39.602, 39.32, 39.325, 39.045, 38.912, 39.063, 39.153, 39.275, 39.267, 39.446, 40.537, 41.635, 42.041, 42.164, 41.86, 40.432, 39.425, 40.694, 43.309, 44.843, 44.821, 44.107, 43.734, 43.534, 43.444, 43.856, 44.27, 44.212, 44.231, 44.276, 43.511, 42.44, 41.839, 41.086, 40.557, 40.304, 40.624, 42.226, 44.094, 45.225, 45.604, 45.183, 43.359, 40.571, 38.757, 38.455, 38.633, 38.642, 38.705, 38.759, 38.546, 38.26, 38.004, 38.288, 39.093, 39.129, 38.516, 38.955, 39.624, 39.924, 40.062, 40.279, 41.169, 41.964, 42.065, 42.333, 43.241, 43.683, 42.937, 42.19, 42.283, 43.063, 43.299, 43.078, 42.892, 42.599, 42.296, 42.144, 41.919, 41.796, 41.321, 41.031, 41.309, 41.427, 41.729, 42.59, 42.829, 41.965, 41.304, 42.315, 43.195, 43.29, 43.382, 44.481, 46.679, 48.346, 48.16, 47.582, 47.519, 46.842, 46.623, 47.803, 48.492, 48.41, 48.057, 47.626, 46.859, 45.73, 45.021, 44.752, 44.239, 43.835, 43.681, 43.564, 43.232, 42.819, 42.907, 43.028, 42.748, 43.111, 44.773, 47.008, 48.36, 49.106, 48.897, 46.8, 43.155, 39.884, 38.236, 38.151, 38.532, 38.805, 38.692, 38.224, 37.814, 37.935, 38.24, 38.614, 39.698, 40.724, 40.817, 40.466, 40.657, 41.037, 41.474, 27.039], [28.887, 27.161, 24.067, 22.765, 22.688, 20.682, 16.771, 13.703, 11.101, 6.926, 0.0, 9.022, 16.444, 20.321, 24.096, 26.671, 27.766, 30.899, 33.599, 34.306, 35.332, 38.208, 40.211, 40.235, 39.626, 39.213, 39.379, 39.731, 40.339, 40.911, 40.791, 40.548, 40.374, 40.198, 40.649, 41.314, 41.206, 41.039, 41.074, 40.737, 40.594, 40.574, 39.748, 38.837, 38.644, 38.945, 39.208, 39.022, 38.872, 39.036, 39.208, 39.178, 39.381, 40.061, 40.499, 40.143, 40.039, 40.348, 40.157, 39.598, 39.308, 39.325, 39.055, 38.951, 39.131, 39.245, 39.386, 39.365, 39.536, 40.664, 41.771, 42.133, 42.248, 41.978, 40.527, 39.405, 40.668, 43.39, 45.028, 45.084, 44.401, 44.031, 43.861, 43.836, 44.321, 44.76, 44.689, 44.7, 44.754, 43.961, 42.785, 42.096, 41.342, 40.887, 40.74, 41.139, 42.762, 44.64, 45.773, 46.161, 45.718, 43.826, 40.989, 39.107, 38.663, 38.727, 38.71, 38.776, 38.818, 38.59, 38.319, 38.092, 38.38, 39.145, 39.135, 38.538, 39.11, 39.9, 40.268, 40.411, 40.58, 41.43, 42.213, 42.298, 42.531, 43.389, 43.811, 43.069, 42.313, 42.37, 43.116, 43.343, 43.131, 42.956, 42.667, 42.363, 42.204, 41.978, 41.878, 41.418, 41.135, 41.4, 41.487, 41.783, 42.646, 42.889, 42.047, 41.414, 42.404, 43.28, 43.388, 43.489, 44.602, 46.828, 48.488, 48.281, 47.687, 47.62, 46.931, 46.692, 47.837, 48.513, 48.428, 48.074, 47.645, 46.854, 45.689, 44.973, 44.688, 44.157, 43.757, 43.608, 43.486, 43.146, 42.721, 42.783, 42.871, 42.579, 42.96, 44.674, 46.943, 48.299, 49.012, 48.77, 46.689, 43.155, 39.946, 38.346, 38.296, 38.654, 38.899, 38.767, 38.28, 37.842, 37.955, 38.282, 38.649, 39.675, 40.66, 40.766, 40.489, 40.766, 41.188, 41.624, 28.959], [31.857, 30.321, 27.675, 26.54, 26.541, 24.814, 21.148, 18.233, 16.657, 14.429, 9.022, 0.0, 9.343, 15.595, 21.552, 24.907, 26.252, 30.098, 33.335, 34.232, 35.271, 38.157, 40.093, 40.071, 39.448, 39.066, 39.314, 39.775, 40.458, 41.066, 40.978, 40.768, 40.611, 40.431, 40.856, 41.489, 41.382, 41.236, 41.294, 40.964, 40.801, 40.737, 39.95, 39.125, 38.935, 39.207, 39.456, 39.262, 39.107, 39.323, 39.535, 39.478, 39.632, 40.3, 40.787, 40.518, 40.467, 40.778, 40.573, 40.001, 39.715, 39.733, 39.472, 39.423, 39.669, 39.808, 39.933, 39.873, 40.04, 41.212, 42.303, 42.571, 42.654, 42.427, 40.965, 39.724, 40.879, 43.589, 45.265, 45.378, 44.713, 44.311, 44.153, 44.206, 44.77, 45.216, 45.134, 45.159, 45.209, 44.383, 43.205, 42.562, 41.901, 41.579, 41.536, 41.915, 43.428, 45.269, 46.403, 46.775, 46.319, 44.482, 41.75, 39.835, 39.227, 39.177, 39.121, 39.183, 39.214, 38.952, 38.672, 38.468, 38.729, 39.401, 39.34, 38.83, 39.567, 40.434, 40.807, 40.931, 41.042, 41.796, 42.533, 42.612, 42.784, 43.552, 43.942, 43.217, 42.49, 42.542, 43.256, 43.48, 43.287, 43.138, 42.899, 42.653, 42.506, 42.216, 42.069, 41.636, 41.383, 41.64, 41.697, 41.946, 42.743, 43.0, 42.311, 41.864, 42.848, 43.665, 43.75, 43.863, 44.955, 47.126, 48.745, 48.539, 47.922, 47.828, 47.165, 46.918, 47.954, 48.566, 48.484, 48.143, 47.696, 46.87, 45.681, 44.925, 44.566, 44.006, 43.628, 43.498, 43.367, 42.996, 42.526, 42.538, 42.594, 42.286, 42.588, 44.187, 46.389, 47.727, 48.423, 48.158, 46.139, 42.851, 39.958, 38.592, 38.63, 38.977, 39.214, 39.091, 38.623, 38.178, 38.276, 38.614, 38.927, 39.804, 40.658, 40.751, 40.623, 41.086, 41.578, 42.011, 32.024], [35.129, 33.712, 31.36, 30.34, 30.371, 28.833, 25.479, 22.836, 21.662, 20.259, 16.444, 9.343, 0.0, 9.396, 18.604, 22.988, 24.697, 29.363, 33.184, 34.284, 35.394, 38.229, 40.033, 39.933, 39.328, 39.092, 39.451, 39.988, 40.715, 41.341, 41.277, 41.095, 40.952, 40.791, 41.206, 41.824, 41.734, 41.599, 41.663, 41.355, 41.169, 41.06, 40.332, 39.626, 39.495, 39.754, 39.959, 39.757, 39.661, 40.005, 40.257, 40.134, 40.219, 40.88, 41.442, 41.31, 41.342, 41.664, 41.454, 40.893, 40.611, 40.613, 40.361, 40.384, 40.714, 40.857, 40.937, 40.845, 41.014, 42.213, 43.275, 43.463, 43.503, 43.263, 41.763, 40.503, 41.66, 44.385, 46.093, 46.255, 45.625, 45.181, 45.026, 45.169, 45.762, 46.165, 46.089, 46.162, 46.193, 45.358, 44.303, 43.782, 43.19, 42.925, 42.974, 43.339, 44.692, 46.497, 47.676, 48.035, 47.557, 45.798, 43.185, 41.159, 40.341, 40.178, 40.073, 40.119, 40.149, 39.883, 39.633, 39.468, 39.585, 39.974, 39.863, 39.627, 40.618, 41.532, 41.874, 41.967, 41.986, 42.544, 43.148, 43.181, 43.279, 43.96, 44.306, 43.605, 42.945, 43.014, 43.683, 43.906, 43.742, 43.64, 43.476, 43.269, 43.1, 42.748, 42.563, 42.182, 41.975, 42.205, 42.233, 42.415, 43.087, 43.315, 42.82, 42.676, 43.754, 44.532, 44.579, 44.736, 45.876, 47.974, 49.505, 49.3, 48.68, 48.577, 47.957, 47.596, 48.386, 48.87, 48.785, 48.49, 48.076, 47.278, 46.135, 45.361, 44.893, 44.266, 43.905, 43.805, 43.662, 43.247, 42.712, 42.653, 42.658, 42.283, 42.4, 43.816, 45.998, 47.38, 48.118, 47.887, 45.989, 42.941, 40.302, 39.1, 39.19, 39.515, 39.759, 39.669, 39.262, 38.861, 38.958, 39.254, 39.442, 40.103, 40.788, 40.888, 40.932, 41.536, 42.054, 42.465, 35.307], [37.079, 35.66, 33.383, 32.4, 32.415, 30.853, 27.528, 25.046, 24.158, 23.145, 20.321, 15.595, 9.396, 0.0, 11.762, 17.907, 20.22, 25.742, 30.363, 31.679, 33.01, 36.276, 38.374, 38.351, 37.789, 37.673, 38.134, 38.748, 39.538, 40.189, 40.106, 39.935, 39.86, 39.751, 40.161, 40.823, 40.773, 40.66, 40.702, 40.371, 40.182, 40.042, 39.231, 38.474, 38.389, 38.679, 38.852, 38.625, 38.662, 39.246, 39.562, 39.367, 39.417, 40.149, 40.802, 40.758, 40.878, 41.253, 41.035, 40.464, 40.168, 40.102, 39.783, 39.812, 40.191, 40.35, 40.456, 40.381, 40.549, 41.847, 43.07, 43.345, 43.366, 43.007, 41.318, 40.097, 41.671, 44.818, 46.743, 46.963, 46.283, 45.72, 45.397, 45.412, 45.977, 46.402, 46.344, 46.446, 46.476, 45.604, 44.542, 44.028, 43.399, 43.133, 43.339, 43.944, 45.525, 47.478, 48.722, 49.086, 48.554, 46.603, 43.566, 41.055, 39.998, 39.766, 39.649, 39.696, 39.723, 39.499, 39.351, 39.211, 39.132, 39.249, 39.133, 39.212, 40.56, 41.614, 41.976, 42.051, 41.922, 42.26, 42.734, 42.689, 42.739, 43.433, 43.778, 43.024, 42.324, 42.405, 43.119, 43.369, 43.205, 43.099, 42.924, 42.662, 42.448, 42.139, 42.023, 41.63, 41.326, 41.463, 41.476, 41.694, 42.388, 42.588, 42.035, 42.005, 43.37, 44.224, 44.23, 44.425, 45.734, 47.942, 49.489, 49.276, 48.646, 48.548, 47.932, 47.523, 48.269, 48.712, 48.617, 48.36, 48.031, 47.329, 46.279, 45.56, 45.041, 44.303, 43.896, 43.82, 43.696, 43.264, 42.685, 42.617, 42.678, 42.3, 42.272, 43.635, 45.967, 47.472, 48.318, 48.144, 46.145, 42.774, 39.636, 38.026, 38.005, 38.29, 38.58, 38.557, 38.168, 37.778, 37.929, 38.281, 38.518, 39.288, 40.09, 40.281, 40.369, 40.982, 41.508, 41.925, 37.22], [38.642, 37.347, 35.304, 34.404, 34.365, 32.863, 29.783, 27.488, 26.643, 25.926, 24.096, 21.552, 18.604, 11.762, 0.0, 8.375, 12.874, 19.712, 25.252, 26.949, 28.717, 32.921, 35.732, 36.013, 35.555, 35.452, 35.96, 36.664, 37.566, 38.277, 38.174, 38.029, 38.09, 38.07, 38.476, 39.2, 39.189, 39.088, 39.089, 38.712, 38.553, 38.412, 37.44, 36.515, 36.426, 36.758, 36.926, 36.713, 36.968, 37.834, 38.222, 37.964, 38.008, 38.837, 39.559, 39.555, 39.75, 40.185, 39.969, 39.404, 39.093, 38.928, 38.511, 38.515, 38.897, 39.047, 39.172, 39.083, 39.201, 40.6, 42.012, 42.405, 42.44, 42.0, 40.189, 39.119, 41.243, 44.864, 46.974, 47.207, 46.482, 45.851, 45.333, 45.077, 45.535, 45.998, 45.977, 46.123, 46.189, 45.315, 44.225, 43.656, 42.946, 42.683, 43.026, 43.891, 45.836, 47.983, 49.278, 49.657, 49.074, 46.881, 43.296, 40.231, 38.969, 38.702, 38.589, 38.653, 38.69, 38.541, 38.496, 38.287, 37.996, 37.983, 37.94, 38.252, 39.862, 41.035, 41.434, 41.521, 41.329, 41.587, 42.039, 41.958, 42.006, 42.776, 43.153, 42.311, 41.471, 41.544, 42.383, 42.675, 42.473, 42.311, 42.032, 41.617, 41.32, 41.064, 41.034, 40.606, 40.153, 40.181, 40.184, 40.493, 41.318, 41.533, 40.748, 40.544, 42.167, 43.125, 43.075, 43.294, 44.823, 47.241, 48.874, 48.655, 48.031, 47.952, 47.312, 46.982, 47.913, 48.44, 48.339, 48.098, 47.879, 47.294, 46.333, 45.723, 45.254, 44.439, 43.966, 43.902, 43.821, 43.427, 42.881, 42.871, 43.061, 42.792, 42.799, 44.225, 46.72, 48.293, 49.181, 49.033, 46.775, 42.728, 38.696, 36.343, 36.06, 36.276, 36.609, 36.661, 36.289, 35.9, 36.129, 36.601, 36.994, 38.086, 39.252, 39.593, 39.57, 40.045, 40.562, 41.012, 38.662], [39.653, 38.455, 36.562, 35.738, 35.705, 34.302, 31.475, 29.379, 28.584, 28.018, 26.671, 24.907, 22.988, 17.907, 8.375, 0.0, 7.966, 16.868, 22.842, 24.643, 26.8, 31.614, 34.789, 35.214, 34.793, 34.688, 35.234, 36.024, 37.033, 37.802, 37.711, 37.59, 37.716, 37.761, 38.199, 38.947, 38.937, 38.831, 38.831, 38.457, 38.325, 38.212, 37.206, 36.201, 36.093, 36.429, 36.581, 36.378, 36.709, 37.64, 38.045, 37.778, 37.805, 38.624, 39.345, 39.349, 39.579, 40.033, 39.826, 39.283, 38.984, 38.82, 38.413, 38.427, 38.816, 38.97, 39.084, 38.964, 39.057, 40.462, 41.879, 42.265, 42.295, 41.87, 40.08, 39.084, 41.304, 44.987, 47.102, 47.325, 46.606, 45.997, 45.481, 45.18, 45.595, 46.047, 46.041, 46.215, 46.297, 45.438, 44.373, 43.815, 43.109, 42.856, 43.191, 44.047, 46.021, 48.175, 49.47, 49.854, 49.274, 47.076, 43.437, 40.282, 38.972, 38.716, 38.634, 38.707, 38.746, 38.61, 38.57, 38.322, 37.97, 37.928, 37.893, 38.2, 39.769, 40.908, 41.295, 41.375, 41.198, 41.542, 42.096, 42.059, 42.122, 42.922, 43.321, 42.47, 41.592, 41.665, 42.541, 42.841, 42.621, 42.428, 42.101, 41.63, 41.315, 41.08, 41.068, 40.654, 40.204, 40.23, 40.247, 40.576, 41.425, 41.661, 40.821, 40.465, 42.053, 43.012, 42.94, 43.173, 44.749, 47.183, 48.822, 48.606, 47.974, 47.897, 47.252, 46.918, 47.883, 48.433, 48.331, 48.093, 47.899, 47.335, 46.39, 45.816, 45.382, 44.563, 44.079, 44.018, 43.951, 43.585, 43.079, 43.098, 43.314, 43.068, 43.091, 44.515, 47.021, 48.577, 49.447, 49.295, 46.962, 42.738, 38.566, 36.133, 35.778, 35.953, 36.28, 36.34, 35.975, 35.596, 35.835, 36.31, 36.7, 37.819, 39.054, 39.447, 39.386, 39.805, 40.316, 40.777, 39.598], [39.961, 38.756, 36.906, 36.154, 36.18, 34.887, 32.154, 30.034, 29.301, 28.937, 27.766, 26.252, 24.697, 20.22, 12.874, 7.966, 0.0, 11.373, 19.533, 21.877, 23.976, 29.625, 33.463, 34.09, 33.692, 33.597, 34.194, 35.055, 36.133, 36.965, 36.928, 36.861, 37.082, 37.338, 37.991, 38.834, 38.849, 38.789, 38.811, 38.416, 38.289, 38.188, 37.221, 36.306, 36.237, 36.566, 36.75, 36.603, 36.898, 37.721, 38.074, 37.781, 37.752, 38.484, 39.147, 39.134, 39.37, 39.831, 39.638, 39.11, 38.791, 38.606, 38.221, 38.252, 38.643, 38.801, 38.913, 38.778, 38.886, 40.272, 41.676, 42.09, 42.14, 41.721, 39.921, 38.958, 41.265, 44.985, 47.088, 47.291, 46.548, 45.903, 45.343, 45.003, 45.411, 45.892, 45.925, 46.11, 46.187, 45.309, 44.194, 43.61, 42.926, 42.709, 43.094, 44.049, 46.102, 48.293, 49.609, 50.003, 49.435, 47.237, 43.517, 40.214, 38.805, 38.553, 38.505, 38.575, 38.595, 38.464, 38.461, 38.222, 37.851, 37.813, 37.8, 38.164, 39.791, 40.934, 41.289, 41.333, 41.146, 41.52, 42.105, 42.07, 42.126, 42.946, 43.344, 42.427, 41.497, 41.577, 42.475, 42.778, 42.544, 42.325, 41.966, 41.493, 41.207, 40.997, 41.003, 40.628, 40.197, 40.183, 40.149, 40.443, 41.284, 41.519, 40.677, 40.329, 41.936, 42.943, 42.905, 43.125, 44.699, 47.174, 48.846, 48.638, 48.027, 47.969, 47.327, 47.035, 48.089, 48.688, 48.594, 48.359, 48.187, 47.665, 46.763, 46.223, 45.821, 45.001, 44.503, 44.453, 44.394, 44.011, 43.465, 43.455, 43.681, 43.474, 43.511, 44.904, 47.386, 48.922, 49.797, 49.658, 47.312, 43.051, 38.799, 36.186, 35.716, 35.901, 36.269, 36.34, 35.977, 35.615, 35.876, 36.372, 36.752, 37.841, 39.06, 39.468, 39.424, 39.861, 40.395, 40.868, 39.913], [41.153, 40.085, 38.497, 37.851, 37.873, 36.799, 34.465, 32.514, 31.762, 31.59, 30.899, 30.098, 29.363, 25.742, 19.712, 16.868, 11.373, 0.0, 11.057, 15.448, 17.874, 24.65, 29.695, 30.911, 30.699, 30.593, 31.224, 32.183, 33.415, 34.392, 34.485, 34.603, 35.134, 35.799, 36.812, 37.859, 37.958, 37.955, 37.968, 37.557, 37.448, 37.39, 36.56, 35.946, 36.071, 36.426, 36.667, 36.644, 37.014, 37.799, 38.1, 37.771, 37.719, 38.408, 38.994, 38.914, 39.119, 39.578, 39.411, 38.91, 38.542, 38.272, 37.84, 37.807, 38.135, 38.262, 38.384, 38.283, 38.393, 39.725, 41.109, 41.548, 41.605, 41.189, 39.466, 38.624, 41.074, 44.844, 46.918, 47.084, 46.337, 45.683, 45.028, 44.508, 44.782, 45.289, 45.414, 45.65, 45.767, 44.903, 43.74, 43.096, 42.366, 42.145, 42.589, 43.72, 45.98, 48.251, 49.565, 49.947, 49.354, 47.066, 43.159, 39.724, 38.332, 38.126, 38.11, 38.172, 38.161, 38.077, 38.148, 37.894, 37.505, 37.573, 37.694, 38.171, 39.848, 41.012, 41.376, 41.439, 41.314, 41.692, 42.223, 42.156, 42.207, 43.008, 43.354, 42.355, 41.365, 41.471, 42.448, 42.776, 42.516, 42.237, 41.767, 41.202, 40.894, 40.706, 40.739, 40.381, 39.929, 39.852, 39.752, 40.03, 40.89, 41.127, 40.223, 39.866, 41.593, 42.666, 42.657, 42.86, 44.428, 46.928, 48.636, 48.479, 47.967, 47.968, 47.324, 47.174, 48.461, 49.174, 49.091, 48.868, 48.719, 48.232, 47.391, 46.93, 46.618, 45.838, 45.345, 45.312, 45.283, 44.907, 44.331, 44.303, 44.612, 44.533, 44.663, 46.108, 48.623, 50.149, 50.981, 50.806, 48.402, 43.977, 39.359, 36.291, 35.572, 35.711, 36.094, 36.189, 35.861, 35.549, 35.835, 36.371, 36.885, 38.219, 39.654, 40.101, 39.969, 40.326, 40.863, 41.36, 41.049], [42.09, 41.191, 39.856, 39.295, 39.289, 38.365, 36.42, 34.808, 34.119, 33.982, 33.599, 33.335, 33.184, 30.363, 25.252, 22.842, 19.533, 11.057, 0.0, 7.399, 13.191, 21.292, 26.723, 28.281, 28.271, 28.125, 28.696, 29.711, 31.132, 32.261, 32.463, 32.79, 33.689, 34.696, 35.887, 37.007, 37.171, 37.183, 37.169, 36.803, 36.787, 36.763, 36.013, 35.691, 36.069, 36.494, 36.74, 36.796, 37.355, 38.244, 38.534, 38.17, 38.118, 38.806, 39.351, 39.226, 39.388, 39.8, 39.621, 39.147, 38.78, 38.476, 37.998, 37.891, 38.144, 38.229, 38.365, 38.294, 38.358, 39.614, 40.994, 41.452, 41.494, 41.088, 39.455, 38.687, 41.077, 44.78, 46.82, 46.977, 46.257, 45.657, 45.022, 44.425, 44.548, 45.006, 45.183, 45.459, 45.602, 44.792, 43.676, 43.04, 42.265, 41.981, 42.357, 43.484, 45.814, 48.078, 49.327, 49.668, 49.071, 46.758, 42.861, 39.574, 38.345, 38.208, 38.231, 38.281, 38.224, 38.138, 38.206, 37.924, 37.573, 37.777, 38.005, 38.452, 40.001, 41.117, 41.507, 41.613, 41.577, 41.998, 42.494, 42.418, 42.495, 43.261, 43.553, 42.569, 41.602, 41.698, 42.688, 43.029, 42.774, 42.492, 41.984, 41.356, 41.01, 40.807, 40.815, 40.434, 39.965, 39.894, 39.834, 40.146, 41.0, 41.243, 40.379, 40.091, 41.86, 42.888, 42.872, 43.09, 44.628, 47.049, 48.723, 48.604, 48.139, 48.16, 47.521, 47.415, 48.747, 49.471, 49.383, 49.168, 48.991, 48.454, 47.611, 47.192, 46.91, 46.146, 45.67, 45.656, 45.646, 45.293, 44.728, 44.694, 45.043, 45.014, 45.221, 46.759, 49.303, 50.81, 51.578, 51.344, 48.91, 44.36, 39.592, 36.573, 35.893, 35.994, 36.322, 36.424, 36.145, 35.864, 36.128, 36.655, 37.274, 38.779, 40.357, 40.826, 40.63, 40.917, 41.431, 41.92, 41.911], [42.268, 41.416, 40.146, 39.629, 39.644, 38.738, 36.873, 35.383, 34.755, 34.627, 34.306, 34.232, 34.284, 31.679, 26.949, 24.643, 21.877, 15.448, 7.399, 0.0, 9.524, 19.934, 25.869, 27.471, 27.484, 27.344, 27.87, 28.865, 30.358, 31.536, 31.743, 32.118, 33.128, 34.22, 35.454, 36.587, 36.77, 36.786, 36.766, 36.426, 36.487, 36.476, 35.661, 35.329, 35.779, 36.27, 36.522, 36.57, 37.186, 38.156, 38.459, 38.08, 38.03, 38.734, 39.29, 39.18, 39.363, 39.778, 39.586, 39.112, 38.76, 38.454, 37.965, 37.861, 38.108, 38.179, 38.333, 38.272, 38.308, 39.556, 40.989, 41.491, 41.523, 41.081, 39.4, 38.63, 41.063, 44.806, 46.865, 47.023, 46.288, 45.674, 45.021, 44.385, 44.462, 44.899, 45.082, 45.355, 45.49, 44.683, 43.585, 42.963, 42.166, 41.846, 42.209, 43.366, 45.757, 48.042, 49.286, 49.627, 49.03, 46.681, 42.747, 39.457, 38.248, 38.135, 38.173, 38.218, 38.149, 38.048, 38.094, 37.791, 37.42, 37.62, 37.846, 38.273, 39.809, 40.93, 41.341, 41.457, 41.427, 41.847, 42.355, 42.313, 42.422, 43.196, 43.479, 42.511, 41.578, 41.682, 42.665, 43.01, 42.767, 42.505, 42.02, 41.388, 41.015, 40.786, 40.779, 40.394, 39.899, 39.815, 39.783, 40.122, 40.983, 41.221, 40.361, 40.104, 41.895, 42.925, 42.919, 43.136, 44.694, 47.141, 48.807, 48.676, 48.208, 48.239, 47.622, 47.512, 48.809, 49.51, 49.412, 49.193, 48.995, 48.432, 47.58, 47.165, 46.869, 46.075, 45.581, 45.572, 45.571, 45.224, 44.665, 44.635, 44.985, 44.95, 45.143, 46.682, 49.247, 50.766, 51.546, 51.325, 48.866, 44.192, 39.295, 36.292, 35.671, 35.789, 36.108, 36.23, 35.983, 35.724, 36.014, 36.57, 37.23, 38.767, 40.38, 40.867, 40.658, 40.909, 41.402, 41.876, 42.068], [42.585, 41.786, 40.666, 40.247, 40.272, 39.425, 37.694, 36.268, 35.652, 35.594, 35.332, 35.271, 35.394, 33.01, 28.717, 26.8, 23.976, 17.874, 13.191, 9.524, 0.0, 13.103, 21.18, 23.738, 24.083, 24.177, 24.939, 26.128, 27.847, 29.196, 29.462, 29.918, 31.119, 32.495, 33.973, 35.201, 35.422, 35.564, 35.613, 35.279, 35.415, 35.547, 34.913, 34.821, 35.435, 36.003, 36.369, 36.515, 37.14, 38.086, 38.388, 38.006, 37.939, 38.608, 39.145, 39.056, 39.262, 39.684, 39.504, 39.042, 38.673, 38.319, 37.817, 37.718, 37.975, 38.06, 38.215, 38.154, 38.209, 39.455, 40.879, 41.347, 41.308, 40.813, 39.12, 38.354, 40.846, 44.64, 46.726, 46.901, 46.164, 45.527, 44.821, 44.1, 44.161, 44.639, 44.845, 45.121, 45.264, 44.455, 43.341, 42.72, 41.944, 41.653, 42.037, 43.221, 45.652, 47.966, 49.23, 49.582, 48.984, 46.603, 42.576, 39.214, 38.02, 37.896, 37.911, 37.947, 37.87, 37.771, 37.845, 37.581, 37.194, 37.378, 37.639, 38.118, 39.694, 40.847, 41.257, 41.355, 41.309, 41.719, 42.259, 42.272, 42.401, 43.173, 43.446, 42.467, 41.547, 41.699, 42.714, 43.063, 42.806, 42.51, 41.979, 41.307, 40.907, 40.622, 40.579, 40.21, 39.706, 39.534, 39.446, 39.816, 40.713, 40.954, 40.05, 39.732, 41.509, 42.544, 42.553, 42.736, 44.24, 46.695, 48.394, 48.252, 47.79, 47.849, 47.245, 47.183, 48.549, 49.286, 49.186, 48.945, 48.745, 48.191, 47.339, 46.971, 46.734, 45.947, 45.442, 45.445, 45.461, 45.113, 44.526, 44.489, 44.917, 44.963, 45.174, 46.733, 49.328, 50.858, 51.65, 51.437, 48.976, 44.268, 39.239, 36.099, 35.428, 35.499, 35.749, 35.874, 35.693, 35.481, 35.806, 36.43, 37.176, 38.781, 40.43, 40.89, 40.637, 40.86, 41.339, 41.811, 42.379], [43.983, 43.295, 42.413, 42.107, 42.105, 41.383, 40.01, 38.9, 38.394, 38.377, 38.208, 38.157, 38.229, 36.276, 32.921, 31.614, 29.625, 24.65, 21.292, 19.934, 13.103, 0.0, 10.392, 15.116, 16.753, 17.84, 19.486, 21.425, 23.784, 25.502, 25.896, 26.478, 28.023, 29.877, 31.681, 32.966, 33.286, 33.718, 33.942, 33.697, 33.967, 34.449, 34.649, 35.581, 36.666, 37.243, 37.712, 38.13, 38.821, 39.623, 39.856, 39.492, 39.399, 39.93, 40.379, 40.369, 40.598, 40.958, 40.79, 40.399, 40.03, 39.631, 39.165, 39.051, 39.249, 39.325, 39.452, 39.326, 39.265, 40.353, 41.67, 42.041, 41.816, 41.201, 39.62, 38.915, 41.152, 44.725, 46.785, 47.037, 46.378, 45.8, 45.163, 44.479, 44.512, 44.965, 45.186, 45.493, 45.657, 44.899, 43.895, 43.397, 42.774, 42.61, 42.983, 43.995, 46.224, 48.44, 49.654, 49.967, 49.388, 47.108, 43.31, 40.225, 39.196, 39.067, 39.074, 39.102, 38.97, 38.843, 38.953, 38.807, 38.45, 38.569, 38.91, 39.448, 40.841, 41.857, 42.191, 42.248, 42.203, 42.589, 43.115, 43.198, 43.361, 44.051, 44.261, 43.379, 42.58, 42.729, 43.664, 43.993, 43.745, 43.449, 42.922, 42.26, 41.873, 41.514, 41.386, 41.049, 40.589, 40.295, 40.138, 40.56, 41.378, 41.538, 40.711, 40.475, 42.146, 43.079, 43.083, 43.272, 44.604, 46.807, 48.405, 48.275, 47.843, 47.895, 47.288, 47.197, 48.451, 49.138, 49.03, 48.776, 48.569, 48.023, 47.221, 46.964, 46.794, 46.052, 45.61, 45.662, 45.687, 45.331, 44.691, 44.558, 45.057, 45.271, 45.518, 46.999, 49.485, 50.95, 51.679, 51.439, 49.139, 44.878, 40.486, 37.884, 37.396, 37.346, 37.37, 37.434, 37.376, 37.235, 37.479, 38.049, 38.805, 40.314, 41.85, 42.201, 41.87, 42.052, 42.478, 42.897, 43.784], [45.151, 44.524, 43.739, 43.486, 43.465, 42.779, 41.598, 40.753, 40.402, 40.393, 40.211, 40.093, 40.033, 38.374, 35.732, 34.789, 33.463, 29.695, 26.723, 25.869, 21.18, 10.392, 0.0, 6.661, 10.306, 13.06, 15.839, 18.601, 21.471, 23.382, 23.781, 24.299, 25.919, 27.943, 29.793, 30.973, 31.394, 32.131, 32.514, 32.354, 32.745, 33.464, 34.376, 36.305, 37.91, 38.501, 38.953, 39.611, 40.457, 41.179, 41.361, 41.036, 40.935, 41.345, 41.7, 41.733, 41.973, 42.271, 42.105, 41.79, 41.458, 41.067, 40.626, 40.452, 40.579, 40.66, 40.779, 40.596, 40.411, 41.352, 42.585, 42.912, 42.563, 41.808, 40.235, 39.54, 41.524, 44.847, 46.831, 47.121, 46.526, 46.009, 45.478, 44.939, 45.021, 45.43, 45.631, 45.957, 46.124, 45.412, 44.535, 44.169, 43.7, 43.653, 44.011, 44.856, 46.855, 48.972, 50.16, 50.448, 49.884, 47.714, 44.217, 41.432, 40.524, 40.397, 40.416, 40.436, 40.221, 40.02, 40.136, 40.096, 39.756, 39.752, 40.093, 40.726, 42.052, 42.953, 43.202, 43.213, 43.143, 43.493, 44.014, 44.142, 44.303, 44.889, 45.039, 44.298, 43.651, 43.75, 44.552, 44.858, 44.661, 44.452, 44.058, 43.498, 43.141, 42.721, 42.499, 42.194, 41.809, 41.417, 41.159, 41.568, 42.245, 42.254, 41.509, 41.458, 43.095, 43.942, 43.927, 44.169, 45.426, 47.408, 48.881, 48.758, 48.325, 48.349, 47.751, 47.565, 48.586, 49.169, 49.061, 48.813, 48.616, 48.109, 47.395, 47.217, 47.052, 46.336, 45.953, 46.049, 46.076, 45.701, 45.029, 44.799, 45.236, 45.481, 45.684, 47.004, 49.345, 50.728, 51.383, 51.161, 49.071, 45.298, 41.651, 39.725, 39.459, 39.336, 39.214, 39.249, 39.265, 39.16, 39.313, 39.765, 40.412, 41.7, 43.054, 43.345, 43.007, 43.184, 43.576, 43.946, 44.976], [45.151, 44.54, 43.775, 43.559, 43.53, 42.781, 41.556, 40.764, 40.49, 40.466, 40.235, 40.071, 39.933, 38.351, 36.013, 35.214, 34.09, 30.911, 28.281, 27.471, 23.738, 15.116, 6.661, 0.0, 5.127, 9.868, 13.884, 17.232, 20.343, 22.347, 22.717, 23.081, 24.504, 26.413, 28.246, 29.437, 29.94, 30.828, 31.27, 31.119, 31.547, 32.32, 33.449, 35.783, 37.677, 38.335, 38.762, 39.483, 40.447, 41.218, 41.427, 41.129, 41.046, 41.472, 41.826, 41.847, 42.066, 42.345, 42.167, 41.837, 41.515, 41.181, 40.77, 40.58, 40.716, 40.83, 40.962, 40.762, 40.56, 41.511, 42.75, 43.066, 42.695, 41.88, 40.182, 39.337, 41.237, 44.55, 46.55, 46.851, 46.26, 45.75, 45.265, 44.843, 45.017, 45.432, 45.612, 45.933, 46.091, 45.376, 44.523, 44.174, 43.725, 43.709, 44.07, 44.86, 46.811, 48.951, 50.164, 50.45, 49.877, 47.713, 44.256, 41.485, 40.574, 40.444, 40.462, 40.473, 40.197, 39.895, 39.95, 39.931, 39.61, 39.547, 39.842, 40.552, 41.997, 42.934, 43.18, 43.18, 43.076, 43.406, 43.948, 44.092, 44.234, 44.775, 44.912, 44.234, 43.651, 43.732, 44.483, 44.784, 44.622, 44.493, 44.218, 43.738, 43.383, 42.909, 42.619, 42.313, 41.973, 41.578, 41.29, 41.689, 42.328, 42.255, 41.51, 41.568, 43.257, 44.088, 44.062, 44.347, 45.642, 47.611, 49.071, 48.947, 48.488, 48.503, 47.91, 47.638, 48.523, 49.048, 48.943, 48.71, 48.528, 48.027, 47.31, 47.109, 46.908, 46.183, 45.812, 45.914, 45.92, 45.514, 44.843, 44.604, 44.959, 45.127, 45.267, 46.524, 48.859, 50.254, 50.916, 50.739, 48.728, 45.075, 41.637, 39.937, 39.746, 39.607, 39.462, 39.51, 39.535, 39.429, 39.572, 39.985, 40.559, 41.754, 43.049, 43.341, 43.017, 43.194, 43.579, 43.949, 44.984], [44.746, 44.143, 43.392, 43.206, 43.181, 42.38, 41.079, 40.247, 39.965, 39.904, 39.626, 39.448, 39.328, 37.789, 35.555, 34.793, 33.692, 30.699, 28.271, 27.484, 24.083, 16.753, 10.306, 5.127, 0.0, 6.184, 11.551, 15.623, 19.038, 21.205, 21.638, 21.962, 23.214, 25.038, 26.986, 28.325, 28.895, 29.822, 30.276, 30.123, 30.577, 31.366, 32.498, 34.91, 36.913, 37.636, 38.074, 38.786, 39.794, 40.637, 40.887, 40.608, 40.548, 41.024, 41.404, 41.391, 41.568, 41.838, 41.65, 41.289, 40.975, 40.696, 40.301, 40.132, 40.314, 40.446, 40.58, 40.378, 40.196, 41.212, 42.49, 42.803, 42.441, 41.624, 39.825, 38.842, 40.762, 44.18, 46.254, 46.578, 45.976, 45.457, 44.988, 44.621, 44.862, 45.307, 45.48, 45.784, 45.938, 45.202, 44.306, 43.911, 43.416, 43.381, 43.733, 44.52, 46.51, 48.698, 49.936, 50.218, 49.628, 47.429, 43.912, 41.075, 40.145, 40.024, 40.033, 40.039, 39.752, 39.396, 39.374, 39.326, 39.039, 39.004, 39.257, 39.947, 41.472, 42.464, 42.74, 42.76, 42.658, 42.993, 43.547, 43.688, 43.827, 44.381, 44.532, 43.851, 43.256, 43.339, 44.105, 44.412, 44.259, 44.156, 43.911, 43.44, 43.071, 42.585, 42.286, 41.964, 41.628, 41.285, 41.033, 41.432, 42.092, 42.03, 41.279, 41.337, 43.026, 43.853, 43.832, 44.123, 45.449, 47.475, 48.976, 48.849, 48.37, 48.383, 47.778, 47.464, 48.3