[[0.0, 4.386, 9.039, 11.992, 13.958, 16.128, 17.903, 19.649, 23.279, 27.673, 29.241, 29.425, 30.424, 31.481, 31.931, 32.871, 34.665, 35.614, 34.807, 34.096, 34.614, 35.617, 36.159, 36.335, 36.465, 36.53, 36.706, 36.785, 36.743, 36.828, 36.843, 36.809, 37.052, 37.423, 37.648, 37.608, 37.466, 37.537, 37.559, 37.284, 36.709, 36.416, 36.611, 36.751, 36.68, 36.724, 37.079, 37.289, 36.721, 37.014, 39.375, 41.012, 40.867, 41.378, 41.771, 41.525, 41.695, 41.883, 41.797, 41.889, 41.886, 41.478, 41.219, 40.924, 40.46, 40.615, 41.087, 41.117, 40.827, 40.279, 39.277, 38.194, 37.85, 38.139, 37.742, 36.537, 36.189, 36.426, 36.252, 36.225, 36.128, 35.998, 36.11, 36.125, 36.015, 36.212, 36.453, 36.586, 36.838, 36.832, 36.295, 36.227, 36.73, 36.873, 36.836, 36.935, 37.495, 38.955, 40.783, 42.017, 42.696, 43.037, 43.144, 43.453, 43.987, 43.783, 42.87, 42.447, 42.673, 42.682, 42.213, 41.864, 41.982, 42.477, 42.86, 42.51, 41.541, 40.329, 38.012, 36.566, 36.621, 36.802, 36.871, 36.989, 36.92, 36.715, 36.535, 36.623, 37.162, 37.701, 37.834, 37.81, 37.401, 36.822, 36.517, 36.217, 35.781, 35.42, 35.324, 35.457, 35.494, 35.655, 36.092, 36.414, 36.564, 37.009, 37.709, 37.764, 37.355, 37.435, 37.839, 37.901, 37.829, 38.113, 38.476, 38.828, 39.623, 40.343, 40.372, 40.047, 39.715, 39.01, 38.33, 38.176, 38.048, 37.885, 37.891, 38.141, 38.254, 38.156, 38.201, 38.061, 38.24, 38.175, 38.299, 38.984, 39.362, 39.141, 39.125, 39.194, 39.078, 39.128, 39.134, 38.83, 38.605, 38.577, 38.171, 37.738, 37.838, 38.158, 37.951, 37.785, 38.237, 38.802, 38.944, 38.678, 38.215, 37.919, 38.047, 37.923, 37.909, 38.276, 38.893, 39.401, 39.646, 7.151], [4.386, 0.0, 5.837, 9.67, 11.889, 14.031, 15.931, 17.884, 21.764, 26.382, 28.044, 28.324, 29.498, 30.65, 31.088, 32.052, 33.926, 34.915, 34.14, 33.589, 34.375, 35.586, 36.206, 36.374, 36.522, 36.694, 36.961, 37.053, 36.999, 37.099, 37.14, 37.112, 37.345, 37.709, 37.94, 37.914, 37.8, 37.913, 37.966, 37.71, 37.154, 36.865, 37.044, 37.18, 37.124, 37.174, 37.517, 37.719, 37.195, 37.493, 39.734, 41.317, 41.198, 41.695, 42.062, 41.812, 41.964, 42.135, 42.047, 42.125, 42.118, 41.733, 41.491, 41.204, 40.764, 40.929, 41.397, 41.431, 41.152, 40.62, 39.646, 38.591, 38.25, 38.53, 38.159, 37.029, 36.691, 36.903, 36.739, 36.708, 36.612, 36.494, 36.616, 36.641, 36.529, 36.715, 36.951, 37.079, 37.317, 37.307, 36.749, 36.623, 37.109, 37.254, 37.208, 37.285, 37.81, 39.209, 40.982, 42.172, 42.824, 43.154, 43.251, 43.546, 44.072, 43.874, 42.978, 42.553, 42.768, 42.78, 42.321, 41.962, 42.057, 42.53, 42.904, 42.567, 41.65, 40.488, 38.311, 37.0, 37.067, 37.236, 37.311, 37.438, 37.381, 37.187, 37.01, 37.102, 37.634, 38.151, 38.272, 38.258, 37.883, 37.344, 37.064, 36.794, 36.391, 36.042, 35.932, 36.049, 36.094, 36.252, 36.653, 36.946, 37.081, 37.487, 38.137, 38.184, 37.807, 37.873, 38.23, 38.286, 38.219, 38.464, 38.795, 39.159, 39.942, 40.647, 40.695, 40.392, 40.076, 39.391, 38.72, 38.557, 38.435, 38.281, 38.271, 38.504, 38.618, 38.507, 38.529, 38.404, 38.594, 38.534, 38.657, 39.332, 39.715, 39.506, 39.492, 39.567, 39.462, 39.51, 39.52, 39.238, 39.017, 38.975, 38.587, 38.184, 38.273, 38.559, 38.345, 38.194, 38.638, 39.181, 39.309, 39.065, 38.646, 38.357, 38.455, 38.336, 38.327, 38.67, 39.257, 39.748, 39.994, 10.098], [9.039, 5.837, 0.0, 4.975, 8.288, 11.053, 13.41, 15.812, 20.189, 25.18, 26.998, 27.405, 28.816, 30.127, 30.589, 31.598, 33.571, 34.625, 33.927, 33.518, 34.514, 35.873, 36.538, 36.718, 36.906, 37.135, 37.444, 37.543, 37.504, 37.638, 37.704, 37.681, 37.911, 38.264, 38.48, 38.46, 38.391, 38.556, 38.653, 38.439, 37.921, 37.644, 37.81, 37.942, 37.883, 37.924, 38.251, 38.427, 37.94, 38.259, 40.369, 41.863, 41.772, 42.263, 42.604, 42.347, 42.487, 42.654, 42.578, 42.666, 42.67, 42.307, 42.079, 41.801, 41.382, 41.547, 41.991, 42.012, 41.737, 41.222, 40.279, 39.248, 38.897, 39.149, 38.776, 37.681, 37.352, 37.545, 37.382, 37.348, 37.25, 37.123, 37.234, 37.262, 37.153, 37.343, 37.585, 37.714, 37.951, 37.937, 37.372, 37.219, 37.699, 37.846, 37.784, 37.841, 38.351, 39.717, 41.442, 42.587, 43.211, 43.527, 43.611, 43.891, 44.409, 44.225, 43.36, 42.952, 43.165, 43.191, 42.763, 42.416, 42.5, 42.957, 43.322, 43.0, 42.114, 40.979, 38.921, 37.711, 37.763, 37.906, 37.991, 38.129, 38.076, 37.884, 37.713, 37.789, 38.263, 38.737, 38.851, 38.847, 38.507, 38.027, 37.793, 37.563, 37.203, 36.877, 36.762, 36.871, 36.918, 37.059, 37.418, 37.687, 37.812, 38.17, 38.763, 38.801, 38.454, 38.515, 38.811, 38.843, 38.786, 39.001, 39.295, 39.673, 40.439, 41.107, 41.16, 40.884, 40.589, 39.936, 39.296, 39.137, 39.027, 38.885, 38.862, 39.084, 39.209, 39.104, 39.098, 38.927, 39.077, 39.026, 39.172, 39.839, 40.215, 40.006, 39.986, 40.069, 39.989, 40.032, 40.024, 39.744, 39.535, 39.502, 39.137, 38.76, 38.843, 39.104, 38.888, 38.758, 39.2, 39.722, 39.837, 39.606, 39.231, 38.975, 39.07, 38.968, 38.964, 39.263, 39.79, 40.238, 40.468, 13.139], [11.992, 9.67, 4.975, 0.0, 4.349, 8.334, 11.446, 14.192, 18.845, 24.087, 26.036, 26.521, 28.046, 29.443, 29.909, 30.947, 33.026, 34.166, 33.519, 33.157, 34.223, 35.663, 36.369, 36.565, 36.826, 37.182, 37.581, 37.702, 37.711, 37.935, 38.051, 38.04, 38.274, 38.629, 38.85, 38.843, 38.789, 38.965, 39.081, 38.886, 38.373, 38.092, 38.25, 38.372, 38.295, 38.325, 38.647, 38.815, 38.338, 38.652, 40.701, 42.14, 42.056, 42.543, 42.872, 42.615, 42.748, 42.912, 42.836, 42.926, 42.939, 42.589, 42.376, 42.111, 41.702, 41.856, 42.28, 42.289, 42.01, 41.5, 40.565, 39.558, 39.223, 39.458, 39.079, 38.032, 37.744, 37.928, 37.766, 37.739, 37.63, 37.488, 37.597, 37.626, 37.507, 37.685, 37.928, 38.069, 38.318, 38.3, 37.727, 37.566, 38.073, 38.256, 38.196, 38.264, 38.811, 40.183, 41.861, 42.947, 43.541, 43.866, 43.962, 44.225, 44.717, 44.514, 43.65, 43.263, 43.491, 43.529, 43.123, 42.8, 42.892, 43.343, 43.699, 43.399, 42.559, 41.423, 39.36, 38.148, 38.167, 38.293, 38.383, 38.52, 38.461, 38.263, 38.084, 38.143, 38.577, 39.02, 39.131, 39.132, 38.795, 38.332, 38.122, 37.911, 37.569, 37.264, 37.166, 37.282, 37.336, 37.463, 37.781, 38.039, 38.153, 38.475, 39.045, 39.079, 38.74, 38.812, 39.097, 39.126, 39.073, 39.282, 39.575, 39.952, 40.693, 41.34, 41.398, 41.122, 40.822, 40.181, 39.55, 39.376, 39.25, 39.106, 39.092, 39.328, 39.471, 39.381, 39.371, 39.168, 39.299, 39.26, 39.421, 40.083, 40.452, 40.252, 40.24, 40.329, 40.262, 40.311, 40.294, 40.008, 39.813, 39.799, 39.433, 39.039, 39.104, 39.357, 39.139, 39.018, 39.457, 39.952, 40.054, 39.828, 39.462, 39.207, 39.308, 39.219, 39.206, 39.457, 39.942, 40.375, 40.612, 15.559], [13.958, 11.889, 8.288, 4.349, 0.0, 4.921, 9.047, 12.411, 17.413, 22.869, 24.915, 25.509, 27.172, 28.616, 29.056, 30.165, 32.397, 33.645, 33.062, 32.772, 33.938, 35.473, 36.223, 36.436, 36.781, 37.335, 37.897, 38.053, 38.097, 38.413, 38.596, 38.598, 38.815, 39.151, 39.372, 39.387, 39.355, 39.54, 39.666, 39.489, 38.99, 38.705, 38.851, 38.968, 38.885, 38.903, 39.222, 39.387, 38.936, 39.238, 41.143, 42.494, 42.421, 42.885, 43.197, 42.953, 43.078, 43.225, 43.136, 43.213, 43.231, 42.904, 42.709, 42.461, 42.065, 42.196, 42.592, 42.595, 42.322, 41.826, 40.921, 39.963, 39.658, 39.885, 39.526, 38.572, 38.316, 38.468, 38.319, 38.308, 38.209, 38.093, 38.219, 38.245, 38.104, 38.251, 38.483, 38.623, 38.873, 38.858, 38.28, 38.091, 38.606, 38.817, 38.755, 38.827, 39.375, 40.685, 42.263, 43.259, 43.805, 44.127, 44.237, 44.487, 44.952, 44.741, 43.894, 43.526, 43.761, 43.809, 43.423, 43.113, 43.2, 43.63, 43.973, 43.719, 43.005, 41.932, 39.917, 38.759, 38.774, 38.89, 38.961, 39.074, 39.012, 38.824, 38.642, 38.693, 39.103, 39.52, 39.614, 39.611, 39.292, 38.853, 38.657, 38.46, 38.141, 37.874, 37.816, 37.946, 38.02, 38.138, 38.399, 38.631, 38.732, 39.0, 39.522, 39.562, 39.257, 39.329, 39.593, 39.626, 39.583, 39.773, 40.047, 40.416, 41.111, 41.72, 41.786, 41.528, 41.244, 40.634, 40.02, 39.828, 39.69, 39.552, 39.536, 39.766, 39.915, 39.836, 39.824, 39.618, 39.756, 39.729, 39.885, 40.518, 40.878, 40.695, 40.698, 40.798, 40.74, 40.792, 40.769, 40.484, 40.304, 40.298, 39.927, 39.51, 39.541, 39.775, 39.569, 39.468, 39.897, 40.36, 40.45, 40.236, 39.886, 39.636, 39.743, 39.669, 39.629, 39.801, 40.226, 40.641, 40.885, 17.601], [16.128, 14.031, 11.053, 8.334, 4.921, 0.0, 5.031, 9.549, 15.342, 21.119, 23.255, 23.987, 25.862, 27.4, 27.851, 29.09, 31.505, 32.863, 32.367, 32.22, 33.561, 35.214, 36.016, 36.258, 36.675, 37.4, 38.126, 38.333, 38.402, 38.772, 39.003, 39.028, 39.237, 39.552, 39.773, 39.813, 39.811, 40.021, 40.173, 40.022, 39.542, 39.252, 39.381, 39.498, 39.417, 39.424, 39.747, 39.912, 39.493, 39.794, 41.561, 42.823, 42.754, 43.192, 43.483, 43.257, 43.379, 43.508, 43.41, 43.485, 43.511, 43.206, 43.028, 42.791, 42.402, 42.521, 42.903, 42.904, 42.631, 42.145, 41.272, 40.357, 40.075, 40.311, 39.988, 39.11, 38.854, 38.972, 38.83, 38.831, 38.742, 38.641, 38.771, 38.795, 38.636, 38.757, 38.978, 39.113, 39.359, 39.355, 38.779, 38.561, 39.063, 39.278, 39.213, 39.274, 39.782, 41.007, 42.495, 43.416, 43.915, 44.219, 44.33, 44.58, 45.055, 44.861, 44.035, 43.673, 43.907, 43.972, 43.62, 43.337, 43.441, 43.873, 44.217, 44.012, 43.427, 42.395, 40.404, 39.294, 39.326, 39.448, 39.498, 39.573, 39.5, 39.319, 39.132, 39.178, 39.578, 39.977, 40.049, 40.04, 39.739, 39.322, 39.137, 38.954, 38.656, 38.414, 38.38, 38.515, 38.606, 38.73, 38.955, 39.167, 39.266, 39.493, 39.975, 40.028, 39.751, 39.803, 40.033, 40.062, 40.023, 40.197, 40.452, 40.821, 41.492, 42.067, 42.146, 41.93, 41.684, 41.107, 40.503, 40.298, 40.167, 40.045, 40.017, 40.226, 40.379, 40.305, 40.285, 40.082, 40.224, 40.199, 40.34, 40.938, 41.292, 41.129, 41.142, 41.25, 41.207, 41.269, 41.25, 40.963, 40.784, 40.774, 40.401, 39.982, 39.991, 40.197, 39.989, 39.901, 40.325, 40.779, 40.864, 40.657, 40.327, 40.094, 40.209, 40.153, 40.102, 40.225, 40.605, 40.998, 41.238, 19.669], [17.903, 15.931, 13.41, 11.446, 9.047, 5.031, 0.0, 5.569, 12.564, 18.981, 21.265, 22.077, 24.137, 25.818, 26.334, 27.691, 30.277, 31.738, 31.271, 31.227, 32.731, 34.515, 35.376, 35.626, 36.057, 36.854, 37.674, 37.935, 38.039, 38.44, 38.702, 38.766, 39.005, 39.346, 39.603, 39.663, 39.659, 39.881, 40.055, 39.91, 39.41, 39.095, 39.212, 39.331, 39.242, 39.232, 39.561, 39.741, 39.321, 39.64, 41.46, 42.727, 42.645, 43.082, 43.371, 43.136, 43.253, 43.376, 43.277, 43.363, 43.396, 43.084, 42.909, 42.677, 42.283, 42.406, 42.805, 42.804, 42.512, 42.018, 41.142, 40.227, 39.953, 40.203, 39.889, 39.0, 38.741, 38.85, 38.694, 38.69, 38.582, 38.444, 38.551, 38.57, 38.411, 38.528, 38.743, 38.875, 39.13, 39.139, 38.568, 38.356, 38.87, 39.098, 39.047, 39.117, 39.634, 40.878, 42.359, 43.243, 43.718, 44.017, 44.124, 44.374, 44.869, 44.684, 43.851, 43.482, 43.719, 43.797, 43.463, 43.21, 43.345, 43.799, 44.159, 43.973, 43.414, 42.329, 40.252, 39.095, 39.149, 39.305, 39.357, 39.405, 39.307, 39.105, 38.897, 38.937, 39.339, 39.743, 39.813, 39.796, 39.48, 39.048, 38.866, 38.691, 38.395, 38.152, 38.122, 38.253, 38.344, 38.48, 38.712, 38.926, 39.027, 39.257, 39.746, 39.807, 39.516, 39.552, 39.785, 39.81, 39.756, 39.946, 40.225, 40.608, 41.293, 41.877, 41.972, 41.778, 41.544, 40.955, 40.339, 40.132, 40.008, 39.887, 39.857, 40.084, 40.266, 40.19, 40.168, 39.996, 40.161, 40.129, 40.253, 40.846, 41.214, 41.067, 41.083, 41.186, 41.139, 41.214, 41.208, 40.912, 40.723, 40.713, 40.329, 39.912, 39.919, 40.1, 39.864, 39.758, 40.183, 40.646, 40.724, 40.5, 40.156, 39.914, 40.03, 39.978, 39.94, 40.078, 40.461, 40.852, 41.088, 21.079], [19.649, 17.884, 15.812, 14.192, 12.411, 9.549, 5.569, 0.0, 8.003, 15.531, 18.329, 19.274, 21.518, 23.448, 24.107, 25.606, 28.459, 30.142, 29.78, 29.963, 31.759, 33.769, 34.689, 34.88, 35.257, 36.077, 36.932, 37.221, 37.375, 37.83, 38.131, 38.224, 38.505, 38.925, 39.268, 39.353, 39.317, 39.539, 39.733, 39.57, 39.01, 38.638, 38.733, 38.841, 38.719, 38.68, 39.01, 39.22, 38.789, 39.149, 41.135, 42.451, 42.35, 42.804, 43.095, 42.816, 42.914, 43.043, 42.944, 43.021, 43.05, 42.717, 42.53, 42.3, 41.898, 42.022, 42.436, 42.426, 42.111, 41.599, 40.694, 39.764, 39.513, 39.78, 39.45, 38.506, 38.244, 38.345, 38.158, 38.134, 37.981, 37.785, 37.855, 37.86, 37.716, 37.849, 38.066, 38.196, 38.47, 38.489, 37.914, 37.736, 38.301, 38.571, 38.545, 38.648, 39.232, 40.577, 42.088, 42.945, 43.416, 43.726, 43.821, 44.053, 44.547, 44.34, 43.479, 43.104, 43.356, 43.439, 43.099, 42.856, 42.995, 43.463, 43.843, 43.66, 43.079, 41.903, 39.705, 38.466, 38.525, 38.721, 38.797, 38.827, 38.679, 38.42, 38.173, 38.221, 38.648, 39.075, 39.161, 39.148, 38.805, 38.35, 38.181, 38.024, 37.729, 37.486, 37.459, 37.58, 37.66, 37.8, 38.048, 38.269, 38.373, 38.637, 39.172, 39.241, 38.912, 38.942, 39.209, 39.236, 39.156, 39.37, 39.686, 40.076, 40.781, 41.397, 41.5, 41.288, 41.019, 40.378, 39.744, 39.555, 39.437, 39.29, 39.272, 39.591, 39.842, 39.749, 39.729, 39.622, 39.828, 39.785, 39.918, 40.561, 40.963, 40.835, 40.864, 40.953, 40.875, 40.949, 40.95, 40.638, 40.436, 40.436, 40.044, 39.599, 39.584, 39.75, 39.5, 39.362, 39.767, 40.222, 40.28, 40.031, 39.64, 39.348, 39.455, 39.394, 39.371, 39.551, 39.958, 40.351, 40.582, 22.478], [23.279, 21.764, 20.189, 18.845, 17.413, 15.342, 12.564, 8.003, 0.0, 8.647, 12.652, 14.265, 16.909, 19.31, 20.298, 22.074, 25.456, 27.691, 27.874, 28.789, 31.168, 33.499, 34.45, 34.506, 34.81, 35.684, 36.55, 36.836, 37.039, 37.558, 37.897, 38.008, 38.321, 38.82, 39.256, 39.37, 39.302, 39.537, 39.768, 39.609, 39.004, 38.568, 38.627, 38.717, 38.554, 38.485, 38.808, 39.053, 38.649, 39.082, 41.17, 42.484, 42.366, 42.826, 43.105, 42.778, 42.85, 42.989, 42.885, 42.928, 42.95, 42.608, 42.406, 42.174, 41.764, 41.862, 42.251, 42.223, 41.897, 41.386, 40.477, 39.566, 39.377, 39.68, 39.36, 38.421, 38.138, 38.183, 37.978, 37.935, 37.747, 37.519, 37.56, 37.553, 37.418, 37.558, 37.787, 37.927, 38.209, 38.228, 37.643, 37.489, 38.107, 38.433, 38.442, 38.573, 39.187, 40.564, 42.033, 42.822, 43.28, 43.598, 43.665, 43.868, 44.354, 44.125, 43.25, 42.884, 43.163, 43.26, 42.914, 42.66, 42.78, 43.254, 43.654, 43.5, 42.991, 41.79, 39.525, 38.217, 38.251, 38.489, 38.597, 38.598, 38.381, 38.046, 37.734, 37.803, 38.296, 38.754, 38.853, 38.849, 38.498, 38.052, 37.931, 37.82, 37.547, 37.321, 37.296, 37.38, 37.432, 37.56, 37.792, 37.991, 38.096, 38.4, 38.982, 39.064, 38.712, 38.735, 39.027, 39.059, 38.961, 39.19, 39.522, 39.914, 40.628, 41.279, 41.402, 41.169, 40.855, 40.176, 39.543, 39.37, 39.249, 39.059, 39.043, 39.477, 39.814, 39.688, 39.656, 39.636, 39.876, 39.817, 39.991, 40.703, 41.162, 41.076, 41.127, 41.196, 41.076, 41.148, 41.157, 40.829, 40.608, 40.616, 40.228, 39.721, 39.622, 39.76, 39.532, 39.381, 39.75, 40.186, 40.229, 39.97, 39.532, 39.165, 39.258, 39.197, 39.161, 39.328, 39.717, 40.084, 40.294, 25.783], [27.673, 26.382, 25.18, 24.087, 22.869, 21.119, 18.981, 15.531, 8.647, 0.0, 5.643, 9.204, 12.774, 15.515, 16.82, 18.962, 22.899, 25.841, 26.926, 28.724, 31.568, 34.071, 34.998, 34.941, 35.202, 36.133, 36.996, 37.28, 37.515, 38.055, 38.403, 38.525, 38.847, 39.357, 39.818, 39.95, 39.891, 40.151, 40.414, 40.286, 39.705, 39.259, 39.295, 39.386, 39.219, 39.127, 39.421, 39.672, 39.342, 39.829, 41.849, 43.105, 42.987, 43.424, 43.7, 43.387, 43.446, 43.575, 43.468, 43.505, 43.534, 43.202, 42.991, 42.748, 42.346, 42.42, 42.764, 42.717, 42.396, 41.911, 41.061, 40.222, 40.084, 40.402, 40.134, 39.307, 39.001, 38.945, 38.736, 38.697, 38.513, 38.295, 38.322, 38.316, 38.181, 38.308, 38.542, 38.69, 38.957, 38.968, 38.376, 38.202, 38.83, 39.191, 39.226, 39.349, 39.89, 41.136, 42.442, 43.116, 43.543, 43.846, 43.876, 44.047, 44.531, 44.312, 43.457, 43.103, 43.392, 43.501, 43.148, 42.85, 42.917, 43.366, 43.757, 43.679, 43.428, 42.4, 40.232, 38.944, 38.94, 39.196, 39.312, 39.272, 39.031, 38.698, 38.37, 38.439, 38.966, 39.445, 39.538, 39.532, 39.206, 38.811, 38.734, 38.665, 38.431, 38.237, 38.218, 38.268, 38.297, 38.405, 38.591, 38.744, 38.834, 39.127, 39.691, 39.784, 39.472, 39.496, 39.769, 39.793, 39.696, 39.922, 40.237, 40.624, 41.321, 41.962, 42.105, 41.892, 41.585, 40.943, 40.34, 40.144, 40.003, 39.789, 39.752, 40.21, 40.573, 40.426, 40.352, 40.364, 40.615, 40.545, 40.72, 41.42, 41.906, 41.873, 41.943, 41.995, 41.857, 41.936, 41.962, 41.654, 41.437, 41.435, 41.065, 40.547, 40.389, 40.495, 40.297, 40.164, 40.508, 40.928, 40.976, 40.73, 40.297, 39.918, 40.014, 39.973, 39.889, 39.941, 40.236, 40.539, 40.703, 29.878], [29.241, 28.044, 26.998, 26.036, 24.915, 23.255, 21.265, 18.329, 12.652, 5.643, 0.0, 5.416, 10.508, 13.619, 14.823, 17.091, 21.417, 24.71, 26.164, 28.278, 31.298, 33.892, 34.839, 34.762, 35.043, 36.06, 37.003, 37.342, 37.613, 38.182, 38.566, 38.721, 39.057, 39.566, 40.031, 40.18, 40.151, 40.428, 40.693, 40.568, 39.999, 39.553, 39.584, 39.685, 39.523, 39.414, 39.697, 39.949, 39.654, 40.114, 42.072, 43.323, 43.207, 43.632, 43.918, 43.63, 43.693, 43.807, 43.69, 43.733, 43.763, 43.429, 43.215, 42.971, 42.584, 42.667, 43.001, 42.949, 42.631, 42.153, 41.323, 40.52, 40.406, 40.713, 40.458, 39.687, 39.389, 39.298, 39.077, 39.039, 38.852, 38.615, 38.628, 38.624, 38.488, 38.616, 38.859, 39.007, 39.255, 39.252, 38.637, 38.44, 39.089, 39.479, 39.527, 39.64, 40.139, 41.334, 42.598, 43.266, 43.699, 44.001, 44.026, 44.195, 44.671, 44.445, 43.584, 43.222, 43.511, 43.624, 43.261, 42.933, 42.96, 43.368, 43.728, 43.687, 43.579, 42.676, 40.562, 39.283, 39.279, 39.532, 39.632, 39.563, 39.319, 39.004, 38.69, 38.76, 39.278, 39.758, 39.84, 39.829, 39.525, 39.135, 39.047, 38.977, 38.754, 38.587, 38.612, 38.693, 38.734, 38.84, 39.024, 39.168, 39.232, 39.487, 40.026, 40.125, 39.837, 39.857, 40.124, 40.149, 40.057, 40.298, 40.612, 40.982, 41.662, 42.289, 42.434, 42.233, 41.939, 41.313, 40.709, 40.49, 40.332, 40.107, 40.055, 40.486, 40.819, 40.671, 40.596, 40.628, 40.893, 40.816, 40.964, 41.65, 42.15, 42.126, 42.195, 42.248, 42.104, 42.177, 42.208, 41.92, 41.713, 41.708, 41.353, 40.854, 40.695, 40.795, 40.602, 40.47, 40.804, 41.218, 41.271, 41.034, 40.607, 40.233, 40.333, 40.3, 40.199, 40.22, 40.525, 40.831, 40.97, 31.284], [29.425, 28.324, 27.405, 26.521, 25.509, 23.987, 22.077, 19.274, 14.265, 9.204, 5.416, 0.0, 6.436, 10.878, 12.459, 14.447, 18.923, 22.502, 24.148, 26.502, 29.73, 32.471, 33.479, 33.388, 33.699, 34.838, 35.918, 36.343, 36.684, 37.341, 37.814, 38.028, 38.396, 38.936, 39.444, 39.623, 39.609, 39.905, 40.184, 40.053, 39.46, 38.995, 39.044, 39.16, 38.995, 38.901, 39.227, 39.488, 39.162, 39.552, 41.499, 42.793, 42.68, 43.098, 43.371, 43.065, 43.124, 43.228, 43.097, 43.13, 43.144, 42.8, 42.596, 42.354, 41.954, 42.051, 42.418, 42.372, 42.042, 41.541, 40.673, 39.852, 39.757, 40.074, 39.816, 39.091, 38.876, 38.806, 38.578, 38.528, 38.305, 38.032, 38.047, 38.037, 37.872, 37.994, 38.258, 38.414, 38.659, 38.653, 38.022, 37.823, 38.471, 38.856, 38.922, 39.068, 39.601, 40.834, 42.134, 42.841, 43.308, 43.637, 43.684, 43.868, 44.34, 44.091, 43.198, 42.822, 43.123, 43.248, 42.895, 42.576, 42.595, 42.981, 43.314, 43.245, 43.089, 42.148, 39.962, 38.654, 38.703, 38.978, 39.067, 38.992, 38.729, 38.384, 38.053, 38.12, 38.639, 39.13, 39.236, 39.263, 38.97, 38.542, 38.415, 38.316, 38.065, 37.894, 37.949, 38.058, 38.106, 38.226, 38.443, 38.608, 38.66, 38.921, 39.501, 39.611, 39.287, 39.283, 39.57, 39.607, 39.498, 39.744, 40.08, 40.445, 41.126, 41.759, 41.902, 41.692, 41.383, 40.727, 40.102, 39.886, 39.708, 39.464, 39.424, 39.881, 40.215, 40.053, 39.99, 40.049, 40.328, 40.224, 40.375, 41.146, 41.7, 41.661, 41.725, 41.792, 41.648, 41.721, 41.749, 41.447, 41.246, 41.267, 40.902, 40.376, 40.216, 40.326, 40.112, 39.941, 40.257, 40.662, 40.716, 40.478, 40.016, 39.599, 39.7, 39.658, 39.553, 39.624, 40.023, 40.4, 40.557, 31.319], [30.424, 29.498, 28.816, 28.046, 27.172, 25.862, 24.137, 21.518, 16.909, 12.774, 10.508, 6.436, 0.0, 5.9, 9.116, 11.41, 15.505, 19.256, 21.552, 24.634, 28.14, 30.977, 31.998, 31.834, 32.15, 33.454, 34.693, 35.189, 35.583, 36.316, 36.883, 37.163, 37.567, 38.16, 38.744, 38.966, 38.961, 39.279, 39.585, 39.455, 38.829, 38.34, 38.408, 38.535, 38.362, 38.291, 38.645, 38.908, 38.54, 38.875, 40.84, 42.179, 42.073, 42.49, 42.742, 42.405, 42.46, 42.56, 42.423, 42.446, 42.445, 42.1, 41.911, 41.666, 41.242, 41.356, 41.77, 41.732, 41.384, 40.855, 39.934, 39.061, 38.969, 39.303, 39.054, 38.404, 38.312, 38.278, 38.056, 38.001, 37.737, 37.446, 37.483, 37.471, 37.261, 37.358, 37.638, 37.808, 38.06, 38.058, 37.42, 37.221, 37.836, 38.192, 38.284, 38.483, 39.077, 40.343, 41.625, 42.3, 42.763, 43.119, 43.186, 43.373, 43.845, 43.582, 42.658, 42.27, 42.588, 42.729, 42.393, 42.097, 42.12, 42.495, 42.811, 42.721, 42.533, 41.536, 39.237, 37.858, 37.937, 38.238, 38.322, 38.248, 37.978, 37.609, 37.253, 37.306, 37.861, 38.413, 38.579, 38.666, 38.383, 37.911, 37.748, 37.625, 37.338, 37.133, 37.179, 37.277, 37.309, 37.429, 37.667, 37.861, 37.919, 38.21, 38.855, 38.979, 38.607, 38.58, 38.895, 38.947, 38.815, 39.059, 39.43, 39.819, 40.515, 41.165, 41.32, 41.106, 40.78, 40.104, 39.478, 39.28, 39.09, 38.831, 38.827, 39.36, 39.732, 39.549, 39.475, 39.539, 39.83, 39.69, 39.848, 40.725, 41.329, 41.273, 41.345, 41.429, 41.284, 41.365, 41.388, 41.064, 40.874, 40.929, 40.55, 39.969, 39.785, 39.898, 39.672, 39.468, 39.758, 40.154, 40.212, 39.966, 39.456, 38.983, 39.074, 39.012, 38.892, 38.977, 39.403, 39.827, 40.02, 32.146], [31.481, 30.65, 30.127, 29.443, 28.616, 27.4, 25.818, 23.448, 19.31, 15.515, 13.619, 10.878, 5.9, 0.0, 5.254, 9.517, 13.65, 17.119, 19.931, 23.717, 27.432, 30.297, 31.315, 31.112, 31.436, 32.884, 34.271, 34.824, 35.223, 35.973, 36.595, 36.926, 37.36, 37.981, 38.603, 38.864, 38.891, 39.225, 39.54, 39.42, 38.799, 38.311, 38.38, 38.501, 38.323, 38.242, 38.569, 38.818, 38.443, 38.746, 40.674, 42.008, 41.924, 42.342, 42.584, 42.259, 42.328, 42.425, 42.296, 42.331, 42.325, 41.982, 41.804, 41.566, 41.15, 41.289, 41.729, 41.693, 41.341, 40.809, 39.88, 38.994, 38.889, 39.218, 38.981, 38.384, 38.335, 38.298, 38.082, 38.03, 37.757, 37.47, 37.525, 37.521, 37.285, 37.361, 37.645, 37.82, 38.069, 38.05, 37.393, 37.184, 37.792, 38.15, 38.252, 38.459, 39.061, 40.306, 41.535, 42.153, 42.581, 42.943, 43.023, 43.202, 43.667, 43.407, 42.486, 42.093, 42.405, 42.557, 42.241, 41.963, 41.991, 42.36, 42.676, 42.606, 42.455, 41.484, 39.173, 37.775, 37.829, 38.107, 38.178, 38.105, 37.844, 37.493, 37.146, 37.199, 37.779, 38.375, 38.572, 38.682, 38.411, 37.936, 37.769, 37.656, 37.368, 37.142, 37.165, 37.241, 37.262, 37.367, 37.592, 37.797, 37.868, 38.164, 38.81, 38.943, 38.582, 38.545, 38.848, 38.905, 38.769, 39.002, 39.375, 39.774, 40.469, 41.127, 41.294, 41.085, 40.767, 40.116, 39.511, 39.326, 39.143, 38.881, 38.883, 39.421, 39.792, 39.61, 39.521, 39.567, 39.875, 39.747, 39.899, 40.787, 41.396, 41.339, 41.424, 41.524, 41.385, 41.466, 41.479, 41.146, 40.962, 41.026, 40.654, 40.073, 39.875, 39.967, 39.741, 39.55, 39.83, 40.216, 40.286, 40.046, 39.535, 39.069, 39.153, 39.085, 38.964, 39.033, 39.425, 39.83, 40.016, 33.139], [31.931, 31.088, 30.589, 29.909, 29.056, 27.851, 26.334, 24.107, 20.298, 16.82, 14.823, 12.459, 9.116, 5.254, 0.0, 6.408, 12.42, 16.219, 18.829, 22.739, 26.706, 29.75, 30.86, 30.698, 31.066, 32.608, 34.114, 34.733, 35.15, 35.945, 36.629, 37.012, 37.474, 38.098, 38.73, 39.03, 39.104, 39.457, 39.775, 39.666, 39.073, 38.601, 38.666, 38.789, 38.623, 38.551, 38.893, 39.136, 38.778, 39.08, 40.903, 42.161, 42.094, 42.501, 42.71, 42.394, 42.484, 42.578, 42.45, 42.49, 42.463, 42.108, 41.947, 41.733, 41.337, 41.483, 41.911, 41.872, 41.528, 41.006, 40.106, 39.258, 39.152, 39.471, 39.253, 38.708, 38.67, 38.61, 38.4, 38.348, 38.072, 37.797, 37.871, 37.872, 37.629, 37.705, 38.004, 38.191, 38.425, 38.387, 37.737, 37.55, 38.175, 38.526, 38.612, 38.802, 39.378, 40.572, 41.759, 42.353, 42.771, 43.134, 43.222, 43.398, 43.85, 43.595, 42.691, 42.298, 42.597, 42.758, 42.469, 42.208, 42.242, 42.605, 42.917, 42.844, 42.688, 41.742, 39.491, 38.148, 38.195, 38.435, 38.483, 38.406, 38.158, 37.822, 37.494, 37.571, 38.153, 38.726, 38.904, 38.998, 38.724, 38.264, 38.117, 38.019, 37.75, 37.526, 37.539, 37.616, 37.661, 37.774, 37.984, 38.183, 38.254, 38.534, 39.149, 39.278, 38.952, 38.912, 39.179, 39.228, 39.106, 39.33, 39.679, 40.065, 40.743, 41.391, 41.556, 41.348, 41.042, 40.423, 39.839, 39.648, 39.464, 39.201, 39.168, 39.639, 39.974, 39.799, 39.712, 39.761, 40.078, 39.98, 40.128, 40.98, 41.588, 41.546, 41.632, 41.736, 41.608, 41.685, 41.682, 41.335, 41.148, 41.215, 40.849, 40.297, 40.116, 40.202, 39.974, 39.79, 40.069, 40.448, 40.522, 40.298, 39.817, 39.376, 39.467, 39.415, 39.301, 39.369, 39.757, 40.143, 40.303, 33.616], [32.871, 32.052, 31.598, 30.947, 30.165, 29.09, 27.691, 25.606, 22.074, 18.962, 17.091, 14.447, 11.41, 9.517, 6.408, 0.0, 8.018, 13.525, 16.986, 21.355, 25.65, 28.937, 30.163, 30.014, 30.433, 32.117, 33.748, 34.408, 34.851, 35.74, 36.527, 36.966, 37.448, 38.092, 38.761, 39.099, 39.203, 39.58, 39.909, 39.805, 39.217, 38.767, 38.859, 38.986, 38.823, 38.774, 39.151, 39.384, 39.023, 39.319, 41.045, 42.232, 42.166, 42.565, 42.746, 42.425, 42.523, 42.621, 42.499, 42.537, 42.492, 42.13, 41.979, 41.771, 41.382, 41.541, 41.981, 41.951, 41.613, 41.088, 40.201, 39.376, 39.268, 39.592, 39.393, 38.9, 38.927, 38.882, 38.669, 38.609, 38.318, 38.04, 38.125, 38.127, 37.873, 37.941, 38.254, 38.468, 38.703, 38.664, 38.062, 37.924, 38.524, 38.828, 38.905, 39.111, 39.682, 40.812, 41.923, 42.481, 42.909, 43.277, 43.352, 43.513, 43.945, 43.678, 42.769, 42.366, 42.651, 42.814, 42.546, 42.29, 42.3, 42.631, 42.919, 42.847, 42.707, 41.784, 39.61, 38.362, 38.428, 38.643, 38.673, 38.606, 38.369, 38.03, 37.69, 37.75, 38.323, 38.883, 39.069, 39.196, 38.957, 38.516, 38.381, 38.288, 38.016, 37.768, 37.76, 37.84, 37.912, 38.048, 38.258, 38.446, 38.504, 38.776, 39.38, 39.495, 39.16, 39.114, 39.377, 39.431, 39.311, 39.52, 39.857, 40.255, 40.938, 41.574, 41.746, 41.551, 41.242, 40.632, 40.059, 39.856, 39.664, 39.41, 39.357, 39.783, 40.097, 39.907, 39.806, 39.865, 40.187, 40.102, 40.261, 41.134, 41.769, 41.743, 41.831, 41.94, 41.819, 41.891, 41.887, 41.539, 41.354, 41.429, 41.065, 40.521, 40.36, 40.463, 40.231, 40.025, 40.28, 40.636, 40.699, 40.488, 40.014, 39.535, 39.597, 39.546, 39.423, 39.465, 39.827, 40.206, 40.376, 34.501], [34.665, 33.926, 33.571, 33.026, 32.397, 31.505, 30.277, 28.459, 25.456, 22.899, 21.417, 18.923, 15.505, 13.65, 12.42, 8.018, 0.0, 7.807, 14.694, 20.686, 25.136, 28.403, 29.629, 29.42, 29.926, 31.9, 33.754, 34.453, 34.885, 35.83, 36.71, 37.189, 37.662, 38.33, 39.048, 39.411, 39.54, 39.942, 40.274, 40.163, 39.574, 39.152, 39.274, 39.399, 39.21, 39.12, 39.477, 39.694, 39.327, 39.598, 41.194, 42.292, 42.232, 42.627, 42.8, 42.489, 42.587, 42.684, 42.576, 42.614, 42.562, 42.222, 42.083, 41.879, 41.517, 41.732, 42.222, 42.215, 41.882, 41.344, 40.464, 39.66, 39.536, 39.846, 39.646, 39.19, 39.306, 39.31, 39.1, 39.031, 38.745, 38.484, 38.571, 38.567, 38.302, 38.336, 38.616, 38.833, 39.088, 39.066, 38.524, 38.409, 38.941, 39.182, 39.256, 39.474, 40.037, 41.089, 42.076, 42.551, 42.952, 43.312, 43.37, 43.519, 43.919, 43.625, 42.72, 42.319, 42.587, 42.743, 42.492, 42.236, 42.211, 42.507, 42.788, 42.773, 42.736, 41.901, 39.846, 38.702, 38.771, 38.953, 38.962, 38.911, 38.693, 38.366, 38.019, 38.041, 38.565, 39.113, 39.331, 39.529, 39.375, 38.984, 38.862, 38.765, 38.468, 38.171, 38.118, 38.19, 38.279, 38.435, 38.646, 38.822, 38.864, 39.105, 39.682, 39.803, 39.489, 39.427, 39.672, 39.737, 39.62, 39.799, 40.13, 40.553, 41.219, 41.822, 42.0, 41.844, 41.563, 40.98, 40.422, 40.216, 40.027, 39.786, 39.722, 40.117, 40.415, 40.218, 40.069, 40.071, 40.385, 40.315, 40.473, 41.357, 42.014, 41.996, 42.091, 42.208, 42.094, 42.163, 42.164, 41.834, 41.66, 41.745, 41.422, 40.925, 40.785, 40.88, 40.643, 40.438, 40.669, 40.988, 41.043, 40.844, 40.395, 39.922, 39.954, 39.896, 39.777, 39.792, 40.094, 40.438, 40.617, 36.131], [35.614, 34.915, 34.625, 34.166, 33.645, 32.863, 31.738, 30.142, 27.691, 25.841, 24.71, 22.502, 19.256, 17.119, 16.219, 13.525, 7.807, 0.0, 10.129, 18.339, 23.43, 26.848, 28.089, 27.81, 28.585, 31.061, 33.287, 34.149, 34.604, 35.562, 36.531, 37.092, 37.603, 38.309, 39.078, 39.48, 39.646, 40.079, 40.417, 40.297, 39.706, 39.283, 39.407, 39.542, 39.355, 39.246, 39.593, 39.813, 39.457, 39.717, 41.208, 42.205, 42.15, 42.548, 42.692, 42.385, 42.51, 42.605, 42.504, 42.547, 42.488, 42.16, 42.035, 41.849, 41.531, 41.803, 42.332, 42.342, 42.016, 41.474, 40.599, 39.822, 39.719, 40.017, 39.795, 39.362, 39.528, 39.555, 39.366, 39.293, 38.999, 38.732, 38.803, 38.79, 38.535, 38.558, 38.805, 39.002, 39.254, 39.238, 38.725, 38.603, 39.112, 39.351, 39.435, 39.651, 40.203, 41.222, 42.185, 42.655, 43.033, 43.38, 43.459, 43.627, 43.993, 43.655, 42.748, 42.365, 42.651, 42.827, 42.589, 42.342, 42.333, 42.648, 42.96, 42.967, 42.899, 42.058, 40.067, 38.931, 38.978, 39.154, 39.16, 39.113, 38.888, 38.555, 38.215, 38.251, 38.756, 39.282, 39.502, 39.716, 39.577, 39.194, 39.074, 38.965, 38.651, 38.336, 38.26, 38.326, 38.418, 38.572, 38.78, 38.951, 38.976, 39.187, 39.744, 39.879, 39.605, 39.538, 39.755, 39.81, 39.698, 39.885, 40.232, 40.655, 41.291, 41.885, 42.069, 41.929, 41.672, 41.092, 40.512, 40.297, 40.098, 39.827, 39.725, 40.113, 40.418, 40.226, 40.072, 40.093, 40.45, 40.402, 40.536, 41.392, 42.056, 42.05, 42.149, 42.27, 42.151, 42.204, 42.188, 41.858, 41.689, 41.774, 41.478, 41.024, 40.895, 40.983, 40.758, 40.569, 40.788, 41.084, 41.143, 40.97, 40.552, 40.1, 40.131, 40.084, 39.983, 40.032, 40.372, 40.72, 40.879, 36.973], [34.807, 34.14, 33.927, 33.519, 33.062, 32.367, 31.271, 29.78, 27.874, 26.926, 26.164, 24.148, 21.552, 19.931, 18.829, 16.986, 14.694, 10.129, 0.0, 10.382, 17.638, 22.274, 23.839, 23.631, 24.857, 27.974, 30.722, 31.891, 32.52, 33.609, 34.741, 35.479, 36.1, 36.839, 37.64, 38.091, 38.284, 38.76, 39.16, 39.076, 38.492, 38.078, 38.225, 38.419, 38.353, 38.448, 38.885, 39.111, 38.741, 38.988, 40.568, 41.622, 41.556, 41.959, 42.088, 41.771, 41.926, 42.034, 41.942, 41.997, 41.938, 41.602, 41.479, 41.289, 40.963, 41.252, 41.801, 41.809, 41.471, 40.919, 40.017, 39.198, 39.095, 39.423, 39.198, 38.704, 38.827, 38.86, 38.675, 38.606, 38.282, 37.95, 37.996, 37.987, 37.758, 37.811, 38.064, 38.24, 38.47, 38.434, 37.883, 37.754, 38.303, 38.599, 38.722, 38.979, 39.601, 40.742, 41.847, 42.392, 42.776, 43.138, 43.261, 43.448, 43.805, 43.438, 42.488, 42.11, 42.446, 42.658, 42.433, 42.232, 42.283, 42.626, 42.946, 42.841, 42.5, 41.51, 39.436, 38.144, 38.148, 38.369, 38.414, 38.371, 38.125, 37.768, 37.424, 37.461, 38.008, 38.6, 38.84, 39.029, 38.811, 38.362, 38.205, 38.045, 37.701, 37.398, 37.343, 37.423, 37.494, 37.622, 37.848, 38.046, 38.074, 38.338, 38.963, 39.084, 38.763, 38.713, 38.948, 38.98, 38.878, 39.121, 39.501, 39.95, 40.649, 41.282, 41.472, 41.325, 41.056, 40.431, 39.8, 39.572, 39.336, 39.018, 38.908, 39.334, 39.664, 39.454, 39.328, 39.424, 39.83, 39.776, 39.915, 40.814, 41.503, 41.483, 41.558, 41.679, 41.555, 41.592, 41.548, 41.176, 40.975, 41.041, 40.696, 40.168, 39.99, 40.075, 39.848, 39.682, 39.947, 40.266, 40.347, 40.215, 39.796, 39.305, 39.332, 39.277, 39.183, 39.264, 39.652, 40.072, 40.273, 36.133], [34.096, 33.589, 33.518, 33.157, 32.772, 32.22, 31.227, 29.963, 28.789, 28.724, 28.278, 26.502, 24.634, 23.717, 22.739, 21.355, 20.686, 18.339, 10.382, 0.0, 9.446, 16.085, 18.525, 18.914, 20.812, 24.47, 27.703, 29.195, 30.087, 31.433, 32.736, 33.605, 34.29, 34.976, 35.74, 36.23, 36.475, 37.019, 37.501, 37.48, 36.968, 36.657, 36.865, 37.128, 37.241, 37.535, 38.072, 38.294, 37.865, 38.06, 39.738, 40.916, 40.828, 41.22, 41.385, 41.096, 41.276, 41.394, 41.296, 41.345, 41.288, 40.961, 40.852, 40.654, 40.299, 40.578, 41.141, 41.155, 40.804, 40.24, 39.314, 38.468, 38.372, 38.743, 38.54, 37.981, 38.039, 38.077, 37.886, 37.854, 37.566, 37.246, 37.311, 37.301, 37.072, 37.127, 37.354, 37.496, 37.706, 37.664, 37.122, 37.041, 37.637, 37.976, 38.115, 38.41, 39.117, 40.361, 41.547, 42.119, 42.531, 42.936, 43.103, 43.292, 43.638, 43.251, 42.261, 41.886, 42.246, 42.463, 42.256, 42.116, 42.224, 42.585, 42.901, 42.709, 42.135, 41.05, 38.865, 37.364, 37.344, 37.594, 37.637, 37.573, 37.321, 36.986, 36.66, 36.65, 37.148, 37.763, 38.026, 38.216, 37.968, 37.475, 37.279, 37.075, 36.723, 36.464, 36.445, 36.529, 36.555, 36.634, 36.863, 37.082, 37.113, 37.441, 38.149, 38.253, 37.883, 37.869, 38.148, 38.19, 38.12, 38.41, 38.799, 39.241, 39.971, 40.607, 40.772, 40.609, 40.345, 39.719, 39.07, 38.841, 38.587, 38.236, 38.097, 38.457, 38.743, 38.558, 38.52, 38.676, 39.098, 39.034, 39.193, 40.131, 40.822, 40.755, 40.768, 40.854, 40.711, 40.741, 40.682, 40.261, 40.01, 40.064, 39.678, 39.064, 38.838, 38.893, 38.633, 38.511, 38.869, 39.204, 39.279, 39.173, 38.768, 38.311, 38.377, 38.312, 38.234, 38.331, 38.728, 39.234, 39.521, 35.206], [34.614, 34.375, 34.514, 34.223, 33.938, 33.561, 32.731, 31.759, 31.168, 31.568, 31.298, 29.73, 28.14, 27.432, 26.706, 25.65, 25.136, 23.43, 17.638, 9.446, 0.0, 8.263, 12.275, 13.966, 16.945, 21.325, 25.105, 26.891, 28.028, 29.618, 31.079, 32.064, 32.822, 33.504, 34.279, 34.824, 35.127, 35.726, 36.256, 36.271, 35.798, 35.571, 35.863, 36.184, 36.388, 36.778, 37.407, 37.66, 37.127, 37.256, 39.092, 40.369, 40.251, 40.667, 40.876, 40.61, 40.83, 40.976, 40.868, 40.888, 40.807, 40.483, 40.394, 40.197, 39.813, 40.098, 40.697, 40.725, 40.367, 39.778, 38.806, 37.941, 37.841, 38.21, 37.982, 37.325, 37.381, 37.449, 37.25, 37.292, 37.067, 36.771, 36.86, 36.854, 36.609, 36.641, 36.841, 36.987, 37.228, 37.21, 36.723, 36.72, 37.333, 37.677, 37.813, 38.14, 38.94, 40.269, 41.466, 42.017, 42.442, 42.891, 43.104, 43.305, 43.623, 43.194, 42.157, 41.762, 42.121, 42.339, 42.166, 42.099, 42.259, 42.617, 42.921, 42.708, 42.018, 40.833, 38.424, 36.656, 36.647, 36.936, 36.964, 36.88, 36.613, 36.281, 35.955, 35.92, 36.424, 37.051, 37.322, 37.537, 37.273, 36.685, 36.428, 36.217, 35.864, 35.631, 35.648, 35.748, 35.738, 35.778, 36.03, 36.293, 36.326, 36.694, 37.479, 37.575, 37.165, 37.171, 37.498, 37.564, 37.502, 37.823, 38.241, 38.645, 39.366, 40.024, 40.177, 40.002, 39.747, 39.102, 38.408, 38.175, 37.91, 37.536, 37.382, 37.687, 37.949, 37.827, 37.882, 38.023, 38.416, 38.349, 38.514, 39.494, 40.209, 40.107, 40.08, 40.147, 39.988, 40.009, 39.947, 39.497, 39.22, 39.287, 38.864, 38.173, 37.934, 37.976, 37.674, 37.581, 38.019, 38.367, 38.422, 38.297, 37.881, 37.479, 37.602, 37.529, 37.468, 37.602, 37.997, 38.523, 38.852, 35.304], [35.617, 35.586, 35.873, 35.663, 35.473, 35.214, 34.515, 33.769, 33.499, 34.071, 33.892, 32.471, 30.977, 30.297, 29.75, 28.937, 28.403, 26.848, 22.274, 16.085, 8.263, 0.0, 5.754, 9.843, 14.236, 19.051, 23.127, 25.105, 26.428, 28.201, 29.816, 30.946, 31.795, 32.512, 33.335, 33.953, 34.349, 35.027, 35.595, 35.646, 35.217, 35.046, 35.387, 35.75, 36.007, 36.427, 37.098, 37.392, 36.807, 36.882, 38.839, 40.173, 40.05, 40.494, 40.727, 40.475, 40.731, 40.912, 40.821, 40.836, 40.75, 40.432, 40.34, 40.136, 39.734, 40.025, 40.644, 40.677, 40.319, 39.725, 38.725, 37.825, 37.683, 38.013, 37.746, 36.984, 37.003, 37.093, 36.876, 36.963, 36.778, 36.492, 36.602, 36.617, 36.361, 36.378, 36.587, 36.774, 37.054, 37.057, 36.616, 36.665, 37.241, 37.549, 37.694, 38.053, 38.907, 40.266, 41.457, 42.002, 42.418, 42.87, 43.107, 43.323, 43.623, 43.174, 42.104, 41.668, 42.006, 42.233, 42.095, 42.091, 42.302, 42.649, 42.927, 42.697, 41.952, 40.707, 38.14, 36.19, 36.201, 36.534, 36.581, 36.506, 36.228, 35.888, 35.547, 35.493, 36.057, 36.757, 37.058, 37.298, 37.015, 36.344, 36.04, 35.834, 35.479, 35.256, 35.302, 35.421, 35.395, 35.414, 35.682, 35.973, 36.013, 36.389, 37.2, 37.3, 36.876, 36.865, 37.209, 37.288, 37.225, 37.56, 37.997, 38.375, 39.079, 39.752, 39.908, 39.732, 39.473, 38.809, 38.092, 37.87, 37.613, 37.25, 37.119, 37.419, 37.676, 37.587, 37.662, 37.694, 38.021, 37.951, 38.11, 39.107, 39.841, 39.739, 39.725, 39.815, 39.678, 39.712, 39.659, 39.213, 38.942, 39.024, 38.562, 37.786, 37.493, 37.507, 37.172, 37.084, 37.548, 37.903, 37.956, 37.826, 37.435, 37.117, 37.3, 37.214, 37.162, 37.321, 37.658, 38.112, 38.435, 35.914], [36.159, 36.206, 36.538, 36.369, 36.223, 36.016, 35.376, 34.689, 34.45, 34.998, 34.839, 33.479, 31.998, 31.315, 30.86, 30.163, 29.629, 28.089, 23.839, 18.525, 12.275, 5.754, 0.0, 6.201, 12.195, 17.482, 21.673, 23.734, 25.197, 27.138, 28.917, 30.175, 31.1, 31.887, 32.798, 33.501, 33.985, 34.735, 35.342, 35.432, 35.033, 34.88, 35.233, 35.615, 35.897, 36.346, 37.029, 37.34, 36.781, 36.822, 38.774, 40.12, 39.996, 40.432, 40.657, 40.394, 40.641, 40.833, 40.757, 40.771, 40.694, 40.384, 40.291, 40.083, 39.665, 39.934, 40.545, 40.577, 40.224, 39.645, 38.653, 37.757, 37.625, 37.954, 37.688, 36.909, 36.865, 36.929, 36.708, 36.81, 36.638, 36.357, 36.483, 36.513, 36.256, 36.273, 36.495, 36.689, 36.955, 36.952, 36.539, 36.625, 37.178, 37.473, 37.64, 38.018, 38.869, 40.212, 41.388, 41.92, 42.316, 42.758, 43.0, 43.215, 43.502, 43.049, 41.976, 41.537, 41.87, 42.098, 41.971, 41.993, 42.23, 42.584, 42.852, 42.593, 41.81, 40.556, 37.962, 35.965, 35.985, 36.35, 36.414, 36.347, 36.088, 35.773, 35.42, 35.338, 35.945, 36.71, 37.046, 37.305, 37.021, 36.327, 36.007, 35.793, 35.427, 35.204, 35.269, 35.388, 35.339, 35.345, 35.623, 35.927, 35.969, 36.329, 37.135, 37.241, 36.814, 36.784, 37.115, 37.191, 37.143, 37.495, 37.936, 38.312, 39.015, 39.691, 39.858, 39.693, 39.437, 38.775, 38.063, 37.845, 37.588, 37.231, 37.111, 37.403, 37.646, 37.555, 37.624, 37.608, 37.917, 37.841, 38.001, 39.017, 39.764, 39.668, 39.678, 39.794, 39.674, 39.715, 39.669, 39.238, 38.978, 39.066, 38.578, 37.724, 37.316, 37.249, 36.903, 36.839, 37.301, 37.63, 37.69, 37.606, 37.252, 36.959, 37.164, 37.068, 36.985, 37.115, 37.42, 37.839, 38.163, 36.299], [36.335, 36.374, 36.718, 36.565, 36.436, 36.258, 35.626, 34.88, 34.506, 34.941, 34.762, 33.388, 31.834, 31.112, 30.698, 30.014, 29.42, 27.81, 23.631, 18.914, 13.966, 9.843, 6.201, 0.0, 7.723, 14.81, 19.807, 21.949, 23.475, 25.65, 27.666, 29.055, 30.082, 31.048, 32.147, 32.958, 33.511, 34.317, 34.959, 35.082, 34.695, 34.527, 34.888, 35.304, 35.596, 36.097, 36.826, 37.148, 36.598, 36.706, 38.709, 40.08, 39.963, 40.386, 40.595, 40.312, 40.533, 40.719, 40.661, 40.687, 40.613, 40.31, 40.234, 40.03, 39.588, 39.828, 40.424, 40.45, 40.098, 39.526, 38.526, 37.624, 37.519, 37.873, 37.617, 36.846, 36.76, 36.796, 36.596, 36.715, 36.538, 36.257, 36.403, 36.445, 36.19, 36.216, 36.452, 36.644, 36.895, 36.881, 36.424, 36.451, 36.995, 37.289, 37.455, 37.818, 38.641, 39.985, 41.143, 41.619, 41.982, 42.43, 42.677, 42.902, 43.203, 42.742, 41.665, 41.254, 41.621, 41.854, 41.729, 41.745, 41.948, 42.294, 42.568, 42.313, 41.542, 40.262, 37.674, 35.725, 35.798, 36.209, 36.288, 36.223, 35.987, 35.716, 35.373, 35.256, 35.847, 36.648, 37.023, 37.299, 37.016, 36.308, 35.965, 35.724, 35.338, 35.122, 35.2, 35.298, 35.21, 35.216, 35.511, 35.82, 35.873, 36.236, 37.038, 37.151, 36.731, 36.698, 37.004, 37.058, 37.018, 37.379, 37.82, 38.213, 38.941, 39.613, 39.78, 39.635, 39.394, 38.733, 38.024, 37.798, 37.531, 37.157, 37.016, 37.31, 37.577, 37.465, 37.512, 37.548, 37.896, 37.814, 37.991, 39.046, 39.813, 39.717, 39.723, 39.838, 39.72, 39.757, 39.702, 39.277, 39.025, 39.119, 38.62, 37.718, 37.202, 37.063, 36.724, 36.685, 37.139, 37.454, 37.526, 37.466, 37.086, 36.729, 36.931, 36.841, 36.725, 36.842, 37.204, 37.669, 38.011, 36.496], [36.465, 36.522, 36.906, 36.826, 36.781, 36.675, 36.057, 35.257, 34.81, 35.202, 35.043, 33.699, 32.15, 31.436, 31.066, 30.433, 29.926, 28.585, 24.857, 20.812, 16.945, 14.236, 12.195, 7.723, 0.0, 9.02, 15.771, 18.404, 20.004, 22.512, 24.905, 26.551, 27.794, 29.063, 30.492, 31.531, 32.285, 33.253, 33.973, 34.132, 33.771, 33.624, 34.021, 34.5, 34.849, 35.408, 36.183, 36.544, 35.992, 36.238, 38.498, 40.017, 39.918, 40.343, 40.578, 40.297, 40.498, 40.683, 40.648, 40.698, 40.617, 40.291, 40.204, 39.992, 39.526, 39.729, 40.285, 40.286, 39.937, 39.367, 38.334, 37.384, 37.264, 37.66, 37.416, 36.563, 36.408, 36.46, 36.262, 36.391, 36.225, 35.934, 36.089, 36.147, 35.891, 35.916, 36.177, 36.408, 36.686, 36.688, 36.172, 36.078, 36.578, 36.862, 37.014, 37.332, 38.106, 39.444, 40.573, 40.968, 41.285, 41.739, 41.986, 42.206, 42.513, 42.048, 40.975, 40.584, 40.97, 41.19, 41.046, 41.047, 41.244, 41.601, 41.893, 41.681, 41.008, 39.691, 37.014, 35.071, 35.183, 35.629, 35.735, 35.717, 35.555, 35.365, 35.07, 34.899, 35.416, 36.231, 36.646, 36.945, 36.674, 35.963, 35.587, 35.313, 34.923, 34.748, 