[[0.0, 7.786, 17.961, 24.042, 28.235, 30.032, 32.695, 38.283, 40.57, 41.054, 41.969, 42.534, 42.766, 43.029, 43.295, 43.188, 43.054, 43.279, 43.52, 43.64, 43.497, 43.305, 43.031, 42.714, 42.73, 42.763, 42.531, 42.341, 42.292, 42.262, 42.491, 42.682, 42.415, 42.393, 42.989, 42.829, 42.664, 42.473, 42.155, 42.085, 41.945, 41.752, 41.893, 42.011, 42.255, 42.519, 42.521, 42.51, 42.613, 42.416, 42.397, 42.76, 42.925, 42.698, 42.769, 42.598, 42.294, 42.327, 42.441, 42.763, 42.866, 43.404, 44.897, 46.683, 47.003, 46.725, 47.495, 47.758, 47.418, 47.134, 46.417, 45.78, 45.738, 46.033, 46.903, 47.176, 46.398, 46.054, 45.461, 45.048, 45.647, 46.236, 45.548, 44.43, 43.974, 44.003, 43.991, 43.603, 43.368, 43.236, 43.175, 43.284, 43.488, 43.628, 43.752, 43.9, 43.52, 43.207, 43.012, 43.78, 44.11, 43.88, 44.394, 44.604, 44.526, 44.158, 43.734, 43.464, 43.289, 43.307, 43.339, 43.262, 43.193, 43.099, 43.05, 43.121, 43.188, 43.212, 43.438, 43.498, 43.497, 43.426, 43.043, 43.56, 44.871, 46.248, 4.608], [7.786, 0.0, 12.689, 20.858, 26.112, 28.384, 31.472, 37.623, 40.134, 40.676, 41.644, 42.21, 42.451, 42.797, 43.135, 43.03, 42.94, 43.23, 43.454, 43.522, 43.353, 43.176, 42.957, 42.671, 42.691, 42.725, 42.472, 42.258, 42.192, 42.161, 42.379, 42.56, 42.299, 42.269, 42.91, 42.851, 42.723, 42.516, 42.201, 42.121, 41.945, 41.754, 41.898, 41.983, 42.164, 42.379, 42.39, 42.398, 42.502, 42.291, 42.267, 42.607, 42.811, 42.635, 42.717, 42.55, 42.255, 42.286, 42.397, 42.706, 42.808, 43.297, 44.745, 46.535, 46.923, 46.682, 47.386, 47.602, 47.276, 46.995, 46.218, 45.534, 45.457, 45.715, 46.582, 46.896, 46.133, 45.791, 45.203, 44.833, 45.462, 46.038, 45.377, 44.354, 43.879, 43.879, 43.863, 43.462, 43.241, 43.127, 43.09, 43.217, 43.441, 43.589, 43.703, 43.868, 43.518, 43.224, 43.003, 43.695, 44.017, 43.751, 44.257, 44.468, 44.363, 43.992, 43.588, 43.368, 43.208, 43.205, 43.243, 43.173, 43.111, 43.026, 42.977, 43.049, 43.121, 43.14, 43.332, 43.395, 43.449, 43.436, 43.029, 43.536, 44.852, 46.288, 9.655], [17.961, 12.689, 0.0, 12.732, 21.159, 24.579, 28.242, 35.394, 38.321, 39.073, 40.298, 40.925, 41.192, 41.644, 42.096, 42.036, 42.03, 42.432, 42.725, 42.947, 42.773, 42.531, 42.329, 42.06, 42.109, 42.113, 41.864, 41.754, 41.695, 41.644, 41.871, 42.059, 41.815, 41.798, 42.479, 42.493, 42.367, 42.118, 41.756, 41.596, 41.426, 41.304, 41.452, 41.433, 41.488, 41.634, 41.688, 41.686, 41.711, 41.447, 41.404, 41.779, 42.122, 42.012, 42.096, 41.954, 41.667, 41.741, 41.887, 42.206, 42.277, 42.681, 44.068, 45.866, 46.285, 46.054, 46.713, 46.908, 46.596, 46.386, 45.646, 44.878, 44.718, 45.008, 45.949, 46.278, 45.522, 45.193, 44.623, 44.257, 44.853, 45.343, 44.681, 43.688, 43.162, 43.147, 43.107, 42.686, 42.441, 42.299, 42.335, 42.487, 42.758, 42.98, 43.077, 43.261, 42.99, 42.765, 42.525, 43.136, 43.412, 43.107, 43.651, 43.778, 43.551, 43.173, 42.767, 42.585, 42.427, 42.416, 42.449, 42.383, 42.331, 42.257, 42.232, 42.331, 42.382, 42.357, 42.524, 42.618, 42.683, 42.705, 42.339, 42.762, 44.039, 45.549, 18.928], [24.042, 20.858, 12.732, 0.0, 11.798, 17.874, 21.907, 29.666, 33.445, 34.603, 36.439, 37.27, 37.638, 38.202, 38.849, 38.89, 38.922, 39.423, 39.988, 40.577, 40.485, 40.113, 39.834, 39.401, 39.413, 39.403, 39.233, 39.414, 39.442, 39.358, 39.654, 39.979, 39.778, 39.856, 40.751, 40.665, 40.375, 39.986, 39.487, 39.207, 38.9, 38.747, 38.845, 38.606, 38.51, 38.829, 38.954, 38.796, 38.636, 38.375, 38.338, 38.97, 39.644, 39.647, 39.719, 39.567, 39.3, 39.484, 39.738, 40.173, 40.264, 40.572, 42.07, 44.128, 44.562, 44.223, 45.009, 45.281, 44.912, 44.778, 44.023, 43.074, 42.786, 43.182, 44.443, 44.85, 43.903, 43.446, 42.745, 42.217, 42.871, 43.403, 42.55, 41.022, 40.31, 40.42, 40.338, 39.838, 39.561, 39.464, 39.637, 39.812, 40.181, 40.606, 40.745, 40.873, 40.535, 40.322, 40.06, 40.838, 41.184, 40.74, 41.465, 41.624, 41.256, 40.712, 40.116, 39.9, 39.678, 39.571, 39.549, 39.465, 39.383, 39.288, 39.281, 39.422, 39.466, 39.432, 39.671, 39.801, 39.854, 39.798, 39.371, 39.763, 41.308, 43.129, 24.987], [28.235, 26.112, 21.159, 11.798, 0.0, 10.078, 17.184, 24.779, 28.854, 30.488, 33.038, 34.235, 34.813, 35.675, 36.637, 36.776, 36.809, 37.375, 38.071, 38.752, 38.706, 38.393, 38.154, 37.665, 37.67, 37.669, 37.654, 38.082, 38.179, 38.102, 38.412, 38.815, 38.681, 38.839, 39.835, 39.624, 39.185, 38.716, 38.147, 37.802, 37.492, 37.41, 37.476, 37.102, 36.948, 37.449, 37.64, 37.344, 37.017, 36.756, 36.766, 37.569, 38.389, 38.422, 38.473, 38.296, 38.039, 38.28, 38.588, 39.056, 39.129, 39.368, 40.88, 43.111, 43.594, 43.171, 43.979, 44.263, 43.871, 43.815, 43.064, 42.071, 41.813, 42.294, 43.713, 44.168, 43.107, 42.574, 41.803, 41.16, 41.854, 42.479, 41.54, 39.729, 39.044, 39.288, 39.16, 38.579, 38.235, 38.138, 38.321, 38.458, 38.834, 39.339, 39.494, 39.593, 39.187, 38.924, 38.72, 39.624, 39.973, 39.439, 40.28, 40.534, 40.112, 39.468, 38.849, 38.62, 38.326, 38.186, 38.157, 38.066, 37.97, 37.855, 37.839, 37.976, 38.014, 37.987, 38.273, 38.426, 38.435, 38.243, 37.75, 38.161, 39.955, 41.971, 29.09], [30.032, 28.384, 24.579, 17.874, 10.078, 0.0, 12.437, 22.586, 26.301, 28.017, 31.188, 32.737, 33.389, 34.348, 35.5, 35.699, 35.706, 36.337, 37.106, 37.916, 38.044, 37.865, 37.655, 37.279, 37.395, 37.49, 37.566, 38.006, 38.111, 38.073, 38.411, 38.815, 38.627, 38.768, 39.837, 39.656, 39.193, 38.761, 38.193, 37.835, 37.501, 37.266, 37.262, 36.906, 36.773, 37.315, 37.51, 37.188, 36.821, 36.497, 36.487, 37.324, 38.08, 38.068, 38.163, 38.028, 37.834, 38.123, 38.45, 38.93, 38.951, 39.23, 40.793, 43.007, 43.457, 42.992, 43.8, 44.073, 43.657, 43.603, 42.896, 41.935, 41.668, 42.144, 43.541, 43.977, 42.954, 42.446, 41.707, 41.059, 41.715, 42.327, 41.424, 39.724, 39.131, 39.372, 39.226, 38.639, 38.295, 38.228, 38.423, 38.514, 38.861, 39.374, 39.521, 39.573, 39.157, 38.932, 38.751, 39.624, 39.966, 39.453, 40.232, 40.461, 40.064, 39.424, 38.792, 38.541, 38.222, 38.075, 38.032, 37.944, 37.863, 37.744, 37.723, 37.859, 37.894, 37.855, 38.149, 38.324, 38.317, 38.108, 37.685, 37.999, 39.682, 41.658, 30.82], [32.695, 31.472, 28.242, 21.907, 17.184, 12.437, 0.0, 14.814, 21.259, 23.071, 26.814, 28.522, 29.093, 30.02, 31.401, 31.773, 31.902, 32.726, 33.799, 35.445, 36.236, 35.948, 35.468, 35.035, 35.318, 35.498, 35.55, 36.161, 36.349, 36.228, 36.696, 37.32, 37.137, 37.412, 38.796, 38.567, 38.001, 37.454, 36.779, 36.282, 35.448, 34.843, 34.784, 34.265, 33.991, 34.655, 34.929, 34.496, 34.004, 33.702, 33.604, 34.697, 35.768, 35.893, 36.071, 36.031, 36.036, 36.545, 37.009, 37.583, 37.593, 37.983, 39.852, 42.345, 42.797, 42.235, 43.236, 43.598, 43.019, 42.927, 42.157, 41.002, 40.512, 41.109, 42.911, 43.448, 42.219, 41.539, 40.569, 39.657, 40.366, 40.979, 39.767, 37.409, 36.59, 36.96, 36.762, 36.083, 35.729, 35.799, 36.216, 36.372, 36.797, 37.437, 37.561, 37.509, 37.071, 36.927, 36.723, 37.636, 37.984, 37.394, 38.285, 38.388, 37.94, 37.247, 36.44, 36.165, 35.786, 35.568, 35.492, 35.398, 35.292, 35.146, 35.108, 35.277, 35.335, 35.259, 35.604, 35.862, 35.882, 35.637, 35.194, 35.597, 37.573, 39.89, 33.456], [38.283, 37.623, 35.394, 29.666, 24.779, 22.586, 14.814, 0.0, 11.635, 15.718, 20.104, 22.14, 22.905, 24.444, 26.681, 27.504, 27.891, 29.023, 30.433, 32.639, 33.989, 33.838, 33.243, 32.742, 33.183, 33.447, 33.678, 34.766, 35.158, 34.969, 35.501, 36.34, 36.231, 36.646, 38.192, 37.865, 37.12, 36.394, 35.705, 35.123, 34.032, 33.496, 33.48, 32.623, 31.977, 32.753, 33.102, 32.442, 31.729, 31.574, 31.542, 32.918, 34.342, 34.561, 34.732, 34.749, 34.949, 35.638, 36.147, 36.771, 36.793, 37.201, 39.251, 42.013, 42.581, 41.923, 42.917, 43.302, 42.618, 42.602, 41.844, 40.562, 40.013, 40.83, 42.969, 43.592, 42.159, 41.252, 40.003, 38.821, 39.609, 40.331, 38.909, 35.88, 34.852, 35.473, 35.137, 34.232, 33.841, 34.005, 34.511, 34.668, 35.152, 35.926, 35.983, 35.811, 35.33, 35.189, 35.031, 36.063, 36.468, 35.907, 36.905, 36.923, 36.442, 35.634, 34.609, 34.256, 33.852, 33.672, 33.618, 33.515, 33.421, 33.284, 33.192, 33.341, 33.455, 33.409, 33.782, 34.139, 34.151, 33.717, 33.185, 33.633, 35.938, 38.577, 38.906], [40.57, 40.134, 38.321, 33.445, 28.854, 26.301, 21.259, 11.635, 0.0, 9.141, 16.195, 19.169, 20.604, 22.667, 25.363, 26.404, 26.806, 28.068, 29.711, 32.122, 33.753, 33.868, 33.435, 33.121, 33.626, 33.952, 34.358, 35.512, 35.958, 35.88, 36.423, 37.222, 37.093, 37.507, 38.994, 38.657, 37.887, 37.178, 36.548, 36.032, 35.1, 34.652, 34.608, 33.807, 33.129, 33.812, 34.136, 33.465, 32.757, 32.632, 32.648, 34.008, 35.298, 35.387, 35.48, 35.464, 35.73, 36.421, 36.835, 37.427, 37.476, 37.926, 39.929, 42.592, 43.163, 42.528, 43.455, 43.779, 43.063, 43.066, 42.393, 41.159, 40.64, 41.479, 43.503, 44.093, 42.768, 41.927, 40.752, 39.614, 40.351, 41.055, 39.72, 36.845, 35.859, 36.442, 36.109, 35.252, 34.91, 35.037, 35.478, 35.623, 36.063, 36.825, 36.899, 36.714, 36.214, 36.038, 35.887, 36.831, 37.267, 36.78, 37.697, 37.773, 37.326, 36.484, 35.44, 35.018, 34.575, 34.407, 34.364, 34.251, 34.194, 34.113, 34.029, 34.14, 34.243, 34.196, 34.515, 34.868, 34.814, 34.271, 33.77, 34.17, 36.327, 38.814, 41.105], [41.054, 40.676, 39.073, 34.603, 30.488, 28.017, 23.071, 15.718, 9.141, 0.0, 10.63, 15.917, 18.368, 21.024, 23.908, 24.863, 25.269, 26.629, 28.486, 31.302, 33.255, 33.51, 33.159, 33.04, 33.679, 34.086, 34.574, 35.708, 36.158, 36.193, 36.84, 37.635, 37.492, 37.888, 39.327, 38.956, 38.172, 37.48, 36.84, 36.343, 35.455, 34.996, 34.937, 34.149, 33.493, 34.166, 34.473, 33.85, 33.191, 33.071, 33.092, 34.356, 35.502, 35.493, 35.544, 35.502, 35.737, 36.406, 36.781, 37.346, 37.393, 37.952, 40.02, 42.638, 43.208, 42.648, 43.58, 43.861, 43.14, 43.132, 42.432, 41.184, 40.638, 41.443, 43.424, 43.995, 42.694, 41.888, 40.782, 39.73, 40.45, 41.054, 39.699, 36.902, 35.992, 36.58, 36.29, 35.539, 35.264, 35.39, 35.822, 35.973, 36.397, 37.144, 37.226, 37.021, 36.539, 36.401, 36.271, 37.133, 37.514, 37.076, 37.976, 38.034, 37.576, 36.765, 35.744, 35.31, 34.868, 34.665, 34.614, 34.523, 34.471, 34.392, 34.328, 34.445, 34.497, 34.409, 34.713, 35.037, 34.991, 34.523, 34.038, 34.411, 36.497, 38.938, 41.554], [41.969, 41.644, 40.298, 36.439, 33.038, 31.188, 26.814, 20.104, 16.195, 10.63, 0.0, 8.734, 13.916, 17.517, 20.853, 22.175, 22.909, 24.559, 26.796, 30.1, 32.542, 33.083, 32.847, 32.967, 33.799, 34.335, 35.007, 36.225, 36.684, 36.732, 37.44, 38.283, 38.203, 38.642, 39.999, 39.621, 38.821, 38.107, 37.555, 37.102, 36.228, 35.854, 35.832, 35.002, 34.311, 34.95, 35.209, 34.577, 33.957, 33.827, 33.78, 34.922, 36.041, 36.057, 36.087, 36.091, 36.375, 37.033, 37.329, 37.813, 37.858, 38.356, 40.297, 42.784, 43.337, 42.812, 43.678, 43.899, 43.156, 43.156, 42.498, 41.284, 40.72, 41.454, 43.38, 43.955, 42.657, 41.844, 40.789, 39.847, 40.543, 41.106, 39.817, 37.211, 36.413, 37.022, 36.764, 36.09, 35.849, 35.938, 36.306, 36.446, 36.864, 37.567, 37.641, 37.473, 37.076, 37.018, 36.881, 37.683, 38.098, 37.75, 38.588, 38.575, 38.059, 37.289, 36.346, 35.932, 35.529, 35.393, 35.363, 35.289, 35.271, 35.205, 35.127, 35.234, 35.283, 35.198, 35.488, 35.82, 35.771, 35.292, 34.903, 35.154, 36.99, 39.223, 42.454], [42.534, 42.21, 40.925, 37.27, 34.235, 32.737, 28.522, 22.14, 19.169, 15.917, 8.734, 0.0, 7.968, 13.672, 18.317, 20.405, 21.518, 23.431, 25.901, 29.371, 31.952, 32.515, 32.317, 32.517, 33.4, 34.013, 34.784, 36.061, 36.526, 36.518, 37.203, 38.11, 38.108, 38.603, 39.975, 39.609, 38.824, 38.076, 37.531, 37.093, 36.174, 35.78, 35.742, 34.907, 34.194, 34.842, 35.094, 34.434, 33.845, 33.733, 33.624, 34.716, 35.881, 35.982, 35.984, 36.016, 36.414, 37.128, 37.452, 37.946, 37.976, 38.396, 40.237, 42.666, 43.204, 42.667, 43.525, 43.747, 42.982, 43.004, 42.41, 41.202, 40.621, 41.378, 43.318, 43.892, 42.561, 41.705, 40.586, 39.575, 40.258, 40.872, 39.633, 37.101, 36.328, 36.953, 36.671, 35.935, 35.687, 35.811, 36.182, 36.302, 36.724, 37.434, 37.501, 37.377, 37.019, 36.956, 36.751, 37.522, 37.935, 37.597, 38.422, 38.373, 37.865, 37.125, 36.21, 35.837, 35.491, 35.39, 35.365, 35.308, 35.325, 35.283, 35.2, 35.299, 35.357, 35.307, 35.593, 35.907, 35.847, 35.352, 35.024, 35.28, 37.056, 39.232, 43.005], [42.766, 42.451, 41.192, 37.638, 34.813, 33.389, 29.093, 22.905, 20.604, 18.368, 13.916, 7.968, 0.0, 8.898, 16.001, 18.844, 20.206, 22.31, 24.851, 28.395, 31.156, 31.742, 31.514, 31.808, 32.801, 33.498, 34.308, 35.62, 36.086, 36.027, 36.682, 37.594, 37.598, 38.144, 39.59, 39.235, 38.447, 37.69, 37.133, 36.681, 35.705, 35.251, 35.198, 34.358, 33.575, 34.209, 34.469, 33.8, 33.225, 33.161, 33.081, 34.153, 35.329, 35.442, 35.42, 35.476, 35.963, 36.737, 37.11, 37.646, 37.692, 38.159, 40.03, 42.463, 42.992, 42.434, 43.295, 43.507, 42.712, 42.733, 42.138, 40.889, 40.26, 41.02, 42.95, 43.517, 42.187, 41.328, 40.161, 39.05, 39.741, 40.406, 39.179, 36.642, 35.866, 36.499, 36.185, 35.39, 35.142, 35.334, 35.736, 35.841, 36.286, 37.037, 37.076, 36.933, 36.599, 36.532, 36.281, 37.041, 37.437, 37.077, 37.866, 37.791, 37.344, 36.6, 35.643, 35.284, 34.966, 34.844, 34.805, 34.758, 34.776, 34.74, 34.665, 34.779, 34.862, 34.843, 35.149, 35.479, 35.458, 34.962, 34.662, 34.892, 36.671, 38.897, 43.206], [43.029, 42.797, 41.644, 38.202, 35.675, 34.348, 30.02, 24.444, 22.667, 21.024, 17.517, 13.672, 8.898, 0.0, 9.503, 14.049, 15.897, 18.587, 22.144, 26.784, 30.264, 31.006, 30.774, 31.217, 32.336, 33.122, 34.039, 35.45, 35.948, 35.89, 36.607, 37.569, 37.549, 38.132, 39.701, 39.387, 38.608, 37.824, 37.251, 36.801, 35.713, 35.118, 35.075, 34.214, 33.371, 34.005, 34.259, 33.575, 33.003, 32.974, 32.873, 33.956, 35.223, 35.372, 35.345, 35.389, 35.886, 36.678, 37.07, 37.642, 37.715, 38.235, 40.163, 42.618, 43.144, 42.548, 43.432, 43.625, 42.764, 42.773, 42.155, 40.836, 40.12, 40.877, 42.835, 43.435, 42.064, 41.163, 40.023, 38.917, 39.545, 40.151, 38.871, 36.213, 35.361, 35.976, 35.672, 34.943, 34.754, 34.979, 35.433, 35.58, 36.036, 36.788, 36.796, 36.609, 36.305, 36.285, 36.053, 36.831, 37.231, 36.847, 37.623, 37.5, 37.076, 36.346, 35.321, 34.896, 34.487, 34.307, 34.27, 34.215, 34.206, 34.149, 34.074, 34.234, 34.344, 34.311, 34.632, 34.987, 34.951, 34.371, 34.086, 34.322, 36.032, 38.29, 43.445], [43.295, 43.135, 42.096, 38.849, 36.637, 35.5, 31.401, 26.681, 25.363, 23.908, 20.853, 18.317, 16.001, 9.503, 0.0, 6.943, 10.493, 13.982, 18.959, 25.39, 29.689, 30.627, 30.511, 31.149, 32.369, 33.212, 34.234, 35.726, 36.24, 36.231, 37.052, 38.071, 38.072, 38.645, 40.186, 39.936, 39.236, 38.467, 37.945, 37.509, 36.321, 35.617, 35.6, 34.777, 33.978, 34.574, 34.826, 34.191, 33.639, 33.608, 33.45, 34.485, 35.818, 36.018, 35.977, 35.977, 36.378, 37.103, 37.484, 38.019, 38.081, 38.66, 40.613, 43.039, 43.547, 42.937, 43.824, 44.01, 43.134, 43.149, 42.546, 41.217, 40.467, 41.215, 43.174, 43.823, 42.435, 41.505, 40.464, 39.5, 40.133, 40.683, 39.347, 36.569, 35.587, 36.132, 35.875, 35.232, 35.059, 35.248, 35.709, 35.89, 36.32, 37.023, 37.011, 36.827, 36.557, 36.552, 36.393, 37.216, 37.612, 37.17, 37.949, 37.834, 37.402, 36.704, 35.684, 35.205, 34.719, 34.54, 34.529, 34.473, 34.447, 34.366, 34.292, 34.479, 34.58, 34.531, 34.857, 35.174, 35.062, 34.422, 34.143, 34.369, 35.947, 38.124, 43.69], [43.188, 43.03, 42.036, 38.89, 36.776, 35.699, 31.773, 27.504, 26.404, 24.863, 22.175, 20.405, 18.844, 14.049, 6.943, 0.0, 5.83, 11.139, 16.907, 24.312, 29.077, 30.169, 30.148, 30.897, 32.218, 33.099, 34.093, 35.577, 36.106, 36.152, 37.062, 38.146, 38.182, 38.742, 40.261, 40.066, 39.439, 38.702, 38.175, 37.726, 36.503, 35.759, 35.757, 35.04, 34.326, 34.906, 35.163, 34.597, 34.076, 34.016, 33.843, 34.8, 36.082, 36.261, 36.218, 36.195, 36.525, 37.204, 37.59, 38.102, 38.124, 38.761, 40.771, 43.213, 43.739, 43.149, 44.027, 44.223, 43.363, 43.356, 42.731, 41.406, 40.654, 41.386, 43.31, 43.946, 42.573, 41.658, 40.669, 39.785, 40.454, 41.002, 39.654, 36.862, 35.838, 36.352, 36.124, 35.52, 35.329, 35.471, 35.928, 36.127, 36.553, 37.24, 37.228, 37.038, 36.763, 36.753, 36.642, 37.493, 37.867, 37.368, 38.137, 38.053, 37.631, 36.962, 35.979, 35.494, 34.973, 34.785, 34.788, 34.738, 34.706, 34.623, 34.565, 34.756, 34.841, 34.816, 35.176, 35.477, 35.367, 34.775, 34.492, 34.708, 36.233, 38.373, 43.562], [43.054, 42.94, 42.03, 38.922, 36.809, 35.706, 31.902, 27.891, 26.806, 25.269, 22.909, 21.518, 20.206, 15.897, 10.493, 5.83, 0.0, 7.593, 15.073, 23.258, 28.331, 29.548, 29.632, 30.49, 31.874, 32.801, 33.791, 35.27, 35.818, 35.918, 36.903, 38.042, 38.121, 38.696, 40.214, 40.011, 39.395, 38.695, 38.171, 37.696, 36.453, 35.709, 35.714, 35.056, 34.415, 35.025, 35.286, 34.771, 34.29, 34.205, 33.983, 34.858, 36.069, 36.189, 36.125, 36.076, 36.39, 37.073, 37.456, 37.948, 37.942, 38.6, 40.645, 43.098, 43.635, 43.06, 43.944, 44.159, 43.306, 43.287, 42.65, 41.326, 40.581, 41.333, 43.275, 43.897, 42.503, 41.584, 40.623, 39.787, 40.47, 41.012, 39.662, 36.894, 35.908, 36.418, 36.181, 35.567, 35.371, 35.498, 35.953, 36.149, 36.563, 37.239, 37.225, 37.037, 36.753, 36.729, 36.647, 37.534, 37.895, 37.348, 38.124, 38.064, 37.654, 37.01, 36.058, 35.576, 35.046, 34.847, 34.851, 34.797, 34.75, 34.66, 34.616, 34.815, 34.894, 34.879, 35.253, 35.562, 35.487, 34.941, 34.643, 34.874, 36.348, 38.452, 43.411], [43.279, 43.23, 42.432, 39.423, 37.375, 36.337, 32.726, 29.023, 28.068, 26.629, 24.559, 23.431, 22.31, 18.587, 13.982, 11.139, 7.593, 0.0, 10.465, 21.077, 27.052, 28.571, 28.852, 29.911, 31.412, 32.457, 33.592, 35.134, 35.704, 35.877, 36.923, 38.074, 38.192, 38.785, 40.276, 40.045, 39.42, 38.755, 38.301, 37.888, 36.707, 36.016, 36.031, 35.374, 34.739, 35.32, 35.581, 35.103, 34.67, 34.593, 34.321, 35.14, 36.315, 36.394, 36.306, 36.258, 36.582, 37.285, 37.672, 38.13, 38.111, 38.761, 40.732, 43.078, 43.564, 43.006, 43.909, 44.125, 43.265, 43.258, 42.672, 41.373, 40.642, 41.438, 43.414, 44.038, 42.637, 41.701, 40.747, 39.95, 40.636, 41.189, 39.87, 37.163, 36.255, 36.778, 36.537, 35.92, 35.712, 35.826, 36.27, 36.468, 36.875, 37.545, 37.542, 37.376, 37.1, 37.037, 36.94, 37.81, 38.119, 37.561, 38.325, 38.251, 37.859, 37.269, 36.319, 35.838, 35.382, 35.202, 35.21, 35.158, 35.091, 35.003, 34.959, 35.139, 35.228, 35.236, 35.608, 35.899, 35.815, 35.27, 34.946, 35.066, 36.402, 38.397, 43.625], [43.52, 43.454, 42.725, 39.988, 38.071, 37.106, 33.799, 30.433, 29.711, 28.486, 26.796, 25.901, 24.851, 22.144, 18.959, 16.907, 15.073, 10.465, 0.0, 14.195, 23.239, 26.042, 26.739, 28.353, 30.278, 31.61, 32.933, 34.552, 35.162, 35.439, 36.621, 37.851, 38.002, 38.579, 40.073, 39.907, 39.346, 38.697, 38.288, 38.065, 37.024, 36.402, 36.473, 35.808, 35.09, 35.57, 35.819, 35.311, 34.908, 34.823, 34.45, 35.123, 36.302, 36.411, 36.357, 36.41, 36.833, 37.58, 37.947, 38.385, 38.336, 38.906, 40.627, 42.75, 43.205, 42.729, 43.655, 43.89, 43.054, 43.037, 42.472, 41.252, 40.588, 41.406, 43.344, 43.944, 42.591, 41.731, 40.844, 40.059, 40.761, 41.342, 40.111, 37.65, 36.848, 37.304, 37.05, 36.407, 36.14, 36.237, 36.64, 36.807, 37.213, 37.896, 37.916, 37.791, 37.557, 37.526, 37.404, 38.199, 38.415, 37.851, 38.616, 38.472, 38.054, 37.564, 36.71, 36.279, 35.88, 35.684, 35.701, 35.661, 35.609, 35.58, 35.535, 35.658, 35.728, 35.743, 36.101, 36.356, 36.293, 35.782, 35.479, 35.534, 36.762, 38.689, 43.858], [43.64, 43.522, 42.947, 40.577, 38.752, 37.916, 35.445, 32.639, 32.122, 31.302, 30.1, 29.371, 28.395, 26.784, 25.39, 24.312, 23.258, 21.077, 14.195, 0.0, 13.519, 19.898, 21.801, 24.447, 27.158, 28.908, 30.691, 32.602, 33.319, 33.719, 35.08, 36.515, 36.869, 37.518, 38.971, 38.949, 38.565, 37.968, 37.56, 37.769, 37.35, 37.028, 37.181, 36.584, 35.861, 36.214, 36.394, 35.845, 35.45, 35.403, 34.949, 35.197, 36.176, 36.335, 36.305, 36.375, 36.786, 37.449, 37.696, 38.067, 38.007, 38.431, 39.722, 41.452, 41.89, 41.521, 42.43, 42.769, 42.081, 42.041, 41.491, 40.442, 40.065, 40.986, 42.771, 43.304, 42.158, 41.537, 40.787, 40.002, 40.629, 41.233, 40.268, 38.446, 37.844, 38.192, 37.85, 37.133, 36.839, 36.908, 37.209, 37.297, 37.647, 38.317, 38.337, 38.216, 38.011, 38.014, 37.874, 38.51, 38.588, 38.119, 38.784, 38.493, 38.119, 37.78, 37.131, 36.857, 36.554, 36.268, 36.267, 36.248, 36.25, 36.334, 36.316, 36.366, 36.403, 36.471, 36.829, 37.022, 36.965, 36.548, 36.364, 36.522, 37.656, 39.475, 43.967], [43.497, 43.353, 42.773, 40.485, 38.706, 38.044, 36.236, 33.989, 33.753, 33.255, 32.542, 31.952, 31.156, 30.264, 29.689, 29.077, 28.331, 27.052, 23.239, 13.519, 0.0, 10.467, 14.924, 18.595, 21.731, 23.768, 26.407, 29.124, 30.122, 30.676, 32.259, 33.99, 34.769, 35.705, 37.138, 37.212, 37.013, 36.531, 36.071, 36.456, 36.953, 37.308, 37.534, 37.014, 36.297, 36.552, 36.694, 36.133, 35.737, 35.744, 35.44, 35.527, 36.144, 36.23, 36.177, 36.108, 36.278, 36.663, 36.847, 37.211, 37.12, 37.486, 38.669, 40.238, 40.696, 40.368, 41.276, 41.744, 41.213, 41.166, 40.554, 39.558, 39.496, 40.581, 42.298, 42.8, 41.821, 41.365, 40.618, 39.759, 40.274, 40.965, 40.187, 38.599, 38.088, 38.506, 38.124, 37.339, 37.044, 37.092, 37.333, 37.377, 37.682, 38.336, 38.365, 38.26, 38.064, 38.024, 37.865, 38.54, 38.59, 38.244, 38.861, 38.444, 38.078, 37.759, 37.188, 36.963, 36.745, 36.452, 36.397, 36.369, 36.377, 36.484, 36.478, 36.489, 36.497, 36.579, 36.912, 37.067, 37.0, 36.641, 36.534, 36.949, 38.224, 40.113, 43.822], [43.305, 43.176, 42.531, 40.113, 38.393, 37.865, 35.948, 33.838, 33.868, 33.51, 33.083, 32.515, 31.742, 31.006, 30.627, 30.169, 29.548, 28.571, 26.042, 19.898, 10.467, 0.0, 7.653, 13.835, 17.256, 19.31, 22.611, 26.027, 27.286, 27.956, 29.723, 31.672, 32.684, 33.763, 35.275, 35.445, 35.346, 34.897, 34.375, 34.681, 35.619, 36.518, 36.874, 36.31, 35.578, 35.872, 36.021, 35.453, 35.053, 35.035, 34.792, 35.034, 35.59, 35.533, 35.457, 35.338, 35.391, 35.646, 35.947, 36.432, 36.34, 36.723, 38.057, 39.814, 40.343, 40.017, 41.008, 41.587, 41.08, 41.038, 40.337, 39.27, 39.303, 40.483, 42.274, 42.794, 41.754, 41.249, 40.421, 39.522, 40.092, 40.835, 39.95, 38.065, 37.381, 37.873, 37.546, 36.769, 36.501, 36.64, 36.966, 37.034, 37.368, 38.052, 38.106, 37.983, 37.718, 37.637, 37.378, 38.077, 38.21, 37.846, 38.565, 38.195, 37.793, 37.389, 36.688, 36.385, 36.113, 35.754, 35.648, 35.596, 35.575, 35.678, 35.679, 35.703, 35.698, 35.75, 36.085, 36.247, 36.236, 35.929, 35.771, 36.374, 37.933, 40.025, 43.613], [43.031, 42.957, 42.329, 39.834, 38.154, 37.655, 35.468, 33.243, 33.435, 33.159, 32.847, 32.317, 31.514, 30.774, 30.511, 30.148, 29.632, 28.852, 26.739, 21.801, 14.924, 7.653, 0.0, 9.033, 13.987, 16.342, 20.034, 23.926, 25.349, 26.092, 27.993, 30.054, 31.105, 32.248, 33.834, 34.034, 33.966, 33.485, 32.933, 33.253, 34.278, 35.369, 35.899, 35.328, 34.583, 34.944, 35.121, 34.508, 34.065, 34.048, 33.84, 34.248, 34.924, 34.816, 34.714, 34.621, 34.703, 34.992, 35.386, 35.945, 35.858, 36.249, 37.711, 39.647, 40.215, 39.861, 40.908, 41.515, 40.974, 40.929, 40.157, 38.978, 38.956, 40.163, 42.056, 42.614, 41.529, 40.976, 40.112, 39.181, 39.79, 40.57, 39.61, 37.451, 36.597, 37.108, 36.804, 36.006, 35.735, 35.921, 36.296, 36.401, 36.787, 37.512, 37.55, 37.379, 37.087, 37.025, 36.735, 37.427, 37.605, 37.219, 37.981, 37.633, 37.2, 36.735, 35.915, 35.588, 35.27, 34.865, 34.734, 34.672, 34.645, 34.743, 34.735, 34.767, 34.782, 34.842, 35.219, 35.443, 35.453, 35.143, 34.958, 35.619, 37.288, 39.497, 43.305], [42.714, 42.671, 42.06, 39.401, 37.665, 37.279, 35.035, 32.742, 33.121, 33.04, 32.967, 32.517, 31.808, 31.217, 31.149, 30.897, 30.49, 29.911, 28.353, 24.447, 18.595, 13.835, 9.033, 0.0, 7.052, 11.128, 15.794, 20.556, 22.398, 23.363, 25.513, 27.78, 28.954, 30.322, 32.097, 32.401, 32.441, 31.939, 31.342, 31.659, 32.807, 34.208, 34.875, 34.312, 33.688, 34.203, 34.41, 33.752, 33.289, 33.29, 33.202, 33.861, 34.695, 34.613, 34.488, 34.369, 34.455, 34.747, 35.161, 35.756, 35.647, 36.028, 37.622, 39.705, 40.298, 39.895, 40.916, 41.479, 40.918, 40.862, 40.022, 38.758, 38.625, 39.786, 41.776, 42.387, 41.271, 40.655, 39.718, 38.731, 39.377, 40.213, 39.236, 36.91, 35.985, 36.561, 36.266, 35.425, 35.106, 35.224, 35.58, 35.711, 36.149, 36.906, 36.923, 36.728, 36.426, 36.328, 36.025, 36.806, 37.039, 36.692, 37.53, 37.255, 36.861, 36.335, 35.428, 35.095, 34.771, 34.4, 34.273, 34.209, 34.173, 34.245, 34.219, 34.236, 34.273, 34.348, 34.723, 34.97, 34.988, 34.696, 34.495, 35.206, 36.996, 39.318, 42.965], [42.73, 42.691, 42.109, 39.413, 37.67, 37.395, 35.318, 33.183, 33.626, 33.679, 33.799, 33.4, 32.801, 32.336, 32.369, 32.218, 31.874, 31.412, 30.278, 27.158, 21.731, 17.256, 13.987, 7.052, 0.0, 6.339, 13.074, 18.682, 20.756, 21.794, 24.027, 26.464, 27.824, 29.324, 31.229, 31.731, 31.917, 31.413, 30.798, 31.103, 32.357, 34.045, 34.795, 34.234, 33.791, 34.453, 34.648, 33.992, 33.565, 33.554, 33.558, 34.376, 35.227, 35.145, 35.005, 34.828, 34.858, 35.096, 35.505, 36.106, 35.977, 36.333, 37.988, 40.141, 40.73, 40.289, 41.256, 41.772, 41.218, 41.146, 40.277, 39.013, 38.883, 39.989, 41.948, 42.564, 41.451, 40.814, 39.856, 38.884, 39.522, 40.406, 39.483, 37.183, 36.273, 36.88, 36.604, 35.763, 35.432, 35.529, 35.862, 35.985, 36.421, 37.159, 37.173, 36.997, 36.696, 36.561, 36.225, 37.031, 37.299, 37.004, 37.856, 37.655, 37.31, 36.746, 35.833, 35.506, 35.206, 34.885, 34.765, 34.695, 34.655, 34.714, 34.687, 34.701, 34.733, 34.808, 35.154, 35.364, 35.381, 35.135, 34.909, 35.599, 37.43, 39.721, 42.988], [42.763, 42.725, 42.113, 39.403, 37.669, 37.49, 35.498, 33.447, 33.952, 34.086, 34.335, 34.013, 33.498, 33.122, 33.212, 33.099, 32.801, 32.457, 31.61, 28.908, 23.768, 19.31, 16.342, 11.128, 6.339, 0.0, 9.016, 16.264, 18.673, 19.725, 22.179, 24.908, 26.498, 28.118, 30.125, 30.793, 31.063, 30.54, 29.928, 30.221, 31.676, 33.738, 34.665, 34.145, 33.727, 34.41, 34.583, 33.919, 33.532, 33.513, 33.58, 34.531, 35.37, 35.242, 35.122, 34.896, 34.827, 35.012, 35.442, 36.061, 35.927, 36.252, 37.95, 40.191, 40.819, 40.377, 41.319, 41.839, 41.308, 41.223, 40.293, 39.009, 38.943, 40.09, 42.0, 42.586, 41.5, 40.886, 39.897, 38.88, 39.48, 40.374, 39.477, 37.199, 36.285, 36.882, 36.616, 35.782, 35.453, 35.591, 35.959, 36.101, 36.529, 37.254, 37.273, 37.06, 36.718, 36.582, 36.177, 36.946, 37.25, 36.978, 37.832, 37.655, 37.322, 36.766, 35.842, 35.506, 35.213, 34.871, 34.731, 34.654, 34.62, 34.698, 34.691, 34.707, 34.737, 34.812, 35.151, 35.355, 35.379, 35.166, 34.952, 35.663, 37.529, 39.82, 43.024], [42.531, 42.472, 41.864, 39.233, 37.654, 37.566, 35.55, 33.678, 34.358, 34.574, 35.007, 34.784, 34.308, 34.039, 34.234, 34.093, 33.791, 33.592, 32.933, 30.691, 26.407, 22.611, 20.034, 15.794, 13.074, 9.016, 0.0, 9.087, 12.764, 14.358, 17.473, 20.875, 22.724, 24.515, 26.801, 27.81, 28.396, 28.001, 27.508, 27.897, 29.624, 32.202, 33.53, 33.224, 33.103, 33.932, 34.062, 33.473, 33.3, 33.327, 33.331, 34.22, 34.949, 34.761, 34.756, 34.522, 34.317, 34.453, 34.902, 35.477, 35.335, 35.729, 37.53, 39.906, 40.641, 40.257, 41.205, 41.791, 41.352, 41.239, 40.229, 38.912, 38.898, 40.147, 42.087, 42.595, 41.523, 40.948, 39.923, 38.853, 39.438, 40.262, 39.322, 37.065, 36.19, 36.75, 36.491, 35.658, 35.323, 35.474, 35.851, 36.016, 36.423, 37.126, 37.173, 36.925, 36.494, 36.314, 35.827, 36.6, 36.899, 36.612, 37.561, 37.49, 37.221, 36.733, 35.818, 35.466, 35.083, 34.528, 34.318, 34.244, 34.206, 34.317, 34.357, 34.385, 34.41, 34.493, 34.826, 35.019, 35.114, 35.036, 34.836, 35.637, 37.613, 39.964, 42.762], [42.341, 42.258, 41.754, 39.414, 38.082, 38.006, 36.161, 34.766, 35.512, 35.708, 36.225, 36.061, 35.62, 35.45, 35.726, 35.577, 35.27, 35.134, 34.552, 32.602, 29.124, 26.027, 23.926, 20.556, 18.682, 16.264, 9.087, 0.0, 5.625, 9.214, 13.1, 17.021, 19.133, 21.049, 23.582, 24.973, 26.008, 25.936, 25.644, 26.224, 28.177, 30.989, 32.613, 32.689, 33.135, 34.187, 34.236, 33.863, 34.125, 34.251, 34.1, 34.636, 35.079, 34.814, 34.906, 34.689, 34.369, 34.462, 34.886, 35.353, 35.235, 35.7, 37.484, 39.819, 40.575, 40.283, 41.292, 41.988, 41.691, 41.543, 40.506, 39.268, 39.363, 40.669, 42.601, 43.024, 41.986, 41.485, 40.477, 39.425, 40.015, 40.781, 39.834, 37.745, 37.009, 37.502, 37.278, 36.489, 36.153, 36.246, 36.536, 36.679, 37.03, 37.679, 37.772, 37.519, 36.95, 36.66, 36.14, 36.872, 37.078, 36.781, 37.725, 37.753, 37.639, 37.297, 36.473, 36.18, 35.742, 34.956, 34.689, 34.613, 34.56, 34.719, 34.834, 34.883, 34.895, 35.008, 35.324, 35.484, 35.702, 35.824, 35.635, 36.537, 38.561, 40.841, 42.531], [42.292, 42.192, 41.695, 39.442, 38.179, 38.111, 36.349, 35.158, 35.958, 36.158, 36.684, 36.526, 36.086, 35.948, 36.24, 36.106, 35.818, 35.704, 35.162, 33.319, 30.122, 27.286, 25.349, 22.398, 20.756, 18.673, 12.764, 5.625, 0.0, 5.564, 10.802, 15.07, 17.394, 19.482, 22.063, 23.639, 24.929, 25.021, 24.829, 25.507, 27.562, 30.391, 32.061, 32.279, 32.974, 34.19, 34.236, 33.905, 34.35, 34.544, 34.34, 34.749, 35.095, 34.816, 34.93, 34.744, 34.39, 34.452, 34.849, 35.305, 35.248, 35.679, 37.385, 39.675, 40.42, 40.146, 41.192, 41.94, 41.708, 41.55, 40.472, 39.259, 39.429, 40.786, 42.712, 43.108, 42.11, 41.671, 40.664, 39.616, 40.227, 40.969, 39.989, 37.951, 37.268, 37.739, 37.531, 36.762, 36.416, 36.488, 36.742, 36.881, 37.208, 37.836, 37.949, 37.68, 36.98, 36.593, 36.071, 36.781, 36.924, 36.559, 37.507, 37.591, 37.552, 37.292, 36.517, 36.256, 35.78, 34.912, 34.633, 34.559, 34.512, 34.711, 34.878, 34.941, 34.93, 35.078, 35.432, 35.576, 35.842, 36.046, 35.875, 36.849, 38.913, 41.172, 42.464], [42.262, 42.161, 41.644, 39.358, 38.102, 38.073, 36.228, 34.969, 35.88, 36.193, 36.732, 36.518, 36.027, 35.89, 36.231, 36.152, 35.918, 35.877, 35.439, 33.719, 30.676, 27.956, 26.092, 23.363, 21.794, 19.725, 14.358, 9.214, 5.564, 0.0, 7.015, 12.476, 15.193, 17.597, 20.443, 22.399, 23.982, 24.118, 23.973, 24.709, 26.841, 29.741, 31.485, 31.729, 32.476, 33.801, 33.912, 33.568, 34.003, 34.219, 34.064, 34.496, 34.816, 34.577, 34.752, 34.607, 34.247, 34.308, 34.726, 35.213, 35.189, 35.612, 37.293, 39.589, 40.323, 40.006, 41.08, 41.854, 41.626, 41.463, 40.357, 39.128, 39.309, 40.668, 42.589, 42.98, 42.014, 41.619, 40.582, 39.494, 40.143, 40.914, 39.905, 37.811, 37.079, 37.536, 37.313, 36.513, 36.156, 36.256, 36.525, 36.679, 37.018, 37.645, 37.756, 37.489, 36.739, 36.316, 35.791, 36.498, 36.635, 36.241, 37.193, 37.292, 37.262, 37.001, 36.195, 35.906, 35.415, 34.551, 34.251, 34.162, 34.136, 34.353, 34.528, 34.6, 34.591, 34.76, 35.15, 35.294, 35.569, 35.772, 35.625, 36.622, 38.745, 41.032, 42.43], [42.491, 42.379, 41.871, 39.654, 38.412, 38.411, 36.696, 35.501, 36.423, 36.84, 37.44, 37.203, 36.682, 36.607, 37.052, 37.062, 36.903, 36.923, 36.621, 35.08, 32.259, 29.723, 27.993, 25.513, 24.027, 22.179, 17.473, 13.1, 10.802, 7.015, 0.0, 6.955, 11.106, 14.23, 17.706, 20.485, 22.658, 23.047, 23.014, 23.825, 26.203, 29.414, 31.355, 31.766, 32.672, 34.051, 34.196, 33.992, 34.569, 34.814, 34.689, 35.066, 35.273, 35.016, 35.236, 35.106, 34.756, 34.827, 35.237, 35.708, 35.707, 36.175, 37.844, 40.068, 40.73, 40.372, 41.437, 42.227, 42.038, 41.875, 40.78, 39.609, 39.847, 41.184, 43.036, 43.396, 42.451, 42.077, 41.052, 39.939, 40.574, 41.365, 40.38, 38.305, 37.562, 37.978, 37.744, 36.956, 36.637, 36.761, 37.019, 37.155, 37.473, 38.091, 38.203, 37.948, 37.229, 36.844, 36.358, 37.023, 37.195, 36.831, 37.629, 37.664, 37.677, 37.438, 36.609, 36.339, 35.915, 35.086, 34.771, 34.654, 34.631, 34.871, 35.036, 35.08, 35.082, 35.242, 35.574, 35.725, 36.034, 36.257, 36.165, 37.088, 39.087, 41.269, 42.662], [42.682, 42.56, 42.059, 39.979, 38.815, 38.815, 37.32, 36.34, 37.222, 37.635, 38.283, 38.11, 37.594, 37.569, 38.071, 38.146, 38.042, 38.074, 37.851, 36.515, 33.99, 31.672, 30.054, 27.78, 26.464, 24.908, 20.875, 17.021, 15.07, 12.476, 6.955, 0.0, 6.174, 10.79, 14.959, 18.627, 21.53, 22.373, 22.645, 23.565, 26.128, 29.486, 31.532, 32.164, 33.287, 34.687, 34.828, 34.776, 35.491, 35.763, 35.659, 35.959, 36.086, 35.802, 36.035, 35.919, 35.557, 35.585, 35.925, 36.329, 36.365, 36.887, 38.522, 40.632, 41.212, 40.839, 41.865, 42.637, 42.488, 42.34, 41.278, 40.211, 40.545, 41.871, 43.608, 43.914, 43.0, 42.659, 41.682, 40.593, 41.183, 41.927, 40.952, 38.949, 38.264, 38.644, 38.437, 37.696, 37.403, 37.506, 37.718, 37.816, 38.089, 38.691, 38.819, 38.581, 37.883, 37.546, 37.099, 37.754, 37.96, 37.58, 38.28, 38.269, 38.258, 38.056, 37.259, 37.022, 36.634, 35.807, 35.492, 35.369, 35.334, 35.585, 35.754, 35.768, 35.766, 35.927, 36.218, 36.373, 36.733, 37.026, 36.987, 37.851, 39.696, 41.759, 42.84], [42.415, 42.299, 41.815, 39.778, 38.681, 38.627, 37.137, 36.231, 37.093, 37.492, 38.203, 38.108, 37.598, 37.549, 38.072, 38.182, 38.121, 38.192, 38.002, 36.869, 34.769, 32.684, 31.105, 28.954, 27.824, 26.498, 22.724, 19.133, 17.394, 15.193, 11.106, 6.174, 0.0, 6.325, 12.248, 16.751, 20.174, 21.304, 21.838, 22.996, 25.55, 28.705, 30.741, 31.53, 32.833, 34.312, 34.453, 34.485, 35.262, 35.552, 35.509, 35.798, 35.9, 35.672, 36.005, 35.91, 35.545, 35.591, 35.907, 36.291, 36.343, 36.922, 38.587, 40.688, 41.232, 40.846, 41.898, 42.675, 42.521, 42.358, 41.302, 40.3, 40.669, 41.974, 43.657, 43.936, 43.015, 42.674, 41.693, 40.637, 41.278, 41.973, 40.925, 38.9, 38.25, 38.622, 38.434, 37.694, 37.382, 37.455, 37.66, 37.77, 38.052, 38.658, 38.799, 38.543, 37.815, 37.474, 37.017, 37.735, 37.947, 37.499, 38.233, 38.24, 38.218, 38.028, 37.244, 37.006, 36.554, 35.655, 35.329, 35.198, 35.15, 35.399, 35.571, 35.584, 35.587, 35.756, 36.058, 36.229, 36.628, 36.981, 36.941, 37.845, 39.707, 41.776, 42.558], [42.393, 42.269, 41.798, 39.856, 38.839, 38.768, 37.412, 36.646, 37.507, 37.888, 38.642, 38.603, 38.144, 38.132, 38.645, 38.742, 38.696, 38.785, 38.579, 37.518, 35.705, 33.763, 32.248, 30.322, 29.324, 28.118, 24.515, 21.049, 19.482, 17.597, 14.23, 10.79, 6.325, 0.0, 8.003, 14.249, 18.615, 20.016, 20.724, 22.267, 25.18, 28.477, 30.626, 31.53, 32.933, 34.429, 34.542, 34.649, 35.496, 35.763, 35.703, 35.913, 35.891, 35.688, 36.137, 36.097, 35.728, 35.795, 36.117, 36.511, 36.554, 37.136, 38.745, 40.809, 41.366, 41.002, 42.046, 42.851, 42.75, 42.578, 41.524, 40.601, 41.033, 42.306, 43.903, 44.164, 43.277, 42.944, 41.997, 40.987, 41.613, 42.244, 41.199, 39.249, 38.655, 39.028, 38.856, 38.13, 37.802, 37.844, 38.029, 38.172, 38.46, 39.035, 39.179, 38.914, 38.163, 37.799, 37.335, 38.016, 38.176, 37.736, 38.466, 38.5, 38.566, 38.433, 37.664, 37.444, 36.983, 36.061, 35.731, 35.601, 35.569, 35.823, 35.999, 36.012, 36.03, 36.222, 36.524, 36.696, 37.133, 37.541, 37.479, 38.37, 40.162, 42.176, 42.519], [42.989, 42.91, 42.479, 40.751, 39.835, 39.837, 38.796, 38.192, 38.994, 39.327, 39.999, 39.975, 39.59, 39.701, 40.186, 40.261, 40.214, 40.276, 40.073, 38.971, 37.138, 35.275, 33.834, 32.097, 31.229, 30.125, 26.801, 23.582, 22.063, 20.443, 17.706, 14.959, 12.248, 8.003, 0.0, 9.187, 15.711, 17.784, 19.061, 21.282, 25.364, 29.534, 31.961, 32.942, 34.399, 35.866, 35.972, 36.133, 36.995, 37.185, 37.051, 37.157, 37.011, 36.755, 37.202, 37.244, 36.882, 36.913, 37.201, 37.538, 37.573, 38.076, 39.477, 41.34, 41.882, 41.578, 42.549, 43.316, 43.311, 43.189, 42.189, 41.366, 41.884, 43.123, 44.569, 44.792, 44.029, 43.779, 42.932, 41.973, 42.484, 43.061, 42.107, 40.347, 39.86, 40.248, 40.113, 39.431, 39.099, 39.1, 39.208, 39.345, 39.601, 40.078, 40.215, 40.012, 39.289, 38.939, 38.498, 39.032, 39.13, 38.801, 39.508, 39.581, 39.754, 39.71, 38.979, 38.748, 38.324, 37.488, 37.203, 37.082, 37.078, 37.336, 37.501, 37.509, 37.546, 37.765, 38.089, 38.258, 38.657, 39.019, 38.963, 39.689, 41.236, 43.065, 43.087], [42.829, 42.851, 42.493, 40.665, 39.624, 39.656, 38.567, 37.865, 38.657, 38.956, 39.621, 39.609, 39.235, 39.387, 39.936, 40.066, 40.011, 40.045, 39.907, 38.949, 37.212, 35.445, 34.034, 32.401, 31.731, 30.793, 27.81, 24.973, 23.639, 22.399, 20.485, 18.627, 16.751, 14.249, 9.187, 0.0, 8.466, 12.076, 14.124, 17.132, 22.636, 27.845, 30.671, 31.752, 33.278, 34.89, 35.065, 35.265, 36.209, 36.386, 36.2, 36.416, 36.376, 36.115, 36.551, 36.68, 36.511, 36.703, 37.029, 37.362, 37.436, 37.864, 39.144, 40.918, 41.437, 41.159, 42.151, 42.889, 42.854, 42.728, 41.732, 40.856, 41.285, 42.548, 44.069, 44.323, 43.512, 43.253, 42.429, 41.448, 41.918, 42.528, 41.576, 39.792, 39.365, 39.831, 39.689, 38.983, 38.679, 38.717, 38.845, 39.006, 39.292, 39.762, 39.876, 39.71, 39.018, 38.684, 38.29, 38.818, 38.875, 38.515, 39.282, 39.45, 39.634, 39.531, 38.771, 38.525, 38.09, 37.279, 37.024, 36.918, 36.903, 37.123, 37.241, 37.235, 37.284, 37.51, 37.858, 38.047, 38.368, 38.601, 38.529, 39.112, 40.573, 42.352, 42.941], [42.664, 42.723, 42.367, 40.375, 39.185, 39.193, 38.001, 37.12, 37.887, 38.172, 38.821, 38.824, 38.447, 38.608, 39.236, 39.439, 39.395, 39.42, 39.346, 38.565, 37.013, 35.346, 33.966, 32.441, 31.917, 31.063, 28.396, 26.008, 24.929, 23.982, 22.658, 21.53, 20.174, 18.615, 15.711, 8.466, 0.0, 6.035, 9.989, 13.434, 19.889, 25.941, 29.198, 30.331, 31.683, 33.33, 33.549, 33.732, 34.733, 34.941, 34.748, 35.164, 35.359, 35.179, 35.652, 35.786, 35.806, 36.279, 36.716, 37.065, 37.183, 37.544, 38.741, 40.507, 41.03, 40.738, 41.728, 42.387, 42.246, 42.098, 41.088, 40.107, 40.422, 41.767, 43.441, 43.732, 42.798, 42.466, 41.632, 40.63, 41.096, 41.741, 40.777, 38.911, 38.471, 39.002, 38.844, 38.088, 37.829, 37.958, 38.151, 38.328, 38.656, 39.164, 39.253, 39.074, 38.409, 38.154, 37.813, 38.366, 38.477, 38.117, 38.911, 39.144, 39.271, 39.06, 38.254, 37.985, 37.52, 36.701, 36.452, 36.348, 36.317, 36.495, 36.562, 36.538, 36.588, 36.816, 37.172, 37.381, 37.673, 37.835, 37.738, 38.173, 39.595, 41.37, 42.81], [42.473, 42.516, 42.118, 39.986, 38.716, 38.761, 37.454, 36.394, 37.178, 37.48, 38.107, 38.076, 37.69, 37.824, 38.467, 38.702, 38.695, 38.755, 38.697, 37.968, 36.531, 34.897, 33.485, 31.939, 31.413, 30.54, 28.001, 25.936, 25.021, 24.118, 23.047, 22.373, 21.304, 20.016, 17.784, 12.076, 6.035, 0.0, 6.323, 11.242, 18.088, 24.52, 28.093, 29.303, 30.636, 32.325, 32.547, 32.663, 33.605, 33.807, 33.605, 34.159, 34.559, 34.474, 34.954, 35.109, 35.166, 35.753, 36.356, 36.807, 36.908, 37.238, 38.41, 40.224, 40.757, 40.402, 41.358, 41.961, 41.733, 41.563, 40.534, 39.469, 39.687, 41.036, 42.783, 43.091, 42.09, 41.705, 40.833, 39.792, 40.268, 40.951, 40.007, 38.071, 37.575, 38.127, 37.97, 37.193, 36.962, 37.157, 37.405, 37.595, 37.942, 38.471, 38.52, 38.292, 37.62, 37.397, 37.077, 37.639, 37.813, 37.545, 38.398, 38.6, 38.707, 38.476, 37.653, 37.367, 36.871, 36.035, 35.779, 35.665, 35.64, 35.83, 35.888, 35.859, 35.903, 36.116, 36.472, 36.686, 36.996, 37.172, 37.051, 37.451, 38.926, 40.774, 42.631], [42.155, 42.201, 41.756, 39.487, 38.147, 38.193, 36.779, 35.705, 36.548, 36.84, 37.555, 37.531, 37.133, 37.251, 37.945, 38.175, 38.171, 38.301, 38.288, 37.56, 36.071, 34.375, 32.933, 31.342, 30.798, 29.928, 27.508, 25.644, 24.829, 23.973, 23.014, 22.645, 21.838, 20.724, 19.061, 14.124, 9.989, 6.323, 0.0, 7.372, 15.913, 22.825, 26.626, 27.989, 29.43, 31.21, 31.441, 31.545, 32.544, 32.807, 32.641, 33.268, 33.704, 33.634, 34.139, 34.321, 34.455, 35.076, 35.768, 36.423, 36.556, 36.907, 38.155, 40.091, 40.657, 40.263, 41.231, 41.825, 41.549, 41.347, 40.258, 39.126, 39.304, 40.631, 42.424, 42.761, 41.728, 41.3, 40.373, 39.298, 39.788, 40.492, 39.522, 37.479, 36.918, 37.477, 37.316, 36.547, 36.345, 36.611, 36.929, 37.126, 37.481, 38.048, 38.087, 37.779, 37.053, 36.834, 36.495, 37.047, 37.245, 37.021, 37.934, 38.114, 38.205, 37.957, 37.112, 36.825, 36.324, 35.459, 35.172, 35.048, 35.01, 35.206, 35.261, 35.212, 35.254, 35.458, 35.793, 36.007, 36.358, 36.533, 36.38, 36.823, 38.428, 40.409, 42.306], [42.085, 42.121, 41.596, 39.207, 37.802, 37.835, 36.282, 35.123, 36.032, 36.343, 37.102, 37.093, 36.681, 36.801, 37.509, 37.726, 37.696, 37.888, 38.065, 37.769, 36.456, 34.681, 33.253, 31.659, 31.103, 30.221, 27.897, 26.224, 25.507, 24.709, 23.825, 23.565, 22.996, 22.267, 21.282, 17.132, 13.434, 11.242, 7.372, 0.0, 11.2, 20.128, 24.652, 26.239, 27.757, 29.595, 29.908, 30.058, 31.193, 31.596, 31.635, 32.54, 33.078, 32.976, 33.502, 33.722, 33.988, 34.719, 35.425, 36.162, 36.354, 36.746, 38.199, 40.369, 40.988, 40.586, 41.594, 42.163, 41.853, 41.677, 40.552, 39.341, 39.485, 40.835, 42.733, 43.114, 41.963, 41.413, 40.421, 39.293, 39.804, 40.541, 39.466, 37.188, 36.519, 37.063, 36.866, 36.052, 35.835, 36.165, 36.567, 36.77, 37.136, 37.764, 37.795, 37.419, 36.686, 36.532, 36.159, 36.714, 37.011, 36.8, 37.698, 37.85, 37.878, 37.582, 36.666, 36.364, 35.892, 35.076, 34.784, 34.65, 34.588, 34.733, 34.756, 34.716, 34.778, 34.975, 35.303, 35.568, 35.