[[0.0, 8.558, 15.322, 16.857, 19.394, 21.291, 23.375, 25.856, 26.777, 27.983, 30.011, 31.436, 32.287, 33.266, 34.821, 36.149, 36.281, 36.369, 36.523, 36.47, 36.371, 36.431, 36.674, 36.569, 36.852, 37.738, 37.509, 37.899, 37.934, 37.993, 38.084, 37.865, 37.915, 38.294, 38.189, 38.63, 39.015, 39.107, 38.963, 38.824, 39.042, 39.187, 38.923, 39.089, 39.313, 39.699, 40.337, 40.836, 41.721, 40.505, 38.323, 37.747, 37.658, 37.183, 36.845, 36.033, 34.99, 35.187, 35.424, 35.636, 36.426, 36.767, 36.223, 35.969, 35.994, 35.83, 36.472, 38.083, 38.641, 38.411, 38.637, 38.904, 39.195, 39.243, 39.743, 39.758, 39.286, 39.391, 38.83, 38.176, 38.249, 38.511, 38.664, 38.482, 38.052, 37.538, 37.4, 37.278, 37.195, 37.399, 37.804, 38.123, 38.496, 39.013, 38.414, 38.169, 38.267, 37.827, 37.344, 37.718, 37.829, 37.277, 37.245, 37.337, 37.632, 37.94, 37.643, 6.739], [8.558, 0.0, 9.006, 12.657, 16.42, 18.961, 21.169, 23.705, 24.903, 26.153, 28.102, 29.525, 30.4, 31.513, 33.323, 34.783, 34.886, 34.995, 35.26, 35.3, 35.214, 35.386, 35.81, 35.72, 36.027, 36.938, 36.71, 37.259, 37.326, 37.22, 37.227, 37.044, 37.102, 37.517, 37.42, 37.91, 38.376, 38.484, 38.345, 38.185, 38.432, 38.598, 38.309, 38.449, 38.65, 39.038, 39.688, 40.165, 41.103, 39.771, 37.473, 36.928, 36.835, 36.293, 35.933, 35.099, 34.066, 34.317, 34.533, 34.682, 35.484, 35.875, 35.345, 35.13, 35.111, 34.932, 35.641, 37.251, 37.726, 37.433, 37.692, 38.001, 38.275, 38.308, 38.857, 38.867, 38.333, 38.404, 37.806, 37.168, 37.257, 37.563, 37.766, 37.563, 37.079, 36.564, 36.447, 36.316, 36.242, 36.458, 36.913, 37.249, 37.653, 38.228, 37.596, 37.276, 37.383, 37.05, 36.679, 37.094, 37.207, 36.629, 36.522, 36.567, 36.923, 37.311, 37.123, 12.654], [15.322, 9.006, 0.0, 7.818, 14.181, 17.604, 20.047, 22.412, 23.765, 25.165, 26.987, 28.267, 29.111, 30.454, 32.581, 34.11, 34.288, 34.465, 34.765, 34.984, 34.951, 35.126, 35.733, 35.847, 36.256, 37.138, 36.932, 37.544, 37.649, 37.456, 37.375, 37.233, 37.3, 37.691, 37.581, 38.041, 38.476, 38.543, 38.41, 38.262, 38.54, 38.727, 38.43, 38.509, 38.667, 39.049, 39.692, 40.149, 41.051, 39.674, 37.463, 37.06, 36.944, 36.406, 36.089, 35.248, 34.258, 34.576, 34.825, 34.962, 35.7, 36.081, 35.558, 35.303, 35.213, 35.049, 35.748, 37.257, 37.652, 37.344, 37.618, 37.936, 38.193, 38.22, 38.778, 38.796, 38.231, 38.261, 37.67, 37.085, 37.172, 37.452, 37.659, 37.453, 36.978, 36.499, 36.414, 36.271, 36.21, 36.388, 36.831, 37.195, 37.638, 38.238, 37.713, 37.406, 37.521, 37.348, 37.086, 37.538, 37.632, 37.028, 36.891, 36.92, 37.254, 37.619, 37.492, 17.932], [16.857, 12.657, 7.818, 0.0, 8.521, 13.491, 16.634, 19.343, 20.762, 22.463, 24.696, 26.169, 27.076, 28.684, 31.325, 33.122, 33.48, 33.758, 34.063, 34.397, 34.478, 34.712, 35.392, 35.712, 36.319, 37.283, 37.051, 37.612, 37.72, 37.604, 37.539, 37.376, 37.456, 37.859, 37.723, 38.17, 38.603, 38.636, 38.502, 38.366, 38.636, 38.818, 38.552, 38.655, 38.8, 39.213, 39.882, 40.312, 41.188, 39.818, 37.583, 37.172, 37.054, 36.5, 36.175, 35.395, 34.44, 34.778, 35.087, 35.224, 35.91, 36.275, 35.719, 35.396, 35.276, 35.122, 35.792, 37.389, 37.883, 37.605, 37.905, 38.213, 38.457, 38.486, 39.043, 39.075, 38.531, 38.538, 37.912, 37.315, 37.367, 37.582, 37.769, 37.578, 37.069, 36.559, 36.468, 36.322, 36.252, 36.429, 36.881, 37.251, 37.68, 38.32, 37.806, 37.492, 37.627, 37.421, 37.141, 37.643, 37.735, 37.082, 36.987, 37.032, 37.383, 37.774, 37.634, 19.265], [19.394, 16.42, 14.181, 8.521, 0.0, 7.152, 12.272, 15.69, 17.082, 19.206, 22.159, 24.087, 25.269, 27.277, 30.512, 32.645, 33.182, 33.46, 33.763, 34.183, 34.321, 34.522, 35.22, 35.622, 36.434, 37.509, 37.183, 37.684, 37.771, 37.755, 37.752, 37.555, 37.636, 38.074, 37.902, 38.348, 38.844, 38.837, 38.68, 38.538, 38.778, 38.958, 38.769, 38.952, 39.06, 39.474, 40.151, 40.559, 41.421, 40.066, 37.81, 37.366, 37.309, 36.762, 36.401, 35.691, 34.78, 35.107, 35.454, 35.57, 36.228, 36.574, 36.024, 35.663, 35.549, 35.414, 36.057, 37.718, 38.273, 37.99, 38.293, 38.574, 38.786, 38.818, 39.387, 39.418, 38.957, 39.007, 38.345, 37.699, 37.719, 37.889, 38.054, 37.883, 37.284, 36.693, 36.587, 36.412, 36.281, 36.447, 36.877, 37.231, 37.611, 38.261, 37.727, 37.434, 37.557, 37.235, 37.018, 37.61, 37.715, 37.063, 37.04, 37.074, 37.425, 37.885, 37.755, 21.384], [21.291, 18.961, 17.604, 13.491, 7.152, 0.0, 7.574, 12.745, 14.032, 16.392, 20.183, 22.597, 24.074, 26.353, 29.839, 32.151, 32.85, 33.152, 33.452, 33.912, 34.081, 34.221, 34.94, 35.412, 36.332, 37.454, 37.08, 37.587, 37.702, 37.777, 37.809, 37.595, 37.68, 38.123, 37.909, 38.359, 38.878, 38.801, 38.605, 38.454, 38.669, 38.852, 38.712, 38.937, 39.032, 39.446, 40.126, 40.557, 41.436, 40.096, 37.803, 37.305, 37.301, 36.776, 36.364, 35.709, 34.834, 35.169, 35.55, 35.681, 36.339, 36.66, 36.129, 35.794, 35.732, 35.606, 36.287, 38.007, 38.562, 38.254, 38.568, 38.829, 39.024, 39.02, 39.589, 39.626, 39.181, 39.279, 38.61, 37.903, 37.902, 38.042, 38.176, 38.02, 37.328, 36.635, 36.528, 36.319, 36.125, 36.304, 36.719, 37.072, 37.447, 38.111, 37.543, 37.25, 37.346, 36.943, 36.786, 37.448, 37.588, 36.956, 36.973, 37.003, 37.379, 37.911, 37.808, 23.057], [23.375, 21.169, 20.047, 16.634, 12.272, 7.574, 0.0, 7.125, 9.314, 12.103, 16.839, 19.791, 21.575, 24.472, 28.462, 30.934, 31.776, 32.169, 32.496, 32.973, 33.152, 33.267, 34.022, 34.611, 35.668, 36.812, 36.449, 37.146, 37.359, 37.441, 37.485, 37.266, 37.377, 37.842, 37.561, 38.052, 38.611, 38.475, 38.256, 38.086, 38.302, 38.495, 38.377, 38.64, 38.731, 39.148, 39.871, 40.322, 41.253, 39.851, 37.354, 36.726, 36.721, 36.16, 35.675, 35.066, 34.224, 34.56, 34.965, 35.076, 35.744, 36.097, 35.551, 35.276, 35.261, 35.142, 35.949, 37.815, 38.358, 38.025, 38.385, 38.662, 38.85, 38.789, 39.37, 39.405, 38.918, 39.003, 38.286, 37.542, 37.541, 37.692, 37.831, 37.665, 36.858, 36.07, 35.987, 35.75, 35.498, 35.709, 36.185, 36.564, 36.98, 37.682, 37.046, 36.707, 36.788, 36.376, 36.267, 36.98, 37.149, 36.518, 36.504, 36.484, 36.947, 37.59, 37.561, 25.096], [25.856, 23.705, 22.412, 19.343, 15.69, 12.745, 7.125, 0.0, 4.632, 9.068, 13.912, 17.015, 19.132, 22.802, 27.396, 29.978, 30.916, 31.395, 31.724, 32.229, 32.403, 32.46, 33.251, 33.974, 35.165, 36.331, 35.99, 36.848, 37.148, 37.211, 37.257, 37.051, 37.191, 37.693, 37.395, 37.946, 38.566, 38.424, 38.195, 38.017, 38.235, 38.424, 38.314, 38.597, 38.677, 39.084, 39.837, 40.252, 41.181, 39.707, 37.066, 36.374, 36.35, 35.739, 35.194, 34.619, 33.824, 34.141, 34.548, 34.614, 35.276, 35.666, 35.096, 34.824, 34.809, 34.696, 35.554, 37.492, 38.03, 37.689, 38.077, 38.375, 38.563, 38.466, 39.063, 39.107, 38.603, 38.65, 37.899, 37.174, 37.169, 37.314, 37.477, 37.305, 36.437, 35.608, 35.535, 35.274, 34.994, 35.223, 35.739, 36.135, 36.594, 37.347, 36.67, 36.277, 36.347, 35.954, 35.883, 36.649, 36.806, 36.198, 36.186, 36.121, 36.632, 37.333, 37.357, 27.422], [26.777, 24.903, 23.765, 20.762, 17.082, 14.032, 9.314, 4.632, 0.0, 6.606, 12.682, 16.063, 18.389, 22.313, 27.191, 29.928, 30.929, 31.438, 31.826, 32.346, 32.561, 32.646, 33.438, 34.239, 35.488, 36.645, 36.285, 37.086, 37.401, 37.534, 37.614, 37.415, 37.549, 38.04, 37.785, 38.374, 38.993, 38.852, 38.618, 38.44, 38.642, 38.829, 38.721, 38.988, 39.067, 39.474, 40.215, 40.602, 41.482, 40.027, 37.404, 36.691, 36.699, 36.13, 35.575, 34.984, 34.175, 34.485, 34.909, 35.014, 35.71, 36.093, 35.527, 35.219, 35.185, 35.072, 35.864, 37.751, 38.273, 37.948, 38.323, 38.595, 38.78, 38.661, 39.224, 39.273, 38.801, 38.853, 38.115, 37.401, 37.385, 37.522, 37.696, 37.537, 36.689, 35.901, 35.851, 35.601, 35.334, 35.553, 36.058, 36.455, 36.904, 37.646, 36.995, 36.618, 36.678, 36.262, 36.196, 36.928, 37.073, 36.493, 36.491, 36.442, 36.931, 37.613, 37.648, 28.291], [27.983, 26.153, 25.165, 22.463, 19.206, 16.392, 12.103, 9.068, 6.606, 0.0, 8.031, 12.813, 15.776, 20.26, 25.776, 29.002, 30.279, 30.872, 31.36, 31.914, 32.163, 32.316, 33.138, 33.985, 35.316, 36.529, 36.163, 36.952, 37.291, 37.461, 37.558, 37.347, 37.5, 38.012, 37.744, 38.347, 38.975, 38.801, 38.56, 38.365, 38.563, 38.766, 38.661, 38.918, 38.97, 39.376, 40.134, 40.548, 41.458, 39.968, 37.291, 36.534, 36.563, 35.978, 35.387, 34.791, 34.008, 34.335, 34.74, 34.849, 35.59, 35.99, 35.417, 35.141, 35.138, 34.999, 35.781, 37.697, 38.191, 37.824, 38.202, 38.48, 38.642, 38.505, 39.069, 39.099, 38.627, 38.68, 37.925, 37.225, 37.211, 37.379, 37.597, 37.421, 36.502, 35.688, 35.643, 35.386, 35.104, 35.337, 35.894, 36.302, 36.734, 37.482, 36.818, 36.423, 36.495, 36.119, 36.128, 36.829, 36.932, 36.388, 36.33, 36.225, 36.741, 37.464, 37.52, 29.508], [30.011, 28.102, 26.987, 24.696, 22.159, 20.183, 16.839, 13.912, 12.682, 8.031, 0.0, 6.72, 11.362, 17.241, 23.793, 27.631, 29.316, 30.087, 30.667, 31.281, 31.563, 31.784, 32.686, 33.558, 34.925, 36.171, 35.835, 36.658, 37.023, 37.157, 37.236, 37.042, 37.213, 37.732, 37.432, 38.052, 38.72, 38.532, 38.303, 38.115, 38.317, 38.53, 38.433, 38.69, 38.702, 39.092, 39.852, 40.264, 41.239, 39.692, 36.959, 36.216, 36.25, 35.592, 34.949, 34.386, 33.7, 34.04, 34.416, 34.5, 35.204, 35.622, 35.054, 34.852, 34.879, 34.723, 35.542, 37.48, 37.912, 37.475, 37.867, 38.183, 38.325, 38.157, 38.761, 38.793, 38.283, 38.326, 37.562, 36.88, 36.842, 37.009, 37.263, 37.071, 36.079, 35.213, 35.165, 34.915, 34.61, 34.814, 35.404, 35.828, 36.261, 37.037, 36.344, 35.874, 35.94, 35.631, 35.714, 36.442, 36.506, 35.996, 35.943, 35.781, 36.317, 37.057, 37.137, 31.453], [31.436, 29.525, 28.267, 26.169, 24.087, 22.597, 19.791, 17.015, 16.063, 12.813, 6.72, 0.0, 6.788, 14.872, 22.333, 26.482, 28.421, 29.358, 30.015, 30.73, 31.066, 31.367, 32.419, 33.352, 34.705, 35.94, 35.594, 36.411, 36.794, 36.917, 36.983, 36.811, 37.026, 37.592, 37.319, 37.977, 38.681, 38.489, 38.259, 38.076, 38.277, 38.484, 38.412, 38.701, 38.706, 39.101, 39.878, 40.298, 41.295, 39.695, 36.886, 36.135, 36.191, 35.5, 34.809, 34.223, 33.561, 33.904, 34.293, 34.341, 34.97, 35.377, 34.832, 34.68, 34.696, 34.55, 35.402, 37.375, 37.778, 37.308, 37.728, 38.059, 38.193, 38.012, 38.639, 38.678, 38.159, 38.214, 37.435, 36.739, 36.674, 36.814, 37.078, 36.881, 35.823, 34.911, 34.876, 34.622, 34.283, 34.449, 35.057, 35.503, 35.936, 36.711, 36.018, 35.518, 35.57, 35.317, 35.475, 36.272, 36.325, 35.788, 35.76, 35.594, 36.122, 36.854, 36.966, 32.769], [32.287, 30.4, 29.111, 27.076, 25.269, 24.074, 21.575, 19.132, 18.389, 15.776, 11.362, 6.788, 0.0, 10.795, 20.058, 24.409, 26.513, 27.682, 28.4, 29.261, 29.697, 30.14, 31.462, 32.596, 34.016, 35.264, 34.852, 35.68, 36.085, 36.18, 36.191, 35.984, 36.222, 36.885, 36.659, 37.36, 38.09, 37.863, 37.595, 37.398, 37.599, 37.812, 37.765, 38.092, 38.086, 38.519, 39.352, 39.82, 40.875, 39.151, 36.129, 35.337, 35.463, 34.753, 34.006, 33.459, 32.868, 33.266, 33.676, 33.657, 34.237, 34.635, 34.089, 33.932, 33.935, 33.808, 34.705, 36.79, 37.219, 36.705, 37.166, 37.508, 37.628, 37.443, 38.089, 38.124, 37.585, 37.672, 36.868, 36.129, 36.031, 36.161, 36.449, 36.247, 35.057, 34.049, 34.025, 33.738, 33.309, 33.47, 34.13, 34.605, 35.086, 35.925, 35.137, 34.582, 34.656, 34.45, 34.664, 35.494, 35.529, 34.955, 34.912, 34.739, 35.302, 36.084, 36.222, 33.578], [33.266, 31.513, 30.454, 28.684, 27.277, 26.353, 24.472, 22.802, 22.313, 20.26, 17.241, 14.872, 10.795, 0.0, 12.868, 19.569, 22.285, 23.775, 24.736, 25.783, 26.535, 27.424, 29.122, 30.61, 32.174, 33.585, 33.306, 34.293, 34.728, 34.84, 34.93, 34.763, 35.009, 35.748, 35.754, 36.656, 37.418, 37.129, 36.787, 36.579, 36.781, 36.98, 36.914, 37.231, 37.213, 37.673, 38.539, 39.08, 40.182, 38.287, 35.011, 34.105, 34.304, 33.614, 32.897, 32.607, 32.249, 32.724, 33.141, 33.032, 33.56, 33.957, 33.416, 33.143, 33.091, 32.996, 33.861, 35.938, 36.428, 35.901, 36.43, 36.801, 36.896, 36.619, 37.207, 37.236, 36.636, 36.737, 35.955, 35.209, 35.114, 35.256, 35.531, 35.278, 33.996, 32.937, 32.902, 32.649, 32.213, 32.413, 33.128, 33.61, 34.097, 34.983, 34.007, 33.349, 33.474, 33.295, 33.512, 34.279, 34.255, 33.75, 33.72, 33.537, 34.135, 34.97, 35.119, 34.564], [34.821, 33.323, 32.581, 31.325, 30.512, 29.839, 28.462, 27.396, 27.191, 25.776, 23.793, 22.333, 20.058, 12.868, 0.0, 11.165, 16.649, 18.429, 19.891, 21.542, 22.666, 24.254, 26.172, 28.0, 29.798, 31.38, 31.693, 33.093, 33.895, 34.455, 34.827, 34.872, 35.236, 35.889, 36.281, 37.488, 38.189, 37.896, 37.552, 37.402, 37.606, 37.743, 37.612, 37.837, 37.82, 38.202, 38.975, 39.539, 40.58, 38.803, 35.703, 34.833, 35.002, 34.387, 33.729, 33.544, 33.356, 33.794, 34.193, 34.088, 34.388, 34.706, 34.327, 34.115, 34.024, 33.975, 34.698, 36.285, 36.684, 36.244, 36.756, 37.139, 37.225, 36.794, 37.326, 37.396, 36.67, 36.689, 36.065, 35.437, 35.361, 35.503, 35.738, 35.437, 34.407, 33.632, 33.543, 33.385, 33.213, 33.458, 34.124, 34.566, 34.958, 35.738, 34.766, 34.1, 34.27, 34.02, 33.971, 34.693, 34.679, 34.202, 34.188, 34.16, 34.666, 35.377, 35.484, 36.032], [36.149, 34.783, 34.11, 33.122, 32.645, 32.151, 30.934, 29.978, 29.928, 29.002, 27.631, 26.482, 24.409, 19.569, 11.165, 0.0, 9.394, 12.732, 14.506, 17.039, 18.596, 20.895, 23.399, 25.739, 27.894, 29.696, 30.49, 32.255, 33.426, 34.262, 34.733, 34.935, 35.483, 36.173, 36.702, 38.159, 38.916, 38.694, 38.37, 38.24, 38.438, 38.556, 38.394, 38.591, 38.605, 38.976, 39.731, 40.276, 41.263, 39.6, 36.613, 35.82, 35.957, 35.367, 34.705, 34.442, 34.309, 34.718, 35.092, 34.981, 35.077, 35.32, 35.052, 35.025, 34.989, 34.95, 35.63, 37.034, 37.377, 36.925, 37.39, 37.744, 37.793, 37.319, 37.821, 37.936, 37.164, 37.144, 36.616, 36.045, 36.008, 36.206, 36.452, 36.133, 35.212, 34.597, 34.499, 34.33, 34.224, 34.509, 35.175, 35.614, 35.982, 36.68, 35.786, 35.185, 35.338, 35.069, 34.928, 35.628, 35.663, 35.204, 35.151, 35.192, 35.629, 36.248, 36.376, 37.27], [36.281, 34.886, 34.288, 33.48, 33.182, 32.85, 31.776, 30.916, 30.929, 30.279, 29.316, 28.421, 26.513, 22.285, 16.649, 9.394, 0.0, 5.936, 9.702, 12.474, 14.224, 17.469, 20.788, 23.56, 25.935, 28.022, 29.202, 31.278, 32.431, 33.086, 33.543, 33.829, 34.492, 35.292, 35.904, 37.519, 38.46, 38.338, 38.01, 37.877, 38.106, 38.231, 38.052, 38.223, 38.252, 38.672, 39.456, 40.005, 40.991, 39.29, 36.297, 35.501, 35.596, 35.03, 34.406, 34.183, 34.06, 34.465, 34.84, 34.635, 34.634, 34.891, 34.645, 34.675, 34.674, 34.653, 35.401, 36.871, 37.269, 36.783, 37.253, 37.664, 37.727, 37.266, 37.712, 37.79, 36.969, 36.896, 36.367, 35.84, 35.875, 36.122, 36.371, 36.024, 35.066, 34.413, 34.27, 34.107, 34.014, 34.285, 34.968, 35.408, 35.813, 36.529, 35.581, 34.971, 35.119, 34.885, 34.831, 35.532, 35.546, 35.101, 35.018, 35.016, 35.495, 36.15, 36.266, 37.419], [36.369, 34.995, 34.465, 33.758, 33.46, 33.152, 32.169, 31.395, 31.438, 30.872, 30.087, 29.358, 27.682, 23.775, 18.429, 12.732, 5.936, 0.0, 6.653, 10.543, 12.044, 15.619, 19.469, 22.474, 24.933, 27.122, 28.465, 30.675, 31.839, 32.44, 32.894, 33.241, 33.964, 34.807, 35.515, 37.211, 38.221, 38.121, 37.802, 37.672, 37.903, 38.024, 37.843, 38.017, 38.055, 38.477, 39.263, 39.827, 40.814, 39.125, 36.167, 35.365, 35.417, 34.843, 34.246, 34.024, 33.878, 34.283, 34.672, 34.459, 34.473, 34.752, 34.501, 34.527, 34.551, 34.548, 35.307, 36.773, 37.176, 36.679, 37.131, 37.55, 37.634, 37.204, 37.66, 37.717, 36.852, 36.783, 36.273, 35.758, 35.819, 36.084, 36.322, 35.967, 35.023, 34.355, 34.195, 34.052, 33.996, 34.237, 34.889, 35.326, 35.726, 36.455, 35.508, 34.892, 35.038, 34.822, 34.779, 35.459, 35.473, 35.045, 34.967, 34.944, 35.408, 36.034, 36.114, 37.412], [36.523, 35.26, 34.765, 34.063, 33.763, 33.452, 32.496, 31.724, 31.826, 31.36, 30.667, 30.015, 28.4, 24.736, 19.891, 14.506, 9.702, 6.653, 0.0, 6.049, 8.554, 12.223, 16.812, 20.463, 23.394, 25.902, 27.352, 29.757, 30.997, 31.641, 32.151, 32.539, 33.288, 34.181, 34.988, 36.805, 37.892, 37.795, 37.483, 37.364, 37.592, 37.737, 37.591, 37.785, 37.802, 38.199, 38.994, 39.588, 40.611, 38.867, 35.815, 34.965, 34.998, 34.403, 33.831, 33.667, 33.544, 33.968, 34.396, 34.212, 34.272, 34.559, 34.276, 34.256, 34.249, 34.246, 35.015, 36.504, 36.895, 36.384, 36.844, 37.26, 37.342, 36.899, 37.34, 37.393, 36.501, 36.41, 35.878, 35.357, 35.427, 35.663, 35.865, 35.493, 34.498, 33.794, 33.646, 33.466, 33.433, 33.732, 34.392, 34.834, 35.264, 36.012, 35.071, 34.461, 34.606, 34.491, 34.521, 35.193, 35.196, 34.789, 34.754, 34.694, 35.149, 35.754, 35.801, 37.406], [36.47, 35.3, 34.984, 34.397, 34.183, 33.912, 32.973, 32.229, 32.346, 31.914, 31.281, 30.73, 29.261, 25.783, 21.542, 17.039, 12.474, 10.543, 6.049, 0.0, 4.838, 10.246, 14.997, 18.605, 21.769, 24.55, 26.165, 28.808, 30.155, 30.839, 31.432, 31.843, 32.616, 33.538, 34.375, 36.256, 37.367, 37.282, 36.964, 36.839, 37.085, 37.263, 37.134, 37.321, 37.319, 37.706, 38.522, 39.137, 40.169, 38.377, 35.282, 34.383, 34.426, 33.833, 33.279, 33.257, 33.23, 33.66, 34.075, 33.838, 33.872, 34.169, 33.896, 33.877, 33.85, 33.833, 34.661, 36.175, 36.555, 36.04, 36.527, 36.981, 37.063, 36.562, 36.929, 36.977, 36.058, 35.927, 35.37, 34.846, 34.936, 35.175, 35.359, 34.97, 33.959, 33.244, 33.085, 32.88, 32.893, 33.264, 33.934, 34.356, 34.812, 35.573, 34.598, 33.997, 34.127, 34.05, 34.132, 34.78, 34.763, 34.339, 34.271, 34.188, 34.688, 35.318, 35.335, 37.353], [36.371, 35.214, 34.951, 34.478, 34.321, 34.081, 33.152, 32.403, 32.561, 32.163, 31.563, 31.066, 29.697, 26.535, 22.666, 18.596, 14.224, 12.044, 8.554, 4.838, 0.0, 7.51, 13.326, 17.078, 20.335, 23.298, 25.128, 27.967, 29.453, 30.176, 30.757, 31.184, 32.016, 32.969, 33.816, 35.786, 36.93, 36.842, 36.506, 36.364, 36.623, 36.833, 36.701, 36.858, 36.846, 37.239, 38.084, 38.722, 39.774, 37.984, 34.885, 33.985, 34.026, 33.411, 32.805, 32.801, 32.801, 33.242, 33.65, 33.377, 33.391, 33.7, 33.414, 33.42, 33.421, 33.401, 34.288, 35.862, 36.249, 35.702, 36.179, 36.654, 36.753, 36.244, 36.607, 36.651, 35.731, 35.621, 35.045, 34.502, 34.605, 34.873, 35.059, 34.657, 33.602, 32.823, 32.616, 32.396, 32.427, 32.804, 33.478, 33.909, 34.374, 35.174, 34.183, 33.563, 33.675, 33.601, 33.685, 34.347, 34.349, 33.911, 33.845, 33.764, 34.287, 34.96, 34.971, 37.202], [36.431, 35.386, 35.126, 34.712, 34.522, 34.221, 33.267, 32.46, 32.646, 32.316, 31.784, 31.367, 30.14, 27.424, 24.254, 20.895, 17.469, 15.619, 12.223, 10.246, 7.51, 0.0, 8.202, 14.084, 18.165, 21.622, 23.926, 27.142, 28.825, 29.639, 30.206, 30.617, 31.452, 32.434, 33.268, 35.321, 36.574, 36.506, 36.167, 36.034, 36.291, 36.533, 36.483, 36.688, 36.669, 37.049, 37.898, 38.56, 39.664, 37.857, 34.738, 33.853, 33.867, 33.213, 32.601, 32.572, 32.504, 32.94, 33.357, 33.064, 33.17, 33.532, 33.174, 33.147, 33.188, 33.165, 34.061, 35.692, 36.077, 35.485, 35.934, 36.41, 36.531, 36.046, 36.44, 36.475, 35.562, 35.441, 34.816, 34.247, 34.346, 34.592, 34.747, 34.354, 33.23, 32.32, 32.072, 31.799, 31.817, 32.236, 32.932, 33.381, 33.865, 34.708, 33.703, 33.071, 33.169, 33.155, 33.315, 34.115, 34.131, 33.658, 33.662, 33.588, 34.117, 34.823, 34.811, 37.032], [36.674, 35.81, 35.733, 35.392, 35.22, 34.94, 34.022, 33.251, 33.438, 33.138, 32.686, 32.419, 31.462, 29.122, 26.172, 23.399, 20.788, 19.469, 16.812, 14.997, 13.326, 8.202, 0.0, 8.586, 14.849, 19.054, 22.155, 26.015, 28.099, 29.347, 30.199, 30.692, 31.516, 32.495, 33.322, 35.342, 36.617, 36.595, 36.297, 36.201, 36.473, 36.718, 36.739, 37.034, 37.013, 37.337, 38.147, 38.807, 39.881, 38.16, 35.266, 34.499, 34.501, 33.835, 33.349, 33.351, 33.187, 33.539, 33.907, 33.603, 33.75, 34.126, 33.775, 33.793, 33.852, 33.821, 34.7, 36.243, 36.592, 36.02, 36.412, 36.852, 36.976, 36.514, 36.869, 36.898, 36.045, 35.907, 35.29, 34.751, 34.843, 35.04, 35.142, 34.75, 33.691, 32.821, 32.569, 32.294, 32.383, 32.831, 33.492, 33.893, 34.319, 35.122, 34.136, 33.533, 33.627, 33.611, 33.736, 34.607, 34.648, 34.104, 34.099, 34.071, 34.567, 35.274, 35.293, 37.154], [36.569, 35.72, 35.847, 35.712, 35.622, 35.412, 34.611, 33.974, 34.239, 33.985, 33.558, 33.352, 32.596, 30.61, 28.0, 25.739, 23.56, 22.474, 20.463, 18.605, 17.078, 14.084, 8.586, 0.0, 9.375, 15.508, 19.355, 23.881, 26.39, 28.071, 29.261, 29.882, 30.808, 31.874, 32.763, 34.886, 36.228, 36.239, 35.974, 35.912, 36.229, 36.494, 36.519, 36.87, 36.895, 37.213, 38.015, 38.712, 39.797, 38.118, 35.348, 34.663, 34.747, 34.088, 33.626, 33.642, 33.418, 33.727, 34.043, 33.747, 33.911, 34.27, 33.939, 34.01, 34.066, 34.025, 34.935, 36.441, 36.754, 36.166, 36.488, 36.912, 37.062, 36.593, 36.932, 36.964, 36.156, 36.059, 35.438, 34.893, 34.981, 35.168, 35.26, 34.871, 33.868, 33.043, 32.783, 32.539, 32.727, 33.183, 33.814, 34.179, 34.519, 35.27, 34.291, 33.689, 33.79, 33.748, 33.742, 34.555, 34.657, 34.089, 34.07, 34.071, 34.546, 35.272, 35.319, 37.083], [36.852, 36.027, 36.256, 36.319, 36.434, 36.332, 35.668, 35.165, 35.488, 35.316, 34.925, 34.705, 34.016, 32.174, 29.798, 27.894, 25.935, 24.933, 23.394, 21.769, 20.335, 18.165, 14.849, 9.375, 0.0, 9.308, 15.907, 21.581, 24.603, 26.583, 27.98, 28.812, 29.919, 31.141, 32.388, 34.756, 36.173, 36.278, 36.058, 36.028, 36.367, 36.617, 36.621, 36.953, 37.023, 37.406, 38.192, 38.861, 39.947, 38.283, 35.501, 34.772, 34.916, 34.334, 33.835, 33.793, 33.482, 33.714, 34.029, 33.765, 33.944, 34.299, 33.977, 34.023, 34.014, 33.978, 34.822, 36.197, 36.52, 35.983, 36.313, 36.753, 36.918, 36.438, 36.759, 36.82, 36.021, 35.907, 35.294, 34.774, 34.858, 35.032, 35.128, 34.727, 33.762, 33.026, 32.765, 32.547, 32.874, 33.385, 33.995, 34.366, 34.676, 35.366, 34.402, 33.804, 33.904, 33.85, 33.769, 34.532, 34.683, 34.219, 34.186, 34.19, 34.669, 35.369, 35.389, 37.346], [37.738, 36.938, 37.138, 37.283, 37.509, 37.454, 36.812, 36.331, 36.645, 36.529, 36.171, 35.94, 35.264, 33.585, 31.38, 29.696, 28.022, 27.122, 25.902, 24.55, 23.298, 21.622, 19.054, 15.508, 9.308, 0.0, 11.172, 19.198, 22.876, 25.343, 27.104, 28.15, 29.389, 30.719, 32.28, 34.903, 36.403, 36.577, 36.41, 36.421, 36.752, 36.978, 37.01, 37.355, 37.41, 37.805, 38.62, 39.29, 40.329, 38.725, 36.032, 35.299, 35.457, 34.97, 34.499, 34.416, 34.07, 34.235, 34.512, 34.272, 34.454, 34.799, 34.541, 34.573, 34.498, 34.487, 35.231, 36.424, 36.691, 36.214, 36.56, 36.989, 37.146, 36.694, 37.001, 37.044, 36.265, 36.142, 35.577, 35.112, 35.192, 35.343, 35.446, 35.034, 34.094, 33.483, 33.268, 33.063, 33.508, 34.046, 34.58, 34.931, 35.222, 35.841, 34.939, 34.38, 34.501, 34.494, 34.393, 35.084, 35.27, 34.902, 34.852, 34.846, 35.291, 35.904, 35.885, 38.173], [37.509, 36.71, 36.932, 37.051, 37.183, 37.08, 36.449, 35.99, 36.285, 36.163, 35.835, 35.594, 34.852, 33.306, 31.693, 30.49, 29.202, 28.465, 27.352, 26.165, 25.128, 23.926, 22.155, 19.355, 15.907, 11.172, 0.0, 11.092, 17.103, 20.957, 23.285, 24.518, 26.137, 27.878, 29.801, 32.924, 34.862, 35.167, 35.001, 35.048, 35.423, 35.692, 35.827, 36.409, 36.629, 37.104, 38.048, 38.937, 40.101, 38.459, 35.645, 34.785, 34.892, 34.364, 33.861, 33.731, 33.424, 33.646, 33.963, 33.835, 34.047, 34.321, 34.049, 34.045, 33.995, 34.004, 34.775, 36.124, 36.375, 35.861, 36.208, 36.579, 36.737, 36.371, 36.703, 36.697, 36.003, 36.011, 35.455, 34.912, 35.029, 35.263, 35.43, 35.055, 34.043, 33.326, 33.141, 32.917, 33.267, 33.729, 34.234, 34.614, 34.955, 35.594, 34.731, 34.153, 34.281, 34.347, 34.295, 34.92, 35.139, 34.773, 34.679, 34.603, 35.053, 35.622, 35.551, 37.903], [37.899, 37.259, 37.544, 37.612, 37.684, 37.587, 37.146, 36.848, 37.086, 36.952, 36.658, 36.411, 35.68, 34.293, 33.093, 32.255, 31.278, 30.675, 29.757, 28.808, 27.967, 27.142, 26.015, 23.881, 21.581, 19.198, 11.092, 0.0, 10.128, 17.445, 20.385, 21.675, 23.781, 25.98, 28.42, 31.983, 34.283, 34.797, 34.654, 34.742, 35.163, 35.483, 35.729, 36.534, 36.961, 37.566, 38.515, 39.527, 40.744, 39.142, 36.428, 35.583, 35.704, 35.2, 34.731, 34.425, 34.03, 34.253, 34.567, 34.583, 34.854, 35.024, 34.742, 34.725, 34.713, 34.683, 35.314, 36.652, 36.892, 36.407, 36.677, 36.931, 37.098, 36.85, 37.198, 37.215, 36.739, 36.833, 36.32, 35.793, 35.936, 36.209, 36.378, 36.087, 35.23, 34.571, 34.406, 34.202, 34.46, 34.791, 35.2, 35.562, 35.869, 36.478, 35.759, 35.199, 35.288, 35.373, 35.378, 35.915, 36.055, 35.647, 35.535, 35.421, 35.791, 36.226, 36.082, 38.243], [37.934, 37.326, 37.649, 37.72, 37.771, 37.702, 37.359, 37.148, 37.401, 37.291, 37.023, 36.794, 36.085, 34.728, 33.895, 33.426, 32.431, 31.839, 30.997, 30.155, 29.453, 28.825, 28.099, 26.39, 24.603, 22.876, 17.103, 10.128, 0.0, 10.999, 15.843, 17.289, 19.685, 22.405, 25.491, 29.671, 32.468, 33.351, 33.401, 33.521, 33.957, 34.307, 34.64, 35.63, 36.168, 36.86, 37.878, 38.984, 40.325, 38.782, 36.213, 35.432, 35.543, 35.146, 34.768, 34.438, 34.052, 34.307, 34.593, 34.623, 34.968, 35.14, 34.818, 34.713, 34.681, 34.627, 35.217, 36.534, 36.767, 36.321, 36.603, 36.84, 37.051, 36.96, 37.372, 37.389, 36.981, 37.089, 36.565, 36.054, 36.193, 36.45, 36.599, 36.324, 35.493, 34.835, 34.674, 34.52, 34.688, 34.893, 35.234, 35.545, 35.815, 36.415, 35.729, 35.202, 35.288, 35.449, 35.542, 36.029, 36.129, 35.661, 35.493, 35.356, 35.722, 36.141, 35.949, 38.262], [37.993, 37.22, 37.456, 37.604, 37.755, 37.777, 37.441, 37.211, 37.534, 37.461, 37.157, 36.917, 36.18, 34.84, 34.455, 34.262, 33.086, 32.44, 31.641, 30.839, 30.176, 29.639, 29.347, 28.071, 26.583, 25.343, 20.957, 17.445, 10.999, 0.0, 7.532, 10.609, 13.452, 16.736, 20.378, 25.182, 28.634, 29.976, 30.317, 30.546, 31.071, 31.479, 31.896, 33.031, 33.696, 34.465, 35.572, 36.954, 38.513, 37.142, 35.162, 34.705, 34.7, 34.409, 34.159, 33.916, 33.739, 34.073, 34.343, 34.284, 34.514, 34.704, 34.304, 34.099, 34.079, 34.051, 34.763, 36.13, 36.374, 35.95, 36.27, 36.569, 36.893, 36.975, 37.406, 37.391, 36.952, 37.038, 36.503, 35.988, 36.181, 36.459, 36.609, 36.355, 35.488, 34.735, 34.569, 34.489, 34.528, 34.6, 34.857, 35.123, 35.472, 36.153, 35.448, 34.911, 35.03, 35.355, 35.54, 35.965, 36.045, 35.505, 35.266, 35.13, 35.564, 36.035, 35.796, 38.362], [38.084, 37.227, 37.375, 37.539, 37.752, 37.809, 37.485, 37.257, 37.614, 37.558, 37.236, 36.983, 36.191, 34.93, 34.827, 34.733, 33.543, 32.894, 32.151, 31.432, 30.757, 30.206, 30.199, 29.261, 27.98, 27.104, 23.285, 20.385, 15.843, 7.532, 0.0, 5.847, 10.862, 14.664, 18.0, 22.898, 26.683, 28.192, 28.684, 29.001, 29.598, 30.045, 30.483, 31.672, 32.359, 33.141, 34.244, 35.814, 37.548, 36.248, 34.628, 34.505, 34.508, 34.186, 33.921, 33.712, 33.644, 34.016, 34.266, 34.085, 34.156, 34.323, 33.895, 33.699, 33.755, 33.733, 34.562, 36.087, 36.374, 35.912, 36.249, 36.609, 36.965, 37.068, 37.509, 37.493, 37.013, 37.065, 36.502, 35.981, 36.213, 36.469, 36.592, 36.376, 35.487, 34.641, 34.459, 34.404, 34.354, 34.376, 34.613, 34.87, 35.276, 36.026, 35.317, 34.741, 34.846, 35.232, 35.517, 35.979, 36.054, 35.481, 35.221, 35.115, 35.604, 36.105, 35.857, 38.486], [37.865, 37.044, 37.233, 37.376, 37.555, 37.595, 37.266, 37.051, 37.415, 37.347, 37.042, 36.811, 35.984, 34.763, 34.872, 34.935, 33.829, 33.241, 32.539, 31.843, 31.184, 30.617, 30.692, 29.882, 28.812, 28.15, 24.518, 21.675, 17.289, 10.609, 5.847, 0.0, 7.568, 12.964, 16.483, 21.605, 25.572, 27.141, 27.677, 28.016, 28.649, 29.119, 29.573, 30.838, 31.587, 32.463, 33.628, 35.283, 37.143, 35.85, 34.152, 34.057, 34.165, 33.884, 33.603, 33.425, 33.38, 33.752, 34.005, 33.777, 33.819, 33.972, 33.515, 33.253, 33.316, 33.314, 34.169, 35.767, 36.079, 35.606, 35.989, 36.396, 36.761, 36.823, 37.262, 37.255, 36.732, 36.764, 36.183, 35.634, 35.879, 36.144, 36.264, 36.058, 35.141, 34.259, 34.078, 34.034, 33.969, 34.019, 34.284, 34.547, 34.964, 35.765, 35.009, 34.374, 34.459, 34.823, 35.176, 35.675, 35.753, 35.188, 34.89, 34.759, 35.315, 35.864, 35.586, 38.257], [37.915, 37.102, 37.3, 37.456, 37.636, 37.68, 37.377, 37.191, 37.549, 37.5, 37.213, 37.026, 36.222, 35.009, 35.236, 35.483, 34.492, 33.964, 33.288, 32.616, 32.016, 31.452, 31.516, 30.808, 29.919, 29.389, 26.137, 23.781, 19.685, 13.452, 10.862, 7.568, 0.0, 7.521, 13.259, 19.501, 23.606, 25.317, 26.035, 26.446, 27.121, 27.618, 28.076, 29.387, 30.249, 31.244, 32.469, 34.251, 36.231, 35.098, 33.691, 33.679, 33.802, 33.785, 33.711, 33.558, 33.476, 33.821, 34.049, 33.835, 33.919, 34.097, 33.58, 33.062, 33.037, 33.069, 33.751, 35.142, 35.454, 35.111, 35.548, 35.93, 36.341, 36.504, 36.945, 36.953, 36.488, 36.554, 36.015, 35.498, 35.759, 36.056, 36.197, 35.988, 35.136, 34.333, 34.139, 34.176, 34.196, 34.284, 34.577, 34.839, 35.257, 36.046, 35.272, 34.623, 34.689, 35.045, 35.385, 35.8, 35.832, 35.288, 34.986, 34.854, 35.413, 35.892, 35.529, 38.275], [38.294, 37.517, 37.691, 37.859, 38.074, 38.123, 37.842, 37.693, 38.04, 38.012, 37.732, 37.592, 36.885, 35.748, 35.889, 36.173, 35.292, 34.807, 34.181, 33.538, 32.969, 32.434, 32.495, 31.874, 31.141, 30.719, 27.878, 25.98, 22.405, 16.736, 14.664, 12.964, 7.521, 0.0, 9.125, 17.746, 21.961, 23.585, 24.57, 25.109, 25.854, 26.341, 26.746, 28.066, 28.994, 29.954, 31.115, 32.972, 35.021, 34.137, 33.313, 33.549, 33.557, 33.802, 34.016, 33.961, 33.913, 34.242, 34.426, 34.199, 34.264, 34.453, 33.898, 33.198, 33.133, 33.219, 33.783, 35.018, 35.315, 35.102, 35.556, 35.901, 36.344, 36.604, 37.031, 37.033, 36.613, 36.693, 36.195, 35.738, 36.004, 36.327, 36.503, 36.329, 35.609, 34.872, 34.664, 34.792, 34.888, 34.962, 35.265, 35.52, 35.947, 36.683, 35.939, 35.314, 35.36, 35.688, 35.977, 36.299, 36.289, 35.689, 35.367, 35.306, 35.792, 36.166, 35.747, 38.641], [38.189, 37.42, 37.581, 37.723, 37.902, 37.909, 37.561, 37.395, 37.785, 37.744, 37.432, 37.319, 36.659, 35.754, 36.281, 36.702, 35.904, 35.515, 34.988, 34.375, 33.816, 33.268, 33.322, 32.763, 32.388, 32.28, 29.801, 28.42, 25.491, 20.378, 18.0, 16.483, 13.259, 9.125, 0.0, 11.388, 17.286, 19.008, 20.224, 21.078, 22.107, 22.684, 23.24, 24.955, 26.015, 26.907, 28.072, 30.187, 32.489, 31.936, 31.845, 32.537, 32.515, 32.783, 33.236, 33.468, 33.618, 34.015, 34.205, 33.852, 33.735, 33.885, 33.386, 32.845, 32.887, 32.985, 33.84, 35.416, 35.738, 35.406, 35.851, 36.252, 36.678, 36.927, 37.313, 37.225, 36.743, 36.816, 36.242, 35.725, 36.005, 36.318, 36.471, 36.309, 35.51, 34.62, 34.383, 34.522, 34.55, 34.609, 34.928, 35.172, 35.616, 36.4, 35.623, 34.948, 34.961, 35.261, 35.57, 35.926, 35.917, 35.233, 34.888, 34.844, 35.319, 35.787, 35.519, 38.515], [38.63, 37.91, 38.041, 38.17, 38.348, 38.359, 38.052, 37.946, 38.374, 38.347, 38.052, 37.977, 37.36, 36.656, 37.488, 38.159, 37.519, 37.211, 36.805, 36.256, 35.786, 35.321, 35.342, 34.886, 34.756, 34.903, 32.924, 31.983, 29.671, 25.182, 22.898, 21.605, 19.501, 17.746, 11.388, 0.0, 9.178, 12.738, 14.449, 15.91, 17.384, 18.136, 19.067, 21.547, 23.011, 23.863, 25.062, 27.608, 30.339, 30.465, 31.361, 32.551, 32.58, 32.867, 33.443, 33.886, 34.29, 34.745, 34.943, 34.549, 34.183, 34.218, 33.867, 33.676, 33.868, 33.929, 34.948, 36.579, 36.869, 36.453, 36.854, 37.288, 37.664, 37.906, 38.234, 38.097, 37.656, 37.731, 37.141, 36.601, 36.894, 37.157, 37.234, 37.07, 36.269, 35.372, 35.139, 35.243, 35.236, 35.306, 35.552, 35.733, 36.097, 36.807, 36.064, 35.408, 35.377, 35.68, 35.922, 36.243, 36.29, 35.616, 35.281, 35.284, 35.732, 36.232, 36.16, 38.902], [39.015, 38.376, 38.476, 38.603, 38.844, 38.878, 38.611, 38.566, 38.993, 38.975, 38.72, 38.681, 38.09, 37.418, 38.189, 38.916, 38.46, 38.221, 37.892, 37.367, 36.93, 36.574, 36.617, 36.228, 36.173, 36.403, 34.862, 34.283, 32.468, 28.634, 26.683, 25.572, 23.606, 21.961, 17.286, 9.178, 0.0, 6.774, 10.305, 11.956, 13.67, 14.619, 15.689, 18.702, 20.736, 21.829, 23.165, 26.157, 29.304, 29.915, 31.285, 32.659, 32.773, 33.24, 33.931, 34.408, 34.868, 35.401, 35.603, 35.215, 34.842, 34.858, 34.533, 34.39, 34.572, 34.607, 35.555, 37.052, 37.307, 36.915, 37.28, 37.712, 38.081, 38.305, 38.594, 38.495, 38.119, 38.218, 37.666, 37.118, 37.386, 37.684, 37.778, 37.639, 36.951, 36.162, 35.951, 36.029, 36.034, 36.167, 36.46, 36.659, 36.992, 37.612, 36.858, 36.228, 36.218, 36.461, 36.496, 36.759, 36.835, 36.095, 35.686, 35.691, 36.102, 36.577, 36.558, 39.274], [39.107, 38.484, 38.543, 38.636, 38.837, 38.801, 38.475, 38.424, 38.852, 38.801, 38.532, 38.489, 37.863, 37.129, 37.896, 38.694, 38.338, 38.121, 37.795, 37.282, 36.842, 36.506, 36.595, 36.239, 36.278, 36.577, 35.167, 34.797, 33.351, 29.976, 28.192, 27.141, 25.317, 23.585, 19.008, 12.738, 6.774, 0.0, 5.509, 8.267, 10.376, 11.541, 13.073, 16.68, 18.92, 20.242, 21.831, 25.216, 28.525, 29.132, 30.555, 31.94, 32.178, 32.742, 33.484, 34.081, 34.568, 35.14, 35.4, 35.045, 34.712, 34.716, 34.38, 34.175, 34.305, 34.316, 35.243, 36.797, 37.071, 36.63, 36.994, 37.449, 37.819, 38.025, 38.322, 38.215, 37.823, 37.973, 37.403, 36.821, 37.076, 37.408, 37.523, 37.385, 36.691, 35.886, 35.672, 35.751, 35.724, 35.895, 36.283, 36.526, 36.885, 37.551, 36.743, 36.066, 36.067, 36.247, 36.277, 36.627, 36.68, 35.898, 35.488, 35.489, 35.885, 36.332, 36.312, 39.39], [38.963, 38.345, 38.41, 38.502, 38.68, 38.605, 38.256, 38.195, 38.618, 38.56, 38.303, 38.259, 37.595, 36.787, 37.552, 38.37, 38.01, 37.802, 37.483, 36.964, 36.506, 36.167, 36.297, 35.974, 36.058, 36.41, 35.001, 34.654, 33.401, 30.317, 28.684, 27.677, 26.035, 24.57, 20.224, 14.449, 10.305, 5.509, 0.0, 4.884, 8.125, 9.417, 11.296, 15.344, 17.789, 19.334, 21.114, 24.769, 28.089, 28.548, 29.824, 31.125, 31.432, 32.028, 32.742, 33.464, 34.105, 34.693, 35.027, 34.814, 34.505, 34.468, 34.133, 33.923, 34.045, 34.042, 34.973, 36.614, 36.935, 36.469, 36.841, 37.302, 37.661, 37.828, 38.126, 38.0, 37.568, 37.74, 37.149, 36.54, 36.801, 37.141, 37.254, 37.105, 36.363, 35.524, 35.315, 35.395, 35.316, 35.511, 35.939, 36.203, 36.578, 37.285, 36.454, 35.757, 35.746, 35.879, 35.92, 36.284, 36.314, 35.523, 35.147, 35.167, 35.588, 36.062, 36.047, 39.262], [38.824, 38.185, 38.262, 38.366, 38.538, 38.454, 38.086, 38.017, 38.44, 38.365, 38.115, 38.076, 37.398, 36.579, 37.402, 38.24, 37.877, 37.672, 37.364, 36.839, 36.364, 36.034, 36.201, 35.912, 36.028, 36.421, 35.048, 34.742, 33.521, 30.546, 29.001, 28.016, 26.446, 25.109, 21.078, 15.91, 11.956, 8.267, 4.884, 0.0, 4.64, 6.876, 9.112, 13.682, 16.359, 18.014, 19.903, 23.762, 27.29, 27.857, 29.133, 30.42, 30.759, 31.397, 32.113, 32.877, 33.638, 34.298, 34.635, 34.495, 34.324, 34.333, 33.956, 33.758, 33.898, 33.869, 34.816, 36.499, 36.838, 36.368, 36.727, 37.194, 37.56, 37.707, 38.017, 37.905, 37.47, 37.675, 37.084, 36.441, 36.685, 37.034, 37.168, 37.019, 36.236, 35.372, 35.161, 35.24, 35.136, 35.358, 35.832, 36.104, 36.48, 37.203, 36.355, 35.653, 35.661, 35.786, 35.81, 36.146, 36.178, 35.371, 34.923, 34.917, 35.36, 35.872, 35.87, 39.133], [39.042, 38.432, 38.54, 38.636, 38.778, 38.669, 38.302, 38.235, 38.642, 38.563, 38.317, 38.277, 37.599, 36.781, 37.606, 38.438, 38.106, 37.903, 37.592, 37.085, 36.623, 36.291, 36.473, 36.229, 36.367, 36.752, 35.423, 35.163, 33.957, 31.071, 29.598, 28.649, 27.121, 25.854, 22.107, 17.384, 13.67, 10.376, 8.125, 4.64, 0.0, 3.869, 7.716, 12.635, 15.496, 17.254, 19.208, 23.129, 26.762, 27.552, 29.032, 30.388, 30.761, 31.421, 32.129, 32.864, 33.646, 34.33, 34.681, 34.55, 34.437, 34.516, 34.146, 33.974, 34.122, 34.065, 34.988, 36.675, 37.047, 36.591, 36.93, 37.392, 37.763, 37.932, 38.246, 38.132, 37.712, 37.931, 37.351, 36.693, 36.921, 37.272, 37.412, 37.278, 36.514, 35.653, 35.445, 35.517, 35.39, 35.626, 36.117, 36.39, 36.759, 37.476, 36.625, 35.915, 35.928, 36.042, 36.042, 36.345, 36.395, 35.604, 35.082, 35.067, 35.498, 35.992, 36.007, 39.332], [39.187, 38.598, 38.727, 38.818, 38.958, 38.852, 38.495, 38.424, 38.829, 38.766, 38.53, 38.484, 37.812, 36.98, 37.743, 38.556, 38.231, 38.024, 37.737, 37.263, 36.833, 36.533, 36.718, 36.494, 36.617, 36.978, 35.692, 35.483, 34.307, 31.479, 30.045, 29.119, 27.618, 26.341, 22.684, 18.136, 14.619, 11.541, 9.417, 6.876, 3.869, 0.0, 5.644, 11.633, 14.918, 16.762, 18.749, 22.675, 26.296, 27.261, 28.926, 30.35, 30.723, 31.444, 32.194, 32.918, 33.726, 34.414, 34.78, 34.659, 34.529, 34.633, 34.282, 34.104, 34.267, 34.21, 35.116, 36.821, 37.245, 36.819, 37.156, 37.624, 38.014, 38.204, 38.502, 38.379, 37.947, 38.136, 37.559, 36.912, 37.139, 37.489, 37.623, 37.488, 36.761, 35.91, 35.699, 35.772, 35.637, 35.866, 36.349, 36.623, 36.985, 37.696, 36.846, 36.135, 36.145, 36.248, 36.247, 36.547, 36.602, 35.815, 35.26, 35.253, 35.67, 36.119, 36.111, 39.459], [38.923, 38.309, 38.43, 38.552, 38.769, 38.712, 38.377, 38.314, 38.721, 38.661, 38.433, 38.412, 37.765, 36.914, 37.612, 38.394, 38.052, 37.843, 37.591, 37.134, 36.701, 36.483, 36.739, 36.519, 36.621, 37.01, 35.827, 35.729, 34.64, 31.896, 30.483, 29.573, 28.076, 26.746, 23.24, 19.067, 15.689, 13.073, 11.296, 9.112, 7.716, 5.644, 0.0, 7.641, 12.221, 14.44, 16.593, 20.718, 24.634, 25.918, 27.802, 29.331, 29.721, 30.582, 31.453, 32.33, 33.34, 34.072, 34.418, 34.322, 34.236, 34.367, 33.969, 33.761, 33.987, 33.932, 34.789, 36.482, 36.952, 36.569, 36.908, 37.356, 37.749, 37.93, 38.182, 38.074, 37.644, 37.832, 37.292, 36.663, 36.893, 37.292, 37.467, 37.332, 36.656, 35.825, 35.585, 35.704, 35.603, 35.839, 36.336, 36.629, 37.012, 37.711, 36.855, 36.141, 36.149, 36.227, 36.126, 36.321, 36.386, 35.652, 35.112, 35.076, 35.448, 35.872, 35.884, 39.202], [39.089, 38.449, 38.509, 38.655, 38.952, 38.937, 38.64, 38.597, 38.988, 38.918, 38.69, 38.701, 38.092, 37.231, 37.837, 38.591, 38.223, 38.017, 37.785, 37.321, 36.858, 36.688, 37.034, 36.87, 36.953, 37.355, 36.409, 36.534, 35.63, 33.031, 31.672, 30.838, 29.387, 28.066, 24.955, 21.547, 18.702, 16.68, 15.344, 13.682, 12.635, 11.633, 7.641, 0.0, 6.84, 10.691, 13.056, 17.549, 22.013, 23.959, 26.479, 28.347, 28.83, 29.875, 30.876, 32.015, 33.351, 34.145, 34.479, 34.415, 34.331, 34.533, 34.053, 33.727, 34.035, 34.005, 34.764, 36.388, 36.881, 36.556, 36.904, 37.299, 37.689, 37.901, 38.132, 38.03, 37.617, 37.83, 37.346, 36.747, 36.95, 37.375, 37.605, 37.469, 36.84, 36.06, 35.786, 35.946, 35.887, 36.11, 36.608, 36.911, 37.303, 37.979, 37.142, 36.413, 36.419, 36.518, 36.321, 36.374, 36.472, 35.843, 35.346, 35.278, 35.581, 36.02, 36.092, 39.36], [39.313, 38.65, 38.667, 38.8, 39.06, 39.032, 38.731, 38.677, 39.067, 38.97, 38.702, 38.706, 38.086, 37.213, 37.82, 38.605, 38.252, 38.055, 37.802, 37.319, 36.846, 36.669, 37.013, 36.895, 37.023, 37.41, 36.629, 36.961, 36.168, 33.696, 32.359, 31.587, 30.249, 28.994, 26.015, 23.011, 20.736, 18.92, 17.789, 16.359, 15.496, 14.918, 12.221, 6.84, 0.0, 5.885, 9.196, 14.02, 19.209, 21.682, 24.95, 27.385, 28.036, 29.115, 30.191, 31.478, 33.004, 33.866, 34.23, 34.169, 34.046, 34.312, 33.823, 33.444, 33.789, 33.831, 34.663, 36.311, 36.793, 36.463, 36.858, 37.258, 37.645, 37.899, 38.161, 38.042, 37.614, 37.828, 37.381, 36.804, 36.994, 37.4, 37.617, 37.445, 36.73, 35.902, 35.618, 35.793, 35.749, 35.958, 36.45, 36.76, 37.143, 37.798, 36.937, 36.191, 36.193, 36.355, 36.222, 36.302, 36.441, 35.863, 35.37, 35.296, 35.6, 36.054, 36.128, 39.575], [39.699, 39.038, 39.049, 39.213, 39.474, 39.446, 39.148, 39.084, 39.474, 39.376, 39.092, 39.101, 38.519, 37.673, 38.202, 38.976, 38.672, 38.477, 38.199, 37.706, 37.239, 37.049, 37.337, 37.213, 37.406, 37.805, 37.104, 37.566, 36.86, 34.465, 33.141, 32.463, 31.244, 29.954, 26.907, 23.863, 21.829, 20.242, 19.334, 18.014, 17.254, 16.762, 14.44, 10.691, 5.885, 0.0, 5.483, 11.559, 17.29, 20.47, 24.532, 27.458, 28.12, 29.113, 30.206, 31.439, 33.016, 33.889, 34.233, 34.167, 34.038, 34.336, 33.921, 33.678, 34.095, 34.191, 35.186, 36.844, 37.32, 37.004, 37.401, 37.813, 38.196, 38.45, 38.69, 38.572, 38.142, 38.342, 37.949, 37.408, 37.599, 37.968, 38.133, 37.941, 37.184, 36.317, 36.031, 36.187, 36.147, 36.345, 36.81, 37.097, 37.442, 38.038, 37.193, 36.48, 36.476, 36.664, 36.576, 36.68, 36.837, 36.259, 35.72, 35.66, 35.946, 36.378, 36.472, 39.954], [40.337, 39.688, 39.692, 39.882, 40.151, 40.126, 39.871, 39.837, 40.215, 40.134, 39.852, 39.878, 39.352, 38.539, 38.975, 39.731, 39.456, 39.263, 38.994, 38.522, 38.084, 37.898, 38.147, 38.015, 38.192, 38.62, 38.048, 38.515, 37.878, 35.572, 34.244, 33.628, 32.469, 31.115, 28.072, 25.062, 23.165, 21.831, 21.114, 19.903, 19.208, 18.749, 16.593, 13.056, 9.196, 5.483, 0.0, 8.32, 15.374, 19.296, 24.353, 27.876, 28.588, 29.597, 30.761, 32.082, 33.811, 34.721, 35.037, 34.971, 34.846, 35.157, 34.768, 34.569, 35.049, 35.159, 36.175, 37.783, 38.245, 37.955, 38.334, 38.725, 39.097, 39.348, 39.571, 39.461, 39.012, 39.174, 38.823, 38.334, 38.513, 38.833, 38.963, 38.772, 38.06, 37.219, 36.919, 37.074, 37.06, 37.224, 37.649, 37.911, 38.204, 38.737, 37.952, 37.296, 37.294, 37.502, 37.441, 37.543, 37.706, 37.123, 36.563, 36.512, 36.764, 37.161, 37.256, 40.566], [40.836, 40.165, 40.149, 4