[[0.0, 5.0, 9.32, 11.226, 13.046, 16.313, 19.231, 21.492, 24.022, 26.282, 27.271, 27.72, 27.971, 28.269, 29.237, 30.418, 30.401, 30.312, 30.599, 30.924, 31.58, 32.383, 32.732, 32.479, 32.188, 32.447, 32.918, 33.281, 33.506, 33.367, 33.157, 32.921, 32.881, 33.283, 33.925, 34.377, 34.455, 34.354, 34.161, 34.273, 35.024, 35.075, 33.967, 33.471, 33.625, 33.774, 34.073, 34.11, 33.609, 33.214, 32.939, 32.764, 33.25, 34.008, 33.978, 33.746, 34.633, 35.78, 36.29, 36.668, 37.05, 36.699, 36.159, 36.549, 36.84, 36.245, 35.949, 35.861, 36.259, 36.941, 37.163, 37.087, 36.861, 36.576, 36.431, 35.996, 34.936, 33.776, 32.586, 31.827, 31.923, 32.462, 32.878, 33.321, 33.86, 34.916, 36.148, 36.548, 36.599, 36.559, 36.224, 36.21, 36.847, 37.207, 36.853, 36.75, 37.647, 38.7, 38.994, 39.281, 39.357, 38.275, 37.39, 37.448, 37.259, 36.204, 35.812, 36.159, 36.284, 36.408, 36.688, 36.503, 36.625, 37.59, 38.577, 38.974, 38.857, 38.824, 39.883, 41.062, 41.347, 40.993, 40.182, 39.72, 39.833, 40.269, 40.954, 41.198, 39.634, 38.368, 38.989, 39.499, 38.855, 39.118, 39.87, 40.192, 40.928, 41.05, 40.133, 39.243, 39.285, 40.033, 40.124, 39.945, 39.059, 4.524], [5.0, 0.0, 5.352, 8.321, 10.696, 14.19, 17.416, 20.027, 22.799, 25.214, 26.265, 26.706, 27.003, 27.42, 28.459, 29.679, 29.742, 29.728, 30.042, 30.391, 31.129, 32.054, 32.5, 32.305, 32.034, 32.319, 32.884, 33.365, 33.642, 33.492, 33.266, 33.05, 33.022, 33.402, 34.02, 34.458, 34.534, 34.436, 34.243, 34.356, 35.093, 35.124, 33.998, 33.483, 33.628, 33.775, 34.069, 34.11, 33.633, 33.268, 33.019, 32.856, 33.327, 34.08, 34.08, 33.875, 34.728, 35.811, 36.289, 36.672, 37.052, 36.678, 36.113, 36.49, 36.787, 36.21, 35.924, 35.843, 36.248, 36.925, 37.144, 37.074, 36.835, 36.517, 36.36, 35.95, 34.935, 33.819, 32.675, 31.96, 32.047, 32.525, 32.917, 33.363, 33.871, 34.887, 36.091, 36.477, 36.516, 36.472, 36.157, 36.155, 36.779, 37.132, 36.796, 36.712, 37.606, 38.641, 38.937, 39.243, 39.335, 38.28, 37.412, 37.476, 37.3, 36.275, 35.897, 36.23, 36.339, 36.432, 36.678, 36.491, 36.61, 37.528, 38.472, 38.87, 38.762, 38.714, 39.754, 40.928, 41.218, 40.876, 40.073, 39.622, 39.738, 40.17, 40.862, 41.126, 39.578, 38.301, 38.897, 39.404, 38.774, 39.035, 39.772, 40.085, 40.819, 40.955, 40.069, 39.191, 39.204, 39.922, 40.022, 39.859, 39.003, 8.394], [9.32, 5.352, 0.0, 4.496, 8.57, 12.6, 15.947, 18.851, 21.859, 24.364, 25.437, 25.865, 26.201, 26.753, 27.927, 29.229, 29.35, 29.376, 29.695, 30.051, 30.838, 31.84, 32.349, 32.201, 31.961, 32.268, 32.88, 33.453, 33.803, 33.671, 33.426, 33.204, 33.179, 33.557, 34.166, 34.594, 34.668, 34.573, 34.384, 34.499, 35.226, 35.244, 34.104, 33.58, 33.713, 33.85, 34.141, 34.179, 33.71, 33.358, 33.139, 33.015, 33.462, 34.176, 34.179, 33.988, 34.796, 35.823, 36.267, 36.65, 37.039, 36.659, 36.076, 36.442, 36.741, 36.171, 35.896, 35.82, 36.218, 36.874, 37.081, 37.018, 36.773, 36.422, 36.254, 35.878, 34.911, 33.865, 32.834, 32.192, 32.24, 32.655, 33.03, 33.462, 33.955, 34.962, 36.147, 36.516, 36.541, 36.48, 36.154, 36.144, 36.762, 37.108, 36.781, 36.71, 37.602, 38.63, 38.955, 39.319, 39.439, 38.391, 37.531, 37.615, 37.45, 36.442, 36.076, 36.382, 36.472, 36.558, 36.786, 36.587, 36.702, 37.589, 38.496, 38.881, 38.762, 38.691, 39.716, 40.88, 41.163, 40.828, 40.027, 39.581, 39.701, 40.126, 40.806, 41.062, 39.529, 38.254, 38.826, 39.322, 38.704, 38.967, 39.686, 40.005, 40.754, 40.892, 40.022, 39.147, 39.126, 39.807, 39.907, 39.76, 38.939, 11.785], [11.226, 8.321, 4.496, 0.0, 5.646, 10.989, 14.849, 17.912, 21.006, 23.559, 24.665, 25.137, 25.512, 26.132, 27.429, 28.812, 28.935, 28.951, 29.266, 29.641, 30.481, 31.528, 32.038, 31.886, 31.653, 31.971, 32.58, 33.166, 33.57, 33.482, 33.259, 33.027, 33.005, 33.412, 34.04, 34.469, 34.532, 34.419, 34.218, 34.336, 35.07, 35.079, 33.927, 33.418, 33.558, 33.696, 33.995, 34.031, 33.555, 33.211, 33.01, 32.912, 33.367, 34.082, 34.078, 33.876, 34.706, 35.768, 36.21, 36.569, 36.962, 36.594, 36.009, 36.383, 36.685, 36.094, 35.802, 35.713, 36.105, 36.755, 36.955, 36.89, 36.644, 36.285, 36.117, 35.751, 34.781, 33.725, 32.699, 32.069, 32.108, 32.523, 32.899, 33.324, 33.822, 34.85, 36.061, 36.444, 36.478, 36.426, 36.08, 36.079, 36.736, 37.096, 36.758, 36.684, 37.592, 38.635, 38.981, 39.375, 39.503, 38.424, 37.535, 37.622, 37.462, 36.438, 36.065, 36.367, 36.447, 36.538, 36.769, 36.557, 36.672, 37.58, 38.501, 38.881, 38.747, 38.671, 39.702, 40.867, 41.146, 40.809, 39.998, 39.555, 39.685, 40.102, 40.755, 40.994, 39.446, 38.161, 38.736, 39.225, 38.594, 38.872, 39.6, 39.929, 40.704, 40.847, 39.958, 39.067, 39.041, 39.728, 39.828, 39.682, 38.856, 13.391], [13.046, 10.696, 8.57, 5.646, 0.0, 6.8, 12.4, 16.364, 19.718, 22.42, 23.664, 24.239, 24.684, 25.374, 26.774, 28.225, 28.337, 28.35, 28.708, 29.151, 30.055, 31.134, 31.65, 31.502, 31.281, 31.613, 32.248, 32.851, 33.231, 33.136, 32.986, 32.818, 32.814, 33.212, 33.806, 34.191, 34.222, 34.091, 33.876, 33.994, 34.733, 34.728, 33.581, 33.131, 33.316, 33.462, 33.753, 33.775, 33.313, 33.014, 32.84, 32.772, 33.265, 34.017, 34.075, 33.906, 34.726, 35.778, 36.226, 36.584, 36.983, 36.635, 36.07, 36.455, 36.764, 36.168, 35.863, 35.761, 36.142, 36.785, 36.975, 36.899, 36.658, 36.316, 36.155, 35.785, 34.801, 33.719, 32.651, 31.99, 32.027, 32.475, 32.885, 33.329, 33.813, 34.823, 36.038, 36.43, 36.463, 36.414, 36.072, 36.091, 36.759, 37.112, 36.77, 36.705, 37.632, 38.696, 39.038, 39.393, 39.497, 38.415, 37.509, 37.574, 37.418, 36.413, 36.041, 36.332, 36.407, 36.498, 36.743, 36.541, 36.649, 37.547, 38.471, 38.851, 38.705, 38.607, 39.637, 40.808, 41.099, 40.766, 39.948, 39.508, 39.64, 40.041, 40.678, 40.922, 39.384, 38.103, 38.689, 39.186, 38.554, 38.839, 39.571, 39.898, 40.677, 40.815, 39.9, 38.992, 38.971, 39.662, 39.759, 39.607, 38.77, 15.005], [16.313, 14.19, 12.6, 10.989, 6.8, 0.0, 7.493, 13.275, 17.57, 20.7, 22.156, 22.814, 23.377, 24.255, 25.81, 27.35, 27.513, 27.595, 28.057, 28.594, 29.549, 30.692, 31.297, 31.21, 31.022, 31.409, 32.151, 32.854, 33.233, 33.089, 32.976, 32.913, 32.97, 33.347, 33.867, 34.181, 34.184, 34.057, 33.857, 33.988, 34.707, 34.685, 33.575, 33.185, 33.396, 33.542, 33.817, 33.83, 33.396, 33.137, 32.991, 32.959, 33.483, 34.262, 34.384, 34.266, 35.071, 36.074, 36.51, 36.907, 37.329, 36.977, 36.42, 36.811, 37.122, 36.541, 36.246, 36.147, 36.501, 37.103, 37.269, 37.187, 36.946, 36.602, 36.435, 36.075, 35.115, 34.038, 32.931, 32.214, 32.236, 32.693, 33.131, 33.609, 34.083, 35.053, 36.229, 36.607, 36.624, 36.567, 36.23, 36.252, 36.901, 37.232, 36.893, 36.84, 37.76, 38.813, 39.131, 39.429, 39.491, 38.423, 37.533, 37.572, 37.404, 36.446, 36.087, 36.346, 36.412, 36.523, 36.79, 36.611, 36.717, 37.572, 38.462, 38.828, 38.66, 38.527, 39.538, 40.703, 40.997, 40.666, 39.869, 39.459, 39.597, 39.99, 40.636, 40.905, 39.42, 38.186, 38.774, 39.285, 38.675, 38.957, 39.689, 40.034, 40.814, 40.944, 40.037, 39.136, 39.106, 39.773, 39.867, 39.711, 38.879, 17.956], [19.231, 17.416, 15.947, 14.849, 12.4, 7.493, 0.0, 7.525, 13.732, 18.043, 19.871, 20.595, 21.303, 22.471, 24.322, 26.059, 26.339, 26.533, 27.13, 27.789, 28.806, 30.046, 30.79, 30.798, 30.64, 31.087, 31.923, 32.752, 33.23, 33.089, 32.949, 32.93, 33.066, 33.486, 34.007, 34.315, 34.323, 34.2, 34.024, 34.171, 34.847, 34.807, 33.727, 33.348, 33.537, 33.665, 33.945, 33.972, 33.542, 33.268, 33.108, 33.078, 33.624, 34.436, 34.536, 34.406, 35.299, 36.359, 36.78, 37.172, 37.616, 37.246, 36.665, 37.047, 37.352, 36.765, 36.474, 36.382, 36.717, 37.277, 37.416, 37.329, 37.082, 36.703, 36.497, 36.14, 35.217, 34.156, 33.015, 32.256, 32.271, 32.701, 33.138, 33.66, 34.159, 35.133, 36.302, 36.662, 36.675, 36.639, 36.295, 36.31, 36.981, 37.332, 36.994, 36.93, 37.83, 38.854, 39.159, 39.463, 39.522, 38.426, 37.512, 37.528, 37.341, 36.361, 35.966, 36.187, 36.251, 36.397, 36.676, 36.496, 36.608, 37.465, 38.343, 38.692, 38.511, 38.382, 39.41, 40.579, 40.866, 40.54, 39.792, 39.423, 39.575, 39.978, 40.642, 40.913, 39.453, 38.258, 38.874, 39.407, 38.8, 39.074, 39.835, 40.229, 41.021, 41.152, 40.28, 39.407, 39.375, 40.036, 40.131, 39.973, 39.13, 20.631], [21.492, 20.027, 18.851, 17.912, 16.364, 13.275, 7.525, 0.0, 7.965, 14.151, 16.76, 17.659, 18.501, 19.99, 22.224, 24.212, 24.592, 24.923, 25.71, 26.518, 27.621, 28.968, 29.835, 29.951, 29.832, 30.297, 31.153, 32.079, 32.695, 32.626, 32.478, 32.468, 32.696, 33.263, 33.913, 34.291, 34.31, 34.168, 33.997, 34.155, 34.811, 34.765, 33.691, 33.31, 33.471, 33.575, 33.874, 33.929, 33.482, 33.161, 32.964, 32.93, 33.514, 34.333, 34.359, 34.156, 35.128, 36.261, 36.651, 36.971, 37.386, 36.996, 36.396, 36.756, 37.039, 36.439, 36.155, 36.055, 36.381, 36.939, 37.079, 36.989, 36.733, 36.322, 36.07, 35.678, 34.759, 33.714, 32.58, 31.839, 31.878, 32.312, 32.771, 33.341, 33.882, 34.905, 36.101, 36.447, 36.453, 36.438, 36.077, 36.075, 36.789, 37.192, 36.844, 36.762, 37.675, 38.728, 39.072, 39.439, 39.53, 38.395, 37.419, 37.402, 37.192, 36.147, 35.679, 35.873, 35.945, 36.104, 36.372, 36.182, 36.295, 37.169, 38.052, 38.395, 38.214, 38.103, 39.167, 40.349, 40.641, 40.361, 39.677, 39.322, 39.469, 39.862, 40.495, 40.733, 39.251, 38.048, 38.712, 39.282, 38.656, 38.934, 39.763, 40.229, 41.041, 41.171, 40.31, 39.441, 39.413, 40.094, 40.202, 40.043, 39.175, 22.72], [24.022, 22.799, 21.859, 21.006, 19.718, 17.57, 13.732, 7.965, 0.0, 7.816, 11.842, 13.397, 14.428, 16.291, 19.111, 21.52, 22.096, 22.685, 23.776, 24.818, 26.099, 27.624, 28.669, 28.939, 28.904, 29.401, 30.253, 31.26, 32.013, 32.048, 31.928, 31.917, 32.236, 32.987, 33.808, 34.266, 34.281, 34.105, 33.917, 34.095, 34.764, 34.705, 33.599, 33.2, 33.342, 33.428, 33.738, 33.811, 33.363, 33.037, 32.828, 32.804, 33.429, 34.248, 34.201, 33.899, 34.872, 36.012, 36.353, 36.578, 36.926, 36.507, 35.905, 36.265, 36.512, 35.879, 35.605, 35.514, 35.865, 36.461, 36.627, 36.538, 36.27, 35.844, 35.545, 35.099, 34.158, 33.133, 32.035, 31.335, 31.409, 31.871, 32.365, 32.979, 33.558, 34.624, 35.839, 36.152, 36.105, 36.07, 35.695, 35.704, 36.491, 36.957, 36.611, 36.532, 37.508, 38.662, 39.106, 39.553, 39.671, 38.497, 37.439, 37.375, 37.144, 36.041, 35.486, 35.646, 35.729, 35.873, 36.106, 35.906, 36.023, 36.899, 37.788, 38.147, 37.969, 37.827, 38.887, 40.08, 40.38, 40.14, 39.497, 39.155, 39.311, 39.675, 40.236, 40.427, 38.923, 37.701, 38.413, 39.038, 38.415, 38.72, 39.636, 40.205, 41.064, 41.188, 40.317, 39.433, 39.388, 40.053, 40.148, 39.976, 39.079, 25.109], [26.282, 25.214, 24.364, 23.559, 22.42, 20.7, 18.043, 14.151, 7.816, 0.0, 5.562, 8.639, 10.243, 12.431, 15.995, 19.086, 20.066, 21.043, 22.442, 23.671, 25.105, 26.785, 27.955, 28.35, 28.45, 29.035, 29.913, 30.988, 31.831, 31.938, 31.841, 31.822, 32.184, 33.031, 33.928, 34.413, 34.424, 34.237, 34.04, 34.24, 34.945, 34.889, 33.741, 33.297, 33.417, 33.491, 33.796, 33.864, 33.425, 33.114, 32.893, 32.845, 33.454, 34.279, 34.218, 33.881, 34.819, 35.925, 36.226, 36.396, 36.701, 36.268, 35.677, 36.055, 36.276, 35.606, 35.33, 35.256, 35.628, 36.245, 36.431, 36.344, 36.072, 35.642, 35.304, 34.825, 33.884, 32.88, 31.817, 31.142, 31.222, 31.693, 32.205, 32.837, 33.431, 34.511, 35.72, 36.004, 35.919, 35.851, 35.469, 35.495, 36.326, 36.818, 36.484, 36.414, 37.443, 38.674, 39.185, 39.673, 39.802, 38.611, 37.505, 37.415, 37.18, 36.056, 35.447, 35.57, 35.651, 35.773, 35.985, 35.794, 35.918, 36.784, 37.663, 38.035, 37.866, 37.682, 38.704, 39.89, 40.185, 39.955, 39.322, 38.985, 39.155, 39.506, 40.012, 40.174, 38.673, 37.457, 38.192, 38.831, 38.214, 38.553, 39.516, 40.138, 41.036, 41.147, 40.247, 39.356, 39.314, 39.945, 40.009, 39.83, 38.912, 27.263], [27.271, 26.265, 25.437, 24.665, 23.664, 22.156, 19.871, 16.76, 11.842, 5.562, 0.0, 4.429, 7.34, 10.19, 14.174, 17.706, 19.064, 20.36, 21.884, 23.135, 24.638, 26.422, 27.644, 28.067, 28.205, 28.836, 29.782, 30.94, 31.824, 31.93, 31.815, 31.783, 32.156, 33.018, 33.924, 34.427, 34.475, 34.322, 34.124, 34.319, 35.056, 35.026, 33.854, 33.37, 33.475, 33.542, 33.847, 33.924, 33.484, 33.162, 32.927, 32.855, 33.439, 34.262, 34.2, 33.853, 34.791, 35.89, 36.169, 36.316, 36.621, 36.178, 35.56, 35.938, 36.157, 35.469, 35.186, 35.114, 35.484, 36.098, 36.288, 36.2, 35.922, 35.481, 35.106, 34.6, 33.661, 32.665, 31.606, 30.943, 31.049, 31.532, 32.058, 32.716, 33.327, 34.432, 35.652, 35.935, 35.863, 35.8, 35.396, 35.4, 36.234, 36.735, 36.39, 36.308, 37.359, 38.619, 39.149, 39.656, 39.785, 38.571, 37.451, 37.363, 37.128, 36.001, 35.389, 35.495, 35.56, 35.671, 35.875, 35.683, 35.806, 36.672, 37.543, 37.912, 37.742, 37.548, 38.565, 39.755, 40.058, 39.849, 39.224, 38.874, 39.038, 39.389, 39.886, 40.039, 38.52, 37.283, 38.021, 38.658, 38.032, 38.383, 39.36, 39.988, 40.889, 40.989, 40.065, 39.171, 39.132, 39.75, 39.807, 39.641, 38.712, 28.222], [27.72, 26.706, 25.865, 25.137, 24.239, 22.814, 20.595, 17.659, 13.397, 8.639, 4.429, 0.0, 4.319, 8.918, 13.603, 17.229, 18.693, 20.115, 21.656, 22.904, 24.425, 26.249, 27.535, 27.99, 28.109, 28.729, 29.72, 30.944, 31.865, 31.975, 31.847, 31.817, 32.209, 33.088, 34.001, 34.513, 34.592, 34.477, 34.302, 34.487, 35.206, 35.186, 34.048, 33.593, 33.708, 33.776, 34.083, 34.168, 33.73, 33.401, 33.169, 33.099, 33.658, 34.452, 34.372, 34.02, 34.943, 36.039, 36.315, 36.454, 36.764, 36.327, 35.697, 36.047, 36.259, 35.588, 35.319, 35.251, 35.611, 36.211, 36.392, 36.296, 36.016, 35.569, 35.169, 34.649, 33.733, 32.768, 31.735, 31.1, 31.235, 31.706, 32.208, 32.869, 33.492, 34.593, 35.805, 36.092, 36.035, 35.984, 35.583, 35.569, 36.378, 36.871, 36.524, 36.429, 37.459, 38.694, 39.21, 39.711, 39.834, 38.626, 37.528, 37.45, 37.218, 36.112, 35.517, 35.615, 35.665, 35.768, 35.965, 35.768, 35.885, 36.738, 37.598, 37.957, 37.781, 37.59, 38.603, 39.783, 40.083, 39.881, 39.265, 38.908, 39.058, 39.392, 39.871, 40.018, 38.495, 37.245, 37.961, 38.587, 37.978, 38.339, 39.306, 39.926, 40.815, 40.907, 39.98, 39.086, 39.036, 39.644, 39.705, 39.554, 38.643, 28.671], [27.971, 27.003, 26.201, 25.512, 24.684, 23.377, 21.303, 18.501, 14.428, 10.243, 7.34, 4.319, 0.0, 6.156, 12.305, 16.523, 17.972, 19.386, 20.989, 22.264, 23.827, 25.708, 27.047, 27.549, 27.69, 28.303, 29.288, 30.526, 31.488, 31.65, 31.549, 31.524, 31.95, 32.898, 33.867, 34.405, 34.491, 34.386, 34.247, 34.482, 35.218, 35.193, 34.064, 33.627, 33.746, 33.817, 34.121, 34.198, 33.752, 33.413, 33.171, 33.104, 33.697, 34.514, 34.423, 34.05, 34.972, 36.097, 36.396, 36.54, 36.855, 36.444, 35.836, 36.204, 36.433, 35.779, 35.514, 35.45, 35.822, 36.434, 36.616, 36.507, 36.226, 35.794, 35.388, 34.839, 33.895, 32.912, 31.857, 31.195, 31.331, 31.807, 32.282, 32.91, 33.542, 34.647, 35.861, 36.155, 36.101, 36.051, 35.662, 35.65, 36.446, 36.941, 36.606, 36.506, 37.518, 38.74, 39.246, 39.733, 39.853, 38.664, 37.587, 37.521, 37.302, 36.199, 35.584, 35.671, 35.726, 35.82, 36.012, 35.817, 35.93, 36.776, 37.64, 38.004, 37.831, 37.639, 38.636, 39.8, 40.093, 39.874, 39.234, 38.867, 39.011, 39.325, 39.79, 39.945, 38.428, 37.18, 37.895, 38.526, 37.931, 38.31, 39.286, 39.913, 40.802, 40.898, 39.97, 39.075, 39.028, 39.647, 39.711, 39.551, 38.648, 28.872], [28.269, 27.42, 26.753, 26.132, 25.374, 24.255, 22.471, 19.99, 16.291, 12.431, 10.19, 8.918, 6.156, 0.0, 7.698, 13.501, 15.463, 17.143, 19.054, 20.493, 22.247, 24.385, 25.813, 26.362, 26.572, 27.239, 28.282, 29.587, 30.615, 30.832, 30.769, 30.748, 31.206, 32.226, 33.263, 33.854, 33.966, 33.869, 33.758, 34.114, 34.979, 34.96, 33.731, 33.224, 33.336, 33.408, 33.717, 33.794, 33.329, 32.968, 32.701, 32.627, 33.295, 34.185, 34.096, 33.693, 34.64, 35.797, 36.096, 36.231, 36.559, 36.146, 35.514, 35.934, 36.211, 35.544, 35.27, 35.209, 35.605, 36.252, 36.446, 36.329, 36.048, 35.645, 35.246, 34.647, 33.633, 32.587, 31.454, 30.726, 30.85, 31.337, 31.829, 32.457, 33.095, 34.231, 35.484, 35.788, 35.741, 35.693, 35.292, 35.286, 36.108, 36.629, 36.289, 36.184, 37.235, 38.507, 39.033, 39.523, 39.644, 38.449, 37.362, 37.297, 37.08, 35.942, 35.275, 35.349, 35.43, 35.515, 35.691, 35.484, 35.596, 36.465, 37.345, 37.716, 37.55, 37.347, 38.333, 39.502, 39.798, 39.581, 38.936, 38.569, 38.715, 39.036, 39.523, 39.687, 38.131, 36.864, 37.635, 38.296, 37.673, 38.08, 39.11, 39.744, 40.647, 40.76, 39.831, 38.938, 38.909, 39.548, 39.616, 39.44, 38.516, 29.087], [29.237, 28.459, 27.927, 27.429, 26.774, 25.81, 24.322, 22.224, 19.111, 15.995, 14.174, 13.603, 12.305, 7.698, 0.0, 7.44, 11.282, 14.253, 16.763, 18.577, 20.671, 23.248, 24.972, 25.62, 25.821, 26.548, 27.797, 29.31, 30.438, 30.67, 30.628, 30.659, 31.143, 32.152, 33.182, 33.815, 33.99, 33.919, 33.795, 34.185, 35.118, 35.105, 33.818, 33.258, 33.372, 33.453, 33.773, 33.871, 33.422, 33.069, 32.817, 32.744, 33.382, 34.231, 34.139, 33.749, 34.692, 35.789, 36.03, 36.144, 36.467, 36.014, 35.306, 35.706, 36.007, 35.323, 35.034, 34.979, 35.393, 36.047, 36.24, 36.122, 35.842, 35.478, 35.109, 34.508, 33.513, 32.498, 31.399, 30.726, 30.843, 31.256, 31.749, 32.412, 33.039, 34.142, 35.38, 35.683, 35.649, 35.613, 35.22, 35.232, 36.065, 36.589, 36.241, 36.136, 37.202, 38.489, 39.03, 39.528, 39.646, 38.453, 37.357, 37.271, 37.051, 35.923, 35.229, 35.277, 35.377, 35.447, 35.563, 35.314, 35.419, 36.284, 37.127, 37.465, 37.303, 37.097, 38.038, 39.182, 39.486, 39.321, 38.755, 38.428, 38.564, 38.898, 39.414, 39.551, 37.978, 36.725, 37.511, 38.162, 37.529, 37.953, 38.988, 39.59, 40.481, 40.617, 39.718, 38.842, 38.784, 39.386, 39.471, 39.319, 38.409, 30.03], [30.418, 29.679, 29.229, 28.812, 28.225, 27.35, 26.059, 24.212, 21.52, 19.086, 17.706, 17.229, 16.523, 13.501, 7.44, 0.0, 6.565, 11.758, 15.045, 17.183, 19.546, 22.549, 24.712, 25.519, 25.659, 26.394, 27.787, 29.461, 30.68, 30.939, 30.949, 31.087, 31.635, 32.64, 33.643, 34.279, 34.495, 34.46, 34.326, 34.661, 35.53, 35.531, 34.356, 33.852, 33.96, 34.043, 34.363, 34.48, 34.08, 33.754, 33.532, 33.458, 33.975, 34.66, 34.53, 34.182, 35.108, 36.116, 36.298, 36.406, 36.709, 36.225, 35.463, 35.801, 36.113, 35.466, 35.17, 35.115, 35.536, 36.173, 36.36, 36.25, 35.977, 35.63, 35.287, 34.728, 33.814, 32.889, 31.919, 31.375, 31.508, 31.87, 32.337, 33.012, 33.642, 34.681, 35.848, 36.145, 36.129, 36.09, 35.712, 35.747, 36.564, 37.047, 36.713, 36.625, 37.641, 38.86, 39.384, 39.873, 39.97, 38.803, 37.731, 37.626, 37.419, 36.347, 35.627, 35.62, 35.728, 35.787, 35.857, 35.593, 35.685, 36.505, 37.288, 37.577, 37.408, 37.212, 38.099, 39.187, 39.474, 39.348, 38.874, 38.594, 38.708, 39.027, 39.547, 39.668, 38.149, 36.962, 37.7, 38.311, 37.721, 38.141, 39.124, 39.684, 40.545, 40.691, 39.828, 38.96, 38.838, 39.375, 39.476, 39.367, 38.521, 31.194], [30.401, 29.742, 29.35, 28.935, 28.337, 27.513, 26.339, 24.592, 22.096, 20.066, 19.064, 18.693, 17.972, 15.463, 11.282, 6.565, 0.0, 6.7, 11.278, 13.987, 16.647, 20.129, 22.693, 23.699, 23.901, 24.73, 26.235, 28.027, 29.382, 29.751, 29.866, 30.091, 30.725, 31.84, 32.921, 33.575, 33.805, 33.79, 33.677, 34.058, 35.017, 35.089, 33.979, 33.542, 33.674, 33.76, 34.083, 34.196, 33.776, 33.424, 33.178, 33.086, 33.603, 34.276, 34.125, 33.775, 34.761, 35.824, 36.037, 36.165, 36.458, 35.96, 35.222, 35.621, 35.976, 35.35, 35.058, 34.998, 35.422, 36.06, 36.237, 36.121, 35.838, 35.479, 35.14, 34.582, 33.627, 32.651, 31.657, 31.102, 31.249, 31.659, 32.116, 32.775, 33.427, 34.494, 35.679, 35.986, 35.976, 35.941, 35.561, 35.6, 36.429, 36.912, 36.58, 36.498, 37.517, 38.735, 39.26, 39.751, 39.829, 38.647, 37.582, 37.481, 37.273, 36.204, 35.501, 35.514, 35.627, 35.702, 35.806, 35.556, 35.652, 36.499, 37.329, 37.637, 37.459, 37.291, 38.236, 39.342, 39.617, 39.464, 38.959, 38.649, 38.748, 39.07, 39.61, 39.732, 38.179, 36.962, 37.707, 38.326, 37.717, 38.135, 39.129, 39.686, 40.545, 40.687, 39.797, 38.897, 38.791, 39.361, 39.459, 39.342, 38.491, 31.111], [30.312, 29.728, 29.376, 28.951, 28.35, 27.595, 26.533, 24.923, 22.685, 21.043, 20.36, 20.115, 19.386, 17.143, 14.253, 11.758, 6.7, 0.0, 5.882, 9.949, 13.269, 17.181, 20.173, 21.508, 21.884, 22.938, 24.657, 26.585, 28.088, 28.592, 28.812, 29.068, 29.695, 30.878, 32.063, 32.754, 32.956, 32.898, 32.782, 33.222, 34.262, 34.376, 33.357, 33.076, 33.275, 33.358, 33.688, 33.81, 33.374, 33.004, 32.739, 32.646, 33.218, 33.929, 33.761, 33.404, 34.443, 35.574, 35.851, 36.002, 36.279, 35.789, 35.121, 35.596, 35.957, 35.319, 35.031, 34.966, 35.376, 35.991, 36.144, 36.018, 35.728, 35.357, 35.032, 34.467, 33.465, 32.454, 31.438, 30.861, 31.01, 31.427, 31.856, 32.487, 33.124, 34.201, 35.404, 35.703, 35.678, 35.654, 35.286, 35.301, 36.109, 36.608, 36.277, 36.181, 37.198, 38.416, 38.949, 39.468, 39.559, 38.37, 37.33, 37.265, 37.044, 35.982, 35.406, 35.525, 35.639, 35.721, 35.846, 35.6, 35.714, 36.594, 37.462, 37.791, 37.625, 37.502, 38.51, 39.652, 39.939, 39.766, 39.186, 38.814, 38.911, 39.272, 39.852, 39.964, 38.322, 37.035, 37.799, 38.422, 37.749, 38.131, 39.146, 39.719, 40.599, 40.749, 39.828, 38.905, 38.84, 39.454, 39.541, 39.396, 38.517, 30.955], [30.599, 30.042, 29.695, 29.266, 28.708, 28.057, 27.13, 25.71, 23.776, 22.442, 21.884, 21.656, 20.989, 19.054, 16.763, 15.045, 11.278, 5.882, 0.0, 5.582, 10.483, 15.202, 18.682, 20.376, 20.904, 22.121, 24.06, 26.156, 27.754, 28.303, 28.554, 28.804, 29.398, 30.606, 31.85, 32.567, 32.755, 32.662, 32.529, 32.974, 34.015, 34.114, 33.137, 32.956, 33.2, 33.283, 33.628, 33.773, 33.336, 32.96, 32.694, 32.604, 33.192, 33.906, 33.723, 33.376, 34.426, 35.579, 35.894, 36.055, 36.332, 35.86, 35.212, 35.668, 36.008, 35.365, 35.074, 34.996, 35.39, 35.978, 36.111, 35.99, 35.695, 35.304, 34.982, 34.427, 33.424, 32.411, 31.394, 30.839, 31.013, 31.413, 31.824, 32.441, 33.051, 34.123, 35.331, 35.616, 35.583, 35.575, 35.216, 35.213, 36.011, 36.529, 36.204, 36.092, 37.094, 38.294, 38.817, 39.354, 39.482, 38.312, 37.297, 37.27, 37.063, 36.027, 35.558, 35.753, 35.864, 35.934, 36.044, 35.794, 35.925, 36.814, 37.684, 38.012, 37.864, 37.777, 38.803, 39.949, 40.249, 40.077, 39.459, 39.053, 39.16, 39.562, 40.166, 40.256, 38.531, 37.172, 37.919, 38.529, 37.8, 38.133, 39.167, 39.781, 40.682, 40.847, 39.917, 38.959, 38.877, 39.5, 39.59, 39.439, 38.555, 31.222], [30.924, 30.391, 30.051, 29.641, 29.151, 28.594, 27.789, 26.518, 24.818, 23.671, 23.135, 22.904, 22.264, 20.493, 18.577, 17.183, 13.987, 9.949, 5.582, 0.0, 6.562, 13.033, 17.413, 19.371, 19.942, 21.249, 23.384, 25.67, 27.387, 27.983, 28.237, 28.482, 29.097, 30.369, 31.664, 32.392, 32.572, 32.475, 32.353, 32.831, 33.889, 33.986, 33.011, 32.845, 33.102, 33.202, 33.577, 33.73, 33.27, 32.874, 32.588, 32.478, 33.064, 33.784, 33.602, 33.279, 34.332, 35.484, 35.812, 35.992, 36.29, 35.817, 35.142, 35.554, 35.882, 35.239, 34.949, 34.868, 35.266, 35.857, 35.992, 35.877, 35.582, 35.174, 34.838, 34.282, 33.268, 32.231, 31.21, 30.674, 30.886, 31.323, 31.769, 32.396, 33.011, 34.11, 35.347, 35.634, 35.601, 35.59, 35.213, 35.197, 36.008, 36.54, 36.207, 36.077, 37.079, 38.279, 38.783, 39.314, 39.475, 38.336, 37.32, 37.289, 37.103, 36.08, 35.592, 35.756, 35.867, 35.932, 36.013, 35.737, 35.858, 36.736, 37.603, 37.937, 37.792, 37.692, 38.706, 39.852, 40.171, 40.029, 39.424, 39.009, 39.113, 39.537, 40.173, 40.27, 38.517, 37.122, 37.849, 38.469, 37.737, 38.049, 39.106, 39.775, 40.696, 40.868, 39.94, 38.951, 38.833, 39.458, 39.575, 39.434, 38.544, 31.504], [31.58, 31.129, 30.838, 30.481, 30.055, 29.549, 28.806, 27.621, 26.099, 25.105, 24.638, 24.425, 23.827, 22.247, 20.671, 19.546, 16.647, 13.269, 10.483, 6.562, 0.0, 8.37, 14.581, 17.214, 17.829, 19.404, 21.975, 24.609, 26.586, 27.328, 27.637, 27.912, 28.573, 29.918, 31.283, 32.036, 32.198, 32.076, 31.967, 32.49, 33.569, 33.695, 32.831, 32.771, 33.053, 33.165, 33.571, 33.756, 33.317, 32.92, 32.613, 32.5, 33.075, 33.785, 33.608, 33.308, 34.347, 35.458, 35.765, 35.964, 36.286, 35.803, 35.109, 35.517, 35.838, 35.185, 34.901, 34.835, 35.223, 35.796, 35.929, 35.821, 35.534, 35.13, 34.801, 34.251, 33.237, 32.203, 31.225, 30.738, 30.983, 31.453, 31.93, 32.571, 33.211, 34.322, 35.537, 35.799, 35.755, 35.73, 35.328, 35.281, 36.077, 36.603, 36.252, 36.096, 37.072, 38.258, 38.755, 39.294, 39.486, 38.385, 37.377, 37.322, 37.142, 36.152, 35.624, 35.724, 35.836, 35.914, 35.969, 35.664, 35.763, 36.593, 37.418, 37.736, 37.577, 37.42, 38.359, 39.477, 39.818, 39.736, 39.202, 38.809, 38.901, 39.332, 39.998, 40.125, 38.406, 37.049, 37.776, 38.417, 37.729, 38.052, 39.12, 39.855, 40.803, 40.959, 40.027, 39.076, 38.987, 39.608, 39.731, 39.596, 38.708, 32.043], [32.383, 32.054, 31.84, 31.528, 31.134, 30.692, 30.046, 28.968, 27.624, 26.785, 26.422, 26.249, 25.708, 24.385, 23.248, 22.549, 20.129, 17.181, 15.202, 13.033, 8.37, 0.0, 8.397, 12.811, 14.074, 16.146, 19.409, 22.641, 25.036, 25.983, 26.399, 26.767, 27.477, 28.851, 30.293, 31.132, 31.326, 31.208, 31.121, 31.667, 32.762, 32.969, 32.373, 32.604, 32.978, 33.091, 33.513, 33.782, 33.445, 33.087, 32.768, 32.642, 33.195, 33.881, 33.692, 33.39, 34.411, 35.492, 35.806, 36.064, 36.416, 35.95, 35.295, 35.726, 36.029, 35.369, 35.09, 35.028, 35.368, 35.864, 35.952, 35.841, 35.559, 35.157, 34.883, 34.4, 33.411, 32.393, 31.469, 31.058, 31.284, 31.656, 32.1, 32.715, 33.283, 34.277, 35.372, 35.57, 35.519, 35.512, 35.12, 35.047, 35.814, 36.355, 36.017, 35.856, 36.789, 37.936, 38.453, 39.04, 39.246, 38.178, 37.233, 37.193, 37.009, 36.112, 35.726, 35.895, 36.004, 36.106, 36.193, 35.918, 36.009, 36.79, 37.583, 37.905, 37.749, 37.542, 38.365, 39.447, 39.825, 39.779, 39.271, 38.891, 38.976, 39.406, 40.081, 40.202, 38.478, 37.151, 37.89, 38.532, 37.838, 38.147, 39.202, 39.941, 40.866, 40.985, 40.06, 39.207, 39.209, 39.817, 39.893, 39.746, 38.87, 32.712], [32.732, 32.5, 32.349, 32.038, 31.65, 31.297, 30.79, 29.835, 28.669, 27.955, 27.644, 27.535, 27.047, 25.813, 24.972, 24.712, 22.693, 20.173, 18.682, 17.413, 14.581, 8.397, 0.0, 6.401, 9.789, 12.846, 16.408, 20.018, 22.774, 23.883, 24.429, 24.921, 25.675, 27.054, 28.562, 29.508, 29.811, 29.775, 29.737, 30.367, 31.598, 31.925, 31.528, 32.062, 32.591, 32.721, 33.152, 33.494, 33.252, 32.931, 32.586, 32.415, 32.999, 33.746, 33.545, 33.222, 34.275, 35.402, 35.782, 36.127, 36.515, 36.069, 35.46, 35.934, 36.239, 35.608, 35.341, 35.243, 35.537, 36.012, 36.077, 35.943, 35.644, 35.246, 35.038, 34.612, 33.615, 32.574, 31.616, 31.144, 31.258, 31.509, 31.914, 32.493, 32.956, 33.834, 34.861, 35.03, 34.994, 35.022, 34.648, 34.574, 35.34, 35.923, 35.61, 35.457, 36.384, 37.525, 38.067, 38.699, 38.89, 37.785, 36.873, 36.867, 36.687, 35.846, 35.614, 35.884, 35.97, 36.085, 36.238, 35.996, 36.092, 36.893, 37.726, 38.098, 37.973, 37.775, 38.59, 39.689, 40.107, 40.07, 39.535, 39.137, 39.212, 39.64, 40.326, 40.449, 38.68, 37.319, 38.081, 38.723, 37.98, 38.264, 39.291, 39.937, 40.787, 40.887, 39.963, 39.136, 39.187, 39.811, 39.848, 39.688, 38.808, 32.977], [32.479, 32.305, 32.201, 31.886, 31.502, 31.21, 30.798, 29.951, 28.939, 28.35, 28.067, 27.99, 27.549, 26.362, 25.62, 25.519, 23.699, 21.508, 20.376, 19.371, 17.214, 12.811, 6.401, 0.0, 5.692, 10.664, 14.62, 18.098, 20.881, 22.122, 22.788, 23.313, 24.057, 25.464, 27.051, 28.106, 28.524, 28.567, 28.554, 29.263, 30.642, 31.049, 30.7, 31.367, 32.008, 32.198, 32.643, 32.967, 32.756, 32.504, 32.193, 32.014, 32.644, 33.465, 33.279, 32.949, 34.027, 35.209, 35.639, 36.035, 36.458, 36.008, 35.402, 35.917, 36.241, 35.621, 35.357, 35.236, 35.522, 36.026, 36.097, 35.941, 35.63, 35.248, 35.071, 34.655, 33.612, 32.49, 31.422, 30.826, 30.879, 31.146, 31.558, 32.12, 32.557, 33.421, 34.474, 34.685, 34.674, 34.706, 34.336, 34.274, 35.037, 35.608, 35.285, 35.133, 36.083, 37.248, 37.784, 38.397, 38.57, 37.422, 36.474, 36.474, 36.308, 35.466, 35.261, 35.551, 35.625, 35.761, 35.969, 35.741, 35.843, 36.692, 37.579, 37.988, 37.879, 37.703, 38.577, 39.718, 40.155, 40.111, 39.552, 39.139, 39.217, 39.656, 40.35, 40.481, 38.69, 37.288, 38.056, 38.703, 37.936, 38.209, 39.227, 39.831, 40.657, 40.765, 39.85, 39.026, 39.097, 39.755, 39.79, 39.613, 38.707, 32.702], [32.188, 32.034, 31.961, 31.653, 31.281, 31.022, 30.64, 29.832, 28.904, 28.45, 28.205, 28.109, 27.69, 26.572, 25.821, 25.659, 23.901, 21.884, 20.904, 19.942, 17.829, 14.074, 9.789, 5.692, 0.0, 6.786, 12.246, 16.233, 19.123, 20.514, 21.296, 21.851, 22.669, 24.27, 26.071, 27.29, 27.794, 27.871, 27.854, 28.54, 29.947, 30.393, 30.061, 30.771, 31.463, 31.718, 32.239, 32.577, 32.336, 32.133, 31.957, 31.896, 32.55, 33.37, 33.2, 32.866, 33.965, 35.175, 35.595, 35.971, 36.405, 35.956, 35.35, 35.893, 36.235, 35.6, 35.323, 35.206, 35.509, 36.028, 36.103, 35.945, 35.635, 35.249, 35.054, 34.615, 33.533, 32.327, 31.137, 30.442, 30.505, 30.824, 31.241, 31.822, 32.32, 33.263, 34.402, 34.68, 34.681, 34.693, 34.314, 34.255, 35.015, 35.574, 35.234, 35.069, 36.024, 37.204, 37.738, 38.349, 38.529, 37.364, 36.382, 36.374, 36.206, 35.316, 35.026, 35.27, 35.344, 35.484, 35.696, 35.455, 35.547, 36.422, 37.344, 37.773, 37.684, 37.543, 38.465, 39.632, 40.071, 40.026, 39.467, 39.058, 39.145, 39.588, 40.278, 40.408, 38.602, 37.173, 37.947, 38.603, 37.828, 38.106, 39.135, 39.744, 40.579, 40.699, 39.802, 38.994, 39.064, 39.727, 39.772, 39.587, 38.656, 32.398], [32.447, 32.319, 32.268, 31.971, 31.613, 31.409, 31.087, 30.297, 29.401, 29.035, 28.836, 28.729, 28.303, 27.239, 26.548, 26.394, 24.73, 22.938, 22.121, 21.249, 19.404, 16.146, 12.846, 10.664, 6.786, 0.0, 7.043, 12.646, 16.344, 17.985, 18.952, 19.725, 20.849, 22.856, 24.955, 26.322, 26.904, 27.062, 27.09, 27.734, 29.155, 29.735, 29.553, 30.352, 31.095, 31.373, 31.95, 32.389, 32.199, 32.017, 31.947, 32.045, 32.741, 33.565, 33.41, 33.079, 34.178, 35.395, 35.811, 36.154, 36.565, 36.132, 35.555, 36.103, 36.454, 35.852, 35.592, 35.482, 35.784, 36.291, 36.358, 36.199, 35.894, 35.506, 35.292, 34.849, 33.771, 32.551, 31.327, 30.603, 30.629, 30.914, 31.331, 31.93, 32.46, 33.45, 34.639, 34.947, 34.96, 34.979, 34.609, 34.545, 35.274, 35.824, 35.496, 35.313, 36.221, 37.378, 37.914, 38.524, 38.697, 37.529, 36.542, 36.527, 36.357, 35.43, 35.067, 35.294, 35.376, 35.5, 35.701, 35.456, 35.54, 36.43, 37.385, 37.837, 37.775, 37.684, 38.661, 39.845, 40.268, 40.205, 39.634, 39.214, 39.279, 39.701, 40.383, 40.5, 38.706, 37.283, 38.03, 38.657, 37.873, 38.134, 39.132, 39.705, 40.527, 40.637, 39.726, 38.904, 38.941, 39.56, 39.607, 39.433, 38.497, 32.608], [32.918, 32.884, 32.88, 32.58, 32.248, 32.151, 31.923, 31.153, 30.253, 29.913, 29.782, 29.72, 29.288, 28.282, 27.797, 27.787, 26.235, 24.657, 24.06, 23.384, 21.975, 19.409, 16.408, 14.62, 12.246, 7.043, 0.0, 7.169, 12.486, 14.96, 16.294, 17.331, 18.861, 21.411, 23.834, 25.285, 25.902, 26.141, 26.255, 26.896, 28.337, 29.101, 29.173, 30.101, 30.886, 31.168, 31.727, 32.241, 32.193, 32.052, 31.988, 32.199, 32.963, 33.787, 33.628, 33.284, 34.347, 35.558, 35.983, 36.303, 36.687, 36.28, 35.744, 36.283, 36.638, 36.098, 35.867, 35.763, 36.055, 36.557, 36.614, 36.428, 36.13, 35.794, 35.604, 35.156, 34.085, 32.901, 31.724, 31.016, 31.037, 31.357, 31.793, 32.366, 32.886, 33.878, 35.071, 35.407, 35.448, 35.464, 35.101, 35.051, 35.762, 36.28, 35.956, 35.753, 36.607, 37.743, 38.278, 38.871, 39.03, 37.873, 36.874, 36.834, 36.656, 35.704, 35.284, 35.504, 35.591, 35.701, 35.902, 35.661, 35.739, 36.646, 37.635, 38.115, 38.074, 38.012, 39.019, 40.208, 40.617, 40.544, 39.948, 39.496, 39.529, 39.92, 40.564, 40.656, 38.933, 37.542, 38.212, 38.789, 38.01, 38.232, 39.181, 39.752, 40.579, 40.66, 39.707, 38.833, 38.825, 39.423, 39.479, 39.308, 38.371, 33.005], [33.281, 33.365, 33.453, 33.166, 32.851, 32.854, 32.752, 32.079, 31.26, 30.988, 30.94, 30.944, 30.526, 29.587, 29.31, 29.461, 28.027, 26.585, 26.156, 25.67, 24.609, 22.641, 20.018, 18.098, 16.233, 12.646, 7.169, 0.0, 6.937, 11.281, 13.518, 14.715, 16.609, 19.808, 22.603, 24.134, 24.728, 25.003, 25.221, 25.93, 27.406, 28.317, 28.652, 29.788, 30.66, 30.977, 31.512, 32.033, 32.115, 32.078, 32.015, 32.251, 33.101, 33.972, 33.857, 33.499, 34.478, 35.673, 36.109, 36.403, 36.774, 36.41, 35.927, 36.472, 36.837, 36.341, 36.138, 36.049, 36.343, 36.851, 36.902, 36.691, 36.411, 36.135, 35.958, 35.469, 34.374, 33.212, 32.074, 31.363, 31.409, 31.856, 32.323, 32.809, 33.282, 34.254, 35.441, 35.825, 35.9, 35.888, 35.508, 35.474, 36.167, 36.646, 36.321, 36.118, 36.957, 38.092, 38.613, 39.158, 39.298, 38.156, 37.148, 37.089, 36.911, 35.959, 35.517, 35.746, 35.839, 35.939, 36.163, 35.935, 36.008, 36.928, 37.95, 38.457, 38.443, 38.413, 39.414, 40.574, 40.971, 40.881, 40.248, 39.768, 39.781, 40.132, 40.711, 40.769, 39.112, 37.746, 38.342, 38.882, 38.109, 38.285, 39.206, 39.81, 40.663, 40.741, 39.799, 38.917, 38.901, 39.512, 39.566, 39.367, 38.425, 33.296], [33.506, 33.642, 33.803, 33.57, 33.231, 33.233, 33.23, 32.695, 32.013, 31.831, 31.824, 31.865, 31.488, 30.615, 30.438, 30.68, 29.382, 28.088, 27.754, 27.387, 26.586, 25.036, 22.774, 20.881, 19.123, 16.344, 12.486, 6.937, 0.0, 6.189, 10.026, 11.772, 14.012, 17.759, 20.871, 22.46, 23.075, 23.493, 23.859, 24.654, 26.219, 27.259, 27.788, 29.171, 30.174, 30.521, 31.053, 31.587, 31.734, 31.795, 31.824, 32.139, 33.075, 34.037, 34.026, 33.706, 34.601, 35.748, 36.191, 36.489, 36.86, 36.514, 36.068, 36.628, 37.004, 36.529, 36.326, 36.237, 36.525, 37.026, 37.071, 36.856, 36.593, 36.348, 36.165, 35.631, 34.52, 33.378, 32.266, 31.558, 31.592, 32.111, 32.629, 33.085, 33.509, 34.434, 35.601, 36.01, 36.106, 36.075, 35.669, 35.615, 36.274, 36.723, 36.403, 36.226, 37.091, 38.246, 38.743, 39.22, 39.329, 38.188, 37.178, 37.118, 36.947, 36.012, 35.596, 35.849, 35.941, 36.034, 36.293, 36.101, 36.177, 37.104, 38.144, 38.664, 38.662, 38.659, 39.676, 40.819, 41.187, 41.063, 40.41, 39.937, 39.953, 40.272, 40.798, 40.842, 39.227, 37.876, 38.442, 38.972, 38.218, 38.385, 39.287, 39.884, 40.737, 40.833, 39.919, 39.062, 39.073, 39.699, 39.734, 39.516, 38.561, 33.477], [33.367, 33.492, 33.671, 33.482, 33.136, 33.089, 33.089, 32.626, 32.048, 31.938, 31.93, 31.975, 31.65, 30.832, 30.67, 30.939, 29.751, 28.592, 28.303, 27.983, 27.328, 25.983, 23.883, 22.122, 20.514, 17.985, 14.96, 11.281, 6.189, 0.0, 5.257, 8.418, 11.426, 15.46, 18.72, 20.426, 21.253, 21.95, 22.443, 23.259, 24.93, 26.099, 26.699, 28.208, 29.306, 29.658, 30.196, 30.766, 30.927, 31.02, 31.157, 31.611, 32.621, 33.663, 33.772, 33.552, 34.487, 35.636, 36.08, 36.419, 36.818, 36.457, 35.997, 36.568, 36.958, 36.481, 36.264, 36.17, 36.461, 36.961, 37.003, 36.785, 36.518, 36.276, 36.096, 35.555, 34.434, 33.278, 32.135, 31.394, 31.379, 31.881, 32.425, 32.91, 33.296, 34.179, 35.339, 35.748, 35.843, 35.823, 35.423, 35.354, 35.986, 36.415, 36.09, 35.935, 36.841, 38.03, 38.519, 38.967, 39.052, 37.869, 36.833, 36.773, 36.604, 35.667, 35.28, 35.547, 35.625, 35.741, 36.036, 35.867, 35.95, 36.894, 37.946, 38.467, 38.458, 38.477, 39.568, 40.757, 41.108, 40.95, 40.295, 39.848, 39.894, 40.23, 40.755, 40.801, 39.174, 37.824, 38.406, 38.931, 38.175, 38.358, 39.25, 39.792, 40.613, 40.711, 39.797, 38.949, 38.992, 39.633, 39.659, 39.442, 38.463, 33.343], [33.157, 33.266, 33.426, 33.259, 32.986, 32.976, 32.949, 32.478, 31.928, 31.841, 31.815, 31.847, 31.549, 30.769, 30.628, 30.949, 29.866, 28.812, 28.554, 28.237, 27.637, 26.399, 24.429, 22.788, 21.296, 18.952, 16.294, 13.518, 10.026, 5.257, 0.0, 4.707, 9.368, 13.908, 17.253, 19.143, 20.224, 21.088, 21.6, 22.417, 24.181, 25.425, 26.011, 27.534, 28.673, 29.034, 29.597, 30.199, 30.342, 30.42, 30.605, 31.165, 32.264, 33.34, 33.477, 33.321, 34.36, 35.577, 36.022, 36.38, 36.817, 36.441, 35.944, 36.511, 36.905, 36.413, 36.185, 36.094, 36.401, 36.912, 36.966, 36.752, 36.472, 36.205, 36.02, 35.489, 34.363, 33.171, 31.963, 31.169, 31.136, 31.6, 32.13, 32.628, 33.002, 33.885, 35.06, 35.471, 35.562, 35.546, 35.158, 35.085, 35.72, 36.163, 35.839, 35.679, 36.603, 37.813, 38.298, 38.751, 38.828, 37.606, 36.543, 36.484, 36.314, 35.351, 34.955, 35.212, 35.292, 35.437, 35.745, 35.57, 35.655, 36.617, 37.679, 38.191, 38.169, 38.206, 39.353, 40.577, 40.927, 40.765, 40.117, 39.681, 39.748, 40.118, 40.675, 40.724, 39.06, 37.698, 38.301, 38.821, 38.04, 38.227, 39.118, 39.642, 40.448, 40.534, 39.623, 38.797, 38.87, 39.531, 39.56, 39.346, 38.356, 33.139], [32.921, 33.05, 33.204, 33.027, 32.818, 32.913, 32.93, 32.468, 31.917, 31.822, 31.783, 31.817, 31.524, 30.748, 30.659, 31.087, 30.091, 29.068, 28.804, 28.482, 27.912, 26.767, 24.921, 23.313, 21.851, 19.725, 17.331, 14.715, 11.772, 8.418, 4.707, 0.0, 6.084, 11.898, 15.849, 17.976, 19.151, 20.084, 20.639, 21.504, 23.353, 24.636, 25.199, 26.75, 27.943, 28.338, 28.925, 29.535, 29.677, 29.762, 29.971, 30.632, 31.887, 33.035, 33.169, 33.011, 34.127, 35.439, 35.924, 36.284, 36.728, 36.349, 35.837, 36.415, 36.819, 36.304, 36.058, 35.964, 36.281, 36.812, 36.877, 36.668, 36.395, 36.13, 35.936, 35.395, 34.252, 33.021, 31.738, 30.886, 30.869, 31.339, 31.856, 32.345, 32.722, 33.638, 34.844, 35.252, 35.339, 35.32, 34.917, 34.828, 35.482, 35.962, 35.65, 35.492, 36.444, 37.673, 38.146, 38.595, 38.676, 37.444, 36.377, 36.327, 36.153, 35.168, 34.777, 35.039, 35.128, 35.288, 35.595, 35.408, 35.497, 36.49, 37.584, 38.102, 38.071, 38.107, 39.269, 40.497, 40.844, 40.672, 39.998, 39.55, 39.632, 40.024, 40.595, 40.643, 38.939, 37.543, 38.165, 38.704, 37.9, 38.084, 39.001, 39.561, 40.386, 40.469, 39.556, 38.73, 38.811, 39.494, 39.529, 39.311, 38.308, 32.891], [32.881, 33.022, 33.179, 33.005, 32.814, 32.97, 33.066, 32.696, 32.236, 32.184, 32.156, 32.209, 31.95, 31.206, 31.143, 31.635, 30.725, 29.695, 29.398, 29.097, 28.573, 27.477, 25.675, 24.057, 22.669, 20.849, 18.861, 16.609, 14.012, 11.426, 9.368, 6.084, 0.0, 7.132, 12.473, 15.375, 16.773, 17.84, 18.539, 19.502, 21.506, 22.952, 23.699, 25.514, 26.856, 27.268, 27.834, 28.448, 28.631, 28.77, 29.031, 29.815, 31.259, 32.53, 32.736, 32.604, 33.767, 35.179, 35.802, 36.276, 36.731, 36.348, 35.855, 36.449, 36.862, 36.349, 36.095, 35.988, 36.306, 36.856, 36.923, 36.707, 36.452, 36.245, 36.1, 35.564, 34.404, 33.159, 31.835, 30.939, 30.902, 31.354, 31.858, 32.311, 32.612, 33.47, 34.654, 35.028, 35.101, 35.096, 34.696, 34.574, 35.205, 35.701, 35.415, 35.295, 36.302, 37.565, 38.027, 38.456, 38.523, 37.281, 36.23, 36.197, 36.025, 35.074, 34.765, 35.072, 35.164, 35.328, 35.64, 35.445, 35.521, 36.531, 37.662, 38.196, 38.15, 38.168, 39.341, 40.593, 40.934, 40.723, 39.997, 39.524, 39.615, 40.022, 40.598, 40.651, 38.934, 37.524, 38.156, 38.709, 37.901, 38.08, 39.008, 39.594, 40.434, 40.529, 39.625, 38.797, 38.878, 39.565, 39.592, 39.365, 38.351, 32.834], [33.283, 33.402, 33.557, 33.412, 33.212, 33.347, 33.486, 33.263, 32.987, 33.031, 33.018, 33.088, 32.898, 32.226, 32.152, 32.64, 31.84, 30.878, 30.606, 30.369, 29.918, 28.851, 27.054, 25.464, 24.27, 22.856, 21.411, 19.808, 17.759, 15.46, 13.908, 11.898, 7.132, 0.0, 6.712, 11.192, 13.557, 15.045, 15.876, 16.945, 19.26, 20.986, 22.037, 24.281, 25.846, 26.246, 26.744, 27.378, 27.654, 27.884, 28.193, 29.068, 30.648, 32.041, 32.378, 32.344, 33.552, 35.032, 35.835, 36.535, 37.069, 36.686, 36.203, 36.801, 37.219, 36.736, 36.496, 36.391, 36.707, 37.255, 37.312, 37.091, 36.85, 36.692, 36.615, 36.121, 34.989, 33.761, 32.429, 31.503, 31.37, 31.72, 32.201, 32.6, 32.738, 33.423, 34.505, 34.827, 34.889, 34.923, 34.562, 34.418, 34.989, 35.464, 35.217, 35.165, 36.236, 37.519, 37.964, 38.354, 38.381, 37.125, 36.106, 36.093, 35.941, 35.08, 34.884, 35.231, 35.316, 35.488, 35.828, 35.626, 35.675, 36.668, 37.805, 38.343, 38.283, 38.28, 39.451, 40.727, 41.059, 40.8, 40.047, 39.579, 39.685, 40.117, 40.723, 40.812, 39.127, 37.739, 38.35, 38.886, 38.1, 38.27, 39.157, 39.713, 40.526, 40.629, 39.773, 39.015, 39.134, 39.802, 39.8, 39.571, 38.582, 33.238], [33.925, 34.02, 34.166, 34.04, 33.806, 33.867, 34.007, 33.913, 33.808, 33.928, 33.924, 34.001, 33.867, 33.263, 33.182, 33.643, 32.921, 32.063, 31.85, 31.664, 31.283, 30.293, 28.562, 27.051, 26.071, 24.955, 23.834, 22.603, 20.871, 18.72, 17.253, 15.849, 12.473, 6.712, 0.0, 5.931, 10.09, 12.644, 13.678, 14.794, 17.432, 19.375, 20.587, 23.165, 24.977, 25.423, 25.849, 26.504, 26.937, 27.293, 27.649, 28.61, 30.287, 31.782, 32.281, 32.408, 33.654, 35.108, 35.961, 36.816, 37.456, 37.099, 36.626, 37.222, 37.658, 37.211, 36.988, 36.89, 37.196, 37.719, 37.763, 37.551, 37.323, 37.176, 37.119, 36.668, 35.606, 34.438, 33.153, 32.241, 32.022, 32.26, 32.705, 33.06, 33.059, 33.548, 34.487, 34.759, 34.822, 34.894, 34.583, 34.419, 34.916, 35.351, 35.141, 35.149, 36.237, 37.488, 37.886, 38.227, 38.231, 37.014, 36.069, 36.084, 35.959, 35.212, 35.127, 35.489, 35.562, 35.741, 36.1, 35.894, 35.923, 36.875, 37.977, 38.501, 38.435, 38.408, 39.526, 40.77, 41.