[[0.0, 5.683, 9.295, 10.904, 13.457, 17.758, 20.887, 22.192, 23.241, 25.134, 27.391, 29.574, 31.061, 31.704, 32.332, 32.91, 32.61, 32.734, 34.478, 35.442, 35.966, 37.709, 38.553, 38.117, 38.911, 38.802, 37.122, 35.729, 35.279, 34.943, 34.39, 33.836, 33.411, 33.44, 33.751, 34.214, 34.366, 34.41, 34.802, 35.505, 36.188, 37.077, 38.581, 39.421, 39.449, 39.288, 40.227, 41.763, 42.453, 42.213, 41.896, 41.981, 41.935, 41.166, 40.192, 39.671, 39.579, 39.417, 39.391, 39.468, 39.111, 38.629, 37.939, 36.525, 35.5, 35.273, 34.96, 34.108, 33.413, 33.758, 34.193, 34.601, 34.9, 35.038, 34.86, 34.75, 35.159, 35.496, 35.251, 35.179, 35.481, 35.784, 35.541, 34.856, 34.135, 34.005, 34.462, 34.502, 33.93, 33.916, 35.08, 36.192, 36.419, 36.652, 37.652, 38.54, 38.72, 38.39, 37.981, 37.924, 37.923, 37.42, 36.46, 35.644, 35.429, 35.324, 35.261, 35.546, 35.955, 36.123, 36.555, 36.848, 36.98, 37.081, 37.172, 37.391, 37.882, 39.027, 39.943, 39.677, 39.226, 39.306, 39.735, 40.005, 39.335, 38.782, 39.133, 39.183, 38.648, 38.497, 37.797, 37.104, 38.447, 40.559, 41.59, 41.605, 41.527, 41.273, 41.538, 42.464, 42.704, 42.199, 41.875, 41.513, 40.557, 39.856, 39.578, 39.625, 39.159, 38.803, 39.18, 39.574, 39.293, 39.558, 41.409, 43.573, 43.978, 43.62, 43.468, 43.541, 43.493, 43.619, 45.879, 49.179, 49.83, 48.821, 49.128, 51.218, 53.128, 53.095, 50.81, 47.438, 44.463, 42.793, 43.18, 44.924, 45.774, 45.524, 45.821, 46.016, 44.651, 43.387, 43.138, 43.446, 45.017, 46.41, 45.69, 44.065, 41.494, 38.852, 39.024, 40.835, 40.36, 38.795, 40.53, 43.949, 46.308, 47.428, 47.518, 46.98, 45.734, 43.605, 42.703, 43.486, 43.672, 6.914], [5.683, 0.0, 4.737, 7.16, 10.075, 14.854, 18.296, 19.722, 20.875, 22.986, 25.428, 27.748, 29.37, 30.11, 30.845, 31.502, 31.162, 31.284, 33.176, 34.213, 34.815, 36.747, 37.73, 37.324, 38.162, 38.038, 36.31, 34.908, 34.481, 34.133, 33.559, 33.019, 32.613, 32.654, 32.975, 33.523, 33.826, 33.997, 34.458, 35.22, 35.954, 36.877, 38.414, 39.285, 39.33, 39.153, 40.116, 41.726, 42.457, 42.213, 41.867, 41.921, 41.848, 41.055, 40.041, 39.482, 39.377, 39.2, 39.143, 39.214, 38.857, 38.341, 37.561, 36.039, 34.983, 34.773, 34.451, 33.577, 32.918, 33.318, 33.757, 34.195, 34.515, 34.638, 34.431, 34.302, 34.722, 35.08, 34.81, 34.698, 35.007, 35.339, 35.085, 34.373, 33.644, 33.507, 33.959, 33.976, 33.357, 33.316, 34.551, 35.78, 36.043, 36.283, 37.335, 38.282, 38.49, 38.176, 37.768, 37.689, 37.692, 37.203, 36.209, 35.363, 35.164, 35.091, 35.052, 35.38, 35.823, 35.985, 36.412, 36.731, 36.866, 36.947, 37.04, 37.286, 37.794, 38.943, 39.842, 39.552, 39.084, 39.178, 39.627, 39.9, 39.2, 38.6, 38.915, 38.931, 38.377, 38.22, 37.492, 36.767, 38.155, 40.35, 41.419, 41.443, 41.372, 41.119, 41.402, 42.354, 42.598, 42.07, 41.719, 41.317, 40.273, 39.477, 39.159, 39.22, 38.759, 38.406, 38.797, 39.2, 38.905, 39.187, 41.142, 43.411, 43.825, 43.455, 43.305, 43.365, 43.29, 43.41, 45.725, 49.077, 49.716, 48.687, 49.044, 51.227, 53.186, 53.136, 50.827, 47.39, 44.304, 42.573, 42.987, 44.785, 45.657, 45.395, 45.701, 45.896, 44.464, 43.119, 42.824, 43.142, 44.795, 46.227, 45.464, 43.812, 41.212, 38.518, 38.745, 40.679, 40.22, 38.642, 40.52, 44.118, 46.564, 47.705, 47.794, 47.242, 45.949, 43.747, 42.795, 43.586, 43.784, 10.581], [9.295, 4.737, 0.0, 3.642, 8.332, 13.769, 17.373, 18.856, 20.054, 22.287, 24.818, 27.144, 28.796, 29.603, 30.402, 31.085, 30.731, 30.824, 32.749, 33.853, 34.501, 36.482, 37.56, 37.246, 38.116, 37.984, 36.274, 34.926, 34.551, 34.22, 33.629, 33.072, 32.653, 32.689, 33.011, 33.535, 33.826, 34.024, 34.494, 35.24, 35.97, 36.915, 38.459, 39.331, 39.387, 39.223, 40.178, 41.778, 42.505, 42.258, 41.907, 41.957, 41.892, 41.108, 40.095, 39.53, 39.421, 39.247, 39.19, 39.26, 38.912, 38.414, 37.637, 36.109, 35.049, 34.841, 34.532, 33.691, 33.053, 33.44, 33.874, 34.312, 34.632, 34.758, 34.544, 34.407, 34.827, 35.183, 34.896, 34.771, 35.085, 35.428, 35.183, 34.487, 33.774, 33.641, 34.1, 34.123, 33.52, 33.478, 34.714, 35.953, 36.221, 36.457, 37.515, 38.468, 38.67, 38.359, 37.961, 37.861, 37.837, 37.34, 36.339, 35.501, 35.322, 35.263, 35.231, 35.562, 35.999, 36.153, 36.564, 36.868, 37.002, 37.085, 37.178, 37.425, 37.937, 39.076, 39.955, 39.661, 39.201, 39.306, 39.76, 40.029, 39.339, 38.738, 39.041, 39.07, 38.539, 38.386, 37.658, 36.92, 38.271, 40.44, 41.5, 41.525, 41.468, 41.245, 41.544, 42.516, 42.791, 42.279, 41.93, 41.518, 40.456, 39.635, 39.273, 39.294, 38.82, 38.461, 38.83, 39.218, 38.921, 39.194, 41.136, 43.406, 43.83, 43.46, 43.306, 43.364, 43.284, 43.404, 45.718, 49.058, 49.684, 48.648, 49.012, 51.213, 53.171, 53.1, 50.787, 47.372, 44.303, 42.572, 42.979, 44.768, 45.641, 45.388, 45.696, 45.884, 44.457, 43.117, 42.797, 43.094, 44.744, 46.171, 45.415, 43.789, 41.222, 38.587, 38.849, 40.781, 40.327, 38.775, 40.664, 44.253, 46.68, 47.799, 47.886, 47.345, 46.053, 43.848, 42.889, 43.668, 43.865, 12.974], [10.904, 7.16, 3.642, 0.0, 6.045, 12.381, 16.374, 17.996, 19.274, 21.603, 24.226, 26.621, 28.319, 29.181, 30.075, 30.822, 30.479, 30.589, 32.545, 33.686, 34.361, 36.369, 37.491, 37.23, 38.124, 37.997, 36.292, 34.96, 34.6, 34.29, 33.727, 33.182, 32.748, 32.785, 33.131, 33.625, 33.861, 34.045, 34.505, 35.226, 35.967, 36.936, 38.483, 39.351, 39.394, 39.216, 40.169, 41.762, 42.478, 42.223, 41.864, 41.899, 41.82, 41.039, 40.042, 39.488, 39.38, 39.212, 39.17, 39.242, 38.907, 38.456, 37.728, 36.204, 35.132, 34.922, 34.618, 33.792, 33.145, 33.508, 33.961, 34.424, 34.744, 34.89, 34.677, 34.514, 34.926, 35.272, 34.965, 34.83, 35.14, 35.477, 35.232, 34.532, 33.814, 33.697, 34.153, 34.162, 33.553, 33.513, 34.755, 35.992, 36.273, 36.516, 37.57, 38.529, 38.734, 38.419, 38.029, 37.946, 37.936, 37.434, 36.423, 35.592, 35.421, 35.358, 35.319, 35.642, 36.073, 36.233, 36.639, 36.902, 36.985, 37.055, 37.162, 37.407, 37.888, 38.993, 39.871, 39.608, 39.177, 39.294, 39.746, 40.015, 39.334, 38.741, 39.062, 39.137, 38.657, 38.52, 37.787, 37.045, 38.391, 40.557, 41.615, 41.64, 41.594, 41.403, 41.721, 42.683, 42.949, 42.432, 42.07, 41.649, 40.587, 39.745, 39.345, 39.339, 38.86, 38.49, 38.837, 39.215, 38.927, 39.198, 41.122, 43.385, 43.814, 43.454, 43.306, 43.359, 43.267, 43.385, 45.693, 49.011, 49.623, 48.587, 48.965, 51.184, 53.147, 53.07, 50.767, 47.381, 44.339, 42.616, 43.026, 44.818, 45.691, 45.433, 45.734, 45.919, 44.504, 43.174, 42.846, 43.134, 44.774, 46.195, 45.438, 43.805, 41.236, 38.62, 38.889, 40.793, 40.329, 38.785, 40.67, 44.236, 46.648, 47.759, 47.849, 47.317, 46.017, 43.81, 42.863, 43.655, 43.859, 14.432], [13.457, 10.075, 8.332, 6.045, 0.0, 7.289, 12.179, 14.354, 16.116, 18.865, 21.652, 24.163, 26.028, 27.068, 28.231, 29.186, 28.876, 29.107, 31.295, 32.521, 33.269, 35.439, 36.632, 36.375, 37.32, 37.205, 35.527, 34.282, 33.947, 33.651, 33.233, 32.878, 32.531, 32.585, 32.93, 33.428, 33.707, 33.94, 34.389, 35.084, 35.843, 36.832, 38.379, 39.24, 39.264, 39.066, 40.038, 41.663, 42.387, 42.134, 41.742, 41.705, 41.573, 40.778, 39.788, 39.249, 39.144, 38.959, 38.889, 38.95, 38.65, 38.25, 37.5, 35.893, 34.786, 34.576, 34.235, 33.401, 32.811, 33.22, 33.674, 34.152, 34.46, 34.605, 34.404, 34.207, 34.581, 34.918, 34.588, 34.426, 34.722, 35.062, 34.823, 34.129, 33.449, 33.39, 33.84, 33.78, 33.074, 32.997, 34.323, 35.645, 35.966, 36.234, 37.307, 38.291, 38.514, 38.203, 37.828, 37.802, 37.855, 37.357, 36.317, 35.483, 35.328, 35.286, 35.27, 35.61, 36.043, 36.211, 36.618, 36.85, 36.849, 36.871, 37.006, 37.283, 37.729, 38.757, 39.584, 39.307, 38.863, 38.972, 39.425, 39.715, 39.074, 38.499, 38.819, 38.902, 38.45, 38.306, 37.536, 36.767, 38.103, 40.278, 41.341, 41.365, 41.328, 41.19, 41.582, 42.535, 42.741, 42.205, 41.856, 41.421, 40.308, 39.393, 38.951, 38.958, 38.506, 38.144, 38.476, 38.845, 38.569, 38.865, 40.83, 43.127, 43.559, 43.21, 43.088, 43.139, 43.025, 43.137, 45.431, 48.719, 49.326, 48.307, 48.704, 50.939, 52.906, 52.839, 50.584, 47.227, 44.164, 42.416, 42.822, 44.622, 45.493, 45.202, 45.47, 45.632, 44.182, 42.809, 42.461, 42.762, 44.426, 45.838, 45.04, 43.389, 40.797, 38.164, 38.449, 40.368, 39.925, 38.427, 40.404, 44.057, 46.524, 47.66, 47.758, 47.227, 45.908, 43.658, 42.661, 43.455, 43.701, 16.772], [17.758, 14.854, 13.769, 12.381, 7.289, 0.0, 5.67, 8.963, 12.077, 15.622, 18.311, 20.629, 22.67, 24.024, 25.555, 26.79, 26.547, 26.972, 29.513, 30.871, 31.683, 34.033, 35.317, 35.04, 35.999, 35.911, 34.423, 33.503, 33.302, 33.054, 32.911, 32.923, 32.796, 32.897, 33.194, 33.669, 34.059, 34.37, 34.762, 35.39, 36.129, 37.077, 38.557, 39.389, 39.412, 39.223, 40.201, 41.837, 42.573, 42.343, 41.928, 41.823, 41.65, 40.855, 39.874, 39.352, 39.258, 39.034, 38.876, 38.893, 38.628, 38.212, 37.34, 35.648, 34.568, 34.369, 33.983, 33.242, 32.871, 33.369, 33.745, 34.155, 34.397, 34.458, 34.277, 34.081, 34.361, 34.659, 34.327, 34.139, 34.414, 34.768, 34.569, 33.954, 33.41, 33.484, 33.955, 33.812, 32.968, 32.809, 34.211, 35.622, 35.978, 36.259, 37.325, 38.305, 38.542, 38.254, 37.912, 37.931, 38.023, 37.536, 36.516, 35.741, 35.635, 35.629, 35.652, 36.008, 36.434, 36.609, 37.028, 37.271, 37.228, 37.209, 37.368, 37.69, 38.124, 39.037, 39.707, 39.3, 38.766, 38.842, 39.276, 39.588, 39.068, 38.579, 38.844, 38.844, 38.373, 38.194, 37.402, 36.58, 37.755, 39.781, 40.779, 40.789, 40.779, 40.729, 41.204, 42.15, 42.315, 41.841, 41.603, 41.191, 40.016, 39.05, 38.622, 38.681, 38.292, 37.972, 38.272, 38.602, 38.344, 38.66, 40.602, 42.883, 43.318, 42.973, 42.866, 42.935, 42.831, 42.924, 45.104, 48.291, 48.926, 47.945, 48.281, 50.427, 52.347, 52.295, 50.122, 46.848, 43.828, 42.084, 42.446, 44.183, 45.032, 44.71, 44.921, 45.038, 43.561, 42.16, 41.788, 42.075, 43.715, 45.097, 44.293, 42.722, 40.262, 37.776, 38.054, 39.937, 39.569, 38.171, 40.175, 43.845, 46.327, 47.466, 47.566, 47.049, 45.755, 43.473, 42.338, 43.056, 43.362, 20.347], [20.887, 18.296, 17.373, 16.374, 12.179, 5.67, 0.0, 4.501, 9.449, 13.872, 16.356, 18.27, 20.37, 21.989, 23.793, 25.219, 25.06, 25.663, 28.434, 29.871, 30.71, 33.142, 34.466, 34.159, 35.099, 35.039, 33.739, 33.13, 33.093, 32.904, 32.95, 33.241, 33.329, 33.515, 33.791, 34.224, 34.671, 35.034, 35.386, 35.962, 36.665, 37.537, 38.911, 39.711, 39.743, 39.558, 40.515, 42.134, 42.872, 42.655, 42.243, 42.12, 41.937, 41.15, 40.176, 39.663, 39.576, 39.331, 39.11, 39.096, 38.85, 38.392, 37.417, 35.724, 34.729, 34.55, 34.159, 33.551, 33.372, 33.908, 34.202, 34.541, 34.718, 34.688, 34.522, 34.342, 34.53, 34.788, 34.47, 34.251, 34.495, 34.858, 34.699, 34.16, 33.737, 33.916, 34.408, 34.21, 33.283, 33.062, 34.481, 35.922, 36.283, 36.553, 37.598, 38.567, 38.815, 38.556, 38.243, 38.266, 38.352, 37.875, 36.895, 36.181, 36.108, 36.122, 36.165, 36.521, 36.933, 37.112, 37.549, 37.827, 37.781, 37.745, 37.909, 38.245, 38.675, 39.511, 40.048, 39.508, 38.886, 38.931, 39.339, 39.652, 39.225, 38.804, 39.01, 38.929, 38.466, 38.296, 37.517, 36.672, 37.698, 39.568, 40.485, 40.481, 40.505, 40.532, 41.053, 41.997, 42.162, 41.767, 41.633, 41.249, 40.033, 39.059, 38.69, 38.803, 38.467, 38.185, 38.456, 38.752, 38.506, 38.826, 40.717, 42.949, 43.379, 43.029, 42.921, 43.004, 42.919, 42.991, 45.019, 48.082, 48.742, 47.78, 48.024, 50.076, 51.964, 51.936, 49.835, 46.65, 43.7, 41.989, 42.324, 44.0, 44.823, 44.479, 44.644, 44.731, 43.26, 41.868, 41.486, 41.729, 43.303, 44.675, 43.902, 42.412, 40.115, 37.786, 37.996, 39.813, 39.508, 38.178, 40.149, 43.779, 46.237, 47.362, 47.464, 46.966, 45.709, 43.417, 42.166, 42.799, 43.143, 23.052], [22.192, 19.722, 18.856, 17.996, 14.354, 8.963, 4.501, 0.0, 6.088, 11.555, 14.5, 16.393, 18.525, 20.353, 22.47, 24.098, 24.004, 24.738, 27.677, 29.162, 30.04, 32.551, 33.906, 33.607, 34.59, 34.552, 33.307, 32.853, 32.944, 32.794, 32.85, 33.177, 33.328, 33.597, 33.944, 34.379, 34.781, 35.117, 35.478, 36.052, 36.726, 37.567, 38.93, 39.74, 39.776, 39.587, 40.543, 42.16, 42.891, 42.659, 42.238, 42.111, 41.918, 41.122, 40.144, 39.634, 39.543, 39.294, 39.084, 39.099, 38.878, 38.405, 37.402, 35.736, 34.791, 34.635, 34.273, 33.729, 33.566, 34.063, 34.327, 34.657, 34.828, 34.779, 34.617, 34.426, 34.583, 34.834, 34.512, 34.258, 34.454, 34.796, 34.649, 34.138, 33.725, 33.892, 34.384, 34.171, 33.232, 33.018, 34.469, 35.937, 36.301, 36.568, 37.61, 38.574, 38.833, 38.602, 38.323, 38.366, 38.462, 37.987, 36.996, 36.261, 36.172, 36.185, 36.235, 36.587, 36.977, 37.126, 37.553, 37.847, 37.819, 37.784, 37.949, 38.305, 38.773, 39.615, 40.099, 39.482, 38.813, 38.855, 39.268, 39.573, 39.139, 38.721, 38.9, 38.799, 38.39, 38.273, 37.51, 36.675, 37.715, 39.589, 40.504, 40.519, 40.595, 40.668, 41.188, 42.122, 42.303, 41.94, 41.825, 41.437, 40.217, 39.269, 38.939, 39.053, 38.711, 38.425, 38.673, 38.945, 38.684, 38.962, 40.792, 42.977, 43.389, 43.029, 42.91, 42.991, 42.914, 42.962, 44.911, 47.927, 48.594, 47.618, 47.809, 49.844, 51.75, 51.738, 49.656, 46.489, 43.546, 41.836, 42.168, 43.837, 44.656, 44.295, 44.44, 44.521, 43.056, 41.672, 41.285, 41.49, 43.035, 44.426, 43.665, 42.175, 39.901, 37.59, 37.76, 39.565, 39.283, 37.964, 39.949, 43.604, 46.078, 47.207, 47.311, 46.815, 45.565, 43.264, 41.987, 42.604, 42.955, 24.254], [23.241, 20.875, 20.054, 19.274, 16.116, 12.077, 9.449, 6.088, 0.0, 6.565, 11.057, 13.881, 16.205, 18.246, 20.858, 22.789, 22.748, 23.542, 26.604, 28.132, 29.087, 31.755, 33.211, 33.005, 34.112, 34.077, 32.82, 32.471, 32.661, 32.53, 32.531, 32.757, 32.836, 33.138, 33.607, 34.15, 34.5, 34.77, 35.17, 35.782, 36.444, 37.331, 38.803, 39.654, 39.693, 39.508, 40.474, 42.095, 42.816, 42.549, 42.099, 41.961, 41.743, 40.908, 39.906, 39.388, 39.292, 39.063, 38.934, 39.037, 38.863, 38.419, 37.453, 35.811, 34.866, 34.736, 34.43, 33.882, 33.594, 33.988, 34.262, 34.645, 34.876, 34.864, 34.666, 34.438, 34.635, 34.912, 34.567, 34.28, 34.432, 34.732, 34.571, 34.048, 33.54, 33.548, 33.993, 33.819, 32.956, 32.779, 34.247, 35.737, 36.117, 36.391, 37.436, 38.405, 38.68, 38.467, 38.219, 38.334, 38.498, 38.046, 37.028, 36.239, 36.11, 36.105, 36.147, 36.493, 36.86, 36.967, 37.361, 37.636, 37.624, 37.608, 37.781, 38.17, 38.693, 39.571, 40.054, 39.435, 38.796, 38.884, 39.332, 39.617, 39.097, 38.614, 38.786, 38.714, 38.384, 38.327, 37.569, 36.773, 37.941, 39.919, 40.879, 40.934, 41.062, 41.136, 41.588, 42.469, 42.646, 42.264, 42.105, 41.699, 40.509, 39.603, 39.282, 39.356, 38.969, 38.661, 38.895, 39.155, 38.858, 39.025, 40.722, 42.831, 43.224, 42.861, 42.724, 42.791, 42.705, 42.717, 44.639, 47.669, 48.326, 47.318, 47.495, 49.581, 51.537, 51.531, 49.435, 46.254, 43.297, 41.585, 41.94, 43.647, 44.475, 44.097, 44.243, 44.341, 42.891, 41.519, 41.135, 41.321, 42.863, 44.276, 43.501, 41.964, 39.636, 37.291, 37.477, 39.301, 39.007, 37.633, 39.608, 43.308, 45.817, 46.952, 47.049, 46.544, 45.284, 42.991, 41.775, 42.439, 42.782, 25.293], [25.134, 22.986, 22.287, 21.603, 18.865, 15.622, 13.872, 11.555, 6.565, 0.0, 6.128, 10.759, 13.706, 15.842, 18.892, 21.143, 21.156, 22.1, 25.342, 26.896, 27.939, 30.795, 32.364, 32.215, 33.402, 33.384, 32.196, 32.018, 32.319, 32.238, 32.294, 32.559, 32.647, 32.964, 33.505, 34.173, 34.601, 34.886, 35.296, 35.915, 36.585, 37.516, 39.051, 39.91, 39.954, 39.776, 40.703, 42.289, 43.016, 42.739, 42.272, 42.136, 41.909, 41.052, 40.03, 39.496, 39.396, 39.193, 39.11, 39.245, 39.101, 38.685, 37.75, 36.136, 35.209, 35.098, 34.821, 34.294, 33.978, 34.31, 34.575, 34.99, 35.242, 35.193, 34.927, 34.677, 34.895, 35.175, 34.832, 34.552, 34.688, 34.963, 34.79, 34.262, 33.704, 33.605, 33.989, 33.829, 33.009, 32.821, 34.273, 35.764, 36.15, 36.403, 37.403, 38.362, 38.652, 38.445, 38.22, 38.392, 38.615, 38.207, 37.226, 36.464, 36.337, 36.32, 36.346, 36.678, 37.031, 37.131, 37.522, 37.791, 37.788, 37.789, 37.976, 38.391, 38.934, 39.799, 40.267, 39.672, 39.09, 39.223, 39.681, 39.944, 39.384, 38.84, 38.955, 38.884, 38.612, 38.59, 37.839, 37.066, 38.257, 40.218, 41.172, 41.244, 41.394, 41.471, 41.873, 42.691, 42.833, 42.42, 42.243, 41.845, 40.692, 39.831, 39.563, 39.656, 39.264, 38.946, 39.154, 39.401, 39.099, 39.191, 40.723, 42.699, 43.082, 42.739, 42.598, 42.656, 42.569, 42.556, 44.41, 47.387, 48.028, 47.022, 47.203, 49.309, 51.286, 51.29, 49.209, 46.055, 43.124, 41.435, 41.799, 43.509, 44.344, 43.964, 44.105, 44.216, 42.793, 41.44, 41.059, 41.232, 42.743, 44.133, 43.353, 41.822, 39.532, 37.261, 37.465, 39.254, 38.962, 37.529, 39.384, 43.041, 45.551, 46.679, 46.769, 46.265, 45.019, 42.757, 41.58, 42.247, 42.582, 27.117], [27.391, 25.428, 24.818, 24.226, 21.652, 18.311, 16.356, 14.5, 11.057, 6.128, 0.0, 6.186, 10.455, 13.005, 16.361, 18.933, 19.068, 20.306, 23.95, 25.645, 26.733, 29.729, 31.4, 31.243, 32.419, 32.462, 31.486, 31.587, 32.031, 32.032, 32.283, 32.822, 33.12, 33.503, 34.03, 34.735, 35.335, 35.724, 36.095, 36.663, 37.327, 38.222, 39.658, 40.457, 40.506, 40.339, 41.213, 42.749, 43.484, 43.224, 42.761, 42.626, 42.401, 41.562, 40.556, 40.025, 39.932, 39.729, 39.597, 39.68, 39.54, 39.12, 38.157, 36.573, 35.713, 35.611, 35.303, 34.866, 34.733, 35.113, 35.324, 35.697, 35.888, 35.726, 35.423, 35.18, 35.346, 35.594, 35.278, 35.014, 35.141, 35.41, 35.253, 34.767, 34.283, 34.254, 34.63, 34.405, 33.501, 33.239, 34.666, 36.137, 36.503, 36.726, 37.679, 38.611, 38.901, 38.711, 38.515, 38.676, 38.881, 38.495, 37.577, 36.891, 36.806, 36.799, 36.822, 37.138, 37.483, 37.597, 38.007, 38.309, 38.324, 38.325, 38.515, 38.942, 39.482, 40.29, 40.698, 40.076, 39.496, 39.633, 40.067, 40.331, 39.845, 39.328, 39.349, 39.203, 38.936, 38.908, 38.172, 37.403, 38.469, 40.269, 41.153, 41.201, 41.327, 41.436, 41.878, 42.682, 42.783, 42.373, 42.247, 41.892, 40.746, 39.886, 39.674, 39.826, 39.49, 39.206, 39.397, 39.632, 39.356, 39.451, 40.904, 42.783, 43.157, 42.829, 42.688, 42.738, 42.666, 42.649, 44.367, 47.208, 47.854, 46.893, 47.067, 49.13, 51.076, 51.098, 49.088, 46.017, 43.15, 41.484, 41.794, 43.42, 44.237, 43.864, 43.971, 44.059, 42.649, 41.306, 40.923, 41.084, 42.534, 43.878, 43.122, 41.679, 39.563, 37.494, 37.689, 39.417, 39.203, 37.811, 39.518, 43.072, 45.551, 46.653, 46.735, 46.246, 45.052, 42.824, 41.573, 42.155, 42.509, 29.224], [29.574, 27.748, 27.144, 26.621, 24.163, 20.629, 18.27, 16.393, 13.881, 10.759, 6.186, 0.0, 5.669, 9.776, 14.063, 16.942, 17.285, 18.809, 22.734, 24.636, 25.774, 28.776, 30.542, 30.465, 31.663, 31.777, 31.05, 31.466, 32.057, 32.121, 32.564, 33.385, 33.935, 34.424, 34.903, 35.538, 36.24, 36.744, 37.096, 37.597, 38.212, 39.028, 40.321, 41.043, 41.077, 40.92, 41.756, 43.221, 43.924, 43.675, 43.214, 43.049, 42.812, 42.016, 41.064, 40.567, 40.486, 40.265, 40.071, 40.104, 39.986, 39.587, 38.609, 37.07, 36.304, 36.216, 35.867, 35.537, 35.601, 36.021, 36.177, 36.494, 36.631, 36.422, 36.139, 35.897, 35.988, 36.219, 35.94, 35.661, 35.749, 36.016, 35.912, 35.518, 35.171, 35.267, 35.655, 35.373, 34.402, 34.054, 35.391, 36.796, 37.135, 37.343, 38.266, 39.159, 39.435, 39.283, 39.14, 39.273, 39.43, 39.044, 38.18, 37.573, 37.536, 37.549, 37.577, 37.881, 38.214, 38.328, 38.744, 39.071, 39.076, 39.059, 39.245, 39.662, 40.17, 40.892, 41.208, 40.538, 39.947, 40.07, 40.475, 40.74, 40.343, 39.894, 39.855, 39.653, 39.395, 39.362, 38.654, 37.876, 38.76, 40.368, 41.173, 41.193, 41.307, 41.465, 41.96, 42.757, 42.839, 42.486, 42.44, 42.111, 40.945, 40.047, 39.84, 40.024, 39.757, 39.532, 39.72, 39.94, 39.679, 39.774, 41.167, 42.964, 43.322, 42.995, 42.863, 42.922, 42.866, 42.837, 44.367, 47.027, 47.692, 46.773, 46.879, 48.843, 50.729, 50.767, 48.863, 45.948, 43.21, 41.598, 41.855, 43.385, 44.175, 43.795, 43.851, 43.912, 42.526, 41.206, 40.83, 40.973, 42.338, 43.634, 42.926, 41.597, 39.696, 37.838, 37.982, 39.635, 39.51, 38.253, 39.9, 43.345, 45.759, 46.818, 46.88, 46.413, 45.314, 43.16, 41.832, 42.316, 42.7, 31.192], [31.061, 29.37, 28.796, 28.319, 26.028, 22.67, 20.37, 18.525, 16.205, 13.706, 10.455, 5.669, 0.0, 5.954, 12.025, 15.433, 15.926, 17.721, 21.816, 23.852, 25.091, 28.073, 29.867, 29.936, 31.251, 31.406, 30.785, 31.413, 32.118, 32.211, 32.72, 33.646, 34.327, 34.901, 35.356, 35.926, 36.649, 37.225, 37.626, 38.145, 38.739, 39.501, 40.74, 41.441, 41.46, 41.283, 42.079, 43.491, 44.16, 43.917, 43.463, 43.269, 43.023, 42.264, 41.348, 40.861, 40.776, 40.543, 40.325, 40.347, 40.241, 39.848, 38.871, 37.368, 36.649, 36.569, 36.22, 35.958, 36.095, 36.501, 36.633, 36.939, 37.068, 36.862, 36.602, 36.351, 36.39, 36.618, 36.384, 36.112, 36.171, 36.438, 36.385, 36.068, 35.806, 35.961, 36.351, 36.054, 35.08, 34.703, 35.967, 37.314, 37.642, 37.839, 38.716, 39.566, 39.838, 39.72, 39.616, 39.745, 39.878, 39.492, 38.666, 38.114, 38.1, 38.114, 38.139, 38.435, 38.749, 38.846, 39.258, 39.581, 39.543, 39.499, 39.682, 40.087, 40.566, 41.231, 41.502, 40.819, 40.23, 40.343, 40.736, 40.99, 40.614, 40.181, 40.12, 39.934, 39.738, 39.737, 39.063, 38.283, 39.063, 40.561, 41.318, 41.331, 41.462, 41.662, 42.189, 42.982, 43.077, 42.777, 42.777, 42.452, 41.271, 40.364, 40.175, 40.381, 40.151, 39.953, 40.128, 40.329, 40.072, 40.144, 41.437, 43.13, 43.473, 43.149, 43.027, 43.115, 43.08, 43.029, 44.404, 46.923, 47.602, 46.687, 46.673, 48.516, 50.355, 50.404, 48.565, 45.759, 43.118, 41.555, 41.802, 43.305, 44.092, 43.695, 43.699, 43.736, 42.376, 41.077, 40.699, 40.822, 42.129, 43.379, 42.689, 41.408, 39.611, 37.868, 38.001, 39.624, 39.551, 38.436, 40.105, 43.471, 45.821, 46.843, 46.873, 46.406, 45.385, 43.328, 42.005, 42.447, 42.847, 32.505], [31.704, 30.11, 29.603, 29.181, 27.068, 24.024, 21.989, 20.353, 18.246, 15.842, 13.005, 9.776, 5.954, 0.0, 7.429, 11.917, 12.716, 14.864, 19.611, 21.991, 23.48, 26.748, 28.664, 28.818, 30.293, 30.459, 29.767, 30.489, 31.324, 31.463, 31.976, 32.956, 33.723, 34.348, 34.876, 35.662, 36.539, 37.091, 37.545, 38.237, 38.915, 39.621, 40.806, 41.502, 41.528, 41.31, 42.065, 43.507, 44.221, 43.996, 43.585, 43.465, 43.267, 42.513, 41.571, 41.043, 40.943, 40.708, 40.477, 40.498, 40.346, 39.822, 38.73, 37.2, 36.495, 36.411, 36.063, 35.834, 36.004, 36.402, 36.55, 36.911, 37.073, 36.831, 36.512, 36.239, 36.285, 36.518, 36.284, 36.015, 36.081, 36.37, 36.342, 36.038, 35.775, 35.921, 36.306, 35.987, 34.994, 34.644, 35.947, 37.312, 37.646, 37.846, 38.715, 39.544, 39.791, 39.654, 39.531, 39.638, 39.752, 39.357, 38.517, 37.968, 37.988, 38.038, 38.065, 38.348, 38.641, 38.702, 39.084, 39.388, 39.332, 39.288, 39.476, 39.88, 40.355, 41.027, 41.32, 40.651, 40.063, 40.173, 40.576, 40.842, 40.449, 39.999, 39.946, 39.789, 39.633, 39.67, 39.01, 38.235, 39.029, 40.543, 41.301, 41.32, 41.471, 41.692, 42.252, 43.082, 43.225, 42.944, 42.934, 42.6, 41.415, 40.493, 40.287, 40.487, 40.253, 40.044, 40.198, 40.379, 40.109, 40.158, 41.404, 43.062, 43.384, 43.036, 42.896, 43.012, 43.016, 42.947, 44.289, 46.828, 47.521, 46.564, 46.484, 48.302, 50.156, 50.232, 48.392, 45.55, 42.865, 41.254, 41.493, 43.033, 43.847, 43.438, 43.426, 43.458, 42.085, 40.766, 40.361, 40.48, 41.837, 43.1, 42.384, 41.06, 39.193, 37.395, 37.546, 39.22, 39.164, 38.05, 39.743, 43.122, 45.485, 46.51, 46.526, 46.043, 45.009, 42.935, 41.611, 42.067, 42.471, 33.038], [32.332, 30.845, 30.402, 30.075, 28.231, 25.555, 23.793, 22.47, 20.858, 18.892, 16.361, 14.063, 12.025, 7.429, 0.0, 5.653, 7.514, 10.232, 15.755, 18.781, 20.77, 24.535, 26.735, 27.008, 28.641, 28.849, 28.129, 29.019, 30.045, 30.247, 30.826, 32.01, 32.976, 33.664, 34.283, 35.407, 36.534, 37.054, 37.515, 38.366, 39.144, 39.788, 40.862, 41.505, 41.526, 41.297, 42.026, 43.488, 44.248, 44.05, 43.698, 43.685, 43.557, 42.816, 41.862, 41.316, 41.226, 41.006, 40.758, 40.759, 40.547, 39.864, 38.626, 37.093, 36.444, 36.356, 35.989, 35.806, 36.026, 36.424, 36.595, 37.02, 37.243, 36.988, 36.578, 36.273, 36.373, 36.633, 36.368, 36.079, 36.152, 36.464, 36.45, 36.139, 35.851, 35.942, 36.302, 35.988, 35.042, 34.744, 36.038, 37.381, 37.698, 37.9, 38.785, 39.603, 39.797, 39.616, 39.471, 39.574, 39.695, 39.304, 38.447, 37.888, 37.947, 38.04, 38.066, 38.33, 38.609, 38.64, 38.984, 39.264, 39.201, 39.168, 39.351, 39.721, 40.157, 40.822, 41.134, 40.499, 39.959, 40.094, 40.497, 40.769, 40.383, 39.956, 39.945, 39.814, 39.627, 39.643, 38.993, 38.242, 39.063, 40.583, 41.336, 41.363, 41.548, 41.794, 42.335, 43.167, 43.351, 43.078, 43.019, 42.638, 41.421, 40.449, 40.164, 40.312, 40.064, 39.856, 40.019, 40.201, 39.915, 39.939, 41.165, 42.814, 43.101, 42.718, 42.546, 42.659, 42.687, 42.599, 43.927, 46.519, 47.228, 46.236, 46.145, 47.994, 49.875, 49.971, 48.14, 45.3, 42.603, 40.95, 41.169, 42.733, 43.553, 43.131, 43.136, 43.203, 41.856, 40.552, 40.155, 40.305, 41.738, 43.057, 42.348, 41.026, 39.154, 37.289, 37.413, 39.115, 39.056, 37.893, 39.545, 42.886, 45.246, 46.281, 46.299, 45.819, 44.766, 42.648, 41.313, 41.799, 42.204, 33.529], [32.91, 31.502, 31.085, 30.822, 29.186, 26.79, 25.219, 24.098, 22.789, 21.143, 18.933, 16.942, 15.433, 11.917, 5.653, 0.0, 3.616, 7.701, 13.488, 16.755, 19.057, 23.051, 25.413, 25.829, 27.579, 27.854, 27.219, 28.287, 29.435, 29.678, 30.362, 31.756, 32.894, 33.637, 34.24, 35.423, 36.656, 37.239, 37.719, 38.577, 39.37, 40.003, 41.03, 41.63, 41.621, 41.396, 42.108, 43.524, 44.271, 44.098, 43.787, 43.809, 43.713, 43.004, 42.078, 41.554, 41.48, 41.273, 41.022, 40.994, 40.744, 40.032, 38.798, 37.327, 36.732, 36.656, 36.294, 36.14, 36.374, 36.746, 36.911, 37.341, 37.596, 37.374, 36.948, 36.629, 36.747, 37.032, 36.784, 36.499, 36.566, 36.874, 36.874, 36.575, 36.271, 36.306, 36.648, 36.37, 35.507, 35.227, 36.429, 37.699, 37.992, 38.182, 39.053, 39.852, 40.023, 39.832, 39.691, 39.815, 39.952, 39.572, 38.737, 38.204, 38.29, 38.401, 38.42, 38.665, 38.927, 38.937, 39.267, 39.547, 39.481, 39.452, 39.629, 39.965, 40.354, 40.982, 41.28, 40.674, 40.187, 40.349, 40.747, 41.015, 40.642, 40.224, 40.221, 40.098, 39.887, 39.876, 39.245, 38.53, 39.342, 40.818, 41.546, 41.58, 41.792, 42.061, 42.579, 43.386, 43.547, 43.24, 43.139, 42.73, 41.489, 40.483, 40.169, 40.31, 40.069, 39.874, 40.054, 40.254, 39.972, 39.976, 41.169, 42.767, 43.014, 42.624, 42.447, 42.539, 42.564, 42.471, 43.74, 46.286, 47.004, 46.028, 45.945, 47.796, 49.679, 49.783, 47.986, 45.22, 42.586, 40.951, 41.165, 42.717, 43.526, 43.098, 43.112, 43.196, 41.887, 40.619, 40.25, 40.426, 41.864, 43.192, 42.509, 41.253, 39.492, 37.68, 37.793, 39.466, 39.411, 38.282, 39.894, 43.133, 45.441, 46.47, 46.49, 46.017, 44.991, 42.914, 41.604, 42.081, 42.476, 34.015], [32.61, 31.162, 30.731, 30.479, 28.876, 26.547, 25.06, 24.004, 22.748, 21.156, 19.068, 17.285, 15.926, 12.716, 7.514, 3.616, 0.0, 5.606, 12.409, 15.925, 18.244, 22.282, 24.687, 25.194, 27.072, 27.34, 26.673, 27.76, 28.937, 29.222, 29.939, 31.331, 32.456, 33.199, 33.804, 34.999, 36.284, 36.934, 37.46, 38.333, 39.129, 39.784, 40.863, 41.484, 41.464, 41.24, 41.973, 43.403, 44.152, 43.98, 43.668, 43.688, 43.583, 42.864, 41.928, 41.397, 41.317, 41.107, 40.855, 40.821, 40.555, 39.842, 38.632, 37.156, 36.526, 36.445, 36.083, 35.891, 36.097, 36.471, 36.636, 37.064, 37.32, 37.091, 36.653, 36.338, 36.458, 36.753, 36.524, 36.256, 36.338, 36.655, 36.649, 36.328, 35.983, 35.998, 36.361, 36.096, 35.221, 34.913, 36.113, 37.414, 37.732, 37.927, 38.8, 39.613, 39.8, 39.608, 39.447, 39.573, 39.724, 39.349, 38.509, 37.977, 38.078, 38.196, 38.209, 38.456, 38.72, 38.721, 39.06, 39.356, 39.285, 39.247, 39.427, 39.767, 40.153, 40.789, 41.104, 40.503, 40.012, 40.171, 40.578, 40.854, 40.459, 40.009, 40.0, 39.877, 39.672, 39.678, 39.048, 38.337, 39.186, 40.711, 41.465, 41.516, 41.731, 41.991, 42.524, 43.35, 43.485, 43.121, 43.004, 42.613, 41.363, 40.307, 39.964, 40.107, 39.865, 39.671, 39.869, 40.09, 39.802, 39.79, 40.998, 42.634, 42.883, 42.488, 42.308, 42.386, 42.402, 42.316, 43.607, 46.17, 46.884, 45.908, 45.849, 47.725, 49.612, 49.709, 47.91, 45.133, 42.469, 40.818, 41.062, 42.656, 43.473, 43.035, 43.053, 43.135, 41.806, 40.525, 40.162, 40.358, 41.831, 43.177, 42.475, 41.211, 39.451, 37.642, 37.791, 39.489, 39.423, 38.276, 39.896, 43.149, 45.464, 46.5, 46.532, 46.057, 45.004, 42.904, 41.594, 42.074, 42.458, 33.732], [32.734, 31.284, 30.824, 30.589, 29.107, 26.972, 25.663, 24.738, 23.542, 22.1, 20.306, 18.809, 17.721, 14.864, 10.232, 7.701, 5.606, 0.0, 8.01, 12.978, 16.188, 20.474, 23.076, 23.876, 26.022, 26.287, 25.582, 26.809, 28.107, 28.451, 29.201, 30.639, 31.817, 32.554, 33.209, 34.568, 35.899, 36.527, 37.093, 38.042, 38.862, 39.51, 40.599, 41.227, 41.205, 40.987, 41.731, 43.176, 43.932, 43.746, 43.433, 43.473, 43.363, 42.616, 41.655, 41.1, 41.011, 40.807, 40.567, 40.549, 40.288, 39.569, 38.37, 36.911, 36.267, 36.167, 35.819, 35.614, 35.782, 36.156, 36.367, 36.844, 37.135, 36.928, 36.471, 36.156, 36.309, 36.622, 36.383, 36.093, 36.182, 36.522, 36.516, 36.165, 35.772, 35.734, 36.087, 35.858, 35.036, 34.735, 35.895, 37.176, 37.495, 37.705, 38.6, 39.42, 39.593, 39.39, 39.215, 39.348, 39.516, 39.17, 38.345, 37.804, 37.908, 38.028, 38.025, 38.269, 38.542, 38.549, 38.901, 39.192, 39.102, 39.052, 39.223, 39.552, 39.923, 40.577, 40.928, 40.378, 39.925, 40.076, 40.475, 40.746, 40.328, 39.886, 39.948, 39.873, 39.656, 39.659, 39.044, 38.36, 39.25, 40.807, 41.584, 41.661, 41.893, 42.118, 42.585, 43.374, 43.507, 43.131, 42.978, 42.567, 41.301, 40.177, 39.765, 39.885, 39.631, 39.433, 39.653, 39.892, 39.581, 39.53, 40.742, 42.441, 42.709, 42.297, 42.107, 42.18, 42.183, 42.068, 43.388, 46.015, 46.73, 45.73, 45.684, 47.591, 49.483, 49.569, 47.786, 45.055, 42.413, 40.759, 41.009, 42.615, 43.413, 42.959, 42.993, 43.107, 41.816, 40.592, 40.281, 40.522, 42.06, 43.428, 42.695, 41.409, 39.628, 37.751, 37.897, 39.629, 39.513, 38.289, 39.909, 43.167, 45.455, 46.469, 46.502, 46.036, 44.973, 42.877, 41.638, 42.171, 42.545, 33.813], [34.478, 33.176, 32.749, 32.545, 31.295, 29.513, 28.434, 27.677, 26.604, 25.342, 23.95, 22.734, 21.816, 19.611, 15.755, 13.488, 12.409, 8.01, 0.0, 7.318, 13.096, 18.279, 21.055, 22.175, 24.684, 25.106, 24.613, 26.243, 27.726, 28.099, 28.983, 30.708, 32.141, 32.928, 33.551, 34.942, 36.295, 36.937, 37.539, 38.498, 39.317, 39.942, 40.961, 41.548, 41.519, 41.315, 42.028, 43.402, 44.127, 43.955, 43.661, 43.705, 43.598, 42.871, 41.94, 41.404, 41.33, 41.154, 40.932, 40.916, 40.677, 39.995, 38.857, 37.511, 36.948, 36.855, 36.545, 36.412, 36.59, 36.931, 37.169, 37.663, 37.966, 37.796, 37.34, 37.023, 37.192, 37.502, 37.265, 36.957, 37.013, 37.339, 37.345, 37.011, 36.634, 36.56, 36.857, 36.683, 36.033, 35.765, 36.755, 37.896, 38.172, 38.38, 39.254, 40.034, 40.174, 39.969, 39.81, 39.932, 40.066, 39.746, 39.008, 38.517, 38.614, 38.721, 38.696, 38.911, 39.171, 39.19, 39.547, 39.839, 39.741, 39.68, 39.835, 40.146, 40.502, 41.121, 41.454, 40.977, 40.622, 40.785, 41.151, 41.397, 41.0, 40.614, 40.729, 40.68, 40.428, 40.4, 39.848, 39.245, 40.077, 41.517, 42.236, 42.326, 42.6, 42.835, 43.204, 43.855, 43.934, 43.559, 43.363, 42.888, 41.596, 40.449, 40.049, 40.206, 39.981, 39.79, 40.015, 40.255, 39.935, 39.844, 40.936, 42.494, 42.735, 42.362, 42.199, 42.271, 42.255, 42.08, 43.248, 45.751, 46.446, 45.465, 45.436, 47.353, 49.237, 49.346, 47.671, 45.152, 42.706, 41.14, 41.355, 42.873, 43.61, 43.152, 43.208, 43.373, 42.235, 41.191, 40.995, 41.259, 42.722, 44.027, 43.312, 42.102, 40.494, 38.729, 38.843, 40.498, 40.371, 39.158, 40.603, 43.623, 45.767, 46.722, 46.735, 46.304, 45.351, 43.426, 42.339, 42.904, 43.264, 35.418], [35.442, 34.213, 33.853, 33.686, 32.521, 30.871, 29.871, 29.162, 28.132, 26.896, 25.645, 24.636, 23.852, 21.991, 18.781, 16.755, 15.925, 12.978, 7.318, 0.0, 8.112, 15.356, 18.605, 19.557, 22.265, 22.853, 22.547, 24.543, 26.185, 26.608, 27.719, 29.798, 31.505, 32.404, 33.022, 34.478, 36.007, 36.776, 37.424, 38.396, 39.25, 39.903, 40.929, 41.523, 41.519, 41.337, 42.06, 43.439, 44.177, 44.027, 43.732, 43.763, 43.651, 42.918, 41.982, 41.455, 41.395, 41.221, 40.984, 40.952, 40.713, 40.024, 38.855, 37.494, 36.971, 36.894, 36.561, 36.44, 36.672, 37.012, 37.212, 37.677, 37.957, 37.752, 37.276, 36.949, 37.114, 37.427, 37.216, 36.945, 37.003, 37.298, 37.29, 36.967, 36.609, 36.557, 36.865, 36.687, 36.067, 35.791, 36.769, 37.941, 38.23, 38.437, 39.307, 40.085, 40.231, 40.017, 39.851, 39.956, 40.069, 39.756, 39.044, 38.56, 38.64, 38.74, 38.72, 38.935, 39.201, 39.236, 39.603, 39.927, 39.869, 39.81, 39.968, 40.315, 40.725, 41.368, 41.675, 41.172, 40.812, 40.978, 41.336, 41.587, 41.212, 40.826, 40.886, 40.735, 40.401, 40.34, 39.802, 39.223, 40.027, 41.429, 42.126, 42.205, 42.481, 42.744, 43.149, 43.777, 43.801, 43.369, 43.116, 42.6, 41.286, 40.158, 39.825, 40.047, 39.849, 39.667, 39.892, 40.13, 39.813, 39.728, 40.8, 42.304, 42.534, 42.178, 42.014, 42.082, 42.058, 41.83, 42.893, 45.339, 46.019, 45.044, 45.085, 47.119, 49.092, 49.245, 47.597, 45.102, 42.67, 41.122, 41.364, 42.916, 43.673, 43.218, 43.291, 43.467, 42.353, 41.35, 41.19, 41.435, 42.833, 44.117, 43.423, 42.225, 40.673, 38.96, 39.092, 40.759, 40.684, 39.47, 40.814, 43.759, 45.894, 46.866, 46.879, 46.441, 45.513, 43.621, 42.546, 43.101, 43.458, 36.322], [35.966, 34.815, 34.501, 34.361, 33.269, 31.683, 30.71, 30.04, 29.087, 27.939, 26.733, 25.774, 25.091, 23.48, 20.77, 19.057, 18.244, 16.188, 13.096, 8.112, 0.0, 9.208, 13.91, 15.398, 18.495, 19.312, 19.373, 21.98, 24.002, 24.67, 26.084, 28.505, 30.454, 31.469, 32.179, 33.758, 35.387, 36.225, 36.905, 37.888, 38.757, 39.43, 40.475, 41.06, 41.08, 40.969, 41.754, 43.179, 43.958, 43.821, 43.517, 43.545, 43.42, 42.667, 41.724, 41.197, 41.133, 40.953, 40.708, 40.672, 40.432, 39.733, 38.546, 37.152, 36.625, 36.553, 36.181, 36.031, 36.274, 36.613, 36.754, 37.158, 37.426, 37.218, 36.763, 36.445, 36.605, 36.949, 36.801, 36.586, 36.646, 36.909, 36.881, 36.565, 36.207, 36.178, 36.523, 36.321, 35.648, 35.351, 36.405, 37.667, 37.978, 38.187, 39.07, 39.86, 40.015, 39.799, 39.638, 39.753, 39.869, 39.555, 38.823, 38.303, 38.342, 38.419, 38.404, 38.627, 38.893, 38.943, 39.3, 39.602, 39.54, 39.472, 39.63, 39.985, 40.416, 41.098, 41.426, 40.912, 40.535, 40.706, 41.07, 41.338, 40.984, 40.603, 40.624, 40.356, 39.947, 39.875, 39.337, 38.764, 39.567, 40.965, 41.654, 41.725, 42.001, 42.283, 42.746, 43.397, 43.383, 42.882, 42.572, 42.037, 40.701, 39.548, 39.241, 39.504, 39.319, 39.142, 39.365, 39.596, 39.274, 39.188, 40.282, 41.817, 42.056, 41.694, 41.504, 41.553, 41.528, 41.252, 42.214, 44.625, 45.301, 44.34, 44.493, 46.681, 48.741, 48.905, 47.251, 44.738, 42.268, 40.721, 41.051, 42.711, 43.521, 43.073, 43.148, 43.311, 42.171, 41.166, 41.018, 41.248, 42.624, 43.92, 43.239, 42.06, 40.561, 38.901, 39.061, 40.769, 40.726, 39.489, 40.801, 43.743, 45.881, 46.857, 46.878, 46.419, 45.437, 43.494, 42.401, 42.958, 43.323, 36.773], [37.709, 36.747, 36.482, 36.369, 35.439, 34.033, 33.142, 32.551, 31.755, 30.795, 29.729, 28.776, 28.073, 26.748, 24.535, 23.051, 22.282, 20.474, 18.279, 15.356, 9.208, 0.0, 6.852, 11.708, 16.204, 17.355, 18.246, 21.84, 24.322, 25.237, 26.834, 29.412, 31.465, 32.493, 33.16, 34.523, 35.934, 36.774, 37.471, 38.366, 39.166, 39.817, 40.802, 41.335, 41.36, 41.313, 42.099, 43.456, 44.214, 44.098, 43.808, 43.81, 43.659, 42.953, 42.099, 41.619, 41.552, 41.397, 41.195, 41.169, 40.97, 40.373, 39.339, 38.099, 37.653, 37.599, 37.238, 37.126, 37.361, 37.651, 37.765, 38.076, 38.296, 38.175, 37.853, 37.574, 37.704, 38.069, 38.018, 37.833, 37.824, 38.036, 38.03, 37.754, 37.434, 37.417, 37.731, 37.541, 36.918, 36.629, 37.57, 38.679, 38.933, 39.13, 39.951, 40.658, 40.768, 40.576, 40.477, 40.626, 40.737, 40.436, 39.767, 39.277, 39.264, 39.275, 39.22, 39.399, 39.608, 39.649, 39.996, 40.243, 40.126, 40.03, 40.153, 40.447, 40.811, 41.398, 41.684, 41.234, 40.943, 41.132, 41.475, 41.725, 41.387, 41.036, 41.048, 40.753, 40.383, 40.368, 39.926, 39.449, 40.167, 41.391, 42.0, 42.084, 42.408, 42.751, 43.243, 43.863, 43.816, 43.313, 42.981, 42.423, 41.121, 39.97, 39.653, 39.906, 39.752, 39.6, 39.798, 39.997, 39.673, 39.546, 40.504, 41.883, 42.077, 41.727, 41.56, 41.622, 41.61, 41.307, 42.007, 44.116, 44.742, 43.867, 44.059, 46.171, 48.111, 48.263, 46.79, 44.587, 42.37, 40.939, 41.248, 42.801, 43.548, 43.099, 43.173, 43.363, 42.329, 41.442, 41.385, 41.639, 42.92, 44.146, 43.523, 42.485, 41.259, 39.864, 39.95, 41.504, 41.461, 40.273, 41.409, 44.079, 46.039, 46.915, 46.901, 46.449, 45.527, 43.752, 42.818, 43.394, 43.757, 38.352], [38.553, 37.73, 37.56, 37.491, 36.632, 35.317, 34.466, 33.906, 33.211, 32.364, 31.4, 30.542, 29.867, 28.664, 26.735, 25.413, 24.687, 23.076, 21.055, 18.605, 13.91, 6.852, 0.0, 8.105, 14.443, 16.181, 17.586, 21.751, 24.445, 25.442, 27.179, 29.876, 31.993, 33.047, 33.658, 34.849, 36.184, 37.071, 37.781, 38.649, 39.444, 40.086, 41.033, 41.561, 41.609, 41.573, 42.331, 43.642, 44.386, 44.286, 44.016, 44.017, 43.867, 43.202, 42.405, 41.952, 41.884, 41.739, 41.547, 41.516, 41.329, 40.754, 39.763, 38.617, 38.256, 38.221, 37.86, 37.797, 38.08, 38.35, 38.436, 38.711, 38.895, 38.797, 38.546, 38.299, 38.388, 38.737, 38.721, 38.529, 38.467, 38.647, 38.66, 38.407, 38.117, 38.121, 38.416, 38.22, 37.623, 37.319, 38.16, 39.161, 39.391, 39.57, 40.333, 40.984, 41.078, 40.902, 40.829, 41.002, 41.149, 40.901, 40.298, 39.84, 39.814, 39.797, 39.714, 39.86, 40.037, 40.077, 40.456, 40.748, 40.662, 40.564, 40.667, 40.943, 41.29, 41.809, 42.031, 41.583, 41.327, 41.521, 41.845, 42.076, 41.738, 41.364, 41.309, 40.965, 40.621, 40.649, 40.299, 39.949, 40.664, 41.793, 42.359, 42.438, 42.749, 43.088, 43.564, 44.151, 44.088, 43.621, 43.317, 42.748, 41.469, 40.37, 40.101, 40.361, 40.229, 40.108, 40.327, 40.545, 40.233, 40.092, 40.987, 42.262, 42.389, 42.034, 41.907, 41.993, 41.988, 41.685, 42.269, 44.225, 44.845, 44.031, 44.181, 46.15, 48.0, 48.19, 46.836, 44.765, 42.648, 41.265, 41.531, 42.992, 43.677, 43.201, 43.258, 43.463, 42.49, 41.678, 41.683, 41.951, 43.181, 44.385, 43.795, 42.817, 41.711, 40.407, 40.411, 41.916, 41.918, 40.772, 41.792, 44.294, 46.176, 47.021, 46.984, 46.531, 45.68, 44.033, 43.168, 43.727, 44.085, 39.107], [38.117, 37.324, 37.246, 37.23, 36.375, 35.04, 34.159, 33.607, 33.005, 32.215, 31.243, 30.465, 29.936, 28.818, 27.008, 25.829, 25.194, 23.876, 22.175, 19.557, 15.398, 11.708, 8.105, 0.0, 7.965, 11.326, 13.609, 18.089, 20.985, 22.309, 24.622, 27.844, 30.277, 31.514, 32.25, 33.683, 35.288, 36.294, 37.05, 38.008, 38.901, 39.569, 40.526, 41.089, 41.176, 41.14, 41.909, 43.264, 44.053, 43.991, 43.729, 43.718, 43.566, 42.899, 42.07, 41.578, 41.507, 41.347, 41.112, 41.052, 40.837, 40.191, 39.087, 37.877, 37.537, 37.514, 37.146, 37.122, 37.49, 37.808, 37.85, 38.12, 38.341, 38.186, 37.865, 37.608, 37.677, 37.996, 37.951, 37.754, 37.719, 37.92, 37.918, 37.652, 37.378, 37.402, 37.722, 37.509, 36.864, 36.507, 37.38, 38.456, 38.71, 38.874, 39.658, 40.37, 40.501, 40.319, 40.229, 40.371, 40.517, 40.303, 39.712, 39.244, 39.204, 39.18, 39.108, 39.279, 39.492, 39.569, 39.995, 40.396, 40.412, 40.336, 40.447, 40.766, 41.177, 41.761, 41.999, 41.505, 41.197, 41.381, 41.696, 41.918, 41.584, 41.226, 41.132, 40.654, 40.184, 40.166, 39.814, 39.502, 40.262, 41.401, 41.955, 41.995, 42.236, 42.534, 42.988, 43.524, 43.399, 42.909, 42.623, 42.036, 40.681, 39.613, 39.498, 39.88, 39.762, 39.644, 39.914, 40.183, 39.888, 39.813, 40.888, 42.343, 42.516, 42.165, 42.061, 42.145, 42.122, 41.828, 42.478, 44.548, 45.242, 44.414, 44.52, 46.49, 48.446, 48.681, 47.195, 44.855, 42.516, 41.07, 41.388, 42.939, 43.667, 43.185, 43.198, 43.331, 42.294, 41.455, 41.454, 41.707, 42.961, 44.214, 43.617, 42.6, 41.418, 40.002, 40.014, 41.656, 41.732, 40.584, 41.674, 44.283, 46.248, 47.151, 47.122, 46.646, 45.782, 44.061, 43.048, 43.541, 43.91, 38.69], [38.911, 38.162, 38.116, 38.124, 37.32, 35.999, 35.099, 34.59, 34.112, 33.402, 32.419, 31.663, 31.251, 30.293, 28.641, 27.579, 27.072, 26.022, 24.684, 22.265, 18.495, 16.204, 14.443, 7.965, 0.0, 5.807, 10.528, 15.611, 18.668, 20.476, 23.492, 27.288, 30.067, 31.489, 32.303, 33.812, 35.533, 36.617, 37.357, 38.293, 39.226, 39.89, 40.775, 41.329, 41.431, 41.379, 42.127, 43.465, 44.248, 44.245, 44.026, 43.971, 43.781, 43.128, 42.31, 41.814, 41.748, 41.583, 41.307, 41.212, 41.009, 40.373, 39.231, 38.014, 37.731, 37.742, 37.394, 37.461, 37.924, 38.268, 38.274, 38.517, 38.752, 38.577, 38.243, 37.986, 38.036, 38.332, 38.277, 38.083, 38.083, 38.301, 38.295, 38.053, 37.844, 37.882, 38.177, 37.954, 37.299, 36.923, 37.772, 38.817, 39.036, 39.173, 39.941, 40.66, 40.798, 40.624, 40.556, 40.663, 40.756, 40.555, 40.015, 39.586, 39.532, 39.475, 39.396, 39.581, 39.825, 39.95, 40.433, 40.913, 40.978, 40.899, 41.011, 41.345, 41.761, 42.321, 42.535, 42.027, 41.71, 41.885, 42.175, 42.384, 42.091, 41.796, 41.695, 41.139, 40.579, 40.513, 40.165, 39.826, 40.466, 41.464, 41.94