[[0.0, 7.709, 13.373, 19.425, 25.839, 29.778, 31.19, 31.445, 31.737, 32.419, 33.272, 34.411, 35.804, 37.003, 37.534, 37.558, 37.676, 38.095, 38.541, 38.736, 38.711, 38.626, 38.612, 38.737, 38.992, 39.412, 40.05, 40.846, 41.477, 41.728, 41.9, 42.411, 43.308, 44.331, 45.203, 45.513, 45.391, 45.351, 45.819, 46.381, 46.406, 46.133, 45.918, 45.787, 45.632, 45.393, 45.128, 45.078, 45.274, 45.474, 45.579, 45.624, 45.71, 45.833, 45.875, 45.874, 45.954, 46.161, 46.358, 46.341, 46.244, 46.201, 46.085, 45.891, 45.793, 45.856, 45.971, 45.937, 45.995, 46.06, 45.941, 45.84, 45.517, 45.089, 44.46, 44.329, 44.864, 45.454, 45.581, 45.518, 46.173, 47.37, 48.195, 48.272, 47.871, 47.41, 46.927, 46.487, 46.25, 46.181, 46.144, 45.994, 45.915, 45.872, 45.692, 45.509, 45.415, 45.445, 45.53, 45.573, 45.549, 45.471, 45.381, 45.328, 45.332, 45.388, 45.525, 45.732, 45.834, 45.702, 45.557, 45.877, 46.553, 46.724, 46.49, 46.642, 46.948, 46.736, 46.614, 46.78, 46.738, 46.653, 47.119, 47.971, 48.097, 47.305, 46.284, 45.647, 45.392, 44.74, 44.177, 44.087, 44.165, 44.165, 44.04, 43.912, 44.015, 44.383, 44.752, 44.936, 44.963, 44.937, 44.855, 44.611, 44.519, 44.903, 45.363, 45.58, 45.595, 45.533, 45.442, 45.119, 44.613, 44.268, 44.216, 44.347, 44.142, 9.789], [7.709, 0.0, 7.325, 15.795, 23.549, 27.842, 29.221, 29.407, 29.693, 30.384, 31.255, 32.464, 33.989, 35.318, 35.903, 35.913, 36.012, 36.454, 36.947, 37.17, 37.151, 37.074, 37.076, 37.213, 37.47, 37.89, 38.529, 39.317, 39.921, 40.123, 40.211, 40.672, 41.724, 43.073, 44.241, 44.694, 44.599, 44.57, 45.092, 45.708, 45.735, 45.442, 45.234, 45.119, 44.95, 44.657, 44.344, 44.302, 44.557, 44.802, 44.915, 44.96, 45.065, 45.227, 45.301, 45.307, 45.375, 45.571, 45.766, 45.754, 45.671, 45.645, 45.531, 45.326, 45.242, 45.358, 45.507, 45.435, 45.43, 45.487, 45.417, 45.313, 44.938, 44.515, 43.842, 43.613, 44.15, 44.835, 45.037, 45.031, 45.771, 47.06, 47.937, 48.025, 47.615, 47.106, 46.532, 46.014, 45.735, 45.66, 45.622, 45.455, 45.354, 45.282, 45.05, 44.825, 44.716, 44.752, 44.847, 44.89, 44.861, 44.778, 44.685, 44.63, 44.627, 44.672, 44.803, 45.016, 45.119, 44.969, 44.821, 45.171, 45.85, 45.985, 45.762, 45.985, 46.308, 46.041, 45.895, 46.083, 46.063, 45.998, 46.544, 47.493, 47.611, 46.722, 45.627, 44.951, 44.631, 43.881, 43.26, 43.198, 43.346, 43.408, 43.322, 43.188, 43.267, 43.636, 44.02, 44.208, 44.227, 44.201, 44.124, 43.851, 43.703, 44.055, 44.502, 44.726, 44.781, 44.767, 44.706, 44.366, 43.787, 43.37, 43.291, 43.415, 43.195, 15.911], [13.373, 7.325, 0.0, 10.265, 19.858, 25.066, 26.688, 26.868, 27.159, 27.893, 28.8, 30.085, 31.788, 33.316, 34.004, 34.019, 34.116, 34.614, 35.183, 35.441, 35.412, 35.32, 35.328, 35.481, 35.74, 36.154, 36.798, 37.605, 38.228, 38.437, 38.517, 38.991, 40.158, 41.687, 43.01, 43.527, 43.433, 43.436, 44.049, 44.743, 44.777, 44.464, 44.257, 44.152, 43.975, 43.635, 43.257, 43.198, 43.506, 43.801, 43.929, 43.973, 44.087, 44.277, 44.385, 44.413, 44.488, 44.685, 44.876, 44.851, 44.76, 44.74, 44.628, 44.413, 44.345, 44.521, 44.726, 44.666, 44.664, 44.743, 44.676, 44.465, 43.946, 43.51, 42.798, 42.461, 43.016, 43.835, 44.132, 44.148, 44.943, 46.316, 47.247, 47.323, 46.873, 46.324, 45.677, 45.073, 44.735, 44.648, 44.606, 44.405, 44.278, 44.2, 43.942, 43.68, 43.552, 43.591, 43.694, 43.735, 43.693, 43.598, 43.498, 43.441, 43.435, 43.479, 43.623, 43.858, 43.966, 43.804, 43.679, 44.105, 44.819, 44.922, 44.725, 45.07, 45.462, 45.179, 45.045, 45.281, 45.302, 45.279, 45.911, 46.953, 47.075, 46.107, 44.902, 44.069, 43.584, 42.729, 42.054, 41.979, 42.175, 42.295, 42.259, 42.157, 42.264, 42.675, 43.099, 43.296, 43.308, 43.281, 43.199, 42.887, 42.692, 43.03, 43.485, 43.738, 43.838, 43.886, 43.895, 43.57, 42.926, 42.423, 42.297, 42.401, 42.136, 19.573], [19.425, 15.795, 10.265, 0.0, 11.461, 18.346, 20.805, 21.234, 21.583, 22.486, 23.718, 25.513, 27.872, 29.984, 30.988, 31.086, 31.229, 31.865, 32.591, 32.907, 32.827, 32.654, 32.632, 32.814, 33.118, 33.584, 34.303, 35.22, 35.947, 36.216, 36.351, 36.943, 38.295, 39.958, 41.311, 41.773, 41.648, 41.739, 42.552, 43.409, 43.487, 43.155, 42.949, 42.865, 42.694, 42.305, 41.823, 41.688, 42.028, 42.397, 42.56, 42.594, 42.689, 42.888, 43.035, 43.105, 43.194, 43.386, 43.563, 43.504, 43.38, 43.348, 43.231, 43.004, 42.941, 43.163, 43.429, 43.429, 43.482, 43.593, 43.465, 43.007, 42.213, 41.699, 40.936, 40.523, 41.187, 42.239, 42.668, 42.682, 43.557, 45.079, 46.107, 46.156, 45.643, 45.062, 44.335, 43.61, 43.195, 43.096, 43.051, 42.802, 42.645, 42.589, 42.316, 42.006, 41.858, 41.914, 42.036, 42.071, 42.014, 41.912, 41.817, 41.77, 41.778, 41.856, 42.067, 42.368, 42.486, 42.29, 42.194, 42.771, 43.61, 43.696, 43.47, 43.937, 44.446, 44.183, 44.067, 44.359, 44.451, 44.488, 45.186, 46.318, 46.44, 45.378, 44.03, 43.0, 42.302, 41.312, 40.55, 40.438, 40.684, 40.874, 40.896, 40.831, 40.963, 41.406, 41.857, 42.055, 42.049, 42.015, 41.922, 41.564, 41.314, 41.633, 42.109, 42.408, 42.557, 42.669, 42.752, 42.437, 41.713, 41.103, 40.919, 40.995, 40.653, 23.585], [25.839, 23.549, 19.858, 11.461, 0.0, 8.241, 12.062, 13.288, 13.815, 14.911, 16.93, 20.158, 23.962, 27.027, 28.474, 28.696, 28.905, 29.695, 30.58, 30.952, 30.824, 30.58, 30.55, 30.797, 31.194, 31.757, 32.583, 33.613, 34.427, 34.739, 34.925, 35.663, 37.234, 39.042, 40.375, 40.757, 40.624, 40.832, 41.832, 42.814, 42.935, 42.601, 42.405, 42.353, 42.179, 41.742, 41.195, 41.022, 41.383, 41.801, 41.988, 42.003, 42.058, 42.237, 42.398, 42.489, 42.57, 42.734, 42.884, 42.801, 42.658, 42.615, 42.492, 42.254, 42.178, 42.389, 42.643, 42.632, 42.675, 42.782, 42.602, 41.987, 41.051, 40.503, 39.772, 39.405, 40.202, 41.442, 41.972, 42.03, 43.009, 44.645, 45.712, 45.734, 45.194, 44.607, 43.849, 43.063, 42.617, 42.519, 42.471, 42.199, 42.026, 41.98, 41.699, 41.37, 41.221, 41.294, 41.424, 41.454, 41.391, 41.292, 41.21, 41.176, 41.193, 41.293, 41.56, 41.928, 42.058, 41.81, 41.693, 42.357, 43.309, 43.398, 43.092, 43.537, 44.065, 43.804, 43.67, 43.966, 44.114, 44.228, 44.964, 46.126, 46.232, 45.1, 43.651, 42.513, 41.742, 40.721, 39.959, 39.876, 40.176, 40.448, 40.542, 40.504, 40.6, 40.967, 41.354, 41.517, 41.495, 41.47, 41.409, 41.064, 40.784, 41.066, 41.544, 41.873, 42.057, 42.174, 42.245, 41.928, 41.206, 40.586, 40.39, 40.451, 40.074, 28.806], [29.778, 27.842, 25.066, 18.346, 8.241, 0.0, 4.853, 7.216, 8.191, 9.431, 12.292, 17.07, 22.143, 25.895, 27.632, 27.942, 28.191, 29.045, 29.992, 30.391, 30.258, 30.008, 30.009, 30.317, 30.781, 31.407, 32.276, 33.326, 34.143, 34.441, 34.602, 35.357, 37.046, 39.012, 40.419, 40.8, 40.663, 40.929, 42.041, 43.094, 43.237, 42.908, 42.728, 42.696, 42.506, 42.03, 41.466, 41.309, 41.688, 42.118, 42.302, 42.301, 42.337, 42.501, 42.659, 42.747, 42.81, 42.946, 43.079, 43.001, 42.873, 42.845, 42.729, 42.49, 42.403, 42.59, 42.799, 42.731, 42.718, 42.785, 42.587, 41.968, 41.062, 40.549, 39.858, 39.535, 40.379, 41.676, 42.241, 42.331, 43.306, 44.927, 45.99, 46.02, 45.498, 44.929, 44.185, 43.408, 42.972, 42.882, 42.831, 42.544, 42.336, 42.262, 41.989, 41.681, 41.543, 41.608, 41.727, 41.754, 41.698, 41.609, 41.537, 41.505, 41.513, 41.604, 41.879, 42.271, 42.422, 42.168, 42.039, 42.696, 43.655, 43.752, 43.421, 43.808, 44.297, 44.029, 43.87, 44.135, 44.292, 44.447, 45.195, 46.336, 46.423, 45.286, 43.835, 42.687, 41.911, 40.913, 40.209, 40.157, 40.458, 40.75, 40.881, 40.863, 40.916, 41.181, 41.476, 41.604, 41.579, 41.564, 41.526, 41.209, 40.935, 41.207, 41.687, 42.038, 42.261, 42.391, 42.45, 42.149, 41.471, 40.894, 40.717, 40.779, 40.419, 32.353], [31.19, 29.221, 26.688, 20.805, 12.062, 4.853, 0.0, 3.089, 4.823, 6.583, 10.038, 15.624, 21.34, 25.467, 27.372, 27.723, 27.964, 28.817, 29.778, 30.187, 30.06, 29.82, 29.848, 30.193, 30.697, 31.356, 32.238, 33.278, 34.076, 34.35, 34.441, 35.074, 36.73, 38.801, 40.329, 40.76, 40.611, 40.879, 42.06, 43.183, 43.346, 43.018, 42.847, 42.827, 42.632, 42.135, 41.559, 41.412, 41.81, 42.251, 42.433, 42.427, 42.466, 42.636, 42.798, 42.884, 42.939, 43.07, 43.209, 43.147, 43.04, 43.029, 42.922, 42.68, 42.592, 42.785, 42.992, 42.908, 42.862, 42.903, 42.707, 42.101, 41.214, 40.723, 40.009, 39.641, 40.464, 41.774, 42.355, 42.444, 43.395, 45.009, 46.09, 46.138, 45.629, 45.07, 44.329, 43.557, 43.127, 43.042, 42.987, 42.686, 42.45, 42.356, 42.09, 41.795, 41.66, 41.719, 41.831, 41.858, 41.804, 41.717, 41.645, 41.611, 41.614, 41.697, 41.972, 42.377, 42.545, 42.303, 42.181, 42.838, 43.79, 43.887, 43.555, 43.928, 44.404, 44.139, 43.977, 44.239, 44.402, 44.573, 45.336, 46.475, 46.563, 45.433, 43.987, 42.811, 41.978, 40.947, 40.242, 40.188, 40.474, 40.764, 40.909, 40.904, 40.947, 41.179, 41.445, 41.567, 41.543, 41.526, 41.486, 41.167, 40.891, 41.17, 41.662, 42.031, 42.295, 42.469, 42.546, 42.25, 41.573, 40.999, 40.823, 40.88, 40.52, 33.693], [31.445, 29.407, 26.868, 21.234, 13.288, 7.216, 3.089, 0.0, 2.443, 5.084, 9.061, 14.938, 20.906, 25.238, 27.24, 27.596, 27.813, 28.662, 29.637, 30.056, 29.931, 29.699, 29.742, 30.109, 30.634, 31.313, 32.208, 33.248, 34.041, 34.305, 34.34, 34.839, 36.398, 38.491, 40.092, 40.565, 40.413, 40.678, 41.897, 43.063, 43.239, 42.911, 42.74, 42.721, 42.524, 42.018, 41.426, 41.269, 41.671, 42.122, 42.308, 42.302, 42.341, 42.517, 42.687, 42.777, 42.835, 42.974, 43.124, 43.072, 42.97, 42.963, 42.859, 42.616, 42.529, 42.737, 42.97, 42.905, 42.86, 42.899, 42.715, 42.117, 41.221, 40.731, 39.989, 39.562, 40.336, 41.639, 42.224, 42.297, 43.233, 44.853, 45.95, 46.004, 45.5, 44.946, 44.201, 43.424, 42.991, 42.906, 42.85, 42.544, 42.308, 42.222, 41.962, 41.667, 41.531, 41.592, 41.707, 41.737, 41.683, 41.595, 41.522, 41.488, 41.491, 41.577, 41.858, 42.273, 42.451, 42.217, 42.11, 42.788, 43.75, 43.843, 43.507, 43.88, 44.358, 44.101, 43.95, 44.224, 44.399, 44.585, 45.369, 46.525, 46.623, 45.492, 44.028, 42.808, 41.922, 40.849, 40.111, 40.041, 40.323, 40.612, 40.763, 40.764, 40.811, 41.05, 41.325, 41.452, 41.428, 41.407, 41.361, 41.032, 40.748, 41.034, 41.535, 41.914, 42.203, 42.41, 42.504, 42.205, 41.51, 40.917, 40.726, 40.77, 40.39, 33.937], [31.737, 29.693, 27.159, 21.583, 13.815, 8.191, 4.823, 2.443, 0.0, 3.232, 7.925, 14.271, 20.504, 24.992, 27.051, 27.405, 27.613, 28.478, 29.477, 29.909, 29.786, 29.559, 29.613, 29.993, 30.531, 31.224, 32.13, 33.179, 33.977, 34.238, 34.241, 34.671, 36.177, 38.272, 39.901, 40.392, 40.249, 40.538, 41.789, 42.972, 43.151, 42.823, 42.654, 42.632, 42.431, 41.919, 41.316, 41.145, 41.543, 41.999, 42.191, 42.182, 42.214, 42.387, 42.558, 42.652, 42.711, 42.852, 43.006, 42.955, 42.85, 42.842, 42.739, 42.496, 42.409, 42.623, 42.867, 42.81, 42.764, 42.805, 42.635, 42.049, 41.153, 40.674, 39.93, 39.474, 40.218, 41.516, 42.095, 42.137, 43.045, 44.652, 45.749, 45.808, 45.306, 44.753, 44.007, 43.227, 42.79, 42.704, 42.65, 42.349, 42.127, 42.061, 41.808, 41.511, 41.373, 41.437, 41.558, 41.592, 41.542, 41.457, 41.386, 41.354, 41.36, 41.45, 41.737, 42.156, 42.336, 42.106, 42.014, 42.717, 43.691, 43.785, 43.442, 43.801, 44.269, 44.015, 43.872, 44.153, 44.34, 44.545, 45.345, 46.51, 46.616, 45.492, 44.028, 42.798, 41.901, 40.814, 40.049, 39.965, 40.248, 40.536, 40.684, 40.683, 40.725, 40.961, 41.235, 41.358, 41.331, 41.307, 41.26, 40.929, 40.642, 40.931, 41.44, 41.825, 42.122, 42.335, 42.429, 42.13, 41.434, 40.833, 40.631, 40.667, 40.273, 34.188], [32.419, 30.384, 27.893, 22.486, 14.911, 9.431, 6.583, 5.084, 3.232, 0.0, 5.319, 12.476, 19.354, 24.196, 26.375, 26.74, 26.953, 27.861, 28.91, 29.366, 29.246, 29.018, 29.081, 29.478, 30.036, 30.751, 31.683, 32.762, 33.588, 33.852, 33.831, 34.241, 35.756, 37.877, 39.539, 40.052, 39.924, 40.26, 41.574, 42.794, 42.981, 42.65, 42.483, 42.466, 42.265, 41.746, 41.135, 40.964, 41.368, 41.832, 42.03, 42.02, 42.047, 42.216, 42.389, 42.484, 42.541, 42.681, 42.837, 42.787, 42.68, 42.669, 42.564, 42.318, 42.231, 42.45, 42.696, 42.629, 42.569, 42.61, 42.451, 41.864, 40.956, 40.492, 39.755, 39.275, 40.008, 41.323, 41.902, 41.913, 42.798, 44.404, 45.506, 45.561, 45.042, 44.475, 43.726, 42.944, 42.503, 42.414, 42.359, 42.054, 41.832, 41.778, 41.539, 41.249, 41.109, 41.169, 41.293, 41.335, 41.292, 41.21, 41.14, 41.11, 41.119, 41.213, 41.502, 41.923, 42.105, 41.882, 41.81, 42.541, 43.535, 43.637, 43.288, 43.62, 44.074, 43.824, 43.689, 43.981, 44.189, 44.424, 45.238, 46.407, 46.518, 45.406, 43.947, 42.705, 41.792, 40.692, 39.91, 39.819, 40.101, 40.39, 40.543, 40.546, 40.584, 40.809, 41.067, 41.177, 41.143, 41.117, 41.067, 40.733, 40.447, 40.75, 41.276, 41.673, 41.969, 42.172, 42.257, 41.962, 41.268, 40.661, 40.451, 40.481, 40.076, 34.779], [33.272, 31.255, 28.8, 23.718, 16.93, 12.292, 10.038, 9.061, 7.925, 5.319, 0.0, 7.949, 16.012, 21.691, 24.225, 24.661, 24.887, 25.892, 27.071, 27.6, 27.49, 27.257, 27.341, 27.787, 28.405, 29.186, 30.208, 31.399, 32.318, 32.617, 32.588, 33.011, 34.593, 36.793, 38.537, 39.094, 38.983, 39.41, 40.889, 42.234, 42.46, 42.126, 41.949, 41.932, 41.743, 41.233, 40.63, 40.483, 40.919, 41.404, 41.611, 41.602, 41.63, 41.806, 41.989, 42.092, 42.154, 42.302, 42.471, 42.423, 42.304, 42.276, 42.155, 41.898, 41.81, 42.04, 42.305, 42.258, 42.208, 42.252, 42.095, 41.462, 40.463, 39.986, 39.253, 38.722, 39.431, 40.775, 41.371, 41.368, 42.274, 43.93, 45.056, 45.089, 44.516, 43.915, 43.151, 42.359, 41.905, 41.812, 41.751, 41.424, 41.178, 41.129, 40.911, 40.633, 40.489, 40.542, 40.67, 40.723, 40.687, 40.604, 40.53, 40.501, 40.519, 40.623, 40.921, 41.347, 41.535, 41.323, 41.279, 42.059, 43.097, 43.218, 42.865, 43.184, 43.64, 43.4, 43.288, 43.619, 43.876, 44.157, 45.005, 46.196, 46.317, 45.205, 43.728, 42.429, 41.446, 40.298, 39.488, 39.393, 39.677, 39.968, 40.13, 40.145, 40.195, 40.433, 40.692, 40.787, 40.741, 40.708, 40.647, 40.299, 40.013, 40.335, 40.885, 41.293, 41.573, 41.755, 41.837, 41.543, 40.827, 40.185, 39.954, 39.974, 39.549, 35.473], [34.411, 32.464, 30.085, 25.513, 20.158, 17.07, 15.624, 14.938, 14.271, 12.476, 7.949, 0.0, 9.238, 16.191, 19.437, 20.12, 20.414, 21.613, 23.081, 23.814, 23.79, 23.591, 23.738, 24.288, 25.018, 25.938, 27.167, 28.626, 29.771, 30.168, 30.153, 30.65, 32.421, 34.814, 36.709, 37.329, 37.246, 37.827, 39.595, 41.177, 41.51, 41.208, 41.021, 40.986, 40.827, 40.406, 39.912, 39.863, 40.356, 40.862, 41.079, 41.077, 41.113, 41.3, 41.494, 41.607, 41.681, 41.847, 42.029, 41.97, 41.818, 41.752, 41.605, 41.338, 41.244, 41.479, 41.783, 41.825, 41.829, 41.862, 41.68, 40.979, 39.868, 39.355, 38.636, 38.065, 38.741, 40.078, 40.671, 40.669, 41.659, 43.423, 44.586, 44.588, 43.948, 43.302, 42.526, 41.728, 41.262, 41.162, 41.1, 40.759, 40.493, 40.442, 40.23, 39.958, 39.812, 39.861, 39.99, 40.05, 40.017, 39.929, 39.848, 39.819, 39.849, 39.973, 40.292, 40.731, 40.921, 40.705, 40.676, 41.514, 42.61, 42.739, 42.372, 42.699, 43.175, 42.952, 42.877, 43.26, 43.57, 43.902, 44.791, 46.003, 46.134, 45.019, 43.524, 42.165, 41.094, 39.891, 39.057, 38.962, 39.262, 39.559, 39.719, 39.737, 39.804, 40.072, 40.338, 40.41, 40.34, 40.294, 40.221, 39.861, 39.575, 39.912, 40.466, 40.849, 41.071, 41.204, 41.284, 41.005, 40.27, 39.59, 39.339, 39.348, 38.904, 36.372], [35.804, 33.989, 31.788, 27.872, 23.962, 22.143, 21.34, 20.906, 20.504, 19.354, 16.012, 9.238, 0.0, 7.899, 12.089, 13.396, 14.025, 15.545, 17.437, 18.563, 18.839, 18.855, 19.183, 19.876, 20.708, 21.777, 23.278, 25.114, 26.597, 27.175, 27.229, 27.894, 30.003, 32.704, 34.825, 35.569, 35.555, 36.238, 38.193, 39.973, 40.456, 40.254, 40.098, 40.042, 39.928, 39.729, 39.575, 39.792, 40.369, 40.863, 41.071, 41.083, 41.139, 41.336, 41.523, 41.63, 41.709, 41.876, 42.043, 41.958, 41.778, 41.685, 41.526, 41.257, 41.149, 41.354, 41.672, 41.803, 41.85, 41.827, 41.597, 40.919, 39.876, 39.38, 38.676, 38.157, 38.828, 40.054, 40.538, 40.526, 41.626, 43.48, 44.642, 44.625, 43.943, 43.262, 42.513, 41.771, 41.328, 41.224, 41.17, 40.862, 40.604, 40.518, 40.282, 40.022, 39.895, 39.944, 40.06, 40.116, 40.092, 40.012, 39.931, 39.902, 39.94, 40.083, 40.416, 40.851, 41.021, 40.782, 40.744, 41.585, 42.684, 42.807, 42.461, 42.822, 43.298, 43.073, 42.996, 43.362, 43.658, 43.984, 44.837, 45.992, 46.12, 45.04, 43.6, 42.283, 41.234, 40.1, 39.344, 39.269, 39.567, 39.858, 39.999, 39.992, 40.039, 40.285, 40.522, 40.559, 40.47, 40.42, 40.357, 40.022, 39.747, 40.066, 40.563, 40.846, 40.959, 41.026, 41.121, 40.902, 40.221, 39.567, 39.326, 39.34, 38.916, 37.498], [37.003, 35.318, 33.316, 29.984, 27.027, 25.895, 25.467, 25.238, 24.992, 24.196, 21.691, 16.191, 7.899, 0.0, 4.899, 7.235, 8.814, 10.888, 13.158, 14.699, 15.427, 15.827, 16.401, 17.192, 18.033, 19.142, 20.788, 22.871, 24.622, 25.399, 25.59, 26.479, 28.897, 31.836, 34.157, 35.077, 35.183, 35.861, 37.761, 39.565, 40.142, 40.045, 39.942, 39.865, 39.756, 39.751, 39.99, 40.553, 41.239, 41.702, 41.883, 41.91, 41.995, 42.194, 42.358, 42.447, 42.521, 42.671, 42.804, 42.703, 42.522, 42.429, 42.268, 42.002, 41.874, 42.026, 42.312, 42.465, 42.499, 42.402, 42.137, 41.571, 40.721, 40.274, 39.587, 39.172, 39.845, 40.879, 41.193, 41.153, 42.27, 44.096, 45.212, 45.189, 44.496, 43.804, 43.129, 42.499, 42.113, 42.007, 41.958, 41.702, 41.455, 41.31, 41.049, 40.824, 40.736, 40.787, 40.885, 40.938, 40.929, 40.866, 40.791, 40.762, 40.802, 40.948, 41.268, 41.671, 41.81, 41.567, 41.51, 42.273, 43.301, 43.441, 43.186, 43.569, 43.997, 43.746, 43.623, 43.902, 44.112, 44.37, 45.117, 46.141, 46.235, 45.228, 43.951, 42.862, 42.014, 41.067, 40.458, 40.397, 40.66, 40.93, 41.041, 40.991, 40.983, 41.158, 41.345, 41.367, 41.281, 41.241, 41.205, 40.928, 40.68, 40.947, 41.334, 41.484, 41.483, 41.478, 41.581, 41.433, 40.864, 40.304, 40.108, 40.145, 39.778, 38.513], [37.534, 35.903, 34.004, 30.988, 28.474, 27.632, 27.372, 27.24, 27.051, 26.375, 24.225, 19.437, 12.089, 4.899, 0.0, 3.255, 6.082, 8.909, 11.5, 13.281, 14.281, 14.916, 15.602, 16.391, 17.184, 18.259, 19.917, 22.067, 23.931, 24.835, 25.154, 26.21, 28.776, 31.8, 34.211, 35.259, 35.482, 36.155, 37.959, 39.713, 40.311, 40.26, 40.181, 40.087, 39.949, 39.996, 40.417, 41.182, 41.953, 42.408, 42.574, 42.612, 42.718, 42.917, 43.064, 43.14, 43.212, 43.351, 43.463, 43.354, 43.179, 43.088, 42.926, 42.659, 42.518, 42.638, 42.902, 43.049, 43.047, 42.895, 42.615, 42.13, 41.382, 40.95, 40.272, 39.929, 40.599, 41.493, 41.702, 41.66, 42.752, 44.527, 45.61, 45.589, 44.893, 44.195, 43.571, 43.013, 42.665, 42.558, 42.511, 42.288, 42.051, 41.867, 41.583, 41.375, 41.312, 41.368, 41.459, 41.512, 41.513, 41.46, 41.389, 41.359, 41.397, 41.537, 41.841, 42.219, 42.342, 42.095, 42.01, 42.692, 43.656, 43.817, 43.635, 44.02, 44.411, 44.14, 43.978, 44.188, 44.323, 44.522, 45.197, 46.131, 46.186, 45.23, 44.108, 43.266, 42.624, 41.804, 41.273, 41.213, 41.451, 41.71, 41.802, 41.725, 41.678, 41.806, 41.967, 41.991, 41.915, 41.881, 41.861, 41.623, 41.393, 41.616, 41.924, 41.99, 41.91, 41.841, 41.929, 41.827, 41.349, 40.87, 40.714, 40.771, 40.443, 38.98], [37.558, 35.913, 34.019, 31.086, 28.696, 27.942, 27.723, 27.596, 27.405, 26.74, 24.661, 20.12, 13.396, 7.235, 3.255, 0.0, 3.531, 7.158, 10.277, 12.307, 13.414, 14.11, 14.825, 15.608, 16.378, 17.446, 19.129, 21.325, 23.247, 24.228, 24.648, 25.805, 28.441, 31.517, 33.997, 35.13, 35.43, 36.135, 37.937, 39.689, 40.286, 40.231, 40.149, 40.049, 39.892, 39.916, 40.339, 41.152, 41.976, 42.454, 42.625, 42.667, 42.779, 42.98, 43.124, 43.201, 43.278, 43.42, 43.527, 43.411, 43.229, 43.133, 42.968, 42.698, 42.552, 42.664, 42.928, 43.078, 43.068, 42.897, 42.601, 42.101, 41.317, 40.859, 40.19, 39.874, 40.555, 41.424, 41.613, 41.598, 42.719, 44.51, 45.604, 45.585, 44.879, 44.166, 43.532, 42.971, 42.623, 42.516, 42.47, 42.252, 42.017, 41.813, 41.502, 41.279, 41.217, 41.278, 41.373, 41.426, 41.429, 41.375, 41.302, 41.267, 41.301, 41.437, 41.74, 42.118, 42.241, 41.986, 41.881, 42.54, 43.491, 43.67, 43.532, 43.941, 44.33, 44.048, 43.875, 44.072, 44.188, 44.373, 45.046, 45.978, 46.025, 45.063, 43.961, 43.178, 42.591, 41.791, 41.269, 41.207, 41.446, 41.713, 41.812, 41.736, 41.683, 41.804, 41.964, 41.99, 41.915, 41.879, 41.859, 41.623, 41.388, 41.593, 41.885, 41.939, 41.841, 41.751, 41.831, 41.743, 41.286, 40.823, 40.673, 40.731, 40.399, 39.002], [37.676, 36.012, 34.116, 31.229, 28.905, 28.191, 27.964, 27.813, 27.613, 26.953, 24.887, 20.414, 14.025, 8.814, 6.082, 3.531, 0.0, 4.157, 7.872, 10.292, 11.587, 12.375, 13.174, 14.025, 14.827, 15.93, 17.68, 19.958, 21.952, 23.005, 23.518, 24.778, 27.506, 30.693, 33.315, 34.555, 34.907, 35.639, 37.487, 39.285, 39.893, 39.829, 39.745, 39.65, 39.495, 39.513, 39.929, 40.758, 41.624, 42.136, 42.325, 42.372, 42.487, 42.693, 42.844, 42.928, 43.013, 43.164, 43.278, 43.158, 42.965, 42.862, 42.696, 42.425, 42.277, 42.392, 42.663, 42.827, 42.837, 42.671, 42.361, 41.805, 40.945, 40.466, 39.814, 39.498, 40.181, 41.07, 41.276, 41.288, 42.468, 44.31, 45.428, 45.413, 44.709, 43.982, 43.309, 42.71, 42.346, 42.241, 42.194, 41.965, 41.73, 41.525, 41.189, 40.935, 40.857, 40.921, 41.023, 41.079, 41.076, 41.016, 40.935, 40.894, 40.924, 41.061, 41.372, 41.761, 41.892, 41.633, 41.521, 42.191, 43.164, 43.358, 43.238, 43.663, 44.056, 43.771, 43.601, 43.81, 43.941, 44.145, 44.848, 45.816, 45.877, 44.895, 43.735, 42.879, 42.244, 41.433, 40.918, 40.866, 41.119, 41.408, 41.532, 41.474, 41.432, 41.565, 41.732, 41.756, 41.674, 41.635, 41.612, 41.355, 41.095, 41.303, 41.622, 41.709, 41.632, 41.55, 41.628, 41.525, 41.047, 40.563, 40.4, 40.449, 40.097, 39.102], [38.095, 36.454, 34.614, 31.865, 29.695, 29.045, 28.817, 28.662, 28.478, 27.861, 25.892, 21.613, 15.545, 10.888, 8.909, 7.158, 4.157, 0.0, 4.084, 6.982, 8.72, 9.846, 10.898, 11.914, 12.788, 13.937, 15.753, 18.124, 20.212, 21.343, 21.956, 23.359, 26.228, 29.586, 32.428, 33.821, 34.211, 34.923, 36.788, 38.641, 39.274, 39.214, 39.141, 39.059, 38.917, 38.974, 39.467, 40.373, 41.289, 41.826, 42.03, 42.098, 42.235, 42.46, 42.618, 42.704, 42.794, 42.958, 43.084, 42.967, 42.772, 42.668, 42.503, 42.234, 42.086, 42.2, 42.466, 42.629, 42.644, 42.473, 42.152, 41.577, 40.708, 40.258, 39.626, 39.294, 39.953, 40.846, 41.07, 41.096, 42.303, 44.16, 45.282, 45.279, 44.593, 43.861, 43.158, 42.533, 42.16, 42.059, 42.012, 41.773, 41.538, 41.345, 41.001, 40.725, 40.631, 40.69, 40.797, 40.855, 40.851, 40.785, 40.699, 40.656, 40.687, 40.827, 41.142, 41.537, 41.674, 41.421, 41.306, 41.978, 42.967, 43.174, 43.053, 43.463, 43.848, 43.562, 43.392, 43.61, 43.766, 44.003, 44.724, 45.706, 45.787, 44.81, 43.615, 42.691, 42.006, 41.21, 40.732, 40.697, 40.958, 41.259, 41.403, 41.36, 41.327, 41.47, 41.64, 41.658, 41.57, 41.532, 41.51, 41.237, 40.955, 41.168, 41.518, 41.641, 41.587, 41.513, 41.579, 41.453, 40.957, 40.458, 40.283, 40.324, 39.966, 39.469], [38.541, 36.947, 35.183, 32.591, 30.58, 29.992, 29.778, 29.637, 29.477, 28.91, 27.071, 23.081, 17.437, 13.158, 11.5, 10.277, 7.872, 4.084, 0.0, 3.273, 5.635, 7.383, 8.892, 10.147, 11.086, 12.232, 14.046, 16.453, 18.6, 19.775, 20.451, 21.999, 25.041, 28.582, 31.633, 33.163, 33.572, 34.236, 36.091, 37.989, 38.649, 38.591, 38.528, 38.465, 38.339, 38.435, 39.028, 40.049, 41.027, 41.579, 41.789, 41.882, 42.062, 42.32, 42.488, 42.572, 42.662, 42.836, 42.975, 42.868, 42.681, 42.58, 42.414, 42.144, 41.995, 42.106, 42.36, 42.495, 42.481, 42.289, 41.969, 41.418, 40.593, 40.195, 39.581, 39.225, 39.853, 40.742, 40.996, 41.043, 42.251, 44.086, 45.193, 45.202, 44.539, 43.807, 43.089, 42.452, 42.076, 41.98, 41.933, 41.683, 41.445, 41.263, 40.925, 40.643, 40.539, 40.593, 40.698, 40.758, 40.756, 40.691, 40.607, 40.567, 40.602, 40.745, 41.06, 41.452, 41.591, 41.344, 41.225, 41.889, 42.883, 43.095, 42.961, 43.34, 43.717, 43.434, 43.256, 43.477, 43.667, 43.943, 44.666, 45.638, 45.731, 44.775, 43.584, 42.636, 41.931, 41.157, 40.714, 40.685, 40.937, 41.231, 41.376, 41.336, 41.301, 41.444, 41.612, 41.625, 41.531, 41.493, 41.474, 41.2, 40.913, 41.133, 41.499, 41.643, 41.606, 41.536, 41.596, 41.454, 40.95, 40.448, 40.267, 40.306, 39.951, 39.858], [38.736, 37.17, 35.441, 32.907, 30.952, 30.391, 30.187, 30.056, 29.909, 29.366, 27.6, 23.814, 18.563, 14.699, 13.281, 12.307, 10.292, 6.982, 3.273, 0.0, 2.798, 5.192, 7.286, 8.862, 9.885, 11.003, 12.778, 15.177, 17.327, 18.48, 19.154, 20.818, 24.046, 27.752, 30.938, 32.535, 32.941, 33.585, 35.465, 37.416, 38.093, 38.023, 37.963, 37.924, 37.816, 37.916, 38.54, 39.63, 40.665, 41.239, 41.452, 41.559, 41.776, 42.072, 42.26, 42.347, 42.435, 42.612, 42.76, 42.661, 42.481, 42.386, 42.22, 41.945, 41.795, 41.913, 42.166, 42.274, 42.224, 42.016, 41.712, 41.183, 40.369, 39.99, 39.382, 39.002, 39.605, 40.505, 40.806, 40.9, 42.13, 43.957, 45.052, 45.069, 44.422, 43.688, 42.949, 42.291, 41.906, 41.812, 41.765, 41.501, 41.255, 41.081, 40.746, 40.459, 40.35, 40.401, 40.505, 40.563, 40.562, 40.501, 40.422, 40.386, 40.424, 40.572, 40.892, 41.287, 41.422, 41.173, 41.058, 41.736, 42.743, 42.946, 42.778, 43.133, 43.515, 43.232, 43.048, 43.281, 43.506, 43.82, 44.554, 45.528, 45.625, 44.672, 43.478, 42.513, 41.787, 41.002, 40.547, 40.506, 40.745, 41.027, 41.168, 41.125, 41.087, 41.231, 41.403, 41.414, 41.315, 41.272, 41.252, 40.979, 40.695, 40.924, 41.305, 41.474, 41.458, 41.402, 41.469, 41.321, 40.802, 40.286, 40.098, 40.131, 39.769, 40.019], [38.711, 37.151, 35.412, 32.827, 30.824, 30.258, 30.06, 29.931, 29.786, 29.246, 27.49, 23.79, 18.839, 15.427, 14.281, 13.414, 11.587, 8.72, 5.635, 2.798, 0.0, 2.801, 5.471, 7.472, 8.719, 9.952, 11.805, 14.257, 16.403, 17.498, 18.141, 19.906, 23.302, 27.127, 30.358, 31.942, 32.323, 32.986, 34.939, 36.951, 37.637, 37.545, 37.477, 37.456, 37.364, 37.441, 38.023, 39.117, 40.189, 40.791, 41.011, 41.122, 41.356, 41.681, 41.896, 41.997, 42.088, 42.266, 42.417, 42.319, 42.139, 42.045, 41.879, 41.6, 41.449, 41.576, 41.838, 41.937, 41.875, 41.675, 41.391, 40.852, 39.995, 39.596, 38.986, 38.584, 39.176, 40.111, 40.467, 40.612, 41.887, 43.743, 44.847, 44.868, 44.225, 43.484, 42.719, 42.029, 41.628, 41.533, 41.484, 41.208, 40.953, 40.782, 40.444, 40.147, 40.033, 40.085, 40.189, 40.244, 40.239, 40.178, 40.103, 40.07, 40.111, 40.265, 40.596, 41.0, 41.132, 40.874, 40.77, 41.488, 42.525, 42.708, 42.494, 42.834, 43.226, 42.94, 42.756, 43.006, 43.259, 43.603, 44.367, 45.372, 45.472, 44.498, 43.271, 42.264, 41.503, 40.671, 40.168, 40.11, 40.349, 40.632, 40.78, 40.741, 40.705, 40.858, 41.039, 41.052, 40.947, 40.899, 40.875, 40.596, 40.31, 40.55, 40.955, 41.158, 41.169, 41.129, 41.207, 41.052, 40.505, 39.96, 39.758, 39.783, 39.398, 39.982], [38.626, 37.074, 35.32, 32.654, 30.58, 30.008, 29.82, 29.699, 29.559, 29.018, 27.257, 23.591, 18.855, 15.827, 14.916, 14.11, 12.375, 9.846, 7.383, 5.192, 2.801, 0.0, 3.014, 5.446, 7.132, 8.785, 10.98, 13.65, 15.864, 16.929, 17.566, 19.434, 22.948, 26.815, 30.003, 31.504, 31.83, 32.515, 34.543, 36.606, 37.295, 37.182, 37.098, 37.077, 36.985, 37.033, 37.567, 38.642, 39.733, 40.359, 40.588, 40.698, 40.938, 41.28, 41.52, 41.646, 41.754, 41.943, 42.096, 41.988, 41.795, 41.696, 41.527, 41.243, 41.088, 41.216, 41.478, 41.577, 41.53, 41.354, 41.079, 40.501, 39.58, 39.154, 38.541, 38.133, 38.753, 39.748, 40.146, 40.311, 41.629, 43.543, 44.681, 44.701, 44.044, 43.294, 42.512, 41.796, 41.381, 41.283, 41.235, 40.947, 40.685, 40.523, 40.187, 39.882, 39.762, 39.816, 39.923, 39.976, 39.965, 39.9, 39.822, 39.789, 39.828, 39.983, 40.325, 40.74, 40.871, 40.599, 40.496, 41.253, 42.328, 42.501, 42.245, 42.571, 42.972, 42.683, 42.498, 42.757, 43.023, 43.386, 44.191, 45.237, 45.341, 44.338, 43.061, 41.995, 41.194, 40.322, 39.777, 39.715, 39.97, 40.271, 40.435, 40.403, 40.371, 40.534, 40.723, 40.736, 40.629, 40.578, 40.552, 40.269, 39.978, 40.224, 40.648, 40.873, 40.893, 40.854, 40.933, 40.766, 40.193, 39.621, 39.404, 39.422, 39.015, 39.899], [38.612, 37.076, 35.328, 32.632, 30.55, 30.009, 29.848, 29.742, 29.613, 29.081, 27.341, 23.738, 19.183, 16.401, 15.602, 14.825, 13.174, 10.898, 8.892, 7.286, 5.471, 3.014, 0.0, 2.739, 5.012, 7.355, 10.117, 13.151, 15.533, 16.646, 17.328, 19.305, 22.897, 26.766, 29.887, 31.293, 31.556, 32.236, 34.295, 36.383, 37.072, 36.945, 36.845, 36.809, 36.699, 36.729, 37.249, 38.322, 39.425, 40.064, 40.296, 40.408, 40.652, 41.003, 41.257, 41.408, 41.549, 41.765, 41.925, 41.804, 41.594, 41.482, 41.306, 41.018, 40.858, 40.978, 41.226, 41.318, 41.287, 41.129, 40.841, 40.225, 39.266, 38.827, 38.213, 37.822, 38.505, 39.561, 39.974, 40.13, 41.475, 43.451, 44.625, 44.639, 43.959, 43.197, 42.408, 41.679, 41.256, 41.158, 41.11, 40.816, 40.56, 40.418, 40.094, 39.785, 39.66, 39.716, 39.827, 39.881, 39.865, 39.794, 39.713, 39.676, 39.711, 39.862, 40.205, 40.629, 40.762, 40.47, 40.352, 41.125, 42.228, 42.409, 42.134, 42.451, 42.861, 42.574, 42.382, 42.633, 42.9, 43.272, 44.103, 45.173, 45.281, 44.258, 42.939, 41.828, 41.004, 40.114, 39.551, 39.5, 39.778, 40.1, 40.274, 40.241, 40.205, 40.368, 40.558, 40.569, 40.46, 40.409, 40.386, 40.105, 39.814, 40.059, 40.482, 40.7, 40.703, 40.647, 40.717, 40.545, 39.962, 39.375, 39.149, 39.167, 38.751, 39.889], [38.737, 37.213, 35.481, 32.814, 30.797, 30.317, 30.193, 30.109, 29.993, 29.478, 27.787, 24.288, 19.876, 17.192, 16.391, 15.608, 14.025, 11.914, 10.147, 8.862, 7.472, 5.446, 2.739, 0.0, 2.691, 5.635, 8.926, 12.343, 14.957, 16.186, 16.955, 19.066, 22.77, 26.701, 29.847, 31.245, 31.494, 32.157, 34.201, 36.287, 36.979, 36.848, 36.74, 36.695, 36.574, 36.6, 37.132, 38.217, 39.327, 39.966, 40.196, 40.311, 40.561, 40.915, 41.171, 41.334, 41.504, 41.75, 41.923, 41.795, 41.573, 41.452, 41.273, 40.984, 40.824, 40.938, 41.17, 41.25, 41.223, 41.066, 40.766, 40.138, 39.175, 38.738, 38.128, 37.764, 38.49, 39.56, 39.96, 40.112, 41.47, 43.468, 44.651, 44.66, 43.968, 43.196, 42.396, 41.66, 41.237, 41.14, 41.091, 40.801, 40.562, 40.443, 40.126, 39.813, 39.685, 39.741, 39.854, 39.91, 39.895, 39.824, 39.742, 39.705, 39.738, 39.885, 40.224, 40.649, 40.779, 40.472, 40.335, 41.105, 42.216, 42.406, 42.141, 42.469, 42.891, 42.606, 42.403, 42.638, 42.895, 43.264, 44.092, 45.158, 45.264, 44.232, 42.903, 41.794, 40.985, 40.094, 39.524, 39.486, 39.782, 40.112, 40.28, 40.233, 40.187, 40.343, 40.527, 40.536, 40.427, 40.379, 40.359, 40.084, 39.793, 40.033, 40.444, 40.642, 40.62, 40.546, 40.613, 40.443, 39.862, 39.271, 39.045, 39.068, 38.655, 40.011], [38.992, 37.47, 35.74, 33.118, 31.194, 30.781, 30.697, 30.634, 30.531, 30.036, 28.405, 25.018, 20.708, 18.033, 17.184, 16.378, 14.827, 12.788, 11.086, 9.885, 8.719, 7.132, 5.012, 2.691, 0.0, 3.224, 6.909, 10.726, 13.642, 15.046, 15.956, 18.285, 22.221, 26.346, 29.657, 31.172, 31.487, 32.157, 34.176, 36.253, 36.947, 36.821, 36.722, 36.691, 36.585, 36.625, 37.166, 38.258, 39.367, 40.004, 40.231, 40.347, 40.602, 40.957, 41.211, 41.373, 41.552, 41.815, 41.999, 41.875, 41.653, 41.535, 41.362, 41.081, 40.928, 41.043, 41.269, 41.342, 41.315, 41.154, 40.85, 40.225, 39.272, 38.839, 38.242, 37.905, 38.632, 39.657, 40.025, 40.198, 41.574, 43.547, 44.703, 44.709, 44.029, 43.254, 42.438, 41.691, 41.27, 41.173, 41.123, 40.843, 40.625, 40.514, 40.187, 39.863, 39.733, 39.789, 39.899, 39.953, 39.943, 39.88, 39.804, 39.77, 39.806, 39.953, 40.29, 40.706, 40.824, 40.507, 40.364, 41.13, 42.231, 42.416, 42.173, 42.532, 42.967, 42.682, 42.468, 42.687, 42.929, 43.284, 44.089, 45.135, 45.23, 44.197, 42.881, 41.812, 41.048, 40.171, 39.602, 39.569, 39.869, 40.196, 40.352, 40.291, 40.237, 40.387, 40.566, 40.572, 40.464, 40.421, 40.407, 40.137, 39.845, 40.077, 40.48, 40.668, 40.637, 40.563, 40.637, 40.47, 39.887, 39.294, 39.07, 39.1, 38.69, 40.257], [39.412, 37.89, 36.154, 33.584, 31.757, 31.407, 31.356, 31.313, 31.224, 30.751, 29.186, 25.938, 21.777, 19.142, 18.259, 17.446, 15.93, 13.937, 12.232, 11.003, 9.952, 8.785, 7.355, 5.635, 3.224, 0.0, 3.927, 8.153, 11.462, 13.13, 14.298, 17.028, 21.372, 25.834, 29.418, 31.13, 31.561, 32.26, 34.259, 36.322, 37.015, 36.897, 36.821, 36.834, 36.772, 36.832, 37.366, 38.439, 39.533, 40.162, 40.389, 40.504, 40.758, 41.115, 41.366, 41.523, 41.699, 41.965, 42.155, 42.043, 41.835, 41.731, 41.575, 41.309, 41.166, 41.288, 41.513, 41.584, 41.562, 41.405, 41.098, 40.479, 39.535, 39.097, 38.512, 38.205, 38.91, 39.864, 40.192, 40.397, 41.795, 43.72, 44.829, 44.834, 44.183, 43.416, 42.587, 41.834, 41.419, 41.321, 41.267, 40.999, 40.798, 40.682, 40.333, 39.995, 39.865, 39.92, 40.022, 40.072, 40.069, 40.018, 39.954, 39.926, 39.966, 40.117, 40.45, 40.852, 40.951, 40.628, 40.492, 41.256, 42.335, 42.501, 42.278, 42.67, 43.118, 42.83, 42.602, 42.807, 43.032, 43.364, 44.131, 45.145, 45.224, 44.194, 42.904, 41.889, 41.182, 40.336, 39.788, 39.757, 40.049, 40.367, 40.516, 40.452, 40.396, 40.544, 40.718, 40.718, 40.61, 40.574, 40.572, 40.311, 40.018, 40.242, 40.644, 40.839, 40.815, 40.757, 40.845, 40.673, 40.076, 39.477, 39.256, 39.289, 38.88, 40.661], [40.05, 38.529, 36.798, 34.303, 32.583, 32.276, 32.238, 32.208, 32.13, 31.683, 30.208, 27.167, 23.278, 20.788, 19.917, 19.129, 17.68, 15.753, 14.046, 12.778, 11.805, 10.98, 10.117, 8.926, 6.909, 3.927, 0.0, 4.516, 8.267, 10.375, 12.084, 15.539, 20.517, 25.487, 29.438, 31.379, 31.927, 32.653, 34.633, 36.674, 37.361, 37.247, 37.202, 37.281, 37.277, 37.346, 37.839, 38.852, 39.902, 40.512, 40.734, 40.847, 41.096, 41.447, 41.692, 41.844, 42.014, 42.275, 42.468, 42.371, 42.189, 42.112, 41.98, 41.735, 41.605, 41.735, 41.965, 42.032, 42.015, 41.863, 41.556, 40.945, 40.008, 39.544, 38.958, 38.68, 39.363, 40.253, 40.536, 40.755, 42.172, 44.053, 45.117, 45.125, 44.508, 43.76, 42.932, 42.188, 41.786, 41.689, 41.631, 41.376, 41.19, 41.065, 40.699, 40.354, 40.227, 40.281, 40.373, 40.415, 40.417, 40.382, 40.33, 40.31, 40.354, 40.507, 40.833, 41.216, 41.299, 40.976, 40.853, 41.61, 42.658, 42.798, 42.58, 42.991, 43.451, 43.158, 42.909, 43.098, 43.309, 43.609, 44.315, 45.273, 45.327, 44.304, 43.048, 42.092, 41.447, 40.653, 40.159, 40.137, 40.41, 40.715, 40.866, 40.811, 40.76, 40.906, 41.075, 41.069, 40.959, 40.932, 40.945, 40.697, 40.405, 40.623, 41.029, 41.239, 41.23, 41.194, 41.297, 41.112, 40.495, 39.886, 39.665, 39.697, 39.293, 41.279], [40.846, 39.317, 37.605, 35.22, 33.613, 33.326, 33.278, 33.248, 33.179, 32.762, 31.399, 28.626, 25.114, 22.871, 22.067, 21.325, 19.958, 18.124, 16.453, 15.177, 14.257, 13.65, 13.151, 12.343, 10.726, 8.153, 4.516, 0.0, 4.111, 6.918, 9.678, 14.229, 19.945, 25.489, 29.842, 32.002, 32.64, 33.381, 35.346, 37.363, 38.034, 37.916, 37.901, 38.044, 38.084, 38.138, 38.553, 39.468, 40.447, 41.026, 41.239, 41.346, 41.585, 41.921, 42.156, 42.302, 42.469, 42.721, 42.91, 42.829, 42.676, 42.629, 42.525, 42.301, 42.184, 42.32, 42.555, 42.62, 42.604, 42.457, 42.147, 41.55, 40.623, 40.122, 39.514, 39.255, 39.942, 40.806, 41.05, 41.258, 42.68, 44.529, 45.568, 45.58, 44.991, 44.266, 43.458, 42.738, 42.355, 42.26, 42.2, 41.96, 41.787, 41.657, 41.287, 40.947, 40.828, 40.879, 40.96, 40.994, 41.0, 40.977, 40.937, 40.922, 40.968, 41.12, 41.437, 41.806, 41.882, 41.569, 41.458, 42.201, 43.211, 43.32, 43.089, 43.493, 43.959, 43.664, 43.389, 43.556, 43.76, 44.029, 44.661, 45.543, 45.563, 44.55, 43.333, 42.435, 41.852, 41.122, 40.7, 40.697, 40.951, 41.238, 41.391, 41.348, 41.302, 41.446, 41.61, 41.599, 41.489, 41.469, 41.494, 41.256, 40.969, 41.187, 41.603, 41.832, 41.843, 41.833, 41.949, 41.75, 41.117, 40.505, 40.283, 40.312, 39.917, 42.065], [41.477, 39.921, 38.228, 35.947, 34.427, 34.143, 34.076, 34.041, 33.977, 33.588, 32.318, 29.771, 26.597, 24.622, 23.931, 23.247, 21.952, 20.212, 18.6, 17.327, 16.403, 15.864, 15.533, 14.957, 13.642, 11.462, 8.267, 4.111, 0.0, 3.509, 7.578, 13.26, 19.584, 25.538, 30.169, 32.473, 33.165, 33.919, 35.895, 37.91, 38.568, 38.44, 38.442, 38.631, 38.7, 38.731, 39.065, 39.884, 40.805, 41.362, 41.571, 41.676, 41.909, 42.236, 42.463, 42.607, 42.771, 43.016, 43.201, 43.13, 42.996, 42.971, 42.887, 42.678, 42.572, 42.713, 42.953, 43.01, 42.987, 42.85, 42.543, 41.954, 41.041, 40.525, 39.891, 39.632, 40.334, 41.214, 41.455, 41.659, 43.072, 44.897, 45.926, 45.945, 45.376, 44.668, 43.871, 43.163, 42.791, 42.698, 42.641, 42.412, 42.247, 42.114, 41.744, 41.405, 41.286, 41.334, 41.41, 41.441, 41.448, 41.43, 41.397, 41.388, 41.436, 41.589, 41.901, 42.264, 42.342, 42.042, 41.945, 42.677, 43.649, 43.718, 43.46, 43.853, 44.319, 44.022, 43.728, 43.877, 44.078, 44.336, 44.926, 45.756, 45.747, 44.737, 43.551, 42.696, 42.154, 41.46, 41.079, 41.091, 41.338, 41.612, 41.761, 41.717, 41.666, 41.805, 41.966, 41.952, 41.842, 41.827, 41.856, 41.622, 41.343, 41.575, 42.011, 42.266, 42.302, 42.318, 42.448, 42.245, 41.605, 40.992, 40.769, 40.794, 40.402, 42.711], [41.728, 40.123, 38.437, 36.216, 34.739, 34.441, 34.35, 34.305, 34.238, 33.852, 32.617, 30.168, 27.175, 25.399, 24.835, 24.228, 23.005, 21.343, 19.775, 18.48, 17.498, 16.929, 16.646, 16.186, 15.046, 13.13, 10.375, 6.918, 3.509, 0.0, 4.878, 11.566, 18.626, 25.01, 29.846, 32.231, 32.944, 33.722, 35.749, 37.809, 38.476, 38.34, 38.355, 38.586, 38.69, 38.715, 39.005, 39.787, 40.703, 41.267, 41.481, 41.591, 41.831, 42.167, 42.401, 42.543, 42.701, 42.945, 43.135, 43.074, 42.951, 42.937, 42.858, 42.651, 42.554, 42.714, 42.967, 43.001, 42.945, 42.807, 42.517, 41.934, 41.034, 40.537, 39.878, 39.576, 40.27, 41.189, 41.467, 41.684, 43.086, 44.897, 45.927, 45.963, 45.41, 44.698, 43.879, 43.152, 42.776, 42.685, 42.631, 42.405, 42.239, 42.099, 41.714, 41.362, 41.235, 41.281, 41.358, 41.39, 41.397, 41.384, 41.356, 41.352, 41.406, 41.565, 41.883, 42.247, 42.323, 42.029, 41.95, 42.688, 43.633, 43.654, 43.366, 43.771, 44.241, 43.933, 43.637, 43.788, 43.99, 44.25, 44.847, 45.68, 45.653, 44.628, 43.454, 42.624, 42.086, 41.369, 40.96, 40.971, 41.229, 41.505, 41.647, 41.587, 41.521, 41.653, 41.81, 41.791, 41.676, 41.659, 41.689, 41.455, 41.186, 41.444, 41.913, 42.199, 42.266, 42.313, 42.466, 42.273, 41.626, 41.001, 40.772, 40.791, 40.386, 43.006], [41.9, 40.211, 38.517, 36.351, 34.925, 34.602, 34.441, 34.34, 34.241, 33.831, 32.588, 30.153, 27.229, 25.59, 25.154, 24.648, 23.518, 21.956, 20.451, 19.154, 18.141, 17.566, 17.328, 16.955, 15.956, 14.298, 12.084, 9.678, 7.578, 4.878, 0.0, 7.528, 15.829, 23.235, 28.661, 31.261, 31.998, 32.804, 34.929, 37.083, 37.784, 37.653, 37.696, 37.981, 38.132, 38.176, 38.475, 39.288, 40.255, 40.855, 41.079, 41.192, 41.446, 41.805, 42.052, 42.19, 42.339, 42.587, 42.798, 42.758, 42.655, 42.65, 42.561, 42.333, 42.245, 42.464, 42.781, 42.812, 42.682, 42.514, 42.273, 41.731, 40.836, 40.353, 39.651, 39.247, 39.88, 40.826, 41.157, 41.393, 42.778, 44.591, 45.638, 45.697, 45.156, 44.42, 43.547, 42.783, 42.393, 42.306, 42.256, 42.025, 41.848, 41.688, 41.277, 40.905, 40.771, 40.82, 40.904, 40.943, 40.957, 40.949, 40.93, 40.933, 40.995, 41.164, 41.492, 41.862, 41.939, 41.65, 41.587, 42.334, 43.265, 43.25, 42.951, 43.394, 43.873, 43.55, 43.263, 43.437, 43.639, 43.893, 44.514, 45.392, 45.367, 44.306, 43.115, 42.282, 41.712, 40.926, 40.443, 40.447, 40.736, 41.029, 41.171, 41.102, 41.029, 41.162, 41.316, 41.289, 41.166, 41.14, 41.161, 40.922, 40.66, 40.946, 41.453, 41.78, 41.889, 41.98, 42.166, 41.99, 41.322, 40.663, 40.416, 40.421, 39.99, 43.23], [42.411, 40.672, 38.991, 36.943, 35.663, 35.357, 35.074, 34.839, 34.671, 34.241, 33.011, 30.65, 27.894, 26.479, 26.21, 25.805, 24.778, 23.359, 21.999, 20.818, 19.906, 19.434, 19.305, 19.066, 18.285, 17.028, 15.539, 14.229, 13.26, 11.566, 7.528, 0.0, 9.591, 18.849, 25.811, 29.224, 30.191, 31.033, 33.29, 35.626, 36.418, 36.325, 36.423, 36.793, 37.021, 37.119, 37.475, 38.374, 39.436, 40.094, 40.335, 40.45, 40.717, 41.099, 41.356, 41.482, 41.617, 41.881, 42.134, 42.141, 42.084, 42.113, 42.019, 41.755, 41.674, 42.017, 42.522, 42.663, 42.493, 42.291, 42.118, 41.647, 40.747, 40.26, 39.539, 39.013, 39.454, 40.317, 40.689, 40.995, 42.337, 44.064, 45.073, 45.145, 44.629, 43.86, 42.901, 42.088, 41.688, 41.606, 41.559, 41.319, 41.13, 40.949, 40.501, 40.1, 39.959, 40.018, 40.122, 40.183, 40.215, 40.223, 40.218, 40.236, 40.314, 40.497, 40.837, 41.217, 41.307, 41.043, 41.012, 41.765, 42.667, 42.624, 42.344, 42.851, 43.37, 43.062, 42.797, 42.994, 43.196, 43.433, 44.073, 45.011, 45.019, 43.933, 42.707, 41.854, 41.255, 40.395, 39.833, 39.84, 40.165, 40.479, 40.636, 40.588, 40.536, 40.684, 40.839, 40.803, 40.669, 40.631, 40.64, 40.384, 40.117, 40.429, 40.974, 41.341, 41.507, 41.664, 41.879, 41.701, 40.984, 40.26, 39.972, 39.955, 39.498, 43.682], [43.308, 41.724, 40.158, 38.295, 37.234, 37.046, 36.73, 36.398, 36.177, 35.756, 34.593, 32.421, 30.003, 28.897, 28.776, 28.441, 27.506, 26.228, 25.041, 24.046, 23.302, 22.948, 22.897, 22.77, 22.221, 21.372, 20.517, 19.945, 19.584, 18.626, 15.82