[[0.0, 12.417, 18.714, 23.299, 29.103, 30.784, 32.307, 37.101, 41.079, 42.202, 42.03, 41.988, 41.808, 42.258, 43.764, 45.909, 47.461, 47.006, 47.031, 48.31, 49.397, 52.182, 56.058, 55.425, 53.15, 50.924, 51.362, 50.483, 44.557, 38.753, 38.206, 38.213, 38.906, 39.553, 39.156, 39.822, 39.896, 39.464, 39.401, 40.141, 40.707, 40.344, 39.944, 39.946, 39.827, 39.478, 38.912, 38.801, 38.496, 38.004, 38.375, 38.589, 16.909], [12.417, 0.0, 10.181, 19.283, 26.282, 27.888, 30.233, 36.107, 40.505, 41.809, 41.706, 41.655, 41.524, 42.02, 43.521, 45.627, 47.144, 46.701, 46.894, 48.284, 49.425, 52.343, 55.766, 55.223, 53.278, 51.074, 51.211, 50.615, 46.031, 42.028, 41.651, 41.731, 42.277, 42.82, 42.57, 42.698, 42.555, 42.307, 42.314, 42.991, 43.475, 43.173, 42.891, 42.952, 42.917, 42.564, 42.093, 42.187, 41.864, 41.203, 41.375, 41.61, 25.278], [18.714, 10.181, 0.0, 14.571, 23.683, 25.302, 27.347, 33.767, 38.751, 40.305, 40.289, 40.243, 40.129, 40.695, 42.332, 44.619, 46.243, 45.818, 46.162, 47.712, 48.945, 52.162, 55.815, 55.39, 53.516, 51.291, 51.366, 50.822, 46.6, 43.011, 42.726, 42.807, 43.249, 43.738, 43.52, 43.507, 43.313, 43.127, 43.172, 43.843, 44.271, 43.952, 43.71, 43.768, 43.744, 43.405, 42.961, 43.102, 42.769, 42.061, 42.193, 42.426, 29.148], [23.299, 19.283, 14.571, 0.0, 12.974, 16.9, 19.194, 27.417, 34.047, 36.129, 36.132, 36.075, 35.918, 36.437, 38.277, 40.975, 42.799, 42.472, 43.292, 45.199, 46.598, 50.765, 55.437, 55.016, 53.282, 51.576, 51.922, 51.271, 46.529, 42.603, 42.355, 42.44, 42.951, 43.491, 43.198, 43.348, 43.256, 43.019, 43.008, 43.64, 44.027, 43.65, 43.373, 43.424, 43.379, 43.05, 42.553, 42.6, 42.311, 41.521, 41.493, 41.695, 32.086], [29.103, 26.282, 23.683, 12.974, 0.0, 8.211, 15.026, 24.825, 31.977, 34.248, 34.271, 34.225, 34.032, 34.585, 36.57, 39.275, 41.058, 40.857, 41.897, 43.928, 45.303, 49.696, 54.744, 54.212, 52.875, 52.109, 52.636, 51.85, 47.376, 44.092, 44.008, 44.236, 44.834, 45.325, 45.069, 45.159, 45.055, 44.839, 44.8, 45.332, 45.639, 45.275, 44.996, 45.044, 44.999, 44.661, 44.234, 44.277, 44.036, 43.33, 43.214, 43.42, 35.833], [30.784, 27.888, 25.302, 16.9, 8.211, 0.0, 11.749, 24.212, 31.816, 34.072, 34.075, 34.052, 33.865, 34.516, 36.55, 39.122, 40.793, 40.53, 41.462, 43.452, 44.763, 49.157, 54.387, 53.929, 52.614, 51.948, 52.607, 51.889, 47.46, 44.07, 44.024, 44.322, 44.92, 45.388, 45.131, 45.205, 45.114, 44.891, 44.852, 45.424, 45.735, 45.352, 45.074, 45.122, 45.057, 44.729, 44.331, 44.381, 44.143, 43.492, 43.43, 43.649, 36.864], [32.307, 30.233, 27.347, 19.194, 15.026, 11.749, 0.0, 15.855, 26.01, 29.099, 29.182, 29.195, 29.087, 29.834, 32.094, 34.925, 36.706, 36.336, 37.288, 39.539, 40.874, 45.794, 52.31, 52.25, 50.978, 50.381, 51.419, 51.15, 46.839, 43.132, 42.929, 43.141, 43.702, 44.176, 43.897, 44.141, 44.099, 43.841, 43.769, 44.331, 44.626, 44.208, 43.903, 43.95, 43.883, 43.595, 43.183, 43.203, 42.973, 42.471, 42.532, 42.713, 37.452], [37.101, 36.107, 33.767, 27.417, 24.825, 24.212, 15.855, 0.0, 12.844, 17.655, 18.269, 18.407, 18.539, 19.439, 22.069, 25.427, 27.593, 27.183, 28.236, 31.166, 32.522, 38.15, 46.679, 47.246, 46.512, 46.675, 48.163, 48.797, 46.364, 44.294, 44.173, 44.295, 44.64, 44.998, 44.834, 45.151, 45.125, 44.915, 44.763, 45.176, 45.387, 44.978, 44.668, 44.72, 44.72, 44.483, 44.163, 44.202, 43.957, 43.655, 43.804, 43.872, 40.667], [41.079, 40.505, 38.751, 34.047, 31.977, 31.816, 26.01, 12.844, 0.0, 6.375, 8.16, 8.599, 9.187, 10.566, 13.843, 17.783, 20.409, 20.048, 20.995, 24.515, 25.776, 31.514, 41.286, 42.206, 42.02, 43.126, 44.962, 46.138, 45.837, 45.963, 46.255, 46.396, 46.531, 46.786, 46.775, 47.01, 46.949, 46.809, 46.616, 46.932, 47.112, 46.763, 46.474, 46.518, 46.57, 46.361, 46.11, 46.194, 45.949, 45.691, 45.837, 45.869, 43.713], [42.202, 41.809, 40.305, 36.129, 34.248, 34.072, 29.099, 17.655, 6.375, 0.0, 2.947, 4.203, 5.295, 7.338, 11.316, 15.538, 18.285, 17.969, 18.82, 22.451, 23.601, 29.103, 39.123, 40.014, 39.947, 41.547, 43.683, 44.804, 45.03, 46.149, 46.808, 47.022, 47.104, 47.328, 47.362, 47.569, 47.541, 47.425, 47.213, 47.495, 47.654, 47.324, 47.045, 47.077, 47.123, 46.914, 46.672, 46.761, 46.527, 46.243, 46.372, 46.426, 44.609], [42.03, 41.706, 40.289, 36.132, 34.271, 34.075, 29.182, 18.269, 8.16, 2.947, 0.0, 2.237, 4.001, 6.45, 10.86, 15.268, 18.06, 17.726, 18.607, 22.264, 23.376, 28.806, 38.799, 39.62, 39.479, 41.094, 43.348, 44.494, 44.623, 45.765, 46.511, 46.765, 46.87, 47.105, 47.131, 47.363, 47.364, 47.235, 47.016, 47.305, 47.462, 47.124, 46.849, 46.883, 46.917, 46.702, 46.441, 46.508, 46.278, 45.99, 46.118, 46.176, 44.456], [41.988, 41.655, 40.243, 36.075, 34.225, 34.052, 29.195, 18.407, 8.599, 4.203, 2.237, 0.0, 2.51, 5.66, 10.439, 15.095, 18.033, 17.748, 18.69, 22.419, 23.576, 28.997, 38.938, 39.723, 39.572, 41.138, 43.361, 44.548, 44.702, 45.816, 46.55, 46.792, 46.919, 47.162, 47.177, 47.397, 47.384, 47.25, 47.031, 47.323, 47.486, 47.149, 46.875, 46.912, 46.945, 46.728, 46.455, 46.516, 46.282, 45.993, 46.114, 46.171, 44.434], [41.808, 41.524, 40.129, 35.918, 34.032, 33.865, 29.087, 18.539, 9.187, 5.295, 4.001, 2.51, 0.0, 4.049, 9.565, 14.635, 17.788, 17.571, 18.52, 22.33, 23.594, 28.988, 38.85, 39.582, 39.46, 41.076, 43.317, 44.499, 44.593, 45.65, 46.402, 46.636, 46.762, 47.005, 47.006, 47.242, 47.235, 47.086, 46.864, 47.162, 47.326, 46.984, 46.705, 46.741, 46.773, 46.561, 46.281, 46.334, 46.098, 45.799, 45.918, 45.976, 44.276], [42.258, 42.02, 40.695, 36.437, 34.585, 34.516, 29.834, 19.439, 10.566, 7.338, 6.45, 5.66, 4.049, 0.0, 6.423, 12.55, 16.217, 16.05, 17.207, 21.419, 22.813, 28.351, 38.212, 38.908, 38.937, 40.681, 42.989, 44.292, 44.594, 45.802, 46.584, 46.832, 46.928, 47.149, 47.16, 47.402, 47.407, 47.262, 47.034, 47.325, 47.482, 47.131, 46.842, 46.875, 46.92, 46.725, 46.443, 46.485, 46.248, 45.954, 46.076, 46.123, 44.742], [43.764, 43.521, 42.332, 38.277, 36.57, 36.55, 32.094, 22.069, 13.843, 11.316, 10.86, 10.439, 9.565, 6.423, 0.0, 7.463, 12.277, 12.456, 14.491, 19.447, 20.93, 27.0, 37.06, 37.811, 38.19, 40.203, 42.642, 44.13, 44.914, 46.55, 47.379, 47.627, 47.656, 47.823, 47.863, 48.057, 48.043, 47.931, 47.696, 47.951, 48.095, 47.758, 47.473, 47.512, 47.58, 47.396, 47.119, 47.173, 46.939, 46.655, 46.766, 46.792, 46.167], [45.909, 45.627, 44.619, 40.975, 39.275, 39.122, 34.925, 25.427, 17.783, 15.538, 15.268, 15.095, 14.635, 12.55, 7.463, 0.0, 5.987, 7.337, 10.777, 16.065, 17.483, 24.69, 35.427, 36.349, 37.178, 39.705, 42.345, 43.979, 45.355, 47.639, 48.54, 48.807, 48.779, 48.875, 48.956, 49.078, 49.05, 48.985, 48.742, 48.954, 49.079, 48.771, 48.506, 48.551, 48.639, 48.463, 48.187, 48.262, 48.027, 47.7, 47.76, 47.771, 48.03], [47.461, 47.144, 46.243, 42.799, 41.058, 40.793, 36.706, 27.593, 20.409, 18.285, 18.06, 18.033, 17.788, 16.217, 12.277, 5.987, 0.0, 3.81, 9.213, 14.088, 15.168, 23.38, 34.7, 35.751, 36.881, 39.764, 42.479, 44.205, 45.936, 48.611, 49.531, 49.822, 49.78, 49.831, 49.97, 50.028, 49.986, 49.967, 49.727, 49.903, 50.002, 49.709, 49.46, 49.506, 49.611, 49.443, 49.175, 49.268, 49.031, 48.661, 48.671, 48.673, 49.34], [47.006, 46.701, 45.818, 42.472, 40.857, 40.53, 36.336, 27.183, 20.048, 17.969, 17.726, 17.748, 17.571, 16.05, 12.456, 7.337, 3.81, 0.0, 7.277, 13.216, 14.344, 22.811, 34.463, 35.569, 36.504, 39.211, 42.0, 43.823, 45.465, 48.017, 48.948, 49.257, 49.237, 49.298, 49.442, 49.522, 49.5, 49.477, 49.234, 49.44, 49.568, 49.267, 49.013, 49.057, 49.148, 48.986, 48.721, 48.807, 48.559, 48.216, 48.271, 48.268, 48.933], [47.031, 46.894, 46.162, 43.292, 41.897, 41.462, 37.288, 28.236, 20.995, 18.82, 18.607, 18.69, 18.52, 17.207, 14.491, 10.777, 9.213, 7.277, 0.0, 7.638, 10.083, 19.677, 32.153, 33.411, 34.208, 37.2, 40.395, 42.352, 44.333, 47.404, 48.51, 48.865, 48.843, 48.885, 49.048, 49.174, 49.183, 49.142, 48.867, 49.105, 49.308, 49.021, 48.737, 48.747, 48.837, 48.725, 48.476, 48.544, 48.297, 47.982, 48.082, 48.093, 48.788], [48.31, 48.284, 47.712, 45.199, 43.928, 43.452, 39.539, 31.166, 24.515, 22.451, 22.264, 22.419, 22.33, 21.419, 19.447, 16.065, 14.088, 13.216, 7.638, 0.0, 5.798, 18.11, 30.765, 32.112, 33.101, 36.535, 39.992, 41.992, 44.452, 48.174, 49.393, 49.752, 49.699, 49.695, 49.91, 50.005, 49.99, 49.972, 49.698, 49.913, 50.124, 49.862, 49.577, 49.568, 49.706, 49.659, 49.423, 49.503, 49.271, 48.906, 48.943, 48.963, 49.768], [49.397, 49.425, 48.945, 46.598, 45.303, 44.763, 40.874, 32.522, 25.776, 23.601, 23.376, 23.576, 23.594, 22.813, 20.93, 17.483, 15.168, 14.344, 10.083, 5.798, 0.0, 14.969, 28.993, 30.513, 31.734, 35.577, 39.225, 41.502, 44.561, 48.808, 50.115, 50.493, 50.431, 50.367, 50.616, 50.672, 50.642, 50.665, 50.422, 50.624, 50.783, 50.519, 50.266, 50.275, 50.443, 50.392, 50.185, 50.301, 50.096, 49.752, 49.764, 49.787, 50.501], [52.182, 52.343, 52.162, 50.765, 49.696, 49.157, 45.794, 38.15, 31.514, 29.103, 28.806, 28.997, 28.988, 28.351, 27.0, 24.69, 23.38, 22.811, 19.677, 18.11, 14.969, 0.0, 17.137, 19.873, 22.772, 29.9, 34.991, 38.169, 43.553, 50.166, 52.018, 52.497, 52.342, 52.153, 52.495, 52.372, 52.304, 52.38, 52.133, 52.271, 52.376, 52.176, 52.001, 52.059, 52.288, 52.266, 52.126, 52.295, 52.181, 51.952, 51.947, 51.996, 52.575], [56.058, 55.766, 55.815, 55.437, 54.744, 54.387, 52.31, 46.679, 41.286, 39.123, 38.799, 38.938, 38.85, 38.212, 37.06, 35.427, 34.7, 34.463, 32.153, 30.765, 28.993, 17.137, 0.0, 7.035, 15.931, 26.897, 32.867, 36.664, 44.45, 53.399, 55.731, 56.311, 56.082, 55.83, 56.304, 55.865, 55.689, 55.867, 55.671, 55.774, 55.863, 55.739, 55.686, 55.8, 56.081, 56.123, 55.993, 56.169, 56.122, 55.793, 55.626, 55.694, 56.223], [55.425, 55.223, 55.39, 55.016, 54.212, 53.929, 52.25, 47.246, 42.206, 40.014, 39.62, 39.723, 39.582, 38.908, 37.811, 36.349, 35.751, 35.569, 33.411, 32.112, 30.513, 19.873, 7.035, 0.0, 12.706, 26.0, 32.176, 34.966, 42.573, 52.263, 54.946, 55.585, 55.406, 55.141, 55.613, 55.199, 55.028, 55.213, 55.05, 55.15, 55.204, 55.065, 55.019, 55.132, 55.413, 55.481, 55.308, 55.451, 55.434, 55.083, 54.899, 54.971, 55.634], [53.15, 53.278, 53.516, 53.282, 52.875, 52.614, 50.978, 46.512, 42.02, 39.947, 39.479, 39.572, 39.46, 38.937, 38.19, 37.178, 36.881, 36.504, 34.208, 33.101, 31.734, 22.772, 15.931, 12.706, 0.0, 17.377, 26.396, 29.123, 37.434, 48.701, 51.838, 52.493, 52.467, 52.297, 52.718, 52.381, 52.278, 52.465, 52.251, 52.365, 52.451, 52.25, 52.178, 52.305, 52.571, 52.695, 52.577, 52.617, 52.609, 52.459, 52.463, 52.522, 53.445], [50.924, 51.074, 51.291, 51.576, 52.109, 51.948, 50.381, 46.675, 43.126, 41.547, 41.094, 41.138, 41.076, 40.681, 40.203, 39.705, 39.764, 39.211, 37.2, 36.535, 35.577, 29.9, 26.897, 26.0, 17.377, 0.0, 13.632, 21.55, 32.76, 45.224, 48.645, 49.466, 49.722, 49.745, 50.186, 49.919, 49.887, 50.118, 49.767, 49.882, 50.034, 49.755, 49.683, 49.855, 50.138, 50.275, 50.256, 50.283, 50.261, 50.278, 50.451, 50.512, 51.383], [51.362, 51.211, 51.366, 51.922, 52.636, 52.607, 51.419, 48.163, 44.962, 43.683, 43.348, 43.361, 43.317, 42.989, 42.642, 42.345, 42.479, 42.0, 40.395, 39.992, 39.225, 34.991, 32.867, 32.176, 26.396, 13.632, 0.0, 15.705, 31.845, 45.584, 49.028, 49.998, 50.341, 50.358, 51.006, 50.722, 50.625, 50.958, 50.595, 50.661, 50.755, 50.447, 50.437, 50.634, 50.983, 51.087, 51.134, 51.316, 51.318, 51.323, 51.456, 51.507, 51.814], [50.483, 50.615, 50.822, 51.271, 51.85, 51.889, 51.15, 48.797, 46.138, 44.804, 44.494, 44.548, 44.499, 44.292, 44.13, 43.979, 44.205, 43.823, 42.352, 41.992, 41.502, 38.169, 36.664, 34.966, 29.123, 21.55, 15.705, 0.0, 22.239, 41.955, 47.258, 48.465, 48.952, 49.026, 49.754, 49.456, 49.476, 49.891, 49.541, 49.584, 49.561, 49.152, 49.205, 49.465, 49.817, 49.941, 50.002, 50.221, 50.296, 50.343, 50.522, 50.614, 50.861], [44.557, 46.031, 46.6, 46.529, 47.376, 47.46, 46.839, 46.364, 45.837, 45.03, 44.623, 44.702, 44.593, 44.594, 44.914, 45.355, 45.936, 45.465, 44.333, 44.452, 44.561, 43.553, 44.45, 42.573, 37.434, 32.76, 31.845, 22.239, 0.0, 26.85, 36.628, 38.53, 39.744, 40.377, 40.874, 41.071, 41.635, 41.931, 41.558, 41.866, 41.928, 41.385, 41.489, 41.962, 42.222, 42.391, 42.359, 42.429, 42.64, 42.977, 43.499, 43.698, 45.04], [38.753, 42.028, 43.011, 42.603, 44.092, 44.07, 43.132, 44.294, 45.963, 46.149, 45.765, 45.816, 45.65, 45.802, 46.55, 47.639, 48.611, 48.017, 47.404, 48.174, 48.808, 50.166, 53.399, 52.263, 48.701, 45.224, 45.584, 41.955, 26.85, 0.0, 17.202, 21.754, 24.909, 27.14, 27.991, 30.287, 31.83, 31.735, 31.567, 32.569, 33.171, 32.841, 33.126, 33.897, 33.943, 34.069, 33.845, 33.824, 34.024, 34.739, 35.905, 36.247, 39.318], [38.206, 41.651, 42.726, 42.355, 44.008, 44.024, 42.929, 44.173, 46.255, 46.808, 46.511, 46.55, 46.402, 46.584, 47.379, 48.54, 49.531, 48.948, 48.51, 49.393, 50.115, 52.018, 55.731, 54.946, 51.838, 48.645, 49.028, 47.258, 36.628, 17.202, 0.0, 10.341, 17.417, 20.597, 23.04, 26.968, 29.074, 29.038, 29.227, 30.672, 31.639, 31.736, 32.209, 32.995, 33.072, 33.165, 32.987, 33.102, 33.316, 34.062, 35.308, 35.681, 38.705], [38.213, 41.731, 42.807, 42.44, 44.236, 44.322, 43.141, 44.295, 46.396, 47.022, 46.765, 46.792, 46.636, 46.832, 47.627, 48.807, 49.822, 49.257, 48.865, 49.752, 50.493, 52.497, 56.311, 55.585, 52.493, 49.466, 49.998, 48.465, 38.53, 21.754, 10.341, 0.0, 11.633, 16.561, 19.304, 24.071, 26.606, 26.68, 27.142, 28.873, 30.031, 30.332, 30.974, 31.907, 32.059, 32.173, 31.998, 32.222, 32.53, 33.324, 34.609, 35.007, 38.785], [38.906, 42.277, 43.249, 42.951, 44.834, 44.92, 43.702, 44.64, 46.531, 47.104, 46.87, 46.919, 46.762, 46.928, 47.656, 48.779, 49.78, 49.237, 48.843, 49.699, 50.431, 52.342, 56.082, 55.406, 52.467, 49.722, 50.341, 48.952, 39.744, 24.909, 17.417, 11.633, 0.0, 8.898, 14.222, 20.727, 24.073, 24.282, 25.199, 27.439, 28.77, 29.119, 29.849, 30.836, 31.086, 31.313, 31.203, 31.625, 32.04, 32.992, 34.496, 34.854, 39.481], [39.553, 42.82, 43.738, 43.491, 45.325, 45.388, 44.176, 44.998, 46.786, 47.328, 47.105, 47.162, 47.005, 47.149, 47.823, 48.875, 49.831, 49.298, 48.885, 49.695, 50.367, 52.153, 55.83, 55.141, 52.297, 49.745, 50.358, 49.026, 40.377, 27.14, 20.597, 16.561, 8.898, 0.0, 10.835, 19.556, 23.087, 23.298, 24.578, 27.162, 28.562, 28.873, 29.656, 30.666, 31.016, 31.348, 31.397, 31.914, 32.342, 33.391, 34.963, 35.328, 40.015], [39.156, 42.57, 43.52, 43.198, 45.069, 45.131, 43.897, 44.834, 46.775, 47.362, 47.131, 47.177, 47.006, 47.16, 47.863, 48.956, 49.97, 49.442, 49.048, 49.91, 50.616, 52.495, 56.304, 55.613, 52.718, 50.186, 51.006, 49.754, 40.874, 27.991, 23.04, 19.304, 14.222, 10.835, 0.0, 12.744, 18.256, 18.503, 20.367, 23.745, 25.509, 25.929, 26.85, 28.023, 28.436, 28.917, 29.22, 29.844, 30.375, 31.83, 33.715, 34.176, 39.712], [39.822, 42.698, 43.507, 43.348, 45.159, 45.205, 44.141, 45.151, 47.01, 47.569, 47.363, 47.397, 47.242, 47.402, 48.057, 49.078, 50.028, 49.522, 49.174, 50.005, 50.672, 52.372, 55.865, 55.199, 52.381, 49.919, 50.722, 49.456, 41.071, 30.287, 26.968, 24.071, 20.727, 19.556, 12.744, 0.0, 9.61, 12.354, 14.501, 18.975, 21.513, 22.361, 23.68, 25.198, 25.934, 26.622, 27.3, 28.332, 29.024, 31.064, 33.238, 33.791, 40.413], [39.896, 42.555, 43.313, 43.256, 45.055, 45.114, 44.099, 45.125, 46.949, 47.541, 47.364, 47.384, 47.235, 47.407, 48.043, 49.05, 49.986, 49.5, 49.183, 49.99, 50.642, 52.304, 55.689, 55.028, 52.278, 49.887, 50.625, 49.476, 41.635, 31.83, 29.074, 26.606, 24.073, 23.087, 18.256, 9.61, 0.0, 6.635, 10.838, 15.751, 18.727, 20.057, 21.744, 23.436, 24.333, 25.145, 26.025, 27.159, 27.844, 30.229, 32.552, 33.16, 40.469], [39.464, 42.307, 43.127, 43.019, 44.839, 44.891, 43.841, 44.915, 46.809, 47.425, 47.235, 47.25, 47.086, 47.262, 47.931, 48.985, 49.967, 49.477, 49.142, 49.972, 50.665, 52.38, 55.867, 55.213, 52.465, 50.118, 50.958, 49.891, 41.931, 31.735, 29.038, 26.68, 24.282, 23.298, 18.503, 12.354, 6.635, 0.0, 7.763, 14.505, 17.866, 19.287, 20.974, 22.692, 23.556, 24.372, 25.235, 26.34, 27.039, 29.515, 31.92, 32.56, 40.089], [39.401, 42.314, 43.172, 43.008, 44.8, 44.852, 43.769, 44.763, 46.616, 47.213, 47.016, 47.031, 46.864, 47.034, 47.696, 48.742, 49.727, 49.234, 48.867, 49.698, 50.422, 52.133, 55.671, 55.05, 52.251, 49.767, 50.595, 49.541, 41.558, 31.567, 29.227, 27.142, 25.199, 24.578, 20.367, 14.501, 10.838, 7.763, 0.0, 9.225, 14.315, 16.34, 18.118, 19.995, 21.112, 22.142, 23.21, 24.358, 25.209, 28.171, 30.745, 31.381, 40.123], [40.141, 42.991, 43.843, 43.64, 45.332, 45.424, 44.331, 45.176, 46.932, 47.495, 47.305, 47.323, 47.162, 47.325, 47.951, 48.954, 49.903, 49.44, 49.105, 49.913, 50.624, 52.271, 55.774, 55.15, 52.365, 49.882, 50.661, 49.584, 41.866, 32.569, 30.672, 28.873, 27.439, 27.162, 23.745, 18.975, 15.751, 14.505, 9.225, 0.0, 7.555, 12.254, 14.821, 16.892, 18.554, 19.894, 21.371, 22.921, 24.087, 27.576, 30.252, 30.883, 40.808], [40.707, 43.475, 44.271, 44.027, 45.639, 45.735, 44.626, 45.387, 47.112, 47.654, 47.462, 47.486, 47.326, 47.482, 48.095, 49.079, 50.002, 49.568, 49.308, 50.124, 50.783, 52.376, 55.863, 55.204, 52.451, 50.034, 50.755, 49.561, 41.928, 33.171, 31.639, 30.031, 28.77, 28.562, 25.509, 21.513, 18.727, 17.866, 14.315, 7.555, 0.0, 7.509, 11.857, 14.404, 16.425, 18.069, 20.184, 22.341, 23.735, 27.514, 30.333, 31.004, 41.311], [40.344, 43.173, 43.952, 43.65, 45.275, 45.352, 44.208, 44.978, 46.763, 47.324, 47.124, 47.149, 46.984, 47.131, 47.758, 48.771, 49.709, 49.267, 49.021, 49.862, 50.519, 52.176, 55.739, 55.065, 52.25, 49.755, 50.447, 49.152, 41.385, 32.841, 31.736, 30.332, 29.119, 28.873, 25.929, 22.361, 20.057, 19.287, 16.34, 12.254, 7.509, 0.0, 6.349, 10.194, 12.495, 14.648, 17.566, 20.248, 21.945, 26.269, 29.399, 30.107, 41.001], [39.944, 42.891, 43.71, 43.373, 44.996, 45.074, 43.903, 44.668, 46.474, 47.045, 46.849, 46.875, 46.705, 46.842, 47.473, 48.506, 49.46, 49.013, 48.737, 49.577, 50.266, 52.001, 55.686, 55.019, 52.178, 49.683, 50.437, 49.205, 41.489, 33.126, 32.209, 30.974, 29.849, 29.656, 26.85, 23.68, 21.744, 20.974, 18.118, 14.821, 11.857, 6.349, 0.0, 5.298, 8.928, 11.609, 15.139, 18.342, 20.293, 25.014, 28.356, 29.119, 40.629], [39.946, 42.952, 43.768, 43.424, 45.044, 45.122, 43.95, 44.72, 46.518, 47.077, 46.883, 46.912, 46.741, 46.875, 47.512, 48.551, 49.506, 49.057, 48.747, 49.568, 50.275, 52.059, 55.8, 55.132, 52.305, 49.855, 50.634, 49.465, 41.962, 33.897, 32.995, 31.907, 30.836, 30.666, 28.023, 25.198, 23.436, 22.692, 19.995, 16.892, 14.404, 10.194, 5.298, 0.0, 5.973, 9.84, 13.58, 17.137, 19.225, 24.198, 27.72, 28.565, 40.594], [39.827, 42.917, 43.744, 43.379, 44.999, 45.057, 43.883, 44.72, 46.57, 47.123, 46.917, 46.945, 46.773, 46.92, 47.58, 48.639, 49.611, 49.148, 48.837, 49.706, 50.443, 52.288, 56.081, 55.413, 52.571, 50.138, 50.983, 49.817, 42.222, 33.943, 33.072, 32.059, 31.086, 31.016, 28.436, 25.934, 24.333, 23.556, 21.112, 18.554, 16.425, 12.495, 8.928, 5.973, 0.0, 5.974, 11.333, 14.963, 17.143, 22.808, 26.65, 27.618, 40.506], [39.478, 42.564, 43.405, 43.05, 44.661, 44.729, 43.595, 44.483, 46.361, 46.914, 46.702, 46.728, 46.561, 46.725, 47.396, 48.463, 49.443, 48.986, 48.725, 49.659, 50.392, 52.266, 56.123, 55.481, 52.695, 50.275, 51.087, 49.941, 42.391, 34.069, 33.165, 32.173, 31.313, 31.348, 28.917, 26.622, 25.145, 24.372, 22.142, 19.894, 18.069, 14.648, 11.609, 9.84, 5.974, 0.0, 8.551, 13.9, 15.554, 20.881, 24.909, 26.061, 40.217], [38.912, 42.093, 42.961, 42.553, 44.234, 44.331, 43.183, 44.163, 46.11, 46.672, 46.441, 46.455, 46.281, 46.443, 47.119, 48.187, 49.175, 48.721, 48.476, 49.423, 50.185, 52.126, 55.993, 55.308, 52.577, 50.256, 51.134, 50.002, 42.359, 33.845, 32.987, 31.998, 31.203, 31.397, 29.22, 27.3, 26.025, 25.235, 23.21, 21.371, 20.184, 17.566, 15.139, 13.58, 11.333, 8.551, 0.0, 8.78, 11.908, 16.757, 20.712, 22.199, 39.724], [38.801, 42.187, 43.102, 42.6, 44.277, 44.381, 43.203, 44.202, 46.194, 46.761, 46.508, 46.516, 46.334, 46.485, 47.173, 48.262, 49.268, 48.807, 48.544, 49.503, 50.301, 52.295, 56.169, 55.451, 52.617, 50.283, 51.316, 50.221, 42.429, 33.824, 33.102, 32.222, 31.625, 31.914, 29.844, 28.332, 27.159, 26.34, 24.358, 22.921, 22.341, 20.248, 18.342, 17.137, 14.963, 13.9, 8.78, 0.0, 7.381, 15.281, 19.212, 20.408, 39.544], [38.496, 41.864, 42.769, 42.311, 44.036, 44.143, 42.973, 43.957, 45.949, 46.527, 46.278, 46.282, 46.098, 46.248, 46.939, 48.027, 49.031, 48.559, 48.297, 49.271, 50.096, 52.181, 56.122, 55.434, 52.609, 50.261, 51.318, 50.296, 42.64, 34.024, 33.316, 32.53, 32.04, 32.342, 30.375, 29.024, 27.844, 27.039, 25.209, 24.087, 23.735, 21.945, 20.293, 19.225, 17.143, 15.554, 11.908, 7.381, 0.0, 10.734, 15.851, 16.985, 39.31], [38.004, 41.203, 42.061, 41.521, 43.33, 43.492, 42.471, 43.655, 45.691, 46.243, 45.99, 45.993, 45.799, 45.954, 46.655, 47.7, 48.661, 48.216, 47.982, 48.906, 49.752, 51.952, 55.793, 55.083, 52.459, 50.278, 51.323, 50.343, 42.977, 34.739, 34.062, 33.324, 32.992, 33.391, 31.83, 31.064, 30.229, 29.515, 28.171, 27.576, 27.514, 26.269, 25.014, 24.198, 22.808, 20.881, 16.757, 15.281, 10.734, 0.0, 6.812, 9.421, 39.015], [38.375, 41.375, 42.193, 41.493, 43.214, 43.43, 42.532, 43.804, 45.837, 46.372, 46.118, 46.114, 45.918, 46.076, 46.766, 47.76, 48.671, 48.271, 48.082, 48.943, 49.764, 51.947, 55.626, 54.899, 52.463, 50.451, 51.456, 50.522, 43.499, 35.905, 35.308, 34.609, 34.496, 34.963, 33.715, 33.238, 32.552, 31.92, 30.745, 30.252, 30.333, 29.399, 28.356, 27.72, 26.65, 24.909, 20.712, 19.212, 15.851, 6.812, 0.0, 5.311, 39.368], [38.589, 41.61, 42.426, 41.695, 43.42, 43.649, 42.713, 43.872, 45.869, 46.426, 46.176, 46.171, 45.976, 46.123, 46.792, 47.771, 48.673, 48.268, 48.093, 48.963, 49.787, 51.996, 55.694, 54.971, 52.522, 50.512, 51.507, 50.614, 43.698, 36.247, 35.681, 35.007, 34.854, 35.328, 34.176, 33.791, 33.16, 32.56, 31.381, 30.883, 31.004, 30.107, 29.119, 28.565, 27.618, 26.061, 22.199, 20.408, 16.985, 9.421, 5.311, 0.0, 39.547], [16.909, 25.278, 29.148, 32.086, 35.833, 36.864, 37.452, 40.667, 43.713, 44.609, 44.456, 44.434, 44.276, 44.742, 46.167, 48.03, 49.34, 48.933, 48.788, 49.768, 50.501, 52.575, 56.223, 55.634, 53.445, 51.383, 51.814, 50.861, 45.04, 39.318, 38.705, 38.785, 39.481, 40.015, 39.712, 40.413, 40.469, 40.089, 40.123, 40.808, 41.311, 41.001, 40.629, 40.594, 40.506, 40.217, 39.724, 39.544, 39.31, 39.015, 39.368, 39.547, 0.0]]