[[0.0, 9.345, 17.945, 21.203, 23.135, 25.493, 26.895, 27.192, 27.925, 29.039, 29.726, 30.643, 31.585, 32.519, 33.649, 34.991, 35.911, 36.873, 38.086, 38.956, 39.484, 39.638, 39.784, 40.658, 42.333, 42.537, 42.368, 41.705, 41.107, 41.955, 41.818, 40.38, 39.057, 38.12, 37.342, 36.463, 36.425, 36.996, 36.927, 36.626, 36.764, 37.266, 37.549, 37.292, 36.889, 36.961, 37.238, 37.127, 36.627, 36.367, 36.098, 35.716, 36.13, 36.347, 36.415, 37.191, 37.439, 37.478, 37.439, 37.375, 37.568, 38.359, 38.367, 38.177, 40.166, 41.779, 40.989, 40.707, 40.851, 41.042, 41.291, 41.707, 42.346, 43.183, 43.568, 42.76, 42.723, 42.657, 41.754, 41.555, 41.921, 41.696, 40.666, 40.52, 39.213, 36.026, 36.372, 36.524, 36.469, 36.558, 36.966, 36.922, 36.845, 36.438, 36.307, 36.506, 37.077, 37.427, 7.567], [9.345, 0.0, 11.546, 16.661, 18.889, 21.926, 23.906, 24.41, 25.424, 26.996, 28.05, 29.096, 30.168, 31.257, 32.628, 34.181, 35.107, 36.163, 37.573, 38.591, 39.179, 39.437, 39.722, 40.653, 42.332, 42.534, 42.372, 41.686, 40.991, 41.765, 41.605, 40.165, 38.824, 37.906, 37.192, 36.321, 36.227, 36.818, 36.782, 36.476, 36.619, 37.137, 37.48, 37.245, 36.793, 36.764, 36.963, 36.809, 36.305, 36.082, 35.848, 35.458, 35.852, 36.087, 36.175, 37.006, 37.281, 37.343, 37.355, 37.3, 37.513, 38.334, 38.381, 38.279, 40.233, 41.855, 41.121, 40.848, 41.001, 41.169, 41.412, 41.826, 42.414, 43.21, 43.59, 42.748, 42.633, 42.627, 41.726, 41.4, 41.676, 41.425, 40.419, 40.287, 39.0, 35.943, 36.319, 36.444, 36.413, 36.464, 36.803, 36.754, 36.688, 36.209, 36.025, 36.227, 36.771, 37.138, 13.657], [17.945, 11.546, 0.0, 8.635, 12.954, 16.604, 19.242, 20.202, 21.582, 23.558, 24.996, 26.307, 27.568, 28.989, 30.996, 32.993, 34.069, 35.357, 36.932, 38.09, 38.795, 39.083, 39.517, 40.672, 42.458, 42.68, 42.489, 41.754, 40.977, 41.665, 41.473, 40.039, 38.682, 37.709, 36.958, 36.074, 35.976, 36.571, 36.555, 36.243, 36.421, 37.039, 37.474, 37.276, 36.813, 36.741, 36.901, 36.693, 36.157, 35.957, 35.765, 35.402, 35.764, 35.978, 35.984, 36.737, 37.029, 37.082, 37.051, 36.977, 37.265, 38.207, 38.242, 38.197, 40.317, 41.991, 41.328, 41.16, 41.351, 41.521, 41.766, 42.199, 42.82, 43.587, 43.954, 43.099, 42.818, 42.772, 41.827, 41.413, 41.652, 41.355, 40.31, 40.217, 38.889, 35.678, 35.948, 36.084, 36.038, 36.057, 36.361, 36.322, 36.231, 35.684, 35.525, 35.8, 36.431, 36.847, 20.339], [21.203, 16.661, 8.635, 0.0, 7.181, 12.541, 15.606, 17.014, 18.799, 21.083, 22.954, 24.563, 25.942, 27.478, 29.932, 32.4, 33.617, 35.018, 36.765, 37.967, 38.739, 39.095, 39.568, 40.878, 42.708, 42.931, 42.747, 42.057, 41.273, 41.935, 41.777, 40.401, 39.121, 38.195, 37.441, 36.6, 36.564, 37.107, 37.032, 36.716, 36.896, 37.486, 37.864, 37.668, 37.228, 37.147, 37.262, 37.049, 36.54, 36.334, 36.19, 35.869, 36.211, 36.387, 36.362, 37.088, 37.374, 37.387, 37.342, 37.291, 37.545, 38.448, 38.55, 38.54, 40.591, 42.201, 41.613, 41.482, 41.668, 41.832, 42.07, 42.49, 43.062, 43.77, 44.122, 43.294, 42.99, 42.926, 42.027, 41.66, 41.911, 41.634, 40.656, 40.589, 39.245, 36.111, 36.382, 36.577, 36.504, 36.444, 36.723, 36.684, 36.591, 36.104, 36.011, 36.327, 36.974, 37.396, 23.408], [23.135, 18.889, 12.954, 7.181, 0.0, 7.764, 12.19, 13.924, 15.871, 18.594, 21.029, 22.947, 24.494, 26.141, 28.808, 31.602, 32.99, 34.48, 36.341, 37.585, 38.353, 38.757, 39.293, 40.662, 42.543, 42.796, 42.609, 41.919, 41.144, 41.848, 41.717, 40.328, 39.05, 38.165, 37.446, 36.652, 36.654, 37.219, 37.144, 36.846, 37.029, 37.575, 37.909, 37.681, 37.231, 37.168, 37.299, 37.111, 36.625, 36.428, 36.285, 35.944, 36.259, 36.42, 36.41, 37.163, 37.441, 37.474, 37.448, 37.402, 37.648, 38.512, 38.597, 38.586, 40.624, 42.241, 41.652, 41.508, 41.688, 41.852, 42.104, 42.536, 43.088, 43.771, 44.128, 43.302, 42.97, 42.91, 42.019, 41.674, 41.956, 41.695, 40.713, 40.641, 39.322, 36.186, 36.428, 36.654, 36.611, 36.509, 36.753, 36.709, 36.591, 36.076, 36.003, 36.323, 36.922, 37.329, 25.16], [25.493, 21.926, 16.604, 12.541, 7.764, 0.0, 6.27, 9.584, 11.675, 14.662, 17.945, 20.433, 22.224, 24.11, 27.128, 30.226, 31.848, 33.516, 35.479, 36.799, 37.605, 38.046, 38.671, 40.17, 42.117, 42.385, 42.202, 41.494, 40.762, 41.522, 41.369, 39.902, 38.576, 37.643, 36.884, 36.057, 36.024, 36.653, 36.624, 36.306, 36.473, 37.051, 37.443, 37.209, 36.73, 36.689, 36.858, 36.648, 36.133, 35.932, 35.796, 35.454, 35.74, 35.926, 35.966, 36.743, 37.02, 37.05, 36.981, 36.914, 37.22, 38.15, 38.156, 38.153, 40.43, 42.141, 41.528, 41.391, 41.564, 41.732, 41.99, 42.452, 43.091, 43.82, 44.187, 43.375, 42.948, 42.811, 41.88, 41.533, 41.83, 41.522, 40.411, 40.359, 38.994, 35.518, 35.712, 35.969, 35.949, 35.843, 36.088, 36.046, 35.897, 35.325, 35.274, 35.59, 36.213, 36.642, 27.117], [26.895, 23.906, 19.242, 15.606, 12.19, 6.27, 0.0, 5.395, 8.439, 11.6, 15.615, 18.682, 20.657, 22.673, 25.979, 29.333, 31.107, 32.872, 34.943, 36.318, 37.151, 37.637, 38.314, 39.914, 41.933, 42.21, 42.037, 41.325, 40.596, 41.373, 41.211, 39.706, 38.359, 37.402, 36.607, 35.744, 35.691, 36.345, 36.349, 36.031, 36.203, 36.792, 37.196, 36.969, 36.482, 36.449, 36.639, 36.409, 35.862, 35.651, 35.514, 35.16, 35.444, 35.647, 35.722, 36.55, 36.837, 36.845, 36.762, 36.707, 37.022, 37.959, 37.947, 37.954, 40.323, 42.044, 41.432, 41.319, 41.493, 41.67, 41.935, 42.417, 43.085, 43.824, 44.207, 43.397, 42.905, 42.721, 41.784, 41.45, 41.761, 41.455, 40.305, 40.258, 38.866, 35.203, 35.365, 35.643, 35.626, 35.522, 35.78, 35.736, 35.581, 35.006, 34.981, 35.297, 35.94, 36.368, 28.267], [27.192, 24.41, 20.202, 17.014, 13.924, 9.584, 5.395, 0.0, 4.626, 9.216, 13.677, 17.004, 19.241, 21.372, 24.808, 28.362, 30.231, 32.036, 34.204, 35.646, 36.482, 37.006, 37.765, 39.469, 41.644, 41.964, 41.777, 41.011, 40.279, 41.148, 40.98, 39.414, 37.995, 37.002, 36.198, 35.309, 35.284, 35.99, 36.004, 35.697, 35.9, 36.472, 36.854, 36.605, 36.094, 36.071, 36.302, 36.082, 35.508, 35.28, 35.096, 34.675, 34.974, 35.173, 35.25, 36.131, 36.426, 36.452, 36.384, 36.329, 36.651, 37.601, 37.549, 37.535, 39.984, 41.758, 41.13, 41.032, 41.225, 41.414, 41.697, 42.2, 42.89, 43.637, 44.041, 43.202, 42.685, 42.492, 41.508, 41.141, 41.459, 41.163, 39.991, 39.94, 38.538, 34.776, 34.954, 35.241, 35.211, 35.125, 35.406, 35.363, 35.211, 34.625, 34.587, 34.911, 35.577, 36.031, 28.447], [27.925, 25.424, 21.582, 18.799, 15.871, 11.675, 8.439, 4.626, 0.0, 6.132, 11.831, 15.363, 17.623, 19.949, 23.549, 27.318, 29.339, 31.186, 33.412, 34.937, 35.779, 36.329, 37.175, 38.956, 41.251, 41.612, 41.418, 40.624, 39.909, 40.851, 40.681, 39.075, 37.613, 36.584, 35.761, 34.857, 34.851, 35.603, 35.637, 35.332, 35.537, 36.114, 36.496, 36.221, 35.697, 35.716, 36.007, 35.8, 35.207, 34.969, 34.747, 34.294, 34.59, 34.798, 34.876, 35.75, 36.031, 36.068, 35.99, 35.925, 36.272, 37.239, 37.117, 37.08, 39.658, 41.505, 40.852, 40.76, 40.968, 41.177, 41.482, 42.003, 42.734, 43.51, 43.921, 43.079, 42.54, 42.32, 41.303, 40.927, 41.268, 40.968, 39.746, 39.698, 38.248, 34.323, 34.528, 34.82, 34.76, 34.712, 35.014, 34.96, 34.805, 34.207, 34.17, 34.5, 35.182, 35.667, 28.918], [29.039, 26.996, 23.558, 21.083, 18.594, 14.662, 11.6, 9.216, 6.132, 0.0, 7.813, 12.801, 15.157, 17.648, 21.876, 26.055, 28.278, 30.21, 32.559, 34.188, 35.04, 35.63, 36.559, 38.454, 40.865, 41.287, 41.137, 40.365, 39.654, 40.624, 40.478, 38.851, 37.359, 36.306, 35.437, 34.487, 34.474, 35.232, 35.29, 34.999, 35.195, 35.806, 36.214, 35.931, 35.412, 35.466, 35.795, 35.583, 34.967, 34.726, 34.483, 34.034, 34.338, 34.566, 34.646, 35.482, 35.725, 35.765, 35.663, 35.588, 35.954, 36.938, 36.783, 36.718, 39.371, 41.245, 40.568, 40.475, 40.689, 40.921, 41.241, 41.775, 42.546, 43.341, 43.756, 42.943, 42.426, 42.174, 41.141, 40.785, 41.158, 40.853, 39.59, 39.55, 38.057, 33.973, 34.191, 34.498, 34.411, 34.409, 34.753, 34.683, 34.511, 33.881, 33.838, 34.158, 34.846, 35.355, 29.686], [29.726, 28.05, 24.996, 22.954, 21.029, 17.945, 15.615, 13.677, 11.831, 7.813, 0.0, 7.32, 11.219, 13.789, 18.862, 23.735, 26.09, 28.184, 30.859, 32.733, 33.635, 34.245, 35.287, 37.42, 40.104, 40.607, 40.518, 39.758, 39.088, 40.152, 40.045, 38.413, 36.844, 35.68, 34.729, 33.658, 33.602, 34.391, 34.442, 34.121, 34.293, 34.962, 35.442, 35.153, 34.644, 34.732, 35.089, 34.848, 34.188, 33.936, 33.675, 33.196, 33.534, 33.805, 33.9, 34.725, 34.939, 34.998, 34.883, 34.769, 35.158, 36.21, 36.063, 36.025, 38.754, 40.687, 39.981, 39.857, 40.063, 40.307, 40.642, 41.188, 41.983, 42.809, 43.247, 42.422, 41.977, 41.733, 40.642, 40.281, 40.659, 40.311, 38.969, 38.924, 37.427, 33.167, 33.405, 33.759, 33.653, 33.685, 34.039, 33.931, 33.747, 33.079, 33.041, 33.41, 34.164, 34.714, 30.087], [30.643, 29.096, 26.307, 24.563, 22.947, 20.433, 18.682, 17.004, 15.363, 12.801, 7.32, 0.0, 6.345, 10.431, 15.771, 21.252, 23.947, 26.237, 29.276, 31.474, 32.492, 33.149, 34.321, 36.624, 39.539, 40.087, 40.004, 39.295, 38.721, 39.899, 39.805, 38.171, 36.627, 35.396, 34.387, 33.304, 33.245, 34.059, 34.1, 33.75, 33.929, 34.628, 35.13, 34.835, 34.342, 34.448, 34.832, 34.588, 33.892, 33.615, 33.319, 32.822, 33.158, 33.396, 33.514, 34.426, 34.646, 34.705, 34.613, 34.501, 34.909, 35.975, 35.819, 35.797, 38.552, 40.529, 39.81, 39.684, 39.903, 40.158, 40.511, 41.057, 41.85, 42.712, 43.173, 42.31, 41.862, 41.632, 40.512, 40.156, 40.526, 40.145, 38.763, 38.716, 37.197, 32.829, 33.065, 33.398, 33.278, 33.308, 33.612, 33.468, 33.296, 32.664, 32.653, 33.07, 33.868, 34.44, 30.867], [31.585, 30.168, 27.568, 25.942, 24.494, 22.224, 20.657, 19.241, 17.623, 15.157, 11.219, 6.345, 0.0, 7.014, 13.911, 19.393, 22.276, 24.866, 28.225, 30.655, 31.828, 32.636, 33.901, 36.288, 39.332, 39.943, 39.898, 39.254, 38.75, 39.932, 39.817, 38.193, 36.685, 35.51, 34.546, 33.526, 33.519, 34.343, 34.398, 34.069, 34.286, 34.993, 35.473, 35.17, 34.684, 34.765, 35.145, 34.916, 34.223, 33.971, 33.706, 33.283, 33.645, 33.829, 33.921, 34.838, 35.044, 35.086, 35.001, 34.902, 35.295, 36.333, 36.169, 36.145, 38.798, 40.729, 40.034, 39.924, 40.155, 40.402, 40.744, 41.271, 42.037, 42.864, 43.308, 42.421, 41.904, 41.706, 40.61, 40.258, 40.618, 40.221, 38.868, 38.831, 37.335, 33.175, 33.425, 33.7, 33.632, 33.692, 33.975, 33.835, 33.657, 33.024, 32.994, 33.368, 34.135, 34.69, 31.79], [32.519, 31.257, 28.989, 27.478, 26.141, 24.11, 22.673, 21.372, 19.949, 17.648, 13.789, 10.431, 7.014, 0.0, 9.89, 17.288, 20.277, 22.901, 26.706, 29.363, 30.618, 31.689, 33.117, 35.606, 38.856, 39.522, 39.529, 38.982, 38.492, 39.613, 39.466, 37.965, 36.561, 35.486, 34.77, 33.893, 33.869, 34.729, 34.904, 34.621, 34.779, 35.42, 35.906, 35.637, 35.144, 35.171, 35.532, 35.327, 34.652, 34.412, 34.209, 33.895, 34.229, 34.405, 34.492, 35.311, 35.514, 35.583, 35.54, 35.461, 35.838, 36.829, 36.677, 36.699, 39.284, 41.159, 40.49, 40.366, 40.574, 40.794, 41.112, 41.621, 42.374, 43.177, 43.597, 42.712, 42.213, 42.068, 41.031, 40.695, 41.018, 40.608, 39.301, 39.254, 37.838, 33.968, 34.151, 34.315, 34.302, 34.38, 34.674, 34.551, 34.379, 33.791, 33.747, 34.074, 34.797, 35.328, 32.733], [33.649, 32.628, 30.996, 29.932, 28.808, 27.128, 25.979, 24.808, 23.549, 21.876, 18.862, 15.771, 13.911, 9.89, 0.0, 10.643, 15.771, 18.604, 22.754, 25.823, 27.253, 28.675, 30.426, 33.064, 36.774, 37.579, 37.585, 37.063, 36.664, 37.965, 37.777, 36.323, 35.131, 34.148, 33.655, 33.209, 33.399, 34.314, 34.677, 34.561, 34.745, 35.357, 35.834, 35.565, 35.066, 35.103, 35.519, 35.345, 34.658, 34.409, 34.197, 33.938, 34.221, 34.308, 34.436, 35.314, 35.575, 35.656, 35.616, 35.535, 35.93, 36.924, 36.698, 36.642, 39.304, 41.252, 40.571, 40.485, 40.711, 40.954, 41.304, 41.818, 42.611, 43.485, 43.924, 43.026, 42.495, 42.394, 41.378, 41.087, 41.416, 41.004, 39.679, 39.604, 38.211, 34.212, 34.183, 34.241, 34.288, 34.41, 34.694, 34.557, 34.391, 33.828, 33.773, 34.104, 34.845, 35.384, 33.792], [34.991, 34.181, 32.993, 32.4, 31.602, 30.226, 29.333, 28.362, 27.318, 26.055, 23.735, 21.252, 19.393, 17.288, 10.643, 0.0, 8.713, 13.72, 18.235, 21.622, 23.537, 25.505, 27.593, 30.365, 34.481, 35.519, 35.65, 35.181, 34.978, 36.539, 36.361, 34.92, 33.889, 33.109, 32.707, 32.636, 33.3, 34.331, 34.74, 34.762, 35.015, 35.621, 36.071, 35.779, 35.29, 35.323, 35.724, 35.563, 34.881, 34.655, 34.442, 34.201, 34.503, 34.499, 34.618, 35.545, 35.809, 35.881, 35.84, 35.743, 36.157, 37.229, 36.978, 36.799, 39.3, 41.208, 40.553, 40.507, 40.775, 41.058, 41.425, 41.923, 42.667, 43.528, 43.965, 43.019, 42.412, 42.292, 41.254, 40.979, 41.324, 40.922, 39.581, 39.487, 38.134, 34.236, 34.293, 34.354, 34.479, 34.656, 34.902, 34.779, 34.629, 34.094, 34.029, 34.329, 35.072, 35.595, 35.044], [35.911, 35.107, 34.069, 33.617, 32.99, 31.848, 31.107, 30.231, 29.339, 28.278, 26.09, 23.947, 22.276, 20.277, 15.771, 8.713, 0.0, 8.033, 14.576, 18.632, 21.025, 23.606, 26.15, 29.102, 33.41, 34.565, 34.836, 34.564, 34.501, 36.107, 35.997, 34.787, 33.875, 33.258, 33.169, 33.166, 33.936, 35.091, 35.471, 35.457, 35.688, 36.228, 36.679, 36.458, 35.984, 35.953, 36.265, 36.08, 35.409, 35.178, 34.995, 34.788, 35.061, 35.01, 35.082, 35.951, 36.178, 36.247, 36.292, 36.224, 36.637, 37.733, 37.565, 37.382, 39.527, 41.24, 40.655, 40.626, 40.902, 41.159, 41.506, 41.948, 42.546, 43.313, 43.706, 42.753, 42.163, 42.085, 41.06, 40.694, 40.98, 40.584, 39.321, 39.247, 37.927, 34.617, 35.032, 35.07, 35.164, 35.334, 35.601, 35.508, 35.384, 34.925, 34.885, 35.144, 35.808, 36.284, 35.992], [36.873, 36.163, 35.357, 35.018, 34.48, 33.516, 32.872, 32.036, 31.186, 30.21, 28.184, 26.237, 24.866, 22.901, 18.604, 13.72, 8.033, 0.0, 9.066, 14.761, 17.376, 20.527, 23.957, 26.983, 31.506, 32.776, 33.061, 32.919, 33.023, 34.744, 34.687, 33.836, 33.184, 32.65, 33.062, 33.489, 34.3, 35.518, 36.073, 36.2, 36.423, 36.866, 37.31, 37.157, 36.734, 36.693, 36.968, 36.805, 36.17, 35.94, 35.722, 35.485, 35.646, 35.547, 35.545, 36.294, 36.494, 36.558, 36.662, 36.632, 37.025, 38.046, 37.917, 37.77, 39.763, 41.37, 40.837, 40.821, 41.076, 41.296, 41.609, 41.966, 42.456, 43.181, 43.528, 42.65, 42.202, 42.209, 41.247, 40.835, 41.073, 40.677, 39.489, 39.425, 38.15, 35.362, 35.991, 35.849, 35.819, 36.017, 36.31, 36.207, 36.089, 35.66, 35.635, 35.862, 36.446, 36.89, 36.93], [38.086, 37.573, 36.932, 36.765, 36.341, 35.479, 34.943, 34.204, 33.412, 32.559, 30.859, 29.276, 28.225, 26.706, 22.754, 18.235, 14.576, 9.066, 0.0, 7.667, 11.205, 15.075, 19.774, 23.089, 27.989, 29.49, 29.827, 29.818, 30.243, 32.292, 32.362, 31.855, 31.542, 31.268, 32.152, 33.24, 34.378, 35.625, 36.44, 36.835, 37.145, 37.615, 38.07, 37.933, 37.578, 37.591, 37.888, 37.789, 37.214, 37.013, 36.757, 36.47, 36.527, 36.42, 36.298, 36.818, 36.998, 37.067, 37.144, 37.093, 37.502, 38.496, 38.314, 38.146, 40.127, 41.737, 41.22, 41.169, 41.382, 41.592, 41.871, 42.162, 42.648, 43.413, 43.744, 42.989, 42.689, 42.717, 41.804, 41.409, 41.639, 41.279, 40.136, 40.072, 38.87, 36.272, 36.94, 36.639, 36.512, 36.746, 37.015, 36.902, 36.792, 36.406, 36.395, 36.578, 37.107, 37.513, 38.001], [38.956, 38.591, 38.09, 37.967, 37.585, 36.799, 36.318, 35.646, 34.937, 34.188, 32.733, 31.474, 30.655, 29.363, 25.823, 21.622, 18.632, 14.761, 7.667, 0.0, 5.567, 11.198, 16.443, 20.037, 25.242, 26.889, 27.326, 27.432, 28.275, 30.738, 30.948, 30.623, 30.544, 30.58, 31.789, 33.296, 34.804, 36.078, 36.981, 37.556, 37.901, 38.371, 38.825, 38.689, 38.366, 38.416, 38.713, 38.666, 38.149, 37.968, 37.721, 37.459, 37.49, 37.401, 37.242, 37.599, 37.756, 37.831, 37.892, 37.825, 38.22, 39.19, 38.992, 38.796, 40.595, 42.124, 41.616, 41.516, 41.688, 41.89, 42.141, 42.405, 42.901, 43.69, 44.003, 43.34, 43.12, 43.144, 42.293, 41.943, 42.202, 41.953, 40.921, 40.846, 39.766, 37.286, 37.823, 37.551, 37.424, 37.608, 37.821, 37.722, 37.629, 37.313, 37.332, 37.488, 37.95, 38.325, 38.837], [39.484, 39.179, 38.795, 38.739, 38.353, 37.605, 37.151, 36.482, 35.779, 35.04, 33.635, 32.492, 31.828, 30.618, 27.253, 23.537, 21.025, 17.376, 11.205, 5.567, 0.0, 8.083, 14.598, 18.217, 23.7, 25.512, 25.938, 26.192, 27.479, 30.188, 30.438, 30.255, 30.223, 30.205, 31.583, 33.35, 34.97, 36.266, 37.258, 37.932, 38.294, 38.762, 39.24, 39.111, 38.812, 38.909, 39.241, 39.229, 38.743, 38.556, 38.269, 38.009, 37.978, 37.899, 37.698, 37.978, 38.151, 38.245, 38.313, 38.235, 38.608, 39.511, 39.289, 39.148, 40.904, 42.393, 41.884, 41.75, 41.884, 42.072, 42.305, 42.537, 43.019, 43.829, 44.126, 43.536, 43.407, 43.455, 42.627, 42.288, 42.576, 42.365, 41.363, 41.271, 40.253, 37.826, 38.279, 37.958, 37.826, 38.014, 38.206, 38.098, 38.005, 37.694, 37.719, 37.877, 38.304, 38.676, 39.346], [39.638, 39.437, 39.083, 39.095, 38.757, 38.046, 37.637, 37.006, 36.329, 35.63, 34.245, 33.149, 32.636, 31.689, 28.675, 25.505, 23.606, 20.527, 15.075, 11.198, 8.083, 0.0, 9.044, 14.694, 21.084, 23.315, 23.93, 24.574, 26.62, 29.842, 30.359, 30.231, 30.126, 29.89, 31.091, 32.915, 34.529, 35.783, 36.754, 37.431, 37.864, 38.419, 38.968, 38.861, 38.616, 38.81, 39.227, 39.235, 38.762, 38.578, 38.232, 37.894, 37.77, 37.704, 37.521, 37.78, 37.939, 38.044, 38.114, 38.023, 38.368, 39.2, 38.913, 38.836, 40.702, 42.205, 41.662, 41.499, 41.595, 41.797, 42.034, 42.261, 42.784, 43.648, 43.934, 43.374, 43.368, 43.466, 42.654, 42.325, 42.62, 42.377, 41.321, 41.233, 40.165, 37.54, 38.007, 37.649, 37.437, 37.646, 37.815, 37.703, 37.62, 37.284, 37.308, 37.487, 37.931, 38.285, 39.375], [39.784, 39.722, 39.517, 39.568, 39.293, 38.671, 38.314, 37.765, 37.175, 36.559, 35.287, 34.321, 33.901, 33.117, 30.426, 27.593, 26.15, 23.957, 19.774, 16.443, 14.598, 9.044, 0.0, 9.462, 18.293, 21.053, 22.114, 23.185, 25.933, 29.645, 30.361, 30.153, 30.016, 29.829, 30.874, 32.655, 34.371, 35.588, 36.423, 37.115, 37.641, 38.222, 38.784, 38.724, 38.551, 38.784, 39.214, 39.229, 38.777, 38.595, 38.261, 37.933, 37.833, 37.789, 37.728, 38.111, 38.256, 38.326, 38.359, 38.271, 38.571, 39.345, 39.025, 38.931, 40.737, 42.156, 41.559, 41.348, 41.407, 41.605, 41.828, 42.066, 42.653, 43.575, 43.867, 43.288, 43.279, 43.384, 42.653, 42.377, 42.672, 42.457, 41.438, 41.334, 40.252, 37.567, 37.979, 37.746, 37.49, 37.668, 37.772, 37.659, 37.594, 37.284, 37.324, 37.486, 37.923, 38.249, 39.462], [40.658, 40.653, 40.672, 40.878, 40.662, 40.17, 39.914, 39.469, 38.956, 38.454, 37.42, 36.624, 36.288, 35.606, 33.064, 30.365, 29.102, 26.983, 23.089, 20.037, 18.217, 14.694, 9.462, 0.0, 11.571, 15.843, 17.496, 19.415, 23.23, 27.573, 28.489, 28.489, 28.634, 28.905, 30.533, 32.877, 34.924, 36.2, 37.118, 37.975, 38.502, 38.941, 39.463, 39.455, 39.346, 39.574, 39.973, 40.029, 39.616, 39.439, 39.108, 38.887, 38.785, 38.719, 38.747, 39.17, 39.341, 39.39, 39.424, 39.357, 39.64, 40.361, 40.023, 39.911, 41.551, 42.827, 42.223, 42.002, 42.046, 42.229, 42.427, 42.619, 43.189, 44.11, 44.387, 43.826, 43.74, 43.887, 43.292, 43.107, 43.43, 43.234, 42.277, 42.149, 41.153, 38.783, 39.07, 38.729, 38.475, 38.683, 38.761, 38.644, 38.576, 38.34, 38.407, 38.502, 38.885, 39.238, 40.356], [42.333, 42.332, 42.458, 42.708, 42.543, 42.117, 41.933, 41.644, 41.251, 40.865, 40.104, 39.539, 39.332, 38.856, 36.774, 34.481, 33.41, 31.506, 27.989, 25.242, 23.7, 21.084, 18.293, 11.571, 0.0, 7.327, 11.318, 14.927, 20.533, 25.674, 26.962, 27.297, 27.901, 28.955, 31.278, 34.251, 36.657, 37.961, 39.0, 40.022, 40.524, 40.856, 41.353, 41.372, 41.29, 41.517, 41.853, 41.927, 41.606, 41.46, 41.202, 41.109, 40.933, 40.892, 40.97, 41.278, 41.393, 41.424, 41.467, 41.41, 41.642, 42.245, 41.857, 41.714, 43.069, 44.132, 43.584, 43.413, 43.462, 43.642, 43.823, 43.968, 44.512, 45.401, 45.618, 45.172, 45.079, 45.224, 44.775, 44.622, 44.934, 44.778, 43.904, 43.742, 42.918, 41.059, 41.207, 40.719, 40.508, 40.699, 40.784, 40.713, 40.671, 40.515, 40.589, 40.617, 40.907, 41.226, 42.103], [42.537, 42.534, 42.68, 42.931, 42.796, 42.385, 42.21, 41.964, 41.612, 41.287, 40.607, 40.087, 39.943, 39.522, 37.579, 35.519, 34.565, 32.776, 29.49, 26.889, 25.512, 23.315, 21.053, 15.843, 7.327, 0.0, 6.626, 12.078, 18.718, 24.304, 25.644, 26.115, 26.899, 28.148, 30.806, 34.036, 36.589, 37.97, 39.078, 40.171, 40.735, 41.082, 41.579, 41.591, 41.484, 41.721, 42.089, 42.197, 41.934, 41.797, 41.547, 41.456, 41.242, 41.227, 41.343, 41.662, 41.776, 41.786, 41.799, 41.726, 41.946, 42.529, 42.107, 41.944, 43.31, 44.346, 43.808, 43.658, 43.707, 43.898, 44.091, 44.252, 44.829, 45.75, 45.988, 45.573, 45.447, 45.572, 45.153, 45.012, 45.334, 45.173, 44.284, 44.123, 43.29, 41.398, 41.537, 41.072, 40.816, 41.014, 41.127, 41.053, 41.003, 40.846, 40.925, 40.942, 41.22, 41.484, 42.345], [42.368, 42.372, 42.489, 42.747, 42.609, 42.202, 42.037, 41.777, 41.418, 41.137, 40.518, 40.004, 39.898, 39.529, 37.585, 35.65, 34.836, 33.061, 29.827, 27.326, 25.938, 23.93, 22.114, 17.496, 11.318, 6.626, 0.0, 8.237, 17.196, 23.384, 24.629, 25.101, 25.999, 27.125, 29.907, 33.347, 35.955, 37.395, 38.598, 39.762, 40.41, 40.817, 41.312, 41.301, 41.186, 41.443, 41.868, 42.059, 41.85, 41.726, 41.439, 41.295, 41.028, 40.97, 41.079, 41.449, 41.61, 41.599, 41.588, 41.514, 41.73, 42.31, 41.859, 41.702, 43.243, 44.377, 43.811, 43.641, 43.672, 43.86, 44.072, 44.257, 44.844, 45.772, 46.041, 45.632, 45.461, 45.567, 45.154, 45.058, 45.417, 45.265, 44.346, 44.183, 43.347, 41.232, 41.232, 40.746, 40.467, 40.689, 40.81, 40.726, 40.655, 40.479, 40.563, 40.593, 40.896, 41.173, 42.164], [41.705, 41.686, 41.754, 42.057, 41.919, 41.494, 41.325, 41.011, 40.624, 40.365, 39.758, 39.295, 39.254, 38.982, 37.063, 35.181, 34.564, 32.919, 29.818, 27.432, 26.192, 24.574, 23.185, 19.415, 14.927, 12.078, 8.237, 0.0, 12.486, 21.029, 22.591, 23.007, 23.982, 25.131, 28.113, 31.889, 34.729, 36.329, 37.703, 38.936, 39.535, 39.903, 40.421, 40.416, 40.327, 40.655, 41.145, 41.36, 41.169, 41.078, 40.783, 40.585, 40.36, 40.321, 40.389, 40.794, 40.99, 40.98, 40.938, 40.828, 41.073, 41.759, 41.329, 41.111, 42.791, 44.064, 43.455, 43.267, 43.306, 43.499, 43.736, 43.97, 44.543, 45.423, 45.709, 45.236, 44.978, 45.036, 44.578, 44.473, 44.878, 44.808, 43.867, 43.68, 42.904, 40.496, 40.311, 39.918, 39.719, 39.962, 40.092, 39.99, 39.887, 39.624, 39.722, 39.808, 40.168, 40.481, 41.484], [41.107, 40.991, 40.977, 41.273, 41.144, 40.762, 40.596, 40.279, 39.909, 39.654, 39.088, 38.721, 38.75, 38.492, 36.664, 34.978, 34.501, 33.023, 30.243, 28.275, 27.479, 26.62, 25.933, 23.23, 20.533, 18.718, 17.196, 12.486, 0.0, 11.416, 14.905, 16.659, 18.828, 21.319, 25.577, 29.801, 32.879, 34.755, 36.459, 37.886, 38.511, 38.873, 39.47, 39.566, 39.501, 39.72, 40.127, 40.293, 40.052, 40.104, 40.0, 39.838, 39.734, 39.741, 39.736, 39.952, 40.068, 40.053, 40.005, 39.869, 40.16, 40.948, 40.619, 40.391, 42.027, 43.345, 42.743, 42.557, 42.582, 42.761, 43.004, 43.246, 43.814, 44.622, 44.964, 44.595, 44.478, 44.587, 44.118, 43.948, 44.32, 44.23, 43.279, 43.085, 42.285, 39.938, 39.734, 39.327, 39.144, 39.363, 39.609, 39.54, 39.361, 39.017, 39.132, 39.274, 39.687, 40.049, 40.888], [41.955, 41.765, 41.665, 41.935, 41.848, 41.522, 41.373, 41.148, 40.851, 40.624, 40.152, 39.899, 39.932, 39.613, 37.965, 36.539, 36.107, 34.744, 32.292, 30.738, 30.188, 29.842, 29.645, 27.573, 25.674, 24.304, 23.384, 21.029, 11.416, 0.0, 6.838, 11.765, 15.729, 19.981, 25.33, 29.584, 32.466, 34.401, 36.405, 38.065, 38.79, 39.224, 39.878, 40.048, 39.962, 39.974, 40.248, 40.431, 40.179, 40.437, 40.633, 40.628, 40.549, 40.52, 40.45, 40.459, 40.511, 40.492, 40.476, 40.387, 40.646, 41.364, 41.125, 40.962, 42.381, 43.61, 43.081, 42.949, 42.969, 43.113, 43.326, 43.518, 44.095, 44.876, 45.23, 45.006, 45.007, 45.152, 44.708, 44.483, 44.761, 44.591, 43.705, 43.534, 42.716, 40.834, 40.678, 40.055, 39.91, 40.138, 40.458, 40.445, 40.264, 39.986, 40.081, 40.2, 40.54, 40.864, 41.744], [41.818, 41.605, 41.473, 41.777, 41.717, 41.369, 41.211, 40.98, 40.681, 40.478, 40.045, 39.805, 39.817, 39.466, 37.777, 36.361, 35.997, 34.687, 32.362, 30.948, 30.438, 30.359, 30.361, 28.489, 26.962, 25.644, 24.629, 22.591, 14.905, 6.838, 0.0, 7.345, 12.892, 17.824, 23.754, 28.253, 31.183, 33.211, 35.427, 37.285, 38.118, 38.614, 39.307, 39.497, 39.39, 39.359, 39.705, 39.96, 39.699, 40.008, 40.26, 40.334, 40.333, 40.288, 40.138, 40.146, 40.227, 40.204, 40.197, 40.111, 40.373, 41.095, 40.858, 40.709, 42.161, 43.427, 42.91, 42.816, 42.859, 43.002, 43.214, 43.431, 44.096, 44.959, 45.332, 45.103, 45.072, 45.202, 44.717, 44.466, 44.741, 44.547, 43.645, 43.471, 42.617, 40.689, 40.449, 39.741, 39.676, 39.957, 40.281, 40.261, 40.091, 39.816, 39.878, 39.98, 40.319, 40.649, 41.606], [40.38, 40.165, 40.039, 40.401, 40.328, 39.902, 39.706, 39.414, 39.075, 38.851, 38.413, 38.171, 38.193, 37.965, 36.323, 34.92, 34.787, 33.836, 31.855, 30.623, 30.255, 30.231, 30.153, 28.489, 27.297, 26.115, 25.101, 23.007, 16.659, 11.765, 7.345, 0.0, 7.716, 14.524, 20.685, 25.264, 28.551, 30.817, 33.094, 35.089, 36.134, 36.766, 37.485, 37.645, 37.55, 37.582, 38.0, 38.245, 37.957, 38.268, 38.45, 38.486, 38.672, 38.704, 38.558, 38.743, 38.889, 38.846, 38.758, 38.644, 38.955, 39.781, 39.518, 39.328, 41.041, 42.46, 41.866, 41.813, 41.913, 42.081, 42.325, 42.643, 43.493, 44.477, 44.882, 44.518, 44.337, 44.383, 43.804, 43.572, 43.918, 43.746, 42.733, 42.538, 41.579, 39.053, 38.645, 38.001, 38.001, 38.328, 38.657, 38.61, 38.42, 38.048, 38.069, 38.204, 38.636, 39.03, 40.12], [39.057, 38.824, 38.682, 39.121, 39.05, 38.576, 38.359, 37.995, 37.613, 37.359, 36.844, 36.627, 36.685, 36.561, 35.131, 33.889, 33.875, 33.184, 31.542, 30.544, 30.223, 30.126, 30.016, 28.634, 27.901, 26.899, 25.999, 23.982, 18.828, 15.729, 12.892, 7.716, 0.0, 9.76, 17.273, 21.848, 25.337, 27.967, 30.365, 32.514, 33.853, 34.617, 35.378, 35.56, 35.524, 35.685, 36.207, 36.421, 36.083, 36.415, 36.569, 36.536, 36.882, 37.08, 37.022, 37.374, 37.557, 37.543, 37.437, 37.284, 37.643, 38.555, 38.26, 38.063, 39.983, 41.516, 40.851, 40.818, 40.979, 41.17, 41.431, 41.799, 42.703, 43.73, 44.17, 43.682, 43.425, 43.483, 42.82, 42.56, 42.919, 42.713, 41.551, 41.354, 40.327, 37.361, 36.93, 36.321, 36.342, 36.714, 37.083, 37.017, 36.793, 36.347, 36.356, 36.54, 37.047, 37.468, 38.781], [38.12, 37.906, 37.709, 38.195, 38.165, 37.643, 37.402, 37.002, 36.584, 36.306, 35.68, 35.396, 35.51, 35.486, 34.148, 33.109, 33.258, 32.65, 31.268, 30.58, 30.205, 29.89, 29.829, 28.905, 28.955, 28.148, 27.125, 25.131, 21.319, 19.981, 17.824, 14.524, 9.76, 0.0, 10.172, 16.569, 20.33, 23.241, 26.243, 28.874, 30.743, 31.94, 32.909, 33.134, 33.142, 33.497, 34.343, 34.688, 34.337, 34.683, 34.835, 34.783, 35.156, 35.491, 35.682, 36.245, 36.441, 36.469, 36.403, 36.208, 36.576, 37.491, 37.11, 36.917, 39.119, 40.829, 40.08, 39.965, 40.112, 40.312, 40.578, 40.993, 41.964, 43.057, 43.537, 43.023, 42.765, 42.837, 42.126, 41.895, 42.315, 42.058, 40.747, 40.567, 39.471, 36.015, 35.583, 35.031, 34.928, 35.282, 35.674, 35.577, 35.308, 34.796, 34.824, 35.102, 35.764, 36.231, 37.807], [37.342, 37.192, 36.958, 37.441, 37.446, 36.884, 36.607, 36.198, 35.761, 35.437, 34.729, 34.387, 34.546, 34.77, 33.655, 32.707, 33.169, 33.062, 32.152, 31.789, 31.583, 31.091, 30.874, 30.533, 31.278, 30.806, 29.907, 28.113, 25.577, 25.33, 23.754, 20.685, 17.273, 10.172, 0.0, 9.268, 15.083, 18.033, 21.216, 24.473, 27.179, 29.168, 30.379, 30.544, 30.564, 31.079, 32.138, 32.577, 32.312, 32.735, 32.931, 32.983, 33.54, 33.926, 34.388, 35.326, 35.616, 35.638, 35.541, 35.329, 35.638, 36.542, 36.143, 35.94, 38.321, 40.138, 39.306, 39.164, 39.323, 39.526, 39.817, 40.306, 41.357, 42.501, 43.007, 42.386, 42.025, 41.996, 41.222, 41.059, 41.586, 41.398, 40.059, 39.893, 38.711, 34.752, 34.286, 33.904, 33.661, 33.938, 34.282, 34.15, 33.87, 33.287, 33.294, 33.622, 34.396, 34.882, 36.903], [36.463, 36.321, 36.074, 36.6, 36.652, 36.057, 35.744, 35.309, 34.857, 34.487, 33.658, 33.304, 33.526, 33.893, 33.209, 32.636, 33.166, 33.489, 33.24, 33.296, 33.35, 32.915, 32.655, 32.877, 34.251, 34.036, 33.347, 31.889, 29.801, 29.584, 28.253, 25.264, 21.848, 16.569, 9.268, 0.0, 8.839, 13.409, 16.588, 20.042, 23.377, 26.037, 27.543, 27.765, 27.843, 28.451, 29.621, 30.091, 29.886, 30.517, 30.881, 31.049, 31.925, 32.472, 33.068, 34.276, 34.667, 34.702, 34.566, 34.339, 34.659, 35.611, 35.268, 35.096, 37.569, 39.411, 38.532, 38.396, 38.581, 38.773, 39.058, 39.587, 40.636, 41.759, 42.294, 41.572, 41.171, 41.116, 40.281, 40.122, 40.685, 40.519, 39.148, 39.016, 37.713, 33.487, 33.136, 32.834, 32.532, 32.778, 33.12, 32.989, 32.706, 32.065, 32.009, 32.356, 33.204, 33.68, 35.985], [36.425, 36.227, 35.976, 36.564, 36.654, 36.024, 35.691, 35.284, 34.851, 34.474, 33.602, 33.245, 33.519, 33.869, 33.399, 33.3, 33.936, 34.3, 34.378, 34.804, 34.97, 34.529, 34.371, 34.924, 36.657, 36.589, 35.955, 34.729, 32.879, 32.466, 31.183, 28.551, 25.337, 20.33, 15.083, 8.839, 0.0, 7.766, 13.242, 16.438, 19.876, 23.259, 25.181, 25.609, 25.833, 26.572, 27.964, 28.631, 28.526, 29.384, 29.992, 30.337, 31.38, 32.073, 32.758, 33.984, 34.395, 34.481, 34.386, 34.149, 34.481, 35.398, 35.02, 34.925, 37.603, 39.57, 38.714, 38.507, 38.64, 38.8, 39.068, 39.589, 40.599, 41.695, 42.221, 41.531, 41.189, 41.154, 40.31, 40.146, 40.694, 40.411, 38.937, 38.827, 37.467, 33.232, 32.965, 32.591, 32.257, 32.49, 32.823, 32.706, 32.412, 31.783, 31.689, 32.042, 32.917, 33.385, 35.959], [36.996, 36.818, 36.571, 37.107, 37.219, 36.653, 36.345, 35.99, 35.603, 35.232, 34.391, 34.059, 34.343, 34.729, 34.314, 34.331, 35.091, 35.518, 35.625, 36.078, 36.266, 35.783, 35.588, 36.2, 37.961, 37.97, 37.395, 36.329, 34.755, 34.401, 33.211, 30.817, 27.967, 23.241, 18.033, 13.409, 7.766, 0.0, 8.342, 13.414, 18.152, 22.418, 24.496, 24.977, 25.403, 26.328, 27.948, 28.835, 28.853, 29.731, 30.364, 30.806, 31.888, 32.615, 33.397, 34.573, 34.941, 35.073, 35.043, 34.845, 35.117, 35.931, 35.523, 35.45, 38.096, 40.013, 39.21, 39.035, 39.173, 39.334, 39.606, 40.092, 41.03, 42.059, 42.542, 41.866, 41.468, 41.392, 40.577, 40.468, 41.026, 40.745, 39.392, 39.281, 37.955, 34.076, 33.807, 33.497, 33.115, 33.198, 33.45, 33.344, 33.087, 32.529, 32.434, 32.752, 33.57, 34.003, 36.513], [36.927, 36.782, 36.555, 37.032, 37.144, 36.624, 36.349, 36.004, 35.637, 35.29, 34.442, 34.1, 34.398, 34.904, 34.677, 34.74, 35.471, 36.073, 36.44, 36.981, 37.258, 36.754, 36.423, 37.118, 39.0, 39.078, 38.598, 37.703, 36.459, 36.405, 35.427, 33.094, 30.365, 26.243, 21.216, 16.588, 13.242, 8.342, 0.0, 8.437, 16.153, 21.269, 23.349, 23.81, 24.54, 25.864, 27.707, 28.635, 28.688, 29.521, 29.986, 30.343, 31.56, 32.305, 33.242, 34.594, 34.991, 35.155, 35.172, 35.07, 35.316, 36.087, 35.733, 35.638, 38.165, 39.972, 39.158, 39.063, 39.287, 39.473, 39.739, 40.211, 41.09, 42.068, 42.543, 41.735, 41.207, 41.12, 40.296, 40.219, 40.793, 40.595, 39.397, 39.291, 37.931, 34.198, 34.053, 33.965, 33.547, 33.483, 33.652, 33.519, 33.303, 32.739, 32.597, 32.864, 33.65, 34.059, 36.456], [36.626, 36.476, 36.243, 36.716, 36.846, 36.306, 36.031, 35.697, 35.332, 34.999, 34.121, 33.75, 34.069, 34.621, 34.561, 34.762, 35.457, 36.2, 36.835, 37.556, 37.932, 37.431, 37.115, 37.975, 40.022, 40.171, 39.762, 38.936, 37.886, 38.065, 37.285, 35.089, 32.514, 28.874, 24.473, 20.042, 16.438, 13.414, 8.437, 0.0, 10.461, 17.627, 20.308, 20.934, 22.127, 24.115, 26.354, 27.399, 27.48, 28.35, 28.864, 29.318, 30.73, 31.559, 32.706, 34.247, 34.714, 34.944, 34.995, 34.924, 35.186, 35.966, 35.588, 35.484, 38.062, 39.927, 39.069, 38.933, 39.166, 39.342, 39.595, 40.064, 40.907, 41.893, 42.354, 41.447, 40.933, 40.842, 39.988, 39.92, 40.521, 40.384, 39.184, 39.086, 37.715, 33.796, 33.729, 33.743, 33.321, 33.184, 33.292, 33.131, 32.937, 32.394, 32.221, 32.478, 33.287, 33.685, 36.141], [36.764, 36.619, 36.421, 36.896, 37.029, 36.473, 36.203, 35.9, 35.537, 35.195, 34.293, 33.929, 34.286, 34.779, 34.745, 35.015, 35.688, 36.423, 37.145, 37.901, 38.294, 37.864, 37.641, 38.502, 40.524, 40.735, 40.41, 39.535, 38.511, 38.79, 38.118, 36.134, 33.853, 30.743, 27.179, 23.377, 19.876, 18.152, 16.153, 10.461, 0.0, 10.075, 14.849, 16.251, 18.139, 21.109, 23.958, 25.378, 25.6, 26.528, 27.178, 27.957, 29.615, 30.631, 32.057, 33.781, 34.319, 34.662, 34.916, 34.901, 35.108, 35.891, 35.621, 35.624, 38.122, 39.945, 39.058, 38.886, 39.088, 39.229, 39.473, 39.931, 40.732, 41.733, 42.159, 41.226, 40.826, 40.726, 39.9, 39.886, 40.548, 40.479, 39.287, 39.175, 37.86, 33.928, 33.934, 33.881, 33.394, 33.197, 33.314, 33.166, 33.019, 32.613, 32.535, 32.81, 33.591, 33.989, 36.294], [37.266, 37.137, 37.039, 37.486, 37.575, 37.051, 36.792, 36.472, 36.114, 35.806, 34.962, 34.628, 34.993, 35.42, 35.357, 35.621, 36.228, 36.866, 37.615, 38.371, 38.762, 38.419, 38.222, 38.941, 40.856, 41.082, 40.817, 39.903, 38.873, 39.224, 38.614, 36.766, 34.617, 31.94, 29.168, 26.037, 23.259, 22.418, 21.269, 17.627, 10.075, 0.0, 7.346, 10.777, 13.654, 17.574, 21.017, 22.974, 23.428, 24.215, 24.698, 25.616, 27.564, 28.819, 30.771, 33.042, 33.74, 34.165, 34.788, 35.025, 35.039, 35.743, 35.973, 36.303, 38.468, 40.076, 39.226, 39.134, 39.368, 39.484, 39.729, 40.202, 40.936, 41.86, 42.273, 41.264, 40.668, 40.511, 39.737, 39.762, 40.462, 40.483, 39.432, 39.332, 38.015, 34.338, 34.597, 34.542, 34.128, 33.923, 34.053, 33.923, 33.794, 33.494, 33.495, 33.751, 34.429, 34.791, 36.873], [37.549, 37.48, 37.474, 37.864, 37.909, 37.443, 37.196, 36.854, 36.496, 36.214, 35.442, 35.13, 35.473, 35.906, 35.834, 36.071, 36.679, 37.31, 38.07, 38.825, 39.24, 38.968, 38.784, 39.463, 41.353, 41.579, 41.312, 40.421, 39.47, 39.878, 39.307, 37.485, 35.378, 32.909, 30.379, 27.543, 25.181, 24.496, 23.349, 20.308, 14.849, 7.346, 0.0, 5.806, 10.771, 15.624, 19.482, 21.853, 22.543, 23.193, 23.544, 24.489, 26.564, 27.9, 30.107, 32.721, 33.542, 33.944, 34.652, 35.056, 34.967, 35.551, 36.141, 36.749, 38.762, 40.277, 39.467, 39.4, 39.657, 39.77, 40.025, 40.542, 41.226, 42.049, 42.468, 41.341, 40.468, 40.194, 39.426, 39.513, 40.269, 40.402, 39.479, 39.384, 38.099, 34.626, 34.983, 34.995, 34.705, 34.533, 34.67, 34.547, 34.419, 34.129, 34.102, 34.35, 35.006, 35.335, 37.162], [37.292, 37.245, 37.276, 37.668, 37.681, 37.209, 36.969, 36.605, 36.221, 35.931, 35.153, 34.835, 35.17, 35.637, 35.565, 35.779, 36.458, 37.157, 37.933, 38.689, 39.111, 38.861, 38.724, 39.455, 41.372, 41.591, 41.301, 40.416, 39.566, 40.048, 39.497, 37.645, 35.56, 33.134, 30.544, 27.765, 25.609, 24.977, 23.81, 20.934, 16.251, 10.777, 5.806, 0.0, 7.061, 13.497, 18.076, 20.869, 21.782, 22.51, 22.916, 23.933, 26.065, 27.427, 29.768, 32.454, 33.289, 33.685, 34.354, 34.761, 34.712, 35.317, 35.871, 36.531, 38.649, 40.23, 39.42, 39.341, 39.604, 39.738, 40.011, 40.562, 41.266, 42.086, 42.517, 41.312, 40.347, 40.063, 39.247, 39.332, 40.115, 40.28, 39.363, 39.271, 37.995, 34.412, 34.721, 34.818, 34.554, 34.36, 34.499, 34.379, 34.261, 33.943, 33.917, 34.193, 34.866, 35.191, 36.891], [36.889, 36.793, 36.813, 37.228, 37.231, 36.73, 36.482, 36.094, 35.697, 35.412, 34.644, 34.342, 34.684, 35.144, 35.066, 35.29, 35.984, 36.734, 37.578, 38.366, 38.812, 38.616, 38.551, 39.346, 41.29, 41.484, 41.186, 40.327, 39.501, 39.962, 39.39, 37.55, 35.524, 33.142, 30.564, 27.843, 25.833, 25.403, 24.54, 22.127, 18.139, 13.654, 10.771, 7.061, 0.0, 8.072, 14.149, 17.691, 18.96, 20.015, 20.927, 22.436, 24.763, 26.245, 28.883, 31.736, 32.619, 33.063, 33.778, 34.186, 34.141, 34.834, 35.436, 36.114, 38.358, 40.068, 39.326, 39.251, 39.499, 39.639, 39.92, 40.484, 41.21, 42.027, 42.471, 41.285, 40.312, 40.031, 39.185, 39.21, 39.963, 40.087, 39.13, 39.06, 37.746, 34.001, 34.228, 34.331, 34.14, 33.965, 34.142, 34.044, 33.926, 33.606, 33.597, 33.913, 34.603, 34.933, 36.523], [36.961, 36.764, 36.741, 37.147, 37.168, 36.689, 36.449, 36.071, 35.716, 35.466, 34.732, 34.448, 34.765, 35.171, 35.103, 35.323, 35.953, 36.693, 37.591, 38.416, 38.909, 38.81, 38.784, 39.574, 41.517, 41.721, 41.443, 40.655, 39.72, 39.974, 39.359, 37.582, 35.685, 33.497, 31.079, 28.451, 26.572, 26.328, 25.864, 24.115, 21.109, 17.574, 15.624, 13.497, 8.072, 0.0, 7.803, 12.843, 14.815, 16.597, 18.688, 21.231, 23.852, 25.276, 28.007, 31.082, 32.057, 32.514, 33.296, 33.746, 33.706, 34.516, 35.339, 36.068, 38.257, 40.046, 39.442, 39.396, 39.621, 39.737, 40.019, 40.592, 41.314, 42.073, 42.534, 41.468, 40.533, 40.241, 39.387, 39.347, 40.043, 40.094, 39.126, 39.066, 37.718, 34.017, 34.147, 34.198, 34.188, 34.105, 34.303, 34.234, 34.101, 33.809, 33.801, 34.116, 34.776, 35.107, 36.683], [37.238, 36.963, 36.901, 37.262, 37.299, 36.858, 36.639, 36.302, 36.007, 35.795, 35.089, 34.832, 35.145, 35.532, 35.519, 35.724, 36.265, 36.968, 37.888, 38.713, 39.241, 39.227, 39.214, 39.973, 41.853, 42.089, 41.868, 41.145, 40.127, 40.248, 39.705, 38.0, 36.207, 34.343, 32.138, 29.621, 27.964, 27.948, 27.707, 26.354, 23.958, 21.017, 19.482, 18.076, 14.149, 7.803, 0.0, 6.877, 10.438, 13.263, 16.802, 20.652, 23.862, 25.233, 27.681, 30.867, 31.922, 32.331, 33.156, 33.679, 33.654, 34.542, 35.586, 36.32, 38.317, 40.109, 39.614, 39.595, 39.797, 39.898, 40.188, 40.772, 41.475, 42.158, 42.619, 41.682, 40.8, 40.499, 39.655, 39.573, 40.21, 40.194, 39.223, 39.159, 37.813, 34.292, 34.364, 34.403, 34.577, 34.589, 34.776, 34.732, 34.607, 34.32, 34.28, 34.559, 35.173, 35.498, 37.03], [37.127, 36.809, 36.693, 37.049, 37.111, 36.648, 36.409, 36.082, 35.8, 35.583, 34.848, 34.588, 34.916, 35.327, 35.345, 35.563, 36.08, 36.805, 37.789, 38.666, 39.229, 39.235, 39.229, 40.029, 41.927, 42.197, 42.059, 41.36, 40.293, 40.431, 39.96, 38.245, 36.421, 34.688, 32.577, 30.091, 28.631, 28.835, 28.635, 27.399, 25.378, 22.974, 21.853, 20.869, 17.691, 12.843, 6.877, 0.0, 5.562, 10.032, 14.746, 19.678, 23.591, 25.149, 27.391, 30.601, 31.708, 32.054, 32.815, 33.36, 33.426, 34.448, 35.553, 36.242, 38.278, 40.14, 39.661, 39.657, 39.865, 39.993, 40.293, 40.879, 41.618, 42.312, 42.756, 41.837, 40.975, 40.68, 39.807, 39.684, 40.289, 40.204, 39.159, 39.088, 37.721, 34.144, 34.184, 34.248, 34.536, 34.654, 34.845, 34.805, 34.679, 34.341, 34.273, 34.526, 35.132, 35.45, 36.913], [36.627, 36.305, 36.157, 36.54, 36.625, 36.133, 35.862, 35.508, 35.207, 34.967, 34.188, 33.892, 34.223, 34.652, 34.658, 34.881, 35.409, 36.17, 37.214, 38.149, 38.743, 38.762, 38.777, 39.616, 41.606, 41.934, 41.85, 41.169, 40.052, 40.179, 39.699, 37.957, 36.083, 34.337, 32.312, 29.886, 28.526, 28.853, 28.688, 27.48, 25.6, 23.428, 22.543, 21.782, 18.96, 14.815, 10.438, 5.562, 0.0, 6.22, 12.445, 18.053, 22.353, 24.085, 26.422, 29.705, 30.854, 31.215, 31.982, 32.558, 32.701, 33.838, 35.009, 35.694, 37.801, 39.727, 39.241, 39.241, 39.478, 39.666, 39.999, 40.59, 41.349, 42.068, 42.52, 41.594, 40.745, 40.456, 39.56, 39.442, 40.041, 39.917, 38.808, 38.742, 37.353, 33.634, 33.698, 33.807, 34.096, 34.268, 34.493, 34.442, 34.304, 33.936, 33.849, 34.111, 34.756, 35.095, 36.385], [36.367, 36.082, 35.957, 36.334, 36.428, 35.932, 35.651, 35.28, 34.969, 34.726, 33.936, 33.615, 33.971, 34.412, 34.409, 34.655, 35.178, 35.94, 37.013, 37.968, 38.556, 38.578, 38.595, 39.439, 41.46, 41.797, 41.726, 41.078, 40.104, 40.437, 40.008, 38.268, 36.415, 34.683, 32.735, 30.517, 29.384, 29.731, 29.521, 28.35, 26.528, 24.215, 23.193, 22.51, 20.015, 16.597, 13.263, 10.032, 6.22, 0.0, 8.224, 15.592, 20.562, 22.402, 25.112, 28.818, 30.109, 30.518, 31.428, 32.139, 32.246, 33.393, 34.748, 35.513, 37.614, 39.537, 39.051, 39.06, 39.329, 39.568, 39.942, 40.551, 41.299, 42.014, 42.465, 41.504, 40.593, 40.245, 39.344, 39.266, 39.899, 39.814, 38.717, 38.657, 37.231, 33.478, 33.668, 33.861, 34.084, 34.229, 34.46, 34.399, 34.278, 33.92, 33.829, 34.09, 34.759, 35.088, 36.114], [36.098, 35.848, 35.765, 36.19, 36.285, 35.796, 35.514, 35.096, 34.747, 34.483, 33.675, 33.319, 33.706, 34.209, 34.197, 34.442, 34.995, 35.722, 36.757, 37.721, 38.269, 38.232, 38.261, 39.108, 41.202, 41.547, 41.439, 40.783, 40.0, 40.633, 40.26, 38.45, 36.569, 34.835, 32.931, 30.881, 29.992, 30.364, 29.986, 28.864, 27.178, 24.698, 23.544, 22.916, 20.927, 18.688, 16.802, 14.746, 12.445, 8.224, 0.0, 10.286, 17.453, 19.615, 22.935, 27.53, 29.076, 29.546, 30.682, 31.598, 31.675, 32.847, 34.358, 35.259, 37.451, 39.352, 38.844, 38.916, 39.226, 39.469, 39.846, 40.501, 41.309, 42.061, 42.508, 41.482, 40.448, 40.046, 39.113, 39.036, 39.714, 39.694, 38.611, 38.561, 37.008, 33.062, 33.453, 33.676, 33.727, 33.843, 34.087, 34.0, 33.906, 33.568, 33.513, 33.831, 34.562, 34.918, 35.807], [35.716, 35.458, 35.402, 35.869, 35.944, 35.454, 35.16, 34.675, 34.294, 34.034, 33.196, 32.822, 33.283, 33.895, 33.938, 34.201, 34.788, 35.485, 36.47, 37.459, 38.009, 37.894, 37.933, 38.887, 41.109, 41.456, 41.295, 40.585, 39.838, 40.6