[[0.0, 7.269, 15.307, 19.811, 21.52, 22.906, 23.781, 23.998, 24.183, 25.423, 26.886, 27.632, 28.111, 28.999, 30.132, 31.189, 31.558, 31.376, 31.303, 31.156, 31.187, 31.806, 31.815, 31.334, 31.9, 32.866, 33.012, 32.442, 32.033, 32.403, 33.254, 33.724, 33.557, 34.609, 37.229, 39.787, 41.491, 42.039, 42.053, 42.115, 42.97, 43.536, 42.726, 42.198, 42.476, 41.931, 41.263, 40.598, 39.363, 37.494, 35.999, 36.306, 37.391, 37.877, 37.703, 37.485, 37.479, 37.977, 37.652, 35.736, 33.621, 32.825, 33.823, 34.923, 35.47, 35.546, 35.397, 35.439, 35.574, 35.499, 35.233, 35.073, 34.925, 34.631, 34.988, 35.835, 34.411, 33.303, 33.7, 33.794, 33.33, 32.982, 33.212, 34.015, 34.068, 33.156, 32.844, 33.199, 34.17, 35.204, 36.494, 37.379, 36.979, 36.559, 36.593, 35.743, 34.999, 35.251, 35.498, 35.586, 35.545, 35.479, 36.361, 37.237, 36.793, 36.305, 36.168, 36.096, 35.261, 33.321, 32.174, 32.578, 32.69, 32.505, 32.414, 32.468, 33.306, 34.973, 36.161, 36.2, 35.886, 35.946, 36.231, 36.306, 36.288, 36.048, 35.91, 36.132, 35.941, 35.344, 34.686, 33.525, 32.382, 32.131, 31.542, 31.277, 31.779, 32.232, 33.923, 35.925, 35.912, 34.454, 33.248, 33.147, 33.506, 33.869, 34.177, 34.486, 34.555, 34.496, 34.498, 34.442, 34.542, 34.868, 35.736, 37.848, 39.579, 39.853, 39.676, 38.78, 37.589, 37.188, 37.223, 36.664, 34.622, 32.866, 32.093, 32.301, 33.006, 33.385, 33.525, 33.386, 33.456, 34.85, 35.748, 35.647, 37.052, 40.053, 41.22, 40.679, 40.055, 39.688, 39.551, 39.853, 39.932, 39.793, 40.423, 41.421, 41.915, 42.096, 42.708, 43.168, 43.096, 43.221, 43.655, 44.137, 44.254, 42.924, 39.68, 36.987, 36.647, 36.621, 35.987, 35.573, 35.426, 5.254], [7.269, 0.0, 9.815, 15.8, 18.281, 20.161, 21.514, 22.099, 22.508, 23.981, 25.641, 26.47, 26.935, 27.774, 28.909, 30.006, 30.382, 30.186, 30.118, 29.938, 29.963, 30.725, 30.905, 30.446, 30.92, 31.858, 32.182, 31.979, 31.922, 32.436, 33.277, 33.671, 33.434, 34.455, 37.052, 39.575, 41.26, 41.802, 41.81, 41.872, 42.74, 43.31, 42.487, 41.967, 42.265, 41.716, 41.031, 40.34, 39.106, 37.279, 35.833, 36.165, 37.243, 37.698, 37.531, 37.343, 37.321, 37.786, 37.456, 35.592, 33.526, 32.72, 33.734, 34.899, 35.474, 35.538, 35.358, 35.391, 35.539, 35.476, 35.208, 35.044, 34.888, 34.582, 34.968, 35.86, 34.436, 33.256, 33.599, 33.693, 33.221, 32.869, 33.079, 33.823, 33.841, 32.974, 32.698, 33.039, 33.982, 34.948, 36.158, 36.997, 36.543, 36.049, 36.051, 35.203, 34.459, 34.706, 34.963, 35.071, 35.027, 34.96, 35.893, 36.828, 36.378, 35.839, 35.669, 35.644, 34.908, 33.082, 32.03, 32.5, 32.634, 32.45, 32.343, 32.387, 33.242, 34.942, 36.167, 36.221, 35.904, 35.956, 36.223, 36.287, 36.274, 36.027, 35.885, 36.115, 35.946, 35.386, 34.78, 33.661, 32.465, 32.07, 31.475, 31.322, 31.839, 32.198, 33.787, 35.787, 35.823, 34.428, 33.274, 33.156, 33.463, 33.797, 34.104, 34.417, 34.469, 34.375, 34.329, 34.244, 34.332, 34.649, 35.525, 37.702, 39.468, 39.744, 39.579, 38.68, 37.458, 37.028, 37.043, 36.472, 34.435, 32.669, 31.839, 31.996, 32.707, 33.1, 33.244, 33.11, 33.16, 34.568, 35.516, 35.441, 36.899, 40.005, 41.257, 40.735, 40.091, 39.724, 39.606, 39.923, 40.0, 39.852, 40.493, 41.496, 41.985, 42.171, 42.797, 43.261, 43.175, 43.293, 43.755, 44.281, 44.414, 43.101, 39.848, 37.095, 36.701, 36.661, 36.024, 35.585, 35.41, 10.391], [15.307, 9.815, 0.0, 7.732, 12.232, 15.565, 18.06, 19.564, 20.607, 22.579, 24.53, 25.44, 25.925, 26.828, 28.067, 29.223, 29.628, 29.527, 29.572, 29.412, 29.498, 30.44, 30.843, 30.598, 31.215, 32.164, 32.517, 32.554, 32.832, 33.486, 34.261, 34.584, 34.333, 35.163, 37.426, 39.66, 41.182, 41.697, 41.707, 41.737, 42.541, 43.09, 42.303, 41.793, 42.08, 41.558, 40.896, 40.238, 39.117, 37.461, 36.164, 36.49, 37.473, 37.898, 37.802, 37.676, 37.626, 38.007, 37.707, 36.054, 34.235, 33.564, 34.587, 35.707, 36.24, 36.293, 36.11, 36.112, 36.234, 36.171, 35.905, 35.744, 35.596, 35.294, 35.664, 36.516, 35.174, 34.049, 34.348, 34.446, 34.024, 33.705, 33.904, 34.614, 34.644, 33.803, 33.544, 33.856, 34.69, 35.501, 36.544, 37.289, 36.83, 36.336, 36.332, 35.533, 34.823, 35.017, 35.264, 35.408, 35.384, 35.349, 36.279, 37.183, 36.719, 36.152, 35.984, 35.992, 35.355, 33.709, 32.785, 33.236, 33.409, 33.294, 33.23, 33.278, 34.042, 35.597, 36.742, 36.799, 36.502, 36.532, 36.759, 36.817, 36.819, 36.598, 36.465, 36.671, 36.515, 36.018, 35.526, 34.607, 33.562, 33.111, 32.503, 32.422, 32.913, 33.198, 34.573, 36.337, 36.333, 35.177, 34.249, 34.147, 34.383, 34.646, 34.894, 35.156, 35.183, 35.074, 34.989, 34.886, 34.963, 35.248, 36.053, 38.115, 39.81, 40.081, 39.932, 39.07, 37.888, 37.437, 37.411, 36.833, 34.956, 33.425, 32.671, 32.814, 33.418, 33.735, 33.861, 33.745, 33.769, 35.053, 35.967, 35.937, 37.373, 40.371, 41.613, 41.138, 40.523, 40.187, 40.083, 40.388, 40.465, 40.314, 40.892, 41.818, 42.287, 42.486, 43.102, 43.559, 43.48, 43.59, 44.055, 44.608, 44.766, 43.533, 40.397, 37.677, 37.192, 37.129, 36.541, 36.093, 35.852, 16.809], [19.811, 15.8, 7.732, 0.0, 6.309, 11.481, 15.201, 17.595, 19.39, 21.923, 24.095, 25.015, 25.501, 26.5, 27.845, 29.023, 29.436, 29.465, 29.743, 29.714, 29.819, 30.836, 31.44, 31.451, 32.297, 33.367, 33.722, 33.763, 34.136, 34.857, 35.605, 35.906, 35.674, 36.366, 38.364, 40.373, 41.763, 42.255, 42.285, 42.319, 43.07, 43.592, 42.856, 42.358, 42.622, 42.126, 41.495, 40.889, 39.887, 38.364, 37.185, 37.506, 38.409, 38.81, 38.752, 38.631, 38.527, 38.841, 38.562, 37.011, 35.305, 34.687, 35.678, 36.714, 37.182, 37.208, 37.043, 37.026, 37.108, 37.036, 36.776, 36.61, 36.464, 36.169, 36.493, 37.277, 36.048, 35.023, 35.302, 35.404, 35.032, 34.745, 34.946, 35.659, 35.732, 34.957, 34.723, 35.005, 35.755, 36.485, 37.452, 38.149, 37.725, 37.273, 37.271, 36.517, 35.852, 36.017, 36.247, 36.393, 36.387, 36.34, 37.132, 37.914, 37.454, 36.922, 36.81, 36.829, 36.222, 34.684, 33.796, 34.159, 34.327, 34.278, 34.287, 34.364, 35.056, 36.463, 37.506, 37.554, 37.279, 37.293, 37.487, 37.55, 37.574, 37.38, 37.253, 37.45, 37.317, 36.852, 36.403, 35.602, 34.75, 34.397, 33.801, 33.727, 34.193, 34.442, 35.675, 37.249, 37.202, 36.226, 35.446, 35.37, 35.583, 35.807, 36.015, 36.237, 36.255, 36.148, 36.043, 35.939, 36.02, 36.282, 37.009, 38.918, 40.518, 40.771, 40.63, 39.826, 38.726, 38.293, 38.263, 37.691, 35.95, 34.626, 33.946, 34.096, 34.634, 34.887, 34.98, 34.881, 34.929, 36.134, 36.999, 36.99, 38.379, 41.222, 42.403, 41.956, 41.363, 41.038, 40.938, 41.237, 41.33, 41.188, 41.687, 42.529, 42.992, 43.192, 43.76, 44.199, 44.13, 44.214, 44.638, 45.177, 45.36, 44.202, 41.148, 38.438, 37.889, 37.812, 37.264, 36.813, 36.527, 20.759], [21.52, 18.281, 12.232, 6.309, 0.0, 6.425, 11.434, 14.82, 17.557, 20.813, 23.215, 24.131, 24.64, 25.755, 27.189, 28.383, 28.807, 28.934, 29.419, 29.543, 29.648, 30.665, 31.433, 31.676, 32.725, 33.961, 34.411, 34.46, 34.832, 35.6, 36.402, 36.732, 36.529, 37.223, 39.189, 41.161, 42.521, 43.0, 43.048, 43.11, 43.836, 44.332, 43.639, 43.18, 43.445, 42.96, 42.356, 41.795, 40.823, 39.295, 38.112, 38.412, 39.28, 39.667, 39.604, 39.452, 39.321, 39.617, 39.327, 37.738, 35.985, 35.308, 36.212, 37.166, 37.578, 37.565, 37.397, 37.367, 37.432, 37.37, 37.119, 36.94, 36.787, 36.488, 36.756, 37.487, 36.344, 35.421, 35.716, 35.821, 35.465, 35.189, 35.382, 36.075, 36.177, 35.532, 35.361, 35.602, 36.307, 37.055, 38.035, 38.722, 38.321, 37.894, 37.889, 37.168, 36.55, 36.728, 36.947, 37.068, 37.063, 36.984, 37.634, 38.322, 37.904, 37.427, 37.35, 37.343, 36.723, 35.244, 34.338, 34.613, 34.742, 34.729, 34.807, 34.933, 35.618, 36.952, 37.918, 37.942, 37.678, 37.682, 37.848, 37.907, 37.952, 37.763, 37.622, 37.825, 37.703, 37.203, 36.713, 35.931, 35.199, 34.986, 34.476, 34.443, 34.901, 35.113, 36.268, 37.771, 37.717, 36.799, 36.05, 35.992, 36.226, 36.451, 36.649, 36.86, 36.884, 36.79, 36.675, 36.567, 36.66, 36.929, 37.636, 39.481, 41.025, 41.253, 41.11, 40.355, 39.316, 38.9, 38.878, 38.331, 36.637, 35.334, 34.649, 34.792, 35.329, 35.563, 35.628, 35.536, 35.643, 36.869, 37.733, 37.726, 39.085, 41.85, 42.996, 42.569, 41.994, 41.672, 41.566, 41.86, 41.964, 41.828, 42.275, 43.07, 43.541, 43.734, 44.244, 44.652, 44.59, 44.662, 45.055, 45.58, 45.785, 44.661, 41.628, 38.89, 38.297, 38.219, 37.68, 37.213, 36.901, 22.46], [22.906, 20.161, 15.565, 11.481, 6.425, 0.0, 6.118, 10.856, 14.941, 19.123, 21.824, 22.785, 23.365, 24.623, 26.178, 27.416, 27.855, 28.081, 28.721, 28.948, 29.076, 30.088, 30.951, 31.401, 32.67, 34.061, 34.603, 34.685, 35.043, 35.843, 36.714, 37.119, 37.011, 37.847, 39.931, 41.976, 43.365, 43.836, 43.882, 43.972, 44.702, 45.177, 44.512, 44.109, 44.391, 43.913, 43.335, 42.815, 41.813, 40.198, 38.935, 39.189, 40.043, 40.429, 40.328, 40.113, 39.977, 40.291, 39.973, 38.275, 36.394, 35.612, 36.399, 37.271, 37.668, 37.657, 37.485, 37.432, 37.492, 37.457, 37.225, 37.04, 36.887, 36.569, 36.76, 37.424, 36.34, 35.55, 35.898, 35.998, 35.653, 35.386, 35.554, 36.202, 36.313, 35.786, 35.663, 35.865, 36.584, 37.436, 38.462, 39.136, 38.734, 38.311, 38.303, 37.606, 37.025, 37.227, 37.441, 37.541, 37.53, 37.417, 37.961, 38.586, 38.208, 37.788, 37.745, 37.717, 37.086, 35.635, 34.689, 34.904, 35.007, 35.005, 35.126, 35.295, 35.991, 37.281, 38.194, 38.193, 37.932, 37.935, 38.084, 38.132, 38.18, 37.984, 37.826, 38.03, 37.897, 37.328, 36.756, 35.927, 35.236, 35.128, 34.704, 34.729, 35.206, 35.401, 36.528, 38.021, 37.96, 37.042, 36.285, 36.251, 36.549, 36.806, 37.008, 37.204, 37.236, 37.168, 37.059, 36.948, 37.052, 37.351, 38.102, 39.952, 41.473, 41.675, 41.519, 40.786, 39.785, 39.393, 39.383, 38.846, 37.131, 35.755, 35.022, 35.144, 35.663, 35.874, 35.929, 35.84, 35.999, 37.29, 38.181, 38.166, 39.49, 42.204, 43.343, 42.948, 42.406, 42.097, 41.979, 42.256, 42.36, 42.227, 42.652, 43.435, 43.918, 44.111, 44.59, 44.981, 44.932, 45.013, 45.402, 45.921, 46.126, 44.99, 41.934, 39.139, 38.496, 38.426, 37.885, 37.388, 37.035, 23.938], [23.781, 21.514, 18.06, 15.201, 11.434, 6.118, 0.0, 5.78, 11.534, 16.867, 19.999, 21.087, 21.732, 23.143, 24.913, 26.261, 26.708, 27.031, 27.822, 28.144, 28.333, 29.357, 30.22, 30.779, 32.244, 33.782, 34.38, 34.466, 34.816, 35.643, 36.571, 37.066, 37.083, 38.109, 40.379, 42.572, 44.058, 44.553, 44.593, 44.707, 45.469, 45.939, 45.269, 44.881, 45.166, 44.685, 44.121, 43.624, 42.586, 40.878, 39.515, 39.734, 40.605, 40.997, 40.836, 40.543, 40.402, 40.75, 40.405, 38.564, 36.495, 35.584, 36.298, 37.129, 37.537, 37.563, 37.397, 37.326, 37.389, 37.384, 37.175, 36.992, 36.84, 36.502, 36.634, 37.262, 36.198, 35.484, 35.88, 35.97, 35.63, 35.375, 35.515, 36.122, 36.232, 35.751, 35.63, 35.82, 36.632, 37.627, 38.7, 39.368, 38.961, 38.539, 38.534, 37.842, 37.273, 37.492, 37.701, 37.785, 37.777, 37.635, 38.099, 38.675, 38.317, 37.955, 37.96, 37.937, 37.292, 35.791, 34.762, 34.947, 35.039, 35.024, 35.163, 35.38, 36.112, 37.411, 38.334, 38.336, 38.076, 38.088, 38.241, 38.281, 38.318, 38.112, 37.941, 38.151, 38.013, 37.387, 36.723, 35.781, 35.025, 34.938, 34.546, 34.605, 35.112, 35.324, 36.509, 38.067, 37.999, 37.017, 36.2, 36.165, 36.507, 36.796, 37.008, 37.188, 37.219, 37.168, 37.067, 36.954, 37.06, 37.388, 38.225, 40.162, 41.719, 41.911, 41.742, 41.003, 40.01, 39.634, 39.637, 39.103, 37.341, 35.867, 35.068, 35.175, 35.72, 35.946, 36.01, 35.92, 36.082, 37.421, 38.345, 38.314, 39.603, 42.302, 43.451, 43.085, 42.577, 42.286, 42.151, 42.408, 42.509, 42.386, 42.828, 43.633, 44.128, 44.322, 44.796, 45.19, 45.159, 45.264, 45.664, 46.165, 46.345, 45.166, 42.055, 39.198, 38.532, 38.47, 37.915, 37.366, 36.969, 24.823], [23.998, 22.099, 19.564, 17.595, 14.82, 10.856, 5.78, 0.0, 7.084, 13.714, 17.55, 18.882, 19.548, 21.098, 23.153, 24.691, 25.185, 25.615, 26.572, 27.03, 27.341, 28.4, 29.173, 29.734, 31.345, 33.024, 33.67, 33.755, 34.12, 34.99, 35.978, 36.567, 36.728, 37.967, 40.438, 42.775, 44.346, 44.872, 44.91, 45.032, 45.82, 46.297, 45.619, 45.229, 45.507, 45.015, 44.449, 43.957, 42.89, 41.123, 39.686, 39.894, 40.801, 41.205, 41.0, 40.662, 40.526, 40.905, 40.544, 38.594, 36.364, 35.334, 36.023, 36.861, 37.279, 37.333, 37.18, 37.112, 37.183, 37.195, 36.999, 36.817, 36.665, 36.323, 36.442, 37.085, 36.004, 35.291, 35.718, 35.8, 35.45, 35.2, 35.338, 35.936, 36.025, 35.515, 35.374, 35.573, 36.467, 37.533, 38.619, 39.303, 38.912, 38.494, 38.49, 37.786, 37.211, 37.439, 37.645, 37.727, 37.727, 37.574, 38.0, 38.537, 38.173, 37.853, 37.899, 37.879, 37.211, 35.649, 34.568, 34.741, 34.827, 34.788, 34.931, 35.197, 35.992, 37.349, 38.314, 38.331, 38.067, 38.084, 38.251, 38.292, 38.319, 38.104, 37.931, 38.156, 38.032, 37.384, 36.654, 35.61, 34.753, 34.621, 34.206, 34.243, 34.761, 35.012, 36.282, 37.905, 37.822, 36.748, 35.853, 35.8, 36.153, 36.462, 36.695, 36.884, 36.919, 36.877, 36.789, 36.681, 36.781, 37.125, 38.036, 40.074, 41.684, 41.885, 41.712, 40.953, 39.939, 39.558, 39.568, 39.043, 37.255, 35.723, 34.873, 34.962, 35.571, 35.844, 35.926, 35.833, 35.96, 37.288, 38.218, 38.17, 39.435, 42.147, 43.314, 42.965, 42.486, 42.211, 42.06, 42.296, 42.387, 42.273, 42.743, 43.57, 44.068, 44.262, 44.736, 45.135, 45.129, 45.262, 45.669, 46.16, 46.313, 45.093, 41.942, 39.081, 38.432, 38.371, 37.794, 37.2, 36.778, 24.993], [24.183, 22.508, 20.607, 19.39, 17.557, 14.941, 11.534, 7.084, 0.0, 7.785, 12.877, 14.85, 15.593, 17.333, 19.901, 21.86, 22.52, 23.104, 24.295, 24.953, 25.482, 26.642, 27.272, 27.78, 29.566, 31.433, 32.166, 32.314, 32.773, 33.745, 34.829, 35.536, 35.884, 37.414, 40.141, 42.62, 44.249, 44.799, 44.835, 44.952, 45.749, 46.236, 45.557, 45.168, 45.449, 44.954, 44.388, 43.868, 42.766, 40.98, 39.499, 39.701, 40.65, 41.067, 40.839, 40.5, 40.384, 40.775, 40.404, 38.409, 36.086, 34.974, 35.675, 36.538, 36.933, 36.985, 36.862, 36.821, 36.884, 36.884, 36.684, 36.5, 36.349, 36.012, 36.155, 36.838, 35.714, 34.973, 35.434, 35.514, 35.139, 34.884, 35.053, 35.67, 35.72, 35.16, 34.996, 35.197, 36.124, 37.2, 38.306, 39.055, 38.706, 38.291, 38.282, 37.555, 36.965, 37.198, 37.411, 37.508, 37.519, 37.361, 37.792, 38.284, 37.841, 37.484, 37.527, 37.491, 36.798, 35.209, 34.148, 34.346, 34.431, 34.364, 34.482, 34.753, 35.604, 37.045, 38.06, 38.087, 37.815, 37.838, 38.021, 38.071, 38.109, 37.898, 37.732, 37.982, 37.902, 37.274, 36.531, 35.443, 34.504, 34.321, 33.813, 33.722, 34.214, 34.513, 35.871, 37.542, 37.449, 36.304, 35.353, 35.282, 35.627, 35.949, 36.211, 36.426, 36.475, 36.451, 36.392, 36.294, 36.386, 36.733, 37.67, 39.746, 41.387, 41.606, 41.431, 40.635, 39.577, 39.202, 39.227, 38.696, 36.906, 35.365, 34.484, 34.536, 35.184, 35.502, 35.598, 35.492, 35.552, 36.809, 37.708, 37.632, 38.868, 41.615, 42.828, 42.502, 42.05, 41.793, 41.631, 41.844, 41.924, 41.834, 42.351, 43.193, 43.684, 43.893, 44.39, 44.791, 44.802, 44.962, 45.367, 45.845, 45.968, 44.71, 41.548, 38.762, 38.174, 38.11, 37.522, 36.908, 36.472, 25.096], [25.423, 23.981, 22.579, 21.923, 20.813, 19.123, 16.867, 13.714, 7.785, 0.0, 6.299, 9.511, 10.744, 12.732, 16.025, 18.647, 19.561, 20.331, 21.839, 22.795, 23.605, 24.868, 25.372, 25.865, 27.807, 29.859, 30.738, 30.999, 31.548, 32.619, 33.812, 34.624, 35.143, 36.976, 39.952, 42.549, 44.207, 44.767, 44.807, 44.924, 45.713, 46.2, 45.525, 45.134, 45.401, 44.917, 44.371, 43.815, 42.692, 40.962, 39.507, 39.681, 40.612, 41.033, 40.806, 40.484, 40.384, 40.761, 40.38, 38.435, 36.182, 35.082, 35.766, 36.635, 37.009, 37.043, 36.934, 36.92, 36.979, 36.972, 36.778, 36.592, 36.438, 36.116, 36.256, 36.911, 35.782, 35.06, 35.529, 35.599, 35.216, 34.964, 35.146, 35.757, 35.766, 35.179, 34.992, 35.174, 36.076, 37.124, 38.259, 39.084, 38.784, 38.379, 38.367, 37.662, 37.103, 37.356, 37.589, 37.709, 37.728, 37.563, 37.999, 38.434, 37.861, 37.373, 37.339, 37.272, 36.575, 35.028, 34.043, 34.248, 34.328, 34.251, 34.332, 34.561, 35.376, 36.796, 37.8, 37.828, 37.554, 37.577, 37.768, 37.833, 37.898, 37.717, 37.568, 37.833, 37.826, 37.317, 36.681, 35.65, 34.705, 34.497, 33.922, 33.715, 34.155, 34.468, 35.854, 37.528, 37.442, 36.311, 35.372, 35.293, 35.615, 35.94, 36.215, 36.444, 36.505, 36.484, 36.429, 36.338, 36.43, 36.761, 37.642, 39.643, 41.266, 41.497, 41.313, 40.479, 39.387, 39.022, 39.06, 38.523, 36.782, 35.316, 34.472, 34.502, 35.134, 35.458, 35.543, 35.395, 35.351, 36.449, 37.275, 37.183, 38.343, 41.048, 42.302, 42.043, 41.653, 41.424, 41.259, 41.453, 41.523, 41.46, 42.008, 42.841, 43.309, 43.539, 44.083, 44.487, 44.482, 44.645, 45.047, 45.491, 45.568, 44.317, 41.292, 38.72, 38.214, 38.15, 37.58, 36.986, 36.556, 26.237], [26.886, 25.641, 24.53, 24.095, 23.215, 21.824, 19.999, 17.55, 12.877, 6.299, 0.0, 4.467, 7.037, 9.557, 13.309, 16.432, 17.584, 18.51, 20.268, 21.513, 22.57, 23.87, 24.313, 24.925, 27.008, 29.16, 30.145, 30.488, 31.065, 32.182, 33.453, 34.333, 34.949, 36.947, 40.056, 42.717, 44.367, 44.916, 44.964, 45.088, 45.864, 46.349, 45.703, 45.336, 45.586, 45.102, 44.581, 44.016, 42.879, 41.19, 39.783, 39.931, 40.814, 41.227, 41.01, 40.689, 40.584, 40.949, 40.567, 38.681, 36.539, 35.462, 36.073, 36.928, 37.324, 37.365, 37.25, 37.241, 37.314, 37.328, 37.154, 36.962, 36.806, 36.496, 36.599, 37.176, 36.069, 35.391, 35.852, 35.907, 35.527, 35.283, 35.454, 36.037, 36.02, 35.423, 35.22, 35.382, 36.231, 37.227, 38.363, 39.216, 38.947, 38.556, 38.539, 37.877, 37.37, 37.64, 37.891, 38.028, 38.049, 37.885, 38.325, 38.74, 38.101, 37.531, 37.454, 37.377, 36.694, 35.227, 34.315, 34.489, 34.546, 34.469, 34.535, 34.73, 35.475, 36.811, 37.761, 37.779, 37.509, 37.526, 37.713, 37.784, 37.863, 37.71, 37.576, 37.836, 37.884, 37.498, 36.976, 36.027, 35.116, 34.908, 34.35, 34.152, 34.569, 34.87, 36.201, 37.814, 37.735, 36.67, 35.774, 35.685, 35.99, 36.312, 36.585, 36.826, 36.887, 36.845, 36.772, 36.685, 36.783, 37.09, 37.898, 39.795, 41.368, 41.582, 41.379, 40.537, 39.453, 39.097, 39.138, 38.602, 36.896, 35.494, 34.711, 34.741, 35.358, 35.672, 35.731, 35.545, 35.44, 36.415, 37.176, 37.08, 38.183, 40.824, 42.096, 41.906, 41.584, 41.388, 41.224, 41.405, 41.469, 41.415, 41.959, 42.768, 43.219, 43.457, 44.019, 44.416, 44.381, 44.525, 44.917, 45.332, 45.384, 44.167, 41.281, 38.865, 38.391, 38.327, 37.775, 37.196, 36.766, 27.623], [27.632, 26.47, 25.44, 25.015, 24.131, 22.785, 21.087, 18.882, 14.85, 9.511, 4.467, 0.0, 3.936, 7.768, 12.062, 15.306, 16.5, 17.546, 19.454, 20.807, 21.981, 23.341, 23.796, 24.523, 26.751, 28.965, 29.961, 30.314, 30.901, 32.041, 33.352, 34.263, 34.919, 36.967, 40.125, 42.827, 44.486, 45.033, 45.087, 45.218, 45.995, 46.487, 45.868, 45.533, 45.789, 45.299, 44.783, 44.226, 43.089, 41.394, 39.985, 40.114, 40.978, 41.385, 41.167, 40.841, 40.73, 41.089, 40.699, 38.808, 36.67, 35.576, 36.151, 37.012, 37.442, 37.501, 37.384, 37.376, 37.453, 37.466, 37.289, 37.096, 36.943, 36.634, 36.729, 37.293, 36.174, 35.489, 35.958, 36.011, 35.624, 35.387, 35.569, 36.156, 36.153, 35.551, 35.341, 35.504, 36.344, 37.316, 38.438, 39.281, 39.017, 38.632, 38.609, 37.955, 37.456, 37.721, 37.975, 38.118, 38.138, 37.981, 38.442, 38.871, 38.228, 37.649, 37.585, 37.513, 36.814, 35.358, 34.451, 34.593, 34.642, 34.575, 34.643, 34.829, 35.545, 36.848, 37.776, 37.784, 37.512, 37.528, 37.715, 37.79, 37.876, 37.731, 37.599, 37.858, 37.924, 37.571, 37.075, 36.165, 35.291, 35.107, 34.581, 34.423, 34.852, 35.158, 36.442, 38.003, 37.913, 36.876, 36.005, 35.919, 36.232, 36.552, 36.819, 37.063, 37.126, 37.083, 37.014, 36.931, 37.03, 37.321, 38.094, 39.959, 41.512, 41.707, 41.49, 40.664, 39.606, 39.262, 39.309, 38.768, 37.025, 35.58, 34.8, 34.841, 35.467, 35.776, 35.821, 35.621, 35.527, 36.501, 37.244, 37.145, 38.257, 40.904, 42.186, 42.01, 41.698, 41.497, 41.319, 41.502, 41.574, 41.516, 42.043, 42.84, 43.288, 43.518, 44.063, 44.452, 44.405, 44.528, 44.906, 45.324, 45.388, 44.186, 41.311, 38.89, 38.394, 38.327, 37.775, 37.182, 36.737, 28.323], [28.111, 26.935, 25.925, 25.501, 24.64, 23.365, 21.732, 19.548, 15.593, 10.744, 7.037, 3.936, 0.0, 5.216, 10.73, 14.319, 15.444, 16.573, 18.692, 20.094, 21.29, 22.748, 23.329, 24.164, 26.473, 28.723, 29.722, 30.088, 30.708, 31.884, 33.226, 34.159, 34.836, 36.911, 40.106, 42.848, 44.534, 45.1, 45.162, 45.287, 46.062, 46.562, 45.952, 45.623, 45.891, 45.41, 44.895, 44.34, 43.217, 41.524, 40.095, 40.214, 41.086, 41.494, 41.279, 40.963, 40.847, 41.192, 40.799, 38.917, 36.76, 35.647, 36.23, 37.114, 37.56, 37.629, 37.524, 37.517, 37.585, 37.578, 37.386, 37.192, 37.044, 36.735, 36.845, 37.439, 36.309, 35.582, 36.038, 36.095, 35.704, 35.47, 35.669, 36.265, 36.278, 35.691, 35.49, 35.674, 36.54, 37.508, 38.609, 39.439, 39.171, 38.789, 38.766, 38.105, 37.596, 37.849, 38.094, 38.236, 38.259, 38.107, 38.573, 39.009, 38.368, 37.787, 37.718, 37.634, 36.906, 35.421, 34.494, 34.628, 34.685, 34.621, 34.692, 34.891, 35.618, 36.931, 37.861, 37.867, 37.596, 37.612, 37.792, 37.861, 37.951, 37.805, 37.663, 37.925, 38.011, 37.655, 37.153, 36.259, 35.415, 35.25, 34.734, 34.588, 35.033, 35.347, 36.615, 38.158, 38.053, 36.998, 36.136, 36.071, 36.377, 36.687, 36.948, 37.18, 37.242, 37.216, 37.159, 37.081, 37.183, 37.478, 38.258, 40.138, 41.692, 41.879, 41.665, 40.853, 39.808, 39.47, 39.511, 38.953, 37.181, 35.711, 34.929, 34.983, 35.608, 35.909, 35.951, 35.749, 35.658, 36.64, 37.384, 37.282, 38.4, 41.052, 42.336, 42.155, 41.825, 41.604, 41.416, 41.607, 41.684, 41.622, 42.139, 42.926, 43.363, 43.573, 44.095, 44.484, 44.447, 44.567, 44.935, 45.355, 45.429, 44.24, 41.38, 38.979, 38.489, 38.416, 37.859, 37.267, 36.822, 28.781], [28.999, 27.774, 26.828, 26.5, 25.755, 24.623, 23.143, 21.098, 17.333, 12.732, 9.557, 7.768, 5.216, 0.0, 6.64, 11.252, 12.713, 13.918, 16.423, 18.23, 19.672, 21.281, 22.19, 23.369, 25.712, 27.923, 28.997, 29.507, 30.285, 31.581, 32.954, 33.887, 34.617, 36.782, 40.065, 42.877, 44.592, 45.158, 45.229, 45.379, 46.168, 46.667, 46.069, 45.757, 46.026, 45.549, 45.043, 44.483, 43.355, 41.685, 40.282, 40.401, 41.269, 41.682, 41.486, 41.187, 41.065, 41.397, 41.029, 39.204, 37.073, 35.932, 36.486, 37.414, 37.906, 37.989, 37.875, 37.871, 37.958, 37.964, 37.77, 37.576, 37.435, 37.136, 37.244, 37.83, 36.702, 35.954, 36.377, 36.432, 36.047, 35.812, 36.013, 36.595, 36.584, 35.989, 35.803, 36.026, 36.872, 37.758, 38.779, 39.585, 39.33, 38.958, 38.943, 38.294, 37.787, 38.025, 38.261, 38.395, 38.414, 38.285, 38.771, 39.212, 38.591, 38.037, 37.972, 37.877, 37.13, 35.635, 34.711, 34.845, 34.906, 34.821, 34.88, 35.107, 35.876, 37.202, 38.126, 38.133, 37.873, 37.883, 38.039, 38.088, 38.168, 38.015, 37.857, 38.11, 38.23, 37.903, 37.385, 36.484, 35.652, 35.461, 34.928, 34.814, 35.276, 35.547, 36.772, 38.307, 38.21, 37.173, 36.321, 36.236, 36.497, 36.783, 37.049, 37.29, 37.352, 37.329, 37.286, 37.225, 37.334, 37.631, 38.412, 40.281, 41.816, 41.998, 41.798, 40.98, 39.899, 39.518, 39.536, 38.981, 37.286, 35.936, 35.187, 35.221, 35.817, 36.108, 36.158, 35.986, 35.914, 36.866, 37.588, 37.49, 38.564, 41.147, 42.42, 42.258, 41.944, 41.74, 41.575, 41.77, 41.831, 41.761, 42.274, 43.036, 43.45, 43.653, 44.173, 44.564, 44.534, 44.656, 45.031, 45.461, 45.543, 44.388, 41.596, 39.26, 38.791, 38.721, 38.17, 37.595, 37.181, 29.655], [30.132, 28.909, 28.067, 27.845, 27.189, 26.178, 24.913, 23.153, 19.901, 16.025, 13.309, 12.062, 10.73, 6.64, 0.0, 5.715, 8.229, 9.835, 12.82, 15.455, 17.523, 19.254, 20.564, 22.329, 24.722, 26.809, 27.983, 28.724, 29.76, 31.232, 32.595, 33.472, 34.283, 36.599, 39.988, 42.863, 44.591, 45.142, 45.22, 45.401, 46.202, 46.688, 46.127, 45.866, 46.134, 45.65, 45.154, 44.594, 43.458, 41.814, 40.453, 40.567, 41.394, 41.799, 41.641, 41.373, 41.251, 41.571, 41.243, 39.495, 37.438, 36.294, 36.761, 37.713, 38.258, 38.355, 38.22, 38.218, 38.352, 38.399, 38.213, 38.018, 37.882, 37.597, 37.705, 38.267, 37.156, 36.422, 36.809, 36.847, 36.463, 36.236, 36.433, 36.977, 36.916, 36.309, 36.144, 36.384, 37.141, 37.919, 38.848, 39.606, 39.373, 39.028, 39.027, 38.421, 37.942, 38.173, 38.404, 38.527, 38.541, 38.447, 38.969, 39.431, 38.862, 38.389, 38.37, 38.281, 37.54, 36.078, 35.177, 35.316, 35.372, 35.25, 35.271, 35.508, 36.3, 37.598, 38.477, 38.477, 38.226, 38.222, 38.359, 38.402, 38.467, 38.304, 38.133, 38.368, 38.499, 38.191, 37.659, 36.742, 35.877, 35.581, 35.007, 34.955, 35.435, 35.652, 36.838, 38.395, 38.333, 37.363, 36.53, 36.396, 36.599, 36.848, 37.107, 37.368, 37.44, 37.42, 37.387, 37.344, 37.456, 37.743, 38.506, 40.323, 41.807, 41.98, 41.8, 40.986, 39.863, 39.403, 39.401, 38.897, 37.335, 36.128, 35.409, 35.369, 35.911, 36.207, 36.269, 36.155, 36.176, 37.142, 37.841, 37.751, 38.757, 41.233, 42.492, 42.375, 42.109, 41.944, 41.806, 41.99, 42.022, 41.944, 42.443, 43.165, 43.555, 43.763, 44.283, 44.672, 44.645, 44.769, 45.161, 45.605, 45.697, 44.587, 41.874, 39.598, 39.122, 39.069, 38.548, 37.988, 37.621, 30.759], [31.189, 30.006, 29.223, 29.023, 28.383, 27.416, 26.261, 24.691, 21.86, 18.647, 16.432, 15.306, 14.319, 11.252, 5.715, 0.0, 3.832, 7.104, 10.788, 13.938, 16.519, 18.326, 19.845, 22.067, 24.605, 26.646, 27.852, 28.672, 29.805, 31.351, 32.675, 33.491, 34.347, 36.719, 40.11, 42.972, 44.692, 45.234, 45.313, 45.487, 46.258, 46.728, 46.207, 45.987, 46.252, 45.769, 45.276, 44.714, 43.595, 41.975, 40.635, 40.74, 41.531, 41.92, 41.782, 41.537, 41.415, 41.714, 41.407, 39.715, 37.724, 36.615, 37.014, 37.937, 38.488, 38.596, 38.466, 38.467, 38.626, 38.706, 38.531, 38.338, 38.208, 37.94, 38.056, 38.615, 37.546, 36.848, 37.204, 37.217, 36.834, 36.62, 36.816, 37.324, 37.23, 36.647, 36.507, 36.728, 37.406, 38.155, 39.064, 39.766, 39.536, 39.214, 39.214, 38.648, 38.215, 38.452, 38.683, 38.805, 38.825, 38.741, 39.255, 39.722, 39.198, 38.79, 38.81, 38.735, 38.035, 36.65, 35.794, 35.939, 35.993, 35.861, 35.86, 36.075, 36.834, 38.062, 38.871, 38.857, 38.614, 38.601, 38.73, 38.785, 38.852, 38.688, 38.523, 38.762, 38.889, 38.571, 38.032, 37.117, 36.223, 35.827, 35.221, 35.218, 35.71, 35.903, 37.078, 38.649, 38.615, 37.704, 36.895, 36.724, 36.876, 37.085, 37.313, 37.569, 37.648, 37.638, 37.614, 37.579, 37.685, 37.957, 38.697, 40.456, 41.889, 42.053, 41.886, 41.112, 40.015, 39.508, 39.491, 39.046, 37.566, 36.405, 35.709, 35.612, 36.09, 36.388, 36.461, 36.401, 36.541, 37.573, 38.276, 38.187, 39.14, 41.527, 42.757, 42.664, 42.431, 42.285, 42.149, 42.319, 42.338, 42.252, 42.724, 43.404, 43.777, 43.982, 44.487, 44.879, 44.861, 44.979, 45.377, 45.832, 45.928, 44.852, 42.206, 39.967, 39.466, 39.427, 38.941, 38.394, 38.071, 31.781], [31.558, 30.382, 29.628, 29.436, 28.807, 27.855, 26.708, 25.185, 22.52, 19.561, 17.584, 16.5, 15.444, 12.713, 8.229, 3.832, 0.0, 4.874, 9.618, 13.026, 15.681, 17.62, 19.332, 21.769, 24.458, 26.572, 27.804, 28.618, 29.736, 31.283, 32.611, 33.429, 34.28, 36.612, 39.963, 42.832, 44.588, 45.146, 45.227, 45.399, 46.167, 46.644, 46.137, 45.926, 46.19, 45.711, 45.215, 44.657, 43.558, 41.944, 40.595, 40.689, 41.48, 41.865, 41.722, 41.483, 41.367, 41.657, 41.347, 39.675, 37.694, 36.59, 36.99, 37.901, 38.437, 38.544, 38.436, 38.447, 38.608, 38.696, 38.526, 38.333, 38.208, 37.942, 38.056, 38.638, 37.608, 36.923, 37.275, 37.283, 36.893, 36.682, 36.885, 37.387, 37.287, 36.713, 36.578, 36.79, 37.464, 38.238, 39.165, 39.847, 39.605, 39.281, 39.268, 38.703, 38.286, 38.53, 38.76, 38.883, 38.907, 38.816, 39.315, 39.773, 39.249, 38.852, 38.893, 38.839, 38.163, 36.8, 35.955, 36.096, 36.155, 36.036, 36.038, 36.241, 36.984, 38.19, 38.974, 38.951, 38.711, 38.7, 38.833, 38.892, 38.957, 38.792, 38.632, 38.883, 39.016, 38.689, 38.147, 37.251, 36.37, 35.947, 35.325, 35.337, 35.842, 36.03, 37.223, 38.817, 38.784, 37.864, 37.047, 36.853, 36.975, 37.166, 37.39, 37.641, 37.721, 37.721, 37.709, 37.676, 37.778, 38.04, 38.764, 40.507, 41.932, 42.093, 41.93, 41.173, 40.105, 39.616, 39.608, 39.176, 37.703, 36.532, 35.838, 35.731, 36.183, 36.476, 36.556, 36.514, 36.705, 37.788, 38.514, 38.423, 39.351, 41.7, 42.91, 42.818, 42.589, 42.44, 42.304, 42.474, 42.489, 42.397, 42.86, 43.532, 43.903, 44.108, 44.611, 45.008, 45.001, 45.126, 45.53, 45.996, 46.101, 45.034, 42.388, 40.124, 39.596, 39.551, 39.072, 38.531, 38.228, 32.148], [31.376, 30.186, 29.527, 29.465, 28.934, 28.081, 27.031, 25.615, 23.104, 20.331, 18.51, 17.546, 16.573, 13.918, 9.835, 7.104, 4.874, 0.0, 5.874, 10.374, 13.498, 15.598, 17.649, 20.377, 23.143, 25.269, 26.561, 27.512, 28.789, 30.42, 31.77, 32.603, 33.469, 35.843, 39.258, 42.211, 44.04, 44.623, 44.707, 44.913, 45.742, 46.247, 45.741, 45.564, 45.863, 45.378, 44.886, 44.338, 43.234, 41.614, 40.254, 40.338, 41.135, 41.527, 41.397, 41.188, 41.09, 41.376, 41.057, 39.391, 37.42, 36.314, 36.739, 37.688, 38.225, 38.317, 38.215, 38.238, 38.4, 38.476, 38.293, 38.096, 37.97, 37.693, 37.811, 38.433, 37.392, 36.679, 37.053, 37.064, 36.65, 36.446, 36.682, 37.196, 37.088, 36.488, 36.344, 36.58, 37.274, 38.03, 38.954, 39.656, 39.429, 39.103, 39.088, 38.505, 38.063, 38.294, 38.517, 38.634, 38.645, 38.567, 39.129, 39.636, 39.098, 38.69, 38.74, 38.683, 37.975, 36.572, 35.72, 35.865, 35.929, 35.807, 35.782, 35.97, 36.736, 37.986, 38.798, 38.777, 38.528, 38.518, 38.66, 38.708, 38.76, 38.59, 38.42, 38.671, 38.815, 38.491, 37.94, 37.029, 36.12, 35.66, 35.012, 35.04, 35.561, 35.745, 36.998, 38.662, 38.624, 37.642, 36.766, 36.545, 36.661, 36.872, 37.129, 37.403, 37.484, 37.494, 37.499, 37.471, 37.58, 37.863, 38.607, 40.367, 41.8, 41.956, 41.779, 40.991, 39.9, 39.436, 39.454, 38.998, 37.479, 36.29, 35.558, 35.385, 35.814, 36.119, 36.207, 36.168, 36.374, 37.503, 38.266, 38.17, 39.09, 41.468, 42.721, 42.646, 42.422, 42.263, 42.125, 42.298, 42.311, 42.227, 42.724, 43.422, 43.791, 44.003, 44.524, 44.923, 44.928, 45.08, 45.495, 45.967, 46.084, 45.008, 42.286, 39.942, 39.403, 39.345, 38.858, 38.318, 38.022, 31.968], [31.303, 30.118, 29.572, 29.743, 29.419, 28.721, 27.822, 26.572, 24.295, 21.839, 20.268, 19.454, 18.692, 16.423, 12.82, 10.788, 9.618, 5.874, 0.0, 5.917, 10.525, 13.067, 15.403, 18.575, 21.514, 23.572, 24.849, 26.007, 27.584, 29.356, 30.713, 31.549, 32.498, 35.041, 38.615, 41.67, 43.557, 44.156, 44.228, 44.434, 45.314, 45.846, 45.326, 45.187, 45.541, 45.059, 44.57, 44.002, 42.852, 41.203, 39.819, 39.888, 40.689, 41.086, 40.986, 40.834, 40.758, 41.038, 40.72, 39.071, 37.125, 36.062, 36.509, 37.474, 38.02, 38.109, 38.012, 38.042, 38.198, 38.248, 38.054, 37.864, 37.732, 37.447, 37.589, 38.229, 37.097, 36.317, 36.719, 36.738, 36.305, 36.115, 36.395, 36.936, 36.838, 36.189, 36.018, 36.282, 37.007, 37.736, 38.632, 39.358, 39.17, 38.859, 38.857, 38.273, 37.806, 38.022, 38.238, 38.351, 38.357, 38.299, 38.951, 39.54, 38.995, 38.571, 38.615, 38.532, 37.763, 36.31, 35.46, 35.631, 35.699, 35.558, 35.493, 35.648, 36.435, 37.738, 38.581, 38.563, 38.308, 38.297, 38.44, 38.48, 38.524, 38.347, 38.169, 38.414, 38.547, 38.219, 37.656, 36.699, 35.707, 35.16, 34.465, 34.522, 35.064, 35.242, 36.569, 38.325, 38.319, 37.28, 36.311, 36.045, 36.161, 36.403, 36.699, 36.995, 37.08, 37.095, 37.112, 37.09, 37.204, 37.507, 38.29, 40.076, 41.514, 41.661, 41.473, 40.655, 39.539, 39.098, 39.131, 38.657, 37.104, 35.888, 35.088, 34.815, 35.212, 35.533, 35.635, 35.61, 35.839, 37.029, 37.832, 37.73, 38.653, 41.104, 42.432, 42.37, 42.143, 41.975, 41.826, 41.995, 42.006, 41.933, 42.468, 43.192, 43.555, 43.774, 44.31, 44.716, 44.737, 44.913, 45.339, 45.81, 45.928, 44.831, 42.02, 39.59, 39.043, 38.977, 38.494, 37.956, 37.647, 31.854], [31.156, 29.938, 29.412, 29.714, 29.543, 28.948, 28.144, 27.03, 24.953, 22.795, 21.513, 20.807, 20.094, 18.23, 15.455, 13.938, 13.026, 10.374, 5.917, 0.0, 6.099, 10.093, 13.316, 16.884, 20.097, 22.286, 23.635, 24.947, 26.71, 28.573, 29.972, 30.85, 31.824, 34.389, 38.01, 41.135, 43.082, 43.704, 43.757, 43.937, 44.842, 45.41, 44.869, 44.708, 45.09, 44.631, 44.141, 43.541, 42.337, 40.643, 39.232, 39.311, 40.149, 40.55, 40.437, 40.303, 40.233, 40.512, 40.207, 38.562, 36.603, 35.609, 36.141, 37.116, 37.661, 37.76, 37.677, 37.713, 37.857, 37.883, 37.683, 37.505, 37.374, 37.086, 37.255, 37.926, 36.715, 35.843, 36.247, 36.285, 35.849, 35.661, 35.945, 36.497, 36.416, 35.747, 35.558, 35.836, 36.631, 37.399, 38.295, 39.024, 38.844, 38.54, 38.539, 37.931, 37.437, 37.651, 37.868, 37.985, 38.001, 37.957, 38.664, 39.307, 38.744, 38.283, 38.311, 38.245, 37.476, 35.985, 35.124, 35.318, 35.394, 35.237, 35.157, 35.289, 36.088, 37.431, 38.291, 38.261, 37.997, 37.991, 38.146, 38.196, 38.242, 38.058, 37.876, 38.127, 38.239, 37.878, 37.299, 36.316, 35.264, 34.648, 33.93, 34.029, 34.603, 34.773, 36.156, 37.994, 38.024, 36.931, 35.896, 35.603, 35.726, 35.99, 36.302, 36.596, 36.677, 36.702, 36.727, 36.693, 36.795, 37.101, 37.907, 39.738, 41.203, 41.345, 41.149, 40.313, 39.194, 38.787, 38.836, 38.362, 36.775, 35.491, 34.641, 34.343, 34.724, 35.036, 35.147, 35.135, 35.384, 36.638, 37.485, 37.378, 38.323, 40.849, 42.214, 42.129, 41.864, 41.674, 41.522, 41.697, 41.707, 41.619, 42.161, 42.907, 43.278, 43.493, 44.029, 44.443, 44.472, 44.651, 45.082, 45.571, 45.703, 44.584, 41.694, 39.181, 38.624, 38.549, 38.066, 37.534, 37.213, 31.712], [31.187, 29.963, 29.498, 29.819, 29.648, 29.076, 28.333, 27.341, 25.482, 23.605, 22.57, 21.981, 21.29, 19.672, 17.523, 16.519, 15.681, 13.498, 10.525, 6.099, 0.0, 5.943, 11.434, 15.717, 18.989, 21.315, 22.856, 24.309, 26.151, 28.086, 29.568, 30.503, 31.446, 33.925, 37.492, 40.626, 42.616, 43.249, 43.285, 43.482, 44.433, 45.039, 44.51, 44.35, 44.741, 44.302, 43.829, 43.228, 41.989, 40.259, 38.856, 38.97, 39.854, 40.257, 40.1, 39.934, 39.852, 40.131, 39.826, 38.168, 36.197, 35.245, 35.848, 36.851, 37.386, 37.477, 37.398, 37.436, 37.582, 37.613, 37.416, 37.253, 37.132, 36.835, 37.003, 37.704, 36.497, 35.586, 35.979, 36.033, 35.61, 35.419, 35.667, 36.168, 36.069, 35.452, 35.292, 35.548, 36.362, 37.154, 38.039, 38.739, 38.547, 38.239, 38.214, 37.568, 37.053, 37.272, 37.492, 37.61, 37.627, 37.586, 38.308, 38.975, 38.438, 37.975, 37.987, 37.959, 37.266, 35.801, 34.933, 35.131, 35.212, 35.045, 34.962, 35.109, 35.933, 37.303, 38.175, 38.136, 37.863, 37.87, 38.047, 38.097, 38.13, 37.94, 37.76, 38.014, 38.118, 37.731, 37.127, 36.122, 35.041, 34.412, 33.71, 33.819, 34.388, 34.526, 35.947, 37.876, 37.934, 36.806, 35.749, 35.468, 35.604, 35.878, 36.197, 36.494, 36.574, 36.607, 36.637, 36.59, 36.683, 36.992, 37.811, 39.662, 41.133, 41.263, 41.058, 40.214, 39.096, 38.721, 38.795, 38.312, 36.666, 35.323, 34.474, 34.185, 34.554, 34.86, 34.966, 34.942, 35.185, 36.483, 37.362, 37.246, 38.196, 40.747, 42.109, 41.994, 41.691, 41.479, 41.34, 41.533, 41.535, 41.428, 41.967, 42.731, 43.119, 43.329, 43.859, 44.272, 44.299, 44.471, 44.891, 45.401, 45.557, 44.433, 41.497, 38.937, 38.393, 38.294, 37.784, 37.26, 36.966, 31.798], [31.806, 30.725, 30.44, 30.836, 30.665, 30.088, 29.357, 28.4, 26.642, 24.868, 23.87, 23.341, 22.748, 21.281, 19.254, 18.326, 17.62, 15.598, 13.067, 10.093, 5.943, 0.0, 7.73, 13.942, 17.962, 20.443, 22.011, 23.527, 25.461, 27.487, 29.019, 30.004, 31.109, 33.806, 37.499, 40.693, 42.716, 43.352, 43.375, 43.57, 44.531, 45.149, 44.656, 44.538, 44.931, 44.494, 44.048, 43.473, 42.228, 40.475, 39.047, 39.136, 40.019, 40.427, 40.263, 40.083, 39.992, 40.272, 39.977, 38.317, 36.313, 35.322, 35.9, 36.898, 37.416, 37.496, 37.413, 37.449, 37.608, 37.659, 37.475, 37.325, 37.214, 36.922, 37.076, 37.749, 36.557, 35.734, 36.173, 36.221, 35.815, 35.647, 35.874, 36.32, 36.185, 35.606, 35.472, 35.716, 36.495, 37.24, 38.086, 38.782, 38.618, 38.321, 38.285, 37.65, 37.16, 37.4, 37.626, 37.737, 37.746, 37.691, 38.378, 39.011, 38.496, 38.066, 38.075, 38.027, 37.372, 35.991, 35.169, 35.366, 35.439, 35.264, 35.16, 35.303, 36.127, 37.474, 38.336, 38.309, 38.041, 38.052, 38.232, 38.274, 38.296, 38.107, 37.936, 38.188, 38.29, 37.923, 37.337, 36.32, 35.21, 34.57, 33.869, 33.947, 34.479, 34.579, 35.965, 37.9, 37.996, 36.903, 35.83, 35.525, 35.659, 35.943, 36.272, 36.574, 36.661, 36.691, 36.717, 36.675, 36.774, 37.086, 37.892, 39.686, 41.104, 41.223, 41.025, 40.18, 39.058, 38.674, 38.741, 38.28, 36.681, 35.374, 34.532, 34.189, 34.557, 34.903, 35.016, 34.995, 35.255, 36.566, 37.441, 37.304, 38.199, 40.712, 42.09, 42.008, 41.744, 41.563, 41.434, 41.612, 41.592, 41.484, 42.027, 42.782, 43.168, 43.378, 43.906, 44.313, 44.35, 44.528, 44.934, 45.431, 45.572, 44.443, 41.534, 39.028, 38.512, 38.4, 37.881, 37.349, 37.049, 32.381], [31.815, 30.905, 30.843, 31.44, 31.433, 30.951, 30.22, 29.173, 27.272, 25.372, 24.313, 23.796, 23.329, 22.19, 20.564, 19.845, 19.332, 17.649, 15.403, 13.316, 11.434, 7.73, 0.0, 8.478, 14.625, 18.064, 19.665, 21.09, 23.162, 25.34, 26.974, 28.079, 29.436, 32.633, 36.83, 40.355, 42.528, 43.194, 43.226, 43.436, 44.419, 45.056, 44.571, 44.472, 44.887, 44.458, 44.012, 43.453, 42.236, 40.452, 38.924, 38.98, 39.872, 40.295, 40.126, 39.925, 39.835, 40.129, 39.833, 38.149, 36.088, 35.046, 35.622, 36.646, 37.183, 37.258, 37.148, 37.184, 37.359, 37.42, 37.243, 37.089, 36.973, 36.704, 36.882, 37.53, 36.309, 35.545, 36.031, 36.08, 35.679, 35.498, 35.705, 36.134, 35.958, 35.33, 35.182, 35.45, 36.236, 36.943, 37.789, 38.546, 38.402, 38.089, 38.048, 37.429, 36.98, 37.261, 37.509, 37.639, 37.65, 37.573, 38.257, 38.863, 38.271, 37.789, 37.784, 37.726, 37.071, 35.743, 34.987, 35.198, 35.281, 35.118, 34.975, 35.056, 35.856, 37.207, 38.086, 38.07, 37.79, 37.791, 37.974, 38.025, 38.058, 37.878, 37.715, 37.954, 38.033, 37.701, 37.192, 36.191, 35.034, 34.396, 33.714, 33.767, 34.298, 34.404, 35.683, 37.551, 37.694, 36.646, 35.527, 35.158, 35.284, 35.58, 35.936, 36.259, 36.348, 36.361, 36.381, 36.353, 36.453, 36.743, 37.521, 39.294, 40.703, 40.839, 40.65, 39.786, 38.636, 38.25, 38.316, 37.912, 36.408, 35.134, 34.263, 33.884, 34.299, 34.691, 34.82, 34.798, 35.014, 36.249, 37.073, 36.913, 37.789, 40.311, 41.723, 41.685, 41.465, 41.308, 41.163, 41.317, 41.288, 41.183, 41.745, 42.522, 42.911, 43.115, 43.649, 44.064, 44.126, 44.319, 44.7, 45.161, 45.26, 44.095, 41.227, 38.828, 38.335, 38.235, 37.706, 37.137, 36.789, 32.346], [31.334, 30.446, 30.598, 31.451, 31.676, 31.401, 30.779, 29.734, 27.78, 25.865, 24.925, 24.523, 24.164, 23.369, 22.329, 22.067, 21.769, 20.377, 18.575, 16.884, 15.717, 13.942, 8.478, 0.0, 8.055, 13.274, 15.572, 17.117, 19.451, 21.87, 23.697, 24.96, 26.303, 29.829, 34.628, 38.631, 41.054, 41.776, 41.823, 42.113, 43.214, 43.891, 43.361, 43.275, 43.771, 43.378, 42.913, 42.385, 41.339, 39.728, 38.262, 38.356, 39.27, 39.696, 39.497, 39.292, 39.232, 39.54, 39.245, 37.62, 35.664, 34.701, 35.335, 36.433, 37.019, 37.063, 36.89, 36.924, 37.117, 37.191, 37.02, 36.85, 36.723, 36.473, 36.707, 37.419, 36.209, 35.354, 35.775, 35.829, 35.435, 35.222, 35.386, 35.773, 35.521, 34.836, 34.679, 34.972, 35.75, 36.423, 37.3, 38.12, 37.951, 37.59, 37.541, 36.923, 36.498, 36.814, 37.087, 37.257, 37.281, 37.2, 37.953, 38.601, 37.903, 37.251, 37.137, 37.099, 36.492, 35.191, 34.48, 34.709, 34.809, 34.661, 34.49, 34.505, 35.267, 36.657, 37.586, 37.574, 37.28, 37.295, 37.502, 37.559, 37.589, 37.41, 37.255, 37.482, 37.548, 37.29, 36.917, 35.982, 34.805, 34.192, 33.563, 33.581, 34.101, 34.232, 35.429, 37.265, 37.436, 36.374, 35.236, 34.877, 34.984, 35.253, 35.608, 35.943, 36.013, 35.985, 35.993, 35.957, 36.042, 36.31, 37.085, 38.921, 40.387, 40.553, 40.371, 39.478, 38.304, 37.973, 38.096, 37.724, 36.241, 34.955, 34.06, 33.736, 34.198, 34.592, 34.713, 34.618, 34.643, 35.712, 36.488, 36.324, 37.229, 39.803, 41.214, 41.128, 40.851, 40.657, 40.492, 40.647, 40.633, 40.537, 41.135, 41.966, 42.376, 42.585, 43.135, 43.551, 43.624, 43.839, 44.207, 44.625, 44.691, 43.535, 40.77, 38.538, 38.123, 38.019, 37.484, 36.936, 36.601, 31.945], [31.9, 30.92, 31.215, 32.297, 32.725, 32.67, 32.244, 31.345, 29.566, 27.807, 27.008, 26.751, 26.473, 25.712, 24.722, 24.605, 24.458, 23.143, 21.514, 20.097, 18.989, 17.962, 14.625, 8.055, 0.0, 6.782, 10.879, 13.657, 16.651, 19.29, 21.136, 22.356, 23.593, 27.351, 32.567, 36.907, 39.526, 40.285, 40.336, 40.729, 41.958, 42.653, 42.1, 42.088, 42.672, 42.319, 41.884, 41.403, 40.521, 39.193, 37.982, 38.183, 39.083, 39.477, 39.267, 39.094, 39.076, 39.38, 39.101, 37.631, 35.949, 35.172, 35.832, 36.967, 37.581, 37.589, 37.364, 37.391, 37.598, 37.691, 37.534, 37.366, 37.236, 36.993, 37.256, 38.027, 36.904, 35.953, 36.24, 36.296, 35.923, 35.684, 35.778, 36.046, 35.674, 34.987, 34.858, 35.125, 35.784, 36.336, 37.146, 37.952, 37.778, 37.403, 37.366, 36.77, 36.363, 36.688, 36.977, 37.186, 37.227, 37.15, 37.941, 38.657, 37.964, 37.218, 36.978, 36.941, 36.443, 35.281, 34.674, 34.922, 35.025, 34.879, 34.701, 34.692, 35.398, 36.744, 37.656, 37.637, 37.351, 37.382, 37.583, 37.617, 37.619, 37.438, 37.279, 37.485, 37.575, 37.41, 37.169, 36.376, 35.278, 34.684, 34.094, 34.0