[[0.0, 5.899, 10.431, 13.647, 15.325, 16.112, 17.1, 19.082, 21.009, 21.766, 22.43, 24.686, 27.239, 28.238, 28.726, 29.902, 31.336, 32.536, 33.244, 33.475, 33.545, 33.903, 34.321, 34.457, 34.642, 34.928, 35.014, 35.247, 35.56, 35.002, 34.767, 34.965, 34.641, 34.183, 34.094, 34.065, 33.861, 33.979, 34.513, 34.87, 34.673, 34.675, 34.579, 33.839, 33.265, 33.284, 33.786, 34.72, 35.799, 36.336, 36.058, 35.672, 35.813, 35.808, 35.406, 35.535, 35.732, 35.808, 36.135, 36.65, 37.028, 36.798, 36.599, 37.014, 37.491, 37.159, 36.674, 36.344, 35.959, 35.912, 36.186, 36.587, 36.79, 36.973, 38.413, 40.158, 40.146, 39.305, 39.388, 39.698, 38.733, 37.474, 36.968, 37.198, 37.789, 38.118, 37.666, 36.606, 35.031, 34.731, 36.067, 37.08, 37.646, 38.087, 37.65, 36.953, 36.828, 36.858, 36.719, 36.679, 36.717, 36.739, 37.02, 37.912, 39.529, 41.479, 42.703, 42.938, 42.829, 42.829, 42.771, 42.904, 43.92, 44.929, 43.967, 41.468, 39.173, 37.913, 37.436, 37.186, 37.161, 37.312, 37.492, 37.663, 37.651, 37.631, 37.836, 37.804, 37.503, 36.916, 36.235, 36.088, 36.098, 35.99, 36.135, 36.355, 36.343, 36.136, 35.852, 35.519, 35.166, 34.96, 34.964, 35.323, 35.445, 6.087], [5.899, 0.0, 5.839, 10.465, 12.951, 14.192, 15.433, 17.543, 19.562, 20.377, 21.019, 23.269, 25.904, 26.918, 27.375, 28.576, 30.109, 31.426, 32.22, 32.523, 32.671, 33.115, 33.618, 33.821, 34.035, 34.342, 34.478, 34.76, 35.075, 34.504, 34.273, 34.462, 34.126, 33.676, 33.613, 33.596, 33.365, 33.466, 34.044, 34.427, 34.204, 34.176, 34.065, 33.322, 32.741, 32.756, 33.274, 34.255, 35.388, 35.961, 35.685, 35.295, 35.458, 35.456, 35.027, 35.161, 35.373, 35.438, 35.765, 36.302, 36.688, 36.427, 36.183, 36.587, 37.071, 36.735, 36.246, 35.904, 35.507, 35.478, 35.786, 36.216, 36.43, 36.619, 38.108, 39.902, 39.879, 39.013, 39.088, 39.394, 38.414, 37.148, 36.649, 36.912, 37.532, 37.868, 37.4, 36.31, 34.705, 34.403, 35.751, 36.761, 37.327, 37.783, 37.352, 36.654, 36.527, 36.551, 36.412, 36.371, 36.403, 36.423, 36.726, 37.636, 39.252, 41.203, 42.45, 42.691, 42.574, 42.573, 42.517, 42.652, 43.685, 44.711, 43.735, 41.182, 38.814, 37.507, 37.014, 36.764, 36.736, 36.876, 37.055, 37.236, 37.23, 37.219, 37.437, 37.408, 37.118, 36.536, 35.838, 35.683, 35.703, 35.62, 35.779, 35.993, 35.971, 35.742, 35.441, 35.12, 34.795, 34.601, 34.6, 34.97, 35.067, 10.718], [10.431, 5.839, 0.0, 6.084, 9.982, 11.949, 13.48, 15.882, 18.111, 19.013, 19.724, 22.15, 24.968, 26.04, 26.494, 27.73, 29.356, 30.78, 31.662, 32.043, 32.274, 32.819, 33.436, 33.741, 33.997, 34.309, 34.49, 34.823, 35.163, 34.618, 34.387, 34.55, 34.213, 33.773, 33.713, 33.698, 33.465, 33.558, 34.137, 34.516, 34.269, 34.224, 34.113, 33.385, 32.819, 32.829, 33.338, 34.328, 35.469, 36.045, 35.784, 35.419, 35.601, 35.599, 35.151, 35.275, 35.49, 35.547, 35.868, 36.397, 36.752, 36.453, 36.182, 36.56, 37.031, 36.7, 36.22, 35.884, 35.482, 35.458, 35.777, 36.216, 36.423, 36.591, 38.051, 39.828, 39.814, 38.97, 39.04, 39.338, 38.382, 37.169, 36.698, 36.974, 37.59, 37.925, 37.477, 36.425, 34.869, 34.577, 35.911, 36.912, 37.471, 37.928, 37.509, 36.821, 36.685, 36.688, 36.534, 36.476, 36.498, 36.524, 36.837, 37.738, 39.312, 41.218, 42.459, 42.703, 42.578, 42.567, 42.51, 42.643, 43.662, 44.678, 43.714, 41.191, 38.84, 37.527, 37.034, 36.792, 36.761, 36.892, 37.062, 37.239, 37.244, 37.262, 37.496, 37.46, 37.174, 36.626, 35.953, 35.788, 35.806, 35.747, 35.898, 36.091, 36.064, 35.84, 35.552, 35.251, 34.947, 34.779, 34.781, 35.143, 35.221, 13.953], [13.647, 10.465, 6.084, 0.0, 5.261, 8.597, 10.695, 13.334, 15.819, 16.858, 17.66, 20.354, 23.435, 24.587, 25.05, 26.373, 28.148, 29.717, 30.701, 31.171, 31.502, 32.178, 32.946, 33.371, 33.675, 33.993, 34.199, 34.607, 35.013, 34.469, 34.228, 34.384, 34.014, 33.538, 33.471, 33.463, 33.243, 33.344, 33.939, 34.336, 34.076, 34.022, 33.901, 33.134, 32.532, 32.528, 33.053, 34.106, 35.302, 35.891, 35.634, 35.283, 35.482, 35.483, 35.0, 35.106, 35.313, 35.356, 35.68, 36.214, 36.559, 36.249, 35.968, 36.342, 36.815, 36.473, 35.981, 35.632, 35.198, 35.166, 35.5, 35.973, 36.194, 36.342, 37.784, 39.565, 39.566, 38.751, 38.823, 39.111, 38.175, 37.025, 36.594, 36.876, 37.505, 37.857, 37.402, 36.337, 34.748, 34.412, 35.743, 36.757, 37.331, 37.799, 37.366, 36.654, 36.502, 36.494, 36.324, 36.239, 36.243, 36.278, 36.611, 37.535, 39.144, 41.095, 42.361, 42.602, 42.472, 42.466, 42.414, 42.547, 43.574, 44.598, 43.627, 41.085, 38.707, 37.361, 36.846, 36.597, 36.565, 36.699, 36.872, 37.046, 37.041, 37.068, 37.312, 37.264, 36.966, 36.429, 35.756, 35.583, 35.621, 35.572, 35.721, 35.908, 35.882, 35.656, 35.369, 35.082, 34.788, 34.637, 34.645, 35.024, 35.126, 16.347], [15.325, 12.951, 9.982, 5.261, 0.0, 4.561, 7.894, 11.163, 13.81, 14.897, 15.77, 18.722, 22.083, 23.35, 23.842, 25.241, 27.132, 28.803, 29.857, 30.393, 30.794, 31.544, 32.39, 32.873, 33.196, 33.519, 33.743, 34.183, 34.634, 34.161, 34.011, 34.19, 33.797, 33.319, 33.259, 33.247, 33.027, 33.129, 33.722, 34.122, 33.867, 33.823, 33.698, 32.904, 32.291, 32.297, 32.842, 33.933, 35.154, 35.734, 35.463, 35.107, 35.309, 35.307, 34.803, 34.905, 35.111, 35.148, 35.471, 36.007, 36.363, 36.075, 35.798, 36.17, 36.653, 36.305, 35.805, 35.45, 35.006, 34.969, 35.307, 35.8, 36.035, 36.185, 37.615, 39.401, 39.416, 38.619, 38.703, 38.997, 38.06, 36.915, 36.488, 36.775, 37.423, 37.789, 37.321, 36.241, 34.642, 34.261, 35.553, 36.561, 37.151, 37.624, 37.164, 36.425, 36.258, 36.239, 36.066, 35.978, 35.962, 35.987, 36.316, 37.232, 38.862, 40.857, 42.149, 42.394, 42.268, 42.275, 42.231, 42.364, 43.402, 44.44, 43.478, 40.935, 38.545, 37.179, 36.655, 36.404, 36.369, 36.501, 36.672, 36.843, 36.828, 36.849, 37.09, 37.033, 36.722, 36.188, 35.537, 35.385, 35.435, 35.388, 35.541, 35.73, 35.708, 35.484, 35.188, 34.893, 34.592, 34.446, 34.464, 34.862, 34.987, 17.581], [16.112, 14.192, 11.949, 8.597, 4.561, 0.0, 4.748, 9.591, 12.725, 13.798, 14.773, 18.111, 21.742, 23.118, 23.659, 25.101, 27.022, 28.702, 29.774, 30.358, 30.812, 31.573, 32.404, 32.879, 33.209, 33.538, 33.758, 34.161, 34.588, 34.171, 34.107, 34.312, 33.933, 33.491, 33.443, 33.428, 33.215, 33.325, 33.899, 34.277, 34.027, 33.994, 33.876, 33.096, 32.521, 32.56, 33.098, 34.152, 35.328, 35.876, 35.594, 35.242, 35.437, 35.429, 34.944, 35.059, 35.268, 35.304, 35.615, 36.131, 36.483, 36.214, 35.958, 36.329, 36.802, 36.458, 35.97, 35.626, 35.197, 35.158, 35.478, 35.956, 36.188, 36.335, 37.723, 39.466, 39.49, 38.714, 38.815, 39.13, 38.212, 37.061, 36.615, 36.893, 37.536, 37.888, 37.418, 36.359, 34.816, 34.44, 35.692, 36.677, 37.257, 37.718, 37.256, 36.528, 36.358, 36.332, 36.173, 36.114, 36.105, 36.124, 36.435, 37.314, 38.897, 40.859, 42.148, 42.406, 42.29, 42.3, 42.257, 42.394, 43.43, 44.467, 43.53, 41.032, 38.691, 37.35, 36.838, 36.588, 36.542, 36.661, 36.817, 36.976, 36.959, 36.978, 37.209, 37.15, 36.841, 36.32, 35.7, 35.562, 35.592, 35.528, 35.676, 35.87, 35.858, 35.646, 35.353, 35.045, 34.742, 34.598, 34.615, 35.004, 35.133, 18.052], [17.1, 15.433, 13.48, 10.695, 7.894, 4.748, 0.0, 6.115, 10.184, 11.501, 12.587, 16.531, 20.604, 22.11, 22.708, 24.24, 26.236, 27.961, 29.092, 29.763, 30.316, 31.143, 31.99, 32.47, 32.83, 33.186, 33.404, 33.792, 34.208, 33.788, 33.735, 33.967, 33.612, 33.189, 33.165, 33.169, 32.956, 33.068, 33.66, 34.051, 33.807, 33.783, 33.659, 32.858, 32.281, 32.332, 32.857, 33.903, 35.086, 35.639, 35.356, 35.0, 35.196, 35.18, 34.686, 34.81, 35.029, 35.06, 35.375, 35.912, 36.281, 36.02, 35.78, 36.177, 36.665, 36.311, 35.809, 35.447, 35.011, 34.978, 35.298, 35.773, 36.002, 36.147, 37.551, 39.301, 39.32, 38.543, 38.659, 38.993, 38.079, 36.917, 36.459, 36.74, 37.396, 37.744, 37.254, 36.172, 34.604, 34.22, 35.503, 36.503, 37.074, 37.523, 37.043, 36.307, 36.136, 36.103, 35.937, 35.893, 35.897, 35.923, 36.243, 37.143, 38.772, 40.772, 42.077, 42.338, 42.228, 42.237, 42.19, 42.332, 43.382, 44.43, 43.485, 40.955, 38.573, 37.212, 36.692, 36.43, 36.369, 36.474, 36.633, 36.799, 36.786, 36.802, 37.028, 36.968, 36.658, 36.132, 35.507, 35.365, 35.385, 35.307, 35.454, 35.663, 35.654, 35.435, 35.135, 34.836, 34.549, 34.404, 34.405, 34.803, 34.951, 18.841], [19.082, 17.543, 15.882, 13.334, 11.163, 9.591, 6.115, 0.0, 4.944, 7.03, 8.416, 13.005, 17.695, 19.435, 20.103, 21.793, 23.99, 25.897, 27.191, 28.02, 28.738, 29.717, 30.665, 31.21, 31.628, 32.022, 32.255, 32.682, 33.156, 32.771, 32.749, 33.025, 32.722, 32.342, 32.366, 32.397, 32.168, 32.283, 32.942, 33.377, 33.125, 33.119, 32.995, 32.138, 31.512, 31.559, 32.099, 33.194, 34.447, 35.043, 34.749, 34.365, 34.577, 34.552, 33.992, 34.096, 34.332, 34.359, 34.695, 35.287, 35.694, 35.422, 35.16, 35.601, 36.142, 35.77, 35.228, 34.827, 34.358, 34.336, 34.69, 35.188, 35.419, 35.582, 37.092, 38.952, 38.982, 38.184, 38.306, 38.645, 37.706, 36.521, 36.066, 36.379, 37.071, 37.437, 36.918, 35.77, 34.094, 33.656, 34.991, 36.035, 36.622, 37.079, 36.552, 35.757, 35.575, 35.538, 35.336, 35.258, 35.254, 35.286, 35.635, 36.603, 38.371, 40.498, 41.84, 42.094, 41.981, 41.999, 41.943, 42.079, 43.15, 44.219, 43.23, 40.586, 38.079, 36.651, 36.098, 35.819, 35.752, 35.858, 36.034, 36.229, 36.228, 36.243, 36.475, 36.405, 36.076, 35.528, 34.889, 34.738, 34.77, 34.707, 34.872, 35.103, 35.096, 34.847, 34.511, 34.217, 33.956, 33.81, 33.781, 34.206, 34.392, 20.663], [21.009, 19.562, 18.111, 15.819, 13.81, 12.725, 10.184, 4.944, 0.0, 3.033, 5.523, 10.681, 15.611, 17.481, 18.205, 19.997, 22.351, 24.417, 25.849, 26.812, 27.658, 28.749, 29.774, 30.381, 30.842, 31.254, 31.495, 31.951, 32.487, 32.195, 32.258, 32.571, 32.322, 32.018, 32.09, 32.136, 31.905, 32.031, 32.713, 33.148, 32.876, 32.883, 32.776, 31.912, 31.279, 31.334, 31.892, 33.003, 34.257, 34.857, 34.561, 34.175, 34.399, 34.367, 33.77, 33.858, 34.1, 34.131, 34.472, 35.08, 35.492, 35.202, 34.909, 35.353, 35.909, 35.529, 34.975, 34.569, 34.094, 34.081, 34.457, 34.97, 35.204, 35.377, 36.94, 38.862, 38.919, 38.126, 38.236, 38.56, 37.617, 36.431, 35.976, 36.302, 36.998, 37.362, 36.834, 35.671, 33.964, 33.502, 34.835, 35.886, 36.484, 36.951, 36.404, 35.581, 35.393, 35.349, 35.13, 35.038, 35.03, 35.068, 35.43, 36.428, 38.253, 40.424, 41.774, 42.022, 41.906, 41.931, 41.877, 42.012, 43.082, 44.15, 43.142, 40.458, 37.921, 36.487, 35.922, 35.631, 35.566, 35.678, 35.854, 36.052, 36.057, 36.069, 36.298, 36.216, 35.875, 35.323, 34.684, 34.521, 34.556, 34.512, 34.697, 34.941, 34.937, 34.673, 34.31, 34.011, 33.766, 33.635, 33.589, 34.013, 34.219, 22.437], [21.766, 20.377, 19.013, 16.858, 14.897, 13.798, 11.501, 7.03, 3.033, 0.0, 3.886, 10.033, 15.11, 16.928, 17.658, 19.519, 21.933, 24.035, 25.491, 26.488, 27.378, 28.5, 29.54, 30.161, 30.642, 31.077, 31.334, 31.805, 32.363, 32.108, 32.204, 32.531, 32.301, 32.027, 32.126, 32.192, 31.971, 32.096, 32.757, 33.176, 32.897, 32.898, 32.789, 31.937, 31.322, 31.383, 31.948, 33.062, 34.3, 34.888, 34.596, 34.224, 34.453, 34.419, 33.824, 33.91, 34.147, 34.179, 34.523, 35.128, 35.53, 35.234, 34.939, 35.373, 35.915, 35.533, 34.985, 34.587, 34.116, 34.103, 34.476, 34.988, 35.22, 35.389, 36.943, 38.851, 38.907, 38.12, 38.218, 38.526, 37.589, 36.409, 35.95, 36.273, 36.965, 37.32, 36.791, 35.633, 33.938, 33.511, 34.863, 35.913, 36.504, 36.968, 36.431, 35.619, 35.432, 35.383, 35.164, 35.08, 35.076, 35.114, 35.479, 36.481, 38.31, 40.47, 41.812, 42.059, 41.943, 41.966, 41.917, 42.053, 43.115, 44.174, 43.167, 40.485, 37.96, 36.542, 35.98, 35.69, 35.634, 35.749, 35.919, 36.106, 36.098, 36.099, 36.318, 36.233, 35.893, 35.344, 34.702, 34.532, 34.566, 34.528, 34.721, 34.967, 34.965, 34.704, 34.336, 34.034, 33.794, 33.674, 33.633, 34.043, 34.246, 23.113], [22.43, 21.019, 19.724, 17.66, 15.77, 14.773, 12.587, 8.416, 5.523, 3.886, 0.0, 7.101, 12.985, 15.104, 15.886, 17.902, 20.545, 22.851, 24.431, 25.491, 26.455, 27.654, 28.73, 29.358, 29.865, 30.353, 30.679, 31.218, 31.828, 31.588, 31.678, 32.005, 31.766, 31.48, 31.59, 31.678, 31.442, 31.556, 32.264, 32.734, 32.481, 32.493, 32.369, 31.476, 30.826, 30.869, 31.433, 32.583, 33.861, 34.469, 34.166, 33.772, 34.01, 33.988, 33.369, 33.448, 33.694, 33.727, 34.086, 34.719, 35.144, 34.847, 34.544, 35.013, 35.603, 35.219, 34.636, 34.191, 33.677, 33.655, 34.043, 34.581, 34.829, 35.004, 36.603, 38.552, 38.595, 37.784, 37.885, 38.199, 37.24, 36.035, 35.563, 35.898, 36.62, 36.998, 36.462, 35.257, 33.493, 33.072, 34.477, 35.546, 36.149, 36.627, 36.078, 35.242, 35.042, 34.983, 34.757, 34.676, 34.669, 34.695, 35.069, 36.107, 38.012, 40.263, 41.647, 41.894, 41.773, 41.796, 41.749, 41.892, 42.966, 44.016, 42.959, 40.203, 37.606, 36.156, 35.589, 35.301, 35.247, 35.363, 35.538, 35.732, 35.719, 35.709, 35.928, 35.837, 35.485, 34.914, 34.246, 34.06, 34.093, 34.069, 34.288, 34.557, 34.559, 34.289, 33.91, 33.614, 33.378, 33.241, 33.201, 33.636, 33.843, 23.768], [24.686, 23.269, 22.15, 20.354, 18.722, 18.111, 16.531, 13.005, 10.681, 10.033, 7.101, 0.0, 6.95, 10.115, 11.387, 13.792, 17.042, 19.978, 21.967, 23.23, 24.373, 25.783, 26.994, 27.675, 28.228, 28.788, 29.238, 29.951, 30.695, 30.494, 30.6, 30.939, 30.68, 30.372, 30.497, 30.61, 30.358, 30.498, 31.342, 31.907, 31.693, 31.76, 31.641, 30.663, 29.919, 29.921, 30.475, 31.648, 32.981, 33.631, 33.304, 32.856, 33.119, 33.116, 32.432, 32.508, 32.786, 32.817, 33.187, 33.868, 34.34, 34.029, 33.68, 34.225, 34.934, 34.545, 33.889, 33.36, 32.774, 32.741, 33.181, 33.786, 34.07, 34.28, 36.015, 38.079, 38.102, 37.263, 37.376, 37.685, 36.686, 35.452, 34.97, 35.324, 36.097, 36.528, 35.977, 34.693, 32.799, 32.317, 33.745, 34.832, 35.464, 35.972, 35.371, 34.44, 34.191, 34.113, 33.867, 33.781, 33.776, 33.794, 34.191, 35.311, 37.393, 39.853, 41.332, 41.582, 41.44, 41.472, 41.441, 41.599, 42.684, 43.705, 42.548, 39.666, 36.948, 35.437, 34.851, 34.569, 34.529, 34.632, 34.806, 35.03, 35.03, 35.01, 35.225, 35.129, 34.765, 34.14, 33.418, 33.207, 33.247, 33.25, 33.536, 33.856, 33.848, 33.535, 33.131, 32.855, 32.625, 32.444, 32.39, 32.88, 33.104, 25.967], [27.239, 25.904, 24.968, 23.435, 22.083, 21.742, 20.604, 17.695, 15.611, 15.11, 12.985, 6.95, 0.0, 4.469, 7.217, 10.482, 14.281, 17.781, 20.16, 21.619, 22.914, 24.515, 25.859, 26.593, 27.176, 27.772, 28.297, 29.18, 30.098, 29.97, 30.109, 30.464, 30.204, 29.9, 30.048, 30.187, 29.969, 30.18, 31.097, 31.692, 31.497, 31.608, 31.521, 30.533, 29.739, 29.697, 30.225, 31.374, 32.693, 33.34, 32.998, 32.537, 32.822, 32.831, 32.123, 32.214, 32.509, 32.532, 32.895, 33.582, 34.06, 33.729, 33.347, 33.924, 34.677, 34.273, 33.581, 33.031, 32.431, 32.397, 32.863, 33.508, 33.815, 34.054, 35.853, 37.939, 37.931, 37.098, 37.202, 37.486, 36.497, 35.299, 34.82, 35.164, 35.943, 36.396, 35.848, 34.543, 32.597, 32.081, 33.498, 34.573, 35.204, 35.714, 35.088, 34.103, 33.815, 33.722, 33.469, 33.381, 33.388, 33.424, 33.845, 35.01, 37.209, 39.778, 41.293, 41.535, 41.381, 41.421, 41.401, 41.557, 42.615, 43.592, 42.384, 39.461, 36.712, 35.2, 34.626, 34.375, 34.372, 34.467, 34.624, 34.859, 34.863, 34.814, 35.003, 34.911, 34.568, 33.913, 33.142, 32.918, 32.972, 32.986, 33.31, 33.652, 33.624, 33.278, 32.859, 32.609, 32.399, 32.205, 32.143, 32.651, 32.874, 28.439], [28.238, 26.918, 26.04, 24.587, 23.35, 23.118, 22.11, 19.435, 17.481, 16.928, 15.104, 10.115, 4.469, 0.0, 4.264, 8.963, 13.273, 16.888, 19.318, 20.828, 22.202, 23.913, 25.338, 26.105, 26.71, 27.338, 27.895, 28.866, 29.918, 29.877, 30.048, 30.406, 30.13, 29.817, 29.99, 30.154, 29.946, 30.188, 31.129, 31.714, 31.494, 31.591, 31.518, 30.554, 29.761, 29.71, 30.245, 31.412, 32.741, 33.382, 33.026, 32.562, 32.853, 32.867, 32.16, 32.252, 32.537, 32.549, 32.905, 33.584, 34.044, 33.689, 33.287, 33.862, 34.619, 34.215, 33.534, 33.005, 32.425, 32.399, 32.873, 33.527, 33.844, 34.094, 35.89, 37.944, 37.906, 37.067, 37.163, 37.439, 36.465, 35.293, 34.814, 35.148, 35.927, 36.389, 35.847, 34.536, 32.555, 32.046, 33.485, 34.568, 35.2, 35.71, 35.088, 34.105, 33.818, 33.724, 33.474, 33.387, 33.406, 33.467, 33.919, 35.112, 37.34, 39.922, 41.43, 41.662, 41.502, 41.54, 41.519, 41.656, 42.692, 43.663, 42.453, 39.516, 36.755, 35.247, 34.678, 34.444, 34.467, 34.563, 34.708, 34.942, 34.94, 34.867, 35.039, 34.955, 34.631, 33.965, 33.159, 32.926, 32.992, 33.002, 33.313, 33.639, 33.605, 33.254, 32.828, 32.584, 32.386, 32.192, 32.11, 32.607, 32.832, 29.44], [28.726, 27.375, 26.494, 25.05, 23.842, 23.659, 22.708, 20.103, 18.205, 17.658, 15.886, 11.387, 7.217, 4.264, 0.0, 5.921, 11.431, 15.599, 18.158, 19.748, 21.266, 23.139, 24.679, 25.514, 26.159, 26.823, 27.428, 28.484, 29.662, 29.733, 29.962, 30.328, 30.054, 29.761, 29.962, 30.15, 29.953, 30.192, 31.129, 31.711, 31.502, 31.604, 31.523, 30.558, 29.775, 29.737, 30.296, 31.491, 32.834, 33.477, 33.102, 32.626, 32.915, 32.94, 32.238, 32.316, 32.582, 32.59, 32.943, 33.602, 34.046, 33.686, 33.273, 33.84, 34.595, 34.196, 33.528, 33.009, 32.431, 32.399, 32.87, 33.521, 33.843, 34.1, 35.877, 37.893, 37.834, 36.997, 37.097, 37.379, 36.416, 35.247, 34.764, 35.094, 35.865, 36.323, 35.786, 34.481, 32.488, 31.992, 33.449, 34.537, 35.172, 35.688, 35.07, 34.091, 33.814, 33.722, 33.47, 33.383, 33.404, 33.482, 33.967, 35.194, 37.436, 40.034, 41.548, 41.78, 41.615, 41.654, 41.637, 41.767, 42.794, 43.767, 42.566, 39.627, 36.87, 35.362, 34.765, 34.523, 34.558, 34.654, 34.791, 35.018, 35.009, 34.932, 35.103, 35.024, 34.708, 34.038, 33.192, 32.955, 33.046, 33.054, 33.336, 33.644, 33.61, 33.261, 32.825, 32.582, 32.409, 32.231, 32.134, 32.614, 32.825, 29.933], [29.902, 28.576, 27.73, 26.373, 25.241, 25.101, 24.24, 21.793, 19.997, 19.519, 17.902, 13.792, 10.482, 8.963, 5.921, 0.0, 6.88, 12.508, 15.81, 17.72, 19.52, 21.692, 23.442, 24.402, 25.123, 25.847, 26.544, 27.771, 29.165, 29.462, 29.835, 30.231, 30.013, 29.808, 30.037, 30.229, 30.059, 30.304, 31.219, 31.796, 31.645, 31.812, 31.759, 30.816, 30.05, 30.011, 30.558, 31.712, 32.999, 33.608, 33.223, 32.764, 33.069, 33.098, 32.416, 32.518, 32.785, 32.797, 33.154, 33.793, 34.226, 33.884, 33.474, 34.012, 34.741, 34.34, 33.674, 33.155, 32.573, 32.527, 32.978, 33.612, 33.935, 34.198, 35.941, 37.935, 37.898, 37.097, 37.2, 37.481, 36.548, 35.406, 34.928, 35.24, 35.984, 36.423, 35.893, 34.612, 32.65, 32.146, 33.572, 34.634, 35.255, 35.77, 35.165, 34.203, 33.928, 33.829, 33.588, 33.537, 33.571, 33.651, 34.138, 35.364, 37.584, 40.163, 41.659, 41.876, 41.701, 41.738, 41.727, 41.846, 42.835, 43.778, 42.584, 39.691, 36.995, 35.518, 34.909, 34.655, 34.703, 34.813, 34.944, 35.15, 35.136, 35.076, 35.252, 35.161, 34.846, 34.204, 33.367, 33.157, 33.279, 33.29, 33.557, 33.85, 33.803, 33.434, 32.982, 32.746, 32.604, 32.445, 32.352, 32.818, 33.001, 31.051], [31.336, 30.109, 29.356, 28.148, 27.132, 27.022, 26.236, 23.99, 22.351, 21.933, 20.545, 17.042, 14.281, 13.273, 11.431, 6.88, 0.0, 7.057, 11.775, 14.516, 16.87, 19.553, 21.63, 22.759, 23.576, 24.396, 25.253, 26.741, 28.442, 29.06, 29.648, 30.094, 29.928, 29.818, 30.097, 30.313, 30.194, 30.5, 31.419, 31.965, 31.839, 32.082, 32.11, 31.233, 30.509, 30.47, 30.979, 32.051, 33.247, 33.804, 33.431, 33.022, 33.351, 33.368, 32.706, 32.86, 33.149, 33.165, 33.517, 34.13, 34.542, 34.205, 33.791, 34.284, 34.975, 34.574, 33.91, 33.406, 32.85, 32.807, 33.232, 33.834, 34.141, 34.385, 36.075, 38.044, 38.031, 37.245, 37.337, 37.617, 36.712, 35.612, 35.156, 35.455, 36.168, 36.599, 36.091, 34.858, 32.998, 32.535, 33.932, 34.96, 35.558, 36.075, 35.508, 34.592, 34.333, 34.223, 33.993, 33.99, 34.048, 34.114, 34.554, 35.715, 37.841, 40.326, 41.761, 41.951, 41.769, 41.796, 41.772, 41.857, 42.792, 43.703, 42.528, 39.712, 37.102, 35.671, 35.1, 34.872, 34.923, 35.036, 35.16, 35.341, 35.32, 35.266, 35.446, 35.346, 35.031, 34.437, 33.666, 33.507, 33.661, 33.677, 33.937, 34.209, 34.137, 33.745, 33.279, 33.04, 32.892, 32.737, 32.666, 33.116, 33.281, 32.379], [32.536, 31.426, 30.78, 29.717, 28.803, 28.702, 27.961, 25.897, 24.417, 24.035, 22.851, 19.978, 17.781, 16.888, 15.599, 12.508, 7.057, 0.0, 6.095, 10.44, 14.009, 17.474, 19.943, 21.252, 22.167, 23.095, 24.124, 25.823, 27.738, 28.599, 29.384, 29.883, 29.765, 29.747, 30.092, 30.358, 30.317, 30.739, 31.692, 32.189, 32.041, 32.326, 32.423, 31.607, 30.947, 30.95, 31.451, 32.475, 33.608, 34.12, 33.77, 33.418, 33.754, 33.756, 33.115, 33.28, 33.57, 33.588, 33.915, 34.483, 34.86, 34.504, 34.074, 34.536, 35.191, 34.779, 34.117, 33.638, 33.124, 33.095, 33.498, 34.062, 34.344, 34.549, 36.134, 38.009, 37.965, 37.167, 37.252, 37.549, 36.693, 35.658, 35.248, 35.538, 36.213, 36.631, 36.158, 35.005, 33.278, 32.9, 34.3, 35.31, 35.88, 36.395, 35.875, 35.015, 34.787, 34.678, 34.439, 34.448, 34.516, 34.584, 34.998, 36.111, 38.156, 40.555, 41.942, 42.122, 41.954, 41.984, 41.947, 42.0, 42.899, 43.811, 42.676, 39.93, 37.388, 35.998, 35.47, 35.268, 35.311, 35.416, 35.534, 35.687, 35.648, 35.593, 35.776, 35.68, 35.366, 34.794, 34.052, 33.903, 34.07, 34.087, 34.333, 34.579, 34.503, 34.12, 33.654, 33.399, 33.227, 33.085, 33.035, 33.459, 33.615, 33.472], [33.244, 32.22, 31.662, 30.701, 29.857, 29.774, 29.092, 27.191, 25.849, 25.491, 24.431, 21.967, 20.16, 19.318, 18.158, 15.81, 11.775, 6.095, 0.0, 5.786, 10.926, 15.343, 18.24, 19.745, 20.785, 21.843, 23.029, 24.903, 26.984, 27.986, 28.885, 29.432, 29.387, 29.46, 29.853, 30.161, 30.203, 30.768, 31.795, 32.286, 32.14, 32.449, 32.57, 31.78, 31.17, 31.232, 31.768, 32.801, 33.928, 34.426, 34.075, 33.744, 34.078, 34.064, 33.425, 33.567, 33.839, 33.853, 34.153, 34.679, 35.027, 34.652, 34.207, 34.653, 35.302, 34.898, 34.246, 33.778, 33.268, 33.234, 33.622, 34.164, 34.439, 34.62, 36.119, 37.914, 37.835, 37.028, 37.124, 37.452, 36.651, 35.672, 35.301, 35.582, 36.218, 36.61, 36.146, 35.039, 33.382, 33.069, 34.498, 35.517, 36.08, 36.589, 36.104, 35.289, 35.091, 34.985, 34.747, 34.768, 34.839, 34.908, 35.318, 36.418, 38.425, 40.774, 42.131, 42.309, 42.155, 42.195, 42.166, 42.212, 43.099, 44.014, 42.903, 40.191, 37.684, 36.312, 35.802, 35.612, 35.655, 35.753, 35.861, 35.998, 35.946, 35.885, 36.07, 35.979, 35.662, 35.081, 34.32, 34.152, 34.309, 34.328, 34.567, 34.808, 34.75, 34.399, 33.937, 33.662, 33.489, 33.375, 33.317, 33.711, 33.874, 34.105], [33.475, 32.523, 32.043, 31.171, 30.393, 30.358, 29.763, 28.02, 26.812, 26.488, 25.491, 23.23, 21.619, 20.828, 19.748, 17.72, 14.516, 10.44, 5.786, 0.0, 6.281, 11.951, 15.604, 17.427, 18.619, 19.838, 21.238, 23.416, 25.804, 26.992, 28.007, 28.613, 28.62, 28.753, 29.194, 29.552, 29.684, 30.393, 31.536, 32.071, 31.953, 32.306, 32.449, 31.654, 31.042, 31.136, 31.723, 32.806, 33.98, 34.509, 34.147, 33.796, 34.127, 34.106, 33.446, 33.567, 33.826, 33.837, 34.13, 34.64, 34.974, 34.593, 34.151, 34.616, 35.293, 34.903, 34.248, 33.774, 33.235, 33.17, 33.542, 34.078, 34.363, 34.552, 36.05, 37.852, 37.781, 36.983, 37.103, 37.45, 36.645, 35.653, 35.282, 35.561, 36.191, 36.578, 36.106, 34.995, 33.309, 32.996, 34.453, 35.489, 36.055, 36.565, 36.079, 35.269, 35.076, 34.975, 34.754, 34.785, 34.851, 34.918, 35.329, 36.431, 38.438, 40.778, 42.12, 42.29, 42.139, 42.192, 42.189, 42.266, 43.163, 44.055, 42.923, 40.197, 37.68, 36.303, 35.796, 35.607, 35.644, 35.736, 35.84, 35.98, 35.924, 35.851, 36.04, 35.955, 35.635, 35.033, 34.253, 34.075, 34.22, 34.251, 34.512, 34.774, 34.733, 34.392, 33.923, 33.638, 33.49, 33.407, 33.336, 33.716, 33.892, 34.265], [33.545, 32.671, 32.274, 31.502, 30.794, 30.812, 30.316, 28.738, 27.658, 27.378, 26.455, 24.373, 22.914, 22.202, 21.266, 19.52, 16.87, 14.009, 10.926, 6.281, 0.0, 6.737, 11.579, 14.108, 15.523, 16.883, 18.634, 21.327, 24.174, 25.66, 26.879, 27.556, 27.589, 27.786, 28.306, 28.746, 28.999, 29.887, 31.168, 31.764, 31.676, 32.074, 32.245, 31.46, 30.847, 30.953, 31.578, 32.694, 33.899, 34.457, 34.093, 33.716, 34.031, 34.016, 33.37, 33.501, 33.756, 33.774, 34.077, 34.589, 34.917, 34.531, 34.091, 34.562, 35.24, 34.844, 34.182, 33.713, 33.179, 33.101, 33.455, 33.982, 34.273, 34.473, 35.99, 37.834, 37.807, 37.039, 37.189, 37.54, 36.696, 35.663, 35.28, 35.56, 36.187, 36.575, 36.1, 34.973, 33.25, 32.911, 34.374, 35.421, 35.999, 36.512, 36.018, 35.189, 34.977, 34.878, 34.674, 34.7, 34.759, 34.833, 35.242, 36.313, 38.277, 40.59, 41.924, 42.096, 41.944, 42.007, 42.032, 42.151, 43.053, 43.908, 42.757, 40.029, 37.508, 36.141, 35.651, 35.466, 35.505, 35.613, 35.728, 35.887, 35.841, 35.766, 35.961, 35.881, 35.558, 34.948, 34.164, 33.987, 34.133, 34.183, 34.473, 34.763, 34.727, 34.368, 33.885, 33.608, 33.486, 33.416, 33.356, 33.741, 33.912, 34.258], [33.903, 33.115, 32.819, 32.178, 31.544, 31.573, 31.143, 29.717, 28.749, 28.5, 27.654, 25.783, 24.515, 23.913, 23.139, 21.692, 19.553, 17.474, 15.343, 11.951, 6.737, 0.0, 6.06, 9.934, 11.929, 13.423, 15.685, 19.133, 22.554, 24.459, 25.972, 26.737, 26.865, 27.224, 27.858, 28.38, 28.763, 29.813, 31.182, 31.816, 31.756, 32.177, 32.378, 31.653, 31.085, 31.202, 31.821, 32.907, 34.077, 34.625, 34.275, 33.901, 34.193, 34.181, 33.598, 33.765, 34.016, 34.041, 34.353, 34.862, 35.181, 34.793, 34.36, 34.815, 35.456, 35.051, 34.397, 33.954, 33.455, 33.373, 33.699, 34.202, 34.487, 34.677, 36.165, 38.012, 38.029, 37.291, 37.462, 37.812, 36.941, 35.875, 35.485, 35.76, 36.36, 36.737, 36.276, 35.172, 33.494, 33.171, 34.613, 35.651, 36.223, 36.725, 36.245, 35.428, 35.2, 35.078, 34.862, 34.888, 34.951, 35.033, 35.438, 36.455, 38.317, 40.559, 41.88, 42.063, 41.914, 41.973, 42.011, 42.146, 43.038, 43.881, 42.756, 40.07, 37.586, 36.266, 35.814, 35.619, 35.662, 35.806, 35.941, 36.12, 36.1, 36.034, 36.221, 36.135, 35.809, 35.191, 34.399, 34.23, 34.397, 34.456, 34.741, 35.038, 34.999, 34.615, 34.128, 33.87, 33.768, 33.694, 33.637, 34.013, 34.173, 34.556], [34.321, 33.618, 33.436, 32.946, 32.39, 32.404, 31.99, 30.665, 29.774, 29.54, 28.73, 26.994, 25.859, 25.338, 24.679, 23.442, 21.63, 19.943, 18.24, 15.604, 11.579, 6.06, 0.0, 5.147, 8.411, 10.46, 13.202, 17.325, 21.288, 23.621, 25.418, 26.255, 26.508, 27.065, 27.798, 28.348, 28.789, 29.902, 31.284, 31.939, 31.92, 32.368, 32.599, 31.932, 31.409, 31.535, 32.126, 33.151, 34.264, 34.792, 34.452, 34.09, 34.375, 34.369, 33.855, 34.075, 34.334, 34.36, 34.668, 35.177, 35.499, 35.118, 34.696, 35.142, 35.763, 35.361, 34.713, 34.278, 33.797, 33.714, 34.024, 34.512, 34.794, 34.979, 36.423, 38.235, 38.255, 37.524, 37.695, 38.033, 37.134, 36.022, 35.619, 35.904, 36.491, 36.858, 36.424, 35.366, 33.753, 33.463, 34.896, 35.922, 36.474, 36.952, 36.488, 35.701, 35.472, 35.325, 35.089, 35.121, 35.193, 35.276, 35.691, 36.702, 38.499, 40.683, 41.989, 42.179, 42.029, 42.076, 42.113, 42.243, 43.115, 43.961, 42.867, 40.216, 37.777, 36.503, 36.063, 35.847, 35.881, 36.041, 36.185, 36.371, 36.372, 36.311, 36.478, 36.387, 36.07, 35.447, 34.623, 34.45, 34.64, 34.7, 34.955, 35.241, 35.2, 34.813, 34.338, 34.105, 34.039, 33.965, 33.881, 34.234, 34.397, 34.937], [34.457, 33.821, 33.741, 33.371, 32.873, 32.879, 32.47, 31.21, 30.381, 30.161, 29.358, 27.675, 26.593, 26.105, 25.514, 24.402, 22.759, 21.252, 19.745, 17.427, 14.108, 9.934, 5.147, 0.0, 4.635, 8.093, 11.567, 16.122, 20.449, 23.082, 25.065, 25.943, 26.246, 26.89, 27.656, 28.196, 28.636, 29.751, 31.122, 31.79, 31.816, 32.302, 32.55, 31.916, 31.425, 31.559, 32.131, 33.135, 34.249, 34.79, 34.456, 34.101, 34.395, 34.41, 33.941, 34.182, 34.44, 34.467, 34.775, 35.289, 35.623, 35.254, 34.829, 35.261, 35.876, 35.483, 34.843, 34.415, 33.95, 33.868, 34.173, 34.649, 34.929, 35.13, 36.563, 38.339, 38.335, 37.58, 37.731, 38.043, 37.093, 35.917, 35.509, 35.816, 36.401, 36.758, 36.339, 35.31, 33.736, 33.477, 34.913, 35.934, 36.478, 36.947, 36.485, 35.708, 35.485, 35.333, 35.099, 35.148, 35.224, 35.302, 35.726, 36.732, 38.48, 40.624, 41.92, 42.109, 41.956, 41.999, 42.039, 42.17, 43.021, 43.848, 42.756, 40.118, 37.718, 36.478, 36.04, 35.813, 35.836, 35.994, 36.141, 36.337, 36.355, 36.29, 36.436, 36.346, 36.05, 35.436, 34.612, 34.454, 34.664, 34.716, 34.949, 35.214, 35.161, 34.79, 34.351, 34.147, 34.103, 34.02, 33.909, 34.237, 34.392, 35.053], [34.642, 34.035, 33.997, 33.675, 33.196, 33.209, 32.83, 31.628, 30.842, 30.642, 29.865, 28.228, 27.176, 26.71, 26.159, 25.123, 23.576, 22.167, 20.785, 18.619, 15.523, 11.929, 8.411, 4.635, 0.0, 4.857, 9.825, 15.191, 19.908, 22.773, 24.878, 25.813, 26.13, 26.771, 27.552, 28.119, 28.594, 29.741, 31.117, 31.774, 31.814, 32.315, 32.58, 31.991, 31.545, 31.69, 32.265, 33.273, 34.387, 34.934, 34.613, 34.267, 34.556, 34.584, 34.145, 34.392, 34.636, 34.655, 34.963, 35.474, 35.804, 35.434, 34.998, 35.404, 36.004, 35.631, 35.026, 34.642, 34.213, 34.129, 34.411, 34.859, 35.114, 35.301, 36.701, 38.433, 38.411, 37.653, 37.805, 38.1, 37.117, 35.929, 35.542, 35.852, 36.421, 36.765, 36.342, 35.327, 33.804, 33.585, 34.998, 36.012, 36.568, 37.043, 36.58, 35.805, 35.584, 35.438, 35.219, 35.278, 35.349, 35.428, 35.836, 36.778, 38.444, 40.534, 41.809, 41.996, 41.839, 41.883, 41.929, 42.065, 42.904, 43.721, 42.651, 40.053, 37.688, 36.483, 36.075, 35.855, 35.871, 36.039, 36.197, 36.407, 36.435, 36.364, 36.499, 36.419, 36.14, 35.546, 34.768, 34.657, 34.879, 34.925, 35.154, 35.4, 35.328, 34.962, 34.554, 34.366, 34.309, 34.211, 34.113, 34.429, 34.547, 35.22], [34.928, 34.342, 34.309, 33.993, 33.519, 33.538, 33.186, 32.022, 31.254, 31.077, 30.353, 28.788, 27.772, 27.338, 26.823, 25.847, 24.396, 23.095, 21.843, 19.838, 16.883, 13.423, 10.46, 8.093, 4.857, 0.0, 6.353, 13.155, 18.693, 21.89, 24.147, 25.177, 25.557, 26.265, 27.137, 27.801, 28.4, 29.694, 31.149, 31.81, 31.853, 32.378, 32.684, 32.146, 31.734, 31.896, 32.501, 33.516, 34.602, 35.129, 34.824, 34.494, 34.783, 34.817, 34.408, 34.678, 34.917, 34.923, 35.222, 35.73, 36.043, 35.652, 35.209, 35.605, 36.193, 35.834, 35.254, 34.905, 34.52, 34.448, 34.712, 35.138, 35.363, 35.509, 36.86, 38.551, 38.523, 37.794, 37.975, 38.28, 37.307, 36.145, 35.775, 36.075, 36.615, 36.93, 36.503, 35.502, 34.026, 33.844, 35.245, 36.267, 36.84, 37.313, 36.842, 36.061, 35.83, 35.683, 35.465, 35.507, 35.577, 35.673, 36.069, 36.956, 38.57, 40.617, 41.874, 42.067, 41.912, 41.953, 42.008, 42.166, 43.01, 43.828, 42.787, 40.237, 37.886, 36.677, 36.281, 36.066, 36.08, 36.263, 36.433, 36.644, 36.666, 36.591, 36.728, 36.658, 36.393, 35.818, 35.087, 35.001, 35.214, 35.265, 35.517, 35.768, 35.692, 35.312, 34.898, 34.709, 34.637, 34.528, 34.445, 34.758, 34.845, 35.477], [35.014, 34.478, 34.49, 34.199, 33.743, 33.758, 33.404, 32.255, 31.495, 31.334, 30.679, 29.238, 28.297, 27.895, 27.428, 26.544, 25.253, 24.124, 23.029, 21.238, 18.634, 15.685, 13.202, 11.567, 9.825, 6.353, 0.0, 8.288, 15.344, 19.341, 21.933, 23.142, 23.739, 24.726, 25.81, 26.629, 27.426, 28.998, 30.649, 31.372, 31.445, 32.05, 32.446, 31.951, 31.561, 31.76, 32.416, 33.452, 34.535, 35.06, 34.754, 34.44, 34.756, 34.817, 34.44, 34.741, 34.989, 34.983, 35.274, 35.784, 36.082, 35.652, 35.193, 35.606, 36.209, 35.857, 35.264, 34.904, 34.547, 34.515, 34.794, 35.217, 35.432, 35.56, 36.876, 38.538, 38.515, 37.832, 38.046, 38.365, 37.423, 36.298, 35.931, 36.201, 36.688, 36.96, 36.537, 35.55, 34.076, 33.89, 35.287, 36.326, 36.918, 37.386, 36.891, 36.093, 35.855, 35.715, 35.486, 35.503, 35.572, 35.683, 36.078, 36.948, 38.572, 40.628, 41.891, 42.091, 41.942, 41.988, 42.059, 42.262, 43.149, 43.972, 42.931, 40.396, 38.043, 36.796, 36.372, 36.147, 36.161, 36.346, 36.517, 36.723, 36.737, 36.667, 36.809, 36.736, 36.477, 35.926, 35.237, 35.171, 35.382, 35.459, 35.736, 36.0, 35.927, 35.528, 35.09, 34.88, 34.773, 34.636, 34.538, 34.835, 34.91, 35.523], [35.247, 34.76, 34.823, 34.607, 34.183, 34.161, 33.792, 32.682, 31.951, 31.805, 31.218, 29.951, 29.18, 28.866, 28.484, 27.771, 26.741, 25.823, 24.903, 23.416, 21.327, 19.133, 17.325, 16.122, 15.191, 13.155, 8.288, 0.0, 8.702, 14.759, 18.515, 20.089, 21.189, 22.863, 24.305, 25.269, 26.238, 28.081, 29.939, 30.759, 30.911, 31.661, 32.224, 31.823, 31.48, 31.713, 32.369, 33.363, 34.421, 34.943, 34.639, 34.341, 34.683, 34.776, 34.435, 34.747, 35.0, 34.999, 35.29, 35.797, 36.083, 35.625, 35.148, 35.568, 36.204, 35.891, 35.287, 34.888, 34.547, 34.568, 34.86, 35.261, 35.454, 35.549, 36.787, 38.399, 38.393, 37.757, 37.992, 38.324, 37.447, 36.412, 36.068, 36.294, 36.69, 36.885, 36.474, 35.555, 34.157, 33.924, 35.2, 36.181, 36.747, 37.194, 36.682, 35.898, 35.678, 35.553, 35.318, 35.328, 35.409, 35.536, 35.9, 36.723, 38.355, 40.431, 41.72, 41.94, 41.812, 41.88, 41.994, 42.287, 43.26, 44.106, 43.072, 40.594, 38.318, 37.075, 36.626, 36.386, 36.392, 36.569, 36.743, 36.949, 36.971, 36.916, 37.059, 36.961, 36.683, 36.166, 35.533, 35.49, 35.708, 35.819, 36.067, 36.309, 36.252, 35.86, 35.404, 35.148, 34.956, 34.772, 34.664, 34.955, 35.038, 35.704], [35.56, 35.075, 35.163, 35.013, 34.634, 34.588, 34.208, 33.156, 32.487, 32.363, 31.828, 30.695, 30.098, 29.918, 29.662, 29.165, 28.442, 27.738, 26.984, 25.804, 24.174, 22.554, 21.288, 20.449, 19.908, 18.693, 15.344, 8.702, 0.0, 8.506, 14.404, 16.818, 18.639, 21.284, 23.23, 24.325, 25.396, 27.392, 29.353, 30.249, 30.503, 31.404, 32.093, 31.774, 31.496, 31.753, 32.396, 33.373, 34.447, 34.998, 34.71, 34.419, 34.767, 34.875, 34.552, 34.856, 35.114, 35.129, 35.423, 35.922, 36.214, 35.776, 35.324, 35.752, 36.397, 36.105, 35.5, 35.052, 34.677, 34.714, 35.009, 35.391, 35.545, 35.602, 36.795, 38.393, 38.425, 37.827, 38.07, 38.397, 37.574, 36.629, 36.314, 36.499, 36.826, 36.948, 36.506, 35.621, 34.245, 33.91, 35.039, 35.947, 36.484, 36.916, 36.407, 35.665, 35.477, 35.359, 35.125, 35.157, 35.272, 35.421, 35.751, 36.535, 38.209, 40.353, 41.722, 41.983, 41.872, 41.956, 42.101, 42.471, 43.538, 44.428, 43.409, 40.978, 38.766, 37.549, 37.096, 36.847, 36.848, 37.015, 37.194, 37.406, 37.445, 37.414, 37.554, 37.436, 37.144, 36.638, 35.998, 35.918, 36.089, 36.196, 36.41, 36.641, 36.618, 36.263, 35.808, 35.516, 35.249, 35.016, 34.892, 35.21, 35.33, 36.02], [35.002, 34.504, 34.618, 34.469, 34.161, 34.171, 33.788, 32.771, 32.195, 32.108, 31.588, 30.494, 29.97, 29.877, 29.733, 29.462, 29.06, 28.599, 27.986, 26.992, 25.66, 24.459, 23.621, 23.082, 22.773, 21.89, 19.341, 14.759, 8.506, 0.0, 7.803, 11.952, 14.741, 18.222, 20.838, 22.317, 23.654, 25.954, 28.154, 29.162, 29.483, 30.466, 31.18, 30.855, 30.594, 30.894, 31.61, 32.718, 33.945, 34.586, 34.307, 33.992, 34.334, 34.436, 34.079, 34.384, 34.666, 34.695, 35.006, 35.536, 35.867, 35.457, 35.053, 35.568, 36.243, 35.923, 35.298, 34.797, 34.321, 34.319, 34.628, 35.048, 35.203, 35.276, 36.57, 38.261, 38.331, 37.751, 37.988, 38.283, 37.438, 36.504, 36.168, 36.316, 36.658, 36.8, 36.311, 35.321, 33.746, 33.323, 34.496, 35.447, 36.023, 36.482, 35.95, 35.16, 34.959, 34.863, 34.634, 34.657, 34.773, 34.913, 35.228, 36.045, 37.845, 40.156, 41.656, 41.963, 41.852, 41.934, 42.061, 42.443, 43.58, 44.519, 43.469, 40.948, 38.645, 37.374, 36.893, 36.65, 36.672, 36.833, 37.006, 37.229, 37.276, 37.258, 37.403, 37.285, 36.997, 36.468, 35.769, 35.628, 35.75, 35.837, 36.078, 36.343, 36.346, 36.005, 35.541, 35.233, 34.932, 34.666, 34.526, 34.902, 35.076, 35.518], [34.767, 34.273, 34.387, 34.228, 34.011, 34.107, 33.735, 32.749, 32.258, 32.204, 31.678, 30.6, 30.109, 30.048, 29.962, 29.835, 29.648, 29.384, 28.885, 28.007, 26.879, 25.972, 25.418, 25.065, 24.878, 24.147, 21.933, 18.515, 14.404, 7.803, 0.0, 6.237, 10.891, 15.322, 18.557, 20.571, 22.305, 24.985, 27.478, 28.606, 28.93, 29.891, 30.584, 30.287, 30.081, 30.446, 31.237, 32.434, 33.746, 34.438, 34.159, 33.829, 34.179, 34.291, 33.907, 34.203, 34.52, 34.575, 34.887, 35.422, 35.773, 35.376, 34.997, 35.557, 36.236, 35.902, 35.273, 34.748, 34.216, 34.177, 34.484, 34.935, 35.115, 35.229, 36.612, 38.366, 38.468, 37.919, 38.146, 38.411, 37.55, 36.608, 36.24, 36.369, 36.747, 36.921, 36.412, 35.349, 33.661, 33.238, 34.471, 35.442, 36.035, 36.512, 35.968, 35.133, 34.901, 34.819, 34.606, 34.611, 34.702, 34.809, 35.113, 35.963, 37.807, 40.161, 41.694, 42.018, 41.922, 42.01, 42.129, 42.507, 43.658, 44.615, 43.568, 41.002, 38.637, 37.332, 36.832, 36.6, 36.656, 36.823, 36.988, 37.222, 37.278, 37.261, 37.407, 37.291, 36.995, 36.429, 35.675, 35.485, 35.576, 35.649, 35.91, 36.193, 36.209, 35.881, 35.425, 35.124, 34.82, 34.56, 34.445, 34.852, 35.038, 35.306], [34.965, 34.462, 34.55, 34.384, 34.19, 34.312, 33.967, 33.025, 32.571, 32.531, 32.005, 30.939, 30.464, 30.406, 30.328, 30.231, 30.094, 29.883, 29.432, 28.613, 27.556, 26.737, 26.255, 25.943, 25.813, 25.177, 23.142, 20.089, 16.818, 11.952, 6.237, 0.0, 6.624, 12.931, 16.932, 19.23, 21.188, 24.112, 26.779, 27.999, 28.398, 29.447, 30.205, 29.984, 29.855, 30.278, 31.109, 32.319, 33.62, 34.312, 34.051, 33.744, 34.123, 34.278, 33.926, 34.227, 34.577, 34.669, 34.992, 35.521, 35.878, 35.507, 35.159, 35.723, 36.387, 36.051, 35.423, 34.888, 34.337, 34.283, 34.589, 35.039, 35.227, 35.381, 36.775, 38.492, 38.571, 38.014, 38.233, 38.509, 37.66, 36.698, 36.315, 36.454, 36.845, 37.025, 36.525, 35.477, 33.806, 33.395, 34.631, 35.589, 36.176, 36.666, 36.147, 35.315, 35.066, 34.977, 34.779, 34.792, 34.865, 34.944, 35.243, 36.099, 37.908, 40.214, 41.725, 42.051, 41.959, 42.041, 42.152, 42.526, 43.662, 44.602, 43.554, 41.0, 38.663, 37.4, 36.918, 36.689, 36.759, 36.928, 37.091, 37.333, 37.397, 37.37, 37.507, 37.399, 37.099, 36.533, 35.781, 35.584, 35.674, 35.75, 36.011, 36.291, 36.318, 36.01, 35.564, 35.276, 34.998, 34.756, 34.649, 35.039, 35.195, 35.501], [34.641, 34.126, 34.213, 34.014, 33.797, 33.933, 33.612, 32.722, 32.322, 32.301, 31.766, 30.68, 30.204, 30.13, 30.054, 30.013, 29.928, 29.765, 29.387, 28.62, 27.589, 26.865, 26.508, 26.246, 26.13, 25.557, 23.739, 21.189, 18.639, 14.741, 10.891, 6.624, 0.0, 7.985, 13.529, 16.523, 18.832, 22.228, 25.268, 26.64, 27.159, 28.396, 29.292, 29.127, 29.032, 29.498, 30.414, 31.741, 33.122, 33.837, 33.57, 33.267, 33.652, 33.828, 33.514, 33.852, 34.205, 34.308, 34.681, 35.251, 35.618, 35.252, 34.919, 35.518, 36.202, 35.845, 35.2, 34.673, 34.117, 34.064, 34.394, 34.865, 35.067, 35.235, 36.642, 38.343, 38.354, 37.724, 37.945, 38.239, 37.336, 36.308, 35.92, 36.099, 36.558, 36.796, 36.308, 35.236, 33.535, 33.165, 34.484, 35.486, 36.095, 36.612, 36.095, 35.215, 34.929, 34.84, 34.651, 34.663, 34.711, 34.757, 35.048, 35.905, 37.726, 40.072, 41.603, 41.918, 41.809, 41.878, 41.975, 42.337, 43.475, 44.412, 43.341, 40.752, 38.387, 37.102, 36.605, 36.383, 36.447, 36.597, 36.761, 37.018, 37.082, 37.037, 37.165, 37.082, 36.808, 36.262, 35.556, 35.404, 35.515, 35.597, 35.874, 36.169, 36.196, 35.876, 35.428, 35.155, 34.878, 34.614, 34.507, 34.909, 35.033, 35.201], [34.183, 33.676, 33.773, 33.538, 33.319, 33.491, 33.189, 32.342, 32.018, 32.027, 31.48, 30.372, 29.9, 29.817, 29.761, 29.808, 29.818, 29.747, 29.46, 28.753, 27.786, 27.224, 27.065, 26.89, 26.771, 26.265, 24.726, 22.863, 21.284, 18.222, 15.322, 12.931, 7.985, 0.0, 7.387, 12.237, 15.719, 20.053, 23.782, 25.418, 26.026, 27.377, 28.366, 28.244, 28.181, 28.683, 29.691, 31.212, 32.768, 33.534, 33.234, 32.919, 33.302, 33.474, 33.173, 33.555, 33.903, 33.974, 34.373, 34.998, 35.371, 34.964, 34.615, 35.265, 35.989, 35.624, 34.981, 34.475, 33.921, 33.888, 34.251, 34.757, 34.979, 35.104, 36.505, 38.235, 38.209, 37.512, 37.742, 38.039, 37.03, 35.902, 35.492, 35.704, 36.25, 36.566, 36.092, 34.973, 33.232, 32.941, 34.393, 35.466, 36.098, 36.628, 36.102, 35.19, 34.885, 34.792, 34.588, 34.577, 34.598, 34.611, 34.892, 35.749, 37.603, 40.022, 41.587, 41.895, 41.775, 41.843, 41.918, 42.258, 43.409, 44.372, 43.294, 40.636, 38.173, 36.793, 36.248, 36.04, 36.108, 36.242, 36.407, 36.686, 36.76, 36.718, 36.853, 36.797, 36.556, 36.014, 35.349, 35.264, 35.405, 35.472, 35.745, 36.05, 36.069, 35.717, 35.264, 34.997, 34.688, 34.391, 34.313, 34.753, 34.849, 34.767], [34.094, 33.613, 33.713, 33.471, 33.259, 33.443, 33.165, 32.366, 32.09, 32.126, 31.59, 30.497, 30.048, 29.99, 29.962, 30.037, 30.097, 30.092, 29.853, 29.194, 28.306, 27.858, 27.798, 27.656, 27.552, 27.137, 25.81, 24.305, 23.23, 20.838, 18.557, 16.932, 13.529, 7.387, 0.0, 6.739, 12.466, 18.255, 22.663, 24.585, 25.305, 26.733, 27.8, 27.759, 27.76, 28.287, 29.318, 30.917, 32.557, 33.361, 33.071, 32.767, 33.154, 33.344, 33.072, 33.487, 33.86, 33.938, 34.34, 34.993, 35.405, 35.012, 34.659, 35.304, 36.03, 35.664, 35.018, 34.515, 33.973, 33.961, 34.347, 34.867, 35.088, 35.163, 36.542, 38.308, 38.32, 37.63, 37.869, 38.171, 37.131, 35.955, 35.509, 35.714, 36.273, 36.62, 36.168, 35.047, 33.294, 32.961, 34.385, 35.439, 36.056, 36.575, 36.053, 35.163, 34.872, 34.762, 34.532, 34.508, 34.52, 34.529, 34.819, 35.681, 37.531, 39.961, 41.531, 41.842, 41.726, 41.797, 41.87, 42.209, 43.363, 44.322, 43.213, 40.505, 38.008, 36.615, 36.058, 35.85