[[0.0, 5.682, 14.97, 24.89, 29.82, 30.93, 30.973, 31.448, 32.017, 32.228, 32.54, 33.144, 33.635, 33.886, 34.302, 34.719, 35.037, 35.306, 35.367, 35.652, 36.236, 36.052, 35.585, 35.764, 36.524, 37.237, 37.529, 37.378, 37.235, 37.276, 37.331, 37.46, 37.519, 37.317, 37.009, 36.675, 36.388, 36.332, 36.465, 36.579, 36.563, 36.724, 36.968, 36.728, 36.162, 35.957, 36.196, 36.143, 35.704, 35.686, 36.172, 36.803, 36.974, 37.087, 37.321, 37.146, 36.945, 37.23, 37.35, 37.064, 37.064, 37.304, 37.216, 37.177, 37.392, 37.231, 36.855, 36.85, 37.688, 38.823, 39.254, 39.418, 39.677, 39.574, 39.127, 39.117, 39.562, 39.627, 40.048, 42.063, 43.839, 43.945, 43.583, 43.066, 42.369, 42.225, 42.252, 41.929, 41.356, 40.807, 40.853, 41.641, 41.926, 41.886, 42.218, 42.621, 42.786, 42.513, 42.185, 42.263, 42.397, 42.519, 42.919, 43.094, 42.274, 40.61, 38.664, 37.377, 37.213, 37.221, 36.637, 36.61, 37.343, 37.747, 37.594, 37.632, 38.18, 38.662, 38.459, 38.147, 38.105, 38.112, 38.008, 37.716, 37.847, 38.417, 39.038, 39.498, 39.7, 39.912, 40.319, 40.427, 40.21, 40.235, 40.698, 40.757, 40.386, 39.978, 39.437, 39.333, 39.271, 39.172, 39.888, 40.282, 6.998], [5.682, 0.0, 10.66, 21.732, 27.301, 28.636, 28.729, 29.266, 29.917, 30.187, 30.544, 31.215, 31.783, 32.077, 32.537, 33.045, 33.471, 33.813, 33.931, 34.34, 35.084, 34.954, 34.448, 34.581, 35.406, 36.229, 36.598, 36.462, 36.311, 36.362, 36.426, 36.542, 36.587, 36.374, 36.045, 35.672, 35.349, 35.264, 35.37, 35.477, 35.494, 35.687, 35.937, 35.681, 35.077, 34.857, 35.147, 35.11, 34.563, 34.468, 34.99, 35.676, 35.901, 36.098, 36.378, 36.173, 35.965, 36.301, 36.439, 36.138, 36.168, 36.457, 36.398, 36.369, 36.588, 36.398, 35.984, 35.994, 36.922, 38.174, 38.722, 38.95, 39.203, 39.042, 38.509, 38.512, 39.032, 39.091, 39.507, 41.529, 43.277, 43.302, 42.852, 42.285, 41.561, 41.406, 41.417, 41.038, 40.399, 39.832, 39.916, 40.763, 41.059, 41.026, 41.358, 41.765, 41.951, 41.695, 41.376, 41.468, 41.611, 41.725, 42.113, 42.279, 41.427, 39.71, 37.689, 36.344, 36.202, 36.233, 35.619, 35.543, 36.244, 36.726, 36.662, 36.739, 37.357, 37.896, 37.657, 37.297, 37.251, 37.262, 37.147, 36.819, 36.942, 37.531, 38.166, 38.638, 38.843, 39.078, 39.5, 39.569, 39.325, 39.365, 39.869, 39.925, 39.537, 39.125, 38.563, 38.447, 38.379, 38.269, 39.022, 39.43, 10.96], [14.97, 10.66, 0.0, 12.641, 20.067, 22.319, 22.709, 23.54, 24.476, 24.915, 25.387, 26.235, 26.971, 27.317, 27.892, 28.661, 29.328, 29.905, 30.362, 31.287, 32.507, 32.52, 31.872, 31.81, 32.662, 33.674, 34.192, 34.065, 33.902, 34.031, 34.205, 34.37, 34.404, 34.169, 33.848, 33.466, 33.082, 32.892, 32.9, 32.952, 32.978, 33.203, 33.456, 33.145, 32.431, 32.181, 32.618, 32.649, 31.863, 31.599, 32.291, 33.221, 33.645, 34.101, 34.507, 34.177, 33.84, 34.226, 34.434, 34.134, 34.237, 34.64, 34.671, 34.707, 34.981, 34.747, 34.254, 34.384, 35.681, 37.287, 38.078, 38.377, 38.536, 38.183, 37.392, 37.363, 37.988, 38.0, 38.482, 40.671, 42.448, 42.317, 41.679, 40.965, 40.07, 39.775, 39.678, 39.142, 38.316, 37.641, 37.766, 38.738, 39.069, 39.081, 39.457, 39.866, 40.073, 39.832, 39.513, 39.656, 39.859, 39.97, 40.347, 40.507, 39.564, 37.67, 35.385, 33.814, 33.692, 33.776, 33.067, 32.944, 33.749, 34.509, 34.617, 34.784, 35.667, 36.44, 36.094, 35.511, 35.384, 35.391, 35.259, 34.869, 34.997, 35.622, 36.274, 36.778, 36.984, 37.246, 37.703, 37.65, 37.293, 37.361, 37.967, 38.018, 37.6, 37.194, 36.518, 36.276, 36.145, 35.981, 36.844, 37.295, 18.383], [24.89, 21.732, 12.641, 0.0, 9.714, 13.889, 15.192, 16.635, 18.181, 19.127, 20.006, 21.218, 22.154, 22.566, 23.393, 24.594, 25.641, 26.595, 27.51, 28.967, 30.684, 30.927, 30.192, 29.966, 30.856, 32.042, 32.666, 32.528, 32.36, 32.575, 32.863, 33.071, 33.091, 32.861, 32.626, 32.321, 31.91, 31.616, 31.51, 31.49, 31.488, 31.708, 31.95, 31.588, 30.77, 30.505, 31.118, 31.268, 30.32, 29.859, 30.66, 31.852, 32.543, 33.294, 33.829, 33.367, 32.827, 33.153, 33.421, 33.198, 33.418, 33.937, 34.074, 34.196, 34.512, 34.236, 33.709, 33.977, 35.565, 37.44, 38.44, 38.759, 38.762, 38.194, 37.162, 37.102, 37.813, 37.76, 38.277, 40.538, 42.226, 41.929, 41.139, 40.301, 39.236, 38.787, 38.573, 37.87, 36.855, 36.078, 36.236, 37.299, 37.66, 37.725, 38.139, 38.488, 38.654, 38.408, 38.102, 38.308, 38.579, 38.674, 39.031, 39.201, 38.223, 36.258, 33.895, 32.286, 32.223, 32.345, 31.534, 31.368, 32.297, 33.352, 33.657, 33.938, 35.085, 36.064, 35.599, 34.768, 34.524, 34.516, 34.368, 33.902, 33.968, 34.571, 35.212, 35.752, 35.957, 36.214, 36.675, 36.477, 36.011, 36.103, 36.797, 36.855, 36.447, 36.083, 35.319, 34.979, 34.796, 34.551, 35.48, 35.973, 27.263], [29.82, 27.301, 20.067, 9.714, 0.0, 6.058, 9.448, 12.383, 14.909, 16.562, 17.934, 19.396, 20.4, 20.924, 21.983, 23.452, 24.748, 25.936, 27.041, 28.575, 30.396, 30.815, 30.194, 30.046, 30.977, 32.11, 32.678, 32.517, 32.337, 32.559, 32.883, 33.11, 33.121, 32.918, 32.793, 32.58, 32.192, 31.875, 31.729, 31.668, 31.636, 31.829, 32.051, 31.692, 30.896, 30.651, 31.286, 31.498, 30.626, 30.138, 30.862, 32.061, 32.836, 33.677, 34.242, 33.76, 33.149, 33.396, 33.671, 33.51, 33.757, 34.272, 34.437, 34.601, 34.93, 34.647, 34.141, 34.434, 35.995, 37.861, 38.872, 39.173, 39.136, 38.536, 37.472, 37.415, 38.135, 38.055, 38.561, 40.761, 42.367, 42.04, 41.24, 40.396, 39.314, 38.841, 38.591, 37.839, 36.799, 36.04, 36.211, 37.257, 37.623, 37.718, 38.136, 38.432, 38.547, 38.269, 37.952, 38.155, 38.409, 38.467, 38.815, 39.006, 38.064, 36.161, 33.883, 32.359, 32.33, 32.469, 31.677, 31.535, 32.459, 33.558, 33.933, 34.266, 35.458, 36.459, 35.983, 35.111, 34.821, 34.79, 34.63, 34.114, 34.083, 34.609, 35.211, 35.752, 35.945, 36.159, 36.579, 36.329, 35.841, 35.933, 36.634, 36.724, 36.362, 36.035, 35.3, 34.989, 34.811, 34.53, 35.418, 35.897, 31.683], [30.93, 28.636, 22.319, 13.889, 6.058, 0.0, 5.348, 10.412, 14.102, 16.209, 17.788, 19.322, 20.351, 20.959, 22.097, 23.625, 24.975, 26.187, 27.284, 28.739, 30.523, 31.008, 30.475, 30.457, 31.445, 32.479, 32.971, 32.801, 32.606, 32.809, 33.163, 33.425, 33.431, 33.233, 33.147, 32.966, 32.587, 32.269, 32.126, 32.063, 32.028, 32.222, 32.438, 32.091, 31.327, 31.068, 31.641, 31.846, 31.063, 30.645, 31.308, 32.412, 33.148, 33.965, 34.513, 34.047, 33.451, 33.673, 33.936, 33.787, 34.016, 34.509, 34.684, 34.865, 35.196, 34.932, 34.458, 34.745, 36.221, 38.002, 38.959, 39.235, 39.206, 38.631, 37.591, 37.54, 38.246, 38.164, 38.654, 40.802, 42.391, 42.086, 41.315, 40.496, 39.454, 39.013, 38.775, 38.041, 37.041, 36.325, 36.507, 37.532, 37.884, 37.964, 38.377, 38.666, 38.773, 38.493, 38.175, 38.367, 38.599, 38.636, 38.973, 39.163, 38.237, 36.366, 34.125, 32.644, 32.622, 32.764, 32.05, 31.977, 32.867, 33.921, 34.299, 34.626, 35.775, 36.743, 36.297, 35.464, 35.177, 35.136, 34.969, 34.444, 34.374, 34.862, 35.459, 35.99, 36.164, 36.354, 36.752, 36.506, 36.033, 36.128, 36.816, 36.91, 36.564, 36.241, 35.517, 35.198, 35.031, 34.766, 35.612, 36.059, 32.607], [30.973, 28.729, 22.709, 15.192, 9.448, 5.348, 0.0, 6.656, 11.874, 14.739, 16.646, 18.403, 19.597, 20.323, 21.578, 23.214, 24.647, 25.907, 27.009, 28.449, 30.276, 30.798, 30.267, 30.337, 31.453, 32.517, 32.994, 32.83, 32.639, 32.838, 33.198, 33.472, 33.491, 33.32, 33.248, 33.076, 32.704, 32.367, 32.209, 32.163, 32.14, 32.321, 32.518, 32.155, 31.373, 31.088, 31.614, 31.793, 31.039, 30.687, 31.377, 32.454, 33.157, 33.953, 34.49, 34.021, 33.427, 33.636, 33.883, 33.718, 33.934, 34.43, 34.621, 34.813, 35.135, 34.866, 34.415, 34.726, 36.165, 37.884, 38.81, 39.092, 39.087, 38.536, 37.501, 37.432, 38.129, 38.067, 38.58, 40.731, 42.312, 42.015, 41.251, 40.437, 39.412, 38.988, 38.753, 38.024, 37.028, 36.313, 36.505, 37.536, 37.886, 37.953, 38.353, 38.633, 38.738, 38.469, 38.158, 38.347, 38.579, 38.616, 38.945, 39.121, 38.186, 36.3, 34.062, 32.629, 32.618, 32.748, 32.05, 32.013, 32.928, 34.005, 34.417, 34.753, 35.894, 36.845, 36.396, 35.577, 35.306, 35.272, 35.107, 34.587, 34.507, 34.977, 35.579, 36.104, 36.27, 36.476, 36.878, 36.604, 36.119, 36.226, 36.904, 36.972, 36.621, 36.295, 35.533, 35.151, 34.964, 34.717, 35.573, 36.017, 32.637], [31.448, 29.266, 23.54, 16.635, 12.383, 10.412, 6.656, 0.0, 6.728, 11.152, 13.969, 16.214, 17.757, 18.76, 20.293, 22.13, 23.709, 25.106, 26.298, 27.783, 29.7, 30.268, 29.716, 29.838, 31.119, 32.334, 32.869, 32.72, 32.54, 32.744, 33.088, 33.328, 33.353, 33.248, 33.219, 33.052, 32.697, 32.345, 32.161, 32.125, 32.107, 32.267, 32.448, 32.062, 31.249, 30.966, 31.491, 31.646, 30.878, 30.529, 31.258, 32.375, 33.087, 33.879, 34.404, 33.922, 33.32, 33.519, 33.751, 33.581, 33.811, 34.331, 34.535, 34.721, 35.016, 34.725, 34.285, 34.611, 36.023, 37.709, 38.663, 39.015, 39.051, 38.501, 37.468, 37.398, 38.099, 38.037, 38.546, 40.683, 42.256, 41.986, 41.229, 40.405, 39.372, 38.956, 38.729, 38.003, 36.991, 36.246, 36.423, 37.455, 37.811, 37.883, 38.263, 38.519, 38.628, 38.383, 38.095, 38.292, 38.521, 38.56, 38.89, 39.06, 38.105, 36.166, 33.867, 32.439, 32.451, 32.588, 31.847, 31.806, 32.766, 33.869, 34.316, 34.682, 35.826, 36.754, 36.293, 35.503, 35.274, 35.266, 35.112, 34.599, 34.529, 35.0, 35.596, 36.111, 36.269, 36.496, 36.905, 36.577, 36.049, 36.151, 36.822, 36.861, 36.497, 36.165, 35.375, 34.957, 34.758, 34.517, 35.413, 35.883, 33.115], [32.017, 29.917, 24.476, 18.181, 14.909, 14.102, 11.874, 6.728, 0.0, 5.916, 10.259, 13.326, 15.361, 16.823, 18.724, 20.679, 22.305, 23.858, 25.232, 26.886, 28.949, 29.575, 29.001, 29.133, 30.546, 31.914, 32.522, 32.39, 32.214, 32.421, 32.76, 32.985, 33.009, 32.951, 32.964, 32.805, 32.458, 32.113, 31.921, 31.873, 31.847, 32.015, 32.216, 31.818, 30.982, 30.732, 31.317, 31.479, 30.643, 30.221, 30.981, 32.185, 32.937, 33.726, 34.241, 33.744, 33.134, 33.344, 33.579, 33.413, 33.678, 34.226, 34.432, 34.613, 34.905, 34.599, 34.147, 34.467, 35.877, 37.588, 38.591, 38.994, 39.057, 38.51, 37.479, 37.434, 38.163, 38.085, 38.58, 40.743, 42.354, 42.099, 41.334, 40.491, 39.423, 38.982, 38.758, 38.03, 36.985, 36.185, 36.317, 37.345, 37.709, 37.789, 38.16, 38.398, 38.502, 38.258, 37.975, 38.183, 38.419, 38.478, 38.84, 39.028, 38.074, 36.103, 33.721, 32.228, 32.257, 32.417, 31.601, 31.511, 32.49, 33.561, 34.003, 34.396, 35.537, 36.447, 35.983, 35.218, 35.036, 35.062, 34.929, 34.436, 34.393, 34.877, 35.479, 36.003, 36.159, 36.393, 36.825, 36.489, 35.927, 36.006, 36.681, 36.721, 36.345, 35.982, 35.144, 34.71, 34.509, 34.269, 35.226, 35.738, 33.655], [32.228, 30.187, 24.915, 19.127, 16.562, 16.209, 14.739, 11.152, 5.916, 0.0, 5.609, 9.884, 12.674, 14.672, 16.98, 19.028, 20.645, 22.355, 23.979, 25.909, 28.141, 28.801, 28.24, 28.407, 29.904, 31.357, 32.013, 31.898, 31.736, 31.973, 32.36, 32.642, 32.692, 32.626, 32.623, 32.467, 32.126, 31.798, 31.626, 31.572, 31.525, 31.689, 31.9, 31.491, 30.63, 30.387, 31.025, 31.205, 30.287, 29.762, 30.547, 31.838, 32.613, 33.388, 33.895, 33.375, 32.743, 32.974, 33.222, 33.048, 33.33, 33.894, 34.093, 34.286, 34.607, 34.292, 33.807, 34.152, 35.666, 37.468, 38.49, 38.875, 38.946, 38.413, 37.393, 37.384, 38.156, 38.082, 38.614, 40.872, 42.537, 42.271, 41.483, 40.618, 39.493, 38.981, 38.725, 37.982, 36.896, 36.021, 36.095, 37.119, 37.489, 37.586, 37.976, 38.227, 38.342, 38.094, 37.801, 38.011, 38.256, 38.344, 38.746, 38.951, 37.991, 35.997, 33.563, 32.017, 32.043, 32.207, 31.347, 31.207, 32.19, 33.221, 33.619, 34.006, 35.166, 36.092, 35.624, 34.84, 34.658, 34.688, 34.559, 34.077, 34.067, 34.577, 35.196, 35.738, 35.901, 36.138, 36.601, 36.295, 35.729, 35.793, 36.48, 36.529, 36.138, 35.737, 34.857, 34.426, 34.232, 33.991, 34.996, 35.538, 33.818], [32.54, 30.544, 25.387, 20.006, 17.934, 17.788, 16.646, 13.969, 10.259, 5.609, 0.0, 5.287, 9.231, 11.967, 14.834, 17.197, 18.965, 20.849, 22.719, 24.96, 27.385, 28.067, 27.516, 27.762, 29.356, 30.878, 31.582, 31.485, 31.35, 31.638, 32.085, 32.433, 32.522, 32.449, 32.416, 32.253, 31.921, 31.607, 31.455, 31.419, 31.358, 31.506, 31.714, 31.293, 30.416, 30.173, 30.848, 31.04, 30.038, 29.428, 30.249, 31.603, 32.389, 33.161, 33.662, 33.111, 32.45, 32.697, 32.957, 32.762, 33.024, 33.586, 33.782, 33.997, 34.346, 34.006, 33.478, 33.864, 35.497, 37.374, 38.39, 38.748, 38.819, 38.296, 37.283, 37.315, 38.13, 38.064, 38.632, 40.987, 42.753, 42.505, 41.703, 40.821, 39.653, 39.077, 38.783, 38.031, 36.924, 35.995, 36.027, 37.049, 37.415, 37.518, 37.926, 38.203, 38.337, 38.096, 37.803, 38.018, 38.265, 38.359, 38.776, 38.984, 38.009, 35.983, 33.481, 31.836, 31.828, 31.992, 31.1, 30.917, 31.904, 32.923, 33.274, 33.655, 34.853, 35.807, 35.327, 34.52, 34.331, 34.362, 34.234, 33.762, 33.788, 34.335, 34.986, 35.564, 35.748, 35.996, 36.483, 36.198, 35.643, 35.712, 36.422, 36.478, 36.071, 35.639, 34.731, 34.302, 34.109, 33.858, 34.89, 35.456, 34.051], [33.144, 31.215, 26.235, 21.218, 19.396, 19.322, 18.403, 16.214, 13.326, 9.884, 5.287, 0.0, 5.029, 9.027, 12.817, 15.631, 17.694, 19.797, 21.84, 24.274, 26.839, 27.557, 27.038, 27.377, 29.071, 30.676, 31.435, 31.364, 31.265, 31.602, 32.085, 32.451, 32.561, 32.511, 32.48, 32.315, 31.998, 31.707, 31.571, 31.55, 31.486, 31.639, 31.853, 31.434, 30.573, 30.346, 31.036, 31.227, 30.189, 29.546, 30.367, 31.738, 32.532, 33.302, 33.794, 33.224, 32.549, 32.795, 33.047, 32.83, 33.062, 33.605, 33.796, 34.023, 34.382, 34.024, 33.469, 33.86, 35.526, 37.412, 38.414, 38.766, 38.848, 38.339, 37.338, 37.395, 38.234, 38.171, 38.744, 41.145, 42.998, 42.782, 41.976, 41.093, 39.923, 39.335, 39.033, 38.286, 37.186, 36.247, 36.269, 37.283, 37.635, 37.73, 38.139, 38.428, 38.562, 38.307, 38.002, 38.206, 38.444, 38.531, 38.941, 39.146, 38.173, 36.14, 33.592, 31.865, 31.821, 31.987, 31.082, 30.879, 31.863, 32.87, 33.191, 33.564, 34.773, 35.727, 35.231, 34.421, 34.242, 34.284, 34.168, 33.72, 33.77, 34.321, 34.984, 35.592, 35.795, 36.043, 36.53, 36.251, 35.709, 35.79, 36.522, 36.597, 36.192, 35.75, 34.834, 34.398, 34.193, 33.941, 34.982, 35.557, 34.563], [33.635, 31.783, 26.971, 22.154, 20.4, 20.351, 19.597, 17.757, 15.361, 12.674, 9.231, 5.029, 0.0, 5.452, 10.701, 14.104, 16.423, 18.735, 20.95, 23.542, 26.208, 26.957, 26.514, 26.984, 28.768, 30.446, 31.266, 31.222, 31.152, 31.534, 32.049, 32.417, 32.534, 32.495, 32.476, 32.321, 32.016, 31.748, 31.643, 31.647, 31.584, 31.73, 31.94, 31.525, 30.678, 30.458, 31.16, 31.361, 30.32, 29.646, 30.436, 31.814, 32.629, 33.396, 33.882, 33.299, 32.609, 32.854, 33.11, 32.874, 33.077, 33.607, 33.799, 34.036, 34.411, 34.059, 33.499, 33.908, 35.614, 37.508, 38.489, 38.83, 38.913, 38.407, 37.406, 37.467, 38.312, 38.251, 38.824, 41.244, 43.132, 42.917, 42.099, 41.215, 40.055, 39.474, 39.171, 38.422, 37.32, 36.381, 36.405, 37.41, 37.753, 37.843, 38.251, 38.542, 38.67, 38.399, 38.065, 38.244, 38.47, 38.551, 38.95, 39.153, 38.187, 36.155, 33.59, 31.826, 31.775, 31.944, 31.041, 30.848, 31.855, 32.872, 33.179, 33.532, 34.736, 35.679, 35.149, 34.311, 34.126, 34.169, 34.057, 33.615, 33.661, 34.194, 34.846, 35.479, 35.707, 35.95, 36.428, 36.153, 35.621, 35.709, 36.459, 36.552, 36.148, 35.696, 34.774, 34.347, 34.166, 33.938, 34.992, 35.57, 34.973], [33.886, 32.077, 27.317, 22.566, 20.924, 20.959, 20.323, 18.76, 16.823, 14.672, 11.967, 9.027, 5.452, 0.0, 6.428, 10.987, 14.035, 16.649, 19.13, 22.104, 25.024, 25.813, 25.454, 26.12, 28.043, 29.821, 30.727, 30.718, 30.67, 31.094, 31.641, 32.004, 32.124, 32.093, 32.08, 31.941, 31.646, 31.403, 31.358, 31.445, 31.423, 31.554, 31.737, 31.299, 30.429, 30.192, 30.923, 31.154, 30.068, 29.326, 30.145, 31.587, 32.451, 33.254, 33.754, 33.159, 32.464, 32.74, 33.017, 32.762, 32.948, 33.48, 33.671, 33.912, 34.304, 33.956, 33.39, 33.826, 35.584, 37.486, 38.439, 38.75, 38.809, 38.275, 37.231, 37.258, 38.09, 38.036, 38.641, 41.134, 43.082, 42.859, 42.022, 41.135, 39.976, 39.4, 39.102, 38.345, 37.233, 36.295, 36.327, 37.344, 37.69, 37.768, 38.169, 38.458, 38.578, 38.296, 37.952, 38.13, 38.354, 38.416, 38.797, 38.98, 37.963, 35.858, 33.243, 31.439, 31.392, 31.591, 30.697, 30.536, 31.602, 32.656, 32.952, 33.291, 34.512, 35.461, 34.893, 34.013, 33.811, 33.848, 33.724, 33.265, 33.322, 33.88, 34.552, 35.221, 35.47, 35.712, 36.196, 35.929, 35.392, 35.477, 36.254, 36.36, 35.933, 35.451, 34.518, 34.118, 33.974, 33.752, 34.822, 35.414, 35.163], [34.302, 32.537, 27.892, 23.393, 21.983, 22.097, 21.578, 20.293, 18.724, 16.98, 14.834, 12.817, 10.701, 6.428, 0.0, 6.027, 10.815, 14.287, 17.164, 20.66, 23.939, 24.818, 24.563, 25.413, 27.452, 29.35, 30.361, 30.396, 30.372, 30.818, 31.368, 31.704, 31.826, 31.826, 31.829, 31.706, 31.442, 31.237, 31.243, 31.425, 31.496, 31.663, 31.82, 31.356, 30.471, 30.193, 30.896, 31.142, 30.036, 29.237, 30.067, 31.556, 32.472, 33.311, 33.822, 33.232, 32.553, 32.847, 33.123, 32.858, 33.043, 33.582, 33.761, 33.986, 34.371, 34.017, 33.447, 33.868, 35.604, 37.48, 38.406, 38.69, 38.714, 38.146, 37.07, 37.061, 37.872, 37.84, 38.494, 41.06, 43.05, 42.815, 41.963, 41.09, 39.945, 39.377, 39.085, 38.333, 37.233, 36.312, 36.365, 37.41, 37.775, 37.837, 38.228, 38.52, 38.628, 38.33, 37.986, 38.168, 38.387, 38.44, 38.809, 38.97, 37.905, 35.726, 33.063, 31.229, 31.198, 31.439, 30.577, 30.456, 31.539, 32.601, 32.891, 33.216, 34.436, 35.383, 34.802, 33.91, 33.702, 33.737, 33.607, 33.146, 33.233, 33.844, 34.555, 35.257, 35.512, 35.752, 36.252, 36.006, 35.468, 35.543, 36.327, 36.445, 36.008, 35.512, 34.584, 34.189, 34.049, 33.813, 34.879, 35.481, 35.509], [34.719, 33.045, 28.661, 24.594, 23.452, 23.625, 23.214, 22.13, 20.679, 19.028, 17.197, 15.631, 14.104, 10.987, 6.027, 0.0, 6.442, 11.602, 15.567, 19.759, 23.247, 24.18, 24.058, 25.014, 27.087, 29.065, 30.133, 30.182, 30.163, 30.602, 31.142, 31.496, 31.649, 31.663, 31.666, 31.555, 31.318, 31.159, 31.195, 31.404, 31.535, 31.751, 31.912, 31.445, 30.569, 30.282, 30.972, 31.218, 30.094, 29.235, 30.043, 31.571, 32.515, 33.346, 33.841, 33.253, 32.577, 32.863, 33.127, 32.848, 33.021, 33.555, 33.717, 33.925, 34.318, 33.976, 33.406, 33.829, 35.602, 37.498, 38.413, 38.665, 38.648, 38.065, 37.004, 37.018, 37.839, 37.806, 38.467, 41.074, 43.071, 42.808, 41.941, 41.066, 39.915, 39.326, 39.019, 38.27, 37.175, 36.239, 36.269, 37.328, 37.723, 37.798, 38.204, 38.511, 38.615, 38.303, 37.957, 38.138, 38.362, 38.454, 38.87, 39.057, 38.008, 35.822, 33.115, 31.214, 31.182, 31.445, 30.597, 30.478, 31.531, 32.551, 32.825, 33.136, 34.343, 35.281, 34.698, 33.805, 33.599, 33.64, 33.508, 33.03, 33.128, 33.796, 34.545, 35.264, 35.533, 35.784, 36.296, 36.066, 35.534, 35.586, 36.343, 36.458, 36.022, 35.532, 34.622, 34.253, 34.134, 33.885, 34.947, 35.566, 35.848], [35.037, 33.471, 29.328, 25.641, 24.748, 24.975, 24.647, 23.709, 22.305, 20.645, 18.965, 17.694, 16.423, 14.035, 10.815, 6.442, 0.0, 6.91, 12.913, 18.422, 22.212, 23.151, 23.154, 24.299, 26.507, 28.577, 29.685, 29.735, 29.715, 30.184, 30.804, 31.268, 31.472, 31.472, 31.452, 31.335, 31.095, 30.947, 31.016, 31.226, 31.331, 31.545, 31.724, 31.271, 30.39, 30.104, 30.822, 31.076, 29.895, 28.973, 29.808, 31.405, 32.386, 33.219, 33.703, 33.091, 32.385, 32.668, 32.94, 32.648, 32.814, 33.358, 33.524, 33.738, 34.161, 33.844, 33.268, 33.722, 35.603, 37.58, 38.501, 38.713, 38.658, 38.054, 36.999, 37.066, 37.914, 37.845, 38.485, 41.139, 43.16, 42.894, 42.02, 41.11, 39.914, 39.288, 38.961, 38.21, 37.111, 36.125, 36.083, 37.104, 37.506, 37.617, 38.055, 38.377, 38.482, 38.16, 37.816, 38.011, 38.262, 38.417, 38.911, 39.151, 38.14, 35.956, 33.153, 31.11, 31.038, 31.299, 30.424, 30.296, 31.369, 32.38, 32.612, 32.913, 34.154, 35.109, 34.508, 33.582, 33.369, 33.421, 33.295, 32.782, 32.856, 33.573, 34.373, 35.108, 35.388, 35.67, 36.209, 35.974, 35.415, 35.44, 36.179, 36.27, 35.807, 35.293, 34.362, 34.015, 33.933, 33.666, 34.749, 35.405, 36.097], [35.306, 33.813, 29.905, 26.595, 25.936, 26.187, 25.907, 25.106, 23.858, 22.355, 20.849, 19.797, 18.735, 16.649, 14.287, 11.602, 6.91, 0.0, 8.064, 15.707, 20.396, 21.495, 21.632, 23.177, 25.809, 28.059, 29.235, 29.323, 29.339, 29.879, 30.628, 31.208, 31.462, 31.469, 31.442, 31.329, 31.09, 30.923, 31.017, 31.283, 31.383, 31.557, 31.731, 31.339, 30.53, 30.271, 30.982, 31.233, 30.071, 29.175, 29.999, 31.555, 32.532, 33.363, 33.83, 33.221, 32.527, 32.804, 33.07, 32.79, 32.958, 33.492, 33.657, 33.877, 34.309, 34.004, 33.428, 33.859, 35.705, 37.658, 38.557, 38.75, 38.683, 38.059, 37.009, 37.135, 38.01, 37.903, 38.465, 41.051, 43.062, 42.846, 42.014, 41.095, 39.891, 39.288, 38.978, 38.242, 37.175, 36.21, 36.149, 37.125, 37.494, 37.597, 38.023, 38.319, 38.392, 38.056, 37.738, 37.96, 38.227, 38.405, 38.92, 39.181, 38.217, 36.112, 33.365, 31.313, 31.181, 31.424, 30.581, 30.468, 31.502, 32.442, 32.605, 32.888, 34.119, 35.046, 34.441, 33.525, 33.327, 33.403, 33.299, 32.802, 32.861, 33.578, 34.403, 35.126, 35.396, 35.7, 36.266, 36.045, 35.482, 35.5, 36.229, 36.295, 35.796, 35.247, 34.325, 34.024, 33.976, 33.713, 34.788, 35.455, 36.31], [35.367, 33.931, 30.362, 27.51, 27.041, 27.284, 27.009, 26.298, 25.232, 23.979, 22.719, 21.84, 20.95, 19.13, 17.164, 15.567, 12.913, 8.064, 0.0, 9.689, 16.103, 17.891, 18.375, 20.747, 24.265, 27.003, 28.423, 28.637, 28.723, 29.257, 29.974, 30.559, 30.865, 30.916, 30.923, 30.87, 30.68, 30.517, 30.659, 31.06, 31.261, 31.46, 31.645, 31.363, 30.762, 30.667, 31.376, 31.576, 30.516, 29.758, 30.528, 31.953, 32.882, 33.679, 34.128, 33.582, 32.971, 33.246, 33.486, 33.237, 33.405, 33.906, 34.051, 34.245, 34.626, 34.292, 33.714, 34.053, 35.702, 37.535, 38.419, 38.647, 38.613, 38.013, 37.019, 37.195, 38.073, 37.952, 38.432, 40.902, 42.878, 42.739, 41.979, 41.089, 39.923, 39.393, 39.132, 38.431, 37.428, 36.535, 36.479, 37.412, 37.758, 37.801, 38.147, 38.39, 38.429, 38.093, 37.788, 37.989, 38.214, 38.343, 38.812, 39.064, 38.15, 36.173, 33.663, 31.797, 31.634, 31.845, 31.076, 30.99, 31.856, 32.584, 32.694, 32.967, 34.108, 34.955, 34.384, 33.562, 33.443, 33.567, 33.495, 33.035, 33.088, 33.751, 34.565, 35.29, 35.556, 35.834, 36.39, 36.233, 35.729, 35.747, 36.444, 36.492, 35.985, 35.458, 34.629, 34.391, 34.353, 34.098, 35.114, 35.757, 36.301], [35.652, 34.34, 31.287, 28.967, 28.575, 28.739, 28.449, 27.783, 26.886, 25.909, 24.96, 24.274, 23.542, 22.104, 20.66, 19.759, 18.422, 15.707, 9.689, 0.0, 8.169, 11.79, 13.594, 17.413, 22.227, 25.653, 27.423, 27.833, 28.015, 28.466, 28.985, 29.462, 29.825, 29.941, 29.995, 30.044, 29.97, 29.895, 30.145, 30.691, 31.051, 31.376, 31.625, 31.464, 31.182, 31.454, 32.222, 32.341, 31.384, 30.721, 31.374, 32.656, 33.515, 34.238, 34.667, 34.246, 33.768, 34.033, 34.242, 34.017, 34.145, 34.567, 34.665, 34.793, 35.091, 34.75, 34.215, 34.449, 35.831, 37.474, 38.358, 38.694, 38.745, 38.232, 37.35, 37.53, 38.336, 38.223, 38.645, 40.911, 42.772, 42.689, 42.011, 41.184, 40.074, 39.607, 39.401, 38.759, 37.848, 37.035, 36.934, 37.762, 38.088, 38.057, 38.269, 38.438, 38.477, 38.195, 37.925, 38.081, 38.208, 38.22, 38.591, 38.804, 37.945, 36.175, 34.077, 32.642, 32.533, 32.69, 32.011, 31.95, 32.571, 33.048, 33.175, 33.447, 34.407, 35.138, 34.644, 33.96, 33.94, 34.118, 34.075, 33.663, 33.738, 34.327, 35.075, 35.791, 36.059, 36.287, 36.783, 36.669, 36.228, 36.214, 36.793, 36.807, 36.345, 35.901, 35.238, 35.086, 35.053, 34.828, 35.74, 36.311, 36.452], [36.236, 35.084, 32.507, 30.684, 30.396, 30.523, 30.276, 29.7, 28.949, 28.141, 27.385, 26.839, 26.208, 25.024, 23.939, 23.247, 22.212, 20.396, 16.103, 8.169, 0.0, 5.802, 10.374, 15.789, 21.261, 25.058, 27.051, 27.607, 27.892, 28.301, 28.682, 29.1, 29.514, 29.66, 29.73, 29.843, 29.868, 29.906, 30.261, 30.873, 31.315, 31.743, 32.06, 31.963, 31.879, 32.446, 33.312, 33.413, 32.474, 31.724, 32.231, 33.448, 34.275, 34.933, 35.335, 35.006, 34.632, 34.898, 35.095, 34.882, 34.959, 35.289, 35.326, 35.403, 35.664, 35.36, 34.889, 35.077, 36.295, 37.758, 38.579, 38.962, 39.067, 38.603, 37.778, 37.929, 38.671, 38.58, 39.0, 41.17, 42.99, 42.968, 42.36, 41.579, 40.502, 40.058, 39.879, 39.289, 38.451, 37.668, 37.491, 38.231, 38.575, 38.545, 38.703, 38.857, 38.929, 38.692, 38.451, 38.587, 38.664, 38.616, 38.923, 39.107, 38.297, 36.673, 34.789, 33.569, 33.495, 33.622, 33.005, 32.964, 33.45, 33.85, 34.041, 34.299, 35.112, 35.762, 35.316, 34.695, 34.701, 34.885, 34.844, 34.463, 34.572, 35.155, 35.887, 36.585, 36.845, 37.035, 37.463, 37.329, 36.891, 36.824, 37.292, 37.286, 36.851, 36.43, 35.859, 35.77, 35.736, 35.553, 36.411, 36.916, 36.901], [36.052, 34.954, 32.52, 30.927, 30.815, 31.008, 30.798, 30.268, 29.575, 28.801, 28.067, 27.557, 26.957, 25.813, 24.818, 24.18, 23.151, 21.495, 17.891, 11.79, 5.802, 0.0, 6.863, 14.209, 20.316, 24.295, 26.375, 26.98, 27.328, 27.796, 28.214, 28.665, 29.098, 29.232, 29.279, 29.39, 29.43, 29.489, 29.868, 30.508, 30.979, 31.448, 31.803, 31.702, 31.606, 32.225, 33.184, 33.332, 32.337, 31.476, 31.938, 33.191, 34.066, 34.739, 35.14, 34.816, 34.45, 34.728, 34.93, 34.71, 34.775, 35.082, 35.088, 35.143, 35.399, 35.099, 34.633, 34.82, 36.043, 37.492, 38.279, 38.663, 38.79, 38.333, 37.501, 37.656, 38.417, 38.334, 38.788, 41.053, 42.943, 42.938, 42.329, 41.528, 40.418, 39.95, 39.762, 39.174, 38.336, 37.53, 37.335, 38.101, 38.483, 38.488, 38.693, 38.899, 39.005, 38.767, 38.509, 38.638, 38.726, 38.691, 39.002, 39.201, 38.412, 36.781, 34.811, 33.467, 33.377, 33.506, 32.861, 32.81, 33.3, 33.714, 33.93, 34.197, 35.007, 35.652, 35.183, 34.531, 34.514, 34.675, 34.618, 34.245, 34.394, 35.02, 35.782, 36.511, 36.794, 36.989, 37.398, 37.232, 36.775, 36.704, 37.185, 37.193, 36.749, 36.29, 35.688, 35.615, 35.596, 35.43, 36.328, 36.842, 36.719], [35.585, 34.448, 31.872, 30.192, 30.194, 30.475, 30.267, 29.716, 29.001, 28.24, 27.516, 27.038, 26.514, 25.454, 24.563, 24.058, 23.154, 21.632, 18.375, 13.594, 10.374, 6.863, 0.0, 9.28, 17.227, 22.072, 24.429, 25.064, 25.453, 26.036, 26.592, 27.129, 27.573, 27.677, 27.715, 27.832, 27.855, 27.896, 28.294, 29.007, 29.554, 30.082, 30.479, 30.408, 30.353, 31.047, 32.119, 32.311, 31.285, 30.56, 31.251, 32.583, 33.489, 34.208, 34.626, 34.254, 33.824, 34.093, 34.308, 34.09, 34.164, 34.487, 34.503, 34.567, 34.823, 34.491, 33.986, 34.183, 35.486, 37.019, 37.836, 38.239, 38.402, 37.958, 37.093, 37.257, 38.067, 37.985, 38.489, 40.882, 42.806, 42.731, 42.065, 41.223, 40.057, 39.559, 39.36, 38.746, 37.868, 37.054, 36.902, 37.713, 38.093, 38.109, 38.365, 38.617, 38.744, 38.499, 38.226, 38.366, 38.481, 38.465, 38.799, 39.023, 38.226, 36.545, 34.484, 33.038, 32.941, 33.067, 32.345, 32.24, 32.752, 33.175, 33.374, 33.668, 34.545, 35.219, 34.708, 33.998, 33.957, 34.107, 34.038, 33.655, 33.833, 34.493, 35.267, 36.021, 36.34, 36.574, 37.017, 36.837, 36.359, 36.323, 36.861, 36.87, 36.416, 35.941, 35.27, 35.166, 35.149, 34.967, 35.908, 36.453, 36.363], [35.764, 34.581, 31.81, 29.966, 30.046, 30.457, 30.337, 29.838, 29.133, 28.407, 27.762, 27.377, 26.984, 26.12, 25.413, 25.014, 24.299, 23.177, 20.747, 17.413, 15.789, 14.209, 9.28, 0.0, 10.248, 17.397, 20.916, 21.772, 22.207, 22.954, 23.71, 24.403, 24.923, 25.01, 25.063, 25.247, 25.34, 25.447, 25.924, 26.743, 27.387, 27.983, 28.467, 28.559, 28.782, 29.791, 31.014, 31.168, 30.192, 29.95, 31.194, 32.718, 33.626, 34.373, 34.803, 34.388, 33.907, 34.166, 34.393, 34.203, 34.305, 34.646, 34.691, 34.784, 35.032, 34.657, 34.113, 34.318, 35.678, 37.263, 38.083, 38.468, 38.617, 38.152, 37.243, 37.393, 38.204, 38.132, 38.739, 41.274, 43.236, 43.134, 42.462, 41.632, 40.461, 39.933, 39.7, 39.044, 38.131, 37.327, 37.212, 38.042, 38.43, 38.468, 38.727, 38.972, 39.099, 38.864, 38.595, 38.756, 38.891, 38.881, 39.229, 39.445, 38.589, 36.823, 34.694, 33.236, 33.154, 33.294, 32.559, 32.424, 33.001, 33.519, 33.711, 33.982, 34.9, 35.624, 35.097, 34.331, 34.228, 34.341, 34.244, 33.818, 33.952, 34.559, 35.261, 35.966, 36.285, 36.541, 36.996, 36.772, 36.264, 36.251, 36.801, 36.779, 36.324, 35.888, 35.203, 35.065, 35.034, 34.857, 35.808, 36.339, 36.581], [36.524, 35.406, 32.662, 30.856, 30.977, 31.445, 31.453, 31.119, 30.546, 29.904, 29.356, 29.071, 28.768, 28.043, 27.452, 27.087, 26.507, 25.809, 24.265, 22.227, 21.261, 20.316, 17.227, 10.248, 0.0, 9.626, 15.297, 16.927, 17.53, 18.577, 19.787, 20.806, 21.498, 21.696, 21.933, 22.305, 22.592, 22.913, 23.591, 24.571, 25.314, 26.0, 26.658, 26.957, 27.478, 28.913, 30.394, 30.545, 29.624, 29.952, 31.849, 33.577, 34.453, 35.204, 35.651, 35.224, 34.704, 34.925, 35.16, 35.018, 35.165, 35.524, 35.595, 35.712, 35.952, 35.578, 35.052, 35.274, 36.629, 38.182, 38.947, 39.247, 39.329, 38.832, 37.872, 37.901, 38.621, 38.595, 39.32, 41.995, 44.064, 44.029, 43.406, 42.614, 41.482, 40.934, 40.653, 39.968, 39.033, 38.182, 38.003, 38.833, 39.306, 39.42, 39.701, 39.934, 40.048, 39.823, 39.564, 39.738, 39.883, 39.872, 40.21, 40.395, 39.47, 37.612, 35.401, 33.896, 33.786, 33.936, 33.288, 33.203, 33.88, 34.571, 34.795, 34.996, 35.919, 36.712, 36.205, 35.414, 35.238, 35.279, 35.141, 34.689, 34.751, 35.223, 35.8, 36.435, 36.719, 36.938, 37.336, 37.02, 36.462, 36.456, 36.999, 36.976, 36.555, 36.187, 35.499, 35.236, 35.13, 34.981, 35.893, 36.367, 37.208], [37.237, 36.229, 33.674, 32.042, 32.11, 32.479, 32.517, 32.334, 31.914, 31.357, 30.878, 30.676, 30.446, 29.821, 29.35, 29.065, 28.577, 28.059, 27.003, 25.653, 25.058, 24.295, 22.072, 17.397, 9.626, 0.0, 7.345, 10.393, 11.664, 13.236, 15.491, 17.369, 18.364, 18.801, 19.589, 20.373, 20.895, 21.485, 22.445, 23.645, 24.556, 25.366, 26.189, 26.628, 27.233, 28.835, 30.551, 30.833, 29.959, 30.525, 32.733, 34.48, 35.268, 35.974, 36.423, 36.0, 35.451, 35.628, 35.855, 35.722, 35.866, 36.211, 36.291, 36.426, 36.685, 36.358, 35.877, 36.117, 37.459, 38.942, 39.649, 39.904, 39.988, 39.523, 38.556, 38.465, 39.094, 39.081, 39.766, 42.372, 44.479, 44.517, 43.94, 43.169, 42.066, 41.528, 41.251, 40.586, 39.672, 38.818, 38.604, 39.41, 39.915, 40.069, 40.369, 40.594, 40.68, 40.438, 40.175, 40.359, 40.522, 40.526, 40.861, 41.039, 40.118, 38.279, 36.095, 34.594, 34.435, 34.568, 33.984, 33.912, 34.596, 35.378, 35.673, 35.864, 36.771, 37.596, 37.148, 36.404, 36.223, 36.24, 36.105, 35.697, 35.737, 36.098, 36.578, 37.144, 37.403, 37.615, 37.967, 37.589, 37.013, 37.035, 37.584, 37.558, 37.14, 36.794, 36.087, 35.673, 35.465, 35.315, 36.127, 36.522, 37.806], [37.529, 36.598, 34.192, 32.666, 32.678, 32.971, 32.994, 32.869, 32.522, 32.013, 31.582, 31.435, 31.266, 30.727, 30.361, 30.133, 29.685, 29.235, 28.423, 27.423, 27.051, 26.375, 24.429, 20.916, 15.297, 7.345, 0.0, 4.415, 7.018, 9.339, 12.709, 15.554, 16.86, 17.442, 18.709, 19.82, 20.436, 21.176, 22.324, 23.635, 24.635, 25.496, 26.367, 26.857, 27.442, 29.012, 30.806, 31.205, 30.394, 30.964, 33.18, 34.876, 35.598, 36.257, 36.697, 36.28, 35.728, 35.896, 36.109, 35.954, 36.074, 36.402, 36.485, 36.633, 36.909, 36.611, 36.152, 36.413, 37.778, 39.239, 39.936, 40.217, 40.334, 39.899, 38.952, 38.831, 39.427, 39.392, 40.0, 42.481, 44.54, 44.608, 44.064, 43.304, 42.208, 41.68, 41.417, 40.776, 39.895, 39.075, 38.882, 39.67, 40.149, 40.299, 40.608, 40.832, 40.914, 40.669, 40.402, 40.589, 40.77, 40.812, 41.17, 41.36, 40.468, 38.675, 36.523, 35.04, 34.842, 34.939, 34.353, 34.274, 34.949, 35.763, 36.105, 36.327, 37.229, 38.06, 37.655, 36.94, 36.76, 36.783, 36.665, 36.293, 36.325, 36.653, 37.111, 37.647, 37.896, 38.119, 38.468, 38.085, 37.522, 37.579, 38.145, 38.116, 37.677, 37.312, 36.599, 36.135, 35.88, 35.695, 36.431, 36.773, 38.055], [37.378, 36.462, 34.065, 32.528, 32.517, 32.801, 32.83, 32.72, 32.39, 31.898, 31.485, 31.364, 31.222, 30.718, 30.396, 30.182, 29.735, 29.323, 28.637, 27.833, 27.607, 26.98, 25.064, 21.772, 16.927, 10.393, 4.415, 0.0, 3.636, 7.188, 11.442, 14.718, 16.186, 16.839, 18.242, 19.411, 19.995, 20.772, 21.99, 23.308, 24.294, 25.143, 26.008, 26.501, 27.069, 28.606, 30.413, 30.874, 30.142, 30.737, 32.931, 34.633, 35.371, 36.051, 36.508, 36.089, 35.532, 35.705, 35.917, 35.751, 35.871, 36.201, 36.284, 36.44, 36.725, 36.43, 35.971, 36.254, 37.667, 39.168, 39.888, 40.19, 40.317, 39.881, 38.931, 38.805, 39.399, 39.36, 39.964, 42.426, 44.459, 44.519, 43.976, 43.217, 42.123, 41.604, 41.343, 40.697, 39.806, 38.985, 38.806, 39.601, 40.065, 40.209, 40.523, 40.756, 40.85, 40.608, 40.338, 40.528, 40.716, 40.767, 41.129, 41.317, 40.416, 38.602, 36.417, 34.915, 34.713, 34.799, 34.184, 34.106, 34.825, 35.684, 36.032, 36.254, 37.168, 38.019, 37.62, 36.892, 36.698, 36.718, 36.601, 36.219, 36.229, 36.562, 37.038, 37.577, 37.819, 38.041, 38.398, 38.024, 37.468, 37.543, 38.129, 38.105, 37.652, 37.276, 36.566, 36.12, 35.876, 35.684, 36.421, 36.766, 37.899], [37.235, 36.311, 33.902, 32.36, 32.337, 32.606, 32.639, 32.54, 32.214, 31.736, 31.35, 31.265, 31.152, 30.67, 30.372, 30.163, 29.715, 29.339, 28.723, 28.015, 27.892, 27.328, 25.453, 22.207, 17.53, 11.664, 7.018, 3.636, 0.0, 4.767, 10.102, 13.813, 15.36, 16.053, 17.545, 18.725, 19.26, 20.04, 21.305, 22.657, 23.663, 24.516, 25.382, 25.872, 26.442, 28.002, 29.845, 30.345, 29.702, 30.42, 32.665, 34.389, 35.148, 35.848, 36.32, 35.902, 35.34, 35.519, 35.737, 35.569, 35.689, 36.025, 36.113, 36.274, 36.565, 36.271, 35.816, 36.117, 37.561, 39.097, 39.832, 40.129, 40.252, 39.822, 38.877, 38.758, 39.358, 39.328, 39.954, 42.424, 44.447, 44.497, 43.948, 43.191, 42.109, 41.605, 41.348, 40.694, 39.791, 38.962, 38.786, 39.588, 40.044, 40.177, 40.487, 40.722, 40.816, 40.562, 40.276, 40.461, 40.647, 40.685, 41.039, 41.221, 40.308, 38.474, 36.27, 34.753, 34.555, 34.636, 33.984, 33.886, 34.634, 35.516, 35.857, 36.07, 36.998, 37.867, 37.47, 36.745, 36.554, 36.576, 36.451, 36.038, 36.018, 36.347, 36.831, 37.38, 37.622, 37.839, 38.208, 37.856, 37.31, 37.393, 37.993, 37.971, 37.515, 37.141, 36.443, 36.016, 35.779, 35.575, 36.316, 36.671, 37.759], [37.276, 36.362, 34.031, 32.575, 32.559, 32.809, 32.838, 32.744, 32.421, 31.973, 31.638, 31.602, 31.534, 31.094, 30.818, 30.602, 30.184, 29.879, 29.257, 28.466, 28.301, 27.796, 26.036, 22.954, 18.577, 13.236, 9.339, 7.188, 4.767, 0.0, 6.386, 11.231, 13.258, 13.992, 15.747, 17.18, 17.771, 18.62, 20.071, 21.646, 22.848, 23.825, 24.75, 25.268, 25.914, 27.62, 29.563, 30.098, 29.512, 30.368, 32.719, 34.484, 35.245, 35.929, 36.4, 36.007, 35.48, 35.678, 35.891, 35.707, 35.821, 36.15, 36.229, 36.381, 36.662, 36.369, 35.924, 36.229, 37.664, 39.184, 39.923, 40.229, 40.363, 39.953, 39.038, 38.942, 39.535, 39.491, 40.087, 42.505, 44.504, 44.566, 44.033, 43.278, 42.209, 41.727, 41.485, 40.851, 39.976, 39.173, 39.014, 39.815, 40.257, 40.364, 40.659, 40.892, 40.977, 40.701, 40.389, 40.555, 40.724, 40.751, 41.11, 41.302, 40.408, 38.601, 36.413, 34.913, 34.724, 34.8, 34.131, 33.998, 34.693, 35.53, 35.864, 36.081, 36.991, 37.84, 37.454, 36.768, 36.615, 36.655, 36.532, 36.111, 36.104, 36.458, 36.954, 37.509, 37.756, 37.972, 38.358, 38.051, 37.527, 37.603, 38.193, 38.174, 37.72, 37.358, 36.708, 36.325, 36.086, 35.84, 36.543, 36.891, 37.802], [37.331, 36.426, 34.205, 32.863, 32.883, 33.163, 33.198, 33.088, 32.76, 32.36, 32.085, 32.085, 32.049, 31.641, 31.368, 31.142, 30.804, 30.628, 29.974, 28.985, 28.682, 28.214, 26.592, 23.71, 19.787, 15.491, 12.709, 11.442, 10.102, 6.386, 0.0, 6.195, 9.551, 10.847, 12.987, 14.806, 15.662, 16.735, 18.499, 20.475, 22.038, 23.235, 24.244, 24.8, 25.565, 27.472, 29.512, 30.056, 29.475, 30.342, 32.711, 34.527, 35.323, 36.009, 36.483, 36.134, 35.7, 35.958, 36.156, 35.952, 36.081, 36.413, 36.468, 36.592, 36.838, 36.529, 36.097, 36.383, 37.73, 39.171, 39.924, 40.276, 40.436, 40.048, 39.178, 39.121, 39.71, 39.64, 40.164, 42.485, 44.426, 44.485, 43.955, 43.2, 42.166, 41.726, 41.511, 40.903, 40.057, 39.291, 39.174, 39.985, 40.418, 40.485, 40.741, 40.966, 41.042, 40.754, 40.427, 40.563, 40.699, 40.717, 41.087, 41.296, 40.437, 38.687, 36.545, 35.109, 34.958, 35.045, 34.39, 34.23, 34.813, 35.573, 35.926, 36.159, 37.022, 37.828, 37.462, 36.839, 36.744, 36.816, 36.699, 36.286, 36.329, 36.739, 37.25, 37.8, 38.049, 38.254, 38.632, 38.364, 37.866, 37.926, 38.493, 38.476, 38.026, 37.687, 37.115, 36.792, 36.559, 36.303, 36.97, 37.315, 37.877], [37.46, 36.542, 34.37, 33.071, 33.11, 33.425, 33.472, 33.328, 32.985, 32.642, 32.433, 32.451, 32.417, 32.004, 31.704, 31.496, 31.268, 31.208, 30.559, 29.462, 29.1, 28.665, 27.129, 24.403, 20.806, 17.369, 15.554, 14.718, 13.813, 11.231, 6.195, 0.0, 4.956, 8.178, 11.2, 13.157, 14.328, 15.737, 17.701, 19.923, 21.74, 23.052, 24.086, 24.674, 25.517, 27.513, 29.566, 30.114, 29.574, 30.422, 32.726, 34.554, 35.397, 36.108, 36.589, 36.263, 35.899, 36.215, 36.415, 36.206, 36.347, 36.684, 36.726, 36.818, 37.028, 36.701, 36.28, 36.532, 37.752, 39.086, 39.835, 40.232, 40.419, 40.05, 39.214, 39.176, 39.753, 39.677, 40.185, 42.46, 44.365, 44.419, 43.875, 43.117, 42.136, 41.751, 41.552, 40.951, 40.117, 39.376, 39.305, 40.141, 40.581, 40.627, 40.842, 41.034, 41.099, 40.825, 40.506, 40.617, 40.72, 40.731, 41.101, 41.31, 40.465, 38.73, 36.604, 35.207, 35.085, 35.185, 34.559, 34.415, 34.962, 35.713, 36.119, 36.386, 37.22, 37.984, 37.62, 37.032, 36.97, 37.062, 36.949, 36.546, 36.62, 37.055, 37.557, 38.088, 38.333, 38.52, 38.87, 38.602, 38.114, 38.17, 38.733, 38.723, 38.278, 37.947, 37.408, 37.102, 36.883, 36.673, 37.344, 37.688, 38.003], [37.519, 36.587, 34.404, 33.091, 33.121, 33.431, 33.491, 33.353, 33.009, 32.692, 32.522, 32.561, 32.534, 32.124, 31.826, 31.649, 31.472, 31.462, 30.865, 29.825, 29.514, 29.098, 27.573, 24.923, 21.498, 18.364, 16.86, 16.186, 15.36, 13.258, 9.551, 4.956, 0.0, 5.158, 9.704, 12.01, 13.33, 14.984, 17.105, 19.407, 21.303, 22.631, 23.651, 24.254, 25.149, 27.187, 29.256, 29.824, 29.346, 30.292, 32.636, 34.482, 35.353, 36.086, 36.578, 36.254, 35.901, 36.248, 36.474, 36.28, 36.418, 36.756, 36.804, 36.892, 37.096, 36.775, 36.362, 36.61, 37.803, 39.11, 39.845, 40.247, 40.442, 40.079, 39.247, 39.195, 39.742, 39.656, 40.18, 42.475, 44.385, 44.433, 43.874, 43.116, 42.161, 41.788, 41.578, 40.965, 40.129, 39.399, 39.347, 40.199, 40.654, 40.715, 40.929, 41.105, 41.161, 40.899, 40.589, 40.69, 40.784, 40.811, 41.206, 41.429, 40.584, 38.831, 36.682, 35.255, 35.119, 35.212, 34.596, 34.478, 35.055, 35.83, 36.244, 36.513, 37.342, 38.083, 37.682, 37.07, 37.004, 37.094, 36.982, 36.583, 36.667, 37.107, 37.603, 38.127, 38.373, 38.555, 38.892, 38.612, 38.116, 38.174, 38.759, 38.771, 38.325, 37.979, 37.43, 37.136, 36.941, 36.752, 37.431, 37.776, 38.048], [37.317, 36.374, 34.169, 32.861, 32.918, 33.233, 33.32, 33.248, 32.951, 32.626, 32.449, 32.511, 32.495, 32.093, 31.826, 31.663, 31.472, 31.469, 30.916, 29.941, 29.66, 29.232, 27.677, 25.01, 21.696, 18.801, 17.442, 16.839, 16.053, 13.992, 10.847, 8.178, 5.158, 0.0, 5.849, 9.337, 11.217, 13.094, 15.513, 18.06, 20.135, 21.58, 22.639, 23.258, 24.239, 26.4, 28.544, 29.104, 28.61, 29.663, 32.159, 34.096, 35.012, 35.78, 36.299, 35.989, 35.652, 36.036, 36.304, 36.138, 36.29, 36.628, 36.687, 36.789, 37.007, 36.691, 36.273, 36.541, 37.78, 39.122, 39.861, 40.243, 40.422, 40.048, 39.211, 39.164, 39.705, 39.609, 40.136, 42.447, 44.352, 44.384, 43.815, 43.052, 42.092, 41.703, 41.476, 40.852, 40.009, 39.276, 39.217, 40.063, 40.519, 40.593, 40.821, 41.009, 41.068, 40.8, 40.483, 40.574, 40.663, 40.697, 41.117, 41.363, 40.529, 38.785, 36.638, 35.181, 35.038, 35.123, 34.488, 34.347, 34.919, 35.694, 36.081, 36.316, 37.142, 37.898, 37.487, 36.855, 36.782, 36.858, 36.74, 36.332, 36.405, 36.851, 37.366, 37.917, 38.178, 38.374, 38.725, 38.45, 37.939, 37.983, 38.582, 38.611, 38.169, 37.813, 37.256, 36.984, 36.819, 36.618, 37.293, 37.645, 37.862], [37.009, 36.045, 33.848, 32.626, 32.793, 33.147, 33.248, 33.219, 32.964, 32.623, 32.416, 32.48, 32.476, 32.08, 31.829, 31.666, 31.452, 31.442, 30.923, 29.995, 29.73, 29.279, 27.715, 25.063, 21.933, 19.589, 18.709, 18.242, 17.545, 15.747, 12.987, 11.2, 9.704, 5.849, 0.0, 4.955, 8.408, 10.957, 13.696, 16.552, 18.896, 20.528, 21.653, 22.301, 23.39, 25.686, 27.891, 28.415, 27.835, 28.886, 31.498, 33.578, 34.575, 35.389, 35.939, 35.666, 35.385, 35.815, 36.092, 35.938, 36.132, 36.494, 36.557, 36.664, 36.891, 36.573, 36.142, 36.4, 37.643, 39.002, 39.751, 40.121, 40.288, 39.915, 39.082, 39.055, 39.62, 39.53, 40.048, 42.342, 44.232, 44.254, 43.676, 42.911, 41.958, 41.586, 41.366, 40.738, 39.892, 39.156, 39.085, 39.919, 40.369, 40.436, 40.665, 40.868, 40.935, 40.663, 40.346, 40.431, 40.506, 40.525, 40.937, 41.179, 40.352, 38.63, 36.5, 35.04, 34.914, 35.006, 34.356, 34.163, 34.696, 35.465, 35.845, 36.06, 36.882, 37.659, 37.268, 36.649, 36.577, 36.645, 36.522, 36.107, 36.169, 36.624, 37.16, 37.74, 38.027, 38.25, 38.625, 38.36, 37.843, 37.868, 38.457, 38.483, 38.054, 37.718, 37.165, 36.889, 36.722, 36.513, 37.196, 37.561, 37.592], [36.675, 35.672,