[[0.0, 9.755, 17.029, 20.386, 21.498, 22.286, 23.033, 23.358, 23.515, 24.321, 26.397, 29.373, 31.736, 33.001, 33.877, 34.162, 34.412, 35.892, 37.924, 39.892, 40.623, 40.3, 40.018, 40.141, 39.823, 39.169, 38.133, 36.463, 35.126, 34.769, 35.033, 35.229, 34.884, 34.366, 34.32, 34.92, 35.119, 34.979, 34.932, 34.941, 34.688, 34.298, 34.194, 33.981, 33.68, 33.745, 33.77, 33.563, 33.68, 33.937, 33.973, 34.014, 33.974, 33.957, 34.281, 34.489, 34.18, 33.939, 34.194, 34.359, 34.451, 34.922, 35.385, 35.585, 35.911, 36.181, 36.208, 36.361, 36.965, 37.044, 36.429, 35.833, 35.751, 35.658, 35.668, 36.678, 37.393, 37.672, 38.13, 38.201, 38.663, 40.325, 41.162, 40.031, 39.279, 40.203, 40.644, 40.155, 39.549, 38.828, 37.988, 37.104, 36.272, 36.075, 36.488, 36.968, 37.695, 38.835, 38.668, 37.417, 36.891, 37.247, 37.434, 36.866, 36.054, 35.175, 34.633, 34.321, 34.223, 34.536, 34.53, 34.592, 34.704, 34.736, 35.101, 36.565, 38.845, 39.93, 40.086, 39.916, 39.428, 38.847, 38.675, 38.829, 38.646, 38.106, 37.955, 38.271, 38.584, 38.794, 39.059, 39.311, 39.142, 38.442, 38.426, 38.616, 37.962, 37.2, 37.163, 37.68, 38.122, 37.551, 36.27, 35.829, 35.937, 9.873], [9.755, 0.0, 8.914, 13.786, 15.683, 16.921, 17.961, 18.429, 18.723, 19.817, 22.385, 25.894, 28.562, 30.044, 31.225, 31.806, 32.303, 34.057, 36.388, 38.535, 39.257, 38.907, 38.758, 39.052, 38.83, 38.322, 37.596, 36.286, 35.092, 34.766, 35.075, 35.306, 34.984, 34.497, 34.498, 35.149, 35.368, 35.223, 35.172, 35.182, 34.921, 34.513, 34.421, 34.222, 33.927, 34.0, 34.002, 33.746, 33.896, 34.136, 34.122, 34.141, 34.085, 34.048, 34.349, 34.545, 34.238, 33.992, 34.221, 34.346, 34.404, 34.875, 35.369, 35.581, 35.903, 36.161, 36.163, 36.277, 36.854, 36.94, 36.355, 35.787, 35.698, 35.562, 35.597, 36.708, 37.441, 37.706, 38.165, 38.317, 38.882, 40.592, 41.382, 40.235, 39.525, 40.494, 40.921, 40.421, 39.8, 39.05, 38.179, 37.249, 36.377, 36.14, 36.532, 37.006, 37.727, 38.872, 38.684, 37.388, 36.849, 37.22, 37.414, 36.859, 36.072, 35.208, 34.663, 34.368, 34.338, 34.701, 34.653, 34.687, 34.774, 34.774, 35.143, 36.632, 38.922, 40.012, 40.175, 39.991, 39.483, 38.888, 38.703, 38.846, 38.667, 38.14, 37.996, 38.319, 38.655, 38.893, 39.174, 39.436, 39.291, 38.566, 38.523, 38.689, 38.004, 37.222, 37.184, 37.725, 38.183, 37.58, 36.218, 35.714, 35.783, 17.096], [17.029, 8.914, 0.0, 6.266, 9.725, 11.917, 13.38, 14.118, 14.843, 16.495, 19.486, 23.214, 25.953, 27.534, 28.932, 29.792, 30.591, 32.606, 35.055, 37.252, 37.944, 37.625, 37.719, 38.255, 38.16, 37.798, 37.391, 36.548, 35.744, 35.623, 36.003, 36.281, 36.041, 35.634, 35.61, 36.2, 36.427, 36.319, 36.276, 36.288, 36.053, 35.654, 35.54, 35.359, 35.117, 35.186, 35.128, 34.839, 35.01, 35.251, 35.214, 35.21, 35.143, 35.093, 35.351, 35.514, 35.235, 35.007, 35.186, 35.286, 35.329, 35.74, 36.187, 36.392, 36.691, 36.901, 36.869, 36.967, 37.504, 37.584, 37.051, 36.539, 36.441, 36.252, 36.255, 37.35, 38.051, 38.259, 38.668, 38.879, 39.44, 41.039, 41.763, 40.688, 40.034, 40.974, 41.369, 40.885, 40.294, 39.575, 38.756, 37.898, 37.082, 36.82, 37.134, 37.545, 38.194, 39.261, 39.072, 37.864, 37.425, 37.827, 38.032, 37.542, 36.857, 36.113, 35.642, 35.373, 35.382, 35.757, 35.696, 35.719, 35.743, 35.693, 36.057, 37.446, 39.563, 40.58, 40.746, 40.577, 40.085, 39.525, 39.365, 39.508, 39.341, 38.849, 38.713, 39.022, 39.35, 39.584, 39.85, 40.1, 39.991, 39.309, 39.264, 39.41, 38.747, 37.998, 37.956, 38.478, 38.926, 38.374, 37.071, 36.528, 36.535, 22.376], [20.386, 13.786, 6.266, 0.0, 4.828, 8.2, 10.208, 11.206, 12.377, 14.623, 17.978, 21.828, 24.593, 26.207, 27.669, 28.604, 29.511, 31.669, 34.182, 36.407, 37.102, 36.86, 37.15, 37.832, 37.786, 37.451, 37.13, 36.473, 35.871, 35.879, 36.315, 36.632, 36.438, 36.06, 36.01, 36.559, 36.795, 36.717, 36.683, 36.697, 36.477, 36.086, 35.973, 35.814, 35.6, 35.668, 35.593, 35.288, 35.448, 35.696, 35.658, 35.647, 35.576, 35.525, 35.779, 35.935, 35.664, 35.43, 35.586, 35.686, 35.729, 36.098, 36.509, 36.718, 37.01, 37.183, 37.123, 37.218, 37.749, 37.826, 37.3, 36.799, 36.7, 36.501, 36.487, 37.566, 38.255, 38.435, 38.818, 39.023, 39.546, 41.075, 41.788, 40.74, 40.07, 40.971, 41.344, 40.858, 40.286, 39.587, 38.804, 38.003, 37.226, 36.935, 37.194, 37.579, 38.215, 39.261, 39.081, 37.937, 37.578, 38.014, 38.233, 37.776, 37.151, 36.492, 36.088, 35.847, 35.871, 36.242, 36.165, 36.182, 36.198, 36.13, 36.477, 37.837, 39.893, 40.874, 41.045, 40.885, 40.4, 39.858, 39.719, 39.866, 39.705, 39.224, 39.083, 39.377, 39.704, 39.947, 40.212, 40.457, 40.362, 39.716, 39.683, 39.819, 39.155, 38.411, 38.368, 38.891, 39.34, 38.812, 37.536, 36.955, 36.912, 24.695], [21.498, 15.683, 9.725, 4.828, 0.0, 4.267, 7.218, 8.652, 10.084, 12.844, 16.664, 20.799, 23.692, 25.355, 26.845, 27.781, 28.706, 30.983, 33.647, 35.975, 36.713, 36.511, 36.848, 37.548, 37.485, 37.122, 36.79, 36.129, 35.511, 35.529, 36.0, 36.345, 36.149, 35.751, 35.687, 36.226, 36.464, 36.394, 36.359, 36.372, 36.15, 35.759, 35.666, 35.524, 35.304, 35.371, 35.31, 34.998, 35.151, 35.416, 35.388, 35.382, 35.307, 35.256, 35.527, 35.696, 35.415, 35.162, 35.311, 35.41, 35.453, 35.824, 36.238, 36.461, 36.769, 36.945, 36.88, 36.971, 37.504, 37.579, 37.036, 36.519, 36.42, 36.237, 36.249, 37.36, 38.069, 38.259, 38.653, 38.826, 39.321, 40.853, 41.578, 40.497, 39.793, 40.697, 41.063, 40.564, 39.986, 39.27, 38.482, 37.682, 36.899, 36.579, 36.819, 37.21, 37.875, 38.953, 38.78, 37.623, 37.273, 37.736, 37.968, 37.507, 36.885, 36.251, 35.875, 35.653, 35.697, 36.069, 35.959, 35.967, 36.012, 35.945, 36.27, 37.663, 39.776, 40.791, 40.978, 40.811, 40.314, 39.769, 39.628, 39.765, 39.597, 39.107, 38.955, 39.247, 39.588, 39.85, 40.131, 40.385, 40.292, 39.648, 39.613, 39.74, 39.052, 38.278, 38.232, 38.779, 39.244, 38.689, 37.358, 36.736, 36.662, 25.363], [22.286, 16.921, 11.917, 8.2, 4.267, 0.0, 3.843, 6.286, 8.265, 11.329, 15.462, 19.842, 22.84, 24.545, 26.096, 27.107, 28.108, 30.493, 33.281, 35.69, 36.456, 36.265, 36.61, 37.322, 37.266, 36.899, 36.579, 35.95, 35.364, 35.399, 35.883, 36.234, 36.036, 35.632, 35.571, 36.104, 36.339, 36.268, 36.228, 36.239, 36.018, 35.63, 35.544, 35.404, 35.18, 35.253, 35.199, 34.887, 35.035, 35.301, 35.273, 35.266, 35.187, 35.132, 35.407, 35.58, 35.3, 35.051, 35.198, 35.291, 35.337, 35.717, 36.136, 36.363, 36.686, 36.878, 36.82, 36.911, 37.447, 37.52, 36.974, 36.456, 36.355, 36.176, 36.203, 37.331, 38.048, 38.242, 38.645, 38.806, 39.269, 40.786, 41.512, 40.417, 39.701, 40.605, 40.966, 40.469, 39.885, 39.155, 38.364, 37.565, 36.776, 36.436, 36.66, 37.049, 37.732, 38.837, 38.675, 37.508, 37.158, 37.634, 37.873, 37.407, 36.782, 36.163, 35.804, 35.581, 35.626, 35.994, 35.868, 35.879, 35.94, 35.877, 36.189, 37.58, 39.714, 40.759, 40.968, 40.803, 40.301, 39.753, 39.612, 39.743, 39.568, 39.073, 38.919, 39.212, 39.555, 39.822, 40.106, 40.371, 40.284, 39.635, 39.597, 39.73, 39.049, 38.275, 38.225, 38.775, 39.253, 38.69, 37.311, 36.632, 36.513, 25.903], [23.033, 17.961, 13.38, 10.208, 7.218, 3.843, 0.0, 3.608, 6.874, 10.383, 14.535, 18.95, 21.96, 23.683, 25.318, 26.446, 27.572, 30.076, 32.929, 35.352, 36.127, 35.967, 36.357, 37.112, 37.094, 36.755, 36.473, 35.927, 35.444, 35.53, 36.023, 36.386, 36.217, 35.838, 35.782, 36.299, 36.53, 36.464, 36.418, 36.423, 36.21, 35.829, 35.734, 35.605, 35.405, 35.482, 35.415, 35.11, 35.256, 35.513, 35.483, 35.469, 35.385, 35.334, 35.608, 35.776, 35.508, 35.281, 35.424, 35.509, 35.563, 35.941, 36.343, 36.567, 36.9, 37.093, 37.031, 37.124, 37.659, 37.733, 37.193, 36.684, 36.576, 36.38, 36.38, 37.468, 38.164, 38.342, 38.737, 38.91, 39.35, 40.836, 41.553, 40.479, 39.78, 40.669, 41.02, 40.531, 39.948, 39.214, 38.436, 37.661, 36.891, 36.547, 36.753, 37.126, 37.798, 38.891, 38.733, 37.586, 37.254, 37.735, 37.975, 37.523, 36.92, 36.335, 36.006, 35.776, 35.802, 36.162, 36.046, 36.072, 36.136, 36.074, 36.379, 37.726, 39.808, 40.832, 41.05, 40.901, 40.409, 39.871, 39.742, 39.878, 39.705, 39.216, 39.067, 39.361, 39.698, 39.953, 40.225, 40.484, 40.408, 39.778, 39.747, 39.888, 39.232, 38.486, 38.443, 38.985, 39.464, 38.924, 37.554, 36.85, 36.7, 26.463], [23.358, 18.429, 14.118, 11.206, 8.652, 6.286, 3.608, 0.0, 4.481, 9.125, 13.645, 18.122, 21.189, 22.965, 24.657, 25.845, 27.063, 29.702, 32.644, 35.085, 35.866, 35.752, 36.195, 36.988, 37.004, 36.687, 36.433, 35.931, 35.491, 35.6, 36.097, 36.457, 36.304, 35.942, 35.863, 36.349, 36.586, 36.528, 36.475, 36.477, 36.272, 35.889, 35.786, 35.673, 35.483, 35.544, 35.471, 35.175, 35.332, 35.604, 35.58, 35.56, 35.474, 35.435, 35.717, 35.881, 35.614, 35.398, 35.544, 35.634, 35.699, 36.078, 36.474, 36.7, 37.041, 37.24, 37.176, 37.265, 37.802, 37.874, 37.334, 36.834, 36.724, 36.507, 36.481, 37.542, 38.229, 38.407, 38.8, 38.977, 39.414, 40.898, 41.605, 40.539, 39.858, 40.744, 41.094, 40.607, 40.02, 39.28, 38.509, 37.743, 36.977, 36.637, 36.844, 37.213, 37.876, 38.951, 38.789, 37.653, 37.329, 37.805, 38.036, 37.591, 37.001, 36.434, 36.121, 35.887, 35.896, 36.255, 36.151, 36.18, 36.236, 36.17, 36.464, 37.775, 39.823, 40.842, 41.071, 40.93, 40.444, 39.914, 39.783, 39.913, 39.744, 39.267, 39.123, 39.419, 39.756, 40.008, 40.277, 40.528, 40.451, 39.839, 39.812, 39.952, 39.302, 38.554, 38.508, 39.052, 39.535, 39.003, 37.647, 36.949, 36.8, 26.685], [23.515, 18.723, 14.843, 12.377, 10.084, 8.265, 6.874, 4.481, 0.0, 5.871, 11.73, 17.018, 20.41, 22.317, 24.101, 25.374, 26.667, 29.414, 32.469, 34.956, 35.743, 35.65, 36.13, 36.968, 37.033, 36.753, 36.521, 36.02, 35.569, 35.687, 36.19, 36.513, 36.324, 35.942, 35.835, 36.305, 36.545, 36.491, 36.439, 36.442, 36.234, 35.844, 35.731, 35.61, 35.393, 35.428, 35.363, 35.071, 35.244, 35.532, 35.508, 35.49, 35.405, 35.37, 35.662, 35.823, 35.544, 35.328, 35.49, 35.591, 35.663, 36.065, 36.486, 36.715, 37.067, 37.294, 37.253, 37.35, 37.9, 37.974, 37.429, 36.94, 36.846, 36.637, 36.632, 37.71, 38.393, 38.591, 38.993, 39.115, 39.508, 41.004, 41.721, 40.64, 39.953, 40.85, 41.218, 40.738, 40.14, 39.39, 38.619, 37.848, 37.063, 36.717, 36.943, 37.339, 38.027, 39.114, 38.949, 37.796, 37.46, 37.929, 38.148, 37.685, 37.078, 36.493, 36.174, 35.949, 35.959, 36.31, 36.199, 36.214, 36.254, 36.177, 36.467, 37.768, 39.811, 40.84, 41.084, 40.949, 40.461, 39.929, 39.785, 39.902, 39.734, 39.266, 39.129, 39.432, 39.779, 40.037, 40.306, 40.557, 40.473, 39.857, 39.829, 39.972, 39.324, 38.567, 38.508, 39.055, 39.538, 39.001, 37.641, 36.939, 36.806, 26.823], [24.321, 19.817, 16.495, 14.623, 12.844, 11.329, 10.383, 9.125, 5.871, 0.0, 7.403, 14.34, 18.503, 20.677, 22.692, 24.255, 25.744, 28.627, 31.825, 34.392, 35.214, 35.159, 35.734, 36.692, 36.863, 36.686, 36.551, 36.185, 35.895, 36.131, 36.696, 37.027, 36.822, 36.427, 36.312, 36.784, 37.025, 36.972, 36.922, 36.922, 36.708, 36.31, 36.152, 35.989, 35.746, 35.744, 35.658, 35.371, 35.528, 35.781, 35.745, 35.735, 35.66, 35.629, 35.918, 36.062, 35.779, 35.582, 35.768, 35.884, 35.953, 36.362, 36.8, 37.026, 37.376, 37.637, 37.632, 37.742, 38.292, 38.369, 37.848, 37.398, 37.329, 37.152, 37.208, 38.292, 38.921, 39.112, 39.51, 39.582, 39.875, 41.319, 42.07, 41.038, 40.33, 41.202, 41.597, 41.148, 40.555, 39.821, 39.073, 38.322, 37.544, 37.19, 37.406, 37.815, 38.519, 39.599, 39.426, 38.283, 37.964, 38.43, 38.64, 38.183, 37.587, 37.002, 36.669, 36.448, 36.452, 36.77, 36.648, 36.668, 36.692, 36.612, 36.901, 38.151, 40.121, 41.13, 41.386, 41.273, 40.805, 40.29, 40.16, 40.283, 40.122, 39.665, 39.542, 39.858, 40.213, 40.46, 40.702, 40.941, 40.864, 40.26, 40.23, 40.375, 39.761, 39.022, 38.952, 39.477, 39.944, 39.428, 38.103, 37.39, 37.253, 27.58], [26.397, 22.385, 19.486, 17.978, 16.664, 15.462, 14.535, 13.645, 11.73, 7.403, 0.0, 8.294, 13.631, 16.442, 18.914, 21.099, 23.073, 26.178, 29.644, 32.459, 33.401, 33.515, 34.424, 35.682, 36.056, 36.09, 36.234, 36.347, 36.61, 37.165, 37.865, 38.279, 38.142, 37.776, 37.625, 38.057, 38.32, 38.303, 38.252, 38.236, 38.029, 37.604, 37.328, 37.115, 36.881, 36.834, 36.709, 36.448, 36.581, 36.795, 36.772, 36.771, 36.705, 36.684, 36.937, 37.025, 36.745, 36.579, 36.785, 36.945, 37.029, 37.391, 37.789, 37.994, 38.324, 38.595, 38.606, 38.721, 39.242, 39.315, 38.844, 38.439, 38.361, 38.175, 38.237, 39.256, 39.794, 39.911, 40.237, 40.327, 40.548, 41.854, 42.62, 41.741, 41.021, 41.786, 42.198, 41.82, 41.285, 40.62, 39.944, 39.286, 38.598, 38.249, 38.379, 38.737, 39.413, 40.421, 40.264, 39.24, 39.004, 39.44, 39.616, 39.229, 38.734, 38.227, 37.911, 37.683, 37.665, 37.936, 37.842, 37.917, 37.925, 37.839, 38.107, 39.209, 40.991, 41.925, 42.155, 42.033, 41.583, 41.117, 41.024, 41.152, 41.009, 40.591, 40.484, 40.797, 41.138, 41.34, 41.523, 41.735, 41.684, 41.134, 41.104, 41.251, 40.704, 40.004, 39.917, 40.407, 40.836, 40.356, 39.139, 38.472, 38.329, 29.405], [29.373, 25.894, 23.214, 21.828, 20.799, 19.842, 18.95, 18.122, 17.018, 14.34, 8.294, 0.0, 6.387, 10.363, 13.67, 16.791, 19.589, 22.944, 26.615, 29.754, 30.9, 31.336, 32.795, 34.494, 35.143, 35.461, 36.013, 36.822, 37.851, 38.786, 39.602, 40.103, 40.089, 39.796, 39.61, 39.967, 40.268, 40.332, 40.292, 40.261, 40.077, 39.631, 39.233, 39.009, 38.841, 38.772, 38.59, 38.349, 38.47, 38.677, 38.706, 38.711, 38.643, 38.637, 38.845, 38.851, 38.562, 38.406, 38.586, 38.782, 38.909, 39.201, 39.505, 39.672, 39.981, 40.238, 40.241, 40.367, 40.857, 40.926, 40.503, 40.128, 40.023, 39.799, 39.759, 40.59, 41.01, 41.028, 41.223, 41.308, 41.478, 42.632, 43.393, 42.724, 42.02, 42.636, 43.054, 42.77, 42.322, 41.776, 41.23, 40.734, 40.216, 39.91, 39.933, 40.185, 40.744, 41.585, 41.457, 40.646, 40.525, 40.883, 40.994, 40.71, 40.373, 40.0, 39.741, 39.524, 39.489, 39.712, 39.671, 39.84, 39.838, 39.744, 39.997, 40.93, 42.466, 43.286, 43.458, 43.294, 42.855, 42.44, 42.358, 42.453, 42.336, 41.992, 41.903, 42.187, 42.494, 42.643, 42.76, 42.934, 42.915, 42.469, 42.48, 42.642, 42.175, 41.539, 41.454, 41.915, 42.294, 41.849, 40.768, 40.181, 40.047, 32.009], [31.736, 28.562, 25.953, 24.593, 23.692, 22.84, 21.96, 21.189, 20.41, 18.503, 13.631, 6.387, 0.0, 5.051, 9.638, 13.773, 17.371, 21.078, 24.877, 28.176, 29.467, 30.212, 32.117, 34.114, 34.941, 35.455, 36.323, 37.62, 39.119, 40.247, 41.095, 41.639, 41.709, 41.485, 41.313, 41.608, 41.904, 42.022, 42.004, 41.966, 41.812, 41.402, 40.975, 40.783, 40.688, 40.605, 40.368, 40.133, 40.247, 40.44, 40.492, 40.492, 40.42, 40.431, 40.618, 40.575, 40.279, 40.122, 40.249, 40.427, 40.569, 40.815, 41.043, 41.176, 41.478, 41.723, 41.713, 41.854, 42.326, 42.391, 42.013, 41.678, 41.572, 41.335, 41.208, 41.865, 42.199, 42.172, 42.282, 42.327, 42.421, 43.454, 44.192, 43.658, 42.991, 43.517, 43.93, 43.699, 43.312, 42.852, 42.412, 42.031, 41.639, 41.398, 41.393, 41.577, 42.008, 42.684, 42.568, 41.915, 41.865, 42.17, 42.241, 42.025, 41.789, 41.512, 41.297, 41.097, 41.056, 41.242, 41.235, 41.472, 41.468, 41.372, 41.614, 42.411, 43.737, 44.456, 44.598, 44.43, 44.013, 43.635, 43.548, 43.609, 43.51, 43.224, 43.149, 43.405, 43.683, 43.802, 43.882, 44.028, 44.026, 43.667, 43.721, 43.888, 43.466, 42.889, 42.824, 43.266, 43.612, 43.204, 42.226, 41.692, 41.559, 34.102], [33.001, 30.044, 27.534, 26.207, 25.355, 24.545, 23.683, 22.965, 22.317, 20.677, 16.442, 10.363, 5.051, 0.0, 5.614, 10.864, 15.341, 19.629, 23.79, 27.289, 28.682, 29.631, 31.816, 33.968, 34.856, 35.447, 36.469, 37.986, 39.669, 40.868, 41.723, 42.291, 42.402, 42.214, 42.073, 42.343, 42.617, 42.753, 42.753, 42.721, 42.59, 42.216, 41.798, 41.627, 41.56, 41.465, 41.195, 40.952, 41.052, 41.24, 41.301, 41.297, 41.22, 41.245, 41.437, 41.381, 41.075, 40.909, 41.0, 41.157, 41.301, 41.531, 41.722, 41.831, 42.134, 42.379, 42.362, 42.516, 42.992, 43.056, 42.7, 42.394, 42.305, 42.077, 41.909, 42.475, 42.775, 42.743, 42.832, 42.841, 42.882, 43.837, 44.556, 44.095, 43.467, 43.959, 44.366, 44.162, 43.806, 43.379, 42.98, 42.649, 42.324, 42.126, 42.118, 42.267, 42.62, 43.196, 43.075, 42.486, 42.457, 42.742, 42.809, 42.621, 42.425, 42.2, 42.019, 41.845, 41.813, 41.966, 41.962, 42.216, 42.195, 42.097, 42.342, 43.057, 44.252, 44.918, 45.057, 44.904, 44.509, 44.16, 44.079, 44.131, 44.046, 43.791, 43.725, 43.971, 44.234, 44.34, 44.406, 44.542, 44.552, 44.243, 44.307, 44.453, 44.043, 43.498, 43.448, 43.879, 44.203, 43.808, 42.879, 42.377, 42.235, 35.173], [33.877, 31.225, 28.932, 27.669, 26.845, 26.096, 25.318, 24.657, 24.101, 22.692, 18.914, 13.67, 9.638, 5.614, 0.0, 6.373, 12.307, 17.58, 22.321, 26.159, 27.73, 28.897, 31.347, 33.657, 34.592, 35.206, 36.3, 37.942, 39.764, 41.042, 41.914, 42.497, 42.637, 42.469, 42.339, 42.599, 42.877, 43.033, 43.045, 43.018, 42.908, 42.558, 42.141, 41.966, 41.891, 41.779, 41.493, 41.241, 41.328, 41.526, 41.611, 41.613, 41.532, 41.568, 41.774, 41.721, 41.407, 41.226, 41.3, 41.458, 41.611, 41.836, 42.004, 42.104, 42.414, 42.665, 42.644, 42.818, 43.313, 43.376, 43.015, 42.72, 42.651, 42.432, 42.225, 42.72, 42.999, 42.964, 43.047, 43.035, 43.057, 43.968, 44.681, 44.273, 43.669, 44.131, 44.521, 44.333, 44.002, 43.594, 43.219, 42.931, 42.656, 42.481, 42.465, 42.584, 42.888, 43.399, 43.266, 42.707, 42.687, 42.957, 43.022, 42.846, 42.671, 42.482, 42.327, 42.17, 42.143, 42.273, 42.274, 42.542, 42.5, 42.402, 42.667, 43.352, 44.493, 45.143, 45.28, 45.127, 44.739, 44.403, 44.333, 44.389, 44.315, 44.078, 44.02, 44.26, 44.512, 44.61, 44.674, 44.81, 44.828, 44.548, 44.616, 44.751, 44.349, 43.821, 43.773, 44.193, 44.505, 44.115, 43.205, 42.722, 42.579, 35.853], [34.162, 31.806, 29.792, 28.604, 27.781, 27.107, 26.446, 25.845, 25.374, 24.255, 21.099, 16.791, 13.773, 10.864, 6.373, 0.0, 7.355, 14.366, 20.329, 24.717, 26.503, 27.941, 30.684, 33.137, 34.09, 34.67, 35.723, 37.366, 39.24, 40.568, 41.468, 42.068, 42.223, 42.055, 41.931, 42.204, 42.506, 42.697, 42.724, 42.704, 42.61, 42.283, 41.895, 41.721, 41.628, 41.51, 41.227, 40.964, 41.046, 41.269, 41.379, 41.384, 41.299, 41.348, 41.579, 41.543, 41.212, 41.003, 41.071, 41.234, 41.388, 41.621, 41.788, 41.885, 42.204, 42.462, 42.448, 42.653, 43.181, 43.235, 42.844, 42.546, 42.499, 42.303, 42.09, 42.54, 42.813, 42.802, 42.906, 42.872, 42.892, 43.8, 44.496, 44.069, 43.479, 43.95, 44.305, 44.093, 43.762, 43.355, 42.986, 42.713, 42.441, 42.273, 42.269, 42.378, 42.667, 43.162, 43.001, 42.418, 42.385, 42.657, 42.729, 42.541, 42.353, 42.163, 42.012, 41.846, 41.825, 41.967, 41.984, 42.272, 42.235, 42.139, 42.434, 43.182, 44.392, 45.066, 45.203, 45.05, 44.661, 44.318, 44.246, 44.311, 44.244, 44.007, 43.944, 44.174, 44.423, 44.532, 44.614, 44.762, 44.771, 44.482, 44.554, 44.7, 44.291, 43.743, 43.677, 44.093, 44.42, 44.024, 43.075, 42.568, 42.424, 35.972], [34.412, 32.303, 30.591, 29.511, 28.706, 28.108, 27.572, 27.063, 26.667, 25.744, 23.073, 19.589, 17.371, 15.341, 12.307, 7.355, 0.0, 8.848, 17.313, 22.886, 24.791, 26.356, 29.478, 32.17, 33.179, 33.745, 34.737, 36.351, 38.266, 39.669, 40.65, 41.304, 41.474, 41.284, 41.151, 41.463, 41.802, 42.013, 42.066, 42.074, 41.981, 41.636, 41.268, 41.105, 40.997, 40.876, 40.606, 40.328, 40.42, 40.7, 40.842, 40.846, 40.762, 40.816, 41.058, 41.038, 40.688, 40.445, 40.518, 40.697, 40.844, 41.09, 41.281, 41.388, 41.702, 41.954, 41.956, 42.214, 42.801, 42.856, 42.422, 42.115, 42.103, 41.932, 41.735, 42.214, 42.512, 42.553, 42.716, 42.668, 42.684, 43.597, 44.276, 43.799, 43.21, 43.723, 44.061, 43.816, 43.458, 43.012, 42.608, 42.3, 41.977, 41.777, 41.774, 41.907, 42.245, 42.776, 42.562, 41.885, 41.81, 42.102, 42.186, 41.959, 41.722, 41.505, 41.351, 41.159, 41.144, 41.342, 41.379, 41.684, 41.666, 41.558, 41.877, 42.75, 44.09, 44.812, 44.96, 44.814, 44.42, 44.056, 43.979, 44.066, 44.005, 43.751, 43.673, 43.899, 44.151, 44.276, 44.38, 44.543, 44.533, 44.19, 44.23, 44.372, 43.945, 43.359, 43.25, 43.649, 43.994, 43.612, 42.633, 42.082, 41.94, 36.06], [35.892, 34.057, 32.606, 31.669, 30.983, 30.493, 30.076, 29.702, 29.414, 28.627, 26.178, 22.944, 21.078, 19.629, 17.58, 14.366, 8.848, 0.0, 11.153, 18.647, 21.034, 22.693, 26.515, 29.946, 31.316, 32.094, 33.307, 35.239, 37.557, 39.282, 40.47, 41.258, 41.524, 41.35, 41.153, 41.454, 41.847, 42.108, 42.193, 42.227, 42.137, 41.74, 41.34, 41.225, 41.187, 41.086, 40.814, 40.545, 40.649, 40.964, 41.144, 41.166, 41.092, 41.136, 41.348, 41.314, 40.949, 40.677, 40.746, 40.964, 41.123, 41.354, 41.551, 41.683, 41.996, 42.235, 42.252, 42.554, 43.18, 43.242, 42.793, 42.491, 42.495, 42.312, 42.097, 42.591, 42.884, 42.93, 43.119, 43.09, 43.107, 43.987, 44.647, 44.194, 43.6, 44.1, 44.444, 44.227, 43.861, 43.38, 42.942, 42.62, 42.278, 42.041, 42.023, 42.187, 42.573, 43.127, 42.886, 42.159, 42.064, 42.368, 42.444, 42.182, 41.926, 41.718, 41.579, 41.333, 41.289, 41.537, 41.602, 41.929, 41.904, 41.766, 42.106, 43.058, 44.435, 45.173, 45.342, 45.199, 44.794, 44.418, 44.358, 44.475, 44.419, 44.153, 44.075, 44.311, 44.564, 44.668, 44.739, 44.886, 44.879, 44.515, 44.505, 44.626, 44.233, 43.652, 43.482, 43.825, 44.148, 43.802, 42.894, 42.364, 42.241, 37.313], [37.924, 36.388, 35.055, 34.182, 33.647, 33.281, 32.929, 32.644, 32.469, 31.825, 29.644, 26.615, 24.877, 23.79, 22.321, 20.329, 17.313, 11.153, 0.0, 9.289, 13.6, 16.328, 21.143, 25.741, 27.907, 29.203, 30.972, 33.642, 36.726, 39.0, 40.494, 41.484, 41.955, 41.92, 41.666, 41.869, 42.318, 42.707, 42.839, 42.878, 42.822, 42.418, 41.982, 42.032, 42.284, 42.282, 42.018, 41.805, 41.916, 42.213, 42.409, 42.449, 42.401, 42.451, 42.617, 42.533, 42.164, 41.866, 41.861, 42.068, 42.216, 42.371, 42.517, 42.649, 42.95, 43.18, 43.19, 43.458, 44.035, 44.101, 43.691, 43.425, 43.411, 43.185, 42.898, 43.291, 43.517, 43.47, 43.564, 43.558, 43.579, 44.397, 45.024, 44.694, 44.17, 44.558, 44.905, 44.8, 44.474, 44.003, 43.631, 43.427, 43.164, 42.907, 42.843, 42.973, 43.292, 43.756, 43.539, 42.934, 42.934, 43.256, 43.342, 43.135, 42.956, 42.831, 42.712, 42.402, 42.291, 42.509, 42.611, 42.95, 42.871, 42.695, 43.038, 43.926, 45.186, 45.908, 46.125, 46.023, 45.644, 45.295, 45.261, 45.387, 45.332, 45.073, 44.998, 45.233, 45.48, 45.545, 45.55, 45.652, 45.669, 45.361, 45.336, 45.459, 45.151, 44.614, 44.392, 44.667, 44.944, 44.646, 43.907, 43.476, 43.38, 39.085], [39.892, 38.535, 37.252, 36.407, 35.975, 35.69, 35.352, 35.085, 34.956, 34.392, 32.459, 29.754, 28.176, 27.289, 26.159, 24.717, 22.886, 18.647, 9.289, 0.0, 6.732, 12.083, 17.993, 23.135, 25.875, 27.601, 29.799, 33.109, 36.737, 39.259, 40.862, 41.958, 42.556, 42.654, 42.494, 42.68, 43.15, 43.644, 43.826, 43.87, 43.859, 43.503, 43.06, 43.225, 43.764, 43.91, 43.672, 43.516, 43.621, 43.866, 44.028, 44.056, 44.024, 44.073, 44.189, 44.062, 43.706, 43.399, 43.32, 43.484, 43.6, 43.687, 43.782, 43.894, 44.167, 44.373, 44.358, 44.583, 45.107, 45.179, 44.823, 44.603, 44.574, 44.329, 43.987, 44.265, 44.439, 44.31, 44.298, 44.289, 44.275, 45.022, 45.637, 45.428, 44.983, 45.277, 45.633, 45.627, 45.339, 44.896, 44.63, 44.554, 44.365, 44.101, 44.004, 44.09, 44.326, 44.68, 44.475, 44.004, 44.109, 44.45, 44.554, 44.415, 44.321, 44.28, 44.185, 43.845, 43.692, 43.886, 44.025, 44.354, 44.25, 44.082, 44.411, 45.185, 46.285, 46.945, 47.194, 47.149, 46.816, 46.485, 46.455, 46.584, 46.53, 46.275, 46.189, 46.409, 46.642, 46.673, 46.629, 46.696, 46.73, 46.484, 46.488, 46.626, 46.377, 45.904, 45.674, 45.898, 46.15, 45.926, 45.349, 44.998, 44.919, 40.906], [40.623, 39.257, 37.944, 37.102, 36.713, 36.456, 36.127, 35.866, 35.743, 35.214, 33.401, 30.9, 29.467, 28.682, 27.73, 26.503, 24.791, 21.034, 13.6, 6.732, 0.0, 7.585, 15.517, 21.416, 24.443, 26.373, 28.796, 32.518, 36.496, 39.107, 40.701, 41.814, 42.431, 42.557, 42.5, 42.752, 43.247, 43.801, 44.032, 44.09, 44.097, 43.776, 43.349, 43.514, 44.118, 44.36, 44.184, 44.071, 44.149, 44.332, 44.449, 44.467, 44.436, 44.462, 44.544, 44.412, 44.073, 43.764, 43.668, 43.828, 43.93, 43.985, 44.065, 44.177, 44.439, 44.63, 44.605, 44.825, 45.344, 45.429, 45.098, 44.893, 44.862, 44.632, 44.289, 44.532, 44.707, 44.571, 44.523, 44.482, 44.403, 45.102, 45.714, 45.555, 45.151, 45.427, 45.787, 45.809, 45.517, 45.07, 44.842, 44.805, 44.625, 44.353, 44.247, 44.318, 44.518, 44.82, 44.602, 44.169, 44.301, 44.648, 44.759, 44.635, 44.567, 44.559, 44.474, 44.127, 43.967, 44.177, 44.326, 44.648, 44.569, 44.435, 44.775, 45.587, 46.68, 47.285, 47.521, 47.499, 47.18, 46.834, 46.795, 46.933, 46.886, 46.638, 46.55, 46.755, 46.977, 46.996, 46.938, 46.997, 47.024, 46.774, 46.799, 46.952, 46.73, 46.294, 46.072, 46.28, 46.536, 46.355, 45.814, 45.457, 45.368, 41.602], [40.3, 38.907, 37.625, 36.86, 36.511, 36.265, 35.967, 35.752, 35.65, 35.159, 33.515, 31.336, 30.212, 29.631, 28.897, 27.941, 26.356, 22.693, 16.328, 12.083, 7.585, 0.0, 9.798, 17.327, 21.052, 23.303, 26.131, 30.386, 34.843, 37.748, 39.477, 40.63, 41.235, 41.356, 41.348, 41.697, 42.253, 42.84, 43.094, 43.162, 43.164, 42.843, 42.448, 42.617, 43.204, 43.498, 43.41, 43.379, 43.464, 43.585, 43.67, 43.709, 43.679, 43.674, 43.749, 43.632, 43.293, 42.988, 42.913, 43.088, 43.184, 43.24, 43.351, 43.492, 43.759, 43.953, 43.936, 44.139, 44.646, 44.741, 44.418, 44.189, 44.14, 43.922, 43.636, 43.954, 44.165, 44.065, 44.057, 43.998, 43.863, 44.549, 45.168, 45.01, 44.636, 44.946, 45.296, 45.313, 44.993, 44.496, 44.217, 44.132, 43.905, 43.601, 43.493, 43.573, 43.785, 44.107, 43.878, 43.41, 43.519, 43.865, 43.98, 43.838, 43.749, 43.713, 43.594, 43.24, 43.1, 43.332, 43.466, 43.778, 43.729, 43.623, 43.969, 44.853, 46.046, 46.671, 46.881, 46.837, 46.498, 46.127, 46.077, 46.234, 46.205, 45.967, 45.881, 46.087, 46.33, 46.386, 46.351, 46.42, 46.428, 46.122, 46.139, 46.305, 46.093, 45.666, 45.454, 45.677, 45.954, 45.767, 45.187, 44.803, 44.681, 41.248], [40.018, 38.758, 37.719, 37.15, 36.848, 36.61, 36.357, 36.195, 36.13, 35.734, 34.424, 32.795, 32.117, 31.816, 31.347, 30.684, 29.478, 26.515, 21.143, 17.993, 15.517, 9.798, 0.0, 9.227, 14.543, 17.818, 21.585, 26.849, 32.108, 35.519, 37.547, 38.842, 39.471, 39.64, 39.738, 40.231, 40.852, 41.463, 41.751, 41.836, 41.832, 41.511, 41.173, 41.399, 42.052, 42.445, 42.449, 42.514, 42.642, 42.739, 42.814, 42.883, 42.86, 42.825, 42.885, 42.776, 42.432, 42.129, 42.056, 42.211, 42.274, 42.336, 42.486, 42.649, 42.913, 43.122, 43.12, 43.264, 43.715, 43.825, 43.531, 43.292, 43.207, 42.966, 42.756, 43.242, 43.525, 43.448, 43.484, 43.428, 43.286, 44.013, 44.659, 44.463, 44.099, 44.473, 44.814, 44.804, 44.452, 43.891, 43.531, 43.355, 43.053, 42.718, 42.618, 42.71, 42.953, 43.331, 43.105, 42.588, 42.661, 43.003, 43.128, 42.977, 42.867, 42.814, 42.697, 42.37, 42.246, 42.467, 42.583, 42.877, 42.843, 42.744, 43.039, 43.883, 45.128, 45.81, 46.025, 45.962, 45.607, 45.206, 45.139, 45.307, 45.293, 45.05, 44.949, 45.161, 45.447, 45.565, 45.577, 45.67, 45.659, 45.286, 45.264, 45.42, 45.208, 44.797, 44.605, 44.848, 45.146, 44.951, 44.336, 43.932, 43.769, 40.866], [40.141, 39.052, 38.255, 37.832, 37.548, 37.322, 37.112, 36.988, 36.968, 36.692, 35.682, 34.494, 34.114, 33.968, 33.657, 33.137, 32.17, 29.946, 25.741, 23.135, 21.416, 17.327, 9.227, 0.0, 6.979, 12.062, 17.19, 23.618, 29.718, 33.549, 35.816, 37.284, 38.005, 38.29, 38.551, 39.178, 39.816, 40.449, 40.812, 40.923, 40.904, 40.608, 40.351, 40.623, 41.368, 41.921, 42.03, 42.135, 42.286, 42.412, 42.504, 42.586, 42.567, 42.512, 42.553, 42.451, 42.126, 41.842, 41.76, 41.865, 41.884, 41.949, 42.116, 42.278, 42.533, 42.744, 42.743, 42.836, 43.24, 43.362, 43.093, 42.857, 42.76, 42.496, 42.317, 42.914, 43.268, 43.197, 43.245, 43.197, 43.104, 43.913, 44.592, 44.334, 43.947, 44.394, 44.727, 44.649, 44.273, 43.699, 43.286, 43.026, 42.668, 42.347, 42.288, 42.389, 42.636, 43.043, 42.796, 42.209, 42.226, 42.561, 42.72, 42.582, 42.463, 42.414, 42.342, 42.072, 41.947, 42.141, 42.246, 42.516, 42.475, 42.369, 42.62, 43.388, 44.582, 45.256, 45.476, 45.421, 45.066, 44.65, 44.57, 44.736, 44.713, 44.458, 44.357, 44.575, 44.875, 45.021, 45.065, 45.183, 45.167, 44.762, 44.702, 44.832, 44.62, 44.246, 44.094, 44.349, 44.65, 44.462, 43.86, 43.456, 43.274, 40.868], [39.823, 38.83, 38.16, 37.786, 37.485, 37.266, 37.094, 37.004, 37.033, 36.863, 36.056, 35.143, 34.941, 34.856, 34.592, 34.09, 33.179, 31.316, 27.907, 25.875, 24.443, 21.052, 14.543, 6.979, 0.0, 6.524, 13.175, 20.684, 27.462, 31.635, 34.103, 35.729, 36.566, 36.932, 37.289, 38.016, 38.674, 39.324, 39.745, 39.876, 39.831, 39.541, 39.34, 39.596, 40.347, 41.027, 41.229, 41.327, 41.494, 41.679, 41.798, 41.883, 41.865, 41.81, 41.863, 41.78, 41.461, 41.169, 41.079, 41.151, 41.136, 41.214, 41.402, 41.569, 41.838, 42.066, 42.056, 42.119, 42.521, 42.644, 42.351, 42.085, 41.984, 41.715, 41.546, 42.214, 42.625, 42.582, 42.661, 42.655, 42.651, 43.558, 44.273, 43.95, 43.54, 44.062, 44.388, 44.239, 43.85, 43.28, 42.812, 42.467, 42.065, 41.772, 41.759, 41.864, 42.115, 42.564, 42.273, 41.569, 41.514, 41.865, 42.064, 41.925, 41.774, 41.691, 41.62, 41.384, 41.282, 41.477, 41.544, 41.758, 41.709, 41.608, 41.86, 42.655, 43.892, 44.567, 44.784, 44.743, 44.39, 43.948, 43.836, 43.975, 43.915, 43.625, 43.529, 43.764, 44.076, 44.246, 44.322, 44.464, 44.444, 44.024, 43.957, 44.078, 43.853, 43.488, 43.366, 43.642, 43.936, 43.715, 43.109, 42.724, 42.545, 40.477], [39.169, 38.322, 37.798, 37.451, 37.122, 36.899, 36.755, 36.687, 36.753, 36.686, 36.09, 35.461, 35.455, 35.447, 35.206, 34.67, 33.745, 32.094, 29.203, 27.601, 26.373, 23.303, 17.818, 12.062, 6.524, 0.0, 7.967, 17.052, 24.724, 29.273, 32.014, 33.837, 34.778, 35.21, 35.665, 36.503, 37.214, 37.891, 38.357, 38.509, 38.445, 38.158, 38.014, 38.257, 38.996, 39.749, 39.998, 40.08, 40.27, 40.494, 40.64, 40.742, 40.726, 40.681, 40.765, 40.71, 40.383, 40.054, 39.951, 40.008, 39.969, 40.072, 40.292, 40.468, 40.762, 41.01, 40.977, 41.013, 41.445, 41.585, 41.25, 40.938, 40.829, 40.56, 40.405, 41.128, 41.588, 41.582, 41.693, 41.731, 41.888, 42.949, 43.674, 43.266, 42.868, 43.482, 43.804, 43.6, 43.187, 42.585, 42.052, 41.621, 41.154, 40.874, 40.921, 41.028, 41.279, 41.785, 41.457, 40.615, 40.474, 40.842, 41.075, 40.917, 40.714, 40.569, 40.476, 40.253, 40.184, 40.398, 40.414, 40.567, 40.526, 40.443, 40.705, 41.585, 42.962, 43.702, 43.952, 43.938, 43.576, 43.088, 42.938, 43.059, 42.962, 42.632, 42.541, 42.806, 43.147, 43.35, 43.455, 43.608, 43.571, 43.123, 43.074, 43.217, 42.971, 42.576, 42.457, 42.76, 43.067, 42.793, 42.131, 41.737, 41.561, 39.743], [38.133, 37.596, 37.391, 37.13, 36.79, 36.579, 36.473, 36.433, 36.521, 36.551, 36.234, 36.013, 36.323, 36.469, 36.3, 35.723, 34.737, 33.307, 30.972, 29.799, 28.796, 26.131, 21.585, 17.19, 13.175, 7.967, 0.0, 10.652, 19.888, 25.282, 28.527, 30.71, 31.847, 32.348, 32.956, 34.028, 34.873, 35.607, 36.146, 36.332, 36.238, 35.988, 35.981, 36.274, 37.066, 37.934, 38.231, 38.289, 38.52, 38.78, 38.945, 39.07, 39.058, 39.01, 39.121, 39.101, 38.766, 38.406, 38.296, 38.331, 38.279, 38.427, 38.682, 38.856, 39.172, 39.447, 39.396, 39.415, 39.917, 40.082, 39.667, 39.282, 39.175, 38.913, 38.773, 39.599, 40.141, 40.174, 40.328, 40.403, 40.789, 42.081, 42.788, 42.216, 41.814, 42.549, 42.878, 42.621, 42.183, 41.535, 40.909, 40.354, 39.78, 39.495, 39.598, 39.71, 39.987, 40.617, 40.29, 39.282, 39.0, 39.38, 39.66, 39.455, 39.14, 38.874, 38.74, 38.543, 38.521, 38.776, 38.738, 38.845, 38.843, 38.785, 39.066, 40.115, 41.744, 42.59, 42.881, 42.892, 42.502, 41.951, 41.781, 41.925, 41.815, 41.441, 41.348, 41.647, 42.019, 42.262, 42.409, 42.59, 42.529, 42.006, 41.942, 42.098, 41.815, 41.371, 41.252, 41.581, 41.935, 41.615, 40.828, 40.364, 40.181, 38.562], [36.463, 36.286, 36.548, 36.473, 36.129, 35.95, 35.927, 35.931, 36.02, 36.185, 36.347, 36.822, 37.62, 37.986, 37.942, 37.366, 36.351, 35.239, 33.642, 33.109, 32.518, 30.386, 26.849, 23.618, 20.684, 17.052, 10.652, 0.0, 11.099, 18.409, 22.835, 25.719, 27.273, 27.95, 28.717, 30.129, 31.232, 32.05, 32.654, 32.883, 32.759, 32.595, 32.85, 33.305, 34.266, 35.359, 35.751, 35.781, 36.089, 36.443, 36.628, 36.76, 36.742, 36.68, 36.838, 36.886, 36.543, 36.138, 36.037, 36.067, 36.048, 36.266, 36.553, 36.734, 37.074, 37.372, 37.321, 37.335, 37.908, 38.068, 37.508, 37.008, 36.933, 36.722, 36.645, 37.641, 38.288, 38.383, 38.623, 38.683, 39.194, 40.69, 41.382, 40.591, 40.141, 40.984, 41.307, 40.98, 40.524, 39.829, 39.086, 38.376, 37.696, 37.406, 37.537, 37.66, 38.018, 38.861, 38.603, 37.448, 37.01, 37.407, 37.742, 37.462, 36.993, 36.573, 36.398, 36.249, 36.267, 36.544, 36.419, 36.466, 36.51, 36.473, 36.802, 38.141, 40.145, 41.105, 41.388, 41.394, 40.972, 40.369, 40.193, 40.376, 40.259, 39.822, 39.705, 40.012, 40.391, 40.66, 40.868, 41.109, 41.035, 40.414, 40.295, 40.43, 40.066, 39.567, 39.473, 39.829, 40.219, 39.847, 38.918, 38.388, 38.216, 36.707], [35.126, 35.092, 35.744, 35.871, 35.511, 35.364, 35.444, 35.491, 35.569, 35.895, 36.61, 37.851, 39.119, 39.669, 39.764, 39.24, 38.266, 37.557, 36.726, 36.737, 36.496, 34.843, 32.108, 29.718, 27.462, 24.724, 19.888, 11.099, 0.0, 9.37, 15.891, 19.956, 22.064, 23.197, 24.448, 26.284, 27.603, 28.469, 29.104, 29.369, 29.242, 29.247, 29.901, 30.636, 31.877, 33.264, 33.772, 33.792, 34.182, 34.606, 34.773, 34.896, 34.862, 34.778, 35.018, 35.174, 34.812, 34.332, 34.257, 34.295, 34.29, 34.592, 34.947, 35.132, 35.461, 35.74, 35.669, 35.631, 36.211, 36.347, 35.654, 35.047, 35.001, 34.858, 34.884, 36.035, 36.751, 36.927, 37.313, 37.388, 37.946, 39.589, 40.281, 39.312, 38.835, 39.79, 40.096, 39.681, 39.193, 38.455, 37.616, 36.764, 35.994, 35.735, 35.943, 36.112, 36.547, 37.582, 37.371, 36.06, 35.449, 35.841, 36.223, 35.856, 35.222, 34.671, 34.521, 34.446, 34.473, 34.753, 34.577, 34.576, 34.661, 34.647, 35.019, 36.582, 38.883, 39.961, 40.271, 40.285, 39.849, 39.207, 39.004, 39.182, 39.025, 38.504, 38.354, 38.671, 39.049, 39.332, 39.601, 39.902, 39.812, 39.088, 38.909, 39.014, 38.534, 37.932, 37.824, 38.204, 38.625, 38.195, 37.161, 36.63, 36.522, 35.31], [34.769, 34.766, 35.623, 35.879, 35.529, 35.399, 35.53, 35.6, 35.687, 36.131, 37.165, 38.786, 40.247, 40.868, 41.042, 40.568, 39.669, 39.282, 39.0, 39.259, 39.107, 37.748, 35.519, 33.549, 31.635, 29.273, 25.282, 18.409, 9.37, 0.0, 8.229, 13.951, 16.91, 18.707, 21.027, 23.594, 25.043, 25.943, 26.687, 27.007, 26.914, 27.188, 28.234, 29.158, 30.638, 32.348, 33.007, 33.058, 33.479, 33.889, 34.012, 34.143, 34.109, 33.985, 34.26, 34.528, 34.22, 33.729, 33.659, 33.69, 33.674, 34.011, 34.408, 34.593, 34.906, 35.162, 35.053, 34.935, 35.464, 35.575, 34.821, 34.142, 34.068, 33.929, 34.001, 35.217, 35.958, 36.172, 36.668, 36.831, 37.442, 39.165, 39.858, 38.817, 38.391, 39.451, 39.763, 39.288, 38.777, 38.039, 37.15, 36.195, 35.361, 35.152, 35.469, 35.699, 36.166, 37.272, 37.052, 35.617, 34.869, 35.231, 35.644, 35.233, 34.482, 33.818, 33.66, 33.617, 33.661, 33.968, 33.794, 33.802, 33.953, 33.988, 34.395, 36.022, 38.405, 39.535, 39.877, 39.891, 39.432, 38.752, 38.504, 38.64, 38.427, 37.844, 37.675, 38.002, 38.388, 38.692, 39.003, 39.332, 39.217, 38.392, 38.132, 38.195, 37.619, 36.926, 36.805, 37.191, 37.614, 37.164, 36.131, 35.659, 35.599, 34.977], [35.033, 35.075, 36.003, 36.315, 36.0, 35.883, 36.023, 36.097, 36.19, 36.696, 37.865, 39.602, 41.095, 41.723, 41.914, 41.468, 40.65, 40.47, 40.494, 40.862, 40.701, 39.477, 37.547, 35.816, 34.103, 32.014, 28.527, 22.835, 15.891, 8.229, 0.0, 7.278, 11.886, 14.819, 18.205, 21.509, 23.134, 24.122, 25.025, 25.43, 25.441, 26.054, 27.416, 28.413, 30.048, 32.079, 32.947, 33.09, 33.522, 33.9, 33.997, 34.145, 34.131, 33.973, 34.206, 34.531, 34.332, 33.916, 33.829, 33.836, 33.829, 34.167, 34.554, 34.743, 35.065, 35.314, 35.187, 35.031, 35.502, 35.591, 34.845, 34.152, 34.044, 33.893, 33.972, 35.186, 35.918, 36.119, 36.659, 36.927, 37.522, 39.191, 39.88, 38.87, 38.509, 39.592, 39.898, 39.391, 38.874, 38.168, 37.275, 36.283, 35.425, 35.244, 35.618, 35.889, 36.374, 37.491, 37.274, 35.813, 35.005, 35.334, 35.76, 35.351, 34.565, 33.856, 33.662, 33.587, 33.606, 33.908, 33.734, 33.732, 33.919, 34.025, 34.461, 36.028, 38.346, 39.473, 39.824, 39.84, 39.367, 38.666, 38.39, 38.489, 38.241, 37.639, 37.463, 37.777, 38.15, 38.46, 38.789, 39.128, 38.995, 38.139, 37.84, 37.879, 37.287, 36.594, 36.488, 36.849, 37.242, 36.819, 35.886, 35.504, 35.49, 35.268], [35.229, 35.306, 36.281, 36.632, 36.345, 36.234, 36.386, 36.457, 36.513, 37.027, 38.279, 40.103, 41.639, 42.291, 42.497, 42.068, 41.304, 41.258, 41.484, 41.958, 41.814, 40.63, 38.842, 37.284, 35.729, 33.837, 30.71, 25.719, 19.956, 13.951, 7.278, 0.0, 6.479, 11.754, 16.237, 19.843, 21.525, 22.597, 23.615, 24.104, 24.238, 25.14, 26.752, 27.816, 29.52, 31.746, 32.8, 33.037, 33.48, 33.828, 33.911, 34.071, 34.072, 33.897, 34.093, 34.418, 34.277, 33.933, 33.853, 33.83, 33.816, 34.165, 34.553, 34.743, 35.081, 35.342, 35.218, 35.051, 35.493, 35.583, 34.882, 34.217, 34.113, 33.987, 34.097, 35.318, 36.043, 36.226, 36.769, 37.092, 37.659, 39.265, 39.941, 38.956, 38.638, 39.717, 40.004, 39.492, 38.967, 38.254, 37.354, 36.351, 35.471, 35.292, 35.679, 35.954, 36.439, 37.554, 37.343, 35.87, 35.017, 35.31, 35.736, 35.331, 34.531, 33.817, 33.623, 33.517, 33.491, 33.782, 33.615, 33.579, 33.777, 33.948, 34.392, 35.883, 38.164, 39.32, 39.7, 39.73, 39.259, 38.561, 38.284, 38.371, 38.107, 37.497, 37.319, 37.619, 37.981, 38.298, 38.636, 38.977, 38.841, 38.003, 37.714, 37.769, 37.216, 36.559, 36.452, 36.795, 37.178, 36.763, 35.868, 35.534, 35.562, 35.457], [34.884, 34.984, 36.041, 36.438, 36.149, 36.036, 36.217, 36.304, 36.324, 36.822, 38.142, 40.089, 41.709, 42.402, 42.637, 42.223, 41.474, 41.524, 41.955, 42.556, 42.431, 41.235, 39.471, 38.005, 36.566, 34.778, 31.847, 27.273, 22.064, 16.91, 11.886, 6.479, 0.0, 7.625, 14.172, 18.437, 20.016, 21.085, 22.224, 22.766, 22.951, 24.035, 25.832, 26.925, 28.655, 30.988, 32.157, 32.438, 32.853, 33.154, 33.22, 33.39, 33.397, 33.217, 33.441, 33.792, 33.661, 33.348, 33.334, 33.347, 33.34, 33.717, 34.138, 34.349, 34.715, 35.002, 34.874, 34.69, 35.139, 35.243, 34.553, 33.883, 33.782, 33.681, 33.828, 35.101, 35.865, 36.058, 36.583, 36.863, 37.415, 39.05, 39.723, 38.687, 38.373, 39.48, 39.755, 39.239, 38.709, 37.961, 37.014, 35.971, 35.057, 34.874, 35.281, 35.568, 36.082, 37.25, 37.052, 35.538, 34.629, 34.902, 35.323, 34.892, 34.048, 33.292, 33.094, 32.976, 32.928, 33.227, 33.048, 32.985, 33.188, 33.371, 33.824, 35.373, 37.772, 39.014, 39.428, 39.464, 38.995, 38.293, 37.993, 38.056, 37.781, 37.163, 36.98, 37.285, 37.668, 38.022, 38.387, 38.731, 38.585, 37.736, 37.451, 37.516, 36.961, 36.287, 36.164, 36.517, 36.922, 36.472, 35.493, 35.132, 35.167, 35.109], [34.366, 34.497, 35.634, 36.06, 35.751, 35.632, 35.838, 35.942, 35.942, 36.427, 37.776, 39.796, 41.485, 42.214, 42.469, 42.055, 41.284, 41.35, 41.92, 42.654, 42.557, 41.356, 39.64, 38.29, 36.932, 35.21, 32.348, 27.95, 23.197, 18.707, 14.819, 11.754, 7.625, 0.0, 8.917, 14.965, 16.93, 18.028, 19.35, 20.003, 20.212, 21.512, 23.603, 24.806, 26.691, 29.286, 30.609, 30.915, 31.417, 31.862, 32.007, 32.206, 32.236, 32.07, 32.34, 32.784, 32.71, 32.403, 32.462, 32.631, 32.769, 33.213, 33.661, 33.931, 34.364, 34.685, 34.564, 34.397, 34.886, 34.984, 34.247, 33.555, 33.443, 33.306, 33.459, 34.817, 35.643, 35.862, 36.385, 36.611, 37.166, 38.892, 39.592, 38.456, 38.084, 39.226, 39.505, 38.973, 38.449, 37.692, 36.692, 35.583, 34.633, 34.45, 34.887, 35.204, 35.783, 37.036, 36.854, 35.303, 34.366, 34.633, 35.036, 34.565, 33.673, 32.877, 32.672, 32.546, 32.499, 32.814, 32.588, 32.469, 32.653, 32.814, 33.264, 34.911, 37.438, 38.727, 39.132, 39.147, 38.67, 37.952, 37.624, 37.676, 37.409, 36.78, 36.57, 36.871, 37.272, 37.643, 38.019, 38.369, 38.206, 37.34, 37.071, 37.119, 36.498, 35.791, 35.702, 36.09, 36.491, 35.969, 34.899, 34.502, 34.514, 34.575], [34.32, 34.498, 35.61, 36.01, 35.687, 35.571, 35.782, 35.863, 35.835, 36.312, 37.625, 39.61, 41.313, 42.073, 42.339, 41.931, 41.151, 41.153, 41.666, 42.494, 42.5, 41.348, 39.738, 38.551, 37.289, 35.665, 32.956, 28.717, 24.448, 21.027, 18.205, 16.237, 14.172, 8.917, 0.0, 7.722, 11.271, 13.184, 14.731, 15.555, 15.947, 17.652, 20.296, 21.942, 24.155, 27.001, 28.471, 28.875, 29.719, 30.552, 30.892, 31.158, 31.223, 31.078, 31.354, 31.894, 31.986, 31.746, 31.841, 32.226, 32.673, 33.28, 33.742, 34.03, 34.513, 34.867, 34.792, 34.688, 35.196, 35.248, 34.489, 33.849, 33.733, 33.546, 33.742, 35.155, 35.977, 36.217, 36.777, 37.011, 37.514, 39.187, 39.865, 38.662, 38.197, 39.292, 39.553, 39.019, 38.507, 37.752, 36.756, 35.66, 34.719, 34.507, 34.893, 35.193, 35.786, 37.038, 36.876, 35.366, 34.494, 34.772, 35.121, 34.619, 33.758, 33.036, 32.877, 32.768, 32.734, 33.07, 32.848, 32.65, 32.735, 32.864, 33.309, 34.913, 37.412, 38.693, 39.089, 39.0