[[0.0, 9.684, 23.344, 32.845, 36.237, 36.718, 37.975, 40.273, 42.25, 43.02, 42.608, 42.202, 43.715, 44.722, 44.934, 45.166, 45.885, 47.726, 49.009, 48.963, 48.98, 49.533, 50.075, 49.743, 47.865, 46.119, 45.439, 44.908, 45.296, 45.503, 45.449, 45.217, 43.486, 43.691, 43.779, 43.007, 43.247, 43.194, 42.799, 42.241, 41.396, 40.836, 40.556, 40.155, 39.788, 39.37, 39.33, 39.394, 39.189, 39.577, 39.236, 39.93, 10.24], [9.684, 0.0, 17.732, 29.719, 33.825, 34.352, 35.855, 38.714, 41.038, 41.872, 41.495, 41.199, 42.857, 43.918, 44.259, 44.561, 45.385, 47.443, 48.85, 48.771, 48.789, 49.4, 50.022, 49.711, 47.714, 45.871, 45.15, 44.495, 44.752, 44.908, 44.882, 44.727, 43.039, 43.206, 43.372, 42.638, 42.859, 42.817, 42.687, 42.487, 41.757, 41.198, 40.998, 40.778, 40.583, 40.132, 39.874, 39.848, 39.779, 40.188, 39.728, 40.418, 15.234], [23.344, 17.732, 0.0, 16.993, 24.032, 24.755, 26.899, 31.774, 35.105, 35.926, 35.72, 35.512, 37.832, 39.037, 39.623, 40.363, 41.352, 44.062, 46.132, 46.206, 46.469, 47.278, 47.968, 47.848, 45.982, 44.05, 43.277, 42.457, 42.522, 42.737, 42.741, 42.634, 41.241, 41.416, 41.715, 41.392, 41.652, 41.788, 42.818, 43.203, 42.258, 41.794, 42.018, 42.153, 42.039, 41.353, 40.917, 40.921, 41.119, 41.792, 41.303, 42.189, 26.458], [32.845, 29.719, 16.993, 0.0, 10.492, 12.865, 15.349, 22.462, 27.125, 28.047, 27.995, 28.04, 31.784, 33.215, 34.171, 35.634, 36.61, 39.483, 42.049, 42.355, 42.932, 43.909, 44.475, 44.762, 44.017, 42.9, 42.382, 41.961, 42.382, 42.823, 43.011, 42.965, 42.129, 42.471, 42.813, 43.07, 43.444, 43.71, 45.445, 45.9, 44.754, 44.402, 44.849, 45.048, 44.828, 44.036, 43.536, 43.549, 43.744, 44.399, 44.04, 44.76, 34.913], [36.237, 33.825, 24.032, 10.492, 0.0, 5.753, 9.636, 16.882, 21.728, 22.793, 22.904, 23.561, 28.881, 30.844, 32.244, 34.044, 35.148, 38.068, 40.735, 41.12, 41.671, 42.646, 43.115, 43.446, 43.398, 43.202, 43.0, 42.926, 43.712, 44.272, 44.512, 44.448, 43.754, 44.151, 44.456, 44.901, 45.34, 45.555, 47.213, 47.586, 46.53, 46.23, 46.648, 46.778, 46.472, 45.69, 45.212, 45.17, 45.269, 45.776, 45.47, 46.004, 37.782], [36.718, 34.352, 24.755, 12.865, 5.753, 0.0, 6.899, 15.351, 19.995, 21.069, 21.374, 22.275, 28.009, 30.158, 31.48, 33.285, 34.403, 37.522, 40.359, 40.743, 41.272, 42.266, 42.749, 43.104, 43.043, 42.945, 42.859, 42.816, 43.612, 44.183, 44.417, 44.353, 43.647, 44.069, 44.364, 44.852, 45.313, 45.536, 47.184, 47.567, 46.551, 46.258, 46.69, 46.855, 46.562, 45.779, 45.32, 45.285, 45.366, 45.842, 45.517, 46.042, 38.147], [37.975, 35.855, 26.899, 15.349, 9.636, 6.899, 0.0, 10.435, 16.659, 18.637, 19.286, 20.602, 27.193, 29.458, 30.773, 32.695, 33.746, 36.718, 39.483, 39.853, 40.445, 41.469, 41.896, 42.329, 42.542, 42.687, 42.71, 42.87, 43.859, 44.464, 44.722, 44.685, 44.02, 44.423, 44.708, 45.214, 45.693, 45.927, 47.596, 48.041, 47.104, 46.843, 47.239, 47.344, 46.99, 46.206, 45.757, 45.719, 45.794, 46.251, 45.965, 46.444, 39.31], [40.273, 38.714, 31.774, 22.462, 16.882, 15.351, 10.435, 0.0, 8.544, 13.415, 15.16, 18.184, 27.16, 29.987, 31.53, 33.552, 34.674, 37.385, 39.878, 40.285, 40.845, 41.803, 42.162, 42.527, 43.079, 44.001, 44.333, 44.838, 46.261, 46.988, 47.229, 47.164, 46.525, 46.804, 47.02, 47.522, 48.033, 48.192, 49.588, 49.974, 49.233, 49.023, 49.269, 49.163, 48.616, 47.841, 47.444, 47.345, 47.309, 47.62, 47.417, 47.737, 41.446], [42.25, 41.038, 35.105, 27.125, 21.728, 19.995, 16.659, 8.544, 0.0, 7.814, 11.128, 15.648, 26.374, 29.517, 31.285, 33.434, 34.656, 37.347, 39.856, 40.373, 40.878, 41.817, 42.184, 42.48, 43.184, 44.697, 45.327, 45.93, 47.509, 48.387, 48.62, 48.528, 47.955, 48.165, 48.353, 48.94, 49.491, 49.627, 50.932, 51.232, 50.488, 50.323, 50.602, 50.483, 49.891, 49.11, 48.711, 48.571, 48.535, 48.823, 48.634, 48.934, 43.13], [43.02, 41.872, 35.926, 28.047, 22.793, 21.069, 18.637, 13.415, 7.814, 0.0, 5.353, 11.961, 23.539, 26.877, 28.96, 31.294, 32.689, 35.579, 38.236, 38.809, 39.328, 40.333, 40.764, 41.158, 42.003, 43.682, 44.421, 45.023, 46.639, 47.66, 47.99, 47.921, 47.34, 47.574, 47.777, 48.395, 48.946, 49.115, 50.564, 50.878, 50.027, 49.873, 50.276, 50.272, 49.747, 48.939, 48.457, 48.296, 48.346, 48.717, 48.506, 48.927, 43.638], [42.608, 41.495, 35.72, 27.995, 22.904, 21.374, 19.286, 15.16, 11.128, 5.353, 0.0, 9.856, 22.239, 25.471, 27.62, 29.954, 31.324, 34.215, 36.896, 37.443, 37.858, 38.843, 39.33, 39.729, 40.523, 42.149, 42.896, 43.538, 45.234, 46.291, 46.678, 46.636, 46.084, 46.487, 46.702, 47.433, 48.036, 48.232, 49.813, 50.129, 49.139, 48.955, 49.424, 49.444, 48.921, 48.097, 47.586, 47.439, 47.545, 47.975, 47.742, 48.204, 43.052], [42.202, 41.199, 35.512, 28.04, 23.561, 22.275, 20.602, 18.184, 15.648, 11.961, 9.856, 0.0, 14.536, 19.106, 21.907, 24.542, 26.258, 29.833, 32.973, 33.64, 34.44, 35.891, 36.481, 36.874, 37.677, 39.367, 40.281, 41.085, 42.908, 44.063, 44.521, 44.521, 44.347, 45.177, 45.429, 46.284, 46.996, 47.201, 48.886, 49.264, 48.07, 47.738, 48.272, 48.358, 47.869, 47.057, 46.539, 46.372, 46.473, 46.978, 46.76, 47.311, 42.696], [43.715, 42.857, 37.832, 31.784, 28.881, 28.009, 27.193, 27.16, 26.374, 23.539, 22.239, 14.536, 0.0, 9.047, 14.613, 16.819, 19.39, 24.458, 28.255, 29.213, 30.686, 32.715, 33.435, 33.848, 34.61, 36.292, 37.484, 38.429, 40.264, 41.616, 42.25, 42.332, 42.698, 44.111, 44.527, 45.349, 46.096, 46.321, 48.051, 48.543, 47.226, 46.699, 47.283, 47.619, 47.382, 46.635, 46.039, 45.815, 45.938, 46.518, 46.313, 47.086, 43.992], [44.722, 43.918, 39.037, 33.215, 30.844, 30.158, 29.458, 29.987, 29.517, 26.877, 25.471, 19.106, 9.047, 0.0, 9.085, 12.821, 14.84, 19.717, 23.994, 25.328, 26.963, 29.163, 29.966, 30.405, 31.415, 33.483, 34.917, 35.971, 37.918, 39.385, 40.058, 40.182, 40.865, 42.735, 43.41, 44.616, 45.461, 45.798, 47.894, 48.41, 46.811, 46.261, 47.042, 47.524, 47.368, 46.574, 45.893, 45.69, 45.942, 46.703, 46.458, 47.36, 44.623], [44.934, 44.259, 39.623, 34.171, 32.244, 31.48, 30.773, 31.53, 31.285, 28.96, 27.62, 21.907, 14.613, 9.085, 0.0, 6.551, 9.248, 14.974, 20.457, 21.979, 23.653, 26.261, 27.359, 28.038, 29.032, 31.09, 32.762, 33.962, 36.022, 37.543, 38.27, 38.445, 39.441, 41.739, 42.502, 44.226, 45.236, 45.624, 47.886, 48.386, 46.648, 46.04, 46.848, 47.348, 47.17, 46.305, 45.59, 45.44, 45.738, 46.531, 46.233, 47.144, 44.614], [45.166, 44.561, 40.363, 35.634, 34.044, 33.285, 32.695, 33.552, 33.434, 31.294, 29.954, 24.542, 16.819, 12.821, 6.551, 0.0, 5.901, 13.803, 19.662, 21.071, 22.651, 25.369, 26.607, 27.19, 27.803, 29.697, 31.541, 32.871, 35.023, 36.577, 37.409, 37.661, 38.916, 41.559, 42.309, 44.16, 45.311, 45.733, 47.938, 48.405, 46.699, 46.043, 46.769, 47.257, 47.097, 46.231, 45.515, 45.389, 45.695, 46.434, 46.096, 46.986, 44.76], [45.885, 45.385, 41.352, 36.61, 35.148, 34.403, 33.746, 34.674, 34.656, 32.689, 31.324, 26.258, 19.39, 14.84, 9.248, 5.901, 0.0, 9.629, 16.971, 18.836, 20.276, 23.106, 24.394, 25.173, 26.14, 28.271, 30.385, 31.93, 34.187, 35.786, 36.629, 36.891, 38.338, 41.228, 42.05, 44.076, 45.311, 45.869, 48.261, 48.696, 46.877, 46.236, 47.035, 47.543, 47.374, 46.522, 45.844, 45.766, 46.105, 46.889, 46.561, 47.398, 45.331], [47.726, 47.443, 44.062, 39.483, 38.068, 37.522, 36.718, 37.385, 37.347, 35.579, 34.215, 29.833, 24.458, 19.717, 14.974, 13.803, 9.629, 0.0, 9.313, 12.796, 14.289, 17.329, 18.793, 20.2, 22.941, 26.429, 29.053, 31.189, 33.789, 35.513, 36.456, 36.857, 38.597, 41.559, 42.475, 44.782, 46.069, 46.693, 49.247, 49.649, 47.785, 47.216, 48.07, 48.554, 48.366, 47.614, 47.027, 46.994, 47.397, 48.244, 47.965, 48.694, 46.946], [49.009, 48.85, 46.132, 42.049, 40.735, 40.359, 39.483, 39.878, 39.856, 38.236, 36.896, 32.973, 28.255, 23.994, 20.457, 19.662, 16.971, 9.313, 0.0, 5.626, 8.731, 12.452, 14.262, 16.334, 21.017, 25.796, 28.465, 31.185, 34.177, 35.892, 37.075, 37.713, 39.373, 42.229, 43.209, 45.523, 46.832, 47.443, 50.031, 50.508, 48.764, 48.238, 49.009, 49.422, 49.227, 48.552, 48.015, 47.975, 48.363, 49.195, 48.965, 49.603, 48.152], [48.963, 48.771, 46.206, 42.355, 41.12, 40.743, 39.853, 40.285, 40.373, 38.809, 37.443, 33.64, 29.213, 25.328, 21.979, 21.071, 18.836, 12.796, 5.626, 0.0, 5.787, 11.228, 13.482, 15.657, 20.452, 25.276, 27.8, 30.714, 33.866, 35.488, 36.824, 37.586, 38.95, 41.825, 42.832, 45.136, 46.499, 47.117, 49.787, 50.389, 48.682, 48.137, 48.858, 49.242, 49.036, 48.335, 47.792, 47.772, 48.119, 48.906, 48.656, 49.274, 48.119], [48.98, 48.789, 46.469, 42.932, 41.671, 41.272, 40.445, 40.845, 40.878, 39.328, 37.858, 34.44, 30.686, 26.963, 23.653, 22.651, 20.276, 14.289, 8.731, 5.787, 0.0, 6.809, 10.08, 12.444, 17.705, 23.251, 26.069, 29.189, 32.604, 34.356, 35.792, 36.594, 37.945, 41.0, 42.03, 44.612, 46.127, 46.761, 49.56, 50.16, 48.378, 47.839, 48.583, 48.934, 48.686, 47.968, 47.418, 47.423, 47.806, 48.62, 48.339, 48.924, 47.998], [49.533, 49.4, 47.278, 43.909, 42.646, 42.266, 41.469, 41.803, 41.817, 40.333, 38.843, 35.891, 32.715, 29.163, 26.261, 25.369, 23.106, 17.329, 12.452, 11.228, 6.809, 0.0, 4.742, 8.519, 15.432, 21.982, 24.962, 28.181, 31.784, 33.71, 35.254, 36.096, 37.584, 40.725, 41.779, 44.597, 46.222, 46.86, 49.776, 50.366, 48.556, 48.047, 48.818, 49.157, 48.906, 48.232, 47.677, 47.664, 48.094, 48.971, 48.704, 49.241, 48.428], [50.075, 50.022, 47.968, 44.475, 43.115, 42.749, 41.896, 42.162, 42.184, 40.764, 39.33, 36.481, 33.435, 29.966, 27.359, 26.607, 24.394, 18.793, 14.262, 13.482, 10.08, 4.742, 0.0, 6.101, 15.156, 22.27, 25.217, 28.495, 32.124, 34.066, 35.64, 36.479, 37.999, 41.072, 42.077, 44.891, 46.512, 47.168, 50.1, 50.679, 48.892, 48.395, 49.176, 49.539, 49.332, 48.727, 48.196, 48.162, 48.593, 49.474, 49.24, 49.722, 48.972], [49.743, 49.711, 47.848, 44.762, 43.446, 43.104, 42.329, 42.527, 42.48, 41.158, 39.729, 36.874, 33.848, 30.405, 28.038, 27.19, 25.173, 20.2, 16.334, 15.657, 12.444, 8.519, 6.101, 0.0, 10.869, 19.669, 23.202, 26.725, 30.721, 32.815, 34.389, 35.248, 36.895, 40.189, 41.226, 44.192, 45.951, 46.601, 49.654, 50.321, 48.504, 48.019, 48.823, 49.173, 48.966, 48.342, 47.796, 47.788, 48.259, 49.15, 48.864, 49.371, 48.554], [47.865, 47.714, 45.982, 44.017, 43.398, 43.043, 42.542, 43.079, 43.184, 42.003, 40.523, 37.677, 34.61, 31.415, 29.032, 27.803, 26.14, 22.941, 21.017, 20.452, 17.705, 15.432, 15.156, 10.869, 0.0, 11.57, 17.266, 21.183, 25.912, 28.379, 29.948, 30.836, 32.731, 36.916, 38.145, 41.531, 43.645, 44.269, 47.565, 48.51, 46.622, 46.067, 46.905, 47.234, 46.966, 46.226, 45.651, 45.712, 46.258, 47.234, 46.801, 47.478, 46.496], [46.119, 45.871, 44.05, 42.9, 43.202, 42.945, 42.687, 44.001, 44.697, 43.682, 42.149, 39.367, 36.292, 33.483, 31.09, 29.697, 28.271, 26.429, 25.796, 25.276, 23.251, 21.982, 22.27, 19.669, 11.57, 0.0, 9.017, 15.075, 20.374, 22.783, 24.719, 25.792, 27.858, 33.205, 34.615, 38.434, 40.909, 41.585, 45.146, 46.394, 44.471, 43.801, 44.661, 45.028, 44.724, 43.851, 43.404, 43.659, 44.182, 45.241, 44.739, 45.579, 44.681], [45.439, 45.15, 43.277, 42.382, 43.0, 42.859, 42.71, 44.333, 45.327, 44.421, 42.896, 40.281, 37.484, 34.917, 32.762, 31.541, 30.385, 29.053, 28.465, 27.8, 26.069, 24.962, 25.217, 23.202, 17.266, 9.017, 0.0, 10.342, 17.23, 19.249, 21.775, 23.33, 25.278, 31.174, 32.688, 36.674, 39.33, 40.073, 43.885, 45.319, 43.377, 42.649, 43.503, 43.902, 43.624, 42.696, 42.303, 42.786, 43.39, 44.411, 43.896, 44.767, 44.041], [44.908, 44.495, 42.457, 41.961, 42.926, 42.816, 42.87, 44.838, 45.93, 45.023, 43.538, 41.085, 38.429, 35.971, 33.962, 32.871, 31.93, 31.189, 31.185, 30.714, 29.189, 28.181, 28.495, 26.725, 21.183, 15.075, 10.342, 0.0, 9.41, 12.855, 15.85, 18.031, 20.487, 27.494, 29.256, 33.713, 36.752, 37.519, 41.754, 43.443, 41.379, 40.608, 41.63, 42.228, 42.118, 41.259, 40.803, 41.436, 42.628, 44.076, 43.504, 44.596, 43.463], [45.296, 44.752, 42.522, 42.382, 43.712, 43.612, 43.859, 46.261, 47.509, 46.639, 45.234, 42.908, 40.264, 37.918, 36.022, 35.023, 34.187, 33.789, 34.177, 33.866, 32.604, 31.784, 32.124, 30.721, 25.912, 20.374, 17.23, 9.41, 0.0, 5.803, 10.097, 13.171, 16.926, 24.749, 26.589, 31.544, 34.968, 35.767, 40.326, 42.144, 39.928, 39.175, 40.429, 41.291, 41.454, 40.835, 40.541, 41.16, 42.65, 44.479, 43.904, 45.083, 43.9], [45.503, 44.908, 42.737, 42.823, 44.272, 44.183, 44.464, 46.988, 48.387, 47.66, 46.291, 44.063, 41.616, 39.385, 37.543, 36.577, 35.786, 35.513, 35.892, 35.488, 34.356, 33.71, 34.066, 32.815, 28.379, 22.783, 19.249, 12.855, 5.803, 0.0, 7.163, 11.54, 15.681, 24.055, 25.924, 31.038, 34.614, 35.448, 40.067, 41.955, 39.75, 38.969, 40.221, 41.129, 41.395, 40.897, 40.741, 41.42, 42.879, 44.682, 44.111, 45.26, 44.186], [45.449, 44.882, 42.741, 43.011, 44.512, 44.417, 44.722, 47.229, 48.62, 47.99, 46.678, 44.521, 42.25, 40.058, 38.27, 37.409, 36.629, 36.456, 37.075, 36.824, 35.792, 35.254, 35.64, 34.389, 29.948, 24.719, 21.775, 15.85, 10.097, 7.163, 0.0, 6.241, 13.198, 22.228, 24.275, 30.12, 33.917, 34.749, 39.529, 41.385, 39.125, 38.437, 39.802, 40.715, 40.968, 40.502, 40.388, 41.12, 42.747, 44.617, 44.023, 45.303, 44.101], [45.217, 44.727, 42.634, 42.965, 44.448, 44.353, 44.685, 47.164, 48.528, 47.921, 46.636, 44.521, 42.332, 40.182, 38.445, 37.661, 36.891, 36.857, 37.713, 37.586, 36.594, 36.096, 36.479, 35.248, 30.836, 25.792, 23.33, 18.031, 13.171, 11.54, 6.241, 0.0, 10.936, 21.09, 23.041, 29.254, 33.206, 34.015, 38.808, 40.668, 38.399, 37.716, 39.153, 40.125, 40.398, 39.95, 39.896, 40.595, 42.362, 44.422, 43.839, 45.202, 43.788], [43.486, 43.039, 41.241, 42.129, 43.754, 43.647, 44.02, 46.525, 47.955, 47.34, 46.084, 44.347, 42.698, 40.865, 39.441, 38.916, 38.338, 38.597, 39.373, 38.95, 37.945, 37.584, 37.999, 36.895, 32.731, 27.858, 25.278, 20.487, 16.926, 15.681, 13.198, 10.936, 0.0, 13.169, 15.635, 22.159, 27.025, 27.858, 33.399, 36.295, 34.614, 33.975, 35.279, 36.372, 36.859, 36.55, 36.619, 37.399, 39.499, 41.992, 41.458, 43.037, 42.04], [43.691, 43.206, 41.416, 42.471, 44.151, 44.069, 44.423, 46.804, 48.165, 47.574, 46.487, 45.177, 44.111, 42.735, 41.739, 41.559, 41.228, 41.559, 42.229, 41.825, 41.0, 40.725, 41.072, 40.189, 36.916, 33.205, 31.174, 27.494, 24.749, 24.055, 22.228, 21.09, 13.169, 0.0, 5.652, 14.395, 19.678, 20.789, 28.002, 32.329, 31.92, 31.957, 33.254, 34.422, 35.152, 35.015, 35.101, 35.872, 38.231, 41.074, 40.687, 42.453, 42.397], [43.779, 43.372, 41.715, 42.813, 44.456, 44.364, 44.708, 47.02, 48.353, 47.777, 46.702, 45.429, 44.527, 43.41, 42.502, 42.309, 42.05, 42.475, 43.209, 42.832, 42.03, 41.779, 42.077, 41.226, 38.145, 34.615, 32.688, 29.256, 26.589, 25.924, 24.275, 23.041, 15.635, 5.652, 0.0, 11.946, 17.793, 18.849, 26.449, 31.16, 31.071, 31.232, 32.573, 33.795, 34.579, 34.49, 34.698, 35.528, 37.987, 40.984, 40.655, 42.398, 42.504], [43.007, 42.638, 41.392, 43.07, 44.901, 44.852, 45.214, 47.522, 48.94, 48.395, 47.433, 46.284, 45.349, 44.616, 44.226, 44.16, 44.076, 44.782, 45.523, 45.136, 44.612, 44.597, 44.891, 44.192, 41.531, 38.434, 36.674, 33.713, 31.544, 31.038, 30.12, 29.254, 22.159, 14.395, 11.946, 0.0, 8.1, 9.466, 18.339, 25.232, 26.477, 26.882, 28.065, 29.524, 30.832, 31.016, 31.232, 32.153, 34.925, 38.388, 38.223, 40.201, 41.944], [43.247, 42.859, 41.652, 43.444, 45.34, 45.313, 45.693, 48.033, 49.491, 48.946, 48.036, 46.996, 46.096, 45.461, 45.236, 45.311, 45.311, 46.069, 46.832, 46.499, 46.127, 46.222, 46.512, 45.951, 43.645, 40.909, 39.33, 36.752, 34.968, 34.614, 33.917, 33.206, 27.025, 19.678, 17.793, 8.1, 0.0, 5.602, 15.765, 22.874, 25.045, 26.068, 27.338, 28.877, 30.373, 30.572, 30.6, 31.469, 34.3, 37.922, 37.855, 39.912, 42.328], [43.194, 42.817, 41.788, 43.71, 45.555, 45.536, 45.927, 48.192, 49.627, 49.115, 48.232, 47.201, 46.321, 45.798, 45.624, 45.733, 45.869, 46.693, 47.443, 47.117, 46.761, 46.86, 47.168, 46.601, 44.269, 41.585, 40.073, 37.519, 35.767, 35.448, 34.749, 34.015, 27.858, 20.789, 18.849, 9.466, 5.602, 0.0, 12.462, 21.248, 23.894, 24.859, 26.138, 27.761, 29.345, 29.616, 29.692, 30.586, 33.58, 37.386, 37.363, 39.451, 42.339], [42.799, 42.687, 42.818, 45.445, 47.213, 47.184, 47.596, 49.588, 50.932, 50.564, 49.813, 48.886, 48.051, 47.894, 47.886, 47.938, 48.261, 49.247, 50.031, 49.787, 49.56, 49.776, 50.1, 49.654, 47.565, 45.146, 43.885, 41.754, 40.326, 40.067, 39.529, 38.808, 33.399, 28.002, 26.449, 18.339, 15.765, 12.462, 0.0, 13.19, 19.139, 20.098, 20.805, 22.716, 24.999, 25.964, 26.567, 27.654, 30.826, 35.083, 35.341, 37.45, 42.165], [42.241, 42.487, 43.203, 45.9, 47.586, 47.567, 48.041, 49.974, 51.232, 50.878, 50.129, 49.264, 48.543, 48.41, 48.386, 48.405, 48.696, 49.649, 50.508, 50.389, 50.16, 50.366, 50.679, 50.321, 48.51, 46.394, 45.319, 43.443, 42.144, 41.955, 41.385, 40.668, 36.295, 32.329, 31.16, 25.232, 22.874, 21.248, 13.19, 0.0, 10.085, 13.66, 15.101, 17.53, 20.641, 22.444, 23.908, 25.479, 29.074, 33.927, 34.337, 36.54, 41.727], [41.396, 41.757, 42.258, 44.754, 46.53, 46.551, 47.104, 49.233, 50.488, 50.027, 49.139, 48.07, 47.226, 46.811, 46.648, 46.699, 46.877, 47.785, 48.764, 48.682, 48.378, 48.556, 48.892, 48.504, 46.622, 44.471, 43.377, 41.379, 39.928, 39.75, 39.125, 38.399, 34.614, 31.92, 31.071, 26.477, 25.045, 23.894, 19.139, 10.085, 0.0, 7.043, 11.568, 15.006, 18.474, 20.536, 22.228, 23.977, 27.81, 32.956, 33.304, 35.685, 40.732], [40.836, 41.198, 41.794, 44.402, 46.23, 46.258, 46.843, 49.023, 50.323, 49.873, 48.955, 47.738, 46.699, 46.261, 46.04, 46.043, 46.236, 47.216, 48.238, 48.137, 47.839, 48.047, 48.395, 48.019, 46.067, 43.801, 42.649, 40.608, 39.175, 38.969, 38.437, 37.716, 33.975, 31.957, 31.232, 26.882, 26.068, 24.859, 20.098, 13.66, 7.043, 0.0, 6.751, 12.035, 16.365, 18.807, 20.75, 22.553, 26.135, 31.186, 31.618, 34.019, 40.128], [40.556, 40.998, 42.018, 44.849, 46.648, 46.69, 47.239, 49.269, 50.602, 50.276, 49.424, 48.272, 47.283, 47.042, 46.848, 46.769, 47.035, 48.07, 49.009, 48.858, 48.583, 48.818, 49.176, 48.823, 46.905, 44.661, 43.503, 41.63, 40.429, 40.221, 39.802, 39.153, 35.279, 33.254, 32.573, 28.065, 27.338, 26.138, 20.805, 15.101, 11.568, 6.751, 0.0, 7.002, 12.852, 16.215, 18.744, 20.756, 24.049, 29.014, 29.645, 32.045, 39.919], [40.155, 40.778, 42.153, 45.048, 46.778, 46.855, 47.344, 49.163, 50.483, 50.272, 49.444, 48.358, 47.619, 47.524, 47.348, 47.257, 47.543, 48.554, 49.422, 49.242, 48.934, 49.157, 49.539, 49.173, 47.234, 45.028, 43.902, 42.228, 41.291, 41.129, 40.715, 40.125, 36.372, 34.422, 33.795, 29.524, 28.877, 27.761, 22.716, 17.53, 15.006, 12.035, 7.002, 0.0, 7.172, 12.213, 15.702, 18.001, 21.346, 26.572, 27.422, 29.938, 39.497], [39.788, 40.583, 42.039, 44.828, 46.472, 46.562, 46.99, 48.616, 49.891, 49.747, 48.921, 47.869, 47.382, 47.368, 47.17, 47.097, 47.374, 48.366, 49.227, 49.036, 48.686, 48.906, 49.332, 48.966, 46.966, 44.724, 43.624, 42.118, 41.454, 41.395, 40.968, 40.398, 36.859, 35.152, 34.579, 30.832, 30.373, 29.345, 24.999, 20.641, 18.474, 16.365, 12.852, 7.172, 0.0, 6.994, 12.214, 14.957, 18.466, 24.1, 25.176, 27.848, 38.976], [39.37, 40.132, 41.353, 44.036, 45.69, 45.779, 46.206, 47.841, 49.11, 48.939, 48.097, 47.057, 46.635, 46.574, 46.305, 46.231, 46.522, 47.614, 48.552, 48.335, 47.968, 48.232, 48.727, 48.342, 46.226, 43.851, 42.696, 41.259, 40.835, 40.897, 40.502, 39.95, 36.55, 35.015, 34.49, 31.016, 30.572, 29.616, 25.964, 22.444, 20.536, 18.807, 16.215, 12.213, 6.994, 0.0, 7.299, 11.558, 15.107, 21.074, 22.307, 25.25, 38.387], [39.33, 39.874, 40.917, 43.536, 45.212, 45.32, 45.757, 47.444, 48.711, 48.457, 47.586, 46.539, 46.039, 45.893, 45.59, 45.515, 45.844, 47.027, 48.015, 47.792, 47.418, 47.677, 48.196, 47.796, 45.651, 43.404, 42.303, 40.803, 40.541, 40.741, 40.388, 39.896, 36.619, 35.101, 34.698, 31.232, 30.6, 29.692, 26.567, 23.908, 22.228, 20.75, 18.744, 15.702, 12.214, 7.299, 0.0, 6.694, 12.476, 18.725, 19.859, 23.255, 38.314], [39.394, 39.848, 40.921, 43.549, 45.17, 45.285, 45.719, 47.345, 48.571, 48.296, 47.439, 46.372, 45.815, 45.69, 45.44, 45.389, 45.766, 46.994, 47.975, 47.772, 47.423, 47.664, 48.162, 47.788, 45.712, 43.659, 42.786, 41.436, 41.16, 41.42, 41.12, 40.595, 37.399, 35.872, 35.528, 32.153, 31.469, 30.586, 27.654, 25.479, 23.977, 22.553, 20.756, 18.001, 14.957, 11.558, 6.694, 0.0, 9.558, 17.514, 18.598, 22.32, 38.372], [39.189, 39.779, 41.119, 43.744, 45.269, 45.366, 45.794, 47.309, 48.535, 48.346, 47.545, 46.473, 45.938, 45.942, 45.738, 45.695, 46.105, 47.397, 48.363, 48.119, 47.806, 48.094, 48.593, 48.259, 46.258, 44.182, 43.39, 42.628, 42.65, 42.879, 42.747, 42.362, 39.499, 38.231, 37.987, 34.925, 34.3, 33.58, 30.826, 29.074, 27.81, 26.135, 24.049, 21.346, 18.466, 15.107, 12.476, 9.558, 0.0, 10.463, 12.743, 16.48, 38.196], [39.577, 40.188, 41.792, 44.399, 45.776, 45.842, 46.251, 47.62, 48.823, 48.717, 47.975, 46.978, 46.518, 46.703, 46.531, 46.434, 46.889, 48.244, 49.195, 48.906, 48.62, 48.971, 49.474, 49.15, 47.234, 45.241, 44.411, 44.076, 44.479, 44.682, 44.617, 44.422, 41.992, 41.074, 40.984, 38.388, 37.922, 37.386, 35.083, 33.927, 32.956, 31.186, 29.014, 26.572, 24.1, 21.074, 18.725, 17.514, 10.463, 0.0, 5.117, 9.17, 38.717], [39.236, 39.728, 41.303, 44.04, 45.47, 45.517, 45.965, 47.417, 48.634, 48.506, 47.742, 46.76, 46.313, 46.458, 46.233, 46.096, 46.561, 47.965, 48.965, 48.656, 48.339, 48.704, 49.24, 48.864, 46.801, 44.739, 43.896, 43.504, 43.904, 44.111, 44.023, 43.839, 41.458, 40.687, 40.655, 38.223, 37.855, 37.363, 35.341, 34.337, 33.304, 31.618, 29.645, 27.422, 25.176, 22.307, 19.859, 18.598, 12.743, 5.117, 0.0, 7.818, 38.35], [39.93, 40.418, 42.189, 44.76, 46.004, 46.042, 46.444, 47.737, 48.934, 48.927, 48.204, 47.311, 47.086, 47.36, 47.144, 46.986, 47.398, 48.694, 49.603, 49.274, 48.924, 49.241, 49.722, 49.371, 47.478, 45.579, 44.767, 44.596, 45.083, 45.26, 45.303, 45.202, 43.037, 42.453, 42.398, 40.201, 39.912, 39.451, 37.45, 36.54, 35.685, 34.019, 32.045, 29.938, 27.848, 25.25, 23.255, 22.32, 16.48, 9.17, 7.818, 0.0, 39.213], [10.24, 15.234, 26.458, 34.913, 37.782, 38.147, 39.31, 41.446, 43.13, 43.638, 43.052, 42.696, 43.992, 44.623, 44.614, 44.76, 45.331, 46.946, 48.152, 48.119, 47.998, 48.428, 48.972, 48.554, 46.496, 44.681, 44.041, 43.463, 43.9, 44.186, 44.101, 43.788, 42.04, 42.397, 42.504, 41.944, 42.328, 42.339, 42.165, 41.727, 40.732, 40.128, 39.919, 39.497, 38.976, 38.387, 38.314, 38.372, 38.196, 38.717, 38.35, 39.213, 0.0]]