[[0.0, 7.409, 15.305, 21.177, 24.315, 27.626, 31.663, 33.076, 32.285, 34.26, 39.718, 43.632, 44.609, 45.068, 45.265, 44.922, 44.891, 44.641, 43.873, 43.527, 43.715, 43.63, 43.254, 43.661, 44.592, 45.554, 45.809, 45.883, 46.071, 46.099, 46.055, 45.831, 46.221, 47.287, 47.797, 47.452, 46.628, 46.428, 47.062, 47.382, 47.27, 47.177, 47.297, 47.12, 47.139, 47.839, 48.285, 48.293, 48.337, 48.479, 48.532, 48.157, 47.449, 47.322, 47.476, 47.371, 47.452, 47.633, 47.423, 46.989, 46.675, 46.615, 46.834, 46.829, 46.567, 47.098, 47.996, 48.134, 48.285, 48.919, 49.589, 49.799, 50.252, 50.38, 50.05, 49.642, 49.828, 50.214, 50.577, 51.301, 52.146, 52.528, 52.473, 52.738, 52.989, 51.487, 49.077, 48.14, 47.967, 47.491, 47.04, 47.219, 47.999, 47.896, 47.243, 47.0, 46.919, 47.21, 47.502, 47.351, 47.012, 46.887, 47.268, 47.736, 47.696, 47.736, 48.135, 48.508, 48.48, 48.352, 48.122, 47.959, 48.006, 47.944, 47.521, 47.31, 47.471, 47.615, 47.58, 47.414, 47.421, 47.402, 47.029, 46.717, 46.806, 46.939, 46.853, 46.992, 47.068, 47.015, 46.976, 47.118, 47.222, 47.142, 47.277, 47.485, 47.696, 47.883, 48.045, 48.412, 48.878, 49.469, 49.929, 50.185, 50.418, 50.392, 50.223, 50.162, 50.282, 50.488, 50.424, 50.065, 49.578, 48.811, 47.856, 47.509, 47.869, 48.351, 48.461, 48.3, 48.204, 48.309, 48.277, 48.126, 48.068, 47.945, 47.747, 47.437, 47.3, 47.455, 47.609, 47.739, 47.866, 47.933, 47.778, 47.739, 47.893, 47.818, 47.638, 47.653, 48.004, 48.271, 48.083, 47.64, 47.254, 47.024, 46.982, 46.922, 46.835, 46.757, 46.721, 46.756, 46.037, 45.324, 45.261, 45.457, 45.581, 45.718, 45.834, 45.786, 44.957, 43.442, 42.762, 42.895, 42.878, 9.063], [7.409, 0.0, 9.84, 17.548, 21.311, 24.825, 29.318, 31.001, 30.306, 32.591, 38.464, 42.635, 43.757, 44.284, 44.481, 44.157, 44.161, 43.903, 43.161, 42.931, 43.222, 43.17, 42.806, 43.274, 44.272, 45.262, 45.52, 45.598, 45.777, 45.829, 45.858, 45.677, 46.043, 47.098, 47.602, 47.251, 46.463, 46.328, 47.015, 47.356, 47.239, 47.135, 47.259, 47.055, 46.977, 47.583, 48.002, 48.015, 48.04, 48.163, 48.214, 47.839, 47.131, 47.067, 47.272, 47.166, 47.243, 47.437, 47.222, 46.757, 46.397, 46.33, 46.563, 46.546, 46.261, 46.814, 47.739, 47.894, 48.059, 48.715, 49.419, 49.644, 50.099, 50.212, 49.858, 49.381, 49.455, 49.77, 50.117, 50.829, 51.659, 52.041, 51.991, 52.255, 52.5, 50.989, 48.573, 47.6, 47.4, 46.926, 46.516, 46.795, 47.673, 47.61, 46.952, 46.697, 46.637, 46.99, 47.314, 47.139, 46.776, 46.662, 47.073, 47.539, 47.476, 47.505, 47.915, 48.292, 48.267, 48.171, 47.984, 47.847, 47.891, 47.826, 47.416, 47.235, 47.424, 47.579, 47.547, 47.389, 47.411, 47.396, 47.004, 46.668, 46.744, 46.871, 46.793, 46.924, 46.97, 46.913, 46.881, 47.024, 47.12, 47.04, 47.174, 47.361, 47.534, 47.706, 47.886, 48.295, 48.81, 49.43, 49.915, 50.191, 50.412, 50.384, 50.236, 50.2, 50.329, 50.526, 50.456, 50.102, 49.61, 48.788, 47.771, 47.434, 47.847, 48.361, 48.461, 48.274, 48.165, 48.266, 48.237, 48.084, 48.014, 47.888, 47.689, 47.371, 47.242, 47.442, 47.607, 47.715, 47.821, 47.888, 47.745, 47.733, 47.914, 47.831, 47.652, 47.698, 48.092, 48.392, 48.207, 47.746, 47.338, 47.09, 47.021, 46.953, 46.862, 46.752, 46.677, 46.703, 45.98, 45.248, 45.172, 45.387, 45.534, 45.67, 45.776, 45.726, 44.857, 43.231, 42.467, 42.595, 42.597, 12.51], [15.305, 9.84, 0.0, 9.712, 15.405, 20.03, 25.348, 27.581, 27.274, 30.071, 36.45, 40.935, 42.261, 42.898, 43.135, 42.831, 42.861, 42.646, 42.031, 41.942, 42.283, 42.245, 41.908, 42.472, 43.578, 44.628, 44.936, 45.095, 45.372, 45.528, 45.69, 45.64, 46.026, 46.994, 47.476, 47.168, 46.421, 46.289, 46.934, 47.235, 47.124, 47.06, 47.2, 47.002, 46.917, 47.465, 47.861, 47.858, 47.839, 47.969, 48.036, 47.641, 46.898, 46.834, 47.022, 46.911, 46.989, 47.176, 46.952, 46.485, 46.11, 46.046, 46.27, 46.214, 45.915, 46.449, 47.341, 47.461, 47.609, 48.275, 49.041, 49.355, 49.833, 49.944, 49.591, 49.03, 48.946, 49.179, 49.518, 50.211, 51.005, 51.374, 51.329, 51.595, 51.855, 50.358, 47.934, 46.898, 46.664, 46.213, 45.842, 46.209, 47.156, 47.079, 46.398, 46.183, 46.181, 46.584, 46.93, 46.741, 46.377, 46.28, 46.715, 47.174, 47.086, 47.129, 47.578, 47.961, 47.886, 47.734, 47.55, 47.433, 47.483, 47.441, 47.068, 46.881, 47.081, 47.24, 47.195, 47.02, 47.044, 47.042, 46.657, 46.339, 46.425, 46.534, 46.436, 46.544, 46.554, 46.499, 46.469, 46.605, 46.698, 46.644, 46.836, 47.081, 47.3, 47.483, 47.663, 48.106, 48.689, 49.367, 49.903, 50.219, 50.463, 50.441, 50.294, 50.256, 50.387, 50.568, 50.467, 50.102, 49.601, 48.699, 47.541, 47.121, 47.579, 48.165, 48.278, 48.065, 47.953, 48.06, 48.012, 47.841, 47.793, 47.665, 47.411, 47.025, 46.875, 47.1, 47.277, 47.361, 47.438, 47.509, 47.383, 47.357, 47.527, 47.452, 47.279, 47.32, 47.764, 48.163, 48.057, 47.63, 47.2, 46.915, 46.84, 46.795, 46.694, 46.532, 46.404, 46.433, 45.699, 44.914, 44.835, 45.103, 45.228, 45.297, 45.39, 45.323, 44.427, 42.756, 41.931, 42.048, 42.065, 17.957], [21.177, 17.548, 9.712, 0.0, 8.14, 15.575, 22.261, 24.785, 24.702, 28.063, 34.963, 39.713, 41.186, 41.937, 42.193, 41.761, 41.718, 41.598, 41.132, 41.054, 41.294, 41.207, 40.896, 41.567, 42.776, 43.906, 44.315, 44.573, 44.961, 45.232, 45.519, 45.595, 45.962, 46.76, 47.224, 46.956, 46.119, 45.872, 46.409, 46.612, 46.512, 46.581, 46.792, 46.61, 46.634, 47.302, 47.73, 47.694, 47.643, 47.747, 47.754, 47.268, 46.416, 46.255, 46.388, 46.25, 46.305, 46.467, 46.234, 45.806, 45.535, 45.537, 45.725, 45.629, 45.447, 46.134, 47.077, 47.149, 47.27, 47.983, 48.782, 49.092, 49.565, 49.683, 49.337, 48.741, 48.646, 48.928, 49.303, 50.01, 50.823, 51.2, 51.142, 51.424, 51.713, 50.155, 47.585, 46.466, 46.221, 45.765, 45.361, 45.692, 46.599, 46.444, 45.746, 45.538, 45.448, 45.768, 46.113, 45.931, 45.586, 45.482, 45.886, 46.326, 46.234, 46.294, 46.784, 47.201, 47.089, 46.834, 46.588, 46.47, 46.533, 46.532, 46.2, 46.014, 46.229, 46.406, 46.356, 46.16, 46.173, 46.162, 45.765, 45.481, 45.593, 45.664, 45.502, 45.601, 45.661, 45.645, 45.618, 45.761, 45.875, 45.839, 46.062, 46.353, 46.608, 46.788, 46.951, 47.385, 48.008, 48.763, 49.348, 49.684, 49.997, 50.001, 49.831, 49.77, 49.901, 50.089, 49.981, 49.583, 49.011, 48.031, 46.839, 46.408, 46.92, 47.55, 47.662, 47.445, 47.36, 47.482, 47.386, 47.183, 47.167, 47.023, 46.681, 46.233, 46.067, 46.256, 46.397, 46.459, 46.515, 46.575, 46.474, 46.466, 46.627, 46.541, 46.375, 46.483, 47.075, 47.633, 47.637, 47.233, 46.763, 46.452, 46.384, 46.339, 46.199, 45.975, 45.809, 45.836, 45.108, 44.255, 44.138, 44.471, 44.608, 44.627, 44.747, 44.723, 43.868, 42.253, 41.468, 41.609, 41.635, 23.439], [24.315, 21.311, 15.405, 8.14, 0.0, 9.904, 18.415, 21.569, 21.808, 25.571, 32.796, 37.798, 39.463, 40.318, 40.571, 40.106, 40.085, 40.074, 39.823, 39.969, 40.329, 40.283, 40.038, 40.844, 42.154, 43.324, 43.791, 44.086, 44.503, 44.88, 45.421, 45.859, 46.571, 47.462, 47.884, 47.631, 46.822, 46.569, 47.076, 47.267, 47.182, 47.276, 47.487, 47.267, 47.212, 47.799, 48.218, 48.186, 48.085, 48.156, 48.163, 47.708, 46.969, 46.906, 47.048, 46.926, 47.016, 47.194, 46.954, 46.481, 46.161, 46.154, 46.357, 46.245, 46.002, 46.633, 47.579, 47.664, 47.778, 48.451, 49.114, 49.243, 49.621, 49.733, 49.371, 48.707, 48.585, 48.919, 49.3, 49.966, 50.762, 51.136, 51.06, 51.34, 51.627, 50.028, 47.412, 46.315, 46.097, 45.642, 45.189, 45.422, 46.348, 46.265, 45.62, 45.446, 45.451, 45.927, 46.363, 46.2, 45.877, 45.842, 46.361, 46.866, 46.762, 46.818, 47.31, 47.689, 47.552, 47.273, 47.001, 46.907, 46.998, 46.999, 46.643, 46.465, 46.704, 46.894, 46.838, 46.638, 46.662, 46.655, 46.232, 45.911, 46.017, 46.119, 46.042, 46.231, 46.312, 46.295, 46.267, 46.39, 46.498, 46.504, 46.762, 47.048, 47.267, 47.434, 47.59, 48.028, 48.65, 49.342, 49.85, 50.135, 50.454, 50.474, 50.319, 50.267, 50.387, 50.564, 50.471, 50.089, 49.508, 48.545, 47.453, 47.1, 47.634, 48.251, 48.346, 48.131, 48.054, 48.189, 48.103, 47.902, 47.893, 47.775, 47.436, 46.947, 46.743, 46.946, 47.104, 47.152, 47.197, 47.251, 47.156, 47.156, 47.309, 47.213, 47.038, 47.138, 47.681, 48.178, 48.152, 47.719, 47.254, 46.973, 46.92, 46.872, 46.749, 46.539, 46.373, 46.41, 45.69, 44.754, 44.571, 44.913, 45.033, 44.992, 45.102, 45.117, 44.332, 42.789, 42.015, 42.133, 42.185, 26.596], [27.626, 24.825, 20.03, 15.575, 9.904, 0.0, 10.34, 16.011, 18.307, 22.318, 29.109, 34.242, 36.24, 37.185, 37.456, 37.238, 37.453, 37.568, 37.67, 38.385, 39.211, 39.459, 39.442, 40.387, 41.732, 42.865, 43.305, 43.598, 44.007, 44.533, 45.598, 46.92, 48.626, 49.902, 50.196, 49.971, 49.472, 49.392, 49.912, 50.185, 50.106, 49.981, 50.011, 49.745, 49.407, 49.551, 49.873, 49.857, 49.664, 49.826, 50.034, 49.835, 49.547, 49.805, 49.962, 49.916, 50.144, 50.395, 50.191, 49.612, 49.008, 48.877, 49.18, 49.123, 48.637, 48.908, 49.682, 49.805, 49.911, 50.341, 50.62, 50.389, 50.513, 50.601, 50.233, 49.269, 48.639, 48.727, 49.03, 49.52, 50.116, 50.421, 50.325, 50.531, 50.754, 49.276, 46.989, 46.13, 46.006, 45.617, 45.147, 45.308, 46.454, 46.7, 46.177, 46.204, 46.862, 48.001, 48.648, 48.507, 48.228, 48.397, 49.235, 49.876, 49.737, 49.797, 50.247, 50.454, 50.3, 50.16, 49.971, 49.943, 50.069, 50.01, 49.568, 49.357, 49.577, 49.743, 49.677, 49.47, 49.491, 49.497, 49.05, 48.606, 48.659, 48.869, 49.047, 49.392, 49.338, 49.213, 49.171, 49.211, 49.239, 49.335, 49.735, 50.122, 50.425, 50.675, 50.852, 51.323, 51.909, 52.355, 52.636, 52.834, 53.074, 53.079, 52.969, 52.922, 52.99, 53.113, 53.037, 52.757, 52.316, 51.545, 50.646, 50.301, 50.716, 51.284, 51.403, 51.2, 51.086, 51.209, 51.189, 51.021, 51.024, 51.021, 50.804, 50.256, 49.955, 50.246, 50.543, 50.632, 50.689, 50.74, 50.576, 50.455, 50.577, 50.554, 50.364, 50.243, 50.406, 50.591, 50.398, 49.948, 49.572, 49.358, 49.313, 49.311, 49.325, 49.25, 49.103, 49.136, 48.319, 47.268, 47.092, 47.374, 47.316, 47.087, 47.078, 47.037, 46.301, 44.827, 43.995, 44.012, 44.088, 29.476], [31.663, 29.318, 25.348, 22.261, 18.415, 10.34, 0.0, 8.862, 15.309, 20.545, 26.455, 31.198, 33.262, 34.249, 34.626, 34.768, 35.282, 35.602, 36.126, 37.293, 38.374, 38.83, 39.029, 40.051, 41.335, 42.382, 42.77, 43.08, 43.485, 44.084, 45.564, 47.681, 50.299, 51.939, 52.138, 51.937, 51.726, 51.822, 52.314, 52.588, 52.479, 52.173, 52.044, 51.747, 51.233, 51.064, 51.307, 51.282, 51.042, 51.322, 51.693, 51.68, 51.7, 52.122, 52.231, 52.213, 52.503, 52.786, 52.64, 52.037, 51.269, 51.063, 51.434, 51.466, 50.895, 50.942, 51.572, 51.724, 51.847, 52.089, 52.09, 51.675, 51.683, 51.764, 51.406, 50.25, 49.211, 49.021, 49.222, 49.604, 50.044, 50.277, 50.191, 50.364, 50.549, 49.265, 47.413, 46.874, 46.865, 46.522, 45.986, 45.918, 47.034, 47.486, 47.067, 47.209, 48.285, 49.859, 50.619, 50.471, 50.215, 50.524, 51.55, 52.26, 52.106, 52.161, 52.542, 52.601, 52.426, 52.385, 52.278, 52.342, 52.5, 52.37, 51.876, 51.663, 51.86, 52.005, 51.95, 51.759, 51.783, 51.793, 51.329, 50.797, 50.808, 51.079, 51.394, 51.769, 51.566, 51.352, 51.301, 51.263, 51.203, 51.368, 51.926, 52.479, 52.932, 53.259, 53.445, 53.932, 54.469, 54.691, 54.742, 54.857, 55.033, 55.022, 54.927, 54.865, 54.887, 54.972, 54.917, 54.743, 54.471, 53.938, 53.192, 52.763, 53.019, 53.563, 53.72, 53.521, 53.375, 53.5, 53.528, 53.38, 53.396, 53.505, 53.411, 52.834, 52.475, 52.861, 53.292, 53.437, 53.503, 53.555, 53.328, 53.06, 53.119, 53.178, 52.984, 52.66, 52.507, 52.443, 52.129, 51.693, 51.375, 51.177, 51.129, 51.174, 51.285, 51.291, 51.121, 51.115, 50.237, 49.132, 49.023, 49.317, 49.145, 48.76, 48.656, 48.61, 48.04, 46.829, 46.113, 46.075, 46.167, 33.04], [33.076, 31.001, 27.581, 24.785, 21.569, 16.011, 8.862, 0.0, 9.598, 17.693, 24.394, 28.912, 30.74, 31.787, 32.328, 32.556, 33.122, 33.541, 34.197, 35.352, 36.299, 36.684, 36.921, 38.02, 39.316, 40.38, 40.777, 41.096, 41.505, 42.125, 43.723, 46.026, 48.872, 50.744, 51.039, 50.829, 50.632, 50.817, 51.339, 51.555, 51.418, 51.178, 51.086, 50.768, 50.317, 50.27, 50.514, 50.456, 50.268, 50.568, 50.884, 50.794, 50.686, 50.984, 51.046, 50.994, 51.221, 51.46, 51.309, 50.713, 49.992, 49.827, 50.198, 50.279, 49.88, 50.114, 50.808, 50.973, 51.155, 51.483, 51.581, 51.331, 51.495, 51.566, 51.185, 50.142, 49.24, 49.056, 49.253, 49.732, 50.242, 50.496, 50.441, 50.647, 50.87, 49.613, 47.739, 47.202, 47.174, 46.755, 46.128, 45.911, 46.853, 47.208, 46.736, 46.735, 47.526, 48.839, 49.469, 49.256, 48.953, 49.209, 50.188, 50.941, 50.821, 50.856, 51.25, 51.353, 51.148, 51.03, 50.906, 51.022, 51.194, 51.051, 50.592, 50.445, 50.67, 50.827, 50.804, 50.667, 50.734, 50.75, 50.278, 49.753, 49.748, 49.967, 50.171, 50.412, 50.213, 50.025, 49.991, 49.965, 49.894, 50.035, 50.618, 51.205, 51.657, 51.951, 52.149, 52.675, 53.252, 53.499, 53.528, 53.632, 53.838, 53.831, 53.691, 53.596, 53.625, 53.744, 53.721, 53.559, 53.318, 52.822, 52.012, 51.498, 51.756, 52.347, 52.505, 52.28, 52.123, 52.251, 52.246, 52.058, 52.049, 52.144, 52.059, 51.511, 51.135, 51.496, 51.948, 52.116, 52.19, 52.258, 52.049, 51.76, 51.786, 51.857, 51.67, 51.34, 51.229, 51.224, 50.937, 50.493, 50.112, 49.848, 49.782, 49.817, 49.886, 49.83, 49.588, 49.537, 48.805, 47.828, 47.732, 48.126, 48.101, 47.777, 47.688, 47.739, 47.38, 46.469, 45.998, 46.015, 46.107, 34.372], [32.285, 30.306, 27.274, 24.702, 21.808, 18.307, 15.309, 9.598, 0.0, 11.108, 20.524, 26.056, 28.072, 29.321, 29.976, 30.032, 30.511, 30.909, 31.376, 32.319, 33.177, 33.523, 33.729, 34.908, 36.331, 37.577, 38.069, 38.374, 38.802, 39.454, 40.995, 43.076, 45.707, 47.735, 48.255, 48.045, 47.725, 47.952, 48.599, 48.811, 48.641, 48.504, 48.536, 48.228, 47.873, 48.045, 48.344, 48.275, 48.122, 48.358, 48.547, 48.277, 47.894, 48.053, 48.146, 48.057, 48.225, 48.428, 48.219, 47.597, 46.941, 46.808, 47.142, 47.245, 47.084, 47.705, 48.611, 48.815, 49.048, 49.583, 49.968, 49.965, 50.301, 50.363, 49.947, 49.051, 48.395, 48.339, 48.59, 49.181, 49.829, 50.156, 50.079, 50.269, 50.525, 49.145, 46.918, 46.097, 45.93, 45.384, 44.678, 44.482, 45.368, 45.523, 44.891, 44.727, 45.086, 45.879, 46.28, 45.982, 45.607, 45.765, 46.732, 47.655, 47.609, 47.628, 48.123, 48.355, 48.178, 48.043, 47.928, 48.042, 48.2, 48.088, 47.714, 47.678, 47.984, 48.179, 48.185, 48.086, 48.168, 48.152, 47.66, 47.174, 47.164, 47.318, 47.415, 47.61, 47.555, 47.458, 47.439, 47.485, 47.468, 47.506, 47.948, 48.367, 48.617, 48.791, 49.01, 49.574, 50.205, 50.621, 50.804, 50.956, 51.251, 51.267, 51.072, 50.957, 51.035, 51.227, 51.226, 51.008, 50.697, 50.108, 49.172, 48.689, 49.114, 49.779, 49.917, 49.679, 49.529, 49.639, 49.536, 49.236, 49.155, 49.155, 49.002, 48.492, 48.094, 48.31, 48.673, 48.826, 48.91, 48.984, 48.803, 48.577, 48.644, 48.695, 48.501, 48.262, 48.394, 48.615, 48.433, 47.965, 47.482, 47.14, 47.041, 47.024, 47.015, 46.882, 46.593, 46.523, 45.968, 45.167, 45.036, 45.489, 45.673, 45.52, 45.52, 45.652, 45.355, 44.522, 44.189, 44.289, 44.372, 33.516], [34.26, 32.591, 30.071, 28.063, 25.571, 22.318, 20.545, 17.693, 11.108, 0.0, 11.848, 19.554, 22.785, 24.578, 25.37, 25.483, 26.198, 26.818, 27.501, 28.89, 30.336, 31.187, 31.713, 33.074, 34.565, 35.873, 36.384, 36.678, 37.153, 37.915, 39.676, 42.136, 45.231, 47.518, 48.089, 48.003, 47.979, 48.44, 49.202, 49.468, 49.245, 48.946, 48.919, 48.629, 48.08, 47.975, 48.206, 48.135, 47.888, 48.089, 48.304, 48.068, 47.822, 48.214, 48.425, 48.351, 48.6, 48.885, 48.687, 48.052, 47.369, 47.196, 47.529, 47.688, 47.532, 48.058, 48.89, 49.154, 49.411, 49.868, 50.195, 50.177, 50.497, 50.565, 50.161, 49.225, 48.484, 48.417, 48.66, 49.153, 49.725, 50.051, 49.91, 49.969, 50.16, 48.795, 46.512, 45.477, 45.16, 44.542, 43.709, 43.35, 44.176, 44.34, 43.736, 43.677, 44.233, 45.098, 45.473, 45.148, 44.786, 45.103, 46.465, 47.745, 47.745, 47.779, 48.347, 48.558, 48.465, 48.534, 48.534, 48.667, 48.849, 48.73, 48.363, 48.422, 48.794, 49.009, 49.022, 48.902, 48.922, 48.844, 48.314, 47.781, 47.779, 48.031, 48.292, 48.608, 48.553, 48.464, 48.459, 48.507, 48.503, 48.568, 49.006, 49.353, 49.476, 49.572, 49.798, 50.344, 50.895, 51.3, 51.491, 51.593, 51.873, 51.894, 51.709, 51.609, 51.719, 51.94, 51.945, 51.727, 51.437, 50.874, 49.959, 49.547, 50.043, 50.716, 50.855, 50.641, 50.494, 50.572, 50.419, 50.032, 49.896, 49.896, 49.748, 49.22, 48.76, 48.909, 49.278, 49.449, 49.517, 49.551, 49.282, 48.944, 49.01, 49.126, 48.914, 48.555, 48.571, 48.749, 48.582, 48.14, 47.681, 47.343, 47.196, 47.166, 47.232, 47.166, 46.858, 46.727, 46.123, 45.341, 45.236, 45.653, 45.769, 45.546, 45.524, 45.686, 45.451, 44.703, 44.458, 44.531, 44.619, 35.135], [39.718, 38.464, 36.45, 34.963, 32.796, 29.109, 26.455, 24.394, 20.524, 11.848, 0.0, 9.495, 14.887, 17.793, 19.009, 19.825, 21.256, 22.393, 23.967, 26.596, 29.13, 30.749, 31.765, 33.282, 34.632, 35.688, 36.049, 36.32, 36.82, 37.672, 39.863, 43.257, 47.486, 50.203, 50.63, 50.676, 51.29, 52.212, 53.079, 53.386, 53.123, 52.573, 52.369, 52.061, 51.184, 50.593, 50.653, 50.537, 50.218, 50.543, 50.95, 50.953, 51.139, 51.86, 52.095, 52.036, 52.387, 52.761, 52.622, 51.915, 51.058, 50.817, 51.191, 51.367, 50.959, 50.946, 51.4, 51.669, 51.936, 52.094, 52.064, 51.894, 52.122, 52.192, 51.806, 50.773, 49.859, 49.704, 49.873, 50.191, 50.518, 50.754, 50.652, 50.631, 50.719, 49.646, 47.884, 46.999, 46.647, 46.07, 45.185, 44.572, 45.265, 45.551, 45.111, 45.334, 46.438, 47.707, 48.123, 47.793, 47.488, 48.032, 49.789, 51.316, 51.326, 51.366, 51.903, 51.95, 51.824, 52.043, 52.226, 52.449, 52.665, 52.525, 52.164, 52.288, 52.674, 52.879, 52.889, 52.748, 52.708, 52.585, 52.043, 51.446, 51.469, 51.868, 52.332, 52.713, 52.487, 52.335, 52.347, 52.31, 52.256, 52.497, 53.117, 53.542, 53.666, 53.742, 53.976, 54.483, 54.852, 55.01, 54.984, 54.938, 55.113, 55.111, 54.965, 54.889, 54.992, 55.19, 55.194, 55.055, 54.941, 54.604, 53.84, 53.43, 53.826, 54.456, 54.612, 54.439, 54.284, 54.32, 54.174, 53.777, 53.621, 53.706, 53.671, 53.137, 52.601, 52.76, 53.241, 53.455, 53.508, 53.551, 53.205, 52.602, 52.513, 52.743, 52.509, 51.752, 51.263, 51.198, 50.996, 50.651, 50.321, 50.021, 49.831, 49.849, 50.083, 50.149, 49.775, 49.533, 48.893, 48.169, 48.169, 48.559, 48.51, 48.057, 47.873, 48.025, 48.054, 47.802, 47.873, 47.892, 47.973, 40.085], [43.632, 42.635, 40.935, 39.713, 37.798, 34.242, 31.198, 28.912, 26.056, 19.554, 9.495, 0.0, 7.229, 11.577, 13.627, 15.27, 17.33, 18.95, 21.387, 25.07, 28.351, 30.354, 31.608, 33.207, 34.458, 35.384, 35.727, 36.071, 36.623, 37.473, 39.806, 43.693, 48.611, 51.659, 52.037, 52.128, 53.106, 54.357, 55.334, 55.645, 55.349, 54.703, 54.415, 54.079, 53.081, 52.321, 52.28, 52.105, 51.788, 52.202, 52.715, 52.861, 53.257, 54.09, 54.294, 54.214, 54.582, 54.983, 54.872, 54.086, 53.098, 52.832, 53.246, 53.429, 52.887, 52.565, 52.771, 52.996, 53.268, 53.272, 53.064, 52.886, 53.116, 53.18, 52.777, 51.708, 50.751, 50.545, 50.66, 50.937, 51.123, 51.273, 51.24, 51.223, 51.281, 50.465, 49.114, 48.45, 48.167, 47.628, 46.723, 46.002, 46.66, 46.999, 46.587, 46.939, 48.291, 49.675, 50.026, 49.646, 49.338, 49.931, 51.755, 53.324, 53.34, 53.369, 53.849, 53.79, 53.628, 53.944, 54.289, 54.589, 54.815, 54.689, 54.387, 54.56, 54.937, 55.123, 55.135, 55.004, 54.948, 54.794, 54.259, 53.69, 53.76, 54.198, 54.67, 54.993, 54.665, 54.491, 54.516, 54.434, 54.348, 54.689, 55.396, 55.849, 55.964, 56.014, 56.264, 56.754, 56.997, 56.978, 56.796, 56.646, 56.758, 56.733, 56.593, 56.524, 56.625, 56.819, 56.839, 56.753, 56.753, 56.617, 56.011, 55.626, 55.937, 56.534, 56.715, 56.576, 56.421, 56.434, 56.285, 55.87, 55.682, 55.792, 55.823, 55.306, 54.722, 54.864, 55.402, 55.64, 55.687, 55.75, 55.379, 54.61, 54.376, 54.653, 54.39, 53.327, 52.494, 52.316, 52.14, 51.883, 51.629, 51.342, 51.135, 51.189, 51.511, 51.65, 51.217, 50.897, 50.343, 49.753, 49.817, 50.23, 50.165, 49.631, 49.373, 49.535, 49.791, 49.993, 50.381, 50.403, 50.466, 43.632], [44.609, 43.757, 42.261, 41.186, 39.463, 36.24, 33.262, 30.74, 28.072, 22.785, 14.887, 7.229, 0.0, 5.486, 8.799, 11.151, 13.464, 15.469, 18.656, 23.054, 26.742, 28.876, 30.199, 31.826, 33.043, 33.995, 34.44, 34.928, 35.56, 36.398, 38.704, 42.657, 47.783, 51.014, 51.439, 51.534, 52.608, 54.026, 55.125, 55.46, 55.143, 54.487, 54.189, 53.847, 52.89, 52.142, 52.054, 51.863, 51.587, 52.017, 52.534, 52.71, 53.132, 53.949, 54.125, 54.024, 54.382, 54.785, 54.676, 53.859, 52.839, 52.571, 53.002, 53.198, 52.613, 52.169, 52.28, 52.465, 52.731, 52.703, 52.479, 52.367, 52.647, 52.702, 52.269, 51.221, 50.319, 50.092, 50.176, 50.486, 50.648, 50.765, 50.767, 50.777, 50.872, 50.158, 48.902, 48.341, 48.141, 47.609, 46.665, 45.909, 46.557, 46.885, 46.426, 46.767, 48.122, 49.457, 49.748, 49.346, 49.029, 49.611, 51.409, 52.961, 52.983, 53.007, 53.447, 53.335, 53.172, 53.528, 53.925, 54.264, 54.508, 54.399, 54.138, 54.34, 54.712, 54.891, 54.906, 54.793, 54.743, 54.576, 54.056, 53.552, 53.68, 54.111, 54.512, 54.755, 54.411, 54.244, 54.268, 54.178, 54.086, 54.443, 55.159, 55.628, 55.772, 55.835, 56.1, 56.576, 56.785, 56.737, 56.503, 56.287, 56.363, 56.338, 56.2, 56.125, 56.219, 56.418, 56.445, 56.347, 56.353, 56.308, 55.789, 55.423, 55.697, 56.276, 56.473, 56.354, 56.204, 56.216, 56.049, 55.605, 55.39, 55.488, 55.514, 54.972, 54.35, 54.493, 55.062, 55.315, 55.36, 55.421, 55.022, 54.185, 53.891, 54.182, 53.903, 52.691, 51.675, 51.422, 51.277, 51.071, 50.837, 50.549, 50.353, 50.44, 50.797, 50.969, 50.517, 50.17, 49.7, 49.196, 49.278, 49.715, 49.697, 49.195, 48.96, 49.157, 49.531, 49.978, 50.58, 50.652, 50.697, 44.409], [45.068, 44.284, 42.898, 41.937, 40.318, 37.185, 34.249, 31.787, 29.321, 24.578, 17.793, 11.577, 5.486, 0.0, 4.463, 8.232, 11.061, 13.332, 17.12, 22.04, 25.985, 28.213, 29.593, 31.181, 32.323, 33.268, 33.778, 34.383, 35.076, 35.945, 38.289, 42.279, 47.514, 50.85, 51.289, 51.383, 52.495, 54.007, 55.203, 55.581, 55.262, 54.582, 54.272, 53.913, 52.912, 52.103, 51.974, 51.777, 51.503, 51.944, 52.495, 52.725, 53.202, 54.028, 54.185, 54.093, 54.473, 54.884, 54.786, 53.974, 52.935, 52.658, 53.107, 53.307, 52.658, 52.107, 52.16, 52.328, 52.581, 52.505, 52.215, 52.08, 52.36, 52.407, 51.96, 50.921, 50.046, 49.812, 49.875, 50.167, 50.299, 50.409, 50.441, 50.471, 50.581, 49.904, 48.701, 48.211, 48.062, 47.545, 46.603, 45.897, 46.615, 46.961, 46.492, 46.834, 48.225, 49.575, 49.847, 49.431, 49.097, 49.685, 51.511, 53.068, 53.091, 53.13, 53.557, 53.404, 53.23, 53.561, 53.94, 54.296, 54.562, 54.457, 54.192, 54.391, 54.758, 54.928, 54.936, 54.815, 54.766, 54.607, 54.096, 53.61, 53.77, 54.226, 54.631, 54.879, 54.526, 54.345, 54.362, 54.268, 54.168, 54.524, 55.25, 55.747, 55.955, 56.064, 56.328, 56.778, 56.974, 56.922, 56.645, 56.383, 56.431, 56.408, 56.282, 56.206, 56.293, 56.49, 56.503, 56.39, 56.407, 56.413, 55.929, 55.564, 55.816, 56.374, 56.568, 56.459, 56.308, 56.317, 56.14, 55.689, 55.476, 55.578, 55.595, 55.01, 54.352, 54.519, 55.115, 55.373, 55.418, 55.477, 55.058, 54.183, 53.869, 54.173, 53.887, 52.606, 51.48, 51.175, 51.042, 50.866, 50.645, 50.356, 50.168, 50.276, 50.649, 50.836, 50.376, 50.022, 49.571, 49.085, 49.181, 49.615, 49.597, 49.109, 48.885, 49.083, 49.48, 49.986, 50.641, 50.735, 50.774, 44.763], [45.265, 44.481, 43.135, 42.193, 40.571, 37.456, 34.626, 32.328, 29.976, 25.37, 19.009, 13.627, 8.799, 4.463, 0.0, 5.072, 8.872, 11.527, 15.608, 20.917, 25.118, 27.484, 28.951, 30.542, 31.674, 32.642, 33.188, 33.848, 34.596, 35.533, 37.954, 41.975, 47.253, 50.643, 51.072, 51.147, 52.287, 53.88, 55.143, 55.559, 55.254, 54.565, 54.262, 53.884, 52.776, 51.864, 51.712, 51.514, 51.215, 51.649, 52.231, 52.516, 53.064, 53.934, 54.104, 54.03, 54.434, 54.863, 54.77, 53.973, 52.949, 52.676, 53.135, 53.339, 52.687, 52.14, 52.201, 52.378, 52.635, 52.549, 52.21, 52.01, 52.263, 52.306, 51.855, 50.796, 49.904, 49.685, 49.763, 50.026, 50.135, 50.248, 50.28, 50.302, 50.395, 49.678, 48.45, 47.986, 47.866, 47.353, 46.395, 45.693, 46.45, 46.827, 46.386, 46.755, 48.199, 49.612, 49.906, 49.478, 49.123, 49.719, 51.585, 53.175, 53.202, 53.247, 53.665, 53.487, 53.323, 53.655, 54.01, 54.359, 54.634, 54.53, 54.248, 54.439, 54.799, 54.961, 54.962, 54.833, 54.777, 54.621, 54.114, 53.626, 53.797, 54.278, 54.719, 55.015, 54.662, 54.468, 54.483, 54.393, 54.285, 54.626, 55.342, 55.838, 56.064, 56.195, 56.454, 56.891, 57.086, 57.044, 56.762, 56.496, 56.547, 56.532, 56.417, 56.344, 56.43, 56.622, 56.625, 56.507, 56.523, 56.532, 56.058, 55.708, 55.965, 56.512, 56.698, 56.59, 56.44, 56.451, 56.282, 55.838, 55.632, 55.737, 55.742, 55.133, 54.468, 54.653, 55.252, 55.501, 55.541, 55.591, 55.162, 54.279, 53.965, 54.269, 53.981, 52.702, 51.57, 51.261, 51.125, 50.946, 50.715, 50.415, 50.22, 50.326, 50.693, 50.871, 50.418, 50.08, 49.605, 49.076, 49.162, 49.589, 49.545, 49.029, 48.804, 49.02, 49.406, 49.869, 50.496, 50.592, 50.637, 44.972], [44.922, 44.157, 42.831, 41.761, 40.106, 37.238, 34.768, 32.556, 30.032, 25.483, 19.825, 15.27, 11.151, 8.232, 5.072, 0.0, 4.724, 8.448, 13.154, 18.782, 23.136, 25.587, 27.153, 28.831, 30.07, 31.217, 31.891, 32.636, 33.471, 34.504, 36.971, 40.913, 46.062, 49.426, 49.878, 49.908, 50.968, 52.583, 53.902, 54.331, 54.027, 53.406, 53.2, 52.832, 51.719, 50.85, 50.735, 50.552, 50.258, 50.661, 51.199, 51.453, 51.961, 52.819, 53.008, 52.937, 53.342, 53.784, 53.683, 52.895, 51.932, 51.697, 52.146, 52.347, 51.788, 51.398, 51.554, 51.744, 52.018, 52.007, 51.731, 51.5, 51.727, 51.766, 51.299, 50.223, 49.36, 49.219, 49.372, 49.676, 49.827, 49.965, 49.962, 49.951, 50.025, 49.194, 47.778, 47.235, 47.116, 46.575, 45.577, 44.864, 45.587, 45.913, 45.473, 45.829, 47.193, 48.566, 48.889, 48.458, 48.075, 48.634, 50.472, 52.08, 52.113, 52.153, 52.578, 52.417, 52.286, 52.631, 52.935, 53.247, 53.523, 53.426, 53.137, 53.336, 53.707, 53.875, 53.876, 53.751, 53.693, 53.517, 53.0, 52.536, 52.725, 53.197, 53.621, 53.94, 53.646, 53.483, 53.504, 53.44, 53.351, 53.658, 54.331, 54.8, 55.003, 55.132, 55.404, 55.849, 56.063, 56.078, 55.856, 55.623, 55.715, 55.718, 55.599, 55.53, 55.623, 55.823, 55.825, 55.672, 55.624, 55.576, 55.084, 54.743, 55.035, 55.597, 55.772, 55.657, 55.514, 55.539, 55.366, 54.908, 54.69, 54.775, 54.751, 54.13, 53.478, 53.663, 54.244, 54.48, 54.516, 54.55, 54.119, 53.269, 52.97, 53.247, 52.959, 51.73, 50.697, 50.463, 50.353, 50.153, 49.878, 49.548, 49.348, 49.436, 49.763, 49.908, 49.472, 49.17, 48.696, 48.115, 48.15, 48.588, 48.561, 48.032, 47.835, 48.123, 48.518, 48.946, 49.6, 49.721, 49.767, 44.709], [44.891, 44.161, 42.861, 41.718, 40.085, 37.453, 35.282, 33.122, 30.511, 26.198, 21.256, 17.33, 13.464, 11.061, 8.872, 4.724, 0.0, 4.998, 11.166, 17.385, 21.809, 24.231, 25.858, 27.605, 28.894, 30.177, 30.987, 31.825, 32.724, 33.83, 36.346, 40.221, 45.245, 48.576, 49.045, 49.028, 49.997, 51.609, 52.981, 53.421, 53.11, 52.549, 52.443, 52.117, 51.064, 50.283, 50.203, 50.031, 49.766, 50.163, 50.655, 50.855, 51.3, 52.121, 52.317, 52.252, 52.651, 53.089, 52.988, 52.215, 51.293, 51.081, 51.52, 51.708, 51.181, 50.856, 51.06, 51.252, 51.53, 51.571, 51.362, 51.144, 51.373, 51.412, 50.934, 49.869, 49.074, 49.007, 49.219, 49.571, 49.755, 49.905, 49.899, 49.893, 49.966, 49.076, 47.542, 46.919, 46.777, 46.225, 45.243, 44.608, 45.331, 45.598, 45.148, 45.475, 46.701, 47.957, 48.26, 47.832, 47.432, 47.936, 49.702, 51.29, 51.323, 51.365, 51.808, 51.674, 51.564, 51.908, 52.174, 52.459, 52.73, 52.643, 52.367, 52.571, 52.946, 53.115, 53.115, 52.997, 52.94, 52.747, 52.214, 51.772, 51.977, 52.428, 52.805, 53.103, 52.851, 52.725, 52.751, 52.7, 52.628, 52.933, 53.608, 54.078, 54.271, 54.401, 54.69, 55.141, 55.366, 55.417, 55.239, 55.029, 55.145, 55.157, 55.038, 54.974, 55.072, 55.274, 55.266, 55.077, 54.989, 54.919, 54.41, 54.044, 54.336, 54.903, 55.07, 54.944, 54.8, 54.835, 54.654, 54.173, 53.938, 54.003, 53.96, 53.327, 52.681, 52.867, 53.442, 53.672, 53.714, 53.745, 53.317, 52.502, 52.226, 52.488, 52.203, 51.002, 50.017, 49.833, 49.747, 49.553, 49.261, 48.924, 48.732, 48.811, 49.119, 49.26, 48.85, 48.585, 48.149, 47.561, 47.557, 47.996, 47.999, 47.484, 47.311, 47.654, 48.069, 48.511, 49.204, 49.342, 49.378, 44.723], [44.641, 43.903, 42.646, 41.598, 40.074, 37.568, 35.602, 33.541, 30.909, 26.818, 22.393, 18.95, 15.469, 13.332, 11.527, 8.448, 4.998, 0.0, 7.542, 15.075, 20.144, 22.69, 24.407, 26.308, 27.672, 29.014, 29.9, 30.801, 31.723, 32.876, 35.478, 39.379, 44.417, 47.803, 48.286, 48.235, 49.182, 50.849, 52.297, 52.776, 52.462, 51.886, 51.82, 51.559, 50.559, 49.818, 49.757, 49.572, 49.301, 49.723, 50.235, 50.431, 50.876, 51.71, 51.914, 51.852, 52.249, 52.687, 52.599, 51.835, 50.906, 50.687, 51.121, 51.293, 50.748, 50.419, 50.641, 50.836, 51.114, 51.189, 51.032, 50.851, 51.106, 51.153, 50.671, 49.608, 48.824, 48.765, 48.99, 49.361, 49.545, 49.682, 49.681, 49.692, 49.758, 48.834, 47.259, 46.63, 46.49, 45.934, 44.997, 44.475, 45.232, 45.475, 45.03, 45.346, 46.516, 47.723, 48.0, 47.569, 47.167, 47.629, 49.326, 50.887, 50.928, 50.97, 51.412, 51.287, 51.208, 51.574, 51.843, 52.12, 52.386, 52.312, 52.057, 52.269, 52.642, 52.811, 52.818, 52.716, 52.672, 52.484, 51.95, 51.504, 51.699, 52.13, 52.47, 52.724, 52.466, 52.344, 52.365, 52.312, 52.239, 52.556, 53.253, 53.73, 53.911, 54.03, 54.318, 54.771, 54.991, 55.048, 54.898, 54.711, 54.838, 54.851, 54.735, 54.67, 54.762, 54.953, 54.937, 54.748, 54.657, 54.578, 54.064, 53.68, 53.954, 54.519, 54.682, 54.538, 54.383, 54.429, 54.257, 53.776, 53.541, 53.601, 53.556, 52.919, 52.281, 52.482, 53.058, 53.276, 53.314, 53.354, 52.941, 52.149, 51.885, 52.135, 51.856, 50.684, 49.722, 49.541, 49.458, 49.274, 48.991, 48.678, 48.505, 48.568, 48.867, 49.034, 48.669, 48.435, 48.015, 47.428, 47.399, 47.812, 47.822, 47.333, 47.177, 47.538, 47.947, 48.355, 49.003, 49.131, 49.168, 44.498], [43.873, 43.161, 42.031, 41.132, 39.823, 37.67, 36.126, 34.197, 31.376, 27.501, 23.967, 21.387, 18.656, 17.12, 15.608, 13.154, 11.166, 7.542, 0.0, 8.886, 15.397, 18.625, 20.589, 22.82, 24.544, 26.189, 27.237, 28.253, 29.249, 30.456, 33.122, 37.023, 42.1, 45.625, 46.193, 46.12, 47.013, 48.763, 50.349, 50.886, 50.556, 49.972, 49.952, 49.767, 48.913, 48.39, 48.434, 48.233, 47.969, 48.413, 48.927, 49.098, 49.474, 50.261, 50.479, 50.403, 50.773, 51.213, 51.093, 50.28, 49.333, 49.108, 49.53, 49.715, 49.288, 49.157, 49.507, 49.73, 50.02, 50.19, 50.163, 50.056, 50.358, 50.406, 49.901, 48.831, 48.038, 47.967, 48.21, 48.627, 48.856, 48.992, 48.956, 48.961, 49.026, 48.009, 46.297, 45.67, 45.561, 44.967, 43.997, 43.476, 44.203, 44.401, 43.938, 44.243, 45.362, 46.534, 46.825, 46.394, 45.972, 46.352, 47.932, 49.477, 49.551, 49.584, 50.043, 49.97, 49.937, 50.338, 50.61, 50.844, 51.088, 51.028, 50.78, 50.987, 51.365, 51.549, 51.58, 51.512, 51.487, 51.304, 50.787, 50.35, 50.505, 50.871, 51.144, 51.36, 51.135, 51.024, 51.033, 51.001, 50.942, 51.219, 51.879, 52.327, 52.472, 52.568, 52.86, 53.345, 53.608, 53.743, 53.691, 53.552, 53.711, 53.724, 53.591, 53.514, 53.599, 53.796, 53.8, 53.618, 53.49, 53.33, 52.759, 52.36, 52.667, 53.274, 53.453, 53.294, 53.133, 53.201, 53.014, 52.52, 52.303, 52.352, 52.272, 51.644, 51.053, 51.255, 51.793, 51.989, 52.015, 52.062, 51.685, 50.927, 50.652, 50.857, 50.588, 49.544, 48.788, 48.741, 48.722, 48.537, 48.205, 47.873, 47.711, 47.735, 47.959, 48.088, 47.748, 47.504, 47.03, 46.394, 46.308, 46.69, 46.736, 46.316, 46.215, 46.597, 46.922, 47.168, 47.746, 47.899, 47.941, 43.705], [43.527, 42.931, 41.942, 41.054, 39.969, 38.385, 37.293, 35.352, 32.319, 28.89, 26.596, 25.07, 23.054, 22.04, 20.917, 18.782, 17.385, 15.075, 8.886, 0.0, 7.843, 12.451, 15.051, 17.598, 19.853, 22.197, 23.623, 24.864, 26.036, 27.327, 30.046, 33.923, 39.034, 42.713, 43.422, 43.35, 44.068, 45.774, 47.472, 48.041, 47.677, 47.174, 47.25, 47.079, 46.457, 46.38, 46.623, 46.443, 46.251, 46.683, 47.119, 47.206, 47.393, 48.023, 48.268, 48.182, 48.491, 48.891, 48.68, 47.77, 46.838, 46.641, 47.05, 47.303, 47.185, 47.5, 48.091, 48.364, 48.679, 48.96, 49.076, 49.049, 49.396, 49.436, 48.913, 47.884, 47.161, 47.132, 47.422, 47.931, 48.286, 48.475, 48.398, 48.39, 48.485, 47.339, 45.375, 44.693, 44.597, 43.932, 42.843, 42.226, 42.872, 42.993, 42.485, 42.728, 43.673, 44.714, 45.015, 44.582, 44.113, 44.355, 45.737, 47.251, 47.372, 47.386, 47.898, 47.96, 47.965, 48.349, 48.591, 48.748, 48.962, 48.913, 48.656, 48.82, 49.178, 49.377, 49.436, 49.413, 49.411, 49.222, 48.713, 48.296, 48.381, 48.614, 48.761, 48.954, 48.834, 48.749, 48.733, 48.74, 48.721, 48.919, 49.503, 49.921, 50.056, 50.169, 50.496, 51.021, 51.382, 51.667, 51.723, 51.635, 51.85, 51.857, 51.685, 51.598, 51.703, 51.941, 51.977, 51.779, 51.588, 51.318, 50.636, 50.192, 50.559, 51.24, 51.45, 51.281, 51.122, 51.212, 50.955, 50.403, 50.202, 50.229, 50.08, 49.45, 48.919, 49.093, 49.564, 49.747, 49.775, 49.823, 49.484, 48.798, 48.551, 48.715, 48.456, 47.597, 47.19, 47.392, 47.483, 47.273, 46.829, 46.415, 46.244, 46.237, 46.375, 46.447, 46.123, 45.828, 45.256, 44.556, 44.402, 44.791, 44.943, 44.65, 44.639, 45.062, 45.266, 45.293, 45.822, 46.033, 46.083, 43.296], [43.715, 43.222, 42.283, 41.294, 40.329, 39.211, 38.374, 36.299, 33.177, 30.336, 29.13, 28.351, 26.742, 25.985, 25.118, 23.136, 21.809, 20.144, 15.397, 7.843, 0.0, 5.972, 9.993, 13.172, 15.664, 18.59, 20.519, 22.143, 23.551, 24.929, 27.716, 31.65, 36.891, 40.731, 41.577, 41.512, 41.987, 43.489, 45.188, 45.733, 45.327, 44.948, 45.144, 44.942, 44.48, 44.771, 45.196, 45.081, 44.97, 45.368, 45.722, 45.704, 45.672, 46.161, 46.447, 46.351, 46.581, 46.919, 46.629, 45.678, 44.824, 44.684, 45.072, 45.367, 45.55, 46.324, 47.173, 47.477, 47.796, 48.193, 48.447, 48.48, 48.86, 48.899, 48.383, 47.448, 46.875, 46.937, 47.281, 47.891, 48.392, 48.651, 48.553, 48.542, 48.669, 47.405, 45.153, 44.381, 44.314, 43.588, 42.373, 41.697, 42.302, 42.373, 41.836, 41.961, 42.619, 43.424, 43.702, 43.284, 42.791, 42.884, 43.997, 45.418, 45.569, 45.558, 46.121, 46.347, 46.384, 46.679, 46.841, 46.945, 47.155, 47.11, 46.83, 46.937, 47.257, 47.452, 47.526, 47.543, 47.582, 47.406, 46.892, 46.483, 46.513, 46.625, 46.632, 46.795, 46.776, 46.715, 46.672, 46.715, 46.735, 46.852, 47.36, 47.758, 47.909, 48.069, 48.42, 48.952, 49.394, 49.816, 49.957, 49.932, 50.215, 50.212, 49.993, 49.897, 50.029, 50.312, 50.375, 50.15, 49.906, 49.572, 48.801, 48.301, 48.732, 49.484, 49.707, 49.508, 49.352, 49.477, 49.19, 48.577, 48.361, 48.351, 48.129, 47.48, 47.002, 47.159, 47.561, 47.721, 47.74, 47.773, 47.458, 46.851, 46.652, 46.771, 46.494, 45.779, 45.665, 46.06, 46.211, 45.968, 45.44, 44.974, 44.806, 44.773, 44.853, 44.918, 44.645, 44.335, 43.731, 43.033, 42.841, 43.253, 43.532, 43.383, 43.462, 43.918, 44.036, 43.883, 44.335, 44.581, 44.644, 43.467], [43.63, 43.17, 42.245, 41.207, 40.283, 39.459, 38.83, 36.684, 33.523, 31.187, 30.749, 30.354, 28.876, 28.213, 27.484, 25.587, 24.231, 22.69, 18.625, 12.451, 5.972, 0.0, 5.407, 9.917, 12.728, 15.927, 18.242, 20.308, 21.945, 23.34, 26.1, 30.035, 35.387, 39.407, 40.367, 40.266, 40.548, 41.915, 43.624, 44.145, 43.689, 43.392, 43.703, 43.529, 43.187, 43.69, 44.234, 44.199, 44.184, 44.571, 44.869, 44.748, 44.522, 44.908, 45.214, 45.093, 45.259, 45.555, 45.231, 44.296, 43.537, 43.45, 43.804, 44.072, 44.401, 45.456, 46.474, 46.777, 47.088, 47.607, 48.027, 48.167, 48.608, 48.656, 48.148, 47.302, 46.872, 46.989, 47.36, 48.069, 48.686, 48.989, 48.895, 48.903, 49.046, 47.67, 45.193, 44.362, 44.335, 43.583, 42.331, 41.674, 42.269, 42.306, 41.742, 41.754, 42.113, 42.645, 42.869, 42.478, 41.984, 41.953, 42.844, 44.163, 44.329, 44.291, 44.863, 45.188, 45.241, 45.417, 45.484, 45.588, 45.826, 45.779, 45.474, 45.575, 45.893, 46.083, 46.156, 46.199, 46.288, 46.137, 45.616, 45.225, 45.257, 45.31, 45.201, 45.296, 45.329, 45.299, 45.245, 45.312, 45.365, 45.431, 45.881, 46.24, 46.364, 46.527, 46.89, 47.423, 47.92, 48.454, 48.692, 48.733, 49.072, 49.071, 48.82, 48.711, 48.852, 49.154, 49.225, 48.976, 48.693, 48.313, 47.472, 46.931, 47.422, 48.227, 48.44, 48.214, 48.071, 48.242, 47.967, 47.316, 47.06, 47.001, 46.717, 46.045, 45.601, 45.759, 46.12, 46.254, 46.247, 46.27, 45.985, 45.439, 45.245, 45.298, 44.985, 44.344, 44.418, 44.936, 45.111, 44.855, 44.304, 43.854, 43.718, 43.66, 43.671, 43.715, 43.486, 43.197, 42.639, 41.987, 41.777, 42.205, 42.58, 42.558, 42.726, 43.215, 43.288, 43.029, 43.41, 43.675, 43.74, 43.381], [43.254, 42.806, 41.908, 40.896, 40.038, 39.442, 39.029, 36.921, 33.729, 31.713, 31.765, 31.608, 30.199, 29.593, 28.951, 27.153, 25.858, 24.407, 20.589, 15.051, 9.993, 5.407, 0.0, 5.743, 9.817, 13.985, 16.507, 18.718, 20.502, 21.863, 24.487, 28.337, 33.751, 37.968, 39.017, 38.842, 39.01, 40.386, 42.177, 42.713, 42.213, 41.938, 42.335, 42.217, 41.962, 42.591, 43.202, 43.238, 43.344, 43.777, 44.057, 43.874, 43.532, 43.849, 44.165, 44.04, 44.183, 44.467, 44.118, 43.16, 42.422, 42.346, 42.686, 42.961, 43.403, 44.627, 45.729, 46.054, 46.393, 46.967, 47.481, 47.732, 48.249, 48.303, 47.787, 46.992, 46.636, 46.751, 47.112, 47.887, 48.579, 48.906, 48.825, 48.871, 49.037, 47.603, 45.068, 44.265, 44.268, 43.527, 42.279, 41.608, 42.15, 42.134, 41.541, 41.492, 41.657, 41.99, 42.15, 41.765, 41.269, 41.16, 41.955, 43.254, 43.441, 43.385, 43.946, 44.333, 44.377, 44.484, 44.504, 44.601, 44.858, 44.808, 44.468, 44.571, 44.904, 45.099, 45.17, 45.225, 45.334, 45.18, 44.644, 44.269, 44.303, 44.313, 44.133, 44.19, 44.255, 44.249, 44.193, 44.278, 44.349, 44.378, 44.782, 45.096, 45.162, 45.305, 45.698, 46.254, 46.789, 47.399, 47.711, 47.78, 48.14, 48.149, 47.889, 47.77, 47.91, 48.216, 48.286, 48.024, 47.713, 47.278, 46.375, 45.827, 46.363, 47.199, 47.41, 47.192, 47.078, 47.269, 46.993, 46.329, 46.059, 45.967, 45.647, 44.97, 44.536, 44.683, 45.022, 45.138, 45.114, 45.138, 44.88, 44.381, 44.198, 44.211, 43.885, 43.311, 43.549, 44.173, 44.369, 44.107, 43.54, 43.089, 42.977, 42.913, 42.862, 42.841, 42.597, 42.307, 41.764, 41.1, 40.84, 41.269, 41.709, 41.779, 42.028, 42.556, 42.589, 42.235, 42.57, 42.86, 42.924, 42.973], [43.661, 43.274, 42.472, 41.567, 40.844, 40.387, 40.051, 38.02, 34.908, 33.074, 33.282, 33.207, 31.826, 31.181, 30.542, 28.831, 27.605, 26.308, 22.82, 17.598, 13.172, 9.917, 5.743, 0.0, 6.089, 12.226, 15.26, 17.544, 19.352, 20.642, 23.217, 27.171, 32.843, 37.31, 38.408, 38.154, 38.269, 39.688, 41.551, 42.119, 41.583, 41.265, 41.677, 41.574, 41.316, 41.968, 42.601, 42.684, 42.888, 43.433, 43.777, 43.616, 43.295, 43.624, 43.948, 43.839, 44.005, 44.294, 43.915, 42.91, 42.134, 42.043, 42.405, 42.728, 43.233, 44.516, 45.631, 45.995, 46.361, 46.898, 47.366, 47.616, 48.142, 48.19, 47.666, 46.873, 46.519, 46.612, 46.954, 47.727, 48.419, 48.747, 48.678, 48.739, 48.928, 47.528, 45.074, 44.348, 44.375, 43.64, 42.351, 41.612, 42.169, 42.192, 41.604, 41.569, 41.734, 42.032, 42.166, 41.778, 41.275, 41.13, 41.92, 43.254, 43.465, 43.406, 43.944, 44.345, 44.365, 44.467, 44.487, 44.556, 44.81, 44.747, 44.364, 44.433, 44.753, 44.945, 45.019, 45.078, 45.184, 45.019, 44.475, 44.092, 44.103, 44.083, 43.903, 44.001, 44.108, 44.111, 44.05, 44.134, 44.195, 44.21, 44.599, 44.904, 44.966, 45.122, 45.538, 46.096, 46.626, 47.228, 47.528, 47.588, 47.949, 47.968, 47.718, 47.6, 47.74, 48.04, 48.104, 47.839, 47.523, 47.065, 46.143, 45.604, 46.142, 46.976, 47.19, 46.994, 46.901, 47.09, 46.813, 46.167, 45.907, 45.818, 45.506, 44.837, 44.409, 44.548, 44.869, 44.972, 44.944, 44.975, 44.719, 44.222, 44.05, 44.063, 43.742, 43.21, 43.53, 44.181, 44.367, 44.106, 43.539, 43.074, 42.962, 42.908, 42.847, 42.8, 42.547, 42.255, 41.672, 40.968, 40.665, 41.063, 41.516, 41.631, 41.905, 42.429, 42.421, 41.992, 42.288, 42.594, 42.666, 43.34], [44.592, 44.272, 43.578, 42.776, 42.154, 41.732, 41.335, 39.316, 36.331, 34.565, 34.632, 34.458, 33.043, 32.323, 31.674, 30.07, 28.894, 27.672, 24.544, 19.853, 15.664, 12.728, 9.817, 6.089, 0.0, 7.244, 11.566, 14.869, 16.879, 18.083, 21.032, 25.746, 32.234, 37.124, 38.257, 37.992, 38.204, 39.723, 41.662, 42.284, 41.724, 41.333, 41.725, 41.625, 41.3, 41.861, 42.467, 42.606, 42.915, 43.593, 44.025, 43.916, 43.676, 44.044, 44.347, 44.239, 44.428, 44.718, 44.321, 43.306, 42.527, 42.436, 42.797, 43.079, 43.487, 44.664, 45.691, 46.022, 46.374, 46.865, 47.247, 47.416, 47.888, 47.908, 47.362, 46.552, 46.221, 46.346, 46.689, 47.431, 48.09, 48.414, 48.363, 48.426, 48.635, 47.342, 45.044, 44.394, 44.421, 43.701, 42.393, 41.623, 42.309, 42.506, 41.988, 41.974, 42.188, 42.519, 42.636, 42.242, 41.722, 41.545, 42.3, 43.623, 43.841, 43.792, 44.362, 44.764, 44.722, 44.726, 44.698, 44.798, 45.078, 44.997, 44.623, 44.71, 45.032, 45.217, 45.288, 45.348, 45.465, 45.324, 44.788, 44.385, 44.399, 44.412, 44.26, 44.37, 44.475, 44.471, 44.409, 44.474, 44.521, 44.5