[[0.0, 3.631, 8.245, 10.676, 12.455, 16.755, 19.744, 20.599, 21.252, 22.259, 24.038, 25.771, 26.599, 27.124, 28.233, 29.58, 30.368, 30.561, 30.735, 31.561, 32.519, 32.87, 32.855, 33.294, 34.021, 34.656, 35.262, 35.577, 35.339, 35.145, 35.257, 35.375, 35.352, 35.494, 35.918, 36.113, 36.095, 36.352, 36.831, 37.065, 36.96, 36.746, 36.57, 36.769, 36.883, 35.886, 34.428, 33.394, 33.465, 33.817, 34.476, 35.037, 35.725, 35.248, 34.678, 34.695, 34.477, 34.668, 35.714, 35.887, 35.256, 34.804, 34.545, 34.208, 34.091, 34.065, 33.887, 33.786, 33.951, 34.046, 33.826, 33.684, 33.721, 33.6, 33.437, 33.61, 33.633, 33.124, 32.898, 32.601, 32.112, 32.106, 32.359, 33.034, 34.321, 35.03, 34.802, 35.075, 35.227, 34.479, 34.063, 34.131, 34.288, 34.432, 34.446, 34.397, 34.307, 34.109, 34.226, 34.721, 35.125, 35.309, 35.33, 35.463, 35.841, 35.702, 35.066, 34.855, 35.178, 35.473, 35.004, 34.49, 34.562, 34.12, 33.681, 33.74, 33.816, 33.787, 33.665, 33.819, 33.888, 33.458, 32.903, 32.814, 32.871, 32.635, 32.563, 32.804, 33.096, 33.081, 33.009, 32.931, 32.865, 32.799, 32.844, 33.044, 33.275, 33.354, 33.429, 33.685, 33.611, 33.404, 33.45, 33.421, 33.437, 34.094, 34.497, 34.519, 34.629, 34.56, 34.327, 34.718, 35.675, 36.372, 36.802, 37.104, 37.05, 36.643, 36.009, 35.485, 35.319, 35.477, 35.849, 35.769, 35.876, 36.544, 36.852, 36.186, 35.923, 36.353, 36.64, 37.076, 37.502, 36.97, 36.566, 37.042, 37.026, 36.756, 36.953, 37.014, 36.126, 34.982, 34.538, 34.533, 34.487, 34.242, 33.975, 33.951, 34.337, 35.199, 35.894, 35.962, 36.144, 36.895, 37.761, 37.839, 37.007, 36.381, 36.875, 37.433, 36.888, 35.907, 35.756, 36.241, 36.396, 35.96, 35.606, 35.596, 35.821, 35.795, 35.438, 35.167, 35.25, 35.681, 35.485, 34.44, 33.98, 34.083, 33.805, 33.412, 33.26, 33.441, 34.259, 35.181, 35.592, 35.771, 36.374, 37.063, 37.409, 5.049], [3.631, 0.0, 5.508, 8.587, 10.798, 15.427, 18.604, 19.584, 20.327, 21.443, 23.414, 25.315, 26.205, 26.744, 27.905, 29.314, 30.134, 30.411, 30.71, 31.576, 32.528, 32.871, 32.836, 33.268, 34.004, 34.643, 35.248, 35.569, 35.346, 35.153, 35.257, 35.375, 35.358, 35.497, 35.913, 36.102, 36.079, 36.325, 36.785, 36.999, 36.887, 36.677, 36.503, 36.693, 36.805, 35.783, 34.293, 33.266, 33.349, 33.709, 34.379, 34.94, 35.626, 35.15, 34.565, 34.572, 34.36, 34.564, 35.599, 35.765, 35.136, 34.689, 34.439, 34.108, 33.992, 33.962, 33.785, 33.692, 33.863, 33.963, 33.75, 33.614, 33.655, 33.536, 33.38, 33.557, 33.583, 33.077, 32.85, 32.541, 32.052, 32.056, 32.303, 32.957, 34.229, 34.937, 34.711, 34.982, 35.127, 34.37, 33.955, 34.033, 34.196, 34.338, 34.343, 34.287, 34.201, 34.006, 34.117, 34.606, 35.012, 35.2, 35.224, 35.358, 35.738, 35.592, 34.951, 34.747, 35.069, 35.358, 34.885, 34.36, 34.437, 34.03, 33.612, 33.675, 33.754, 33.715, 33.569, 33.709, 33.78, 33.353, 32.799, 32.707, 32.767, 32.554, 32.51, 32.764, 33.055, 33.031, 32.956, 32.881, 32.824, 32.771, 32.802, 32.96, 33.162, 33.246, 33.347, 33.62, 33.543, 33.328, 33.373, 33.342, 33.359, 34.027, 34.436, 34.457, 34.567, 34.499, 34.256, 34.625, 35.564, 36.249, 36.667, 36.961, 36.911, 36.506, 35.879, 35.362, 35.198, 35.364, 35.75, 35.677, 35.786, 36.459, 36.774, 36.113, 35.853, 36.282, 36.57, 37.008, 37.428, 36.892, 36.502, 36.985, 36.955, 36.678, 36.877, 36.937, 36.047, 34.91, 34.475, 34.476, 34.434, 34.186, 33.913, 33.886, 34.27, 35.133, 35.832, 35.897, 36.07, 36.821, 37.699, 37.789, 36.967, 36.351, 36.855, 37.431, 36.895, 35.906, 35.743, 36.226, 36.383, 35.949, 35.595, 35.583, 35.799, 35.763, 35.412, 35.162, 35.251, 35.673, 35.47, 34.418, 33.942, 34.032, 33.745, 33.345, 33.184, 33.355, 34.156, 35.065, 35.472, 35.652, 36.261, 36.953, 37.296, 7.05], [8.245, 5.508, 0.0, 4.436, 8.647, 13.957, 17.163, 18.271, 19.264, 20.631, 22.869, 24.966, 25.95, 26.598, 27.933, 29.448, 30.298, 30.657, 31.078, 31.996, 32.952, 33.291, 33.254, 33.683, 34.404, 35.026, 35.609, 35.917, 35.714, 35.54, 35.635, 35.753, 35.759, 35.891, 36.271, 36.444, 36.421, 36.644, 37.057, 37.243, 37.135, 36.946, 36.785, 36.968, 37.087, 36.103, 34.652, 33.672, 33.778, 34.139, 34.783, 35.326, 35.983, 35.527, 34.967, 34.976, 34.772, 34.985, 35.99, 36.143, 35.541, 35.122, 34.887, 34.575, 34.464, 34.431, 34.263, 34.184, 34.359, 34.462, 34.269, 34.148, 34.19, 34.073, 33.92, 34.082, 34.102, 33.607, 33.374, 33.078, 32.631, 32.648, 32.86, 33.464, 34.648, 35.308, 35.09, 35.349, 35.489, 34.77, 34.403, 34.502, 34.667, 34.801, 34.799, 34.739, 34.67, 34.51, 34.633, 35.102, 35.488, 35.668, 35.697, 35.828, 36.186, 36.026, 35.396, 35.195, 35.49, 35.76, 35.316, 34.813, 34.895, 34.54, 34.159, 34.214, 34.287, 34.242, 34.067, 34.173, 34.243, 33.847, 33.33, 33.239, 33.283, 33.093, 33.079, 33.329, 33.589, 33.552, 33.485, 33.426, 33.388, 33.343, 33.358, 33.465, 33.631, 33.71, 33.804, 34.056, 33.983, 33.786, 33.829, 33.801, 33.838, 34.495, 34.896, 34.92, 35.035, 34.995, 34.76, 35.056, 35.91, 36.553, 36.935, 37.197, 37.147, 36.759, 36.179, 35.708, 35.544, 35.702, 36.082, 36.01, 36.102, 36.744, 37.063, 36.438, 36.189, 36.581, 36.848, 37.276, 37.681, 37.157, 36.8, 37.276, 37.223, 36.932, 37.12, 37.176, 36.305, 35.21, 34.812, 34.82, 34.773, 34.533, 34.288, 34.271, 34.62, 35.434, 36.115, 36.185, 36.351, 37.07, 37.92, 38.016, 37.238, 36.653, 37.133, 37.68, 37.172, 36.239, 36.089, 36.55, 36.711, 36.309, 35.972, 35.947, 36.135, 36.089, 35.775, 35.595, 35.699, 36.089, 35.887, 34.891, 34.427, 34.482, 34.2, 33.831, 33.692, 33.845, 34.583, 35.435, 35.83, 36.026, 36.63, 37.297, 37.623, 10.397], [10.676, 8.587, 4.436, 0.0, 6.184, 12.892, 16.358, 17.389, 18.546, 20.206, 22.635, 24.806, 25.819, 26.534, 27.981, 29.538, 30.371, 30.713, 31.142, 32.062, 33.022, 33.367, 33.354, 33.81, 34.531, 35.143, 35.727, 36.038, 35.842, 35.678, 35.779, 35.899, 35.905, 36.032, 36.408, 36.588, 36.579, 36.81, 37.223, 37.419, 37.329, 37.148, 36.981, 37.151, 37.272, 36.314, 34.885, 33.93, 34.075, 34.45, 35.092, 35.635, 36.282, 35.839, 35.295, 35.305, 35.104, 35.298, 36.263, 36.397, 35.809, 35.41, 35.187, 34.882, 34.773, 34.743, 34.58, 34.504, 34.677, 34.777, 34.577, 34.441, 34.475, 34.363, 34.21, 34.357, 34.363, 33.861, 33.624, 33.349, 32.951, 32.988, 33.199, 33.8, 34.963, 35.623, 35.428, 35.672, 35.792, 35.083, 34.733, 34.832, 34.992, 35.124, 35.126, 35.069, 35.004, 34.853, 34.978, 35.441, 35.82, 35.999, 36.035, 36.174, 36.532, 36.371, 35.733, 35.502, 35.757, 36.002, 35.557, 35.049, 35.144, 34.82, 34.467, 34.526, 34.594, 34.549, 34.374, 34.475, 34.536, 34.137, 33.634, 33.55, 33.58, 33.374, 33.352, 33.586, 33.821, 33.773, 33.704, 33.655, 33.63, 33.593, 33.624, 33.752, 33.938, 34.012, 34.089, 34.324, 34.259, 34.092, 34.144, 34.111, 34.135, 34.768, 35.163, 35.192, 35.303, 35.277, 35.053, 35.298, 36.092, 36.708, 37.073, 37.316, 37.262, 36.883, 36.33, 35.895, 35.738, 35.891, 36.265, 36.197, 36.276, 36.892, 37.2, 36.595, 36.356, 36.733, 36.991, 37.419, 37.823, 37.317, 36.986, 37.456, 37.402, 37.115, 37.302, 37.36, 36.497, 35.423, 35.042, 35.046, 34.992, 34.763, 34.537, 34.527, 34.867, 35.666, 36.336, 36.401, 36.557, 37.257, 38.094, 38.2, 37.447, 36.875, 37.338, 37.865, 37.367, 36.459, 36.313, 36.765, 36.923, 36.53, 36.199, 36.175, 36.358, 36.308, 36.01, 35.863, 35.985, 36.366, 36.163, 35.191, 34.738, 34.78, 34.5, 34.147, 34.019, 34.155, 34.85, 35.657, 36.037, 36.252, 36.865, 37.525, 37.846, 12.51], [12.455, 10.798, 8.647, 6.184, 0.0, 8.207, 12.894, 14.277, 15.525, 17.649, 20.734, 23.309, 24.477, 25.305, 26.983, 28.749, 29.68, 30.108, 30.67, 31.691, 32.674, 33.022, 33.039, 33.544, 34.309, 34.941, 35.53, 35.854, 35.664, 35.5, 35.63, 35.798, 35.82, 35.949, 36.345, 36.547, 36.552, 36.793, 37.218, 37.416, 37.31, 37.115, 36.939, 37.087, 37.179, 36.178, 34.734, 33.748, 33.886, 34.259, 34.941, 35.501, 36.16, 35.715, 35.134, 35.127, 34.94, 35.088, 35.991, 36.106, 35.533, 35.151, 34.938, 34.634, 34.527, 34.5, 34.337, 34.261, 34.447, 34.567, 34.364, 34.2, 34.206, 34.096, 33.957, 34.103, 34.083, 33.543, 33.289, 33.025, 32.691, 32.781, 33.008, 33.652, 34.89, 35.604, 35.422, 35.645, 35.723, 34.969, 34.572, 34.638, 34.783, 34.92, 34.936, 34.888, 34.804, 34.606, 34.697, 35.159, 35.548, 35.739, 35.796, 35.957, 36.335, 36.168, 35.513, 35.263, 35.477, 35.668, 35.176, 34.65, 34.803, 34.549, 34.239, 34.304, 34.364, 34.33, 34.192, 34.342, 34.415, 33.983, 33.468, 33.389, 33.401, 33.153, 33.104, 33.328, 33.555, 33.503, 33.431, 33.385, 33.365, 33.343, 33.383, 33.519, 33.726, 33.822, 33.91, 34.151, 34.103, 33.95, 33.996, 33.939, 33.936, 34.557, 34.942, 34.963, 35.058, 35.021, 34.804, 35.048, 35.849, 36.479, 36.853, 37.088, 37.029, 36.665, 36.128, 35.705, 35.554, 35.688, 36.052, 35.997, 36.079, 36.674, 36.958, 36.347, 36.111, 36.492, 36.762, 37.199, 37.606, 37.088, 36.749, 37.232, 37.183, 36.908, 37.104, 37.157, 36.289, 35.231, 34.862, 34.857, 34.799, 34.591, 34.388, 34.383, 34.715, 35.537, 36.226, 36.286, 36.44, 37.171, 38.05, 38.179, 37.437, 36.881, 37.358, 37.906, 37.416, 36.472, 36.294, 36.751, 36.918, 36.516, 36.176, 36.162, 36.359, 36.309, 36.017, 35.889, 36.011, 36.37, 36.134, 35.108, 34.618, 34.638, 34.341, 33.97, 33.832, 33.991, 34.715, 35.542, 35.936, 36.168, 36.807, 37.481, 37.817, 13.887], [16.755, 15.427, 13.957, 12.892, 8.207, 0.0, 6.229, 9.208, 11.085, 13.63, 17.623, 20.948, 22.455, 23.504, 25.57, 27.709, 28.867, 29.542, 30.449, 31.732, 32.807, 33.182, 33.234, 33.77, 34.57, 35.225, 35.802, 36.124, 35.955, 35.801, 35.942, 36.156, 36.239, 36.385, 36.757, 36.958, 36.977, 37.197, 37.592, 37.767, 37.639, 37.445, 37.277, 37.399, 37.434, 36.406, 35.042, 34.081, 34.179, 34.504, 35.191, 35.745, 36.386, 35.96, 35.373, 35.368, 35.229, 35.33, 36.108, 36.168, 35.642, 35.331, 35.172, 34.896, 34.797, 34.776, 34.623, 34.559, 34.757, 34.9, 34.723, 34.56, 34.54, 34.42, 34.309, 34.457, 34.412, 33.861, 33.609, 33.369, 33.123, 33.271, 33.452, 34.025, 35.224, 35.948, 35.783, 35.968, 35.998, 35.238, 34.829, 34.881, 35.026, 35.166, 35.196, 35.166, 35.08, 34.86, 34.926, 35.359, 35.726, 35.915, 35.995, 36.171, 36.548, 36.37, 35.709, 35.468, 35.66, 35.801, 35.289, 34.787, 35.009, 34.871, 34.64, 34.687, 34.735, 34.73, 34.637, 34.814, 34.892, 34.465, 33.985, 33.914, 33.896, 33.608, 33.542, 33.77, 33.975, 33.902, 33.839, 33.808, 33.793, 33.788, 33.81, 33.874, 34.051, 34.196, 34.291, 34.489, 34.439, 34.296, 34.314, 34.238, 34.263, 34.893, 35.261, 35.261, 35.344, 35.322, 35.124, 35.335, 36.098, 36.733, 37.113, 37.33, 37.271, 36.943, 36.446, 36.028, 35.888, 36.018, 36.352, 36.304, 36.383, 36.94, 37.203, 36.602, 36.362, 36.71, 36.961, 37.381, 37.765, 37.24, 36.905, 37.395, 37.342, 37.06, 37.224, 37.258, 36.451, 35.486, 35.159, 35.156, 35.105, 34.922, 34.749, 34.748, 35.051, 35.84, 36.504, 36.566, 36.736, 37.49, 38.374, 38.504, 37.799, 37.288, 37.771, 38.335, 37.877, 36.917, 36.706, 37.162, 37.353, 36.961, 36.62, 36.604, 36.78, 36.713, 36.44, 36.352, 36.45, 36.747, 36.483, 35.454, 34.936, 34.94, 34.661, 34.303, 34.189, 34.369, 35.042, 35.835, 36.238, 36.497, 37.137, 37.799, 38.132, 17.711], [19.744, 18.604, 17.163, 16.358, 12.894, 6.229, 0.0, 4.863, 8.311, 11.255, 15.478, 19.2, 20.985, 22.239, 24.572, 26.956, 28.262, 29.08, 30.237, 31.773, 32.977, 33.382, 33.452, 34.011, 34.822, 35.474, 36.041, 36.355, 36.198, 36.061, 36.196, 36.414, 36.55, 36.736, 37.093, 37.291, 37.324, 37.53, 37.895, 38.057, 37.944, 37.78, 37.647, 37.778, 37.774, 36.733, 35.413, 34.492, 34.631, 34.929, 35.572, 36.096, 36.702, 36.297, 35.754, 35.779, 35.674, 35.77, 36.482, 36.506, 36.0, 35.739, 35.624, 35.364, 35.26, 35.24, 35.096, 35.037, 35.232, 35.38, 35.218, 35.06, 35.03, 34.896, 34.773, 34.905, 34.845, 34.291, 34.048, 33.818, 33.598, 33.761, 33.919, 34.439, 35.582, 36.289, 36.139, 36.312, 36.34, 35.603, 35.218, 35.281, 35.437, 35.578, 35.61, 35.579, 35.497, 35.303, 35.386, 35.806, 36.155, 36.336, 36.425, 36.608, 36.98, 36.8, 36.142, 35.927, 36.14, 36.28, 35.767, 35.272, 35.505, 35.402, 35.19, 35.232, 35.287, 35.294, 35.189, 35.341, 35.402, 34.971, 34.511, 34.449, 34.421, 34.115, 34.037, 34.274, 34.465, 34.378, 34.324, 34.303, 34.291, 34.289, 34.302, 34.306, 34.447, 34.623, 34.717, 34.868, 34.806, 34.678, 34.683, 34.598, 34.67, 35.339, 35.703, 35.699, 35.796, 35.809, 35.649, 35.854, 36.587, 37.216, 37.596, 37.808, 37.752, 37.436, 36.951, 36.53, 36.389, 36.515, 36.821, 36.764, 36.833, 37.371, 37.627, 37.027, 36.753, 37.06, 37.299, 37.719, 38.088, 37.568, 37.252, 37.741, 37.686, 37.404, 37.551, 37.57, 36.811, 35.898, 35.588, 35.583, 35.53, 35.353, 35.174, 35.153, 35.434, 36.168, 36.771, 36.817, 36.995, 37.749, 38.603, 38.716, 38.048, 37.587, 38.084, 38.643, 38.183, 37.231, 37.032, 37.5, 37.698, 37.299, 36.955, 36.94, 37.111, 37.043, 36.788, 36.734, 36.818, 37.082, 36.82, 35.827, 35.319, 35.323, 35.052, 34.708, 34.625, 34.799, 35.387, 36.117, 36.509, 36.792, 37.431, 38.075, 38.395, 20.562], [20.599, 19.584, 18.271, 17.389, 14.277, 9.208, 4.863, 0.0, 4.869, 9.243, 14.034, 17.885, 19.781, 21.197, 23.68, 26.177, 27.539, 28.391, 29.656, 31.365, 32.675, 33.096, 33.163, 33.739, 34.565, 35.225, 35.801, 36.117, 35.954, 35.821, 35.963, 36.178, 36.315, 36.523, 36.915, 37.14, 37.18, 37.386, 37.754, 37.926, 37.82, 37.661, 37.554, 37.714, 37.694, 36.626, 35.28, 34.358, 34.539, 34.829, 35.455, 35.971, 36.568, 36.18, 35.691, 35.754, 35.638, 35.729, 36.449, 36.477, 35.956, 35.687, 35.577, 35.309, 35.192, 35.172, 35.028, 34.967, 35.164, 35.314, 35.153, 34.992, 34.948, 34.788, 34.636, 34.752, 34.678, 34.092, 33.836, 33.604, 33.353, 33.502, 33.693, 34.273, 35.445, 36.142, 35.98, 36.151, 36.192, 35.448, 35.048, 35.103, 35.257, 35.4, 35.432, 35.387, 35.288, 35.11, 35.221, 35.658, 36.017, 36.207, 36.3, 36.49, 36.878, 36.715, 36.062, 35.865, 36.122, 36.3, 35.78, 35.278, 35.502, 35.346, 35.076, 35.114, 35.175, 35.172, 35.054, 35.2, 35.246, 34.788, 34.314, 34.262, 34.231, 33.898, 33.803, 34.044, 34.242, 34.156, 34.105, 34.078, 34.057, 34.057, 34.075, 34.078, 34.217, 34.388, 34.491, 34.644, 34.57, 34.437, 34.445, 34.357, 34.438, 35.134, 35.504, 35.505, 35.615, 35.635, 35.495, 35.749, 36.532, 37.184, 37.578, 37.795, 37.739, 37.414, 36.913, 36.485, 36.337, 36.45, 36.741, 36.675, 36.741, 37.293, 37.556, 36.932, 36.621, 36.92, 37.175, 37.618, 37.997, 37.483, 37.179, 37.668, 37.609, 37.347, 37.509, 37.518, 36.733, 35.783, 35.451, 35.438, 35.379, 35.196, 34.996, 34.953, 35.246, 36.003, 36.602, 36.632, 36.815, 37.585, 38.441, 38.542, 37.867, 37.408, 37.911, 38.467, 37.98, 37.014, 36.823, 37.298, 37.489, 37.08, 36.735, 36.724, 36.912, 36.872, 36.644, 36.595, 36.671, 36.939, 36.672, 35.653, 35.127, 35.134, 34.863, 34.51, 34.423, 34.607, 35.207, 35.95, 36.341, 36.612, 37.241, 37.879, 38.199, 21.318], [21.252, 20.327, 19.264, 18.546, 15.525, 11.085, 8.311, 4.869, 0.0, 5.843, 12.039, 16.432, 18.473, 19.985, 22.593, 25.22, 26.687, 27.646, 29.075, 30.924, 32.288, 32.72, 32.791, 33.381, 34.232, 34.924, 35.517, 35.838, 35.679, 35.548, 35.705, 35.942, 36.08, 36.297, 36.73, 36.988, 37.036, 37.246, 37.621, 37.795, 37.671, 37.488, 37.384, 37.55, 37.499, 36.4, 35.03, 34.103, 34.31, 34.621, 35.252, 35.788, 36.405, 36.03, 35.574, 35.652, 35.509, 35.59, 36.33, 36.37, 35.83, 35.544, 35.427, 35.151, 35.032, 35.014, 34.868, 34.803, 35.0, 35.151, 34.989, 34.826, 34.773, 34.596, 34.429, 34.531, 34.451, 33.848, 33.57, 33.336, 33.063, 33.198, 33.417, 34.058, 35.275, 35.971, 35.798, 35.968, 36.007, 35.249, 34.844, 34.896, 35.042, 35.182, 35.218, 35.166, 35.047, 34.854, 34.967, 35.416, 35.791, 35.992, 36.086, 36.272, 36.664, 36.509, 35.854, 35.644, 35.914, 36.12, 35.589, 35.079, 35.318, 35.134, 34.818, 34.842, 34.891, 34.87, 34.763, 34.931, 34.984, 34.519, 34.038, 33.998, 33.976, 33.623, 33.514, 33.758, 33.962, 33.878, 33.832, 33.801, 33.768, 33.771, 33.806, 33.829, 33.967, 34.122, 34.241, 34.428, 34.346, 34.197, 34.21, 34.12, 34.192, 34.895, 35.265, 35.259, 35.368, 35.385, 35.247, 35.548, 36.377, 37.049, 37.456, 37.676, 37.617, 37.285, 36.777, 36.357, 36.227, 36.339, 36.618, 36.543, 36.605, 37.154, 37.399, 36.739, 36.407, 36.704, 36.959, 37.405, 37.786, 37.262, 36.937, 37.414, 37.351, 37.102, 37.28, 37.31, 36.526, 35.558, 35.212, 35.194, 35.13, 34.939, 34.729, 34.694, 35.032, 35.836, 36.45, 36.483, 36.687, 37.481, 38.348, 38.442, 37.742, 37.251, 37.749, 38.319, 37.815, 36.805, 36.59, 37.058, 37.246, 36.848, 36.528, 36.526, 36.713, 36.685, 36.474, 36.407, 36.463, 36.734, 36.463, 35.407, 34.852, 34.869, 34.615, 34.259, 34.15, 34.329, 34.969, 35.748, 36.136, 36.393, 37.014, 37.651, 37.983, 21.883], [22.259, 21.443, 20.631, 20.206, 17.649, 13.63, 11.255, 9.243, 5.843, 0.0, 7.468, 13.111, 15.812, 17.478, 20.26, 23.223, 25.018, 26.278, 28.058, 30.158, 31.626, 32.087, 32.158, 32.77, 33.679, 34.426, 35.052, 35.388, 35.238, 35.114, 35.286, 35.569, 35.767, 36.027, 36.493, 36.786, 36.868, 37.099, 37.474, 37.64, 37.499, 37.291, 37.189, 37.373, 37.265, 36.087, 34.642, 33.716, 33.993, 34.337, 34.95, 35.514, 36.163, 35.788, 35.348, 35.445, 35.288, 35.386, 36.18, 36.238, 35.669, 35.363, 35.237, 34.964, 34.863, 34.856, 34.704, 34.626, 34.821, 34.98, 34.82, 34.662, 34.607, 34.409, 34.21, 34.295, 34.228, 33.623, 33.329, 33.09, 32.783, 32.888, 33.121, 33.786, 35.036, 35.73, 35.553, 35.728, 35.747, 34.984, 34.617, 34.691, 34.834, 34.979, 35.023, 34.975, 34.842, 34.626, 34.746, 35.228, 35.628, 35.833, 35.924, 36.106, 36.492, 36.338, 35.678, 35.451, 35.734, 35.979, 35.452, 34.936, 35.189, 34.971, 34.61, 34.612, 34.643, 34.595, 34.479, 34.65, 34.716, 34.253, 33.756, 33.701, 33.678, 33.296, 33.17, 33.439, 33.667, 33.578, 33.531, 33.499, 33.456, 33.468, 33.53, 33.576, 33.7, 33.829, 33.946, 34.164, 34.083, 33.916, 33.922, 33.826, 33.907, 34.649, 35.031, 35.013, 35.122, 35.151, 35.036, 35.399, 36.28, 36.983, 37.419, 37.652, 37.583, 37.228, 36.701, 36.275, 36.151, 36.262, 36.538, 36.455, 36.508, 37.046, 37.26, 36.544, 36.177, 36.466, 36.714, 37.156, 37.537, 36.974, 36.594, 37.081, 37.044, 36.796, 36.989, 37.06, 36.301, 35.321, 34.966, 34.951, 34.889, 34.68, 34.451, 34.434, 34.831, 35.66, 36.274, 36.324, 36.556, 37.366, 38.228, 38.294, 37.555, 37.021, 37.522, 38.131, 37.616, 36.541, 36.287, 36.756, 36.954, 36.563, 36.259, 36.27, 36.465, 36.451, 36.235, 36.136, 36.191, 36.482, 36.212, 35.137, 34.587, 34.648, 34.398, 34.026, 33.91, 34.089, 34.76, 35.565, 35.949, 36.214, 36.843, 37.485, 37.827, 22.885], [24.038, 23.414, 22.869, 22.635, 20.734, 17.623, 15.478, 14.034, 12.039, 7.468, 0.0, 6.98, 11.127, 13.509, 16.615, 20.14, 22.551, 24.291, 26.63, 29.205, 30.913, 31.449, 31.533, 32.19, 33.153, 33.952, 34.652, 35.029, 34.88, 34.756, 34.934, 35.262, 35.549, 35.879, 36.376, 36.687, 36.809, 37.091, 37.484, 37.639, 37.48, 37.251, 37.169, 37.398, 37.235, 35.973, 34.442, 33.516, 33.869, 34.23, 34.797, 35.328, 35.97, 35.605, 35.19, 35.308, 35.148, 35.311, 36.219, 36.322, 35.733, 35.402, 35.259, 34.979, 34.887, 34.888, 34.728, 34.636, 34.835, 35.01, 34.861, 34.717, 34.676, 34.451, 34.199, 34.259, 34.203, 33.603, 33.297, 33.039, 32.662, 32.711, 32.996, 33.706, 34.962, 35.623, 35.43, 35.609, 35.621, 34.872, 34.557, 34.649, 34.796, 34.952, 34.999, 34.953, 34.812, 34.599, 34.756, 35.285, 35.711, 35.917, 36.012, 36.202, 36.587, 36.447, 35.813, 35.608, 35.945, 36.25, 35.759, 35.256, 35.49, 35.178, 34.739, 34.73, 34.747, 34.651, 34.486, 34.617, 34.685, 34.235, 33.708, 33.601, 33.55, 33.12, 32.956, 33.252, 33.521, 33.441, 33.392, 33.35, 33.299, 33.315, 33.396, 33.446, 33.535, 33.627, 33.736, 33.991, 33.913, 33.705, 33.692, 33.594, 33.689, 34.486, 34.891, 34.862, 34.983, 35.026, 34.925, 35.376, 36.349, 37.104, 37.589, 37.864, 37.798, 37.413, 36.843, 36.396, 36.269, 36.381, 36.662, 36.575, 36.626, 37.163, 37.353, 36.576, 36.161, 36.447, 36.705, 37.159, 37.557, 36.969, 36.546, 37.06, 37.061, 36.814, 37.016, 37.118, 36.391, 35.409, 35.031, 35.018, 34.962, 34.723, 34.438, 34.397, 34.821, 35.652, 36.263, 36.324, 36.56, 37.362, 38.194, 38.206, 37.409, 36.818, 37.303, 37.927, 37.398, 36.28, 35.995, 36.469, 36.68, 36.289, 35.985, 36.002, 36.23, 36.26, 36.05, 35.935, 36.029, 36.366, 36.111, 35.042, 34.519, 34.626, 34.366, 33.965, 33.861, 34.077, 34.802, 35.643, 36.017, 36.27, 36.892, 37.527, 37.867, 24.597], [25.771, 25.315, 24.966, 24.806, 23.309, 20.948, 19.2, 17.885, 16.432, 13.111, 6.98, 0.0, 5.585, 9.576, 13.553, 17.583, 20.48, 22.616, 25.507, 28.58, 30.534, 31.166, 31.289, 31.974, 32.951, 33.786, 34.556, 34.97, 34.829, 34.706, 34.878, 35.213, 35.537, 35.911, 36.433, 36.743, 36.874, 37.215, 37.66, 37.827, 37.65, 37.4, 37.329, 37.578, 37.402, 36.163, 34.656, 33.723, 34.066, 34.427, 34.984, 35.446, 36.036, 35.692, 35.322, 35.456, 35.285, 35.487, 36.46, 36.612, 36.043, 35.698, 35.533, 35.236, 35.13, 35.123, 34.961, 34.866, 35.063, 35.238, 35.094, 34.97, 34.955, 34.734, 34.461, 34.487, 34.418, 33.841, 33.542, 33.266, 32.843, 32.86, 33.189, 33.954, 35.178, 35.785, 35.577, 35.75, 35.763, 35.043, 34.768, 34.873, 35.026, 35.189, 35.231, 35.174, 35.032, 34.844, 35.031, 35.575, 36.006, 36.217, 36.32, 36.517, 36.902, 36.783, 36.191, 36.026, 36.406, 36.742, 36.286, 35.796, 35.996, 35.601, 35.099, 35.092, 35.102, 34.95, 34.732, 34.832, 34.905, 34.484, 33.963, 33.821, 33.746, 33.292, 33.087, 33.371, 33.661, 33.611, 33.572, 33.515, 33.452, 33.462, 33.548, 33.588, 33.632, 33.682, 33.788, 34.096, 34.032, 33.791, 33.768, 33.678, 33.772, 34.57, 34.974, 34.942, 35.075, 35.135, 35.047, 35.538, 36.536, 37.295, 37.797, 38.104, 38.054, 37.658, 37.079, 36.645, 36.533, 36.649, 36.919, 36.832, 36.894, 37.432, 37.607, 36.812, 36.386, 36.68, 36.953, 37.415, 37.815, 37.242, 36.831, 37.337, 37.346, 37.112, 37.317, 37.431, 36.742, 35.788, 35.395, 35.372, 35.325, 35.078, 34.74, 34.64, 35.039, 35.863, 36.47, 36.521, 36.739, 37.529, 38.337, 38.314, 37.5, 36.892, 37.348, 37.939, 37.395, 36.282, 35.999, 36.463, 36.67, 36.289, 35.992, 36.017, 36.266, 36.326, 36.132, 36.022, 36.133, 36.489, 36.251, 35.198, 34.677, 34.801, 34.554, 34.156, 34.068, 34.319, 35.086, 35.939, 36.283, 36.491, 37.073, 37.686, 38.019, 26.203], [26.599, 26.205, 25.95, 25.819, 24.477, 22.455, 20.985, 19.781, 18.473, 15.812, 11.127, 5.585, 0.0, 5.569, 11.343, 16.14, 19.172, 21.426, 24.688, 28.127, 30.269, 30.981, 31.135, 31.833, 32.82, 33.679, 34.482, 34.921, 34.796, 34.678, 34.841, 35.167, 35.491, 35.882, 36.426, 36.736, 36.859, 37.221, 37.707, 37.9, 37.732, 37.488, 37.423, 37.674, 37.524, 36.357, 34.917, 33.974, 34.261, 34.596, 35.17, 35.614, 36.174, 35.822, 35.47, 35.618, 35.437, 35.622, 36.594, 36.768, 36.223, 35.879, 35.709, 35.41, 35.295, 35.278, 35.115, 35.024, 35.218, 35.384, 35.238, 35.12, 35.119, 34.917, 34.66, 34.678, 34.603, 34.061, 33.789, 33.509, 33.07, 33.071, 33.388, 34.155, 35.347, 35.93, 35.725, 35.89, 35.9, 35.198, 34.942, 35.053, 35.209, 35.369, 35.402, 35.334, 35.194, 35.02, 35.211, 35.746, 36.167, 36.376, 36.483, 36.679, 37.058, 36.939, 36.357, 36.216, 36.603, 36.944, 36.508, 36.023, 36.206, 35.786, 35.26, 35.263, 35.275, 35.091, 34.855, 34.964, 35.054, 34.662, 34.16, 34.019, 33.948, 33.495, 33.258, 33.506, 33.781, 33.738, 33.705, 33.643, 33.574, 33.571, 33.647, 33.679, 33.705, 33.744, 33.854, 34.191, 34.147, 33.912, 33.897, 33.815, 33.91, 34.697, 35.096, 35.066, 35.196, 35.256, 35.189, 35.697, 36.67, 37.392, 37.883, 38.199, 38.153, 37.754, 37.188, 36.778, 36.683, 36.805, 37.06, 36.973, 37.04, 37.573, 37.74, 36.958, 36.545, 36.834, 37.106, 37.567, 37.954, 37.383, 36.985, 37.487, 37.502, 37.278, 37.48, 37.598, 36.933, 36.009, 35.62, 35.591, 35.55, 35.307, 34.951, 34.819, 35.209, 36.039, 36.644, 36.686, 36.902, 37.691, 38.491, 38.461, 37.66, 37.065, 37.506, 38.073, 37.524, 36.418, 36.133, 36.587, 36.792, 36.421, 36.135, 36.169, 36.41, 36.453, 36.248, 36.148, 36.264, 36.611, 36.371, 35.321, 34.793, 34.92, 34.686, 34.3, 34.222, 34.487, 35.277, 36.136, 36.468, 36.655, 37.212, 37.808, 38.137, 26.967], [27.124, 26.744, 26.598, 26.534, 25.305, 23.504, 22.239, 21.197, 19.985, 17.478, 13.509, 9.576, 5.569, 0.0, 7.393, 13.635, 17.187, 19.573, 23.196, 27.083, 29.503, 30.319, 30.503, 31.239, 32.272, 33.175, 34.031, 34.51, 34.394, 34.274, 34.441, 34.781, 35.125, 35.546, 36.119, 36.45, 36.586, 36.963, 37.476, 37.698, 37.558, 37.329, 37.25, 37.48, 37.337, 36.198, 34.784, 33.841, 34.113, 34.44, 35.028, 35.492, 36.062, 35.686, 35.319, 35.476, 35.292, 35.471, 36.458, 36.628, 36.078, 35.74, 35.576, 35.276, 35.153, 35.128, 34.954, 34.857, 35.05, 35.215, 35.06, 34.93, 34.929, 34.739, 34.494, 34.527, 34.472, 33.948, 33.682, 33.393, 32.93, 32.9, 33.197, 33.964, 35.19, 35.799, 35.587, 35.746, 35.757, 35.054, 34.801, 34.918, 35.079, 35.238, 35.264, 35.189, 35.041, 34.848, 35.029, 35.577, 36.007, 36.213, 36.314, 36.512, 36.891, 36.764, 36.168, 36.013, 36.392, 36.748, 36.323, 35.821, 36.0, 35.568, 35.02, 35.03, 35.053, 34.868, 34.633, 34.75, 34.856, 34.466, 33.953, 33.831, 33.788, 33.312, 33.042, 33.283, 33.548, 33.487, 33.449, 33.386, 33.303, 33.277, 33.344, 33.386, 33.421, 33.476, 33.622, 33.985, 33.948, 33.723, 33.721, 33.637, 33.716, 34.509, 34.923, 34.899, 35.027, 35.093, 35.046, 35.571, 36.529, 37.228, 37.716, 38.025, 37.966, 37.559, 36.989, 36.574, 36.488, 36.624, 36.885, 36.791, 36.85, 37.381, 37.548, 36.777, 36.392, 36.683, 36.943, 37.406, 37.791, 37.196, 36.768, 37.276, 37.312, 37.098, 37.31, 37.448, 36.791, 35.866, 35.486, 35.462, 35.416, 35.152, 34.782, 34.661, 35.086, 35.942, 36.547, 36.588, 36.811, 37.609, 38.41, 38.382, 37.594, 37.02, 37.478, 38.059, 37.497, 36.366, 36.073, 36.533, 36.735, 36.354, 36.067, 36.107, 36.336, 36.338, 36.087, 35.976, 36.112, 36.463, 36.212, 35.155, 34.634, 34.759, 34.511, 34.112, 34.022, 34.28, 35.086, 35.967, 36.313, 36.504, 37.065, 37.67, 38.008, 27.495], [28.233, 27.905, 27.933, 27.981, 26.983, 25.57, 24.572, 23.68, 22.593, 20.26, 16.615, 13.553, 11.343, 7.393, 0.0, 7.848, 13.076, 16.362, 20.656, 25.209, 28.039, 28.973, 29.217, 30.037, 31.133, 32.107, 33.068, 33.599, 33.476, 33.357, 33.546, 33.923, 34.327, 34.817, 35.435, 35.793, 35.984, 36.439, 37.006, 37.257, 37.147, 36.938, 36.842, 37.027, 36.837, 35.69, 34.298, 33.385, 33.666, 34.015, 34.622, 35.088, 35.66, 35.29, 34.941, 35.116, 34.932, 35.153, 36.215, 36.362, 35.766, 35.429, 35.263, 34.936, 34.792, 34.753, 34.558, 34.439, 34.623, 34.791, 34.623, 34.476, 34.465, 34.254, 33.977, 34.016, 33.996, 33.48, 33.22, 32.938, 32.441, 32.351, 32.652, 33.42, 34.678, 35.322, 35.103, 35.249, 35.26, 34.557, 34.304, 34.422, 34.584, 34.746, 34.775, 34.698, 34.536, 34.323, 34.525, 35.118, 35.572, 35.775, 35.871, 36.076, 36.473, 36.389, 35.827, 35.653, 36.014, 36.38, 35.963, 35.451, 35.604, 35.098, 34.502, 34.498, 34.53, 34.363, 34.123, 34.237, 34.351, 33.946, 33.417, 33.323, 33.301, 32.788, 32.5, 32.758, 33.041, 32.981, 32.951, 32.877, 32.773, 32.731, 32.793, 32.853, 32.9, 32.958, 33.133, 33.529, 33.481, 33.247, 33.263, 33.184, 33.247, 34.051, 34.489, 34.466, 34.606, 34.712, 34.673, 35.173, 36.122, 36.824, 37.314, 37.606, 37.53, 37.111, 36.517, 36.077, 36.004, 36.168, 36.444, 36.343, 36.399, 36.938, 37.115, 36.339, 35.973, 36.278, 36.523, 36.976, 37.373, 36.752, 36.258, 36.75, 36.806, 36.601, 36.838, 37.03, 36.406, 35.474, 35.076, 35.051, 35.0, 34.716, 34.325, 34.21, 34.667, 35.551, 36.165, 36.209, 36.441, 37.256, 38.064, 38.033, 37.252, 36.685, 37.166, 37.763, 37.176, 36.01, 35.723, 36.205, 36.391, 35.977, 35.686, 35.739, 35.966, 35.945, 35.657, 35.512, 35.652, 36.02, 35.773, 34.705, 34.181, 34.305, 34.053, 33.649, 33.537, 33.75, 34.551, 35.478, 35.847, 36.031, 36.606, 37.241, 37.596, 28.568], [29.58, 29.314, 29.448, 29.538, 28.749, 27.709, 26.956, 26.177, 25.22, 23.223, 20.14, 17.583, 16.14, 13.635, 7.848, 0.0, 7.185, 12.553, 18.123, 23.306, 26.487, 27.525, 27.833, 28.751, 29.903, 30.973, 32.054, 32.622, 32.49, 32.39, 32.614, 33.033, 33.502, 34.067, 34.722, 35.087, 35.345, 35.927, 36.588, 36.866, 36.765, 36.596, 36.534, 36.692, 36.452, 35.313, 33.98, 33.095, 33.361, 33.71, 34.332, 34.797, 35.36, 35.003, 34.691, 34.894, 34.691, 34.935, 36.057, 36.195, 35.555, 35.214, 35.048, 34.707, 34.556, 34.512, 34.304, 34.163, 34.328, 34.486, 34.303, 34.149, 34.131, 33.894, 33.587, 33.616, 33.625, 33.139, 32.904, 32.657, 32.152, 32.018, 32.319, 33.068, 34.306, 34.961, 34.752, 34.882, 34.88, 34.18, 33.938, 34.055, 34.215, 34.381, 34.417, 34.341, 34.168, 33.959, 34.203, 34.837, 35.294, 35.483, 35.574, 35.789, 36.202, 36.168, 35.657, 35.489, 35.843, 36.199, 35.78, 35.275, 35.388, 34.787, 34.129, 34.12, 34.159, 33.992, 33.747, 33.865, 33.977, 33.563, 33.053, 33.01, 33.007, 32.484, 32.197, 32.459, 32.758, 32.707, 32.68, 32.604, 32.499, 32.448, 32.499, 32.587, 32.66, 32.694, 32.831, 33.227, 33.191, 32.98, 33.024, 32.946, 33.011, 33.816, 34.262, 34.252, 34.41, 34.528, 34.473, 34.921, 35.826, 36.493, 36.957, 37.233, 37.153, 36.734, 36.141, 35.71, 35.64, 35.797, 36.082, 35.994, 36.061, 36.609, 36.789, 35.992, 35.615, 35.929, 36.157, 36.589, 36.996, 36.383, 35.871, 36.372, 36.449, 36.222, 36.442, 36.659, 36.079, 35.167, 34.759, 34.729, 34.685, 34.395, 33.995, 33.893, 34.385, 35.295, 35.93, 35.986, 36.232, 37.06, 37.87, 37.839, 37.056, 36.468, 36.924, 37.508, 36.914, 35.733, 35.453, 35.942, 36.107, 35.672, 35.379, 35.45, 35.679, 35.652, 35.374, 35.213, 35.327, 35.696, 35.457, 34.397, 33.866, 33.976, 33.725, 33.351, 33.244, 33.406, 34.178, 35.134, 35.517, 35.674, 36.24, 36.884, 37.245, 29.831], [30.368, 30.134, 30.298, 30.371, 29.68, 28.867, 28.262, 27.539, 26.687, 25.018, 22.551, 20.48, 19.172, 17.187, 13.076, 7.185, 0.0, 7.566, 15.208, 21.422, 25.064, 26.298, 26.713, 27.733, 28.973, 30.126, 31.27, 31.849, 31.722, 31.651, 31.903, 32.35, 32.866, 33.492, 34.177, 34.544, 34.853, 35.553, 36.322, 36.655, 36.563, 36.404, 36.386, 36.597, 36.418, 35.342, 34.065, 33.17, 33.403, 33.73, 34.342, 34.805, 35.362, 34.989, 34.692, 34.881, 34.642, 34.886, 36.013, 36.157, 35.522, 35.184, 35.023, 34.692, 34.548, 34.507, 34.303, 34.156, 34.3, 34.436, 34.248, 34.098, 34.08, 33.848, 33.557, 33.592, 33.625, 33.193, 32.996, 32.771, 32.291, 32.188, 32.487, 33.215, 34.443, 35.106, 34.899, 35.027, 35.029, 34.323, 34.079, 34.201, 34.364, 34.529, 34.568, 34.491, 34.317, 34.111, 34.365, 35.005, 35.451, 35.631, 35.714, 35.924, 36.332, 36.292, 35.769, 35.588, 35.933, 36.279, 35.851, 35.328, 35.422, 34.793, 34.09, 34.101, 34.164, 33.987, 33.741, 33.861, 33.97, 33.568, 33.079, 33.074, 33.098, 32.574, 32.266, 32.512, 32.803, 32.734, 32.697, 32.629, 32.534, 32.475, 32.524, 32.669, 32.795, 32.811, 32.889, 33.265, 33.262, 33.081, 33.139, 33.057, 33.112, 33.888, 34.329, 34.341, 34.496, 34.578, 34.491, 34.903, 35.754, 36.353, 36.779, 37.052, 36.972, 36.553, 35.984, 35.604, 35.538, 35.657, 35.943, 35.886, 35.978, 36.529, 36.709, 35.924, 35.584, 35.931, 36.151, 36.55, 36.952, 36.374, 35.92, 36.464, 36.548, 36.287, 36.464, 36.657, 36.086, 35.199, 34.808, 34.796, 34.772, 34.481, 34.082, 34.023, 34.566, 35.502, 36.157, 36.236, 36.502, 37.34, 38.149, 38.122, 37.332, 36.71, 37.124, 37.679, 37.063, 35.847, 35.558, 36.046, 36.197, 35.758, 35.463, 35.539, 35.761, 35.724, 35.437, 35.255, 35.357, 35.726, 35.492, 34.46, 33.954, 34.055, 33.79, 33.453, 33.36, 33.496, 34.255, 35.211, 35.58, 35.691, 36.219, 36.85, 37.209, 30.576], [30.561, 30.411, 30.657, 30.713, 30.108, 29.542, 29.08, 28.391, 27.646, 26.278, 24.291, 22.616, 21.426, 19.573, 16.362, 12.553, 7.566, 0.0, 9.596, 17.893, 22.619, 24.243, 24.851, 26.078, 27.487, 28.733, 29.948, 30.564, 30.45, 30.399, 30.673, 31.148, 31.711, 32.403, 33.153, 33.547, 33.885, 34.69, 35.627, 36.12, 36.116, 35.96, 35.966, 36.316, 36.338, 35.377, 34.114, 33.208, 33.399, 33.737, 34.338, 34.753, 35.304, 34.917, 34.596, 34.748, 34.496, 34.759, 35.911, 36.07, 35.451, 35.11, 34.933, 34.584, 34.431, 34.394, 34.195, 34.046, 34.172, 34.289, 34.096, 33.949, 33.954, 33.761, 33.495, 33.53, 33.58, 33.201, 33.043, 32.806, 32.299, 32.204, 32.505, 33.233, 34.489, 35.17, 34.957, 35.091, 35.104, 34.39, 34.132, 34.261, 34.44, 34.606, 34.642, 34.556, 34.374, 34.166, 34.422, 35.066, 35.518, 35.706, 35.784, 35.983, 36.381, 36.313, 35.755, 35.552, 35.885, 36.217, 35.782, 35.252, 35.348, 34.716, 33.997, 34.022, 34.104, 33.927, 33.687, 33.826, 33.957, 33.57, 33.076, 33.069, 33.087, 32.549, 32.229, 32.476, 32.75, 32.666, 32.629, 32.569, 32.482, 32.421, 32.477, 32.676, 32.85, 32.858, 32.887, 33.22, 33.214, 33.052, 33.112, 33.031, 33.089, 33.853, 34.295, 34.324, 34.475, 34.528, 34.411, 34.805, 35.628, 36.188, 36.609, 36.899, 36.814, 36.374, 35.788, 35.419, 35.365, 35.488, 35.769, 35.705, 35.811, 36.381, 36.577, 35.833, 35.562, 35.961, 36.184, 36.562, 36.961, 36.408, 36.0, 36.573, 36.656, 36.368, 36.511, 36.672, 36.073, 35.165, 34.767, 34.763, 34.75, 34.468, 34.087, 34.072, 34.654, 35.611, 36.278, 36.38, 36.657, 37.49, 38.301, 38.292, 37.51, 36.879, 37.289, 37.821, 37.156, 35.907, 35.622, 36.105, 36.249, 35.809, 35.513, 35.589, 35.811, 35.767, 35.426, 35.182, 35.285, 35.674, 35.45, 34.44, 33.958, 34.07, 33.812, 33.487, 33.395, 33.507, 34.266, 35.19, 35.504, 35.574, 36.092, 36.737, 37.095, 30.754], [30.735, 30.71, 31.078, 31.142, 30.67, 30.449, 30.237, 29.656, 29.075, 28.058, 26.63, 25.507, 24.688, 23.196, 20.656, 18.123, 15.208, 9.596, 0.0, 10.647, 17.386, 19.918, 20.799, 22.296, 24.035, 25.585, 27.049, 27.78, 27.684, 27.662, 27.981, 28.514, 29.159, 29.956, 30.818, 31.245, 31.605, 32.588, 33.819, 34.563, 34.713, 34.646, 34.699, 35.197, 35.53, 34.825, 33.665, 32.836, 33.008, 33.38, 34.05, 34.473, 35.03, 34.622, 34.26, 34.417, 34.174, 34.411, 35.596, 35.751, 35.094, 34.725, 34.529, 34.156, 33.999, 33.966, 33.77, 33.618, 33.736, 33.843, 33.635, 33.484, 33.519, 33.373, 33.129, 33.174, 33.238, 32.876, 32.733, 32.47, 31.921, 31.817, 32.096, 32.832, 34.186, 34.928, 34.706, 34.84, 34.845, 34.111, 33.831, 33.967, 34.168, 34.342, 34.365, 34.265, 34.064, 33.834, 34.085, 34.74, 35.203, 35.397, 35.462, 35.652, 36.048, 35.956, 35.367, 35.141, 35.494, 35.834, 35.391, 34.878, 35.008, 34.348, 33.589, 33.618, 33.719, 33.55, 33.305, 33.457, 33.598, 33.199, 32.691, 32.68, 32.661, 32.096, 31.792, 32.038, 32.296, 32.215, 32.176, 32.113, 32.028, 31.954, 32.02, 32.279, 32.527, 32.543, 32.496, 32.731, 32.699, 32.56, 32.631, 32.555, 32.639, 33.428, 33.879, 33.939, 34.123, 34.17, 34.024, 34.414, 35.239, 35.803, 36.245, 36.552, 36.471, 36.02, 35.385, 34.952, 34.894, 35.065, 35.372, 35.281, 35.387, 36.017, 36.248, 35.494, 35.245, 35.698, 35.936, 36.301, 36.702, 36.155, 35.752, 36.316, 36.419, 36.132, 36.235, 36.346, 35.684, 34.715, 34.294, 34.278, 34.253, 33.989, 33.648, 33.658, 34.245, 35.244, 35.948, 36.062, 36.341, 37.174, 37.996, 38.005, 37.199, 36.532, 36.964, 37.532, 36.853, 35.59, 35.318, 35.805, 35.949, 35.503, 35.206, 35.286, 35.508, 35.44, 35.009, 34.66, 34.754, 35.175, 34.963, 33.946, 33.462, 33.602, 33.358, 33.023, 32.929, 33.066, 33.904, 34.876, 35.186, 35.235, 35.755, 36.424, 36.781, 30.859], [31.561, 31.576, 31.996, 32.062, 31.691, 31.732, 31.773, 31.365, 30.924, 30.158, 29.205, 28.58, 28.127, 27.083, 25.209, 23.306, 21.422, 17.893, 10.647, 0.0, 8.794, 13.288, 14.961, 16.633, 18.846, 21.132, 23.088, 23.986, 23.942, 24.0, 24.372, 24.966, 25.732, 26.661, 27.598, 28.002, 28.387, 29.601, 31.159, 32.135, 32.44, 32.566, 32.803, 33.448, 34.062, 33.87, 33.19, 32.657, 32.786, 33.153, 33.943, 34.439, 35.005, 34.587, 34.211, 34.379, 34.094, 34.143, 35.211, 35.353, 34.694, 34.322, 34.131, 33.784, 33.666, 33.665, 33.489, 33.345, 33.461, 33.561, 33.352, 33.206, 33.255, 33.139, 32.941, 33.028, 33.118, 32.773, 32.66, 32.403, 31.86, 31.761, 32.011, 32.718, 34.063, 34.842, 34.63, 34.732, 34.718, 34.002, 33.718, 33.819, 34.004, 34.18, 34.18, 34.072, 33.887, 33.661, 33.887, 34.502, 34.935, 35.125, 35.185, 35.362, 35.737, 35.619, 35.04, 34.795, 35.122, 35.423, 34.994, 34.567, 34.744, 34.09, 33.34, 33.373, 33.488, 33.37, 33.173, 33.319, 33.446, 33.049, 32.543, 32.508, 32.439, 31.888, 31.639, 31.872, 32.105, 32.025, 31.973, 31.904, 31.824, 31.761, 31.849, 32.157, 32.509, 32.571, 32.465, 32.61, 32.554, 32.443, 32.532, 32.468, 32.548, 33.314, 33.751, 33.833, 34.051, 34.091, 33.911, 34.253, 35.05, 35.607, 36.028, 36.329, 36.257, 35.831, 35.213, 34.735, 34.641, 34.837, 35.195, 35.105, 35.194, 35.848, 36.089, 35.292, 35.007, 35.45, 35.663, 35.989, 36.376, 35.841, 35.434, 35.957, 36.111, 35.908, 36.015, 36.092, 35.406, 34.444, 34.021, 33.967, 33.912, 33.684, 33.411, 33.432, 33.974, 34.981, 35.727, 35.853, 36.13, 36.956, 37.801, 37.84, 36.99, 36.245, 36.662, 37.273, 36.644, 35.404, 35.135, 35.626, 35.788, 35.343, 35.038, 35.122, 35.338, 35.245, 34.756, 34.35, 34.444, 34.88, 34.657, 33.62, 33.143, 33.311, 33.089, 32.769, 32.703, 32.862, 33.74, 34.755, 35.104, 35.182, 35.693, 36.34, 36.686, 31.624], [32.519, 32.528, 32.952, 33.022, 32.674, 32.807, 32.977, 32.675, 32.288, 31.626, 30.913, 30.534, 30.269, 29.503, 28.039, 26.487, 25.064, 22.619, 17.386, 8.794, 0.0, 6.467, 10.019, 12.317, 14.69, 17.529, 19.93, 20.985, 21.068, 21.268, 21.705, 22.412, 23.36, 24.378, 25.289, 25.661, 26.07, 27.378, 29.072, 30.13, 30.495, 30.753, 31.168, 31.978, 32.729, 32.846, 32.749, 32.745, 33.021, 33.363, 34.208, 34.791, 35.365, 34.953, 34.59, 34.753, 34.425, 34.295, 35.225, 35.373, 34.769, 34.42, 34.233, 33.907, 33.818, 33.841, 33.683, 33.542, 33.65, 33.755, 33.577, 33.451, 33.495, 33.397, 33.237, 33.344, 33.421, 33.066, 32.993, 32.775, 32.237, 32.116, 32.374, 33.107, 34.357, 35.094, 34.918, 34.994, 34.956, 34.278, 34.005, 34.066, 34.213, 34.37, 34.366, 34.274, 34.114, 33.901, 34.092, 34.644, 35.033, 35.217, 35.286, 35.474, 35.84, 35.69, 35.134, 34.913, 35.173, 35.355, 34.94, 34.619, 34.82, 34.197, 33.528, 33.579, 33.668, 33.6, 33.502, 33.667, 33.775, 33.371, 32.862, 32.82, 32.74, 32.202, 31.978, 32.187, 32.384, 32.293, 32.231, 32.154, 32.074, 32.032, 32.139, 32.464, 32.893, 32.996, 32.871, 32.968, 32.883, 32.781, 32.884, 32.845, 32.939, 33.67, 34.079, 34.164, 34.365, 34.378, 34.196, 34.52, 35.301, 35.857, 36.252, 36.539, 36.479, 36.085, 35.53, 35.049, 34.903, 35.08, 35.454, 35.379, 35.445, 36.062, 36.296, 35.504, 35.195, 35.612, 35.816, 36.123, 36.492, 35.98, 35.587, 36.067, 36.239, 36.106, 36.26, 36.354, 35.672, 34.718, 34.277, 34.173, 34.084, 33.892, 33.689, 33.706, 34.157, 35.129, 35.896, 36.019, 36.267, 37.074, 37.944, 38.014, 37.17, 36.416, 36.814, 37.428, 36.856, 35.679, 35.412, 35.897, 36.089, 35.672, 35.367, 35.46, 35.704, 35.622, 35.115, 34.707, 34.814, 35.233, 34.983, 33.95, 33.511, 33.697, 33.482, 33.176, 33.125, 33.269, 34.107, 35.092, 35.465, 35.584, 36.095, 36.718, 37.049, 32.539], [32.87, 32.871, 33.291, 33.367, 33.022, 33.182, 33.382, 33.096, 32.72, 32.087, 31.449, 31.166, 30.981, 30.319, 28.973, 27.525, 26.298, 24.243, 19.918, 13.288, 6.467, 0.0, 5.497, 9.638, 12.348, 15.036, 17.536, 18.745, 18.954, 19.285, 19.847, 20.779, 22.008, 23.16, 24.08, 24.485, 24.933, 26.224, 27.906, 28.96, 29.322, 29.62, 30.103, 30.996, 31.813, 31.929, 31.985, 32.381, 32.981, 33.392, 34.224, 34.826, 35.39, 34.987, 34.645, 34.821, 34.478, 34.305, 35.237, 35.4, 34.809, 34.47, 34.281, 33.946, 33.851, 33.876, 33.729, 33.59, 33.692, 33.797, 33.634, 33.516, 33.548, 33.443, 33.285, 33.389, 33.436, 33.055, 33.024, 32.843, 32.269, 32.099, 32.374, 33.142, 34.369, 35.101, 34.949, 35.024, 34.97, 34.308, 34.055, 34.104, 34.223, 34.362, 34.362, 34.283, 34.122, 33.907, 34.097, 34.637, 35.005, 35.179, 35.261, 35.475, 35.85, 35.691, 35.158, 34.972, 35.205, 35.321, 34.921, 34.651, 34.84, 34.208, 33.562, 33.611, 33.673, 33.617, 33.567, 33.759, 33.86, 33.43, 32.907, 32.878, 32.81, 32.277, 32.069, 32.255, 32.408, 32.308, 32.257, 32.183, 32.098, 32.058, 32.166, 32.503, 32.969, 33.09, 32.955, 33.021, 32.909, 32.812, 32.919, 32.883, 33.013, 33.758, 34.161, 34.25, 34.438, 34.43, 34.254, 34.58, 35.354, 35.918, 36.309, 36.584, 36.531, 36.153, 35.634, 35.156, 34.949, 35.068, 35.427, 35.359, 35.386, 35.959, 36.199, 35.417, 35.099, 35.535, 35.774, 36.093, 36.444, 35.943, 35.571, 36.05, 36.224, 36.111, 36.302, 36.417, 35.729, 34.774, 34.339, 34.22, 34.109, 33.933, 33.762, 33.762, 34.151, 35.098, 35.865, 35.983, 36.224, 37.023, 37.895, 37.981, 37.169, 36.455, 36.867, 37.473, 36.911, 35.783, 35.534, 36.012, 36.208, 35.803, 35.494, 35.589, 35.862, 35.798, 35.287, 34.882, 34.997, 35.402, 35.138, 34.123, 33.708, 33.886, 33.662, 33.35, 33.289, 33.436, 34.274, 35.239, 35.611, 35.718, 36.224, 36.854, 37.182, 32.849], [32.855, 32.836, 33.254, 33.354, 33.039, 33.234, 33.452, 33.163, 32.791, 32.158, 31.533, 31.289, 31.135, 30.503, 29.217, 27.833, 26.713, 24.851, 20.799, 14.961, 10.01