[[0.0, 4.791, 8.407, 11.117, 13.175, 14.844, 16.295, 17.436, 18.504, 19.763, 21.294, 23.314, 25.765, 27.65, 28.402, 28.435, 28.48, 28.983, 29.772, 30.152, 30.249, 30.79, 31.901, 32.835, 33.247, 33.751, 34.734, 35.496, 35.547, 35.539, 36.226, 37.445, 38.392, 38.916, 39.444, 40.059, 40.56, 40.569, 40.077, 39.458, 39.092, 39.014, 39.026, 39.016, 38.97, 38.953, 39.341, 40.398, 41.817, 43.197, 44.343, 45.061, 45.541, 46.079, 46.741, 47.321, 47.608, 47.655, 47.673, 47.869, 47.81, 47.225, 46.516, 46.079, 45.807, 45.125, 43.902, 42.394, 40.931, 39.906, 39.446, 39.272, 39.066, 38.809, 38.682, 38.825, 39.121, 39.3, 39.304, 39.171, 38.967, 38.932, 39.163, 39.662, 40.27, 40.79, 41.219, 41.608, 41.635, 41.382, 41.017, 40.886, 41.193, 41.541, 41.384, 41.564, 42.378, 43.077, 43.281, 42.627, 41.89, 42.131, 43.272, 44.084, 44.035, 43.776, 43.945, 44.816, 45.987, 46.674, 46.435, 45.759, 45.233, 45.014, 44.988, 44.875, 44.428, 43.932, 43.791, 44.116, 44.758, 45.483, 46.103, 46.583, 46.993, 47.46, 47.989, 48.563, 49.197, 49.809, 50.069, 50.224, 50.446, 50.138, 48.764, 46.524, 44.586, 43.816, 43.85, 44.059, 44.082, 43.836, 43.436, 42.928, 42.511, 42.408, 42.744, 43.459, 44.236, 44.708, 44.636, 44.059, 43.312, 42.816, 42.726, 42.889, 42.966, 5.317], [4.791, 0.0, 4.362, 8.123, 10.949, 12.941, 14.462, 15.566, 16.573, 17.836, 19.48, 21.716, 24.4, 26.411, 27.174, 27.171, 27.199, 27.725, 28.559, 28.962, 29.047, 29.574, 30.715, 31.735, 32.23, 32.758, 33.725, 34.494, 34.622, 34.769, 35.603, 36.878, 37.827, 38.379, 39.036, 39.831, 40.465, 40.523, 40.016, 39.372, 39.004, 38.933, 38.945, 38.933, 38.891, 38.885, 39.297, 40.396, 41.866, 43.288, 44.448, 45.148, 45.607, 46.141, 46.808, 47.392, 47.677, 47.725, 47.745, 47.946, 47.887, 47.288, 46.559, 46.108, 45.83, 45.141, 43.903, 42.378, 40.907, 39.885, 39.436, 39.261, 39.048, 38.787, 38.658, 38.797, 39.09, 39.272, 39.281, 39.151, 38.945, 38.906, 39.137, 39.647, 40.279, 40.833, 41.301, 41.715, 41.749, 41.485, 41.095, 40.941, 41.258, 41.649, 41.534, 41.749, 42.582, 43.3, 43.523, 42.872, 42.115, 42.314, 43.435, 44.247, 44.195, 43.923, 44.083, 44.961, 46.155, 46.858, 46.622, 45.941, 45.409, 45.186, 45.16, 45.051, 44.608, 44.112, 43.967, 44.285, 44.914, 45.622, 46.235, 46.723, 47.142, 47.614, 48.142, 48.718, 49.361, 49.977, 50.221, 50.352, 50.563, 50.253, 48.88, 46.641, 44.699, 43.918, 43.945, 44.158, 44.195, 43.963, 43.567, 43.05, 42.633, 42.545, 42.909, 43.653, 44.453, 44.935, 44.866, 44.288, 43.535, 43.027, 42.927, 43.088, 43.168, 9.113], [8.407, 4.362, 0.0, 4.432, 8.16, 10.931, 12.861, 14.012, 14.911, 16.127, 17.861, 20.27, 23.124, 25.232, 26.039, 26.076, 26.167, 26.765, 27.657, 28.088, 28.166, 28.679, 29.868, 31.04, 31.741, 32.433, 33.452, 34.198, 34.331, 34.598, 35.63, 37.048, 38.03, 38.585, 39.307, 40.228, 40.986, 41.132, 40.678, 40.064, 39.718, 39.658, 39.679, 39.678, 39.646, 39.644, 40.039, 41.091, 42.497, 43.846, 44.931, 45.568, 45.987, 46.499, 47.149, 47.717, 47.995, 48.044, 48.06, 48.249, 48.196, 47.639, 46.954, 46.516, 46.238, 45.577, 44.401, 42.953, 41.565, 40.619, 40.219, 40.058, 39.848, 39.597, 39.478, 39.611, 39.889, 40.064, 40.076, 39.954, 39.757, 39.713, 39.919, 40.401, 41.009, 41.543, 41.995, 42.394, 42.426, 42.169, 41.789, 41.63, 41.916, 42.273, 42.169, 42.417, 43.233, 43.919, 44.144, 43.549, 42.863, 43.044, 44.096, 44.868, 44.815, 44.562, 44.733, 45.599, 46.761, 47.443, 47.217, 46.564, 46.052, 45.838, 45.817, 45.714, 45.29, 44.817, 44.684, 44.992, 45.593, 46.262, 46.842, 47.306, 47.704, 48.154, 48.665, 49.225, 49.846, 50.425, 50.639, 50.762, 50.977, 50.682, 49.357, 47.201, 45.335, 44.58, 44.603, 44.809, 44.844, 44.624, 44.248, 43.758, 43.363, 43.284, 43.639, 44.361, 45.141, 45.618, 45.562, 45.011, 44.288, 43.789, 43.679, 43.823, 43.895, 11.797], [11.117, 8.123, 4.432, 0.0, 4.386, 8.163, 10.843, 12.288, 13.232, 14.491, 16.34, 18.878, 21.829, 24.007, 24.89, 25.026, 25.223, 25.911, 26.867, 27.333, 27.418, 27.929, 29.155, 30.444, 31.317, 32.165, 33.252, 33.98, 34.089, 34.403, 35.578, 37.162, 38.236, 38.817, 39.552, 40.515, 41.345, 41.573, 41.187, 40.622, 40.302, 40.252, 40.282, 40.296, 40.278, 40.285, 40.658, 41.645, 42.967, 44.232, 45.244, 45.829, 46.218, 46.715, 47.349, 47.903, 48.168, 48.207, 48.213, 48.384, 48.331, 47.82, 47.194, 46.786, 46.515, 45.884, 44.779, 43.425, 42.131, 41.259, 40.901, 40.753, 40.542, 40.294, 40.178, 40.31, 40.582, 40.752, 40.762, 40.643, 40.455, 40.409, 40.598, 41.052, 41.628, 42.124, 42.533, 42.901, 42.928, 42.69, 42.342, 42.193, 42.428, 42.714, 42.608, 42.898, 43.708, 44.358, 44.568, 44.019, 43.407, 43.581, 44.579, 45.315, 45.263, 45.032, 45.214, 46.056, 47.169, 47.818, 47.603, 46.982, 46.496, 46.296, 46.28, 46.184, 45.778, 45.327, 45.207, 45.511, 46.09, 46.731, 47.283, 47.719, 48.093, 48.524, 49.025, 49.581, 50.184, 50.727, 50.916, 51.039, 51.268, 50.987, 49.701, 47.618, 45.824, 45.102, 45.129, 45.322, 45.336, 45.101, 44.722, 44.245, 43.864, 43.788, 44.121, 44.803, 45.545, 46.006, 45.966, 45.454, 44.773, 44.294, 44.183, 44.314, 44.374, 13.923], [13.175, 10.949, 8.16, 4.386, 0.0, 4.488, 7.968, 9.955, 11.234, 12.703, 14.683, 17.318, 20.353, 22.606, 23.577, 23.821, 24.132, 24.913, 25.94, 26.446, 26.545, 27.06, 28.297, 29.614, 30.532, 31.427, 32.543, 33.278, 33.381, 33.702, 34.943, 36.661, 37.857, 38.496, 39.242, 40.216, 41.089, 41.371, 41.032, 40.505, 40.213, 40.176, 40.213, 40.237, 40.235, 40.259, 40.626, 41.578, 42.861, 44.1, 45.093, 45.661, 46.037, 46.527, 47.161, 47.715, 47.97, 47.992, 47.989, 48.149, 48.089, 47.599, 47.017, 46.643, 46.381, 45.757, 44.677, 43.365, 42.114, 41.266, 40.917, 40.764, 40.54, 40.279, 40.153, 40.285, 40.565, 40.738, 40.745, 40.622, 40.433, 40.393, 40.589, 41.047, 41.614, 42.087, 42.471, 42.823, 42.857, 42.639, 42.314, 42.176, 42.377, 42.619, 42.524, 42.871, 43.722, 44.371, 44.559, 44.016, 43.415, 43.561, 44.533, 45.259, 45.203, 44.973, 45.15, 45.97, 47.048, 47.676, 47.464, 46.857, 46.384, 46.192, 46.182, 46.091, 45.693, 45.252, 45.139, 45.444, 46.016, 46.647, 47.19, 47.617, 47.983, 48.414, 48.926, 49.496, 50.102, 50.632, 50.81, 50.94, 51.184, 50.913, 49.638, 47.574, 45.806, 45.101, 45.134, 45.319, 45.31, 45.046, 44.643, 44.153, 43.766, 43.685, 44.008, 44.67, 45.389, 45.838, 45.805, 45.316, 44.662, 44.198, 44.09, 44.221, 44.28, 15.795], [14.844, 12.941, 10.931, 8.163, 4.488, 0.0, 3.972, 6.626, 8.546, 10.417, 12.55, 15.325, 18.552, 20.959, 22.037, 22.38, 22.792, 23.664, 24.766, 25.313, 25.426, 25.961, 27.229, 28.558, 29.445, 30.291, 31.39, 32.145, 32.27, 32.591, 33.85, 35.661, 36.965, 37.671, 38.457, 39.473, 40.397, 40.714, 40.39, 39.891, 39.646, 39.649, 39.699, 39.723, 39.735, 39.781, 40.16, 41.115, 42.414, 43.683, 44.703, 45.28, 45.653, 46.142, 46.782, 47.343, 47.595, 47.606, 47.603, 47.768, 47.699, 47.198, 46.632, 46.291, 46.047, 45.411, 44.304, 42.967, 41.69, 40.808, 40.43, 40.26, 40.023, 39.751, 39.619, 39.754, 40.046, 40.226, 40.231, 40.103, 39.912, 39.883, 40.101, 40.575, 41.147, 41.622, 42.014, 42.382, 42.434, 42.224, 41.902, 41.766, 41.965, 42.211, 42.13, 42.514, 43.417, 44.093, 44.272, 43.705, 43.061, 43.176, 44.155, 44.893, 44.828, 44.574, 44.731, 45.539, 46.613, 47.239, 47.021, 46.407, 45.929, 45.735, 45.726, 45.637, 45.239, 44.801, 44.695, 45.008, 45.586, 46.223, 46.775, 47.214, 47.595, 48.046, 48.582, 49.176, 49.8, 50.339, 50.52, 50.657, 50.917, 50.657, 49.373, 47.283, 45.485, 44.77, 44.805, 44.987, 44.966, 44.685, 44.26, 43.745, 43.34, 43.252, 43.584, 44.261, 44.99, 45.443, 45.409, 44.914, 44.254, 43.789, 43.687, 43.828, 43.893, 17.452], [16.295, 14.462, 12.861, 10.843, 7.968, 3.972, 0.0, 3.154, 5.817, 8.259, 10.656, 13.63, 17.089, 19.665, 20.843, 21.265, 21.76, 22.707, 23.864, 24.437, 24.566, 25.145, 26.489, 27.873, 28.74, 29.516, 30.571, 31.343, 31.501, 31.831, 33.086, 34.934, 36.296, 37.047, 37.891, 38.975, 39.951, 40.284, 39.963, 39.492, 39.31, 39.368, 39.435, 39.458, 39.473, 39.533, 39.924, 40.891, 42.211, 43.513, 44.559, 45.147, 45.52, 46.003, 46.644, 47.205, 47.45, 47.451, 47.449, 47.622, 47.55, 47.034, 46.465, 46.143, 45.916, 45.275, 44.137, 42.762, 41.445, 40.526, 40.123, 39.944, 39.709, 39.443, 39.316, 39.455, 39.751, 39.932, 39.938, 39.811, 39.623, 39.6, 39.823, 40.292, 40.859, 41.334, 41.737, 42.121, 42.188, 41.98, 41.651, 41.512, 41.72, 41.986, 41.907, 42.293, 43.218, 43.913, 44.093, 43.51, 42.843, 42.962, 43.962, 44.713, 44.642, 44.371, 44.517, 45.327, 46.41, 47.043, 46.819, 46.192, 45.706, 45.509, 45.498, 45.407, 45.007, 44.569, 44.469, 44.79, 45.376, 46.023, 46.584, 47.037, 47.435, 47.906, 48.461, 49.069, 49.705, 50.255, 50.444, 50.585, 50.853, 50.599, 49.305, 47.182, 45.341, 44.6, 44.628, 44.809, 44.789, 44.511, 44.084, 43.556, 43.139, 43.047, 43.389, 44.085, 44.833, 45.3, 45.269, 44.763, 44.083, 43.606, 43.504, 43.652, 43.721, 18.855], [17.436, 15.566, 14.012, 12.288, 9.955, 6.626, 3.154, 0.0, 3.11, 6.15, 9.091, 12.503, 16.249, 18.969, 20.216, 20.694, 21.257, 22.265, 23.457, 24.042, 24.185, 24.813, 26.25, 27.723, 28.627, 29.387, 30.414, 31.196, 31.382, 31.73, 32.985, 34.838, 36.213, 36.989, 37.887, 39.029, 40.038, 40.377, 40.054, 39.601, 39.46, 39.554, 39.635, 39.659, 39.673, 39.73, 40.115, 41.07, 42.382, 43.682, 44.725, 45.308, 45.67, 46.142, 46.776, 47.329, 47.563, 47.553, 47.549, 47.723, 47.659, 47.149, 46.582, 46.264, 46.047, 45.413, 44.277, 42.896, 41.575, 40.657, 40.258, 40.084, 39.859, 39.607, 39.492, 39.634, 39.926, 40.101, 40.107, 39.985, 39.804, 39.779, 39.982, 40.42, 40.965, 41.428, 41.823, 42.202, 42.273, 42.067, 41.737, 41.598, 41.812, 42.083, 42.0, 42.383, 43.303, 43.992, 44.173, 43.597, 42.948, 43.092, 44.103, 44.856, 44.785, 44.516, 44.669, 45.489, 46.578, 47.212, 46.985, 46.354, 45.866, 45.67, 45.659, 45.569, 45.173, 44.741, 44.641, 44.958, 45.54, 46.181, 46.735, 47.183, 47.581, 48.056, 48.613, 49.219, 49.852, 50.401, 50.591, 50.732, 50.999, 50.746, 49.456, 47.329, 45.477, 44.723, 44.743, 44.924, 44.912, 44.651, 44.239, 43.719, 43.304, 43.21, 43.551, 44.251, 45.006, 45.481, 45.453, 44.945, 44.255, 43.762, 43.65, 43.793, 43.86, 19.91], [18.504, 16.573, 14.911, 13.232, 11.234, 8.546, 5.817, 3.11, 0.0, 3.475, 7.178, 11.373, 15.601, 18.516, 19.818, 20.325, 20.941, 22.006, 23.227, 23.82, 23.97, 24.63, 26.142, 27.715, 28.703, 29.507, 30.546, 31.341, 31.554, 31.934, 33.21, 35.063, 36.433, 37.231, 38.179, 39.365, 40.391, 40.736, 40.417, 39.968, 39.839, 39.941, 40.028, 40.055, 40.066, 40.111, 40.477, 41.407, 42.69, 43.962, 44.983, 45.544, 45.887, 46.343, 46.964, 47.506, 47.727, 47.709, 47.701, 47.878, 47.828, 47.34, 46.785, 46.473, 46.262, 45.644, 44.532, 43.179, 41.888, 41.001, 40.622, 40.456, 40.238, 39.997, 39.893, 40.039, 40.324, 40.493, 40.498, 40.38, 40.206, 40.175, 40.344, 40.739, 41.261, 41.716, 42.095, 42.455, 42.516, 42.309, 41.988, 41.859, 42.075, 42.339, 42.254, 42.632, 43.528, 44.193, 44.368, 43.807, 43.19, 43.351, 44.362, 45.115, 45.051, 44.79, 44.954, 45.785, 46.876, 47.506, 47.278, 46.65, 46.166, 45.971, 45.96, 45.873, 45.492, 45.077, 44.98, 45.287, 45.851, 46.471, 47.003, 47.433, 47.818, 48.284, 48.832, 49.428, 50.051, 50.591, 50.774, 50.912, 51.179, 50.931, 49.656, 47.554, 45.72, 44.967, 44.986, 45.169, 45.166, 44.921, 44.528, 44.026, 43.623, 43.533, 43.87, 44.568, 45.325, 45.8, 45.774, 45.268, 44.584, 44.087, 43.961, 44.092, 44.153, 20.865], [19.763, 17.836, 16.127, 14.491, 12.703, 10.417, 8.259, 6.15, 3.475, 0.0, 4.307, 9.407, 14.31, 17.551, 18.961, 19.504, 20.182, 21.326, 22.6, 23.213, 23.366, 24.043, 25.614, 27.287, 28.383, 29.271, 30.362, 31.197, 31.447, 31.876, 33.206, 35.087, 36.466, 37.287, 38.287, 39.53, 40.59, 40.957, 40.651, 40.208, 40.084, 40.185, 40.269, 40.299, 40.312, 40.352, 40.705, 41.615, 42.871, 44.116, 45.112, 45.648, 45.968, 46.408, 47.018, 47.55, 47.76, 47.735, 47.728, 47.912, 47.876, 47.411, 46.877, 46.578, 46.376, 45.77, 44.682, 43.366, 42.12, 41.273, 40.91, 40.743, 40.52, 40.282, 40.187, 40.339, 40.621, 40.784, 40.788, 40.675, 40.512, 40.484, 40.63, 40.991, 41.501, 41.957, 42.326, 42.659, 42.693, 42.481, 42.172, 42.054, 42.277, 42.542, 42.461, 42.824, 43.678, 44.311, 44.477, 43.934, 43.341, 43.494, 44.493, 45.251, 45.196, 44.938, 45.104, 45.938, 47.029, 47.656, 47.431, 46.812, 46.333, 46.135, 46.118, 46.033, 45.673, 45.284, 45.2, 45.502, 46.05, 46.646, 47.156, 47.569, 47.943, 48.399, 48.94, 49.531, 50.149, 50.678, 50.85, 50.986, 51.258, 51.02, 49.767, 47.701, 45.893, 45.144, 45.163, 45.348, 45.346, 45.105, 44.722, 44.235, 43.844, 43.762, 44.104, 44.806, 45.563, 46.035, 46.01, 45.516, 44.85, 44.361, 44.228, 44.348, 44.404, 21.959], [21.294, 19.48, 17.861, 16.34, 14.683, 12.55, 10.656, 9.091, 7.178, 4.307, 0.0, 5.685, 11.277, 14.994, 16.662, 17.363, 18.201, 19.513, 20.918, 21.591, 21.756, 22.453, 24.098, 25.899, 27.142, 28.165, 29.366, 30.281, 30.587, 31.089, 32.529, 34.522, 35.967, 36.828, 37.899, 39.247, 40.408, 40.842, 40.572, 40.152, 40.047, 40.16, 40.245, 40.28, 40.306, 40.364, 40.722, 41.617, 42.846, 44.063, 45.035, 45.552, 45.855, 46.284, 46.888, 47.416, 47.619, 47.589, 47.586, 47.775, 47.752, 47.314, 46.809, 46.528, 46.333, 45.729, 44.653, 43.37, 42.171, 41.363, 41.011, 40.833, 40.597, 40.357, 40.268, 40.424, 40.704, 40.864, 40.866, 40.76, 40.616, 40.607, 40.752, 41.096, 41.598, 42.055, 42.419, 42.728, 42.73, 42.502, 42.193, 42.074, 42.301, 42.584, 42.518, 42.859, 43.665, 44.269, 44.429, 43.914, 43.342, 43.463, 44.431, 45.187, 45.14, 44.881, 45.036, 45.856, 46.935, 47.56, 47.344, 46.74, 46.271, 46.073, 46.049, 45.964, 45.623, 45.264, 45.197, 45.5, 46.038, 46.621, 47.12, 47.528, 47.9, 48.354, 48.894, 49.489, 50.113, 50.637, 50.793, 50.925, 51.206, 50.983, 49.755, 47.724, 45.937, 45.185, 45.196, 45.375, 45.36, 45.099, 44.706, 44.219, 43.829, 43.746, 44.095, 44.801, 45.553, 46.016, 45.997, 45.53, 44.901, 44.436, 44.307, 44.427, 44.485, 23.257], [23.314, 21.716, 20.27, 18.878, 17.318, 15.325, 13.63, 12.503, 11.373, 9.407, 5.685, 0.0, 6.04, 10.323, 12.519, 13.716, 14.996, 16.655, 18.3, 19.093, 19.302, 20.037, 21.776, 23.735, 25.182, 26.427, 27.819, 28.855, 29.235, 29.832, 31.441, 33.626, 35.191, 36.112, 37.275, 38.784, 40.119, 40.68, 40.487, 40.124, 40.069, 40.215, 40.319, 40.366, 40.419, 40.516, 40.883, 41.735, 42.898, 44.054, 44.979, 45.472, 45.765, 46.182, 46.772, 47.29, 47.49, 47.458, 47.454, 47.638, 47.631, 47.245, 46.793, 46.532, 46.335, 45.74, 44.699, 43.477, 42.349, 41.598, 41.273, 41.09, 40.847, 40.603, 40.512, 40.659, 40.929, 41.08, 41.077, 40.982, 40.863, 40.877, 41.022, 41.343, 41.814, 42.245, 42.591, 42.875, 42.858, 42.627, 42.315, 42.174, 42.369, 42.64, 42.585, 42.914, 43.687, 44.273, 44.426, 43.956, 43.427, 43.501, 44.405, 45.134, 45.089, 44.833, 44.976, 45.761, 46.803, 47.409, 47.203, 46.628, 46.185, 46.001, 45.981, 45.9, 45.579, 45.248, 45.195, 45.491, 46.012, 46.58, 47.072, 47.478, 47.848, 48.293, 48.823, 49.419, 50.048, 50.562, 50.696, 50.817, 51.103, 50.899, 49.714, 47.745, 46.001, 45.252, 45.251, 45.412, 45.363, 45.063, 44.65, 44.158, 43.754, 43.649, 43.976, 44.662, 45.388, 45.828, 45.815, 45.398, 44.845, 44.439, 44.336, 44.467, 44.532, 24.994], [25.765, 24.4, 23.124, 21.829, 20.353, 18.552, 17.089, 16.249, 15.601, 14.31, 11.277, 6.04, 0.0, 4.727, 7.727, 9.941, 12.081, 14.24, 16.131, 17.045, 17.314, 18.085, 19.875, 21.947, 23.598, 25.111, 26.733, 27.898, 28.345, 29.023, 30.777, 33.126, 34.785, 35.746, 36.984, 38.645, 40.156, 40.856, 40.767, 40.496, 40.522, 40.721, 40.852, 40.911, 40.987, 41.127, 41.496, 42.274, 43.338, 44.394, 45.236, 45.69, 45.974, 46.376, 46.939, 47.439, 47.633, 47.594, 47.576, 47.742, 47.756, 47.453, 47.075, 46.827, 46.621, 46.058, 45.101, 43.988, 42.964, 42.294, 42.015, 41.846, 41.603, 41.359, 41.258, 41.38, 41.622, 41.757, 41.751, 41.67, 41.576, 41.605, 41.738, 42.015, 42.43, 42.811, 43.117, 43.374, 43.366, 43.165, 42.874, 42.71, 42.823, 43.015, 42.948, 43.289, 44.05, 44.62, 44.761, 44.344, 43.867, 43.878, 44.684, 45.361, 45.315, 45.071, 45.203, 45.935, 46.905, 47.469, 47.273, 46.74, 46.342, 46.186, 46.178, 46.109, 45.817, 45.52, 45.478, 45.755, 46.237, 46.773, 47.245, 47.636, 47.986, 48.403, 48.903, 49.483, 50.102, 50.593, 50.689, 50.787, 51.069, 50.886, 49.773, 47.919, 46.273, 45.56, 45.554, 45.688, 45.601, 45.269, 44.851, 44.368, 43.954, 43.815, 44.089, 44.715, 45.387, 45.787, 45.771, 45.41, 44.96, 44.645, 44.585, 44.727, 44.795, 27.191], [27.65, 26.411, 25.232, 24.007, 22.606, 20.959, 19.665, 18.969, 18.516, 17.551, 14.994, 10.323, 4.727, 0.0, 3.676, 7.016, 10.119, 12.802, 14.9, 15.875, 16.156, 16.928, 18.742, 20.889, 22.688, 24.407, 26.2, 27.454, 27.942, 28.667, 30.497, 32.92, 34.61, 35.581, 36.871, 38.645, 40.282, 41.083, 41.072, 40.877, 40.972, 41.215, 41.368, 41.43, 41.511, 41.674, 42.052, 42.795, 43.802, 44.785, 45.556, 45.976, 46.252, 46.643, 47.187, 47.678, 47.874, 47.828, 47.793, 47.938, 47.973, 47.741, 47.422, 47.179, 46.959, 46.426, 45.55, 44.534, 43.598, 42.996, 42.758, 42.602, 42.362, 42.115, 42.0, 42.095, 42.31, 42.432, 42.426, 42.357, 42.28, 42.314, 42.435, 42.677, 43.051, 43.397, 43.675, 43.92, 43.94, 43.781, 43.52, 43.345, 43.39, 43.505, 43.419, 43.773, 44.525, 45.079, 45.21, 44.829, 44.378, 44.324, 45.043, 45.674, 45.631, 45.397, 45.512, 46.192, 47.092, 47.612, 47.422, 46.925, 46.564, 46.43, 46.432, 46.373, 46.106, 45.842, 45.815, 46.076, 46.521, 47.021, 47.469, 47.844, 48.174, 48.563, 49.036, 49.598, 50.201, 50.665, 50.721, 50.793, 51.07, 50.906, 49.858, 48.113, 46.575, 45.918, 45.92, 46.035, 45.924, 45.584, 45.178, 44.711, 44.294, 44.134, 44.366, 44.937, 45.558, 45.923, 45.9, 45.568, 45.179, 44.929, 44.902, 45.049, 45.121, 28.934], [28.402, 27.174, 26.039, 24.89, 23.577, 22.037, 20.843, 20.216, 19.818, 18.961, 16.662, 12.519, 7.727, 3.676, 0.0, 3.946, 7.804, 11.104, 13.567, 14.639, 14.856, 15.591, 17.511, 19.822, 21.762, 23.597, 25.473, 26.777, 27.293, 28.046, 29.909, 32.362, 34.065, 35.05, 36.399, 38.274, 40.0, 40.857, 40.877, 40.707, 40.828, 41.092, 41.254, 41.311, 41.385, 41.558, 41.968, 42.751, 43.788, 44.777, 45.535, 45.943, 46.214, 46.604, 47.152, 47.656, 47.866, 47.825, 47.784, 47.922, 47.969, 47.766, 47.465, 47.217, 46.984, 46.454, 45.603, 44.62, 43.715, 43.137, 42.912, 42.76, 42.517, 42.26, 42.13, 42.206, 42.407, 42.526, 42.523, 42.459, 42.388, 42.425, 42.539, 42.768, 43.133, 43.479, 43.76, 44.019, 44.067, 43.932, 43.683, 43.507, 43.539, 43.65, 43.569, 43.923, 44.666, 45.216, 45.35, 44.974, 44.508, 44.414, 45.094, 45.708, 45.667, 45.433, 45.533, 46.184, 47.051, 47.551, 47.363, 46.878, 46.529, 46.402, 46.405, 46.346, 46.085, 45.834, 45.819, 46.076, 46.504, 46.989, 47.428, 47.799, 48.127, 48.511, 48.978, 49.534, 50.13, 50.58, 50.616, 50.675, 50.954, 50.795, 49.764, 48.054, 46.567, 45.954, 45.971, 46.078, 45.963, 45.63, 45.234, 44.77, 44.351, 44.186, 44.41, 44.966, 45.571, 45.924, 45.892, 45.552, 45.153, 44.907, 44.895, 45.049, 45.13, 29.653], [28.435, 27.171, 26.076, 25.026, 23.821, 22.38, 21.265, 20.694, 20.325, 19.504, 17.363, 13.716, 9.941, 7.016, 3.946, 0.0, 4.32, 8.342, 11.419, 12.733, 12.872, 13.542, 15.677, 18.295, 20.423, 22.336, 24.256, 25.607, 26.156, 26.929, 28.816, 31.309, 33.053, 34.082, 35.508, 37.478, 39.273, 40.155, 40.173, 39.992, 40.114, 40.386, 40.549, 40.598, 40.664, 40.852, 41.321, 42.202, 43.334, 44.392, 45.196, 45.621, 45.894, 46.29, 46.858, 47.389, 47.624, 47.603, 47.57, 47.713, 47.757, 47.54, 47.219, 46.958, 46.715, 46.163, 45.282, 44.269, 43.337, 42.739, 42.505, 42.349, 42.099, 41.829, 41.684, 41.756, 41.958, 42.08, 42.079, 42.016, 41.946, 41.983, 42.092, 42.318, 42.695, 43.067, 43.379, 43.665, 43.729, 43.594, 43.335, 43.16, 43.226, 43.392, 43.337, 43.685, 44.428, 44.995, 45.142, 44.748, 44.244, 44.139, 44.828, 45.451, 45.412, 45.17, 45.259, 45.906, 46.775, 47.278, 47.085, 46.59, 46.23, 46.095, 46.094, 46.031, 45.761, 45.499, 45.481, 45.743, 46.177, 46.666, 47.112, 47.495, 47.838, 48.237, 48.716, 49.276, 49.873, 50.331, 50.373, 50.436, 50.718, 50.549, 49.485, 47.734, 46.231, 45.634, 45.662, 45.773, 45.663, 45.335, 44.935, 44.457, 44.029, 43.869, 44.109, 44.683, 45.3, 45.659, 45.62, 45.249, 44.796, 44.515, 44.501, 44.666, 44.761, 29.715], [28.48, 27.199, 26.167, 25.223, 24.132, 22.792, 21.76, 21.257, 20.941, 20.182, 18.201, 14.996, 12.081, 10.119, 7.804, 4.32, 0.0, 4.545, 8.276, 9.983, 10.189, 10.87, 13.302, 16.314, 18.7, 20.731, 22.718, 24.144, 24.757, 25.575, 27.517, 30.093, 31.927, 33.039, 34.553, 36.603, 38.442, 39.328, 39.328, 39.13, 39.252, 39.537, 39.703, 39.743, 39.805, 40.011, 40.542, 41.522, 42.75, 43.889, 44.758, 45.22, 45.504, 45.907, 46.489, 47.04, 47.296, 47.298, 47.276, 47.424, 47.453, 47.199, 46.844, 46.571, 46.325, 45.751, 44.824, 43.76, 42.782, 42.154, 41.91, 41.757, 41.51, 41.233, 41.085, 41.167, 41.382, 41.508, 41.508, 41.447, 41.384, 41.427, 41.535, 41.753, 42.139, 42.543, 42.889, 43.197, 43.261, 43.111, 42.836, 42.66, 42.762, 42.978, 42.931, 43.269, 44.031, 44.634, 44.796, 44.375, 43.842, 43.762, 44.485, 45.126, 45.087, 44.836, 44.92, 45.573, 46.458, 46.967, 46.761, 46.243, 45.861, 45.714, 45.71, 45.644, 45.36, 45.08, 45.053, 45.322, 45.771, 46.274, 46.732, 47.129, 47.491, 47.912, 48.408, 48.978, 49.58, 50.051, 50.11, 50.185, 50.473, 50.291, 49.182, 47.365, 45.815, 45.214, 45.251, 45.367, 45.262, 44.934, 44.517, 44.013, 43.57, 43.416, 43.681, 44.284, 44.921, 45.288, 45.245, 44.847, 44.346, 44.029, 44.008, 44.18, 44.283, 29.802], [28.983, 27.725, 26.765, 25.911, 24.913, 23.664, 22.707, 22.265, 22.006, 21.326, 19.513, 16.655, 14.24, 12.802, 11.104, 8.342, 4.545, 0.0, 4.12, 6.318, 6.978, 8.05, 10.883, 14.268, 16.966, 19.21, 21.333, 22.87, 23.585, 24.498, 26.54, 29.231, 31.182, 32.408, 34.012, 36.106, 37.949, 38.814, 38.792, 38.585, 38.72, 39.027, 39.201, 39.233, 39.285, 39.491, 40.048, 41.069, 42.336, 43.513, 44.424, 44.922, 45.224, 45.628, 46.206, 46.75, 47.005, 47.012, 46.993, 47.142, 47.158, 46.875, 46.501, 46.233, 46.003, 45.429, 44.484, 43.399, 42.406, 41.776, 41.546, 41.416, 41.189, 40.924, 40.787, 40.887, 41.117, 41.246, 41.247, 41.195, 41.151, 41.211, 41.314, 41.504, 41.871, 42.284, 42.646, 42.96, 43.016, 42.857, 42.578, 42.403, 42.513, 42.729, 42.657, 42.979, 43.772, 44.412, 44.58, 44.137, 43.609, 43.575, 44.324, 44.969, 44.926, 44.667, 44.75, 45.406, 46.289, 46.786, 46.558, 46.018, 45.622, 45.468, 45.462, 45.396, 45.109, 44.824, 44.798, 45.074, 45.532, 46.039, 46.496, 46.892, 47.261, 47.697, 48.211, 48.789, 49.387, 49.855, 49.924, 50.015, 50.316, 50.135, 49.009, 47.162, 45.588, 44.984, 45.028, 45.149, 45.046, 44.715, 44.283, 43.754, 43.293, 43.141, 43.422, 44.042, 44.689, 45.057, 45.012, 44.605, 44.089, 43.765, 43.742, 43.915, 44.019, 30.322], [29.772, 28.559, 27.657, 26.867, 25.94, 24.766, 23.864, 23.457, 23.227, 22.6, 20.918, 18.3, 16.131, 14.9, 13.567, 11.419, 8.276, 4.12, 0.0, 2.687, 4.378, 6.438, 9.661, 13.169, 16.037, 18.449, 20.685, 22.313, 23.125, 24.131, 26.248, 29.008, 31.041, 32.361, 34.023, 36.12, 37.931, 38.76, 38.714, 38.504, 38.658, 38.989, 39.173, 39.2, 39.237, 39.431, 39.983, 40.995, 42.249, 43.418, 44.339, 44.858, 45.176, 45.585, 46.149, 46.674, 46.914, 46.916, 46.895, 47.042, 47.053, 46.762, 46.389, 46.137, 45.931, 45.375, 44.442, 43.373, 42.4, 41.796, 41.592, 41.489, 41.288, 41.042, 40.918, 41.03, 41.266, 41.395, 41.395, 41.35, 41.322, 41.397, 41.495, 41.644, 41.974, 42.372, 42.733, 43.044, 43.099, 42.944, 42.673, 42.502, 42.606, 42.802, 42.699, 43.008, 43.82, 44.483, 44.654, 44.205, 43.701, 43.696, 44.438, 45.069, 45.019, 44.755, 44.834, 45.476, 46.333, 46.799, 46.548, 45.995, 45.596, 45.441, 45.434, 45.368, 45.087, 44.814, 44.798, 45.08, 45.534, 46.03, 46.473, 46.858, 47.224, 47.667, 48.193, 48.772, 49.356, 49.808, 49.875, 49.981, 50.3, 50.133, 49.019, 47.188, 45.628, 45.031, 45.08, 45.201, 45.098, 44.769, 44.334, 43.794, 43.327, 43.177, 43.462, 44.083, 44.727, 45.092, 45.047, 44.649, 44.148, 43.839, 43.823, 43.996, 44.095, 31.087], [30.152, 28.962, 28.088, 27.333, 26.446, 25.313, 24.437, 24.042, 23.82, 23.213, 21.591, 19.093, 17.045, 15.875, 14.639, 12.733, 9.983, 6.318, 2.687, 0.0, 2.538, 5.56, 9.272, 12.888, 15.743, 18.118, 20.336, 21.99, 22.856, 23.905, 26.043, 28.82, 30.879, 32.233, 33.926, 36.038, 37.847, 38.667, 38.61, 38.397, 38.562, 38.91, 39.104, 39.131, 39.164, 39.361, 39.924, 40.946, 42.204, 43.379, 44.307, 44.835, 45.167, 45.592, 46.166, 46.693, 46.932, 46.931, 46.909, 47.059, 47.075, 46.785, 46.406, 46.159, 45.964, 45.415, 44.479, 43.403, 42.425, 41.818, 41.615, 41.515, 41.32, 41.079, 40.958, 41.071, 41.307, 41.435, 41.433, 41.385, 41.351, 41.423, 41.516, 41.656, 41.975, 42.372, 42.739, 43.056, 43.117, 42.968, 42.699, 42.526, 42.632, 42.833, 42.734, 43.051, 43.881, 44.558, 44.729, 44.277, 43.777, 43.77, 44.497, 45.114, 45.055, 44.783, 44.855, 45.488, 46.335, 46.793, 46.532, 45.974, 45.571, 45.413, 45.403, 45.335, 45.054, 44.784, 44.774, 45.058, 45.509, 46.001, 46.44, 46.822, 47.189, 47.64, 48.177, 48.76, 49.339, 49.781, 49.845, 49.96, 50.294, 50.138, 49.027, 47.199, 45.641, 45.044, 45.092, 45.212, 45.11, 44.785, 44.353, 43.813, 43.347, 43.203, 43.498, 44.128, 44.777, 45.143, 45.103, 44.718, 44.239, 43.949, 43.945, 44.12, 44.217, 31.442], [30.249, 29.047, 28.166, 27.418, 26.545, 25.426, 24.566, 24.185, 23.97, 23.366, 21.756, 19.302, 17.314, 16.156, 14.856, 12.872, 10.189, 6.978, 4.378, 2.538, 0.0, 3.603, 8.032, 12.129, 15.16, 17.52, 19.675, 21.306, 22.194, 23.287, 25.485, 28.322, 30.41, 31.775, 33.508, 35.687, 37.559, 38.419, 38.38, 38.17, 38.342, 38.704, 38.908, 38.94, 38.981, 39.198, 39.789, 40.838, 42.121, 43.316, 44.254, 44.78, 45.116, 45.557, 46.157, 46.704, 46.955, 46.959, 46.939, 47.096, 47.126, 46.844, 46.457, 46.201, 46.005, 45.452, 44.502, 43.403, 42.398, 41.767, 41.546, 41.433, 41.231, 40.984, 40.857, 40.965, 41.199, 41.328, 41.326, 41.271, 41.224, 41.282, 41.375, 41.532, 41.87, 42.279, 42.655, 42.977, 43.038, 42.892, 42.618, 42.44, 42.554, 42.778, 42.706, 43.047, 43.889, 44.568, 44.735, 44.277, 43.764, 43.732, 44.443, 45.052, 44.986, 44.709, 44.778, 45.413, 46.27, 46.741, 46.491, 45.934, 45.53, 45.369, 45.354, 45.281, 44.996, 44.723, 44.712, 44.994, 45.444, 45.938, 46.384, 46.772, 47.143, 47.6, 48.144, 48.733, 49.313, 49.752, 49.813, 49.934, 50.278, 50.126, 49.01, 47.168, 45.601, 44.999, 45.046, 45.167, 45.068, 44.747, 44.316, 43.778, 43.313, 43.177, 43.487, 44.134, 44.791, 45.159, 45.122, 44.749, 44.291, 44.018, 44.021, 44.196, 44.29, 31.529], [30.79, 29.574, 28.679, 27.929, 27.06, 25.961, 25.145, 24.813, 24.63, 24.043, 22.453, 20.037, 18.085, 16.928, 15.591, 13.542, 10.87, 8.05, 6.438, 5.56, 3.603, 0.0, 4.952, 9.813, 13.52, 16.279, 18.581, 20.252, 21.202, 22.438, 24.839, 27.855, 30.046, 31.474, 33.281, 35.549, 37.498, 38.411, 38.409, 38.222, 38.403, 38.775, 38.988, 39.024, 39.071, 39.301, 39.9, 40.942, 42.211, 43.388, 44.31, 44.825, 45.154, 45.592, 46.189, 46.737, 46.992, 47.002, 46.984, 47.148, 47.198, 46.943, 46.57, 46.311, 46.11, 45.562, 44.626, 43.544, 42.555, 41.934, 41.717, 41.605, 41.403, 41.155, 41.023, 41.124, 41.354, 41.482, 41.477, 41.415, 41.357, 41.408, 41.506, 41.673, 42.015, 42.417, 42.775, 43.072, 43.117, 42.972, 42.709, 42.537, 42.647, 42.875, 42.825, 43.182, 44.02, 44.686, 44.838, 44.381, 43.867, 43.805, 44.486, 45.082, 45.017, 44.743, 44.81, 45.436, 46.281, 46.752, 46.512, 45.971, 45.578, 45.42, 45.402, 45.329, 45.053, 44.794, 44.786, 45.059, 45.499, 45.988, 46.434, 46.821, 47.187, 47.637, 48.178, 48.767, 49.343, 49.772, 49.826, 49.95, 50.304, 50.162, 49.059, 47.236, 45.691, 45.1, 45.149, 45.274, 45.178, 44.855, 44.422, 43.88, 43.411, 43.273, 43.584, 44.231, 44.881, 45.238, 45.199, 44.846, 44.42, 44.172, 44.178, 44.344, 44.433, 32.056], [31.901, 30.715, 29.868, 29.155, 28.297, 27.229, 26.489, 26.25, 26.142, 25.614, 24.098, 21.776, 19.875, 18.742, 17.511, 15.677, 13.302, 10.883, 9.661, 9.272, 8.032, 4.952, 0.0, 5.601, 10.44, 14.169, 17.077, 19.057, 20.214, 21.689, 24.365, 27.606, 29.952, 31.505, 33.395, 35.709, 37.678, 38.606, 38.638, 38.487, 38.68, 39.053, 39.269, 39.306, 39.351, 39.575, 40.149, 41.14, 42.353, 43.48, 44.371, 44.884, 45.213, 45.632, 46.194, 46.714, 46.955, 46.952, 46.932, 47.103, 47.172, 46.953, 46.62, 46.376, 46.171, 45.635, 44.737, 43.714, 42.786, 42.215, 42.032, 41.938, 41.748, 41.509, 41.383, 41.483, 41.706, 41.825, 41.81, 41.735, 41.66, 41.71, 41.815, 41.969, 42.283, 42.648, 42.96, 43.213, 43.232, 43.09, 42.855, 42.703, 42.806, 43.01, 42.954, 43.318, 44.156, 44.813, 44.945, 44.484, 43.977, 43.89, 44.536, 45.122, 45.066, 44.795, 44.847, 45.438, 46.237, 46.673, 46.427, 45.901, 45.527, 45.378, 45.363, 45.298, 45.046, 44.812, 44.808, 45.067, 45.488, 45.964, 46.405, 46.789, 47.15, 47.593, 48.129, 48.714, 49.285, 49.705, 49.753, 49.877, 50.237, 50.11, 49.039, 47.261, 45.76, 45.19, 45.243, 45.369, 45.269, 44.936, 44.491, 43.938, 43.46, 43.31, 43.605, 44.234, 44.862, 45.197, 45.151, 44.818, 44.433, 44.218, 44.238, 44.397, 44.477, 33.141], [32.835, 31.735, 31.04, 30.444, 29.614, 28.558, 27.873, 27.723, 27.715, 27.287, 25.899, 23.735, 21.947, 20.889, 19.822, 18.295, 16.314, 14.268, 13.169, 12.888, 12.129, 9.813, 5.601, 0.0, 5.761, 10.729, 14.792, 17.597, 19.198, 20.868, 23.664, 27.019, 29.481, 31.15, 33.099, 35.404, 37.343, 38.248, 38.297, 38.185, 38.394, 38.767, 38.987, 39.029, 39.076, 39.301, 39.861, 40.822, 42.019, 43.15, 44.058, 44.601, 44.956, 45.377, 45.926, 46.433, 46.662, 46.642, 46.618, 46.796, 46.871, 46.661, 46.352, 46.126, 45.917, 45.367, 44.463, 43.448, 42.533, 41.978, 41.806, 41.717, 41.534, 41.307, 41.196, 41.304, 41.521, 41.625, 41.589, 41.484, 41.375, 41.418, 41.537, 41.686, 41.974, 42.315, 42.605, 42.842, 42.85, 42.702, 42.476, 42.34, 42.457, 42.664, 42.597, 42.968, 43.838, 44.511, 44.631, 44.145, 43.618, 43.516, 44.159, 44.757, 44.712, 44.427, 44.444, 44.991, 45.75, 46.153, 45.883, 45.349, 44.98, 44.838, 44.829, 44.774, 44.533, 44.305, 44.293, 44.536, 44.938, 45.406, 45.853, 46.256, 46.64, 47.101, 47.649, 48.242, 48.823, 49.26, 49.318, 49.446, 49.812, 49.694, 48.624, 46.847, 45.348, 44.78, 44.831, 44.951, 44.837, 44.484, 44.022, 43.458, 42.977, 42.825, 43.117, 43.746, 44.373, 44.696, 44.636, 44.301, 43.936, 43.756, 43.807, 43.981, 44.053, 34.068], [33.247, 32.23, 31.741, 31.317, 30.532, 29.445, 28.74, 28.627, 28.703, 28.383, 27.142, 25.182, 23.598, 22.688, 21.762, 20.423, 18.7, 16.966, 16.037, 15.743, 15.16, 13.52, 10.44, 5.761, 0.0, 5.861, 11.314, 15.408, 17.758, 19.568, 22.204, 25.463, 27.97, 29.734, 31.75, 34.067, 35.991, 36.87, 36.91, 36.816, 37.05, 37.445, 37.681, 37.734, 37.799, 38.057, 38.667, 39.698, 40.996, 42.248, 43.265, 43.878, 44.282, 44.747, 45.343, 45.884, 46.128, 46.108, 46.095, 46.296, 46.367, 46.111, 45.757, 45.515, 45.294, 44.69, 43.686, 42.55, 41.528, 40.901, 40.682, 40.563, 40.36, 40.124, 40.015, 40.131, 40.351, 40.447, 40.389, 40.245, 40.088, 40.109, 40.248, 40.431, 40.748, 41.131, 41.473, 41.753, 41.769, 41.598, 41.335, 41.188, 41.362, 41.66, 41.623, 42.02, 42.968, 43.697, 43.814, 43.267, 42.667, 42.56, 43.261, 43.902, 43.855, 43.534, 43.511, 44.049, 44.832, 45.253, 44.96, 44.383, 43.983, 43.832, 43.827, 43.773, 43.514, 43.249, 43.211, 43.443, 43.846, 44.327, 44.804, 45.253, 45.691, 46.206, 46.799, 47.426, 48.043, 48.53, 48.619, 48.752, 49.122, 48.995, 47.864, 45.975, 44.376, 43.768, 43.811, 43.922, 43.795, 43.42, 42.937, 42.36, 41.882, 41.75, 42.082, 42.769, 43.448, 43.788, 43.706, 43.334, 42.943, 42.778, 42.869, 43.08, 43.159, 34.535], [33.751, 32.758, 32.433, 32.165, 31.427, 30.291, 29.516, 29.387, 29.507, 29.271, 28.165, 26.427, 25.111, 24.407, 23.597, 22.336, 20.731, 19.21, 18.449, 18.118, 17.52, 16.279, 14.169, 10.729, 5.861, 0.0, 6.384, 11.849, 15.299, 17.464, 19.847, 22.876, 25.435, 27.374, 29.578, 32.03, 34.031, 34.92, 34.941, 34.851, 35.141, 35.603, 35.871, 35.935, 36.025, 36.336, 37.035, 38.204, 39.687, 41.149, 42.336, 43.035, 43.486, 44.01, 44.678, 45.272, 45.535, 45.528, 45.546, 45.792, 45.861, 45.522, 45.068, 44.788, 44.571, 43.912, 42.763, 41.436, 40.242, 39.502, 39.221, 39.06, 38.818, 38.541, 38.407, 38.523, 38.76, 38.866, 38.8, 38.63, 38.443, 38.462, 38.638, 38.886, 39.291, 39.781, 40.23, 40.588, 40.623, 40.424, 40.093, 39.898, 40.136, 40.584, 40.636, 41.093, 42.166, 42.988, 43.11, 42.476, 41.764, 41.656, 42.433, 43.111, 43.044, 42.679, 42.631, 43.199, 44.063, 44.538, 44.218, 43.572, 43.116, 42.94, 42.934, 42.873, 42.575, 42.258, 42.191, 42.432, 42.864, 43.382, 43.902, 44.404, 44.904, 45.492, 46.156, 46.83, 47.486, 48.031, 48.164, 48.303, 48.681, 48.548, 47.339, 45.293, 43.54, 42.864, 42.892, 43.0, 42.873, 42.493, 41.997, 41.408, 40.939, 40.847, 41.254, 42.038, 42.806, 43.192, 43.095, 42.655, 42.181, 41.982, 42.093, 42.35, 42.45, 35.122], [34.734, 33.725, 33.452, 33.252, 32.543, 31.39, 30.571, 30.414, 30.546, 30.362, 29.366, 27.819, 26.733, 26.2, 25.473, 24.256, 22.718, 21.333, 20.685, 20.336, 19.675, 18.581, 17.077, 14.792, 11.314, 6.384, 0.0, 6.457, 11.264, 14.318, 16.851, 19.787, 22.462, 24.697, 27.271, 30.045, 32.269, 33.257, 33.301, 33.262, 33.673, 34.243, 34.556, 34.635, 34.758, 35.123, 35.888, 37.153, 38.774, 40.405, 41.729, 42.478, 42.939, 43.491, 44.203, 44.816, 45.074, 45.076, 45.134, 45.425, 45.497, 45.096, 44.579, 44.294, 44.116, 43.449, 42.214, 40.766, 39.472, 38.679, 38.382, 38.206, 37.937, 37.621, 37.451, 37.559, 37.818, 37.948, 37.893, 37.726, 37.555, 37.618, 37.847, 38.152, 38.64, 39.227, 39.766, 40.183, 40.235, 40.011, 39.617, 39.351, 39.589, 40.137, 40.275, 40.788, 41.953, 42.844, 42.972, 42.276, 41.483, 41.379, 42.196, 42.879, 42.785, 42.398, 42.353, 42.967, 43.904, 44.414, 44.07, 43.372, 42.873, 42.676, 42.661, 42.591, 42.269, 41.922, 41.847, 42.11, 42.579, 43.129, 43.678, 44.208, 44.744, 45.387, 46.106, 46.804, 47.461, 48.022, 48.191, 48.358, 48.765, 48.653, 47.428, 45.332, 43.536, 42.847, 42.871, 42.981, 42.872, 42.528, 42.064, 41.497, 41.058, 41.01, 41.478, 42.33, 43.16, 43.585, 43.483, 42.985, 42.42, 42.154, 42.251, 42.533, 42.658, 36.118], [35.496, 34.494, 34.198, 33.98, 33.278, 32.145, 31.343, 31.196, 31.341, 31.197, 30.281, 28.855, 27.898, 27.454, 26.777, 25.607, 24.144, 22.87, 22.313, 21.99, 21.306, 20.252, 19.057, 17.597, 15.408, 11.849, 6.457, 0.0, 5.832, 10.202, 13.688, 17.067, 19.911, 22.332, 25.224, 28.366, 30.904, 32.084, 32.229, 32.304, 32.873, 33.566, 33.938, 34.045, 34.202, 34.604, 35.381, 36.644, 38.281, 39.959, 41.336, 42.096, 42.535, 43.074, 43.787, 44.389, 44.633, 44.649, 44.746, 45.058, 45.119, 44.711, 44.216, 43.985, 43.867, 43.237, 42.015, 40.582, 39.33, 38.592, 38.338, 38.184, 37.919, 37.59, 37.396, 37.492, 37.761, 37.913, 37.877, 37.737, 37.62, 37.759, 38.049, 38.392, 38.92, 39.544, 40.107, 40.54, 40.592, 40.344, 39.911, 39.585, 39.758, 40.293, 40.445, 40.946, 42.093, 42.982, 43.114, 42.419, 41.626, 41.533, 42.366, 43.049, 42.944, 42.56, 42.542, 43.2, 44.173, 44.691, 44.336, 43.629, 43.12, 42.911, 42.887, 42.81, 42.479, 42.121, 42.041, 42.317, 42.806, 43.367, 43.919, 44.451, 44.991, 45.647, 46.376, 47.07, 47.704, 48.243, 48.422, 48.622, 49.064, 48.977, 47.781, 45.741, 44.028, 43.408, 43.455, 43.567, 43.473, 43.176, 42.781, 42.275, 41.874, 41.847, 42.332, 43.193, 44.023, 44.446, 44.334, 43.819, 43.225, 42.918, 42.987, 43.265, 43.404, 36.801], [35.547, 34.622, 34.331, 34.089, 33.381, 32.27, 31.501, 31.382, 31.554, 31.447, 30.587, 29.235, 28.345, 27.942, 27.293, 26.156, 24.757, 23.585, 23.125, 22.856, 22.194, 21.202, 20.214, 19.198, 17.758, 15.299, 11.264, 5.832, 0.0, 5.365, 10.281, 14.774, 18.001, 20.337, 23.161, 26.459, 29.269, 30.674, 30.963, 31.163, 31.875, 32.696, 33.155, 33.309, 33.496, 33.916, 34.684, 35.91, 37.511, 39.188, 40.6, 41.388, 41.82, 42.346, 43.063, 43.682, 43.952, 44.008, 44.142, 44.451, 44.483, 44.082, 43.658, 43.514, 43.46, 42.864, 41.672, 40.293, 39.121, 38.455, 38.241, 38.112, 37.863, 37.535, 37.33, 37.421, 37.7, 37.865, 37.848, 37.742, 37.693, 37.918, 38.281, 38.668, 39.222, 39.851, 40.402, 40.826, 40.867, 40.599, 40.15, 39.801, 39.926, 40.411, 40.518, 40.964, 42.052, 42.912, 43.049, 42.395, 41.65, 41.586, 42.438, 43.125, 43.013, 42.636, 42.64, 43.329, 44.329, 44.859, 44.508, 43.806, 43.297, 43.084, 43.057, 42.974, 42.627, 42.24, 42.137, 42.408, 42.907, 43.477, 44.034, 44.569, 45.112, 45.771, 46.506, 47.204, 47.829, 48.348, 48.531, 48.766, 49.234, 49.147, 47.944, 45.912, 44.236, 43.658, 43.724, 43.832, 43.731, 43.448, 43.097, 42.645, 42.277, 42.265, 42.753, 43.61, 44.429, 44.842, 44.731, 44.234, 43.661, 43.352, 43.405, 43.674, 43.816, 36.735], [35.539, 34.769, 34.598, 34.403, 33.702, 32.591, 31.831, 31.73, 31.934, 31.876, 31.089, 29.832, 29.023, 28.667, 28.046, 26.929, 25.575, 24.498, 24.131, 23.905, 23.287, 22.438, 21.689, 20.868, 19.568, 17.464, 14.318, 10.202, 5.365, 0.0, 5.908, 11.695, 15.726, 18.147, 20.738, 23.985, 26.977, 28.589, 29.019, 29.339, 30.204, 31.187, 31.764, 31.981, 32.2, 32.644, 33.428, 34.66, 36.281, 38.026, 39.537, 40.399, 40.86, 41.403, 42.161, 42.839, 43.171, 43.286, 43.455, 43.758, 43.753, 43.335, 42.96, 42.904, 42.911, 42.314, 41.092, 39.695, 38.521, 37.846, 37.613, 37.479, 37.227, 36.888, 36.675, 36.778, 37.075, 37.255, 37.253, 37.179, 37.193, 37.499, 37.944, 38.388, 38.972, 39.614, 40.167, 40.599, 40.648, 40.376, 39.919, 39.576, 39.709, 40.178, 40.242, 40.655, 41.749, 42.622, 42.77, 42.129, 41.374, 41.318, 42.183, 42.864, 42.735, 42.35, 42.357, 43.06, 44.094, 44.655, 44.308, 43.59, 43.066, 42.846, 42.821, 42.735, 42.361, 41.93, 41.792, 42.058, 42.574, 43.174, 43.764, 44.325, 44.89, 45.574, 46.336, 47.055, 47.687, 48.214, 48.421, 48.69, 49.171, 49.064, 47.806, 45.687, 43.932, 43.325, 43.387, 43.49, 43.379, 43.09, 42.748, 42.318, 41.977, 41.99, 42.499, 43.375, 44.208, 44.633, 44.532, 44.046, 43.485, 43.179, 43.229, 43.498, 43.643, 36.642], [36.226, 35.603, 35.63, 35.578, 34.943, 33.85, 33.086, 32.985, 33.21, 33.206, 32.529, 31.441, 30.777, 30.497, 29.909, 28.816, 27.517, 26.54, 26.248, 26.043, 25.485, 24.839, 24.365, 23.664, 22.204, 19.847, 16.851, 13.688, 10.281, 5.908, 0.0, 6.682, 11.86, 15.056, 17.886, 21.186, 24.317, 26.081, 26.639, 27.119, 28.208, 29.387, 30.083, 30.36, 30.622, 31.123, 31.985, 33.318, 35.074, 36.987, 38.649, 39.602, 40.113, 40.702, 41.519, 42.257, 42.643, 42.804, 43.003, 43.319, 43.284, 42.804, 42.406, 42.386, 42.432, 41.812, 40.514, 39.033, 37.785, 37.043, 36.753, 36.586, 36.303, 35.925, 35.684, 35.784, 36.095, 36.291, 36.306, 36.259, 36.314, 36.676, 37.195, 37.704, 38.336, 39.02, 39.608, 40.08, 40.171, 39.914, 39.447, 39.109, 39.275, 39.771, 39.837, 40.279, 41.461, 42.401, 42.571, 41.895, 41.027, 40.913, 41.768, 42.441, 42.293, 41.886, 41.871, 42.575, 43.649, 44.252, 43.907, 43.16, 42.604, 42.37, 42.346, 42.256, 41.857, 41.383, 41.212, 41.48, 42.031, 42.684, 43.329, 43.934, 44.531, 45.243, 46.03, 46.765, 47.415, 47.979, 48.216, 48.484, 48.952, 48.822, 47.502, 45.272, 43.402, 42.741, 42.791, 42.895, 42.79, 42.502, 42.157, 41.726, 41.402, 41.444, 41.982, 42.886, 43.753, 44.204, 44.105, 43.594, 42.995, 42.662, 42.703, 42.979, 43.131, 37.313], [37.445, 36.878, 37.048, 37.162, 36.661, 35.661, 34.934, 34.838, 35.063, 35.087, 34.522, 33.626, 33.126, 32.92, 32.362, 31.309, 30.093, 29.231, 29.008, 28.82, 28.322, 27.855, 27.606, 27.019, 25.463, 22.876, 19.787, 17.067, 14.774, 11.695, 6.682, 0.0, 6.212, 10.951, 14.92, 18.713, 22.016, 23.868, 24.558, 25.321, 26.757, 28.145, 28.924, 29.24, 29.561, 30.172, 31.193, 32.72, 34.679, 36.757, 38.521, 39.528, 40.083, 40.72, 41.579, 42.347, 42.757, 42.94, 43.157, 43.49, 43.439, 42.884, 42.406, 42.349, 42.384, 41.73, 40.368, 38.81, 37.486, 36.68, 36.346, 36.145, 35.826, 35.407, 35.134, 35.211, 35.514, 35.724, 35.761, 35.731, 35.792, 36.144, 36.685, 37.261, 37.96, 38.701, 39.333, 39.851, 39.995, 39.767, 39.291, 38.944, 39.119, 39.641, 39.743, 40.25, 41.531, 42.541, 42.733, 42.004, 40.997, 40.803, 41.636, 42.301, 42.144, 41.717, 41.682, 42.387, 43.492, 44.132, 43.798, 43.037, 42.461, 42.216, 42.187, 42.093, 41.678, 41.179, 40.988, 41.26, 41.84, 42.539, 43.233, 43.876, 44.487, 45.196, 45.97, 46.697, 47.369, 47.979, 48.225, 48.448, 48.87, 48.711, 47.351, 45.06, 43.143, 42.479, 42.527, 42.631, 42.543, 42.28, 41.949, 41.52, 41.207, 41.271, 41.822, 42.727, 43.604, 44.068, 43.965, 43.42, 42.761, 42.373, 42.386, 42.659, 42.817, 38.518], [38.392, 37.827, 38.03, 38.236, 37.857, 36.965, 36.296, 36.213, 36.433, 36.466, 35.967, 35.191, 34.785, 34.61, 34.065, 33.053, 31.927, 31.182, 31.041, 30.879, 30.41, 30.046, 29.952, 29.481, 27.97, 25.435, 22.462, 19.911, 18.001,