[[0.0, 2.407, 5.928, 9.531, 12.703, 16.209, 20.388, 23.671, 25.028, 25.426, 25.752, 26.198, 27.314, 29.174, 31.037, 32.171, 32.415, 32.659, 33.426, 34.379, 35.002, 35.358, 35.952, 36.85, 37.598, 38.034, 38.414, 38.79, 39.221, 39.761, 40.323, 40.718, 40.782, 40.884, 41.9, 42.793, 42.892, 42.81, 43.529, 45.005, 46.095, 46.388, 46.055, 45.578, 45.279, 45.205, 45.358, 45.339, 44.637, 43.841, 43.788, 44.472, 44.911, 44.605, 43.994, 43.337, 42.753, 42.191, 41.611, 41.078, 40.837, 40.841, 40.675, 40.183, 39.847, 39.907, 39.567, 38.304, 37.541, 38.075, 38.553, 37.979, 36.955, 37.026, 38.004, 38.379, 37.935, 37.2, 36.386, 35.883, 35.892, 36.322, 36.854, 37.266, 37.5, 37.638, 37.319, 36.766, 36.515, 36.504, 36.758, 37.061, 37.097, 37.035, 36.986, 36.882, 36.76, 36.688, 36.682, 36.621, 36.381, 36.362, 36.632, 36.775, 36.733, 36.979, 37.422, 37.475, 37.224, 37.091, 36.96, 36.694, 36.474, 36.444, 36.421, 36.12, 35.785, 35.968, 36.507, 36.792, 36.907, 36.961, 37.105, 37.388, 37.507, 37.195, 36.878, 37.252, 38.278, 39.029, 38.983, 38.603, 38.094, 37.638, 37.628, 37.803, 37.797, 37.891, 38.455, 39.544, 40.407, 40.74, 40.929, 41.125, 41.405, 41.771, 41.979, 41.855, 41.409, 40.597, 39.291, 38.194, 37.923, 38.54, 39.448, 40.162, 40.332, 2.168], [2.407, 0.0, 3.873, 7.937, 11.562, 15.416, 19.817, 23.211, 24.618, 25.017, 25.312, 25.733, 26.868, 28.776, 30.681, 31.848, 32.127, 32.404, 33.2, 34.177, 34.822, 35.204, 35.82, 36.732, 37.486, 37.925, 38.308, 38.687, 39.125, 39.679, 40.256, 40.661, 40.728, 40.833, 41.854, 42.757, 42.864, 42.784, 43.499, 44.974, 46.067, 46.362, 46.026, 45.544, 45.241, 45.163, 45.309, 45.287, 44.587, 43.787, 43.732, 44.419, 44.864, 44.563, 43.954, 43.298, 42.711, 42.145, 41.56, 41.026, 40.788, 40.79, 40.621, 40.134, 39.81, 39.875, 39.521, 38.235, 37.448, 37.972, 38.451, 37.885, 36.886, 36.989, 37.978, 38.353, 37.91, 37.173, 36.354, 35.847, 35.863, 36.304, 36.843, 37.259, 37.506, 37.664, 37.352, 36.786, 36.516, 36.503, 36.766, 37.075, 37.11, 37.044, 36.99, 36.884, 36.763, 36.696, 36.694, 36.632, 36.381, 36.35, 36.616, 36.758, 36.706, 36.932, 37.36, 37.408, 37.158, 37.03, 36.906, 36.643, 36.426, 36.394, 36.367, 36.069, 35.748, 35.955, 36.514, 36.804, 36.908, 36.951, 37.088, 37.368, 37.483, 37.167, 36.848, 37.224, 38.249, 39.0, 38.953, 38.574, 38.06, 37.593, 37.572, 37.744, 37.738, 37.832, 38.403, 39.504, 40.38, 40.722, 40.915, 41.117, 41.401, 41.769, 41.979, 41.855, 41.411, 40.601, 39.291, 38.188, 37.91, 38.521, 39.427, 40.142, 40.312, 3.688], [5.928, 3.873, 0.0, 4.557, 9.028, 13.727, 18.687, 22.324, 23.816, 24.218, 24.473, 24.87, 26.059, 28.057, 30.025, 31.248, 31.605, 31.97, 32.841, 33.873, 34.562, 35.001, 35.68, 36.642, 37.418, 37.851, 38.223, 38.599, 39.038, 39.591, 40.175, 40.596, 40.674, 40.775, 41.783, 42.687, 42.808, 42.735, 43.447, 44.919, 46.012, 46.307, 45.971, 45.49, 45.187, 45.101, 45.233, 45.206, 44.514, 43.718, 43.653, 44.327, 44.771, 44.475, 43.875, 43.226, 42.65, 42.096, 41.522, 41.006, 40.785, 40.79, 40.622, 40.154, 39.865, 39.939, 39.568, 38.26, 37.452, 37.95, 38.418, 37.883, 36.957, 37.119, 38.11, 38.475, 38.043, 37.329, 36.528, 36.038, 36.068, 36.51, 37.035, 37.443, 37.712, 37.909, 37.618, 37.037, 36.732, 36.701, 36.969, 37.29, 37.336, 37.274, 37.223, 37.124, 37.013, 36.955, 36.96, 36.895, 36.627, 36.575, 36.832, 36.974, 36.91, 37.106, 37.51, 37.55, 37.3, 37.172, 37.053, 36.796, 36.577, 36.536, 36.502, 36.212, 35.918, 36.155, 36.734, 37.017, 37.097, 37.13, 37.263, 37.535, 37.646, 37.338, 37.03, 37.402, 38.41, 39.144, 39.098, 38.729, 38.217, 37.734, 37.686, 37.837, 37.824, 37.917, 38.5, 39.619, 40.503, 40.844, 41.035, 41.237, 41.523, 41.892, 42.102, 41.981, 41.541, 40.736, 39.435, 38.336, 38.046, 38.643, 39.546, 40.263, 40.431, 6.523], [9.531, 7.937, 4.557, 0.0, 5.177, 10.957, 16.799, 20.872, 22.513, 22.944, 23.208, 23.653, 24.954, 27.074, 29.13, 30.425, 30.863, 31.323, 32.284, 33.379, 34.107, 34.597, 35.359, 36.402, 37.22, 37.647, 38.003, 38.379, 38.827, 39.385, 39.984, 40.433, 40.527, 40.621, 41.621, 42.527, 42.66, 42.607, 43.341, 44.832, 45.929, 46.219, 45.882, 45.406, 45.11, 45.023, 45.146, 45.113, 44.426, 43.631, 43.553, 44.213, 44.652, 44.356, 43.759, 43.119, 42.564, 42.039, 41.495, 41.01, 40.812, 40.82, 40.652, 40.201, 39.935, 40.016, 39.638, 38.338, 37.538, 38.021, 38.481, 37.971, 37.09, 37.275, 38.255, 38.604, 38.168, 37.461, 36.666, 36.18, 36.216, 36.657, 37.178, 37.585, 37.873, 38.107, 37.841, 37.248, 36.909, 36.856, 37.121, 37.451, 37.514, 37.471, 37.438, 37.354, 37.249, 37.193, 37.199, 37.132, 36.852, 36.785, 37.038, 37.182, 37.114, 37.299, 37.696, 37.735, 37.491, 37.37, 37.255, 36.998, 36.77, 36.718, 36.677, 36.391, 36.101, 36.346, 36.951, 37.241, 37.31, 37.341, 37.471, 37.739, 37.857, 37.564, 37.267, 37.643, 38.648, 39.375, 39.337, 38.985, 38.475, 37.968, 37.865, 37.97, 37.941, 38.037, 38.622, 39.725, 40.581, 40.895, 41.073, 41.276, 41.567, 41.94, 42.151, 42.029, 41.584, 40.774, 39.475, 38.388, 38.108, 38.711, 39.626, 40.353, 40.522, 9.86], [12.703, 11.562, 9.028, 5.177, 0.0, 6.566, 13.421, 18.191, 20.138, 20.673, 21.028, 21.693, 23.325, 25.739, 28.005, 29.423, 29.914, 30.428, 31.466, 32.625, 33.376, 33.887, 34.72, 35.862, 36.747, 37.192, 37.548, 37.931, 38.404, 39.005, 39.652, 40.136, 40.23, 40.325, 41.351, 42.274, 42.413, 42.384, 43.174, 44.718, 45.834, 46.118, 45.772, 45.3, 45.016, 44.938, 45.054, 45.0, 44.299, 43.508, 43.444, 44.122, 44.568, 44.267, 43.661, 43.02, 42.479, 41.979, 41.464, 41.006, 40.823, 40.832, 40.657, 40.193, 39.904, 39.975, 39.619, 38.372, 37.634, 38.14, 38.598, 38.073, 37.14, 37.265, 38.22, 38.553, 38.094, 37.362, 36.533, 36.011, 36.037, 36.509, 37.082, 37.517, 37.804, 38.044, 37.792, 37.2, 36.859, 36.788, 37.027, 37.342, 37.413, 37.401, 37.4, 37.328, 37.211, 37.137, 37.136, 37.065, 36.772, 36.692, 36.947, 37.1, 37.035, 37.225, 37.637, 37.692, 37.468, 37.369, 37.258, 36.987, 36.741, 36.686, 36.649, 36.347, 36.014, 36.243, 36.903, 37.265, 37.371, 37.39, 37.495, 37.759, 37.894, 37.608, 37.305, 37.703, 38.758, 39.526, 39.509, 39.154, 38.626, 38.092, 37.939, 37.991, 37.953, 38.07, 38.644, 39.678, 40.442, 40.69, 40.846, 41.054, 41.356, 41.739, 41.952, 41.819, 41.354, 40.519, 39.203, 38.129, 37.882, 38.522, 39.469, 40.218, 40.396, 12.938], [16.209, 15.416, 13.727, 10.957, 6.566, 0.0, 7.632, 13.344, 15.89, 16.697, 17.245, 18.466, 20.99, 24.147, 26.889, 28.533, 29.063, 29.589, 30.701, 31.945, 32.728, 33.249, 34.143, 35.388, 36.358, 36.843, 37.211, 37.597, 38.107, 38.782, 39.488, 39.98, 40.043, 40.145, 41.228, 42.176, 42.302, 42.284, 43.124, 44.719, 45.859, 46.137, 45.776, 45.306, 45.037, 44.968, 45.067, 44.974, 44.246, 43.465, 43.452, 44.188, 44.655, 44.342, 43.718, 43.078, 42.56, 42.094, 41.611, 41.173, 40.995, 41.004, 40.826, 40.327, 39.968, 40.01, 39.713, 38.58, 37.948, 38.488, 38.937, 38.366, 37.317, 37.319, 38.213, 38.527, 38.047, 37.281, 36.398, 35.814, 35.82, 36.357, 37.036, 37.515, 37.76, 37.962, 37.719, 37.176, 36.884, 36.797, 36.976, 37.245, 37.313, 37.335, 37.368, 37.296, 37.152, 37.045, 37.027, 36.948, 36.637, 36.544, 36.804, 36.97, 36.912, 37.114, 37.559, 37.655, 37.475, 37.405, 37.283, 36.976, 36.703, 36.659, 36.636, 36.293, 35.874, 36.066, 36.812, 37.316, 37.5, 37.48, 37.517, 37.769, 37.927, 37.631, 37.283, 37.678, 38.808, 39.658, 39.666, 39.282, 38.733, 38.226, 38.092, 38.13, 38.103, 38.265, 38.845, 39.792, 40.422, 40.568, 40.691, 40.902, 41.216, 41.61, 41.822, 41.67, 41.174, 40.309, 38.97, 37.9, 37.672, 38.333, 39.306, 40.08, 40.276, 16.391], [20.388, 19.817, 18.687, 16.799, 13.421, 7.632, 0.0, 6.495, 9.924, 11.324, 12.316, 14.592, 18.639, 22.906, 26.272, 28.184, 28.767, 29.303, 30.472, 31.803, 32.652, 33.217, 34.171, 35.489, 36.513, 37.016, 37.377, 37.754, 38.285, 39.005, 39.722, 40.182, 40.21, 40.331, 41.451, 42.401, 42.501, 42.472, 43.318, 44.914, 46.052, 46.325, 45.96, 45.497, 45.242, 45.176, 45.254, 45.13, 44.393, 43.632, 43.669, 44.454, 44.931, 44.606, 43.975, 43.362, 42.902, 42.502, 42.079, 41.674, 41.501, 41.512, 41.344, 40.83, 40.407, 40.421, 40.19, 39.179, 38.631, 39.172, 39.596, 39.006, 37.911, 37.819, 38.615, 38.895, 38.421, 37.662, 36.77, 36.153, 36.132, 36.704, 37.469, 37.983, 38.172, 38.315, 38.098, 37.66, 37.453, 37.346, 37.442, 37.653, 37.719, 37.768, 37.819, 37.742, 37.573, 37.433, 37.392, 37.303, 36.992, 36.901, 37.16, 37.331, 37.288, 37.504, 37.982, 38.13, 38.001, 37.945, 37.788, 37.427, 37.12, 37.081, 37.064, 36.68, 36.187, 36.335, 37.13, 37.746, 37.986, 37.918, 37.886, 38.122, 38.301, 38.0, 37.596, 37.938, 39.087, 39.997, 40.034, 39.636, 39.106, 38.688, 38.636, 38.709, 38.706, 38.908, 39.512, 40.405, 40.931, 40.993, 41.088, 41.303, 41.628, 42.027, 42.232, 42.062, 41.548, 40.674, 39.346, 38.287, 38.039, 38.667, 39.624, 40.396, 40.601, 20.513], [23.671, 23.211, 22.324, 20.872, 18.191, 13.344, 6.495, 0.0, 4.167, 6.514, 8.48, 12.008, 17.265, 22.283, 26.058, 28.161, 28.812, 29.368, 30.555, 31.922, 32.825, 33.44, 34.43, 35.767, 36.796, 37.293, 37.641, 38.011, 38.538, 39.252, 39.952, 40.396, 40.427, 40.57, 41.698, 42.639, 42.727, 42.689, 43.524, 45.097, 46.225, 46.501, 46.145, 45.69, 45.441, 45.379, 45.456, 45.332, 44.606, 43.865, 43.914, 44.701, 45.171, 44.839, 44.211, 43.627, 43.221, 42.882, 42.517, 42.151, 41.986, 41.995, 41.837, 41.328, 40.887, 40.883, 40.686, 39.742, 39.232, 39.754, 40.153, 39.578, 38.524, 38.418, 39.151, 39.411, 38.963, 38.244, 37.391, 36.785, 36.75, 37.32, 38.111, 38.637, 38.796, 38.902, 38.714, 38.364, 38.214, 38.086, 38.114, 38.284, 38.353, 38.417, 38.471, 38.387, 38.208, 38.051, 37.992, 37.897, 37.603, 37.526, 37.78, 37.95, 37.923, 38.151, 38.64, 38.814, 38.714, 38.653, 38.459, 38.05, 37.706, 37.654, 37.629, 37.227, 36.705, 36.814, 37.59, 38.225, 38.474, 38.387, 38.334, 38.569, 38.76, 38.473, 38.059, 38.368, 39.495, 40.419, 40.479, 40.095, 39.598, 39.251, 39.262, 39.37, 39.385, 39.602, 40.213, 41.069, 41.546, 41.581, 41.669, 41.889, 42.219, 42.62, 42.822, 42.651, 42.141, 41.277, 39.977, 38.939, 38.669, 39.252, 40.177, 40.928, 41.121, 23.748], [25.028, 24.618, 23.816, 22.513, 20.138, 15.89, 9.924, 4.167, 0.0, 3.137, 6.356, 10.866, 16.604, 21.823, 25.699, 27.876, 28.587, 29.175, 30.376, 31.762, 32.703, 33.363, 34.385, 35.736, 36.77, 37.269, 37.616, 37.987, 38.509, 39.212, 39.908, 40.36, 40.407, 40.562, 41.694, 42.636, 42.728, 42.698, 43.538, 45.114, 46.246, 46.531, 46.186, 45.736, 45.492, 45.438, 45.532, 45.424, 44.709, 43.97, 44.012, 44.784, 45.244, 44.91, 44.284, 43.712, 43.326, 43.012, 42.672, 42.322, 42.156, 42.158, 42.003, 41.5, 41.057, 41.045, 40.854, 39.929, 39.419, 39.923, 40.315, 39.75, 38.714, 38.608, 39.329, 39.587, 39.146, 38.449, 37.63, 37.047, 37.012, 37.57, 38.354, 38.877, 39.024, 39.115, 38.94, 38.623, 38.487, 38.345, 38.343, 38.5, 38.578, 38.65, 38.703, 38.618, 38.44, 38.281, 38.215, 38.118, 37.837, 37.777, 38.032, 38.201, 38.185, 38.429, 38.927, 39.108, 39.013, 38.951, 38.746, 38.318, 37.954, 37.886, 37.853, 37.45, 36.923, 37.008, 37.75, 38.367, 38.608, 38.521, 38.476, 38.717, 38.914, 38.639, 38.233, 38.535, 39.645, 40.558, 40.623, 40.249, 39.768, 39.442, 39.469, 39.585, 39.604, 39.82, 40.423, 41.257, 41.716, 41.751, 41.843, 42.061, 42.386, 42.783, 42.986, 42.822, 42.315, 41.455, 40.165, 39.138, 38.856, 39.42, 40.34, 41.082, 41.263, 25.077], [25.426, 25.017, 24.218, 22.944, 20.673, 16.697, 11.324, 6.514, 3.137, 0.0, 4.155, 9.751, 16.087, 21.467, 25.321, 27.484, 28.255, 28.917, 30.161, 31.579, 32.572, 33.304, 34.388, 35.777, 36.831, 37.338, 37.683, 38.053, 38.577, 39.279, 39.97, 40.418, 40.468, 40.62, 41.741, 42.681, 42.777, 42.752, 43.6, 45.183, 46.321, 46.614, 46.281, 45.842, 45.607, 45.566, 45.675, 45.584, 44.883, 44.153, 44.193, 44.955, 45.409, 45.076, 44.456, 43.893, 43.516, 43.205, 42.865, 42.515, 42.345, 42.343, 42.189, 41.693, 41.256, 41.246, 41.061, 40.137, 39.597, 40.067, 40.452, 39.896, 38.857, 38.721, 39.408, 39.652, 39.21, 38.53, 37.741, 37.182, 37.148, 37.683, 38.442, 38.95, 39.093, 39.187, 39.021, 38.715, 38.582, 38.44, 38.437, 38.596, 38.678, 38.748, 38.799, 38.72, 38.553, 38.402, 38.337, 38.241, 37.969, 37.915, 38.169, 38.335, 38.321, 38.56, 39.051, 39.227, 39.129, 39.067, 38.867, 38.441, 38.075, 37.998, 37.958, 37.567, 37.062, 37.149, 37.867, 38.455, 38.678, 38.589, 38.548, 38.784, 38.979, 38.717, 38.328, 38.625, 39.707, 40.595, 40.66, 40.3, 39.829, 39.507, 39.535, 39.65, 39.665, 39.87, 40.466, 41.296, 41.754, 41.792, 41.882, 42.094, 42.41, 42.797, 42.997, 42.836, 42.331, 41.472, 40.192, 39.18, 38.904, 39.475, 40.403, 41.146, 41.323, 25.459], [25.752, 25.312, 24.473, 23.208, 21.028, 17.245, 12.316, 8.48, 6.356, 4.155, 0.0, 6.669, 14.187, 20.266, 24.393, 26.604, 27.415, 28.176, 29.543, 31.082, 32.214, 33.104, 34.334, 35.819, 36.912, 37.426, 37.765, 38.13, 38.661, 39.375, 40.066, 40.503, 40.551, 40.694, 41.796, 42.726, 42.816, 42.79, 43.646, 45.245, 46.4, 46.706, 46.382, 45.955, 45.733, 45.706, 45.826, 45.742, 45.054, 44.342, 44.41, 45.193, 45.653, 45.317, 44.705, 44.165, 43.806, 43.49, 43.131, 42.768, 42.598, 42.597, 42.444, 41.954, 41.525, 41.52, 41.34, 40.419, 39.858, 40.289, 40.656, 40.112, 39.079, 38.891, 39.501, 39.712, 39.279, 38.624, 37.861, 37.321, 37.292, 37.81, 38.54, 39.027, 39.165, 39.269, 39.119, 38.824, 38.696, 38.564, 38.577, 38.744, 38.82, 38.876, 38.924, 38.858, 38.7, 38.552, 38.49, 38.398, 38.118, 38.042, 38.284, 38.448, 38.414, 38.605, 39.056, 39.219, 39.115, 39.05, 38.855, 38.442, 38.087, 38.009, 37.962, 37.58, 37.111, 37.234, 37.958, 38.517, 38.699, 38.583, 38.523, 38.74, 38.927, 38.68, 38.309, 38.599, 39.645, 40.509, 40.579, 40.239, 39.774, 39.449, 39.481, 39.606, 39.618, 39.815, 40.419, 41.269, 41.74, 41.781, 41.871, 42.082, 42.394, 42.776, 42.973, 42.81, 42.306, 41.449, 40.178, 39.183, 38.92, 39.509, 40.452, 41.203, 41.388, 25.766], [26.198, 25.733, 24.87, 23.653, 21.693, 18.466, 14.592, 12.008, 10.866, 9.751, 6.669, 0.0, 8.651, 16.103, 21.282, 23.99, 24.872, 25.66, 27.217, 29.063, 30.525, 31.733, 33.25, 34.949, 36.151, 36.704, 37.053, 37.422, 37.977, 38.739, 39.482, 39.961, 40.038, 40.195, 41.313, 42.262, 42.355, 42.328, 43.213, 44.878, 46.1, 46.446, 46.128, 45.686, 45.464, 45.474, 45.656, 45.608, 44.908, 44.183, 44.272, 45.102, 45.584, 45.241, 44.626, 44.095, 43.741, 43.408, 43.015, 42.62, 42.442, 42.447, 42.304, 41.819, 41.385, 41.365, 41.162, 40.226, 39.67, 40.1, 40.461, 39.924, 38.904, 38.715, 39.311, 39.52, 39.098, 38.453, 37.689, 37.155, 37.152, 37.707, 38.465, 38.962, 39.096, 39.195, 39.043, 38.745, 38.609, 38.481, 38.508, 38.676, 38.74, 38.793, 38.858, 38.803, 38.627, 38.453, 38.39, 38.304, 37.995, 37.868, 38.094, 38.26, 38.191, 38.311, 38.699, 38.82, 38.688, 38.608, 38.399, 37.974, 37.62, 37.55, 37.498, 37.105, 36.642, 36.809, 37.574, 38.133, 38.294, 38.156, 38.074, 38.27, 38.445, 38.193, 37.828, 38.126, 39.176, 40.034, 40.095, 39.742, 39.25, 38.905, 38.967, 39.137, 39.158, 39.356, 39.993, 40.908, 41.435, 41.511, 41.618, 41.835, 42.156, 42.546, 42.743, 42.576, 42.066, 41.202, 39.918, 38.911, 38.656, 39.276, 40.247, 41.012, 41.204, 26.182], [27.314, 26.868, 26.059, 24.954, 23.325, 20.99, 18.639, 17.265, 16.604, 16.087, 14.187, 8.651, 0.0, 8.664, 15.472, 19.397, 20.7, 21.46, 23.093, 25.285, 27.23, 28.941, 30.919, 32.981, 34.393, 35.03, 35.41, 35.803, 36.401, 37.241, 38.1, 38.71, 38.868, 39.046, 40.206, 41.212, 41.335, 41.309, 42.226, 43.986, 45.309, 45.727, 45.423, 44.944, 44.7, 44.793, 45.169, 45.287, 44.623, 43.851, 43.893, 44.732, 45.241, 44.912, 44.299, 43.754, 43.376, 43.02, 42.609, 42.2, 42.017, 42.024, 41.895, 41.44, 41.03, 40.99, 40.74, 39.798, 39.289, 39.764, 40.15, 39.625, 38.634, 38.511, 39.164, 39.384, 38.947, 38.289, 37.521, 37.005, 37.033, 37.62, 38.412, 38.936, 39.084, 39.18, 39.02, 38.704, 38.543, 38.41, 38.439, 38.598, 38.648, 38.706, 38.793, 38.739, 38.534, 38.333, 38.271, 38.205, 37.89, 37.727, 37.941, 38.105, 37.999, 38.026, 38.295, 38.298, 38.078, 37.947, 37.7, 37.234, 36.858, 36.79, 36.745, 36.347, 35.873, 36.049, 36.831, 37.384, 37.557, 37.461, 37.409, 37.61, 37.77, 37.502, 37.143, 37.482, 38.582, 39.456, 39.495, 39.09, 38.517, 38.12, 38.242, 38.508, 38.549, 38.747, 39.466, 40.534, 41.181, 41.324, 41.459, 41.687, 42.014, 42.402, 42.588, 42.414, 41.905, 41.044, 39.755, 38.732, 38.462, 39.079, 40.048, 40.802, 40.983, 27.266], [29.174, 28.776, 28.057, 27.074, 25.739, 24.147, 22.906, 22.283, 21.823, 21.467, 20.266, 16.103, 8.664, 0.0, 8.01, 13.596, 16.092, 17.211, 18.775, 21.08, 23.502, 25.869, 28.434, 30.909, 32.54, 33.264, 33.685, 34.108, 34.729, 35.61, 36.595, 37.384, 37.654, 37.843, 39.011, 40.059, 40.229, 40.232, 41.184, 43.007, 44.413, 44.912, 44.648, 44.147, 43.873, 44.043, 44.653, 45.027, 44.491, 43.704, 43.646, 44.415, 44.922, 44.628, 44.044, 43.499, 43.105, 42.749, 42.358, 41.98, 41.817, 41.817, 41.7, 41.327, 41.022, 41.011, 40.735, 39.827, 39.387, 39.889, 40.296, 39.807, 38.873, 38.781, 39.408, 39.596, 39.147, 38.513, 37.797, 37.334, 37.354, 37.861, 38.581, 39.091, 39.263, 39.379, 39.243, 38.938, 38.766, 38.641, 38.681, 38.834, 38.863, 38.899, 38.978, 38.925, 38.723, 38.527, 38.477, 38.44, 38.157, 37.99, 38.188, 38.339, 38.201, 38.13, 38.248, 38.118, 37.804, 37.626, 37.364, 36.89, 36.503, 36.421, 36.384, 36.038, 35.622, 35.807, 36.533, 36.995, 37.148, 37.116, 37.128, 37.334, 37.47, 37.211, 36.903, 37.283, 38.381, 39.234, 39.261, 38.821, 38.16, 37.668, 37.787, 38.11, 38.159, 38.351, 39.163, 40.406, 41.19, 41.402, 41.561, 41.794, 42.109, 42.466, 42.624, 42.453, 41.979, 41.172, 39.952, 38.975, 38.689, 39.252, 40.15, 40.852, 41.011, 29.113], [31.037, 30.681, 30.025, 29.13, 28.005, 26.889, 26.272, 26.058, 25.699, 25.321, 24.393, 21.282, 15.472, 8.01, 0.0, 6.978, 11.369, 13.723, 15.565, 17.869, 20.681, 23.73, 26.862, 29.655, 31.414, 32.198, 32.659, 33.101, 33.699, 34.556, 35.614, 36.549, 36.93, 37.138, 38.271, 39.306, 39.518, 39.585, 40.579, 42.421, 43.865, 44.426, 44.212, 43.718, 43.42, 43.608, 44.345, 44.912, 44.527, 43.771, 43.62, 44.272, 44.739, 44.47, 43.923, 43.402, 43.031, 42.709, 42.359, 42.03, 41.896, 41.886, 41.777, 41.505, 41.351, 41.41, 41.132, 40.26, 39.872, 40.37, 40.781, 40.347, 39.491, 39.375, 39.884, 40.005, 39.565, 38.995, 38.364, 37.957, 37.93, 38.283, 38.863, 39.332, 39.542, 39.714, 39.624, 39.341, 39.168, 39.067, 39.136, 39.291, 39.29, 39.285, 39.346, 39.304, 39.129, 38.958, 38.922, 38.907, 38.659, 38.501, 38.681, 38.815, 38.651, 38.502, 38.514, 38.32, 37.99, 37.821, 37.594, 37.173, 36.82, 36.73, 36.693, 36.427, 36.136, 36.377, 37.034, 37.357, 37.426, 37.413, 37.467, 37.659, 37.764, 37.532, 37.285, 37.655, 38.651, 39.419, 39.436, 39.011, 38.322, 37.739, 37.76, 38.036, 38.062, 38.233, 39.076, 40.413, 41.294, 41.558, 41.725, 41.948, 42.238, 42.563, 42.708, 42.557, 42.139, 41.419, 40.323, 39.445, 39.164, 39.653, 40.445, 41.078, 41.217, 30.974], [32.171, 31.848, 31.248, 30.425, 29.423, 28.533, 28.184, 28.161, 27.876, 27.484, 26.604, 23.99, 19.397, 13.596, 6.978, 0.0, 5.924, 10.011, 12.889, 15.587, 18.7, 22.184, 25.706, 28.739, 30.607, 31.457, 31.961, 32.415, 33.001, 33.855, 34.97, 35.991, 36.438, 36.681, 37.808, 38.822, 39.051, 39.182, 40.237, 42.109, 43.58, 44.169, 43.975, 43.491, 43.203, 43.401, 44.162, 44.796, 44.497, 43.799, 43.655, 44.275, 44.724, 44.459, 43.926, 43.423, 43.068, 42.762, 42.426, 42.115, 41.997, 41.982, 41.873, 41.653, 41.59, 41.702, 41.431, 40.572, 40.204, 40.701, 41.112, 40.698, 39.863, 39.708, 40.141, 40.221, 39.782, 39.242, 38.649, 38.261, 38.2, 38.459, 38.947, 39.389, 39.639, 39.871, 39.802, 39.496, 39.304, 39.212, 39.296, 39.449, 39.424, 39.397, 39.459, 39.437, 39.284, 39.128, 39.102, 39.092, 38.847, 38.696, 38.88, 39.004, 38.801, 38.593, 38.568, 38.388, 38.103, 37.982, 37.815, 37.462, 37.159, 37.082, 37.043, 36.819, 36.612, 36.918, 37.568, 37.819, 37.81, 37.756, 37.803, 37.988, 38.08, 37.85, 37.605, 37.922, 38.814, 39.503, 39.505, 39.103, 38.44, 37.837, 37.795, 38.017, 38.013, 38.163, 39.001, 40.361, 41.279, 41.568, 41.738, 41.951, 42.231, 42.556, 42.714, 42.585, 42.198, 41.525, 40.505, 39.698, 39.43, 39.865, 40.578, 41.165, 41.291, 32.106], [32.415, 32.127, 31.605, 30.863, 29.914, 29.063, 28.767, 28.812, 28.587, 28.255, 27.415, 24.872, 20.7, 16.092, 11.369, 5.924, 0.0, 5.206, 9.428, 13.06, 16.532, 20.17, 23.918, 27.222, 29.299, 30.27, 30.825, 31.292, 31.912, 32.86, 34.084, 35.162, 35.627, 35.931, 37.159, 38.218, 38.446, 38.616, 39.769, 41.731, 43.246, 43.839, 43.632, 43.148, 42.893, 43.141, 43.923, 44.543, 44.229, 43.568, 43.528, 44.247, 44.729, 44.455, 43.911, 43.405, 43.043, 42.722, 42.372, 42.052, 41.934, 41.921, 41.806, 41.571, 41.492, 41.601, 41.331, 40.464, 40.092, 40.606, 41.027, 40.586, 39.689, 39.506, 39.967, 40.054, 39.589, 39.007, 38.374, 37.961, 37.903, 38.183, 38.683, 39.12, 39.363, 39.595, 39.506, 39.156, 38.944, 38.842, 38.915, 39.062, 39.036, 39.018, 39.097, 39.084, 38.932, 38.774, 38.746, 38.727, 38.465, 38.314, 38.516, 38.644, 38.422, 38.213, 38.215, 38.066, 37.803, 37.703, 37.557, 37.212, 36.908, 36.838, 36.806, 36.574, 36.354, 36.673, 37.358, 37.633, 37.615, 37.525, 37.555, 37.759, 37.864, 37.61, 37.318, 37.612, 38.516, 39.213, 39.204, 38.793, 38.14, 37.562, 37.549, 37.788, 37.785, 37.931, 38.761, 40.106, 41.015, 41.312, 41.493, 41.712, 42.003, 42.349, 42.526, 42.399, 42.002, 41.312, 40.266, 39.441, 39.17, 39.6, 40.31, 40.898, 41.022, 32.349], [32.659, 32.404, 31.97, 31.323, 30.428, 29.589, 29.303, 29.368, 29.175, 28.917, 28.176, 25.66, 21.46, 17.211, 13.723, 10.011, 5.206, 0.0, 5.079, 9.743, 13.894, 17.896, 21.952, 25.604, 27.98, 29.125, 29.748, 30.229, 30.898, 31.969, 33.311, 34.432, 34.888, 35.239, 36.595, 37.725, 37.947, 38.124, 39.344, 41.373, 42.914, 43.51, 43.302, 42.825, 42.603, 42.917, 43.762, 44.384, 44.025, 43.361, 43.412, 44.248, 44.778, 44.503, 43.946, 43.427, 43.048, 42.706, 42.346, 42.019, 41.899, 41.891, 41.771, 41.503, 41.369, 41.446, 41.183, 40.332, 39.97, 40.503, 40.934, 40.47, 39.516, 39.306, 39.791, 39.893, 39.412, 38.792, 38.121, 37.69, 37.646, 37.977, 38.524, 38.962, 39.16, 39.344, 39.228, 38.867, 38.657, 38.544, 38.596, 38.738, 38.727, 38.734, 38.825, 38.811, 38.653, 38.492, 38.464, 38.447, 38.186, 38.04, 38.252, 38.387, 38.179, 37.997, 38.016, 37.865, 37.59, 37.478, 37.311, 36.931, 36.594, 36.519, 36.5, 36.261, 36.005, 36.3, 36.998, 37.31, 37.319, 37.225, 37.247, 37.469, 37.591, 37.321, 36.999, 37.307, 38.273, 39.019, 39.01, 38.569, 37.886, 37.316, 37.347, 37.617, 37.631, 37.783, 38.608, 39.928, 40.826, 41.132, 41.332, 41.569, 41.88, 42.247, 42.435, 42.306, 41.892, 41.168, 40.06, 39.179, 38.896, 39.347, 40.083, 40.688, 40.81, 32.598], [33.426, 33.2, 32.841, 32.284, 31.466, 30.701, 30.472, 30.555, 30.376, 30.161, 29.543, 27.217, 23.093, 18.775, 15.565, 12.889, 9.428, 5.079, 0.0, 5.332, 10.49, 15.46, 20.207, 24.33, 27.03, 28.375, 29.092, 29.596, 30.296, 31.466, 32.927, 34.117, 34.565, 34.898, 36.292, 37.462, 37.693, 37.866, 39.081, 41.099, 42.635, 43.24, 43.053, 42.596, 42.399, 42.776, 43.712, 44.388, 44.028, 43.349, 43.417, 44.29, 44.84, 44.574, 44.02, 43.496, 43.105, 42.755, 42.396, 42.079, 41.968, 41.964, 41.842, 41.565, 41.409, 41.466, 41.216, 40.413, 40.091, 40.637, 41.073, 40.609, 39.642, 39.405, 39.862, 39.958, 39.484, 38.867, 38.208, 37.786, 37.739, 38.071, 38.629, 39.061, 39.22, 39.353, 39.225, 38.887, 38.698, 38.592, 38.639, 38.783, 38.783, 38.797, 38.884, 38.864, 38.711, 38.558, 38.539, 38.536, 38.296, 38.161, 38.368, 38.505, 38.327, 38.175, 38.19, 38.023, 37.735, 37.606, 37.409, 37.001, 36.648, 36.567, 36.557, 36.336, 36.083, 36.355, 37.021, 37.32, 37.33, 37.235, 37.25, 37.469, 37.595, 37.326, 37.007, 37.326, 38.313, 39.084, 39.086, 38.628, 37.909, 37.328, 37.367, 37.636, 37.651, 37.799, 38.613, 39.924, 40.83, 41.154, 41.371, 41.619, 41.938, 42.309, 42.502, 42.377, 41.963, 41.229, 40.096, 39.194, 38.921, 39.399, 40.151, 40.757, 40.87, 33.375], [34.379, 34.177, 33.873, 33.379, 32.625, 31.945, 31.803, 31.922, 31.762, 31.579, 31.082, 29.063, 25.285, 21.08, 17.869, 15.587, 13.06, 9.743, 5.332, 0.0, 6.018, 12.279, 18.08, 22.867, 25.947, 27.519, 28.373, 28.922, 29.641, 30.903, 32.522, 33.845, 34.308, 34.562, 35.908, 37.099, 37.37, 37.546, 38.716, 40.692, 42.216, 42.837, 42.671, 42.233, 42.062, 42.497, 43.522, 44.272, 43.947, 43.272, 43.33, 44.196, 44.747, 44.493, 43.952, 43.437, 43.052, 42.712, 42.368, 42.071, 41.976, 41.97, 41.841, 41.574, 41.43, 41.477, 41.236, 40.487, 40.218, 40.788, 41.227, 40.763, 39.795, 39.542, 39.968, 40.054, 39.594, 38.997, 38.363, 37.952, 37.887, 38.195, 38.754, 39.204, 39.358, 39.461, 39.317, 38.99, 38.825, 38.741, 38.807, 38.962, 38.965, 38.969, 39.035, 39.001, 38.852, 38.712, 38.701, 38.705, 38.479, 38.352, 38.552, 38.687, 38.544, 38.443, 38.479, 38.317, 38.037, 37.908, 37.696, 37.275, 36.919, 36.833, 36.827, 36.623, 36.374, 36.611, 37.222, 37.484, 37.485, 37.393, 37.411, 37.627, 37.751, 37.487, 37.177, 37.498, 38.48, 39.265, 39.29, 38.832, 38.088, 37.483, 37.497, 37.743, 37.752, 37.887, 38.684, 40.002, 40.93, 41.269, 41.493, 41.742, 42.055, 42.42, 42.614, 42.498, 42.091, 41.359, 40.221, 39.318, 39.064, 39.561, 40.315, 40.911, 41.01, 34.338], [35.002, 34.822, 34.562, 34.107, 33.376, 32.728, 32.652, 32.825, 32.703, 32.572, 32.214, 30.525, 27.23, 23.502, 20.681, 18.7, 16.532, 13.894, 10.49, 6.018, 0.0, 7.181, 14.162, 19.934, 23.663, 25.639, 26.74, 27.377, 28.131, 29.551, 31.432, 32.955, 33.454, 33.646, 34.989, 36.234, 36.562, 36.768, 37.953, 39.955, 41.501, 42.137, 41.981, 41.554, 41.411, 41.902, 42.996, 43.798, 43.507, 42.871, 42.976, 43.88, 44.45, 44.203, 43.674, 43.181, 42.821, 42.504, 42.174, 41.883, 41.787, 41.77, 41.629, 41.36, 41.212, 41.246, 41.006, 40.286, 40.053, 40.657, 41.103, 40.606, 39.591, 39.326, 39.778, 39.877, 39.42, 38.824, 38.192, 37.773, 37.696, 38.021, 38.635, 39.153, 39.349, 39.453, 39.276, 38.913, 38.745, 38.676, 38.758, 38.927, 38.937, 38.934, 38.976, 38.911, 38.747, 38.608, 38.596, 38.588, 38.349, 38.219, 38.418, 38.556, 38.443, 38.409, 38.501, 38.361, 38.09, 37.971, 37.755, 37.319, 36.951, 36.861, 36.86, 36.648, 36.356, 36.528, 37.099, 37.365, 37.391, 37.323, 37.364, 37.606, 37.747, 37.48, 37.162, 37.5, 38.527, 39.368, 39.427, 38.966, 38.198, 37.569, 37.57, 37.818, 37.84, 37.972, 38.749, 40.071, 41.011, 41.354, 41.58, 41.829, 42.139, 42.499, 42.69, 42.573, 42.163, 41.416, 40.243, 39.3, 39.034, 39.539, 40.302, 40.895, 40.98, 34.961], [35.358, 35.204, 35.001, 34.597, 33.887, 33.249, 33.217, 33.44, 33.363, 33.304, 33.104, 31.733, 28.941, 25.869, 23.73, 22.184, 20.17, 17.896, 15.46, 12.279, 7.181, 0.0, 7.832, 14.819, 19.638, 22.412, 23.984, 24.766, 25.583, 27.28, 29.556, 31.328, 31.87, 32.081, 33.547, 34.887, 35.256, 35.537, 36.867, 39.002, 40.609, 41.26, 41.111, 40.699, 40.584, 41.115, 42.252, 43.079, 42.815, 42.259, 42.494, 43.508, 44.124, 43.883, 43.364, 42.905, 42.591, 42.306, 41.984, 41.68, 41.56, 41.53, 41.382, 41.096, 40.925, 40.947, 40.714, 39.993, 39.749, 40.367, 40.818, 40.266, 39.162, 38.875, 39.393, 39.526, 39.059, 38.447, 37.808, 37.378, 37.308, 37.693, 38.412, 39.037, 39.309, 39.445, 39.238, 38.808, 38.604, 38.517, 38.586, 38.752, 38.772, 38.779, 38.805, 38.701, 38.503, 38.351, 38.333, 38.305, 38.038, 37.896, 38.094, 38.232, 38.132, 38.145, 38.283, 38.155, 37.883, 37.771, 37.562, 37.122, 36.744, 36.65, 36.648, 36.41, 36.048, 36.15, 36.712, 37.022, 37.095, 37.055, 37.124, 37.409, 37.586, 37.32, 36.993, 37.366, 38.486, 39.426, 39.528, 39.055, 38.262, 37.632, 37.671, 37.97, 38.029, 38.171, 38.925, 40.226, 41.152, 41.487, 41.715, 41.967, 42.276, 42.628, 42.81, 42.686, 42.264, 41.496, 40.278, 39.271, 38.963, 39.457, 40.229, 40.823, 40.897, 35.313], [35.952, 35.82, 35.68, 35.359, 34.72, 34.143, 34.171, 34.43, 34.385, 34.388, 34.334, 33.25, 30.919, 28.434, 26.862, 25.706, 23.918, 21.952, 20.207, 18.08, 14.162, 7.832, 0.0, 7.895, 14.058, 18.094, 20.449, 21.471, 22.353, 24.406, 27.213, 29.325, 29.955, 30.248, 31.896, 33.337, 33.735, 34.131, 35.679, 37.982, 39.657, 40.332, 40.205, 39.822, 39.73, 40.286, 41.461, 42.327, 42.111, 41.656, 42.038, 43.175, 43.856, 43.642, 43.146, 42.725, 42.464, 42.22, 41.922, 41.623, 41.484, 41.446, 41.307, 41.028, 40.855, 40.875, 40.641, 39.899, 39.619, 40.226, 40.669, 40.076, 38.924, 38.642, 39.218, 39.377, 38.905, 38.294, 37.672, 37.255, 37.195, 37.626, 38.436, 39.168, 39.527, 39.706, 39.487, 39.006, 38.756, 38.633, 38.668, 38.815, 38.845, 38.866, 38.88, 38.74, 38.513, 38.353, 38.336, 38.301, 38.025, 37.879, 38.073, 38.21, 38.121, 38.158, 38.308, 38.172, 37.892, 37.791, 37.604, 37.186, 36.813, 36.708, 36.695, 36.441, 36.038, 36.094, 36.649, 36.986, 37.082, 37.053, 37.137, 37.45, 37.654, 37.405, 37.094, 37.502, 38.682, 39.695, 39.839, 39.366, 38.561, 37.956, 38.064, 38.431, 38.531, 38.678, 39.395, 40.645, 41.54, 41.869, 42.098, 42.346, 42.643, 42.979, 43.147, 43.019, 42.595, 41.821, 40.592, 39.568, 39.223, 39.67, 40.411, 40.986, 41.048, 35.899], [36.85, 36.732, 36.642, 36.402, 35.862, 35.388, 35.489, 35.767, 35.736, 35.777, 35.819, 34.949, 32.981, 30.909, 29.655, 28.739, 27.222, 25.604, 24.33, 22.867, 19.934, 14.819, 7.895, 0.0, 7.22, 12.77, 16.222, 17.642, 18.559, 20.929, 24.34, 26.905, 27.721, 28.143, 29.992, 31.546, 31.993, 32.537, 34.327, 36.812, 38.571, 39.287, 39.193, 38.839, 38.769, 39.353, 40.582, 41.523, 41.389, 41.035, 41.537, 42.78, 43.539, 43.386, 42.94, 42.573, 42.371, 42.171, 41.912, 41.648, 41.521, 41.486, 41.364, 41.131, 40.998, 41.018, 40.755, 39.972, 39.655, 40.241, 40.672, 40.067, 38.937, 38.707, 39.307, 39.475, 39.025, 38.451, 37.873, 37.491, 37.444, 37.877, 38.716, 39.514, 39.953, 40.183, 39.967, 39.453, 39.167, 39.025, 39.045, 39.175, 39.193, 39.202, 39.191, 39.021, 38.776, 38.618, 38.609, 38.581, 38.322, 38.191, 38.382, 38.516, 38.45, 38.523, 38.682, 38.542, 38.271, 38.206, 38.067, 37.69, 37.332, 37.213, 37.186, 36.939, 36.54, 36.575, 37.107, 37.434, 37.521, 37.486, 37.569, 37.881, 38.085, 37.85, 37.569, 37.995, 39.164, 40.171, 40.333, 39.877, 39.09, 38.518, 38.665, 39.066, 39.19, 39.332, 39.996, 41.175, 42.045, 42.382, 42.616, 42.853, 43.129, 43.439, 43.593, 43.465, 43.051, 42.293, 41.09, 40.095, 39.738, 40.124, 40.801, 41.341, 41.401, 36.79], [37.598, 37.486, 37.418, 37.22, 36.747, 36.358, 36.513, 36.796, 36.77, 36.831, 36.912, 36.151, 34.393, 32.54, 31.414, 30.607, 29.299, 27.98, 27.03, 25.947, 23.663, 19.638, 14.058, 7.22, 0.0, 6.579, 11.131, 13.164, 14.215, 16.762, 20.656, 23.682, 24.76, 25.375, 27.493, 29.203, 29.721, 30.421, 32.481, 35.203, 37.094, 37.867, 37.801, 37.466, 37.418, 38.042, 39.349, 40.403, 40.382, 40.123, 40.706, 42.034, 42.881, 42.815, 42.447, 42.155, 42.019, 41.871, 41.669, 41.483, 41.41, 41.391, 41.285, 41.111, 41.044, 41.064, 40.749, 39.926, 39.606, 40.197, 40.622, 40.027, 38.971, 38.823, 39.426, 39.602, 39.205, 38.689, 38.156, 37.811, 37.782, 38.199, 39.009, 39.802, 40.272, 40.542, 40.333, 39.797, 39.487, 39.345, 39.373, 39.49, 39.477, 39.454, 39.419, 39.236, 38.99, 38.84, 38.837, 38.814, 38.573, 38.464, 38.657, 38.79, 38.749, 38.863, 39.046, 38.927, 38.698, 38.696, 38.626, 38.294, 37.945, 37.814, 37.782, 37.549, 37.157, 37.169, 37.664, 37.962, 38.029, 37.987, 38.069, 38.366, 38.552, 38.316, 38.047, 38.465, 39.586, 40.546, 40.696, 40.252, 39.485, 38.92, 39.055, 39.445, 39.571, 39.703, 40.325, 41.46, 42.332, 42.689, 42.923, 43.142, 43.395, 43.684, 43.826, 43.698, 43.3, 42.568, 41.39, 40.415, 40.069, 40.434, 41.065, 41.575, 41.638, 37.527], [38.034, 37.925, 37.851, 37.647, 37.192, 36.843, 37.016, 37.293, 37.269, 37.338, 37.426, 36.704, 35.03, 33.264, 32.198, 31.457, 30.27, 29.125, 28.375, 27.519, 25.639, 22.412, 18.094, 12.77, 6.579, 0.0, 5.219, 8.04, 9.646, 12.48, 16.685, 20.07, 21.403, 22.237, 24.682, 26.59, 27.19, 28.018, 30.348, 33.357, 35.422, 36.263, 36.212, 35.887, 35.864, 36.532, 37.928, 39.111, 39.211, 39.03, 39.661, 41.051, 41.978, 41.994, 41.703, 41.478, 41.398, 41.309, 41.201, 41.147, 41.172, 41.176, 41.073, 40.948, 40.946, 40.968, 40.603, 39.745, 39.443, 40.051, 40.469, 39.907, 38.961, 38.909, 39.508, 39.691, 39.351, 38.895, 38.407, 38.103, 38.102, 38.5, 39.255, 39.994, 40.44, 40.718, 40.523, 39.982, 39.658, 39.512, 39.542, 39.65, 39.618, 39.579, 39.547, 39.384, 39.16, 39.024, 39.023, 38.997, 38.759, 38.66, 38.853, 38.988, 38.966, 39.107, 39.313, 39.22, 39.032, 39.079, 39.062, 38.764, 38.417, 38.28, 38.248, 38.017, 37.616, 37.597, 38.05, 38.313, 38.353, 38.302, 38.384, 38.674, 38.85, 38.609, 38.332, 38.724, 39.8, 40.722, 40.86, 40.418, 39.657, 39.08, 39.181, 39.544, 39.657, 39.774, 40.377, 41.506, 42.399, 42.774, 43.0, 43.198, 43.431, 43.706, 43.838, 43.709, 43.326, 42.619, 41.46, 40.492, 40.174, 40.559, 41.172, 41.663, 41.724, 37.948], [38.414, 38.308, 38.223, 38.003, 37.548, 37.211, 37.377, 37.641, 37.616, 37.683, 37.765, 37.053, 35.41, 33.685, 32.659, 31.961, 30.825, 29.748, 29.092, 28.373, 26.74, 23.984, 20.449, 16.222, 11.131, 5.219, 0.0, 3.51, 6.233, 9.822, 14.294, 17.834, 19.289, 20.262, 22.929, 24.969, 25.629, 26.532, 29.024, 32.217, 34.402, 35.291, 35.251, 34.939, 34.938, 35.633, 37.08, 38.35, 38.539, 38.414, 39.07, 40.486, 41.451, 41.511, 41.261, 41.063, 40.998, 40.942, 40.913, 40.984, 41.106, 41.137, 41.031, 40.927, 40.96, 40.984, 40.597, 39.728, 39.443, 40.046, 40.447, 39.926, 39.088, 39.103, 39.68, 39.862, 39.569, 39.167, 38.724, 38.459, 38.48, 38.857, 39.554, 40.238, 40.646, 40.915, 40.737, 40.213, 39.889, 39.733, 39.757, 39.862, 39.829, 39.795, 39.782, 39.652, 39.456, 39.331, 39.328, 39.298, 39.057, 38.954, 39.142, 39.277, 39.263, 39.406, 39.614, 39.531, 39.356, 39.411, 39.412, 39.136, 38.803, 38.671, 38.638, 38.404, 38.004, 37.974, 38.396, 38.624, 38.634, 38.566, 38.64, 38.924, 39.097, 38.861, 38.576, 38.933, 39.963, 40.851, 40.985, 40.546, 39.781, 39.193, 39.272, 39.616, 39.71, 39.806, 40.391, 41.517, 42.425, 42.811, 43.031, 43.212, 43.432, 43.698, 43.827, 43.701, 43.331, 42.649, 41.525, 40.59, 40.316, 40.729, 41.335, 41.808, 41.862, 38.314], [38.79, 38.687, 38.599, 38.379, 37.931, 37.597, 37.754, 38.011, 37.987, 38.053, 38.13, 37.422, 35.803, 34.108, 33.101, 32.415, 31.292, 30.229, 29.596, 28.922, 27.377, 24.766, 21.471, 17.642, 13.164, 8.04, 3.51, 0.0, 3.676, 8.346, 13.407, 17.139, 18.625, 19.633, 22.388, 24.477, 25.166, 26.125, 28.697, 31.951, 34.174, 35.086, 35.066, 34.775, 34.792, 35.492, 36.939, 38.22, 38.437, 38.347, 39.021, 40.445, 41.415, 41.485, 41.25, 41.061, 40.998, 40.948, 40.939, 41.047, 41.21, 41.26, 41.16, 41.061, 41.1, 41.122, 40.736, 39.868, 39.581, 40.168, 40.552, 40.043, 39.244, 39.27, 39.829, 40.016, 39.757, 39.39, 38.971, 38.728, 38.761, 39.133, 39.812, 40.485, 40.889, 41.158, 40.986, 40.469, 40.148, 39.995, 40.019, 40.126, 40.094, 40.061, 40.055, 39.937, 39.75, 39.626, 39.622, 39.593, 39.357, 39.253, 39.436, 39.569, 39.554, 39.687, 39.882, 39.793, 39.614, 39.663, 39.67, 39.416, 39.106, 38.984, 38.95, 38.716, 38.325, 38.301, 38.711, 38.924, 38.92, 38.839, 38.904, 39.179, 39.351, 39.12, 38.837, 39.175, 40.172, 41.038, 41.168, 40.733, 39.973, 39.384, 39.455, 39.786, 39.871, 39.953, 40.518, 41.627, 42.534, 42.927, 43.144, 43.317, 43.53, 43.791, 43.922, 43.801, 43.44, 42.777, 41.683, 40.781, 40.527, 40.94, 41.532, 41.99, 42.036, 38.679], [39.221, 39.125, 39.038, 38.827, 38.404, 38.107, 38.285, 38.538, 38.509, 38.577, 38.661, 37.977, 36.401, 34.729, 33.699, 33.001, 31.912, 30.898, 30.296, 29.641, 28.131, 25.583, 22.353, 18.559, 14.215, 9.646, 6.233, 3.676, 0.0, 5.476, 11.466, 15.777, 17.473, 18.518, 21.369, 23.528, 24.259, 25.303, 28.004, 31.355, 33.636, 34.589, 34.6, 34.326, 34.351, 35.064, 36.527, 37.823, 38.063, 38.008, 38.703, 40.142, 41.136, 41.234, 41.03, 40.881, 40.866, 40.861, 40.885, 41.015, 41.185, 41.242, 41.163, 41.109, 41.19, 41.224, 40.837, 39.978, 39.703, 40.288, 40.663, 40.166, 39.412, 39.469, 40.025, 40.225, 40.004, 39.676, 39.278, 39.049, 39.09, 39.458, 40.129, 40.802, 41.214, 41.484, 41.302, 40.779, 40.46, 40.317, 40.352, 40.462, 40.426, 40.386, 40.369, 40.242, 40.05, 39.928, 39.928, 39.903, 39.675, 39.573, 39.746, 39.873, 39.858, 39.989, 40.177, 40.085, 39.913, 39.977, 40.004, 39.774, 39.482, 39.362, 39.326, 39.104, 38.736, 38.721, 39.111, 39.296, 39.273, 39.187, 39.253, 39.523, 39.687, 39.463, 39.195, 39.532, 40.501, 41.339, 41.465, 41.042, 40.307, 39.738, 39.799, 40.108, 40.186, 40.269, 40.82, 41.9, 42.804, 43.211, 43.433, 43.599, 43.804, 44.057, 44.184, 44.066, 43.717, 43.071, 41.996, 41.094, 40.813, 41.181, 41.728, 42.157, 42.191, 39.103], [39.761, 39.679, 39.591, 39.385, 39.005, 38.782, 39.005, 39.252, 39.212, 39.279, 39.375, 38.739, 37.241, 35.61, 34.556, 33.855, 32.86, 31.969, 31.466, 30.903, 29.551, 27.28, 24.406, 20.929, 16.762, 12.48, 9.822, 8.346, 5.476, 0.0, 6.743, 11.961, 14.245, 15.604, 18.779, 21.08, 21.865, 23.029, 25.995, 29.596, 32.031, 33.067, 33.115, 32.845, 32.86, 33.59, 35.121, 36.51, 36.832, 36.836, 37.567, 39.053, 40.117, 40.287, 40.154, 40.095, 40.202, 40.327, 40.475, 40.705, 40.917, 40.975, 40.924, 40.978, 41.181, 41.258, 40.863, 40.031, 39.826, 40.438, 40.804, 40.358, 39.752, 39.908, 40.439, 40.644, 40.486, 40.223, 39.869, 39.667, 39.718, 40.067, 40.678, 41.281, 41.64, 41.883, 41.699, 41.19, 40.882, 40.741, 40.778, 40.887, 40.854, 40.816, 40.798, 40.668, 40.481, 40.372, 40.379, 40.355, 40.13, 40.026, 40.184, 40.304, 40.301, 40.443, 40.64, 40.569, 40.433, 40.538, 40.603, 40.394, 40.098, 39.965, 39.928, 39.73, 39.39, 39.367, 39.695, 39.809, 39.743, 39.653, 39.73, 39.999, 40.156, 39.941, 39.691, 40.017, 40.941, 41.74, 41.861, 41.46, 40.769, 40.233, 40.27, 40.536, 40.599, 40.689, 41.235, 42.277, 43.178, 43.611, 43.84, 43.997, 44.186, 44.422, 44.54, 44.426, 44.097, 43.477, 42.421, 41.512, 41.217, 41.543, 42.016, 42.391, 42.406, 39.635], [40.323, 40.256, 40.175, 39.984, 39.652, 39.488, 39.722, 39.952, 39.908, 39.97, 40.066, 39.482, 38.1, 36.595, 35.614, 34.97, 34.084, 33.311, 32.927, 32.522, 31.432, 29.556, 27.213, 24.34, 20.656, 16.685, 14.294, 13.407, 11.466, 6.743, 0.0, 6.008, 9.386, 12.021, 16.066, 18.495, 19.209, 20.511, 23.853, 27.756, 30.342, 31.45, 31.538, 31.283, 31.289, 32.008, 33.577, 35.065, 35.491, 35.571, 36.354, 37.897, 39.038, 39.282, 39.214, 39.245, 39.487, 39.768, 40.08, 40.451, 40.733, 40.799, 40.772, 40.932, 41.266, 41.402, 41.023, 40.242, 40.117, 40.745, 41.09, 40.714, 40.286, 40.522, 40.977, 41.175, 41.097, 40.908, 40.594, 40.42, 40.493, 40.821, 41.329, 41.79, 42.035, 42.229, 42.06, 41.597, 41.316, 41.176, 41.206, 41.31, 41.284, 41.26, 41.256, 41.146, 40.981, 40.889, 40.9, 40.87, 40.648, 40.547, 40.691, 40.804, 40.815, 40.971, 41.178, 41.142, 41.062, 41.218, 41.323, 41.13, 40.815, 40.66, 40.621, 40.443, 40.125, 40.08, 40.331, 40.37, 40.262, 40.174, 40.268, 40.537, 40.692, 40.49, 40.245, 40.539, 41.395, 42.142, 42.252, 41.873, 41.231, 40.724, 40.715, 40.921, 40.962, 41.057, 41.594, 42.584, 43.471, 43.923, 44.156, 44.295, 44.461, 44.68, 44.791, 44.683, 44.374, 43.779, 42.747, 41.858, 41.607, 41.945, 42.365, 42.685, 42.681, 40.188], [40.718, 40.661, 40.596, 40.433, 40.136, 39.98, 40.182, 40.396, 40.36, 40.418, 40.503, 39.961, 38.71, 37.384, 36.549, 35.991, 35.162, 34.432, 34.117, 33.845, 32.955, 31.328, 29.325, 26.905, 23.682, 20.07, 17.834, 17.139, 15.777, 11.961, 6.008, 0.0, 4.677, 9.713, 15.037, 17.542, 18.007, 19.408, 23.127, 27.231, 29.861, 30.976, 31.096, 30.889, 30.92, 31.625, 33.165, 34.655, 35.115, 35.244, 36.071, 37.646, 38.814, 39.078, 39.02, 39.076, 39.372, 39.724, 40.114, 40.558, 40.885, 40.965, 40.947, 41.135, 41.515, 41.694, 41.365, 40.633, 40.518, 41.114, 41.439, 41.105, 40.756, 40.983, 41.363, 41.559, 41.533, 41.38, 41.075, 40.912, 41.006, 41.335, 41.775, 42.126, 42.279, 42.437, 42.282, 41.858, 41.602, 41.47, 41.497, 41.591, 41.561, 41.541, 41.549, 41.46, 41.32, 41.237, 41.245, 41.211, 40.995, 40.896, 41.027, 41.13, 41.142, 41.289, 41.491, 41.48, 41.446, 41.639, 41.77, 41.588, 41.265, 41.096, 41.049, 40.872, 40.564, 40.515, 40.737, 40.748, 40.62, 40.536, 40.642, 40.91, 41.069, 40.874, 40.622, 40.873, 41.666, 42.367, 42.462, 42.094, 41.485, 41.0, 40.965, 41.139, 41.173, 41.273, 41.802, 42.755, 43.629, 44.089, 44.318, 44.441, 44.591, 44.797, 44.9, 44.789, 44.488, 43.907, 42.889, 42.02, 41.816, 42.194, 42.617, 42.926, 42.915, 40.582], [40.782, 40.728, 40.674, 40.527, 40.23, 40.043, 40.21, 40.427, 40.407, 40.468, 40.551, 40.038, 38.868, 37.654, 36.93, 36.438, 35.627, 34.888, 34.565, 34.308, 33.454, 31.87, 29.955, 27.721, 24.76, 21.403, 19.289, 18.625, 17.473, 14.245, 9.386, 4.677, 0.0, 