[[0.0, 5.686, 12.333, 17.691, 21.678, 24.633, 26.603, 27.541, 28.549, 30.37, 31.382, 31.148, 32.213, 35.386, 38.135, 40.035, 40.622, 40.191, 39.896, 40.029, 40.306, 40.389, 40.796, 40.865, 39.805, 38.714, 38.426, 38.316, 37.921, 37.849, 37.785, 37.59, 37.968, 37.987, 37.112, 36.779, 36.891, 36.266, 36.169, 37.096, 37.575, 37.41, 37.492, 37.764, 37.853, 37.502, 36.833, 36.61, 36.984, 37.23, 36.907, 36.574, 36.328, 35.976, 35.74, 35.631, 35.638, 35.833, 35.985, 35.901, 35.852, 36.174, 36.596, 36.85, 37.398, 37.557, 36.875, 36.563, 36.669, 36.687, 36.819, 36.851, 36.479, 36.192, 36.435, 36.836, 37.205, 37.468, 37.567, 37.443, 37.3, 37.387, 37.502, 37.413, 37.552, 38.356, 38.375, 38.182, 38.661, 39.126, 39.016, 38.799, 38.541, 38.394, 38.795, 38.685, 38.248, 39.002, 39.934, 39.873, 39.986, 41.299, 42.167, 41.719, 41.871, 43.511, 44.345, 43.709, 43.229, 43.961, 45.327, 45.996, 45.741, 45.114, 43.646, 41.351, 40.12, 39.827, 39.685, 39.55, 39.21, 38.937, 39.531, 40.408, 40.421, 40.572, 41.096, 40.992, 40.633, 41.178, 41.696, 41.175, 40.182, 39.606, 39.492, 39.392, 40.296, 41.619, 41.541, 40.447, 40.288, 40.418, 39.834, 39.465, 39.791, 39.765, 39.16, 38.417, 37.895, 37.769, 37.715, 37.469, 37.417, 37.446, 37.083, 36.889, 36.863, 36.281, 35.575, 35.546, 35.573, 35.112, 35.011, 35.421, 36.078, 36.726, 37.154, 37.467, 37.65, 37.837, 38.675, 39.52, 40.032, 39.657, 38.873, 38.294, 37.814, 37.488, 37.402, 37.448, 37.585, 37.753, 37.713, 37.462, 37.298, 37.126, 37.196, 38.101, 39.076, 39.13, 38.406, 37.35, 36.579, 36.426, 36.604, 36.322, 35.741, 35.458, 35.246, 35.406, 35.754, 35.694, 35.711, 36.266, 36.378, 6.149], [5.686, 0.0, 8.034, 14.898, 19.84, 23.171, 25.295, 26.369, 27.594, 29.64, 30.789, 30.57, 31.579, 34.767, 37.62, 39.63, 40.249, 39.792, 39.488, 39.638, 39.931, 40.034, 40.511, 40.626, 39.507, 38.357, 38.104, 38.026, 37.539, 37.331, 37.181, 36.957, 37.359, 37.393, 36.482, 36.117, 36.21, 35.567, 35.485, 36.468, 36.965, 36.786, 36.875, 37.176, 37.28, 36.9, 36.176, 35.958, 36.364, 36.613, 36.272, 36.004, 35.886, 35.58, 35.314, 35.212, 35.24, 35.464, 35.643, 35.546, 35.482, 35.829, 36.273, 36.519, 37.07, 37.244, 36.6, 36.354, 36.482, 36.461, 36.544, 36.529, 36.033, 35.588, 35.796, 36.223, 36.59, 36.813, 36.876, 36.737, 36.62, 36.748, 36.842, 36.697, 36.821, 37.666, 37.704, 37.523, 38.03, 38.502, 38.371, 38.14, 37.896, 37.846, 38.379, 38.304, 37.846, 38.638, 39.612, 39.567, 39.708, 41.105, 42.053, 41.6, 41.754, 43.452, 44.282, 43.578, 43.095, 43.89, 45.307, 45.988, 45.722, 45.077, 43.551, 41.131, 39.798, 39.485, 39.338, 39.168, 38.776, 38.496, 39.133, 40.026, 40.033, 40.207, 40.735, 40.587, 40.204, 40.771, 41.308, 40.778, 39.721, 39.106, 39.0, 38.9, 39.828, 41.193, 41.091, 39.923, 39.714, 39.833, 39.256, 38.938, 39.338, 39.319, 38.712, 37.995, 37.451, 37.269, 37.202, 36.965, 36.924, 36.965, 36.583, 36.37, 36.349, 35.756, 35.019, 34.984, 35.013, 34.545, 34.452, 34.961, 35.819, 36.561, 36.873, 37.143, 37.317, 37.364, 38.082, 38.916, 39.442, 39.057, 38.261, 37.671, 37.177, 36.854, 36.774, 36.83, 36.982, 37.146, 37.079, 36.789, 36.582, 36.384, 36.492, 37.502, 38.546, 38.574, 37.703, 36.531, 35.697, 35.529, 35.718, 35.443, 34.865, 34.577, 34.352, 34.501, 34.863, 34.803, 34.845, 35.479, 35.623, 9.321], [12.333, 8.034, 0.0, 8.987, 15.965, 20.175, 22.625, 23.988, 25.662, 28.166, 29.595, 29.44, 30.458, 33.801, 36.87, 39.023, 39.696, 39.243, 38.932, 39.083, 39.405, 39.58, 40.15, 40.312, 39.176, 37.967, 37.684, 37.597, 37.042, 36.736, 36.523, 36.28, 36.706, 36.751, 35.805, 35.399, 35.456, 34.807, 34.743, 35.77, 36.292, 36.128, 36.243, 36.573, 36.693, 36.279, 35.491, 35.275, 35.721, 35.982, 35.625, 35.418, 35.437, 35.205, 34.932, 34.843, 34.888, 35.122, 35.309, 35.199, 35.126, 35.492, 35.943, 36.165, 36.709, 36.906, 36.289, 36.085, 36.227, 36.177, 36.21, 36.145, 35.539, 34.984, 35.208, 35.656, 36.009, 36.201, 36.251, 36.11, 36.017, 36.157, 36.228, 36.041, 36.154, 37.048, 37.126, 36.965, 37.495, 37.976, 37.826, 37.577, 37.335, 37.343, 37.965, 37.898, 37.397, 38.2, 39.199, 39.154, 39.3, 40.731, 41.721, 41.269, 41.428, 43.168, 44.007, 43.261, 42.77, 43.604, 45.059, 45.752, 45.49, 44.837, 43.275, 40.775, 39.381, 39.071, 38.924, 38.718, 38.273, 37.988, 38.681, 39.609, 39.608, 39.802, 40.356, 40.191, 39.807, 40.423, 40.987, 40.415, 39.294, 38.662, 38.552, 38.425, 39.37, 40.786, 40.691, 39.486, 39.233, 39.343, 38.751, 38.42, 38.857, 38.852, 38.237, 37.514, 36.948, 36.746, 36.694, 36.462, 36.421, 36.488, 36.106, 35.871, 35.853, 35.256, 34.479, 34.418, 34.44, 33.974, 33.898, 34.503, 35.531, 36.324, 36.481, 36.695, 36.877, 36.811, 37.408, 38.235, 38.791, 38.406, 37.596, 36.986, 36.489, 36.191, 36.12, 36.179, 36.35, 36.519, 36.416, 36.075, 35.835, 35.635, 35.802, 36.936, 38.046, 38.06, 37.084, 35.837, 34.966, 34.775, 34.977, 34.715, 34.132, 33.851, 33.625, 33.781, 34.145, 34.062, 34.118, 34.815, 34.976, 14.199], [17.691, 14.898, 8.987, 0.0, 8.58, 14.262, 17.609, 19.372, 21.569, 24.669, 26.424, 26.412, 27.631, 31.361, 34.83, 37.176, 37.894, 37.481, 37.25, 37.493, 37.913, 38.182, 38.846, 39.073, 38.029, 36.941, 36.717, 36.625, 36.145, 36.029, 35.996, 35.838, 36.32, 36.38, 35.386, 34.907, 34.93, 34.308, 34.307, 35.417, 35.985, 35.835, 35.956, 36.29, 36.413, 35.966, 35.122, 34.925, 35.411, 35.683, 35.294, 35.063, 35.069, 34.76, 34.398, 34.305, 34.366, 34.567, 34.721, 34.611, 34.562, 34.96, 35.431, 35.671, 36.235, 36.45, 35.819, 35.581, 35.734, 35.729, 35.793, 35.724, 35.033, 34.436, 34.749, 35.226, 35.555, 35.757, 35.884, 35.782, 35.672, 35.807, 35.897, 35.715, 35.874, 36.858, 36.957, 36.771, 37.307, 37.81, 37.647, 37.365, 37.104, 37.095, 37.687, 37.531, 36.927, 37.741, 38.765, 38.699, 38.825, 40.269, 41.268, 40.809, 40.982, 42.748, 43.553, 42.768, 42.272, 43.124, 44.625, 45.388, 45.16, 44.507, 42.926, 40.387, 38.962, 38.652, 38.498, 38.255, 37.769, 37.473, 38.207, 39.174, 39.141, 39.32, 39.913, 39.783, 39.425, 40.083, 40.693, 40.133, 39.0, 38.379, 38.281, 38.143, 39.221, 40.783, 40.724, 39.495, 39.214, 39.307, 38.658, 38.242, 38.665, 38.637, 37.976, 37.223, 36.665, 36.488, 36.444, 36.206, 36.189, 36.319, 35.973, 35.729, 35.724, 35.118, 34.273, 34.142, 34.153, 33.667, 33.542, 34.161, 35.307, 36.199, 36.331, 36.497, 36.671, 36.59, 37.179, 38.032, 38.626, 38.223, 37.344, 36.69, 36.218, 35.958, 35.887, 35.951, 36.163, 36.369, 36.265, 35.908, 35.692, 35.567, 35.845, 37.092, 38.275, 38.306, 37.186, 35.673, 34.6, 34.386, 34.642, 34.332, 33.646, 33.294, 33.059, 33.258, 33.632, 33.529, 33.567, 34.261, 34.404, 19.103], [21.678, 19.84, 15.965, 8.58, 0.0, 7.067, 12.042, 14.508, 17.214, 20.91, 22.964, 23.172, 24.767, 28.826, 32.476, 34.875, 35.646, 35.369, 35.301, 35.691, 36.217, 36.543, 37.254, 37.535, 36.68, 35.963, 35.992, 35.964, 35.656, 35.892, 36.183, 36.17, 36.662, 36.711, 35.735, 35.227, 35.21, 34.612, 34.667, 35.799, 36.364, 36.209, 36.306, 36.605, 36.718, 36.281, 35.477, 35.322, 35.801, 36.077, 35.71, 35.416, 35.265, 34.77, 34.327, 34.266, 34.343, 34.47, 34.552, 34.46, 34.468, 34.89, 35.377, 35.653, 36.237, 36.46, 35.797, 35.461, 35.575, 35.641, 35.8, 35.795, 35.125, 34.569, 34.949, 35.435, 35.754, 36.002, 36.247, 36.216, 36.088, 36.176, 36.285, 36.164, 36.417, 37.44, 37.496, 37.237, 37.729, 38.243, 38.089, 37.795, 37.539, 37.483, 37.92, 37.6, 36.897, 37.651, 38.632, 38.531, 38.607, 39.972, 40.869, 40.387, 40.576, 42.269, 42.944, 42.137, 41.666, 42.511, 44.015, 44.85, 44.685, 44.061, 42.53, 40.086, 38.734, 38.437, 38.273, 38.028, 37.569, 37.277, 37.986, 38.934, 38.866, 38.991, 39.568, 39.489, 39.181, 39.842, 40.495, 40.048, 39.025, 38.462, 38.398, 38.278, 39.448, 41.088, 41.046, 39.811, 39.502, 39.551, 38.86, 38.385, 38.753, 38.683, 38.007, 37.259, 36.741, 36.611, 36.569, 36.328, 36.338, 36.512, 36.226, 36.033, 36.066, 35.487, 34.643, 34.466, 34.454, 33.99, 33.882, 34.435, 35.539, 36.532, 36.781, 36.914, 37.047, 37.018, 37.672, 38.56, 39.175, 38.769, 37.849, 37.173, 36.733, 36.49, 36.414, 36.483, 36.717, 36.956, 36.902, 36.609, 36.476, 36.455, 36.805, 38.047, 39.225, 39.27, 38.088, 36.368, 35.132, 34.933, 35.223, 34.846, 34.083, 33.666, 33.405, 33.612, 33.984, 33.879, 33.896, 34.504, 34.6, 22.938], [24.633, 23.171, 20.175, 14.262, 7.067, 0.0, 6.373, 10.362, 14.361, 18.794, 21.086, 21.495, 23.547, 27.887, 31.513, 33.852, 34.705, 34.583, 34.624, 35.077, 35.639, 35.98, 36.694, 36.989, 36.281, 35.888, 36.144, 36.188, 35.971, 36.348, 36.78, 36.819, 37.27, 37.289, 36.328, 35.795, 35.731, 35.142, 35.22, 36.323, 36.864, 36.71, 36.795, 37.065, 37.164, 36.754, 36.016, 35.894, 36.347, 36.637, 36.318, 35.988, 35.736, 35.175, 34.757, 34.737, 34.823, 34.901, 34.933, 34.861, 34.915, 35.344, 35.829, 36.114, 36.699, 36.945, 36.289, 35.87, 35.904, 35.985, 36.216, 36.279, 35.659, 35.147, 35.532, 36.001, 36.318, 36.608, 36.906, 36.915, 36.809, 36.849, 36.937, 36.869, 37.186, 38.169, 38.158, 37.842, 38.289, 38.806, 38.673, 38.38, 38.132, 38.043, 38.35, 37.924, 37.171, 37.833, 38.739, 38.611, 38.648, 39.915, 40.705, 40.21, 40.42, 42.035, 42.591, 41.768, 41.333, 42.172, 43.642, 44.499, 44.382, 43.792, 42.326, 40.007, 38.763, 38.501, 38.338, 38.113, 37.698, 37.411, 38.062, 38.964, 38.888, 38.974, 39.51, 39.446, 39.158, 39.796, 40.477, 40.143, 39.238, 38.73, 38.688, 38.587, 39.735, 41.326, 41.271, 40.052, 39.73, 39.744, 39.036, 38.553, 38.908, 38.834, 38.172, 37.454, 36.977, 36.876, 36.833, 36.599, 36.616, 36.799, 36.566, 36.433, 36.512, 35.982, 35.188, 34.995, 34.942, 34.511, 34.487, 35.002, 36.004, 37.005, 37.295, 37.393, 37.501, 37.522, 38.228, 39.146, 39.787, 39.404, 38.486, 37.809, 37.387, 37.15, 37.068, 37.136, 37.374, 37.619, 37.589, 37.343, 37.276, 37.34, 37.745, 38.956, 40.1, 40.148, 38.969, 37.209, 35.948, 35.773, 36.047, 35.627, 34.853, 34.454, 34.18, 34.36, 34.714, 34.607, 34.609, 35.145, 35.209, 25.778], [26.603, 25.295, 22.625, 17.609, 12.042, 6.373, 0.0, 5.954, 12.352, 17.79, 20.261, 20.787, 23.228, 27.891, 31.573, 33.873, 34.77, 34.73, 34.812, 35.267, 35.81, 36.142, 36.845, 37.136, 36.496, 36.242, 36.591, 36.678, 36.493, 36.869, 37.304, 37.34, 37.767, 37.773, 36.808, 36.222, 36.118, 35.547, 35.614, 36.663, 37.182, 37.033, 37.114, 37.365, 37.449, 37.059, 36.368, 36.256, 36.689, 36.987, 36.69, 36.345, 36.08, 35.562, 35.218, 35.222, 35.304, 35.368, 35.379, 35.308, 35.379, 35.809, 36.28, 36.542, 37.111, 37.379, 36.763, 36.349, 36.356, 36.421, 36.665, 36.766, 36.186, 35.672, 36.033, 36.489, 36.806, 37.104, 37.384, 37.385, 37.306, 37.323, 37.373, 37.328, 37.663, 38.584, 38.531, 38.208, 38.646, 39.165, 39.049, 38.764, 38.516, 38.421, 38.687, 38.24, 37.483, 38.093, 38.948, 38.816, 38.865, 40.086, 40.807, 40.305, 40.529, 42.103, 42.601, 41.78, 41.368, 42.189, 43.614, 44.454, 44.353, 43.78, 42.341, 40.087, 38.914, 38.685, 38.535, 38.324, 37.927, 37.636, 38.24, 39.099, 39.025, 39.11, 39.625, 39.568, 39.308, 39.94, 40.61, 40.333, 39.514, 39.043, 39.001, 38.901, 39.993, 41.518, 41.464, 40.275, 39.948, 39.943, 39.238, 38.765, 39.131, 39.074, 38.429, 37.726, 37.261, 37.159, 37.109, 36.876, 36.882, 37.047, 36.831, 36.733, 36.849, 36.362, 35.613, 35.418, 35.332, 34.905, 34.919, 35.43, 36.393, 37.336, 37.564, 37.638, 37.742, 37.752, 38.448, 39.379, 40.051, 39.712, 38.826, 38.155, 37.733, 37.501, 37.424, 37.498, 37.743, 37.983, 37.939, 37.693, 37.645, 37.756, 38.204, 39.398, 40.516, 40.553, 39.387, 37.672, 36.463, 36.306, 36.558, 36.132, 35.385, 35.018, 34.75, 34.911, 35.245, 35.12, 35.102, 35.615, 35.677, 27.659], [27.541, 26.369, 23.988, 19.372, 14.508, 10.362, 5.954, 0.0, 8.132, 14.897, 17.876, 18.474, 21.239, 26.437, 30.406, 32.812, 33.774, 33.798, 33.948, 34.436, 34.977, 35.308, 36.027, 36.345, 35.76, 35.578, 36.001, 36.178, 36.076, 36.545, 37.072, 37.149, 37.6, 37.637, 36.694, 36.091, 35.981, 35.415, 35.463, 36.516, 37.043, 36.9, 36.996, 37.256, 37.336, 36.939, 36.238, 36.13, 36.577, 36.884, 36.572, 36.213, 35.957, 35.473, 35.15, 35.163, 35.245, 35.306, 35.305, 35.224, 35.303, 35.746, 36.215, 36.486, 37.069, 37.325, 36.706, 36.326, 36.356, 36.395, 36.614, 36.747, 36.171, 35.564, 35.876, 36.354, 36.686, 36.973, 37.238, 37.244, 37.178, 37.184, 37.211, 37.186, 37.55, 38.475, 38.409, 38.08, 38.53, 39.067, 38.956, 38.655, 38.395, 38.307, 38.587, 38.131, 37.36, 37.993, 38.855, 38.726, 38.807, 40.068, 40.787, 40.263, 40.485, 42.074, 42.559, 41.72, 41.307, 42.115, 43.52, 44.352, 44.259, 43.695, 42.238, 39.945, 38.747, 38.514, 38.375, 38.178, 37.781, 37.482, 38.096, 38.966, 38.884, 38.978, 39.513, 39.448, 39.176, 39.818, 40.493, 40.244, 39.439, 38.961, 38.925, 38.858, 40.017, 41.595, 41.564, 40.361, 40.017, 40.005, 39.293, 38.794, 39.116, 39.032, 38.382, 37.647, 37.151, 37.051, 37.006, 36.771, 36.763, 36.916, 36.696, 36.594, 36.708, 36.227, 35.5, 35.335, 35.249, 34.791, 34.786, 35.326, 36.335, 37.273, 37.47, 37.539, 37.644, 37.636, 38.346, 39.302, 39.982, 39.657, 38.778, 38.104, 37.682, 37.462, 37.394, 37.478, 37.738, 37.978, 37.916, 37.653, 37.596, 37.694, 38.135, 39.327, 40.445, 40.486, 39.302, 37.55, 36.298, 36.124, 36.396, 35.972, 35.19, 34.799, 34.552, 34.739, 35.072, 34.928, 34.901, 35.443, 35.521, 28.439], [28.549, 27.594, 25.662, 21.569, 17.214, 14.361, 12.352, 8.132, 0.0, 8.068, 12.348, 13.271, 16.235, 22.325, 26.828, 29.427, 30.556, 30.75, 31.059, 31.648, 32.238, 32.603, 33.39, 33.774, 33.318, 33.353, 33.993, 34.375, 34.479, 35.234, 36.046, 36.282, 36.806, 36.935, 36.117, 35.663, 35.644, 35.075, 35.158, 36.307, 36.87, 36.731, 36.832, 37.1, 37.189, 36.782, 36.032, 35.927, 36.421, 36.755, 36.41, 36.024, 35.784, 35.319, 34.968, 34.973, 35.063, 35.133, 35.13, 35.033, 35.128, 35.597, 36.065, 36.361, 36.988, 37.228, 36.574, 36.178, 36.21, 36.206, 36.379, 36.518, 35.897, 35.172, 35.447, 35.945, 36.289, 36.566, 36.844, 36.882, 36.848, 36.849, 36.831, 36.831, 37.286, 38.281, 38.216, 37.874, 38.34, 38.902, 38.776, 38.445, 38.178, 38.094, 38.379, 37.899, 37.113, 37.821, 38.723, 38.597, 38.727, 40.093, 40.86, 40.307, 40.52, 42.117, 42.557, 41.676, 41.259, 42.042, 43.385, 44.176, 44.075, 43.513, 42.035, 39.684, 38.44, 38.2, 38.069, 37.88, 37.478, 37.174, 37.817, 38.738, 38.667, 38.761, 39.311, 39.226, 38.899, 39.527, 40.213, 39.952, 39.103, 38.612, 38.599, 38.55, 39.793, 41.459, 41.451, 40.232, 39.898, 39.906, 39.176, 38.644, 38.927, 38.817, 38.172, 37.413, 36.902, 36.819, 36.787, 36.564, 36.573, 36.744, 36.528, 36.408, 36.508, 36.039, 35.339, 35.204, 35.139, 34.692, 34.701, 35.304, 36.406, 37.356, 37.54, 37.607, 37.717, 37.695, 38.445, 39.409, 40.045, 39.697, 38.804, 38.125, 37.723, 37.532, 37.467, 37.549, 37.81, 38.04, 37.939, 37.632, 37.56, 37.644, 38.061, 39.234, 40.359, 40.418, 39.175, 37.271, 35.87, 35.661, 35.96, 35.495, 34.616, 34.192, 33.971, 34.183, 34.54, 34.401, 34.388, 34.981, 35.078, 29.228], [30.37, 29.64, 28.166, 24.669, 20.91, 18.794, 17.79, 14.897, 8.068, 0.0, 5.679, 7.658, 10.884, 17.769, 22.872, 25.66, 26.921, 27.36, 27.91, 28.619, 29.257, 29.7, 30.595, 31.095, 30.893, 31.28, 32.191, 32.784, 33.161, 34.26, 35.398, 35.867, 36.484, 36.712, 36.15, 35.997, 36.088, 35.552, 35.695, 36.862, 37.419, 37.289, 37.377, 37.624, 37.702, 37.307, 36.576, 36.489, 36.977, 37.301, 36.952, 36.557, 36.318, 35.849, 35.494, 35.512, 35.607, 35.683, 35.685, 35.598, 35.713, 36.181, 36.627, 36.919, 37.548, 37.789, 37.154, 36.724, 36.73, 36.724, 36.876, 36.993, 36.339, 35.564, 35.807, 36.295, 36.627, 36.882, 37.166, 37.228, 37.228, 37.225, 37.157, 37.163, 37.692, 38.704, 38.644, 38.298, 38.753, 39.322, 39.204, 38.879, 38.65, 38.584, 38.841, 38.342, 37.576, 38.302, 39.204, 39.084, 39.229, 40.596, 41.341, 40.782, 40.976, 42.485, 42.862, 42.018, 41.621, 42.324, 43.55, 44.274, 44.162, 43.619, 42.189, 39.922, 38.739, 38.521, 38.402, 38.224, 37.855, 37.57, 38.176, 39.089, 39.04, 39.124, 39.663, 39.581, 39.245, 39.843, 40.489, 40.181, 39.305, 38.822, 38.815, 38.762, 39.984, 41.617, 41.633, 40.48, 40.205, 40.246, 39.543, 39.026, 39.284, 39.184, 38.59, 37.855, 37.386, 37.338, 37.315, 37.121, 37.17, 37.368, 37.189, 37.088, 37.194, 36.76, 36.103, 35.962, 35.886, 35.472, 35.484, 36.073, 37.204, 38.155, 38.332, 38.396, 38.494, 38.434, 39.177, 40.113, 40.683, 40.31, 39.414, 38.751, 38.406, 38.258, 38.193, 38.268, 38.517, 38.718, 38.582, 38.252, 38.191, 38.308, 38.727, 39.838, 40.926, 41.004, 39.756, 37.752, 36.25, 36.021, 36.325, 35.855, 34.965, 34.56, 34.359, 34.556, 34.895, 34.77, 34.773, 35.366, 35.468, 30.903], [31.382, 30.789, 29.595, 26.424, 22.964, 21.086, 20.261, 17.876, 12.348, 5.679, 0.0, 3.679, 8.825, 16.179, 21.48, 24.381, 25.659, 26.224, 26.967, 27.765, 28.39, 28.846, 29.761, 30.3, 30.238, 30.799, 31.828, 32.503, 33.043, 34.339, 35.618, 36.159, 36.779, 37.021, 36.576, 36.558, 36.694, 36.201, 36.352, 37.461, 37.989, 37.86, 37.947, 38.182, 38.244, 37.861, 37.168, 37.086, 37.544, 37.854, 37.519, 37.127, 36.867, 36.368, 36.021, 36.061, 36.156, 36.237, 36.255, 36.197, 36.338, 36.81, 37.239, 37.506, 38.103, 38.343, 37.754, 37.32, 37.3, 37.324, 37.511, 37.631, 36.972, 36.202, 36.438, 36.922, 37.246, 37.475, 37.76, 37.848, 37.833, 37.807, 37.734, 37.735, 38.25, 39.214, 39.144, 38.796, 39.237, 39.81, 39.718, 39.405, 39.202, 39.169, 39.406, 38.895, 38.155, 38.861, 39.742, 39.624, 39.747, 41.036, 41.721, 41.167, 41.342, 42.786, 43.173, 42.398, 42.011, 42.66, 43.841, 44.545, 44.434, 43.911, 42.535, 40.363, 39.242, 39.032, 38.924, 38.772, 38.441, 38.17, 38.73, 39.598, 39.543, 39.618, 40.149, 40.075, 39.754, 40.352, 40.967, 40.642, 39.787, 39.303, 39.273, 39.239, 40.435, 41.997, 42.016, 40.915, 40.667, 40.721, 40.045, 39.539, 39.768, 39.679, 39.115, 38.389, 37.957, 37.944, 37.928, 37.749, 37.816, 38.018, 37.861, 37.79, 37.91, 37.5, 36.876, 36.733, 36.644, 36.242, 36.235, 36.762, 37.855, 38.809, 39.016, 39.09, 39.171, 39.081, 39.8, 40.736, 41.291, 40.902, 40.0, 39.36, 39.064, 38.936, 38.867, 38.944, 39.19, 39.373, 39.228, 38.91, 38.865, 38.998, 39.421, 40.49, 41.551, 41.652, 40.466, 38.479, 36.96, 36.714, 37.009, 36.572, 35.708, 35.308, 35.115, 35.3, 35.599, 35.479, 35.482, 36.043, 36.141, 31.899], [31.148, 30.57, 29.44, 26.412, 23.172, 21.495, 20.787, 18.474, 13.271, 7.658, 3.679, 0.0, 6.994, 15.404, 21.108, 24.14, 25.427, 25.987, 26.772, 27.613, 28.242, 28.682, 29.57, 30.086, 30.005, 30.545, 31.567, 32.225, 32.766, 34.1, 35.408, 35.949, 36.574, 36.818, 36.371, 36.371, 36.53, 36.034, 36.184, 37.305, 37.839, 37.705, 37.799, 38.054, 38.125, 37.728, 37.007, 36.904, 37.361, 37.679, 37.341, 36.953, 36.697, 36.189, 35.831, 35.867, 35.964, 36.067, 36.115, 36.063, 36.214, 36.715, 37.154, 37.408, 37.999, 38.234, 37.645, 37.218, 37.196, 37.212, 37.407, 37.533, 36.856, 36.067, 36.314, 36.82, 37.155, 37.369, 37.635, 37.735, 37.726, 37.693, 37.612, 37.601, 38.094, 39.053, 38.978, 38.629, 39.085, 39.673, 39.585, 39.264, 39.06, 39.047, 39.307, 38.806, 38.068, 38.8, 39.701, 39.583, 39.694, 40.985, 41.686, 41.139, 41.305, 42.754, 43.166, 42.396, 42.002, 42.667, 43.883, 44.606, 44.493, 43.959, 42.563, 40.371, 39.233, 39.011, 38.901, 38.744, 38.401, 38.126, 38.692, 39.558, 39.486, 39.566, 40.115, 40.029, 39.685, 40.295, 40.937, 40.626, 39.775, 39.284, 39.247, 39.219, 40.413, 41.964, 41.978, 40.864, 40.601, 40.655, 39.969, 39.452, 39.674, 39.583, 39.013, 38.273, 37.839, 37.837, 37.826, 37.646, 37.71, 37.914, 37.748, 37.659, 37.768, 37.36, 36.742, 36.61, 36.534, 36.147, 36.149, 36.671, 37.779, 38.753, 38.963, 39.039, 39.12, 38.997, 39.696, 40.64, 41.191, 40.783, 39.864, 39.222, 38.929, 38.802, 38.732, 38.815, 39.072, 39.257, 39.103, 38.778, 38.723, 38.844, 39.26, 40.337, 41.418, 41.529, 40.341, 38.356, 36.839, 36.589, 36.886, 36.453, 35.574, 35.163, 34.987, 35.199, 35.496, 35.366, 35.367, 35.927, 36.023, 31.669], [32.213, 31.579, 30.458, 27.631, 24.767, 23.547, 23.228, 21.239, 16.235, 10.884, 8.825, 6.994, 0.0, 9.9, 17.359, 21.236, 22.616, 23.263, 24.232, 25.197, 25.891, 26.409, 27.494, 28.232, 28.325, 29.014, 30.157, 30.901, 31.544, 32.996, 34.43, 35.147, 35.917, 36.252, 35.954, 36.152, 36.388, 35.88, 36.096, 37.298, 37.828, 37.663, 37.728, 37.98, 38.06, 37.668, 36.968, 36.882, 37.305, 37.585, 37.249, 36.924, 36.771, 36.333, 35.99, 36.015, 36.117, 36.245, 36.316, 36.244, 36.368, 36.877, 37.317, 37.552, 38.132, 38.37, 37.807, 37.429, 37.432, 37.411, 37.542, 37.615, 36.88, 36.01, 36.221, 36.747, 37.073, 37.237, 37.426, 37.495, 37.521, 37.504, 37.372, 37.313, 37.831, 38.851, 38.813, 38.487, 38.961, 39.555, 39.463, 39.143, 38.928, 38.894, 39.191, 38.75, 38.067, 38.866, 39.793, 39.665, 39.764, 41.1, 41.835, 41.272, 41.414, 42.817, 43.184, 42.414, 42.029, 42.686, 43.905, 44.629, 44.508, 43.965, 42.545, 40.329, 39.18, 38.949, 38.822, 38.631, 38.27, 38.003, 38.542, 39.378, 39.325, 39.439, 40.01, 39.916, 39.546, 40.134, 40.776, 40.467, 39.639, 39.181, 39.157, 39.127, 40.29, 41.81, 41.835, 40.768, 40.523, 40.585, 39.92, 39.455, 39.715, 39.648, 39.119, 38.42, 37.998, 37.977, 37.954, 37.776, 37.849, 38.071, 37.904, 37.784, 37.867, 37.467, 36.857, 36.728, 36.682, 36.344, 36.352, 36.89, 38.065, 39.043, 39.192, 39.257, 39.319, 39.101, 39.726, 40.608, 41.082, 40.653, 39.757, 39.122, 38.842, 38.731, 38.658, 38.728, 38.984, 39.186, 39.037, 38.683, 38.589, 38.687, 39.061, 40.098, 41.183, 41.281, 40.01, 37.953, 36.432, 36.201, 36.508, 36.108, 35.292, 34.965, 34.844, 35.072, 35.388, 35.26, 35.257, 35.809, 35.911, 32.661], [35.386, 34.767, 33.801, 31.361, 28.826, 27.887, 27.891, 26.437, 22.325, 17.769, 16.179, 15.404, 9.9, 0.0, 9.578, 15.41, 17.402, 18.318, 19.68, 20.904, 21.691, 22.416, 24.013, 25.312, 25.876, 27.041, 28.587, 29.611, 30.561, 32.239, 33.853, 34.86, 35.845, 36.358, 36.457, 37.068, 37.419, 36.943, 37.258, 38.465, 38.925, 38.725, 38.755, 38.964, 39.026, 38.704, 38.194, 38.223, 38.556, 38.737, 38.452, 38.244, 38.19, 37.814, 37.543, 37.609, 37.724, 37.842, 37.914, 37.851, 37.948, 38.413, 38.834, 39.058, 39.569, 39.774, 39.292, 38.97, 38.961, 38.924, 39.025, 39.033, 38.231, 37.231, 37.31, 37.819, 38.136, 38.226, 38.302, 38.33, 38.395, 38.381, 38.201, 38.111, 38.692, 39.757, 39.756, 39.457, 39.916, 40.501, 40.444, 40.164, 39.927, 39.817, 40.089, 39.709, 39.12, 39.908, 40.792, 40.653, 40.745, 42.051, 42.713, 42.12, 42.246, 43.518, 43.775, 43.056, 42.721, 43.311, 44.441, 45.099, 44.96, 44.448, 43.1, 41.004, 39.925, 39.702, 39.574, 39.382, 39.055, 38.802, 39.224, 39.965, 39.965, 40.106, 40.63, 40.513, 40.144, 40.665, 41.2, 40.848, 40.114, 39.743, 39.716, 39.686, 40.775, 42.158, 42.172, 41.28, 41.16, 41.23, 40.618, 40.313, 40.658, 40.642, 40.2, 39.622, 39.279, 39.246, 39.187, 39.022, 39.124, 39.358, 39.215, 39.106, 39.183, 38.816, 38.261, 38.146, 38.131, 37.854, 37.842, 38.31, 39.41, 40.302, 40.419, 40.482, 40.51, 40.266, 40.882, 41.713, 42.099, 41.655, 40.814, 40.224, 39.984, 39.896, 39.813, 39.845, 40.078, 40.304, 40.213, 39.892, 39.788, 39.866, 40.182, 41.125, 42.154, 42.226, 40.927, 38.789, 37.261, 37.083, 37.333, 36.948, 36.287, 36.129, 36.071, 36.25, 36.565, 36.473, 36.482, 36.999, 37.119, 35.712], [38.135, 37.62, 36.87, 34.83, 32.476, 31.513, 31.573, 30.406, 26.828, 22.872, 21.48, 21.108, 17.359, 9.578, 0.0, 7.81, 11.597, 13.497, 15.31, 16.804, 17.74, 18.768, 20.841, 22.688, 23.952, 25.926, 28.081, 29.469, 30.76, 32.676, 34.443, 35.618, 36.684, 37.319, 37.749, 38.658, 39.068, 38.654, 39.016, 40.123, 40.494, 40.302, 40.341, 40.511, 40.544, 40.295, 39.957, 40.077, 40.338, 40.452, 40.229, 40.057, 39.965, 39.613, 39.47, 39.616, 39.74, 39.839, 39.891, 39.845, 39.944, 40.348, 40.739, 40.974, 41.423, 41.564, 41.128, 40.82, 40.765, 40.723, 40.838, 40.826, 39.999, 38.921, 38.867, 39.332, 39.646, 39.681, 39.667, 39.702, 39.834, 39.806, 39.611, 39.539, 40.13, 41.116, 41.087, 40.779, 41.18, 41.739, 41.735, 41.503, 41.264, 41.122, 41.361, 41.028, 40.511, 41.202, 41.979, 41.846, 41.958, 43.165, 43.697, 43.107, 43.24, 44.358, 44.495, 43.86, 43.596, 44.138, 45.185, 45.778, 45.636, 45.161, 43.938, 42.068, 41.126, 40.931, 40.83, 40.675, 40.393, 40.132, 40.432, 41.092, 41.143, 41.272, 41.702, 41.562, 41.216, 41.654, 42.064, 41.695, 41.084, 40.808, 40.759, 40.709, 41.706, 42.945, 42.915, 42.145, 42.116, 42.172, 41.602, 41.407, 41.766, 41.765, 41.402, 40.951, 40.725, 40.732, 40.66, 40.526, 40.674, 40.925, 40.823, 40.737, 40.801, 40.469, 39.993, 39.905, 39.914, 39.725, 39.748, 40.129, 41.084, 41.847, 41.938, 41.984, 41.994, 41.787, 42.425, 43.243, 43.61, 43.193, 42.406, 41.862, 41.668, 41.609, 41.53, 41.553, 41.771, 41.994, 41.929, 41.654, 41.585, 41.646, 41.879, 42.712, 43.646, 43.691, 42.523, 40.475, 39.02, 38.891, 39.057, 38.639, 38.055, 37.949, 37.871, 37.973, 38.258, 38.217, 38.279, 38.773, 38.897, 38.35], [40.035, 39.63, 39.023, 37.176, 34.875, 33.852, 33.873, 32.812, 29.427, 25.66, 24.381, 24.14, 21.236, 15.41, 7.81, 0.0, 5.891, 9.991, 12.583, 14.21, 15.298, 16.681, 18.991, 21.117, 23.089, 25.862, 28.488, 30.112, 31.652, 33.793, 35.711, 36.962, 38.003, 38.656, 39.191, 40.156, 40.578, 40.253, 40.642, 41.652, 41.966, 41.796, 41.847, 41.99, 42.013, 41.793, 41.51, 41.627, 41.834, 41.927, 41.741, 41.542, 41.342, 40.949, 40.87, 41.055, 41.163, 41.243, 41.286, 41.251, 41.354, 41.713, 42.06, 42.278, 42.687, 42.799, 42.393, 42.098, 42.018, 41.97, 42.097, 42.111, 41.358, 40.368, 40.304, 40.732, 41.017, 41.03, 41.001, 41.046, 41.19, 41.119, 40.92, 40.887, 41.451, 42.305, 42.241, 41.915, 42.237, 42.747, 42.747, 42.523, 42.305, 42.177, 42.394, 42.092, 41.614, 42.199, 42.866, 42.729, 42.832, 43.891, 44.28, 43.723, 43.856, 44.789, 44.828, 44.299, 44.091, 44.582, 45.588, 46.191, 46.076, 45.621, 44.496, 42.847, 42.091, 41.979, 41.924, 41.798, 41.552, 41.296, 41.508, 42.101, 42.195, 42.315, 42.692, 42.605, 42.355, 42.738, 43.081, 42.786, 42.33, 42.129, 42.087, 42.055, 42.984, 44.12, 44.064, 43.328, 43.27, 43.285, 42.744, 42.534, 42.805, 42.789, 42.486, 42.11, 41.953, 41.996, 41.937, 41.839, 42.025, 42.291, 42.225, 42.148, 42.183, 41.868, 41.446, 41.364, 41.387, 41.281, 41.369, 41.686, 42.501, 43.166, 43.231, 43.257, 43.235, 43.025, 43.643, 44.436, 44.794, 44.433, 43.713, 43.204, 43.038, 42.998, 42.932, 42.962, 43.165, 43.361, 43.295, 43.057, 43.033, 43.096, 43.239, 43.906, 44.724, 44.783, 43.807, 41.974, 40.647, 40.533, 40.668, 40.267, 39.727, 39.589, 39.486, 39.559, 39.795, 39.783, 39.871, 40.276, 40.374, 40.186], [40.622, 40.249, 39.696, 37.894, 35.646, 34.705, 34.77, 33.774, 30.556, 26.921, 25.659, 25.427, 22.616, 17.402, 11.597, 5.891, 0.0, 5.74, 9.535, 11.616, 12.883, 14.65, 17.374, 19.779, 22.11, 25.265, 28.146, 29.879, 31.501, 33.739, 35.728, 37.039, 38.106, 38.771, 39.306, 40.265, 40.711, 40.435, 40.869, 41.896, 42.215, 42.054, 42.117, 42.27, 42.298, 42.068, 41.783, 41.896, 42.096, 42.185, 42.012, 41.82, 41.584, 41.152, 41.073, 41.261, 41.356, 41.435, 41.496, 41.477, 41.592, 41.957, 42.301, 42.508, 42.903, 43.009, 42.615, 42.331, 42.247, 42.195, 42.317, 42.33, 41.609, 40.688, 40.658, 41.085, 41.353, 41.35, 41.329, 41.376, 41.491, 41.384, 41.187, 41.161, 41.698, 42.505, 42.435, 42.1, 42.397, 42.897, 42.901, 42.676, 42.468, 42.37, 42.616, 42.334, 41.874, 42.458, 43.112, 42.954, 43.023, 44.046, 44.42, 43.874, 43.979, 44.821, 44.822, 44.312, 44.11, 44.589, 45.606, 46.227, 46.129, 45.689, 44.577, 42.949, 42.232, 42.162, 42.128, 41.994, 41.743, 41.495, 41.689, 42.258, 42.376, 42.517, 42.889, 42.83, 42.643, 43.034, 43.369, 43.1, 42.672, 42.479, 42.455, 42.442, 43.36, 44.477, 44.42, 43.673, 43.584, 43.597, 43.093, 42.889, 43.139, 43.115, 42.815, 42.446, 42.296, 42.329, 42.264, 42.174, 42.367, 42.63, 42.56, 42.463, 42.467, 42.154, 41.747, 41.667, 41.683, 41.571, 41.661, 41.97, 42.758, 43.421, 43.474, 43.495, 43.468, 43.236, 43.836, 44.631, 44.986, 44.634, 43.937, 43.438, 43.267, 43.216, 43.147, 43.178, 43.374, 43.555, 43.49, 43.267, 43.248, 43.301, 43.412, 44.012, 44.797, 44.87, 43.93, 42.16, 40.894, 40.788, 40.929, 40.553, 40.029, 39.893, 39.814, 39.885, 40.086, 40.077, 40.163, 40.523, 40.617, 40.762], [40.191, 39.792, 39.243, 37.481, 35.369, 34.583, 34.73, 33.798, 30.75, 27.36, 26.224, 25.987, 23.263, 18.318, 13.497, 9.991, 5.74, 0.0, 4.9, 8.075, 9.878, 12.111, 15.434, 18.139, 20.501, 23.725, 26.738, 28.565, 30.192, 32.384, 34.346, 35.712, 36.885, 37.609, 38.163, 39.184, 39.672, 39.387, 39.894, 41.054, 41.439, 41.279, 41.361, 41.561, 41.618, 41.366, 41.036, 41.157, 41.404, 41.511, 41.316, 41.139, 40.921, 40.467, 40.353, 40.52, 40.616, 40.725, 40.825, 40.815, 40.939, 41.338, 41.712, 41.938, 42.35, 42.452, 42.04, 41.755, 41.678, 41.624, 41.738, 41.713, 40.942, 40.01, 39.991, 40.428, 40.705, 40.694, 40.661, 40.718, 40.844, 40.75, 40.549, 40.509, 41.029, 41.841, 41.758, 41.415, 41.738, 42.268, 42.287, 42.064, 41.855, 41.778, 42.081, 41.805, 41.327, 41.968, 42.673, 42.511, 42.594, 43.709, 44.182, 43.629, 43.706, 44.605, 44.658, 44.112, 43.89, 44.419, 45.505, 46.153, 46.047, 45.607, 44.452, 42.693, 41.853, 41.741, 41.696, 41.533, 41.23, 40.965, 41.201, 41.809, 41.943, 42.112, 42.502, 42.416, 42.201, 42.626, 42.981, 42.628, 42.076, 41.848, 41.83, 41.769, 42.704, 43.889, 43.846, 43.059, 42.98, 43.033, 42.547, 42.38, 42.673, 42.646, 42.319, 41.921, 41.744, 41.751, 41.678, 41.587, 41.781, 42.033, 41.932, 41.805, 41.797, 41.48, 41.064, 40.986, 40.996, 40.843, 40.899, 41.244, 42.103, 42.809, 42.843, 42.86, 42.857, 42.613, 43.22, 44.032, 44.386, 44.011, 43.301, 42.79, 42.595, 42.524, 42.448, 42.48, 42.678, 42.862, 42.798, 42.568, 42.53, 42.563, 42.668, 43.308, 44.143, 44.212, 43.188, 41.319, 40.014, 39.917, 40.067, 39.661, 39.093, 38.966, 38.904, 38.962, 39.155, 39.144, 39.264, 39.709, 39.84, 40.304], [39.896, 39.488, 38.932, 37.25, 35.301, 34.624, 34.812, 33.948, 31.059, 27.91, 26.967, 26.772, 24.232, 19.68, 15.31, 12.583, 9.535, 4.9, 0.0, 4.17, 7.247, 10.228, 13.886, 16.846, 19.401, 22.674, 25.723, 27.645, 29.323, 31.438, 33.316, 34.713, 35.983, 36.774, 37.388, 38.497, 39.015, 38.716, 39.261, 40.495, 40.918, 40.754, 40.831, 41.052, 41.138, 40.894, 40.541, 40.66, 40.945, 41.069, 40.849, 40.663, 40.462, 40.017, 39.878, 40.024, 40.121, 40.254, 40.372, 40.355, 40.471, 40.875, 41.265, 41.503, 41.919, 42.017, 41.589, 41.311, 41.253, 41.203, 41.312, 41.265, 40.467, 39.529, 39.508, 39.936, 40.223, 40.209, 40.142, 40.194, 40.358, 40.292, 40.083, 40.03, 40.542, 41.349, 41.256, 40.92, 41.271, 41.825, 41.856, 41.637, 41.42, 41.341, 41.668, 41.404, 40.919, 41.588, 42.317, 42.159, 42.264, 43.436, 43.973, 43.428, 43.498, 44.45, 44.557, 44.001, 43.773, 44.334, 45.456, 46.112, 45.992, 45.542, 44.359, 42.523, 41.603, 41.457, 41.407, 41.228, 40.891, 40.617, 40.887, 41.521, 41.655, 41.832, 42.242, 42.148, 41.897, 42.342, 42.719, 42.299, 41.654, 41.41, 41.393, 41.285, 42.216, 43.443, 43.408, 42.604, 42.541, 42.618, 42.12, 41.954, 42.276, 42.257, 41.919, 41.503, 41.301, 41.297, 41.224, 41.137, 41.337, 41.585, 41.466, 41.331, 41.329, 41.02, 40.599, 40.51, 40.518, 40.356, 40.396, 40.755, 41.654, 42.358, 42.362, 42.377, 42.39, 42.16, 42.785, 43.581, 43.914, 43.532, 42.832, 42.326, 42.122, 42.046, 41.971, 41.997, 42.189, 42.375, 42.314, 42.087, 42.052, 42.077, 42.181, 42.851, 43.708, 43.76, 42.68, 40.753, 39.417, 39.323, 39.477, 39.052, 38.469, 38.36, 38.301, 38.34, 38.519, 38.509, 38.653, 39.162, 39.322, 39.965], [40.029, 39.638, 39.083, 37.493, 35.691, 35.077, 35.267, 34.436, 31.648, 28.619, 27.765, 27.613, 25.197, 20.904, 16.804, 14.21, 11.616, 8.075, 4.17, 0.0, 4.414, 8.865, 13.081, 16.171, 18.989, 22.407, 25.427, 27.381, 29.121, 31.2, 33.037, 34.457, 35.76, 36.589, 37.287, 38.485, 39.026, 38.74, 39.297, 40.512, 40.924, 40.76, 40.826, 41.034, 41.124, 40.905, 40.569, 40.682, 40.965, 41.096, 40.874, 40.672, 40.477, 40.066, 39.944, 40.084, 40.177, 40.307, 40.416, 40.388, 40.492, 40.876, 41.259, 41.494, 41.895, 41.985, 41.563, 41.298, 41.263, 41.231, 41.327, 41.269, 40.487, 39.567, 39.541, 39.959, 40.246, 40.227, 40.139, 40.193, 40.395, 40.346, 40.133, 40.088, 40.613, 41.408, 41.304, 40.978, 41.336, 41.894, 41.931, 41.714, 41.49, 41.39, 41.694, 41.435, 40.969, 41.638, 42.353, 42.189, 42.295, 43.446, 43.973, 43.438, 43.496, 44.425, 44.555, 44.033, 43.811, 44.354, 45.441, 46.071, 45.947, 45.502, 44.332, 42.514, 41.611, 41.473, 41.422, 41.24, 40.902, 40.636, 40.91, 41.541, 41.679, 41.863, 42.281, 42.196, 41.945, 42.4, 42.777, 42.335, 41.683, 41.45, 41.436, 41.313, 42.212, 43.417, 43.388, 42.604, 42.548, 42.62, 42.101, 41.909, 42.221, 42.215, 41.893, 41.465, 41.239, 41.233, 41.173, 41.094, 41.294, 41.539, 41.425, 41.301, 41.312, 41.025, 40.624, 40.532, 40.537, 40.402, 40.461, 40.81, 41.685, 42.354, 42.347, 42.367, 42.376, 42.163, 42.784, 43.548, 43.87, 43.497, 42.817, 42.327, 42.135, 42.072, 42.001, 42.019, 42.194, 42.368, 42.304, 42.086, 42.063, 42.095, 42.196, 42.849, 43.677, 43.72, 42.654, 40.751, 39.439, 39.351, 39.5, 39.088, 38.546, 38.47, 38.422, 38.451, 38.612, 38.609, 38.764, 39.27, 39.428, 40.077], [40.306, 39.931, 39.405, 37.913, 36.217, 35.639, 35.81, 34.977, 32.238, 29.257, 28.39, 28.242, 25.891, 21.691, 17.74, 15.298, 12.883, 9.878, 7.247, 4.414, 0.0, 5.94, 11.503, 15.045, 17.994, 21.701, 24.868, 26.821, 28.565, 30.681, 32.585, 34.082, 35.422, 36.29, 37.098, 38.422, 39.011, 38.755, 39.361, 40.59, 40.995, 40.831, 40.894, 41.089, 41.175, 40.976, 40.671, 40.785, 41.048, 41.174, 40.963, 40.761, 40.577, 40.194, 40.094, 40.244, 40.335, 40.454, 40.548, 40.513, 40.617, 41.0, 41.378, 41.611, 42.008, 42.098, 41.684, 41.422, 41.397, 41.378, 41.457, 41.38, 40.607, 39.695, 39.664, 40.078, 40.359, 40.336, 40.256, 40.334, 40.553, 40.504, 40.293, 40.271, 40.82, 41.613, 41.497, 41.157, 41.5, 42.055, 42.09, 41.865, 41.629, 41.516, 41.803, 41.538, 41.106, 41.799, 42.503, 42.338, 42.448, 43.568, 44.053, 43.512, 43.566, 44.462, 44.594, 44.097, 43.878, 44.391, 45.435, 46.038, 45.925, 45.497, 44.344, 42.548, 41.671, 41.546, 41.486, 41.291, 40.954, 40.691, 40.962, 41.595, 41.759, 41.967, 42.393, 42.314, 42.078, 42.537, 42.899, 42.422, 41.761, 41.54, 41.53, 41.407, 42.268, 43.451, 43.435, 42.671, 42.618, 42.679, 42.153, 41.964, 42.265, 42.255, 41.943, 41.51, 41.268, 41.257, 41.199, 41.12, 41.315, 41.562, 41.458, 41.336, 41.341, 41.062, 40.692, 40.618, 40.628, 40.524, 40.627, 40.986, 41.843, 42.486, 42.483, 42.508, 42.513, 42.305, 42.906, 43.663, 43.995, 43.622, 42.938, 42.449, 42.26, 42.204, 42.135, 42.146, 42.314, 42.476, 42.393, 42.162, 42.134, 42.167, 42.265, 42.891, 43.684, 43.724, 42.691, 40.812, 39.524, 39.449, 39.592, 39.194, 38.694, 38.648, 38.6, 38.621, 38.778, 38.781, 38.962, 39.469, 39.615, 40.332], [40.389, 40.034, 39.58, 38.182, 36.543, 35.98, 36.142, 35.308, 32.603, 29.7, 28.846, 28.682, 26.409, 22.416, 18.768, 16.681, 14.65, 12.111, 10.228, 8.865, 5.94, 0.0, 6.961, 11.858, 15.368, 19.514, 23.181, 25.381, 27.236, 29.478, 31.499, 33.138, 34.61, 35.562, 36.497, 37.969, 38.617, 38.374, 39.05, 40.35, 40.778, 40.627, 40.708, 40.918, 41.011, 40.815, 40.509, 40.635, 40.922, 41.045, 40.809, 40.605, 40.427, 40.042, 39.946, 40.102, 40.196, 40.316, 40.4, 40.352, 40.461, 40.871, 41.264, 41.501, 41.916, 42.012, 41.582, 41.294, 41.265, 41.234, 41.284, 41.181, 40.381, 39.45, 39.409, 39.81, 40.089, 40.075, 40.011, 40.098, 40.308, 40.256, 40.055, 40.033, 40.558, 41.357, 41.248, 40.901, 41.241, 41.806, 41.854, 41.631, 41.387, 41.277, 41.584, 41.35, 41.0, 41.764, 42.485, 42.328, 42.447, 43.579, 44.073, 43.534, 43.604, 44.528, 44.664, 44.153, 43.927, 44.432, 45.465, 46.061, 45.949, 45.52, 44.345, 42.51, 41.607, 41.471, 41.402, 41.196, 40.848, 40.582, 40.863, 41.503, 41.661, 41.87, 42.308, 42.225, 41.966, 42.435, 42.818, 42.324, 41.629, 41.395, 41.392, 41.283, 42.127, 43.31, 43.294, 42.518, 42.469, 42.554, 42.039, 41.846, 42.145, 42.119, 41.794, 41.364, 41.128, 41.114, 41.043, 40.948, 41.137, 41.394, 41.286, 41.137, 41.107, 40.808, 40.444, 40.392, 40.413, 40.315, 40.444, 40.845, 41.746, 42.4, 42.388, 42.41, 42.431, 42.235, 42.841, 43.608, 43.941, 43.56, 42.868, 42.365, 42.161, 42.098, 42.022, 42.037, 42.219, 42.38, 42.273, 42.015, 41.966, 41.983, 42.083, 42.734, 43.533, 43.542, 42.495, 40.63, 39.332, 39.258, 39.414, 39.022, 38.507, 38.451, 38.376, 38.388, 38.553, 38.559, 38.723, 39.221, 39.359, 40.368], [40.796, 40.511, 40.15, 38.846, 37.254, 36.694, 36.845, 36.027, 33.39, 30.595, 29.761, 29.57, 27.494, 24.013, 20.841, 18.991, 17.374, 15.434, 13.886, 13.081, 11.503, 6.961, 0.0, 6.579, 12.204, 17.53, 21.795, 24.422, 26.663, 29.149, 31.278, 33.016, 34.559, 35.538, 36.548, 38.094, 38.76, 38.543, 39.257, 40.555, 40.989, 40.879, 41.001, 41.231, 41.336, 41.148, 40.836, 40.955, 41.258, 41.39, 41.138, 40.917, 40.719, 40.355, 40.309, 40.459, 40.53, 40.645, 40.717, 40.644, 40.735, 41.128, 41.505, 41.725, 42.123, 42.215, 41.788, 41.498, 41.47, 41.433, 41.455, 41.328, 40.543, 39.67, 39.628, 39.989, 40.254, 40.259, 40.21, 40.285, 40.486, 40.441, 40.253, 40.212, 40.675, 41.438, 41.346, 41.026, 41.375, 41.941, 42.005, 41.803, 41.581, 41.496, 41.806, 41.618, 41.371, 42.163, 42.868, 42.719, 42.828, 43.924, 44.413, 43.888, 43.966, 44.899, 45.048, 44.546, 44.322, 44.81, 45.8, 46.369, 46.253, 45.818, 44.65, 42.85, 41.971, 41.839, 41.783, 41.591, 41.259, 41.002, 41.271, 41.868, 41.966, 42.132, 42.562, 42.472, 42.188, 42.654, 43.076, 42.66, 42.032, 41.801, 41.797, 41.688, 42.466, 43.588, 43.57, 42.798, 42.752, 42.872, 42.374, 42.123, 42.38, 42.36, 42.037, 41.615, 41.399, 41.394, 41.327, 41.229, 41.414, 41.671, 41.56, 41.389, 41.336, 41.03, 40.663, 40.604, 40.632, 40.55, 40.695, 41.094, 41.999, 42.67, 42.668, 42.691, 42.714, 42.523, 43.123, 43.879, 44.201, 43.827, 43.153, 42.66, 42.457, 42.389, 42.31, 42.33, 42.509, 42.654, 42.533, 42.273, 42.219, 42.222, 42.297, 42.92, 43.704, 43.695, 42.701, 40.959, 39.717, 39.643, 39.803, 39.448, 38.964, 38.898, 38.79, 38.808, 38.987, 39.002, 39.099, 39.509, 39.629, 40.766], [40.865, 40.626, 40.312, 39.073, 37.535, 36.989, 37.136, 36.345, 33.774, 31.095, 30.3, 30.086, 28.232, 25.312, 22.688, 21.117, 19.779, 18.139, 16.846, 16.171, 15.045, 11.858, 6.579, 0.0, 8.005, 15.41, 20.456, 23.302, 25.819, 28.595, 30.921, 32.737, 34.3, 35.288, 36.303, 37.871, 38.564, 38.357, 39.107, 40.449, 40.92, 40.847, 41.006, 41.257, 41.378, 41.199, 40.877, 40.967, 41.267, 41.432, 41.193, 40.952, 40.726, 40.355, 40.291, 40.417, 40.469, 40.574, 40.655, 40.584, 40.656, 41.022, 41.377, 41.576, 41.96, 42.055, 41.635, 41.353, 41.335, 41.308, 41.33, 41.197, 40.436, 39.621, 39.596, 39.946, 40.206, 40.232, 40.19, 40.244, 40.444, 40.408, 40.223, 40.187, 40.669, 41.455, 41.368, 41.048, 41.405, 41.977, 42.037, 41.831, 41.63, 41.578, 41.891, 41.684, 41.434, 42.248, 42.965, 42.826, 42.952, 44.056, 44.553, 44.017, 44.098, 45.067, 45.216, 44.678, 44.455, 44.963, 45.938, 46.482, 46.366, 45.928, 44.749, 42.94, 42.066, 41.951, 41.903, 41.704, 41.378, 41.136, 41.406, 41.98, 42.043, 42.19, 42.616, 42.51, 42.217, 42.684, 43.139, 42.813, 42.259, 42.03, 42.018, 41.889, 42.632, 43.72, 43.703, 42.921, 42.869, 43.006, 42.506, 42.206, 42.424, 42.401, 42.06, 41.597, 41.367, 41.369, 41.313, 41.216, 41.4, 41.658, 41.534, 41.338, 41.268, 40.956, 40.582, 40.517, 40.55, 40.478, 40.64, 41.045, 41.963, 42.694, 42.738, 42.773, 42.788, 42.585, 43.154, 43.902, 44.234, 43.858, 43.188, 42.705, 42.492, 42.411, 42.334, 42.355, 42.516, 42.642, 42.518, 42.26, 42.209, 42.217, 42.265, 42.846, 43.623, 43.633, 42.69, 41.012, 39.777, 39.699, 39.852, 39.502, 39.059, 38.997, 38.864, 38.889, 39.088, 39.116, 39.201, 39.577, 39.687, 40.858], [39.805, 39.507, 39.176, 38.029, 36.68, 36.281, 36.496, 35.76, 33.318, 30.893, 30.238, 30.005, 28.325, 25.876, 23.952, 23.089, 22.11, 20.501, 19.401, 18.989, 17.994, 15.368, 12.204, 8.005, 0.0, 9.459, 16.35, 19.87, 22.498, 25.541, 28.187, 30.222, 32.032, 33.192, 34.289, 36.019, 36.835, 36.595, 37.421, 38.953, 39.532, 39.477, 39.658, 39.956, 40.108, 39.903, 39.51, 39.592, 39.948, 40.154, 39.907, 39.683, 39.472, 39.015, 38.819, 38.933, 39.014, 39.138, 39.256, 39.202, 39.293, 39.721, 40.115, 40.305, 40.726, 40.841, 40.381, 40.086, 40.091, 40.077, 40.11, 39.964, 39.143, 38.28, 38.284, 38.68, 38.974, 39.011, 38.954, 38.973, 39.134, 39.108, 38.938, 38.895, 39.392, 40.289, 40.231, 39.89, 40.281, 40.891, 40.952, 40.73, 40.516, 40.491, 40.87, 40.667, 40.381, 41.273, 42.086, 41.968, 42.131, 43.382, 43.98, 43.397, 43.514, 44.669, 44.833, 44.149, 43.888, 44.462, 45.498, 46.061, 45.937, 45.457, 44.159, 42.134, 41.126, 40.996, 40.925, 40.662, 40.278, 40.033, 40.376, 41.024, 41.088, 41.253, 41.701, 41.556, 41.229, 41.745, 42.265, 41.957, 41.341, 41.054, 41.045, 40.914, 41.7