[[0.0, 10.826, 17.195, 21.203, 25.949, 29.1, 30.762, 32.625, 33.965, 34.499, 34.868, 36.182, 37.814, 38.218, 39.031, 40.339, 40.708, 40.638, 41.326, 42.275, 42.241, 40.938, 39.007, 38.659, 39.607, 40.049, 40.508, 41.023, 43.518, 46.036, 47.498, 48.35, 48.581, 47.922, 47.58, 47.232, 46.159, 45.359, 45.16, 45.931, 46.35, 46.736, 47.828, 47.107, 44.578, 43.042, 43.213, 44.215, 42.012, 39.405, 39.919, 40.845, 40.686, 41.66, 42.107, 41.924, 42.51, 43.378, 43.989, 45.66, 46.569, 45.993, 46.473, 47.176, 47.228, 46.963, 46.652, 45.467, 44.499, 43.305, 41.226, 40.205, 38.391, 37.745, 38.017, 39.11, 42.723, 44.11, 44.235, 47.061, 49.289, 49.597, 49.415, 48.864, 47.616, 47.082, 46.212, 44.807, 44.808, 44.796, 43.246, 43.095, 44.002, 43.681, 42.446, 41.53, 40.195, 38.461, 38.181, 38.791, 38.882, 38.341, 38.079, 38.484, 38.537, 38.618, 38.652, 38.525, 38.618, 39.731, 40.975, 41.689, 41.876, 41.829, 41.552, 41.363, 41.525, 41.681, 41.65, 41.577, 41.84, 42.339, 42.491, 42.282, 41.758, 41.249, 8.745], [10.826, 0.0, 9.764, 16.099, 21.014, 24.517, 26.607, 29.171, 31.139, 31.891, 32.244, 33.65, 35.461, 35.991, 36.998, 38.451, 38.927, 38.916, 39.648, 40.676, 40.693, 39.415, 37.558, 37.417, 38.578, 39.179, 39.73, 40.237, 42.94, 45.675, 47.169, 47.959, 48.146, 47.496, 47.197, 46.88, 45.813, 45.015, 44.798, 45.586, 46.035, 46.45, 47.6, 46.881, 44.247, 42.625, 42.832, 43.894, 41.571, 38.721, 39.228, 40.332, 40.257, 41.251, 41.72, 41.53, 42.102, 42.989, 43.639, 45.357, 46.28, 45.683, 46.168, 46.908, 46.968, 46.713, 46.375, 45.115, 44.111, 42.981, 40.96, 39.818, 37.761, 36.756, 36.904, 38.101, 42.124, 43.657, 43.713, 46.667, 49.078, 49.468, 49.285, 48.687, 47.36, 46.761, 45.829, 44.363, 44.394, 44.405, 42.782, 42.571, 43.519, 43.206, 41.957, 41.001, 39.493, 37.491, 37.111, 37.704, 37.691, 37.046, 36.793, 37.288, 37.426, 37.657, 37.749, 37.596, 37.667, 38.932, 40.365, 41.149, 41.367, 41.336, 41.078, 40.924, 41.113, 41.307, 41.296, 41.212, 41.5, 42.046, 42.209, 41.956, 41.361, 40.802, 15.612], [17.195, 9.764, 0.0, 9.948, 17.388, 21.934, 24.56, 27.519, 29.747, 30.611, 31.005, 32.502, 34.374, 34.914, 35.986, 37.518, 37.957, 37.895, 38.698, 39.87, 39.92, 38.448, 36.475, 36.482, 37.703, 38.357, 39.009, 39.43, 42.312, 45.281, 46.838, 47.593, 47.75, 47.106, 46.796, 46.457, 45.4, 44.615, 44.407, 45.242, 45.704, 46.129, 47.351, 46.62, 43.875, 42.133, 42.324, 43.485, 41.048, 37.85, 38.285, 39.465, 39.471, 40.559, 41.044, 40.857, 41.486, 42.42, 43.1, 44.947, 45.921, 45.259, 45.759, 46.565, 46.638, 46.372, 46.036, 44.775, 43.768, 42.561, 40.513, 39.376, 37.071, 35.679, 35.706, 36.956, 41.315, 42.993, 43.076, 46.234, 48.819, 49.255, 49.055, 48.42, 47.026, 46.399, 45.445, 43.906, 43.918, 43.971, 42.241, 41.927, 42.945, 42.652, 41.37, 40.376, 38.718, 36.526, 36.169, 36.816, 36.777, 36.053, 35.804, 36.327, 36.399, 36.696, 36.961, 36.895, 37.017, 38.416, 39.958, 40.887, 41.163, 41.096, 40.836, 40.658, 40.809, 40.976, 40.937, 40.818, 41.111, 41.689, 41.859, 41.568, 40.899, 40.252, 19.948], [21.203, 16.099, 9.948, 0.0, 11.283, 18.561, 21.73, 24.897, 27.642, 28.933, 29.494, 31.038, 33.042, 33.958, 35.278, 36.739, 37.138, 37.315, 38.243, 39.468, 39.935, 38.931, 37.164, 37.223, 38.454, 39.136, 39.784, 40.201, 42.787, 45.422, 46.827, 47.474, 47.589, 47.021, 46.755, 46.503, 45.542, 44.781, 44.532, 45.293, 45.713, 46.103, 47.292, 46.587, 44.059, 42.628, 42.855, 43.93, 41.672, 38.887, 39.297, 40.347, 40.321, 41.239, 41.611, 41.402, 41.967, 42.84, 43.501, 45.294, 46.233, 45.596, 46.086, 46.826, 46.886, 46.665, 46.475, 45.377, 44.505, 43.403, 41.478, 40.238, 37.857, 36.821, 37.031, 38.219, 42.295, 43.786, 43.874, 46.956, 49.488, 49.916, 49.7, 49.086, 47.755, 47.15, 46.235, 44.751, 44.749, 44.825, 43.227, 42.965, 43.915, 43.614, 42.416, 41.51, 39.939, 37.925, 37.612, 38.137, 38.043, 37.35, 37.078, 37.53, 37.547, 37.72, 37.845, 37.643, 37.726, 39.161, 40.726, 41.581, 41.822, 41.752, 41.455, 41.267, 41.418, 41.56, 41.577, 41.591, 41.971, 42.568, 42.714, 42.409, 41.752, 41.074, 24.115], [25.949, 21.014, 17.388, 11.283, 0.0, 9.926, 14.575, 18.291, 22.174, 24.249, 25.03, 26.871, 29.238, 30.757, 32.511, 33.943, 34.568, 35.112, 36.075, 37.283, 38.179, 38.044, 37.051, 37.45, 38.9, 39.885, 40.632, 41.062, 43.485, 45.865, 47.128, 47.674, 47.739, 47.222, 47.057, 46.943, 46.074, 45.349, 45.044, 45.686, 46.093, 46.503, 47.629, 46.965, 44.625, 43.443, 43.875, 44.89, 42.8, 40.549, 41.058, 42.016, 41.921, 42.543, 42.768, 42.522, 42.975, 43.752, 44.367, 45.965, 46.801, 46.245, 46.713, 47.389, 47.437, 47.288, 47.182, 46.11, 45.3, 44.431, 42.769, 41.372, 39.05, 38.511, 39.021, 39.967, 43.386, 44.702, 44.737, 47.48, 49.847, 50.287, 50.108, 49.527, 48.257, 47.68, 46.85, 45.506, 45.529, 45.635, 44.286, 44.084, 44.936, 44.683, 43.631, 42.872, 41.55, 39.797, 39.422, 39.697, 39.39, 38.687, 38.395, 38.829, 38.939, 39.089, 38.974, 38.548, 38.525, 39.959, 41.567, 42.24, 42.358, 42.312, 41.976, 41.813, 42.016, 42.162, 42.226, 42.405, 42.894, 43.537, 43.691, 43.376, 42.721, 42.01, 28.843], [29.1, 24.517, 21.934, 18.561, 9.926, 0.0, 7.103, 12.701, 17.697, 20.311, 21.014, 23.118, 25.861, 27.703, 29.794, 31.412, 32.388, 33.04, 33.91, 35.119, 36.117, 36.374, 36.014, 36.822, 38.427, 39.696, 40.641, 41.047, 43.518, 45.912, 47.175, 47.71, 47.751, 47.215, 47.087, 47.02, 46.198, 45.513, 45.198, 45.82, 46.258, 46.71, 47.803, 47.157, 44.884, 43.763, 44.326, 45.329, 43.248, 41.095, 41.59, 42.528, 42.4, 42.877, 43.056, 42.795, 43.196, 43.94, 44.537, 46.028, 46.813, 46.289, 46.731, 47.396, 47.428, 47.297, 47.179, 46.049, 45.23, 44.498, 43.066, 41.681, 39.408, 39.01, 39.668, 40.399, 43.378, 44.663, 44.672, 47.182, 49.442, 49.882, 49.725, 49.138, 47.85, 47.274, 46.492, 45.215, 45.24, 45.366, 44.14, 43.914, 44.708, 44.528, 43.613, 42.961, 41.798, 40.176, 39.76, 39.891, 39.443, 38.718, 38.48, 38.986, 39.199, 39.423, 39.238, 38.718, 38.596, 39.983, 41.628, 42.189, 42.214, 42.179, 41.832, 41.696, 41.949, 42.133, 42.234, 42.481, 43.008, 43.668, 43.834, 43.52, 42.865, 42.141, 31.59], [30.762, 26.607, 24.56, 21.73, 14.575, 7.103, 0.0, 8.228, 15.267, 18.448, 19.077, 21.414, 24.425, 26.578, 29.006, 30.663, 31.631, 32.339, 33.206, 34.419, 35.535, 35.994, 35.85, 36.757, 38.411, 39.746, 40.742, 41.18, 43.656, 46.013, 47.262, 47.789, 47.814, 47.276, 47.139, 47.059, 46.25, 45.584, 45.245, 45.833, 46.277, 46.746, 47.816, 47.178, 44.994, 43.978, 44.591, 45.549, 43.49, 41.46, 41.981, 42.864, 42.662, 43.037, 43.191, 42.925, 43.308, 44.035, 44.638, 46.093, 46.852, 46.353, 46.781, 47.434, 47.456, 47.32, 47.208, 46.065, 45.268, 44.624, 43.293, 41.901, 39.641, 39.405, 40.131, 40.798, 43.571, 44.812, 44.805, 47.209, 49.42, 49.858, 49.7, 49.112, 47.825, 47.244, 46.468, 45.225, 45.277, 45.408, 44.205, 43.972, 44.726, 44.56, 43.705, 43.115, 42.068, 40.555, 40.121, 40.2, 39.743, 39.039, 38.825, 39.325, 39.527, 39.73, 39.51, 38.959, 38.81, 40.176, 41.813, 42.316, 42.297, 42.286, 41.945, 41.793, 42.057, 42.255, 42.353, 42.611, 43.167, 43.827, 43.973, 43.638, 42.992, 42.295, 33.076], [32.625, 29.171, 27.519, 24.897, 18.291, 12.701, 8.228, 0.0, 9.628, 14.589, 15.731, 18.736, 22.359, 25.287, 28.261, 29.923, 30.799, 31.568, 32.542, 33.887, 35.24, 35.981, 35.987, 36.946, 38.723, 40.164, 41.18, 41.617, 44.003, 46.279, 47.527, 48.061, 48.082, 47.538, 47.334, 47.168, 46.33, 45.649, 45.298, 45.848, 46.27, 46.731, 47.759, 47.115, 45.002, 44.049, 44.715, 45.643, 43.709, 41.994, 42.572, 43.358, 43.085, 43.373, 43.517, 43.25, 43.599, 44.299, 44.884, 46.262, 47.003, 46.542, 46.943, 47.58, 47.591, 47.46, 47.347, 46.169, 45.343, 44.752, 43.572, 42.209, 39.933, 39.926, 40.779, 41.376, 43.958, 45.152, 45.149, 47.437, 49.567, 49.992, 49.842, 49.279, 48.04, 47.479, 46.732, 45.535, 45.624, 45.776, 44.606, 44.361, 45.068, 44.905, 44.065, 43.499, 42.549, 41.205, 40.828, 40.906, 40.483, 39.842, 39.633, 40.081, 40.226, 40.36, 40.088, 39.539, 39.456, 40.789, 42.305, 42.728, 42.694, 42.699, 42.341, 42.151, 42.403, 42.574, 42.605, 42.826, 43.406, 44.046, 44.135, 43.764, 43.129, 42.453, 34.674], [33.965, 31.139, 29.747, 27.642, 22.174, 17.697, 15.267, 9.628, 0.0, 7.253, 10.03, 14.538, 19.283, 23.13, 26.577, 28.393, 29.351, 30.104, 31.231, 32.746, 34.203, 35.073, 35.076, 36.144, 38.151, 39.781, 40.917, 41.349, 43.683, 46.001, 47.346, 47.907, 47.921, 47.351, 47.083, 46.848, 46.003, 45.357, 45.035, 45.581, 46.0, 46.429, 47.384, 46.699, 44.625, 43.73, 44.428, 45.351, 43.505, 41.959, 42.551, 43.335, 43.078, 43.364, 43.517, 43.248, 43.604, 44.319, 44.883, 46.251, 47.011, 46.519, 46.874, 47.504, 47.515, 47.393, 47.264, 46.041, 45.176, 44.614, 43.532, 42.213, 39.865, 39.73, 40.633, 41.215, 43.723, 44.918, 44.952, 47.233, 49.317, 49.706, 49.544, 48.991, 47.781, 47.24, 46.502, 45.319, 45.439, 45.601, 44.393, 44.105, 44.787, 44.625, 43.791, 43.25, 42.355, 41.112, 40.834, 40.959, 40.562, 39.961, 39.768, 40.178, 40.29, 40.408, 40.121, 39.612, 39.657, 41.008, 42.434, 42.86, 42.88, 42.873, 42.493, 42.282, 42.527, 42.665, 42.606, 42.754, 43.319, 43.91, 43.953, 43.569, 42.937, 42.272, 35.712], [34.499, 31.891, 30.611, 28.933, 24.249, 20.311, 18.448, 14.589, 7.253, 0.0, 5.583, 12.903, 18.274, 22.448, 25.957, 27.793, 28.852, 29.515, 30.619, 32.112, 33.505, 34.425, 34.432, 35.475, 37.542, 39.259, 40.461, 40.942, 43.29, 45.693, 47.127, 47.722, 47.743, 47.174, 46.902, 46.635, 45.804, 45.207, 44.9, 45.437, 45.858, 46.275, 47.203, 46.496, 44.392, 43.505, 44.199, 45.112, 43.298, 41.735, 42.282, 43.085, 42.905, 43.301, 43.496, 43.24, 43.621, 44.343, 44.888, 46.279, 47.053, 46.518, 46.851, 47.494, 47.509, 47.385, 47.237, 45.974, 45.054, 44.434, 43.327, 42.059, 39.778, 39.479, 40.3, 40.905, 43.348, 44.54, 44.575, 46.861, 48.932, 49.299, 49.134, 48.565, 47.352, 46.833, 46.093, 44.898, 45.021, 45.18, 43.934, 43.619, 44.289, 44.119, 43.298, 42.807, 41.987, 40.774, 40.53, 40.721, 40.352, 39.754, 39.56, 39.934, 40.028, 40.137, 39.843, 39.376, 39.498, 40.866, 42.248, 42.693, 42.758, 42.753, 42.373, 42.15, 42.393, 42.528, 42.424, 42.512, 43.051, 43.632, 43.683, 43.322, 42.701, 42.062, 36.07], [34.868, 32.244, 31.005, 29.494, 25.03, 21.014, 19.077, 15.731, 10.03, 5.583, 0.0, 9.285, 15.808, 20.657, 24.612, 26.633, 27.822, 28.525, 29.579, 31.07, 32.597, 33.716, 33.886, 35.009, 37.083, 38.836, 40.076, 40.546, 42.939, 45.396, 46.836, 47.444, 47.479, 46.926, 46.667, 46.413, 45.594, 45.009, 44.702, 45.27, 45.763, 46.223, 47.159, 46.465, 44.296, 43.397, 44.144, 45.035, 43.205, 41.613, 42.175, 42.955, 42.732, 43.131, 43.339, 43.118, 43.526, 44.255, 44.802, 46.217, 47.008, 46.457, 46.809, 47.465, 47.491, 47.371, 47.193, 45.947, 45.042, 44.383, 43.168, 41.768, 39.581, 39.439, 40.272, 40.875, 43.336, 44.558, 44.577, 46.835, 48.905, 49.267, 49.108, 48.534, 47.321, 46.817, 46.077, 44.864, 44.97, 45.132, 43.896, 43.57, 44.235, 44.059, 43.246, 42.744, 41.879, 40.577, 40.296, 40.488, 40.09, 39.457, 39.262, 39.638, 39.719, 39.838, 39.541, 39.03, 39.106, 40.512, 41.938, 42.36, 42.378, 42.381, 41.989, 41.741, 42.0, 42.166, 42.131, 42.282, 42.841, 43.436, 43.489, 43.112, 42.483, 41.854, 36.402], [36.182, 33.65, 32.502, 31.038, 26.871, 23.118, 21.414, 18.736, 14.538, 12.903, 9.285, 0.0, 8.602, 15.865, 21.293, 23.83, 25.203, 26.091, 27.208, 28.936, 31.027, 32.653, 33.149, 34.544, 36.705, 38.497, 39.798, 40.269, 42.649, 45.125, 46.574, 47.161, 47.183, 46.639, 46.387, 46.165, 45.39, 44.845, 44.559, 45.104, 45.64, 46.116, 47.007, 46.321, 44.215, 43.45, 44.306, 45.171, 43.344, 41.868, 42.456, 43.153, 42.789, 43.063, 43.233, 43.019, 43.407, 44.137, 44.677, 46.072, 46.881, 46.315, 46.686, 47.361, 47.36, 47.199, 46.975, 45.83, 45.008, 44.402, 43.279, 41.782, 39.661, 39.766, 40.673, 41.273, 43.624, 44.786, 44.771, 46.876, 48.881, 49.198, 49.039, 48.501, 47.312, 46.795, 46.075, 44.915, 44.993, 45.118, 43.977, 43.694, 44.299, 44.097, 43.413, 42.96, 42.078, 40.794, 40.405, 40.448, 40.016, 39.426, 39.251, 39.635, 39.684, 39.777, 39.496, 38.934, 38.904, 40.307, 41.827, 42.236, 42.146, 42.155, 41.759, 41.487, 41.754, 41.936, 42.01, 42.297, 42.936, 43.561, 43.622, 43.225, 42.586, 41.965, 37.657], [37.814, 35.461, 34.374, 33.042, 29.238, 25.861, 24.425, 22.359, 19.283, 18.274, 15.808, 8.602, 0.0, 9.966, 17.191, 20.458, 22.342, 23.45, 24.614, 26.679, 29.24, 31.288, 32.224, 33.95, 36.264, 38.184, 39.569, 40.191, 42.617, 45.038, 46.486, 47.051, 47.028, 46.512, 46.31, 46.1, 45.353, 44.827, 44.561, 45.047, 45.512, 45.934, 46.789, 46.125, 44.128, 43.52, 44.487, 45.327, 43.523, 42.194, 42.812, 43.503, 43.015, 43.13, 43.235, 42.999, 43.351, 44.06, 44.582, 45.906, 46.698, 46.139, 46.517, 47.21, 47.175, 46.953, 46.693, 45.641, 44.891, 44.386, 43.538, 42.162, 40.084, 40.289, 41.198, 41.781, 43.975, 45.057, 45.002, 46.907, 48.814, 49.105, 48.964, 48.469, 47.308, 46.766, 46.081, 44.999, 45.038, 45.129, 44.079, 43.817, 44.343, 44.136, 43.61, 43.245, 42.46, 41.318, 40.845, 40.723, 40.228, 39.682, 39.54, 39.922, 40.005, 40.082, 39.787, 39.184, 39.069, 40.417, 41.968, 42.386, 42.241, 42.262, 41.89, 41.604, 41.874, 42.081, 42.186, 42.495, 43.174, 43.831, 43.914, 43.539, 42.93, 42.345, 39.079], [38.218, 35.991, 34.914, 33.958, 30.757, 27.703, 26.578, 25.287, 23.13, 22.448, 20.657, 15.865, 9.966, 0.0, 9.204, 15.077, 18.861, 20.274, 21.584, 24.097, 26.677, 28.612, 29.784, 31.883, 34.517, 36.651, 38.18, 39.111, 41.952, 44.517, 45.995, 46.659, 46.705, 46.219, 46.172, 46.041, 45.276, 44.738, 44.518, 45.056, 45.482, 45.891, 46.833, 46.177, 44.009, 43.19, 44.098, 44.982, 43.009, 41.396, 42.033, 42.914, 42.432, 42.556, 42.667, 42.385, 42.756, 43.524, 44.05, 45.397, 46.214, 45.643, 46.057, 46.809, 46.778, 46.506, 46.169, 45.068, 44.343, 43.856, 43.127, 41.99, 39.852, 39.712, 40.441, 41.065, 43.514, 44.73, 44.702, 46.706, 48.691, 49.001, 48.863, 48.372, 47.184, 46.591, 45.876, 44.788, 44.793, 44.849, 43.772, 43.529, 44.09, 43.85, 43.286, 42.907, 42.087, 40.861, 40.352, 40.147, 39.537, 38.933, 38.803, 39.224, 39.388, 39.549, 39.278, 38.627, 38.479, 39.829, 41.467, 42.062, 41.989, 41.984, 41.694, 41.485, 41.742, 41.953, 42.034, 42.257, 42.903, 43.572, 43.689, 43.356, 42.76, 42.201, 39.151], [39.031, 36.998, 35.986, 35.278, 32.511, 29.794, 29.006, 28.261, 26.577, 25.957, 24.612, 21.293, 17.191, 9.204, 0.0, 8.893, 15.478, 17.571, 18.895, 21.592, 24.258, 26.398, 27.954, 30.409, 33.337, 35.682, 37.326, 38.517, 41.726, 44.35, 45.755, 46.457, 46.609, 46.178, 46.241, 46.202, 45.479, 44.944, 44.743, 45.321, 45.727, 46.125, 47.153, 46.557, 44.3, 43.315, 44.113, 44.971, 42.979, 41.378, 42.022, 42.983, 42.537, 42.652, 42.749, 42.451, 42.822, 43.596, 44.109, 45.437, 46.23, 45.673, 46.109, 46.878, 46.876, 46.593, 46.223, 45.077, 44.379, 43.922, 43.256, 42.261, 40.11, 39.827, 40.489, 41.055, 43.509, 44.801, 44.785, 46.818, 48.858, 49.22, 49.091, 48.614, 47.438, 46.824, 46.11, 45.061, 45.064, 45.119, 44.051, 43.818, 44.4, 44.162, 43.579, 43.193, 42.376, 41.146, 40.655, 40.447, 39.817, 39.198, 39.057, 39.485, 39.727, 39.941, 39.61, 38.931, 38.805, 40.079, 41.654, 42.361, 42.461, 42.441, 42.218, 42.092, 42.302, 42.472, 42.515, 42.664, 43.254, 43.911, 44.045, 43.753, 43.155, 42.574, 39.712], [40.339, 38.451, 37.518, 36.739, 33.943, 31.412, 30.663, 29.923, 28.393, 27.793, 26.633, 23.83, 20.458, 15.077, 8.893, 0.0, 9.106, 13.142, 14.722, 17.682, 21.394, 24.799, 27.071, 29.791, 32.885, 35.396, 37.131, 38.499, 41.821, 44.333, 45.64, 46.342, 46.566, 46.178, 46.253, 46.273, 45.595, 45.067, 44.863, 45.394, 45.783, 46.221, 47.307, 46.779, 44.688, 43.898, 44.698, 45.471, 43.622, 42.49, 43.215, 44.099, 43.553, 43.503, 43.542, 43.242, 43.57, 44.299, 44.783, 46.02, 46.75, 46.243, 46.686, 47.394, 47.385, 47.094, 46.727, 45.615, 45.011, 44.637, 44.024, 43.031, 40.966, 40.982, 41.771, 42.226, 44.362, 45.53, 45.5, 47.388, 49.381, 49.8, 49.692, 49.249, 48.159, 47.583, 46.932, 45.974, 45.972, 46.021, 45.054, 44.892, 45.448, 45.205, 44.665, 44.34, 43.565, 42.354, 41.858, 41.662, 41.077, 40.524, 40.375, 40.728, 40.968, 41.116, 40.625, 39.904, 39.847, 41.069, 42.509, 43.167, 43.327, 43.309, 43.105, 43.013, 43.187, 43.3, 43.334, 43.496, 44.069, 44.713, 44.84, 44.565, 43.981, 43.396, 40.992], [40.708, 38.927, 37.957, 37.138, 34.568, 32.388, 31.631, 30.799, 29.351, 28.852, 27.822, 25.203, 22.342, 18.861, 15.478, 9.106, 0.0, 6.575, 10.132, 13.941, 18.777, 23.138, 25.652, 28.452, 31.591, 34.145, 35.994, 37.479, 40.847, 43.387, 44.737, 45.469, 45.73, 45.344, 45.395, 45.485, 44.853, 44.388, 44.246, 44.744, 45.105, 45.547, 46.632, 46.04, 43.968, 43.336, 44.197, 44.95, 43.111, 42.315, 43.224, 44.113, 43.478, 43.303, 43.304, 42.994, 43.284, 43.996, 44.507, 45.79, 46.536, 46.055, 46.547, 47.258, 47.235, 46.919, 46.551, 45.483, 44.947, 44.57, 43.876, 42.844, 40.751, 40.889, 41.763, 42.214, 44.284, 45.386, 45.35, 47.283, 49.317, 49.742, 49.623, 49.189, 48.122, 47.555, 46.945, 46.016, 46.003, 46.052, 45.107, 44.967, 45.498, 45.249, 44.767, 44.464, 43.579, 42.252, 41.785, 41.67, 41.157, 40.617, 40.469, 40.792, 40.967, 41.041, 40.509, 39.829, 39.851, 41.096, 42.494, 43.102, 43.2, 43.171, 42.946, 42.822, 42.964, 43.019, 43.017, 43.191, 43.783, 44.424, 44.519, 44.217, 43.638, 43.086, 41.311], [40.638, 38.916, 37.895, 37.315, 35.112, 33.04, 32.339, 31.568, 30.104, 29.515, 28.525, 26.091, 23.45, 20.274, 17.571, 13.142, 6.575, 0.0, 6.093, 11.862, 17.143, 21.429, 24.035, 27.122, 30.353, 32.921, 34.876, 36.422, 39.856, 42.542, 44.013, 44.791, 45.06, 44.66, 44.702, 44.806, 44.171, 43.759, 43.699, 44.239, 44.582, 45.009, 46.093, 45.459, 43.324, 42.665, 43.513, 44.272, 42.408, 41.559, 42.501, 43.458, 42.875, 42.782, 42.805, 42.496, 42.789, 43.509, 44.013, 45.308, 46.079, 45.59, 46.094, 46.844, 46.83, 46.507, 46.115, 45.016, 44.425, 43.982, 43.277, 42.393, 40.283, 40.216, 41.009, 41.463, 43.641, 44.801, 44.771, 46.808, 48.882, 49.298, 49.177, 48.731, 47.63, 47.038, 46.388, 45.418, 45.417, 45.488, 44.522, 44.348, 44.869, 44.605, 44.126, 43.799, 42.837, 41.433, 40.985, 40.9, 40.381, 39.818, 39.672, 40.011, 40.216, 40.351, 39.892, 39.286, 39.311, 40.535, 41.939, 42.6, 42.725, 42.694, 42.463, 42.315, 42.44, 42.502, 42.474, 42.596, 43.157, 43.777, 43.873, 43.581, 43.002, 42.458, 41.106], [41.326, 39.648, 38.698, 38.243, 36.075, 33.91, 33.206, 32.542, 31.231, 30.619, 29.579, 27.208, 24.614, 21.584, 18.895, 14.722, 10.132, 6.093, 0.0, 7.896, 14.875, 20.024, 23.187, 26.712, 30.101, 32.754, 34.764, 36.354, 39.83, 42.472, 43.918, 44.673, 44.929, 44.53, 44.585, 44.72, 44.116, 43.712, 43.644, 44.195, 44.584, 45.037, 46.11, 45.544, 43.58, 43.084, 43.918, 44.617, 42.847, 42.067, 42.922, 43.83, 43.217, 43.101, 43.117, 42.823, 43.096, 43.788, 44.252, 45.42, 46.133, 45.672, 46.15, 46.88, 46.876, 46.564, 46.135, 45.033, 44.453, 44.068, 43.451, 42.623, 40.691, 40.792, 41.571, 41.928, 43.984, 45.129, 45.09, 47.055, 49.058, 49.439, 49.328, 48.896, 47.801, 47.199, 46.543, 45.599, 45.611, 45.695, 44.787, 44.621, 45.118, 44.85, 44.387, 44.104, 43.201, 41.829, 41.32, 41.177, 40.618, 40.054, 39.905, 40.225, 40.483, 40.671, 40.191, 39.54, 39.51, 40.692, 42.069, 42.691, 42.833, 42.84, 42.634, 42.512, 42.654, 42.745, 42.731, 42.836, 43.368, 43.985, 44.113, 43.863, 43.311, 42.787, 41.774], [42.275, 40.676, 39.87, 39.468, 37.283, 35.119, 34.419, 33.887, 32.746, 32.112, 31.07, 28.936, 26.679, 24.097, 21.592, 17.682, 13.941, 11.862, 7.896, 0.0, 9.437, 17.486, 21.82, 25.578, 29.161, 32.12, 34.28, 36.052, 39.758, 42.352, 43.669, 44.396, 44.681, 44.31, 44.454, 44.737, 44.251, 43.89, 43.815, 44.373, 44.815, 45.271, 46.305, 45.743, 43.815, 43.468, 44.275, 44.861, 43.228, 42.69, 43.519, 44.388, 43.808, 43.641, 43.635, 43.362, 43.605, 44.244, 44.68, 45.755, 46.394, 45.959, 46.429, 47.146, 47.193, 46.934, 46.48, 45.363, 44.806, 44.5, 43.934, 43.061, 41.315, 41.702, 42.524, 42.76, 44.607, 45.725, 45.699, 47.59, 49.534, 49.87, 49.752, 49.336, 48.262, 47.658, 47.034, 46.16, 46.177, 46.236, 45.366, 45.209, 45.687, 45.462, 45.028, 44.781, 43.911, 42.542, 42.004, 41.837, 41.258, 40.668, 40.506, 40.806, 41.112, 41.304, 40.727, 40.022, 39.964, 41.068, 42.368, 42.881, 42.965, 43.005, 42.816, 42.709, 42.875, 42.972, 42.955, 43.068, 43.593, 44.221, 44.363, 44.146, 43.648, 43.204, 42.72], [42.241, 40.693, 39.92, 39.935, 38.179, 36.117, 35.535, 35.24, 34.203, 33.505, 32.597, 31.027, 29.24, 26.677, 24.258, 21.394, 18.777, 17.143, 14.875, 9.437, 0.0, 10.841, 17.441, 22.023, 25.953, 29.478, 32.044, 34.241, 38.662, 41.677, 43.133, 43.982, 44.346, 43.972, 44.183, 44.531, 44.079, 43.768, 43.768, 44.42, 44.893, 45.416, 46.551, 45.969, 43.84, 43.214, 43.854, 44.46, 42.774, 41.945, 42.719, 43.71, 43.317, 43.364, 43.43, 43.163, 43.446, 44.101, 44.546, 45.699, 46.347, 45.889, 46.345, 47.103, 47.22, 46.962, 46.465, 45.257, 44.552, 44.091, 43.442, 42.699, 41.01, 41.024, 41.674, 41.978, 44.072, 45.308, 45.364, 47.451, 49.478, 49.785, 49.634, 49.202, 48.099, 47.44, 46.772, 45.871, 45.881, 45.912, 44.936, 44.697, 45.207, 45.048, 44.573, 44.239, 43.282, 41.8, 41.299, 41.154, 40.535, 39.899, 39.774, 40.124, 40.503, 40.776, 40.188, 39.568, 39.531, 40.576, 41.876, 42.458, 42.565, 42.592, 42.406, 42.296, 42.469, 42.613, 42.586, 42.629, 43.099, 43.711, 43.872, 43.689, 43.207, 42.822, 42.495], [40.938, 39.415, 38.448, 38.931, 38.044, 36.374, 35.994, 35.981, 35.073, 34.425, 33.716, 32.653, 31.288, 28.612, 26.398, 24.799, 23.138, 21.429, 20.024, 17.486, 10.841, 0.0, 10.07, 17.351, 21.948, 25.803, 28.876, 31.562, 36.862, 40.655, 42.49, 43.49, 43.889, 43.459, 43.593, 43.808, 43.286, 43.067, 43.211, 44.044, 44.549, 45.138, 46.436, 45.823, 43.341, 42.129, 42.582, 43.439, 41.453, 39.716, 40.387, 41.594, 41.384, 41.815, 42.005, 41.723, 42.127, 42.91, 43.401, 44.755, 45.514, 44.984, 45.443, 46.29, 46.428, 46.133, 45.587, 44.275, 43.43, 42.747, 41.903, 41.37, 39.518, 38.579, 38.891, 39.481, 42.39, 43.896, 44.058, 46.599, 48.859, 49.187, 48.998, 48.521, 47.304, 46.541, 45.729, 44.65, 44.661, 44.729, 43.546, 43.18, 43.794, 43.65, 43.0, 42.459, 41.24, 39.482, 39.01, 38.914, 38.295, 37.652, 37.607, 38.054, 38.412, 38.783, 38.44, 38.074, 38.099, 39.227, 40.657, 41.443, 41.64, 41.646, 41.457, 41.31, 41.463, 41.694, 41.654, 41.541, 41.91, 42.479, 42.668, 42.523, 42.009, 41.598, 40.923], [39.007, 37.558, 36.475, 37.164, 37.051, 36.014, 35.85, 35.987, 35.076, 34.432, 33.886, 33.149, 32.224, 29.784, 27.954, 27.071, 25.652, 24.035, 23.187, 21.82, 17.441, 10.07, 0.0, 10.277, 16.878, 20.892, 24.299, 27.622, 34.099, 38.747, 40.949, 42.077, 42.499, 41.976, 42.03, 42.205, 41.631, 41.431, 41.66, 42.728, 43.344, 43.979, 45.426, 44.742, 41.9, 40.304, 40.747, 41.891, 39.517, 37.006, 37.727, 39.155, 39.083, 39.839, 40.156, 39.874, 40.428, 41.375, 41.953, 43.566, 44.479, 43.864, 44.345, 45.284, 45.424, 45.099, 44.464, 42.976, 42.034, 41.187, 39.942, 39.347, 37.223, 35.644, 35.815, 36.785, 40.763, 42.59, 42.81, 45.834, 48.345, 48.709, 48.492, 47.944, 46.575, 45.751, 44.804, 43.468, 43.457, 43.525, 42.073, 41.675, 42.487, 42.273, 41.329, 40.562, 38.996, 36.853, 36.353, 36.373, 35.802, 35.104, 35.067, 35.568, 35.837, 36.27, 36.248, 36.047, 36.105, 37.468, 39.112, 40.062, 40.319, 40.328, 40.107, 39.904, 40.046, 40.304, 40.275, 40.121, 40.476, 41.063, 41.257, 41.078, 40.484, 40.033, 38.825], [38.659, 37.417, 36.482, 37.223, 37.45, 36.822, 36.757, 36.946, 36.144, 35.475, 35.009, 34.544, 33.95, 31.883, 30.409, 29.791, 28.452, 27.122, 26.712, 25.578, 22.023, 17.351, 10.277, 0.0, 9.227, 15.161, 18.854, 23.194, 31.479, 36.983, 39.504, 40.739, 41.193, 40.625, 40.673, 40.93, 40.439, 40.251, 40.474, 41.763, 42.598, 43.324, 44.836, 44.241, 41.574, 40.028, 40.477, 41.691, 39.193, 36.638, 37.487, 38.873, 38.758, 39.524, 39.847, 39.573, 40.16, 41.124, 41.709, 43.398, 44.351, 43.736, 44.236, 45.183, 45.335, 44.96, 44.246, 42.711, 41.757, 40.832, 39.356, 38.748, 36.79, 35.296, 35.434, 36.533, 40.699, 42.541, 42.808, 45.941, 48.435, 48.767, 48.555, 47.997, 46.593, 45.77, 44.83, 43.438, 43.388, 43.423, 41.887, 41.515, 42.405, 42.18, 41.152, 40.321, 38.632, 36.397, 35.949, 36.083, 35.569, 34.876, 34.866, 35.314, 35.528, 35.966, 35.999, 35.829, 35.904, 37.259, 38.84, 39.747, 39.971, 39.97, 39.731, 39.511, 39.649, 39.887, 39.88, 39.77, 40.132, 40.731, 40.935, 40.75, 40.149, 39.735, 38.431], [39.607, 38.578, 37.703, 38.454, 38.9, 38.427, 38.411, 38.723, 38.151, 37.542, 37.083, 36.705, 36.264, 34.517, 33.337, 32.885, 31.591, 30.353, 30.101, 29.161, 25.953, 21.948, 16.878, 9.227, 0.0, 8.824, 13.761, 18.582, 28.443, 34.749, 37.56, 38.851, 39.331, 38.823, 38.982, 39.447, 39.244, 39.223, 39.446, 40.899, 41.947, 42.739, 44.195, 43.689, 41.515, 40.449, 40.956, 42.091, 39.764, 37.413, 38.163, 39.377, 39.177, 39.87, 40.137, 39.865, 40.417, 41.298, 41.801, 43.418, 44.319, 43.688, 44.202, 45.125, 45.27, 44.847, 44.12, 42.721, 41.879, 40.944, 39.379, 38.869, 37.426, 36.257, 36.309, 37.439, 41.275, 42.922, 43.24, 46.237, 48.513, 48.754, 48.567, 48.047, 46.667, 45.868, 44.985, 43.643, 43.562, 43.585, 42.106, 41.735, 42.594, 42.429, 41.519, 40.734, 39.094, 37.026, 36.698, 36.829, 36.308, 35.715, 35.782, 36.132, 36.292, 36.736, 36.768, 36.636, 36.769, 38.051, 39.435, 40.186, 40.328, 40.311, 40.08, 39.862, 39.981, 40.2, 40.184, 40.051, 40.361, 40.932, 41.178, 41.05, 40.494, 40.14, 39.298], [40.049, 39.179, 38.357, 39.136, 39.885, 39.696, 39.746, 40.164, 39.781, 39.259, 38.836, 38.497, 38.184, 36.651, 35.682, 35.396, 34.145, 32.921, 32.754, 32.12, 29.478, 25.803, 20.892, 15.161, 8.824, 0.0, 7.222, 14.405, 25.373, 32.291, 35.436, 36.785, 37.28, 36.827, 37.098, 37.776, 37.899, 38.125, 38.394, 39.985, 41.186, 42.016, 43.472, 43.054, 41.089, 40.353, 41.028, 42.101, 39.797, 37.503, 38.186, 39.281, 39.057, 39.773, 40.038, 39.76, 40.307, 41.144, 41.6, 43.234, 44.149, 43.486, 44.011, 44.95, 45.095, 44.668, 43.96, 42.648, 41.911, 40.985, 39.283, 38.743, 37.564, 36.519, 36.536, 37.686, 41.438, 43.079, 43.432, 46.34, 48.463, 48.64, 48.46, 47.94, 46.542, 45.758, 44.906, 43.565, 43.469, 43.493, 42.034, 41.687, 42.567, 42.44, 41.559, 40.772, 39.191, 37.25, 36.99, 37.145, 36.664, 36.07, 36.073, 36.343, 36.482, 36.975, 37.109, 36.964, 37.101, 38.465, 39.822, 40.515, 40.599, 40.565, 40.323, 40.09, 40.198, 40.388, 40.316, 40.134, 40.422, 40.995, 41.262, 41.147, 40.613, 40.336, 39.639], [40.508, 39.73, 39.009, 39.784, 40.632, 40.641, 40.742, 41.18, 40.917, 40.461, 40.076, 39.798, 39.569, 38.18, 37.326, 37.131, 35.994, 34.876, 34.764, 34.28, 32.044, 28.876, 24.299, 18.854, 13.761, 7.222, 0.0, 11.617, 23.992, 31.334, 34.764, 36.123, 36.594, 36.144, 36.464, 37.283, 37.552, 37.839, 38.08, 39.684, 40.949, 41.81, 43.264, 42.971, 41.275, 40.741, 41.444, 42.457, 40.235, 38.165, 38.834, 39.802, 39.542, 40.218, 40.468, 40.18, 40.697, 41.499, 41.929, 43.531, 44.433, 43.789, 44.303, 45.218, 45.358, 44.917, 44.236, 43.066, 42.485, 41.591, 39.831, 39.253, 38.189, 37.195, 37.173, 38.257, 41.807, 43.393, 43.753, 46.6, 48.632, 48.783, 48.609, 48.084, 46.682, 45.921, 45.129, 43.823, 43.708, 43.753, 42.332, 42.001, 42.865, 42.764, 41.93, 41.17, 39.662, 37.87, 37.659, 37.836, 37.396, 36.836, 36.817, 37.057, 37.213, 37.711, 37.849, 37.677, 37.816, 39.157, 40.425, 41.075, 41.122, 41.065, 40.815, 40.574, 40.677, 40.841, 40.708, 40.487, 40.751, 41.308, 41.575, 41.466, 40.965, 40.758, 40.073], [41.023, 40.237, 39.43, 40.201, 41.062, 41.047, 41.18, 41.617, 41.349, 40.942, 40.546, 40.269, 40.191, 39.111, 38.517, 38.499, 37.479, 36.422, 36.354, 36.052, 34.241, 31.562, 27.622, 23.194, 18.582, 14.405, 11.617, 0.0, 15.477, 25.525, 30.007, 31.446, 31.873, 31.501, 31.981, 33.249, 34.029, 34.642, 34.979, 36.83, 38.431, 39.495, 40.973, 40.777, 39.677, 39.811, 40.527, 41.491, 39.617, 37.851, 38.57, 39.505, 39.18, 39.832, 40.047, 39.779, 40.289, 41.095, 41.528, 43.102, 43.952, 43.253, 43.753, 44.673, 44.851, 44.384, 43.705, 42.791, 42.457, 41.533, 39.494, 38.767, 38.034, 37.098, 37.03, 38.22, 41.595, 43.071, 43.491, 46.366, 48.359, 48.465, 48.285, 47.773, 46.353, 45.578, 44.791, 43.484, 43.358, 43.411, 41.952, 41.555, 42.381, 42.233, 41.521, 40.87, 39.349, 37.616, 37.498, 37.635, 37.175, 36.729, 36.762, 36.908, 36.914, 37.354, 37.431, 37.255, 37.452, 38.842, 40.025, 40.603, 40.613, 40.531, 40.29, 40.026, 40.097, 40.248, 40.105, 39.915, 40.221, 40.784, 41.051, 40.928, 40.392, 40.178, 40.518], [43.518, 42.94, 42.312, 42.787, 43.485, 43.518, 43.656, 44.003, 43.683, 43.29, 42.939, 42.649, 42.617, 41.952, 41.726, 41.821, 40.847, 39.856, 39.83, 39.758, 38.662, 36.862, 34.099, 31.479, 28.443, 25.373, 23.992, 15.477, 0.0, 13.254, 20.124, 22.203, 22.866, 22.826, 23.425, 25.463, 27.325, 28.979, 29.815, 31.846, 33.748, 34.956, 36.379, 36.373, 36.266, 37.887, 38.752, 39.186, 38.609, 38.975, 40.043, 40.768, 40.394, 40.943, 41.088, 40.868, 41.263, 41.951, 42.333, 43.676, 44.38, 43.654, 44.09, 44.937, 45.154, 44.773, 44.237, 43.67, 43.597, 42.82, 40.933, 40.169, 39.979, 39.627, 39.558, 40.459, 42.788, 43.848, 44.355, 46.928, 48.575, 48.605, 48.423, 47.997, 46.785, 46.08, 45.441, 44.401, 44.297, 44.332, 43.123, 42.763, 43.387, 43.193, 42.837, 42.417, 41.099, 39.81, 39.868, 39.912, 39.582, 39.357, 39.311, 39.186, 38.962, 39.095, 38.82, 38.539, 38.85, 40.199, 41.029, 41.285, 41.242, 41.143, 40.932, 40.694, 40.707, 40.815, 40.663, 40.491, 40.8, 41.291, 41.492, 41.388, 41.051, 41.182, 43.036], [46.036, 45.675, 45.281, 45.422, 45.865, 45.912, 46.013, 46.279, 46.001, 45.693, 45.396, 45.125, 45.038, 44.517, 44.35, 44.333, 43.387, 42.542, 42.472, 42.352, 41.677, 40.655, 38.747, 36.983, 34.749, 32.291, 31.334, 25.525, 13.254, 0.0, 9.334, 13.193, 15.125, 15.775, 16.561, 19.615, 22.595, 25.227, 26.504, 28.393, 30.299, 31.478, 32.769, 32.956, 33.814, 36.835, 37.862, 37.732, 38.22, 40.826, 42.453, 43.135, 42.661, 42.882, 42.928, 42.733, 43.015, 43.583, 43.898, 44.979, 45.582, 44.931, 45.348, 46.132, 46.361, 46.079, 45.68, 45.296, 45.372, 44.79, 43.194, 42.354, 42.452, 42.906, 43.085, 43.622, 45.022, 45.761, 46.324, 48.576, 49.802, 49.72, 49.53, 49.181, 48.181, 47.579, 47.122, 46.332, 46.229, 46.247, 45.342, 45.162, 45.665, 45.452, 45.307, 45.007, 43.916, 43.088, 43.284, 43.3, 43.041, 42.882, 42.702, 42.376, 42.077, 42.023, 41.451, 40.988, 41.371, 42.691, 43.208, 43.078, 42.985, 42.932, 42.725, 42.514, 42.483, 42.539, 42.413, 42.277, 42.532, 42.951, 43.099, 43.027, 42.903, 43.311, 45.651], [47.498, 47.169, 46.838, 46.827, 47.128, 47.175, 47.262, 47.527, 47.346, 47.127, 46.836, 46.574, 46.486, 45.995, 45.755, 45.64, 44.737, 44.013, 43.918, 43.669, 43.133, 42.49, 40.949, 39.504, 37.56, 35.436, 34.764, 30.007, 20.124, 9.334, 0.0, 6.322, 11.029, 12.841, 14.413, 18.466, 21.983, 24.816, 26.097, 27.761, 29.572, 30.594, 31.723, 31.97, 33.267, 36.934, 38.053, 37.746, 38.451, 41.84, 43.871, 44.714, 44.222, 44.227, 44.177, 43.974, 44.212, 44.738, 45.037, 46.024, 46.596, 45.994, 46.432, 47.225, 47.492, 47.257, 46.883, 46.536, 46.667, 46.207, 44.778, 43.858, 43.917, 44.724, 45.118, 45.547, 46.648, 47.33, 47.935, 50.002, 51.007, 50.827, 50.595, 50.264, 49.355, 48.815, 48.431, 47.709, 47.626, 47.67, 46.911, 46.889, 47.395, 47.142, 46.991, 46.698, 45.698, 45.018, 45.2, 45.197, 44.969, 44.817, 44.564, 44.164, 43.879, 43.791, 43.102, 42.515, 42.898, 44.27, 44.732, 44.354, 44.183, 44.187, 43.954, 43.702, 43.651, 43.693, 43.598, 43.527, 43.794, 44.208, 44.319, 44.215, 44.138, 44.594, 47.166], [48.35, 47.959, 47.593, 47.474, 47.674, 47.71, 47.789, 48.061, 47.907, 47.722, 47.444, 47.161, 47.051, 46.659, 46.457, 46.342, 45.469, 44.791, 44.673, 44.396, 43.982, 43.49, 42.077, 40.739, 38.851, 36.785, 36.123, 31.446, 22.203, 13.193, 6.322, 0.0, 6.686, 10.076, 12.839, 17.94, 22.113, 25.177, 26.473, 28.046, 29.807, 30.756, 31.764, 32.095, 33.707, 37.637, 38.863, 38.539, 39.228, 42.617, 44.618, 45.438, 44.972, 44.919, 44.814, 44.597, 44.807, 45.297, 45.57, 46.493, 47.038, 46.456, 46.88, 47.662, 47.95, 47.731, 47.388, 47.132, 47.344, 46.944, 45.609, 44.73, 44.777, 45.636, 46.051, 46.464, 47.427, 48.065, 48.672, 50.607, 51.516, 51.31, 51.055, 50.719, 49.838, 49.325, 48.971, 48.291, 48.237, 48.339, 47.684, 47.697, 48.181, 47.915, 47.79, 47.543, 46.595, 46.01, 46.158, 46.114, 45.882, 45.727, 45.47, 45.074, 44.805, 44.699, 43.954, 43.316, 43.68, 45.069, 45.573, 45.151, 44.971, 45.011, 44.783, 44.513, 44.467, 44.514, 44.441, 44.424, 44.719, 45.135, 45.233, 45.099, 44.994, 45.389, 48.043], [48.581, 48.146, 47.75, 47.589, 47.739, 47.751, 47.814, 48.082, 47.921, 47.743, 47.479, 47.183, 47.028, 46.705, 46.609, 46.566, 45.73, 45.06, 44.929, 44.681, 44.346, 43.889, 42.499, 41.193, 39.331, 37.28, 36.594, 31.873, 22.866, 15.125, 11.029, 6.686, 0.0, 5.257, 10.247, 16.786, 21.643, 24.846, 26.158, 27.725, 29.503, 30.506, 31.477, 31.939, 33.914, 37.947, 39.221, 38.928, 39.575, 42.784, 44.658, 45.375, 44.93, 44.921, 44.823, 44.598, 44.799, 45.279, 45.547, 46.431, 46.945, 46.364, 46.764, 47.527, 47.823, 47.616, 47.294, 47.077, 47.344, 46.972, 45.697, 44.885, 44.919, 45.749, 46.144, 46.553, 47.462, 48.107, 48.692, 50.535, 51.426, 51.247, 50.99, 50.639, 49.762, 49.251, 48.892, 48.235, 48.195, 48.323, 47.729, 47.735, 48.189, 47.921, 47.813, 47.602, 46.744, 46.224, 46.349, 46.297, 46.06, 45.893, 45.659, 45.295, 45.033, 44.916, 44.188, 43.565, 43.907, 45.273, 45.812, 45.447, 45.286, 45.32, 45.105, 44.835, 44.798, 44.861, 44.799, 44.786, 45.07, 45.471, 45.577, 45.437, 45.301, 45.631, 48.283], [47.922, 47.496, 47.106, 47.021, 47.222, 47.215, 47.276, 47.538, 47.351, 47.174, 46.926, 46.639, 46.512, 46.219, 46.178, 46.178, 45.344, 44.66, 44.53, 44.31, 43.972, 43.459, 41.976, 40.625, 38.823, 36.827, 36.144, 31.501, 22.826, 15.775, 12.841, 10.076, 5.257, 0.0, 7.158, 15.069, 20.332, 23.591, 24.893, 26.546, 28.408, 29.439, 30.419, 30.915, 32.932, 36.973, 38.291, 38.051, 38.646, 41.81, 43.782, 44.528, 44.066, 44.131, 44.099, 43.872, 44.078, 44.603, 44.917, 45.84, 46.363, 45.762, 46.165, 46.945, 47.237, 47.022, 46.684, 46.431, 46.699, 46.296, 44.992, 44.226, 44.214, 44.974, 45.372, 45.799, 46.823, 47.525, 48.107, 49.998, 50.941, 50.773, 50.513, 50.152, 49.242, 48.704, 48.321, 47.645, 47.612, 47.727, 47.09, 47.084, 47.551, 47.276, 47.131, 46.906, 46.064, 45.528, 45.673, 45.672, 45.442, 45.25, 45.002, 44.63, 44.333, 44.193, 43.492, 42.906, 43.262, 44.624, 45.169, 44.831, 44.659, 44.669, 44.463, 44.216, 44.181, 44.246, 44.177, 44.14, 44.415, 44.811, 44.919, 44.782, 44.638, 44.964, 47.616], [47.58, 47.197, 46.796, 46.755, 47.057, 47.087, 47.139, 47.334, 47.083, 46.902, 46.667, 46.387, 46.31, 46.172, 46.241, 46.253, 45.395, 44.702, 44.585, 44.454, 44.183, 43.593, 42.03, 40.673, 38.982, 37.098, 36.464, 31.981, 23.425, 16.561, 14.413, 12.839, 10.247, 7.158, 0.0, 9.296, 16.013, 20.067, 21.593, 23.44, 25.487, 26.595, 27.67, 28.362, 30.823, 35.341, 36.81, 36.54, 37.343, 40.859, 42.916, 43.628, 43.196, 43.324, 43.331, 43.215, 43.546, 44.105, 44.402, 45.312, 45.848, 45.237, 45.629, 46.422, 46.684, 46.461, 46.18, 45.98, 46.257, 45.827, 44.497, 43.873, 43.919, 44.66, 45.041, 45.454, 46.471, 47.151, 47.739, 49.686, 50.653, 50.498, 50.254, 49.898, 48.978, 48.422, 48.023, 47.332, 47.306, 47.404, 46.731, 46.697, 47.155, 46.907, 46.787, 46.532, 45.651, 45.176, 45.388, 45.41, 45.244, 45.108, 44.851, 44.418, 44.038, 43.818, 43.103, 42.562, 42.961, 44.269, 44.721, 44.358, 44.21, 44.223, 44.004, 43.749, 43.708, 43.785, 43.742, 43.7, 43.958, 44.319, 44.394, 44.242, 44.1, 44.439, 47.305], [47.232, 46.88, 46.457, 46.503, 46.943, 47.02, 47.059, 47.168, 46.848, 46.635, 46.413, 46.165, 46.1, 46.041, 46.202, 46.273, 45.485, 44.806, 44.72, 44.737, 44.531, 43.808, 42.205, 40.93, 39.447, 37.776, 37.283, 33.249, 25.463, 19.615, 18.466, 17.94, 16.786, 15.069, 9.296, 0.0, 8.956, 14.835, 16.829, 18.912, 21.324, 22.804, 24.271, 25.312, 28.439, 33.598, 35.322, 35.064, 36.055, 39.883, 41.955, 42.638, 42.326, 42.613, 42.682, 42.712, 43.292, 43.962, 44.234, 45.112, 45.666, 45.062, 45.427, 46.221, 46.443, 46.219, 46.015, 45.845, 46.062, 45.558, 44.17, 43.648, 43.761, 44.425, 44.737, 45.177, 46.25, 46.873, 47.414, 49.422, 50.504, 50.457, 50.282, 49.939, 49.008, 48.433, 47.985, 47.241, 47.209, 47.255, 46.513, 46.44, 46.901, 46.69, 46.58, 46.272, 45.354, 44.919, 45.161, 45.214, 45.14, 45.078, 44.834, 44.337, 43.833, 43.498, 42.831, 42.363, 42.794, 44.073, 44.441, 44.072, 44.0, 44.023, 43.774, 43.475, 43.419, 43.52, 43.49, 43.431, 43.669, 43.985, 44.033, 43.875, 43.729, 44.045, 46.959], [46.159, 45.813, 45.4, 45.542, 46.074, 46.198, 46.25, 46.33, 46.003, 45.804, 45.594, 45.39, 45.353, 45.276, 45.479, 45.595, 44.853, 44.171, 44.116, 44.251, 44.079, 43.286, 41.631, 40.439, 39.244, 37.899, 37.552, 34.029, 27.325, 22.595, 21.983, 22.113, 21.643, 20.332, 16.013, 8.956, 0.0, 7.72, 11.308, 13.904, 16.646, 18.875, 21.142, 22.553, 26.207, 31.791, 33.6, 33.35, 34.459, 38.593, 40.794, 41.606, 41.458, 41.919, 42.078, 42.157, 42.911, 43.764, 44.078, 44.974, 45.547, 44.939, 45.267, 46.021, 46.207, 45.983, 45.793, 45.562, 45.669, 45.052, 43.615, 43.166, 43.141, 43.683, 43.898, 44.484, 45.815, 46.351, 46.785, 48.935, 50.249, 50.377, 50.261, 49.904, 48.978, 48.398, 47.892, 47.053, 47.02, 47.057, 46.2, 46.072, 46.576, 46.36, 46.183, 45.817, 44.808, 44.204, 44.39, 44.496, 44.453, 44.394, 44.114, 43.598, 43.05, 42.71, 42.141, 41.729, 42.173, 43.406, 43.682, 43.405, 43.466, 43.472, 43.221, 42.913, 42.821, 42.927, 42.866, 42.723, 42.92, 43.218, 43.276, 43.144, 43.029, 43.388, 45.893], [45.359, 45.015, 44.615, 44.781, 45.349, 45.513, 45.584, 45.649, 45.357, 45.207, 45.009, 44.845, 44.827, 44.738, 44.944, 45.067, 44.388, 43.759, 43.712, 43.89, 43.768, 43.067, 41.431, 40.251, 39.223, 38.125, 37.839, 34.642, 28.979, 25.227, 24.816, 25.177, 24.846, 23.591, 20.067, 14.835, 7.72, 0.0, 6.099, 10.472, 13.56, 16.339, 19.32, 21.304, 25.727, 31.437, 33.113, 32.859, 33.856, 38.006, 40.352, 41.291, 41.172, 41.656, 41.83, 41.912, 42.734, 43.678, 44.076, 45.037, 45.596, 44.968, 45.283, 46.0, 46.172, 45.955, 45.733, 45.407, 45.441, 44.79, 43.332, 42.881, 42.702, 43.252, 43.469, 44.095, 45.526, 46.047, 46.39, 48.524, 49.95, 50.188, 50.077, 49.687, 48.802, 48.239, 47.685, 46.767, 46.718, 46.747, 45.849, 45.749, 46.295, 46.068, 45.84, 45.461, 44.461, 43.777, 43.913, 44.062, 44.042, 43.938, 43.603, 43.119, 42.628, 42.335, 41.813, 41.392, 41.792, 42.977, 43.231, 43.112, 43.329, 43.334, 43.076, 42.756, 42.644, 42.75, 42.681, 42.496, 42.678, 43.002, 43.066, 42.902, 42.748, 43.055, 45.139], [45.16, 44.798, 44.407, 44.532, 45.044, 45.198, 45.245, 45.298, 45.035, 44.9, 44.702, 44.559, 44.561, 44.518, 44.743, 44.863, 44.246, 43.699, 43.644, 43.815, 43.768, 43.211, 41.66, 40.474, 39.446, 38.394, 38.08, 34.979, 29.815, 26.504, 26.097, 26.473, 26.158, 24.893, 21.593, 16.829, 11.308, 6.099, 0.0, 6.41, 10.974, 14.11, 17.262, 19.684, 25.245, 31.504, 33.194, 32.927, 33.806, 37.933, 40.426, 41.436, 41.188, 41.524, 41.631, 41.703, 42.56, 43.519, 43.973, 45.042, 45.611, 44.974, 45.324, 46.047, 46.221, 45.986, 45.721, 45.349, 45.407, 44.82, 43.218, 42.453, 42.355, 43.157, 43.504, 44.075, 45.423, 46.013, 46.328, 48.344, 49.743, 49.991, 49.874, 49.474, 48.589, 48.034, 47.471, 46.551, 46.517, 46.519, 45.618, 45.618, 46.206, 45.976, 45.725, 45.354, 44.458, 43.826, 43.929, 44.109, 44.103, 43.967, 43.619, 43.163, 42.713, 42.403, 41.851, 41.345, 41.656, 42.906, 43.238, 43.066, 43.234, 43.249, 42.974, 42.637, 42.544, 42.644, 42.581, 42.442, 42.68, 43.05, 43.088, 42.845, 42.636, 42.902, 45.003], [45.931, 45.586, 45.242, 45.293, 45.686, 45.82, 45.833, 45.848, 45.581, 45.437, 45.27, 45.104, 45.047, 45.056, 45.321, 45.394, 44.744, 44.239, 44.195, 44.373, 44.42, 44.044, 42.728, 41.763, 40.899, 39.985, 39.684, 36.83, 31.846, 28.393, 27.761, 28.046, 27.725, 26.546, 23.44, 18.912, 13.904, 10.472, 6.41, 0.0, 6.18, 10.63, 14.127, 16.79, 23.883, 31.301, 33.161, 32.795, 34.05, 38.7, 41.23, 42.242, 42.027, 42.274, 42.321, 42.375, 43.187, 44.116, 44.552, 45.591, 46.189, 45.598, 45.929, 46.654, 46.829, 46.578, 46.355, 46.036, 46.116, 45.6, 44.08, 43.21, 43.171, 44.242, 44.649, 45.13, 46.22, 46.715, 47.015, 48.893, 50.194, 50.432, 50.317, 49.925, 49.059, 48.538, 48.03, 47.181, 47.188, 47.203, 46.384, 46.452, 47.029, 46.811, 46.599, 46.28, 45.538, 45.054, 45.139, 45.281, 45.254, 45.139, 44.782, 44.288, 43.838, 43.474, 42.881, 42.325, 42.608, 43.843, 44.12, 43.798, 43.883, 43.888, 43.604, 43.256, 43.158, 43.261, 43.192, 43.067, 43.331, 43.712, 43.738, 43.482, 43.315, 43.647,