[[0.0, 9.242, 18.329, 21.997, 23.702, 27.117, 29.752, 30.484, 32.054, 33.105, 33.233, 34.478, 35.849, 36.565, 37.054, 37.185, 37.266, 36.842, 35.692, 35.556, 35.683, 35.289, 34.911, 35.601, 36.05, 36.129, 36.501, 37.153, 38.407, 38.977, 39.48, 39.881, 39.821, 39.974, 39.928, 39.813, 39.599, 39.25, 39.064, 38.848, 38.373, 38.485, 39.239, 39.136, 38.226, 37.725, 37.948, 38.364, 39.149, 39.924, 40.298, 40.51, 40.064, 40.305, 41.325, 41.337, 40.378, 39.787, 38.293, 37.131, 36.947, 36.261, 35.966, 35.932, 35.974, 36.007, 35.717, 35.653, 36.044, 36.356, 36.653, 37.311, 37.618, 37.98, 38.104, 37.815, 37.924, 38.533, 38.695, 38.839, 38.911, 38.292, 37.715, 37.648, 37.296, 36.153, 36.758, 37.505, 36.98, 37.934, 39.45, 40.929, 40.964, 40.732, 40.756, 39.657, 39.205, 39.476, 8.01], [9.242, 0.0, 11.356, 16.825, 19.366, 23.211, 26.29, 27.524, 29.498, 30.722, 30.941, 32.36, 33.91, 34.729, 35.246, 35.493, 35.847, 35.74, 34.813, 34.796, 35.074, 34.899, 34.717, 35.439, 35.864, 36.062, 36.591, 37.153, 38.232, 38.618, 39.064, 39.487, 39.43, 39.582, 39.547, 39.455, 39.285, 38.997, 38.87, 38.696, 38.224, 38.305, 39.129, 39.11, 38.229, 37.74, 37.988, 38.409, 39.195, 39.945, 40.373, 40.626, 40.093, 40.269, 41.366, 41.499, 40.557, 39.948, 38.411, 37.195, 36.967, 36.277, 35.958, 35.902, 35.957, 36.007, 35.742, 35.684, 36.073, 36.343, 36.62, 37.318, 37.634, 37.981, 38.114, 37.842, 37.972, 38.58, 38.743, 38.935, 39.061, 38.441, 37.775, 37.64, 37.234, 35.984, 36.571, 37.281, 36.782, 37.797, 39.156, 40.635, 40.695, 40.469, 40.502, 39.424, 38.989, 39.269, 14.467], [18.329, 11.356, 0.0, 8.44, 14.424, 19.671, 23.218, 25.179, 27.604, 29.019, 29.374, 30.937, 32.646, 33.594, 34.177, 34.516, 35.073, 35.235, 34.522, 34.601, 34.949, 34.94, 34.996, 35.729, 36.101, 36.451, 37.123, 37.558, 38.46, 38.653, 38.973, 39.355, 39.325, 39.486, 39.439, 39.355, 39.241, 39.008, 38.924, 38.768, 38.269, 38.304, 39.164, 39.221, 38.405, 37.972, 38.279, 38.729, 39.501, 40.263, 40.778, 41.055, 40.428, 40.529, 41.718, 42.018, 41.134, 40.527, 39.004, 37.785, 37.509, 36.797, 36.451, 36.395, 36.471, 36.54, 36.325, 36.284, 36.662, 36.916, 37.153, 37.777, 38.073, 38.414, 38.558, 38.309, 38.48, 39.094, 39.26, 39.469, 39.635, 39.035, 38.264, 38.055, 37.62, 36.246, 36.694, 37.351, 36.86, 37.945, 39.167, 40.516, 40.603, 40.426, 40.482, 39.469, 39.081, 39.383, 21.482], [21.997, 16.825, 8.44, 0.0, 9.587, 17.071, 21.171, 23.296, 25.998, 27.676, 28.13, 29.834, 31.751, 32.801, 33.457, 33.831, 34.341, 34.51, 33.813, 33.872, 34.202, 34.187, 34.323, 35.191, 35.678, 36.204, 36.943, 37.326, 38.167, 38.312, 38.597, 38.949, 38.928, 39.098, 39.023, 38.922, 38.791, 38.486, 38.37, 38.216, 37.717, 37.826, 38.752, 38.839, 38.012, 37.54, 37.869, 38.385, 39.205, 39.985, 40.516, 40.801, 40.126, 40.178, 41.413, 41.774, 40.867, 40.225, 38.641, 37.394, 37.133, 36.366, 35.961, 35.892, 36.017, 36.144, 35.948, 35.901, 36.245, 36.473, 36.71, 37.349, 37.681, 38.061, 38.201, 37.961, 38.166, 38.811, 38.986, 39.188, 39.372, 38.718, 37.826, 37.606, 37.128, 35.648, 36.123, 36.843, 36.322, 37.399, 38.741, 40.133, 40.197, 40.073, 40.175, 39.16, 38.786, 39.141, 24.271], [23.702, 19.366, 14.424, 9.587, 0.0, 9.936, 15.982, 18.4, 21.583, 23.802, 24.439, 26.596, 28.996, 30.261, 31.063, 31.51, 32.119, 32.458, 31.718, 31.689, 32.115, 32.248, 32.538, 33.682, 34.511, 35.293, 36.137, 36.339, 37.016, 37.208, 37.528, 37.909, 37.909, 38.077, 37.959, 37.845, 37.663, 37.253, 37.11, 36.99, 36.578, 36.844, 37.891, 38.012, 37.151, 36.601, 36.927, 37.493, 38.37, 39.115, 39.631, 39.921, 39.201, 39.259, 40.534, 40.885, 39.927, 39.216, 37.493, 36.153, 35.916, 35.135, 34.741, 34.65, 34.852, 35.063, 34.817, 34.727, 35.092, 35.351, 35.685, 36.448, 36.835, 37.259, 37.417, 37.191, 37.426, 38.136, 38.346, 38.534, 38.682, 37.937, 36.895, 36.64, 36.084, 34.463, 35.098, 35.94, 35.269, 36.286, 38.003, 39.748, 39.776, 39.671, 39.815, 38.746, 38.378, 38.777, 25.495], [27.117, 23.211, 19.671, 17.071, 9.936, 0.0, 8.514, 13.194, 17.319, 19.96, 20.976, 23.749, 26.663, 28.108, 28.98, 29.443, 30.285, 31.005, 30.526, 30.694, 31.34, 31.832, 32.523, 33.786, 34.664, 35.625, 36.551, 36.574, 36.979, 37.102, 37.429, 37.816, 37.854, 38.021, 37.883, 37.782, 37.6, 37.191, 37.082, 37.005, 36.665, 37.018, 38.079, 38.239, 37.488, 36.969, 37.231, 37.768, 38.597, 39.26, 39.734, 40.012, 39.299, 39.372, 40.585, 40.885, 39.992, 39.298, 37.665, 36.449, 36.198, 35.534, 35.287, 35.203, 35.425, 35.67, 35.439, 35.34, 35.705, 35.979, 36.363, 37.124, 37.456, 37.857, 38.057, 37.875, 38.085, 38.765, 38.978, 39.141, 39.258, 38.553, 37.515, 37.247, 36.682, 35.033, 35.6, 36.452, 35.713, 36.584, 38.48, 40.289, 40.294, 40.227, 40.359, 39.345, 39.021, 39.42, 28.732], [29.752, 26.29, 23.218, 21.171, 15.982, 8.514, 0.0, 8.478, 14.81, 17.86, 19.099, 22.31, 25.573, 27.183, 28.107, 28.536, 29.474, 30.467, 30.284, 30.715, 31.48, 32.143, 33.098, 34.462, 35.299, 36.249, 37.181, 37.228, 37.588, 37.724, 38.063, 38.429, 38.482, 38.654, 38.494, 38.364, 38.168, 37.744, 37.649, 37.584, 37.254, 37.616, 38.638, 38.814, 38.154, 37.7, 37.933, 38.433, 39.23, 39.885, 40.334, 40.608, 39.928, 39.998, 41.134, 41.375, 40.512, 39.843, 38.307, 37.21, 36.965, 36.363, 36.171, 36.09, 36.312, 36.532, 36.314, 36.185, 36.484, 36.726, 37.065, 37.729, 38.004, 38.37, 38.552, 38.38, 38.568, 39.195, 39.411, 39.552, 39.659, 39.02, 38.041, 37.768, 37.221, 35.723, 36.286, 37.062, 36.335, 37.195, 39.137, 40.838, 40.804, 40.762, 40.878, 39.929, 39.631, 40.009, 31.175], [30.484, 27.524, 25.179, 23.296, 18.4, 13.194, 8.478, 0.0, 8.817, 13.532, 14.978, 18.482, 22.144, 24.007, 25.071, 25.518, 26.614, 27.815, 27.796, 28.541, 29.511, 30.308, 31.547, 33.336, 34.42, 35.453, 36.48, 36.593, 37.165, 37.512, 37.903, 38.278, 38.347, 38.544, 38.409, 38.278, 38.042, 37.565, 37.423, 37.313, 36.964, 37.338, 38.408, 38.579, 37.863, 37.378, 37.642, 38.173, 38.991, 39.644, 40.083, 40.378, 39.774, 39.895, 41.009, 41.226, 40.313, 39.6, 37.992, 36.798, 36.548, 35.957, 35.747, 35.64, 35.885, 36.114, 35.86, 35.701, 35.991, 36.251, 36.636, 37.338, 37.6, 37.975, 38.178, 37.994, 38.19, 38.836, 39.048, 39.189, 39.286, 38.592, 37.564, 37.31, 36.743, 35.188, 35.867, 36.737, 36.023, 36.917, 39.027, 40.851, 40.769, 40.706, 40.838, 39.848, 39.52, 39.888, 31.556], [32.054, 29.498, 27.604, 25.998, 21.583, 17.319, 14.81, 8.817, 0.0, 6.875, 10.132, 14.119, 17.949, 19.946, 21.1, 21.654, 23.201, 24.785, 25.119, 26.404, 27.721, 28.778, 30.395, 32.539, 33.841, 35.037, 36.234, 36.353, 37.113, 37.669, 38.128, 38.513, 38.58, 38.784, 38.694, 38.575, 38.321, 37.846, 37.671, 37.526, 37.188, 37.487, 38.512, 38.68, 37.945, 37.426, 37.682, 38.17, 38.899, 39.525, 39.955, 40.278, 39.741, 39.872, 40.903, 41.109, 40.243, 39.569, 38.022, 36.856, 36.565, 35.998, 35.849, 35.74, 35.982, 36.24, 35.991, 35.841, 36.147, 36.433, 36.899, 37.664, 37.924, 38.271, 38.498, 38.365, 38.591, 39.224, 39.397, 39.52, 39.589, 38.869, 37.842, 37.591, 37.013, 35.381, 35.949, 36.839, 36.161, 36.996, 39.167, 40.988, 40.913, 40.841, 40.967, 39.991, 39.668, 40.056, 32.871], [33.105, 30.722, 29.019, 27.676, 23.802, 19.96, 17.86, 13.532, 6.875, 0.0, 5.898, 11.519, 15.631, 17.663, 18.842, 19.398, 21.15, 23.021, 23.62, 25.274, 26.797, 27.996, 29.828, 32.114, 33.514, 34.853, 36.234, 36.398, 37.212, 37.874, 38.387, 38.782, 38.84, 39.051, 38.986, 38.873, 38.612, 38.137, 37.962, 37.804, 37.454, 37.674, 38.641, 38.787, 38.031, 37.517, 37.77, 38.215, 38.909, 39.559, 39.998, 40.329, 39.815, 39.952, 40.937, 41.11, 40.296, 39.65, 38.135, 37.008, 36.707, 36.122, 35.991, 35.885, 36.129, 36.413, 36.178, 36.048, 36.379, 36.682, 37.188, 37.995, 38.274, 38.607, 38.812, 38.682, 38.935, 39.563, 39.711, 39.836, 39.915, 39.202, 38.132, 37.855, 37.28, 35.601, 36.134, 36.989, 36.306, 37.107, 39.246, 40.937, 40.873, 40.802, 40.903, 39.936, 39.62, 40.025, 33.785], [33.233, 30.941, 29.374, 28.13, 24.439, 20.976, 19.099, 14.978, 10.132, 5.898, 0.0, 7.455, 12.916, 15.415, 16.843, 17.646, 19.612, 21.624, 22.426, 24.349, 25.99, 27.252, 29.197, 31.576, 33.035, 34.431, 35.904, 36.141, 37.017, 37.713, 38.245, 38.668, 38.729, 38.934, 38.863, 38.753, 38.489, 37.999, 37.822, 37.647, 37.271, 37.496, 38.481, 38.607, 37.802, 37.262, 37.52, 37.988, 38.726, 39.406, 39.841, 40.168, 39.674, 39.823, 40.782, 40.926, 40.104, 39.446, 37.914, 36.777, 36.482, 35.876, 35.729, 35.632, 35.876, 36.144, 35.903, 35.793, 36.146, 36.461, 36.977, 37.788, 38.065, 38.407, 38.607, 38.448, 38.698, 39.353, 39.527, 39.659, 39.742, 39.048, 37.97, 37.687, 37.102, 35.412, 36.002, 36.866, 36.16, 36.896, 39.033, 40.741, 40.659, 40.595, 40.702, 39.714, 39.393, 39.786, 33.82], [34.478, 32.36, 30.937, 29.834, 26.596, 23.749, 22.31, 18.482, 14.119, 11.519, 7.455, 0.0, 7.128, 11.075, 13.356, 15.135, 18.152, 20.654, 22.064, 24.459, 26.24, 27.654, 29.808, 32.221, 33.579, 34.892, 36.375, 36.687, 37.661, 38.404, 38.939, 39.363, 39.408, 39.601, 39.544, 39.448, 39.199, 38.73, 38.548, 38.351, 37.984, 38.216, 39.146, 39.256, 38.484, 37.953, 38.166, 38.609, 39.336, 40.003, 40.413, 40.716, 40.247, 40.379, 41.254, 41.372, 40.604, 39.995, 38.562, 37.508, 37.225, 36.657, 36.544, 36.468, 36.661, 36.874, 36.655, 36.575, 36.915, 37.206, 37.663, 38.395, 38.638, 38.941, 39.123, 38.969, 39.187, 39.802, 39.979, 40.093, 40.165, 39.551, 38.593, 38.326, 37.781, 36.284, 36.863, 37.637, 36.978, 37.611, 39.571, 41.241, 41.169, 41.124, 41.227, 40.28, 39.977, 40.33, 35.028], [35.849, 33.91, 32.646, 31.751, 28.996, 26.663, 25.573, 22.144, 17.949, 15.631, 12.916, 7.128, 0.0, 5.707, 9.497, 12.697, 16.987, 20.038, 22.05, 24.913, 26.787, 28.273, 30.608, 33.042, 34.272, 35.466, 36.933, 37.347, 38.496, 39.346, 39.896, 40.312, 40.361, 40.559, 40.525, 40.436, 40.202, 39.751, 39.549, 39.33, 38.998, 39.273, 40.15, 40.253, 39.551, 39.053, 39.232, 39.632, 40.307, 40.942, 41.318, 41.574, 41.118, 41.233, 42.05, 42.162, 41.454, 40.91, 39.595, 38.632, 38.35, 37.818, 37.752, 37.692, 37.834, 38.026, 37.84, 37.793, 38.143, 38.427, 38.828, 39.468, 39.683, 39.943, 40.106, 39.981, 40.184, 40.729, 40.888, 40.992, 41.035, 40.467, 39.594, 39.324, 38.806, 37.432, 38.006, 38.696, 38.07, 38.667, 40.453, 42.039, 41.992, 41.952, 42.029, 41.12, 40.831, 41.151, 36.372], [36.565, 34.729, 33.594, 32.801, 30.261, 28.108, 27.183, 24.007, 19.946, 17.663, 15.415, 11.075, 5.707, 0.0, 5.272, 10.333, 15.708, 19.168, 21.586, 24.754, 26.74, 28.252, 30.667, 33.16, 34.395, 35.553, 37.012, 37.473, 38.71, 39.63, 40.212, 40.641, 40.698, 40.896, 40.882, 40.814, 40.587, 40.139, 39.935, 39.708, 39.41, 39.711, 40.558, 40.665, 40.007, 39.528, 39.703, 40.081, 40.702, 41.292, 41.643, 41.881, 41.446, 41.561, 42.346, 42.458, 41.781, 41.274, 40.03, 39.124, 38.825, 38.318, 38.285, 38.232, 38.364, 38.557, 38.384, 38.35, 38.713, 39.005, 39.396, 40.009, 40.217, 40.451, 40.616, 40.532, 40.737, 41.257, 41.432, 41.539, 41.555, 40.997, 40.147, 39.86, 39.347, 38.002, 38.517, 39.187, 38.578, 39.111, 40.839, 42.369, 42.318, 42.273, 42.338, 41.448, 41.157, 41.461, 37.072], [37.054, 35.246, 34.177, 33.457, 31.063, 28.98, 28.107, 25.071, 21.1, 18.842, 16.843, 13.356, 9.497, 5.272, 0.0, 6.906, 13.872, 17.943, 20.812, 24.362, 26.511, 28.107, 30.623, 33.154, 34.364, 35.509, 37.014, 37.493, 38.713, 39.663, 40.286, 40.734, 40.8, 41.002, 41.017, 40.994, 40.783, 40.347, 40.159, 39.935, 39.657, 39.962, 40.795, 40.899, 40.262, 39.807, 39.979, 40.33, 40.907, 41.467, 41.833, 42.062, 41.623, 41.743, 42.515, 42.629, 41.974, 41.461, 40.233, 39.354, 39.038, 38.532, 38.505, 38.436, 38.579, 38.777, 38.611, 38.577, 38.929, 39.213, 39.617, 40.248, 40.45, 40.661, 40.834, 40.763, 40.956, 41.473, 41.679, 41.805, 41.812, 41.235, 40.382, 40.097, 39.588, 38.255, 38.75, 39.42, 38.865, 39.398, 41.103, 42.595, 42.552, 42.518, 42.576, 41.697, 41.403, 41.703, 37.575], [37.185, 35.493, 34.516, 33.831, 31.51, 29.443, 28.536, 25.518, 21.654, 19.398, 17.646, 15.135, 12.697, 10.333, 6.906, 0.0, 9.13, 14.78, 18.305, 22.456, 24.873, 26.603, 29.42, 32.206, 33.529, 34.783, 36.396, 36.897, 38.119, 39.114, 39.791, 40.258, 40.335, 40.563, 40.605, 40.609, 40.392, 39.933, 39.766, 39.548, 39.245, 39.554, 40.439, 40.551, 39.905, 39.463, 39.628, 39.973, 40.572, 41.153, 41.565, 41.795, 41.356, 41.497, 42.302, 42.421, 41.729, 41.161, 39.854, 38.923, 38.588, 38.025, 37.954, 37.863, 38.06, 38.294, 38.12, 38.08, 38.418, 38.709, 39.166, 39.839, 40.042, 40.253, 40.431, 40.354, 40.55, 41.068, 41.289, 41.435, 41.442, 40.82, 39.9, 39.632, 39.098, 37.671, 38.206, 38.911, 38.383, 39.022, 40.824, 42.31, 42.24, 42.228, 42.299, 41.396, 41.082, 41.394, 37.582], [37.266, 35.847, 35.073, 34.341, 32.119, 30.285, 29.474, 26.614, 23.201, 21.15, 19.612, 18.152, 16.987, 15.708, 13.872, 9.13, 0.0, 8.166, 14.316, 19.441, 22.006, 23.84, 27.034, 30.285, 31.982, 33.584, 35.399, 35.896, 37.277, 38.376, 39.061, 39.522, 39.592, 39.819, 39.847, 39.849, 39.622, 39.11, 38.935, 38.72, 38.358, 38.647, 39.601, 39.725, 39.048, 38.584, 38.743, 39.129, 39.839, 40.515, 40.972, 41.229, 40.827, 41.011, 41.897, 42.04, 41.255, 40.643, 39.204, 38.12, 37.802, 37.17, 36.996, 36.929, 37.226, 37.516, 37.329, 37.292, 37.642, 37.955, 38.445, 39.124, 39.347, 39.603, 39.769, 39.674, 39.879, 40.408, 40.652, 40.798, 40.766, 40.058, 39.056, 38.783, 38.225, 36.608, 37.217, 37.947, 37.369, 38.066, 40.04, 41.662, 41.532, 41.533, 41.644, 40.701, 40.376, 40.707, 37.331], [36.842, 35.74, 35.235, 34.51, 32.458, 31.005, 30.467, 27.815, 24.785, 23.021, 21.624, 20.654, 20.038, 19.168, 17.943, 14.78, 8.166, 0.0, 9.774, 17.061, 19.815, 21.436, 24.737, 28.339, 30.37, 32.305, 34.345, 34.884, 36.453, 37.68, 38.359, 38.791, 38.85, 39.069, 39.073, 39.072, 38.851, 38.315, 38.133, 37.93, 37.525, 37.813, 38.854, 39.0, 38.273, 37.76, 37.939, 38.4, 39.238, 39.986, 40.421, 40.705, 40.326, 40.501, 41.451, 41.648, 40.776, 40.109, 38.571, 37.362, 37.073, 36.391, 36.107, 36.067, 36.436, 36.768, 36.559, 36.515, 36.875, 37.192, 37.675, 38.359, 38.632, 38.941, 39.084, 38.96, 39.176, 39.762, 40.036, 40.183, 40.126, 39.355, 38.319, 38.058, 37.474, 35.71, 36.335, 37.186, 36.557, 37.241, 39.333, 41.064, 40.882, 40.859, 40.995, 40.031, 39.725, 40.101, 36.591], [35.692, 34.813, 34.522, 33.813, 31.718, 30.526, 30.284, 27.796, 25.119, 23.62, 22.426, 22.064, 22.05, 21.586, 20.812, 18.305, 14.316, 9.774, 0.0, 10.444, 15.04, 16.89, 20.584, 25.027, 27.542, 29.788, 32.152, 32.868, 34.727, 36.247, 37.046, 37.483, 37.538, 37.772, 37.74, 37.735, 37.546, 36.976, 36.791, 36.641, 36.167, 36.462, 37.632, 37.8, 37.023, 36.465, 36.672, 37.216, 38.258, 39.084, 39.486, 39.772, 39.361, 39.577, 40.637, 40.844, 39.852, 39.089, 37.366, 35.998, 35.705, 34.996, 34.715, 34.674, 35.076, 35.45, 35.179, 35.116, 35.545, 35.893, 36.433, 37.203, 37.547, 37.928, 38.061, 37.917, 38.171, 38.857, 39.162, 39.313, 39.249, 38.38, 37.216, 36.949, 36.325, 34.32, 35.005, 36.084, 35.312, 36.007, 38.333, 40.153, 39.951, 39.934, 40.101, 39.053, 38.726, 39.153, 35.23], [35.556, 34.796, 34.601, 33.872, 31.689, 30.694, 30.715, 28.541, 26.404, 25.274, 24.349, 24.459, 24.913, 24.754, 24.362, 22.456, 19.441, 17.061, 10.444, 0.0, 7.108, 10.691, 15.38, 21.06, 24.232, 26.837, 29.632, 30.639, 32.949, 34.893, 35.886, 36.348, 36.394, 36.666, 36.634, 36.674, 36.604, 36.119, 35.971, 35.89, 35.495, 35.864, 37.075, 37.275, 36.454, 35.821, 36.039, 36.633, 37.729, 38.551, 38.914, 39.213, 38.818, 39.064, 40.177, 40.393, 39.372, 38.582, 36.75, 35.301, 35.002, 34.314, 34.051, 34.014, 34.414, 34.807, 34.505, 34.434, 34.906, 35.252, 35.815, 36.66, 37.039, 37.47, 37.637, 37.504, 37.809, 38.549, 38.841, 38.988, 38.956, 38.041, 36.753, 36.479, 35.874, 33.727, 34.439, 35.652, 34.824, 35.39, 37.726, 39.708, 39.553, 39.574, 39.75, 38.654, 38.335, 38.783, 34.985], [35.683, 35.074, 34.949, 34.202, 32.115, 31.34, 31.48, 29.511, 27.721, 26.797, 25.99, 26.24, 26.787, 26.74, 26.511, 24.873, 22.006, 19.815, 15.04, 7.108, 0.0, 5.747, 12.358, 18.886, 22.381, 25.235, 28.302, 29.507, 31.995, 34.084, 35.142, 35.63, 35.709, 36.034, 36.031, 36.11, 36.147, 35.775, 35.666, 35.593, 35.321, 35.807, 37.042, 37.251, 36.412, 35.743, 35.952, 36.559, 37.656, 38.474, 38.82, 39.125, 38.736, 38.964, 40.096, 40.338, 39.297, 38.499, 36.649, 35.167, 34.894, 34.232, 33.936, 33.894, 34.281, 34.677, 34.38, 34.299, 34.764, 35.103, 35.649, 36.514, 36.924, 37.377, 37.552, 37.419, 37.744, 38.485, 38.754, 38.898, 38.884, 37.954, 36.651, 36.396, 35.79, 33.63, 34.373, 35.592, 34.767, 35.326, 37.593, 39.666, 39.516, 39.526, 39.713, 38.628, 38.334, 38.792, 34.984], [35.289, 34.899, 34.94, 34.187, 32.248, 31.832, 32.143, 30.308, 28.778, 27.996, 27.252, 27.654, 28.273, 28.252, 28.107, 26.603, 23.84, 21.436, 16.89, 10.691, 5.747, 0.0, 8.662, 16.777, 20.79, 23.69, 26.863, 28.211, 30.905, 33.185, 34.341, 34.877, 34.987, 35.352, 35.374, 35.466, 35.537, 35.179, 35.081, 35.022, 34.778, 35.329, 36.641, 36.87, 36.004, 35.307, 35.517, 36.157, 37.308, 38.117, 38.447, 38.75, 38.363, 38.623, 39.807, 40.077, 38.98, 38.157, 36.242, 34.668, 34.414, 33.719, 33.37, 33.315, 33.703, 34.119, 33.812, 33.728, 34.195, 34.549, 35.124, 36.013, 36.444, 36.924, 37.112, 36.977, 37.294, 38.048, 38.308, 38.438, 38.413, 37.426, 36.075, 35.84, 35.207, 32.982, 33.832, 35.109, 34.191, 34.772, 37.073, 39.233, 39.077, 39.074, 39.282, 38.166, 37.871, 38.351, 34.411], [34.911, 34.717, 34.996, 34.323, 32.538, 32.523, 33.098, 31.547, 30.395, 29.828, 29.197, 29.808, 30.608, 30.667, 30.623, 29.42, 27.034, 24.737, 20.584, 15.38, 12.358, 8.662, 0.0, 10.365, 16.268, 19.887, 23.484, 25.181, 28.411, 31.15, 32.518, 33.163, 33.335, 33.745, 33.793, 33.916, 34.076, 33.825, 33.793, 33.88, 33.848, 34.483, 35.863, 36.219, 35.421, 34.703, 34.926, 35.604, 36.738, 37.445, 37.694, 37.977, 37.61, 37.925, 39.175, 39.488, 38.363, 37.535, 35.536, 33.856, 33.61, 32.851, 32.45, 32.416, 32.862, 33.353, 33.058, 33.011, 33.543, 33.919, 34.549, 35.481, 35.936, 36.448, 36.677, 36.566, 36.886, 37.675, 37.904, 38.01, 37.99, 36.965, 35.572, 35.369, 34.685, 32.275, 33.173, 34.584, 33.478, 33.978, 36.375, 38.667, 38.539, 38.543, 38.765, 37.618, 37.321, 37.831, 33.921], [35.601, 35.439, 35.729, 35.191, 33.682, 33.786, 34.462, 33.336, 32.539, 32.114, 31.576, 32.221, 33.042, 33.16, 33.154, 32.206, 30.285, 28.339, 25.027, 21.06, 18.886, 16.777, 10.365, 0.0, 8.796, 14.996, 19.682, 22.102, 25.956, 29.077, 30.662, 31.448, 31.747, 32.223, 32.297, 32.475, 32.773, 32.663, 32.752, 33.058, 33.355, 34.203, 35.651, 36.241, 35.77, 35.192, 35.399, 36.076, 37.202, 37.865, 38.059, 38.301, 37.939, 38.244, 39.467, 39.783, 38.708, 37.934, 36.007, 34.408, 34.223, 33.437, 32.977, 32.966, 33.484, 34.026, 33.771, 33.787, 34.359, 34.692, 35.269, 36.165, 36.605, 37.105, 37.379, 37.272, 37.558, 38.37, 38.564, 38.614, 38.578, 37.572, 36.262, 36.111, 35.366, 32.918, 33.745, 35.146, 33.97, 34.424, 36.937, 39.156, 39.057, 39.107, 39.312, 38.189, 37.881, 38.399, 34.696], [36.05, 35.864, 36.101, 35.678, 34.511, 34.664, 35.299, 34.42, 33.841, 33.514, 33.035, 33.579, 34.272, 34.395, 34.364, 33.529, 31.982, 30.37, 27.542, 24.232, 22.381, 20.79, 16.268, 8.796, 0.0, 8.931, 16.242, 19.903, 24.371, 28.03, 29.97, 30.843, 31.221, 31.735, 31.816, 32.018, 32.385, 32.353, 32.499, 32.888, 33.332, 34.411, 35.885, 36.518, 36.291, 35.92, 36.117, 36.769, 37.947, 38.709, 38.927, 39.111, 38.755, 39.04, 40.17, 40.432, 39.377, 38.64, 36.825, 35.363, 35.25, 34.477, 33.976, 33.968, 34.454, 34.918, 34.689, 34.763, 35.282, 35.513, 36.004, 36.846, 37.257, 37.738, 38.013, 37.9, 38.123, 38.909, 39.095, 39.107, 39.072, 38.162, 36.977, 36.831, 36.099, 33.831, 34.623, 35.877, 34.76, 35.287, 37.732, 39.814, 39.739, 39.77, 39.933, 38.845, 38.528, 39.024, 35.276], [36.129, 36.062, 36.451, 36.204, 35.293, 35.625, 36.249, 35.453, 35.037, 34.853, 34.431, 34.892, 35.466, 35.553, 35.509, 34.783, 33.584, 32.305, 29.788, 26.837, 25.235, 23.69, 19.887, 14.996, 8.931, 0.0, 10.494, 16.929, 22.798, 27.212, 29.613, 30.593, 31.009, 31.56, 31.703, 31.962, 32.391, 32.478, 32.681, 33.091, 33.611, 34.783, 36.196, 36.789, 36.643, 36.392, 36.601, 37.21, 38.363, 39.175, 39.395, 39.529, 39.222, 39.515, 40.514, 40.683, 39.62, 38.915, 37.232, 35.892, 35.807, 35.063, 34.612, 34.639, 35.041, 35.425, 35.219, 35.297, 35.771, 35.975, 36.422, 37.193, 37.559, 38.022, 38.305, 38.206, 38.385, 39.148, 39.355, 39.358, 39.329, 38.508, 37.453, 37.313, 36.642, 34.622, 35.393, 36.527, 35.434, 35.892, 38.259, 40.322, 40.264, 40.261, 40.405, 39.335, 39.018, 39.488, 35.387], [36.501, 36.591, 37.123, 36.943, 36.137, 36.551, 37.181, 36.48, 36.234, 36.234, 35.904, 36.375, 36.933, 37.012, 37.014, 36.396, 35.399, 34.345, 32.152, 29.632, 28.302, 26.863, 23.484, 19.682, 16.242, 10.494, 0.0, 11.194, 20.55, 25.927, 28.732, 29.954, 30.454, 31.045, 31.278, 31.582, 32.129, 32.428, 32.756, 33.246, 33.89, 35.158, 36.573, 37.196, 37.148, 36.967, 37.214, 37.817, 38.854, 39.593, 39.764, 39.882, 39.607, 39.879, 40.772, 40.897, 39.88, 39.237, 37.698, 36.415, 36.325, 35.684, 35.312, 35.372, 35.719, 36.081, 35.895, 35.933, 36.425, 36.693, 37.076, 37.723, 38.037, 38.451, 38.744, 38.687, 38.824, 39.558, 39.83, 39.859, 39.822, 39.069, 38.11, 37.948, 37.334, 35.515, 36.152, 37.15, 36.107, 36.453, 38.795, 40.907, 40.886, 40.9, 41.06, 40.018, 39.716, 40.148, 35.779], [37.153, 37.153, 37.558, 37.326, 36.339, 36.574, 37.228, 36.593, 36.353, 36.398, 36.141, 36.687, 37.347, 37.473, 37.493, 36.897, 35.896, 34.884, 32.868, 30.639, 29.507, 28.211, 25.181, 22.102, 19.903, 16.929, 11.194, 0.0, 13.113, 21.02, 24.509, 26.021, 26.81, 27.55, 27.914, 28.346, 29.148, 29.826, 30.383, 31.063, 32.141, 33.815, 35.471, 36.378, 36.724, 36.818, 37.144, 37.778, 38.898, 39.58, 39.663, 39.742, 39.439, 39.743, 40.629, 40.759, 39.852, 39.2, 37.661, 36.439, 36.366, 35.817, 35.527, 35.595, 35.939, 36.282, 36.1, 36.143, 36.615, 36.867, 37.262, 37.949, 38.309, 38.722, 39.012, 38.974, 39.124, 39.876, 40.207, 40.252, 40.164, 39.383, 38.433, 38.279, 37.621, 35.777, 36.43, 37.478, 36.4, 36.681, 39.042, 41.158, 41.141, 41.135, 41.273, 40.238, 39.967, 40.387, 36.434], [38.407, 38.232, 38.46, 38.167, 37.016, 36.979, 37.588, 37.165, 37.113, 37.212, 37.017, 37.661, 38.496, 38.71, 38.713, 38.119, 37.277, 36.453, 34.727, 32.949, 31.995, 30.905, 28.411, 25.956, 24.371, 22.798, 20.55, 13.113, 0.0, 11.711, 17.359, 19.292, 20.456, 21.521, 22.232, 23.085, 24.367, 25.555, 26.417, 27.32, 29.005, 31.548, 33.721, 35.127, 36.151, 36.719, 37.115, 37.752, 39.26, 40.132, 40.155, 40.176, 39.797, 40.117, 41.013, 41.084, 40.275, 39.632, 38.079, 36.93, 36.844, 36.367, 36.157, 36.23, 36.612, 36.95, 36.775, 36.877, 37.313, 37.484, 37.974, 38.834, 39.238, 39.636, 39.937, 39.872, 39.978, 40.734, 41.054, 41.022, 40.865, 40.033, 39.131, 39.059, 38.272, 36.4, 37.124, 38.293, 37.118, 37.346, 39.809, 41.848, 41.807, 41.783, 41.874, 40.858, 40.624, 41.051, 37.718], [38.977, 38.618, 38.653, 38.312, 37.208, 37.102, 37.724, 37.512, 37.669, 37.874, 37.713, 38.404, 39.346, 39.63, 39.663, 39.114, 38.376, 37.68, 36.247, 34.893, 34.084, 33.185, 31.15, 29.077, 28.03, 27.212, 25.927, 21.02, 11.711, 0.0, 8.455, 12.299, 14.041, 15.373, 16.729, 18.318, 20.254, 21.993, 23.245, 24.465, 26.706, 29.926, 32.454, 34.243, 35.683, 36.418, 36.815, 37.534, 39.287, 40.369, 40.426, 40.424, 39.972, 40.222, 41.138, 41.243, 40.51, 39.914, 38.362, 37.222, 37.093, 36.684, 36.506, 36.562, 36.985, 37.352, 37.194, 37.307, 37.747, 37.897, 38.361, 39.286, 39.724, 40.1, 40.422, 40.345, 40.422, 41.15, 41.426, 41.356, 41.209, 40.402, 39.583, 39.554, 38.682, 36.767, 37.394, 38.565, 37.377, 37.603, 40.13, 42.06, 42.015, 41.996, 42.104, 41.157, 40.978, 41.414, 38.357], [39.48, 39.064, 38.973, 38.597, 37.528, 37.429, 38.063, 37.903, 38.128, 38.387, 38.245, 38.939, 39.896, 40.212, 40.286, 39.791, 39.061, 38.359, 37.046, 35.886, 35.142, 34.341, 32.518, 30.662, 29.97, 29.613, 28.732, 24.509, 17.359, 8.455, 0.0, 6.336, 9.734, 11.299, 13.083, 15.322, 17.841, 20.171, 21.822, 23.272, 25.965, 29.473, 32.029, 33.976, 35.612, 36.374, 36.675, 37.476, 39.438, 40.6, 40.717, 40.733, 40.281, 40.503, 41.393, 41.507, 40.828, 40.25, 38.708, 37.608, 37.454, 37.061, 36.919, 36.968, 37.351, 37.714, 37.584, 37.725, 38.199, 38.352, 38.797, 39.737, 40.201, 40.566, 40.886, 40.811, 40.881, 41.599, 41.858, 41.778, 41.653, 40.898, 40.098, 40.042, 39.158, 37.198, 37.771, 38.925, 37.762, 37.969, 40.45, 42.343, 42.307, 42.277, 42.396, 41.504, 41.357, 41.778, 38.873], [39.881, 39.487, 39.355, 38.949, 37.909, 37.816, 38.429, 38.278, 38.513, 38.782, 38.668, 39.363, 40.312, 40.641, 40.734, 40.258, 39.522, 38.791, 37.483, 36.348, 35.63, 34.877, 33.163, 31.448, 30.843, 30.593, 29.954, 26.021, 19.292, 12.299, 6.336, 0.0, 5.287, 8.032, 10.217, 12.794, 15.75, 18.544, 20.549, 22.146, 25.021, 28.815, 31.527, 33.566, 35.344, 36.248, 36.563, 37.384, 39.544, 40.893, 41.06, 41.095, 40.712, 40.948, 41.815, 41.896, 41.195, 40.632, 39.109, 38.014, 37.849, 37.467, 37.34, 37.375, 37.681, 37.991, 37.865, 38.014, 38.471, 38.606, 39.05, 39.983, 40.44, 40.777, 41.073, 41.001, 41.05, 41.743, 42.004, 41.925, 41.806, 41.086, 40.288, 40.223, 39.362, 37.457, 38.093, 39.242, 38.128, 38.384, 40.777, 42.604, 42.547, 42.515, 42.635, 41.761, 41.621, 42.027, 39.241], [39.821, 39.43, 39.325, 38.928, 37.909, 37.854, 38.482, 38.347, 38.58, 38.84, 38.729, 39.408, 40.361, 40.698, 40.8, 40.335, 39.592, 38.85, 37.538, 36.394, 35.709, 34.987, 33.335, 31.747, 31.221, 31.009, 30.454, 26.81, 20.456, 14.041, 9.734, 5.287, 0.0, 4.515, 8.078, 10.928, 14.219, 17.504, 19.696, 21.333, 24.244, 28.186, 31.022, 33.086, 34.855, 35.808, 36.168, 37.009, 39.264, 40.783, 41.033, 41.088, 40.749, 41.002, 41.883, 41.952, 41.226, 40.669, 39.165, 38.076, 37.893, 37.509, 37.395, 37.407, 37.633, 37.891, 37.753, 37.868, 38.268, 38.382, 38.795, 39.711, 40.166, 40.481, 40.748, 40.676, 40.709, 41.357, 41.608, 41.534, 41.419, 40.73, 39.961, 39.889, 39.067, 37.345, 38.075, 39.188, 38.138, 38.4, 40.667, 42.445, 42.377, 42.35, 42.477, 41.619, 41.487, 41.882, 39.171], [39.974, 39.582, 39.486, 39.098, 38.077, 38.021, 38.654, 38.544, 38.784, 39.051, 38.934, 39.601, 40.559, 40.896, 41.002, 40.563, 39.819, 39.069, 37.772, 36.666, 36.034, 35.352, 33.745, 32.223, 31.735, 31.56, 31.045, 27.55, 21.521, 15.373, 11.299, 8.032, 4.515, 0.0, 5.127, 9.063, 12.847, 16.646, 19.007, 20.696, 23.748, 27.825, 30.728, 32.846, 34.676, 35.657, 36.024, 36.887, 39.194, 40.801, 41.111, 41.189, 40.856, 41.126, 42.031, 42.109, 41.382, 40.82, 39.326, 38.251, 38.068, 37.701, 37.584, 37.576, 37.784, 38.039, 37.916, 38.038, 38.416, 38.507, 38.893, 39.806, 40.266, 40.573, 40.824, 40.742, 40.769, 41.403, 41.649, 41.568, 41.422, 40.741, 39.998, 39.924, 39.101, 37.463, 38.262, 39.37, 38.348, 38.61, 40.815, 42.556, 42.488, 42.457, 42.579, 41.745, 41.622, 42.002, 39.339], [39.928, 39.547, 39.439, 39.023, 37.959, 37.883, 38.494, 38.409, 38.694, 38.986, 38.863, 39.544, 40.525, 40.882, 41.017, 40.605, 39.847, 39.073, 37.74, 36.634, 36.031, 35.374, 33.793, 32.297, 31.816, 31.703, 31.278, 27.914, 22.232, 16.729, 13.083, 10.217, 8.078, 5.127, 0.0, 5.301, 10.266, 14.608, 17.279, 19.136, 22.444, 26.872, 29.956, 32.168, 34.123, 35.17, 35.568, 36.483, 38.856, 40.555, 40.911, 41.021, 40.706, 40.995, 41.971, 42.093, 41.351, 40.791, 39.294, 38.204, 38.034, 37.648, 37.486, 37.472, 37.687, 37.936, 37.836, 37.993, 38.368, 38.45, 38.834, 39.747, 40.207, 40.516, 40.766, 40.682, 40.708, 41.369, 41.638, 41.551, 41.384, 40.683, 39.919, 39.837, 38.986, 37.293, 38.139, 39.278, 38.203, 38.489, 40.76, 42.502, 42.429, 42.395, 42.518, 41.68, 41.555, 41.944, 39.286], [39.813, 39.455, 39.355, 38.922, 37.845, 37.782, 38.364, 38.278, 38.575, 38.873, 38.753, 39.448, 40.436, 40.814, 40.994, 40.609, 39.849, 39.072, 37.735, 36.674, 36.11, 35.466, 33.916, 32.475, 32.018, 31.962, 31.582, 28.346, 23.085, 18.318, 15.322, 12.794, 10.928, 9.063, 5.301, 0.0, 6.552, 12.471, 15.599, 17.477, 21.056, 25.9, 29.192, 31.508, 33.584, 34.702, 35.131, 36.112, 38.55, 40.29, 40.664, 40.781, 40.496, 40.816, 41.841, 41.989, 41.242, 40.71, 39.25, 38.183, 38.049, 37.64, 37.461, 37.488, 37.687, 37.898, 37.818, 37.985, 38.337, 38.432, 38.82, 39.711, 40.159, 40.455, 40.663, 40.582, 40.626, 41.266, 41.535, 41.45, 41.274, 40.569, 39.805, 39.712, 38.834, 37.135, 38.039, 39.173, 38.041, 38.413, 40.728, 42.431, 42.335, 42.302, 42.43, 41.593, 41.46, 41.862, 39.164], [39.599, 39.285, 39.241, 38.791, 37.663, 37.6, 38.168, 38.042, 38.321, 38.612, 38.489, 39.199, 40.202, 40.587, 40.783, 40.392, 39.622, 38.851, 37.546, 36.604, 36.147, 35.537, 34.076, 32.773, 32.385, 32.391, 32.129, 29.148, 24.367, 20.254, 17.841, 15.75, 14.219, 12.847, 10.266, 6.552, 0.0, 8.128, 12.604, 14.429, 18.515, 24.345, 28.037, 30.557, 32.828, 34.084, 34.562, 35.623, 38.201, 40.109, 40.581, 40.728, 40.479, 40.851, 41.938, 42.104, 41.33, 40.806, 39.335, 38.255, 38.137, 37.694, 37.464, 37.481, 37.653, 37.829, 37.759, 37.93, 38.25, 38.329, 38.682, 39.528, 39.965, 40.251, 40.392, 40.267, 40.307, 40.906, 41.181, 41.112, 40.955, 40.245, 39.458, 39.377, 38.476, 36.819, 37.862, 38.976, 37.832, 38.345, 40.652, 42.261, 42.129, 42.116, 42.254, 41.394, 41.228, 41.632, 38.912], [39.25, 38.997, 39.008, 38.486, 37.253, 37.191, 37.744, 37.565, 37.846, 38.137, 37.999, 38.73, 39.751, 40.139, 40.347, 39.933, 39.11, 38.315, 36.976, 36.119, 35.775, 35.179, 33.825, 32.663, 32.353, 32.478, 32.428, 29.826, 25.555, 21.993, 20.171, 18.544, 17.504, 16.646, 14.608, 12.471, 8.128, 0.0, 6.46, 9.411, 14.173, 21.372, 25.774, 28.631, 31.232, 32.706, 33.239, 34.398, 37.241, 39.464, 40.109, 40.333, 40.124, 40.573, 41.753, 41.978, 41.177, 40.64, 39.092, 37.931, 37.787, 37.277, 36.986, 36.985, 37.189, 37.349, 37.258, 37.45, 37.749, 37.803, 38.156, 38.981, 39.407, 39.709, 39.845, 39.681, 39.705, 40.334, 40.652, 40.582, 40.449, 39.737, 38.89, 38.821, 37.93, 36.233, 37.318, 38.439, 37.223, 37.712, 40.127, 41.727, 41.576, 41.598, 41.765, 40.882, 40.702, 41.122, 38.492], [39.064, 38.87, 38.924, 38.37, 37.11, 37.082, 37.649, 37.423, 37.671, 37.962, 37.822, 38.548, 39.549, 39.935, 40.159, 39.766, 38.935, 38.133, 36.791, 35.971, 35.666, 35.081, 33.793, 32.752, 32.499, 32.681, 32.756, 30.383, 26.417, 23.245, 21.822, 20.549, 19.696, 19.007, 17.279, 15.599, 12.604, 6.46, 0.0, 5.194, 11.531, 19.214, 23.878, 26.941, 29.781, 31.405, 31.979, 33.206, 36.273, 38.703, 39.433, 39.694, 39.533, 40.037, 41.251, 41.521, 40.742, 40.22, 38.685, 37.537, 37.417, 36.9, 36.653, 36.732, 36.991, 37.144, 37.038, 37.22, 37.491, 37.552, 37.975, 38.838, 39.254, 39.548, 39.706, 39.579, 39.613, 40.261, 40.6, 40.506, 40.339, 39.649, 38.831, 38.74, 37.858, 36.119, 37.151, 38.268, 36.991, 37.412, 39.888, 41.483, 41.324, 41.357, 41.535, 40.656, 40.486, 40.9, 38.274], [38.848, 38.696, 38.768, 38.216, 36.99, 37.005, 37.584, 37.313, 37.526, 37.804, 37.647, 38.351, 39.33, 39.708, 39.935, 39.548, 38.72, 37.93, 36.641, 35.89, 35.593, 35.022, 33.88, 33.058, 32.888, 33.091, 33.246, 31.063, 27.32, 24.465, 23.272, 22.146, 21.333, 20.696, 19.136, 17.477, 14.429, 9.411, 5.194, 0.0, 8.86, 18.012, 22.879, 25.952, 28.91, 30.674, 31.319, 32.629, 35.88, 38.455, 39.228, 39.51, 39.375, 39.887, 41.097, 41.367, 40.617, 40.108, 38.577, 37.444, 37.346, 36.831, 36.598, 36.682, 36.92, 37.051, 36.936, 37.094, 37.323, 37.375, 37.814, 38.683, 39.093, 39.376, 39.527, 39.408, 39.45, 40.085, 40.425, 40.333, 40.165, 39.494, 38.701, 38.592, 37.704, 36.029, 37.129, 38.243, 36.959, 37.339, 39.72, 41.288, 41.127, 41.152, 41.329, 40.446, 40.268, 40.668, 38.028], [38.373, 38.224, 38.269, 37.717, 36.578, 36.665, 37.254, 36.964, 37.188, 37.454, 37.271, 37.984, 38.998, 39.41, 39.657, 39.245, 38.358, 37.525, 36.167, 35.495, 35.321, 34.778, 33.848, 33.355, 33.332, 33.611, 33.89, 32.141, 29.005, 26.706, 25.965, 25.021, 24.244, 23.748, 22.444, 21.056, 18.515, 14.173, 11.531, 8.86, 0.0, 11.777, 18.457, 22.151, 25.653, 27.92, 28.764, 30.308, 34.14, 37.245, 38.198, 38.521, 38.539, 39.186, 40.431, 40.711, 39.955, 39.484, 37.982, 36.835, 36.655, 36.084, 35.955, 36.071, 36.254, 36.332, 36.204, 36.366, 36.587, 36.643, 37.126, 38.022, 38.446, 38.746, 38.901, 38.803, 38.864, 39.459, 39.749, 39.662, 39.541, 38.921, 38.154, 38.023, 37.141, 35.551, 36.72, 37.791, 36.466, 36.747, 39.0, 40.508, 40.34, 40.36, 40.531, 39.647, 39.46, 39.842, 37.521], [38.485, 38.305, 38.304, 37.826, 36.844, 37.018, 37.616, 37.338, 37.487, 37.674, 37.496, 38.216, 39.273, 39.711, 39.962, 39.554, 38.647, 37.813, 36.462, 35.864, 35.807, 35.329, 34.483, 34.203, 34.411, 34.783, 35.158, 33.815, 31.548, 29.926, 29.473, 28.815, 28.186, 27.825, 26.872, 25.9, 24.345, 21.372, 19.214, 18.012, 11.777, 0.0, 9.087, 14.644, 19.213, 22.271, 23.427, 25.244, 29.954, 34.019, 35.375, 35.731, 36.159, 37.167, 38.402, 38.772, 38.219, 37.964, 36.79, 35.968, 35.708, 35.165, 35.501, 35.925, 36.146, 36.244, 36.116, 36.263, 36.498, 36.58, 37.111, 38.004, 38.441, 38.754, 38.899, 38.855, 38.996, 39.547, 39.755, 39.651, 39.545, 38.977, 38.203, 38.021, 37.258, 35.773, 36.709, 37.652, 36.337, 36.244, 38.38, 39.964, 39.787, 39.801, 39.955, 39.107, 38.95, 39.328, 37.725], [39.239, 39.129, 39.164, 38.752, 37.891, 38.079, 38.638, 38.408, 38.512, 38.641, 38.481, 39.146, 40.15, 40.558, 40.795, 40.439, 39.601, 38.854, 37.632, 37.075, 37.042, 36.641, 35.863, 35.651, 35.885, 36.196, 36.573, 35.471, 33.721, 32.454, 32.029, 31.527, 31.022, 30.728, 29.956, 29.192, 28.037, 25.774, 23.878, 22.879, 18.457, 9.087, 0.0, 7.655, 14.25, 18.407, 19.848, 21.731, 27.029, 31.717, 33.335, 33.743, 34.503, 35.78, 36.974, 37.437, 37.141, 37.101, 36.308, 35.945, 35.737, 35.277, 36.023, 36.738, 37.044, 37.198, 37.073, 37.188, 37.433, 37.537, 38.046, 38.856, 39.257, 39.561, 39.714, 39.698, 39.869, 40.405, 40.596, 40.467, 40.352, 39.849, 39.11, 38.875, 38.232, 36.918, 37.617, 38.462, 37.147, 36.559, 38.662, 40.401, 40.23, 40.232, 40.355, 39.565, 39.453, 39.815, 38.596], [39.136, 39.11, 39.221, 38.839, 38.012, 38.239, 38.814, 38.579, 38.68, 38.787, 38.607, 39.256, 40.253, 40.665, 40.899, 40.551, 39.725, 39.0, 37.8, 37.275, 37.251, 36.87, 36.219, 36.241, 36.518, 36.789, 37.196, 36.378, 35.127, 34.243, 33.976, 33.566, 33.086, 32.846, 32.168, 31.508, 30.557, 28.631, 26.941, 25.952, 22.151, 14.644, 7.655, 0.0, 8.666, 14.802, 16.981, 18.897, 24.605, 29.806, 31.73, 32.348, 33.309, 34.726, 35.95, 36.474, 36.253, 36.287, 35.681, 35.548, 35.372, 34.954, 35.883, 36.693, 37.052, 37.274, 37.141, 37.192, 37.45, 37.613, 38.139, 38.931, 39.326, 39.65, 39.83, 39.817, 39.971, 40.507, 40.731, 40.61, 40.502, 40.049, 39.347, 39.095, 38.549, 37.359, 37.953, 38.776, 37.471, 36.625, 38.585, 40.459, 40.345, 40.318, 40.422, 39.627, 39.524, 39.861, 38.537], [38.226, 38.229, 38.405, 38.012, 37.151, 37.488, 38.154, 37.863, 37.945, 38.031, 37.802, 38.484, 39.551, 40.007, 40.262, 39.905, 39.048, 38.273, 37.023, 36.454, 36.412, 36.004, 35.421, 35.77, 36.291, 36.643, 37.148, 36.724, 36.151, 35.683, 35.612, 35.344, 34.855, 34.676, 34.123, 33.584, 32.828, 31.232, 29.781, 28.91, 25.653, 19.213, 14.25, 8.666, 0.0, 8.208, 12.329, 14.949, 20.86, 26.639, 29.164, 30.301, 31.508, 33.049, 34.424, 35.113, 34.913, 34.974, 34.452, 34.404, 34.218, 33.846, 34.903, 35.745, 36.16, 36.481, 36.329, 36.28, 36.553, 36.794, 37.373, 38.183, 38.603, 38.977, 39.183, 39.158, 39.324, 39.88, 40.117, 40.027, 39.97, 39.527, 38.769, 38.481, 37.984, 36.773, 37.293, 38.167, 36.912, 36.002, 37.848, 39.926, 39.879, 39.835, 39.951, 39.082, 38.933, 39.24, 37.629], [37.725, 37.74, 37.972, 37.54, 36.601, 36.969, 37.7, 37.378, 37.426, 37.517, 37.262, 37.953, 39.053, 39.528, 39.807, 39.463, 38.584, 37.76, 36.465, 35.821, 35.743, 35.307, 34.703, 35.192, 35.92, 36.392, 36.967, 36.818, 36.719, 36.418, 36.374, 36.248, 35.808, 35.657, 35.17, 34.702, 34.084, 32.706, 31.405, 30.674, 27.92, 22.271, 18.407, 14.802, 8.208, 0.0, 6.546, 11.445, 17.567, 23.458, 26.604, 28.256, 29.684, 31.395, 32.962, 33.861, 33.725, 33.826, 33.374, 33.391, 33.223, 32.975, 34.156, 35.047, 35.529, 35.932, 35.801, 35.735, 36.032, 36.305, 36.918, 37.747, 38.189, 38.591, 38.784, 38.747, 38.946, 39.528, 39.749, 39.671, 39.656, 39.195, 38.364, 38.053, 37.554, 36.208, 36.666, 37.627, 36.364, 35.432, 37.425, 39.675, 39.633, 39.584, 39.718, 38.804, 38.607, 38.914, 37.127], [37.948, 37.988, 38.279, 37.869, 36.927, 37.231, 37.933, 37.642, 37.682, 37.77, 37.52, 38.166, 39.232, 39.703, 39.979, 39.628, 38.743, 37.939, 36.672, 36.039, 35.952, 35.517, 34.926, 35.399, 36.117, 36.601, 37.214, 37.144, 37.115, 36.815, 36.675, 36.563, 36.168, 36.024, 35.568, 35.131, 34.562, 33.239, 31.979, 31.319, 28.764, 23.427, 19.848, 16.981, 12.329, 6.546, 0.0, 7.59, 15.845, 22.115, 25.432, 27.214, 28.795, 30.681, 32.289, 33.234, 33.173, 33.34, 33.004, 33.149, 33.015, 32.848, 34.104, 35.029, 35.542, 35.972, 35.908, 35.939, 36.276, 36.538, 37.145, 37.999, 38.465, 38.86, 39.013, 38.962, 39.161, 39.74, 39.958, 39.876, 39.852, 39.391, 38.565, 38.252, 37.731, 36.358, 36.799, 37.761, 36.465, 35.509, 37.614, 39.873, 39.798, 39.745, 39.876, 38.97, 38.767, 39.085, 37.388], [38.364, 38.409, 38.729, 38.385, 37.493, 37.768, 38.433, 38.173, 38.17, 38.215, 37.988, 38.609, 39.632, 40.081, 40.33, 39.973, 39.129, 38.4, 37.216, 36.633, 36.559, 36.157, 35.604, 36.076, 36.769, 37.21, 37.817, 37.778, 37.752, 37.534, 37.476, 37.384, 37.009, 36.887, 36.483, 36.112, 35.623, 34.398, 33.206, 32.629, 30.308, 25.244, 21.731, 18.897, 14.949, 11.445, 7.59, 0.0, 11.275, 20.028, 23.969, 25.823, 27.666, 29.778, 31.461, 32.546, 32.639, 32.898, 32.767, 33.161, 33.069, 32.954, 34.35, 35.368, 35.893, 36.303, 36.261, 36.351, 36.75, 37.056, 37.653, 38.482, 38.94, 39.31, 39.433, 39.375, 39.597, 40.166, 40.398, 40.337, 40.304, 39.882, 39.1, 38.773, 38.254, 36.932, 37.328, 38.247, 36.955, 36.038, 38.109, 40.271, 40.204, 40.126, 40.231, 39.361, 39.155, 39.465, 37.853], [39.149, 39.195, 39.501, 39.205, 38.37, 38.597, 39.23, 38.991, 38.899, 38.909, 38.726, 39.336, 40.307, 40.702, 40.907, 40.572, 39.839, 39.238, 38.258, 37.729, 37.656, 37.308, 36.738, 37.202, 37.947, 38.363, 38.854, 38.898, 39.26, 39.287, 39.438, 39.544, 39.264, 39.194, 38.856, 38.55, 38.201, 37.241, 36.273, 35.88, 34.14, 29.954, 27.029, 24.605, 20.86, 17.567, 15.845, 11.275, 0.0, 12.928, 20.017, 22.89, 25.145, 27.656, 29.748, 31.432, 31.838, 32.188, 32.422, 33.225, 33.201, 33.222, 34.91, 36.116, 36.659, 37.073, 37.065, 37.148, 37.588, 38.008, 38.656, 39.376, 39.763, 40.123, 40.254, 40.193, 40.457, 41.033, 41.248, 41.227, 41.223, 40.86, 40.174, 39.915, 39.474, 38.242, 38.501, 39.388, 38.149, 37.253, 39.235, 41.33, 41.311, 41.175, 41.222, 40.391, 40.145, 40.419, 38.728], [39.924, 39.945, 40.263, 39.985, 39.115, 39.26, 39.885, 39.644, 39.525, 39.559, 39.406, 40.003, 40.942, 41.292, 41.467, 41.153, 40.515, 39.986, 39.084, 38.551, 38.474, 38.117, 37.445, 37.865, 38.709, 39.175, 39.593, 39.58, 40.132, 40.369, 40.6, 40.893, 40.783, 40.801, 40.555, 40.29, 40.109, 39.464, 38.703, 38.455, 37.245, 34.019, 31.717, 29.806, 26.639, 23.458, 22.115, 20.028, 12.928, 0.0, 11.58, 17.449, 20.4, 23.321, 25.966, 28.432, 29.297, 29.837, 30.507, 31.785, 31.918, 32.236, 34.389, 35.953, 36.733, 37.288, 37.336, 37.452, 37.972, 38.521, 39.42, 40.201, 40.531, 40.908, 41.099, 41.031, 41.276, 41.863, 42.069, 42.027, 41.996, 41.614, 40.988, 40.796, 40.388, 39.172, 39.301, 40.215, 38.908, 37.788, 39.899, 42.194, 42.172, 41.991, 41.995, 41.137, 40.859, 41.115, 39.631], [40.298, 40.373, 40.778, 40.516, 39.631, 39.734, 40.334, 40.083, 39.955, 39.998, 39.841, 40.413, 41.318, 41.643, 41.833, 41.565, 40.972, 40.421, 39.486, 38.914, 38.82, 38.447, 37.694, 38.059, 38.927, 39.395, 39.764, 39.663, 40.155, 40.426, 40.717, 41.06, 41.033, 41.111, 40.911, 40.664, 40.581, 40.109, 39.433, 39.228, 38.198, 35.375, 33.335, 31.73, 29.164, 26.604, 25.432, 23.969, 20.017, 11.58, 0.0, 9.375, 14.963, 18.57, 21.431, 24.577, 25.971, 26.879, 28.095, 29.806, 30.095, 30.718, 33.227, 35.102, 36.172, 36.846, 36.916, 37.163, 37.838, 38.529, 39.687, 40.58, 40.926, 41.32, 41.519, 41.515, 41.772, 42.337, 42.566, 42.529, 42.455, 42.032, 41.395, 41.191, 40.763, 39.443, 39.38, 40.327, 38.905, 37.427, 39.842, 42.304, 42.252, 42.061, 42.047, 41.13, 40.847, 41.083, 40.059], [40.51, 40.626, 41.055, 40.801, 39.921, 40.012, 40.608, 40.378, 40.278, 40.329, 40.168, 40.716, 41.574, 41.881, 42.062, 41.795, 41.229, 40.705, 39.772, 39.213, 39.125, 38.75, 37.977, 38.301, 39.111, 39.529, 39.882, 39.742, 40.17