[[0.0, 7.099, 15.45, 20.896, 23.588, 25.073, 26.784, 28.86, 30.218, 30.812, 31.677, 33.047, 34.01, 35.339, 36.826, 37.716, 38.509, 39.285, 39.524, 39.639, 40.287, 41.753, 41.472, 40.646, 41.263, 41.789, 42.538, 42.871, 42.504, 42.198, 41.948, 40.964, 40.35, 40.252, 40.01, 39.878, 40.203, 39.837, 39.447, 40.039, 40.191, 40.366, 40.968, 41.622, 42.814, 43.329, 43.27, 42.943, 42.645, 42.493, 42.364, 42.252, 42.734, 43.68, 43.704, 44.094, 45.21, 44.889, 43.745, 42.546, 42.206, 42.296, 41.977, 41.889, 41.469, 41.184, 40.917, 40.824, 40.676, 40.649, 42.298, 43.434, 43.52, 44.242, 45.227, 46.065, 45.819, 45.712, 46.876, 47.406, 47.105, 47.556, 48.853, 49.1, 48.013, 48.03, 48.04, 47.795, 47.489, 46.916, 47.126, 48.211, 48.961, 49.23, 48.064, 46.49, 46.244, 46.274, 47.24, 46.688, 46.233, 45.041, 43.489, 43.611, 42.337, 40.106, 39.674, 40.091, 40.609, 40.442, 39.941, 40.03, 40.406, 40.982, 41.482, 41.143, 40.64, 41.202, 41.622, 41.624, 41.511, 41.478, 42.457, 45.552, 46.764, 47.595, 9.268], [7.099, 0.0, 10.493, 17.274, 20.407, 22.123, 24.201, 26.673, 28.342, 29.076, 29.978, 31.437, 32.525, 33.983, 35.583, 36.542, 37.397, 38.266, 38.553, 38.707, 39.442, 41.001, 40.721, 39.902, 40.541, 41.061, 41.856, 42.224, 41.845, 41.544, 41.295, 40.224, 39.555, 39.486, 39.258, 39.078, 39.426, 39.046, 38.647, 39.301, 39.422, 39.537, 40.178, 40.922, 42.183, 42.722, 42.656, 42.299, 42.002, 41.841, 41.713, 41.601, 42.12, 43.126, 43.133, 43.523, 44.697, 44.339, 43.119, 41.876, 41.523, 41.589, 41.211, 41.066, 40.56, 40.229, 39.937, 39.84, 39.686, 39.733, 41.613, 42.856, 42.926, 43.657, 44.649, 45.52, 45.276, 45.178, 46.432, 47.014, 46.692, 47.175, 48.55, 48.815, 47.688, 47.7, 47.691, 47.399, 47.081, 46.509, 46.713, 47.822, 48.574, 48.85, 47.685, 46.095, 45.889, 45.914, 46.871, 46.28, 45.826, 44.575, 42.948, 43.092, 41.715, 39.285, 38.821, 39.326, 39.864, 39.611, 39.006, 39.091, 39.55, 40.244, 40.855, 40.494, 39.912, 40.479, 40.908, 40.889, 40.786, 40.848, 41.892, 45.176, 46.375, 47.172, 12.814], [15.45, 10.493, 0.0, 9.16, 14.271, 16.754, 19.383, 22.597, 24.948, 26.142, 27.343, 29.066, 30.348, 32.081, 33.915, 35.018, 36.031, 37.067, 37.455, 37.834, 38.906, 40.516, 40.261, 39.74, 40.508, 41.016, 41.805, 42.174, 41.817, 41.535, 41.275, 40.213, 39.592, 39.514, 39.273, 39.022, 39.348, 38.954, 38.492, 39.125, 39.186, 39.184, 39.869, 40.733, 42.078, 42.642, 42.572, 42.196, 41.917, 41.754, 41.622, 41.473, 41.975, 43.014, 43.015, 43.398, 44.614, 44.251, 43.017, 41.791, 41.474, 41.533, 41.086, 40.843, 40.254, 39.912, 39.615, 39.537, 39.39, 39.463, 41.45, 42.739, 42.787, 43.544, 44.571, 45.447, 45.206, 45.121, 46.437, 47.059, 46.72, 47.168, 48.509, 48.803, 47.716, 47.716, 47.686, 47.382, 47.068, 46.538, 46.773, 47.858, 48.525, 48.787, 47.685, 46.111, 45.881, 45.948, 46.921, 46.321, 45.87, 44.603, 42.988, 43.166, 41.739, 39.16, 38.691, 39.238, 39.723, 39.367, 38.736, 38.865, 39.331, 40.051, 40.741, 40.41, 39.799, 40.338, 40.761, 40.745, 40.66, 40.825, 41.935, 45.476, 46.661, 47.395, 18.876], [20.896, 17.274, 9.16, 0.0, 7.305, 11.856, 15.711, 19.729, 22.648, 24.256, 25.836, 27.852, 29.192, 31.099, 33.175, 34.373, 35.409, 36.479, 36.972, 37.556, 38.87, 40.494, 40.229, 39.91, 40.83, 41.384, 42.129, 42.446, 42.099, 41.832, 41.55, 40.504, 39.93, 39.817, 39.556, 39.277, 39.58, 39.191, 38.727, 39.325, 39.314, 39.204, 39.883, 40.864, 42.285, 42.865, 42.769, 42.403, 42.194, 42.073, 41.948, 41.715, 42.109, 43.109, 43.122, 43.509, 44.718, 44.378, 43.216, 42.08, 41.808, 41.819, 41.354, 41.074, 40.45, 40.16, 39.862, 39.776, 39.695, 39.861, 41.802, 43.049, 43.078, 43.842, 44.871, 45.737, 45.489, 45.401, 46.717, 47.342, 47.039, 47.473, 48.72, 49.001, 47.952, 47.923, 47.879, 47.575, 47.259, 46.733, 46.919, 47.915, 48.518, 48.767, 47.663, 46.088, 45.849, 45.951, 46.894, 46.317, 45.859, 44.607, 43.102, 43.298, 41.867, 39.357, 38.946, 39.476, 39.932, 39.535, 38.933, 39.132, 39.594, 40.347, 41.11, 40.824, 40.223, 40.718, 41.09, 41.059, 41.005, 41.176, 42.352, 45.925, 47.106, 47.786, 24.012], [23.588, 20.407, 14.271, 7.305, 0.0, 6.725, 12.619, 17.62, 21.017, 22.851, 24.553, 26.636, 27.931, 29.895, 32.189, 33.491, 34.511, 35.629, 36.268, 36.964, 38.379, 40.084, 39.875, 39.587, 40.509, 41.116, 41.919, 42.256, 41.913, 41.632, 41.314, 40.219, 39.631, 39.499, 39.253, 38.995, 39.305, 38.891, 38.434, 39.053, 38.981, 38.811, 39.446, 40.5, 41.985, 42.573, 42.437, 42.055, 41.903, 41.807, 41.685, 41.442, 41.822, 42.827, 42.852, 43.248, 44.488, 44.168, 43.0, 41.851, 41.537, 41.491, 40.981, 40.637, 40.039, 39.815, 39.464, 39.359, 39.343, 39.601, 41.601, 42.873, 42.887, 43.686, 44.791, 45.721, 45.46, 45.373, 46.716, 47.345, 47.105, 47.606, 48.848, 49.119, 48.064, 48.014, 47.98, 47.666, 47.326, 46.776, 46.92, 47.868, 48.443, 48.69, 47.53, 45.893, 45.627, 45.699, 46.62, 46.027, 45.561, 44.277, 42.806, 43.015, 41.488, 38.921, 38.52, 39.065, 39.531, 39.094, 38.477, 38.712, 39.209, 40.047, 40.927, 40.677, 40.044, 40.547, 40.914, 40.879, 40.858, 41.047, 42.29, 45.82, 46.967, 47.703, 26.517], [25.073, 22.123, 16.754, 11.856, 6.725, 0.0, 7.462, 13.933, 18.18, 20.392, 22.317, 24.607, 26.005, 28.096, 30.614, 32.065, 33.151, 34.358, 35.128, 35.877, 37.358, 39.219, 39.127, 39.0, 39.966, 40.596, 41.489, 41.901, 41.581, 41.289, 40.932, 39.763, 39.151, 39.022, 38.749, 38.481, 38.81, 38.356, 37.854, 38.503, 38.376, 38.132, 38.722, 39.791, 41.35, 41.958, 41.805, 41.396, 41.223, 41.091, 40.964, 40.735, 41.147, 42.207, 42.246, 42.669, 43.962, 43.643, 42.431, 41.22, 40.887, 40.845, 40.271, 39.907, 39.392, 39.233, 38.822, 38.699, 38.704, 38.97, 41.085, 42.436, 42.447, 43.339, 44.583, 45.578, 45.298, 45.206, 46.582, 47.212, 46.976, 47.493, 48.772, 49.068, 47.989, 47.946, 47.927, 47.594, 47.22, 46.634, 46.777, 47.741, 48.297, 48.545, 47.337, 45.658, 45.4, 45.465, 46.398, 45.769, 45.299, 43.967, 42.433, 42.651, 41.03, 38.299, 37.853, 38.427, 38.93, 38.472, 37.793, 38.007, 38.521, 39.411, 40.378, 40.161, 39.476, 40.004, 40.401, 40.363, 40.352, 40.589, 41.854, 45.482, 46.651, 47.431, 27.685], [26.784, 24.201, 19.383, 15.711, 12.619, 7.462, 0.0, 7.776, 13.335, 16.486, 19.137, 22.035, 23.731, 25.975, 28.709, 30.334, 31.564, 32.942, 33.903, 34.733, 36.301, 38.342, 38.387, 38.558, 39.702, 40.351, 41.27, 41.746, 41.493, 41.239, 40.838, 39.616, 39.005, 38.864, 38.532, 38.248, 38.598, 38.134, 37.584, 38.24, 38.073, 37.755, 38.286, 39.296, 40.866, 41.492, 41.355, 40.94, 40.682, 40.47, 40.34, 40.095, 40.475, 41.535, 41.563, 42.012, 43.335, 43.077, 41.915, 40.678, 40.389, 40.395, 39.804, 39.546, 39.219, 39.151, 38.708, 38.571, 38.572, 38.773, 40.906, 42.292, 42.31, 43.285, 44.599, 45.591, 45.292, 45.183, 46.549, 47.153, 46.845, 47.302, 48.6, 48.931, 47.835, 47.789, 47.77, 47.4, 46.986, 46.373, 46.532, 47.55, 48.124, 48.382, 47.108, 45.361, 45.182, 45.343, 46.331, 45.708, 45.245, 43.905, 42.331, 42.551, 40.95, 38.18, 37.687, 38.263, 38.808, 38.37, 37.649, 37.814, 38.298, 39.177, 40.167, 39.952, 39.236, 39.788, 40.187, 40.115, 40.079, 40.322, 41.585, 45.347, 46.579, 47.332, 28.965], [28.86, 26.673, 22.597, 19.729, 17.62, 13.933, 7.776, 0.0, 6.826, 11.618, 15.434, 19.056, 21.153, 23.528, 26.361, 28.13, 29.501, 31.127, 32.397, 33.362, 35.038, 37.281, 37.48, 38.025, 39.454, 40.163, 41.108, 41.662, 41.532, 41.351, 40.916, 39.671, 39.086, 38.904, 38.508, 38.264, 38.642, 38.181, 37.593, 38.215, 38.016, 37.624, 38.021, 38.918, 40.448, 41.09, 40.984, 40.569, 40.214, 39.92, 39.8, 39.558, 39.918, 40.959, 40.973, 41.459, 42.807, 42.645, 41.578, 40.339, 40.085, 40.121, 39.523, 39.39, 39.291, 39.339, 38.884, 38.748, 38.754, 38.938, 41.075, 42.448, 42.456, 43.473, 44.787, 45.74, 45.421, 45.296, 46.636, 47.189, 46.756, 47.091, 48.385, 48.742, 47.623, 47.558, 47.515, 47.097, 46.651, 46.034, 46.174, 47.208, 47.841, 48.129, 46.748, 44.9, 44.854, 45.172, 46.25, 45.653, 45.187, 43.897, 42.33, 42.538, 41.065, 38.392, 37.852, 38.415, 38.999, 38.601, 37.889, 37.995, 38.431, 39.29, 40.28, 40.052, 39.329, 39.911, 40.298, 40.164, 40.048, 40.242, 41.483, 45.22, 46.462, 47.206, 30.503], [30.218, 28.342, 24.948, 22.648, 21.017, 18.18, 13.335, 6.826, 0.0, 6.321, 12.107, 16.681, 19.077, 21.676, 24.634, 26.476, 27.841, 29.536, 30.98, 32.024, 33.773, 36.178, 36.499, 37.423, 39.162, 39.953, 40.926, 41.54, 41.52, 41.412, 40.968, 39.714, 39.17, 38.945, 38.482, 38.276, 38.675, 38.211, 37.594, 38.177, 37.969, 37.554, 37.864, 38.718, 40.261, 40.934, 40.855, 40.43, 40.013, 39.679, 39.571, 39.341, 39.71, 40.752, 40.772, 41.3, 42.644, 42.479, 41.428, 40.181, 39.95, 40.007, 39.405, 39.321, 39.346, 39.483, 39.049, 38.925, 38.931, 39.143, 41.329, 42.696, 42.69, 43.72, 45.008, 45.913, 45.578, 45.452, 46.768, 47.288, 46.766, 46.992, 48.287, 48.645, 47.484, 47.408, 47.339, 46.85, 46.351, 45.712, 45.807, 46.837, 47.545, 47.861, 46.367, 44.464, 44.564, 44.985, 46.115, 45.524, 45.055, 43.811, 42.249, 42.44, 41.09, 38.503, 37.915, 38.455, 39.054, 38.699, 38.029, 38.115, 38.531, 39.385, 40.346, 40.098, 39.409, 40.024, 40.407, 40.216, 40.011, 40.144, 41.372, 45.048, 46.293, 47.01, 31.528], [30.812, 29.076, 26.142, 24.256, 22.851, 20.392, 16.486, 11.618, 6.321, 0.0, 7.799, 13.85, 16.545, 19.379, 22.818, 24.842, 26.159, 27.874, 29.41, 30.529, 32.432, 35.044, 35.428, 36.6, 38.59, 39.457, 40.481, 41.123, 41.131, 41.074, 40.641, 39.34, 38.781, 38.522, 38.014, 37.817, 38.221, 37.727, 37.096, 37.69, 37.485, 37.086, 37.42, 38.346, 40.003, 40.717, 40.64, 40.194, 39.774, 39.459, 39.358, 39.126, 39.519, 40.619, 40.664, 41.22, 42.58, 42.348, 41.224, 39.947, 39.721, 39.786, 39.168, 39.048, 39.08, 39.267, 38.844, 38.723, 38.713, 38.93, 41.179, 42.571, 42.552, 43.588, 44.873, 45.757, 45.418, 45.297, 46.62, 47.15, 46.613, 46.815, 48.139, 48.496, 47.286, 47.207, 47.12, 46.579, 46.037, 45.353, 45.425, 46.491, 47.253, 47.576, 46.016, 44.106, 44.28, 44.712, 45.829, 45.201, 44.725, 43.472, 41.891, 42.079, 40.713, 38.088, 37.477, 38.026, 38.63, 38.266, 37.611, 37.716, 38.162, 39.066, 40.032, 39.776, 39.121, 39.782, 40.182, 39.971, 39.723, 39.819, 41.016, 44.757, 46.034, 46.744, 32.122], [31.677, 29.978, 27.343, 25.836, 24.553, 22.317, 19.137, 15.434, 12.107, 7.799, 0.0, 7.525, 11.437, 14.765, 18.845, 21.313, 22.787, 24.85, 26.758, 28.077, 30.415, 33.421, 33.88, 35.241, 37.451, 38.397, 39.517, 40.209, 40.236, 40.231, 39.806, 38.424, 37.795, 37.507, 37.073, 36.993, 37.408, 36.857, 36.22, 36.869, 36.647, 36.247, 36.632, 37.604, 39.371, 40.121, 40.059, 39.617, 39.211, 38.91, 38.816, 38.612, 39.063, 40.252, 40.31, 40.864, 42.31, 42.099, 40.901, 39.545, 39.298, 39.357, 38.678, 38.495, 38.475, 38.656, 38.197, 38.065, 38.039, 38.196, 40.498, 41.938, 41.906, 42.996, 44.347, 45.252, 44.909, 44.783, 46.156, 46.715, 46.168, 46.413, 47.799, 48.19, 46.953, 46.863, 46.769, 46.241, 45.743, 45.089, 45.206, 46.323, 47.081, 47.416, 45.88, 43.973, 44.116, 44.496, 45.565, 44.859, 44.357, 43.043, 41.409, 41.621, 40.088, 37.249, 36.616, 37.254, 37.91, 37.484, 36.767, 36.882, 37.374, 38.346, 39.381, 39.131, 38.443, 39.154, 39.589, 39.377, 39.141, 39.262, 40.5, 44.464, 45.783, 46.626, 33.067], [33.047, 31.437, 29.066, 27.852, 26.636, 24.607, 22.035, 19.056, 16.681, 13.85, 7.525, 0.0, 6.065, 11.074, 15.305, 17.933, 19.608, 22.08, 24.452, 26.068, 28.97, 32.266, 32.787, 34.331, 36.634, 37.613, 38.78, 39.521, 39.623, 39.681, 39.239, 37.88, 37.34, 37.07, 36.717, 36.795, 37.209, 36.638, 36.017, 36.687, 36.464, 36.075, 36.499, 37.414, 39.139, 39.876, 39.85, 39.435, 39.023, 38.706, 38.608, 38.446, 38.981, 40.205, 40.238, 40.756, 42.237, 42.102, 40.887, 39.466, 39.199, 39.258, 38.525, 38.296, 38.258, 38.432, 37.964, 37.843, 37.816, 37.896, 40.165, 41.62, 41.593, 42.741, 44.165, 45.082, 44.731, 44.616, 46.012, 46.566, 46.011, 46.281, 47.673, 48.079, 46.854, 46.76, 46.675, 46.183, 45.757, 45.189, 45.36, 46.487, 47.222, 47.56, 46.1, 44.27, 44.379, 44.707, 45.738, 44.991, 44.473, 43.131, 41.476, 41.707, 40.052, 37.067, 36.434, 37.118, 37.78, 37.322, 36.547, 36.626, 37.101, 38.04, 39.08, 38.833, 38.131, 38.868, 39.316, 39.13, 38.948, 39.132, 40.491, 44.557, 45.87, 46.877, 34.436], [34.01, 32.525, 30.348, 29.192, 27.931, 26.005, 23.731, 21.153, 19.077, 16.545, 11.437, 6.065, 0.0, 7.175, 12.938, 15.764, 17.187, 19.684, 22.399, 24.458, 27.889, 31.383, 31.966, 33.724, 36.099, 37.082, 38.26, 39.023, 39.152, 39.231, 38.772, 37.41, 36.922, 36.706, 36.377, 36.493, 36.934, 36.362, 35.738, 36.445, 36.202, 35.781, 36.274, 37.209, 38.97, 39.715, 39.702, 39.314, 38.893, 38.551, 38.439, 38.253, 38.8, 40.062, 40.107, 40.637, 42.111, 41.965, 40.719, 39.285, 39.03, 39.077, 38.329, 38.094, 38.031, 38.225, 37.756, 37.637, 37.608, 37.68, 39.992, 41.471, 41.433, 42.585, 44.06, 44.987, 44.623, 44.528, 45.933, 46.463, 45.899, 46.183, 47.59, 48.0, 46.749, 46.644, 46.582, 46.091, 45.681, 45.127, 45.292, 46.437, 47.205, 47.553, 46.092, 44.234, 44.296, 44.607, 45.658, 44.892, 44.357, 43.011, 41.347, 41.573, 39.858, 36.785, 36.137, 36.83, 37.49, 37.018, 36.221, 36.296, 36.757, 37.693, 38.763, 38.517, 37.833, 38.649, 39.126, 38.952, 38.77, 38.963, 40.38, 44.54, 45.872, 46.928, 35.419], [35.339, 33.983, 32.081, 31.099, 29.895, 28.096, 25.975, 23.528, 21.676, 19.379, 14.765, 11.074, 7.175, 0.0, 8.175, 12.521, 13.788, 16.347, 19.834, 22.457, 26.365, 30.119, 30.899, 33.026, 35.539, 36.49, 37.675, 38.515, 38.733, 38.832, 38.431, 37.2, 36.716, 36.503, 36.348, 36.562, 36.994, 36.428, 35.851, 36.576, 36.317, 35.878, 36.363, 37.254, 38.965, 39.71, 39.7, 39.316, 38.901, 38.565, 38.463, 38.284, 38.819, 40.068, 40.14, 40.693, 42.183, 42.06, 40.815, 39.386, 39.14, 39.19, 38.482, 38.272, 38.191, 38.34, 37.846, 37.725, 37.673, 37.75, 40.109, 41.586, 41.527, 42.654, 44.092, 44.993, 44.625, 44.528, 45.903, 46.406, 45.841, 46.106, 47.5, 47.905, 46.645, 46.538, 46.498, 46.022, 45.617, 45.058, 45.197, 46.324, 47.083, 47.443, 46.047, 44.275, 44.355, 44.668, 45.736, 44.97, 44.428, 43.104, 41.436, 41.648, 39.948, 36.865, 36.184, 36.873, 37.549, 37.09, 36.308, 36.377, 36.828, 37.782, 38.856, 38.629, 37.978, 38.803, 39.283, 39.107, 38.925, 39.123, 40.511, 44.584, 45.883, 46.931, 36.673], [36.826, 35.583, 33.915, 33.175, 32.189, 30.614, 28.709, 26.361, 24.634, 22.818, 18.845, 15.305, 12.938, 8.175, 0.0, 6.211, 9.002, 12.829, 17.437, 20.369, 24.535, 28.491, 29.553, 32.114, 34.724, 35.654, 36.816, 37.743, 38.176, 38.402, 38.063, 37.127, 36.899, 36.686, 36.788, 37.315, 37.715, 37.176, 36.684, 37.338, 37.122, 36.722, 37.094, 37.761, 39.184, 39.866, 39.858, 39.458, 39.027, 38.709, 38.63, 38.52, 39.108, 40.299, 40.347, 40.851, 42.342, 42.374, 41.203, 39.793, 39.586, 39.69, 38.998, 38.784, 38.809, 38.976, 38.518, 38.409, 38.35, 38.387, 40.579, 41.968, 41.917, 42.994, 44.357, 45.223, 44.862, 44.748, 46.065, 46.539, 45.981, 46.215, 47.525, 47.908, 46.723, 46.644, 46.632, 46.23, 45.862, 45.33, 45.482, 46.568, 47.273, 47.63, 46.334, 44.673, 44.746, 45.03, 46.046, 45.326, 44.808, 43.568, 41.999, 42.197, 40.627, 37.792, 37.165, 37.781, 38.377, 37.942, 37.213, 37.227, 37.568, 38.386, 39.364, 39.17, 38.575, 39.29, 39.697, 39.534, 39.395, 39.643, 41.092, 44.814, 45.957, 47.059, 37.958], [37.716, 36.542, 35.018, 34.373, 33.491, 32.065, 30.334, 28.13, 26.476, 24.842, 21.313, 17.933, 15.764, 12.521, 6.211, 0.0, 5.334, 11.209, 16.259, 19.156, 23.41, 27.47, 28.708, 31.517, 34.161, 35.102, 36.26, 37.203, 37.737, 38.065, 37.739, 36.913, 36.869, 36.706, 36.882, 37.615, 38.071, 37.537, 37.059, 37.71, 37.513, 37.087, 37.389, 37.968, 39.272, 39.915, 39.902, 39.508, 39.083, 38.778, 38.698, 38.592, 39.187, 40.356, 40.389, 40.862, 42.317, 42.399, 41.27, 39.888, 39.708, 39.833, 39.122, 38.86, 38.978, 39.262, 38.848, 38.739, 38.721, 38.806, 40.935, 42.279, 42.221, 43.258, 44.617, 45.493, 45.122, 44.996, 46.297, 46.753, 46.198, 46.452, 47.749, 48.128, 46.982, 46.913, 46.925, 46.554, 46.201, 45.693, 45.863, 46.944, 47.637, 47.987, 46.696, 44.97, 44.961, 45.208, 46.186, 45.478, 44.964, 43.763, 42.256, 42.433, 40.92, 38.255, 37.698, 38.291, 38.82, 38.359, 37.666, 37.684, 37.982, 38.726, 39.709, 39.543, 38.946, 39.637, 40.005, 39.844, 39.708, 39.973, 41.489, 45.051, 46.118, 47.268, 38.727], [38.509, 37.397, 36.031, 35.409, 34.511, 33.151, 31.564, 29.501, 27.841, 26.159, 22.787, 19.608, 17.187, 13.788, 9.002, 5.334, 0.0, 7.583, 14.108, 17.576, 22.239, 26.592, 27.988, 31.163, 34.026, 35.038, 36.237, 37.202, 37.756, 38.116, 37.809, 36.985, 36.902, 36.686, 36.829, 37.608, 38.137, 37.617, 37.14, 37.821, 37.603, 37.125, 37.435, 38.09, 39.489, 40.149, 40.129, 39.763, 39.361, 39.067, 38.982, 38.84, 39.395, 40.552, 40.586, 41.065, 42.447, 42.437, 41.292, 39.912, 39.725, 39.838, 39.119, 38.826, 38.933, 39.275, 38.878, 38.763, 38.763, 38.909, 41.086, 42.431, 42.371, 43.432, 44.852, 45.755, 45.372, 45.252, 46.555, 46.994, 46.413, 46.644, 47.934, 48.312, 47.184, 47.139, 47.174, 46.805, 46.439, 45.926, 46.079, 47.152, 47.852, 48.193, 46.889, 45.149, 45.088, 45.313, 46.288, 45.564, 45.049, 43.857, 42.352, 42.518, 41.011, 38.335, 37.782, 38.389, 38.919, 38.437, 37.74, 37.792, 38.108, 38.86, 39.852, 39.694, 39.104, 39.831, 40.22, 40.051, 39.907, 40.169, 41.706, 45.318, 46.41, 47.525, 39.484], [39.285, 38.266, 37.067, 36.479, 35.629, 34.358, 32.942, 31.127, 29.536, 27.874, 24.85, 22.08, 19.684, 16.347, 12.829, 11.209, 7.583, 0.0, 8.779, 14.292, 20.031, 24.825, 26.364, 30.025, 33.275, 34.448, 35.737, 36.754, 37.363, 37.785, 37.47, 36.592, 36.487, 36.215, 36.34, 37.258, 37.897, 37.42, 36.996, 37.728, 37.49, 37.036, 37.474, 38.234, 39.78, 40.492, 40.465, 40.105, 39.72, 39.423, 39.321, 39.155, 39.71, 40.882, 40.909, 41.399, 42.735, 42.648, 41.509, 40.162, 39.965, 40.029, 39.338, 39.05, 39.057, 39.361, 38.985, 38.855, 38.819, 38.993, 41.2, 42.556, 42.5, 43.561, 45.015, 45.939, 45.557, 45.449, 46.757, 47.197, 46.611, 46.829, 48.134, 48.506, 47.388, 47.377, 47.437, 47.075, 46.682, 46.143, 46.279, 47.328, 48.026, 48.366, 47.045, 45.231, 45.073, 45.288, 46.285, 45.541, 45.029, 43.82, 42.27, 42.432, 40.924, 38.2, 37.645, 38.24, 38.812, 38.387, 37.706, 37.787, 38.095, 38.842, 39.801, 39.607, 39.035, 39.767, 40.147, 39.966, 39.818, 40.054, 41.653, 45.397, 46.566, 47.614, 40.259], [39.524, 38.553, 37.455, 36.972, 36.268, 35.128, 33.903, 32.397, 30.98, 29.41, 26.758, 24.452, 22.399, 19.834, 17.437, 16.259, 14.108, 8.779, 0.0, 8.481, 16.843, 22.376, 24.051, 28.214, 31.835, 33.185, 34.605, 35.693, 36.331, 36.815, 36.522, 35.567, 35.41, 35.175, 35.309, 36.336, 37.148, 36.72, 36.346, 37.231, 37.055, 36.628, 37.164, 38.001, 39.666, 40.421, 40.398, 40.056, 39.701, 39.403, 39.293, 39.098, 39.639, 40.829, 40.832, 41.343, 42.721, 42.614, 41.474, 40.165, 39.965, 39.969, 39.31, 39.093, 39.018, 39.232, 38.861, 38.722, 38.645, 38.773, 40.953, 42.304, 42.238, 43.283, 44.722, 45.644, 45.264, 45.168, 46.515, 46.996, 46.42, 46.659, 48.022, 48.411, 47.275, 47.271, 47.321, 46.957, 46.56, 46.023, 46.21, 47.291, 47.967, 48.297, 46.987, 45.104, 44.847, 45.051, 46.07, 45.32, 44.805, 43.539, 41.936, 42.109, 40.565, 37.721, 37.142, 37.752, 38.323, 37.92, 37.29, 37.434, 37.758, 38.509, 39.487, 39.257, 38.631, 39.334, 39.675, 39.479, 39.319, 39.547, 41.256, 45.243, 46.504, 47.493, 40.537], [39.639, 38.707, 37.834, 37.556, 36.964, 35.877, 34.733, 33.362, 32.024, 30.529, 28.077, 26.068, 24.458, 22.457, 20.369, 19.156, 17.576, 14.292, 8.481, 0.0, 10.94, 18.12, 20.291, 25.324, 29.522, 31.074, 32.625, 33.812, 34.538, 35.139, 34.984, 34.168, 34.073, 33.867, 34.075, 35.234, 36.198, 35.812, 35.467, 36.482, 36.474, 36.178, 36.723, 37.547, 39.261, 40.046, 40.029, 39.689, 39.364, 39.091, 38.995, 38.778, 39.272, 40.458, 40.449, 40.988, 42.438, 42.34, 41.175, 39.86, 39.695, 39.696, 39.04, 38.889, 38.799, 38.939, 38.549, 38.416, 38.323, 38.421, 40.637, 42.024, 41.968, 43.018, 44.454, 45.389, 45.009, 44.885, 46.232, 46.73, 46.121, 46.322, 47.722, 48.125, 46.983, 47.001, 47.021, 46.606, 46.159, 45.609, 45.835, 46.981, 47.673, 47.997, 46.645, 44.744, 44.477, 44.635, 45.633, 44.874, 44.371, 43.089, 41.467, 41.639, 40.094, 37.249, 36.701, 37.364, 37.967, 37.536, 36.862, 37.041, 37.427, 38.203, 39.229, 39.013, 38.324, 39.023, 39.359, 39.135, 38.943, 39.196, 40.943, 45.083, 46.406, 47.362, 40.601], [40.287, 39.442, 38.906, 38.87, 38.379, 37.358, 36.301, 35.038, 33.773, 32.432, 30.415, 28.97, 27.889, 26.365, 24.535, 23.41, 22.239, 20.031, 16.843, 10.94, 0.0, 9.668, 13.923, 20.596, 25.787, 27.784, 29.583, 30.984, 31.993, 32.857, 32.902, 32.407, 32.551, 32.273, 32.637, 34.176, 35.302, 35.022, 34.822, 35.893, 36.038, 36.03, 36.668, 37.417, 39.128, 39.968, 39.941, 39.567, 39.274, 39.06, 38.978, 38.752, 39.175, 40.281, 40.266, 40.84, 42.288, 42.191, 41.031, 39.728, 39.599, 39.637, 39.07, 39.027, 39.0, 39.102, 38.729, 38.619, 38.486, 38.549, 40.703, 42.088, 42.065, 43.073, 44.472, 45.435, 45.073, 44.911, 46.182, 46.618, 45.944, 46.088, 47.45, 47.802, 46.652, 46.7, 46.698, 46.22, 45.694, 45.139, 45.371, 46.527, 47.254, 47.598, 46.144, 44.185, 43.994, 44.168, 45.165, 44.413, 43.935, 42.697, 41.114, 41.267, 39.829, 37.227, 36.8, 37.46, 38.094, 37.68, 37.02, 37.225, 37.625, 38.343, 39.339, 39.186, 38.536, 39.257, 39.607, 39.354, 39.069, 39.252, 40.855, 44.912, 46.261, 47.163, 40.955], [41.753, 41.001, 40.516, 40.494, 40.084, 39.219, 38.342, 37.281, 36.178, 35.044, 33.421, 32.266, 31.383, 30.119, 28.491, 27.47, 26.592, 24.825, 22.376, 18.12, 9.668, 0.0, 8.541, 18.578, 24.361, 26.446, 28.19, 29.658, 30.938, 32.014, 32.24, 32.207, 32.761, 32.48, 32.943, 34.718, 35.842, 35.684, 35.717, 36.766, 36.963, 37.17, 37.944, 38.623, 40.109, 40.88, 40.865, 40.537, 40.293, 40.121, 40.044, 39.841, 40.238, 41.198, 41.165, 41.715, 43.077, 43.026, 41.96, 40.762, 40.635, 40.66, 40.163, 40.146, 40.153, 40.249, 39.971, 39.899, 39.781, 39.788, 41.585, 42.79, 42.775, 43.735, 45.031, 45.934, 45.623, 45.491, 46.646, 46.994, 46.34, 46.487, 47.76, 48.066, 47.007, 47.081, 47.07, 46.615, 46.093, 45.569, 45.774, 46.799, 47.457, 47.806, 46.438, 44.522, 44.32, 44.526, 45.476, 44.77, 44.317, 43.199, 41.808, 41.964, 40.712, 38.54, 38.256, 38.791, 39.295, 38.972, 38.531, 38.797, 39.127, 39.692, 40.553, 40.444, 39.891, 40.528, 40.819, 40.584, 40.279, 40.37, 41.839, 45.524, 46.78, 47.628, 42.205], [41.472, 40.721, 40.261, 40.229, 39.875, 39.127, 38.387, 37.48, 36.499, 35.428, 33.88, 32.787, 31.966, 30.899, 29.553, 28.708, 27.988, 26.364, 24.051, 20.291, 13.923, 8.541, 0.0, 13.237, 20.736, 23.134, 24.887, 26.494, 28.0, 29.265, 29.648, 29.918, 30.869, 30.864, 31.547, 33.449, 34.676, 34.582, 34.756, 35.932, 36.259, 36.696, 37.763, 38.678, 40.285, 41.052, 41.032, 40.716, 40.437, 40.259, 40.177, 39.953, 40.388, 41.371, 41.277, 41.799, 43.199, 43.074, 41.947, 40.781, 40.589, 40.535, 40.016, 39.962, 39.879, 39.94, 39.679, 39.599, 39.508, 39.533, 41.336, 42.572, 42.578, 43.602, 44.953, 45.865, 45.534, 45.383, 46.534, 46.856, 46.198, 46.445, 47.8, 48.098, 47.068, 47.174, 47.131, 46.674, 46.166, 45.648, 45.853, 46.863, 47.538, 47.924, 46.553, 44.54, 44.219, 44.372, 45.299, 44.555, 44.08, 42.917, 41.491, 41.687, 40.399, 38.161, 37.855, 38.444, 38.971, 38.604, 38.104, 38.385, 38.773, 39.385, 40.244, 40.117, 39.563, 40.229, 40.518, 40.266, 39.97, 40.07, 41.44, 45.195, 46.561, 47.367, 41.967], [40.646, 39.902, 39.74, 39.91, 39.587, 39.0, 38.558, 38.025, 37.423, 36.6, 35.241, 34.331, 33.724, 33.026, 32.114, 31.517, 31.163, 30.025, 28.214, 25.324, 20.596, 18.578, 13.237, 0.0, 10.211, 14.56, 17.142, 19.202, 21.188, 23.03, 23.831, 24.608, 26.36, 27.401, 28.894, 31.152, 32.681, 32.711, 33.043, 34.368, 34.98, 35.883, 37.302, 38.481, 40.285, 41.08, 41.015, 40.661, 40.395, 40.275, 40.189, 39.968, 40.449, 41.492, 41.401, 41.881, 43.253, 42.987, 41.756, 40.578, 40.319, 40.17, 39.581, 39.513, 39.355, 39.22, 38.861, 38.762, 38.647, 38.608, 40.453, 41.772, 41.799, 42.765, 44.174, 45.148, 44.809, 44.674, 45.85, 46.164, 45.525, 45.938, 47.386, 47.637, 46.597, 46.711, 46.655, 46.293, 45.915, 45.473, 45.754, 46.854, 47.619, 47.999, 46.612, 44.572, 44.173, 44.2, 45.068, 44.289, 43.792, 42.442, 40.83, 41.06, 39.623, 37.16, 36.825, 37.502, 38.153, 37.746, 37.068, 37.287, 37.707, 38.377, 39.283, 39.241, 38.678, 39.288, 39.572, 39.35, 39.156, 39.337, 40.415, 44.312, 45.906, 46.638, 41.198], [41.263, 40.541, 40.508, 40.83, 40.509, 39.966, 39.702, 39.454, 39.162, 38.59, 37.451, 36.634, 36.099, 35.539, 34.724, 34.161, 34.026, 33.275, 31.835, 29.522, 25.787, 24.361, 20.736, 10.211, 0.0, 6.857, 11.253, 13.924, 16.441, 18.952, 20.379, 22.128, 24.942, 26.991, 29.034, 31.434, 33.034, 33.147, 33.524, 34.854, 35.634, 36.634, 38.023, 39.178, 40.857, 41.601, 41.519, 41.16, 40.954, 40.922, 40.84, 40.626, 41.125, 42.145, 42.092, 42.536, 43.827, 43.584, 42.398, 41.242, 40.923, 40.721, 40.061, 39.878, 39.691, 39.481, 39.07, 38.972, 38.861, 38.786, 40.539, 41.825, 41.841, 42.701, 44.118, 45.127, 44.831, 44.743, 45.879, 46.173, 45.634, 46.182, 47.625, 47.845, 46.852, 46.927, 46.889, 46.654, 46.364, 45.978, 46.319, 47.375, 48.054, 48.409, 47.153, 45.233, 44.799, 44.722, 45.488, 44.753, 44.271, 42.851, 41.209, 41.421, 39.95, 37.562, 37.312, 37.936, 38.535, 38.159, 37.532, 37.736, 38.073, 38.64, 39.536, 39.581, 39.02, 39.51, 39.758, 39.615, 39.543, 39.848, 40.874, 44.632, 46.247, 46.955, 41.789], [41.789, 41.061, 41.016, 41.384, 41.116, 40.596, 40.351, 40.163, 39.953, 39.457, 38.397, 37.613, 37.082, 36.49, 35.654, 35.102, 35.038, 34.448, 33.185, 31.074, 27.784, 26.446, 23.134, 14.56, 6.857, 0.0, 6.108, 10.288, 13.641, 16.533, 18.469, 21.155, 24.688, 27.055, 29.23, 31.632, 33.216, 33.419, 33.882, 35.202, 36.011, 37.023, 38.415, 39.596, 41.218, 41.937, 41.881, 41.558, 41.393, 41.388, 41.305, 41.071, 41.552, 42.564, 42.53, 42.961, 44.23, 44.015, 42.842, 41.678, 41.312, 41.086, 40.42, 40.169, 39.945, 39.718, 39.306, 39.213, 39.101, 39.029, 40.794, 42.082, 42.103, 42.921, 44.341, 45.355, 45.071, 44.984, 46.072, 46.348, 45.864, 46.467, 47.907, 48.134, 47.182, 47.239, 47.224, 47.036, 46.74, 46.336, 46.694, 47.72, 48.323, 48.671, 47.472, 45.596, 45.16, 45.033, 45.731, 45.013, 44.547, 43.111, 41.452, 41.65, 40.233, 37.94, 37.728, 38.307, 38.838, 38.457, 37.891, 38.122, 38.39, 38.88, 39.785, 39.863, 39.32, 39.816, 40.073, 39.957, 39.933, 40.33, 41.376, 44.933, 46.543, 47.244, 42.304], [42.538, 41.856, 41.805, 42.129, 41.919, 41.489, 41.27, 41.108, 40.926, 40.481, 39.517, 38.78, 38.26, 37.675, 36.816, 36.26, 36.237, 35.737, 34.605, 32.625, 29.583, 28.19, 24.887, 17.142, 11.253, 6.108, 0.0, 5.845, 10.835, 14.196, 16.428, 20.217, 24.616, 27.246, 29.478, 31.874, 33.374, 33.666, 34.273, 35.536, 36.371, 37.526, 39.062, 40.291, 41.85, 42.518, 42.49, 42.253, 42.184, 42.207, 42.123, 41.894, 42.341, 43.295, 43.263, 43.673, 44.885, 44.676, 43.543, 42.422, 42.07, 41.839, 41.181, 40.915, 40.717, 40.516, 40.146, 40.063, 39.949, 39.845, 41.492, 42.721, 42.754, 43.524, 44.875, 45.858, 45.603, 45.529, 46.553, 46.802, 46.354, 46.959, 48.347, 48.582, 47.712, 47.773, 47.765, 47.628, 47.336, 46.919, 47.267, 48.241, 48.795, 49.129, 47.938, 46.032, 45.57, 45.418, 46.032, 45.33, 44.855, 43.44, 41.848, 42.046, 40.77, 38.723, 38.582, 39.091, 39.545, 39.204, 38.777, 39.069, 39.259, 39.665, 40.527, 40.6, 40.128, 40.619, 40.84, 40.753, 40.796, 41.21, 42.196, 45.484, 47.063, 47.763, 43.033], [42.871, 42.224, 42.174, 42.446, 42.256, 41.901, 41.746, 41.662, 41.54, 41.123, 40.209, 39.521, 39.023, 38.515, 37.743, 37.203, 37.202, 36.754, 35.693, 33.812, 30.984, 29.658, 26.494, 19.202, 13.924, 10.288, 5.845, 0.0, 6.452, 10.951, 13.578, 18.138, 23.269, 26.362, 28.761, 31.213, 32.733, 33.109, 33.898, 35.179, 36.064, 37.413, 39.141, 40.412, 41.921, 42.563, 42.543, 42.406, 42.499, 42.596, 42.525, 42.303, 42.748, 43.661, 43.619, 44.015, 45.219, 45.024, 43.9, 42.782, 42.454, 42.208, 41.536, 41.25, 41.063, 40.914, 40.587, 40.511, 40.404, 40.262, 41.794, 42.972, 43.033, 43.774, 45.06, 46.03, 45.809, 45.757, 46.765, 47.008, 46.572, 47.156, 48.521, 48.768, 47.924, 47.963, 47.934, 47.79, 47.504, 47.094, 47.391, 48.29, 48.842, 49.174, 47.949, 46.014, 45.564, 45.385, 45.923, 45.219, 44.726, 43.314, 41.786, 42.003, 40.788, 38.949, 38.928, 39.423, 39.858, 39.573, 39.26, 39.618, 39.816, 40.228, 41.093, 41.158, 40.686, 41.115, 41.296, 41.248, 41.348, 41.713, 42.628, 45.823, 47.388, 48.094, 43.392], [42.504, 41.845, 41.817, 42.099, 41.913, 41.581, 41.493, 41.532, 41.52, 41.131, 40.236, 39.623, 39.152, 38.733, 38.176, 37.737, 37.756, 37.363, 36.331, 34.538, 31.993, 30.938, 28.0, 21.188, 16.441, 13.641, 10.835, 6.452, 0.0, 6.004, 10.14, 15.316, 20.799, 24.514, 27.181, 29.66, 31.296, 31.749, 32.695, 34.092, 35.061, 36.6, 38.503, 39.826, 41.356, 42.005, 42.009, 41.94, 42.146, 42.338, 42.292, 42.039, 42.503, 43.433, 43.37, 43.763, 45.016, 44.815, 43.637, 42.473, 42.149, 41.896, 41.25, 40.981, 40.755, 40.614, 40.3, 40.229, 40.102, 39.877, 41.366, 42.544, 42.653, 43.392, 44.622, 45.592, 45.39, 45.333, 46.361, 46.636, 46.206, 46.774, 48.154, 48.422, 47.548, 47.555, 47.516, 47.338, 47.052, 46.661, 46.946, 47.873, 48.474, 48.811, 47.565, 45.631, 45.198, 44.99, 45.492, 44.773, 44.266, 42.815, 41.276, 41.519, 40.271, 38.423, 38.448, 38.972, 39.441, 39.157, 38.847, 39.243, 39.487, 39.973, 40.927, 40.997, 40.482, 40.881, 41.068, 41.052, 41.188, 41.529, 42.358, 45.589, 47.178, 47.898, 43.091], [42.198, 41.544, 41.535, 41.832, 41.632, 41.289, 41.239, 41.351, 41.412, 41.074, 40.231, 39.681, 39.231, 38.832, 38.402, 38.065, 38.116, 37.785, 36.815, 35.139, 32.857, 32.014, 29.265, 23.03, 18.952, 16.533, 14.196, 10.951, 6.004, 0.0, 6.508, 13.725, 19.628, 23.632, 26.503, 28.898, 30.459, 30.913, 31.914, 33.345, 34.343, 35.975, 37.977, 39.362, 40.902, 41.548, 41.602, 41.576, 41.793, 42.041, 42.025, 41.756, 42.252, 43.234, 43.174, 43.565, 44.836, 44.611, 43.381, 42.146, 41.79, 41.563, 40.947, 40.669, 40.418, 40.309, 40.009, 39.94, 39.799, 39.559, 41.102, 42.313, 42.452, 43.21, 44.419, 45.383, 45.175, 45.11, 46.158, 46.465, 46.043, 46.562, 47.908, 48.17, 47.271, 47.258, 47.223, 47.032, 46.725, 46.338, 46.655, 47.641, 48.233, 48.561, 47.317, 45.363, 44.922, 44.688, 45.167, 44.439, 43.923, 42.436, 40.866, 41.12, 39.883, 38.026, 38.051, 38.581, 39.04, 38.747, 38.457, 38.893, 39.145, 39.639, 40.627, 40.675, 40.133, 40.605, 40.828, 40.823, 40.976, 41.331, 42.128, 45.338, 46.922, 47.717, 42.804], [41.948, 41.295, 41.275, 41.55, 41.314, 40.932, 40.838, 40.916, 40.968, 40.641, 39.806, 39.239, 38.772, 38.431, 38.063, 37.739, 37.809, 37.47, 36.522, 34.984, 32.902, 32.24, 29.648, 23.831, 20.379, 18.469, 16.428, 13.578, 10.14, 6.508, 0.0, 9.693, 17.435, 21.97, 25.177, 27.893, 29.454, 29.831, 30.839, 32.279, 33.251, 34.949, 37.095, 38.616, 40.234, 40.903, 40.991, 41.019, 41.277, 41.537, 41.535, 41.269, 41.804, 42.857, 42.816, 43.232, 44.559, 44.34, 43.081, 41.814, 41.448, 41.247, 40.592, 40.296, 40.127, 40.122, 39.82, 39.738, 39.612, 39.371, 40.975, 42.227, 42.347, 43.175, 44.489, 45.47, 45.24, 45.185, 46.293, 46.63, 46.19, 46.696, 48.051, 48.284, 47.31, 47.284, 47.226, 46.969, 46.624, 46.218, 46.531, 47.544, 48.152, 48.502, 47.194, 45.111, 44.619, 44.364, 44.857, 44.082, 43.537, 42.001, 40.381, 40.635, 39.332, 37.399, 37.44, 38.029, 38.518, 38.192, 37.884, 38.363, 38.67, 39.21, 40.256, 40.27, 39.688, 40.239, 40.477, 40.43, 40.526, 40.864, 41.732, 45.072, 46.66, 47.589, 42.603], [40.964, 40.224, 40.213, 40.504, 40.219, 39.763, 39.616, 39.671, 39.714, 39.34, 38.424, 37.88, 37.41, 37.2, 37.127, 36.913, 36.985, 36.592, 35.567, 34.168, 32.407, 32.207, 29.918, 24.608, 22.128, 21.155, 20.217, 18.138, 15.316, 13.725, 9.693, 0.0, 10.341, 17.035, 20.726, 24.057, 26.241, 26.649, 27.777, 29.477, 30.464, 32.428, 34.977, 36.794, 38.74, 39.506, 39.596, 39.669, 40.058, 40.373, 40.361, 40.077, 40.7, 41.901, 41.849, 42.319, 43.778, 43.467, 42.088, 40.815, 40.473, 40.258, 39.576, 39.306, 39.085, 39.057, 38.685, 38.577, 38.441, 38.174, 39.974, 41.349, 41.458, 42.349, 43.723, 44.713, 44.457, 44.41, 45.663, 46.061, 45.58, 46.159, 47.655, 47.906, 46.834, 46.794, 46.693, 46.349, 45.993, 45.588, 45.896, 46.99, 47.692, 48.07, 46.709, 44.554, 43.983, 43.726, 44.299, 43.395, 42.791, 41.179, 39.43, 39.713, 38.197, 35.808, 35.764, 36.535, 37.178, 36.737, 36.232, 36.721, 37.164, 37.875, 39.045, 39.019, 38.359, 39.001, 39.316, 39.193, 39.16, 39.435, 40.329, 44.149, 45.842, 46.822, 41.699], [40.35, 39.555, 39.592, 39.93, 39.631, 39.151, 39.005, 39.086, 39.17, 38.781, 37.795, 37.34, 36.922, 36.716, 36.899, 36.869, 36.902, 36.487, 35.41, 34.073, 32.551, 32.761, 30.869, 26.36, 24.942, 24.688, 24.616, 23.269, 20.799, 19.628, 17.435, 10.341, 0.0, 10.022, 15.399, 19.162, 22.132, 22.85, 24.405, 26.584, 27.724, 30.21, 33.263, 35.345, 37.643, 38.529, 38.599, 38.649, 39.192, 39.659, 39.649, 39.331, 40.062, 41.454, 41.475, 41.987, 43.47, 43.041, 41.565, 40.317, 40.042, 39.829, 39.221, 39.036, 38.551, 38.297, 37.886, 37.76, 37.577, 37.357, 39.436, 40.932, 41.073, 41.97, 43.212, 44.126, 43.842, 43.785, 45.144, 45.598, 45.048, 45.612, 47.203, 47.531, 46.436, 46.383, 46.259, 45.888, 45.569, 45.211, 45.504, 46.638, 47.403, 47.796, 46.462, 44.303, 43.663, 43.446, 44.094, 43.109, 42.464, 40.828, 38.977, 39.271, 37.686, 35.035, 34.91, 35.827, 36.571, 36.071, 35.447, 35.928, 36.424, 37.202, 38.392, 38.334, 37.654, 38.39, 38.785, 38.617, 38.497, 38.683, 39.463, 43.607, 45.433, 46.373, 41.075], [40.252, 39.486, 39.514, 39.817, 39.499, 39.022, 38.864, 38.904, 38.945, 38.522, 37.507, 37.07, 36.706, 36.503, 36.686, 36.706, 36.686, 36.215, 35.175, 33.867, 32.273, 32.48, 30.864, 27.401, 26.991, 27.055, 27.246, 26.362, 24.514, 23.632, 21.97, 17.035, 10.022, 0.0, 8.886, 15.258, 18.38, 19.177, 21.372, 23.964, 25.264, 28.315, 31.755, 33.915, 36.447, 37.486, 37.593, 37.635, 38.28, 38.848, 38.856, 38.543, 39.343, 40.875, 41.048, 41.615, 43.096, 42.731, 41.295, 40.073, 39.869, 39.699, 39.092, 38.976, 38.494, 38.279, 37.93, 37.792, 37.601, 37.471, 39.677, 41.15, 41.263, 42.196, 43.396, 44.243, 43.933, 43.884, 45.283, 45.772, 45.215, 45.743, 47.347, 47.696, 46.572, 46.539, 46.417, 45.974, 45.641, 45.267, 45.517, 46.651, 47.436, 47.818, 46.382, 44.026, 43.297, 43.137, 43.865, 42.941, 42.318, 40.733, 38.953, 39.234, 37.666, 35.175, 35.087, 35.993, 36.721, 36.225, 35.617, 36.095, 36.592, 37.385, 38.526, 38.416, 37.765, 38.534, 38.919, 38.756, 38.631, 38.787, 39.49, 43.635, 45.501, 46.394, 40.919], [40.01, 39.258, 39.273, 39.556, 39.253, 38.749, 38.532, 38.508, 38.482, 38.014, 37.073, 36.717, 36.377, 36.348, 36.788, 36.882, 36.829, 36.34, 35.309, 34.075, 32.637, 32.943, 31.547, 28.894, 29.034, 29.23, 29.478, 28.761, 27.181, 26.503, 25.177, 20.726, 15.399, 8.886, 0.0, 9.914, 14.776, 15.676, 18.262, 21.406, 22.83, 26.083, 29.847, 32.222, 35.085, 36.317, 36.509, 36.667, 37.389, 37.958, 37.972, 37.664, 38.563, 40.188, 40.432, 41.141, 42.622, 42.231, 40.848, 39.654, 39.468, 39.309, 38.683, 38.623, 38.215, 38.074, 37.704, 37.556, 37.368, 37.264, 39.518, 40.972, 41.071, 42.049, 43.277, 44.098, 43.782, 43.766, 45.216, 45.716, 45.16, 45.689, 47.317, 47.644, 46.444, 46.42, 46.289, 45.749, 45.335, 44.864, 44.987, 46.044, 46.826, 47.222, 45.691, 43.209, 42.469, 42.333, 43.12, 42.225, 41.591, 40.025, 38.297, 38.598, 37.086, 34.736, 34.689, 35.6, 36.36, 35.835, 35.226, 35.724, 36.249, 37.087, 38.233, 38.092, 37.441, 38.227, 38.594, 38.428, 38.331, 38.522, 39.098, 43.297, 45.223, 46.035, 40.667], [39.878, 39.078, 39.022, 39.277, 38.995, 38.481, 38.248, 38.264, 38.276, 37.817, 36.993, 36.795, 36.493, 36.562, 37.315, 37.615, 37.608, 37.258, 36.336, 35.234, 34.176, 34.718, 33.449, 31.152, 31.434, 31.632, 31.874, 31.213, 29.66, 28.898, 27.893, 24.057, 19.162, 15.258, 9.914, 0.0, 8.104, 11.002, 14.314, 18.294, 20.09, 23.606, 28.021, 31.184, 34.569, 35.933, 36.148, 36.459, 37.347, 37.96, 37.956, 37.564, 38.474, 40.196, 40.448, 41.239, 42.782, 42.314, 40.858, 39.592, 39.404, 39.271, 38.704, 38.723, 38.19, 37.807, 37.343, 37.19, 36.991, 36.816, 39.076, 40.571, 40.717, 41.769, 43.035, 43.868, 43.556, 43.547, 45.013, 45.504, 44.932, 45.432, 47.071, 47.388, 46.087, 46.048, 45.898, 45.245, 44.763, 44.242, 44.238, 45.192, 45.97, 46.395, 44.866, 42.462, 41.814, 41.605, 42.358, 41.452, 40.787, 39.167, 37.415, 37.744, 36.282, 34.015, 33.982, 34.9, 35.665, 35.189, 34.748, 35.34, 35.886, 36.725, 37.828, 37.656, 36.991, 37.82, 38.222, 38.069, 38.034, 38.218, 38.614, 42.82, 44.829, 45.642, 40.564], [40.203, 39.426, 39.348, 39.58, 39.305, 38.81, 38.598, 38.642, 38.675, 38.221, 37.408, 37.209, 36.934, 36.994, 37.715, 38.071, 38.137, 37.897, 37.148, 36.198, 35.302, 35.842, 34.676, 32.681, 33.034, 33.216, 33.374, 32.733, 31.296, 30.459, 29.454, 26.241, 22.132, 18.38, 14.776, 8.104, 0.0, 6.185, 11.616, 15.696, 17.695, 21.727, 26.717, 30.267, 33.822, 35.251, 35.488, 35.953, 37.115, 37.871, 37.854, 37.472, 38.455, 40.259, 40.599, 41.396, 43.011, 42.701, 41.275, 39.949, 39.794, 39.72, 39.133, 39.125, 38.685, 38.349, 37.905, 37.758, 37.595, 37.437, 39.577, 40.996, 41.126, 42.175, 43.391, 44.185, 43.87, 43.826, 45.198, 45.672, 45.15, 45.631, 47.21, 47.484, 46.16, 46.155, 46.018, 45.331, 44.822, 44.281, 44.244, 45.14, 45.867, 46.29, 44.797, 42.468, 41.877, 41.643, 42.329, 41.447, 40.788, 39.208, 37.59, 37.933, 36.524, 34.528, 34.613, 35.49, 36.186, 35.765, 35.454, 36.076, 36.624, 37.45, 38.505, 38.297, 37.613, 38.374, 38.744, 38.615, 38.582, 38.702, 39.078, 42.99, 44.878, 45.845, 40.837], [39.837, 39.046, 38.954, 39.191, 38.891, 38.356, 38.134, 38.181, 38.211, 37.727, 36.857, 36.638, 36.362, 36.428, 37.176, 37.537, 37.617, 37.42, 36.72, 35.812, 35.022, 35.684, 34.582, 32.711, 33.147, 33.419, 33.666, 33.109, 31.749, 30.913, 29.831, 26.649, 22.85, 19.177, 15.676, 11.002, 6.185, 0.0, 7.343, 12.567, 14.702, 18.937, 24.251, 28.063, 31.959, 33.544, 33.814, 34.351, 35.652, 36.528, 36.526, 36.119, 37.184, 39.145, 39.617, 40.514, 42.268, 42.049, 40.69, 39.375, 39.215, 39.15, 38.538, 38.555, 38.188, 37.938, 37.494, 37.341, 37.184, 37.077, 39.325, 40.794, 40.924, 42.024, 43.268, 44.072, 43.743, 43.678, 45.067, 45.572, 45.086, 45.59, 47.185, 47.441, 46.071, 46.066, 45.934, 45.273, 44.779, 44.218, 44.226, 45.183, 45.905, 46.349, 44.843, 42.466, 41.872, 41.666, 42.377, 41.474, 40.805, 39.165, 37.482, 37.828, 36.281, 34.104, 34.144, 35.047, 35.769, 35.278, 34.85, 35.441, 36.049, 36.96, 38.113, 37.924, 37.182, 37.94, 38.314, 38.154, 38.106, 38.254, 38.683, 42.728, 44.626, 45.664, 40.464], [39.447, 38.647, 38.492, 38.727, 38.434, 37.854, 37.584, 37.593, 37.594, 37.096, 36.22, 36.017, 35.738, 35.851, 36.684, 37.059, 37.14, 36.996, 36.346, 35.467, 34.822, 35.717, 34.756, 33.043, 33.524, 33.882, 34.273, 33.898, 32.695, 31.914, 30.839, 27.777, 24.405, 21.372, 18.262, 14.314, 11.616, 7.343, 0.0, 7.478, 11.058, 15.485, 21.166, 25.755, 30.45, 32.325, 32.63, 33.141, 34.397, 35.276, 35.319, 34.917, 35.997, 38.058, 38.618, 39.632, 41.453, 41.205, 39.903, 38.653, 38.531, 38.463, 37.838, 37.946, 37.643, 37.426, 36.974, 36.832, 36.684, 36.541, 38.827, 40.336, 40.455, 41.647, 43.011, 43.836, 43.498, 43.428, 44.832, 45.355, 44.891, 45.402, 46.981, 47.225, 45.832, 45.802, 45.655, 45.022, 44.526, 43.929, 43.96, 44.971, 45.713, 46.158, 44.631, 42.247, 41.672, 41.519, 42.336, 41.461, 40.778, 39.035, 37.213, 37.554, 35.901, 33.437, 33.318, 34.209, 35.007, 34.51, 33.988, 34.53, 35.161, 36.138, 37.357, 37.164, 36.396, 37.218, 37.616, 37.451, 37.438, 37.619, 38.011, 42.209, 44.162, 45.208, 40.045], [40.039, 39.301, 39.125, 39.325, 39.053, 38.503, 38.24, 38.215, 38.177, 37.69, 36.869, 36.687, 36.445, 36.576, 37.338, 37.71, 37.821, 37.728, 37.231, 36.482, 35.893, 36.766, 35.932, 34.368, 34.854, 35.202, 35.536, 35.179, 34.092, 33.345, 32.279, 29.477, 26.584, 23.964, 21.406, 18.294, 15.696, 12.567, 7.478, 0.0, 6.741, 13.718, 20.032, 25.059, 30.157, 32.193, 32.511, 33.092, 34.455, 35.364, 35.429, 35.168, 36.353, 38.379, 38.945, 39.961, 41.739, 41.524, 40.257, 39.074, 39.038, 39.0, 38.35, 38.441, 38.228, 38.114, 37.75, 37.648, 37.51, 37.345, 39.486, 40.906, 41.012, 42.142, 43.439, 44.222, 43.901, 43.829, 45.155, 45.663, 45.238, 45.687, 47.119, 47.288, 45.953, 45.96, 45.82, 45.218, 44.724, 44.102, 44.082, 45.027, 45.754, 46.183, 44.737, 42.461, 41.878, 41.727, 42.518, 41.686, 41.016, 39.302, 37.55, 37.879, 36.368, 34.218, 34.146, 34.954, 35.719, 35.297, 34.862, 35.405, 35.99, 36.882, 38.009, 37.805, 37.098, 37.9, 38.288, 38.146, 38.156, 38.307, 38.704, 42.592, 44.398, 45.478, 40.56],