[[0.0, 8.33, 19.568, 24.666, 26.654, 28.516, 30.109, 31.516, 32.673, 33.025, 33.221, 33.402, 34.609, 35.752, 36.769, 37.831, 37.464, 37.857, 38.028, 37.047, 37.994, 38.039, 37.924, 39.103, 39.942, 40.351, 41.597, 42.725, 42.493, 41.908, 41.112, 41.054, 41.308, 41.222, 41.593, 42.428, 42.831, 42.224, 42.334, 44.305, 44.425, 43.649, 44.517, 45.868, 47.684, 48.641, 48.133, 46.8, 45.091, 44.935, 45.13, 44.405, 44.631, 44.325, 43.681, 42.713, 41.617, 41.327, 41.095, 40.723, 39.369, 37.995, 37.804, 37.688, 37.277, 36.703, 36.634, 36.969, 37.234, 37.222, 37.488, 37.704, 37.579, 37.246, 36.88, 36.749, 36.435, 36.278, 36.316, 36.635, 36.208, 35.726, 35.988, 36.16, 36.459, 36.281, 35.167, 35.601, 36.64, 36.343, 36.458, 36.689, 36.166, 36.032, 36.488, 36.045, 36.476, 36.694, 3.872], [8.33, 0.0, 13.184, 20.231, 23.394, 25.844, 27.707, 29.247, 30.56, 31.023, 31.257, 31.37, 32.72, 34.154, 35.503, 36.777, 36.327, 36.742, 36.97, 35.793, 36.792, 36.876, 36.744, 38.039, 38.959, 39.382, 40.742, 41.969, 41.693, 41.051, 40.179, 40.085, 40.342, 40.268, 40.663, 41.545, 42.0, 41.369, 41.536, 43.773, 43.964, 43.142, 44.106, 45.6, 47.452, 48.272, 47.724, 46.411, 44.68, 44.575, 44.84, 44.084, 44.285, 43.954, 43.281, 42.199, 41.033, 40.85, 40.675, 40.277, 38.709, 37.023, 36.772, 36.598, 35.997, 35.312, 35.197, 35.538, 35.812, 35.773, 36.061, 36.278, 36.182, 35.887, 35.477, 35.397, 35.225, 35.077, 35.024, 35.301, 34.809, 34.261, 34.585, 34.808, 35.16, 34.925, 33.64, 34.157, 35.3, 35.007, 35.201, 35.505, 34.95, 34.807, 35.316, 34.771, 35.107, 35.279, 9.505], [19.568, 13.184, 0.0, 11.461, 18.381, 21.838, 23.861, 25.694, 27.3, 27.979, 28.364, 28.449, 30.189, 32.073, 33.816, 35.362, 34.852, 35.287, 35.609, 34.237, 35.293, 35.417, 35.332, 36.874, 37.97, 38.435, 39.954, 41.304, 40.959, 40.255, 39.273, 39.098, 39.351, 39.291, 39.725, 40.695, 41.218, 40.557, 40.866, 43.478, 43.769, 42.855, 43.922, 45.625, 47.452, 48.053, 47.463, 46.143, 44.381, 44.35, 44.668, 43.866, 44.053, 43.709, 43.029, 41.797, 40.539, 40.531, 40.464, 40.026, 38.235, 36.21, 35.912, 35.657, 34.804, 33.929, 33.791, 34.169, 34.412, 34.335, 34.675, 34.867, 34.776, 34.559, 34.095, 34.126, 34.371, 34.307, 34.069, 34.22, 33.667, 33.137, 33.588, 33.865, 34.355, 34.044, 32.506, 33.108, 34.321, 34.072, 34.343, 34.669, 34.078, 33.915, 34.46, 33.778, 33.876, 33.908, 19.989], [24.666, 20.231, 11.461, 0.0, 10.736, 16.473, 18.929, 20.946, 23.081, 24.171, 24.805, 25.166, 27.673, 30.128, 32.069, 33.758, 33.322, 33.972, 34.411, 33.014, 34.297, 34.432, 34.497, 36.466, 37.827, 38.35, 40.128, 41.608, 41.148, 40.398, 39.386, 39.191, 39.49, 39.447, 39.936, 41.041, 41.592, 40.846, 41.168, 44.047, 44.458, 43.419, 44.517, 46.278, 48.034, 48.461, 47.926, 46.543, 44.684, 44.693, 44.954, 44.128, 44.372, 43.983, 43.27, 42.001, 40.596, 40.553, 40.566, 40.143, 38.227, 36.007, 35.694, 35.433, 34.309, 33.244, 33.156, 33.579, 33.749, 33.652, 34.041, 34.187, 34.028, 33.846, 33.374, 33.533, 34.151, 34.212, 33.902, 34.02, 33.426, 32.881, 33.442, 33.822, 34.458, 34.119, 32.176, 32.67, 33.998, 33.734, 33.924, 34.178, 33.501, 33.309, 33.88, 33.156, 33.173, 33.078, 24.959], [26.654, 23.394, 18.381, 10.736, 0.0, 8.783, 13.356, 15.625, 18.158, 19.935, 20.975, 21.885, 25.39, 28.548, 30.697, 32.48, 32.217, 33.166, 33.663, 32.378, 33.968, 34.149, 34.314, 36.568, 38.062, 38.599, 40.546, 42.114, 41.607, 40.844, 39.864, 39.687, 40.017, 40.0, 40.521, 41.642, 42.155, 41.334, 41.544, 44.42, 44.87, 43.738, 44.833, 46.545, 48.177, 48.554, 48.034, 46.543, 44.584, 44.586, 44.779, 43.996, 44.351, 43.983, 43.25, 42.033, 40.594, 40.44, 40.439, 40.032, 38.094, 35.827, 35.541, 35.325, 34.098, 33.162, 33.229, 33.605, 33.754, 33.672, 34.069, 34.214, 34.016, 33.825, 33.361, 33.489, 34.081, 34.131, 33.836, 33.958, 33.364, 32.862, 33.496, 33.959, 34.586, 34.29, 32.255, 32.594, 33.85, 33.555, 33.72, 33.946, 33.248, 33.03, 33.566, 32.858, 32.928, 32.87, 26.888], [28.516, 25.844, 21.838, 16.473, 8.783, 0.0, 7.139, 11.19, 14.202, 16.562, 18.168, 19.573, 23.832, 27.575, 30.085, 32.063, 31.912, 32.913, 33.394, 32.234, 33.933, 34.153, 34.353, 36.634, 38.124, 38.673, 40.665, 42.242, 41.745, 41.003, 40.041, 39.852, 40.17, 40.155, 40.654, 41.721, 42.201, 41.374, 41.549, 44.366, 44.814, 43.676, 44.751, 46.451, 47.962, 48.229, 47.658, 46.089, 44.061, 44.009, 44.177, 43.482, 43.936, 43.593, 42.85, 41.682, 40.305, 40.177, 40.181, 39.772, 37.875, 35.722, 35.508, 35.311, 34.155, 33.412, 33.566, 33.912, 34.066, 34.002, 34.378, 34.526, 34.361, 34.172, 33.692, 33.732, 34.218, 34.236, 33.962, 34.107, 33.616, 33.255, 33.911, 34.366, 34.895, 34.656, 32.777, 32.996, 34.145, 33.891, 34.079, 34.308, 33.641, 33.418, 33.927, 33.203, 33.268, 33.23, 28.685], [30.109, 27.707, 23.861, 18.929, 13.356, 7.139, 0.0, 6.328, 11.05, 13.855, 15.821, 17.59, 22.422, 26.653, 29.529, 31.768, 31.712, 32.687, 33.151, 32.111, 33.851, 34.076, 34.312, 36.562, 38.027, 38.588, 40.623, 42.211, 41.717, 40.985, 39.997, 39.762, 40.056, 40.033, 40.518, 41.563, 42.03, 41.21, 41.392, 44.196, 44.673, 43.566, 44.62, 46.346, 47.703, 47.818, 47.282, 45.706, 43.66, 43.606, 43.788, 43.164, 43.667, 43.325, 42.582, 41.44, 40.117, 40.059, 40.106, 39.702, 37.789, 35.681, 35.524, 35.316, 34.208, 33.561, 33.701, 34.085, 34.241, 34.158, 34.523, 34.657, 34.485, 34.29, 33.815, 33.833, 34.316, 34.376, 34.097, 34.251, 33.837, 33.539, 34.187, 34.624, 35.115, 34.932, 33.234, 33.448, 34.555, 34.303, 34.453, 34.648, 33.978, 33.748, 34.257, 33.548, 33.551, 33.411, 30.188], [31.516, 29.247, 25.694, 20.946, 15.625, 11.19, 6.328, 0.0, 6.812, 11.071, 13.392, 15.641, 21.2, 25.829, 28.905, 31.322, 31.42, 32.452, 32.918, 32.064, 33.913, 34.146, 34.506, 36.799, 38.235, 38.789, 40.838, 42.417, 41.907, 41.185, 40.206, 39.947, 40.229, 40.214, 40.711, 41.76, 42.216, 41.382, 41.539, 44.344, 44.87, 43.758, 44.784, 46.499, 47.68, 47.707, 47.226, 45.632, 43.598, 43.583, 43.769, 43.18, 43.684, 43.334, 42.602, 41.477, 40.173, 40.128, 40.194, 39.801, 37.88, 35.765, 35.6, 35.383, 34.262, 33.71, 33.926, 34.328, 34.478, 34.382, 34.751, 34.882, 34.691, 34.489, 34.028, 34.034, 34.543, 34.628, 34.313, 34.432, 34.04, 33.76, 34.401, 34.843, 35.351, 35.208, 33.595, 33.816, 34.876, 34.616, 34.715, 34.864, 34.206, 33.98, 34.477, 33.827, 33.804, 33.606, 31.542], [32.673, 30.56, 27.3, 23.081, 18.158, 14.202, 11.05, 6.812, 0.0, 6.692, 10.63, 13.535, 20.143, 25.211, 28.388, 30.902, 31.165, 32.32, 32.876, 32.245, 34.132, 34.407, 34.853, 37.129, 38.543, 39.104, 41.088, 42.6, 42.095, 41.402, 40.455, 40.19, 40.456, 40.448, 40.955, 41.994, 42.442, 41.621, 41.747, 44.512, 45.0, 43.825, 44.824, 46.503, 47.741, 47.804, 47.334, 45.744, 43.743, 43.752, 43.926, 43.329, 43.829, 43.49, 42.763, 41.653, 40.389, 40.37, 40.438, 40.067, 38.231, 36.171, 35.962, 35.751, 34.681, 34.21, 34.497, 34.864, 35.003, 34.904, 35.256, 35.388, 35.203, 35.0, 34.569, 34.561, 35.076, 35.171, 34.82, 34.881, 34.497, 34.224, 34.823, 35.27, 35.756, 35.638, 34.066, 34.245, 35.285, 35.045, 35.134, 35.256, 34.629, 34.417, 34.889, 34.268, 34.266, 34.076, 32.676], [33.025, 31.023, 27.979, 24.171, 19.935, 16.562, 13.855, 11.071, 6.692, 0.0, 6.019, 10.303, 17.576, 23.308, 27.032, 29.833, 30.203, 31.473, 32.142, 31.692, 33.677, 33.977, 34.483, 36.788, 38.242, 38.861, 40.876, 42.395, 41.883, 41.19, 40.229, 39.966, 40.24, 40.227, 40.741, 41.804, 42.27, 41.441, 41.583, 44.365, 44.817, 43.684, 44.705, 46.399, 47.815, 47.933, 47.478, 45.938, 43.954, 43.947, 44.141, 43.509, 43.948, 43.589, 42.856, 41.725, 40.459, 40.456, 40.508, 40.135, 38.301, 36.188, 35.96, 35.763, 34.713, 34.226, 34.47, 34.853, 34.995, 34.883, 35.233, 35.36, 35.166, 34.964, 34.554, 34.551, 35.033, 35.115, 34.761, 34.829, 34.448, 34.184, 34.798, 35.255, 35.72, 35.623, 34.075, 34.202, 35.22, 34.966, 35.055, 35.216, 34.605, 34.384, 34.854, 34.231, 34.247, 34.062, 33.016], [33.221, 31.257, 28.364, 24.805, 20.975, 18.168, 15.821, 13.392, 10.63, 6.019, 0.0, 6.464, 15.012, 21.196, 25.439, 28.522, 28.964, 30.353, 31.093, 30.828, 33.026, 33.342, 33.943, 36.374, 37.882, 38.549, 40.628, 42.162, 41.627, 40.923, 39.985, 39.788, 40.102, 40.075, 40.593, 41.691, 42.174, 41.32, 41.467, 44.3, 44.777, 43.673, 44.72, 46.445, 47.863, 47.953, 47.521, 46.002, 44.05, 44.052, 44.264, 43.631, 44.019, 43.615, 42.868, 41.706, 40.412, 40.395, 40.421, 40.02, 38.105, 35.892, 35.661, 35.474, 34.386, 33.877, 34.114, 34.531, 34.682, 34.558, 34.911, 35.038, 34.849, 34.673, 34.276, 34.285, 34.77, 34.85, 34.519, 34.601, 34.208, 33.972, 34.626, 35.072, 35.548, 35.459, 33.847, 33.96, 34.982, 34.708, 34.781, 34.96, 34.358, 34.143, 34.629, 34.013, 34.038, 33.846, 33.182], [33.402, 31.37, 28.449, 25.166, 21.885, 19.573, 17.59, 15.641, 13.535, 10.303, 6.464, 0.0, 10.773, 18.512, 23.543, 26.989, 27.512, 29.083, 29.999, 29.836, 32.223, 32.526, 33.2, 35.846, 37.435, 38.135, 40.312, 41.879, 41.322, 40.608, 39.647, 39.474, 39.827, 39.787, 40.308, 41.459, 41.992, 41.142, 41.331, 44.247, 44.752, 43.721, 44.821, 46.585, 48.081, 48.163, 47.709, 46.205, 44.246, 44.259, 44.491, 43.823, 44.186, 43.768, 43.009, 41.782, 40.438, 40.414, 40.417, 39.969, 37.911, 35.516, 35.244, 35.044, 33.841, 33.155, 33.366, 33.835, 33.986, 33.839, 34.213, 34.351, 34.159, 33.984, 33.565, 33.614, 34.135, 34.217, 33.917, 34.025, 33.572, 33.326, 34.071, 34.519, 35.047, 34.948, 33.194, 33.323, 34.428, 34.152, 34.24, 34.421, 33.778, 33.566, 34.084, 33.426, 33.467, 33.293, 33.316], [34.609, 32.72, 30.189, 27.673, 25.39, 23.832, 22.422, 21.2, 20.143, 17.576, 15.012, 10.773, 0.0, 11.515, 19.813, 24.268, 25.064, 27.049, 28.345, 28.474, 31.155, 31.47, 32.407, 35.548, 37.299, 38.049, 40.432, 42.077, 41.504, 40.805, 39.848, 39.655, 39.986, 39.954, 40.532, 41.716, 42.267, 41.45, 41.732, 44.696, 45.216, 44.243, 45.378, 47.137, 48.692, 48.804, 48.299, 46.795, 44.847, 44.858, 45.135, 44.441, 44.765, 44.362, 43.609, 42.341, 40.974, 40.91, 40.853, 40.336, 38.126, 35.58, 35.344, 35.176, 33.777, 32.795, 32.943, 33.49, 33.657, 33.483, 33.865, 34.015, 33.819, 33.636, 33.187, 33.245, 33.713, 33.752, 33.523, 33.661, 33.158, 32.952, 33.811, 34.209, 34.776, 34.737, 32.942, 32.982, 34.058, 33.795, 33.874, 34.062, 33.415, 33.222, 33.775, 33.14, 33.274, 33.169, 34.526], [35.752, 34.154, 32.073, 30.128, 28.548, 27.575, 26.653, 25.829, 25.211, 23.308, 21.196, 18.512, 11.515, 0.0, 11.888, 18.296, 19.584, 22.416, 24.355, 25.494, 29.154, 29.613, 30.996, 34.734, 36.747, 37.549, 40.075, 41.878, 41.397, 40.76, 39.954, 39.87, 40.189, 40.167, 40.803, 42.014, 42.557, 41.753, 42.006, 44.867, 45.339, 44.273, 45.421, 47.082, 48.534, 48.734, 48.276, 46.832, 45.003, 45.044, 45.281, 44.542, 44.853, 44.484, 43.778, 42.586, 41.268, 41.163, 41.07, 40.551, 38.38, 35.932, 35.748, 35.598, 34.245, 33.279, 33.341, 33.856, 34.066, 33.899, 34.263, 34.406, 34.211, 34.037, 33.637, 33.725, 34.18, 34.233, 34.031, 34.123, 33.586, 33.327, 34.133, 34.523, 35.102, 35.053, 33.252, 33.212, 34.231, 34.02, 34.092, 34.192, 33.546, 33.39, 33.978, 33.44, 33.59, 33.479, 35.693], [36.769, 35.503, 33.816, 32.069, 30.697, 30.085, 29.529, 28.905, 28.388, 27.032, 25.439, 23.543, 19.813, 11.888, 0.0, 8.984, 12.609, 17.159, 19.997, 22.618, 27.407, 28.1, 29.951, 34.154, 36.33, 37.13, 39.717, 41.67, 41.315, 40.798, 40.222, 40.284, 40.613, 40.606, 41.29, 42.516, 43.002, 42.246, 42.425, 45.066, 45.525, 44.365, 45.481, 47.04, 48.357, 48.643, 48.223, 46.809, 45.159, 45.257, 45.441, 44.678, 44.994, 44.678, 44.026, 42.96, 41.747, 41.641, 41.549, 41.077, 39.1, 36.874, 36.672, 36.507, 35.273, 34.517, 34.604, 34.976, 35.18, 35.071, 35.402, 35.532, 35.31, 35.131, 34.827, 34.903, 35.356, 35.483, 35.283, 35.312, 34.777, 34.433, 35.13, 35.545, 36.118, 36.073, 34.369, 34.33, 35.284, 35.071, 35.131, 35.092, 34.45, 34.365, 34.954, 34.566, 34.641, 34.512, 36.741], [37.831, 36.777, 35.362, 33.758, 32.48, 32.063, 31.768, 31.322, 30.902, 29.833, 28.522, 26.989, 24.268, 18.296, 8.984, 0.0, 7.736, 14.952, 18.203, 21.819, 27.165, 28.005, 30.215, 34.667, 36.888, 37.664, 40.173, 42.1, 41.794, 41.364, 40.942, 41.063, 41.376, 41.382, 42.063, 43.223, 43.622, 42.906, 43.038, 45.504, 45.955, 44.751, 45.805, 47.28, 48.531, 48.856, 48.444, 47.048, 45.525, 45.66, 45.825, 45.061, 45.375, 45.103, 44.489, 43.503, 42.383, 42.283, 42.185, 41.741, 39.909, 37.849, 37.65, 37.504, 36.325, 35.673, 35.826, 36.113, 36.303, 36.249, 36.557, 36.685, 36.459, 36.265, 36.009, 36.049, 36.44, 36.607, 36.452, 36.484, 35.976, 35.604, 36.202, 36.556, 37.074, 37.059, 35.468, 35.408, 36.309, 36.109, 36.152, 36.051, 35.474, 35.466, 36.054, 35.772, 35.81, 35.701, 37.842], [37.464, 36.327, 34.852, 33.322, 32.217, 31.912, 31.712, 31.42, 31.165, 30.203, 28.964, 27.512, 25.064, 19.584, 12.609, 7.736, 0.0, 9.938, 14.524, 18.597, 24.676, 25.679, 28.334, 33.282, 35.668, 36.5, 39.152, 41.179, 40.894, 40.475, 40.145, 40.377, 40.755, 40.767, 41.489, 42.76, 43.226, 42.519, 42.709, 45.212, 45.693, 44.602, 45.693, 47.159, 48.355, 48.647, 48.228, 46.824, 45.231, 45.337, 45.496, 44.706, 45.023, 44.723, 44.091, 43.096, 41.937, 41.822, 41.733, 41.29, 39.421, 37.34, 37.151, 36.978, 35.782, 35.102, 35.216, 35.538, 35.764, 35.713, 36.026, 36.155, 35.931, 35.72, 35.419, 35.465, 35.873, 36.033, 35.87, 35.886, 35.342, 34.94, 35.556, 35.937, 36.418, 36.392, 34.783, 34.652, 35.559, 35.341, 35.384, 35.326, 34.782, 34.774, 35.38, 35.087, 35.15, 35.052, 37.482], [37.857, 36.742, 35.287, 33.972, 33.166, 32.913, 32.687, 32.452, 32.32, 31.473, 30.353, 29.083, 27.049, 22.416, 17.159, 14.952, 9.938, 0.0, 7.704, 14.134, 20.303, 21.347, 24.992, 30.819, 33.497, 34.375, 37.336, 39.645, 39.486, 39.147, 39.071, 39.502, 39.94, 40.01, 40.898, 42.368, 42.886, 42.316, 42.724, 45.145, 45.618, 44.645, 45.709, 47.069, 48.108, 48.422, 48.054, 46.707, 45.143, 45.217, 45.333, 44.489, 44.752, 44.426, 43.78, 42.795, 41.648, 41.544, 41.489, 41.068, 39.285, 37.404, 37.253, 37.077, 36.064, 35.556, 35.543, 35.828, 36.099, 36.079, 36.357, 36.472, 36.284, 36.063, 35.745, 35.774, 36.173, 36.306, 36.109, 36.121, 35.59, 35.172, 35.776, 36.247, 36.7, 36.643, 35.206, 34.989, 35.711, 35.486, 35.499, 35.387, 34.846, 34.823, 35.409, 35.205, 35.276, 35.213, 37.852], [38.028, 36.97, 35.609, 34.411, 33.663, 33.394, 33.151, 32.918, 32.876, 32.142, 31.093, 29.999, 28.345, 24.355, 19.997, 18.203, 14.524, 7.704, 0.0, 11.132, 18.752, 19.457, 23.602, 29.976, 32.737, 33.608, 36.779, 39.239, 39.118, 38.797, 38.802, 39.301, 39.77, 39.871, 40.818, 42.354, 42.886, 42.333, 42.788, 45.22, 45.693, 44.74, 45.81, 47.139, 48.018, 48.214, 47.871, 46.554, 44.978, 45.024, 45.125, 44.297, 44.586, 44.27, 43.623, 42.662, 41.521, 41.425, 41.403, 40.998, 39.233, 37.394, 37.265, 37.089, 36.127, 35.715, 35.654, 35.905, 36.19, 36.166, 36.423, 36.536, 36.327, 36.038, 35.719, 35.78, 36.168, 36.285, 36.07, 36.092, 35.605, 35.219, 35.813, 36.307, 36.761, 36.682, 35.372, 35.156, 35.813, 35.602, 35.603, 35.461, 34.906, 34.865, 35.368, 35.082, 35.126, 35.098, 38.001], [37.047, 35.793, 34.237, 33.014, 32.378, 32.234, 32.111, 32.064, 32.245, 31.692, 30.828, 29.836, 28.474, 25.494, 22.618, 21.819, 18.597, 14.134, 11.132, 0.0, 11.102, 12.93, 17.833, 26.032, 29.384, 30.409, 34.241, 37.107, 36.989, 36.614, 36.709, 37.487, 38.127, 38.256, 39.399, 41.271, 41.99, 41.452, 42.075, 44.826, 45.411, 44.462, 45.603, 47.049, 48.207, 48.487, 48.018, 46.582, 44.811, 44.845, 44.979, 44.086, 44.363, 44.058, 43.362, 42.279, 41.007, 40.881, 40.873, 40.432, 38.447, 36.288, 36.098, 35.908, 34.712, 33.952, 33.847, 34.25, 34.555, 34.544, 34.869, 35.0, 34.807, 34.545, 34.132, 34.151, 34.615, 34.765, 34.509, 34.509, 33.917, 33.514, 34.213, 34.696, 35.194, 35.084, 33.633, 33.61, 34.446, 34.189, 34.203, 34.106, 33.446, 33.395, 33.981, 33.504, 33.502, 33.446, 36.98], [37.994, 36.792, 35.293, 34.297, 33.968, 33.933, 33.851, 33.913, 34.132, 33.677, 33.026, 32.223, 31.155, 29.154, 27.407, 27.165, 24.676, 20.303, 18.752, 11.102, 0.0, 6.062, 13.506, 22.159, 25.884, 27.053, 31.292, 34.493, 34.499, 34.24, 34.597, 35.648, 36.383, 36.543, 37.864, 40.031, 40.941, 40.66, 41.674, 44.387, 45.118, 44.204, 45.188, 46.731, 48.288, 48.814, 48.382, 47.076, 45.419, 45.464, 45.595, 44.624, 44.803, 44.51, 43.849, 42.779, 41.575, 41.497, 41.492, 41.064, 39.187, 37.193, 36.966, 36.796, 35.778, 34.975, 34.598, 35.038, 35.372, 35.387, 35.703, 35.832, 35.699, 35.496, 35.115, 35.056, 35.413, 35.554, 35.304, 35.326, 34.765, 34.371, 35.002, 35.455, 35.919, 35.812, 34.632, 34.793, 35.581, 35.347, 35.347, 35.212, 34.549, 34.5, 35.073, 34.649, 34.606, 34.593, 37.916], [38.039, 36.876, 35.417, 34.432, 34.149, 34.153, 34.076, 34.146, 34.407, 33.977, 33.342, 32.526, 31.47, 29.613, 28.1, 28.005, 25.679, 21.347, 19.457, 12.93, 6.062, 0.0, 10.984, 21.104, 25.002, 26.178, 30.737, 34.122, 34.157, 33.908, 34.271, 35.327, 36.054, 36.21, 37.531, 39.725, 40.672, 40.483, 41.711, 44.527, 45.257, 44.379, 45.403, 46.981, 48.528, 49.037, 48.612, 47.286, 45.636, 45.665, 45.768, 44.796, 44.965, 44.665, 43.999, 42.932, 41.748, 41.683, 41.677, 41.233, 39.314, 37.298, 37.087, 36.926, 35.908, 35.115, 34.719, 35.171, 35.501, 35.465, 35.749, 35.885, 35.73, 35.491, 35.121, 35.099, 35.451, 35.58, 35.34, 35.372, 34.808, 34.425, 35.097, 35.546, 36.001, 35.855, 34.588, 34.733, 35.541, 35.319, 35.335, 35.224, 34.549, 34.495, 35.044, 34.565, 34.536, 34.603, 37.935], [37.924, 36.744, 35.332, 34.497, 34.314, 34.353, 34.312, 34.506, 34.853, 34.483, 33.943, 33.2, 32.407, 30.996, 29.951, 30.215, 28.334, 24.992, 23.602, 17.833, 13.506, 10.984, 0.0, 13.45, 18.973, 20.086, 25.249, 29.441, 29.754, 29.545, 30.104, 31.515, 32.384, 32.529, 34.037, 36.614, 37.737, 37.573, 39.191, 42.505, 43.718, 43.199, 44.334, 46.346, 48.198, 48.739, 48.366, 47.17, 45.517, 45.541, 45.713, 44.784, 44.963, 44.662, 44.025, 42.977, 41.8, 41.766, 41.785, 41.344, 39.413, 37.363, 37.115, 36.92, 35.903, 35.11, 34.61, 35.068, 35.389, 35.354, 35.65, 35.777, 35.652, 35.441, 35.081, 35.05, 35.428, 35.562, 35.275, 35.289, 34.747, 34.362, 34.995, 35.409, 35.846, 35.665, 34.484, 34.746, 35.632, 35.432, 35.45, 35.341, 34.661, 34.568, 35.108, 34.644, 34.603, 34.682, 37.791], [39.103, 38.039, 36.874, 36.466, 36.568, 36.634, 36.562, 36.799, 37.129, 36.788, 36.374, 35.846, 35.548, 34.734, 34.154, 34.667, 33.282, 30.819, 29.976, 26.032, 22.159, 21.104, 13.45, 0.0, 7.893, 10.339, 15.791, 20.973, 22.038, 22.249, 23.376, 25.364, 26.393, 26.545, 28.35, 31.428, 32.769, 32.746, 34.96, 38.558, 40.456, 40.991, 42.121, 44.551, 46.992, 47.687, 47.437, 46.623, 45.284, 45.333, 45.552, 44.756, 44.944, 44.643, 44.131, 43.23, 42.244, 42.36, 42.424, 42.062, 40.445, 38.842, 38.662, 38.409, 37.774, 37.345, 36.631, 36.976, 37.319, 37.327, 37.596, 37.709, 37.615, 37.387, 37.098, 37.036, 37.252, 37.356, 37.032, 37.026, 36.645, 36.285, 36.712, 37.067, 37.431, 37.244, 36.566, 36.936, 37.698, 37.532, 37.598, 37.526, 36.95, 36.83, 37.288, 36.915, 36.825, 36.972, 38.972], [39.942, 38.959, 37.97, 37.827, 38.062, 38.124, 38.027, 38.235, 38.543, 38.242, 37.882, 37.435, 37.299, 36.747, 36.33, 36.888, 35.668, 33.497, 32.737, 29.384, 25.884, 25.002, 18.973, 7.893, 0.0, 5.843, 12.361, 17.482, 18.786, 19.25, 20.808, 23.182, 24.287, 24.46, 26.408, 29.607, 30.991, 31.075, 33.502, 37.026, 39.113, 40.27, 41.412, 43.89, 46.57, 47.36, 47.164, 46.467, 45.321, 45.393, 45.596, 44.864, 45.074, 44.805, 44.348, 43.523, 42.678, 42.889, 42.96, 42.642, 41.226, 39.865, 39.721, 39.465, 39.011, 38.742, 38.003, 38.238, 38.574, 38.589, 38.797, 38.906, 38.801, 38.535, 38.299, 38.238, 38.366, 38.444, 38.127, 38.128, 37.818, 37.458, 37.798, 38.112, 38.442, 38.3, 37.859, 38.257, 38.943, 38.796, 38.924, 38.913, 38.399, 38.26, 38.652, 38.278, 38.165, 38.359, 39.805], [40.351, 39.382, 38.435, 38.35, 38.599, 38.673, 38.588, 38.789, 39.104, 38.861, 38.549, 38.135, 38.049, 37.549, 37.13, 37.664, 36.5, 34.375, 33.608, 30.409, 27.053, 26.178, 20.086, 10.339, 5.843, 0.0, 9.005, 15.695, 17.296, 17.724, 19.581, 22.243, 23.403, 23.664, 25.768, 29.072, 30.524, 30.648, 33.186, 36.77, 38.929, 40.148, 41.337, 43.855, 46.458, 47.296, 47.16, 46.549, 45.43, 45.521, 45.726, 44.999, 45.243, 45.01, 44.574, 43.786, 42.976, 43.196, 43.287, 43.011, 41.652, 40.286, 40.123, 39.883, 39.459, 39.192, 38.425, 38.602, 38.892, 38.89, 39.084, 39.175, 39.091, 38.863, 38.654, 38.61, 38.739, 38.81, 38.514, 38.547, 38.256, 37.884, 38.17, 38.477, 38.824, 38.684, 38.324, 38.746, 39.395, 39.283, 39.441, 39.412, 38.882, 38.735, 39.135, 38.772, 38.592, 38.738, 40.219], [41.597, 40.742, 39.954, 40.128, 40.546, 40.665, 40.623, 40.838, 41.088, 40.876, 40.628, 40.312, 40.432, 40.075, 39.717, 40.173, 39.152, 37.336, 36.779, 34.241, 31.292, 30.737, 25.249, 15.791, 12.361, 9.005, 0.0, 8.748, 12.045, 13.082, 15.858, 19.266, 20.573, 20.919, 23.092, 26.449, 28.001, 28.199, 30.809, 34.13, 36.392, 38.392, 39.656, 42.269, 45.525, 46.717, 46.648, 46.415, 45.614, 45.697, 45.864, 45.169, 45.379, 45.194, 44.86, 44.189, 43.587, 43.924, 44.035, 43.845, 42.759, 41.715, 41.588, 41.333, 41.187, 41.133, 40.361, 40.462, 40.736, 40.753, 40.937, 41.022, 40.966, 40.751, 40.578, 40.491, 40.46, 40.485, 40.185, 40.197, 39.99, 39.649, 39.78, 40.012, 40.318, 40.177, 40.086, 40.591, 41.126, 41.011, 41.2, 41.157, 40.669, 40.535, 40.918, 40.644, 40.465, 40.67, 41.501], [42.725, 41.969, 41.304, 41.608, 42.114, 42.242, 42.211, 42.417, 42.6, 42.395, 42.162, 41.879, 42.077, 41.878, 41.67, 42.1, 41.179, 39.645, 39.239, 37.107, 34.493, 34.122, 29.441, 20.973, 17.482, 15.695, 8.748, 0.0, 5.628, 8.479, 12.575, 16.866, 18.476, 18.786, 20.891, 24.223, 25.844, 26.106, 28.643, 31.601, 33.941, 36.741, 38.08, 40.769, 44.797, 46.323, 46.317, 46.333, 45.829, 45.928, 46.045, 45.4, 45.581, 45.402, 45.103, 44.486, 44.054, 44.506, 44.625, 44.48, 43.6, 42.812, 42.702, 42.446, 42.489, 42.541, 41.814, 41.893, 42.177, 42.232, 42.406, 42.49, 42.457, 42.243, 42.085, 41.98, 41.853, 41.865, 41.553, 41.541, 41.385, 41.076, 41.142, 41.261, 41.508, 41.417, 41.415, 41.945, 42.425, 42.285, 42.507, 42.506, 42.08, 41.958, 42.296, 42.082, 42.013, 42.294, 42.646], [42.493, 41.693, 40.959, 41.148, 41.607, 41.745, 41.717, 41.907, 42.095, 41.883, 41.627, 41.322, 41.504, 41.397, 41.315, 41.794, 40.894, 39.486, 39.118, 36.989, 34.499, 34.157, 29.754, 22.038, 18.786, 17.296, 12.045, 5.628, 0.0, 4.848, 10.697, 15.449, 17.25, 17.626, 19.835, 23.267, 24.924, 25.14, 27.716, 30.788, 33.208, 36.121, 37.518, 40.311, 44.433, 46.055, 46.112, 46.108, 45.598, 45.798, 45.959, 45.293, 45.508, 45.325, 44.983, 44.324, 43.86, 44.285, 44.393, 44.233, 43.302, 42.452, 42.319, 42.062, 42.05, 42.003, 41.281, 41.42, 41.717, 41.764, 41.952, 42.038, 42.001, 41.79, 41.621, 41.54, 41.467, 41.5, 41.179, 41.183, 41.021, 40.709, 40.803, 40.917, 41.197, 41.1, 40.957, 41.462, 41.956, 41.808, 42.064, 42.09, 41.658, 41.534, 41.885, 41.665, 41.613, 41.891, 42.404], [41.908, 41.051, 40.255, 40.398, 40.844, 41.003, 40.985, 41.185, 41.402, 41.19, 40.923, 40.608, 40.805, 40.76, 40.798, 41.364, 40.475, 39.147, 38.797, 36.614, 34.24, 33.908, 29.545, 22.249, 19.25, 17.724, 13.082, 8.479, 4.848, 0.0, 7.622, 13.527, 15.713, 16.215, 18.601, 22.137, 23.877, 24.182, 26.905, 30.174, 32.685, 35.624, 37.085, 39.904, 44.063, 45.816, 45.895, 45.884, 45.332, 45.567, 45.795, 45.116, 45.321, 45.133, 44.776, 44.082, 43.573, 43.989, 44.102, 43.926, 42.924, 41.97, 41.808, 41.548, 41.465, 41.317, 40.63, 40.818, 41.113, 41.146, 41.365, 41.458, 41.4, 41.179, 40.994, 40.917, 40.826, 40.833, 40.518, 40.529, 40.346, 40.032, 40.181, 40.313, 40.601, 40.478, 40.235, 40.791, 41.355, 41.2, 41.474, 41.528, 41.062, 40.93, 41.317, 41.044, 40.953, 41.211, 41.801], [41.112, 40.179, 39.273, 39.386, 39.864, 40.041, 39.997, 40.206, 40.455, 40.229, 39.985, 39.647, 39.848, 39.954, 40.222, 40.942, 40.145, 39.071, 38.802, 36.709, 34.597, 34.271, 30.104, 23.376, 20.808, 19.581, 15.858, 12.575, 10.697, 7.622, 0.0, 7.734, 11.292, 11.77, 14.245, 18.282, 20.53, 21.034, 24.066, 27.816, 30.664, 33.902, 35.491, 38.656, 43.325, 45.227, 45.317, 45.333, 44.791, 45.019, 45.276, 44.676, 44.953, 44.758, 44.378, 43.619, 43.037, 43.454, 43.556, 43.34, 42.237, 41.147, 40.958, 40.691, 40.502, 40.271, 39.643, 39.857, 40.142, 40.166, 40.433, 40.534, 40.439, 40.223, 40.039, 39.961, 39.839, 39.816, 39.502, 39.528, 39.331, 39.012, 39.212, 39.337, 39.662, 39.556, 39.193, 39.831, 40.553, 40.407, 40.709, 40.824, 40.328, 40.175, 40.58, 40.22, 40.098, 40.314, 40.973], [41.054, 40.085, 39.098, 39.191, 39.687, 39.852, 39.762, 39.947, 40.19, 39.966, 39.788, 39.474, 39.655, 39.87, 40.284, 41.063, 40.377, 39.502, 39.301, 37.487, 35.648, 35.327, 31.515, 25.364, 23.182, 22.243, 19.266, 16.866, 15.449, 13.527, 7.734, 0.0, 4.97, 6.041, 8.811, 13.68, 16.581, 17.329, 20.97, 25.267, 28.531, 32.223, 33.913, 37.491, 42.664, 44.705, 44.825, 44.898, 44.432, 44.724, 45.017, 44.529, 44.963, 44.812, 44.427, 43.632, 43.011, 43.419, 43.49, 43.229, 42.072, 40.919, 40.723, 40.472, 40.227, 39.945, 39.328, 39.542, 39.804, 39.816, 40.091, 40.186, 40.064, 39.863, 39.699, 39.606, 39.502, 39.494, 39.179, 39.222, 39.047, 38.726, 38.913, 39.045, 39.419, 39.338, 38.994, 39.632, 40.365, 40.23, 40.559, 40.697, 40.195, 40.046, 40.458, 40.069, 39.92, 40.134, 40.925], [41.308, 40.342, 39.351, 39.49, 40.017, 40.17, 40.056, 40.229, 40.456, 40.24, 40.102, 39.827, 39.986, 40.189, 40.613, 41.376, 40.755, 39.94, 39.77, 38.127, 36.383, 36.054, 32.384, 26.393, 24.287, 23.403, 20.573, 18.476, 17.25, 15.713, 11.292, 4.97, 0.0, 3.122, 7.108, 11.984, 14.959, 15.968, 20.058, 24.499, 27.923, 31.834, 33.528, 37.179, 42.458, 44.553, 44.693, 44.806, 44.386, 44.713, 45.023, 44.548, 45.047, 44.948, 44.58, 43.79, 43.17, 43.574, 43.636, 43.37, 42.237, 41.104, 40.915, 40.691, 40.459, 40.183, 39.561, 39.747, 40.0, 40.023, 40.288, 40.374, 40.249, 40.054, 39.906, 39.804, 39.708, 39.716, 39.402, 39.441, 39.279, 38.962, 39.123, 39.259, 39.63, 39.537, 39.269, 39.896, 40.57, 40.426, 40.763, 40.905, 40.41, 40.267, 40.672, 40.293, 40.143, 40.383, 41.194], [41.222, 40.268, 39.291, 39.447, 40.0, 40.155, 40.033, 40.214, 40.448, 40.227, 40.075, 39.787, 39.954, 40.167, 40.606, 41.382, 40.767, 40.01, 39.871, 38.256, 36.543, 36.21, 32.529, 26.545, 24.46, 23.664, 20.919, 18.786, 17.626, 16.215, 11.77, 6.041, 3.122, 0.0, 5.258, 11.155, 14.516, 15.599, 19.723, 24.168, 27.626, 31.599, 33.289, 36.919, 42.25, 44.353, 44.509, 44.656, 44.259, 44.581, 44.876, 44.406, 44.918, 44.82, 44.459, 43.673, 43.044, 43.451, 43.517, 43.253, 42.141, 41.046, 40.867, 40.632, 40.399, 40.121, 39.494, 39.672, 39.933, 39.964, 40.231, 40.319, 40.201, 40.02, 39.873, 39.773, 39.679, 39.693, 39.375, 39.399, 39.229, 38.91, 39.056, 39.174, 39.545, 39.453, 39.177, 39.799, 40.469, 40.313, 40.645, 40.799, 40.317, 40.166, 40.559, 40.176, 40.067, 40.35, 41.1], [41.593, 40.663, 39.725, 39.936, 40.521, 40.654, 40.518, 40.711, 40.955, 40.741, 40.593, 40.308, 40.532, 40.803, 41.29, 42.063, 41.489, 40.898, 40.818, 39.399, 37.864, 37.531, 34.037, 28.35, 26.408, 25.768, 23.092, 20.891, 19.835, 18.601, 14.245, 8.811, 7.108, 5.258, 0.0, 7.564, 12.221, 13.6, 17.948, 22.496, 26.215, 30.667, 32.432, 36.121, 41.719, 43.958, 44.171, 44.45, 44.194, 44.534, 44.816, 44.422, 44.984, 44.889, 44.547, 43.789, 43.199, 43.625, 43.69, 43.451, 42.435, 41.443, 41.262, 40.984, 40.799, 40.607, 40.005, 40.172, 40.442, 40.463, 40.715, 40.801, 40.667, 40.477, 40.335, 40.228, 40.105, 40.111, 39.787, 39.799, 39.652, 39.333, 39.443, 39.549, 39.923, 39.862, 39.672, 40.32, 40.954, 40.787, 41.118, 41.293, 40.849, 40.706, 41.075, 40.697, 40.625, 40.971, 41.484], [42.428, 41.545, 40.695, 41.041, 41.642, 41.721, 41.563, 41.76, 41.994, 41.804, 41.691, 41.459, 41.716, 42.014, 42.516, 43.223, 42.76, 42.368, 42.354, 41.271, 40.031, 39.725, 36.614, 31.428, 29.607, 29.072, 26.449, 24.223, 23.267, 22.137, 18.282, 13.68, 11.984, 11.155, 7.564, 0.0, 6.406, 9.616, 14.768, 19.418, 23.803, 29.165, 31.065, 34.815, 40.795, 43.296, 43.58, 44.029, 43.984, 44.349, 44.638, 44.364, 45.012, 44.975, 44.678, 43.984, 43.52, 44.003, 44.079, 43.903, 43.048, 42.215, 42.041, 41.735, 41.659, 41.662, 41.143, 41.281, 41.544, 41.543, 41.771, 41.852, 41.7, 41.489, 41.365, 41.231, 41.032, 41.011, 40.684, 40.708, 40.636, 40.332, 40.386, 40.481, 40.778, 40.736, 40.74, 41.45, 42.027, 41.859, 42.177, 42.362, 41.96, 41.832, 42.181, 41.831, 41.761, 42.15, 42.339], [42.831, 42.0, 41.218, 41.592, 42.155, 42.201, 42.03, 42.216, 42.442, 42.27, 42.174, 41.992, 42.267, 42.557, 43.002, 43.622, 43.226, 42.886, 42.886, 41.99, 40.941, 40.672, 37.737, 32.769, 30.991, 30.524, 28.001, 25.844, 24.924, 23.877, 20.53, 16.581, 14.959, 14.516, 12.221, 6.406, 0.0, 6.083, 12.765, 17.651, 22.531, 28.385, 30.288, 34.115, 40.338, 42.936, 43.214, 43.697, 43.718, 44.097, 44.395, 44.192, 44.9, 44.905, 44.643, 43.999, 43.628, 44.18, 44.282, 44.132, 43.343, 42.578, 42.402, 42.096, 42.084, 42.182, 41.712, 41.83, 42.081, 42.077, 42.306, 42.387, 42.242, 42.038, 41.918, 41.762, 41.525, 41.496, 41.175, 41.219, 41.213, 40.933, 40.944, 41.025, 41.269, 41.205, 41.305, 42.037, 42.576, 42.404, 42.698, 42.862, 42.45, 42.317, 42.681, 42.361, 42.243, 42.623, 42.75], [42.224, 41.369, 40.557, 40.846, 41.334, 41.374, 41.21, 41.382, 41.621, 41.441, 41.32, 41.142, 41.45, 41.753, 42.246, 42.906, 42.519, 42.316, 42.333, 41.452, 40.66, 40.483, 37.573, 32.746, 31.075, 30.648, 28.199, 26.106, 25.14, 24.182, 21.034, 17.329, 15.968, 15.599, 13.6, 9.616, 6.083, 0.0, 8.789, 15.584, 20.883, 26.824, 28.831, 33.162, 39.818, 42.495, 42.759, 43.243, 43.279, 43.693, 43.987, 43.733, 44.435, 44.442, 44.165, 43.467, 43.062, 43.657, 43.79, 43.637, 42.761, 41.891, 41.712, 41.409, 41.335, 41.379, 40.907, 41.055, 41.305, 41.289, 41.542, 41.63, 41.482, 41.29, 41.155, 41.021, 40.889, 40.911, 40.59, 40.638, 40.62, 40.337, 40.355, 40.453, 40.76, 40.701, 40.695, 41.406, 41.999, 41.826, 42.129, 42.29, 41.829, 41.663, 42.019, 41.647, 41.493, 41.793, 42.133], [42.334, 41.536, 40.866, 41.168, 41.544, 41.549, 41.392, 41.539, 41.747, 41.583, 41.467, 41.331, 41.732, 42.006, 42.425, 43.038, 42.709, 42.724, 42.788, 42.075, 41.674, 41.711, 39.191, 34.96, 33.502, 33.186, 30.809, 28.643, 27.716, 26.905, 24.066, 20.97, 20.058, 19.723, 17.948, 14.768, 12.765, 8.789, 0.0, 9.746, 16.652, 23.054, 25.103, 30.194, 38.031, 41.213, 41.498, 42.204, 42.562, 43.06, 43.329, 43.09, 43.847, 43.906, 43.659, 43.008, 42.716, 43.384, 43.562, 43.498, 42.73, 41.955, 41.816, 41.525, 41.496, 41.574, 41.109, 41.236, 41.495, 41.472, 41.722, 41.817, 41.649, 41.456, 41.347, 41.225, 41.157, 41.253, 40.94, 40.962, 40.933, 40.636, 40.618, 40.719, 41.019, 40.983, 41.062, 41.789, 42.395, 42.223, 42.542, 42.715, 42.241, 42.049, 42.348, 41.955, 41.838, 42.091, 42.234], [44.305, 43.773, 43.478, 44.047, 44.42, 44.366, 44.196, 44.344, 44.512, 44.365, 44.3, 44.247, 44.696, 44.867, 45.066, 45.504, 45.212, 45.145, 45.22, 44.826, 44.387, 44.527, 42.505, 38.558, 37.026, 36.77, 34.13, 31.601, 30.788, 30.174, 27.816, 25.267, 24.499, 24.168, 22.496, 19.418, 17.651, 15.584, 9.746, 0.0, 10.347, 20.106, 21.681, 26.188, 35.643, 39.793, 40.137, 41.364, 42.344, 42.896, 43.109, 42.984, 43.796, 43.957, 43.844, 43.404, 43.467, 44.324, 44.54, 44.63, 44.367, 44.097, 44.019, 43.786, 44.102, 44.331, 43.844, 43.892, 44.181, 44.191, 44.402, 44.501, 44.344, 44.154, 44.099, 43.935, 43.701, 43.789, 43.513, 43.53, 43.553, 43.251, 43.1, 43.134, 43.337, 43.294, 43.753, 44.609, 45.07, 44.897, 45.183, 45.327, 44.916, 44.739, 44.965, 44.694, 44.691, 45.008, 44.21], [44.425, 43.964, 43.769, 44.458, 44.87, 44.814, 44.673, 44.87, 45.0, 44.817, 44.777, 44.752, 45.216, 45.339, 45.525, 45.955, 45.693, 45.618, 45.693, 45.411, 45.118, 45.257, 43.718, 40.456, 39.113, 38.929, 36.392, 33.941, 33.208, 32.685, 30.664, 28.531, 27.923, 27.626, 26.215, 23.803, 22.531, 20.883, 16.652, 10.347, 0.0, 13.816, 16.333, 19.963, 32.103, 37.639, 37.947, 39.586, 41.094, 41.757, 41.905, 41.793, 42.672, 42.904, 42.833, 42.479, 42.758, 43.741, 43.953, 44.079, 44.102, 44.178, 44.189, 44.011, 44.529, 44.853, 44.503, 44.539, 44.828, 44.857, 45.034, 45.129, 45.024, 44.887, 44.828, 44.647, 44.358, 44.439, 44.188, 44.193, 44.182, 43.878, 43.683, 43.679, 43.801, 43.707, 44.151, 45.071, 45.476, 45.309, 45.599, 45.736, 45.37, 45.212, 45.434, 45.199, 45.258, 45.608, 44.309], [43.649, 43.142, 42.855, 43.419, 43.738, 43.676, 43.566, 43.758, 43.825, 43.684, 43.673, 43.721, 44.243, 44.273, 44.365, 44.751, 44.602, 44.645, 44.74, 44.462, 44.204, 44.379, 43.199, 40.991, 40.27, 40.148, 38.392, 36.741, 36.121, 35.624, 33.902, 32.223, 31.834, 31.599, 30.667, 29.165, 28.385, 26.824, 23.054, 20.106, 13.816, 0.0, 7.002, 15.551, 29.301, 35.742, 36.041, 37.707, 39.469, 40.322, 40.46, 40.355, 41.357, 41.635, 41.564, 41.314, 41.648, 42.645, 42.892, 42.976, 42.942, 43.035, 43.119, 43.044, 43.497, 43.844, 43.664, 43.661, 43.926, 43.975, 44.118, 44.218, 44.196, 44.158, 44.168, 44.083, 43.936, 44.061, 43.86, 43.872, 43.805, 43.514, 43.347, 43.376, 43.398, 43.258, 43.345, 44.045, 44.457, 44.313, 44.547, 44.619, 44.256, 44.115, 44.354, 44.191, 44.243, 44.49, 43.501], [44.517, 44.106, 43.922, 44.517, 44.833, 44.751, 44.62, 44.784, 44.824, 44.705, 44.72, 44.821, 45.378, 45.421, 45.481, 45.805, 45.693, 45.709, 45.81, 45.603, 45.188, 45.403, 44.334, 42.121, 41.412, 41.337, 39.656, 38.08, 37.518, 37.085, 35.491, 33.913, 33.528, 33.289, 32.432, 31.065, 30.288, 28.831, 25.103, 21.681, 16.333, 7.002, 0.0, 14.094, 29.389, 35.969, 36.238, 37.894, 39.687, 40.547, 40.625, 40.515, 41.549, 41.883, 41.873, 41.683, 42.071, 43.112, 43.412, 43.544, 43.657, 43.891, 44.007, 44.022, 44.584, 44.975, 44.798, 44.758, 44.995, 45.05, 45.193, 45.301, 45.28, 45.242, 45.276, 45.167, 44.969, 45.095, 44.92, 44.958, 44.928, 44.664, 44.493, 44.543, 44.553, 44.389, 44.555, 45.2, 45.568, 45.44, 45.613, 45.665, 45.343, 45.211, 45.422, 45.29, 45.331, 45.547, 44.355], [45.868, 45.6, 45.625, 46.278, 46.545, 46.451, 46.346, 46.499, 46.503, 46.399, 46.445, 46.585, 47.137, 47.082, 47.04, 47.28, 47.159, 47.069, 47.139, 47.049, 46.731, 46.981, 46.346, 44.551, 43.89, 43.855, 42.269, 40.769, 40.311, 39.904, 38.656, 37.491, 37.179, 36.919, 36.121, 34.815, 34.115, 33.162, 30.194, 26.188, 19.963, 15.551, 14.094, 0.0, 21.513, 31.125, 31.711, 34.002, 36.815, 38.069, 38.092, 38.335, 39.817, 40.316, 40.456, 40.549, 41.231, 42.416, 42.825, 43.201, 43.923, 44.781, 45.018, 45.13, 46.097, 46.73, 46.762, 46.76, 46.973, 46.999, 47.122, 47.211, 47.169, 47.121, 47.137, 46.974, 46.647, 46.761, 46.569, 46.561, 46.548, 46.277, 46.074, 46.057, 45.992, 45.866, 46.284, 46.981, 47.163, 47.003, 47.114, 47.102, 46.873, 46.795, 46.994, 46.935, 47.077, 47.462, 45.719], [47.684, 47.452, 47.452, 48.034, 48.177, 47.962, 47.703, 47.68, 47.741, 47.815, 47.863, 48.081, 48.692, 48.534, 48.357, 48.531, 48.355, 48.108, 48.018, 48.207, 48.288, 48.528, 48.198, 46.992, 46.57, 46.458, 45.525, 44.797, 44.433, 44.063, 43.325, 42.664, 42.458, 42.25, 41.719, 40.795, 40.338, 39.818, 38.031, 35.643, 32.103, 29.301, 29.389, 21.513, 0.0, 15.689, 19.276, 22.852, 27.842, 30.497, 30.814, 32.203, 35.042, 35.831, 36.123, 36.793, 37.91, 39.327, 40.038, 40.677, 41.989, 43.906, 44.674, 44.801, 46.465, 48.133, 48.377, 48.422, 48.719, 48.738, 48.803, 48.86, 48.863, 48.847, 48.898, 48.749, 48.31, 48.326, 48.145, 48.117, 48.182, 47.874, 47.554, 47.628, 47.644, 47.761, 48.469, 48.981, 48.843, 48.58, 48.64, 48.478, 48.243, 48.177, 48.271, 48.347, 48.615, 49.074, 47.554], [48.641, 48.272, 48.053, 48.461, 48.554, 48.229, 47.818, 47.707, 47.804, 47.933, 47.953, 48.163, 48.804, 48.734, 48.643, 48.856, 48.647, 48.422, 48.214, 48.487, 48.814, 49.037, 48.739, 47.687, 47.36, 47.296, 46.717, 46.323, 46.055, 45.816, 45.227, 44.705, 44.553, 44.353, 43.958, 43.296, 42.936, 42.495, 41.213, 39.793, 37.639, 35.742, 35.969, 31.125, 15.689, 0.0, 9.059, 14.638, 20.021, 23.469, 24.319, 26.92, 31.137, 32.18, 32.474, 33.6, 34.929, 36.494, 37.584, 38.487, 39.978, 42.398, 43.498, 43.488, 45.497, 48.166, 48.551, 48.64, 48.985, 48.963, 48.987, 49.012, 49.031, 49.016, 49.062, 48.909, 48.467, 48.466, 48.249, 48.219, 48.372, 48.043, 47.671, 47.763, 47.817, 48.096, 48.974, 49.41, 49.249, 48.964, 49.053, 48.898, 48.672, 48.571, 48.605, 48.684, 48.929, 49.384, 48.537], [48.133, 47.724, 47.463, 47.926, 48.034, 47.658, 47.282, 47.226, 47.334, 47.478, 47.521, 47.709, 48.299, 48.276, 48.223, 48.444, 48.228, 48.054, 47.871, 48.018, 48.382, 48.612, 48.366, 47.437, 47.164, 47.16, 46.648, 46.317, 46.112, 45.895, 45.317, 44.825, 44.693, 44.509, 44.171, 43.58, 43.214, 42.759, 41.498, 40.137, 37.947, 36.041, 36.238, 31.711, 19.276, 9.059, 0.0, 9.175, 16.101, 19.5, 20.723, 23.748, 28.397, 29.656, 30.054, 31.393, 33.019, 34.871, 36.112, 37.075, 38.589, 41.062, 42.229, 42.274, 44.397, 47.303, 47.946, 48.154, 48.49, 48.472, 48.528, 48.556, 48.576, 48.559, 48.556, 48.371, 47.901, 47.887, 47.673, 47.621, 47.736, 47.432, 47.134, 47.235, 47.244, 47.497, 48.292, 48.683, 48.526, 48.211, 48.289, 48.149, 47.942, 47.851, 47.899, 47.965, 48.256, 48.746, 48.026], [46.8, 46.411, 46.143, 46.543, 46.543, 46.089, 45.706, 45.632, 45.744, 45.938, 46.002, 46.205, 46.795, 46.832, 46.809, 47.048, 46.824, 46.707, 46.554, 46.582, 47.076, 47.286, 47.17, 46.623, 46.467, 46.549, 46.415, 46.333, 46.108, 45.884, 45.333, 44.898, 44.806, 44.656, 44.45, 44.029, 43.697, 43.243, 42.204, 41.364, 39.586, 37.707, 37.894, 34.002, 22.852, 14.638, 9.175, 0.0, 9.979, 15.402, 16.725, 20.542, 26.142, 27.633, 27.997, 29.402, 31.113, 33.084, 34.406, 35.271, 36.62, 39.123, 40.434, 40.546, 42.744, 45.842, 46.578, 46.828, 47.171, 47.122, 47.168, 47.198, 47.209, 47.171, 47.121, 46.91, 46.452, 46.43, 46.234, 46.201, 46.304, 46.021, 45.797, 45.908, 45.887, 46.165, 46.878, 47.181, 47.023, 46.694, 46.79, 46.682, 46.479, 46.412, 46.502, 46.563, 46.873, 47.319, 46.682], [45.091, 44.68, 44.381, 44.684, 44.584, 44.061, 43.66, 43.598, 43.743, 43.954, 44.05, 44.246, 44.847, 45.003, 45.159, 45.525, 45.231, 45.143, 44.978, 44.811, 45.419, 45.636, 45.517, 45.284, 45.321, 45.43, 45.614, 45.829, 45.598, 45.332, 44.791, 44.432, 44.386, 44.259, 44.194, 43.984, 43.718, 43.279, 42.562, 42.344, 41.094, 39.469, 39.687, 36.815, 27.842, 20.021, 16.101, 9.979, 0.0, 8.279, 11.156, 15.792, 22.755, 24.725, 25.004, 26.563, 28.355, 30.348, 31.851, 32.737, 33.911, 36.369, 37.779, 37.897, 40.201, 43.782, 44.758, 45.051, 45.389, 45.334, 45.41, 45.43, 45.427, 45.387, 45.305, 45.098, 44.684, 44.655, 44.476, 44.483, 44.56, 44.292, 44.182, 44.303, 44.287, 44.538, 45.079, 45.308, 45.274, 44.989, 45.109, 45.03, 44.794, 44.721, 44.827, 44.834, 45.136, 45.498, 44.956], [44.935, 44.575, 44.35, 44.693, 44.586, 44.009, 43.606, 43.583, 43.752, 43.947, 44.052, 44.259, 44.858, 45.044, 45.257, 45.66, 45.337, 45.217, 45.024, 44.845, 45.464, 45.665, 45.541, 45.333, 45.393, 45.521, 45.697, 45.928, 45.798, 45.567, 45.019, 44.724, 44.713, 44.581, 44.534, 44.349, 44.097, 43.693, 43.06, 42.896, 41.757, 40.322, 40.547, 38.069, 30.497, 23.469, 19.5, 15.402, 8.279, 0.0, 6.387, 13.106, 20.353, 22.553, 22.936, 24.76, 26.929, 29.093, 30.701, 31.686, 32.991, 35.588, 37.038, 37.15, 39.615, 43.558, 44.762, 45.095, 45.441, 45.421, 45.533, 45.557, 45.543, 45.481, 45.396, 45.195, 44.729, 44.655, 44.493, 44.505, 44.581, 44.351, 44.296, 44.412, 44.385, 44.623, 45.106, 45.292, 45.297, 45.04, 45.141, 45.058, 44.832, 44.76, 44.828, 44.824, 45.173, 45.534, 44.814], [45.13, 44.84, 44.668, 44.954, 44.779, 44.177, 43.788, 43.769, 43.926, 44.141, 44.264, 44.491, 45.135, 45.281, 45.441, 45.825, 45.496, 45.333, 45.125, 44.979, 45.595, 45.768, 45.713, 45.552, 45.596, 45.726, 45.864, 46.045, 45.959, 45.795, 45.276, 45.017, 45.023, 44.876, 44.816, 44.638, 44.395, 43.987, 43.329, 43.109, 41.905, 40.46, 40.625, 38.092, 30.814, 24.319, 20.723, 16.725, 11.156, 6.387, 0.0, 9.881, 18.62, 21.076, 21.564, 23.574, 25.906, 28.133, 29.757, 30.791, 32.384, 35.311, 36.868, 37.08, 39.7, 43.784, 45.041, 45.34, 45.674, 45.649, 45.747, 45.781, 45.781, 45.724, 45.644, 45.472, 45.041, 44.974, 44.812, 44.831, 44.91, 44.687, 44.634, 44.753, 44.73, 44.942, 45.362, 45.508, 45.485, 45.228, 45.328, 45.232, 45.022, 44.966, 45.034, 45.052, 45.4, 45.745, 45.005], [44.405, 44.084, 43.866, 44.128, 43.996, 43.482, 43.164, 43.18, 43.329, 43.509, 43.631, 43.823, 44.441, 44.542, 44.678, 45.061, 44.706, 44.489, 44.297, 44.086, 44.624, 44.796, 44.784, 44.756, 44.864, 44.999, 45.169, 45.4, 45.293