[[0.0, 9.465, 18.452, 22.932, 25.297, 27.8, 30.141, 31.457, 32.121, 33.028, 33.471, 33.796, 34.713, 35.246, 35.515, 35.77, 35.906, 35.836, 34.428, 33.5, 32.984, 33.591, 36.595, 38.136, 38.14, 38.089, 37.995, 37.578, 37.539, 37.717, 37.516, 37.423, 37.13, 37.185, 37.479, 36.98, 37.615, 39.368, 39.405, 35.943, 35.0, 35.969, 36.035, 36.466, 36.813, 36.916, 36.685, 35.772, 35.391, 35.528, 35.548, 35.452, 35.002, 34.643, 34.807, 34.841, 34.297, 33.916, 33.974, 34.137, 33.914, 33.751, 33.731, 33.825, 34.311, 34.749, 34.445, 34.29, 34.161, 33.96, 33.983, 34.107, 34.212, 34.695, 34.716, 33.867, 33.851, 34.197, 34.165, 34.265, 34.613, 34.569, 34.472, 35.071, 35.477, 35.724, 36.097, 35.896, 35.789, 36.47, 36.7, 36.814, 36.514, 36.138, 36.76, 37.311, 38.644, 41.908, 43.889, 43.247, 42.843, 42.71, 41.189, 37.907, 35.221, 34.544, 34.778, 9.568], [9.465, 0.0, 11.585, 17.736, 20.492, 23.423, 26.341, 28.126, 29.075, 30.15, 30.688, 31.059, 32.143, 32.872, 33.302, 33.769, 34.064, 33.989, 32.594, 31.738, 31.455, 32.743, 36.253, 37.936, 37.918, 37.876, 37.82, 37.423, 37.356, 37.493, 37.272, 37.18, 36.888, 36.934, 37.197, 36.66, 37.34, 39.116, 39.151, 35.578, 34.481, 35.426, 35.494, 36.016, 36.428, 36.518, 36.238, 35.224, 34.751, 34.884, 34.947, 34.831, 34.339, 33.976, 34.156, 34.193, 33.659, 33.23, 33.237, 33.408, 33.215, 33.083, 33.078, 33.205, 33.734, 34.148, 33.814, 33.687, 33.532, 33.291, 33.347, 33.523, 33.673, 34.166, 34.14, 33.21, 33.185, 33.542, 33.528, 33.665, 34.046, 33.999, 33.931, 34.626, 35.09, 35.338, 35.72, 35.537, 35.455, 36.164, 36.421, 36.536, 36.206, 35.821, 36.478, 37.073, 38.492, 41.876, 43.853, 43.154, 42.75, 42.631, 41.03, 37.54, 34.707, 34.034, 34.344, 16.001], [18.452, 11.585, 0.0, 8.9, 13.46, 17.201, 21.184, 23.859, 25.339, 26.913, 27.75, 28.25, 29.7, 30.86, 31.597, 32.424, 32.926, 32.82, 31.539, 30.836, 30.705, 32.419, 36.069, 37.784, 37.808, 37.779, 37.77, 37.374, 37.238, 37.349, 37.127, 37.032, 36.749, 36.753, 36.957, 36.392, 37.006, 38.69, 38.723, 35.266, 34.222, 35.151, 35.259, 35.899, 36.339, 36.376, 36.089, 35.066, 34.513, 34.623, 34.729, 34.596, 34.105, 33.769, 33.969, 34.015, 33.461, 32.951, 32.87, 33.043, 32.897, 32.801, 32.857, 32.976, 33.468, 33.873, 33.583, 33.49, 33.306, 33.035, 33.201, 33.538, 33.655, 34.019, 33.922, 32.948, 32.859, 33.234, 33.251, 33.394, 33.788, 33.767, 33.748, 34.567, 35.118, 35.362, 35.715, 35.521, 35.432, 36.102, 36.338, 36.448, 36.097, 35.688, 36.338, 36.96, 38.341, 41.67, 43.617, 42.916, 42.529, 42.435, 40.854, 37.319, 34.506, 33.852, 34.181, 22.592], [22.932, 17.736, 8.9, 0.0, 7.4, 13.257, 17.905, 21.181, 23.06, 24.937, 26.075, 26.774, 28.595, 30.199, 31.212, 32.244, 32.782, 32.575, 31.455, 31.008, 31.145, 33.051, 36.561, 38.233, 38.295, 38.279, 38.258, 37.851, 37.669, 37.755, 37.562, 37.49, 37.235, 37.235, 37.406, 36.84, 37.369, 38.961, 39.004, 35.751, 34.665, 35.487, 35.61, 36.269, 36.699, 36.717, 36.446, 35.544, 35.066, 35.159, 35.278, 35.145, 34.661, 34.327, 34.512, 34.579, 34.081, 33.65, 33.577, 33.749, 33.652, 33.585, 33.631, 33.736, 34.173, 34.529, 34.265, 34.169, 33.967, 33.714, 33.918, 34.257, 34.29, 34.548, 34.442, 33.586, 33.504, 33.816, 33.808, 33.926, 34.286, 34.282, 34.281, 35.096, 35.652, 35.886, 36.206, 36.005, 35.912, 36.535, 36.75, 36.861, 36.522, 36.155, 36.774, 37.377, 38.668, 41.79, 43.612, 42.931, 42.562, 42.47, 40.989, 37.649, 35.064, 34.465, 34.739, 26.22], [25.297, 20.492, 13.46, 7.4, 0.0, 8.289, 14.454, 18.446, 20.729, 22.874, 24.176, 25.087, 27.349, 29.369, 30.626, 31.876, 32.501, 32.283, 31.342, 31.101, 31.544, 33.777, 37.199, 38.836, 38.939, 38.94, 38.919, 38.529, 38.362, 38.442, 38.284, 38.246, 38.021, 38.042, 38.225, 37.669, 38.117, 39.611, 39.655, 36.589, 35.4, 36.115, 36.253, 36.883, 37.272, 37.288, 37.031, 36.236, 35.845, 35.925, 36.017, 35.885, 35.416, 35.085, 35.214, 35.282, 34.89, 34.538, 34.467, 34.647, 34.629, 34.616, 34.647, 34.72, 35.107, 35.437, 35.214, 35.123, 34.911, 34.68, 34.847, 35.146, 35.168, 35.42, 35.33, 34.6, 34.551, 34.826, 34.801, 34.903, 35.243, 35.243, 35.245, 36.003, 36.527, 36.741, 37.03, 36.828, 36.735, 37.273, 37.464, 37.58, 37.245, 36.91, 37.489, 38.05, 39.255, 42.175, 43.853, 43.176, 42.831, 42.773, 41.376, 38.23, 35.89, 35.367, 35.59, 28.352], [27.8, 23.423, 17.201, 13.257, 8.289, 0.0, 8.447, 14.264, 17.339, 20.061, 21.626, 22.662, 25.403, 27.878, 29.402, 30.971, 31.81, 31.65, 30.945, 30.943, 31.616, 34.196, 37.636, 39.243, 39.369, 39.391, 39.4, 39.017, 38.886, 38.979, 38.812, 38.778, 38.576, 38.608, 38.82, 38.305, 38.706, 40.099, 40.127, 37.276, 36.058, 36.717, 36.851, 37.418, 37.793, 37.805, 37.558, 36.835, 36.484, 36.561, 36.637, 36.498, 36.036, 35.719, 35.808, 35.873, 35.572, 35.296, 35.226, 35.41, 35.475, 35.496, 35.505, 35.547, 35.9, 36.209, 36.008, 35.932, 35.755, 35.563, 35.702, 35.976, 35.988, 36.208, 36.11, 35.446, 35.417, 35.683, 35.658, 35.753, 36.074, 36.082, 36.115, 36.816, 37.29, 37.49, 37.778, 37.589, 37.493, 37.952, 38.11, 38.209, 37.897, 37.602, 38.148, 38.673, 39.794, 42.559, 44.16, 43.495, 43.183, 43.175, 41.841, 38.856, 36.719, 36.254, 36.434, 30.496], [30.141, 26.341, 21.184, 17.905, 14.454, 8.447, 0.0, 7.852, 12.709, 16.354, 18.371, 19.712, 22.995, 25.962, 27.808, 29.732, 30.782, 30.669, 30.258, 30.594, 31.522, 34.493, 38.023, 39.572, 39.665, 39.691, 39.733, 39.413, 39.34, 39.428, 39.258, 39.258, 39.074, 39.095, 39.316, 38.836, 39.216, 40.52, 40.524, 37.81, 36.515, 37.078, 37.188, 37.704, 38.092, 38.107, 37.838, 37.179, 36.896, 37.011, 37.115, 36.973, 36.479, 36.149, 36.232, 36.261, 36.044, 35.893, 35.853, 36.038, 36.16, 36.268, 36.275, 36.313, 36.684, 36.979, 36.737, 36.639, 36.514, 36.362, 36.513, 36.787, 36.745, 36.922, 36.834, 36.217, 36.2, 36.419, 36.358, 36.448, 36.704, 36.682, 36.763, 37.448, 37.868, 38.036, 38.321, 38.15, 38.053, 38.477, 38.635, 38.749, 38.509, 38.299, 38.854, 39.374, 40.476, 43.149, 44.651, 43.962, 43.673, 43.724, 42.439, 39.564, 37.56, 37.111, 37.241, 32.475], [31.457, 28.126, 23.859, 21.181, 18.446, 14.264, 7.852, 0.0, 7.168, 12.675, 15.263, 16.995, 20.935, 24.321, 26.453, 28.612, 29.764, 29.718, 29.539, 30.129, 31.352, 34.659, 38.23, 39.738, 39.789, 39.803, 39.867, 39.612, 39.6, 39.684, 39.517, 39.559, 39.387, 39.399, 39.635, 39.171, 39.527, 40.788, 40.794, 38.108, 36.668, 37.138, 37.203, 37.662, 38.056, 38.061, 37.751, 37.142, 36.965, 37.141, 37.278, 37.13, 36.61, 36.277, 36.344, 36.322, 36.109, 36.008, 35.988, 36.185, 36.344, 36.557, 36.622, 36.668, 37.058, 37.376, 37.129, 37.021, 36.927, 36.764, 36.915, 37.205, 37.155, 37.34, 37.247, 36.646, 36.635, 36.815, 36.736, 36.839, 37.054, 36.995, 37.086, 37.766, 38.174, 38.349, 38.628, 38.454, 38.35, 38.757, 38.924, 39.056, 38.876, 38.74, 39.311, 39.829, 40.949, 43.606, 45.058, 44.328, 44.021, 44.102, 42.848, 40.009, 38.023, 37.559, 37.641, 33.541], [32.121, 29.075, 25.339, 23.06, 20.729, 17.339, 12.709, 7.168, 0.0, 7.467, 11.359, 13.496, 18.203, 22.266, 24.778, 27.186, 28.467, 28.515, 28.502, 29.246, 30.73, 34.349, 38.031, 39.549, 39.591, 39.6, 39.69, 39.464, 39.464, 39.569, 39.417, 39.46, 39.285, 39.303, 39.545, 39.07, 39.385, 40.611, 40.616, 37.935, 36.421, 36.854, 36.88, 37.335, 37.746, 37.746, 37.428, 36.842, 36.754, 36.984, 37.13, 36.979, 36.444, 36.082, 36.115, 36.095, 35.896, 35.812, 35.793, 35.997, 36.151, 36.355, 36.445, 36.499, 36.901, 37.251, 37.011, 36.909, 36.826, 36.645, 36.831, 37.161, 37.126, 37.33, 37.247, 36.658, 36.632, 36.814, 36.745, 36.83, 37.032, 36.959, 37.029, 37.703, 38.122, 38.311, 38.593, 38.431, 38.329, 38.719, 38.885, 39.023, 38.871, 38.76, 39.318, 39.825, 40.961, 43.659, 45.124, 44.363, 44.039, 44.144, 42.881, 39.998, 37.972, 37.504, 37.563, 34.082], [33.028, 30.15, 26.913, 24.937, 22.874, 20.061, 16.354, 12.675, 7.467, 0.0, 5.871, 9.63, 15.137, 19.904, 22.874, 25.609, 27.093, 27.23, 27.464, 28.481, 30.234, 34.192, 38.012, 39.522, 39.564, 39.578, 39.688, 39.517, 39.516, 39.633, 39.52, 39.571, 39.4, 39.422, 39.655, 39.188, 39.492, 40.683, 40.666, 37.95, 36.395, 36.847, 36.888, 37.357, 37.791, 37.831, 37.523, 36.895, 36.796, 37.047, 37.211, 37.071, 36.521, 36.139, 36.138, 36.123, 35.985, 35.932, 35.896, 36.101, 36.254, 36.444, 36.533, 36.604, 37.021, 37.353, 37.084, 36.964, 36.864, 36.687, 36.906, 37.253, 37.219, 37.431, 37.371, 36.806, 36.785, 36.981, 36.957, 37.041, 37.218, 37.13, 37.187, 37.848, 38.251, 38.415, 38.696, 38.575, 38.482, 38.841, 39.011, 39.162, 39.023, 38.941, 39.519, 40.012, 41.151, 43.834, 45.268, 44.495, 44.172, 44.284, 43.018, 40.129, 38.104, 37.644, 37.715, 34.924], [33.471, 30.688, 27.75, 26.075, 24.176, 21.626, 18.371, 15.263, 11.359, 5.871, 0.0, 6.12, 13.379, 18.562, 21.6, 24.403, 25.961, 26.157, 26.55, 27.778, 29.635, 33.786, 37.767, 39.312, 39.356, 39.385, 39.522, 39.383, 39.387, 39.497, 39.407, 39.494, 39.336, 39.349, 39.586, 39.128, 39.466, 40.684, 40.659, 37.85, 36.228, 36.702, 36.764, 37.227, 37.674, 37.739, 37.433, 36.719, 36.537, 36.795, 36.966, 36.805, 36.254, 35.893, 35.886, 35.872, 35.734, 35.66, 35.62, 35.844, 36.014, 36.231, 36.337, 36.418, 36.847, 37.173, 36.885, 36.748, 36.628, 36.446, 36.668, 37.011, 37.004, 37.244, 37.186, 36.612, 36.601, 36.811, 36.803, 36.915, 37.102, 36.994, 37.053, 37.718, 38.109, 38.258, 38.534, 38.405, 38.293, 38.642, 38.819, 38.97, 38.806, 38.721, 39.357, 39.879, 41.042, 43.739, 45.172, 44.402, 44.097, 44.201, 42.913, 39.981, 37.932, 37.504, 37.599, 35.282], [33.796, 31.059, 28.25, 26.774, 25.087, 22.662, 19.712, 16.995, 13.496, 9.63, 6.12, 0.0, 9.279, 16.125, 19.652, 22.62, 24.326, 24.625, 25.218, 26.699, 28.627, 33.115, 37.418, 39.066, 39.141, 39.188, 39.344, 39.204, 39.215, 39.324, 39.227, 39.331, 39.181, 39.197, 39.439, 38.974, 39.349, 40.6, 40.582, 37.724, 35.997, 36.441, 36.507, 36.904, 37.333, 37.413, 37.094, 36.337, 36.141, 36.394, 36.56, 36.389, 35.84, 35.478, 35.452, 35.445, 35.319, 35.253, 35.235, 35.463, 35.637, 35.867, 35.964, 36.016, 36.451, 36.8, 36.522, 36.398, 36.271, 36.075, 36.323, 36.712, 36.725, 36.97, 36.914, 36.341, 36.324, 36.541, 36.52, 36.631, 36.839, 36.737, 36.798, 37.481, 37.873, 38.008, 38.281, 38.129, 37.993, 38.33, 38.494, 38.627, 38.431, 38.322, 38.979, 39.526, 40.712, 43.447, 44.902, 44.13, 43.819, 43.926, 42.616, 39.628, 37.58, 37.185, 37.322, 35.509], [34.713, 32.143, 29.7, 28.595, 27.349, 25.403, 22.995, 20.935, 18.203, 15.137, 13.379, 9.279, 0.0, 9.643, 15.472, 19.46, 21.635, 22.204, 23.351, 25.511, 27.746, 32.727, 37.36, 39.082, 39.184, 39.251, 39.439, 39.331, 39.352, 39.438, 39.327, 39.441, 39.304, 39.34, 39.579, 39.114, 39.495, 40.744, 40.721, 37.952, 36.281, 36.743, 36.813, 37.081, 37.438, 37.546, 37.219, 36.428, 36.208, 36.473, 36.713, 36.565, 35.989, 35.595, 35.516, 35.471, 35.384, 35.368, 35.365, 35.571, 35.71, 35.881, 35.944, 35.967, 36.36, 36.703, 36.488, 36.401, 36.282, 36.075, 36.354, 36.798, 36.847, 37.098, 37.053, 36.537, 36.559, 36.779, 36.768, 36.88, 37.084, 36.988, 37.037, 37.696, 38.04, 38.131, 38.386, 38.24, 38.1, 38.421, 38.591, 38.728, 38.537, 38.428, 39.071, 39.609, 40.775, 43.464, 44.898, 44.132, 43.801, 43.915, 42.633, 39.655, 37.649, 37.268, 37.434, 36.227], [35.246, 32.872, 30.86, 30.199, 29.369, 27.878, 25.962, 24.321, 22.266, 19.904, 18.562, 16.125, 9.643, 0.0, 8.891, 15.278, 18.384, 19.375, 21.107, 23.93, 26.622, 31.928, 36.693, 38.416, 38.483, 38.582, 38.845, 38.787, 38.858, 38.99, 38.884, 39.016, 38.906, 38.996, 39.295, 38.823, 39.199, 40.457, 40.409, 37.708, 36.314, 36.852, 36.929, 37.236, 37.601, 37.719, 37.393, 36.575, 36.338, 36.61, 36.871, 36.718, 36.126, 35.718, 35.648, 35.559, 35.413, 35.382, 35.347, 35.529, 35.618, 35.673, 35.686, 35.716, 36.107, 36.502, 36.365, 36.292, 36.194, 36.001, 36.292, 36.769, 36.856, 37.114, 37.046, 36.518, 36.507, 36.683, 36.711, 36.875, 37.089, 36.983, 37.013, 37.641, 37.974, 38.056, 38.296, 38.117, 37.929, 38.263, 38.455, 38.58, 38.411, 38.336, 39.022, 39.569, 40.735, 43.436, 44.902, 44.155, 43.819, 43.925, 42.656, 39.673, 37.621, 37.217, 37.399, 36.569], [35.515, 33.302, 31.597, 31.212, 30.626, 29.402, 27.808, 26.453, 24.778, 22.874, 21.6, 19.652, 15.472, 8.891, 0.0, 9.232, 14.334, 16.068, 18.545, 22.038, 25.198, 30.887, 35.77, 37.454, 37.485, 37.639, 38.002, 38.012, 38.131, 38.345, 38.268, 38.401, 38.332, 38.51, 38.94, 38.547, 39.001, 40.312, 40.258, 37.523, 36.232, 36.766, 36.831, 37.199, 37.604, 37.708, 37.376, 36.565, 36.353, 36.579, 36.778, 36.609, 36.037, 35.641, 35.605, 35.524, 35.349, 35.324, 35.286, 35.446, 35.54, 35.548, 35.509, 35.552, 35.973, 36.396, 36.271, 36.196, 36.11, 35.927, 36.198, 36.664, 36.747, 37.0, 36.911, 36.339, 36.289, 36.448, 36.505, 36.72, 36.969, 36.862, 36.868, 37.473, 37.829, 37.949, 38.205, 38.0, 37.781, 38.136, 38.338, 38.421, 38.232, 38.154, 38.843, 39.389, 40.53, 43.284, 44.8, 44.035, 43.637, 43.747, 42.506, 39.552, 37.529, 37.127, 37.337, 36.767], [35.77, 33.769, 32.424, 32.244, 31.876, 30.971, 29.732, 28.612, 27.186, 25.609, 24.403, 22.62, 19.46, 15.278, 9.232, 0.0, 7.402, 10.776, 14.754, 19.502, 23.238, 29.626, 34.835, 36.588, 36.617, 36.788, 37.208, 37.269, 37.428, 37.716, 37.708, 37.853, 37.793, 38.026, 38.506, 38.19, 38.811, 40.279, 40.264, 37.428, 36.11, 36.625, 36.71, 37.097, 37.505, 37.585, 37.253, 36.434, 36.183, 36.413, 36.597, 36.416, 35.866, 35.477, 35.438, 35.362, 35.167, 35.15, 35.126, 35.269, 35.356, 35.343, 35.284, 35.391, 35.858, 36.279, 36.134, 36.087, 36.038, 35.83, 36.033, 36.403, 36.437, 36.69, 36.6, 35.987, 35.898, 36.064, 36.154, 36.398, 36.65, 36.535, 36.54, 37.135, 37.522, 37.703, 37.978, 37.772, 37.574, 37.967, 38.18, 38.253, 38.055, 37.953, 38.642, 39.193, 40.384, 43.255, 44.805, 44.0, 43.558, 43.685, 42.478, 39.53, 37.468, 37.048, 37.297, 36.962], [35.906, 34.064, 32.926, 32.782, 32.501, 31.81, 30.782, 29.764, 28.467, 27.093, 25.961, 24.326, 21.635, 18.384, 14.334, 7.402, 0.0, 5.651, 12.062, 17.755, 21.798, 28.828, 34.404, 36.286, 36.307, 36.418, 36.764, 36.811, 37.017, 37.342, 37.39, 37.575, 37.511, 37.733, 38.196, 37.862, 38.583, 40.14, 40.186, 37.367, 36.056, 36.572, 36.676, 37.056, 37.436, 37.489, 37.156, 36.32, 36.045, 36.31, 36.514, 36.338, 35.801, 35.415, 35.387, 35.309, 35.086, 35.061, 35.054, 35.216, 35.288, 35.22, 35.147, 35.283, 35.754, 36.166, 36.024, 36.005, 35.954, 35.7, 35.866, 36.214, 36.226, 36.457, 36.351, 35.717, 35.563, 35.67, 35.758, 36.035, 36.294, 36.165, 36.195, 36.831, 37.232, 37.418, 37.685, 37.467, 37.296, 37.726, 37.949, 38.044, 37.855, 37.746, 38.44, 38.99, 40.266, 43.241, 44.812, 43.995, 43.543, 43.651, 42.432, 39.456, 37.352, 36.938, 37.208, 36.995], [35.836, 33.989, 32.82, 32.575, 32.283, 31.65, 30.669, 29.718, 28.515, 27.23, 26.157, 24.625, 22.204, 19.375, 16.068, 10.776, 5.651, 0.0, 9.649, 16.642, 20.808, 28.303, 34.198, 36.194, 36.23, 36.317, 36.61, 36.637, 36.846, 37.156, 37.192, 37.388, 37.317, 37.51, 37.947, 37.588, 38.334, 39.969, 40.055, 37.184, 35.738, 36.22, 36.326, 36.719, 37.097, 37.148, 36.824, 36.011, 35.77, 36.059, 36.264, 36.096, 35.564, 35.175, 35.156, 35.082, 34.879, 34.89, 34.914, 35.105, 35.192, 35.098, 34.994, 35.135, 35.609, 36.004, 35.866, 35.865, 35.796, 35.514, 35.696, 36.062, 36.063, 36.285, 36.16, 35.513, 35.352, 35.432, 35.517, 35.812, 36.082, 35.956, 35.986, 36.636, 37.046, 37.225, 37.496, 37.262, 37.08, 37.52, 37.748, 37.855, 37.639, 37.493, 38.188, 38.755, 40.083, 43.121, 44.717, 43.897, 43.467, 43.557, 42.298, 39.283, 37.157, 36.735, 37.003, 36.912], [34.428, 32.594, 31.539, 31.455, 31.342, 30.945, 30.258, 29.539, 28.502, 27.464, 26.55, 25.218, 23.351, 21.107, 18.545, 14.754, 12.062, 9.649, 0.0, 9.71, 15.191, 23.876, 31.596, 34.144, 34.169, 34.288, 34.659, 34.725, 35.057, 35.491, 35.483, 35.637, 35.571, 35.827, 36.365, 36.056, 37.036, 38.945, 39.056, 35.699, 34.215, 34.836, 35.15, 35.81, 36.211, 36.241, 35.873, 34.884, 34.524, 34.781, 34.941, 34.764, 34.198, 33.767, 33.79, 33.742, 33.477, 33.419, 33.473, 33.702, 33.683, 33.44, 33.322, 33.485, 34.011, 34.458, 34.264, 34.276, 34.215, 33.875, 34.085, 34.493, 34.497, 34.769, 34.61, 33.821, 33.68, 33.846, 33.925, 34.197, 34.497, 34.347, 34.371, 35.107, 35.598, 35.851, 36.171, 35.908, 35.711, 36.245, 36.484, 36.584, 36.285, 36.036, 36.785, 37.407, 38.83, 42.188, 44.006, 43.208, 42.833, 42.901, 41.489, 38.189, 35.73, 35.19, 35.462, 35.526], [33.5, 31.738, 30.836, 31.008, 31.101, 30.943, 30.594, 30.129, 29.246, 28.481, 27.778, 26.699, 25.511, 23.93, 22.038, 19.502, 17.755, 16.642, 9.71, 0.0, 8.504, 18.941, 28.257, 31.475, 31.591, 31.737, 32.233, 32.457, 32.999, 33.643, 33.706, 33.889, 33.835, 34.118, 34.705, 34.373, 35.54, 37.704, 37.824, 34.361, 33.306, 34.115, 34.562, 35.413, 35.768, 35.766, 35.388, 34.257, 33.791, 33.956, 34.013, 33.859, 33.348, 32.914, 32.982, 32.982, 32.653, 32.434, 32.458, 32.712, 32.572, 32.289, 32.278, 32.446, 33.018, 33.536, 33.303, 33.269, 33.149, 32.775, 33.009, 33.475, 33.526, 33.841, 33.664, 32.724, 32.53, 32.768, 32.871, 33.076, 33.352, 33.168, 33.182, 33.992, 34.515, 34.815, 35.17, 34.924, 34.805, 35.453, 35.695, 35.771, 35.421, 35.128, 35.92, 36.566, 38.032, 41.54, 43.496, 42.734, 42.386, 42.418, 40.923, 37.462, 34.734, 34.087, 34.374, 34.525], [32.984, 31.455, 30.705, 31.145, 31.544, 31.616, 31.522, 31.352, 30.73, 30.234, 29.635, 28.627, 27.746, 26.622, 25.198, 23.238, 21.798, 20.808, 15.191, 8.504, 0.0, 14.091, 26.017, 29.817, 30.045, 30.268, 30.823, 31.097, 31.746, 32.505, 32.579, 32.743, 32.669, 32.923, 33.519, 33.214, 34.541, 36.883, 37.076, 33.49, 32.707, 33.734, 34.245, 35.191, 35.514, 35.472, 35.089, 33.809, 33.14, 33.205, 33.245, 33.119, 32.62, 32.18, 32.299, 32.319, 31.908, 31.514, 31.481, 31.775, 31.498, 31.109, 31.139, 31.301, 31.938, 32.542, 32.287, 32.262, 32.127, 31.731, 32.012, 32.526, 32.545, 32.858, 32.658, 31.561, 31.324, 31.659, 31.8, 31.991, 32.274, 32.082, 32.124, 33.009, 33.552, 33.859, 34.24, 34.018, 33.942, 34.678, 34.946, 35.028, 34.61, 34.203, 35.01, 35.67, 37.256, 41.076, 43.256, 42.518, 42.175, 42.17, 40.557, 36.814, 33.721, 32.942, 33.257, 33.677], [33.591, 32.743, 32.419, 33.051, 33.777, 34.196, 34.493, 34.659, 34.349, 34.192, 33.786, 33.115, 32.727, 31.928, 30.887, 29.626, 28.828, 28.303, 23.876, 18.941, 14.091, 0.0, 16.137, 22.441, 23.371, 23.92, 25.038, 25.972, 27.152, 28.383, 28.779, 29.147, 29.36, 29.791, 30.407, 30.127, 31.665, 34.33, 34.903, 32.498, 32.992, 34.121, 34.844, 35.875, 36.085, 35.989, 35.645, 34.424, 33.667, 33.571, 33.512, 33.366, 32.971, 32.652, 32.742, 32.725, 32.356, 31.953, 31.922, 32.182, 31.938, 31.826, 31.957, 32.137, 32.779, 33.309, 33.001, 32.886, 32.677, 32.259, 32.497, 33.067, 33.16, 33.463, 33.308, 32.147, 31.816, 32.193, 32.352, 32.489, 32.704, 32.553, 32.655, 33.522, 33.988, 34.291, 34.67, 34.481, 34.409, 35.076, 35.314, 35.357, 34.99, 34.651, 35.42, 36.075, 37.558, 41.192, 43.344, 42.634, 42.261, 42.175, 40.608, 37.025, 33.929, 33.037, 33.348, 33.671], [36.595, 36.253, 36.069, 36.561, 37.199, 37.636, 38.023, 38.23, 38.031, 38.012, 37.767, 37.418, 37.36, 36.693, 35.77, 34.835, 34.404, 34.198, 31.596, 28.257, 26.017, 16.137, 0.0, 9.861, 13.055, 14.468, 17.018, 19.913, 22.111, 24.034, 25.255, 26.216, 26.896, 27.464, 28.043, 28.101, 29.672, 32.152, 33.036, 33.072, 35.441, 36.409, 37.237, 38.126, 38.136, 38.056, 37.792, 36.909, 36.396, 36.29, 36.143, 36.0, 35.825, 35.68, 35.674, 35.69, 35.54, 35.355, 35.37, 35.493, 35.445, 35.769, 36.077, 36.279, 36.804, 37.162, 36.839, 36.605, 36.34, 35.974, 36.148, 36.64, 36.748, 37.007, 36.985, 36.039, 35.528, 35.743, 35.879, 35.971, 36.083, 35.965, 36.035, 36.685, 37.008, 37.217, 37.51, 37.326, 37.191, 37.576, 37.753, 37.75, 37.589, 37.594, 38.241, 38.837, 40.024, 42.763, 44.433, 43.785, 43.378, 43.248, 42.06, 39.282, 36.9, 36.172, 36.352, 36.313], [38.136, 37.936, 37.784, 38.233, 38.836, 39.243, 39.572, 39.738, 39.549, 39.522, 39.312, 39.066, 39.082, 38.416, 37.454, 36.588, 36.286, 36.194, 34.144, 31.475, 29.817, 22.441, 9.861, 0.0, 5.612, 8.657, 12.179, 16.668, 19.737, 22.083, 23.705, 24.904, 25.709, 26.262, 27.033, 27.749, 29.602, 31.899, 32.724, 33.498, 36.641, 37.59, 38.467, 39.421, 39.377, 39.318, 39.087, 38.304, 37.845, 37.709, 37.541, 37.406, 37.268, 37.141, 37.118, 37.147, 37.067, 36.971, 37.015, 37.098, 37.099, 37.454, 37.814, 38.053, 38.533, 38.846, 38.522, 38.277, 38.031, 37.723, 37.89, 38.322, 38.386, 38.594, 38.623, 37.792, 37.243, 37.394, 37.516, 37.626, 37.733, 37.607, 37.668, 38.238, 38.529, 38.725, 39.003, 38.831, 38.643, 38.885, 39.039, 39.055, 38.948, 39.047, 39.621, 40.175, 41.326, 43.853, 45.362, 44.747, 44.331, 44.216, 43.164, 40.59, 38.421, 37.753, 37.855, 37.79], [38.14, 37.918, 37.808, 38.295, 38.939, 39.369, 39.665, 39.789, 39.591, 39.564, 39.356, 39.141, 39.184, 38.483, 37.485, 36.617, 36.307, 36.23, 34.169, 31.591, 30.045, 23.371, 13.055, 5.612, 0.0, 4.882, 10.009, 15.542, 19.059, 21.465, 23.107, 24.378, 25.197, 25.728, 26.632, 27.658, 29.75, 32.106, 32.834, 33.384, 36.554, 37.568, 38.462, 39.479, 39.467, 39.43, 39.195, 38.372, 37.884, 37.762, 37.627, 37.49, 37.329, 37.201, 37.191, 37.2, 37.114, 37.023, 37.054, 37.136, 37.114, 37.377, 37.717, 37.971, 38.433, 38.738, 38.393, 38.166, 37.97, 37.657, 37.824, 38.289, 38.358, 38.534, 38.549, 37.715, 37.151, 37.288, 37.413, 37.544, 37.653, 37.52, 37.59, 38.164, 38.471, 38.683, 38.969, 38.793, 38.593, 38.845, 39.006, 39.045, 38.952, 39.048, 39.631, 40.181, 41.369, 43.972, 45.501, 44.885, 44.452, 44.324, 43.252, 40.605, 38.387, 37.72, 37.809, 37.84], [38.089, 37.876, 37.779, 38.279, 38.94, 39.391, 39.691, 39.803, 39.6, 39.578, 39.385, 39.188, 39.251, 38.582, 37.639, 36.788, 36.418, 36.317, 34.288, 31.737, 30.268, 23.92, 14.468, 8.657, 4.882, 0.0, 6.969, 14.072, 18.168, 20.704, 22.465, 23.849, 24.701, 25.212, 26.11, 27.221, 29.476, 31.971, 32.717, 33.217, 36.442, 37.51, 38.439, 39.493, 39.509, 39.478, 39.256, 38.444, 37.964, 37.864, 37.741, 37.607, 37.444, 37.318, 37.32, 37.33, 37.2, 37.058, 37.059, 37.136, 37.113, 37.335, 37.628, 37.852, 38.291, 38.599, 38.269, 38.041, 37.846, 37.542, 37.703, 38.205, 38.307, 38.467, 38.459, 37.633, 37.087, 37.227, 37.35, 37.464, 37.556, 37.425, 37.498, 38.068, 38.385, 38.611, 38.897, 38.713, 38.525, 38.787, 38.945, 38.988, 38.904, 38.994, 39.566, 40.106, 41.296, 43.915, 45.467, 44.863, 44.432, 44.28, 43.183, 40.558, 38.35, 37.666, 37.742, 37.795], [37.995, 37.82, 37.77, 38.258, 38.919, 39.4, 39.733, 39.867, 39.69, 39.688, 39.522, 39.344, 39.439, 38.845, 38.002, 37.208, 36.764, 36.61, 34.659, 32.233, 30.823, 25.038, 17.018, 12.179, 10.009, 6.969, 0.0, 9.232, 15.058, 18.288, 20.285, 21.847, 22.801, 23.303, 24.23, 25.542, 28.101, 30.879, 31.784, 32.46, 36.007, 37.162, 38.194, 39.381, 39.428, 39.406, 39.193, 38.421, 37.977, 37.862, 37.721, 37.579, 37.389, 37.266, 37.286, 37.287, 37.101, 36.909, 36.893, 36.971, 36.946, 37.147, 37.432, 37.639, 38.064, 38.376, 38.063, 37.848, 37.646, 37.366, 37.525, 38.041, 38.156, 38.303, 38.283, 37.488, 36.999, 37.139, 37.228, 37.327, 37.422, 37.3, 37.392, 37.969, 38.276, 38.498, 38.783, 38.592, 38.41, 38.668, 38.803, 38.833, 38.732, 38.8, 39.325, 39.841, 41.054, 43.714, 45.288, 44.689, 44.261, 44.106, 42.989, 40.415, 38.247, 37.541, 37.602, 37.686], [37.578, 37.423, 37.374, 37.851, 38.529, 39.017, 39.413, 39.612, 39.464, 39.517, 39.383, 39.204, 39.331, 38.787, 38.012, 37.269, 36.811, 36.637, 34.725, 32.457, 31.097, 25.972, 19.913, 16.668, 15.542, 14.072, 9.232, 0.0, 8.15, 13.4, 16.094, 17.92, 19.095, 19.694, 20.691, 22.293, 25.359, 28.611, 29.854, 30.943, 34.918, 36.15, 37.373, 38.838, 38.93, 38.914, 38.679, 37.914, 37.529, 37.444, 37.307, 37.14, 36.916, 36.794, 36.848, 36.843, 36.564, 36.306, 36.273, 36.356, 36.288, 36.434, 36.722, 36.945, 37.381, 37.703, 37.391, 37.213, 37.035, 36.737, 36.881, 37.415, 37.562, 37.731, 37.7, 36.933, 36.542, 36.721, 36.797, 36.919, 37.067, 36.958, 37.046, 37.631, 37.911, 38.108, 38.409, 38.199, 37.981, 38.261, 38.383, 38.39, 38.244, 38.236, 38.736, 39.224, 40.457, 43.212, 44.828, 44.207, 43.762, 43.598, 42.431, 39.848, 37.667, 36.952, 37.056, 37.208], [37.539, 37.356, 37.238, 37.669, 38.362, 38.886, 39.34, 39.6, 39.464, 39.516, 39.387, 39.215, 39.352, 38.858, 38.131, 37.428, 37.017, 36.846, 35.057, 32.999, 31.746, 27.152, 22.111, 19.737, 19.059, 18.168, 15.058, 8.15, 0.0, 7.474, 12.269, 14.884, 16.282, 17.121, 18.277, 20.145, 23.55, 27.04, 28.466, 29.973, 34.181, 35.361, 36.646, 38.263, 38.382, 38.386, 38.16, 37.41, 37.131, 37.14, 37.049, 36.87, 36.632, 36.518, 36.583, 36.609, 36.358, 36.128, 36.12, 36.199, 36.147, 36.307, 36.513, 36.723, 37.171, 37.471, 37.148, 36.957, 36.788, 36.481, 36.615, 37.168, 37.338, 37.539, 37.502, 36.752, 36.413, 36.62, 36.706, 36.838, 37.034, 36.96, 37.027, 37.602, 37.862, 38.018, 38.334, 38.127, 37.885, 38.176, 38.323, 38.36, 38.207, 38.163, 38.675, 39.175, 40.425, 43.204, 44.831, 44.173, 43.69, 43.491, 42.29, 39.711, 37.528, 36.828, 36.995, 37.139], [37.717, 37.493, 37.349, 37.755, 38.442, 38.979, 39.428, 39.684, 39.569, 39.633, 39.497, 39.324, 39.438, 38.99, 38.345, 37.716, 37.342, 37.156, 35.491, 33.643, 32.505, 28.383, 24.034, 22.083, 21.465, 20.704, 18.288, 13.4, 7.474, 0.0, 7.315, 11.811, 13.758, 14.848, 16.469, 18.94, 22.612, 26.148, 27.612, 29.338, 33.669, 34.845, 36.148, 37.838, 38.031, 38.09, 37.895, 37.181, 36.949, 36.99, 36.951, 36.803, 36.555, 36.448, 36.524, 36.576, 36.387, 36.22, 36.234, 36.309, 36.284, 36.447, 36.593, 36.779, 37.247, 37.536, 37.198, 37.004, 36.845, 36.518, 36.64, 37.19, 37.353, 37.548, 37.496, 36.773, 36.447, 36.616, 36.695, 36.845, 37.055, 37.005, 37.066, 37.621, 37.883, 38.013, 38.332, 38.133, 37.874, 38.184, 38.374, 38.455, 38.329, 38.309, 38.848, 39.385, 40.678, 43.453, 45.068, 44.381, 43.863, 43.647, 42.432, 39.85, 37.679, 36.982, 37.145, 37.317], [37.516, 37.272, 37.127, 37.562, 38.284, 38.812, 39.258, 39.517, 39.417, 39.52, 39.407, 39.227, 39.327, 38.884, 38.268, 37.708, 37.39, 37.192, 35.483, 33.706, 32.579, 28.779, 25.255, 23.705, 23.107, 22.465, 20.285, 16.094, 12.269, 7.315, 0.0, 6.344, 9.83, 11.469, 13.876, 17.301, 21.337, 24.949, 26.389, 28.189, 32.784, 34.086, 35.485, 37.315, 37.604, 37.697, 37.524, 36.858, 36.655, 36.701, 36.697, 36.619, 36.367, 36.231, 36.327, 36.376, 36.174, 36.015, 36.035, 36.12, 36.05, 36.104, 36.227, 36.43, 36.927, 37.222, 36.882, 36.745, 36.631, 36.29, 36.402, 36.907, 37.02, 37.181, 37.098, 36.335, 36.005, 36.18, 36.276, 36.457, 36.69, 36.666, 36.747, 37.329, 37.635, 37.786, 38.114, 37.892, 37.592, 37.912, 38.114, 38.209, 38.099, 38.091, 38.649, 39.197, 40.522, 43.356, 44.988, 44.276, 43.741, 43.535, 42.315, 39.669, 37.41, 36.658, 36.77, 37.148], [37.423, 37.18, 37.032, 37.49, 38.246, 38.778, 39.258, 39.559, 39.46, 39.571, 39.494, 39.331, 39.441, 39.016, 38.401, 37.853, 37.575, 37.388, 35.637, 33.889, 32.743, 29.147, 26.216, 24.904, 24.378, 23.849, 21.847, 17.92, 14.884, 11.811, 6.344, 0.0, 5.121, 8.201, 11.535, 15.697, 20.125, 23.859, 25.274, 27.107, 31.979, 33.424, 34.938, 36.95, 37.328, 37.433, 37.281, 36.652, 36.484, 36.565, 36.568, 36.548, 36.344, 36.208, 36.308, 36.35, 36.132, 35.978, 36.005, 36.104, 35.994, 35.965, 36.079, 36.302, 36.812, 37.094, 36.741, 36.623, 36.553, 36.247, 36.363, 36.829, 36.888, 37.034, 36.959, 36.173, 35.864, 36.092, 36.202, 36.376, 36.617, 36.61, 36.69, 37.293, 37.634, 37.802, 38.135, 37.905, 37.585, 37.897, 38.082, 38.154, 38.033, 38.022, 38.581, 39.114, 40.447, 43.337, 44.998, 44.267, 43.707, 43.495, 42.277, 39.589, 37.278, 36.497, 36.581, 37.09], [37.13, 36.888, 36.749, 37.235, 38.021, 38.576, 39.074, 39.387, 39.285, 39.4, 39.336, 39.181, 39.304, 38.906, 38.332, 37.793, 37.511, 37.317, 35.571, 33.835, 32.669, 29.36, 26.896, 25.709, 25.197, 24.701, 22.801, 19.095, 16.282, 13.758, 9.83, 5.121, 0.0, 4.786, 9.525, 14.212, 19.044, 22.971, 24.353, 26.106, 31.198, 32.758, 34.306, 36.452, 36.912, 37.017, 36.86, 36.205, 36.024, 36.138, 36.151, 36.152, 36.0, 35.893, 36.011, 36.043, 35.818, 35.661, 35.694, 35.814, 35.68, 35.635, 35.772, 35.999, 36.522, 36.81, 36.427, 36.291, 36.22, 35.933, 36.064, 36.529, 36.602, 36.766, 36.696, 35.914, 35.649, 35.91, 36.015, 36.172, 36.409, 36.381, 36.437, 37.058, 37.428, 37.602, 37.946, 37.73, 37.415, 37.744, 37.925, 37.966, 37.809, 37.779, 38.338, 38.873, 40.24, 43.208, 44.919, 44.175, 43.592, 43.385, 42.155, 39.379, 36.987, 36.192, 36.285, 36.8], [37.185, 36.934, 36.753, 37.235, 38.042, 38.608, 39.095, 39.399, 39.303, 39.422, 39.349, 39.197, 39.34, 38.996, 38.51, 38.026, 37.733, 37.51, 35.827, 34.118, 32.923, 29.791, 27.464, 26.262, 25.728, 25.212, 23.303, 19.694, 17.121, 14.848, 11.469, 8.201, 4.786, 0.0, 6.307, 12.519, 18.054, 22.237, 23.662, 25.493, 30.939, 32.59, 34.145, 36.364, 36.868, 36.987, 36.842, 36.168, 35.993, 36.146, 36.178, 36.197, 36.037, 35.93, 36.085, 36.108, 35.875, 35.71, 35.735, 35.869, 35.709, 35.646, 35.811, 36.034, 36.536, 36.821, 36.436, 36.284, 36.191, 35.899, 36.025, 36.483, 36.579, 36.755, 36.677, 35.901, 35.641, 35.892, 36.003, 36.163, 36.403, 36.362, 36.396, 37.037, 37.436, 37.62, 37.974, 37.768, 37.43, 37.733, 37.906, 37.941, 37.779, 37.745, 38.29, 38.813, 40.184, 43.156, 44.882, 44.144, 43.574, 43.394, 42.182, 39.404, 37.015, 36.23, 36.322, 36.834], [37.479, 37.197, 36.957, 37.406, 38.225, 38.82, 39.316, 39.635, 39.545, 39.655, 39.586, 39.439, 39.579, 39.295, 38.94, 38.506, 38.196, 37.947, 36.365, 34.705, 33.519, 30.407, 28.043, 27.033, 26.632, 26.11, 24.23, 20.691, 18.277, 16.469, 13.876, 11.535, 9.525, 6.307, 0.0, 8.313, 15.52, 20.494, 22.266, 24.484, 30.528, 32.344, 33.988, 36.326, 36.924, 37.12, 37.004, 36.368, 36.286, 36.533, 36.579, 36.589, 36.406, 36.282, 36.438, 36.468, 36.235, 36.069, 36.093, 36.224, 36.04, 35.976, 36.15, 36.363, 36.844, 37.13, 36.764, 36.596, 36.476, 36.169, 36.285, 36.76, 36.887, 37.084, 37.012, 36.271, 36.008, 36.226, 36.345, 36.502, 36.727, 36.681, 36.674, 37.283, 37.671, 37.852, 38.206, 38.007, 37.661, 37.958, 38.134, 38.146, 37.968, 37.932, 38.477, 38.975, 40.29, 43.197, 44.905, 44.193, 43.672, 43.526, 42.328, 39.599, 37.318, 36.571, 36.667, 37.126], [36.98, 36.66, 36.392, 36.84, 37.669, 38.305, 38.836, 39.171, 39.07, 39.188, 39.128, 38.974, 39.114, 38.823, 38.547, 38.19, 37.862, 37.588, 36.056, 34.373, 33.214, 30.127, 28.101, 27.749, 27.658, 27.221, 25.542, 22.293, 20.145, 18.94, 17.301, 15.697, 14.212, 12.519, 8.313, 0.0, 9.495, 16.626, 19.119, 21.828, 28.631, 30.656, 32.524, 35.119, 35.862, 36.154, 36.061, 35.468, 35.503, 35.88, 35.966, 35.966, 35.79, 35.673, 35.825, 35.866, 35.619, 35.455, 35.503, 35.64, 35.476, 35.493, 35.626, 35.809, 36.322, 36.632, 36.263, 36.067, 35.894, 35.569, 35.707, 36.264, 36.508, 36.784, 36.716, 35.956, 35.73, 35.979, 36.114, 36.243, 36.446, 36.394, 36.315, 36.861, 37.224, 37.411, 37.779, 37.603, 37.328, 37.722, 37.918, 37.893, 37.651, 37.572, 38.171, 38.687, 39.977, 42.937, 44.67, 43.946, 43.477, 43.358, 42.091, 39.228, 36.858, 36.102, 36.257, 36.632], [37.615, 37.34, 37.006, 37.369, 38.117, 38.706, 39.216, 39.527, 39.385, 39.492, 39.466, 39.349, 39.495, 39.199, 39.001, 38.811, 38.583, 38.334, 37.036, 35.54, 34.541, 31.665, 29.672, 29.602, 29.75, 29.476, 28.101, 25.359, 23.55, 22.612, 21.337, 20.125, 19.044, 18.054, 15.52, 9.495, 0.0, 9.573, 13.879, 18.885, 27.211, 29.371, 31.62, 34.585, 35.441, 35.848, 35.862, 35.452, 35.7, 36.192, 36.343, 36.399, 36.311, 36.268, 36.406, 36.461, 36.297, 36.197, 36.242, 36.365, 36.317, 36.464, 36.566, 36.715, 37.19, 37.441, 37.059, 36.827, 36.618, 36.309, 36.411, 36.949, 37.217, 37.538, 37.549, 36.884, 36.681, 36.96, 37.129, 37.216, 37.369, 37.349, 37.224, 37.67, 37.996, 38.174, 38.517, 38.394, 38.217, 38.624, 38.823, 38.8, 38.591, 38.581, 39.191, 39.71, 40.903, 43.644, 45.24, 44.517, 44.074, 43.963, 42.742, 39.983, 37.723, 36.99, 37.12, 37.221], [39.368, 39.116, 38.69, 38.961, 39.611, 40.099, 40.52, 40.788, 40.611, 40.683, 40.684, 40.6, 40.744, 40.457, 40.312, 40.279, 40.14, 39.969, 38.945, 37.704, 36.883, 34.33, 32.152, 31.899, 32.106, 31.971, 30.879, 28.611, 27.04, 26.148, 24.949, 23.859, 22.971, 22.237, 20.494, 16.626, 9.573, 0.0, 7.962, 17.945, 27.689, 29.876, 32.44, 35.675, 36.607, 37.075, 37.173, 36.941, 37.305, 37.797, 37.964, 38.082, 38.084, 38.089, 38.179, 38.209, 38.127, 38.07, 38.077, 38.171, 38.183, 38.402, 38.535, 38.658, 39.032, 39.239, 38.903, 38.654, 38.442, 38.16, 38.236, 38.704, 38.917, 39.188, 39.252, 38.755, 38.53, 38.764, 38.93, 38.999, 39.098, 39.082, 38.994, 39.41, 39.68, 39.825, 40.139, 40.053, 39.918, 40.288, 40.481, 40.453, 40.305, 40.344, 40.853, 41.308, 42.366, 44.79, 46.216, 45.535, 45.084, 44.977, 43.892, 41.432, 39.494, 38.837, 38.929, 38.939], [39.405, 39.151, 38.723, 39.004, 39.655, 40.127, 40.524, 40.794, 40.616, 40.666, 40.659, 40.582, 40.721, 40.409, 40.258, 40.264, 40.186, 40.055, 39.056, 37.824, 37.076, 34.903, 33.036, 32.724, 32.834, 32.717, 31.784, 29.854, 28.466, 27.612, 26.389, 25.274, 24.353, 23.662, 22.266, 19.119, 13.879, 7.962, 0.0, 14.756, 26.75, 29.248, 32.037, 35.551, 36.534, 36.97, 37.091, 36.893, 37.231, 37.693, 37.826, 37.979, 38.026, 38.055, 38.141, 38.181, 38.082, 37.997, 37.989, 38.08, 38.123, 38.317, 38.448, 38.583, 38.96, 39.2, 38.921, 38.694, 38.511, 38.237, 38.306, 38.744, 38.918, 39.183, 39.222, 38.679, 38.428, 38.686, 38.855, 38.891, 38.981, 38.982, 38.933, 39.395, 39.694, 39.872, 40.2, 40.104, 39.957, 40.33, 40.525, 40.494, 40.337, 40.344, 40.832, 41.283, 42.318, 44.744, 46.24, 45.615, 45.135, 45.006, 43.943, 41.497, 39.535, 38.821, 38.88, 39.04], [35.943, 35.578, 35.266, 35.751, 36.589, 37.276, 37.81, 38.108, 37.935, 37.95, 37.85, 37.724, 37.952, 37.708, 37.523, 37.428, 37.367, 37.184, 35.699, 34.361, 33.49, 32.498, 33.072, 33.498, 33.384, 33.217, 32.46, 30.943, 29.973, 29.338, 28.189, 27.107, 26.106, 25.493, 24.484, 21.828, 18.885, 17.945, 14.756, 0.0, 16.536, 21.484, 24.743, 29.432, 31.118, 31.865, 32.151, 31.897, 32.417, 33.306, 33.676, 33.875, 33.967, 34.066, 34.25, 34.357, 34.285, 34.185, 34.175, 34.314, 34.307, 34.372, 34.439, 34.679, 35.199, 35.458, 35.136, 35.018, 34.91, 34.618, 34.763, 35.286, 35.5, 35.885, 35.827, 35.001, 34.82, 35.214, 35.378, 35.439, 35.652, 35.632, 35.574, 36.231, 36.731, 37.017, 37.384, 37.245, 37.056, 37.531, 37.772, 37.83, 37.535, 37.235, 37.811, 38.387, 39.697, 42.853, 44.831, 44.183, 43.676, 43.523, 42.157, 39.023, 36.386, 35.468, 35.614, 35.791], [35.0, 34.481, 34.222, 34.665, 35.4, 36.058, 36.515, 36.668, 36.421, 36.395, 36.228, 35.997, 36.281, 36.314, 36.232, 36.11, 36.056, 35.738, 34.215, 33.306, 32.707, 32.992, 35.441, 36.641, 36.554, 36.442, 36.007, 34.918, 34.181, 33.669, 32.784, 31.979, 31.198, 30.939, 30.528, 28.631, 27.211, 27.689, 26.75, 16.536, 0.0, 9.104, 14.147, 20.224, 23.499, 25.243, 26.035, 26.292, 27.783, 29.462, 30.242, 30.614, 30.848, 31.088, 31.232, 31.419, 31.878, 32.238, 32.404, 32.597, 32.896, 33.526, 33.697, 33.943, 34.419, 34.524, 34.156, 34.054, 33.916, 33.629, 33.822, 34.412, 34.672, 35.136, 35.072, 34.271, 34.258, 34.629, 34.675, 34.727, 34.989, 34.911, 34.843, 35.526, 36.058, 36.363, 36.705, 36.552, 36.441, 36.996, 37.257, 37.415, 37.111, 36.609, 37.202, 37.842, 39.129, 42.423, 44.458, 43.744, 43.273, 43.096, 41.58, 38.311, 35.656, 34.831, 35.122, 35.106], [35.969, 35.426, 35.151, 35.487, 36.115, 36.717, 37.078, 37.138, 36.854, 36.847, 36.702, 36.441, 36.743, 36.852, 36.766, 36.625, 36.572, 36.22, 34.836, 34.115, 33.734, 34.121, 36.409, 37.59, 37.568, 37.51, 37.162, 36.15, 35.361, 34.845, 34.086, 33.424, 32.758, 32.59, 32.344, 30.656, 29.371, 29.876, 29.248, 21.484, 9.104, 0.0, 8.939, 17.183, 21.009, 23.044, 24.013, 24.708, 26.823, 28.764, 29.604, 29.962, 30.168, 30.416, 30.506, 30.708, 31.582, 32.41, 32.847, 33.101, 33.546, 34.578, 34.909, 35.152, 35.571, 35.599, 35.214, 35.056, 34.864, 34.568, 34.733, 35.341, 35.63, 36.081, 36.039, 35.313, 35.324, 35.659, 35.693, 35.762, 36.034, 35.933, 35.809, 36.442, 36.917, 37.198, 37.544, 37.393, 37.284, 37.819, 38.061, 38.218, 37.984, 37.551, 38.107, 38.719, 39.897, 42.987, 44.891, 44.142, 43.642, 43.448, 41.99, 38.894, 36.473, 35.717, 36.004, 36.127], [36.035, 35.494, 35.259, 35.61, 36.253, 36.851, 37.188, 37.203, 36.88, 36.888, 36.764, 36.507, 36.813, 36.929, 36.831, 36.71, 36.676, 36.326, 35.15, 34.562, 34.245, 34.844, 37.237, 38.467, 38.462, 38.439, 38.194, 37.373, 36.646, 36.148, 35.485, 34.938, 34.306, 34.145, 33.988, 32.524, 31.62, 32.44, 32.037, 24.743, 14.147, 8.939, 0.0, 11.361, 17.319, 19.983, 21.318, 22.543, 25.277, 27.584, 28.521, 28.905, 29.167, 29.477, 29.591, 29.761, 30.801, 31.951, 32.586, 32.905, 33.422, 34.623, 35.067, 35.359, 35.772, 35.765, 35.374, 35.207, 35.001, 34.723, 34.881, 35.467, 35.76, 36.192, 36.121, 35.393, 35.445, 35.79, 35.814, 35.897, 36.194, 36.074, 35.932, 36.571, 37.052, 37.334, 37.683, 37.523, 37.411, 37.94, 38.155, 38.282, 38.066, 37.678, 38.241, 38.827, 39.963, 43.036, 44.955, 44.195, 43.666, 43.468, 42.042, 38.958, 36.54, 35.787, 36.085, 36.242], [36.466, 36.016, 35.899, 36.269, 36.883, 37.418, 37.704, 37.662, 37.335, 37.357, 37.227, 36.904, 37.081, 37.236, 37.199, 37.097, 37.056, 36.719, 35.81, 35.413, 35.191, 35.875, 38.126, 39.421, 39.479, 39.493, 39.381, 38.838, 38.263, 37.838, 37.315, 36.95, 36.452, 36.364, 36.326, 35.119, 34.585, 35.675, 35.551, 29.432, 20.224, 17.183, 11.361, 0.0, 9.75, 14.794, 17.13, 19.452, 23.195, 25.973, 27.189, 27.815, 28.374, 28.953, 29.133, 29.333, 30.441, 31.783, 32.544, 32.886, 33.595, 35.117, 35.698, 36.021, 36.461, 36.401, 35.985, 35.781, 35.517, 35.261, 35.43, 36.021, 36.331, 36.747, 36.708, 36.098, 36.188, 36.474, 36.4, 36.445, 36.741, 36.617, 36.467, 37.025, 37.446, 37.699, 38.018, 37.843, 37.757, 38.282, 38.47, 38.58, 38.377, 38.051, 38.66, 39.218, 40.222, 43.126, 44.974, 44.234, 43.719, 43.493, 42.114, 39.19, 36.948, 36.3, 36.614, 36.69], [36.813, 36.428, 36.339, 36.699, 37.272, 37.793, 38.092, 38.056, 37.746, 37.791, 37.674, 37.333, 37.438, 37.601, 37.604, 37.505, 37.436, 37.097, 36.211, 35.768, 35.514, 36.085, 38.136, 39.377, 39.467, 39.509, 39.428, 38.93, 38.382, 38.031, 37.604, 37.328, 36.912, 36.868, 36.924, 35.862, 35.441, 36.607, 36.534, 31.118, 23.499, 21.009, 17.319, 9.75, 0.0, 7.792, 12.23, 16.109, 20.951, 24.149, 25.638, 26.536, 27.355, 28.192, 28.427, 28.63, 29.738, 31.099, 31.928, 32.318, 33.243, 35.075, 35.82, 36.16, 36.596, 36.545, 36.128, 35.87, 35.569, 35.306, 35.47, 36.118, 36.458, 36.855, 36.842, 36.282, 36.371, 36.689, 36.663, 36.724, 37.022, 36.904, 36.755, 37.303, 37.669, 37.854, 38.143, 38.005, 37.932, 38.397, 38.562, 38.662, 38.46, 38.193, 38.789, 39.337, 40.334, 43.218, 45.055, 44.327, 43.84, 43.615, 42.214, 39.331, 37.146, 36.506, 36.819, 37.006], [36.916, 36.518, 36.376, 36.717, 37.288, 37.805, 38.107, 38.061, 37.746, 37.831, 37.739, 37.413, 37.546, 37.719, 37.708, 37.585, 37.489, 37.148, 36.241, 35.766, 35.472, 35.989, 38.056, 39.318, 39.43, 39.478, 39.406, 38.914, 38.386, 38.09, 37.697, 37.433, 37.017, 36.987, 37.12, 36.154, 35.848, 37.075, 36.97, 31.865, 25.243, 23.044, 19.983, 14.794, 7.792, 0.0, 7.062, 13.486, 19.37, 22.991, 24.613, 25.624, 26.517, 27.422, 27.714, 27.953, 28.971, 30.267, 31.162, 31.631, 32.683, 34.662, 35.526, 35.891, 36.298, 36.339, 35.992, 35.74, 35.468, 35.187, 35.338, 35.998, 36.329, 36.7, 36.659, 36.093, 36.2, 36.58, 36.605, 36.669, 36.949, 36.827, 36.693, 37.245, 37.619, 37.805, 38.09, 37.968, 37.9, 38.335, 38.483, 38.565, 38.346, 38.082, 38.65, 39.183, 40.196, 43.133, 45.0, 44.284, 43.79, 43.564, 42.137, 39.238, 37.081, 36.426, 36.706, 37.098], [36.685, 36.238, 36.089, 36.446, 37.031, 37.558, 37.838, 37.751, 37.428, 37.523, 37.433, 37.094, 37.219, 37.393, 37.376, 37.253, 37.156, 36.824, 35.873, 35.388, 35.089, 35.645, 37.792, 39.087, 39.195, 39.256, 39.193, 38.679, 38.16, 37.895, 37.524, 37.281, 36.86, 36.842, 37.004, 36.061, 35.862, 37.173, 37.091, 32.151, 26.035, 24.013, 21.318, 17.13, 12.23, 7.062, 0.0, 9.326, 17.014, 21.223, 23.038, 24.201, 25.172, 26.16, 26.58, 26.965, 28.066, 29.435, 30.44, 30.951, 31.983, 34.051, 35.026, 35.421, 35.854, 35.934, 35.606, 35.416, 35.188, 34.888, 35.072, 35.766, 36.112, 36.462, 36.4, 35.839, 35.958, 36.34, 36.363, 36.427, 36.703, 36.563, 36.423, 36.989, 37.382, 37.585, 37.878, 37.762, 37.7, 38.147, 38.294, 38.365, 38.119, 37.813, 38.357, 38.9, 39.944, 42.936, 44.835, 44.124, 43.606, 43.387, 41.954, 38.991, 36.786, 36.13, 36.387, 36.865], [35.772, 35.224, 35.066, 35.544, 36.236, 36.835, 37.179, 37.142, 36.842, 36.895, 36.719, 36.337,