[[0.0, 5.697, 11.187, 16.319, 21.254, 24.47, 25.38, 25.99, 26.896, 27.738, 29.296, 31.315, 32.15, 32.255, 32.624, 33.518, 34.725, 35.912, 37.002, 37.806, 37.918, 38.032, 38.633, 38.913, 38.348, 37.909, 38.116, 38.374, 38.28, 38.019, 37.63, 37.639, 37.947, 38.157, 38.274, 38.157, 37.972, 37.579, 37.247, 37.267, 37.134, 36.777, 36.605, 36.612, 36.659, 37.141, 37.687, 37.898, 37.827, 37.841, 38.04, 38.198, 38.126, 37.959, 38.191, 38.793, 39.035, 39.023, 39.127, 38.875, 38.629, 38.725, 39.012, 38.984, 38.519, 37.886, 37.048, 36.617, 36.542, 36.2, 36.081, 35.942, 36.067, 36.177, 35.465, 34.917, 34.903, 35.09, 35.514, 36.219, 37.037, 37.825, 38.019, 37.435, 37.285, 38.192, 39.234, 39.462, 39.304, 39.623, 40.17, 40.274, 39.978, 40.061, 40.918, 41.664, 41.527, 41.103, 41.277, 41.779, 41.504, 40.673, 40.42, 41.045, 41.682, 41.586, 40.441, 38.708, 37.624, 37.397, 37.679, 37.591, 37.335, 38.014, 38.577, 38.604, 38.289, 37.793, 37.033, 35.882, 35.065, 35.357, 35.686, 35.099, 35.056, 35.965, 36.384, 36.141, 36.358, 37.253, 37.737, 37.643, 37.919, 38.489, 38.572, 38.63, 38.885, 39.738, 41.568, 43.322, 43.804, 44.841, 47.912, 50.985, 51.135, 49.595, 49.396, 50.16, 50.308, 49.586, 48.994, 49.646, 50.995, 50.974, 49.434, 48.685, 49.559, 50.647, 51.302, 52.033, 53.175, 53.596, 51.393, 46.623, 41.462, 38.504, 38.045, 38.008, 36.994, 36.276, 36.402, 37.282, 38.107, 38.374, 38.619, 38.95, 39.085, 38.72, 37.97, 37.526, 37.282, 37.213, 37.38, 37.449, 37.356, 37.312, 37.422, 37.452, 37.1, 37.115, 38.232, 39.593, 40.412, 40.542, 40.008, 39.671, 40.361, 41.147, 41.138, 40.89, 41.015, 40.969, 40.71, 40.733, 40.207, 7.116], [5.697, 0.0, 7.073, 13.776, 19.575, 23.096, 24.091, 24.763, 25.751, 26.662, 28.355, 30.551, 31.49, 31.644, 32.038, 32.99, 34.268, 35.499, 36.612, 37.431, 37.534, 37.668, 38.354, 38.7, 38.13, 37.695, 37.98, 38.336, 38.297, 38.04, 37.652, 37.684, 38.02, 38.24, 38.35, 38.223, 38.04, 37.663, 37.329, 37.329, 37.178, 36.821, 36.656, 36.655, 36.681, 37.163, 37.731, 37.953, 37.866, 37.871, 38.062, 38.192, 38.093, 37.905, 38.119, 38.705, 38.925, 38.877, 38.963, 38.709, 38.454, 38.545, 38.839, 38.831, 38.383, 37.743, 36.889, 36.443, 36.4, 36.126, 36.054, 35.928, 36.035, 36.136, 35.444, 34.922, 34.919, 35.102, 35.524, 36.233, 37.055, 37.839, 38.01, 37.407, 37.24, 38.125, 39.154, 39.379, 39.206, 39.506, 40.047, 40.154, 39.872, 39.964, 40.81, 41.541, 41.414, 41.023, 41.218, 41.745, 41.492, 40.676, 40.441, 41.084, 41.73, 41.639, 40.501, 38.771, 37.673, 37.435, 37.726, 37.651, 37.399, 38.069, 38.627, 38.655, 38.342, 37.846, 37.09, 35.961, 35.141, 35.41, 35.743, 35.155, 35.081, 35.966, 36.379, 36.135, 36.348, 37.232, 37.705, 37.61, 37.878, 38.435, 38.53, 38.61, 38.888, 39.797, 41.686, 43.456, 43.935, 44.955, 48.003, 51.063, 51.213, 49.677, 49.476, 50.237, 50.385, 49.661, 49.069, 49.716, 51.042, 50.997, 49.435, 48.65, 49.484, 50.555, 51.215, 51.947, 53.083, 53.519, 51.334, 46.558, 41.395, 38.434, 37.937, 37.905, 36.935, 36.263, 36.393, 37.262, 38.061, 38.298, 38.524, 38.851, 38.982, 38.614, 37.853, 37.397, 37.15, 37.087, 37.26, 37.317, 37.214, 37.185, 37.328, 37.399, 37.074, 37.105, 38.265, 39.665, 40.504, 40.647, 40.099, 39.741, 40.427, 41.22, 41.218, 40.971, 41.084, 41.016, 40.744, 40.77, 40.247, 10.967], [11.187, 7.073, 0.0, 8.774, 16.693, 21.151, 22.402, 23.222, 24.419, 25.531, 27.421, 29.746, 30.772, 31.043, 31.486, 32.438, 33.746, 35.045, 36.205, 37.017, 37.082, 37.195, 37.943, 38.428, 37.97, 37.572, 37.883, 38.31, 38.376, 38.185, 37.809, 37.896, 38.29, 38.505, 38.594, 38.458, 38.295, 37.969, 37.629, 37.581, 37.41, 37.056, 36.926, 36.961, 36.984, 37.448, 38.012, 38.251, 38.173, 38.162, 38.316, 38.385, 38.23, 38.014, 38.218, 38.785, 38.962, 38.866, 38.937, 38.694, 38.458, 38.578, 38.882, 38.896, 38.484, 37.859, 37.053, 36.672, 36.675, 36.459, 36.422, 36.324, 36.431, 36.514, 35.818, 35.326, 35.36, 35.553, 35.963, 36.639, 37.431, 38.203, 38.392, 37.824, 37.641, 38.444, 39.415, 39.63, 39.444, 39.706, 40.208, 40.305, 40.042, 40.139, 40.931, 41.595, 41.464, 41.126, 41.32, 41.84, 41.61, 40.823, 40.6, 41.225, 41.851, 41.777, 40.713, 39.088, 38.059, 37.814, 38.093, 38.053, 37.81, 38.429, 38.956, 38.961, 38.589, 38.07, 37.399, 36.396, 35.597, 35.815, 36.144, 35.596, 35.503, 36.336, 36.733, 36.478, 36.639, 37.441, 37.883, 37.806, 38.059, 38.587, 38.713, 38.825, 39.098, 40.001, 41.846, 43.558, 44.011, 44.992, 47.979, 50.985, 51.114, 49.61, 49.437, 50.196, 50.329, 49.598, 49.015, 49.661, 50.968, 50.92, 49.379, 48.601, 49.401, 50.444, 51.104, 51.824, 52.933, 53.377, 51.251, 46.573, 41.571, 38.729, 38.224, 38.183, 37.278, 36.655, 36.759, 37.586, 38.34, 38.531, 38.714, 39.024, 39.156, 38.811, 38.101, 37.671, 37.422, 37.363, 37.537, 37.579, 37.472, 37.471, 37.651, 37.758, 37.439, 37.429, 38.533, 39.92, 40.761, 40.909, 40.364, 39.991, 40.638, 41.401, 41.403, 41.148, 41.233, 41.156, 40.895, 40.924, 40.434, 14.597], [16.319, 13.776, 8.774, 0.0, 10.047, 16.438, 18.615, 19.629, 21.065, 22.682, 25.097, 27.763, 28.949, 29.35, 29.888, 30.877, 32.218, 33.637, 34.919, 35.787, 35.822, 35.927, 36.808, 37.511, 37.193, 36.868, 37.246, 37.746, 37.928, 37.859, 37.557, 37.743, 38.218, 38.447, 38.526, 38.368, 38.22, 37.952, 37.629, 37.531, 37.244, 36.793, 36.697, 36.79, 36.787, 37.244, 37.853, 38.117, 38.039, 38.025, 38.159, 38.165, 37.944, 37.704, 37.923, 38.516, 38.703, 38.633, 38.749, 38.528, 38.315, 38.452, 38.752, 38.788, 38.411, 37.781, 36.984, 36.649, 36.644, 36.385, 36.357, 36.307, 36.447, 36.54, 35.814, 35.299, 35.366, 35.59, 35.989, 36.615, 37.365, 38.146, 38.408, 37.919, 37.775, 38.598, 39.595, 39.845, 39.672, 39.914, 40.377, 40.438, 40.166, 40.276, 41.086, 41.758, 41.618, 41.29, 41.509, 42.055, 41.818, 40.999, 40.745, 41.353, 41.958, 41.863, 40.791, 39.153, 38.109, 37.865, 38.18, 38.169, 37.891, 38.448, 38.978, 38.997, 38.551, 37.94, 37.305, 36.402, 35.572, 35.706, 36.039, 35.555, 35.511, 36.333, 36.693, 36.436, 36.635, 37.439, 37.855, 37.766, 38.003, 38.519, 38.686, 38.83, 39.108, 40.067, 41.978, 43.686, 44.111, 45.109, 48.153, 51.161, 51.225, 49.677, 49.509, 50.286, 50.402, 49.626, 49.012, 49.662, 51.001, 50.982, 49.451, 48.679, 49.472, 50.508, 51.183, 51.929, 53.067, 53.535, 51.409, 46.685, 41.662, 38.856, 38.349, 38.247, 37.305, 36.687, 36.771, 37.568, 38.308, 38.484, 38.628, 38.91, 39.042, 38.714, 38.04, 37.657, 37.435, 37.376, 37.547, 37.584, 37.466, 37.467, 37.654, 37.778, 37.493, 37.506, 38.616, 40.039, 40.938, 41.107, 40.564, 40.178, 40.824, 41.583, 41.575, 41.289, 41.346, 41.265, 41.006, 41.033, 40.547, 18.775], [21.254, 19.575, 16.693, 10.047, 0.0, 8.532, 12.878, 14.59, 16.006, 18.359, 21.866, 25.208, 26.71, 27.294, 27.979, 29.0, 30.27, 31.761, 33.18, 34.11, 34.124, 34.259, 35.261, 36.101, 35.883, 35.731, 36.312, 36.887, 37.091, 37.156, 37.167, 37.635, 38.233, 38.492, 38.564, 38.347, 38.146, 37.857, 37.507, 37.398, 37.055, 36.567, 36.544, 36.682, 36.619, 37.036, 37.673, 37.945, 37.843, 37.811, 37.929, 37.905, 37.637, 37.367, 37.624, 38.315, 38.567, 38.492, 38.596, 38.394, 38.227, 38.376, 38.664, 38.721, 38.379, 37.768, 36.975, 36.639, 36.611, 36.327, 36.325, 36.309, 36.456, 36.535, 35.793, 35.225, 35.269, 35.524, 35.924, 36.481, 37.144, 37.898, 38.231, 37.835, 37.724, 38.551, 39.57, 39.873, 39.743, 39.994, 40.44, 40.467, 40.201, 40.373, 41.251, 41.955, 41.817, 41.527, 41.807, 42.361, 42.091, 41.258, 41.028, 41.656, 42.232, 42.074, 40.939, 39.236, 38.131, 37.899, 38.318, 38.391, 38.136, 38.663, 39.218, 39.293, 38.837, 38.112, 37.418, 36.551, 35.686, 35.735, 36.038, 35.557, 35.477, 36.198, 36.484, 36.254, 36.529, 37.344, 37.719, 37.597, 37.812, 38.327, 38.529, 38.71, 39.018, 40.064, 42.086, 43.807, 44.218, 45.249, 48.389, 51.429, 51.469, 49.902, 49.736, 50.533, 50.65, 49.853, 49.21, 49.852, 51.221, 51.245, 49.721, 48.935, 49.736, 50.785, 51.462, 52.211, 53.372, 53.876, 51.766, 46.999, 41.923, 39.126, 38.628, 38.443, 37.376, 36.727, 36.815, 37.56, 38.282, 38.468, 38.592, 38.858, 38.981, 38.659, 38.05, 37.738, 37.536, 37.463, 37.638, 37.699, 37.593, 37.593, 37.772, 37.89, 37.651, 37.738, 38.887, 40.296, 41.212, 41.432, 40.917, 40.505, 41.125, 41.873, 41.85, 41.535, 41.568, 41.466, 41.189, 41.214, 40.747, 23.218], [24.47, 23.096, 21.151, 16.438, 8.532, 0.0, 6.646, 10.225, 11.749, 14.37, 19.0, 23.101, 24.919, 25.677, 26.452, 27.459, 28.636, 30.15, 31.7, 32.726, 32.761, 32.931, 33.983, 34.86, 34.695, 34.708, 35.509, 36.19, 36.342, 36.392, 36.687, 37.472, 38.188, 38.461, 38.532, 38.301, 38.074, 37.742, 37.365, 37.301, 37.008, 36.565, 36.616, 36.787, 36.678, 37.024, 37.621, 37.873, 37.755, 37.705, 37.802, 37.756, 37.441, 37.119, 37.409, 38.196, 38.461, 38.283, 38.308, 38.09, 37.949, 38.127, 38.419, 38.471, 38.149, 37.584, 36.801, 36.436, 36.412, 36.2, 36.287, 36.331, 36.491, 36.547, 35.806, 35.217, 35.226, 35.495, 35.909, 36.427, 37.017, 37.739, 38.097, 37.719, 37.582, 38.368, 39.375, 39.702, 39.6, 39.854, 40.293, 40.325, 40.09, 40.321, 41.237, 41.929, 41.801, 41.603, 41.952, 42.475, 42.168, 41.368, 41.207, 41.869, 42.436, 42.247, 41.085, 39.386, 38.295, 38.081, 38.537, 38.669, 38.482, 39.028, 39.598, 39.716, 39.283, 38.505, 37.742, 36.837, 35.955, 35.991, 36.264, 35.723, 35.557, 36.173, 36.416, 36.206, 36.494, 37.286, 37.623, 37.489, 37.71, 38.225, 38.421, 38.606, 38.908, 39.948, 41.978, 43.688, 44.08, 45.11, 48.291, 51.36, 51.415, 49.876, 49.737, 50.555, 50.675, 49.878, 49.251, 49.916, 51.301, 51.331, 49.807, 49.026, 49.858, 50.943, 51.621, 52.339, 53.476, 53.98, 51.898, 47.179, 42.122, 39.3, 38.785, 38.578, 37.434, 36.747, 36.848, 37.586, 38.304, 38.487, 38.599, 38.855, 38.964, 38.641, 38.092, 37.833, 37.637, 37.546, 37.709, 37.774, 37.679, 37.693, 37.874, 37.984, 37.743, 37.864, 39.025, 40.371, 41.233, 41.47, 40.983, 40.542, 41.122, 41.864, 41.84, 41.514, 41.531, 41.407, 41.127, 41.161, 40.748, 26.138], [25.38, 24.091, 22.402, 18.615, 12.878, 6.646, 0.0, 5.406, 8.249, 11.167, 16.399, 21.135, 23.217, 24.069, 24.871, 25.943, 27.24, 28.891, 30.603, 31.771, 31.872, 32.079, 33.172, 34.083, 33.943, 34.033, 34.947, 35.696, 35.84, 35.855, 36.187, 37.048, 37.805, 38.103, 38.188, 37.985, 37.792, 37.466, 37.101, 37.064, 36.786, 36.318, 36.335, 36.501, 36.39, 36.725, 37.31, 37.558, 37.441, 37.387, 37.475, 37.407, 37.057, 36.714, 37.031, 37.848, 38.084, 37.842, 37.844, 37.619, 37.46, 37.645, 37.946, 37.977, 37.633, 37.044, 36.23, 35.856, 35.854, 35.686, 35.827, 35.923, 36.122, 36.194, 35.443, 34.849, 34.854, 35.13, 35.571, 36.119, 36.717, 37.44, 37.785, 37.367, 37.204, 37.991, 39.01, 39.339, 39.227, 39.472, 39.917, 39.967, 39.745, 39.983, 40.911, 41.607, 41.503, 41.36, 41.744, 42.256, 41.924, 41.126, 40.997, 41.691, 42.279, 42.105, 40.953, 39.273, 38.217, 38.008, 38.431, 38.539, 38.353, 38.921, 39.498, 39.62, 39.196, 38.419, 37.606, 36.604, 35.672, 35.719, 35.984, 35.385, 35.177, 35.801, 36.064, 35.849, 36.113, 36.905, 37.252, 37.121, 37.364, 37.907, 38.098, 38.255, 38.534, 39.58, 41.652, 43.425, 43.84, 44.884, 48.124, 51.257, 51.338, 49.805, 49.69, 50.528, 50.639, 49.823, 49.206, 49.906, 51.305, 51.322, 49.793, 49.03, 49.88, 50.981, 51.675, 52.401, 53.535, 54.021, 51.903, 47.136, 41.979, 39.035, 38.476, 38.272, 37.085, 36.343, 36.441, 37.239, 37.999, 38.187, 38.305, 38.567, 38.676, 38.347, 37.792, 37.518, 37.302, 37.203, 37.357, 37.408, 37.296, 37.295, 37.48, 37.597, 37.331, 37.425, 38.615, 40.014, 40.887, 41.137, 40.658, 40.25, 40.896, 41.681, 41.666, 41.348, 41.372, 41.24, 40.965, 41.006, 40.585, 26.905], [25.99, 24.763, 23.222, 19.629, 14.59, 10.225, 5.406, 0.0, 4.675, 9.253, 15.068, 20.077, 22.31, 23.205, 24.032, 25.186, 26.621, 28.379, 30.126, 31.321, 31.463, 31.706, 32.82, 33.738, 33.611, 33.75, 34.713, 35.466, 35.637, 35.729, 36.084, 36.876, 37.617, 37.979, 38.088, 37.868, 37.696, 37.375, 36.991, 36.945, 36.664, 36.179, 36.172, 36.334, 36.244, 36.613, 37.224, 37.478, 37.35, 37.288, 37.38, 37.31, 36.971, 36.662, 36.993, 37.787, 38.004, 37.762, 37.764, 37.543, 37.373, 37.534, 37.829, 37.868, 37.512, 36.897, 36.074, 35.735, 35.753, 35.571, 35.684, 35.763, 35.956, 36.034, 35.291, 34.696, 34.692, 34.957, 35.394, 35.935, 36.513, 37.209, 37.55, 37.151, 36.997, 37.78, 38.804, 39.14, 39.023, 39.257, 39.702, 39.765, 39.558, 39.799, 40.726, 41.436, 41.354, 41.221, 41.625, 42.152, 41.82, 41.019, 40.896, 41.597, 42.187, 42.019, 40.889, 39.245, 38.212, 38.003, 38.413, 38.506, 38.301, 38.867, 39.443, 39.564, 39.147, 38.37, 37.541, 36.503, 35.543, 35.581, 35.854, 35.258, 35.046, 35.68, 35.954, 35.74, 36.002, 36.813, 37.183, 37.051, 37.299, 37.859, 38.05, 38.197, 38.465, 39.504, 41.608, 43.434, 43.872, 44.929, 48.196, 51.351, 51.432, 49.899, 49.8, 50.65, 50.754, 49.925, 49.309, 50.022, 51.436, 51.46, 49.94, 49.188, 50.035, 51.128, 51.837, 52.593, 53.75, 54.238, 52.093, 47.269, 42.03, 39.019, 38.417, 38.188, 36.949, 36.161, 36.259, 37.085, 37.864, 38.062, 38.198, 38.482, 38.607, 38.287, 37.73, 37.446, 37.216, 37.109, 37.264, 37.313, 37.184, 37.156, 37.328, 37.445, 37.178, 37.264, 38.46, 39.889, 40.772, 41.039, 40.564, 40.154, 40.81, 41.603, 41.592, 41.283, 41.32, 41.194, 40.921, 40.958, 40.517, 27.424], [26.896, 25.751, 24.419, 21.065, 16.006, 11.749, 8.249, 4.675, 0.0, 6.348, 13.666, 19.171, 21.519, 22.51, 23.377, 24.537, 25.979, 27.735, 29.444, 30.603, 30.728, 30.969, 32.097, 33.027, 32.901, 33.063, 34.074, 34.851, 35.057, 35.249, 35.764, 36.646, 37.43, 37.842, 37.98, 37.768, 37.636, 37.326, 36.902, 36.843, 36.586, 36.145, 36.189, 36.361, 36.247, 36.604, 37.225, 37.483, 37.354, 37.292, 37.374, 37.292, 36.951, 36.649, 36.978, 37.768, 37.988, 37.744, 37.72, 37.49, 37.339, 37.502, 37.794, 37.843, 37.492, 36.885, 36.06, 35.703, 35.719, 35.541, 35.643, 35.665, 35.785, 35.82, 35.078, 34.483, 34.469, 34.743, 35.184, 35.703, 36.25, 36.938, 37.312, 36.959, 36.806, 37.555, 38.57, 38.912, 38.786, 39.006, 39.467, 39.577, 39.42, 39.684, 40.609, 41.328, 41.276, 41.191, 41.657, 42.21, 41.879, 41.091, 40.979, 41.677, 42.258, 42.097, 40.986, 39.348, 38.293, 38.079, 38.505, 38.609, 38.403, 38.967, 39.546, 39.672, 39.255, 38.456, 37.609, 36.578, 35.619, 35.656, 35.936, 35.339, 35.119, 35.743, 36.014, 35.8, 36.07, 36.9, 37.279, 37.146, 37.395, 37.96, 38.153, 38.318, 38.618, 39.678, 41.82, 43.671, 44.114, 45.178, 48.456, 51.601, 51.666, 50.141, 50.058, 50.919, 51.022, 50.188, 49.571, 50.294, 51.726, 51.754, 50.223, 49.465, 50.318, 51.412, 52.122, 52.893, 54.078, 54.586, 52.427, 47.547, 42.237, 39.187, 38.572, 38.326, 37.03, 36.222, 36.327, 37.138, 37.907, 38.109, 38.25, 38.537, 38.671, 38.363, 37.816, 37.536, 37.303, 37.186, 37.337, 37.391, 37.265, 37.244, 37.42, 37.543, 37.294, 37.41, 38.612, 39.993, 40.82, 41.076, 40.602, 40.143, 40.753, 41.531, 41.52, 41.213, 41.266, 41.157, 40.889, 40.931, 40.513, 28.222], [27.738, 26.662, 25.531, 22.682, 18.359, 14.37, 11.167, 9.253, 6.348, 0.0, 8.898, 15.794, 18.816, 20.065, 20.935, 22.107, 23.691, 25.619, 27.474, 28.754, 28.921, 29.19, 30.434, 31.493, 31.378, 31.511, 32.594, 33.487, 33.79, 34.073, 34.772, 35.889, 36.803, 37.253, 37.452, 37.394, 37.422, 37.187, 36.774, 36.693, 36.42, 35.992, 36.077, 36.254, 36.081, 36.38, 36.976, 37.229, 37.11, 37.061, 37.132, 37.033, 36.675, 36.347, 36.647, 37.403, 37.584, 37.333, 37.333, 37.083, 36.926, 37.12, 37.427, 37.459, 37.087, 36.471, 35.618, 35.211, 35.229, 35.117, 35.279, 35.268, 35.297, 35.244, 34.49, 33.941, 33.948, 34.244, 34.715, 35.259, 35.851, 36.631, 37.107, 36.8, 36.631, 37.352, 38.368, 38.708, 38.564, 38.782, 39.278, 39.432, 39.311, 39.608, 40.544, 41.255, 41.203, 41.167, 41.695, 42.266, 41.942, 41.177, 41.082, 41.788, 42.375, 42.228, 41.131, 39.477, 38.395, 38.175, 38.591, 38.681, 38.484, 39.066, 39.652, 39.766, 39.318, 38.487, 37.62, 36.581, 35.625, 35.679, 35.97, 35.353, 35.147, 35.808, 36.097, 35.857, 36.108, 36.961, 37.37, 37.245, 37.479, 38.04, 38.234, 38.398, 38.714, 39.806, 41.97, 43.838, 44.286, 45.351, 48.624, 51.75, 51.792, 50.256, 50.185, 51.056, 51.162, 50.327, 49.706, 50.439, 51.889, 51.916, 50.362, 49.598, 50.466, 51.576, 52.293, 53.071, 54.27, 54.788, 52.595, 47.641, 42.281, 39.199, 38.553, 38.273, 36.944, 36.102, 36.19, 36.983, 37.733, 37.933, 38.075, 38.361, 38.49, 38.169, 37.615, 37.34, 37.117, 36.999, 37.139, 37.184, 37.058, 37.049, 37.249, 37.401, 37.172, 37.287, 38.483, 39.854, 40.668, 40.937, 40.455, 39.959, 40.579, 41.379, 41.375, 41.083, 41.152, 41.049, 40.785, 40.839, 40.436, 28.919], [29.296, 28.355, 27.421, 25.097, 21.866, 19.0, 16.399, 15.068, 13.666, 8.898, 0.0, 8.53, 13.505, 15.834, 16.73, 17.888, 19.963, 22.457, 24.67, 26.213, 26.544, 26.936, 28.423, 29.761, 29.737, 29.835, 31.012, 32.123, 32.615, 32.976, 33.72, 35.038, 36.143, 36.673, 36.916, 37.055, 37.391, 37.377, 37.03, 36.886, 36.58, 36.162, 36.259, 36.428, 36.219, 36.441, 36.948, 37.16, 37.061, 37.036, 37.105, 37.024, 36.703, 36.378, 36.612, 37.247, 37.326, 37.088, 37.169, 36.905, 36.705, 36.899, 37.214, 37.218, 36.832, 36.238, 35.43, 35.04, 35.061, 35.041, 35.308, 35.35, 35.358, 35.232, 34.482, 34.031, 34.073, 34.354, 34.821, 35.37, 36.018, 36.908, 37.498, 37.286, 37.14, 37.792, 38.741, 39.056, 38.904, 39.113, 39.601, 39.753, 39.639, 39.95, 40.853, 41.513, 41.432, 41.393, 41.901, 42.445, 42.15, 41.455, 41.386, 42.069, 42.632, 42.483, 41.412, 39.813, 38.763, 38.539, 38.931, 39.02, 38.862, 39.45, 40.009, 40.1, 39.627, 38.806, 37.984, 37.018, 36.132, 36.203, 36.501, 35.942, 35.805, 36.49, 36.781, 36.505, 36.696, 37.52, 37.959, 37.856, 38.039, 38.517, 38.658, 38.796, 39.091, 40.138, 42.18, 43.957, 44.383, 45.412, 48.603, 51.669, 51.724, 50.212, 50.128, 50.983, 51.094, 50.271, 49.633, 50.319, 51.738, 51.77, 50.232, 49.46, 50.295, 51.381, 52.092, 52.868, 54.065, 54.594, 52.427, 47.553, 42.382, 39.445, 38.786, 38.465, 37.208, 36.403, 36.462, 37.188, 37.856, 38.022, 38.141, 38.404, 38.522, 38.201, 37.668, 37.433, 37.23, 37.121, 37.253, 37.295, 37.188, 37.194, 37.408, 37.584, 37.378, 37.433, 38.502, 39.779, 40.565, 40.871, 40.443, 39.992, 40.649, 41.444, 41.458, 41.212, 41.285, 41.189, 40.95, 41.009, 40.634, 30.278], [31.315, 30.551, 29.746, 27.763, 25.208, 23.101, 21.135, 20.077, 19.171, 15.794, 8.53, 0.0, 7.198, 11.682, 13.021, 14.087, 16.697, 19.835, 22.421, 24.24, 24.754, 25.224, 26.876, 28.456, 28.556, 28.66, 29.904, 31.168, 31.797, 32.202, 32.95, 34.419, 35.687, 36.313, 36.558, 36.741, 37.369, 37.729, 37.568, 37.38, 37.057, 36.68, 36.794, 36.953, 36.716, 36.858, 37.255, 37.443, 37.389, 37.385, 37.453, 37.418, 37.168, 36.867, 37.031, 37.525, 37.486, 37.224, 37.329, 37.049, 36.831, 37.015, 37.316, 37.304, 36.964, 36.471, 35.793, 35.476, 35.491, 35.529, 35.844, 35.938, 35.961, 35.801, 35.087, 34.753, 34.84, 35.091, 35.522, 36.028, 36.669, 37.596, 38.248, 38.141, 38.043, 38.612, 39.45, 39.719, 39.565, 39.755, 40.212, 40.362, 40.264, 40.564, 41.38, 41.96, 41.859, 41.819, 42.294, 42.794, 42.539, 41.965, 41.951, 42.591, 43.102, 42.951, 41.949, 40.483, 39.518, 39.282, 39.636, 39.753, 39.652, 40.221, 40.73, 40.796, 40.335, 39.557, 38.794, 37.922, 37.141, 37.243, 37.552, 37.072, 36.961, 37.588, 37.855, 37.563, 37.672, 38.403, 38.84, 38.762, 38.884, 39.248, 39.323, 39.443, 39.724, 40.692, 42.555, 44.194, 44.574, 45.539, 48.622, 51.639, 51.747, 50.324, 50.237, 51.056, 51.157, 50.355, 49.719, 50.349, 51.706, 51.735, 50.243, 49.477, 50.249, 51.283, 51.985, 52.768, 53.962, 54.506, 52.412, 47.722, 42.84, 40.121, 39.495, 39.165, 38.026, 37.314, 37.344, 37.965, 38.526, 38.618, 38.652, 38.852, 38.969, 38.703, 38.24, 38.054, 37.859, 37.762, 37.884, 37.923, 37.849, 37.885, 38.117, 38.312, 38.096, 38.017, 38.896, 39.998, 40.684, 41.003, 40.673, 40.308, 40.952, 41.688, 41.713, 41.516, 41.611, 41.562, 41.37, 41.423, 41.092, 32.105], [32.15, 31.49, 30.772, 28.949, 26.71, 24.919, 23.217, 22.31, 21.519, 18.816, 13.505, 7.198, 0.0, 6.131, 8.528, 10.073, 13.212, 16.883, 19.852, 21.999, 22.697, 23.209, 24.932, 26.603, 26.686, 26.764, 28.08, 29.417, 30.094, 30.552, 31.39, 33.039, 34.438, 35.131, 35.416, 35.622, 36.389, 37.076, 37.242, 37.196, 36.854, 36.479, 36.628, 36.772, 36.488, 36.592, 36.967, 37.16, 37.111, 37.105, 37.179, 37.169, 36.958, 36.685, 36.825, 37.254, 37.15, 36.829, 36.874, 36.539, 36.328, 36.537, 36.816, 36.778, 36.477, 36.027, 35.356, 35.028, 35.027, 35.061, 35.412, 35.547, 35.582, 35.408, 34.707, 34.461, 34.631, 34.899, 35.32, 35.799, 36.43, 37.39, 38.092, 38.028, 37.977, 38.588, 39.419, 39.641, 39.463, 39.659, 40.13, 40.297, 40.211, 40.495, 41.271, 41.818, 41.705, 41.676, 42.184, 42.686, 42.457, 41.951, 41.984, 42.639, 43.144, 42.983, 41.991, 40.561, 39.628, 39.383, 39.701, 39.816, 39.748, 40.333, 40.833, 40.887, 40.423, 39.641, 38.849, 37.928, 37.132, 37.259, 37.596, 37.107, 36.956, 37.571, 37.844, 37.544, 37.619, 38.338, 38.792, 38.72, 38.829, 39.174, 39.215, 39.33, 39.65, 40.627, 42.484, 44.124, 44.491, 45.459, 48.572, 51.627, 51.757, 50.384, 50.348, 51.169, 51.241, 50.424, 49.806, 50.463, 51.818, 51.815, 50.313, 49.563, 50.336, 51.363, 52.073, 52.875, 54.083, 54.614, 52.476, 47.729, 42.779, 40.03, 39.419, 39.115, 38.01, 37.315, 37.338, 37.966, 38.515, 38.522, 38.46, 38.633, 38.778, 38.558, 38.115, 37.909, 37.685, 37.583, 37.701, 37.73, 37.665, 37.729, 38.014, 38.249, 37.979, 37.775, 38.589, 39.664, 40.315, 40.633, 40.338, 40.003, 40.654, 41.389, 41.428, 41.258, 41.384, 41.346, 41.156, 41.209, 40.86, 32.83], [32.255, 31.644, 31.043, 29.35, 27.294, 25.677, 24.069, 23.205, 22.51, 20.065, 15.834, 11.682, 6.131, 0.0, 3.68, 6.79, 10.713, 14.697, 17.865, 20.24, 21.103, 21.696, 23.454, 25.103, 25.078, 25.121, 26.537, 27.94, 28.607, 29.09, 30.026, 31.83, 33.346, 34.084, 34.437, 34.735, 35.506, 36.246, 36.636, 36.803, 36.469, 36.07, 36.236, 36.377, 36.088, 36.208, 36.612, 36.816, 36.74, 36.718, 36.795, 36.78, 36.566, 36.307, 36.456, 36.894, 36.781, 36.403, 36.385, 36.008, 35.781, 35.978, 36.231, 36.165, 35.847, 35.354, 34.583, 34.201, 34.187, 34.186, 34.595, 34.795, 34.874, 34.728, 34.004, 33.766, 33.983, 34.275, 34.71, 35.201, 35.838, 36.826, 37.563, 37.498, 37.474, 38.173, 39.052, 39.248, 39.043, 39.259, 39.752, 39.913, 39.815, 40.098, 40.904, 41.477, 41.357, 41.321, 41.871, 42.415, 42.205, 41.689, 41.713, 42.392, 42.914, 42.733, 41.688, 40.203, 39.255, 39.011, 39.308, 39.39, 39.322, 39.944, 40.466, 40.521, 40.044, 39.249, 38.409, 37.388, 36.512, 36.642, 37.004, 36.485, 36.316, 36.975, 37.27, 36.961, 37.059, 37.849, 38.339, 38.258, 38.39, 38.772, 38.797, 38.907, 39.281, 40.302, 42.235, 43.945, 44.326, 45.334, 48.528, 51.637, 51.741, 50.326, 50.316, 51.153, 51.21, 50.373, 49.759, 50.451, 51.828, 51.802, 50.267, 49.524, 50.328, 51.376, 52.096, 52.905, 54.125, 54.637, 52.414, 47.503, 42.33, 39.446, 38.839, 38.556, 37.42, 36.691, 36.728, 37.42, 37.999, 37.964, 37.877, 38.066, 38.232, 38.009, 37.531, 37.276, 37.019, 36.907, 37.036, 37.07, 36.994, 37.055, 37.368, 37.626, 37.326, 37.102, 37.976, 39.137, 39.826, 40.149, 39.843, 39.513, 40.21, 40.993, 41.049, 40.891, 41.027, 40.948, 40.72, 40.775, 40.382, 32.901], [32.624, 32.038, 31.486, 29.888, 27.979, 26.452, 24.871, 24.032, 23.377, 20.935, 16.73, 13.021, 8.528, 3.68, 0.0, 4.251, 9.195, 13.591, 16.864, 19.328, 20.284, 20.946, 22.769, 24.468, 24.466, 24.551, 26.051, 27.522, 28.193, 28.642, 29.598, 31.504, 33.095, 33.857, 34.268, 34.685, 35.519, 36.244, 36.621, 36.822, 36.528, 36.159, 36.332, 36.48, 36.217, 36.353, 36.755, 36.961, 36.89, 36.861, 36.92, 36.89, 36.666, 36.404, 36.558, 37.004, 36.888, 36.493, 36.47, 36.1, 35.858, 36.034, 36.279, 36.209, 35.888, 35.389, 34.602, 34.213, 34.199, 34.204, 34.647, 34.881, 34.997, 34.871, 34.133, 33.867, 34.064, 34.347, 34.782, 35.271, 35.902, 36.885, 37.617, 37.541, 37.505, 38.19, 39.064, 39.257, 39.05, 39.272, 39.776, 39.941, 39.842, 40.135, 40.961, 41.547, 41.426, 41.392, 41.95, 42.504, 42.307, 41.776, 41.764, 42.421, 42.938, 42.747, 41.675, 40.164, 39.215, 38.977, 39.268, 39.333, 39.252, 39.873, 40.391, 40.436, 39.96, 39.188, 38.369, 37.344, 36.461, 36.597, 36.964, 36.45, 36.291, 36.957, 37.253, 36.94, 37.041, 37.846, 38.35, 38.276, 38.418, 38.807, 38.836, 38.96, 39.35, 40.365, 42.29, 44.005, 44.387, 45.389, 48.568, 51.651, 51.734, 50.3, 50.282, 51.121, 51.179, 50.344, 49.724, 50.404, 51.772, 51.739, 50.191, 49.428, 50.219, 51.263, 51.982, 52.789, 54.008, 54.526, 52.31, 47.403, 42.233, 39.368, 38.768, 38.475, 37.349, 36.635, 36.679, 37.382, 37.954, 37.903, 37.81, 38.003, 38.165, 37.935, 37.451, 37.189, 36.929, 36.823, 36.957, 36.997, 36.922, 36.971, 37.275, 37.537, 37.245, 37.037, 37.924, 39.096, 39.79, 40.112, 39.817, 39.505, 40.217, 41.003, 41.06, 40.905, 41.034, 40.936, 40.696, 40.748, 40.357, 33.254], [33.518, 32.99, 32.438, 30.877, 29.0, 27.459, 25.943, 25.186, 24.537, 22.107, 17.888, 14.087, 10.073, 6.79, 4.251, 0.0, 5.828, 11.139, 14.995, 17.734, 18.816, 19.557, 21.504, 23.377, 23.544, 23.785, 25.423, 26.992, 27.673, 28.069, 29.109, 31.223, 32.9, 33.667, 34.111, 34.615, 35.576, 36.413, 36.818, 37.01, 36.76, 36.49, 36.757, 36.938, 36.664, 36.755, 37.114, 37.324, 37.276, 37.229, 37.246, 37.201, 36.985, 36.724, 36.854, 37.265, 37.13, 36.739, 36.724, 36.377, 36.159, 36.356, 36.6, 36.518, 36.216, 35.786, 35.102, 34.763, 34.735, 34.733, 35.17, 35.422, 35.549, 35.408, 34.699, 34.468, 34.638, 34.888, 35.284, 35.707, 36.275, 37.225, 37.965, 37.937, 37.904, 38.512, 39.324, 39.508, 39.314, 39.539, 40.04, 40.216, 40.14, 40.447, 41.252, 41.807, 41.687, 41.698, 42.281, 42.823, 42.642, 42.135, 42.11, 42.732, 43.228, 43.032, 41.984, 40.525, 39.605, 39.354, 39.625, 39.7, 39.628, 40.21, 40.697, 40.732, 40.255, 39.498, 38.732, 37.791, 36.98, 37.129, 37.501, 37.035, 36.872, 37.46, 37.726, 37.415, 37.476, 38.21, 38.698, 38.648, 38.779, 39.14, 39.18, 39.331, 39.714, 40.674, 42.511, 44.166, 44.516, 45.453, 48.53, 51.529, 51.601, 50.206, 50.2, 51.023, 51.075, 50.262, 49.653, 50.305, 51.636, 51.603, 50.078, 49.307, 50.054, 51.063, 51.766, 52.561, 53.771, 54.305, 52.167, 47.405, 42.431, 39.703, 39.126, 38.83, 37.762, 37.093, 37.134, 37.796, 38.322, 38.245, 38.124, 38.302, 38.457, 38.243, 37.803, 37.578, 37.34, 37.252, 37.387, 37.43, 37.372, 37.425, 37.722, 37.991, 37.72, 37.498, 38.313, 39.403, 40.048, 40.359, 40.122, 39.856, 40.538, 41.288, 41.344, 41.197, 41.319, 41.219, 40.982, 41.029, 40.662, 34.083], [34.725, 34.268, 33.746, 32.218, 30.27, 28.636, 27.24, 26.621, 25.979, 23.691, 19.963, 16.697, 13.212, 10.713, 9.195, 5.828, 0.0, 6.318, 11.442, 14.994, 16.356, 17.206, 19.312, 21.411, 21.811, 22.364, 24.309, 26.032, 26.674, 26.976, 28.246, 30.743, 32.549, 33.31, 33.763, 34.307, 35.374, 36.37, 36.906, 37.167, 36.952, 36.807, 37.265, 37.521, 37.196, 37.185, 37.491, 37.723, 37.696, 37.627, 37.603, 37.538, 37.323, 37.048, 37.14, 37.525, 37.394, 37.006, 36.966, 36.628, 36.456, 36.694, 36.931, 36.817, 36.528, 36.192, 35.638, 35.343, 35.289, 35.25, 35.663, 35.911, 36.025, 35.853, 35.197, 35.04, 35.208, 35.438, 35.79, 36.116, 36.577, 37.462, 38.207, 38.256, 38.254, 38.795, 39.527, 39.681, 39.499, 39.722, 40.199, 40.365, 40.312, 40.645, 41.423, 41.934, 41.822, 41.908, 42.562, 43.105, 42.935, 42.468, 42.466, 43.082, 43.557, 43.356, 42.357, 40.985, 40.109, 39.831, 40.061, 40.152, 40.125, 40.69, 41.158, 41.197, 40.727, 39.968, 39.235, 38.378, 37.64, 37.8, 38.179, 37.744, 37.523, 37.979, 38.193, 37.88, 37.88, 38.514, 38.978, 38.957, 39.076, 39.398, 39.433, 39.612, 40.016, 40.959, 42.745, 44.353, 44.668, 45.534, 48.492, 51.393, 51.449, 50.114, 50.15, 50.949, 50.983, 50.189, 49.597, 50.231, 51.525, 51.488, 49.995, 49.232, 49.945, 50.92, 51.604, 52.378, 53.575, 54.127, 52.074, 47.459, 42.661, 40.069, 39.558, 39.294, 38.276, 37.631, 37.666, 38.266, 38.747, 38.665, 38.526, 38.692, 38.847, 38.652, 38.253, 38.063, 37.851, 37.773, 37.903, 37.945, 37.9, 37.962, 38.265, 38.559, 38.327, 38.095, 38.799, 39.762, 40.339, 40.639, 40.472, 40.271, 40.922, 41.633, 41.687, 41.544, 41.66, 41.557, 41.32, 41.364, 41.02, 35.212], [35.912, 35.499, 35.045, 33.637, 31.761, 30.15, 28.891, 28.379, 27.735, 25.619, 22.457, 19.835, 16.883, 14.697, 13.591, 11.139, 6.318, 0.0, 6.333, 11.292, 13.297, 14.305, 16.611, 19.018, 19.719, 20.708, 23.052, 24.967, 25.61, 25.836, 27.302, 30.189, 32.167, 32.927, 33.39, 33.981, 35.143, 36.264, 36.92, 37.263, 37.092, 37.062, 37.704, 38.038, 37.668, 37.564, 37.817, 38.06, 38.05, 37.971, 37.924, 37.846, 37.623, 37.333, 37.411, 37.795, 37.67, 37.268, 37.192, 36.852, 36.71, 36.968, 37.19, 37.051, 36.782, 36.525, 36.033, 35.706, 35.619, 35.58, 36.0, 36.24, 36.353, 36.169, 35.547, 35.434, 35.6, 35.826, 36.168, 36.446, 36.84, 37.674, 38.403, 38.492, 38.501, 38.998, 39.681, 39.811, 39.623, 39.819, 40.247, 40.379, 40.338, 40.703, 41.482, 41.981, 41.889, 42.037, 42.77, 43.327, 43.157, 42.712, 42.725, 43.338, 43.795, 43.594, 42.629, 41.29, 40.427, 40.138, 40.332, 40.419, 40.427, 41.016, 41.502, 41.552, 41.104, 40.363, 39.65, 38.829, 38.122, 38.288, 38.668, 38.235, 37.972, 38.345, 38.522, 38.199, 38.158, 38.73, 39.185, 39.19, 39.307, 39.603, 39.619, 39.826, 40.28, 41.252, 43.051, 44.664, 44.974, 45.808, 48.679, 51.465, 51.465, 50.168, 50.241, 51.017, 51.03, 50.238, 49.638, 50.257, 51.529, 51.481, 49.994, 49.228, 49.925, 50.894, 51.575, 52.336, 53.519, 54.07, 52.056, 47.499, 42.77, 40.268, 39.86, 39.647, 38.667, 38.043, 38.077, 38.618, 39.072, 39.013, 38.885, 39.045, 39.195, 39.005, 38.609, 38.428, 38.228, 38.14, 38.247, 38.284, 38.234, 38.293, 38.605, 38.928, 38.74, 38.527, 39.166, 40.009, 40.521, 40.811, 40.689, 40.533, 41.172, 41.864, 41.918, 41.772, 41.876, 41.766, 41.536, 41.584, 41.264, 36.357], [37.002, 36.612, 36.205, 34.919, 33.18, 31.7, 30.603, 30.126, 29.444, 27.474, 24.67, 22.421, 19.852, 17.865, 16.864, 14.995, 11.442, 6.333, 0.0, 6.155, 9.257, 10.787, 13.313, 16.101, 17.287, 18.828, 21.577, 23.745, 24.563, 24.928, 26.598, 29.762, 31.885, 32.665, 33.152, 33.827, 35.087, 36.283, 36.998, 37.401, 37.298, 37.36, 38.092, 38.453, 38.082, 37.967, 38.191, 38.4, 38.377, 38.28, 38.199, 38.114, 37.901, 37.612, 37.688, 38.081, 37.965, 37.546, 37.436, 37.086, 36.961, 37.246, 37.464, 37.304, 37.058, 36.857, 36.351, 35.925, 35.812, 35.817, 36.257, 36.513, 36.675, 36.518, 35.913, 35.787, 35.923, 36.138, 36.482, 36.75, 37.126, 37.944, 38.657, 38.744, 38.737, 39.209, 39.874, 39.996, 39.809, 39.978, 40.363, 40.473, 40.446, 40.832, 41.618, 42.129, 42.057, 42.235, 42.995, 43.553, 43.378, 42.924, 42.927, 43.528, 43.966, 43.756, 42.795, 41.442, 40.567, 40.281, 40.457, 40.518, 40.517, 41.11, 41.615, 41.669, 41.217, 40.498, 39.814, 39.022, 38.349, 38.527, 38.897, 38.476, 38.247, 38.618, 38.782, 38.459, 38.417, 38.973, 39.429, 39.451, 39.576, 39.871, 39.872, 40.078, 40.543, 41.53, 43.348, 44.962, 45.27, 46.098, 48.924, 51.616, 51.536, 50.223, 50.31, 51.082, 51.092, 50.296, 49.679, 50.285, 51.544, 51.485, 49.994, 49.217, 49.893, 50.856, 51.534, 52.284, 53.45, 53.991, 51.992, 47.467, 42.787, 40.345, 40.014, 39.855, 38.932, 38.355, 38.403, 38.916, 39.365, 39.326, 39.217, 39.382, 39.529, 39.327, 38.914, 38.723, 38.517, 38.405, 38.492, 38.524, 38.462, 38.511, 38.821, 39.153, 38.996, 38.849, 39.504, 40.278, 40.73, 41.004, 40.891, 40.733, 41.359, 42.05, 42.114, 41.978, 42.072, 41.947, 41.715, 41.768, 41.478, 37.408], [37.806, 37.431, 37.017, 35.787, 34.11, 32.726, 31.771, 31.321, 30.603, 28.754, 26.213, 24.24, 21.999, 20.24, 19.328, 17.734, 14.994, 11.292, 6.155, 0.0, 4.372, 7.176, 10.009, 13.024, 14.799, 17.004, 20.136, 22.541, 23.622, 24.34, 26.346, 29.696, 31.872, 32.664, 33.164, 33.884, 35.19, 36.391, 37.104, 37.551, 37.525, 37.644, 38.392, 38.751, 38.392, 38.295, 38.512, 38.687, 38.651, 38.539, 38.417, 38.311, 38.097, 37.803, 37.883, 38.297, 38.213, 37.799, 37.667, 37.321, 37.215, 37.532, 37.754, 37.57, 37.332, 37.165, 36.647, 36.149, 36.028, 36.094, 36.561, 36.863, 37.091, 36.967, 36.373, 36.22, 36.321, 36.525, 36.879, 37.162, 37.542, 38.338, 39.016, 39.073, 39.033, 39.47, 40.106, 40.224, 40.043, 40.201, 40.571, 40.7, 40.702, 41.087, 41.853, 42.363, 42.325, 42.52, 43.233, 43.755, 43.585, 43.122, 43.096, 43.669, 44.094, 43.883, 42.933, 41.58, 40.691, 40.408, 40.582, 40.624, 40.599, 41.154, 41.642, 41.684, 41.211, 40.514, 39.891, 39.163, 38.552, 38.725, 39.065, 38.683, 38.518, 38.899, 39.054, 38.742, 38.701, 39.227, 39.665, 39.693, 39.823, 40.118, 40.113, 40.306, 40.759, 41.755, 43.562, 45.15, 45.433, 46.228, 48.994, 51.608, 51.474, 50.134, 50.215, 50.996, 51.026, 50.247, 49.625, 50.21, 51.455, 51.396, 49.907, 49.103, 49.736, 50.675, 51.337, 52.074, 53.24, 53.801, 51.858, 47.434, 42.871, 40.486, 40.177, 40.054, 39.197, 38.671, 38.728, 39.219, 39.662, 39.638, 39.555, 39.742, 39.892, 39.679, 39.257, 39.055, 38.829, 38.693, 38.769, 38.799, 38.736, 38.79, 39.09, 39.409, 39.271, 39.189, 39.851, 40.579, 40.998, 41.261, 41.128, 40.922, 41.512, 42.193, 42.263, 42.14, 42.247, 42.129, 41.898, 41.957, 41.708, 38.174], [37.918, 37.534, 37.082, 35.822, 34.124, 32.761, 31.872, 31.463, 30.728, 28.921, 26.544, 24.754, 22.697, 21.103, 20.284, 18.816, 16.356, 13.297, 9.257, 4.372, 0.0, 3.846, 7.588, 10.926, 12.827, 15.369, 18.827, 21.425, 22.708, 23.715, 25.993, 29.495, 31.711, 32.501, 32.992, 33.708, 35.001, 36.184, 36.885, 37.345, 37.341, 37.471, 38.236, 38.606, 38.228, 38.12, 38.362, 38.555, 38.519, 38.407, 38.288, 38.178, 37.947, 37.629, 37.707, 38.137, 38.056, 37.63, 37.489, 37.149, 37.053, 37.388, 37.617, 37.427, 37.192, 37.041, 36.538, 36.045, 35.927, 36.027, 36.536, 36.866, 37.099, 36.972, 36.387, 36.233, 36.334, 36.548, 36.912, 37.203, 37.592, 38.39, 39.058, 39.098, 39.03, 39.439, 40.065, 40.184, 40.007, 40.162, 40.529, 40.671, 40.696, 41.096, 41.857, 42.364, 42.359, 42.597, 43.307, 43.816, 43.649, 43.177, 43.137, 43.702, 44.135, 43.94, 42.99, 41.61, 40.694, 40.414, 40.604, 40.64, 40.61, 41.161, 41.649, 41.685, 41.193, 40.488, 39.883, 39.163, 38.538, 38.685, 39.007, 38.621, 38.456, 38.83, 38.983, 38.67, 38.619, 39.131, 39.566, 39.599, 39.728, 40.023, 40.028, 40.229, 40.685, 41.697, 43.517, 45.104, 45.377, 46.167, 48.935, 51.55, 51.424, 50.082, 50.156, 50.944, 50.986, 50.2, 49.556, 50.132, 51.383, 51.331, 49.835, 49.013, 49.639, 50.582, 51.243, 51.983, 53.166, 53.749, 51.826, 47.415, 42.853, 40.453, 40.138, 40.024, 39.175, 38.639, 38.686, 39.162, 39.601, 39.587, 39.515, 39.711, 39.861, 39.639, 39.21, 39.005, 38.773, 38.625, 38.688, 38.712, 38.654, 38.717, 39.03, 39.366, 39.25, 39.195, 39.862, 40.586, 41.018, 41.298, 41.142, 40.871, 41.418, 42.091, 42.158, 42.028, 42.135, 42.02, 41.791, 41.856, 41.623, 38.271], [38.032, 37.668, 37.195, 35.927, 34.259, 32.931, 32.079, 31.706, 30.969, 29.19, 26.936, 25.224, 23.209, 21.696, 20.946, 19.557, 17.206, 14.305, 10.787, 7.176, 3.846, 0.0, 4.834, 9.027, 11.156, 13.707, 17.3, 20.154, 21.696, 22.915, 25.422, 29.158, 31.477, 32.264, 32.748, 33.493, 34.805, 36.01, 36.733, 37.218, 37.229, 37.363, 38.141, 38.52, 38.13, 38.005, 38.259, 38.488, 38.47, 38.363, 38.256, 38.163, 37.93, 37.587, 37.645, 38.084, 38.002, 37.545, 37.366, 37.014, 36.916, 37.24, 37.461, 37.269, 37.042, 36.909, 36.433, 35.965, 35.853, 35.974, 36.515, 36.851, 37.063, 36.923, 36.343, 36.198, 36.302, 36.513, 36.866, 37.135, 37.511, 38.313, 38.992, 39.045, 38.97, 39.363, 39.991, 40.116, 39.935, 40.082, 40.439, 40.566, 40.591, 41.007, 41.776, 42.28, 42.284, 42.562, 43.309, 43.829, 43.664, 43.187, 43.14, 43.702, 44.135, 43.944, 42.989, 41.589, 40.659, 40.392, 40.599, 40.643, 40.618, 41.175, 41.672, 41.697, 41.18, 40.467, 39.869, 39.153, 38.517, 38.655, 38.983, 38.599, 38.417, 38.777, 38.928, 38.608, 38.537, 39.037, 39.482, 39.527, 39.654, 39.945, 39.945, 40.142, 40.593, 41.609, 43.443, 45.033, 45.305, 46.104, 48.887, 51.507, 51.393, 50.075, 50.161, 50.944, 50.985, 50.193, 49.535, 50.106, 51.362, 51.308, 49.801, 48.97, 49.595, 50.545, 51.21, 51.953, 53.141, 53.73, 51.807, 47.376, 42.79, 40.384, 40.079, 39.971, 39.113, 38.561, 38.598, 39.06, 39.498, 39.481, 39.393, 39.584, 39.737, 39.519, 39.095, 38.906, 38.688, 38.54, 38.593, 38.622, 38.576, 38.647, 38.977, 39.33, 39.224, 39.174, 39.834, 40.557, 41.002, 41.298, 41.144, 40.851, 41.367, 42.034, 42.103, 41.966, 42.066, 41.947, 41.719, 41.784, 41.544, 38.329], [38.633, 38.354, 37.943, 36.808, 35.261, 33.983, 33.172, 32.82, 32.097, 30.434, 28.423, 26.876, 24.932, 23.454, 22.769, 21.504, 19.312, 16.611, 13.313, 10.009, 7.588, 4.834, 0.0, 5.163, 8.701, 12.002, 15.724, 18.763, 20.534, 22.0, 24.975, 29.122, 31.551, 32.323, 32.829, 33.671, 35.034, 36.247, 36.988, 37.532, 37.619, 37.792, 38.55, 38.921, 38.565, 38.434, 38.653, 38.89, 38.899, 38.792, 38.662, 38.562, 38.333, 37.984, 38.051, 38.544, 38.51, 38.02, 37.773, 37.44, 37.36, 37.653, 37.843, 37.633, 37.415, 37.328, 36.907, 36.458, 36.361, 36.501, 37.03, 37.372, 37.598, 37.47, 36.898, 36.741, 36.824, 37.019, 37.354, 37.592, 37.928, 38.686, 39.327, 39.367, 39.279, 39.643, 40.243, 40.358, 40.171, 40.299, 40.629, 40.735, 40.752, 41.159, 41.917, 42.413, 42.422, 42.721, 43.467, 43.971, 43.809, 43.346, 43.298, 43.839, 44.245, 44.043, 43.103, 41.724, 40.804, 40.556, 40.784, 40.837, 40.813, 41.338, 41.812, 41.812, 41.268, 40.568, 40.009, 39.356, 38.814, 38.999, 39.335, 38.996, 38.833, 39.167, 39.308, 38.991, 38.893, 39.344, 39.77, 39.819, 39.952, 40.239, 40.21, 40.37, 40.799, 41.794, 43.596, 45.153, 45.414, 46.197, 48.925, 51.465, 51.321, 50.027, 50.12, 50.879, 50.914, 50.152, 49.523, 50.096, 51.348, 51.303, 49.817, 48.983, 49.579, 50.51, 51.162, 51.887, 53.069, 53.678, 51.816, 47.482, 43.005, 40.662, 40.376, 40.277, 39.443, 38.917, 38.964, 39.41, 39.837, 39.816, 39.728, 39.929, 40.082, 39.865, 39.465, 39.3, 39.081, 38.912, 38.956, 39.005, 38.981, 39.065, 39.386, 39.712, 39.605, 39.564, 40.145, 40.795, 41.221, 41.521, 41.383, 41.102, 41.603, 42.263, 42.342, 42.222, 42.335, 42.213, 41.982, 42.046, 41.816, 38.845], [38.913, 38.7, 38.428, 37.511, 36.101, 34.86, 34.083, 33.738, 33.027, 31.493, 29.761, 28.456, 26.603, 25.103, 24.468, 23.377, 21.411, 19.018, 16.101, 13.024, 10.926, 9.027, 5.163, 0.0, 5.208, 10.194, 14.577, 17.643, 19.36, 21.034, 24.517, 28.975, 31.455, 32.241, 32.807, 33.73, 35.095, 36.275, 37.036, 37.652, 37.812, 38.012, 38.734, 39.086, 38.755, 38.633, 38.834, 39.069, 39.096, 39.002, 38.878, 38.779, 38.549, 38.218, 38.339, 38.905, 38.912, 38.39, 38.099, 37.789, 37.732, 38.022, 38.201, 37.976, 37.755, 37.688, 37.3, 36.878, 36.788, 36.919, 37.424, 37.772, 38.019, 37.916, 37.346, 37.156, 37.217, 37.419, 37.768, 38.009, 38.31, 39.001, 39.587, 39.595, 39.504, 39.866, 40.439, 40.529, 40.342, 40.474, 40.808, 40.922, 40.924, 41.302, 42.047, 42.539, 42.542, 42.819, 43.527, 44.0, 43.83, 43.379, 43.347, 43.89, 44.285, 44.07, 43.126, 41.758, 40.85, 40.619, 40.858, 40.904, 40.885, 41.397, 41.849, 41.84, 41.298, 40.609, 40.061, 39.411, 38.92, 39.157, 39.495, 39.163, 39.014, 39.348, 39.481, 39.169, 39.075, 39.515, 39.927, 39.962, 40.1, 40.402, 40.368, 40.517, 40.949, 41.926, 43.704, 45.254, 45.511, 46.281, 48.976, 51.478, 51.313, 50.009, 50.082, 50.83, 50.874, 50.139, 49.541, 50.134, 51.402, 51.381, 49.924, 49.11, 49.714, 50.647, 51.283, 51.983, 53.158, 53.79, 51.987, 47.742, 43.316, 40.971, 40.675, 40.579, 39.748, 39.206, 39.265, 39.723, 40.142, 40.118, 40.05, 40.281, 40.44, 40.215, 39.818, 39.645, 39.382, 39.169, 39.201, 39.262, 39.253, 39.341, 39.646, 39.943, 39.843, 39.81, 40.297, 40.847, 41.248, 41.553, 41.402, 41.111, 41.626, 42.298, 42.388, 42.294, 42.435, 42.312, 42.067, 42.13, 41.911, 39.114], [38.348, 38.13, 37.97, 37.193, 35.883, 34.695, 33.943, 33.611, 32.901, 31.378, 29.737, 28.556, 26.686, 25.078, 24.466, 23.544, 21.811, 19.719, 17.287, 14.799, 12.827, 11.156, 8.701, 5.208, 0.0, 6.376, 12.128, 15.827, 17.664, 19.444, 23.163, 27.829, 30.44, 31.345, 32.014, 32.996, 34.38, 35.585, 36.408, 37.069, 37.198, 37.338, 38.019, 38.338, 37.991, 37.906, 38.165, 38.419, 38.436, 38.366, 38.32, 38.279, 38.07, 37.749, 37.885, 38.451, 38.435, 37.889, 37.561, 37.19, 37.105, 37.396, 37.574, 37.345, 37.119, 37.032, 36.625, 36.241, 36.163, 36.26, 36.763, 37.105, 37.343, 37.238, 36.649, 36.431, 36.493, 36.716, 37.095, 37.357, 37.651, 38.347, 38.966, 38.97, 38.907, 39.354, 39.975, 40.057, 39.867, 40.037, 40.427, 40.568, 40.547, 40.912, 41.697, 42.229, 42.213, 42.424, 43.111, 43.598, 43.422, 42.953, 42.932, 43.517, 43.945, 43.718, 42.714, 41.271, 40.333, 40.115, 40.363, 40.389, 40.375, 40.94, 41.424, 41.428, 40.882, 40.147, 39.53, 38.777, 38.215, 38.469, 38.817, 38.435, 38.285, 38.682, 38.834, 38.509, 38.454, 38.989, 39.453, 39.478, 39.62, 39.95