[[0.0, 4.787, 11.183, 16.574, 22.143, 29.076, 32.958, 31.529, 31.19, 33.81, 36.701, 37.756, 38.091, 38.291, 38.756, 38.959, 38.766, 38.871, 41.586, 46.848, 49.475, 50.555, 51.333, 51.296, 50.682, 50.502, 50.551, 50.023, 48.756, 47.74, 47.737, 48.631, 49.252, 48.98, 49.149, 49.676, 49.367, 48.297, 47.671, 47.85, 48.09, 48.591, 50.506, 50.408, 45.756, 40.447, 39.968, 40.685, 40.95, 41.09, 41.398, 41.915, 42.167, 41.725, 40.647, 39.641, 38.929, 38.509, 38.363, 38.296, 38.519, 39.369, 40.665, 41.944, 42.56, 42.607, 42.8, 42.587, 42.12, 42.239, 43.216, 43.819, 42.835, 42.245, 42.972, 43.526, 43.655, 44.007, 44.918, 47.363, 50.282, 51.57, 51.762, 53.003, 55.459, 57.485, 57.773, 57.487, 58.398, 60.256, 61.494, 61.174, 59.853, 58.42, 57.476, 56.397, 54.797, 53.26, 52.237, 50.976, 49.72, 48.895, 48.509, 47.977, 46.857, 44.85, 42.551, 41.404, 40.551, 38.812, 36.991, 36.57, 36.865, 36.722, 35.998, 35.54, 35.429, 35.215, 35.007, 35.25, 36.513, 37.788, 38.045, 37.818, 38.387, 40.282, 41.989, 42.134, 41.508, 42.321, 44.247, 45.508, 45.509, 45.409, 46.202, 47.233, 47.437, 47.406, 47.838, 47.977, 47.2, 45.906, 45.131, 45.585, 45.964, 3.851], [4.787, 0.0, 7.4, 14.067, 20.58, 27.962, 32.007, 30.614, 30.41, 33.164, 36.101, 37.202, 37.592, 37.82, 38.289, 38.52, 38.365, 38.502, 41.313, 46.639, 49.289, 50.386, 51.176, 51.137, 50.513, 50.327, 50.378, 49.854, 48.591, 47.581, 47.588, 48.489, 49.104, 48.824, 48.997, 49.53, 49.228, 48.166, 47.531, 47.702, 47.954, 48.474, 50.395, 50.299, 45.634, 40.278, 39.789, 40.514, 40.774, 40.909, 41.24, 41.787, 42.055, 41.616, 40.533, 39.525, 38.819, 38.401, 38.259, 38.203, 38.437, 39.291, 40.596, 41.885, 42.506, 42.554, 42.745, 42.528, 42.053, 42.169, 43.151, 43.759, 42.77, 42.174, 42.914, 43.472, 43.587, 43.921, 44.846, 47.315, 50.229, 51.506, 51.686, 52.922, 55.366, 57.382, 57.659, 57.357, 58.262, 60.122, 61.367, 61.049, 59.73, 58.302, 57.362, 56.291, 54.704, 53.177, 52.154, 50.891, 49.64, 48.827, 48.453, 47.919, 46.781, 44.753, 42.453, 41.318, 40.463, 38.72, 36.898, 36.479, 36.767, 36.612, 35.877, 35.405, 35.29, 35.076, 34.87, 35.127, 36.438, 37.749, 38.006, 37.789, 38.395, 40.32, 42.035, 42.183, 41.554, 42.35, 44.258, 45.516, 45.522, 45.418, 46.2, 47.215, 47.406, 47.373, 47.809, 47.954, 47.178, 45.874, 45.076, 45.517, 45.899, 7.184], [11.183, 7.4, 0.0, 8.518, 17.238, 25.713, 30.041, 28.724, 28.809, 31.875, 34.981, 36.21, 36.726, 37.036, 37.533, 37.805, 37.748, 37.973, 40.927, 46.361, 49.051, 50.202, 51.047, 51.026, 50.411, 50.231, 50.286, 49.777, 48.541, 47.563, 47.602, 48.527, 49.155, 48.874, 49.049, 49.596, 49.306, 48.254, 47.619, 47.787, 48.035, 48.536, 50.416, 50.33, 45.687, 40.316, 39.802, 40.523, 40.785, 40.932, 41.283, 41.838, 42.116, 41.696, 40.633, 39.649, 38.97, 38.559, 38.414, 38.368, 38.607, 39.451, 40.761, 42.063, 42.688, 42.722, 42.895, 42.681, 42.208, 42.302, 43.276, 43.903, 42.935, 42.329, 43.056, 43.61, 43.706, 44.017, 44.954, 47.406, 50.263, 51.49, 51.653, 52.878, 55.287, 57.277, 57.536, 57.22, 58.118, 59.971, 61.206, 60.891, 59.584, 58.178, 57.261, 56.201, 54.63, 53.114, 52.093, 50.846, 49.631, 48.848, 48.483, 47.945, 46.805, 44.808, 42.58, 41.484, 40.638, 38.918, 37.132, 36.726, 37.003, 36.848, 36.146, 35.696, 35.588, 35.38, 35.173, 35.421, 36.735, 38.062, 38.309, 38.103, 38.747, 40.695, 42.402, 42.546, 41.922, 42.679, 44.522, 45.758, 45.776, 45.665, 46.413, 47.383, 47.539, 47.496, 47.932, 48.082, 47.315, 46.017, 45.203, 45.622, 45.999, 12.517], [16.574, 14.067, 8.518, 0.0, 10.761, 21.158, 26.258, 25.142, 25.654, 29.3, 32.861, 34.421, 35.193, 35.658, 36.248, 36.684, 36.825, 37.187, 40.442, 46.131, 48.891, 50.131, 51.054, 51.052, 50.462, 50.305, 50.376, 49.896, 48.712, 47.81, 47.914, 48.851, 49.472, 49.192, 49.368, 49.918, 49.645, 48.62, 47.995, 48.166, 48.41, 48.884, 50.708, 50.587, 45.922, 40.552, 40.001, 40.689, 40.912, 41.059, 41.435, 41.987, 42.259, 41.872, 40.864, 39.956, 39.373, 39.015, 38.879, 38.809, 39.01, 39.836, 41.142, 42.428, 43.05, 43.09, 43.238, 42.989, 42.476, 42.527, 43.489, 44.123, 43.161, 42.557, 43.291, 43.841, 43.91, 44.22, 45.205, 47.659, 50.436, 51.556, 51.68, 52.927, 55.339, 57.312, 57.55, 57.233, 58.16, 60.013, 61.22, 60.896, 59.598, 58.194, 57.317, 56.275, 54.702, 53.202, 52.207, 50.96, 49.746, 48.97, 48.596, 48.042, 46.922, 45.005, 42.914, 41.912, 41.115, 39.399, 37.621, 37.237, 37.514, 37.346, 36.662, 36.226, 36.11, 35.916, 35.725, 35.913, 37.117, 38.418, 38.688, 38.484, 39.092, 40.984, 42.655, 42.812, 42.246, 42.994, 44.774, 46.013, 46.063, 45.937, 46.636, 47.591, 47.764, 47.719, 48.143, 48.29, 47.534, 46.269, 45.496, 45.923, 46.291, 17.517], [22.143, 20.58, 17.238, 10.761, 0.0, 12.322, 19.02, 18.726, 19.902, 24.488, 29.003, 31.326, 32.645, 33.385, 34.184, 35.09, 35.686, 36.265, 39.896, 45.867, 48.656, 49.986, 51.023, 51.06, 50.505, 50.368, 50.457, 50.026, 48.948, 48.238, 48.507, 49.452, 50.028, 49.763, 49.925, 50.419, 50.165, 49.229, 48.659, 48.832, 49.077, 49.519, 51.171, 50.933, 46.368, 41.104, 40.504, 41.167, 41.261, 41.32, 41.718, 42.28, 42.547, 42.24, 41.397, 40.689, 40.283, 40.043, 39.964, 39.868, 39.982, 40.734, 41.97, 43.155, 43.721, 43.768, 43.905, 43.643, 43.103, 43.106, 44.009, 44.603, 43.629, 43.015, 43.761, 44.301, 44.28, 44.511, 45.495, 47.969, 50.671, 51.598, 51.601, 52.833, 55.204, 57.112, 57.317, 57.005, 57.969, 59.812, 60.967, 60.628, 59.356, 57.938, 57.093, 56.108, 54.564, 53.119, 52.206, 50.997, 49.795, 49.041, 48.664, 48.098, 47.028, 45.307, 43.54, 42.776, 42.146, 40.512, 38.835, 38.526, 38.798, 38.586, 37.901, 37.509, 37.415, 37.265, 37.137, 37.269, 38.207, 39.325, 39.621, 39.441, 39.921, 41.541, 43.025, 43.203, 42.779, 43.53, 45.189, 46.389, 46.478, 46.335, 46.973, 47.936, 48.181, 48.142, 48.522, 48.644, 47.907, 46.734, 46.064, 46.495, 46.826, 22.85], [29.076, 27.962, 25.713, 21.158, 12.322, 0.0, 8.545, 11.494, 14.643, 19.782, 25.133, 28.495, 30.614, 31.67, 32.627, 34.105, 35.391, 36.277, 39.991, 45.834, 48.467, 49.84, 51.059, 51.221, 50.755, 50.633, 50.725, 50.389, 49.526, 49.085, 49.55, 50.497, 51.023, 50.796, 50.913, 51.287, 51.066, 50.319, 49.871, 50.007, 50.21, 50.564, 51.863, 51.529, 47.517, 42.836, 42.195, 42.806, 42.729, 42.543, 42.87, 43.427, 43.686, 43.533, 43.042, 42.687, 42.526, 42.439, 42.439, 42.35, 42.397, 43.012, 44.03, 44.943, 45.341, 45.397, 45.577, 45.408, 44.945, 44.928, 45.667, 46.137, 45.245, 44.732, 45.425, 45.872, 45.703, 45.732, 46.554, 48.794, 51.19, 51.811, 51.707, 52.873, 55.036, 56.698, 56.835, 56.579, 57.554, 59.278, 60.309, 59.965, 58.77, 57.388, 56.58, 55.688, 54.267, 52.977, 52.215, 51.128, 50.038, 49.398, 49.079, 48.532, 47.563, 46.239, 45.092, 44.726, 44.326, 42.973, 41.71, 41.59, 41.804, 41.544, 40.979, 40.769, 40.754, 40.652, 40.606, 40.741, 41.348, 42.13, 42.396, 42.263, 42.535, 43.649, 44.723, 44.85, 44.582, 45.28, 46.673, 47.703, 47.791, 47.667, 48.266, 49.183, 49.457, 49.387, 49.669, 49.745, 49.089, 48.121, 47.612, 47.989, 48.224, 29.586], [32.958, 32.007, 30.041, 26.258, 19.02, 8.545, 0.0, 7.608, 13.56, 18.705, 23.7, 27.257, 29.772, 30.997, 31.937, 33.648, 35.382, 36.489, 40.197, 45.909, 48.441, 49.839, 51.169, 51.411, 51.003, 50.877, 50.961, 50.689, 49.952, 49.612, 50.121, 51.069, 51.601, 51.417, 51.519, 51.831, 51.625, 50.979, 50.596, 50.703, 50.856, 51.118, 52.204, 51.873, 48.255, 44.056, 43.454, 44.018, 43.872, 43.512, 43.712, 44.243, 44.49, 44.439, 44.19, 44.037, 44.002, 43.999, 44.041, 43.963, 44.006, 44.577, 45.477, 46.213, 46.501, 46.574, 46.798, 46.693, 46.295, 46.294, 46.948, 47.338, 46.522, 46.123, 46.784, 47.16, 46.939, 46.917, 47.652, 49.654, 51.777, 52.231, 52.107, 53.257, 55.293, 56.784, 56.861, 56.643, 57.607, 59.227, 60.171, 59.83, 58.691, 57.359, 56.613, 55.796, 54.462, 53.27, 52.593, 51.57, 50.537, 49.956, 49.679, 49.158, 48.261, 47.152, 46.323, 46.155, 45.848, 44.654, 43.616, 43.579, 43.748, 43.465, 42.968, 42.855, 42.884, 42.792, 42.766, 42.897, 43.346, 43.966, 44.221, 44.11, 44.26, 45.104, 45.938, 46.003, 45.8, 46.47, 47.717, 48.634, 48.686, 48.577, 49.188, 50.086, 50.367, 50.279, 50.51, 50.569, 49.973, 49.13, 48.713, 49.062, 49.243, 33.376], [31.529, 30.614, 28.724, 25.142, 18.726, 11.494, 7.608, 0.0, 8.594, 16.437, 22.18, 25.346, 27.587, 28.827, 29.797, 31.498, 33.343, 34.592, 38.639, 44.689, 47.369, 48.827, 50.173, 50.437, 50.024, 49.896, 49.982, 49.691, 48.909, 48.542, 49.093, 50.183, 50.823, 50.626, 50.736, 51.11, 50.898, 50.167, 49.743, 49.871, 50.011, 50.225, 51.39, 51.179, 47.372, 42.803, 42.147, 42.719, 42.621, 42.353, 42.581, 43.122, 43.348, 43.252, 42.943, 42.736, 42.68, 42.679, 42.741, 42.674, 42.72, 43.326, 44.296, 45.101, 45.426, 45.511, 45.753, 45.643, 45.232, 45.244, 45.965, 46.412, 45.549, 45.095, 45.78, 46.19, 45.994, 46.01, 46.79, 48.876, 51.125, 51.697, 51.606, 52.792, 54.911, 56.468, 56.579, 56.402, 57.396, 59.043, 60.02, 59.689, 58.536, 57.201, 56.437, 55.561, 54.15, 52.882, 52.146, 51.076, 49.993, 49.358, 49.042, 48.5, 47.564, 46.313, 45.305, 45.068, 44.681, 43.349, 42.142, 42.024, 42.196, 41.925, 41.397, 41.26, 41.298, 41.204, 41.172, 41.322, 41.882, 42.642, 42.933, 42.788, 42.971, 43.969, 44.946, 45.025, 44.742, 45.367, 46.636, 47.579, 47.641, 47.57, 48.243, 49.171, 49.412, 49.316, 49.593, 49.677, 49.035, 48.098, 47.623, 48.003, 48.215, 31.931], [31.19, 30.41, 28.809, 25.654, 19.902, 14.643, 13.56, 8.594, 0.0, 10.685, 18.679, 22.695, 25.05, 26.299, 27.419, 29.432, 31.423, 32.65, 37.055, 43.541, 46.396, 47.929, 49.328, 49.608, 49.196, 49.087, 49.195, 48.886, 48.081, 47.768, 48.446, 49.644, 50.318, 50.1, 50.236, 50.659, 50.433, 49.642, 49.206, 49.355, 49.486, 49.684, 50.941, 50.775, 46.968, 42.358, 41.716, 42.28, 42.222, 42.017, 42.261, 42.799, 43.006, 42.84, 42.396, 42.078, 41.965, 41.937, 42.0, 41.938, 41.972, 42.57, 43.562, 44.414, 44.762, 44.835, 45.067, 44.956, 44.538, 44.551, 45.303, 45.787, 44.859, 44.279, 44.929, 45.365, 45.149, 45.117, 45.933, 48.197, 50.616, 51.219, 51.098, 52.287, 54.491, 56.135, 56.283, 56.103, 57.104, 58.787, 59.795, 59.465, 58.31, 57.007, 56.24, 55.305, 53.826, 52.511, 51.759, 50.694, 49.599, 48.939, 48.622, 48.086, 47.092, 45.691, 44.531, 44.27, 43.944, 42.603, 41.288, 41.113, 41.323, 41.082, 40.491, 40.294, 40.329, 40.241, 40.212, 40.419, 41.118, 41.996, 42.286, 42.107, 42.316, 43.403, 44.451, 44.517, 44.159, 44.76, 46.069, 47.058, 47.18, 47.158, 47.837, 48.766, 48.978, 48.856, 49.148, 49.249, 48.585, 47.589, 47.064, 47.44, 47.661, 31.532], [33.81, 33.164, 31.875, 29.3, 24.488, 19.782, 18.705, 16.437, 10.685, 0.0, 10.345, 17.149, 21.088, 22.673, 23.918, 26.845, 29.599, 30.691, 35.336, 42.474, 45.631, 47.358, 48.996, 49.403, 49.026, 48.93, 49.058, 48.775, 48.049, 47.885, 48.731, 50.013, 50.69, 50.484, 50.621, 51.024, 50.793, 50.023, 49.606, 49.744, 49.828, 49.915, 51.016, 50.806, 47.398, 43.326, 42.822, 43.385, 43.282, 42.923, 43.064, 43.549, 43.714, 43.573, 43.179, 42.876, 42.756, 42.724, 42.769, 42.704, 42.78, 43.426, 44.362, 45.093, 45.37, 45.454, 45.691, 45.61, 45.237, 45.299, 46.043, 46.48, 45.542, 44.951, 45.536, 45.901, 45.593, 45.509, 46.343, 48.599, 50.884, 51.292, 51.126, 52.302, 54.434, 56.01, 56.108, 55.88, 56.891, 58.58, 59.544, 59.195, 58.092, 56.905, 56.25, 55.373, 53.928, 52.652, 51.959, 50.99, 49.941, 49.304, 49.034, 48.522, 47.483, 46.069, 44.979, 44.81, 44.635, 43.452, 42.21, 42.032, 42.27, 42.061, 41.437, 41.205, 41.258, 41.197, 41.175, 41.398, 42.114, 42.962, 43.234, 43.051, 43.202, 44.134, 45.03, 45.031, 44.682, 45.296, 46.606, 47.621, 47.804, 47.819, 48.518, 49.486, 49.726, 49.583, 49.857, 49.976, 49.357, 48.393, 47.852, 48.166, 48.348, 34.044], [36.701, 36.101, 34.981, 32.861, 29.003, 25.133, 23.7, 22.18, 18.679, 10.345, 0.0, 9.359, 15.565, 17.956, 19.207, 22.993, 26.879, 28.084, 33.011, 40.928, 44.383, 46.333, 48.344, 48.98, 48.646, 48.541, 48.679, 48.442, 47.836, 47.819, 48.816, 50.242, 51.029, 50.89, 51.016, 51.389, 51.182, 50.477, 50.101, 50.235, 50.302, 50.288, 51.182, 50.96, 47.853, 44.176, 43.755, 44.341, 44.181, 43.676, 43.746, 44.208, 44.335, 44.259, 44.013, 43.82, 43.758, 43.74, 43.761, 43.7, 43.856, 44.58, 45.456, 46.052, 46.266, 46.395, 46.684, 46.656, 46.348, 46.458, 47.174, 47.534, 46.604, 46.069, 46.624, 46.898, 46.521, 46.453, 47.332, 49.474, 51.534, 51.801, 51.624, 52.765, 54.759, 56.216, 56.268, 56.042, 57.073, 58.726, 59.616, 59.247, 58.195, 57.106, 56.58, 55.786, 54.389, 53.137, 52.472, 51.564, 50.548, 49.933, 49.709, 49.222, 48.188, 46.845, 45.867, 45.747, 45.592, 44.478, 43.304, 43.108, 43.333, 43.158, 42.585, 42.377, 42.46, 42.443, 42.444, 42.634, 43.288, 44.077, 44.33, 44.162, 44.274, 45.049, 45.796, 45.761, 45.434, 46.03, 47.296, 48.284, 48.462, 48.485, 49.236, 50.234, 50.499, 50.386, 50.667, 50.795, 50.213, 49.287, 48.745, 49.022, 49.202, 36.88], [37.756, 37.202, 36.21, 34.421, 31.326, 28.495, 27.257, 25.346, 22.695, 17.149, 9.359, 0.0, 7.698, 11.438, 13.035, 17.289, 22.291, 23.993, 29.527, 38.302, 42.007, 44.129, 46.484, 47.327, 47.022, 46.901, 47.045, 46.845, 46.325, 46.423, 47.565, 49.187, 50.136, 50.06, 50.196, 50.596, 50.447, 49.832, 49.543, 49.719, 49.799, 49.765, 50.6, 50.42, 47.35, 43.846, 43.476, 44.041, 43.861, 43.359, 43.426, 43.879, 43.981, 43.9, 43.693, 43.529, 43.489, 43.464, 43.461, 43.403, 43.599, 44.359, 45.201, 45.763, 45.991, 46.149, 46.456, 46.455, 46.196, 46.32, 47.0, 47.334, 46.438, 45.957, 46.532, 46.781, 46.412, 46.402, 47.304, 49.319, 51.233, 51.52, 51.378, 52.512, 54.44, 55.846, 55.942, 55.821, 56.885, 58.474, 59.318, 58.954, 57.928, 56.891, 56.426, 55.643, 54.242, 52.97, 52.276, 51.359, 50.354, 49.749, 49.529, 49.046, 48.042, 46.734, 45.741, 45.565, 45.315, 44.166, 43.018, 42.796, 42.981, 42.831, 42.349, 42.207, 42.313, 42.316, 42.337, 42.517, 43.162, 43.96, 44.194, 44.014, 44.155, 44.962, 45.728, 45.708, 45.375, 45.945, 47.177, 48.1, 48.221, 48.238, 49.001, 49.941, 50.149, 50.046, 50.338, 50.459, 49.874, 48.959, 48.428, 48.718, 48.938, 37.906], [38.091, 37.592, 36.726, 35.193, 32.645, 30.614, 29.772, 27.587, 25.05, 21.088, 15.565, 7.698, 0.0, 5.118, 8.136, 13.056, 18.615, 20.737, 26.925, 36.32, 40.21, 42.423, 44.94, 45.888, 45.588, 45.451, 45.59, 45.385, 44.867, 44.989, 46.21, 47.98, 49.051, 49.016, 49.191, 49.652, 49.554, 49.002, 48.816, 49.067, 49.163, 49.135, 49.996, 49.831, 46.716, 43.324, 43.046, 43.597, 43.442, 43.012, 43.096, 43.543, 43.645, 43.539, 43.297, 43.093, 43.013, 42.953, 42.927, 42.864, 43.055, 43.805, 44.644, 45.249, 45.53, 45.681, 45.948, 45.93, 45.686, 45.806, 46.471, 46.819, 45.951, 45.494, 46.109, 46.382, 46.043, 46.067, 46.972, 48.94, 50.804, 51.148, 51.045, 52.159, 54.046, 55.453, 55.601, 55.558, 56.63, 58.174, 59.005, 58.644, 57.622, 56.628, 56.195, 55.394, 53.961, 52.661, 51.938, 51.003, 50.001, 49.399, 49.179, 48.707, 47.714, 46.356, 45.242, 44.977, 44.664, 43.47, 42.309, 42.061, 42.238, 42.125, 41.704, 41.593, 41.7, 41.695, 41.714, 41.901, 42.596, 43.448, 43.666, 43.451, 43.62, 44.533, 45.4, 45.422, 45.068, 45.621, 46.868, 47.779, 47.878, 47.885, 48.606, 49.465, 49.614, 49.507, 49.804, 49.91, 49.306, 48.379, 47.851, 48.166, 48.415, 38.215], [38.291, 37.82, 37.036, 35.658, 33.385, 31.67, 30.997, 28.827, 26.299, 22.673, 17.956, 11.438, 5.118, 0.0, 4.789, 11.501, 17.36, 19.429, 26.045, 35.756, 39.724, 41.959, 44.496, 45.461, 45.164, 45.033, 45.169, 44.939, 44.368, 44.445, 45.667, 47.478, 48.582, 48.558, 48.764, 49.267, 49.182, 48.635, 48.501, 48.821, 48.947, 48.937, 49.839, 49.661, 46.488, 43.094, 42.864, 43.429, 43.299, 42.902, 42.992, 43.437, 43.538, 43.436, 43.199, 42.984, 42.875, 42.793, 42.755, 42.691, 42.887, 43.634, 44.48, 45.111, 45.4, 45.524, 45.763, 45.731, 45.485, 45.606, 46.285, 46.645, 45.767, 45.294, 45.928, 46.231, 45.902, 45.923, 46.843, 48.861, 50.775, 51.139, 51.013, 52.1, 54.003, 55.434, 55.575, 55.504, 56.56, 58.111, 58.953, 58.589, 57.554, 56.561, 56.124, 55.295, 53.825, 52.5, 51.767, 50.82, 49.801, 49.186, 48.967, 48.506, 47.498, 46.083, 44.912, 44.644, 44.334, 43.108, 41.918, 41.675, 41.875, 41.766, 41.337, 41.238, 41.366, 41.36, 41.376, 41.58, 42.307, 43.182, 43.385, 43.146, 43.318, 44.273, 45.187, 45.226, 44.849, 45.39, 46.67, 47.623, 47.749, 47.749, 48.445, 49.276, 49.412, 49.314, 49.619, 49.716, 49.096, 48.15, 47.611, 47.934, 48.194, 38.417], [38.756, 38.289, 37.533, 36.248, 34.184, 32.627, 31.937, 29.797, 27.419, 23.918, 19.207, 13.035, 8.136, 4.789, 0.0, 8.508, 15.458, 17.743, 24.864, 35.064, 39.169, 41.491, 44.139, 45.159, 44.893, 44.781, 44.922, 44.705, 44.144, 44.208, 45.436, 47.276, 48.389, 48.364, 48.582, 49.099, 49.021, 48.481, 48.357, 48.694, 48.845, 48.873, 49.795, 49.646, 46.51, 43.14, 42.913, 43.456, 43.336, 42.931, 42.968, 43.391, 43.482, 43.373, 43.173, 42.997, 42.885, 42.793, 42.762, 42.719, 42.93, 43.669, 44.508, 45.137, 45.403, 45.511, 45.749, 45.723, 45.487, 45.618, 46.289, 46.62, 45.738, 45.277, 45.921, 46.24, 45.939, 45.975, 46.898, 48.919, 50.856, 51.243, 51.12, 52.214, 54.13, 55.56, 55.689, 55.607, 56.649, 58.191, 59.032, 58.672, 57.637, 56.614, 56.133, 55.283, 53.806, 52.473, 51.729, 50.77, 49.732, 49.099, 48.885, 48.453, 47.452, 46.049, 44.936, 44.721, 44.402, 43.153, 41.974, 41.76, 41.954, 41.83, 41.425, 41.374, 41.54, 41.547, 41.569, 41.762, 42.451, 43.306, 43.498, 43.253, 43.433, 44.403, 45.325, 45.367, 44.99, 45.527, 46.801, 47.75, 47.866, 47.856, 48.571, 49.406, 49.526, 49.422, 49.719, 49.814, 49.202, 48.254, 47.7, 48.014, 48.279, 38.886], [38.959, 38.52, 37.805, 36.684, 35.09, 34.105, 33.648, 31.498, 29.432, 26.845, 22.993, 17.289, 13.056, 11.501, 8.508, 0.0, 8.469, 12.563, 21.414, 32.465, 36.809, 39.338, 42.288, 43.505, 43.32, 43.236, 43.385, 43.192, 42.674, 42.761, 44.044, 46.027, 47.267, 47.27, 47.498, 48.073, 48.035, 47.501, 47.357, 47.645, 47.783, 47.905, 48.965, 48.926, 45.864, 42.692, 42.549, 43.028, 42.952, 42.582, 42.509, 42.872, 42.95, 42.774, 42.55, 42.381, 42.235, 42.103, 42.084, 42.07, 42.267, 42.942, 43.725, 44.373, 44.698, 44.82, 45.046, 45.043, 44.867, 45.025, 45.653, 45.942, 45.108, 44.726, 45.387, 45.706, 45.488, 45.603, 46.509, 48.408, 50.265, 50.78, 50.848, 52.002, 53.884, 55.304, 55.515, 55.546, 56.588, 58.079, 58.911, 58.562, 57.508, 56.436, 55.9, 55.042, 53.589, 52.252, 51.459, 50.453, 49.398, 48.762, 48.562, 48.17, 47.208, 45.819, 44.67, 44.346, 43.9, 42.634, 41.515, 41.311, 41.462, 41.384, 41.131, 41.17, 41.328, 41.319, 41.344, 41.499, 42.127, 42.996, 43.186, 42.916, 43.124, 44.2, 45.211, 45.294, 44.926, 45.433, 46.656, 47.536, 47.599, 47.579, 48.292, 49.068, 49.116, 48.973, 49.247, 49.335, 48.738, 47.798, 47.237, 47.547, 47.825, 39.062], [38.766, 38.365, 37.748, 36.825, 35.686, 35.391, 35.382, 33.343, 31.423, 29.599, 26.879, 22.291, 18.615, 17.36, 15.458, 8.469, 0.0, 7.416, 19.777, 31.312, 35.523, 38.041, 41.096, 42.395, 42.271, 42.227, 42.387, 42.161, 41.568, 41.6, 42.889, 44.934, 46.227, 46.251, 46.509, 47.117, 47.069, 46.506, 46.347, 46.599, 46.732, 47.047, 48.435, 48.446, 45.232, 42.146, 42.136, 42.579, 42.557, 42.281, 42.176, 42.506, 42.594, 42.36, 42.032, 41.787, 41.562, 41.365, 41.326, 41.322, 41.512, 42.145, 42.9, 43.594, 43.995, 44.117, 44.306, 44.316, 44.194, 44.382, 45.026, 45.35, 44.55, 44.182, 44.858, 45.199, 45.045, 45.21, 46.092, 47.967, 49.855, 50.491, 50.689, 51.878, 53.771, 55.261, 55.564, 55.634, 56.642, 58.136, 59.014, 58.67, 57.562, 56.421, 55.842, 54.972, 53.511, 52.147, 51.31, 50.253, 49.163, 48.52, 48.331, 47.955, 46.99, 45.524, 44.178, 43.655, 43.125, 41.842, 40.694, 40.469, 40.612, 40.571, 40.368, 40.403, 40.522, 40.479, 40.505, 40.683, 41.352, 42.286, 42.47, 42.172, 42.437, 43.666, 44.801, 44.935, 44.575, 45.112, 46.405, 47.317, 47.379, 47.345, 47.99, 48.682, 48.682, 48.526, 48.796, 48.863, 48.244, 47.287, 46.717, 47.037, 47.325, 38.865], [38.871, 38.502, 37.973, 37.187, 36.265, 36.277, 36.489, 34.592, 32.65, 30.691, 28.084, 23.993, 20.737, 19.429, 17.743, 12.563, 7.416, 0.0, 15.992, 29.274, 33.845, 36.344, 39.571, 41.027, 40.968, 40.965, 41.154, 40.934, 40.366, 40.494, 41.942, 44.16, 45.542, 45.562, 45.814, 46.43, 46.362, 45.766, 45.604, 45.864, 45.966, 46.255, 47.766, 47.942, 44.927, 41.808, 41.716, 42.151, 42.061, 41.743, 41.692, 42.09, 42.203, 41.936, 41.499, 41.16, 40.924, 40.752, 40.722, 40.735, 40.985, 41.704, 42.51, 43.214, 43.616, 43.757, 43.956, 43.974, 43.866, 44.069, 44.73, 45.034, 44.174, 43.776, 44.478, 44.855, 44.712, 44.879, 45.798, 47.778, 49.76, 50.383, 50.557, 51.77, 53.694, 55.195, 55.483, 55.514, 56.496, 58.01, 58.914, 58.571, 57.472, 56.38, 55.855, 54.988, 53.498, 52.098, 51.237, 50.181, 49.109, 48.482, 48.296, 47.9, 46.88, 45.323, 43.872, 43.306, 42.818, 41.519, 40.252, 39.937, 40.098, 40.045, 39.761, 39.736, 39.831, 39.786, 39.801, 39.976, 40.757, 41.765, 41.949, 41.643, 41.94, 43.227, 44.397, 44.534, 44.166, 44.746, 46.117, 47.078, 47.142, 47.1, 47.754, 48.481, 48.497, 48.342, 48.621, 48.698, 48.071, 47.1, 46.516, 46.831, 47.113, 38.948], [41.586, 41.313, 40.927, 40.442, 39.896, 39.991, 40.197, 38.639, 37.055, 35.336, 33.011, 29.527, 26.925, 26.045, 24.864, 21.414, 19.777, 15.992, 0.0, 15.895, 22.407, 25.553, 29.555, 32.16, 32.701, 32.879, 33.192, 33.165, 33.063, 33.858, 35.966, 38.989, 41.058, 41.225, 41.394, 42.195, 42.403, 41.903, 41.679, 41.799, 41.798, 41.951, 43.189, 43.692, 42.687, 42.031, 42.526, 42.763, 42.674, 42.331, 42.122, 42.397, 42.494, 42.187, 41.562, 40.997, 40.729, 40.643, 40.664, 40.716, 40.976, 41.619, 42.225, 42.736, 43.108, 43.386, 43.708, 43.863, 43.901, 44.095, 44.494, 44.563, 43.896, 43.814, 44.513, 44.91, 44.998, 45.31, 46.166, 47.879, 49.58, 50.038, 50.277, 51.52, 53.293, 54.574, 54.783, 54.898, 55.905, 57.305, 58.085, 57.724, 56.74, 55.871, 55.555, 54.799, 53.401, 52.08, 51.233, 50.245, 49.328, 48.855, 48.762, 48.394, 47.417, 46.03, 44.853, 44.363, 43.886, 42.854, 41.912, 41.652, 41.76, 41.766, 41.747, 42.009, 42.152, 42.107, 42.1, 42.187, 42.713, 43.426, 43.547, 43.269, 43.35, 44.312, 45.321, 45.455, 45.056, 45.333, 46.263, 46.939, 46.944, 46.942, 47.606, 48.281, 48.254, 48.073, 48.337, 48.463, 47.964, 47.143, 46.651, 46.9, 47.129, 41.57], [46.848, 46.639, 46.361, 46.131, 45.867, 45.834, 45.909, 44.689, 43.541, 42.474, 40.928, 38.302, 36.32, 35.756, 35.064, 32.465, 31.312, 29.274, 15.895, 0.0, 8.817, 13.533, 18.306, 22.477, 24.109, 24.648, 25.166, 25.511, 26.137, 27.73, 30.318, 33.899, 36.63, 37.004, 37.046, 38.053, 38.731, 38.499, 38.219, 38.116, 38.047, 38.282, 39.23, 39.896, 41.545, 44.716, 46.27, 46.215, 46.318, 46.254, 45.86, 45.789, 45.815, 45.525, 44.893, 44.271, 43.947, 43.869, 43.901, 43.955, 44.065, 44.312, 44.436, 44.603, 44.895, 45.256, 45.615, 45.864, 46.083, 46.243, 46.287, 46.176, 45.976, 46.369, 46.973, 47.312, 47.703, 48.166, 48.731, 49.72, 50.792, 51.125, 51.551, 52.674, 54.086, 55.088, 55.313, 55.565, 56.483, 57.599, 58.189, 57.854, 56.951, 56.121, 55.857, 55.256, 54.095, 52.989, 52.222, 51.315, 50.589, 50.332, 50.361, 50.057, 49.293, 48.424, 47.834, 47.457, 46.966, 46.402, 46.161, 46.165, 46.196, 46.327, 46.791, 47.477, 47.69, 47.62, 47.611, 47.689, 47.85, 48.129, 48.135, 47.884, 47.719, 48.255, 49.011, 49.141, 48.767, 48.658, 48.926, 49.147, 49.081, 49.101, 49.576, 50.036, 49.959, 49.769, 49.972, 50.12, 49.818, 49.272, 48.971, 49.148, 49.299, 46.783], [49.475, 49.289, 49.051, 48.891, 48.656, 48.467, 48.441, 47.369, 46.396, 45.631, 44.383, 42.007, 40.21, 39.724, 39.169, 36.809, 35.523, 33.845, 22.407, 8.817, 0.0, 6.704, 13.333, 18.39, 20.522, 21.282, 21.939, 22.605, 23.735, 25.731, 28.424, 32.034, 34.921, 35.401, 35.408, 36.468, 37.378, 37.381, 37.184, 37.05, 37.021, 37.442, 38.461, 39.182, 41.611, 46.178, 48.151, 48.013, 48.166, 48.241, 47.828, 47.619, 47.614, 47.355, 46.818, 46.32, 46.054, 45.993, 46.021, 46.044, 46.03, 46.039, 45.9, 45.869, 46.092, 46.46, 46.79, 47.044, 47.341, 47.502, 47.407, 47.239, 47.254, 47.838, 48.386, 48.698, 49.212, 49.708, 50.116, 50.718, 51.457, 51.756, 52.258, 53.294, 54.511, 55.364, 55.628, 55.975, 56.833, 57.787, 58.282, 57.968, 57.103, 56.238, 55.936, 55.388, 54.346, 53.34, 52.603, 51.717, 51.078, 50.931, 51.003, 50.725, 50.117, 49.585, 49.317, 48.996, 48.53, 48.183, 48.256, 48.394, 48.401, 48.588, 49.246, 50.089, 50.324, 50.25, 50.253, 50.352, 50.408, 50.527, 50.477, 50.249, 50.031, 50.384, 50.982, 51.092, 50.758, 50.542, 50.568, 50.594, 50.5, 50.542, 50.89, 51.193, 51.081, 50.899, 51.068, 51.206, 50.988, 50.586, 50.39, 50.547, 50.674, 49.42], [50.555, 50.386, 50.202, 50.131, 49.986, 49.84, 49.839, 48.827, 47.929, 47.358, 46.333, 44.129, 42.423, 41.959, 41.491, 39.338, 38.041, 36.344, 25.553, 13.533, 6.704, 0.0, 8.875, 15.524, 18.309, 19.252, 20.014, 20.889, 22.423, 24.79, 27.616, 31.27, 34.232, 34.775, 34.801, 35.902, 36.924, 37.068, 36.965, 36.853, 36.852, 37.39, 38.545, 39.43, 42.219, 47.017, 48.944, 48.821, 48.973, 49.008, 48.598, 48.404, 48.409, 48.143, 47.588, 47.092, 46.858, 46.835, 46.873, 46.882, 46.839, 46.818, 46.65, 46.58, 46.774, 47.136, 47.457, 47.716, 48.032, 48.184, 48.062, 47.898, 47.951, 48.548, 49.084, 49.422, 49.965, 50.447, 50.833, 51.402, 52.16, 52.525, 53.031, 54.016, 55.185, 56.012, 56.287, 56.641, 57.451, 58.339, 58.807, 58.509, 57.668, 56.812, 56.496, 55.962, 54.953, 53.963, 53.214, 52.348, 51.765, 51.66, 51.734, 51.466, 50.907, 50.443, 50.197, 49.822, 49.371, 49.104, 49.232, 49.364, 49.368, 49.572, 50.244, 51.076, 51.289, 51.21, 51.209, 51.338, 51.409, 51.476, 51.411, 51.193, 50.937, 51.201, 51.723, 51.813, 51.488, 51.234, 51.178, 51.146, 51.026, 51.031, 51.32, 51.607, 51.514, 51.343, 51.5, 51.635, 51.442, 51.083, 50.925, 51.088, 51.212, 50.511], [51.333, 51.176, 51.047, 51.054, 51.023, 51.059, 51.169, 50.173, 49.328, 48.996, 48.344, 46.484, 44.94, 44.496, 44.139, 42.288, 41.096, 39.571, 29.555, 18.306, 13.333, 8.875, 0.0, 8.647, 13.048, 14.589, 15.494, 16.591, 18.523, 21.366, 24.539, 28.449, 31.588, 32.214, 32.286, 33.489, 34.668, 34.945, 34.924, 34.853, 34.866, 35.51, 36.875, 37.909, 41.487, 47.357, 49.599, 49.454, 49.791, 50.003, 49.622, 49.391, 49.41, 49.132, 48.51, 47.911, 47.602, 47.566, 47.605, 47.61, 47.544, 47.484, 47.327, 47.301, 47.514, 47.849, 48.138, 48.403, 48.733, 48.875, 48.794, 48.701, 48.766, 49.304, 49.817, 50.211, 50.809, 51.285, 51.639, 52.239, 53.116, 53.597, 54.073, 54.978, 56.193, 57.113, 57.405, 57.679, 58.399, 59.267, 59.769, 59.503, 58.634, 57.702, 57.361, 56.861, 55.875, 54.906, 54.181, 53.325, 52.73, 52.589, 52.61, 52.327, 51.812, 51.355, 51.018, 50.513, 50.044, 49.886, 50.082, 50.199, 50.179, 50.404, 51.116, 51.964, 52.168, 52.067, 52.047, 52.203, 52.25, 52.208, 52.113, 51.902, 51.594, 51.797, 52.272, 52.333, 52.007, 51.707, 51.587, 51.532, 51.382, 51.286, 51.488, 51.813, 51.788, 51.646, 51.812, 51.96, 51.776, 51.416, 51.27, 51.434, 51.538, 51.3], [51.296, 51.137, 51.026, 51.052, 51.06, 51.221, 51.411, 50.437, 49.608, 49.403, 48.98, 47.327, 45.888, 45.461, 45.159, 43.505, 42.395, 41.027, 32.16, 22.477, 18.39, 15.524, 8.647, 0.0, 5.851, 8.447, 9.685, 11.113, 13.535, 16.886, 20.548, 24.845, 28.143, 28.78, 28.881, 30.161, 31.417, 31.756, 31.84, 31.886, 31.897, 32.517, 34.179, 35.328, 39.254, 46.261, 49.064, 48.872, 49.422, 49.98, 49.747, 49.502, 49.507, 49.231, 48.612, 48.016, 47.683, 47.619, 47.661, 47.681, 47.583, 47.446, 47.265, 47.274, 47.514, 47.812, 48.039, 48.275, 48.613, 48.781, 48.757, 48.678, 48.718, 49.22, 49.712, 50.127, 50.783, 51.293, 51.618, 52.216, 53.161, 53.72, 54.114, 54.932, 56.223, 57.246, 57.549, 57.749, 58.402, 59.281, 59.843, 59.61, 58.701, 57.68, 57.319, 56.853, 55.865, 54.902, 54.204, 53.313, 52.633, 52.414, 52.385, 52.101, 51.639, 51.194, 50.781, 50.209, 49.743, 49.648, 49.927, 50.104, 50.082, 50.302, 51.043, 51.932, 52.159, 52.055, 52.018, 52.166, 52.205, 52.128, 52.018, 51.816, 51.533, 51.783, 52.264, 52.295, 51.974, 51.687, 51.577, 51.523, 51.349, 51.171, 51.286, 51.606, 51.606, 51.483, 51.662, 51.817, 51.634, 51.264, 51.116, 51.288, 51.386, 51.277], [50.682, 50.513, 50.411, 50.462, 50.505, 50.755, 51.003, 50.024, 49.196, 49.026, 48.646, 47.022, 45.588, 45.164, 44.893, 43.32, 42.271, 40.968, 32.701, 24.109, 20.522, 18.309, 13.048, 5.851, 0.0, 3.417, 5.366, 7.329, 10.433, 14.338, 18.432, 23.087, 26.531, 27.128, 27.191, 28.509, 29.773, 30.062, 30.143, 30.238, 30.262, 30.867, 32.663, 33.743, 37.44, 44.825, 47.982, 47.82, 48.42, 49.19, 49.163, 48.989, 48.982, 48.706, 48.087, 47.484, 47.141, 47.07, 47.126, 47.169, 47.068, 46.912, 46.742, 46.791, 47.048, 47.33, 47.539, 47.755, 48.074, 48.25, 48.261, 48.189, 48.192, 48.661, 49.156, 49.58, 50.243, 50.773, 51.114, 51.746, 52.729, 53.317, 53.658, 54.436, 55.763, 56.832, 57.141, 57.324, 57.974, 58.881, 59.479, 59.255, 58.343, 57.325, 56.97, 56.501, 55.491, 54.503, 53.787, 52.855, 52.116, 51.853, 51.805, 51.525, 51.079, 50.608, 50.127, 49.525, 49.045, 48.927, 49.206, 49.411, 49.401, 49.61, 50.327, 51.203, 51.433, 51.33, 51.276, 51.4, 51.494, 51.492, 51.4, 51.194, 50.952, 51.287, 51.82, 51.85, 51.517, 51.271, 51.239, 51.227, 51.045, 50.828, 50.925, 51.278, 51.302, 51.187, 51.375, 51.542, 51.355, 50.954, 50.775, 50.954, 51.063, 50.666], [50.502, 50.327, 50.231, 50.305, 50.368, 50.633, 50.877, 49.896, 49.087, 48.93, 48.541, 46.901, 45.451, 45.033, 44.781, 43.236, 42.227, 40.965, 32.879, 24.648, 21.282, 19.252, 14.589, 8.447, 3.417, 0.0, 2.617, 5.319, 9.076, 13.38, 17.7, 22.52, 26.057, 26.651, 26.686, 28.021, 29.305, 29.578, 29.646, 29.753, 29.775, 30.344, 32.121, 33.123, 36.717, 44.248, 47.541, 47.421, 48.036, 48.853, 48.923, 48.814, 48.804, 48.525, 47.916, 47.311, 46.956, 46.881, 46.943, 46.997, 46.898, 46.742, 46.595, 46.675, 46.939, 47.216, 47.434, 47.654, 47.961, 48.139, 48.169, 48.11, 48.092, 48.543, 49.042, 49.464, 50.108, 50.629, 50.974, 51.618, 52.611, 53.213, 53.538, 54.291, 55.6, 56.662, 56.976, 57.177, 57.84, 58.748, 59.346, 59.126, 58.233, 57.248, 56.908, 56.446, 55.44, 54.443, 53.714, 52.773, 52.03, 51.761, 51.709, 51.428, 50.981, 50.493, 49.979, 49.357, 48.859, 48.719, 48.981, 49.177, 49.166, 49.376, 50.081, 50.944, 51.172, 51.069, 51.01, 51.126, 51.247, 51.282, 51.201, 50.993, 50.767, 51.132, 51.684, 51.713, 51.374, 51.148, 51.157, 51.166, 50.981, 50.758, 50.863, 51.244, 51.284, 51.171, 51.362, 51.536, 51.35, 50.937, 50.74, 50.917, 51.028, 50.481], [50.551, 50.378, 50.286, 50.376, 50.457, 50.725, 50.961, 49.982, 49.195, 49.058, 48.679, 47.045, 45.59, 45.169, 44.922, 43.385, 42.387, 41.154, 33.192, 25.166, 21.939, 20.014, 15.494, 9.685, 5.366, 2.617, 0.0, 3.374, 7.903, 12.629, 17.157, 22.101, 25.702, 26.317, 26.356, 27.698, 28.991, 29.28, 29.39, 29.532, 29.526, 30.036, 31.793, 32.771, 36.35, 44.028, 47.423, 47.315, 47.97, 48.819, 48.888, 48.788, 48.793, 48.521, 47.915, 47.316, 46.958, 46.878, 46.94, 46.999, 46.9, 46.74, 46.603, 46.703, 46.968, 47.241, 47.467, 47.699, 48.012, 48.192, 48.237, 48.191, 48.165, 48.603, 49.11, 49.541, 50.18, 50.693, 51.03, 51.683, 52.698, 53.319, 53.635, 54.368, 55.664, 56.72, 57.033, 57.241, 57.903, 58.806, 59.405, 59.189, 58.302, 57.322, 56.982, 56.531, 55.534, 54.532, 53.797, 52.854, 52.103, 51.823, 51.761, 51.475, 51.028, 50.537, 50.009, 49.373, 48.868, 48.725, 48.981, 49.166, 49.152, 49.371, 50.084, 50.949, 51.185, 51.088, 51.032, 51.154, 51.282, 51.309, 51.227, 51.025, 50.802, 51.168, 51.712, 51.736, 51.406, 51.196, 51.214, 51.216, 51.027, 50.81, 50.914, 51.291, 51.327, 51.212, 51.403, 51.577, 51.392, 50.979, 50.78, 50.955, 51.063, 50.53], [50.023, 49.854, 49.777, 49.896, 50.026, 50.389, 50.689, 49.691, 48.886, 48.775, 48.442, 46.845, 45.385, 44.939, 44.705, 43.192, 42.161, 40.934, 33.165, 25.511, 22.605, 20.889, 16.591, 11.113, 7.329, 5.319, 3.374, 0.0, 5.205, 10.666, 15.786, 21.086, 24.802, 25.422, 25.485, 26.862, 28.129, 28.373, 28.514, 28.733, 28.718, 29.195, 31.039, 31.984, 35.402, 43.195, 46.771, 46.675, 47.373, 48.272, 48.331, 48.22, 48.241, 47.992, 47.387, 46.788, 46.43, 46.343, 46.397, 46.457, 46.362, 46.207, 46.096, 46.238, 46.514, 46.771, 46.997, 47.243, 47.569, 47.761, 47.838, 47.816, 47.756, 48.156, 48.678, 49.137, 49.791, 50.319, 50.671, 51.399, 52.514, 53.168, 53.462, 54.194, 55.544, 56.654, 56.967, 57.135, 57.784, 58.719, 59.351, 59.134, 58.22, 57.206, 56.837, 56.373, 55.359, 54.326, 53.569, 52.6, 51.808, 51.494, 51.419, 51.13, 50.663, 50.119, 49.523, 48.853, 48.336, 48.157, 48.367, 48.532, 48.526, 48.764, 49.481, 50.35, 50.601, 50.517, 50.464, 50.601, 50.753, 50.779, 50.69, 50.483, 50.279, 50.684, 51.244, 51.26, 50.933, 50.747, 50.791, 50.807, 50.62, 50.404, 50.508, 50.889, 50.926, 50.817, 51.019, 51.193, 50.997, 50.561, 50.344, 50.522, 50.634, 50.007], [48.756, 48.591, 48.541, 48.712, 48.948, 49.526, 49.952, 48.909, 48.081, 48.049, 47.836, 46.325, 44.867, 44.368, 44.144, 42.674, 41.568, 40.366, 33.063, 26.137, 23.735, 22.423, 18.523, 13.535, 10.433, 9.076, 7.903, 5.205, 0.0, 6.2, 12.469, 18.619, 22.656, 23.328, 23.472, 24.943, 26.196, 26.365, 26.53, 26.913, 27.014, 27.598, 29.691, 30.521, 33.579, 41.6, 45.459, 45.375, 46.183, 47.164, 47.187, 47.06, 47.079, 46.838, 46.256, 45.692, 45.338, 45.23, 45.265, 45.323, 45.239, 45.093, 45.044, 45.286, 45.6, 45.818, 46.014, 46.24, 46.556, 46.766, 46.899, 46.909, 46.805, 47.158, 47.695, 48.182, 48.861, 49.428, 49.801, 50.621, 51.877, 52.599, 52.874, 53.629, 55.106, 56.343, 56.672, 56.772, 57.396, 58.393, 59.094, 58.883, 57.909, 56.804, 56.359, 55.856, 54.8, 53.72, 52.934, 51.913, 51.051, 50.683, 50.583, 50.285, 49.787, 49.147, 48.43, 47.706, 47.148, 46.894, 47.03, 47.198, 47.221, 47.471, 48.176, 49.044, 49.307, 49.225, 49.179, 49.346, 49.556, 49.604, 49.488, 49.261, 49.113, 49.633, 50.263, 50.278, 49.934, 49.781, 49.904, 49.978, 49.795, 49.572, 49.694, 50.107, 50.162, 50.068, 50.298, 50.477, 50.243, 49.742, 49.475, 49.654, 49.77, 48.747], [47.74, 47.581, 47.563, 47.81, 48.238, 49.085, 49.612, 48.542, 47.768, 47.885, 47.819, 46.423, 44.989, 44.445, 44.208, 42.761, 41.6, 40.494, 33.858, 27.73, 25.731, 24.79, 21.366, 16.886, 14.338, 13.38, 12.629, 10.666, 6.2, 0.0, 7.27, 14.514, 19.164, 20.046, 20.312, 21.926, 23.289, 23.544, 23.845, 24.444, 24.756, 25.639, 28.118, 28.865, 31.757, 40.309, 44.47, 44.365, 45.323, 46.409, 46.362, 46.194, 46.209, 45.939, 45.356, 44.839, 44.499, 44.368, 44.386, 44.44, 44.363, 44.22, 44.219, 44.558, 44.92, 45.091, 45.213, 45.374, 45.664, 45.878, 46.034, 46.071, 45.993, 46.352, 46.888, 47.371, 48.069, 48.677, 49.033, 49.866, 51.206, 52.021, 52.327, 53.101, 54.656, 55.997, 56.363, 56.436, 57.037, 58.066, 58.821, 58.624, 57.592, 56.379, 55.847, 55.3, 54.208, 53.091, 52.281, 51.209, 50.285, 49.871, 49.741, 49.427, 48.92, 48.238, 47.456, 46.684, 46.06, 45.762, 45.905, 46.135, 46.195, 46.45, 47.156, 48.028, 48.286, 48.188, 48.14, 48.337, 48.602, 48.666, 48.514, 48.268, 48.18, 48.817, 49.528, 49.555, 49.199, 49.072, 49.259, 49.375, 49.183, 48.955, 49.101, 49.549, 49.627, 49.547, 49.801, 49.985, 49.716, 49.156, 48.844, 49.024, 49.147, 47.73], [47.737, 47.588, 47.602, 47.914, 48.507, 49.55, 50.121, 49.093, 48.446, 48.731, 48.816, 47.565, 46.21, 45.667, 45.436, 44.044, 42.889, 41.942, 35.966, 30.318, 28.424, 27.616, 24.539, 20.548, 18.432, 17.7, 17.157, 15.786, 12.469, 7.27, 0.0, 8.094, 13.728, 15.179, 15.641, 17.437, 19.213, 20.015, 20.82, 21.716, 22.276, 23.72, 26.762, 27.622, 30.997, 40.404, 44.767, 44.621, 45.659, 46.784, 46.657, 46.424, 46.444, 46.135, 45.479, 44.915, 44.549, 44.4, 44.399, 44.433, 44.348, 44.19, 44.168, 44.522, 44.918, 45.057, 45.083, 45.165, 45.441, 45.642, 45.763, 45.821, 45.862, 46.297, 46.81, 47.264, 47.977, 48.593, 48.887, 49.643, 50.982, 51.891, 52.284, 53.054, 54.58, 55.947, 56.359, 56.443, 57.007, 58.003, 58.763, 58.588, 57.519, 56.201, 55.598, 55.029, 53.922, 52.796, 51.98, 50.883, 49.934, 49.512, 49.369, 49.036, 48.545, 47.922, 47.2, 46.407, 45.711, 45.443, 45.711, 46.045, 46.123, 46.38, 47.121, 48.025, 48.279, 48.162, 48.11, 48.325, 48.597, 48.629, 48.463, 48.228, 48.164, 48.841, 49.584, 49.63, 49.295, 49.176, 49.353, 49.447, 49.236, 48.998, 49.141, 49.611, 49.719, 49.652, 49.91, 50.09, 49.825, 49.279, 48.982, 49.17, 49.301, 47.719], [48.631, 48.489, 48.527, 48.851, 49.452, 50.497, 51.069, 50.183, 49.644, 50.013, 50.242, 49.187, 47.98, 47.478, 47.276, 46.027, 44.934, 44.16, 38.989, 33.899, 32.034, 31.27, 28.449, 24.845, 23.087, 22.52, 22.101, 21.086, 18.619, 14.514, 8.094, 0.0, 6.555, 9.276, 10.467, 12.291, 14.645, 16.658, 18.541, 19.908, 20.833, 23.16, 26.942, 27.991, 31.832, 41.74, 46.118, 45.961, 46.988, 48.054, 47.903, 47.648, 47.685, 47.368, 46.642, 45.975, 45.53, 45.351, 45.32, 45.32, 45.209, 45.016, 44.939, 45.26, 45.648, 45.755, 45.691, 45.696, 45.956, 46.141, 46.214, 46.275, 46.433, 46.929, 47.402, 47.825, 48.536, 49.123, 49.348, 50.014, 51.345, 52.32, 52.747, 53.452, 54.9, 56.261, 56.691, 56.747, 57.233, 58.165, 58.924, 58.788, 57.701, 56.285, 55.63, 55.066, 53.971, 52.874, 52.089, 51.006, 50.07, 49.662, 49.52, 49.174, 48.704, 48.184, 47.591, 46.819, 46.108, 45.939, 46.394, 46.839, 46.921, 47.181, 47.973, 48.929, 49.194, 49.075, 49.027, 49.253, 49.479, 49.419, 49.258, 49.072, 49.021, 49.67, 50.379, 50.436, 50.161, 50.073, 50.236, 50.313, 50.087, 49.825, 49.925, 50.389, 50.536, 50.49, 50.726, 50.877, 50.632, 50.158, 49.928, 50.125, 50.253, 48.612], [49.252, 49.104, 49.155, 49.472, 50.028, 51.023, 51.601, 50.823, 50.318, 50.69, 51.029, 50.136, 49.051, 48.582, 48.389, 47.267, 46.227, 45.542, 41.058, 36.63, 34.921, 34.232, 31.588, 28.143, 26.531, 26.057, 25.702, 24.802, 22.656, 19.164, 13.728, 6.555, 0.0, 4.412, 7.155, 8.886, 11.324, 14.42, 17.355, 19.232, 20.544, 23.605, 28.0, 29.213, 32.983, 42.678, 46.941, 46.785, 47.796, 48.829, 48.708, 48.487, 48.543, 48.225, 47.474, 46.758, 46.264, 46.058, 46.009, 45.986, 45.846, 45.607, 45.499, 45.821, 46.208, 46.29, 46.164, 46.108, 46.349, 46.536, 46.591, 46.647, 46.847, 47.359, 47.799, 48.194, 48.894, 49.488, 49.695, 50.338, 51.714, 52.74, 53.144, 53.77, 55.17, 56.546, 56.977, 56.987, 57.401, 58.298, 59.081, 58.989, 57.888, 56.392, 55.687, 55.125, 54.045, 52.971, 52.206, 51.129, 50.192, 49.78, 49.627, 49.272, 48.806, 48.327, 47.798, 47.065, 46.388, 46.28, 46.831, 47.342, 47.437, 47.705, 48.521, 49.511, 49.8, 49.696, 49.656, 49.89, 50.097, 49.987, 49.835, 49.681, 49.668, 50.33, 51.031, 51.092, 50.851, 50.8, 50.994, 51.097, 50.864, 50.575, 50.647, 51.09, 51.244, 51.203, 51.417, 51.533, 51.285, 50.854, 50.665, 50.868, 50.987, 49.244], [48.98, 48.824, 48.874, 49.192, 49.763, 50.796, 51.417, 50.626, 50.1, 50.484, 50.89, 50.06, 49.016, 48.558, 48.364, 47.27, 46.251, 45.562, 41.225, 37.004, 35.401, 34.775, 32.214, 28.78, 27.128, 26.651, 26.317, 25.422, 23.328, 20.046, 15.179, 9.276, 4.412, 0.0, 3.871, 6.657, 9.33, 12.486, 15.732, 17.961, 19.533, 22.879, 27.623, 29.078, 32.92, 42.468, 46.688, 46.512, 47.547, 48.623, 48.53, 48.328, 48.387, 48.054, 47.294, 46.583, 46.079, 45.855, 45.801, 45.774, 45.609, 45.329, 45.2, 45.545, 45.958, 46.034, 45.887, 45.814, 46.058, 46.26, 46.322, 46.386, 46.604, 47.141, 47.578, 47.94, 48.639, 49.282, 49.484, 50.081, 51.447, 52.518, 52.957, 53.581, 54.973, 56.365, 56.819, 56.849, 57.255, 58.131, 58.916, 58.841, 57.723, 56.16, 55.382, 54.786, 53.696, 52.615, 51.831, 50.722, 49.764, 49.343, 49.176, 48.808, 48.342, 47.878, 47.383, 46.7, 46.014, 45.873, 46.447, 47.002, 47.102, 47.356, 48.18, 49.206, 49.53, 49.441, 49.406, 49.639, 49.866, 49.796, 49.648, 49.482, 49.499, 50.236, 50.998, 51.073, 50.82, 50.749, 50.933, 51.036, 50.791, 50.482, 50.563, 51.01, 51.143, 51.083, 51.298, 51.418, 51.161, 50.715, 50.515, 50.72, 50.838, 48.979], [49.149, 48.997, 49.049, 49.368, 49.925, 50.913, 51.519, 50.736, 50.236, 50.621, 51.016, 50.196, 49.191, 48.764, 48.582, 47.498, 46.509, 45.814, 41.394, 37.046, 35.408, 34.801, 32.286, 28.881, 27.191, 26.686, 26.356, 25.485, 23.472, 20.312, 15.641, 10.467, 7.155, 3.871, 0.0, 4.236, 7.964, 11.226, 14.411, 16.701, 18.421, 21.91, 26.793, 28.447, 32.719, 42.518, 46.779, 46.589, 47.61, 48.684, 48.584, 48.375, 48.429, 48.104, 47.359, 46.67, 46.187, 45.977, 45.932, 45.912, 45.754, 45.477, 45.326, 45.643, 46.041, 46.118, 45.983, 45.924, 46.185, 46.402, 46.46, 46.509, 46.733, 47.29, 47.721, 48.056, 48.746, 49.394, 49.562, 50.074, 51.372, 52.452, 52.926, 53.558, 54.936, 56.312, 56.781, 56.85, 57.274, 58.123, 58.878, 58.797, 57.676, 56.088, 55.28, 54.672, 53.599, 52.534, 51.748, 50.638, 49.688, 49.271, 49.096, 48.726, 48.287, 47.881, 47.458, 46.822, 46.125, 45.976, 46.593, 47.183, 47.278, 47.519, 48.361, 49.422, 49.769, 49.694, 49.664, 49.886, 50.106,