[[0.0, 8.483, 16.515, 19.65, 21.786, 24.884, 29.028, 29.868, 29.985, 31.376, 31.798, 31.43, 31.794, 32.584, 32.927, 34.668, 36.125, 35.947, 35.819, 35.465, 35.208, 35.161, 34.632, 34.2, 33.808, 34.037, 34.214, 34.014, 33.518, 33.137, 32.984, 33.508, 34.641, 35.059, 34.589, 34.152, 32.921, 33.026, 33.27, 32.877, 33.438, 33.939, 33.491, 32.922, 33.017, 33.805, 34.135, 34.249, 34.652, 35.538, 35.877, 35.777, 36.593, 36.421, 35.618, 33.917, 33.341, 33.226, 31.993, 31.659, 31.211, 30.564, 30.35, 30.651, 31.517, 32.54, 33.029, 33.057, 32.842, 33.037, 33.04, 32.842, 33.149, 33.239, 33.308, 33.162, 33.073, 33.064, 32.743, 32.532, 32.266, 31.455, 31.161, 31.237, 30.86, 39.208, 52.021, 53.056, 53.1, 55.202, 54.405, 52.38, 52.907, 53.555, 52.39, 50.941, 49.563, 48.846, 48.693, 48.526, 48.394, 47.746, 46.636, 44.614, 43.677, 44.508, 40.248, 36.195, 39.321, 39.077, 41.638, 41.034, 37.781, 37.142, 36.9, 35.237, 34.99, 35.829, 36.628, 36.421, 35.711, 35.978, 35.818, 34.793, 35.101, 35.142, 8.454], [8.483, 0.0, 10.15, 14.944, 18.075, 21.847, 26.408, 27.417, 27.777, 29.429, 29.984, 29.743, 30.336, 31.341, 31.907, 33.944, 35.659, 35.666, 35.657, 35.37, 35.18, 35.301, 34.882, 34.503, 34.146, 34.396, 34.62, 34.452, 33.932, 33.507, 33.306, 33.798, 34.934, 35.346, 34.828, 34.346, 33.075, 33.146, 33.408, 33.01, 33.556, 34.016, 33.534, 32.996, 33.093, 33.825, 34.165, 34.294, 34.668, 35.505, 35.864, 35.784, 36.635, 36.478, 35.708, 34.048, 33.48, 33.327, 32.059, 31.674, 31.22, 30.639, 30.449, 30.773, 31.693, 32.745, 33.27, 33.281, 33.023, 33.204, 33.239, 33.063, 33.369, 33.47, 33.535, 33.388, 33.301, 33.263, 32.902, 32.682, 32.399, 31.595, 31.315, 31.402, 31.056, 39.46, 52.073, 53.043, 53.101, 55.214, 54.415, 52.401, 52.913, 53.562, 52.43, 50.993, 49.634, 48.943, 48.812, 48.655, 48.517, 47.85, 46.706, 44.656, 43.717, 44.528, 40.217, 35.972, 39.023, 38.759, 41.343, 40.86, 37.728, 37.204, 37.038, 35.435, 35.199, 35.983, 36.778, 36.577, 35.845, 36.035, 35.833, 34.735, 34.952, 34.988, 13.695], [16.515, 10.15, 0.0, 7.898, 13.965, 19.126, 24.021, 25.203, 25.955, 27.875, 28.551, 28.47, 29.267, 30.435, 31.112, 33.379, 35.398, 35.609, 35.727, 35.513, 35.346, 35.574, 35.239, 34.909, 34.581, 34.862, 35.123, 34.99, 34.477, 34.023, 33.785, 34.259, 35.341, 35.717, 35.174, 34.65, 33.452, 33.566, 33.813, 33.42, 33.961, 34.42, 33.992, 33.501, 33.55, 34.196, 34.528, 34.621, 34.913, 35.708, 36.018, 35.9, 36.766, 36.651, 35.965, 34.39, 33.844, 33.649, 32.41, 32.064, 31.626, 31.128, 31.02, 31.381, 32.332, 33.404, 33.933, 33.925, 33.677, 33.86, 33.88, 33.675, 33.967, 34.071, 34.119, 33.939, 33.852, 33.845, 33.457, 33.232, 32.966, 32.234, 32.015, 32.101, 31.763, 40.221, 52.512, 53.393, 53.471, 55.584, 54.805, 52.809, 53.313, 53.966, 52.866, 51.45, 50.115, 49.449, 49.338, 49.184, 49.047, 48.368, 47.19, 45.11, 44.185, 44.963, 40.545, 36.13, 39.065, 38.754, 41.369, 40.981, 37.967, 37.562, 37.519, 36.007, 35.792, 36.544, 37.341, 37.188, 36.39, 36.421, 36.164, 35.02, 35.155, 35.175, 19.452], [19.65, 14.944, 7.898, 0.0, 9.151, 16.949, 22.501, 23.86, 24.966, 27.088, 27.859, 27.841, 28.742, 29.992, 30.65, 32.983, 35.194, 35.507, 35.689, 35.531, 35.386, 35.668, 35.363, 35.057, 34.771, 35.068, 35.348, 35.234, 34.74, 34.297, 34.034, 34.501, 35.549, 35.898, 35.359, 34.823, 33.641, 33.744, 34.013, 33.662, 34.195, 34.642, 34.229, 33.697, 33.761, 34.427, 34.763, 34.83, 35.087, 35.866, 36.131, 36.007, 36.857, 36.772, 36.156, 34.64, 34.137, 33.947, 32.699, 32.344, 31.904, 31.446, 31.393, 31.739, 32.66, 33.73, 34.236, 34.237, 34.024, 34.219, 34.232, 34.013, 34.304, 34.39, 34.402, 34.168, 34.055, 34.085, 33.704, 33.496, 33.277, 32.608, 32.424, 32.492, 32.128, 40.445, 52.586, 53.433, 53.508, 55.624, 54.888, 52.927, 53.435, 54.077, 52.964, 51.585, 50.293, 49.652, 49.54, 49.388, 49.276, 48.618, 47.449, 45.373, 44.443, 45.21, 40.831, 36.561, 39.448, 39.139, 41.654, 41.199, 38.207, 37.821, 37.813, 36.346, 36.176, 36.974, 37.799, 37.65, 36.766, 36.739, 36.49, 35.303, 35.399, 35.417, 21.857], [21.786, 18.075, 13.965, 9.151, 0.0, 11.201, 19.126, 21.111, 22.947, 25.427, 26.336, 26.467, 27.51, 28.962, 29.707, 32.184, 34.541, 34.95, 35.24, 35.259, 35.35, 35.772, 35.54, 35.273, 35.019, 35.334, 35.589, 35.485, 35.067, 34.725, 34.483, 34.924, 35.938, 36.267, 35.681, 35.123, 33.96, 33.981, 34.286, 34.001, 34.503, 34.914, 34.475, 33.886, 33.928, 34.589, 34.907, 34.941, 35.147, 35.881, 36.166, 36.076, 36.884, 36.752, 36.14, 34.709, 34.235, 34.014, 32.779, 32.359, 31.95, 31.623, 31.639, 31.918, 32.785, 33.889, 34.376, 34.377, 34.226, 34.434, 34.442, 34.233, 34.523, 34.594, 34.599, 34.388, 34.263, 34.309, 33.991, 33.86, 33.697, 33.08, 32.867, 32.953, 32.561, 40.215, 52.086, 52.957, 53.022, 55.086, 54.363, 52.472, 52.976, 53.595, 52.468, 51.113, 49.864, 49.236, 49.121, 48.963, 48.872, 48.256, 47.133, 45.117, 44.188, 44.965, 40.835, 37.029, 39.938, 39.68, 41.998, 41.43, 38.444, 38.011, 38.002, 36.598, 36.398, 37.163, 38.011, 37.848, 36.926, 36.934, 36.809, 35.717, 35.697, 35.727, 23.906], [24.884, 21.847, 19.126, 16.949, 11.201, 0.0, 11.024, 15.197, 18.621, 21.958, 23.184, 23.62, 24.874, 26.655, 27.833, 30.83, 33.529, 34.085, 34.512, 34.713, 35.118, 35.846, 35.731, 35.51, 35.301, 35.651, 35.893, 35.829, 35.451, 35.131, 34.88, 35.259, 36.229, 36.579, 36.023, 35.48, 34.399, 34.384, 34.677, 34.43, 34.887, 35.255, 34.827, 34.262, 34.191, 34.703, 34.979, 34.936, 35.025, 35.645, 35.932, 35.914, 36.672, 36.451, 35.929, 34.742, 34.319, 34.069, 32.891, 32.391, 32.087, 31.98, 32.058, 32.278, 33.2, 34.368, 34.835, 34.766, 34.578, 34.777, 34.781, 34.578, 34.834, 34.883, 34.941, 34.805, 34.679, 34.691, 34.42, 34.297, 34.144, 33.595, 33.455, 33.709, 33.37, 40.718, 52.395, 53.306, 53.364, 55.31, 54.526, 52.718, 53.225, 53.834, 52.765, 51.461, 50.258, 49.64, 49.523, 49.346, 49.221, 48.619, 47.524, 45.512, 44.539, 45.334, 41.294, 37.208, 40.069, 39.77, 42.148, 41.636, 38.797, 38.472, 38.496, 37.222, 36.967, 37.55, 38.358, 38.228, 37.346, 37.374, 37.308, 36.256, 36.144, 36.171, 26.875], [29.028, 26.408, 24.021, 22.501, 19.126, 11.024, 0.0, 8.16, 15.067, 19.569, 21.207, 22.024, 23.502, 25.572, 27.334, 30.716, 33.66, 34.403, 34.934, 35.227, 35.841, 36.927, 37.058, 36.963, 36.879, 37.255, 37.544, 37.589, 37.262, 36.896, 36.579, 36.894, 37.717, 38.029, 37.567, 37.111, 36.267, 36.302, 36.54, 36.352, 36.731, 37.046, 36.727, 36.237, 36.123, 36.485, 36.71, 36.637, 36.609, 37.004, 37.245, 37.306, 37.958, 37.731, 37.353, 36.422, 36.084, 35.954, 35.029, 34.591, 34.363, 34.351, 34.426, 34.605, 35.406, 36.373, 36.775, 36.672, 36.387, 36.542, 36.567, 36.389, 36.613, 36.619, 36.676, 36.612, 36.506, 36.491, 36.261, 36.175, 36.056, 35.648, 35.54, 35.794, 35.598, 42.176, 53.063, 53.957, 54.013, 55.82, 55.061, 53.407, 53.885, 54.46, 53.537, 52.393, 51.296, 50.725, 50.613, 50.439, 50.272, 49.674, 48.646, 46.735, 45.78, 46.531, 42.698, 38.308, 40.79, 40.364, 42.503, 42.172, 39.85, 39.765, 39.815, 38.753, 38.57, 38.981, 39.601, 39.507, 38.763, 38.756, 38.735, 37.803, 37.675, 37.699, 30.681], [29.868, 27.417, 25.203, 23.86, 21.111, 15.197, 8.16, 0.0, 10.043, 16.44, 18.503, 19.529, 21.29, 23.718, 25.858, 29.568, 32.822, 33.667, 34.23, 34.6, 35.317, 36.611, 36.914, 36.915, 36.865, 37.262, 37.637, 37.781, 37.506, 37.153, 36.85, 37.18, 37.981, 38.288, 37.821, 37.37, 36.575, 36.655, 36.863, 36.675, 37.064, 37.386, 37.097, 36.606, 36.489, 36.795, 37.011, 36.976, 36.959, 37.32, 37.481, 37.519, 38.173, 37.948, 37.552, 36.588, 36.273, 36.228, 35.341, 34.925, 34.707, 34.641, 34.668, 34.855, 35.711, 36.63, 37.006, 36.92, 36.594, 36.732, 36.772, 36.624, 36.877, 36.888, 36.921, 36.877, 36.791, 36.761, 36.512, 36.453, 36.323, 35.874, 35.681, 35.852, 35.681, 42.121, 52.942, 53.826, 53.866, 55.654, 54.887, 53.242, 53.715, 54.283, 53.383, 52.259, 51.146, 50.556, 50.435, 50.269, 50.115, 49.53, 48.519, 46.642, 45.729, 46.475, 42.68, 38.424, 40.851, 40.416, 42.421, 42.082, 39.787, 39.734, 39.808, 38.761, 38.634, 39.1, 39.728, 39.643, 38.944, 38.954, 38.952, 38.061, 37.994, 38.016, 31.395], [29.985, 27.777, 25.955, 24.966, 22.947, 18.621, 15.067, 10.043, 0.0, 8.989, 12.891, 14.62, 17.139, 20.183, 22.679, 26.855, 30.542, 31.581, 32.243, 32.719, 33.63, 35.235, 35.681, 35.749, 35.729, 36.175, 36.658, 36.878, 36.676, 36.448, 36.199, 36.487, 37.305, 37.641, 37.186, 36.758, 35.956, 36.084, 36.3, 36.081, 36.504, 36.847, 36.543, 36.106, 36.052, 36.358, 36.589, 36.601, 36.587, 36.946, 37.055, 37.059, 37.757, 37.54, 37.11, 36.062, 35.733, 35.702, 34.731, 34.268, 33.978, 33.816, 33.772, 33.91, 34.845, 35.821, 36.212, 36.135, 35.786, 35.935, 35.998, 35.863, 36.15, 36.208, 36.235, 36.198, 36.148, 36.113, 35.812, 35.737, 35.6, 35.083, 34.861, 35.017, 34.804, 41.637, 52.729, 53.574, 53.589, 55.406, 54.627, 52.949, 53.444, 54.011, 53.045, 51.843, 50.679, 50.077, 49.94, 49.767, 49.617, 49.019, 47.975, 46.062, 45.18, 45.945, 42.059, 37.938, 40.498, 40.154, 42.284, 41.851, 39.374, 39.214, 39.261, 38.148, 37.981, 38.483, 39.191, 39.086, 38.35, 38.401, 38.405, 37.494, 37.466, 37.485, 31.333], [31.376, 29.429, 27.875, 27.088, 25.427, 21.958, 19.569, 16.44, 8.989, 0.0, 6.877, 11.012, 14.76, 18.457, 21.215, 25.717, 29.608, 30.849, 31.629, 32.258, 33.466, 35.282, 35.847, 35.991, 36.031, 36.503, 36.973, 37.178, 37.02, 36.927, 36.753, 36.993, 37.729, 38.03, 37.612, 37.246, 36.557, 36.753, 36.952, 36.736, 37.162, 37.48, 37.2, 36.839, 36.756, 37.036, 37.263, 37.292, 37.267, 37.537, 37.62, 37.609, 38.24, 38.026, 37.659, 36.711, 36.404, 36.343, 35.459, 35.052, 34.754, 34.601, 34.538, 34.601, 35.453, 36.421, 36.826, 36.741, 36.385, 36.513, 36.588, 36.445, 36.694, 36.752, 36.803, 36.781, 36.718, 36.697, 36.422, 36.318, 36.172, 35.689, 35.488, 35.645, 35.43, 42.068, 52.852, 53.653, 53.676, 55.448, 54.69, 53.067, 53.56, 54.115, 53.14, 51.931, 50.808, 50.257, 50.129, 49.945, 49.782, 49.175, 48.135, 46.267, 45.416, 46.166, 42.39, 38.415, 40.914, 40.611, 42.772, 42.387, 40.016, 39.819, 39.832, 38.71, 38.463, 38.912, 39.605, 39.494, 38.76, 38.796, 38.844, 38.07, 38.055, 38.064, 32.525], [31.798, 29.984, 28.551, 27.859, 26.336, 23.184, 21.207, 18.503, 12.891, 6.877, 0.0, 6.53, 11.885, 16.264, 19.501, 24.458, 28.647, 30.038, 30.918, 31.687, 33.066, 34.924, 35.586, 35.805, 35.845, 36.35, 36.863, 37.094, 36.944, 36.907, 36.818, 37.108, 37.82, 38.107, 37.714, 37.364, 36.703, 36.931, 37.103, 36.883, 37.304, 37.603, 37.288, 36.888, 36.818, 37.134, 37.37, 37.382, 37.369, 37.685, 37.792, 37.766, 38.358, 38.108, 37.752, 36.833, 36.566, 36.486, 35.535, 35.108, 34.819, 34.664, 34.581, 34.608, 35.416, 36.39, 36.814, 36.759, 36.401, 36.493, 36.572, 36.457, 36.703, 36.759, 36.812, 36.775, 36.704, 36.7, 36.443, 36.348, 36.19, 35.679, 35.491, 35.664, 35.49, 42.084, 52.816, 53.617, 53.646, 55.364, 54.584, 52.971, 53.454, 53.992, 53.009, 51.805, 50.697, 50.171, 50.069, 49.889, 49.724, 49.12, 48.08, 46.227, 45.397, 46.143, 42.377, 38.467, 40.969, 40.666, 42.814, 42.487, 40.153, 39.939, 39.932, 38.787, 38.532, 39.001, 39.709, 39.611, 38.861, 38.874, 38.93, 38.181, 38.172, 38.178, 32.836], [31.43, 29.743, 28.47, 27.841, 26.467, 23.62, 22.024, 19.529, 14.62, 11.012, 6.53, 0.0, 7.065, 12.695, 16.698, 22.36, 27.02, 28.573, 29.547, 30.438, 31.894, 33.837, 34.667, 34.959, 34.97, 35.5, 36.101, 36.42, 36.336, 36.368, 36.328, 36.683, 37.467, 37.761, 37.325, 36.959, 36.223, 36.433, 36.61, 36.37, 36.795, 37.095, 36.743, 36.307, 36.276, 36.642, 36.897, 36.893, 36.894, 37.333, 37.491, 37.426, 38.035, 37.78, 37.361, 36.359, 36.074, 35.948, 34.885, 34.471, 34.175, 33.945, 33.837, 33.86, 34.683, 35.675, 36.113, 36.087, 35.745, 35.831, 35.903, 35.808, 36.102, 36.192, 36.237, 36.176, 36.103, 36.099, 35.821, 35.73, 35.57, 34.983, 34.765, 34.93, 34.787, 41.937, 52.963, 53.76, 53.808, 55.538, 54.74, 53.085, 53.56, 54.103, 53.086, 51.841, 50.687, 50.137, 50.038, 49.864, 49.703, 49.094, 48.026, 46.127, 45.306, 46.053, 42.134, 38.174, 40.73, 40.464, 42.693, 42.327, 39.838, 39.581, 39.564, 38.356, 38.115, 38.629, 39.359, 39.242, 38.454, 38.496, 38.523, 37.726, 37.734, 37.744, 32.365], [31.794, 30.336, 29.267, 28.742, 27.51, 24.874, 23.502, 21.29, 17.139, 14.76, 11.885, 7.065, 0.0, 7.007, 12.662, 19.672, 25.107, 26.899, 28.043, 29.15, 30.779, 32.953, 34.03, 34.434, 34.439, 34.98, 35.675, 36.134, 36.192, 36.319, 36.322, 36.674, 37.485, 37.805, 37.343, 36.978, 36.197, 36.368, 36.56, 36.308, 36.707, 37.0, 36.655, 36.223, 36.18, 36.541, 36.802, 36.796, 36.827, 37.339, 37.522, 37.434, 38.049, 37.818, 37.376, 36.354, 36.061, 35.899, 34.826, 34.457, 34.166, 33.907, 33.786, 33.804, 34.574, 35.462, 35.871, 35.861, 35.544, 35.64, 35.705, 35.619, 35.938, 36.05, 36.105, 36.06, 35.996, 35.986, 35.688, 35.59, 35.452, 34.851, 34.643, 34.788, 34.685, 42.074, 53.118, 53.887, 53.975, 55.723, 54.94, 53.271, 53.727, 54.277, 53.267, 52.017, 50.843, 50.267, 50.165, 50.002, 49.828, 49.223, 48.16, 46.259, 45.468, 46.211, 42.233, 38.338, 40.853, 40.597, 42.853, 42.469, 39.923, 39.638, 39.622, 38.397, 38.131, 38.597, 39.281, 39.135, 38.316, 38.359, 38.384, 37.608, 37.646, 37.665, 32.603], [32.584, 31.341, 30.435, 29.992, 28.962, 26.655, 25.572, 23.718, 20.183, 18.457, 16.264, 12.695, 7.007, 0.0, 7.791, 16.684, 23.013, 25.085, 26.429, 27.74, 29.559, 32.034, 33.419, 33.953, 33.985, 34.554, 35.37, 35.977, 36.151, 36.376, 36.46, 36.826, 37.635, 37.974, 37.532, 37.198, 36.431, 36.589, 36.774, 36.511, 36.88, 37.16, 36.815, 36.407, 36.373, 36.708, 36.977, 36.995, 37.054, 37.586, 37.772, 37.679, 38.306, 38.13, 37.708, 36.706, 36.401, 36.215, 35.164, 34.837, 34.535, 34.242, 34.099, 34.126, 34.846, 35.587, 35.949, 35.964, 35.669, 35.781, 35.857, 35.771, 36.071, 36.192, 36.262, 36.243, 36.205, 36.202, 35.884, 35.779, 35.653, 35.054, 34.862, 35.016, 34.94, 42.305, 53.186, 53.893, 54.01, 55.752, 54.997, 53.312, 53.732, 54.283, 53.287, 52.056, 50.889, 50.302, 50.2, 50.05, 49.868, 49.262, 48.209, 46.324, 45.552, 46.28, 42.32, 38.608, 41.017, 40.741, 42.967, 42.597, 40.085, 39.792, 39.783, 38.606, 38.35, 38.757, 39.394, 39.241, 38.422, 38.459, 38.461, 37.717, 37.783, 37.803, 33.211], [32.927, 31.907, 31.112, 30.65, 29.707, 27.833, 27.334, 25.858, 22.679, 21.215, 19.501, 16.698, 12.662, 7.791, 0.0, 10.776, 18.741, 21.328, 22.987, 24.736, 26.95, 29.921, 31.782, 32.55, 32.682, 33.33, 34.315, 35.09, 35.428, 35.877, 36.088, 36.494, 37.331, 37.688, 37.287, 37.043, 36.327, 36.477, 36.657, 36.387, 36.76, 37.055, 36.691, 36.277, 36.253, 36.589, 36.856, 36.907, 36.987, 37.558, 37.789, 37.665, 38.318, 38.224, 37.844, 36.821, 36.453, 36.235, 35.2, 34.908, 34.62, 34.294, 34.127, 34.16, 34.875, 35.581, 35.927, 35.954, 35.672, 35.786, 35.874, 35.773, 36.04, 36.155, 36.245, 36.225, 36.169, 36.162, 35.815, 35.654, 35.529, 34.955, 34.786, 34.994, 34.876, 42.176, 53.042, 53.761, 53.874, 55.573, 54.82, 53.112, 53.517, 54.065, 53.016, 51.746, 50.592, 50.032, 49.943, 49.791, 49.619, 49.011, 47.95, 46.06, 45.275, 45.998, 42.101, 38.663, 41.073, 40.853, 43.13, 42.751, 40.206, 39.868, 39.842, 38.645, 38.356, 38.751, 39.391, 39.228, 38.392, 38.425, 38.37, 37.603, 37.701, 37.718, 33.367], [34.668, 33.944, 33.379, 32.983, 32.184, 30.83, 30.716, 29.568, 26.855, 25.717, 24.458, 22.36, 19.672, 16.684, 10.776, 0.0, 10.289, 14.568, 17.004, 19.892, 23.152, 26.993, 29.695, 30.939, 31.37, 32.115, 33.272, 34.309, 34.999, 35.916, 36.335, 36.711, 37.445, 37.725, 37.407, 37.45, 37.062, 37.304, 37.479, 37.239, 37.575, 37.856, 37.498, 37.093, 37.046, 37.343, 37.572, 37.643, 37.734, 38.327, 38.609, 38.474, 39.094, 39.074, 38.753, 37.749, 37.333, 37.153, 36.257, 36.053, 35.854, 35.607, 35.475, 35.498, 36.118, 36.754, 37.032, 37.055, 36.822, 36.908, 36.965, 36.862, 37.092, 37.174, 37.289, 37.255, 37.123, 37.082, 36.728, 36.532, 36.432, 35.971, 35.915, 36.183, 36.023, 42.48, 52.719, 53.479, 53.562, 55.111, 54.378, 52.751, 53.15, 53.668, 52.588, 51.336, 50.297, 49.841, 49.787, 49.647, 49.498, 48.939, 47.953, 46.146, 45.359, 46.065, 42.516, 39.582, 41.801, 41.697, 43.778, 43.424, 41.108, 40.794, 40.717, 39.518, 39.171, 39.53, 40.131, 39.976, 39.202, 39.257, 39.179, 38.455, 38.571, 38.591, 34.999], [36.125, 35.659, 35.398, 35.194, 34.541, 33.529, 33.66, 32.822, 30.542, 29.608, 28.647, 27.02, 25.107, 23.013, 18.741, 10.289, 0.0, 6.986, 11.878, 16.072, 20.464, 25.048, 28.393, 30.008, 30.683, 31.44, 32.632, 33.893, 34.874, 36.133, 36.7, 36.993, 37.53, 37.656, 37.373, 37.615, 37.582, 38.039, 38.221, 38.01, 38.342, 38.601, 38.265, 37.928, 37.899, 38.161, 38.352, 38.434, 38.529, 39.136, 39.44, 39.323, 39.846, 39.807, 39.508, 38.523, 38.089, 37.932, 37.205, 37.11, 36.956, 36.758, 36.644, 36.649, 37.15, 37.7, 37.939, 37.961, 37.742, 37.793, 37.826, 37.733, 37.931, 37.995, 38.137, 38.111, 37.929, 37.866, 37.542, 37.342, 37.244, 36.872, 36.964, 37.301, 37.122, 42.983, 52.606, 53.348, 53.416, 54.882, 54.163, 52.601, 52.993, 53.482, 52.391, 51.178, 50.234, 49.858, 49.834, 49.708, 49.58, 49.066, 48.157, 46.425, 45.633, 46.331, 43.06, 40.432, 42.551, 42.552, 44.438, 44.061, 41.902, 41.584, 41.501, 40.306, 39.848, 40.121, 40.685, 40.575, 39.926, 40.023, 39.981, 39.393, 39.533, 39.556, 36.427], [35.947, 35.666, 35.609, 35.507, 34.95, 34.085, 34.403, 33.667, 31.581, 30.849, 30.038, 28.573, 26.899, 25.085, 21.328, 14.568, 6.986, 0.0, 7.712, 13.516, 18.393, 23.374, 27.047, 28.814, 29.588, 30.458, 31.732, 33.061, 34.152, 35.496, 36.102, 36.424, 36.974, 37.069, 36.781, 37.066, 37.082, 37.584, 37.77, 37.566, 37.912, 38.178, 37.831, 37.52, 37.544, 37.837, 38.045, 38.139, 38.248, 38.903, 39.223, 39.086, 39.583, 39.533, 39.207, 38.18, 37.724, 37.568, 36.888, 36.833, 36.657, 36.433, 36.304, 36.3, 36.774, 37.334, 37.577, 37.607, 37.396, 37.455, 37.472, 37.369, 37.565, 37.629, 37.795, 37.767, 37.562, 37.472, 37.14, 36.939, 36.832, 36.455, 36.572, 36.925, 36.729, 42.669, 52.409, 53.151, 53.211, 54.719, 53.989, 52.387, 52.775, 53.265, 52.147, 50.92, 49.981, 49.612, 49.591, 49.46, 49.339, 48.826, 47.923, 46.19, 45.386, 46.096, 42.845, 40.289, 42.509, 42.535, 44.475, 44.043, 41.828, 41.46, 41.357, 40.123, 39.588, 39.821, 40.391, 40.271, 39.641, 39.774, 39.7, 39.103, 39.297, 39.313, 36.173], [35.819, 35.657, 35.727, 35.689, 35.24, 34.512, 34.934, 34.23, 32.243, 31.629, 30.918, 29.547, 28.043, 26.429, 22.987, 17.004, 11.878, 7.712, 0.0, 8.382, 15.466, 21.072, 25.24, 27.299, 28.175, 29.121, 30.541, 31.976, 33.145, 34.593, 35.286, 35.644, 36.217, 36.336, 36.109, 36.521, 36.722, 37.322, 37.514, 37.319, 37.695, 37.976, 37.628, 37.287, 37.304, 37.66, 37.892, 37.988, 38.103, 38.776, 39.071, 38.91, 39.437, 39.388, 39.042, 38.008, 37.544, 37.411, 36.74, 36.635, 36.405, 36.167, 36.047, 36.03, 36.5, 37.118, 37.37, 37.388, 37.187, 37.271, 37.286, 37.173, 37.383, 37.47, 37.66, 37.615, 37.399, 37.298, 36.941, 36.743, 36.661, 36.304, 36.398, 36.718, 36.509, 42.415, 52.23, 52.959, 53.029, 54.563, 53.85, 52.265, 52.667, 53.17, 52.051, 50.824, 49.896, 49.52, 49.489, 49.352, 49.216, 48.686, 47.782, 46.053, 45.243, 45.969, 42.771, 40.239, 42.419, 42.446, 44.444, 43.983, 41.777, 41.359, 41.175, 39.919, 39.42, 39.711, 40.321, 40.177, 39.511, 39.623, 39.538, 38.959, 39.183, 39.193, 35.978], [35.465, 35.37, 35.513, 35.531, 35.259, 34.713, 35.227, 34.6, 32.719, 32.258, 31.687, 30.438, 29.15, 27.74, 24.736, 19.892, 16.072, 13.516, 8.382, 0.0, 9.979, 17.661, 22.757, 25.307, 26.349, 27.302, 28.895, 30.526, 31.756, 33.257, 34.032, 34.377, 34.945, 35.157, 35.017, 35.514, 35.909, 36.753, 36.997, 36.818, 37.29, 37.603, 37.242, 36.882, 36.922, 37.327, 37.574, 37.709, 37.885, 38.563, 38.829, 38.689, 39.229, 39.13, 38.729, 37.648, 37.164, 37.039, 36.303, 36.151, 35.891, 35.588, 35.421, 35.439, 35.943, 36.577, 36.887, 36.927, 36.701, 36.826, 36.894, 36.781, 36.987, 37.091, 37.285, 37.225, 37.022, 36.947, 36.59, 36.39, 36.312, 35.941, 36.044, 36.343, 36.172, 42.354, 52.396, 53.136, 53.228, 54.758, 54.01, 52.385, 52.781, 53.282, 52.145, 50.89, 49.922, 49.514, 49.474, 49.346, 49.212, 48.649, 47.705, 45.924, 45.09, 45.821, 42.506, 39.875, 42.118, 42.174, 44.229, 43.714, 41.493, 41.04, 40.794, 39.477, 38.983, 39.306, 39.912, 39.736, 39.091, 39.216, 39.14, 38.576, 38.821, 38.828, 35.552], [35.208, 35.18, 35.346, 35.386, 35.35, 35.118, 35.841, 35.317, 33.63, 33.466, 33.066, 31.894, 30.779, 29.559, 26.95, 23.152, 20.464, 18.393, 15.466, 9.979, 0.0, 11.137, 18.77, 22.188, 23.635, 24.784, 26.652, 28.606, 30.095, 31.785, 32.688, 33.127, 33.808, 34.152, 34.059, 34.609, 35.023, 35.939, 36.246, 36.086, 36.618, 36.948, 36.515, 36.198, 36.394, 36.862, 37.13, 37.347, 37.64, 38.364, 38.629, 38.498, 39.058, 38.93, 38.408, 37.192, 36.646, 36.499, 35.696, 35.574, 35.327, 34.934, 34.722, 34.793, 35.316, 35.874, 36.224, 36.301, 36.031, 36.174, 36.29, 36.188, 36.372, 36.467, 36.669, 36.614, 36.44, 36.374, 36.017, 35.79, 35.636, 35.187, 35.276, 35.541, 35.412, 42.09, 52.448, 53.186, 53.278, 54.788, 53.954, 52.199, 52.558, 53.053, 51.867, 50.582, 49.587, 49.155, 49.111, 48.996, 48.879, 48.304, 47.326, 45.495, 44.659, 45.387, 41.937, 39.406, 41.808, 41.916, 43.978, 43.379, 41.092, 40.637, 40.357, 38.948, 38.469, 38.855, 39.463, 39.253, 38.653, 38.816, 38.64, 37.934, 38.202, 38.198, 35.108], [35.161, 35.301, 35.574, 35.668, 35.772, 35.846, 36.927, 36.611, 35.235, 35.282, 34.924, 33.837, 32.953, 32.034, 29.921, 26.993, 25.048, 23.374, 21.072, 17.661, 11.137, 0.0, 11.057, 16.609, 18.886, 20.506, 22.989, 25.658, 27.778, 30.017, 31.22, 31.698, 32.418, 32.892, 32.969, 33.69, 34.165, 35.22, 35.698, 35.604, 36.197, 36.557, 36.102, 35.934, 36.323, 36.852, 37.123, 37.338, 37.631, 38.346, 38.619, 38.493, 39.046, 38.894, 38.309, 36.988, 36.444, 36.33, 35.492, 35.397, 35.187, 34.768, 34.528, 34.631, 35.209, 35.751, 36.123, 36.19, 35.872, 35.957, 36.077, 35.978, 36.14, 36.239, 36.46, 36.361, 36.191, 36.195, 35.866, 35.586, 35.363, 34.863, 34.953, 35.231, 35.016, 41.77, 52.219, 52.945, 53.053, 54.593, 53.71, 51.894, 52.266, 52.781, 51.558, 50.257, 49.282, 48.854, 48.79, 48.665, 48.567, 48.008, 47.045, 45.237, 44.41, 45.154, 41.773, 39.416, 41.904, 42.075, 44.143, 43.469, 41.028, 40.556, 40.259, 38.732, 38.205, 38.661, 39.32, 39.12, 38.471, 38.619, 38.427, 37.619, 37.9, 37.904, 34.968], [34.632, 34.882, 35.239, 35.363, 35.54, 35.731, 37.058, 36.914, 35.681, 35.847, 35.586, 34.667, 34.03, 33.419, 31.782, 29.695, 28.393, 27.047, 25.24, 22.757, 18.77, 11.057, 0.0, 8.396, 12.542, 14.756, 18.017, 21.548, 24.291, 27.055, 28.633, 29.247, 30.091, 30.737, 31.125, 32.07, 32.63, 33.884, 34.494, 34.477, 35.166, 35.549, 35.214, 35.295, 35.854, 36.448, 36.721, 36.851, 37.052, 37.745, 38.042, 37.96, 38.563, 38.407, 37.84, 36.492, 35.924, 35.803, 34.889, 34.783, 34.602, 34.16, 33.89, 34.026, 34.615, 35.152, 35.558, 35.614, 35.255, 35.284, 35.377, 35.281, 35.425, 35.526, 35.786, 35.674, 35.561, 35.664, 35.35, 35.107, 34.933, 34.44, 34.55, 34.906, 34.596, 41.573, 52.353, 53.076, 53.129, 54.73, 53.848, 51.985, 52.364, 52.903, 51.681, 50.352, 49.321, 48.844, 48.751, 48.604, 48.493, 47.948, 46.997, 45.165, 44.291, 45.045, 41.596, 39.03, 41.571, 41.76, 43.936, 43.215, 40.585, 40.085, 39.812, 38.241, 37.647, 38.085, 38.719, 38.481, 37.754, 37.93, 37.774, 36.919, 37.28, 37.301, 34.345], [34.2, 34.503, 34.909, 35.057, 35.273, 35.51, 36.963, 36.915, 35.749, 35.991, 35.805, 34.959, 34.434, 33.953, 32.55, 30.939, 30.008, 28.814, 27.299, 25.307, 22.188, 16.609, 8.396, 0.0, 6.765, 10.767, 14.449, 18.358, 21.55, 24.605, 26.405, 27.347, 28.537, 29.394, 29.998, 31.035, 31.693, 33.078, 33.712, 33.741, 34.481, 34.856, 34.525, 34.745, 35.402, 36.029, 36.306, 36.394, 36.562, 37.272, 37.583, 37.524, 38.184, 38.032, 37.448, 36.058, 35.433, 35.266, 34.3, 34.165, 33.972, 33.482, 33.184, 33.352, 34.015, 34.58, 34.966, 35.033, 34.63, 34.635, 34.736, 34.632, 34.77, 34.886, 35.165, 35.067, 35.032, 35.187, 34.853, 34.577, 34.399, 33.928, 34.059, 34.451, 34.132, 41.461, 52.624, 53.391, 53.429, 55.082, 54.2, 52.305, 52.691, 53.256, 52.051, 50.716, 49.644, 49.131, 49.03, 48.864, 48.742, 48.202, 47.233, 45.336, 44.409, 45.179, 41.602, 38.773, 41.374, 41.547, 43.826, 43.099, 40.31, 39.733, 39.477, 37.875, 37.212, 37.608, 38.215, 37.994, 37.252, 37.412, 37.248, 36.381, 36.797, 36.821, 33.839], [33.808, 34.146, 34.581, 34.771, 35.019, 35.301, 36.879, 36.865, 35.729, 36.031, 35.845, 34.97, 34.439, 33.985, 32.682, 31.37, 30.683, 29.588, 28.175, 26.349, 23.635, 18.886, 12.542, 6.765, 0.0, 6.443, 11.8, 15.965, 19.404, 22.738, 24.693, 25.9, 27.452, 28.515, 29.196, 30.296, 30.99, 32.495, 33.207, 33.266, 34.04, 34.452, 34.142, 34.348, 35.044, 35.745, 36.048, 36.126, 36.306, 37.062, 37.377, 37.293, 37.98, 37.813, 37.209, 35.745, 35.09, 34.908, 33.851, 33.671, 33.454, 32.93, 32.619, 32.806, 33.546, 34.196, 34.588, 34.652, 34.223, 34.232, 34.337, 34.208, 34.353, 34.486, 34.764, 34.68, 34.68, 34.839, 34.474, 34.175, 33.99, 33.478, 33.595, 34.004, 33.686, 41.434, 52.96, 53.744, 53.783, 55.476, 54.582, 52.666, 53.06, 53.643, 52.435, 51.076, 49.973, 49.434, 49.328, 49.166, 49.048, 48.501, 47.497, 45.529, 44.574, 45.373, 41.63, 38.542, 41.263, 41.4, 43.729, 43.002, 40.077, 39.461, 39.221, 37.58, 36.915, 37.338, 37.974, 37.749, 36.97, 37.104, 36.93, 36.018, 36.438, 36.463, 33.408], [34.037, 34.396, 34.862, 35.068, 35.334, 35.651, 37.255, 37.262, 36.175, 36.503, 36.35, 35.5, 34.98, 34.554, 33.33, 32.115, 31.44, 30.458, 29.121, 27.302, 24.784, 20.506, 14.756, 10.767, 6.443, 0.0, 7.72, 13.488, 17.448, 21.123, 23.332, 24.669, 26.355, 27.522, 28.325, 29.565, 30.485, 32.182, 32.925, 33.023, 33.845, 34.267, 34.093, 34.411, 35.065, 35.81, 36.141, 36.202, 36.372, 37.128, 37.458, 37.382, 38.061, 37.888, 37.284, 35.824, 35.182, 35.049, 33.995, 33.793, 33.583, 33.062, 32.752, 32.967, 33.693, 34.308, 34.689, 34.738, 34.287, 34.309, 34.42, 34.276, 34.416, 34.569, 34.836, 34.75, 34.766, 34.955, 34.659, 34.403, 34.219, 33.696, 33.792, 34.192, 33.863, 41.518, 52.981, 53.732, 53.773, 55.464, 54.557, 52.64, 53.036, 53.614, 52.418, 51.078, 49.986, 49.436, 49.325, 49.184, 49.09, 48.554, 47.547, 45.572, 44.623, 45.425, 41.678, 38.61, 41.335, 41.47, 43.767, 43.042, 40.077, 39.451, 39.239, 37.633, 37.006, 37.462, 38.101, 37.867, 37.102, 37.23, 37.075, 36.212, 36.648, 36.673, 33.628], [34.214, 34.62, 35.123, 35.348, 35.589, 35.893, 37.544, 37.637, 36.658, 36.973, 36.863, 36.101, 35.675, 35.37, 34.315, 33.272, 32.632, 31.732, 30.541, 28.895, 26.652, 22.989, 18.017, 14.449, 11.8, 7.72, 0.0, 7.901, 13.718, 18.144, 20.673, 22.324, 24.34, 25.579, 26.518, 28.033, 29.534, 31.692, 32.538, 32.731, 33.647, 34.065, 34.0, 34.51, 35.17, 35.881, 36.221, 36.296, 36.481, 37.218, 37.548, 37.5, 38.16, 37.985, 37.397, 35.928, 35.299, 35.189, 34.106, 33.915, 33.722, 33.186, 32.873, 33.069, 33.722, 34.301, 34.684, 34.748, 34.297, 34.322, 34.431, 34.272, 34.384, 34.532, 34.808, 34.758, 34.843, 35.062, 34.826, 34.6, 34.413, 33.892, 34.0, 34.464, 34.082, 41.557, 52.965, 53.749, 53.759, 55.416, 54.489, 52.55, 52.931, 53.503, 52.337, 51.038, 49.969, 49.409, 49.29, 49.147, 49.061, 48.544, 47.543, 45.554, 44.575, 45.398, 41.735, 38.604, 41.288, 41.457, 43.696, 42.944, 39.964, 39.312, 39.121, 37.604, 37.05, 37.512, 38.113, 37.875, 37.146, 37.244, 37.107, 36.284, 36.701, 36.731, 33.786], [34.014, 34.452, 34.99, 35.234, 35.485, 35.829, 37.589, 37.781, 36.878, 37.178, 37.094, 36.42, 36.134, 35.977, 35.09, 34.309, 33.893, 33.061, 31.976, 30.526, 28.606, 25.658, 21.548, 18.358, 15.965, 13.488, 7.901, 0.0, 8.053, 14.194, 17.221, 19.223, 21.789, 23.213, 24.325, 26.166, 28.182, 30.811, 31.813, 32.095, 33.119, 33.561, 33.517, 34.137, 34.945, 35.709, 36.057, 36.204, 36.458, 37.222, 37.562, 37.488, 38.139, 37.968, 37.352, 35.83, 35.204, 35.13, 34.011, 33.811, 33.631, 33.096, 32.795, 32.941, 33.5, 34.079, 34.482, 34.58, 34.153, 34.191, 34.282, 34.107, 34.231, 34.377, 34.667, 34.642, 34.747, 34.913, 34.623, 34.386, 34.185, 33.624, 33.756, 34.284, 33.882, 41.52, 53.038, 53.839, 53.837, 55.507, 54.588, 52.651, 53.04, 53.618, 52.468, 51.175, 50.092, 49.512, 49.38, 49.241, 49.158, 48.632, 47.611, 45.582, 44.573, 45.403, 41.704, 38.413, 41.102, 41.248, 43.48, 42.712, 39.687, 39.048, 38.848, 37.398, 36.975, 37.46, 38.043, 37.798, 37.09, 37.171, 37.014, 36.149, 36.513, 36.542, 33.564], [33.518, 33.932, 34.477, 34.74, 35.067, 35.451, 37.262, 37.506, 36.676, 37.02, 36.944, 36.336, 36.192, 36.151, 35.428, 34.999, 34.874, 34.152, 33.145, 31.756, 30.095, 27.778, 24.291, 21.55, 19.404, 17.448, 13.718, 8.053, 0.0, 8.354, 13.085, 15.909, 19.002, 20.583, 21.917, 24.094, 26.508, 29.56, 30.678, 31.042, 32.183, 32.634, 32.59, 33.282, 34.261, 35.154, 35.54, 35.732, 36.055, 36.897, 37.253, 37.15, 37.839, 37.674, 37.044, 35.499, 34.848, 34.773, 33.588, 33.313, 33.088, 32.543, 32.235, 32.393, 33.035, 33.684, 34.082, 34.211, 33.799, 33.876, 33.959, 33.77, 33.939, 34.108, 34.378, 34.33, 34.431, 34.552, 34.227, 33.985, 33.762, 33.149, 33.288, 33.811, 33.436, 41.543, 53.322, 54.138, 54.159, 55.876, 54.971, 53.033, 53.446, 54.038, 52.905, 51.609, 50.481, 49.867, 49.728, 49.596, 49.504, 48.934, 47.846, 45.74, 44.71, 45.549, 41.649, 37.943, 40.663, 40.75, 43.136, 42.387, 39.271, 38.665, 38.475, 37.021, 36.68, 37.23, 37.857, 37.607, 36.908, 36.989, 36.766, 35.826, 36.175, 36.199, 33.015], [33.137, 33.507, 34.023, 34.297, 34.725, 35.131, 36.896, 37.153, 36.448, 36.927, 36.907, 36.368, 36.319, 36.376, 35.877, 35.916, 36.133, 35.496, 34.593, 33.257, 31.785, 30.017, 27.055, 24.605, 22.738, 21.123, 18.144, 14.194, 8.354, 0.0, 7.084, 12.944, 17.316, 19.072, 20.436, 22.69, 25.112, 28.336, 29.598, 30.103, 31.353, 31.796, 31.767, 32.531, 33.638, 34.619, 35.053, 35.337, 35.743, 36.615, 36.978, 36.889, 37.619, 37.46, 36.816, 35.231, 34.573, 34.466, 33.214, 32.897, 32.665, 32.138, 31.843, 32.015, 32.76, 33.489, 33.845, 33.978, 33.592, 33.71, 33.794, 33.603, 33.808, 33.983, 34.201, 34.142, 34.259, 34.335, 34.007, 33.827, 33.612, 32.96, 33.056, 33.561, 33.2, 41.605, 53.7, 54.593, 54.627, 56.386, 55.496, 53.534, 53.947, 54.56, 53.459, 52.149, 50.955, 50.296, 50.156, 50.027, 49.908, 49.296, 48.157, 45.996, 44.94, 45.782, 41.702, 37.564, 40.33, 40.351, 42.939, 42.258, 39.046, 38.402, 38.236, 36.804, 36.494, 37.055, 37.68, 37.417, 36.678, 36.732, 36.461, 35.451, 35.855, 35.891, 32.59], [32.984, 33.306, 33.785, 34.034, 34.483, 34.88, 36.579, 36.85, 36.199, 36.753, 36.818, 36.328, 36.322, 36.46, 36.088, 36.335, 36.7, 36.102, 35.286, 34.032, 32.688, 31.22, 28.633, 26.405, 24.693, 23.332, 20.673, 17.221, 13.085, 7.084, 0.0, 8.771, 14.981, 17.409, 19.112, 21.537, 23.808, 27.148, 28.602, 29.234, 30.531, 30.98, 30.991, 31.868, 33.125, 34.161, 34.619, 35.021, 35.484, 36.331, 36.727, 36.68, 37.42, 37.272, 36.6, 34.987, 34.348, 34.257, 33.093, 32.821, 32.637, 32.173, 31.931, 32.13, 32.833, 33.53, 33.832, 33.948, 33.578, 33.7, 33.757, 33.553, 33.787, 33.946, 34.135, 34.108, 34.212, 34.231, 33.892, 33.773, 33.582, 32.922, 32.988, 33.478, 33.09, 41.384, 53.435, 54.326, 54.379, 56.155, 55.295, 53.376, 53.807, 54.422, 53.335, 52.017, 50.811, 50.157, 50.021, 49.9, 49.789, 49.177, 48.043, 45.893, 44.835, 45.661, 41.59, 37.509, 40.299, 40.288, 42.889, 42.255, 39.057, 38.416, 38.216, 36.76, 36.413, 36.932, 37.53, 37.269, 36.511, 36.546, 36.263, 35.276, 35.714, 35.758, 32.482], [33.508, 33.798, 34.259, 34.501, 34.924, 35.259, 36.894, 37.18, 36.487, 36.993, 37.108, 36.683, 36.674, 36.826, 36.494, 36.711, 36.993, 36.424, 35.644, 34.377, 33.127, 31.698, 29.247, 27.347, 25.9, 24.669, 22.324, 19.223, 15.909, 12.944, 8.771, 0.0, 8.064, 12.354, 15.637, 19.059, 21.921, 25.998, 27.685, 28.376, 29.732, 30.188, 30.427, 31.625, 32.991, 34.041, 34.527, 35.025, 35.568, 36.475, 36.889, 36.817, 37.559, 37.462, 36.809, 35.275, 34.675, 34.598, 33.572, 33.336, 33.159, 32.737, 32.522, 32.755, 33.392, 33.988, 34.266, 34.359, 33.944, 34.038, 34.11, 33.929, 34.169, 34.31, 34.484, 34.459, 34.511, 34.553, 34.278, 34.17, 33.987, 33.371, 33.512, 34.003, 33.589, 41.483, 53.199, 54.028, 54.114, 55.893, 55.028, 53.175, 53.631, 54.215, 53.133, 51.842, 50.681, 50.051, 49.898, 49.782, 49.698, 49.114, 48.005, 45.897, 44.861, 45.673, 41.721, 37.863, 40.617, 40.628, 43.178, 42.548, 39.51, 38.946, 38.712, 37.173, 36.682, 37.121, 37.706, 37.452, 36.708, 36.765, 36.544, 35.673, 36.131, 36.172, 33.127], [34.641, 34.934, 35.341, 35.549, 35.938, 36.229, 37.717, 37.981, 37.305, 37.729, 37.82, 37.467, 37.485, 37.635, 37.331, 37.445, 37.53, 36.974, 36.217, 34.945, 33.808, 32.418, 30.091, 28.537, 27.452, 26.355, 24.34, 21.789, 19.002, 17.316, 14.981, 8.064, 0.0, 6.49, 12.336, 17.031, 21.077, 26.051, 27.857, 28.566, 29.923, 30.353, 30.814, 32.26, 33.606, 34.615, 35.118, 35.642, 36.234, 37.194, 37.613, 37.51, 38.211, 38.147, 37.528, 36.131, 35.605, 35.556, 34.644, 34.421, 34.267, 33.915, 33.7, 33.885, 34.463, 35.027, 35.315, 35.373, 34.932, 35.002, 35.105, 34.975, 35.203, 35.33, 35.481, 35.404, 35.415, 35.509, 35.318, 35.239, 35.089, 34.554, 34.741, 35.218, 34.854, 42.097, 53.267, 54.03, 54.137, 55.893, 55.041, 53.264, 53.719, 54.261, 53.204, 51.983, 50.896, 50.301, 50.148, 50.033, 49.964, 49.417, 48.362, 46.337, 45.338, 46.128, 42.362, 38.689, 41.296, 41.314, 43.7, 43.061, 40.227, 39.704, 39.492, 37.975, 37.365, 37.702, 38.279, 38.056, 37.343, 37.404, 37.283, 36.578, 37.02, 37.053, 34.296], [35.059, 35.346, 35.717, 35.898, 36.267, 36.579, 38.029, 38.288, 37.641, 38.03, 38.107, 37.761, 37.805, 37.974, 37.688, 37.725, 37.656, 37.069, 36.336, 35.157, 34.152, 32.892, 30.737, 29.394, 28.515, 27.522, 25.579, 23.213, 20.583, 19.072, 17.409, 12.354, 6.49, 0.0, 8.061, 14.411, 19.94, 25.675, 27.596, 28.298, 29.648, 30.104, 30.64, 32.184, 33.566, 34.572, 35.096, 35.641, 36.266, 37.306, 37.77, 37.672, 38.392, 38.378, 37.811, 36.464, 35.949, 35.895, 35.005, 34.806, 34.647, 34.319, 34.102, 34.229, 34.754, 35.324, 35.619, 35.691, 35.295, 35.354, 35.435, 35.314, 35.534, 35.655, 35.803, 35.721, 35.738, 35.867, 35.696, 35.625, 35.502, 35.004, 35.186, 35.663, 35.312, 42.426, 53.429, 54.159, 54.265, 55.993, 55.147, 53.392, 53.834, 54.355, 53.317, 52.126, 51.047, 50.456, 50.316, 50.198, 50.125, 49.59, 48.566, 46.576, 45.584, 46.372, 42.649, 38.894, 41.424, 41.419, 43.703, 43.095, 40.31, 39.766, 39.586, 38.142, 37.555, 37.882, 38.462, 38.259, 37.567, 37.668, 37.62, 36.989, 37.414, 37.453, 34.706], [34.589, 34.828, 35.174, 35.359, 35.681, 36.023, 37.567, 37.821, 37.186, 37.612, 37.714, 37.325, 37.343, 37.532, 37.287, 37.407, 37.373, 36.781, 36.109, 35.017, 34.059, 32.969, 31.125, 29.998, 29.196, 28.325, 26.518, 24.325, 21.917, 20.436, 19.112, 15.637, 12.336, 8.061, 0.0, 8.362, 16.188, 22.867, 25.105, 25.998, 27.492, 28.049, 28.682, 30.397, 31.911, 33.041, 33.632, 34.269, 35.045, 36.28, 36.823, 36.75, 37.623, 37.701, 37.226, 35.952, 35.471, 35.375, 34.362, 34.137, 33.949, 33.591, 33.359, 33.477, 34.051, 34.648, 34.954, 35.096, 34.77, 34.815, 34.846, 34.694, 34.906, 35.032, 35.181, 35.145, 35.218, 35.367, 35.165, 35.039, 34.9, 34.357, 34.489, 34.962, 34.584, 42.162, 53.456, 54.187, 54.273, 55.98, 55.114, 53.301, 53.727, 54.272, 53.23, 52.022, 50.903, 50.277, 50.133, 50.012, 49.941, 49.394, 48.354, 46.34, 45.361, 46.153, 42.289, 38.489, 41.087, 41.078, 43.35, 42.745, 39.881, 39.283, 39.099, 37.662, 37.13, 37.482, 38.065, 37.871, 37.188, 37.344, 37.329, 36.652, 37.041, 37.098, 34.228], [34.152, 34.346, 34.65, 34.823, 35.123, 35.48, 37.111, 37.37, 36.758, 37.246, 37.364, 36.959, 36.978, 37.198, 37.043, 37.45, 37.615, 37.066, 36.521, 35.514, 34.609, 33.69, 32.07, 31.035, 30.296, 29.565, 28.033, 26.166, 24.094, 22.69, 21.537, 19.059, 17.031, 14.411, 8.362, 0.0, 10.772, 19.544, 22.361, 23.538, 25.274, 25.915, 26.757, 28.734, 30.372, 31.642, 32.294, 32.978, 33.904, 35.304, 35.868, 35.849, 36.848, 36.988, 36.554, 35.356, 34.976, 34.91, 33.776, 33.492, 33.292, 32.929, 32.696, 32.859, 33.584, 34.237, 34.534, 34.697, 34.4, 34.423, 34.411, 34.225, 34.436, 34.577, 34.709, 34.678, 34.79, 34.95, 34.73, 34.559, 34.383, 33.778, 33.86, 34.352, 33.932, 41.868, 53.413, 54.129, 54.222, 55.957, 55.09, 53.235, 53.673, 54.242, 53.173, 51.94, 50.804, 50.171, 50.031, 49.906, 49.836, 49.273, 48.209, 46.179, 45.215, 45.995, 42.0, 38.249, 40.949, 40.941, 43.269, 42.628, 39.635, 38.982, 38.801, 37.363, 36.856, 37.203, 37.769, 37.612, 36.93, 37.07, 37.017, 36.228, 36.576, 36.65, 33.783], [32.921, 33.075, 33.452, 33.641, 33.96, 34.399, 36.267, 36.575, 35.956, 36.557, 36.703, 36.223, 36.197, 36.431, 36.327, 37.062, 37.582, 37.082, 36.722, 35.909, 35.023, 34.165, 32.63, 31.693, 30.99, 30.485, 29.534, 28.182, 26.508, 25.112, 23.808, 21.921, 21.077, 19.94, 16.188, 10.772, 0.0, 12.069, 17.045, 18.668, 20.731, 21.618, 22.801, 25.457, 27.655, 29.218, 29.962, 30.968, 32.363, 34.021, 34.674, 34.62, 35.691, 35.834, 35.252, 33.884, 33.532, 33.556, 32.425, 32.153, 31.965, 31.57, 31.317, 31.587, 32.492, 33.249, 33.541, 33.65, 33.306, 33.332, 33.293, 33.079, 33.361, 33.512, 33.661, 33.638, 33.727, 33.887, 33.619, 33.375, 33.095, 32.338, 32.334, 32.855, 32.344, 40.834, 53.039, 53.796, 53.848, 55.624, 54.755, 52.854, 53.335, 53.96, 52.855, 51.543, 50.354, 49.72, 49.56, 49.417, 49.35, 48.747, 47.604, 45.48, 44.487, 45.285, 41.148, 37.449, 40.479, 40.426, 42.955, 42.243, 38.932, 38.168, 37.936, 36.436, 36.009, 36.419, 37.031, 36.881, 36.059, 36.195, 36.126, 35.166, 35.503, 35.584, 32.569], [33.026, 33.146, 33.566, 33.744, 33.981, 34.384, 36.302, 36.655, 36.084, 36.753, 36.931, 36.433, 36.368, 36.589, 36.477, 37.304, 38.039, 37.584, 37.322, 36.753, 35.939, 35.22, 33.884, 33.078, 32.495, 32.182, 31.692, 30.811, 29.56, 28.336, 27.148, 25.998, 26.051, 25.675, 22.867, 19.544, 12.069, 0.0, 8.621, 12.883, 15.34, 16.498, 18.242, 22.029, 25.197, 27.225, 28.031, 29.433, 31.338, 33.188, 34.044, 34.09, 35.308, 35.395, 34.597, 33.322, 33.018, 33.178, 32.422, 32.231, 32.046, 31.703, 31.463, 31.711, 32.555, 33.283, 33.559, 33.628, 33.187, 33.173, 33.17, 32.986, 33.3, 33.429, 33.588, 33.614, 33.657, 33.798, 33.512, 33.223, 32.889, 32.095, 32.002, 32.485, 31.929, 40.027, 52.216, 52.946, 52.983, 54.766, 53.912, 52.06, 52.565, 53.218, 52.137, 50.833, 49.637, 48.982, 48.781, 48.639, 48.601, 47.975, 46.806, 44.702, 43.76, 44.515, 40.56, 37.509, 40.636, 40.572, 43.112, 42.424, 39.175, 38.365, 38.019, 36.475, 36.147, 36.634, 37.25, 37.06, 36.156, 36.306, 36.249, 35.255, 35.661, 35.756, 32.665], [33.27, 33.408, 33.813, 34.013, 34.286, 34.677, 36.54, 36.863, 36.3, 36.952, 37.103, 36.61, 36.56, 36.774, 36.657, 37.479, 38.221, 37.77, 37.514, 36.997, 36.246, 35.698, 34.494, 33.712, 33.207, 32.925, 32.538, 31.813, 30.678, 29.598, 28.602, 27.685, 27.857, 27.596, 25.105, 22.361, 17.045, 8.621, 0.0, 7.467, 11.602, 12.932, 15.303, 20.147, 23.836, 26.088, 26.93, 28.433, 30.447, 32.362, 33.312, 33.462, 34.764, 34.827, 34.057, 33.092, 32.916, 33.037, 32.563, 32.583, 32.394, 32.055, 31.828, 32.061, 32.888, 33.641, 33.958, 34.017, 33.509, 33.458, 33.469, 33.298, 33.581, 33.692, 33.82, 33.802, 33.792, 33.927, 33.659, 33.328, 32.978, 32.221, 32.123, 32.586, 31.975, 40.078, 52.244, 52.924, 52.996, 54.794, 53.971, 52.152, 52.652, 53.29, 52.205, 50.913, 49.727, 49.078, 48.882, 48.742, 48.711, 48.092, 46.932, 44.866, 43.986, 44.74, 40.745, 37.598, 40.563, 40.493, 43.09, 42.472, 39.317, 38.557, 38.213, 36.676, 36.391, 36.932, 37.545, 37.344, 36.459, 36.559, 36.487, 35.573, 35.986, 36.085, 32.875], [32.877, 33.01, 33.42, 33.662, 34.001, 34.43, 36.352, 36.675, 36.081, 36.736, 36.883, 36.37, 36.308, 36.511, 36.387, 37.239, 38.01, 37.566, 37.319, 36.818, 36.086, 35.604, 34.477, 33.741, 33.266, 33.023, 32.731, 32.095, 31.042, 30.103, 29.234, 28.376, 28.566, 28.298, 25.998, 23.538, 18.668, 12.883, 7.467, 0.0, 6.408, 8.989, 12.111, 17.933, 22.118, 24.571, 25.479, 27.103, 29.302, 31.372, 32.379, 32.597, 34.002, 34.056, 33.306, 32.4, 32.281, 32.397, 31.953, 32.128, 31.993, 31.628, 31.402, 31.718, 32.606, 33.399, 33.768, 33.828, 33.34, 33.315, 33.297, 33.106, 33.388, 33.474, 33.62, 33.605, 33.577, 33.695, 33.342, 32.922, 32.575, 31.821, 31.736, 32.205, 31.504, 40.064, 52.558, 53.247, 53.339, 55.169, 54.305, 52.451, 52.982, 53.637, 52.55, 51.251, 50.058, 49.41, 49.222, 49.09, 49.054, 48.424, 47.245, 45.144, 44.251, 45.031, 40.864, 37.375, 40.361, 40.262, 42.94, 42.323, 39.032, 38.248, 37.921, 36.369, 36.115, 36.687, 37.323, 37.148, 36.267, 36.343, 36.271, 35.385, 35.805, 35.885, 32.467], [33.438, 33.556, 33.961, 34.195, 34.503,