[[0.0, 6.917, 15.261, 20.425, 21.782, 22.292, 24.671, 27.467, 29.335, 30.311, 30.651, 30.849, 31.246, 31.681, 32.944, 34.729, 36.524, 38.034, 39.046, 39.346, 39.13, 39.596, 40.055, 40.746, 42.088, 43.214, 43.895, 44.044, 43.576, 42.876, 42.265, 41.86, 41.55, 41.234, 41.206, 41.582, 42.577, 42.397, 41.132, 40.496, 40.433, 40.283, 39.899, 39.295, 39.784, 39.699, 39.868, 40.42, 40.368, 40.548, 40.751, 5.405], [6.917, 0.0, 10.549, 17.24, 18.967, 19.654, 22.624, 25.93, 27.901, 28.992, 29.567, 29.947, 30.483, 31.031, 32.423, 34.29, 36.144, 37.702, 38.77, 39.055, 38.807, 39.294, 39.856, 40.713, 42.131, 43.233, 43.936, 44.1, 43.63, 42.93, 42.303, 41.826, 41.42, 41.072, 41.041, 41.381, 42.355, 42.189, 40.945, 40.321, 40.256, 40.134, 39.778, 39.173, 39.679, 39.566, 39.71, 40.26, 40.183, 40.35, 40.566, 9.73], [15.261, 10.549, 0.0, 8.919, 12.327, 13.272, 17.099, 21.761, 24.401, 26.005, 27.315, 28.16, 28.91, 29.604, 31.164, 33.144, 35.047, 36.71, 37.92, 38.192, 37.889, 38.396, 39.134, 40.397, 42.145, 43.212, 43.899, 44.073, 43.604, 42.903, 42.26, 41.667, 41.062, 40.688, 40.672, 40.96, 41.932, 41.826, 40.686, 40.157, 40.115, 40.018, 39.731, 39.152, 39.644, 39.502, 39.59, 40.097, 39.979, 40.136, 40.373, 16.285], [20.425, 17.24, 8.919, 0.0, 5.446, 7.636, 12.723, 18.911, 22.39, 24.452, 26.446, 27.964, 29.025, 29.788, 31.521, 33.666, 35.703, 37.524, 38.743, 38.913, 38.652, 39.211, 39.953, 41.316, 43.171, 44.193, 44.831, 45.001, 44.608, 43.986, 43.411, 42.88, 42.223, 41.822, 41.82, 42.085, 43.0, 42.993, 42.06, 41.599, 41.579, 41.629, 41.463, 41.0, 41.44, 41.314, 41.366, 41.742, 41.591, 41.717, 41.951, 21.08], [21.782, 18.967, 12.327, 5.446, 0.0, 5.058, 12.235, 19.048, 22.796, 24.908, 26.939, 28.508, 29.566, 30.313, 32.165, 34.438, 36.537, 38.372, 39.508, 39.586, 39.35, 39.948, 40.647, 41.903, 43.69, 44.742, 45.41, 45.598, 45.247, 44.672, 44.169, 43.715, 43.079, 42.659, 42.643, 42.891, 43.766, 43.782, 42.913, 42.426, 42.416, 42.606, 42.513, 42.105, 42.53, 42.448, 42.514, 42.819, 42.646, 42.741, 42.979, 22.429], [22.292, 19.654, 13.272, 7.636, 5.058, 0.0, 8.886, 16.967, 21.173, 23.463, 25.615, 27.214, 28.287, 29.113, 31.026, 33.288, 35.428, 37.377, 38.584, 38.675, 38.463, 39.103, 39.883, 41.277, 43.178, 44.253, 44.992, 45.213, 44.842, 44.249, 43.712, 43.2, 42.51, 42.089, 42.087, 42.315, 43.225, 43.248, 42.362, 41.916, 41.883, 41.985, 41.86, 41.438, 41.904, 41.829, 41.911, 42.249, 42.075, 42.185, 42.428, 22.82], [24.671, 22.624, 17.099, 12.723, 12.235, 8.886, 0.0, 10.071, 15.756, 18.896, 22.015, 24.315, 25.846, 26.955, 28.98, 31.31, 33.683, 35.932, 37.286, 37.468, 37.375, 38.067, 38.965, 40.666, 42.849, 43.918, 44.62, 44.862, 44.534, 43.936, 43.332, 42.745, 41.999, 41.582, 41.588, 41.794, 42.742, 42.755, 41.886, 41.525, 41.404, 41.338, 41.184, 40.771, 41.286, 41.206, 41.256, 41.589, 41.444, 41.598, 41.839, 25.111], [27.467, 25.93, 21.761, 18.911, 19.048, 16.967, 10.071, 0.0, 7.753, 13.124, 18.114, 21.646, 23.883, 25.318, 27.439, 29.896, 32.452, 34.816, 36.233, 36.542, 36.569, 37.28, 38.256, 40.205, 42.636, 43.768, 44.397, 44.637, 44.394, 43.816, 43.185, 42.544, 41.749, 41.321, 41.329, 41.537, 42.444, 42.421, 41.56, 41.24, 41.08, 40.896, 40.721, 40.338, 40.888, 40.815, 40.834, 41.134, 41.015, 41.209, 41.447, 27.965], [29.335, 27.901, 24.401, 22.39, 22.796, 21.173, 15.756, 7.753, 0.0, 8.06, 15.723, 20.471, 23.311, 24.926, 27.084, 29.613, 32.191, 34.506, 35.918, 36.272, 36.281, 36.956, 37.989, 40.061, 42.58, 43.755, 44.372, 44.594, 44.368, 43.804, 43.165, 42.434, 41.555, 41.13, 41.159, 41.381, 42.268, 42.258, 41.448, 41.148, 40.989, 40.782, 40.584, 40.173, 40.721, 40.671, 40.697, 41.014, 40.905, 41.087, 41.318, 29.898], [30.311, 28.992, 26.005, 24.452, 24.908, 23.463, 18.896, 13.124, 8.06, 0.0, 10.619, 17.681, 21.286, 23.045, 25.513, 28.337, 31.061, 33.511, 35.025, 35.354, 35.285, 35.973, 37.084, 39.319, 42.028, 43.306, 43.98, 44.231, 44.008, 43.44, 42.793, 41.942, 41.006, 40.61, 40.617, 40.823, 41.724, 41.711, 40.913, 40.583, 40.392, 40.204, 40.027, 39.582, 40.152, 40.106, 40.107, 40.434, 40.329, 40.506, 40.742, 30.947], [30.651, 29.567, 27.315, 26.446, 26.939, 25.615, 22.015, 18.114, 15.723, 10.619, 0.0, 10.272, 15.999, 18.219, 21.193, 24.636, 27.869, 30.892, 32.702, 33.025, 32.996, 33.827, 34.952, 37.327, 40.414, 41.892, 42.621, 43.024, 42.941, 42.377, 41.742, 41.018, 40.252, 39.893, 39.867, 40.098, 41.066, 40.991, 40.039, 39.587, 39.356, 39.201, 39.061, 38.609, 39.244, 39.122, 39.054, 39.445, 39.417, 39.703, 39.973, 31.283], [30.849, 29.947, 28.16, 27.964, 28.508, 27.214, 24.315, 21.646, 20.471, 17.681, 10.272, 0.0, 8.403, 12.597, 16.057, 19.744, 23.613, 27.372, 29.546, 29.961, 30.126, 31.204, 32.211, 34.57, 38.103, 39.822, 40.648, 41.236, 41.238, 40.676, 40.019, 39.567, 39.205, 38.976, 38.871, 39.161, 40.292, 40.137, 38.989, 38.524, 38.286, 38.009, 37.8, 37.274, 37.961, 37.773, 37.712, 38.212, 38.2, 38.587, 38.884, 31.312], [31.246, 30.483, 28.91, 29.025, 29.566, 28.287, 25.846, 23.883, 23.311, 21.286, 15.999, 8.403, 0.0, 7.107, 12.656, 16.373, 20.23, 24.391, 26.86, 27.403, 27.749, 29.05, 30.086, 32.592, 36.487, 38.458, 39.426, 40.096, 40.049, 39.446, 38.747, 38.264, 38.103, 38.101, 38.001, 38.25, 39.499, 39.351, 38.138, 37.746, 37.51, 37.079, 36.807, 36.23, 36.947, 36.709, 36.677, 37.25, 37.21, 37.62, 37.922, 31.589], [31.681, 31.031, 29.604, 29.788, 30.313, 29.113, 26.955, 25.318, 24.926, 23.045, 18.219, 12.597, 7.107, 0.0, 8.205, 13.605, 17.592, 22.048, 24.838, 25.488, 26.102, 27.625, 28.749, 31.522, 35.68, 37.75, 38.741, 39.434, 39.434, 38.834, 38.181, 37.808, 37.668, 37.763, 37.835, 38.103, 39.313, 39.198, 38.03, 37.699, 37.469, 37.016, 36.772, 36.177, 36.834, 36.57, 36.497, 37.027, 36.985, 37.414, 37.715, 31.955], [32.944, 32.423, 31.164, 31.521, 32.165, 31.026, 28.98, 27.439, 27.084, 25.513, 21.193, 16.057, 12.656, 8.205, 0.0, 7.766, 13.583, 19.087, 22.397, 23.315, 24.545, 26.42, 27.409, 30.268, 34.672, 36.726, 37.68, 38.431, 38.516, 37.949, 37.308, 37.23, 37.375, 37.519, 37.716, 38.179, 39.4, 39.28, 38.15, 37.927, 37.697, 37.142, 36.915, 36.343, 36.992, 36.727, 36.639, 37.147, 37.13, 37.575, 37.865, 33.098], [34.729, 34.29, 33.144, 33.666, 34.438, 33.288, 31.31, 29.896, 29.613, 28.337, 24.636, 19.744, 16.373, 13.605, 7.766, 0.0, 8.197, 15.671, 19.598, 20.829, 22.795, 25.033, 25.886, 28.876, 33.474, 35.446, 36.4, 37.248, 37.319, 36.75, 36.078, 36.104, 36.639, 37.022, 37.251, 37.879, 39.29, 39.26, 38.154, 38.03, 37.803, 37.065, 36.768, 36.211, 36.917, 36.633, 36.505, 37.013, 37.007, 37.474, 37.759, 34.771], [36.524, 36.144, 35.047, 35.703, 36.537, 35.428, 33.683, 32.452, 32.191, 31.061, 27.869, 23.613, 20.23, 17.592, 13.583, 8.197, 0.0, 9.533, 14.798, 16.445, 19.165, 21.904, 22.885, 26.564, 31.655, 33.66, 34.643, 35.589, 35.662, 35.11, 34.479, 34.594, 35.395, 36.118, 36.509, 37.186, 38.75, 38.933, 37.971, 37.984, 37.83, 37.021, 36.651, 36.08, 36.843, 36.571, 36.413, 36.933, 36.912, 37.368, 37.659, 36.429], [38.034, 37.702, 36.71, 37.524, 38.372, 37.377, 35.932, 34.816, 34.506, 33.511, 30.892, 27.372, 24.391, 22.048, 19.087, 15.671, 9.533, 0.0, 7.217, 10.713, 14.04, 17.008, 18.374, 23.282, 28.969, 31.089, 32.139, 33.173, 33.276, 32.755, 32.203, 32.431, 33.476, 34.522, 35.224, 36.133, 37.739, 38.127, 37.586, 37.879, 37.83, 37.131, 36.813, 36.276, 37.075, 36.877, 36.775, 37.346, 37.313, 37.712, 37.991, 37.81], [39.046, 38.77, 37.92, 38.743, 39.508, 38.584, 37.286, 36.233, 35.918, 35.025, 32.702, 29.546, 26.86, 24.838, 22.397, 19.598, 14.798, 7.217, 0.0, 6.133, 11.286, 14.447, 16.037, 21.747, 27.7, 29.884, 31.001, 32.139, 32.319, 31.859, 31.361, 31.668, 32.923, 34.152, 35.022, 36.109, 37.745, 38.241, 37.968, 38.413, 38.455, 37.91, 37.677, 37.215, 37.972, 37.804, 37.742, 38.299, 38.267, 38.619, 38.867, 38.809], [39.346, 39.055, 38.192, 38.913, 39.586, 38.675, 37.468, 36.542, 36.272, 35.354, 33.025, 29.961, 27.403, 25.488, 23.315, 20.829, 16.445, 10.713, 6.133, 0.0, 7.855, 12.637, 14.478, 20.349, 26.74, 29.192, 30.393, 31.59, 31.787, 31.394, 31.044, 31.578, 32.983, 34.305, 35.293, 36.458, 38.164, 38.736, 38.439, 38.839, 38.949, 38.493, 38.245, 37.785, 38.533, 38.362, 38.3, 38.831, 38.791, 39.146, 39.409, 39.144], [39.13, 38.807, 37.889, 38.652, 39.35, 38.463, 37.375, 36.569, 36.281, 35.285, 32.996, 30.126, 27.749, 26.102, 24.545, 22.795, 19.165, 14.04, 11.286, 7.855, 0.0, 6.807, 10.38, 17.049, 24.001, 26.878, 28.262, 29.567, 29.74, 29.388, 29.213, 29.846, 31.223, 32.676, 33.942, 35.329, 37.155, 37.839, 37.761, 38.22, 38.399, 38.241, 38.174, 37.667, 38.429, 38.249, 38.142, 38.694, 38.671, 39.043, 39.337, 38.877], [39.596, 39.294, 38.396, 39.211, 39.948, 39.103, 38.067, 37.28, 36.956, 35.973, 33.827, 31.204, 29.05, 27.625, 26.42, 25.033, 21.904, 17.008, 14.447, 12.637, 6.807, 0.0, 6.632, 15.39, 22.316, 24.996, 26.398, 27.832, 28.163, 27.938, 27.774, 28.309, 29.63, 31.122, 32.519, 33.979, 35.782, 36.578, 36.931, 37.659, 37.885, 38.011, 38.295, 37.897, 38.675, 38.512, 38.367, 38.915, 38.914, 39.253, 39.538, 39.27], [40.055, 39.856, 39.134, 39.953, 40.647, 39.883, 38.965, 38.256, 37.989, 37.084, 34.952, 32.211, 30.086, 28.749, 27.409, 25.886, 22.885, 18.374, 16.037, 14.478, 10.38, 6.632, 0.0, 10.883, 19.33, 22.268, 23.623, 25.328, 25.916, 25.885, 25.738, 26.701, 28.8, 30.567, 32.005, 33.588, 35.48, 36.304, 36.67, 37.545, 37.869, 37.983, 38.364, 38.172, 39.045, 38.924, 38.82, 39.344, 39.309, 39.614, 39.906, 39.706], [40.746, 40.713, 40.397, 41.316, 41.903, 41.277, 40.666, 40.205, 40.061, 39.319, 37.327, 34.57, 32.592, 31.522, 30.268, 28.876, 26.564, 23.282, 21.747, 20.349, 17.049, 15.39, 10.883, 0.0, 11.261, 16.352, 18.279, 20.546, 21.548, 21.879, 22.087, 24.31, 27.857, 30.113, 31.75, 33.817, 36.007, 36.824, 37.103, 38.02, 38.515, 38.87, 39.356, 39.277, 40.155, 40.093, 40.056, 40.455, 40.412, 40.713, 40.985, 40.362], [42.088, 42.131, 42.145, 43.171, 43.69, 43.178, 42.849, 42.636, 42.58, 42.028, 40.414, 38.103, 36.487, 35.68, 34.672, 33.474, 31.655, 28.969, 27.7, 26.74, 24.001, 22.316, 19.33, 11.261, 0.0, 8.046, 12.086, 15.136, 17.16, 18.148, 19.034, 22.679, 27.224, 29.73, 31.661, 34.215, 36.629, 37.611, 38.165, 39.113, 39.649, 40.325, 41.122, 41.074, 41.778, 41.829, 41.896, 42.184, 42.22, 42.549, 42.78, 41.71], [43.214, 43.233, 43.212, 44.193, 44.742, 44.253, 43.918, 43.768, 43.755, 43.306, 41.892, 39.822, 38.458, 37.75, 36.726, 35.446, 33.66, 31.089, 29.884, 29.192, 26.878, 24.996, 22.268, 16.352, 8.046, 0.0, 6.753, 11.536, 14.561, 16.051, 17.328, 21.825, 26.734, 29.275, 31.392, 34.169, 36.779, 38.006, 38.801, 39.812, 40.317, 40.971, 41.897, 41.942, 42.623, 42.757, 42.87, 43.133, 43.177, 43.506, 43.742, 42.876], [43.895, 43.936, 43.899, 44.831, 45.41, 44.992, 44.62, 44.397, 44.372, 43.98, 42.621, 40.648, 39.426, 38.741, 37.68, 36.4, 34.643, 32.139, 31.001, 30.393, 28.262, 26.398, 23.623, 18.279, 12.086, 6.753, 0.0, 7.067, 11.787, 13.78, 15.232, 20.515, 25.868, 28.578, 30.84, 33.756, 36.481, 37.847, 38.79, 39.9, 40.446, 41.119, 42.098, 42.27, 43.066, 43.242, 43.327, 43.594, 43.652, 43.964, 44.2, 43.57], [44.044, 44.1, 44.073, 45.001, 45.598, 45.213, 44.862, 44.637, 44.594, 44.231, 43.024, 41.236, 40.096, 39.434, 38.431, 37.248, 35.589, 33.173, 32.139, 31.59, 29.567, 27.832, 25.328, 20.546, 15.136, 11.536, 7.067, 0.0, 7.11, 10.47, 12.218, 18.374, 24.297, 27.318, 29.815, 32.97, 35.813, 37.259, 38.29, 39.46, 40.1, 40.902, 41.949, 42.235, 43.126, 43.324, 43.425, 43.739, 43.864, 44.217, 44.45, 43.726], [43.576, 43.63, 43.604, 44.608, 45.247, 44.842, 44.534, 44.394, 44.368, 44.008, 42.941, 41.238, 40.049, 39.434, 38.516, 37.319, 35.662, 33.276, 32.319, 31.787, 29.74, 28.163, 25.916, 21.548, 17.16, 14.561, 11.787, 7.11, 0.0, 5.102, 8.268, 15.174, 21.751, 25.242, 28.039, 31.593, 34.739, 36.252, 37.3, 38.523, 39.297, 40.228, 41.276, 41.607, 42.579, 42.788, 42.924, 43.254, 43.354, 43.728, 43.971, 43.235], [42.876, 42.93, 42.903, 43.986, 44.672, 44.249, 43.936, 43.816, 43.804, 43.44, 42.377, 40.676, 39.446, 38.834, 37.949, 36.75, 35.11, 32.755, 31.859, 31.394, 29.388, 27.938, 25.885, 21.879, 18.148, 16.051, 13.78, 10.47, 5.102, 0.0, 5.395, 13.244, 19.82, 23.453, 26.453, 30.224, 33.583, 35.168, 36.225, 37.489, 38.333, 39.292, 40.288, 40.618, 41.709, 41.931, 42.091, 42.454, 42.512, 42.893, 43.165, 42.519], [42.265, 42.303, 42.26, 43.411, 44.169, 43.712, 43.332, 43.185, 43.165, 42.793, 41.742, 40.019, 38.747, 38.181, 37.308, 36.078, 34.479, 32.203, 31.361, 31.044, 29.213, 27.774, 25.738, 22.087, 19.034, 17.328, 15.232, 12.218, 8.268, 5.395, 0.0, 9.657, 17.499, 21.542, 24.474, 28.375, 32.068, 33.798, 34.91, 36.317, 37.189, 38.102, 39.117, 39.488, 40.702, 40.939, 41.125, 41.552, 41.593, 41.98, 42.283, 41.929], [41.86, 41.826, 41.667, 42.88, 43.715, 43.2, 42.745, 42.544, 42.434, 41.942, 41.018, 39.567, 38.264, 37.808, 37.23, 36.104, 34.594, 32.431, 31.668, 31.578, 29.846, 28.309, 26.701, 24.31, 22.679, 21.825, 20.515, 18.374, 15.174, 13.244, 9.657, 0.0, 10.499, 16.885, 19.958, 24.102, 28.693, 30.975, 32.51, 34.203, 35.153, 36.37, 37.645, 38.029, 39.393, 39.638, 39.893, 40.49, 40.525, 40.875, 41.184, 41.576], [41.55, 41.42, 41.062, 42.223, 43.079, 42.51, 41.999, 41.749, 41.555, 41.006, 40.252, 39.205, 38.103, 37.668, 37.375, 36.639, 35.395, 33.476, 32.923, 32.983, 31.223, 29.63, 28.8, 27.857, 27.224, 26.734, 25.868, 24.297, 21.751, 19.82, 17.499, 10.499, 0.0, 9.343, 14.288, 18.552, 23.701, 26.908, 29.323, 31.378, 32.533, 34.464, 36.215, 36.719, 38.268, 38.567, 38.935, 39.698, 39.737, 40.062, 40.376, 41.301], [41.234, 41.072, 40.688, 41.822, 42.659, 42.089, 41.582, 41.321, 41.13, 40.61, 39.893, 38.976, 38.101, 37.763, 37.519, 37.022, 36.118, 34.522, 34.152, 34.305, 32.676, 31.122, 30.567, 30.113, 29.73, 29.275, 28.578, 27.318, 25.242, 23.453, 21.542, 16.885, 9.343, 0.0, 8.063, 14.192, 19.35, 22.689, 25.643, 27.923, 29.339, 32.054, 34.392, 35.241, 37.129, 37.57, 38.092, 38.972, 39.036, 39.412, 39.799, 41.007], [41.206, 41.041, 40.672, 41.82, 42.643, 42.087, 41.588, 41.329, 41.159, 40.617, 39.867, 38.871, 38.001, 37.835, 37.716, 37.251, 36.509, 35.224, 35.022, 35.293, 33.942, 32.519, 32.005, 31.75, 31.661, 31.392, 30.84, 29.815, 28.039, 26.453, 24.474, 19.958, 14.288, 8.063, 0.0, 9.275, 16.452, 19.655, 22.494, 24.982, 26.554, 29.72, 32.468, 33.6, 35.851, 36.451, 37.1, 38.075, 38.133, 38.561, 39.032, 40.981], [41.582, 41.381, 40.96, 42.085, 42.891, 42.315, 41.794, 41.537, 41.381, 40.823, 40.098, 39.161, 38.25, 38.103, 38.179, 37.879, 37.186, 36.133, 36.109, 36.458, 35.329, 33.979, 33.588, 33.817, 34.215, 34.169, 33.756, 32.97, 31.593, 30.224, 28.375, 24.102, 18.552, 14.192, 9.275, 0.0, 10.271, 15.659, 19.285, 22.381, 24.128, 27.691, 31.005, 32.329, 34.8, 35.592, 36.395, 37.534, 37.622, 38.06, 38.583, 41.383], [42.577, 42.355, 41.932, 43.0, 43.766, 43.225, 42.742, 42.444, 42.268, 41.724, 41.066, 40.292, 39.499, 39.313, 39.4, 39.29, 38.75, 37.739, 37.745, 38.164, 37.155, 35.782, 35.48, 36.007, 36.629, 36.779, 36.481, 35.813, 34.739, 33.583, 32.068, 28.693, 23.701, 19.35, 16.452, 10.271, 0.0, 9.113, 15.637, 19.786, 22.08, 26.344, 30.451, 32.067, 34.55, 35.488, 36.502, 37.85, 38.081, 38.525, 39.053, 42.397], [42.397, 42.189, 41.826, 42.993, 43.782, 43.248, 42.755, 42.421, 42.258, 41.711, 40.991, 40.137, 39.351, 39.198, 39.28, 39.26, 38.933, 38.127, 38.241, 38.736, 37.839, 36.578, 36.304, 36.824, 37.611, 38.006, 37.847, 37.259, 36.252, 35.168, 33.798, 30.975, 26.908, 22.689, 19.655, 15.659, 9.113, 0.0, 9.365, 15.592, 18.57, 23.595, 28.507, 30.51, 33.225, 34.225, 35.398, 36.932, 37.231, 37.726, 38.273, 42.181], [41.132, 40.945, 40.686, 42.06, 42.913, 42.362, 41.886, 41.56, 41.448, 40.913, 40.039, 38.989, 38.138, 38.03, 38.15, 38.154, 37.971, 37.586, 37.968, 38.439, 37.761, 36.931, 36.67, 37.103, 38.165, 38.801, 38.79, 38.29, 37.3, 36.225, 34.91, 32.51, 29.323, 25.643, 22.494, 19.285, 15.637, 9.365, 0.0, 8.852, 13.354, 18.908, 24.508, 27.014, 30.293, 31.418, 32.858, 34.693, 35.021, 35.609, 36.248, 40.865], [40.496, 40.321, 40.157, 41.599, 42.426, 41.916, 41.525, 41.24, 41.148, 40.583, 39.587, 38.524, 37.746, 37.699, 37.927, 38.03, 37.984, 37.879, 38.413, 38.839, 38.22, 37.659, 37.545, 38.02, 39.113, 39.812, 39.9, 39.46, 38.523, 37.489, 36.317, 34.203, 31.378, 27.923, 24.982, 22.381, 19.786, 15.592, 8.852, 0.0, 7.353, 15.419, 21.692, 24.323, 28.159, 29.634, 31.376, 33.459, 33.873, 34.561, 35.284, 40.214], [40.433, 40.256, 40.115, 41.579, 42.416, 41.883, 41.404, 41.08, 40.989, 40.392, 39.356, 38.286, 37.51, 37.469, 37.697, 37.803, 37.83, 37.83, 38.455, 38.949, 38.399, 37.885, 37.869, 38.515, 39.649, 40.317, 40.446, 40.1, 39.297, 38.333, 37.189, 35.153, 32.533, 29.339, 26.554, 24.128, 22.08, 18.57, 13.354, 7.353, 0.0, 10.887, 18.849, 21.62, 25.726, 27.607, 29.74, 32.09, 32.568, 33.294, 34.051, 40.172], [40.283, 40.134, 40.018, 41.629, 42.606, 41.985, 41.338, 40.896, 40.782, 40.204, 39.201, 38.009, 37.079, 37.016, 37.142, 37.065, 37.021, 37.131, 37.91, 38.493, 38.241, 38.011, 37.983, 38.87, 40.325, 40.971, 41.119, 40.902, 40.228, 39.292, 38.102, 36.37, 34.464, 32.054, 29.72, 27.691, 26.344, 23.595, 18.908, 15.419, 10.887, 0.0, 10.718, 15.839, 20.782, 23.091, 26.153, 29.197, 29.723, 30.541, 31.46, 40.03], [39.899, 39.778, 39.731, 41.463, 42.513, 41.86, 41.184, 40.721, 40.584, 40.027, 39.061, 37.8, 36.807, 36.772, 36.915, 36.768, 36.651, 36.813, 37.677, 38.245, 38.174, 38.295, 38.364, 39.356, 41.122, 41.897, 42.098, 41.949, 41.276, 40.288, 39.117, 37.645, 36.215, 34.392, 32.468, 31.005, 30.451, 28.507, 24.508, 21.692, 18.849, 10.718, 0.0, 9.727, 17.302, 20.023, 23.496, 27.143, 27.611, 28.378, 29.511, 39.641], [39.295, 39.173, 39.152, 41.0, 42.105, 41.438, 40.771, 40.338, 40.173, 39.582, 38.609, 37.274, 36.23, 36.177, 36.343, 36.211, 36.08, 36.276, 37.215, 37.785, 37.667, 37.897, 38.172, 39.277, 41.074, 41.942, 42.27, 42.235, 41.607, 40.618, 39.488, 38.029, 36.719, 35.241, 33.6, 32.329, 32.067, 30.51, 27.014, 24.323, 21.62, 15.839, 9.727, 0.0, 11.016, 15.707, 19.369, 23.563, 24.427, 25.363, 26.653, 39.012], [39.784, 39.679, 39.644, 41.44, 42.53, 41.904, 41.286, 40.888, 40.721, 40.152, 39.244, 37.961, 36.947, 36.834, 36.992, 36.917, 36.843, 37.075, 37.972, 38.533, 38.429, 38.675, 39.045, 40.155, 41.778, 42.623, 43.066, 43.126, 42.579, 41.709, 40.702, 39.393, 38.268, 37.129, 35.851, 34.8, 34.55, 33.225, 30.293, 28.159, 25.726, 20.782, 17.302, 11.016, 0.0, 8.909, 15.459, 20.066, 21.539, 22.968, 24.388, 39.497], [39.699, 39.566, 39.502, 41.314, 42.448, 41.829, 41.206, 40.815, 40.671, 40.106, 39.122, 37.773, 36.709, 36.57, 36.727, 36.633, 36.571, 36.877, 37.804, 38.362, 38.249, 38.512, 38.924, 40.093, 41.829, 42.757, 43.242, 43.324, 42.788, 41.931, 40.939, 39.638, 38.567, 37.57, 36.451, 35.592, 35.488, 34.225, 31.418, 29.634, 27.607, 23.091, 20.023, 15.707, 8.909, 0.0, 10.182, 16.591, 18.433, 20.3, 21.98, 39.43], [39.868, 39.71, 39.59, 41.366, 42.514, 41.911, 41.256, 40.834, 40.697, 40.107, 39.054, 37.712, 36.677, 36.497, 36.639, 36.505, 36.413, 36.775, 37.742, 38.3, 38.142, 38.367, 38.82, 40.056, 41.896, 42.87, 43.327, 43.425, 42.924, 42.091, 41.125, 39.893, 38.935, 38.092, 37.1, 36.395, 36.502, 35.398, 32.858, 31.376, 29.74, 26.153, 23.496, 19.369, 15.459, 10.182, 0.0, 9.075, 12.615, 15.233, 17.276, 39.608], [40.42, 40.26, 40.097, 41.742, 42.819, 42.249, 41.589, 41.134, 41.014, 40.434, 39.445, 38.212, 37.25, 37.027, 37.147, 37.013, 36.933, 37.346, 38.299, 38.831, 38.694, 38.915, 39.344, 40.455, 42.184, 43.133, 43.594, 43.739, 43.254, 42.454, 41.552, 40.49, 39.698, 38.972, 38.075, 37.534, 37.85, 36.932, 34.693, 33.459, 32.09, 29.197, 27.143, 23.563, 20.066, 16.591, 9.075, 0.0, 6.684, 11.349, 13.617, 40.142], [40.368, 40.183, 39.979, 41.591, 42.646, 42.075, 41.444, 41.015, 40.905, 40.329, 39.417, 38.2, 37.21, 36.985, 37.13, 37.007, 36.912, 37.313, 38.267, 38.791, 38.671, 38.914, 39.309, 40.412, 42.22, 43.177, 43.652, 43.864, 43.354, 42.512, 41.593, 40.525, 39.737, 39.036, 38.133, 37.622, 38.081, 37.231, 35.021, 33.873, 32.568, 29.723, 27.611, 24.427, 21.539, 18.433, 12.615, 6.684, 0.0, 6.558, 10.15, 40.101], [40.548, 40.35, 40.136, 41.717, 42.741, 42.185, 41.598, 41.209, 41.087, 40.506, 39.703, 38.587, 37.62, 37.414, 37.575, 37.474, 37.368, 37.712, 38.619, 39.146, 39.043, 39.253, 39.614, 40.713, 42.549, 43.506, 43.964, 44.217, 43.728, 42.893, 41.98, 40.875, 40.062, 39.412, 38.561, 38.06, 38.525, 37.726, 35.609, 34.561, 33.294, 30.541, 28.378, 25.363, 22.968, 20.3, 15.233, 11.349, 6.558, 0.0, 5.599, 40.296], [40.751, 40.566, 40.373, 41.951, 42.979, 42.428, 41.839, 41.447, 41.318, 40.742, 39.973, 38.884, 37.922, 37.715, 37.865, 37.759, 37.659, 37.991, 38.867, 39.409, 39.337, 39.538, 39.906, 40.985, 42.78, 43.742, 44.2, 44.45, 43.971, 43.165, 42.283, 41.184, 40.376, 39.799, 39.032, 38.583, 39.053, 38.273, 36.248, 35.284, 34.051, 31.46, 29.511, 26.653, 24.388, 21.98, 17.276, 13.617, 10.15, 5.599, 0.0, 40.503], [5.405, 9.73, 16.285, 21.08, 22.429, 22.82, 25.111, 27.965, 29.898, 30.947, 31.283, 31.312, 31.589, 31.955, 33.098, 34.771, 36.429, 37.81, 38.809, 39.144, 38.877, 39.27, 39.706, 40.362, 41.71, 42.876, 43.57, 43.726, 43.235, 42.519, 41.929, 41.576, 41.301, 41.007, 40.981, 41.383, 42.397, 42.181, 40.865, 40.214, 40.172, 40.03, 39.641, 39.012, 39.497, 39.43, 39.608, 40.142, 40.101, 40.296, 40.503, 0.0]]