[[0.0, 10.419, 19.718, 25.602, 28.946, 30.365, 31.109, 30.668, 29.79, 30.142, 34.618, 40.848, 43.029, 43.426, 43.417, 43.542, 44.55, 45.143, 45.472, 45.777, 45.561, 45.949, 46.311, 46.559, 46.76, 46.916, 47.073, 47.133, 47.052, 47.576, 47.907, 47.787, 48.244, 48.734, 48.781, 48.912, 50.316, 51.64, 51.302, 50.795, 50.643, 50.976, 51.078, 50.398, 49.34, 49.127, 48.866, 48.329, 48.312, 48.701, 49.607, 49.5, 9.29], [10.419, 0.0, 12.196, 20.256, 24.352, 26.213, 27.501, 27.499, 27.065, 27.674, 32.682, 39.571, 41.952, 42.375, 42.444, 42.698, 43.865, 44.723, 45.355, 45.708, 45.375, 45.915, 46.677, 47.127, 47.341, 47.49, 47.69, 47.778, 47.714, 48.235, 48.567, 48.463, 48.911, 49.363, 49.411, 49.612, 51.054, 52.381, 52.092, 51.571, 51.355, 51.694, 51.811, 51.096, 49.96, 49.762, 49.456, 48.766, 48.711, 49.18, 50.039, 49.903, 16.754], [19.718, 12.196, 0.0, 10.843, 16.547, 18.827, 20.719, 21.512, 22.34, 23.573, 28.548, 35.726, 38.31, 38.75, 39.052, 39.746, 41.415, 42.566, 43.324, 43.744, 43.49, 44.135, 45.176, 45.886, 46.263, 46.366, 46.464, 46.56, 46.442, 46.765, 46.999, 46.906, 47.214, 47.575, 47.625, 47.934, 49.681, 51.156, 50.925, 50.42, 50.116, 50.492, 50.73, 50.057, 48.846, 48.618, 48.465, 47.979, 47.957, 48.532, 49.64, 49.495, 23.099], [25.602, 20.256, 10.843, 0.0, 7.553, 11.439, 14.254, 16.544, 19.196, 21.234, 25.54, 32.039, 34.578, 35.023, 35.665, 36.9, 39.073, 40.467, 41.228, 41.709, 41.653, 42.35, 43.423, 44.271, 44.816, 44.834, 44.731, 44.784, 44.609, 44.698, 44.803, 44.767, 45.062, 45.323, 45.392, 45.825, 47.841, 49.376, 49.121, 48.581, 48.16, 48.567, 48.927, 48.29, 47.021, 46.759, 46.778, 46.625, 46.735, 47.371, 48.72, 48.579, 27.784], [28.946, 24.352, 16.547, 7.553, 0.0, 6.528, 10.845, 14.192, 17.712, 20.208, 24.288, 30.324, 32.808, 33.26, 34.076, 35.578, 38.0, 39.572, 40.427, 40.992, 41.016, 41.74, 42.852, 43.727, 44.326, 44.32, 44.105, 44.138, 43.966, 43.981, 44.051, 44.034, 44.269, 44.47, 44.566, 45.09, 47.277, 48.843, 48.543, 47.952, 47.46, 47.876, 48.276, 47.594, 46.288, 46.016, 46.064, 46.029, 46.235, 46.888, 48.276, 48.147, 30.765], [30.365, 26.213, 18.827, 11.439, 6.528, 0.0, 6.168, 11.059, 15.011, 17.382, 21.48, 27.982, 30.661, 31.153, 32.057, 33.767, 36.419, 38.121, 39.068, 39.679, 39.693, 40.438, 41.659, 42.693, 43.352, 43.391, 43.31, 43.422, 43.223, 43.203, 43.261, 43.216, 43.357, 43.54, 43.644, 44.183, 46.482, 48.088, 47.788, 47.2, 46.69, 47.135, 47.578, 46.92, 45.602, 45.316, 45.411, 45.458, 45.697, 46.339, 47.76, 47.627, 31.903], [31.109, 27.501, 20.719, 14.254, 10.845, 6.168, 0.0, 7.231, 12.813, 15.192, 19.122, 26.11, 28.951, 29.456, 30.438, 32.311, 35.103, 36.867, 37.852, 38.491, 38.51, 39.263, 40.514, 41.682, 42.44, 42.485, 42.45, 42.654, 42.451, 42.394, 42.43, 42.36, 42.442, 42.624, 42.742, 43.282, 45.66, 47.307, 47.016, 46.453, 45.926, 46.401, 46.915, 46.359, 45.067, 44.762, 44.954, 45.116, 45.366, 46.022, 47.513, 47.352, 32.392], [30.668, 27.499, 21.512, 16.544, 14.192, 11.059, 7.231, 0.0, 7.686, 11.281, 15.965, 24.073, 27.326, 27.825, 28.805, 30.801, 33.751, 35.612, 36.681, 37.368, 37.391, 38.167, 39.405, 40.617, 41.463, 41.56, 41.499, 41.715, 41.604, 41.662, 41.717, 41.631, 41.738, 42.029, 42.2, 42.762, 45.258, 46.949, 46.647, 46.092, 45.555, 46.039, 46.622, 46.114, 44.796, 44.476, 44.717, 44.925, 45.173, 45.868, 47.435, 47.273, 31.781], [29.79, 27.065, 22.34, 19.196, 17.712, 15.011, 12.813, 7.686, 0.0, 5.533, 12.628, 21.966, 25.656, 26.171, 26.926, 28.902, 31.935, 33.826, 35.091, 35.961, 35.934, 36.688, 37.945, 39.237, 40.146, 40.395, 40.514, 40.729, 40.767, 41.162, 41.329, 41.234, 41.377, 41.749, 41.947, 42.484, 45.009, 46.76, 46.456, 45.89, 45.377, 45.859, 46.449, 45.981, 44.671, 44.348, 44.588, 44.799, 45.05, 45.698, 47.228, 47.091, 30.86], [30.142, 27.674, 23.573, 21.234, 20.208, 17.382, 15.192, 11.281, 5.533, 0.0, 9.774, 20.823, 24.881, 25.469, 26.142, 28.233, 31.362, 33.212, 34.506, 35.48, 35.45, 36.139, 37.416, 38.829, 39.799, 40.154, 40.476, 40.725, 40.736, 41.222, 41.437, 41.31, 41.453, 41.863, 42.053, 42.496, 44.898, 46.662, 46.39, 45.826, 45.329, 45.824, 46.411, 45.971, 44.71, 44.387, 44.635, 44.877, 45.144, 45.73, 47.186, 47.037, 31.052], [34.618, 32.682, 28.548, 25.54, 24.288, 21.48, 19.122, 15.965, 12.628, 9.774, 0.0, 13.69, 19.477, 20.237, 21.504, 25.419, 29.686, 31.769, 33.063, 34.219, 34.419, 35.079, 36.355, 37.901, 38.996, 39.388, 39.669, 39.804, 39.743, 40.046, 40.099, 39.954, 39.998, 40.371, 40.59, 40.974, 43.514, 45.385, 45.157, 44.632, 44.07, 44.622, 45.322, 44.949, 43.765, 43.41, 43.883, 44.622, 45.047, 45.694, 47.384, 47.198, 35.055], [40.848, 39.571, 35.726, 32.039, 30.324, 27.982, 26.11, 24.073, 21.966, 20.823, 13.69, 0.0, 8.728, 10.422, 13.054, 20.832, 27.2, 29.781, 31.208, 32.644, 33.134, 33.88, 35.184, 36.896, 38.105, 38.474, 38.6, 38.584, 38.552, 38.801, 38.716, 38.602, 38.594, 38.853, 39.103, 39.589, 42.373, 44.365, 44.195, 43.728, 43.118, 43.727, 44.534, 44.205, 43.144, 42.761, 43.493, 44.825, 45.437, 46.167, 48.189, 48.046, 40.964], [43.029, 41.952, 38.31, 34.578, 32.808, 30.661, 28.951, 27.326, 25.656, 24.881, 19.477, 8.728, 0.0, 4.139, 8.74, 17.718, 25.139, 28.245, 29.83, 31.389, 32.005, 32.791, 34.132, 36.013, 37.292, 37.663, 37.866, 37.896, 37.911, 38.335, 38.316, 38.193, 38.254, 38.564, 38.848, 39.381, 42.163, 44.157, 44.009, 43.567, 42.959, 43.592, 44.451, 44.186, 43.145, 42.747, 43.547, 44.983, 45.619, 46.371, 48.481, 48.374, 43.067], [43.426, 42.375, 38.75, 35.023, 33.26, 31.153, 29.456, 27.825, 26.171, 25.469, 20.237, 10.422, 4.139, 0.0, 7.229, 17.135, 24.614, 27.756, 29.363, 30.938, 31.603, 32.435, 33.809, 35.696, 36.989, 37.351, 37.538, 37.584, 37.63, 38.104, 38.119, 38.034, 38.098, 38.41, 38.748, 39.286, 42.038, 44.017, 43.878, 43.447, 42.845, 43.477, 44.349, 44.113, 43.065, 42.665, 43.48, 44.905, 45.521, 46.273, 48.393, 48.29, 43.426], [43.417, 42.444, 39.052, 35.665, 34.076, 32.057, 30.438, 28.805, 26.926, 26.142, 21.504, 13.054, 8.74, 7.229, 0.0, 12.447, 21.431, 24.944, 26.824, 28.688, 29.463, 30.509, 32.144, 34.179, 35.511, 36.005, 36.465, 36.649, 36.769, 37.485, 37.63, 37.595, 37.822, 38.192, 38.539, 39.141, 41.866, 43.814, 43.636, 43.182, 42.615, 43.24, 44.113, 43.956, 42.941, 42.561, 43.402, 44.751, 45.29, 46.056, 48.167, 48.065, 43.318], [43.542, 42.698, 39.746, 36.9, 35.578, 33.767, 32.311, 30.801, 28.902, 28.233, 25.419, 20.832, 17.718, 17.135, 12.447, 0.0, 11.617, 17.36, 20.24, 22.731, 23.927, 25.641, 28.055, 30.554, 31.968, 32.693, 33.828, 34.454, 34.729, 36.034, 36.591, 36.695, 37.382, 38.061, 38.41, 39.155, 41.962, 43.875, 43.631, 43.112, 42.603, 43.204, 44.117, 44.166, 43.128, 42.749, 43.635, 44.772, 45.168, 46.012, 48.069, 47.905, 43.328], [44.55, 43.865, 41.415, 39.073, 38.0, 36.419, 35.103, 33.751, 31.935, 31.362, 29.686, 27.2, 25.139, 24.614, 21.431, 11.617, 0.0, 8.855, 14.243, 17.504, 18.933, 21.503, 25.043, 28.099, 29.594, 30.437, 32.148, 33.221, 33.615, 35.449, 36.46, 36.725, 37.858, 38.82, 39.18, 40.03, 42.794, 44.604, 44.295, 43.747, 43.338, 43.884, 44.775, 44.935, 43.857, 43.479, 44.298, 45.164, 45.444, 46.291, 48.185, 47.938, 44.23], [45.143, 44.723, 42.566, 40.467, 39.572, 38.121, 36.867, 35.612, 33.826, 33.212, 31.769, 29.781, 28.245, 27.756, 24.944, 17.36, 8.855, 0.0, 8.8, 14.462, 16.2, 18.914, 23.266, 26.866, 28.527, 29.45, 31.409, 32.651, 33.136, 35.145, 36.265, 36.604, 37.875, 38.89, 39.267, 40.147, 42.85, 44.653, 44.309, 43.774, 43.412, 43.951, 44.813, 44.969, 43.87, 43.469, 44.265, 45.107, 45.378, 46.215, 48.085, 47.853, 44.543], [45.472, 45.355, 43.324, 41.228, 40.427, 39.068, 37.852, 36.681, 35.091, 34.506, 33.063, 31.208, 29.83, 29.363, 26.824, 20.24, 14.243, 8.8, 0.0, 8.463, 12.41, 15.365, 19.91, 23.996, 25.93, 26.927, 29.086, 30.532, 31.052, 33.249, 34.55, 35.067, 36.514, 37.619, 38.068, 39.074, 42.032, 43.999, 43.657, 43.126, 42.75, 43.311, 44.233, 44.445, 43.369, 42.941, 43.789, 44.777, 45.122, 45.986, 47.941, 47.736, 44.647], [45.777, 45.708, 43.744, 41.709, 40.992, 39.679, 38.491, 37.368, 35.961, 35.48, 34.219, 32.644, 31.389, 30.938, 28.688, 22.731, 17.504, 14.462, 8.463, 0.0, 7.457, 12.573, 17.29, 21.602, 23.792, 24.882, 27.334, 29.071, 29.509, 31.835, 33.412, 34.117, 35.826, 37.058, 37.553, 38.728, 41.932, 44.005, 43.667, 43.132, 42.783, 43.349, 44.255, 44.473, 43.41, 42.98, 43.782, 44.739, 45.099, 45.986, 47.957, 47.729, 45.031], [45.561, 45.375, 43.49, 41.653, 41.016, 39.693, 38.51, 37.391, 35.934, 35.45, 34.419, 33.134, 32.005, 31.603, 29.463, 23.927, 18.933, 16.2, 12.41, 7.457, 0.0, 8.279, 15.556, 20.677, 23.048, 24.299, 26.915, 28.851, 29.319, 31.639, 33.329, 34.045, 35.8, 37.089, 37.558, 38.898, 42.213, 44.339, 44.029, 43.465, 43.13, 43.697, 44.538, 44.655, 43.599, 43.196, 43.884, 44.73, 45.077, 45.96, 47.861, 47.641, 44.923], [45.949, 45.915, 44.135, 42.35, 41.74, 40.438, 39.263, 38.167, 36.688, 36.139, 35.079, 33.88, 32.791, 32.435, 30.509, 25.641, 21.503, 18.914, 15.365, 12.573, 8.279, 0.0, 10.263, 17.569, 20.377, 21.82, 24.877, 27.174, 27.791, 30.346, 32.197, 32.957, 34.854, 36.276, 36.749, 38.312, 41.838, 44.111, 43.892, 43.392, 43.062, 43.672, 44.6, 44.724, 43.654, 43.261, 43.933, 44.797, 45.17, 46.046, 47.939, 47.756, 45.186], [46.311, 46.677, 45.176, 43.423, 42.852, 41.659, 40.514, 39.405, 37.945, 37.416, 36.355, 35.184, 34.132, 33.809, 32.144, 28.055, 25.043, 23.266, 19.91, 17.29, 15.556, 10.263, 0.0, 9.728, 14.191, 16.243, 20.297, 23.428, 24.414, 27.647, 29.968, 30.98, 33.264, 34.953, 35.505, 37.211, 40.942, 43.352, 43.156, 42.696, 42.384, 43.018, 44.022, 44.242, 43.192, 42.763, 43.512, 44.526, 44.947, 45.772, 47.725, 47.584, 45.333], [46.559, 47.127, 45.886, 44.271, 43.727, 42.693, 41.682, 40.617, 39.237, 38.829, 37.901, 36.896, 36.013, 35.696, 34.179, 30.554, 28.099, 26.866, 23.996, 21.602, 20.677, 17.569, 9.728, 0.0, 7.08, 11.44, 16.494, 20.176, 21.685, 25.765, 28.601, 29.948, 32.735, 34.709, 35.33, 37.101, 40.808, 43.162, 42.895, 42.418, 42.147, 42.754, 43.716, 44.018, 43.042, 42.603, 43.36, 44.409, 44.835, 45.609, 47.538, 47.405, 45.498], [46.76, 47.341, 46.263, 44.816, 44.326, 43.352, 42.44, 41.463, 40.146, 39.799, 38.996, 38.105, 37.292, 36.989, 35.511, 31.968, 29.594, 28.527, 25.93, 23.792, 23.048, 20.377, 14.191, 7.08, 0.0, 7.363, 14.564, 18.495, 20.106, 24.839, 27.876, 29.386, 32.637, 34.782, 35.418, 37.378, 41.11, 43.395, 43.074, 42.598, 42.388, 42.998, 43.992, 44.324, 43.358, 42.952, 43.677, 44.633, 45.032, 45.805, 47.678, 47.542, 45.758], [46.916, 47.49, 46.366, 44.834, 44.32, 43.391, 42.485, 41.56, 40.395, 40.154, 39.388, 38.474, 37.663, 37.351, 36.005, 32.693, 30.437, 29.45, 26.927, 24.882, 24.299, 21.82, 16.243, 11.44, 7.363, 0.0, 10.112, 15.922, 17.675, 22.596, 26.054, 27.979, 31.466, 33.65, 34.32, 36.539, 40.621, 43.024, 42.687, 42.208, 42.024, 42.661, 43.735, 44.053, 43.055, 42.646, 43.371, 44.366, 44.769, 45.516, 47.443, 47.337, 45.929], [47.073, 47.69, 46.464, 44.731, 44.105, 43.31, 42.45, 41.499, 40.514, 40.476, 39.669, 38.6, 37.866, 37.538, 36.465, 33.828, 32.148, 31.409, 29.086, 27.334, 26.915, 24.877, 20.297, 16.494, 14.564, 10.112, 0.0, 8.722, 12.768, 18.038, 21.806, 24.77, 28.824, 31.179, 31.991, 34.58, 39.347, 42.072, 41.78, 41.282, 41.063, 41.73, 42.862, 43.135, 42.131, 41.716, 42.463, 43.649, 44.197, 44.873, 46.852, 46.824, 46.054], [47.133, 47.778, 46.56, 44.784, 44.138, 43.422, 42.654, 41.715, 40.729, 40.725, 39.804, 38.584, 37.896, 37.584, 36.649, 34.454, 33.221, 32.651, 30.532, 29.071, 28.851, 27.174, 23.428, 20.176, 18.495, 15.922, 8.722, 0.0, 7.913, 15.245, 18.646, 22.035, 27.044, 29.653, 30.542, 33.445, 38.581, 41.555, 41.367, 40.887, 40.64, 41.348, 42.549, 42.807, 41.813, 41.426, 42.181, 43.501, 44.243, 44.935, 46.894, 46.891, 46.094], [47.052, 47.714, 46.442, 44.609, 43.966, 43.223, 42.451, 41.604, 40.767, 40.736, 39.743, 38.552, 37.911, 37.63, 36.769, 34.729, 33.615, 33.136, 31.052, 29.509, 29.319, 27.791, 24.414, 21.685, 20.106, 17.675, 12.768, 7.913, 0.0, 10.007, 14.878, 18.476, 24.475, 27.722, 28.652, 31.97, 37.463, 40.603, 40.543, 40.146, 39.955, 40.709, 41.996, 42.348, 41.382, 41.015, 41.838, 43.23, 44.013, 44.788, 46.821, 46.806, 45.932], [47.576, 48.235, 46.765, 44.698, 43.981, 43.203, 42.394, 41.662, 41.162, 41.222, 40.046, 38.801, 38.335, 38.104, 37.485, 36.034, 35.449, 35.145, 33.249, 31.835, 31.639, 30.346, 27.647, 25.765, 24.839, 22.596, 18.038, 15.245, 10.007, 0.0, 7.936, 14.05, 20.889, 24.92, 26.012, 29.912, 36.316, 39.768, 39.914, 39.643, 39.461, 40.234, 41.537, 41.894, 40.995, 40.645, 41.542, 43.121, 43.928, 44.664, 46.813, 46.873, 46.386], [47.907, 48.567, 46.999, 44.803, 44.051, 43.261, 42.43, 41.717, 41.329, 41.437, 40.099, 38.716, 38.316, 38.119, 37.63, 36.591, 36.46, 36.265, 34.55, 33.412, 33.329, 32.197, 29.968, 28.601, 27.876, 26.054, 21.806, 18.646, 14.878, 7.936, 0.0, 9.417, 18.116, 22.536, 23.71, 28.199, 35.25, 38.995, 39.358, 39.235, 39.075, 39.901, 41.279, 41.685, 40.857, 40.528, 41.499, 43.264, 44.143, 44.856, 47.074, 47.205, 46.678], [47.787, 48.463, 46.906, 44.767, 44.034, 43.216, 42.36, 41.631, 41.234, 41.31, 39.954, 38.602, 38.193, 38.034, 37.595, 36.695, 36.725, 36.604, 35.067, 34.117, 34.045, 32.957, 30.98, 29.948, 29.386, 27.979, 24.77, 22.035, 18.476, 14.05, 9.417, 0.0, 12.0, 18.599, 19.716, 24.96, 33.123, 37.516, 38.14, 38.247, 38.264, 39.16, 40.711, 41.258, 40.492, 40.229, 41.277, 43.111, 44.051, 44.789, 47.033, 47.211, 46.506], [48.244, 48.911, 47.214, 45.062, 44.269, 43.357, 42.442, 41.738, 41.377, 41.453, 39.998, 38.594, 38.254, 38.098, 37.822, 37.382, 37.858, 37.875, 36.514, 35.826, 35.8, 34.854, 33.264, 32.735, 32.637, 31.466, 28.824, 27.044, 24.475, 20.889, 18.116, 12.0, 0.0, 9.938, 12.323, 18.299, 29.106, 35.018, 36.069, 36.477, 36.67, 37.644, 39.371, 40.128, 39.515, 39.317, 40.481, 42.457, 43.484, 44.225, 46.523, 46.762, 46.936], [48.734, 49.363, 47.575, 45.323, 44.47, 43.54, 42.624, 42.029, 41.749, 41.863, 40.371, 38.853, 38.564, 38.41, 38.192, 38.061, 38.82, 38.89, 37.619, 37.058, 37.089, 36.276, 34.953, 34.709, 34.782, 33.65, 31.179, 29.653, 27.722, 24.92, 22.536, 18.599, 9.938, 0.0, 5.992, 14.342, 26.055, 32.866, 34.34, 34.983, 35.254, 36.322, 38.268, 39.227, 38.851, 38.712, 39.938, 42.083, 43.226, 43.948, 46.258, 46.516, 47.448], [48.781, 49.411, 47.625, 45.392, 44.566, 43.644, 42.742, 42.2, 41.947, 42.053, 40.59, 39.103, 38.848, 38.748, 38.539, 38.41, 39.18, 39.267, 38.068, 37.553, 37.558, 36.749, 35.505, 35.33, 35.418, 34.32, 31.991, 30.542, 28.652, 26.012, 23.71, 19.716, 12.323, 5.992, 0.0, 12.153, 25.142, 32.239, 33.785, 34.523, 34.883, 35.954, 37.986, 39.048, 38.749, 38.654, 39.901, 42.065, 43.216, 43.93, 46.226, 46.505, 47.494], [48.912, 49.612, 47.934, 45.825, 45.09, 44.183, 43.282, 42.762, 42.484, 42.496, 40.974, 39.589, 39.381, 39.286, 39.141, 39.155, 40.03, 40.147, 39.074, 38.728, 38.898, 38.312, 37.211, 37.101, 37.378, 36.539, 34.58, 33.445, 31.97, 29.912, 28.199, 24.96, 18.299, 14.342, 12.153, 0.0, 17.084, 26.767, 28.959, 30.06, 30.746, 31.885, 34.071, 35.803, 35.937, 35.937, 37.556, 40.279, 41.619, 42.23, 44.62, 45.005, 47.573], [50.316, 51.054, 49.681, 47.841, 47.277, 46.482, 45.66, 45.258, 45.009, 44.898, 43.514, 42.373, 42.163, 42.038, 41.866, 41.962, 42.794, 42.85, 42.032, 41.932, 42.213, 41.838, 40.942, 40.808, 41.11, 40.621, 39.347, 38.581, 37.463, 36.316, 35.25, 33.123, 29.106, 26.055, 25.142, 17.084, 0.0, 13.744, 19.095, 21.75, 23.495, 24.908, 27.556, 30.972, 32.546, 32.944, 35.358, 39.069, 40.743, 41.2, 43.53, 44.029, 49.021], [51.64, 52.381, 51.156, 49.376, 48.843, 48.088, 47.307, 46.949, 46.76, 46.662, 45.385, 44.365, 44.157, 44.017, 43.814, 43.875, 44.604, 44.653, 43.999, 44.005, 44.339, 44.111, 43.352, 43.162, 43.395, 43.024, 42.072, 41.555, 40.603, 39.768, 38.995, 37.516, 35.018, 32.866, 32.239, 26.767, 13.744, 0.0, 9.342, 14.604, 17.635, 19.059, 22.417, 27.473, 29.827, 30.451, 33.427, 37.558, 39.389, 40.031, 42.392, 42.988, 50.421], [51.302, 52.092, 50.925, 49.121, 48.543, 47.788, 47.016, 46.647, 46.456, 46.39, 45.157, 44.195, 44.009, 43.878, 43.636, 43.631, 44.295, 44.309, 43.657, 43.667, 44.029, 43.892, 43.156, 42.895, 43.074, 42.687, 41.78, 41.367, 40.543, 39.914, 39.358, 38.14, 36.069, 34.34, 33.785, 28.959, 19.095, 9.342, 0.0, 8.07, 13.176, 14.465, 18.304, 24.473, 26.888, 27.454, 30.763, 35.096, 37.03, 37.974, 40.55, 41.147, 50.099], [50.795, 51.571, 50.42, 48.581, 47.952, 47.2, 46.453, 46.092, 45.89, 45.826, 44.632, 43.728, 43.567, 43.447, 43.182, 43.112, 43.747, 43.774, 43.126, 43.132, 43.465, 43.392, 42.696, 42.418, 42.598, 42.208, 41.282, 40.887, 40.146, 39.643, 39.235, 38.247, 36.477, 34.983, 34.523, 30.06, 21.75, 14.604, 8.07, 0.0, 7.051, 8.968, 13.621, 20.867, 23.51, 24.157, 27.891, 32.665, 34.801, 35.868, 38.603, 39.256, 49.633], [50.643, 51.355, 50.116, 48.16, 47.46, 46.69, 45.926, 45.555, 45.377, 45.329, 44.07, 43.118, 42.959, 42.845, 42.615, 42.603, 43.338, 43.412, 42.75, 42.783, 43.13, 43.062, 42.384, 42.147, 42.388, 42.024, 41.063, 40.64, 39.955, 39.461, 39.075, 38.264, 36.67, 35.254, 34.883, 30.746, 23.495, 17.635, 13.176, 7.051, 0.0, 4.383, 10.696, 18.083, 20.872, 21.591, 25.495, 30.736, 33.106, 34.082, 36.884, 37.608, 49.514], [50.976, 51.694, 50.492, 48.567, 47.876, 47.135, 46.401, 46.039, 45.859, 45.824, 44.622, 43.727, 43.592, 43.477, 43.24, 43.204, 43.884, 43.951, 43.311, 43.349, 43.697, 43.672, 43.018, 42.754, 42.998, 42.661, 41.73, 41.348, 40.709, 40.234, 39.901, 39.16, 37.644, 36.322, 35.954, 31.885, 24.908, 19.059, 14.465, 8.968, 4.383, 0.0, 8.634, 17.374, 20.495, 21.313, 25.365, 30.707, 33.108, 34.048, 36.793, 37.517, 49.865], [51.078, 51.811, 50.73, 48.927, 48.276, 47.578, 46.915, 46.622, 46.449, 46.411, 45.322, 44.534, 44.451, 44.349, 44.113, 44.117, 44.775, 44.813, 44.233, 44.255, 44.538, 44.6, 44.022, 43.716, 43.992, 43.735, 42.862, 42.549, 41.996, 41.537, 41.279, 40.711, 39.371, 38.268, 37.986, 34.071, 27.556, 22.417, 18.304, 13.621, 10.696, 8.634, 0.0, 11.979, 17.468, 18.194, 22.513, 28.779, 31.431, 32.467, 35.399, 36.193, 50.008], [50.398, 51.096, 50.057, 48.29, 47.594, 46.92, 46.359, 46.114, 45.981, 45.971, 44.949, 44.205, 44.186, 44.113, 43.956, 44.166, 44.935, 44.969, 44.445, 44.473, 44.655, 44.724, 44.242, 44.018, 44.324, 44.053, 43.135, 42.807, 42.348, 41.894, 41.685, 41.258, 40.128, 39.227, 39.048, 35.803, 30.972, 27.473, 24.473, 20.867, 18.083, 17.374, 11.979, 0.0, 9.352, 11.167, 14.692, 22.202, 25.658, 27.053, 30.64, 31.68, 49.391], [49.34, 49.96, 48.846, 47.021, 46.288, 45.602, 45.067, 44.796, 44.671, 44.71, 43.765, 43.144, 43.145, 43.065, 42.941, 43.128, 43.857, 43.87, 43.369, 43.41, 43.599, 43.654, 43.192, 43.042, 43.358, 43.055, 42.131, 41.813, 41.382, 40.995, 40.857, 40.492, 39.515, 38.851, 38.749, 35.937, 32.546, 29.827, 26.888, 23.51, 20.872, 20.495, 17.468, 9.352, 0.0, 4.861, 9.399, 16.404, 20.005, 22.184, 26.716, 27.909, 48.352], [49.127, 49.762, 48.618, 46.759, 46.016, 45.316, 44.762, 44.476, 44.348, 44.387, 43.41, 42.761, 42.747, 42.665, 42.561, 42.749, 43.479, 43.469, 42.941, 42.98, 43.196, 43.261, 42.763, 42.603, 42.952, 42.646, 41.716, 41.426, 41.015, 40.645, 40.528, 40.229, 39.317, 38.712, 38.654, 35.937, 32.944, 30.451, 27.454, 24.157, 21.591, 21.313, 18.194, 11.167, 4.861, 0.0, 7.34, 15.422, 18.842, 21.016, 25.895, 27.021, 48.106], [48.866, 49.456, 48.465, 46.778, 46.064, 45.411, 44.954, 44.717, 44.588, 44.635, 43.883, 43.493, 43.547, 43.48, 43.402, 43.635, 44.298, 44.265, 43.789, 43.782, 43.884, 43.933, 43.512, 43.36, 43.677, 43.371, 42.463, 42.181, 41.838, 41.542, 41.499, 41.277, 40.481, 39.938, 39.901, 37.556, 35.358, 33.427, 30.763, 27.891, 25.495, 25.365, 22.513, 14.692, 9.399, 7.34, 0.0, 10.302, 15.15, 17.232, 22.173, 23.576, 47.936], [48.329, 48.766, 47.979, 46.625, 46.029, 45.458, 45.116, 44.925, 44.799, 44.877, 44.622, 44.825, 44.983, 44.905, 44.751, 44.772, 45.164, 45.107, 44.777, 44.739, 44.73, 44.797, 44.526, 44.409, 44.633, 44.366, 43.649, 43.501, 43.23, 43.121, 43.264, 43.111, 42.457, 42.083, 42.065, 40.279, 39.069, 37.558, 35.096, 32.665, 30.736, 30.707, 28.779, 22.202, 16.404, 15.422, 10.302, 0.0, 7.345, 12.052, 17.363, 18.894, 47.555], [48.312, 48.711, 47.957, 46.735, 46.235, 45.697, 45.366, 45.173, 45.05, 45.144, 45.047, 45.437, 45.619, 45.521, 45.29, 45.168, 45.444, 45.378, 45.122, 45.099, 45.077, 45.17, 44.947, 44.835, 45.032, 44.769, 44.197, 44.243, 44.013, 43.928, 44.143, 44.051, 43.484, 43.226, 43.216, 41.619, 40.743, 39.389, 37.03, 34.801, 33.106, 33.108, 31.431, 25.658, 20.005, 18.842, 15.15, 7.345, 0.0, 9.172, 16.027, 17.227, 47.562], [48.701, 49.18, 48.532, 47.371, 46.888, 46.339, 46.022, 45.868, 45.698, 45.73, 45.694, 46.167, 46.371, 46.273, 46.056, 46.012, 46.291, 46.215, 45.986, 45.986, 45.96, 46.046, 45.772, 45.609, 45.805, 45.516, 44.873, 44.935, 44.788, 44.664, 44.856, 44.789, 44.225, 43.948, 43.93, 42.23, 41.2, 40.031, 37.974, 35.868, 34.082, 34.048, 32.467, 27.053, 22.184, 21.016, 17.232, 12.052, 9.172, 0.0, 8.742, 11.085, 47.956], [49.607, 50.039, 49.64, 48.72, 48.276, 47.76, 47.513, 47.435, 47.228, 47.186, 47.384, 48.189, 48.481, 48.393, 48.167, 48.069, 48.185, 48.085, 47.941, 47.957, 47.861, 47.939, 47.725, 47.538, 47.678, 47.443, 46.852, 46.894, 46.821, 46.813, 47.074, 47.033, 46.523, 46.258, 46.226, 44.62, 43.53, 42.392, 40.55, 38.603, 36.884, 36.793, 35.399, 30.64, 26.716, 25.895, 22.173, 17.363, 16.027, 8.742, 0.0, 5.782, 48.972], [49.5, 49.903, 49.495, 48.579, 48.147, 47.627, 47.352, 47.273, 47.091, 47.037, 47.198, 48.046, 48.374, 48.29, 48.065, 47.905, 47.938, 47.853, 47.736, 47.729, 47.641, 47.756, 47.584, 47.405, 47.542, 47.337, 46.824, 46.891, 46.806, 46.873, 47.205, 47.211, 46.762, 46.516, 46.505, 45.005, 44.029, 42.988, 41.147, 39.256, 37.608, 37.517, 36.193, 31.68, 27.909, 27.021, 23.576, 18.894, 17.227, 11.085, 5.782, 0.0, 48.884], [9.29, 16.754, 23.099, 27.784, 30.765, 31.903, 32.392, 31.781, 30.86, 31.052, 35.055, 40.964, 43.067, 43.426, 43.318, 43.328, 44.23, 44.543, 44.647, 45.031, 44.923, 45.186, 45.333, 45.498, 45.758, 45.929, 46.054, 46.094, 45.932, 46.386, 46.678, 46.506, 46.936, 47.448, 47.494, 47.573, 49.021, 50.421, 50.099, 49.633, 49.514, 49.865, 50.008, 49.391, 48.352, 48.106, 47.936, 47.555, 47.562, 47.956, 48.972, 48.884, 0.0]]