[[0.0, 6.432, 13.334, 17.363, 19.5, 20.864, 21.496, 22.273, 23.213, 24.231, 25.844, 27.684, 29.091, 30.16, 31.109, 32.489, 34.027, 34.933, 35.322, 35.593, 36.096, 36.789, 37.242, 37.476, 37.853, 38.509, 39.337, 39.59, 39.462, 39.767, 40.765, 41.4, 41.115, 40.694, 40.369, 40.203, 40.91, 41.632, 41.628, 41.399, 41.546, 41.717, 41.803, 41.887, 42.035, 42.749, 44.788, 47.624, 49.639, 50.364, 50.303, 49.679, 49.358, 49.222, 49.13, 48.983, 48.276, 46.882, 46.069, 45.925, 45.827, 45.622, 46.159, 47.329, 47.911, 47.461, 46.716, 45.714, 44.266, 43.567, 43.619, 43.126, 41.592, 40.193, 39.979, 40.317, 41.341, 43.156, 44.85, 46.269, 47.767, 48.715, 49.112, 49.219, 49.244, 48.824, 48.599, 48.807, 48.123, 45.941, 44.304, 44.954, 45.214, 43.97, 42.887, 43.551, 45.652, 47.562, 47.455, 46.07, 44.689, 43.814, 43.755, 43.909, 43.538, 42.809, 42.174, 41.702, 41.524, 41.652, 41.642, 41.677, 42.415, 43.03, 42.848, 43.152, 44.391, 45.536, 46.611, 47.358, 46.922, 45.655, 44.362, 44.147, 45.212, 46.294, 46.366, 45.735, 45.307, 45.105, 44.929, 44.556, 44.163, 44.455, 45.408, 46.082, 45.9, 45.622, 45.891, 46.003, 45.601, 45.058, 44.363, 43.779, 43.432, 43.026, 42.998, 43.368, 43.678, 43.777, 43.557, 42.965, 42.333, 41.598, 40.883, 40.609, 40.83, 41.007, 40.732, 40.99, 41.289, 40.919, 40.418, 39.808, 40.377, 41.285, 38.867, 43.54, 53.758, 53.088, 55.82, 70.062, 78.741, 78.533, 75.846, 74.956, 75.619, 76.34, 76.508, 76.418, 76.247, 75.877, 75.596, 75.832, 76.59, 77.435, 78.275, 79.202, 79.785, 80.003, 80.864, 83.43, 85.713, 83.689, 79.2, 80.061, 81.493, 73.02, 54.413, 43.89, 45.1, 44.795, 41.58, 40.631, 40.64, 4.173], [6.432, 0.0, 8.094, 13.478, 16.473, 18.141, 18.863, 19.693, 20.68, 21.745, 23.522, 25.659, 27.349, 28.641, 29.719, 31.141, 32.72, 33.782, 34.343, 34.695, 35.224, 35.983, 36.598, 37.04, 37.515, 38.184, 39.041, 39.382, 39.338, 39.653, 40.648, 41.266, 40.956, 40.557, 40.287, 40.146, 40.848, 41.552, 41.534, 41.308, 41.477, 41.664, 41.756, 41.85, 42.007, 42.708, 44.728, 47.584, 49.607, 50.323, 50.25, 49.605, 49.279, 49.155, 49.056, 48.874, 48.138, 46.761, 45.962, 45.803, 45.685, 45.478, 46.021, 47.186, 47.761, 47.304, 46.539, 45.475, 43.949, 43.21, 43.253, 42.747, 41.229, 39.904, 39.78, 40.153, 41.188, 43.015, 44.712, 46.134, 47.643, 48.594, 48.973, 49.071, 49.105, 48.667, 48.418, 48.623, 47.956, 45.82, 44.206, 44.874, 45.141, 43.899, 42.819, 43.479, 45.562, 47.449, 47.344, 45.978, 44.605, 43.722, 43.648, 43.778, 43.383, 42.646, 42.014, 41.538, 41.357, 41.49, 41.481, 41.512, 42.245, 42.856, 42.678, 42.979, 44.203, 45.325, 46.376, 47.117, 46.66, 45.375, 44.078, 43.849, 44.867, 45.926, 46.012, 45.402, 44.971, 44.749, 44.544, 44.105, 43.672, 43.976, 44.952, 45.643, 45.484, 45.217, 45.478, 45.581, 45.203, 44.704, 44.031, 43.457, 43.138, 42.771, 42.801, 43.213, 43.522, 43.614, 43.414, 42.86, 42.27, 41.565, 40.861, 40.623, 40.951, 41.236, 40.971, 41.168, 41.445, 41.089, 40.564, 39.869, 40.413, 41.301, 38.872, 43.713, 53.945, 53.253, 55.974, 70.197, 78.895, 78.701, 76.01, 75.118, 75.791, 76.521, 76.688, 76.596, 76.428, 76.057, 75.769, 76.001, 76.758, 77.606, 78.447, 79.37, 79.947, 80.163, 81.024, 83.575, 85.843, 83.821, 79.328, 80.194, 81.641, 73.091, 54.273, 43.513, 44.7, 44.383, 41.132, 40.265, 40.303, 9.168], [13.334, 8.094, 0.0, 6.978, 12.02, 14.826, 15.848, 16.759, 17.859, 19.048, 21.13, 23.738, 25.875, 27.501, 28.739, 30.165, 31.753, 32.983, 33.758, 34.222, 34.785, 35.615, 36.415, 37.115, 37.745, 38.439, 39.278, 39.685, 39.769, 40.114, 41.047, 41.608, 41.269, 40.877, 40.634, 40.517, 41.194, 41.84, 41.784, 41.561, 41.758, 41.964, 42.048, 42.128, 42.292, 42.995, 44.979, 47.801, 49.775, 50.455, 50.383, 49.754, 49.467, 49.378, 49.281, 49.065, 48.289, 46.93, 46.166, 46.003, 45.862, 45.648, 46.199, 47.365, 47.942, 47.488, 46.711, 45.626, 44.094, 43.331, 43.322, 42.771, 41.264, 39.988, 39.929, 40.328, 41.341, 43.119, 44.772, 46.175, 47.682, 48.625, 48.974, 49.073, 49.162, 48.738, 48.466, 48.649, 47.997, 45.922, 44.333, 44.986, 45.243, 44.007, 42.925, 43.569, 45.62, 47.458, 47.37, 46.055, 44.703, 43.81, 43.699, 43.771, 43.333, 42.585, 41.964, 41.497, 41.316, 41.44, 41.421, 41.432, 42.129, 42.729, 42.564, 42.849, 44.038, 45.129, 46.194, 46.977, 46.536, 45.275, 44.013, 43.805, 44.775, 45.771, 45.858, 45.291, 44.889, 44.678, 44.488, 43.981, 43.453, 43.73, 44.698, 45.388, 45.244, 44.977, 45.209, 45.299, 44.952, 44.491, 43.844, 43.29, 42.994, 42.657, 42.732, 43.18, 43.494, 43.572, 43.357, 42.796, 42.24, 41.608, 40.949, 40.736, 41.169, 41.617, 41.451, 41.646, 41.906, 41.565, 41.024, 40.312, 40.899, 41.772, 39.372, 44.246, 54.289, 53.568, 56.274, 70.308, 78.957, 78.815, 76.17, 75.287, 75.964, 76.699, 76.866, 76.772, 76.614, 76.252, 75.961, 76.185, 76.938, 77.791, 78.64, 79.561, 80.127, 80.34, 81.204, 83.736, 85.972, 83.947, 79.475, 80.345, 81.797, 73.198, 54.321, 43.524, 44.658, 44.319, 41.077, 40.327, 40.395, 14.89], [17.363, 13.478, 6.978, 0.0, 6.94, 11.586, 13.463, 14.548, 15.702, 17.093, 19.546, 22.552, 25.08, 27.064, 28.522, 29.961, 31.487, 32.736, 33.566, 34.036, 34.588, 35.474, 36.376, 37.182, 37.884, 38.626, 39.473, 39.906, 40.069, 40.47, 41.381, 41.903, 41.534, 41.134, 40.894, 40.787, 41.458, 42.074, 41.993, 41.776, 41.992, 42.204, 42.283, 42.355, 42.528, 43.253, 45.252, 48.06, 49.998, 50.657, 50.598, 50.006, 49.753, 49.665, 49.545, 49.313, 48.516, 47.153, 46.409, 46.258, 46.102, 45.865, 46.406, 47.576, 48.17, 47.717, 46.914, 45.817, 44.314, 43.54, 43.482, 42.895, 41.374, 40.097, 40.052, 40.47, 41.466, 43.19, 44.803, 46.207, 47.726, 48.665, 49.006, 49.12, 49.257, 48.859, 48.584, 48.752, 48.094, 46.027, 44.439, 45.081, 45.325, 44.078, 42.99, 43.628, 45.686, 47.517, 47.437, 46.136, 44.774, 43.858, 43.715, 43.752, 43.295, 42.541, 41.922, 41.458, 41.272, 41.392, 41.373, 41.373, 42.052, 42.669, 42.542, 42.824, 43.973, 45.032, 46.117, 46.94, 46.535, 45.309, 44.081, 43.901, 44.877, 45.856, 45.943, 45.408, 45.04, 44.848, 44.671, 44.131, 43.568, 43.845, 44.814, 45.498, 45.34, 45.043, 45.239, 45.305, 44.942, 44.463, 43.806, 43.237, 42.924, 42.587, 42.664, 43.095, 43.399, 43.474, 43.239, 42.63, 42.04, 41.442, 40.827, 40.628, 41.105, 41.657, 41.6, 41.863, 42.144, 41.796, 41.242, 40.573, 41.222, 42.104, 39.652, 44.576, 54.583, 53.842, 56.556, 70.468, 79.07, 78.944, 76.323, 75.439, 76.102, 76.831, 76.998, 76.905, 76.752, 76.395, 76.103, 76.324, 77.076, 77.935, 78.792, 79.715, 80.278, 80.494, 81.364, 83.889, 86.104, 84.057, 79.597, 80.48, 81.925, 73.315, 54.421, 43.665, 44.783, 44.422, 41.244, 40.586, 40.668, 18.423], [19.5, 16.473, 12.02, 6.94, 0.0, 6.252, 9.813, 11.689, 12.944, 14.564, 17.499, 20.966, 23.98, 26.5, 28.379, 29.975, 31.471, 32.709, 33.555, 33.992, 34.519, 35.433, 36.39, 37.246, 37.941, 38.71, 39.594, 40.046, 40.223, 40.679, 41.615, 42.114, 41.711, 41.3, 41.069, 40.971, 41.651, 42.275, 42.203, 41.997, 42.216, 42.422, 42.491, 42.554, 42.719, 43.446, 45.445, 48.218, 50.118, 50.757, 50.698, 50.137, 49.912, 49.814, 49.669, 49.44, 48.656, 47.311, 46.584, 46.438, 46.277, 46.035, 46.571, 47.727, 48.315, 47.846, 47.008, 45.891, 44.392, 43.606, 43.516, 42.914, 41.4, 40.149, 40.138, 40.586, 41.58, 43.256, 44.831, 46.248, 47.794, 48.744, 49.081, 49.179, 49.326, 48.95, 48.671, 48.822, 48.165, 46.123, 44.565, 45.211, 45.452, 44.221, 43.148, 43.75, 45.747, 47.564, 47.496, 46.193, 44.813, 43.868, 43.695, 43.723, 43.281, 42.548, 41.944, 41.493, 41.319, 41.449, 41.435, 41.427, 42.09, 42.717, 42.642, 42.936, 44.029, 45.038, 46.118, 46.958, 46.596, 45.425, 44.248, 44.064, 45.018, 45.995, 46.098, 45.589, 45.229, 45.026, 44.833, 44.285, 43.73, 44.018, 44.981, 45.659, 45.491, 45.163, 45.324, 45.352, 44.958, 44.472, 43.805, 43.2, 42.856, 42.522, 42.586, 42.976, 43.257, 43.314, 43.06, 42.422, 41.813, 41.241, 40.674, 40.484, 40.95, 41.534, 41.537, 41.837, 42.134, 41.801, 41.28, 40.648, 41.316, 42.209, 39.653, 44.487, 54.532, 53.797, 56.417, 70.187, 78.757, 78.617, 75.995, 75.102, 75.749, 76.475, 76.645, 76.552, 76.393, 76.026, 75.728, 75.949, 76.704, 77.566, 78.423, 79.344, 79.91, 80.132, 81.001, 83.523, 85.731, 83.675, 79.212, 80.093, 81.538, 72.993, 54.269, 43.772, 44.926, 44.553, 41.514, 40.965, 41.062, 20.449], [20.864, 18.141, 14.826, 11.586, 6.252, 0.0, 5.144, 8.406, 10.117, 11.888, 15.283, 19.274, 22.782, 25.828, 28.144, 29.943, 31.45, 32.683, 33.563, 34.01, 34.557, 35.479, 36.43, 37.319, 38.062, 38.868, 39.767, 40.227, 40.427, 40.928, 41.881, 42.392, 42.009, 41.593, 41.353, 41.261, 41.938, 42.561, 42.494, 42.287, 42.496, 42.699, 42.764, 42.817, 42.971, 43.694, 45.67, 48.39, 50.254, 50.881, 50.811, 50.257, 50.067, 50.004, 49.878, 49.669, 48.915, 47.595, 46.885, 46.745, 46.586, 46.353, 46.899, 48.046, 48.612, 48.13, 47.288, 46.172, 44.66, 43.858, 43.756, 43.141, 41.626, 40.394, 40.415, 40.898, 41.901, 43.541, 45.074, 46.467, 48.01, 48.964, 49.289, 49.368, 49.527, 49.177, 48.904, 49.045, 48.387, 46.364, 44.827, 45.466, 45.721, 44.537, 43.489, 44.055, 45.982, 47.773, 47.712, 46.408, 45.024, 44.077, 43.909, 43.95, 43.524, 42.802, 42.198, 41.752, 41.595, 41.732, 41.715, 41.695, 42.329, 42.939, 42.893, 43.21, 44.288, 45.287, 46.354, 47.187, 46.842, 45.703, 44.568, 44.373, 45.278, 46.237, 46.357, 45.863, 45.486, 45.266, 45.089, 44.568, 44.03, 44.317, 45.261, 45.923, 45.761, 45.437, 45.586, 45.596, 45.191, 44.714, 44.056, 43.43, 43.065, 42.739, 42.804, 43.184, 43.46, 43.509, 43.239, 42.595, 41.985, 41.424, 40.879, 40.689, 41.13, 41.721, 41.741, 42.009, 42.274, 41.964, 41.49, 40.867, 41.513, 42.41, 39.764, 44.2, 54.186, 53.466, 55.962, 69.62, 78.181, 78.029, 75.412, 74.521, 75.166, 75.892, 76.067, 75.976, 75.813, 75.441, 75.139, 75.36, 76.12, 76.987, 77.847, 78.771, 79.342, 79.564, 80.434, 82.961, 85.179, 83.139, 78.673, 79.539, 80.987, 72.522, 54.092, 43.922, 45.095, 44.706, 41.77, 41.307, 41.414, 21.78], [21.496, 18.863, 15.848, 13.463, 9.813, 5.144, 0.0, 4.296, 7.035, 9.26, 13.076, 17.526, 21.418, 24.804, 27.379, 29.272, 30.791, 32.079, 33.037, 33.54, 34.185, 35.204, 36.198, 37.156, 38.0, 38.836, 39.728, 40.209, 40.456, 40.982, 41.912, 42.436, 42.116, 41.727, 41.467, 41.371, 42.055, 42.677, 42.607, 42.392, 42.586, 42.775, 42.831, 42.877, 43.033, 43.775, 45.765, 48.48, 50.333, 50.951, 50.878, 50.339, 50.18, 50.137, 50.019, 49.823, 49.1, 47.812, 47.128, 47.007, 46.866, 46.652, 47.214, 48.381, 48.96, 48.485, 47.652, 46.534, 45.003, 44.18, 44.061, 43.414, 41.867, 40.615, 40.631, 41.113, 42.114, 43.755, 45.281, 46.654, 48.176, 49.118, 49.426, 49.495, 49.662, 49.318, 49.043, 49.183, 48.516, 46.488, 44.959, 45.608, 45.875, 44.689, 43.627, 44.187, 46.121, 47.908, 47.847, 46.536, 45.145, 44.198, 44.033, 44.076, 43.652, 42.928, 42.314, 41.863, 41.712, 41.858, 41.85, 41.833, 42.449, 43.056, 43.03, 43.377, 44.483, 45.507, 46.592, 47.436, 47.097, 45.956, 44.824, 44.637, 45.531, 46.479, 46.597, 46.092, 45.696, 45.475, 45.319, 44.805, 44.266, 44.56, 45.502, 46.151, 45.985, 45.662, 45.798, 45.792, 45.375, 44.89, 44.232, 43.597, 43.219, 42.884, 42.964, 43.371, 43.661, 43.714, 43.442, 42.788, 42.166, 41.592, 41.031, 40.812, 41.231, 41.834, 41.865, 42.107, 42.334, 42.025, 41.577, 40.971, 41.627, 42.536, 39.843, 44.016, 53.974, 53.25, 55.698, 69.368, 77.927, 77.759, 75.141, 74.257, 74.911, 75.644, 75.82, 75.729, 75.568, 75.201, 74.902, 75.126, 75.889, 76.761, 77.63, 78.566, 79.145, 79.366, 80.231, 82.758, 84.981, 82.948, 78.49, 79.359, 80.802, 72.345, 54.038, 44.039, 45.234, 44.806, 41.864, 41.433, 41.533, 22.411], [22.273, 19.693, 16.759, 14.548, 11.689, 8.406, 4.296, 0.0, 3.688, 6.886, 11.371, 16.078, 20.099, 23.634, 26.33, 28.232, 29.762, 31.174, 32.255, 32.803, 33.524, 34.684, 35.812, 36.891, 37.82, 38.687, 39.606, 40.124, 40.409, 40.954, 41.871, 42.388, 42.11, 41.786, 41.556, 41.464, 42.154, 42.782, 42.72, 42.51, 42.686, 42.839, 42.864, 42.894, 43.047, 43.781, 45.759, 48.477, 50.336, 50.95, 50.869, 50.335, 50.182, 50.129, 49.996, 49.804, 49.106, 47.852, 47.187, 47.083, 46.958, 46.756, 47.317, 48.484, 49.069, 48.603, 47.773, 46.648, 45.099, 44.262, 44.14, 43.497, 41.952, 40.713, 40.743, 41.224, 42.218, 43.87, 45.402, 46.759, 48.264, 49.193, 49.486, 49.538, 49.686, 49.319, 49.025, 49.161, 48.505, 46.503, 45.008, 45.666, 45.939, 44.756, 43.685, 44.248, 46.193, 47.975, 47.911, 46.609, 45.222, 44.268, 44.097, 44.144, 43.737, 43.032, 42.427, 41.977, 41.826, 41.98, 41.99, 41.977, 42.576, 43.179, 43.168, 43.525, 44.638, 45.684, 46.787, 47.622, 47.269, 46.117, 44.972, 44.778, 45.665, 46.607, 46.713, 46.185, 45.77, 45.543, 45.384, 44.868, 44.341, 44.654, 45.607, 46.256, 46.083, 45.759, 45.888, 45.873, 45.445, 44.95, 44.291, 43.653, 43.273, 42.941, 43.044, 43.473, 43.766, 43.827, 43.571, 42.916, 42.286, 41.699, 41.116, 40.878, 41.292, 41.894, 41.911, 42.136, 42.355, 42.049, 41.614, 41.013, 41.679, 42.59, 39.922, 44.132, 54.095, 53.365, 55.803, 69.463, 77.995, 77.81, 75.184, 74.297, 74.953, 75.688, 75.863, 75.772, 75.617, 75.257, 74.962, 75.184, 75.946, 76.816, 77.685, 78.626, 79.21, 79.43, 80.285, 82.797, 85.009, 82.975, 78.527, 79.405, 80.853, 72.409, 54.141, 44.157, 45.354, 44.935, 41.994, 41.542, 41.617, 23.218], [23.213, 20.68, 17.859, 15.702, 12.944, 10.117, 7.035, 3.688, 0.0, 4.194, 9.87, 15.061, 19.146, 22.721, 25.537, 27.529, 29.118, 30.633, 31.799, 32.356, 33.086, 34.301, 35.526, 36.697, 37.662, 38.528, 39.47, 40.027, 40.335, 40.903, 41.846, 42.373, 42.104, 41.828, 41.657, 41.586, 42.278, 42.914, 42.869, 42.672, 42.838, 42.968, 42.97, 42.986, 43.135, 43.843, 45.779, 48.474, 50.334, 50.944, 50.842, 50.291, 50.135, 50.08, 49.943, 49.752, 49.065, 47.829, 47.17, 47.068, 46.945, 46.736, 47.275, 48.412, 48.979, 48.513, 47.687, 46.564, 45.009, 44.155, 44.038, 43.426, 41.921, 40.728, 40.794, 41.294, 42.296, 43.951, 45.468, 46.794, 48.276, 49.195, 49.482, 49.522, 49.659, 49.288, 48.986, 49.119, 48.476, 46.514, 45.061, 45.712, 45.987, 44.826, 43.758, 44.294, 46.205, 47.964, 47.897, 46.615, 45.239, 44.281, 44.107, 44.163, 43.775, 43.094, 42.506, 42.067, 41.917, 42.076, 42.098, 42.082, 42.653, 43.239, 43.229, 43.583, 44.683, 45.735, 46.85, 47.675, 47.315, 46.17, 45.031, 44.835, 45.715, 46.649, 46.746, 46.208, 45.775, 45.537, 45.377, 44.876, 44.377, 44.704, 45.658, 46.302, 46.127, 45.81, 45.948, 45.935, 45.509, 45.013, 44.358, 43.724, 43.345, 43.023, 43.143, 43.576, 43.869, 43.942, 43.701, 43.049, 42.426, 41.837, 41.248, 41.019, 41.434, 42.014, 41.998, 42.203, 42.434, 42.151, 41.728, 41.114, 41.772, 42.674, 40.035, 44.237, 54.169, 53.44, 55.857, 69.479, 77.991, 77.799, 75.168, 74.274, 74.925, 75.658, 75.831, 75.744, 75.596, 75.243, 74.951, 75.173, 75.932, 76.799, 77.666, 78.607, 79.194, 79.415, 80.262, 82.759, 84.959, 82.924, 78.481, 79.357, 80.813, 72.412, 54.216, 44.254, 45.442, 45.06, 42.138, 41.65, 41.705, 24.168], [24.231, 21.745, 19.048, 17.093, 14.564, 11.888, 9.26, 6.886, 4.194, 0.0, 6.667, 12.873, 17.568, 21.505, 24.605, 26.798, 28.553, 30.223, 31.491, 32.091, 32.841, 34.095, 35.388, 36.648, 37.665, 38.508, 39.437, 40.027, 40.375, 40.961, 41.903, 42.44, 42.192, 41.949, 41.819, 41.776, 42.452, 43.071, 43.037, 42.851, 43.003, 43.109, 43.095, 43.114, 43.273, 43.954, 45.826, 48.467, 50.309, 50.914, 50.784, 50.197, 50.031, 49.98, 49.841, 49.648, 48.975, 47.757, 47.098, 46.993, 46.875, 46.665, 47.186, 48.302, 48.867, 48.414, 47.603, 46.507, 44.986, 44.133, 44.013, 43.429, 41.977, 40.82, 40.904, 41.428, 42.442, 44.088, 45.585, 46.883, 48.344, 49.253, 49.539, 49.581, 49.716, 49.349, 49.048, 49.18, 48.553, 46.635, 45.213, 45.843, 46.137, 45.028, 43.962, 44.44, 46.295, 48.022, 47.957, 46.701, 45.339, 44.375, 44.186, 44.228, 43.837, 43.162, 42.585, 42.156, 42.01, 42.169, 42.202, 42.19, 42.738, 43.306, 43.293, 43.639, 44.726, 45.762, 46.863, 47.675, 47.318, 46.188, 45.062, 44.878, 45.756, 46.674, 46.766, 46.231, 45.797, 45.562, 45.413, 44.927, 44.453, 44.788, 45.723, 46.351, 46.182, 45.895, 46.049, 46.039, 45.627, 45.132, 44.465, 43.823, 43.442, 43.127, 43.249, 43.682, 43.983, 44.067, 43.829, 43.178, 42.567, 41.997, 41.423, 41.212, 41.647, 42.226, 42.177, 42.333, 42.543, 42.28, 41.88, 41.243, 41.865, 42.753, 40.141, 44.185, 54.006, 53.283, 55.656, 69.227, 77.72, 77.528, 74.904, 74.008, 74.656, 75.387, 75.561, 75.477, 75.333, 74.983, 74.693, 74.919, 75.678, 76.542, 77.407, 78.349, 78.943, 79.169, 80.012, 82.497, 84.688, 82.661, 78.233, 79.101, 80.556, 72.195, 54.123, 44.33, 45.497, 45.128, 42.306, 41.855, 41.904, 25.175], [25.844, 23.522, 21.13, 19.546, 17.499, 15.283, 13.076, 11.371, 9.87, 6.667, 0.0, 7.403, 13.718, 18.935, 22.691, 25.138, 27.15, 29.132, 30.609, 31.309, 32.136, 33.539, 35.006, 36.436, 37.58, 38.433, 39.341, 39.959, 40.364, 40.98, 41.889, 42.408, 42.196, 42.002, 41.908, 41.89, 42.529, 43.11, 43.073, 42.892, 43.019, 43.078, 43.047, 43.094, 43.279, 43.92, 45.706, 48.272, 50.084, 50.684, 50.525, 49.903, 49.718, 49.653, 49.501, 49.307, 48.655, 47.454, 46.792, 46.684, 46.578, 46.379, 46.888, 47.995, 48.579, 48.162, 47.384, 46.338, 44.889, 44.069, 43.965, 43.439, 42.067, 40.954, 41.053, 41.601, 42.609, 44.223, 45.7, 46.998, 48.474, 49.386, 49.673, 49.732, 49.866, 49.487, 49.171, 49.294, 48.689, 46.808, 45.381, 45.961, 46.285, 45.244, 44.16, 44.548, 46.367, 48.083, 48.024, 46.797, 45.451, 44.487, 44.287, 44.309, 43.904, 43.224, 42.648, 42.226, 42.082, 42.233, 42.272, 42.273, 42.822, 43.394, 43.386, 43.723, 44.8, 45.805, 46.83, 47.564, 47.175, 46.041, 44.913, 44.722, 45.58, 46.463, 46.541, 46.019, 45.617, 45.42, 45.288, 44.811, 44.365, 44.711, 45.63, 46.238, 46.086, 45.853, 46.022, 46.001, 45.596, 45.1, 44.402, 43.745, 43.38, 43.073, 43.191, 43.647, 43.976, 44.063, 43.822, 43.179, 42.601, 42.068, 41.506, 41.312, 41.813, 42.456, 42.363, 42.395, 42.536, 42.294, 41.936, 41.23, 41.765, 42.662, 40.09, 43.912, 53.613, 52.91, 55.258, 68.778, 77.227, 77.038, 74.435, 73.54, 74.18, 74.913, 75.094, 75.011, 74.864, 74.509, 74.223, 74.457, 75.216, 76.071, 76.932, 77.881, 78.484, 78.717, 79.569, 82.051, 84.233, 82.229, 77.837, 78.693, 80.119, 71.776, 53.826, 44.262, 45.393, 45.003, 42.344, 41.988, 42.033, 26.753], [27.684, 25.659, 23.738, 22.552, 20.966, 19.274, 17.526, 16.078, 15.061, 12.873, 7.403, 0.0, 7.907, 14.974, 19.88, 22.765, 24.99, 27.271, 29.013, 29.834, 30.749, 32.4, 34.116, 35.757, 37.094, 38.062, 39.007, 39.653, 40.118, 40.787, 41.706, 42.239, 42.079, 41.941, 41.881, 41.856, 42.459, 43.015, 42.97, 42.781, 42.881, 42.892, 42.829, 42.89, 43.103, 43.729, 45.478, 47.996, 49.776, 50.357, 50.188, 49.588, 49.441, 49.368, 49.198, 49.018, 48.391, 47.175, 46.482, 46.36, 46.26, 46.072, 46.569, 47.663, 48.259, 47.87, 47.117, 46.097, 44.663, 43.853, 43.773, 43.283, 41.935, 40.859, 41.014, 41.583, 42.567, 44.147, 45.618, 46.946, 48.471, 49.406, 49.698, 49.759, 49.867, 49.446, 49.101, 49.212, 48.62, 46.726, 45.231, 45.757, 46.118, 45.146, 44.072, 44.445, 46.317, 48.072, 48.007, 46.78, 45.441, 44.506, 44.346, 44.401, 44.015, 43.344, 42.765, 42.33, 42.165, 42.295, 42.334, 42.365, 42.956, 43.555, 43.546, 43.881, 45.009, 46.05, 46.999, 47.599, 47.112, 45.928, 44.742, 44.511, 45.361, 46.227, 46.295, 45.772, 45.387, 45.222, 45.092, 44.618, 44.195, 44.565, 45.509, 46.132, 45.99, 45.773, 45.944, 45.899, 45.477, 44.968, 44.248, 43.593, 43.267, 42.986, 43.122, 43.633, 44.005, 44.09, 43.856, 43.256, 42.73, 42.212, 41.63, 41.444, 41.996, 42.681, 42.537, 42.466, 42.561, 42.318, 41.966, 41.183, 41.622, 42.55, 39.995, 43.607, 53.327, 52.673, 55.046, 68.632, 77.082, 76.905, 74.308, 73.406, 74.037, 74.767, 74.951, 74.869, 74.715, 74.352, 74.072, 74.32, 75.082, 75.928, 76.791, 77.755, 78.364, 78.597, 79.465, 81.974, 84.167, 82.171, 77.783, 78.621, 80.013, 71.635, 53.655, 44.069, 45.168, 44.799, 42.218, 41.868, 41.898, 28.522], [29.091, 27.349, 25.875, 25.08, 23.98, 22.782, 21.418, 20.099, 19.146, 17.568, 13.718, 7.907, 0.0, 8.537, 15.235, 19.28, 22.024, 24.771, 26.972, 27.99, 28.965, 30.837, 32.809, 34.72, 36.306, 37.42, 38.435, 39.15, 39.686, 40.391, 41.356, 41.956, 41.876, 41.8, 41.775, 41.728, 42.314, 42.875, 42.831, 42.641, 42.74, 42.73, 42.606, 42.624, 42.843, 43.484, 45.238, 47.733, 49.482, 50.029, 49.861, 49.328, 49.271, 49.213, 49.042, 48.9, 48.307, 47.028, 46.263, 46.12, 46.014, 45.804, 46.246, 47.291, 47.862, 47.465, 46.715, 45.694, 44.221, 43.38, 43.296, 42.791, 41.419, 40.379, 40.593, 41.163, 42.14, 43.732, 45.223, 46.578, 48.147, 49.111, 49.404, 49.436, 49.459, 48.942, 48.547, 48.653, 48.089, 46.222, 44.713, 45.231, 45.644, 44.759, 43.762, 44.208, 46.147, 47.922, 47.833, 46.607, 45.292, 44.403, 44.317, 44.454, 44.136, 43.513, 42.947, 42.48, 42.258, 42.347, 42.379, 42.441, 43.085, 43.702, 43.676, 44.035, 45.279, 46.435, 47.368, 47.847, 47.248, 45.987, 44.709, 44.447, 45.341, 46.221, 46.272, 45.728, 45.304, 45.105, 44.942, 44.482, 44.092, 44.474, 45.447, 46.103, 45.955, 45.708, 45.876, 45.836, 45.394, 44.85, 44.134, 43.525, 43.258, 43.042, 43.25, 43.804, 44.167, 44.246, 44.08, 43.585, 43.118, 42.575, 41.951, 41.764, 42.282, 42.874, 42.655, 42.576, 42.7, 42.43, 42.016, 41.205, 41.582, 42.491, 39.995, 43.604, 53.467, 52.858, 55.303, 69.033, 77.546, 77.407, 74.799, 73.89, 74.525, 75.254, 75.434, 75.353, 75.198, 74.832, 74.553, 74.809, 75.576, 76.418, 77.277, 78.241, 78.844, 79.066, 79.934, 82.466, 84.679, 82.66, 78.226, 79.043, 80.452, 72.015, 53.812, 43.95, 45.068, 44.805, 42.169, 41.655, 41.658, 29.83], [30.16, 28.641, 27.501, 27.064, 26.5, 25.828, 24.804, 23.634, 22.721, 21.505, 18.935, 14.974, 8.537, 0.0, 8.388, 14.63, 19.096, 22.927, 25.753, 26.997, 27.95, 29.839, 31.968, 34.171, 35.982, 37.183, 38.241, 39.013, 39.563, 40.251, 41.255, 41.91, 41.892, 41.881, 41.892, 41.831, 42.399, 42.952, 42.915, 42.743, 42.865, 42.862, 42.692, 42.654, 42.877, 43.546, 45.276, 47.698, 49.395, 49.914, 49.743, 49.231, 49.206, 49.171, 49.029, 48.915, 48.324, 46.992, 46.175, 46.018, 45.886, 45.625, 45.978, 46.91, 47.4, 46.991, 46.26, 45.245, 43.767, 42.917, 42.831, 42.351, 41.058, 40.111, 40.324, 40.842, 41.796, 43.4, 44.901, 46.249, 47.818, 48.786, 49.071, 49.063, 48.987, 48.367, 47.917, 48.029, 47.543, 45.825, 44.415, 44.924, 45.365, 44.579, 43.678, 44.173, 46.075, 47.805, 47.712, 46.542, 45.299, 44.485, 44.479, 44.698, 44.453, 43.896, 43.376, 42.916, 42.656, 42.694, 42.698, 42.754, 43.399, 43.999, 43.949, 44.316, 45.62, 46.846, 47.768, 48.198, 47.563, 46.293, 44.995, 44.725, 45.612, 46.443, 46.449, 45.911, 45.459, 45.177, 44.975, 44.585, 44.269, 44.642, 45.583, 46.245, 46.111, 45.866, 46.065, 46.066, 45.609, 45.026, 44.354, 43.828, 43.583, 43.361, 43.573, 44.096, 44.411, 44.488, 44.396, 44.003, 43.602, 43.073, 42.453, 42.277, 42.705, 43.108, 42.802, 42.775, 42.98, 42.714, 42.254, 41.477, 41.825, 42.637, 40.358, 44.154, 53.937, 53.339, 55.875, 69.525, 78.033, 77.961, 75.379, 74.482, 75.137, 75.868, 76.036, 75.956, 75.813, 75.452, 75.164, 75.405, 76.158, 76.99, 77.836, 78.777, 79.361, 79.568, 80.419, 82.932, 85.133, 83.117, 78.691, 79.489, 80.927, 72.453, 54.08, 44.119, 45.302, 45.108, 42.417, 41.745, 41.739, 30.786], [31.109, 29.719, 28.739, 28.522, 28.379, 28.144, 27.379, 26.33, 25.537, 24.605, 22.691, 19.88, 15.235, 8.388, 0.0, 8.367, 15.778, 21.679, 25.359, 26.823, 27.734, 29.596, 31.867, 34.309, 36.258, 37.491, 38.551, 39.348, 39.907, 40.58, 41.583, 42.227, 42.216, 42.252, 42.311, 42.253, 42.768, 43.28, 43.251, 43.112, 43.255, 43.28, 43.136, 43.108, 43.312, 43.921, 45.548, 47.866, 49.511, 50.026, 49.839, 49.254, 49.132, 49.062, 48.927, 48.811, 48.207, 46.86, 46.035, 45.869, 45.709, 45.412, 45.694, 46.492, 46.88, 46.473, 45.777, 44.774, 43.315, 42.467, 42.399, 42.034, 40.966, 40.204, 40.435, 40.914, 41.841, 43.433, 44.92, 46.251, 47.794, 48.735, 49.001, 48.987, 48.859, 48.162, 47.64, 47.745, 47.368, 45.859, 44.596, 45.065, 45.482, 44.752, 43.879, 44.33, 46.12, 47.794, 47.749, 46.696, 45.565, 44.832, 44.868, 45.105, 44.878, 44.354, 43.882, 43.469, 43.218, 43.23, 43.211, 43.245, 43.852, 44.429, 44.37, 44.709, 45.974, 47.174, 48.04, 48.445, 47.827, 46.603, 45.347, 45.047, 45.828, 46.539, 46.475, 45.972, 45.554, 45.219, 44.983, 44.675, 44.469, 44.862, 45.755, 46.393, 46.274, 46.068, 46.317, 46.36, 45.901, 45.298, 44.665, 44.218, 43.985, 43.724, 43.888, 44.379, 44.678, 44.741, 44.649, 44.304, 43.992, 43.538, 42.948, 42.775, 43.145, 43.416, 43.01, 42.935, 43.143, 42.918, 42.485, 41.744, 42.049, 42.783, 40.8, 44.774, 54.231, 53.639, 56.255, 69.609, 78.008, 77.98, 75.453, 74.582, 75.248, 75.977, 76.133, 76.051, 75.921, 75.569, 75.277, 75.498, 76.22, 77.023, 77.844, 78.762, 79.329, 79.525, 80.358, 82.829, 85.001, 83.029, 78.685, 79.473, 80.874, 72.316, 53.91, 44.256, 45.468, 45.203, 42.601, 42.01, 42.043, 31.628], [32.489, 31.141, 30.165, 29.961, 29.975, 29.943, 29.272, 28.232, 27.529, 26.798, 25.138, 22.765, 19.28, 14.63, 8.367, 0.0, 9.828, 18.446, 23.532, 25.446, 26.515, 28.643, 31.26, 34.005, 36.161, 37.493, 38.595, 39.463, 40.121, 40.819, 41.764, 42.376, 42.385, 42.48, 42.615, 42.603, 43.089, 43.543, 43.5, 43.383, 43.532, 43.565, 43.465, 43.48, 43.653, 44.14, 45.647, 47.9, 49.518, 50.032, 49.824, 49.168, 48.938, 48.786, 48.615, 48.501, 47.92, 46.603, 45.808, 45.654, 45.494, 45.21, 45.5, 46.268, 46.608, 46.194, 45.509, 44.488, 43.019, 42.167, 42.094, 41.799, 40.891, 40.286, 40.598, 41.108, 42.026, 43.594, 45.064, 46.393, 47.917, 48.824, 49.057, 49.014, 48.842, 48.095, 47.513, 47.596, 47.273, 45.897, 44.771, 45.252, 45.612, 44.891, 44.039, 44.453, 46.203, 47.881, 47.908, 46.958, 45.926, 45.237, 45.249, 45.439, 45.193, 44.683, 44.242, 43.864, 43.631, 43.638, 43.624, 43.656, 44.224, 44.779, 44.735, 45.047, 46.24, 47.398, 48.237, 48.601, 47.96, 46.741, 45.495, 45.157, 45.836, 46.423, 46.271, 45.764, 45.39, 45.056, 44.775, 44.459, 44.296, 44.727, 45.613, 46.218, 46.087, 45.914, 46.178, 46.206, 45.752, 45.164, 44.551, 44.149, 43.965, 43.753, 43.982, 44.548, 44.875, 44.887, 44.754, 44.441, 44.209, 43.802, 43.197, 43.014, 43.421, 43.74, 43.329, 43.135, 43.243, 43.047, 42.668, 41.925, 42.197, 42.954, 41.152, 45.153, 54.319, 53.75, 56.367, 69.446, 77.717, 77.693, 75.191, 74.327, 74.992, 75.726, 75.886, 75.802, 75.671, 75.325, 75.041, 75.258, 75.959, 76.734, 77.533, 78.438, 79.003, 79.196, 80.017, 82.455, 84.601, 82.665, 78.406, 79.197, 80.564, 71.977, 53.608, 44.183, 45.32, 44.934, 42.432, 42.028, 42.121, 32.948], [34.027, 32.72, 31.753, 31.487, 31.471, 31.45, 30.791, 29.762, 29.118, 28.553, 27.15, 24.99, 22.024, 19.096, 15.778, 9.828, 0.0, 10.986, 18.13, 21.074, 22.659, 25.335, 28.504, 31.701, 34.28, 35.923, 37.248, 38.296, 39.121, 39.897, 40.869, 41.556, 41.663, 41.836, 42.028, 42.065, 42.564, 42.978, 42.892, 42.762, 42.905, 42.936, 42.864, 42.934, 43.123, 43.538, 44.982, 47.256, 48.912, 49.435, 49.218, 48.57, 48.37, 48.211, 48.03, 47.948, 47.4, 46.092, 45.34, 45.218, 45.083, 44.854, 45.258, 46.167, 46.57, 46.139, 45.416, 44.337, 42.804, 41.946, 41.839, 41.456, 40.454, 39.802, 40.169, 40.744, 41.692, 43.272, 44.748, 46.1, 47.667, 48.594, 48.793, 48.656, 48.438, 47.706, 47.133, 47.208, 46.832, 45.372, 44.244, 44.772, 45.076, 44.316, 43.527, 44.037, 45.902, 47.657, 47.748, 46.815, 45.764, 45.004, 44.923, 45.049, 44.783, 44.257, 43.8, 43.42, 43.205, 43.234, 43.236, 43.285, 43.864, 44.415, 44.359, 44.663, 45.857, 47.007, 47.849, 48.18, 47.481, 46.209, 44.94, 44.601, 45.279, 45.854, 45.664, 45.11, 44.752, 44.477, 44.178, 43.796, 43.572, 43.989, 44.896, 45.508, 45.374, 45.213, 45.474, 45.454, 44.983, 44.431, 43.847, 43.46, 43.325, 43.205, 43.575, 44.282, 44.645, 44.624, 44.489, 44.212, 44.0, 43.539, 42.847, 42.64, 43.144, 43.63, 43.328, 43.098, 43.109, 42.849, 42.434, 41.62, 41.816, 42.619, 40.783, 44.8, 54.13, 53.595, 56.223, 69.409, 77.722, 77.667, 75.107, 74.22, 74.882, 75.626, 75.799, 75.715, 75.57, 75.22, 74.942, 75.167, 75.874, 76.652, 77.45, 78.356, 78.928, 79.126, 79.943, 82.382, 84.536, 82.595, 78.335, 79.132, 80.531, 72.041, 53.632, 43.923, 45.077, 44.671, 41.958, 41.445, 41.535, 34.481], [34.933, 33.782, 32.983, 32.736, 32.709, 32.683, 32.079, 31.174, 30.633, 30.223, 29.132, 27.271, 24.771, 22.927, 21.679, 18.446, 10.986, 0.0, 9.021, 13.861, 16.703, 20.183, 23.842, 27.488, 30.727, 32.946, 34.701, 36.003, 37.034, 38.059, 39.317, 40.216, 40.437, 40.661, 40.837, 40.84, 41.337, 41.751, 41.633, 41.469, 41.605, 41.652, 41.648, 41.835, 42.13, 42.575, 44.071, 46.5, 48.299, 48.896, 48.691, 48.057, 47.955, 47.893, 47.758, 47.682, 47.078, 45.689, 44.934, 44.836, 44.72, 44.547, 45.117, 46.264, 46.802, 46.366, 45.594, 44.421, 42.734, 41.841, 41.741, 41.235, 39.966, 39.07, 39.375, 39.977, 40.992, 42.667, 44.197, 45.586, 47.243, 48.256, 48.474, 48.275, 48.027, 47.332, 46.818, 46.896, 46.377, 44.647, 43.347, 43.9, 44.191, 43.373, 42.635, 43.303, 45.328, 47.192, 47.333, 46.321, 45.116, 44.201, 44.0, 44.049, 43.709, 43.083, 42.535, 42.11, 41.913, 41.989, 42.003, 42.086, 42.771, 43.372, 43.265, 43.575, 44.845, 45.993, 46.819, 47.162, 46.407, 45.056, 43.768, 43.513, 44.338, 45.041, 44.884, 44.29, 43.949, 43.765, 43.51, 43.117, 42.842, 43.223, 44.164, 44.837, 44.751, 44.619, 44.912, 44.88, 44.387, 43.848, 43.275, 42.867, 42.715, 42.63, 43.125, 43.951, 44.344, 44.338, 44.253, 44.031, 43.802, 43.208, 42.367, 42.104, 42.667, 43.252, 42.997, 42.766, 42.713, 42.335, 41.826, 40.869, 40.879, 41.705, 39.625, 43.851, 53.795, 53.249, 56.128, 69.961, 78.461, 78.317, 75.651, 74.745, 75.401, 76.135, 76.312, 76.232, 76.076, 75.715, 75.438, 75.675, 76.408, 77.213, 78.03, 78.955, 79.539, 79.736, 80.56, 83.059, 85.28, 83.283, 78.905, 79.712, 81.139, 72.629, 53.986, 43.646, 44.939, 44.572, 41.441, 40.565, 40.566, 35.373], [35.322, 34.343, 33.758, 33.566, 33.555, 33.563, 33.037, 32.255, 31.799, 31.491, 30.609, 29.013, 26.972, 25.753, 25.359, 23.532, 18.13, 9.021, 0.0, 6.698, 11.815, 16.707, 20.412, 23.91, 27.593, 30.351, 32.487, 33.987, 35.235, 36.582, 38.178, 39.269, 39.537, 39.75, 39.885, 39.861, 40.399, 40.842, 40.696, 40.499, 40.651, 40.742, 40.822, 41.133, 41.564, 42.146, 43.84, 46.483, 48.425, 49.094, 48.907, 48.27, 48.214, 48.209, 48.098, 48.009, 47.333, 45.841, 45.024, 44.913, 44.805, 44.661, 45.335, 46.638, 47.282, 46.868, 46.08, 44.834, 43.005, 42.075, 42.001, 41.407, 39.896, 38.759, 38.965, 39.546, 40.619, 42.412, 44.033, 45.468, 47.178, 48.247, 48.517, 48.334, 48.074, 47.391, 46.942, 47.028, 46.381, 44.413, 42.936, 43.501, 43.827, 42.981, 42.253, 42.992, 45.126, 47.08, 47.22, 46.104, 44.756, 43.731, 43.466, 43.468, 43.063, 42.339, 41.689, 41.187, 40.975, 41.078, 41.097, 41.219, 42.03, 42.71, 42.575, 42.908, 44.261, 45.409, 46.22, 46.577, 45.751, 44.303, 43.01, 42.876, 43.877, 44.736, 44.637, 44.012, 43.677, 43.559, 43.345, 42.971, 42.693, 43.087, 44.079, 44.806, 44.737, 44.606, 44.941, 44.926, 44.379, 43.789, 43.189, 42.728, 42.497, 42.374, 42.933, 43.83, 44.249, 44.275, 44.238, 44.068, 43.842, 43.162, 42.204, 41.891, 42.502, 43.127, 42.849, 42.614, 42.541, 42.097, 41.533, 40.465, 40.344, 41.22, 38.858, 43.128, 53.565, 52.989, 56.145, 70.642, 79.301, 79.052, 76.3, 75.391, 76.041, 76.754, 76.927, 76.854, 76.693, 76.322, 76.045, 76.299, 77.061, 77.893, 78.735, 79.684, 80.28, 80.478, 81.315, 83.886, 86.178, 84.131, 79.653, 80.484, 81.882, 73.263, 54.386, 43.629, 45.081, 44.713, 41.268, 40.164, 40.114, 35.736], [35.593, 34.695, 34.222, 34.036, 33.992, 34.01, 33.54, 32.803, 32.356, 32.091, 31.309, 29.834, 27.99, 26.997, 26.823, 25.446, 21.074, 13.861, 6.698, 0.0, 7.126, 14.135, 18.377, 21.683, 25.529, 28.668, 31.056, 32.652, 34.067, 35.683, 37.487, 38.675, 38.986, 39.228, 39.383, 39.385, 39.98, 40.459, 40.323, 40.127, 40.285, 40.386, 40.481, 40.823, 41.288, 41.933, 43.704, 46.403, 48.387, 49.08, 48.908, 48.271, 48.207, 48.188, 48.061, 47.958, 47.254, 45.715, 44.832, 44.696, 44.594, 44.447, 45.104, 46.398, 47.046, 46.645, 45.864, 44.616, 42.777, 41.851, 41.793, 41.204, 39.657, 38.461, 38.645, 39.219, 40.307, 42.133, 43.786, 45.243, 46.973, 48.057, 48.344, 48.195, 47.993, 47.323, 46.871, 46.954, 46.289, 44.265, 42.742, 43.316, 43.669, 42.798, 42.034, 42.746, 44.86, 46.803, 46.92, 45.776, 44.4, 43.366, 43.109, 43.127, 42.742, 42.033, 41.377, 40.843, 40.601, 40.695, 40.717, 40.868, 41.738, 42.454, 42.317, 42.67, 44.083, 45.247, 46.043, 46.39, 45.52, 44.033, 42.745, 42.643, 43.685, 44.593, 44.505, 43.864, 43.526, 43.402, 43.173, 42.815, 42.576, 43.013, 44.04, 44.781, 44.697, 44.541, 44.885, 44.889, 44.317, 43.704, 43.113, 42.648, 42.384, 42.237, 42.795, 43.701, 44.126, 44.162, 44.15, 44.01, 43.793, 43.089, 42.087, 41.761, 42.396, 43.035, 42.732, 42.497, 42.448, 42.008, 41.45, 40.389, 40.235, 41.121, 38.65, 42.843, 53.41, 52.811, 56.062, 70.753, 79.442, 79.136, 76.35, 75.446, 76.092, 76.788, 76.956, 76.89, 76.735, 76.365, 76.091, 76.355, 77.13, 77.971, 78.811, 79.761, 80.359, 80.553, 81.389, 83.982, 86.306, 84.264, 79.779, 80.63, 82.016, 73.376, 54.434, 43.587, 45.072, 44.665, 41.094, 39.99, 39.948, 35.993], [36.096, 35.224, 34.785, 34.588, 34.519, 34.557, 34.185, 33.524, 33.086, 32.841, 32.136, 30.749, 28.965, 27.95, 27.734, 26.515, 22.659, 16.703, 11.815, 7.126, 0.0, 8.769, 14.602, 18.871, 23.06, 26.466, 29.151, 30.924, 32.504, 34.414, 36.485, 37.798, 38.206, 38.605, 38.894, 38.949, 39.52, 39.987, 39.898, 39.754, 39.906, 39.99, 40.12, 40.515, 40.967, 41.548, 43.288, 46.018, 48.042, 48.762, 48.626, 48.004, 47.926, 47.91, 47.798, 47.681, 46.942, 45.378, 44.472, 44.336, 44.245, 44.09, 44.719, 45.956, 46.541, 46.12, 45.365, 44.158, 42.355, 41.456, 41.442, 40.938, 39.492, 38.349, 38.543, 39.123, 40.181, 41.965, 43.592, 45.033, 46.759, 47.844, 48.124, 47.995, 47.868, 47.222, 46.74, 46.808, 46.17, 44.188, 42.694, 43.268, 43.621, 42.734, 41.923, 42.561, 44.57, 46.463, 46.581, 45.458, 44.115, 43.123, 42.895, 42.924, 42.562, 41.901, 41.282, 40.757, 40.508, 40.583, 40.593, 40.742, 41.623, 42.348, 42.196, 42.523, 43.937, 45.093, 45.868, 46.194, 45.322, 43.882, 42.654, 42.545, 43.544, 44.443, 44.359, 43.719, 43.374, 43.224, 42.983, 42.648, 42.452, 42.914, 43.951, 44.701, 44.623, 44.455, 44.788, 44.809, 44.262, 43.665, 43.102, 42.681, 42.464, 42.347, 42.888, 43.769, 44.171, 44.187, 44.182, 44.059, 43.843, 43.122, 42.106, 41.786, 42.426, 43.048, 42.703, 42.433, 42.407, 42.009, 41.482, 40.443, 40.28, 41.128, 38.7, 42.984, 53.487, 52.846, 56.089, 70.682, 79.327, 79.002, 76.217, 75.325, 75.976, 76.666, 76.826, 76.766, 76.625, 76.267, 75.998, 76.263, 77.039, 77.875, 78.701, 79.633, 80.223, 80.41, 81.23, 83.8, 86.122, 84.121, 79.686, 80.557, 81.966, 73.366, 54.484, 43.741, 45.183, 44.687, 41.052, 39.994, 39.985, 36.489], [36.789, 35.983, 35.615, 35.474, 35.433, 35.479, 35.204, 34.684, 34.301, 34.095, 33.539, 32.4, 30.837, 29.839, 29.596, 28.643, 25.335, 20.183, 16.707, 14.135, 8.769, 0.0, 7.926, 14.795, 20.056, 23.554, 26.459, 28.511, 30.325, 32.643, 35.114, 36.611, 37.131, 37.761, 38.262, 38.356, 38.835, 39.258, 39.233, 39.169, 39.331, 39.419, 39.629, 40.134, 40.617, 41.125, 42.824, 45.651, 47.767, 48.517, 48.392, 47.786, 47.718, 47.765, 47.728, 47.604, 46.835, 45.333, 44.532, 44.459, 44.384, 44.265, 44.984, 46.268, 46.821, 46.368, 45.659, 44.529, 42.764, 41.873, 41.898, 41.454, 40.079, 38.893, 38.974, 39.516, 40.519, 42.21, 43.767, 45.158, 46.846, 47.922, 48.21, 48.103, 48.027, 47.462, 47.041, 47.118, 46.461, 44.471, 43.011, 43.588, 43.911, 43.054, 42.316, 42.943, 44.805, 46.603, 46.703, 45.597, 44.296, 43.368, 43.17, 43.168, 42.765, 42.102, 41.494, 40.978, 40.743, 40.823, 40.804, 40.897, 41.743, 42.464, 42.291, 42.556, 43.9, 45.031, 45.834, 46.169, 45.306, 43.946, 42.821, 42.743, 43.712, 44.615, 44.56, 43.937, 43.606, 43.472, 43.255, 42.912, 42.711, 43.159, 44.198, 44.976, 44.916, 44.731, 45.049, 45.076, 44.539, 43.975, 43.444, 43.053, 42.897, 42.828, 43.344, 44.182, 44.557, 44.56, 44.544, 44.436, 44.23, 43.506, 42.496, 42.184, 42.783, 43.331, 42.913, 42.572, 42.544, 42.195, 41.701, 40.672, 40.525, 41.324, 39.036, 43.519, 53.834, 53.143, 56.345, 70.689, 79.215, 78.863, 76.095, 75.218, 75.867, 76.546, 76.697, 76.635, 76.509, 76.171, 75.91, 76.164, 76.924, 77.759, 78.586, 79.507, 80.084, 80.26, 81.057, 83.583, 85.876, 83.899, 79.528, 80.425, 81.833, 73.317, 54.709, 44.224, 45.625, 45.066, 41.377, 40.26, 40.278, 37.179], [37.242, 36.598, 36.415, 36.376, 36.39, 36.43, 36.198, 35.812, 35.526, 35.388, 35.006, 34.116, 32.809, 31.968, 31.867, 31.26, 28.504, 23.842, 20.412, 18.377, 14.602, 7.926, 0.0, 9.13, 16.499, 20.741, 23.761, 25.898, 28.024, 30.862, 33.776, 35.517, 36.161, 36.911, 37.525, 37.649, 38.142, 38.597, 38.622, 38.593, 38.773, 38.899, 39.192, 39.79, 40.359, 40.985, 42.842, 45.837, 48.055, 48.838, 48.735, 48.162, 48.13, 48.223, 48.219, 48.089, 47.287, 45.783, 45.026, 44.997, 44.938, 44.85, 45.669, 47.065, 47.672, 47.218, 46.543, 45.493, 43.771, 42.862, 42.857, 42.329, 40.818, 39.428, 39.335, 39.811, 40.79, 42.452, 43.993, 45.351, 46.979, 48.042, 48.382, 48.332, 48.283, 47.782, 47.464, 47.559, 46.799, 44.651, 43.112, 43.737, 44.066, 43.221, 42.597, 43.303, 45.151, 46.925, 46.978, 45.833, 44.535, 43.655, 43.496, 43.478, 43.029, 42.324, 41.686, 41.15, 40.911, 40.992, 40.948, 41.011, 41.862, 42.6, 42.415, 42.693, 44.081, 45.253, 46.09, 46.417, 45.533, 44.169, 43.064, 43.02, 44.036, 45.013, 45.016, 44.412, 44.1, 44.002, 43.825, 43.451, 43.207, 43.629, 44.659, 45.431, 45.358, 45.158, 45.469, 45.48, 44.924, 44.396, 43.899, 43.485, 43.293, 43.197, 43.687, 44.503, 44.869, 44.879, 44.83, 44.696, 44.484, 43.77, 42.776, 42.454, 42.982, 43.438, 42.973, 42.652, 42.646, 42.289, 41.785, 40.784, 40.669, 41.473, 39.211, 43.558, 53.828, 53.13, 56.36, 70.74, 79.264, 78.874, 76.1, 75.229, 75.862, 76.519, 76.663, 76.6, 76.466, 76.121, 75.859, 76.113, 76.879, 77.725, 78.558, 79.473, 80.041, 80.216, 81.007, 83.524, 85.808, 83.806, 79.425, 80.332, 81.712, 73.253, 54.814, 44.522, 45.961, 45.443, 41.723, 40.521, 40.541, 37.606], [37.476, 37.04, 37.115, 37.182, 37.246, 37.319, 37.156, 36.891, 36.697, 36.648, 36.436, 35.757, 34.72, 34.171, 34.309, 34.005, 31.701, 27.488, 23.91, 21.683, 18.871, 14.795, 9.13, 0.0, 9.83, 16.541, 20.461, 22.497, 24.875, 28.433, 31.896, 33.94, 34.801, 35.657, 36.299, 36.442, 36.993, 37.512, 37.592, 37.573, 37.752, 37.925, 38.302, 38.985, 39.6, 40.336, 42.415, 45.557, 47.832, 48.69, 48.693, 48.17, 48.15, 48.254, 48.261, 48.15, 47.343, 45.792, 45.007, 44.996, 44.946, 44.855, 45.719, 47.188, 47.832, 47.381, 46.749, 45.791, 44.142, 43.252, 43.223, 42.581, 40.87, 39.251, 39.006, 39.432, 40.415, 42.089, 43.654, 45.021, 46.632, 47.694, 48.069, 48.071, 48.063, 47.616, 47.389, 47.494, 46.619, 44.28, 42.615, 43.276, 43.638, 42.788, 42.242, 43.008, 44.893, 46.715, 46.749, 45.558, 44.243, 43.38, 43.252, 43.254, 42.793, 42.052, 41.368, 40.777, 40.499, 40.558, 40.502, 40.578, 41.486, 42.252, 42.03, 42.33, 43.845, 45.111, 45.974, 46.299, 45.385, 43.98, 42.844, 42.809, 43.899, 44.978, 45.029, 44.416, 44.108, 44.038, 43.877, 43.504, 43.259, 43.666, 44.671, 45.423, 45.338, 45.15, 45.506, 45.552, 44.985, 44.474, 44.016, 43.604, 43.378, 43.248, 43.73, 44.549, 44.926, 44.958, 44.897, 44.722, 44.462, 43.714, 42.69, 42.337, 42.798, 43.153, 42.623, 42.37, 42.415, 42.013, 41.453, 40.444, 40.261, 41.066, 38.759, 42.874, 53.223, 52.507, 55.834, 70.482, 79.073, 78.622, 75.816, 74.941, 75.543, 76.166, 76.308, 76.252, 76.108, 75.748, 75.485, 75.749, 76.529, 77.388, 78.225, 79.132, 79.687, 79.865, 80.665, 83.204, 85.504, 83.464, 79.035, 79.948, 81.322, 72.981, 54.606, 44.244, 45.767, 45.338, 41.547, 40.275, 40.282, 37.809], [37.853, 37.515, 37.745, 37.884, 37.941, 38.062, 38.0, 37.82, 37.662, 37.665, 37.58, 37.094, 36.306, 35.982, 36.258, 36.161, 34.28, 30.727, 27.593, 25.529, 23.06, 20.056, 16.499, 9.83, 0.0, 9.329, 15.361, 17.99, 20.562, 24.842, 29.025, 31.399, 32.452, 33.554, 34.345, 34.532, 35.14, 35.757, 35.932, 35.965, 36.195, 36.475, 36.981, 37.751, 38.369, 39.192, 41.574, 44.942, 47.275, 48.208, 48.371, 47.973, 47.983, 48.088, 48.122, 48.051, 47.265, 45.68, 44.842, 44.815, 44.779, 44.693, 45.549, 47.014, 47.655, 47.218, 46.62, 45.721, 44.129, 43.272, 43.248, 42.57, 40.819, 39.203, 38.975, 39.411, 40.42, 42.097, 43.64, 44.978, 46.562, 47.621, 48.015, 48.016, 47.976, 47.529, 47.339, 47.438, 46.519, 44.159, 42.514, 43.173, 43.522, 42.683, 42.128, 42.801, 44.633, 46.465, 46.484, 45.277, 43.98, 43.158, 43.067, 43.096, 42.657, 41.947, 41.292, 40.702, 40.408, 40.454, 40.4, 40.5, 41.441, 42.21, 41.959, 42.228, 43.746, 45.02, 45.86, 46.132, 45.201, 43.796, 42.622, 42.562, 43.686, 44.825, 44.94, 44.383, 44.122, 44.085, 43