[[0.0, 6.325, 14.595, 21.45, 24.416, 26.035, 27.967, 29.532, 30.047, 30.782, 32.468, 33.9, 34.589, 34.981, 35.18, 36.156, 37.893, 39.146, 39.341, 39.82, 40.423, 40.058, 39.328, 39.609, 40.556, 41.584, 42.421, 42.8, 42.601, 42.184, 42.266, 42.628, 42.868, 42.856, 42.618, 42.321, 42.21, 42.033, 41.552, 41.174, 41.213, 40.91, 40.502, 40.625, 40.733, 40.853, 41.194, 41.375, 41.271, 41.231, 41.599, 42.25, 42.494, 42.183, 41.884, 41.845, 41.948, 41.748, 41.491, 41.419, 41.185, 41.267, 41.477, 41.518, 41.467, 41.284, 41.021, 41.127, 41.323, 40.858, 40.06, 39.805, 39.903, 41.332, 42.95, 43.292, 43.208, 44.113, 46.19, 48.517, 50.456, 51.021, 50.423, 50.342, 50.879, 51.462, 51.869, 52.05, 51.832, 51.387, 51.022, 50.486, 49.556, 48.385, 47.255, 46.435, 46.417, 46.525, 45.602, 44.13, 42.857, 42.283, 42.333, 42.591, 42.609, 42.084, 41.664, 41.691, 41.803, 41.896, 41.896, 41.877, 41.879, 41.763, 41.301, 40.98, 40.774, 40.696, 40.59, 40.332, 40.131, 40.341, 41.51, 42.925, 42.886, 42.531, 42.182, 41.691, 41.626, 41.917, 41.77, 41.419, 41.506, 41.842, 42.079, 41.43, 40.674, 40.977, 40.936, 40.384, 39.929, 39.626, 39.347, 39.398, 39.47, 6.099], [6.325, 0.0, 9.454, 17.553, 21.338, 23.429, 25.665, 27.437, 28.034, 28.863, 30.739, 32.321, 33.089, 33.486, 33.617, 34.624, 36.571, 37.933, 38.151, 38.787, 39.534, 39.184, 38.379, 38.624, 39.63, 40.762, 41.677, 42.092, 41.909, 41.471, 41.557, 41.943, 42.19, 42.194, 41.933, 41.552, 41.417, 41.3, 40.859, 40.487, 40.502, 40.142, 39.697, 39.817, 39.924, 40.063, 40.426, 40.596, 40.456, 40.395, 40.775, 41.486, 41.777, 41.449, 41.12, 41.095, 41.235, 41.019, 40.73, 40.651, 40.385, 40.458, 40.697, 40.754, 40.689, 40.466, 40.133, 40.206, 40.418, 39.905, 38.99, 38.689, 38.877, 40.561, 42.349, 42.72, 42.626, 43.57, 45.761, 48.264, 50.364, 50.967, 50.335, 50.218, 50.732, 51.326, 51.8, 52.045, 51.833, 51.352, 50.96, 50.419, 49.471, 48.254, 47.092, 46.273, 46.264, 46.384, 45.366, 43.682, 42.21, 41.552, 41.598, 41.876, 41.887, 41.308, 40.814, 40.758, 40.87, 40.993, 40.984, 40.946, 40.932, 40.779, 40.311, 40.049, 39.895, 39.823, 39.726, 39.468, 39.262, 39.562, 40.994, 42.643, 42.635, 42.259, 41.868, 41.317, 41.225, 41.504, 41.325, 40.939, 41.033, 41.392, 41.633, 40.967, 40.21, 40.518, 40.441, 39.786, 39.21, 38.812, 38.501, 38.563, 38.59, 10.565], [14.595, 9.454, 0.0, 9.518, 14.975, 18.29, 21.33, 23.647, 24.474, 25.493, 27.745, 29.64, 30.606, 31.117, 31.216, 32.162, 34.381, 36.011, 36.346, 37.279, 38.29, 37.977, 37.053, 37.295, 38.459, 39.776, 40.804, 41.262, 41.097, 40.62, 40.731, 41.202, 41.478, 41.486, 41.141, 40.558, 40.371, 40.376, 39.989, 39.601, 39.56, 39.128, 38.636, 38.738, 38.849, 39.061, 39.487, 39.633, 39.422, 39.314, 39.711, 40.536, 40.94, 40.588, 40.205, 40.21, 40.399, 40.149, 39.841, 39.764, 39.4, 39.4, 39.653, 39.756, 39.702, 39.435, 38.997, 38.978, 39.191, 38.599, 37.448, 37.05, 37.372, 39.434, 41.474, 41.902, 41.806, 42.805, 45.151, 47.896, 50.28, 51.017, 50.373, 50.216, 50.7, 51.335, 51.963, 52.358, 52.158, 51.612, 51.174, 50.622, 49.648, 48.352, 47.133, 46.298, 46.266, 46.399, 45.266, 43.291, 41.497, 40.685, 40.72, 41.029, 41.044, 40.407, 39.822, 39.622, 39.72, 39.852, 39.816, 39.779, 39.739, 39.497, 39.061, 38.971, 38.934, 38.895, 38.859, 38.628, 38.417, 38.877, 40.71, 42.694, 42.767, 42.368, 41.889, 41.244, 41.105, 41.338, 41.114, 40.697, 40.782, 41.111, 41.261, 40.498, 39.718, 40.025, 39.843, 38.95, 38.127, 37.549, 37.207, 37.338, 37.377, 16.777], [21.45, 17.553, 9.518, 0.0, 7.453, 13.101, 17.564, 20.566, 21.698, 22.954, 25.561, 27.738, 28.894, 29.581, 29.757, 30.577, 32.835, 34.674, 35.182, 36.397, 37.618, 37.328, 36.319, 36.577, 37.858, 39.296, 40.397, 40.883, 40.724, 40.202, 40.33, 40.892, 41.203, 41.201, 40.752, 39.981, 39.781, 39.912, 39.582, 39.172, 39.07, 38.609, 38.109, 38.184, 38.299, 38.579, 39.054, 39.182, 38.918, 38.742, 39.114, 40.021, 40.533, 40.173, 39.758, 39.786, 39.992, 39.705, 39.398, 39.335, 38.874, 38.771, 38.989, 39.126, 39.107, 38.844, 38.343, 38.225, 38.412, 37.764, 36.449, 35.994, 36.436, 38.786, 40.981, 41.446, 41.349, 42.35, 44.751, 47.631, 50.205, 51.047, 50.404, 50.23, 50.698, 51.382, 52.168, 52.718, 52.541, 51.949, 51.486, 50.932, 49.951, 48.615, 47.359, 46.483, 46.381, 46.5, 45.305, 43.167, 41.148, 40.199, 40.22, 40.556, 40.576, 39.923, 39.301, 38.971, 39.048, 39.177, 39.124, 39.099, 39.041, 38.76, 38.421, 38.546, 38.646, 38.65, 38.695, 38.517, 38.312, 38.905, 40.977, 43.104, 43.212, 42.801, 42.263, 41.565, 41.39, 41.561, 41.289, 40.871, 40.951, 41.179, 41.161, 40.316, 39.584, 39.903, 39.631, 38.551, 37.516, 36.774, 36.429, 36.67, 36.814, 22.535], [24.416, 21.338, 14.975, 7.453, 0.0, 7.656, 13.985, 17.841, 19.212, 20.678, 23.586, 25.95, 27.271, 28.207, 28.592, 29.496, 31.937, 34.071, 34.72, 36.017, 37.313, 37.049, 36.029, 36.31, 37.655, 39.146, 40.262, 40.743, 40.585, 40.065, 40.229, 40.862, 41.227, 41.23, 40.749, 39.951, 39.814, 40.021, 39.715, 39.288, 39.163, 38.722, 38.243, 38.289, 38.361, 38.6, 39.043, 39.154, 38.869, 38.633, 38.927, 39.808, 40.338, 39.971, 39.551, 39.588, 39.781, 39.475, 39.176, 39.103, 38.587, 38.424, 38.604, 38.756, 38.775, 38.555, 38.043, 37.846, 37.994, 37.368, 36.107, 35.699, 36.151, 38.563, 40.762, 41.216, 41.108, 42.073, 44.447, 47.373, 50.015, 50.9, 50.277, 50.108, 50.577, 51.288, 52.144, 52.766, 52.604, 52.004, 51.546, 50.999, 50.005, 48.642, 47.367, 46.48, 46.354, 46.469, 45.288, 43.158, 41.107, 40.122, 40.143, 40.483, 40.502, 39.876, 39.264, 38.851, 38.908, 39.052, 38.998, 38.952, 38.888, 38.632, 38.348, 38.581, 38.745, 38.756, 38.821, 38.668, 38.474, 39.088, 41.132, 43.203, 43.301, 42.884, 42.334, 41.643, 41.478, 41.643, 41.356, 40.921, 40.96, 41.099, 40.986, 40.109, 39.409, 39.739, 39.475, 38.396, 37.342, 36.567, 36.242, 36.56, 36.803, 25.0], [26.035, 23.429, 18.29, 13.101, 7.656, 0.0, 7.876, 13.193, 15.098, 16.741, 20.052, 22.727, 24.382, 25.763, 26.437, 27.635, 30.715, 33.373, 34.176, 35.505, 36.858, 36.666, 35.706, 36.056, 37.497, 39.044, 40.143, 40.588, 40.429, 39.945, 40.168, 40.893, 41.335, 41.354, 40.902, 40.173, 40.077, 40.294, 39.984, 39.543, 39.409, 38.982, 38.515, 38.534, 38.531, 38.667, 39.032, 39.129, 38.84, 38.56, 38.792, 39.65, 40.197, 39.852, 39.445, 39.483, 39.676, 39.377, 39.086, 38.995, 38.465, 38.291, 38.451, 38.589, 38.609, 38.412, 37.904, 37.65, 37.744, 37.159, 36.064, 35.728, 36.088, 38.412, 40.561, 41.006, 40.899, 41.822, 44.147, 47.091, 49.754, 50.65, 50.059, 49.913, 50.399, 51.124, 51.986, 52.606, 52.436, 51.845, 51.412, 50.883, 49.884, 48.499, 47.219, 46.351, 46.238, 46.352, 45.183, 43.1, 41.12, 40.174, 40.196, 40.52, 40.549, 39.976, 39.427, 39.038, 39.097, 39.223, 39.126, 39.037, 38.961, 38.696, 38.393, 38.621, 38.776, 38.75, 38.782, 38.631, 38.447, 39.01, 40.927, 42.917, 43.02, 42.625, 42.089, 41.41, 41.278, 41.486, 41.205, 40.736, 40.722, 40.806, 40.665, 39.732, 38.951, 39.276, 39.064, 38.053, 37.09, 36.382, 36.08, 36.417, 36.733, 26.363], [27.967, 25.665, 21.33, 17.564, 13.985, 7.876, 0.0, 6.813, 10.071, 12.381, 16.184, 19.267, 21.434, 23.356, 24.333, 25.937, 29.802, 33.002, 34.039, 35.483, 36.894, 36.785, 35.928, 36.322, 37.764, 39.301, 40.368, 40.78, 40.625, 40.189, 40.452, 41.229, 41.714, 41.735, 41.306, 40.639, 40.56, 40.783, 40.489, 40.042, 39.884, 39.465, 39.026, 39.025, 38.973, 39.051, 39.37, 39.466, 39.182, 38.885, 39.094, 39.946, 40.507, 40.188, 39.805, 39.852, 40.059, 39.789, 39.511, 39.416, 38.92, 38.778, 38.928, 39.034, 39.031, 38.817, 38.314, 38.066, 38.139, 37.572, 36.564, 36.235, 36.541, 38.776, 40.869, 41.315, 41.224, 42.101, 44.338, 47.234, 49.875, 50.768, 50.212, 50.09, 50.593, 51.325, 52.166, 52.747, 52.565, 51.986, 51.571, 51.069, 50.093, 48.721, 47.452, 46.611, 46.53, 46.647, 45.474, 43.41, 41.483, 40.579, 40.605, 40.91, 40.943, 40.422, 39.943, 39.624, 39.695, 39.779, 39.63, 39.505, 39.407, 39.119, 38.769, 38.928, 39.032, 38.975, 38.993, 38.856, 38.674, 39.161, 40.937, 42.856, 42.984, 42.625, 42.12, 41.461, 41.357, 41.6, 41.332, 40.861, 40.834, 40.896, 40.767, 39.816, 38.957, 39.269, 39.092, 38.127, 37.24, 36.607, 36.33, 36.658, 37.012, 28.205], [29.532, 27.437, 23.647, 20.566, 17.841, 13.193, 6.813, 0.0, 4.987, 9.261, 13.809, 17.157, 19.767, 22.078, 23.283, 25.224, 29.51, 33.001, 34.307, 35.907, 37.33, 37.263, 36.522, 36.946, 38.31, 39.766, 40.785, 41.171, 41.024, 40.63, 40.905, 41.666, 42.131, 42.146, 41.741, 41.108, 41.03, 41.259, 40.997, 40.567, 40.397, 40.001, 39.619, 39.623, 39.552, 39.629, 39.948, 40.046, 39.769, 39.48, 39.685, 40.494, 41.01, 40.688, 40.323, 40.373, 40.579, 40.331, 40.073, 39.992, 39.553, 39.461, 39.625, 39.714, 39.692, 39.457, 38.95, 38.708, 38.79, 38.239, 37.249, 36.923, 37.236, 39.384, 41.388, 41.812, 41.723, 42.549, 44.683, 47.49, 50.084, 50.984, 50.474, 50.374, 50.881, 51.611, 52.429, 52.976, 52.793, 52.226, 51.814, 51.324, 50.389, 49.061, 47.813, 46.992, 46.928, 47.037, 45.869, 43.837, 41.96, 41.094, 41.123, 41.405, 41.437, 40.974, 40.526, 40.255, 40.347, 40.409, 40.231, 40.082, 39.969, 39.673, 39.289, 39.375, 39.426, 39.357, 39.384, 39.273, 39.1, 39.535, 41.211, 43.087, 43.238, 42.891, 42.419, 41.811, 41.729, 41.97, 41.714, 41.279, 41.266, 41.335, 41.251, 40.352, 39.493, 39.78, 39.635, 38.74, 37.904, 37.302, 37.03, 37.324, 37.645, 29.746], [30.047, 28.034, 24.474, 21.698, 19.212, 15.098, 10.071, 4.987, 0.0, 6.031, 11.921, 15.796, 18.605, 21.044, 22.379, 24.519, 29.003, 32.635, 34.069, 35.739, 37.173, 37.123, 36.436, 36.922, 38.325, 39.797, 40.81, 41.192, 41.046, 40.644, 40.909, 41.666, 42.125, 42.144, 41.766, 41.172, 41.107, 41.323, 41.062, 40.646, 40.485, 40.093, 39.724, 39.735, 39.663, 39.761, 40.102, 40.208, 39.929, 39.63, 39.814, 40.6, 41.105, 40.783, 40.413, 40.457, 40.659, 40.413, 40.161, 40.1, 39.683, 39.588, 39.757, 39.851, 39.815, 39.552, 39.014, 38.74, 38.808, 38.254, 37.266, 36.961, 37.239, 39.322, 41.291, 41.696, 41.598, 42.43, 44.581, 47.406, 50.008, 50.916, 50.412, 50.312, 50.824, 51.561, 52.377, 52.92, 52.732, 52.162, 51.751, 51.264, 50.34, 49.028, 47.793, 46.981, 46.911, 47.005, 45.837, 43.825, 41.979, 41.124, 41.15, 41.43, 41.474, 41.034, 40.592, 40.322, 40.427, 40.495, 40.303, 40.146, 40.047, 39.764, 39.379, 39.451, 39.485, 39.411, 39.434, 39.315, 39.139, 39.568, 41.238, 43.124, 43.288, 42.927, 42.445, 41.853, 41.778, 42.016, 41.765, 41.341, 41.336, 41.422, 41.373, 40.488, 39.614, 39.891, 39.763, 38.901, 38.079, 37.47, 37.19, 37.48, 37.788, 30.216], [30.782, 28.863, 25.493, 22.954, 20.678, 16.741, 12.381, 9.261, 6.031, 0.0, 7.27, 12.618, 16.282, 19.014, 20.465, 22.901, 27.919, 31.905, 33.441, 35.139, 36.622, 36.602, 35.952, 36.534, 38.062, 39.611, 40.642, 41.028, 40.88, 40.475, 40.77, 41.581, 42.069, 42.077, 41.705, 41.176, 41.168, 41.374, 41.091, 40.678, 40.531, 40.138, 39.758, 39.759, 39.675, 39.783, 40.139, 40.242, 39.95, 39.624, 39.793, 40.608, 41.154, 40.841, 40.468, 40.517, 40.717, 40.464, 40.215, 40.17, 39.749, 39.622, 39.773, 39.867, 39.823, 39.553, 39.002, 38.678, 38.682, 38.112, 37.159, 36.86, 37.027, 39.01, 40.944, 41.333, 41.233, 42.073, 44.256, 47.14, 49.818, 50.791, 50.289, 50.171, 50.693, 51.458, 52.282, 52.814, 52.613, 52.041, 51.641, 51.168, 50.245, 48.928, 47.707, 46.906, 46.814, 46.89, 45.734, 43.756, 41.916, 41.048, 41.074, 41.366, 41.424, 40.99, 40.56, 40.265, 40.346, 40.429, 40.242, 40.083, 39.988, 39.712, 39.338, 39.402, 39.431, 39.36, 39.383, 39.248, 39.056, 39.485, 41.16, 43.049, 43.225, 42.847, 42.319, 41.7, 41.611, 41.85, 41.61, 41.19, 41.191, 41.302, 41.268, 40.367, 39.477, 39.759, 39.653, 38.825, 38.032, 37.438, 37.166, 37.466, 37.784, 30.872], [32.468, 30.739, 27.745, 25.561, 23.586, 20.052, 16.184, 13.809, 11.921, 7.27, 0.0, 7.087, 12.813, 16.535, 18.252, 21.073, 26.855, 31.367, 33.11, 34.899, 36.466, 36.523, 36.013, 36.739, 38.326, 39.87, 40.868, 41.234, 41.097, 40.767, 41.141, 42.013, 42.538, 42.528, 42.149, 41.723, 41.84, 42.082, 41.796, 41.384, 41.236, 40.86, 40.495, 40.467, 40.334, 40.409, 40.742, 40.827, 40.523, 40.172, 40.308, 41.111, 41.66, 41.357, 41.006, 41.064, 41.25, 40.998, 40.769, 40.739, 40.357, 40.242, 40.362, 40.43, 40.395, 40.186, 39.709, 39.363, 39.309, 38.777, 37.924, 37.635, 37.732, 39.535, 41.344, 41.723, 41.633, 42.416, 44.501, 47.326, 50.007, 51.045, 50.591, 50.483, 51.009, 51.766, 52.544, 53.006, 52.784, 52.241, 51.871, 51.418, 50.517, 49.226, 48.038, 47.263, 47.146, 47.195, 46.095, 44.221, 42.44, 41.591, 41.614, 41.891, 41.937, 41.526, 41.116, 40.804, 40.845, 40.926, 40.753, 40.599, 40.505, 40.252, 39.885, 39.909, 39.909, 39.827, 39.855, 39.732, 39.541, 39.926, 41.489, 43.302, 43.506, 43.134, 42.585, 41.96, 41.861, 42.097, 41.884, 41.482, 41.457, 41.552, 41.54, 40.679, 39.818, 40.109, 40.088, 39.412, 38.72, 38.159, 37.893, 38.17, 38.478, 32.492], [33.9, 32.321, 29.64, 27.738, 25.95, 22.727, 19.267, 17.157, 15.796, 12.618, 7.087, 0.0, 7.702, 13.219, 15.599, 18.499, 24.968, 30.077, 32.048, 34.009, 35.731, 35.88, 35.513, 36.405, 38.058, 39.603, 40.583, 40.941, 40.831, 40.584, 41.056, 42.026, 42.642, 42.665, 42.284, 41.933, 42.207, 42.565, 42.348, 41.956, 41.787, 41.404, 41.04, 40.982, 40.791, 40.812, 41.113, 41.179, 40.857, 40.47, 40.571, 41.357, 41.902, 41.612, 41.282, 41.346, 41.519, 41.271, 41.063, 41.043, 40.699, 40.613, 40.734, 40.814, 40.812, 40.668, 40.258, 39.909, 39.821, 39.3, 38.462, 38.148, 38.272, 40.027, 41.781, 42.185, 42.125, 42.887, 44.933, 47.748, 50.431, 51.48, 51.052, 50.972, 51.505, 52.242, 52.978, 53.373, 53.124, 52.592, 52.219, 51.762, 50.864, 49.577, 48.391, 47.623, 47.501, 47.546, 46.484, 44.641, 42.86, 42.003, 42.013, 42.27, 42.291, 41.88, 41.472, 41.143, 41.158, 41.22, 41.032, 40.879, 40.801, 40.552, 40.173, 40.187, 40.185, 40.089, 40.099, 39.973, 39.783, 40.144, 41.645, 43.424, 43.646, 43.291, 42.751, 42.142, 42.044, 42.273, 42.08, 41.718, 41.69, 41.748, 41.757, 40.949, 40.091, 40.388, 40.433, 39.868, 39.243, 38.689, 38.407, 38.661, 38.958, 33.881], [34.589, 33.089, 30.606, 28.894, 27.271, 24.382, 21.434, 19.767, 18.605, 16.282, 12.813, 7.702, 0.0, 7.217, 11.124, 14.538, 21.604, 27.37, 29.639, 31.798, 33.709, 33.956, 33.682, 34.718, 36.464, 38.052, 39.059, 39.454, 39.38, 39.162, 39.731, 40.887, 41.693, 41.81, 41.44, 41.15, 41.563, 42.051, 41.956, 41.639, 41.478, 41.063, 40.681, 40.644, 40.48, 40.525, 40.846, 40.905, 40.572, 40.179, 40.286, 41.1, 41.671, 41.393, 41.069, 41.129, 41.291, 41.039, 40.841, 40.82, 40.451, 40.358, 40.497, 40.614, 40.655, 40.539, 40.143, 39.804, 39.709, 39.124, 38.161, 37.778, 37.964, 39.793, 41.575, 42.011, 41.997, 42.798, 44.875, 47.722, 50.433, 51.498, 51.055, 50.97, 51.51, 52.247, 52.975, 53.36, 53.102, 52.555, 52.158, 51.681, 50.759, 49.45, 48.24, 47.438, 47.299, 47.346, 46.279, 44.388, 42.548, 41.66, 41.666, 41.932, 41.952, 41.525, 41.113, 40.782, 40.803, 40.862, 40.633, 40.458, 40.407, 40.151, 39.747, 39.767, 39.773, 39.667, 39.652, 39.494, 39.298, 39.683, 41.222, 43.018, 43.232, 42.893, 42.381, 41.783, 41.68, 41.893, 41.702, 41.384, 41.408, 41.47, 41.484, 40.711, 39.853, 40.12, 40.147, 39.59, 38.978, 38.431, 38.138, 38.363, 38.607, 34.546], [34.981, 33.486, 31.117, 29.581, 28.207, 25.763, 23.356, 22.078, 21.044, 19.014, 16.535, 13.219, 7.217, 0.0, 5.796, 11.592, 19.346, 25.256, 27.69, 29.989, 32.002, 32.344, 32.201, 33.339, 35.104, 36.698, 37.741, 38.188, 38.138, 37.91, 38.527, 39.794, 40.734, 40.935, 40.597, 40.386, 40.904, 41.465, 41.474, 41.282, 41.181, 40.761, 40.391, 40.405, 40.288, 40.37, 40.713, 40.771, 40.443, 40.09, 40.241, 41.073, 41.653, 41.385, 41.065, 41.114, 41.268, 41.017, 40.814, 40.789, 40.4, 40.282, 40.419, 40.554, 40.622, 40.521, 40.122, 39.797, 39.714, 39.094, 38.027, 37.592, 37.826, 39.675, 41.432, 41.856, 41.87, 42.702, 44.776, 47.597, 50.288, 51.367, 50.927, 50.835, 51.371, 52.107, 52.832, 53.215, 52.96, 52.42, 52.022, 51.537, 50.607, 49.308, 48.107, 47.299, 47.156, 47.19, 46.106, 44.202, 42.358, 41.469, 41.476, 41.752, 41.778, 41.323, 40.868, 40.545, 40.587, 40.667, 40.424, 40.219, 40.168, 39.904, 39.473, 39.457, 39.431, 39.308, 39.276, 39.099, 38.9, 39.305, 40.875, 42.671, 42.869, 42.561, 42.106, 41.526, 41.397, 41.592, 41.413, 41.149, 41.268, 41.407, 41.437, 40.7, 39.888, 40.099, 40.069, 39.494, 38.865, 38.313, 38.002, 38.175, 38.307, 34.981], [35.18, 33.617, 31.216, 29.757, 28.592, 26.437, 24.333, 23.283, 22.379, 20.465, 18.252, 15.599, 11.124, 5.796, 0.0, 8.306, 17.82, 24.149, 26.468, 28.736, 30.856, 31.28, 31.232, 32.509, 34.384, 36.053, 37.145, 37.616, 37.572, 37.36, 38.032, 39.33, 40.292, 40.513, 40.178, 39.999, 40.577, 41.163, 41.196, 41.071, 41.029, 40.61, 40.242, 40.281, 40.17, 40.247, 40.589, 40.644, 40.32, 39.988, 40.167, 41.01, 41.59, 41.316, 40.993, 41.045, 41.208, 40.957, 40.746, 40.721, 40.314, 40.168, 40.289, 40.413, 40.479, 40.387, 39.99, 39.665, 39.586, 38.969, 37.879, 37.426, 37.687, 39.529, 41.271, 41.69, 41.707, 42.538, 44.61, 47.422, 50.117, 51.23, 50.812, 50.732, 51.277, 52.018, 52.743, 53.124, 52.873, 52.345, 51.956, 51.474, 50.54, 49.24, 48.046, 47.255, 47.117, 47.13, 46.023, 44.131, 42.301, 41.409, 41.41, 41.69, 41.721, 41.247, 40.749, 40.387, 40.406, 40.481, 40.223, 39.998, 39.925, 39.615, 39.123, 39.078, 39.042, 38.908, 38.875, 38.703, 38.5, 38.92, 40.56, 42.414, 42.615, 42.316, 41.892, 41.322, 41.174, 41.368, 41.21, 40.979, 41.158, 41.375, 41.446, 40.712, 39.899, 40.104, 40.064, 39.465, 38.805, 38.229, 37.898, 38.059, 38.172, 35.216], [36.156, 34.624, 32.162, 30.577, 29.496, 27.635, 25.937, 25.224, 24.519, 22.901, 21.073, 18.499, 14.538, 11.592, 8.306, 0.0, 11.78, 19.968, 22.758, 25.12, 27.535, 28.169, 28.272, 29.958, 32.24, 34.155, 35.331, 35.841, 35.85, 35.717, 36.539, 38.003, 39.091, 39.345, 38.992, 38.898, 39.673, 40.421, 40.551, 40.474, 40.438, 39.989, 39.607, 39.64, 39.492, 39.567, 39.921, 39.965, 39.613, 39.233, 39.378, 40.253, 40.878, 40.599, 40.267, 40.34, 40.525, 40.261, 40.045, 40.026, 39.584, 39.391, 39.481, 39.609, 39.697, 39.617, 39.221, 38.886, 38.795, 38.138, 37.017, 36.633, 37.018, 39.01, 40.846, 41.303, 41.337, 42.188, 44.278, 47.092, 49.82, 50.97, 50.545, 50.465, 51.021, 51.763, 52.486, 52.882, 52.627, 52.063, 51.655, 51.178, 50.216, 48.86, 47.654, 46.882, 46.734, 46.741, 45.59, 43.627, 41.726, 40.806, 40.82, 41.122, 41.164, 40.699, 40.21, 39.821, 39.855, 39.916, 39.608, 39.375, 39.296, 38.908, 38.37, 38.392, 38.431, 38.322, 38.293, 38.105, 37.873, 38.322, 40.092, 42.067, 42.276, 41.955, 41.497, 40.882, 40.713, 40.902, 40.738, 40.497, 40.664, 40.862, 40.942, 40.22, 39.421, 39.694, 39.655, 38.924, 38.099, 37.434, 37.102, 37.307, 37.479, 36.086], [37.893, 36.571, 34.381, 32.835, 31.937, 30.715, 29.802, 29.51, 29.003, 27.919, 26.855, 24.968, 21.604, 19.346, 17.82, 11.78, 0.0, 10.527, 15.571, 19.073, 21.8, 22.838, 23.635, 26.055, 28.711, 30.775, 32.004, 32.597, 32.752, 32.736, 33.708, 35.369, 36.656, 37.007, 36.724, 36.914, 38.049, 39.053, 39.41, 39.479, 39.462, 39.016, 38.713, 38.805, 38.681, 38.818, 39.222, 39.257, 38.869, 38.45, 38.56, 39.437, 40.089, 39.832, 39.501, 39.556, 39.748, 39.512, 39.296, 39.291, 38.842, 38.571, 38.585, 38.746, 38.93, 38.885, 38.456, 38.1, 38.026, 37.325, 36.132, 35.88, 36.509, 38.734, 40.666, 41.144, 41.188, 42.072, 44.146, 46.835, 49.467, 50.561, 50.086, 49.988, 50.514, 51.219, 51.925, 52.336, 52.08, 51.458, 51.02, 50.545, 49.571, 48.204, 47.021, 46.286, 46.169, 46.191, 44.971, 42.883, 40.928, 40.028, 40.064, 40.387, 40.44, 39.924, 39.414, 39.173, 39.389, 39.497, 39.179, 38.929, 38.834, 38.475, 38.028, 38.165, 38.296, 38.234, 38.213, 38.001, 37.746, 38.204, 39.99, 41.963, 42.152, 41.849, 41.365, 40.667, 40.416, 40.555, 40.371, 40.122, 40.286, 40.443, 40.496, 39.908, 39.351, 39.732, 39.61, 38.654, 37.521, 36.669, 36.335, 36.576, 36.695, 37.746], [39.146, 37.933, 36.011, 34.674, 34.071, 33.373, 33.002, 33.001, 32.635, 31.905, 31.367, 30.077, 27.37, 25.256, 24.149, 19.968, 10.527, 0.0, 8.337, 14.788, 18.005, 19.179, 20.828, 24.007, 26.879, 28.957, 30.21, 30.899, 31.195, 31.196, 32.088, 33.688, 34.964, 35.351, 35.18, 35.63, 37.01, 38.174, 38.686, 38.887, 38.915, 38.47, 38.225, 38.385, 38.301, 38.482, 38.928, 38.964, 38.542, 38.118, 38.264, 39.162, 39.824, 39.587, 39.25, 39.277, 39.498, 39.319, 39.088, 39.085, 38.669, 38.359, 38.308, 38.468, 38.69, 38.635, 38.143, 37.772, 37.732, 36.99, 35.673, 35.462, 36.243, 38.654, 40.702, 41.206, 41.24, 42.149, 44.261, 46.907, 49.452, 50.438, 49.913, 49.812, 50.319, 51.001, 51.707, 52.14, 51.897, 51.247, 50.781, 50.279, 49.299, 47.967, 46.807, 46.071, 46.009, 46.068, 44.769, 42.54, 40.541, 39.659, 39.712, 40.069, 40.128, 39.478, 38.909, 38.831, 39.214, 39.367, 39.067, 38.834, 38.717, 38.392, 38.068, 38.32, 38.516, 38.477, 38.458, 38.24, 37.972, 38.433, 40.251, 42.217, 42.389, 42.121, 41.645, 40.899, 40.599, 40.719, 40.525, 40.259, 40.417, 40.535, 40.497, 39.965, 39.657, 40.143, 39.931, 38.785, 37.38, 36.327, 35.958, 36.21, 36.252, 39.056], [39.341, 38.151, 36.346, 35.182, 34.72, 34.176, 34.039, 34.307, 34.069, 33.441, 33.11, 32.048, 29.639, 27.69, 26.468, 22.758, 15.571, 8.337, 0.0, 8.67, 13.437, 15.124, 17.339, 21.507, 25.079, 27.465, 28.823, 29.607, 29.989, 29.963, 30.875, 32.58, 33.904, 34.289, 34.181, 34.838, 36.414, 37.677, 38.239, 38.49, 38.553, 38.102, 37.836, 38.018, 37.934, 38.087, 38.527, 38.557, 38.092, 37.616, 37.763, 38.718, 39.414, 39.157, 38.782, 38.787, 39.028, 38.881, 38.621, 38.611, 38.224, 37.916, 37.83, 37.965, 38.173, 38.089, 37.56, 37.173, 37.107, 36.303, 34.949, 34.773, 35.53, 38.024, 40.19, 40.725, 40.749, 41.708, 43.939, 46.699, 49.332, 50.346, 49.812, 49.724, 50.268, 50.974, 51.698, 52.139, 51.886, 51.221, 50.751, 50.234, 49.186, 47.797, 46.615, 45.861, 45.815, 45.911, 44.62, 42.337, 40.269, 39.359, 39.426, 39.818, 39.88, 39.139, 38.488, 38.372, 38.741, 38.896, 38.582, 38.336, 38.204, 37.841, 37.497, 37.739, 37.921, 37.87, 37.82, 37.574, 37.303, 37.802, 39.713, 41.731, 41.89, 41.627, 41.166, 40.394, 40.064, 40.176, 39.973, 39.694, 39.86, 40.009, 39.975, 39.457, 39.234, 39.774, 39.527, 38.325, 36.877, 35.787, 35.399, 35.68, 35.739, 39.253], [39.82, 38.787, 37.279, 36.397, 36.017, 35.505, 35.483, 35.907, 35.739, 35.139, 34.899, 34.009, 31.798, 29.989, 28.736, 25.12, 19.073, 14.788, 8.67, 0.0, 6.655, 10.187, 13.711, 19.003, 23.258, 25.848, 27.177, 27.984, 28.451, 28.532, 29.666, 31.627, 33.131, 33.57, 33.565, 34.549, 36.416, 37.788, 38.406, 38.71, 38.833, 38.472, 38.271, 38.469, 38.374, 38.522, 38.949, 38.978, 38.524, 38.056, 38.199, 39.114, 39.758, 39.49, 39.112, 39.082, 39.289, 39.17, 38.913, 38.888, 38.541, 38.271, 38.168, 38.266, 38.476, 38.436, 37.969, 37.604, 37.477, 36.681, 35.519, 35.459, 36.07, 38.333, 40.392, 40.907, 40.941, 41.901, 44.083, 46.772, 49.381, 50.444, 49.93, 49.844, 50.425, 51.156, 51.844, 52.22, 51.944, 51.295, 50.835, 50.309, 49.215, 47.814, 46.651, 45.902, 45.86, 45.98, 44.811, 42.719, 40.8, 39.948, 40.024, 40.409, 40.47, 39.721, 38.992, 38.812, 39.129, 39.269, 38.938, 38.665, 38.561, 38.199, 37.787, 37.921, 38.035, 37.945, 37.824, 37.547, 37.295, 37.735, 39.499, 41.437, 41.604, 41.354, 40.915, 40.164, 39.823, 39.917, 39.699, 39.393, 39.557, 39.788, 39.885, 39.48, 39.319, 39.854, 39.643, 38.587, 37.327, 36.36, 36.001, 36.287, 36.361, 39.659], [40.423, 39.534, 38.29, 37.618, 37.313, 36.858, 36.894, 37.33, 37.173, 36.622, 36.466, 35.731, 33.709, 32.002, 30.856, 27.535, 21.8, 18.005, 13.437, 6.655, 0.0, 5.69, 11.716, 17.923, 22.312, 24.863, 26.15, 26.961, 27.481, 27.708, 29.03, 31.118, 32.696, 33.157, 33.225, 34.432, 36.466, 37.891, 38.559, 38.905, 39.051, 38.769, 38.673, 38.901, 38.829, 39.073, 39.592, 39.668, 39.246, 38.82, 38.982, 39.826, 40.397, 40.137, 39.769, 39.714, 39.907, 39.82, 39.577, 39.553, 39.242, 39.003, 38.907, 38.982, 39.171, 39.135, 38.706, 38.388, 38.274, 37.52, 36.479, 36.47, 36.994, 39.099, 41.069, 41.562, 41.6, 42.526, 44.603, 47.156, 49.658, 50.688, 50.171, 50.075, 50.657, 51.396, 52.062, 52.394, 52.107, 51.475, 51.009, 50.456, 49.364, 48.013, 46.875, 46.096, 46.025, 46.134, 45.026, 43.075, 41.322, 40.545, 40.613, 40.979, 41.051, 40.325, 39.598, 39.438, 39.755, 39.896, 39.575, 39.308, 39.227, 38.901, 38.495, 38.583, 38.661, 38.558, 38.404, 38.103, 37.843, 38.229, 39.888, 41.758, 41.944, 41.703, 41.264, 40.547, 40.22, 40.304, 40.081, 39.758, 39.904, 40.161, 40.315, 39.983, 39.893, 40.416, 40.215, 39.276, 38.138, 37.215, 36.856, 37.126, 37.189, 40.223], [40.058, 39.184, 37.977, 37.328, 37.049, 36.666, 36.785, 37.263, 37.123, 36.602, 36.523, 35.88, 33.956, 32.344, 31.28, 28.169, 22.838, 19.179, 15.124, 10.187, 5.69, 0.0, 8.08, 15.779, 20.86, 23.707, 25.138, 26.003, 26.517, 26.741, 28.129, 30.301, 31.909, 32.382, 32.483, 33.722, 35.771, 37.206, 37.866, 38.186, 38.319, 38.045, 37.969, 38.202, 38.137, 38.458, 39.09, 39.233, 38.826, 38.387, 38.527, 39.364, 39.94, 39.676, 39.289, 39.236, 39.452, 39.361, 39.111, 39.105, 38.787, 38.531, 38.456, 38.55, 38.713, 38.627, 38.161, 37.855, 37.769, 36.99, 35.884, 35.877, 36.411, 38.616, 40.694, 41.217, 41.247, 42.196, 44.348, 46.997, 49.579, 50.615, 50.068, 49.964, 50.554, 51.319, 52.024, 52.376, 52.082, 51.438, 50.956, 50.377, 49.263, 47.891, 46.717, 45.879, 45.751, 45.836, 44.705, 42.693, 40.868, 40.04, 40.1, 40.492, 40.576, 39.822, 39.067, 38.865, 39.158, 39.306, 38.993, 38.742, 38.676, 38.373, 38.004, 38.115, 38.193, 38.098, 37.954, 37.645, 37.369, 37.806, 39.597, 41.546, 41.731, 41.471, 41.003, 40.28, 39.967, 40.05, 39.8, 39.448, 39.577, 39.818, 39.936, 39.588, 39.553, 40.105, 39.864, 38.88, 37.708, 36.724, 36.322, 36.6, 36.686, 39.834], [39.328, 38.379, 37.053, 36.319, 36.029, 35.706, 35.928, 36.522, 36.436, 35.952, 36.013, 35.513, 33.682, 32.201, 31.232, 28.272, 23.635, 20.828, 17.339, 13.711, 11.716, 8.08, 0.0, 9.324, 16.188, 20.097, 21.969, 22.985, 23.498, 23.633, 25.21, 27.74, 29.592, 30.239, 30.459, 31.702, 33.774, 35.301, 36.027, 36.353, 36.489, 36.221, 36.143, 36.378, 36.338, 36.76, 37.506, 37.721, 37.362, 36.953, 37.144, 38.113, 38.779, 38.494, 38.067, 38.033, 38.278, 38.156, 37.885, 37.886, 37.504, 37.208, 37.163, 37.307, 37.474, 37.349, 36.83, 36.519, 36.437, 35.584, 34.344, 34.33, 34.892, 37.314, 39.597, 40.161, 40.172, 41.218, 43.576, 46.43, 49.188, 50.258, 49.658, 49.536, 50.14, 50.928, 51.689, 52.096, 51.795, 51.098, 50.591, 50.013, 48.865, 47.407, 46.173, 45.308, 45.168, 45.276, 44.09, 41.887, 39.83, 38.881, 38.944, 39.378, 39.477, 38.705, 37.949, 37.7, 37.974, 38.123, 37.812, 37.572, 37.508, 37.196, 36.846, 37.02, 37.137, 37.056, 36.914, 36.574, 36.282, 36.828, 38.85, 40.949, 41.128, 40.83, 40.302, 39.525, 39.211, 39.306, 39.038, 38.669, 38.83, 39.073, 39.132, 38.702, 38.662, 39.298, 39.014, 37.877, 36.582, 35.499, 35.034, 35.35, 35.497, 39.083], [39.609, 38.624, 37.295, 36.577, 36.31, 36.056, 36.322, 36.946, 36.922, 36.534, 36.739, 36.405, 34.718, 33.339, 32.509, 29.958, 26.055, 24.007, 21.507, 19.003, 17.923, 15.779, 9.324, 0.0, 8.394, 13.737, 16.393, 17.725, 18.31, 18.602, 20.86, 24.029, 26.257, 27.193, 27.555, 28.87, 31.104, 32.863, 33.815, 34.29, 34.495, 34.295, 34.329, 34.65, 34.74, 35.406, 36.321, 36.622, 36.401, 36.241, 36.738, 37.921, 38.638, 38.331, 37.883, 37.845, 38.08, 37.923, 37.637, 37.63, 37.223, 36.948, 36.974, 37.155, 37.313, 37.168, 36.625, 36.33, 36.305, 35.492, 34.229, 34.184, 34.784, 37.303, 39.607, 40.127, 40.126, 41.237, 43.641, 46.48, 49.216, 50.237, 49.588, 49.451, 50.021, 50.771, 51.529, 51.953, 51.649, 50.917, 50.382, 49.811, 48.674, 47.201, 45.956, 45.092, 45.009, 45.175, 43.94, 41.6, 39.456, 38.504, 38.57, 38.985, 39.076, 38.311, 37.613, 37.509, 37.874, 38.022, 37.718, 37.491, 37.414, 37.119, 36.806, 37.013, 37.151, 37.082, 36.954, 36.616, 36.324, 36.924, 39.042, 41.179, 41.348, 41.061, 40.528, 39.728, 39.4, 39.493, 39.244, 38.93, 39.159, 39.409, 39.435, 38.97, 38.924, 39.584, 39.272, 38.08, 36.728, 35.576, 35.062, 35.37, 35.484, 39.421], [40.556, 39.63, 38.459, 37.858, 37.655, 37.497, 37.764, 38.31, 38.325, 38.062, 38.326, 38.058, 36.464, 35.104, 34.384, 32.24, 28.711, 26.879, 25.079, 23.258, 22.312, 20.86, 16.188, 8.394, 0.0, 6.352, 10.127, 12.129, 12.953, 13.898, 17.342, 21.047, 23.451, 24.574, 24.991, 26.445, 29.012, 31.128, 32.399, 33.092, 33.383, 33.292, 33.531, 34.0, 34.277, 35.213, 36.27, 36.615, 36.521, 36.684, 37.575, 38.91, 39.592, 39.28, 38.85, 38.789, 38.973, 38.791, 38.495, 38.474, 38.104, 37.88, 37.971, 38.155, 38.283, 38.13, 37.61, 37.347, 37.381, 36.686, 35.553, 35.524, 36.148, 38.553, 40.655, 41.08, 41.089, 42.16, 44.37, 46.96, 49.485, 50.405, 49.745, 49.591, 50.092, 50.77, 51.465, 51.863, 51.588, 50.876, 50.326, 49.757, 48.688, 47.313, 46.118, 45.264, 45.241, 45.44, 44.223, 41.987, 40.049, 39.218, 39.27, 39.617, 39.675, 38.902, 38.239, 38.379, 38.881, 39.022, 38.743, 38.539, 38.459, 38.227, 37.956, 38.121, 38.231, 38.173, 38.062, 37.758, 37.49, 38.062, 40.096, 42.143, 42.298, 42.069, 41.605, 40.837, 40.496, 40.565, 40.339, 40.09, 40.338, 40.566, 40.608, 40.214, 40.216, 40.814, 40.491, 39.364, 38.042, 36.89, 36.38, 36.635, 36.633, 40.457], [41.584, 40.762, 39.776, 39.296, 39.146, 39.044, 39.301, 39.766, 39.797, 39.611, 39.87, 39.603, 38.052, 36.698, 36.053, 34.155, 30.775, 28.957, 27.465, 25.848, 24.863, 23.707, 20.097, 13.737, 6.352, 0.0, 4.747, 7.823, 9.224, 11.031, 15.516, 19.472, 21.865, 23.044, 23.543, 25.274, 28.209, 30.629, 32.163, 33.028, 33.373, 33.388, 33.792, 34.35, 34.74, 35.811, 36.893, 37.226, 37.186, 37.539, 38.682, 40.088, 40.71, 40.405, 40.009, 39.923, 40.037, 39.836, 39.539, 39.502, 39.177, 38.994, 39.105, 39.263, 39.365, 39.237, 38.78, 38.547, 38.592, 38.011, 37.083, 37.108, 37.676, 39.856, 41.724, 42.073, 42.093, 43.082, 45.053, 47.359, 49.664, 50.522, 49.885, 49.716, 50.16, 50.783, 51.408, 51.762, 51.513, 50.839, 50.305, 49.759, 48.753, 47.473, 46.349, 45.537, 45.577, 45.805, 44.669, 42.668, 41.023, 40.331, 40.374, 40.661, 40.703, 39.948, 39.259, 39.54, 40.142, 40.277, 40.013, 39.821, 39.751, 39.576, 39.322, 39.401, 39.458, 39.403, 39.278, 38.985, 38.747, 39.251, 41.094, 43.002, 43.159, 42.989, 42.6, 41.893, 41.56, 41.599, 41.378, 41.175, 41.426, 41.642, 41.724, 41.442, 41.519, 42.053, 41.734, 40.699, 39.443, 38.345, 37.872, 38.081, 37.986, 41.532], [42.421, 41.677, 40.804, 40.397, 40.262, 40.143, 40.368, 40.785, 40.81, 40.642, 40.868, 40.583, 39.059, 37.741, 37.145, 35.331, 32.004, 30.21, 28.823, 27.177, 26.15, 25.138, 21.969, 16.393, 10.127, 4.747, 0.0, 3.96, 6.375, 9.151, 14.299, 18.459, 20.967, 22.242, 22.889, 24.959, 28.2, 30.818, 32.519, 33.476, 33.843, 33.934, 34.41, 34.951, 35.345, 36.432, 37.473, 37.771, 37.741, 38.139, 39.342, 40.758, 41.356, 41.073, 40.705, 40.602, 40.667, 40.459, 40.173, 40.127, 39.834, 39.679, 39.781, 39.9, 39.985, 39.888, 39.486, 39.251, 39.278, 38.78, 38.031, 38.128, 38.649, 40.661, 42.379, 42.687, 42.708, 43.633, 45.449, 47.562, 49.71, 50.551, 49.954, 49.774, 50.186, 50.779, 51.352, 51.666, 51.425, 50.775, 50.264, 49.745, 48.767, 47.536, 46.465, 45.703, 45.779, 46.024, 44.964, 43.153, 41.728, 41.142, 41.186, 41.434, 41.473, 40.753, 40.046, 40.379, 41.031, 41.166, 40.901, 40.709, 40.653, 40.497, 40.231, 40.253, 40.277, 40.215, 40.074, 39.785, 39.561, 39.997, 41.671, 43.48, 43.658, 43.519, 43.16, 42.504, 42.195, 42.218, 41.989, 41.791, 42.026, 42.234, 42.354, 42.165, 42.293, 42.789, 42.49, 41.533, 40.33, 39.268, 38.821, 39.016, 38.893, 42.376], [42.8, 42.092, 41.262, 40.883, 40.743, 40.588, 40.78, 41.171, 41.192, 41.028, 41.234, 40.941, 39.454, 38.188, 37.616, 35.841, 32.597, 30.899, 29.607, 27.984, 26.961, 26.003, 22.985, 17.725, 12.129, 7.823, 3.96, 0.0, 3.482, 7.853, 13.647, 17.903, 20.533, 21.938, 22.682, 24.946, 28.381, 31.113, 32.865, 33.829, 34.186, 34.307, 34.802, 35.303, 35.68, 36.766, 37.782, 38.059, 38.025, 38.414, 39.589, 40.981, 41.581, 41.328, 40.986, 40.882, 40.932, 40.733, 40.463, 40.412, 40.129, 39.988, 40.073, 40.164, 40.238, 40.153, 39.77, 39.527, 39.539, 39.077, 38.407, 38.533, 39.033, 40.971, 42.63, 42.927, 42.944, 43.837, 45.593, 47.628, 49.691, 50.523, 49.956, 49.774, 50.174, 50.759, 51.312, 51.609, 51.372, 50.734, 50.233, 49.728, 48.772, 47.569, 46.527, 45.792, 45.875, 46.122, 45.099, 43.376, 42.04, 41.499, 41.549, 41.779, 41.806, 41.106, 40.406, 40.747, 41.41, 41.55, 41.291, 41.102, 41.048, 40.896, 40.624, 40.63, 40.639, 40.565, 40.42, 40.145, 39.925, 40.32, 41.914, 43.689, 43.885, 43.739, 43.371, 42.74, 42.456, 42.478, 42.238, 42.024, 42.236, 42.437, 42.572, 42.418, 42.56, 43.045, 42.773, 41.87, 40.699, 39.645, 39.199, 39.388, 39.271, 42.74], [42.601, 41.909, 41.097, 40.724, 40.585, 40.429, 40.625, 41.024, 41.046, 40.88, 41.097, 40.831, 39.38, 38.138, 37.572, 35.85, 32.752, 31.195, 29.989, 28.451, 27.481, 26.517, 23.498, 18.31, 12.953, 9.224, 6.375, 3.482, 0.0, 5.848, 12.642, 17.189, 19.843, 21.285, 22.117, 24.519, 28.06, 30.84, 32.58, 33.507, 33.843, 33.965, 34.466, 34.974, 35.377, 36.496, 37.536, 37.828, 37.805, 38.216, 39.416, 40.827, 41.435, 41.19, 40.867, 40.782, 40.836, 40.634, 40.375, 40.329, 40.036, 39.893, 39.972, 40.063, 40.144, 40.057, 39.67, 39.427, 39.447, 38.981, 38.293, 38.4, 38.885, 40.807, 42.462, 42.762, 42.777, 43.674, 45.443, 47.485, 49.536, 50.356, 49.79, 49.616, 50.025, 50.621, 51.186, 51.496, 51.262, 50.624, 50.121, 49.617, 48.665, 47.467, 46.428, 45.691, 45.767, 46.009, 44.984, 43.259, 41.911, 41.367, 41.428, 41.663, 41.683, 40.993, 40.307, 40.644, 41.292, 41.424, 41.171, 40.996, 40.951, 40.812, 40.546, 40.545, 40.548, 40.468, 40.312, 40.032, 39.818, 40.217, 41.806, 43.577, 43.772, 43.605, 43.215, 42.588, 42.323, 42.354, 42.109, 41.896, 42.126, 42.337, 42.456, 42.272, 42.394, 42.882, 42.618, 41.721, 40.567, 39.518, 39.051, 39.227, 39.125, 42.516], [42.184, 41.471, 40.62, 40.202, 40.065, 39.945, 40.189, 40.63, 40.644, 40.475, 40.767, 40.584, 39.162, 37.91, 37.36, 35.717, 32.736, 31.196, 29.963, 28.532, 27.708, 26.741, 23.633, 18.602, 13.898, 11.031, 9.151, 7.853, 5.848, 0.0, 7.862, 13.571, 16.836, 18.402, 19.51, 22.505, 26.386, 29.294, 31.101, 32.057, 32.425, 32.58, 33.083, 33.59, 34.04, 35.262, 36.408, 36.773, 36.799, 37.26, 38.554, 40.082, 40.769, 40.541, 40.225, 40.212, 40.356, 40.162, 39.901, 39.882, 39.547, 39.354, 39.42, 39.529, 39.628, 39.523, 39.103, 38.852, 38.885, 38.386, 37.606, 37.706, 38.213, 40.184, 41.887, 42.205, 42.216, 43.14, 44.981, 47.121, 49.254, 50.092, 49.503, 49.326, 49.74, 50.343, 50.947, 51.323, 51.104, 50.433, 49.917, 49.427, 48.464, 47.233, 46.17, 45.403, 45.456, 45.69, 44.615, 42.782, 41.334, 40.753, 40.817, 41.075, 41.105, 40.403, 39.742, 40.063, 40.673, 40.765, 40.493, 40.33, 40.305, 40.151, 39.89, 39.923, 39.954, 39.888, 39.754, 39.476, 39.255, 39.716, 41.42, 43.238, 43.421, 43.255, 42.864, 42.225, 41.973, 42.023, 41.769, 41.559, 41.856, 42.103, 42.156, 41.871, 41.949, 42.442, 42.127, 41.113, 39.886, 38.802, 38.288, 38.433, 38.35, 42.082], [42.266, 41.557, 40.731, 40.33, 40.229, 40.168, 40.452, 40.905, 40.909, 40.77, 41.141, 41.056, 39.731, 38.527, 38.032, 36.539, 33.708, 32.088, 30.875, 29.666, 29.03, 28.129, 25.21, 20.86, 17.342, 15.516, 14.299, 13.647, 12.642, 7.862, 0.0, 7.094, 11.927, 14.175, 15.83, 19.993, 24.619, 27.791, 29.748, 30.845, 31.34, 31.586, 32.067, 32.523, 33.073, 34.472, 35.756, 36.235, 36.346, 36.835, 38.148, 39.744, 40.525, 40.351, 40.045, 40.116, 40.411, 40.283, 40.033, 40.024, 39.651, 39.419, 39.47, 39.589, 39.698, 39.576, 39.141, 38.893, 38.934, 38.414, 37.549, 37.608, 38.146, 40.134, 41.849, 42.174, 42.18, 43.092, 44.927, 47.094, 49.289, 50.157, 49.556, 49.361, 49.748, 50.319, 50.921, 51.341, 51.14, 50.438, 49.915, 49.458, 48.519, 47.286, 46.22, 45.445, 45.479, 45.693, 44.57, 42.637, 41.116, 40.513, 40.561, 40.821, 40.876, 40.18, 39.507, 39.751, 40.298, 40.364, 40.09, 39.925, 39.909, 39.776, 39.572, 39.662, 39.724, 39.679, 39.635, 39.434, 39.203, 39.698, 41.495, 43.326, 43.492, 43.355, 43.001, 42.372, 42.143, 42.216, 41.956, 41.739, 42.069, 42.346, 42.369, 42.009, 42.028, 42.515, 42.186, 41.078, 39.784, 38.695, 38.152, 38.21, 38.083, 42.173], [42.628, 41.943, 41.202, 40.892, 40.862, 40.893, 41.229, 41.666, 41.666, 41.581, 42.013, 42.026, 40.887, 39.794, 39.33, 38.003, 35.369, 33.688, 32.58, 31.627, 31.118, 30.301, 27.74, 24.029, 21.047, 19.472, 18.459, 17.903, 17.189, 13.571, 7.094, 0.0, 6.268, 9.971, 12.733, 18.091, 23.46, 26.973, 29.142, 30.436, 31.065, 31.373, 31.854, 32.328, 33.058, 34.641, 36.011, 36.55, 36.728, 37.26, 38.557, 40.097, 40.849, 40.693, 40.4, 40.491, 40.85, 40.801, 40.585, 40.56, 40.194, 39.994, 40.049, 40.148, 40.255, 40.143, 39.738, 39.542, 39.631, 39.15, 38.278, 38.251, 38.778, 40.685, 42.313, 42.611, 42.622, 43.49, 45.203, 47.249, 49.376, 50.237, 49.65, 49.439, 49.785, 50.319, 50.87, 51.255, 51.061, 50.374, 49.855, 49.408, 48.5, 47.303, 46.268, 45.517, 45.55, 45.736, 44.588, 42.655, 41.181, 40.624, 40.667, 40.905, 40.991, 40.363, 39.694, 39.894, 40.411, 40.499, 40.273, 40.119, 40.117, 40.081, 39.965, 40.074, 40.141, 40.113, 40.143, 40.016, 39.789, 40.263, 42.038, 43.822, 43.971, 43.849, 43.531, 42.931, 42.715, 42.788, 42.533, 42.332, 42.66, 42.943, 42.983, 42.622, 42.604, 43.069, 42.777, 41.694, 40.405, 39.347, 38.821, 38.821, 38.617, 42.574], [42.868, 42.19, 41.478, 41.203, 41.227, 41.335, 41.714, 42.131, 42.125, 42.069, 42.538, 42.642, 41.693, 40.734, 40.292, 39.091, 36.656, 34.964, 33.904, 33.131, 32.696, 31.909, 29.592, 26.257, 23.451, 21.865, 20.967, 20.533, 19.843, 16.836, 11.927, 6.268, 0.0, 5.248, 10.235, 16.948, 22.662, 26.298, 28.611, 30.06, 30.746, 31.062, 31.621, 32.216, 33.099, 34.803, 36.224, 36.781, 36.991, 37.574, 38.888, 40.356, 41.017, 40.826, 40.538, 40.626, 40.976, 40.964, 40.778, 40.75, 40.413, 40.257, 40.308, 40.379, 40.492, 40.4, 40.028, 39.883, 40.037, 39.619, 38.776, 38.716, 39.202, 41.001, 42.539, 42.815, 42.835, 43.67, 45.279, 47.218, 49.293, 50.158, 49.599, 49.386, 49.718, 50.239, 50.749, 51.086, 50.891, 50.227, 49.71, 49.254, 48.34, 47.16, 46.145, 45.404, 45.437, 45.606, 44.451, 42.557, 41.169, 40.665, 40.709, 40.941, 41.063, 40.5, 39.867, 40.107, 40.626, 40.721, 40.536, 40.417, 40.447, 40.497, 40.437, 40.531, 40.587, 40.574, 40.597, 40.457, 40.233, 40.681, 42.407, 44.158, 44.306, 44.185, 43.871, 43.277, 43.057, 43.114, 42.861, 42.694, 43.049, 43.348, 43.398, 43.042, 43.013, 43.457, 43.153, 42.089, 40.824, 39.792, 39.286, 39.272, 39.009, 42.833], [42.856, 42.194, 41.486, 41.201, 41.23, 41.354, 41.735, 42.146, 42.144, 42.077, 42.528, 42.665, 41.81, 40.935, 40.513, 39.345, 37.007, 35.351, 34.289, 33.57, 33.157, 32.382, 30.239, 27.193, 24.574, 23.044, 22.242, 21.938, 21.285, 18.402, 14.175, 9.971, 5.248, 0.0, 7.035, 15.547, 21.842, 25.529, 27.861, 29.381, 30.092, 30.441, 31.118, 31.83, 32.782, 34.547, 36.031, 36.625, 36.836, 37.42, 38.75, 40.2, 40.82, 40.612, 40.335, 40.451, 40.82, 40.816, 40.638, 40.639, 40.334, 40.182, 40.208, 40.256, 40.37, 40.283, 39.92, 39.782, 39.941, 39.54, 38.71, 38.673, 39.162, 40.963, 42.498, 42.78, 42.804, 43.629, 45.22, 47.154, 49.243, 50.145, 49.617, 49.405, 49.736, 50.264, 50.77, 51.091, 50.893, 50.233, 49.722, 49.269, 48.33, 47.121, 46.089, 45.337, 45.356, 45.513, 44.339, 42.435, 41.067, 40.575, 40.623, 40.871, 41.003, 40.421, 39.789, 40.07, 40.593, 40.684, 40.508, 40.409, 40.46, 40.539, 40.493, 40.569, 40.614, 40.604, 40.608, 40.435, 40.198, 40.643, 42.354, 44.088, 44.239, 44.127, 43.812, 43.203, 42.964, 43.004, 42.739, 42.584, 42.97, 43.29, 43.339, 42.983, 42.977, 43.424, 43.067, 41.96, 40.716, 39.712, 39.209, 39.189, 38.916, 42.794], [42.618, 41.933, 41.141, 40.752, 40.749, 40.902, 41.306, 41.741, 41.766, 41.705, 42.149, 42.284, 41.44, 40.597, 40.178, 38.992, 36.724, 35.18, 34.181, 33.565, 33.225, 32.483, 30.459, 27.555, 24.991, 23.543, 22.889, 22.682, 22.117, 19.51, 15.83, 12.733, 10.235, 7.035, 0.0, 10.249, 18.334, 22.91, 25.559, 27.249, 28.075, 28.546, 29.397, 30.212, 31.258, 33.193, 34.846, 35.526, 35.746, 36.39, 37.91, 39.569, 40.323, 40.165, 39.9, 40.063, 40.49, 40.472, 40.266, 40.285, 39.965, 39.789, 39.841, 39.922, 40.034, 39.921, 39.533, 39.386, 39.545, 39.129, 38.257, 38.204, 38.768, 40.705, 42.287, 42.563, 42.592, 43.444, 45.095, 47.115, 49.247, 50.149, 49.604, 49.389, 49.724, 50.27, 50.804, 51.143, 50.948, 50.287, 49.766, 49.291, 48.333, 47.094, 46.024, 45.224, 45.194, 45.328, 44.112, 42.131, 40.699, 40.185, 40.251, 40.505, 40.593, 39.945, 39.319, 39.625, 40.141, 40.235, 40.065, 39.963, 40.001, 40.049, 39.997, 40.107, 40.177, 40.159, 40.18, 40.037, 39.797, 40.284, 42.1