[[0.0, 5.39, 14.354, 22.385, 26.038, 27.003, 27.726, 28.898, 30.07, 31.541, 33.071, 34.19, 34.395, 34.372, 34.88, 35.928, 36.832, 37.078, 37.183, 37.893, 38.851, 39.431, 39.731, 40.69, 42.296, 42.474, 41.46, 41.084, 41.786, 42.776, 43.427, 43.494, 42.874, 42.164, 42.082, 42.242, 42.494, 42.955, 43.021, 42.811, 42.203, 41.347, 41.079, 41.398, 41.045, 40.099, 39.722, 39.614, 39.046, 38.796, 40.997, 43.726, 43.97, 43.801, 46.125, 49.31, 50.246, 50.042, 50.59, 51.163, 50.715, 49.931, 49.195, 48.952, 49.052, 48.876, 48.396, 47.983, 47.849, 47.734, 47.259, 46.818, 46.671, 46.404, 45.815, 44.766, 43.483, 42.63, 42.747, 43.492, 43.566, 43.216, 43.142, 43.031, 42.597, 41.734, 41.26, 41.362, 41.415, 40.922, 39.654, 38.773, 38.528, 38.297, 38.336, 38.865, 39.213, 39.064, 39.248, 39.913, 40.254, 39.973, 40.047, 40.214, 40.3, 40.064, 39.457, 39.209, 39.043, 38.687, 38.709, 38.898, 38.924, 39.057, 39.663, 40.017, 39.851, 39.911, 40.317, 40.587, 40.475, 40.494, 41.244, 41.641, 41.492, 41.424, 41.601, 41.852, 41.645, 40.783, 40.395, 40.87, 41.239, 41.383, 42.736, 45.423, 47.133, 47.784, 47.724, 47.019, 46.303, 45.913, 45.987, 46.448, 46.492, 46.07, 46.315, 47.319, 47.623, 47.904, 48.448, 48.13, 47.235, 46.919, 46.895, 45.605, 42.965, 41.292, 41.488, 41.817, 40.982, 39.804, 39.902, 40.524, 40.699, 40.676, 41.169, 41.692, 41.741, 41.62, 41.838, 42.416, 43.194, 43.883, 43.981, 43.814, 43.965, 43.811, 42.748, 41.848, 41.575, 41.283, 40.72, 40.328, 40.534, 40.894, 40.555, 39.625, 39.116, 39.392, 39.888, 39.938, 39.568, 39.242, 39.415, 39.702, 39.749, 39.84, 40.225, 40.518, 40.436, 40.465, 40.976, 41.378, 3.172], [5.39, 0.0, 10.286, 19.737, 24.155, 25.315, 26.079, 27.358, 28.627, 30.244, 31.948, 33.166, 33.379, 33.343, 33.863, 34.945, 35.883, 36.152, 36.259, 36.983, 37.995, 38.63, 38.96, 39.97, 41.667, 41.886, 40.83, 40.428, 41.167, 42.223, 42.922, 42.987, 42.319, 41.577, 41.515, 41.68, 41.903, 42.35, 42.405, 42.178, 41.542, 40.634, 40.328, 40.657, 40.31, 39.349, 38.967, 38.841, 38.254, 38.016, 40.351, 43.189, 43.476, 43.324, 45.686, 48.956, 49.931, 49.736, 50.304, 50.879, 50.407, 49.604, 48.849, 48.611, 48.763, 48.62, 48.13, 47.698, 47.568, 47.456, 46.969, 46.53, 46.397, 46.129, 45.528, 44.447, 43.085, 42.164, 42.289, 43.08, 43.152, 42.77, 42.679, 42.561, 42.101, 41.199, 40.711, 40.831, 40.892, 40.373, 39.019, 38.069, 37.78, 37.487, 37.489, 38.049, 38.417, 38.26, 38.486, 39.221, 39.582, 39.277, 39.351, 39.522, 39.577, 39.3, 38.656, 38.388, 38.224, 37.853, 37.857, 38.051, 38.088, 38.23, 38.897, 39.302, 39.123, 39.164, 39.578, 39.85, 39.731, 39.772, 40.569, 40.991, 40.848, 40.786, 40.958, 41.222, 41.019, 40.124, 39.728, 40.24, 40.622, 40.796, 42.286, 45.097, 46.851, 47.513, 47.44, 46.69, 45.923, 45.506, 45.587, 46.065, 46.092, 45.641, 45.906, 46.959, 47.263, 47.529, 48.069, 47.738, 46.819, 46.487, 46.463, 45.172, 42.494, 40.788, 41.0, 41.326, 40.415, 39.109, 39.137, 39.745, 39.91, 39.877, 40.364, 40.889, 40.931, 40.806, 41.042, 41.659, 42.479, 43.207, 43.334, 43.192, 43.36, 43.197, 42.102, 41.181, 40.896, 40.574, 39.987, 39.593, 39.839, 40.239, 39.873, 38.85, 38.282, 38.575, 39.101, 39.143, 38.759, 38.457, 38.649, 38.946, 39.0, 39.123, 39.558, 39.875, 39.789, 39.823, 40.371, 40.801, 6.839], [14.354, 10.286, 0.0, 11.541, 18.014, 20.041, 21.061, 22.795, 24.575, 26.858, 29.271, 30.886, 31.206, 31.265, 31.943, 33.138, 34.155, 34.544, 34.806, 35.66, 36.793, 37.554, 38.037, 39.203, 41.012, 41.278, 40.16, 39.73, 40.516, 41.644, 42.409, 42.491, 41.772, 40.979, 40.935, 41.127, 41.314, 41.732, 41.769, 41.518, 40.854, 39.873, 39.496, 39.834, 39.522, 38.573, 38.192, 38.054, 37.47, 37.239, 39.637, 42.558, 42.878, 42.659, 44.943, 48.243, 49.261, 49.084, 49.655, 50.22, 49.734, 48.921, 48.109, 47.842, 48.059, 47.947, 47.437, 46.977, 46.845, 46.74, 46.259, 45.839, 45.722, 45.449, 44.847, 43.77, 42.367, 41.395, 41.508, 42.366, 42.528, 42.187, 42.106, 42.013, 41.571, 40.66, 40.174, 40.31, 40.37, 39.812, 38.401, 37.457, 37.087, 36.667, 36.625, 37.199, 37.553, 37.382, 37.671, 38.467, 38.809, 38.482, 38.579, 38.713, 38.649, 38.321, 37.661, 37.31, 37.116, 36.748, 36.714, 36.888, 36.939, 37.075, 37.801, 38.277, 38.097, 38.109, 38.493, 38.73, 38.591, 38.669, 39.497, 39.928, 39.833, 39.792, 39.907, 40.178, 40.016, 39.094, 38.667, 39.205, 39.604, 39.841, 41.49, 44.409, 46.215, 46.9, 46.825, 46.069, 45.283, 44.848, 44.954, 45.459, 45.457, 44.968, 45.283, 46.431, 46.735, 46.952, 47.479, 47.151, 46.232, 45.907, 45.895, 44.632, 41.956, 40.283, 40.57, 40.884, 39.847, 38.352, 38.267, 38.826, 38.937, 38.854, 39.296, 39.805, 39.818, 39.666, 39.898, 40.521, 41.338, 42.081, 42.249, 42.156, 42.352, 42.169, 41.046, 40.123, 39.811, 39.448, 38.87, 38.487, 38.742, 39.157, 38.769, 37.681, 37.089, 37.404, 37.949, 37.999, 37.651, 37.423, 37.656, 37.957, 38.023, 38.19, 38.674, 39.0, 38.897, 38.93, 39.5, 39.961, 14.894], [22.385, 19.737, 11.541, 0.0, 8.67, 12.545, 14.248, 16.667, 19.384, 22.758, 26.107, 28.259, 28.783, 29.052, 30.041, 31.445, 32.556, 33.077, 33.563, 34.638, 35.926, 36.845, 37.564, 38.947, 40.861, 41.221, 40.123, 39.698, 40.548, 41.761, 42.588, 42.71, 42.034, 41.26, 41.227, 41.47, 41.692, 42.11, 42.152, 41.889, 41.178, 40.139, 39.712, 40.046, 39.752, 38.796, 38.392, 38.269, 37.707, 37.45, 39.766, 42.617, 42.921, 42.585, 44.673, 47.849, 48.836, 48.661, 49.201, 49.745, 49.285, 48.49, 47.629, 47.294, 47.506, 47.401, 46.896, 46.449, 46.32, 46.221, 45.761, 45.349, 45.224, 44.943, 44.354, 43.336, 42.015, 41.092, 41.162, 42.017, 42.285, 42.045, 41.99, 41.929, 41.554, 40.698, 40.246, 40.387, 40.422, 39.822, 38.453, 37.642, 37.288, 36.847, 36.814, 37.381, 37.706, 37.537, 37.882, 38.727, 39.021, 38.679, 38.798, 38.882, 38.709, 38.355, 37.708, 37.258, 37.032, 36.698, 36.596, 36.711, 36.779, 36.896, 37.593, 38.071, 37.91, 37.911, 38.259, 38.457, 38.288, 38.358, 39.183, 39.63, 39.567, 39.527, 39.614, 39.904, 39.761, 38.801, 38.307, 38.797, 39.21, 39.503, 41.175, 44.095, 45.961, 46.694, 46.65, 45.934, 45.172, 44.736, 44.838, 45.355, 45.365, 44.873, 45.211, 46.412, 46.729, 46.943, 47.471, 47.156, 46.269, 45.975, 45.994, 44.789, 42.132, 40.448, 40.784, 41.128, 40.074, 38.544, 38.456, 38.988, 39.061, 38.951, 39.355, 39.826, 39.795, 39.604, 39.81, 40.4, 41.157, 41.841, 42.014, 41.963, 42.181, 41.991, 40.88, 39.984, 39.663, 39.298, 38.75, 38.383, 38.59, 38.949, 38.547, 37.5, 36.95, 37.234, 37.742, 37.803, 37.491, 37.271, 37.508, 37.819, 37.895, 38.062, 38.527, 38.821, 38.689, 38.696, 39.239, 39.704, 22.717], [26.038, 24.155, 18.014, 8.67, 0.0, 5.637, 9.002, 12.467, 15.867, 20.039, 24.053, 26.58, 27.259, 27.708, 28.976, 30.585, 31.777, 32.389, 33.037, 34.264, 35.637, 36.641, 37.506, 39.019, 40.993, 41.414, 40.369, 39.97, 40.884, 42.177, 43.047, 43.189, 42.574, 41.855, 41.821, 42.082, 42.347, 42.785, 42.852, 42.594, 41.854, 40.817, 40.406, 40.736, 40.415, 39.417, 38.984, 38.884, 38.364, 38.152, 40.428, 43.182, 43.448, 43.089, 45.098, 48.16, 49.09, 48.904, 49.424, 49.968, 49.538, 48.771, 47.914, 47.541, 47.69, 47.558, 47.059, 46.626, 46.482, 46.377, 45.924, 45.488, 45.328, 45.037, 44.445, 43.439, 42.179, 41.31, 41.355, 42.165, 42.479, 42.352, 42.322, 42.268, 41.955, 41.143, 40.705, 40.836, 40.847, 40.21, 38.85, 38.11, 37.842, 37.479, 37.46, 38.017, 38.34, 38.164, 38.479, 39.323, 39.611, 39.271, 39.369, 39.438, 39.27, 38.909, 38.279, 37.818, 37.601, 37.293, 37.171, 37.255, 37.33, 37.445, 38.097, 38.544, 38.402, 38.418, 38.762, 38.951, 38.783, 38.858, 39.668, 40.111, 40.066, 40.041, 40.153, 40.449, 40.29, 39.318, 38.782, 39.205, 39.594, 39.872, 41.451, 44.318, 46.21, 46.966, 46.936, 46.251, 45.537, 45.122, 45.2, 45.703, 45.756, 45.306, 45.625, 46.785, 47.103, 47.353, 47.898, 47.574, 46.699, 46.418, 46.451, 45.289, 42.638, 40.871, 41.176, 41.587, 40.641, 39.209, 39.186, 39.733, 39.824, 39.736, 40.158, 40.637, 40.61, 40.398, 40.585, 41.156, 41.859, 42.471, 42.619, 42.577, 42.797, 42.602, 41.504, 40.616, 40.294, 39.943, 39.398, 39.023, 39.176, 39.478, 39.075, 38.083, 37.551, 37.78, 38.251, 38.328, 38.025, 37.772, 37.993, 38.302, 38.361, 38.479, 38.892, 39.152, 39.004, 38.987, 39.491, 39.941, 26.348], [27.003, 25.315, 20.041, 12.545, 5.637, 0.0, 5.329, 10.434, 14.254, 18.532, 22.894, 25.704, 26.453, 26.964, 28.412, 30.198, 31.478, 32.148, 32.887, 34.186, 35.574, 36.597, 37.52, 39.091, 41.105, 41.541, 40.517, 40.124, 41.029, 42.323, 43.197, 43.347, 42.754, 42.043, 41.994, 42.252, 42.53, 42.975, 43.056, 42.804, 42.057, 41.028, 40.639, 40.978, 40.646, 39.614, 39.154, 39.064, 38.567, 38.354, 40.59, 43.315, 43.556, 43.206, 45.254, 48.3, 49.202, 49.005, 49.53, 50.084, 49.661, 48.903, 48.071, 47.716, 47.849, 47.698, 47.199, 46.769, 46.619, 46.513, 46.071, 45.633, 45.46, 45.167, 44.57, 43.542, 42.263, 41.388, 41.437, 42.233, 42.531, 42.419, 42.378, 42.324, 42.041, 41.248, 40.805, 40.928, 40.937, 40.292, 38.918, 38.186, 37.951, 37.614, 37.596, 38.169, 38.507, 38.31, 38.572, 39.398, 39.706, 39.38, 39.454, 39.508, 39.338, 38.977, 38.387, 37.968, 37.766, 37.463, 37.368, 37.466, 37.543, 37.655, 38.293, 38.732, 38.594, 38.613, 38.955, 39.141, 38.977, 39.075, 39.881, 40.299, 40.265, 40.276, 40.41, 40.693, 40.534, 39.591, 39.048, 39.432, 39.782, 40.013, 41.531, 44.383, 46.296, 47.058, 47.017, 46.336, 45.658, 45.269, 45.342, 45.841, 45.917, 45.49, 45.807, 46.946, 47.269, 47.545, 48.1, 47.762, 46.87, 46.584, 46.624, 45.468, 42.811, 41.008, 41.298, 41.737, 40.845, 39.487, 39.522, 40.094, 40.204, 40.13, 40.567, 41.048, 41.025, 40.8, 40.96, 41.499, 42.167, 42.746, 42.872, 42.813, 43.019, 42.824, 41.725, 40.827, 40.509, 40.171, 39.618, 39.229, 39.37, 39.669, 39.27, 38.284, 37.741, 37.943, 38.396, 38.477, 38.18, 37.919, 38.145, 38.454, 38.494, 38.581, 38.973, 39.223, 39.073, 39.054, 39.548, 39.989, 27.317], [27.726, 26.079, 21.061, 14.248, 9.002, 5.329, 0.0, 6.491, 11.673, 16.415, 20.913, 23.94, 24.779, 25.314, 26.901, 28.862, 30.252, 31.002, 31.811, 33.167, 34.61, 35.707, 36.722, 38.397, 40.51, 40.98, 39.959, 39.595, 40.568, 41.939, 42.84, 42.994, 42.44, 41.775, 41.72, 41.971, 42.282, 42.758, 42.845, 42.583, 41.831, 40.813, 40.447, 40.801, 40.462, 39.405, 38.939, 38.859, 38.352, 38.116, 40.361, 43.12, 43.358, 42.994, 45.107, 48.215, 49.121, 48.913, 49.443, 49.999, 49.566, 48.797, 47.969, 47.631, 47.796, 47.66, 47.154, 46.714, 46.565, 46.466, 46.032, 45.599, 45.419, 45.113, 44.514, 43.486, 42.172, 41.25, 41.285, 42.111, 42.417, 42.295, 42.241, 42.185, 41.901, 41.104, 40.658, 40.782, 40.807, 40.154, 38.71, 37.897, 37.628, 37.277, 37.258, 37.838, 38.173, 37.951, 38.186, 39.009, 39.328, 39.008, 39.081, 39.137, 38.961, 38.607, 38.057, 37.685, 37.47, 37.132, 37.043, 37.159, 37.234, 37.339, 37.992, 38.45, 38.324, 38.346, 38.685, 38.867, 38.698, 38.799, 39.62, 40.041, 40.004, 40.032, 40.185, 40.477, 40.328, 39.39, 38.829, 39.215, 39.577, 39.793, 41.301, 44.2, 46.154, 46.934, 46.888, 46.193, 45.513, 45.121, 45.177, 45.673, 45.747, 45.304, 45.62, 46.78, 47.122, 47.415, 47.979, 47.634, 46.723, 46.422, 46.46, 45.292, 42.603, 40.784, 41.07, 41.514, 40.608, 39.238, 39.29, 39.884, 40.008, 39.949, 40.397, 40.883, 40.869, 40.646, 40.79, 41.298, 41.962, 42.56, 42.685, 42.611, 42.822, 42.637, 41.511, 40.574, 40.243, 39.91, 39.35, 38.949, 39.106, 39.432, 39.033, 38.028, 37.484, 37.708, 38.178, 38.271, 37.982, 37.729, 37.968, 38.283, 38.325, 38.43, 38.837, 39.087, 38.937, 38.928, 39.435, 39.878, 28.029], [28.898, 27.358, 22.795, 16.667, 12.467, 10.434, 6.491, 0.0, 6.867, 13.215, 18.271, 21.44, 22.344, 22.976, 24.776, 26.949, 28.469, 29.288, 30.112, 31.484, 32.993, 34.181, 35.287, 37.075, 39.301, 39.817, 38.833, 38.568, 39.7, 41.248, 42.241, 42.388, 41.885, 41.353, 41.345, 41.575, 41.912, 42.444, 42.55, 42.278, 41.516, 40.514, 40.181, 40.554, 40.199, 39.136, 38.696, 38.628, 38.105, 37.885, 40.168, 42.967, 43.22, 42.828, 44.988, 48.183, 49.114, 48.899, 49.431, 49.982, 49.536, 48.756, 47.926, 47.594, 47.766, 47.631, 47.115, 46.663, 46.503, 46.394, 45.952, 45.51, 45.31, 44.99, 44.39, 43.375, 42.048, 41.08, 41.082, 41.939, 42.28, 42.17, 42.136, 42.091, 41.797, 40.986, 40.55, 40.692, 40.71, 40.007, 38.447, 37.529, 37.231, 36.875, 36.845, 37.413, 37.732, 37.499, 37.74, 38.575, 38.894, 38.566, 38.646, 38.743, 38.618, 38.283, 37.75, 37.426, 37.204, 36.82, 36.716, 36.85, 36.931, 37.02, 37.671, 38.135, 38.007, 38.033, 38.38, 38.565, 38.392, 38.479, 39.318, 39.77, 39.734, 39.773, 39.949, 40.253, 40.101, 39.148, 38.561, 38.953, 39.348, 39.558, 41.069, 44.034, 46.01, 46.796, 46.757, 46.047, 45.351, 44.948, 44.983, 45.465, 45.525, 45.054, 45.347, 46.509, 46.866, 47.178, 47.756, 47.415, 46.483, 46.159, 46.179, 44.97, 42.23, 40.396, 40.671, 41.104, 40.18, 38.788, 38.844, 39.438, 39.563, 39.503, 39.957, 40.472, 40.495, 40.302, 40.461, 40.983, 41.673, 42.306, 42.437, 42.35, 42.563, 42.387, 41.247, 40.283, 39.94, 39.613, 39.06, 38.644, 38.807, 39.167, 38.769, 37.748, 37.225, 37.496, 38.009, 38.119, 37.827, 37.571, 37.815, 38.136, 38.187, 38.315, 38.747, 39.013, 38.876, 38.887, 39.413, 39.857, 29.188], [30.07, 28.627, 24.575, 19.384, 15.867, 14.254, 11.673, 6.867, 0.0, 8.113, 14.999, 19.0, 19.988, 20.772, 23.084, 25.693, 27.387, 28.219, 29.012, 30.406, 31.983, 33.221, 34.361, 36.254, 38.593, 39.129, 38.161, 38.006, 39.273, 40.929, 41.989, 42.126, 41.604, 41.132, 41.207, 41.465, 41.773, 42.287, 42.395, 42.109, 41.312, 40.303, 39.99, 40.386, 40.01, 38.894, 38.441, 38.383, 37.86, 37.59, 39.839, 42.678, 42.943, 42.517, 44.721, 48.005, 48.973, 48.756, 49.292, 49.848, 49.399, 48.607, 47.753, 47.403, 47.577, 47.447, 46.934, 46.479, 46.304, 46.178, 45.73, 45.288, 45.084, 44.759, 44.16, 43.143, 41.798, 40.794, 40.777, 41.65, 42.029, 41.962, 41.959, 41.925, 41.619, 40.795, 40.374, 40.541, 40.541, 39.759, 38.078, 37.093, 36.759, 36.392, 36.374, 36.949, 37.257, 37.022, 37.296, 38.178, 38.525, 38.206, 38.293, 38.423, 38.347, 38.034, 37.488, 37.166, 36.953, 36.575, 36.47, 36.615, 36.709, 36.785, 37.404, 37.841, 37.685, 37.706, 38.06, 38.237, 38.039, 38.108, 38.972, 39.45, 39.426, 39.466, 39.649, 39.962, 39.807, 38.826, 38.192, 38.579, 38.989, 39.197, 40.751, 43.829, 45.842, 46.631, 46.593, 45.862, 45.155, 44.764, 44.805, 45.29, 45.352, 44.865, 45.136, 46.304, 46.695, 47.041, 47.623, 47.266, 46.3, 45.956, 45.946, 44.654, 41.812, 39.93, 40.223, 40.658, 39.713, 38.329, 38.433, 39.063, 39.187, 39.081, 39.512, 40.048, 40.093, 39.905, 40.075, 40.625, 41.336, 41.975, 42.104, 42.014, 42.227, 42.047, 40.897, 39.937, 39.6, 39.281, 38.757, 38.319, 38.443, 38.802, 38.391, 37.339, 36.822, 37.12, 37.655, 37.753, 37.44, 37.18, 37.436, 37.772, 37.824, 37.954, 38.403, 38.689, 38.561, 38.582, 39.141, 39.615, 30.379], [31.541, 30.244, 26.858, 22.758, 20.039, 18.532, 16.415, 13.215, 8.113, 0.0, 9.127, 14.971, 16.48, 17.522, 20.682, 24.04, 25.999, 26.892, 27.822, 29.43, 31.163, 32.476, 33.699, 35.751, 38.193, 38.711, 37.739, 37.719, 39.142, 40.869, 41.95, 42.083, 41.536, 41.038, 41.146, 41.476, 41.794, 42.267, 42.361, 42.052, 41.23, 40.249, 39.985, 40.398, 39.989, 38.807, 38.314, 38.264, 37.722, 37.351, 39.494, 42.319, 42.584, 42.13, 44.372, 47.713, 48.711, 48.498, 49.04, 49.597, 49.151, 48.351, 47.46, 47.088, 47.28, 47.164, 46.645, 46.187, 46.013, 45.888, 45.446, 45.02, 44.826, 44.499, 43.907, 42.906, 41.548, 40.514, 40.461, 41.324, 41.754, 41.762, 41.765, 41.714, 41.4, 40.58, 40.177, 40.362, 40.362, 39.554, 37.83, 36.792, 36.37, 35.961, 35.97, 36.588, 36.897, 36.653, 36.964, 37.908, 38.306, 38.014, 38.117, 38.287, 38.245, 37.93, 37.349, 37.015, 36.808, 36.434, 36.336, 36.479, 36.574, 36.635, 37.208, 37.612, 37.428, 37.428, 37.781, 37.971, 37.757, 37.794, 38.67, 39.177, 39.172, 39.203, 39.375, 39.7, 39.55, 38.527, 37.829, 38.179, 38.593, 38.813, 40.407, 43.583, 45.646, 46.458, 46.419, 45.67, 44.968, 44.61, 44.65, 45.134, 45.217, 44.735, 44.982, 46.156, 46.594, 46.995, 47.586, 47.196, 46.176, 45.805, 45.77, 44.404, 41.454, 39.472, 39.777, 40.263, 39.324, 37.951, 38.117, 38.832, 38.996, 38.856, 39.262, 39.808, 39.861, 39.663, 39.823, 40.368, 41.079, 41.728, 41.85, 41.743, 41.952, 41.768, 40.588, 39.59, 39.231, 38.926, 38.444, 37.985, 38.04, 38.369, 37.951, 36.89, 36.371, 36.663, 37.187, 37.271, 36.955, 36.708, 36.983, 37.334, 37.376, 37.495, 37.957, 38.254, 38.114, 38.128, 38.724, 39.249, 31.856], [33.071, 31.948, 29.271, 26.107, 24.053, 22.894, 20.913, 18.271, 14.999, 9.127, 0.0, 7.388, 10.197, 12.074, 16.152, 20.272, 22.543, 23.685, 25.114, 27.203, 29.2, 30.659, 32.093, 34.409, 36.985, 37.486, 36.559, 36.753, 38.431, 40.32, 41.456, 41.592, 41.109, 40.678, 40.784, 41.178, 41.646, 42.201, 42.306, 41.998, 41.201, 40.275, 40.053, 40.469, 40.056, 38.886, 38.409, 38.371, 37.798, 37.43, 39.545, 42.327, 42.575, 42.099, 44.335, 47.686, 48.703, 48.497, 49.045, 49.592, 49.126, 48.314, 47.435, 47.053, 47.189, 47.021, 46.464, 45.991, 45.808, 45.682, 45.241, 44.808, 44.608, 44.287, 43.708, 42.723, 41.357, 40.303, 40.193, 41.011, 41.491, 41.574, 41.597, 41.525, 41.199, 40.382, 39.982, 40.162, 40.177, 39.439, 37.777, 36.681, 36.199, 35.761, 35.745, 36.355, 36.676, 36.433, 36.747, 37.696, 38.103, 37.825, 37.949, 38.189, 38.261, 37.958, 37.353, 37.081, 36.925, 36.542, 36.425, 36.555, 36.637, 36.703, 37.254, 37.625, 37.423, 37.399, 37.741, 37.958, 37.757, 37.753, 38.612, 39.139, 39.121, 39.133, 39.305, 39.623, 39.468, 38.45, 37.735, 38.049, 38.459, 38.681, 40.259, 43.466, 45.559, 46.398, 46.369, 45.614, 44.907, 44.538, 44.541, 45.007, 45.105, 44.622, 44.829, 45.978, 46.412, 46.831, 47.467, 47.091, 46.035, 45.624, 45.561, 44.146, 41.142, 39.091, 39.366, 39.902, 39.012, 37.645, 37.831, 38.582, 38.79, 38.672, 39.094, 39.663, 39.75, 39.575, 39.739, 40.287, 41.03, 41.718, 41.845, 41.725, 41.937, 41.769, 40.583, 39.533, 39.132, 38.84, 38.384, 37.921, 37.951, 38.272, 37.874, 36.858, 36.36, 36.65, 37.188, 37.307, 37.001, 36.746, 37.019, 37.374, 37.411, 37.519, 37.974, 38.274, 38.147, 38.174, 38.784, 39.323, 33.346], [34.19, 33.166, 30.886, 28.259, 26.58, 25.704, 23.94, 21.44, 19.0, 14.971, 7.388, 0.0, 4.405, 8.225, 13.208, 17.555, 19.863, 21.208, 23.14, 25.607, 27.773, 29.31, 30.864, 33.328, 35.983, 36.498, 35.651, 36.017, 37.867, 39.866, 41.037, 41.176, 40.78, 40.472, 40.576, 40.965, 41.563, 42.23, 42.355, 42.075, 41.345, 40.477, 40.267, 40.669, 40.271, 39.171, 38.75, 38.721, 38.146, 37.83, 39.929, 42.69, 42.956, 42.492, 44.671, 47.968, 48.971, 48.766, 49.309, 49.839, 49.344, 48.524, 47.691, 47.322, 47.371, 47.115, 46.52, 46.037, 45.84, 45.702, 45.258, 44.808, 44.59, 44.279, 43.72, 42.75, 41.391, 40.346, 40.215, 40.992, 41.483, 41.584, 41.651, 41.579, 41.227, 40.406, 40.0, 40.162, 40.184, 39.525, 37.982, 36.904, 36.447, 36.025, 35.958, 36.527, 36.856, 36.625, 36.915, 37.806, 38.167, 37.896, 38.039, 38.32, 38.491, 38.209, 37.602, 37.384, 37.287, 36.928, 36.8, 36.924, 36.99, 37.066, 37.621, 37.973, 37.761, 37.731, 38.061, 38.281, 38.102, 38.084, 38.912, 39.429, 39.382, 39.395, 39.582, 39.88, 39.727, 38.781, 38.111, 38.387, 38.759, 38.969, 40.474, 43.586, 45.647, 46.476, 46.462, 45.716, 44.989, 44.584, 44.552, 44.985, 45.067, 44.571, 44.744, 45.846, 46.231, 46.608, 47.261, 46.923, 45.875, 45.436, 45.338, 43.914, 40.967, 39.005, 39.286, 39.816, 38.978, 37.679, 37.893, 38.623, 38.821, 38.708, 39.142, 39.74, 39.866, 39.731, 39.914, 40.472, 41.242, 41.96, 42.099, 41.983, 42.198, 42.045, 40.897, 39.871, 39.469, 39.184, 38.738, 38.292, 38.328, 38.659, 38.289, 37.331, 36.869, 37.164, 37.727, 37.894, 37.604, 37.324, 37.572, 37.918, 37.957, 38.054, 38.483, 38.775, 38.671, 38.715, 39.313, 39.835, 34.423], [34.395, 33.379, 31.206, 28.783, 27.259, 26.453, 24.779, 22.344, 19.988, 16.48, 10.197, 4.405, 0.0, 5.381, 11.734, 16.593, 18.947, 20.231, 22.223, 24.81, 27.075, 28.659, 30.242, 32.776, 35.524, 36.07, 35.218, 35.623, 37.542, 39.594, 40.784, 40.928, 40.545, 40.268, 40.393, 40.777, 41.378, 42.07, 42.204, 41.921, 41.183, 40.301, 40.086, 40.491, 40.082, 38.97, 38.562, 38.531, 37.949, 37.643, 39.8, 42.636, 42.945, 42.509, 44.732, 48.072, 49.088, 48.888, 49.435, 49.963, 49.455, 48.62, 47.785, 47.405, 47.421, 47.134, 46.52, 46.032, 45.829, 45.682, 45.227, 44.759, 44.527, 44.215, 43.651, 42.655, 41.253, 40.174, 40.047, 40.836, 41.327, 41.424, 41.514, 41.454, 41.088, 40.246, 39.826, 39.989, 40.001, 39.315, 37.745, 36.683, 36.248, 35.829, 35.739, 36.298, 36.631, 36.398, 36.708, 37.634, 37.992, 37.709, 37.865, 38.173, 38.363, 38.063, 37.42, 37.2, 37.123, 36.761, 36.603, 36.719, 36.783, 36.881, 37.487, 37.861, 37.642, 37.619, 37.966, 38.189, 38.002, 37.984, 38.822, 39.344, 39.284, 39.298, 39.498, 39.801, 39.653, 38.726, 38.073, 38.35, 38.71, 38.919, 40.44, 43.573, 45.654, 46.493, 46.49, 45.737, 44.987, 44.567, 44.53, 44.959, 45.034, 44.519, 44.677, 45.79, 46.183, 46.548, 47.189, 46.854, 45.807, 45.351, 45.226, 43.772, 40.81, 38.83, 39.109, 39.636, 38.789, 37.491, 37.725, 38.469, 38.661, 38.531, 38.979, 39.614, 39.763, 39.634, 39.828, 40.421, 41.238, 41.986, 42.131, 42.012, 42.227, 42.077, 40.933, 39.909, 39.5, 39.209, 38.764, 38.312, 38.345, 38.694, 38.325, 37.348, 36.882, 37.194, 37.78, 37.961, 37.662, 37.363, 37.603, 37.958, 38.004, 38.099, 38.532, 38.832, 38.729, 38.77, 39.372, 39.907, 34.626], [34.372, 33.343, 31.265, 29.052, 27.708, 26.964, 25.314, 22.976, 20.772, 17.522, 12.074, 8.225, 5.381, 0.0, 7.58, 13.642, 16.565, 17.917, 20.071, 23.051, 25.595, 27.287, 28.954, 31.681, 34.635, 35.242, 34.363, 34.798, 36.812, 38.976, 40.224, 40.377, 40.01, 39.767, 39.917, 40.34, 41.006, 41.752, 41.903, 41.611, 40.843, 39.919, 39.693, 40.122, 39.697, 38.525, 38.095, 38.054, 37.437, 37.088, 39.325, 42.259, 42.598, 42.191, 44.588, 48.085, 49.125, 48.919, 49.476, 50.006, 49.476, 48.616, 47.744, 47.322, 47.324, 47.057, 46.444, 45.935, 45.725, 45.583, 45.119, 44.628, 44.377, 44.051, 43.47, 42.449, 41.001, 39.862, 39.735, 40.563, 41.051, 41.142, 41.253, 41.202, 40.826, 39.954, 39.511, 39.684, 39.701, 38.96, 37.268, 36.137, 35.663, 35.212, 35.11, 35.697, 36.043, 35.795, 36.162, 37.179, 37.549, 37.231, 37.384, 37.717, 37.925, 37.612, 36.911, 36.67, 36.604, 36.223, 36.021, 36.134, 36.213, 36.344, 37.016, 37.423, 37.189, 37.162, 37.533, 37.772, 37.551, 37.493, 38.352, 38.902, 38.828, 38.83, 39.043, 39.374, 39.232, 38.281, 37.617, 37.93, 38.312, 38.534, 40.145, 43.411, 45.556, 46.422, 46.423, 45.652, 44.888, 44.462, 44.436, 44.885, 44.958, 44.422, 44.577, 45.726, 46.135, 46.494, 47.123, 46.775, 45.703, 45.23, 45.094, 43.576, 40.485, 38.394, 38.658, 39.202, 38.322, 36.98, 37.23, 38.033, 38.265, 38.139, 38.623, 39.315, 39.486, 39.345, 39.552, 40.205, 41.105, 41.913, 42.077, 41.954, 42.172, 42.027, 40.863, 39.794, 39.353, 39.049, 38.582, 38.074, 38.084, 38.447, 38.06, 37.033, 36.547, 36.88, 37.498, 37.677, 37.343, 37.017, 37.262, 37.636, 37.694, 37.805, 38.272, 38.598, 38.501, 38.544, 39.174, 39.725, 34.625], [34.88, 33.863, 31.943, 30.041, 28.976, 28.412, 26.901, 24.776, 23.084, 20.682, 16.152, 13.208, 11.734, 7.58, 0.0, 7.205, 11.325, 13.409, 16.302, 20.138, 23.226, 25.096, 26.897, 29.911, 33.114, 33.819, 33.002, 33.526, 35.654, 37.96, 39.286, 39.458, 39.172, 39.044, 39.204, 39.679, 40.566, 41.47, 41.654, 41.385, 40.67, 39.771, 39.54, 39.973, 39.568, 38.414, 37.997, 37.95, 37.295, 36.91, 39.16, 42.116, 42.452, 42.052, 44.6, 48.23, 49.265, 49.036, 49.593, 50.12, 49.562, 48.674, 47.788, 47.354, 47.353, 47.12, 46.516, 45.982, 45.769, 45.643, 45.175, 44.66, 44.39, 44.056, 43.472, 42.469, 41.024, 39.858, 39.747, 40.605, 41.062, 41.116, 41.258, 41.209, 40.812, 39.927, 39.466, 39.636, 39.674, 38.945, 37.188, 35.935, 35.401, 34.928, 34.794, 35.391, 35.758, 35.5, 35.862, 36.884, 37.247, 36.913, 37.038, 37.367, 37.613, 37.32, 36.601, 36.35, 36.304, 35.948, 35.74, 35.868, 35.959, 36.106, 36.819, 37.25, 37.009, 36.961, 37.321, 37.565, 37.314, 37.178, 38.0, 38.56, 38.476, 38.473, 38.704, 39.064, 38.947, 38.012, 37.363, 37.726, 38.141, 38.377, 40.024, 43.333, 45.485, 46.349, 46.346, 45.563, 44.782, 44.339, 44.321, 44.78, 44.822, 44.264, 44.427, 45.58, 45.946, 46.26, 46.879, 46.528, 45.443, 44.966, 44.83, 43.261, 40.063, 37.967, 38.262, 38.815, 37.95, 36.645, 36.932, 37.768, 38.039, 37.941, 38.456, 39.207, 39.414, 39.276, 39.506, 40.229, 41.214, 42.071, 42.258, 42.147, 42.372, 42.24, 41.077, 39.98, 39.52, 39.206, 38.704, 38.14, 38.128, 38.479, 38.073, 37.031, 36.533, 36.863, 37.498, 37.668, 37.284, 36.924, 37.158, 37.529, 37.602, 37.735, 38.218, 38.557, 38.471, 38.525, 39.172, 39.7, 35.139], [35.928, 34.945, 33.138, 31.445, 30.585, 30.198, 28.862, 26.949, 25.693, 24.04, 20.272, 17.555, 16.593, 13.642, 7.205, 0.0, 5.374, 9.276, 13.644, 18.173, 21.642, 23.685, 25.587, 28.742, 32.012, 32.8, 32.164, 32.808, 34.951, 37.285, 38.623, 38.809, 38.624, 38.617, 38.778, 39.289, 40.378, 41.435, 41.655, 41.427, 40.833, 40.059, 39.86, 40.255, 39.875, 38.83, 38.494, 38.458, 37.808, 37.477, 39.685, 42.549, 42.861, 42.478, 45.004, 48.594, 49.596, 49.357, 49.898, 50.407, 49.842, 48.949, 48.081, 47.661, 47.649, 47.42, 46.83, 46.297, 46.088, 45.972, 45.51, 44.987, 44.71, 44.384, 43.824, 42.869, 41.466, 40.325, 40.236, 41.081, 41.476, 41.477, 41.645, 41.603, 41.199, 40.352, 39.92, 40.085, 40.143, 39.505, 37.852, 36.598, 36.067, 35.619, 35.447, 35.984, 36.342, 36.1, 36.386, 37.282, 37.615, 37.304, 37.391, 37.679, 37.962, 37.719, 37.046, 36.783, 36.732, 36.418, 36.245, 36.392, 36.467, 36.587, 37.277, 37.705, 37.487, 37.437, 37.755, 37.977, 37.733, 37.563, 38.289, 38.801, 38.725, 38.748, 38.984, 39.342, 39.253, 38.394, 37.825, 38.22, 38.633, 38.872, 40.433, 43.592, 45.663, 46.488, 46.472, 45.699, 44.922, 44.466, 44.442, 44.879, 44.877, 44.306, 44.474, 45.582, 45.871, 46.121, 46.72, 46.379, 45.321, 44.859, 44.712, 43.138, 39.984, 38.062, 38.419, 38.943, 38.142, 36.986, 37.329, 38.138, 38.406, 38.332, 38.838, 39.609, 39.855, 39.744, 39.989, 40.731, 41.727, 42.582, 42.779, 42.686, 42.915, 42.788, 41.662, 40.596, 40.144, 39.832, 39.329, 38.768, 38.738, 39.052, 38.649, 37.644, 37.142, 37.429, 38.041, 38.195, 37.775, 37.389, 37.596, 37.934, 38.011, 38.152, 38.619, 38.945, 38.869, 38.935, 39.557, 40.029, 36.166], [36.832, 35.883, 34.155, 32.556, 31.777, 31.478, 30.252, 28.469, 27.387, 25.999, 22.543, 19.863, 18.947, 16.565, 11.325, 5.374, 0.0, 5.702, 12.046, 17.31, 20.934, 23.026, 25.016, 28.266, 31.535, 32.381, 31.909, 32.653, 34.777, 37.083, 38.403, 38.592, 38.466, 38.536, 38.712, 39.236, 40.405, 41.54, 41.791, 41.582, 41.052, 40.375, 40.222, 40.593, 40.219, 39.247, 38.98, 38.962, 38.328, 38.063, 40.245, 43.025, 43.318, 42.961, 45.433, 48.944, 49.924, 49.692, 50.22, 50.709, 50.142, 49.257, 48.411, 47.995, 47.954, 47.715, 47.137, 46.613, 46.407, 46.297, 45.848, 45.332, 45.053, 44.734, 44.197, 43.272, 41.891, 40.778, 40.701, 41.512, 41.861, 41.842, 42.014, 41.962, 41.554, 40.744, 40.343, 40.502, 40.566, 40.001, 38.462, 37.262, 36.775, 36.367, 36.177, 36.659, 37.01, 36.79, 37.021, 37.818, 38.137, 37.847, 37.902, 38.158, 38.475, 38.269, 37.63, 37.368, 37.3, 36.986, 36.828, 36.984, 37.04, 37.134, 37.788, 38.195, 37.992, 37.948, 38.237, 38.44, 38.219, 38.053, 38.717, 39.193, 39.131, 39.17, 39.406, 39.759, 39.679, 38.875, 38.382, 38.788, 39.195, 39.429, 40.885, 43.891, 45.887, 46.686, 46.668, 45.907, 45.136, 44.675, 44.644, 45.059, 45.04, 44.472, 44.627, 45.689, 45.944, 46.17, 46.763, 46.436, 45.399, 44.937, 44.769, 43.209, 40.147, 38.342, 38.696, 39.187, 38.425, 37.363, 37.762, 38.575, 38.847, 38.777, 39.275, 40.062, 40.338, 40.25, 40.503, 41.235, 42.21, 43.053, 43.255, 43.171, 43.4, 43.273, 42.174, 41.135, 40.695, 40.4, 39.914, 39.37, 39.33, 39.626, 39.24, 38.28, 37.789, 38.053, 38.641, 38.8, 38.382, 37.988, 38.169, 38.482, 38.559, 38.703, 39.154, 39.469, 39.407, 39.486, 40.083, 40.505, 37.06], [37.078, 36.152, 34.544, 33.077, 32.389, 32.148, 31.002, 29.288, 28.219, 26.892, 23.685, 21.208, 20.231, 17.917, 13.409, 9.276, 5.702, 0.0, 8.032, 14.913, 19.269, 21.407, 23.431, 26.995, 30.533, 31.494, 31.099, 31.946, 34.184, 36.582, 37.93, 38.118, 38.005, 38.11, 38.315, 38.853, 40.054, 41.244, 41.523, 41.317, 40.777, 40.087, 39.933, 40.327, 39.962, 38.976, 38.704, 38.681, 38.037, 37.779, 39.994, 42.811, 43.13, 42.788, 45.307, 48.866, 49.861, 49.633, 50.17, 50.663, 50.087, 49.197, 48.361, 47.943, 47.891, 47.643, 47.06, 46.531, 46.319, 46.207, 45.753, 45.226, 44.941, 44.622, 44.08, 43.126, 41.673, 40.521, 40.459, 41.277, 41.608, 41.583, 41.75, 41.684, 41.262, 40.439, 40.032, 40.187, 40.24, 39.669, 38.109, 36.927, 36.498, 36.082, 35.859, 36.351, 36.733, 36.532, 36.787, 37.612, 37.945, 37.641, 37.68, 37.924, 38.232, 38.0, 37.334, 37.083, 37.037, 36.714, 36.528, 36.674, 36.732, 36.837, 37.509, 37.924, 37.711, 37.657, 37.95, 38.168, 37.953, 37.782, 38.464, 38.972, 38.904, 38.918, 39.156, 39.525, 39.439, 38.613, 38.115, 38.532, 38.954, 39.184, 40.63, 43.677, 45.729, 46.573, 46.574, 45.793, 45.001, 44.53, 44.497, 44.923, 44.921, 44.363, 44.528, 45.613, 45.891, 46.137, 46.745, 46.414, 45.347, 44.853, 44.663, 43.096, 40.04, 38.149, 38.462, 38.956, 38.176, 37.085, 37.52, 38.387, 38.671, 38.572, 39.091, 39.922, 40.219, 40.139, 40.407, 41.16, 42.147, 42.993, 43.194, 43.113, 43.344, 43.214, 42.097, 41.036, 40.595, 40.301, 39.786, 39.212, 39.182, 39.494, 39.106, 38.146, 37.673, 37.954, 38.561, 38.745, 38.331, 37.908, 38.064, 38.371, 38.463, 38.63, 39.099, 39.422, 39.364, 39.456, 40.074, 40.481, 37.325], [37.183, 36.259, 34.806, 33.563, 33.037, 32.887, 31.811, 30.112, 29.012, 27.822, 25.114, 23.14, 22.223, 20.071, 16.302, 13.644, 12.046, 8.032, 0.0, 8.71, 14.809, 17.526, 19.615, 23.709, 27.902, 29.148, 28.854, 29.924, 32.523, 35.216, 36.673, 36.86, 36.739, 36.878, 37.127, 37.726, 39.05, 40.385, 40.72, 40.529, 39.999, 39.299, 39.142, 39.578, 39.236, 38.222, 37.934, 37.899, 37.222, 36.934, 39.25, 42.191, 42.542, 42.176, 44.786, 48.47, 49.514, 49.284, 49.835, 50.341, 49.752, 48.844, 47.995, 47.589, 47.579, 47.342, 46.74, 46.197, 45.979, 45.853, 45.37, 44.82, 44.535, 44.215, 43.653, 42.658, 41.122, 39.915, 39.868, 40.731, 41.069, 41.016, 41.173, 41.111, 40.683, 39.821, 39.398, 39.573, 39.63, 38.993, 37.272, 36.02, 35.619, 35.143, 34.874, 35.423, 35.858, 35.668, 36.002, 36.953, 37.323, 36.984, 37.024, 37.289, 37.569, 37.255, 36.494, 36.247, 36.258, 35.929, 35.666, 35.775, 35.841, 35.965, 36.687, 37.133, 36.894, 36.819, 37.136, 37.386, 37.164, 36.995, 37.751, 38.33, 38.251, 38.221, 38.447, 38.843, 38.739, 37.82, 37.243, 37.666, 38.12, 38.368, 39.898, 43.146, 45.368, 46.304, 46.319, 45.487, 44.667, 44.198, 44.169, 44.615, 44.631, 44.082, 44.287, 45.458, 45.819, 46.127, 46.732, 46.362, 45.246, 44.719, 44.506, 42.918, 39.813, 37.727, 37.942, 38.443, 37.618, 36.393, 36.772, 37.665, 37.952, 37.805, 38.326, 39.18, 39.488, 39.412, 39.698, 40.482, 41.513, 42.39, 42.6, 42.517, 42.741, 42.603, 41.457, 40.372, 39.925, 39.598, 39.02, 38.419, 38.454, 38.828, 38.417, 37.41, 36.953, 37.295, 37.946, 38.147, 37.724, 37.272, 37.417, 37.736, 37.859, 38.074, 38.592, 38.944, 38.884, 38.977, 39.648, 40.095, 37.452], [37.893, 36.983, 35.66, 34.638, 34.264, 34.186, 33.167, 31.484, 30.406, 29.43, 27.203, 25.607, 24.81, 23.051, 20.138, 18.173, 17.31, 14.913, 8.71, 0.0, 7.651, 11.759, 14.505, 19.035, 23.833, 25.605, 25.789, 27.28, 30.317, 33.322, 34.889, 35.08, 35.021, 35.314, 35.685, 36.373, 37.847, 39.337, 39.764, 39.647, 39.238, 38.679, 38.592, 39.048, 38.782, 37.945, 37.807, 37.791, 37.097, 36.86, 39.175, 42.08, 42.392, 41.972, 44.529, 48.193, 49.254, 49.028, 49.574, 50.081, 49.499, 48.587, 47.734, 47.358, 47.37, 47.123, 46.512, 45.98, 45.766, 45.63, 45.141, 44.596, 44.328, 44.029, 43.474, 42.501, 41.035, 39.908, 39.893, 40.78, 41.147, 41.076, 41.243, 41.221, 40.817, 39.976, 39.576, 39.78, 39.838, 39.156, 37.367, 36.065, 35.637, 35.113, 34.779, 35.26, 35.671, 35.493, 35.838, 36.785, 37.141, 36.811, 36.873, 37.16, 37.457, 37.171, 36.412, 36.153, 36.181, 35.894, 35.614, 35.7, 35.763, 35.874, 36.601, 37.058, 36.815, 36.735, 37.05, 37.299, 37.113, 37.004, 37.763, 38.319, 38.26, 38.254, 38.464, 38.842, 38.722, 37.794, 37.218, 37.628, 38.083, 38.356, 39.887, 43.136, 45.397, 46.362, 46.376, 45.535, 44.717, 44.247, 44.201, 44.622, 44.629, 44.076, 44.25, 45.389, 45.763, 46.103, 46.71, 46.351, 45.269, 44.755, 44.526, 42.96, 39.936, 37.804, 37.868, 38.342, 37.536, 36.245, 36.489, 37.286, 37.543, 37.402, 37.906, 38.712, 39.021, 38.975, 39.271, 40.053, 41.105, 42.02, 42.253, 42.161, 42.358, 42.229, 41.12, 40.06, 39.608, 39.252, 38.658, 38.111, 38.237, 38.67, 38.273, 37.279, 36.867, 37.276, 37.944, 38.135, 37.728, 37.294, 37.437, 37.745, 37.879, 38.123, 38.67, 39.051, 39.017, 39.134, 39.829, 40.29, 38.157], [38.851, 37.995, 36.793, 35.926, 35.637, 35.574, 34.61, 32.993, 31.983, 31.163, 29.2, 27.773, 27.075, 25.595, 23.226, 21.642, 20.934, 19.269, 14.809, 7.651, 0.0, 5.617, 10.093, 15.275, 20.389, 22.734, 23.629, 25.52, 28.781, 31.911, 33.513, 33.709, 33.756, 34.258, 34.769, 35.514, 37.086, 38.687, 39.184, 39.141, 38.88, 38.526, 38.551, 38.995, 38.791, 38.225, 38.319, 38.349, 37.67, 37.528, 39.689, 42.402, 42.653, 42.199, 44.606, 48.158, 49.215, 48.999, 49.529, 50.028, 49.464, 48.573, 47.754, 47.404, 47.36, 47.045, 46.42, 45.911, 45.709, 45.568, 45.088, 44.562, 44.313, 44.047, 43.526, 42.606, 41.278, 40.305, 40.326, 41.187, 41.568, 41.5, 41.678, 41.691, 41.319, 40.528, 40.171, 40.383, 40.417, 39.738, 38.043, 36.798, 36.379, 35.882, 35.506, 35.84, 36.175, 36.013, 36.288, 37.076, 37.372, 37.098, 37.17, 37.437, 37.789, 37.613, 36.961, 36.735, 36.741, 36.512, 36.305, 36.412, 36.472, 36.571, 37.268, 37.704, 37.478, 37.404, 37.686, 37.894, 37.757, 37.733, 38.437, 38.894, 38.848, 38.9, 39.097, 39.415, 39.287, 38.446, 37.948, 38.331, 38.752, 39.007, 40.394, 43.44, 45.623, 46.576, 46.597, 45.788, 44.985, 44.491, 44.405, 44.786, 44.799, 44.257, 44.323, 45.302, 45.636, 46.001, 46.632, 46.327, 45.318, 44.834, 44.593, 43.079, 40.224, 38.186, 38.159, 38.587, 37.867, 36.683, 36.934, 37.662, 37.858, 37.741, 38.251, 39.013, 39.328, 39.324, 39.628, 40.383, 41.413, 42.32, 42.563, 42.467, 42.644, 42.535, 41.484, 40.453, 40.006, 39.647, 39.059, 38.558, 38.721, 39.165, 38.813, 37.908, 37.56, 37.993, 38.641, 38.822, 38.452, 38.045, 38.172, 38.445, 38.565, 38.803, 39.329, 39.707, 39.704, 39.846, 40.513, 40.924, 39.1], [39.431, 38.63, 37.554, 36.845, 36.641, 36.597, 35.707, 34.181, 33.221, 32.476, 30.659, 29.31, 28.659, 27.287, 25.096, 23.685, 23.026, 21.407, 17.526, 11.759, 5.617, 0.0, 6.021, 12.597, 18.248, 20.984, 22.383, 24.585, 28.019, 31.248, 32.873, 33.07, 33.163, 33.737, 34.284, 35.064, 36.728, 38.41, 38.932, 38.919, 38.739, 38.5, 38.591, 39.039, 38.851, 38.381, 38.57, 38.637, 37.971, 37.844, 39.934, 42.588, 42.821, 42.375, 44.76, 48.303, 49.367, 49.147, 49.674, 50.172, 49.605, 48.717, 47.922, 47.587, 47.506, 47.148, 46.503, 45.989, 45.788, 45.646, 45.167, 44.645, 44.409, 44.165, 43.662, 42.751, 41.454, 40.535, 40.577, 41.428, 41.801, 41.735, 41.915, 41.931, 41.554, 40.759, 40.395, 40.588, 40.599, 39.917, 38.277, 37.084, 36.678, 36.197, 35.839, 36.137, 36.452, 36.307, 36.548, 37.247, 37.501, 37.253, 37.318, 37.565, 37.952, 37.811, 37.203, 37.034, 37.055, 36.845, 36.681, 36.817, 36.88, 36.99, 37.694, 38.118, 37.89, 37.825, 38.103, 38.289, 38.161, 38.173, 38.863, 39.277, 39.203, 39.261, 39.45, 39.726, 39.594, 38.818, 38.369, 38.741, 39.138, 39.343, 40.645, 43.604, 45.747, 46.693, 46.726, 45.915, 45.08, 44.554, 44.447, 44.814, 44.845, 44.319, 44.333, 45.232, 45.545, 45.93, 46.585, 46.31, 45.324, 44.839, 44.576, 43.051, 40.224, 38.21, 38.172, 38.57, 37.886, 36.803, 37.174, 37.958, 38.14, 38.01, 38.542, 39.333, 39.682, 39.699, 40.004, 40.756, 41.775, 42.664, 42.903, 42.806, 42.972, 42.872, 41.843, 40.822, 40.392, 40.044, 39.45, 38.943, 39.105, 39.534, 39.185, 38.314, 37.983, 38.403, 39.032, 39.207, 38.841, 38.424, 38.524, 38.777, 38.9, 39.144, 39.666, 40.046, 40.06, 40.207, 40.846, 41.204, 39.676], [39.731, 38.96, 38.037, 37.564, 37.506, 37.52, 36.722, 35.287, 34.361, 33.699, 32.093, 30.864, 30.242, 28.954, 26.897, 25.587, 25.016, 23.431, 19.615, 14.505, 10.093, 6.021, 0.0, 7.917, 14.884, 18.285, 20.017, 22.594, 26.47, 30.01, 31.735, 31.936, 32.092, 32.749, 33.321, 34.16, 35.968, 37.761, 38.312, 38.323, 38.204, 38.042, 38.181, 38.654, 38.502, 38.077, 38.31, 38.388, 37.722, 37.633, 39.76, 42.429, 42.669, 42.273, 44.724, 48.322, 49.393, 49.16, 49.696, 50.201, 49.614, 48.702, 47.903, 47.572, 47.484, 47.119, 46.459, 45.93, 45.728, 45.594, 45.116, 44.598, 44.373, 44.142, 43.649, 42.742, 41.453, 40.552, 40.626, 41.504, 41.85, 41.731, 41.904, 41.929, 41.546, 40.738, 40.38, 40.585, 40.58, 39.857, 38.17, 36.967, 36.535, 36.013, 35.651, 35.95, 36.26, 36.123, 36.378, 37.084, 37.333, 37.081, 37.148, 37.427, 37.874, 37.739, 37.105, 36.978, 37.07, 36.883, 36.718, 36.869, 36.943, 37.06, 37.783, 38.206, 37.961, 37.902, 38.197, 38.378, 38.226, 38.218, 38.887, 39.274, 39.168, 39.212, 39.391, 39.643, 39.516, 38.777, 38.358, 38.738, 39.115, 39.27, 40.58, 43.588, 45.752, 46.709, 46.746, 45.909, 45.034, 44.494, 44.384, 44.746, 44.786, 44.271, 44.275, 45.159, 45.465, 45.849, 46.506, 46.232, 45.238, 44.739, 44.462, 42.89, 39.975, 37.885, 37.839, 38.24, 37.567, 36.528, 36.966, 37.805, 37.998, 37.832, 38.366, 39.22, 39.621, 39.643, 39.953, 40.748, 41.803, 42.684, 42.912, 42.812, 42.975, 42.88, 41.871, 40.871, 40.464, 40.123, 39.516, 38.994, 39.165, 39.591, 39.221, 38.338, 37.991, 38.393, 39.027, 39.206, 38.82, 38.373, 38.448, 38.699, 38.84, 39.099, 39.637, 40.042, 40.082, 40.237, 40.865, 41.193, 39.98], [40.69, 39.97, 39.203, 38.947, 39.019, 39.091, 38.397, 37.075, 36.254, 35.751, 34.409, 33.328, 32.776, 31.681, 29.911, 28.742, 28.266, 26.995, 23.709, 19.035, 15.275, 12.597, 7.917, 0.0, 8.499, 13.455, 16.195, 19.214, 23.523, 27.464, 29.353, 29.569, 29.963, 30.986, 31.704, 32.598, 34.624, 36.636, 37.288, 37.388, 37.434, 37.48, 37.738, 38.22, 38.177, 38.063, 38.523, 38.615, 37.97, 38.124, 40.224, 42.682, 42.89, 42.573, 44.914, 48.344, 49.37, 49.134, 49.667, 50.161, 49.569, 48.657, 47.893, 47.584, 47.444, 47.056, 46.417, 45.92, 45.734, 45.607, 45.156, 44.665, 44.449, 44.24, 43.792, 42.972, 41.812, 41.028, 41.147, 42.011, 42.33, 42.158, 42.354, 42.435, 42.091, 41.359, 41.102, 41.353, 41.317, 40.564, 38.938, 37.783, 37.329, 36.795, 36.4, 36.556, 36.759, 36.633, 36.853, 37.456, 37.678, 37.464, 37.558, 37.897, 38.446, 38.392, 37.8, 37.69, 37.842, 37.732, 37.593, 37.752, 37.83, 37.915, 38.576, 38.973, 38.746, 38.69, 38.963, 39.13, 38.991, 38.962, 39.526, 39.826, 39.731, 39.79, 39.928, 40.134, 40.031, 39.394, 39.049, 39.405, 39.731, 39.843, 41.056, 43.902, 45.995, 46.935, 46.979, 46.175, 45.341, 44.817, 44.682, 44.999, 45.042, 44.566, 44.518, 45.282, 45.547, 45.918, 46.552, 46.285, 45.337, 44.863, 44.588, 43.064, 40.284, 38.295, 38.196, 38.592, 38.048, 37.157, 37.577, 38.334, 38.486, 38.316, 38.823, 39.669, 40.1, 40.137, 40.443, 41.245, 42.28, 43.106, 43.308, 43.203, 43.349, 43.276, 42.355, 41.441, 41.073, 40.748, 40.148, 39.656, 39.854, 40.278, 39.945, 39.155, 38.841, 39.216, 39.849, 40.062, 39.714, 39.285, 39.333, 39.557, 39.701, 39.948, 40.453, 40.854, 40.922, 41.085, 41.658, 41.919, 40.93], [42.296, 41.667, 41.012, 40.861, 40.993, 41.105, 40.51, 39.301, 38.593, 38.193, 36.985, 35.983, 35.524, 34.635, 33.114, 32.012, 31.535, 30.533, 27.902, 23.833, 20.389, 18.248, 14.884, 8.499, 0.0, 7.335, 12.928, 17.073, 21.429, 25.391, 27.35, 27.583, 28.286, 29.771, 30.649, 31.541, 33.734, 35.958, 36.737, 36.944, 37.215, 37.567, 38.001, 38.464, 38.55, 38.917, 39.735, 39.883, 39.281, 39.749, 41.755, 43.841, 43.97, 43.711, 45.828, 48.908, 49.81, 49.575, 50.092, 50.548, 49.956, 49.075, 48.366, 48.048, 47.771, 47.329, 46.753, 46.314, 46.122, 45.983, 45.566, 45.106, 44.892, 44.709, 44.336, 43.64, 42.643, 41.992, 42.112, 42.915, 43.301, 43.254, 43.547, 43.681, 43.395, 42.786, 42.633, 42.893, 42.83, 42.117, 40.677, 39.637, 39.22, 38.787, 38.4, 38.361, 38.433, 38.339, 38.468, 38.824, 38.949, 38.799, 38.938, 39.315, 39.921, 39.944, 39.459, 39.361, 39.527, 39.457, 39.359, 39.529, 39.589, 39.63, 40.18, 40.516, 40.337, 40.302, 40.532, 40.692, 40.622, 40.597, 41.029, 41.24, 41.21, 41.314, 41.39, 41.525, 41.446, 40.939, 40.676, 40.974, 41.247, 41.322, 42.261, 44.647, 46.526, 47.412, 47.469, 46.759, 46.033, 45.559, 45.399, 45.641, 45.671, 45.258, 45.147, 45.745, 45.972, 46.311, 46.868, 46.594, 45.737, 45.318, 45.049, 43.687, 41.322, 39.663, 39.521, 39.884, 39.565