[[0.0, 3.745, 9.48, 14.673, 18.135, 20.7, 23.293, 26.011, 28.114, 29.126, 29.238, 29.929, 32.232, 34.139, 34.188, 34.326, 35.267, 35.712, 35.994, 36.969, 37.665, 37.818, 38.605, 39.551, 39.351, 38.66, 38.465, 38.682, 38.699, 38.265, 37.644, 37.462, 37.5, 37.254, 36.462, 35.773, 35.719, 35.73, 35.432, 34.886, 34.793, 34.825, 34.543, 34.101, 33.851, 33.696, 33.424, 33.069, 32.934, 32.954, 33.035, 32.993, 32.985, 32.791, 32.577, 32.74, 33.114, 33.359, 33.431, 33.559, 33.709, 34.024, 34.456, 34.536, 34.491, 34.843, 34.899, 34.453, 34.133, 34.213, 34.306, 34.307, 34.645, 34.931, 34.791, 34.798, 35.017, 35.026, 34.816, 34.691, 34.348, 33.806, 33.475, 33.431, 33.39, 33.329, 33.451, 33.919, 34.283, 34.112, 33.47, 33.075, 33.214, 33.368, 33.31, 33.213, 33.509, 33.902, 33.957, 34.25, 34.709, 34.788, 34.778, 34.906, 34.757, 34.472, 34.559, 34.712, 34.917, 35.285, 35.712, 35.891, 35.787, 35.716, 35.894, 36.061, 35.966, 35.488, 34.776, 34.098, 33.692, 33.568, 33.53, 33.326, 33.036, 33.07, 33.061, 32.894, 33.084, 33.192, 33.119, 33.166, 33.265, 33.154, 32.904, 32.82, 32.841, 32.812, 32.741, 32.738, 32.695, 32.612, 32.709, 32.694, 32.739, 32.956, 33.177, 33.357, 33.61, 33.779, 34.399, 35.651, 36.312, 36.204, 35.963, 35.797, 36.014, 36.244, 36.018, 35.82, 35.804, 35.761, 35.699, 37.256, 40.849, 43.207, 43.435, 42.91, 42.289, 41.733, 41.271, 41.209, 40.981, 39.974, 39.187, 39.177, 39.442, 39.382, 39.079, 39.179, 39.3, 38.842, 38.45, 38.029, 37.171, 36.182, 35.477, 35.281, 35.33, 34.95, 33.963, 33.438, 33.671, 34.054, 34.26, 34.277, 34.272, 34.216, 34.061, 34.009, 34.079, 34.153, 34.314, 34.39, 34.271, 34.05, 34.016, 34.145, 33.975, 33.618, 33.634, 34.111, 34.336, 34.386, 34.451, 34.495, 34.784, 35.19, 35.137, 34.785, 34.745, 35.184, 35.64, 35.787, 35.536, 34.614, 34.063, 34.59, 34.668, 3.561], [3.745, 0.0, 6.709, 12.731, 16.652, 19.353, 21.975, 24.807, 27.061, 28.144, 28.281, 29.084, 31.567, 33.58, 33.649, 33.801, 34.772, 35.223, 35.491, 36.482, 37.207, 37.386, 38.207, 39.182, 38.99, 38.299, 38.103, 38.331, 38.374, 37.957, 37.323, 37.128, 37.164, 36.915, 36.111, 35.415, 35.375, 35.399, 35.101, 34.542, 34.449, 34.482, 34.196, 33.754, 33.514, 33.349, 33.056, 32.692, 32.56, 32.585, 32.674, 32.636, 32.638, 32.443, 32.223, 32.399, 32.789, 33.048, 33.137, 33.273, 33.426, 33.752, 34.196, 34.278, 34.24, 34.608, 34.661, 34.201, 33.872, 33.952, 34.043, 34.04, 34.387, 34.683, 34.544, 34.55, 34.771, 34.779, 34.574, 34.446, 34.084, 33.522, 33.191, 33.149, 33.101, 33.038, 33.159, 33.624, 33.987, 33.808, 33.131, 32.701, 32.839, 33.002, 32.933, 32.822, 33.134, 33.552, 33.613, 33.923, 34.41, 34.505, 34.504, 34.636, 34.484, 34.196, 34.28, 34.428, 34.629, 34.996, 35.436, 35.626, 35.518, 35.45, 35.637, 35.81, 35.713, 35.226, 34.498, 33.784, 33.338, 33.203, 33.172, 32.967, 32.66, 32.693, 32.701, 32.535, 32.734, 32.853, 32.779, 32.825, 32.932, 32.827, 32.576, 32.496, 32.52, 32.489, 32.415, 32.408, 32.358, 32.277, 32.386, 32.371, 32.415, 32.645, 32.885, 33.077, 33.336, 33.504, 34.129, 35.4, 36.074, 35.957, 35.701, 35.532, 35.749, 35.977, 35.742, 35.542, 35.53, 35.487, 35.433, 37.029, 40.676, 43.066, 43.299, 42.768, 42.138, 41.576, 41.113, 41.052, 40.818, 39.793, 38.996, 39.0, 39.287, 39.229, 38.917, 39.02, 39.144, 38.676, 38.275, 37.843, 36.969, 35.954, 35.221, 35.013, 35.062, 34.669, 33.657, 33.117, 33.344, 33.73, 33.94, 33.953, 33.944, 33.886, 33.73, 33.683, 33.759, 33.838, 34.002, 34.085, 33.972, 33.743, 33.699, 33.832, 33.669, 33.31, 33.338, 33.841, 34.072, 34.119, 34.188, 34.242, 34.544, 34.964, 34.907, 34.538, 34.49, 34.94, 35.408, 35.555, 35.287, 34.328, 33.74, 34.268, 34.343, 5.534], [9.48, 6.709, 0.0, 7.265, 12.822, 16.636, 19.604, 22.49, 24.882, 26.102, 26.353, 27.387, 30.171, 32.405, 32.594, 32.811, 33.809, 34.241, 34.514, 35.603, 36.438, 36.69, 37.575, 38.594, 38.429, 37.787, 37.619, 37.84, 37.925, 37.617, 37.063, 36.893, 36.932, 36.698, 35.92, 35.245, 35.214, 35.25, 34.966, 34.421, 34.345, 34.388, 34.099, 33.679, 33.486, 33.338, 33.04, 32.679, 32.567, 32.607, 32.677, 32.608, 32.608, 32.432, 32.218, 32.356, 32.726, 33.001, 33.111, 33.244, 33.38, 33.708, 34.161, 34.249, 34.226, 34.598, 34.633, 34.159, 33.839, 33.927, 33.995, 33.963, 34.311, 34.631, 34.505, 34.514, 34.73, 34.742, 34.549, 34.419, 34.051, 33.508, 33.196, 33.151, 33.101, 33.029, 33.137, 33.592, 33.955, 33.783, 33.097, 32.642, 32.776, 32.946, 32.873, 32.756, 33.085, 33.526, 33.597, 33.913, 34.41, 34.526, 34.548, 34.685, 34.529, 34.247, 34.328, 34.464, 34.65, 35.012, 35.465, 35.673, 35.576, 35.513, 35.689, 35.84, 35.731, 35.241, 34.505, 33.757, 33.263, 33.104, 33.075, 32.882, 32.58, 32.616, 32.65, 32.511, 32.725, 32.857, 32.785, 32.814, 32.917, 32.836, 32.609, 32.538, 32.564, 32.533, 32.449, 32.427, 32.373, 32.312, 32.447, 32.444, 32.491, 32.726, 32.981, 33.185, 33.443, 33.608, 34.226, 35.482, 36.147, 36.017, 35.76, 35.6, 35.808, 36.024, 35.786, 35.584, 35.576, 35.538, 35.505, 37.098, 40.71, 43.076, 43.306, 42.788, 42.162, 41.594, 41.131, 41.069, 40.822, 39.766, 38.935, 38.921, 39.215, 39.166, 38.849, 38.929, 39.029, 38.554, 38.177, 37.787, 36.947, 35.954, 35.231, 35.018, 35.058, 34.674, 33.693, 33.176, 33.401, 33.777, 33.979, 33.986, 33.969, 33.902, 33.747, 33.72, 33.81, 33.881, 34.033, 34.123, 34.01, 33.763, 33.701, 33.839, 33.688, 33.342, 33.388, 33.905, 34.138, 34.171, 34.218, 34.262, 34.556, 34.965, 34.905, 34.542, 34.503, 34.955, 35.422, 35.57, 35.297, 34.316, 33.689, 34.177, 34.239, 10.313], [14.673, 12.731, 7.265, 0.0, 7.124, 12.701, 16.595, 19.578, 21.941, 23.257, 23.654, 24.888, 27.939, 30.453, 30.824, 31.164, 32.245, 32.703, 33.089, 34.4, 35.401, 35.745, 36.722, 37.812, 37.689, 37.134, 37.055, 37.302, 37.429, 37.229, 36.802, 36.692, 36.739, 36.51, 35.758, 35.101, 35.057, 35.075, 34.788, 34.253, 34.171, 34.222, 33.953, 33.545, 33.359, 33.221, 32.934, 32.59, 32.504, 32.559, 32.603, 32.492, 32.489, 32.337, 32.139, 32.294, 32.676, 32.958, 33.078, 33.209, 33.33, 33.653, 34.109, 34.198, 34.182, 34.558, 34.581, 34.088, 33.768, 33.863, 33.917, 33.874, 34.236, 34.572, 34.443, 34.443, 34.643, 34.631, 34.424, 34.288, 33.923, 33.381, 33.072, 33.052, 33.019, 32.957, 33.068, 33.531, 33.911, 33.751, 33.073, 32.605, 32.721, 32.891, 32.824, 32.674, 32.956, 33.393, 33.475, 33.793, 34.285, 34.41, 34.449, 34.584, 34.421, 34.169, 34.287, 34.421, 34.571, 34.899, 35.347, 35.551, 35.454, 35.389, 35.542, 35.678, 35.562, 35.057, 34.318, 33.595, 33.15, 33.028, 33.019, 32.85, 32.566, 32.61, 32.654, 32.536, 32.769, 32.905, 32.824, 32.839, 32.923, 32.84, 32.629, 32.569, 32.601, 32.576, 32.494, 32.471, 32.418, 32.353, 32.478, 32.479, 32.526, 32.757, 33.004, 33.19, 33.425, 33.584, 34.213, 35.455, 36.089, 35.95, 35.701, 35.545, 35.755, 35.977, 35.743, 35.538, 35.527, 35.494, 35.461, 37.012, 40.582, 42.929, 43.147, 42.627, 42.0, 41.425, 40.954, 40.882, 40.618, 39.527, 38.671, 38.668, 38.977, 38.94, 38.643, 38.718, 38.799, 38.321, 37.976, 37.636, 36.84, 35.874, 35.17, 34.956, 34.971, 34.577, 33.629, 33.138, 33.347, 33.703, 33.902, 33.911, 33.892, 33.816, 33.675, 33.697, 33.823, 33.878, 33.987, 34.047, 33.93, 33.657, 33.561, 33.69, 33.555, 33.248, 33.292, 33.802, 34.048, 34.075, 34.093, 34.126, 34.428, 34.825, 34.751, 34.405, 34.402, 34.867, 35.325, 35.465, 35.185, 34.18, 33.547, 34.041, 34.11, 15.39], [18.135, 16.652, 12.822, 7.124, 0.0, 6.95, 12.561, 16.527, 19.107, 20.419, 20.899, 22.326, 25.627, 28.365, 28.855, 29.366, 30.673, 31.302, 31.903, 33.425, 34.505, 34.883, 35.95, 37.129, 37.052, 36.568, 36.594, 36.92, 37.055, 36.838, 36.454, 36.404, 36.466, 36.217, 35.454, 34.798, 34.747, 34.733, 34.408, 33.838, 33.727, 33.781, 33.52, 33.071, 32.811, 32.62, 32.307, 31.953, 31.881, 31.951, 31.992, 31.863, 31.852, 31.69, 31.521, 31.827, 32.303, 32.592, 32.721, 32.878, 33.013, 33.345, 33.816, 33.915, 33.898, 34.286, 34.308, 33.792, 33.448, 33.535, 33.59, 33.565, 33.959, 34.308, 34.169, 34.158, 34.345, 34.288, 34.03, 33.876, 33.481, 32.853, 32.499, 32.517, 32.495, 32.449, 32.583, 33.079, 33.488, 33.331, 32.637, 32.159, 32.284, 32.469, 32.402, 32.202, 32.444, 32.891, 32.977, 33.297, 33.795, 33.926, 33.976, 34.118, 33.946, 33.733, 33.913, 34.051, 34.161, 34.451, 34.87, 35.037, 34.91, 34.827, 34.971, 35.124, 35.012, 34.464, 33.688, 33.017, 32.695, 32.665, 32.692, 32.515, 32.212, 32.268, 32.305, 32.153, 32.389, 32.527, 32.428, 32.44, 32.518, 32.413, 32.197, 32.152, 32.192, 32.165, 32.088, 32.085, 32.044, 31.958, 32.047, 32.029, 32.073, 32.32, 32.558, 32.706, 32.913, 33.067, 33.722, 34.996, 35.621, 35.474, 35.215, 35.043, 35.268, 35.504, 35.255, 35.033, 35.019, 34.984, 34.934, 36.505, 40.185, 42.609, 42.834, 42.281, 41.628, 41.032, 40.538, 40.453, 40.177, 39.059, 38.189, 38.233, 38.567, 38.528, 38.241, 38.345, 38.454, 37.995, 37.668, 37.327, 36.515, 35.516, 34.8, 34.587, 34.57, 34.117, 33.135, 32.64, 32.836, 33.193, 33.409, 33.425, 33.406, 33.329, 33.196, 33.256, 33.412, 33.456, 33.517, 33.531, 33.405, 33.104, 32.965, 33.06, 32.917, 32.648, 32.705, 33.235, 33.507, 33.553, 33.583, 33.654, 33.999, 34.405, 34.296, 33.927, 33.948, 34.438, 34.883, 34.995, 34.686, 33.623, 32.973, 33.526, 33.608, 18.894], [20.7, 19.353, 16.636, 12.701, 6.95, 0.0, 7.231, 13.196, 16.833, 18.255, 18.745, 20.586, 24.302, 27.175, 27.681, 28.337, 29.927, 30.841, 31.691, 33.312, 34.349, 34.691, 35.801, 37.028, 36.971, 36.502, 36.575, 36.956, 37.074, 36.784, 36.367, 36.332, 36.402, 36.139, 35.357, 34.689, 34.635, 34.601, 34.229, 33.6, 33.478, 33.552, 33.29, 32.766, 32.38, 32.087, 31.725, 31.357, 31.298, 31.393, 31.452, 31.316, 31.273, 31.076, 30.959, 31.452, 32.029, 32.315, 32.447, 32.629, 32.775, 33.106, 33.581, 33.687, 33.666, 34.056, 34.08, 33.565, 33.208, 33.283, 33.338, 33.32, 33.726, 34.083, 33.937, 33.924, 34.111, 34.02, 33.719, 33.556, 33.136, 32.432, 32.046, 32.08, 32.051, 32.017, 32.171, 32.68, 33.097, 32.935, 32.229, 31.766, 31.93, 32.141, 32.092, 31.892, 32.117, 32.551, 32.624, 32.935, 33.438, 33.572, 33.626, 33.783, 33.613, 33.427, 33.652, 33.812, 33.915, 34.161, 34.509, 34.612, 34.441, 34.332, 34.468, 34.648, 34.554, 33.974, 33.166, 32.561, 32.372, 32.435, 32.487, 32.28, 31.938, 32.008, 32.036, 31.828, 32.056, 32.199, 32.074, 32.075, 32.161, 32.051, 31.846, 31.826, 31.873, 31.831, 31.753, 31.769, 31.732, 31.608, 31.651, 31.595, 31.63, 31.893, 32.122, 32.233, 32.421, 32.572, 33.225, 34.511, 35.135, 34.979, 34.708, 34.524, 34.748, 34.981, 34.713, 34.48, 34.468, 34.42, 34.34, 35.944, 39.748, 42.257, 42.493, 41.914, 41.242, 40.635, 40.125, 40.041, 39.776, 38.651, 37.762, 37.833, 38.185, 38.143, 37.853, 37.978, 38.127, 37.711, 37.389, 37.004, 36.159, 35.148, 34.431, 34.212, 34.168, 33.683, 32.68, 32.2, 32.407, 32.772, 33.0, 33.017, 32.994, 32.922, 32.799, 32.869, 33.037, 33.087, 33.12, 33.1, 32.983, 32.702, 32.547, 32.593, 32.423, 32.178, 32.274, 32.833, 33.106, 33.169, 33.252, 33.365, 33.722, 34.132, 34.005, 33.601, 33.6, 34.089, 34.525, 34.608, 34.263, 33.16, 32.507, 33.101, 33.185, 21.465], [23.293, 21.975, 19.604, 16.595, 12.561, 7.231, 0.0, 7.872, 13.455, 15.553, 16.043, 18.573, 23.129, 26.31, 26.905, 27.694, 29.507, 30.665, 31.705, 33.386, 34.423, 34.779, 35.907, 37.129, 37.063, 36.585, 36.654, 37.038, 37.162, 36.896, 36.512, 36.478, 36.551, 36.323, 35.607, 34.984, 34.93, 34.871, 34.48, 33.855, 33.78, 33.899, 33.655, 33.109, 32.682, 32.36, 31.995, 31.64, 31.591, 31.686, 31.752, 31.623, 31.553, 31.361, 31.313, 31.847, 32.417, 32.674, 32.797, 32.967, 33.086, 33.384, 33.823, 33.926, 33.914, 34.297, 34.325, 33.845, 33.53, 33.629, 33.682, 33.648, 34.034, 34.373, 34.226, 34.212, 34.378, 34.261, 33.966, 33.824, 33.429, 32.763, 32.43, 32.464, 32.413, 32.373, 32.511, 32.972, 33.358, 33.197, 32.505, 32.066, 32.25, 32.473, 32.453, 32.298, 32.513, 32.914, 32.975, 33.251, 33.732, 33.876, 33.938, 34.101, 33.942, 33.767, 33.999, 34.174, 34.274, 34.472, 34.738, 34.786, 34.589, 34.467, 34.6, 34.797, 34.729, 34.169, 33.399, 32.878, 32.775, 32.88, 32.94, 32.713, 32.371, 32.474, 32.519, 32.286, 32.492, 32.629, 32.481, 32.461, 32.55, 32.465, 32.288, 32.293, 32.348, 32.305, 32.232, 32.247, 32.193, 32.035, 32.041, 31.958, 31.976, 32.225, 32.438, 32.537, 32.729, 32.868, 33.45, 34.646, 35.236, 35.076, 34.82, 34.644, 34.841, 35.051, 34.789, 34.564, 34.551, 34.485, 34.382, 35.926, 39.65, 42.131, 42.372, 41.811, 41.156, 40.554, 40.048, 39.974, 39.728, 38.61, 37.703, 37.769, 38.135, 38.108, 37.8, 37.895, 38.053, 37.682, 37.358, 36.954, 36.146, 35.215, 34.566, 34.346, 34.282, 33.823, 32.898, 32.493, 32.736, 33.093, 33.296, 33.3, 33.275, 33.216, 33.107, 33.18, 33.363, 33.439, 33.465, 33.445, 33.362, 33.124, 32.964, 32.979, 32.812, 32.607, 32.741, 33.281, 33.517, 33.582, 33.7, 33.806, 34.12, 34.509, 34.39, 33.989, 33.948, 34.388, 34.803, 34.876, 34.529, 33.45, 32.83, 33.406, 33.48, 23.982], [26.011, 24.807, 22.49, 19.578, 16.527, 13.196, 7.872, 0.0, 7.266, 10.695, 11.404, 14.465, 20.07, 23.902, 24.822, 25.847, 27.867, 29.207, 30.426, 32.309, 33.541, 34.044, 35.246, 36.479, 36.434, 36.015, 36.138, 36.549, 36.761, 36.683, 36.526, 36.6, 36.69, 36.518, 35.956, 35.457, 35.403, 35.312, 34.956, 34.438, 34.444, 34.594, 34.382, 33.899, 33.553, 33.303, 32.991, 32.684, 32.648, 32.711, 32.744, 32.608, 32.542, 32.403, 32.411, 32.878, 33.38, 33.611, 33.722, 33.86, 33.95, 34.226, 34.625, 34.722, 34.744, 35.127, 35.146, 34.706, 34.463, 34.602, 34.654, 34.603, 34.961, 35.269, 35.119, 35.105, 35.231, 35.086, 34.819, 34.701, 34.34, 33.76, 33.496, 33.516, 33.448, 33.396, 33.497, 33.895, 34.24, 34.077, 33.411, 32.982, 33.136, 33.332, 33.315, 33.172, 33.374, 33.772, 33.845, 34.077, 34.516, 34.674, 34.754, 34.914, 34.769, 34.609, 34.816, 34.966, 35.051, 35.23, 35.475, 35.534, 35.365, 35.267, 35.403, 35.601, 35.545, 35.031, 34.343, 33.882, 33.783, 33.865, 33.905, 33.687, 33.387, 33.509, 33.557, 33.316, 33.476, 33.581, 33.423, 33.389, 33.466, 33.401, 33.258, 33.276, 33.339, 33.323, 33.268, 33.264, 33.194, 33.025, 33.023, 32.949, 32.959, 33.19, 33.403, 33.519, 33.721, 33.841, 34.337, 35.404, 35.928, 35.765, 35.551, 35.406, 35.592, 35.804, 35.573, 35.363, 35.345, 35.28, 35.169, 36.537, 39.966, 42.308, 42.557, 42.048, 41.427, 40.845, 40.354, 40.279, 40.032, 38.922, 38.006, 38.071, 38.466, 38.472, 38.153, 38.205, 38.353, 38.027, 37.747, 37.41, 36.703, 35.893, 35.33, 35.102, 34.998, 34.568, 33.757, 33.433, 33.674, 33.984, 34.148, 34.141, 34.114, 34.052, 33.948, 34.042, 34.253, 34.344, 34.364, 34.35, 34.279, 34.059, 33.9, 33.902, 33.76, 33.613, 33.775, 34.261, 34.451, 34.508, 34.624, 34.706, 34.975, 35.33, 35.215, 34.843, 34.813, 35.215, 35.593, 35.667, 35.355, 34.335, 33.725, 34.221, 34.283, 26.547], [28.114, 27.061, 24.882, 21.941, 19.107, 16.833, 13.455, 7.266, 0.0, 4.719, 6.498, 9.95, 15.985, 20.391, 21.761, 23.115, 25.374, 26.883, 28.304, 30.481, 31.983, 32.663, 33.977, 35.264, 35.259, 34.93, 35.145, 35.613, 35.939, 36.089, 36.238, 36.502, 36.63, 36.485, 36.083, 35.751, 35.731, 35.627, 35.298, 34.856, 34.911, 35.08, 34.89, 34.465, 34.203, 34.033, 33.779, 33.507, 33.473, 33.511, 33.497, 33.34, 33.302, 33.217, 33.252, 33.698, 34.176, 34.402, 34.519, 34.659, 34.756, 35.045, 35.445, 35.538, 35.568, 35.939, 35.939, 35.506, 35.288, 35.435, 35.478, 35.422, 35.769, 36.059, 35.914, 35.907, 36.016, 35.859, 35.611, 35.5, 35.144, 34.606, 34.366, 34.364, 34.291, 34.244, 34.338, 34.725, 35.059, 34.883, 34.2, 33.734, 33.833, 34.007, 33.981, 33.788, 33.953, 34.378, 34.482, 34.693, 35.102, 35.269, 35.362, 35.521, 35.401, 35.277, 35.474, 35.592, 35.649, 35.822, 36.095, 36.199, 36.077, 36.007, 36.144, 36.335, 36.281, 35.785, 35.131, 34.697, 34.603, 34.661, 34.677, 34.472, 34.194, 34.281, 34.297, 34.04, 34.154, 34.214, 34.046, 34.017, 34.091, 34.035, 33.919, 33.942, 34.001, 33.997, 33.955, 33.943, 33.875, 33.714, 33.717, 33.667, 33.69, 33.923, 34.138, 34.263, 34.466, 34.578, 35.053, 36.087, 36.596, 36.436, 36.24, 36.114, 36.313, 36.547, 36.343, 36.149, 36.136, 36.077, 35.957, 37.217, 40.446, 42.678, 42.919, 42.434, 41.826, 41.257, 40.784, 40.705, 40.452, 39.349, 38.436, 38.508, 38.907, 38.923, 38.625, 38.679, 38.808, 38.487, 38.255, 37.999, 37.374, 36.645, 36.143, 35.906, 35.77, 35.347, 34.569, 34.231, 34.421, 34.688, 34.833, 34.823, 34.788, 34.71, 34.606, 34.726, 34.958, 35.06, 35.088, 35.067, 34.972, 34.743, 34.588, 34.585, 34.449, 34.327, 34.507, 34.968, 35.132, 35.179, 35.286, 35.352, 35.586, 35.916, 35.794, 35.435, 35.433, 35.83, 36.176, 36.243, 35.956, 34.964, 34.343, 34.79, 34.863, 28.527], [29.126, 28.144, 26.102, 23.257, 20.419, 18.255, 15.553, 10.695, 4.719, 0.0, 3.553, 8.529, 14.413, 18.641, 20.114, 21.678, 24.128, 25.787, 27.344, 29.64, 31.225, 31.959, 33.311, 34.622, 34.63, 34.324, 34.574, 35.072, 35.448, 35.714, 36.033, 36.42, 36.576, 36.433, 36.096, 35.864, 35.894, 35.801, 35.464, 35.018, 35.082, 35.264, 35.079, 34.657, 34.405, 34.251, 34.016, 33.756, 33.726, 33.753, 33.706, 33.536, 33.515, 33.447, 33.494, 33.951, 34.431, 34.661, 34.786, 34.937, 35.043, 35.349, 35.764, 35.859, 35.884, 36.25, 36.246, 35.805, 35.574, 35.71, 35.748, 35.692, 36.041, 36.334, 36.195, 36.192, 36.3, 36.146, 35.904, 35.793, 35.44, 34.914, 34.671, 34.653, 34.57, 34.529, 34.634, 35.027, 35.362, 35.177, 34.471, 33.98, 34.062, 34.234, 34.207, 33.985, 34.126, 34.564, 34.679, 34.893, 35.296, 35.457, 35.541, 35.701, 35.601, 35.508, 35.718, 35.838, 35.89, 36.065, 36.365, 36.487, 36.374, 36.308, 36.446, 36.623, 36.563, 36.07, 35.408, 34.965, 34.883, 34.949, 34.96, 34.76, 34.471, 34.527, 34.52, 34.254, 34.351, 34.393, 34.224, 34.202, 34.283, 34.239, 34.142, 34.174, 34.229, 34.222, 34.187, 34.184, 34.122, 33.966, 33.968, 33.922, 33.949, 34.183, 34.39, 34.506, 34.695, 34.796, 35.269, 36.319, 36.848, 36.695, 36.491, 36.361, 36.565, 36.807, 36.605, 36.415, 36.409, 36.343, 36.214, 37.476, 40.692, 42.914, 43.15, 42.665, 42.057, 41.492, 41.032, 40.953, 40.7, 39.604, 38.698, 38.763, 39.14, 39.145, 38.861, 38.916, 39.03, 38.701, 38.473, 38.233, 37.635, 36.937, 36.457, 36.219, 36.075, 35.658, 34.869, 34.491, 34.65, 34.902, 35.047, 35.038, 34.996, 34.91, 34.814, 34.95, 35.196, 35.314, 35.353, 35.329, 35.22, 34.985, 34.826, 34.817, 34.679, 34.559, 34.756, 35.217, 35.376, 35.415, 35.517, 35.581, 35.794, 36.116, 35.991, 35.624, 35.62, 36.014, 36.343, 36.399, 36.117, 35.137, 34.519, 34.96, 35.036, 29.496], [29.238, 28.281, 26.353, 23.654, 20.899, 18.745, 16.043, 11.404, 6.498, 3.553, 0.0, 6.487, 13.365, 17.849, 19.204, 20.738, 23.324, 25.104, 26.742, 29.093, 30.715, 31.477, 32.855, 34.176, 34.173, 33.85, 34.096, 34.606, 34.991, 35.258, 35.588, 35.992, 36.162, 36.025, 35.688, 35.468, 35.527, 35.46, 35.148, 34.703, 34.779, 34.976, 34.789, 34.358, 34.104, 33.949, 33.699, 33.421, 33.389, 33.408, 33.35, 33.179, 33.162, 33.083, 33.125, 33.6, 34.094, 34.326, 34.449, 34.596, 34.697, 35.004, 35.429, 35.532, 35.573, 35.96, 35.961, 35.506, 35.264, 35.4, 35.439, 35.383, 35.742, 36.038, 35.891, 35.887, 35.999, 35.848, 35.605, 35.49, 35.13, 34.595, 34.351, 34.329, 34.242, 34.206, 34.322, 34.731, 35.077, 34.883, 34.145, 33.624, 33.703, 33.889, 33.872, 33.654, 33.806, 34.262, 34.384, 34.607, 35.014, 35.164, 35.242, 35.406, 35.303, 35.212, 35.439, 35.584, 35.651, 35.834, 36.134, 36.242, 36.108, 36.036, 36.192, 36.388, 36.334, 35.834, 35.153, 34.693, 34.605, 34.672, 34.685, 34.483, 34.189, 34.24, 34.216, 33.931, 34.029, 34.083, 33.915, 33.895, 33.984, 33.94, 33.839, 33.869, 33.924, 33.916, 33.884, 33.889, 33.827, 33.668, 33.666, 33.606, 33.628, 33.871, 34.084, 34.198, 34.383, 34.483, 34.979, 36.07, 36.615, 36.452, 36.227, 36.081, 36.282, 36.528, 36.326, 36.133, 36.123, 36.055, 35.94, 37.274, 40.577, 42.835, 43.073, 42.579, 41.959, 41.387, 40.926, 40.853, 40.604, 39.505, 38.6, 38.663, 39.033, 39.038, 38.76, 38.818, 38.935, 38.605, 38.364, 38.098, 37.473, 36.747, 36.242, 35.994, 35.849, 35.419, 34.595, 34.187, 34.342, 34.602, 34.757, 34.75, 34.708, 34.626, 34.534, 34.669, 34.916, 35.038, 35.082, 35.055, 34.938, 34.689, 34.523, 34.517, 34.377, 34.236, 34.422, 34.891, 35.055, 35.093, 35.196, 35.276, 35.509, 35.846, 35.719, 35.343, 35.343, 35.744, 36.08, 36.141, 35.856, 34.852, 34.221, 34.686, 34.769, 29.599], [29.929, 29.084, 27.387, 24.888, 22.326, 20.586, 18.573, 14.465, 9.95, 8.529, 6.487, 0.0, 8.507, 14.456, 16.23, 17.744, 20.51, 22.551, 24.498, 27.201, 29.057, 29.946, 31.434, 32.83, 32.854, 32.581, 32.9, 33.463, 33.902, 34.242, 34.669, 35.141, 35.339, 35.224, 34.953, 34.799, 34.891, 34.887, 34.724, 34.375, 34.474, 34.686, 34.52, 34.122, 33.897, 33.74, 33.461, 33.165, 33.133, 33.147, 33.079, 32.884, 32.858, 32.788, 32.826, 33.337, 33.866, 34.111, 34.238, 34.387, 34.49, 34.799, 35.221, 35.321, 35.385, 35.803, 35.793, 35.322, 35.087, 35.233, 35.275, 35.225, 35.593, 35.885, 35.726, 35.725, 35.84, 35.679, 35.435, 35.312, 34.924, 34.36, 34.107, 34.086, 34.006, 33.979, 34.114, 34.558, 34.928, 34.724, 33.942, 33.359, 33.4, 33.595, 33.578, 33.329, 33.484, 33.99, 34.139, 34.367, 34.781, 34.938, 35.029, 35.2, 35.102, 35.025, 35.267, 35.403, 35.448, 35.62, 35.923, 36.029, 35.892, 35.823, 35.999, 36.218, 36.168, 35.655, 34.959, 34.489, 34.399, 34.463, 34.466, 34.258, 33.969, 34.016, 33.964, 33.636, 33.715, 33.769, 33.6, 33.581, 33.664, 33.601, 33.485, 33.512, 33.561, 33.548, 33.52, 33.541, 33.5, 33.348, 33.349, 33.292, 33.318, 33.577, 33.803, 33.925, 34.109, 34.217, 34.748, 35.884, 36.452, 36.291, 36.059, 35.911, 36.12, 36.385, 36.193, 36.001, 35.989, 35.921, 35.809, 37.189, 40.538, 42.801, 43.03, 42.529, 41.897, 41.314, 40.848, 40.78, 40.528, 39.422, 38.52, 38.602, 38.97, 38.967, 38.71, 38.807, 38.926, 38.567, 38.341, 38.1, 37.473, 36.736, 36.227, 35.971, 35.803, 35.329, 34.466, 34.037, 34.165, 34.417, 34.581, 34.581, 34.542, 34.458, 34.367, 34.502, 34.734, 34.843, 34.893, 34.856, 34.688, 34.383, 34.206, 34.201, 34.056, 33.895, 34.048, 34.517, 34.696, 34.748, 34.867, 34.985, 35.257, 35.605, 35.462, 35.086, 35.111, 35.527, 35.868, 35.935, 35.642, 34.591, 33.917, 34.402, 34.514, 30.257], [32.232, 31.567, 30.171, 27.939, 25.627, 24.302, 23.129, 20.07, 15.985, 14.413, 13.365, 8.507, 0.0, 7.464, 10.78, 12.969, 16.024, 18.54, 21.191, 24.552, 26.754, 27.78, 29.364, 30.858, 30.987, 30.901, 31.425, 32.066, 32.566, 33.132, 33.899, 34.593, 34.837, 34.76, 34.732, 34.893, 35.105, 35.152, 35.191, 35.034, 35.154, 35.392, 35.283, 34.952, 34.783, 34.643, 34.389, 34.156, 34.153, 34.142, 34.044, 33.842, 33.828, 33.782, 33.816, 34.277, 34.783, 35.033, 35.177, 35.35, 35.485, 35.79, 36.169, 36.25, 36.303, 36.678, 36.641, 36.193, 35.993, 36.147, 36.186, 36.14, 36.482, 36.756, 36.607, 36.601, 36.692, 36.512, 36.257, 36.129, 35.763, 35.246, 35.037, 35.032, 34.953, 34.923, 35.05, 35.478, 35.834, 35.65, 34.916, 34.331, 34.313, 34.488, 34.463, 34.165, 34.271, 34.775, 34.921, 35.117, 35.503, 35.686, 35.797, 35.964, 35.905, 35.902, 36.139, 36.225, 36.233, 36.384, 36.687, 36.801, 36.688, 36.635, 36.794, 36.979, 36.917, 36.434, 35.777, 35.328, 35.288, 35.377, 35.364, 35.154, 34.885, 34.927, 34.866, 34.561, 34.617, 34.635, 34.469, 34.452, 34.51, 34.432, 34.342, 34.392, 34.431, 34.416, 34.407, 34.445, 34.44, 34.315, 34.303, 34.261, 34.287, 34.5, 34.679, 34.79, 34.952, 35.033, 35.477, 36.487, 37.016, 36.911, 36.737, 36.609, 36.805, 37.068, 36.895, 36.726, 36.721, 36.642, 36.495, 37.725, 40.826, 42.951, 43.152, 42.656, 42.047, 41.503, 41.062, 40.995, 40.757, 39.707, 38.859, 38.985, 39.34, 39.316, 39.096, 39.25, 39.371, 39.001, 38.822, 38.681, 38.173, 37.561, 37.168, 36.946, 36.742, 36.238, 35.426, 35.04, 35.125, 35.322, 35.469, 35.475, 35.431, 35.335, 35.257, 35.416, 35.631, 35.722, 35.781, 35.729, 35.5, 35.154, 34.981, 34.972, 34.826, 34.689, 34.833, 35.26, 35.437, 35.505, 35.647, 35.798, 36.05, 36.346, 36.204, 35.87, 35.911, 36.302, 36.607, 36.668, 36.403, 35.416, 34.752, 35.163, 35.281, 32.492], [34.139, 33.58, 32.405, 30.453, 28.365, 27.175, 26.31, 23.902, 20.391, 18.641, 17.849, 14.456, 7.464, 0.0, 5.271, 9.274, 13.073, 16.013, 19.237, 22.965, 25.269, 26.306, 27.918, 29.483, 29.713, 29.793, 30.492, 31.198, 31.699, 32.407, 33.443, 34.357, 34.657, 34.606, 34.798, 35.315, 35.71, 35.786, 35.904, 35.919, 36.129, 36.395, 36.313, 36.001, 35.83, 35.679, 35.443, 35.265, 35.297, 35.276, 35.155, 34.957, 34.952, 34.907, 34.938, 35.325, 35.788, 36.041, 36.2, 36.397, 36.58, 36.894, 37.246, 37.314, 37.323, 37.63, 37.581, 37.164, 36.996, 37.172, 37.22, 37.178, 37.5, 37.765, 37.622, 37.595, 37.665, 37.482, 37.203, 37.058, 36.721, 36.246, 36.062, 36.068, 35.982, 35.944, 36.06, 36.458, 36.792, 36.633, 35.955, 35.399, 35.364, 35.521, 35.494, 35.185, 35.264, 35.746, 35.879, 36.049, 36.411, 36.622, 36.749, 36.904, 36.872, 36.929, 37.156, 37.202, 37.192, 37.336, 37.631, 37.739, 37.629, 37.572, 37.703, 37.845, 37.771, 37.317, 36.685, 36.258, 36.267, 36.376, 36.346, 36.132, 35.879, 35.915, 35.861, 35.603, 35.658, 35.661, 35.512, 35.506, 35.551, 35.475, 35.422, 35.51, 35.56, 35.552, 35.559, 35.598, 35.596, 35.479, 35.449, 35.407, 35.42, 35.566, 35.679, 35.786, 35.937, 35.982, 36.326, 37.216, 37.705, 37.635, 37.501, 37.393, 37.571, 37.81, 37.641, 37.484, 37.482, 37.39, 37.226, 38.291, 41.086, 43.034, 43.206, 42.723, 42.128, 41.612, 41.196, 41.121, 40.889, 39.883, 39.079, 39.241, 39.584, 39.544, 39.354, 39.543, 39.677, 39.344, 39.225, 39.168, 38.769, 38.286, 38.023, 37.861, 37.644, 37.135, 36.392, 36.083, 36.167, 36.315, 36.435, 36.444, 36.395, 36.292, 36.223, 36.387, 36.577, 36.648, 36.699, 36.624, 36.363, 36.021, 35.865, 35.839, 35.683, 35.599, 35.791, 36.183, 36.336, 36.412, 36.568, 36.718, 36.932, 37.193, 37.071, 36.782, 36.84, 37.218, 37.492, 37.535, 37.296, 36.417, 35.819, 36.166, 36.268, 34.359], [34.188, 33.649, 32.594, 30.824, 28.855, 27.681, 26.905, 24.822, 21.761, 20.114, 19.204, 16.23, 10.78, 5.271, 0.0, 5.553, 10.837, 14.452, 17.908, 21.682, 23.968, 24.996, 26.689, 28.36, 28.637, 28.746, 29.509, 30.275, 30.79, 31.516, 32.606, 33.609, 33.949, 33.896, 34.126, 34.787, 35.345, 35.507, 35.635, 35.677, 35.968, 36.251, 36.161, 35.824, 35.598, 35.383, 35.097, 34.893, 34.935, 34.933, 34.821, 34.614, 34.595, 34.535, 34.556, 34.95, 35.428, 35.697, 35.861, 36.057, 36.25, 36.586, 36.963, 37.036, 37.022, 37.315, 37.268, 36.848, 36.674, 36.854, 36.909, 36.878, 37.217, 37.489, 37.334, 37.297, 37.377, 37.195, 36.871, 36.684, 36.327, 35.815, 35.597, 35.593, 35.492, 35.456, 35.594, 36.023, 36.377, 36.217, 35.522, 34.96, 34.944, 35.118, 35.101, 34.792, 34.883, 35.381, 35.521, 35.713, 36.099, 36.322, 36.454, 36.61, 36.582, 36.646, 36.867, 36.915, 36.917, 37.075, 37.37, 37.464, 37.328, 37.247, 37.366, 37.509, 37.439, 36.975, 36.319, 35.888, 35.906, 36.021, 35.984, 35.755, 35.48, 35.492, 35.422, 35.151, 35.212, 35.225, 35.082, 35.085, 35.133, 35.051, 35.003, 35.121, 35.198, 35.208, 35.23, 35.27, 35.242, 35.105, 35.074, 35.026, 35.029, 35.159, 35.257, 35.368, 35.526, 35.569, 35.932, 36.884, 37.41, 37.327, 37.174, 37.071, 37.259, 37.489, 37.294, 37.122, 37.114, 37.007, 36.843, 37.962, 40.814, 42.766, 42.929, 42.437, 41.815, 41.277, 40.852, 40.777, 40.55, 39.538, 38.721, 38.875, 39.209, 39.156, 38.962, 39.16, 39.29, 38.951, 38.833, 38.765, 38.337, 37.829, 37.578, 37.449, 37.238, 36.7, 35.945, 35.671, 35.791, 35.942, 36.065, 36.081, 36.036, 35.934, 35.853, 35.989, 36.158, 36.226, 36.274, 36.18, 35.904, 35.56, 35.413, 35.394, 35.226, 35.141, 35.35, 35.731, 35.865, 35.947, 36.114, 36.267, 36.497, 36.796, 36.691, 36.394, 36.447, 36.846, 37.138, 37.176, 36.926, 36.057, 35.493, 35.868, 35.967, 34.407], [34.326, 33.801, 32.811, 31.164, 29.366, 28.337, 27.694, 25.847, 23.115, 21.678, 20.738, 17.744, 12.969, 9.274, 5.553, 0.0, 6.563, 11.594, 15.832, 19.802, 22.168, 23.306, 25.159, 26.96, 27.284, 27.451, 28.315, 29.143, 29.701, 30.527, 31.723, 32.792, 33.166, 33.114, 33.349, 34.082, 34.763, 35.05, 35.288, 35.387, 35.732, 36.034, 35.957, 35.651, 35.424, 35.172, 34.858, 34.646, 34.687, 34.701, 34.607, 34.405, 34.379, 34.303, 34.313, 34.713, 35.191, 35.462, 35.62, 35.804, 35.984, 36.319, 36.698, 36.765, 36.748, 37.053, 37.017, 36.597, 36.416, 36.59, 36.64, 36.61, 36.958, 37.234, 37.076, 37.042, 37.128, 36.937, 36.578, 36.365, 36.0, 35.487, 35.253, 35.216, 35.089, 35.047, 35.195, 35.633, 35.99, 35.824, 35.124, 34.567, 34.574, 34.772, 34.775, 34.481, 34.585, 35.091, 35.238, 35.444, 35.836, 36.055, 36.179, 36.341, 36.327, 36.392, 36.604, 36.655, 36.675, 36.854, 37.163, 37.267, 37.137, 37.046, 37.146, 37.279, 37.209, 36.741, 36.069, 35.615, 35.616, 35.737, 35.708, 35.467, 35.168, 35.158, 35.064, 34.778, 34.854, 34.883, 34.741, 34.741, 34.792, 34.704, 34.651, 34.783, 34.88, 34.9, 34.917, 34.94, 34.891, 34.75, 34.741, 34.699, 34.689, 34.812, 34.92, 35.051, 35.228, 35.271, 35.641, 36.63, 37.171, 37.078, 36.924, 36.84, 37.046, 37.281, 37.084, 36.907, 36.892, 36.781, 36.621, 37.789, 40.712, 42.692, 42.857, 42.366, 41.734, 41.19, 40.765, 40.696, 40.483, 39.472, 38.637, 38.759, 39.085, 39.033, 38.841, 39.03, 39.126, 38.733, 38.583, 38.498, 38.04, 37.504, 37.244, 37.13, 36.931, 36.382, 35.62, 35.367, 35.515, 35.689, 35.824, 35.845, 35.807, 35.712, 35.632, 35.752, 35.9, 35.955, 35.999, 35.907, 35.638, 35.292, 35.146, 35.138, 34.972, 34.863, 35.038, 35.39, 35.508, 35.587, 35.745, 35.901, 36.155, 36.478, 36.387, 36.086, 36.134, 36.539, 36.849, 36.899, 36.642, 35.77, 35.228, 35.634, 35.735, 34.545], [35.267, 34.772, 33.809, 32.245, 30.673, 29.927, 29.507, 27.867, 25.374, 24.128, 23.324, 20.51, 16.024, 13.073, 10.837, 6.563, 0.0, 6.649, 12.633, 17.416, 20.021, 21.312, 23.35, 25.291, 25.703, 26.017, 27.037, 27.912, 28.536, 29.595, 31.04, 32.238, 32.653, 32.615, 32.908, 33.748, 34.512, 34.914, 35.374, 35.671, 36.097, 36.43, 36.411, 36.207, 36.071, 35.894, 35.635, 35.459, 35.499, 35.513, 35.425, 35.236, 35.226, 35.159, 35.147, 35.46, 35.884, 36.137, 36.291, 36.477, 36.663, 36.988, 37.336, 37.379, 37.349, 37.64, 37.608, 37.214, 37.057, 37.236, 37.278, 37.241, 37.577, 37.854, 37.71, 37.68, 37.757, 37.554, 37.187, 36.977, 36.639, 36.183, 35.976, 35.919, 35.772, 35.715, 35.836, 36.233, 36.566, 36.419, 35.758, 35.219, 35.229, 35.431, 35.451, 35.187, 35.302, 35.787, 35.922, 36.111, 36.478, 36.685, 36.789, 36.941, 36.953, 37.027, 37.203, 37.217, 37.23, 37.421, 37.732, 37.86, 37.769, 37.703, 37.793, 37.889, 37.8, 37.346, 36.685, 36.204, 36.177, 36.292, 36.262, 36.033, 35.756, 35.736, 35.634, 35.378, 35.469, 35.494, 35.353, 35.35, 35.402, 35.326, 35.284, 35.418, 35.518, 35.538, 35.535, 35.529, 35.485, 35.377, 35.394, 35.378, 35.374, 35.484, 35.596, 35.747, 35.932, 35.967, 36.297, 37.214, 37.717, 37.623, 37.476, 37.395, 37.59, 37.825, 37.655, 37.494, 37.475, 37.378, 37.222, 38.261, 40.981, 42.874, 43.059, 42.614, 42.016, 41.5, 41.093, 41.023, 40.815, 39.837, 39.033, 39.171, 39.499, 39.466, 39.316, 39.514, 39.574, 39.14, 38.995, 38.958, 38.558, 38.081, 37.866, 37.777, 37.596, 37.079, 36.371, 36.149, 36.295, 36.463, 36.593, 36.614, 36.58, 36.501, 36.445, 36.567, 36.688, 36.721, 36.767, 36.697, 36.438, 36.084, 35.928, 35.921, 35.761, 35.64, 35.771, 36.069, 36.178, 36.257, 36.394, 36.536, 36.774, 37.071, 36.987, 36.723, 36.782, 37.154, 37.436, 37.481, 37.24, 36.42, 35.915, 36.294, 36.387, 35.474], [35.712, 35.223, 34.241, 32.703, 31.302, 30.841, 30.665, 29.207, 26.883, 25.787, 25.104, 22.551, 18.54, 16.013, 14.452, 11.594, 6.649, 0.0, 7.538, 13.955, 17.326, 18.754, 20.927, 23.084, 23.605, 24.025, 25.142, 26.045, 26.749, 28.057, 29.795, 31.182, 31.649, 31.623, 32.008, 32.994, 33.827, 34.3, 34.991, 35.593, 36.177, 36.55, 36.57, 36.452, 36.446, 36.404, 36.211, 36.045, 36.078, 36.1, 36.024, 35.85, 35.871, 35.846, 35.797, 35.991, 36.352, 36.597, 36.761, 36.96, 37.163, 37.497, 37.838, 37.868, 37.816, 38.085, 38.047, 37.663, 37.516, 37.695, 37.737, 37.688, 38.001, 38.279, 38.148, 38.113, 38.187, 37.985, 37.611, 37.391, 37.056, 36.621, 36.456, 36.444, 36.315, 36.245, 36.334, 36.698, 37.03, 36.917, 36.3, 35.769, 35.763, 35.953, 35.967, 35.696, 35.804, 36.28, 36.415, 36.606, 36.972, 37.185, 37.285, 37.425, 37.454, 37.549, 37.702, 37.67, 37.655, 37.846, 38.158, 38.298, 38.234, 38.207, 38.311, 38.377, 38.264, 37.813, 37.143, 36.625, 36.558, 36.65, 36.614, 36.408, 36.157, 36.132, 36.039, 35.826, 35.927, 35.936, 35.787, 35.788, 35.851, 35.796, 35.766, 35.892, 35.99, 36.018, 36.01, 35.994, 35.958, 35.873, 35.905, 35.915, 35.93, 36.037, 36.152, 36.325, 36.518, 36.547, 36.858, 37.731, 38.197, 38.081, 37.925, 37.838, 38.005, 38.221, 38.063, 37.92, 37.916, 37.841, 37.69, 38.605, 41.135, 42.936, 43.13, 42.736, 42.172, 41.674, 41.282, 41.206, 40.984, 40.015, 39.257, 39.443, 39.777, 39.748, 39.632, 39.855, 39.897, 39.448, 39.333, 39.352, 39.011, 38.577, 38.384, 38.296, 38.12, 37.628, 36.973, 36.787, 36.926, 37.075, 37.197, 37.222, 37.196, 37.134, 37.091, 37.206, 37.311, 37.346, 37.413, 37.363, 37.095, 36.712, 36.532, 36.518, 36.35, 36.208, 36.322, 36.604, 36.722, 36.808, 36.934, 37.07, 37.304, 37.572, 37.488, 37.264, 37.359, 37.729, 37.989, 38.026, 37.796, 37.003, 36.5, 36.844, 36.928, 35.898], [35.994, 35.491, 34.514, 33.089, 31.903, 31.691, 31.705, 30.426, 28.304, 27.344, 26.742, 24.498, 21.191, 19.237, 17.908, 15.832, 12.633, 7.538, 0.0, 7.992, 12.94, 15.106, 17.521, 19.945, 20.598, 21.091, 22.31, 23.282, 24.085, 25.684, 27.833, 29.531, 30.084, 30.067, 30.617, 31.883, 32.854, 33.389, 34.309, 35.259, 36.046, 36.456, 36.472, 36.387, 36.511, 36.608, 36.47, 36.298, 36.318, 36.33, 36.25, 36.082, 36.139, 36.163, 36.107, 36.19, 36.469, 36.713, 36.893, 37.081, 37.28, 37.628, 37.978, 38.008, 37.958, 38.228, 38.184, 37.794, 37.639, 37.81, 37.865, 37.811, 38.082, 38.341, 38.212, 38.168, 38.243, 38.054, 37.684, 37.445, 37.087, 36.658, 36.558, 36.63, 36.536, 36.45, 36.509, 36.846, 37.175, 37.093, 36.524, 36.012, 36.0, 36.185, 36.185, 35.879, 35.97, 36.463, 36.617, 36.817, 37.196, 37.425, 37.524, 37.652, 37.69, 37.807, 37.944, 37.866, 37.811, 37.984, 38.308, 38.475, 38.437, 38.44, 38.572, 38.649, 38.535, 38.088, 37.429, 36.899, 36.767, 36.804, 36.757, 36.572, 36.324, 36.291, 36.229, 36.054, 36.163, 36.162, 36.005, 36.0, 36.064, 36.03, 36.013, 36.129, 36.221, 36.256, 36.245, 36.208, 36.155, 36.08, 36.137, 36.162, 36.178, 36.273, 36.395, 36.602, 36.813, 36.83, 37.124, 38.006, 38.495, 38.402, 38.278, 38.211, 38.366, 38.562, 38.403, 38.275, 38.295, 38.243, 38.098, 38.936, 41.332, 43.056, 43.237, 42.863, 42.321, 41.832, 41.452, 41.379, 41.141, 40.162, 39.425, 39.628, 39.949, 39.913, 39.805, 40.032, 40.067, 39.607, 39.498, 39.543, 39.229, 38.806, 38.6, 38.488, 38.304, 37.832, 37.226, 37.065, 37.195, 37.33, 37.451, 37.484, 37.473, 37.42, 37.367, 37.458, 37.55, 37.601, 37.713, 37.703, 37.433, 37.037, 36.848, 36.83, 36.646, 36.483, 36.601, 36.9, 37.023, 37.102, 37.213, 37.345, 37.583, 37.837, 37.754, 37.556, 37.693, 38.098, 38.374, 38.414, 38.181, 37.407, 36.913, 37.24, 37.322, 36.147], [36.969, 36.482, 35.603, 34.4, 33.425, 33.312, 33.386, 32.309, 30.481, 29.64, 29.093, 27.201, 24.552, 22.965, 21.682, 19.802, 17.416, 13.955, 7.992, 0.0, 6.637, 10.654, 13.866, 16.62, 17.508, 18.182, 19.625, 20.781, 21.697, 23.548, 26.124, 28.174, 28.839, 28.828, 29.587, 31.226, 32.38, 32.967, 34.072, 35.304, 36.267, 36.72, 36.732, 36.671, 36.897, 37.107, 37.043, 36.896, 36.904, 36.894, 36.799, 36.656, 36.764, 36.82, 36.76, 36.73, 36.91, 37.139, 37.333, 37.508, 37.691, 38.028, 38.354, 38.382, 38.36, 38.643, 38.616, 38.235, 38.078, 38.246, 38.317, 38.277, 38.524, 38.756, 38.631, 38.585, 38.644, 38.46, 38.119, 37.891, 37.541, 37.164, 37.144, 37.268, 37.203, 37.116, 37.154, 37.449, 37.74, 37.659, 37.12, 36.622, 36.623, 36.815, 36.813, 36.507, 36.609, 37.126, 37.284, 37.45, 37.793, 38.01, 38.091, 38.208, 38.259, 38.379, 38.488, 38.37, 38.285, 38.445, 38.779, 38.967, 38.933, 38.927, 39.073, 39.185, 39.094, 38.664, 38.052, 37.579, 37.438, 37.442, 37.393, 37.227, 36.98, 36.929, 36.873, 36.718, 36.84, 36.847, 36.692, 36.675, 36.723, 36.691, 36.677, 36.793, 36.904, 36.955, 36.934, 36.868, 36.796, 36.731, 36.797, 36.815, 36.814, 36.879, 36.983, 37.2, 37.417, 37.407, 37.64, 38.49, 39.02, 38.993, 38.926, 38.905, 39.064, 39.244, 39.089, 38.975, 39.004, 38.967, 38.847, 39.609, 41.819, 43.436, 43.587, 43.214, 42.689, 42.209, 41.83, 41.76, 41.531, 40.567, 39.829, 39.998, 40.289, 40.243, 40.136, 40.364, 40.398, 39.933, 39.83, 39.903, 39.624, 39.244, 39.07, 38.951, 38.762, 38.323, 37.785, 37.657, 37.779, 37.895, 38.004, 38.048, 38.044, 37.982, 37.915, 37.98, 38.046, 38.109, 38.26, 38.284, 38.027, 37.643, 37.469, 37.451, 37.259, 37.097, 37.222, 37.506, 37.608, 37.682, 37.789, 37.908, 38.132, 38.38, 38.311, 38.147, 38.316, 38.745, 39.04, 39.084, 38.855, 38.141, 37.702, 38.0, 38.062, 37.096], [37.665, 37.207, 36.438, 35.401, 34.505, 34.349, 34.423, 33.541, 31.983, 31.225, 30.715, 29.057, 26.754, 25.269, 23.968, 22.168, 20.021, 17.326, 12.94, 6.637, 0.0, 5.735, 10.45, 13.96, 15.159, 16.096, 17.838, 19.198, 20.225, 22.221, 24.98, 27.201, 27.944, 27.963, 28.877, 30.788, 32.092, 32.716, 33.915, 35.288, 36.346, 36.843, 36.887, 36.869, 37.141, 37.378, 37.357, 37.254, 37.284, 37.27, 37.165, 37.035, 37.16, 37.217, 37.146, 37.075, 37.225, 37.449, 37.649, 37.823, 38.005, 38.328, 38.625, 38.638, 38.612, 38.893, 38.885, 38.518, 38.364, 38.539, 38.631, 38.622, 38.883, 39.109, 38.988, 38.941, 38.988, 38.806, 38.481, 38.266, 37.939, 37.594, 37.603, 37.744, 37.695, 37.619, 37.655, 37.927, 38.188, 38.094, 37.544, 37.038, 37.045, 37.235, 37.234, 36.953, 37.078, 37.586, 37.718, 37.857, 38.193, 38.413, 38.486, 38.595, 38.648, 38.758, 38.857, 38.745, 38.669, 38.834, 39.161, 39.33, 39.274, 39.251, 39.396, 39.525, 39.446, 39.032, 38.448, 38.014, 37.9, 37.908, 37.86, 37.694, 37.431, 37.364, 37.303, 37.15, 37.279, 37.303, 37.157, 37.137, 37.18, 37.144, 37.123, 37.242, 37.373, 37.435, 37.408, 37.342, 37.28, 37.223, 37.274, 37.274, 37.268, 37.313, 37.385, 37.578, 37.783, 37.751, 37.94, 38.769, 39.33, 39.338, 39.282, 39.27, 39.423, 39.583, 39.421, 39.309, 39.329, 39.28, 39.176, 39.914, 42.039, 43.606, 43.757, 43.395, 42.868, 42.382, 41.998, 41.929, 41.713, 40.777, 40.052, 40.198, 40.461, 40.39, 40.278, 40.525, 40.578, 40.13, 40.053, 40.151, 39.887, 39.524, 39.377, 39.277, 39.095, 38.672, 38.154, 38.029, 38.141, 38.233, 38.336, 38.388, 38.381, 38.307, 38.242, 38.301, 38.35, 38.412, 38.571, 38.588, 38.333, 37.971, 37.829, 37.816, 37.625, 37.483, 37.612, 37.86, 37.937, 38.017, 38.13, 38.238, 38.447, 38.689, 38.628, 38.486, 38.66, 39.087, 39.396, 39.451, 39.231, 38.564, 38.16, 38.436, 38.469, 37.784], [37.818, 37.386, 36.69, 35.745, 34.883, 34.691, 34.779, 34.044, 32.663, 31.959, 31.477, 29.946, 27.78, 26.306, 24.996, 23.306, 21.312, 18.754, 15.106, 10.654, 5.735, 0.0, 6.006, 10.691, 12.409, 13.688, 15.756, 17.316, 18.521, 20.741, 23.67, 26.01, 26.815, 26.873, 27.888, 29.982, 31.398, 32.065, 33.383, 34.946, 36.119, 36.657, 36.73, 36.779, 37.106, 37.327, 37.282, 37.196, 37.258, 37.254, 37.155, 37.021, 37.126, 37.166, 37.062, 36.969, 37.123, 37.357, 37.557, 37.736, 37.935, 38.261, 38.552, 38.545, 38.489, 38.768, 38.767, 38.401, 38.254, 38.454, 38.566, 38.568, 38.841, 39.081, 38.968, 38.922, 38.969, 38.791, 38.456, 38.233, 37.915, 37.572, 37.569, 37.704, 37.659, 37.59, 37.625, 37.889, 38.142, 38.039, 37.482, 36.985, 37.0, 37.178, 37.169, 36.904, 37.047, 37.549, 37.667, 37.809, 38.168, 38.411, 38.498, 38.61, 38.659, 38.76, 38.865, 38.772, 38.704, 38.88, 39.207, 39.357, 39.292, 39.266, 39.403, 39.521, 39.435, 39.014, 38.413, 37.962, 37.849, 37.859, 37.804, 37.628, 37.35, 37.286, 37.236, 37.079, 37.2, 37.236, 37.104, 37.087, 37.138, 37.112, 37.097, 37.225, 37.368, 37.431, 37.406, 37.352, 37.305, 37.249, 37.279, 37.268, 37.267, 37.298, 37.338, 37.509, 37.704, 37.66, 37.832, 38.673, 39.25, 39.272, 39.216, 39.201, 39.351, 39.498, 39.321, 39.202, 39.211, 39.149, 39.053, 39.833, 42.0, 43.586, 43.742, 43.382, 42.841, 42.344, 41.967, 41.908, 41.695, 40.763, 40.055, 40.213, 40.464, 40.372, 40.249, 40.505, 40.574, 40.15, 40.092, 40.187, 39.905, 39.511, 39.352, 39.268, 39.098, 38.673, 38.136, 37.983, 38.073, 38.151, 38.259, 38.318, 38.304, 38.223, 38.162, 38.225, 38.28, 38.346, 38.501, 38.499, 38.235, 37.885, 37.759, 37.747, 37.554, 37.413, 37.537, 37.773, 37.85, 37.939, 38.05, 38.163, 38.384, 38.633, 38.578, 38.448, 38.622, 39.055, 39.377, 39.44, 39.22, 38.554, 38.139, 38.406, 38.426, 37.934], [38.605, 38.207, 37.575, 36.722, 35.95, 35.801, 35.907, 35.246, 33.977, 33.311, 32.855, 31.434, 29.364, 27.918, 26.689, 25.159, 23.3