[[0.0, 2.19, 5.052, 8.997, 12.994, 15.726, 16.959, 17.385, 17.874, 19.15, 21.259, 23.684, 26.327, 28.61, 29.986, 30.689, 31.183, 31.502, 31.634, 31.948, 32.189, 32.406, 32.969, 34.623, 37.264, 39.608, 41.002, 41.888, 42.845, 43.913, 45.082, 45.675, 45.696, 45.566, 45.474, 45.229, 44.659, 44.271, 44.573, 44.964, 44.81, 44.429, 44.324, 44.511, 44.684, 44.706, 44.689, 44.732, 44.854, 44.973, 45.021, 45.027, 45.005, 45.011, 45.119, 45.258, 45.147, 44.909, 44.906, 45.175, 45.202, 44.735, 44.497, 44.584, 44.435, 44.137, 44.08, 44.427, 44.818, 45.12, 45.22, 44.957, 44.418, 44.012, 44.074, 44.366, 44.635, 44.621, 44.196, 43.529, 43.107, 42.96, 42.843, 42.66, 42.418, 42.192, 42.088, 42.155, 42.266, 42.1, 41.693, 41.485, 41.689, 41.894, 41.916, 41.961, 42.215, 42.464, 42.523, 42.607, 42.511, 41.849, 40.95, 40.628, 40.799, 40.874, 40.864, 40.94, 41.159, 41.029, 40.637, 40.545, 40.637, 40.598, 40.156, 39.457, 39.017, 38.939, 38.932, 38.895, 38.948, 38.961, 38.896, 38.903, 39.029, 39.598, 40.499, 41.421, 41.97, 41.87, 41.813, 42.199, 42.757, 43.077, 43.386, 44.043, 44.987, 45.783, 46.228, 46.743, 47.632, 48.344, 48.579, 48.69, 49.056, 49.644, 49.697, 48.647, 47.835, 47.802, 47.885, 47.368, 46.36, 45.409, 44.993, 45.21, 45.382, 2.234], [2.19, 0.0, 3.189, 7.514, 11.768, 14.637, 15.933, 16.391, 16.92, 18.268, 20.466, 22.962, 25.658, 27.974, 29.371, 30.095, 30.607, 30.939, 31.079, 31.405, 31.642, 31.835, 32.392, 34.115, 36.866, 39.271, 40.658, 41.506, 42.446, 43.541, 44.744, 45.359, 45.386, 45.249, 45.153, 44.914, 44.352, 43.967, 44.273, 44.673, 44.524, 44.14, 44.035, 44.228, 44.406, 44.429, 44.411, 44.454, 44.579, 44.7, 44.75, 44.76, 44.747, 44.767, 44.889, 45.027, 44.902, 44.653, 44.655, 44.942, 44.974, 44.505, 44.283, 44.39, 44.243, 43.938, 43.881, 44.232, 44.628, 44.935, 45.038, 44.767, 44.194, 43.742, 43.775, 44.064, 44.34, 44.326, 43.892, 43.204, 42.764, 42.612, 42.495, 42.309, 42.057, 41.819, 41.705, 41.774, 41.895, 41.737, 41.32, 41.085, 41.269, 41.473, 41.499, 41.54, 41.792, 42.051, 42.121, 42.226, 42.156, 41.497, 40.591, 40.283, 40.477, 40.564, 40.557, 40.636, 40.86, 40.713, 40.278, 40.151, 40.221, 40.163, 39.7, 38.98, 38.529, 38.455, 38.46, 38.428, 38.477, 38.484, 38.423, 38.438, 38.56, 39.098, 40.003, 40.97, 41.548, 41.449, 41.393, 41.795, 42.372, 42.706, 43.025, 43.696, 44.664, 45.481, 45.939, 46.469, 47.375, 48.09, 48.318, 48.429, 48.814, 49.431, 49.487, 48.398, 47.563, 47.536, 47.623, 47.099, 46.076, 45.107, 44.687, 44.915, 45.094, 4.013], [5.052, 3.189, 0.0, 4.554, 9.149, 12.325, 13.81, 14.355, 14.947, 16.418, 18.781, 21.43, 24.289, 26.756, 28.258, 29.041, 29.577, 29.929, 30.109, 30.495, 30.781, 31.015, 31.657, 33.538, 36.439, 38.915, 40.309, 41.137, 42.087, 43.232, 44.481, 45.116, 45.149, 45.005, 44.903, 44.668, 44.116, 43.743, 44.06, 44.468, 44.319, 43.934, 43.831, 44.032, 44.216, 44.24, 44.219, 44.26, 44.383, 44.503, 44.554, 44.568, 44.562, 44.592, 44.721, 44.853, 44.71, 44.44, 44.434, 44.729, 44.772, 44.313, 44.107, 44.223, 44.075, 43.778, 43.742, 44.114, 44.522, 44.834, 44.938, 44.66, 44.063, 43.57, 43.578, 43.862, 44.141, 44.126, 43.682, 42.978, 42.522, 42.365, 42.248, 42.06, 41.797, 41.543, 41.418, 41.492, 41.634, 41.492, 41.078, 40.839, 41.024, 41.234, 41.262, 41.298, 41.549, 41.818, 41.899, 42.02, 41.974, 41.321, 40.4, 40.093, 40.301, 40.394, 40.39, 40.482, 40.718, 40.553, 40.07, 39.903, 39.94, 39.851, 39.361, 38.624, 38.171, 38.103, 38.116, 38.089, 38.133, 38.131, 38.069, 38.093, 38.206, 38.714, 39.61, 40.607, 41.21, 41.114, 41.059, 41.473, 42.071, 42.424, 42.756, 43.437, 44.415, 45.242, 45.708, 46.252, 47.171, 47.886, 48.104, 48.215, 48.619, 49.266, 49.325, 48.2, 47.354, 47.342, 47.438, 46.914, 45.88, 44.897, 44.474, 44.71, 44.894, 6.491], [8.997, 7.514, 4.554, 0.0, 4.906, 8.535, 10.411, 11.192, 11.913, 13.554, 16.149, 19.045, 22.203, 24.95, 26.644, 27.521, 28.086, 28.465, 28.727, 29.234, 29.624, 29.96, 30.767, 32.87, 35.931, 38.484, 39.911, 40.768, 41.778, 43.005, 44.309, 44.958, 44.996, 44.851, 44.748, 44.519, 43.98, 43.633, 43.976, 44.395, 44.246, 43.859, 43.761, 43.97, 44.159, 44.184, 44.161, 44.198, 44.315, 44.43, 44.481, 44.499, 44.498, 44.528, 44.651, 44.777, 44.629, 44.356, 44.344, 44.645, 44.701, 44.252, 44.048, 44.156, 44.008, 43.728, 43.72, 44.119, 44.54, 44.856, 44.957, 44.673, 44.066, 43.554, 43.549, 43.83, 44.105, 44.086, 43.637, 42.92, 42.448, 42.283, 42.165, 41.974, 41.702, 41.434, 41.294, 41.374, 41.544, 41.434, 41.05, 40.841, 41.045, 41.26, 41.288, 41.323, 41.578, 41.855, 41.943, 42.066, 42.031, 41.386, 40.444, 40.127, 40.336, 40.43, 40.429, 40.54, 40.793, 40.615, 40.092, 39.89, 39.897, 39.781, 39.279, 38.552, 38.115, 38.058, 38.076, 38.049, 38.081, 38.059, 37.981, 37.997, 38.099, 38.59, 39.477, 40.475, 41.084, 40.988, 40.933, 41.349, 41.955, 42.324, 42.668, 43.346, 44.314, 45.131, 45.592, 46.139, 47.055, 47.761, 47.97, 48.079, 48.496, 49.162, 49.222, 48.078, 47.245, 47.26, 47.369, 46.859, 45.835, 44.855, 44.435, 44.679, 44.868, 10.155], [12.994, 11.768, 9.149, 4.906, 0.0, 3.989, 6.417, 7.728, 8.817, 10.708, 13.498, 16.602, 20.073, 23.125, 25.027, 26.007, 26.599, 27.007, 27.366, 28.011, 28.514, 28.969, 29.95, 32.253, 35.439, 38.061, 39.543, 40.462, 41.558, 42.881, 44.237, 44.889, 44.929, 44.79, 44.699, 44.481, 43.962, 43.653, 44.03, 44.458, 44.302, 43.913, 43.82, 44.034, 44.226, 44.251, 44.228, 44.261, 44.372, 44.482, 44.533, 44.555, 44.556, 44.579, 44.69, 44.814, 44.679, 44.42, 44.412, 44.718, 44.784, 44.336, 44.12, 44.212, 44.066, 43.801, 43.814, 44.233, 44.668, 44.987, 45.08, 44.789, 44.185, 43.68, 43.68, 43.957, 44.223, 44.199, 43.749, 43.025, 42.541, 42.366, 42.244, 42.051, 41.775, 41.494, 41.338, 41.417, 41.611, 41.541, 41.205, 41.042, 41.27, 41.483, 41.506, 41.546, 41.813, 42.095, 42.185, 42.297, 42.261, 41.627, 40.669, 40.342, 40.554, 40.651, 40.657, 40.782, 41.046, 40.856, 40.309, 40.087, 40.077, 39.951, 39.462, 38.775, 38.374, 38.331, 38.351, 38.318, 38.333, 38.282, 38.177, 38.176, 38.27, 38.767, 39.656, 40.632, 41.223, 41.122, 41.065, 41.469, 42.064, 42.436, 42.786, 43.453, 44.395, 45.183, 45.625, 46.158, 47.055, 47.743, 47.945, 48.058, 48.484, 49.155, 49.211, 48.069, 47.266, 47.304, 47.429, 46.945, 45.952, 44.992, 44.584, 44.835, 45.032, 13.993], [15.726, 14.637, 12.325, 8.535, 3.989, 0.0, 2.886, 4.941, 6.756, 9.064, 11.947, 15.064, 18.671, 21.923, 23.981, 25.04, 25.656, 26.087, 26.525, 27.272, 27.86, 28.414, 29.534, 31.956, 35.197, 37.856, 39.387, 40.363, 41.529, 42.917, 44.301, 44.95, 44.993, 44.869, 44.794, 44.593, 44.096, 43.825, 44.224, 44.647, 44.48, 44.089, 43.999, 44.212, 44.401, 44.425, 44.403, 44.434, 44.539, 44.644, 44.694, 44.718, 44.718, 44.735, 44.84, 44.963, 44.839, 44.59, 44.579, 44.883, 44.958, 44.512, 44.28, 44.359, 44.217, 43.965, 43.993, 44.424, 44.87, 45.188, 45.272, 44.975, 44.384, 43.902, 43.915, 44.19, 44.443, 44.414, 43.971, 43.252, 42.767, 42.591, 42.468, 42.274, 41.997, 41.711, 41.542, 41.614, 41.821, 41.776, 41.475, 41.35, 41.595, 41.803, 41.82, 41.866, 42.144, 42.425, 42.506, 42.603, 42.563, 41.942, 40.984, 40.665, 40.886, 40.99, 41.001, 41.134, 41.397, 41.198, 40.644, 40.419, 40.401, 40.269, 39.791, 39.137, 38.765, 38.733, 38.753, 38.718, 38.725, 38.658, 38.535, 38.526, 38.628, 39.151, 40.042, 40.983, 41.55, 41.449, 41.391, 41.778, 42.353, 42.72, 43.072, 43.732, 44.649, 45.407, 45.826, 46.339, 47.211, 47.879, 48.078, 48.197, 48.629, 49.298, 49.351, 48.224, 47.448, 47.498, 47.627, 47.16, 46.194, 45.256, 44.855, 45.107, 45.308, 16.631], [16.959, 15.933, 13.81, 10.411, 6.417, 2.886, 0.0, 2.597, 5.255, 8.232, 11.362, 14.468, 18.057, 21.366, 23.496, 24.593, 25.214, 25.665, 26.17, 26.987, 27.632, 28.262, 29.481, 31.951, 35.19, 37.855, 39.42, 40.441, 41.652, 43.066, 44.454, 45.101, 45.155, 45.048, 44.989, 44.803, 44.321, 44.071, 44.477, 44.887, 44.711, 44.322, 44.234, 44.441, 44.624, 44.648, 44.628, 44.657, 44.755, 44.854, 44.903, 44.924, 44.918, 44.931, 45.036, 45.158, 45.032, 44.78, 44.758, 45.057, 45.143, 44.708, 44.472, 44.547, 44.415, 44.174, 44.202, 44.631, 45.077, 45.39, 45.464, 45.166, 44.596, 44.144, 44.175, 44.449, 44.692, 44.659, 44.227, 43.528, 43.061, 42.894, 42.775, 42.583, 42.308, 42.023, 41.849, 41.914, 42.121, 42.082, 41.793, 41.687, 41.942, 42.146, 42.159, 42.21, 42.492, 42.759, 42.822, 42.906, 42.861, 42.254, 41.318, 41.019, 41.248, 41.352, 41.363, 41.494, 41.749, 41.546, 40.999, 40.779, 40.755, 40.609, 40.126, 39.483, 39.122, 39.092, 39.111, 39.079, 39.091, 39.026, 38.902, 38.898, 39.031, 39.598, 40.477, 41.368, 41.91, 41.814, 41.758, 42.131, 42.689, 43.049, 43.4, 44.053, 44.95, 45.682, 46.08, 46.573, 47.424, 48.078, 48.274, 48.398, 48.831, 49.495, 49.548, 48.443, 47.692, 47.746, 47.868, 47.406, 46.453, 45.524, 45.121, 45.366, 45.564, 17.813], [17.385, 16.391, 14.355, 11.192, 7.728, 4.941, 2.597, 0.0, 3.221, 6.98, 10.695, 14.069, 17.709, 21.01, 23.137, 24.225, 24.832, 25.3, 25.874, 26.764, 27.472, 28.173, 29.467, 31.973, 35.204, 37.863, 39.453, 40.522, 41.775, 43.201, 44.586, 45.236, 45.302, 45.21, 45.164, 44.989, 44.515, 44.273, 44.682, 45.087, 44.908, 44.522, 44.44, 44.648, 44.829, 44.854, 44.836, 44.865, 44.96, 45.057, 45.104, 45.121, 45.11, 45.122, 45.228, 45.349, 45.217, 44.955, 44.922, 45.214, 45.307, 44.89, 44.665, 44.748, 44.629, 44.389, 44.396, 44.805, 45.242, 45.551, 45.619, 45.323, 44.773, 44.353, 44.407, 44.683, 44.918, 44.883, 44.459, 43.781, 43.338, 43.185, 43.07, 42.877, 42.604, 42.325, 42.154, 42.212, 42.41, 42.37, 42.083, 41.979, 42.234, 42.436, 42.449, 42.503, 42.778, 43.027, 43.074, 43.146, 43.101, 42.515, 41.616, 41.336, 41.563, 41.659, 41.664, 41.786, 42.03, 41.824, 41.288, 41.074, 41.044, 40.886, 40.393, 39.749, 39.388, 39.355, 39.374, 39.348, 39.367, 39.303, 39.176, 39.18, 39.355, 39.968, 40.827, 41.656, 42.166, 42.07, 42.017, 42.382, 42.931, 43.287, 43.634, 44.278, 45.156, 45.865, 46.24, 46.715, 47.551, 48.196, 48.391, 48.517, 48.949, 49.607, 49.662, 48.582, 47.855, 47.917, 48.038, 47.577, 46.629, 45.701, 45.289, 45.526, 45.72, 18.228], [17.874, 16.92, 14.947, 11.913, 8.817, 6.756, 5.255, 3.221, 0.0, 4.346, 8.845, 12.882, 16.916, 20.336, 22.466, 23.525, 24.11, 24.596, 25.248, 26.24, 27.05, 27.859, 29.273, 31.868, 35.117, 37.766, 39.364, 40.484, 41.792, 43.234, 44.619, 45.268, 45.344, 45.264, 45.226, 45.051, 44.575, 44.344, 44.772, 45.193, 45.019, 44.639, 44.57, 44.795, 44.985, 45.012, 44.994, 45.026, 45.127, 45.228, 45.277, 45.295, 45.286, 45.3, 45.411, 45.536, 45.406, 45.137, 45.089, 45.363, 45.448, 45.038, 44.832, 44.934, 44.828, 44.578, 44.551, 44.929, 45.358, 45.671, 45.742, 45.448, 44.912, 44.518, 44.592, 44.875, 45.109, 45.069, 44.642, 43.97, 43.542, 43.397, 43.279, 43.08, 42.806, 42.535, 42.374, 42.43, 42.618, 42.579, 42.297, 42.195, 42.442, 42.64, 42.657, 42.712, 42.975, 43.21, 43.252, 43.32, 43.276, 42.72, 41.864, 41.604, 41.827, 41.909, 41.901, 42.014, 42.252, 42.046, 41.515, 41.302, 41.271, 41.11, 40.616, 39.972, 39.611, 39.578, 39.6, 39.576, 39.587, 39.505, 39.36, 39.363, 39.565, 40.199, 41.033, 41.806, 42.277, 42.173, 42.119, 42.482, 43.03, 43.388, 43.736, 44.373, 45.237, 45.925, 46.282, 46.747, 47.577, 48.215, 48.41, 48.54, 48.97, 49.62, 49.676, 48.617, 47.915, 47.99, 48.116, 47.659, 46.711, 45.774, 45.351, 45.582, 45.777, 18.735], [19.15, 18.268, 16.418, 13.554, 10.708, 9.064, 8.232, 6.98, 4.346, 0.0, 5.102, 10.11, 14.996, 18.887, 21.205, 22.305, 22.891, 23.402, 24.135, 25.26, 26.248, 27.274, 28.93, 31.696, 34.987, 37.62, 39.205, 40.372, 41.756, 43.244, 44.639, 45.275, 45.347, 45.271, 45.232, 45.045, 44.558, 44.345, 44.815, 45.267, 45.104, 44.731, 44.681, 44.93, 45.136, 45.165, 45.144, 45.179, 45.288, 45.398, 45.454, 45.48, 45.479, 45.497, 45.609, 45.737, 45.609, 45.327, 45.249, 45.485, 45.544, 45.131, 44.95, 45.081, 44.99, 44.733, 44.678, 45.036, 45.466, 45.79, 45.87, 45.581, 45.049, 44.649, 44.715, 45.0, 45.235, 45.189, 44.753, 44.08, 43.661, 43.518, 43.393, 43.186, 42.907, 42.643, 42.498, 42.56, 42.743, 42.712, 42.454, 42.373, 42.62, 42.814, 42.837, 42.895, 43.153, 43.379, 43.425, 43.493, 43.445, 42.916, 42.105, 41.871, 42.091, 42.159, 42.143, 42.254, 42.486, 42.274, 41.755, 41.551, 41.522, 41.37, 40.891, 40.253, 39.892, 39.865, 39.893, 39.861, 39.845, 39.728, 39.554, 39.538, 39.735, 40.364, 41.19, 41.927, 42.358, 42.241, 42.183, 42.544, 43.091, 43.451, 43.799, 44.43, 45.28, 45.949, 46.292, 46.751, 47.575, 48.209, 48.407, 48.543, 48.97, 49.608, 49.664, 48.622, 47.941, 48.026, 48.159, 47.707, 46.757, 45.805, 45.359, 45.573, 45.768, 20.007], [21.259, 20.466, 18.781, 16.149, 13.498, 11.947, 11.362, 10.695, 8.845, 5.102, 0.0, 5.81, 11.724, 16.45, 19.255, 20.547, 21.185, 21.734, 22.56, 23.858, 25.101, 26.487, 28.586, 31.705, 35.145, 37.794, 39.347, 40.505, 41.922, 43.454, 44.86, 45.475, 45.536, 45.453, 45.405, 45.205, 44.696, 44.486, 44.981, 45.452, 45.295, 44.928, 44.89, 45.154, 45.37, 45.397, 45.371, 45.404, 45.516, 45.632, 45.696, 45.73, 45.736, 45.753, 45.854, 45.968, 45.822, 45.505, 45.38, 45.582, 45.617, 45.195, 45.021, 45.166, 45.091, 44.837, 44.776, 45.138, 45.58, 45.916, 46.005, 45.721, 45.181, 44.743, 44.771, 45.046, 45.28, 45.23, 44.793, 44.125, 43.714, 43.57, 43.437, 43.222, 42.94, 42.685, 42.555, 42.63, 42.819, 42.802, 42.585, 42.547, 42.813, 43.011, 43.042, 43.12, 43.399, 43.628, 43.674, 43.746, 43.701, 43.18, 42.387, 42.174, 42.398, 42.465, 42.46, 42.582, 42.805, 42.581, 42.076, 41.886, 41.86, 41.719, 41.257, 40.619, 40.249, 40.219, 40.248, 40.199, 40.139, 39.976, 39.768, 39.729, 39.917, 40.55, 41.396, 42.135, 42.545, 42.414, 42.351, 42.706, 43.244, 43.599, 43.943, 44.563, 45.393, 46.049, 46.391, 46.852, 47.667, 48.298, 48.506, 48.651, 49.077, 49.708, 49.761, 48.727, 48.058, 48.149, 48.284, 47.836, 46.889, 45.931, 45.469, 45.669, 45.861, 22.048], [23.684, 22.962, 21.43, 19.045, 16.602, 15.064, 14.468, 14.069, 12.882, 10.11, 5.81, 0.0, 6.646, 12.393, 16.011, 17.737, 18.526, 19.165, 20.184, 21.788, 23.412, 25.312, 28.058, 31.77, 35.56, 38.306, 39.815, 40.869, 42.212, 43.743, 45.15, 45.75, 45.803, 45.707, 45.648, 45.445, 44.909, 44.672, 45.15, 45.612, 45.448, 45.085, 45.055, 45.326, 45.545, 45.569, 45.539, 45.567, 45.676, 45.791, 45.857, 45.895, 45.898, 45.907, 45.991, 46.08, 45.901, 45.536, 45.375, 45.581, 45.614, 45.172, 44.973, 45.105, 45.038, 44.786, 44.726, 45.094, 45.545, 45.889, 45.979, 45.689, 45.125, 44.636, 44.628, 44.893, 45.125, 45.076, 44.644, 43.984, 43.572, 43.416, 43.272, 43.051, 42.772, 42.524, 42.396, 42.476, 42.684, 42.702, 42.541, 42.563, 42.861, 43.071, 43.117, 43.241, 43.583, 43.836, 43.885, 43.977, 43.956, 43.422, 42.606, 42.403, 42.65, 42.735, 42.754, 42.898, 43.123, 42.892, 42.382, 42.194, 42.17, 42.037, 41.578, 40.915, 40.507, 40.452, 40.467, 40.391, 40.279, 40.057, 39.801, 39.745, 39.959, 40.645, 41.538, 42.312, 42.724, 42.58, 42.506, 42.847, 43.372, 43.723, 44.066, 44.674, 45.485, 46.135, 46.49, 46.964, 47.777, 48.407, 48.625, 48.782, 49.216, 49.853, 49.902, 48.86, 48.194, 48.287, 48.416, 47.966, 47.023, 46.074, 45.622, 45.823, 46.013, 24.377], [26.327, 25.658, 24.289, 22.203, 20.073, 18.671, 18.057, 17.709, 16.916, 14.996, 11.724, 6.646, 0.0, 6.516, 11.158, 13.638, 14.814, 15.691, 17.081, 19.25, 21.481, 24.018, 27.395, 31.653, 35.841, 38.72, 40.211, 41.167, 42.431, 43.956, 45.354, 45.937, 45.987, 45.884, 45.813, 45.609, 45.059, 44.802, 45.264, 45.711, 45.538, 45.175, 45.155, 45.436, 45.659, 45.683, 45.651, 45.677, 45.78, 45.889, 45.952, 45.983, 45.973, 45.968, 46.036, 46.105, 45.908, 45.531, 45.393, 45.647, 45.686, 45.217, 44.993, 45.103, 45.023, 44.757, 44.67, 45.005, 45.436, 45.773, 45.85, 45.531, 44.923, 44.384, 44.35, 44.604, 44.826, 44.774, 44.356, 43.715, 43.312, 43.155, 43.011, 42.796, 42.524, 42.274, 42.126, 42.194, 42.426, 42.508, 42.433, 42.525, 42.851, 43.068, 43.131, 43.319, 43.753, 44.054, 44.124, 44.252, 44.272, 43.725, 42.883, 42.688, 42.952, 43.049, 43.09, 43.262, 43.497, 43.269, 42.761, 42.581, 42.565, 42.44, 41.979, 41.284, 40.826, 40.729, 40.715, 40.606, 40.448, 40.175, 39.871, 39.791, 40.054, 40.836, 41.78, 42.576, 42.981, 42.822, 42.732, 43.052, 43.556, 43.904, 44.246, 44.832, 45.614, 46.249, 46.607, 47.084, 47.889, 48.509, 48.73, 48.899, 49.349, 49.995, 50.035, 48.983, 48.325, 48.421, 48.541, 48.085, 47.146, 46.211, 45.773, 45.971, 46.148, 26.943], [28.61, 27.974, 26.756, 24.95, 23.125, 21.923, 21.366, 21.01, 20.336, 18.887, 16.45, 12.393, 6.516, 0.0, 5.393, 8.755, 10.637, 12.009, 13.929, 16.822, 19.756, 22.878, 26.659, 31.221, 35.704, 38.729, 40.274, 41.215, 42.459, 44.002, 45.394, 45.958, 46.003, 45.898, 45.821, 45.615, 45.069, 44.822, 45.294, 45.746, 45.57, 45.204, 45.193, 45.488, 45.718, 45.745, 45.716, 45.746, 45.855, 45.963, 46.019, 46.041, 46.022, 46.011, 46.074, 46.14, 45.958, 45.63, 45.581, 45.919, 45.961, 45.448, 45.188, 45.275, 45.181, 44.887, 44.741, 45.007, 45.401, 45.732, 45.797, 45.442, 44.788, 44.214, 44.162, 44.408, 44.618, 44.562, 44.158, 43.536, 43.146, 42.997, 42.862, 42.661, 42.399, 42.142, 41.967, 42.017, 42.276, 42.435, 42.451, 42.593, 42.912, 43.116, 43.195, 43.441, 43.945, 44.281, 44.376, 44.545, 44.613, 44.071, 43.217, 43.021, 43.289, 43.391, 43.449, 43.646, 43.89, 43.666, 43.164, 42.996, 42.991, 42.877, 42.421, 41.709, 41.213, 41.077, 41.032, 40.896, 40.71, 40.416, 40.081, 39.964, 40.255, 41.116, 42.097, 42.904, 43.298, 43.124, 43.022, 43.323, 43.81, 44.157, 44.495, 45.055, 45.808, 46.434, 46.793, 47.264, 48.054, 48.657, 48.873, 49.052, 49.515, 50.161, 50.189, 49.134, 48.489, 48.592, 48.711, 48.255, 47.327, 46.41, 45.979, 46.165, 46.321, 29.188], [29.986, 29.371, 28.258, 26.644, 25.027, 23.981, 23.496, 23.137, 22.466, 21.205, 19.255, 16.011, 11.158, 5.393, 0.0, 3.957, 6.765, 8.963, 11.52, 15.014, 18.462, 21.987, 25.981, 30.666, 35.29, 38.437, 40.076, 41.057, 42.316, 43.883, 45.282, 45.841, 45.884, 45.787, 45.723, 45.53, 45.001, 44.781, 45.282, 45.756, 45.587, 45.221, 45.218, 45.525, 45.762, 45.79, 45.765, 45.81, 45.939, 46.056, 46.109, 46.127, 46.11, 46.111, 46.181, 46.26, 46.11, 45.853, 45.905, 46.315, 46.357, 45.797, 45.491, 45.562, 45.47, 45.154, 44.95, 45.15, 45.514, 45.848, 45.919, 45.559, 44.895, 44.321, 44.269, 44.513, 44.719, 44.664, 44.267, 43.653, 43.272, 43.127, 42.999, 42.81, 42.561, 42.302, 42.114, 42.156, 42.43, 42.635, 42.701, 42.847, 43.125, 43.301, 43.39, 43.663, 44.177, 44.504, 44.606, 44.804, 44.915, 44.394, 43.544, 43.341, 43.606, 43.712, 43.784, 43.995, 44.248, 44.028, 43.527, 43.363, 43.365, 43.261, 42.813, 42.1, 41.59, 41.433, 41.371, 41.225, 41.038, 40.752, 40.406, 40.244, 40.523, 41.413, 42.419, 43.241, 43.632, 43.449, 43.343, 43.639, 44.118, 44.461, 44.789, 45.327, 46.061, 46.686, 47.05, 47.515, 48.289, 48.877, 49.087, 49.266, 49.728, 50.366, 50.387, 49.337, 48.698, 48.804, 48.928, 48.484, 47.572, 46.67, 46.24, 46.41, 46.551, 30.547], [30.689, 30.095, 29.041, 27.521, 26.007, 25.04, 24.593, 24.225, 23.525, 22.305, 20.547, 17.737, 13.638, 8.755, 3.957, 0.0, 3.509, 6.662, 10.092, 14.063, 17.765, 21.517, 25.697, 30.472, 35.112, 38.295, 40.002, 41.046, 42.331, 43.904, 45.311, 45.878, 45.929, 45.848, 45.806, 45.639, 45.135, 44.94, 45.463, 45.953, 45.795, 45.439, 45.445, 45.757, 45.995, 46.023, 46.001, 46.057, 46.204, 46.335, 46.39, 46.405, 46.391, 46.4, 46.479, 46.57, 46.444, 46.223, 46.312, 46.734, 46.771, 46.198, 45.874, 45.94, 45.858, 45.541, 45.315, 45.481, 45.827, 46.162, 46.243, 45.902, 45.266, 44.728, 44.698, 44.944, 45.145, 45.088, 44.698, 44.099, 43.729, 43.587, 43.46, 43.28, 43.041, 42.789, 42.603, 42.642, 42.913, 43.127, 43.193, 43.318, 43.559, 43.711, 43.803, 44.074, 44.557, 44.856, 44.954, 45.16, 45.289, 44.799, 43.976, 43.768, 44.022, 44.13, 44.213, 44.43, 44.685, 44.474, 43.982, 43.82, 43.824, 43.725, 43.284, 42.577, 42.066, 41.903, 41.838, 41.699, 41.529, 41.258, 40.9, 40.696, 40.944, 41.842, 42.862, 43.676, 44.053, 43.866, 43.764, 44.058, 44.527, 44.86, 45.175, 45.691, 46.401, 47.012, 47.372, 47.825, 48.574, 49.14, 49.342, 49.514, 49.962, 50.586, 50.605, 49.575, 48.943, 49.041, 49.166, 48.738, 47.848, 46.959, 46.524, 46.677, 46.808, 31.238], [31.183, 30.607, 29.577, 28.086, 26.599, 25.656, 25.214, 24.832, 24.11, 22.891, 21.185, 18.526, 14.814, 10.637, 6.765, 3.509, 0.0, 3.935, 8.651, 13.318, 17.279, 21.211, 25.647, 30.611, 35.266, 38.443, 40.199, 41.313, 42.637, 44.223, 45.645, 46.231, 46.295, 46.22, 46.19, 46.056, 45.584, 45.405, 45.928, 46.412, 46.261, 45.924, 45.942, 46.253, 46.486, 46.511, 46.49, 46.549, 46.7, 46.837, 46.895, 46.91, 46.893, 46.9, 46.983, 47.08, 46.959, 46.727, 46.775, 47.152, 47.186, 46.636, 46.31, 46.361, 46.285, 45.993, 45.782, 45.945, 46.283, 46.61, 46.69, 46.365, 45.771, 45.293, 45.301, 45.549, 45.737, 45.675, 45.295, 44.72, 44.37, 44.235, 44.111, 43.936, 43.707, 43.464, 43.281, 43.314, 43.578, 43.785, 43.838, 43.95, 44.18, 44.324, 44.414, 44.672, 45.122, 45.397, 45.482, 45.668, 45.79, 45.328, 44.54, 44.333, 44.573, 44.681, 44.774, 44.993, 45.247, 45.043, 44.565, 44.413, 44.423, 44.327, 43.894, 43.2, 42.695, 42.527, 42.46, 42.334, 42.184, 41.92, 41.538, 41.295, 41.523, 42.433, 43.446, 44.217, 44.563, 44.376, 44.277, 44.562, 45.017, 45.34, 45.645, 46.14, 46.814, 47.393, 47.732, 48.16, 48.873, 49.415, 49.609, 49.772, 50.201, 50.806, 50.827, 49.833, 49.225, 49.317, 49.44, 49.033, 48.174, 47.302, 46.861, 46.996, 47.119, 31.72], [31.502, 30.939, 29.929, 28.465, 27.007, 26.087, 25.665, 25.3, 24.596, 23.402, 21.734, 19.165, 15.691, 12.009, 8.963, 6.662, 3.935, 0.0, 5.718, 11.253, 15.82, 20.175, 24.935, 30.136, 34.908, 38.17, 40.022, 41.229, 42.641, 44.31, 45.799, 46.423, 46.498, 46.417, 46.386, 46.272, 45.82, 45.649, 46.157, 46.621, 46.468, 46.145, 46.173, 46.483, 46.711, 46.736, 46.715, 46.775, 46.926, 47.062, 47.121, 47.142, 47.135, 47.154, 47.248, 47.353, 47.231, 46.98, 46.988, 47.325, 47.354, 46.823, 46.497, 46.523, 46.43, 46.155, 45.969, 46.138, 46.469, 46.785, 46.859, 46.539, 45.968, 45.525, 45.554, 45.8, 45.977, 45.911, 45.538, 44.979, 44.643, 44.515, 44.394, 44.224, 43.999, 43.756, 43.567, 43.591, 43.849, 44.054, 44.108, 44.225, 44.465, 44.616, 44.709, 44.966, 45.408, 45.672, 45.74, 45.904, 46.013, 45.564, 44.785, 44.566, 44.793, 44.901, 45.0, 45.22, 45.47, 45.267, 44.801, 44.667, 44.693, 44.61, 44.189, 43.506, 43.005, 42.833, 42.766, 42.649, 42.514, 42.253, 41.849, 41.567, 41.765, 42.668, 43.685, 44.444, 44.775, 44.585, 44.483, 44.76, 45.207, 45.529, 45.834, 46.325, 46.988, 47.552, 47.876, 48.28, 48.97, 49.506, 49.704, 49.863, 50.275, 50.864, 50.89, 49.923, 49.334, 49.424, 49.55, 49.164, 48.327, 47.461, 47.011, 47.134, 47.25, 32.027], [31.634, 31.079, 30.109, 28.727, 27.366, 26.525, 26.17, 25.874, 25.248, 24.135, 22.56, 20.184, 17.081, 13.929, 11.52, 10.092, 8.651, 5.718, 0.0, 6.287, 12.035, 17.462, 22.81, 28.285, 33.3, 36.798, 38.834, 40.168, 41.704, 43.522, 45.149, 45.851, 45.945, 45.859, 45.828, 45.721, 45.276, 45.106, 45.595, 46.029, 45.86, 45.538, 45.573, 45.886, 46.114, 46.138, 46.121, 46.189, 46.346, 46.483, 46.543, 46.58, 46.614, 46.688, 46.824, 46.949, 46.832, 46.592, 46.64, 47.022, 47.04, 46.47, 46.132, 46.154, 46.037, 45.736, 45.543, 45.713, 46.037, 46.349, 46.426, 46.107, 45.518, 45.041, 45.04, 45.275, 45.448, 45.378, 44.994, 44.414, 44.067, 43.939, 43.821, 43.648, 43.414, 43.157, 42.957, 42.978, 43.243, 43.456, 43.521, 43.648, 43.903, 44.075, 44.184, 44.465, 44.939, 45.209, 45.266, 45.439, 45.568, 45.119, 44.308, 44.065, 44.295, 44.42, 44.529, 44.753, 45.004, 44.791, 44.32, 44.198, 44.244, 44.18, 43.767, 43.074, 42.565, 42.397, 42.339, 42.228, 42.098, 41.843, 41.438, 41.127, 41.246, 42.083, 43.156, 44.021, 44.4, 44.203, 44.092, 44.38, 44.846, 45.18, 45.496, 46.008, 46.71, 47.317, 47.667, 48.081, 48.781, 49.335, 49.548, 49.708, 50.114, 50.703, 50.734, 49.75, 49.127, 49.2, 49.326, 48.942, 48.096, 47.215, 46.763, 46.894, 47.008, 32.144], [31.948, 31.405, 30.495, 29.234, 28.011, 27.272, 26.987, 26.764, 26.24, 25.26, 23.858, 21.788, 19.25, 16.822, 15.014, 14.063, 13.318, 11.253, 6.287, 0.0, 6.78, 13.628, 20.037, 26.07, 31.397, 35.092, 37.249, 38.665, 40.275, 42.183, 43.92, 44.696, 44.811, 44.731, 44.716, 44.629, 44.204, 44.048, 44.537, 44.966, 44.8, 44.482, 44.52, 44.838, 45.067, 45.09, 45.075, 45.155, 45.331, 45.475, 45.536, 45.592, 45.686, 45.845, 46.048, 46.198, 46.082, 45.853, 45.957, 46.418, 46.446, 45.83, 45.484, 45.537, 45.418, 45.075, 44.848, 45.011, 45.335, 45.653, 45.742, 45.419, 44.797, 44.27, 44.231, 44.455, 44.632, 44.557, 44.141, 43.509, 43.127, 42.995, 42.882, 42.705, 42.453, 42.178, 41.974, 42.01, 42.294, 42.511, 42.574, 42.703, 42.976, 43.174, 43.301, 43.6, 44.106, 44.392, 44.457, 44.657, 44.822, 44.391, 43.589, 43.383, 43.656, 43.8, 43.913, 44.144, 44.402, 44.179, 43.688, 43.554, 43.6, 43.545, 43.134, 42.434, 41.919, 41.759, 41.708, 41.588, 41.447, 41.203, 40.837, 40.533, 40.553, 41.257, 42.337, 43.308, 43.759, 43.568, 43.451, 43.75, 44.234, 44.577, 44.899, 45.429, 46.17, 46.834, 47.241, 47.697, 48.433, 49.016, 49.244, 49.411, 49.826, 50.432, 50.463, 49.419, 48.713, 48.752, 48.878, 48.482, 47.61, 46.722, 46.298, 46.465, 46.582, 32.428], [32.189, 31.642, 30.781, 29.624, 28.514, 27.86, 27.632, 27.472, 27.05, 26.248, 25.101, 23.412, 21.481, 19.756, 18.462, 17.765, 17.279, 15.82, 12.035, 6.78, 0.0, 7.921, 15.928, 23.336, 29.435, 33.414, 35.584, 36.977, 38.618, 40.58, 42.388, 43.197, 43.294, 43.2, 43.201, 43.143, 42.727, 42.569, 43.077, 43.551, 43.434, 43.141, 43.185, 43.509, 43.745, 43.766, 43.748, 43.837, 44.035, 44.196, 44.258, 44.324, 44.467, 44.712, 44.985, 45.148, 45.002, 44.741, 44.859, 45.39, 45.46, 44.825, 44.481, 44.586, 44.477, 44.081, 43.819, 43.983, 44.322, 44.653, 44.746, 44.402, 43.73, 43.161, 43.108, 43.339, 43.534, 43.462, 43.003, 42.277, 41.813, 41.658, 41.548, 41.364, 41.084, 40.777, 40.575, 40.645, 40.963, 41.19, 41.238, 41.364, 41.655, 41.877, 42.008, 42.301, 42.828, 43.151, 43.245, 43.476, 43.678, 43.287, 42.565, 42.487, 42.844, 42.988, 43.071, 43.296, 43.569, 43.338, 42.8, 42.623, 42.649, 42.598, 42.209, 41.531, 41.029, 40.875, 40.816, 40.658, 40.476, 40.241, 39.943, 39.673, 39.585, 40.107, 41.133, 42.181, 42.704, 42.529, 42.408, 42.718, 43.214, 43.56, 43.887, 44.429, 45.195, 45.906, 46.372, 46.897, 47.708, 48.349, 48.605, 48.794, 49.243, 49.891, 49.92, 48.769, 47.947, 47.948, 48.082, 47.66, 46.739, 45.844, 45.475, 45.705, 45.838, 32.655], [32.406, 31.835, 31.015, 29.96, 28.969, 28.414, 28.262, 28.173, 27.859, 27.274, 26.487, 25.312, 24.018, 22.878, 21.987, 21.517, 21.211, 20.175, 17.462, 13.628, 7.921, 0.0, 9.477, 18.937, 26.52, 31.205, 33.512, 34.838, 36.536, 38.676, 40.654, 41.53, 41.591, 41.454, 41.461, 41.431, 41.013, 40.811, 41.3, 41.816, 41.765, 41.501, 41.554, 41.895, 42.145, 42.166, 42.141, 42.236, 42.457, 42.638, 42.705, 42.78, 42.957, 43.263, 43.589, 43.757, 43.568, 43.276, 43.423, 44.028, 44.15, 43.527, 43.24, 43.436, 43.339, 42.871, 42.573, 42.751, 43.106, 43.437, 43.518, 43.137, 42.399, 41.776, 41.703, 41.942, 42.169, 42.116, 41.617, 40.773, 40.188, 39.986, 39.872, 39.683, 39.368, 39.013, 38.795, 38.903, 39.273, 39.517, 39.54, 39.634, 39.926, 40.165, 40.288, 40.551, 41.089, 41.466, 41.593, 41.84, 42.07, 41.735, 41.136, 41.225, 41.692, 41.824, 41.839, 42.03, 42.313, 42.067, 41.462, 41.225, 41.228, 41.196, 40.85, 40.216, 39.743, 39.6, 39.522, 39.31, 39.074, 38.852, 38.638, 38.411, 38.2, 38.519, 39.496, 40.625, 41.205, 41.031, 40.91, 41.242, 41.757, 42.103, 42.43, 42.985, 43.78, 44.527, 45.03, 45.62, 46.532, 47.253, 47.547, 47.766, 48.264, 48.97, 49.003, 47.747, 46.811, 46.787, 46.936, 46.478, 45.486, 44.575, 44.267, 44.576, 44.739, 32.887], [32.969, 32.392, 31.657, 30.767, 29.95, 29.534, 29.481, 29.467, 29.273, 28.93, 28.586, 28.058, 27.395, 26.659, 25.981, 25.697, 25.647, 24.935, 22.81, 20.037, 15.928, 9.477, 0.0, 11.085, 20.675, 26.821, 29.939, 31.647, 33.713, 36.354, 38.792, 39.936, 40.067, 39.949, 40.005, 40.04, 39.663, 39.398, 39.768, 40.224, 40.172, 39.908, 39.963, 40.321, 40.589, 40.616, 40.592, 40.697, 40.939, 41.137, 41.215, 41.307, 41.516, 41.853, 42.207, 42.408, 42.266, 42.097, 42.435, 43.176, 43.33, 42.738, 42.581, 42.913, 42.837, 42.296, 41.948, 42.118, 42.449, 42.738, 42.797, 42.405, 41.612, 40.899, 40.749, 40.959, 41.196, 41.153, 40.637, 39.729, 39.065, 38.822, 38.697, 38.499, 38.15, 37.733, 37.471, 37.591, 38.003, 38.262, 38.245, 38.266, 38.521, 38.764, 38.87, 39.097, 39.642, 40.052, 40.158, 40.373, 40.603, 40.314, 39.787, 39.956, 40.508, 40.658, 40.619, 40.762, 41.035, 40.771, 40.129, 39.869, 39.888, 39.911, 39.634, 39.061, 38.627, 38.496, 38.41, 38.175, 37.927, 37.737, 37.597, 37.41, 37.124, 37.3, 38.213, 39.319, 39.861, 39.652, 39.533, 39.894, 40.422, 40.758, 41.076, 41.638, 42.453, 43.204, 43.708, 44.338, 45.326, 46.102, 46.422, 46.661, 47.181, 47.908, 47.964, 46.716, 45.779, 45.776, 45.943, 45.453, 44.401, 43.477, 43.229, 43.613, 43.812, 33.466], [34.623, 34.115, 33.538, 32.87, 32.253, 31.956, 31.951, 31.973, 31.868, 31.696, 31.705, 31.77, 31.653, 31.221, 30.666, 30.472, 30.611, 30.136, 28.285, 26.07, 23.336, 18.937, 11.085, 0.0, 11.16, 19.334, 24.436, 27.713, 30.795, 34.084, 37.058, 38.618, 39.021, 39.126, 39.373, 39.548, 39.29, 39.076, 39.372, 39.701, 39.578, 39.297, 39.355, 39.713, 39.986, 40.032, 40.031, 40.148, 40.391, 40.583, 40.661, 40.777, 41.034, 41.412, 41.807, 42.112, 42.194, 42.404, 43.12, 44.023, 44.159, 43.562, 43.475, 43.856, 43.793, 43.248, 42.87, 42.99, 43.24, 43.449, 43.479, 43.128, 42.395, 41.689, 41.489, 41.638, 41.829, 41.779, 41.313, 40.5, 39.904, 39.679, 39.549, 39.342, 38.979, 38.533, 38.235, 38.329, 38.733, 38.993, 38.976, 38.976, 39.197, 39.408, 39.489, 39.723, 40.276, 40.639, 40.644, 40.757, 40.926, 40.656, 40.115, 40.186, 40.688, 40.856, 40.821, 40.932, 41.169, 40.923, 40.378, 40.203, 40.293, 40.383, 40.181, 39.692, 39.307, 39.184, 39.096, 38.89, 38.703, 38.567, 38.452, 38.265, 37.98, 38.159, 38.995, 39.89, 40.269, 40.023, 39.916, 40.266, 40.751, 41.044, 41.327, 41.849, 42.6, 43.279, 43.729, 44.312, 45.251, 46.002, 46.327, 46.56, 47.023, 47.666, 47.746, 46.712, 45.961, 46.02, 46.203, 45.743, 44.743, 43.87, 43.662, 44.068, 44.282, 35.096], [37.264, 36.866, 36.439, 35.931, 35.439, 35.197, 35.19, 35.204, 35.117, 34.987, 35.145, 35.56, 35.841, 35.704, 35.29, 35.112, 35.266, 34.908, 33.3, 31.397, 29.435, 26.52, 20.675, 11.16, 0.0, 9.92, 17.882, 23.91, 28.647, 32.502, 35.748, 37.62, 38.397, 38.891, 39.431, 39.777, 39.685, 39.671, 40.055, 40.316, 40.12, 39.829, 39.891, 40.231, 40.492, 40.559, 40.589, 40.71, 40.927, 41.09, 41.157, 41.3, 41.629, 42.09, 42.559, 42.977, 43.31, 43.913, 44.951, 45.924, 45.994, 45.343, 45.178, 45.466, 45.418, 44.972, 44.635, 44.716, 44.889, 45.026, 45.027, 44.747, 44.202, 43.697, 43.588, 43.717, 43.851, 43.791, 43.404, 42.76, 42.307, 42.138, 42.022, 41.831, 41.504, 41.11, 40.84, 40.913, 41.271, 41.515, 41.536, 41.594, 41.827, 41.998, 42.055, 42.308, 42.835, 43.092, 42.983, 42.983, 43.064, 42.816, 42.269, 42.194, 42.542, 42.681, 42.667, 42.768, 42.972, 42.783, 42.418, 42.382, 42.546, 42.666, 42.502, 42.08, 41.734, 41.6, 41.504, 41.344, 41.244, 41.168, 41.049, 40.833, 40.56, 40.817, 41.612, 42.258, 42.457, 42.203, 42.117, 42.418, 42.818, 43.045, 43.27, 43.697, 44.303, 44.848, 45.198, 45.656, 46.443, 47.107, 47.417, 47.621, 47.978, 48.471, 48.54, 47.762, 47.239, 47.342, 47.531, 47.165, 46.321, 45.557, 45.361, 45.732, 45.94, 37.687], [39.608, 39.271, 38.915, 38.484, 38.061, 37.856, 37.855, 37.863, 37.766, 37.62, 37.794, 38.306, 38.72, 38.729, 38.437, 38.295, 38.443, 38.17, 36.798, 35.092, 33.414, 31.205, 26.821, 19.334, 9.92, 0.0, 10.062, 19.014, 25.898, 30.66, 34.233, 36.342, 37.477, 38.349, 39.14, 39.634, 39.722, 39.921, 40.418, 40.644, 40.384, 40.076, 40.139, 40.468, 40.718, 40.796, 40.842, 40.962, 41.159, 41.302, 41.362, 41.531, 41.937, 42.505, 43.057, 43.539, 44.0, 44.807, 45.999, 46.973, 46.991, 46.309, 46.062, 46.246, 46.219, 45.888, 45.609, 45.654, 45.766, 45.866, 45.86, 45.63, 45.222, 44.88, 44.867, 45.009, 45.117, 45.053, 44.714, 44.178, 43.83, 43.713, 43.62, 43.45, 43.163, 42.838, 42.626, 42.706, 43.039, 43.278, 43.331, 43.443, 43.716, 43.888, 43.931, 44.17, 44.66, 44.855, 44.702, 44.649, 44.692, 44.479, 43.977, 43.856, 44.093, 44.175, 44.159, 44.252, 44.44, 44.312, 44.074, 44.116, 44.313, 44.444, 44.296, 43.905, 43.566, 43.415, 43.308, 43.174, 43.129, 43.106, 43.023, 42.821, 42.537, 42.804, 43.577, 44.101, 44.206, 43.959, 43.891, 44.157, 44.496, 44.674, 44.851, 45.2, 45.699, 46.152, 46.436, 46.815, 47.5, 48.1, 48.391, 48.573, 48.861, 49.246, 49.259, 48.563, 48.135, 48.239, 48.408, 48.096, 47.381, 46.724, 46.547, 46.886, 47.085, 39.991], [41.002, 40.658, 40.309, 39.911, 39.543, 39.387, 39.42, 39.453, 39.364, 39.205, 39.347, 39.815, 40.211, 40.274, 40.076, 40.002, 40.199, 40.022, 38.834, 37.249, 35.584, 33.512, 29.939, 24.436, 17.882, 10.062, 0.0, 11.035, 20.311, 26.689, 31.137, 33.675, 35.124, 36.266, 37.255, 37.916, 38.172, 38.499, 39.057, 39.296, 39.039, 38.725, 38.788, 39.129, 39.397, 39.484, 39.537, 39.67, 39.887, 40.039, 40.097, 40.288, 40.78, 41.475, 42.109, 42.612, 43.103, 43.979, 45.246, 46.265, 46.296, 45.605, 45.344, 45.521, 45.513, 45.217, 44.956, 44.993, 45.095, 45.201, 45.207, 44.977, 44.56, 44.215, 44.213, 44.374, 44.5, 44.452, 44.119, 43.589, 43.264, 43.171, 43.092, 42.926, 42.649, 42.364, 42.208, 42.327, 42.683, 42.943, 43.002, 43.107, 43.393, 43.595, 43.639, 43.837, 44.301, 44.516, 44.402, 44.381, 44.488, 44.335, 43.926, 43.889, 44.113, 44.14, 44.085, 44.153, 44.327, 44.211, 43.982, 44.01, 44.193, 44.331, 44.202, 43.822, 43.486, 43.331, 43.218, 43.072, 43.018, 43.019, 42.993, 42.83, 42.494, 42.631, 43.347, 43.891, 44.018, 43.788, 43.726, 43.985, 44.311, 44.472, 44.627, 44.947, 45.439, 45.912, 46.218, 46.614, 47.316, 47.929, 48.216, 48.396, 48.693, 49.082, 49.036, 48.214, 47.724, 47.818, 47.974, 47.658, 46.976, 46.376, 46.257, 46.638, 46.856, 41.368], [41.888, 41.506, 41.137, 40.768, 40.462, 40.363, 40.441, 40.522, 40.484, 40.372, 40.505, 40.869, 41.167, 41.215, 41.057, 41.046, 41.313, 41.229, 40.168, 38.665, 36.977, 34.838, 31.647, 27.713, 23.91, 19.014, 11.035, 0.0, 11.062, 19.779, 25.928, 29.351, 31.192, 32.524, 33.697, 34.604, 35.021, 35.369, 35.927, 36.251, 36.105, 35.83, 35.908, 36.297, 36.617, 36.723, 36.777, 36.937, 37.21, 37.4, 37.461, 37.676, 38.266, 39.1, 39.807, 40.298, 40.774, 41.717, 43.154, 44.377, 44.532, 43.897, 43.747, 44.064, 44.078, 43.721, 43.451, 43.545, 43.71, 43.851, 43.862, 43.569, 42.992, 42.458, 42.355, 42.523, 42.707, 42.694, 42.329, 41.703, 41.299, 41.173, 41.085, 40.912, 40.631, 40.357, 40.232, 40.389, 40.792, 41.103, 41.163, 41.199, 41.418, 41.621, 41.679, 41.851, 42.314, 42.609, 42.584, 42.679, 42.962, 42.896, 42.59, 42.713, 43.022, 43.029, 42.928, 42.984, 43.162, 42.997, 42.65, 42.577, 42.696, 42.812, 42.678, 42.288, 41.954, 41.817, 41.706, 41.518, 41.405, 41.396, 41.404, 41.25, 40.845, 40.816, 41.458, 42.123, 42.372, 42.177, 42.109, 42.375, 42.719, 42.893, 43.049, 43.389, 43.967, 44.555, 44.966, 45.479, 46.301, 46.975, 47.259, 47.443, 47.813, 48.31, 48.243, 47.181, 46.507, 46.581, 46.754, 46.403, 45.659, 45.05, 45.016, 45.511, 45.775, 42.239], [42.845, 42.446, 42.087, 41.778, 41.558, 41.529, 41.652, 41.775, 41.792, 41.756, 41.922, 42.212, 42.431, 42.459, 42.316, 42.331, 42.637, 42.641, 41.704, 40.275, 38.618, 36.536, 33.713, 30.795, 28.647, 25.898, 20.311, 11.062, 0.0, 10.669, 18.86, 23.699, 26.235, 27.863, 29.301, 30.543, 31.178, 31.625, 32.322, 32.913, 33.032, 32.871, 32.987, 33.439, 33.824, 33.951, 34.012, 34.213, 34.563, 34.807, 34.885, 35.148, 35.863, 36.847, 37.625, 38.121, 38.655, 39.79, 41.502, 42.97, 43.266, 42.734, 42.777, 43.313, 43.377, 42.95, 42.659, 42.811, 43.041, 43.222, 43.256, 42.929, 42.179, 41.39, 41.118, 41.267, 41.51, 41.527, 41.118, 40.379, 39.856, 39.657, 39.537, 39.359, 39.09, 38.834, 38.723, 38.896, 39.319, 39.658, 39.715, 39.659, 39.745, 39.895, 39.972, 40.136, 40.575, 40.918, 40.98, 41.221, 41.704, 41.735, 41.521, 41.773, 42.166, 42.173, 42.048, 42.116, 42.324, 42.122, 41.645, 41.446, 41.477, 41.538, 41.371, 40.957, 40.624, 40.512, 40.415, 40.202, 40.055, 40.047, 40.07, 39.911, 39.467, 39.314, 39.893, 40.691, 41.082, 40.929, 40.849, 41.114, 41.473, 41.661, 41.821, 42.175, 42.824, 43.509, 44.026, 44.654, 45.568, 46.266, 46.53, 46.716, 47.153, 47.751, 47.688, 46.453, 45.609, 45.635, 45.802, 45.415, 44.621, 44.009, 44.05, 44.648, 44.954, 43.168], [43.913, 43.541, 43.232, 43.005, 42.881, 42.917, 43.066, 43.201, 43.234, 43.244, 43.454, 43.743, 43.956, 44.002, 43.883, 43.904, 44.223, 44.31, 43.522, 42.183, 40.58, 38.676, 36.354, 34.084, 32.502, 30.66, 26.689, 19.779, 10.669, 0.0, 9.578, 16.141, 19.936, 22.377, 24.332, 25.957, 27.048, 28.139, 29.562, 30.797, 31.346, 31.352, 31.511, 32.009, 32.44, 32.579, 32.646, 32.884, 33.294, 33.578, 33.671, 33.978, 34.808, 35.942, 36.823, 37.381, 38.049, 39.403, 41.31, 42.875, 43.2, 42.716, 42.898, 43.596, 43.708, 43.25, 42.938, 43.096, 43.333, 43.532, 43.619, 43.349, 42.573, 41.663, 41.28, 41.406, 41.673, 41.698, 41.268, 40.488, 39.901, 39.644, 39.496, 39.331, 39.112, 38.908, 38.824, 39.0, 39.4, 39.71, 39.752, 39.637, 39.598, 39.679, 39.784, 39.931, 40.246, 40.512, 40.625, 40.986, 41.586, 41.715, 41.615, 41.954, 42.37, 42.361, 42.213, 42.285, 42.518, 42.337, 41.835, 41.576, 41.542, 41.553, 41.365, 40.962, 40.658, 40.573, 40.482, 40.262, 40.112, 40.124, 40.171, 40.018, 39.554, 39.309, 39.779, 40.583, 41.042, 40.926, 40.841, 41.089, 41.435, 41.615, 41.759, 42.079, 42.7, 43.387, 43.929, 44.563, 45.448, 46.11, 46.349, 46.53, 46.979, 47.595, 47.534, 46.274, 45.396, 45.401, 45.552, 45.163, 44.392, 43.805, 43.869, 44.495, 44.813, 44.2], [45.082, 44.744, 44.481, 44.309, 44.237, 44.301, 44.454, 44.586, 44.619, 44.639, 44.86, 45.15, 45.354, 45.394, 45.282, 45.311, 45.645, 45.799, 45.149, 43.92, 42.388, 40.654, 38.792, 37.058, 35.748, 34.233, 31.137, 25.928, 18.86, 9.578, 0.0, 7.852, 13.272, 17.044, 19.667, 21.597, 23.359, 25.609, 28.178, 30.201, 31.164, 31.308, 31.489, 32.006, 32.459, 32.601, 32.661, 32.898, 33.311, 33.589, 33.671, 33.988, 34.874, 36.097, 37.059, 37.682, 38.459, 39.955, 41.927, 43.456, 43.749, 43.299, 43.552, 44.307, 44.431, 43.971, 43.658, 43.808, 44.038, 44.25, 44.387, 44.192, 43.467, 42.561, 42.159, 42.28, 42.539, 42.546, 42.112, 41.347, 40.758, 40.485, 40.335, 40.2, 40.035, 39.885, 39.83, 39.996, 40.347, 40.61, 40.656, 40.545, 40.446, 40.485, 40.618, 40.739, 40.9, 41.035, 41.163, 41.575, 42.187, 42.411, 42.473, 42.9, 43.296, 43.236, 43.052, 43.106, 43.336, 43.196, 42.746, 42.494, 42.437, 42.423, 42.252, 41.916, 41.679, 41.625, 41.532, 41.303, 41.161, 41.205, 41.294, 41.163, 40.68, 40.369, 40.714, 41.434, 41.887, 41.795, 41.713, 41.935, 42.259, 42.434, 42.56, 42.819, 43.356, 43.991, 44.506, 45.087, 45.892, 46.501, 46.721, 46.89, 47.312, 47.894, 47.823, 46.604, 45.763, 45.767, 45.908, 45.541, 44.832, 44.305, 44.376, 44.976, 45.279, 45.337], [45.675, 45.359, 45.116, 44.958, 44.889, 44.95, 45.101, 45.236, 45.268, 45.275, 45.475, 45.75, 45.937, 45.958, 45.841, 45.878, 46.231, 46.423, 45.851, 44.696, 43.197, 41.53, 39.936, 38.618, 37.62, 36.342, 33.675, 29.351, 23.699, 16.141, 7.852, 0.0, 6.649, 11.808, 15.254, 17.59, 20.034, 23.373, 26.981, 29.684, 30.967, 31.194, 31.37, 31.887, 32.353, 32.495, 32.541, 32.759, 33.151, 33.409, 33.474, 33.784, 34.688, 35.953, 36.967, 37.644, 38.508, 40.127, 42.185, 43.726, 44.032, 43.643, 43.957, 44.746, 44.878, 44.413, 44.091, 44.23, 44.454, 44.668, 44.825, 44.656, 43.943, 43.038, 42.634, 42.755, 43.005, 42.991, 42.55, 41.803, 41.232, 40.97, 40.832, 40.723, 40.592, 40.473, 40.434, 40.582, 40.885, 41.113, 41.17, 41.081, 40.963, 40.983, 41.131, 41.229, 41.292, 41.342, 41.461, 41.862, 42.439, 42.735, 42.943, 43.446, 43.822, 43.714, 43.496, 43.534, 43.755, 43.643, 43.251, 43.027, 42.97, 42.956, 42.821, 42.564, 42.401, 42.378, 42.28, 42.043, 41.914, 41.998, 42.142, 42.033, 41.507, 41.125, 41.405, 42.096, 42.55, 42.471, 42.393, 42.6, 42.913, 43.088, 43.203, 43.422, 43.913, 44.523, 45.022, 45.571, 46.334, 46.921, 47.14, 47.308, 47.714, 48.269, 48.188, 46.992, 46.171, 46.161, 46.278, 45.909, 45.236, 44.761, 44.844, 45.414, 45.7, 45.91], [45.696, 45.386, 45.149, 44.996, 44.929, 44.993, 45.155, 45.302, 45.344, 45.347, 45.536, 45.803, 45.987, 46.003, 45.884, 45.929, 46.295, 46.498, 45.945, 44.811, 43.294, 41.591, 40.067, 39.021, 38.397, 37.477, 35.124, 31.192, 26.235, 19.936, 13.272, 6.64