[[0.0, 5.494, 12.612, 17.77, 20.202, 21.436, 22.455, 23.672, 25.662, 27.938, 29.64, 30.433, 30.432, 30.403, 30.724, 31.452, 32.536, 34.062, 35.712, 36.538, 36.607, 36.787, 37.191, 37.558, 37.842, 38.333, 38.896, 38.476, 37.389, 36.815, 36.728, 36.716, 36.768, 36.852, 36.851, 36.893, 36.983, 37.125, 37.339, 37.596, 37.567, 37.263, 37.28, 37.666, 38.092, 38.531, 38.625, 38.354, 38.015, 37.237, 36.514, 36.475, 36.815, 36.871, 36.698, 36.792, 36.917, 36.991, 37.271, 37.687, 37.733, 37.649, 37.748, 37.586, 36.98, 36.627, 36.72, 36.781, 36.947, 39.594, 44.094, 45.988, 45.58, 46.637, 50.346, 53.482, 54.695, 55.306, 55.713, 55.908, 56.347, 56.582, 56.406, 56.271, 55.905, 55.333, 54.761, 54.147, 53.748, 53.894, 54.563, 55.754, 57.008, 57.196, 55.163, 49.547, 41.96, 40.002, 40.893, 39.424, 38.014, 38.75, 39.718, 40.369, 40.925, 41.3, 41.103, 40.394, 40.16, 40.49, 41.085, 41.717, 42.136, 42.806, 43.967, 44.442, 44.248, 44.274, 43.999, 42.921, 41.935, 41.713, 41.575, 40.915, 40.186, 40.151, 40.549, 40.193, 39.091, 38.259, 37.859, 37.826, 37.239, 36.609, 36.771, 37.192, 37.43, 37.427, 37.054, 36.676, 36.876, 36.779, 36.451, 36.673, 36.874, 4.757], [5.494, 0.0, 8.655, 15.239, 18.27, 19.584, 20.638, 22.019, 24.271, 26.747, 28.538, 29.374, 29.403, 29.391, 29.724, 30.468, 31.589, 33.208, 34.969, 35.848, 35.913, 36.096, 36.51, 36.865, 37.137, 37.686, 38.31, 37.886, 36.735, 36.113, 36.033, 36.049, 36.121, 36.214, 36.223, 36.273, 36.375, 36.532, 36.767, 37.013, 36.948, 36.632, 36.651, 37.044, 37.48, 37.931, 38.026, 37.726, 37.384, 36.602, 35.849, 35.813, 36.173, 36.228, 36.045, 36.135, 36.245, 36.305, 36.593, 37.016, 37.059, 36.98, 37.081, 36.898, 36.252, 35.894, 36.014, 36.095, 36.263, 39.02, 43.701, 45.655, 45.218, 46.293, 50.103, 53.313, 54.542, 55.148, 55.549, 55.735, 56.169, 56.402, 56.222, 56.084, 55.717, 55.151, 54.573, 53.942, 53.543, 53.71, 54.399, 55.614, 56.891, 57.083, 55.021, 49.305, 41.569, 39.612, 40.57, 39.047, 37.52, 38.274, 39.316, 40.018, 40.606, 41.005, 40.812, 40.075, 39.828, 40.182, 40.816, 41.481, 41.927, 42.64, 43.843, 44.318, 44.11, 44.142, 43.865, 42.776, 41.784, 41.549, 41.39, 40.697, 39.931, 39.878, 40.259, 39.844, 38.652, 37.746, 37.292, 37.224, 36.598, 35.938, 36.124, 36.591, 36.843, 36.811, 36.381, 35.973, 36.202, 36.109, 35.74, 35.968, 36.194, 8.101], [12.612, 8.655, 0.0, 8.423, 13.166, 15.048, 16.135, 18.026, 21.116, 24.065, 26.066, 27.065, 27.182, 27.205, 27.557, 28.29, 29.425, 31.235, 33.301, 34.394, 34.498, 34.673, 35.117, 35.573, 36.028, 36.798, 37.523, 37.124, 36.03, 35.459, 35.391, 35.448, 35.593, 35.714, 35.743, 35.829, 35.939, 36.093, 36.382, 36.66, 36.559, 36.252, 36.332, 36.803, 37.262, 37.677, 37.743, 37.396, 36.988, 36.193, 35.459, 35.427, 35.789, 35.857, 35.66, 35.718, 35.801, 35.838, 36.101, 36.51, 36.543, 36.465, 36.576, 36.378, 35.681, 35.316, 35.455, 35.536, 35.652, 38.438, 43.287, 45.309, 44.859, 45.991, 49.953, 53.272, 54.554, 55.207, 55.631, 55.795, 56.213, 56.458, 56.289, 56.146, 55.748, 55.129, 54.505, 53.871, 53.482, 53.639, 54.324, 55.552, 56.852, 57.059, 54.985, 49.221, 41.43, 39.457, 40.426, 38.816, 37.152, 37.955, 39.074, 39.789, 40.381, 40.802, 40.624, 39.873, 39.629, 40.004, 40.647, 41.336, 41.804, 42.533, 43.741, 44.184, 43.951, 43.994, 43.714, 42.602, 41.584, 41.291, 41.06, 40.303, 39.483, 39.382, 39.703, 39.183, 37.832, 36.804, 36.293, 36.243, 35.688, 35.098, 35.338, 35.852, 36.119, 36.063, 35.635, 35.32, 35.683, 35.623, 35.212, 35.482, 35.76, 13.555], [17.77, 15.239, 8.423, 0.0, 6.401, 9.772, 11.187, 13.347, 17.394, 20.917, 23.103, 24.288, 24.579, 24.669, 25.054, 25.821, 26.988, 28.944, 31.295, 32.633, 32.802, 32.966, 33.416, 33.972, 34.672, 35.738, 36.574, 36.191, 35.283, 34.969, 35.003, 35.091, 35.293, 35.44, 35.488, 35.623, 35.714, 35.78, 36.056, 36.383, 36.278, 35.973, 36.117, 36.7, 37.211, 37.585, 37.621, 37.255, 36.8, 35.997, 35.283, 35.238, 35.565, 35.628, 35.4, 35.391, 35.425, 35.427, 35.658, 36.049, 36.065, 35.981, 36.099, 35.891, 35.173, 34.832, 35.003, 35.038, 35.015, 37.812, 42.836, 44.941, 44.508, 45.727, 49.847, 53.276, 54.617, 55.328, 55.786, 55.942, 56.356, 56.617, 56.452, 56.297, 55.861, 55.166, 54.483, 53.853, 53.465, 53.58, 54.232, 55.458, 56.774, 57.005, 54.918, 49.104, 41.273, 39.248, 40.168, 38.448, 36.677, 37.504, 38.651, 39.361, 39.955, 40.371, 40.179, 39.435, 39.23, 39.625, 40.249, 40.945, 41.434, 42.175, 43.385, 43.814, 43.571, 43.614, 43.313, 42.178, 41.157, 40.835, 40.517, 39.661, 38.777, 38.644, 38.929, 38.324, 36.819, 35.643, 35.081, 35.103, 34.679, 34.22, 34.525, 35.048, 35.31, 35.264, 34.928, 34.799, 35.323, 35.29, 34.858, 35.176, 35.49, 18.341], [20.202, 18.27, 13.166, 6.401, 0.0, 4.932, 7.618, 10.015, 14.505, 18.595, 21.057, 22.399, 22.837, 22.988, 23.414, 24.291, 25.59, 27.704, 30.244, 31.693, 31.876, 32.032, 32.476, 33.05, 33.835, 35.065, 36.004, 35.595, 34.676, 34.467, 34.596, 34.708, 34.912, 35.072, 35.136, 35.308, 35.39, 35.384, 35.622, 35.963, 35.865, 35.543, 35.698, 36.335, 36.895, 37.302, 37.353, 36.986, 36.54, 35.715, 34.932, 34.84, 35.141, 35.192, 34.939, 34.883, 34.867, 34.83, 35.051, 35.446, 35.444, 35.347, 35.472, 35.255, 34.517, 34.195, 34.399, 34.411, 34.339, 37.284, 42.497, 44.661, 44.222, 45.502, 49.739, 53.244, 54.614, 55.346, 55.82, 55.985, 56.411, 56.683, 56.515, 56.357, 55.91, 55.189, 54.479, 53.836, 53.435, 53.534, 54.183, 55.424, 56.761, 56.999, 54.858, 48.91, 40.908, 38.824, 39.746, 37.952, 36.088, 36.933, 38.128, 38.873, 39.497, 39.913, 39.687, 38.919, 38.728, 39.147, 39.786, 40.483, 40.981, 41.762, 43.028, 43.48, 43.239, 43.285, 42.969, 41.817, 40.803, 40.49, 40.128, 39.205, 38.285, 38.154, 38.437, 37.779, 36.177, 34.906, 34.321, 34.382, 33.955, 33.493, 33.825, 34.351, 34.606, 34.573, 34.283, 34.226, 34.818, 34.784, 34.334, 34.677, 35.001, 20.737], [21.436, 19.584, 15.048, 9.772, 4.932, 0.0, 4.299, 8.365, 13.209, 17.383, 20.072, 21.601, 22.124, 22.293, 22.733, 23.665, 25.063, 27.309, 29.95, 31.434, 31.628, 31.788, 32.235, 32.826, 33.642, 34.915, 35.896, 35.509, 34.582, 34.364, 34.527, 34.681, 34.902, 35.065, 35.13, 35.296, 35.363, 35.336, 35.571, 35.916, 35.815, 35.474, 35.629, 36.281, 36.854, 37.286, 37.343, 36.963, 36.518, 35.681, 34.874, 34.779, 35.071, 35.117, 34.866, 34.8, 34.762, 34.704, 34.918, 35.312, 35.302, 35.201, 35.331, 35.121, 34.381, 34.062, 34.271, 34.288, 34.224, 37.158, 42.335, 44.481, 44.04, 45.334, 49.582, 53.093, 54.461, 55.204, 55.687, 55.85, 56.277, 56.557, 56.397, 56.242, 55.801, 55.085, 54.373, 53.717, 53.306, 53.407, 54.059, 55.294, 56.625, 56.851, 54.679, 48.707, 40.751, 38.72, 39.663, 37.884, 36.019, 36.854, 38.06, 38.818, 39.45, 39.864, 39.629, 38.859, 38.673, 39.096, 39.732, 40.418, 40.914, 41.705, 42.981, 43.433, 43.194, 43.243, 42.922, 41.763, 40.753, 40.454, 40.102, 39.185, 38.274, 38.149, 38.436, 37.775, 36.166, 34.881, 34.279, 34.317, 33.85, 33.361, 33.682, 34.212, 34.476, 34.44, 34.143, 34.08, 34.654, 34.599, 34.146, 34.497, 34.823, 21.904], [22.455, 20.638, 16.135, 11.187, 7.618, 4.299, 0.0, 5.959, 12.233, 16.741, 19.415, 20.978, 21.582, 21.793, 22.238, 23.182, 24.614, 26.908, 29.597, 31.133, 31.369, 31.545, 31.988, 32.587, 33.445, 34.776, 35.771, 35.425, 34.635, 34.521, 34.712, 34.908, 35.178, 35.349, 35.39, 35.534, 35.596, 35.573, 35.821, 36.171, 36.067, 35.74, 35.908, 36.557, 37.113, 37.537, 37.592, 37.193, 36.715, 35.884, 35.127, 35.047, 35.325, 35.378, 35.139, 35.061, 35.012, 34.955, 35.162, 35.548, 35.547, 35.458, 35.585, 35.373, 34.648, 34.345, 34.557, 34.565, 34.448, 37.2, 42.224, 44.325, 43.9, 45.187, 49.401, 52.889, 54.255, 55.004, 55.485, 55.639, 56.059, 56.341, 56.185, 56.025, 55.57, 54.837, 54.108, 53.441, 53.027, 53.12, 53.755, 54.966, 56.279, 56.506, 54.353, 48.475, 40.739, 38.826, 39.774, 38.079, 36.334, 37.142, 38.292, 39.019, 39.628, 40.029, 39.815, 39.089, 38.914, 39.317, 39.929, 40.604, 41.095, 41.856, 43.086, 43.516, 43.273, 43.319, 42.996, 41.841, 40.851, 40.577, 40.244, 39.347, 38.448, 38.314, 38.592, 37.945, 36.351, 35.056, 34.416, 34.426, 33.984, 33.537, 33.852, 34.378, 34.654, 34.606, 34.311, 34.282, 34.864, 34.817, 34.384, 34.734, 35.066, 22.897], [23.672, 22.019, 18.026, 13.347, 10.015, 8.365, 5.959, 0.0, 8.19, 14.419, 17.64, 19.194, 19.813, 20.069, 20.527, 21.56, 23.192, 25.732, 28.631, 30.278, 30.564, 30.766, 31.222, 31.827, 32.734, 34.19, 35.244, 34.918, 34.237, 34.252, 34.491, 34.702, 35.0, 35.198, 35.249, 35.409, 35.501, 35.499, 35.75, 36.107, 36.011, 35.684, 35.836, 36.465, 37.026, 37.471, 37.533, 37.129, 36.635, 35.775, 34.985, 34.876, 35.161, 35.221, 34.97, 34.873, 34.81, 34.755, 34.972, 35.369, 35.382, 35.311, 35.447, 35.232, 34.511, 34.226, 34.45, 34.442, 34.293, 37.052, 42.131, 44.277, 43.862, 45.175, 49.457, 52.988, 54.368, 55.123, 55.601, 55.753, 56.173, 56.448, 56.287, 56.122, 55.651, 54.89, 54.132, 53.456, 53.04, 53.113, 53.73, 54.949, 56.273, 56.505, 54.358, 48.456, 40.587, 38.528, 39.453, 37.787, 36.101, 36.933, 38.063, 38.779, 39.387, 39.791, 39.587, 38.878, 38.706, 39.107, 39.725, 40.42, 40.945, 41.723, 42.948, 43.369, 43.119, 43.156, 42.826, 41.677, 40.723, 40.494, 40.171, 39.262, 38.351, 38.21, 38.476, 37.814, 36.187, 34.844, 34.183, 34.201, 33.758, 33.302, 33.59, 34.099, 34.371, 34.32, 34.043, 34.077, 34.753, 34.748, 34.311, 34.668, 34.998, 24.117], [25.662, 24.271, 21.116, 17.394, 14.505, 13.209, 12.233, 8.19, 0.0, 8.436, 13.493, 15.672, 16.32, 16.557, 17.095, 18.389, 20.502, 23.646, 26.999, 28.848, 29.195, 29.423, 29.917, 30.597, 31.648, 33.264, 34.393, 34.139, 33.581, 33.695, 33.995, 34.236, 34.559, 34.804, 34.912, 35.138, 35.298, 35.315, 35.55, 35.925, 35.85, 35.485, 35.588, 36.205, 36.772, 37.222, 37.277, 36.879, 36.393, 35.502, 34.659, 34.518, 34.815, 34.876, 34.607, 34.5, 34.43, 34.369, 34.596, 35.002, 35.017, 34.958, 35.114, 34.91, 34.196, 33.94, 34.196, 34.173, 33.995, 36.765, 41.883, 44.074, 43.671, 45.017, 49.38, 52.95, 54.324, 55.069, 55.544, 55.7, 56.134, 56.42, 56.267, 56.118, 55.672, 54.923, 54.158, 53.478, 53.076, 53.159, 53.78, 55.013, 56.347, 56.569, 54.405, 48.466, 40.465, 38.217, 39.07, 37.378, 35.687, 36.548, 37.691, 38.429, 39.073, 39.499, 39.282, 38.551, 38.383, 38.796, 39.42, 40.112, 40.641, 41.442, 42.7, 43.136, 42.879, 42.911, 42.581, 41.428, 40.489, 40.303, 40.0, 39.084, 38.18, 38.053, 38.317, 37.641, 36.007, 34.669, 34.026, 34.047, 33.579, 33.109, 33.409, 33.944, 34.212, 34.172, 33.9, 33.933, 34.622, 34.609, 34.156, 34.509, 34.812, 26.069], [27.938, 26.747, 24.065, 20.917, 18.595, 17.383, 16.741, 14.419, 8.436, 0.0, 6.934, 10.723, 12.108, 12.511, 13.213, 14.972, 17.75, 21.528, 25.302, 27.374, 27.799, 28.051, 28.585, 29.364, 30.617, 32.417, 33.591, 33.401, 33.011, 33.245, 33.606, 33.928, 34.334, 34.62, 34.787, 35.142, 35.417, 35.457, 35.682, 36.067, 35.964, 35.546, 35.623, 36.235, 36.766, 37.148, 37.193, 36.791, 36.266, 35.389, 34.596, 34.436, 34.694, 34.743, 34.447, 34.3, 34.218, 34.16, 34.392, 34.806, 34.821, 34.754, 34.91, 34.729, 34.063, 33.876, 34.197, 34.182, 33.878, 36.411, 41.39, 43.534, 43.13, 44.452, 48.762, 52.301, 53.67, 54.439, 54.937, 55.115, 55.586, 55.907, 55.77, 55.646, 55.244, 54.532, 53.774, 53.094, 52.7, 52.796, 53.412, 54.629, 55.965, 56.181, 54.001, 48.113, 40.31, 38.23, 39.068, 37.385, 35.743, 36.591, 37.69, 38.403, 39.042, 39.454, 39.218, 38.483, 38.304, 38.683, 39.287, 39.949, 40.42, 41.189, 42.457, 42.907, 42.647, 42.688, 42.375, 41.214, 40.279, 40.12, 39.83, 38.929, 38.081, 37.984, 38.226, 37.558, 36.032, 34.854, 34.307, 34.317, 33.836, 33.386, 33.741, 34.349, 34.638, 34.604, 34.333, 34.347, 34.974, 34.921, 34.473, 34.817, 35.114, 28.303], [29.64, 28.538, 26.066, 23.103, 21.057, 20.072, 19.415, 17.64, 13.493, 6.934, 0.0, 5.369, 8.523, 9.799, 10.631, 12.749, 16.159, 20.316, 24.242, 26.437, 26.961, 27.307, 27.926, 28.758, 30.105, 32.028, 33.222, 33.025, 32.748, 33.115, 33.51, 33.886, 34.38, 34.684, 34.858, 35.342, 35.769, 35.883, 36.125, 36.479, 36.318, 35.842, 35.877, 36.469, 36.953, 37.272, 37.325, 36.897, 36.283, 35.422, 34.722, 34.555, 34.765, 34.813, 34.492, 34.29, 34.196, 34.163, 34.421, 34.862, 34.896, 34.816, 34.953, 34.793, 34.175, 34.033, 34.394, 34.373, 33.903, 36.162, 41.002, 43.073, 42.669, 43.954, 48.177, 51.676, 53.06, 53.868, 54.388, 54.579, 55.081, 55.428, 55.291, 55.168, 54.77, 54.049, 53.281, 52.602, 52.208, 52.283, 52.867, 54.057, 55.386, 55.604, 53.42, 47.587, 40.011, 38.192, 39.072, 37.457, 35.97, 36.849, 37.881, 38.514, 39.099, 39.466, 39.206, 38.469, 38.277, 38.625, 39.219, 39.869, 40.291, 40.992, 42.219, 42.672, 42.417, 42.458, 42.152, 40.994, 40.078, 39.949, 39.673, 38.798, 38.013, 37.94, 38.138, 37.476, 36.088, 35.127, 34.735, 34.765, 34.282, 33.831, 34.181, 34.804, 35.098, 35.067, 34.804, 34.847, 35.495, 35.465, 35.035, 35.383, 35.697, 29.997], [30.433, 29.374, 27.065, 24.288, 22.399, 21.601, 20.978, 19.194, 15.672, 10.723, 5.369, 0.0, 4.565, 7.143, 8.376, 10.606, 14.458, 19.027, 23.168, 25.494, 26.118, 26.582, 27.308, 28.167, 29.515, 31.486, 32.705, 32.486, 32.219, 32.626, 33.029, 33.42, 33.975, 34.326, 34.53, 35.096, 35.66, 35.91, 36.227, 36.575, 36.383, 35.861, 35.87, 36.466, 36.937, 37.235, 37.292, 36.826, 36.13, 35.242, 34.586, 34.43, 34.627, 34.679, 34.346, 34.121, 34.027, 34.023, 34.327, 34.804, 34.848, 34.749, 34.867, 34.71, 34.09, 33.94, 34.308, 34.284, 33.758, 35.955, 40.789, 42.842, 42.444, 43.732, 47.953, 51.462, 52.855, 53.668, 54.185, 54.38, 54.905, 55.267, 55.121, 54.988, 54.577, 53.835, 53.049, 52.371, 51.983, 52.049, 52.622, 53.812, 55.137, 55.342, 53.133, 47.262, 39.688, 37.96, 38.868, 37.268, 35.885, 36.856, 37.895, 38.515, 39.098, 39.468, 39.193, 38.438, 38.258, 38.626, 39.224, 39.863, 40.264, 40.931, 42.127, 42.576, 42.323, 42.354, 42.046, 40.896, 39.987, 39.865, 39.591, 38.72, 37.957, 37.904, 38.083, 37.397, 36.039, 35.159, 34.827, 34.849, 34.339, 33.874, 34.219, 34.84, 35.13, 35.09, 34.812, 34.871, 35.572, 35.574, 35.145, 35.504, 35.835, 30.774], [30.432, 29.403, 27.182, 24.579, 22.837, 22.124, 21.582, 19.813, 16.32, 12.108, 8.523, 4.565, 0.0, 3.563, 5.82, 8.395, 12.367, 17.325, 21.852, 24.388, 25.061, 25.549, 26.319, 27.218, 28.6, 30.621, 31.881, 31.65, 31.33, 31.711, 32.128, 32.551, 33.152, 33.572, 33.855, 34.462, 35.061, 35.42, 35.864, 36.267, 36.077, 35.542, 35.578, 36.206, 36.684, 36.985, 37.037, 36.545, 35.816, 34.882, 34.201, 34.058, 34.273, 34.329, 33.999, 33.788, 33.707, 33.73, 34.073, 34.574, 34.62, 34.517, 34.633, 34.465, 33.811, 33.628, 33.988, 33.971, 33.467, 35.771, 40.741, 42.855, 42.451, 43.766, 48.071, 51.634, 53.036, 53.842, 54.353, 54.548, 55.076, 55.435, 55.288, 55.152, 54.736, 53.986, 53.194, 52.515, 52.128, 52.197, 52.781, 53.989, 55.325, 55.524, 53.294, 47.354, 39.618, 37.794, 38.711, 37.053, 35.613, 36.638, 37.734, 38.392, 39.005, 39.401, 39.123, 38.34, 38.166, 38.563, 39.171, 39.817, 40.236, 40.923, 42.131, 42.575, 42.315, 42.34, 42.022, 40.852, 39.911, 39.772, 39.491, 38.602, 37.815, 37.77, 37.962, 37.254, 35.846, 34.927, 34.571, 34.567, 34.035, 33.559, 33.91, 34.542, 34.835, 34.787, 34.485, 34.521, 35.233, 35.238, 34.801, 35.18, 35.518, 30.74], [30.403, 29.391, 27.205, 24.669, 22.988, 22.293, 21.793, 20.069, 16.557, 12.511, 9.799, 7.143, 3.563, 0.0, 3.309, 6.859, 11.129, 16.322, 21.142, 23.874, 24.575, 25.021, 25.782, 26.725, 28.158, 30.218, 31.505, 31.283, 30.968, 31.359, 31.797, 32.25, 32.872, 33.321, 33.648, 34.254, 34.804, 35.15, 35.645, 36.102, 35.937, 35.415, 35.471, 36.107, 36.595, 36.91, 36.957, 36.466, 35.753, 34.812, 34.121, 33.996, 34.231, 34.292, 33.973, 33.78, 33.71, 33.746, 34.098, 34.594, 34.641, 34.55, 34.672, 34.498, 33.84, 33.646, 33.99, 33.97, 33.492, 35.85, 40.865, 43.008, 42.601, 43.926, 48.262, 51.839, 53.237, 54.032, 54.54, 54.733, 55.247, 55.598, 55.453, 55.322, 54.911, 54.17, 53.387, 52.714, 52.332, 52.402, 52.991, 54.202, 55.54, 55.742, 53.528, 47.604, 39.813, 37.902, 38.811, 37.13, 35.628, 36.636, 37.753, 38.427, 39.044, 39.44, 39.161, 38.366, 38.189, 38.59, 39.201, 39.861, 40.3, 40.991, 42.185, 42.617, 42.353, 42.372, 42.05, 40.869, 39.9, 39.736, 39.448, 38.559, 37.766, 37.713, 37.906, 37.196, 35.776, 34.843, 34.472, 34.463, 33.945, 33.486, 33.841, 34.472, 34.768, 34.722, 34.422, 34.456, 35.149, 35.14, 34.705, 35.09, 35.422, 30.709], [30.724, 29.724, 27.557, 25.054, 23.414, 22.733, 22.238, 20.527, 17.095, 13.213, 10.631, 8.376, 5.82, 3.309, 0.0, 4.614, 10.097, 15.958, 21.01, 23.83, 24.584, 25.056, 25.851, 26.835, 28.287, 30.335, 31.612, 31.426, 31.193, 31.629, 32.064, 32.513, 33.131, 33.583, 33.916, 34.49, 34.996, 35.318, 35.81, 36.267, 36.109, 35.607, 35.663, 36.27, 36.753, 37.073, 37.112, 36.631, 35.937, 35.017, 34.355, 34.241, 34.473, 34.533, 34.229, 34.048, 33.977, 34.006, 34.34, 34.822, 34.874, 34.792, 34.917, 34.752, 34.125, 33.949, 34.283, 34.261, 33.792, 36.074, 40.989, 43.09, 42.682, 44.009, 48.318, 51.863, 53.245, 54.028, 54.528, 54.718, 55.226, 55.572, 55.429, 55.302, 54.898, 54.16, 53.384, 52.73, 52.365, 52.439, 53.02, 54.22, 55.549, 55.752, 53.568, 47.718, 40.013, 38.115, 39.011, 37.372, 35.918, 36.911, 38.014, 38.683, 39.286, 39.667, 39.385, 38.599, 38.426, 38.818, 39.422, 40.082, 40.52, 41.172, 42.299, 42.701, 42.435, 42.447, 42.128, 40.964, 39.994, 39.814, 39.515, 38.633, 37.851, 37.784, 37.952, 37.244, 35.847, 34.931, 34.566, 34.562, 34.078, 33.665, 34.023, 34.629, 34.913, 34.869, 34.598, 34.669, 35.367, 35.362, 34.94, 35.321, 35.649, 31.031], [31.452, 30.468, 28.29, 25.821, 24.291, 23.665, 23.182, 21.56, 18.389, 14.972, 12.749, 10.606, 8.395, 6.859, 4.614, 0.0, 6.845, 14.207, 20.096, 23.225, 24.096, 24.668, 25.544, 26.583, 28.084, 30.139, 31.4, 31.26, 31.154, 31.664, 32.093, 32.541, 33.17, 33.627, 33.965, 34.533, 35.039, 35.397, 35.946, 36.412, 36.234, 35.765, 35.874, 36.477, 36.95, 37.26, 37.279, 36.802, 36.138, 35.261, 34.622, 34.496, 34.711, 34.77, 34.484, 34.32, 34.254, 34.274, 34.597, 35.073, 35.128, 35.049, 35.174, 35.014, 34.402, 34.232, 34.555, 34.539, 34.079, 36.256, 41.083, 43.157, 42.74, 44.071, 48.379, 51.919, 53.297, 54.072, 54.561, 54.737, 55.23, 55.572, 55.43, 55.302, 54.89, 54.133, 53.35, 52.719, 52.381, 52.467, 53.049, 54.244, 55.567, 55.775, 53.616, 47.824, 40.188, 38.292, 39.166, 37.553, 36.14, 37.139, 38.247, 38.924, 39.532, 39.913, 39.632, 38.856, 38.695, 39.097, 39.702, 40.355, 40.779, 41.408, 42.489, 42.861, 42.589, 42.595, 42.27, 41.111, 40.134, 39.928, 39.59, 38.683, 37.907, 37.843, 37.995, 37.282, 35.878, 34.944, 34.572, 34.578, 34.128, 33.757, 34.114, 34.69, 34.959, 34.918, 34.673, 34.776, 35.479, 35.494, 35.093, 35.474, 35.794, 31.715], [32.536, 31.589, 29.425, 26.988, 25.59, 25.063, 24.614, 23.192, 20.502, 17.75, 16.159, 14.458, 12.367, 11.129, 10.097, 6.845, 0.0, 8.851, 16.406, 20.557, 21.779, 22.513, 23.52, 24.719, 26.466, 28.726, 30.042, 29.932, 29.958, 30.607, 31.09, 31.61, 32.316, 32.794, 33.142, 33.764, 34.305, 34.692, 35.35, 35.906, 35.727, 35.293, 35.533, 36.25, 36.746, 37.036, 37.037, 36.546, 35.92, 35.108, 34.473, 34.327, 34.533, 34.589, 34.309, 34.153, 34.096, 34.128, 34.474, 34.961, 35.009, 34.932, 35.063, 34.887, 34.238, 34.039, 34.357, 34.346, 33.878, 36.055, 40.986, 43.149, 42.753, 44.097, 48.457, 52.067, 53.481, 54.27, 54.757, 54.918, 55.404, 55.741, 55.596, 55.457, 55.018, 54.224, 53.417, 52.788, 52.456, 52.544, 53.134, 54.337, 55.671, 55.898, 53.745, 47.926, 40.181, 38.182, 39.049, 37.386, 35.887, 36.913, 38.069, 38.773, 39.402, 39.797, 39.516, 38.711, 38.536, 38.952, 39.559, 40.201, 40.619, 41.267, 42.372, 42.736, 42.452, 42.455, 42.106, 40.918, 39.936, 39.71, 39.306, 38.336, 37.565, 37.546, 37.733, 37.026, 35.576, 34.585, 34.189, 34.216, 33.793, 33.43, 33.805, 34.413, 34.709, 34.681, 34.423, 34.488, 35.166, 35.184, 34.775, 35.161, 35.472, 32.766], [34.062, 33.208, 31.235, 28.944, 27.704, 27.309, 26.908, 25.732, 23.646, 21.528, 20.316, 19.027, 17.325, 16.322, 15.958, 14.207, 8.851, 0.0, 9.169, 15.125, 17.324, 18.517, 19.812, 21.394, 23.73, 26.477, 27.94, 27.847, 28.004, 28.861, 29.487, 30.158, 30.997, 31.52, 31.876, 32.566, 33.158, 33.561, 34.32, 35.0, 34.844, 34.405, 34.783, 35.709, 36.266, 36.549, 36.567, 36.05, 35.406, 34.639, 34.035, 33.883, 34.075, 34.129, 33.834, 33.657, 33.592, 33.643, 34.023, 34.526, 34.567, 34.494, 34.636, 34.438, 33.756, 33.545, 33.874, 33.855, 33.369, 35.594, 40.655, 42.905, 42.545, 43.927, 48.353, 52.051, 53.52, 54.337, 54.833, 54.999, 55.508, 55.868, 55.724, 55.572, 55.099, 54.253, 53.404, 52.759, 52.417, 52.489, 53.065, 54.264, 55.614, 55.871, 53.711, 47.831, 39.948, 37.844, 38.725, 37.005, 35.394, 36.456, 37.662, 38.381, 39.007, 39.388, 39.097, 38.249, 38.032, 38.435, 39.017, 39.637, 40.047, 40.695, 41.821, 42.181, 41.886, 41.89, 41.515, 40.308, 39.392, 39.215, 38.755, 37.705, 36.944, 36.989, 37.231, 36.547, 35.059, 34.035, 33.653, 33.754, 33.374, 32.982, 33.378, 34.055, 34.389, 34.372, 34.096, 34.115, 34.763, 34.783, 34.367, 34.759, 35.069, 34.302], [35.712, 34.969, 33.301, 31.295, 30.244, 29.95, 29.597, 28.631, 26.999, 25.302, 24.242, 23.168, 21.852, 21.142, 21.01, 20.096, 16.406, 9.169, 0.0, 7.6, 11.584, 13.952, 15.819, 17.992, 21.176, 24.519, 26.142, 26.118, 26.505, 27.621, 28.401, 29.218, 30.19, 30.787, 31.194, 31.936, 32.57, 33.043, 33.911, 34.678, 34.543, 34.05, 34.425, 35.468, 36.079, 36.39, 36.446, 35.913, 35.217, 34.473, 33.933, 33.78, 33.935, 33.988, 33.683, 33.48, 33.409, 33.484, 33.886, 34.391, 34.432, 34.367, 34.503, 34.288, 33.63, 33.458, 33.804, 33.751, 33.236, 35.438, 40.454, 42.661, 42.296, 43.721, 48.18, 51.903, 53.391, 54.216, 54.718, 54.9, 55.445, 55.836, 55.692, 55.529, 55.025, 54.121, 53.222, 52.557, 52.215, 52.274, 52.822, 54.0, 55.358, 55.636, 53.474, 47.59, 39.78, 37.745, 38.627, 36.908, 35.303, 36.369, 37.574, 38.278, 38.872, 39.213, 38.897, 38.028, 37.79, 38.179, 38.74, 39.349, 39.737, 40.357, 41.472, 41.83, 41.533, 41.537, 41.154, 39.993, 39.196, 39.09, 38.59, 37.467, 36.7, 36.768, 37.021, 36.355, 34.878, 33.859, 33.528, 33.735, 33.427, 33.047, 33.469, 34.177, 34.509, 34.498, 34.246, 34.27, 34.912, 34.97, 34.581, 34.973, 35.296, 35.952], [36.538, 35.848, 34.394, 32.633, 31.693, 31.434, 31.133, 30.278, 28.848, 27.374, 26.437, 25.494, 24.388, 23.874, 23.83, 23.225, 20.557, 15.125, 7.6, 0.0, 5.633, 9.68, 12.468, 15.279, 19.138, 22.932, 24.712, 24.786, 25.387, 26.707, 27.587, 28.496, 29.568, 30.248, 30.744, 31.533, 32.197, 32.757, 33.736, 34.561, 34.456, 33.982, 34.317, 35.336, 35.974, 36.361, 36.473, 35.923, 35.192, 34.451, 33.932, 33.77, 33.903, 33.962, 33.654, 33.432, 33.358, 33.458, 33.875, 34.376, 34.419, 34.357, 34.483, 34.264, 33.643, 33.504, 33.845, 33.754, 33.206, 35.367, 40.33, 42.488, 42.106, 43.554, 48.023, 51.736, 53.225, 54.058, 54.567, 54.753, 55.297, 55.685, 55.536, 55.366, 54.856, 53.937, 53.021, 52.344, 52.0, 52.054, 52.588, 53.762, 55.138, 55.435, 53.271, 47.384, 39.665, 37.738, 38.608, 36.912, 35.378, 36.435, 37.611, 38.299, 38.881, 39.214, 38.889, 38.005, 37.75, 38.141, 38.725, 39.351, 39.735, 40.377, 41.524, 41.899, 41.614, 41.623, 41.246, 40.127, 39.38, 39.294, 38.783, 37.628, 36.841, 36.906, 37.149, 36.471, 35.014, 34.003, 33.672, 33.894, 33.592, 33.243, 33.712, 34.433, 34.752, 34.744, 34.52, 34.562, 35.208, 35.281, 34.887, 35.265, 35.597, 36.745], [36.607, 35.913, 34.498, 32.802, 31.876, 31.628, 31.369, 30.564, 29.195, 27.799, 26.961, 26.118, 25.061, 24.575, 24.584, 24.096, 21.779, 17.324, 11.584, 5.633, 0.0, 5.049, 8.965, 12.714, 17.178, 21.32, 23.26, 23.38, 24.057, 25.503, 26.476, 27.463, 28.607, 29.343, 29.901, 30.731, 31.399, 31.96, 32.978, 33.861, 33.834, 33.49, 33.912, 34.945, 35.603, 36.066, 36.252, 35.697, 34.938, 34.16, 33.596, 33.44, 33.593, 33.656, 33.342, 33.113, 33.043, 33.169, 33.61, 34.122, 34.173, 34.116, 34.24, 34.016, 33.386, 33.225, 33.532, 33.415, 32.873, 35.127, 40.197, 42.402, 42.017, 43.453, 47.944, 51.689, 53.206, 54.07, 54.604, 54.796, 55.324, 55.698, 55.548, 55.379, 54.873, 53.972, 53.065, 52.378, 52.014, 52.056, 52.588, 53.776, 55.176, 55.49, 53.321, 47.376, 39.516, 37.526, 38.393, 36.664, 35.072, 36.115, 37.294, 37.989, 38.583, 38.935, 38.628, 37.738, 37.479, 37.889, 38.523, 39.199, 39.615, 40.315, 41.536, 41.938, 41.654, 41.675, 41.307, 40.176, 39.401, 39.309, 38.825, 37.683, 36.874, 36.942, 37.206, 36.511, 35.027, 33.982, 33.593, 33.764, 33.406, 33.036, 33.532, 34.281, 34.609, 34.603, 34.373, 34.4, 35.032, 35.074, 34.667, 35.058, 35.402, 36.781], [36.787, 36.096, 34.673, 32.966, 32.032, 31.788, 31.545, 30.766, 29.423, 28.051, 27.307, 26.582, 25.549, 25.021, 25.056, 24.668, 22.513, 18.517, 13.952, 9.68, 5.049, 0.0, 4.888, 10.026, 15.438, 19.995, 22.059, 22.212, 22.988, 24.584, 25.674, 26.74, 27.937, 28.706, 29.307, 30.17, 30.817, 31.329, 32.337, 33.27, 33.324, 33.113, 33.656, 34.736, 35.399, 35.885, 36.127, 35.606, 34.862, 34.068, 33.458, 33.299, 33.461, 33.521, 33.204, 32.97, 32.896, 33.036, 33.491, 34.014, 34.076, 34.028, 34.151, 33.92, 33.281, 33.101, 33.383, 33.27, 32.791, 35.156, 40.304, 42.557, 42.173, 43.593, 48.095, 51.859, 53.391, 54.269, 54.82, 55.019, 55.537, 55.9, 55.752, 55.581, 55.072, 54.175, 53.268, 52.57, 52.195, 52.23, 52.762, 53.96, 55.372, 55.692, 53.521, 47.546, 39.573, 37.481, 38.34, 36.588, 34.896, 35.912, 37.126, 37.848, 38.451, 38.811, 38.527, 37.665, 37.419, 37.843, 38.512, 39.228, 39.674, 40.415, 41.688, 42.105, 41.815, 41.842, 41.486, 40.352, 39.555, 39.444, 38.978, 37.861, 37.039, 37.102, 37.391, 36.692, 35.172, 34.056, 33.571, 33.684, 33.291, 32.88, 33.366, 34.136, 34.482, 34.477, 34.222, 34.212, 34.809, 34.827, 34.441, 34.849, 35.191, 36.932], [37.191, 36.51, 35.117, 33.416, 32.476, 32.235, 31.988, 31.222, 29.917, 28.585, 27.926, 27.308, 26.319, 25.782, 25.851, 25.544, 23.52, 19.812, 15.819, 12.468, 8.965, 4.888, 0.0, 6.226, 12.925, 18.299, 20.596, 20.771, 21.764, 23.663, 24.939, 26.103, 27.362, 28.179, 28.832, 29.732, 30.379, 30.869, 31.873, 32.834, 32.925, 32.788, 33.421, 34.548, 35.21, 35.687, 35.952, 35.463, 34.778, 34.052, 33.438, 33.257, 33.418, 33.488, 33.17, 32.919, 32.828, 32.967, 33.429, 33.96, 34.033, 33.991, 34.106, 33.861, 33.219, 33.045, 33.332, 33.23, 32.786, 35.202, 40.407, 42.705, 42.312, 43.736, 48.293, 52.09, 53.623, 54.489, 55.028, 55.22, 55.723, 56.074, 55.919, 55.736, 55.201, 54.276, 53.348, 52.64, 52.265, 52.297, 52.828, 54.034, 55.454, 55.777, 53.599, 47.593, 39.574, 37.448, 38.306, 36.552, 34.812, 35.852, 37.157, 37.946, 38.58, 38.941, 38.668, 37.833, 37.599, 38.04, 38.746, 39.494, 39.963, 40.739, 42.049, 42.475, 42.18, 42.207, 41.862, 40.748, 39.947, 39.802, 39.316, 38.197, 37.358, 37.41, 37.71, 36.996, 35.415, 34.193, 33.56, 33.582, 33.182, 32.787, 33.297, 34.105, 34.477, 34.456, 34.142, 34.06, 34.611, 34.613, 34.243, 34.659, 35.01, 37.32], [37.558, 36.865, 35.573, 33.972, 33.05, 32.826, 32.587, 31.827, 30.597, 29.364, 28.758, 28.167, 27.218, 26.725, 26.835, 26.583, 24.719, 21.394, 17.992, 15.279, 12.714, 10.026, 6.226, 0.0, 7.839, 14.609, 17.555, 17.746, 19.031, 21.525, 23.18, 24.534, 25.965, 26.94, 27.695, 28.673, 29.403, 29.991, 31.044, 32.008, 32.083, 31.954, 32.667, 33.902, 34.611, 35.103, 35.383, 34.894, 34.271, 33.685, 33.154, 32.976, 33.146, 33.23, 32.9, 32.638, 32.527, 32.653, 33.124, 33.668, 33.743, 33.699, 33.809, 33.547, 32.882, 32.724, 33.036, 32.939, 32.456, 34.864, 40.15, 42.528, 42.127, 43.566, 48.245, 52.133, 53.672, 54.505, 54.996, 55.149, 55.638, 55.981, 55.81, 55.599, 55.021, 54.058, 53.116, 52.406, 52.015, 52.026, 52.562, 53.796, 55.239, 55.562, 53.348, 47.264, 39.167, 37.092, 37.998, 36.248, 34.549, 35.716, 37.17, 38.078, 38.793, 39.186, 38.908, 38.05, 37.796, 38.259, 39.008, 39.781, 40.28, 41.117, 42.465, 42.883, 42.578, 42.606, 42.268, 41.166, 40.368, 40.215, 39.712, 38.571, 37.71, 37.754, 38.057, 37.31, 35.662, 34.347, 33.55, 33.395, 32.932, 32.588, 33.173, 34.063, 34.477, 34.416, 33.99, 33.809, 34.322, 34.289, 33.883, 34.315, 34.699, 37.67], [37.842, 37.137, 36.028, 34.672, 33.835, 33.642, 33.445, 32.734, 31.648, 30.617, 30.105, 29.515, 28.6, 28.158, 28.287, 28.084, 26.466, 23.73, 21.176, 19.138, 17.178, 15.438, 12.925, 7.839, 0.0, 8.043, 12.175, 12.78, 14.76, 18.337, 20.639, 22.28, 24.043, 25.334, 26.239, 27.293, 28.197, 29.049, 30.234, 31.168, 31.178, 30.988, 31.75, 33.142, 33.941, 34.481, 34.794, 34.32, 33.747, 33.303, 32.944, 32.845, 33.049, 33.12, 32.77, 32.523, 32.431, 32.557, 33.026, 33.56, 33.627, 33.591, 33.724, 33.464, 32.782, 32.646, 32.979, 32.872, 32.304, 34.536, 39.715, 42.121, 41.758, 43.169, 47.851, 51.772, 53.292, 54.077, 54.5, 54.583, 55.046, 55.388, 55.196, 54.956, 54.361, 53.412, 52.51, 51.82, 51.395, 51.374, 51.921, 53.184, 54.655, 54.986, 52.758, 46.671, 38.611, 36.659, 37.604, 35.937, 34.431, 35.713, 37.235, 38.213, 39.006, 39.454, 39.179, 38.287, 38.013, 38.486, 39.255, 40.04, 40.573, 41.467, 42.822, 43.213, 42.894, 42.911, 42.564, 41.463, 40.675, 40.55, 40.089, 38.978, 38.131, 38.183, 38.496, 37.753, 36.132, 34.841, 33.968, 33.628, 33.008, 32.635, 33.241, 34.176, 34.606, 34.504, 34.014, 33.791, 34.276, 34.199, 33.735, 34.164, 34.573, 37.9], [38.333, 37.686, 36.798, 35.738, 35.065, 34.915, 34.776, 34.19, 33.264, 32.417, 32.028, 31.486, 30.621, 30.218, 30.335, 30.139, 28.726, 26.477, 24.519, 22.932, 21.32, 19.995, 18.299, 14.609, 8.043, 0.0, 5.376, 7.908, 12.111, 17.028, 19.9, 21.751, 23.775, 25.312, 26.266, 27.277, 28.319, 29.428, 30.721, 31.598, 31.541, 31.285, 32.032, 33.466, 34.288, 34.833, 35.163, 34.787, 34.288, 33.91, 33.724, 33.756, 33.983, 34.033, 33.702, 33.496, 33.449, 33.591, 34.022, 34.508, 34.575, 34.562, 34.709, 34.471, 33.828, 33.713, 34.019, 33.883, 33.258, 35.054, 39.721, 42.005, 41.725, 43.019, 47.413, 51.17, 52.624, 53.361, 53.735, 53.764, 54.192, 54.528, 54.323, 54.077, 53.536, 52.696, 51.897, 51.25, 50.812, 50.789, 51.344, 52.583, 54.033, 54.376, 52.201, 46.323, 38.7, 36.939, 37.817, 36.334, 35.11, 36.355, 37.773, 38.691, 39.455, 39.895, 39.623, 38.772, 38.539, 38.989, 39.712, 40.473, 41.006, 41.879, 43.173, 43.543, 43.228, 43.23, 42.875, 41.809, 41.059, 40.949, 40.544, 39.538, 38.777, 38.845, 39.155, 38.483, 37.033, 35.903, 35.1, 34.715, 34.018, 33.59, 34.116, 34.97, 35.355, 35.262, 34.848, 34.674, 35.112, 35.013, 34.55, 34.928, 35.297, 38.333], [38.896, 38.31, 37.523, 36.574, 36.004, 35.896, 35.771, 35.244, 34.393, 33.591, 33.222, 32.705, 31.881, 31.505, 31.612, 31.4, 30.042, 27.94, 26.142, 24.712, 23.26, 22.059, 20.596, 17.555, 12.175, 5.376, 0.0, 5.04, 11.595, 17.413, 20.53, 22.448, 24.539, 26.115, 27.035, 28.01, 29.121, 30.329, 31.632, 32.46, 32.378, 32.118, 32.85, 34.246, 35.04, 35.555, 35.883, 35.585, 35.135, 34.775, 34.664, 34.758, 34.992, 35.058, 34.769, 34.579, 34.534, 34.663, 35.056, 35.508, 35.586, 35.584, 35.716, 35.496, 34.905, 34.804, 35.077, 34.92, 34.255, 35.726, 40.005, 42.184, 41.958, 43.158, 47.316, 50.935, 52.353, 53.069, 53.429, 53.451, 53.869, 54.201, 53.996, 53.759, 53.265, 52.498, 51.756, 51.135, 50.699, 50.682, 51.234, 52.439, 53.853, 54.199, 52.077, 46.396, 39.157, 37.513, 38.308, 36.958, 35.922, 37.098, 38.398, 39.236, 39.937, 40.33, 40.051, 39.25, 39.058, 39.483, 40.154, 40.879, 41.381, 42.197, 43.428, 43.794, 43.491, 43.483, 43.137, 42.115, 41.398, 41.286, 40.894, 39.951, 39.259, 39.33, 39.611, 38.992, 37.679, 36.676, 35.946, 35.593, 34.934, 34.53, 35.001, 35.774, 36.121, 36.06, 35.73, 35.613, 36.027, 35.932, 35.508, 35.861, 36.189, 38.877], [38.476, 37.886, 37.124, 36.191, 35.595, 35.509, 35.425, 34.918, 34.139, 33.401, 33.025, 32.486, 31.65, 31.283, 31.426, 31.26, 29.932, 27.847, 26.118, 24.786, 23.38, 22.212, 20.771, 17.746, 12.78, 7.908, 5.04, 0.0, 7.849, 14.918, 18.73, 20.888, 23.106, 24.792, 25.787, 26.877, 28.132, 29.464, 30.839, 31.703, 31.643, 31.394, 32.146, 33.578, 34.414, 34.976, 35.327, 35.008, 34.558, 34.207, 34.068, 34.158, 34.445, 34.554, 34.272, 34.082, 34.019, 34.12, 34.524, 35.014, 35.094, 35.066, 35.184, 34.956, 34.332, 34.194, 34.456, 34.312, 33.675, 35.355, 39.908, 42.159, 41.9, 43.128, 47.398, 51.104, 52.557, 53.286, 53.659, 53.7, 54.129, 54.458, 54.252, 54.022, 53.522, 52.735, 51.976, 51.337, 50.883, 50.858, 51.421, 52.658, 54.106, 54.455, 52.302, 46.496, 38.997, 37.265, 38.107, 36.664, 35.526, 36.753, 38.096, 38.942, 39.647, 40.046, 39.756, 38.904, 38.672, 39.104, 39.794, 40.519, 41.023, 41.871, 43.167, 43.562, 43.257, 43.254, 42.911, 41.85, 41.097, 40.985, 40.592, 39.616, 38.89, 38.958, 39.251, 38.615, 37.256, 36.221, 35.495, 35.16, 34.474, 34.046, 34.528, 35.318, 35.67, 35.618, 35.271, 35.125, 35.542, 35.439, 35.0, 35.379, 35.717, 38.46], [37.389, 36.735, 36.03, 35.283, 34.676, 34.582, 34.635, 34.237, 33.581, 33.011, 32.748, 32.219, 31.33, 30.968, 31.193, 31.154, 29.958, 28.004, 26.505, 25.387, 24.057, 22.988, 21.764, 19.031, 14.76, 12.111, 11.595, 7.849, 0.0, 8.333, 13.642, 16.6, 19.132, 21.133, 22.422, 23.744, 25.264, 26.929, 28.626, 29.719, 29.794, 29.559, 30.31, 31.839, 32.82, 33.515, 33.911, 33.543, 33.135, 32.778, 32.505, 32.593, 32.977, 33.104, 32.798, 32.641, 32.587, 32.677, 33.133, 33.684, 33.733, 33.648, 33.767, 33.502, 32.742, 32.475, 32.714, 32.642, 32.254, 34.69, 39.917, 42.324, 41.96, 43.286, 47.875, 51.785, 53.29, 54.032, 54.429, 54.504, 54.955, 55.277, 55.064, 54.844, 54.346, 53.551, 52.771, 52.083, 51.595, 51.58, 52.19, 53.512, 55.027, 55.367, 53.139, 46.991, 38.701, 36.654, 37.645, 35.903, 34.329, 35.664, 37.197, 38.163, 38.963, 39.437, 39.158, 38.203, 37.876, 38.334, 39.108, 39.879, 40.426, 41.419, 42.894, 43.322, 43.006, 43.044, 42.691, 41.53, 40.705, 40.613, 40.253, 39.231, 38.415, 38.489, 38.853, 38.178, 36.672, 35.511, 34.736, 34.345, 33.486, 32.9, 33.439, 34.337, 34.716, 34.644, 34.178, 33.856, 34.222, 34.068, 33.532, 33.928, 34.324, 37.383], [36.815, 36.113, 35.459, 34.969, 34.467, 34.364, 34.521, 34.252, 33.695, 33.245, 33.115, 32.626, 31.711, 31.359, 31.629, 31.664, 30.607, 28.861, 27.621, 26.707, 25.503, 24.584, 23.663, 21.525, 18.337, 17.028, 17.413, 14.918, 8.333, 0.0, 6.906, 11.459, 14.689, 17.104, 18.891, 20.58, 22.386, 24.49, 26.692, 28.149, 28.445, 28.266, 29.002, 30.611, 31.734, 32.525, 32.941, 32.552, 32.226, 31.898, 31.556, 31.675, 32.102, 32.207, 31.89, 31.795, 31.78, 31.897, 32.411, 32.993, 32.998, 32.867, 32.984, 32.686, 31.828, 31.462, 31.675, 31.662, 31.536, 34.583, 40.252, 42.744, 42.3, 43.719, 48.533, 52.555, 54.061, 54.778, 55.168, 55.258, 55.717, 56.022, 55.803, 55.595, 55.113, 54.331, 53.541, 52.821, 52.324, 52.326, 52.973, 54.352, 55.895, 56.225, 53.987, 47.664, 38.822, 36.487, 37.57, 35.544, 33.516, 34.867, 36.529, 37.587, 38.476, 39.033, 38.795, 37.798, 37.409, 37.896, 38.756, 39.574, 40.151, 41.252, 42.846, 43.287, 42.973, 43.053, 42.691, 41.465, 40.615, 40.556, 40.257, 39.249, 38.391, 38.477, 38.9, 38.218, 36.646, 35.418, 34.589, 34.124, 33.118, 32.398, 32.991, 33.998, 34.397, 34.283, 33.693, 33.206, 33.508, 33.313, 32.686, 33.062, 33.523, 36.782], [36.728, 36.033, 35.391, 35.003, 34.596, 34.527, 34.712, 34.491, 33.995, 33.606, 33.51, 33.029, 32.128, 31.797, 32.064, 32.093, 31.09, 29.487, 28.401, 27.587, 26.476, 25.674, 24.939, 23.18, 20.639, 19.9, 20.53, 18.73, 13.642, 6.906, 0.0, 6.016, 10.528, 13.547, 15.823, 18.049, 20.266, 22.763, 25.371, 27.07, 27.483, 27.38, 28.174, 29.858, 31.074, 31.909, 32.345, 31.991, 31.742, 31.489, 31.239, 31.427, 31.862, 31.943, 31.629, 31.589, 31.646, 31.838, 32.417, 33.03, 33.031, 32.892, 33.007, 32.702, 31.836, 31.449, 31.645, 31.642, 31.566, 34.666, 40.362, 42.861, 42.398, 43.808, 48.637, 52.664, 54.157, 54.85, 55.226, 55.32, 55.778, 56.076, 55.858, 55.653, 55.167, 54.382, 53.593, 52.879, 52.383, 52.375, 53.022, 54.404, 55.939, 56.275, 54.075, 47.771, 38.863, 36.488, 37.597, 35.5, 33.305, 34.584, 36.22, 37.266, 38.164, 38.754, 38.545, 37.534, 37.093, 37.564, 38.446, 39.287, 39.872, 40.993, 42.621, 43.072, 42.761, 42.857, 42.502, 41.264, 40.409, 40.367, 40.107, 39.128, 38.275, 38.376, 38.823, 38.156, 36.628, 35.463, 34.665, 34.195, 33.162, 32.43, 33.058, 34.095, 34.496, 34.353, 33.722, 33.201, 33.509, 33.341, 32.701, 33.055, 33.534, 36.655], [36.716, 36.049, 35.448, 35.091, 34.708, 34.681, 34.908, 34.702, 34.236, 33.928, 33.886, 33.42, 32.551, 32.25, 32.513, 32.541, 31.61, 30.158, 29.218, 28.496, 27.463, 26.74, 26.103, 24.534, 22.28, 21.751, 22.448, 20.888, 16.6, 11.459, 6.016, 0.0, 5.632, 9.707, 12.627, 15.348, 18.106, 21.075, 24.008, 25.854, 26.3, 26.25, 27.18, 29.014, 30.374, 31.315, 31.793, 31.49, 31.336, 31.149, 30.958, 31.21, 31.694, 31.764, 31.437, 31.442, 31.598, 31.913, 32.579, 33.231, 33.241, 33.101, 33.222, 32.922, 32.044, 31.63, 31.804, 31.809, 31.766, 34.878, 40.556, 43.054, 42.584, 43.945, 48.727, 52.747, 54.249, 54.953, 55.347, 55.46, 55.918, 56.21, 55.997, 55.798, 55.317, 54.544, 53.77, 53.063, 52.562, 52.543, 53.186, 54.557, 56.077, 56.407, 54.209, 47.901, 38.954, 36.516, 37.645, 35.582, 33.32, 34.487, 36.067, 37.086, 37.969, 38.573, 38.385, 37.346, 36.841, 37.264, 38.138, 39.004, 39.618, 40.773, 42.438, 42.901, 42.584, 42.683, 42.336, 41.104, 40.246, 40.201, 39.96, 39.002, 38.154, 38.267, 38.742, 38.106, 36.654, 35.583, 34.84, 34.388, 33.333, 32.582, 33.219, 34.247, 34.65, 34.508, 33.865, 33.328, 33.646, 33.508, 32.878, 33.231, 33.715, 36.641], [36.768, 36.121, 35.593, 35.293, 34.912, 34.902, 35.178, 35.0, 34.559, 34.334, 34.38, 33.975, 33.152, 32.872, 33.131, 33.17, 32.316, 30.997, 30.19, 29.568, 28.607, 27.937, 27.362, 25.965, 24.043, 23.775, 24.539, 23.106, 19.132, 14.689, 10.528, 5.632, 0.0, 5.179, 9.486, 13.073, 16.252, 19.527, 22.734, 24.745, 25.24, 25.234, 26.288, 28.258, 29.757, 30.824, 31.348, 31.089, 31.046, 30.907, 30.694, 30.989, 31.536, 31.605, 31.271, 31.33, 31.579, 32.011, 32.755, 33.429, 33.432, 33.28, 33.399, 33.101, 32.21, 31.773, 31.932, 31.955, 32.028, 35.325, 41.044, 43.526, 43.036, 44.357, 49.086, 53.085, 54.597, 55.316, 55.732, 55.872, 56.338, 56.621, 56.409, 56.22, 55.754, 54.998, 54.237, 53.529, 53.024, 53.011, 53.66, 55.028, 56.53, 56.84, 54.63, 48.309, 39.29, 36.705, 37.823, 35.771, 33.397, 34.41, 35.913, 36.894, 37.756, 38.375, 38.215, 37.176, 36.642, 37.025, 37.887, 38.789, 39.465, 40.676, 42.361, 42.819, 42.495, 42.588, 42.244, 41.015, 40.152, 40.107, 39.896, 38.972, 38.136, 38.261, 38.769, 38.175, 36.789, 35.775, 35.048, 34.593, 33.513, 32.714, 33.317, 34.314, 34.714, 34.573, 33.924, 33.363, 33.66, 33.537, 32.933, 33.288, 33.771, 36.711], [36.852, 36.214, 35.714, 35.44, 35.072, 35.065, 35.349, 35.198, 34.804, 34.62, 34.684, 34.326, 33.572, 33.321, 33.583, 33.627, 32.794, 31.52, 30.787, 30.248, 29.343, 28.706, 28.179, 26.94, 25.334, 25.312, 26.115, 24.792, 21.133, 17.104, 13.547, 9.707, 5.179, 0.0, 5.82, 11.203, 15.223, 18.584, 21.848, 23.97, 24.49, 24.542, 25.763, 27.835, 29.363, 30.475, 31.047, 30.837, 30.87, 30.792, 30.606, 30.939, 31.51, 31.585, 31.261, 31.354, 31.657, 32.161, 32.947, 33.637, 33.646, 33.487, 33.593, 33.294, 32.421, 31.995, 32.151, 32.161, 32.27, 35.614, 41.293, 43.753, 43.258, 44.535, 49.177, 53.128, 54.633, 55.354, 55.775, 55.927, 56.394, 56.669, 56.455, 56.269, 55.81, 55.068, 54.319, 53.618, 53.117, 53.107, 53.754, 55.104, 56.583, 56.885, 54.691, 48.41, 39.441, 36.824, 37.914, 35.9, 33.508, 34.389, 35.773, 36.676, 37.49, 38.106, 37.975, 36.963, 36.447, 36.827, 37.683, 38.601, 39.307, 40.53, 42.198, 42.641, 42.309, 42.394, 42.048, 40.812, 39.931, 39.88, 39.696, 38.82, 38.019, 38.163, 38.697, 38.153, 36.847, 35.903, 35.215, 34.791, 33.734, 32.912, 33.462, 34.408, 34.79, 34.652, 34.021, 33.477, 33.758, 33.65, 33.072, 33.411, 33.878, 36.803], [36.851, 36.223, 35.743, 35.488, 35.136, 35.13, 35.39, 35.249, 34.912, 34.787, 34.858, 34.53, 33.855, 33.648, 33.916, 33.965, 33.142, 31.876, 31.194, 30.744, 29.901, 29.307, 28.832, 27.695, 26.239, 26.266, 27.035, 25.787, 22.422, 18.891, 15.823, 12.627, 9.486, 5.82, 0.0, 7.17, 13.044, 17.246, 20.719, 22.955, 23.515, 23.636, 25.112, 27.358, 28.916, 30.067, 30.694, 30.54, 30.638, 30.647, 30.56, 30.934, 31.495, 31.563, 31.257, 31.369, 31.696, 32.229, 33.03, 33.74, 33.783, 33.648, 33.751, 33.451, 32.596, 32.194, 32.357, 32.333, 32.386, 35.625, 41.176, 43.607, 43.14, 44.402, 48.971, 52.871, 54.359, 55.074, 55.495, 55.645, 56.098, 56.36, 56.144, 55.959, 55.515, 54.805, 54.078, 53.377, 52.864, 52.85, 53.49, 54.821, 56.281, 56.589, 54.417, 48.191, 39.34, 36.807, 37.907, 36.0, 33.708, 34.544, 35.863, 36.712, 37.474, 38.065, 37.947, 36.964, 36.451, 36.826, 37.677, 38.594, 39.291, 40.491, 42.143, 42.579, 42.245, 42.331, 41.985, 40.738, 39.831,