[[0.0, 9.241, 16.388, 20.065, 22.308, 26.672, 31.875, 35.791, 37.611, 38.075, 38.25, 38.935, 40.022, 40.721, 40.62, 40.466, 40.837, 41.543, 42.501, 43.545, 44.146, 44.437, 45.051, 46.752, 48.41, 46.926, 43.274, 41.377, 41.663, 42.441, 42.638, 41.885, 40.022, 38.17, 37.048, 36.464, 35.999, 35.487, 35.183, 35.139, 35.4, 35.903, 36.071, 36.149, 35.87, 35.441, 35.086, 34.611, 34.363, 34.814, 35.091, 34.876, 34.743, 34.796, 34.528, 34.49, 34.787, 34.557, 33.883, 33.705, 33.712, 33.893, 35.031, 36.444, 36.898, 36.921, 36.963, 37.044, 37.09, 37.245, 37.743, 38.308, 38.346, 38.705, 39.701, 40.238, 39.779, 39.414, 39.517, 39.628, 39.76, 39.879, 39.824, 39.684, 39.578, 39.421, 39.526, 40.253, 41.473, 42.179, 42.308, 42.537, 42.554, 41.337, 39.496, 39.002, 39.388, 39.506, 39.574, 39.035, 37.434, 36.33, 36.133, 36.788, 37.494, 37.409, 37.504, 37.902, 37.715, 37.429, 37.505, 37.718, 38.484, 39.601, 39.853, 39.839, 40.359, 40.746, 40.546, 39.949, 38.869, 37.727, 37.386, 37.48, 36.537, 34.433, 32.978, 33.068, 33.666, 34.321, 34.635, 34.477, 34.16, 34.204, 34.572, 35.047, 35.304, 35.4, 35.647, 35.639, 35.136, 34.834, 34.957, 35.29, 35.553, 36.152, 36.902, 37.514, 37.624, 37.429, 37.105, 36.634, 36.524, 36.582, 36.582, 36.325, 35.816, 35.717, 35.518, 34.999, 34.958, 35.294, 35.303, 34.681, 34.27, 34.502, 34.633, 34.567, 34.623, 34.526, 34.354, 34.903, 35.948, 36.574, 36.612, 36.541, 36.354, 36.149, 36.352, 36.752, 36.959, 36.878, 36.96, 36.986, 36.64, 36.091, 35.454, 35.397, 35.744, 35.607, 35.234, 35.079, 35.124, 35.062, 35.016, 35.019, 34.642, 34.195, 34.059, 33.945, 33.667, 33.341, 33.242, 33.317, 8.805], [9.241, 0.0, 9.053, 14.663, 17.775, 22.718, 28.573, 33.11, 35.341, 35.959, 36.175, 36.914, 38.057, 38.791, 38.693, 38.498, 38.837, 39.607, 40.718, 41.886, 42.511, 42.826, 43.61, 45.507, 47.21, 45.764, 42.37, 40.911, 41.411, 42.176, 42.421, 41.789, 39.999, 38.263, 37.256, 36.735, 36.298, 35.798, 35.51, 35.506, 35.782, 36.225, 36.353, 36.427, 36.132, 35.679, 35.312, 34.79, 34.445, 34.836, 35.091, 34.854, 34.715, 34.766, 34.546, 34.553, 34.812, 34.569, 33.978, 33.899, 33.912, 34.062, 35.14, 36.486, 36.964, 37.05, 37.108, 37.144, 37.136, 37.286, 37.827, 38.442, 38.491, 38.849, 39.802, 40.272, 39.779, 39.411, 39.511, 39.588, 39.651, 39.751, 39.716, 39.58, 39.448, 39.232, 39.3, 40.069, 41.409, 42.248, 42.433, 42.664, 42.714, 41.509, 39.574, 38.983, 39.333, 39.411, 39.38, 38.804, 37.323, 36.322, 36.104, 36.718, 37.419, 37.381, 37.528, 37.947, 37.748, 37.491, 37.636, 37.895, 38.634, 39.686, 39.895, 39.874, 40.43, 40.858, 40.687, 40.108, 39.025, 37.923, 37.632, 37.724, 36.823, 34.796, 33.391, 33.442, 33.994, 34.655, 34.985, 34.84, 34.577, 34.652, 34.918, 35.309, 35.596, 35.72, 35.987, 35.978, 35.459, 35.152, 35.267, 35.592, 35.861, 36.43, 37.119, 37.645, 37.73, 37.573, 37.281, 36.844, 36.748, 36.803, 36.831, 36.601, 36.019, 35.793, 35.553, 35.082, 35.107, 35.453, 35.427, 34.794, 34.361, 34.519, 34.65, 34.626, 34.695, 34.621, 34.513, 35.132, 36.21, 36.878, 36.932, 36.871, 36.713, 36.466, 36.598, 36.965, 37.183, 37.187, 37.348, 37.377, 37.02, 36.495, 35.879, 35.729, 35.959, 35.816, 35.485, 35.305, 35.283, 35.228, 35.198, 35.187, 34.815, 34.367, 34.242, 34.145, 33.886, 33.595, 33.498, 33.536, 15.959], [16.388, 9.053, 0.0, 7.814, 13.876, 20.419, 26.86, 31.822, 34.329, 35.055, 35.315, 36.105, 37.285, 38.044, 37.963, 37.742, 38.033, 38.823, 40.042, 41.311, 41.969, 42.317, 43.216, 45.216, 46.889, 45.461, 42.274, 41.127, 41.773, 42.506, 42.78, 42.245, 40.508, 38.855, 37.913, 37.421, 37.032, 36.589, 36.31, 36.286, 36.526, 36.899, 36.981, 37.041, 36.754, 36.313, 35.974, 35.464, 35.033, 35.327, 35.569, 35.355, 35.21, 35.233, 35.019, 35.024, 35.245, 35.024, 34.536, 34.559, 34.602, 34.743, 35.759, 37.03, 37.526, 37.66, 37.733, 37.743, 37.699, 37.834, 38.401, 39.063, 39.131, 39.47, 40.349, 40.75, 40.27, 39.925, 40.013, 40.067, 40.1, 40.211, 40.216, 40.084, 39.903, 39.637, 39.703, 40.471, 41.794, 42.658, 42.859, 43.081, 43.145, 41.968, 39.998, 39.337, 39.628, 39.643, 39.498, 38.857, 37.508, 36.631, 36.41, 36.984, 37.663, 37.66, 37.829, 38.238, 38.057, 37.837, 38.001, 38.227, 38.872, 39.805, 39.96, 39.934, 40.514, 40.968, 40.817, 40.262, 39.197, 38.146, 37.88, 37.96, 37.159, 35.316, 34.091, 34.162, 34.678, 35.303, 35.599, 35.444, 35.235, 35.362, 35.587, 35.921, 36.213, 36.337, 36.584, 36.545, 36.031, 35.761, 35.889, 36.207, 36.474, 37.013, 37.653, 38.1, 38.163, 38.041, 37.766, 37.35, 37.281, 37.354, 37.397, 37.167, 36.542, 36.245, 36.013, 35.608, 35.662, 35.996, 35.975, 35.381, 34.955, 35.019, 35.121, 35.138, 35.216, 35.146, 35.07, 35.684, 36.708, 37.378, 37.46, 37.422, 37.288, 37.045, 37.175, 37.531, 37.745, 37.803, 38.042, 38.101, 37.745, 37.218, 36.603, 36.379, 36.52, 36.399, 36.138, 35.946, 35.856, 35.796, 35.784, 35.757, 35.389, 34.964, 34.856, 34.766, 34.529, 34.294, 34.229, 34.242, 20.995], [20.065, 14.663, 7.814, 0.0, 9.195, 18.123, 25.603, 30.963, 33.622, 34.395, 34.668, 35.488, 36.695, 37.47, 37.416, 37.22, 37.53, 38.362, 39.64, 40.955, 41.638, 42.028, 43.006, 45.095, 46.827, 45.433, 42.246, 41.062, 41.707, 42.477, 42.805, 42.312, 40.609, 38.983, 38.097, 37.655, 37.298, 36.87, 36.577, 36.517, 36.726, 37.077, 37.146, 37.198, 36.895, 36.435, 36.119, 35.652, 35.197, 35.442, 35.676, 35.466, 35.306, 35.313, 35.076, 35.057, 35.257, 35.032, 34.579, 34.648, 34.697, 34.827, 35.863, 37.164, 37.681, 37.817, 37.886, 37.901, 37.872, 38.009, 38.591, 39.295, 39.415, 39.784, 40.673, 41.082, 40.62, 40.282, 40.366, 40.437, 40.501, 40.64, 40.673, 40.551, 40.35, 40.076, 40.16, 40.91, 42.164, 42.984, 43.166, 43.378, 43.438, 42.259, 40.278, 39.593, 39.85, 39.843, 39.671, 38.976, 37.6, 36.723, 36.512, 37.1, 37.791, 37.797, 37.966, 38.371, 38.194, 37.972, 38.147, 38.356, 38.963, 39.87, 40.035, 40.029, 40.61, 41.053, 40.893, 40.315, 39.211, 38.141, 37.842, 37.88, 37.088, 35.271, 34.096, 34.248, 34.805, 35.427, 35.703, 35.534, 35.334, 35.48, 35.747, 36.108, 36.399, 36.533, 36.816, 36.783, 36.26, 36.002, 36.158, 36.497, 36.775, 37.341, 38.034, 38.5, 38.549, 38.42, 38.126, 37.682, 37.595, 37.662, 37.698, 37.475, 36.884, 36.593, 36.345, 35.928, 35.956, 36.264, 36.255, 35.677, 35.218, 35.21, 35.273, 35.281, 35.342, 35.248, 35.156, 35.739, 36.717, 37.372, 37.457, 37.43, 37.292, 37.039, 37.185, 37.559, 37.771, 37.82, 38.076, 38.154, 37.79, 37.247, 36.658, 36.473, 36.633, 36.532, 36.3, 36.114, 36.018, 35.968, 35.972, 35.934, 35.542, 35.105, 34.993, 34.887, 34.635, 34.422, 34.393, 34.406, 23.787], [22.308, 17.775, 13.876, 9.195, 0.0, 11.118, 20.912, 27.545, 30.735, 31.645, 31.95, 32.845, 34.133, 34.963, 34.974, 34.884, 35.316, 36.244, 37.576, 38.928, 39.635, 40.066, 41.178, 43.535, 45.516, 44.172, 40.997, 39.881, 40.59, 41.429, 41.869, 41.478, 39.892, 38.405, 37.703, 37.397, 37.07, 36.637, 36.341, 36.293, 36.533, 36.923, 37.021, 37.086, 36.758, 36.243, 35.889, 35.43, 35.021, 35.293, 35.527, 35.289, 35.131, 35.165, 34.937, 34.915, 35.09, 34.817, 34.357, 34.431, 34.425, 34.492, 35.549, 36.915, 37.438, 37.544, 37.599, 37.654, 37.662, 37.813, 38.414, 39.142, 39.29, 39.7, 40.649, 41.098, 40.631, 40.279, 40.365, 40.455, 40.551, 40.711, 40.745, 40.615, 40.409, 40.148, 40.231, 40.946, 42.165, 42.99, 43.178, 43.379, 43.432, 42.234, 40.223, 39.548, 39.825, 39.819, 39.646, 38.95, 37.561, 36.687, 36.479, 37.069, 37.762, 37.743, 37.91, 38.345, 38.169, 37.945, 38.136, 38.37, 39.034, 40.017, 40.229, 40.243, 40.813, 41.231, 41.05, 40.445, 39.332, 38.27, 37.99, 38.013, 37.169, 35.295, 34.049, 34.181, 34.733, 35.357, 35.637, 35.46, 35.245, 35.391, 35.703, 36.105, 36.379, 36.526, 36.888, 36.895, 36.359, 36.076, 36.231, 36.584, 36.874, 37.462, 38.19, 38.666, 38.686, 38.531, 38.222, 37.747, 37.611, 37.639, 37.672, 37.503, 36.998, 36.713, 36.369, 35.883, 35.912, 36.197, 36.172, 35.612, 35.132, 35.116, 35.188, 35.177, 35.229, 35.155, 35.087, 35.675, 36.65, 37.277, 37.323, 37.263, 37.067, 36.699, 36.753, 37.09, 37.295, 37.33, 37.565, 37.642, 37.302, 36.828, 36.358, 36.274, 36.487, 36.405, 36.183, 36.029, 35.991, 35.96, 35.949, 35.911, 35.493, 35.012, 34.879, 34.763, 34.49, 34.262, 34.228, 34.241, 26.041], [26.672, 22.718, 20.419, 18.123, 11.118, 0.0, 11.834, 20.594, 25.079, 26.463, 26.882, 27.874, 29.257, 30.154, 30.266, 30.373, 31.067, 32.241, 33.775, 35.258, 35.979, 36.443, 37.742, 40.38, 42.569, 41.425, 38.812, 38.418, 39.421, 40.258, 40.947, 41.02, 39.922, 38.891, 38.512, 38.362, 38.104, 37.742, 37.524, 37.535, 37.786, 38.166, 38.295, 38.375, 38.075, 37.609, 37.269, 36.852, 36.534, 36.78, 36.961, 36.733, 36.604, 36.663, 36.49, 36.46, 36.55, 36.235, 35.857, 35.946, 35.886, 35.899, 36.817, 38.051, 38.522, 38.618, 38.682, 38.744, 38.744, 38.883, 39.467, 40.139, 40.258, 40.655, 41.552, 41.947, 41.494, 41.168, 41.25, 41.315, 41.378, 41.508, 41.519, 41.36, 41.131, 40.882, 40.934, 41.553, 42.725, 43.601, 43.817, 43.976, 43.985, 42.798, 40.827, 40.174, 40.452, 40.421, 40.191, 39.566, 38.411, 37.713, 37.502, 37.999, 38.595, 38.521, 38.637, 39.07, 38.957, 38.85, 39.138, 39.408, 40.067, 41.021, 41.254, 41.258, 41.733, 42.086, 41.915, 41.339, 40.315, 39.4, 39.194, 39.216, 38.471, 36.84, 35.819, 35.933, 36.404, 36.942, 37.174, 37.007, 36.809, 36.936, 37.202, 37.566, 37.803, 37.954, 38.328, 38.367, 37.902, 37.632, 37.742, 38.06, 38.333, 38.822, 39.433, 39.81, 39.805, 39.681, 39.413, 38.949, 38.755, 38.728, 38.777, 38.707, 38.339, 38.046, 37.621, 37.169, 37.223, 37.444, 37.42, 36.968, 36.565, 36.587, 36.701, 36.705, 36.758, 36.725, 36.689, 37.189, 38.015, 38.529, 38.525, 38.436, 38.159, 37.61, 37.503, 37.734, 37.892, 37.956, 38.241, 38.354, 38.101, 37.807, 37.511, 37.465, 37.687, 37.652, 37.481, 37.365, 37.389, 37.41, 37.368, 37.32, 36.975, 36.535, 36.36, 36.244, 36.037, 35.86, 35.816, 35.821, 30.088], [31.875, 28.573, 26.86, 25.603, 20.912, 11.834, 0.0, 10.681, 17.112, 19.519, 20.256, 21.376, 22.873, 23.848, 24.057, 24.39, 25.416, 26.942, 28.863, 30.635, 31.414, 31.913, 33.401, 36.224, 38.534, 37.808, 36.297, 37.13, 38.662, 39.479, 40.328, 41.056, 40.898, 40.723, 40.744, 40.676, 40.494, 40.273, 40.172, 40.229, 40.428, 40.715, 40.836, 40.907, 40.655, 40.307, 40.071, 39.745, 39.489, 39.63, 39.731, 39.571, 39.49, 39.572, 39.528, 39.499, 39.454, 39.162, 38.944, 39.019, 38.925, 38.923, 39.599, 40.519, 40.896, 41.013, 41.085, 41.097, 41.054, 41.161, 41.65, 42.192, 42.275, 42.608, 43.319, 43.57, 43.159, 42.895, 42.961, 42.974, 42.957, 43.038, 43.049, 42.871, 42.598, 42.362, 42.408, 42.91, 43.94, 44.813, 45.041, 45.12, 45.04, 43.911, 42.104, 41.482, 41.724, 41.662, 41.341, 40.794, 40.03, 39.646, 39.473, 39.842, 40.299, 40.193, 40.236, 40.63, 40.632, 40.692, 41.09, 41.37, 41.94, 42.77, 43.01, 42.999, 43.343, 43.619, 43.497, 42.99, 42.1, 41.372, 41.176, 41.166, 40.682, 39.568, 39.035, 39.204, 39.571, 39.953, 40.075, 39.926, 39.778, 39.855, 39.984, 40.258, 40.487, 40.654, 40.944, 40.973, 40.617, 40.364, 40.396, 40.654, 40.879, 41.192, 41.583, 41.776, 41.729, 41.684, 41.538, 41.181, 40.975, 40.908, 40.989, 41.009, 40.735, 40.408, 40.039, 39.797, 39.838, 39.926, 39.935, 39.654, 39.365, 39.396, 39.539, 39.573, 39.625, 39.622, 39.595, 39.925, 40.492, 40.844, 40.803, 40.733, 40.466, 39.867, 39.697, 39.844, 39.923, 39.991, 40.322, 40.494, 40.38, 40.313, 40.146, 40.016, 40.157, 40.151, 40.026, 39.906, 39.938, 40.041, 40.015, 39.972, 39.745, 39.434, 39.254, 39.159, 39.069, 39.004, 38.974, 38.982, 34.735], [35.791, 33.11, 31.822, 30.963, 27.545, 20.594, 10.681, 0.0, 7.936, 11.876, 13.524, 15.005, 16.634, 17.675, 17.958, 18.487, 19.772, 21.587, 23.935, 26.083, 26.997, 27.562, 29.205, 32.18, 34.634, 34.311, 33.795, 35.701, 37.691, 38.512, 39.36, 40.59, 41.348, 42.002, 42.403, 42.398, 42.258, 42.137, 42.114, 42.189, 42.352, 42.583, 42.7, 42.765, 42.548, 42.271, 42.116, 41.89, 41.702, 41.772, 41.819, 41.716, 41.7, 41.826, 41.887, 41.848, 41.682, 41.403, 41.276, 41.322, 41.202, 41.149, 41.595, 42.273, 42.614, 42.772, 42.856, 42.835, 42.775, 42.868, 43.285, 43.742, 43.817, 44.119, 44.7, 44.845, 44.457, 44.225, 44.275, 44.266, 44.211, 44.289, 44.338, 44.168, 43.875, 43.673, 43.739, 44.17, 45.088, 45.941, 46.165, 46.166, 45.996, 44.899, 43.227, 42.617, 42.811, 42.759, 42.422, 41.951, 41.452, 41.258, 41.115, 41.418, 41.804, 41.706, 41.709, 42.077, 42.177, 42.342, 42.776, 43.038, 43.537, 44.272, 44.495, 44.463, 44.73, 44.984, 44.912, 44.448, 43.624, 42.964, 42.701, 42.654, 42.389, 41.634, 41.415, 41.636, 41.944, 42.214, 42.249, 42.115, 42.006, 42.024, 42.016, 42.212, 42.444, 42.632, 42.858, 42.885, 42.586, 42.317, 42.296, 42.526, 42.73, 42.95, 43.191, 43.238, 43.149, 43.185, 43.179, 42.938, 42.728, 42.621, 42.717, 42.792, 42.553, 42.171, 41.869, 41.788, 41.769, 41.734, 41.767, 41.582, 41.33, 41.348, 41.501, 41.55, 41.618, 41.647, 41.604, 41.801, 42.216, 42.462, 42.39, 42.349, 42.139, 41.603, 41.438, 41.525, 41.542, 41.584, 41.919, 42.149, 42.157, 42.267, 42.186, 41.987, 42.051, 42.038, 41.923, 41.786, 41.823, 41.992, 41.985, 41.94, 41.775, 41.56, 41.418, 41.362, 41.354, 41.348, 41.319, 41.333, 38.178], [37.611, 35.341, 34.329, 33.622, 30.735, 25.079, 17.112, 7.936, 0.0, 5.227, 8.502, 10.965, 12.831, 13.906, 14.289, 14.95, 16.29, 18.122, 20.625, 22.984, 24.035, 24.677, 26.362, 29.414, 32.046, 31.96, 31.865, 34.267, 36.467, 37.309, 38.137, 39.617, 40.922, 42.13, 42.855, 42.928, 42.804, 42.729, 42.743, 42.822, 42.98, 43.212, 43.343, 43.416, 43.231, 42.979, 42.854, 42.705, 42.594, 42.664, 42.698, 42.608, 42.604, 42.734, 42.81, 42.732, 42.48, 42.184, 42.082, 42.132, 41.999, 41.901, 42.264, 42.884, 43.224, 43.405, 43.522, 43.518, 43.456, 43.548, 43.964, 44.421, 44.491, 44.78, 45.327, 45.433, 45.041, 44.805, 44.846, 44.831, 44.765, 44.863, 44.952, 44.789, 44.48, 44.294, 44.356, 44.744, 45.607, 46.438, 46.644, 46.6, 46.377, 45.27, 43.644, 43.046, 43.222, 43.179, 42.851, 42.43, 42.033, 41.918, 41.817, 42.112, 42.472, 42.385, 42.379, 42.742, 42.89, 43.097, 43.513, 43.731, 44.206, 44.923, 45.137, 45.087, 45.322, 45.563, 45.51, 45.065, 44.251, 43.573, 43.255, 43.202, 43.033, 42.403, 42.276, 42.51, 42.82, 43.058, 43.038, 42.905, 42.817, 42.808, 42.739, 42.895, 43.13, 43.339, 43.556, 43.601, 43.309, 43.014, 42.974, 43.208, 43.427, 43.652, 43.852, 43.844, 43.749, 43.842, 43.911, 43.711, 43.489, 43.354, 43.451, 43.565, 43.352, 42.929, 42.615, 42.531, 42.425, 42.316, 42.348, 42.183, 41.937, 41.96, 42.12, 42.181, 42.283, 42.336, 42.252, 42.378, 42.781, 43.008, 42.91, 42.864, 42.672, 42.198, 42.044, 42.094, 42.078, 42.087, 42.407, 42.656, 42.703, 42.888, 42.875, 42.686, 42.726, 42.703, 42.589, 42.45, 42.499, 42.696, 42.691, 42.636, 42.485, 42.305, 42.186, 42.16, 42.188, 42.186, 42.152, 42.183, 39.716], [38.075, 35.959, 35.055, 34.395, 31.645, 26.463, 19.519, 11.876, 5.227, 0.0, 4.611, 8.528, 11.136, 12.523, 13.133, 13.917, 15.234, 16.987, 19.453, 21.854, 22.976, 23.627, 25.263, 28.375, 31.166, 31.168, 31.113, 33.596, 35.843, 36.691, 37.507, 39.052, 40.528, 41.942, 42.858, 43.005, 42.887, 42.821, 42.849, 42.937, 43.097, 43.329, 43.465, 43.55, 43.393, 43.152, 43.027, 42.914, 42.857, 42.948, 42.985, 42.893, 42.873, 42.98, 43.04, 42.93, 42.639, 42.328, 42.237, 42.307, 42.174, 42.054, 42.405, 43.027, 43.369, 43.552, 43.688, 43.707, 43.65, 43.74, 44.164, 44.635, 44.705, 44.996, 45.559, 45.667, 45.268, 45.025, 45.062, 45.039, 44.967, 45.077, 45.185, 45.029, 44.714, 44.525, 44.579, 44.955, 45.784, 46.578, 46.769, 46.713, 46.478, 45.358, 43.734, 43.154, 43.337, 43.286, 42.948, 42.542, 42.172, 42.088, 42.018, 42.322, 42.675, 42.587, 42.571, 42.931, 43.101, 43.323, 43.721, 43.914, 44.396, 45.131, 45.349, 45.293, 45.515, 45.742, 45.688, 45.254, 44.448, 43.77, 43.446, 43.381, 43.205, 42.597, 42.5, 42.733, 43.051, 43.281, 43.231, 43.093, 43.015, 42.997, 42.915, 43.061, 43.298, 43.518, 43.745, 43.802, 43.507, 43.203, 43.159, 43.392, 43.622, 43.869, 44.079, 44.067, 43.978, 44.097, 44.189, 44.001, 43.778, 43.635, 43.724, 43.847, 43.651, 43.227, 42.898, 42.768, 42.594, 42.44, 42.462, 42.306, 42.074, 42.103, 42.263, 42.336, 42.464, 42.532, 42.433, 42.538, 42.962, 43.202, 43.095, 43.028, 42.825, 42.353, 42.183, 42.213, 42.187, 42.176, 42.479, 42.714, 42.76, 42.965, 42.998, 42.842, 42.885, 42.86, 42.744, 42.607, 42.662, 42.862, 42.849, 42.778, 42.626, 42.454, 42.343, 42.333, 42.373, 42.369, 42.337, 42.384, 40.101], [38.25, 36.175, 35.315, 34.668, 31.95, 26.882, 20.256, 13.524, 8.502, 4.611, 0.0, 4.99, 8.822, 11.079, 12.149, 13.122, 14.539, 16.416, 19.008, 21.49, 22.626, 23.208, 24.789, 28.002, 30.935, 30.984, 30.918, 33.387, 35.634, 36.494, 37.337, 38.914, 40.452, 41.925, 42.895, 43.059, 42.954, 42.902, 42.933, 43.025, 43.185, 43.403, 43.536, 43.632, 43.506, 43.287, 43.158, 43.046, 43.015, 43.123, 43.154, 43.051, 43.013, 43.1, 43.156, 43.043, 42.741, 42.412, 42.314, 42.4, 42.276, 42.147, 42.491, 43.121, 43.473, 43.656, 43.795, 43.824, 43.767, 43.85, 44.268, 44.739, 44.815, 45.122, 45.706, 45.814, 45.405, 45.164, 45.205, 45.176, 45.095, 45.204, 45.318, 45.173, 44.86, 44.657, 44.711, 45.094, 45.913, 46.69, 46.878, 46.822, 46.578, 45.44, 43.813, 43.246, 43.436, 43.385, 43.052, 42.662, 42.304, 42.226, 42.155, 42.46, 42.81, 42.716, 42.68, 43.029, 43.201, 43.423, 43.824, 44.031, 44.534, 45.286, 45.511, 45.451, 45.652, 45.857, 45.8, 45.386, 44.612, 43.976, 43.68, 43.586, 43.369, 42.767, 42.692, 42.927, 43.242, 43.468, 43.41, 43.27, 43.192, 43.166, 43.074, 43.215, 43.45, 43.676, 43.904, 43.957, 43.661, 43.357, 43.305, 43.53, 43.757, 44.019, 44.249, 44.247, 44.163, 44.29, 44.388, 44.199, 43.97, 43.824, 43.907, 44.018, 43.818, 43.416, 43.111, 42.96, 42.755, 42.599, 42.624, 42.473, 42.248, 42.27, 42.432, 42.515, 42.652, 42.739, 42.657, 42.759, 43.18, 43.431, 43.333, 43.261, 43.044, 42.55, 42.358, 42.375, 42.349, 42.346, 42.655, 42.882, 42.927, 43.126, 43.157, 42.995, 43.026, 42.991, 42.876, 42.744, 42.796, 42.988, 42.967, 42.886, 42.74, 42.583, 42.482, 42.483, 42.523, 42.516, 42.48, 42.526, 40.294], [38.935, 36.914, 36.105, 35.488, 32.845, 27.874, 21.376, 15.005, 10.965, 8.528, 4.99, 0.0, 4.857, 8.373, 10.285, 11.582, 13.136, 15.241, 18.159, 20.865, 22.046, 22.582, 24.165, 27.502, 30.59, 30.783, 30.869, 33.412, 35.666, 36.531, 37.42, 39.062, 40.714, 42.304, 43.299, 43.43, 43.331, 43.314, 43.349, 43.431, 43.586, 43.797, 43.932, 44.036, 43.937, 43.748, 43.625, 43.502, 43.475, 43.574, 43.598, 43.49, 43.432, 43.5, 43.565, 43.461, 43.153, 42.822, 42.716, 42.804, 42.692, 42.558, 42.872, 43.493, 43.856, 44.042, 44.182, 44.214, 44.155, 44.228, 44.625, 45.075, 45.15, 45.463, 46.049, 46.148, 45.732, 45.503, 45.558, 45.529, 45.438, 45.537, 45.651, 45.51, 45.195, 44.983, 45.019, 45.371, 46.164, 46.945, 47.135, 47.066, 46.797, 45.663, 44.081, 43.528, 43.712, 43.677, 43.369, 43.009, 42.695, 42.637, 42.559, 42.854, 43.191, 43.089, 43.038, 43.369, 43.531, 43.754, 44.165, 44.383, 44.883, 45.631, 45.858, 45.788, 45.946, 46.111, 46.055, 45.671, 44.948, 44.373, 44.102, 43.982, 43.758, 43.204, 43.177, 43.421, 43.73, 43.959, 43.91, 43.781, 43.708, 43.674, 43.566, 43.69, 43.907, 44.116, 44.317, 44.361, 44.076, 43.777, 43.711, 43.918, 44.136, 44.393, 44.625, 44.631, 44.552, 44.678, 44.775, 44.579, 44.334, 44.177, 44.257, 44.368, 44.183, 43.813, 43.535, 43.376, 43.163, 43.026, 43.069, 42.929, 42.712, 42.729, 42.899, 42.994, 43.135, 43.236, 43.166, 43.248, 43.645, 43.893, 43.805, 43.737, 43.515, 43.009, 42.817, 42.829, 42.803, 42.82, 43.16, 43.395, 43.438, 43.626, 43.642, 43.459, 43.458, 43.401, 43.292, 43.17, 43.214, 43.397, 43.373, 43.294, 43.169, 43.038, 42.948, 42.963, 43.016, 43.017, 42.977, 43.009, 40.96], [40.022, 38.057, 37.285, 36.695, 34.133, 29.257, 22.873, 16.634, 12.831, 11.136, 8.822, 4.857, 0.0, 4.49, 7.586, 9.519, 11.183, 13.448, 16.79, 19.851, 21.157, 21.72, 23.375, 26.821, 30.047, 30.527, 30.989, 33.726, 35.988, 36.829, 37.776, 39.518, 41.28, 42.973, 43.987, 44.095, 43.994, 44.003, 44.056, 44.139, 44.292, 44.506, 44.64, 44.742, 44.656, 44.487, 44.379, 44.253, 44.214, 44.281, 44.299, 44.201, 44.128, 44.179, 44.255, 44.167, 43.861, 43.559, 43.473, 43.56, 43.448, 43.302, 43.56, 44.136, 44.498, 44.691, 44.836, 44.873, 44.815, 44.88, 45.26, 45.682, 45.747, 46.062, 46.639, 46.728, 46.312, 46.091, 46.154, 46.125, 46.022, 46.11, 46.224, 46.08, 45.755, 45.547, 45.554, 45.839, 46.587, 47.373, 47.56, 47.462, 47.172, 46.079, 44.573, 44.032, 44.202, 44.166, 43.86, 43.523, 43.273, 43.258, 43.184, 43.469, 43.784, 43.671, 43.623, 43.95, 44.105, 44.336, 44.752, 44.952, 45.414, 46.13, 46.347, 46.263, 46.381, 46.517, 46.468, 46.104, 45.421, 44.882, 44.6, 44.476, 44.307, 43.845, 43.903, 44.162, 44.468, 44.697, 44.649, 44.53, 44.468, 44.431, 44.305, 44.406, 44.596, 44.773, 44.944, 44.994, 44.731, 44.438, 44.36, 44.549, 44.75, 44.985, 45.203, 45.204, 45.123, 45.247, 45.347, 45.159, 44.909, 44.743, 44.824, 44.957, 44.808, 44.451, 44.175, 44.02, 43.807, 43.676, 43.73, 43.61, 43.402, 43.42, 43.605, 43.715, 43.861, 43.967, 43.889, 43.937, 44.298, 44.528, 44.45, 44.399, 44.178, 43.666, 43.487, 43.499, 43.465, 43.497, 43.861, 44.1, 44.141, 44.33, 44.346, 44.149, 44.123, 44.055, 43.951, 43.831, 43.869, 44.055, 44.043, 43.969, 43.866, 43.761, 43.673, 43.7, 43.777, 43.801, 43.769, 43.792, 41.988], [40.721, 38.791, 38.044, 37.47, 34.963, 30.154, 23.848, 17.675, 13.906, 12.523, 11.079, 8.373, 4.49, 0.0, 4.08, 7.051, 9.148, 11.535, 15.224, 18.638, 20.08, 20.701, 22.483, 26.029, 29.354, 30.12, 30.977, 33.917, 36.21, 37.041, 38.039, 39.837, 41.633, 43.354, 44.355, 44.462, 44.37, 44.388, 44.455, 44.555, 44.727, 44.95, 45.076, 45.168, 45.07, 44.896, 44.801, 44.678, 44.62, 44.66, 44.678, 44.589, 44.501, 44.532, 44.614, 44.548, 44.263, 43.991, 43.925, 44.015, 43.907, 43.744, 43.948, 44.479, 44.828, 45.03, 45.185, 45.226, 45.165, 45.229, 45.61, 46.022, 46.081, 46.395, 46.962, 47.042, 46.623, 46.404, 46.469, 46.431, 46.312, 46.389, 46.504, 46.358, 46.023, 45.809, 45.794, 46.042, 46.771, 47.564, 47.75, 47.635, 47.338, 46.275, 44.815, 44.283, 44.446, 44.391, 44.059, 43.733, 43.528, 43.54, 43.478, 43.765, 44.063, 43.936, 43.9, 44.236, 44.393, 44.638, 45.058, 45.228, 45.643, 46.337, 46.544, 46.442, 46.539, 46.663, 46.619, 46.262, 45.592, 45.053, 44.739, 44.627, 44.524, 44.141, 44.277, 44.548, 44.847, 45.077, 45.018, 44.898, 44.843, 44.81, 44.672, 44.751, 44.922, 45.08, 45.236, 45.291, 45.038, 44.749, 44.664, 44.835, 45.022, 45.247, 45.459, 45.447, 45.36, 45.492, 45.61, 45.441, 45.198, 45.027, 45.107, 45.262, 45.146, 44.793, 44.511, 44.364, 44.151, 44.017, 44.076, 43.97, 43.767, 43.788, 43.989, 44.113, 44.267, 44.37, 44.274, 44.301, 44.634, 44.846, 44.775, 44.739, 44.517, 43.991, 43.815, 43.823, 43.781, 43.817, 44.181, 44.415, 44.46, 44.663, 44.691, 44.493, 44.466, 44.406, 44.306, 44.182, 44.216, 44.42, 44.43, 44.361, 44.264, 44.166, 44.073, 44.1, 44.19, 44.237, 44.227, 44.252, 42.637], [40.62, 38.693, 37.963, 37.416, 34.974, 30.266, 24.057, 17.958, 14.289, 13.133, 12.149, 10.285, 7.586, 4.08, 0.0, 3.869, 6.947, 9.821, 13.765, 17.38, 18.886, 19.558, 21.517, 25.216, 28.612, 29.478, 30.489, 33.564, 35.934, 36.797, 37.811, 39.604, 41.383, 43.096, 44.065, 44.159, 44.076, 44.094, 44.161, 44.278, 44.481, 44.722, 44.836, 44.917, 44.798, 44.601, 44.507, 44.376, 44.299, 44.348, 44.374, 44.274, 44.169, 44.188, 44.266, 44.21, 43.944, 43.683, 43.616, 43.711, 43.621, 43.463, 43.67, 44.201, 44.545, 44.748, 44.908, 44.953, 44.891, 44.959, 45.348, 45.767, 45.83, 46.151, 46.72, 46.804, 46.379, 46.158, 46.227, 46.188, 46.061, 46.134, 46.251, 46.1, 45.753, 45.527, 45.503, 45.752, 46.496, 47.301, 47.489, 47.376, 47.073, 45.999, 44.526, 43.993, 44.158, 44.088, 43.73, 43.405, 43.204, 43.207, 43.14, 43.435, 43.73, 43.597, 43.573, 43.921, 44.078, 44.332, 44.756, 44.909, 45.304, 46.002, 46.208, 46.097, 46.199, 46.322, 46.271, 45.907, 45.225, 44.679, 44.365, 44.269, 44.181, 43.809, 43.971, 44.231, 44.519, 44.758, 44.701, 44.579, 44.522, 44.488, 44.347, 44.423, 44.588, 44.742, 44.906, 44.962, 44.696, 44.4, 44.315, 44.479, 44.659, 44.893, 45.118, 45.103, 45.012, 45.151, 45.284, 45.125, 44.884, 44.709, 44.791, 44.953, 44.841, 44.49, 44.205, 44.052, 43.834, 43.699, 43.76, 43.652, 43.444, 43.468, 43.676, 43.81, 43.969, 44.063, 43.951, 43.984, 44.326, 44.537, 44.465, 44.426, 44.2, 43.669, 43.504, 43.526, 43.49, 43.531, 43.884, 44.104, 44.142, 44.346, 44.369, 44.17, 44.154, 44.102, 44.002, 43.87, 43.9, 44.124, 44.162, 44.103, 43.997, 43.888, 43.787, 43.807, 43.896, 43.956, 43.968, 44.004, 42.497], [40.466, 38.498, 37.742, 37.22, 34.884, 30.373, 24.39, 18.487, 14.95, 13.917, 13.122, 11.582, 9.519, 7.051, 3.869, 0.0, 3.96, 7.939, 12.581, 16.423, 17.956, 18.684, 20.848, 24.722, 28.128, 28.927, 29.925, 33.124, 35.617, 36.529, 37.541, 39.321, 41.091, 42.788, 43.712, 43.777, 43.698, 43.717, 43.782, 43.9, 44.114, 44.364, 44.471, 44.546, 44.414, 44.205, 44.109, 43.971, 43.899, 43.977, 44.006, 43.887, 43.782, 43.812, 43.889, 43.826, 43.558, 43.294, 43.222, 43.316, 43.242, 43.112, 43.348, 43.887, 44.23, 44.437, 44.595, 44.639, 44.578, 44.644, 45.032, 45.457, 45.534, 45.87, 46.448, 46.537, 46.112, 45.886, 45.963, 45.941, 45.816, 45.888, 46.013, 45.867, 45.522, 45.294, 45.275, 45.537, 46.304, 47.125, 47.32, 47.2, 46.868, 45.755, 44.243, 43.686, 43.846, 43.767, 43.396, 43.065, 42.858, 42.849, 42.773, 43.069, 43.367, 43.242, 43.235, 43.597, 43.753, 44.004, 44.418, 44.565, 44.961, 45.661, 45.865, 45.757, 45.878, 46.013, 45.962, 45.584, 44.878, 44.336, 44.045, 43.95, 43.845, 43.469, 43.637, 43.893, 44.188, 44.447, 44.397, 44.273, 44.209, 44.17, 44.031, 44.112, 44.271, 44.424, 44.611, 44.673, 44.388, 44.082, 44.007, 44.177, 44.344, 44.576, 44.825, 44.815, 44.714, 44.847, 44.976, 44.812, 44.568, 44.391, 44.473, 44.634, 44.512, 44.152, 43.863, 43.704, 43.484, 43.341, 43.393, 43.279, 43.064, 43.08, 43.293, 43.441, 43.603, 43.685, 43.569, 43.625, 44.003, 44.233, 44.154, 44.107, 43.889, 43.378, 43.249, 43.312, 43.299, 43.353, 43.694, 43.882, 43.886, 44.061, 44.052, 43.832, 43.815, 43.765, 43.661, 43.516, 43.534, 43.769, 43.82, 43.769, 43.66, 43.543, 43.441, 43.457, 43.542, 43.603, 43.622, 43.664, 42.319], [40.837, 38.837, 38.033, 37.53, 35.316, 31.067, 25.416, 19.772, 16.29, 15.234, 14.539, 13.136, 11.183, 9.148, 6.947, 3.96, 0.0, 5.018, 10.815, 15.219, 16.908, 17.726, 20.098, 24.139, 27.521, 28.256, 29.378, 32.858, 35.535, 36.506, 37.505, 39.291, 41.117, 42.853, 43.755, 43.798, 43.731, 43.768, 43.84, 43.948, 44.143, 44.387, 44.499, 44.572, 44.433, 44.23, 44.15, 44.028, 43.973, 44.078, 44.116, 43.994, 43.9, 43.95, 44.043, 43.971, 43.679, 43.402, 43.33, 43.426, 43.354, 43.237, 43.487, 44.025, 44.364, 44.572, 44.727, 44.765, 44.698, 44.763, 45.152, 45.573, 45.637, 45.969, 46.543, 46.629, 46.202, 45.971, 46.045, 46.026, 45.889, 45.955, 46.088, 45.941, 45.589, 45.36, 45.345, 45.611, 46.38, 47.208, 47.405, 47.259, 46.887, 45.759, 44.241, 43.669, 43.825, 43.747, 43.366, 43.038, 42.871, 42.92, 42.88, 43.179, 43.476, 43.373, 43.394, 43.765, 43.931, 44.177, 44.571, 44.701, 45.081, 45.772, 45.978, 45.879, 46.021, 46.181, 46.132, 45.731, 44.997, 44.447, 44.151, 44.038, 43.932, 43.585, 43.78, 44.055, 44.368, 44.639, 44.588, 44.459, 44.391, 44.349, 44.192, 44.247, 44.387, 44.534, 44.731, 44.796, 44.507, 44.199, 44.13, 44.303, 44.462, 44.697, 44.961, 44.949, 44.839, 44.975, 45.106, 44.942, 44.699, 44.523, 44.596, 44.757, 44.639, 44.273, 43.99, 43.856, 43.654, 43.507, 43.547, 43.429, 43.211, 43.218, 43.432, 43.587, 43.751, 43.831, 43.715, 43.784, 44.182, 44.423, 44.34, 44.295, 44.088, 43.59, 43.473, 43.562, 43.575, 43.639, 43.967, 44.125, 44.103, 44.249, 44.205, 43.964, 43.95, 43.911, 43.809, 43.655, 43.667, 43.905, 43.955, 43.901, 43.799, 43.692, 43.593, 43.604, 43.689, 43.751, 43.76, 43.797, 42.663], [41.543, 39.607, 38.823, 38.362, 36.244, 32.241, 26.942, 21.587, 18.122, 16.987, 16.416, 15.241, 13.448, 11.535, 9.821, 7.939, 5.018, 0.0, 6.666, 11.991, 14.203, 15.222, 17.832, 22.159, 25.673, 26.531, 28.082, 32.066, 34.986, 36.006, 36.967, 38.821, 40.881, 42.878, 43.901, 43.979, 43.956, 44.037, 44.124, 44.223, 44.411, 44.661, 44.78, 44.857, 44.73, 44.551, 44.505, 44.42, 44.399, 44.533, 44.589, 44.476, 44.386, 44.436, 44.539, 44.461, 44.134, 43.834, 43.768, 43.892, 43.834, 43.697, 43.936, 44.484, 44.81, 45.004, 45.163, 45.206, 45.13, 45.202, 45.61, 46.022, 46.04, 46.325, 46.882, 46.958, 46.522, 46.285, 46.34, 46.278, 46.093, 46.145, 46.283, 46.113, 45.724, 45.471, 45.451, 45.71, 46.461, 47.278, 47.46, 47.276, 46.894, 45.795, 44.331, 43.798, 43.965, 43.895, 43.514, 43.213, 43.142, 43.323, 43.361, 43.672, 43.97, 43.909, 43.961, 44.325, 44.505, 44.771, 45.16, 45.259, 45.598, 46.271, 46.48, 46.392, 46.563, 46.747, 46.682, 46.242, 45.472, 44.908, 44.61, 44.494, 44.381, 44.058, 44.279, 44.555, 44.847, 45.1, 45.041, 44.907, 44.833, 44.784, 44.592, 44.605, 44.725, 44.871, 45.05, 45.097, 44.807, 44.499, 44.419, 44.578, 44.75, 45.013, 45.262, 45.232, 45.131, 45.299, 45.464, 45.326, 45.1, 44.928, 44.99, 45.146, 45.035, 44.671, 44.41, 44.313, 44.123, 43.964, 44.001, 43.895, 43.686, 43.691, 43.902, 44.047, 44.213, 44.316, 44.218, 44.293, 44.692, 44.925, 44.832, 44.794, 44.59, 44.068, 43.891, 43.957, 43.981, 44.04, 44.342, 44.482, 44.469, 44.634, 44.607, 44.388, 44.403, 44.395, 44.31, 44.163, 44.172, 44.409, 44.449, 44.387, 44.296, 44.217, 44.129, 44.125, 44.214, 44.285, 44.289, 44.325, 43.283], [42.501, 40.718, 40.042, 39.64, 37.576, 33.775, 28.863, 23.935, 20.625, 19.453, 19.008, 18.159, 16.79, 15.224, 13.765, 12.581, 10.815, 6.666, 0.0, 6.171, 9.395, 11.034, 13.913, 18.624, 22.574, 23.862, 26.099, 30.711, 33.882, 34.949, 35.885, 37.878, 40.312, 42.768, 44.07, 44.249, 44.286, 44.423, 44.533, 44.641, 44.855, 45.133, 45.259, 45.343, 45.251, 45.112, 45.093, 45.031, 45.045, 45.209, 45.283, 45.179, 45.082, 45.125, 45.228, 45.142, 44.792, 44.479, 44.432, 44.592, 44.555, 44.383, 44.582, 45.125, 45.425, 45.601, 45.777, 45.841, 45.756, 45.839, 46.275, 46.685, 46.648, 46.865, 47.394, 47.452, 47.002, 46.764, 46.791, 46.652, 46.397, 46.433, 46.577, 46.381, 45.949, 45.669, 45.638, 45.884, 46.603, 47.391, 47.541, 47.333, 46.995, 45.976, 44.616, 44.158, 44.332, 44.279, 43.943, 43.705, 43.743, 44.056, 44.171, 44.498, 44.809, 44.799, 44.88, 45.225, 45.399, 45.673, 46.062, 46.141, 46.443, 47.084, 47.285, 47.2, 47.39, 47.574, 47.477, 47.003, 46.212, 45.657, 45.402, 45.309, 45.158, 44.804, 45.011, 45.26, 45.487, 45.706, 45.64, 45.506, 45.425, 45.359, 45.135, 45.125, 45.245, 45.395, 45.535, 45.546, 45.25, 44.943, 44.842, 44.979, 45.177, 45.455, 45.648, 45.592, 45.517, 45.722, 45.929, 45.828, 45.627, 45.463, 45.514, 45.648, 45.533, 45.19, 44.966, 44.904, 44.711, 44.515, 44.552, 44.486, 44.305, 44.308, 44.517, 44.649, 44.819, 44.962, 44.91, 44.999, 45.391, 45.601, 45.492, 45.46, 45.249, 44.679, 44.402, 44.408, 44.426, 44.48, 44.754, 44.864, 44.866, 45.091, 45.14, 44.979, 45.03, 45.062, 45.006, 44.873, 44.866, 45.078, 45.11, 45.054, 44.98, 44.938, 44.868, 44.853, 44.953, 45.035, 45.04, 45.095, 44.104], [43.545, 41.886, 41.311, 40.955, 38.928, 35.258, 30.635, 26.083, 22.984, 21.854, 21.49, 20.865, 19.851, 18.638, 17.38, 16.423, 15.219, 11.991, 6.171, 0.0, 4.306, 7.343, 10.727, 15.582, 19.963, 21.831, 24.75, 29.829, 33.178, 34.307, 35.245, 37.336, 40.057, 42.888, 44.438, 44.695, 44.759, 44.93, 45.065, 45.195, 45.448, 45.76, 45.895, 45.979, 45.917, 45.817, 45.812, 45.749, 45.773, 45.94, 46.018, 45.916, 45.815, 45.862, 45.981, 45.899, 45.543, 45.241, 45.216, 45.392, 45.369, 45.168, 45.305, 45.817, 46.094, 46.263, 46.461, 46.547, 46.465, 46.557, 47.004, 47.404, 47.331, 47.496, 47.989, 48.023, 47.567, 47.337, 47.343, 47.145, 46.836, 46.86, 47.005, 46.797, 46.341, 46.052, 46.013, 46.236, 46.91, 47.658, 47.786, 47.577, 47.286, 46.351, 45.099, 44.698, 44.863, 44.826, 44.559, 44.39, 44.511, 44.903, 45.06, 45.394, 45.71, 45.739, 45.846, 46.181, 46.339, 46.596, 46.968, 47.037, 47.319, 47.921, 48.111, 48.025, 48.205, 48.37, 48.254, 47.776, 47.002, 46.473, 46.251, 46.168, 45.983, 45.606, 45.799, 46.017, 46.191, 46.388, 46.327, 46.203, 46.123, 46.047, 45.813, 45.815, 45.951, 46.097, 46.197, 46.191, 45.907, 45.607, 45.491, 45.616, 45.822, 46.074, 46.198, 46.12, 46.066, 46.28, 46.489, 46.407, 46.221, 46.062, 46.107, 46.217, 46.099, 45.786, 45.586, 45.546, 45.358, 45.144, 45.183, 45.15, 44.996, 44.99, 45.191, 45.324, 45.495, 45.658, 45.628, 45.725, 46.111, 46.3, 46.186, 46.165, 45.951, 45.363, 45.042, 45.006, 45.01, 45.067, 45.326, 45.394, 45.386, 45.652, 45.763, 45.632, 45.693, 45.745, 45.71, 45.584, 45.565, 45.758, 45.79, 45.75, 45.693, 45.674, 45.616, 45.608, 45.731, 45.824, 45.828, 45.896, 45.04], [44.146, 42.511, 41.969, 41.638, 39.635, 35.979, 31.414, 26.997, 24.035, 22.976, 22.626, 22.046, 21.157, 20.08, 18.886, 17.956, 16.908, 14.203, 9.395, 4.306, 0.0, 4.333, 8.902, 14.119, 18.611, 20.775, 24.171, 29.556, 33.018, 34.188, 35.152, 37.304, 40.149, 43.137, 44.779, 45.055, 45.11, 45.278, 45.422, 45.572, 45.849, 46.171, 46.313, 46.397, 46.346, 46.27, 46.27, 46.194, 46.202, 46.355, 46.428, 46.323, 46.218, 46.267, 46.4, 46.329, 45.982, 45.696, 45.681, 45.854, 45.844, 45.635, 45.732, 46.213, 46.474, 46.64, 46.84, 46.929, 46.855, 46.949, 47.386, 47.773, 47.691, 47.839, 48.311, 48.331, 47.883, 47.664, 47.666, 47.455, 47.128, 47.14, 47.283, 47.081, 46.628, 46.343, 46.307, 46.517, 47.17, 47.906, 48.036, 47.838, 47.555, 46.644, 45.43, 45.043, 45.199, 45.162, 44.908, 44.758, 44.919, 45.334, 45.497, 45.823, 46.14, 46.183, 46.302, 46.637, 46.788, 47.027, 47.381, 47.449, 47.72, 48.294, 48.474, 48.383, 48.544, 48.691, 48.573, 48.109, 47.367, 46.867, 46.646, 46.546, 46.358, 46.007, 46.218, 46.418, 46.581, 46.79, 46.742, 46.626, 46.549, 46.477, 46.254, 46.271, 46.416, 46.557, 46.642, 46.645, 46.381, 46.086, 45.964, 46.08, 46.273, 46.493, 46.587, 46.504, 46.461, 46.666, 46.857, 46.772, 46.585, 46.427, 46.474, 46.576, 46.458, 46.157, 45.957, 45.916, 45.732, 45.519, 45.56, 45.535, 45.394, 45.378, 45.576, 45.722, 45.897, 46.058, 46.026, 46.116, 46.499, 46.685, 46.573, 46.557, 46.349, 45.776, 45.47, 45.43, 45.417, 45.465, 45.713, 45.755, 45.739, 46.02, 46.147, 46.014, 46.069, 46.119, 46.075, 45.941, 45.923, 46.131, 46.184, 46.154, 46.102, 46.089, 46.038, 46.042, 46.181, 46.28, 46.275, 46.334, 45.608], [44.437, 42.826, 42.317, 42.028, 40.066, 36.443, 31.913, 27.562, 24.677, 23.627, 23.208, 22.582, 21.72, 20.701, 19.558, 18.684, 17.726, 15.222, 11.034, 7.343, 4.333, 0.0, 5.872, 12.371, 17.346, 19.577, 23.254, 28.955, 32.564, 33.782, 34.791, 37.039, 40.021, 43.144, 44.865, 45.173, 45.241, 45.418, 45.573, 45.748, 46.057, 46.388, 46.531, 46.622, 46.593, 46.539, 46.535, 46.446, 46.447, 46.605, 46.676, 46.559, 46.438, 46.466, 46.593, 46.528, 46.185, 45.902, 45.898, 46.071, 46.065, 45.853, 45.935, 46.395, 46.639, 46.798, 46.991, 47.075, 46.999, 47.089, 47.514, 47.891, 47.808, 47.965, 48.45, 48.471, 48.027, 47.816, 47.82, 47.609, 47.274, 47.276, 47.418, 47.224, 46.779, 46.503, 46.477, 46.691, 47.347, 48.093, 48.228, 48.034, 47.744, 46.816, 45.602, 45.239, 45.399, 45.343, 45.066, 44.921, 45.097, 45.512, 45.675, 45.997, 46.309, 46.354, 46.468, 46.793, 46.939, 47.173, 47.526, 47.605, 47.882, 48.452, 48.622, 48.513, 48.655, 48.793, 48.681, 48.23, 47.514, 47.037, 46.813, 46.701, 46.518, 46.188, 46.41, 46.603, 46.772, 46.992, 46.953, 46.838, 46.757, 46.694, 46.486, 46.503, 46.636, 46.774, 46.859, 46.865, 46.606, 46.313, 46.192, 46.305, 46.48, 46.682, 46.777, 46.693, 46.655, 46.869, 47.066, 46.982, 46.794, 46.636, 46.679, 46.773, 46.652, 46.356, 46.158, 46.109, 45.903, 45.671, 45.711, 45.695, 45.56, 45.541, 45.735, 45.885, 46.067, 46.239, 46.215, 46.3, 46.671, 46.846, 46.729, 46.714, 46.524, 45.978, 45.69, 45.658, 45.638, 45.657, 45.867, 45.896, 45.891, 46.192, 46.337, 46.232, 46.317, 46.365, 46.297, 46.141, 46.11, 46.316, 46.372, 46.331, 46.271, 46.273, 46.243, 46.257, 46.396, 46.486, 46.468, 46.519, 45.878], [45.051, 43.61, 43.216, 43.006, 41.178, 37.742, 33.401, 29.205, 26.362, 25.263, 24.789, 24.165, 23.375, 22.483, 21.517, 20.848, 20.098, 17.832, 13.913, 10.727, 8.902, 5.872, 0.0, 7.881, 14.293, 17.268, 21.474, 27.601, 31.414, 32.713, 33.75, 36.118, 39.369, 42.824, 44.788, 45.197, 45.322, 45.559, 45.752, 45.958, 46.323, 46.691, 46.831, 46.937, 46.948, 46.914, 46.919, 46.852, 46.887, 47.067, 47.137, 47.003, 46.863, 46.867, 46.986, 46.918, 46.555, 46.257, 46.275, 46.468, 46.456, 46.211, 46.258, 46.693, 46.919, 47.073, 47.282, 47.388, 47.315, 47.405, 47.83, 48.205, 48.124, 48.296, 48.797, 48.815, 48.37, 48.167, 48.166, 47.934, 47.586, 47.589, 47.741, 47.552, 47.11, 46.839, 46.804, 47.012, 47.652, 48.38, 48.498, 48.295, 48.008, 47.088, 45.912, 45.596, 45.757, 45.678, 45.392, 45.279, 45.502, 45.946, 46.129, 46.45, 46.747, 46.792, 46.896, 47.193, 47.334, 47.579, 47.943, 48.037, 48.342, 48.932, 49.102, 48.975, 49.086, 49.205, 49.091, 48.658, 47.968, 47.506, 47.287, 47.194, 47.023, 46.689, 46.9, 47.068, 47.211, 47.408, 47.361, 47.249, 47.169, 47.108, 46.891, 46.892, 47.014, 47.154, 47.221, 47.215, 46.959, 46.67, 46.55, 46.669, 46.856, 47.057, 47.13, 47.026, 46.995, 47.233, 47.46, 47.391, 47.201, 47.042, 47.077, 47.162, 47.039, 46.75, 46.57, 46.53, 46.292, 46.015, 46.045, 46.053, 45.932, 45.913, 46.094, 46.22, 46.397, 46.585, 46.576, 46.657, 47.008, 47.145, 46.999, 46.987, 46.823, 46.292, 45.987, 45.938, 45.912, 45.901, 46.057, 46.069, 46.104, 46.465, 46.674, 46.632, 46.769, 46.84, 46.764, 46.593, 46.53, 46.694, 46.725, 46.666, 46.603, 46.636, 46.637, 46.66, 46.8, 46.882, 46.863, 46.928, 46.393], [46.752, 45.507, 45.216, 45.095, 43.535, 40.38, 36.224, 32.18, 29.414, 28.375, 28.002, 27.502, 26.821, 26.029, 25.216, 24.722, 24.139, 22.159, 18.624, 15.582, 14.119, 12.371, 7.881, 0.0, 8.078, 13.662, 19.94, 26.756, 30.667, 31.969, 33.001, 35.508, 39.165, 43.172, 45.489, 46.01, 46.204, 46.531, 46.778, 47.002, 47.384, 47.76, 47.889, 48.0, 48.05, 48.062, 48.135, 48.134, 48.198, 48.376, 48.45, 48.328, 48.193, 48.2, 48.349, 48.279, 47.87, 47.555, 47.584, 47.794, 47.777, 47.495, 47.462, 47.827, 48.022, 48.171, 48.425, 48.578, 48.51, 48.596, 49.016, 49.374, 49.298, 49.471, 49.938, 49.926, 49.499, 49.321, 49.307, 49.039, 48.658, 48.664, 48.85, 48.687, 48.25, 47.974, 47.913, 48.088, 48.68, 49.365, 49.463, 49.244, 48.953, 48.082, 46.997, 46.709, 46.84, 46.725, 46.414, 46.348, 46.709, 47.254, 47.46, 47.755, 48.03, 48.097, 48.195, 48.459, 48.612, 48.878, 49.237, 49.34, 49.66, 50.227, 50.385, 50.237, 50.271, 50.33, 50.215, 49.824, 49.204, 48.803, 48.602, 48.56, 48.473, 48.217, 48.455, 48.552, 48.624, 48.766, 48.68, 48.573, 48.525, 48.466, 48.194, 48.155, 48.287, 48.427, 48.447, 48.415, 48.174, 47.892, 47.76, 47.875, 48.089, 48.283, 48.288, 48.123, 48.101, 48.379, 48.648, 48.612, 48.42, 48.255, 48.294, 48.384, 48.276, 47.997, 47.859, 47.869, 47.614, 47.289, 47.309, 47.357, 47.275, 47.252, 47.415, 47.52, 47.683, 47.884, 47.883, 47.946, 48.259, 48.341, 48.165, 48.165, 48.033, 47.515, 47.173, 47.075, 47.037, 47.03, 47.164, 47.165, 47.255, 47.696, 47.966, 47.926, 48.051, 48.151, 48.102, 47.927, 47.831, 47.964, 47.972, 47.9, 47.863, 47.957, 47.989, 48.014, 48.169, 48.272, 48.268, 48.353, 47.91], [48.41, 47.21, 46.889, 46.827, 45.516, 42.569, 38.534, 34.634, 32.046, 31.166, 30.935, 30.59, 30.047, 29.354, 28.612, 28.128, 27.521, 25.673, 22.574, 19.963, 18.611, 17.346, 14.293, 8.078, 0.0, 8.943, 18.586, 26.657, 30.651, 31.828, 32.872, 35.619, 39.669, 44.098, 46.601, 47.136, 47.35, 47.72, 47.987, 48.195, 48.534, 48.858, 48.969, 49.08, 49.158, 49.233, 49.379, 49.41, 49.459, 49.644, 49.753, 49.684, 49.579, 49.596, 49.762, 49.678, 49.235, 48.906, 48.931, 49.131, 49.119, 48.848, 48.781, 49.087, 49.252, 49.393, 49.663, 49.829, 49.76, 49.842, 50.241, 50.563, 50.475, 50.622, 51.033, 51.0, 50.612, 50.461, 50.44, 50.163, 49.759, 49.762, 49.971, 49.831, 49.396, 49.11, 49.029, 49.182, 49.758, 50.444, 50.555, 50.334, 50.023, 49.159, 48.081, 47.752, 47.852, 47.707, 47.365, 47.335, 47.844, 48.515, 48.757, 49.03, 49.288, 49.399, 49.528, 49.783, 49.949, 50.225, 50.569, 50.668, 50.97, 51.476, 51.614, 51.454, 51.428, 51.451, 51.344, 50.977, 50.411, 50.085, 49.921, 49.914, 49.899, 49.733, 50.002, 50.041, 50.076, 50.189, 50.062, 49.945, 49.927, 49.877, 49.548, 49.458, 49.584, 49.721, 49.7, 49.618, 49.377, 49.104, 48.958, 49.054, 49.28, 49.464, 49.413, 49.2, 49.184, 49.491, 49.794, 49.784, 49.595, 49.432, 49.475, 49.572, 49.482, 49.21, 49.1, 49.168, 48.946