[[0.0, 5.029, 8.154, 9.693, 11.296, 15.692, 20.744, 24.321, 27.021, 30.29, 34.378, 36.978, 37.674, 38.111, 38.972, 40.218, 41.591, 42.78, 43.493, 43.586, 43.46, 43.535, 43.669, 44.339, 46.887, 50.526, 52.743, 53.263, 53.38, 53.917, 54.542, 54.572, 54.143, 53.772, 53.619, 53.466, 53.145, 52.829, 52.651, 52.954, 53.979, 55.386, 56.258, 56.2, 56.236, 57.027, 57.819, 58.818, 60.207, 61.067, 60.938, 60.52, 60.19, 59.804, 59.35, 59.132, 59.2, 59.199, 58.867, 58.704, 58.865, 58.884, 58.928, 58.94, 58.663, 58.044, 57.056, 56.361, 56.15, 56.052, 56.022, 56.169, 56.601, 57.252, 57.966, 58.539, 58.866, 58.784, 58.088, 57.332, 57.065, 57.44, 58.312, 59.285, 60.045, 60.475, 60.689, 60.666, 60.157, 59.234, 58.441, 58.186, 58.213, 57.983, 57.401, 56.844, 56.531, 56.375, 56.329, 56.389, 56.535, 56.773, 57.359, 57.68, 57.711, 57.446, 56.817, 56.025, 55.73, 56.08, 56.562, 57.015, 57.195, 56.726, 55.679, 54.629, 54.077, 53.876, 53.791, 53.905, 54.072, 54.133, 54.064, 54.024, 54.038, 53.957, 53.804, 53.66, 53.464, 53.19, 53.071, 53.526, 54.206, 54.481, 54.546, 54.543, 54.421, 54.122, 54.022, 54.473, 55.167, 55.255, 54.463, 53.711, 53.665, 53.901, 53.887, 54.242, 55.264, 56.361, 57.11, 57.487, 57.603, 57.699, 57.891, 58.135, 58.309, 7.173], [5.029, 0.0, 3.776, 6.407, 9.702, 15.502, 21.181, 25.058, 27.965, 31.355, 35.434, 37.975, 38.654, 39.133, 40.073, 41.399, 42.835, 44.053, 44.77, 44.873, 44.77, 44.847, 44.889, 45.305, 47.472, 50.8, 52.897, 53.419, 53.561, 54.099, 54.703, 54.729, 54.33, 53.982, 53.797, 53.597, 53.247, 52.917, 52.732, 53.015, 53.993, 55.335, 56.165, 56.087, 56.124, 56.99, 57.853, 58.845, 60.191, 61.025, 60.864, 60.406, 60.047, 59.66, 59.223, 59.02, 59.091, 59.082, 58.745, 58.581, 58.711, 58.673, 58.676, 58.673, 58.413, 57.829, 56.85, 56.146, 55.932, 55.842, 55.834, 56.018, 56.503, 57.214, 57.978, 58.571, 58.881, 58.767, 58.073, 57.348, 57.119, 57.531, 58.452, 59.485, 60.297, 60.747, 60.952, 60.92, 60.387, 59.412, 58.555, 58.265, 58.291, 58.061, 57.45, 56.843, 56.494, 56.35, 56.337, 56.4, 56.487, 56.639, 57.182, 57.484, 57.494, 57.191, 56.515, 55.672, 55.33, 55.664, 56.169, 56.66, 56.872, 56.412, 55.366, 54.327, 53.79, 53.592, 53.491, 53.567, 53.68, 53.706, 53.626, 53.594, 53.615, 53.528, 53.369, 53.248, 53.089, 52.831, 52.689, 53.1, 53.726, 53.959, 54.029, 54.081, 54.08, 53.963, 53.99, 54.446, 55.093, 55.162, 54.402, 53.687, 53.636, 53.834, 53.755, 54.045, 55.048, 56.151, 56.896, 57.268, 57.385, 57.49, 57.691, 57.936, 58.104, 11.605], [8.154, 3.776, 0.0, 3.501, 8.551, 15.532, 21.655, 25.665, 28.624, 32.042, 36.101, 38.607, 39.264, 39.744, 40.702, 42.042, 43.491, 44.721, 45.452, 45.575, 45.494, 45.587, 45.636, 46.028, 48.123, 51.358, 53.396, 53.897, 54.028, 54.554, 55.155, 55.184, 54.773, 54.381, 54.154, 53.965, 53.633, 53.296, 53.086, 53.346, 54.315, 55.663, 56.506, 56.428, 56.472, 57.348, 58.157, 59.049, 60.319, 61.128, 60.982, 60.551, 60.21, 59.836, 59.417, 59.231, 59.306, 59.294, 58.967, 58.849, 59.028, 59.005, 59.003, 59.005, 58.762, 58.183, 57.144, 56.359, 56.112, 56.039, 56.056, 56.243, 56.717, 57.418, 58.168, 58.729, 58.985, 58.824, 58.131, 57.434, 57.215, 57.604, 58.497, 59.528, 60.355, 60.815, 61.026, 61.0, 60.47, 59.494, 58.635, 58.346, 58.382, 58.173, 57.584, 56.989, 56.647, 56.525, 56.568, 56.714, 56.88, 57.078, 57.629, 57.91, 57.892, 57.574, 56.883, 56.01, 55.624, 55.94, 56.463, 56.98, 57.201, 56.726, 55.663, 54.613, 54.066, 53.861, 53.762, 53.836, 53.927, 53.927, 53.827, 53.782, 53.797, 53.7, 53.535, 53.42, 53.268, 52.993, 52.8, 53.145, 53.737, 53.998, 54.123, 54.213, 54.244, 54.167, 54.215, 54.656, 55.283, 55.367, 54.655, 53.967, 53.899, 54.08, 54.001, 54.292, 55.288, 56.389, 57.141, 57.526, 57.644, 57.735, 57.92, 58.156, 58.329, 13.754], [9.693, 6.407, 3.501, 0.0, 5.926, 13.665, 20.237, 24.498, 27.596, 31.095, 35.206, 37.732, 38.384, 38.866, 39.851, 41.231, 42.722, 43.992, 44.753, 44.9, 44.843, 44.969, 45.052, 45.476, 47.622, 50.914, 52.974, 53.459, 53.569, 54.097, 54.721, 54.771, 54.359, 53.97, 53.782, 53.66, 53.382, 53.073, 52.874, 53.139, 54.114, 55.467, 56.314, 56.225, 56.253, 57.125, 57.912, 58.767, 60.016, 60.827, 60.702, 60.3, 59.978, 59.615, 59.207, 59.03, 59.105, 59.082, 58.748, 58.639, 58.85, 58.868, 58.905, 58.929, 58.689, 58.091, 57.016, 56.199, 55.946, 55.879, 55.896, 56.071, 56.527, 57.209, 57.938, 58.479, 58.717, 58.546, 57.851, 57.159, 56.934, 57.301, 58.17, 59.19, 60.01, 60.456, 60.655, 60.623, 60.096, 59.126, 58.278, 58.001, 58.052, 57.859, 57.287, 56.707, 56.368, 56.249, 56.314, 56.512, 56.734, 56.96, 57.526, 57.816, 57.802, 57.488, 56.795, 55.91, 55.513, 55.826, 56.354, 56.874, 57.087, 56.597, 55.516, 54.449, 53.891, 53.684, 53.589, 53.677, 53.788, 53.804, 53.709, 53.659, 53.667, 53.572, 53.412, 53.298, 53.138, 52.843, 52.626, 52.959, 53.567, 53.876, 54.046, 54.152, 54.174, 54.075, 54.119, 54.584, 55.246, 55.358, 54.656, 53.952, 53.855, 54.027, 53.946, 54.212, 55.164, 56.235, 56.974, 57.354, 57.466, 57.547, 57.721, 57.952, 58.124, 14.314], [11.296, 9.702, 8.551, 5.926, 0.0, 8.136, 15.293, 20.202, 23.849, 27.711, 32.036, 34.641, 35.294, 35.812, 36.9, 38.423, 40.049, 41.41, 42.218, 42.386, 42.364, 42.552, 42.682, 43.142, 45.385, 48.843, 51.004, 51.484, 51.569, 52.119, 52.798, 52.891, 52.522, 52.248, 52.253, 52.274, 52.093, 51.873, 51.759, 52.085, 53.067, 54.378, 55.192, 55.074, 55.058, 55.952, 56.845, 57.814, 59.141, 59.986, 59.857, 59.437, 59.101, 58.729, 58.311, 58.123, 58.191, 58.152, 57.776, 57.586, 57.738, 57.797, 57.908, 57.963, 57.696, 57.07, 56.055, 55.342, 55.142, 55.06, 55.043, 55.214, 55.688, 56.379, 57.116, 57.687, 57.988, 57.88, 57.189, 56.477, 56.25, 56.637, 57.535, 58.571, 59.369, 59.76, 59.901, 59.834, 59.288, 58.305, 57.447, 57.171, 57.23, 57.03, 56.432, 55.813, 55.426, 55.255, 55.27, 55.41, 55.56, 55.708, 56.248, 56.577, 56.614, 56.328, 55.645, 54.775, 54.41, 54.743, 55.261, 55.765, 55.972, 55.488, 54.414, 53.346, 52.797, 52.596, 52.5, 52.602, 52.776, 52.872, 52.834, 52.805, 52.821, 52.745, 52.614, 52.513, 52.352, 52.067, 51.898, 52.324, 53.022, 53.369, 53.547, 53.669, 53.714, 53.629, 53.714, 54.277, 55.036, 55.16, 54.394, 53.623, 53.501, 53.666, 53.539, 53.687, 54.514, 55.501, 56.171, 56.495, 56.589, 56.684, 56.876, 57.107, 57.257, 14.76], [15.692, 15.502, 15.532, 13.665, 8.136, 0.0, 7.702, 13.63, 18.355, 22.999, 27.73, 30.42, 31.033, 31.584, 32.825, 34.549, 36.342, 37.797, 38.645, 38.835, 38.858, 39.131, 39.37, 39.995, 42.509, 46.274, 48.589, 49.053, 49.102, 49.681, 50.427, 50.577, 50.287, 50.216, 50.551, 50.815, 50.782, 50.684, 50.702, 51.159, 52.206, 53.5, 54.286, 54.154, 54.111, 55.017, 56.003, 57.078, 58.479, 59.358, 59.231, 58.8, 58.462, 58.087, 57.65, 57.437, 57.494, 57.455, 57.054, 56.759, 56.82, 56.931, 57.135, 57.217, 56.91, 56.257, 55.346, 54.785, 54.654, 54.55, 54.488, 54.647, 55.124, 55.808, 56.54, 57.139, 57.521, 57.501, 56.831, 56.105, 55.875, 56.276, 57.191, 58.221, 58.968, 59.28, 59.345, 59.234, 58.679, 57.703, 56.852, 56.586, 56.65, 56.442, 55.816, 55.148, 54.69, 54.434, 54.362, 54.417, 54.491, 54.571, 55.07, 55.429, 55.527, 55.296, 54.662, 53.843, 53.526, 53.873, 54.373, 54.862, 55.076, 54.631, 53.604, 52.571, 52.046, 51.851, 51.754, 51.88, 52.146, 52.356, 52.398, 52.403, 52.431, 52.385, 52.294, 52.213, 52.062, 51.809, 51.72, 52.272, 53.082, 53.47, 53.645, 53.795, 53.887, 53.822, 53.949, 54.627, 55.491, 55.607, 54.74, 53.889, 53.759, 53.941, 53.782, 53.803, 54.464, 55.318, 55.872, 56.11, 56.178, 56.295, 56.51, 56.735, 56.847, 17.659], [20.744, 21.181, 21.655, 20.237, 15.293, 7.702, 0.0, 6.74, 12.696, 18.483, 23.895, 26.743, 27.251, 27.742, 29.062, 30.891, 32.736, 34.201, 35.064, 35.293, 35.368, 35.719, 36.156, 37.231, 40.392, 44.677, 47.181, 47.612, 47.613, 48.211, 49.005, 49.2, 48.991, 49.13, 49.82, 50.371, 50.481, 50.453, 50.566, 51.188, 52.412, 53.804, 54.621, 54.511, 54.5, 55.372, 56.252, 57.21, 58.557, 59.438, 59.368, 59.02, 58.754, 58.418, 57.985, 57.758, 57.81, 57.803, 57.452, 57.155, 57.214, 57.394, 57.673, 57.781, 57.451, 56.77, 55.864, 55.324, 55.209, 55.102, 55.01, 55.111, 55.507, 56.106, 56.763, 57.316, 57.7, 57.722, 57.089, 56.377, 56.119, 56.455, 57.283, 58.226, 58.884, 59.121, 59.139, 59.014, 58.493, 57.59, 56.81, 56.581, 56.66, 56.479, 55.903, 55.27, 54.804, 54.507, 54.411, 54.52, 54.726, 54.924, 55.438, 55.782, 55.895, 55.717, 55.155, 54.392, 54.087, 54.42, 54.91, 55.399, 55.622, 55.205, 54.227, 53.23, 52.709, 52.509, 52.428, 52.611, 52.978, 53.281, 53.374, 53.391, 53.419, 53.391, 53.328, 53.256, 53.105, 52.863, 52.805, 53.407, 54.29, 54.736, 54.927, 55.094, 55.19, 55.064, 55.14, 55.863, 56.789, 56.893, 55.948, 55.021, 54.88, 55.106, 55.003, 54.995, 55.527, 56.249, 56.711, 56.899, 56.954, 57.073, 57.283, 57.495, 57.588, 21.675], [24.321, 25.058, 25.665, 24.498, 20.202, 13.63, 6.74, 0.0, 6.762, 13.787, 20.217, 23.479, 23.925, 24.26, 25.528, 27.331, 29.116, 30.543, 31.436, 31.74, 31.864, 32.266, 32.976, 34.782, 38.961, 43.975, 46.728, 47.151, 47.116, 47.721, 48.534, 48.761, 48.629, 48.943, 49.889, 50.624, 50.784, 50.748, 50.9, 51.692, 53.159, 54.73, 55.618, 55.545, 55.597, 56.409, 57.056, 57.775, 59.011, 59.89, 59.917, 59.712, 59.559, 59.285, 58.877, 58.653, 58.707, 58.736, 58.475, 58.269, 58.403, 58.638, 58.947, 59.077, 58.746, 58.023, 57.009, 56.367, 56.218, 56.119, 56.008, 56.024, 56.298, 56.784, 57.344, 57.815, 58.152, 58.17, 57.557, 56.852, 56.545, 56.77, 57.458, 58.274, 58.829, 59.007, 59.007, 58.893, 58.429, 57.625, 56.941, 56.758, 56.861, 56.741, 56.276, 55.754, 55.347, 55.068, 55.011, 55.276, 55.766, 56.223, 56.827, 57.151, 57.247, 57.097, 56.582, 55.838, 55.512, 55.823, 56.31, 56.794, 56.992, 56.555, 55.583, 54.581, 54.03, 53.816, 53.767, 54.023, 54.475, 54.826, 54.923, 54.922, 54.935, 54.919, 54.871, 54.792, 54.618, 54.359, 54.288, 54.876, 55.787, 56.289, 56.495, 56.648, 56.692, 56.428, 56.371, 57.077, 58.043, 58.158, 57.167, 56.16, 55.982, 56.252, 56.249, 56.287, 56.751, 57.388, 57.818, 58.017, 58.081, 58.189, 58.379, 58.584, 58.688, 24.642], [27.021, 27.965, 28.624, 27.596, 23.849, 18.355, 12.696, 6.762, 0.0, 7.833, 15.31, 19.228, 19.786, 19.976, 21.145, 22.938, 24.739, 26.226, 27.231, 27.645, 27.811, 28.27, 29.317, 32.009, 37.369, 43.21, 46.278, 46.754, 46.728, 47.349, 48.175, 48.436, 48.394, 48.851, 49.928, 50.688, 50.799, 50.736, 50.94, 51.912, 53.617, 55.352, 56.305, 56.276, 56.378, 57.11, 57.563, 58.135, 59.345, 60.25, 60.354, 60.257, 60.187, 59.959, 59.575, 59.363, 59.419, 59.461, 59.251, 59.116, 59.318, 59.573, 59.874, 60.016, 59.692, 58.924, 57.808, 57.077, 56.899, 56.799, 56.659, 56.601, 56.785, 57.194, 57.696, 58.128, 58.45, 58.465, 57.849, 57.126, 56.772, 56.915, 57.501, 58.227, 58.712, 58.858, 58.853, 58.745, 58.308, 57.57, 56.962, 56.826, 56.951, 56.878, 56.507, 56.096, 55.769, 55.516, 55.473, 55.834, 56.542, 57.234, 57.964, 58.32, 58.426, 58.292, 57.79, 57.05, 56.728, 57.047, 57.53, 57.977, 58.11, 57.618, 56.62, 55.588, 54.999, 54.78, 54.761, 55.064, 55.555, 55.917, 55.996, 55.963, 55.957, 55.952, 55.92, 55.827, 55.618, 55.335, 55.247, 55.81, 56.725, 57.252, 57.449, 57.565, 57.533, 57.117, 56.918, 57.599, 58.613, 58.771, 57.767, 56.689, 56.46, 56.747, 56.819, 56.905, 57.331, 57.923, 58.364, 58.595, 58.668, 58.761, 58.938, 59.15, 59.28, 26.95], [30.29, 31.355, 32.042, 31.095, 27.711, 22.999, 18.483, 13.787, 7.833, 0.0, 8.147, 12.822, 13.736, 13.923, 15.117, 17.147, 19.279, 21.081, 22.339, 22.895, 23.116, 23.695, 25.187, 28.859, 35.393, 42.018, 45.41, 45.98, 45.998, 46.647, 47.495, 47.807, 47.867, 48.44, 49.576, 50.274, 50.314, 50.26, 50.572, 51.739, 53.633, 55.468, 56.479, 56.527, 56.666, 57.294, 57.633, 58.198, 59.466, 60.401, 60.535, 60.482, 60.443, 60.234, 59.865, 59.664, 59.723, 59.753, 59.53, 59.405, 59.635, 59.881, 60.152, 60.298, 59.987, 59.202, 58.067, 57.332, 57.149, 57.03, 56.857, 56.756, 56.889, 57.247, 57.718, 58.15, 58.496, 58.532, 57.914, 57.168, 56.785, 56.89, 57.429, 58.115, 58.574, 58.712, 58.713, 58.605, 58.175, 57.467, 56.916, 56.824, 56.964, 56.901, 56.574, 56.241, 55.973, 55.718, 55.633, 55.983, 56.776, 57.613, 58.445, 58.858, 59.003, 58.895, 58.414, 57.703, 57.433, 57.794, 58.273, 58.665, 58.72, 58.172, 57.155, 56.103, 55.494, 55.283, 55.287, 55.594, 56.061, 56.395, 56.451, 56.387, 56.359, 56.361, 56.342, 56.232, 55.986, 55.678, 55.573, 56.112, 57.019, 57.547, 57.721, 57.8, 57.708, 57.186, 56.885, 57.538, 58.589, 58.798, 57.816, 56.717, 56.457, 56.737, 56.84, 56.955, 57.361, 57.931, 58.393, 58.649, 58.717, 58.787, 58.954, 59.179, 59.337, 29.967], [34.378, 35.434, 36.101, 35.206, 32.036, 27.73, 23.895, 20.217, 15.31, 8.147, 0.0, 5.312, 6.931, 7.51, 9.157, 11.875, 14.712, 17.035, 18.599, 19.301, 19.612, 20.364, 22.234, 26.584, 33.839, 40.93, 44.526, 45.163, 45.211, 45.875, 46.747, 47.124, 47.286, 47.945, 49.123, 49.806, 49.84, 49.842, 50.274, 51.607, 53.631, 55.526, 56.598, 56.75, 56.939, 57.478, 57.769, 58.387, 59.712, 60.645, 60.776, 60.733, 60.697, 60.494, 60.134, 59.942, 60.004, 60.014, 59.75, 59.595, 59.814, 60.042, 60.284, 60.431, 60.144, 59.388, 58.313, 57.629, 57.453, 57.309, 57.115, 56.997, 57.09, 57.391, 57.816, 58.235, 58.591, 58.638, 58.02, 57.263, 56.867, 56.959, 57.479, 58.153, 58.608, 58.75, 58.763, 58.669, 58.26, 57.59, 57.086, 57.027, 57.173, 57.111, 56.81, 56.525, 56.282, 56.008, 55.881, 56.188, 56.984, 57.879, 58.757, 59.203, 59.375, 59.293, 58.849, 58.194, 57.989, 58.391, 58.868, 59.22, 59.222, 58.653, 57.654, 56.627, 56.03, 55.836, 55.856, 56.138, 56.534, 56.808, 56.837, 56.752, 56.708, 56.709, 56.692, 56.566, 56.293, 55.965, 55.843, 56.362, 57.254, 57.766, 57.917, 57.974, 57.855, 57.296, 56.956, 57.575, 58.619, 58.85, 57.909, 56.845, 56.595, 56.862, 56.975, 57.11, 57.506, 58.062, 58.534, 58.8, 58.856, 58.903, 59.055, 59.286, 59.461, 33.958], [36.978, 37.975, 38.607, 37.732, 34.641, 30.42, 26.743, 23.479, 19.228, 12.822, 5.312, 0.0, 2.466, 4.151, 6.719, 10.026, 13.247, 15.791, 17.467, 18.258, 18.672, 19.489, 21.327, 25.65, 32.98, 40.181, 43.834, 44.47, 44.502, 45.162, 46.054, 46.477, 46.685, 47.374, 48.602, 49.357, 49.463, 49.523, 50.022, 51.436, 53.526, 55.466, 56.586, 56.802, 57.032, 57.543, 57.838, 58.505, 59.858, 60.781, 60.894, 60.836, 60.789, 60.587, 60.233, 60.047, 60.111, 60.112, 59.82, 59.625, 59.81, 60.029, 60.267, 60.412, 60.134, 59.41, 58.408, 57.784, 57.623, 57.462, 57.253, 57.124, 57.187, 57.446, 57.838, 58.241, 58.6, 58.655, 58.041, 57.284, 56.888, 56.985, 57.512, 58.194, 58.656, 58.804, 58.822, 58.738, 58.344, 57.693, 57.208, 57.161, 57.311, 57.255, 56.965, 56.69, 56.441, 56.147, 55.997, 56.271, 57.037, 57.936, 58.829, 59.298, 59.488, 59.419, 58.998, 58.381, 58.204, 58.612, 59.08, 59.42, 59.418, 58.865, 57.902, 56.915, 56.347, 56.174, 56.207, 56.472, 56.821, 57.056, 57.071, 56.982, 56.935, 56.937, 56.919, 56.784, 56.501, 56.172, 56.055, 56.579, 57.46, 57.942, 58.065, 58.11, 57.99, 57.435, 57.1, 57.711, 58.74, 58.966, 58.038, 56.992, 56.75, 57.011, 57.124, 57.257, 57.637, 58.174, 58.636, 58.899, 58.952, 59.0, 59.154, 59.387, 59.564, 36.556], [37.674, 38.654, 39.264, 38.384, 35.294, 31.033, 27.251, 23.925, 19.786, 13.736, 6.931, 2.466, 0.0, 2.461, 5.684, 9.289, 12.619, 15.22, 16.964, 17.837, 18.308, 19.1, 20.853, 25.148, 32.554, 39.834, 43.502, 44.106, 44.102, 44.749, 45.647, 46.079, 46.284, 46.976, 48.259, 49.104, 49.276, 49.362, 49.872, 51.304, 53.418, 55.387, 56.529, 56.759, 57.004, 57.522, 57.814, 58.47, 59.813, 60.732, 60.847, 60.795, 60.753, 60.557, 60.207, 60.021, 60.088, 60.098, 59.817, 59.618, 59.786, 60.002, 60.247, 60.395, 60.111, 59.382, 58.376, 57.755, 57.598, 57.436, 57.218, 57.076, 57.125, 57.374, 57.761, 58.165, 58.528, 58.588, 57.979, 57.224, 56.829, 56.927, 57.458, 58.14, 58.594, 58.728, 58.737, 58.651, 58.262, 57.618, 57.137, 57.092, 57.251, 57.205, 56.925, 56.653, 56.4, 56.1, 55.953, 56.239, 57.025, 57.953, 58.861, 59.336, 59.529, 59.462, 59.045, 58.43, 58.246, 58.645, 59.109, 59.453, 59.46, 58.915, 57.958, 56.982, 56.422, 56.256, 56.297, 56.571, 56.924, 57.159, 57.173, 57.085, 57.041, 57.045, 57.024, 56.885, 56.601, 56.275, 56.163, 56.697, 57.589, 58.077, 58.199, 58.244, 58.124, 57.561, 57.219, 57.837, 58.877, 59.103, 58.16, 57.09, 56.835, 57.098, 57.221, 57.352, 57.714, 58.23, 58.678, 58.937, 58.994, 59.05, 59.209, 59.44, 59.613, 37.216], [38.111, 39.133, 39.744, 38.866, 35.812, 31.584, 27.742, 24.26, 19.976, 13.923, 7.51, 4.151, 2.461, 0.0, 3.524, 7.441, 11.043, 13.882, 15.822, 16.811, 17.295, 18.066, 19.923, 24.55, 32.321, 39.799, 43.518, 44.118, 44.107, 44.75, 45.639, 46.062, 46.273, 47.0, 48.341, 49.23, 49.408, 49.475, 49.967, 51.412, 53.577, 55.602, 56.776, 57.017, 57.283, 57.811, 58.068, 58.67, 59.985, 60.901, 61.034, 61.015, 61.0, 60.819, 60.471, 60.282, 60.349, 60.375, 60.128, 59.954, 60.128, 60.341, 60.593, 60.751, 60.469, 59.723, 58.672, 58.014, 57.847, 57.687, 57.468, 57.314, 57.353, 57.598, 57.985, 58.385, 58.739, 58.792, 58.185, 57.429, 57.025, 57.109, 57.623, 58.285, 58.715, 58.832, 58.835, 58.751, 58.371, 57.741, 57.272, 57.235, 57.402, 57.372, 57.115, 56.862, 56.622, 56.333, 56.209, 56.534, 57.372, 58.353, 59.278, 59.744, 59.926, 59.856, 59.44, 58.821, 58.629, 59.023, 59.491, 59.841, 59.847, 59.297, 58.338, 57.355, 56.784, 56.608, 56.653, 56.942, 57.311, 57.55, 57.563, 57.477, 57.434, 57.433, 57.403, 57.258, 56.976, 56.649, 56.519, 57.036, 57.942, 58.465, 58.61, 58.659, 58.523, 57.917, 57.534, 58.146, 59.198, 59.432, 58.475, 57.367, 57.087, 57.354, 57.498, 57.651, 58.023, 58.536, 58.984, 59.25, 59.315, 59.371, 59.524, 59.75, 59.927, 37.54], [38.972, 40.073, 40.702, 39.851, 36.9, 32.825, 29.062, 25.528, 21.145, 15.117, 9.157, 6.719, 5.684, 3.524, 0.0, 4.16, 8.182, 11.499, 13.833, 15.025, 15.534, 16.323, 18.459, 23.697, 32.044, 39.817, 43.628, 44.249, 44.25, 44.897, 45.773, 46.189, 46.421, 47.204, 48.609, 49.525, 49.684, 49.718, 50.191, 51.661, 53.899, 56.017, 57.25, 57.531, 57.854, 58.376, 58.556, 59.082, 60.381, 61.307, 61.47, 61.493, 61.51, 61.344, 61.001, 60.81, 60.878, 60.922, 60.711, 60.58, 60.785, 61.002, 61.251, 61.416, 61.145, 60.402, 59.326, 58.63, 58.448, 58.291, 58.074, 57.911, 57.932, 58.16, 58.532, 58.913, 59.247, 59.287, 58.679, 57.918, 57.494, 57.547, 58.021, 58.646, 59.043, 59.151, 59.163, 59.088, 58.718, 58.106, 57.658, 57.634, 57.811, 57.802, 57.577, 57.353, 57.132, 56.862, 56.773, 57.158, 58.067, 59.105, 60.046, 60.497, 60.663, 60.59, 60.18, 59.565, 59.374, 59.77, 60.241, 60.59, 60.587, 60.027, 59.061, 58.063, 57.468, 57.28, 57.331, 57.637, 58.012, 58.241, 58.243, 58.152, 58.107, 58.099, 58.056, 57.898, 57.613, 57.276, 57.114, 57.593, 58.499, 59.056, 59.224, 59.272, 59.107, 58.437, 57.982, 58.564, 59.617, 59.862, 58.905, 57.775, 57.475, 57.745, 57.918, 58.12, 58.534, 59.067, 59.532, 59.819, 59.897, 59.95, 60.092, 60.315, 60.504, 38.236], [40.218, 41.399, 42.042, 41.231, 38.423, 34.549, 30.891, 27.331, 22.938, 17.147, 11.875, 10.026, 9.289, 7.441, 4.16, 0.0, 4.376, 8.296, 11.22, 12.774, 13.382, 14.221, 16.734, 22.742, 31.77, 39.888, 43.805, 44.441, 44.443, 45.085, 45.949, 46.366, 46.621, 47.436, 48.893, 49.86, 50.032, 50.053, 50.52, 52.023, 54.35, 56.586, 57.902, 58.25, 58.659, 59.156, 59.202, 59.613, 60.882, 61.816, 62.025, 62.111, 62.173, 62.03, 61.698, 61.508, 61.578, 61.641, 61.474, 61.406, 61.669, 61.9, 62.146, 62.316, 62.056, 61.325, 60.236, 59.502, 59.3, 59.149, 58.94, 58.76, 58.737, 58.911, 59.232, 59.568, 59.866, 59.887, 59.283, 58.519, 58.066, 58.063, 58.468, 59.028, 59.378, 59.481, 59.517, 59.457, 59.106, 58.529, 58.121, 58.123, 58.314, 58.335, 58.16, 57.985, 57.793, 57.544, 57.503, 57.984, 59.007, 60.123, 61.082, 61.511, 61.658, 61.584, 61.181, 60.569, 60.376, 60.769, 61.24, 61.588, 61.58, 61.01, 60.033, 59.015, 58.396, 58.201, 58.264, 58.584, 58.953, 59.161, 59.142, 59.038, 58.987, 58.972, 58.918, 58.749, 58.456, 58.108, 57.919, 58.36, 59.255, 59.83, 60.01, 60.05, 59.856, 59.116, 58.577, 59.113, 60.155, 60.415, 59.479, 58.347, 58.034, 58.309, 58.525, 58.795, 59.255, 59.806, 60.292, 60.609, 60.704, 60.753, 60.881, 61.102, 61.308, 39.308], [41.591, 42.835, 43.491, 42.722, 40.049, 36.342, 32.736, 29.116, 24.739, 19.279, 14.712, 13.247, 12.619, 11.043, 8.182, 4.376, 0.0, 4.358, 7.922, 10.016, 10.891, 11.804, 14.665, 21.454, 31.173, 39.651, 43.679, 44.319, 44.303, 44.93, 45.789, 46.235, 46.525, 47.356, 48.859, 49.903, 50.131, 50.176, 50.657, 52.201, 54.617, 56.976, 58.389, 58.821, 59.321, 59.794, 59.71, 60.003, 61.221, 62.15, 62.41, 62.581, 62.713, 62.609, 62.286, 62.093, 62.165, 62.25, 62.126, 62.115, 62.432, 62.678, 62.924, 63.099, 62.839, 62.1, 60.991, 60.23, 60.016, 59.869, 59.657, 59.439, 59.341, 59.426, 59.669, 59.947, 60.208, 60.216, 59.623, 58.864, 58.388, 58.33, 58.655, 59.133, 59.424, 59.52, 59.581, 59.542, 59.216, 58.685, 58.332, 58.368, 58.579, 58.633, 58.518, 58.406, 58.249, 58.015, 58.012, 58.592, 59.744, 60.941, 61.916, 62.323, 62.453, 62.387, 62.002, 61.402, 61.208, 61.595, 62.059, 62.404, 62.4, 61.835, 60.858, 59.831, 59.204, 59.013, 59.089, 59.411, 59.763, 59.944, 59.909, 59.796, 59.739, 59.725, 59.672, 59.503, 59.21, 58.864, 58.676, 59.106, 59.99, 60.559, 60.727, 60.76, 60.559, 59.779, 59.179, 59.674, 60.7, 60.967, 60.051, 58.93, 58.612, 58.893, 59.145, 59.455, 59.923, 60.463, 60.954, 61.29, 61.395, 61.436, 61.552, 61.772, 61.995, 40.537], [42.78, 44.053, 44.721, 43.992, 41.41, 37.797, 34.201, 30.543, 26.226, 21.081, 17.035, 15.791, 15.22, 13.882, 11.499, 8.296, 4.358, 0.0, 3.977, 6.671, 8.041, 9.151, 12.286, 19.706, 29.978, 38.758, 42.893, 43.538, 43.504, 44.115, 44.982, 45.486, 45.852, 46.73, 48.29, 49.405, 49.698, 49.794, 50.316, 51.91, 54.401, 56.86, 58.368, 58.885, 59.469, 59.957, 59.82, 60.048, 61.216, 62.121, 62.414, 62.661, 62.869, 62.808, 62.491, 62.286, 62.355, 62.455, 62.357, 62.369, 62.703, 62.948, 63.193, 63.371, 63.104, 62.34, 61.213, 60.445, 60.23, 60.081, 59.852, 59.586, 59.409, 59.405, 59.577, 59.813, 60.058, 60.064, 59.485, 58.739, 58.263, 58.182, 58.454, 58.864, 59.103, 59.187, 59.263, 59.24, 58.931, 58.435, 58.125, 58.192, 58.418, 58.495, 58.423, 58.362, 58.231, 57.998, 58.006, 58.641, 59.88, 61.133, 62.11, 62.494, 62.613, 62.564, 62.213, 61.643, 61.463, 61.847, 62.299, 62.639, 62.648, 62.112, 61.159, 60.145, 59.529, 59.353, 59.435, 59.743, 60.066, 60.227, 60.188, 60.079, 60.024, 60.017, 59.978, 59.824, 59.548, 59.223, 59.059, 59.502, 60.38, 60.925, 61.063, 61.096, 60.92, 60.148, 59.533, 60.014, 61.019, 61.27, 60.356, 59.247, 58.942, 59.232, 59.486, 59.782, 60.213, 60.718, 61.192, 61.525, 61.63, 61.663, 61.773, 61.994, 62.226, 41.66], [43.493, 44.77, 45.452, 44.753, 42.218, 38.645, 35.064, 31.436, 27.231, 22.339, 18.599, 17.467, 16.964, 15.822, 13.833, 11.22, 7.922, 3.977, 0.0, 3.137, 5.171, 6.78, 10.308, 18.159, 28.729, 37.671, 41.876, 42.541, 42.508, 43.111, 43.981, 44.541, 44.995, 45.941, 47.548, 48.688, 49.009, 49.15, 49.724, 51.372, 53.915, 56.426, 57.995, 58.578, 59.235, 59.777, 59.661, 59.883, 61.018, 61.888, 62.18, 62.461, 62.713, 62.68, 62.366, 62.148, 62.206, 62.307, 62.213, 62.22, 62.54, 62.766, 63.001, 63.179, 62.905, 62.121, 60.986, 60.222, 60.01, 59.857, 59.615, 59.321, 59.098, 59.041, 59.174, 59.398, 59.65, 59.671, 59.107, 58.377, 57.918, 57.852, 58.118, 58.501, 58.712, 58.786, 58.864, 58.843, 58.536, 58.049, 57.755, 57.834, 58.066, 58.145, 58.083, 58.041, 57.92, 57.675, 57.666, 58.296, 59.556, 60.83, 61.797, 62.159, 62.269, 62.236, 61.92, 61.388, 61.231, 61.617, 62.058, 62.394, 62.422, 61.926, 61.008, 60.015, 59.413, 59.25, 59.33, 59.615, 59.912, 60.061, 60.03, 59.932, 59.884, 59.886, 59.863, 59.731, 59.479, 59.177, 59.033, 59.487, 60.358, 60.876, 60.99, 61.027, 60.883, 60.137, 59.539, 60.021, 61.003, 61.225, 60.293, 59.193, 58.918, 59.225, 59.466, 59.727, 60.122, 60.604, 61.062, 61.385, 61.483, 61.514, 61.626, 61.851, 62.084, 42.368], [43.586, 44.873, 45.575, 44.9, 42.386, 38.835, 35.293, 31.74, 27.645, 22.895, 19.301, 18.258, 17.837, 16.811, 15.025, 12.774, 10.016, 6.671, 3.137, 0.0, 2.528, 4.892, 9.162, 17.408, 28.113, 37.105, 41.342, 42.038, 42.028, 42.631, 43.493, 44.07, 44.566, 45.542, 47.149, 48.261, 48.561, 48.712, 49.317, 51.0, 53.569, 56.096, 57.682, 58.29, 58.992, 59.594, 59.528, 59.77, 60.899, 61.752, 62.026, 62.3, 62.558, 62.532, 62.217, 61.99, 62.037, 62.127, 62.025, 62.021, 62.321, 62.518, 62.733, 62.906, 62.63, 61.836, 60.691, 59.928, 59.718, 59.565, 59.322, 59.029, 58.802, 58.738, 58.87, 59.104, 59.375, 59.419, 58.873, 58.158, 57.719, 57.684, 57.982, 58.379, 58.593, 58.665, 58.738, 58.712, 58.397, 57.902, 57.607, 57.687, 57.912, 57.976, 57.9, 57.852, 57.727, 57.468, 57.427, 58.01, 59.236, 60.498, 61.45, 61.795, 61.9, 61.875, 61.579, 61.073, 60.937, 61.332, 61.771, 62.106, 62.147, 61.678, 60.779, 59.792, 59.194, 59.035, 59.108, 59.379, 59.663, 59.81, 59.785, 59.695, 59.652, 59.658, 59.643, 59.528, 59.292, 59.0, 58.855, 59.3, 60.164, 60.674, 60.784, 60.822, 60.677, 59.93, 59.341, 59.831, 60.8, 60.996, 60.042, 58.946, 58.701, 59.034, 59.275, 59.529, 59.928, 60.424, 60.886, 61.204, 61.299, 61.331, 61.448, 61.68, 61.912, 42.463], [43.46, 44.77, 45.494, 44.843, 42.364, 38.858, 35.368, 31.864, 27.811, 23.116, 19.612, 18.672, 18.308, 17.295, 15.534, 13.382, 10.891, 8.041, 5.171, 2.528, 0.0, 2.993, 8.184, 17.015, 27.986, 37.084, 41.362, 42.088, 42.1, 42.71, 43.562, 44.127, 44.622, 45.598, 47.19, 48.276, 48.548, 48.679, 49.279, 50.979, 53.582, 56.137, 57.735, 58.347, 59.074, 59.712, 59.66, 59.893, 61.018, 61.875, 62.149, 62.424, 62.686, 62.664, 62.349, 62.121, 62.163, 62.248, 62.144, 62.142, 62.441, 62.626, 62.826, 62.995, 62.722, 61.922, 60.76, 59.983, 59.77, 59.621, 59.387, 59.102, 58.88, 58.822, 58.963, 59.203, 59.481, 59.539, 59.012, 58.31, 57.882, 57.868, 58.191, 58.604, 58.824, 58.9, 58.975, 58.947, 58.633, 58.144, 57.859, 57.944, 58.161, 58.21, 58.123, 58.074, 57.952, 57.693, 57.637, 58.185, 59.375, 60.621, 61.554, 61.884, 61.982, 61.961, 61.672, 61.174, 61.049, 61.454, 61.9, 62.239, 62.285, 61.817, 60.914, 59.92, 59.316, 59.151, 59.22, 59.491, 59.78, 59.927, 59.9, 59.809, 59.765, 59.767, 59.748, 59.635, 59.403, 59.108, 58.95, 59.38, 60.238, 60.754, 60.869, 60.898, 60.726, 59.944, 59.338, 59.827, 60.793, 60.98, 60.02, 58.927, 58.696, 59.047, 59.31, 59.594, 60.03, 60.554, 61.035, 61.363, 61.462, 61.494, 61.614, 61.85, 62.085, 42.318], [43.535, 44.847, 45.587, 44.969, 42.552, 39.131, 35.719, 32.266, 28.27, 23.695, 20.364, 19.489, 19.1, 18.066, 16.323, 14.221, 11.804, 9.151, 6.78, 4.892, 2.993, 0.0, 5.762, 15.244, 26.737, 36.171, 40.597, 41.364, 41.392, 42.021, 42.891, 43.474, 43.999, 45.03, 46.698, 47.849, 48.159, 48.291, 48.882, 50.615, 53.296, 55.931, 57.579, 58.211, 58.959, 59.622, 59.578, 59.798, 60.933, 61.819, 62.115, 62.411, 62.696, 62.69, 62.38, 62.151, 62.196, 62.285, 62.175, 62.156, 62.448, 62.644, 62.854, 63.021, 62.749, 61.957, 60.811, 60.059, 59.864, 59.718, 59.481, 59.197, 58.983, 58.938, 59.092, 59.344, 59.63, 59.694, 59.176, 58.481, 58.061, 58.067, 58.415, 58.841, 59.063, 59.136, 59.209, 59.178, 58.863, 58.382, 58.109, 58.202, 58.419, 58.463, 58.366, 58.31, 58.187, 57.936, 57.879, 58.392, 59.522, 60.727, 61.64, 61.973, 62.077, 62.057, 61.764, 61.265, 61.152, 61.567, 62.014, 62.356, 62.409, 61.949, 61.054, 60.075, 59.481, 59.315, 59.379, 59.65, 59.94, 60.088, 60.062, 59.975, 59.932, 59.931, 59.909, 59.793, 59.561, 59.271, 59.129, 59.578, 60.431, 60.915, 60.996, 61.008, 60.832, 60.048, 59.441, 59.932, 60.893, 61.076, 60.118, 59.025, 58.782, 59.121, 59.381, 59.669, 60.111, 60.636, 61.119, 61.453, 61.56, 61.599, 61.721, 61.959, 62.196, 42.421], [43.669, 44.889, 45.636, 45.052, 42.682, 39.37, 36.156, 32.976, 29.317, 25.187, 22.234, 21.327, 20.853, 19.923, 18.459, 16.734, 14.665, 12.286, 10.308, 9.162, 8.184, 5.762, 0.0, 9.903, 22.041, 32.089, 36.86, 37.736, 37.802, 38.492, 39.447, 40.14, 40.825, 42.109, 44.1, 45.493, 45.972, 46.201, 46.835, 48.638, 51.424, 54.163, 55.904, 56.584, 57.342, 58.068, 58.167, 58.523, 59.777, 60.739, 61.037, 61.307, 61.584, 61.586, 61.279, 61.043, 61.089, 61.173, 61.004, 60.875, 61.079, 61.279, 61.523, 61.688, 61.406, 60.657, 59.661, 59.083, 58.975, 58.816, 58.542, 58.269, 58.113, 58.141, 58.368, 58.695, 59.046, 59.138, 58.604, 57.888, 57.491, 57.575, 58.027, 58.533, 58.791, 58.855, 58.896, 58.831, 58.476, 57.94, 57.618, 57.699, 57.928, 57.955, 57.791, 57.653, 57.483, 57.228, 57.148, 57.523, 58.42, 59.453, 60.332, 60.726, 60.878, 60.853, 60.535, 60.037, 59.957, 60.382, 60.799, 61.123, 61.204, 60.812, 59.995, 59.1, 58.575, 58.432, 58.479, 58.716, 58.978, 59.128, 59.132, 59.077, 59.055, 59.067, 59.06, 58.959, 58.741, 58.487, 58.426, 58.956, 59.787, 60.137, 60.094, 60.082, 59.98, 59.31, 58.801, 59.334, 60.285, 60.436, 59.458, 58.366, 58.102, 58.383, 58.538, 58.711, 59.079, 59.557, 59.996, 60.298, 60.408, 60.477, 60.624, 60.863, 61.086, 42.796], [44.339, 45.305, 46.028, 45.476, 43.142, 39.995, 37.231, 34.782, 32.009, 28.859, 26.584, 25.65, 25.148, 24.55, 23.697, 22.742, 21.454, 19.706, 18.159, 17.408, 17.015, 15.244, 9.903, 0.0, 12.656, 23.5, 28.851, 29.988, 30.181, 31.009, 32.158, 33.128, 34.243, 36.202, 38.982, 40.902, 41.755, 42.251, 43.035, 44.909, 47.71, 50.448, 52.254, 52.986, 53.72, 54.598, 55.116, 55.899, 57.446, 58.535, 58.77, 58.889, 59.057, 59.022, 58.712, 58.467, 58.504, 58.551, 58.241, 57.863, 57.838, 58.0, 58.295, 58.448, 58.143, 57.507, 56.892, 56.727, 56.804, 56.609, 56.268, 56.064, 56.094, 56.331, 56.752, 57.266, 57.77, 57.922, 57.333, 56.554, 56.201, 56.462, 57.151, 57.855, 58.221, 58.279, 58.247, 58.102, 57.64, 56.944, 56.47, 56.497, 56.741, 56.712, 56.367, 56.021, 55.738, 55.473, 55.335, 55.391, 55.731, 56.319, 57.098, 57.626, 57.88, 57.832, 57.452, 56.961, 56.947, 57.373, 57.703, 57.971, 58.112, 57.894, 57.276, 56.585, 56.224, 56.144, 56.147, 56.281, 56.46, 56.618, 56.696, 56.716, 56.743, 56.79, 56.83, 56.782, 56.614, 56.441, 56.514, 57.165, 57.925, 58.014, 57.757, 57.726, 57.796, 57.411, 57.163, 57.802, 58.718, 58.774, 57.745, 56.688, 56.43, 56.609, 56.517, 56.42, 56.639, 57.032, 57.354, 57.551, 57.651, 57.791, 58.002, 58.238, 58.407, 44.023], [46.887, 47.472, 48.123, 47.622, 45.385, 42.509, 40.392, 38.961, 37.369, 35.393, 33.839, 32.98, 32.554, 32.321, 32.044, 31.77, 31.173, 29.978, 28.729, 28.113, 27.986, 26.737, 22.041, 12.656, 0.0, 11.45, 17.526, 19.191, 19.713, 20.792, 22.254, 23.757, 25.789, 29.173, 33.439, 36.245, 37.693, 38.641, 39.674, 41.498, 43.992, 46.394, 48.097, 48.831, 49.472, 50.564, 51.74, 53.152, 55.072, 56.285, 56.379, 56.237, 56.2, 56.083, 55.761, 55.508, 55.531, 55.52, 55.028, 54.332, 53.991, 54.096, 54.455, 54.582, 54.257, 53.827, 53.824, 54.274, 54.604, 54.354, 53.939, 53.887, 54.25, 54.841, 55.567, 56.339, 57.028, 57.241, 56.579, 55.722, 55.428, 55.903, 56.879, 57.831, 58.346, 58.398, 58.272, 58.028, 57.431, 56.522, 55.831, 55.767, 56.008, 55.884, 55.281, 54.648, 54.232, 53.989, 53.805, 53.46, 53.004, 52.83, 53.343, 53.996, 54.367, 54.285, 53.836, 53.377, 53.447, 53.841, 54.016, 54.182, 54.409, 54.467, 54.187, 53.825, 53.711, 53.728, 53.666, 53.628, 53.659, 53.815, 53.998, 54.128, 54.221, 54.313, 54.422, 54.468, 54.399, 54.348, 54.576, 55.335, 55.973, 55.732, 55.223, 55.189, 55.514, 55.581, 55.752, 56.528, 57.34, 57.224, 56.136, 55.194, 55.006, 55.055, 54.593, 54.099, 54.11, 54.376, 54.505, 54.517, 54.58, 54.81, 55.106, 55.329, 55.401, 47.266], [50.526, 50.8, 51.358, 50.914, 48.843, 46.274, 44.677, 43.975, 43.21, 42.018, 40.93, 40.181, 39.834, 39.799, 39.817, 39.888, 39.651, 38.758, 37.671, 37.105, 37.084, 36.171, 32.089, 23.5, 11.45, 0.0, 6.666, 9.232, 10.529, 12.044, 13.827, 15.946, 19.283, 24.65, 30.687, 34.452, 36.478, 37.831, 39.04, 40.64, 42.574, 44.406, 45.85, 46.517, 47.024, 48.268, 49.973, 51.838, 53.978, 55.234, 55.179, 54.803, 54.578, 54.378, 54.043, 53.783, 53.795, 53.743, 53.132, 52.222, 51.672, 51.78, 52.206, 52.31, 51.985, 51.774, 52.326, 53.29, 53.816, 53.523, 53.062, 53.167, 53.848, 54.769, 55.762, 56.73, 57.532, 57.771, 57.066, 56.173, 55.922, 56.528, 57.675, 58.779, 59.397, 59.445, 59.245, 58.933, 58.248, 57.194, 56.347, 56.204, 56.426, 56.223, 55.433, 54.603, 54.115, 53.921, 53.735, 53.135, 52.078, 51.18, 51.325, 51.987, 52.427, 52.334, 51.86, 51.444, 51.557, 51.871, 51.877, 51.934, 52.226, 52.54, 52.587, 52.525, 52.617, 52.713, 52.602, 52.41, 52.293, 52.427, 52.687, 52.905, 53.049, 53.17, 53.33, 53.456, 53.486, 53.546, 53.888, 54.707, 55.242, 54.765, 54.081, 54.053, 54.598, 55.083, 55.639, 56.507, 57.179, 56.899, 55.794, 55.006, 54.919, 54.859, 54.065, 53.215, 53.036, 53.18, 53.13, 52.972, 52.98, 53.26, 53.609, 53.815, 53.803, 51.354], [52.743, 52.897, 53.396, 52.974, 51.004, 48.589, 47.181, 46.728, 46.278, 45.41, 44.526, 43.834, 43.502, 43.518, 43.628, 43.805, 43.679, 42.893, 41.876, 41.342, 41.362, 40.597, 36.86, 28.851, 17.526, 6.666, 0.0, 3.475, 5.888, 8.082, 10.0, 12.156, 16.197, 22.959, 30.179, 34.593, 36.957, 38.487, 39.739, 41.181, 42.8, 44.32, 45.604, 46.219, 46.643, 47.913, 49.778, 51.749, 53.919, 55.162, 55.033, 54.559, 54.257, 54.027, 53.689, 53.428, 53.435, 53.367, 52.717, 51.748, 51.175, 51.348, 51.826, 51.925, 51.609, 51.512, 52.295, 53.452, 54.047, 53.742, 53.272, 53.448, 54.27, 55.338, 56.439, 57.47, 58.296, 58.528, 57.807, 56.902, 56.654, 57.281, 58.457, 59.593, 60.236, 60.274, 60.041, 59.703, 58.996, 57.909, 57.018, 56.847, 57.059, 56.834, 55.998, 55.122, 54.625, 54.455, 54.281, 53.624, 52.389, 51.204, 51.136, 51.748, 52.203, 52.118, 51.647, 51.244, 51.34, 51.583, 51.495, 51.491, 51.801, 52.22, 52.405, 52.465, 52.63, 52.755, 52.633, 52.388, 52.209, 52.324, 52.604, 52.851, 53.013, 53.143, 53.318, 53.469, 53.534, 53.642, 54.035, 54.884, 55.397, 54.855, 54.119, 54.098, 54.73, 55.387, 56.1, 56.997, 57.61, 57.28, 56.197, 55.483, 55.431, 55.317, 54.394, 53.406, 53.143, 53.229, 53.108, 52.883, 52.859, 53.139, 53.497, 53.693, 53.648, 53.682], [53.263, 53.419, 53.897, 53.459, 51.484, 49.053, 47.612, 47.151, 46.754, 45.98, 45.163, 44.47, 44.106, 44.118, 44.249, 44.441, 44.319, 43.538, 42.541, 42.038, 42.088, 41.364, 37.736, 29.988, 19.191, 9.232, 3.475, 0.0, 3.088, 6.127, 8.434, 10.41, 14.357, 21.664, 29.568, 34.439, 37.033, 38.639, 39.893, 41.306, 42.901, 44.417, 45.705, 46.32, 46.733, 47.976, 49.808, 51.75, 53.906, 55.143, 55.017, 54.55, 54.251, 54.019, 53.679, 53.417, 53.425, 53.355, 52.701, 51.742, 51.222, 51.469, 51.988, 52.094, 51.782, 51.705, 52.51, 53.68, 54.283, 53.982, 53.509, 53.685, 54.52, 55.607, 56.719, 57.748, 58.564, 58.782, 58.049, 57.129, 56.862, 57.467, 58.622, 59.741, 60.369, 60.391, 60.141, 59.795, 59.094, 58.02, 57.138, 56.969, 57.183, 56.97, 56.153, 55.292, 54.799, 54.628, 54.469, 53.857, 52.672, 51.489, 51.381, 51.963, 52.416, 52.342, 51.877, 51.463, 51.528, 51.733, 51.618, 51.601, 51.909, 52.334, 52.53, 52.596, 52.764, 52.896, 52.787, 52.551, 52.369, 52.472, 52.743, 52.987, 53.151, 53.285, 53.461, 53.607, 53.664, 53.775, 54.188, 55.069, 55.615, 55.09, 54.354, 54.335, 54.974, 55.637, 56.356, 57.262, 57.886, 57.573, 56.501, 55.781, 55.713, 55.589, 54.658, 53.656, 53.364, 53.421, 53.283, 53.052, 53.025, 53.302, 53.656, 53.847, 53.797, 54.151], [53.38, 53.561, 54.028, 53.569, 51.569, 49.102, 47.613, 47.116, 46.728, 45.998, 45.211, 44.502, 44.102, 44.107, 44.25, 44.443, 44.303, 43.504, 42.508, 42.028, 42.1, 41.392, 37.802, 30.181, 19.713, 10.529, 5.888, 3.088, 0.0, 3.617, 6.616, 9.013, 12.854, 20.152, 28.411, 33.652, 36.497, 38.212, 39.467, 40.858, 42.486, 44.09, 45.457, 46.11, 46.544, 47.788, 49.604, 51.549, 53.732, 55.008, 54.93, 54.508, 54.227, 53.987, 53.625, 53.351, 53.366, 53.312, 52.674, 51.731, 51.244, 51.538, 52.088, 52.205, 51.887, 51.799, 52.587, 53.751, 54.361, 54.066, 53.588, 53.748, 54.575, 55.669, 56.793, 57.832, 58.65, 58.864, 58.121, 57.193, 56.921, 57.522, 58.669, 59.778, 60.391, 60.395, 60.127, 59.77, 59.073, 58.012, 57.141, 56.976, 57.196, 56.997, 56.198, 55.351, 54.859, 54.685, 54.539, 53.967, 52.844, 51.705, 51.608, 52.186, 52.641, 52.575, 52.113, 51.683, 51.714, 51.886, 51.754, 51.731, 52.039, 52.461, 52.655, 52.72, 52.89, 53.03, 52.934, 52.71, 52.525, 52.616, 52.877, 53.116, 53.279, 53.418, 53.598, 53.739, 53.787, 53.896, 54.324, 55.235, 55.808, 55.295, 54.553, 54.525, 55.157, 55.805, 56.515, 57.43, 58.066, 57.756, 56.674, 55.941, 55.871, 55.755, 54.823, 53.801, 53.477, 53.503, 53.346, 53.112, 53.094, 53.379, 53.735, 53.922, 53.87, 54.189], [53.917, 54.099, 54.554, 54.097, 52.119, 49.681, 48.211, 47.721, 47.349, 46.647, 45.875, 45.162, 44.749, 44.75, 44.897, 45.085, 44.93, 44.115, 43.111, 42.631, 42.71, 42.021, 38.492, 31.009, 20.792, 12.044, 8.082, 6.127, 3.617, 0.0, 3.658, 7.187, 11.624, 18.914, 27.289, 32.749, 35.815, 37.677, 38.971, 40.336, 41.961, 43.627, 45.076, 45.773, 46.231, 47.516, 49.378, 51.368, 53.611, 54.944, 54.92, 54.538, 54.271, 54.02, 53.637, 53.347, 53.374, 53.356, 52.757, 51.827, 51.328, 51.635, 52.213, 52.341, 52.023, 51.93, 52.725, 53.903, 54.523, 54.235, 53.758, 53.916, 54.748, 55.861, 57.014, 58.077, 58.91, 59.129, 58.39, 57.473, 57.219, 57.84, 58.999, 60.104, 60.707, 60.699, 60.418, 60.051, 59.352, 58.297, 57.433, 57.274, 57.499, 57.302, 56.508, 55.668, 55.188, 55.024, 54.883, 54.318, 53.209, 52.077, 51.974, 52.549, 53.007, 52.946, 52.486, 52.047, 52.051, 52.19, 52.032, 51.994, 52.3, 52.734, 52.949, 53.035, 53.217, 53.364, 53.271, 53.039, 52.841, 52.919, 53.177, 53.418, 53.58, 53.722, 53.909, 54.061, 54.12, 54.244, 54.695, 55.627, 56.202, 55.668, 54.899, 54.858, 55.5, 56.171, 56.905, 57.828, 58.447, 58.11, 57.018, 56.303, 56.259, 56.155, 55.2, 54.133, 53.766, 53.759, 53.575, 53.33, 53.317, 53.609, 53.965, 54.15, 54.093, 54.699], [54.542, 54.703, 55.155, 54.721, 52.798, 50.427, 49.005, 48.534, 48.175, 47.495, 46.747, 46.054, 45.647, 45.639, 45.773, 45.949, 45.789, 44.982, 43.981, 43.493, 43.562, 42.891, 39.447, 32.158, 22.254, 13.827, 10.0, 8.434, 6.616, 3.658, 0.0, 4.516, 10.147, 18.184, 26.854, 32.39, 35.492, 37.408, 38.759, 40.156, 41.795, 43.495, 44.984, 45.684, 46.133, 47.431, 49.334, 51.376, 53.671, 55.035, 55.02, 54.627, 54.345, 54.09, 53.709, 53.415, 53.447, 53.462, 52.903, 51.986, 51.475, 51.793, 52.395, 52.539, 52.23, 52.149, 52.96, 54.143, 54.761, 54.479, 54.012, 54.175, 55.009, 56.125, 57.285, 58.36, 59.203, 59.429, 58.7, 57.794, 57.556, 58.199, 59.366, 60.461, 61.052, 61.041, 60.764, 60.398, 59.697, 58.644, 57.789, 57.638, 57.863, 57.659, 56.858, 56.023, 55.56, 55.412, 55.272, 54.7, 53.586, 52.451, 52.33, 52.888, 53.34, 53.283, 52.835, 52.412, 52.426, 52.561, 52.388, 52.333, 52.632, 53.075, 53.308, 53.404, 53.585, 53.726, 53.625, 53.385, 53.179, 53.252, 53.51, 53.751, 53.91, 54.048, 54.24, 54.406, 54.485, 54.629, 55.103, 56.051, 56.621, 56.066, 55.273, 55.23, 55.903, 56.622, 57.39, 58.321, 58.922, 58.571, 57.488, 56.798, 56.774, 56.669, 55.694, 54.591, 54.189, 54.163, 53.971, 53.722, 53.707, 53.996, 54.349, 54.532, 54.472, 55.346], [54.572, 54.729, 55.184, 54.771, 52.891, 50.577, 49.2, 48.761, 48.436, 47.807, 47.124, 46.477, 46.079, 46.062, 46.189, 46.366, 46.235, 45.486, 44.541, 44.07, 44.127, 43.474, 40.14, 33.128, 23.757, 15.946, 12.156, 10.41, 9.013, 7.187, 4.516, 0.0, 6.75, 16.389, 26.078, 31.994, 35.135, 37.013, 38.372, 39.835, 41.556, 43.339, 44.861, 45.524, 45.921, 47.177, 49.089, 51.206, 53.559, 54.934, 54.885, 54.428, 54.092, 53.817, 53.432, 53.133, 53.168, 53.203, 52.657, 51.74, 51.25, 51.614, 52.257, 52.418, 52.115, 52.051, 52.888, 54.085, 54.706, 54.428, 53.965, 54.133, 54.974, 56.1, 57.271, 58.359, 59.215, 59.448, 58.714, 57.796, 57.557, 58.21, 59.384, 60.473, 61.056, 61.053, 60.793, 60.435, 59.729, 58.669, 57.81, 57.66, 57.879, 57.658, 56.834, 55.978, 55.509, 55.365, 55.224, 54.635, 53.487, 52.318, 52.168, 52.703, 53.148, 53.099, 52.673, 52.291, 52.359, 52.527, 52.356, 52.287, 52.576, 53.017, 53.248, 53.337, 53.506, 53.634, 53.527, 53.294, 53.102, 53.184, 53.445, 53.686, 53.845, 53.982, 54.174, 54.343, 54.425, 54.578, 55.07, 56.043, 56.638, 56.095, 55.303, 55.265, 55.962, 56.721, 57.527, 58.481, 59.102, 58.777, 57.711, 57.02, 56.985, 56.865, 55.869, 54.734, 54.304, 54.27, 54.082, 53.834, 53.817, 54.108, 54.466, 54.652, 54.591, 55.37], [54.143, 54.33, 54.773, 54.359, 52.522, 50.287, 48.991, 48.629, 48.394, 47.867, 47.286, 46.685, 46.284, 46.273, 46.421, 46.621, 46.525, 45.852, 44.995, 44.566, 44.622, 43.999, 40.825, 34.243, 25.789, 19.283, 16.197, 14.357, 12.854, 11.624, 10.147, 6.75, 0.0, 11.027, 22.422, 29.573, 33.312, 35.355, 3