[[0.0, 5.909, 13.116, 17.966, 20.248, 22.068, 23.495, 24.14, 24.969, 26.053, 27.014, 27.623, 28.151, 28.819, 29.575, 30.699, 32.148, 33.028, 33.076, 32.789, 33.117, 33.597, 33.772, 33.606, 33.764, 34.202, 34.585, 34.907, 35.01, 34.844, 34.823, 34.504, 33.949, 33.991, 34.465, 34.564, 34.303, 34.177, 34.249, 34.718, 35.454, 35.588, 35.313, 35.65, 35.62, 35.028, 34.689, 34.467, 34.499, 34.739, 35.006, 35.349, 35.673, 35.963, 36.443, 36.784, 36.632, 36.334, 36.307, 36.753, 37.117, 37.165, 37.148, 36.873, 36.591, 36.704, 36.604, 36.093, 35.845, 35.626, 35.281, 35.11, 35.011, 34.892, 34.847, 34.713, 34.649, 34.58, 34.5, 34.543, 34.941, 35.407, 35.235, 34.971, 35.491, 36.341, 36.771, 37.172, 37.731, 38.327, 39.196, 39.7, 39.355, 38.783, 38.857, 39.073, 38.906, 38.504, 38.393, 38.692, 39.543, 39.848, 39.372, 39.002, 38.535, 37.342, 36.921, 37.886, 38.495, 37.946, 37.236, 37.195, 37.609, 37.428, 36.077, 34.836, 34.768, 34.826, 34.56, 34.23, 34.267, 34.461, 34.415, 34.408, 34.406, 34.465, 34.878, 35.638, 36.213, 36.254, 35.878, 35.587, 35.821, 35.639, 34.978, 35.075, 35.977, 36.54, 36.464, 36.405, 37.226, 38.648, 39.649, 39.356, 37.958, 36.985, 36.784, 36.72, 36.97, 37.918, 38.849, 39.157, 38.864, 38.465, 38.37, 38.37, 38.247, 37.899, 37.411, 36.674, 36.034, 35.691, 35.485, 35.42, 35.702, 35.924, 35.622, 35.262, 35.359, 35.001, 34.462, 34.613, 34.905, 34.684, 34.284, 34.303, 34.597, 34.77, 34.828, 34.786, 34.645, 34.599, 34.722, 34.885, 34.936, 35.285, 35.97, 36.218, 35.959, 35.3, 34.876, 34.998, 34.966, 34.385, 33.936, 33.875, 34.082, 34.128, 34.051, 34.542, 35.34, 35.637, 35.448, 35.435, 35.329, 3.853], [5.909, 0.0, 8.538, 14.548, 17.279, 19.166, 20.717, 21.591, 22.703, 24.037, 25.165, 25.86, 26.484, 27.313, 28.231, 29.504, 31.054, 31.988, 32.036, 31.706, 32.007, 32.527, 32.798, 32.695, 32.869, 33.336, 33.801, 34.171, 34.252, 34.07, 34.079, 33.758, 33.169, 33.27, 33.816, 33.923, 33.662, 33.529, 33.558, 33.99, 34.74, 34.896, 34.614, 34.952, 34.91, 34.29, 33.934, 33.7, 33.744, 34.005, 34.302, 34.703, 35.112, 35.477, 35.972, 36.306, 36.152, 35.853, 35.798, 36.217, 36.557, 36.576, 36.529, 36.231, 35.972, 36.126, 36.009, 35.442, 35.178, 34.965, 34.631, 34.473, 34.351, 34.166, 34.065, 33.902, 33.832, 33.761, 33.654, 33.669, 34.099, 34.607, 34.412, 34.118, 34.675, 35.578, 36.036, 36.473, 37.095, 37.756, 38.66, 39.182, 38.874, 38.373, 38.479, 38.684, 38.493, 38.07, 37.949, 38.24, 39.116, 39.435, 38.931, 38.541, 38.064, 36.807, 36.345, 37.357, 37.964, 37.336, 36.592, 36.564, 36.981, 36.76, 35.33, 34.006, 33.892, 33.951, 33.673, 33.293, 33.33, 33.563, 33.487, 33.471, 33.483, 33.554, 33.994, 34.805, 35.409, 35.445, 35.044, 34.735, 34.989, 34.791, 34.075, 34.16, 35.114, 35.718, 35.65, 35.625, 36.505, 38.013, 39.099, 38.812, 37.333, 36.301, 36.104, 36.044, 36.301, 37.297, 38.282, 38.621, 38.339, 37.933, 37.835, 37.842, 37.722, 37.349, 36.83, 36.06, 35.377, 34.988, 34.74, 34.686, 35.02, 35.265, 34.947, 34.576, 34.685, 34.291, 33.708, 33.869, 34.159, 33.886, 33.439, 33.451, 33.756, 33.933, 33.999, 34.01, 33.962, 33.981, 34.14, 34.32, 34.362, 34.697, 35.421, 35.682, 35.379, 34.621, 34.143, 34.293, 34.264, 33.64, 33.15, 33.087, 33.336, 33.414, 33.34, 33.854, 34.702, 35.011, 34.78, 34.757, 34.662, 8.057], [13.116, 8.538, 0.0, 7.512, 11.969, 14.786, 16.684, 17.986, 19.746, 21.633, 23.081, 23.913, 24.704, 25.778, 26.859, 28.203, 29.802, 30.827, 30.886, 30.487, 30.79, 31.392, 31.761, 31.725, 31.991, 32.546, 33.06, 33.455, 33.551, 33.404, 33.462, 33.154, 32.541, 32.697, 33.327, 33.464, 33.219, 33.072, 33.033, 33.428, 34.202, 34.419, 34.187, 34.53, 34.454, 33.808, 33.46, 33.233, 33.273, 33.524, 33.841, 34.299, 34.796, 35.225, 35.692, 35.989, 35.842, 35.545, 35.4, 35.695, 35.984, 35.975, 35.888, 35.564, 35.355, 35.582, 35.471, 34.847, 34.565, 34.393, 34.112, 33.969, 33.799, 33.56, 33.453, 33.284, 33.207, 33.14, 33.023, 33.012, 33.461, 34.005, 33.79, 33.494, 34.105, 35.033, 35.507, 36.036, 36.815, 37.582, 38.51, 39.026, 38.751, 38.327, 38.479, 38.692, 38.487, 38.037, 37.894, 38.214, 39.155, 39.496, 38.963, 38.545, 38.053, 36.74, 36.24, 37.282, 37.833, 37.071, 36.276, 36.266, 36.671, 36.35, 34.738, 33.277, 33.097, 33.143, 32.849, 32.431, 32.478, 32.755, 32.672, 32.629, 32.641, 32.751, 33.242, 34.092, 34.71, 34.739, 34.315, 33.98, 34.232, 34.02, 33.277, 33.378, 34.385, 35.018, 34.939, 34.959, 35.941, 37.553, 38.709, 38.416, 36.872, 35.798, 35.591, 35.525, 35.806, 36.876, 37.93, 38.293, 38.02, 37.625, 37.525, 37.521, 37.404, 37.021, 36.484, 35.698, 34.99, 34.534, 34.198, 34.124, 34.501, 34.754, 34.402, 34.023, 34.159, 33.725, 33.073, 33.231, 33.545, 33.248, 32.766, 32.783, 33.116, 33.287, 33.334, 33.426, 33.53, 33.638, 33.858, 34.073, 34.082, 34.385, 35.179, 35.463, 35.103, 34.244, 33.716, 33.905, 33.884, 33.221, 32.68, 32.601, 32.904, 33.025, 32.924, 33.417, 34.297, 34.605, 34.313, 34.261, 34.172, 14.121], [17.966, 14.548, 7.512, 0.0, 6.388, 11.039, 13.756, 15.449, 17.719, 20.037, 21.697, 22.621, 23.584, 24.851, 25.998, 27.367, 29.045, 30.178, 30.282, 29.854, 30.168, 30.837, 31.268, 31.263, 31.609, 32.281, 32.835, 33.225, 33.342, 33.243, 33.347, 33.074, 32.497, 32.694, 33.353, 33.511, 33.302, 33.163, 33.083, 33.443, 34.23, 34.508, 34.359, 34.719, 34.614, 33.937, 33.58, 33.345, 33.35, 33.548, 33.847, 34.323, 34.861, 35.313, 35.736, 35.991, 35.836, 35.52, 35.303, 35.529, 35.812, 35.802, 35.697, 35.374, 35.205, 35.462, 35.36, 34.728, 34.43, 34.274, 34.027, 33.888, 33.691, 33.438, 33.368, 33.227, 33.142, 33.066, 32.955, 32.951, 33.389, 33.933, 33.725, 33.443, 34.068, 34.974, 35.464, 36.09, 37.001, 37.836, 38.769, 39.284, 39.023, 38.618, 38.788, 39.02, 38.821, 38.356, 38.193, 38.51, 39.452, 39.799, 39.264, 38.822, 38.312, 36.974, 36.441, 37.462, 37.962, 37.135, 36.329, 36.333, 36.722, 36.339, 34.633, 33.104, 32.896, 32.938, 32.644, 32.234, 32.312, 32.609, 32.524, 32.458, 32.469, 32.603, 33.119, 33.968, 34.581, 34.612, 34.185, 33.84, 34.077, 33.857, 33.115, 33.23, 34.251, 34.889, 34.808, 34.866, 35.909, 37.549, 38.706, 38.397, 36.83, 35.743, 35.519, 35.417, 35.693, 36.802, 37.898, 38.264, 37.971, 37.57, 37.471, 37.459, 37.346, 36.985, 36.456, 35.698, 35.021, 34.552, 34.176, 34.075, 34.461, 34.702, 34.318, 33.929, 34.083, 33.634, 32.93, 33.074, 33.428, 33.139, 32.648, 32.689, 33.051, 33.206, 33.214, 33.328, 33.499, 33.632, 33.867, 34.113, 34.155, 34.499, 35.327, 35.588, 35.187, 34.301, 33.763, 33.947, 33.908, 33.225, 32.65, 32.534, 32.857, 33.007, 32.891, 33.365, 34.256, 34.552, 34.212, 34.134, 34.059, 18.746], [20.248, 17.279, 11.969, 6.388, 0.0, 6.144, 10.341, 12.847, 15.617, 18.27, 20.11, 21.144, 22.267, 23.693, 24.94, 26.427, 28.236, 29.481, 29.677, 29.314, 29.67, 30.398, 30.895, 30.918, 31.297, 32.06, 32.7, 33.126, 33.254, 33.191, 33.357, 33.149, 32.616, 32.826, 33.477, 33.645, 33.476, 33.353, 33.268, 33.616, 34.396, 34.681, 34.55, 34.922, 34.813, 34.105, 33.718, 33.472, 33.462, 33.627, 33.897, 34.367, 34.913, 35.362, 35.765, 36.011, 35.845, 35.509, 35.281, 35.507, 35.802, 35.8, 35.702, 35.387, 35.231, 35.5, 35.409, 34.785, 34.486, 34.326, 34.074, 33.933, 33.73, 33.465, 33.389, 33.249, 33.159, 33.061, 32.936, 32.946, 33.388, 33.928, 33.739, 33.471, 34.099, 34.991, 35.511, 36.213, 37.185, 38.04, 38.971, 39.486, 39.233, 38.845, 39.032, 39.266, 39.058, 38.585, 38.413, 38.706, 39.613, 39.944, 39.403, 38.941, 38.421, 37.086, 36.552, 37.567, 38.044, 37.199, 36.39, 36.399, 36.79, 36.403, 34.687, 33.133, 32.917, 32.972, 32.674, 32.257, 32.357, 32.663, 32.565, 32.495, 32.511, 32.642, 33.159, 34.012, 34.635, 34.67, 34.236, 33.887, 34.118, 33.894, 33.16, 33.284, 34.298, 34.938, 34.878, 34.954, 35.985, 37.6, 38.733, 38.411, 36.83, 35.731, 35.497, 35.365, 35.618, 36.734, 37.847, 38.211, 37.897, 37.484, 37.389, 37.387, 37.293, 36.959, 36.43, 35.692, 35.05, 34.598, 34.237, 34.148, 34.535, 34.769, 34.377, 33.992, 34.16, 33.723, 33.016, 33.159, 33.526, 33.239, 32.747, 32.799, 33.165, 33.298, 33.27, 33.366, 33.538, 33.662, 33.885, 34.143, 34.236, 34.613, 35.42, 35.642, 35.216, 34.324, 33.775, 33.936, 33.879, 33.183, 32.59, 32.446, 32.762, 32.928, 32.834, 33.313, 34.207, 34.495, 34.145, 34.064, 34.004, 21.16], [22.068, 19.166, 14.786, 11.039, 6.144, 0.0, 5.569, 9.793, 13.728, 16.89, 18.96, 20.11, 21.325, 22.866, 24.224, 25.803, 27.674, 28.981, 29.257, 29.018, 29.487, 30.313, 30.882, 30.946, 31.341, 32.132, 32.831, 33.316, 33.463, 33.406, 33.615, 33.476, 32.995, 33.21, 33.851, 34.033, 33.893, 33.784, 33.708, 34.041, 34.78, 35.025, 34.868, 35.221, 35.111, 34.407, 34.015, 33.773, 33.777, 33.94, 34.187, 34.645, 35.201, 35.651, 36.041, 36.285, 36.127, 35.785, 35.542, 35.74, 36.02, 36.008, 35.907, 35.601, 35.454, 35.732, 35.652, 35.036, 34.744, 34.583, 34.331, 34.19, 33.974, 33.684, 33.583, 33.443, 33.367, 33.263, 33.13, 33.148, 33.592, 34.122, 33.942, 33.688, 34.305, 35.17, 35.697, 36.417, 37.388, 38.227, 39.139, 39.642, 39.399, 39.04, 39.251, 39.481, 39.263, 38.797, 38.631, 38.909, 39.784, 40.108, 39.57, 39.107, 38.592, 37.282, 36.775, 37.789, 38.253, 37.416, 36.634, 36.654, 37.035, 36.661, 34.977, 33.435, 33.234, 33.308, 33.008, 32.577, 32.673, 32.97, 32.861, 32.798, 32.825, 32.944, 33.433, 34.27, 34.889, 34.91, 34.469, 34.132, 34.357, 34.134, 33.444, 33.593, 34.568, 35.176, 35.13, 35.212, 36.193, 37.739, 38.825, 38.492, 36.937, 35.854, 35.618, 35.493, 35.765, 36.871, 37.962, 38.323, 38.014, 37.611, 37.531, 37.542, 37.472, 37.173, 36.659, 35.929, 35.306, 34.88, 34.549, 34.476, 34.853, 35.077, 34.693, 34.327, 34.504, 34.087, 33.405, 33.543, 33.886, 33.602, 33.123, 33.171, 33.518, 33.633, 33.591, 33.681, 33.853, 33.975, 34.193, 34.448, 34.543, 34.89, 35.647, 35.85, 35.424, 34.542, 33.999, 34.149, 34.091, 33.422, 32.849, 32.699, 32.997, 33.168, 33.097, 33.582, 34.46, 34.733, 34.391, 34.321, 34.269, 23.033], [23.495, 20.717, 16.684, 13.756, 10.341, 5.569, 0.0, 5.881, 11.457, 15.469, 17.896, 19.184, 20.467, 22.102, 23.565, 25.214, 27.154, 28.515, 28.824, 28.688, 29.336, 30.307, 30.92, 30.985, 31.396, 32.204, 32.908, 33.435, 33.631, 33.584, 33.801, 33.699, 33.263, 33.497, 34.141, 34.33, 34.191, 34.082, 34.005, 34.321, 35.028, 35.23, 35.04, 35.385, 35.275, 34.57, 34.177, 33.943, 33.961, 34.128, 34.365, 34.816, 35.396, 35.885, 36.285, 36.525, 36.366, 36.027, 35.774, 35.951, 36.219, 36.196, 36.081, 35.761, 35.607, 35.887, 35.816, 35.205, 34.912, 34.742, 34.473, 34.317, 34.09, 33.779, 33.662, 33.531, 33.471, 33.368, 33.23, 33.242, 33.688, 34.222, 34.038, 33.773, 34.37, 35.223, 35.751, 36.46, 37.423, 38.262, 39.173, 39.673, 39.428, 39.074, 39.294, 39.529, 39.31, 38.851, 38.695, 38.965, 39.826, 40.157, 39.635, 39.178, 38.659, 37.357, 36.871, 37.891, 38.354, 37.534, 36.781, 36.813, 37.188, 36.821, 35.15, 33.62, 33.43, 33.51, 33.216, 32.785, 32.858, 33.13, 33.037, 32.997, 33.03, 33.141, 33.621, 34.454, 35.063, 35.069, 34.624, 34.293, 34.512, 34.288, 33.615, 33.776, 34.738, 35.329, 35.28, 35.374, 36.362, 37.885, 38.932, 38.582, 37.047, 35.987, 35.758, 35.654, 35.952, 37.045, 38.112, 38.467, 38.165, 37.769, 37.685, 37.689, 37.625, 37.345, 36.851, 36.122, 35.492, 35.066, 34.738, 34.661, 35.026, 35.237, 34.858, 34.5, 34.679, 34.265, 33.594, 33.733, 34.057, 33.765, 33.288, 33.326, 33.666, 33.779, 33.736, 33.83, 34.016, 34.157, 34.388, 34.636, 34.698, 34.996, 35.724, 35.928, 35.51, 34.641, 34.115, 34.274, 34.236, 33.606, 33.059, 32.921, 33.223, 33.396, 33.327, 33.813, 34.683, 34.95, 34.613, 34.553, 34.508, 24.394], [24.14, 21.591, 17.986, 15.449, 12.847, 9.793, 5.881, 0.0, 6.736, 11.945, 15.127, 16.769, 18.308, 20.195, 21.851, 23.677, 25.827, 27.328, 27.695, 27.667, 28.516, 29.625, 30.25, 30.298, 30.757, 31.62, 32.346, 32.94, 33.23, 33.251, 33.511, 33.424, 32.99, 33.267, 33.936, 34.109, 33.943, 33.821, 33.736, 34.057, 34.798, 35.003, 34.792, 35.159, 35.058, 34.32, 33.897, 33.646, 33.657, 33.832, 34.066, 34.502, 35.103, 35.652, 36.096, 36.333, 36.148, 35.788, 35.538, 35.749, 36.04, 36.027, 35.905, 35.551, 35.373, 35.662, 35.604, 34.988, 34.679, 34.478, 34.165, 33.999, 33.801, 33.487, 33.335, 33.178, 33.106, 32.991, 32.828, 32.815, 33.297, 33.865, 33.673, 33.392, 34.005, 34.887, 35.424, 36.134, 37.117, 37.991, 38.941, 39.453, 39.189, 38.808, 39.037, 39.295, 39.073, 38.602, 38.442, 38.711, 39.586, 39.936, 39.42, 38.961, 38.426, 37.109, 36.635, 37.691, 38.178, 37.356, 36.579, 36.602, 37.007, 36.663, 34.986, 33.428, 33.207, 33.278, 32.977, 32.51, 32.547, 32.816, 32.746, 32.735, 32.766, 32.874, 33.387, 34.266, 34.887, 34.887, 34.434, 34.084, 34.295, 34.057, 33.341, 33.49, 34.499, 35.121, 35.057, 35.149, 36.186, 37.754, 38.819, 38.451, 36.876, 35.792, 35.575, 35.485, 35.782, 36.887, 37.975, 38.337, 38.016, 37.605, 37.512, 37.51, 37.447, 37.155, 36.648, 35.89, 35.225, 34.778, 34.433, 34.347, 34.712, 34.925, 34.537, 34.165, 34.35, 33.92, 33.22, 33.361, 33.697, 33.393, 32.894, 32.934, 33.29, 33.417, 33.385, 33.473, 33.659, 33.818, 34.063, 34.309, 34.347, 34.611, 35.342, 35.565, 35.16, 34.286, 33.769, 33.97, 33.95, 33.29, 32.736, 32.613, 32.926, 33.104, 33.03, 33.515, 34.397, 34.676, 34.336, 34.276, 34.236, 24.948], [24.969, 22.703, 19.746, 17.719, 15.617, 13.728, 11.457, 6.736, 0.0, 6.301, 10.734, 13.165, 15.232, 17.52, 19.471, 21.625, 24.12, 25.823, 26.289, 26.416, 27.463, 28.661, 29.283, 29.337, 29.851, 30.757, 31.51, 32.18, 32.587, 32.726, 33.1, 33.061, 32.618, 32.933, 33.63, 33.794, 33.609, 33.468, 33.382, 33.736, 34.543, 34.782, 34.561, 34.945, 34.85, 34.085, 33.635, 33.357, 33.359, 33.547, 33.781, 34.201, 34.8, 35.377, 35.847, 36.086, 35.879, 35.491, 35.25, 35.511, 35.825, 35.828, 35.706, 35.335, 35.153, 35.448, 35.395, 34.771, 34.43, 34.194, 33.855, 33.691, 33.523, 33.217, 33.04, 32.844, 32.749, 32.629, 32.452, 32.433, 32.942, 33.521, 33.322, 33.04, 33.68, 34.595, 35.142, 35.858, 36.849, 37.762, 38.761, 39.288, 39.004, 38.606, 38.852, 39.132, 38.906, 38.413, 38.239, 38.498, 39.376, 39.738, 39.229, 38.772, 38.23, 36.914, 36.473, 37.568, 38.082, 37.251, 36.426, 36.419, 36.874, 36.579, 34.898, 33.292, 33.024, 33.085, 32.791, 32.296, 32.295, 32.57, 32.518, 32.524, 32.55, 32.655, 33.193, 34.1, 34.727, 34.723, 34.261, 33.89, 34.099, 33.844, 33.067, 33.181, 34.224, 34.87, 34.795, 34.886, 35.965, 37.581, 38.679, 38.313, 36.711, 35.602, 35.397, 35.324, 35.609, 36.722, 37.837, 38.208, 37.871, 37.448, 37.362, 37.375, 37.317, 37.002, 36.47, 35.674, 34.965, 34.493, 34.133, 34.038, 34.405, 34.624, 34.229, 33.859, 34.074, 33.652, 32.919, 33.048, 33.407, 33.105, 32.591, 32.629, 32.993, 33.131, 33.115, 33.193, 33.357, 33.506, 33.747, 33.986, 34.022, 34.29, 35.026, 35.265, 34.882, 34.0, 33.485, 33.722, 33.707, 32.998, 32.426, 32.307, 32.618, 32.799, 32.727, 33.206, 34.087, 34.374, 34.026, 33.954, 33.91, 25.687], [26.053, 24.037, 21.633, 20.037, 18.27, 16.89, 15.469, 11.945, 6.301, 0.0, 5.504, 9.269, 12.298, 14.978, 17.211, 19.851, 22.773, 24.656, 25.213, 25.516, 26.733, 27.987, 28.63, 28.706, 29.228, 30.123, 30.87, 31.572, 32.072, 32.334, 32.837, 32.876, 32.456, 32.79, 33.508, 33.692, 33.519, 33.37, 33.294, 33.667, 34.491, 34.73, 34.492, 34.878, 34.785, 34.021, 33.567, 33.272, 33.272, 33.472, 33.711, 34.123, 34.71, 35.272, 35.73, 35.972, 35.772, 35.386, 35.164, 35.455, 35.777, 35.779, 35.652, 35.287, 35.132, 35.439, 35.382, 34.755, 34.391, 34.13, 33.786, 33.625, 33.469, 33.179, 33.005, 32.785, 32.682, 32.573, 32.399, 32.387, 32.872, 33.407, 33.212, 32.961, 33.634, 34.561, 35.092, 35.803, 36.773, 37.683, 38.696, 39.225, 38.927, 38.517, 38.753, 39.037, 38.808, 38.301, 38.117, 38.368, 39.241, 39.612, 39.121, 38.674, 38.128, 36.828, 36.42, 37.525, 38.047, 37.22, 36.381, 36.364, 36.848, 36.604, 34.961, 33.356, 33.07, 33.126, 32.863, 32.39, 32.367, 32.628, 32.576, 32.584, 32.604, 32.709, 33.249, 34.137, 34.754, 34.754, 34.291, 33.912, 34.123, 33.87, 33.071, 33.149, 34.188, 34.836, 34.763, 34.862, 35.956, 37.586, 38.688, 38.327, 36.743, 35.651, 35.453, 35.383, 35.639, 36.71, 37.805, 38.187, 37.86, 37.428, 37.343, 37.371, 37.322, 37.0, 36.463, 35.658, 34.93, 34.44, 34.072, 33.972, 34.336, 34.556, 34.169, 33.819, 34.06, 33.668, 32.935, 33.057, 33.413, 33.109, 32.599, 32.643, 33.006, 33.143, 33.138, 33.208, 33.337, 33.455, 33.674, 33.901, 33.949, 34.251, 34.993, 35.245, 34.884, 34.012, 33.509, 33.767, 33.766, 33.054, 32.481, 32.358, 32.657, 32.831, 32.758, 33.209, 34.064, 34.35, 34.004, 33.923, 33.874, 26.699], [27.014, 25.165, 23.081, 21.697, 20.11, 18.96, 17.896, 15.127, 10.734, 5.504, 0.0, 5.136, 9.581, 12.812, 15.198, 18.288, 21.681, 23.743, 24.37, 24.823, 26.184, 27.508, 28.214, 28.329, 28.843, 29.722, 30.452, 31.152, 31.718, 32.082, 32.679, 32.78, 32.385, 32.727, 33.472, 33.7, 33.547, 33.399, 33.333, 33.698, 34.493, 34.701, 34.458, 34.864, 34.777, 34.013, 33.561, 33.268, 33.273, 33.481, 33.728, 34.141, 34.731, 35.286, 35.727, 35.965, 35.778, 35.402, 35.177, 35.454, 35.763, 35.751, 35.611, 35.255, 35.133, 35.466, 35.405, 34.776, 34.412, 34.141, 33.792, 33.63, 33.476, 33.2, 33.037, 32.817, 32.719, 32.616, 32.438, 32.418, 32.839, 33.31, 33.129, 32.939, 33.662, 34.59, 35.102, 35.824, 36.779, 37.65, 38.638, 39.157, 38.85, 38.425, 38.65, 38.939, 38.714, 38.204, 38.02, 38.271, 39.14, 39.507, 39.02, 38.58, 38.035, 36.753, 36.369, 37.462, 37.973, 37.151, 36.327, 36.328, 36.818, 36.599, 35.009, 33.461, 33.2, 33.257, 33.016, 32.576, 32.546, 32.785, 32.722, 32.727, 32.747, 32.854, 33.373, 34.233, 34.838, 34.842, 34.384, 33.998, 34.206, 33.968, 33.175, 33.224, 34.238, 34.882, 34.811, 34.913, 36.005, 37.62, 38.702, 38.342, 36.795, 35.737, 35.539, 35.46, 35.687, 36.692, 37.736, 38.116, 37.806, 37.37, 37.264, 37.29, 37.259, 36.959, 36.44, 35.663, 34.964, 34.485, 34.114, 33.995, 34.34, 34.552, 34.179, 33.838, 34.06, 33.658, 32.942, 33.073, 33.413, 33.107, 32.625, 32.701, 33.075, 33.207, 33.203, 33.276, 33.391, 33.492, 33.702, 33.921, 33.975, 34.314, 35.088, 35.355, 35.007, 34.15, 33.656, 33.917, 33.932, 33.24, 32.68, 32.558, 32.846, 33.004, 32.917, 33.327, 34.15, 34.439, 34.106, 34.021, 33.972, 27.609], [27.623, 25.86, 23.913, 22.621, 21.144, 20.11, 19.184, 16.769, 13.165, 9.269, 5.136, 0.0, 5.56, 9.953, 12.842, 16.136, 19.864, 22.141, 22.85, 23.448, 25.01, 26.503, 27.318, 27.48, 28.035, 28.958, 29.703, 30.407, 31.021, 31.473, 32.166, 32.316, 31.922, 32.289, 33.099, 33.378, 33.237, 33.101, 33.068, 33.454, 34.251, 34.441, 34.19, 34.61, 34.521, 33.741, 33.284, 33.01, 33.029, 33.23, 33.485, 33.924, 34.542, 35.112, 35.553, 35.796, 35.611, 35.221, 34.948, 35.166, 35.441, 35.412, 35.257, 34.891, 34.769, 35.116, 35.06, 34.421, 34.047, 33.772, 33.433, 33.293, 33.143, 32.853, 32.681, 32.451, 32.347, 32.235, 32.042, 32.003, 32.416, 32.894, 32.728, 32.607, 33.447, 34.433, 34.95, 35.704, 36.695, 37.596, 38.622, 39.159, 38.838, 38.372, 38.582, 38.877, 38.659, 38.144, 37.965, 38.247, 39.142, 39.506, 39.0, 38.548, 38.002, 36.707, 36.305, 37.403, 37.932, 37.082, 36.216, 36.226, 36.736, 36.512, 34.89, 33.305, 33.04, 33.096, 32.849, 32.392, 32.351, 32.581, 32.501, 32.508, 32.547, 32.667, 33.181, 34.049, 34.654, 34.652, 34.194, 33.806, 34.011, 33.759, 32.944, 32.979, 34.002, 34.668, 34.602, 34.707, 35.821, 37.441, 38.517, 38.145, 36.585, 35.523, 35.309, 35.211, 35.442, 36.467, 37.524, 37.907, 37.606, 37.189, 37.085, 37.099, 37.071, 36.783, 36.268, 35.492, 34.803, 34.342, 33.962, 33.801, 34.128, 34.341, 33.961, 33.585, 33.757, 33.311, 32.571, 32.709, 33.048, 32.739, 32.283, 32.399, 32.794, 32.927, 32.935, 33.05, 33.215, 33.355, 33.582, 33.769, 33.758, 34.086, 34.907, 35.185, 34.829, 33.969, 33.465, 33.725, 33.744, 33.045, 32.487, 32.37, 32.661, 32.818, 32.725, 33.128, 33.967, 34.272, 33.941, 33.863, 33.819, 28.169], [28.151, 26.484, 24.704, 23.584, 22.267, 21.325, 20.467, 18.308, 15.232, 12.298, 9.581, 5.56, 0.0, 5.604, 9.855, 13.823, 17.766, 20.176, 20.984, 21.826, 23.738, 25.514, 26.446, 26.622, 27.227, 28.226, 29.002, 29.724, 30.392, 30.919, 31.704, 31.903, 31.507, 31.872, 32.718, 33.034, 32.899, 32.781, 32.817, 33.246, 34.017, 34.138, 33.834, 34.244, 34.169, 33.394, 32.929, 32.662, 32.681, 32.872, 33.135, 33.584, 34.2, 34.782, 35.262, 35.529, 35.345, 34.976, 34.738, 34.96, 35.247, 35.236, 35.078, 34.698, 34.54, 34.862, 34.814, 34.179, 33.8, 33.52, 33.186, 33.067, 32.938, 32.66, 32.487, 32.243, 32.122, 31.994, 31.796, 31.768, 32.244, 32.773, 32.611, 32.523, 33.458, 34.516, 35.041, 35.782, 36.783, 37.731, 38.821, 39.389, 39.049, 38.504, 38.647, 38.929, 38.724, 38.209, 38.038, 38.368, 39.304, 39.669, 39.149, 38.68, 38.124, 36.807, 36.372, 37.468, 38.015, 37.146, 36.25, 36.262, 36.771, 36.541, 34.914, 33.299, 33.02, 33.065, 32.819, 32.367, 32.328, 32.566, 32.47, 32.469, 32.536, 32.679, 33.195, 34.069, 34.671, 34.67, 34.228, 33.858, 34.062, 33.793, 32.968, 33.0, 34.029, 34.701, 34.641, 34.741, 35.839, 37.439, 38.503, 38.121, 36.552, 35.482, 35.242, 35.123, 35.361, 36.416, 37.499, 37.888, 37.598, 37.21, 37.134, 37.146, 37.095, 36.805, 36.298, 35.51, 34.798, 34.353, 33.985, 33.771, 34.059, 34.269, 33.873, 33.442, 33.571, 33.12, 32.37, 32.512, 32.855, 32.548, 32.118, 32.251, 32.637, 32.772, 32.814, 32.959, 33.153, 33.337, 33.574, 33.694, 33.59, 33.869, 34.695, 34.989, 34.654, 33.823, 33.338, 33.59, 33.589, 32.892, 32.374, 32.273, 32.566, 32.727, 32.633, 33.049, 33.924, 34.249, 33.934, 33.878, 33.837, 28.648], [28.819, 27.313, 25.778, 24.851, 23.693, 22.866, 22.102, 20.195, 17.52, 14.978, 12.812, 9.953, 5.604, 0.0, 5.779, 11.469, 16.094, 18.619, 19.555, 20.778, 23.081, 25.108, 26.132, 26.288, 26.897, 27.942, 28.711, 29.433, 30.175, 30.779, 31.623, 31.867, 31.496, 31.843, 32.681, 33.01, 32.869, 32.759, 32.871, 33.355, 34.085, 34.095, 33.694, 34.076, 34.019, 33.265, 32.789, 32.513, 32.521, 32.697, 32.955, 33.364, 33.925, 34.5, 35.024, 35.314, 35.143, 34.842, 34.723, 35.038, 35.391, 35.42, 35.276, 34.902, 34.721, 34.997, 34.943, 34.336, 33.975, 33.691, 33.341, 33.205, 33.103, 32.907, 32.788, 32.553, 32.421, 32.284, 32.105, 32.111, 32.592, 33.107, 32.946, 32.859, 33.779, 34.833, 35.351, 36.059, 37.009, 37.931, 39.028, 39.611, 39.247, 38.614, 38.675, 38.938, 38.746, 38.236, 38.074, 38.433, 39.376, 39.729, 39.21, 38.741, 38.186, 36.897, 36.487, 37.566, 38.099, 37.258, 36.408, 36.432, 36.899, 36.668, 35.125, 33.615, 33.373, 33.409, 33.191, 32.805, 32.797, 33.041, 32.943, 32.926, 33.004, 33.156, 33.638, 34.465, 35.047, 35.059, 34.649, 34.302, 34.506, 34.256, 33.458, 33.468, 34.445, 35.08, 35.017, 35.1, 36.122, 37.643, 38.665, 38.291, 36.781, 35.752, 35.497, 35.371, 35.614, 36.649, 37.706, 38.08, 37.794, 37.413, 37.349, 37.371, 37.311, 37.039, 36.57, 35.799, 35.085, 34.669, 34.347, 34.105, 34.332, 34.517, 34.123, 33.678, 33.789, 33.358, 32.628, 32.771, 33.113, 32.817, 32.407, 32.544, 32.909, 33.043, 33.107, 33.237, 33.381, 33.542, 33.749, 33.813, 33.679, 33.955, 34.762, 35.074, 34.786, 34.019, 33.589, 33.84, 33.817, 33.148, 32.691, 32.603, 32.885, 33.038, 32.928, 33.315, 34.164, 34.483, 34.198, 34.169, 34.126, 29.273], [29.575, 28.231, 26.859, 25.998, 24.94, 24.224, 23.565, 21.851, 19.471, 17.211, 15.198, 12.842, 9.855, 5.779, 0.0, 7.31, 13.397, 16.5, 17.619, 19.26, 21.994, 24.273, 25.419, 25.586, 26.224, 27.333, 28.1, 28.831, 29.69, 30.403, 31.299, 31.599, 31.296, 31.687, 32.556, 32.9, 32.758, 32.659, 32.823, 33.374, 34.152, 34.207, 33.814, 34.181, 34.123, 33.376, 32.889, 32.613, 32.619, 32.754, 32.952, 33.31, 33.838, 34.403, 34.924, 35.22, 35.06, 34.757, 34.635, 34.967, 35.346, 35.383, 35.241, 34.88, 34.711, 34.976, 34.911, 34.307, 33.942, 33.644, 33.273, 33.114, 33.021, 32.891, 32.832, 32.595, 32.446, 32.311, 32.147, 32.149, 32.601, 33.101, 32.944, 32.869, 33.787, 34.826, 35.345, 36.092, 37.065, 37.969, 39.046, 39.625, 39.253, 38.588, 38.624, 38.886, 38.698, 38.188, 38.029, 38.39, 39.302, 39.623, 39.102, 38.64, 38.097, 36.858, 36.515, 37.609, 38.122, 37.289, 36.479, 36.527, 36.962, 36.682, 35.123, 33.654, 33.454, 33.493, 33.273, 32.904, 32.907, 33.144, 33.044, 33.022, 33.107, 33.254, 33.701, 34.489, 35.063, 35.081, 34.677, 34.332, 34.537, 34.301, 33.511, 33.498, 34.423, 35.022, 34.952, 35.044, 36.048, 37.525, 38.519, 38.144, 36.663, 35.663, 35.407, 35.293, 35.569, 36.634, 37.689, 38.046, 37.746, 37.365, 37.308, 37.328, 37.26, 37.001, 36.544, 35.765, 35.058, 34.682, 34.399, 34.144, 34.331, 34.499, 34.123, 33.706, 33.826, 33.394, 32.649, 32.788, 33.162, 32.895, 32.492, 32.638, 33.015, 33.148, 33.211, 33.347, 33.472, 33.601, 33.784, 33.825, 33.673, 33.955, 34.757, 35.07, 34.798, 34.064, 33.66, 33.901, 33.861, 33.201, 32.758, 32.653, 32.91, 33.052, 32.93, 33.289, 34.102, 34.399, 34.129, 34.116, 34.071, 29.983], [30.699, 29.504, 28.203, 27.367, 26.427, 25.803, 25.214, 23.677, 21.625, 19.851, 18.288, 16.136, 13.823, 11.469, 7.31, 0.0, 7.56, 11.985, 13.598, 15.792, 19.25, 22.02, 23.399, 23.665, 24.501, 25.828, 26.682, 27.489, 28.539, 29.444, 30.471, 30.866, 30.636, 31.104, 32.053, 32.444, 32.337, 32.273, 32.478, 33.102, 34.001, 34.241, 33.984, 34.363, 34.288, 33.546, 33.087, 32.859, 32.897, 33.001, 33.146, 33.496, 34.046, 34.638, 35.155, 35.452, 35.286, 34.899, 34.613, 34.8, 35.105, 35.103, 34.948, 34.577, 34.403, 34.699, 34.643, 34.015, 33.62, 33.292, 32.917, 32.775, 32.684, 32.532, 32.423, 32.123, 31.947, 31.822, 31.655, 31.619, 32.111, 32.704, 32.554, 32.494, 33.509, 34.614, 35.136, 35.949, 37.033, 37.976, 39.035, 39.605, 39.262, 38.639, 38.702, 38.978, 38.792, 38.276, 38.118, 38.485, 39.379, 39.678, 39.149, 38.682, 38.138, 36.903, 36.574, 37.691, 38.198, 37.322, 36.496, 36.555, 36.984, 36.63, 34.904, 33.286, 33.072, 33.11, 32.837, 32.396, 32.369, 32.59, 32.485, 32.475, 32.57, 32.71, 33.153, 33.945, 34.525, 34.538, 34.112, 33.753, 33.967, 33.721, 32.922, 32.948, 33.891, 34.497, 34.422, 34.536, 35.615, 37.145, 38.156, 37.755, 36.209, 35.179, 34.928, 34.84, 35.183, 36.367, 37.5, 37.867, 37.553, 37.183, 37.14, 37.133, 37.025, 36.739, 36.25, 35.407, 34.671, 34.307, 34.03, 33.769, 33.972, 34.169, 33.807, 33.4, 33.54, 33.093, 32.293, 32.432, 32.872, 32.658, 32.266, 32.426, 32.839, 32.983, 33.051, 33.254, 33.469, 33.648, 33.863, 33.88, 33.607, 33.753, 34.504, 34.801, 34.519, 33.783, 33.357, 33.565, 33.503, 32.831, 32.364, 32.219, 32.45, 32.578, 32.435, 32.794, 33.631, 33.929, 33.65, 33.656, 33.626, 31.029], [32.148, 31.054, 29.802, 29.045, 28.236, 27.674, 27.154, 25.827, 24.12, 22.773, 21.681, 19.864, 17.766, 16.094, 13.397, 7.56, 0.0, 5.763, 8.713, 12.09, 16.225, 19.348, 20.965, 21.427, 22.598, 24.245, 25.244, 26.157, 27.401, 28.527, 29.734, 30.24, 30.073, 30.593, 31.595, 32.04, 31.997, 31.976, 32.234, 32.924, 33.901, 34.264, 34.112, 34.496, 34.403, 33.679, 33.29, 33.141, 33.212, 33.315, 33.462, 33.82, 34.39, 35.022, 35.572, 35.871, 35.681, 35.24, 34.856, 34.927, 35.155, 35.12, 34.953, 34.559, 34.368, 34.695, 34.637, 34.0, 33.618, 33.28, 32.911, 32.803, 32.719, 32.513, 32.3, 31.928, 31.74, 31.629, 31.46, 31.398, 31.94, 32.605, 32.452, 32.404, 33.511, 34.684, 35.181, 35.995, 37.136, 38.114, 39.164, 39.725, 39.423, 38.877, 38.976, 39.256, 39.071, 38.562, 38.407, 38.793, 39.697, 40.002, 39.482, 39.017, 38.468, 37.224, 36.88, 37.994, 38.486, 37.57, 36.722, 36.768, 37.176, 36.789, 34.946, 33.167, 32.891, 32.913, 32.594, 32.087, 32.03, 32.253, 32.158, 32.148, 32.239, 32.384, 32.835, 33.636, 34.223, 34.229, 33.777, 33.409, 33.641, 33.39, 32.59, 32.652, 33.625, 34.246, 34.179, 34.315, 35.465, 37.065, 38.117, 37.71, 36.098, 35.037, 34.807, 34.724, 35.054, 36.285, 37.471, 37.861, 37.564, 37.21, 37.167, 37.138, 36.99, 36.674, 36.164, 35.295, 34.525, 34.128, 33.837, 33.6, 33.856, 34.097, 33.735, 33.311, 33.451, 32.992, 32.159, 32.296, 32.772, 32.608, 32.243, 32.393, 32.802, 32.956, 33.043, 33.31, 33.637, 33.913, 34.181, 34.183, 33.794, 33.763, 34.436, 34.736, 34.452, 33.705, 33.259, 33.447, 33.378, 32.715, 32.247, 32.088, 32.32, 32.449, 32.273, 32.61, 33.474, 33.786, 33.495, 33.523, 33.52, 32.4], [33.028, 31.988, 30.827, 30.178, 29.481, 28.981, 28.515, 27.328, 25.823, 24.656, 23.743, 22.141, 20.176, 18.619, 16.5, 11.985, 5.763, 0.0, 4.814, 10.396, 15.048, 18.031, 19.64, 20.258, 21.646, 23.475, 24.588, 25.584, 26.944, 28.209, 29.528, 30.119, 29.998, 30.52, 31.53, 32.013, 32.0, 31.997, 32.305, 33.061, 34.081, 34.465, 34.324, 34.719, 34.629, 33.921, 33.573, 33.476, 33.561, 33.664, 33.814, 34.152, 34.705, 35.354, 35.929, 36.229, 36.024, 35.569, 35.183, 35.243, 35.457, 35.42, 35.252, 34.85, 34.659, 34.992, 34.906, 34.263, 33.9, 33.555, 33.187, 33.112, 33.042, 32.81, 32.54, 32.143, 31.959, 31.865, 31.713, 31.654, 32.182, 32.844, 32.688, 32.633, 33.749, 34.935, 35.411, 36.195, 37.33, 38.329, 39.389, 39.943, 39.651, 39.135, 39.238, 39.505, 39.32, 38.826, 38.681, 39.082, 39.994, 40.303, 39.797, 39.338, 38.794, 37.565, 37.227, 38.329, 38.811, 37.886, 37.027, 37.062, 37.454, 37.063, 35.199, 33.401, 33.111, 33.123, 32.791, 32.267, 32.2, 32.438, 32.354, 32.324, 32.395, 32.542, 33.0, 33.801, 34.396, 34.415, 33.957, 33.578, 33.81, 33.562, 32.758, 32.804, 33.764, 34.377, 34.313, 34.454, 35.61, 37.221, 38.284, 37.887, 36.275, 35.223, 35.003, 34.897, 35.175, 36.373, 37.547, 37.927, 37.638, 37.294, 37.247, 37.205, 37.041, 36.719, 36.212, 35.369, 34.613, 34.216, 33.933, 33.725, 34.011, 34.272, 33.929, 33.512, 33.637, 33.163, 32.32, 32.442, 32.911, 32.778, 32.445, 32.582, 32.963, 33.105, 33.196, 33.474, 33.825, 34.136, 34.43, 34.444, 34.037, 33.958, 34.607, 34.912, 34.634, 33.907, 33.476, 33.66, 33.575, 32.917, 32.47, 32.331, 32.571, 32.697, 32.508, 32.815, 33.659, 33.974, 33.694, 33.744, 33.758, 33.247], [33.076, 32.036, 30.886, 30.282, 29.677, 29.257, 28.824, 27.695, 26.289, 25.213, 24.37, 22.85, 20.984, 19.555, 17.619, 13.598, 8.713, 4.814, 0.0, 7.301, 13.233, 16.796, 18.51, 19.079, 20.548, 22.534, 23.762, 24.837, 26.307, 27.67, 29.065, 29.724, 29.605, 30.093, 31.119, 31.645, 31.649, 31.653, 31.996, 32.804, 33.869, 34.279, 34.143, 34.562, 34.502, 33.823, 33.502, 33.425, 33.52, 33.635, 33.804, 34.152, 34.704, 35.36, 35.944, 36.245, 36.042, 35.593, 35.229, 35.318, 35.538, 35.497, 35.326, 34.922, 34.72, 35.043, 34.954, 34.307, 33.943, 33.594, 33.22, 33.148, 33.065, 32.792, 32.494, 32.104, 31.93, 31.84, 31.71, 31.668, 32.191, 32.869, 32.721, 32.63, 33.707, 34.902, 35.386, 36.147, 37.28, 38.315, 39.41, 39.964, 39.657, 39.115, 39.194, 39.45, 39.267, 38.773, 38.631, 39.047, 39.972, 40.279, 39.769, 39.304, 38.755, 37.521, 37.183, 38.292, 38.787, 37.873, 37.024, 37.078, 37.474, 37.066, 35.18, 33.387, 33.095, 33.099, 32.762, 32.241, 32.191, 32.443, 32.369, 32.345, 32.411, 32.56, 33.041, 33.865, 34.475, 34.498, 34.039, 33.657, 33.881, 33.617, 32.802, 32.84, 33.791, 34.4, 34.333, 34.466, 35.61, 37.216, 38.274, 37.874, 36.266, 35.221, 35.003, 34.893, 35.164, 36.351, 37.515, 37.88, 37.583, 37.241, 37.193, 37.138, 36.951, 36.613, 36.109, 35.269, 34.508, 34.11, 33.821, 33.605, 33.887, 34.147, 33.809, 33.396, 33.519, 33.034, 32.203, 32.345, 32.819, 32.694, 32.378, 32.524, 32.901, 33.041, 33.132, 33.391, 33.716, 34.026, 34.337, 34.357, 33.962, 33.917, 34.594, 34.897, 34.611, 33.888, 33.469, 33.655, 33.554, 32.878, 32.433, 32.314, 32.565, 32.679, 32.48, 32.79, 33.629, 33.939, 33.661, 33.715, 33.73, 33.288], [32.789, 31.706, 30.487, 29.854, 29.314, 29.018, 28.688, 27.667, 26.416, 25.516, 24.823, 23.448, 21.826, 20.778, 19.26, 15.792, 12.09, 10.396, 7.301, 0.0, 7.548, 13.105, 15.729, 16.106, 17.578, 19.917, 21.322, 22.448, 24.067, 25.617, 27.19, 27.93, 27.809, 28.389, 29.555, 30.163, 30.197, 30.201, 30.578, 31.452, 32.598, 33.148, 33.134, 33.583, 33.541, 32.991, 32.841, 32.812, 32.919, 33.101, 33.373, 33.832, 34.447, 35.122, 35.708, 36.008, 35.809, 35.374, 35.002, 35.068, 35.264, 35.204, 35.041, 34.637, 34.415, 34.737, 34.66, 33.99, 33.592, 33.22, 32.825, 32.754, 32.657, 32.327, 31.995, 31.596, 31.426, 31.349, 31.221, 31.162, 31.743, 32.493, 32.347, 32.23, 33.328, 34.581, 35.073, 35.809, 36.971, 38.07, 39.215, 39.784, 39.473, 38.924, 39.0, 39.25, 39.055, 38.539, 38.393, 38.832, 39.805, 40.143, 39.627, 39.154, 38.597, 37.295, 36.885, 38.026, 38.574, 37.657, 36.78, 36.851, 37.276, 36.807, 34.798, 32.88, 32.512, 32.49, 32.13, 31.603, 31.619, 31.917, 31.855, 31.867, 31.938, 32.094, 32.624, 33.493, 34.101, 34.086, 33.605, 33.234, 33.465, 33.173, 32.336, 32.394, 33.382, 34.027, 33.968, 34.112, 35.294, 36.949, 38.056, 37.667, 35.996, 34.875, 34.639, 34.542, 34.821, 36.014, 37.191, 37.576, 37.289, 36.936, 36.868, 36.809, 36.607, 36.244, 35.738, 34.891, 34.097, 33.644, 33.307, 33.082, 33.382, 33.639, 33.27, 32.836, 32.96, 32.45, 31.657, 31.896, 32.404, 32.246, 31.904, 32.056, 32.448, 32.597, 32.694, 32.962, 33.307, 33.641, 33.962, 33.969, 33.56, 33.541, 34.273, 34.586, 34.271, 33.501, 33.064, 33.272, 33.177, 32.465, 31.982, 31.865, 32.142, 32.257, 32.031, 32.363, 33.253, 33.577, 33.279, 33.314, 33.316, 33.002], [33.117, 32.007, 30.79, 30.168, 29.67, 29.487, 29.336, 28.516, 27.463, 26.733, 26.184, 25.01, 23.738, 23.081, 21.994, 19.25, 16.225, 15.048, 13.233, 7.548, 0.0, 7.402, 11.666, 12.399, 13.841, 16.489, 18.182, 19.36, 21.067, 22.837, 24.666, 25.553, 25.612, 26.531, 27.924, 28.589, 28.63, 28.641, 29.057, 30.04, 31.385, 32.222, 32.454, 32.952, 32.862, 32.42, 32.504, 32.558, 32.639, 32.845, 33.198, 33.743, 34.409, 35.091, 35.657, 35.949, 35.746, 35.303, 34.896, 34.896, 35.035, 34.952, 34.803, 34.403, 34.192, 34.548, 34.468, 33.739, 33.265, 32.832, 32.423, 32.405, 32.328, 31.952, 31.591, 31.161, 30.991, 30.943, 30.817, 30.745, 31.4, 32.199, 32.045, 31.951, 33.131, 34.442, 34.923, 35.651, 36.857, 38.003, 39.183, 39.768, 39.479, 38.989, 39.115, 39.357, 39.138, 38.611, 38.457, 38.9, 39.915, 40.289, 39.78, 39.323, 38.778, 37.431, 36.982, 38.167, 38.746, 37.795, 36.868, 36.917, 37.345, 36.83, 34.709, 32.611, 32.114, 32.057, 31.65, 31.093, 31.178, 31.542, 31.473, 31.458, 31.51, 31.679, 32.244, 33.111, 33.699, 33.659, 33.152, 32.784, 33.038, 32.727, 31.845, 31.883, 32.884, 33.553, 33.498, 33.683, 34.942, 36.672, 37.846, 37.469, 35.719, 34.509, 34.231, 34.106, 34.39, 35.614, 36.812, 37.227, 36.989, 36.655, 36.569, 36.508, 36.319, 35.948, 35.421, 34.567, 33.762, 33.263, 32.899, 32.736, 33.11, 33.378, 33.001, 32.586, 32.723, 32.196, 31.414, 31.706, 32.224, 32.036, 31.664, 31.799, 32.197, 32.352, 32.444, 32.749, 33.176, 33.548, 33.853, 33.85, 33.401, 33.343, 34.106, 34.424, 34.072, 33.245, 32.764, 32.981, 32.901, 32.157, 31.625, 31.5, 31.819, 31.96, 31.703, 32.006, 32.92, 33.258, 32.94, 32.967, 32.964, 33.314], [33.597, 32.527, 31.392, 30.837, 30.398, 30.313, 30.307, 29.625, 28.661, 27.987, 27.508, 26.503, 25.514, 25.108, 24.273, 22.02, 19.348, 18.031, 16.796, 13.105, 7.402, 0.0, 5.918, 8.642, 10.944, 13.588, 15.56, 17.05, 18.941, 20.946, 23.09, 24.185, 24.41, 25.568, 27.086, 27.754, 27.811, 27.895, 28.393, 29.523, 31.114, 32.187, 32.594, 33.169, 33.035, 32.515, 32.634, 32.738, 32.768, 32.911, 33.244, 33.772, 34.41, 35.057, 35.583, 35.866, 35.656, 35.182, 34.729, 34.679, 34.775, 34.674, 34.529, 34.143, 33.966, 34.365, 34.272, 33.49, 32.976, 32.503, 32.098, 32.134, 32.083, 31.696, 31.351, 30.922, 30.745, 30.711, 30.601, 30.536, 31.206, 31.995, 31.825, 31.754, 32.973, 34.299, 34.791, 35.572, 36.83, 37.995, 39.178, 39.751, 39.475, 39.065, 39.284, 39.548, 39.32, 38.801, 38.636, 39.047, 40.083, 40.493, 39.997, 39.557, 39.011, 37.631, 37.185, 38.396, 38.966, 37.958, 36.968, 36.961, 37.384, 36.894, 34.755, 32.551, 31.98, 31.932, 31.493, 30.873, 30.941, 31.33, 31.257, 31.18, 31.189, 31.373, 31.969, 32.853, 33.459, 33.434, 32.916, 32.524, 32.775, 32.44, 31.501, 31.501, 32.509, 33.194, 33.135, 33.316, 34.607, 36.378, 37.564, 37.174, 35.392, 34.174, 33.872, 33.676, 33.943, 35.211, 36.421, 36.827, 36.604, 36.294, 36.21, 36.15, 35.984, 35.612, 35.058, 34.196, 33.409, 32.923, 32.579, 32.499, 32.953, 33.264, 32.92, 32.551, 32.704, 32.146, 31.317, 31.605, 32.123, 31.922, 31.531, 31.65, 32.058, 32.222, 32.299, 32.616, 33.089, 33.47, 33.764, 33.786, 33.32, 33.228, 34.004, 34.319, 33.931, 33.052, 32.534, 32.752, 32.674, 31.905, 31.338, 31.215, 31.579, 31.752, 31.476, 31.742, 32.659, 33.006, 32.69, 32.737, 32.743, 33.746], [33.772, 32.798, 31.761, 31.268, 30.895, 30.882, 30.92, 30.25, 29.283, 28.63, 28.214, 27.318, 26.446, 26.132, 25.419, 23.399, 20.965, 19.64, 18.51, 15.729, 11.666, 5.918, 0.0, 5.193, 9.375, 12.225, 14.166, 16.052, 18.329, 20.462, 22.698, 23.874, 24.11, 25.257, 26.756, 27.419, 27.508, 27.66, 28.246, 29.486, 31.179, 32.297, 32.734, 33.362, 33.238, 32.654, 32.731, 32.85, 32.873, 32.969, 33.264, 33.753, 34.342, 34.97, 35.512, 35.802, 35.58, 35.088, 34.644, 34.618, 34.721, 34.623, 34.483, 34.103, 33.938, 34.353, 34.266, 33.478, 32.961, 32.495, 32.112, 32.16, 32.11, 31.732, 31.406, 30.973, 30.771, 30.74, 30.645, 30.582, 31.257, 32.044, 31.874, 31.807, 33.002, 34.315, 34.826, 35.63, 36.884, 38.024, 39.185, 39.742, 39.453, 39.039, 39.272, 39.557, 39.34, 38.827, 38.657, 39.057, 40.097, 40.52, 40.025, 39.581, 39.016, 37.613, 37.15, 38.346, 38.919, 37.925, 36.91, 36.872, 37.324, 36.897, 34.827, 32.672, 32.11, 32.074, 31.634, 30.979, 30.996, 31.379, 31.322, 31.214, 31.189, 31.377, 31.994, 32.91, 33.552, 33.553, 33.052, 32.663, 32.902, 32.539, 31.574, 31.579, 32.587, 33.274, 33.208, 33.338, 34.587, 36.349, 37.517, 37.105, 35.343, 34.181, 33.893, 33.668, 33.914, 35.179, 36.375, 36.749, 36.493, 36.171, 36.088, 36.031, 35.868, 35.497, 34.938, 34.072, 33.295, 32.825, 32.48, 32.4, 32.855, 33.178, 32.853, 32.496, 32.656, 32.104, 31.267, 31.547, 32.084, 31.912, 31.538, 31.668, 32.089, 32.263, 32.339, 32.64, 33.087, 33.443, 33.737, 33.778, 33.319, 33.22, 33.98, 34.296, 33.917, 33.046, 32.541, 32.762, 32.669, 31.884, 31.32, 31.207, 31.569, 31.732, 31.447, 31.708, 32.619, 32.969, 32.675, 32.74, 32.749, 33.867], [33.606, 32.695, 31.725, 31.263, 30.918, 30.946, 30.985, 30.298, 29.337, 28.706, 28.329, 27.48, 26.622, 26.288, 25.586, 23.665, 21.427, 20.258, 19.079, 16.106, 12.399, 8.642, 5.193, 0.0, 5.69, 9.927, 12.251, 14.217, 16.857, 19.232, 21.536, 22.769, 23.076, 24.286, 25.841, 26.568, 26.698, 26.878, 27.558, 28.904, 30.61, 31.702, 32.149, 32.82, 32.743, 32.237, 32.378, 32.524, 32.602, 32.763, 33.094, 33.585, 34.169, 34.839, 35.45, 35.763, 35.537, 35.063, 34.66, 34.659, 34.759, 34.654, 34.504, 34.112, 33.94, 34.355, 34.275, 33.486, 32.951, 32.486, 32.115, 32.163, 32.105, 31.717, 31.368, 30.917, 30.723, 30.713, 30.618, 30.545, 31.234, 32.048, 31.882, 31.803, 32.993, 34.309, 34.813, 35.591, 36.821, 37.94, 39.107, 39.682, 39.377, 38.898, 39.073, 39.356, 39.153, 38.634, 38.465, 38.885, 39.933, 40.342, 39.829, 39.367, 38.786, 37.356, 36.847, 38.023, 38.615, 37.66, 36.657, 36.621, 37.092, 36.685, 34.641, 32.546, 32.014, 31.971, 31.534, 30.895, 30.924, 31.299, 31.252, 31.18, 31.162, 31.335, 31.946, 32.887, 33.56, 33.571, 33.075, 32.697, 32.945, 32.579, 31.613, 31.629, 32.637, 33.324, 33.257, 33.38, 34.626, 36.401, 37.577, 37.153, 35.375, 34.213, 33.931, 33.717, 33.97, 35.226, 36.414, 36.79, 36.527, 36.188, 36.088, 36.023, 35.847, 35.469, 34.921, 34.056, 33.266, 32.781, 32.416, 32.298, 32.728, 33.035, 32.686, 32.298, 32.457, 31.924, 31.104, 31.388, 31.93, 31.77, 31.421, 31.563, 31.98, 32.164, 32.258, 32.541, 32.935, 33.271, 33.573, 33.612, 33.171, 33.113, 33.893, 34.219, 33.858, 32.999, 32.503, 32.729, 32.625, 31.813, 31.245, 31.134, 31.471, 31.608, 31.319, 31.586, 32.511, 32.881, 32.593, 32.649, 32.653, 33.68], [33.764, 32.869, 31.991, 31.609, 31.297, 31.341, 31.396, 30.757, 29.851, 29.228, 28.843, 28.035, 27.227, 26.897, 26.224, 24.501, 22.598, 21.646, 20.548, 17.578, 13.841, 10.944, 9.375, 5.69, 0.0, 5.789, 9.403, 11.596, 14.356, 17.078, 19.68, 21.154, 21.714, 23.128, 24.818, 25.656, 25.873, 26.096, 26.851, 28.304, 30.057, 31.178, 31.687, 32.4, 32.356, 31.973, 32.241, 32.427, 32.549, 32.808, 33.226, 33.749, 34.329, 35.011, 35.641, 35.965, 35.753, 35.313, 34.924, 34.895, 34.956, 34.829, 34.669, 34.277, 34.111, 34.523, 34.439, 33.63, 33.063, 32.605, 32.258, 32.317, 32.269, 31.877, 31.511, 31.052, 30.89, 30.919, 30.827, 30.754, 31.412, 32.185, 32.008, 31.942, 33.144, 34.456, 34.939, 35.676, 36.868, 37.983, 39.17, 39.767, 39.467, 38.974, 39.119, 39.377, 39.167, 38.652, 38.496, 38.919, 39.966, 40.378, 39.868, 39.408, 38.839, 37.414, 36.872, 38.026, 38.641, 37.723, 36.718, 36.641, 37.097, 36.717, 34.711, 32.626, 32.078, 32.017, 31.589, 30.989, 31.068, 31.447, 31.397, 31.357, 31.353, 31.509, 32.102, 33.023, 33.692, 33.711, 33.232, 32.875, 33.135, 32.784, 31.836, 31.845, 32.851, 33.537