[[0.0, 7.968, 17.365, 20.935, 21.88, 26.006, 29.23, 30.436, 31.011, 31.366, 31.547, 31.336, 31.354, 32.355, 34.2, 35.889, 36.683, 36.614, 36.284, 36.239, 36.07, 35.72, 35.093, 35.13, 36.664, 37.227, 36.713, 37.805, 40.234, 41.45, 41.343, 40.795, 40.646, 40.733, 40.782, 40.971, 41.196, 41.162, 41.12, 41.553, 42.414, 42.93, 42.67, 41.894, 41.227, 40.771, 40.614, 40.972, 40.732, 38.466, 36.731, 37.636, 38.288, 38.373, 39.287, 39.947, 39.538, 38.105, 36.415, 35.846, 35.971, 36.031, 35.885, 35.836, 36.137, 36.478, 36.809, 37.279, 37.939, 38.734, 39.505, 40.014, 40.406, 40.464, 40.378, 40.086, 39.519, 38.974, 38.826, 39.014, 39.194, 39.456, 39.233, 38.613, 37.779, 37.019, 36.585, 36.203, 35.646, 35.093, 35.513, 36.437, 36.831, 37.058, 37.58, 37.644, 37.344, 37.061, 37.126, 37.186, 36.647, 36.249, 36.418, 36.501, 36.161, 36.147, 36.497, 36.621, 36.362, 36.407, 36.781, 36.723, 36.291, 36.231, 36.562, 36.462, 36.242, 36.446, 36.327, 35.127, 34.592, 35.825, 37.732, 38.27, 38.458, 38.965, 39.117, 39.396, 39.542, 39.42, 39.727, 40.138, 39.725, 38.713, 37.917, 37.784, 37.885, 38.011, 38.004, 37.785, 37.641, 37.658, 37.507, 37.686, 38.18, 7.371], [7.968, 0.0, 11.382, 16.327, 17.326, 21.927, 25.848, 27.307, 28.003, 28.465, 28.725, 28.523, 28.619, 29.984, 32.335, 34.368, 35.306, 35.187, 34.744, 34.686, 34.519, 34.139, 33.43, 33.457, 35.196, 35.825, 35.321, 36.716, 39.533, 40.905, 40.795, 40.184, 40.012, 40.12, 40.201, 40.42, 40.671, 40.649, 40.593, 41.032, 41.957, 42.518, 42.235, 41.39, 40.662, 40.174, 40.018, 40.416, 40.125, 37.462, 35.305, 36.294, 37.03, 37.1, 38.088, 38.788, 38.361, 36.854, 34.975, 34.326, 34.451, 34.473, 34.255, 34.214, 34.626, 35.075, 35.473, 36.042, 36.831, 37.738, 38.61, 39.223, 39.727, 39.827, 39.706, 39.367, 38.773, 38.212, 38.049, 38.229, 38.435, 38.743, 38.504, 37.814, 36.885, 36.021, 35.466, 34.979, 34.359, 33.774, 34.218, 35.153, 35.495, 35.72, 36.295, 36.367, 36.026, 35.749, 35.878, 35.95, 35.335, 34.899, 35.16, 35.298, 34.891, 34.839, 35.242, 35.395, 35.115, 35.186, 35.626, 35.568, 35.097, 35.073, 35.455, 35.279, 34.973, 35.21, 35.094, 33.694, 33.008, 34.487, 36.776, 37.462, 37.701, 38.227, 38.39, 38.706, 38.852, 38.709, 39.066, 39.537, 39.101, 37.99, 37.093, 36.934, 37.041, 37.174, 37.129, 36.878, 36.773, 36.823, 36.628, 36.81, 37.413, 11.628], [17.365, 11.382, 0.0, 7.218, 10.228, 16.614, 21.578, 23.397, 24.32, 25.125, 25.642, 25.522, 25.737, 27.537, 30.509, 32.982, 34.122, 34.055, 33.633, 33.647, 33.532, 33.199, 32.548, 32.715, 34.592, 35.247, 34.845, 36.45, 39.406, 40.825, 40.71, 40.064, 39.892, 40.025, 40.125, 40.352, 40.623, 40.625, 40.574, 41.012, 41.951, 42.506, 42.216, 41.383, 40.649, 40.14, 39.994, 40.414, 40.048, 37.137, 34.772, 35.794, 36.542, 36.588, 37.598, 38.303, 37.874, 36.366, 34.422, 33.748, 33.879, 33.889, 33.639, 33.61, 34.085, 34.569, 34.987, 35.615, 36.466, 37.402, 38.302, 38.944, 39.447, 39.502, 39.331, 38.988, 38.431, 37.912, 37.75, 37.916, 38.131, 38.463, 38.216, 37.492, 36.536, 35.652, 35.042, 34.506, 33.893, 33.34, 33.758, 34.625, 34.919, 35.132, 35.707, 35.802, 35.447, 35.158, 35.342, 35.462, 34.866, 34.426, 34.716, 34.904, 34.496, 34.406, 34.813, 34.995, 34.729, 34.79, 35.203, 35.114, 34.649, 34.67, 35.089, 34.922, 34.631, 34.879, 34.779, 33.361, 32.628, 34.05, 36.359, 37.054, 37.263, 37.765, 37.925, 38.277, 38.451, 38.314, 38.715, 39.259, 38.868, 37.762, 36.849, 36.737, 36.895, 37.042, 36.953, 36.679, 36.614, 36.709, 36.527, 36.724, 37.353, 19.382], [20.935, 16.327, 7.218, 0.0, 6.632, 15.295, 20.647, 22.436, 23.382, 24.368, 25.023, 24.955, 25.251, 27.196, 30.339, 32.926, 34.132, 34.127, 33.766, 33.827, 33.773, 33.518, 32.958, 33.132, 34.88, 35.519, 35.194, 36.748, 39.578, 40.953, 40.84, 40.21, 40.058, 40.204, 40.3, 40.511, 40.774, 40.779, 40.728, 41.15, 42.055, 42.591, 42.313, 41.512, 40.814, 40.332, 40.192, 40.582, 40.21, 37.455, 35.307, 36.323, 37.024, 37.059, 38.054, 38.757, 38.335, 36.856, 34.926, 34.228, 34.351, 34.392, 34.193, 34.172, 34.604, 35.039, 35.42, 36.017, 36.819, 37.695, 38.543, 39.126, 39.55, 39.566, 39.396, 39.07, 38.546, 38.068, 37.923, 38.083, 38.286, 38.611, 38.379, 37.679, 36.765, 35.967, 35.454, 34.988, 34.402, 33.836, 34.215, 35.078, 35.437, 35.699, 36.236, 36.321, 35.972, 35.655, 35.835, 35.986, 35.434, 34.991, 35.23, 35.413, 35.039, 34.947, 35.314, 35.475, 35.222, 35.283, 35.673, 35.589, 35.148, 35.163, 35.577, 35.45, 35.195, 35.427, 35.358, 34.069, 33.397, 34.671, 36.838, 37.512, 37.72, 38.202, 38.361, 38.725, 38.921, 38.803, 39.202, 39.736, 39.358, 38.265, 37.329, 37.186, 37.336, 37.479, 37.391, 37.124, 37.067, 37.17, 37.0, 37.166, 37.731, 22.987], [21.88, 17.326, 10.228, 6.632, 0.0, 10.656, 17.445, 19.726, 20.871, 22.121, 23.021, 23.027, 23.456, 25.761, 29.233, 32.005, 33.319, 33.344, 32.96, 33.026, 33.016, 32.798, 32.266, 32.545, 34.483, 35.191, 34.849, 36.477, 39.43, 40.904, 40.86, 40.245, 40.055, 40.183, 40.297, 40.528, 40.803, 40.803, 40.738, 41.169, 42.118, 42.679, 42.388, 41.553, 40.819, 40.303, 40.136, 40.522, 40.142, 37.242, 34.836, 35.793, 36.536, 36.567, 37.536, 38.228, 37.82, 36.349, 34.396, 33.727, 33.895, 33.92, 33.676, 33.66, 34.154, 34.65, 35.061, 35.691, 36.559, 37.489, 38.367, 38.973, 39.461, 39.543, 39.372, 39.016, 38.488, 38.014, 37.867, 38.018, 38.213, 38.534, 38.3, 37.592, 36.64, 35.779, 35.201, 34.705, 34.126, 33.557, 33.917, 34.764, 35.092, 35.331, 35.885, 35.982, 35.599, 35.255, 35.472, 35.659, 35.107, 34.664, 34.934, 35.137, 34.751, 34.654, 35.027, 35.185, 34.911, 34.977, 35.41, 35.35, 34.925, 34.985, 35.409, 35.237, 34.965, 35.252, 35.214, 33.867, 33.103, 34.47, 36.812, 37.596, 37.856, 38.35, 38.516, 38.891, 39.084, 38.961, 39.359, 39.873, 39.455, 38.331, 37.366, 37.226, 37.388, 37.545, 37.457, 37.175, 37.103, 37.189, 36.988, 37.144, 37.742, 23.979], [26.006, 21.927, 16.614, 15.295, 10.656, 0.0, 8.834, 12.892, 15.189, 17.446, 19.186, 19.614, 20.174, 22.865, 26.895, 30.115, 31.8, 32.083, 31.836, 31.992, 32.063, 31.921, 31.589, 32.255, 34.502, 35.323, 34.977, 36.603, 39.552, 41.08, 41.149, 40.625, 40.428, 40.549, 40.685, 40.925, 41.192, 41.18, 41.096, 41.506, 42.455, 43.001, 42.672, 41.813, 41.051, 40.496, 40.308, 40.722, 40.411, 37.481, 34.772, 35.558, 36.365, 36.41, 37.31, 37.961, 37.581, 36.193, 34.377, 33.84, 34.065, 34.038, 33.702, 33.717, 34.317, 34.899, 35.358, 36.022, 36.955, 37.939, 38.825, 39.462, 40.052, 40.207, 39.997, 39.59, 39.085, 38.648, 38.489, 38.598, 38.746, 39.001, 38.754, 38.1, 37.146, 36.16, 35.454, 34.953, 34.455, 33.934, 34.211, 34.901, 35.088, 35.236, 35.808, 35.941, 35.55, 35.166, 35.372, 35.618, 35.16, 34.786, 35.093, 35.32, 34.936, 34.799, 35.141, 35.31, 35.064, 35.139, 35.583, 35.562, 35.236, 35.409, 35.817, 35.598, 35.34, 35.664, 35.59, 34.192, 33.408, 34.809, 37.19, 38.042, 38.311, 38.754, 38.885, 39.225, 39.392, 39.236, 39.574, 40.057, 39.651, 38.612, 37.779, 37.767, 38.027, 38.26, 38.212, 37.944, 37.862, 37.925, 37.713, 37.895, 38.521, 27.432], [29.23, 25.848, 21.578, 20.647, 17.445, 8.834, 0.0, 6.074, 10.437, 14.116, 16.747, 17.728, 18.4, 21.071, 25.301, 28.787, 30.764, 31.34, 31.316, 31.573, 31.683, 31.589, 31.423, 32.362, 34.731, 35.653, 35.388, 36.927, 39.675, 41.133, 41.236, 40.783, 40.618, 40.746, 40.866, 41.073, 41.302, 41.269, 41.176, 41.553, 42.453, 42.96, 42.615, 41.767, 41.018, 40.466, 40.273, 40.673, 40.446, 37.791, 35.276, 35.946, 36.73, 36.779, 37.603, 38.217, 37.863, 36.593, 34.971, 34.486, 34.69, 34.677, 34.373, 34.409, 35.003, 35.601, 36.099, 36.749, 37.638, 38.599, 39.471, 40.117, 40.715, 40.845, 40.602, 40.193, 39.723, 39.314, 39.148, 39.239, 39.352, 39.551, 39.297, 38.728, 37.865, 36.886, 36.154, 35.661, 35.224, 34.755, 34.981, 35.546, 35.636, 35.699, 36.233, 36.372, 35.995, 35.622, 35.851, 36.169, 35.822, 35.505, 35.791, 36.021, 35.675, 35.517, 35.814, 35.991, 35.797, 35.871, 36.258, 36.258, 36.052, 36.306, 36.668, 36.456, 36.263, 36.566, 36.414, 35.031, 34.323, 35.641, 37.861, 38.653, 38.873, 39.262, 39.372, 39.669, 39.788, 39.575, 39.834, 40.295, 39.933, 38.977, 38.255, 38.343, 38.673, 38.934, 38.906, 38.644, 38.545, 38.59, 38.384, 38.567, 39.147, 30.23], [30.436, 27.307, 23.397, 22.436, 19.726, 12.892, 6.074, 0.0, 5.996, 11.39, 14.841, 16.206, 17.199, 20.123, 24.512, 28.11, 30.185, 30.91, 31.045, 31.372, 31.487, 31.399, 31.297, 32.363, 34.766, 35.734, 35.569, 37.086, 39.683, 41.07, 41.181, 40.75, 40.581, 40.701, 40.809, 40.997, 41.208, 41.169, 41.078, 41.436, 42.302, 42.795, 42.462, 41.66, 40.967, 40.458, 40.28, 40.649, 40.423, 37.927, 35.618, 36.278, 37.029, 37.063, 37.839, 38.439, 38.122, 36.95, 35.441, 34.961, 35.158, 35.193, 34.948, 34.992, 35.555, 36.14, 36.65, 37.274, 38.1, 39.002, 39.838, 40.46, 41.021, 41.127, 40.898, 40.509, 40.05, 39.65, 39.498, 39.599, 39.7, 39.875, 39.613, 39.075, 38.28, 37.361, 36.655, 36.155, 35.72, 35.263, 35.483, 36.024, 36.102, 36.132, 36.628, 36.744, 36.347, 35.967, 36.225, 36.595, 36.291, 35.985, 36.244, 36.462, 36.144, 36.004, 36.292, 36.474, 36.301, 36.36, 36.698, 36.696, 36.536, 36.798, 37.12, 36.915, 36.778, 37.071, 36.876, 35.543, 34.908, 36.13, 38.207, 38.947, 39.161, 39.542, 39.646, 39.922, 40.034, 39.803, 40.025, 40.475, 40.136, 39.227, 38.591, 38.705, 39.012, 39.238, 39.201, 38.945, 38.847, 38.888, 38.682, 38.841, 39.373, 31.338], [31.011, 28.003, 24.32, 23.382, 20.871, 15.189, 10.437, 5.996, 0.0, 6.791, 11.47, 13.457, 14.973, 18.586, 23.421, 27.236, 29.452, 30.328, 30.596, 30.972, 31.076, 30.971, 30.929, 32.105, 34.568, 35.563, 35.452, 36.989, 39.546, 40.914, 41.043, 40.631, 40.455, 40.574, 40.698, 40.899, 41.108, 41.066, 40.974, 41.317, 42.164, 42.657, 42.333, 41.55, 40.885, 40.395, 40.22, 40.57, 40.33, 37.859, 35.599, 36.269, 37.015, 37.041, 37.811, 38.422, 38.134, 37.02, 35.538, 35.045, 35.251, 35.319, 35.102, 35.156, 35.715, 36.299, 36.809, 37.417, 38.217, 39.095, 39.919, 40.53, 41.072, 41.164, 40.942, 40.565, 40.103, 39.693, 39.55, 39.662, 39.762, 39.928, 39.665, 39.133, 38.356, 37.466, 36.784, 36.287, 35.859, 35.412, 35.624, 36.148, 36.215, 36.232, 36.713, 36.808, 36.387, 36.005, 36.293, 36.695, 36.397, 36.088, 36.344, 36.558, 36.258, 36.139, 36.429, 36.616, 36.446, 36.483, 36.789, 36.782, 36.629, 36.871, 37.148, 36.936, 36.836, 37.127, 36.914, 35.601, 34.992, 36.19, 38.233, 38.956, 39.16, 39.536, 39.65, 39.936, 40.052, 39.826, 40.046, 40.491, 40.163, 39.285, 38.691, 38.8, 39.073, 39.275, 39.235, 38.983, 38.887, 38.925, 38.715, 38.864, 39.38, 31.908], [31.366, 28.465, 25.125, 24.368, 22.121, 17.446, 14.116, 11.39, 6.791, 0.0, 5.864, 9.265, 12.04, 16.539, 21.803, 25.85, 28.226, 29.215, 29.567, 29.996, 30.106, 29.994, 29.989, 31.272, 33.893, 34.967, 34.871, 36.482, 39.151, 40.568, 40.71, 40.335, 40.192, 40.322, 40.472, 40.712, 40.935, 40.885, 40.786, 41.131, 41.999, 42.514, 42.183, 41.362, 40.659, 40.144, 39.945, 40.284, 40.03, 37.46, 35.047, 35.696, 36.465, 36.5, 37.294, 37.913, 37.618, 36.489, 34.958, 34.453, 34.673, 34.747, 34.53, 34.597, 35.186, 35.806, 36.338, 36.952, 37.774, 38.692, 39.563, 40.22, 40.814, 40.943, 40.718, 40.328, 39.845, 39.408, 39.257, 39.38, 39.494, 39.676, 39.415, 38.856, 38.033, 37.112, 36.412, 35.897, 35.463, 35.014, 35.213, 35.724, 35.775, 35.793, 36.301, 36.399, 35.953, 35.587, 35.933, 36.35, 36.012, 35.688, 35.969, 36.186, 35.881, 35.779, 36.093, 36.303, 36.145, 36.197, 36.515, 36.505, 36.334, 36.555, 36.809, 36.569, 36.459, 36.76, 36.551, 35.182, 34.529, 35.812, 37.992, 38.76, 38.943, 39.314, 39.464, 39.784, 39.893, 39.666, 39.92, 40.382, 40.035, 39.117, 38.472, 38.544, 38.781, 38.964, 38.92, 38.651, 38.552, 38.597, 38.372, 38.509, 39.039, 32.303], [31.547, 28.725, 25.642, 25.023, 23.021, 19.186, 16.747, 14.841, 11.47, 5.864, 0.0, 5.056, 10.104, 15.673, 21.0, 24.986, 27.357, 28.341, 28.704, 29.196, 29.363, 29.269, 29.265, 30.591, 33.304, 34.428, 34.355, 36.044, 38.826, 40.287, 40.419, 40.059, 39.965, 40.125, 40.292, 40.559, 40.804, 40.754, 40.644, 40.993, 41.878, 42.405, 42.061, 41.202, 40.468, 39.941, 39.739, 40.08, 39.797, 37.116, 34.594, 35.25, 36.031, 36.075, 36.899, 37.521, 37.193, 35.999, 34.377, 33.859, 34.101, 34.176, 33.956, 34.041, 34.655, 35.302, 35.854, 36.483, 37.335, 38.29, 39.205, 39.904, 40.55, 40.725, 40.511, 40.11, 39.605, 39.145, 38.983, 39.113, 39.246, 39.449, 39.185, 38.584, 37.714, 36.773, 36.051, 35.505, 35.036, 34.566, 34.772, 35.307, 35.369, 35.398, 35.941, 36.052, 35.579, 35.206, 35.577, 35.996, 35.619, 35.265, 35.555, 35.773, 35.45, 35.363, 35.715, 35.956, 35.816, 35.897, 36.248, 36.228, 36.011, 36.214, 36.483, 36.219, 36.067, 36.376, 36.196, 34.787, 34.072, 35.416, 37.72, 38.536, 38.726, 39.101, 39.273, 39.629, 39.754, 39.534, 39.824, 40.311, 39.94, 38.959, 38.254, 38.274, 38.463, 38.625, 38.585, 38.309, 38.212, 38.269, 38.027, 38.147, 38.691, 32.551], [31.336, 28.523, 25.522, 24.955, 23.027, 19.614, 17.728, 16.206, 13.457, 9.265, 5.056, 0.0, 6.941, 14.246, 20.356, 24.513, 26.903, 27.872, 28.214, 28.756, 28.998, 28.943, 28.942, 30.294, 33.071, 34.229, 34.171, 35.929, 38.8, 40.283, 40.39, 39.998, 39.916, 40.098, 40.275, 40.552, 40.81, 40.771, 40.669, 41.029, 41.915, 42.439, 42.085, 41.202, 40.444, 39.913, 39.723, 40.078, 39.761, 36.974, 34.4, 35.123, 35.923, 35.974, 36.844, 37.481, 37.131, 35.883, 34.16, 33.602, 33.84, 33.901, 33.683, 33.797, 34.449, 35.116, 35.674, 36.31, 37.171, 38.145, 39.092, 39.815, 40.472, 40.647, 40.419, 40.008, 39.497, 39.032, 38.868, 38.999, 39.139, 39.356, 39.089, 38.455, 37.543, 36.578, 35.817, 35.225, 34.713, 34.226, 34.47, 35.061, 35.147, 35.184, 35.737, 35.852, 35.359, 34.952, 35.321, 35.76, 35.387, 35.011, 35.306, 35.529, 35.193, 35.114, 35.497, 35.755, 35.611, 35.693, 36.058, 36.027, 35.773, 35.965, 36.26, 35.982, 35.794, 36.116, 35.971, 34.529, 33.743, 35.123, 37.488, 38.306, 38.489, 38.868, 39.044, 39.433, 39.582, 39.363, 39.669, 40.175, 39.794, 38.774, 38.013, 37.995, 38.176, 38.344, 38.308, 38.025, 37.918, 37.975, 37.728, 37.85, 38.409, 32.396], [31.354, 28.619, 25.737, 25.251, 23.456, 20.174, 18.4, 17.199, 14.973, 12.04, 10.104, 6.941, 0.0, 9.035, 17.18, 22.49, 25.398, 26.579, 27.048, 27.724, 28.081, 28.136, 28.339, 29.981, 32.912, 34.114, 34.099, 35.941, 38.857, 40.323, 40.39, 39.96, 39.868, 40.055, 40.238, 40.521, 40.786, 40.757, 40.666, 41.028, 41.91, 42.433, 42.089, 41.213, 40.461, 39.94, 39.763, 40.127, 39.822, 37.06, 34.553, 35.357, 36.158, 36.207, 37.108, 37.751, 37.388, 36.149, 34.396, 33.791, 33.979, 34.01, 33.792, 33.904, 34.553, 35.21, 35.756, 36.38, 37.219, 38.182, 39.13, 39.848, 40.485, 40.63, 40.382, 39.955, 39.421, 38.944, 38.77, 38.891, 39.028, 39.253, 39.006, 38.385, 37.466, 36.488, 35.722, 35.126, 34.627, 34.185, 34.478, 35.076, 35.159, 35.214, 35.772, 35.884, 35.399, 35.004, 35.38, 35.846, 35.515, 35.144, 35.422, 35.64, 35.309, 35.231, 35.614, 35.87, 35.719, 35.792, 36.149, 36.112, 35.86, 36.06, 36.354, 36.079, 35.909, 36.256, 36.128, 34.687, 33.87, 35.224, 37.546, 38.28, 38.372, 38.717, 38.887, 39.276, 39.425, 39.2, 39.502, 40.013, 39.655, 38.653, 37.89, 37.876, 38.083, 38.274, 38.243, 37.963, 37.855, 37.904, 37.663, 37.812, 38.395, 32.345], [32.355, 29.984, 27.537, 27.196, 25.761, 22.865, 21.071, 20.123, 18.586, 16.539, 15.673, 14.246, 9.035, 0.0, 10.123, 17.421, 21.58, 23.341, 24.149, 25.132, 25.744, 26.051, 26.713, 29.039, 32.334, 33.651, 33.792, 35.813, 38.785, 40.235, 40.269, 39.826, 39.735, 39.92, 40.119, 40.417, 40.677, 40.67, 40.64, 41.033, 41.896, 42.402, 42.058, 41.188, 40.454, 39.961, 39.798, 40.156, 39.901, 37.296, 34.935, 35.748, 36.499, 36.52, 37.41, 38.036, 37.648, 36.427, 34.727, 34.113, 34.246, 34.264, 34.079, 34.181, 34.787, 35.413, 35.939, 36.535, 37.348, 38.28, 39.18, 39.852, 40.461, 40.596, 40.381, 39.987, 39.443, 38.938, 38.734, 38.842, 38.972, 39.196, 38.987, 38.42, 37.541, 36.582, 35.87, 35.318, 34.883, 34.543, 34.884, 35.432, 35.463, 35.53, 36.124, 36.247, 35.79, 35.472, 35.884, 36.353, 36.041, 35.664, 35.891, 36.08, 35.752, 35.677, 36.057, 36.309, 36.156, 36.212, 36.545, 36.493, 36.244, 36.439, 36.712, 36.458, 36.332, 36.724, 36.631, 35.232, 34.374, 35.604, 37.813, 38.443, 38.431, 38.729, 38.887, 39.23, 39.353, 39.138, 39.437, 39.942, 39.614, 38.638, 37.903, 37.944, 38.188, 38.393, 38.388, 38.138, 38.041, 38.082, 37.857, 38.037, 38.621, 33.157], [34.2, 32.335, 30.509, 30.339, 29.233, 26.895, 25.301, 24.512, 23.421, 21.803, 21.0, 20.356, 17.18, 10.123, 0.0, 9.152, 15.233, 18.196, 19.719, 21.238, 22.349, 23.135, 24.474, 27.641, 31.41, 32.942, 33.327, 35.532, 38.561, 40.032, 40.082, 39.692, 39.64, 39.838, 40.08, 40.423, 40.694, 40.73, 40.8, 41.249, 42.069, 42.527, 42.158, 41.279, 40.549, 40.06, 39.885, 40.217, 40.006, 37.585, 35.353, 36.101, 36.795, 36.794, 37.64, 38.239, 37.835, 36.639, 35.041, 34.461, 34.545, 34.553, 34.432, 34.565, 35.129, 35.706, 36.175, 36.696, 37.468, 38.373, 39.232, 39.865, 40.459, 40.641, 40.506, 40.19, 39.705, 39.219, 38.978, 39.052, 39.164, 39.374, 39.206, 38.698, 37.87, 36.96, 36.364, 35.926, 35.538, 35.238, 35.585, 36.099, 36.073, 36.099, 36.695, 36.827, 36.398, 36.131, 36.544, 36.984, 36.663, 36.276, 36.445, 36.589, 36.25, 36.185, 36.566, 36.81, 36.652, 36.694, 37.012, 36.954, 36.683, 36.822, 37.065, 36.835, 36.729, 37.151, 37.137, 35.829, 34.914, 35.982, 38.096, 38.71, 38.678, 38.951, 39.113, 39.42, 39.54, 39.369, 39.67, 40.154, 39.842, 38.883, 38.163, 38.222, 38.446, 38.615, 38.629, 38.41, 38.312, 38.351, 38.144, 38.312, 38.838, 34.846], [35.889, 34.368, 32.982, 32.926, 32.005, 30.115, 28.787, 28.11, 27.236, 25.85, 24.986, 24.513, 22.49, 17.421, 9.152, 0.0, 7.608, 12.323, 15.259, 17.678, 19.45, 20.801, 22.762, 26.609, 30.795, 32.561, 33.147, 35.448, 38.486, 39.989, 40.085, 39.763, 39.759, 39.978, 40.26, 40.641, 40.922, 40.983, 41.121, 41.623, 42.425, 42.855, 42.485, 41.61, 40.879, 40.38, 40.193, 40.502, 40.301, 38.012, 35.908, 36.615, 37.276, 37.288, 38.101, 38.674, 38.27, 37.107, 35.615, 35.079, 35.133, 35.138, 35.063, 35.212, 35.716, 36.237, 36.646, 37.063, 37.748, 38.61, 39.429, 40.016, 40.589, 40.839, 40.778, 40.511, 40.098, 39.678, 39.439, 39.476, 39.558, 39.75, 39.605, 39.126, 38.317, 37.437, 36.962, 36.674, 36.303, 35.968, 36.311, 36.859, 36.83, 36.816, 37.375, 37.499, 37.086, 36.792, 37.124, 37.498, 37.151, 36.755, 36.894, 37.002, 36.668, 36.637, 37.029, 37.269, 37.12, 37.155, 37.459, 37.391, 37.078, 37.155, 37.388, 37.174, 37.07, 37.496, 37.55, 36.362, 35.443, 36.371, 38.401, 39.026, 39.002, 39.266, 39.446, 39.747, 39.882, 39.752, 40.04, 40.491, 40.185, 39.248, 38.536, 38.572, 38.757, 38.892, 38.911, 38.702, 38.593, 38.638, 38.444, 38.568, 39.017, 36.475], [36.683, 35.306, 34.122, 34.132, 33.319, 31.8, 30.764, 30.185, 29.452, 28.226, 27.357, 26.903, 25.398, 21.58, 15.233, 7.608, 0.0, 6.316, 11.43, 15.111, 17.421, 19.166, 21.571, 25.923, 30.469, 32.413, 33.108, 35.455, 38.495, 40.022, 40.14, 39.838, 39.843, 40.07, 40.379, 40.79, 41.082, 41.157, 41.33, 41.874, 42.696, 43.136, 42.783, 41.939, 41.227, 40.733, 40.552, 40.858, 40.639, 38.354, 36.294, 37.008, 37.667, 37.704, 38.517, 39.078, 38.672, 37.514, 36.079, 35.579, 35.641, 35.654, 35.565, 35.671, 36.13, 36.631, 37.031, 37.399, 38.023, 38.845, 39.627, 40.184, 40.738, 41.016, 40.978, 40.708, 40.311, 39.923, 39.695, 39.715, 39.784, 39.981, 39.849, 39.367, 38.542, 37.655, 37.23, 37.014, 36.652, 36.286, 36.612, 37.186, 37.183, 37.164, 37.702, 37.817, 37.41, 37.084, 37.344, 37.676, 37.325, 36.925, 37.054, 37.153, 36.824, 36.813, 37.21, 37.446, 37.302, 37.329, 37.615, 37.527, 37.176, 37.229, 37.48, 37.286, 37.193, 37.617, 37.688, 36.574, 35.682, 36.503, 38.43, 39.033, 39.013, 39.279, 39.466, 39.775, 39.931, 39.821, 40.103, 40.545, 40.249, 39.33, 38.63, 38.646, 38.807, 38.93, 38.944, 38.743, 38.641, 38.685, 38.486, 38.594, 39.009, 37.237], [36.614, 35.187, 34.055, 34.127, 33.344, 32.083, 31.34, 30.91, 30.328, 29.215, 28.341, 27.872, 26.579, 23.341, 18.196, 12.323, 6.316, 0.0, 6.709, 11.788, 14.836, 16.936, 19.703, 24.573, 29.503, 31.584, 32.377, 34.906, 38.116, 39.723, 39.838, 39.492, 39.47, 39.693, 40.021, 40.458, 40.764, 40.861, 41.087, 41.705, 42.592, 43.055, 42.701, 41.863, 41.156, 40.665, 40.492, 40.81, 40.549, 38.118, 35.964, 36.738, 37.422, 37.476, 38.343, 38.935, 38.525, 37.308, 35.807, 35.288, 35.36, 35.37, 35.236, 35.29, 35.734, 36.25, 36.681, 37.088, 37.761, 38.617, 39.409, 39.972, 40.531, 40.808, 40.762, 40.471, 40.047, 39.642, 39.41, 39.428, 39.513, 39.747, 39.629, 39.12, 38.246, 37.331, 36.901, 36.672, 36.277, 35.887, 36.236, 36.853, 36.87, 36.867, 37.435, 37.561, 37.152, 36.826, 37.06, 37.365, 36.985, 36.56, 36.686, 36.785, 36.434, 36.429, 36.862, 37.121, 36.972, 36.997, 37.291, 37.181, 36.775, 36.82, 37.113, 36.915, 36.79, 37.232, 37.326, 36.18, 35.252, 36.092, 38.055, 38.677, 38.693, 38.986, 39.162, 39.462, 39.623, 39.517, 39.805, 40.258, 39.95, 38.986, 38.25, 38.272, 38.449, 38.577, 38.579, 38.373, 38.292, 38.346, 38.133, 38.247, 38.675, 37.173], [36.284, 34.744, 33.633, 33.766, 32.96, 31.836, 31.316, 31.045, 30.596, 29.567, 28.704, 28.214, 27.048, 24.149, 19.719, 15.259, 11.43, 6.709, 0.0, 6.259, 10.745, 13.7, 16.989, 22.535, 27.942, 30.169, 31.058, 33.867, 37.374, 39.104, 39.23, 38.846, 38.798, 39.02, 39.367, 39.827, 40.146, 40.266, 40.554, 41.271, 42.25, 42.751, 42.378, 41.504, 40.776, 40.278, 40.115, 40.453, 40.135, 37.49, 35.184, 36.033, 36.758, 36.805, 37.718, 38.345, 37.919, 36.62, 35.01, 34.457, 34.533, 34.536, 34.384, 34.425, 34.879, 35.427, 35.901, 36.394, 37.187, 38.147, 39.001, 39.606, 40.205, 40.484, 40.409, 40.098, 39.642, 39.206, 38.959, 38.987, 39.1, 39.373, 39.263, 38.715, 37.788, 36.834, 36.351, 36.067, 35.631, 35.224, 35.621, 36.282, 36.294, 36.303, 36.921, 37.074, 36.662, 36.337, 36.559, 36.811, 36.364, 35.91, 36.062, 36.174, 35.792, 35.793, 36.277, 36.571, 36.414, 36.452, 36.792, 36.687, 36.25, 36.31, 36.646, 36.425, 36.246, 36.71, 36.822, 35.582, 34.552, 35.483, 37.612, 38.3, 38.366, 38.71, 38.871, 39.136, 39.281, 39.165, 39.459, 39.927, 39.6, 38.572, 37.785, 37.824, 38.037, 38.182, 38.178, 37.957, 37.886, 37.957, 37.74, 37.87, 38.334, 36.873], [36.239, 34.686, 33.647, 33.827, 33.026, 31.992, 31.573, 31.372, 30.972, 29.996, 29.196, 28.756, 27.724, 25.132, 21.238, 17.678, 15.111, 11.788, 6.259, 0.0, 5.865, 10.303, 14.568, 20.785, 26.586, 28.964, 29.976, 33.015, 36.727, 38.537, 38.696, 38.338, 38.301, 38.529, 38.894, 39.373, 39.702, 39.841, 40.184, 40.988, 42.052, 42.602, 42.231, 41.326, 40.58, 40.088, 39.938, 40.276, 39.903, 37.159, 34.842, 35.733, 36.476, 36.501, 37.406, 38.043, 37.603, 36.258, 34.6, 34.045, 34.136, 34.138, 33.99, 34.035, 34.485, 35.055, 35.574, 36.135, 37.009, 38.039, 38.935, 39.568, 40.199, 40.489, 40.403, 40.079, 39.617, 39.173, 38.925, 38.965, 39.098, 39.387, 39.269, 38.702, 37.773, 36.81, 36.254, 35.898, 35.448, 35.05, 35.477, 36.161, 36.169, 36.162, 36.778, 36.946, 36.538, 36.198, 36.399, 36.6, 36.113, 35.659, 35.838, 35.963, 35.576, 35.574, 36.059, 36.348, 36.188, 36.246, 36.624, 36.542, 36.116, 36.191, 36.544, 36.328, 36.139, 36.577, 36.663, 35.402, 34.343, 35.274, 37.41, 38.098, 38.199, 38.584, 38.722, 38.941, 39.071, 38.947, 39.238, 39.722, 39.398, 38.367, 37.597, 37.662, 37.896, 38.05, 38.048, 37.823, 37.753, 37.825, 37.622, 37.776, 38.265, 36.817], [36.07, 34.519, 33.532, 33.773, 33.016, 32.063, 31.683, 31.487, 31.076, 30.106, 29.363, 28.998, 28.081, 25.744, 22.349, 19.45, 17.421, 14.836, 10.745, 5.865, 0.0, 5.865, 11.911, 19.05, 25.213, 27.744, 28.895, 32.147, 36.027, 37.901, 38.087, 37.749, 37.72, 37.959, 38.348, 38.85, 39.186, 39.344, 39.738, 40.626, 41.776, 42.372, 42.013, 41.106, 40.373, 39.909, 39.778, 40.11, 39.715, 36.939, 34.617, 35.521, 36.271, 36.279, 37.191, 37.83, 37.367, 35.984, 34.274, 33.707, 33.813, 33.811, 33.654, 33.683, 34.112, 34.709, 35.299, 35.931, 36.859, 37.934, 38.857, 39.508, 40.156, 40.449, 40.364, 40.031, 39.554, 39.096, 38.853, 38.912, 39.061, 39.354, 39.21, 38.624, 37.716, 36.761, 36.119, 35.669, 35.211, 34.838, 35.281, 35.967, 35.98, 35.959, 36.559, 36.731, 36.326, 35.974, 36.166, 36.352, 35.854, 35.42, 35.634, 35.772, 35.379, 35.37, 35.849, 36.135, 35.977, 36.051, 36.445, 36.369, 35.946, 36.032, 36.403, 36.197, 35.995, 36.399, 36.436, 35.138, 34.099, 35.052, 37.125, 37.777, 37.911, 38.316, 38.422, 38.612, 38.726, 38.579, 38.865, 39.362, 39.036, 38.024, 37.315, 37.439, 37.714, 37.891, 37.897, 37.683, 37.625, 37.69, 37.485, 37.666, 38.182, 36.616], [35.72, 34.139, 33.199, 33.518, 32.798, 31.921, 31.589, 31.399, 30.971, 29.994, 29.269, 28.943, 28.136, 26.051, 23.135, 20.801, 19.166, 16.936, 13.7, 10.303, 5.865, 0.0, 8.07, 17.075, 23.954, 26.628, 27.875, 31.366, 35.427, 37.373, 37.594, 37.268, 37.246, 37.495, 37.908, 38.438, 38.786, 38.947, 39.358, 40.288, 41.494, 42.116, 41.759, 40.852, 40.131, 39.692, 39.586, 39.947, 39.555, 36.718, 34.29, 35.177, 35.945, 35.941, 36.862, 37.493, 37.006, 35.593, 33.839, 33.258, 33.369, 33.354, 33.177, 33.193, 33.62, 34.251, 34.901, 35.599, 36.586, 37.703, 38.656, 39.338, 40.012, 40.298, 40.209, 39.869, 39.363, 38.879, 38.636, 38.706, 38.863, 39.153, 38.979, 38.362, 37.444, 36.473, 35.755, 35.23, 34.758, 34.402, 34.86, 35.538, 35.532, 35.499, 36.098, 36.276, 35.868, 35.51, 35.717, 35.92, 35.426, 35.025, 35.28, 35.43, 35.027, 35.013, 35.508, 35.817, 35.656, 35.733, 36.146, 36.067, 35.635, 35.725, 36.107, 35.886, 35.651, 36.045, 36.043, 34.643, 33.606, 34.679, 36.811, 37.482, 37.662, 38.079, 38.166, 38.358, 38.46, 38.28, 38.565, 39.069, 38.729, 37.723, 37.051, 37.219, 37.535, 37.733, 37.736, 37.522, 37.466, 37.515, 37.289, 37.487, 38.031, 36.266], [35.093, 33.43, 32.548, 32.958, 32.266, 31.589, 31.423, 31.297, 30.929, 29.989, 29.265, 28.942, 28.339, 26.713, 24.474, 22.762, 21.571, 19.703, 16.989, 14.568, 11.911, 8.07, 0.0, 11.772, 20.675, 23.977, 25.356, 29.381, 33.95, 36.081, 36.329, 36.009, 36.014, 36.288, 36.743, 37.328, 37.712, 37.9, 38.371, 39.424, 40.771, 41.48, 41.152, 40.247, 39.536, 39.122, 39.061, 39.499, 39.161, 36.266, 33.73, 34.697, 35.539, 35.565, 36.521, 37.144, 36.623, 35.146, 33.28, 32.653, 32.756, 32.732, 32.534, 32.538, 33.006, 33.688, 34.374, 35.135, 36.202, 37.374, 38.37, 39.106, 39.821, 40.114, 40.016, 39.651, 39.118, 38.614, 38.355, 38.401, 38.561, 38.873, 38.681, 38.014, 37.031, 35.994, 35.217, 34.656, 34.147, 33.748, 34.226, 34.937, 34.914, 34.851, 35.467, 35.666, 35.231, 34.835, 35.085, 35.309, 34.767, 34.392, 34.716, 34.864, 34.44, 34.45, 34.987, 35.31, 35.133, 35.222, 35.681, 35.615, 35.164, 35.255, 35.65, 35.402, 35.138, 35.544, 35.521, 33.989, 32.889, 34.094, 36.355, 37.078, 37.314, 37.764, 37.845, 38.043, 38.155, 37.973, 38.265, 38.764, 38.386, 37.33, 36.636, 36.812, 37.143, 37.359, 37.369, 37.153, 37.102, 37.157, 36.919, 37.131, 37.718, 35.677], [35.13, 33.457, 32.715, 33.132, 32.545, 32.255, 32.362, 32.363, 32.105, 31.272, 30.591, 30.294, 29.981, 29.039, 27.641, 26.609, 25.923, 24.573, 22.535, 20.785, 19.05, 17.075, 11.772, 0.0, 11.373, 16.682, 18.816, 23.672, 29.25, 31.772, 31.966, 31.676, 31.934, 32.412, 33.008, 33.717, 34.165, 34.413, 35.065, 36.459, 38.192, 39.14, 38.934, 38.135, 37.569, 37.266, 37.185, 37.593, 37.542, 35.382, 33.637, 34.841, 35.713, 35.866, 36.909, 37.562, 37.052, 35.506, 33.449, 32.613, 32.636, 32.676, 32.559, 32.503, 32.831, 33.376, 34.04, 34.904, 36.057, 37.255, 38.265, 39.03, 39.758, 40.061, 39.956, 39.552, 38.982, 38.461, 38.181, 38.206, 38.375, 38.714, 38.519, 37.809, 36.809, 35.851, 35.182, 34.678, 34.168, 33.766, 34.239, 34.996, 35.032, 34.988, 35.6, 35.808, 35.37, 35.002, 35.267, 35.424, 34.795, 34.441, 34.807, 34.923, 34.458, 34.458, 34.981, 35.284, 35.122, 35.275, 35.787, 35.751, 35.291, 35.33, 35.681, 35.385, 35.06, 35.459, 35.455, 33.905, 32.849, 34.187, 36.553, 37.36, 37.637, 38.09, 38.181, 38.389, 38.487, 38.294, 38.55, 38.957, 38.465, 37.282, 36.472, 36.604, 36.947, 37.23, 37.286, 37.078, 37.068, 37.207, 37.013, 37.217, 37.835, 35.775], [36.664, 35.196, 34.592, 34.88, 34.483, 34.502, 34.731, 34.766, 34.568, 33.893, 33.304, 33.071, 32.912, 32.334, 31.41, 30.795, 30.469, 29.503, 27.942, 26.586, 25.213, 23.954, 20.675, 11.373, 0.0, 7.642, 12.228, 17.857, 23.644, 26.297, 26.513, 26.55, 27.375, 28.192, 28.973, 29.834, 30.334, 30.581, 31.316, 32.981, 35.125, 36.403, 36.418, 35.865, 35.648, 35.66, 35.675, 35.963, 36.016, 35.043, 34.956, 36.367, 37.09, 37.316, 38.314, 38.963, 38.544, 37.099, 35.14, 34.164, 34.094, 34.235, 34.228, 34.069, 34.053, 34.248, 34.787, 35.71, 36.868, 37.974, 38.86, 39.504, 40.101, 40.364, 40.305, 39.95, 39.374, 38.817, 38.507, 38.554, 38.767, 39.113, 38.915, 38.235, 37.426, 36.801, 36.406, 36.022, 35.582, 35.317, 35.813, 36.569, 36.7, 36.706, 37.251, 37.431, 37.059, 36.789, 37.027, 37.142, 36.562, 36.265, 36.594, 36.676, 36.218, 36.167, 36.578, 36.825, 36.72, 36.914, 37.386, 37.353, 36.939, 36.92, 37.182, 36.899, 36.565, 36.913, 36.914, 35.576, 34.82, 36.043, 38.15, 38.92, 39.179, 39.572, 39.658, 39.846, 39.902, 39.687, 39.88, 40.184, 39.655, 38.5, 37.709, 37.744, 38.012, 38.283, 38.372, 38.215, 38.249, 38.446, 38.299, 38.441, 38.992, 37.281], [37.227, 35.825, 35.247, 35.519, 35.191, 35.323, 35.653, 35.734, 35.563, 34.967, 34.428, 34.229, 34.114, 33.651, 32.942, 32.561, 32.413, 31.584, 30.169, 28.964, 27.744, 26.628, 23.977, 16.682, 7.642, 0.0, 7.223, 14.41, 20.39, 22.974, 23.256, 23.554, 24.682, 25.662, 26.547, 27.529, 28.106, 28.351, 29.089, 30.921, 33.359, 34.869, 35.045, 34.698, 34.721, 34.928, 35.077, 35.436, 35.456, 34.704, 35.275, 36.859, 37.534, 37.743, 38.684, 39.295, 38.888, 37.511, 35.706, 34.769, 34.708, 34.877, 34.853, 34.637, 34.485, 34.538, 35.026, 35.978, 37.137, 38.181, 38.97, 39.522, 40.022, 40.226, 40.178, 39.855, 39.285, 38.699, 38.361, 38.424, 38.675, 39.035, 38.828, 38.167, 37.484, 37.024, 36.719, 36.36, 35.965, 35.815, 36.387, 37.177, 37.345, 37.378, 37.916, 38.09, 37.764, 37.562, 37.823, 37.96, 37.405, 37.084, 37.361, 37.438, 36.995, 36.912, 37.262, 37.477, 37.374, 37.556, 37.994, 37.953, 37.571, 37.552, 37.783, 37.513, 37.192, 37.518, 37.515, 36.296, 35.699, 36.768, 38.676, 39.42, 39.675, 40.035, 40.114, 40.287, 40.325, 40.109, 40.298, 40.593, 40.091, 39.009, 38.292, 38.312, 38.534, 38.739, 38.798, 38.667, 38.733, 38.942, 38.8, 38.913, 39.423, 37.755], [36.713, 35.321, 34.845, 35.194, 34.849, 34.977, 35.388, 35.569, 35.452, 34.871, 34.355, 34.171, 34.099, 33.792, 33.327, 33.147, 33.108, 32.377, 31.058, 29.976, 28.895, 27.875, 25.356, 18.816, 12.228, 7.223, 0.0, 9.03, 16.674, 19.825, 20.223, 20.662, 21.946, 23.021, 24.045, 25.218, 25.922, 26.184, 26.927, 28.886, 31.535, 33.206, 33.488, 33.238, 33.327, 33.556, 33.742, 34.246, 34.508, 33.888, 34.427, 36.12, 36.934, 37.21, 38.165, 38.779, 38.351, 36.954, 35.152, 34.252, 34.23, 34.38, 34.303, 34.077, 33.975, 34.069, 34.558, 35.509, 36.682, 37.75, 38.57, 39.162, 39.711, 39.939, 39.864, 39.499, 38.912, 38.318, 37.964, 38.015, 38.263, 38.624, 38.416, 37.748, 37.033, 36.521, 36.162, 35.788, 35.396, 35.224, 35.787, 36.613, 36.815, 36.878, 37.438, 37.62, 37.298, 37.096, 37.367, 37.49, 36.867, 36.49, 36.764, 36.835, 36.371, 36.29, 36.661, 36.884, 36.772, 36.965, 37.448, 37.427, 37.031, 37.015, 37.259, 36.966, 36.606, 36.947, 36.964, 35.697, 35.053, 36.184, 38.252, 39.109, 39.407, 39.782, 39.869, 40.062, 40.106, 39.893, 40.097, 40.403, 39.874, 38.739, 37.967, 37.963, 38.178, 38.376, 38.416, 38.275, 38.36, 38.576, 38.414, 38.531, 39.06, 37.159], [37.805, 36.716, 36.45, 36.748, 36.477, 36.603, 36.927, 37.086, 36.989, 36.482, 36.044, 35.929, 35.941, 35.813, 35.532, 35.448, 35.455, 34.906, 33.867, 33.015, 32.147, 31.366, 29.381, 23.672, 17.857, 14.41, 9.03, 0.0, 9.178, 13.528, 14.618, 16.061, 18.256, 19.754, 21.119, 22.655, 23.553, 23.805, 24.485, 26.49, 29.327, 31.267, 31.865, 31.914, 32.205, 32.549, 32.784, 33.309, 33.859, 34.134, 35.368, 37.009, 37.841, 38.226, 39.082, 39.655, 39.293, 38.039, 36.453, 35.631, 35.622, 35.78, 35.72, 35.475, 35.292, 35.268, 35.652, 36.514, 37.569, 38.521, 39.261, 39.791, 40.289, 40.548, 40.521, 40.175, 39.614, 39.038, 38.679, 38.726, 38.949, 39.256, 39.047, 38.454, 37.866, 37.474, 37.179, 36.881, 36.567, 36.418, 36.865, 37.597, 37.835, 37.935, 38.435, 38.582, 38.305, 38.12, 38.293, 38.342, 37.757, 37.443, 37.694, 37.727, 37.293, 37.209, 37.513, 37.714, 37.652, 37.853, 38.303, 38.294, 37.928, 37.885, 38.084, 37.801, 37.458, 37.775, 37.804, 36.716, 36.224, 37.251, 39.201, 40.095, 40.409, 40.747, 40.839, 41.048, 41.104, 40.901, 41.054, 41.301, 40.777, 39.691, 38.948, 38.869, 39.015, 39.202, 39.275, 39.176, 39.285, 39.504, 39.354, 39.433, 39.886, 38.139], [40.234, 39.533, 39.406, 39.578, 39.43, 39.552, 39.675, 39.683, 39.546, 39.151, 38.826, 38.8, 38.857, 38.785, 38.561, 38.486, 38.495, 38.116, 37.374, 36.727, 36.027, 35.427, 33.95, 29.25, 23.644, 20.39, 16.674, 9.178, 0.0, 5.646, 8.765, 12.665, 16.191, 18.145, 19.783, 21.572, 22.608, 22.853, 23.436, 25.37, 28.278, 30.457, 31.416, 31.87, 32.493, 33.064, 33.407, 33.893, 34.521, 35.647, 37.834, 39.378, 40.062, 40.468, 41.139, 41.598, 41.329, 40.343, 39.192, 38.555, 38.567, 38.754, 38.747, 38.499, 38.166, 37.942, 38.179, 38.893, 39.729, 40.463, 41.028, 41.394, 41.718, 41.94, 41.996, 41.735, 41.249, 40.721, 40.372, 40.416, 40.593, 40.82, 40.614, 40.137, 39.78, 39.619, 39.469, 39.282, 39.078, 39.041, 39.414, 40.008, 40.254, 40.389, 40.803, 40.892, 40.678, 40.536, 40.62, 40.618, 40.149, 39.933, 40.114, 40.108, 39.767, 39.685, 39.854, 39.985, 39.961, 40.123, 40.452, 40.435, 40.148, 40.076, 40.185, 39.956, 39.71, 39.976, 39.984, 39.243, 39.085, 39.782, 41.238, 41.997, 42.248, 42.49, 42.574, 42.767, 42.82, 42.652, 42.742, 42.911, 42.456, 41.592, 41.072, 40.967, 41.011, 41.137, 41.243, 41.235, 41.376, 41.583, 41.481, 41.519, 41.83, 40.465], [41.45, 40.905, 40.825, 40.953, 40.904, 41.08, 41.133, 41.07, 40.914, 40.568, 40.287, 40.283, 40.323, 40.235, 40.032, 39.989, 40.022, 39.723, 39.104, 38.537, 37.901, 37.373, 36.081, 31.772, 26.297, 22.974, 19.825, 13.528, 5.646, 0.0, 5.113, 11.23, 15.592, 17.681, 19.322, 21.163, 22.225, 22.488, 23.096, 25.027, 27.941, 30.183, 31.24, 31.84, 32.638, 33.345, 33.762, 34.251, 34.895, 36.349, 39.031, 40.626, 41.244, 41.653, 42.288, 42.718, 42.493, 41.616, 40.652, 40.088, 40.099, 40.312, 40.342, 40.111, 39.718, 39.404, 39.565, 40.175, 40.872, 41.495, 41.992, 42.29, 42.516, 42.675, 42.755, 42.543, 42.093, 41.591, 41.264, 41.315, 41.467, 41.659, 41.462, 41.031, 40.763, 40.718, 40.669, 40.542, 40.368, 40.383, 40.78, 41.347, 41.593, 41.746, 42.126, 42.183, 41.984, 41.866, 41.951, 41.944, 41.499, 41.292, 41.42, 41.398, 41.108, 41.031, 41.136, 41.23, 41.224, 41.379, 41.652, 41.623, 41.367, 41.277, 41.342, 41.141, 40.94, 41.179, 41.176, 40.596, 40.598, 41.119, 42.312, 42.972, 43.155, 43.325, 43.41, 43.597, 43.633, 43.481, 43.552, 43.678, 43.253, 42.507, 42.083, 41.934, 41.924, 42.029, 42.165, 42.206, 42.363, 42.569, 42.499, 42.528, 42.776, 41.672], [41.343, 40.795, 40.71, 40.84, 40.86, 41.149, 41.236, 41.181, 41.043, 40.71, 40.419, 40.39, 40.39, 40.269, 40.082, 40.085, 40.14, 39.838, 39.23, 38.696, 38.087, 37.594, 36.329, 31.966, 26.513, 23.256, 20.223, 14.618, 8.765, 5.113, 0.0, 7.433, 12.833, 15.332, 17.125, 19.161, 20.327, 20.643, 21.473, 23.728, 26.844, 29.128, 30.164, 30.774, 31.629, 32.405, 32.866, 33.384, 34.114, 35.762, 38.694, 40.445, 41.073, 41.525, 42.273, 42.764, 42.545, 41.641, 40.599, 39.954, 39.928, 40.154, 40.222, 39.996, 39.562, 39.199, 39.334, 39.927, 40.603, 41.222, 41.745, 42.063, 42.281, 42.42, 42.499, 42.288, 41.831, 41.341, 41.042, 41.109, 41.272, 41.478, 41.289, 40.844, 40.563, 40.555, 40.565, 40.454, 40.258, 40.244, 40.65, 41.254, 41.524, 41.686, 42.066, 42.125, 41.921, 41.809, 41.924, 41.929, 41.467, 41.238, 41.346, 41.322, 41.031, 40.953, 41.068, 41.167, 41.162, 41.327, 41.612, 41.579, 41.298, 41.187, 41.255, 41.052, 40.833, 41.062, 41.07, 40.482, 40.488, 41.041, 42.248, 42.902, 43.081, 43.243, 43.328, 43.518, 43.546, 43.391, 43.456, 43.571, 43.14, 42.372, 41.881, 41.663, 41.637, 41.762, 41.923, 41.975, 42.14, 42.355, 42.275, 42.299, 42.552, 41.58], [40.795, 40.184, 40.064, 40.21, 40.245, 40.625, 40.783, 40.75, 40.631, 40.335, 40.059, 39.998, 39.96, 39.826, 39.692, 39.763, 39.838, 39.492, 38.846, 38.338, 37.749, 37.268, 36.009, 31.676, 26.55, 23.554, 20.662, 16.061, 12.665, 11.23, 7.433, 0.0, 6.451, 10.009, 12.508, 15.039, 16.509, 16.974, 18.185, 21.066, 24.595, 26.998, 28.078, 28.77, 29.701, 30.53, 31.017, 31.564, 32.437, 34.3, 37.493, 39.494, 40.144, 40.661, 41.616, 42.201, 41.962, 40.999, 39.802, 39.026, 38.942, 39.174, 39.289, 39.063, 38.583, 38.193, 38.366, 39.027, 39.751, 40.408, 40.987, 41.354, 41.609, 41.768, 41.824, 41.582, 41.102, 40.617, 40.333, 40.412, 40.61, 40.856, 40.664, 40.179, 39.867, 39.871, 39.914, 39.812, 39.597, 39.517, 39.88, 40.522, 40.832, 41.004, 41.411, 41.493, 41.283, 41.177, 41.327, 41.35, 40.865, 40.614, 40.714, 40.688, 40.39, 40.33, 40.477, 40.574, 40.519, 40.656, 40.96, 40.933, 40.633, 40.534, 40.632, 40.412, 40.164, 40.407, 40.433, 39.775, 39.744, 40.395, 41.703, 42.385, 42.617, 42.827, 42.903, 43.082, 43.108, 42.944, 43.013, 43.136, 42.685, 41.858, 41.308, 41.095, 41.1, 41.249, 41.413, 41.461, 41.641, 41.862, 41.743, 41.767, 42.064, 41.033], [40.646, 40.012, 39.892, 40.058, 40.055, 40.428, 40.618, 40.581, 40.455, 40.192, 39.965, 39.916, 39.868, 39.735, 39.64, 39.759, 39.843, 39.47, 38.798, 38.301, 37.72, 37.246, 36.014, 31.934, 27.375, 24.682, 21.946, 18.256, 16.191, 15.592, 12.833, 6.451, 0.0, 4.599, 8.328, 11.638, 13.486, 14.151, 15.7, 19.044, 22.836, 25.313, 26.469, 27.315, 28.376, 29.244, 29.725, 30.274, 31.248, 33.218, 36.521, 38.703, 39.383, 39.938, 41.049, 41.704, 41.454, 40.495, 39.292, 38.514, 38.425, 38.658, 38.785, 38.557, 38.069, 37.701, 37.938, 38.664, 39.426, 40.094, 40.689, 41.08, 41.375, 41.548, 41.554, 41.26, 40.771, 40.302, 40.027, 40.109, 40.329, 40.599, 40.414, 39.922, 39.593, 39.579, 39.632, 39.557, 39.353, 39.23, 39.522, 40.146, 40.461, 40.627, 41.054, 41.157, 40.95, 40.861, 41.05, 41.106, 40.625, 40.372, 40.467, 40.436, 40.161, 40.137, 40.294, 40.366, 40.246, 40.324, 40.611, 40.594, 40.322, 40.255, 40.348, 40.119, 39.895, 40.154, 40.161, 39.463, 39.428, 40.104, 41.436, 42.115, 42.366, 42.613, 42.684, 42.85, 42.878, 42.725, 42.807, 42.938, 42.483, 41.663, 41.175, 41.044, 41.097, 41.258, 41.407, 41.447, 41.635, 41.85, 41.71, 41.748, 42.076, 40.881], [40.733, 40.12, 40.025, 40.204, 40.183, 40.549, 40.746, 40.701, 40.574, 40.322, 40.125, 40.098, 40.055, 39.92, 39.838, 39.978, 40.07, 39.693, 39.02, 38.529, 37.959, 37.495, 36.288, 32.412, 28.192, 25.662, 23.021, 19.754, 18.145, 17.681, 15.332, 10.009, 4.599, 0.0, 4.745, 9.035, 11.329, 12.181, 14.0, 17.651, 21.584, 24.103, 25.33, 26.341, 27.563, 28.485, 28.967, 29.526, 30.553, 32.624, 36.073, 38.368, 39.065, 39.648, 40.839, 41.543, 41.315, 40.397, 39.238, 38.496, 38.42, 38.657, 38.795, 38.565, 38.069, 37.713, 37.983, 38.738, 39.512, 40.177, 40.766, 41.157, 41.466, 41.647, 41.622, 41.295, 40.81, 40.364, 40.097, 40.174, 40.391, 40.663, 40.491, 40.017, 39.684, 39.65, 39.71, 39.658, 39.477, 39.342, 39.595, 40.199, 40.498, 40.645, 41.072, 41.182, 40.988, 40.917, 41.138, 41.23, 40.766, 40.515, 40.604, 40.575, 40.321, 40.31, 40.459, 40.516, 40.371, 40.414, 40.678, 40.666, 40.425, 40.376, 40.448, 40.215, 40.016, 40.275, 40.262, 39.561, 39.54, 40.207, 41.514, 42.179, 42.424, 42.668, 42.734, 42.892, 42.921, 42.781, 42.868, 42.997, 42.544, 41.753, 41.329, 41.251, 41.323, 41.484, 41.625, 41.659, 41.845, 42.053, 41.909, 41.948, 42.276, 40.958], [40.782, 40.201, 40.125, 40.3, 40.297, 40.685, 40.866, 40.809, 40.698, 40.472, 40.292, 40.275, 40.238, 40.119, 40.08, 40.26, 40.379, 40.021, 39.367, 38.894, 38.348, 37.908, 36.743, 33.008, 28.973, 26.547, 24.045, 21.119, 19.783, 19.322, 17.125, 12.508, 8.328, 4.745, 0.0, 4.999, 8.011, 9.314, 11.546, 15.676, 19.895, 22.539, 23.901, 25.112, 26.505, 27.487, 27.993, 28.607, 29.699, 31.953, 35.732, 38.175, 38.874, 39.48, 40.711, 41.444, 41.259, 40.409, 39.293, 38.57, 38.487, 38.747, 38.928, 38.719, 38.227, 37.882, 38.17, 38.924, 39.684, 40.344, 40.923, 41.282, 41.57, 41.736, 41.685, 41.337, 40.854, 40.428, 40.173, 40.243, 40.45, 40.717, 40.553, 40.096, 39.765, 39.726, 39.804, 39.79, 39.618, 39.457, 39.681, 40.272, 40.552, 40.689, 41.112, 41.217, 41.036, 40.993, 41.248, 41.374, 40.932, 40.695, 40.779, 40.745, 40.499, 40.49, 40.634, 40.687, 40.535, 40.557, 40.797, 40.784, 40.571, 40.538, 40