[[0.0, 4.768, 11.826, 15.135, 15.53, 17.831, 20.477, 21.966, 23.659, 26.012, 27.753, 28.401, 29.203, 31.489, 35.015, 37.473, 38.114, 37.909, 38.015, 38.4, 38.722, 39.165, 39.69, 39.658, 39.119, 39.199, 40.345, 41.0, 40.988, 41.213, 41.626, 42.338, 43.019, 42.633, 42.054, 41.429, 40.459, 39.949, 39.615, 39.102, 38.844, 38.923, 39.107, 39.191, 39.333, 39.789, 40.289, 40.421, 40.185, 39.951, 40.044, 40.17, 39.5, 38.386, 37.825, 37.846, 37.736, 37.333, 36.778, 36.45, 36.564, 36.843, 36.962, 37.073, 37.715, 38.943, 39.619, 39.678, 39.559, 39.595, 39.605, 39.4, 39.332, 39.715, 40.216, 40.365, 40.355, 40.451, 40.361, 39.962, 39.788, 39.848, 39.726, 39.571, 39.115, 38.593, 38.722, 39.206, 39.552, 39.457, 39.516, 39.59, 39.129, 38.714, 38.829, 39.098, 38.951, 38.861, 39.186, 39.47, 39.501, 39.386, 39.331, 39.634, 40.145, 40.356, 40.024, 39.285, 38.245, 37.858, 39.323, 40.758, 41.904, 42.744, 42.949, 43.137, 43.245, 42.379, 40.263, 39.453, 40.82, 43.077, 44.13, 43.565, 42.575, 42.311, 42.512, 43.136, 43.751, 43.883, 43.69, 43.46, 43.771, 44.661, 45.373, 45.504, 45.035, 43.58, 41.725, 41.225, 41.336, 41.123, 40.875, 40.891, 41.0, 40.614, 39.684, 38.988, 38.629, 38.727, 39.174, 39.05, 38.516, 38.479, 38.907, 39.354, 39.414, 39.248, 39.098, 38.711, 38.01, 37.712, 37.944, 38.106, 38.164, 38.518, 38.613, 38.564, 38.746, 38.832, 38.844, 38.866, 39.009, 39.194, 39.023, 38.635, 38.478, 38.911, 39.547, 39.513, 39.678, 39.649, 39.019, 38.723, 39.24, 39.515, 39.085, 38.797, 38.737, 38.642, 38.541, 38.207, 37.931, 38.054, 38.392, 38.499, 38.302, 38.029, 38.256, 38.669, 38.741, 39.003, 39.426, 39.681, 39.682, 5.72], [4.768, 0.0, 8.073, 12.04, 12.443, 14.729, 17.716, 19.595, 21.737, 24.533, 26.525, 27.298, 28.243, 30.721, 34.414, 36.967, 37.672, 37.508, 37.637, 38.046, 38.4, 38.86, 39.397, 39.415, 38.97, 39.145, 40.345, 41.035, 41.035, 41.248, 41.656, 42.376, 43.04, 42.615, 42.004, 41.366, 40.385, 39.881, 39.577, 39.087, 38.823, 38.886, 39.056, 39.127, 39.271, 39.733, 40.225, 40.364, 40.147, 39.916, 40.009, 40.152, 39.504, 38.408, 37.859, 37.881, 37.763, 37.359, 36.801, 36.463, 36.564, 36.843, 36.982, 37.106, 37.716, 38.938, 39.631, 39.701, 39.597, 39.64, 39.646, 39.43, 39.349, 39.726, 40.222, 40.369, 40.361, 40.462, 40.387, 40.007, 39.845, 39.903, 39.765, 39.596, 39.125, 38.578, 38.708, 39.211, 39.552, 39.435, 39.483, 39.574, 39.137, 38.743, 38.876, 39.151, 38.999, 38.899, 39.218, 39.506, 39.535, 39.413, 39.361, 39.678, 40.187, 40.374, 40.041, 39.34, 38.357, 38.031, 39.493, 40.892, 41.999, 42.814, 43.016, 43.187, 43.266, 42.365, 40.202, 39.367, 40.731, 42.991, 44.046, 43.479, 42.484, 42.231, 42.473, 43.139, 43.765, 43.893, 43.704, 43.501, 43.852, 44.768, 45.477, 45.591, 45.116, 43.654, 41.778, 41.274, 41.402, 41.222, 41.0, 41.023, 41.127, 40.726, 39.781, 39.088, 38.754, 38.884, 39.35, 39.239, 38.718, 38.7, 39.154, 39.609, 39.643, 39.444, 39.257, 38.821, 38.082, 37.808, 38.115, 38.329, 38.384, 38.697, 38.76, 38.699, 38.881, 38.985, 39.007, 39.021, 39.154, 39.333, 39.158, 38.767, 38.593, 39.002, 39.646, 39.635, 39.791, 39.762, 39.154, 38.853, 39.356, 39.639, 39.201, 38.846, 38.699, 38.565, 38.461, 38.138, 37.863, 37.962, 38.262, 38.363, 38.181, 37.907, 38.112, 38.504, 38.568, 38.83, 39.264, 39.52, 39.514, 8.771], [11.826, 8.073, 0.0, 5.059, 6.436, 9.031, 12.571, 15.388, 18.716, 22.49, 24.947, 25.885, 26.995, 29.742, 33.641, 36.298, 37.093, 37.026, 37.213, 37.668, 38.112, 38.63, 39.188, 39.304, 39.041, 39.331, 40.514, 41.197, 41.217, 41.422, 41.809, 42.497, 43.082, 42.614, 42.039, 41.451, 40.529, 40.102, 39.894, 39.474, 39.222, 39.278, 39.431, 39.474, 39.609, 40.057, 40.504, 40.63, 40.44, 40.233, 40.332, 40.489, 39.919, 38.934, 38.448, 38.468, 38.358, 38.0, 37.515, 37.24, 37.343, 37.605, 37.767, 37.885, 38.393, 39.484, 40.106, 40.167, 40.079, 40.133, 40.132, 39.901, 39.805, 40.166, 40.635, 40.754, 40.726, 40.819, 40.773, 40.459, 40.337, 40.387, 40.226, 40.029, 39.559, 39.034, 39.181, 39.681, 39.989, 39.811, 39.815, 39.938, 39.578, 39.226, 39.35, 39.618, 39.485, 39.377, 39.648, 39.911, 39.944, 39.832, 39.784, 40.101, 40.575, 40.683, 40.288, 39.611, 38.751, 38.575, 39.95, 41.147, 42.199, 42.996, 43.187, 43.329, 43.408, 42.514, 40.351, 39.46, 40.684, 42.834, 43.881, 43.384, 42.442, 42.173, 42.373, 43.003, 43.612, 43.761, 43.621, 43.474, 43.853, 44.764, 45.456, 45.561, 45.095, 43.677, 41.872, 41.431, 41.59, 41.473, 41.303, 41.311, 41.402, 41.035, 40.155, 39.537, 39.27, 39.424, 39.886, 39.813, 39.357, 39.368, 39.811, 40.221, 40.201, 39.984, 39.807, 39.353, 38.61, 38.37, 38.715, 38.959, 39.008, 39.265, 39.303, 39.235, 39.392, 39.49, 39.52, 39.543, 39.676, 39.839, 39.666, 39.296, 39.113, 39.459, 40.081, 40.122, 40.267, 40.23, 39.681, 39.399, 39.857, 40.111, 39.673, 39.225, 38.946, 38.75, 38.647, 38.355, 38.125, 38.24, 38.502, 38.561, 38.394, 38.125, 38.277, 38.61, 38.657, 38.897, 39.324, 39.571, 39.558, 14.223], [15.135, 12.04, 5.059, 0.0, 3.218, 6.87, 10.51, 13.707, 17.758, 21.997, 24.593, 25.555, 26.644, 29.349, 33.238, 35.92, 36.739, 36.712, 36.934, 37.409, 37.883, 38.426, 38.999, 39.152, 38.966, 39.337, 40.543, 41.219, 41.242, 41.466, 41.857, 42.524, 43.066, 42.569, 42.013, 41.465, 40.583, 40.199, 40.039, 39.666, 39.422, 39.481, 39.643, 39.68, 39.793, 40.22, 40.666, 40.802, 40.622, 40.423, 40.528, 40.688, 40.155, 39.226, 38.753, 38.762, 38.65, 38.302, 37.846, 37.613, 37.724, 37.981, 38.142, 38.239, 38.702, 39.718, 40.291, 40.333, 40.245, 40.313, 40.322, 40.089, 39.978, 40.323, 40.787, 40.893, 40.859, 40.958, 40.926, 40.644, 40.541, 40.592, 40.431, 40.228, 39.753, 39.239, 39.388, 39.882, 40.177, 39.959, 39.927, 40.053, 39.726, 39.393, 39.514, 39.785, 39.673, 39.581, 39.839, 40.088, 40.134, 40.043, 39.993, 40.308, 40.786, 40.877, 40.449, 39.763, 38.947, 38.843, 40.2, 41.308, 42.364, 43.186, 43.382, 43.523, 43.62, 42.734, 40.57, 39.615, 40.721, 42.794, 43.832, 43.381, 42.477, 42.183, 42.31, 42.87, 43.462, 43.64, 43.546, 43.419, 43.783, 44.665, 45.348, 45.462, 45.007, 43.615, 41.852, 41.432, 41.594, 41.493, 41.333, 41.327, 41.428, 41.109, 40.283, 39.706, 39.464, 39.616, 40.075, 40.028, 39.605, 39.633, 40.071, 40.461, 40.425, 40.209, 40.075, 39.646, 38.9, 38.642, 38.966, 39.217, 39.286, 39.518, 39.529, 39.45, 39.599, 39.689, 39.721, 39.749, 39.883, 40.035, 39.859, 39.491, 39.307, 39.636, 40.238, 40.282, 40.424, 40.377, 39.834, 39.58, 40.051, 40.291, 39.869, 39.448, 39.169, 38.958, 38.85, 38.573, 38.378, 38.53, 38.812, 38.869, 38.695, 38.419, 38.563, 38.895, 38.938, 39.158, 39.564, 39.804, 39.801, 17.208], [15.53, 12.443, 6.436, 3.218, 0.0, 4.849, 9.276, 12.746, 16.979, 21.405, 24.104, 25.14, 26.299, 29.062, 33.008, 35.725, 36.552, 36.525, 36.764, 37.264, 37.74, 38.275, 38.854, 39.021, 38.844, 39.236, 40.472, 41.161, 41.179, 41.413, 41.818, 42.49, 43.042, 42.543, 41.973, 41.418, 40.532, 40.152, 40.012, 39.667, 39.427, 39.477, 39.635, 39.676, 39.789, 40.215, 40.671, 40.814, 40.634, 40.437, 40.546, 40.71, 40.171, 39.235, 38.751, 38.758, 38.646, 38.292, 37.818, 37.558, 37.655, 37.92, 38.088, 38.182, 38.652, 39.683, 40.267, 40.31, 40.223, 40.296, 40.312, 40.084, 39.982, 40.339, 40.816, 40.931, 40.905, 41.003, 40.961, 40.664, 40.544, 40.582, 40.423, 40.229, 39.75, 39.23, 39.389, 39.894, 40.197, 39.981, 39.952, 40.078, 39.744, 39.406, 39.532, 39.809, 39.709, 39.64, 39.914, 40.171, 40.225, 40.13, 40.074, 40.402, 40.896, 40.976, 40.511, 39.784, 38.915, 38.77, 40.138, 41.268, 42.319, 43.138, 43.34, 43.49, 43.587, 42.691, 40.534, 39.611, 40.742, 42.817, 43.849, 43.393, 42.478, 42.198, 42.377, 42.988, 43.603, 43.782, 43.68, 43.554, 43.928, 44.819, 45.496, 45.606, 45.159, 43.772, 41.983, 41.522, 41.672, 41.567, 41.401, 41.403, 41.509, 41.172, 40.317, 39.715, 39.461, 39.618, 40.085, 40.026, 39.576, 39.588, 40.032, 40.437, 40.41, 40.192, 40.052, 39.622, 38.872, 38.606, 38.934, 39.197, 39.268, 39.475, 39.465, 39.386, 39.546, 39.639, 39.668, 39.703, 39.841, 39.994, 39.815, 39.443, 39.26, 39.589, 40.196, 40.245, 40.392, 40.349, 39.822, 39.589, 40.075, 40.321, 39.903, 39.492, 39.216, 38.999, 38.884, 38.6, 38.387, 38.519, 38.793, 38.863, 38.699, 38.421, 38.57, 38.906, 38.939, 39.157, 39.572, 39.816, 39.823, 17.659], [17.831, 14.729, 9.031, 6.87, 4.849, 0.0, 5.411, 10.115, 15.195, 20.134, 23.106, 24.282, 25.587, 28.539, 32.627, 35.402, 36.258, 36.268, 36.55, 37.105, 37.648, 38.224, 38.844, 39.062, 38.905, 39.259, 40.449, 41.131, 41.159, 41.39, 41.792, 42.472, 43.033, 42.541, 41.972, 41.422, 40.542, 40.179, 40.085, 39.786, 39.559, 39.603, 39.75, 39.785, 39.914, 40.36, 40.811, 40.95, 40.773, 40.585, 40.712, 40.9, 40.388, 39.475, 39.004, 39.014, 38.911, 38.567, 38.101, 37.83, 37.895, 38.152, 38.331, 38.436, 38.919, 39.952, 40.523, 40.554, 40.466, 40.541, 40.552, 40.317, 40.222, 40.59, 41.075, 41.203, 41.194, 41.292, 41.25, 40.972, 40.863, 40.893, 40.723, 40.51, 40.008, 39.462, 39.627, 40.151, 40.453, 40.213, 40.181, 40.331, 40.015, 39.669, 39.777, 40.061, 39.984, 39.928, 40.192, 40.444, 40.503, 40.404, 40.336, 40.666, 41.164, 41.226, 40.732, 40.009, 39.134, 38.96, 40.265, 41.356, 42.425, 43.241, 43.427, 43.561, 43.647, 42.75, 40.63, 39.737, 40.851, 42.888, 43.897, 43.446, 42.55, 42.3, 42.517, 43.145, 43.759, 43.942, 43.855, 43.754, 44.153, 45.046, 45.704, 45.805, 45.366, 44.004, 42.242, 41.789, 41.951, 41.868, 41.71, 41.711, 41.817, 41.471, 40.607, 39.998, 39.743, 39.908, 40.38, 40.31, 39.833, 39.813, 40.232, 40.627, 40.588, 40.345, 40.177, 39.741, 39.0, 38.734, 39.071, 39.345, 39.396, 39.568, 39.559, 39.499, 39.662, 39.747, 39.788, 39.862, 40.024, 40.166, 39.979, 39.617, 39.449, 39.78, 40.394, 40.479, 40.647, 40.614, 40.135, 39.956, 40.463, 40.701, 40.286, 39.856, 39.53, 39.27, 39.14, 38.849, 38.62, 38.72, 38.959, 39.026, 38.884, 38.61, 38.744, 39.063, 39.085, 39.296, 39.707, 39.952, 39.966, 19.694], [20.477, 17.716, 12.571, 10.51, 9.276, 5.411, 0.0, 6.077, 12.695, 18.457, 21.71, 23.018, 24.417, 27.429, 31.624, 34.516, 35.423, 35.492, 35.848, 36.463, 37.089, 37.768, 38.479, 38.758, 38.627, 38.973, 40.142, 40.801, 40.828, 41.069, 41.47, 42.163, 42.754, 42.278, 41.724, 41.208, 40.352, 40.0, 39.92, 39.653, 39.452, 39.518, 39.68, 39.717, 39.858, 40.314, 40.77, 40.908, 40.728, 40.543, 40.679, 40.889, 40.413, 39.51, 39.025, 39.027, 38.922, 38.562, 38.096, 37.84, 37.895, 38.145, 38.346, 38.483, 38.997, 40.011, 40.559, 40.573, 40.469, 40.539, 40.551, 40.32, 40.233, 40.611, 41.117, 41.26, 41.271, 41.375, 41.33, 41.081, 41.006, 41.047, 40.871, 40.635, 40.097, 39.524, 39.69, 40.228, 40.524, 40.268, 40.229, 40.375, 40.055, 39.7, 39.793, 40.092, 40.043, 40.004, 40.268, 40.511, 40.577, 40.494, 40.425, 40.757, 41.279, 41.361, 40.874, 40.188, 39.359, 39.202, 40.464, 41.527, 42.649, 43.475, 43.636, 43.771, 43.883, 42.988, 40.849, 39.913, 40.988, 42.992, 43.97, 43.513, 42.629, 42.385, 42.559, 43.123, 43.706, 43.895, 43.821, 43.715, 44.085, 44.951, 45.611, 45.729, 45.299, 43.95, 42.237, 41.84, 42.031, 41.957, 41.787, 41.777, 41.895, 41.573, 40.726, 40.133, 39.873, 40.027, 40.496, 40.43, 39.953, 39.934, 40.343, 40.716, 40.651, 40.374, 40.2, 39.776, 39.028, 38.715, 39.024, 39.315, 39.388, 39.557, 39.535, 39.484, 39.657, 39.718, 39.753, 39.869, 40.068, 40.212, 40.021, 39.667, 39.524, 39.884, 40.506, 40.6, 40.781, 40.74, 40.251, 40.108, 40.67, 40.904, 40.496, 40.113, 39.806, 39.524, 39.368, 39.066, 38.835, 38.927, 39.158, 39.238, 39.107, 38.826, 38.961, 39.309, 39.343, 39.553, 39.951, 40.193, 40.205, 21.993], [21.966, 19.595, 15.388, 13.707, 12.746, 10.115, 6.077, 0.0, 7.929, 14.858, 18.647, 20.288, 22.088, 25.479, 30.005, 33.094, 34.039, 34.14, 34.561, 35.205, 35.886, 36.695, 37.524, 37.859, 37.778, 38.212, 39.447, 40.104, 40.125, 40.379, 40.761, 41.453, 42.111, 41.726, 41.277, 40.855, 40.037, 39.682, 39.57, 39.295, 39.101, 39.193, 39.393, 39.464, 39.622, 40.063, 40.51, 40.628, 40.439, 40.256, 40.374, 40.571, 40.096, 39.161, 38.628, 38.622, 38.525, 38.154, 37.678, 37.413, 37.453, 37.71, 37.954, 38.172, 38.764, 39.795, 40.353, 40.371, 40.255, 40.307, 40.312, 40.095, 40.046, 40.456, 40.987, 41.151, 41.194, 41.312, 41.254, 41.003, 40.938, 40.99, 40.836, 40.618, 40.079, 39.487, 39.633, 40.17, 40.473, 40.245, 40.213, 40.307, 39.931, 39.547, 39.635, 39.948, 39.926, 39.935, 40.24, 40.478, 40.536, 40.465, 40.401, 40.746, 41.32, 41.454, 40.983, 40.295, 39.462, 39.269, 40.508, 41.604, 42.763, 43.6, 43.751, 43.908, 44.041, 43.125, 40.972, 40.077, 41.21, 43.219, 44.177, 43.7, 42.79, 42.515, 42.641, 43.156, 43.708, 43.88, 43.787, 43.648, 43.975, 44.823, 45.506, 45.652, 45.23, 43.88, 42.204, 41.883, 42.106, 42.001, 41.795, 41.787, 41.923, 41.605, 40.749, 40.147, 39.868, 39.986, 40.423, 40.333, 39.845, 39.833, 40.233, 40.578, 40.494, 40.222, 40.086, 39.702, 38.948, 38.575, 38.834, 39.13, 39.251, 39.463, 39.413, 39.345, 39.544, 39.582, 39.577, 39.687, 39.901, 40.059, 39.882, 39.539, 39.418, 39.827, 40.473, 40.551, 40.729, 40.673, 40.135, 39.979, 40.582, 40.821, 40.4, 40.074, 39.85, 39.598, 39.429, 39.105, 38.843, 38.895, 39.109, 39.211, 39.078, 38.782, 38.968, 39.406, 39.472, 39.714, 40.126, 40.367, 40.381, 23.209], [23.659, 21.737, 18.716, 17.758, 16.979, 15.195, 12.695, 7.929, 0.0, 7.932, 12.725, 15.286, 18.309, 22.925, 28.197, 31.526, 32.48, 32.572, 33.0, 33.662, 34.403, 35.345, 36.307, 36.686, 36.628, 37.162, 38.506, 39.191, 39.233, 39.508, 39.836, 40.518, 41.302, 41.11, 40.898, 40.644, 39.88, 39.523, 39.352, 39.006, 38.759, 38.86, 39.104, 39.226, 39.412, 39.834, 40.26, 40.341, 40.143, 39.973, 40.07, 40.232, 39.723, 38.737, 38.15, 38.145, 38.091, 37.75, 37.287, 37.003, 36.993, 37.238, 37.52, 37.834, 38.546, 39.66, 40.266, 40.301, 40.18, 40.204, 40.177, 39.971, 39.988, 40.444, 40.986, 41.18, 41.275, 41.416, 41.339, 41.065, 40.982, 41.032, 40.912, 40.739, 40.226, 39.599, 39.676, 40.196, 40.519, 40.338, 40.324, 40.355, 39.903, 39.469, 39.536, 39.862, 39.88, 39.957, 40.314, 40.53, 40.556, 40.475, 40.399, 40.754, 41.376, 41.547, 41.1, 40.41, 39.521, 39.2, 40.396, 41.573, 42.746, 43.574, 43.722, 43.891, 43.983, 43.006, 40.9, 40.166, 41.418, 43.436, 44.39, 43.909, 42.985, 42.693, 42.808, 43.293, 43.795, 43.925, 43.804, 43.652, 43.974, 44.824, 45.522, 45.689, 45.281, 43.945, 42.315, 42.073, 42.323, 42.19, 41.969, 41.981, 42.134, 41.817, 40.951, 40.328, 40.028, 40.118, 40.508, 40.363, 39.824, 39.786, 40.149, 40.453, 40.351, 40.098, 40.002, 39.669, 38.949, 38.573, 38.798, 39.071, 39.208, 39.47, 39.419, 39.338, 39.562, 39.583, 39.534, 39.619, 39.81, 39.96, 39.801, 39.473, 39.366, 39.822, 40.493, 40.55, 40.727, 40.673, 40.099, 39.926, 40.556, 40.8, 40.351, 40.042, 39.877, 39.66, 39.494, 39.153, 38.837, 38.806, 38.957, 39.06, 38.926, 38.629, 38.916, 39.466, 39.555, 39.837, 40.277, 40.516, 40.538, 24.617], [26.012, 24.533, 22.49, 21.997, 21.405, 20.134, 18.457, 14.858, 7.932, 0.0, 5.749, 9.911, 14.818, 20.822, 26.76, 30.238, 31.176, 31.255, 31.671, 32.344, 33.141, 34.21, 35.343, 35.829, 35.832, 36.475, 37.902, 38.578, 38.639, 38.939, 39.201, 39.875, 40.788, 40.82, 40.891, 40.838, 40.179, 39.857, 39.622, 39.194, 38.898, 39.002, 39.274, 39.43, 39.625, 40.027, 40.444, 40.504, 40.307, 40.162, 40.254, 40.381, 39.841, 38.831, 38.205, 38.187, 38.182, 37.897, 37.484, 37.221, 37.167, 37.374, 37.651, 38.019, 38.814, 39.96, 40.581, 40.624, 40.494, 40.479, 40.424, 40.245, 40.31, 40.77, 41.296, 41.514, 41.65, 41.81, 41.722, 41.437, 41.346, 41.397, 41.31, 41.17, 40.681, 40.034, 40.027, 40.478, 40.79, 40.656, 40.668, 40.654, 40.145, 39.684, 39.743, 40.069, 40.112, 40.232, 40.618, 40.814, 40.819, 40.729, 40.644, 41.005, 41.658, 41.839, 41.403, 40.757, 39.862, 39.421, 40.539, 41.773, 42.933, 43.723, 43.86, 44.024, 44.072, 43.077, 41.066, 40.458, 41.741, 43.72, 44.66, 44.198, 43.301, 43.024, 43.148, 43.594, 44.023, 44.117, 43.999, 43.858, 44.172, 44.995, 45.674, 45.848, 45.462, 44.162, 42.586, 42.384, 42.641, 42.505, 42.303, 42.331, 42.496, 42.208, 41.383, 40.763, 40.458, 40.541, 40.908, 40.743, 40.189, 40.139, 40.462, 40.708, 40.579, 40.337, 40.255, 39.951, 39.285, 38.939, 39.142, 39.391, 39.529, 39.805, 39.763, 39.689, 39.92, 39.925, 39.848, 39.914, 40.078, 40.21, 40.067, 39.757, 39.659, 40.123, 40.785, 40.821, 40.996, 40.946, 40.357, 40.196, 40.852, 41.111, 40.677, 40.397, 40.272, 40.073, 39.911, 39.578, 39.235, 39.138, 39.235, 39.32, 39.18, 38.893, 39.241, 39.827, 39.918, 40.219, 40.671, 40.905, 40.923, 26.791], [27.753, 26.525, 24.947, 24.593, 24.104, 23.106, 21.71, 18.647, 12.725, 5.749, 0.0, 5.519, 11.98, 18.928, 25.319, 28.931, 29.874, 29.961, 30.406, 31.102, 31.927, 33.107, 34.458, 35.152, 35.325, 36.105, 37.561, 38.183, 38.247, 38.568, 38.777, 39.436, 40.451, 40.676, 40.981, 41.087, 40.544, 40.307, 40.076, 39.618, 39.303, 39.418, 39.712, 39.876, 40.058, 40.444, 40.86, 40.92, 40.734, 40.609, 40.702, 40.817, 40.276, 39.275, 38.625, 38.578, 38.604, 38.371, 38.001, 37.763, 37.693, 37.865, 38.112, 38.501, 39.331, 40.441, 41.034, 41.08, 40.943, 40.892, 40.823, 40.679, 40.765, 41.205, 41.716, 41.944, 42.092, 42.254, 42.171, 41.907, 41.83, 41.892, 41.834, 41.703, 41.211, 40.562, 40.518, 40.909, 41.193, 41.083, 41.114, 41.081, 40.548, 40.087, 40.156, 40.477, 40.52, 40.644, 41.032, 41.219, 41.217, 41.127, 41.045, 41.419, 42.089, 42.278, 41.841, 41.228, 40.356, 39.871, 40.913, 42.114, 43.231, 43.977, 44.102, 44.256, 44.306, 43.356, 41.421, 40.834, 42.068, 43.982, 44.897, 44.451, 43.586, 43.34, 43.492, 43.932, 44.328, 44.414, 44.319, 44.195, 44.495, 45.285, 45.943, 46.116, 45.741, 44.465, 42.913, 42.709, 42.964, 42.84, 42.656, 42.695, 42.877, 42.631, 41.858, 41.24, 40.907, 40.97, 41.334, 41.187, 40.649, 40.598, 40.88, 41.053, 40.893, 40.672, 40.621, 40.351, 39.727, 39.388, 39.566, 39.807, 39.945, 40.205, 40.168, 40.115, 40.352, 40.346, 40.258, 40.317, 40.468, 40.595, 40.467, 40.185, 40.114, 40.565, 41.187, 41.216, 41.402, 41.351, 40.757, 40.623, 41.305, 41.562, 41.143, 40.896, 40.801, 40.609, 40.443, 40.126, 39.796, 39.688, 39.776, 39.848, 39.694, 39.406, 39.74, 40.294, 40.375, 40.679, 41.138, 41.362, 41.363, 28.495], [28.401, 27.298, 25.885, 25.555, 25.14, 24.282, 23.018, 20.288, 15.286, 9.911, 5.519, 0.0, 7.381, 15.516, 22.777, 26.754, 27.76, 27.872, 28.39, 29.149, 30.016, 31.334, 32.994, 33.989, 34.357, 35.243, 36.711, 37.277, 37.344, 37.696, 37.889, 38.562, 39.7, 40.127, 40.629, 40.828, 40.354, 40.231, 40.097, 39.677, 39.349, 39.474, 39.795, 39.961, 40.126, 40.507, 40.937, 41.012, 40.833, 40.712, 40.81, 40.935, 40.395, 39.386, 38.708, 38.637, 38.675, 38.459, 38.073, 37.832, 37.788, 37.952, 38.161, 38.572, 39.445, 40.523, 41.087, 41.136, 40.994, 40.913, 40.835, 40.714, 40.803, 41.232, 41.753, 41.984, 42.119, 42.273, 42.201, 41.973, 41.914, 41.984, 41.938, 41.802, 41.292, 40.634, 40.597, 40.989, 41.258, 41.144, 41.192, 41.158, 40.599, 40.128, 40.206, 40.53, 40.571, 40.693, 41.085, 41.265, 41.251, 41.152, 41.07, 41.46, 42.149, 42.378, 41.964, 41.349, 40.463, 39.995, 41.028, 42.148, 43.198, 43.913, 44.033, 44.176, 44.246, 43.331, 41.366, 40.69, 41.885, 43.806, 44.739, 44.303, 43.446, 43.225, 43.423, 43.905, 44.316, 44.425, 44.368, 44.277, 44.585, 45.368, 46.027, 46.205, 45.815, 44.51, 42.928, 42.706, 42.966, 42.848, 42.663, 42.71, 42.923, 42.709, 41.956, 41.32, 40.944, 40.971, 41.338, 41.211, 40.673, 40.602, 40.838, 40.937, 40.736, 40.508, 40.49, 40.27, 39.652, 39.28, 39.446, 39.693, 39.83, 40.105, 40.094, 40.064, 40.321, 40.319, 40.242, 40.326, 40.496, 40.632, 40.515, 40.265, 40.248, 40.725, 41.328, 41.352, 41.558, 41.512, 40.886, 40.748, 41.466, 41.693, 41.209, 40.935, 40.841, 40.636, 40.455, 40.144, 39.836, 39.758, 39.866, 39.933, 39.763, 39.444, 39.723, 40.234, 40.303, 40.607, 41.073, 41.29, 41.273, 29.104], [29.203, 28.243, 26.995, 26.644, 26.299, 25.587, 24.417, 22.088, 18.309, 14.818, 11.98, 7.381, 0.0, 9.29, 18.018, 22.873, 24.1, 24.265, 24.914, 25.809, 26.783, 28.328, 30.443, 31.863, 32.462, 33.453, 34.953, 35.452, 35.517, 35.932, 36.143, 36.879, 38.192, 38.844, 39.537, 39.833, 39.441, 39.478, 39.555, 39.305, 39.025, 39.169, 39.523, 39.693, 39.833, 40.195, 40.63, 40.718, 40.552, 40.437, 40.531, 40.676, 40.159, 39.152, 38.46, 38.376, 38.413, 38.204, 37.809, 37.585, 37.603, 37.771, 37.932, 38.344, 39.235, 40.275, 40.812, 40.866, 40.704, 40.587, 40.517, 40.423, 40.492, 40.897, 41.439, 41.664, 41.775, 41.919, 41.855, 41.651, 41.614, 41.709, 41.695, 41.571, 41.04, 40.367, 40.344, 40.783, 41.073, 40.953, 41.008, 40.965, 40.375, 39.895, 39.986, 40.32, 40.359, 40.48, 40.87, 41.039, 41.013, 40.912, 40.833, 41.244, 41.977, 42.297, 41.953, 41.333, 40.408, 39.975, 41.015, 42.03, 43.03, 43.742, 43.865, 43.999, 44.105, 43.218, 41.137, 40.279, 41.444, 43.434, 44.411, 43.975, 43.105, 42.901, 43.138, 43.666, 44.111, 44.257, 44.237, 44.168, 44.483, 45.268, 45.937, 46.123, 45.703, 44.336, 42.701, 42.457, 42.726, 42.616, 42.426, 42.487, 42.75, 42.571, 41.81, 41.133, 40.708, 40.699, 41.065, 40.943, 40.393, 40.306, 40.516, 40.548, 40.288, 40.006, 40.0, 39.816, 39.159, 38.709, 38.884, 39.173, 39.332, 39.644, 39.658, 39.658, 39.968, 39.988, 39.931, 40.058, 40.277, 40.442, 40.33, 40.097, 40.141, 40.68, 41.306, 41.33, 41.56, 41.517, 40.856, 40.718, 41.469, 41.655, 41.096, 40.781, 40.666, 40.419, 40.214, 39.913, 39.637, 39.601, 39.753, 39.837, 39.657, 39.305, 39.528, 40.008, 40.075, 40.375, 40.83, 41.04, 41.007, 29.828], [31.489, 30.721, 29.742, 29.349, 29.062, 28.539, 27.429, 25.479, 22.925, 20.822, 18.928, 15.516, 9.29, 0.0, 10.097, 16.436, 18.338, 18.753, 19.682, 20.862, 22.115, 24.139, 26.999, 29.093, 30.117, 31.321, 32.864, 33.262, 33.314, 33.825, 34.086, 34.915, 36.422, 37.28, 38.117, 38.546, 38.356, 38.63, 38.967, 38.987, 38.866, 39.066, 39.442, 39.604, 39.707, 40.033, 40.448, 40.533, 40.392, 40.29, 40.361, 40.524, 40.083, 39.161, 38.509, 38.414, 38.453, 38.302, 37.999, 37.857, 37.935, 38.099, 38.189, 38.556, 39.403, 40.327, 40.803, 40.856, 40.663, 40.509, 40.461, 40.416, 40.433, 40.742, 41.264, 41.47, 41.554, 41.673, 41.602, 41.431, 41.439, 41.59, 41.646, 41.555, 41.018, 40.353, 40.347, 40.809, 41.119, 41.011, 41.06, 40.994, 40.41, 39.979, 40.093, 40.407, 40.438, 40.566, 40.929, 41.07, 41.048, 40.977, 40.914, 41.348, 42.141, 42.561, 42.324, 41.761, 40.864, 40.492, 41.448, 42.28, 43.212, 43.914, 44.035, 44.157, 44.29, 43.46, 41.329, 40.272, 41.331, 43.303, 44.263, 43.826, 42.988, 42.804, 43.023, 43.551, 44.026, 44.204, 44.204, 44.13, 44.429, 45.203, 45.863, 46.046, 45.619, 44.239, 42.588, 42.31, 42.578, 42.488, 42.298, 42.374, 42.718, 42.629, 41.906, 41.201, 40.736, 40.698, 41.059, 40.953, 40.42, 40.35, 40.572, 40.565, 40.232, 39.884, 39.879, 39.716, 39.004, 38.427, 38.578, 38.937, 39.151, 39.469, 39.485, 39.525, 39.897, 39.939, 39.879, 40.024, 40.289, 40.492, 40.394, 40.178, 40.267, 40.838, 41.473, 41.516, 41.765, 41.728, 41.118, 41.045, 41.796, 41.961, 41.443, 41.148, 41.016, 40.728, 40.505, 40.238, 40.0, 39.992, 40.2, 40.321, 40.134, 39.767, 39.942, 40.393, 40.468, 40.735, 41.139, 41.332, 41.299, 32.059], [35.015, 34.414, 33.641, 33.238, 33.008, 32.627, 31.624, 30.005, 28.197, 26.76, 25.319, 22.777, 18.018, 10.097, 0.0, 7.767, 11.154, 12.627, 14.224, 15.906, 17.764, 20.592, 24.358, 27.224, 28.834, 30.359, 31.904, 32.189, 32.25, 32.826, 33.132, 34.064, 35.737, 36.799, 37.764, 38.326, 38.408, 38.917, 39.431, 39.674, 39.727, 39.979, 40.332, 40.451, 40.525, 40.864, 41.282, 41.362, 41.254, 41.176, 41.222, 41.376, 41.016, 40.256, 39.714, 39.616, 39.664, 39.592, 39.418, 39.366, 39.472, 39.623, 39.645, 39.939, 40.712, 41.479, 41.866, 41.899, 41.684, 41.502, 41.466, 41.462, 41.421, 41.583, 42.018, 42.201, 42.267, 42.34, 42.261, 42.159, 42.22, 42.388, 42.498, 42.444, 41.951, 41.371, 41.379, 41.756, 42.024, 41.945, 41.997, 41.911, 41.381, 41.049, 41.185, 41.439, 41.469, 41.63, 41.954, 42.054, 42.034, 41.989, 41.944, 42.375, 43.145, 43.563, 43.381, 42.914, 42.137, 41.842, 42.599, 43.154, 43.925, 44.542, 44.654, 44.749, 44.835, 44.09, 42.165, 41.131, 42.013, 43.79, 44.656, 44.26, 43.531, 43.371, 43.545, 44.05, 44.525, 44.71, 44.726, 44.665, 44.97, 45.728, 46.345, 46.509, 46.114, 44.829, 43.258, 42.94, 43.175, 43.105, 42.928, 43.011, 43.41, 43.413, 42.774, 42.108, 41.652, 41.596, 41.93, 41.853, 41.378, 41.321, 41.538, 41.528, 41.18, 40.809, 40.809, 40.687, 39.983, 39.313, 39.391, 39.767, 39.995, 40.26, 40.278, 40.355, 40.748, 40.802, 40.723, 40.851, 41.132, 41.356, 41.289, 41.122, 41.241, 41.77, 42.35, 42.419, 42.668, 42.651, 42.193, 42.213, 42.916, 43.086, 42.681, 42.421, 42.271, 41.982, 41.765, 41.531, 41.323, 41.303, 41.519, 41.661, 41.483, 41.126, 41.245, 41.636, 41.71, 41.91, 42.227, 42.396, 42.378, 35.507], [37.473, 36.967, 36.298, 35.92, 35.725, 35.402, 34.516, 33.094, 31.526, 30.238, 28.931, 26.754, 22.873, 16.436, 7.767, 0.0, 4.984, 8.492, 11.186, 13.341, 15.818, 19.297, 23.532, 26.752, 28.695, 30.421, 31.944, 32.167, 32.236, 32.814, 33.11, 34.077, 35.842, 37.062, 38.181, 38.888, 39.167, 39.796, 40.376, 40.712, 40.845, 41.114, 41.437, 41.523, 41.589, 41.974, 42.413, 42.464, 42.354, 42.298, 42.331, 42.452, 42.13, 41.494, 41.046, 40.96, 41.034, 41.032, 40.94, 40.932, 41.046, 41.19, 41.186, 41.398, 42.071, 42.726, 43.061, 43.08, 42.858, 42.661, 42.622, 42.628, 42.571, 42.665, 43.033, 43.207, 43.261, 43.301, 43.228, 43.165, 43.245, 43.407, 43.531, 43.491, 43.06, 42.59, 42.596, 42.852, 43.069, 43.014, 43.068, 42.985, 42.511, 42.236, 42.37, 42.579, 42.614, 42.798, 43.087, 43.159, 43.13, 43.083, 43.045, 43.46, 44.164, 44.519, 44.333, 43.908, 43.214, 42.963, 43.574, 43.943, 44.588, 45.133, 45.236, 45.297, 45.321, 44.637, 42.959, 42.07, 42.829, 44.406, 45.19, 44.851, 44.214, 44.065, 44.207, 44.692, 45.153, 45.332, 45.356, 45.32, 45.649, 46.388, 46.951, 47.089, 46.738, 45.578, 44.127, 43.797, 44.001, 43.95, 43.798, 43.881, 44.289, 44.335, 43.741, 43.113, 42.69, 42.624, 42.913, 42.841, 42.408, 42.339, 42.52, 42.509, 42.192, 41.852, 41.867, 41.801, 41.17, 40.487, 40.486, 40.811, 41.005, 41.207, 41.248, 41.359, 41.736, 41.781, 41.699, 41.834, 42.125, 42.356, 42.327, 42.219, 42.36, 42.839, 43.367, 43.451, 43.686, 43.684, 43.347, 43.431, 44.093, 44.262, 43.917, 43.65, 43.478, 43.209, 43.012, 42.796, 42.587, 42.519, 42.684, 42.817, 42.661, 42.325, 42.41, 42.748, 42.817, 42.964, 43.221, 43.371, 43.36, 37.888], [38.114, 37.672, 37.093, 36.739, 36.552, 36.258, 35.423, 34.039, 32.48, 31.176, 29.874, 27.76, 24.1, 18.338, 11.154, 4.984, 0.0, 4.876, 8.767, 11.462, 14.186, 17.932, 22.407, 25.735, 27.765, 29.613, 31.218, 31.438, 31.493, 32.081, 32.348, 33.29, 35.135, 36.489, 37.748, 38.581, 38.969, 39.673, 40.308, 40.674, 40.812, 41.092, 41.456, 41.577, 41.636, 41.997, 42.43, 42.458, 42.331, 42.28, 42.306, 42.421, 42.115, 41.51, 41.085, 40.998, 41.095, 41.167, 41.141, 41.145, 41.26, 41.408, 41.398, 41.568, 42.209, 42.842, 43.167, 43.182, 42.954, 42.757, 42.723, 42.729, 42.674, 42.769, 43.135, 43.313, 43.37, 43.412, 43.339, 43.273, 43.353, 43.512, 43.628, 43.585, 43.173, 42.718, 42.681, 42.891, 43.108, 43.057, 43.104, 43.031, 42.573, 42.298, 42.418, 42.62, 42.665, 42.86, 43.147, 43.219, 43.185, 43.132, 43.102, 43.531, 44.239, 44.615, 44.449, 44.028, 43.334, 43.062, 43.613, 43.973, 44.647, 45.2, 45.293, 45.347, 45.373, 44.702, 43.062, 42.206, 42.952, 44.506, 45.296, 44.987, 44.373, 44.212, 44.327, 44.779, 45.219, 45.396, 45.423, 45.39, 45.723, 46.452, 46.985, 47.104, 46.764, 45.642, 44.223, 43.892, 44.092, 44.042, 43.878, 43.949, 44.374, 44.449, 43.843, 43.191, 42.758, 42.678, 42.941, 42.86, 42.439, 42.372, 42.537, 42.506, 42.194, 41.876, 41.913, 41.898, 41.318, 40.626, 40.573, 40.865, 41.046, 41.231, 41.285, 41.424, 41.808, 41.84, 41.749, 41.889, 42.187, 42.427, 42.416, 42.335, 42.497, 42.98, 43.494, 43.564, 43.788, 43.781, 43.458, 43.567, 44.23, 44.388, 44.066, 43.824, 43.661, 43.398, 43.214, 43.008, 42.792, 42.708, 42.864, 42.994, 42.841, 42.515, 42.61, 42.943, 43.005, 43.135, 43.374, 43.516, 43.503, 38.495], [37.909, 37.508, 37.026, 36.712, 36.525, 36.268, 35.492, 34.14, 32.572, 31.255, 29.961, 27.872, 24.265, 18.753, 12.627, 8.492, 4.876, 0.0, 4.841, 8.596, 11.797, 15.64, 20.25, 23.672, 25.805, 27.858, 29.677, 29.954, 30.004, 30.637, 30.951, 31.949, 33.899, 35.377, 36.74, 37.629, 38.062, 38.84, 39.533, 39.925, 40.057, 40.338, 40.762, 40.953, 41.012, 41.303, 41.719, 41.754, 41.617, 41.552, 41.571, 41.696, 41.384, 40.765, 40.347, 40.267, 40.357, 40.463, 40.497, 40.5, 40.594, 40.749, 40.745, 40.902, 41.559, 42.226, 42.568, 42.583, 42.353, 42.172, 42.155, 42.158, 42.104, 42.225, 42.616, 42.797, 42.865, 42.922, 42.834, 42.741, 42.822, 42.986, 43.088, 43.047, 42.636, 42.135, 42.041, 42.255, 42.502, 42.459, 42.503, 42.434, 41.969, 41.684, 41.803, 42.007, 42.055, 42.28, 42.613, 42.714, 42.686, 42.628, 42.599, 43.053, 43.813, 44.256, 44.114, 43.663, 42.913, 42.571, 43.103, 43.564, 44.352, 44.93, 45.011, 45.085, 45.145, 44.443, 42.712, 41.841, 42.687, 44.348, 45.182, 44.863, 44.236, 44.075, 44.205, 44.676, 45.122, 45.297, 45.307, 45.233, 45.524, 46.226, 46.74, 46.847, 46.496, 45.332, 43.832, 43.441, 43.632, 43.562, 43.352, 43.4, 43.846, 43.939, 43.291, 42.584, 42.115, 42.016, 42.262, 42.178, 41.78, 41.748, 41.938, 41.903, 41.584, 41.257, 41.302, 41.32, 40.771, 40.088, 40.035, 40.329, 40.522, 40.71, 40.757, 40.901, 41.311, 41.347, 41.233, 41.349, 41.65, 41.906, 41.895, 41.806, 41.985, 42.511, 43.033, 43.068, 43.28, 43.257, 42.887, 42.998, 43.68, 43.828, 43.529, 43.36, 43.233, 42.958, 42.768, 42.562, 42.349, 42.288, 42.48, 42.626, 42.473, 42.158, 42.285, 42.629, 42.679, 42.812, 43.049, 43.186, 43.168, 38.277], [38.015, 37.637, 37.213, 36.934, 36.764, 36.55, 35.848, 34.561, 33.0, 31.671, 30.406, 28.39, 24.914, 19.682, 14.224, 11.186, 8.767, 4.841, 0.0, 4.882, 9.346, 13.722, 18.364, 21.755, 24.03, 26.359, 28.391, 28.739, 28.819, 29.496, 29.883, 30.999, 33.022, 34.614, 36.127, 37.068, 37.509, 38.319, 39.037, 39.47, 39.626, 39.912, 40.35, 40.575, 40.668, 40.96, 41.371, 41.411, 41.277, 41.212, 41.224, 41.346, 41.026, 40.404, 40.011, 39.955, 40.014, 40.089, 40.149, 40.156, 40.216, 40.363, 40.377, 40.536, 41.172, 41.832, 42.187, 42.208, 41.98, 41.813, 41.805, 41.805, 41.753, 41.894, 42.292, 42.468, 42.544, 42.619, 42.526, 42.416, 42.508, 42.692, 42.792, 42.754, 42.338, 41.821, 41.722, 41.96, 42.226, 42.198, 42.25, 42.169, 41.689, 41.411, 41.541, 41.733, 41.755, 41.979, 42.339, 42.458, 42.425, 42.353, 42.321, 42.776, 43.556, 44.036, 43.909, 43.443, 42.675, 42.293, 42.807, 43.348, 44.234, 44.837, 44.913, 45.004, 45.081, 44.364, 42.586, 41.709, 42.617, 44.334, 45.172, 44.824, 44.196, 44.057, 44.215, 44.713, 45.167, 45.338, 45.332, 45.218, 45.457, 46.121, 46.619, 46.72, 46.36, 45.167, 43.607, 43.157, 43.328, 43.247, 43.014, 43.045, 43.49, 43.578, 42.907, 42.179, 41.709, 41.601, 41.824, 41.74, 41.38, 41.387, 41.599, 41.575, 41.258, 40.921, 40.949, 40.973, 40.459, 39.819, 39.793, 40.101, 40.318, 40.522, 40.555, 40.683, 41.1, 41.14, 41.005, 41.089, 41.389, 41.665, 41.654, 41.556, 41.743, 42.295, 42.82, 42.829, 43.03, 42.988, 42.572, 42.685, 43.377, 43.513, 43.23, 43.139, 43.06, 42.772, 42.563, 42.356, 42.159, 42.118, 42.336, 42.502, 42.361, 42.066, 42.22, 42.574, 42.619, 42.756, 42.984, 43.115, 43.092, 38.37], [38.4, 38.046, 37.668, 37.409, 37.264, 37.105, 36.463, 35.205, 33.662, 32.344, 31.102, 29.149, 25.809, 20.862, 15.906, 13.341, 11.462, 8.596, 4.882, 0.0, 5.713, 11.402, 16.575, 19.985, 22.422, 25.108, 27.38, 27.804, 27.92, 28.609, 29.014, 30.206, 32.32, 34.095, 35.827, 36.867, 37.334, 38.163, 38.892, 39.351, 39.537, 39.842, 40.277, 40.504, 40.647, 41.009, 41.441, 41.477, 41.348, 41.293, 41.301, 41.4, 41.059, 40.429, 40.043, 40.003, 40.053, 40.086, 40.115, 40.104, 40.149, 40.29, 40.315, 40.496, 41.13, 41.769, 42.119, 42.138, 41.907, 41.74, 41.734, 41.731, 41.681, 41.826, 42.217, 42.386, 42.467, 42.548, 42.464, 42.37, 42.483, 42.683, 42.787, 42.741, 42.303, 41.787, 41.705, 41.945, 42.21, 42.2, 42.262, 42.155, 41.652, 41.386, 41.535, 41.714, 41.706, 41.905, 42.258, 42.368, 42.314, 42.23, 42.205, 42.671, 43.459, 43.945, 43.813, 43.358, 42.622, 42.25, 42.761, 43.305, 44.21, 44.827, 44.906, 44.992, 45.062, 44.359, 42.61, 41.745, 42.639, 44.345, 45.168, 44.8, 44.176, 44.046, 44.203, 44.686, 45.123, 45.291, 45.287, 45.172, 45.401, 46.063, 46.572, 46.678, 46.311, 45.112, 43.558, 43.098, 43.252, 43.163, 42.931, 42.957, 43.387, 43.465, 42.79, 42.054, 41.589, 41.485, 41.706, 41.63, 41.291, 41.311, 41.538, 41.542, 41.247, 40.915, 40.927, 40.949, 40.449, 39.812, 39.783, 40.106, 40.364, 40.602, 40.625, 40.733, 41.145, 41.178, 41.029, 41.1, 41.411, 41.704, 41.696, 41.599, 41.785, 42.331, 42.845, 42.841, 43.035, 42.975, 42.539, 42.651, 43.336, 43.46, 43.178, 43.127, 43.095, 42.819, 42.601, 42.398, 42.218, 42.183, 42.414, 42.6, 42.476, 42.199, 42.364, 42.723, 42.772, 42.918, 43.145, 43.271, 43.242, 38.737], [38.722, 38.4, 38.112, 37.883, 37.74, 37.648, 37.089, 35.886, 34.403, 33.141, 31.927, 30.016, 26.783, 22.115, 17.764, 15.818, 14.186, 11.797, 9.346, 5.713, 0.0, 6.954, 13.454, 17.569, 20.446, 23.584, 26.167, 26.711, 26.848, 27.522, 27.926, 29.184, 31.447, 33.448, 35.371, 36.512, 37.058, 37.968, 38.771, 39.268, 39.46, 39.77, 40.22, 40.464, 40.626, 41.025, 41.499, 41.556, 41.422, 41.361, 41.365, 41.447, 41.076, 40.423, 40.02, 39.981, 40.046, 40.069, 40.057, 39.998, 40.034, 40.182, 40.197, 40.404, 41.099, 41.758, 42.09, 42.095, 41.866, 41.708, 41.707, 41.705, 41.661, 41.818, 42.214, 42.391, 42.48, 42.552, 42.455, 42.372, 42.503, 42.696, 42.784, 42.724, 42.272, 41.744, 41.644, 41.863, 42.128, 42.138, 42.21, 42.09, 41.577, 41.319, 41.472, 41.644, 41.628, 41.821, 42.181, 42.288, 42.223, 42.134, 42.117, 42.607, 43.415, 43.907, 43.763, 43.319, 42.608, 42.251, 42.782, 43.324, 44.178, 44.758, 44.834, 44.914, 44.971, 44.269, 42.517, 41.652, 42.542, 44.237, 45.05, 44.684, 44.074, 43.947, 44.106, 44.592, 45.015, 45.172, 45.174, 45.072, 45.318, 46.01, 46.547, 46.657, 46.278, 45.076, 43.528, 43.058, 43.194, 43.086, 42.847, 42.871, 43.295, 43.368, 42.678, 41.913, 41.426, 41.325, 41.566, 41.517, 41.199, 41.233, 41.491, 41.544, 41.282, 40.953, 40.951, 40.962, 40.44, 39.764, 39.72, 40.055, 40.331, 40.576, 40.602, 40.709, 41.124, 41.157, 41.005, 41.086, 41.417, 41.719, 41.706, 41.604, 41.792, 42.324, 42.811, 42.8, 42.999, 42.93, 42.487, 42.598, 43.265, 43.386, 43.096, 43.032, 43.007, 42.741, 42.535, 42.344, 42.172, 42.136, 42.389, 42.598, 42.482, 42.224, 42.409, 42.772, 42.826, 42.988, 43.23, 43.354, 43.316, 39.034], [39.165, 38.86, 38.63, 38.426, 38.275, 38.224, 37.768, 36.695, 35.345, 34.21, 33.107, 31.334, 28.328, 24.139, 20.592, 19.297, 17.932, 15.64, 13.722, 11.402, 6.954, 0.0, 7.771, 13.526, 17.749, 21.636, 24.575, 25.337, 25.508, 26.099, 26.538, 27.917, 30.24, 32.362, 34.415, 35.672, 36.382, 37.453, 38.434, 39.076, 39.301, 39.587, 40.038, 40.319, 40.491, 40.879, 41.4, 41.511, 41.378, 41.305, 41.315, 41.413, 41.059, 40.423, 40.015, 39.966, 40.01, 40.009, 40.001, 39.92, 39.931, 40.091, 40.114, 40.312, 41.047, 41.742, 42.064, 42.058, 41.843, 41.721, 41.748, 41.749, 41.719, 41.911, 42.328, 42.515, 42.613, 42.67, 42.532, 42.425, 42.555, 42.727, 42.788, 42.732, 42.308, 41.779, 41.634, 41.835, 42.13, 42.16, 42.216, 42.094, 41.601, 41.357, 41.506, 41.686, 41.686, 41.908, 42.301, 42.428, 42.38, 42.301, 42.286, 42.783, 43.595, 44.081, 43.921, 43.472, 42.752, 42.347, 42.866, 43.485, 44.338, 44.868, 44.937, 45.033, 45.088, 44.35, 42.527, 41.624, 42.547, 44.233, 45.02, 44.667, 44.084, 43.963, 44.145, 44.673, 45.092, 45.215, 45.192, 45.057, 45.273, 45.964, 46.507, 46.609, 46.229, 45.041, 43.488, 42.986, 43.106, 42.991, 42.739, 42.755, 43.169, 43.216, 42.478, 41.685, 41.203, 41.11, 41.362, 41.35, 41.076, 41.151, 41.472, 41.594, 41.375, 41.042, 41.001, 40.977, 40.456, 39.809, 39.783, 40.13, 40.394, 40.592, 40.615, 40.731, 41.153, 41.198, 41.048, 41.123, 41.45, 41.74, 41.7, 41.577, 41.757, 42.267, 42.724, 42.716, 42.931, 42.861, 42.414, 42.535, 43.191, 43.32, 43.026, 42.92, 42.847, 42.568, 42.382, 42.219, 42.062, 42.013, 42.267, 42.488, 42.381, 42.149, 42.373, 42.762, 42.832, 43.005, 43.245, 43.355, 43.308, 39.439], [39.69, 39.397, 39.188, 38.999, 38.854, 38.844, 38.479, 37.524, 36.307, 35.343, 34.458, 32.994, 30.443, 26.999, 24.358, 23.532, 22.407, 20.25, 18.364, 16.575, 13.454, 7.771, 0.0, 7.525, 14.128, 19.478, 23.024, 24.161, 24.405, 24.848, 25.332, 26.846, 29.074, 31.143, 33.274, 34.673, 35.53, 36.698, 37.811, 38.607, 38.885, 39.151, 39.596, 39.918, 40.135, 40.531, 41.087, 41.262, 41.152, 41.072, 41.094, 41.23, 40.916, 40.295, 39.883, 39.823, 39.8, 39.725, 39.728, 39.665, 39.662, 39.847, 39.931, 40.1, 40.789, 41.497, 41.834, 41.831, 41.623, 41.54, 41.604, 41.602, 41.585, 41.831, 42.276, 42.469, 42.573, 42.622, 42.443, 42.293, 42.425, 42.608, 42.677, 42.663, 42.293, 41.782, 41.606, 41.791, 42.129, 42.204, 42.238, 42.084, 41.603, 41.375, 41.533, 41.727, 41.739, 41.987, 42.42, 42.579, 42.554, 42.486, 42.472, 42.968, 43.774, 44.246, 44.031, 43.517, 42.744, 42.232, 42.71, 43.476, 44.454, 45.02, 45.096, 45.232, 45.306, 44.546, 42.674, 41.76, 42.762, 44.5, 45.306, 44.97, 44.374, 44.22, 44.405, 44.957, 45.345, 45.42, 45.349, 45.139, 45.267, 45.912, 46.45, 46.553, 46.181, 45.001, 43.446, 42.927, 43.034, 42.91, 42.641, 42.648, 43.038, 43.012, 42.16, 41.315, 40.868, 40.801, 41.052, 41.047, 40.793, 40.906, 41.297, 41.495, 41.318, 40.966, 40.853, 40.794, 40.347, 39.843, 39.891, 40.258, 40.543, 40.72, 40.724, 40.826, 41.232, 41.273, 41.104, 41.129, 41.407, 41.658, 41.574, 41.416, 41.576, 42.069, 42.523, 42.52, 42.731, 42.655, 42.186, 42.303, 42.956, 43.11, 42.839, 42.732, 42.658, 42.389, 42.22, 42.085, 41.952, 41.898, 42.144, 42.382, 42.303, 42.123, 42.431, 42.898, 43.007, 43.181, 43.383, 43.468, 43.408, 39.891], [39.658, 39.415, 39.304, 39.152, 39.021, 39.062, 38.758, 37.859, 36.686, 35.829, 35.152, 33.989, 31.863, 29.093, 27.224, 26.752, 25.735, 23.672, 21.755, 19.985, 17.569, 13.526, 7.525, 0.0, 8.463, 15.911, 20.812, 22.53, 22.93, 23.371, 23.894, 25.599, 27.91, 29.959, 32.21, 33.723, 34.514, 35.529, 36.517, 37.279, 37.579, 37.871, 38.354, 38.728, 38.996, 39.435, 40.035, 40.252, 40.143, 40.043, 40.08, 40.231, 39.885, 39.176, 38.721, 38.666, 38.582, 38.409, 38.362, 38.328, 38.357, 38.582, 38.734, 38.926, 39.623, 40.432, 40.833, 40.824, 40.592, 40.515, 40.589, 40.549, 40.515, 40.817, 41.307, 41.528, 41.676, 41.766, 41.566, 41.363, 41.504, 41.721, 41.791, 41.807, 41.457, 40.903, 40.646, 40.83, 41.233, 41.369, 41.419, 41.225, 40.698, 40.457, 40.631, 40.834, 40.829, 41.085, 41.586, 41.795, 41.774, 41.688, 41.663, 42.168, 43.012, 43.526, 43.291, 42.726, 41.895, 41.276, 41.747, 42.668, 43.823, 44.499, 44.585, 44.746, 44.852, 44.07, 42.129, 41.253, 42.435, 44.377, 45.283, 44.911, 44.222, 44.007, 44.158, 44.665, 45.005, 45.066, 44.986, 44.732, 44.788, 45.406, 45.98, 46.114, 45.728, 44.476, 42.874, 42.367, 42.464, 42.294, 41.998, 42.017, 42.38, 42.238, 41.229, 40.287, 39.816, 39.762, 40.026, 39.981, 39.684, 39.824, 40.267, 40.501, 40.331, 39.925, 39.742, 39.669, 39.278, 38.914, 39.064, 39.439, 39.76, 40.022, 40.027, 40.094, 40.479, 40.503, 40.304, 40.258, 40.479, 40.704, 40.586, 40.386, 40.534, 41.087, 41.6, 41.559, 41.755, 41.658, 41.103, 41.232, 41.964, 42.148, 41.919, 41.965, 42.04, 41.802, 41.613, 41.461, 41.325, 41.3, 41.602, 41.9, 41.843, 41.697, 42.115, 42.691, 42.831, 43.001, 43.167, 43.254, 43.189, 39.753], [39.119, 38.97, 39.041, 38.966, 38.844, 38.905, 38.627, 37.778, 36.628, 35.832, 35.325, 34.357, 32.462, 30.117, 28.834, 28.695, 27.765, 25.805, 24.03, 22.422, 20.446, 17.749, 14.128, 8.463, 0.0, 9.305, 16.29, 18.938, 19.564, 20.225, 20.953, 23.077, 25.802, 27.942, 30.335, 31.932, 32.567, 33.38, 34.201, 34.904, 35.232, 35.58, 36.147, 36.589, 36.891, 37.383, 38.067, 38.327, 38.191, 38.066, 38.134, 38.327, 37.931, 37.078, 36.546, 36.504, 36.403, 36.16, 36.028, 36.02, 36.116, 36.381, 36.541, 36.79, 37.637, 38.679, 39.192, 39.166, 38.878, 38.787, 38.85, 38.734, 38.645, 38.986, 39.542, 39.818, 40.039, 40.211, 39.999, 39.708, 39.828, 40.063, 40.091, 40.087, 39.711, 39.052, 38.705, 38.995, 39.519, 39.678, 39.761, 39.591, 38.989, 38.653, 38.816, 39.064, 39.039, 39.264, 39.804, 40.057, 40.05, 39.958, 39.915, 40.422, 41.348, 41.99, 41.819, 41.24, 40.351, 39.683, 40.244, 41.322, 42.628, 43.398, 43.479, 43.646, 43.778, 42.929, 40.78, 39.849, 41.241, 43.457, 44.469, 44.013, 43.215, 42.977, 43.103, 43.565, 43.919, 44.037, 43.994, 43.726, 43.739, 44.344, 44.953