[[0.0, 3.367, 8.98, 15.474, 18.586, 18.999, 20.807, 25.302, 27.789, 27.812, 29.132, 31.838, 33.763, 35.364, 37.494, 38.865, 40.191, 41.3, 41.216, 40.966, 40.974, 41.103, 41.206, 42.133, 43.289, 43.96, 43.96, 43.565, 43.678, 44.064, 44.168, 44.092, 43.839, 43.668, 44.047, 45.34, 46.837, 47.479, 47.415, 47.354, 48.291, 50.111, 51.37, 51.786, 52.611, 54.425, 56.419, 57.73, 58.253, 59.363, 60.816, 61.03, 60.299, 58.892, 57.324, 56.784, 56.433, 56.098, 55.567, 53.921, 51.348, 48.353, 45.132, 43.708, 43.592, 43.12, 41.714, 40.689, 40.419, 40.331, 40.185, 39.986, 39.986, 40.099, 40.261, 40.291, 40.284, 40.671, 40.775, 40.224, 39.005, 39.113, 40.62, 41.125, 40.734, 40.876, 41.041, 40.174, 39.671, 39.786, 39.674, 39.491, 39.775, 40.281, 40.519, 40.732, 41.082, 41.761, 43.047, 44.199, 44.451, 44.13, 44.038, 44.741, 45.283, 43.988, 41.566, 41.015, 41.882, 42.307, 41.919, 42.099, 42.752, 42.791, 43.028, 44.683, 46.272, 46.72, 46.677, 46.36, 46.007, 45.914, 46.056, 46.329, 46.626, 46.84, 46.873, 46.943, 46.914, 46.679, 46.602, 46.378, 45.495, 44.321, 43.766, 43.735, 43.41, 43.126, 43.451, 43.199, 42.742, 42.29, 42.06, 41.987, 6.227], [3.367, 0.0, 6.839, 14.062, 17.444, 17.967, 20.039, 24.811, 27.399, 27.443, 28.811, 31.58, 33.541, 35.143, 37.272, 38.636, 39.959, 41.077, 41.007, 40.77, 40.792, 40.928, 41.037, 41.957, 43.105, 43.783, 43.8, 43.42, 43.529, 43.919, 44.032, 43.956, 43.687, 43.488, 43.853, 45.152, 46.658, 47.299, 47.23, 47.173, 48.125, 49.967, 51.239, 51.66, 52.508, 54.349, 56.357, 57.672, 58.2, 59.314, 60.778, 60.994, 60.255, 58.85, 57.299, 56.773, 56.428, 56.096, 55.558, 53.894, 51.304, 48.294, 45.04, 43.591, 43.47, 42.988, 41.552, 40.501, 40.224, 40.133, 39.984, 39.777, 39.775, 39.89, 40.056, 40.09, 40.081, 40.452, 40.55, 40.03, 38.831, 38.907, 40.398, 40.909, 40.528, 40.675, 40.841, 39.991, 39.522, 39.648, 39.536, 39.36, 39.653, 40.158, 40.398, 40.623, 40.984, 41.662, 42.944, 44.091, 44.329, 43.996, 43.901, 44.607, 45.15, 43.858, 41.436, 40.888, 41.769, 42.2, 41.798, 41.969, 42.61, 42.618, 42.836, 44.524, 46.156, 46.616, 46.571, 46.248, 45.894, 45.81, 45.961, 46.236, 46.53, 46.743, 46.773, 46.839, 46.806, 46.57, 46.493, 46.262, 45.365, 44.176, 43.611, 43.587, 43.264, 42.97, 43.295, 43.05, 42.596, 42.149, 41.913, 41.824, 7.551], [8.98, 6.839, 0.0, 8.016, 12.318, 13.498, 16.825, 22.854, 25.971, 26.078, 27.556, 30.595, 32.784, 34.588, 36.938, 38.429, 39.776, 40.899, 40.894, 40.764, 40.774, 40.807, 41.072, 42.359, 43.667, 44.349, 44.329, 43.921, 44.001, 44.378, 44.508, 44.442, 44.165, 43.96, 44.313, 45.529, 46.923, 47.495, 47.413, 47.352, 48.261, 50.032, 51.267, 51.701, 52.563, 54.346, 56.272, 57.515, 57.978, 59.016, 60.416, 60.614, 59.889, 58.524, 57.025, 56.537, 56.233, 55.937, 55.423, 53.793, 51.272, 48.398, 45.345, 44.027, 43.916, 43.452, 42.138, 41.244, 41.015, 40.934, 40.854, 40.716, 40.729, 40.857, 41.035, 41.059, 41.018, 41.353, 41.411, 40.923, 39.627, 39.4, 40.642, 41.088, 40.722, 40.866, 41.042, 40.264, 39.758, 39.817, 39.779, 39.648, 39.843, 40.277, 40.505, 40.702, 41.026, 41.636, 42.817, 43.865, 44.031, 43.692, 43.636, 44.31, 44.747, 43.478, 41.3, 40.961, 41.852, 42.262, 41.885, 42.05, 42.634, 42.687, 43.125, 45.004, 46.664, 47.151, 47.139, 46.817, 46.456, 46.378, 46.545, 46.814, 47.084, 47.281, 47.311, 47.373, 47.344, 47.122, 47.038, 46.813, 45.975, 44.861, 44.311, 44.305, 44.021, 43.735, 44.028, 43.796, 43.359, 42.919, 42.718, 42.688, 11.127], [15.474, 14.062, 8.016, 0.0, 5.46, 8.485, 14.238, 21.537, 25.132, 25.322, 26.82, 30.046, 32.453, 34.473, 37.044, 38.663, 40.002, 41.099, 41.173, 41.187, 41.192, 41.091, 41.531, 43.254, 44.758, 45.454, 45.413, 45.011, 45.088, 45.453, 45.598, 45.552, 45.298, 45.114, 45.454, 46.546, 47.774, 48.251, 48.151, 48.097, 48.943, 50.58, 51.734, 52.17, 53.027, 54.697, 56.493, 57.628, 57.997, 58.932, 60.241, 60.414, 59.716, 58.41, 56.95, 56.506, 56.259, 56.009, 55.544, 53.995, 51.61, 48.952, 46.194, 45.066, 44.972, 44.536, 43.401, 42.743, 42.598, 42.532, 42.538, 42.501, 42.535, 42.653, 42.826, 42.836, 42.775, 43.078, 43.087, 42.651, 41.315, 40.784, 41.693, 42.034, 41.691, 41.831, 42.021, 41.339, 40.794, 40.752, 40.778, 40.694, 40.767, 41.095, 41.298, 41.446, 41.691, 42.183, 43.205, 44.106, 44.183, 43.844, 43.817, 44.411, 44.695, 43.497, 41.715, 41.655, 42.518, 42.885, 42.566, 42.732, 43.233, 43.339, 44.028, 46.069, 47.687, 48.165, 48.177, 47.874, 47.524, 47.453, 47.626, 47.868, 48.086, 48.254, 48.288, 48.353, 48.334, 48.134, 48.042, 47.833, 47.093, 46.089, 45.551, 45.556, 45.318, 45.039, 45.287, 45.074, 44.677, 44.274, 44.138, 44.195, 16.875], [18.586, 17.444, 12.318, 5.46, 0.0, 5.254, 13.281, 21.296, 25.092, 25.366, 26.878, 30.154, 32.639, 34.739, 37.364, 38.988, 40.284, 41.341, 41.436, 41.521, 41.556, 41.425, 41.914, 43.756, 45.318, 46.023, 45.996, 45.624, 45.711, 46.084, 46.246, 46.216, 45.99, 45.828, 46.153, 47.175, 48.317, 48.739, 48.629, 48.582, 49.411, 50.994, 52.104, 52.525, 53.361, 54.976, 56.724, 57.818, 58.148, 59.05, 60.33, 60.491, 59.805, 58.532, 57.083, 56.668, 56.452, 56.234, 55.805, 54.301, 51.979, 49.411, 46.763, 45.706, 45.631, 45.216, 44.142, 43.569, 43.468, 43.401, 43.437, 43.458, 43.511, 43.606, 43.756, 43.763, 43.703, 43.974, 43.95, 43.555, 42.261, 41.617, 42.344, 42.624, 42.295, 42.426, 42.612, 41.98, 41.451, 41.377, 41.404, 41.335, 41.384, 41.678, 41.867, 41.985, 42.184, 42.615, 43.55, 44.375, 44.425, 44.101, 44.087, 44.649, 44.89, 43.774, 42.216, 42.272, 43.109, 43.46, 43.179, 43.347, 43.803, 43.896, 44.615, 46.657, 48.224, 48.682, 48.701, 48.417, 48.087, 48.022, 48.185, 48.395, 48.579, 48.734, 48.777, 48.853, 48.845, 48.659, 48.564, 48.365, 47.674, 46.724, 46.191, 46.195, 45.976, 45.688, 45.91, 45.714, 45.352, 44.994, 44.893, 44.975, 19.693], [18.999, 17.967, 13.498, 8.485, 5.254, 0.0, 9.335, 18.481, 22.824, 23.195, 24.929, 28.622, 31.364, 33.67, 36.494, 38.164, 39.476, 40.546, 40.602, 40.657, 40.742, 40.666, 41.097, 42.895, 44.532, 45.283, 45.264, 44.906, 45.046, 45.468, 45.647, 45.624, 45.416, 45.26, 45.584, 46.681, 47.927, 48.388, 48.276, 48.235, 49.134, 50.824, 51.987, 52.409, 53.276, 54.973, 56.813, 57.984, 58.366, 59.32, 60.641, 60.806, 60.116, 58.857, 57.421, 56.989, 56.733, 56.508, 56.071, 54.494, 52.037, 49.291, 46.445, 45.269, 45.188, 44.747, 43.544, 42.829, 42.695, 42.622, 42.608, 42.587, 42.637, 42.731, 42.886, 42.909, 42.882, 43.176, 43.164, 42.772, 41.552, 41.004, 41.782, 42.081, 41.751, 41.86, 42.017, 41.357, 40.847, 40.791, 40.763, 40.66, 40.763, 41.111, 41.304, 41.434, 41.678, 42.174, 43.193, 44.121, 44.244, 43.92, 43.895, 44.519, 44.812, 43.583, 41.803, 41.741, 42.609, 42.986, 42.687, 42.87, 43.36, 43.403, 44.013, 46.074, 47.708, 48.161, 48.152, 47.846, 47.512, 47.443, 47.586, 47.792, 48.001, 48.183, 48.238, 48.324, 48.319, 48.126, 48.037, 47.836, 47.118, 46.124, 45.571, 45.57, 45.334, 45.03, 45.265, 45.051, 44.668, 44.296, 44.153, 44.181, 19.855], [20.807, 20.039, 16.825, 14.238, 13.281, 9.335, 0.0, 10.426, 16.043, 16.612, 18.783, 23.6, 27.136, 30.079, 33.562, 35.531, 36.941, 38.059, 38.035, 38.011, 38.208, 38.354, 38.827, 40.683, 42.578, 43.472, 43.491, 43.16, 43.42, 43.935, 44.122, 44.113, 43.956, 43.832, 44.175, 45.473, 47.02, 47.628, 47.519, 47.485, 48.54, 50.449, 51.734, 52.197, 53.144, 55.021, 57.064, 58.438, 58.962, 60.02, 61.4, 61.57, 60.856, 59.574, 58.133, 57.637, 57.272, 56.971, 56.47, 54.742, 52.033, 48.957, 45.692, 44.213, 44.079, 43.562, 42.087, 41.054, 40.817, 40.734, 40.625, 40.465, 40.466, 40.572, 40.763, 40.843, 40.912, 41.314, 41.369, 40.962, 39.901, 39.737, 40.81, 41.219, 40.892, 40.953, 41.066, 40.346, 39.85, 39.805, 39.64, 39.434, 39.646, 40.112, 40.322, 40.495, 40.843, 41.494, 42.744, 43.927, 44.179, 43.809, 43.726, 44.459, 44.812, 43.194, 40.713, 40.312, 41.233, 41.646, 41.325, 41.596, 42.203, 42.171, 42.63, 44.846, 46.675, 47.112, 47.032, 46.663, 46.29, 46.203, 46.334, 46.568, 46.836, 47.059, 47.123, 47.209, 47.181, 46.963, 46.887, 46.669, 45.847, 44.728, 44.147, 44.138, 43.851, 43.52, 43.786, 43.509, 43.032, 42.587, 42.327, 42.202, 21.286], [25.302, 24.811, 22.854, 21.537, 21.296, 18.481, 10.426, 0.0, 6.973, 8.576, 12.398, 18.732, 23.255, 26.925, 31.078, 33.406, 34.861, 35.958, 35.881, 35.795, 36.146, 36.608, 37.197, 39.095, 41.21, 42.235, 42.307, 42.018, 42.365, 42.941, 43.138, 43.149, 43.058, 42.994, 43.349, 44.749, 46.469, 47.174, 47.072, 47.038, 48.193, 50.238, 51.605, 52.115, 53.137, 55.134, 57.307, 58.845, 59.514, 60.669, 62.089, 62.262, 61.54, 60.245, 58.778, 58.218, 57.751, 57.348, 56.785, 54.989, 52.186, 48.957, 45.41, 43.669, 43.474, 42.899, 41.259, 40.065, 39.773, 39.691, 39.568, 39.365, 39.352, 39.468, 39.69, 39.836, 40.003, 40.508, 40.631, 40.236, 39.439, 39.776, 41.16, 41.68, 41.405, 41.45, 41.507, 40.759, 40.351, 40.354, 40.061, 39.738, 40.004, 40.515, 40.717, 40.927, 41.342, 42.069, 43.439, 44.742, 45.037, 44.574, 44.348, 45.073, 45.46, 43.587, 40.526, 39.728, 40.582, 41.002, 40.697, 41.022, 41.696, 41.598, 41.892, 44.203, 46.185, 46.581, 46.443, 46.038, 45.644, 45.542, 45.672, 45.946, 46.252, 46.486, 46.539, 46.6, 46.55, 46.327, 46.272, 46.044, 45.154, 43.963, 43.387, 43.374, 43.044, 42.698, 42.992, 42.686, 42.116, 41.614, 41.284, 41.038, 25.608], [27.789, 27.399, 25.971, 25.132, 25.092, 22.824, 16.043, 6.973, 0.0, 4.375, 11.112, 18.019, 22.771, 26.555, 30.72, 33.125, 34.599, 35.666, 35.584, 35.451, 35.824, 36.409, 36.998, 38.779, 40.88, 41.915, 41.997, 41.716, 42.051, 42.613, 42.805, 42.807, 42.715, 42.673, 43.058, 44.479, 46.209, 46.922, 46.817, 46.785, 47.961, 50.031, 51.408, 51.923, 52.954, 54.975, 57.177, 58.773, 59.516, 60.733, 62.191, 62.376, 61.648, 60.333, 58.817, 58.224, 57.72, 57.267, 56.683, 54.89, 52.115, 48.901, 45.294, 43.463, 43.24, 42.659, 41.026, 39.871, 39.596, 39.522, 39.427, 39.256, 39.272, 39.398, 39.626, 39.803, 40.006, 40.536, 40.677, 40.303, 39.682, 40.301, 41.839, 42.404, 42.172, 42.231, 42.255, 41.485, 41.139, 41.203, 40.878, 40.492, 40.732, 41.206, 41.387, 41.613, 42.037, 42.751, 44.105, 45.388, 45.662, 45.137, 44.803, 45.463, 45.873, 44.015, 40.817, 39.811, 40.554, 40.971, 40.684, 40.984, 41.646, 41.521, 41.681, 43.906, 45.916, 46.29, 46.146, 45.747, 45.353, 45.246, 45.38, 45.678, 46.004, 46.244, 46.28, 46.315, 46.259, 46.05, 46.009, 45.782, 44.878, 43.689, 43.135, 43.12, 42.798, 42.489, 42.825, 42.541, 41.942, 41.422, 41.088, 40.826, 28.117], [27.812, 27.443, 26.078, 25.322, 25.366, 23.195, 16.612, 8.576, 4.375, 0.0, 8.11, 16.175, 21.489, 25.547, 29.9, 32.388, 33.945, 35.076, 35.0, 34.859, 35.267, 35.949, 36.648, 38.576, 40.813, 41.904, 42.0, 41.706, 42.018, 42.554, 42.73, 42.741, 42.659, 42.617, 43.008, 44.475, 46.268, 47.011, 46.917, 46.898, 48.085, 50.156, 51.53, 52.037, 53.059, 55.09, 57.313, 58.919, 59.65, 60.846, 62.302, 62.489, 61.743, 60.397, 58.853, 58.264, 57.76, 57.31, 56.736, 54.955, 52.194, 48.989, 45.361, 43.505, 43.271, 42.674, 41.042, 39.889, 39.609, 39.534, 39.43, 39.225, 39.234, 39.375, 39.608, 39.787, 39.996, 40.507, 40.616, 40.263, 39.659, 40.262, 41.769, 42.324, 42.086, 42.141, 42.177, 41.428, 41.079, 41.136, 40.826, 40.462, 40.72, 41.195, 41.375, 41.604, 42.029, 42.761, 44.143, 45.436, 45.714, 45.203, 44.902, 45.601, 46.015, 44.119, 40.879, 39.869, 40.609, 41.026, 40.753, 41.08, 41.761, 41.642, 41.819, 44.02, 45.997, 46.38, 46.243, 45.836, 45.434, 45.327, 45.465, 45.766, 46.086, 46.309, 46.329, 46.357, 46.298, 46.081, 46.036, 45.803, 44.882, 43.683, 43.135, 43.121, 42.807, 42.509, 42.837, 42.556, 41.962, 41.44, 41.103, 40.833, 28.121], [29.132, 28.811, 27.556, 26.82, 26.878, 24.929, 18.783, 12.398, 11.112, 8.11, 0.0, 9.529, 16.229, 21.427, 26.683, 29.571, 31.296, 32.588, 32.544, 32.442, 33.166, 34.249, 35.314, 37.854, 40.676, 42.014, 42.208, 41.95, 42.265, 42.801, 42.981, 43.02, 43.032, 43.062, 43.389, 44.768, 46.584, 47.398, 47.399, 47.383, 48.433, 50.36, 51.688, 52.187, 53.171, 55.15, 57.344, 58.907, 59.542, 60.6, 61.978, 62.161, 61.395, 59.999, 58.414, 57.839, 57.351, 56.909, 56.352, 54.619, 51.953, 48.862, 45.33, 43.54, 43.29, 42.685, 41.191, 40.239, 40.02, 39.914, 39.846, 39.673, 39.688, 39.852, 40.098, 40.26, 40.445, 40.892, 40.936, 40.672, 40.161, 40.678, 42.043, 42.571, 42.339, 42.358, 42.399, 41.737, 41.406, 41.441, 41.167, 40.87, 41.189, 41.698, 41.884, 42.1, 42.505, 43.254, 44.657, 45.933, 46.206, 45.736, 45.489, 46.202, 46.568, 44.624, 41.375, 40.406, 41.136, 41.521, 41.287, 41.699, 42.421, 42.352, 42.654, 44.819, 46.676, 47.081, 46.975, 46.583, 46.176, 46.05, 46.186, 46.478, 46.755, 46.926, 46.922, 46.96, 46.899, 46.652, 46.579, 46.361, 45.486, 44.336, 43.801, 43.783, 43.45, 43.062, 43.248, 42.951, 42.434, 41.983, 41.63, 41.27, 29.291], [31.838, 31.58, 30.595, 30.046, 30.154, 28.622, 23.6, 18.732, 18.019, 16.175, 9.529, 0.0, 8.134, 15.434, 22.204, 25.703, 27.676, 29.181, 29.189, 29.176, 30.352, 31.924, 33.285, 36.4, 39.939, 41.637, 42.005, 41.876, 42.305, 42.922, 43.116, 43.158, 43.298, 43.473, 43.732, 44.927, 46.717, 47.647, 47.799, 47.784, 48.595, 50.265, 51.506, 51.995, 52.919, 54.777, 56.887, 58.407, 58.965, 59.896, 61.198, 61.398, 60.647, 59.213, 57.543, 56.907, 56.423, 55.972, 55.383, 53.693, 51.163, 48.25, 44.912, 43.272, 43.035, 42.469, 41.217, 40.641, 40.569, 40.398, 40.394, 40.377, 40.461, 40.646, 40.901, 41.031, 41.16, 41.516, 41.517, 41.349, 40.99, 41.503, 42.778, 43.3, 43.107, 43.112, 43.145, 42.569, 42.321, 42.364, 42.095, 41.845, 42.23, 42.764, 42.949, 43.157, 43.529, 44.242, 45.593, 46.779, 46.998, 46.542, 46.317, 47.013, 47.365, 45.478, 42.293, 41.34, 42.054, 42.401, 42.186, 42.606, 43.316, 43.27, 43.578, 45.583, 47.296, 47.705, 47.641, 47.292, 46.893, 46.74, 46.859, 47.132, 47.364, 47.485, 47.465, 47.525, 47.482, 47.213, 47.1, 46.91, 46.129, 45.092, 44.593, 44.563, 44.205, 43.723, 43.755, 43.446, 43.035, 42.696, 42.36, 41.91, 31.906], [33.763, 33.541, 32.784, 32.453, 32.639, 31.364, 27.136, 23.255, 22.771, 21.489, 16.229, 8.134, 0.0, 9.052, 17.56, 21.967, 24.293, 26.04, 26.156, 26.31, 27.847, 29.719, 31.21, 34.673, 38.717, 40.693, 41.233, 41.306, 41.931, 42.651, 42.853, 42.896, 43.142, 43.435, 43.649, 44.704, 46.48, 47.535, 47.828, 47.865, 48.57, 50.085, 51.27, 51.771, 52.666, 54.434, 56.487, 58.008, 58.56, 59.464, 60.767, 61.001, 60.242, 58.739, 56.987, 56.268, 55.775, 55.327, 54.71, 53.039, 50.58, 47.752, 44.525, 42.98, 42.759, 42.245, 41.139, 40.777, 40.817, 40.587, 40.566, 40.626, 40.761, 40.941, 41.19, 41.294, 41.376, 41.665, 41.66, 41.527, 41.282, 41.867, 43.154, 43.701, 43.565, 43.61, 43.637, 43.087, 42.95, 43.046, 42.75, 42.486, 42.891, 43.429, 43.615, 43.836, 44.221, 44.947, 46.283, 47.412, 47.582, 47.111, 46.88, 47.593, 48.023, 46.239, 43.071, 42.032, 42.71, 43.042, 42.8, 43.165, 43.846, 43.783, 43.939, 45.699, 47.305, 47.693, 47.667, 47.377, 47.011, 46.852, 46.946, 47.199, 47.417, 47.527, 47.517, 47.6, 47.568, 47.29, 47.158, 46.978, 46.235, 45.248, 44.768, 44.724, 44.347, 43.825, 43.779, 43.451, 43.11, 42.863, 42.592, 42.153, 33.806], [35.364, 35.143, 34.588, 34.473, 34.739, 33.67, 30.079, 26.925, 26.555, 25.547, 21.427, 15.434, 9.052, 0.0, 10.099, 16.267, 19.491, 21.734, 22.126, 22.581, 24.612, 26.986, 28.848, 32.763, 37.189, 39.369, 40.101, 40.439, 41.286, 42.099, 42.301, 42.372, 42.727, 43.108, 43.307, 44.283, 46.026, 47.167, 47.566, 47.658, 48.344, 49.804, 50.967, 51.486, 52.373, 54.1, 56.134, 57.68, 58.268, 59.202, 60.536, 60.796, 60.007, 58.402, 56.574, 55.809, 55.334, 54.919, 54.311, 52.67, 50.273, 47.506, 44.329, 42.819, 42.62, 42.175, 41.106, 40.771, 40.846, 40.612, 40.575, 40.64, 40.795, 40.969, 41.192, 41.264, 41.331, 41.615, 41.633, 41.467, 41.337, 42.126, 43.555, 44.161, 44.07, 44.178, 44.211, 43.629, 43.59, 43.8, 43.486, 43.132, 43.48, 43.99, 44.168, 44.401, 44.823, 45.595, 46.937, 48.043, 48.196, 47.704, 47.428, 48.123, 48.663, 47.029, 43.824, 42.542, 43.065, 43.368, 43.092, 43.415, 44.106, 44.034, 43.946, 45.382, 46.908, 47.28, 47.275, 47.038, 46.73, 46.592, 46.667, 46.907, 47.142, 47.275, 47.288, 47.372, 47.323, 47.04, 46.909, 46.717, 45.933, 44.909, 44.423, 44.376, 43.989, 43.448, 43.363, 43.009, 42.685, 42.48, 42.26, 41.874, 35.425], [37.494, 37.272, 36.938, 37.044, 37.364, 36.494, 33.562, 31.078, 30.72, 29.9, 26.683, 22.204, 17.56, 10.099, 0.0, 8.332, 13.6, 17.002, 17.865, 18.726, 21.4, 24.459, 26.795, 31.116, 35.78, 38.117, 39.027, 39.64, 40.77, 41.74, 41.968, 42.086, 42.565, 43.023, 43.219, 44.18, 45.933, 47.125, 47.56, 47.686, 48.409, 49.889, 51.046, 51.566, 52.439, 54.144, 56.164, 57.724, 58.352, 59.33, 60.683, 60.946, 60.143, 58.488, 56.621, 55.827, 55.375, 55.008, 54.411, 52.783, 50.428, 47.71, 44.57, 43.076, 42.921, 42.552, 41.468, 41.071, 41.142, 40.95, 40.933, 41.008, 41.177, 41.356, 41.567, 41.616, 41.682, 41.994, 42.039, 41.839, 41.803, 42.797, 44.355, 44.988, 44.897, 45.05, 45.106, 44.473, 44.476, 44.786, 44.471, 44.04, 44.325, 44.81, 44.977, 45.195, 45.604, 46.36, 47.656, 48.715, 48.861, 48.373, 48.043, 48.679, 49.311, 47.88, 44.711, 43.207, 43.536, 43.798, 43.526, 43.853, 44.562, 44.493, 44.213, 45.32, 46.746, 47.075, 47.025, 46.808, 46.559, 46.457, 46.526, 46.749, 47.007, 47.184, 47.214, 47.282, 47.221, 46.942, 46.808, 46.59, 45.75, 44.673, 44.169, 44.12, 43.727, 43.168, 43.101, 42.752, 42.397, 42.18, 41.986, 41.665, 37.577], [38.865, 38.636, 38.429, 38.663, 38.988, 38.164, 35.531, 33.406, 33.125, 32.388, 29.571, 25.703, 21.967, 16.267, 8.332, 0.0, 7.288, 12.588, 14.25, 15.436, 18.618, 22.217, 24.903, 29.614, 34.548, 37.003, 37.996, 38.813, 40.228, 41.374, 41.658, 41.834, 42.417, 42.929, 43.092, 44.025, 45.816, 47.042, 47.477, 47.627, 48.417, 49.955, 51.117, 51.635, 52.523, 54.224, 56.229, 57.796, 58.458, 59.474, 60.841, 61.107, 60.328, 58.704, 56.842, 56.016, 55.555, 55.201, 54.61, 52.987, 50.65, 47.955, 44.845, 43.369, 43.243, 42.9, 41.782, 41.34, 41.414, 41.232, 41.197, 41.266, 41.448, 41.634, 41.853, 41.899, 41.938, 42.237, 42.255, 42.051, 42.083, 43.119, 44.677, 45.297, 45.21, 45.399, 45.471, 44.802, 44.808, 45.152, 44.854, 44.431, 44.711, 45.188, 45.359, 45.575, 45.965, 46.688, 47.936, 48.952, 49.082, 48.595, 48.25, 48.859, 49.524, 48.217, 45.159, 43.62, 43.864, 44.103, 43.839, 44.156, 44.843, 44.784, 44.476, 45.465, 46.812, 47.07, 46.953, 46.722, 46.508, 46.435, 46.498, 46.691, 46.942, 47.14, 47.179, 47.25, 47.211, 46.944, 46.804, 46.584, 45.742, 44.644, 44.119, 44.078, 43.667, 43.057, 43.017, 42.685, 42.278, 42.021, 41.867, 41.65, 38.948], [40.191, 39.959, 39.776, 40.002, 40.284, 39.476, 36.941, 34.861, 34.599, 33.945, 31.296, 27.676, 24.293, 19.491, 13.6, 7.288, 0.0, 6.91, 10.17, 12.229, 15.629, 19.56, 22.973, 28.632, 34.014, 36.538, 37.579, 38.568, 40.144, 41.373, 41.715, 41.957, 42.625, 43.18, 43.283, 44.092, 45.813, 47.035, 47.484, 47.649, 48.44, 49.964, 51.121, 51.656, 52.554, 54.208, 56.167, 57.726, 58.406, 59.419, 60.761, 61.032, 60.286, 58.704, 56.866, 56.065, 55.638, 55.309, 54.759, 53.211, 50.972, 48.385, 45.407, 44.012, 43.891, 43.581, 42.538, 42.168, 42.275, 42.085, 42.025, 42.104, 42.295, 42.469, 42.677, 42.714, 42.729, 43.005, 42.976, 42.775, 42.821, 43.75, 45.197, 45.798, 45.748, 45.966, 46.034, 45.388, 45.395, 45.715, 45.454, 45.06, 45.294, 45.723, 45.886, 46.105, 46.5, 47.21, 48.411, 49.383, 49.486, 48.987, 48.637, 49.205, 49.819, 48.567, 45.671, 44.215, 44.407, 44.612, 44.385, 44.701, 45.319, 45.274, 45.077, 46.106, 47.343, 47.524, 47.393, 47.187, 47.007, 46.946, 46.995, 47.155, 47.374, 47.558, 47.596, 47.672, 47.65, 47.396, 47.253, 47.043, 46.229, 45.147, 44.642, 44.627, 44.221, 43.584, 43.51, 43.187, 42.759, 42.508, 42.462, 42.396, 40.262], [41.3, 41.077, 40.899, 41.099, 41.341, 40.546, 38.059, 35.958, 35.666, 35.076, 32.588, 29.181, 26.04, 21.734, 17.002, 12.588, 6.91, 0.0, 5.29, 9.524, 13.41, 17.349, 21.37, 28.02, 33.84, 36.42, 37.52, 38.654, 40.309, 41.56, 41.939, 42.23, 42.942, 43.515, 43.589, 44.321, 45.981, 47.183, 47.627, 47.797, 48.57, 50.055, 51.211, 51.769, 52.664, 54.268, 56.197, 57.761, 58.469, 59.493, 60.82, 61.089, 60.35, 58.784, 56.965, 56.221, 55.838, 55.529, 55.005, 53.514, 51.349, 48.829, 45.918, 44.548, 44.423, 44.147, 43.175, 42.863, 42.998, 42.799, 42.728, 42.835, 43.038, 43.199, 43.389, 43.421, 43.427, 43.684, 43.629, 43.437, 43.432, 44.221, 45.566, 46.162, 46.131, 46.341, 46.398, 45.808, 45.842, 46.125, 45.883, 45.523, 45.725, 46.109, 46.256, 46.46, 46.84, 47.53, 48.708, 49.668, 49.769, 49.265, 48.912, 49.459, 50.022, 48.752, 45.945, 44.598, 44.795, 44.991, 44.82, 45.175, 45.754, 45.7, 45.576, 46.653, 47.806, 47.925, 47.784, 47.597, 47.429, 47.359, 47.386, 47.526, 47.722, 47.888, 47.926, 48.008, 47.992, 47.742, 47.592, 47.377, 46.567, 45.513, 45.045, 45.045, 44.655, 44.035, 43.963, 43.665, 43.226, 42.997, 43.041, 43.059, 41.359], [41.216, 41.007, 40.894, 41.173, 41.436, 40.602, 38.035, 35.881, 35.584, 35.0, 32.544, 29.189, 26.156, 22.126, 17.865, 14.25, 10.17, 5.29, 0.0, 6.122, 11.799, 16.453, 20.348, 27.043, 33.093, 35.782, 36.943, 38.145, 39.884, 41.201, 41.6, 41.902, 42.63, 43.206, 43.276, 44.048, 45.784, 47.023, 47.458, 47.623, 48.406, 49.913, 51.095, 51.674, 52.588, 54.223, 56.189, 57.785, 58.516, 59.564, 60.925, 61.208, 60.444, 58.815, 56.959, 56.227, 55.843, 55.531, 54.998, 53.471, 51.241, 48.617, 45.567, 44.117, 43.976, 43.662, 42.636, 42.28, 42.407, 42.182, 42.078, 42.162, 42.372, 42.544, 42.736, 42.768, 42.765, 43.007, 42.968, 42.789, 42.802, 43.66, 45.077, 45.697, 45.655, 45.857, 45.92, 45.336, 45.396, 45.689, 45.43, 45.074, 45.308, 45.703, 45.852, 46.059, 46.433, 47.135, 48.359, 49.372, 49.508, 49.002, 48.636, 49.205, 49.791, 48.467, 45.557, 44.184, 44.43, 44.655, 44.496, 44.907, 45.546, 45.474, 45.297, 46.369, 47.539, 47.661, 47.506, 47.286, 47.086, 47.002, 47.031, 47.19, 47.399, 47.564, 47.602, 47.695, 47.679, 47.409, 47.247, 47.033, 46.206, 45.131, 44.648, 44.634, 44.22, 43.577, 43.543, 43.244, 42.78, 42.531, 42.546, 42.508, 41.25], [40.966, 40.77, 40.764, 41.187, 41.521, 40.657, 38.011, 35.795, 35.451, 34.859, 32.442, 29.176, 26.31, 22.581, 18.726, 15.436, 12.229, 9.524, 6.122, 0.0, 7.806, 14.715, 19.225, 25.664, 31.73, 34.518, 35.757, 37.054, 38.923, 40.332, 40.755, 41.08, 41.853, 42.468, 42.56, 43.413, 45.274, 46.576, 47.017, 47.179, 47.992, 49.568, 50.797, 51.374, 52.312, 54.06, 56.135, 57.772, 58.512, 59.6, 61.021, 61.324, 60.543, 58.878, 57.004, 56.264, 55.868, 55.541, 54.976, 53.37, 51.024, 48.26, 45.041, 43.5, 43.351, 42.982, 41.829, 41.363, 41.458, 41.223, 41.104, 41.161, 41.373, 41.571, 41.771, 41.806, 41.825, 42.078, 42.038, 41.829, 41.925, 43.012, 44.603, 45.262, 45.193, 45.381, 45.445, 44.81, 44.848, 45.196, 44.937, 44.547, 44.805, 45.229, 45.385, 45.599, 45.965, 46.667, 47.938, 49.015, 49.185, 48.669, 48.282, 48.865, 49.49, 48.14, 45.102, 43.619, 43.86, 44.109, 43.946, 44.39, 45.101, 45.04, 44.791, 45.825, 47.028, 47.161, 46.98, 46.712, 46.479, 46.396, 46.446, 46.641, 46.883, 47.058, 47.09, 47.185, 47.163, 46.867, 46.701, 46.506, 45.675, 44.55, 44.024, 44.011, 43.59, 42.948, 42.968, 42.667, 42.166, 41.859, 41.8, 41.697, 40.988], [40.974, 40.792, 40.774, 41.192, 41.556, 40.742, 38.208, 36.146, 35.824, 35.267, 33.166, 30.352, 27.847, 24.612, 21.4, 18.618, 15.629, 13.41, 11.799, 7.806, 0.0, 8.986, 16.031, 24.077, 30.394, 33.059, 34.295, 35.802, 37.864, 39.334, 39.767, 40.106, 40.89, 41.552, 41.716, 42.638, 44.56, 45.884, 46.339, 46.55, 47.471, 49.162, 50.438, 51.026, 52.001, 53.837, 56.018, 57.72, 58.493, 59.654, 61.131, 61.431, 60.675, 59.107, 57.314, 56.593, 56.196, 55.865, 55.299, 53.687, 51.331, 48.578, 45.388, 43.837, 43.704, 43.363, 42.142, 41.574, 41.657, 41.472, 41.377, 41.461, 41.676, 41.875, 42.078, 42.121, 42.172, 42.483, 42.41, 42.058, 41.927, 42.905, 44.529, 45.213, 45.112, 45.286, 45.34, 44.655, 44.654, 45.065, 44.869, 44.455, 44.654, 45.051, 45.202, 45.415, 45.747, 46.367, 47.563, 48.595, 48.716, 48.158, 47.768, 48.379, 49.002, 47.634, 44.645, 43.219, 43.472, 43.729, 43.55, 43.902, 44.539, 44.5, 44.346, 45.534, 46.784, 46.857, 46.614, 46.314, 46.075, 46.011, 46.088, 46.308, 46.577, 46.77, 46.805, 46.893, 46.882, 46.61, 46.464, 46.268, 45.431, 44.308, 43.785, 43.777, 43.378, 42.818, 42.934, 42.665, 42.14, 41.81, 41.798, 41.801, 41.009], [41.103, 40.928, 40.807, 41.091, 41.425, 40.666, 38.354, 36.608, 36.409, 35.949, 34.249, 31.924, 29.719, 26.986, 24.459, 22.217, 19.56, 17.349, 16.453, 14.715, 8.986, 0.0, 10.185, 21.651, 29.111, 31.729, 32.877, 34.669, 37.004, 38.554, 38.992, 39.317, 40.072, 40.756, 41.012, 42.007, 43.956, 45.297, 45.768, 46.037, 47.073, 48.86, 50.162, 50.808, 51.857, 53.684, 55.865, 57.622, 58.455, 59.677, 61.179, 61.482, 60.766, 59.282, 57.554, 56.848, 56.447, 56.131, 55.616, 54.059, 51.738, 49.047, 45.974, 44.466, 44.335, 44.047, 42.88, 42.348, 42.458, 42.329, 42.255, 42.382, 42.601, 42.776, 42.98, 43.019, 43.048, 43.408, 43.354, 42.879, 42.371, 43.004, 44.536, 45.226, 45.128, 45.332, 45.407, 44.714, 44.693, 45.114, 44.991, 44.615, 44.746, 45.082, 45.217, 45.426, 45.721, 46.234, 47.279, 48.169, 48.182, 47.555, 47.124, 47.706, 48.308, 46.99, 44.151, 42.869, 43.213, 43.504, 43.29, 43.531, 44.06, 44.053, 44.084, 45.519, 46.829, 46.841, 46.564, 46.275, 46.038, 45.971, 46.062, 46.297, 46.57, 46.773, 46.813, 46.902, 46.913, 46.679, 46.539, 46.313, 45.464, 44.384, 43.902, 43.876, 43.454, 42.933, 43.119, 42.885, 42.377, 42.092, 42.188, 42.352, 41.176], [41.206, 41.037, 41.072, 41.531, 41.914, 41.097, 38.827, 37.197, 36.998, 36.648, 35.314, 33.285, 31.21, 28.848, 26.795, 24.903, 22.973, 21.37, 20.348, 19.225, 16.031, 10.185, 0.0, 13.965, 23.728, 27.16, 28.474, 30.832, 33.96, 35.917, 36.428, 36.793, 37.674, 38.458, 38.754, 39.95, 42.212, 43.757, 44.298, 44.609, 45.737, 47.691, 49.123, 49.855, 50.982, 52.892, 55.199, 57.153, 58.154, 59.502, 61.126, 61.502, 60.781, 59.216, 57.421, 56.664, 56.221, 55.904, 55.381, 53.739, 51.232, 48.295, 44.985, 43.36, 43.2, 42.882, 41.641, 41.04, 41.134, 40.997, 40.877, 41.01, 41.269, 41.429, 41.635, 41.689, 41.712, 42.12, 42.186, 41.688, 41.295, 42.312, 44.094, 44.822, 44.756, 45.053, 45.163, 44.37, 44.306, 44.712, 44.513, 44.116, 44.294, 44.642, 44.764, 45.007, 45.371, 45.955, 47.055, 47.973, 47.994, 47.323, 46.795, 47.345, 48.051, 46.77, 43.617, 41.966, 42.389, 42.798, 42.449, 42.613, 43.217, 43.127, 42.834, 44.147, 45.548, 45.511, 45.238, 45.006, 44.779, 44.674, 44.735, 45.014, 45.365, 45.609, 45.653, 45.757, 45.776, 45.521, 45.37, 45.132, 44.25, 43.155, 42.695, 42.654, 42.152, 41.595, 41.871, 41.641, 41.099, 40.861, 40.992, 41.129, 41.364], [42.133, 41.957, 42.359, 43.254, 43.756, 42.895, 40.683, 39.095, 38.779, 38.576, 37.854, 36.4, 34.673, 32.763, 31.116, 29.614, 28.632, 28.02, 27.043, 25.664, 24.077, 21.651, 13.965, 0.0, 12.489, 17.946, 20.083, 23.547, 28.273, 31.075, 31.772, 32.313, 33.6, 34.646, 34.885, 36.266, 39.065, 41.01, 41.699, 42.057, 43.314, 45.515, 47.127, 47.938, 49.147, 51.249, 53.779, 56.016, 57.307, 58.932, 60.807, 61.29, 60.537, 58.84, 56.939, 56.098, 55.615, 55.275, 54.657, 52.835, 50.066, 46.795, 43.13, 41.361, 41.212, 40.885, 39.47, 38.675, 38.737, 38.585, 38.426, 38.627, 39.0, 39.163, 39.376, 39.492, 39.602, 40.075, 40.253, 39.775, 39.96, 41.993, 44.328, 45.142, 45.082, 45.437, 45.543, 44.559, 44.406, 44.784, 44.364, 43.797, 44.045, 44.451, 44.577, 44.902, 45.439, 46.243, 47.565, 48.666, 48.799, 48.135, 47.54, 48.113, 49.018, 47.755, 44.009, 41.574, 41.884, 42.38, 41.824, 41.89, 42.693, 42.435, 41.294, 41.991, 43.468, 43.402, 43.136, 42.982, 42.787, 42.642, 42.642, 42.968, 43.444, 43.759, 43.813, 43.942, 43.965, 43.675, 43.543, 43.355, 42.505, 41.415, 40.983, 40.968, 40.429, 39.844, 40.198, 39.937, 39.321, 39.08, 39.162, 39.123, 42.4], [43.289, 43.105, 43.667, 44.758, 45.318, 44.532, 42.578, 41.21, 40.88, 40.813, 40.676, 39.939, 38.717, 37.189, 35.78, 34.548, 34.014, 33.84, 33.093, 31.73, 30.394, 29.111, 23.728, 12.489, 0.0, 7.647, 12.141, 17.653, 24.0, 27.513, 28.417, 29.239, 30.981, 32.317, 32.544, 33.948, 37.011, 39.198, 39.976, 40.409, 41.862, 44.234, 45.901, 46.757, 48.025, 50.194, 52.788, 55.114, 56.514, 58.293, 60.327, 60.882, 60.13, 58.405, 56.501, 55.649, 55.177, 54.847, 54.197, 52.344, 49.56, 46.262, 42.594, 40.855, 40.754, 40.497, 39.061, 38.193, 38.261, 38.137, 38.012, 38.348, 38.813, 38.968, 39.174, 39.34, 39.521, 40.019, 40.228, 39.787, 40.289, 42.739, 45.257, 46.077, 45.979, 46.311, 46.395, 45.353, 45.16, 45.488, 44.966, 44.321, 44.573, 44.98, 45.1, 45.44, 46.02, 46.888, 48.276, 49.426, 49.578, 48.929, 48.343, 48.919, 49.896, 48.709, 44.871, 42.13, 42.229, 42.687, 42.083, 42.18, 43.128, 42.817, 41.211, 41.409, 42.821, 42.746, 42.489, 42.374, 42.201, 42.053, 42.027, 42.337, 42.828, 43.154, 43.216, 43.365, 43.417, 43.157, 43.071, 42.937, 42.183, 41.175, 40.792, 40.825, 40.369, 39.87, 40.226, 39.924, 39.282, 38.986, 39.037, 39.0, 43.594], [43.96, 43.783, 44.349, 45.454, 46.023, 45.283, 43.472, 42.235, 41.915, 41.904, 42.014, 41.637, 40.693, 39.369, 38.117, 37.003, 36.538, 36.42, 35.782, 34.518, 33.059, 31.729, 27.16, 17.946, 7.647, 0.0, 6.855, 14.946, 22.445, 26.276, 27.31, 28.326, 30.266, 31.753, 32.059, 33.44, 36.488, 38.704, 39.484, 40.0, 41.678, 44.177, 45.847, 46.74, 48.072, 50.252, 52.852, 55.202, 56.61, 58.404, 60.474, 61.062, 60.351, 58.711, 56.901, 56.085, 55.616, 55.29, 54.653, 52.83, 50.076, 46.809, 43.191, 41.468, 41.383, 41.156, 39.719, 38.816, 38.877, 38.768, 38.641, 39.018, 39.497, 39.637, 39.839, 40.021, 40.208, 40.689, 40.889, 40.439, 40.935, 43.352, 45.836, 46.633, 46.505, 46.808, 46.882, 45.863, 45.689, 46.007, 45.488, 44.863, 45.109, 45.496, 45.604, 45.922, 46.457, 47.272, 48.614, 49.717, 49.827, 49.162, 48.581, 49.154, 50.145, 49.043, 45.347, 42.662, 42.727, 43.171, 42.571, 42.679, 43.617, 43.292, 41.615, 41.708, 43.05, 42.903, 42.608, 42.505, 42.344, 42.192, 42.149, 42.442, 42.916, 43.225, 43.282, 43.456, 43.562, 43.359, 43.305, 43.174, 42.432, 41.451, 41.101, 41.157, 40.735, 40.311, 40.735, 40.429, 39.773, 39.481, 39.572, 39.602, 44.253], [43.96, 43.8, 44.329, 45.413, 45.996, 45.264, 43.491, 42.307, 41.997, 42.0, 42.208, 42.005, 41.233, 40.101, 39.027, 37.996, 37.579, 37.52, 36.943, 35.757, 34.295, 32.877, 28.474, 20.083, 12.141, 6.855, 0.0, 10.076, 19.189, 23.712, 24.993, 26.183, 28.359, 30.11, 30.546, 31.944, 35.078, 37.408, 38.235, 38.833, 40.752, 43.456, 45.194, 46.13, 47.55, 49.81, 52.469, 54.894, 56.4, 58.273, 60.37, 60.961, 60.315, 58.823, 57.125, 56.323, 55.846, 55.521, 54.898, 53.089, 50.32, 47.032, 43.406, 41.687, 41.613, 41.364, 39.864, 38.885, 38.923, 38.831, 38.75, 39.167, 39.649, 39.779, 40.016, 40.247, 40.45, 40.923, 41.105, 40.64, 41.062, 43.376, 45.827, 46.624, 46.478, 46.76, 46.817, 45.799, 45.624, 45.936, 45.431, 44.821, 45.055, 45.426, 45.53, 45.835, 46.36, 47.176, 48.516, 49.602, 49.691, 49.021, 48.448, 49.03, 50.023, 48.936, 45.276, 42.611, 42.711, 43.165, 42.496, 42.504, 43.37, 43.038, 41.347, 41.404, 42.655, 42.429, 42.134, 42.067, 41.912, 41.737, 41.667, 41.949, 42.417, 42.702, 42.727, 42.909, 43.062, 42.885, 42.84, 42.727, 42.045, 41.141, 40.83, 40.897, 40.504, 40.186, 40.77, 40.494, 39.841, 39.625, 39.801, 39.864, 44.225], [43.565, 43.42, 43.921, 45.011, 45.624, 44.906, 43.16, 42.018, 41.716, 41.706, 41.95, 41.876, 41.306, 40.439, 39.64, 38.813, 38.568, 38.654, 38.145, 37.054, 35.802, 34.669, 30.832, 23.547, 17.653, 14.946, 10.076, 0.0, 10.752, 16.635, 18.496, 19.9, 22.581, 25.012, 25.761, 27.392, 31.023, 33.734, 34.694, 35.47, 37.827, 40.928, 42.824, 43.786, 45.288, 47.721, 50.545, 53.134, 54.861, 56.961, 59.165, 59.74, 59.182, 57.994, 56.526, 55.798, 55.328, 55.009, 54.396, 52.595, 49.837, 46.57, 42.976, 41.302, 41.244, 40.949, 39.376, 38.368, 38.403, 38.367, 38.467, 39.015, 39.516, 39.663, 39.985, 40.309, 40.57, 41.07, 41.242, 40.783, 41.174, 43.435, 45.891, 46.686, 46.51, 46.75, 46.779, 45.728, 45.474, 45.73, 45.209, 44.589, 44.794, 45.151, 45.248, 45.537, 46.078, 46.955, 48.341, 49.43, 49.51, 48.854, 48.311, 48.924, 49.902, 48.75, 45.027, 42.311, 42.424, 42.861, 42.025, 41.77, 42.517, 42.161, 40.377, 40.3, 41.479, 41.317, 41.135, 41.127, 40.983, 40.803, 40.726, 40.998, 41.443, 41.671, 41.604, 41.74, 41.928, 41.769, 41.723, 41.685, 41.257, 40.653, 40.457, 40.543, 40.295, 40.199, 40.877, 40.6, 40.0, 39.89, 40.099, 40.121, 43.809], [43.678, 43.529, 44.001, 45.088, 45.711, 45.046, 43.42, 42.365, 42.051, 42.018, 42.265, 42.305, 41.931, 41.286, 40.77, 40.228, 40.144, 40.309, 39.884, 38.923, 37.864, 37.004, 33.96, 28.273, 24.0, 22.445, 19.189, 10.752, 0.0, 7.054, 9.976, 11.914, 15.327, 18.681, 19.956, 22.157, 26.539, 29.641, 30.719, 31.736, 34.597, 38.081, 40.077, 40.968, 42.427, 44.951, 47.902, 50.616, 52.568, 54.942, 57.296, 57.855, 57.373, 56.566, 55.533, 55.093, 54.702, 54.398, 53.837, 52.13, 49.498, 46.366, 42.927, 41.345, 41.268, 40.942, 39.448, 38.592, 38.665, 38.647, 38.875, 39.552, 40.074, 40.25, 40.621, 40.974, 41.24, 41.724, 41.858, 41.43, 41.787, 43.927, 46.322, 47.095, 46.899, 47.093, 47.098, 46.065, 45.787, 46.008, 45.506, 44.929, 45.138, 45.493, 45.588, 45.85, 46.368, 47.244, 48.609, 49.631, 49.661, 49.015, 48.52, 49.151, 50.096, 48.961, 45.378, 42.751, 42.863, 43.27, 42.32, 41.814, 42.373, 41.936, 40.005, 39.665, 40.76, 40.771, 40.752, 40.823, 40.719, 40.57, 40.53, 40.824, 41.251, 41.414, 41.245, 41.298, 41.474, 41.327, 41.271, 41.288, 41.11, 40.84, 40.802, 40.907, 40.845, 40.963, 41.622, 41.359, 40.864, 40.847, 41.055, 41.03, 43.911], [44.064, 43.919, 44.378, 45.453, 46.084, 45.468, 43.935, 42.941, 42.613, 42.554, 42.801, 42.922, 42.651, 42.099, 41.74, 41.374, 41.373, 41.56, 41.201, 40.332, 39.334, 38.554, 35.917, 31.075, 27.513, 26.276, 23.712, 16.635, 7.054, 0.0, 4.039, 7.403, 11.724, 15.597, 17.308, 20.167, 25.07, 28.299, 29.374, 30.533, 33.642, 37.234, 39.202, 40.013, 41.41, 43.922, 46.888, 49.617, 51.639, 54.108, 56.53, 57.111, 56.65, 55.981, 55.213, 55.015, 54.704, 54.402, 53.882, 52.257, 49.726, 46.701, 43.376, 41.835, 41.73, 41.387, 39.959, 39.21, 39.311, 39.28, 39.512, 40.207, 40.721, 40.904, 41.273, 41.612, 41.865, 42.331, 42.431, 42.024, 42.35, 44.383, 46.697, 47.439, 47.239, 47.413, 47.409, 46.422, 46.196, 46.426, 45.947, 45.406, 45.628, 45.985, 46.077, 46.328, 46.834, 47.701, 49.048, 50.036, 50.039, 49.397, 48.931, 49.568, 50.483, 49.366, 45.923, 43.391, 43.484, 43.869, 42.904, 42.31, 42.749, 42.25, 40.207, 39.594, 40.557, 40.662, 40.75, 40.888, 40.826, 40.699, 40.681, 41.008, 41.453, 41.605, 41.406, 41.412, 41.557, 41.417, 41.361, 41.386, 41.319, 41.243, 41.311, 41.421, 41.444, 41.633, 42.241, 41.991, 41.561, 41.594, 41.804, 41.762, 44.281], [44.168, 44.032, 44.508, 45.598, 46.246, 45.647, 44.122, 43.138, 42.805, 42.73, 42.981, 43.116, 42.853, 42.301, 41.968, 41.658, 41.715, 41.939, 41.6, 40.755, 39.767, 38.992, 36.428, 31.772, 28.417, 27.31, 24.993, 18.496, 9.976, 4.039, 0.0, 4.602, 9.99, 14.42, 16.518, 19.873, 25.087, 28.378, 29.43, 30.637, 33.795, 37.37, 39.307, 40.097, 41.492, 44.006, 46.97, 49.704, 51.74, 54.217, 56.657, 57.267, 56.812, 56.126, 55.383, 55.239, 54.963, 54.664, 54.129, 52.493, 49.959, 46.931, 43.593, 42.029, 41.921, 41.596, 40.175, 39.417, 39.513, 39.47, 39.675, 40.34, 40.839, 41.021, 41.388, 41.724, 41.977, 42.436, 42.532, 42.134, 42.467, 44.486, 46.776, 47.507, 47.304, 47.474, 47.465, 46.486, 46.28, 46.523, 46.041, 45.494, 45.728, 46.094, 46.183, 46.43, 46.935, 47.802, 49.152, 50.153, 50.173, 49.543, 49.091, 49.739, 50.648, 49.518, 46.094, 43.572, 43.653, 44.028, 43.058, 42.439, 42.847, 42.329, 40.236, 39.533, 40.465, 40.587, 40.697, 40.845, 40.792, 40.677, 40.672, 41.025, 41.495, 41.656, 41.455, 41.448, 41.58, 41.443, 41.392, 41.416, 41.367, 41.347, 41.452, 41.563, 41.608, 41.809, 42.401, 42.154, 41.729, 41.751, 41.937, 41.857, 44.381], [44.092, 43.956, 44.442, 45.552, 46.216, 45.624, 44.113, 43.149, 42.807, 42.741, 43.02, 43.158, 42.896, 42.372, 42.086, 41.834, 41.957, 42.23, 41.902, 41.08, 40.106, 39.317, 36.793, 32.313, 29.239, 28.326, 26.183, 19.9, 11.914, 7.403, 4.602, 0.0, 6.33, 11.817, 14.712, 18.701, 24.216, 27.606, 28.665, 29.948, 33.244, 36.92, 38.911, 39.695, 41.093, 43.681, 46.721, 49.504, 51.595, 54.135, 56.618, 57.245, 56.821, 56.206, 55.501, 55.371, 55.115, 54.817, 54.25, 52.574, 50.008, 46.942, 43.537, 41.911, 41.796, 41.506, 40.113, 39.36, 39.456, 39.411, 39.611, 40.254, 40.739, 40.926, 41.304, 41.653, 41.911, 42.365, 42.467, 42.07, 42.418, 44.465, 46.792, 47.545, 47.343, 47.506, 47.478, 46.46, 46.24, 46.493, 46.006, 45.446, 45.688, 46.067, 46.155, 46.396, 46.892, 47.75, 49.1, 50.112, 50.16, 49.555, 49.119, 49.779, 50.686, 49.55, 46.146, 43.622, 43.699, 44.073, 43.049, 42.33, 42.704, 42.182, 40.051, 39.336, 40.308, 40.442, 40.531, 40.655, 40.598, 40.507, 40.547, 40.951, 41.464, 41.644, 41.422, 41.388, 41.52, 41.396, 41.342, 41.362, 41.313, 41.283, 41.376, 41.489, 41.577, 41.838, 42.457, 42.221, 41.77, 41.749, 41.896, 41.771, 44.305], [43.839, 43.687, 44.165, 45.298, 45.99, 45.416, 43.956, 43.058, 42.715, 42.659, 43.032, 43.298, 43.142, 42.727, 42.565, 42.417, 42.625, 42.942, 42.63, 41.853, 40.89, 40.072, 37.674, 33.6, 30.981, 30.266, 28.359, 22.581, 15.327, 11.724, 9.99, 6.33, 0.0, 6.476, 11.05, 16.573, 22.54, 25.893, 26.857, 28.329, 32.075, 36.103, 38.249, 39.041, 40.498, 43.288, 46.507, 49.388, 51.546, 54.157, 56.685, 57.312, 56.91, 56.404, 55.819, 55.745, 55.497, 55.187, 54.604, 52.892, 50.28, 47.165, 43.656, 41.909, 41.752, 41.462, 40.063, 39.289, 39.362, 39.329, 39.491, 40.035, 40.469, 40.661, 41.05, 41.405, 41.669, 42.131, 42.237, 41.818, 42.139, 44.197, 46.573, 47.348, 47.133, 47.289, 47.248, 46.198, 45.999, 46.286, 45.801, 45.244, 45.512, 45.911, 45.999, 46.237, 46.725, 47.577, 48.935, 49.969, 50.047, 49.467, 49.057, 49.744, 50.647, 49.504, 46.17, 43.707, 43.799, 44.183, 43.1, 42.239, 42.55, 42.012, 39.836, 39.097, 40.143, 40.316, 40.367, 40.439, 40.375, 40.325, 40.432, 40.914, 41.508, 41.737, 41.501, 41.414, 41.525, 41.413, 41.347, 41.326, 41.241, 41.159, 41.203, 41.31, 41.433, 41.734, 42.359, 42.138, 41.665, 41.614, 41.74, 41.582, 44.059], [43.668, 43.488, 43.96, 45.114, 45.828, 45.26, 43.832, 42.994, 42.673, 42.617, 43.062, 43.473, 43.435, 43.108, 43.023, 42.929, 43.18, 43.515, 43.206, 42.468, 41.552, 40.756, 38.458, 34.646, 32.317, 31.753, 30.11, 25.012, 18.681, 15.597, 14.42, 11.817, 6.476, 0.0, 6.477, 13.994, 20.558, 23.804, 24.629, 26.314, 30.58, 35.025, 37.347, 38.18, 39.778, 42.805, 46.196, 49.158, 51.357, 54.018, 56.596, 57.229, 56.801, 56.317, 55.871, 55.911, 55.668, 55.338, 54.777, 53.096, 50.5, 47.385, 43.826, 42.015, 41.825, 41.489, 40.057, 39.259, 39.304, 39.26, 39.352, 39.78, 40.146, 40.327, 40.708, 41.052, 41.313, 41.792, 41.91, 41.47, 41.752, 43.808, 46.21, 46.994, 46.77, 46.93, 46.897, 45.837, 45.665, 45.984, 45.502, 44.963, 45.272, 45.701, 45.798, 46.038, 46.513, 47.355, 48.735, 49.818, 49.933, 49.374, 48.99, 49.709, 50.618, 49.471, 46.182, 43.774, 43.888, 44.283, 43.207, 42.313, 42.574, 41.997, 39.818, 39.13, 40.273, 40.479, 40.487, 40.505, 40.435, 40.417, 40.562, 41.086, 41.733, 42.01, 41.787, 41.666, 41.74, 41.628, 41.557, 41.486, 41.316, 41.12, 41.087, 41.192, 41.294, 41.532, 42.107, 41.889, 41.418, 41.382, 41.512, 41.313, 43.903], [44.047, 43.853, 44.313, 45.454, 46.153, 45.584, 44.175, 43.349, 43.058, 43.008, 43.389, 43.732, 43.649, 43.307, 43.219, 43.092, 43.283, 43.589, 43.276, 42.56, 41.716, 41.012, 38.754, 34.885, 32.544, 32.059, 30.546, 25.761, 19.956, 17.308, 16.518, 14.712, 11.05, 6.477, 0.0, 8.679, 16.315, 20.127, 21.256, 23.077, 27.554, 32.244, 34.709, 35.637, 37.426, 40.641, 44.148, 47.17, 49.421, 52.196, 54.903, 55.576, 55.143, 54.728, 54.526, 54.775, 54.584, 54.273, 53.784, 52.255, 49.869, 46.95, 43.589, 41.95, 41.788, 41.44, 40.12, 39.505, 39.609, 39.54, 39.64, 40.086, 40.435, 40.608, 40.988, 41.312, 41.546, 42.016, 42.141, 41.7, 41.973, 44.025, 46.423, 47.214, 47.0, 47.158, 47.128, 46.061, 45.832, 46.123, 45.658, 45.131, 45.442, 45.884, 46.002, 46.241, 46.688, 47.504, 48.886, 49.988, 50.123, 49.598, 49.241, 49.962, 50.891, 49.795, 46.528, 44.074, 44.143, 44.524, 43.509, 42.703, 42.974, 42.398, 40.265, 39.63, 40.793, 41.013, 41.029, 41.046, 40.969, 40.934, 41.076, 41.598, 42.227, 42.494, 42.296, 42.213, 42.298, 42.172, 42.087, 42.018, 41.823, 41.535, 41.438, 41.541, 41.568, 41.654, 42.132, 41.905, 41.49, 41.549, 41.732, 41.504, 44.282], [45.34, 45.152, 45.529, 46.546, 47.175, 46.681, 45.473, 44.749, 44.479, 44.475, 44.768, 44.927, 44.704, 