[[0.0, 4.876, 11.69, 18.824, 22.19, 23.627, 25.554, 28.065, 29.083, 29.697, 29.838, 31.315, 33.612, 35.448, 36.809, 37.368, 37.731, 38.229, 38.141, 38.287, 38.35, 37.91, 37.987, 37.639, 36.946, 37.197, 37.256, 37.814, 38.405, 38.484, 38.56, 38.745, 39.02, 39.092, 39.01, 39.391, 39.368, 39.449, 39.745, 39.854, 40.109, 40.122, 40.208, 40.272, 39.793, 40.287, 40.708, 40.466, 39.827, 39.544, 39.639, 5.34], [4.876, 0.0, 8.629, 16.99, 20.568, 22.096, 24.266, 26.955, 28.001, 28.654, 28.868, 30.435, 32.739, 34.55, 35.928, 36.504, 36.91, 37.482, 37.432, 37.594, 37.658, 37.225, 37.344, 37.016, 36.371, 36.681, 36.692, 37.242, 37.864, 37.934, 38.008, 38.228, 38.528, 38.598, 38.554, 38.963, 38.93, 39.018, 39.311, 39.412, 39.69, 39.715, 39.778, 39.837, 39.339, 39.847, 40.304, 40.048, 39.35, 39.03, 39.125, 8.264], [11.69, 8.629, 0.0, 11.053, 16.334, 18.255, 20.894, 24.259, 25.504, 26.214, 26.631, 28.444, 30.86, 32.724, 34.197, 34.791, 35.269, 35.96, 35.913, 36.097, 36.231, 35.763, 35.895, 35.678, 35.165, 35.517, 35.462, 36.03, 36.689, 36.738, 36.854, 37.162, 37.536, 37.632, 37.663, 38.144, 38.097, 38.183, 38.476, 38.578, 38.915, 38.95, 38.976, 39.051, 38.499, 39.029, 39.551, 39.258, 38.465, 38.109, 38.213, 13.93], [18.824, 16.99, 11.053, 0.0, 8.154, 11.989, 15.049, 19.403, 21.297, 22.106, 22.777, 24.985, 27.498, 29.479, 31.205, 31.892, 32.501, 33.413, 33.449, 33.643, 33.893, 33.6, 33.804, 33.77, 33.825, 34.423, 34.209, 34.82, 35.528, 35.544, 35.702, 36.042, 36.452, 36.583, 36.703, 37.265, 37.174, 37.254, 37.548, 37.628, 38.004, 38.048, 38.02, 38.123, 37.493, 37.997, 38.606, 38.255, 37.346, 36.999, 37.104, 20.608], [22.19, 20.568, 16.334, 8.154, 0.0, 6.463, 11.401, 16.401, 18.933, 19.998, 20.901, 23.44, 25.933, 27.971, 29.896, 30.753, 31.449, 32.464, 32.641, 32.799, 33.065, 32.967, 33.288, 33.287, 33.67, 34.579, 34.311, 34.814, 35.509, 35.495, 35.628, 35.969, 36.384, 36.489, 36.605, 37.18, 37.067, 37.102, 37.389, 37.462, 37.842, 37.887, 37.838, 37.949, 37.299, 37.765, 38.368, 38.037, 37.108, 36.719, 36.81, 23.786], [23.627, 22.096, 18.255, 11.989, 6.463, 0.0, 7.545, 13.984, 16.882, 18.021, 19.094, 22.093, 24.871, 27.189, 29.341, 30.416, 31.147, 32.098, 32.361, 32.594, 32.883, 32.834, 33.246, 33.286, 33.666, 34.726, 34.601, 35.075, 35.728, 35.717, 35.85, 36.22, 36.588, 36.616, 36.725, 37.302, 37.155, 37.132, 37.391, 37.462, 37.827, 37.866, 37.84, 37.954, 37.306, 37.778, 38.357, 38.051, 37.178, 36.758, 36.833, 25.146], [25.554, 24.266, 20.894, 15.049, 11.401, 7.545, 0.0, 8.458, 12.994, 14.167, 15.446, 19.527, 22.872, 25.787, 28.478, 29.849, 30.655, 31.532, 31.881, 32.362, 32.721, 32.74, 33.228, 33.36, 33.875, 34.95, 34.973, 35.632, 36.274, 36.26, 36.464, 36.869, 37.206, 37.247, 37.379, 37.928, 37.761, 37.684, 37.927, 38.031, 38.374, 38.386, 38.351, 38.425, 37.771, 38.211, 38.73, 38.434, 37.691, 37.297, 37.335, 26.874], [28.065, 26.955, 24.259, 19.403, 16.401, 13.984, 8.458, 0.0, 7.401, 10.239, 11.952, 17.194, 21.291, 24.722, 27.896, 29.578, 30.459, 31.303, 31.727, 32.373, 32.822, 32.93, 33.455, 33.676, 34.352, 35.489, 35.611, 36.292, 36.923, 36.948, 37.157, 37.56, 37.911, 37.934, 38.051, 38.582, 38.416, 38.31, 38.555, 38.684, 39.013, 39.013, 38.949, 38.989, 38.345, 38.748, 39.214, 38.942, 38.317, 37.927, 37.905, 29.218], [29.083, 28.001, 25.504, 21.297, 18.933, 16.882, 12.994, 7.401, 0.0, 5.687, 9.244, 14.702, 19.474, 23.446, 26.69, 28.449, 29.443, 30.346, 30.818, 31.539, 32.035, 32.215, 32.786, 33.059, 33.899, 35.125, 35.376, 36.102, 36.763, 36.94, 37.144, 37.536, 37.936, 37.94, 38.061, 38.596, 38.41, 38.318, 38.547, 38.628, 38.947, 38.953, 38.854, 38.857, 38.245, 38.659, 39.136, 38.91, 38.316, 37.924, 37.899, 30.188], [29.697, 28.654, 26.214, 22.106, 19.998, 18.021, 14.167, 10.239, 5.687, 0.0, 6.992, 14.233, 18.846, 22.926, 26.277, 27.908, 28.934, 29.942, 30.437, 31.292, 31.815, 32.02, 32.649, 32.915, 33.86, 35.136, 35.523, 36.456, 37.127, 37.345, 37.644, 38.01, 38.367, 38.482, 38.674, 39.17, 38.985, 38.913, 39.11, 39.169, 39.478, 39.492, 39.398, 39.378, 38.797, 39.168, 39.612, 39.415, 38.851, 38.529, 38.523, 30.764], [29.838, 28.868, 26.631, 22.777, 20.901, 19.094, 15.446, 11.952, 9.244, 6.992, 0.0, 9.902, 15.976, 20.01, 23.693, 25.782, 26.914, 27.969, 28.522, 29.498, 30.073, 30.309, 31.051, 31.311, 32.249, 33.598, 34.026, 35.062, 35.829, 36.071, 36.418, 36.89, 37.313, 37.455, 37.701, 38.242, 38.058, 38.003, 38.201, 38.263, 38.583, 38.585, 38.495, 38.484, 37.87, 38.264, 38.729, 38.504, 37.909, 37.591, 37.587, 30.893], [31.315, 30.435, 28.444, 24.985, 23.44, 22.093, 19.527, 17.194, 14.702, 14.233, 9.902, 0.0, 9.177, 15.116, 19.038, 22.027, 23.773, 24.838, 25.556, 26.665, 27.345, 27.805, 28.767, 29.084, 30.19, 31.646, 31.984, 33.068, 33.969, 34.352, 34.711, 35.366, 36.109, 36.236, 36.463, 37.134, 36.969, 36.916, 37.105, 37.126, 37.466, 37.458, 37.324, 37.345, 36.686, 37.153, 37.696, 37.411, 36.705, 36.317, 36.308, 32.278], [33.612, 32.739, 30.86, 27.498, 25.933, 24.871, 22.872, 21.291, 19.474, 18.846, 15.976, 9.177, 0.0, 9.31, 15.354, 19.177, 21.532, 23.039, 24.028, 25.088, 25.812, 26.669, 27.817, 28.224, 29.716, 31.261, 31.416, 32.461, 33.326, 33.734, 34.142, 34.723, 35.573, 35.852, 36.093, 36.783, 36.637, 36.617, 36.79, 36.77, 37.123, 37.141, 36.971, 37.05, 36.418, 36.902, 37.496, 37.161, 36.308, 35.921, 36.003, 34.463], [35.448, 34.55, 32.724, 29.479, 27.971, 27.189, 25.787, 24.722, 23.446, 22.926, 20.01, 15.116, 9.31, 0.0, 9.516, 15.466, 18.212, 20.244, 21.625, 22.626, 23.418, 24.706, 26.1, 26.617, 28.563, 30.306, 30.313, 31.244, 32.105, 32.562, 33.04, 33.706, 34.638, 35.019, 35.422, 36.226, 36.04, 36.024, 36.204, 36.109, 36.436, 36.457, 36.228, 36.354, 35.726, 36.198, 36.864, 36.486, 35.529, 35.25, 35.411, 36.24], [36.809, 35.928, 34.197, 31.205, 29.896, 29.341, 28.478, 27.896, 26.69, 26.277, 23.693, 19.038, 15.354, 9.516, 0.0, 9.05, 14.031, 16.656, 18.536, 20.117, 21.154, 22.785, 24.487, 25.133, 27.472, 29.474, 29.503, 30.447, 31.32, 31.92, 32.486, 33.442, 34.695, 35.094, 35.604, 36.558, 36.435, 36.435, 36.615, 36.502, 36.785, 36.787, 36.54, 36.666, 36.067, 36.516, 37.211, 36.892, 35.926, 35.642, 35.779, 37.553], [37.368, 36.504, 34.791, 31.892, 30.753, 30.416, 29.849, 29.578, 28.449, 27.908, 25.782, 22.027, 19.177, 15.466, 9.05, 0.0, 8.072, 13.007, 15.413, 17.889, 19.207, 21.073, 23.081, 23.856, 26.594, 28.833, 29.045, 30.266, 31.156, 31.891, 32.573, 33.482, 35.043, 35.739, 36.257, 37.23, 37.308, 37.424, 37.582, 37.477, 37.729, 37.742, 37.493, 37.584, 37.029, 37.364, 38.003, 37.707, 36.786, 36.582, 36.671, 38.064], [37.731, 36.91, 35.269, 32.501, 31.449, 31.147, 30.655, 30.459, 29.443, 28.934, 26.914, 23.773, 21.532, 18.212, 14.031, 8.072, 0.0, 7.545, 11.461, 14.822, 16.36, 18.58, 21.05, 21.956, 25.075, 27.592, 27.994, 29.467, 30.453, 31.323, 32.129, 32.979, 34.64, 35.607, 36.277, 37.283, 37.505, 37.768, 37.904, 37.772, 37.987, 37.995, 37.724, 37.784, 37.209, 37.452, 38.044, 37.717, 36.858, 36.752, 36.769, 38.387], [38.229, 37.482, 35.96, 33.413, 32.464, 32.098, 31.532, 31.303, 30.346, 29.942, 27.969, 24.838, 23.039, 20.244, 16.656, 13.007, 7.545, 0.0, 6.785, 12.555, 14.431, 16.903, 19.838, 20.898, 24.224, 26.954, 27.567, 29.277, 30.359, 31.24, 32.121, 33.067, 34.741, 35.781, 36.606, 37.674, 37.904, 38.228, 38.394, 38.26, 38.455, 38.458, 38.2, 38.218, 37.608, 37.813, 38.356, 38.046, 37.251, 37.141, 37.112, 38.839], [38.141, 37.432, 35.913, 33.449, 32.641, 32.361, 31.881, 31.727, 30.818, 30.437, 28.522, 25.556, 24.028, 21.625, 18.536, 15.413, 11.461, 6.785, 0.0, 8.203, 11.201, 13.722, 16.957, 18.402, 22.309, 25.332, 26.121, 28.081, 29.232, 30.157, 31.143, 32.177, 33.993, 35.119, 36.009, 37.173, 37.475, 37.857, 38.067, 37.942, 38.173, 38.217, 37.99, 38.03, 37.435, 37.645, 38.202, 37.893, 37.089, 37.008, 36.987, 38.717], [38.287, 37.594, 36.097, 33.643, 32.799, 32.594, 32.362, 32.373, 31.539, 31.292, 29.498, 26.665, 25.088, 22.626, 20.117, 17.889, 14.822, 12.555, 8.203, 0.0, 5.227, 9.531, 12.775, 14.767, 19.73, 23.13, 23.867, 25.826, 27.11, 28.158, 29.197, 30.359, 32.274, 33.396, 34.364, 35.65, 35.983, 36.439, 36.697, 36.573, 36.92, 37.007, 36.768, 36.896, 36.325, 36.596, 37.231, 36.883, 36.003, 35.952, 35.986, 38.838], [38.35, 37.658, 36.231, 33.893, 33.065, 32.883, 32.721, 32.822, 32.035, 31.815, 30.073, 27.345, 25.812, 23.418, 21.154, 19.207, 16.36, 14.431, 11.201, 5.227, 0.0, 6.876, 11.006, 12.809, 18.307, 22.052, 22.847, 24.889, 26.258, 27.387, 28.491, 29.695, 31.656, 32.851, 33.889, 35.231, 35.61, 36.153, 36.447, 36.318, 36.693, 36.796, 36.526, 36.665, 36.098, 36.37, 37.014, 36.63, 35.702, 35.67, 35.73, 38.869], [37.91, 37.225, 35.763, 33.6, 32.967, 32.834, 32.74, 32.93, 32.215, 32.02, 30.309, 27.805, 26.669, 24.706, 22.785, 21.073, 18.58, 16.903, 13.722, 9.531, 6.876, 0.0, 6.057, 8.776, 14.324, 18.527, 19.85, 22.428, 23.998, 25.336, 26.714, 28.16, 30.492, 31.904, 33.039, 34.486, 35.007, 35.726, 36.123, 36.106, 36.538, 36.657, 36.489, 36.669, 36.08, 36.384, 37.034, 36.653, 35.699, 35.597, 35.654, 38.397], [37.987, 37.344, 35.895, 33.804, 33.288, 33.246, 33.228, 33.455, 32.786, 32.649, 31.051, 28.767, 27.817, 26.1, 24.487, 23.081, 21.05, 19.838, 16.957, 12.775, 11.006, 6.057, 0.0, 5.581, 12.119, 16.091, 17.644, 20.639, 22.344, 23.825, 25.371, 26.997, 29.586, 31.103, 32.297, 33.811, 34.379, 35.175, 35.651, 35.747, 36.286, 36.418, 36.34, 36.603, 36.029, 36.34, 36.985, 36.614, 35.668, 35.529, 35.57, 38.443], [37.639, 37.016, 35.678, 33.77, 33.287, 33.286, 33.36, 33.676, 33.059, 32.915, 31.311, 29.084, 28.224, 26.617, 25.133, 23.856, 21.956, 20.898, 18.402, 14.767, 12.809, 8.776, 5.581, 0.0, 8.924, 14.23, 15.867, 19.135, 21.168, 22.806, 24.461, 26.205, 28.94, 30.545, 31.805, 33.414, 34.066, 34.942, 35.443, 35.566, 36.134, 36.265, 36.19, 36.477, 35.922, 36.268, 36.916, 36.543, 35.555, 35.366, 35.387, 38.112], [36.946, 36.371, 35.165, 33.825, 33.67, 33.666, 33.875, 34.352, 33.899, 33.86, 32.249, 30.19, 29.716, 28.563, 27.472, 26.594, 25.075, 24.224, 22.309, 19.73, 18.307, 14.324, 12.119, 8.924, 0.0, 8.189, 11.985, 16.117, 18.828, 20.831, 22.77, 24.96, 27.966, 29.618, 30.902, 32.564, 33.348, 34.388, 35.014, 35.274, 35.897, 36.036, 36.121, 36.448, 35.909, 36.415, 37.093, 36.745, 35.752, 35.444, 35.468, 37.421], [37.197, 36.681, 35.517, 34.423, 34.579, 34.726, 34.95, 35.489, 35.125, 35.136, 33.598, 31.646, 31.261, 30.306, 29.474, 28.833, 27.592, 26.954, 25.332, 23.13, 22.052, 18.527, 16.091, 14.23, 8.189, 0.0, 7.555, 14.055, 17.103, 19.213, 21.458, 23.969, 27.223, 29.017, 30.369, 32.018, 32.853, 34.012, 34.744, 35.115, 35.83, 35.983, 36.17, 36.572, 36.045, 36.583, 37.275, 36.95, 35.998, 35.716, 35.778, 37.602], [37.256, 36.692, 35.462, 34.209, 34.311, 34.601, 34.973, 35.611, 35.376, 35.523, 34.026, 31.984, 31.416, 30.313, 29.503, 29.045, 27.994, 27.567, 26.121, 23.867, 22.847, 19.85, 17.644, 15.867, 11.985, 7.555, 0.0, 9.031, 13.438, 15.51, 17.782, 20.984, 24.641, 26.541, 28.178, 30.069, 30.987, 32.293, 33.102, 33.531, 34.349, 34.485, 34.758, 35.373, 34.864, 35.523, 36.352, 36.037, 35.014, 34.689, 34.795, 37.676], [37.814, 37.242, 36.03, 34.82, 34.814, 35.075, 35.632, 36.292, 36.102, 36.456, 35.062, 33.068, 32.461, 31.244, 30.447, 30.266, 29.467, 29.277, 28.081, 25.826, 24.889, 22.428, 20.639, 19.135, 16.117, 14.055, 9.031, 0.0, 7.094, 10.429, 12.27, 16.807, 21.335, 23.158, 25.168, 27.479, 28.503, 30.036, 31.026, 31.588, 32.464, 32.606, 33.15, 34.047, 33.704, 34.645, 35.588, 35.381, 34.529, 34.168, 34.262, 38.219], [38.405, 37.864, 36.689, 35.528, 35.509, 35.728, 36.274, 36.923, 36.763, 37.127, 35.829, 33.969, 33.326, 32.105, 31.32, 31.156, 30.453, 30.359, 29.232, 27.11, 26.258, 23.998, 22.344, 21.168, 18.828, 17.103, 13.438, 7.094, 0.0, 5.845, 8.825, 13.429, 18.905, 21.223, 23.556, 26.142, 27.235, 28.912, 30.027, 30.689, 31.61, 31.8, 32.531, 33.58, 33.325, 34.376, 35.364, 35.18, 34.534, 34.366, 34.484, 38.777], [38.484, 37.934, 36.738, 35.544, 35.495, 35.717, 36.26, 36.948, 36.94, 37.345, 36.071, 34.352, 33.734, 32.562, 31.92, 31.891, 31.323, 31.24, 30.157, 28.158, 27.387, 25.336, 23.825, 22.806, 20.831, 19.213, 15.51, 10.429, 5.845, 0.0, 5.613, 11.263, 16.611, 19.134, 21.86, 24.697, 25.871, 27.667, 28.922, 29.691, 30.697, 30.922, 31.771, 32.957, 32.74, 33.845, 34.906, 34.784, 34.167, 34.074, 34.315, 38.859], [38.56, 38.008, 36.854, 35.702, 35.628, 35.85, 36.464, 37.157, 37.144, 37.644, 36.418, 34.711, 34.142, 33.04, 32.486, 32.573, 32.129, 32.121, 31.143, 29.197, 28.491, 26.714, 25.371, 24.461, 22.77, 21.458, 17.782, 12.27, 8.825, 5.613, 0.0, 8.352, 14.64, 16.771, 19.617, 22.754, 24.018, 26.065, 27.442, 28.254, 29.312, 29.555, 30.464, 31.827, 31.728, 32.926, 34.041, 34.055, 33.701, 33.669, 33.908, 38.947], [38.745, 38.228, 37.162, 36.042, 35.969, 36.22, 36.869, 37.56, 37.536, 38.01, 36.89, 35.366, 34.723, 33.706, 33.442, 33.482, 32.979, 33.067, 32.177, 30.359, 29.695, 28.16, 26.997, 26.205, 24.96, 23.969, 20.984, 16.807, 13.429, 11.263, 8.352, 0.0, 9.188, 13.285, 16.158, 19.552, 21.429, 24.21, 25.846, 26.701, 27.808, 28.121, 29.115, 30.668, 30.627, 31.82, 32.989, 33.051, 33.081, 33.442, 33.697, 39.129], [39.02, 38.528, 37.536, 36.452, 36.384, 36.588, 37.206, 37.911, 37.936, 38.367, 37.313, 36.109, 35.573, 34.638, 34.695, 35.043, 34.64, 34.741, 33.993, 32.274, 31.656, 30.492, 29.586, 28.94, 27.966, 27.223, 24.641, 21.335, 18.905, 16.611, 14.64, 9.188, 0.0, 7.405, 12.172, 15.591, 17.994, 21.647, 23.661, 24.623, 25.764, 26.165, 27.425, 29.199, 29.261, 30.571, 31.83, 32.006, 32.307, 33.016, 33.525, 39.394], [39.092, 38.598, 37.632, 36.583, 36.489, 36.616, 37.247, 37.934, 37.94, 38.482, 37.455, 36.236, 35.852, 35.019, 35.094, 35.739, 35.607, 35.781, 35.119, 33.396, 32.851, 31.904, 31.103, 30.545, 29.618, 29.017, 26.541, 23.158, 21.223, 19.134, 16.771, 13.285, 7.405, 0.0, 7.724, 12.577, 14.856, 18.812, 21.118, 22.191, 23.389, 23.829, 25.311, 27.36, 27.628, 29.212, 30.562, 30.911, 31.444, 32.122, 32.712, 39.472], [39.01, 38.554, 37.663, 36.703, 36.605, 36.725, 37.379, 38.051, 38.061, 38.674, 37.701, 36.463, 36.093, 35.422, 35.604, 36.257, 36.277, 36.606, 36.009, 34.364, 33.889, 33.039, 32.297, 31.805, 30.902, 30.369, 28.178, 25.168, 23.556, 21.86, 19.617, 16.158, 12.172, 7.724, 0.0, 7.411, 11.646, 16.411, 19.27, 20.615, 21.959, 22.554, 24.189, 26.434, 26.874, 28.613, 30.039, 30.453, 31.083, 31.756, 32.35, 39.364], [39.391, 38.963, 38.144, 37.265, 37.18, 37.302, 37.928, 38.582, 38.596, 39.17, 38.242, 37.134, 36.783, 36.226, 36.558, 37.23, 37.283, 37.674, 37.173, 35.65, 35.231, 34.486, 33.811, 33.414, 32.564, 32.018, 30.069, 27.479, 26.142, 24.697, 22.754, 19.552, 15.591, 12.577, 7.411, 0.0, 7.772, 14.815, 18.379, 20.084, 21.689, 22.44, 24.204, 26.602, 27.164, 28.928, 30.421, 30.889, 31.644, 32.434, 33.074, 39.737], [39.368, 38.93, 38.097, 37.174, 37.067, 37.155, 37.761, 38.416, 38.41, 38.985, 38.058, 36.969, 36.637, 36.04, 36.435, 37.308, 37.505, 37.904, 37.475, 35.983, 35.61, 35.007, 34.379, 34.066, 33.348, 32.853, 30.987, 28.503, 27.235, 25.871, 24.018, 21.429, 17.994, 14.856, 11.646, 7.772, 0.0, 9.765, 15.055, 17.373, 19.492, 20.439, 22.376, 25.067, 25.768, 27.632, 29.198, 29.766, 30.768, 31.797, 32.476, 39.732], [39.449, 39.018, 38.183, 37.254, 37.102, 37.132, 37.684, 38.31, 38.318, 38.913, 38.003, 36.916, 36.617, 36.024, 36.435, 37.424, 37.768, 38.228, 37.857, 36.439, 36.153, 35.726, 35.175, 34.942, 34.388, 34.012, 32.293, 30.036, 28.912, 27.667, 26.065, 24.21, 21.647, 18.812, 16.411, 14.815, 9.765, 0.0, 7.862, 12.005, 15.097, 16.466, 19.031, 22.346, 23.323, 25.393, 27.103, 27.877, 29.246, 30.593, 31.393, 39.792], [39.745, 39.311, 38.476, 37.548, 37.389, 37.391, 37.927, 38.555, 38.547, 39.11, 38.201, 37.105, 36.79, 36.204, 36.615, 37.582, 37.904, 38.394, 38.067, 36.697, 36.447, 36.123, 35.651, 35.443, 35.014, 34.744, 33.102, 31.026, 30.027, 28.922, 27.442, 25.846, 23.661, 21.118, 19.27, 18.379, 15.055, 7.862, 0.0, 6.345, 11.047, 12.703, 15.886, 19.887, 21.165, 23.461, 25.367, 26.331, 28.014, 29.595, 30.421, 40.092], [39.854, 39.412, 38.578, 37.628, 37.462, 37.462, 38.031, 38.684, 38.628, 39.169, 38.263, 37.126, 36.77, 36.109, 36.502, 37.477, 37.772, 38.26, 37.942, 36.573, 36.318, 36.106, 35.747, 35.566, 35.274, 35.115, 33.531, 31.588, 30.689, 29.691, 28.254, 26.701, 24.623, 22.191, 20.615, 20.084, 17.373, 12.005, 6.345, 0.0, 6.44, 9.128, 12.425, 16.802, 18.485, 21.098, 23.289, 24.491, 26.604, 28.497, 29.363, 40.222], [40.109, 39.69, 38.915, 38.004, 37.842, 37.827, 38.374, 39.013, 38.947, 39.478, 38.583, 37.466, 37.123, 36.436, 36.785, 37.729, 37.987, 38.455, 38.173, 36.92, 36.693, 36.538, 36.286, 36.134, 35.897, 35.83, 34.349, 32.464, 31.61, 30.697, 29.312, 27.808, 25.764, 23.389, 21.959, 21.689, 19.492, 15.097, 11.047, 6.44, 0.0, 5.282, 9.747, 13.921, 16.145, 19.089, 21.467, 23.111, 25.748, 27.809, 28.752, 40.472], [40.122, 39.715, 38.95, 38.048, 37.887, 37.866, 38.386, 39.013, 38.953, 39.492, 38.585, 37.458, 37.141, 36.457, 36.787, 37.742, 37.995, 38.458, 38.217, 37.007, 36.796, 36.657, 36.418, 36.265, 36.036, 35.983, 34.485, 32.606, 31.8, 30.922, 29.555, 28.121, 26.165, 23.829, 22.554, 22.44, 20.439, 16.466, 12.703, 9.128, 5.282, 0.0, 7.006, 12.301, 14.447, 17.75, 20.313, 22.325, 25.31, 27.372, 28.312, 40.481], [40.208, 39.778, 38.976, 38.02, 37.838, 37.84, 38.351, 38.949, 38.854, 39.398, 38.495, 37.324, 36.971, 36.228, 36.54, 37.493, 37.724, 38.2, 37.99, 36.768, 36.526, 36.489, 36.34, 36.19, 36.121, 36.17, 34.758, 33.15, 32.531, 31.771, 30.464, 29.115, 27.425, 25.311, 24.189, 24.204, 22.376, 19.031, 15.886, 12.425, 9.747, 7.006, 0.0, 7.686, 11.26, 14.581, 17.473, 20.028, 23.6, 25.971, 27.026, 40.588], [40.272, 39.837, 39.051, 38.123, 37.949, 37.954, 38.425, 38.989, 38.857, 39.378, 38.484, 37.345, 37.05, 36.354, 36.666, 37.584, 37.784, 38.218, 38.03, 36.896, 36.665, 36.669, 36.603, 36.477, 36.448, 36.572, 35.373, 34.047, 33.58, 32.957, 31.827, 30.668, 29.199, 27.36, 26.434, 26.602, 25.067, 22.346, 19.887, 16.802, 13.921, 12.301, 7.686, 0.0, 6.808, 11.112, 13.705, 17.073, 21.6, 24.242, 25.483, 40.654], [39.793, 39.339, 38.499, 37.493, 37.299, 37.306, 37.771, 38.345, 38.245, 38.797, 37.87, 36.686, 36.418, 35.726, 36.067, 37.029, 37.209, 37.608, 37.435, 36.325, 36.098, 36.08, 36.029, 35.922, 35.909, 36.045, 34.864, 33.704, 33.325, 32.74, 31.728, 30.627, 29.261, 27.628, 26.874, 27.164, 25.768, 23.323, 21.165, 18.485, 16.145, 14.447, 11.26, 6.808, 0.0, 7.012, 10.542, 13.463, 18.48, 21.542, 22.828, 40.174], [40.287, 39.847, 39.029, 37.997, 37.765, 37.778, 38.211, 38.748, 38.659, 39.168, 38.264, 37.153, 36.902, 36.198, 36.516, 37.364, 37.452, 37.813, 37.645, 36.596, 36.37, 36.384, 36.34, 36.268, 36.415, 36.583, 35.523, 34.645, 34.376, 33.845, 32.926, 31.82, 30.571, 29.212, 28.613, 28.928, 27.632, 25.393, 23.461, 21.098, 19.089, 17.75, 14.581, 11.112, 7.012, 0.0, 6.064, 10.445, 16.279, 20.205, 21.667, 40.649], [40.708, 40.304, 39.551, 38.606, 38.368, 38.357, 38.73, 39.214, 39.136, 39.612, 38.729, 37.696, 37.496, 36.864, 37.211, 38.003, 38.044, 38.356, 38.202, 37.231, 37.014, 37.034, 36.985, 36.916, 37.093, 37.275, 36.352, 35.588, 35.364, 34.906, 34.041, 32.989, 31.83, 30.562, 30.039, 30.421, 29.198, 27.103, 25.367, 23.289, 21.467, 20.313, 17.473, 13.705, 10.542, 6.064, 0.0, 7.806, 15.542, 19.669, 21.23, 41.028], [40.466, 40.048, 39.258, 38.255, 38.037, 38.051, 38.434, 38.942, 38.91, 39.415, 38.504, 37.411, 37.161, 36.486, 36.892, 37.707, 37.717, 38.046, 37.893, 36.883, 36.63, 36.653, 36.614, 36.543, 36.745, 36.95, 36.037, 35.381, 35.18, 34.784, 34.055, 33.051, 32.006, 30.911, 30.453, 30.889, 29.766, 27.877, 26.331, 24.491, 23.111, 22.325, 20.028, 17.073, 13.463, 10.445, 7.806, 0.0, 10.351, 16.218, 17.769, 40.816], [39.827, 39.35, 38.465, 37.346, 37.108, 37.178, 37.691, 38.317, 38.316, 38.851, 37.909, 36.705, 36.308, 35.529, 35.926, 36.786, 36.858, 37.251, 37.089, 36.003, 35.702, 35.699, 35.668, 35.555, 35.752, 35.998, 35.014, 34.529, 34.534, 34.167, 33.701, 33.081, 32.307, 31.444, 31.083, 31.644, 30.768, 29.246, 28.014, 26.604, 25.748, 25.31, 23.6, 21.6, 18.48, 16.279, 15.542, 10.351, 0.0, 8.94, 12.092, 40.253], [39.544, 39.03, 38.109, 36.999, 36.719, 36.758, 37.297, 37.927, 37.924, 38.529, 37.591, 36.317, 35.921, 35.25, 35.642, 36.582, 36.752, 37.141, 37.008, 35.952, 35.67, 35.597, 35.529, 35.366, 35.444, 35.716, 34.689, 34.168, 34.366, 34.074, 33.669, 33.442, 33.016, 32.122, 31.756, 32.434, 31.797, 30.593, 29.595, 28.497, 27.809, 27.372, 25.971, 24.242, 21.542, 20.205, 19.669, 16.218, 8.94, 0.0, 7.059, 39.977], [39.639, 39.125, 38.213, 37.104, 36.81, 36.833, 37.335, 37.905, 37.899, 38.523, 37.587, 36.308, 36.003, 35.411, 35.779, 36.671, 36.769, 37.112, 36.987, 35.986, 35.73, 35.654, 35.57, 35.387, 35.468, 35.778, 34.795, 34.262, 34.484, 34.315, 33.908, 33.697, 33.525, 32.712, 32.35, 33.074, 32.476, 31.393, 30.421, 29.363, 28.752, 28.312, 27.026, 25.483, 22.828, 21.667, 21.23, 17.769, 12.092, 7.059, 0.0, 40.067], [5.34, 8.264, 13.93, 20.608, 23.786, 25.146, 26.874, 29.218, 30.188, 30.764, 30.893, 32.278, 34.463, 36.24, 37.553, 38.064, 38.387, 38.839, 38.717, 38.838, 38.869, 38.397, 38.443, 38.112, 37.421, 37.602, 37.676, 38.219, 38.777, 38.859, 38.947, 39.129, 39.394, 39.472, 39.364, 39.737, 39.732, 39.792, 40.092, 40.222, 40.472, 40.481, 40.588, 40.654, 40.174, 40.649, 41.028, 40.816, 40.253, 39.977, 40.067, 0.0]]