[[0.0, 4.145, 10.238, 14.756, 17.093, 19.466, 22.266, 24.619, 26.508, 27.738, 28.498, 29.31, 30.139, 30.581, 30.492, 30.684, 31.192, 32.132, 33.146, 33.448, 33.603, 33.875, 34.27, 34.848, 35.591, 35.987, 36.097, 36.112, 36.287, 36.771, 37.029, 36.814, 36.139, 35.602, 35.951, 36.636, 36.346, 35.149, 34.66, 34.539, 34.047, 34.104, 35.162, 35.801, 35.617, 35.653, 35.799, 35.795, 35.88, 36.24, 36.75, 37.239, 37.544, 37.945, 39.746, 42.005, 43.475, 43.454, 42.515, 41.67, 41.164, 41.215, 41.391, 40.725, 39.776, 38.878, 37.491, 36.114, 35.577, 35.758, 36.193, 36.219, 35.857, 35.935, 36.239, 36.171, 35.866, 35.687, 34.927, 32.991, 31.811, 32.178, 32.532, 32.681, 32.74, 32.499, 32.587, 33.045, 33.133, 33.321, 34.001, 34.486, 34.641, 34.859, 35.179, 35.426, 36.02, 36.563, 36.575, 36.474, 36.362, 35.966, 35.472, 35.423, 35.458, 34.608, 33.264, 33.269, 34.408, 34.975, 34.699, 34.85, 35.825, 36.356, 36.112, 35.943, 36.388, 36.866, 37.051, 36.533, 35.928, 35.672, 35.825, 36.174, 36.69, 37.186, 37.233, 37.049, 37.034, 36.907, 36.612, 36.668, 36.69, 35.416, 34.898, 36.444, 37.151, 36.965, 37.308, 37.826, 37.837, 37.49, 37.502, 37.714, 37.529, 5.534], [4.145, 0.0, 7.218, 12.78, 15.611, 18.072, 20.926, 23.41, 25.477, 26.843, 27.721, 28.663, 29.569, 30.039, 29.967, 30.187, 30.733, 31.708, 32.749, 33.059, 33.22, 33.497, 33.904, 34.5, 35.265, 35.679, 35.798, 35.817, 36.011, 36.526, 36.803, 36.579, 35.883, 35.364, 35.753, 36.47, 36.178, 34.931, 34.401, 34.271, 33.773, 33.836, 34.936, 35.599, 35.421, 35.474, 35.631, 35.636, 35.748, 36.139, 36.677, 37.2, 37.522, 37.888, 39.661, 41.941, 43.449, 43.42, 42.426, 41.526, 41.009, 41.073, 41.23, 40.527, 39.55, 38.611, 37.164, 35.733, 35.187, 35.418, 35.894, 35.917, 35.546, 35.629, 35.944, 35.876, 35.558, 35.367, 34.593, 32.62, 31.424, 31.843, 32.23, 32.391, 32.458, 32.188, 32.236, 32.688, 32.771, 32.947, 33.612, 34.084, 34.226, 34.438, 34.758, 35.012, 35.638, 36.203, 36.209, 36.094, 35.966, 35.558, 35.06, 35.02, 35.064, 34.181, 32.793, 32.846, 34.065, 34.648, 34.341, 34.489, 35.503, 36.069, 35.831, 35.662, 36.117, 36.606, 36.797, 36.255, 35.634, 35.367, 35.5, 35.836, 36.361, 36.876, 36.924, 36.737, 36.726, 36.602, 36.302, 36.367, 36.398, 35.098, 34.544, 36.115, 36.846, 36.673, 37.038, 37.584, 37.614, 37.258, 37.266, 37.488, 37.293, 7.243], [10.238, 7.218, 0.0, 7.244, 11.757, 15.026, 18.16, 20.944, 23.46, 25.228, 26.463, 27.692, 28.735, 29.264, 29.246, 29.513, 30.103, 31.121, 32.192, 32.523, 32.713, 33.016, 33.445, 34.074, 34.887, 35.336, 35.451, 35.461, 35.7, 36.281, 36.586, 36.356, 35.661, 35.183, 35.617, 36.359, 36.057, 34.763, 34.192, 34.078, 33.628, 33.727, 34.866, 35.548, 35.384, 35.454, 35.632, 35.682, 35.848, 36.268, 36.825, 37.378, 37.727, 38.077, 39.825, 42.099, 43.613, 43.554, 42.499, 41.55, 41.032, 41.11, 41.231, 40.477, 39.472, 38.513, 37.025, 35.533, 34.96, 35.261, 35.806, 35.847, 35.462, 35.523, 35.825, 35.746, 35.416, 35.216, 34.422, 32.411, 31.195, 31.653, 32.087, 32.272, 32.343, 32.029, 32.003, 32.425, 32.504, 32.651, 33.276, 33.717, 33.827, 34.008, 34.301, 34.535, 35.16, 35.736, 35.74, 35.609, 35.467, 35.054, 34.56, 34.532, 34.576, 33.677, 32.294, 32.455, 33.787, 34.387, 34.043, 34.161, 35.192, 35.801, 35.586, 35.445, 35.938, 36.445, 36.64, 36.058, 35.435, 35.175, 35.267, 35.577, 36.119, 36.657, 36.697, 36.5, 36.484, 36.364, 36.08, 36.159, 36.183, 34.856, 34.255, 35.805, 36.539, 36.384, 36.772, 37.344, 37.401, 37.052, 37.069, 37.307, 37.099, 11.836], [14.756, 12.78, 7.244, 0.0, 6.311, 11.419, 15.338, 18.313, 21.195, 23.423, 25.047, 26.523, 27.674, 28.252, 28.283, 28.63, 29.315, 30.421, 31.539, 31.892, 32.11, 32.442, 32.886, 33.552, 34.456, 34.989, 35.116, 35.112, 35.413, 36.099, 36.483, 36.283, 35.604, 35.127, 35.554, 36.281, 35.971, 34.676, 34.112, 34.034, 33.655, 33.801, 34.932, 35.596, 35.446, 35.525, 35.708, 35.778, 35.963, 36.389, 36.948, 37.48, 37.813, 38.196, 39.973, 42.224, 43.725, 43.669, 42.638, 41.72, 41.224, 41.303, 41.409, 40.665, 39.684, 38.743, 37.264, 35.752, 35.127, 35.4, 35.961, 36.042, 35.668, 35.699, 35.968, 35.853, 35.481, 35.257, 34.459, 32.462, 31.262, 31.719, 32.17, 32.375, 32.452, 32.123, 32.067, 32.47, 32.552, 32.699, 33.318, 33.752, 33.838, 33.994, 34.279, 34.526, 35.147, 35.709, 35.713, 35.594, 35.465, 35.081, 34.628, 34.605, 34.601, 33.676, 32.335, 32.534, 33.846, 34.434, 34.109, 34.245, 35.278, 35.891, 35.691, 35.57, 36.063, 36.552, 36.728, 36.125, 35.495, 35.233, 35.319, 35.629, 36.172, 36.702, 36.735, 36.527, 36.507, 36.398, 36.118, 36.19, 36.203, 34.876, 34.289, 35.806, 36.514, 36.356, 36.742, 37.308, 37.366, 37.023, 37.03, 37.244, 37.028, 15.97], [17.093, 15.611, 11.757, 6.311, 0.0, 6.726, 12.159, 15.806, 18.953, 21.465, 23.448, 25.198, 26.484, 27.119, 27.172, 27.596, 28.393, 29.595, 30.763, 31.138, 31.384, 31.749, 32.211, 32.895, 33.876, 34.501, 34.65, 34.609, 34.918, 35.707, 36.234, 36.106, 35.453, 34.988, 35.424, 36.155, 35.855, 34.59, 34.061, 34.011, 33.681, 33.9, 35.076, 35.743, 35.597, 35.686, 35.882, 35.949, 36.119, 36.558, 37.129, 37.641, 37.963, 38.392, 40.199, 42.428, 43.909, 43.856, 42.843, 41.951, 41.467, 41.536, 41.638, 40.918, 39.955, 39.029, 37.563, 36.049, 35.395, 35.625, 36.18, 36.291, 35.933, 35.952, 36.212, 36.083, 35.66, 35.401, 34.6, 32.574, 31.304, 31.709, 32.156, 32.378, 32.469, 32.141, 32.08, 32.476, 32.566, 32.726, 33.359, 33.805, 33.889, 34.046, 34.36, 34.633, 35.253, 35.814, 35.831, 35.727, 35.603, 35.241, 34.816, 34.764, 34.688, 33.731, 32.424, 32.605, 33.849, 34.404, 34.098, 34.289, 35.358, 35.969, 35.77, 35.648, 36.11, 36.566, 36.717, 36.111, 35.49, 35.231, 35.313, 35.625, 36.177, 36.703, 36.723, 36.503, 36.497, 36.423, 36.149, 36.201, 36.226, 34.955, 34.399, 35.85, 36.519, 36.357, 36.747, 37.307, 37.359, 37.02, 37.007, 37.196, 36.961, 18.142], [19.466, 18.072, 15.026, 11.419, 6.726, 0.0, 6.864, 12.194, 16.246, 19.167, 21.663, 23.901, 25.422, 26.152, 26.286, 26.863, 27.769, 28.99, 30.163, 30.593, 30.913, 31.32, 31.801, 32.486, 33.497, 34.17, 34.325, 34.247, 34.529, 35.356, 35.996, 35.986, 35.439, 35.039, 35.48, 36.204, 35.921, 34.691, 34.187, 34.165, 33.878, 34.133, 35.31, 35.973, 35.847, 35.965, 36.176, 36.232, 36.386, 36.833, 37.412, 37.911, 38.221, 38.645, 40.432, 42.64, 44.088, 43.99, 42.935, 42.035, 41.565, 41.629, 41.748, 41.059, 40.098, 39.178, 37.757, 36.31, 35.708, 35.948, 36.508, 36.635, 36.29, 36.301, 36.56, 36.439, 36.005, 35.735, 34.941, 32.879, 31.523, 31.853, 32.268, 32.495, 32.604, 32.288, 32.209, 32.586, 32.688, 32.856, 33.507, 33.976, 34.067, 34.226, 34.544, 34.8, 35.39, 35.942, 35.964, 35.857, 35.721, 35.363, 34.951, 34.865, 34.735, 33.789, 32.533, 32.686, 33.864, 34.385, 34.077, 34.279, 35.351, 35.965, 35.777, 35.671, 36.117, 36.54, 36.67, 36.074, 35.477, 35.221, 35.274, 35.586, 36.158, 36.678, 36.683, 36.466, 36.466, 36.409, 36.155, 36.217, 36.264, 35.068, 34.501, 35.833, 36.442, 36.268, 36.655, 37.209, 37.262, 36.945, 36.948, 37.154, 36.898, 20.325], [22.266, 20.926, 18.16, 15.338, 12.159, 6.864, 0.0, 7.038, 12.844, 16.722, 19.823, 22.595, 24.378, 25.18, 25.475, 26.346, 27.429, 28.657, 29.805, 30.289, 30.687, 31.111, 31.564, 32.216, 33.234, 33.941, 34.105, 34.033, 34.335, 35.169, 35.847, 35.954, 35.538, 35.196, 35.618, 36.31, 36.028, 34.827, 34.345, 34.355, 34.096, 34.32, 35.375, 35.981, 35.907, 36.079, 36.299, 36.35, 36.503, 36.95, 37.517, 37.99, 38.253, 38.587, 40.283, 42.44, 43.848, 43.704, 42.608, 41.695, 41.261, 41.358, 41.52, 40.873, 39.934, 39.041, 37.696, 36.356, 35.839, 36.092, 36.635, 36.76, 36.427, 36.429, 36.671, 36.547, 36.124, 35.868, 35.101, 33.113, 31.866, 32.234, 32.631, 32.845, 32.958, 32.659, 32.559, 32.916, 33.04, 33.199, 33.825, 34.278, 34.352, 34.504, 34.808, 35.039, 35.598, 36.124, 36.133, 36.019, 35.876, 35.518, 35.123, 35.05, 34.926, 34.016, 32.831, 32.993, 34.135, 34.642, 34.323, 34.481, 35.501, 36.11, 35.954, 35.888, 36.343, 36.733, 36.831, 36.238, 35.661, 35.386, 35.373, 35.661, 36.22, 36.711, 36.71, 36.508, 36.488, 36.397, 36.143, 36.234, 36.31, 35.152, 34.538, 35.755, 36.304, 36.102, 36.455, 36.994, 37.052, 36.754, 36.79, 37.046, 36.828, 22.934], [24.619, 23.41, 20.944, 18.313, 15.806, 12.194, 7.038, 0.0, 7.474, 13.176, 17.35, 20.656, 22.665, 23.516, 23.997, 25.277, 26.685, 28.03, 29.169, 29.671, 30.141, 30.573, 30.961, 31.581, 32.659, 33.433, 33.64, 33.638, 34.063, 34.981, 35.702, 35.903, 35.622, 35.363, 35.806, 36.479, 36.189, 35.018, 34.571, 34.609, 34.373, 34.561, 35.483, 36.013, 35.976, 36.198, 36.448, 36.51, 36.645, 37.074, 37.629, 38.089, 38.318, 38.582, 40.199, 42.265, 43.602, 43.442, 42.375, 41.482, 41.074, 41.21, 41.416, 40.801, 39.886, 39.027, 37.737, 36.456, 35.977, 36.225, 36.732, 36.833, 36.491, 36.48, 36.7, 36.568, 36.153, 35.909, 35.168, 33.286, 32.179, 32.595, 32.982, 33.182, 33.294, 33.012, 32.906, 33.251, 33.392, 33.554, 34.153, 34.583, 34.647, 34.786, 35.079, 35.311, 35.872, 36.397, 36.414, 36.311, 36.181, 35.832, 35.462, 35.434, 35.338, 34.456, 33.336, 33.52, 34.638, 35.14, 34.813, 34.93, 35.903, 36.491, 36.336, 36.279, 36.725, 37.084, 37.143, 36.543, 35.972, 35.68, 35.624, 35.883, 36.407, 36.867, 36.862, 36.662, 36.626, 36.509, 36.244, 36.348, 36.438, 35.292, 34.632, 35.753, 36.261, 36.035, 36.348, 36.875, 36.941, 36.653, 36.694, 36.972, 36.809, 25.182], [26.508, 25.477, 23.46, 21.195, 18.953, 16.246, 12.844, 7.474, 0.0, 7.452, 13.577, 17.925, 20.261, 21.295, 22.12, 23.864, 25.627, 27.12, 28.239, 28.761, 29.344, 29.822, 30.167, 30.803, 31.974, 32.812, 33.07, 33.179, 33.777, 34.842, 35.64, 35.894, 35.71, 35.583, 36.11, 36.802, 36.522, 35.391, 34.973, 35.033, 34.818, 34.994, 35.855, 36.339, 36.277, 36.502, 36.782, 36.854, 36.956, 37.368, 37.923, 38.382, 38.639, 38.98, 40.644, 42.671, 43.957, 43.8, 42.776, 41.91, 41.494, 41.616, 41.812, 41.185, 40.273, 39.442, 38.18, 36.898, 36.403, 36.677, 37.222, 37.302, 36.902, 36.843, 37.029, 36.88, 36.462, 36.219, 35.493, 33.623, 32.453, 32.76, 33.094, 33.286, 33.405, 33.14, 33.045, 33.392, 33.545, 33.739, 34.368, 34.812, 34.881, 34.985, 35.249, 35.514, 36.125, 36.685, 36.741, 36.678, 36.572, 36.23, 35.867, 35.847, 35.748, 34.903, 33.837, 34.001, 35.08, 35.578, 35.244, 35.325, 36.267, 36.824, 36.643, 36.556, 36.958, 37.281, 37.327, 36.746, 36.194, 35.924, 35.874, 36.12, 36.613, 37.053, 37.036, 36.82, 36.785, 36.683, 36.424, 36.524, 36.61, 35.487, 34.823, 35.913, 36.421, 36.192, 36.488, 37.016, 37.093, 36.807, 36.825, 37.075, 36.928, 26.984], [27.738, 26.843, 25.228, 23.423, 21.465, 19.167, 16.722, 13.176, 7.452, 0.0, 7.958, 14.067, 17.259, 18.764, 20.091, 22.26, 24.301, 25.99, 27.174, 27.737, 28.413, 28.941, 29.286, 29.971, 31.219, 32.098, 32.404, 32.627, 33.399, 34.622, 35.501, 35.761, 35.584, 35.51, 36.105, 36.844, 36.565, 35.397, 34.97, 35.043, 34.817, 34.98, 35.874, 36.361, 36.252, 36.445, 36.703, 36.741, 36.827, 37.24, 37.805, 38.278, 38.597, 39.117, 40.936, 43.029, 44.353, 44.234, 43.219, 42.333, 41.881, 41.96, 42.103, 41.445, 40.529, 39.705, 38.41, 37.042, 36.473, 36.779, 37.401, 37.47, 37.009, 36.922, 37.104, 36.946, 36.519, 36.275, 35.522, 33.525, 32.172, 32.353, 32.641, 32.832, 32.961, 32.695, 32.616, 32.996, 33.164, 33.405, 34.107, 34.586, 34.647, 34.689, 34.898, 35.182, 35.85, 36.462, 36.572, 36.552, 36.452, 36.096, 35.711, 35.663, 35.548, 34.709, 33.625, 33.767, 34.86, 35.372, 35.029, 35.107, 36.081, 36.645, 36.451, 36.335, 36.721, 37.055, 37.123, 36.541, 35.976, 35.725, 35.706, 35.96, 36.45, 36.889, 36.859, 36.622, 36.602, 36.53, 36.272, 36.358, 36.428, 35.289, 34.68, 35.881, 36.433, 36.216, 36.545, 37.105, 37.183, 36.878, 36.883, 37.119, 36.968, 28.102], [28.498, 27.721, 26.463, 25.047, 23.448, 21.663, 19.823, 17.35, 13.577, 7.958, 0.0, 7.752, 12.663, 15.108, 16.845, 19.42, 21.901, 23.982, 25.395, 26.048, 26.804, 27.392, 27.773, 28.524, 29.892, 30.854, 31.228, 31.585, 32.57, 34.0, 35.009, 35.339, 35.206, 35.143, 35.751, 36.524, 36.229, 34.963, 34.492, 34.571, 34.321, 34.487, 35.475, 36.016, 35.889, 36.051, 36.269, 36.264, 36.338, 36.767, 37.373, 37.881, 38.231, 38.836, 40.753, 42.928, 44.325, 44.27, 43.259, 42.33, 41.835, 41.897, 42.032, 41.381, 40.476, 39.635, 38.26, 36.775, 36.143, 36.457, 37.092, 37.137, 36.661, 36.598, 36.804, 36.643, 36.209, 35.964, 35.163, 33.009, 31.52, 31.675, 31.964, 32.157, 32.288, 32.006, 31.958, 32.4, 32.576, 32.84, 33.614, 34.135, 34.193, 34.192, 34.356, 34.644, 35.343, 35.99, 36.144, 36.144, 36.037, 35.665, 35.244, 35.147, 35.009, 34.124, 32.935, 33.054, 34.204, 34.745, 34.393, 34.496, 35.543, 36.143, 35.943, 35.796, 36.19, 36.574, 36.669, 36.068, 35.48, 35.24, 35.264, 35.539, 36.052, 36.514, 36.485, 36.225, 36.21, 36.16, 35.904, 35.982, 36.038, 34.82, 34.221, 35.572, 36.2, 36.01, 36.39, 36.984, 37.058, 36.726, 36.732, 36.997, 36.885, 28.75], [29.31, 28.663, 27.692, 26.523, 25.198, 23.901, 22.595, 20.656, 17.925, 14.067, 7.752, 0.0, 6.514, 10.456, 12.957, 15.971, 18.949, 21.515, 23.224, 23.973, 24.775, 25.421, 25.847, 26.67, 28.185, 29.241, 29.681, 30.193, 31.402, 33.043, 34.216, 34.722, 34.811, 34.903, 35.549, 36.326, 36.074, 34.863, 34.398, 34.45, 34.205, 34.391, 35.412, 35.983, 35.864, 35.998, 36.188, 36.175, 36.244, 36.677, 37.296, 37.811, 38.159, 38.765, 40.678, 42.84, 44.222, 44.184, 43.197, 42.27, 41.774, 41.859, 42.041, 41.437, 40.565, 39.732, 38.34, 36.842, 36.219, 36.511, 37.096, 37.125, 36.684, 36.656, 36.863, 36.688, 36.253, 36.012, 35.203, 33.057, 31.587, 31.717, 31.981, 32.155, 32.274, 32.013, 32.012, 32.482, 32.662, 32.915, 33.675, 34.187, 34.261, 34.265, 34.414, 34.708, 35.404, 36.037, 36.192, 36.188, 36.09, 35.735, 35.296, 35.161, 35.021, 34.127, 32.87, 32.938, 34.086, 34.642, 34.293, 34.383, 35.428, 36.041, 35.834, 35.637, 35.992, 36.377, 36.456, 35.864, 35.315, 35.101, 35.158, 35.445, 35.976, 36.464, 36.449, 36.176, 36.146, 36.111, 35.883, 35.958, 36.024, 34.788, 34.155, 35.529, 36.2, 36.042, 36.434, 37.024, 37.091, 36.768, 36.778, 37.039, 36.96, 29.482], [30.139, 29.569, 28.735, 27.674, 26.484, 25.422, 24.378, 22.665, 20.261, 17.259, 12.663, 6.514, 0.0, 5.44, 9.991, 13.999, 17.323, 20.148, 21.993, 22.732, 23.514, 24.181, 24.578, 25.41, 27.041, 28.163, 28.637, 29.253, 30.603, 32.372, 33.656, 34.329, 34.685, 35.004, 35.716, 36.472, 36.257, 35.174, 34.78, 34.811, 34.558, 34.726, 35.681, 36.229, 36.147, 36.304, 36.517, 36.533, 36.606, 37.03, 37.63, 38.121, 38.44, 38.983, 40.794, 42.836, 44.117, 44.035, 43.052, 42.15, 41.692, 41.808, 42.023, 41.476, 40.669, 39.889, 38.557, 37.137, 36.573, 36.847, 37.374, 37.393, 37.006, 37.016, 37.215, 37.021, 36.595, 36.367, 35.582, 33.544, 32.191, 32.309, 32.53, 32.673, 32.778, 32.556, 32.578, 33.03, 33.235, 33.495, 34.196, 34.65, 34.72, 34.742, 34.895, 35.188, 35.869, 36.472, 36.6, 36.588, 36.515, 36.182, 35.743, 35.614, 35.501, 34.628, 33.35, 33.354, 34.455, 35.02, 34.694, 34.754, 35.748, 36.332, 36.111, 35.883, 36.195, 36.551, 36.603, 36.037, 35.553, 35.371, 35.428, 35.707, 36.23, 36.72, 36.717, 36.441, 36.391, 36.355, 36.143, 36.209, 36.284, 35.1, 34.479, 35.813, 36.471, 36.307, 36.658, 37.211, 37.276, 36.975, 36.991, 37.255, 37.251, 30.281], [30.581, 30.039, 29.264, 28.252, 27.119, 26.152, 25.18, 23.516, 21.295, 18.764, 15.108, 10.456, 5.44, 0.0, 6.484, 12.126, 16.226, 19.274, 21.154, 21.894, 22.71, 23.394, 23.723, 24.526, 26.242, 27.427, 27.942, 28.647, 30.113, 31.977, 33.356, 34.156, 34.674, 35.118, 35.873, 36.626, 36.396, 35.315, 34.941, 34.976, 34.707, 34.827, 35.719, 36.253, 36.209, 36.421, 36.682, 36.727, 36.811, 37.243, 37.841, 38.322, 38.6, 39.03, 40.719, 42.677, 43.9, 43.782, 42.786, 41.892, 41.452, 41.578, 41.794, 41.269, 40.512, 39.784, 38.502, 37.159, 36.665, 36.913, 37.375, 37.375, 37.028, 37.08, 37.293, 37.102, 36.68, 36.45, 35.677, 33.698, 32.414, 32.571, 32.79, 32.918, 33.023, 32.815, 32.84, 33.288, 33.506, 33.753, 34.405, 34.818, 34.879, 34.923, 35.098, 35.401, 36.084, 36.682, 36.804, 36.799, 36.746, 36.414, 35.976, 35.862, 35.754, 34.87, 33.564, 33.524, 34.595, 35.165, 34.861, 34.928, 35.911, 36.473, 36.232, 35.99, 36.284, 36.626, 36.67, 36.108, 35.657, 35.502, 35.549, 35.814, 36.333, 36.831, 36.839, 36.56, 36.495, 36.457, 36.259, 36.326, 36.395, 35.217, 34.569, 35.846, 36.47, 36.275, 36.575, 37.096, 37.166, 36.874, 36.883, 37.183, 37.307, 30.717], [30.492, 29.967, 29.246, 28.283, 27.172, 26.286, 25.475, 23.997, 22.12, 20.091, 16.845, 12.957, 9.991, 6.484, 0.0, 7.126, 12.714, 16.429, 18.527, 19.458, 20.501, 21.32, 21.715, 22.598, 24.453, 25.738, 26.313, 27.092, 28.68, 30.695, 32.241, 33.195, 33.848, 34.426, 35.277, 36.073, 35.842, 34.747, 34.378, 34.428, 34.194, 34.372, 35.379, 35.983, 35.936, 36.153, 36.436, 36.494, 36.591, 37.055, 37.705, 38.216, 38.466, 38.814, 40.498, 42.539, 43.822, 43.717, 42.73, 41.845, 41.369, 41.462, 41.649, 41.077, 40.276, 39.522, 38.221, 36.891, 36.416, 36.618, 37.042, 37.044, 36.697, 36.756, 36.996, 36.82, 36.376, 36.113, 35.324, 33.315, 32.008, 32.209, 32.485, 32.641, 32.745, 32.504, 32.535, 33.02, 33.196, 33.377, 34.02, 34.459, 34.543, 34.603, 34.802, 35.156, 35.883, 36.486, 36.619, 36.641, 36.594, 36.261, 35.822, 35.704, 35.576, 34.644, 33.273, 33.189, 34.252, 34.826, 34.534, 34.659, 35.7, 36.274, 36.008, 35.74, 36.035, 36.41, 36.482, 35.909, 35.461, 35.323, 35.387, 35.671, 36.213, 36.735, 36.754, 36.47, 36.402, 36.371, 36.185, 36.25, 36.296, 35.051, 34.312, 35.545, 36.165, 35.965, 36.258, 36.77, 36.84, 36.534, 36.514, 36.818, 36.984, 30.6], [30.684, 30.187, 29.513, 28.63, 27.596, 26.863, 26.346, 25.277, 23.864, 22.26, 19.42, 15.971, 13.999, 12.126, 7.126, 0.0, 6.77, 11.552, 14.269, 15.525, 16.874, 18.019, 18.736, 19.881, 21.935, 23.333, 23.936, 24.689, 26.314, 28.494, 30.231, 31.316, 32.111, 32.937, 33.992, 34.877, 34.722, 33.779, 33.523, 33.621, 33.562, 34.058, 35.377, 36.077, 35.995, 36.155, 36.402, 36.442, 36.531, 37.007, 37.688, 38.226, 38.506, 38.908, 40.695, 42.855, 44.212, 44.135, 43.183, 42.325, 41.817, 41.878, 42.025, 41.381, 40.505, 39.69, 38.344, 36.973, 36.465, 36.648, 37.089, 37.111, 36.739, 36.766, 37.006, 36.839, 36.377, 36.086, 35.265, 33.221, 31.88, 32.075, 32.4, 32.589, 32.682, 32.403, 32.432, 32.946, 33.075, 33.199, 33.843, 34.303, 34.419, 34.493, 34.68, 35.046, 35.791, 36.404, 36.556, 36.59, 36.535, 36.213, 35.781, 35.668, 35.57, 34.638, 33.2, 33.039, 34.085, 34.65, 34.356, 34.519, 35.61, 36.216, 35.954, 35.688, 36.02, 36.446, 36.557, 35.984, 35.518, 35.365, 35.442, 35.743, 36.296, 36.823, 36.841, 36.567, 36.51, 36.483, 36.292, 36.336, 36.346, 35.041, 34.231, 35.437, 36.055, 35.864, 36.178, 36.692, 36.742, 36.395, 36.319, 36.563, 36.664, 30.748], [31.192, 30.733, 30.103, 29.315, 28.393, 27.769, 27.429, 26.685, 25.627, 24.301, 21.901, 18.949, 17.323, 16.226, 12.714, 6.77, 0.0, 5.777, 9.649, 11.496, 13.143, 14.733, 15.988, 17.497, 19.741, 21.226, 21.81, 22.452, 24.002, 26.235, 28.059, 29.214, 30.159, 31.284, 32.585, 33.569, 33.531, 32.863, 32.827, 32.997, 33.117, 33.976, 35.6, 36.361, 36.251, 36.371, 36.594, 36.628, 36.706, 37.162, 37.826, 38.363, 38.685, 39.172, 41.042, 43.249, 44.621, 44.56, 43.65, 42.829, 42.323, 42.377, 42.487, 41.798, 40.896, 40.056, 38.688, 37.285, 36.761, 36.967, 37.438, 37.469, 37.086, 37.093, 37.323, 37.161, 36.702, 36.403, 35.571, 33.54, 32.205, 32.365, 32.694, 32.892, 32.978, 32.691, 32.705, 33.203, 33.309, 33.414, 34.049, 34.498, 34.626, 34.71, 34.87, 35.202, 35.92, 36.534, 36.707, 36.746, 36.681, 36.372, 35.952, 35.854, 35.81, 34.921, 33.447, 33.181, 34.164, 34.705, 34.422, 34.598, 35.684, 36.299, 36.054, 35.813, 36.179, 36.639, 36.785, 36.229, 35.75, 35.573, 35.634, 35.922, 36.455, 36.966, 36.982, 36.725, 36.681, 36.656, 36.466, 36.488, 36.473, 35.161, 34.314, 35.444, 36.01, 35.804, 36.121, 36.624, 36.652, 36.273, 36.169, 36.366, 36.391, 31.236], [32.132, 31.708, 31.121, 30.421, 29.595, 28.99, 28.657, 28.03, 27.12, 25.99, 23.982, 21.515, 20.148, 19.274, 16.429, 11.552, 5.777, 0.0, 4.901, 7.923, 10.338, 12.401, 14.146, 16.003, 18.442, 20.016, 20.606, 21.217, 22.732, 24.961, 26.81, 28.049, 29.222, 30.621, 32.074, 33.105, 33.168, 32.729, 32.837, 33.038, 33.232, 34.249, 36.004, 36.799, 36.694, 36.814, 37.063, 37.136, 37.221, 37.646, 38.271, 38.784, 39.111, 39.618, 41.47, 43.629, 44.957, 44.885, 44.006, 43.219, 42.726, 42.774, 42.85, 42.144, 41.254, 40.438, 39.101, 37.732, 37.25, 37.493, 37.971, 37.999, 37.617, 37.619, 37.844, 37.687, 37.239, 36.933, 36.123, 34.187, 32.92, 33.047, 33.355, 33.546, 33.624, 33.345, 33.343, 33.808, 33.903, 34.0, 34.614, 35.049, 35.182, 35.266, 35.415, 35.734, 36.422, 37.015, 37.194, 37.246, 37.186, 36.888, 36.482, 36.405, 36.398, 35.554, 34.081, 33.722, 34.607, 35.12, 34.861, 35.041, 36.084, 36.685, 36.467, 36.249, 36.602, 37.046, 37.2, 36.658, 36.199, 36.026, 36.059, 36.316, 36.819, 37.301, 37.311, 37.07, 37.024, 36.999, 36.837, 36.862, 36.834, 35.581, 34.755, 35.765, 36.245, 36.023, 36.332, 36.814, 36.827, 36.444, 36.349, 36.546, 36.556, 32.19], [33.146, 32.749, 32.192, 31.539, 30.763, 30.163, 29.805, 29.169, 28.239, 27.174, 25.395, 23.224, 21.993, 21.154, 18.527, 14.269, 9.649, 4.901, 0.0, 4.32, 8.16, 10.819, 12.776, 14.855, 17.534, 19.229, 19.87, 20.577, 22.23, 24.553, 26.464, 27.834, 29.276, 30.888, 32.389, 33.4, 33.502, 33.148, 33.269, 33.455, 33.661, 34.663, 36.385, 37.185, 37.125, 37.286, 37.573, 37.687, 37.776, 38.173, 38.767, 39.252, 39.558, 40.038, 41.832, 43.921, 45.186, 45.08, 44.205, 43.441, 42.957, 43.003, 43.066, 42.363, 41.499, 40.73, 39.452, 38.146, 37.717, 37.982, 38.458, 38.476, 38.086, 38.08, 38.296, 38.138, 37.694, 37.382, 36.587, 34.733, 33.527, 33.636, 33.923, 34.102, 34.166, 33.901, 33.903, 34.354, 34.449, 34.54, 35.129, 35.552, 35.694, 35.777, 35.923, 36.257, 36.941, 37.513, 37.683, 37.746, 37.7, 37.419, 37.027, 36.962, 36.97, 36.166, 34.724, 34.331, 35.151, 35.637, 35.384, 35.549, 36.555, 37.14, 36.948, 36.747, 37.079, 37.501, 37.644, 37.09, 36.646, 36.5, 36.531, 36.765, 37.234, 37.684, 37.684, 37.45, 37.397, 37.372, 37.237, 37.274, 37.24, 36.05, 35.272, 36.217, 36.643, 36.415, 36.721, 37.193, 37.193, 36.806, 36.727, 36.957, 37.026, 33.209], [33.448, 33.059, 32.523, 31.892, 31.138, 30.593, 30.289, 29.671, 28.761, 27.737, 26.048, 23.973, 22.732, 21.894, 19.458, 15.525, 11.496, 7.923, 4.32, 0.0, 4.796, 8.281, 10.625, 12.869, 15.781, 17.645, 18.367, 19.172, 21.029, 23.581, 25.635, 27.134, 28.797, 30.62, 32.214, 33.233, 33.344, 33.035, 33.199, 33.384, 33.564, 34.561, 36.284, 37.073, 37.049, 37.273, 37.596, 37.733, 37.832, 38.226, 38.822, 39.298, 39.581, 40.027, 41.779, 43.843, 45.086, 44.95, 44.044, 43.281, 42.818, 42.879, 42.956, 42.263, 41.41, 40.657, 39.402, 38.121, 37.713, 37.994, 38.474, 38.488, 38.099, 38.09, 38.294, 38.133, 37.7, 37.392, 36.589, 34.734, 33.512, 33.604, 33.889, 34.059, 34.113, 33.855, 33.868, 34.315, 34.418, 34.526, 35.116, 35.535, 35.683, 35.757, 35.895, 36.25, 36.967, 37.546, 37.702, 37.752, 37.703, 37.424, 37.038, 36.966, 36.953, 36.155, 34.747, 34.362, 35.158, 35.636, 35.383, 35.525, 36.499, 37.071, 36.881, 36.677, 37.001, 37.419, 37.547, 36.945, 36.467, 36.337, 36.412, 36.647, 37.097, 37.546, 37.546, 37.308, 37.249, 37.215, 37.08, 37.117, 37.073, 35.908, 35.186, 36.161, 36.587, 36.372, 36.709, 37.197, 37.185, 36.777, 36.693, 36.952, 37.079, 33.493], [33.603, 33.22, 32.713, 32.11, 31.384, 30.913, 30.687, 30.141, 29.344, 28.413, 26.804, 24.775, 23.514, 22.71, 20.501, 16.874, 13.143, 10.338, 8.16, 4.796, 0.0, 4.373, 7.787, 10.464, 13.5, 15.5, 16.347, 17.219, 19.235, 22.058, 24.3, 25.883, 27.675, 29.727, 31.507, 32.594, 32.752, 32.566, 32.866, 33.088, 33.26, 34.323, 36.121, 36.911, 36.901, 37.178, 37.559, 37.738, 37.852, 38.252, 38.861, 39.338, 39.598, 40.027, 41.763, 43.83, 45.079, 44.939, 44.012, 43.25, 42.808, 42.881, 42.97, 42.279, 41.415, 40.649, 39.399, 38.133, 37.742, 38.032, 38.513, 38.534, 38.167, 38.166, 38.37, 38.219, 37.807, 37.514, 36.706, 34.835, 33.585, 33.664, 33.961, 34.127, 34.172, 33.921, 33.931, 34.347, 34.442, 34.56, 35.154, 35.578, 35.729, 35.784, 35.911, 36.287, 37.041, 37.634, 37.778, 37.804, 37.733, 37.443, 37.069, 36.997, 36.953, 36.143, 34.769, 34.38, 35.117, 35.575, 35.342, 35.477, 36.403, 36.947, 36.75, 36.531, 36.831, 37.231, 37.332, 36.686, 36.163, 36.042, 36.173, 36.424, 36.869, 37.329, 37.339, 37.097, 37.034, 36.995, 36.851, 36.875, 36.821, 35.675, 35.003, 36.002, 36.431, 36.238, 36.613, 37.114, 37.094, 36.67, 36.575, 36.837, 36.983, 33.631], [33.875, 33.497, 33.016, 32.442, 31.749, 31.32, 31.111, 30.573, 29.822, 28.941, 27.392, 25.421, 24.181, 23.394, 21.32, 18.019, 14.733, 12.401, 10.819, 8.281, 4.373, 0.0, 4.407, 8.075, 11.506, 13.604, 14.667, 15.827, 18.121, 21.198, 23.598, 25.224, 27.044, 29.199, 31.082, 32.216, 32.42, 32.316, 32.696, 32.956, 33.134, 34.209, 36.022, 36.806, 36.806, 37.125, 37.567, 37.796, 37.925, 38.323, 38.928, 39.4, 39.641, 40.059, 41.797, 43.868, 45.126, 44.984, 44.047, 43.288, 42.847, 42.921, 43.02, 42.332, 41.461, 40.694, 39.47, 38.234, 37.851, 38.139, 38.611, 38.632, 38.265, 38.268, 38.487, 38.355, 37.957, 37.675, 36.873, 35.009, 33.771, 33.868, 34.18, 34.343, 34.385, 34.135, 34.133, 34.523, 34.596, 34.684, 35.255, 35.671, 35.816, 35.861, 35.989, 36.385, 37.163, 37.76, 37.896, 37.915, 37.833, 37.537, 37.176, 37.12, 37.064, 36.247, 34.906, 34.537, 35.24, 35.674, 35.449, 35.579, 36.464, 36.981, 36.777, 36.552, 36.842, 37.214, 37.276, 36.618, 36.105, 36.001, 36.148, 36.412, 36.858, 37.317, 37.33, 37.084, 37.026, 36.997, 36.844, 36.855, 36.795, 35.65, 34.996, 35.992, 36.417, 36.233, 36.621, 37.121, 37.1, 36.681, 36.597, 36.867, 37.028, 33.897], [34.27, 33.904, 33.445, 32.886, 32.211, 31.801, 31.564, 30.961, 30.167, 29.286, 27.773, 25.847, 24.578, 23.723, 21.715, 18.736, 15.988, 14.146, 12.776, 10.625, 7.787, 4.407, 0.0, 4.847, 9.352, 11.932, 13.371, 15.029, 17.755, 21.071, 23.626, 25.381, 27.27, 29.401, 31.241, 32.359, 32.56, 32.434, 32.791, 33.046, 33.202, 34.202, 35.932, 36.695, 36.722, 37.075, 37.542, 37.793, 37.946, 38.356, 38.95, 39.409, 39.628, 39.992, 41.685, 43.728, 44.961, 44.792, 43.847, 43.102, 42.673, 42.755, 42.879, 42.221, 41.378, 40.638, 39.46, 38.267, 37.873, 38.131, 38.577, 38.584, 38.215, 38.221, 38.453, 38.342, 37.954, 37.681, 36.908, 35.099, 33.911, 34.031, 34.347, 34.511, 34.56, 34.318, 34.314, 34.703, 34.767, 34.805, 35.317, 35.701, 35.836, 35.892, 36.035, 36.442, 37.222, 37.816, 37.95, 37.975, 37.902, 37.605, 37.25, 37.212, 37.156, 36.349, 35.057, 34.751, 35.476, 35.895, 35.647, 35.754, 36.615, 37.115, 36.904, 36.685, 36.983, 37.335, 37.367, 36.707, 36.225, 36.142, 36.278, 36.535, 36.976, 37.423, 37.431, 37.188, 37.135, 37.116, 36.955, 36.956, 36.894, 35.748, 35.093, 36.072, 36.496, 36.315, 36.695, 37.189, 37.172, 36.772, 36.721, 37.019, 37.215, 34.289], [34.848, 34.5, 34.074, 33.552, 32.895, 32.486, 32.216, 31.581, 30.803, 29.971, 28.524, 26.67, 25.41, 24.526, 22.598, 19.881, 17.497, 16.003, 14.855, 12.869, 10.464, 8.075, 4.847, 0.0, 5.531, 9.223, 11.356, 13.405, 16.487, 20.143, 23.007, 25.073, 27.201, 29.406, 31.251, 32.36, 32.575, 32.493, 32.881, 33.142, 33.294, 34.261, 35.946, 36.704, 36.76, 37.141, 37.622, 37.885, 38.06, 38.504, 39.111, 39.553, 39.741, 40.023, 41.624, 43.612, 44.804, 44.615, 43.678, 42.961, 42.559, 42.656, 42.802, 42.167, 41.337, 40.604, 39.453, 38.299, 37.917, 38.147, 38.571, 38.588, 38.247, 38.26, 38.492, 38.396, 38.029, 37.772, 37.05, 35.349, 34.223, 34.332, 34.637, 34.805, 34.861, 34.636, 34.64, 35.032, 35.092, 35.072, 35.511, 35.86, 35.993, 36.068, 36.231, 36.63, 37.379, 37.963, 38.104, 38.144, 38.085, 37.79, 37.442, 37.417, 37.361, 36.577, 35.352, 35.102, 35.826, 36.214, 35.95, 36.06, 36.901, 37.377, 37.166, 36.953, 37.25, 37.592, 37.606, 36.91, 36.415, 36.348, 36.496, 36.748, 37.178, 37.61, 37.616, 37.385, 37.336, 37.313, 37.147, 37.14, 37.081, 35.986, 35.336, 36.246, 36.649, 36.472, 36.844, 37.327, 37.306, 36.922, 36.895, 37.213, 37.427, 34.875], [35.591, 35.265, 34.887, 34.456, 33.876, 33.497, 33.234, 32.659, 31.974, 31.219, 29.892, 28.185, 27.041, 26.242, 24.453, 21.935, 19.741, 18.442, 17.534, 15.781, 13.5, 11.506, 9.352, 5.531, 0.0, 4.958, 8.46, 11.146, 14.449, 18.478, 21.804, 24.248, 26.646, 29.056, 31.023, 32.168, 32.465, 32.554, 33.069, 33.389, 33.582, 34.571, 36.244, 36.991, 37.051, 37.444, 37.943, 38.219, 38.393, 38.847, 39.474, 39.92, 40.095, 40.333, 41.876, 43.836, 45.018, 44.834, 43.915, 43.216, 42.836, 42.94, 43.089, 42.438, 41.588, 40.844, 39.722, 38.628, 38.284, 38.511, 38.929, 38.967, 38.652, 38.659, 38.88, 38.794, 38.445, 38.203, 37.529, 35.916, 34.81, 34.865, 35.155, 35.32, 35.37, 35.156, 35.168, 35.549, 35.598, 35.519, 35.876, 36.185, 36.317, 36.401, 36.569, 36.962, 37.682, 38.256, 38.404, 38.457, 38.413, 38.131, 37.807, 37.801, 37.756, 37.016, 35.865, 35.632, 36.302, 36.636, 36.376, 36.512, 37.317, 37.762, 37.569, 37.37, 37.649, 37.969, 37.97, 37.252, 36.749, 36.717, 36.9, 37.154, 37.583, 38.008, 38.011, 37.796, 37.751, 37.722, 37.557, 37.541, 37.486, 36.47, 35.843, 36.644, 36.997, 36.826, 37.198, 37.661, 37.63, 37.259, 37.239, 37.544, 37.739, 35.633], [35.987, 35.679, 35.336, 34.989, 34.501, 34.17, 33.941, 33.433, 32.812, 32.098, 30.854, 29.241, 28.163, 27.427, 25.738, 23.333, 21.226, 20.016, 19.229, 17.645, 15.5, 13.604, 11.932, 9.223, 4.958, 0.0, 4.749, 8.765, 12.685, 16.987, 20.632, 23.357, 25.953, 28.538, 30.607, 31.79, 32.182, 32.432, 33.047, 33.413, 33.655, 34.675, 36.346, 37.083, 37.141, 37.562, 38.118, 38.447, 38.635, 39.071, 39.686, 40.146, 40.33, 40.558, 42.068, 43.997, 45.17, 44.99, 44.068, 43.37, 43.007, 43.119, 43.272, 42.621, 41.777, 41.05, 39.963, 38.899, 38.547, 38.765, 39.186, 39.229, 38.915, 38.91, 39.118, 39.026, 38.676, 38.435, 37.777, 36.199, 35.123, 35.183, 35.479, 35.639, 35.683, 35.477, 35.483, 35.846, 35.898, 35.774, 36.067, 36.337, 36.451, 36.531, 36.709, 37.13, 37.858, 38.436, 38.587, 38.642, 38.608, 38.341, 38.044, 38.046, 37.999, 37.288, 36.174, 35.935, 36.573, 36.898, 36.638, 36.748, 37.503, 37.925, 37.746, 37.561, 37.831, 38.138, 38.142, 37.443, 36.967, 36.969, 37.159, 37.416, 37.863, 38.292, 38.288, 38.075, 38.036, 38.017, 37.859, 37.839, 37.789, 36.802, 36.15, 36.854, 37.154, 36.973, 37.336, 37.784, 37.75, 37.393, 37.382, 37.694, 37.892, 36.025], [36.097, 35.798, 35.451, 35.116, 34.65, 34.325, 34.105, 33.64, 33.07, 32.404, 31.228, 29.681, 28.637, 27.942, 26.313, 23.936, 21.81, 20.606, 19.87, 18.367, 16.347, 14.667, 13.371, 11.356, 8.46, 4.749, 0.0, 5.288, 10.525, 15.448, 19.324, 22.254, 25.097, 27.884, 30.036, 31.251, 31.691, 32.025, 32.708, 33.119, 33.419, 34.52, 36.261, 37.035, 37.109, 37.561, 38.167, 38.552, 38.787, 39.238, 39.834, 40.282, 40.477, 40.703, 42.168, 44.05, 45.213, 45.029, 44.097, 43.408, 43.074, 43.194, 43.345, 42.7, 41.869, 41.154, 40.073, 38.992, 38.6, 38.797, 39.225, 39.279, 38.972, 38.971, 39.181, 39.083, 38.724, 38.47, 37.809, 36.248, 35.218, 35.327, 35.65, 35.821, 35.87, 35.665, 35.653, 36.004, 36.066, 35.93, 36.206, 36.452, 36.534, 36.603, 36.803, 37.261, 38.005, 38.589, 38.746, 38.806, 38.775, 38.515, 38.224, 38.208, 38.134, 37.419, 36.305, 36.056, 36.692, 37.021, 36.752, 36.833, 37.567, 37.992, 37.82, 37.637, 37.914, 38.237, 38.273, 37.594, 37.114, 37.093, 37.257, 37.516, 37.98, 38.415, 38.406, 38.185, 38.149, 38.145, 37.994, 37.978, 37.943, 36.959, 36.227, 36.831, 37.077, 36.875, 37.226, 37.666, 37.632, 37.276, 37.271, 37.604, 37.819, 36.113], [36.112, 35.817, 35.461, 35.112, 34.609, 34.247, 34.033, 33.638, 33.179, 32.627, 31.585, 30.193, 29.253, 28.647, 27.092, 24.689, 22.452, 21.217, 20.577, 19.172, 17.219, 15.827, 15.029, 13.405, 11.146, 8.765, 5.288, 0.0, 6.419, 12.6, 17.147, 20.367, 23.51, 26.639, 28.987, 30.273, 30.751, 31.195, 32.005, 32.487, 32.893, 34.184, 36.087, 36.925, 37.011, 37.47, 38.083, 38.477, 38.75, 39.259, 39.888, 40.33, 40.524, 40.77, 42.233, 44.111, 45.282, 45.101, 44.179, 43.517, 43.213, 43.345, 43.498, 42.85, 42.0, 41.264, 40.163, 39.064, 38.661, 38.845, 39.265, 39.338, 39.054, 39.072, 39.299, 39.209, 38.851, 38.59, 37.92, 36.368, 35.366, 35.494, 35.829, 36.012, 36.068, 35.856, 35.821, 36.146, 36.201, 36.073, 36.354, 36.59, 36.655, 36.721, 36.932, 37.395, 38.14, 38.734, 38.901, 38.964, 38.928, 38.668, 38.371, 38.345, 38.257, 37.522, 36.379, 36.093, 36.703, 37.015, 36.75, 36.853, 37.597, 38.031, 37.864, 37.685, 37.978, 38.332, 38.405, 37.724, 37.191, 37.103, 37.245, 37.51, 37.974, 38.407, 38.395, 38.168, 38.126, 38.118, 37.97, 37.959, 37.936, 36.978, 36.205, 36.698, 36.892, 36.685, 37.035, 37.467, 37.422, 37.047, 37.02, 37.327, 37.509, 36.12], [36.287, 36.011, 35.7, 35.413, 34.918, 34.529, 34.335, 34.063, 33.777, 33.399, 32.57, 31.402, 30.603, 30.113, 28.68, 26.314, 24.002, 22.732, 22.23, 21.029, 19.235, 18.121, 17.755, 16.487, 14.449, 12.685, 10.525, 6.419, 0.0, 7.298, 13.164, 17.277, 20.943, 24.596, 27.292, 28.687, 29.253, 29.937, 30.953, 31.522, 32.101, 33.691, 35.799, 36.683, 36.756, 37.214, 37.836, 38.223, 38.508, 39.086, 39.794, 40.252, 40.444, 40.761, 42.326, 44.271, 45.469, 45.303, 44.417, 43.795, 43.512, 43.65, 43.803, 43.153, 42.271, 41.501, 40.394, 39.297, 38.907, 39.079, 39.465, 39.552, 39.313, 39.356, 39.582, 39.498, 39.162, 38.914, 38.246, 36.712, 35.715, 35.8, 36.112, 36.29, 36.343, 36.129, 36.078, 36.363, 36.378, 36.241, 36.515, 36.747, 36.809, 36.875, 37.084, 37.539, 38.288, 38.899, 39.073, 39.125, 39.085, 38.828, 38.537, 38.526, 38.453, 37.729, 36.59, 36.254, 36.784, 37.053, 36.822, 36.97, 37.697, 38.106, 37.936, 37.77, 38.086, 38.473, 38.576, 37.894, 37.297, 37.151, 37.298, 37.581, 38.041, 38.467, 38.454, 38.225, 38.168, 38.141, 37.987, 37.965, 37.935, 37.02, 36.236, 36.591, 36.733, 36.535, 36.874, 37.282, 37.222, 36.827, 36.769, 37.019, 37.148, 36.298], [36.771, 36.526, 36.281, 36.099, 35.707, 35.356, 35.169, 34.981, 34.842, 34.622, 34.0, 33.043, 32.372, 31.977, 30.695, 28.494, 26.235, 24.961, 24.553, 23.581, 22.058, 21.198, 21.071, 20.143, 18.478, 16.987, 15.448, 12.6, 7.298, 0.0, 7.253, 13.229, 18.147, 22.561, 25.632, 27.122, 27.807, 28.778, 30.008, 30.663, 31.433, 33.301, 35.564, 36.473, 36.541, 37.006, 37.65, 38.039, 38.322, 38.947, 39.716, 40.193, 40.394, 40.794, 42.496, 44.533, 45.754, 45.598, 44.765, 44.202, 43.938, 44.067, 44.199, 43.539, 42.635, 41.847, 40.749, 39.663, 39.281, 39.449, 39.803, 39.907, 39.725, 39.789, 40.002, 39.913, 39.6, 39.378, 38.73, 37.231, 36.222, 36.227, 36.488, 36.65, 36.702, 36.501, 36.455, 36.711, 36.68, 36.531, 36.833, 37.095, 37.157, 37.203, 37.391, 37.834, 38.575, 39.185, 39.359, 39.405, 39.367, 39.123, 38.842, 38.834, 38.774, 38.092, 37.017, 36.655, 37.089, 37.314, 37.125, 37.304, 37.98, 38.338, 38.172, 38.025, 38.351, 38.757, 38.882, 38.219, 37.601, 37.429, 37.585, 37.892, 38.356, 38.776, 38.765, 38.534, 38.459, 38.412, 38.253, 38.221, 38.178, 37.278, 36.459, 36.669, 36.759, 36.566, 36.878, 37.257, 37.195, 36.801, 36.728, 36.938, 37.062, 36.762], [37.029, 36.803, 36.586, 36.483, 36.234, 35.996, 35.847, 35.702, 35.64, 35.501, 35.009, 34.216, 33.656, 33.356, 32.241, 30.231, 28.059, 26.81, 26.464, 25.635, 24.3, 23.598, 23.626, 23.007, 21.804, 20.632, 19.324, 17.147, 13.164, 7.253, 0.0, 7.746, 14.803, 20.605, 24.182, 25.789, 26.606, 27.831, 29.256, 29.987, 30.855, 32.877, 35.216, 36.11, 36.156, 36.625, 37.283, 37.679, 37.953, 38.579, 39.353, 39.838, 40.091, 40.6, 42.436, 44.545, 45.787, 45.654, 44.872, 44.355, 44.092, 44.211, 44.307, 43.623, 42.704, 41.908, 40.806, 39.714, 39.349, 39.549, 39.899, 40.019, 39.865, 39.928, 40.135, 40.049, 39.751, 39.537, 38.884, 37.383, 36.345, 36.285, 36.504, 36.658, 36.709, 36.511, 36.48, 36.746, 36.691, 36.541, 36.935, 37.275, 37.35, 37.354, 37.49, 37.91, 38.633, 39.219, 39.384, 39.431, 39.391, 39.148, 38.865, 38.848, 38.789, 38.132, 37.102, 36.709, 37.05, 37.235, 37.073, 37.269, 37.904, 38.224, 38.077, 37.941, 38.24, 38.638, 38.779, 38.15, 37.547, 37.375, 37.542, 37.872, 38.345, 38.768, 38.764, 38.533, 38.441, 38.387, 38.247, 38.23, 38.173, 37.249, 36.446, 36.659, 36.739, 36.547, 36.849, 37.223, 37.167, 36.78, 36.695, 36.877, 37.027, 36.966], [36.814, 36.579, 36.356, 36.283, 36.106, 35.986, 35.954, 35.903, 35.894, 35.761, 35.339, 34.722, 34.329, 34.156, 33.195, 31.316, 29.214, 28.049, 27.834, 27.134, 25.883, 25.224, 25.381, 25.073, 24.248, 23.357, 22.254, 20.367, 17.277, 13.229, 7.746, 0.0, 9.179, 17.193, 21.853, 23.796, 24.805, 26.341, 28.028, 28.879, 29.837, 32.073, 34.579, 35.449, 35.407, 35.87, 36.567, 36.987, 37.249, 37.85, 38.617, 39.128, 39.46, 40.135, 42.147, 44.341, 45.646, 45.585, 44.842, 44.304, 43.995, 44.079, 44.135, 43.434, 42.489, 41.667, 40.518, 39.388, 39.044, 39.276, 39.638, 39.755, 39.575, 39.615, 39.824, 39.755, 39.471, 39.245, 38.535, 36.942, 35.829, 35.746, 35.967, 36.129, 36.167, 35.933, 35.89, 36.158, 36.077, 35.95, 36.482, 36.933, 37.039, 37.01, 37.102, 37.51, 38.245, 38.834, 39.006, 39.058, 38.999, 38.737, 38.453, 38.461, 38.427, 37.759, 36.693, 36.246, 36.53, 36.692, 36.545, 36.764, 37.39, 37.692, 37.554, 37.411, 37.681, 38.073, 38.231, 37.614, 36.979, 36.804, 37.006, 37.362, 37.838, 38.268, 38.276, 38.037, 37.928, 37.851, 37.697, 37.684, 37.612, 36.638, 35.931, 36.341, 36.496, 36.296, 36.601, 36.987, 36.93, 36.534, 36.424, 36.557, 36.728, 36.695], [36.139, 35.883, 35.661, 35.604, 35.453, 35.439, 35.538, 35.622, 35.71, 35.584, 35.206, 34.811, 34.685, 34.674, 33.848, 32.111, 30.159, 29.222, 29.276, 28.797, 27.675, 27.044, 27.27, 27.201, 26.646, 25.953, 25.097, 23.51, 20.943, 18.147, 14.803, 9.179, 0.0, 9.969, 16.498, 19.396, 20.847, 22.866, 24.979, 26.085, 27.374, 30.232, 33.297, 34.3, 34.148, 34.605, 35.417, 35.926, 36.225, 36.846, 37.679, 38.273, 38.674, 39.541, 41.818, 44.204, 45.657, 45.705, 44.985, 44.399, 44.027, 44.066, 44.106, 43.386, 42.377, 41.467, 40.2, 38.952, 38.56, 38.791, 39.163, 39.257, 39.021, 39.044, 39.261, 39.201, 38.909, 38.669, 37.889, 36.128, 34.883, 34.807, 35.058, 35.235, 35.26, 34.972, 34.907, 35.15, 35.028, 34.983, 35.661, 36.192, 36.334, 36.34, 36.451, 36.852, 37.623, 38.245, 38.414, 38.451, 38.364, 38.068, 37.774, 37.81, 37.792, 37.095, 35.994, 35.567, 35.889, 36.071, 35.931, 36.155, 36.77, 37.053, 36.882, 36.715, 36.995, 37.418, 37.594, 36.93, 36.173, 35.935, 36.198, 36.6, 37.079, 37.532, 37.554, 37.299, 37.187, 37.077, 36.843, 36.807, 36.752, 35.74, 35.145, 35.823, 36.088, 35.866, 36.162, 36.569, 36.512, 36.099, 35.975, 36.048, 36.144, 35.975], [35.602, 35.364, 35.183, 35.127, 34.988, 35.039, 35.196, 35.363, 35.583, 35.51, 35.143, 34.903, 35.004, 35.118, 34.426, 32.937, 31.284, 30.621, 30.888, 30.62, 29.727, 29.199, 29.401, 29.406, 29.056, 28.538, 27.884, 26.639, 24.596, 22.561, 20.605, 17.193, 9.969, 0.0, 8.141, 12.702, 15.133, 17.737, 20.337, 21.801, 23.585, 27.2, 30.956, 32.25, 32.066, 32.501, 33.444, 34.122, 34.538, 35.259, 36.229, 36.927, 37.341, 38.346, 40.916, 43.525, 45.105, 45.25, 44.622, 44.104, 43.758, 43.782, 43.828, 43.124, 42.096, 41.139, 39.811, 38.497, 38.011, 38.151, 38.499, 38.606, 38.368, 38.416, 38.64, 38.572, 38.265, 38.029, 37.257, 35.518, 34.366, 34.403, 34.698, 34.881, 34.902, 34.591, 34.508, 34.732, 34.615, 34.635, 35.314, 35.799, 35.939, 36.034, 36.203, 36.545, 37.256, 37.86, 38.008, 38.039, 37.957, 37.651, 37.362, 37.425, 37.437, 36.756, 35.696, 35.362, 35.748, 35.946, 35.797, 36.006, 36.592, 36.827, 36.611, 36.449, 36.775, 37.238, 37.427, 36.725, 35.886, 35.576, 35.85, 36.267, 36.712, 37.146, 37.169, 36.917, 36.823, 36.707, 36.414, 36.358, 36.329, 35.382, 34.939, 35.778, 36.099, 35.864, 36.133, 36.53, 36.472, 36.061, 35.953, 35.972, 35.915, 35.419], [35.951, 35.753, 35.617, 35.554, 35.424, 35.48, 35.618, 35.806, 36.11, 36.105, 35.751, 35.549, 35.716, 35.873, 35.277, 33.992, 32.585, 32.074, 32.389, 32.214, 31.507, 31.082, 31.241, 31.251, 31.023, 30.607, 30.036, 28.987, 27.292, 25.632, 24.182, 21.853, 16.498, 8.141, 0.0, 6.14, 10.382, 14.061, 17.133, 18.961, 21.163, 25.159, 29.247, 30.739, 30.585, 31.007, 32.05, 32.877, 33.386, 34.167, 35.213, 35.946, 36.342, 37.445, 40.241, 42.977, 44.596, 44.8, 44.302, 43.938, 43.687, 43.72, 43.755, 43.093, 42.123, 41.213, 39.932, 38.652, 38.116, 38.147, 38.453, 38.592, 38.408, 38.507, 38.745, 38.667, 38.361, 38.143, 37.431, 35.859, 34.919, 35.072, 35.386, 35.565, 35.585, 35.283, 35.201, 35.415, 35.318, 35.355, 35.957, 36.349, 36.456, 36.584, 36.778, 37.081, 37.693, 38.235, 38.362, 38.386, 38.314, 38.033, 37.771, 37.848, 37.887, 37.255, 36.254, 35.958, 36.324, 36.505, 36.359, 36.55, 37.082, 37.256, 37.024, 36.887, 37.257, 37.753,