[[0.0, 5.654, 14.792, 22.353, 25.971, 27.594, 28.696, 29.74, 30.73, 31.152, 31.206, 31.43, 32.07, 33.41, 34.837, 35.531, 35.733, 35.873, 36.13, 36.601, 37.284, 37.754, 37.837, 37.574, 37.002, 36.824, 36.988, 37.109, 37.643, 38.58, 39.2, 39.562, 40.089, 40.489, 40.208, 39.766, 39.876, 40.909, 41.816, 42.028, 42.132, 41.666, 41.526, 42.107, 42.401, 42.669, 44.077, 46.432, 48.068, 47.877, 47.33, 48.894, 52.141, 54.214, 54.603, 54.366, 53.933, 52.957, 51.821, 50.566, 50.247, 51.23, 51.87, 51.795, 51.679, 51.254, 50.998, 51.17, 50.703, 49.455, 48.445, 47.875, 46.442, 43.341, 40.465, 39.408, 39.729, 39.898, 39.134, 38.013, 37.667, 37.868, 37.591, 36.638, 36.191, 36.39, 36.561, 36.191, 35.705, 35.614, 35.674, 35.907, 35.928, 35.698, 35.835, 35.794, 35.905, 37.242, 37.913, 38.051, 38.631, 39.62, 40.723, 41.49, 41.185, 40.425, 40.279, 40.221, 39.91, 40.186, 41.219, 42.178, 42.479, 42.441, 42.798, 43.876, 45.072, 45.687, 45.785, 45.566, 45.186, 43.843, 41.089, 38.881, 38.183, 38.094, 38.094, 38.251, 38.534, 38.947, 39.114, 39.288, 39.088, 38.828, 39.016, 38.741, 37.944, 37.726, 38.283, 38.81, 38.931, 38.192, 37.573, 37.036, 4.818], [5.654, 0.0, 10.403, 19.279, 23.642, 25.548, 26.799, 27.973, 29.098, 29.631, 29.769, 30.089, 30.844, 32.327, 33.888, 34.674, 34.928, 35.108, 35.418, 35.936, 36.643, 37.117, 37.188, 36.913, 36.325, 36.159, 36.366, 36.579, 37.224, 38.241, 38.915, 39.296, 39.834, 40.254, 40.006, 39.59, 39.707, 40.74, 41.66, 41.872, 41.967, 41.502, 41.328, 41.843, 42.113, 42.402, 43.776, 46.064, 47.685, 47.508, 46.932, 48.436, 51.688, 53.821, 54.25, 54.015, 53.56, 52.561, 51.418, 50.16, 49.832, 50.815, 51.462, 51.376, 51.253, 50.838, 50.582, 50.731, 50.252, 49.025, 48.028, 47.461, 46.072, 43.027, 40.121, 38.967, 39.255, 39.452, 38.695, 37.552, 37.199, 37.406, 37.122, 36.147, 35.682, 35.886, 36.068, 35.696, 35.212, 35.138, 35.208, 35.436, 35.439, 35.21, 35.342, 35.277, 35.377, 36.79, 37.512, 37.66, 38.253, 39.287, 40.427, 41.199, 40.872, 40.076, 39.907, 39.856, 39.553, 39.828, 40.89, 41.899, 42.221, 42.19, 42.566, 43.664, 44.865, 45.484, 45.594, 45.382, 44.991, 43.625, 40.836, 38.607, 37.891, 37.784, 37.769, 37.929, 38.211, 38.602, 38.762, 38.953, 38.752, 38.466, 38.64, 38.382, 37.624, 37.405, 37.941, 38.473, 38.593, 37.813, 37.17, 36.601, 7.321], [14.792, 10.403, 0.0, 10.729, 17.146, 20.168, 21.966, 23.483, 24.939, 25.9, 26.421, 27.062, 28.172, 30.068, 31.977, 32.981, 33.35, 33.608, 34.042, 34.711, 35.527, 36.058, 36.145, 35.926, 35.489, 35.488, 35.774, 36.144, 37.068, 38.246, 38.968, 39.362, 39.906, 40.326, 40.109, 39.736, 39.841, 40.815, 41.717, 41.928, 42.017, 41.575, 41.35, 41.712, 41.894, 42.195, 43.498, 45.599, 47.122, 46.962, 46.333, 47.653, 50.788, 52.949, 53.436, 53.222, 52.749, 51.703, 50.544, 49.317, 48.993, 49.95, 50.582, 50.478, 50.348, 49.956, 49.723, 49.846, 49.36, 48.206, 47.274, 46.726, 45.426, 42.586, 39.816, 38.577, 38.768, 38.978, 38.279, 37.214, 36.909, 37.105, 36.8, 35.834, 35.383, 35.584, 35.772, 35.421, 34.981, 34.945, 35.031, 35.247, 35.21, 34.988, 35.112, 35.011, 35.131, 36.651, 37.434, 37.579, 38.164, 39.213, 40.344, 41.077, 40.705, 39.873, 39.684, 39.654, 39.387, 39.645, 40.706, 41.763, 42.121, 42.123, 42.524, 43.611, 44.775, 45.381, 45.517, 45.33, 44.939, 43.592, 40.864, 38.679, 37.937, 37.808, 37.782, 37.934, 38.22, 38.585, 38.745, 38.978, 38.801, 38.509, 38.684, 38.457, 37.738, 37.502, 37.988, 38.501, 38.599, 37.802, 37.185, 36.59, 14.981], [22.353, 19.279, 10.729, 0.0, 8.502, 13.562, 16.647, 18.723, 20.53, 22.084, 23.164, 24.265, 25.91, 28.365, 30.634, 31.822, 32.273, 32.567, 33.06, 33.816, 34.7, 35.278, 35.416, 35.349, 35.25, 35.573, 35.968, 36.449, 37.624, 38.9, 39.61, 40.018, 40.563, 40.942, 40.703, 40.316, 40.355, 41.199, 42.024, 42.228, 42.312, 41.866, 41.584, 41.809, 41.899, 42.175, 43.408, 45.335, 46.747, 46.599, 45.968, 47.125, 50.04, 52.112, 52.6, 52.392, 51.921, 50.864, 49.699, 48.533, 48.27, 49.207, 49.804, 49.691, 49.558, 49.188, 48.995, 49.12, 48.656, 47.606, 46.772, 46.233, 44.977, 42.386, 39.935, 38.734, 38.808, 39.008, 38.444, 37.589, 37.389, 37.56, 37.254, 36.378, 35.96, 36.1, 36.248, 35.928, 35.536, 35.511, 35.598, 35.793, 35.717, 35.509, 35.611, 35.461, 35.655, 37.239, 38.049, 38.183, 38.733, 39.719, 40.761, 41.426, 41.038, 40.209, 40.005, 39.987, 39.761, 40.007, 41.019, 42.06, 42.43, 42.457, 42.849, 43.869, 44.952, 45.521, 45.681, 45.538, 45.163, 43.876, 41.324, 39.26, 38.522, 38.407, 38.406, 38.553, 38.842, 39.179, 39.334, 39.587, 39.447, 39.175, 39.358, 39.155, 38.477, 38.239, 38.677, 39.166, 39.258, 38.526, 37.972, 37.353, 22.24], [25.971, 23.642, 17.146, 8.502, 0.0, 6.816, 11.759, 14.778, 17.062, 19.181, 20.66, 22.089, 24.233, 27.213, 29.775, 31.066, 31.562, 31.867, 32.325, 33.024, 33.879, 34.462, 34.626, 34.675, 34.861, 35.491, 36.022, 36.585, 37.906, 39.25, 39.961, 40.388, 40.94, 41.29, 41.016, 40.594, 40.568, 41.316, 42.07, 42.268, 42.347, 41.864, 41.538, 41.685, 41.719, 42.001, 43.244, 45.121, 46.484, 46.343, 45.735, 46.837, 49.629, 51.616, 52.078, 51.858, 51.381, 50.344, 49.203, 48.086, 47.892, 48.835, 49.41, 49.316, 49.195, 48.834, 48.658, 48.784, 48.339, 47.366, 46.595, 46.007, 44.689, 42.2, 39.924, 38.727, 38.699, 38.889, 38.419, 37.691, 37.54, 37.691, 37.402, 36.597, 36.171, 36.232, 36.339, 36.044, 35.679, 35.646, 35.727, 35.917, 35.845, 35.639, 35.705, 35.513, 35.819, 37.516, 38.373, 38.516, 39.056, 40.0, 40.969, 41.583, 41.204, 40.394, 40.183, 40.164, 39.951, 40.209, 41.224, 42.261, 42.628, 42.653, 43.039, 44.047, 45.112, 45.677, 45.858, 45.745, 45.378, 44.112, 41.632, 39.588, 38.847, 38.759, 38.792, 38.935, 39.193, 39.486, 39.63, 39.892, 39.763, 39.491, 39.665, 39.471, 38.801, 38.56, 38.997, 39.491, 39.588, 38.894, 38.368, 37.725, 25.762], [27.594, 25.548, 20.168, 13.562, 6.816, 0.0, 6.245, 10.57, 13.802, 16.618, 18.423, 20.047, 22.565, 25.978, 28.785, 30.167, 30.717, 31.061, 31.52, 32.205, 33.064, 33.666, 33.862, 33.976, 34.312, 35.103, 35.712, 36.333, 37.736, 39.14, 39.884, 40.348, 40.938, 41.297, 41.007, 40.575, 40.545, 41.279, 42.011, 42.202, 42.277, 41.793, 41.486, 41.613, 41.624, 41.944, 43.264, 45.171, 46.513, 46.351, 45.744, 46.854, 49.635, 51.586, 52.029, 51.799, 51.312, 50.291, 49.185, 48.08, 47.886, 48.838, 49.427, 49.351, 49.241, 48.877, 48.697, 48.824, 48.394, 47.46, 46.689, 46.043, 44.668, 42.183, 39.916, 38.69, 38.62, 38.791, 38.32, 37.585, 37.425, 37.57, 37.282, 36.474, 36.014, 36.033, 36.129, 35.847, 35.489, 35.448, 35.533, 35.743, 35.694, 35.479, 35.518, 35.33, 35.697, 37.447, 38.327, 38.49, 39.035, 39.962, 40.906, 41.495, 41.117, 40.326, 40.131, 40.113, 39.891, 40.157, 41.203, 42.259, 42.619, 42.631, 43.026, 44.049, 45.118, 45.691, 45.885, 45.777, 45.402, 44.123, 41.618, 39.538, 38.794, 38.719, 38.767, 38.906, 39.123, 39.382, 39.53, 39.813, 39.684, 39.397, 39.571, 39.397, 38.733, 38.5, 38.961, 39.463, 39.567, 38.882, 38.353, 37.697, 27.313], [28.696, 26.799, 21.966, 16.647, 11.759, 6.245, 0.0, 5.495, 10.24, 14.091, 16.293, 18.066, 20.861, 24.618, 27.642, 29.121, 29.727, 30.113, 30.624, 31.387, 32.308, 32.947, 33.193, 33.38, 33.817, 34.676, 35.298, 35.955, 37.446, 38.915, 39.685, 40.181, 40.826, 41.224, 40.929, 40.483, 40.483, 41.251, 41.99, 42.174, 42.245, 41.791, 41.55, 41.712, 41.734, 42.084, 43.479, 45.458, 46.806, 46.602, 45.984, 47.143, 49.961, 51.893, 52.311, 52.069, 51.578, 50.554, 49.437, 48.309, 48.094, 49.059, 49.677, 49.62, 49.52, 49.152, 48.961, 49.084, 48.667, 47.754, 46.968, 46.289, 44.887, 42.369, 40.072, 38.856, 38.794, 38.929, 38.404, 37.613, 37.435, 37.593, 37.296, 36.452, 35.974, 35.996, 36.095, 35.785, 35.374, 35.304, 35.409, 35.654, 35.623, 35.394, 35.413, 35.237, 35.595, 37.298, 38.159, 38.334, 38.88, 39.8, 40.748, 41.332, 40.933, 40.13, 39.957, 39.946, 39.708, 39.982, 41.064, 42.135, 42.486, 42.491, 42.899, 43.934, 45.005, 45.583, 45.784, 45.675, 45.295, 43.988, 41.412, 39.281, 38.538, 38.466, 38.522, 38.657, 38.832, 39.067, 39.232, 39.548, 39.421, 39.127, 39.322, 39.179, 38.528, 38.325, 38.823, 39.329, 39.434, 38.75, 38.234, 37.593, 28.362], [29.74, 27.973, 23.483, 18.723, 14.778, 10.57, 5.495, 0.0, 6.056, 11.345, 14.274, 16.234, 19.237, 23.324, 26.602, 28.214, 28.885, 29.299, 29.852, 30.699, 31.691, 32.364, 32.656, 32.938, 33.503, 34.443, 35.071, 35.759, 37.321, 38.806, 39.563, 40.062, 40.734, 41.163, 40.871, 40.418, 40.442, 41.225, 41.954, 42.129, 42.2, 41.791, 41.627, 41.853, 41.898, 42.25, 43.67, 45.713, 47.087, 46.855, 46.247, 47.47, 50.314, 52.218, 52.6, 52.35, 51.876, 50.857, 49.714, 48.576, 48.382, 49.372, 50.01, 49.967, 49.87, 49.499, 49.293, 49.386, 48.943, 48.02, 47.219, 46.518, 45.07, 42.483, 40.172, 39.006, 38.955, 39.045, 38.484, 37.687, 37.521, 37.689, 37.389, 36.535, 36.068, 36.099, 36.191, 35.854, 35.394, 35.303, 35.432, 35.701, 35.684, 35.469, 35.482, 35.294, 35.615, 37.224, 38.035, 38.202, 38.744, 39.647, 40.584, 41.157, 40.742, 39.93, 39.778, 39.782, 39.54, 39.817, 40.907, 41.974, 42.32, 42.321, 42.724, 43.75, 44.815, 45.396, 45.6, 45.493, 45.122, 43.811, 41.203, 39.049, 38.308, 38.24, 38.307, 38.424, 38.55, 38.762, 38.943, 39.289, 39.174, 38.887, 39.095, 38.971, 38.346, 38.185, 38.711, 39.217, 39.329, 38.667, 38.189, 37.573, 29.39], [30.73, 29.098, 24.939, 20.53, 17.062, 13.802, 10.24, 6.056, 0.0, 6.667, 10.998, 13.749, 17.202, 21.685, 25.27, 27.05, 27.807, 28.259, 28.838, 29.738, 30.788, 31.487, 31.813, 32.224, 32.996, 34.088, 34.758, 35.487, 37.113, 38.608, 39.351, 39.845, 40.52, 40.955, 40.655, 40.19, 40.209, 40.973, 41.68, 41.856, 41.945, 41.568, 41.447, 41.749, 41.839, 42.187, 43.619, 45.752, 47.18, 46.951, 46.392, 47.713, 50.586, 52.461, 52.808, 52.553, 52.101, 51.082, 49.913, 48.793, 48.663, 49.699, 50.353, 50.322, 50.225, 49.843, 49.612, 49.653, 49.154, 48.188, 47.358, 46.641, 45.131, 42.415, 40.058, 38.953, 38.92, 38.973, 38.397, 37.635, 37.499, 37.667, 37.375, 36.542, 36.079, 36.09, 36.168, 35.831, 35.357, 35.246, 35.374, 35.649, 35.649, 35.474, 35.484, 35.255, 35.542, 37.101, 37.887, 38.04, 38.579, 39.472, 40.419, 41.011, 40.595, 39.766, 39.614, 39.63, 39.381, 39.645, 40.717, 41.772, 42.113, 42.1, 42.479, 43.498, 44.565, 45.138, 45.325, 45.213, 44.836, 43.52, 40.912, 38.761, 38.028, 37.964, 38.029, 38.117, 38.213, 38.421, 38.605, 38.953, 38.865, 38.609, 38.818, 38.685, 38.081, 37.966, 38.523, 39.019, 39.145, 38.536, 38.099, 37.479, 30.401], [31.152, 29.631, 25.9, 22.084, 19.181, 16.618, 14.091, 11.345, 6.667, 0.0, 5.703, 10.106, 14.492, 19.331, 23.168, 25.12, 25.969, 26.478, 27.099, 28.052, 29.183, 29.917, 30.244, 30.741, 31.71, 32.975, 33.722, 34.499, 36.263, 37.927, 38.758, 39.28, 39.981, 40.43, 40.11, 39.633, 39.678, 40.457, 41.171, 41.369, 41.483, 41.104, 40.99, 41.367, 41.525, 41.9, 43.38, 45.657, 47.192, 46.977, 46.441, 47.87, 50.871, 52.806, 53.151, 52.891, 52.43, 51.37, 50.149, 48.997, 48.883, 49.979, 50.667, 50.654, 50.564, 50.168, 49.915, 49.959, 49.465, 48.458, 47.577, 46.852, 45.27, 42.319, 39.758, 38.639, 38.649, 38.68, 38.04, 37.215, 37.057, 37.233, 36.952, 36.105, 35.626, 35.643, 35.733, 35.389, 34.874, 34.718, 34.826, 35.115, 35.14, 34.989, 35.009, 34.741, 35.01, 36.621, 37.437, 37.592, 38.164, 39.111, 40.139, 40.799, 40.362, 39.459, 39.289, 39.312, 39.041, 39.302, 40.402, 41.487, 41.832, 41.8, 42.182, 43.256, 44.38, 44.962, 45.117, 44.971, 44.559, 43.188, 40.484, 38.229, 37.459, 37.389, 37.446, 37.527, 37.642, 37.878, 38.045, 38.375, 38.303, 38.059, 38.253, 38.085, 37.447, 37.342, 37.949, 38.453, 38.587, 37.976, 37.531, 36.887, 30.837], [31.206, 29.769, 26.421, 23.164, 20.66, 18.423, 16.293, 14.274, 10.998, 5.703, 0.0, 5.763, 11.448, 16.993, 21.165, 23.269, 24.179, 24.735, 25.41, 26.439, 27.682, 28.488, 28.816, 29.302, 30.328, 31.717, 32.55, 33.348, 35.246, 37.136, 38.1, 38.675, 39.433, 39.919, 39.6, 39.153, 39.274, 40.106, 40.843, 41.056, 41.187, 40.811, 40.716, 41.138, 41.324, 41.728, 43.261, 45.636, 47.24, 47.021, 46.465, 47.947, 51.059, 53.055, 53.404, 53.141, 52.666, 51.567, 50.311, 49.108, 48.972, 50.107, 50.822, 50.818, 50.737, 50.334, 50.084, 50.173, 49.709, 48.683, 47.774, 47.036, 45.399, 42.292, 39.56, 38.389, 38.421, 38.453, 37.756, 36.835, 36.63, 36.818, 36.534, 35.637, 35.129, 35.168, 35.287, 34.923, 34.329, 34.098, 34.178, 34.489, 34.534, 34.387, 34.435, 34.174, 34.429, 36.11, 36.975, 37.149, 37.758, 38.765, 39.849, 40.543, 40.082, 39.112, 38.913, 38.936, 38.647, 38.909, 40.049, 41.179, 41.539, 41.508, 41.917, 43.058, 44.246, 44.852, 44.987, 44.802, 44.354, 42.949, 40.157, 37.767, 36.925, 36.849, 36.915, 37.015, 37.157, 37.414, 37.573, 37.9, 37.816, 37.534, 37.707, 37.529, 36.863, 36.749, 37.394, 37.927, 38.072, 37.416, 36.928, 36.27, 30.88], [31.43, 30.089, 27.062, 24.265, 22.089, 20.047, 18.066, 16.234, 13.749, 10.106, 5.763, 0.0, 6.869, 13.857, 18.86, 21.238, 22.214, 22.806, 23.569, 24.774, 26.223, 27.181, 27.592, 28.1, 29.158, 30.651, 31.554, 32.376, 34.394, 36.452, 37.536, 38.182, 38.986, 39.506, 39.206, 38.776, 38.945, 39.845, 40.609, 40.812, 40.952, 40.609, 40.55, 41.016, 41.22, 41.641, 43.236, 45.69, 47.325, 47.09, 46.5, 47.992, 51.157, 53.173, 53.529, 53.273, 52.786, 51.669, 50.41, 49.187, 49.038, 50.184, 50.906, 50.922, 50.859, 50.446, 50.191, 50.298, 49.836, 48.797, 47.867, 47.104, 45.437, 42.273, 39.448, 38.221, 38.248, 38.287, 37.553, 36.549, 36.297, 36.499, 36.224, 35.29, 34.749, 34.798, 34.943, 34.57, 33.902, 33.594, 33.651, 33.979, 34.021, 33.866, 33.957, 33.733, 33.965, 35.665, 36.558, 36.758, 37.382, 38.403, 39.483, 40.164, 39.705, 38.73, 38.519, 38.534, 38.222, 38.474, 39.638, 40.808, 41.186, 41.159, 41.594, 42.78, 44.016, 44.65, 44.781, 44.564, 44.102, 42.704, 39.873, 37.365, 36.447, 36.364, 36.444, 36.563, 36.731, 37.017, 37.191, 37.529, 37.418, 37.086, 37.241, 37.059, 36.373, 36.255, 36.924, 37.493, 37.67, 36.984, 36.46, 35.816, 31.076], [32.07, 30.844, 28.172, 25.91, 24.233, 22.565, 20.861, 19.237, 17.202, 14.492, 11.448, 6.869, 0.0, 8.237, 14.516, 17.561, 18.803, 19.533, 20.48, 22.057, 23.927, 25.16, 25.74, 26.408, 27.664, 29.31, 30.266, 31.157, 33.376, 35.6, 36.822, 37.574, 38.422, 38.958, 38.676, 38.264, 38.479, 39.442, 40.225, 40.418, 40.581, 40.271, 40.233, 40.765, 41.018, 41.47, 43.15, 45.716, 47.391, 47.141, 46.507, 48.002, 51.236, 53.29, 53.67, 53.43, 52.921, 51.777, 50.51, 49.269, 49.116, 50.27, 50.994, 51.038, 51.007, 50.584, 50.309, 50.414, 49.919, 48.843, 47.873, 47.088, 45.412, 42.191, 39.243, 37.951, 38.0, 38.051, 37.262, 36.156, 35.837, 36.043, 35.794, 34.852, 34.284, 34.33, 34.505, 34.135, 33.389, 32.997, 33.019, 33.344, 33.368, 33.177, 33.289, 33.135, 33.428, 35.178, 36.08, 36.306, 36.942, 37.972, 39.053, 39.734, 39.29, 38.326, 38.118, 38.123, 37.764, 37.985, 39.185, 40.405, 40.787, 40.75, 41.225, 42.477, 43.77, 44.453, 44.605, 44.375, 43.906, 42.491, 39.568, 36.909, 35.915, 35.817, 35.9, 36.036, 36.257, 36.625, 36.836, 37.165, 37.016, 36.653, 36.798, 36.576, 35.822, 35.684, 36.385, 37.007, 37.214, 36.476, 35.903, 35.263, 31.676], [33.41, 32.327, 30.068, 28.365, 27.213, 25.978, 24.618, 23.324, 21.685, 19.331, 16.993, 13.857, 8.237, 0.0, 7.482, 11.798, 13.851, 15.051, 16.433, 18.686, 21.272, 22.914, 23.722, 24.693, 26.415, 28.356, 29.361, 30.301, 32.729, 35.107, 36.426, 37.246, 38.116, 38.642, 38.364, 38.005, 38.282, 39.251, 40.022, 40.238, 40.432, 40.131, 40.088, 40.687, 41.002, 41.484, 43.22, 45.862, 47.561, 47.311, 46.665, 48.163, 51.428, 53.495, 53.892, 53.662, 53.133, 51.973, 50.699, 49.442, 49.286, 50.447, 51.175, 51.237, 51.237, 50.821, 50.534, 50.634, 50.102, 48.976, 47.974, 47.195, 45.541, 42.316, 39.317, 38.009, 38.089, 38.145, 37.314, 36.161, 35.806, 36.0, 35.77, 34.874, 34.323, 34.364, 34.557, 34.203, 33.416, 32.972, 32.946, 33.232, 33.245, 33.026, 33.137, 33.072, 33.539, 35.358, 36.221, 36.444, 37.072, 38.076, 39.137, 39.825, 39.391, 38.428, 38.229, 38.237, 37.818, 37.981, 39.202, 40.452, 40.808, 40.743, 41.257, 42.576, 43.915, 44.641, 44.833, 44.616, 44.149, 42.699, 39.683, 36.919, 35.881, 35.773, 35.854, 36.018, 36.31, 36.756, 36.99, 37.29, 37.12, 36.758, 36.89, 36.62, 35.806, 35.651, 36.375, 37.035, 37.248, 36.449, 35.822, 35.182, 32.993], [34.837, 33.888, 31.977, 30.634, 29.775, 28.785, 27.642, 26.602, 25.27, 23.168, 21.165, 18.86, 14.516, 7.482, 0.0, 5.496, 8.95, 11.28, 13.469, 16.45, 19.674, 21.656, 22.65, 23.9, 26.069, 28.281, 29.308, 30.203, 32.679, 35.136, 36.478, 37.305, 38.178, 38.682, 38.406, 38.12, 38.449, 39.384, 40.134, 40.386, 40.611, 40.324, 40.293, 40.937, 41.289, 41.767, 43.496, 46.141, 47.843, 47.606, 46.982, 48.493, 51.73, 53.759, 54.137, 53.905, 53.369, 52.216, 50.954, 49.708, 49.539, 50.677, 51.397, 51.458, 51.468, 51.068, 50.777, 50.85, 50.284, 49.136, 48.136, 47.364, 45.733, 42.59, 39.722, 38.513, 38.627, 38.679, 37.855, 36.736, 36.394, 36.57, 36.337, 35.482, 34.947, 34.975, 35.172, 34.846, 34.073, 33.623, 33.561, 33.799, 33.828, 33.625, 33.727, 33.704, 34.215, 35.937, 36.707, 36.917, 37.516, 38.445, 39.464, 40.147, 39.704, 38.749, 38.57, 38.58, 38.13, 38.259, 39.462, 40.685, 41.01, 40.924, 41.427, 42.74, 44.076, 44.81, 45.018, 44.817, 44.365, 42.934, 39.971, 37.278, 36.273, 36.172, 36.258, 36.449, 36.76, 37.2, 37.427, 37.726, 37.567, 37.212, 37.335, 37.071, 36.275, 36.136, 36.863, 37.517, 37.727, 36.946, 36.303, 35.681, 34.425], [35.531, 34.674, 32.981, 31.822, 31.066, 30.167, 29.121, 28.214, 27.05, 25.12, 23.269, 21.238, 17.561, 11.798, 5.496, 0.0, 4.576, 8.303, 11.432, 14.914, 18.455, 20.624, 21.763, 23.222, 25.69, 28.083, 29.146, 29.989, 32.453, 34.982, 36.355, 37.198, 38.092, 38.596, 38.324, 38.076, 38.452, 39.397, 40.144, 40.41, 40.661, 40.397, 40.395, 41.093, 41.475, 41.93, 43.627, 46.27, 47.987, 47.759, 47.162, 48.708, 51.936, 53.932, 54.289, 54.047, 53.504, 52.351, 51.095, 49.867, 49.69, 50.794, 51.499, 51.556, 51.564, 51.165, 50.863, 50.905, 50.31, 49.153, 48.155, 47.38, 45.752, 42.662, 39.922, 38.845, 39.01, 39.064, 38.262, 37.177, 36.84, 37.013, 36.776, 35.91, 35.347, 35.361, 35.565, 35.254, 34.487, 34.03, 33.946, 34.171, 34.226, 34.058, 34.181, 34.173, 34.626, 36.21, 36.921, 37.123, 37.695, 38.583, 39.596, 40.28, 39.834, 38.892, 38.709, 38.706, 38.264, 38.414, 39.609, 40.804, 41.118, 41.032, 41.507, 42.777, 44.079, 44.771, 44.943, 44.73, 44.29, 42.898, 40.026, 37.422, 36.453, 36.366, 36.464, 36.67, 36.992, 37.419, 37.63, 37.944, 37.801, 37.445, 37.571, 37.336, 36.566, 36.437, 37.15, 37.782, 37.996, 37.265, 36.629, 36.014, 35.132], [35.733, 34.928, 33.35, 32.273, 31.562, 30.717, 29.727, 28.885, 27.807, 25.969, 24.179, 22.214, 18.803, 13.851, 8.95, 4.576, 0.0, 4.652, 8.799, 12.942, 16.811, 19.167, 20.456, 22.1, 24.885, 27.554, 28.708, 29.549, 32.072, 34.692, 36.105, 36.965, 37.88, 38.405, 38.135, 37.904, 38.325, 39.306, 40.061, 40.325, 40.584, 40.339, 40.363, 41.105, 41.509, 41.936, 43.6, 46.233, 47.954, 47.736, 47.166, 48.743, 51.965, 53.939, 54.284, 54.036, 53.485, 52.325, 51.07, 49.863, 49.703, 50.791, 51.486, 51.547, 51.56, 51.159, 50.851, 50.882, 50.272, 49.103, 48.103, 47.334, 45.71, 42.637, 39.951, 38.953, 39.161, 39.215, 38.427, 37.362, 37.029, 37.212, 36.977, 36.109, 35.545, 35.556, 35.756, 35.445, 34.681, 34.218, 34.122, 34.347, 34.422, 34.293, 34.457, 34.476, 34.892, 36.386, 37.067, 37.272, 37.826, 38.698, 39.709, 40.385, 39.948, 39.028, 38.83, 38.813, 38.396, 38.58, 39.767, 40.933, 41.24, 41.163, 41.62, 42.851, 44.113, 44.755, 44.879, 44.646, 44.205, 42.846, 40.048, 37.496, 36.534, 36.449, 36.549, 36.755, 37.095, 37.532, 37.727, 38.041, 37.906, 37.548, 37.683, 37.473, 36.728, 36.596, 37.282, 37.894, 38.11, 37.408, 36.785, 36.18, 35.347], [35.873, 35.108, 33.608, 32.567, 31.867, 31.061, 30.113, 29.299, 28.259, 26.478, 24.735, 22.806, 19.533, 15.051, 11.28, 8.303, 4.652, 0.0, 5.007, 10.267, 14.826, 17.472, 18.908, 20.727, 23.897, 26.968, 28.238, 29.114, 31.805, 34.536, 35.958, 36.817, 37.747, 38.297, 38.041, 37.839, 38.299, 39.306, 40.072, 40.335, 40.589, 40.348, 40.385, 41.141, 41.555, 41.97, 43.611, 46.207, 47.9, 47.692, 47.163, 48.767, 51.961, 53.899, 54.237, 53.997, 53.452, 52.3, 51.059, 49.896, 49.785, 50.868, 51.552, 51.626, 51.647, 51.252, 50.952, 50.981, 50.361, 49.186, 48.193, 47.435, 45.809, 42.73, 40.052, 39.071, 39.283, 39.32, 38.535, 37.493, 37.169, 37.352, 37.123, 36.291, 35.763, 35.774, 35.957, 35.646, 34.889, 34.427, 34.331, 34.556, 34.642, 34.544, 34.733, 34.775, 35.192, 36.637, 37.297, 37.504, 38.041, 38.895, 39.893, 40.548, 40.115, 39.223, 39.028, 39.009, 38.614, 38.814, 39.975, 41.097, 41.388, 41.315, 41.755, 42.959, 44.201, 44.82, 44.924, 44.686, 44.246, 42.915, 40.189, 37.689, 36.73, 36.636, 36.724, 36.914, 37.241, 37.677, 37.859, 38.161, 38.038, 37.691, 37.831, 37.646, 36.949, 36.835, 37.493, 38.088, 38.307, 37.634, 37.032, 36.444, 35.485], [36.13, 35.418, 34.042, 33.06, 32.325, 31.52, 30.624, 29.852, 28.838, 27.099, 25.41, 23.569, 20.48, 16.433, 13.469, 11.432, 8.799, 5.007, 0.0, 6.252, 11.907, 15.167, 16.839, 18.864, 22.521, 26.101, 27.524, 28.459, 31.386, 34.303, 35.76, 36.621, 37.561, 38.125, 37.892, 37.729, 38.221, 39.239, 40.022, 40.293, 40.538, 40.29, 40.339, 41.106, 41.534, 41.96, 43.593, 46.156, 47.824, 47.632, 47.161, 48.807, 51.966, 53.852, 54.174, 53.944, 53.413, 52.272, 51.046, 49.938, 49.883, 50.965, 51.641, 51.726, 51.746, 51.355, 51.06, 51.079, 50.447, 49.277, 48.307, 47.558, 45.902, 42.796, 40.123, 39.145, 39.337, 39.346, 38.568, 37.568, 37.261, 37.431, 37.209, 36.421, 35.915, 35.909, 36.071, 35.765, 35.006, 34.522, 34.418, 34.653, 34.749, 34.664, 34.85, 34.9, 35.344, 36.818, 37.501, 37.708, 38.232, 39.092, 40.102, 40.751, 40.326, 39.463, 39.285, 39.269, 38.884, 39.091, 40.226, 41.312, 41.596, 41.522, 41.937, 43.123, 44.366, 44.983, 45.078, 44.846, 44.417, 43.109, 40.426, 37.957, 37.009, 36.916, 36.996, 37.174, 37.474, 37.889, 38.06, 38.349, 38.236, 37.908, 38.055, 37.875, 37.191, 37.069, 37.706, 38.293, 38.525, 37.893, 37.307, 36.712, 35.724], [36.601, 35.936, 34.711, 33.816, 33.024, 32.205, 31.387, 30.699, 29.738, 28.052, 26.439, 24.774, 22.057, 18.686, 16.45, 14.914, 12.942, 10.267, 6.252, 0.0, 6.672, 11.086, 13.461, 15.918, 20.299, 24.591, 26.249, 27.264, 30.484, 33.702, 35.262, 36.163, 37.139, 37.721, 37.509, 37.39, 37.917, 38.951, 39.76, 40.042, 40.278, 40.01, 40.066, 40.856, 41.31, 41.75, 43.387, 45.962, 47.641, 47.467, 47.06, 48.776, 51.917, 53.748, 54.047, 53.813, 53.288, 52.138, 50.911, 49.847, 49.835, 50.913, 51.581, 51.66, 51.663, 51.266, 50.963, 50.955, 50.299, 49.121, 48.188, 47.458, 45.76, 42.624, 39.981, 39.029, 39.214, 39.22, 38.483, 37.56, 37.273, 37.422, 37.21, 36.446, 35.918, 35.873, 36.023, 35.727, 34.945, 34.407, 34.277, 34.529, 34.634, 34.537, 34.71, 34.77, 35.232, 36.764, 37.525, 37.745, 38.268, 39.173, 40.262, 40.957, 40.549, 39.708, 39.543, 39.529, 39.159, 39.377, 40.485, 41.535, 41.819, 41.744, 42.124, 43.272, 44.502, 45.101, 45.17, 44.936, 44.526, 43.246, 40.585, 38.115, 37.164, 37.085, 37.179, 37.358, 37.635, 38.014, 38.172, 38.445, 38.328, 38.007, 38.17, 37.997, 37.292, 37.118, 37.72, 38.307, 38.554, 37.943, 37.347, 36.722, 36.195], [37.284, 36.643, 35.527, 34.7, 33.879, 33.064, 32.308, 31.691, 30.788, 29.183, 27.682, 26.223, 23.927, 21.272, 19.674, 18.455, 16.811, 14.826, 11.907, 6.672, 0.0, 5.609, 9.396, 12.784, 17.988, 22.971, 24.839, 25.922, 29.442, 32.971, 34.682, 35.668, 36.716, 37.332, 37.139, 37.062, 37.634, 38.688, 39.512, 39.804, 40.031, 39.726, 39.746, 40.532, 41.005, 41.461, 43.113, 45.723, 47.432, 47.275, 46.912, 48.688, 51.843, 53.676, 53.986, 53.762, 53.241, 52.081, 50.861, 49.833, 49.843, 50.905, 51.562, 51.635, 51.622, 51.216, 50.903, 50.875, 50.2, 49.012, 48.098, 47.393, 45.686, 42.544, 39.934, 39.024, 39.229, 39.246, 38.546, 37.68, 37.39, 37.51, 37.306, 36.547, 35.967, 35.877, 36.036, 35.77, 34.976, 34.394, 34.233, 34.488, 34.589, 34.483, 34.661, 34.742, 35.193, 36.726, 37.554, 37.794, 38.313, 39.255, 40.433, 41.181, 40.779, 39.955, 39.8, 39.785, 39.424, 39.655, 40.743, 41.754, 42.025, 41.949, 42.298, 43.395, 44.593, 45.166, 45.207, 44.964, 44.561, 43.31, 40.674, 38.197, 37.226, 37.163, 37.283, 37.465, 37.738, 38.097, 38.238, 38.499, 38.38, 38.059, 38.231, 38.076, 37.367, 37.145, 37.692, 38.266, 38.517, 37.897, 37.273, 36.626, 36.904], [37.754, 37.117, 36.058, 35.278, 34.462, 33.666, 32.947, 32.364, 31.487, 29.917, 28.488, 27.181, 25.16, 22.914, 21.656, 20.624, 19.167, 17.472, 15.167, 11.086, 5.609, 0.0, 5.102, 10.046, 16.315, 21.793, 23.766, 24.868, 28.576, 32.346, 34.221, 35.29, 36.378, 37.003, 36.806, 36.747, 37.348, 38.404, 39.229, 39.534, 39.759, 39.429, 39.42, 40.201, 40.695, 41.188, 42.863, 45.49, 47.224, 47.08, 46.731, 48.529, 51.725, 53.61, 53.953, 53.746, 53.238, 52.086, 50.88, 49.87, 49.887, 50.944, 51.6, 51.683, 51.674, 51.257, 50.927, 50.891, 50.225, 49.046, 48.133, 47.445, 45.768, 42.647, 40.061, 39.178, 39.4, 39.429, 38.738, 37.87, 37.558, 37.656, 37.448, 36.68, 36.063, 35.943, 36.107, 35.868, 35.086, 34.488, 34.306, 34.558, 34.665, 34.582, 34.782, 34.866, 35.325, 36.861, 37.717, 37.964, 38.487, 39.458, 40.684, 41.446, 41.027, 40.196, 40.034, 40.024, 39.666, 39.892, 40.969, 41.976, 42.246, 42.166, 42.502, 43.582, 44.773, 45.338, 45.369, 45.121, 44.715, 43.478, 40.845, 38.33, 37.33, 37.279, 37.406, 37.578, 37.867, 38.234, 38.367, 38.628, 38.523, 38.198, 38.358, 38.203, 37.481, 37.215, 37.721, 38.286, 38.533, 37.883, 37.24, 36.573, 37.39], [37.837, 37.188, 36.145, 35.416, 34.626, 33.862, 33.193, 32.656, 31.813, 30.244, 28.816, 27.592, 25.74, 23.722, 22.65, 21.763, 20.456, 18.908, 16.839, 13.461, 9.396, 5.102, 0.0, 6.31, 14.145, 20.429, 22.613, 23.73, 27.575, 31.609, 33.665, 34.799, 35.89, 36.5, 36.302, 36.268, 36.912, 37.987, 38.818, 39.132, 39.369, 39.06, 39.094, 39.922, 40.471, 41.02, 42.723, 45.365, 47.123, 46.988, 46.632, 48.425, 51.653, 53.566, 53.906, 53.695, 53.191, 52.046, 50.838, 49.811, 49.835, 50.929, 51.603, 51.702, 51.709, 51.289, 50.946, 50.91, 50.253, 49.08, 48.159, 47.464, 45.798, 42.701, 40.132, 39.245, 39.447, 39.481, 38.796, 37.906, 37.576, 37.669, 37.445, 36.64, 36.002, 35.878, 36.031, 35.792, 35.024, 34.434, 34.239, 34.494, 34.646, 34.62, 34.843, 34.913, 35.375, 36.929, 37.806, 38.057, 38.592, 39.597, 40.844, 41.588, 41.143, 40.285, 40.09, 40.076, 39.73, 39.952, 41.029, 42.058, 42.349, 42.273, 42.608, 43.699, 44.901, 45.471, 45.498, 45.236, 44.82, 43.581, 40.945, 38.416, 37.416, 37.371, 37.48, 37.634, 37.924, 38.287, 38.422, 38.701, 38.611, 38.283, 38.43, 38.267, 37.538, 37.256, 37.76, 38.324, 38.562, 37.893, 37.24, 36.563, 37.468], [37.574, 36.913, 35.926, 35.349, 34.675, 33.976, 33.38, 32.938, 32.224, 30.741, 29.302, 28.1, 26.408, 24.693, 23.9, 23.222, 22.1, 20.727, 18.864, 15.918, 12.784, 10.046, 6.31, 0.0, 9.2, 17.006, 19.916, 21.217, 25.333, 29.834, 32.191, 33.466, 34.624, 35.264, 35.117, 35.2, 36.016, 37.216, 38.099, 38.428, 38.69, 38.428, 38.546, 39.466, 40.113, 40.744, 42.499, 45.193, 46.992, 46.855, 46.475, 48.266, 51.553, 53.498, 53.808, 53.575, 53.066, 51.896, 50.639, 49.555, 49.582, 50.752, 51.462, 51.571, 51.587, 51.168, 50.838, 50.825, 50.159, 48.95, 47.992, 47.271, 45.577, 42.439, 39.816, 38.892, 39.061, 39.068, 38.363, 37.451, 37.114, 37.207, 36.954, 36.072, 35.414, 35.32, 35.485, 35.237, 34.465, 33.879, 33.681, 33.951, 34.158, 34.193, 34.47, 34.527, 34.906, 36.477, 37.416, 37.701, 38.243, 39.281, 40.578, 41.336, 40.88, 40.006, 39.768, 39.71, 39.356, 39.608, 40.711, 41.746, 42.039, 41.974, 42.317, 43.424, 44.656, 45.243, 45.258, 44.971, 44.532, 43.268, 40.624, 38.125, 37.148, 37.089, 37.179, 37.331, 37.6, 37.936, 38.072, 38.37, 38.278, 37.937, 38.084, 37.919, 37.196, 36.925, 37.452, 38.011, 38.233, 37.527, 36.847, 36.168, 37.193], [37.002, 36.325, 35.489, 35.25, 34.861, 34.312, 33.817, 33.503, 32.996, 31.71, 30.328, 29.158, 27.664, 26.415, 26.069, 25.69, 24.885, 23.897, 22.521, 20.299, 17.988, 16.315, 14.145, 9.2, 0.0, 9.499, 13.974, 16.056, 20.65, 25.862, 28.802, 30.444, 31.846, 32.612, 32.578, 32.896, 34.03, 35.469, 36.473, 36.848, 37.146, 36.928, 37.169, 38.254, 39.068, 39.822, 41.672, 44.503, 46.383, 46.239, 45.827, 47.657, 51.09, 53.142, 53.466, 53.225, 52.699, 51.465, 50.135, 48.956, 48.929, 50.154, 50.902, 51.018, 51.023, 50.59, 50.281, 50.333, 49.695, 48.437, 47.404, 46.656, 44.939, 41.679, 38.893, 37.923, 38.107, 38.09, 37.327, 36.349, 35.99, 36.1, 35.839, 34.856, 34.169, 34.157, 34.393, 34.126, 33.306, 32.698, 32.51, 32.826, 33.065, 33.129, 33.502, 33.547, 33.767, 35.362, 36.398, 36.747, 37.295, 38.363, 39.75, 40.576, 40.132, 39.247, 38.969, 38.839, 38.433, 38.727, 39.908, 40.949, 41.214, 41.154, 41.508, 42.625, 43.899, 44.512, 44.516, 44.203, 43.749, 42.442, 39.74, 37.254, 36.281, 36.173, 36.258, 36.443, 36.71, 37.044, 37.2, 37.515, 37.384, 37.005, 37.167, 36.978, 36.186, 35.887, 36.45, 37.014, 37.218, 36.452, 35.734, 35.024, 36.615], [36.824, 36.159, 35.488, 35.573, 35.491, 35.103, 34.676, 34.443, 34.088, 32.975, 31.717, 30.651, 29.31, 28.356, 28.281, 28.083, 27.554, 26.968, 26.101, 24.591, 22.971, 21.793, 20.429, 17.006, 9.499, 0.0, 6.333, 10.523, 16.019, 21.582, 25.055, 27.148, 28.842, 29.746, 29.844, 30.413, 31.808, 33.419, 34.562, 35.017, 35.355, 35.168, 35.515, 36.778, 37.764, 38.638, 40.606, 43.626, 45.615, 45.468, 45.063, 47.017, 50.632, 52.787, 53.151, 52.932, 52.404, 51.136, 49.771, 48.524, 48.411, 49.627, 50.388, 50.499, 50.487, 50.028, 49.721, 49.847, 49.289, 48.037, 46.96, 46.203, 44.496, 41.17, 38.292, 37.335, 37.579, 37.581, 36.792, 35.752, 35.371, 35.515, 35.286, 34.266, 33.584, 33.664, 33.975, 33.68, 32.809, 32.195, 32.035, 32.388, 32.602, 32.608, 33.001, 33.036, 33.155, 34.701, 35.757, 36.141, 36.682, 37.745, 39.197, 40.086, 39.673, 38.796, 38.519, 38.366, 37.916, 38.218, 39.464, 40.531, 40.776, 40.711, 41.074, 42.171, 43.433, 44.058, 44.075, 43.772, 43.327, 41.985, 39.198, 36.682, 35.708, 35.57, 35.668, 35.872, 36.145, 36.51, 36.706, 37.052, 36.889, 36.476, 36.658, 36.436, 35.53, 35.172, 35.78, 36.351, 36.539, 35.778, 35.077, 34.365, 36.428], [36.988, 36.366, 35.774, 35.968, 36.022, 35.712, 35.298, 35.071, 34.758, 33.722, 32.55, 31.554, 30.266, 29.361, 29.308, 29.146, 28.708, 28.238, 27.524, 26.249, 24.839, 23.766, 22.613, 19.916, 13.974, 6.333, 0.0, 6.386, 13.824, 19.846, 23.388, 25.572, 27.375, 28.353, 28.53, 29.292, 30.881, 32.579, 33.795, 34.304, 34.65, 34.464, 34.864, 36.216, 37.273, 38.197, 40.236, 43.37, 45.437, 45.271, 44.86, 46.938, 50.695, 52.895, 53.269, 53.063, 52.555, 51.307, 49.944, 48.669, 48.517, 49.696, 50.44, 50.565, 50.567, 50.094, 49.78, 49.941, 49.425, 48.186, 47.112, 46.363, 44.662, 41.32, 38.428, 37.505, 37.759, 37.743, 36.933, 35.872, 35.478, 35.622, 35.403, 34.392, 33.732, 33.853, 34.188, 33.876, 32.973, 32.339, 32.183, 32.565, 32.759, 32.696, 33.039, 33.065, 33.191, 34.706, 35.741, 36.118, 36.63, 37.661, 39.106, 40.001, 39.608, 38.765, 38.526, 38.396, 37.955, 38.258, 39.514, 40.594, 40.844, 40.772, 41.13, 42.21, 43.446, 44.071, 44.117, 43.842, 43.41, 42.067, 39.262, 36.744, 35.773, 35.638, 35.75, 35.951, 36.228, 36.626, 36.844, 37.185, 37.004, 36.582, 36.763, 36.523, 35.577, 35.201, 35.828, 36.403, 36.589, 35.867, 35.211, 34.537, 36.569], [37.109, 36.579, 36.144, 36.449, 36.585, 36.333, 35.955, 35.759, 35.487, 34.499, 33.348, 32.376, 31.157, 30.301, 30.203, 29.989, 29.549, 29.114, 28.459, 27.264, 25.922, 24.868, 23.73, 21.217, 16.056, 10.523, 6.386, 0.0, 9.402, 17.337, 21.612, 23.965, 25.902, 27.01, 27.266, 28.241, 30.196, 32.155, 33.45, 33.968, 34.31, 34.145, 34.69, 36.199, 37.325, 38.256, 40.334, 43.579, 45.749, 45.61, 45.193, 47.314, 51.146, 53.395, 53.776, 53.548, 53.027, 51.807, 50.477, 49.172, 48.935, 50.067, 50.827, 50.987, 51.008, 50.526, 50.205, 50.392, 49.882, 48.583, 47.464, 46.737, 45.062, 41.68, 38.744, 37.833, 38.103, 38.075, 37.216, 36.067, 35.604, 35.738, 35.501, 34.436, 33.754, 33.894, 34.253, 33.929, 32.993, 32.341, 32.171, 32.569, 32.813, 32.787, 33.162, 33.213, 33.318, 34.811, 35.836, 36.209, 36.706, 37.715, 39.148, 40.027, 39.631, 38.815, 38.581, 38.433, 37.998, 38.318, 39.56, 40.616, 40.864, 40.802, 41.155, 42.204, 43.391, 43.987, 44.022, 43.74, 43.314, 41.984, 39.202, 36.721, 35.766, 35.641, 35.749, 35.945, 36.248, 36.686, 36.915, 37.244, 37.063, 36.658, 36.846, 36.604, 35.658, 35.287, 35.915, 36.489, 36.67, 35.953, 35.306, 34.659, 36.682], [37.643, 37.224, 37.068, 37.624, 37.906, 37.736, 37.446, 37.321, 37.113, 36.263, 35.246, 34.394, 33.376, 32.729, 32.679, 32.453, 32.072, 31.805, 31.386, 30.484, 29.442, 28.576, 27.575, 25.333, 20.65, 16.019, 13.824, 9.402, 0.0, 10.508, 16.902, 20.337, 22.765, 24.195, 24.747, 26.11, 28.59, 30.982, 32.444, 32.995, 33.381, 33.369, 34.249, 36.021, 37.264, 38.205, 40.304, 43.652, 45.916, 45.848, 45.493, 47.637, 51.446, 53.706, 54.103, 53.862, 53.318, 52.118, 50.859, 49.579, 49.272, 50.358, 51.142, 51.311, 51.316, 50.828, 50.504, 50.699, 50.179, 48.806, 47.617, 46.917, 45.305, 41.967, 39.093, 38.262, 38.613, 38.637, 37.778, 36.565, 36.042, 36.176, 35.912, 34.766, 34.061, 34.224, 34.598, 34.28, 33.384, 32.798, 32.612, 32.952, 33.254, 33.363, 33.848, 33.929, 33.938, 35.297, 36.275, 36.66, 37.138, 38.09, 39.516, 40.418, 40.059, 39.274, 39.004, 38.816, 38.386, 38.713, 39.911, 40.913, 41.14, 41.082, 41.413, 42.368, 43.433, 43.945, 43.931, 43.624, 43.21, 41.91, 39.207, 36.848, 35.951, 35.84, 35.941, 36.126, 36.438, 36.894, 37.131, 37.453, 37.287, 36.927, 37.137, 36.913, 35.995, 35.629, 36.242, 36.78, 36.939, 36.251, 35.644, 35.048, 37.278], [38.58, 38.241, 38.246, 38.9, 39.25, 39.14, 38.915, 38.806, 38.608, 37.927, 37.136, 36.452, 35.6, 35.107, 35.136, 34.982, 34.692, 34.536, 34.303, 33.702, 32.971, 32.346, 31.609, 29.834, 25.862, 21.582, 19.846, 17.337, 10.508, 0.0, 8.916, 14.771, 18.338, 20.25, 21.374, 23.347, 26.245, 28.963, 30.672, 31.39, 31.921, 32.146, 33.341, 35.294, 36.654, 37.616, 39.733, 43.154, 45.488, 45.502, 45.283, 47.543, 51.318, 53.516, 53.914, 53.717, 53.204, 52.025, 50.818, 49.615, 49.338, 50.394, 51.141, 51.268, 51.252, 50.774, 50.451, 50.645, 50.137, 48.77, 47.588, 46.916, 45.371, 42.186, 39.55, 38.893, 39.341, 39.416, 38.632, 37.515, 37.037, 37.174, 36.914, 35.823, 35.17, 35.335, 35.672, 35.357, 34.54, 34.057, 33.878, 34.124, 34.41, 34.582, 35.075, 35.142, 35.095, 36.279, 37.159, 37.541, 37.997, 38.852, 40.206, 41.126, 40.852, 40.11, 39.821, 39.635, 39.225, 39.51, 40.624, 41.569, 41.76, 41.687, 42.009, 42.887, 43.809, 44.224, 44.195, 43.903, 43.507, 42.261, 39.682, 37.447, 36.593, 36.49, 36.607, 36.79, 37.07, 37.49, 37.711, 38.009, 37.869, 37.563, 37.785, 37.586, 36.722, 36.361, 36.919, 37.375, 37.482, 36.901, 36.471, 35.988, 38.313], [39.2, 38.915, 38.968, 39.61, 39.961, 39.884, 39.685, 39.563, 39.351, 38.758, 38.1, 37.536, 36.822, 36.426, 36.478, 36.355, 36.105, 35.958, 35.76, 35.262, 34.682, 34.221, 33.665, 32.191, 28.802, 25.055, 23.388, 21.612, 16.902, 8.916, 0.0, 7.594, 12.813, 15.401, 17.045, 19.85, 23.278, 26.222, 28.18, 29.192, 29.91, 30.321, 31.933, 34.212, 35.707, 36.7, 38.934, 42.511, 44.936, 45.002, 44.933, 47.447, 51.33, 53.507, 53.879, 53.708, 53.242, 52.094, 50.898, 49.745, 49.513, 50.541, 51.259, 51.355, 51.314, 50.826, 50.49, 50.686, 50.195, 48.835, 47.69, 47.065, 45.541, 42.39, 39.859, 39.315, 39.81, 39.89, 39.178, 38.206, 37.808, 37.932, 37.692, 36.719, 36.149, 36.305, 36.585, 36.264, 35.497, 35.06, 34.92, 35.179, 35.457, 35.609, 36.015, 36.019, 35.947, 37.009, 37.805, 38.165, 38.613, 39.409, 40.688, 41.589, 41.348, 40.645, 40.402, 40.246, 39.865, 40.121, 41.133, 41.998, 42.165, 42.091, 42.404, 43.242, 44.045, 44.335, 44.255, 43.969, 43.581, 42.38, 39.957, 37.892, 37.09, 36.985, 37.113, 37.297, 37.533, 37.881, 38.068, 38.345, 38.248, 38.023, 38.266, 38.084, 37.298, 36.987, 37.516, 37.9, 37.96, 37.506, 37.272, 36.867, 38.968], [39.562, 39.296, 39.362, 40.018, 40.388, 40.348, 40.181, 40.062, 39.845, 39.28, 38.675, 38.182, 37.574, 37.246, 37.305, 37.198, 36.965, 36.817, 36.621, 36.163, 35.668, 35.29, 34.799, 33.466, 30.444, 27.148, 25.572, 23.965, 20.337, 14.771, 7.594, 0.0, 6.678, 10.581, 13.155, 16.854, 20.974, 24.26, 26.48, 27.765, 28.615, 29.171, 31.216, 33.837, 35.45, 36.468, 38.778, 42.468, 44.96, 45.059, 45.058, 47.717, 51.683, 53.863, 54.224, 54.06, 53.619, 52.503, 51.318, 50.176, 49.94, 50.941, 51.65, 51.731, 51.667, 51.181, 50.859, 51.054, 50.556, 49.182, 48.053, 47.461, 45.935, 42.745, 40.184, 39.637, 40.122, 40.19, 39.508, 38.612, 38.255, 38.369, 38.145, 37.257, 36.765, 36.941, 37.2, 36.892, 36.175, 35.755, 35.639, 35.931, 36.206, 36.345, 36.701, 36.641, 36.557, 37.57, 38.304, 38.628, 39.073, 39.821, 41.001, 41.827, 41.555, 40.876, 40.683, 40.554, 40.194, 40.424, 41.37, 42.21, 42.391, 42.315, 42.636, 43.508, 44.301, 44.552, 44.456, 44.175, 43.791, 42.608, 40.267, 38.303, 37.549, 37.448, 37.585, 37.785, 37.991, 38.297, 38.485, 38.762, 38.681, 38.492, 38.72, 38.512, 37.786, 37.543, 38.069, 38.427, 38.489, 38.094, 37.912, 37.523, 39.341], [40.089, 39.834, 39.906, 40.563, 40.94, 40.938, 40.826, 40.734, 40.52, 39.981, 39.433, 38.986, 38.422, 38.116, 38.178, 38.092, 37.88, 37.747, 37.561, 37.139, 36.716, 36.378, 35.89, 34.624, 31.846, 28.842, 27.375, 25.902, 22.765, 18.338, 12.813, 6.678, 0.0, 5.656, 10.419, 15.153, 19.559, 23.122, 25.684, 27.194, 28.129, 28.844, 31.157, 33.942, 35.604, 36.596, 38.856, 42.548, 45.089, 45.252, 45.28, 47.928, 51.852, 54.017, 54.396, 54.26, 53.843, 52.768, 51.629, 50.506, 50.259, 51.239, 51.936, 52.004, 51.932, 51.471, 51.184, 51.382, 50.882, 49.513, 48.394, 47.833, 46.357, 43.233, 40.702, 40.117, 40.562, 40.614, 39.949, 39.109, 38.783, 38.887, 38.688, 37.897, 37.481, 37.673, 37.931, 37.669, 37.029, 36.64, 36.525, 36.805, 37.087, 37.242, 37.584, 37.498, 37.387, 38.304, 38.948, 39.23, 39.64, 40.323, 41.393, 42.12, 41.813, 41.17, 41.007, 40.893, 40.537, 40.715, 41.598, 42.431, 42.629, 42.549, 42.879, 43.796, 44.631, 44.914, 44.846, 44.581, 44.21, 43.063, 40.81, 38.962, 38.302, 38.22, 38.351, 38.559, 38.742, 39.034, 39.254, 39.544, 39.46, 39.267, 39.46, 39.231, 38.578, 38.404, 38.902, 39.228, 39.291, 38.901, 38.698, 38.325, 39.89], [40.489, 40.254, 40.326, 40.942, 41.29, 41.297, 41.224, 41.163, 40.955, 40.43, 39.919, 39.506, 38.958, 38.642, 38.682, 38.596, 38.405, 38.297, 38.125, 37.721, 37.332, 37.003, 36.5, 35.264, 32.612, 29.746, 28.353, 27.01, 24.195, 20.25, 15.401, 10.581, 5.656, 0.0, 6.718, 13.087, 17.813, 21.278, 24.02, 25.749, 26.779, 27.602, 30.103, 33.018, 34.73, 35.708, 37.978, 41.756, 44.4, 44.642, 44.715, 47.386, 51.351, 53.562, 53.981, 53.883, 53.507, 52.474, 51.375, 50.299, 50.072, 51.033, 51.722, 51.801, 51.736, 51.283, 50.997, 51.199, 50.739, 49.421, 48.331, 47.788, 46.368, 43.368, 40.967, 40.403, 40.819, 40.864, 40.237, 39.459, 39.168, 39.261, 39.077, 38.377, 38.014, 38.2, 38.464, 38.254, 37.68, 37.323, 37.2, 37.466, 37.783, 37.963, 38.288, 38.193, 38.04, 38.854, 39.434, 39.69, 40.071, 40.728, 41.757, 42.436, 42.124, 41.516, 41.368, 41.263, 40.914, 41.07, 41.897, 42.689, 42.883, 42.805, 43.12, 44.021, 44.854, 45.14, 45.069, 44.801, 44.437, 43.333, 41.195, 39.462, 38.88, 38.826, 38.933, 39.122, 39.302, 39.58, 39.797, 40.095, 40.031, 39.843, 40.029, 39.821, 39.211, 39.036, 39.482, 39.77, 39.814, 39.434, 39.261, 38.94, 40.308], [40.208, 40.006, 40.109, 40.703, 41.016, 41.007, 40.929, 40.871, 40.655, 40.11, 39.6, 39.206, 38.676, 38.364, 38.406, 38.324, 38.135, 38.041, 37.892, 37.509, 37.139, 36.806, 36.302, 35.117, 32.578, 29.844, 28.53, 27.266, 24.747, 21.374, 17.045, 13.155, 10.419, 6.718, 0.0, 8.049, 14.261, 17.982, 20.635, 22.472, 23.626, 24.624, 27.579, 30.84, 32.669, 33.722, 36.261, 40.386, 43.236, 43.53, 43.658, 46.496, 50.674, 53.004, 53.448, 53.357, 53.006, 51.978, 50.852, 49.78, 49.596, 50.579, 51.264, 51.348, 51.287, 50.803, 50.461, 50.651, 50.229, 48.948, 47.866, 47.299, 45.826, 42.788, 40.414, 39.887, 40.324, 40.394, 39.815, 39.071, 38.797, 38.903, 38.726, 38.04, 37.699, 37.894, 38.182, 38.006, 37.467, 37.134, 37.011, 37.286, 37.639, 37.836, 38.137, 38.011, 37.817, 38.621, 39.207, 39.455, 39.852, 40.556, 41.641, 42.349, 42.042, 41.429, 41.291, 41.194, 40.843, 41.015, 41.85, 42.631, 42.821, 42.759, 43.092, 44.004, 44.848, 45.124, 45.018, 44.722, 44.348, 43.206, 40.986, 39.184, 38.582, 38.549, 38.643, 38.793, 39.001, 39.309, 39.506, 39.801, 39.751, 39.557, 39.761, 39.57, 38.922, 38.704, 39.159, 39.472, 39.516, 39.123, 38.99, 38.72, 40.019], [39.766, 39.59, 39.736, 40.316, 40.594, 40.575, 40.483, 40.418, 40.19, 39.633, 39.15