[[0.0, 6.572, 13.336, 17.875, 20.365, 22.926, 25.398, 26.86, 27.577, 28.304, 28.872, 29.643, 31.552, 33.533, 34.827, 35.385, 35.537, 36.02, 36.662, 37.05, 37.319, 37.648, 37.781, 37.531, 37.241, 36.956, 36.403, 35.861, 35.978, 36.043, 35.922, 35.847, 35.605, 35.483, 35.453, 35.387, 35.721, 36.314, 36.627, 36.647, 36.895, 37.3, 37.338, 37.327, 37.387, 36.951, 36.686, 36.706, 36.605, 36.955, 37.553, 37.584, 37.398, 37.322, 37.421, 37.836, 38.185, 37.687, 36.83, 36.816, 37.55, 38.05, 38.562, 39.22, 39.394, 39.063, 38.805, 38.83, 38.873, 38.793, 38.755, 38.713, 38.608, 38.984, 39.483, 39.381, 38.995, 38.754, 38.403, 38.103, 38.055, 38.24, 38.359, 38.253, 37.984, 37.538, 37.153, 36.857, 36.68, 37.016, 37.106, 36.508, 35.922, 35.615, 35.646, 35.861, 36.113, 36.314, 36.227, 35.956, 35.851, 35.902, 35.923, 36.003, 36.067, 36.166, 36.588, 37.276, 37.789, 37.932, 38.098, 38.649, 38.736, 37.79, 37.068, 36.855, 36.954, 37.562, 38.216, 38.383, 38.515, 38.408, 38.131, 38.274, 38.395, 37.59, 36.908, 37.531, 37.748, 37.42, 37.546, 37.777, 37.664, 37.668, 37.821, 37.706, 37.692, 37.893, 38.037, 38.28, 38.809, 38.989, 39.113, 39.81, 40.907, 41.798, 41.704, 40.572, 39.432, 39.256, 39.709, 39.239, 38.569, 38.932, 38.544, 37.248, 36.639, 36.971, 37.126, 36.984, 36.838, 36.873, 37.04, 37.072, 36.475, 36.116, 36.901, 37.637, 37.673, 37.65, 37.828, 38.002, 38.017, 38.031, 38.068, 37.852, 37.665, 37.777, 37.951, 38.019, 38.356, 38.7, 38.775, 38.928, 39.231, 39.06, 38.168, 37.78, 37.995, 38.196, 37.628, 36.652, 37.046, 37.583, 37.451, 38.38, 39.895, 40.146, 39.621, 39.622, 39.755, 39.361, 39.554, 40.046, 4.256], [6.572, 0.0, 8.011, 14.237, 17.914, 21.069, 23.851, 25.617, 26.635, 27.431, 27.912, 28.665, 30.633, 32.619, 33.906, 34.466, 34.645, 35.192, 35.898, 36.311, 36.562, 36.895, 37.1, 36.979, 36.759, 36.458, 35.956, 35.588, 35.849, 35.945, 35.786, 35.701, 35.476, 35.345, 35.313, 35.253, 35.596, 36.194, 36.504, 36.502, 36.749, 37.169, 37.203, 37.166, 37.194, 36.731, 36.46, 36.492, 36.377, 36.708, 37.297, 37.323, 37.133, 37.029, 37.094, 37.497, 37.854, 37.361, 36.512, 36.579, 37.405, 37.917, 38.396, 39.053, 39.23, 38.888, 38.636, 38.666, 38.7, 38.616, 38.584, 38.563, 38.504, 38.911, 39.426, 39.342, 38.982, 38.745, 38.362, 38.016, 37.952, 38.154, 38.288, 38.168, 37.848, 37.31, 36.823, 36.489, 36.351, 36.741, 36.842, 36.22, 35.616, 35.31, 35.377, 35.627, 35.898, 36.117, 36.054, 35.784, 35.644, 35.66, 35.655, 35.716, 35.77, 35.84, 36.213, 36.897, 37.405, 37.546, 37.734, 38.316, 38.412, 37.463, 36.778, 36.596, 36.712, 37.35, 38.011, 38.147, 38.242, 38.101, 37.822, 38.003, 38.168, 37.38, 36.696, 37.309, 37.522, 37.176, 37.296, 37.542, 37.456, 37.483, 37.638, 37.512, 37.485, 37.68, 37.806, 38.029, 38.582, 38.778, 38.909, 39.626, 40.733, 41.618, 41.505, 40.338, 39.157, 38.955, 39.425, 38.95, 38.276, 38.68, 38.301, 36.973, 36.343, 36.676, 36.812, 36.671, 36.544, 36.605, 36.781, 36.818, 36.229, 35.862, 36.684, 37.44, 37.452, 37.41, 37.589, 37.766, 37.793, 37.825, 37.866, 37.63, 37.44, 37.578, 37.751, 37.795, 38.114, 38.455, 38.535, 38.697, 39.004, 38.84, 37.961, 37.594, 37.835, 38.033, 37.446, 36.485, 36.933, 37.519, 37.385, 38.28, 39.796, 40.047, 39.476, 39.44, 39.58, 39.175, 39.339, 39.818, 9.724], [13.336, 8.011, 0.0, 8.261, 14.349, 18.898, 22.241, 24.441, 25.916, 26.896, 27.336, 28.06, 30.12, 32.214, 33.526, 34.078, 34.299, 34.922, 35.65, 36.026, 36.229, 36.578, 36.895, 36.976, 36.906, 36.611, 36.163, 36.045, 36.525, 36.715, 36.585, 36.553, 36.415, 36.322, 36.292, 36.241, 36.562, 37.117, 37.402, 37.383, 37.598, 37.99, 38.017, 37.96, 37.959, 37.511, 37.248, 37.292, 37.17, 37.411, 37.93, 37.951, 37.766, 37.64, 37.665, 38.01, 38.327, 37.859, 37.083, 37.186, 37.982, 38.437, 38.836, 39.451, 39.609, 39.272, 39.057, 39.101, 39.127, 39.047, 39.04, 39.042, 39.01, 39.403, 39.908, 39.84, 39.504, 39.299, 38.938, 38.573, 38.471, 38.641, 38.772, 38.672, 38.357, 37.8, 37.276, 36.976, 36.916, 37.319, 37.408, 36.825, 36.258, 35.942, 36.031, 36.315, 36.59, 36.804, 36.77, 36.537, 36.385, 36.372, 36.338, 36.35, 36.378, 36.44, 36.747, 37.364, 37.834, 37.973, 38.169, 38.729, 38.805, 37.885, 37.272, 37.13, 37.226, 37.837, 38.477, 38.569, 38.59, 38.405, 38.154, 38.405, 38.64, 37.975, 37.424, 38.011, 38.195, 37.873, 37.98, 38.206, 38.146, 38.181, 38.327, 38.209, 38.177, 38.359, 38.453, 38.618, 39.126, 39.307, 39.423, 40.101, 41.141, 41.948, 41.811, 40.701, 39.609, 39.428, 39.853, 39.415, 38.838, 39.247, 38.88, 37.598, 36.992, 37.29, 37.384, 37.232, 37.142, 37.251, 37.437, 37.481, 36.966, 36.655, 37.416, 38.111, 38.095, 38.025, 38.164, 38.304, 38.325, 38.365, 38.404, 38.163, 37.985, 38.139, 38.294, 38.302, 38.571, 38.875, 38.949, 39.086, 39.362, 39.229, 38.441, 38.135, 38.395, 38.579, 38.024, 37.174, 37.655, 38.241, 38.118, 38.932, 40.377, 40.626, 40.043, 39.968, 40.093, 39.686, 39.797, 40.225, 15.524], [17.875, 14.237, 8.261, 0.0, 8.467, 15.432, 20.03, 22.702, 24.514, 25.779, 26.3, 26.959, 29.047, 31.285, 32.71, 33.297, 33.514, 34.158, 34.895, 35.234, 35.406, 35.837, 36.316, 36.562, 36.6, 36.318, 35.851, 35.799, 36.454, 36.877, 36.927, 36.968, 36.876, 36.829, 36.821, 36.781, 37.089, 37.618, 37.899, 37.88, 38.07, 38.432, 38.462, 38.441, 38.473, 38.046, 37.78, 37.836, 37.727, 37.901, 38.383, 38.416, 38.229, 38.089, 38.091, 38.406, 38.697, 38.213, 37.41, 37.495, 38.267, 38.69, 39.063, 39.668, 39.82, 39.49, 39.297, 39.359, 39.403, 39.353, 39.394, 39.424, 39.396, 39.751, 40.249, 40.175, 39.796, 39.595, 39.271, 38.903, 38.748, 38.854, 38.968, 38.914, 38.643, 38.099, 37.572, 37.306, 37.288, 37.694, 37.791, 37.236, 36.652, 36.265, 36.328, 36.643, 36.946, 37.15, 37.086, 36.862, 36.765, 36.772, 36.719, 36.714, 36.74, 36.785, 37.055, 37.663, 38.162, 38.324, 38.51, 39.056, 39.153, 38.237, 37.608, 37.433, 37.455, 37.996, 38.636, 38.75, 38.765, 38.587, 38.387, 38.695, 38.966, 38.379, 37.923, 38.525, 38.706, 38.393, 38.483, 38.683, 38.617, 38.646, 38.792, 38.684, 38.641, 38.797, 38.872, 39.003, 39.47, 39.636, 39.742, 40.39, 41.376, 42.132, 41.984, 40.923, 39.925, 39.807, 40.212, 39.789, 39.293, 39.689, 39.299, 38.063, 37.468, 37.718, 37.777, 37.62, 37.555, 37.699, 37.898, 37.937, 37.464, 37.212, 37.926, 38.581, 38.562, 38.472, 38.575, 38.685, 38.688, 38.724, 38.77, 38.533, 38.358, 38.5, 38.632, 38.624, 38.863, 39.146, 39.211, 39.317, 39.579, 39.478, 38.738, 38.454, 38.712, 38.892, 38.387, 37.611, 38.07, 38.633, 38.506, 39.281, 40.705, 40.963, 40.387, 40.312, 40.428, 40.01, 40.116, 40.531, 19.434], [20.365, 17.914, 14.349, 8.467, 0.0, 8.829, 15.215, 18.822, 21.036, 22.672, 23.48, 24.231, 26.381, 28.8, 30.549, 31.391, 31.645, 32.264, 33.095, 33.61, 34.009, 34.713, 35.38, 35.692, 35.769, 35.532, 35.103, 35.051, 35.775, 36.487, 36.937, 37.194, 37.143, 37.115, 37.131, 37.111, 37.43, 37.96, 38.25, 38.225, 38.408, 38.771, 38.805, 38.801, 38.872, 38.476, 38.206, 38.248, 38.162, 38.356, 38.835, 38.872, 38.689, 38.57, 38.59, 38.899, 39.166, 38.65, 37.762, 37.715, 38.375, 38.775, 39.218, 39.892, 40.068, 39.751, 39.566, 39.635, 39.69, 39.645, 39.678, 39.684, 39.616, 39.924, 40.4, 40.296, 39.858, 39.651, 39.377, 39.068, 38.934, 38.984, 39.061, 39.066, 38.898, 38.441, 37.94, 37.667, 37.65, 38.031, 38.106, 37.532, 36.909, 36.482, 36.514, 36.839, 37.16, 37.344, 37.227, 37.0, 36.992, 37.058, 37.024, 37.062, 37.091, 37.069, 37.326, 37.974, 38.491, 38.647, 38.825, 39.403, 39.538, 38.615, 37.948, 37.751, 37.716, 38.202, 38.907, 39.145, 39.234, 39.093, 38.915, 39.222, 39.455, 38.824, 38.336, 38.997, 39.252, 38.945, 39.01, 39.192, 39.109, 39.126, 39.268, 39.144, 39.059, 39.174, 39.252, 39.409, 39.859, 40.01, 40.11, 40.738, 41.702, 42.443, 42.299, 41.238, 40.251, 40.179, 40.644, 40.227, 39.694, 40.041, 39.66, 38.492, 37.922, 38.141, 38.192, 38.045, 38.0, 38.135, 38.316, 38.338, 37.869, 37.659, 38.357, 38.996, 39.01, 38.94, 39.022, 39.11, 39.098, 39.124, 39.172, 38.962, 38.823, 38.96, 39.078, 39.071, 39.306, 39.586, 39.645, 39.735, 39.982, 39.88, 39.152, 38.861, 39.068, 39.183, 38.674, 37.948, 38.366, 38.913, 38.752, 39.451, 40.84, 41.12, 40.602, 40.558, 40.666, 40.25, 40.389, 40.819, 21.521], [22.926, 21.069, 18.898, 15.432, 8.829, 0.0, 7.794, 13.113, 16.395, 18.528, 19.724, 20.855, 23.286, 26.0, 28.219, 29.474, 29.84, 30.405, 31.382, 32.256, 33.074, 34.095, 34.853, 35.147, 35.244, 35.057, 34.771, 34.898, 35.64, 36.426, 37.269, 37.882, 37.959, 37.975, 38.021, 38.044, 38.359, 38.869, 39.162, 39.14, 39.301, 39.663, 39.685, 39.654, 39.732, 39.384, 39.134, 39.159, 39.089, 39.272, 39.694, 39.723, 39.564, 39.483, 39.535, 39.827, 40.051, 39.544, 38.663, 38.435, 38.851, 39.178, 39.679, 40.427, 40.635, 40.349, 40.181, 40.242, 40.285, 40.221, 40.209, 40.155, 40.039, 40.299, 40.732, 40.6, 40.153, 39.97, 39.754, 39.53, 39.454, 39.48, 39.528, 39.556, 39.48, 39.172, 38.769, 38.504, 38.481, 38.811, 38.832, 38.258, 37.689, 37.331, 37.354, 37.634, 37.91, 38.05, 37.908, 37.705, 37.758, 37.868, 37.871, 37.954, 37.975, 37.885, 38.1, 38.728, 39.202, 39.31, 39.469, 40.05, 40.2, 39.349, 38.754, 38.607, 38.566, 39.034, 39.811, 40.163, 40.309, 40.207, 40.038, 40.284, 40.403, 39.694, 39.168, 39.848, 40.157, 39.867, 39.901, 40.06, 39.976, 39.982, 40.097, 39.943, 39.808, 39.887, 39.977, 40.169, 40.587, 40.712, 40.79, 41.366, 42.284, 42.989, 42.831, 41.795, 40.85, 40.822, 41.341, 40.969, 40.384, 40.634, 40.328, 39.326, 38.857, 39.051, 39.111, 38.984, 38.954, 39.05, 39.195, 39.216, 38.787, 38.634, 39.272, 39.853, 39.905, 39.881, 39.951, 40.019, 39.998, 39.993, 40.019, 39.855, 39.774, 39.908, 40.012, 40.009, 40.245, 40.525, 40.583, 40.666, 40.871, 40.749, 40.071, 39.784, 39.937, 39.963, 39.419, 38.77, 39.168, 39.676, 39.497, 40.09, 41.355, 41.633, 41.198, 41.171, 41.256, 40.87, 41.014, 41.408, 23.751], [25.398, 23.851, 22.241, 20.03, 15.215, 7.794, 0.0, 6.912, 11.949, 14.939, 16.572, 18.364, 21.465, 24.59, 27.126, 28.637, 29.086, 29.604, 30.658, 31.785, 32.894, 34.09, 34.84, 35.094, 35.207, 35.032, 34.838, 35.15, 35.92, 36.612, 37.601, 38.529, 38.814, 38.918, 38.992, 39.037, 39.326, 39.791, 40.079, 40.07, 40.208, 40.538, 40.539, 40.501, 40.585, 40.284, 40.077, 40.114, 40.058, 40.19, 40.53, 40.548, 40.41, 40.351, 40.421, 40.694, 40.888, 40.419, 39.605, 39.276, 39.517, 39.791, 40.284, 41.033, 41.259, 41.015, 40.879, 40.941, 40.975, 40.901, 40.862, 40.776, 40.635, 40.854, 41.257, 41.144, 40.747, 40.605, 40.428, 40.25, 40.211, 40.254, 40.313, 40.333, 40.275, 40.069, 39.767, 39.513, 39.446, 39.693, 39.669, 39.129, 38.657, 38.402, 38.421, 38.639, 38.861, 38.971, 38.833, 38.657, 38.738, 38.871, 38.897, 38.981, 38.985, 38.869, 39.017, 39.555, 39.958, 40.021, 40.151, 40.686, 40.824, 40.065, 39.561, 39.486, 39.487, 39.967, 40.756, 41.129, 41.277, 41.192, 41.044, 41.276, 41.322, 40.561, 40.011, 40.656, 40.961, 40.686, 40.709, 40.848, 40.775, 40.794, 40.885, 40.688, 40.51, 40.564, 40.658, 40.861, 41.247, 41.351, 41.406, 41.923, 42.791, 43.455, 43.284, 42.29, 41.383, 41.344, 41.855, 41.541, 40.972, 41.155, 40.926, 40.109, 39.766, 39.921, 39.961, 39.841, 39.823, 39.905, 40.035, 40.065, 39.701, 39.631, 40.234, 40.761, 40.825, 40.817, 40.866, 40.925, 40.919, 40.903, 40.911, 40.778, 40.734, 40.861, 40.946, 40.933, 41.16, 41.438, 41.505, 41.593, 41.764, 41.628, 41.006, 40.731, 40.852, 40.842, 40.288, 39.682, 40.043, 40.483, 40.351, 40.925, 42.063, 42.309, 41.93, 41.902, 41.973, 41.612, 41.736, 42.082, 25.996], [26.86, 25.617, 24.441, 22.702, 18.822, 13.113, 6.912, 0.0, 6.515, 10.984, 13.575, 16.273, 20.298, 23.941, 26.631, 28.189, 28.645, 29.128, 30.191, 31.418, 32.678, 33.989, 34.733, 34.939, 35.052, 34.895, 34.697, 34.986, 35.725, 36.383, 37.423, 38.491, 38.928, 39.142, 39.26, 39.3, 39.565, 40.014, 40.304, 40.314, 40.451, 40.754, 40.746, 40.727, 40.832, 40.551, 40.366, 40.416, 40.381, 40.522, 40.846, 40.87, 40.734, 40.671, 40.753, 41.031, 41.211, 40.731, 39.909, 39.579, 39.842, 40.163, 40.661, 41.378, 41.595, 41.376, 41.27, 41.35, 41.391, 41.327, 41.295, 41.205, 41.049, 41.247, 41.643, 41.558, 41.207, 41.088, 40.916, 40.744, 40.717, 40.798, 40.901, 40.915, 40.83, 40.627, 40.348, 40.068, 39.925, 40.097, 40.048, 39.52, 39.085, 38.877, 38.887, 39.065, 39.264, 39.371, 39.243, 39.072, 39.17, 39.324, 39.348, 39.409, 39.395, 39.271, 39.395, 39.891, 40.264, 40.314, 40.427, 40.933, 41.073, 40.342, 39.84, 39.792, 39.845, 40.37, 41.178, 41.565, 41.715, 41.637, 41.51, 41.751, 41.763, 40.949, 40.323, 40.9, 41.185, 40.919, 40.939, 41.067, 40.998, 41.033, 41.117, 40.89, 40.69, 40.737, 40.833, 41.054, 41.441, 41.541, 41.583, 42.074, 42.928, 43.579, 43.408, 42.42, 41.478, 41.369, 41.855, 41.563, 41.029, 41.214, 41.021, 40.291, 40.003, 40.122, 40.136, 40.02, 40.016, 40.102, 40.245, 40.29, 39.946, 39.948, 40.615, 41.152, 41.214, 41.195, 41.221, 41.278, 41.288, 41.28, 41.294, 41.171, 41.129, 41.253, 41.331, 41.305, 41.532, 41.812, 41.888, 41.994, 42.172, 42.034, 41.435, 41.172, 41.294, 41.297, 40.735, 40.09, 40.388, 40.773, 40.699, 41.327, 42.418, 42.63, 42.257, 42.22, 42.288, 41.938, 42.061, 42.414, 27.327], [27.577, 26.635, 25.916, 24.514, 21.036, 16.395, 11.949, 6.515, 0.0, 5.827, 10.073, 13.915, 18.712, 22.865, 25.763, 27.358, 27.801, 28.273, 29.36, 30.655, 32.014, 33.411, 34.155, 34.316, 34.432, 34.315, 34.11, 34.324, 35.024, 35.723, 36.856, 37.975, 38.459, 38.756, 38.939, 38.988, 39.257, 39.726, 40.033, 40.059, 40.205, 40.504, 40.495, 40.492, 40.612, 40.332, 40.145, 40.186, 40.161, 40.355, 40.721, 40.758, 40.616, 40.546, 40.64, 40.934, 41.106, 40.578, 39.688, 39.36, 39.707, 40.12, 40.663, 41.367, 41.564, 41.339, 41.24, 41.336, 41.394, 41.349, 41.322, 41.215, 41.037, 41.244, 41.65, 41.568, 41.232, 41.12, 40.935, 40.752, 40.738, 40.856, 40.994, 41.017, 40.923, 40.702, 40.404, 40.079, 39.869, 40.015, 39.96, 39.402, 38.945, 38.752, 38.762, 38.924, 39.12, 39.241, 39.124, 38.945, 39.035, 39.189, 39.207, 39.258, 39.231, 39.103, 39.25, 39.772, 40.168, 40.231, 40.344, 40.849, 40.985, 40.238, 39.705, 39.644, 39.727, 40.324, 41.194, 41.622, 41.795, 41.723, 41.581, 41.781, 41.749, 40.881, 40.182, 40.705, 40.964, 40.693, 40.717, 40.844, 40.766, 40.81, 40.911, 40.687, 40.491, 40.546, 40.653, 40.91, 41.328, 41.432, 41.468, 41.958, 42.819, 43.478, 43.313, 42.294, 41.279, 41.12, 41.602, 41.298, 40.764, 40.97, 40.797, 40.05, 39.717, 39.822, 39.848, 39.735, 39.709, 39.772, 39.923, 39.982, 39.604, 39.636, 40.435, 41.038, 41.098, 41.069, 41.094, 41.156, 41.16, 41.148, 41.171, 41.043, 40.988, 41.115, 41.203, 41.18, 41.42, 41.714, 41.795, 41.915, 42.112, 41.972, 41.363, 41.11, 41.257, 41.292, 40.711, 39.978, 40.239, 40.617, 40.55, 41.209, 42.305, 42.499, 42.102, 42.054, 42.132, 41.781, 41.918, 42.309, 27.968], [28.304, 27.431, 26.896, 25.779, 22.672, 18.528, 14.939, 10.984, 5.827, 0.0, 5.622, 10.947, 16.693, 21.288, 24.38, 26.054, 26.543, 27.065, 28.2, 29.536, 30.925, 32.333, 33.075, 33.26, 33.415, 33.315, 33.162, 33.487, 34.256, 34.976, 36.197, 37.432, 37.988, 38.337, 38.578, 38.666, 38.952, 39.436, 39.762, 39.806, 39.96, 40.26, 40.246, 40.24, 40.362, 40.085, 39.907, 39.943, 39.909, 40.123, 40.504, 40.524, 40.368, 40.3, 40.397, 40.692, 40.853, 40.287, 39.355, 39.035, 39.454, 39.944, 40.535, 41.229, 41.395, 41.137, 41.022, 41.123, 41.195, 41.162, 41.136, 41.014, 40.831, 41.064, 41.481, 41.386, 41.056, 40.956, 40.764, 40.561, 40.554, 40.707, 40.866, 40.882, 40.779, 40.55, 40.246, 39.888, 39.628, 39.779, 39.747, 39.184, 38.711, 38.523, 38.546, 38.712, 38.913, 39.047, 38.944, 38.762, 38.827, 38.963, 38.979, 39.032, 39.007, 38.894, 39.052, 39.573, 39.983, 40.063, 40.19, 40.693, 40.81, 40.054, 39.534, 39.473, 39.562, 40.204, 41.113, 41.559, 41.742, 41.673, 41.508, 41.658, 41.589, 40.694, 39.982, 40.475, 40.69, 40.39, 40.418, 40.548, 40.463, 40.523, 40.652, 40.44, 40.269, 40.345, 40.45, 40.712, 41.15, 41.261, 41.303, 41.797, 42.668, 43.358, 43.221, 42.186, 41.117, 40.936, 41.422, 41.105, 40.564, 40.789, 40.621, 39.821, 39.429, 39.538, 39.58, 39.455, 39.392, 39.43, 39.576, 39.636, 39.233, 39.257, 40.135, 40.786, 40.843, 40.81, 40.848, 40.913, 40.899, 40.872, 40.895, 40.765, 40.708, 40.847, 40.946, 40.929, 41.183, 41.492, 41.58, 41.697, 41.894, 41.75, 41.127, 40.867, 41.037, 41.108, 40.507, 39.698, 39.969, 40.389, 40.35, 41.049, 42.17, 42.364, 41.945, 41.885, 41.969, 41.613, 41.747, 42.15, 28.684], [28.872, 27.912, 27.336, 26.3, 23.48, 19.724, 16.572, 13.575, 10.073, 5.622, 0.0, 6.68, 14.046, 19.453, 22.782, 24.505, 25.096, 25.801, 27.058, 28.398, 29.715, 31.056, 31.803, 32.074, 32.284, 32.157, 32.059, 32.592, 33.533, 34.306, 35.56, 36.864, 37.48, 37.837, 38.095, 38.223, 38.533, 39.025, 39.357, 39.412, 39.574, 39.88, 39.859, 39.845, 39.959, 39.676, 39.509, 39.555, 39.512, 39.719, 40.083, 40.071, 39.909, 39.842, 39.926, 40.213, 40.381, 39.804, 38.865, 38.59, 39.086, 39.63, 40.258, 40.954, 41.097, 40.805, 40.665, 40.77, 40.853, 40.827, 40.808, 40.693, 40.522, 40.783, 41.216, 41.109, 40.766, 40.649, 40.428, 40.182, 40.166, 40.343, 40.511, 40.513, 40.389, 40.138, 39.822, 39.447, 39.164, 39.335, 39.352, 38.819, 38.347, 38.152, 38.195, 38.389, 38.603, 38.744, 38.651, 38.465, 38.498, 38.612, 38.629, 38.689, 38.684, 38.604, 38.775, 39.284, 39.696, 39.783, 39.922, 40.428, 40.537, 39.785, 39.295, 39.233, 39.317, 39.981, 40.878, 41.284, 41.449, 41.373, 41.185, 41.32, 41.253, 40.359, 39.665, 40.163, 40.347, 40.006, 40.036, 40.174, 40.089, 40.163, 40.314, 40.116, 39.977, 40.084, 40.171, 40.393, 40.83, 40.955, 41.013, 41.525, 42.425, 43.174, 43.076, 42.023, 40.92, 40.731, 41.207, 40.851, 40.278, 40.526, 40.344, 39.474, 39.046, 39.162, 39.197, 39.058, 38.993, 39.047, 39.185, 39.234, 38.818, 38.796, 39.673, 40.352, 40.402, 40.353, 40.395, 40.458, 40.435, 40.413, 40.439, 40.299, 40.238, 40.387, 40.488, 40.47, 40.735, 41.057, 41.149, 41.263, 41.456, 41.301, 40.645, 40.36, 40.555, 40.67, 40.057, 39.196, 39.514, 40.005, 40.037, 40.84, 42.04, 42.242, 41.794, 41.718, 41.793, 41.43, 41.57, 41.979, 29.277], [29.643, 28.665, 28.06, 26.959, 24.231, 20.855, 18.364, 16.273, 13.915, 10.947, 6.68, 0.0, 8.857, 15.964, 20.215, 22.117, 22.816, 23.907, 25.527, 26.995, 28.294, 29.63, 30.445, 30.812, 31.078, 30.958, 30.886, 31.538, 32.675, 33.657, 35.037, 36.313, 36.866, 37.175, 37.428, 37.573, 37.908, 38.429, 38.766, 38.792, 38.939, 39.259, 39.243, 39.212, 39.306, 38.999, 38.823, 38.86, 38.799, 39.01, 39.374, 39.336, 39.171, 39.111, 39.184, 39.48, 39.686, 39.105, 38.092, 37.769, 38.287, 38.855, 39.533, 40.281, 40.423, 40.087, 39.915, 40.029, 40.126, 40.096, 40.078, 39.972, 39.811, 40.101, 40.562, 40.424, 40.051, 39.924, 39.677, 39.394, 39.36, 39.54, 39.705, 39.704, 39.59, 39.355, 39.041, 38.641, 38.344, 38.56, 38.651, 38.151, 37.681, 37.482, 37.538, 37.756, 37.987, 38.128, 38.025, 37.83, 37.838, 37.932, 37.952, 38.028, 38.037, 37.98, 38.19, 38.748, 39.184, 39.267, 39.411, 39.941, 40.059, 39.31, 38.843, 38.757, 38.819, 39.48, 40.337, 40.694, 40.864, 40.791, 40.576, 40.713, 40.666, 39.768, 39.094, 39.666, 39.857, 39.481, 39.516, 39.675, 39.594, 39.665, 39.821, 39.638, 39.526, 39.654, 39.736, 39.916, 40.344, 40.485, 40.565, 41.108, 42.05, 42.862, 42.786, 41.672, 40.522, 40.355, 40.825, 40.362, 39.629, 39.85, 39.673, 38.758, 38.314, 38.457, 38.486, 38.341, 38.3, 38.383, 38.507, 38.536, 38.102, 38.025, 38.882, 39.586, 39.626, 39.553, 39.597, 39.653, 39.618, 39.607, 39.647, 39.491, 39.415, 39.565, 39.67, 39.67, 39.96, 40.286, 40.361, 40.472, 40.678, 40.51, 39.81, 39.526, 39.765, 39.916, 39.288, 38.379, 38.76, 39.325, 39.39, 40.262, 41.557, 41.77, 41.286, 41.192, 41.24, 40.865, 41.035, 41.47, 30.069], [31.552, 30.633, 30.12, 29.047, 26.381, 23.286, 21.465, 20.298, 18.712, 16.693, 14.046, 8.857, 0.0, 9.226, 15.452, 18.016, 18.896, 20.593, 22.895, 24.728, 26.227, 27.752, 28.699, 29.148, 29.491, 29.458, 29.493, 30.307, 31.653, 32.899, 34.551, 35.94, 36.476, 36.741, 36.998, 37.186, 37.56, 38.107, 38.46, 38.447, 38.557, 38.884, 38.875, 38.831, 38.919, 38.611, 38.414, 38.429, 38.355, 38.566, 38.942, 38.903, 38.736, 38.674, 38.746, 39.078, 39.344, 38.761, 37.627, 37.155, 37.61, 38.169, 38.877, 39.691, 39.866, 39.516, 39.332, 39.452, 39.561, 39.539, 39.522, 39.415, 39.279, 39.609, 40.084, 39.899, 39.512, 39.404, 39.16, 38.875, 38.831, 38.996, 39.144, 39.155, 39.083, 38.885, 38.57, 38.133, 37.81, 38.069, 38.209, 37.723, 37.282, 37.107, 37.15, 37.359, 37.605, 37.749, 37.627, 37.419, 37.415, 37.492, 37.516, 37.618, 37.643, 37.583, 37.791, 38.384, 38.839, 38.906, 39.055, 39.619, 39.751, 39.02, 38.583, 38.482, 38.519, 39.142, 39.949, 40.281, 40.475, 40.422, 40.215, 40.354, 40.298, 39.369, 38.719, 39.397, 39.614, 39.223, 39.286, 39.477, 39.404, 39.474, 39.616, 39.432, 39.32, 39.446, 39.539, 39.701, 40.109, 40.248, 40.334, 40.89, 41.851, 42.7, 42.643, 41.486, 40.306, 40.181, 40.676, 40.115, 39.157, 39.273, 39.172, 38.328, 37.89, 38.044, 38.101, 37.973, 37.934, 37.999, 38.087, 38.097, 37.667, 37.574, 38.392, 39.079, 39.112, 39.031, 39.08, 39.13, 39.074, 39.057, 39.106, 38.956, 38.875, 39.014, 39.126, 39.163, 39.482, 39.81, 39.867, 39.97, 40.186, 40.018, 39.305, 39.067, 39.355, 39.495, 38.852, 37.932, 38.348, 38.95, 38.966, 39.766, 41.073, 41.29, 40.785, 40.678, 40.705, 40.319, 40.51, 40.97, 32.021], [33.533, 32.619, 32.214, 31.285, 28.8, 26.0, 24.59, 23.941, 22.865, 21.288, 19.453, 15.964, 9.226, 0.0, 7.907, 11.824, 13.26, 15.587, 18.681, 21.041, 22.971, 24.886, 25.982, 26.451, 26.857, 26.933, 27.223, 28.429, 30.017, 31.39, 33.318, 35.01, 35.707, 36.008, 36.293, 36.588, 37.068, 37.656, 38.048, 38.053, 38.175, 38.533, 38.526, 38.485, 38.609, 38.314, 38.102, 38.124, 38.059, 38.271, 38.649, 38.61, 38.431, 38.337, 38.377, 38.722, 39.024, 38.437, 37.254, 36.81, 37.332, 37.935, 38.651, 39.511, 39.764, 39.481, 39.33, 39.441, 39.56, 39.574, 39.574, 39.477, 39.375, 39.733, 40.195, 39.98, 39.604, 39.481, 39.191, 38.884, 38.842, 39.017, 39.163, 39.173, 39.092, 38.806, 38.379, 37.901, 37.595, 37.909, 38.039, 37.495, 37.049, 36.897, 36.913, 37.102, 37.37, 37.532, 37.413, 37.191, 37.157, 37.202, 37.233, 37.384, 37.43, 37.341, 37.503, 38.083, 38.522, 38.561, 38.717, 39.317, 39.449, 38.733, 38.32, 38.228, 38.254, 38.853, 39.641, 39.966, 40.154, 40.113, 39.95, 40.116, 40.045, 39.069, 38.442, 39.229, 39.472, 39.078, 39.203, 39.439, 39.363, 39.443, 39.582, 39.372, 39.255, 39.398, 39.496, 39.651, 40.039, 40.157, 40.235, 40.794, 41.773, 42.658, 42.631, 41.468, 40.234, 40.088, 40.65, 40.081, 39.019, 39.104, 39.065, 38.209, 37.673, 37.806, 37.896, 37.79, 37.697, 37.704, 37.785, 37.801, 37.364, 37.284, 38.14, 38.85, 38.892, 38.819, 38.882, 38.948, 38.892, 38.861, 38.906, 38.77, 38.698, 38.834, 38.949, 39.011, 39.368, 39.723, 39.796, 39.915, 40.138, 39.958, 39.212, 38.992, 39.302, 39.437, 38.789, 37.879, 38.312, 38.925, 38.851, 39.563, 40.878, 41.094, 40.564, 40.458, 40.499, 40.102, 40.284, 40.757, 34.045], [34.827, 33.906, 33.526, 32.71, 30.549, 28.219, 27.126, 26.631, 25.763, 24.38, 22.782, 20.215, 15.452, 7.907, 0.0, 5.328, 8.284, 11.571, 15.194, 17.873, 20.128, 22.35, 23.562, 24.067, 24.531, 24.681, 25.248, 26.916, 28.761, 30.172, 32.182, 34.037, 34.888, 35.284, 35.615, 35.991, 36.574, 37.218, 37.654, 37.743, 37.962, 38.377, 38.371, 38.328, 38.475, 38.194, 37.977, 38.008, 37.956, 38.179, 38.538, 38.468, 38.27, 38.159, 38.171, 38.496, 38.791, 38.204, 37.067, 36.78, 37.455, 38.129, 38.847, 39.701, 39.985, 39.753, 39.637, 39.75, 39.876, 39.915, 39.928, 39.836, 39.758, 40.14, 40.595, 40.374, 40.018, 39.875, 39.518, 39.147, 39.081, 39.278, 39.425, 39.406, 39.279, 38.87, 38.294, 37.765, 37.469, 37.807, 37.925, 37.339, 36.868, 36.717, 36.747, 36.968, 37.268, 37.448, 37.351, 37.128, 37.04, 37.03, 37.053, 37.228, 37.305, 37.241, 37.392, 37.929, 38.344, 38.384, 38.532, 39.117, 39.218, 38.508, 38.149, 38.089, 38.125, 38.737, 39.504, 39.784, 39.93, 39.864, 39.706, 39.904, 39.855, 38.885, 38.296, 39.102, 39.336, 38.945, 39.113, 39.368, 39.28, 39.362, 39.503, 39.281, 39.173, 39.331, 39.404, 39.539, 39.934, 40.05, 40.113, 40.656, 41.631, 42.519, 42.505, 41.358, 40.088, 39.896, 40.505, 39.993, 38.99, 39.148, 39.093, 38.137, 37.519, 37.643, 37.722, 37.611, 37.477, 37.466, 37.582, 37.612, 37.15, 37.075, 37.984, 38.728, 38.773, 38.69, 38.753, 38.832, 38.788, 38.762, 38.816, 38.677, 38.581, 38.708, 38.826, 38.894, 39.266, 39.639, 39.74, 39.89, 40.131, 39.943, 39.159, 38.938, 39.269, 39.426, 38.803, 37.938, 38.4, 38.997, 38.883, 39.596, 40.942, 41.152, 40.592, 40.492, 40.558, 40.16, 40.326, 40.791, 35.343], [35.385, 34.466, 34.078, 33.297, 31.391, 29.474, 28.637, 28.189, 27.358, 26.054, 24.505, 22.117, 18.016, 11.824, 5.328, 0.0, 4.709, 9.753, 13.904, 16.548, 18.711, 20.919, 22.159, 22.742, 23.261, 23.417, 24.106, 26.038, 28.08, 29.57, 31.578, 33.426, 34.314, 34.769, 35.137, 35.537, 36.155, 36.836, 37.3, 37.424, 37.692, 38.148, 38.152, 38.102, 38.247, 37.966, 37.745, 37.782, 37.742, 37.986, 38.339, 38.236, 38.02, 37.903, 37.9, 38.215, 38.507, 37.932, 36.836, 36.644, 37.443, 38.168, 38.884, 39.715, 39.981, 39.743, 39.636, 39.761, 39.893, 39.942, 39.964, 39.88, 39.825, 40.239, 40.708, 40.495, 40.152, 40.002, 39.611, 39.186, 39.07, 39.274, 39.435, 39.395, 39.226, 38.743, 38.092, 37.517, 37.179, 37.496, 37.632, 37.067, 36.596, 36.441, 36.507, 36.771, 37.097, 37.296, 37.218, 36.992, 36.861, 36.811, 36.808, 36.967, 37.056, 37.042, 37.225, 37.747, 38.151, 38.203, 38.345, 38.899, 38.968, 38.255, 37.934, 37.89, 37.941, 38.593, 39.355, 39.592, 39.711, 39.617, 39.416, 39.595, 39.559, 38.606, 38.026, 38.818, 39.048, 38.642, 38.808, 39.071, 38.981, 39.057, 39.2, 38.987, 38.896, 39.061, 39.109, 39.218, 39.63, 39.761, 39.818, 40.357, 41.336, 42.225, 42.211, 41.073, 39.804, 39.616, 40.237, 39.75, 38.796, 38.985, 38.891, 37.871, 37.212, 37.328, 37.389, 37.264, 37.11, 37.109, 37.251, 37.28, 36.787, 36.692, 37.618, 38.379, 38.414, 38.315, 38.376, 38.459, 38.417, 38.403, 38.472, 38.316, 38.184, 38.305, 38.437, 38.51, 38.877, 39.248, 39.353, 39.51, 39.766, 39.589, 38.781, 38.552, 38.908, 39.086, 38.468, 37.626, 38.137, 38.738, 38.646, 39.423, 40.825, 41.037, 40.458, 40.361, 40.432, 40.029, 40.199, 40.675, 35.906], [35.537, 34.645, 34.299, 33.514, 31.645, 29.84, 29.086, 28.645, 27.801, 26.543, 25.096, 22.816, 18.896, 13.26, 8.284, 4.709, 0.0, 6.415, 11.689, 14.785, 16.999, 19.251, 20.57, 21.222, 21.789, 21.965, 22.69, 24.716, 26.894, 28.569, 30.791, 32.784, 33.742, 34.238, 34.63, 35.035, 35.668, 36.38, 36.876, 37.001, 37.261, 37.732, 37.758, 37.727, 37.887, 37.598, 37.377, 37.422, 37.388, 37.659, 38.047, 37.943, 37.715, 37.593, 37.581, 37.901, 38.21, 37.638, 36.515, 36.274, 37.073, 37.811, 38.547, 39.401, 39.667, 39.412, 39.308, 39.447, 39.586, 39.629, 39.645, 39.558, 39.514, 39.949, 40.426, 40.214, 39.869, 39.715, 39.325, 38.901, 38.774, 38.982, 39.166, 39.128, 38.933, 38.429, 37.768, 37.175, 36.818, 37.13, 37.256, 36.663, 36.171, 36.007, 36.093, 36.392, 36.741, 36.95, 36.871, 36.647, 36.527, 36.473, 36.453, 36.616, 36.718, 36.72, 36.94, 37.497, 37.916, 37.967, 38.095, 38.649, 38.718, 37.984, 37.632, 37.554, 37.592, 38.281, 39.087, 39.351, 39.488, 39.385, 39.16, 39.316, 39.257, 38.252, 37.629, 38.445, 38.683, 38.253, 38.423, 38.706, 38.62, 38.695, 38.838, 38.615, 38.516, 38.68, 38.727, 38.839, 39.265, 39.402, 39.458, 40.012, 41.022, 41.939, 41.927, 40.764, 39.474, 39.291, 39.914, 39.401, 38.41, 38.598, 38.493, 37.444, 36.769, 36.896, 36.96, 36.835, 36.679, 36.673, 36.805, 36.832, 36.319, 36.207, 37.158, 37.944, 37.984, 37.883, 37.947, 38.036, 37.994, 37.977, 38.05, 37.895, 37.772, 37.917, 38.066, 38.152, 38.539, 38.919, 39.01, 39.15, 39.413, 39.249, 38.409, 38.149, 38.502, 38.675, 38.038, 37.174, 37.717, 38.341, 38.247, 39.055, 40.502, 40.716, 40.133, 40.048, 40.115, 39.698, 39.888, 40.389, 36.067], [36.02, 35.192, 34.922, 34.158, 32.264, 30.405, 29.604, 29.128, 28.273, 27.065, 25.801, 23.907, 20.593, 15.587, 11.571, 9.753, 6.415, 0.0, 6.48, 10.925, 13.983, 16.642, 18.195, 19.034, 19.752, 20.024, 20.815, 22.947, 25.27, 27.18, 29.789, 32.129, 33.302, 33.925, 34.382, 34.814, 35.459, 36.182, 36.714, 36.899, 37.199, 37.675, 37.724, 37.759, 37.973, 37.7, 37.476, 37.511, 37.472, 37.751, 38.154, 38.063, 37.842, 37.734, 37.741, 38.064, 38.373, 37.808, 36.653, 36.305, 37.018, 37.757, 38.518, 39.388, 39.673, 39.438, 39.349, 39.493, 39.632, 39.673, 39.671, 39.563, 39.51, 39.937, 40.388, 40.17, 39.831, 39.682, 39.314, 38.928, 38.834, 39.036, 39.205, 39.164, 38.977, 38.507, 37.868, 37.287, 36.963, 37.289, 37.351, 36.651, 36.086, 35.909, 36.025, 36.365, 36.723, 36.912, 36.81, 36.59, 36.502, 36.463, 36.45, 36.647, 36.769, 36.756, 36.987, 37.582, 38.022, 38.061, 38.178, 38.745, 38.834, 38.103, 37.71, 37.596, 37.635, 38.37, 39.241, 39.565, 39.717, 39.612, 39.399, 39.543, 39.445, 38.379, 37.685, 38.476, 38.696, 38.267, 38.463, 38.761, 38.677, 38.763, 38.909, 38.665, 38.534, 38.687, 38.751, 38.891, 39.328, 39.461, 39.505, 40.046, 41.05, 41.974, 41.966, 40.79, 39.48, 39.27, 39.888, 39.384, 38.415, 38.648, 38.546, 37.511, 36.879, 37.012, 37.068, 36.958, 36.825, 36.811, 36.92, 36.951, 36.446, 36.32, 37.26, 38.052, 38.112, 38.028, 38.091, 38.189, 38.151, 38.114, 38.176, 38.045, 37.955, 38.114, 38.259, 38.352, 38.763, 39.156, 39.237, 39.36, 39.614, 39.461, 38.637, 38.373, 38.686, 38.825, 38.193, 37.352, 37.899, 38.524, 38.383, 39.143, 40.578, 40.8, 40.233, 40.166, 40.236, 39.81, 40.007, 40.511, 36.537], [36.662, 35.898, 35.65, 34.895, 33.095, 31.382, 30.658, 30.191, 29.36, 28.2, 27.058, 25.527, 22.895, 18.681, 15.194, 13.904, 11.689, 6.48, 0.0, 5.759, 10.347, 13.831, 15.728, 16.91, 17.919, 18.307, 19.158, 21.458, 23.976, 26.087, 28.917, 31.481, 32.882, 33.693, 34.263, 34.756, 35.409, 36.121, 36.665, 36.931, 37.326, 37.824, 37.886, 37.996, 38.284, 38.044, 37.818, 37.84, 37.814, 38.1, 38.494, 38.416, 38.205, 38.105, 38.124, 38.441, 38.739, 38.19, 37.055, 36.702, 37.402, 38.155, 38.892, 39.713, 39.994, 39.788, 39.714, 39.85, 39.986, 40.035, 40.031, 39.917, 39.865, 40.276, 40.694, 40.481, 40.157, 39.985, 39.607, 39.236, 39.152, 39.328, 39.453, 39.391, 39.229, 38.801, 38.185, 37.619, 37.31, 37.632, 37.649, 36.886, 36.247, 36.029, 36.17, 36.546, 36.903, 37.064, 36.941, 36.722, 36.654, 36.637, 36.644, 36.862, 36.989, 36.953, 37.151, 37.728, 38.168, 38.21, 38.338, 38.908, 39.012, 38.327, 37.951, 37.837, 37.903, 38.683, 39.582, 39.919, 40.061, 39.958, 39.775, 39.923, 39.809, 38.75, 38.027, 38.746, 38.937, 38.514, 38.712, 39.005, 38.922, 39.008, 39.161, 38.927, 38.783, 38.927, 39.009, 39.168, 39.611, 39.744, 39.775, 40.288, 41.253, 42.14, 42.127, 40.97, 39.666, 39.426, 40.015, 39.555, 38.691, 38.972, 38.865, 37.854, 37.267, 37.386, 37.432, 37.337, 37.23, 37.235, 37.353, 37.389, 36.9, 36.759, 37.638, 38.409, 38.485, 38.416, 38.477, 38.578, 38.545, 38.5, 38.556, 38.439, 38.356, 38.501, 38.631, 38.72, 39.134, 39.532, 39.611, 39.723, 39.955, 39.805, 39.018, 38.801, 39.107, 39.211, 38.586, 37.781, 38.309, 38.902, 38.727, 39.452, 40.879, 41.113, 40.564, 40.519, 40.594, 40.16, 40.352, 40.84, 37.161], [37.05, 36.311, 36.026, 35.234, 33.61, 32.256, 31.785, 31.418, 30.655, 29.536, 28.398, 26.995, 24.728, 21.041, 17.873, 16.548, 14.785, 10.925, 5.759, 0.0, 5.858, 10.656, 13.344, 14.998, 16.297, 16.786, 17.685, 20.223, 23.068, 25.415, 28.241, 30.766, 32.275, 33.218, 33.887, 34.462, 35.163, 35.882, 36.421, 36.73, 37.195, 37.722, 37.793, 37.942, 38.273, 38.044, 37.825, 37.866, 37.859, 38.161, 38.558, 38.479, 38.251, 38.126, 38.128, 38.437, 38.735, 38.196, 37.082, 36.803, 37.588, 38.366, 39.064, 39.831, 40.093, 39.892, 39.833, 39.974, 40.108, 40.168, 40.177, 40.078, 40.043, 40.456, 40.87, 40.672, 40.358, 40.143, 39.713, 39.313, 39.194, 39.344, 39.448, 39.37, 39.202, 38.763, 38.148, 37.584, 37.248, 37.541, 37.555, 36.793, 36.125, 35.871, 36.024, 36.428, 36.793, 36.956, 36.834, 36.605, 36.527, 36.511, 36.528, 36.751, 36.881, 36.835, 37.011, 37.57, 38.012, 38.082, 38.234, 38.795, 38.891, 38.217, 37.86, 37.746, 37.813, 38.613, 39.514, 39.827, 39.956, 39.862, 39.705, 39.866, 39.761, 38.74, 38.045, 38.731, 38.899, 38.461, 38.655, 38.95, 38.861, 38.942, 39.109, 38.893, 38.752, 38.895, 38.983, 39.142, 39.597, 39.735, 39.758, 40.268, 41.219, 42.086, 42.071, 40.924, 39.635, 39.401, 39.962, 39.517, 38.732, 39.039, 38.892, 37.845, 37.257, 37.37, 37.41, 37.326, 37.228, 37.264, 37.415, 37.455, 36.957, 36.796, 37.629, 38.377, 38.449, 38.381, 38.446, 38.549, 38.517, 38.476, 38.532, 38.405, 38.298, 38.419, 38.535, 38.611, 39.02, 39.421, 39.495, 39.59, 39.82, 39.67, 38.887, 38.717, 39.052, 39.139, 38.499, 37.715, 38.278, 38.857, 38.645, 39.378, 40.836, 41.075, 40.521, 40.503, 40.588, 40.136, 40.326, 40.812, 37.549], [37.319, 36.562, 36.229, 35.406, 34.009, 33.074, 32.894, 32.678, 32.014, 30.925, 29.715, 28.294, 26.227, 22.971, 20.128, 18.711, 16.999, 13.983, 10.347, 5.858, 0.0, 5.984, 10.131, 12.663, 14.258, 14.89, 15.984, 18.91, 22.239, 24.86, 27.575, 29.954, 31.535, 32.579, 33.305, 33.94, 34.712, 35.465, 36.006, 36.314, 36.789, 37.321, 37.406, 37.573, 37.909, 37.664, 37.462, 37.546, 37.541, 37.838, 38.244, 38.155, 37.901, 37.758, 37.75, 38.06, 38.376, 37.851, 36.744, 36.522, 37.394, 38.195, 38.886, 39.633, 39.864, 39.645, 39.599, 39.759, 39.895, 39.958, 39.98, 39.889, 39.862, 40.296, 40.744, 40.566, 40.262, 40.023, 39.532, 39.071, 38.903, 39.051, 39.173, 39.084, 38.874, 38.388, 37.747, 37.172, 36.797, 37.065, 37.096, 36.353, 35.697, 35.443, 35.625, 36.075, 36.467, 36.649, 36.537, 36.282, 36.149, 36.102, 36.113, 36.344, 36.486, 36.458, 36.649, 37.215, 37.669, 37.772, 37.952, 38.495, 38.535, 37.806, 37.436, 37.313, 37.372, 38.2, 39.093, 39.355, 39.48, 39.404, 39.258, 39.434, 39.35, 38.353, 37.707, 38.419, 38.589, 38.141, 38.34, 38.645, 38.554, 38.651, 38.842, 38.639, 38.507, 38.659, 38.738, 38.875, 39.341, 39.49, 39.515, 40.039, 41.011, 41.893, 41.877, 40.714, 39.422, 39.202, 39.747, 39.281, 38.506, 38.823, 38.637, 37.526, 36.895, 37.015, 37.05, 36.948, 36.845, 36.915, 37.093, 37.136, 36.616, 36.422, 37.259, 38.022, 38.087, 38.009, 38.084, 38.195, 38.165, 38.132, 38.186, 38.024, 37.879, 37.983, 38.093, 38.159, 38.568, 38.982, 39.051, 39.132, 39.369, 39.213, 38.414, 38.279, 38.662, 38.759, 38.105, 37.336, 37.995, 38.606, 38.378, 39.118, 40.611, 40.857, 40.275, 40.252, 40.34, 39.876, 40.063, 40.555, 37.831], [37.648, 36.895, 36.578, 35.837, 34.713, 34.095, 34.09, 33.989, 33.411, 32.333, 31.056, 29.63, 27.752, 24.886, 22.35, 20.919, 19.251, 16.642, 13.831, 10.656, 5.984, 0.0, 5.478, 9.378, 11.559, 12.393, 13.93, 17.523, 21.367, 24.163, 26.769, 29.081, 30.759, 31.881, 32.622, 33.294, 34.138, 34.929, 35.478, 35.786, 36.251, 36.78, 36.882, 37.071, 37.408, 37.143, 36.952, 37.085, 37.074, 37.337, 37.722, 37.62, 37.373, 37.25, 37.249, 37.564, 37.909, 37.427, 36.373, 36.214, 37.144, 37.977, 38.689, 39.441, 39.661, 39.438, 39.397, 39.567, 39.705, 39.758, 39.773, 39.675, 39.638, 40.094, 40.581, 40.431, 40.166, 39.935, 39.391, 38.864, 38.671, 38.852, 39.01, 38.901, 38.631, 38.098, 37.427, 36.823, 36.389, 36.617, 36.656, 35.931, 35.29, 35.045, 35.257, 35.74, 36.145, 36.334, 36.228, 35.954, 35.783, 35.715, 35.73, 35.97, 36.118, 36.101, 36.293, 36.85, 37.292, 37.39, 37.572, 38.091, 38.067, 37.298, 36.949, 36.852, 36.96, 37.869, 38.76, 38.954, 39.053, 38.981, 38.837, 39.023, 38.955, 37.966, 37.344, 38.068, 38.235, 37.781, 37.995, 38.316, 38.234, 38.358, 38.567, 38.372, 38.267, 38.444, 38.508, 38.602, 39.062, 39.226, 39.263, 39.807, 40.809, 41.708, 41.684, 40.492, 39.162, 38.919, 39.458, 38.984, 38.196, 38.527, 38.343, 37.19, 36.499, 36.633, 36.668, 36.524, 36.397, 36.491, 36.685, 36.728, 36.194, 35.995, 36.883, 37.679, 37.732, 37.638, 37.72, 37.837, 37.805, 37.786, 37.845, 37.653, 37.478, 37.582, 37.69, 37.746, 38.159, 38.592, 38.675, 38.766, 39.009, 38.848, 38.041, 37.918, 38.342, 38.474, 37.83, 37.044, 37.732, 38.357, 38.181, 38.969, 40.502, 40.768, 40.156, 40.089, 40.164, 39.714, 39.902, 40.395, 38.145], [37.781, 37.1, 36.895, 36.316, 35.38, 34.853, 34.84, 34.733, 34.155, 33.075, 31.803, 30.445, 28.699, 25.982, 23.562, 22.159, 20.57, 18.195, 15.728, 13.344, 10.131, 5.478, 0.0, 5.067, 8.278, 9.489, 11.461, 15.752, 19.971, 22.848, 25.516, 27.962, 29.781, 30.98, 31.724, 32.409, 33.32, 34.163, 34.751, 35.094, 35.57, 36.11, 36.232, 36.448, 36.812, 36.549, 36.375, 36.548, 36.56, 36.85, 37.236, 37.12, 36.908, 36.828, 36.842, 37.171, 37.534, 37.062, 36.036, 35.928, 36.907, 37.801, 38.56, 39.341, 39.579, 39.371, 39.325, 39.497, 39.644, 39.694, 39.691, 39.571, 39.52, 39.986, 40.486, 40.363, 40.151, 39.935, 39.352, 38.786, 38.604, 38.833, 39.015, 38.886, 38.58, 38.014, 37.315, 36.649, 36.128, 36.31, 36.331, 35.603, 34.962, 34.713, 34.909, 35.367, 35.755, 35.943, 35.837, 35.569, 35.42, 35.384, 35.422, 35.673, 35.819, 35.792, 35.971, 36.513, 36.929, 36.999, 37.163, 37.678, 37.65, 36.9, 36.595, 36.541, 36.716, 37.716, 38.64, 38.801, 38.868, 38.78, 38.63, 38.814, 38.746, 37.747, 37.089, 37.776, 37.9, 37.429, 37.664, 38.004, 37.93, 38.075, 38.296, 38.101, 38.024, 38.237, 38.292, 38.344, 38.782, 38.948, 38.999, 39.57, 40.613, 41.548, 41.526, 40.294, 38.884, 38.582, 39.127, 38.649, 37.831, 38.178, 38.005, 36.794, 36.018, 36.154, 36.194, 36.027, 35.882, 35.987, 36.19, 36.231, 35.693, 35.541, 36.536, 37.376, 37.416, 37.313, 37.404, 37.521, 37.479, 37.469, 37.544, 37.339, 37.145, 37.243, 37.345, 37.398, 37.823, 38.271, 38.372, 38.489, 38.745, 38.587, 37.763, 37.622, 38.069, 38.254, 37.626, 36.771, 37.393, 38.002, 37.909, 38.804, 40.395, 40.676, 40.051, 39.947, 40.003, 39.566, 39.774, 40.284, 38.23], [37.531, 36.979, 36.976, 36.562, 35.692, 35.147, 35.094, 34.939, 34.316, 33.26, 32.074, 30.812, 29.148, 26.451, 24.067, 22.742, 21.222, 19.034, 16.91, 14.998, 12.663, 9.378, 5.067, 0.0, 4.102, 6.362, 8.964, 13.433, 17.713, 20.709, 23.669, 26.374, 28.347, 29.672, 30.465, 31.158, 32.149, 33.079, 33.741, 34.148, 34.657, 35.221, 35.365, 35.621, 36.032, 35.783, 35.628, 35.819, 35.859, 36.239, 36.693, 36.586, 36.395, 36.342, 36.368, 36.723, 37.107, 36.599, 35.505, 35.388, 36.412, 37.364, 38.178, 39.001, 39.26, 39.058, 39.001, 39.171, 39.337, 39.397, 39.383, 39.248, 39.188, 39.663, 40.161, 40.041, 39.846, 39.63, 39.028, 38.449, 38.287, 38.552, 38.749, 38.614, 38.301, 37.709, 36.971, 36.239, 35.655, 35.835, 35.847, 35.083, 34.418, 34.148, 34.305, 34.734, 35.115, 35.304, 35.186, 34.921, 34.831, 34.853, 34.91, 35.172, 35.324, 35.3, 35.502, 36.068, 36.486, 36.536, 36.686, 37.223, 37.227, 36.479, 36.174, 36.128, 36.327, 37.372, 38.342, 38.524, 38.593, 38.493, 38.323, 38.494, 38.406, 37.354, 36.616, 37.272, 37.358, 36.875, 37.141, 37.496, 37.419, 37.587, 37.832, 37.64, 37.588, 37.833, 37.894, 37.943, 38.378, 38.537, 38.6, 39.216, 40.335, 41.343, 41.334, 40.032, 38.526, 38.173, 38.726, 38.198, 37.281, 37.633, 37.448, 36.136, 35.264, 35.406, 35.476, 35.326, 35.183, 35.29, 35.497, 35.534, 34.962, 34.817, 35.929, 36.847, 36.892, 36.787, 36.895, 37.025, 36.976, 36.964, 37.051, 36.844, 36.639, 36.737, 36.842, 36.908, 37.361, 37.821, 37.926, 38.06, 38.34, 38.179, 37.297, 37.098, 37.558, 37.803, 37.18, 36.242, 36.818, 37.435, 37.374, 38.368, 40.038, 40.326, 39.689, 39.582, 39.627, 39.186, 39.429, 39.972, 37.947], [37.241, 36.759, 36.906, 36.6, 35.769, 35.244, 35.207, 35.052, 34.432, 33.415, 32.284, 31.078, 29.491, 26.857, 24.531, 23.261, 21.789, 19.752, 17.919, 16.297, 14.258, 11.559, 8.278, 4.102, 0.0, 3.639, 7.455, 11.998, 16.07, 19.058, 22.204, 25.033, 27.091, 28.526, 29.381, 30.097, 31.167, 32.183, 32.912, 33.372, 33.911, 34.493, 34.655, 34.946, 35.387, 35.144, 35.009, 35.212, 35.254, 35.693, 36.222, 36.139, 35.949, 35.893, 35.925, 36.312, 36.729, 36.202, 35.051, 34.934, 35.995, 36.974, 37.824, 38.675, 38.942, 38.731, 38.659, 38.823, 38.994, 39.061, 39.048, 38.907, 38.844, 39.334, 39.839, 39.704, 39.491, 39.263, 38.652, 38.067, 37.912, 38.196, 38.406, 38.265, 37.935, 37.306, 36.531, 35.767, 35.164, 35.374, 35.397, 34.594, 33.892, 33.598, 33.738, 34.163, 34.551, 34.749, 34.626, 34.358, 34.298, 34.343, 34.401, 34.666, 34.824, 34.81, 35.051, 35.667, 36.109, 36.15, 36.285, 36.834, 36.855, 36.09, 35.756, 35.693, 35.893, 36.947, 37.934, 38.133, 38.222, 38.12, 37.933, 38.096, 37.993, 36.891, 36.103, 36.774, 36.858, 36.369, 36.656, 37.022, 36.944, 37.132, 37.401, 37.218, 37.187, 37.454, 37.521, 37.577, 38.026, 38.186, 38.253, 38.908, 40.09, 41.16, 41.164, 39.81, 38.253, 37.892, 38.453, 37.87, 36.862, 37.215, 37.008, 35.61, 34.682, 34.836, 34.931, 34.7