[[0.0, 5.184, 12.227, 17.009, 19.107, 21.351, 23.915, 25.57, 26.188, 27.29, 29.108, 29.83, 30.541, 32.916, 34.419, 34.748, 35.18, 35.647, 35.892, 36.163, 36.481, 36.596, 36.525, 36.816, 37.375, 37.443, 37.188, 37.595, 38.543, 38.991, 38.668, 38.767, 39.5, 39.685, 39.73, 40.382, 41.211, 41.413, 41.466, 41.822, 42.126, 41.722, 40.822, 40.482, 40.569, 40.716, 40.621, 40.095, 39.246, 38.593, 38.092, 37.614, 37.915, 38.483, 38.408, 38.081, 37.952, 37.975, 38.02, 37.876, 37.386, 37.105, 37.357, 37.201, 36.717, 36.581, 36.689, 36.573, 36.038, 36.019, 36.53, 36.846, 37.004, 37.198, 37.458, 37.675, 37.946, 38.477, 39.149, 39.352, 39.323, 39.317, 39.162, 39.453, 39.97, 39.785, 39.303, 39.533, 39.645, 39.379, 39.423, 39.76, 39.615, 38.662, 37.63, 37.706, 38.048, 38.084, 38.121, 38.404, 38.731, 38.652, 38.655, 38.865, 39.133, 39.479, 39.391, 39.077, 38.953, 38.898, 38.994, 39.151, 39.049, 38.812, 38.774, 38.709, 38.892, 39.419, 39.539, 38.718, 37.366, 36.809, 36.991, 37.107, 37.322, 37.507, 37.265, 37.019, 37.142, 36.995, 36.6, 36.528, 36.694, 36.748, 36.851, 36.866, 37.102, 37.898, 38.452, 38.564, 38.559, 38.45, 38.185, 38.175, 38.415, 38.601, 39.098, 39.687, 39.469, 38.9, 38.607, 38.438, 38.354, 38.659, 39.781, 40.891, 40.946, 40.459, 40.103, 40.209, 40.59, 40.895, 40.646, 39.867, 39.373, 39.34, 39.519, 39.616, 39.635, 40.03, 40.922, 41.29, 40.988, 41.103, 41.68, 42.104, 42.324, 42.298, 42.086, 42.038, 41.499, 40.063, 39.12, 39.249, 38.836, 37.829, 37.69, 37.659, 37.901, 38.288, 38.463, 38.571, 38.663, 38.659, 38.3, 38.023, 38.706, 39.502, 39.83, 39.878, 39.816, 39.845, 39.923, 40.326, 40.398, 5.378], [5.184, 0.0, 8.49, 14.539, 17.078, 19.412, 22.236, 24.131, 24.855, 26.1, 28.082, 28.861, 29.635, 32.245, 33.919, 34.281, 34.763, 35.294, 35.577, 35.882, 36.219, 36.341, 36.284, 36.6, 37.185, 37.266, 37.012, 37.452, 38.432, 38.874, 38.509, 38.612, 39.375, 39.562, 39.613, 40.268, 41.09, 41.293, 41.354, 41.714, 42.023, 41.624, 40.715, 40.37, 40.46, 40.61, 40.519, 39.986, 39.131, 38.477, 37.95, 37.437, 37.767, 38.376, 38.31, 37.97, 37.856, 37.915, 37.978, 37.837, 37.348, 37.058, 37.295, 37.121, 36.614, 36.458, 36.558, 36.434, 35.885, 35.851, 36.36, 36.674, 36.801, 36.948, 37.182, 37.394, 37.66, 38.186, 38.872, 39.091, 39.066, 39.061, 38.898, 39.183, 39.706, 39.528, 39.047, 39.284, 39.393, 39.121, 39.157, 39.474, 39.299, 38.331, 37.29, 37.374, 37.724, 37.763, 37.815, 38.128, 38.483, 38.41, 38.412, 38.621, 38.886, 39.237, 39.158, 38.854, 38.751, 38.722, 38.844, 39.028, 38.976, 38.796, 38.809, 38.788, 38.989, 39.521, 39.651, 38.786, 37.325, 36.708, 36.918, 37.032, 37.216, 37.406, 37.17, 36.911, 37.016, 36.859, 36.467, 36.393, 36.554, 36.616, 36.719, 36.732, 36.977, 37.761, 38.295, 38.388, 38.349, 38.212, 37.955, 37.958, 38.174, 38.33, 38.826, 39.422, 39.192, 38.628, 38.36, 38.201, 38.102, 38.411, 39.586, 40.753, 40.835, 40.364, 39.997, 40.059, 40.426, 40.743, 40.507, 39.742, 39.258, 39.219, 39.385, 39.463, 39.467, 39.865, 40.771, 41.148, 40.832, 40.926, 41.491, 41.909, 42.119, 42.077, 41.864, 41.817, 41.257, 39.795, 38.85, 38.989, 38.586, 37.588, 37.461, 37.44, 37.694, 38.111, 38.294, 38.391, 38.503, 38.505, 38.124, 37.848, 38.561, 39.37, 39.708, 39.788, 39.735, 39.751, 39.812, 40.216, 40.29, 8.279], [12.227, 8.49, 0.0, 7.857, 12.293, 15.592, 18.875, 21.24, 22.309, 23.839, 26.102, 27.092, 28.196, 31.258, 33.119, 33.524, 34.061, 34.662, 35.001, 35.352, 35.728, 35.865, 35.856, 36.266, 36.891, 36.988, 36.756, 37.194, 38.147, 38.583, 38.23, 38.347, 39.126, 39.321, 39.388, 40.04, 40.842, 41.067, 41.143, 41.495, 41.82, 41.425, 40.496, 40.167, 40.295, 40.459, 40.375, 39.862, 39.034, 38.389, 37.838, 37.289, 37.652, 38.308, 38.249, 37.901, 37.817, 37.914, 37.992, 37.856, 37.353, 37.03, 37.244, 37.049, 36.51, 36.316, 36.41, 36.302, 35.722, 35.604, 36.059, 36.382, 36.527, 36.689, 36.93, 37.142, 37.414, 37.944, 38.633, 38.847, 38.828, 38.842, 38.689, 38.972, 39.487, 39.347, 38.952, 39.232, 39.31, 39.022, 39.083, 39.399, 39.17, 38.106, 36.971, 37.021, 37.365, 37.415, 37.489, 37.848, 38.239, 38.16, 38.158, 38.388, 38.672, 39.02, 38.95, 38.67, 38.572, 38.535, 38.662, 38.885, 38.901, 38.787, 38.826, 38.839, 39.048, 39.577, 39.752, 38.895, 37.35, 36.661, 36.892, 37.024, 37.182, 37.356, 37.14, 36.907, 36.981, 36.8, 36.408, 36.295, 36.433, 36.514, 36.617, 36.648, 36.925, 37.726, 38.259, 38.325, 38.238, 38.048, 37.768, 37.782, 37.984, 38.111, 38.603, 39.185, 38.946, 38.403, 38.149, 37.978, 37.844, 38.123, 39.277, 40.417, 40.498, 40.053, 39.666, 39.669, 40.02, 40.357, 40.149, 39.421, 38.961, 38.935, 39.115, 39.191, 39.204, 39.657, 40.634, 41.031, 40.687, 40.752, 41.309, 41.727, 41.923, 41.86, 41.653, 41.606, 41.0, 39.52, 38.566, 38.692, 38.307, 37.34, 37.223, 37.204, 37.482, 37.936, 38.124, 38.197, 38.325, 38.338, 37.919, 37.6, 38.285, 39.085, 39.453, 39.552, 39.524, 39.56, 39.618, 40.03, 40.124, 13.809], [17.009, 14.539, 7.857, 0.0, 6.658, 12.265, 16.196, 18.536, 19.817, 21.817, 24.441, 25.595, 26.984, 30.467, 32.482, 32.921, 33.491, 34.138, 34.519, 34.899, 35.32, 35.482, 35.514, 36.012, 36.674, 36.779, 36.577, 36.986, 37.909, 38.371, 38.072, 38.204, 38.977, 39.18, 39.26, 39.916, 40.718, 40.934, 40.999, 41.352, 41.69, 41.284, 40.341, 40.033, 40.167, 40.312, 40.238, 39.755, 38.94, 38.284, 37.733, 37.19, 37.559, 38.228, 38.163, 37.81, 37.722, 37.803, 37.867, 37.731, 37.225, 36.895, 37.101, 36.906, 36.374, 36.174, 36.254, 36.154, 35.601, 35.507, 35.956, 36.268, 36.423, 36.643, 36.932, 37.156, 37.437, 37.961, 38.616, 38.801, 38.787, 38.826, 38.708, 39.022, 39.539, 39.432, 39.116, 39.42, 39.477, 39.181, 39.247, 39.571, 39.363, 38.258, 37.041, 37.002, 37.292, 37.33, 37.367, 37.67, 38.037, 37.953, 37.942, 38.174, 38.464, 38.795, 38.711, 38.44, 38.338, 38.292, 38.41, 38.634, 38.676, 38.612, 38.674, 38.69, 38.894, 39.44, 39.652, 38.857, 37.355, 36.643, 36.829, 36.97, 37.132, 37.297, 37.102, 36.902, 36.967, 36.783, 36.409, 36.272, 36.396, 36.485, 36.575, 36.621, 36.955, 37.82, 38.367, 38.401, 38.27, 38.045, 37.747, 37.769, 37.989, 38.14, 38.658, 39.236, 39.0, 38.465, 38.204, 38.012, 37.85, 38.102, 39.201, 40.286, 40.361, 39.91, 39.485, 39.47, 39.816, 40.156, 39.933, 39.177, 38.713, 38.703, 38.911, 39.012, 39.04, 39.526, 40.549, 40.96, 40.604, 40.668, 41.241, 41.676, 41.884, 41.829, 41.629, 41.588, 40.993, 39.554, 38.608, 38.704, 38.314, 37.364, 37.252, 37.229, 37.487, 37.915, 38.091, 38.151, 38.268, 38.289, 37.861, 37.488, 38.094, 38.866, 39.242, 39.329, 39.312, 39.36, 39.417, 39.82, 39.918, 18.188], [19.107, 17.078, 12.293, 6.658, 0.0, 7.607, 12.854, 15.438, 16.732, 19.174, 22.277, 23.565, 25.171, 29.147, 31.439, 31.95, 32.585, 33.301, 33.727, 34.155, 34.636, 34.836, 34.897, 35.47, 36.213, 36.364, 36.193, 36.632, 37.604, 38.125, 37.842, 37.966, 38.751, 38.954, 39.04, 39.74, 40.583, 40.78, 40.822, 41.187, 41.537, 41.114, 40.142, 39.836, 39.979, 40.123, 40.052, 39.569, 38.734, 38.055, 37.478, 36.897, 37.26, 37.94, 37.859, 37.49, 37.398, 37.491, 37.576, 37.439, 36.922, 36.597, 36.8, 36.565, 35.996, 35.798, 35.893, 35.776, 35.211, 35.166, 35.672, 35.999, 36.146, 36.375, 36.688, 36.921, 37.2, 37.727, 38.388, 38.567, 38.553, 38.599, 38.499, 38.845, 39.374, 39.251, 38.923, 39.238, 39.303, 38.997, 39.043, 39.372, 39.204, 38.114, 36.867, 36.805, 37.083, 37.109, 37.108, 37.369, 37.721, 37.638, 37.626, 37.85, 38.139, 38.464, 38.354, 38.054, 37.937, 37.899, 38.027, 38.254, 38.296, 38.274, 38.376, 38.404, 38.638, 39.231, 39.449, 38.615, 37.052, 36.326, 36.493, 36.635, 36.814, 36.992, 36.808, 36.605, 36.659, 36.458, 36.069, 35.914, 36.049, 36.164, 36.254, 36.3, 36.669, 37.61, 38.198, 38.209, 38.038, 37.8, 37.505, 37.53, 37.757, 37.929, 38.472, 39.065, 38.835, 38.287, 38.015, 37.812, 37.652, 37.949, 39.104, 40.214, 40.296, 39.829, 39.363, 39.333, 39.69, 40.036, 39.795, 38.984, 38.484, 38.469, 38.688, 38.791, 38.812, 39.312, 40.355, 40.763, 40.396, 40.473, 41.068, 41.519, 41.748, 41.706, 41.505, 41.471, 40.882, 39.434, 38.475, 38.557, 38.141, 37.194, 37.105, 37.064, 37.276, 37.659, 37.822, 37.875, 37.987, 38.015, 37.597, 37.228, 37.868, 38.672, 39.051, 39.141, 39.106, 39.12, 39.156, 39.56, 39.662, 20.271], [21.351, 19.412, 15.592, 12.265, 7.607, 0.0, 6.71, 10.89, 12.543, 14.93, 18.415, 19.949, 21.895, 26.527, 29.24, 29.827, 30.566, 31.427, 31.911, 32.402, 32.986, 33.236, 33.314, 34.009, 34.911, 35.15, 35.054, 35.633, 36.72, 37.288, 37.03, 37.181, 38.014, 38.225, 38.312, 39.064, 39.966, 40.176, 40.219, 40.591, 40.954, 40.511, 39.479, 39.181, 39.407, 39.614, 39.544, 39.042, 38.189, 37.499, 36.87, 36.194, 36.555, 37.279, 37.19, 36.805, 36.752, 36.916, 37.048, 36.897, 36.334, 35.99, 36.179, 35.868, 35.216, 35.021, 35.163, 35.016, 34.354, 34.272, 34.803, 35.174, 35.392, 35.69, 36.054, 36.3, 36.587, 37.186, 37.945, 38.148, 38.119, 38.163, 38.084, 38.481, 39.048, 38.897, 38.516, 38.832, 38.886, 38.547, 38.582, 38.922, 38.74, 37.587, 36.211, 36.129, 36.436, 36.455, 36.434, 36.727, 37.118, 37.041, 37.032, 37.273, 37.595, 37.942, 37.806, 37.471, 37.343, 37.292, 37.424, 37.67, 37.704, 37.696, 37.808, 37.856, 38.155, 38.812, 39.028, 38.066, 36.269, 35.467, 35.69, 35.848, 36.054, 36.267, 36.075, 35.845, 35.88, 35.643, 35.198, 34.986, 35.119, 35.259, 35.361, 35.425, 35.854, 36.895, 37.563, 37.575, 37.35, 37.083, 36.775, 36.802, 37.046, 37.249, 37.82, 38.411, 38.162, 37.591, 37.297, 37.074, 36.919, 37.255, 38.471, 39.614, 39.686, 39.201, 38.69, 38.63, 39.01, 39.373, 39.108, 38.26, 37.738, 37.714, 37.945, 38.05, 38.055, 38.606, 39.734, 40.147, 39.741, 39.838, 40.48, 40.959, 41.212, 41.161, 40.941, 40.911, 40.302, 38.783, 37.773, 37.848, 37.398, 36.439, 36.373, 36.295, 36.513, 36.917, 37.09, 37.132, 37.239, 37.285, 36.854, 36.454, 37.178, 38.06, 38.475, 38.582, 38.551, 38.565, 38.594, 39.028, 39.151, 22.312], [23.915, 22.236, 18.875, 16.196, 12.854, 6.71, 0.0, 5.69, 8.455, 11.361, 15.134, 16.797, 19.244, 24.652, 27.724, 28.314, 29.068, 30.051, 30.588, 31.095, 31.748, 32.058, 32.16, 32.924, 33.923, 34.21, 34.193, 34.891, 36.067, 36.667, 36.442, 36.651, 37.53, 37.749, 37.831, 38.602, 39.536, 39.774, 39.828, 40.197, 40.562, 40.099, 39.019, 38.727, 39.016, 39.266, 39.199, 38.689, 37.83, 37.149, 36.534, 35.832, 36.178, 36.903, 36.812, 36.436, 36.402, 36.587, 36.735, 36.565, 35.967, 35.625, 35.814, 35.474, 34.794, 34.597, 34.734, 34.545, 33.839, 33.744, 34.255, 34.659, 35.014, 35.469, 35.927, 36.198, 36.502, 37.181, 38.039, 38.272, 38.229, 38.272, 38.244, 38.716, 39.332, 39.17, 38.751, 39.056, 39.097, 38.733, 38.751, 39.084, 38.884, 37.644, 36.113, 35.946, 36.246, 36.254, 36.196, 36.47, 36.867, 36.802, 36.785, 37.022, 37.359, 37.717, 37.575, 37.225, 37.068, 36.971, 37.081, 37.331, 37.355, 37.339, 37.44, 37.505, 37.836, 38.515, 38.749, 37.765, 35.883, 35.016, 35.24, 35.398, 35.631, 35.886, 35.704, 35.485, 35.529, 35.3, 34.857, 34.607, 34.714, 34.856, 34.954, 35.011, 35.483, 36.601, 37.302, 37.299, 37.03, 36.734, 36.413, 36.461, 36.744, 36.978, 37.565, 38.133, 37.851, 37.264, 36.96, 36.715, 36.55, 36.868, 38.059, 39.192, 39.257, 38.769, 38.245, 38.204, 38.619, 38.986, 38.676, 37.788, 37.251, 37.234, 37.49, 37.607, 37.605, 38.19, 39.385, 39.8, 39.361, 39.49, 40.188, 40.697, 40.98, 40.924, 40.686, 40.674, 40.088, 38.539, 37.487, 37.557, 37.089, 36.094, 36.014, 35.921, 36.157, 36.579, 36.76, 36.791, 36.89, 36.951, 36.5, 36.036, 36.751, 37.638, 38.061, 38.162, 38.168, 38.218, 38.252, 38.694, 38.823, 24.628], [25.57, 24.131, 21.24, 18.536, 15.438, 10.89, 5.69, 0.0, 4.456, 9.676, 14.126, 15.661, 18.381, 24.373, 27.645, 28.208, 28.875, 29.862, 30.43, 30.928, 31.577, 31.929, 32.053, 32.781, 33.766, 34.053, 34.064, 34.782, 35.993, 36.634, 36.424, 36.64, 37.517, 37.742, 37.829, 38.591, 39.517, 39.756, 39.815, 40.177, 40.528, 40.049, 38.96, 38.679, 38.97, 39.214, 39.146, 38.636, 37.778, 37.12, 36.559, 35.872, 36.173, 36.848, 36.745, 36.379, 36.323, 36.479, 36.623, 36.451, 35.858, 35.545, 35.742, 35.405, 34.739, 34.535, 34.635, 34.418, 33.757, 33.725, 34.232, 34.63, 35.041, 35.592, 36.114, 36.403, 36.716, 37.415, 38.292, 38.545, 38.509, 38.555, 38.561, 39.075, 39.723, 39.559, 39.123, 39.412, 39.45, 39.088, 39.083, 39.396, 39.216, 37.988, 36.415, 36.168, 36.438, 36.45, 36.361, 36.557, 36.905, 36.839, 36.814, 37.018, 37.328, 37.676, 37.539, 37.182, 36.992, 36.86, 36.953, 37.19, 37.21, 37.211, 37.33, 37.418, 37.757, 38.427, 38.684, 37.768, 35.94, 35.036, 35.204, 35.338, 35.581, 35.855, 35.688, 35.485, 35.548, 35.353, 34.947, 34.708, 34.805, 34.934, 35.011, 35.045, 35.522, 36.653, 37.335, 37.315, 37.045, 36.754, 36.437, 36.505, 36.811, 37.048, 37.623, 38.177, 37.882, 37.292, 36.989, 36.734, 36.554, 36.845, 38.011, 39.155, 39.247, 38.775, 38.279, 38.312, 38.77, 39.139, 38.797, 37.861, 37.29, 37.28, 37.55, 37.67, 37.665, 38.234, 39.404, 39.798, 39.361, 39.518, 40.237, 40.761, 41.065, 41.03, 40.793, 40.797, 40.256, 38.709, 37.64, 37.715, 37.238, 36.191, 36.073, 35.991, 36.233, 36.642, 36.818, 36.843, 36.927, 36.981, 36.537, 36.066, 36.745, 37.602, 37.996, 38.085, 38.115, 38.17, 38.192, 38.614, 38.73, 26.212], [26.188, 24.855, 22.309, 19.817, 16.732, 12.543, 8.455, 4.456, 0.0, 6.728, 12.224, 14.041, 16.699, 22.892, 26.389, 26.982, 27.62, 28.628, 29.229, 29.769, 30.469, 30.858, 30.996, 31.793, 32.878, 33.197, 33.224, 34.038, 35.355, 36.049, 35.878, 36.155, 37.074, 37.302, 37.417, 38.236, 39.182, 39.398, 39.455, 39.829, 40.175, 39.667, 38.555, 38.272, 38.574, 38.816, 38.735, 38.195, 37.304, 36.637, 36.064, 35.333, 35.623, 36.311, 36.19, 35.796, 35.708, 35.842, 35.986, 35.799, 35.18, 34.853, 35.036, 34.656, 33.951, 33.733, 33.823, 33.585, 32.924, 32.934, 33.475, 33.896, 34.33, 34.926, 35.488, 35.796, 36.117, 36.842, 37.747, 38.014, 37.984, 38.039, 38.06, 38.61, 39.303, 39.129, 38.66, 38.954, 38.992, 38.612, 38.604, 38.931, 38.764, 37.523, 35.871, 35.611, 35.906, 35.934, 35.857, 36.057, 36.395, 36.297, 36.256, 36.46, 36.773, 37.126, 36.967, 36.577, 36.368, 36.23, 36.335, 36.591, 36.613, 36.629, 36.775, 36.873, 37.243, 37.965, 38.221, 37.225, 35.26, 34.301, 34.484, 34.628, 34.912, 35.225, 35.04, 34.818, 34.897, 34.698, 34.263, 34.01, 34.12, 34.248, 34.303, 34.323, 34.826, 36.011, 36.746, 36.734, 36.439, 36.138, 35.812, 35.879, 36.208, 36.48, 37.088, 37.66, 37.344, 36.713, 36.391, 36.137, 35.955, 36.25, 37.488, 38.728, 38.851, 38.359, 37.861, 37.957, 38.472, 38.856, 38.482, 37.486, 36.886, 36.88, 37.157, 37.276, 37.275, 37.866, 39.048, 39.427, 38.967, 39.127, 39.859, 40.397, 40.716, 40.683, 40.438, 40.433, 39.862, 38.25, 37.138, 37.231, 36.712, 35.564, 35.411, 35.346, 35.617, 36.038, 36.224, 36.253, 36.332, 36.382, 35.922, 35.443, 36.208, 37.148, 37.555, 37.64, 37.687, 37.736, 37.749, 38.179, 38.277, 26.773], [27.29, 26.1, 23.839, 21.817, 19.174, 14.93, 11.361, 9.676, 6.728, 0.0, 6.608, 9.813, 13.224, 19.566, 23.32, 24.016, 24.779, 25.929, 26.597, 27.248, 28.103, 28.57, 28.762, 29.803, 31.155, 31.566, 31.649, 32.663, 34.137, 34.893, 34.811, 35.258, 36.3, 36.537, 36.676, 37.598, 38.62, 38.838, 38.898, 39.296, 39.659, 39.135, 37.979, 37.698, 38.057, 38.331, 38.231, 37.642, 36.694, 35.994, 35.37, 34.572, 34.874, 35.596, 35.458, 35.033, 34.931, 35.063, 35.217, 35.003, 34.325, 33.957, 34.118, 33.667, 32.885, 32.659, 32.772, 32.501, 31.71, 31.634, 32.193, 32.695, 33.205, 33.858, 34.469, 34.802, 35.139, 35.918, 36.89, 37.171, 37.139, 37.217, 37.278, 37.892, 38.637, 38.455, 37.966, 38.294, 38.327, 37.906, 37.906, 38.259, 38.049, 36.684, 34.886, 34.675, 35.024, 35.066, 35.04, 35.334, 35.722, 35.596, 35.541, 35.776, 36.134, 36.51, 36.321, 35.882, 35.651, 35.504, 35.615, 35.907, 35.929, 35.93, 36.046, 36.105, 36.511, 37.316, 37.556, 36.371, 34.144, 33.142, 33.41, 33.602, 33.961, 34.324, 34.11, 33.882, 33.991, 33.765, 33.257, 32.948, 33.057, 33.184, 33.215, 33.231, 33.803, 35.093, 35.928, 35.932, 35.576, 35.253, 34.91, 34.96, 35.317, 35.668, 36.352, 36.937, 36.576, 35.883, 35.543, 35.295, 35.125, 35.442, 36.781, 38.118, 38.24, 37.699, 37.166, 37.272, 37.815, 38.213, 37.796, 36.743, 36.144, 36.141, 36.408, 36.524, 36.527, 37.166, 38.416, 38.79, 38.267, 38.411, 39.171, 39.725, 40.058, 40.018, 39.757, 39.732, 39.094, 37.404, 36.256, 36.367, 35.798, 34.572, 34.417, 34.352, 34.656, 35.109, 35.324, 35.369, 35.461, 35.532, 35.038, 34.533, 35.455, 36.525, 36.974, 37.063, 37.147, 37.224, 37.243, 37.693, 37.775, 27.667], [29.108, 28.082, 26.102, 24.441, 22.277, 18.415, 15.134, 14.126, 12.224, 6.608, 0.0, 5.361, 11.228, 18.093, 21.72, 22.409, 23.346, 24.621, 25.325, 26.049, 27.015, 27.551, 27.784, 28.947, 30.453, 30.928, 31.062, 32.162, 33.674, 34.444, 34.458, 35.045, 36.154, 36.401, 36.528, 37.449, 38.497, 38.738, 38.804, 39.197, 39.569, 39.06, 37.922, 37.686, 38.103, 38.411, 38.309, 37.711, 36.764, 36.066, 35.442, 34.647, 34.924, 35.614, 35.478, 35.073, 34.986, 35.129, 35.295, 35.086, 34.411, 34.051, 34.199, 33.724, 32.935, 32.718, 32.845, 32.576, 31.696, 31.483, 31.991, 32.54, 33.115, 33.805, 34.446, 34.789, 35.116, 35.903, 36.908, 37.211, 37.181, 37.276, 37.384, 38.028, 38.762, 38.581, 38.128, 38.475, 38.489, 38.054, 38.053, 38.386, 38.113, 36.668, 34.855, 34.678, 35.016, 35.048, 35.042, 35.367, 35.762, 35.635, 35.582, 35.822, 36.187, 36.567, 36.381, 35.933, 35.681, 35.512, 35.604, 35.903, 35.935, 35.92, 35.989, 36.015, 36.405, 37.205, 37.45, 36.243, 34.0, 33.038, 33.351, 33.57, 33.946, 34.302, 34.084, 33.888, 34.017, 33.785, 33.258, 32.916, 33.009, 33.123, 33.136, 33.167, 33.791, 35.095, 35.924, 35.917, 35.544, 35.223, 34.874, 34.903, 35.253, 35.635, 36.355, 36.934, 36.562, 35.873, 35.539, 35.296, 35.132, 35.449, 36.788, 38.121, 38.226, 37.68, 37.167, 37.274, 37.779, 38.158, 37.728, 36.685, 36.113, 36.102, 36.341, 36.454, 36.45, 37.069, 38.308, 38.672, 38.125, 38.255, 39.017, 39.568, 39.896, 39.843, 39.579, 39.554, 38.902, 37.239, 36.132, 36.254, 35.689, 34.494, 34.369, 34.304, 34.611, 35.059, 35.275, 35.342, 35.458, 35.546, 35.054, 34.579, 35.54, 36.608, 37.057, 37.148, 37.263, 37.36, 37.377, 37.818, 37.889, 29.333], [29.83, 28.861, 27.092, 25.595, 23.565, 19.949, 16.797, 15.661, 14.041, 9.813, 5.361, 0.0, 8.055, 16.851, 20.993, 21.556, 22.478, 23.916, 24.693, 25.43, 26.432, 26.983, 27.182, 28.348, 29.942, 30.46, 30.62, 31.767, 33.316, 34.108, 34.188, 34.856, 35.984, 36.23, 36.348, 37.263, 38.327, 38.582, 38.652, 39.05, 39.423, 38.917, 37.791, 37.57, 38.003, 38.322, 38.22, 37.621, 36.679, 35.98, 35.368, 34.61, 34.914, 35.608, 35.478, 35.083, 34.993, 35.121, 35.276, 35.074, 34.407, 34.045, 34.167, 33.681, 32.914, 32.711, 32.82, 32.563, 31.723, 31.503, 31.985, 32.546, 33.164, 33.881, 34.532, 34.877, 35.195, 35.982, 37.012, 37.345, 37.317, 37.418, 37.555, 38.213, 38.938, 38.762, 38.324, 38.649, 38.636, 38.197, 38.185, 38.497, 38.21, 36.776, 34.972, 34.768, 35.087, 35.102, 35.064, 35.337, 35.683, 35.533, 35.477, 35.711, 36.063, 36.433, 36.243, 35.79, 35.533, 35.365, 35.464, 35.756, 35.777, 35.779, 35.869, 35.904, 36.291, 37.084, 37.347, 36.169, 33.919, 32.931, 33.262, 33.478, 33.84, 34.192, 33.963, 33.757, 33.889, 33.68, 33.15, 32.802, 32.898, 33.004, 33.009, 33.05, 33.689, 34.988, 35.807, 35.79, 35.421, 35.103, 34.743, 34.764, 35.118, 35.49, 36.202, 36.799, 36.442, 35.751, 35.41, 35.167, 35.005, 35.311, 36.636, 37.974, 38.083, 37.537, 37.041, 37.198, 37.729, 38.104, 37.677, 36.641, 36.067, 36.047, 36.29, 36.403, 36.393, 36.992, 38.206, 38.564, 38.025, 38.156, 38.916, 39.469, 39.797, 39.735, 39.47, 39.453, 38.806, 37.13, 36.023, 36.15, 35.576, 34.364, 34.235, 34.189, 34.512, 34.961, 35.156, 35.244, 35.385, 35.461, 34.976, 34.534, 35.508, 36.573, 37.008, 37.088, 37.201, 37.276, 37.276, 37.713, 37.792, 30.054], [30.541, 29.635, 28.196, 26.984, 25.171, 21.895, 19.244, 18.381, 16.699, 13.224, 11.228, 8.055, 0.0, 10.929, 16.845, 17.655, 18.529, 20.399, 21.474, 22.372, 23.577, 24.243, 24.513, 26.024, 28.021, 28.687, 28.949, 30.4, 32.2, 33.095, 33.274, 34.112, 35.317, 35.547, 35.694, 36.736, 37.887, 38.133, 38.204, 38.642, 39.029, 38.494, 37.318, 37.039, 37.443, 37.753, 37.636, 36.997, 35.984, 35.222, 34.582, 33.854, 34.301, 35.117, 34.987, 34.556, 34.433, 34.488, 34.568, 34.32, 33.582, 33.117, 33.155, 32.604, 31.823, 31.638, 31.713, 31.444, 30.712, 30.628, 31.164, 31.751, 32.413, 33.173, 33.848, 34.213, 34.539, 35.347, 36.426, 36.793, 36.762, 36.875, 37.018, 37.69, 38.46, 38.286, 37.784, 38.08, 38.063, 37.594, 37.578, 37.912, 37.652, 36.221, 34.294, 34.037, 34.394, 34.425, 34.373, 34.613, 34.916, 34.7, 34.612, 34.855, 35.213, 35.58, 35.342, 34.834, 34.579, 34.459, 34.62, 34.918, 34.886, 34.925, 35.112, 35.168, 35.596, 36.472, 36.714, 35.38, 32.892, 31.801, 32.183, 32.413, 32.847, 33.294, 33.013, 32.732, 32.891, 32.696, 32.099, 31.717, 31.84, 31.968, 31.981, 32.001, 32.658, 34.081, 35.011, 35.004, 34.572, 34.232, 33.859, 33.87, 34.256, 34.681, 35.452, 36.093, 35.701, 34.938, 34.576, 34.343, 34.205, 34.529, 35.909, 37.321, 37.429, 36.781, 36.201, 36.473, 37.193, 37.617, 37.146, 36.061, 35.466, 35.45, 35.719, 35.823, 35.813, 36.501, 37.795, 38.149, 37.584, 37.731, 38.512, 39.081, 39.442, 39.389, 39.102, 39.082, 38.4, 36.593, 35.383, 35.524, 34.873, 33.449, 33.201, 33.173, 33.564, 34.069, 34.289, 34.405, 34.58, 34.673, 34.145, 33.607, 34.687, 35.886, 36.356, 36.432, 36.542, 36.601, 36.602, 37.07, 37.151, 30.756], [32.916, 32.245, 31.258, 30.467, 29.147, 26.527, 24.652, 24.373, 22.892, 19.566, 18.093, 16.851, 10.929, 0.0, 8.144, 10.338, 11.691, 14.236, 15.85, 17.29, 19.132, 20.176, 20.825, 23.227, 25.975, 26.925, 27.421, 29.316, 31.412, 32.443, 32.773, 33.81, 35.087, 35.297, 35.485, 36.66, 37.876, 38.112, 38.191, 38.656, 39.055, 38.529, 37.319, 36.959, 37.335, 37.647, 37.511, 36.834, 35.748, 34.922, 34.251, 33.516, 34.005, 34.894, 34.781, 34.323, 34.163, 34.165, 34.181, 33.884, 33.104, 32.563, 32.524, 31.927, 31.143, 30.959, 30.984, 30.685, 30.039, 30.099, 30.682, 31.276, 31.975, 32.778, 33.477, 33.861, 34.194, 35.016, 36.105, 36.452, 36.412, 36.547, 36.691, 37.355, 38.156, 37.982, 37.417, 37.678, 37.656, 37.188, 37.179, 37.51, 37.261, 35.828, 33.787, 33.487, 33.883, 33.962, 33.947, 34.208, 34.509, 34.259, 34.149, 34.402, 34.78, 35.153, 34.872, 34.311, 34.078, 34.023, 34.232, 34.532, 34.449, 34.513, 34.764, 34.809, 35.23, 36.116, 36.272, 34.742, 32.066, 30.957, 31.366, 31.617, 32.147, 32.697, 32.388, 32.088, 32.301, 32.11, 31.457, 31.041, 31.19, 31.353, 31.361, 31.345, 32.067, 33.642, 34.655, 34.645, 34.166, 33.836, 33.466, 33.461, 33.891, 34.436, 35.286, 35.907, 35.462, 34.648, 34.28, 34.073, 33.994, 34.374, 35.769, 37.169, 37.214, 36.427, 35.787, 36.179, 37.045, 37.475, 36.958, 35.877, 35.304, 35.29, 35.544, 35.609, 35.592, 36.381, 37.757, 38.079, 37.477, 37.655, 38.452, 39.023, 39.419, 39.388, 39.078, 39.029, 38.294, 36.405, 35.14, 35.293, 34.582, 32.995, 32.631, 32.592, 33.035, 33.594, 33.861, 33.972, 34.162, 34.306, 33.731, 33.094, 34.313, 35.611, 36.109, 36.204, 36.314, 36.373, 36.402, 36.895, 36.971, 32.976], [34.419, 33.919, 33.119, 32.482, 31.439, 29.24, 27.724, 27.645, 26.389, 23.32, 21.72, 20.993, 16.845, 8.144, 0.0, 4.604, 7.958, 10.968, 12.656, 14.496, 16.884, 18.226, 19.212, 22.148, 25.222, 26.317, 26.991, 29.031, 31.145, 32.213, 32.664, 33.826, 35.165, 35.389, 35.587, 36.79, 38.022, 38.272, 38.365, 38.838, 39.257, 38.786, 37.607, 37.218, 37.587, 37.91, 37.775, 37.109, 36.029, 35.194, 34.54, 33.846, 34.308, 35.164, 35.066, 34.611, 34.424, 34.406, 34.41, 34.12, 33.396, 32.881, 32.833, 32.275, 31.567, 31.418, 31.412, 31.104, 30.505, 30.6, 31.149, 31.696, 32.381, 33.18, 33.866, 34.239, 34.553, 35.333, 36.363, 36.671, 36.625, 36.761, 36.907, 37.536, 38.295, 38.131, 37.593, 37.832, 37.79, 37.35, 37.342, 37.622, 37.35, 35.938, 33.961, 33.673, 34.049, 34.15, 34.171, 34.44, 34.738, 34.511, 34.412, 34.666, 35.055, 35.434, 35.166, 34.623, 34.411, 34.372, 34.573, 34.862, 34.786, 34.852, 35.075, 35.096, 35.474, 36.273, 36.378, 34.874, 32.253, 31.157, 31.55, 31.813, 32.354, 32.892, 32.594, 32.324, 32.538, 32.349, 31.73, 31.328, 31.476, 31.627, 31.604, 31.587, 32.343, 33.892, 34.832, 34.8, 34.375, 34.1, 33.756, 33.762, 34.216, 34.8, 35.629, 36.207, 35.78, 35.016, 34.678, 34.501, 34.459, 34.855, 36.188, 37.489, 37.493, 36.702, 36.086, 36.474, 37.282, 37.652, 37.15, 36.145, 35.62, 35.59, 35.797, 35.828, 35.798, 36.55, 37.865, 38.159, 37.549, 37.713, 38.493, 39.061, 39.466, 39.452, 39.142, 39.083, 38.358, 36.543, 35.342, 35.487, 34.804, 33.293, 32.949, 32.898, 33.319, 33.841, 34.084, 34.19, 34.38, 34.519, 33.955, 33.363, 34.599, 35.844, 36.308, 36.42, 36.54, 36.607, 36.655, 37.144, 37.223, 34.377], [34.748, 34.281, 33.524, 32.921, 31.95, 29.827, 28.314, 28.208, 26.982, 24.016, 22.409, 21.556, 17.655, 10.338, 4.604, 0.0, 5.098, 9.418, 11.273, 13.037, 15.617, 17.068, 18.096, 21.2, 24.437, 25.622, 26.375, 28.488, 30.631, 31.712, 32.176, 33.382, 34.788, 35.036, 35.238, 36.472, 37.767, 38.06, 38.167, 38.652, 39.089, 38.641, 37.485, 37.108, 37.495, 37.829, 37.69, 37.018, 35.938, 35.104, 34.464, 33.793, 34.279, 35.137, 35.029, 34.562, 34.368, 34.349, 34.354, 34.058, 33.327, 32.803, 32.75, 32.196, 31.495, 31.356, 31.348, 31.033, 30.433, 30.524, 31.073, 31.652, 32.383, 33.195, 33.872, 34.239, 34.548, 35.32, 36.346, 36.657, 36.609, 36.749, 36.911, 37.551, 38.315, 38.16, 37.628, 37.874, 37.833, 37.379, 37.352, 37.619, 37.327, 35.882, 33.854, 33.544, 33.918, 34.015, 34.034, 34.311, 34.626, 34.415, 34.331, 34.602, 35.007, 35.392, 35.124, 34.591, 34.392, 34.349, 34.546, 34.84, 34.774, 34.847, 35.069, 35.093, 35.489, 36.289, 36.394, 34.877, 32.199, 31.069, 31.492, 31.762, 32.312, 32.862, 32.569, 32.298, 32.493, 32.292, 31.67, 31.25, 31.385, 31.525, 31.48, 31.452, 32.222, 33.779, 34.714, 34.675, 34.252, 33.976, 33.627, 33.648, 34.121, 34.706, 35.539, 36.126, 35.702, 34.935, 34.589, 34.402, 34.36, 34.753, 36.074, 37.361, 37.36, 36.582, 35.965, 36.35, 37.171, 37.553, 37.058, 36.06, 35.537, 35.498, 35.695, 35.724, 35.698, 36.454, 37.769, 38.063, 37.447, 37.614, 38.408, 38.987, 39.404, 39.398, 39.082, 39.015, 38.294, 36.48, 35.267, 35.408, 34.736, 33.237, 32.889, 32.823, 33.25, 33.776, 34.013, 34.121, 34.299, 34.424, 33.861, 33.271, 34.523, 35.779, 36.22, 36.326, 36.463, 36.543, 36.596, 37.092, 37.173, 34.683], [35.18, 34.763, 34.061, 33.491, 32.585, 30.566, 29.068, 28.875, 27.62, 24.779, 23.346, 22.478, 18.529, 11.691, 7.958, 5.098, 0.0, 5.656, 8.472, 10.568, 13.375, 15.111, 16.458, 20.008, 23.589, 24.911, 25.757, 28.046, 30.33, 31.474, 31.965, 33.197, 34.625, 34.875, 35.091, 36.377, 37.721, 38.04, 38.153, 38.639, 39.079, 38.627, 37.461, 37.095, 37.49, 37.821, 37.669, 36.969, 35.839, 34.963, 34.32, 33.662, 34.172, 35.044, 34.93, 34.456, 34.257, 34.233, 34.227, 33.912, 33.148, 32.586, 32.5, 31.913, 31.191, 31.05, 31.049, 30.733, 30.131, 30.221, 30.788, 31.413, 32.196, 33.028, 33.706, 34.079, 34.4, 35.178, 36.205, 36.51, 36.46, 36.607, 36.774, 37.441, 38.248, 38.093, 37.537, 37.804, 37.79, 37.33, 37.3, 37.578, 37.277, 35.799, 33.692, 33.349, 33.744, 33.837, 33.843, 34.128, 34.464, 34.255, 34.172, 34.455, 34.875, 35.272, 35.008, 34.479, 34.275, 34.198, 34.378, 34.679, 34.603, 34.671, 34.916, 34.951, 35.363, 36.195, 36.312, 34.763, 32.033, 30.86, 31.266, 31.536, 32.109, 32.68, 32.37, 32.088, 32.298, 32.107, 31.47, 31.026, 31.159, 31.3, 31.247, 31.203, 32.016, 33.653, 34.619, 34.585, 34.145, 33.841, 33.477, 33.512, 34.018, 34.635, 35.496, 36.081, 35.634, 34.836, 34.446, 34.215, 34.154, 34.548, 35.884, 37.203, 37.208, 36.416, 35.794, 36.212, 37.095, 37.508, 36.99, 35.955, 35.408, 35.371, 35.578, 35.61, 35.588, 36.369, 37.715, 38.009, 37.398, 37.603, 38.421, 38.997, 39.406, 39.388, 39.062, 38.996, 38.261, 36.387, 35.128, 35.266, 34.585, 33.061, 32.717, 32.651, 33.067, 33.602, 33.853, 33.942, 34.102, 34.221, 33.637, 33.026, 34.327, 35.631, 36.056, 36.156, 36.319, 36.419, 36.479, 36.99, 37.066, 35.065], [35.647, 35.294, 34.662, 34.138, 33.301, 31.427, 30.051, 29.862, 28.628, 25.929, 24.621, 23.916, 20.399, 14.236, 10.968, 9.418, 5.656, 0.0, 4.278, 7.803, 11.108, 13.146, 15.103, 19.259, 23.15, 24.585, 25.524, 27.924, 30.269, 31.466, 32.051, 33.366, 34.827, 35.087, 35.318, 36.629, 37.978, 38.291, 38.397, 38.883, 39.323, 38.858, 37.665, 37.306, 37.713, 38.037, 37.874, 37.161, 35.999, 35.069, 34.404, 33.765, 34.294, 35.174, 35.069, 34.608, 34.407, 34.358, 34.338, 34.02, 33.246, 32.662, 32.537, 31.931, 31.215, 31.079, 31.089, 30.796, 30.205, 30.282, 30.841, 31.477, 32.268, 33.088, 33.754, 34.131, 34.458, 35.228, 36.233, 36.52, 36.469, 36.617, 36.765, 37.418, 38.232, 38.08, 37.51, 37.787, 37.796, 37.351, 37.336, 37.627, 37.323, 35.847, 33.767, 33.439, 33.843, 33.937, 33.95, 34.252, 34.607, 34.405, 34.316, 34.597, 35.018, 35.415, 35.165, 34.652, 34.43, 34.306, 34.45, 34.749, 34.67, 34.721, 34.962, 34.998, 35.4, 36.233, 36.359, 34.826, 32.16, 31.011, 31.381, 31.636, 32.197, 32.738, 32.399, 32.115, 32.346, 32.173, 31.546, 31.112, 31.253, 31.396, 31.343, 31.294, 32.127, 33.79, 34.763, 34.748, 34.32, 34.011, 33.649, 33.686, 34.205, 34.842, 35.709, 36.275, 35.826, 35.034, 34.625, 34.363, 34.288, 34.672, 36.001, 37.325, 37.334, 36.542, 35.937, 36.386, 37.282, 37.687, 37.156, 36.129, 35.591, 35.552, 35.749, 35.776, 35.746, 36.508, 37.836, 38.123, 37.522, 37.732, 38.537, 39.101, 39.486, 39.448, 39.122, 39.067, 38.337, 36.465, 35.21, 35.346, 34.672, 33.177, 32.875, 32.821, 33.206, 33.708, 33.947, 34.026, 34.192, 34.313, 33.719, 33.124, 34.437, 35.731, 36.136, 36.247, 36.43, 36.527, 36.586, 37.101, 37.172, 35.493], [35.892, 35.577, 35.001, 34.519, 33.727, 31.911, 30.588, 30.43, 29.229, 26.597, 25.325, 24.693, 21.474, 15.85, 12.656, 11.273, 8.472, 4.278, 0.0, 4.924, 9.354, 11.7, 13.84, 18.398, 22.561, 24.096, 25.095, 27.548, 29.908, 31.121, 31.771, 33.165, 34.682, 34.959, 35.19, 36.526, 37.908, 38.229, 38.335, 38.832, 39.288, 38.828, 37.625, 37.277, 37.733, 38.086, 37.916, 37.194, 36.032, 35.098, 34.431, 33.804, 34.344, 35.229, 35.139, 34.698, 34.51, 34.449, 34.411, 34.093, 33.324, 32.727, 32.582, 31.976, 31.275, 31.156, 31.179, 30.898, 30.296, 30.345, 30.901, 31.556, 32.366, 33.185, 33.837, 34.203, 34.53, 35.3, 36.302, 36.586, 36.534, 36.677, 36.81, 37.443, 38.254, 38.115, 37.552, 37.825, 37.837, 37.397, 37.384, 37.674, 37.365, 35.888, 33.83, 33.507, 33.91, 33.993, 33.997, 34.301, 34.663, 34.459, 34.373, 34.667, 35.096, 35.492, 35.248, 34.746, 34.526, 34.39, 34.518, 34.809, 34.727, 34.76, 34.984, 35.014, 35.417, 36.246, 36.369, 34.855, 32.226, 31.095, 31.47, 31.724, 32.27, 32.785, 32.437, 32.153, 32.378, 32.202, 31.579, 31.156, 31.302, 31.443, 31.391, 31.352, 32.203, 33.873, 34.834, 34.806, 34.385, 34.087, 33.727, 33.766, 34.291, 34.924, 35.775, 36.326, 35.877, 35.096, 34.684, 34.412, 34.324, 34.683, 35.988, 37.289, 37.299, 36.522, 35.922, 36.368, 37.263, 37.662, 37.127, 36.128, 35.609, 35.555, 35.736, 35.759, 35.732, 36.501, 37.832, 38.12, 37.524, 37.732, 38.531, 39.096, 39.48, 39.435, 39.108, 39.061, 38.343, 36.481, 35.223, 35.355, 34.679, 33.191, 32.907, 32.865, 33.246, 33.729, 33.959, 34.042, 34.201, 34.323, 33.73, 33.124, 34.421, 35.707, 36.106, 36.225, 36.422, 36.522, 36.588, 37.103, 37.171, 35.739], [36.163, 35.882, 35.352, 34.899, 34.155, 32.402, 31.095, 30.928, 29.769, 27.248, 26.049, 25.43, 22.372, 17.29, 14.496, 13.037, 10.568, 7.803, 4.924, 0.0, 5.671, 9.102, 11.752, 16.78, 21.403, 23.158, 24.269, 26.876, 29.335, 30.611, 31.343, 32.818, 34.373, 34.653, 34.887, 36.289, 37.751, 38.099, 38.206, 38.713, 39.196, 38.777, 37.595, 37.258, 37.757, 38.152, 37.98, 37.24, 36.069, 35.131, 34.464, 33.846, 34.38, 35.256, 35.179, 34.764, 34.61, 34.574, 34.534, 34.217, 33.455, 32.815, 32.609, 31.978, 31.29, 31.207, 31.276, 31.019, 30.387, 30.384, 30.937, 31.641, 32.494, 33.323, 33.965, 34.329, 34.66, 35.435, 36.443, 36.731, 36.674, 36.817, 36.956, 37.592, 38.401, 38.27, 37.726, 38.008, 38.027, 37.596, 37.587, 37.862, 37.535, 36.04, 33.955, 33.611, 34.011, 34.07, 34.052, 34.352, 34.702, 34.488, 34.414, 34.726, 35.166, 35.565, 35.322, 34.822, 34.586, 34.428, 34.561, 34.861, 34.773, 34.811, 35.062, 35.098, 35.513, 36.365, 36.51, 35.023, 32.399, 31.208, 31.552, 31.802, 32.331, 32.829, 32.486, 32.205, 32.417, 32.243, 31.633, 31.209, 31.361, 31.523, 31.473, 31.452, 32.4, 34.145, 35.071, 34.979, 34.533, 34.223, 33.852, 33.903, 34.44, 35.074, 35.922, 36.463, 36.001, 35.219, 34.803, 34.515, 34.406, 34.752, 36.042, 37.333, 37.351, 36.58, 35.933, 36.33, 37.23, 37.632, 37.071, 36.057, 35.533, 35.476, 35.665, 35.695, 35.671, 36.457, 37.816, 38.112, 37.516, 37.738, 38.548, 39.113, 39.492, 39.436, 39.105, 39.059, 38.336, 36.46, 35.197, 35.333, 34.644, 33.132, 32.839, 32.812, 33.194, 33.663, 33.892, 33.984, 34.133, 34.247, 33.658, 33.038, 34.327, 35.623, 36.015, 36.145, 36.364, 36.478, 36.554, 37.071, 37.135, 35.991], [36.481, 36.219, 35.728, 35.32, 34.636, 32.986, 31.748, 31.577, 30.469, 28.103, 27.015, 26.432, 23.577, 19.132, 16.884, 15.617, 13.375, 11.108, 9.354, 5.671, 0.0, 5.057, 9.71, 15.45, 20.373, 22.353, 23.636, 26.413, 28.997, 30.387, 31.245, 32.815, 34.396, 34.673, 34.916, 36.372, 37.887, 38.258, 38.361, 38.862, 39.354, 38.968, 37.816, 37.48, 37.967, 38.365, 38.197, 37.453, 36.265, 35.312, 34.659, 34.072, 34.598, 35.444, 35.367, 34.972, 34.849, 34.832, 34.779, 34.467, 33.725, 33.04, 32.754, 32.098, 31.431, 31.378, 31.474, 31.237, 30.608, 30.579, 31.115, 31.828, 32.681, 33.498, 34.134, 34.502, 34.835, 35.608, 36.614, 36.894, 36.83, 36.977, 37.135, 37.78, 38.583, 38.451, 37.91, 38.192, 38.231, 37.827, 37.826, 38.082, 37.73, 36.243, 34.182, 33.84, 34.236, 34.29, 34.289, 34.615, 34.964, 34.749, 34.689, 35.004, 35.437, 35.829, 35.597, 35.109, 34.837, 34.632, 34.76, 35.082, 35.011, 35.075, 35.35, 35.392, 35.816, 36.694, 36.871, 35.42, 32.831, 31.594, 31.882, 32.123, 32.611, 33.067, 32.718, 32.437, 32.645, 32.486, 31.905, 31.494, 31.646, 31.824, 31.774, 31.769, 32.803, 34.588, 35.447, 35.286, 34.83, 34.508, 34.125, 34.195, 34.736, 35.362, 36.211, 36.748, 36.283, 35.508, 35.09, 34.795, 34.676, 35.02, 36.308, 37.606, 37.646, 36.89, 36.203, 36.56, 37.454, 37.839, 37.247, 36.225, 35.7, 35.666, 35.874, 35.899, 35.868, 36.643, 37.993, 38.294, 37.699, 37.914, 38.72, 39.281, 39.644, 39.567, 39.236, 39.195, 38.471, 36.6, 35.358, 35.493, 34.802, 33.297, 32.992, 32.96, 33.309, 33.751, 33.98, 34.099, 34.269, 34.387, 33.803, 33.187, 34.457, 35.738, 36.107, 36.241, 36.468, 36.584, 36.676, 37.197, 37.253, 36.277], [36.596, 36.341, 35.865, 35.482, 34.836, 33.236, 32.058, 31.929, 30.858, 28.57, 27.551, 26.983, 24.243, 20.176, 18.226, 17.068, 15.111, 13.146, 11.7, 9.102, 5.057, 0.0, 6.707, 13.743, 19.102, 21.243, 22.713, 25.7, 28.426, 29.911, 30.875, 32.567, 34.228, 34.527, 34.795, 36.293, 37.836, 38.229, 38.338, 38.837, 39.328, 38.938, 37.775, 37.434, 37.915, 38.32, 38.168, 37.435, 36.253, 35.302, 34.664, 34.096, 34.621, 35.446, 35.353, 34.964, 34.859, 34.85, 34.794, 34.482, 33.744, 33.081, 32.819, 32.171, 31.498, 31.431, 31.506, 31.258, 30.637, 30.608, 31.146, 31.865, 32.71, 33.513, 34.148, 34.516, 34.85, 35.628, 36.627, 36.894, 36.826, 36.979, 37.148, 37.8, 38.598, 38.458, 37.904, 38.17, 38.217, 37.822, 37.822, 38.075, 37.719, 36.247, 34.207, 33.878, 34.276, 34.339, 34.365, 34.72, 35.081, 34.872, 34.82, 35.14, 35.567, 35.95, 35.729, 35.255, 34.978, 34.772, 34.904, 35.233, 35.177, 35.235, 35.487, 35.533, 35.968, 36.847, 37.024, 35.591, 33.011, 31.747, 32.022, 32.255, 32.725, 33.163, 32.809, 32.53, 32.736, 32.582, 32.022, 31.622, 31.767, 31.952, 31.903, 31.89, 32.929, 34.704, 35.528, 35.331, 34.872, 34.562, 34.188, 34.27, 34.813, 35.437, 36.292, 36.833, 36.37, 35.597, 35.188, 34.902, 34.777, 35.106, 36.386, 37.689, 37.736, 36.991, 36.296, 36.635, 37.519, 37.897, 37.301, 36.277, 35.749, 35.729, 35.95, 35.978, 35.949, 36.727, 38.069, 38.372, 37.786, 37.99, 38.792, 39.363, 39.728, 39.646, 39.317, 39.286, 38.571, 36.713, 35.469, 35.59, 34.9, 33.409, 33.098, 33.039, 33.361, 33.792, 34.023, 34.175, 34.377, 34.506, 33.927, 33.317, 34.554, 35.812, 36.169, 36.302, 36.538, 36.65, 36.753, 37.279, 37.328, 36.394], [36.525, 36.284, 35.856, 35.514, 34.897, 33.314, 32.16, 32.053, 30.996, 28.762, 27.784, 27.182, 24.513, 20.825, 19.212, 18.096, 16.458, 15.103, 13.84, 11.752, 9.71, 6.707, 0.0, 8.559, 15.316, 17.986, 19.607, 23.046, 26.192, 27.886, 29.098, 31.166, 33.063, 33.412, 33.742, 35.368, 37.005, 37.448, 37.61, 38.146, 38.653, 38.262, 37.104, 36.802, 37.345, 37.793, 37.655, 36.957, 35.843, 34.952, 34.322, 33.721, 34.263, 35.144, 35.071, 34.682, 34.598, 34.626, 34.602, 34.284, 33.516, 32.889, 32.698, 32.056, 31.338, 31.228, 31.273, 31.022, 30.401, 30.327, 30.857, 31.643, 32.529, 33.328, 33.976, 34.361, 34.714, 35.529, 36.568, 36.849, 36.779, 36.933, 37.123, 37.807, 38.616, 38.45, 37.874, 38.147, 38.2, 37.791, 37.782, 38.045, 37.696, 36.204, 34.115, 33.785, 34.19, 34.225, 34.211, 34.541, 34.889, 34.663, 34.605, 34.929, 35.353, 35.736, 35.512, 35.026, 34.736, 34.538, 34.689, 35.017, 34.948, 34.991, 35.251, 35.324, 35.782, 36.658, 36.835, 35.398, 32.752, 31.422, 31.695, 31.923, 32.422, 32.899, 32.562, 32.281, 32.492, 32.347, 31.778, 31.33, 31.454, 31.68, 31.656, 31.59, 32.608, 34.435, 35.307, 35.13, 34.675, 34.364, 33.981, 34.058, 34.597, 35.226, 36.111, 36.666, 36.18, 35.382, 34.964, 34.664, 34.521, 34.843, 36.14, 37.479, 37.535, 36.77, 36.045, 36.387, 37.288, 37.684, 37.09, 36.038, 35.491, 35.459, 35.666, 35.693, 35.673, 36.482, 37.854, 38.16, 37.579, 37.818, 38.656, 39.249, 39.647, 39.579, 39.238, 39.215, 38.521, 36.66, 35.398, 35.506, 34.81, 33.328, 33.023, 32.927, 33.201, 33.614, 33.847, 34.002, 34.206, 34.345, 33.767, 33.135, 34.364, 35.639, 36.004, 36.118, 36.36, 36.472, 36.563, 37.094, 37.145, 36.333], [36.816, 36.6, 36.266, 36.012, 35.47, 34.009, 32.924, 32.781, 31.793, 29.803, 28.947, 28.348, 26.024, 23.227, 22.148, 21.2, 20.008, 19.259, 18.398, 16.78, 15.45, 13.743, 8.559, 0.0, 8.335, 12.48, 14.602, 18.423, 22.124, 24.285, 26.144, 28.997, 31.271, 31.693, 32.102, 33.857, 35.579, 36.094, 36.371, 36.975, 37.497, 37.161, 36.156, 36.039, 36.73, 37.235, 37.102, 36.501, 35.611, 34.943, 34.418, 33.833, 34.382, 35.332, 35.323, 34.966, 34.921, 34.998, 35.006, 34.71, 33.949, 33.34, 33.178, 32.575, 31.885, 31.748, 31.734, 31.481, 30.877, 30.709, 31.134, 31.922, 32.782, 33.525, 34.163, 34.554, 34.903, 35.718, 36.791, 37.114, 37.041, 37.187, 37.403, 38.091, 38.867, 38.669, 38.095, 38.384, 38.452, 38.056, 38.045, 38.299, 37.966, 36.522, 34.534, 34.263, 34.664, 34.653, 34.583, 34.861, 35.18, 34.951, 34.885, 35.192, 35.595, 35.963, 35.762, 35.297, 34.972, 34.717, 34.84, 35.154, 35.097, 35.16, 35.447, 35.535, 35.988, 36.859, 37.045, 35.648, 33.101, 31.767, 32.002, 32.236, 32.742, 33.232, 32.928, 32.644, 32.862, 32.762, 32.207, 31.732, 31.833, 32.075, 32.073, 31.957, 32.882, 34.66, 35.523, 35.381, 34.962, 34.664, 34.291, 34.359, 34.837, 35.384, 36.212, 36.747, 36.257, 35.475, 35.068, 34.77, 34.623, 34.938, 36.199, 37.514, 37.599, 36.858, 36.12, 36.455, 37.336, 37.72, 37.169, 36.166, 35.626, 35.571, 35.744, 35.752, 35.718, 36.5, 37.849, 38.181, 37.64, 37.898, 38.747, 39.341, 39.753, 39.708, 39.363, 39.335, 38.691, 36.907, 35.676, 35.769, 35.145, 33.793, 33.512, 33.38, 33.577, 33.94, 34.167, 34.31, 34.481, 34.626, 34.089, 33.463, 34.613, 35.847, 36.18, 36.234, 36.464, 36.55, 36.619, 37.139, 37.194, 36.631], [37.375, 37.185, 36.891, 36.674, 36.213, 34.911, 33.923, 33.766, 32.878, 31.155, 30.453, 29.942, 28.021, 25.975, 25.222, 24.437, 23.589, 23.15, 22.561, 21.403, 20.373, 19.102, 15.316, 8.335, 0.0, 6.076, 10.185, 14.443, 18.153, 20.68, 23.382, 27.138, 29.825, 30.339, 30.808, 32.654, 34.443, 35.029, 35.412, 36.096, 36.651, 36.389, 35.578, 35.649, 36.425, 36.938, 36.82, 36.322, 35.637, 35.207, 34.866, 34.376, 34.901, 35.842, 35.86, 35.523, 35.491, 35.579, 35.59, 35.319, 34.608, 34.051, 33.924, 33.392, 32.787, 32.657, 32.6, 32.343, 31.777, 31.579, 31.922, 32.644, 33.4, 34.033, 34.623, 34.998, 35.311, 36.058, 37.098, 37.447, 37.378, 37.503, 37.713, 38.346, 39.05, 38.85, 38.295, 38.563, 38.63, 38.264, 38.256, 38.498, 38.19, 36.855, 35.121, 34.967, 35.343, 35.326, 35.278, 35.538, 35.821, 35.594, 35.521, 35.8, 36.172, 36.521, 36.347, 35.916, 35.581, 35.288, 35.367, 35.658, 35.619, 35.687, 35.954, 36.012, 36.424, 37.262, 37.435, 36.112, 33.856, 32.673, 32.876, 33.112, 33.613, 34.086, 33.82, 33.537, 33.739, 33.679, 33.173, 32.725, 32.808, 33.038, 33.044, 32.896, 33.677, 35.311, 3