[[0.0, 9.435, 13.203, 15.485, 22.171, 30.078, 34.743, 36.259, 36.62, 37.029, 38.266, 39.7, 40.154, 40.3, 41.049, 41.566, 42.22, 42.906, 43.098, 43.895, 43.864, 42.396, 42.153, 42.697, 42.591, 42.719, 43.079, 45.214, 45.927, 45.724, 45.846, 45.554, 45.018, 44.613, 44.64, 44.818, 43.968, 45.696, 49.17, 49.365, 48.176, 48.06, 47.686, 46.044, 48.408, 50.776, 50.293, 49.529, 49.579, 49.635, 49.59, 49.567, 49.632, 49.966, 49.869, 49.473, 49.363, 49.404, 48.892, 48.559, 49.069, 50.6, 52.046, 52.74, 55.255, 57.299, 56.837, 56.368, 55.964, 51.839, 47.507, 48.435, 52.382, 56.206, 57.258, 57.388, 58.358, 59.068, 59.144, 59.476, 60.345, 61.379, 61.784, 61.835, 61.54, 59.959, 57.401, 56.368, 57.767, 57.287, 55.969, 56.059, 53.984, 52.074, 51.989, 53.266, 54.442, 54.033, 53.36, 53.749, 54.189, 54.247, 54.238, 54.079, 53.773, 53.516, 53.413, 53.146, 52.552, 51.995, 51.6, 51.298, 51.017, 50.801, 50.651, 50.514, 50.753, 51.585, 52.204, 53.178, 55.007, 55.016, 50.996, 48.749, 50.065, 53.012, 53.529, 53.953, 53.907, 53.714, 54.294, 55.192, 55.173, 53.014, 51.034, 55.344, 62.638, 67.986, 69.946, 69.017, 67.929, 67.058, 66.552, 66.833, 66.74, 13.815], [9.435, 0.0, 5.316, 9.865, 18.203, 26.845, 31.989, 33.678, 34.094, 34.569, 35.948, 37.574, 38.095, 38.304, 39.227, 39.802, 40.471, 41.205, 41.451, 42.393, 42.39, 40.819, 40.712, 41.45, 41.394, 41.75, 42.792, 45.396, 46.168, 45.973, 46.122, 45.815, 45.231, 44.808, 44.826, 44.978, 44.187, 46.16, 49.654, 49.784, 48.607, 48.529, 48.15, 46.593, 49.075, 51.426, 50.925, 50.167, 50.218, 50.273, 50.231, 50.263, 50.418, 50.791, 50.669, 50.265, 50.167, 50.237, 49.756, 49.429, 50.0, 51.612, 53.064, 53.789, 56.388, 58.444, 57.962, 57.415, 56.92, 52.703, 48.216, 49.13, 53.089, 56.867, 57.879, 58.005, 58.947, 59.622, 59.69, 60.047, 60.952, 62.018, 62.439, 62.496, 62.188, 60.592, 57.998, 56.863, 58.156, 57.555, 56.238, 56.321, 54.145, 52.116, 52.128, 53.449, 54.547, 54.026, 53.261, 53.621, 54.051, 54.078, 54.037, 53.868, 53.561, 53.301, 53.193, 52.907, 52.319, 51.785, 51.383, 51.056, 50.766, 50.546, 50.397, 50.269, 50.51, 51.357, 52.042, 53.102, 54.844, 54.826, 50.854, 48.745, 50.165, 53.204, 53.765, 54.198, 54.162, 53.969, 54.583, 55.512, 55.536, 53.447, 51.495, 55.703, 63.078, 68.491, 70.484, 69.577, 68.483, 67.597, 67.087, 67.377, 67.281, 21.321], [13.203, 5.316, 0.0, 6.68, 16.617, 25.856, 31.234, 33.008, 33.471, 33.975, 35.406, 37.116, 37.688, 37.973, 38.952, 39.545, 40.232, 40.971, 41.208, 42.184, 42.205, 40.632, 40.568, 41.401, 41.408, 41.794, 43.005, 45.663, 46.433, 46.247, 46.401, 46.088, 45.496, 45.068, 45.083, 45.24, 44.492, 46.463, 49.889, 50.009, 48.844, 48.759, 48.385, 46.873, 49.351, 51.672, 51.177, 50.431, 50.486, 50.537, 50.483, 50.507, 50.647, 51.004, 50.882, 50.484, 50.387, 50.464, 50.008, 49.713, 50.304, 51.919, 53.366, 54.094, 56.654, 58.681, 58.214, 57.665, 57.144, 52.928, 48.484, 49.403, 53.291, 56.998, 57.978, 58.101, 59.048, 59.734, 59.81, 60.172, 61.075, 62.145, 62.575, 62.633, 62.321, 60.723, 58.138, 57.007, 58.253, 57.63, 56.352, 56.415, 54.209, 52.194, 52.224, 53.548, 54.622, 54.071, 53.289, 53.637, 54.057, 54.078, 54.031, 53.859, 53.552, 53.291, 53.183, 52.895, 52.324, 51.814, 51.425, 51.103, 50.822, 50.606, 50.459, 50.347, 50.611, 51.462, 52.16, 53.201, 54.878, 54.857, 50.958, 48.929, 50.36, 53.379, 53.943, 54.372, 54.346, 54.153, 54.765, 55.691, 55.735, 53.683, 51.703, 55.819, 63.114, 68.474, 70.444, 69.538, 68.45, 67.569, 67.064, 67.354, 67.263, 23.557], [15.485, 9.865, 6.68, 0.0, 11.278, 22.118, 28.547, 30.724, 31.224, 31.718, 33.29, 35.209, 35.91, 36.395, 37.646, 38.385, 39.11, 39.891, 40.208, 41.317, 41.455, 39.924, 39.841, 40.769, 40.919, 41.325, 42.818, 45.698, 46.499, 46.316, 46.493, 46.172, 45.54, 45.089, 45.111, 45.262, 44.501, 46.571, 50.033, 50.176, 49.032, 48.93, 48.555, 47.069, 49.567, 51.885, 51.385, 50.628, 50.689, 50.754, 50.699, 50.728, 50.864, 51.187, 51.026, 50.614, 50.521, 50.616, 50.2, 49.972, 50.637, 52.291, 53.745, 54.44, 56.947, 58.956, 58.503, 57.978, 57.479, 53.24, 48.693, 49.591, 53.573, 57.246, 58.195, 58.32, 59.242, 59.898, 59.969, 60.345, 61.263, 62.362, 62.812, 62.881, 62.592, 61.02, 58.411, 57.219, 58.411, 57.705, 56.472, 56.468, 54.14, 52.131, 52.175, 53.483, 54.567, 54.069, 53.353, 53.738, 54.159, 54.179, 54.127, 53.951, 53.642, 53.382, 53.275, 52.961, 52.348, 51.819, 51.433, 51.117, 50.83, 50.611, 50.47, 50.351, 50.625, 51.522, 52.178, 53.241, 55.04, 55.031, 51.1, 49.111, 50.566, 53.601, 54.179, 54.588, 54.559, 54.369, 54.937, 55.824, 55.872, 53.756, 51.616, 55.833, 63.26, 68.607, 70.575, 69.686, 68.611, 67.734, 67.223, 67.514, 67.441, 25.058], [22.171, 18.203, 16.617, 11.278, 0.0, 12.837, 21.486, 24.955, 25.854, 26.319, 28.114, 30.492, 31.539, 32.575, 34.494, 35.603, 36.4, 37.205, 37.667, 39.136, 39.622, 38.331, 38.322, 39.366, 39.734, 40.234, 42.374, 45.716, 46.558, 46.372, 46.606, 46.315, 45.663, 45.207, 45.237, 45.343, 44.557, 46.999, 50.574, 50.732, 49.718, 49.68, 49.292, 47.928, 50.487, 52.73, 52.209, 51.467, 51.541, 51.634, 51.601, 51.704, 51.967, 52.308, 52.066, 51.623, 51.547, 51.682, 51.325, 51.183, 52.013, 53.797, 55.236, 55.823, 58.246, 60.216, 59.751, 59.203, 58.7, 54.391, 49.626, 50.511, 54.644, 58.151, 58.992, 59.147, 60.013, 60.57, 60.604, 60.999, 61.952, 63.076, 63.53, 63.616, 63.364, 61.828, 59.139, 57.749, 58.827, 57.921, 56.728, 56.701, 54.162, 52.102, 52.246, 53.562, 54.64, 54.225, 53.633, 54.082, 54.508, 54.522, 54.456, 54.267, 53.948, 53.677, 53.563, 53.187, 52.464, 51.878, 51.484, 51.169, 50.873, 50.648, 50.513, 50.361, 50.577, 51.499, 52.075, 53.251, 55.217, 55.194, 51.184, 49.344, 50.893, 53.984, 54.625, 55.023, 55.0, 54.824, 55.362, 56.218, 56.289, 54.137, 51.839, 56.211, 63.904, 69.303, 71.318, 70.471, 69.404, 68.528, 68.014, 68.32, 68.266, 30.279], [30.078, 26.845, 25.856, 22.118, 12.837, 0.0, 10.706, 16.634, 19.158, 19.811, 21.504, 24.335, 25.948, 27.725, 30.502, 32.177, 33.14, 33.902, 34.301, 36.027, 37.002, 36.273, 36.476, 37.588, 38.168, 38.785, 41.581, 45.312, 46.145, 45.954, 46.273, 46.069, 45.455, 45.019, 45.012, 45.03, 44.395, 47.324, 50.98, 51.097, 50.227, 50.338, 49.943, 48.65, 51.212, 53.312, 52.779, 52.108, 52.2, 52.299, 52.285, 52.508, 52.991, 53.411, 53.105, 52.646, 52.592, 52.763, 52.448, 52.352, 53.364, 55.335, 56.79, 57.343, 59.768, 61.716, 61.201, 60.512, 59.887, 55.464, 50.614, 51.581, 55.808, 59.102, 59.826, 60.032, 60.839, 61.268, 61.253, 61.663, 62.633, 63.736, 64.162, 64.272, 64.069, 62.527, 59.642, 57.903, 58.808, 57.712, 56.581, 56.682, 53.964, 51.831, 52.162, 53.528, 54.571, 54.194, 53.682, 54.171, 54.612, 54.623, 54.534, 54.323, 53.987, 53.701, 53.571, 53.114, 52.258, 51.597, 51.175, 50.853, 50.555, 50.325, 50.184, 49.999, 50.119, 50.961, 51.43, 52.749, 54.728, 54.612, 50.546, 48.906, 50.625, 53.807, 54.536, 54.944, 54.928, 54.78, 55.349, 56.214, 56.312, 54.222, 51.982, 56.47, 64.426, 69.977, 72.074, 71.245, 70.162, 69.286, 68.799, 69.134, 69.086, 36.484], [34.743, 31.989, 31.234, 28.547, 21.486, 10.706, 0.0, 8.251, 13.399, 14.753, 15.809, 18.678, 20.87, 23.288, 26.787, 29.06, 30.334, 31.168, 31.38, 33.087, 34.406, 34.244, 34.727, 35.871, 36.583, 37.323, 40.47, 44.387, 45.198, 44.994, 45.39, 45.279, 44.732, 44.336, 44.273, 44.217, 43.792, 47.002, 50.651, 50.704, 49.908, 50.147, 49.754, 48.442, 51.011, 53.014, 52.476, 51.895, 52.006, 52.093, 52.089, 52.408, 53.073, 53.568, 53.231, 52.774, 52.739, 52.932, 52.627, 52.512, 53.603, 55.696, 57.202, 57.824, 60.344, 62.33, 61.741, 60.877, 60.107, 55.531, 50.622, 51.733, 56.094, 59.313, 59.97, 60.205, 60.985, 61.353, 61.319, 61.742, 62.718, 63.792, 64.195, 64.33, 64.157, 62.572, 59.474, 57.436, 58.256, 57.086, 55.957, 56.126, 53.272, 51.069, 51.528, 52.96, 54.008, 53.611, 53.088, 53.598, 54.062, 54.073, 53.97, 53.742, 53.393, 53.098, 52.951, 52.432, 51.484, 50.763, 50.307, 49.978, 49.69, 49.463, 49.309, 49.1, 49.214, 49.974, 50.331, 51.781, 53.734, 53.515, 49.43, 47.905, 49.782, 53.051, 53.846, 54.252, 54.22, 54.081, 54.671, 55.546, 55.666, 53.621, 51.469, 56.055, 64.147, 69.814, 71.968, 71.135, 70.035, 69.17, 68.715, 69.074, 69.041, 40.003], [36.259, 33.678, 33.008, 30.724, 24.955, 16.634, 8.251, 0.0, 6.856, 9.336, 10.395, 13.431, 16.131, 19.355, 23.68, 26.501, 28.115, 29.277, 29.927, 31.844, 33.12, 33.0, 33.6, 34.758, 35.535, 36.435, 39.639, 43.578, 44.415, 44.219, 44.66, 44.619, 44.139, 43.796, 43.736, 43.684, 43.335, 46.455, 50.013, 50.031, 49.23, 49.496, 49.096, 47.717, 50.303, 52.284, 51.755, 51.248, 51.372, 51.473, 51.544, 51.944, 52.699, 53.263, 52.94, 52.479, 52.447, 52.646, 52.324, 52.157, 53.208, 55.281, 56.809, 57.521, 60.15, 62.195, 61.576, 60.64, 59.818, 55.2, 50.284, 51.414, 55.747, 58.961, 59.625, 59.873, 60.673, 61.062, 61.045, 61.478, 62.457, 63.53, 63.941, 64.083, 63.895, 62.268, 59.058, 56.91, 57.766, 56.64, 55.581, 55.861, 52.985, 50.697, 51.141, 52.61, 53.677, 53.25, 52.698, 53.21, 53.689, 53.702, 53.596, 53.368, 53.022, 52.73, 52.578, 52.045, 51.078, 50.339, 49.871, 49.542, 49.263, 49.037, 48.874, 48.676, 48.823, 49.474, 49.678, 51.162, 53.163, 52.935, 48.943, 47.534, 49.476, 52.758, 53.547, 53.946, 53.886, 53.726, 54.319, 55.205, 55.338, 53.29, 51.156, 55.843, 63.886, 69.463, 71.578, 70.739, 69.646, 68.792, 68.342, 68.692, 68.662, 41.181], [36.62, 34.094, 33.471, 31.224, 25.854, 19.158, 13.399, 6.856, 0.0, 3.812, 7.057, 11.062, 13.804, 17.561, 22.518, 25.602, 27.341, 28.791, 30.222, 32.618, 33.775, 33.404, 33.945, 35.111, 35.915, 36.954, 40.059, 43.877, 44.759, 44.599, 45.048, 45.036, 44.605, 44.308, 44.306, 44.319, 43.933, 46.648, 49.983, 50.026, 49.222, 49.434, 49.028, 47.585, 50.075, 52.043, 51.555, 51.1, 51.226, 51.337, 51.468, 51.875, 52.586, 53.159, 52.871, 52.411, 52.365, 52.551, 52.226, 52.04, 52.982, 54.903, 56.384, 57.125, 59.74, 61.776, 61.188, 60.328, 59.584, 55.16, 50.476, 51.501, 55.585, 58.727, 59.406, 59.659, 60.488, 60.912, 60.909, 61.336, 62.299, 63.368, 63.792, 63.927, 63.722, 62.123, 59.001, 56.95, 57.826, 56.768, 55.826, 56.237, 53.531, 51.25, 51.598, 53.045, 54.102, 53.685, 53.147, 53.637, 54.11, 54.136, 54.037, 53.823, 53.495, 53.217, 53.072, 52.564, 51.636, 50.929, 50.488, 50.167, 49.889, 49.664, 49.506, 49.337, 49.462, 49.971, 50.083, 51.504, 53.511, 53.317, 49.467, 48.14, 49.963, 53.135, 53.86, 54.239, 54.159, 53.972, 54.531, 55.399, 55.52, 53.504, 51.492, 56.244, 64.057, 69.374, 71.395, 70.573, 69.518, 68.676, 68.218, 68.548, 68.524, 41.524], [37.029, 34.569, 33.975, 31.718, 26.319, 19.811, 14.753, 9.336, 3.812, 0.0, 5.1, 10.175, 13.03, 16.804, 22.009, 25.209, 26.932, 28.443, 30.161, 32.847, 34.12, 33.767, 34.322, 35.51, 36.336, 37.463, 40.591, 44.325, 45.205, 45.064, 45.502, 45.489, 45.07, 44.793, 44.822, 44.867, 44.476, 47.03, 50.234, 50.295, 49.52, 49.706, 49.3, 47.847, 50.251, 52.2, 51.749, 51.319, 51.445, 51.547, 51.67, 52.055, 52.734, 53.295, 53.015, 52.557, 52.502, 52.674, 52.352, 52.157, 53.041, 54.884, 56.342, 57.119, 59.743, 61.77, 61.203, 60.395, 59.708, 55.419, 50.895, 51.869, 55.807, 58.856, 59.518, 59.769, 60.591, 61.007, 60.996, 61.416, 62.361, 63.413, 63.831, 63.96, 63.751, 62.17, 59.101, 57.101, 57.961, 56.897, 56.003, 56.459, 53.832, 51.611, 51.953, 53.372, 54.408, 54.017, 53.509, 53.996, 54.469, 54.501, 54.404, 54.194, 53.875, 53.605, 53.464, 52.956, 52.034, 51.346, 50.922, 50.601, 50.316, 50.088, 49.938, 49.781, 49.884, 50.34, 50.457, 51.887, 53.848, 53.631, 49.834, 48.578, 50.338, 53.44, 54.15, 54.531, 54.446, 54.242, 54.761, 55.606, 55.721, 53.723, 51.756, 56.46, 64.106, 69.29, 71.273, 70.465, 69.43, 68.596, 68.137, 68.46, 68.441, 41.854], [38.266, 35.948, 35.406, 33.29, 28.114, 21.504, 15.809, 10.395, 7.057, 5.1, 0.0, 6.056, 9.909, 14.334, 20.161, 23.774, 25.563, 27.099, 28.842, 31.617, 33.105, 33.02, 33.665, 34.859, 35.744, 36.911, 40.305, 44.188, 45.07, 44.917, 45.352, 45.325, 44.889, 44.608, 44.619, 44.63, 44.225, 46.89, 50.137, 50.167, 49.396, 49.611, 49.204, 47.77, 50.26, 52.209, 51.763, 51.38, 51.521, 51.621, 51.757, 52.205, 52.991, 53.599, 53.298, 52.83, 52.777, 52.949, 52.616, 52.395, 53.312, 55.219, 56.734, 57.621, 60.386, 62.457, 61.855, 60.988, 60.264, 55.887, 51.239, 52.24, 56.274, 59.323, 59.978, 60.233, 61.028, 61.406, 61.383, 61.808, 62.754, 63.8, 64.216, 64.352, 64.131, 62.483, 59.26, 57.096, 57.953, 56.86, 55.933, 56.464, 53.752, 51.487, 51.902, 53.331, 54.361, 53.977, 53.483, 53.992, 54.478, 54.502, 54.39, 54.169, 53.844, 53.573, 53.426, 52.879, 51.889, 51.155, 50.705, 50.372, 50.078, 49.841, 49.682, 49.513, 49.638, 50.124, 50.211, 51.718, 53.705, 53.406, 49.562, 48.379, 50.268, 53.465, 54.23, 54.64, 54.551, 54.338, 54.866, 55.719, 55.838, 53.807, 51.732, 56.42, 64.191, 69.456, 71.462, 70.649, 69.605, 68.778, 68.335, 68.667, 68.64, 42.844], [39.7, 37.574, 37.116, 35.209, 30.492, 24.335, 18.678, 13.431, 11.062, 10.175, 6.056, 0.0, 5.254, 11.803, 18.755, 22.858, 24.75, 26.248, 27.919, 30.615, 32.17, 32.321, 33.008, 34.198, 35.142, 36.229, 39.857, 43.944, 44.862, 44.696, 45.128, 45.089, 44.627, 44.33, 44.32, 44.285, 43.8, 46.515, 49.842, 49.843, 49.05, 49.294, 48.892, 47.465, 50.059, 52.01, 51.553, 51.216, 51.378, 51.473, 51.632, 52.153, 53.045, 53.702, 53.38, 52.895, 52.845, 53.029, 52.699, 52.483, 53.465, 55.447, 57.013, 57.982, 60.847, 62.94, 62.291, 61.359, 60.594, 56.13, 51.383, 52.44, 56.618, 59.708, 60.359, 60.613, 61.399, 61.764, 61.742, 62.169, 63.114, 64.167, 64.597, 64.748, 64.522, 62.829, 59.463, 57.105, 57.93, 56.854, 55.859, 56.492, 53.752, 51.364, 51.789, 53.258, 54.315, 53.919, 53.399, 53.904, 54.39, 54.403, 54.278, 54.049, 53.716, 53.439, 53.291, 52.723, 51.683, 50.905, 50.425, 50.081, 49.787, 49.55, 49.377, 49.191, 49.353, 49.87, 49.901, 51.454, 53.515, 53.147, 49.228, 48.052, 50.046, 53.34, 54.137, 54.556, 54.452, 54.239, 54.785, 55.646, 55.769, 53.73, 51.616, 56.395, 64.387, 69.769, 71.808, 70.992, 69.942, 69.126, 68.702, 69.045, 69.014, 43.959], [40.154, 38.095, 37.688, 35.91, 31.539, 25.948, 20.87, 16.131, 13.804, 13.03, 9.909, 5.254, 0.0, 8.747, 17.26, 21.994, 24.003, 25.471, 27.218, 29.998, 31.601, 31.816, 32.528, 33.791, 34.785, 35.899, 39.797, 43.988, 44.92, 44.747, 45.161, 45.089, 44.596, 44.291, 44.28, 44.23, 43.658, 46.247, 49.567, 49.581, 48.781, 49.013, 48.615, 47.19, 49.774, 51.737, 51.285, 50.954, 51.125, 51.207, 51.358, 51.892, 52.786, 53.434, 53.107, 52.614, 52.558, 52.747, 52.407, 52.172, 53.163, 55.147, 56.734, 57.776, 60.707, 62.789, 62.131, 61.195, 60.426, 56.025, 51.359, 52.418, 56.605, 59.694, 60.339, 60.58, 61.36, 61.741, 61.736, 62.162, 63.103, 64.167, 64.615, 64.775, 64.545, 62.85, 59.468, 57.067, 57.854, 56.8, 55.748, 56.432, 53.816, 51.389, 51.75, 53.251, 54.351, 53.941, 53.377, 53.857, 54.338, 54.345, 54.211, 53.981, 53.65, 53.375, 53.231, 52.669, 51.632, 50.853, 50.368, 50.021, 49.733, 49.504, 49.326, 49.14, 49.324, 49.812, 49.797, 51.357, 53.48, 53.103, 49.177, 48.006, 49.992, 53.293, 54.088, 54.52, 54.417, 54.208, 54.755, 55.581, 55.68, 53.661, 51.565, 56.331, 64.337, 69.714, 71.747, 70.935, 69.894, 69.092, 68.679, 69.021, 68.986, 44.259], [40.3, 38.304, 37.973, 36.395, 32.575, 27.725, 23.288, 19.355, 17.561, 16.804, 14.334, 11.803, 8.747, 0.0, 10.572, 17.12, 19.83, 21.553, 23.866, 27.307, 29.266, 29.647, 30.48, 31.918, 33.092, 34.566, 39.18, 43.707, 44.657, 44.449, 44.828, 44.67, 44.098, 43.784, 43.778, 43.724, 43.207, 45.897, 49.285, 49.35, 48.603, 48.846, 48.443, 46.981, 49.49, 51.492, 51.059, 50.72, 50.897, 50.971, 51.124, 51.675, 52.58, 53.229, 52.899, 52.391, 52.317, 52.487, 52.059, 51.691, 52.636, 54.638, 56.269, 57.462, 60.623, 62.745, 62.052, 61.081, 60.281, 55.84, 51.02, 52.012, 56.249, 59.433, 60.141, 60.343, 61.069, 61.436, 61.452, 61.907, 62.895, 64.023, 64.494, 64.659, 64.436, 62.729, 59.222, 56.638, 57.378, 56.348, 55.478, 56.312, 53.731, 51.324, 51.708, 53.22, 54.336, 53.937, 53.365, 53.851, 54.341, 54.334, 54.173, 53.929, 53.597, 53.327, 53.183, 52.592, 51.497, 50.661, 50.143, 49.787, 49.49, 49.246, 49.064, 48.865, 49.031, 49.459, 49.279, 50.778, 52.999, 52.586, 48.678, 47.727, 49.971, 53.411, 54.242, 54.731, 54.642, 54.428, 54.999, 55.805, 55.886, 53.827, 51.526, 56.163, 64.138, 69.454, 71.445, 70.62, 69.565, 68.747, 68.33, 68.669, 68.608, 44.291], [41.049, 39.227, 38.952, 37.646, 34.494, 30.502, 26.787, 23.68, 22.518, 22.009, 20.161, 18.755, 17.26, 10.572, 0.0, 8.509, 12.873, 15.327, 18.757, 23.577, 26.112, 26.692, 27.711, 29.329, 30.757, 32.87, 38.415, 43.374, 44.411, 44.186, 44.521, 44.301, 43.695, 43.4, 43.413, 43.38, 42.904, 45.512, 48.792, 48.904, 48.302, 48.586, 48.186, 46.809, 49.345, 51.379, 50.98, 50.654, 50.833, 50.932, 51.139, 51.71, 52.586, 53.224, 52.908, 52.392, 52.294, 52.43, 51.932, 51.493, 52.417, 54.424, 56.077, 57.362, 60.547, 62.65, 61.946, 61.012, 60.206, 55.699, 50.771, 51.704, 55.92, 59.192, 59.956, 60.118, 60.818, 61.177, 61.2, 61.67, 62.691, 63.846, 64.315, 64.483, 64.271, 62.584, 59.035, 56.334, 57.06, 55.995, 55.247, 56.231, 53.624, 51.22, 51.618, 53.103, 54.199, 53.82, 53.296, 53.806, 54.303, 54.294, 54.125, 53.874, 53.542, 53.271, 53.124, 52.517, 51.385, 50.504, 49.951, 49.58, 49.28, 49.035, 48.862, 48.678, 48.842, 49.235, 48.952, 50.341, 52.589, 52.137, 48.166, 47.418, 49.857, 53.331, 54.176, 54.699, 54.642, 54.444, 55.061, 55.898, 55.989, 53.937, 51.53, 56.127, 64.02, 69.238, 71.179, 70.338, 69.268, 68.434, 68.013, 68.351, 68.273, 44.708], [41.566, 39.802, 39.545, 38.385, 35.603, 32.177, 29.06, 26.501, 25.602, 25.209, 23.774, 22.858, 21.994, 17.12, 8.509, 0.0, 6.069, 10.038, 15.03, 21.208, 24.258, 24.881, 25.941, 27.681, 29.341, 32.046, 38.275, 43.534, 44.662, 44.452, 44.773, 44.552, 43.96, 43.679, 43.705, 43.687, 43.149, 45.45, 48.492, 48.589, 48.09, 48.414, 48.018, 46.798, 49.498, 51.558, 51.171, 50.861, 51.04, 51.168, 51.428, 52.0, 52.84, 53.47, 53.172, 52.66, 52.551, 52.665, 52.143, 51.694, 52.616, 54.596, 56.24, 57.549, 60.633, 62.681, 61.979, 61.123, 60.376, 55.871, 50.939, 51.841, 56.036, 59.313, 60.082, 60.238, 60.958, 61.338, 61.369, 61.829, 62.83, 63.949, 64.399, 64.567, 64.365, 62.721, 59.291, 56.671, 57.417, 56.379, 55.48, 56.392, 53.864, 51.432, 51.705, 53.187, 54.312, 53.898, 53.349, 53.854, 54.354, 54.36, 54.212, 53.971, 53.643, 53.375, 53.228, 52.656, 51.595, 50.754, 50.202, 49.834, 49.549, 49.322, 49.159, 48.994, 49.196, 49.603, 49.388, 50.741, 52.901, 52.378, 48.332, 47.561, 49.961, 53.35, 54.173, 54.694, 54.672, 54.504, 55.165, 56.048, 56.137, 54.121, 51.791, 56.362, 64.223, 69.415, 71.321, 70.467, 69.405, 68.58, 68.165, 68.504, 68.419, 45.074], [42.22, 40.471, 40.232, 39.11, 36.4, 33.14, 30.334, 28.115, 27.341, 26.932, 25.563, 24.75, 24.003, 19.83, 12.873, 6.069, 0.0, 5.756, 13.23, 20.396, 23.764, 24.501, 25.539, 27.291, 29.063, 32.048, 38.667, 44.012, 45.158, 44.96, 45.272, 45.061, 44.494, 44.229, 44.271, 44.255, 43.669, 45.782, 48.665, 48.754, 48.285, 48.608, 48.243, 47.148, 49.875, 51.899, 51.522, 51.228, 51.404, 51.551, 51.835, 52.406, 53.247, 53.892, 53.604, 53.093, 52.984, 53.09, 52.567, 52.121, 53.029, 54.956, 56.562, 57.832, 60.813, 62.81, 62.101, 61.301, 60.623, 56.189, 51.281, 52.137, 56.294, 59.527, 60.284, 60.452, 61.184, 61.575, 61.613, 62.07, 63.054, 64.147, 64.585, 64.75, 64.545, 62.925, 59.567, 56.992, 57.686, 56.695, 55.794, 56.652, 54.206, 51.829, 52.032, 53.482, 54.611, 54.198, 53.652, 54.15, 54.643, 54.653, 54.517, 54.285, 53.964, 53.701, 53.559, 53.006, 51.977, 51.164, 50.638, 50.293, 50.018, 49.796, 49.635, 49.452, 49.628, 50.032, 49.86, 51.175, 53.27, 52.709, 48.709, 47.911, 50.184, 53.493, 54.297, 54.811, 54.803, 54.642, 55.285, 56.141, 56.225, 54.257, 51.97, 56.416, 64.206, 69.361, 71.25, 70.409, 69.374, 68.572, 68.176, 68.519, 68.431, 45.665], [42.906, 41.205, 40.971, 39.891, 37.205, 33.902, 31.168, 29.277, 28.791, 28.443, 27.099, 26.248, 25.471, 21.553, 15.327, 10.038, 5.756, 0.0, 9.623, 18.3, 22.498, 23.861, 25.169, 26.988, 28.833, 32.028, 38.97, 44.263, 45.381, 45.198, 45.496, 45.287, 44.756, 44.53, 44.585, 44.561, 43.998, 46.127, 49.011, 49.154, 48.731, 49.035, 48.701, 47.616, 50.166, 52.124, 51.769, 51.482, 51.655, 51.807, 52.08, 52.625, 53.437, 54.078, 53.803, 53.296, 53.185, 53.286, 52.753, 52.29, 53.165, 55.024, 56.569, 57.814, 60.74, 62.683, 61.968, 61.213, 60.598, 56.262, 51.424, 52.244, 56.312, 59.461, 60.183, 60.334, 61.036, 61.41, 61.445, 61.894, 62.865, 63.949, 64.379, 64.541, 64.36, 62.805, 59.541, 57.013, 57.64, 56.658, 55.816, 56.631, 54.218, 51.96, 52.178, 53.567, 54.689, 54.324, 53.818, 54.309, 54.781, 54.783, 54.646, 54.418, 54.101, 53.842, 53.702, 53.151, 52.117, 51.314, 50.81, 50.483, 50.217, 49.999, 49.84, 49.641, 49.786, 50.234, 50.082, 51.295, 53.346, 52.785, 48.804, 47.969, 50.131, 53.362, 54.157, 54.646, 54.634, 54.477, 55.088, 55.917, 56.007, 54.111, 51.892, 56.238, 63.861, 68.911, 70.785, 69.964, 68.948, 68.166, 67.788, 68.139, 68.051, 46.15], [43.098, 41.451, 41.208, 40.208, 37.667, 34.301, 31.38, 29.927, 30.222, 30.161, 28.842, 27.919, 27.218, 23.866, 18.757, 15.03, 13.23, 9.623, 0.0, 10.63, 17.067, 20.205, 22.204, 24.352, 26.538, 30.073, 37.67, 43.198, 44.309, 44.113, 44.427, 44.224, 43.693, 43.468, 43.485, 43.424, 42.943, 45.594, 48.889, 49.09, 48.683, 49.044, 48.71, 47.546, 50.141, 52.153, 51.755, 51.429, 51.611, 51.707, 51.869, 52.393, 53.243, 53.889, 53.607, 53.116, 53.028, 53.14, 52.574, 52.063, 52.963, 54.893, 56.455, 57.723, 60.733, 62.68, 61.913, 61.053, 60.379, 55.874, 50.848, 51.813, 56.126, 59.299, 59.961, 60.075, 60.736, 61.072, 61.091, 61.534, 62.5, 63.571, 63.98, 64.15, 64.022, 62.531, 59.32, 56.79, 57.439, 56.401, 55.375, 55.925, 53.338, 51.067, 51.379, 52.831, 54.054, 53.712, 53.22, 53.768, 54.244, 54.219, 54.067, 53.825, 53.495, 53.227, 53.079, 52.489, 51.413, 50.582, 50.043, 49.695, 49.42, 49.206, 49.044, 48.804, 49.0, 49.7, 49.727, 51.01, 53.076, 52.448, 48.252, 47.191, 49.384, 52.693, 53.521, 53.981, 53.964, 53.798, 54.401, 55.284, 55.395, 53.449, 51.125, 55.379, 63.199, 68.471, 70.428, 69.589, 68.53, 67.732, 67.352, 67.711, 67.622, 46.113], [43.895, 42.393, 42.184, 41.317, 39.136, 36.027, 33.087, 31.844, 32.618, 32.847, 31.617, 30.615, 29.998, 27.307, 23.577, 21.208, 20.396, 18.3, 10.63, 0.0, 9.032, 15.446, 18.533, 20.807, 23.501, 27.367, 35.571, 41.716, 42.998, 42.773, 43.104, 42.89, 42.313, 42.067, 42.024, 41.907, 41.596, 44.962, 48.722, 48.898, 48.478, 48.975, 48.634, 47.46, 50.295, 52.388, 51.938, 51.594, 51.787, 51.834, 51.908, 52.45, 53.392, 54.042, 53.727, 53.244, 53.177, 53.307, 52.745, 52.251, 53.262, 55.356, 56.982, 58.269, 61.372, 63.348, 62.537, 61.482, 60.666, 55.883, 50.519, 51.646, 56.378, 59.685, 60.339, 60.473, 61.142, 61.446, 61.445, 61.89, 62.856, 63.917, 64.324, 64.526, 64.427, 62.87, 59.478, 56.736, 57.411, 56.341, 54.997, 55.295, 52.604, 50.261, 50.603, 52.149, 53.503, 53.166, 52.685, 53.337, 53.848, 53.788, 53.61, 53.354, 53.011, 52.737, 52.579, 51.932, 50.775, 49.867, 49.262, 48.897, 48.62, 48.406, 48.227, 47.919, 48.23, 49.207, 49.327, 50.703, 52.897, 52.315, 48.04, 46.81, 49.159, 52.647, 53.487, 53.913, 53.867, 53.66, 54.279, 55.234, 55.36, 53.28, 50.741, 55.015, 63.361, 69.035, 71.093, 70.205, 69.073, 68.241, 67.847, 68.207, 68.118, 46.708], [43.864, 42.39, 42.205, 41.455, 39.622, 37.002, 34.406, 33.12, 33.775, 34.12, 33.105, 32.17, 31.601, 29.266, 26.112, 24.258, 23.764, 22.498, 17.067, 9.032, 0.0, 9.094, 13.747, 16.159, 19.185, 23.733, 32.745, 39.741, 41.337, 41.145, 41.532, 41.334, 40.77, 40.591, 40.583, 40.462, 40.101, 43.764, 47.852, 47.974, 47.504, 48.125, 47.78, 46.679, 49.876, 52.109, 51.63, 51.269, 51.471, 51.504, 51.576, 52.188, 53.227, 53.891, 53.545, 53.052, 52.99, 53.126, 52.566, 52.138, 53.299, 55.557, 57.254, 58.578, 61.789, 63.846, 63.038, 61.849, 60.884, 55.889, 50.316, 51.569, 56.541, 59.973, 60.661, 60.832, 61.538, 61.835, 61.814, 62.249, 63.213, 64.281, 64.708, 64.937, 64.837, 63.168, 59.561, 56.682, 57.524, 56.503, 54.883, 55.155, 52.501, 50.028, 50.28, 51.923, 53.372, 52.975, 52.415, 53.102, 53.652, 53.575, 53.375, 53.111, 52.766, 52.491, 52.321, 51.653, 50.459, 49.497, 48.849, 48.479, 48.203, 47.979, 47.771, 47.439, 47.881, 49.002, 49.026, 50.422, 52.753, 52.271, 47.966, 46.575, 49.137, 52.863, 53.711, 54.113, 53.999, 53.778, 54.501, 55.572, 55.718, 53.527, 50.919, 55.486, 64.253, 70.142, 72.226, 71.29, 70.108, 69.244, 68.826, 69.176, 69.076, 46.781], [42.396, 40.819, 40.632, 39.924, 38.331, 36.273, 34.244, 33.0, 33.404, 33.767, 33.02, 32.321, 31.816, 29.647, 26.692, 24.881, 24.501, 23.861, 20.205, 15.446, 9.094, 0.0, 6.56, 10.785, 14.206, 19.782, 30.178, 37.921, 39.664, 39.508, 39.999, 39.864, 39.356, 39.212, 39.242, 39.162, 38.502, 42.063, 46.417, 46.537, 45.978, 46.671, 46.3, 45.222, 48.85, 51.31, 50.798, 50.405, 50.639, 50.67, 50.761, 51.464, 52.601, 53.305, 52.953, 52.451, 52.4, 52.543, 51.96, 51.563, 52.808, 55.164, 56.929, 58.3, 61.614, 63.766, 62.987, 61.758, 60.729, 55.608, 49.897, 51.256, 56.392, 59.97, 60.687, 60.876, 61.649, 61.991, 61.973, 62.41, 63.384, 64.464, 64.894, 65.106, 64.958, 63.191, 59.478, 56.65, 57.742, 56.76, 55.014, 55.411, 52.72, 50.005, 50.152, 51.927, 53.442, 52.946, 52.255, 52.912, 53.48, 53.409, 53.208, 52.946, 52.605, 52.325, 52.147, 51.497, 50.318, 49.342, 48.667, 48.277, 47.995, 47.759, 47.53, 47.247, 47.758, 48.843, 48.838, 50.351, 52.789, 52.33, 47.877, 46.272, 48.94, 52.844, 53.715, 54.143, 54.016, 53.816, 54.63, 55.759, 55.88, 53.568, 50.909, 55.741, 64.813, 70.88, 73.005, 72.038, 70.823, 69.921, 69.467, 69.801, 69.678, 45.666], [42.153, 40.712, 40.568, 39.841, 38.322, 36.476, 34.727, 33.6, 33.945, 34.322, 33.665, 33.008, 32.528, 30.48, 27.711, 25.941, 25.539, 25.169, 22.204, 18.533, 13.747, 6.56, 0.0, 6.627, 11.482, 17.837, 29.237, 37.331, 39.073, 38.91, 39.46, 39.367, 38.861, 38.669, 38.698, 38.642, 37.86, 41.405, 45.883, 46.025, 45.419, 46.125, 45.738, 44.662, 48.455, 50.981, 50.434, 50.028, 50.294, 50.345, 50.452, 51.2, 52.392, 53.123, 52.764, 52.259, 52.224, 52.384, 51.815, 51.451, 52.718, 55.088, 56.865, 58.217, 61.499, 63.655, 62.884, 61.649, 60.622, 55.504, 49.759, 51.149, 56.392, 60.007, 60.728, 60.925, 61.699, 62.045, 62.035, 62.48, 63.461, 64.537, 64.96, 65.158, 64.976, 63.171, 59.443, 56.66, 57.821, 56.877, 55.15, 55.597, 52.879, 50.049, 50.115, 51.926, 53.469, 52.952, 52.245, 52.899, 53.467, 53.401, 53.209, 52.951, 52.615, 52.335, 52.157, 51.521, 50.349, 49.364, 48.681, 48.289, 48.015, 47.784, 47.55, 47.298, 47.838, 48.846, 48.81, 50.398, 52.882, 52.43, 47.975, 46.32, 48.935, 52.83, 53.701, 54.157, 54.062, 53.875, 54.707, 55.816, 55.904, 53.551, 50.828, 55.701, 64.923, 71.088, 73.241, 72.267, 71.05, 70.145, 69.688, 70.019, 69.879, 45.402], [42.697, 41.45, 41.401, 40.769, 39.366, 37.588, 35.871, 34.758, 35.111, 35.51, 34.859, 34.198, 33.791, 31.918, 29.329, 27.681, 27.291, 26.988, 24.352, 20.807, 16.159, 10.785, 6.627, 0.0, 7.323, 16.212, 28.308, 36.57, 38.393, 38.291, 38.887, 38.833, 38.382, 38.257, 38.328, 38.291, 37.558, 41.146, 45.584, 45.701, 45.126, 45.846, 45.458, 44.494, 48.385, 50.906, 50.368, 49.98, 50.25, 50.347, 50.504, 51.271, 52.504, 53.273, 52.907, 52.4, 52.378, 52.545, 51.974, 51.6, 52.848, 55.198, 56.941, 58.257, 61.5, 63.63, 62.844, 61.606, 60.599, 55.527, 49.869, 51.281, 56.494, 60.037, 60.732, 60.938, 61.686, 61.999, 61.975, 62.407, 63.366, 64.413, 64.826, 65.031, 64.852, 63.032, 59.312, 56.605, 57.84, 56.956, 55.154, 55.476, 52.786, 50.014, 50.023, 51.812, 53.365, 52.852, 52.152, 52.814, 53.388, 53.327, 53.133, 52.868, 52.525, 52.239, 52.055, 51.433, 50.278, 49.296, 48.61, 48.223, 47.96, 47.737, 47.495, 47.228, 47.81, 48.833, 48.746, 50.343, 52.818, 52.329, 47.962, 46.342, 48.946, 52.837, 53.709, 54.171, 54.087, 53.915, 54.79, 55.925, 55.999, 53.67, 50.965, 55.699, 64.898, 71.09, 73.27, 72.308, 71.112, 70.222, 69.772, 70.108, 69.967, 45.776], [42.591, 41.394, 41.408, 40.919, 39.734, 38.168, 36.583, 35.535, 35.915, 36.336, 35.744, 35.142, 34.785, 33.092, 30.757, 29.341, 29.063, 28.833, 26.538, 23.501, 19.185, 14.206, 11.482, 7.323, 0.0, 12.541, 26.659, 35.3, 37.16, 37.084, 37.737, 37.723, 37.374, 37.341, 37.423, 37.378, 36.51, 40.068, 44.648, 44.807, 44.276, 45.057, 44.662, 43.793, 47.923, 50.526, 49.984, 49.632, 49.921, 50.011, 50.201, 51.02, 52.282, 53.058, 52.692, 52.201, 52.203, 52.38, 51.794, 51.412, 52.659, 55.021, 56.799, 58.153, 61.403, 63.549, 62.772, 61.534, 60.537, 55.431, 49.731, 51.173, 56.448, 60.011, 60.699, 60.923, 61.713, 62.046, 62.016, 62.449, 63.403, 64.426, 64.821, 65.01, 64.81, 62.985, 59.278, 56.611, 57.893, 57.008, 55.029, 55.218, 52.496, 49.7, 49.662, 51.481, 53.045, 52.502, 51.766, 52.426, 53.017, 52.962, 52.765, 52.492, 52.144, 51.852, 51.663, 51.058, 49.934, 48.96, 48.267, 47.877, 47.622, 47.408, 47.151, 46.881, 47.554, 48.695, 48.582, 50.17, 52.717, 52.239, 47.865, 46.147, 48.758, 52.705, 53.585, 54.042, 53.935, 53.802, 54.765, 55.951, 56.018, 53.667, 50.921, 55.64, 64.852, 71.114, 73.356, 72.402, 71.205, 70.309, 69.852, 70.197, 70.063, 45.619], [42.719, 41.75, 41.794, 41.325, 40.234, 38.785, 37.323, 36.435, 36.954, 37.463, 36.911, 36.229, 35.899, 34.566, 32.87, 32.046, 32.048, 32.028, 30.073, 27.367, 23.733, 19.782, 17.837, 16.212, 12.541, 0.0, 19.348, 31.359, 33.914, 33.624, 34.351, 34.408, 34.082, 34.093, 34.211, 34.117, 32.824, 37.107, 42.627, 42.929, 42.497, 43.591, 43.213, 42.492, 47.201, 49.923, 49.239, 48.933, 49.301, 49.343, 49.566, 50.649, 52.184, 53.018, 52.603, 52.115, 52.164, 52.392, 51.83, 51.536, 52.99, 55.592, 57.537, 58.951, 62.287, 64.515, 63.719, 62.352, 61.207, 55.718, 49.496, 51.197, 57.102, 60.98, 61.738, 62.01, 62.85, 63.178, 63.131, 63.597, 64.605, 65.653, 66.036, 66.212, 65.972, 64.024, 59.987, 56.956, 58.181, 57.166, 54.994, 55.205, 52.391, 49.264, 49.118, 51.185, 52.945, 52.368, 51.54, 52.235, 52.865, 52.797, 52.593, 52.312, 51.941, 51.623, 51.43, 50.826, 49.669, 48.625, 47.876, 47.475, 47.238, 47.044, 46.756, 46.467, 47.329, 48.604, 48.283, 50.027, 52.981, 52.563, 47.898, 45.946, 48.878, 53.108, 54.035, 54.529, 54.363, 54.288, 55.446, 56.763, 56.813, 54.216, 51.231, 56.6, 66.454, 72.992, 75.261, 74.254, 72.991, 72.028, 71.527, 71.887, 71.754, 45.518], [43.079, 42.792, 43.005, 42.818, 42.374, 41.581, 40.47, 39.639, 40.059, 40.591, 40.305, 39.857, 39.797, 39.18, 38.415, 38.275, 38.667, 38.97, 37.67, 35.571, 32.745, 30.178, 29.237, 28.308, 26.659, 19.348, 0.0, 17.277, 22.349, 22.142, 22.983, 23.689, 24.229, 25.062, 25.647, 25.762, 25.478, 33.175, 40.332, 40.844, 40.52, 41.894, 41.619, 40.815, 45.236, 47.627, 46.772, 46.563, 46.992, 47.086, 47.435, 48.729, 50.602, 51.725, 51.404, 50.896, 50.938, 51.155, 50.583, 50.286, 51.729, 54.316, 56.207, 57.442, 60.693, 62.978, 62.238, 60.728, 59.322, 53.648, 47.574, 49.588, 55.388, 59.203, 60.061, 60.395, 61.224, 61.531, 61.447, 61.886, 62.894, 63.955, 64.328, 64.479, 64.235, 62.225, 58.082, 55.183, 56.657, 55.831, 53.855, 54.281, 51.612, 48.533, 48.494, 50.602, 52.386, 51.853, 51.0, 51.625, 52.21, 52.157, 52.005, 51.739, 51.327, 50.951, 50.752, 50.199, 49.092, 48.087, 47.352, 46.929, 46.689, 46.489, 46.204, 45.947, 46.576, 47.533, 47.471, 49.19, 52.179, 52.096, 47.367, 44.999, 47.867, 52.128, 53.014, 53.559, 53.377, 53.319, 54.609, 55.974, 55.971, 53.403, 50.508, 55.875, 65.71, 72.383, 74.673, 73.604, 72.287, 71.276, 70.751, 71.12, 70.989, 45.117], [45.214, 45.396, 45.663, 45.698, 45.716, 45.312, 44.387, 43.578, 43.877, 44.325, 44.188, 43.944, 43.988, 43.707, 43.374, 43.534, 44.012, 44.263, 43.198, 41.716, 39.741, 37.921, 37.331, 36.57, 35.3, 31.359, 17.277, 0.0, 7.751, 9.355, 11.137, 13.919, 16.996, 19.138, 20.089, 20.751, 23.011, 32.967, 40.532, 41.268, 40.793, 41.894, 41.743, 40.378, 43.252, 44.948, 44.099, 43.963, 44.355, 44.588, 45.078, 46.335, 48.423, 49.958, 49.85, 49.376, 49.426, 49.568, 48.908, 48.446, 49.569, 51.796, 53.406, 54.318, 57.179, 59.313, 58.659, 57.163, 55.731, 50.545, 45.656, 47.616, 52.265, 55.51, 56.382, 56.769, 57.633, 57.958, 57.836, 58.249, 59.254, 60.319, 60.667, 60.775, 60.566, 58.714, 54.933, 52.653, 54.323, 53.847, 53.006, 53.811, 51.053, 48.639, 49.109, 50.738, 52.061, 51.692, 51.143, 51.709, 52.202, 52.193, 52.108, 51.883, 51.491, 51.128, 50.931, 50.364, 49.259, 48.348, 47.723, 47.28, 46.978, 46.72, 46.486, 46.287, 46.281, 46.696, 47.203, 48.567, 50.994, 51.25, 47.06, 44.569, 46.552, 50.308, 51.146, 51.687, 51.552, 51.425, 52.492, 53.613, 53.559, 51.405, 48.703, 52.63, 61.266, 67.741, 70.105, 69.031, 67.72, 66.765, 66.3, 66.672, 66.539, 46.326], [45.927, 46.168, 46.433, 46.499, 46.558, 46.145, 45.198, 44.415, 44.759, 45.205, 45.07, 44.862, 44.92, 44.657, 44.411, 44.662, 45.158, 45.381, 44.309, 42.998, 41.337, 39.664, 39.073, 38.393, 37.16, 33.914, 22.349, 7.751, 0.0, 4.358, 8.29, 12.345, 16.197, 18.383, 19.248, 20.149, 23.247, 33.45, 40.97, 41.744, 41.113, 42.027, 41.891, 40.403, 42.93, 44.47, 43.61, 43.436, 43.808, 44.074, 44.556, 45.794, 48.023, 49.727, 49.666, 49.215, 49.297, 49.415, 48.67, 48.101, 49.145, 51.316, 52.848, 53.63, 56.371, 58.46, 57.772, 56.226, 54.858, 49.82, 45.06, 46.946, 51.432, 54.635, 55.5, 55.901, 56.817, 57.172, 57.051, 57.481, 58.511, 59.59, 59.937, 60.038, 59.845, 58.042, 54.301, 52.04, 53.632, 53.108, 52.782, 53.726, 50.814, 48.691, 49.355, 50.771, 51.938, 51.677, 51.318, 51.944, 52.435, 52.424, 52.336, 52.124, 51.759, 51.42, 51.217, 50.589, 49.387, 48.438, 47.839, 47.404, 47.082, 46.805, 46.575, 46.317, 46.124, 46.45, 46.942, 48.145, 50.473, 50.824, 46.867, 44.472, 46.286, 49.908, 50.724, 51.247, 51.144, 51.029, 52.008, 53.024, 52.959, 50.898, 48.067, 51.287, 59.542, 65.964, 68.366, 67.28, 65.937, 64.992, 64.561, 64.947, 64.816, 46.856], [45.724, 45.973, 46.247, 46.316, 46.372, 45.954, 44.994, 44.219, 44.599, 45.064, 44.917, 44.696, 44.747, 44.449, 44.186, 44.452, 44.96, 45.198, 44.113, 42.773, 41.145, 39.508, 38.91, 38.291, 37.084, 33.624, 22.142, 9.355, 4.358, 0.0, 5.016, 9.849, 14.159, 16.553, 17.525, 18.529, 22.146, 33.041, 40.791, 41.587, 40.966, 41.921, 41.777, 40.296, 42.966, 44.57, 43.668, 43.464, 43.843, 44.07, 44.51, 45.78, 48.034, 49.703, 49.625, 49.186, 49.279, 49.414, 48.688, 48.14, 49.217, 51.437, 52.991, 53.761, 56.554, 58.666, 57.96, 56.429, 55.061, 49.87, 44.843, 46.766, 51.471, 54.794, 55.685, 56.099, 57.033, 57.395, 57.277, 57.712, 58.748, 59.835, 60.187, 60.292, 60.089, 58.255, 54.429, 52.037, 53.575, 52.961, 52.559, 53.508, 50.556, 48.341, 49.005, 50.509, 51.745, 51.482, 51.116, 51.761, 52.275, 52.29, 52.223, 52.01, 51.622, 51.261, 51.051, 50.41, 49.186, 48.209, 47.573, 47.113, 46.787, 46.514, 46.278, 46.006, 45.858, 46.247, 46.748, 48.037, 50.454, 50.773, 46.743, 44.35, 46.286, 49.969, 50.796, 51.343, 51.25, 51.136, 52.125, 53.156, 53.088, 50.961, 48.042, 51.402, 59.871, 66.378, 68.791, 67.701, 66.345, 65.389, 64.952, 65.342, 65.212, 46.677], [45.846, 46.122, 46.401, 46.493, 46.606, 46.273, 45.39, 44.66, 45.048, 45.502, 45.352, 45.128, 45.161, 44.828, 44.521, 44.773, 45.272, 45.496, 44.427, 43.104, 41.532, 39.999, 39.46, 38.887, 37.737, 34.351, 22.983, 11.137, 8.29, 5.016, 0.0, 5.693, 11.144, 14.241, 15.513, 16.703, 20.897, 32.567, 40.576, 41.454, 40.89, 41.867, 41.726, 40.243, 42.909, 44.542, 43.662, 43.471, 43.846, 44.045, 44.46, 45.723, 47.954, 49.603, 49.542, 49.111, 49.195, 49.328, 48.622, 48.072, 49.101, 51.273, 52.788, 53.551, 56.402, 58.525, 57.839, 56.388, 55.047, 49.846, 44.862, 46.807, 51.442, 54.729, 55.633, 56.048, 56.964, 57.294, 57.146, 57.548, 58.553, 59.619, 59.963, 60.066, 59.87, 58.048, 54.264, 51.921, 53.464, 52.872, 52.467, 53.424, 50.47, 48.295, 49.044, 50.562, 51.775, 51.525, 51.16, 51.778, 52.288, 52.339, 52.308, 52.1, 51.69, 51.307, 51.096, 50.466, 49.261, 48.298, 47.646, 47.152, 46.805, 46.521, 46.293, 46.033, 45.852, 46.302, 46.966, 48.299, 50.684, 50.98, 46.931, 44.553, 46.438, 50.058, 50.909, 51.498, 51.426, 51.295, 52.244, 53.227, 53.129, 51.011, 48.117, 51.528, 60.02, 66.558, 68.984, 67.904, 66.561, 65.617, 65.19, 65.58, 65.437, 46.73], [45.554, 45.815, 46.088, 46.172, 46.315, 46.069, 45.279, 44.619, 45.036, 45.489, 45.325, 45.089, 45.089, 44.67, 44.301, 44.552, 45.061, 45.287, 44.224, 42.89, 41.334, 39.864, 39.367, 38.833, 37.723, 34.408, 23.689, 13.919, 12.345, 9.849, 5.693, 0.0, 6.443, 10.577, 12.529, 14.102, 19.072, 31.745, 40.08, 40.98, 40.464, 41.478, 41.319, 39.956, 42.836, 44.602, 43.747, 43.53, 43.903, 44.054, 44.399, 45.636, 47.828, 49.416, 49.329, 48.885, 48.961, 49.115, 48.445, 47.908, 48.952, 51.156, 52.659, 53.436, 56.4, 58.577, 57.882, 56.436, 55.131, 49.967, 44.98, 46.961, 51.654, 54.996, 55.906, 56.31, 57.224, 57.526, 57.348, 57.731, 58.718, 59.773, 60.114, 60.224, 60.038, 58.223, 54.443, 52.071, 53.571, 52.922, 52.403, 53.331, 50.405, 48.217, 48.989, 50.527, 51.75, 51.511, 51.113, 51.707, 52.221, 52.282, 52.252, 52.042, 51.627, 51.243, 51.037, 50.413, 49.198, 48.215, 47.542, 47.031, 46.673, 46.383, 46.154, 45.897, 45.764, 46.334, 46.988, 48.366, 50.785, 51.03, 46.912, 44.533, 46.443, 50.067, 50.936, 51.552, 51.479, 51.348, 52.313, 53.3, 53.183, 51.027, 48.184, 51.86, 60.469, 67.021, 69.435, 68.359, 67.02, 66.071, 65.638, 66.028, 65.876, 46.473], [45.018, 45.231, 45.496, 45.54, 45.663, 45.455, 44.732, 44.139, 44.605, 45.07, 44.889, 44.627, 44.596, 44.098, 43.695, 43.96, 44.494, 44.756, 43.693, 42.313, 40.77, 39.356, 38.861, 38.382, 37.374, 34.082, 24.229, 16.996, 16.197, 14.159, 11.144, 6.443, 0.0, 5.263, 8.74, 11.078, 17.469, 31.291, 39.865, 40.65, 40.137, 41.22, 41.025, 39.795, 42.977, 44.907, 44.037, 43.727, 44.101, 44.196, 44.426, 45.637, 47.797, 49.286, 49.123, 48.65, 48.73, 48.943, 48.362, 47.913, 49.078, 51.428, 52.989, 53.753, 56.786, 59.025, 58.308, 56.818, 55.526, 50.333, 45.173, 47.197, 52.175, 55.695, 56.627, 57.028, 57.972, 58.285, 58.112, 58.512, 59.522, 60.594, 60.95, 61.074, 60.892, 59.057, 55.19, 52.618, 53.965, 53.127, 52.406, 53.319, 50.428, 48.055, 48.739, 50.38, 51.701, 51.444, 50.982, 51.581, 52.115, 52.17, 52.13, 51.916, 51.507, 51.131, 50.931, 50.309, 49.074, 48.052, 47.349, 46.839, 46.49, 46.206, 45.969, 45.718, 45.71, 46.403, 46.977, 48.495, 51.003, 51.167, 46.904, 44.48, 46.495, 50.178, 51.028, 51.628, 51.519, 51.376, 52.396, 53.475, 53.39, 51.133, 48.269, 52.338, 61.239, 67.878, 70.29, 69.218, 67.875, 66.903, 66.444, 66.832, 66.689, 46.08], [44.613, 44.808, 45.068, 45.089, 45.207, 45.019, 44.336, 43.796, 44.308, 44.793, 44.608, 44.33, 44.291, 43.784, 43.4, 43.679, 44.229, 44.53, 43.468, 42.067, 40.591, 39.212, 38.669, 38.257, 37.341, 34.093, 25.062, 19.138, 18.383, 16.553, 14.241, 10.577, 5.263, 0.0, 4.883, 8.413, 16.313, 30.947, 39.731, 40.482, 39.916, 41.028, 40.808, 39.557, 42.907, 44.911, 43.969, 43.567, 43.945, 44.015, 44.17, 45.389, 47.63, 49.15, 48.955, 48.472, 48.566, 48.813, 48.268, 47.867, 49.102, 51.538, 53.149, 53.857, 56.846, 59.092, 58.358, 56.842, 55.553, 50.256, 44.89, 46.952, 52.205, 55.911, 56.88, 57.298, 58.322, 58.685, 58.526, 58.943, 59.973, 61.058, 61.426, 61.559, 61.374, 59.513, 55.547, 52.813, 54.082, 53.126, 52.32, 53.278, 50.348, 47.834, 48.474, 50.182, 51.562, 51.286, 50.813, 51.443, 51.994, 52.043, 51.997, 51.784, 51.381, 51.011, 50.811, 50.175, 48.913, 47.863, 47.142, 46.633, 46.295, 46.019, 45.777, 45.533, 45.583, 46.318, 46.864, 48.501, 51.072, 51.21, 46.878, 44.399, 46.455, 50.18, 51.007, 51.586, 51.459, 51.29, 52.317, 53.453, 53.387, 51.041, 48.091, 52.294, 61.417, 68.184, 70.63, 69.563, 68.216, 67.235, 66.766, 67.156, 67.025, 45.761], [44.64, 44.826, 45.083, 45.111, 45.237, 45.012, 44.273, 43.736, 44.306, 44.822, 44.619, 44.32, 44.28, 43.778, 43.413, 43.705, 44.271, 44.585, 43.485, 42.024, 40.583, 39.242, 38.698, 38.328, 37.423, 34.211, 25.647, 20.089, 19.248, 17.525, 15.513, 12.529, 8.74, 4.883, 0.0, 5.083, 15.559, 30.735, 39.573, 40.373, 39.839, 40.975, 40.746, 39.381, 42.742, 44.732, 43.723, 43.297, 43.681, 43.756, 43.922, 45.195, 47.549, 49.16, 48.981, 48.497, 48.591, 48.826, 48.236, 47.798, 49.033, 51.495, 53.121, 53.8, 56.779, 59.036, 58.291, 56.715, 55.349, 49.901, 44.378, 46.486, 51.871, 55.71, 56.715, 57.156, 58.266, 58.674, 58.519, 58.941, 59.975, 61.062, 61.43, 61.565, 61.373, 59.463, 55.377, 52.537, 53.849, 52.905, 52.074, 53.085, 50.093, 47.5, 48.157, 49.902, 51.307, 51.024, 50.551, 51.207, 51.768, 51.804, 51.743, 51.522, 51.117, 50.746, 50.542, 49.882, 48.578, 47.493, 46.753, 46.236, 45.896, 45.616, 45.366, 45.128, 45.185, 45.907, 46.4, 48.092, 50.739