[[0.0, 3.908, 8.006, 12.09, 15.099, 16.871, 18.039, 19.43, 21.349, 23.661, 25.925, 27.47, 28.342, 29.26, 30.547, 31.901, 33.2, 34.336, 34.973, 35.16, 35.185, 35.224, 35.371, 35.722, 36.249, 36.812, 37.145, 37.238, 37.259, 37.404, 37.774, 38.159, 38.65, 39.127, 39.378, 39.448, 39.513, 39.69, 39.843, 39.778, 39.648, 39.679, 39.789, 39.807, 39.681, 39.511, 39.432, 39.491, 39.685, 39.992, 40.465, 41.033, 41.458, 41.54, 41.463, 41.646, 42.204, 42.726, 42.987, 43.083, 43.086, 43.113, 43.277, 43.49, 43.573, 43.492, 43.43, 43.498, 43.696, 43.908, 43.908, 43.687, 43.408, 43.207, 43.063, 42.953, 42.804, 42.473, 42.127, 41.866, 41.549, 41.127, 40.681, 40.175, 39.585, 39.103, 38.991, 39.154, 39.324, 39.284, 39.215, 39.321, 39.425, 39.43, 39.42, 39.396, 39.298, 39.298, 39.478, 39.627, 39.629, 39.567, 39.588, 39.74, 39.99, 40.232, 40.276, 40.022, 39.806, 40.034, 40.491, 40.786, 40.948, 41.008, 40.997, 40.97, 40.905, 40.794, 40.744, 40.86, 41.181, 41.505, 41.74, 41.984, 42.114, 42.054, 42.303, 43.1, 44.082, 45.001, 45.794, 46.223, 46.024, 45.38, 44.831, 44.728, 45.024, 45.514, 46.023, 46.472, 47.028, 47.815, 48.705, 49.568, 50.387, 51.017, 51.349, 51.338, 50.956, 50.293, 49.412, 48.315, 47.011, 45.747, 45.125, 45.586, 46.978, 4.832], [3.908, 0.0, 4.732, 9.534, 13.086, 15.208, 16.535, 17.928, 19.797, 22.144, 24.542, 26.22, 27.184, 28.174, 29.534, 30.955, 32.305, 33.482, 34.147, 34.347, 34.379, 34.422, 34.575, 34.948, 35.51, 36.106, 36.464, 36.578, 36.622, 36.786, 37.171, 37.574, 38.092, 38.597, 38.87, 38.949, 39.026, 39.233, 39.42, 39.357, 39.195, 39.203, 39.315, 39.345, 39.218, 39.031, 38.929, 38.966, 39.145, 39.454, 39.955, 40.573, 41.034, 41.122, 41.04, 41.24, 41.841, 42.397, 42.671, 42.766, 42.763, 42.789, 42.958, 43.172, 43.249, 43.163, 43.104, 43.181, 43.388, 43.603, 43.599, 43.369, 43.089, 42.888, 42.738, 42.627, 42.479, 42.127, 41.749, 41.475, 41.16, 40.737, 40.278, 39.75, 39.136, 38.624, 38.492, 38.649, 38.819, 38.784, 38.744, 38.894, 39.028, 39.037, 39.011, 38.969, 38.845, 38.816, 38.976, 39.118, 39.119, 39.051, 39.067, 39.224, 39.488, 39.742, 39.787, 39.521, 39.293, 39.522, 39.981, 40.277, 40.439, 40.495, 40.48, 40.46, 40.418, 40.331, 40.299, 40.426, 40.756, 41.093, 41.358, 41.638, 41.784, 41.722, 41.982, 42.823, 43.865, 44.842, 45.688, 46.159, 45.977, 45.322, 44.756, 44.653, 44.971, 45.493, 46.024, 46.476, 47.026, 47.815, 48.72, 49.61, 50.459, 51.104, 51.434, 51.412, 51.015, 50.331, 49.423, 48.299, 46.962, 45.658, 45.015, 45.488, 46.917, 7.779], [8.006, 4.732, 0.0, 5.297, 9.598, 12.42, 14.148, 15.607, 17.419, 19.862, 22.536, 24.475, 25.598, 26.697, 28.176, 29.722, 31.178, 32.444, 33.17, 33.405, 33.455, 33.513, 33.69, 34.107, 34.724, 35.366, 35.756, 35.899, 35.97, 36.15, 36.545, 36.972, 37.53, 38.078, 38.373, 38.453, 38.537, 38.775, 38.993, 38.922, 38.719, 38.698, 38.809, 38.85, 38.724, 38.518, 38.387, 38.4, 38.577, 38.919, 39.485, 40.176, 40.682, 40.781, 40.693, 40.898, 41.519, 42.095, 42.379, 42.471, 42.46, 42.479, 42.635, 42.83, 42.885, 42.794, 42.746, 42.842, 43.066, 43.294, 43.296, 43.072, 42.8, 42.604, 42.457, 42.355, 42.21, 41.837, 41.423, 41.129, 40.815, 40.395, 39.928, 39.374, 38.72, 38.162, 38.005, 38.164, 38.336, 38.301, 38.283, 38.472, 38.637, 38.65, 38.613, 38.558, 38.41, 38.347, 38.485, 38.623, 38.624, 38.549, 38.556, 38.717, 38.995, 39.263, 39.313, 39.04, 38.804, 39.036, 39.501, 39.8, 39.962, 40.018, 40.008, 40.004, 39.986, 39.915, 39.891, 40.024, 40.362, 40.72, 41.017, 41.323, 41.466, 41.387, 41.649, 42.526, 43.629, 44.671, 45.583, 46.109, 45.947, 45.276, 44.686, 44.58, 44.921, 45.477, 46.035, 46.5, 47.063, 47.875, 48.805, 49.72, 50.588, 51.24, 51.565, 51.53, 51.118, 50.413, 49.48, 48.339, 46.99, 45.675, 45.033, 45.521, 46.976, 10.814], [12.09, 9.534, 5.297, 0.0, 4.958, 8.763, 11.291, 13.071, 14.833, 17.307, 20.274, 22.547, 23.897, 25.152, 26.786, 28.494, 30.089, 31.465, 32.267, 32.547, 32.629, 32.718, 32.932, 33.395, 34.063, 34.747, 35.163, 35.328, 35.422, 35.619, 36.031, 36.488, 37.097, 37.7, 38.018, 38.091, 38.178, 38.443, 38.687, 38.602, 38.351, 38.293, 38.397, 38.444, 38.316, 38.083, 37.903, 37.879, 38.056, 38.434, 39.064, 39.814, 40.356, 40.477, 40.399, 40.61, 41.238, 41.822, 42.11, 42.196, 42.173, 42.179, 42.313, 42.473, 42.496, 42.391, 42.349, 42.457, 42.693, 42.931, 42.946, 42.741, 42.488, 42.304, 42.163, 42.068, 41.924, 41.533, 41.088, 40.777, 40.467, 40.062, 39.604, 39.04, 38.355, 37.755, 37.578, 37.743, 37.922, 37.887, 37.887, 38.112, 38.303, 38.322, 38.277, 38.211, 38.042, 37.947, 38.066, 38.206, 38.213, 38.131, 38.131, 38.291, 38.575, 38.851, 38.904, 38.628, 38.393, 38.63, 39.098, 39.398, 39.561, 39.623, 39.624, 39.64, 39.644, 39.588, 39.568, 39.699, 40.038, 40.414, 40.738, 41.056, 41.188, 41.091, 41.358, 42.272, 43.426, 44.523, 45.492, 46.067, 45.924, 45.243, 44.636, 44.53, 44.893, 45.48, 46.062, 46.546, 47.136, 47.982, 48.942, 49.874, 50.749, 51.403, 51.726, 51.686, 51.26, 50.533, 49.572, 48.41, 47.057, 45.756, 45.139, 45.649, 47.113, 14.123], [15.099, 13.086, 9.598, 4.958, 0.0, 4.534, 8.065, 10.549, 12.443, 14.833, 17.924, 20.47, 22.079, 23.535, 25.344, 27.215, 28.942, 30.409, 31.268, 31.588, 31.706, 31.832, 32.078, 32.567, 33.261, 33.972, 34.403, 34.572, 34.672, 34.882, 35.314, 35.794, 36.45, 37.12, 37.471, 37.538, 37.628, 37.925, 38.204, 38.116, 37.827, 37.736, 37.831, 37.877, 37.738, 37.465, 37.223, 37.157, 37.335, 37.751, 38.443, 39.249, 39.829, 39.973, 39.911, 40.137, 40.788, 41.394, 41.689, 41.768, 41.73, 41.723, 41.839, 41.967, 41.955, 41.827, 41.779, 41.891, 42.132, 42.375, 42.398, 42.21, 41.981, 41.812, 41.675, 41.577, 41.429, 41.019, 40.545, 40.217, 39.907, 39.513, 39.065, 38.495, 37.78, 37.136, 36.938, 37.107, 37.287, 37.245, 37.258, 37.514, 37.732, 37.76, 37.713, 37.638, 37.448, 37.33, 37.444, 37.598, 37.616, 37.531, 37.522, 37.681, 37.972, 38.256, 38.309, 38.024, 37.789, 38.042, 38.527, 38.842, 39.02, 39.098, 39.114, 39.146, 39.169, 39.128, 39.115, 39.251, 39.599, 39.992, 40.336, 40.66, 40.777, 40.662, 40.942, 41.91, 43.128, 44.284, 45.31, 45.931, 45.806, 45.114, 44.492, 44.386, 44.77, 45.39, 46.0, 46.503, 47.115, 47.995, 48.993, 49.955, 50.846, 51.505, 51.825, 51.772, 51.323, 50.556, 49.542, 48.333, 46.955, 45.661, 45.074, 45.621, 47.104, 16.639], [16.871, 15.208, 12.42, 8.763, 4.534, 0.0, 4.223, 7.574, 10.028, 12.604, 15.75, 18.394, 20.143, 21.767, 23.761, 25.809, 27.681, 29.247, 30.171, 30.539, 30.701, 30.867, 31.143, 31.647, 32.348, 33.071, 33.519, 33.701, 33.806, 34.016, 34.457, 34.967, 35.69, 36.458, 36.864, 36.936, 37.025, 37.344, 37.66, 37.597, 37.318, 37.231, 37.324, 37.365, 37.215, 36.919, 36.645, 36.565, 36.76, 37.218, 37.964, 38.817, 39.423, 39.576, 39.519, 39.754, 40.422, 41.046, 41.351, 41.433, 41.39, 41.376, 41.477, 41.583, 41.545, 41.399, 41.345, 41.455, 41.697, 41.943, 41.977, 41.806, 41.6, 41.449, 41.319, 41.223, 41.075, 40.657, 40.16, 39.812, 39.496, 39.107, 38.661, 38.083, 37.344, 36.662, 36.444, 36.619, 36.8, 36.735, 36.728, 36.987, 37.217, 37.253, 37.207, 37.131, 36.941, 36.824, 36.95, 37.12, 37.148, 37.066, 37.057, 37.217, 37.512, 37.8, 37.856, 37.573, 37.343, 37.613, 38.115, 38.453, 38.659, 38.759, 38.784, 38.82, 38.849, 38.814, 38.808, 38.955, 39.318, 39.725, 40.071, 40.383, 40.48, 40.35, 40.639, 41.645, 42.912, 44.11, 45.171, 45.815, 45.696, 44.994, 44.357, 44.244, 44.636, 45.271, 45.892, 46.397, 47.005, 47.891, 48.911, 49.904, 50.815, 51.476, 51.781, 51.708, 51.235, 50.433, 49.375, 48.122, 46.717, 45.417, 44.848, 45.423, 46.925, 18.124], [18.039, 16.535, 14.148, 11.291, 8.065, 4.223, 0.0, 3.952, 7.31, 10.648, 14.073, 16.656, 18.291, 19.93, 22.092, 24.36, 26.427, 28.137, 29.156, 29.594, 29.811, 30.024, 30.339, 30.865, 31.571, 32.299, 32.773, 32.997, 33.124, 33.32, 33.755, 34.313, 35.146, 36.033, 36.505, 36.593, 36.679, 36.998, 37.338, 37.33, 37.12, 37.083, 37.189, 37.225, 37.076, 36.791, 36.534, 36.473, 36.696, 37.186, 37.954, 38.814, 39.418, 39.567, 39.508, 39.736, 40.393, 41.011, 41.324, 41.421, 41.388, 41.371, 41.46, 41.551, 41.502, 41.355, 41.303, 41.411, 41.648, 41.895, 41.938, 41.784, 41.592, 41.456, 41.34, 41.255, 41.114, 40.701, 40.201, 39.84, 39.519, 39.136, 38.694, 38.117, 37.376, 36.686, 36.463, 36.649, 36.835, 36.743, 36.689, 36.915, 37.137, 37.178, 37.137, 37.069, 36.904, 36.816, 36.958, 37.133, 37.162, 37.088, 37.086, 37.246, 37.535, 37.816, 37.879, 37.613, 37.392, 37.659, 38.155, 38.503, 38.732, 38.845, 38.868, 38.893, 38.909, 38.865, 38.86, 39.012, 39.382, 39.796, 40.129, 40.413, 40.489, 40.35, 40.634, 41.636, 42.909, 44.112, 45.169, 45.804, 45.676, 44.968, 44.327, 44.207, 44.588, 45.212, 45.822, 46.31, 46.891, 47.754, 48.769, 49.773, 50.692, 51.346, 51.632, 51.545, 51.069, 50.268, 49.205, 47.942, 46.525, 45.219, 44.646, 45.222, 46.729, 19.169], [19.43, 17.928, 15.607, 13.071, 10.549, 7.574, 3.952, 0.0, 4.098, 8.456, 12.519, 15.214, 16.68, 18.206, 20.477, 22.968, 25.245, 27.111, 28.229, 28.734, 29.006, 29.272, 29.637, 30.201, 30.928, 31.672, 32.179, 32.449, 32.606, 32.793, 33.223, 33.837, 34.784, 35.777, 36.306, 36.419, 36.511, 36.826, 37.178, 37.217, 37.079, 37.099, 37.225, 37.262, 37.12, 36.859, 36.63, 36.592, 36.83, 37.33, 38.091, 38.936, 39.529, 39.677, 39.617, 39.838, 40.476, 41.08, 41.398, 41.508, 41.484, 41.464, 41.54, 41.618, 41.564, 41.42, 41.374, 41.48, 41.71, 41.951, 41.996, 41.849, 41.664, 41.535, 41.43, 41.354, 41.216, 40.808, 40.314, 39.952, 39.634, 39.261, 38.83, 38.262, 37.534, 36.857, 36.642, 36.84, 37.037, 36.936, 36.851, 37.049, 37.261, 37.305, 37.264, 37.205, 37.061, 36.992, 37.134, 37.3, 37.326, 37.256, 37.258, 37.417, 37.698, 37.97, 38.033, 37.778, 37.558, 37.809, 38.284, 38.627, 38.867, 38.983, 39.0, 39.011, 39.014, 38.966, 38.968, 39.126, 39.495, 39.905, 40.226, 40.494, 40.559, 40.414, 40.682, 41.66, 42.915, 44.107, 45.146, 45.762, 45.623, 44.918, 44.281, 44.159, 44.53, 45.142, 45.742, 46.215, 46.777, 47.623, 48.63, 49.635, 50.553, 51.195, 51.468, 51.378, 50.912, 50.129, 49.082, 47.826, 46.406, 45.09, 44.505, 45.07, 46.575, 20.51], [21.349, 19.797, 17.419, 14.833, 12.443, 10.028, 7.31, 4.098, 0.0, 5.016, 9.892, 13.144, 14.823, 16.37, 18.712, 21.381, 23.844, 25.848, 27.049, 27.6, 27.913, 28.231, 28.657, 29.283, 30.071, 30.875, 31.426, 31.724, 31.899, 32.1, 32.547, 33.209, 34.226, 35.276, 35.837, 35.97, 36.079, 36.41, 36.784, 36.846, 36.724, 36.755, 36.89, 36.933, 36.795, 36.534, 36.3, 36.253, 36.485, 36.982, 37.744, 38.598, 39.207, 39.367, 39.313, 39.539, 40.19, 40.808, 41.134, 41.247, 41.222, 41.197, 41.261, 41.321, 41.252, 41.103, 41.058, 41.169, 41.397, 41.628, 41.66, 41.504, 41.321, 41.199, 41.094, 41.014, 40.865, 40.439, 39.93, 39.564, 39.254, 38.893, 38.467, 37.898, 37.164, 36.479, 36.268, 36.483, 36.7, 36.606, 36.525, 36.729, 36.948, 36.996, 36.952, 36.888, 36.734, 36.65, 36.78, 36.937, 36.96, 36.884, 36.885, 37.05, 37.338, 37.612, 37.668, 37.399, 37.167, 37.411, 37.88, 38.225, 38.472, 38.592, 38.607, 38.618, 38.63, 38.6, 38.622, 38.797, 39.175, 39.587, 39.913, 40.197, 40.27, 40.111, 40.355, 41.323, 42.585, 43.787, 44.838, 45.461, 45.325, 44.62, 43.985, 43.87, 44.253, 44.882, 45.498, 45.984, 46.562, 47.43, 48.462, 49.486, 50.41, 51.045, 51.307, 51.21, 50.741, 49.953, 48.901, 47.639, 46.208, 44.877, 44.284, 44.85, 46.363, 22.337], [23.661, 22.144, 19.862, 17.307, 14.833, 12.604, 10.648, 8.456, 5.016, 0.0, 5.475, 9.605, 12.095, 14.103, 16.603, 19.395, 22.027, 24.184, 25.475, 26.067, 26.415, 26.791, 27.286, 27.989, 28.875, 29.782, 30.393, 30.709, 30.899, 31.131, 31.626, 32.344, 33.402, 34.468, 35.033, 35.168, 35.29, 35.657, 36.072, 36.143, 35.99, 35.986, 36.113, 36.166, 36.033, 35.749, 35.467, 35.372, 35.578, 36.075, 36.862, 37.766, 38.422, 38.605, 38.554, 38.791, 39.48, 40.14, 40.486, 40.598, 40.567, 40.533, 40.584, 40.621, 40.524, 40.359, 40.319, 40.445, 40.682, 40.905, 40.912, 40.738, 40.56, 40.447, 40.335, 40.241, 40.077, 39.618, 39.071, 38.692, 38.392, 38.042, 37.615, 37.026, 36.255, 35.523, 35.296, 35.53, 35.763, 35.678, 35.62, 35.861, 36.112, 36.173, 36.128, 36.05, 35.864, 35.743, 35.861, 36.026, 36.049, 35.959, 35.951, 36.126, 36.433, 36.716, 36.763, 36.467, 36.218, 36.473, 36.958, 37.32, 37.581, 37.713, 37.738, 37.764, 37.803, 37.802, 37.846, 38.045, 38.446, 38.877, 39.234, 39.557, 39.65, 39.475, 39.705, 40.696, 41.999, 43.244, 44.337, 44.996, 44.874, 44.164, 43.529, 43.428, 43.842, 44.515, 45.176, 45.701, 46.325, 47.25, 48.335, 49.395, 50.333, 50.961, 51.208, 51.089, 50.591, 49.765, 48.675, 47.392, 45.947, 44.605, 44.013, 44.595, 46.125, 24.472], [25.925, 24.542, 22.536, 20.274, 17.924, 15.75, 14.073, 12.519, 9.892, 5.475, 0.0, 4.898, 8.587, 11.542, 14.444, 17.38, 20.179, 22.513, 23.911, 24.552, 24.941, 25.381, 25.947, 26.718, 27.693, 28.7, 29.372, 29.716, 29.933, 30.207, 30.777, 31.592, 32.72, 33.805, 34.366, 34.488, 34.612, 35.005, 35.458, 35.543, 35.368, 35.334, 35.446, 35.508, 35.388, 35.092, 34.763, 34.617, 34.799, 35.3, 36.113, 37.065, 37.764, 37.965, 37.91, 38.138, 38.839, 39.524, 39.887, 40.008, 39.976, 39.933, 39.969, 39.984, 39.863, 39.693, 39.668, 39.816, 40.066, 40.284, 40.275, 40.093, 39.933, 39.837, 39.72, 39.616, 39.446, 38.963, 38.381, 37.993, 37.706, 37.371, 36.944, 36.335, 35.525, 34.737, 34.485, 34.73, 34.971, 34.888, 34.849, 35.125, 35.409, 35.489, 35.448, 35.361, 35.15, 35.001, 35.121, 35.304, 35.331, 35.226, 35.204, 35.379, 35.694, 35.981, 36.023, 35.709, 35.45, 35.714, 36.207, 36.578, 36.855, 37.007, 37.052, 37.095, 37.154, 37.17, 37.225, 37.437, 37.863, 38.329, 38.724, 39.082, 39.191, 39.009, 39.245, 40.269, 41.617, 42.901, 44.032, 44.723, 44.617, 43.91, 43.28, 43.194, 43.637, 44.351, 45.054, 45.62, 46.286, 47.257, 48.385, 49.469, 50.412, 51.032, 51.257, 51.105, 50.563, 49.687, 48.554, 47.253, 45.809, 44.47, 43.888, 44.48, 46.017, 26.548], [27.47, 26.22, 24.475, 22.547, 20.47, 18.394, 16.656, 15.214, 13.144, 9.605, 4.898, 0.0, 4.533, 8.552, 12.237, 15.598, 18.659, 21.183, 22.689, 23.382, 23.813, 24.311, 24.936, 25.746, 26.759, 27.817, 28.535, 28.92, 29.182, 29.507, 30.164, 31.109, 32.362, 33.518, 34.097, 34.212, 34.326, 34.72, 35.188, 35.309, 35.176, 35.167, 35.283, 35.347, 35.247, 34.978, 34.66, 34.509, 34.69, 35.19, 35.997, 36.942, 37.641, 37.849, 37.793, 37.996, 38.658, 39.316, 39.679, 39.817, 39.799, 39.752, 39.774, 39.776, 39.65, 39.493, 39.489, 39.65, 39.904, 40.12, 40.111, 39.942, 39.808, 39.732, 39.617, 39.511, 39.341, 38.853, 38.261, 37.872, 37.597, 37.281, 36.865, 36.259, 35.443, 34.637, 34.369, 34.613, 34.861, 34.784, 34.75, 35.029, 35.32, 35.407, 35.368, 35.277, 35.066, 34.923, 35.055, 35.248, 35.273, 35.162, 35.134, 35.305, 35.613, 35.894, 35.936, 35.629, 35.375, 35.63, 36.105, 36.466, 36.753, 36.924, 36.983, 37.027, 37.078, 37.082, 37.125, 37.329, 37.763, 38.254, 38.67, 39.035, 39.145, 38.963, 39.206, 40.241, 41.597, 42.889, 44.031, 44.737, 44.651, 43.965, 43.35, 43.274, 43.725, 44.453, 45.176, 45.758, 46.434, 47.412, 48.543, 49.626, 50.567, 51.184, 51.399, 51.229, 50.666, 49.764, 48.61, 47.298, 45.855, 44.524, 43.944, 44.529, 46.059, 27.995], [28.342, 27.184, 25.598, 23.897, 22.079, 20.143, 18.291, 16.68, 14.823, 12.095, 8.587, 4.533, 0.0, 4.737, 9.448, 13.672, 17.27, 20.065, 21.688, 22.433, 22.91, 23.469, 24.165, 25.027, 26.06, 27.137, 27.889, 28.321, 28.629, 28.993, 29.715, 30.776, 32.173, 33.441, 34.071, 34.2, 34.31, 34.69, 35.16, 35.335, 35.301, 35.376, 35.519, 35.58, 35.494, 35.285, 35.046, 34.955, 35.163, 35.659, 36.436, 37.341, 38.019, 38.228, 38.171, 38.345, 38.944, 39.552, 39.906, 40.06, 40.056, 40.006, 40.013, 40.004, 39.882, 39.739, 39.748, 39.906, 40.154, 40.371, 40.374, 40.226, 40.112, 40.049, 39.941, 39.835, 39.664, 39.19, 38.612, 38.22, 37.946, 37.641, 37.243, 36.656, 35.858, 35.07, 34.806, 35.048, 35.306, 35.241, 35.19, 35.43, 35.694, 35.776, 35.736, 35.647, 35.457, 35.347, 35.498, 35.687, 35.706, 35.6, 35.581, 35.753, 36.05, 36.319, 36.364, 36.078, 35.838, 36.079, 36.525, 36.87, 37.161, 37.34, 37.401, 37.432, 37.451, 37.419, 37.428, 37.604, 38.018, 38.503, 38.91, 39.253, 39.349, 39.174, 39.421, 40.439, 41.769, 43.038, 44.163, 44.868, 44.799, 44.14, 43.544, 43.465, 43.903, 44.619, 45.336, 45.913, 46.575, 47.532, 48.642, 49.707, 50.639, 51.256, 51.47, 51.305, 50.752, 49.863, 48.718, 47.411, 45.977, 44.656, 44.073, 44.637, 46.151, 28.843], [29.26, 28.174, 26.697, 25.152, 23.535, 21.767, 19.93, 18.206, 16.37, 14.103, 11.542, 8.552, 4.737, 0.0, 5.44, 10.699, 15.187, 18.507, 20.358, 21.183, 21.711, 22.357, 23.185, 24.183, 25.312, 26.457, 27.276, 27.768, 28.11, 28.483, 29.23, 30.369, 31.884, 33.258, 33.944, 34.099, 34.223, 34.604, 35.081, 35.31, 35.379, 35.549, 35.734, 35.794, 35.711, 35.556, 35.416, 35.414, 35.671, 36.18, 36.939, 37.824, 38.493, 38.702, 38.641, 38.788, 39.341, 39.92, 40.273, 40.434, 40.429, 40.366, 40.355, 40.338, 40.214, 40.076, 40.085, 40.236, 40.478, 40.7, 40.716, 40.586, 40.481, 40.423, 40.32, 40.211, 40.038, 39.579, 39.016, 38.612, 38.324, 38.025, 37.637, 37.059, 36.275, 35.513, 35.269, 35.522, 35.796, 35.73, 35.634, 35.807, 36.024, 36.097, 36.062, 35.985, 35.821, 35.747, 35.921, 36.112, 36.127, 36.029, 36.025, 36.204, 36.495, 36.752, 36.8, 36.537, 36.317, 36.553, 36.986, 37.332, 37.636, 37.818, 37.871, 37.884, 37.874, 37.806, 37.78, 37.924, 38.307, 38.771, 39.154, 39.467, 39.542, 39.365, 39.607, 40.6, 41.898, 43.138, 44.24, 44.932, 44.866, 44.22, 43.63, 43.54, 43.955, 44.652, 45.359, 45.93, 46.583, 47.524, 48.619, 49.674, 50.6, 51.208, 51.414, 51.25, 50.71, 49.842, 48.719, 47.437, 46.028, 44.727, 44.142, 44.686, 46.185, 29.735], [30.547, 29.534, 28.176, 26.786, 25.344, 23.761, 22.092, 20.477, 18.712, 16.603, 14.444, 12.237, 9.448, 5.44, 0.0, 6.024, 11.588, 15.752, 18.058, 19.064, 19.672, 20.438, 21.466, 22.693, 24.027, 25.334, 26.274, 26.844, 27.223, 27.609, 28.381, 29.574, 31.174, 32.637, 33.378, 33.561, 33.712, 34.12, 34.624, 34.899, 35.049, 35.304, 35.541, 35.617, 35.539, 35.41, 35.336, 35.415, 35.741, 36.296, 37.075, 37.979, 38.662, 38.872, 38.8, 38.925, 39.463, 40.046, 40.412, 40.577, 40.561, 40.479, 40.452, 40.426, 40.298, 40.154, 40.157, 40.304, 40.542, 40.765, 40.786, 40.662, 40.558, 40.498, 40.393, 40.276, 40.098, 39.647, 39.087, 38.67, 38.375, 38.08, 37.696, 37.114, 36.328, 35.58, 35.356, 35.627, 35.908, 35.824, 35.68, 35.795, 35.974, 36.042, 36.025, 35.965, 35.814, 35.757, 35.957, 36.168, 36.189, 36.091, 36.094, 36.28, 36.573, 36.827, 36.877, 36.63, 36.431, 36.678, 37.125, 37.502, 37.831, 38.015, 38.057, 38.057, 38.036, 37.958, 37.922, 38.05, 38.418, 38.871, 39.244, 39.541, 39.595, 39.39, 39.602, 40.57, 41.852, 43.076, 44.16, 44.833, 44.757, 44.109, 43.518, 43.42, 43.821, 44.509, 45.217, 45.795, 46.455, 47.397, 48.496, 49.557, 50.483, 51.077, 51.263, 51.083, 50.539, 49.676, 48.572, 47.316, 45.931, 44.646, 44.067, 44.604, 46.104, 30.957], [31.901, 30.955, 29.722, 28.494, 27.215, 25.809, 24.36, 22.968, 21.381, 19.395, 17.38, 15.598, 13.672, 10.699, 6.024, 0.0, 6.328, 11.43, 14.428, 15.815, 16.596, 17.512, 18.773, 20.297, 21.93, 23.47, 24.555, 25.213, 25.659, 26.112, 26.95, 28.199, 29.877, 31.444, 32.259, 32.474, 32.655, 33.106, 33.659, 33.991, 34.222, 34.57, 34.879, 34.992, 34.924, 34.797, 34.749, 34.891, 35.302, 35.942, 36.786, 37.751, 38.476, 38.693, 38.602, 38.697, 39.226, 39.833, 40.234, 40.418, 40.4, 40.309, 40.27, 40.234, 40.097, 39.943, 39.943, 40.087, 40.318, 40.535, 40.553, 40.426, 40.315, 40.246, 40.133, 40.01, 39.827, 39.374, 38.815, 38.398, 38.108, 37.823, 37.44, 36.849, 36.053, 35.297, 35.078, 35.359, 35.634, 35.528, 35.363, 35.462, 35.633, 35.707, 35.706, 35.659, 35.507, 35.451, 35.677, 35.922, 35.952, 35.842, 35.832, 36.018, 36.319, 36.579, 36.631, 36.39, 36.208, 36.478, 36.955, 37.371, 37.726, 37.915, 37.948, 37.939, 37.922, 37.863, 37.844, 37.976, 38.343, 38.804, 39.191, 39.497, 39.533, 39.276, 39.439, 40.394, 41.683, 42.915, 43.998, 44.662, 44.578, 43.927, 43.334, 43.236, 43.64, 44.334, 45.053, 45.643, 46.311, 47.261, 48.373, 49.45, 50.381, 50.965, 51.129, 50.928, 50.37, 49.506, 48.411, 47.169, 45.787, 44.499, 43.922, 44.47, 45.983, 32.23], [33.2, 32.305, 31.178, 30.089, 28.942, 27.681, 26.427, 25.245, 23.844, 22.027, 20.179, 18.659, 17.27, 15.187, 11.588, 6.328, 0.0, 5.724, 9.533, 11.606, 12.803, 13.951, 15.462, 17.348, 19.379, 21.22, 22.457, 23.191, 23.723, 24.299, 25.258, 26.58, 28.34, 30.033, 30.947, 31.215, 31.442, 31.949, 32.562, 32.956, 33.272, 33.722, 34.112, 34.269, 34.213, 34.085, 34.049, 34.242, 34.744, 35.491, 36.434, 37.485, 38.265, 38.497, 38.385, 38.446, 38.961, 39.591, 40.034, 40.252, 40.248, 40.161, 40.12, 40.076, 39.925, 39.761, 39.762, 39.908, 40.132, 40.338, 40.35, 40.213, 40.084, 39.999, 39.878, 39.756, 39.571, 39.116, 38.561, 38.153, 37.873, 37.594, 37.214, 36.618, 35.808, 35.026, 34.788, 35.063, 35.328, 35.211, 35.052, 35.177, 35.37, 35.453, 35.457, 35.41, 35.248, 35.184, 35.431, 35.709, 35.752, 35.627, 35.595, 35.773, 36.08, 36.346, 36.395, 36.15, 35.975, 36.272, 36.785, 37.231, 37.604, 37.8, 37.833, 37.818, 37.806, 37.768, 37.768, 37.901, 38.268, 38.741, 39.152, 39.479, 39.505, 39.2, 39.329, 40.292, 41.607, 42.864, 43.965, 44.645, 44.572, 43.924, 43.326, 43.229, 43.647, 44.36, 45.092, 45.68, 46.342, 47.293, 48.415, 49.504, 50.44, 51.013, 51.157, 50.935, 50.367, 49.502, 48.408, 47.158, 45.753, 44.442, 43.862, 44.425, 45.951, 33.447], [34.336, 33.482, 32.444, 31.465, 30.409, 29.247, 28.137, 27.111, 25.848, 24.184, 22.513, 21.183, 20.065, 18.507, 15.752, 11.43, 5.724, 0.0, 4.403, 7.337, 9.282, 10.855, 12.625, 14.849, 17.307, 19.494, 20.882, 21.651, 22.239, 22.952, 24.068, 25.47, 27.275, 29.049, 30.048, 30.385, 30.682, 31.257, 31.92, 32.351, 32.712, 33.222, 33.663, 33.847, 33.801, 33.681, 33.665, 33.898, 34.461, 35.291, 36.311, 37.422, 38.236, 38.479, 38.359, 38.405, 38.917, 39.562, 40.027, 40.264, 40.269, 40.19, 40.157, 40.115, 39.956, 39.785, 39.79, 39.941, 40.158, 40.347, 40.34, 40.185, 40.036, 39.937, 39.811, 39.693, 39.512, 39.061, 38.515, 38.118, 37.842, 37.564, 37.185, 36.592, 35.778, 34.972, 34.706, 34.965, 35.218, 35.099, 34.957, 35.112, 35.332, 35.422, 35.422, 35.368, 35.192, 35.116, 35.373, 35.678, 35.738, 35.608, 35.558, 35.721, 36.025, 36.291, 36.332, 36.075, 35.903, 36.225, 36.769, 37.234, 37.616, 37.816, 37.85, 37.837, 37.83, 37.804, 37.814, 37.953, 38.328, 38.815, 39.245, 39.587, 39.607, 39.278, 39.385, 40.352, 41.684, 42.957, 44.073, 44.771, 44.715, 44.071, 43.466, 43.37, 43.804, 44.536, 45.272, 45.848, 46.495, 47.439, 48.563, 49.655, 50.59, 51.153, 51.277, 51.038, 50.462, 49.595, 48.499, 47.239, 45.813, 44.48, 43.895, 44.467, 45.992, 34.514], [34.973, 34.147, 33.17, 32.267, 31.268, 30.171, 29.156, 28.229, 27.049, 25.475, 23.911, 22.689, 21.688, 20.358, 18.058, 14.428, 9.533, 4.403, 0.0, 3.525, 6.31, 8.538, 10.661, 13.175, 16.007, 18.531, 20.068, 20.841, 21.438, 22.256, 23.52, 24.993, 26.796, 28.585, 29.625, 30.022, 30.392, 31.031, 31.729, 32.159, 32.505, 33.009, 33.455, 33.645, 33.599, 33.482, 33.48, 33.731, 34.312, 35.162, 36.212, 37.347, 38.177, 38.425, 38.305, 38.354, 38.876, 39.532, 40.003, 40.24, 40.245, 40.173, 40.155, 40.126, 39.969, 39.796, 39.799, 39.948, 40.152, 40.322, 40.296, 40.126, 39.97, 39.868, 39.741, 39.625, 39.447, 38.997, 38.448, 38.05, 37.77, 37.483, 37.097, 36.503, 35.683, 34.859, 34.575, 34.823, 35.074, 34.958, 34.828, 34.999, 35.231, 35.325, 35.322, 35.259, 35.065, 34.975, 35.239, 35.565, 35.642, 35.509, 35.443, 35.593, 35.89, 36.152, 36.187, 35.923, 35.752, 36.088, 36.65, 37.13, 37.519, 37.719, 37.753, 37.744, 37.746, 37.727, 37.746, 37.902, 38.297, 38.8, 39.241, 39.59, 39.613, 39.28, 39.377, 40.341, 41.676, 42.951, 44.071, 44.777, 44.726, 44.078, 43.464, 43.369, 43.817, 44.566, 45.308, 45.88, 46.521, 47.466, 48.596, 49.691, 50.626, 51.185, 51.301, 51.053, 50.469, 49.594, 48.491, 47.223, 45.786, 44.441, 43.852, 44.429, 45.945, 35.105], [35.16, 34.347, 33.405, 32.547, 31.588, 30.539, 29.594, 28.734, 27.6, 26.067, 24.552, 23.382, 22.433, 21.183, 19.064, 15.815, 11.606, 7.337, 3.525, 0.0, 3.34, 6.314, 9.034, 11.978, 15.183, 18.003, 19.674, 20.453, 21.04, 21.913, 23.274, 24.8, 26.593, 28.368, 29.419, 29.849, 30.27, 30.956, 31.672, 32.083, 32.383, 32.849, 33.28, 33.467, 33.415, 33.292, 33.292, 33.549, 34.122, 34.954, 36.001, 37.153, 37.999, 38.255, 38.138, 38.196, 38.735, 39.404, 39.876, 40.109, 40.113, 40.045, 40.041, 40.03, 39.884, 39.71, 39.706, 39.85, 40.048, 40.208, 40.17, 39.997, 39.85, 39.756, 39.626, 39.51, 39.336, 38.875, 38.303, 37.888, 37.597, 37.297, 36.896, 36.286, 35.446, 34.601, 34.313, 34.568, 34.826, 34.719, 34.593, 34.767, 35.002, 35.098, 35.094, 35.019, 34.806, 34.703, 34.975, 35.318, 35.405, 35.265, 35.184, 35.326, 35.624, 35.888, 35.923, 35.655, 35.483, 35.828, 36.4, 36.894, 37.296, 37.499, 37.534, 37.531, 37.542, 37.526, 37.547, 37.716, 38.13, 38.643, 39.09, 39.45, 39.488, 39.167, 39.266, 40.229, 41.561, 42.832, 43.956, 44.668, 44.618, 43.96, 43.333, 43.237, 43.698, 44.468, 45.225, 45.808, 46.46, 47.42, 48.563, 49.666, 50.606, 51.167, 51.285, 51.034, 50.441, 49.551, 48.433, 47.152, 45.703, 44.349, 43.762, 44.348, 45.862, 35.263], [35.185, 34.379, 33.455, 32.629, 31.706, 30.701, 29.811, 29.006, 27.913, 26.415, 24.941, 23.813, 22.91, 21.711, 19.672, 16.596, 12.803, 9.282, 6.31, 3.34, 0.0, 3.508, 6.99, 10.64, 14.351, 17.46, 19.249, 20.059, 20.662, 21.565, 22.971, 24.532, 26.342, 28.132, 29.191, 29.632, 30.072, 30.778, 31.502, 31.9, 32.169, 32.611, 33.035, 33.219, 33.162, 33.034, 33.038, 33.306, 33.881, 34.705, 35.755, 36.929, 37.795, 38.06, 37.945, 38.013, 38.574, 39.259, 39.735, 39.967, 39.971, 39.907, 39.912, 39.913, 39.777, 39.602, 39.594, 39.738, 39.938, 40.096, 40.054, 39.882, 39.749, 39.666, 39.536, 39.423, 39.256, 38.782, 38.181, 37.746, 37.443, 37.13, 36.713, 36.08, 35.211, 34.347, 34.067, 34.336, 34.605, 34.502, 34.375, 34.553, 34.793, 34.891, 34.886, 34.803, 34.573, 34.463, 34.745, 35.103, 35.194, 35.044, 34.951, 35.093, 35.402, 35.678, 35.717, 35.444, 35.272, 35.627, 36.209, 36.715, 37.132, 37.345, 37.384, 37.387, 37.406, 37.387, 37.398, 37.566, 37.99, 38.512, 38.966, 39.339, 39.395, 39.083, 39.186, 40.148, 41.476, 42.746, 43.879, 44.603, 44.557, 43.888, 43.249, 43.152, 43.626, 44.415, 45.194, 45.796, 46.468, 47.449, 48.609, 49.722, 50.668, 51.234, 51.358, 51.108, 50.507, 49.603, 48.467, 47.169, 45.701, 44.337, 43.758, 44.364, 45.893, 35.266], [35.224, 34.422, 33.513, 32.718, 31.832, 30.867, 30.024, 29.272, 28.231, 26.791, 25.381, 24.311, 23.469, 22.357, 20.438, 17.512, 13.951, 10.855, 8.538, 6.314, 3.508, 0.0, 4.041, 8.484, 12.876, 16.385, 18.337, 19.209, 19.869, 20.838, 22.301, 23.915, 25.791, 27.647, 28.737, 29.183, 29.625, 30.337, 31.07, 31.468, 31.731, 32.175, 32.608, 32.793, 32.729, 32.598, 32.612, 32.903, 33.501, 34.352, 35.439, 36.654, 37.542, 37.809, 37.69, 37.765, 38.354, 39.065, 39.551, 39.787, 39.797, 39.734, 39.741, 39.747, 39.615, 39.439, 39.43, 39.577, 39.782, 39.939, 39.89, 39.715, 39.589, 39.513, 39.384, 39.276, 39.118, 38.636, 38.016, 37.566, 37.254, 36.933, 36.502, 35.847, 34.952, 34.071, 33.791, 34.07, 34.346, 34.245, 34.126, 34.325, 34.584, 34.69, 34.687, 34.6, 34.358, 34.24, 34.53, 34.9, 34.994, 34.833, 34.731, 34.877, 35.201, 35.492, 35.534, 35.252, 35.075, 35.439, 36.031, 36.545, 36.972, 37.194, 37.242, 37.253, 37.278, 37.254, 37.249, 37.41, 37.845, 38.381, 38.845, 39.23, 39.295, 38.985, 39.091, 40.064, 41.405, 42.692, 43.847, 44.592, 44.55, 43.873, 43.228, 43.136, 43.624, 44.435, 45.237, 45.859, 46.55, 47.551, 48.729, 49.855, 50.809, 51.384, 51.518, 51.276, 50.672, 49.757, 48.606, 47.282, 45.783, 44.398, 43.829, 44.471, 46.036, 35.28], [35.371, 34.575, 33.69, 32.932, 32.078, 31.143, 30.339, 29.637, 28.657, 27.286, 25.947, 24.936, 24.165, 23.185, 21.466, 18.773, 15.462, 12.625, 10.661, 9.034, 6.99, 4.041, 0.0, 4.963, 10.101, 14.226, 16.496, 17.501, 18.264, 19.386, 21.036, 22.81, 24.832, 26.807, 27.955, 28.422, 28.88, 29.616, 30.375, 30.786, 31.059, 31.523, 31.976, 32.167, 32.094, 31.95, 31.967, 32.276, 32.903, 33.8, 34.954, 36.232, 37.151, 37.416, 37.281, 37.354, 37.969, 38.715, 39.218, 39.462, 39.478, 39.414, 39.415, 39.417, 39.282, 39.104, 39.094, 39.247, 39.46, 39.62, 39.563, 39.379, 39.254, 39.18, 39.049, 38.943, 38.79, 38.308, 37.683, 37.233, 36.919, 36.593, 36.154, 35.487, 34.575, 33.672, 33.371, 33.642, 33.922, 33.834, 33.747, 33.997, 34.294, 34.413, 34.412, 34.325, 34.075, 33.947, 34.237, 34.615, 34.709, 34.538, 34.424, 34.572, 34.91, 35.215, 35.258, 34.96, 34.769, 35.14, 35.742, 36.258, 36.687, 36.916, 36.971, 36.992, 37.025, 36.998, 36.986, 37.153, 37.608, 38.162, 38.639, 39.034, 39.098, 38.785, 38.904, 39.912, 41.296, 42.622, 43.811, 44.577, 44.538, 43.853, 43.207, 43.125, 43.631, 44.461, 45.282, 45.919, 46.623, 47.64, 48.837, 49.975, 50.939, 51.53, 51.687, 51.463, 50.864, 49.94, 48.768, 47.409, 45.863, 44.442, 43.873, 44.558, 46.179, 35.397], [35.722, 34.948, 34.107, 33.395, 32.567, 31.647, 30.865, 30.201, 29.283, 27.989, 26.718, 25.746, 25.027, 24.183, 22.693, 20.297, 17.348, 14.849, 13.175, 11.978, 10.64, 8.484, 4.963, 0.0, 5.682, 10.558, 13.384, 14.708, 15.669, 17.04, 19.051, 21.179, 23.503, 25.69, 26.946, 27.479, 27.994, 28.784, 29.596, 30.056, 30.377, 30.888, 31.371, 31.572, 31.492, 31.335, 31.348, 31.669, 32.312, 33.246, 34.461, 35.802, 36.754, 37.019, 36.86, 36.904, 37.517, 38.288, 38.813, 39.073, 39.098, 39.029, 39.018, 39.007, 38.86, 38.679, 38.677, 38.847, 39.079, 39.248, 39.19, 38.999, 38.872, 38.799, 38.666, 38.56, 38.418, 37.952, 37.349, 36.919, 36.618, 36.298, 35.865, 35.205, 34.299, 33.38, 33.04, 33.279, 33.556, 33.493, 33.457, 33.765, 34.099, 34.229, 34.23, 34.149, 33.902, 33.766, 34.047, 34.423, 34.516, 34.335, 34.21, 34.355, 34.698, 35.011, 35.056, 34.743, 34.538, 34.914, 35.526, 36.04, 36.464, 36.696, 36.76, 36.789, 36.825, 36.797, 36.785, 36.964, 37.437, 38.002, 38.491, 38.892, 38.947, 38.621, 38.751, 39.798, 41.232, 42.598, 43.816, 44.602, 44.57, 43.884, 43.238, 43.162, 43.677, 44.52, 45.356, 46.003, 46.716, 47.746, 48.956, 50.104, 51.075, 51.685, 51.875, 51.682, 51.094, 50.166, 48.976, 47.586, 46.001, 44.547, 43.973, 44.687, 46.353, 35.718], [36.249, 35.51, 34.724, 34.063, 33.261, 32.348, 31.571, 30.928, 30.071, 28.875, 27.693, 26.759, 26.06, 25.312, 24.027, 21.93, 19.379, 17.307, 16.007, 15.183, 14.351, 12.876, 10.101, 5.682, 0.0, 5.451, 9.04, 11.051, 12.454, 14.143, 16.58, 19.207, 22.01, 24.541, 25.988, 26.639, 27.234, 28.079, 28.957, 29.515, 29.95, 30.545, 31.065, 31.274, 31.197, 31.044, 31.067, 31.401, 32.056, 33.01, 34.252, 35.621, 36.595, 36.865, 36.676, 36.653, 37.211, 37.979, 38.531, 38.825, 38.868, 38.796, 38.769, 38.738, 38.573, 38.391, 38.413, 38.613, 38.871, 39.059, 39.012, 38.829, 38.713, 38.654, 38.533, 38.434, 38.306, 37.879, 37.326, 36.939, 36.668, 36.374, 35.965, 35.334, 34.463, 33.559, 33.183, 33.373, 33.633, 33.594, 33.598, 33.931, 34.271, 34.404, 34.413, 34.349, 34.12, 33.981, 34.242, 34.601, 34.692, 34.512, 34.38, 34.51, 34.843, 35.154, 35.2, 34.887, 34.68, 35.057, 35.668, 36.17, 36.582, 36.813, 36.885, 36.916, 36.943, 36.903, 36.887, 37.061, 37.522, 38.081, 38.571, 38.972, 39.017, 38.683, 38.817, 39.882, 41.334, 42.71, 43.932, 44.727, 44.711, 44.035, 43.387, 43.3, 43.806, 44.65, 45.495, 46.149, 46.867, 47.904, 49.12, 50.265, 51.233, 51.856, 52.073, 51.909, 51.341, 50.418, 49.226, 47.832, 46.245, 44.793, 44.225, 44.945, 46.61, 36.226], [36.812, 36.106, 35.366, 34.747, 33.972, 33.071, 32.299, 31.672, 30.875, 29.782, 28.7, 27.817, 27.137, 26.457, 25.334, 23.47, 21.22, 19.494, 18.531, 18.003, 17.46, 16.385, 14.226, 10.558, 5.451, 0.0, 4.271, 7.319, 9.537, 11.677, 14.459, 17.499, 20.764, 23.66, 25.316, 26.073, 26.714, 27.578, 28.507, 29.176, 29.751, 30.448, 31.007, 31.217, 31.14, 30.998, 31.048, 31.41, 32.087, 33.065, 34.323, 35.697, 36.678, 36.952, 36.733, 36.637, 37.122, 37.872, 38.458, 38.798, 38.868, 38.8, 38.763, 38.715, 38.532, 38.352, 38.405, 38.637, 38.916, 39.122, 39.096, 38.938, 38.849, 38.818, 38.72, 38.629, 38.507, 38.11, 37.606, 37.263, 37.022, 36.755, 36.371, 35.768, 34.937, 34.066, 33.677, 33.819, 34.051, 34.026, 34.052, 34.382, 34.704, 34.832, 34.852, 34.807, 34.593, 34.453, 34.694, 35.039, 35.132, 34.963, 34.826, 34.931, 35.242, 35.543, 35.591, 35.287, 35.084, 35.458, 36.062, 36.546, 36.939, 37.165, 37.241, 37.272, 37.284, 37.231, 37.204, 37.355, 37.785, 38.328, 38.814, 39.212, 39.259, 38.938, 39.091, 40.157, 41.597, 42.956, 44.163, 44.959, 44.963, 44.304, 43.653, 43.545, 44.031, 44.869, 45.715, 46.373, 47.091, 48.124, 49.333, 50.466, 51.423, 52.044, 52.269, 52.119, 51.564, 50.651, 49.464, 48.08, 46.514, 45.089, 44.54, 45.257, 46.892, 36.778], [37.145, 36.464, 35.756, 35.163, 34.403, 33.519, 32.773, 32.179, 31.426, 30.393, 29.372, 28.535, 27.889, 27.276, 26.274, 24.555, 22.457, 20.882, 20.068, 19.674, 19.249, 18.337, 16.496, 13.384, 9.04, 4.271, 0.0, 3.764, 6.912, 9.859, 13.098, 16.344, 19.788, 22.883, 24.682, 25.503, 26.169, 27.048, 28.015, 28.757, 29.426, 30.202, 30.793, 30.999, 30.905, 30.761, 30.827, 31.213, 31.919, 32.934, 34.227, 35.619, 36.612, 36.892, 36.661, 36.526, 36.967, 37.701, 38.309, 38.685, 38.782, 38.728, 38.692, 38.63, 38.427, 38.241, 38.309, 38.563, 38.861, 39.086, 39.078, 38.939, 38.868, 38.857, 38.773, 38.679, 38.544, 38.148, 37.663, 37.34, 37.114, 36.856, 36.481, 35.889, 35.078, 34.222, 33.818, 33.921, 34.129, 34.118, 34.17, 34.506, 34.818, 34.939, 34.966, 34.928, 34.714, 34.564, 34.797, 35.144, 35.247, 35.088, 34.945, 35.033, 35.327, 35.623, 35.671, 35.369, 35.165, 35.541, 36.148, 36.624, 37.002, 37.223, 37.301, 37.332, 37.337, 37.275, 37.243, 37.384, 37.8, 38.341, 38.827, 39.22, 39.272, 38.972, 39.147, 40.22, 41.65, 42.991, 44.184, 44.981, 45.0, 44.355, 43.703, 43.586, 44.065, 44.903, 45.751, 46.408, 47.124, 48.154, 49.358, 50.484, 51.437, 52.054, 52.277, 52.127, 51.574, 50.663, 49.479, 48.103, 46.551, 45.137, 44.595, 45.311, 46.931, 37.083], [37.238, 36.578, 35.899, 35.328, 34.572, 33.701, 32.997, 32.449, 31.724, 30.709, 29.716, 28.92, 28.321, 27.768, 26.844, 25.213, 23.191, 21.651, 20.841, 20.453, 20.059, 19.209, 17.501, 14.708, 11.051, 7.319, 3.764, 0.0, 3.845, 7.924, 11.978, 15.484, 18.929, 22.044, 23.902, 24.775, 25.484, 26.405, 27.41, 28.19, 28.903, 29.722, 30.336, 30.538, 30.428, 30.27, 30.335, 30.738, 31.472, 32.523, 33.854, 35.272, 36.278, 36.564, 36.333, 36.197, 36.638, 37.373, 37.986, 38.376, 38.492, 38.458, 38.436, 38.374, 38.153, 37.947, 38.009, 38.273, 38.589, 38.833, 38.836, 38.696, 38.625, 38.615, 38.533, 38.427, 38.269, 37.856, 37.367, 37.045, 36.813, 36.549, 36.171, 35.58, 34.773, 33.911, 33.481, 33.555, 33.751, 33.753, 33.835, 34.195, 34.512, 34.631, 34.656, 34.616, 34.392, 34.232, 34.465, 34.823, 34.938, 34.782, 34.635, 34.714, 35.004, 35.301, 35.35, 35.038, 34.824, 35.204, 35.822, 36.304, 36.68, 36.901, 36.982, 37.018, 37.023, 36.959, 36.93, 37.083, 37.515, 38.065, 38.548, 38.933, 38.983, 38.69, 38.883, 39.974, 41.407, 42.744, 43.935, 44.739, 44.765, 44.122, 43.466, 43.345, 43.828, 44.675, 45.529, 46.188, 46.908, 47.945, 49.157, 50.295, 51.258, 51.878, 52.1, 51.944, 51.385, 50.47, 49.287, 47.915, 46.36, 44.936, 44.387, 45.109, 46.742, 37.133], [37.259, 36.622, 35.97, 35.422, 34.672, 33.806, 33.124, 32.606, 31.899, 30.899, 29.933, 29.182, 28.629, 28.11, 27.223, 25.659, 23.723, 22.239, 21.438, 21.04, 20.662, 19.869, 18.264, 15.669, 12.454, 9.537, 6.912, 3.845, 0.0, 4.9, 9.896, 14.019, 17.758, 20.995, 22.925, 23.871, 24.66, 25.655, 26.722, 27.556, 28.32, 29.181, 29.82, 30.031, 29.925, 29.77, 29.848, 30.278, 31.049, 32.129, 33.489, 34.928, 35.939, 36.216, 35.975, 35.84, 36.302, 37.064, 37.697, 38.098, 38.225, 38.21, 38.216, 38.174, 37.953, 37.727, 37.773, 38.035, 38.36, 38.613, 38.619, 38.471, 38.388, 38.367, 38.277, 38.164, 37.992, 37.561, 37.061, 36.733, 36.496, 36.226, 35.845, 35.252, 34.436, 33.549, 33.093, 33.158, 33.357, 33.367, 33.467, 33.848, 34.176, 34.296, 34.317, 34.272, 34.04, 33.875, 34.113, 34.479, 34.598, 34.441, 34.288, 34.363, 34.655, 34.957, 35.01, 34.69, 34.459, 34.836, 35.46, 35.951, 36.336, 36.562, 36.647, 36.689, 36.696, 36.629, 36.604, 36.776, 37.232, 37.793, 38.273, 38.65, 38.695, 38.405, 38.611, 39.723, 41.177, 42.523, 43.718, 44.523, 44.545, 43.891, 43.224, 43.098, 43.582, 44.433, 45.292, 45.954, 46.68, 47.728, 48.957, 50.119, 51.099, 51.723, 51.94, 51.78, 51.221, 50.307, 49.123, 47.745, 46.178, 44.736, 44.177, 44.906, 46.552, 37.112], [37.404, 36.786, 36.15, 35.619, 34.882, 34.016, 33.32, 32.793, 32.1, 31.131, 30.207, 29.507, 28.993, 28.483, 27.609, 26.112, 24.299, 22.952, 22.256, 21.913, 21.565, 20.838, 19.386, 17.04, 14.143, 11.677, 9.859, 7.924, 4.9, 0.0, 5.677, 10.817, 15.516, 19.35, 21.537, 22.599, 23.489, 24.598, 25.785, 26.734, 27.609, 28.559, 29.245, 29.478, 29.393, 29.277, 29.417, 29.921, 30.77, 31.911, 33.312, 34.774, 35.782, 36.03, 35.748, 35.586, 36.057, 36.866, 37.557, 37.998, 38.138, 38.132, 38.164, 38.166, 37.973, 37.752, 37.794, 38.045, 38.359, 38.607, 38.613, 38.468, 38.38, 38.345, 38.249, 38.138, 37.97, 37.531, 37.02, 36.69, 36.457, 36.191, 35.809, 35.209, 34.374, 33.453, 32.975, 33.05, 33.266, 33.276, 33.368, 33.745, 34.078, 34.201, 34.223, 34.182, 33.954, 33.789, 34.025, 34.39, 34.508, 34.345, 34.184, 34.253, 34.543, 34.846, 34.906, 34.587, 34.352, 34.731, 35.361, 35.859, 36.254, 36.486, 36.569, 36.604, 36.604, 36.53, 36.507, 36.689, 37.154, 37.721, 38.205, 38.584, 38.632, 38.345, 38.559, 39.695, 41.185, 42.56, 43.763, 44.562, 44.572, 43.906, 43.23, 43.096, 43.573, 44.421, 45.28, 45.942, 46.67, 47.725, 48.97, 50.155, 51.146, 51.759, 51.963, 51.802, 51.252, 50.345, 49.152, 47.755, 46.168, 44.714, 44.152, 44.883, 46.52, 37.226], [37.774, 37.171, 36.545, 36.031, 35.314, 34.457, 33.755, 33.223, 32.547, 31.626, 30.777, 30.164, 29.715, 29.23, 28.381, 26.95, 25.258, 24.068, 23.52, 23.274, 22.971, 22.301, 21.036, 19.051, 16.58, 14.459, 13.098, 11.978, 9.896, 5.677, 0.0, 6.032, 12.039, 16.922, 19.628, 20.872, 21.871, 23.132, 24.503, 25.617, 26.638, 27.709, 28.461, 28.72, 28.66, 28.603, 28.85, 29.485, 30.464, 31.704, 33.16, 34.64, 35.636, 35.849, 35.525, 35.337, 35.826, 36.696, 37.465, 37.961, 38.117, 38.108, 38.162, 38.225, 38.102, 37.921, 37.974, 38.212, 38.502, 38.727, 38.725, 38.587, 38.501, 38.461, 38.36, 38.252, 38.086, 37.642, 37.123, 36.793, 36.563, 36.306, 35.932, 35.331, 34.49, 33.551, 33.057, 33.136, 33.36, 33.361, 33.427, 33.783, 34.111, 34.239, 34.269, 34.241, 34.023, 33.851, 34.068, 34.417, 34.527, 34.359, 34.189, 34.253, 34.537, 34.835, 34.897, 34.591, 34.378, 34.785, 35.433, 35.944, 36.353, 36.591, 36.663, 36.676, 36.653, 36.57, 36.558, 36.754, 37.222, 37.789, 38.271, 38.646, 38.69, 38.396, 38.603, 39.749, 41.273, 42.684, 43.904, 44.699, 44.701, 44.032, 43.359, 43.231, 43.708, 44.553, 45.408, 46.062, 46.779, 47.828, 49.077, 50.273, 51.264, 51.862, 52.054, 51.899, 51.363, 50.46, 49.254, 47.836, 46.235, 44.777, 44.22, 44.952, 46.567, 37.568], [38.159, 37.574, 36.972, 36.488, 35.794, 34.967, 34.313, 33.837, 33.209, 32.344, 31.592, 31.109, 30.776, 30.369, 29.574, 28.199, 26.58, 25.47, 24.993, 24.8, 24.532, 23.915, 22.81, 21.179, 19.207, 17.499, 16.344, 15.484, 14.019, 10.817, 6.032, 0.0, 6.886, 12.944, 16.457, 18.054, 19.259, 20.793, 22.478, 23.82, 24.991, 26.175, 27.0, 27.292, 27.259, 27.269, 27.649, 28.462, 29.622, 30.997, 32.531, 34.035, 35.022, 35.207, 34.867, 34.709, 35.275, 36.235, 37.074, 37.611, 37.783, 37.78, 37.854, 37.982, 37.954, 37.844, 37.924, 38.17, 38.45, 38.646, 38.609, 38.444, 38.344, 38.296, 38.191, 38.071, 37.883, 37.417, 36.885, 36.544, 36.297, 36.034, 35.667, 35.08, 34.254, 33.311, 32.793, 32.855, 33.072, 33.063, 33.113, 33.461, 33.792, 33.923, 33.952, 33.93, 33.713, 33.518, 33.7, 34.02, 34.113, 33.932, 33.756, 33.825, 34.117, 34.413, 34.474, 34.183, 34.006, 34.458, 35.143, 35.685, 36.121, 36.369, 36.431, 36.421, 36.381, 36.299, 36.311, 36.55, 37.047, 37.615, 38.08, 38.429, 38.446, 38.119, 38.296, 39.433, 40.975, 42.421, 43.672, 44.48, 44.484, 43.815, 43.152, 43.047, 43.55, 44.408, 45.257, 45.893, 46.59, 47.628, 48.874, 50.072, 51.061, 51.653, 51.844, 51.696, 51.162, 50.245, 49.015, 47.575, 45.96, 44.491, 43.935, 44.683, 46.297, 37.891], [38.65, 38.092, 37.53, 37.097, 36.45, 35.69, 35.146, 34.784, 34.226, 33.402, 32.72, 32.362, 32.173, 31.884, 31.174, 29.877, 28.34, 27.275, 26.796, 26.593, 26.342, 25.791, 24.832, 23.503, 22.01, 20.764, 19.788, 18.929, 17.758, 15.516, 12.039, 6.886, 0.0, 6.938, 11.473, 13.781, 15.527, 