[[0.0, 9.02, 17.295, 21.291, 23.339, 25.287, 26.909, 28.478, 30.02, 30.22, 30.497, 32.242, 34.346, 35.125, 35.294, 35.941, 36.253, 36.55, 37.114, 37.48, 37.006, 36.786, 37.547, 38.605, 39.328, 38.938, 39.12, 38.758, 37.16, 36.246, 36.521, 36.721, 36.349, 35.47, 34.044, 33.36, 33.628, 33.46, 33.313, 33.618, 33.309, 33.19, 33.09, 33.08, 33.954, 34.898, 35.717, 35.885, 35.515, 35.681, 37.145, 38.654, 38.911, 38.392, 37.636, 37.149, 36.497, 35.907, 35.885, 36.343, 37.186, 38.07, 38.442, 38.479, 38.549, 39.119, 39.04, 38.845, 39.064, 39.617, 40.024, 39.829, 39.629, 40.26, 41.107, 41.041, 40.788, 40.105, 39.311, 38.65, 38.289, 37.451, 36.941, 37.034, 36.352, 37.197, 41.436, 43.829, 43.143, 42.969, 43.944, 45.023, 45.948, 46.303, 46.129, 45.924, 46.383, 46.595, 45.977, 44.944, 45.423, 46.212, 45.098, 43.26, 42.847, 43.527, 40.977, 35.781, 33.756, 33.564, 33.582, 34.491, 34.788, 35.009, 35.547, 36.138, 36.623, 36.688, 36.802, 36.551, 35.89, 35.611, 35.634, 35.319, 35.353, 36.083, 9.618], [9.02, 0.0, 10.889, 16.403, 19.02, 21.643, 24.122, 26.201, 28.036, 28.347, 28.689, 30.679, 33.13, 34.177, 34.499, 35.211, 35.546, 35.892, 36.603, 37.07, 36.549, 36.574, 37.582, 38.639, 39.366, 38.925, 39.051, 38.612, 36.922, 36.052, 36.461, 36.659, 36.217, 35.288, 33.809, 33.106, 33.346, 33.145, 32.985, 33.261, 32.928, 32.849, 32.761, 32.746, 33.756, 34.795, 35.579, 35.715, 35.384, 35.616, 37.081, 38.551, 38.795, 38.228, 37.437, 36.942, 36.224, 35.587, 35.586, 36.005, 36.743, 37.652, 38.091, 38.155, 38.214, 38.805, 38.748, 38.585, 38.839, 39.39, 39.797, 39.574, 39.341, 39.959, 40.794, 40.724, 40.544, 39.963, 39.296, 38.617, 38.284, 37.497, 36.989, 37.122, 36.442, 37.247, 41.482, 43.885, 43.178, 43.02, 44.046, 45.142, 46.042, 46.381, 46.193, 45.985, 46.459, 46.648, 45.966, 44.926, 45.389, 46.212, 45.141, 43.257, 42.848, 43.575, 40.993, 35.692, 33.588, 33.352, 33.351, 34.347, 34.753, 35.005, 35.533, 36.088, 36.567, 36.659, 36.768, 36.494, 35.766, 35.394, 35.352, 34.992, 35.008, 35.764, 15.392], [17.295, 10.889, 0.0, 8.995, 13.988, 17.433, 20.904, 23.854, 26.221, 26.474, 26.681, 29.008, 31.883, 33.228, 33.715, 34.518, 34.931, 35.35, 36.154, 36.707, 36.274, 36.469, 37.533, 38.636, 39.449, 38.981, 38.983, 38.397, 36.632, 35.81, 36.356, 36.659, 36.244, 35.381, 33.949, 33.249, 33.473, 33.256, 33.051, 33.226, 32.853, 32.816, 32.75, 32.773, 33.995, 35.174, 35.942, 36.043, 35.744, 36.058, 37.558, 38.958, 39.122, 38.485, 37.669, 37.148, 36.353, 35.658, 35.652, 36.047, 36.721, 37.597, 38.048, 38.141, 38.202, 38.769, 38.701, 38.487, 38.623, 39.062, 39.46, 39.297, 39.071, 39.67, 40.524, 40.481, 40.382, 39.955, 39.423, 38.738, 38.441, 37.716, 37.233, 37.377, 36.731, 37.626, 41.901, 44.285, 43.58, 43.428, 44.489, 45.614, 46.5, 46.817, 46.629, 46.407, 46.845, 46.982, 46.165, 45.05, 45.418, 46.188, 45.147, 43.252, 42.904, 43.692, 40.986, 35.693, 33.67, 33.452, 33.363, 34.255, 34.656, 34.908, 35.436, 35.961, 36.386, 36.481, 36.592, 36.305, 35.597, 35.259, 35.22, 34.824, 34.742, 35.426, 21.193], [21.291, 16.403, 8.995, 0.0, 8.088, 13.413, 17.7, 21.253, 24.129, 24.719, 25.072, 27.544, 30.601, 32.149, 32.796, 33.699, 34.193, 34.701, 35.608, 36.181, 35.943, 36.464, 37.52, 38.718, 39.697, 39.334, 39.365, 38.765, 37.016, 36.136, 36.634, 36.94, 36.519, 35.679, 34.342, 33.691, 33.889, 33.692, 33.448, 33.542, 33.161, 33.094, 33.088, 33.216, 34.434, 35.6, 36.349, 36.429, 36.133, 36.498, 38.053, 39.446, 39.587, 38.947, 38.128, 37.637, 36.894, 36.212, 36.203, 36.56, 37.181, 38.013, 38.455, 38.563, 38.597, 39.07, 38.884, 38.585, 38.666, 39.036, 39.421, 39.273, 39.073, 39.695, 40.553, 40.531, 40.467, 40.127, 39.633, 38.934, 38.659, 37.982, 37.509, 37.631, 37.018, 37.87, 42.008, 44.285, 43.569, 43.464, 44.563, 45.68, 46.523, 46.812, 46.627, 46.397, 46.797, 46.9, 46.064, 44.971, 45.339, 46.066, 45.029, 43.168, 42.847, 43.592, 40.858, 35.828, 34.013, 33.794, 33.745, 34.667, 35.087, 35.382, 35.937, 36.5, 36.949, 37.002, 37.077, 36.781, 36.064, 35.699, 35.636, 35.229, 35.133, 35.811, 24.745], [23.339, 19.02, 13.988, 8.088, 0.0, 8.334, 14.536, 18.538, 21.637, 22.649, 23.585, 26.307, 29.371, 30.933, 31.625, 32.579, 33.104, 33.65, 34.642, 35.235, 35.038, 35.807, 36.985, 38.227, 39.32, 39.151, 39.323, 38.73, 36.952, 35.977, 36.421, 36.678, 36.25, 35.428, 34.135, 33.544, 33.78, 33.61, 33.385, 33.468, 33.057, 32.97, 32.994, 33.178, 34.403, 35.511, 36.198, 36.267, 36.007, 36.392, 37.935, 39.341, 39.503, 38.856, 38.015, 37.507, 36.76, 36.1, 36.105, 36.454, 37.088, 37.961, 38.401, 38.499, 38.523, 38.962, 38.732, 38.461, 38.628, 39.029, 39.402, 39.247, 39.06, 39.697, 40.54, 40.476, 40.485, 40.157, 39.668, 38.981, 38.695, 37.997, 37.461, 37.554, 36.93, 37.743, 41.867, 44.144, 43.433, 43.363, 44.505, 45.646, 46.483, 46.788, 46.605, 46.367, 46.781, 46.876, 46.019, 44.934, 45.347, 46.098, 45.071, 43.234, 42.943, 43.701, 40.971, 35.946, 34.047, 33.797, 33.774, 34.758, 35.236, 35.523, 36.096, 36.714, 37.217, 37.304, 37.362, 37.029, 36.254, 35.85, 35.806, 35.415, 35.327, 36.051, 26.445], [25.287, 21.643, 17.433, 13.413, 8.334, 0.0, 8.453, 14.361, 18.127, 19.479, 21.039, 24.516, 27.98, 29.73, 30.636, 31.803, 32.42, 33.025, 34.067, 34.678, 34.578, 35.49, 36.76, 38.074, 39.212, 39.179, 39.478, 38.95, 37.206, 36.254, 36.716, 36.933, 36.49, 35.72, 34.467, 33.868, 34.076, 33.91, 33.716, 33.798, 33.374, 33.285, 33.311, 33.459, 34.594, 35.663, 36.356, 36.424, 36.189, 36.591, 38.107, 39.47, 39.655, 39.021, 38.184, 37.695, 36.976, 36.343, 36.356, 36.688, 37.282, 38.091, 38.48, 38.561, 38.603, 39.036, 38.835, 38.624, 38.801, 39.197, 39.578, 39.463, 39.267, 39.858, 40.677, 40.579, 40.576, 40.337, 39.858, 39.204, 38.956, 38.249, 37.646, 37.661, 37.012, 37.86, 41.921, 44.158, 43.472, 43.392, 44.527, 45.693, 46.549, 46.87, 46.691, 46.442, 46.859, 46.983, 46.127, 45.061, 45.494, 46.2, 45.164, 43.353, 43.049, 43.784, 41.12, 36.186, 34.342, 34.143, 34.092, 34.935, 35.393, 35.724, 36.321, 36.925, 37.405, 37.482, 37.524, 37.174, 36.421, 36.088, 36.122, 35.801, 35.753, 36.492, 28.028], [26.909, 24.122, 20.904, 17.7, 14.536, 8.453, 0.0, 8.378, 13.854, 15.768, 17.923, 22.379, 26.49, 28.484, 29.541, 30.868, 31.576, 32.273, 33.443, 34.084, 34.065, 35.107, 36.481, 37.977, 39.216, 39.213, 39.578, 39.148, 37.482, 36.51, 36.945, 37.179, 36.766, 36.045, 34.867, 34.274, 34.482, 34.324, 34.121, 34.201, 33.761, 33.626, 33.629, 33.737, 34.767, 35.847, 36.635, 36.696, 36.432, 36.855, 38.354, 39.706, 39.958, 39.345, 38.515, 38.056, 37.375, 36.771, 36.785, 37.107, 37.68, 38.416, 38.772, 38.842, 38.887, 39.298, 39.083, 38.858, 38.972, 39.364, 39.771, 39.69, 39.518, 40.108, 40.935, 40.822, 40.751, 40.567, 40.106, 39.496, 39.29, 38.616, 37.983, 37.908, 37.252, 38.124, 42.103, 44.297, 43.641, 43.58, 44.698, 45.86, 46.721, 47.039, 46.859, 46.608, 47.009, 47.137, 46.304, 45.275, 45.72, 46.365, 45.306, 43.524, 43.194, 43.906, 41.34, 36.45, 34.63, 34.452, 34.406, 35.201, 35.625, 35.964, 36.557, 37.141, 37.634, 37.697, 37.702, 37.317, 36.574, 36.271, 36.359, 36.105, 36.111, 36.874, 29.239], [28.478, 26.201, 23.854, 21.253, 18.538, 14.361, 8.378, 0.0, 8.279, 12.561, 15.225, 20.077, 24.776, 27.019, 28.182, 29.603, 30.356, 31.111, 32.441, 33.145, 33.175, 34.367, 35.892, 37.572, 38.927, 38.93, 39.349, 39.008, 37.486, 36.561, 36.923, 37.175, 36.843, 36.166, 35.07, 34.535, 34.761, 34.621, 34.428, 34.529, 34.08, 33.929, 33.935, 33.987, 34.959, 36.034, 36.81, 36.826, 36.557, 36.98, 38.451, 39.824, 40.119, 39.544, 38.757, 38.281, 37.565, 36.99, 37.018, 37.299, 37.839, 38.58, 38.957, 39.041, 39.073, 39.424, 39.16, 38.943, 39.074, 39.463, 39.858, 39.793, 39.635, 40.237, 41.054, 40.908, 40.829, 40.662, 40.241, 39.663, 39.449, 38.806, 38.173, 38.07, 37.432, 38.286, 42.217, 44.433, 43.822, 43.773, 44.874, 46.015, 46.851, 47.156, 46.98, 46.737, 47.133, 47.254, 46.43, 45.445, 45.923, 46.565, 45.525, 43.796, 43.464, 44.183, 41.702, 36.803, 34.873, 34.66, 34.692, 35.582, 36.006, 36.296, 36.853, 37.436, 37.991, 38.103, 38.078, 37.655, 36.882, 36.546, 36.613, 36.362, 36.386, 37.153, 30.626], [30.02, 28.036, 26.221, 24.129, 21.637, 18.127, 13.854, 8.279, 0.0, 7.647, 12.584, 17.461, 22.231, 24.747, 26.176, 27.789, 28.579, 29.389, 30.869, 31.679, 31.824, 33.273, 35.022, 36.834, 38.328, 38.4, 38.933, 38.71, 37.288, 36.489, 36.837, 37.068, 36.861, 36.268, 35.137, 34.625, 34.888, 34.734, 34.549, 34.687, 34.242, 34.119, 34.158, 34.171, 35.073, 36.067, 36.763, 36.774, 36.555, 36.967, 38.369, 39.691, 39.996, 39.457, 38.711, 38.286, 37.598, 37.061, 37.125, 37.42, 37.97, 38.74, 39.114, 39.189, 39.225, 39.558, 39.269, 39.065, 39.258, 39.669, 40.054, 40.009, 39.819, 40.383, 41.191, 41.017, 40.976, 40.853, 40.393, 39.82, 39.609, 38.901, 38.136, 37.965, 37.338, 38.169, 42.042, 44.284, 43.713, 43.637, 44.707, 45.851, 46.686, 47.001, 46.842, 46.575, 46.947, 47.077, 46.293, 45.343, 45.886, 46.56, 45.54, 43.858, 43.513, 44.223, 41.83, 37.021, 35.09, 34.881, 35.008, 35.975, 36.382, 36.61, 37.105, 37.651, 38.234, 38.414, 38.364, 37.885, 37.067, 36.71, 36.771, 36.504, 36.526, 37.322, 31.996], [30.22, 28.347, 26.474, 24.719, 22.649, 19.479, 15.768, 12.561, 7.647, 0.0, 8.186, 15.149, 20.272, 22.87, 24.411, 26.123, 27.046, 27.964, 29.509, 30.4, 30.534, 32.012, 33.905, 35.84, 37.379, 37.461, 38.072, 37.88, 36.403, 35.621, 36.085, 36.417, 36.266, 35.674, 34.421, 33.844, 34.144, 33.966, 33.752, 33.877, 33.383, 33.262, 33.321, 33.402, 34.425, 35.485, 36.257, 36.332, 36.113, 36.533, 37.961, 39.287, 39.591, 39.009, 38.222, 37.84, 37.122, 36.497, 36.578, 36.948, 37.538, 38.327, 38.684, 38.726, 38.746, 39.084, 38.785, 38.559, 38.712, 39.154, 39.581, 39.525, 39.312, 39.897, 40.767, 40.57, 40.485, 40.415, 39.944, 39.325, 39.11, 38.347, 37.541, 37.359, 36.683, 37.532, 41.626, 43.962, 43.365, 43.26, 44.337, 45.525, 46.408, 46.739, 46.586, 46.3, 46.657, 46.807, 46.056, 45.043, 45.572, 46.26, 45.174, 43.389, 43.025, 43.778, 41.293, 36.306, 34.365, 34.212, 34.333, 35.326, 35.721, 35.947, 36.447, 36.985, 37.563, 37.752, 37.692, 37.159, 36.277, 35.936, 36.075, 35.825, 35.839, 36.688, 31.901], [30.497, 28.689, 26.681, 25.072, 23.585, 21.039, 17.923, 15.225, 12.584, 8.186, 0.0, 10.037, 17.368, 20.706, 22.583, 24.614, 25.823, 26.873, 28.436, 29.379, 29.518, 31.033, 32.984, 35.09, 36.791, 36.838, 37.465, 37.37, 36.008, 35.218, 35.754, 36.265, 36.144, 35.515, 34.261, 33.652, 33.924, 33.751, 33.536, 33.648, 33.137, 33.026, 33.116, 33.256, 34.391, 35.503, 36.274, 36.361, 36.127, 36.529, 37.998, 39.376, 39.657, 39.055, 38.249, 37.849, 37.108, 36.407, 36.431, 36.801, 37.392, 38.193, 38.559, 38.602, 38.636, 38.991, 38.699, 38.458, 38.564, 39.0, 39.432, 39.371, 39.176, 39.793, 40.694, 40.527, 40.407, 40.309, 39.861, 39.22, 38.96, 38.241, 37.556, 37.434, 36.732, 37.488, 41.595, 43.956, 43.334, 43.191, 44.239, 45.42, 46.288, 46.598, 46.447, 46.167, 46.523, 46.684, 45.953, 44.918, 45.391, 46.036, 44.918, 43.121, 42.784, 43.587, 41.175, 36.177, 34.197, 34.082, 34.209, 35.276, 35.696, 35.965, 36.513, 37.06, 37.598, 37.751, 37.697, 37.162, 36.238, 35.851, 35.973, 35.72, 35.72, 36.542, 32.097], [32.242, 30.679, 29.008, 27.544, 26.307, 24.516, 22.379, 20.077, 17.461, 15.149, 10.037, 0.0, 9.676, 14.727, 17.626, 20.494, 22.137, 23.337, 25.121, 26.208, 26.617, 28.699, 30.93, 33.317, 35.437, 35.65, 36.406, 36.609, 35.794, 35.462, 36.099, 36.634, 36.649, 36.256, 35.245, 34.721, 34.922, 34.754, 34.588, 34.747, 34.334, 34.281, 34.424, 34.577, 35.561, 36.395, 36.893, 36.954, 36.815, 37.188, 38.538, 39.829, 40.055, 39.542, 38.774, 38.331, 37.693, 37.104, 37.076, 37.393, 37.935, 38.732, 39.108, 39.153, 39.222, 39.611, 39.397, 39.25, 39.444, 39.877, 40.276, 40.259, 40.093, 40.634, 41.404, 41.263, 41.221, 41.103, 40.636, 39.971, 39.691, 38.982, 38.269, 38.14, 37.546, 38.159, 41.829, 44.047, 43.464, 43.293, 44.234, 45.3, 46.049, 46.327, 46.204, 45.916, 46.242, 46.391, 45.711, 44.745, 45.205, 45.838, 44.819, 43.251, 42.984, 43.753, 41.704, 37.41, 35.593, 35.373, 35.54, 36.603, 36.986, 37.225, 37.683, 38.136, 38.617, 38.778, 38.742, 38.264, 37.408, 37.031, 37.124, 36.877, 36.858, 37.569, 33.769], [34.346, 33.13, 31.883, 30.601, 29.371, 27.98, 26.49, 24.776, 22.231, 20.272, 17.368, 9.676, 0.0, 6.866, 11.684, 15.766, 17.859, 19.203, 21.279, 22.574, 23.336, 26.111, 28.672, 31.226, 33.737, 34.286, 35.241, 35.744, 35.509, 35.839, 36.728, 37.222, 37.474, 37.414, 36.627, 36.199, 36.366, 36.202, 36.093, 36.307, 35.973, 35.955, 36.123, 36.25, 36.967, 37.439, 37.669, 37.732, 37.703, 38.045, 39.243, 40.445, 40.678, 40.24, 39.505, 39.081, 38.577, 38.093, 38.081, 38.362, 38.764, 39.512, 39.876, 39.906, 39.997, 40.394, 40.255, 40.207, 40.481, 40.909, 41.278, 41.31, 41.182, 41.651, 42.296, 42.105, 42.116, 42.033, 41.542, 40.844, 40.568, 39.86, 39.096, 38.948, 38.449, 38.934, 42.19, 44.219, 43.677, 43.521, 44.36, 45.294, 45.935, 46.202, 46.107, 45.81, 46.106, 46.255, 45.642, 44.764, 45.251, 45.923, 45.016, 43.633, 43.397, 44.107, 42.311, 38.805, 37.301, 37.008, 37.143, 38.09, 38.406, 38.618, 38.971, 39.296, 39.706, 39.873, 39.851, 39.42, 38.678, 38.411, 38.564, 38.371, 38.359, 38.972, 35.659], [35.125, 34.177, 33.228, 32.149, 30.933, 29.73, 28.484, 27.019, 24.747, 22.87, 20.706, 14.727, 6.866, 0.0, 6.617, 12.184, 14.775, 16.26, 18.53, 20.007, 20.914, 23.913, 26.646, 29.3, 32.045, 32.842, 34.0, 34.717, 34.701, 35.317, 36.357, 36.825, 37.232, 37.415, 36.753, 36.421, 36.631, 36.458, 36.361, 36.602, 36.276, 36.268, 36.445, 36.539, 37.137, 37.456, 37.597, 37.687, 37.692, 37.999, 39.147, 40.363, 40.634, 40.204, 39.481, 39.098, 38.664, 38.222, 38.242, 38.525, 38.863, 39.569, 39.914, 39.925, 40.031, 40.449, 40.354, 40.383, 40.716, 41.14, 41.49, 41.525, 41.414, 41.868, 42.49, 42.237, 42.211, 42.078, 41.568, 40.857, 40.563, 39.845, 39.083, 38.958, 38.469, 38.897, 42.07, 44.061, 43.527, 43.389, 44.191, 45.069, 45.688, 45.962, 45.87, 45.585, 45.901, 46.066, 45.495, 44.669, 45.183, 45.858, 44.951, 43.598, 43.377, 44.109, 42.417, 39.087, 37.652, 37.355, 37.463, 38.365, 38.651, 38.846, 39.149, 39.428, 39.812, 39.979, 39.96, 39.536, 38.848, 38.653, 38.842, 38.67, 38.66, 39.254, 36.219], [35.294, 34.499, 33.715, 32.796, 31.625, 30.636, 29.541, 28.182, 26.176, 24.411, 22.583, 17.626, 11.684, 6.617, 0.0, 6.802, 10.359, 12.368, 15.216, 17.012, 18.005, 21.179, 24.291, 27.299, 30.362, 31.352, 32.66, 33.52, 33.61, 34.346, 35.422, 35.896, 36.441, 36.792, 36.227, 36.024, 36.319, 36.131, 36.03, 36.299, 35.969, 35.981, 36.153, 36.199, 36.757, 37.034, 37.163, 37.273, 37.271, 37.557, 38.701, 39.937, 40.235, 39.799, 39.079, 38.726, 38.332, 37.923, 37.954, 38.271, 38.636, 39.333, 39.664, 39.65, 39.751, 40.197, 40.122, 40.189, 40.558, 40.972, 41.318, 41.366, 41.275, 41.726, 42.36, 42.11, 42.041, 41.838, 41.271, 40.563, 40.247, 39.48, 38.702, 38.589, 38.087, 38.548, 41.806, 43.848, 43.322, 43.2, 44.017, 44.893, 45.519, 45.805, 45.703, 45.422, 45.765, 45.946, 45.382, 44.552, 45.066, 45.766, 44.834, 43.44, 43.243, 44.039, 42.357, 38.904, 37.341, 37.025, 37.127, 38.056, 38.34, 38.507, 38.802, 39.077, 39.457, 39.625, 39.605, 39.178, 38.501, 38.318, 38.487, 38.296, 38.277, 38.868, 36.18], [35.941, 35.211, 34.518, 33.699, 32.579, 31.803, 30.868, 29.603, 27.789, 26.123, 24.614, 20.494, 15.766, 12.184, 6.802, 0.0, 4.862, 8.199, 12.173, 14.382, 15.444, 19.107, 22.808, 26.168, 29.55, 30.735, 32.142, 33.1, 33.315, 34.211, 35.31, 35.738, 36.383, 36.886, 36.407, 36.27, 36.611, 36.436, 36.348, 36.642, 36.344, 36.367, 36.511, 36.542, 37.082, 37.315, 37.384, 37.49, 37.491, 37.735, 38.811, 39.991, 40.28, 39.843, 39.138, 38.805, 38.446, 38.073, 38.098, 38.425, 38.803, 39.471, 39.784, 39.756, 39.856, 40.318, 40.253, 40.343, 40.744, 41.143, 41.495, 41.585, 41.512, 41.935, 42.567, 42.375, 42.325, 42.106, 41.526, 40.851, 40.541, 39.739, 38.924, 38.775, 38.28, 38.77, 41.987, 43.988, 43.467, 43.357, 44.174, 45.036, 45.643, 45.921, 45.81, 45.528, 45.88, 46.06, 45.464, 44.604, 45.116, 45.859, 44.937, 43.51, 43.302, 44.122, 42.492, 39.13, 37.572, 37.257, 37.354, 38.267, 38.538, 38.675, 38.977, 39.245, 39.592, 39.749, 39.728, 39.31, 38.657, 38.473, 38.597, 38.359, 38.326, 38.898, 36.666], [36.253, 35.546, 34.931, 34.193, 33.104, 32.42, 31.576, 30.356, 28.579, 27.046, 25.823, 22.137, 17.859, 14.775, 10.359, 4.862, 0.0, 4.813, 10.372, 12.996, 14.071, 18.167, 22.179, 25.559, 29.082, 30.448, 31.953, 32.987, 33.327, 34.4, 35.502, 35.826, 36.492, 37.055, 36.575, 36.413, 36.758, 36.605, 36.537, 36.863, 36.593, 36.62, 36.733, 36.733, 37.261, 37.468, 37.481, 37.576, 37.59, 37.806, 38.823, 39.954, 40.228, 39.786, 39.089, 38.76, 38.403, 38.04, 38.072, 38.394, 38.763, 39.421, 39.722, 39.694, 39.806, 40.287, 40.254, 40.37, 40.79, 41.188, 41.549, 41.679, 41.64, 42.061, 42.682, 42.518, 42.511, 42.262, 41.65, 40.985, 40.68, 39.857, 39.018, 38.85, 38.372, 38.873, 42.007, 43.946, 43.417, 43.31, 44.118, 44.958, 45.544, 45.81, 45.696, 45.416, 45.765, 45.928, 45.306, 44.438, 44.965, 45.736, 44.836, 43.406, 43.161, 43.97, 42.43, 39.238, 37.695, 37.351, 37.472, 38.39, 38.651, 38.761, 39.049, 39.3, 39.637, 39.798, 39.776, 39.366, 38.724, 38.543, 38.652, 38.385, 38.343, 38.913, 36.912], [36.55, 35.892, 35.35, 34.701, 33.65, 33.025, 32.273, 31.111, 29.389, 27.964, 26.873, 23.337, 19.203, 16.26, 12.368, 8.199, 4.813, 0.0, 7.034, 10.643, 12.076, 16.663, 21.081, 24.636, 28.422, 30.009, 31.598, 32.677, 33.123, 34.345, 35.471, 35.758, 36.499, 37.135, 36.688, 36.533, 36.881, 36.747, 36.702, 37.044, 36.779, 36.808, 36.922, 36.908, 37.41, 37.588, 37.57, 37.677, 37.719, 37.929, 38.932, 40.057, 40.327, 39.884, 39.202, 38.878, 38.51, 38.147, 38.185, 38.464, 38.771, 39.403, 39.699, 39.66, 39.772, 40.251, 40.217, 40.349, 40.787, 41.189, 41.535, 41.683, 41.692, 42.117, 42.708, 42.534, 42.54, 42.337, 41.754, 41.074, 40.773, 39.941, 39.091, 38.915, 38.456, 38.984, 42.043, 43.934, 43.405, 43.298, 44.105, 44.928, 45.488, 45.748, 45.64, 45.369, 45.718, 45.871, 45.24, 44.37, 44.874, 45.649, 44.785, 43.385, 43.158, 43.973, 42.489, 39.407, 37.842, 37.476, 37.611, 38.507, 38.749, 38.837, 39.1, 39.342, 39.695, 39.875, 39.854, 39.445, 38.832, 38.683, 38.81, 38.555, 38.514, 39.08, 37.133], [37.114, 36.603, 36.154, 35.608, 34.642, 34.067, 33.443, 32.441, 30.869, 29.509, 28.436, 25.121, 21.279, 18.53, 15.216, 12.173, 10.372, 7.034, 0.0, 5.286, 8.579, 13.774, 18.925, 23.138, 27.446, 29.39, 31.047, 32.089, 32.601, 33.903, 35.055, 35.4, 36.337, 37.152, 36.845, 36.766, 37.138, 37.024, 36.984, 37.321, 37.054, 37.073, 37.205, 37.212, 37.695, 37.848, 37.811, 37.927, 37.982, 38.198, 39.233, 40.367, 40.628, 40.203, 39.545, 39.238, 38.875, 38.508, 38.532, 38.727, 38.948, 39.552, 39.849, 39.793, 39.892, 40.338, 40.278, 40.426, 40.868, 41.256, 41.564, 41.712, 41.747, 42.155, 42.719, 42.549, 42.507, 42.354, 41.884, 41.224, 40.963, 40.162, 39.334, 39.157, 38.709, 39.267, 42.243, 44.074, 43.555, 43.463, 44.29, 45.113, 45.653, 45.91, 45.806, 45.528, 45.855, 46.001, 45.364, 44.462, 44.9, 45.639, 44.801, 43.448, 43.276, 44.108, 42.615, 39.66, 38.206, 37.873, 37.983, 38.793, 38.982, 39.049, 39.312, 39.57, 39.92, 40.107, 40.095, 39.679, 39.093, 38.987, 39.136, 38.915, 38.892, 39.454, 37.584], [37.48, 37.07, 36.707, 36.181, 35.235, 34.678, 34.084, 33.145, 31.679, 30.4, 29.379, 26.208, 22.574, 20.007, 17.012, 14.382, 12.996, 10.643, 5.286, 0.0, 6.053, 12.443, 17.662, 22.166, 26.83, 29.029, 30.843, 31.897, 32.427, 33.75, 34.892, 35.226, 36.244, 37.198, 37.015, 37.012, 37.399, 37.308, 37.287, 37.626, 37.38, 37.404, 37.527, 37.527, 37.985, 38.101, 38.028, 38.109, 38.143, 38.345, 39.367, 40.48, 40.745, 40.336, 39.681, 39.409, 39.09, 38.749, 38.76, 38.912, 39.137, 39.772, 40.084, 40.034, 40.113, 40.536, 40.476, 40.633, 41.086, 41.475, 41.772, 41.902, 41.921, 42.306, 42.856, 42.721, 42.663, 42.442, 41.961, 41.333, 41.119, 40.327, 39.529, 39.369, 38.935, 39.491, 42.393, 44.207, 43.706, 43.63, 44.467, 45.289, 45.818, 46.078, 45.975, 45.696, 46.027, 46.172, 45.557, 44.667, 45.08, 45.82, 44.991, 43.634, 43.435, 44.257, 42.774, 39.865, 38.484, 38.179, 38.271, 39.048, 39.199, 39.247, 39.532, 39.806, 40.143, 40.324, 40.316, 39.901, 39.328, 39.239, 39.402, 39.198, 39.19, 39.74, 37.951], [37.006, 36.549, 36.274, 35.943, 35.038, 34.578, 34.065, 33.175, 31.824, 30.534, 29.518, 26.617, 23.336, 20.914, 18.005, 15.444, 14.071, 12.076, 8.579, 6.053, 0.0, 8.894, 15.946, 20.347, 25.047, 27.475, 29.517, 30.783, 31.398, 32.849, 34.104, 34.457, 35.477, 36.462, 36.258, 36.278, 36.699, 36.6, 36.612, 36.962, 36.69, 36.749, 36.823, 36.763, 37.276, 37.463, 37.434, 37.499, 37.49, 37.677, 38.741, 39.9, 40.173, 39.743, 39.057, 38.788, 38.492, 38.146, 38.152, 38.36, 38.648, 39.3, 39.614, 39.583, 39.669, 40.099, 40.029, 40.201, 40.674, 41.088, 41.412, 41.524, 41.502, 41.877, 42.451, 42.333, 42.293, 41.995, 41.487, 40.845, 40.618, 39.811, 38.986, 38.814, 38.358, 38.906, 41.885, 43.747, 43.232, 43.157, 44.013, 44.852, 45.406, 45.706, 45.61, 45.336, 45.714, 45.892, 45.291, 44.405, 44.859, 45.646, 44.773, 43.366, 43.158, 44.0, 42.475, 39.253, 37.714, 37.439, 37.525, 38.36, 38.527, 38.561, 38.862, 39.158, 39.513, 39.721, 39.726, 39.307, 38.714, 38.619, 38.785, 38.555, 38.541, 39.147, 37.373], [36.786, 36.574, 36.469, 36.464, 35.807, 35.49, 35.107, 34.367, 33.273, 32.012, 31.033, 28.699, 26.111, 23.913, 21.179, 19.107, 18.167, 16.663, 13.774, 12.443, 8.894, 0.0, 10.618, 16.928, 21.814, 24.594, 26.998, 28.685, 29.69, 31.319, 32.619, 33.122, 34.409, 35.589, 35.435, 35.563, 36.101, 36.01, 36.03, 36.407, 36.08, 36.171, 36.283, 36.192, 36.726, 37.036, 37.164, 37.243, 37.155, 37.334, 38.485, 39.739, 40.054, 39.601, 38.903, 38.64, 38.339, 37.984, 37.957, 38.203, 38.653, 39.374, 39.708, 39.687, 39.769, 40.192, 40.108, 40.217, 40.619, 41.062, 41.418, 41.494, 41.456, 41.848, 42.464, 42.335, 42.183, 41.757, 41.229, 40.637, 40.356, 39.513, 38.722, 38.554, 38.033, 38.62, 41.789, 43.745, 43.217, 43.101, 43.928, 44.791, 45.431, 45.788, 45.701, 45.447, 45.845, 46.077, 45.535, 44.671, 45.17, 45.888, 44.893, 43.481, 43.3, 44.126, 42.538, 38.968, 37.25, 37.008, 37.102, 37.961, 38.167, 38.223, 38.546, 38.896, 39.301, 39.523, 39.539, 39.124, 38.492, 38.368, 38.524, 38.296, 38.303, 38.948, 36.885], [37.547, 37.582, 37.533, 37.52, 36.985, 36.76, 36.481, 35.892, 35.022, 33.905, 32.984, 30.93, 28.672, 26.646, 24.291, 22.808, 22.179, 21.081, 18.925, 17.662, 15.946, 10.618, 0.0, 10.209, 17.751, 21.28, 24.192, 26.551, 28.313, 30.328, 31.572, 32.201, 34.018, 35.701, 35.772, 35.948, 36.492, 36.435, 36.455, 36.829, 36.531, 36.656, 36.87, 36.856, 37.295, 37.545, 37.728, 37.837, 37.748, 37.928, 39.085, 40.389, 40.776, 40.327, 39.654, 39.453, 39.132, 38.8, 38.779, 38.934, 39.484, 40.337, 40.736, 40.757, 40.851, 41.246, 41.166, 41.16, 41.438, 41.882, 42.202, 42.194, 42.174, 42.607, 43.219, 43.097, 42.898, 42.344, 41.697, 41.149, 40.826, 39.913, 39.261, 39.241, 38.72, 39.326, 42.56, 44.561, 44.031, 43.875, 44.652, 45.503, 46.183, 46.539, 46.461, 46.22, 46.604, 46.854, 46.34, 45.5, 45.966, 46.604, 45.6, 44.195, 43.931, 44.739, 43.236, 39.632, 37.889, 37.656, 37.751, 38.592, 38.883, 39.054, 39.415, 39.802, 40.244, 40.451, 40.456, 40.004, 39.311, 39.152, 39.298, 39.115, 39.157, 39.757, 37.604], [38.605, 38.639, 38.636, 38.718, 38.227, 38.074, 37.977, 37.572, 36.834, 35.84, 35.09, 33.317, 31.226, 29.3, 27.299, 26.168, 25.559, 24.636, 23.138, 22.166, 20.347, 16.928, 10.209, 0.0, 11.244, 16.927, 20.258, 23.217, 26.003, 28.907, 30.406, 31.106, 33.425, 35.687, 36.13, 36.451, 36.974, 36.95, 37.008, 37.386, 37.169, 37.363, 37.603, 37.707, 38.169, 38.342, 38.418, 38.535, 38.497, 38.629, 39.673, 40.922, 41.316, 40.897, 40.247, 40.088, 39.806, 39.499, 39.501, 39.576, 40.03, 40.901, 41.315, 41.366, 41.501, 41.916, 41.914, 41.936, 42.166, 42.589, 42.856, 42.78, 42.76, 43.166, 43.741, 43.672, 43.52, 43.006, 42.361, 41.774, 41.454, 40.569, 39.985, 40.054, 39.588, 40.119, 43.163, 45.046, 44.498, 44.325, 45.03, 45.825, 46.468, 46.799, 46.743, 46.508, 46.88, 47.125, 46.592, 45.752, 46.146, 46.735, 45.79, 44.426, 44.114, 44.908, 43.464, 40.08, 38.555, 38.402, 38.449, 39.191, 39.459, 39.665, 40.045, 40.41, 40.828, 41.058, 41.078, 40.631, 40.005, 39.921, 40.082, 39.92, 39.968, 40.535, 38.629], [39.328, 39.366, 39.449, 39.697, 39.32, 39.212, 39.216, 38.927, 38.328, 37.379, 36.791, 35.437, 33.737, 32.045, 30.362, 29.55, 29.082, 28.422, 27.446, 26.83, 25.047, 21.814, 17.751, 11.244, 0.0, 9.28, 15.241, 19.686, 23.777, 27.693, 29.69, 30.477, 32.93, 35.517, 36.242, 36.757, 37.354, 37.338, 37.455, 37.904, 37.749, 37.978, 38.222, 38.293, 38.791, 39.071, 39.172, 39.268, 39.21, 39.242, 40.151, 41.401, 41.86, 41.475, 40.845, 40.686, 40.405, 40.118, 40.133, 40.181, 40.581, 41.442, 41.842, 41.893, 42.03, 42.491, 42.528, 42.503, 42.716, 43.179, 43.434, 43.278, 43.263, 43.668, 44.215, 44.205, 44.087, 43.581, 43.007, 42.41, 42.092, 41.259, 40.69, 40.711, 40.246, 40.783, 43.764, 45.584, 45.051, 44.857, 45.462, 46.22, 46.923, 47.291, 47.253, 47.04, 47.415, 47.705, 47.174, 46.311, 46.683, 47.217, 46.318, 44.974, 44.568, 45.295, 43.869, 40.546, 39.113, 38.989, 39.024, 39.734, 40.007, 40.171, 40.515, 40.836, 41.208, 41.444, 41.472, 41.051, 40.489, 40.458, 40.607, 40.436, 40.507, 41.074, 39.301], [38.938, 38.925, 38.981, 39.334, 39.151, 39.179, 39.213, 38.93, 38.4, 37.461, 36.838, 35.65, 34.286, 32.842, 31.352, 30.735, 30.448, 30.009, 29.39, 29.029, 27.475, 24.594, 21.28, 16.927, 9.28, 0.0, 9.373, 16.476, 21.825, 26.588, 29.081, 30.212, 32.604, 35.03, 35.631, 36.074, 36.69, 36.643, 36.78, 37.273, 37.134, 37.411, 37.742, 37.83, 38.364, 38.712, 38.941, 39.058, 38.93, 38.904, 39.836, 41.156, 41.589, 41.18, 40.56, 40.349, 40.021, 39.746, 39.758, 39.87, 40.395, 41.328, 41.74, 41.798, 41.937, 42.446, 42.49, 42.404, 42.655, 43.174, 43.461, 43.323, 43.306, 43.705, 44.254, 44.192, 43.962, 43.345, 42.692, 42.101, 41.76, 40.922, 40.4, 40.45, 39.962, 40.622, 43.886, 45.764, 45.213, 45.016, 45.596, 46.337, 47.063, 47.444, 47.412, 47.199, 47.58, 47.885, 47.325, 46.372, 46.68, 47.193, 46.306, 44.943, 44.5, 45.183, 43.642, 40.126, 38.562, 38.416, 38.517, 39.338, 39.698, 39.896, 40.238, 40.54, 40.906, 41.114, 41.157, 40.76, 40.159, 40.063, 40.152, 39.936, 39.994, 40.592, 38.89], [39.12, 39.051, 38.983, 39.365, 39.323, 39.478, 39.578, 39.349, 38.933, 38.072, 37.465, 36.406, 35.241, 34.0, 32.66, 32.142, 31.953, 31.598, 31.047, 30.843, 29.517, 26.998, 24.192, 20.258, 15.241, 9.373, 0.0, 9.963, 18.086, 24.474, 27.783, 29.4, 32.132, 34.734, 35.427, 35.863, 36.481, 36.449, 36.584, 37.06, 36.91, 37.249, 37.677, 37.814, 38.327, 38.719, 39.034, 39.163, 39.05, 39.061, 39.968, 41.253, 41.626, 41.186, 40.586, 40.388, 40.059, 39.805, 39.829, 39.949, 40.508, 41.477, 41.887, 41.937, 42.068, 42.562, 42.587, 42.427, 42.622, 43.142, 43.421, 43.295, 43.276, 43.658, 44.204, 44.101, 43.798, 43.182, 42.533, 41.955, 41.662, 40.885, 40.454, 40.568, 40.08, 40.699, 43.924, 45.757, 45.196, 45.004, 45.563, 46.284, 47.007, 47.392, 47.371, 47.163, 47.548, 47.835, 47.24, 46.252, 46.498, 47.002, 46.136, 44.807, 44.403, 45.065, 43.483, 40.028, 38.48, 38.366, 38.483, 39.274, 39.596, 39.825, 40.141, 40.385, 40.731, 40.928, 40.992, 40.618, 40.04, 39.961, 40.046, 39.823, 39.87, 40.441, 39.036], [38.758, 38.612, 38.397, 38.765, 38.73, 38.95, 39.148, 39.008, 38.71, 37.88, 37.37, 36.609, 35.744, 34.717, 33.52, 33.1, 32.987, 32.677, 32.089, 31.897, 30.783, 28.685, 26.551, 23.217, 19.686, 16.476, 9.963, 0.0, 11.352, 20.36, 24.701, 26.659, 29.929, 33.053, 34.056, 34.672, 35.395, 35.424, 35.594, 36.075, 35.894, 36.293, 36.82, 37.082, 37.712, 38.188, 38.584, 38.733, 38.676, 38.803, 39.753, 41.035, 41.373, 40.889, 40.26, 40.043, 39.681, 39.394, 39.42, 39.526, 40.126, 41.163, 41.571, 41.603, 41.732, 42.21, 42.232, 42.067, 42.236, 42.746, 43.0, 42.851, 42.821, 43.218, 43.785, 43.668, 43.372, 42.769, 42.102, 41.497, 41.231, 40.473, 40.064, 40.201, 39.71, 40.357, 43.658, 45.506, 44.943, 44.761, 45.347, 46.119, 46.881, 47.263, 47.234, 47.018, 47.402, 47.691, 47.105, 46.123, 46.363, 46.913, 46.051, 44.682, 44.317, 44.988, 43.26, 39.642, 38.033, 37.949, 38.04, 38.805, 39.096, 39.309, 39.585, 39.799, 40.127, 40.295, 40.35, 39.973, 39.411, 39.377, 39.506, 39.288, 39.312, 39.848, 38.648], [37.16, 36.922, 36.632, 37.016, 36.952, 37.206, 37.482, 37.486, 37.288, 36.403, 36.008, 35.794, 35.509, 34.701, 33.61, 33.315, 33.327, 33.123, 32.601, 32.427, 31.398, 29.69, 28.313, 26.003, 23.777, 21.825, 18.086, 11.352, 0.0, 12.168, 19.144, 21.77, 25.258, 28.929, 30.398, 31.459, 32.459, 32.543, 32.792, 33.347, 33.113, 33.532, 34.171, 34.686, 35.722, 36.404, 36.936, 37.11, 37.093, 37.457, 38.589, 39.868, 40.145, 39.577, 38.899, 38.638, 38.204, 37.841, 37.878, 38.063, 38.812, 39.946, 40.355, 40.376, 40.519, 41.037, 41.053, 40.897, 41.101, 41.638, 41.908, 41.724, 41.613, 42.054, 42.748, 42.649, 42.365, 41.809, 41.15, 40.489, 40.178, 39.361, 38.875, 38.987, 38.43, 39.279, 42.949, 44.905, 44.32, 44.155, 44.84, 45.726, 46.569, 46.964, 46.913, 46.688, 47.067, 47.332, 46.765, 45.78, 46.079, 46.713, 45.771, 44.285, 43.976, 44.656, 42.492, 38.193, 36.424, 36.349, 36.438, 37.309, 37.613, 37.803, 38.106, 38.375, 38.746, 38.905, 38.934, 38.528, 37.929, 37.875, 38.034, 37.81, 37.822, 38.433, 37.003], [36.246, 36.052, 35.81, 36.136, 35.977, 36.254, 36.51, 36.561, 36.489, 35.621, 35.218, 35.462, 35.839, 35.317, 34.346, 34.211, 34.4, 34.345, 33.903, 33.75, 32.849, 31.319, 30.328, 28.907, 27.693, 26.588, 24.474, 20.36, 12.168, 0.0, 10.929, 16.545, 20.496, 24.447, 26.721, 28.583, 30.019, 30.189, 30.477, 31.125, 30.805, 31.166, 31.902, 32.684, 34.135, 35.054, 35.815, 36.057, 35.98, 36.536, 37.951, 39.304, 39.566, 38.95, 38.267, 37.992, 37.468, 36.995, 37.036, 37.306, 38.174, 39.35, 39.738, 39.738, 39.868, 40.396, 40.379, 40.21, 40.405, 40.93, 41.24, 41.074, 40.933, 41.467, 42.302, 42.21, 41.865, 41.186, 40.54, 39.933, 39.564, 38.791, 38.361, 38.441, 37.847, 38.852, 42.852, 44.966, 44.409, 44.266, 45.036, 45.997, 46.868, 47.253, 47.184, 46.979, 47.371, 47.611, 47.026, 45.968, 46.313, 46.961, 45.903, 44.331, 44.056, 44.751, 42.271, 37.353, 35.437, 35.366, 35.553, 36.529, 36.799, 36.942, 37.322, 37.698, 38.116, 38.236, 38.214, 37.781, 37.148, 37.045, 37.222, 37.045, 37.124, 37.833, 35.997], [36.521, 36.461, 36.356, 36.634, 36.421, 36.716, 36.945, 36.923, 36.837, 36.085, 35.754, 36.099, 36.728, 36.357, 35.422, 35.31, 35.502, 35.471, 35.055, 34.892, 34.104, 32.619, 31.572, 30.406, 29.69, 29.081, 27.783, 24.701, 19.144, 10.929, 0.0, 9.707, 16.295, 21.092, 24.283, 27.008, 28.859, 29.15, 29.47, 30.272, 29.982, 30.397, 31.336, 32.29, 33.746, 34.583, 35.401, 35.741, 35.682, 36.256, 37.812, 39.304, 39.62, 39.046, 38.415, 38.168, 37.662, 37.171, 37.211, 37.507, 38.45, 39.612, 39.96, 39.941, 40.073, 40.607, 40.653, 40.575, 40.783, 41.247, 41.557, 41.417, 41.295, 41.843, 42.652, 42.544, 42.185, 41.286, 40.524, 40.005, 39.61, 38.805, 38.439, 38.599, 38.026, 39.127, 43.368, 45.652, 45.157, 45.037, 45.831, 46.812, 47.667, 48.031, 47.958, 47.756, 48.158, 48.453, 47.944, 46.873, 47.239, 47.891, 46.811, 45.2, 44.874, 45.62, 43.139, 38.019, 35.961, 35.875, 36.189, 37.239, 37.531, 37.641, 37.968, 38.361, 38.792, 38.866, 38.797, 38.361, 37.685, 37.488, 37.572, 37.372, 37.495, 38.237, 36.193], [36.721, 36.659, 36.659, 36.94, 36.678, 36.933, 37.179, 37.175, 37.068, 36.417, 36.265, 36.634, 37.222, 36.825, 35.896, 35.738, 35.826, 35.758, 35.4, 35.226, 34.457, 33.122, 32.201, 31.106, 30.477, 30.212, 29.4, 26.659, 21.77, 16.545, 9.707, 0.0, 9.866, 17.502, 21.924, 25.308, 27.436, 27.822, 28.211, 29.15, 29.11, 29.735, 30.809, 31.925, 33.403, 34.215, 34.928, 35.252, 35.354, 36.065, 37.564, 39.016, 39.387, 38.889, 38.313, 38.112, 37.683, 37.281, 37.359, 37.636, 38.547, 39.695, 40.021, 39.986, 40.132, 40.681, 40.783, 40.784, 41.01, 41.442, 41.709, 41.546, 41.44, 41.959, 42.721, 42.632, 42.313, 41.416, 40.589, 40.055, 39.706, 38.838, 38.389, 38.595, 38.04, 39.185, 43.416, 45.69, 45.191, 45.065, 45.849, 46.827, 47.662, 48.022, 47.958, 47.769, 48.199, 48.538, 48.11, 47.126, 47.517, 48.21, 47.16, 45.54, 45.166, 45.913, 43.525, 38.466, 36.317, 36.222, 36.511, 37.543, 37.831, 37.91, 38.189, 38.546, 38.943, 39.008, 38.946, 38.539, 37.885, 37.687, 37.74, 37.52, 37.661, 38.416, 36.453], [36.349, 36.217, 36.244, 36.519, 36.25, 36.49, 36.766, 36.843, 36.861, 36.266, 36.144, 36.649, 37.474, 37.232, 36.441, 36.383, 36.492, 36.499, 36.337, 36.244, 35.477, 34.409, 34.018, 33.425, 32.93, 32.604, 32.132, 29.929, 25.258, 20.496, 16.295, 9.866, 0.0, 10.594, 17.501, 22.074, 24.682, 25.242, 25.8, 26.958, 27.236, 28.126, 29.287, 30.611, 32.405, 33.436, 34.168, 34.432, 34.623, 35.533, 37.045, 38.352, 38.664, 38.228, 37.674, 37.402, 36.943, 36.578, 36.667, 36.992, 37.955, 39.106, 39.429, 39.403, 39.544, 40.097, 40.2, 40.245, 40.507, 40.952, 41.235, 41.113, 41.061, 41.61, 42.382, 42.27, 41.916, 41.026, 40.204, 39.63, 39.284, 38.439, 37.921, 38.075, 37.52, 38.759, 43.059, 45.337, 44.827, 44.713, 45.531, 46.522, 47.325, 47.654, 47.575, 47.393, 47.838, 48.191, 47.774, 46.783, 47.165, 47.876, 46.805, 45.166, 44.803, 45.525, 43.15, 38.043, 35.877, 35.768, 36.034, 37.074, 37.386, 37.534, 37.893, 38.319, 38.746, 38.771, 38.688, 38.294, 37.632, 37.419, 37.482, 37.26, 37.417, 38.194, 36.149], [35.47, 35.288, 35.381, 35.679, 35.428, 35.72, 36.045, 36.166, 36.268, 35.674, 35.515, 36.256, 37.414, 37.415, 36.792, 36.886, 37.055, 37.135, 37.152, 37.198, 36.462, 35.589, 35.701, 35.687, 35.517, 35.03, 34.734, 33.053, 28.929, 24.447, 21.092, 17.502, 10.594, 0.0, 10.046, 17.299, 20.924, 21.713, 22.639, 24.342, 24.816, 25.866, 27.228, 28.608, 30.662, 31.968, 32.89, 33.216, 33.428, 34.429, 36.136, 37.518, 37.752, 37.313, 36.769, 36.388, 35.81, 35.391, 35.467, 35.89, 37.02, 38.2, 38.533, 38.545, 38.706, 39.265, 39.321, 39.373, 39.7, 40.181, 40.519, 40.462, 40.435, 41.028, 41.829, 41.653, 41.219, 40.233, 39.371, 38.797, 38.436, 37.639, 37.11, 37.209, 36.608, 37.85, 42.341, 44.743, 44.226, 44.117, 45.0, 46.019, 46.801, 47.089, 46.985, 46.814, 47.267, 47.606, 47.194, 46.173, 46.592, 47.335, 46.215, 44.549, 44.225, 44.936, 42.49, 37.233, 35.005, 34.796, 35.091, 36.286, 36.66, 36.832, 37.26, 37.788, 38.292, 38.295, 38.201, 37.782, 37.0, 36.692, 36.762, 36.506, 36.614, 37.423, 35.21], [34.044, 33.809, 33.949, 34.342, 34.135, 34.467, 34.867, 35.07, 35.137, 34.421, 34.261, 35.245, 36.627, 36.753, 36.227, 36.407, 36.575, 36.688, 36.845, 37.015, 36.258, 35.435, 35.772, 36.13, 36.242, 35.631, 35.427, 34.056, 30.398, 26.721, 24.283, 21.924, 17.501, 10.046, 0.0, 9.95, 15.365, 16.505, 17.929, 20.509, 21.209, 22.47, 24.153, 25.633, 28.115, 29.829, 30.994, 31.408, 31.642, 32.726, 34.689, 36.376, 36.702, 36.217, 35.632, 35.29, 34.697, 34.188, 34.245, 34.818, 36.166, 37.422, 37.793, 37.839, 38.03, 38.636, 38.619, 38.552, 38.861, 39.382, 39.761, 39.688, 39.638, 40.283, 41.121, 40.9, 40.435, 39.462, 38.547, 37.926, 37.565, 36.748, 36.156, 36.229, 35.537, 36.751, 41.535, 44.108, 43.542, 43.401, 44.348, 45.443, 46.293, 46.601, 46.492, 46.319, 46.785, 47.106, 46.647, 45.578, 46.038, 46.825, 45.645, 43.852, 43.513, 44.25, 41.673, 36.072, 33.61, 33.351, 33.735, 35.121, 35.51, 35.655, 36.171, 36.769, 37.342, 37.352, 37.245, 36.76, 35.837, 35.432, 35.493, 35.157, 35.177, 36.073, 33.75], [33.36, 33.106, 33.249, 33.691, 33.544, 33.868, 34.274, 34.535, 34.625, 33.844, 33.652, 34.721, 36.199, 36.421, 36.024, 36.27, 36.413, 36.533, 36.766, 37.012, 36.278, 35.563, 35.948, 36.451, 36.757, 36.074, 35.863, 34.672, 31.459, 28.583, 27.008, 25.308, 22.074, 17.299, 9.95, 0.0, 7.398, 9.946, 12.347, 16.005, 17.228, 18.864, 21.024, 23.107, 26.319, 28.47, 29.777, 30.145, 30.345, 31.521, 33.613, 35.558, 36.148, 35.705, 35.041, 34.852, 34.464, 33.973, 34.017, 34.65, 36.01, 37.282, 37.702, 37.77, 37.95, 38.547, 38.478, 38.34, 38.605, 39.142, 39.545, 39.466, 39.432, 40.101, 40.93, 40.671, 40.194, 39.309, 38.425, 37.788, 37.409, 36.557, 35.969, 36.053, 35.334, 36.512, 41.329, 43.924, 43.304, 43.134, 44.097, 45.232, 46.132, 46.459, 46.347, 46.152, 46.617, 46.905, 46.338, 45.189, 45.6, 46.379, 45.161, 43.201, 42.794, 43.541, 40.912, 35.372, 33.025, 32.827, 33.254, 34.68, 35.046, 35.184, 35.768, 36.403, 37.024, 37.055, 36.937, 36.43, 35.467, 35.013, 35.055, 34.66, 34.633, 35.588, 33.164], [33.628, 33.346, 33.473, 33.889, 33.78, 34.076, 34.482, 34.761, 34.888, 34.144, 33.924, 34.922, 36.366, 36.631, 36.319, 36.611, 36.758, 36.881, 37.138, 37.399, 36.699, 36.101, 36.492, 36.974, 37.354, 36.69, 36.481, 35.395, 32.459, 30.019, 28.859, 27.436, 24.682, 20.924, 15.365, 7.398, 0.0, 4.963, 9.586, 13.83, 15.5, 17.473, 19.934, 22.461, 26.04, 28.421, 29.768, 30.053, 30.202, 31.402, 33.457, 35.457, 36.228, 35.893, 35.249, 35.147, 34.879, 34.468, 34.529, 35.112, 36.357, 37.563, 37.984, 38.081, 38.249, 38.787, 38.687, 38.545, 38.787, 39.312, 39.722, 39.653, 39.622, 40.255, 41.048, 40.775, 40.237, 39.33, 38.531, 37.919, 37.533, 36.719, 36.208, 36.305, 35.62, 36.778, 41.42, 43.943, 43.32, 43.143, 44.097, 45.237, 46.142, 46.477, 46.375, 46.179, 46.626, 46.896, 46.296, 45.126, 45.493, 46.244, 45.047, 43.08, 42.648, 43.338, 40.672, 35.45, 33.463, 33.299, 33.685, 35.031, 35.358, 35.496, 36.07, 36.658, 37.246, 37.285, 37.165, 36.648, 35.698, 35.238, 35.274, 34.893, 34.865, 35.792, 33.52], [33.46, 33.145, 33.256, 33.692, 33.61, 33.91, 34.324, 34.621, 34.734, 33.966, 33.751, 34.754, 36.202, 36.458, 36.131, 36.436, 36.605, 36.747, 37.024, 37.308, 36.6, 36.01, 36.435, 36.95, 37.338, 36.643, 36.449, 35.424, 32.543, 30.189, 29.15, 27.822, 25.242, 21.713, 16.505, 9.946, 4.963, 0.0, 6.807, 12.25, 14.196, 16.411, 19.058, 21.681, 25.417, 27.94, 29.381, 29.654, 29.764, 31.001, 33.093, 35.144, 35.982, 35.692, 35.063, 34.973, 34.706, 34.315, 34.428, 35.047, 36.297, 37.509, 37.941, 38.04, 38.198, 38.73, 38.641, 38.504, 38.736, 39.276, 39.696, 39.62, 39.57, 40.196, 40.986, 40.697, 40.126, 39.167, 38.349, 37.727, 37.331, 36.502, 35.992, 36.089, 35.408, 36.641, 41.378, 43.935, 43.311, 43.129, 44.097, 45.253, 46.172, 46.516, 46.42, 46.226, 46.673, 46.956, 46.372, 45.206, 45.569, 46.327, 45.118, 43.134, 42.702, 43.396, 40.698, 35.351, 33.281, 33.094, 33.484, 34.846, 35.17, 35.302, 35.849, 36.408, 36.985, 37.027, 36.908, 36.375, 35.417, 34.963, 34.997, 34.612, 34.577, 35.517, 33.352], [33.313, 32.985, 33.051, 33.448, 33.385, 33.716, 34.121, 34.428, 34.549, 33.752, 33.536, 34.588, 36.093, 36.361, 36.03, 36.348, 36.537, 36.702, 36.984, 37.287, 36.612, 36.03, 36.455, 37.008, 37.455, 36.78, 36.584, 35.594, 32.792, 30.477, 29.47, 28.211, 25.8, 22.639, 17.929, 12.347, 9.586, 6.807, 0.0, 7.29, 10.724, 13.456, 16.466, 19.849, 24.281, 27.134, 28.715, 29.001, 29.088, 30.399, 32.59, 34.709, 35.589, 35.311, 34.668, 34.613, 34.404, 34.059, 34.249, 34.955, 36.226, 37.431, 37.87, 37.962, 38.105, 38.637, 38.574, 38.457, 38.674, 39.22, 39.64, 39.541, 39.483, 40.123, 40.926, 40.638, 40.089, 39.101, 38.231, 37.572, 37.188, 36.357, 35.87, 35.999, 35.307, 36.564, 41.422, 44.018, 43.38, 43.201, 44.177, 45.335, 46.258, 46.599, 46.497, 46.287, 46.734, 47.019, 46.421, 45.271, 45.622, 46.34, 45.103, 43.084, 42.655, 43.403, 40.721, 35.235, 33.014, 32.803, 33.21, 34.592, 34.93, 35.071, 35.64, 36.242, 36.863, 36.91, 36.783, 36.228, 35.251, 34.783, 34.806, 34.437, 34.421, 35.389, 33.215], [33.618, 33.261, 33.226, 33.542, 33.468, 33.798, 34.201, 34.529, 34.687, 33.877, 33.648, 34.747, 36.307, 36.602, 36.299, 36.642, 36.863, 37.044, 37.321, 37.626, 36.962, 36.407, 36.829, 37.386, 37.904, 37.273, 37.06, 36.075, 33.347, 31.125, 30.272, 29.15, 26.958, 24.342, 20.509, 16.005, 13.83, 12.25, 7.29, 0.0, 6.184, 10.689, 14.186, 18.529, 23.847, 27.14, 28.876, 29.152, 29.21, 30.55, 32.802, 34.94, 35.808, 35.519, 34.872, 34.817, 34.641, 34.347, 34.57, 35.287, 36.524, 37.688, 38.103, 38.19, 38.332, 38.822, 38.683, 38.499, 38.674, 39.221, 39.643, 39.511, 39.437, 40.076, 40.895, 40.617, 40.095, 39.161, 38.3, 37.608, 37.259, 36.502, 36.058, 36.171, 35.483, 36.676, 41.457, 43.999, 43.355, 43.203, 44.193, 45.339, 46.253, 46.607, 46.511, 46.289, 46.733, 46.995, 46.36, 45.246, 45.607, 46.279, 45.046, 43.054, 42.675, 43.442, 40.758, 35.329, 33.188, 33.002, 33.414, 34.733, 35.04, 35.169, 35.762, 36.406, 37.037, 37.085, 36.948, 36.361, 35.361, 34.893, 34.954, 34.634, 34.645, 35.63, 33.519], [33.309, 32.928, 32.853, 33.161, 33.057, 33.374,