[[0.0, 5.268, 10.352, 13.648, 15.191, 16.78, 18.225, 19.543, 21.28, 22.53, 23.256, 24.395, 25.939, 26.737, 26.778, 27.056, 27.813, 29.142, 31.076, 32.646, 33.272, 33.859, 35.14, 36.685, 37.658, 38.783, 39.631, 40.06, 40.216, 39.761, 39.693, 40.379, 40.248, 38.858, 37.422, 36.848, 36.793, 36.414, 36.088, 36.142, 36.332, 36.364, 36.539, 36.631, 35.728, 35.2, 36.904, 40.52, 43.622, 45.068, 44.446, 43.135, 42.568, 42.734, 43.443, 44.148, 44.098, 43.786, 43.912, 44.485, 45.113, 45.76, 46.729, 47.724, 48.512, 48.371, 47.459, 46.364, 44.812, 43.685, 44.134, 44.554, 43.351, 40.808, 38.947, 38.64, 39.11, 39.572, 39.527, 38.759, 38.285, 38.723, 39.54, 39.852, 40.068, 40.725, 40.964, 40.475, 39.166, 37.319, 36.143, 35.597, 35.167, 35.739, 37.141, 38.086, 38.24, 38.34, 38.744, 38.914, 38.855, 39.291, 39.966, 40.364, 40.501, 40.096, 39.548, 39.086, 37.874, 36.255, 35.432, 35.309, 35.511, 36.102, 36.265, 35.404, 34.472, 34.464, 34.901, 35.142, 35.59, 36.187, 36.531, 36.817, 37.058, 36.993, 36.975, 37.076, 36.815, 36.609, 37.121, 37.543, 37.786, 38.049, 38.204, 38.139, 38.182, 38.323, 38.069, 37.709, 37.682, 38.002, 38.763, 39.612, 39.362, 6.303], [5.268, 0.0, 6.293, 10.653, 12.783, 14.809, 16.569, 18.072, 19.996, 21.412, 22.18, 23.372, 25.06, 25.967, 26.029, 26.306, 27.083, 28.42, 30.372, 32.036, 32.837, 33.629, 35.085, 36.721, 37.73, 38.869, 39.737, 40.221, 40.438, 39.992, 39.91, 40.584, 40.448, 39.082, 37.683, 37.131, 37.09, 36.733, 36.423, 36.472, 36.654, 36.682, 36.849, 36.922, 36.025, 35.478, 37.103, 40.658, 43.721, 45.148, 44.54, 43.266, 42.738, 42.916, 43.605, 44.298, 44.262, 43.954, 44.07, 44.631, 45.235, 45.854, 46.795, 47.761, 48.52, 48.371, 47.472, 46.404, 44.895, 43.814, 44.266, 44.642, 43.409, 40.874, 39.051, 38.749, 39.201, 39.651, 39.604, 38.87, 38.442, 38.89, 39.696, 40.016, 40.23, 40.868, 41.098, 40.601, 39.311, 37.526, 36.378, 35.866, 35.487, 36.059, 37.384, 38.275, 38.423, 38.521, 38.928, 39.122, 39.095, 39.551, 40.224, 40.609, 40.749, 40.364, 39.825, 39.361, 38.167, 36.589, 35.787, 35.632, 35.769, 36.317, 36.483, 35.662, 34.784, 34.777, 35.184, 35.417, 35.843, 36.403, 36.727, 37.003, 37.253, 37.214, 37.205, 37.314, 37.081, 36.869, 37.347, 37.761, 38.025, 38.311, 38.496, 38.445, 38.488, 38.637, 38.395, 38.043, 38.015, 38.33, 39.077, 39.913, 39.677, 9.941], [10.352, 6.293, 0.0, 5.572, 9.366, 12.594, 14.864, 16.682, 18.93, 20.541, 21.389, 22.747, 24.634, 25.65, 25.734, 25.988, 26.761, 28.133, 30.162, 31.955, 32.927, 33.883, 35.443, 37.12, 38.183, 39.347, 40.209, 40.725, 41.001, 40.581, 40.49, 41.142, 41.017, 39.713, 38.349, 37.807, 37.785, 37.453, 37.143, 37.179, 37.341, 37.36, 37.515, 37.572, 36.707, 36.15, 37.597, 40.909, 43.823, 45.206, 44.612, 43.366, 42.866, 43.056, 43.722, 44.392, 44.364, 44.058, 44.142, 44.667, 45.251, 45.839, 46.737, 47.682, 48.424, 48.269, 47.387, 46.366, 44.945, 43.947, 44.414, 44.782, 43.585, 41.129, 39.401, 39.115, 39.534, 39.972, 39.956, 39.293, 38.913, 39.344, 40.117, 40.431, 40.63, 41.238, 41.46, 40.966, 39.708, 38.009, 36.931, 36.475, 36.154, 36.711, 37.935, 38.749, 38.871, 38.939, 39.32, 39.516, 39.501, 39.954, 40.621, 41.003, 41.151, 40.779, 40.238, 39.773, 38.647, 37.174, 36.437, 36.29, 36.4, 36.922, 37.11, 36.357, 35.542, 35.507, 35.848, 36.049, 36.435, 36.95, 37.243, 37.497, 37.725, 37.66, 37.651, 37.786, 37.57, 37.341, 37.793, 38.207, 38.472, 38.752, 38.938, 38.904, 38.952, 39.104, 38.884, 38.559, 38.536, 38.84, 39.565, 40.382, 40.178, 13.651], [13.648, 10.653, 5.572, 0.0, 5.478, 10.244, 13.163, 15.298, 17.856, 19.612, 20.55, 22.113, 24.185, 25.3, 25.412, 25.638, 26.395, 27.825, 29.979, 31.888, 32.933, 33.962, 35.594, 37.288, 38.372, 39.572, 40.435, 40.927, 41.213, 40.817, 40.73, 41.358, 41.238, 39.984, 38.641, 38.086, 38.07, 37.755, 37.449, 37.491, 37.649, 37.663, 37.815, 37.872, 37.027, 36.44, 37.757, 40.901, 43.716, 45.074, 44.481, 43.238, 42.757, 42.97, 43.637, 44.298, 44.277, 43.979, 44.048, 44.551, 45.131, 45.71, 46.584, 47.529, 48.285, 48.133, 47.246, 46.242, 44.876, 43.927, 44.403, 44.78, 43.634, 41.239, 39.577, 39.315, 39.714, 40.147, 40.157, 39.538, 39.172, 39.573, 40.307, 40.598, 40.776, 41.366, 41.591, 41.111, 39.879, 38.251, 37.254, 36.852, 36.557, 37.1, 38.284, 39.073, 39.179, 39.218, 39.571, 39.749, 39.727, 40.179, 40.856, 41.246, 41.392, 41.015, 40.473, 40.016, 38.922, 37.5, 36.808, 36.693, 36.823, 37.35, 37.542, 36.802, 35.984, 35.919, 36.222, 36.374, 36.708, 37.214, 37.496, 37.733, 37.949, 37.872, 37.85, 37.988, 37.771, 37.54, 37.994, 38.413, 38.674, 38.934, 39.101, 39.065, 39.114, 39.267, 39.059, 38.757, 38.749, 39.058, 39.777, 40.59, 40.41, 16.33], [15.191, 12.783, 9.366, 5.478, 0.0, 5.801, 9.782, 12.554, 15.544, 17.541, 18.609, 20.38, 22.681, 23.928, 24.091, 24.329, 25.102, 26.612, 28.943, 31.012, 32.125, 33.216, 34.964, 36.739, 37.851, 39.127, 40.031, 40.508, 40.786, 40.4, 40.33, 40.974, 40.858, 39.598, 38.234, 37.65, 37.631, 37.326, 37.031, 37.079, 37.244, 37.257, 37.401, 37.45, 36.572, 35.924, 37.272, 40.518, 43.402, 44.787, 44.181, 42.915, 42.432, 42.663, 43.36, 44.051, 44.05, 43.772, 43.867, 44.394, 44.994, 45.587, 46.478, 47.437, 48.201, 48.047, 47.139, 46.102, 44.7, 43.732, 44.219, 44.591, 43.403, 40.933, 39.217, 38.953, 39.351, 39.784, 39.79, 39.154, 38.773, 39.164, 39.881, 40.161, 40.343, 40.942, 41.179, 40.708, 39.463, 37.833, 36.913, 36.563, 36.263, 36.839, 38.095, 38.919, 39.022, 39.052, 39.402, 39.577, 39.543, 40.003, 40.707, 41.113, 41.25, 40.847, 40.296, 39.846, 38.724, 37.26, 36.555, 36.452, 36.598, 37.133, 37.305, 36.52, 35.658, 35.597, 35.926, 36.068, 36.405, 36.942, 37.243, 37.491, 37.746, 37.7, 37.651, 37.76, 37.536, 37.318, 37.787, 38.205, 38.467, 38.736, 38.889, 38.829, 38.876, 39.031, 38.806, 38.494, 38.5, 38.83, 39.566, 40.387, 40.199, 17.598], [16.78, 14.809, 12.594, 10.244, 5.801, 0.0, 5.115, 9.378, 13.292, 15.571, 16.732, 18.725, 21.27, 22.643, 22.853, 23.121, 23.903, 25.42, 27.833, 30.016, 31.21, 32.382, 34.209, 36.039, 37.188, 38.542, 39.504, 40.007, 40.297, 39.925, 39.894, 40.604, 40.515, 39.229, 37.822, 37.205, 37.17, 36.867, 36.587, 36.635, 36.801, 36.817, 36.958, 37.007, 36.097, 35.413, 36.852, 40.259, 43.24, 44.661, 44.061, 42.785, 42.282, 42.505, 43.227, 43.952, 43.97, 43.705, 43.827, 44.395, 45.023, 45.627, 46.522, 47.471, 48.227, 48.072, 47.155, 46.089, 44.636, 43.624, 44.115, 44.5, 43.289, 40.766, 38.996, 38.728, 39.126, 39.549, 39.515, 38.834, 38.431, 38.821, 39.528, 39.804, 40.006, 40.63, 40.884, 40.428, 39.17, 37.506, 36.61, 36.287, 35.98, 36.589, 37.897, 38.74, 38.835, 38.839, 39.183, 39.374, 39.339, 39.801, 40.522, 40.931, 41.045, 40.626, 40.079, 39.613, 38.452, 36.952, 36.222, 36.114, 36.274, 36.818, 36.959, 36.144, 35.281, 35.247, 35.613, 35.78, 36.16, 36.728, 37.041, 37.295, 37.59, 37.592, 37.531, 37.608, 37.381, 37.195, 37.697, 38.115, 38.372, 38.653, 38.794, 38.702, 38.743, 38.904, 38.67, 38.347, 38.362, 38.714, 39.47, 40.305, 40.106, 18.958], [18.225, 16.569, 14.864, 13.163, 9.782, 5.115, 0.0, 5.839, 11.135, 13.862, 15.028, 17.213, 20.066, 21.586, 21.824, 22.13, 22.967, 24.509, 26.965, 29.231, 30.53, 31.808, 33.714, 35.602, 36.797, 38.19, 39.18, 39.72, 40.032, 39.658, 39.648, 40.415, 40.372, 39.095, 37.666, 37.02, 36.968, 36.66, 36.387, 36.438, 36.605, 36.62, 36.767, 36.819, 35.894, 35.194, 36.67, 40.168, 43.207, 44.643, 44.055, 42.79, 42.283, 42.501, 43.238, 43.984, 44.007, 43.741, 43.871, 44.459, 45.099, 45.708, 46.604, 47.546, 48.3, 48.146, 47.226, 46.156, 44.691, 43.655, 44.149, 44.556, 43.361, 40.835, 39.042, 38.771, 39.17, 39.586, 39.516, 38.798, 38.372, 38.752, 39.455, 39.732, 39.948, 40.588, 40.852, 40.401, 39.13, 37.421, 36.499, 36.165, 35.86, 36.487, 37.799, 38.637, 38.718, 38.7, 39.043, 39.259, 39.236, 39.709, 40.437, 40.846, 40.95, 40.531, 39.996, 39.504, 38.3, 36.774, 36.035, 35.926, 36.103, 36.654, 36.764, 35.928, 35.075, 35.067, 35.47, 35.66, 36.057, 36.641, 36.958, 37.227, 37.537, 37.536, 37.451, 37.516, 37.293, 37.135, 37.667, 38.086, 38.337, 38.627, 38.749, 38.621, 38.651, 38.819, 38.583, 38.253, 38.27, 38.636, 39.416, 40.278, 40.087, 20.261], [19.543, 18.072, 16.682, 15.298, 12.554, 9.378, 5.839, 0.0, 6.455, 10.175, 11.673, 13.988, 17.211, 18.991, 19.302, 19.685, 20.689, 22.422, 25.089, 27.589, 29.142, 30.65, 32.789, 34.896, 36.215, 37.676, 38.709, 39.282, 39.604, 39.218, 39.229, 40.049, 40.033, 38.78, 37.402, 36.762, 36.699, 36.391, 36.132, 36.2, 36.371, 36.366, 36.485, 36.518, 35.553, 34.791, 36.288, 39.915, 43.024, 44.462, 43.858, 42.591, 42.091, 42.309, 43.054, 43.818, 43.852, 43.6, 43.761, 44.371, 45.013, 45.646, 46.594, 47.577, 48.335, 48.159, 47.227, 46.15, 44.668, 43.625, 44.155, 44.572, 43.353, 40.782, 38.939, 38.653, 39.059, 39.471, 39.361, 38.583, 38.12, 38.495, 39.202, 39.489, 39.72, 40.363, 40.614, 40.155, 38.857, 37.108, 36.203, 35.869, 35.56, 36.223, 37.559, 38.398, 38.462, 38.437, 38.802, 39.05, 39.041, 39.536, 40.274, 40.684, 40.805, 40.4, 39.869, 39.364, 38.124, 36.56, 35.811, 35.7, 35.858, 36.377, 36.461, 35.607, 34.762, 34.793, 35.24, 35.463, 35.887, 36.483, 36.809, 37.094, 37.381, 37.297, 37.141, 37.213, 37.003, 36.867, 37.409, 37.809, 38.064, 38.374, 38.48, 38.317, 38.337, 38.502, 38.245, 37.904, 37.927, 38.291, 39.084, 39.977, 39.806, 21.348], [21.28, 19.996, 18.93, 17.856, 15.544, 13.292, 11.135, 6.455, 0.0, 4.889, 7.659, 10.216, 13.394, 15.331, 15.784, 16.261, 17.451, 19.437, 22.366, 25.141, 27.009, 28.807, 31.221, 33.602, 35.063, 36.607, 37.689, 38.282, 38.624, 38.268, 38.322, 39.188, 39.177, 38.01, 36.856, 36.352, 36.285, 36.001, 35.826, 35.932, 36.103, 36.059, 36.109, 36.127, 35.172, 34.339, 35.725, 39.384, 42.556, 44.009, 43.398, 42.121, 41.603, 41.797, 42.518, 43.276, 43.325, 43.102, 43.291, 43.917, 44.557, 45.202, 46.205, 47.241, 48.002, 47.809, 46.873, 45.809, 44.354, 43.316, 43.827, 44.254, 43.075, 40.553, 38.755, 38.507, 38.94, 39.334, 39.174, 38.372, 37.896, 38.252, 38.931, 39.204, 39.448, 40.099, 40.337, 39.884, 38.625, 36.906, 35.997, 35.659, 35.359, 36.027, 37.338, 38.151, 38.206, 38.184, 38.59, 38.861, 38.843, 39.336, 40.075, 40.474, 40.593, 40.215, 39.698, 39.183, 37.941, 36.39, 35.645, 35.514, 35.617, 36.077, 36.156, 35.339, 34.547, 34.621, 35.097, 35.38, 35.893, 36.492, 36.821, 37.101, 37.321, 37.143, 36.931, 37.008, 36.818, 36.697, 37.224, 37.593, 37.841, 38.155, 38.256, 38.08, 38.09, 38.241, 37.964, 37.619, 37.65, 37.998, 38.773, 39.667, 39.506, 22.792], [22.53, 21.412, 20.541, 19.612, 17.541, 15.571, 13.862, 10.175, 4.889, 0.0, 4.236, 8.011, 11.403, 13.313, 13.813, 14.369, 15.767, 18.022, 21.118, 23.974, 25.906, 27.804, 30.36, 32.86, 34.366, 35.966, 37.093, 37.709, 38.074, 37.747, 37.829, 38.724, 38.718, 37.577, 36.544, 36.153, 36.099, 35.817, 35.687, 35.811, 35.981, 35.925, 35.949, 35.967, 35.022, 34.159, 35.493, 39.175, 42.404, 43.875, 43.26, 41.973, 41.442, 41.629, 42.341, 43.087, 43.14, 42.925, 43.122, 43.762, 44.407, 45.052, 46.069, 47.12, 47.889, 47.7, 46.763, 45.707, 44.297, 43.28, 43.773, 44.217, 43.079, 40.581, 38.794, 38.552, 38.99, 39.369, 39.186, 38.382, 37.896, 38.225, 38.876, 39.131, 39.394, 40.062, 40.306, 39.867, 38.648, 36.942, 35.985, 35.627, 35.322, 35.963, 37.248, 38.052, 38.12, 38.118, 38.548, 38.83, 38.808, 39.288, 40.02, 40.414, 40.524, 40.157, 39.658, 39.147, 37.91, 36.373, 35.63, 35.488, 35.582, 36.03, 36.112, 35.311, 34.526, 34.602, 35.086, 35.399, 35.968, 36.564, 36.887, 37.179, 37.399, 37.208, 36.971, 37.025, 36.827, 36.69, 37.192, 37.545, 37.776, 38.072, 38.168, 37.985, 37.988, 38.133, 37.854, 37.511, 37.543, 37.88, 38.648, 39.537, 39.351, 23.865], [23.256, 22.18, 21.389, 20.55, 18.609, 16.732, 15.028, 11.673, 7.659, 4.236, 0.0, 5.22, 9.844, 12.143, 12.648, 13.275, 14.969, 17.565, 20.873, 23.774, 25.667, 27.567, 30.198, 32.752, 34.268, 35.896, 37.064, 37.709, 38.076, 37.739, 37.827, 38.748, 38.777, 37.627, 36.547, 36.144, 36.11, 35.817, 35.649, 35.757, 35.924, 35.869, 35.905, 35.937, 34.983, 34.129, 35.593, 39.489, 42.839, 44.32, 43.668, 42.363, 41.836, 42.035, 42.757, 43.512, 43.571, 43.349, 43.541, 44.188, 44.836, 45.478, 46.488, 47.53, 48.296, 48.109, 47.169, 46.102, 44.683, 43.657, 44.158, 44.596, 43.386, 40.767, 38.861, 38.564, 38.988, 39.375, 39.2, 38.375, 37.864, 38.188, 38.85, 39.117, 39.401, 40.085, 40.338, 39.894, 38.65, 36.896, 35.905, 35.54, 35.229, 35.882, 37.204, 38.031, 38.116, 38.144, 38.61, 38.906, 38.881, 39.354, 40.074, 40.463, 40.567, 40.194, 39.708, 39.222, 37.983, 36.41, 35.635, 35.489, 35.599, 36.059, 36.123, 35.29, 34.466, 34.515, 34.997, 35.312, 35.887, 36.49, 36.811, 37.128, 37.42, 37.297, 37.087, 37.137, 36.925, 36.784, 37.305, 37.664, 37.89, 38.191, 38.293, 38.101, 38.094, 38.233, 37.948, 37.6, 37.624, 37.967, 38.76, 39.655, 39.428, 24.51], [24.395, 23.372, 22.747, 22.113, 20.38, 18.725, 17.213, 13.988, 10.216, 8.011, 5.22, 0.0, 5.672, 8.83, 9.638, 10.346, 12.353, 15.403, 19.127, 22.269, 24.343, 26.405, 29.184, 31.881, 33.453, 35.115, 36.358, 37.071, 37.458, 37.139, 37.269, 38.231, 38.31, 37.253, 36.281, 35.928, 35.912, 35.66, 35.538, 35.661, 35.826, 35.759, 35.784, 35.85, 34.935, 34.075, 35.577, 39.655, 43.12, 44.6, 43.913, 42.593, 42.054, 42.229, 42.931, 43.684, 43.752, 43.527, 43.709, 44.355, 45.004, 45.632, 46.628, 47.666, 48.424, 48.231, 47.289, 46.217, 44.776, 43.703, 44.175, 44.594, 43.332, 40.659, 38.726, 38.43, 38.863, 39.246, 39.068, 38.23, 37.714, 38.048, 38.716, 38.979, 39.261, 39.953, 40.212, 39.76, 38.504, 36.733, 35.724, 35.371, 35.078, 35.752, 37.091, 37.93, 38.036, 38.112, 38.647, 38.959, 38.9, 39.359, 40.073, 40.433, 40.512, 40.143, 39.674, 39.21, 37.976, 36.378, 35.564, 35.395, 35.487, 35.921, 35.969, 35.148, 34.339, 34.384, 34.879, 35.251, 35.873, 36.484, 36.806, 37.116, 37.426, 37.36, 37.213, 37.29, 37.081, 36.967, 37.519, 37.874, 38.098, 38.419, 38.542, 38.352, 38.337, 38.46, 38.154, 37.793, 37.809, 38.157, 38.972, 39.874, 39.627, 25.507], [25.939, 25.06, 24.634, 24.185, 22.681, 21.27, 20.066, 17.211, 13.394, 11.403, 9.844, 5.672, 0.0, 3.937, 5.585, 6.674, 8.983, 12.451, 16.59, 19.994, 22.317, 24.606, 27.53, 30.352, 31.983, 33.694, 35.046, 35.876, 36.334, 36.098, 36.303, 37.287, 37.402, 36.527, 35.836, 35.627, 35.614, 35.436, 35.473, 35.678, 35.848, 35.767, 35.78, 35.894, 35.076, 34.22, 35.568, 39.556, 43.0, 44.458, 43.777, 42.477, 41.924, 42.057, 42.712, 43.435, 43.497, 43.271, 43.439, 44.071, 44.712, 45.314, 46.297, 47.345, 48.109, 47.917, 46.977, 45.912, 44.488, 43.391, 43.808, 44.233, 43.041, 40.484, 38.687, 38.466, 38.911, 39.265, 39.07, 38.252, 37.748, 38.062, 38.682, 38.9, 39.148, 39.834, 40.103, 39.671, 38.474, 36.77, 35.747, 35.401, 35.136, 35.78, 37.054, 37.858, 37.972, 38.081, 38.658, 38.967, 38.864, 39.295, 39.992, 40.316, 40.361, 40.01, 39.564, 39.11, 37.916, 36.383, 35.591, 35.409, 35.475, 35.879, 35.939, 35.194, 34.471, 34.551, 35.064, 35.513, 36.194, 36.792, 37.1, 37.378, 37.648, 37.588, 37.469, 37.549, 37.345, 37.234, 37.762, 38.088, 38.281, 38.591, 38.735, 38.561, 38.546, 38.652, 38.323, 37.947, 37.954, 38.29, 39.101, 39.998, 39.743, 26.847], [26.737, 25.967, 25.65, 25.3, 23.928, 22.643, 21.586, 18.991, 15.331, 13.313, 12.143, 8.83, 3.937, 0.0, 2.584, 4.777, 7.613, 11.142, 15.291, 18.718, 21.104, 23.496, 26.503, 29.384, 31.056, 32.828, 34.268, 35.185, 35.704, 35.524, 35.762, 36.741, 36.862, 36.085, 35.555, 35.434, 35.413, 35.266, 35.416, 35.698, 35.885, 35.801, 35.816, 35.954, 35.185, 34.351, 35.613, 39.492, 42.888, 44.324, 43.645, 42.367, 41.823, 41.943, 42.578, 43.283, 43.334, 43.108, 43.275, 43.903, 44.538, 45.13, 46.113, 47.173, 47.949, 47.762, 46.814, 45.74, 44.321, 43.224, 43.629, 44.077, 42.947, 40.471, 38.758, 38.578, 39.026, 39.365, 39.157, 38.344, 37.831, 38.117, 38.711, 38.913, 39.14, 39.817, 40.092, 39.672, 38.512, 36.844, 35.804, 35.448, 35.188, 35.815, 37.066, 37.857, 37.965, 38.067, 38.645, 38.95, 38.837, 39.253, 39.935, 40.247, 40.278, 39.932, 39.504, 39.061, 37.885, 36.384, 35.611, 35.429, 35.497, 35.901, 35.973, 35.25, 34.557, 34.661, 35.187, 35.669, 36.383, 36.981, 37.28, 37.551, 37.816, 37.76, 37.635, 37.704, 37.497, 37.363, 37.857, 38.168, 38.333, 38.627, 38.791, 38.635, 38.62, 38.719, 38.377, 37.987, 37.982, 38.307, 39.11, 39.998, 39.731, 27.518], [26.778, 26.029, 25.734, 25.412, 24.091, 22.853, 21.824, 19.302, 15.784, 13.813, 12.648, 9.638, 5.585, 2.584, 0.0, 3.23, 6.994, 10.816, 14.967, 18.394, 20.808, 23.23, 26.275, 29.196, 30.908, 32.709, 34.154, 35.077, 35.603, 35.419, 35.65, 36.624, 36.748, 35.982, 35.46, 35.349, 35.339, 35.199, 35.365, 35.671, 35.876, 35.795, 35.81, 35.945, 35.165, 34.339, 35.595, 39.45, 42.845, 44.274, 43.584, 42.312, 41.785, 41.917, 42.56, 43.268, 43.318, 43.095, 43.269, 43.901, 44.543, 45.139, 46.12, 47.174, 47.953, 47.769, 46.814, 45.724, 44.293, 43.203, 43.623, 44.073, 42.931, 40.445, 38.722, 38.541, 38.998, 39.343, 39.132, 38.309, 37.78, 38.056, 38.66, 38.879, 39.11, 39.784, 40.056, 39.636, 38.469, 36.79, 35.746, 35.382, 35.111, 35.755, 37.049, 37.862, 37.963, 38.048, 38.621, 38.935, 38.837, 39.259, 39.937, 40.255, 40.291, 39.942, 39.518, 39.079, 37.895, 36.377, 35.591, 35.406, 35.475, 35.883, 35.957, 35.208, 34.481, 34.575, 35.098, 35.572, 36.288, 36.904, 37.21, 37.491, 37.774, 37.733, 37.613, 37.683, 37.475, 37.329, 37.817, 38.133, 38.301, 38.599, 38.778, 38.63, 38.618, 38.716, 38.37, 37.971, 37.96, 38.284, 39.08, 39.961, 39.682, 27.541], [27.056, 26.306, 25.988, 25.638, 24.329, 23.121, 22.13, 19.685, 16.261, 14.369, 13.275, 10.346, 6.674, 4.777, 3.23, 0.0, 4.558, 9.396, 14.326, 18.145, 20.706, 23.166, 26.271, 29.27, 31.04, 32.863, 34.297, 35.21, 35.733, 35.546, 35.768, 36.732, 36.862, 36.105, 35.566, 35.449, 35.474, 35.379, 35.546, 35.844, 36.053, 35.984, 36.015, 36.156, 35.377, 34.554, 35.752, 39.516, 42.876, 44.29, 43.594, 42.314, 41.772, 41.894, 42.537, 43.252, 43.313, 43.102, 43.269, 43.888, 44.542, 45.147, 46.101, 47.124, 47.896, 47.717, 46.767, 45.69, 44.273, 43.191, 43.609, 44.048, 42.892, 40.402, 38.682, 38.512, 38.981, 39.331, 39.123, 38.315, 37.792, 38.057, 38.653, 38.879, 39.111, 39.781, 40.057, 39.642, 38.475, 36.805, 35.791, 35.45, 35.182, 35.836, 37.152, 37.969, 38.075, 38.181, 38.769, 39.079, 38.971, 39.388, 40.065, 40.38, 40.417, 40.07, 39.639, 39.189, 38.016, 36.513, 35.731, 35.543, 35.595, 35.993, 36.079, 35.342, 34.609, 34.685, 35.189, 35.638, 36.334, 36.955, 37.27, 37.544, 37.814, 37.773, 37.668, 37.747, 37.547, 37.413, 37.9, 38.215, 38.388, 38.69, 38.867, 38.724, 38.716, 38.81, 38.455, 38.055, 38.046, 38.366, 39.149, 40.019, 39.744, 27.828], [27.813, 27.083, 26.761, 26.395, 25.102, 23.903, 22.967, 20.689, 17.451, 15.767, 14.969, 12.353, 8.983, 7.613, 6.994, 4.558, 0.0, 5.969, 12.316, 17.006, 19.873, 22.395, 25.594, 28.73, 30.612, 32.528, 34.028, 34.98, 35.524, 35.349, 35.574, 36.533, 36.656, 35.914, 35.397, 35.302, 35.366, 35.356, 35.585, 35.898, 36.102, 36.044, 36.106, 36.288, 35.558, 34.757, 35.878, 39.522, 42.825, 44.228, 43.548, 42.264, 41.681, 41.761, 42.379, 43.098, 43.182, 42.987, 43.146, 43.754, 44.428, 45.042, 45.958, 46.937, 47.691, 47.512, 46.574, 45.523, 44.122, 43.02, 43.412, 43.859, 42.728, 40.287, 38.632, 38.503, 38.983, 39.322, 39.11, 38.329, 37.827, 38.083, 38.657, 38.878, 39.097, 39.756, 40.034, 39.622, 38.469, 36.835, 35.859, 35.542, 35.287, 35.935, 37.243, 38.051, 38.166, 38.305, 38.911, 39.204, 39.06, 39.455, 40.128, 40.431, 40.456, 40.108, 39.672, 39.218, 38.07, 36.602, 35.833, 35.649, 35.699, 36.089, 36.186, 35.486, 34.788, 34.871, 35.371, 35.812, 36.484, 37.093, 37.411, 37.668, 37.909, 37.87, 37.792, 37.886, 37.697, 37.573, 38.061, 38.372, 38.536, 38.816, 38.962, 38.808, 38.8, 38.88, 38.506, 38.098, 38.089, 38.405, 39.183, 40.053, 39.787, 28.561], [29.142, 28.42, 28.133, 27.825, 26.612, 25.42, 24.509, 22.422, 19.437, 18.022, 17.565, 15.403, 12.451, 11.142, 10.816, 9.396, 5.969, 0.0, 7.484, 13.558, 17.327, 20.225, 23.582, 26.925, 28.999, 31.091, 32.718, 33.761, 34.358, 34.229, 34.491, 35.466, 35.584, 34.91, 34.546, 34.553, 34.643, 34.76, 35.167, 35.56, 35.767, 35.704, 35.775, 36.01, 35.376, 34.616, 35.579, 39.056, 42.284, 43.662, 43.011, 41.786, 41.232, 41.284, 41.855, 42.556, 42.654, 42.481, 42.659, 43.28, 43.975, 44.597, 45.503, 46.458, 47.191, 47.017, 46.09, 45.051, 43.664, 42.556, 42.941, 43.437, 42.398, 40.097, 38.587, 38.516, 39.011, 39.322, 39.075, 38.32, 37.844, 38.088, 38.652, 38.886, 39.086, 39.726, 40.005, 39.62, 38.539, 36.978, 35.983, 35.621, 35.351, 35.97, 37.237, 38.026, 38.133, 38.263, 38.858, 39.145, 38.995, 39.366, 40.014, 40.302, 40.314, 39.969, 39.553, 39.102, 37.97, 36.548, 35.8, 35.62, 35.684, 36.078, 36.168, 35.502, 34.862, 34.978, 35.487, 35.925, 36.584, 37.179, 37.487, 37.739, 37.976, 37.956, 37.894, 37.993, 37.815, 37.667, 38.132, 38.452, 38.607, 38.848, 38.957, 38.795, 38.784, 38.856, 38.471, 38.045, 38.023, 38.339, 39.127, 40.007, 39.743, 29.86], [31.076, 30.372, 30.162, 29.979, 28.943, 27.833, 26.965, 25.089, 22.366, 21.118, 20.873, 19.127, 16.59, 15.291, 14.967, 14.326, 12.316, 7.484, 0.0, 7.483, 13.128, 17.257, 20.941, 24.465, 26.736, 28.984, 30.735, 31.917, 32.616, 32.595, 32.982, 34.024, 34.153, 33.617, 33.547, 33.746, 33.848, 34.083, 34.723, 35.218, 35.441, 35.369, 35.424, 35.688, 35.161, 34.486, 35.261, 38.537, 41.674, 43.018, 42.394, 41.271, 40.805, 40.862, 41.386, 42.046, 42.131, 41.977, 42.194, 42.844, 43.539, 44.154, 45.08, 46.039, 46.76, 46.605, 45.702, 44.665, 43.319, 42.281, 42.7, 43.245, 42.311, 40.193, 38.838, 38.802, 39.314, 39.605, 39.31, 38.584, 38.121, 38.344, 38.915, 39.189, 39.401, 40.044, 40.325, 39.983, 39.003, 37.513, 36.433, 35.966, 35.639, 36.175, 37.343, 38.096, 38.203, 38.32, 38.891, 39.195, 39.091, 39.461, 40.067, 40.335, 40.341, 40.02, 39.632, 39.162, 38.035, 36.675, 35.955, 35.757, 35.806, 36.177, 36.24, 35.589, 35.003, 35.151, 35.662, 36.11, 36.78, 37.355, 37.626, 37.878, 38.148, 38.181, 38.133, 38.219, 38.052, 37.891, 38.319, 38.637, 38.79, 39.017, 39.117, 38.956, 38.946, 39.014, 38.628, 38.196, 38.167, 38.489, 39.29, 40.168, 39.892, 31.731], [32.646, 32.036, 31.955, 31.888, 31.012, 30.016, 29.231, 27.589, 25.141, 23.974, 23.774, 22.269, 19.994, 18.718, 18.394, 18.145, 17.006, 13.558, 7.483, 0.0, 7.551, 13.708, 18.249, 21.955, 24.315, 26.719, 28.661, 30.055, 30.913, 31.024, 31.594, 32.776, 32.919, 32.44, 32.571, 32.921, 33.027, 33.327, 34.142, 34.714, 34.954, 34.892, 34.954, 35.233, 34.761, 34.204, 35.02, 38.335, 41.503, 42.866, 42.258, 41.18, 40.761, 40.817, 41.328, 41.976, 42.03, 41.853, 42.1, 42.797, 43.493, 44.098, 45.04, 46.007, 46.733, 46.596, 45.71, 44.681, 43.356, 42.355, 42.787, 43.345, 42.441, 40.372, 39.041, 38.993, 39.517, 39.817, 39.487, 38.756, 38.283, 38.515, 39.128, 39.454, 39.691, 40.352, 40.646, 40.333, 39.393, 37.895, 36.705, 36.112, 35.684, 36.13, 37.232, 37.98, 38.116, 38.262, 38.846, 39.172, 39.102, 39.475, 40.057, 40.319, 40.328, 40.03, 39.644, 39.13, 37.983, 36.635, 35.906, 35.678, 35.706, 36.048, 36.085, 35.414, 34.826, 34.988, 35.503, 35.973, 36.68, 37.25, 37.483, 37.729, 38.044, 38.143, 38.127, 38.212, 38.051, 37.902, 38.31, 38.608, 38.758, 38.995, 39.104, 38.948, 38.932, 38.993, 38.611, 38.192, 38.178, 38.517, 39.331, 40.206, 39.917, 33.132], [33.272, 32.837, 32.927, 32.933, 32.125, 31.21, 30.53, 29.142, 27.009, 25.906, 25.667, 24.343, 22.317, 21.104, 20.808, 20.706, 19.873, 17.327, 13.128, 7.551, 0.0, 7.827, 14.293, 19.032, 21.588, 24.275, 26.658, 28.413, 29.499, 29.712, 30.418, 31.763, 31.909, 31.282, 31.307, 31.675, 31.799, 32.144, 33.06, 33.686, 33.946, 33.909, 34.042, 34.392, 33.89, 33.396, 34.551, 38.246, 41.586, 43.018, 42.407, 41.312, 40.871, 40.895, 41.408, 42.077, 42.099, 41.87, 42.129, 42.884, 43.619, 44.261, 45.236, 46.219, 46.962, 46.819, 45.897, 44.826, 43.426, 42.336, 42.747, 43.331, 42.401, 40.25, 38.822, 38.748, 39.283, 39.589, 39.221, 38.424, 37.935, 38.237, 38.94, 39.298, 39.54, 40.22, 40.532, 40.223, 39.232, 37.629, 36.334, 35.608, 35.003, 35.36, 36.514, 37.339, 37.531, 37.744, 38.374, 38.694, 38.599, 38.969, 39.57, 39.849, 39.867, 39.554, 39.147, 38.608, 37.396, 35.957, 35.172, 34.928, 34.981, 35.376, 35.416, 34.677, 34.01, 34.178, 34.722, 35.202, 35.978, 36.603, 36.833, 37.068, 37.401, 37.532, 37.537, 37.63, 37.465, 37.311, 37.714, 38.003, 38.144, 38.375, 38.49, 38.339, 38.318, 38.368, 37.972, 37.543, 37.544, 37.919, 38.768, 39.67, 39.373, 33.465], [33.859, 33.629, 33.883, 33.962, 33.216, 32.382, 31.808, 30.65, 28.807, 27.804, 27.567, 26.405, 24.606, 23.496, 23.23, 23.166, 22.395, 20.225, 17.257, 13.708, 7.827, 0.0, 8.504, 15.274, 18.623, 21.72, 24.674, 26.932, 28.287, 28.607, 29.406, 30.864, 31.038, 30.321, 30.25, 30.627, 30.79, 31.22, 32.231, 32.911, 33.196, 33.173, 33.379, 33.874, 33.39, 32.863, 34.26, 38.278, 41.755, 43.237, 42.637, 41.536, 41.05, 41.017, 41.508, 42.195, 42.206, 41.937, 42.176, 42.957, 43.736, 44.416, 45.401, 46.37, 47.107, 46.941, 45.971, 44.839, 43.326, 42.088, 42.45, 43.092, 42.18, 39.993, 38.523, 38.458, 39.012, 39.302, 38.904, 38.066, 37.598, 37.98, 38.741, 39.074, 39.289, 39.976, 40.303, 39.993, 38.969, 37.305, 35.97, 35.175, 34.443, 34.725, 35.95, 36.869, 37.105, 37.351, 37.995, 38.28, 38.126, 38.474, 39.091, 39.383, 39.404, 39.061, 38.641, 38.107, 36.855, 35.346, 34.513, 34.271, 34.381, 34.852, 34.906, 34.128, 33.404, 33.584, 34.178, 34.711, 35.562, 36.242, 36.48, 36.679, 36.978, 37.135, 37.183, 37.273, 37.105, 36.943, 37.352, 37.658, 37.781, 37.975, 38.079, 37.947, 37.931, 37.98, 37.561, 37.101, 37.107, 37.513, 38.39, 39.313, 39.011, 33.737], [35.14, 35.085, 35.443, 35.594, 34.964, 34.209, 33.714, 32.789, 31.221, 30.36, 30.198, 29.184, 27.53, 26.503, 26.275, 26.271, 25.594, 23.582, 20.941, 18.249, 14.293, 8.504, 0.0, 8.627, 13.96, 18.294, 22.008, 24.874, 26.597, 27.137, 28.083, 29.599, 29.816, 29.273, 29.505, 30.078, 30.295, 30.871, 32.05, 32.796, 33.095, 33.062, 33.251, 33.871, 33.555, 33.051, 34.351, 38.344, 41.868, 43.414, 42.883, 41.837, 41.339, 41.251, 41.701, 42.383, 42.383, 42.08, 42.277, 43.047, 43.828, 44.471, 45.371, 46.239, 46.921, 46.745, 45.777, 44.656, 43.107, 41.714, 41.957, 42.667, 41.9, 39.874, 38.558, 38.567, 39.146, 39.432, 39.042, 38.268, 37.889, 38.317, 39.054, 39.324, 39.489, 40.163, 40.501, 40.223, 39.285, 37.71, 36.374, 35.58, 34.847, 35.06, 36.214, 37.133, 37.378, 37.613, 38.232, 38.482, 38.276, 38.57, 39.15, 39.427, 39.432, 39.075, 38.643, 38.097, 36.894, 35.471, 34.651, 34.414, 34.557, 35.03, 35.094, 34.399, 33.756, 33.951, 34.552, 35.131, 35.973, 36.646, 36.882, 37.004, 37.23, 37.468, 37.641, 37.748, 37.595, 37.443, 37.844, 38.164, 38.255, 38.36, 38.441, 38.347, 38.348, 38.41, 37.991, 37.513, 37.515, 37.918, 38.76, 39.659, 39.369, 34.856], [36.685, 36.721, 37.12, 37.288, 36.739, 36.039, 35.602, 34.896, 33.602, 32.86, 32.752, 31.881, 30.352, 29.384, 29.196, 29.27, 28.73, 26.925, 24.465, 21.955, 19.032, 15.274, 8.627, 0.0, 7.629, 14.438, 19.374, 22.806, 24.942, 25.778, 26.892, 28.477, 28.712, 28.335, 29.003, 29.852, 30.104, 30.837, 32.23, 33.058, 33.358, 33.306, 33.462, 34.179, 34.108, 33.738, 34.806, 38.519, 42.013, 43.645, 43.228, 42.275, 41.81, 41.711, 42.126, 42.772, 42.757, 42.439, 42.608, 43.379, 44.153, 44.721, 45.498, 46.253, 46.88, 46.716, 45.794, 44.751, 43.273, 41.833, 41.984, 42.717, 42.07, 40.225, 39.103, 39.167, 39.737, 40.028, 39.662, 38.969, 38.673, 39.091, 39.762, 39.985, 40.1, 40.737, 41.081, 40.842, 40.028, 38.628, 37.342, 36.596, 35.912, 36.036, 37.023, 37.868, 38.107, 38.337, 38.922, 39.15, 38.93, 39.165, 39.685, 39.94, 39.932, 39.577, 39.14, 38.61, 37.528, 36.275, 35.523, 35.307, 35.462, 35.901, 35.97, 35.405, 34.879, 35.041, 35.56, 36.098, 36.843, 37.454, 37.673, 37.731, 37.937, 38.308, 38.615, 38.733, 38.587, 38.441, 38.8, 39.108, 39.174, 39.196, 39.25, 39.193, 39.203, 39.268, 38.873, 38.407, 38.41, 38.805, 39.6, 40.455, 40.188, 36.393], [37.658, 37.73, 38.183, 38.372, 37.851, 37.188, 36.797, 36.215, 35.063, 34.366, 34.268, 33.453, 31.983, 31.056, 30.908, 31.04, 30.612, 28.999, 26.736, 24.315, 21.588, 18.623, 13.96, 7.629, 0.0, 8.934, 15.78, 20.214, 22.824, 23.947, 25.275, 27.039, 27.378, 27.184, 28.26, 29.347, 29.606, 30.459, 32.058, 32.979, 33.28, 33.204, 33.348, 34.157, 34.322, 34.098, 35.002, 38.461, 41.894, 43.566, 43.233, 42.363, 41.946, 41.852, 42.23, 42.834, 42.819, 42.507, 42.658, 43.432, 44.209, 44.738, 45.471, 46.206, 46.823, 46.681, 45.798, 44.812, 43.425, 42.041, 42.182, 42.911, 42.311, 40.582, 39.58, 39.665, 40.212, 40.499, 40.143, 39.477, 39.206, 39.592, 40.199, 40.399, 40.498, 41.11, 41.446, 41.213, 40.465, 39.192, 37.965, 37.267, 36.622, 36.681, 37.561, 38.35, 38.582, 38.817, 39.383, 39.604, 39.39, 39.59, 40.069, 40.315, 40.312, 39.966, 39.549, 39.071, 38.078, 36.93, 36.24, 36.049, 36.2, 36.597, 36.65, 36.153, 35.688, 35.814, 36.274, 36.791, 37.468, 38.024, 38.225, 38.26, 38.496, 38.966, 39.34, 39.447, 39.293, 39.156, 39.484, 39.758, 39.809, 39.805, 39.841, 39.784, 39.78, 39.827, 39.449, 38.991, 38.988, 39.388, 40.176, 41.005, 40.742, 37.37], [38.783, 38.869, 39.347, 39.572, 39.127, 38.542, 38.19, 37.676, 36.607, 35.966, 35.896, 35.115, 33.694, 32.828, 32.709, 32.863, 32.528, 31.091, 28.984, 26.719, 24.275, 21.72, 18.294, 14.438, 8.934, 0.0, 9.084, 15.759, 19.416, 20.955, 22.618, 24.717, 25.321, 25.606, 27.365, 28.806, 29.097, 30.104, 31.956, 32.976, 33.27, 33.168, 33.304, 34.201, 34.601, 34.535, 35.29, 38.509, 41.847, 43.486, 43.202, 42.44, 42.124, 42.053, 42.378, 42.93, 42.919, 42.619, 42.741, 43.469, 44.206, 44.691, 45.423, 46.188, 46.808, 46.698, 45.862, 44.92, 43.621, 42.286, 42.375, 43.095, 42.593, 41.014, 40.148, 40.27, 40.786, 41.051, 40.719, 40.122, 39.903, 40.255, 40.777, 40.937, 41.022, 41.605, 41.924, 41.698, 41.01, 39.838, 38.675, 38.034, 37.463, 37.5, 38.293, 39.034, 39.26, 39.502, 40.052, 40.273, 40.093, 40.281, 40.716, 40.954, 40.972, 40.636, 40.233, 39.807, 38.909, 37.869, 37.236, 37.054, 37.182, 37.525, 37.566, 37.129, 36.705, 36.815, 37.243, 37.735, 38.302, 38.781, 38.953, 38.965, 39.241, 39.804, 40.218, 40.296, 40.156, 40.047, 40.34, 40.577, 40.619, 40.6, 40.628, 40.582, 40.577, 40.607, 40.245, 39.796, 39.772, 40.144, 40.89, 41.664, 41.401, 38.484], [39.631, 39.737, 40.209, 40.435, 40.031, 39.504, 39.18, 38.709, 37.689, 37.093, 37.064, 36.358, 35.046, 34.268, 34.154, 34.297, 34.028, 32.718, 30.735, 28.661, 26.658, 24.674, 22.008, 19.374, 15.78, 9.084, 0.0, 8.756, 14.325, 16.758, 18.692, 21.141, 22.085, 22.917, 25.457, 27.359, 27.785, 29.036, 31.166, 32.286, 32.575, 32.421, 32.537, 33.553, 34.171, 34.259, 35.023, 38.258, 41.669, 43.31, 43.054, 42.404, 42.252, 42.297, 42.632, 43.136, 43.134, 42.884, 43.011, 43.707, 44.412, 44.858, 45.563, 46.321, 46.925, 46.831, 46.03, 45.122, 43.882, 42.575, 42.609, 43.299, 42.837, 41.32, 40.508, 40.63, 41.106, 41.366, 41.065, 40.539, 40.357, 40.671, 41.117, 41.241, 41.317, 41.881, 42.201, 42.013, 41.388, 40.299, 39.21, 38.61, 38.088, 38.159, 38.943, 39.67, 39.921, 40.195, 40.745, 40.968, 40.814, 41.001, 41.405, 41.643, 41.683, 41.357, 40.949, 40.539, 39.711, 38.743, 38.126, 37.932, 38.066, 38.415, 38.447, 37.997, 37.54, 37.623, 38.029, 38.457, 38.904, 39.327, 39.475, 39.474, 39.788, 40.409, 40.828, 40.875, 40.765, 40.717, 41.032, 41.277, 41.332, 41.321, 41.352, 41.306, 41.308, 41.339, 40.983, 40.537, 40.503, 40.854, 41.555, 42.265, 41.988, 39.314], [40.06, 40.221, 40.725, 40.927, 40.508, 40.007, 39.72, 39.282, 38.282, 37.709, 37.709, 37.071, 35.876, 35.185, 35.077, 35.21, 34.98, 33.761, 31.917, 30.055, 28.413, 26.932, 24.874, 22.806, 20.214, 15.759, 8.756, 0.0, 7.468, 11.77, 14.48, 17.338, 18.673, 20.163, 23.488, 25.834, 26.43, 27.878, 30.185, 31.385, 31.688, 31.445, 31.386, 32.416, 33.271, 33.529, 34.312, 37.606, 41.156, 42.871, 42.665, 42.085, 42.042, 42.213, 42.583, 43.022, 43.005, 42.807, 42.956, 43.634, 44.329, 44.756, 45.42, 46.148, 46.732, 46.642, 45.878, 45.038, 43.896, 42.649, 42.639, 43.305, 42.89, 41.43, 40.65, 40.764, 41.216, 41.464, 41.157, 40.66, 40.494, 40.792, 41.215, 41.325, 41.386, 41.932, 42.268, 42.145, 41.607, 40.62, 39.598, 39.005, 38.509, 38.636, 39.432, 40.135, 40.396, 40.704, 41.255, 41.459, 41.306, 41.483, 41.867, 42.101, 42.142, 41.825, 41.424, 41.04, 40.277, 39.37, 38.784, 38.604, 38.752, 39.109, 39.137, 38.665, 38.174, 38.231, 38.606, 38.98, 39.357, 39.744, 39.886, 39.892, 40.202, 40.794, 41.194, 41.233, 41.133, 41.127, 41.493, 41.755, 41.822, 41.854, 41.899, 41.826, 41.826, 41.864, 41.52, 41.083, 41.052, 41.404, 42.081, 42.741, 42.472, 39.735], [40.216, 40.438, 41.001, 41.213, 40.786, 40.297, 40.032, 39.604, 38.624, 38.074, 38.076, 37.458, 36.334, 35.704, 35.603, 35.733, 35.524, 34.358, 32.616, 30.913, 29.499, 28.287, 26.597, 24.942, 22.824, 19.416, 14.325, 7.468, 0.0, 6.27, 10.893, 14.828, 16.57, 18.687, 22.572, 25.16, 25.849, 27.331, 29.642, 30.872, 31.198, 30.881, 30.624, 31.561, 32.519, 32.896, 33.79, 37.223, 40.874, 42.644, 42.484, 41.925, 41.888, 42.129, 42.594, 43.061, 43.033, 42.841, 43.006, 43.677, 44.375, 44.827, 45.504, 46.237, 46.827, 46.744, 45.996, 45.194, 44.121, 42.927, 42.869, 43.469, 43.028, 41.539, 40.701, 40.786, 41.237, 41.456, 41.119, 40.619, 40.468, 40.793, 41.252, 41.379, 41.44, 41.983, 42.324, 42.217, 41.68, 40.711, 39.718, 39.127, 38.679, 38.874, 39.692, 40.375, 40.626, 40.946, 41.481, 41.661, 41.516, 41.695, 42.069, 42.299, 42.342, 42.029, 41.624, 41.254, 40.524, 39.646, 39.1, 38.945, 39.088, 39.415, 39.436, 38.966, 38.464, 38.511, 38.876, 39.245, 39.613, 39.987, 40.137, 40.192, 40.53, 41.085, 41.453, 41.486, 41.385, 41.384, 41.765, 42.025, 42.096, 42.14, 42.165, 42.068, 42.064, 42.096, 41.749, 41.314, 41.281, 41.612, 42.255, 42.894, 42.661, 39.878], [39.761, 39.992, 40.581, 40.817, 40.4, 39.925, 39.658, 39.218, 38.268, 37.747, 37.739, 37.139, 36.098, 35.524, 35.419, 35.546, 35.349, 34.229, 32.595, 31.024, 29.712, 28.607, 27.137, 25.778, 23.947, 20.955, 16.758, 11.77, 6.27, 0.0, 6.459, 12.269, 14.568, 16.73, 20.811, 23.549, 24.334, 25.914, 28.296, 29.569, 29.902, 29.55, 29.296, 30.27, 31.194, 31.617, 32.826, 36.682, 40.541, 42.383, 42.243, 41.68, 41.618, 41.879, 42.475, 43.085, 43.093, 42.881, 43.061, 43.772, 44.497, 44.989, 45.709, 46.46, 47.052, 46.954, 46.186, 45.366, 44.265, 43.053, 42.995, 43.545, 42.973, 41.299, 40.276, 40.29, 40.744, 40.975, 40.644, 40.124, 39.976, 40.339, 40.84, 40.991, 41.08, 41.646, 41.988, 41.851, 41.224, 40.16, 39.15, 38.561, 38.122, 38.367, 39.246, 39.966, 40.243, 40.582, 41.115, 41.296, 41.167, 41.365, 41.751, 41.993, 42.054, 41.737, 41.312, 40.921, 40.135, 39.19, 38.619, 38.457, 38.585, 38.898, 38.911, 38.417, 37.864, 37.889, 38.268, 38.653, 39.059, 39.454, 39.615, 39.719, 40.123, 40.685, 41.016, 41.026, 40.927, 40.936, 41.329, 41.591, 41.675, 41.727, 41.732, 41.611, 41.6, 41.621, 41.24, 40.775, 40.731, 41.049, 41.682, 42.339, 42.104, 39.401], [39.693, 39.91, 40.49, 40.73, 40.33, 39.894, 39.648, 39.229, 38.322, 37.829, 37.827, 37.269, 36.303, 35.762, 35.65, 35.768, 35.574, 34.491, 32.982, 31.594, 30.418, 29.406, 28.083, 26.892, 25.275, 22.618, 18.692, 14.48, 10.893, 6.459, 0.0, 7.343, 10.801, 13.925, 18.744, 21.82, 22.772, 24.625, 27.265, 28.648, 28.984, 28.612, 28.388, 29.475, 30.476, 30.917, 32.227, 36.282, 40.283, 42.183, 42.08, 41.565, 41.538, 41.807, 42.425, 43.097, 43.16, 42.977, 43.161, 43.869, 44.591, 45.081, 45.784, 46.494, 47.04, 46.918, 46.152, 45.346, 44.244, 43.02, 42.95, 43.487, 42.9, 41.215, 40.177, 40.18, 40.63, 40.882, 40.574, 40.067, 39.929, 40.283, 40.74, 40.843, 40.913, 41.475, 41.823, 41.701, 41.093, 40.04, 39.039, 38.454, 37.997, 38.198, 39.048, 39.771, 40.063, 40.423, 40.975, 41.157, 41.021, 41.222, 41.618, 41.868, 41.94, 41.627, 41.196, 40.789, 39.98, 39.013, 38.427, 38.256, 38.375, 38.703, 38.747, 38.268, 37.699, 37.7, 38.08, 38.462, 38.873, 39.277, 39.434, 39.543, 39.963, 40.538, 40.86, 40.841, 40.74, 40.764, 41.168, 41.414, 41.489, 41.545, 41.545, 41.411, 41.396, 41.416, 41.017, 40.531, 40.477, 40.798, 41.447, 42.11, 41.867, 39.341], [40.379, 40.584, 41.142, 41.358, 40.974, 40.604, 40.415, 40.049, 39.188, 38.724, 38.748, 38.231, 37.287, 36.741, 36.624, 36.732, 36.533, 35.466, 34.024, 32.776, 31.763, 30.864, 29.599, 28.477, 27.039, 24.717, 21.141, 17.338, 14.828, 12.269, 7.343, 0.0, 5.609, 12.278, 18.5, 21.762, 22.816, 24.886, 27.694, 29.13, 29.461, 29.063, 28.729, 29.797, 30.976, 31.465, 32.523, 36.326, 40.266, 42.169, 42.121, 41.699, 41.743, 42.033, 42.62, 43.247, 43.307, 43.161, 43.343, 43.984, 44.645, 45.086, 45.703, 46.315, 46.797, 46.674, 45.951, 45.213, 44.188, 43.001, 42.9, 43.435, 42.964, 41.488, 40.638, 40.705, 41.146, 41.381, 41.073, 40.615, 40.518, 40.839, 41.216, 41.252, 41.266, 41.787, 42.136, 42.069, 41.583, 40.674, 39.741, 39.189, 38.744, 38.861, 39.582, 40.233, 40.505, 40.877, 41.438, 41.597, 41.434, 41.619, 42.003, 42.237, 42.304, 42.008, 41.583, 41.184, 40.427, 39.54, 39.011, 38.863, 38.984, 39.334, 39.44, 39.037, 38.528, 38.544, 38.914, 39.266, 39.624, 39.998, 40.137, 40.203, 40.572, 41.139, 41.476, 41.456, 41.361, 41.392, 41.776, 41.978, 42.01, 42.046, 42.043, 41.921, 41.916, 41.938, 41.551, 41.076, 41.019, 41.336, 41.978, 42.609, 42.388, 40.053], [40.248, 40.448, 41.017, 41.238, 40.858, 40.515, 40.372, 40.033, 39.177, 38.718, 38.777, 38.31, 37.402, 36.862, 36.748, 36.862, 36.656, 35.584, 34.153, 32.919, 31.909, 31.038, 29.816, 28.712, 27.378, 25.321, 22.085, 18.673, 16.57, 14.568, 10.801, 5.609, 0.0, 8.947, 16.649, 20.403, 21.477, 23.676, 26.69, 28.206, 28.549, 28.151, 27.787, 28.892, 30.198, 30.786, 31.891, 35.78, 39.806, 41.766, 41.762, 41.38, 41.45, 41.763, 42.376, 43.002, 43.042, 42.904, 43.139, 43.821, 44.488, 44.943, 45.586, 46.19, 46.652, 46.518, 45.789, 45.048, 44.007, 42.795, 42.688, 43.235, 42.783, 41.33, 40.516, 40.622, 41.075, 41.287, 40.943, 40.467, 40.373, 40.711, 41.107, 41.157, 41.173, 41.681, 42.019, 41.956, 41.475, 40.572, 39.633, 39.059, 38.61, 38.749, 39.479, 40.134, 40.412, 40.78, 41.332, 41.495, 41.335, 41.513, 41.889, 42.122, 42.191, 41.901, 41.49, 41.093, 40.307, 39.378, 38.833, 38.684, 38.81, 39.184, 39.299, 38.891, 38.399, 38.444, 38.831, 39.195, 39.577, 39.97, 40.107, 40.15, 40.504, 41.081, 41.431, 41.426, 41.341, 41.368, 41.72, 41.906, 41.931, 41.955, 41.937, 41.816, 41.812, 41.822, 41.429, 40.959, 40.907, 41.227, 41.87, 42.497, 42.265, 39.92], [38.858, 39.082, 39.713, 39.984, 39.598, 39.229, 39.095, 38.78, 38.01, 37.577, 37.627, 37.253, 36.527, 36.085, 35.982, 36.105, 35.914, 34.91, 33.617, 32.44, 31.282, 30.321, 29.273, 28.335, 27.184, 25.606, 22.917, 20.163, 18.687, 16.73, 13.925, 12.278, 8.947, 0.0, 9.472, 14.986, 16.596, 18.996, 22.426, 24.188, 24.611, 24.308, 24.243, 25.731, 27.197, 28.099, 30.154, 34.968, 39.363, 41.447, 41.427, 40.948, 40.927, 41.207, 41.866, 42.579, 42.662, 42.518, 42.828, 43.705, 44.535, 45.11, 45.87, 46.537, 47.02, 46.859, 46.068, 45.216, 43.98, 42.615, 42.539, 43.097, 42.461, 40.69, 39.609, 39.668, 40.153, 40.373, 39.983, 39.379, 39.213, 39.626, 40.162, 40.293, 40.376, 40.929, 41.251, 41.11, 40.438, 39.284, 38.217, 37.548, 37.064, 37.387, 38.39, 39.194, 39.529, 39.924, 40.481, 40.664, 40.509, 40.695, 41.099, 41.359, 41.44, 41.146, 40.769, 40.382, 39.437, 38.25, 37.551, 37.357, 37.51, 37.949, 38.014, 37.45, 36.826, 36.86, 37.305, 37.714, 38.198, 38.679, 38.843, 38.901, 39.278, 39.883, 40.253, 40.256, 40.148, 40.179, 40.58, 40.799, 40.828, 40.855, 40.853, 40.73, 40.711, 40.705, 40.291, 39.812, 39.771, 40.12, 40.815, 41.489, 41.202, 38.483], [37.422, 37.683, 38.349, 38.641, 38.234, 37.822, 37.666, 37.402, 36.856, 36.544, 36.547, 36.281, 35.836, 35.555, 35.46, 35.566, 35.397, 34.546, 33.547, 32.571, 31.307, 30.25, 29.505, 29.003, 28.26, 27.365, 25.457, 23.488, 22.572, 20.811, 18.744, 18.5, 16.649, 9.472, 0.0, 7.372, 10.738, 13.776, 17.362, 19.344, 19.935, 19.886, 20.534, 22.675, 24.271, 25.717, 29.137, 34.974, 39.692, 41.834, 41.699, 41.012, 40.845, 41.096, 41.819, 42.621, 42.751, 42.613, 42.946, 43.924, 44.886, 45.569, 46.392, 47.113, 47.664, 47.506, 46.662, 45.709, 44.298, 42.843, 42.812, 43.286, 42.346, 40.145, 38.684, 38.627, 39.127, 39.41, 39.024, 38.298, 38.06, 38.566, 39.28, 39.513, 39.688, 40.317, 40.636, 40.385, 39.45, 37.975, 36.788, 36.069, 35.545, 36.032, 37.338, 38.306, 38.676, 39.083, 39.692, 39.929, 39.772, 39.983, 40.45, 40.729, 40.8, 40.504, 40.15, 39.73, 38.598, 37.149, 36.288, 36.041, 36.212, 36.71, 36.74, 36.017, 35.215, 35.21, 35.722, 36.165, 36.761, 37.361, 37.575, 37.676, 38.068, 38.633, 3