[[0.0, 10.357, 20.507, 24.663, 27.457, 28.43, 29.11, 30.401, 30.42, 32.751, 38.085, 40.0, 39.935, 40.481, 41.918, 43.256, 44.049, 44.592, 44.742, 44.699, 44.675, 44.686, 44.344, 43.947, 44.09, 44.793, 45.629, 45.806, 46.094, 45.969, 45.782, 45.631, 45.138, 44.746, 44.735, 44.609, 44.577, 44.732, 44.872, 45.002, 44.817, 44.414, 44.126, 44.257, 44.225, 43.964, 43.758, 43.786, 44.057, 44.362, 44.26, 6.618], [10.357, 0.0, 13.035, 20.149, 24.285, 25.974, 27.397, 29.296, 29.511, 32.271, 38.019, 39.975, 39.895, 40.485, 41.98, 43.343, 44.145, 44.76, 45.01, 44.978, 44.999, 45.004, 44.683, 44.322, 44.415, 44.953, 45.661, 45.816, 46.146, 46.077, 45.931, 45.779, 45.318, 45.028, 45.037, 44.91, 44.933, 45.087, 45.227, 45.351, 45.192, 44.881, 44.611, 44.751, 44.678, 44.416, 44.204, 44.143, 44.331, 44.572, 44.468, 12.67], [20.507, 13.035, 0.0, 11.861, 18.754, 21.966, 24.738, 27.57, 28.545, 31.696, 37.45, 39.354, 39.243, 39.767, 41.18, 42.562, 43.386, 44.067, 44.454, 44.466, 44.497, 44.46, 44.169, 43.915, 44.039, 44.657, 45.404, 45.518, 45.846, 45.794, 45.647, 45.49, 45.002, 44.743, 44.76, 44.616, 44.723, 44.864, 44.942, 45.069, 44.91, 44.644, 44.451, 44.597, 44.475, 44.16, 43.945, 43.828, 44.013, 44.302, 44.178, 21.242], [24.663, 20.149, 11.861, 0.0, 10.315, 16.696, 20.224, 23.463, 25.417, 28.623, 34.07, 35.981, 35.828, 36.115, 37.237, 38.59, 39.472, 40.261, 40.852, 40.952, 40.983, 41.018, 40.744, 40.577, 40.932, 42.029, 43.072, 43.193, 43.508, 43.404, 43.195, 43.031, 42.441, 42.166, 42.207, 42.004, 42.158, 42.295, 42.293, 42.445, 42.237, 41.859, 41.638, 41.807, 41.772, 41.41, 41.176, 41.164, 41.5, 41.988, 41.848, 24.999], [27.457, 24.285, 18.754, 10.315, 0.0, 9.624, 15.139, 18.928, 21.908, 25.67, 31.225, 33.218, 33.025, 33.245, 34.443, 36.001, 37.001, 37.827, 38.513, 38.673, 38.744, 38.941, 38.752, 38.588, 39.068, 40.493, 41.754, 41.902, 42.231, 42.109, 41.846, 41.678, 41.065, 40.726, 40.731, 40.497, 40.654, 40.776, 40.754, 40.944, 40.696, 40.253, 40.066, 40.259, 40.299, 39.948, 39.733, 39.893, 40.416, 41.079, 40.953, 27.612], [28.43, 25.974, 21.966, 16.696, 9.624, 0.0, 8.737, 14.923, 18.676, 23.248, 29.631, 31.824, 31.648, 31.952, 33.463, 35.38, 36.567, 37.42, 38.088, 38.271, 38.383, 38.615, 38.536, 38.42, 38.809, 40.246, 41.576, 41.751, 42.092, 41.975, 41.699, 41.534, 40.925, 40.548, 40.529, 40.301, 40.437, 40.571, 40.557, 40.744, 40.487, 40.037, 39.907, 40.131, 40.187, 39.874, 39.678, 39.867, 40.44, 41.137, 41.016, 28.647], [29.11, 27.397, 24.738, 20.224, 15.139, 8.737, 0.0, 9.274, 14.661, 19.475, 26.72, 29.287, 29.117, 29.593, 31.49, 33.795, 35.193, 36.193, 36.958, 37.186, 37.343, 37.58, 37.525, 37.4, 37.788, 39.366, 40.879, 41.189, 41.582, 41.459, 41.191, 41.018, 40.377, 39.985, 39.955, 39.714, 39.86, 40.008, 39.984, 40.178, 39.885, 39.325, 39.089, 39.29, 39.352, 39.009, 38.79, 39.062, 39.769, 40.533, 40.411, 29.234], [30.401, 29.296, 27.57, 23.463, 18.928, 14.923, 9.274, 0.0, 8.468, 14.783, 22.496, 25.421, 25.292, 26.031, 28.555, 31.442, 33.044, 34.138, 35.005, 35.293, 35.528, 35.916, 35.854, 35.662, 36.181, 38.222, 39.993, 40.353, 40.793, 40.665, 40.346, 40.136, 39.413, 38.962, 38.906, 38.665, 38.855, 38.982, 38.935, 39.178, 38.797, 37.953, 37.597, 37.821, 37.912, 37.546, 37.37, 37.787, 38.651, 39.551, 39.437, 30.348], [30.42, 29.511, 28.545, 25.417, 21.908, 18.676, 14.661, 8.468, 0.0, 9.798, 19.984, 23.5, 23.538, 24.626, 27.739, 31.041, 32.755, 33.895, 34.772, 35.05, 35.322, 35.803, 35.752, 35.497, 35.958, 38.033, 39.858, 40.224, 40.696, 40.61, 40.302, 40.059, 39.313, 38.827, 38.755, 38.531, 38.713, 38.846, 38.811, 39.08, 38.689, 37.754, 37.372, 37.609, 37.73, 37.402, 37.261, 37.733, 38.609, 39.504, 39.403, 30.462], [32.751, 32.271, 31.696, 28.623, 25.67, 23.248, 19.475, 14.783, 9.798, 0.0, 13.037, 18.087, 18.408, 19.954, 23.984, 28.071, 30.045, 31.401, 32.537, 32.954, 33.258, 33.935, 34.032, 33.835, 34.374, 36.754, 38.853, 39.286, 39.774, 39.686, 39.377, 39.122, 38.274, 37.766, 37.724, 37.477, 37.681, 37.854, 37.777, 38.087, 37.672, 36.51, 36.028, 36.241, 36.359, 36.005, 35.914, 36.536, 37.544, 38.552, 38.445, 32.675], [38.085, 38.019, 37.45, 34.07, 31.225, 29.631, 26.72, 22.496, 19.984, 13.037, 0.0, 7.162, 8.795, 11.486, 17.557, 23.326, 25.783, 27.364, 29.071, 29.859, 30.229, 31.289, 31.81, 31.903, 32.498, 35.192, 37.539, 37.976, 38.475, 38.404, 38.1, 37.944, 37.078, 36.597, 36.605, 36.296, 36.482, 36.653, 36.487, 36.81, 36.379, 34.988, 34.385, 34.609, 34.768, 34.421, 34.468, 35.256, 36.374, 37.546, 37.436, 37.737], [40.0, 39.975, 39.354, 35.981, 33.218, 31.824, 29.287, 25.421, 23.5, 18.087, 7.162, 0.0, 3.929, 8.852, 15.88, 22.209, 24.832, 26.464, 28.35, 29.254, 29.638, 30.819, 31.572, 31.837, 32.411, 35.054, 37.352, 37.755, 38.277, 38.24, 37.96, 37.887, 37.077, 36.648, 36.676, 36.338, 36.476, 36.629, 36.446, 36.749, 36.328, 34.953, 34.376, 34.627, 34.816, 34.504, 34.612, 35.422, 36.502, 37.659, 37.553, 39.568], [39.935, 39.895, 39.243, 35.828, 33.025, 31.648, 29.117, 25.292, 23.538, 18.408, 8.795, 3.929, 0.0, 6.75, 14.777, 21.424, 24.172, 25.875, 27.81, 28.719, 29.082, 30.282, 31.041, 31.321, 31.999, 34.77, 37.094, 37.481, 37.999, 37.954, 37.661, 37.586, 36.76, 36.37, 36.412, 36.058, 36.202, 36.355, 36.169, 36.474, 36.037, 34.656, 34.105, 34.372, 34.593, 34.286, 34.389, 35.22, 36.304, 37.466, 37.357, 39.506], [40.481, 40.485, 39.767, 36.115, 33.245, 31.952, 29.593, 26.031, 24.626, 19.954, 11.486, 8.852, 6.75, 0.0, 9.606, 17.702, 21.108, 23.226, 25.608, 26.682, 27.179, 28.658, 29.406, 29.73, 30.718, 33.953, 36.457, 36.807, 37.294, 37.215, 36.879, 36.784, 35.839, 35.412, 35.474, 35.088, 35.241, 35.394, 35.169, 35.48, 35.001, 33.523, 32.954, 33.279, 33.561, 33.262, 33.387, 34.262, 35.364, 36.58, 36.464, 40.084], [41.918, 41.98, 41.18, 37.237, 34.443, 33.463, 31.49, 28.555, 27.739, 23.984, 17.557, 15.88, 14.777, 9.606, 0.0, 9.845, 14.886, 18.436, 21.915, 23.295, 24.082, 26.16, 26.947, 27.402, 29.024, 33.025, 35.764, 36.05, 36.509, 36.399, 36.016, 35.91, 34.821, 34.322, 34.388, 33.945, 34.14, 34.276, 33.952, 34.246, 33.719, 32.101, 31.498, 31.888, 32.233, 31.909, 32.067, 32.99, 34.125, 35.429, 35.319, 41.505], [43.256, 43.343, 42.562, 38.59, 36.001, 35.38, 33.795, 31.442, 31.041, 28.071, 23.326, 22.209, 21.424, 17.702, 9.845, 0.0, 7.499, 14.146, 18.985, 20.604, 21.795, 24.562, 25.415, 25.909, 28.125, 32.665, 35.487, 35.739, 36.178, 36.031, 35.624, 35.525, 34.386, 33.932, 34.037, 33.569, 33.838, 33.971, 33.582, 33.869, 33.332, 31.683, 31.081, 31.517, 31.927, 31.584, 31.727, 32.644, 33.811, 35.18, 35.109, 42.839], [44.049, 44.145, 43.386, 39.472, 37.001, 36.567, 35.193, 33.044, 32.755, 30.045, 25.783, 24.832, 24.172, 21.108, 14.886, 7.499, 0.0, 9.657, 16.244, 18.224, 19.874, 23.276, 24.32, 24.951, 27.545, 32.381, 35.264, 35.526, 35.967, 35.791, 35.37, 35.303, 34.163, 33.776, 33.946, 33.474, 33.778, 33.969, 33.583, 33.854, 33.304, 31.6, 30.996, 31.49, 31.929, 31.559, 31.704, 32.612, 33.755, 35.132, 35.078, 43.607], [44.592, 44.76, 44.067, 40.261, 37.827, 37.42, 36.193, 34.138, 33.895, 31.401, 27.364, 26.464, 25.875, 23.226, 18.436, 14.146, 9.657, 0.0, 9.012, 12.553, 15.412, 20.369, 21.823, 22.821, 26.014, 31.359, 34.409, 34.668, 35.129, 34.962, 34.555, 34.547, 33.412, 33.108, 33.365, 32.906, 33.236, 33.521, 33.255, 33.612, 33.045, 31.139, 30.447, 31.004, 31.426, 30.993, 31.195, 32.186, 33.349, 34.747, 34.669, 44.063], [44.742, 45.01, 44.454, 40.852, 38.513, 38.088, 36.958, 35.005, 34.772, 32.537, 29.071, 28.35, 27.81, 25.608, 21.915, 18.985, 16.244, 9.012, 0.0, 6.011, 11.745, 18.34, 20.156, 21.461, 25.216, 30.879, 33.952, 34.218, 34.714, 34.579, 34.203, 34.264, 33.164, 32.922, 33.235, 32.828, 33.194, 33.51, 33.414, 33.926, 33.398, 31.511, 30.879, 31.489, 31.909, 31.444, 31.602, 32.586, 33.78, 35.168, 35.07, 44.217], [44.699, 44.978, 44.466, 40.952, 38.673, 38.271, 37.186, 35.293, 35.05, 32.954, 29.859, 29.254, 28.719, 26.682, 23.295, 20.604, 18.224, 12.553, 6.011, 0.0, 9.076, 17.163, 19.304, 20.696, 24.662, 30.472, 33.561, 33.827, 34.344, 34.255, 33.929, 34.035, 32.997, 32.797, 33.116, 32.746, 33.144, 33.472, 33.422, 33.991, 33.526, 31.723, 31.122, 31.742, 32.177, 31.724, 31.858, 32.844, 34.089, 35.466, 35.36, 44.173], [44.675, 44.999, 44.497, 40.983, 38.744, 38.383, 37.343, 35.528, 35.322, 33.258, 30.229, 29.638, 29.082, 27.179, 24.082, 21.795, 19.874, 15.412, 11.745, 9.076, 0.0, 10.794, 15.14, 17.206, 21.647, 28.34, 31.742, 32.076, 32.661, 32.66, 32.493, 32.718, 31.719, 31.584, 31.922, 31.592, 32.109, 32.47, 32.516, 33.187, 32.715, 31.101, 30.707, 31.32, 31.745, 31.319, 31.487, 32.513, 33.843, 35.229, 35.113, 44.092], [44.686, 45.004, 44.46, 41.018, 38.941, 38.615, 37.58, 35.916, 35.803, 33.935, 31.289, 30.819, 30.282, 28.658, 26.16, 24.562, 23.276, 20.369, 18.34, 17.163, 10.794, 0.0, 8.494, 13.472, 18.015, 25.275, 28.987, 29.407, 30.103, 30.197, 30.243, 30.689, 29.948, 30.177, 30.652, 30.346, 31.048, 31.429, 31.57, 32.352, 31.815, 30.846, 31.299, 32.037, 32.351, 31.965, 32.159, 33.069, 34.28, 35.529, 35.389, 44.069], [44.344, 44.683, 44.169, 40.744, 38.752, 38.536, 37.525, 35.854, 35.752, 34.032, 31.81, 31.572, 31.041, 29.406, 26.947, 25.415, 24.32, 21.823, 20.156, 19.304, 15.14, 8.494, 0.0, 8.683, 16.303, 24.453, 28.235, 28.576, 29.219, 29.19, 29.128, 29.599, 28.844, 29.211, 29.755, 29.429, 30.218, 30.649, 30.815, 31.631, 31.013, 30.01, 30.867, 31.854, 32.184, 31.762, 31.947, 32.85, 33.977, 35.193, 35.065, 43.719], [43.947, 44.322, 43.915, 40.577, 38.588, 38.42, 37.4, 35.662, 35.497, 33.835, 31.903, 31.837, 31.321, 29.73, 27.402, 25.909, 24.951, 22.821, 21.461, 20.696, 17.206, 13.472, 8.683, 0.0, 12.491, 23.655, 28.192, 28.658, 29.281, 29.174, 28.98, 29.339, 28.429, 28.685, 29.209, 28.872, 29.692, 30.149, 30.374, 31.263, 30.647, 29.433, 30.08, 31.11, 31.59, 31.194, 31.343, 32.288, 33.496, 34.794, 34.679, 43.312], [44.09, 44.415, 44.039, 40.932, 39.068, 38.809, 37.788, 36.181, 35.958, 34.374, 32.498, 32.411, 31.999, 30.718, 29.024, 28.125, 27.545, 26.014, 25.216, 24.662, 21.647, 18.015, 16.303, 12.491, 0.0, 15.229, 22.163, 23.419, 24.396, 24.508, 24.616, 25.227, 24.749, 25.823, 26.733, 26.486, 27.502, 28.11, 28.553, 29.635, 29.377, 29.164, 30.434, 31.404, 31.962, 31.882, 32.166, 33.104, 34.318, 35.565, 35.436, 43.47], [44.793, 44.953, 44.657, 42.029, 40.493, 40.246, 39.366, 38.222, 38.033, 36.754, 35.192, 35.054, 34.77, 33.953, 33.025, 32.665, 32.381, 31.359, 30.879, 30.472, 28.34, 25.275, 24.453, 23.655, 15.229, 0.0, 9.982, 13.976, 16.37, 17.315, 18.606, 20.015, 20.866, 23.788, 25.37, 25.43, 26.717, 27.671, 28.548, 29.756, 30.073, 31.319, 33.548, 34.507, 34.863, 35.156, 35.626, 36.378, 37.325, 38.248, 38.104, 44.235], [45.629, 45.661, 45.404, 43.072, 41.754, 41.576, 40.879, 39.993, 39.858, 38.853, 37.539, 37.352, 37.094, 36.457, 35.764, 35.487, 35.264, 34.409, 33.952, 33.561, 31.742, 28.987, 28.235, 28.192, 22.163, 9.982, 0.0, 7.007, 11.555, 13.525, 15.836, 17.967, 20.005, 24.071, 25.915, 26.019, 27.357, 28.555, 29.714, 30.937, 31.459, 33.222, 35.786, 36.837, 37.134, 37.445, 37.92, 38.567, 39.38, 40.138, 39.989, 45.122], [45.806, 45.816, 45.518, 43.193, 41.902, 41.751, 41.189, 40.353, 40.224, 39.286, 37.976, 37.755, 37.481, 36.807, 36.05, 35.739, 35.526, 34.668, 34.218, 33.827, 32.076, 29.407, 28.576, 28.658, 23.419, 13.976, 7.007, 0.0, 6.185, 9.596, 12.704, 15.624, 18.598, 23.28, 25.244, 25.283, 26.622, 27.885, 29.148, 30.401, 30.945, 32.849, 35.605, 36.798, 37.179, 37.495, 38.002, 38.68, 39.508, 40.283, 40.131, 45.319], [46.094, 46.146, 45.846, 43.508, 42.231, 42.092, 41.582, 40.793, 40.696, 39.774, 38.475, 38.277, 37.999, 37.294, 36.509, 36.178, 35.967, 35.129, 34.714, 34.344, 32.661, 30.103, 29.219, 29.281, 24.396, 16.37, 11.555, 6.185, 0.0, 5.441, 10.353, 14.021, 17.641, 22.745, 24.801, 24.837, 26.224, 27.506, 28.784, 30.03, 30.59, 32.626, 35.535, 36.817, 37.265, 37.648, 38.22, 38.892, 39.711, 40.502, 40.362, 45.603], [45.969, 46.077, 45.794, 43.404, 42.109, 41.975, 41.459, 40.665, 40.61, 39.686, 38.404, 38.24, 37.954, 37.215, 36.399, 36.031, 35.791, 34.962, 34.579, 34.255, 32.66, 30.197, 29.19, 29.174, 24.508, 17.315, 13.525, 9.596, 5.441, 0.0, 7.039, 11.964, 15.831, 21.417, 23.649, 23.753, 25.281, 26.595, 27.903, 29.179, 29.739, 31.839, 34.909, 36.273, 36.789, 37.219, 37.842, 38.511, 39.322, 40.135, 40.019, 45.473], [45.782, 45.931, 45.647, 43.195, 41.846, 41.699, 41.191, 40.346, 40.302, 39.377, 38.1, 37.96, 37.661, 36.879, 36.016, 35.624, 35.37, 34.555, 34.203, 33.929, 32.493, 30.243, 29.128, 28.98, 24.616, 18.606, 15.836, 12.704, 10.353, 7.039, 0.0, 7.034, 12.727, 18.922, 21.334, 21.657, 23.534, 25.039, 26.43, 27.762, 28.33, 30.474, 33.79, 35.278, 35.876, 36.366, 37.048, 37.757, 38.59, 39.429, 39.314, 45.273], [45.631, 45.779, 45.49, 43.031, 41.678, 41.534, 41.018, 40.136, 40.059, 39.122, 37.944, 37.887, 37.586, 36.784, 35.91, 35.525, 35.303, 34.547, 34.264, 34.035, 32.718, 30.689, 29.599, 29.339, 25.227, 20.015, 17.967, 15.624, 14.021, 11.964, 7.034, 0.0, 8.963, 16.793, 19.398, 19.917, 22.244, 24.008, 25.417, 26.735, 27.352, 29.624, 33.05, 34.542, 35.166, 35.716, 36.467, 37.204, 38.11, 39.028, 38.897, 45.104], [45.138, 45.318, 45.002, 42.441, 41.065, 40.925, 40.377, 39.413, 39.313, 38.274, 37.078, 37.077, 36.76, 35.839, 34.821, 34.386, 34.163, 33.412, 33.164, 32.997, 31.719, 29.948, 28.844, 28.429, 24.749, 20.866, 20.005, 18.598, 17.641, 15.831, 12.727, 8.963, 0.0, 10.645, 14.491, 15.259, 18.284, 20.361, 21.973, 23.509, 24.174, 26.787, 30.706, 32.455, 33.224, 33.927, 34.903, 35.78, 36.802, 37.874, 37.795, 44.634], [44.746, 45.028, 44.743, 42.166, 40.726, 40.548, 39.985, 38.962, 38.827, 37.766, 36.597, 36.648, 36.37, 35.412, 34.322, 33.932, 33.776, 33.108, 32.922, 32.797, 31.584, 30.177, 29.211, 28.685, 25.823, 23.788, 24.071, 23.28, 22.745, 21.417, 18.922, 16.793, 10.645, 0.0, 5.611, 7.974, 12.205, 14.693, 16.977, 19.071, 19.742, 22.791, 27.458, 29.578, 30.641, 31.692, 32.991, 34.173, 35.464, 36.718, 36.762, 44.235], [44.735, 45.037, 44.76, 42.207, 40.731, 40.529, 39.955, 38.906, 38.755, 37.724, 36.605, 36.676, 36.412, 35.474, 34.388, 34.037, 33.946, 33.365, 33.235, 33.116, 31.922, 30.652, 29.755, 29.209, 26.733, 25.37, 25.915, 25.244, 24.801, 23.649, 21.334, 19.398, 14.491, 5.611, 0.0, 5.393, 10.975, 13.386, 15.762, 18.015, 18.649, 21.777, 26.573, 28.767, 29.913, 31.076, 32.471, 33.749, 35.142, 36.438, 36.511, 44.205], [44.609, 44.91, 44.616, 42.004, 40.497, 40.301, 39.714, 38.665, 38.531, 37.477, 36.296, 36.338, 36.058, 35.088, 33.945, 33.569, 33.474, 32.906, 32.828, 32.746, 31.592, 30.346, 29.429, 28.872, 26.486, 25.43, 26.019, 25.283, 24.837, 23.753, 21.657, 19.917, 15.259, 7.974, 5.393, 0.0, 7.064, 10.698, 13.6, 16.183, 16.948, 20.439, 25.591, 27.922, 29.163, 30.375, 31.834, 33.181, 34.649, 35.988, 36.027, 44.067], [44.577, 44.933, 44.723, 42.158, 40.654, 40.437, 39.86, 38.855, 38.713, 37.681, 36.482, 36.476, 36.202, 35.241, 34.14, 33.838, 33.778, 33.236, 33.194, 33.144, 32.109, 31.048, 30.218, 29.692, 27.502, 26.717, 27.357, 26.622, 26.224, 25.281, 23.534, 22.244, 18.284, 12.205, 10.975, 7.064, 0.0, 5.961, 11.102, 14.468, 15.395, 19.185, 24.594, 26.998, 28.435, 29.859, 31.452, 32.957, 34.559, 35.943, 35.951, 44.054], [44.732, 45.087, 44.864, 42.295, 40.776, 40.571, 40.008, 38.982, 38.846, 37.854, 36.653, 36.629, 36.355, 35.394, 34.276, 33.971, 33.969, 33.521, 33.51, 33.472, 32.47, 31.429, 30.649, 30.149, 28.11, 27.671, 28.555, 27.885, 27.506, 26.595, 25.039, 24.008, 20.361, 14.693, 13.386, 10.698, 5.961, 0.0, 7.495, 12.154, 13.168, 17.574, 23.503, 26.031, 27.649, 29.278, 30.994, 32.641, 34.391, 35.829, 35.851, 44.207], [44.872, 45.227, 44.942, 42.293, 40.754, 40.557, 39.984, 38.935, 38.811, 37.777, 36.487, 36.446, 36.169, 35.169, 33.952, 33.582, 33.583, 33.255, 33.414, 33.422, 32.516, 31.57, 30.815, 30.374, 28.553, 28.548, 29.714, 29.148, 28.784, 27.903, 26.43, 25.417, 21.973, 16.977, 15.762, 13.6, 11.102, 7.495, 0.0, 6.178, 8.186, 14.342, 21.546, 24.441, 26.259, 28.032, 29.864, 31.653, 33.562, 35.103, 35.168, 44.321], [45.002, 45.351, 45.069, 42.445, 40.944, 40.744, 40.178, 39.178, 39.08, 38.087, 36.81, 36.749, 36.474, 35.48, 34.246, 33.869, 33.854, 33.612, 33.926, 33.991, 33.187, 32.352, 31.631, 31.263, 29.635, 29.756, 30.937, 30.401, 30.03, 29.179, 27.762, 26.735, 23.509, 19.071, 18.015, 16.183, 14.468, 12.154, 6.178, 0.0, 4.776, 13.452, 21.151, 24.212, 26.077, 27.881, 29.728, 31.518, 33.458, 34.992, 35.056, 44.441], [44.817, 45.192, 44.91, 42.237, 40.696, 40.487, 39.885, 38.797, 38.689, 37.672, 36.379, 36.328, 36.037, 35.001, 33.719, 33.332, 33.304, 33.045, 33.398, 33.526, 32.715, 31.815, 31.013, 30.647, 29.377, 30.073, 31.459, 30.945, 30.59, 29.739, 28.33, 27.352, 24.174, 19.742, 18.649, 16.948, 15.395, 13.168, 8.186, 4.776, 0.0, 10.824, 19.693, 22.994, 24.89, 26.76, 28.66, 30.564, 32.638, 34.227, 34.317, 44.24], [44.414, 44.881, 44.644, 41.859, 40.253, 40.037, 39.325, 37.953, 37.754, 36.51, 34.988, 34.953, 34.656, 33.523, 32.101, 31.683, 31.6, 31.139, 31.511, 31.723, 31.101, 30.846, 30.01, 29.433, 29.164, 31.319, 33.222, 32.849, 32.626, 31.839, 30.474, 29.624, 26.787, 22.791, 21.777, 20.439, 19.185, 17.574, 14.342, 13.452, 10.824, 0.0, 11.8, 17.166, 19.666, 21.815, 24.193, 26.798, 29.572, 31.637, 31.819, 43.777], [44.126, 44.611, 44.451, 41.638, 40.066, 39.907, 39.089, 37.597, 37.372, 36.028, 34.385, 34.376, 34.105, 32.954, 31.498, 31.081, 30.996, 30.447, 30.879, 31.122, 30.707, 31.299, 30.867, 30.08, 30.434, 33.548, 35.786, 35.605, 35.535, 34.909, 33.79, 33.05, 30.706, 27.458, 26.573, 25.591, 24.594, 23.503, 21.546, 21.151, 19.693, 11.8, 0.0, 9.406, 14.681, 17.133, 19.94, 23.475, 27.12, 29.672, 29.973, 43.493], [44.257, 44.751, 44.597, 41.807, 40.259, 40.131, 39.29, 37.821, 37.609, 36.241, 34.609, 34.627, 34.372, 33.279, 31.888, 31.517, 31.49, 31.004, 31.489, 31.742, 31.32, 32.037, 31.854, 31.11, 31.404, 34.507, 36.837, 36.798, 36.817, 36.273, 35.278, 34.542, 32.455, 29.578, 28.767, 27.922, 26.998, 26.031, 24.441, 24.212, 22.994, 17.166, 9.406, 0.0, 8.884, 13.611, 16.902, 21.011, 25.415, 28.337, 28.783, 43.63], [44.225, 44.678, 44.475, 41.772, 40.299, 40.187, 39.352, 37.912, 37.73, 36.359, 34.768, 34.816, 34.593, 33.561, 32.233, 31.927, 31.929, 31.426, 31.909, 32.177, 31.745, 32.351, 32.184, 31.59, 31.962, 34.863, 37.134, 37.179, 37.265, 36.789, 35.876, 35.166, 33.224, 30.641, 29.913, 29.163, 28.435, 27.649, 26.259, 26.077, 24.89, 19.666, 14.681, 8.884, 0.0, 8.447, 13.802, 17.952, 22.733, 26.014, 26.564, 43.602], [43.964, 44.416, 44.16, 41.41, 39.948, 39.874, 39.009, 37.546, 37.402, 36.005, 34.421, 34.504, 34.286, 33.262, 31.909, 31.584, 31.559, 30.993, 31.444, 31.724, 31.319, 31.965, 31.762, 31.194, 31.882, 35.156, 37.445, 37.495, 37.648, 37.219, 36.366, 35.716, 33.927, 31.692, 31.076, 30.375, 29.859, 29.278, 28.032, 27.881, 26.76, 21.815, 17.133, 13.611, 8.447, 0.0, 8.276, 14.436, 19.904, 23.535, 24.222, 43.356], [43.758, 44.204, 43.945, 41.176, 39.733, 39.678, 38.79, 37.37, 37.261, 35.914, 34.468, 34.612, 34.389, 33.387, 32.067, 31.727, 31.704, 31.195, 31.602, 31.858, 31.487, 32.159, 31.947, 31.343, 32.166, 35.626, 37.92, 38.002, 38.22, 37.842, 37.048, 36.467, 34.903, 32.991, 32.471, 31.834, 31.452, 30.994, 29.864, 29.728, 28.66, 24.193, 19.94, 16.902, 13.802, 8.276, 0.0, 9.663, 17.61, 21.917, 22.723, 43.164], [43.786, 44.143, 43.828, 41.164, 39.893, 39.867, 39.062, 37.787, 37.733, 36.536, 35.256, 35.422, 35.22, 34.262, 32.99, 32.644, 32.612, 32.186, 32.586, 32.844, 32.513, 33.069, 32.85, 32.288, 33.104, 36.378, 38.567, 38.68, 38.892, 38.511, 37.757, 37.204, 35.78, 34.173, 33.749, 33.181, 32.957, 32.641, 31.653, 31.518, 30.564, 26.798, 23.475, 21.011, 17.952, 14.436, 9.663, 0.0, 11.119, 17.184, 18.229, 43.218], [44.057, 44.331, 44.013, 41.5, 40.416, 40.44, 39.769, 38.651, 38.609, 37.544, 36.374, 36.502, 36.304, 35.364, 34.125, 33.811, 33.755, 33.349, 33.78, 34.089, 33.843, 34.28, 33.977, 33.496, 34.318, 37.325, 39.38, 39.508, 39.711, 39.322, 38.59, 38.11, 36.802, 35.464, 35.142, 34.649, 34.559, 34.391, 33.562, 33.458, 32.638, 29.572, 27.12, 25.415, 22.733, 19.904, 17.61, 11.119, 0.0, 7.776, 9.949, 43.557], [44.362, 44.572, 44.302, 41.988, 41.079, 41.137, 40.533, 39.551, 39.504, 38.552, 37.546, 37.659, 37.466, 36.58, 35.429, 35.18, 35.132, 34.747, 35.168, 35.466, 35.229, 35.529, 35.193, 34.794, 35.565, 38.248, 40.138, 40.283, 40.502, 40.135, 39.429, 39.028, 37.874, 36.718, 36.438, 35.988, 35.943, 35.829, 35.103, 34.992, 34.227, 31.637, 29.672, 28.337, 26.014, 23.535, 21.917, 17.184, 7.776, 0.0, 4.766, 43.924], [44.26, 44.468, 44.178, 41.848, 40.953, 41.016, 40.411, 39.437, 39.403, 38.445, 37.436, 37.553, 37.357, 36.464, 35.319, 35.109, 35.078, 34.669, 35.07, 35.36, 35.113, 35.389, 35.065, 34.679, 35.436, 38.104, 39.989, 40.131, 40.362, 40.019, 39.314, 38.897, 37.795, 36.762, 36.511, 36.027, 35.951, 35.851, 35.168, 35.056, 34.317, 31.819, 29.973, 28.783, 26.564, 24.222, 22.723, 18.229, 9.949, 4.766, 0.0, 43.802], [6.618, 12.67, 21.242, 24.999, 27.612, 28.647, 29.234, 30.348, 30.462, 32.675, 37.737, 39.568, 39.506, 40.084, 41.505, 42.839, 43.607, 44.063, 44.217, 44.173, 44.092, 44.069, 43.719, 43.312, 43.47, 44.235, 45.122, 45.319, 45.603, 45.473, 45.273, 45.104, 44.634, 44.235, 44.205, 44.067, 44.054, 44.207, 44.321, 44.441, 44.24, 43.777, 43.493, 43.63, 43.602, 43.356, 43.164, 43.218, 43.557, 43.924, 43.802, 0.0]]