[[0.0, 9.181, 17.795, 20.661, 22.737, 25.926, 28.884, 31.925, 34.851, 37.68, 38.84, 38.827, 39.626, 40.535, 40.323, 40.996, 42.2, 41.891, 42.573, 42.944, 42.187, 41.457, 41.524, 41.834, 41.565, 41.276, 41.679, 41.015, 40.296, 40.936, 41.664, 42.247, 43.102, 43.256, 42.703, 42.216, 41.815, 41.828, 42.256, 43.075, 43.579, 43.157, 42.306, 41.713, 41.46, 40.92, 40.538, 40.868, 40.394, 39.589, 40.033, 39.753, 39.151, 39.752, 40.683, 40.399, 40.512, 41.362, 41.331, 40.584, 40.126, 40.085, 40.444, 40.626, 40.238, 40.722, 41.824, 43.221, 43.587, 42.067, 40.747, 39.73, 39.322, 39.467, 39.082, 39.206, 39.762, 39.498, 39.583, 39.994, 40.157, 40.204, 40.18, 40.116, 40.322, 40.529, 40.578, 40.99, 40.996, 40.585, 40.573, 40.464, 39.784, 39.322, 39.209, 39.076, 38.981, 39.015, 39.211, 39.946, 40.266, 40.347, 40.785, 40.788, 40.921, 40.67, 5.863], [9.181, 0.0, 10.454, 14.921, 17.729, 21.432, 25.112, 28.858, 32.068, 35.236, 36.599, 36.549, 37.388, 38.399, 38.212, 38.993, 40.305, 39.93, 40.827, 41.362, 40.536, 39.733, 39.968, 40.457, 40.192, 39.841, 40.295, 39.591, 38.758, 39.51, 40.416, 41.091, 42.029, 42.222, 41.622, 41.102, 40.667, 40.643, 41.093, 41.961, 42.533, 42.076, 41.14, 40.555, 40.288, 39.682, 39.252, 39.536, 38.942, 38.041, 38.581, 38.267, 37.561, 38.249, 39.284, 38.979, 39.133, 40.073, 40.035, 39.214, 38.698, 38.674, 39.067, 39.24, 38.847, 39.384, 40.631, 42.212, 42.68, 41.041, 39.515, 38.389, 37.925, 38.133, 37.622, 37.88, 38.493, 37.996, 38.013, 38.457, 38.637, 38.705, 38.668, 38.574, 38.794, 38.982, 38.973, 39.387, 39.392, 38.905, 38.865, 38.771, 38.039, 37.52, 37.427, 37.286, 37.163, 37.24, 37.491, 38.416, 38.807, 38.901, 39.407, 39.391, 39.555, 39.306, 12.512], [17.795, 10.454, 0.0, 7.522, 12.778, 16.683, 20.877, 25.765, 29.442, 32.988, 34.574, 34.537, 35.509, 36.792, 36.803, 37.712, 39.057, 38.608, 39.675, 40.373, 39.565, 38.799, 39.255, 39.999, 39.836, 39.415, 39.823, 39.164, 38.3, 39.057, 40.067, 40.804, 41.759, 41.96, 41.345, 40.835, 40.396, 40.373, 40.904, 41.78, 42.307, 41.795, 40.816, 40.29, 40.042, 39.442, 39.001, 39.248, 38.643, 37.707, 38.243, 37.934, 37.233, 37.934, 38.939, 38.631, 38.8, 39.728, 39.697, 38.914, 38.41, 38.382, 38.743, 38.883, 38.477, 39.001, 40.245, 41.849, 42.344, 40.711, 39.249, 38.194, 37.764, 38.084, 37.524, 37.697, 38.326, 37.715, 37.623, 38.05, 38.261, 38.355, 38.327, 38.227, 38.452, 38.632, 38.588, 38.985, 39.021, 38.505, 38.413, 38.315, 37.592, 37.05, 36.938, 36.814, 36.707, 36.731, 36.971, 37.928, 38.316, 38.412, 38.905, 38.845, 39.026, 38.818, 20.002], [20.661, 14.921, 7.522, 0.0, 8.428, 13.676, 17.424, 22.827, 27.288, 31.289, 33.017, 33.034, 34.184, 35.789, 36.069, 37.134, 38.548, 38.174, 39.316, 40.056, 39.26, 38.496, 38.985, 39.838, 39.782, 39.35, 39.693, 39.049, 38.191, 38.925, 39.935, 40.683, 41.637, 41.833, 41.228, 40.732, 40.295, 40.271, 40.826, 41.704, 42.168, 41.619, 40.65, 40.201, 40.0, 39.406, 39.013, 39.297, 38.677, 37.683, 38.194, 37.896, 37.227, 37.953, 38.965, 38.64, 38.817, 39.759, 39.718, 38.933, 38.44, 38.41, 38.752, 38.889, 38.513, 39.041, 40.263, 41.848, 42.29, 40.634, 39.236, 38.209, 37.781, 38.136, 37.54, 37.726, 38.374, 37.78, 37.664, 38.06, 38.266, 38.353, 38.341, 38.289, 38.532, 38.682, 38.607, 39.034, 39.075, 38.555, 38.499, 38.414, 37.693, 37.174, 37.063, 36.938, 36.827, 36.84, 37.007, 37.925, 38.314, 38.401, 38.839, 38.758, 38.923, 38.713, 22.512], [22.737, 17.729, 12.778, 8.428, 0.0, 8.004, 13.538, 18.816, 23.714, 28.562, 30.543, 30.681, 32.14, 34.03, 34.522, 35.858, 37.492, 37.243, 38.563, 39.392, 38.632, 37.795, 38.213, 39.075, 39.101, 38.793, 39.203, 38.576, 37.702, 38.418, 39.437, 40.211, 41.21, 41.435, 40.838, 40.341, 39.889, 39.839, 40.402, 41.348, 41.816, 41.227, 40.297, 39.909, 39.738, 39.09, 38.685, 38.954, 38.24, 37.205, 37.817, 37.548, 36.823, 37.553, 38.608, 38.315, 38.532, 39.547, 39.517, 38.663, 38.11, 38.137, 38.494, 38.612, 38.391, 38.976, 40.216, 41.903, 42.375, 40.619, 39.005, 37.89, 37.357, 37.585, 36.924, 37.301, 37.987, 37.298, 37.195, 37.614, 37.81, 37.893, 37.886, 37.857, 38.117, 38.225, 38.099, 38.518, 38.528, 38.012, 38.034, 37.988, 37.265, 36.775, 36.706, 36.622, 36.52, 36.58, 36.754, 37.72, 38.165, 38.232, 38.651, 38.596, 38.765, 38.473, 24.456], [25.926, 21.432, 16.683, 13.676, 8.004, 0.0, 9.035, 16.002, 20.542, 25.723, 28.077, 28.324, 30.12, 32.367, 33.065, 34.616, 36.469, 36.405, 37.912, 38.881, 38.251, 37.429, 37.918, 38.932, 39.011, 38.77, 39.278, 38.733, 37.88, 38.576, 39.593, 40.343, 41.309, 41.533, 40.958, 40.476, 40.029, 39.972, 40.516, 41.453, 41.974, 41.431, 40.491, 40.07, 39.867, 39.235, 38.88, 39.168, 38.502, 37.581, 38.255, 38.056, 37.341, 37.986, 38.993, 38.74, 38.948, 39.938, 39.931, 39.101, 38.564, 38.628, 38.959, 39.052, 38.922, 39.505, 40.683, 42.363, 42.886, 41.274, 39.675, 38.505, 37.956, 38.153, 37.47, 37.813, 38.5, 37.748, 37.593, 37.988, 38.163, 38.251, 38.241, 38.194, 38.442, 38.559, 38.401, 38.763, 38.784, 38.315, 38.323, 38.272, 37.604, 37.168, 37.123, 37.075, 37.001, 37.036, 37.225, 38.114, 38.564, 38.581, 38.915, 38.886, 39.075, 38.775, 27.397], [28.884, 25.112, 20.877, 17.424, 13.538, 9.035, 0.0, 10.211, 16.839, 22.425, 24.853, 25.29, 27.586, 30.635, 31.771, 33.41, 35.541, 35.772, 37.416, 38.487, 38.029, 37.3, 37.824, 39.013, 39.335, 39.038, 39.379, 39.011, 38.327, 38.949, 39.988, 40.797, 41.752, 41.974, 41.438, 40.998, 40.574, 40.52, 41.02, 41.935, 42.459, 41.949, 41.036, 40.64, 40.477, 39.869, 39.572, 39.914, 39.227, 38.273, 38.906, 38.723, 38.122, 38.768, 39.733, 39.488, 39.67, 40.612, 40.662, 39.956, 39.489, 39.524, 39.828, 39.93, 39.798, 40.318, 41.425, 43.063, 43.552, 41.974, 40.446, 39.314, 38.815, 39.065, 38.394, 38.713, 39.425, 38.734, 38.505, 38.844, 39.015, 39.103, 39.094, 39.036, 39.249, 39.361, 39.189, 39.598, 39.625, 39.167, 39.157, 39.11, 38.49, 38.077, 38.058, 38.065, 38.001, 37.984, 38.083, 38.905, 39.335, 39.327, 39.56, 39.49, 39.703, 39.416, 30.135], [31.925, 28.858, 25.765, 22.827, 18.816, 16.002, 10.211, 0.0, 10.218, 17.97, 20.549, 21.129, 23.983, 27.735, 29.19, 30.847, 33.378, 34.063, 36.016, 37.2, 36.828, 36.091, 36.508, 37.745, 38.311, 38.233, 38.579, 38.374, 38.015, 38.742, 39.9, 40.84, 41.845, 42.094, 41.58, 41.168, 40.726, 40.645, 41.131, 42.082, 42.595, 42.058, 41.206, 40.952, 40.868, 40.217, 39.895, 40.246, 39.436, 38.372, 39.042, 38.802, 38.184, 38.937, 39.942, 39.729, 40.005, 41.05, 41.165, 40.492, 40.058, 40.128, 40.437, 40.561, 40.538, 41.104, 42.233, 43.936, 44.412, 42.66, 40.888, 39.674, 39.121, 39.207, 38.414, 38.831, 39.57, 38.874, 38.658, 38.988, 39.147, 39.214, 39.181, 39.152, 39.402, 39.487, 39.292, 39.75, 39.755, 39.28, 39.302, 39.3, 38.69, 38.267, 38.275, 38.344, 38.329, 38.346, 38.494, 39.382, 39.818, 39.826, 40.055, 39.988, 40.225, 39.833, 32.999], [34.851, 32.068, 29.442, 27.288, 23.714, 20.542, 16.839, 10.218, 0.0, 10.326, 14.494, 15.276, 18.78, 23.209, 25.041, 26.865, 29.731, 30.922, 33.517, 34.955, 34.62, 33.916, 34.588, 36.118, 36.775, 37.024, 37.818, 37.757, 37.597, 38.69, 40.067, 41.055, 42.059, 42.298, 41.769, 41.337, 40.842, 40.711, 41.175, 42.106, 42.589, 42.025, 41.175, 40.972, 40.887, 40.258, 39.917, 40.247, 39.473, 38.51, 39.281, 39.018, 38.316, 39.088, 40.11, 39.939, 40.289, 41.405, 41.513, 40.769, 40.325, 40.435, 40.738, 40.867, 40.959, 41.634, 42.802, 44.519, 45.021, 43.304, 41.454, 40.121, 39.511, 39.442, 38.516, 38.95, 39.663, 38.905, 38.695, 39.025, 39.14, 39.163, 39.093, 39.066, 39.337, 39.445, 39.242, 39.66, 39.659, 39.209, 39.257, 39.269, 38.691, 38.297, 38.321, 38.411, 38.402, 38.388, 38.605, 39.494, 39.937, 39.953, 40.168, 40.124, 40.363, 39.906, 35.794], [37.68, 35.236, 32.988, 31.289, 28.562, 25.723, 22.425, 17.97, 10.326, 0.0, 6.619, 9.089, 13.511, 19.013, 21.716, 23.728, 26.719, 28.338, 31.582, 33.424, 33.274, 32.707, 33.748, 35.712, 36.57, 36.89, 37.893, 38.111, 38.122, 39.335, 40.818, 41.875, 42.865, 43.081, 42.565, 42.151, 41.662, 41.569, 42.036, 42.888, 43.342, 42.809, 41.973, 41.799, 41.747, 41.206, 40.864, 41.113, 40.352, 39.47, 40.259, 40.034, 39.412, 40.107, 41.052, 40.909, 41.209, 42.214, 42.267, 41.57, 41.179, 41.267, 41.549, 41.655, 41.767, 42.459, 43.54, 45.151, 45.647, 44.061, 42.342, 41.051, 40.474, 40.424, 39.524, 39.877, 40.519, 39.787, 39.515, 39.797, 39.876, 39.873, 39.792, 39.738, 39.995, 40.088, 39.899, 40.339, 40.39, 40.008, 40.101, 40.138, 39.616, 39.276, 39.316, 39.44, 39.465, 39.372, 39.435, 40.177, 40.587, 40.59, 40.731, 40.637, 40.836, 40.404, 38.476], [38.84, 36.599, 34.574, 33.017, 30.543, 28.077, 24.853, 20.549, 14.494, 6.619, 0.0, 5.333, 11.301, 17.473, 20.673, 22.603, 25.679, 27.806, 31.459, 33.453, 33.459, 32.965, 33.889, 35.81, 36.754, 37.055, 37.985, 38.412, 38.682, 39.866, 41.25, 42.341, 43.36, 43.581, 43.097, 42.717, 42.272, 42.222, 42.688, 43.56, 44.083, 43.6, 42.769, 42.597, 42.554, 42.03, 41.694, 41.921, 41.158, 40.231, 40.942, 40.779, 40.239, 40.835, 41.687, 41.558, 41.802, 42.708, 42.765, 42.154, 41.806, 41.863, 42.115, 42.208, 42.282, 42.898, 43.883, 45.414, 45.885, 44.377, 42.762, 41.56, 41.034, 41.029, 40.247, 40.563, 41.194, 40.553, 40.291, 40.572, 40.644, 40.632, 40.556, 40.508, 40.756, 40.842, 40.669, 41.11, 41.201, 40.857, 40.959, 40.993, 40.497, 40.17, 40.198, 40.306, 40.299, 40.193, 40.202, 40.865, 41.242, 41.234, 41.339, 41.217, 41.385, 40.994, 39.547], [38.827, 36.549, 34.537, 33.034, 30.681, 28.324, 25.29, 21.129, 15.276, 9.089, 5.333, 0.0, 7.65, 14.985, 18.654, 20.852, 24.153, 26.601, 30.576, 32.653, 32.705, 32.245, 33.182, 35.12, 36.048, 36.359, 37.334, 37.792, 38.152, 39.506, 40.937, 42.031, 43.092, 43.334, 42.855, 42.475, 42.019, 41.951, 42.415, 43.314, 43.881, 43.395, 42.539, 42.382, 42.319, 41.779, 41.455, 41.695, 40.902, 39.924, 40.648, 40.506, 39.919, 40.492, 41.332, 41.2, 41.453, 42.37, 42.44, 41.813, 41.435, 41.504, 41.76, 41.85, 41.924, 42.555, 43.551, 45.09, 45.585, 44.094, 42.429, 41.177, 40.664, 40.669, 39.904, 40.311, 40.99, 40.336, 40.096, 40.393, 40.468, 40.449, 40.357, 40.297, 40.546, 40.652, 40.49, 40.901, 40.972, 40.619, 40.708, 40.728, 40.216, 39.869, 39.894, 39.994, 39.95, 39.837, 39.871, 40.57, 40.954, 40.95, 41.074, 40.955, 41.104, 40.726, 39.544], [39.626, 37.388, 35.509, 34.184, 32.14, 30.12, 27.586, 23.983, 18.78, 13.511, 11.301, 7.65, 0.0, 8.819, 14.125, 17.132, 20.782, 23.841, 28.537, 30.812, 30.929, 30.519, 31.562, 33.746, 34.848, 35.2, 36.245, 36.89, 37.366, 38.926, 40.564, 41.703, 42.787, 43.051, 42.573, 42.174, 41.677, 41.615, 42.102, 42.979, 43.501, 42.981, 42.148, 42.07, 42.017, 41.469, 41.141, 41.351, 40.487, 39.494, 40.268, 40.091, 39.437, 40.044, 40.921, 40.773, 41.076, 42.085, 42.186, 41.494, 41.103, 41.207, 41.448, 41.527, 41.627, 42.3, 43.293, 44.86, 45.402, 43.855, 42.063, 40.749, 40.232, 40.24, 39.474, 39.948, 40.634, 39.929, 39.687, 39.999, 40.074, 40.049, 39.955, 39.91, 40.182, 40.299, 40.131, 40.492, 40.518, 40.157, 40.253, 40.275, 39.749, 39.373, 39.388, 39.476, 39.4, 39.283, 39.383, 40.135, 40.51, 40.53, 40.73, 40.64, 40.773, 40.415, 40.316], [40.535, 38.399, 36.792, 35.789, 34.03, 32.367, 30.635, 27.735, 23.209, 19.013, 17.473, 14.985, 8.819, 0.0, 7.883, 13.164, 17.063, 20.63, 26.338, 28.817, 28.943, 28.543, 29.76, 32.169, 33.384, 33.9, 35.171, 35.962, 36.55, 38.352, 40.192, 41.375, 42.45, 42.728, 42.246, 41.81, 41.268, 41.212, 41.731, 42.58, 43.069, 42.535, 41.724, 41.684, 41.625, 41.075, 40.725, 40.893, 40.016, 39.07, 39.895, 39.709, 38.984, 39.601, 40.49, 40.325, 40.665, 41.763, 41.888, 41.093, 40.641, 40.781, 41.007, 41.089, 41.228, 41.956, 42.975, 44.562, 45.113, 43.507, 41.603, 40.247, 39.692, 39.652, 38.938, 39.516, 40.198, 39.434, 39.206, 39.537, 39.624, 39.594, 39.48, 39.444, 39.72, 39.84, 39.691, 40.021, 40.023, 39.667, 39.791, 39.821, 39.281, 38.882, 38.878, 38.942, 38.835, 38.741, 39.0, 39.826, 40.192, 40.262, 40.576, 40.544, 40.681, 40.328, 41.16], [40.323, 38.212, 36.803, 36.069, 34.522, 33.065, 31.771, 29.19, 25.041, 21.716, 20.673, 18.654, 14.125, 7.883, 0.0, 8.851, 14.622, 18.174, 24.571, 27.221, 27.308, 27.11, 28.562, 30.911, 32.027, 32.684, 34.162, 34.881, 35.574, 37.636, 39.621, 40.828, 41.925, 42.222, 41.733, 41.299, 40.719, 40.639, 41.21, 42.115, 42.653, 42.104, 41.213, 41.101, 41.0, 40.423, 40.022, 40.189, 39.328, 38.311, 39.177, 38.989, 38.172, 38.818, 39.739, 39.548, 39.894, 41.032, 41.16, 40.297, 39.739, 39.865, 40.115, 40.217, 40.388, 41.173, 42.237, 43.906, 44.497, 42.846, 40.829, 39.353, 38.724, 38.647, 37.95, 38.632, 39.36, 38.548, 38.364, 38.709, 38.806, 38.798, 38.664, 38.61, 38.903, 39.022, 38.863, 39.225, 39.26, 38.899, 39.046, 39.064, 38.474, 38.066, 38.077, 38.183, 38.145, 38.123, 38.488, 39.382, 39.743, 39.86, 40.268, 40.296, 40.477, 40.087, 40.942], [40.996, 38.993, 37.712, 37.134, 35.858, 34.616, 33.41, 30.847, 26.865, 23.728, 22.603, 20.852, 17.132, 13.164, 8.851, 0.0, 9.24, 16.009, 22.865, 25.562, 25.795, 26.08, 27.826, 30.146, 31.324, 32.13, 33.611, 34.693, 35.928, 38.068, 39.999, 41.203, 42.294, 42.607, 42.15, 41.702, 41.136, 41.046, 41.599, 42.569, 43.177, 42.653, 41.769, 41.583, 41.436, 40.887, 40.434, 40.584, 39.783, 38.678, 39.446, 39.332, 38.541, 39.038, 39.827, 39.643, 39.955, 41.038, 41.21, 40.471, 39.925, 39.978, 40.209, 40.292, 40.423, 41.134, 42.052, 43.66, 44.287, 42.737, 40.794, 39.35, 38.752, 38.751, 38.159, 38.737, 39.511, 38.854, 38.722, 39.057, 39.153, 39.187, 39.046, 38.981, 39.294, 39.424, 39.279, 39.689, 39.773, 39.41, 39.476, 39.451, 38.901, 38.507, 38.545, 38.676, 38.651, 38.677, 39.071, 39.895, 40.189, 40.299, 40.706, 40.754, 40.968, 40.642, 41.521], [42.2, 40.305, 39.057, 38.548, 37.492, 36.469, 35.541, 33.378, 29.731, 26.719, 25.679, 24.153, 20.782, 17.063, 14.622, 9.24, 0.0, 11.652, 20.215, 22.911, 23.225, 23.993, 26.306, 29.123, 30.557, 31.549, 33.172, 34.54, 36.145, 38.47, 40.434, 41.644, 42.73, 43.067, 42.643, 42.189, 41.64, 41.61, 42.178, 43.128, 43.745, 43.246, 42.439, 42.316, 42.18, 41.662, 41.162, 41.217, 40.356, 39.275, 40.04, 40.01, 39.315, 39.718, 40.368, 40.186, 40.486, 41.487, 41.624, 40.92, 40.433, 40.516, 40.74, 40.815, 40.923, 41.634, 42.494, 43.93, 44.507, 43.131, 41.352, 40.042, 39.468, 39.448, 38.957, 39.441, 40.151, 39.595, 39.433, 39.701, 39.781, 39.798, 39.638, 39.601, 39.943, 40.07, 39.977, 40.41, 40.509, 40.183, 40.218, 40.164, 39.657, 39.277, 39.322, 39.468, 39.435, 39.388, 39.783, 40.545, 40.774, 40.894, 41.312, 41.344, 41.548, 41.25, 42.646], [41.891, 39.93, 38.608, 38.174, 37.243, 36.405, 35.772, 34.063, 30.922, 28.338, 27.806, 26.601, 23.841, 20.63, 18.174, 16.009, 11.652, 0.0, 11.978, 16.602, 17.027, 18.727, 22.876, 26.732, 28.258, 29.189, 31.213, 32.676, 34.354, 37.037, 39.306, 40.623, 41.737, 42.098, 41.635, 41.194, 40.644, 40.684, 41.392, 42.413, 43.006, 42.472, 41.681, 41.62, 41.516, 40.944, 40.377, 40.335, 39.214, 37.969, 38.812, 38.704, 38.018, 38.693, 39.523, 39.32, 39.653, 40.721, 40.811, 39.988, 39.5, 39.662, 39.928, 39.98, 40.173, 41.006, 41.988, 43.497, 44.073, 42.603, 40.782, 39.468, 38.849, 38.781, 38.142, 38.705, 39.389, 38.688, 38.478, 38.7, 38.766, 38.8, 38.646, 38.65, 39.087, 39.223, 39.034, 39.411, 39.495, 39.135, 39.185, 39.183, 38.623, 38.246, 38.386, 38.624, 38.715, 38.655, 38.926, 39.792, 40.095, 40.209, 40.659, 40.693, 40.892, 40.545, 42.331], [42.573, 40.827, 39.675, 39.316, 38.563, 37.912, 37.416, 36.016, 33.517, 31.582, 31.459, 30.576, 28.537, 26.338, 24.571, 22.865, 20.215, 11.978, 0.0, 7.888, 10.166, 13.365, 20.029, 24.796, 26.063, 27.083, 29.72, 31.518, 33.579, 36.587, 38.898, 40.186, 41.301, 41.674, 41.258, 40.856, 40.319, 40.363, 41.21, 42.482, 43.201, 42.735, 42.042, 42.061, 42.006, 41.468, 40.938, 40.912, 39.69, 38.151, 38.747, 38.705, 38.147, 38.822, 39.626, 39.402, 39.685, 40.676, 40.773, 40.043, 39.631, 39.801, 40.056, 40.086, 40.34, 41.131, 42.01, 43.503, 44.144, 42.813, 41.202, 40.045, 39.492, 39.43, 38.724, 39.295, 39.959, 39.307, 39.089, 39.213, 39.213, 39.242, 39.111, 39.193, 39.656, 39.785, 39.579, 39.87, 39.914, 39.559, 39.559, 39.568, 39.07, 38.735, 38.961, 39.268, 39.393, 39.254, 39.382, 40.271, 40.64, 40.723, 41.077, 41.057, 41.226, 40.917, 42.934], [42.944, 41.362, 40.373, 40.056, 39.392, 38.881, 38.487, 37.2, 34.955, 33.424, 33.453, 32.653, 30.812, 28.817, 27.221, 25.562, 22.911, 16.602, 7.888, 0.0, 5.7, 11.428, 18.47, 23.264, 24.461, 25.745, 28.678, 30.558, 32.964, 36.22, 38.513, 39.795, 41.001, 41.415, 41.04, 40.636, 40.077, 40.103, 41.022, 42.504, 43.373, 42.972, 42.321, 42.392, 42.392, 41.87, 41.318, 41.286, 40.067, 38.469, 39.039, 39.123, 38.602, 39.191, 39.928, 39.682, 39.953, 40.909, 41.005, 40.328, 39.934, 40.084, 40.301, 40.334, 40.627, 41.337, 42.07, 43.528, 44.246, 43.015, 41.446, 40.342, 39.826, 39.71, 39.095, 39.631, 40.269, 39.711, 39.522, 39.616, 39.575, 39.578, 39.495, 39.708, 40.199, 40.3, 40.128, 40.41, 40.436, 40.121, 40.099, 40.084, 39.629, 39.292, 39.513, 39.844, 39.966, 39.725, 39.829, 40.711, 41.06, 41.141, 41.47, 41.433, 41.586, 41.288, 43.263], [42.187, 40.536, 39.565, 39.26, 38.632, 38.251, 38.029, 36.828, 34.62, 33.274, 33.459, 32.705, 30.929, 28.943, 27.308, 25.795, 23.225, 17.027, 10.166, 5.7, 0.0, 8.672, 17.081, 21.938, 23.029, 24.407, 27.535, 29.259, 31.634, 35.094, 37.513, 38.859, 40.137, 40.571, 40.172, 39.737, 39.146, 39.166, 40.159, 41.663, 42.49, 42.12, 41.492, 41.578, 41.592, 41.015, 40.42, 40.361, 39.073, 37.451, 38.141, 38.194, 37.58, 38.309, 39.193, 38.916, 39.218, 40.27, 40.337, 39.537, 39.089, 39.25, 39.482, 39.525, 39.827, 40.613, 41.476, 43.032, 43.766, 42.414, 40.71, 39.493, 38.928, 38.756, 37.967, 38.513, 39.188, 38.563, 38.401, 38.534, 38.491, 38.501, 38.429, 38.653, 39.208, 39.327, 39.121, 39.427, 39.444, 39.079, 39.063, 39.047, 38.523, 38.142, 38.338, 38.673, 38.847, 38.591, 38.631, 39.613, 39.985, 40.068, 40.468, 40.461, 40.648, 40.336, 42.522], [41.457, 39.733, 38.799, 38.496, 37.795, 37.429, 37.3, 36.091, 33.916, 32.707, 32.965, 32.245, 30.519, 28.543, 27.11, 26.08, 23.993, 18.727, 13.365, 11.428, 8.672, 0.0, 11.056, 17.672, 19.186, 20.76, 24.456, 26.406, 28.953, 32.696, 35.458, 37.051, 38.49, 38.994, 38.587, 38.137, 37.542, 37.629, 38.803, 40.542, 41.485, 41.133, 40.638, 40.891, 40.932, 40.278, 39.713, 39.711, 38.353, 36.686, 37.431, 37.361, 36.618, 37.432, 38.453, 38.175, 38.53, 39.701, 39.75, 38.792, 38.32, 38.534, 38.774, 38.835, 39.197, 40.073, 41.145, 42.82, 43.528, 42.016, 40.124, 38.803, 38.16, 37.947, 36.905, 37.461, 38.177, 37.426, 37.263, 37.444, 37.417, 37.46, 37.378, 37.606, 38.257, 38.393, 38.154, 38.503, 38.538, 38.128, 38.155, 38.157, 37.569, 37.168, 37.376, 37.707, 37.858, 37.667, 37.764, 38.846, 39.266, 39.375, 39.803, 39.795, 39.99, 39.661, 41.837], [41.524, 39.968, 39.255, 38.985, 38.213, 37.918, 37.824, 36.508, 34.588, 33.748, 33.889, 33.182, 31.562, 29.76, 28.562, 27.826, 26.306, 22.876, 20.029, 18.47, 17.081, 11.056, 0.0, 9.398, 13.641, 15.691, 19.568, 22.528, 26.241, 30.151, 33.358, 35.458, 37.078, 37.667, 37.285, 36.85, 36.308, 36.531, 37.992, 40.082, 41.218, 40.856, 40.545, 41.085, 41.232, 40.522, 39.961, 40.045, 38.789, 37.287, 38.01, 37.883, 37.097, 37.792, 38.753, 38.51, 38.919, 40.157, 40.258, 39.296, 38.788, 38.958, 39.151, 39.23, 39.615, 40.426, 41.437, 43.058, 43.625, 41.996, 40.088, 38.864, 38.236, 38.031, 37.068, 37.568, 38.271, 37.521, 37.372, 37.591, 37.582, 37.657, 37.638, 37.952, 38.7, 38.84, 38.615, 38.986, 39.057, 38.689, 38.74, 38.726, 38.153, 37.785, 37.963, 38.246, 38.367, 38.256, 38.559, 39.664, 40.023, 40.181, 40.626, 40.633, 40.826, 40.464, 41.909], [41.834, 40.457, 39.999, 39.838, 39.075, 38.932, 39.013, 37.745, 36.118, 35.712, 35.81, 35.12, 33.746, 32.169, 30.911, 30.146, 29.123, 26.732, 24.796, 23.264, 21.938, 17.672, 9.398, 0.0, 7.795, 12.852, 16.693, 20.088, 25.382, 29.337, 32.408, 34.921, 36.714, 37.324, 36.948, 36.527, 36.035, 36.271, 37.899, 40.349, 41.671, 41.318, 40.973, 41.54, 41.733, 41.01, 40.438, 40.575, 39.433, 38.006, 38.662, 38.595, 37.755, 38.278, 39.152, 38.901, 39.327, 40.597, 40.736, 39.795, 39.178, 39.267, 39.442, 39.531, 39.958, 40.718, 41.619, 43.16, 43.616, 41.953, 40.067, 38.896, 38.348, 38.064, 37.09, 37.582, 38.367, 37.77, 37.74, 37.975, 37.975, 38.073, 38.094, 38.498, 39.339, 39.493, 39.274, 39.648, 39.743, 39.381, 39.432, 39.417, 38.837, 38.459, 38.597, 38.833, 38.927, 38.842, 39.268, 40.44, 40.74, 40.926, 41.44, 41.466, 41.632, 41.277, 42.216], [41.565, 40.192, 39.836, 39.782, 39.101, 39.011, 39.335, 38.311, 36.775, 36.57, 36.754, 36.048, 34.848, 33.384, 32.027, 31.324, 30.557, 28.258, 26.063, 24.461, 23.029, 19.186, 13.641, 7.795, 0.0, 9.315, 15.526, 18.444, 24.05, 28.529, 31.418, 34.027, 36.003, 36.649, 36.276, 35.849, 35.347, 35.567, 37.338, 40.11, 41.594, 41.257, 40.851, 41.352, 41.522, 40.818, 40.207, 40.32, 39.149, 37.585, 38.232, 38.252, 37.315, 37.785, 38.695, 38.413, 38.86, 40.188, 40.327, 39.353, 38.658, 38.722, 38.917, 39.023, 39.553, 40.349, 41.244, 42.884, 43.422, 41.769, 39.782, 38.535, 37.96, 37.562, 36.415, 36.929, 37.762, 37.226, 37.285, 37.518, 37.541, 37.666, 37.664, 38.09, 38.963, 39.094, 38.838, 39.228, 39.31, 38.927, 38.992, 38.969, 38.349, 37.944, 38.091, 38.348, 38.411, 38.255, 38.664, 39.981, 40.379, 40.552, 41.068, 41.099, 41.26, 40.955, 41.967], [41.276, 39.841, 39.415, 39.35, 38.793, 38.77, 39.038, 38.233, 37.024, 36.89, 37.055, 36.359, 35.2, 33.9, 32.684, 32.13, 31.549, 29.189, 27.083, 25.745, 24.407, 20.76, 15.691, 12.852, 9.315, 0.0, 9.971, 15.232, 21.418, 26.66, 30.063, 32.894, 35.067, 35.813, 35.477, 35.065, 34.522, 34.744, 36.62, 39.556, 41.167, 40.86, 40.463, 40.985, 41.138, 40.422, 39.903, 40.107, 38.925, 37.266, 37.861, 37.834, 36.905, 37.441, 38.389, 38.121, 38.559, 39.867, 40.005, 39.057, 38.407, 38.47, 38.667, 38.75, 39.249, 40.108, 41.073, 42.797, 43.353, 41.654, 39.613, 38.365, 37.809, 37.537, 36.448, 36.948, 37.719, 37.165, 37.214, 37.46, 37.515, 37.648, 37.642, 37.986, 38.772, 38.901, 38.643, 39.063, 39.163, 38.762, 38.806, 38.75, 38.102, 37.67, 37.762, 38.017, 38.066, 37.925, 38.194, 39.472, 39.931, 40.09, 40.571, 40.622, 40.797, 40.525, 41.709], [41.679, 40.295, 39.823, 39.693, 39.203, 39.278, 39.379, 38.579, 37.818, 37.893, 37.985, 37.334, 36.245, 35.171, 34.162, 33.611, 33.172, 31.213, 29.72, 28.678, 27.535, 24.456, 19.568, 16.693, 15.526, 9.971, 0.0, 10.373, 20.304, 25.599, 28.965, 32.235, 34.664, 35.536, 35.259, 34.863, 34.337, 34.56, 36.428, 39.491, 41.278, 41.033, 40.629, 41.169, 41.349, 40.639, 40.245, 40.675, 39.7, 38.142, 38.609, 38.585, 37.747, 38.128, 38.9, 38.671, 39.039, 40.216, 40.376, 39.546, 38.949, 38.952, 39.117, 39.157, 39.502, 40.238, 41.07, 42.613, 43.025, 41.357, 39.515, 38.375, 37.962, 37.978, 37.181, 37.633, 38.436, 38.071, 38.149, 38.43, 38.553, 38.693, 38.676, 38.963, 39.656, 39.805, 39.584, 39.997, 40.108, 39.711, 39.713, 39.635, 39.017, 38.563, 38.588, 38.844, 38.892, 38.809, 39.059, 40.145, 40.506, 40.651, 41.079, 41.089, 41.254, 41.022, 42.112], [41.015, 39.591, 39.164, 39.049, 38.576, 38.733, 39.011, 38.374, 37.757, 38.111, 38.412, 37.792, 36.89, 35.962, 34.881, 34.693, 34.54, 32.676, 31.518, 30.558, 29.259, 26.406, 22.528, 20.088, 18.444, 15.232, 10.373, 0.0, 13.963, 21.621, 25.31, 28.637, 31.477, 32.617, 32.419, 32.087, 31.607, 31.942, 34.143, 37.632, 39.727, 39.544, 39.162, 39.907, 40.23, 39.438, 38.962, 39.542, 38.701, 37.163, 37.766, 37.734, 36.863, 37.425, 38.372, 38.121, 38.492, 39.678, 39.719, 38.719, 38.03, 38.073, 38.283, 38.346, 38.785, 39.647, 40.605, 42.249, 42.713, 41.054, 39.153, 37.872, 37.404, 37.419, 36.49, 37.04, 37.887, 37.345, 37.365, 37.635, 37.731, 37.869, 37.866, 38.123, 38.778, 38.908, 38.622, 39.03, 39.154, 38.739, 38.782, 38.718, 38.03, 37.554, 37.586, 37.918, 38.018, 37.908, 38.152, 39.308, 39.719, 39.819, 40.215, 40.217, 40.378, 40.139, 41.492], [40.296, 38.758, 38.3, 38.191, 37.702, 37.88, 38.327, 38.015, 37.597, 38.122, 38.682, 38.152, 37.366, 36.55, 35.574, 35.928, 36.145, 34.354, 33.579, 32.964, 31.634, 28.953, 26.241, 25.382, 24.05, 21.418, 20.304, 13.963, 0.0, 12.65, 19.707, 22.791, 25.49, 26.849, 26.796, 26.757, 26.439, 27.09, 29.858, 33.646, 35.966, 35.9, 35.714, 36.896, 37.476, 36.715, 36.388, 37.057, 36.362, 35.49, 36.659, 36.402, 35.507, 36.62, 37.943, 37.682, 38.134, 39.431, 39.305, 38.0, 37.28, 37.508, 37.761, 37.839, 38.322, 39.359, 40.57, 42.438, 42.997, 41.227, 39.186, 37.781, 37.181, 37.154, 36.104, 36.765, 37.421, 36.29, 36.083, 36.364, 36.417, 36.591, 36.702, 36.943, 37.562, 37.691, 37.215, 37.465, 37.58, 37.13, 37.175, 37.131, 36.355, 35.86, 35.851, 36.128, 36.333, 36.413, 36.66, 37.849, 38.377, 38.454, 38.804, 38.781, 38.901, 38.607, 40.815], [40.936, 39.51, 39.057, 38.925, 38.418, 38.576, 38.949, 38.742, 38.69, 39.335, 39.866, 39.506, 38.926, 38.352, 37.636, 38.068, 38.47, 37.037, 36.587, 36.22, 35.094, 32.696, 30.151, 29.337, 28.529, 26.66, 25.599, 21.621, 12.65, 0.0, 11.687, 17.396, 20.276, 21.725, 21.836, 22.138, 22.165, 23.238, 26.731, 31.251, 33.944, 34.05, 34.069, 35.52, 36.28, 35.585, 35.627, 36.654, 36.23, 36.202, 37.832, 37.527, 36.702, 37.811, 39.103, 38.865, 39.289, 40.527, 40.367, 39.07, 38.424, 38.672, 38.892, 38.976, 39.371, 40.253, 41.269, 42.951, 43.357, 41.539, 39.655, 38.362, 37.768, 37.859, 37.059, 37.577, 37.947, 36.606, 36.365, 36.769, 36.834, 37.04, 37.316, 37.729, 38.435, 38.57, 38.066, 38.269, 38.402, 37.975, 37.989, 37.939, 37.183, 36.72, 36.683, 36.842, 37.179, 37.524, 37.858, 38.87, 39.345, 39.423, 39.693, 39.537, 39.532, 39.254, 41.421], [41.664, 40.416, 40.067, 39.935, 39.437, 39.593, 39.988, 39.9, 40.067, 40.818, 41.25, 40.937, 40.564, 40.192, 39.621, 39.999, 40.434, 39.306, 38.898, 38.513, 37.513, 35.458, 33.358, 32.408, 31.418, 30.063, 28.965, 25.31, 19.707, 11.687, 0.0, 9.855, 15.236, 17.371, 18.03, 18.727, 19.047, 20.131, 23.896, 29.584, 33.278, 33.942, 34.143, 35.657, 36.525, 35.836, 35.951, 37.138, 36.758, 36.562, 38.327, 38.446, 37.832, 38.699, 39.854, 39.643, 39.965, 41.074, 40.94, 39.813, 39.291, 39.543, 39.71, 39.75, 40.114, 40.722, 41.363, 42.891, 43.377, 41.878, 40.244, 39.023, 38.464, 38.635, 38.019, 38.509, 38.848, 37.764, 37.608, 37.953, 37.962, 38.099, 38.408, 38.975, 39.717, 39.896, 39.52, 39.736, 39.898, 39.527, 39.551, 39.528, 38.85, 38.457, 38.445, 38.515, 38.755, 38.909, 39.062, 39.856, 40.282, 40.3, 40.417, 40.183, 40.12, 39.864, 42.08], [42.247, 41.091, 40.804, 40.683, 40.211, 40.343, 40.797, 40.84, 41.055, 41.875, 42.341, 42.031, 41.703, 41.375, 40.828, 41.203, 41.644, 40.623, 40.186, 39.795, 38.859, 37.051, 35.458, 34.921, 34.027, 32.894, 32.235, 28.637, 22.791, 17.396, 9.855, 0.0, 7.911, 11.61, 13.344, 15.111, 15.753, 16.899, 20.853, 26.837, 30.921, 32.035, 32.47, 34.113, 35.135, 34.558, 34.858, 36.102, 35.933, 36.014, 37.826, 38.206, 37.981, 38.932, 40.011, 39.796, 40.057, 41.025, 40.892, 39.919, 39.591, 39.982, 40.123, 40.099, 40.35, 40.819, 41.409, 42.893, 43.589, 42.488, 41.073, 39.94, 39.449, 39.642, 39.116, 39.606, 39.954, 38.955, 38.711, 38.962, 38.966, 39.08, 39.359, 39.81, 40.418, 40.635, 40.318, 40.428, 40.523, 40.179, 40.163, 40.13, 39.505, 39.152, 39.114, 39.083, 39.17, 39.153, 39.069, 39.681, 40.103, 40.061, 40.12, 39.976, 39.966, 39.692, 42.65], [43.102, 42.029, 41.759, 41.637, 41.21, 41.309, 41.752, 41.845, 42.059, 42.865, 43.36, 43.092, 42.787, 42.45, 41.925, 42.294, 42.73, 41.737, 41.301, 41.001, 40.137, 38.49, 37.078, 36.714, 36.003, 35.067, 34.664, 31.477, 25.49, 20.276, 15.236, 7.911, 0.0, 5.384, 8.71, 11.906, 13.326, 14.908, 19.33, 25.239, 29.066, 30.272, 30.768, 32.477, 33.681, 33.307, 33.852, 35.229, 35.475, 36.356, 38.358, 38.696, 38.688, 39.781, 40.804, 40.587, 40.822, 41.692, 41.567, 40.715, 40.527, 40.986, 41.114, 41.08, 41.262, 41.721, 42.344, 43.721, 44.374, 43.386, 42.157, 41.148, 40.673, 40.836, 40.378, 40.749, 41.031, 40.008, 39.638, 39.859, 39.886, 40.002, 40.288, 40.664, 41.21, 41.443, 41.12, 41.15, 41.187, 40.844, 40.774, 40.73, 40.139, 39.83, 39.799, 39.72, 39.779, 39.809, 39.731, 40.233, 40.599, 40.567, 40.648, 40.557, 40.589, 40.309, 43.508], [43.256, 42.222, 41.96, 41.833, 41.435, 41.533, 41.974, 42.094, 42.298, 43.081, 43.581, 43.334, 43.051, 42.728, 42.222, 42.607, 43.067, 42.098, 41.674, 41.415, 40.571, 38.994, 37.667, 37.324, 36.649, 35.813, 35.536, 32.617, 26.849, 21.725, 17.371, 11.61, 5.384, 0.0, 4.984, 9.469, 11.506, 13.502, 18.263, 24.254, 28.024, 29.242, 29.704, 31.444, 32.755, 32.505, 33.16, 34.561, 34.965, 36.249, 38.462, 38.801, 38.791, 39.921, 40.968, 40.774, 40.987, 41.826, 41.712, 40.914, 40.779, 41.233, 41.354, 41.316, 41.479, 41.933, 42.553, 43.897, 44.537, 43.593, 42.437, 41.458, 40.985, 41.144, 40.723, 41.024, 41.246, 40.2, 39.781, 40.009, 40.052, 40.153, 40.441, 40.81, 41.356, 41.596, 41.268, 41.274, 41.291, 40.942, 40.837, 40.796, 40.214, 39.902, 39.871, 39.791, 39.837, 39.897, 39.868, 40.371, 40.72, 40.72, 40.836, 40.737, 40.766, 40.49, 43.659], [42.703, 41.622, 41.345, 41.228, 40.838, 40.958, 41.438, 41.58, 41.769, 42.565, 43.097, 42.855, 42.573, 42.246, 41.733, 42.15, 42.643, 41.635, 41.258, 41.04, 40.172, 38.587, 37.285, 36.948, 36.276, 35.477, 35.259, 32.419, 26.796, 21.836, 18.03, 13.344, 8.71, 4.984, 0.0, 5.642, 8.625, 11.28, 16.684, 23.12, 27.074, 28.256, 28.672, 30.522, 31.922, 31.686, 32.359, 33.815, 34.241, 35.667, 38.056, 38.383, 38.288, 39.418, 40.516, 40.345, 40.59, 41.477, 41.355, 40.508, 40.33, 40.759, 40.889, 40.871, 41.066, 41.556, 42.241, 43.637, 44.274, 43.24, 42.011, 41.007, 40.499, 40.618, 40.143, 40.415, 40.625, 39.559, 39.159, 39.413, 39.47, 39.582, 39.87, 40.243, 40.819, 41.074, 40.72, 40.71, 40.729, 40.37, 40.262, 40.221, 39.598, 39.249, 39.237, 39.199, 39.242, 39.35, 39.417, 39.985, 40.345, 40.369, 40.532, 40.421, 40.43, 40.158, 43.119], [42.216, 41.102, 40.835, 40.732, 40.341, 40.476, 40.998, 41.168, 41.337, 42.151, 42.717, 42.475, 42.174, 41.81, 41.299, 41.702, 42.189, 41.194, 40.856, 40.636, 39.737, 38.137, 36.85, 36.527, 35.849, 35.065, 34.863, 32.087, 26.757, 22.138, 18.727, 15.111, 11.906, 9.469, 5.642, 0.0, 4.571, 8.569, 14.768, 21.949, 26.332, 27.577, 27.982, 29.924, 31.384, 31.121, 31.777, 33.295, 33.684, 35.122, 37.684, 38.051, 37.842, 38.943, 40.082, 39.929, 40.236, 41.214, 41.103, 40.193, 39.967, 40.373, 40.505, 40.514, 40.779, 41.314, 42.032, 43.491, 44.15, 43.022, 41.662, 40.606, 40.056, 40.138, 39.589, 39.875, 40.076, 39.007, 38.668, 38.936, 39.006, 39.139, 39.411, 39.793, 40.404, 40.68, 40.3, 40.266, 40.283, 39.912, 39.812, 39.769, 39.127, 38.765, 38.783, 38.796, 38.86, 39.017, 39.109, 39.685, 40.055, 40.09, 40.299, 40.202, 40.188, 39.903, 42.633], [41.815, 40.667, 40.396, 40.295, 39.889, 40.029, 40.574, 40.726, 40.842, 41.662, 42.272, 42.019, 41.677, 41.268, 40.719, 41.136, 41.64, 40.644, 40.319, 40.077, 39.146, 37.542, 36.308, 36.035, 35.347, 34.522, 34.337, 31.607, 26.439, 22.165, 19.047, 15.753, 13.326, 11.506, 8.625, 4.571, 0.0, 5.413, 12.981, 20.829, 25.485, 26.817, 27.212, 29.156, 30.589, 30.245, 30.929, 32.493, 32.853, 34.302, 36.95, 37.315, 37.065, 38.221, 39.418, 39.26, 39.61, 40.688, 40.606, 39.642, 39.389, 39.808, 39.943, 39.963, 40.257, 40.838, 41.617, 43.16, 43.863, 42.691, 41.229, 40.115, 39.558, 39.63, 38.977, 39.292, 39.521, 38.418, 38.106, 38.382, 38.454, 38.596, 38.847, 39.217, 39.847, 40.126, 39.748, 39.718, 39.723, 39.349, 39.26, 39.2, 38.547, 38.169, 38.165, 38.194, 38.277, 38.439, 38.522, 39.14, 39.536, 39.582, 39.815, 39.728, 39.73, 39.447, 42.236], [41.828, 40.643, 40.373, 40.271, 39.839, 39.972, 40.52, 40.645, 40.711, 41.569, 42.222, 41.951, 41.615, 41.212, 40.639, 41.046, 41.61, 40.684, 40.363, 40.103, 39.166, 37.629, 36.531, 36.271, 35.567, 34.744, 34.56, 31.942, 27.09, 23.238, 20.131, 16.899, 14.908, 13.502, 11.28, 8.569, 5.413, 0.0, 9.361, 18.836, 24.228, 25.847, 26.286, 28.204, 29.628, 29.259, 30.074, 31.783, 32.286, 33.862, 36.535, 36.885, 36.643, 37.843, 39.074, 38.912, 39.245, 40.355, 40.352, 39.465, 39.237, 39.665, 39.805, 39.822, 40.097, 40.655, 41.456, 43.029, 43.744, 42.603, 41.144, 40.0, 39.453, 39.513, 38.83, 39.163, 39.425, 38.326, 38.009, 38.285, 38.355, 38.477, 38.71, 39.102, 39.769, 40.069, 39.721, 39.685, 39.657, 39.263, 39.139, 39.056, 38.425, 38.052, 38.033, 38.031, 38.088, 38.253, 38.297, 38.917, 39.333, 39.384, 39.642, 39.56, 39.57, 39.303, 42.257], [42.256, 41.093, 40.904, 40.826, 40.402, 40.516, 41.02, 41.131, 41.175, 42.036, 42.688, 42.415, 42.102, 41.731, 41.21, 41.599, 42.178, 41.392, 41.21, 41.022, 40.159, 38.803, 37.992, 37.899, 37.338, 36.62, 36.428, 34.143, 29.858, 26.731, 23.896, 20.853, 19.33, 18.263, 16.684, 14.768, 12.981, 9.361, 0.0, 11.99, 19.805, 22.305, 23.119, 25.533, 27.227, 27.163, 28.457, 30.406, 31.239, 33.422, 36.237, 36.609, 36.471, 37.663, 38.858, 38.727, 39.02, 40.055, 40.149, 39.551, 39.555, 40.002, 40.155, 40.163, 40.297, 40.72, 41.458, 42.975, 43.844, 42.978, 41.687, 40.588, 40.119, 40.218, 39.647, 39.972, 40.157, 39.087, 38.733, 39.0, 39.121, 39.233, 39.435, 39.804, 40.473, 40.801, 40.502, 40.442, 40.312, 39.87, 39.689, 39.59, 39.02, 38.648, 38.595, 38.507, 38.533, 38.835, 38.835, 39.304, 39.698, 39.723, 39.95, 39.873, 39.882, 39.602, 42.685], [43.075, 41.961, 41.78, 41.704, 41.348, 41.453, 41.935, 42.082, 42.106, 42.888, 43.56, 43.314, 42.979, 42.58, 42.115, 42.569, 43.128, 42.413, 42.482, 42.504, 41.663, 40.542, 40.082, 40.349, 40.11, 39.556, 39.491, 37.632, 33.646, 31.251, 29.584, 26.837, 25.239, 24.254, 23.12, 21.949, 20.829, 18.836, 11.99, 0.0, 10.965, 15.723, 17.462, 21.357, 23.699, 24.227, 26.428, 28.615, 30.098, 33.427, 36.354, 36.637, 36.714, 37.951, 38.999, 38.897, 39.199, 40.169, 40.298, 39.914, 40.165, 40.674, 40.868, 40.871, 40.774, 41.128, 41.936, 43.339, 44.292, 43.656, 42.637, 41.707, 41.35, 41.52, 41.112, 41.294, 41.327, 40.236, 39.778, 40.063, 40.307, 40.46, 40.621, 40.827, 41.36, 41.672, 41.413, 41.308, 41.054, 40.595, 40.381, 40.269, 39.761, 39.386, 39.255, 39.093, 39.143, 39.594, 39.595, 39.962, 40.353, 40.323, 40.45, 40.375, 40.425, 40.115, 43.461], [43.579, 42.533, 42.307, 42.168, 41.816, 41.974, 42.459, 42.595, 42.589, 43.342, 44.083, 43.881, 43.501, 43.069, 42.653, 43.177, 43.745, 43.006, 43.201, 43.373, 42.49, 41.485, 41.218, 41.671, 41.594, 41.167, 41.278, 39.727, 35.966, 33.944, 33.278, 30.921, 29.066, 28.024, 27.074, 26.332, 25.485, 24.228, 19.805, 10.965, 0.0, 7.898, 12.223, 17.573, 20.442, 21.475, 24.516, 27.388, 29.951, 34.172, 36.958, 36.997, 37.156, 38.516, 39.527, 39.387, 39.694, 40.703, 40.853, 40.423, 40.651, 41.216, 41.478, 41.491, 41.268, 41.684, 42.597, 43.876, 44.625, 43.9, 43.071, 42.335, 42.04, 42.207, 41.822, 41.823, 41.826, 40.788, 40.252, 40.578, 40.913, 41.079, 41.213, 41.314, 41.779, 42.088, 41.852, 41.774, 41.49, 41.021, 40.811, 40.687, 40.187, 39.822, 39.634, 39.446, 39.567, 40.035, 39.876, 40.175, 40.594, 40.524, 40.576, 40.504, 40.601, 40.265, 43.909], [43.157, 42.076, 41.795, 41.619, 41.227, 41.431, 41.949, 42.058, 42.025, 42.809, 43.6, 43.395, 42.981, 42.535, 42.104, 42.653, 43.246, 42.472, 42.735, 42.972, 42.12, 41.133, 40.856, 41.318, 41.257, 40.86, 41.033, 39.544, 35.9, 34.05, 33.942, 32.035, 30.272, 29.242, 28.256, 27.577, 26.817, 25.847, 22.305, 15.723, 7.898, 0.0, 7.794, 14.941, 17.964, 19.304, 22.707, 26.085, 29.305, 33.868, 36.711, 36.575, 36.625, 38.077, 39.168, 39.005, 39.33, 40.396, 40.551, 40.056, 40.173, 40.735, 41.106, 41.165, 40.955, 41.494, 42.469, 43.741, 44.4, 43.549, 42.699, 41.967, 41.639, 41.747, 41.289, 41.272, 41.305, 40.262, 39.721, 40.087, 40.456, 40.625, 40.731, 40.803, 41.303, 41.619, 41.359, 41.333, 41.075, 40.586, 40.396, 40.27, 39.731, 39.341, 39.171, 39.013, 39.169, 39.682, 39.573, 39.893, 40.297, 40.245, 40.298, 40.207, 40.322, 39.96, 43.512], [42.306, 41.14, 40.816, 40.65, 40.297, 40.491, 41.036, 41.206, 41.175, 41.973, 42.769, 42.539, 42.148, 41.724, 41.213, 41.769, 42.439, 41.681, 42.042, 42.321, 41.492, 40.638, 40.545, 40.973, 40.851, 40.463, 40.629, 39.162, 35.714, 34.069, 34.143, 32.47, 30.768, 29.704, 28.672, 27.982, 27.212, 26.286, 23.119, 17.462, 12.223, 7.794, 0.0, 9.627, 13.753, 15.489, 19.736, 23.849, 27.605, 32.38, 35.459, 35.404, 35.388, 36.876, 38.018, 37.891, 38.241, 39.31, 39.465, 39.014, 39.135, 39.68, 40.109, 40.217, 40.043, 40.645, 41.693, 43.03, 43.713, 42.816, 41.899, 41.041, 40.634, 40.74, 40.273, 40.336, 40.452, 39.416, 38.909, 39.287, 39.642, 39.798, 39.877, 39.937, 40.432, 40.731, 40.432, 40.399, 40.144, 39.606, 39.419, 39.32, 38.751, 38.351, 38.244, 38.139, 38.286, 38.759, 38.728, 39.153, 39.571, 39.529, 39.609, 39.524, 39.658, 39.287, 42.724], [41.713, 40.555, 40.29, 40.201, 39.909, 40.07, 40.64, 40.952, 40.972, 41.799, 42.597, 42.382, 42.07, 41.684, 41.101, 41.583, 42.316, 41.62, 42.061, 42.392, 41.578, 40.891, 41.085, 41.54, 41.352, 40.985, 41.169, 39.907, 36.896, 35.52, 35.657, 34.113, 32.477, 31.444, 30.522, 29.924, 29.156, 28.204, 25.533, 21.357, 17.573, 14.941, 9.627, 0.0, 6.411, 9.797, 14.954, 20.491, 25.803, 31.243, 34.516, 34.592, 34.617, 36.145, 37.313, 37.249, 37.585, 38.616, 38.814, 38.441, 38.602, 39.184, 39.647, 39.79, 39.702, 40.363, 41.44, 42.809, 43.493, 42.577, 41.664, 40.745, 40.264, 40.345, 39.952, 40.007, 40.14, 39.21, 38.806, 39.216, 39.583, 39.737, 39.807, 39.88, 40.36, 40.628, 40.313, 40.254, 39.994, 39.438, 39.193, 39.073, 38.515, 38.14, 38.097, 38.06, 38.25, 38.693, 38.579, 38.963, 39.376, 39.313, 39.389, 39.332, 39.479, 39.132, 42.174], [41.46, 40.288, 40.042, 40.0, 39.738, 39.867, 40.477, 40.868, 40.887, 41.747, 42.554, 42.319, 42.017, 41.625, 41.0, 41.436, 42.18, 41.516, 42.006, 42.392, 41.592, 40.932, 41.232, 41.733, 41.522, 41.138, 41.349, 40.23, 37.476, 36.28, 36.525, 35.135, 33.681, 32.755, 31.922, 31.384, 30.589, 29.628, 27.227, 23.699, 20.442, 17.964, 13.753, 6.411, 0.0, 6.585, 13.134, 18.946, 24.926, 30.701, 33.965, 34.04, 34.085, 35.611, 36.786, 36.757, 37.089, 38.137, 38.375, 37.992, 38.123, 38.731, 39.257, 39.414, 39.351, 40.135, 41.318, 42.705, 43.412, 42.526, 41.64, 40.725, 40.241, 40.312, 39.906, 39.958, 40.124, 39.24, 38.872, 39.295, 39.678, 39.838, 39.885, 39.956, 40.43, 40.689, 40.366, 40.292, 40.033, 39.471, 39.173, 39.002, 38.429, 38.036, 37.992, 37.952, 38.121, 38.583, 38.371, 38.7, 39.137, 39.07, 39.158, 39.13, 39.285, 38.955, 41.928], [40.92, 39.682, 39.442, 39.406, 39.09, 39.235, 39.869, 40.217, 40.258, 41.206, 42.03, 41.779, 41.469, 41.075, 40.423, 40.887, 41.662, 40.944, 41.468, 41.87, 41.015, 40.278, 40.522, 41.01, 40.818, 40.422, 40.639, 39.438, 36.715, 35.585, 35.836, 34.558, 33.307, 32.505, 31.686, 31.121, 30.245, 29.259, 27.163, 24.227, 21.475, 19.304, 15.489, 9.797, 6.585, 0.0, 8.987, 16.432, 22.882, 28.88, 32.446, 32.571, 32.57, 34.187, 35.501, 35.491, 35.865, 37.049, 37.335, 36.9, 37.01, 37.671, 38.229, 38.476, 38.483, 39.31, 40.719, 42.256, 42.982, 42.027, 41.024, 40.028, 39.479, 39.527, 39.079, 39.264, 39.477, 38.494, 38.126, 38.558, 38.915, 39.072, 39.118, 39.214, 39.731, 39.993, 39.673, 39.637, 39.387, 38.816, 38.531, 38.341, 37.703, 37.266, 37.183, 37.132, 37.341, 37.858, 37.686, 38.113, 38.571, 38.504, 38.647, 38.631, 38.776, 38.42, 41.388], [40.538, 39.252, 39.001, 39.013, 38.685, 38.88, 39.572, 39.895, 39.917, 40.864, 41.694, 41.455, 41.141, 40.725, 40.022, 40.434, 41.162, 40.377, 40.938, 41.318, 40.42, 39.713, 39.961, 40.438, 40.207, 39.903, 40.245, 38.962, 36.388, 35.627, 35.951, 34.858, 33.852, 33.16, 32.359, 31.777, 30.929, 30.074, 28.457, 26.428, 24.516, 22.707, 19.736, 14.954, 13.134, 8.987, 0.0, 10.07, 18.949, 26.123, 30.284, 30.583, 30.609, 32.386, 33.852, 33.899, 34.393, 35.727, 36.082, 35.698, 35.83, 36.535, 37.115, 37.428, 37.711, 38.586, 40.022, 41.802, 42.701, 41.7, 40.569, 39.538, 38.925, 38.872, 38.377, 38.645, 38.874, 37.831, 37.506, 37.961, 38.298, 38.463, 38.52, 38.651, 39.223, 39.481, 39.18, 39.172, 38.92, 38.359, 38.083, 37.882, 37.237, 36.778, 36.708, 36.7, 36.975, 37.463, 37.336, 37.854, 38.286, 38.218, 38.409, 38.4, 38.552, 38.159, 41.012], [40.868, 39.536, 39.248, 39.297, 38.954, 39.168, 39.914, 40.246, 40.247, 41.113, 41.921, 41.695, 41.351, 40.893, 40.189, 40.584, 41.217, 40.335, 40.912, 41.286, 40.361, 39.711, 40.045, 40.575, 40.32, 40.107, 40.675, 39.542, 37.057, 36.654, 37.138, 36.102, 35.229, 34.561, 33.815, 33.295, 32.493, 31.783, 30.406, 28.615, 27.388, 26.085, 23.849, 20.491, 18.946, 16.432, 10.07, 0.0, 12.245, 22.481, 27.864, 28.379, 28.691, 30.915, 32.563, 32.657, 33.313, 34.758, 35.139