[[0.0, 4.184, 8.916, 13.313, 17.006, 20.474, 24.137, 27.919, 31.191, 33.391, 34.674, 35.923, 37.658, 39.013, 39.339, 39.042, 39.181, 39.633, 39.663, 39.252, 38.82, 38.55, 38.138, 37.691, 37.374, 37.159, 37.094, 37.388, 37.861, 38.146, 38.129, 38.148, 38.444, 38.953, 39.622, 40.563, 41.548, 42.303, 42.64, 42.669, 42.688, 42.875, 43.205, 43.556, 43.78, 43.8, 43.709, 43.694, 43.757, 43.754, 43.744, 43.903, 44.37, 45.087, 45.456, 44.892, 44.07, 43.488, 43.097, 42.844, 42.48, 42.077, 41.886, 42.018, 42.633, 43.375, 43.522, 43.391, 43.103, 42.801, 42.877, 43.533, 44.069, 44.095, 44.021, 43.89, 43.662, 43.476, 43.271, 42.93, 42.494, 42.28, 42.387, 42.637, 42.915, 43.107, 43.104, 42.922, 42.71, 42.621, 42.632, 42.674, 42.64, 42.461, 42.271, 42.434, 42.944, 43.315, 43.396, 43.278, 43.124, 42.917, 42.639, 42.45, 42.444, 42.457, 42.408, 42.304, 42.184, 42.273, 42.507, 42.644, 42.729, 42.876, 43.034, 43.075, 43.079, 43.181, 43.235, 43.061, 42.843, 42.759, 42.666, 42.422, 42.155, 42.066, 42.11, 41.916, 41.393, 40.994, 41.05, 41.539, 41.963, 41.752, 41.805, 42.275, 42.367, 42.021, 41.837, 42.741, 44.308, 44.97, 44.809, 44.81, 45.194, 45.391, 44.949, 43.72, 42.21, 41.362, 41.048, 41.397, 42.655, 44.331, 45.691, 46.216, 45.375, 3.586], [4.184, 0.0, 5.106, 10.084, 14.375, 18.244, 22.068, 25.922, 29.277, 31.561, 32.897, 34.19, 35.987, 37.401, 37.776, 37.603, 37.989, 38.733, 39.043, 38.856, 38.575, 38.4, 38.069, 37.702, 37.471, 37.379, 37.479, 37.959, 38.605, 39.003, 39.022, 38.998, 39.218, 39.694, 40.423, 41.492, 42.575, 43.37, 43.714, 43.744, 43.763, 43.944, 44.259, 44.585, 44.79, 44.806, 44.721, 44.706, 44.761, 44.762, 44.757, 44.894, 45.307, 45.966, 46.32, 45.802, 45.059, 44.563, 44.252, 44.075, 43.807, 43.496, 43.334, 43.356, 43.734, 44.29, 44.419, 44.351, 44.101, 43.75, 43.699, 44.224, 44.691, 44.718, 44.682, 44.607, 44.453, 44.334, 44.177, 43.878, 43.492, 43.323, 43.457, 43.713, 43.98, 44.153, 44.142, 43.966, 43.764, 43.674, 43.677, 43.719, 43.696, 43.527, 43.323, 43.451, 43.943, 44.349, 44.503, 44.439, 44.297, 44.11, 43.85, 43.652, 43.619, 43.623, 43.611, 43.545, 43.409, 43.446, 43.637, 43.754, 43.822, 43.962, 44.125, 44.17, 44.153, 44.219, 44.252, 44.081, 43.873, 43.792, 43.695, 43.443, 43.154, 43.021, 43.025, 42.844, 42.38, 42.018, 42.051, 42.486, 42.884, 42.694, 42.7, 43.08, 43.163, 42.852, 42.629, 43.366, 44.795, 45.434, 45.286, 45.263, 45.608, 45.8, 45.41, 44.325, 43.064, 42.476, 42.334, 42.742, 43.929, 45.491, 46.774, 47.268, 46.451, 7.301], [8.916, 5.106, 0.0, 5.391, 10.377, 14.857, 19.018, 23.066, 26.595, 29.041, 30.509, 31.935, 33.878, 35.404, 35.859, 35.842, 36.521, 37.608, 38.236, 38.299, 38.183, 38.111, 37.867, 37.597, 37.475, 37.534, 37.83, 38.534, 39.387, 39.923, 39.99, 39.931, 40.065, 40.473, 41.221, 42.397, 43.595, 44.457, 44.823, 44.856, 44.878, 45.063, 45.377, 45.689, 45.877, 45.888, 45.808, 45.795, 45.847, 45.853, 45.852, 45.968, 46.325, 46.911, 47.235, 46.763, 46.113, 45.709, 45.476, 45.372, 45.218, 45.02, 44.883, 44.781, 44.914, 45.27, 45.375, 45.377, 45.18, 44.806, 44.656, 45.074, 45.485, 45.527, 45.536, 45.515, 45.425, 45.365, 45.25, 44.99, 44.654, 44.533, 44.692, 44.947, 45.193, 45.344, 45.322, 45.152, 44.961, 44.871, 44.864, 44.899, 44.884, 44.726, 44.516, 44.615, 45.088, 45.515, 45.718, 45.684, 45.533, 45.362, 45.127, 44.928, 44.874, 44.86, 44.87, 44.832, 44.682, 44.673, 44.829, 44.927, 44.98, 45.113, 45.289, 45.351, 45.328, 45.369, 45.387, 45.227, 45.04, 44.973, 44.881, 44.625, 44.32, 44.147, 44.111, 43.934, 43.518, 43.191, 43.199, 43.572, 43.937, 43.759, 43.694, 43.963, 44.036, 43.767, 43.507, 44.062, 45.337, 45.949, 45.818, 45.776, 46.084, 46.279, 45.955, 45.028, 44.026, 43.702, 43.743, 44.23, 45.349, 46.785, 47.982, 48.448, 47.659, 11.39], [13.313, 10.084, 5.391, 0.0, 5.481, 10.637, 15.394, 19.924, 23.825, 26.547, 28.229, 29.859, 32.005, 33.706, 34.302, 34.458, 35.389, 36.737, 37.582, 37.806, 37.809, 37.824, 37.649, 37.462, 37.431, 37.591, 38.015, 38.876, 39.886, 40.53, 40.639, 40.571, 40.658, 41.011, 41.736, 42.947, 44.212, 45.127, 45.518, 45.556, 45.583, 45.778, 46.099, 46.41, 46.59, 46.596, 46.519, 46.51, 46.562, 46.57, 46.574, 46.682, 47.001, 47.527, 47.817, 47.369, 46.774, 46.421, 46.237, 46.183, 46.12, 46.012, 45.876, 45.673, 45.655, 45.892, 45.984, 46.03, 45.878, 45.519, 45.35, 45.733, 46.122, 46.181, 46.221, 46.227, 46.167, 46.129, 46.03, 45.791, 45.484, 45.389, 45.554, 45.795, 46.02, 46.156, 46.13, 45.967, 45.785, 45.694, 45.674, 45.698, 45.683, 45.534, 45.331, 45.426, 45.888, 46.314, 46.525, 46.489, 46.314, 46.144, 45.934, 45.755, 45.7, 45.668, 45.678, 45.653, 45.499, 45.474, 45.617, 45.708, 45.754, 45.882, 46.068, 46.153, 46.145, 46.186, 46.201, 46.049, 45.882, 45.834, 45.753, 45.504, 45.199, 45.011, 44.951, 44.762, 44.36, 44.046, 44.03, 44.347, 44.681, 44.509, 44.376, 44.557, 44.625, 44.375, 44.068, 44.475, 45.63, 46.221, 46.107, 46.061, 46.353, 46.558, 46.287, 45.471, 44.641, 44.486, 44.645, 45.185, 46.255, 47.605, 48.744, 49.194, 48.437, 15.182], [17.006, 14.375, 10.377, 5.481, 0.0, 5.637, 11.217, 16.633, 21.22, 24.385, 26.346, 28.187, 30.536, 32.456, 33.258, 33.595, 34.709, 36.197, 37.118, 37.388, 37.458, 37.555, 37.447, 37.321, 37.335, 37.524, 37.986, 38.918, 40.022, 40.736, 40.876, 40.822, 40.912, 41.249, 41.942, 43.126, 44.389, 45.319, 45.724, 45.769, 45.798, 45.998, 46.323, 46.635, 46.813, 46.815, 46.738, 46.73, 46.782, 46.79, 46.802, 46.919, 47.229, 47.723, 47.983, 47.526, 46.927, 46.571, 46.401, 46.374, 46.368, 46.311, 46.15, 45.879, 45.812, 46.034, 46.13, 46.192, 46.06, 45.734, 45.607, 46.02, 46.417, 46.481, 46.529, 46.539, 46.476, 46.43, 46.325, 46.087, 45.785, 45.689, 45.841, 46.064, 46.277, 46.411, 46.389, 46.232, 46.054, 45.962, 45.935, 45.947, 45.925, 45.778, 45.592, 45.71, 46.185, 46.602, 46.785, 46.72, 46.516, 46.338, 46.147, 46.004, 45.972, 45.932, 45.926, 45.898, 45.75, 45.728, 45.877, 45.976, 46.023, 46.146, 46.334, 46.437, 46.455, 46.514, 46.534, 46.386, 46.232, 46.199, 46.128, 45.89, 45.597, 45.414, 45.344, 45.134, 44.717, 44.393, 44.354, 44.628, 44.938, 44.777, 44.611, 44.745, 44.817, 44.56, 44.179, 44.468, 45.555, 46.142, 46.042, 46.003, 46.302, 46.524, 46.285, 45.52, 44.758, 44.663, 44.855, 45.401, 46.445, 47.765, 48.885, 49.332, 48.614, 18.403], [20.474, 18.244, 14.857, 10.637, 5.637, 0.0, 6.241, 12.67, 18.179, 21.98, 24.301, 26.352, 28.897, 31.059, 32.113, 32.666, 33.966, 35.588, 36.578, 36.893, 37.052, 37.285, 37.3, 37.258, 37.306, 37.502, 37.997, 39.009, 40.214, 40.997, 41.167, 41.13, 41.236, 41.578, 42.255, 43.408, 44.637, 45.552, 45.959, 46.01, 46.043, 46.238, 46.557, 46.864, 47.039, 47.039, 46.958, 46.945, 46.993, 47.0, 47.021, 47.151, 47.458, 47.928, 48.156, 47.672, 47.047, 46.675, 46.512, 46.505, 46.543, 46.527, 46.354, 46.037, 45.935, 46.161, 46.274, 46.349, 46.227, 45.915, 45.809, 46.238, 46.632, 46.696, 46.751, 46.765, 46.699, 46.644, 46.534, 46.297, 45.998, 45.898, 46.04, 46.254, 46.465, 46.602, 46.583, 46.43, 46.255, 46.167, 46.141, 46.153, 46.124, 45.973, 45.8, 45.949, 46.454, 46.873, 47.029, 46.934, 46.706, 46.521, 46.346, 46.24, 46.24, 46.206, 46.196, 46.167, 46.015, 45.983, 46.133, 46.243, 46.298, 46.41, 46.586, 46.693, 46.724, 46.792, 46.813, 46.668, 46.523, 46.499, 46.433, 46.199, 45.914, 45.733, 45.654, 45.429, 45.0, 44.672, 44.62, 44.864, 45.158, 45.017, 44.845, 44.957, 45.041, 44.774, 44.3, 44.453, 45.475, 46.072, 46.001, 45.98, 46.293, 46.531, 46.315, 45.589, 44.878, 44.821, 45.024, 45.559, 46.573, 47.871, 48.973, 49.414, 48.741, 21.586], [24.137, 22.068, 19.018, 15.394, 11.217, 6.241, 0.0, 7.096, 13.552, 18.185, 21.045, 23.419, 26.252, 28.72, 30.09, 30.948, 32.53, 34.407, 35.607, 36.086, 36.431, 36.895, 37.132, 37.254, 37.378, 37.624, 38.226, 39.416, 40.81, 41.712, 41.925, 41.896, 41.992, 42.323, 42.998, 44.154, 45.368, 46.263, 46.666, 46.725, 46.763, 46.952, 47.258, 47.554, 47.723, 47.719, 47.635, 47.615, 47.653, 47.656, 47.68, 47.806, 48.089, 48.507, 48.682, 48.178, 47.57, 47.233, 47.103, 47.123, 47.208, 47.258, 47.121, 46.768, 46.56, 46.714, 46.841, 46.962, 46.861, 46.522, 46.357, 46.724, 47.08, 47.154, 47.24, 47.282, 47.238, 47.201, 47.107, 46.894, 46.621, 46.536, 46.686, 46.907, 47.124, 47.262, 47.24, 47.086, 46.917, 46.835, 46.818, 46.834, 46.805, 46.654, 46.488, 46.648, 47.167, 47.601, 47.77, 47.68, 47.444, 47.261, 47.103, 47.022, 47.05, 47.034, 47.047, 47.034, 46.861, 46.785, 46.911, 47.023, 47.074, 47.164, 47.316, 47.418, 47.441, 47.49, 47.494, 47.347, 47.209, 47.187, 47.116, 46.882, 46.595, 46.395, 46.291, 46.062, 45.661, 45.364, 45.315, 45.531, 45.808, 45.684, 45.503, 45.582, 45.678, 45.422, 44.846, 44.791, 45.687, 46.304, 46.292, 46.294, 46.598, 46.835, 46.65, 46.005, 45.416, 45.469, 45.755, 46.331, 47.307, 48.536, 49.584, 50.005, 49.373, 25.126], [27.919, 25.922, 23.066, 19.924, 16.633, 12.67, 7.096, 0.0, 7.089, 12.629, 16.317, 19.341, 22.699, 25.575, 27.352, 28.647, 30.624, 32.865, 34.406, 35.174, 35.796, 36.555, 37.074, 37.421, 37.682, 38.046, 38.826, 40.264, 41.898, 42.943, 43.21, 43.182, 43.249, 43.552, 44.219, 45.384, 46.594, 47.468, 47.864, 47.929, 47.968, 48.145, 48.432, 48.712, 48.868, 48.862, 48.782, 48.757, 48.781, 48.775, 48.793, 48.897, 49.125, 49.455, 49.56, 49.074, 48.567, 48.347, 48.281, 48.323, 48.458, 48.601, 48.558, 48.171, 47.77, 47.764, 47.901, 48.098, 48.031, 47.637, 47.35, 47.595, 47.895, 47.999, 48.146, 48.236, 48.235, 48.239, 48.183, 48.018, 47.799, 47.753, 47.925, 48.161, 48.386, 48.521, 48.493, 48.341, 48.181, 48.105, 48.09, 48.111, 48.093, 47.955, 47.789, 47.925, 48.417, 48.863, 49.083, 49.037, 48.809, 48.638, 48.498, 48.424, 48.452, 48.446, 48.501, 48.52, 48.324, 48.184, 48.261, 48.35, 48.378, 48.437, 48.57, 48.671, 48.682, 48.691, 48.66, 48.502, 48.365, 48.335, 48.254, 48.02, 47.726, 47.491, 47.349, 47.135, 46.807, 46.586, 46.551, 46.726, 46.972, 46.846, 46.641, 46.673, 46.772, 46.543, 45.871, 45.546, 46.255, 46.897, 46.967, 46.977, 47.226, 47.435, 47.3, 46.789, 46.392, 46.633, 47.082, 47.76, 48.696, 49.808, 50.762, 51.149, 50.548, 28.864], [31.191, 29.277, 26.595, 23.825, 21.22, 18.179, 13.552, 7.089, 0.0, 6.199, 10.947, 15.111, 19.344, 22.728, 24.962, 26.791, 29.214, 31.787, 33.633, 34.69, 35.589, 36.608, 37.356, 37.893, 38.308, 38.829, 39.793, 41.434, 43.232, 44.36, 44.659, 44.631, 44.676, 44.958, 45.615, 46.776, 47.974, 48.827, 49.214, 49.278, 49.308, 49.467, 49.734, 49.994, 50.136, 50.128, 50.056, 50.033, 50.047, 50.033, 50.042, 50.117, 50.277, 50.51, 50.557, 50.131, 49.779, 49.705, 49.707, 49.754, 49.933, 50.187, 50.257, 49.832, 49.2, 49.009, 49.16, 49.436, 49.399, 48.95, 48.541, 48.665, 48.917, 49.059, 49.266, 49.396, 49.433, 49.477, 49.461, 49.346, 49.186, 49.188, 49.39, 49.642, 49.872, 50.007, 49.983, 49.842, 49.692, 49.615, 49.593, 49.62, 49.625, 49.51, 49.339, 49.429, 49.869, 50.312, 50.586, 50.589, 50.375, 50.224, 50.102, 50.017, 50.017, 50.004, 50.094, 50.153, 49.946, 49.751, 49.77, 49.819, 49.814, 49.849, 49.978, 50.092, 50.1, 50.077, 50.011, 49.84, 49.695, 49.652, 49.564, 49.332, 49.032, 48.767, 48.598, 48.416, 48.182, 48.042, 48.014, 48.131, 48.332, 48.198, 47.98, 47.983, 48.082, 47.873, 47.122, 46.554, 47.086, 47.751, 47.884, 47.87, 48.032, 48.21, 48.14, 47.77, 47.561, 47.985, 48.586, 49.346, 50.232, 51.225, 52.084, 52.436, 51.874, 32.105], [33.391, 31.561, 29.041, 26.547, 24.385, 21.98, 18.185, 12.629, 6.199, 0.0, 5.605, 11.163, 16.572, 20.583, 23.247, 25.535, 28.366, 31.192, 33.235, 34.493, 35.584, 36.757, 37.624, 38.264, 38.784, 39.43, 40.525, 42.282, 44.156, 45.313, 45.625, 45.602, 45.648, 45.937, 46.608, 47.781, 48.985, 49.832, 50.215, 50.275, 50.293, 50.44, 50.697, 50.947, 51.082, 51.072, 51.005, 50.984, 50.992, 50.972, 50.972, 51.023, 51.138, 51.314, 51.338, 50.968, 50.727, 50.746, 50.784, 50.827, 51.03, 51.368, 51.522, 51.064, 50.254, 49.919, 50.078, 50.406, 50.387, 49.899, 49.41, 49.452, 49.67, 49.837, 50.081, 50.229, 50.283, 50.351, 50.358, 50.273, 50.152, 50.197, 50.428, 50.696, 50.936, 51.085, 51.08, 50.957, 50.812, 50.724, 50.693, 50.733, 50.767, 50.673, 50.494, 50.546, 50.946, 51.382, 51.682, 51.714, 51.513, 51.381, 51.271, 51.174, 51.145, 51.117, 51.223, 51.304, 51.093, 50.864, 50.84, 50.858, 50.833, 50.856, 50.989, 51.119, 51.135, 51.096, 51.01, 50.832, 50.681, 50.629, 50.538, 50.311, 50.009, 49.73, 49.557, 49.411, 49.243, 49.143, 49.104, 49.175, 49.343, 49.199, 48.979, 48.99, 49.1, 48.884, 48.064, 47.357, 47.804, 48.485, 48.628, 48.567, 48.667, 48.842, 48.833, 48.554, 48.452, 48.979, 49.651, 50.419, 51.24, 52.16, 52.969, 53.305, 52.792, 34.277], [34.674, 32.897, 30.509, 28.229, 26.346, 24.301, 21.045, 16.317, 10.947, 5.605, 0.0, 6.533, 13.183, 18.053, 21.267, 24.003, 27.261, 30.384, 32.628, 34.038, 35.241, 36.497, 37.423, 38.115, 38.688, 39.4, 40.58, 42.42, 44.357, 45.547, 45.877, 45.862, 45.919, 46.236, 46.952, 48.173, 49.414, 50.278, 50.66, 50.715, 50.728, 50.872, 51.131, 51.382, 51.516, 51.506, 51.439, 51.414, 51.414, 51.386, 51.378, 51.416, 51.515, 51.679, 51.703, 51.351, 51.139, 51.189, 51.253, 51.294, 51.486, 51.857, 52.07, 51.632, 50.755, 50.336, 50.48, 50.816, 50.797, 50.29, 49.765, 49.765, 49.959, 50.135, 50.397, 50.555, 50.617, 50.694, 50.708, 50.63, 50.525, 50.594, 50.847, 51.131, 51.387, 51.558, 51.578, 51.469, 51.319, 51.213, 51.175, 51.231, 51.293, 51.215, 51.028, 51.059, 51.438, 51.868, 52.175, 52.212, 52.015, 51.893, 51.791, 51.692, 51.651, 51.614, 51.721, 51.799, 51.574, 51.32, 51.271, 51.273, 51.239, 51.259, 51.398, 51.541, 51.561, 51.508, 51.407, 51.225, 51.075, 51.024, 50.936, 50.713, 50.409, 50.123, 49.95, 49.828, 49.688, 49.591, 49.539, 49.603, 49.767, 49.595, 49.353, 49.381, 49.511, 49.278, 48.405, 47.653, 48.097, 48.783, 48.905, 48.807, 48.894, 49.092, 49.125, 48.876, 48.806, 49.381, 50.078, 50.803, 51.556, 52.453, 53.26, 53.6, 53.12, 35.551], [35.923, 34.19, 31.935, 29.859, 28.187, 26.352, 23.419, 19.341, 15.111, 11.163, 6.533, 0.0, 7.629, 13.717, 18.05, 21.7, 25.697, 29.297, 31.827, 33.408, 34.726, 36.072, 37.065, 37.808, 38.409, 39.157, 40.425, 42.362, 44.373, 45.607, 45.948, 45.928, 45.988, 46.336, 47.104, 48.375, 49.648, 50.523, 50.904, 50.955, 50.967, 51.115, 51.376, 51.624, 51.758, 51.752, 51.687, 51.656, 51.643, 51.603, 51.585, 51.605, 51.685, 51.836, 51.851, 51.497, 51.298, 51.386, 51.503, 51.572, 51.762, 52.156, 52.434, 52.075, 51.205, 50.728, 50.819, 51.126, 51.098, 50.593, 50.058, 50.024, 50.186, 50.353, 50.619, 50.785, 50.869, 50.966, 50.987, 50.907, 50.806, 50.89, 51.154, 51.446, 51.715, 51.906, 51.945, 51.843, 51.682, 51.557, 51.511, 51.577, 51.659, 51.598, 51.41, 51.424, 51.784, 52.202, 52.505, 52.532, 52.326, 52.211, 52.119, 52.025, 51.984, 51.948, 52.056, 52.119, 51.857, 51.56, 51.483, 51.473, 51.433, 51.455, 51.604, 51.751, 51.76, 51.684, 51.567, 51.382, 51.237, 51.194, 51.117, 50.905, 50.602, 50.301, 50.114, 50.006, 49.899, 49.821, 49.779, 49.867, 50.05, 49.844, 49.536, 49.547, 49.692, 49.462, 48.575, 47.809, 48.235, 48.903, 49.008, 48.897, 48.973, 49.171, 49.217, 48.988, 48.958, 49.606, 50.367, 51.048, 51.705, 52.56, 53.363, 53.712, 53.253, 36.806], [37.658, 35.987, 33.878, 32.005, 30.536, 28.897, 26.252, 22.699, 19.344, 16.572, 13.183, 7.629, 0.0, 7.341, 13.535, 18.988, 24.311, 28.633, 31.505, 33.245, 34.663, 36.097, 37.181, 37.997, 38.63, 39.418, 40.775, 42.787, 44.847, 46.114, 46.469, 46.446, 46.51, 46.879, 47.676, 48.957, 50.222, 51.089, 51.465, 51.516, 51.534, 51.686, 51.942, 52.182, 52.314, 52.316, 52.258, 52.226, 52.204, 52.16, 52.133, 52.126, 52.165, 52.271, 52.252, 51.894, 51.723, 51.85, 52.008, 52.116, 52.36, 52.823, 53.185, 52.913, 52.029, 51.456, 51.474, 51.759, 51.746, 51.267, 50.719, 50.617, 50.706, 50.832, 51.08, 51.253, 51.384, 51.525, 51.566, 51.493, 51.407, 51.514, 51.797, 52.097, 52.366, 52.559, 52.601, 52.5, 52.335, 52.204, 52.155, 52.227, 52.324, 52.282, 52.098, 52.092, 52.432, 52.849, 53.165, 53.194, 52.986, 52.884, 52.802, 52.711, 52.678, 52.658, 52.782, 52.831, 52.516, 52.161, 52.052, 52.031, 51.987, 52.011, 52.161, 52.295, 52.271, 52.158, 52.026, 51.85, 51.721, 51.692, 51.626, 51.424, 51.119, 50.799, 50.6, 50.522, 50.466, 50.42, 50.391, 50.498, 50.708, 50.496, 50.106, 50.059, 50.205, 50.003, 49.133, 48.34, 48.698, 49.326, 49.426, 49.306, 49.349, 49.52, 49.57, 49.376, 49.42, 50.175, 51.04, 51.719, 52.269, 53.043, 53.823, 54.176, 53.736, 38.54], [39.013, 37.401, 35.404, 33.706, 32.456, 31.059, 28.72, 25.575, 22.728, 20.583, 18.053, 13.717, 7.341, 0.0, 7.83, 15.453, 22.476, 27.716, 31.019, 32.944, 34.437, 35.93, 37.109, 38.022, 38.729, 39.605, 41.036, 43.087, 45.203, 46.546, 46.956, 46.963, 47.05, 47.431, 48.228, 49.487, 50.724, 51.573, 51.943, 51.994, 52.013, 52.164, 52.416, 52.653, 52.788, 52.796, 52.748, 52.721, 52.701, 52.66, 52.63, 52.607, 52.616, 52.683, 52.628, 52.262, 52.119, 52.274, 52.458, 52.588, 52.869, 53.391, 53.84, 53.628, 52.672, 51.969, 51.947, 52.249, 52.265, 51.806, 51.245, 51.084, 51.108, 51.191, 51.418, 51.602, 51.786, 51.977, 52.043, 51.982, 51.913, 52.047, 52.358, 52.675, 52.947, 53.132, 53.157, 53.04, 52.865, 52.73, 52.685, 52.77, 52.881, 52.844, 52.647, 52.609, 52.932, 53.364, 53.715, 53.759, 53.555, 53.467, 53.386, 53.286, 53.255, 53.253, 53.394, 53.441, 53.094, 52.71, 52.588, 52.566, 52.526, 52.555, 52.699, 52.804, 52.742, 52.603, 52.471, 52.314, 52.206, 52.187, 52.125, 51.921, 51.608, 51.282, 51.093, 51.047, 51.021, 50.985, 50.953, 51.066, 51.308, 51.122, 50.703, 50.61, 50.744, 50.554, 49.709, 48.927, 49.278, 49.914, 50.03, 49.894, 49.893, 50.021, 50.039, 49.839, 49.911, 50.723, 51.67, 52.403, 52.942, 53.699, 54.476, 54.835, 54.386, 39.879], [39.339, 37.776, 35.859, 34.302, 33.258, 32.113, 30.09, 27.352, 24.962, 23.247, 21.267, 18.05, 13.535, 7.83, 0.0, 9.231, 18.147, 24.599, 28.605, 30.898, 32.572, 34.186, 35.526, 36.617, 37.46, 38.467, 40.022, 42.2, 44.492, 46.027, 46.578, 46.672, 46.81, 47.213, 48.011, 49.257, 50.479, 51.315, 51.674, 51.715, 51.726, 51.869, 52.118, 52.36, 52.5, 52.509, 52.466, 52.455, 52.449, 52.407, 52.366, 52.339, 52.35, 52.42, 52.365, 52.009, 51.878, 52.027, 52.25, 52.425, 52.731, 53.242, 53.634, 53.347, 52.303, 51.539, 51.546, 51.895, 51.937, 51.481, 50.892, 50.691, 50.685, 50.752, 50.973, 51.17, 51.393, 51.62, 51.701, 51.638, 51.572, 51.727, 52.069, 52.414, 52.698, 52.877, 52.885, 52.747, 52.555, 52.417, 52.384, 52.49, 52.617, 52.573, 52.348, 52.287, 52.62, 53.083, 53.455, 53.492, 53.271, 53.185, 53.101, 52.985, 52.945, 52.942, 53.078, 53.114, 52.751, 52.364, 52.258, 52.257, 52.235, 52.273, 52.41, 52.502, 52.428, 52.289, 52.169, 52.03, 51.94, 51.94, 51.892, 51.692, 51.378, 51.06, 50.897, 50.877, 50.865, 50.829, 50.794, 50.91, 51.178, 51.054, 50.704, 50.649, 50.786, 50.576, 49.744, 49.038, 49.481, 50.142, 50.22, 50.022, 50.001, 50.113, 50.078, 49.813, 49.83, 50.607, 51.546, 52.289, 52.898, 53.738, 54.566, 54.951, 54.467, 40.171], [39.042, 37.603, 35.842, 34.458, 33.595, 32.666, 30.948, 28.647, 26.791, 25.535, 24.003, 21.7, 18.988, 15.453, 9.231, 0.0, 10.23, 18.184, 23.409, 26.466, 28.592, 30.505, 32.13, 33.512, 34.587, 35.789, 37.529, 39.911, 42.461, 44.264, 45.029, 45.275, 45.506, 45.957, 46.777, 48.04, 49.286, 50.139, 50.498, 50.533, 50.539, 50.683, 50.943, 51.203, 51.357, 51.371, 51.332, 51.338, 51.356, 51.319, 51.277, 51.271, 51.325, 51.447, 51.427, 51.08, 50.926, 51.024, 51.254, 51.479, 51.803, 52.231, 52.455, 52.02, 50.966, 50.278, 50.353, 50.728, 50.781, 50.339, 49.768, 49.591, 49.607, 49.678, 49.898, 50.099, 50.33, 50.556, 50.622, 50.531, 50.431, 50.574, 50.924, 51.284, 51.581, 51.763, 51.762, 51.605, 51.393, 51.246, 51.217, 51.327, 51.447, 51.377, 51.125, 51.059, 51.411, 51.886, 52.242, 52.245, 52.0, 51.909, 51.823, 51.712, 51.677, 51.668, 51.783, 51.805, 51.441, 51.068, 50.989, 51.015, 51.009, 51.05, 51.19, 51.293, 51.239, 51.119, 51.006, 50.862, 50.769, 50.781, 50.755, 50.573, 50.275, 49.982, 49.844, 49.832, 49.821, 49.81, 49.818, 49.973, 50.251, 50.142, 49.864, 49.877, 50.033, 49.793, 48.989, 48.414, 48.998, 49.686, 49.724, 49.486, 49.466, 49.552, 49.429, 49.033, 48.902, 49.569, 50.46, 51.238, 52.0, 52.953, 53.837, 54.24, 53.689, 39.781], [39.181, 37.989, 36.521, 35.389, 34.709, 33.966, 32.53, 30.624, 29.214, 28.366, 27.261, 25.697, 24.311, 22.476, 18.147, 10.23, 0.0, 9.308, 16.165, 20.494, 23.522, 26.037, 28.112, 29.891, 31.315, 32.788, 34.726, 37.29, 40.068, 42.139, 43.176, 43.664, 44.058, 44.598, 45.453, 46.721, 47.977, 48.844, 49.212, 49.251, 49.265, 49.425, 49.707, 49.997, 50.18, 50.214, 50.182, 50.193, 50.228, 50.218, 50.224, 50.297, 50.448, 50.659, 50.672, 50.269, 49.999, 49.973, 50.107, 50.299, 50.591, 50.917, 51.005, 50.47, 49.475, 48.947, 49.113, 49.494, 49.536, 49.121, 48.64, 48.589, 48.694, 48.779, 48.978, 49.155, 49.345, 49.526, 49.558, 49.425, 49.266, 49.356, 49.68, 50.037, 50.342, 50.528, 50.522, 50.352, 50.125, 49.972, 49.942, 50.045, 50.139, 50.037, 49.783, 49.751, 50.123, 50.578, 50.873, 50.828, 50.564, 50.467, 50.38, 50.294, 50.287, 50.275, 50.358, 50.363, 50.024, 49.697, 49.657, 49.707, 49.711, 49.758, 49.909, 50.041, 50.025, 49.934, 49.83, 49.672, 49.56, 49.567, 49.552, 49.397, 49.141, 48.9, 48.788, 48.742, 48.67, 48.648, 48.713, 48.948, 49.242, 49.098, 48.827, 48.889, 49.064, 48.787, 47.982, 47.503, 48.196, 48.903, 48.919, 48.676, 48.659, 48.715, 48.499, 47.94, 47.603, 48.137, 49.02, 49.906, 50.821, 51.815, 52.708, 53.107, 52.496, 39.753], [39.633, 38.733, 37.608, 36.737, 36.197, 35.588, 34.407, 32.865, 31.787, 31.192, 30.384, 29.297, 28.633, 27.716, 24.599, 18.184, 9.308, 0.0, 7.972, 13.849, 18.36, 21.921, 24.61, 26.781, 28.519, 30.233, 32.325, 35.004, 37.902, 40.137, 41.396, 42.134, 42.729, 43.389, 44.281, 45.522, 46.74, 47.588, 47.956, 48.007, 48.035, 48.213, 48.514, 48.826, 49.032, 49.079, 49.044, 49.048, 49.09, 49.112, 49.191, 49.368, 49.635, 49.939, 49.97, 49.474, 49.066, 48.929, 48.93, 49.004, 49.217, 49.484, 49.547, 49.042, 48.135, 47.754, 47.999, 48.365, 48.373, 47.985, 47.622, 47.724, 47.923, 47.999, 48.152, 48.286, 48.422, 48.551, 48.548, 48.375, 48.15, 48.172, 48.455, 48.807, 49.128, 49.329, 49.33, 49.156, 48.925, 48.775, 48.75, 48.845, 48.915, 48.791, 48.557, 48.584, 48.986, 49.406, 49.617, 49.533, 49.278, 49.186, 49.101, 49.041, 49.063, 49.046, 49.098, 49.104, 48.826, 48.579, 48.586, 48.65, 48.665, 48.722, 48.877, 49.016, 49.023, 48.964, 48.876, 48.711, 48.589, 48.595, 48.591, 48.471, 48.279, 48.115, 48.036, 47.922, 47.711, 47.584, 47.654, 47.969, 48.31, 48.14, 47.859, 47.974, 48.185, 47.86, 46.989, 46.515, 47.25, 47.962, 47.94, 47.666, 47.647, 47.699, 47.43, 46.729, 46.202, 46.622, 47.499, 48.445, 49.436, 50.46, 51.36, 51.743, 51.115, 40.018], [39.663, 39.043, 38.236, 37.582, 37.118, 36.578, 35.607, 34.406, 33.633, 33.235, 32.628, 31.827, 31.505, 31.019, 28.605, 23.409, 16.165, 7.972, 0.0, 7.041, 13.22, 18.138, 21.587, 24.074, 25.948, 27.766, 29.965, 32.737, 35.733, 38.102, 39.548, 40.505, 41.288, 42.056, 42.962, 44.144, 45.296, 46.104, 46.463, 46.52, 46.566, 46.766, 47.094, 47.436, 47.665, 47.716, 47.672, 47.669, 47.713, 47.751, 47.881, 48.158, 48.557, 48.985, 49.054, 48.459, 47.906, 47.665, 47.531, 47.458, 47.565, 47.782, 47.86, 47.442, 46.671, 46.443, 46.753, 47.098, 47.073, 46.726, 46.494, 46.743, 47.013, 47.062, 47.161, 47.253, 47.334, 47.403, 47.353, 47.132, 46.843, 46.8, 47.041, 47.383, 47.716, 47.936, 47.947, 47.774, 47.547, 47.406, 47.385, 47.467, 47.513, 47.375, 47.174, 47.276, 47.729, 48.125, 48.248, 48.135, 47.909, 47.817, 47.722, 47.69, 47.761, 47.755, 47.771, 47.773, 47.569, 47.432, 47.513, 47.61, 47.646, 47.713, 47.853, 47.968, 47.972, 47.937, 47.871, 47.71, 47.587, 47.595, 47.596, 47.494, 47.351, 47.265, 47.231, 47.046, 46.658, 46.366, 46.398, 46.792, 47.2, 47.007, 46.722, 46.907, 47.155, 46.778, 45.83, 45.367, 46.155, 46.875, 46.811, 46.507, 46.494, 46.552, 46.242, 45.405, 44.671, 44.935, 45.743, 46.68, 47.733, 48.849, 49.798, 50.176, 49.543, 39.871], [39.252, 38.856, 38.299, 37.806, 37.388, 36.893, 36.086, 35.174, 34.69, 34.493, 34.038, 33.408, 33.245, 32.944, 30.898, 26.466, 20.494, 13.849, 7.041, 0.0, 7.256, 13.526, 17.978, 20.932, 22.921, 24.823, 27.185, 30.147, 33.352, 35.949, 37.623, 38.787, 39.723, 40.566, 41.464, 42.592, 43.701, 44.491, 44.844, 44.903, 44.963, 45.194, 45.566, 45.956, 46.218, 46.275, 46.219, 46.206, 46.253, 46.3, 46.461, 46.823, 47.362, 47.942, 48.081, 47.405, 46.7, 46.336, 46.085, 45.906, 45.919, 46.074, 46.138, 45.783, 45.16, 45.093, 45.467, 45.798, 45.751, 45.452, 45.354, 45.741, 46.072, 46.097, 46.154, 46.216, 46.248, 46.252, 46.143, 45.867, 45.522, 45.429, 45.635, 45.959, 46.293, 46.525, 46.542, 46.367, 46.138, 46.004, 45.985, 46.051, 46.066, 45.91, 45.733, 45.898, 46.4, 46.777, 46.823, 46.68, 46.469, 46.361, 46.248, 46.255, 46.401, 46.424, 46.401, 46.375, 46.224, 46.193, 46.364, 46.511, 46.573, 46.648, 46.776, 46.866, 46.861, 46.84, 46.788, 46.628, 46.505, 46.512, 46.505, 46.394, 46.268, 46.235, 46.24, 46.001, 45.466, 45.035, 45.042, 45.511, 45.974, 45.742, 45.45, 45.703, 45.973, 45.554, 44.566, 44.186, 45.068, 45.794, 45.711, 45.43, 45.462, 45.537, 45.184, 44.207, 43.246, 43.306, 43.982, 44.871, 46.034, 47.307, 48.345, 48.737, 48.078, 39.307], [38.82, 38.575, 38.183, 37.809, 37.458, 37.052, 36.431, 35.796, 35.589, 35.584, 35.241, 34.726, 34.663, 34.437, 32.572, 28.592, 23.522, 18.36, 13.22, 7.256, 0.0, 7.248, 12.99, 16.883, 19.33, 21.519, 24.191, 27.497, 31.058, 33.98, 35.916, 37.27, 38.321, 39.208, 40.099, 41.206, 42.32, 43.128, 43.482, 43.533, 43.599, 43.864, 44.287, 44.727, 45.019, 45.08, 45.008, 44.982, 45.031, 45.092, 45.282, 45.709, 46.365, 47.093, 47.339, 46.671, 45.889, 45.425, 45.106, 44.885, 44.84, 44.938, 44.947, 44.591, 44.054, 44.073, 44.469, 44.784, 44.72, 44.449, 44.439, 44.925, 45.311, 45.344, 45.401, 45.46, 45.46, 45.415, 45.26, 44.946, 44.568, 44.447, 44.635, 44.952, 45.294, 45.538, 45.559, 45.377, 45.142, 45.008, 44.989, 45.044, 45.037, 44.859, 44.674, 44.85, 45.366, 45.736, 45.75, 45.598, 45.39, 45.256, 45.127, 45.171, 45.386, 45.441, 45.391, 45.331, 45.19, 45.214, 45.448, 45.633, 45.711, 45.793, 45.919, 45.999, 45.989, 45.97, 45.914, 45.744, 45.615, 45.62, 45.606, 45.482, 45.355, 45.337, 45.352, 45.088, 44.497, 44.033, 44.053, 44.556, 45.015, 44.726, 44.433, 44.727, 44.999, 44.578, 43.634, 43.395, 44.38, 45.102, 45.032, 44.818, 44.927, 45.044, 44.664, 43.575, 42.413, 42.265, 42.81, 43.671, 44.93, 46.323, 47.436, 47.85, 47.16, 38.768], [38.55, 38.4, 38.111, 37.824, 37.555, 37.285, 36.895, 36.555, 36.608, 36.757, 36.497, 36.072, 36.097, 35.93, 34.186, 30.505, 26.037, 21.921, 18.138, 13.526, 7.248, 0.0, 6.755, 11.933, 15.439, 18.34, 21.446, 25.092, 28.992, 32.212, 34.377, 35.9, 37.056, 37.996, 38.913, 40.052, 41.226, 42.079, 42.433, 42.462, 42.532, 42.837, 43.311, 43.79, 44.102, 44.16, 44.071, 44.033, 44.09, 44.179, 44.41, 44.89, 45.618, 46.451, 46.815, 46.244, 45.494, 45.002, 44.666, 44.45, 44.384, 44.435, 44.37, 43.99, 43.492, 43.507, 43.866, 44.154, 44.082, 43.825, 43.857, 44.41, 44.858, 44.933, 45.015, 45.076, 45.053, 44.979, 44.802, 44.473, 44.079, 43.943, 44.122, 44.443, 44.796, 45.052, 45.076, 44.888, 44.649, 44.515, 44.497, 44.552, 44.539, 44.346, 44.136, 44.287, 44.789, 45.158, 45.169, 45.019, 44.803, 44.643, 44.508, 44.572, 44.819, 44.89, 44.82, 44.728, 44.566, 44.592, 44.842, 45.036, 45.117, 45.2, 45.324, 45.396, 45.381, 45.36, 45.294, 45.11, 44.974, 44.982, 44.972, 44.852, 44.723, 44.699, 44.706, 44.44, 43.871, 43.453, 43.506, 43.998, 44.421, 44.11, 43.84, 44.151, 44.407, 44.01, 43.178, 43.119, 44.191, 44.889, 44.838, 44.715, 44.919, 45.086, 44.702, 43.556, 42.269, 41.959, 42.401, 43.246, 44.514, 45.943, 47.094, 47.533, 46.828, 38.427], [38.138, 38.069, 37.867, 37.649, 37.447, 37.3, 37.132, 37.074, 37.356, 37.624, 37.423, 37.065, 37.181, 37.109, 35.526, 32.13, 28.112, 24.61, 21.587, 17.978, 12.99, 6.755, 0.0, 6.151, 11.147, 15.264, 18.921, 22.75, 26.79, 30.178, 32.524, 34.223, 35.517, 36.557, 37.548, 38.764, 40.03, 40.943, 41.293, 41.296, 41.373, 41.723, 42.247, 42.76, 43.089, 43.148, 43.046, 43.002, 43.077, 43.203, 43.484, 44.018, 44.796, 45.69, 46.135, 45.653, 44.968, 44.505, 44.197, 44.005, 43.913, 43.907, 43.796, 43.46, 43.055, 43.068, 43.361, 43.599, 43.517, 43.278, 43.351, 43.969, 44.479, 44.589, 44.674, 44.711, 44.653, 44.557, 44.366, 44.027, 43.617, 43.459, 43.625, 43.942, 44.3, 44.56, 44.582, 44.387, 44.142, 44.006, 43.986, 44.043, 44.032, 43.831, 43.599, 43.727, 44.216, 44.574, 44.576, 44.429, 44.214, 44.049, 43.916, 43.992, 44.251, 44.326, 44.237, 44.127, 43.963, 43.997, 44.251, 44.439, 44.515, 44.6, 44.723, 44.787, 44.771, 44.759, 44.698, 44.509, 44.366, 44.373, 44.373, 44.265, 44.141, 44.118, 44.128, 43.876, 43.339, 42.953, 43.016, 43.495, 43.906, 43.612, 43.374, 43.689, 43.929, 43.553, 42.837, 42.961, 44.124, 44.795, 44.746, 44.704, 44.996, 45.201, 44.811, 43.63, 42.254, 41.798, 42.112, 42.896, 44.132, 45.582, 46.776, 47.248, 46.541, 37.956], [37.691, 37.702, 37.597, 37.462, 37.321, 37.258, 37.254, 37.421, 37.893, 38.264, 38.115, 37.808, 37.997, 38.022, 36.617, 33.512, 29.891, 26.781, 24.074, 20.932, 16.883, 11.933, 6.151, 0.0, 6.207, 11.825, 16.42, 20.599, 24.705, 28.134, 30.6, 32.484, 33.953, 35.122, 36.199, 37.483, 38.829, 39.795, 40.145, 40.128, 40.21, 40.596, 41.162, 41.706, 42.05, 42.107, 41.996, 41.951, 42.043, 42.199, 42.523, 43.116, 43.958, 44.908, 45.389, 44.914, 44.24, 43.816, 43.558, 43.394, 43.265, 43.195, 43.068, 42.829, 42.56, 42.61, 42.855, 43.04, 42.939, 42.719, 42.831, 43.49, 44.03, 44.141, 44.206, 44.209, 44.116, 43.997, 43.793, 43.447, 43.025, 42.85, 43.003, 43.315, 43.675, 43.94, 43.961, 43.759, 43.509, 43.368, 43.344, 43.399, 43.39, 43.184, 42.944, 43.073, 43.573, 43.927, 43.911, 43.759, 43.559, 43.404, 43.275, 43.355, 43.621, 43.697, 43.594, 43.481, 43.343, 43.415, 43.686, 43.869, 43.944, 44.041, 44.176, 44.244, 44.236, 44.243, 44.2, 44.018, 43.872, 43.879, 43.884, 43.782, 43.665, 43.654, 43.683, 43.449, 42.911, 42.501, 42.539, 43.02, 43.44, 43.153, 42.93, 43.256, 43.499, 43.138, 42.497, 42.752, 43.979, 44.63, 44.572, 44.578, 44.932, 45.161, 44.76, 43.535, 42.065, 41.465, 41.643, 42.343, 43.549, 45.032, 46.275, 46.77, 46.056, 37.455], [37.374, 37.471, 37.475, 37.431, 37.335, 37.306, 37.378, 37.682, 38.308, 38.784, 38.688, 38.409, 38.63, 38.729, 37.46, 34.587, 31.315, 28.519, 25.948, 22.921, 19.33, 15.439, 11.147, 6.207, 0.0, 6.837, 12.948, 18.17, 22.726, 26.26, 28.789, 30.819, 32.464, 33.764, 34.915, 36.242, 37.636, 38.641, 38.998, 38.976, 39.071, 39.49, 40.093, 40.665, 41.025, 41.081, 40.957, 40.904, 41.001, 41.172, 41.526, 42.181, 43.105, 44.132, 44.632, 44.089, 43.34, 42.924, 42.729, 42.615, 42.466, 42.344, 42.203, 42.053, 41.919, 42.025, 42.247, 42.397, 42.282, 42.081, 42.223, 42.9, 43.445, 43.549, 43.601, 43.585, 43.466, 43.32, 43.097, 42.741, 42.311, 42.125, 42.273, 42.585, 42.953, 43.228, 43.252, 43.05, 42.8, 42.662, 42.64, 42.696, 42.683, 42.473, 42.244, 42.409, 42.952, 43.317, 43.274, 43.097, 42.899, 42.74, 42.598, 42.673, 42.945, 43.024, 42.905, 42.78, 42.665, 42.783, 43.084, 43.272, 43.353, 43.465, 43.609, 43.676, 43.672, 43.698, 43.68, 43.513, 43.373, 43.38, 43.387, 43.288, 43.183, 43.195, 43.252, 43.025, 42.453, 41.979, 41.984, 42.499, 42.952, 42.634, 42.381, 42.73, 43.004, 42.66, 42.053, 42.364, 43.618, 44.262, 44.201, 44.229, 44.618, 44.861, 44.443, 43.163, 41.585, 40.85, 40.921, 41.559, 42.754, 44.268, 45.548, 46.053, 45.321, 37.086], [37.159, 37.379, 37.534, 37.591, 37.524, 37.502, 37.624, 38.046, 38.829, 39.43, 39.4, 39.157, 39.418, 39.605, 38.467, 35.789, 32.788, 30.233, 27.766, 24.823, 21.519, 18.34, 15.264, 11.825, 6.837, 0.0, 7.403, 14.155, 19.786, 23.828, 26.561, 28.768, 30.61, 32.072, 33.318, 34.681, 36.096, 37.127, 37.501, 37.502, 37.637, 38.101, 38.736, 39.334, 39.715, 39.778, 39.641, 39.57, 39.658, 39.833, 40.218, 40.937, 41.946, 43.058, 43.584, 42.939, 42.026, 41.54, 41.417, 41.407, 41.283, 41.124, 40.941, 40.85, 40.88, 41.112, 41.348, 41.464, 41.33, 41.159, 41.371, 42.124, 42.729, 42.857, 42.908, 42.872, 42.712, 42.511, 42.241, 41.85, 41.391, 41.184, 41.318, 41.631, 42.014, 42.311, 42.353, 42.155, 41.908, 41.782, 41.775, 41.835, 41.814, 41.603, 41.405, 41.639, 42.242, 42.593, 42.469, 42.227, 42.009, 41.827, 41.663, 41.748, 42.051, 42.14, 41.99, 41.833, 41.736, 41.913, 42.262, 42.473, 42.57, 42.69, 42.827, 42.885, 42.888, 42.94, 42.945, 42.788, 42.65, 42.66, 42.666, 42.57, 42.484, 42.538, 42.632, 42.39, 41.737, 41.167, 41.146, 41.729, 42.242, 41.896, 41.629, 42.05, 42.366, 42.0, 41.364, 41.7, 43.007, 43.663, 43.582, 43.608, 44.018, 44.268, 43.815, 42.445, 40.71, 39.8, 39.747, 40.323, 41.548, 43.138, 44.479, 45.006, 44.252, 36.8], [37.094, 37.479, 37.83, 38.015, 37.986, 37.997, 38.226, 38.826, 39.793, 40.525, 40.58, 40.425, 40.775, 41.036, 40.022, 37.529, 34.726, 32.325, 29.965, 27.185, 24.191, 21.446, 18.921, 16.42, 12.948, 7.403, 0.0, 7.857, 14.865, 19.991, 23.411, 26.055, 28.191, 29.861, 31.236, 32.643, 34.068, 35.118, 35.523, 35.571, 35.772, 36.296, 36.971, 37.602, 38.022, 38.109, 37.967, 37.884, 37.974, 38.155, 38.56, 39.335, 40.424, 41.613, 42.159, 41.405, 40.294, 39.691, 39.639, 39.794, 39.749, 39.566, 39.371, 39.404, 39.672, 40.094, 40.357, 40.416, 40.25, 40.134, 40.489, 41.414, 42.144, 42.315, 42.353, 42.279, 42.059, 41.78, 41.435, 40.977, 40.467, 40.223, 40.333, 40.636, 41.031, 41.353, 41.412, 41.217, 40.967, 40.851, 40.861, 40.926, 40.896, 40.689, 40.536, 40.852, 41.5, 41.794, 41.539, 41.203, 40.957, 40.747, 40.567, 40.685, 41.041, 41.147, 40.953, 40.755, 40.687, 40.942, 41.355, 41.598, 41.719, 41.848, 41.971, 42.01, 42.022, 42.108, 42.135, 41.972, 41.824, 41.829, 41.83, 41.732, 41.667, 41.775, 41.918, 41.655, 40.907, 40.246, 40.22, 40.872, 41.45, 41.15, 40.971, 41.512, 41.845, 41.402, 40.702, 41.115, 42.553, 43.23, 43.113, 43.151, 43.602, 43.845, 43.32, 41.802, 39.828, 38.667, 38.426, 38.892, 40.153, 41.87, 43.324, 43.908, 43.142, 36.643], [37.388, 37.959, 38.534, 38.876, 38.918, 39.009, 39.416, 40.264, 41.434, 42.282, 42.42, 42.362, 42.787, 43.087, 42.2, 39.911, 37.29, 35.004, 32.737, 30.147, 27.497, 25.092, 22.75, 20.599, 18.17, 14.155, 7.857, 0.0, 8.015, 14.573, 19.31, 22.875, 25.509, 27.439, 28.949, 30.39, 31.815, 32.882, 33.322, 33.426, 33.702, 34.295, 35.021, 35.699, 36.168, 36.287, 36.153, 36.078, 36.187, 36.377, 36.788, 37.6, 38.751, 39.993, 40.545, 39.716, 38.509, 37.885, 37.916, 38.212, 38.265, 38.131, 38.036, 38.317, 38.871, 39.463, 39.726, 39.718, 39.522, 39.468, 39.969, 41.054, 41.884, 42.069, 42.07, 41.953, 41.686, 41.352, 40.943, 40.42, 39.859, 39.584, 39.674, 39.964, 40.357, 40.685, 40.75, 40.554, 40.3, 40.189, 40.207, 40.267, 40.225, 40.025, 39.913, 40.288, 40.947, 41.174, 40.813, 40.402, 40.142, 39.921, 39.738, 39.889, 40.287, 40.399, 40.158, 39.932, 39.91, 40.247, 40.716, 40.988, 41.131, 41.267, 41.377, 41.401, 41.432, 41.565, 41.624, 41.461, 41.304, 41.304, 41.302, 41.208, 41.171, 41.341, 41.537, 41.26, 40.438, 39.72, 39.707, 40.4, 41.014, 40.793, 40.758, 41.42, 41.737, 41.218, 40.519, 41.093, 42.651, 43.304, 43.149, 43.23, 43.729, 43.947, 43.343, 41.683, 39.477, 38.048, 37.577, 37.87, 39.098, 40.906, 42.456, 43.1, 42.364, 36.839], [37.861, 38.605, 39.387, 39.886, 40.022, 40.214, 40.81, 41.898, 43.232, 44.156, 44.357, 44.373, 44.847, 45.203, 44.492, 42.461, 40.068, 37.902, 35.733, 33.352, 31.058, 28.992, 26.79, 24.705, 22.726, 19.786, 14.865, 8.015, 0.0, 7.675, 14.065, 19.023, 22.455, 24.784, 26.47, 27.949, 29.376, 30.461, 30.941, 31.109, 31.461, 32.121, 32.904, 33.634, 34.143, 34.283, 34.162, 34.108, 34.242, 34.45, 34.878, 35.717, 36.888, 38.136, 38.685, 37.878, 36.796, 36.394, 36.606, 36.972, 37.056, 37.035, 37.179, 37.807, 38.667, 39.406, 39.641, 39.559, 39.338, 39.328, 39.917, 41.077, 41.933, 42.09, 42.04, 41.879, 41.586, 41.236, 40.802, 40.241, 39.646, 39.35, 39.421, 39.69, 40.064, 40.377, 40.434, 40.236, 39.986, 39.879, 39.896, 39.941, 39.879, 39.674, 39.584, 39.978, 40.614, 40.785, 40.375, 39.951, 39.715, 39.511, 39.341, 39.501, 39.887, 39.974, 39.704, 39.484, 39.512, 39.892, 40.375, 40.652, 40.806, 40.95, 41.056, 41.085, 41.156, 41.347, 41.443, 41.288, 41.127, 41.126, 41.13, 41.056, 41.055, 41.271, 41.495, 41.209, 40.361, 39.644, 39.656, 40.353, 40.959, 40.773, 40.86, 41.624, 41.919, 41.365, 40.762, 41.527, 43.132, 43.724, 43.542, 43.666, 44.192, 44.377, 43.717, 41.974, 39.626, 37.997, 37.317, 37.452, 38.62, 40.46, 42.044, 42.704, 42.007, 37.235], [38.146, 39.003, 39.923, 40.53, 40.736, 40.997, 41.712, 42.943, 44.36, 45.313, 45.547, 45.607, 46.114, 46.546, 46.027, 44.264, 42.139, 40.137, 38.102, 35.949, 33.98, 32.212, 30.178, 28.134, 26.26, 23.828, 19.991, 14.573, 7.675, 0.0, 7.542, 13.905, 18.374, 21.347, 23.374, 24.996, 26.501, 27.658, 28.211, 28.456, 28.883, 29.612, 30.459, 31.245, 31.788, 31.944, 31.842, 31.814, 31.965, 32.187, 32.645, 33.5, 34.65, 35.86, 36.423, 35.764, 35.034, 35.118, 35.712, 36.196, 36.232, 36.262, 36.675, 37.672, 38.809, 39.664, 39.862, 39.718, 39.477, 39.487, 40.101, 41.261, 42.088, 42.193, 42.086, 41.893, 41.595, 41.26, 40.836, 40.273, 39.666, 39.353, 39.404, 39.65, 40.001, 40.295, 40.34, 40.142, 39.898, 39.794, 39.806, 39.842, 39.766, 39.549, 39.448, 39.82, 40.421, 40.56, 40.16, 39.776, 39.589, 39.418, 39.262, 39.388, 39.697, 39.734, 39.468, 39.281, 39.324, 39.673, 40.106, 40.354, 40.507, 40.661, 40.776, 40.826, 40.942, 41.181, 41.3, 41.142, 40.97, 40.963, 40.978, 40.927, 40.947, 41.164, 41.373, 41.092, 40.299, 39.658, 39.708, 40.38, 40.947, 40.756, 40.928, 41.77, 42.05, 41.513, 41.071, 42.0, 43.597, 44.142, 43.952, 44.091, 44.599, 44.749, 44.068, 42.31, 39.926, 38.201, 37.388, 37.438, 38.561, 40.403, 41.983, 42.63, 41.952, 37.474], [38.129, 39.022, 39.99, 40.639, 40.876, 41.167, 41.925, 43.21, 44.659, 45.625, 45.877, 45.948, 46.469, 46.956, 46.578, 45.029, 43.176, 41.396, 39.548, 37.623, 35.916, 34.377, 32.524, 30.6, 28.789, 26.561, 23.411, 19.31, 14.065, 7.542, 0.0, 7.191, 12.714, 16.611, 19.289, 21.329, 23.117, 24.479, 25.169, 25.509, 26.016, 26.822, 27.739, 28.584, 29.174, 29.371, 29.312, 29.321, 29.488, 29.727, 30.219, 31.092, 32.214, 33.392, 34.011, 33.59, 33.325, 34.006, 35.126, 35.876, 35.9, 35.883, 36.436, 37.684, 38.993, 39.892, 40.06, 39.888, 39.643, 39.65, 40.248, 41.385, 42.184, 42.244, 42.091, 41.88, 41.605, 41.306, 40.912, 40.368, 39.77, 39.451, 39.483, 39.71, 40.046, 40.329, 40.37, 40.179, 39.946, 39.846, 39.86, 39.903, 39.833, 39.609, 39.474, 39.795, 40.363, 40.5, 40.134, 39.775, 39.608, 39.463, 39.308, 39.361, 39.555, 39.535, 39.29, 39.128, 39.137, 39.402, 39.752, 39.959, 40.11, 40.278, 40.411, 40.484, 40.628, 40.882, 41.0, 40.827, 40.631, 40.609, 40.629, 40.592, 40.6, 40.762, 40.916, 40.666, 40.003, 39.489, 39.567, 40.196, 40.746, 40.575, 40.826, 41.708, 41.971, 41.509, 41.28, 42.355, 43.939, 44.46, 44.271, 44.4, 44.864, 44.979, 44.298, 42.567, 40.223, 38.489, 37.624, 37.652, 38.739, 40.557, 42.115, 42.738, 42.063, 37.453], [38.148, 38.998, 39.931, 40.571, 40.822, 41.13, 41.896, 43.182, 44.631, 45.602, 45.862, 45.928, 46.446, 46.963, 46.672, 45.275, 43.664, 42.134, 40.505, 38.787, 37.27, 35.9, 34.223, 32.484, 30.819, 28.768, 26.055, 22.875, 19.023, 13.905, 7.191, 0.0, 6.216, 11.081, 14.699, 17.546, 19.915, 21.637, 22.515, 22.955, 23.541, 24.415, 25.38, 26.262, 26.9, 27.164, 27.181, 27.244, 27.442, 27.714, 28.256, 29.17, 30.302, 31.496, 32.211, 32.039, 32.192, 33.361, 34.954, 36.044, 36.183, 36.147, 36.7, 37.987, 39.305, 40.166, 40.314, 40.155, 39.926, 39.919, 40.477, 41.585, 42.37, 42.409, 42.226, 42.016, 41.783, 41.532, 41.176, 40.662, 40.087, 39.773, 39.791, 39.999, 40.319, 40.589, 40.63, 40.456, 40.247, 40.163, 40.183, 40.236, 40.179, 39.96, 39.794, 40.056, 40.589, 40.738, 40.41, 40.029, 39.842, 39.711, 39.549, 39.518, 39.593, 39.525, 39.309, 39.161, 39.12, 39.293, 39.568, 39.738, 39.886, 40.069, 40.224, 40.313, 40.456, 40.695, 40.794, 40.602, 40.38, 40.338, 40.358, 40.321, 40.293, 40.376, 40.469, 40.275, 39.779, 39.4, 39.484, 40.057, 40.62, 40.531, 40.861, 41.728, 41.958, 41.611, 41.615, 42.814, 44.39, 44.896, 44.705, 44.82, 45.242, 45.331, 44.663, 42.991, 40.737, 39.045, 38.174, 38.209, 39.245, 40.982, 42.485, 43.078, 42.403, 37.51], [38.444, 39.218, 40.065, 40.658, 40.912, 41.236, 41.992, 43.249, 44.676, 45.648, 45.919, 45.988, 46.51, 47.05, 46.81, 45.506, 44.058, 42.729, 41.288, 39.723, 38.321, 37.056, 35.517, 33.953, 32.464, 30.61, 28.191, 25.509, 22.455, 18.374, 12.714