[[0.0, 8.153, 15.945, 20.267, 23.216, 26.176, 28.569, 29.511, 30.153, 32.337, 34.929, 35.401, 35.141, 36.914, 39.688, 41.95, 43.933, 44.658, 44.641, 44.516, 44.747, 45.438, 45.891, 45.852, 45.83, 46.203, 46.626, 46.633, 46.414, 46.362, 46.212, 45.786, 45.974, 45.726, 44.62, 44.361, 44.353, 44.142, 44.275, 44.315, 44.517, 44.788, 44.772, 44.493, 44.064, 43.478, 43.346, 43.259, 43.061, 42.632, 42.36, 42.319, 42.484, 42.467, 42.417, 42.525, 42.577, 42.706, 42.994, 43.197, 43.404, 43.592, 43.746, 43.759, 43.847, 43.972, 44.008, 43.787, 43.707, 44.071, 44.651, 44.934, 44.876, 44.711, 44.712, 44.841, 44.802, 44.679, 44.523, 44.269, 44.395, 44.765, 44.993, 45.052, 44.871, 45.004, 45.058, 44.661, 44.345, 44.519, 44.711, 44.837, 44.676, 44.177, 44.101, 44.161, 44.174, 44.089, 43.905, 43.747, 43.493, 43.165, 43.217, 43.146, 43.093, 43.413, 8.583], [8.153, 0.0, 9.699, 15.507, 19.287, 22.719, 25.556, 26.612, 27.218, 29.669, 32.638, 33.267, 33.149, 35.206, 38.193, 40.719, 42.991, 43.816, 43.826, 43.674, 43.894, 44.691, 45.214, 45.191, 45.153, 45.551, 45.983, 45.977, 45.74, 45.7, 45.573, 45.135, 45.351, 45.07, 43.815, 43.5, 43.471, 43.276, 43.436, 43.507, 43.786, 44.143, 44.143, 43.855, 43.4, 42.773, 42.628, 42.532, 42.374, 41.986, 41.687, 41.625, 41.78, 41.784, 41.737, 41.817, 41.887, 42.034, 42.328, 42.541, 42.724, 42.838, 42.957, 42.983, 43.021, 43.105, 43.147, 42.894, 42.796, 43.144, 43.658, 43.893, 43.827, 43.703, 43.724, 43.891, 43.85, 43.704, 43.527, 43.242, 43.391, 43.76, 44.009, 44.119, 43.961, 44.084, 44.163, 43.749, 43.375, 43.534, 43.717, 43.863, 43.746, 43.261, 43.194, 43.264, 43.283, 43.19, 42.979, 42.799, 42.538, 42.218, 42.289, 42.274, 42.304, 42.697, 13.81], [15.945, 9.699, 0.0, 8.157, 14.397, 18.971, 22.643, 24.039, 24.629, 27.405, 30.755, 31.595, 31.739, 33.942, 36.946, 39.661, 42.22, 43.142, 43.169, 43.058, 43.329, 44.176, 44.715, 44.709, 44.658, 45.074, 45.493, 45.454, 45.224, 45.232, 45.127, 44.656, 44.903, 44.646, 43.382, 43.055, 43.015, 42.881, 43.062, 43.121, 43.444, 43.875, 43.887, 43.581, 43.084, 42.448, 42.321, 42.222, 42.094, 41.812, 41.538, 41.468, 41.616, 41.648, 41.619, 41.666, 41.748, 41.902, 42.174, 42.412, 42.638, 42.679, 42.716, 42.744, 42.713, 42.753, 42.802, 42.541, 42.466, 42.722, 43.103, 43.284, 43.201, 43.11, 43.166, 43.358, 43.321, 43.158, 42.953, 42.629, 42.743, 43.083, 43.363, 43.543, 43.4, 43.519, 43.651, 43.188, 42.774, 42.937, 43.101, 43.259, 43.202, 42.698, 42.62, 42.711, 42.728, 42.624, 42.381, 42.177, 41.907, 41.588, 41.664, 41.639, 41.701, 42.126, 19.456], [20.267, 15.507, 8.157, 0.0, 8.426, 14.842, 19.566, 21.482, 22.363, 25.475, 29.138, 30.113, 30.315, 32.647, 35.867, 38.918, 41.874, 42.99, 43.06, 43.032, 43.451, 44.4, 44.941, 44.975, 45.005, 45.434, 45.796, 45.74, 45.518, 45.528, 45.423, 44.971, 45.23, 45.0, 43.875, 43.621, 43.586, 43.523, 43.666, 43.702, 44.057, 44.439, 44.387, 44.13, 43.72, 43.116, 43.0, 42.897, 42.777, 42.6, 42.388, 42.324, 42.461, 42.496, 42.469, 42.501, 42.573, 42.71, 42.957, 43.193, 43.426, 43.441, 43.425, 43.435, 43.366, 43.346, 43.353, 43.075, 42.983, 43.196, 43.596, 43.797, 43.7, 43.618, 43.672, 43.85, 43.806, 43.632, 43.44, 43.141, 43.164, 43.417, 43.681, 43.853, 43.761, 43.902, 44.037, 43.562, 43.119, 43.231, 43.313, 43.456, 43.497, 43.002, 42.932, 43.044, 43.047, 42.98, 42.771, 42.578, 42.307, 41.999, 42.106, 42.062, 42.096, 42.455, 23.211], [23.216, 19.287, 14.397, 8.426, 0.0, 8.505, 15.354, 18.154, 19.522, 23.387, 27.598, 28.524, 28.654, 31.291, 34.947, 38.449, 41.799, 43.178, 43.341, 43.403, 43.952, 45.016, 45.61, 45.681, 45.815, 46.275, 46.62, 46.558, 46.327, 46.313, 46.188, 45.776, 46.048, 45.841, 44.832, 44.63, 44.54, 44.46, 44.559, 44.593, 45.009, 45.304, 45.157, 44.968, 44.656, 44.049, 43.932, 43.85, 43.722, 43.576, 43.395, 43.344, 43.474, 43.515, 43.486, 43.517, 43.571, 43.673, 43.91, 44.143, 44.354, 44.363, 44.336, 44.343, 44.296, 44.238, 44.183, 43.895, 43.773, 44.009, 44.483, 44.692, 44.598, 44.534, 44.566, 44.73, 44.683, 44.5, 44.329, 44.083, 44.007, 44.157, 44.405, 44.56, 44.518, 44.669, 44.758, 44.322, 43.856, 43.9, 43.883, 43.987, 44.108, 43.642, 43.58, 43.692, 43.679, 43.665, 43.506, 43.329, 43.05, 42.745, 42.904, 42.906, 42.948, 43.25, 25.909], [26.176, 22.719, 18.971, 14.842, 8.505, 0.0, 9.206, 13.82, 16.087, 20.955, 25.816, 26.662, 26.859, 30.003, 34.222, 38.257, 41.986, 43.591, 43.829, 43.965, 44.653, 45.832, 46.464, 46.538, 46.723, 47.213, 47.56, 47.497, 47.276, 47.241, 47.092, 46.723, 47.03, 46.834, 45.887, 45.735, 45.587, 45.489, 45.561, 45.594, 46.087, 46.376, 46.154, 45.992, 45.684, 45.02, 44.887, 44.838, 44.745, 44.595, 44.414, 44.374, 44.49, 44.529, 44.493, 44.51, 44.532, 44.595, 44.836, 45.088, 45.295, 45.28, 45.233, 45.232, 45.234, 45.19, 45.09, 44.792, 44.652, 44.913, 45.456, 45.671, 45.606, 45.587, 45.605, 45.765, 45.75, 45.571, 45.404, 45.172, 45.031, 45.132, 45.391, 45.582, 45.555, 45.696, 45.741, 45.322, 44.85, 44.852, 44.777, 44.843, 44.967, 44.493, 44.43, 44.539, 44.509, 44.546, 44.421, 44.245, 43.963, 43.671, 43.902, 43.999, 44.048, 44.358, 28.601], [28.569, 25.556, 22.643, 19.566, 15.354, 9.206, 0.0, 7.127, 12.11, 18.326, 23.898, 24.791, 25.141, 28.92, 33.918, 38.573, 42.632, 44.42, 44.685, 44.855, 45.735, 47.061, 47.691, 47.753, 47.957, 48.39, 48.648, 48.593, 48.435, 48.376, 48.23, 47.942, 48.264, 48.085, 47.273, 47.201, 47.053, 46.973, 46.992, 47.018, 47.588, 47.883, 47.593, 47.428, 47.112, 46.408, 46.265, 46.254, 46.218, 46.08, 45.905, 45.869, 45.966, 45.985, 45.935, 45.96, 45.945, 45.95, 46.195, 46.439, 46.638, 46.625, 46.575, 46.558, 46.602, 46.577, 46.416, 46.102, 45.924, 46.213, 46.934, 47.217, 47.162, 47.192, 47.184, 47.325, 47.326, 47.147, 46.994, 46.812, 46.616, 46.679, 46.946, 47.136, 47.147, 47.301, 47.209, 46.715, 46.241, 46.188, 46.068, 46.094, 46.199, 45.687, 45.612, 45.721, 45.684, 45.792, 45.692, 45.496, 45.226, 45.027, 45.359, 45.518, 45.549, 45.84, 30.924], [29.511, 26.612, 24.039, 21.482, 18.154, 13.82, 7.127, 0.0, 7.586, 15.859, 22.254, 23.349, 23.974, 28.105, 33.363, 38.267, 42.507, 44.376, 44.633, 44.775, 45.702, 47.088, 47.766, 47.842, 48.025, 48.4, 48.622, 48.571, 48.451, 48.439, 48.332, 48.061, 48.374, 48.198, 47.408, 47.327, 47.213, 47.133, 47.13, 47.18, 47.785, 48.077, 47.775, 47.621, 47.343, 46.668, 46.553, 46.576, 46.557, 46.431, 46.269, 46.231, 46.307, 46.309, 46.247, 46.275, 46.256, 46.259, 46.516, 46.725, 46.884, 46.857, 46.83, 46.835, 46.909, 46.926, 46.79, 46.474, 46.293, 46.546, 47.226, 47.507, 47.41, 47.431, 47.435, 47.575, 47.574, 47.4, 47.246, 47.089, 46.89, 46.942, 47.181, 47.331, 47.354, 47.515, 47.38, 46.877, 46.407, 46.358, 46.218, 46.21, 46.29, 45.765, 45.677, 45.794, 45.768, 45.887, 45.786, 45.582, 45.334, 45.179, 45.531, 45.724, 45.803, 46.09, 31.898], [30.153, 27.218, 24.629, 22.363, 19.522, 16.087, 12.11, 7.586, 0.0, 10.482, 18.513, 20.397, 21.472, 25.728, 31.065, 36.309, 40.946, 42.944, 43.201, 43.355, 44.298, 45.741, 46.529, 46.646, 46.832, 47.236, 47.519, 47.457, 47.284, 47.309, 47.236, 46.948, 47.254, 47.02, 46.099, 45.987, 45.901, 45.882, 45.93, 46.01, 46.621, 46.908, 46.613, 46.477, 46.233, 45.598, 45.516, 45.544, 45.498, 45.325, 45.147, 45.126, 45.192, 45.185, 45.112, 45.121, 45.124, 45.167, 45.464, 45.692, 45.832, 45.752, 45.675, 45.728, 45.844, 45.94, 45.869, 45.518, 45.355, 45.509, 46.003, 46.24, 46.118, 46.096, 46.116, 46.277, 46.256, 46.082, 45.917, 45.763, 45.593, 45.667, 45.908, 46.054, 46.046, 46.218, 46.215, 45.875, 45.462, 45.424, 45.261, 45.204, 45.225, 44.723, 44.63, 44.743, 44.736, 44.829, 44.706, 44.514, 44.281, 44.086, 44.387, 44.598, 44.731, 45.052, 32.438], [32.337, 29.669, 27.405, 25.475, 23.387, 20.955, 18.326, 15.859, 10.482, 0.0, 10.103, 14.349, 16.549, 21.118, 27.084, 33.356, 38.925, 41.306, 41.631, 41.834, 42.892, 44.466, 45.372, 45.52, 45.745, 46.228, 46.576, 46.541, 46.309, 46.315, 46.281, 46.024, 46.314, 46.0, 44.985, 44.878, 44.778, 44.858, 44.982, 45.057, 45.7, 46.011, 45.695, 45.52, 45.272, 44.669, 44.595, 44.629, 44.603, 44.368, 44.169, 44.196, 44.288, 44.299, 44.227, 44.213, 44.227, 44.298, 44.643, 44.95, 45.094, 44.926, 44.705, 44.785, 45.008, 45.301, 45.284, 44.873, 44.708, 44.722, 45.084, 45.289, 45.168, 45.102, 45.117, 45.267, 45.199, 45.001, 44.818, 44.749, 44.605, 44.703, 44.945, 45.049, 45.024, 45.218, 45.384, 45.254, 44.906, 44.838, 44.649, 44.531, 44.515, 44.04, 43.952, 44.066, 44.091, 44.181, 44.033, 43.851, 43.631, 43.412, 43.651, 43.835, 43.994, 44.328, 34.424], [34.929, 32.638, 30.755, 29.138, 27.598, 25.816, 23.898, 22.254, 18.513, 10.103, 0.0, 7.744, 12.842, 18.193, 24.812, 32.039, 38.369, 41.085, 41.512, 41.756, 42.899, 44.538, 45.487, 45.621, 45.84, 46.357, 46.724, 46.717, 46.517, 46.518, 46.495, 46.322, 46.638, 46.292, 45.332, 45.28, 45.167, 45.281, 45.458, 45.53, 46.205, 46.54, 46.225, 46.023, 45.701, 45.095, 45.007, 45.066, 45.107, 44.873, 44.685, 44.739, 44.854, 44.885, 44.83, 44.806, 44.8, 44.882, 45.227, 45.525, 45.673, 45.503, 45.208, 45.286, 45.6, 46.059, 46.058, 45.614, 45.451, 45.441, 45.743, 45.925, 45.803, 45.735, 45.781, 45.88, 45.782, 45.574, 45.401, 45.46, 45.319, 45.398, 45.621, 45.655, 45.617, 45.812, 46.041, 45.969, 45.623, 45.531, 45.323, 45.182, 45.183, 44.742, 44.65, 44.76, 44.797, 44.907, 44.771, 44.611, 44.411, 44.195, 44.373, 44.487, 44.604, 44.923, 36.798], [35.401, 33.267, 31.595, 30.113, 28.524, 26.662, 24.791, 23.349, 20.397, 14.349, 7.744, 0.0, 8.283, 16.141, 23.871, 31.626, 38.175, 41.048, 41.575, 41.851, 43.037, 44.734, 45.718, 45.87, 46.156, 46.754, 47.148, 47.133, 46.949, 46.945, 46.916, 46.792, 47.144, 46.803, 45.861, 45.839, 45.725, 45.83, 46.002, 46.049, 46.714, 47.075, 46.788, 46.574, 46.135, 45.472, 45.377, 45.439, 45.519, 45.336, 45.162, 45.205, 45.288, 45.269, 45.201, 45.198, 45.191, 45.266, 45.594, 45.863, 46.019, 45.914, 45.683, 45.767, 46.08, 46.516, 46.488, 46.05, 45.855, 45.917, 46.252, 46.452, 46.348, 46.29, 46.352, 46.455, 46.362, 46.158, 46.0, 46.074, 45.929, 45.979, 46.23, 46.255, 46.207, 46.394, 46.622, 46.532, 46.18, 46.079, 45.862, 45.74, 45.773, 45.362, 45.281, 45.392, 45.42, 45.543, 45.417, 45.238, 45.002, 44.765, 44.936, 45.048, 45.122, 45.454, 37.237], [35.141, 33.149, 31.739, 30.315, 28.654, 26.859, 25.141, 23.974, 21.472, 16.549, 12.842, 8.283, 0.0, 10.315, 20.002, 28.711, 35.808, 38.967, 39.545, 39.814, 41.114, 43.028, 44.188, 44.42, 44.92, 45.78, 46.302, 46.27, 45.969, 45.934, 45.954, 45.828, 46.196, 45.874, 44.828, 44.768, 44.626, 44.735, 44.901, 44.969, 45.655, 46.055, 45.799, 45.582, 45.15, 44.472, 44.393, 44.446, 44.508, 44.312, 44.115, 44.163, 44.24, 44.187, 44.09, 44.053, 44.04, 44.113, 44.417, 44.685, 44.826, 44.691, 44.498, 44.614, 44.913, 45.324, 45.296, 44.842, 44.623, 44.692, 45.018, 45.231, 45.141, 45.08, 45.166, 45.317, 45.247, 45.064, 44.874, 44.839, 44.728, 44.811, 45.091, 45.153, 45.101, 45.266, 45.505, 45.499, 45.185, 45.091, 44.864, 44.728, 44.732, 44.351, 44.317, 44.434, 44.453, 44.523, 44.371, 44.182, 43.952, 43.732, 43.904, 44.029, 44.118, 44.483, 36.877], [36.914, 35.206, 33.942, 32.647, 31.291, 30.003, 28.92, 28.105, 25.728, 21.118, 18.193, 16.141, 10.315, 0.0, 11.654, 22.679, 31.465, 35.286, 35.954, 36.288, 37.836, 40.044, 41.449, 41.774, 42.529, 43.781, 44.5, 44.465, 44.129, 44.173, 44.326, 44.246, 44.623, 44.356, 43.269, 43.171, 43.026, 43.193, 43.386, 43.5, 44.227, 44.624, 44.369, 44.129, 43.775, 43.19, 43.164, 43.223, 43.241, 42.968, 42.743, 42.801, 42.883, 42.834, 42.722, 42.641, 42.622, 42.712, 42.996, 43.3, 43.455, 43.26, 43.031, 43.182, 43.481, 43.953, 43.99, 43.529, 43.348, 43.335, 43.486, 43.689, 43.573, 43.507, 43.652, 43.82, 43.752, 43.587, 43.359, 43.231, 43.131, 43.249, 43.548, 43.662, 43.579, 43.719, 44.062, 44.214, 43.942, 43.867, 43.637, 43.42, 43.337, 42.996, 42.966, 43.071, 43.093, 43.097, 42.947, 42.786, 42.636, 42.434, 42.536, 42.612, 42.733, 43.097, 38.304], [39.688, 38.193, 36.946, 35.867, 34.947, 34.222, 33.918, 33.363, 31.065, 27.084, 24.812, 23.871, 20.002, 11.654, 0.0, 13.669, 25.172, 29.967, 30.916, 31.501, 33.42, 35.997, 37.693, 38.13, 39.141, 40.888, 41.861, 41.849, 41.602, 41.86, 42.217, 42.16, 42.51, 42.27, 41.185, 41.119, 41.099, 41.343, 41.54, 41.616, 42.287, 42.711, 42.529, 42.271, 42.052, 41.708, 41.802, 41.873, 41.789, 41.396, 41.128, 41.161, 41.204, 41.16, 41.046, 40.917, 40.945, 41.084, 41.334, 41.697, 41.862, 41.554, 41.309, 41.514, 41.738, 42.234, 42.42, 41.975, 41.859, 41.706, 41.498, 41.61, 41.454, 41.426, 41.661, 41.837, 41.781, 41.65, 41.406, 41.196, 41.157, 41.26, 41.479, 41.645, 41.509, 41.633, 42.225, 42.608, 42.382, 42.329, 42.065, 41.746, 41.631, 41.368, 41.332, 41.432, 41.466, 41.385, 41.246, 41.11, 41.007, 40.77, 40.76, 40.771, 40.954, 41.363, 40.767], [41.95, 40.719, 39.661, 38.918, 38.449, 38.257, 38.573, 38.267, 36.309, 33.356, 32.039, 31.626, 28.711, 22.679, 13.669, 0.0, 14.241, 20.966, 22.686, 23.92, 26.703, 30.04, 32.201, 32.892, 34.314, 36.733, 38.065, 38.189, 38.123, 38.643, 39.254, 39.179, 39.476, 39.258, 38.192, 38.421, 38.667, 38.972, 39.241, 39.198, 39.631, 40.146, 40.158, 39.882, 39.807, 39.801, 40.043, 40.083, 39.848, 39.345, 39.017, 38.991, 38.935, 38.874, 38.755, 38.536, 38.629, 38.827, 38.998, 39.431, 39.544, 39.051, 38.876, 39.175, 39.256, 39.69, 40.068, 39.706, 39.681, 39.341, 38.694, 38.71, 38.575, 38.589, 38.897, 39.107, 39.112, 39.077, 38.823, 38.452, 38.479, 38.49, 38.554, 38.826, 38.658, 38.775, 39.671, 40.269, 40.076, 40.06, 39.781, 39.314, 39.208, 39.078, 39.128, 39.255, 39.298, 39.065, 38.872, 38.734, 38.658, 38.411, 38.282, 38.166, 38.418, 38.883, 42.759], [43.933, 42.991, 42.22, 41.874, 41.799, 41.986, 42.632, 42.507, 40.946, 38.925, 38.369, 38.175, 35.808, 31.465, 25.172, 14.241, 0.0, 9.678, 13.44, 15.903, 19.816, 23.984, 26.677, 27.802, 29.875, 33.118, 34.926, 35.218, 35.294, 35.983, 36.773, 36.713, 36.985, 36.816, 35.907, 36.603, 37.121, 37.512, 37.907, 37.673, 37.844, 38.414, 38.595, 38.299, 38.265, 38.479, 38.811, 38.829, 38.524, 38.013, 37.701, 37.62, 37.436, 37.333, 37.212, 36.996, 37.153, 37.408, 37.522, 37.981, 38.089, 37.581, 37.566, 37.933, 37.932, 38.275, 38.793, 38.545, 38.643, 38.171, 37.065, 36.961, 36.916, 36.99, 37.298, 37.56, 37.646, 37.702, 37.443, 36.939, 36.902, 36.803, 36.734, 37.094, 36.94, 37.023, 38.143, 38.876, 38.71, 38.729, 38.429, 37.786, 37.689, 37.738, 37.898, 38.061, 38.116, 37.73, 37.46, 37.333, 37.362, 37.264, 37.093, 36.863, 37.128, 37.596, 44.389], [44.658, 43.816, 43.142, 42.99, 43.178, 43.591, 44.42, 44.376, 42.944, 41.306, 41.085, 41.048, 38.967, 35.286, 29.967, 20.966, 9.678, 0.0, 6.407, 11.071, 15.496, 19.866, 22.97, 24.467, 27.076, 30.921, 33.058, 33.426, 33.555, 34.33, 35.163, 35.121, 35.422, 35.258, 34.397, 35.336, 36.106, 36.596, 37.049, 36.724, 36.804, 37.424, 37.68, 37.407, 37.371, 37.633, 38.004, 38.012, 37.687, 37.227, 36.965, 36.841, 36.584, 36.475, 36.38, 36.219, 36.449, 36.752, 36.853, 37.303, 37.446, 36.989, 37.056, 37.443, 37.413, 37.678, 38.242, 38.033, 38.18, 37.694, 36.343, 36.11, 36.127, 36.284, 36.577, 36.84, 36.947, 37.063, 36.821, 36.218, 36.148, 36.058, 35.906, 36.308, 36.141, 36.203, 37.504, 38.342, 38.221, 38.265, 37.898, 37.17, 37.082, 37.194, 37.374, 37.535, 37.576, 37.102, 36.811, 36.707, 36.857, 36.899, 36.709, 36.425, 36.658, 37.115, 44.961], [44.641, 43.826, 43.169, 43.06, 43.341, 43.829, 44.685, 44.633, 43.201, 41.631, 41.512, 41.575, 39.545, 35.954, 30.916, 22.686, 13.44, 6.407, 0.0, 7.228, 13.401, 18.133, 21.412, 23.055, 25.939, 30.021, 32.221, 32.622, 32.92, 33.853, 34.72, 34.654, 34.952, 34.784, 33.929, 34.94, 35.752, 36.22, 36.7, 36.451, 36.588, 37.203, 37.448, 37.191, 37.139, 37.396, 37.766, 37.754, 37.425, 37.0, 36.761, 36.64, 36.378, 36.271, 36.187, 36.026, 36.244, 36.554, 36.673, 37.117, 37.272, 36.814, 36.868, 37.258, 37.242, 37.489, 38.036, 37.839, 37.983, 37.486, 36.155, 35.936, 35.94, 36.085, 36.38, 36.628, 36.715, 36.839, 36.598, 35.996, 35.957, 35.901, 35.748, 36.162, 35.981, 36.031, 37.351, 38.178, 38.069, 38.132, 37.778, 37.049, 36.946, 37.05, 37.223, 37.364, 37.4, 36.915, 36.623, 36.524, 36.685, 36.73, 36.542, 36.265, 36.521, 36.984, 44.899], [44.516, 43.674, 43.058, 43.032, 43.403, 43.965, 44.855, 44.775, 43.355, 41.834, 41.756, 41.851, 39.814, 36.288, 31.501, 23.92, 15.903, 11.071, 7.228, 0.0, 8.66, 15.178, 18.878, 20.622, 23.891, 28.384, 30.75, 31.241, 31.755, 32.914, 33.881, 33.815, 34.133, 33.929, 33.114, 34.272, 35.133, 35.654, 36.179, 36.049, 36.307, 36.939, 37.205, 36.924, 36.799, 37.027, 37.378, 37.343, 36.997, 36.553, 36.32, 36.221, 35.987, 35.891, 35.81, 35.609, 35.794, 36.116, 36.225, 36.648, 36.793, 36.29, 36.337, 36.747, 36.754, 37.076, 37.66, 37.451, 37.604, 37.061, 35.694, 35.467, 35.43, 35.543, 35.905, 36.171, 36.229, 36.361, 36.106, 35.471, 35.486, 35.48, 35.308, 35.725, 35.523, 35.537, 36.862, 37.701, 37.599, 37.701, 37.39, 36.625, 36.51, 36.627, 36.773, 36.905, 36.943, 36.436, 36.164, 36.079, 36.233, 36.266, 36.094, 35.9, 36.241, 36.748, 44.763], [44.747, 43.894, 43.329, 43.451, 43.952, 44.653, 45.735, 45.702, 44.298, 42.892, 42.899, 43.037, 41.114, 37.836, 33.42, 26.703, 19.816, 15.496, 13.401, 8.66, 0.0, 9.049, 14.555, 16.708, 20.55, 25.778, 28.599, 29.328, 30.085, 31.49, 32.587, 32.6, 33.002, 32.76, 31.938, 33.303, 34.388, 35.06, 35.657, 35.546, 35.793, 36.44, 36.77, 36.529, 36.388, 36.585, 36.922, 36.866, 36.5, 36.005, 35.741, 35.641, 35.428, 35.374, 35.317, 35.125, 35.328, 35.661, 35.764, 36.171, 36.317, 35.769, 35.821, 36.274, 36.265, 36.598, 37.214, 37.009, 37.209, 36.671, 35.19, 34.888, 34.849, 34.947, 35.36, 35.649, 35.651, 35.779, 35.52, 34.845, 34.922, 34.944, 34.688, 35.102, 34.893, 34.868, 36.233, 37.148, 37.088, 37.229, 36.947, 36.16, 36.038, 36.201, 36.346, 36.459, 36.487, 35.94, 35.696, 35.654, 35.853, 35.913, 35.72, 35.557, 35.964, 36.531, 44.918], [45.438, 44.691, 44.176, 44.4, 45.016, 45.832, 47.061, 47.088, 45.741, 44.466, 44.538, 44.734, 43.028, 40.044, 35.997, 30.04, 23.984, 19.866, 18.133, 15.178, 9.049, 0.0, 7.754, 11.374, 16.205, 22.31, 25.648, 26.655, 27.855, 29.643, 30.927, 31.116, 31.598, 31.357, 30.795, 32.627, 34.045, 34.911, 35.659, 35.598, 35.831, 36.481, 36.838, 36.67, 36.579, 36.789, 37.132, 37.053, 36.668, 36.192, 35.944, 35.823, 35.607, 35.596, 35.564, 35.384, 35.565, 35.894, 36.001, 36.381, 36.531, 35.966, 36.003, 36.477, 36.448, 36.73, 37.359, 37.191, 37.433, 36.88, 35.331, 35.076, 35.075, 35.117, 35.5, 35.766, 35.728, 35.831, 35.604, 34.984, 35.021, 34.959, 34.58, 34.999, 34.849, 34.853, 36.246, 37.182, 37.134, 37.284, 36.975, 36.074, 35.934, 36.195, 36.36, 36.46, 36.496, 35.961, 35.76, 35.773, 36.065, 36.202, 36.002, 35.854, 36.323, 36.893, 45.478], [45.891, 45.214, 44.715, 44.941, 45.61, 46.464, 47.691, 47.766, 46.529, 45.372, 45.487, 45.718, 44.188, 41.449, 37.693, 32.201, 26.677, 22.97, 21.412, 18.878, 14.555, 7.754, 0.0, 5.949, 12.59, 19.497, 23.144, 24.373, 26.061, 28.199, 29.576, 29.868, 30.431, 30.266, 30.229, 32.678, 34.376, 35.403, 36.286, 36.316, 36.629, 37.277, 37.645, 37.537, 37.447, 37.662, 38.029, 37.958, 37.588, 37.194, 36.999, 36.862, 36.637, 36.627, 36.6, 36.412, 36.52, 36.822, 36.933, 37.256, 37.389, 36.875, 36.911, 37.369, 37.357, 37.631, 38.266, 38.133, 38.373, 37.825, 36.384, 36.177, 36.12, 36.107, 36.438, 36.674, 36.626, 36.714, 36.533, 36.024, 35.985, 35.832, 35.4, 35.769, 35.68, 35.75, 37.119, 38.015, 37.955, 38.068, 37.694, 36.675, 36.519, 36.774, 36.914, 37.019, 37.064, 36.646, 36.493, 36.514, 36.858, 37.08, 36.93, 36.806, 37.276, 37.789, 45.906], [45.852, 45.191, 44.709, 44.975, 45.681, 46.538, 47.753, 47.842, 46.646, 45.52, 45.621, 45.87, 44.42, 41.774, 38.13, 32.892, 27.802, 24.467, 23.055, 20.622, 16.708, 11.374, 5.949, 0.0, 8.235, 16.403, 20.512, 21.879, 23.92, 26.361, 27.81, 28.136, 28.809, 28.766, 29.105, 32.047, 33.955, 35.113, 36.114, 36.195, 36.584, 37.253, 37.642, 37.596, 37.495, 37.71, 38.104, 38.034, 37.677, 37.306, 37.123, 36.987, 36.792, 36.809, 36.78, 36.585, 36.658, 36.959, 37.107, 37.412, 37.519, 37.019, 37.05, 37.506, 37.521, 37.819, 38.488, 38.36, 38.602, 38.095, 36.631, 36.347, 36.254, 36.203, 36.535, 36.774, 36.715, 36.797, 36.623, 36.182, 36.147, 35.972, 35.505, 35.834, 35.747, 35.811, 37.165, 38.075, 38.029, 38.142, 37.741, 36.646, 36.484, 36.727, 36.854, 36.971, 37.012, 36.639, 36.501, 36.525, 36.906, 37.181, 37.053, 36.933, 37.416, 37.946, 45.884], [45.83, 45.153, 44.658, 45.005, 45.815, 46.723, 47.957, 48.025, 46.832, 45.745, 45.84, 46.156, 44.92, 42.529, 39.141, 34.314, 29.875, 27.076, 25.939, 23.891, 20.55, 16.205, 12.59, 8.235, 0.0, 9.581, 14.806, 16.869, 20.104, 23.32, 25.027, 25.487, 26.272, 26.402, 27.308, 30.973, 33.253, 34.567, 35.71, 35.827, 36.249, 36.976, 37.419, 37.492, 37.472, 37.717, 38.146, 38.068, 37.695, 37.323, 37.144, 37.015, 36.867, 36.941, 36.914, 36.71, 36.769, 37.075, 37.254, 37.532, 37.62, 37.078, 37.047, 37.51, 37.551, 37.876, 38.591, 38.47, 38.739, 38.248, 36.71, 36.405, 36.31, 36.211, 36.527, 36.754, 36.685, 36.763, 36.601, 36.202, 36.15, 35.93, 35.448, 35.802, 35.725, 35.789, 37.212, 38.143, 38.093, 38.226, 37.81, 36.648, 36.495, 36.73, 36.841, 36.974, 37.02, 36.661, 36.514, 36.532, 36.931, 37.194, 37.059, 36.954, 37.492, 38.075, 45.886], [46.203, 45.551, 45.074, 45.434, 46.275, 47.213, 48.39, 48.4, 47.236, 46.228, 46.357, 46.754, 45.78, 43.781, 40.888, 36.733, 33.118, 30.921, 30.021, 28.384, 25.778, 22.31, 19.497, 16.403, 9.581, 0.0, 6.857, 11.163, 16.777, 21.054, 23.097, 23.839, 24.647, 24.948, 26.781, 31.273, 33.886, 35.305, 36.499, 36.625, 37.085, 37.82, 38.281, 38.522, 38.621, 38.889, 39.334, 39.267, 38.928, 38.627, 38.491, 38.375, 38.266, 38.378, 38.366, 38.203, 38.246, 38.509, 38.686, 38.911, 39.007, 38.5, 38.398, 38.835, 38.881, 39.128, 39.796, 39.7, 39.955, 39.512, 38.13, 37.886, 37.768, 37.687, 37.984, 38.163, 38.078, 38.156, 38.04, 37.725, 37.632, 37.364, 36.863, 37.21, 37.181, 37.279, 38.586, 39.382, 39.304, 39.409, 38.971, 37.86, 37.771, 37.964, 38.053, 38.184, 38.222, 37.922, 37.774, 37.782, 38.176, 38.426, 38.299, 38.19, 38.716, 39.236, 46.29], [46.626, 45.983, 45.493, 45.796, 46.62, 47.56, 48.648, 48.622, 47.519, 46.576, 46.724, 47.148, 46.302, 44.5, 41.861, 38.065, 34.926, 33.058, 32.221, 30.75, 28.599, 25.648, 23.144, 20.512, 14.806, 6.857, 0.0, 6.833, 14.963, 20.09, 22.337, 23.28, 24.132, 24.581, 27.197, 32.177, 34.83, 36.245, 37.415, 37.551, 38.061, 38.811, 39.249, 39.554, 39.7, 39.97, 40.419, 40.365, 40.063, 39.829, 39.722, 39.606, 39.507, 39.628, 39.639, 39.506, 39.525, 39.759, 39.902, 40.091, 40.202, 39.763, 39.649, 40.02, 40.044, 40.209, 40.821, 40.744, 40.972, 40.566, 39.361, 39.174, 39.026, 38.986, 39.27, 39.415, 39.34, 39.427, 39.353, 39.087, 38.962, 38.694, 38.183, 38.48, 38.492, 38.636, 39.828, 40.506, 40.412, 40.485, 40.011, 38.92, 38.86, 39.02, 39.1, 39.225, 39.254, 39.021, 38.877, 38.863, 39.241, 39.516, 39.423, 39.286, 39.754, 40.175, 46.754], [46.633, 45.977, 45.454, 45.74, 46.558, 47.497, 48.593, 48.571, 47.457, 46.541, 46.717, 47.133, 46.27, 44.465, 41.849, 38.189, 35.218, 33.426, 32.622, 31.241, 29.328, 26.655, 24.373, 21.879, 16.869, 11.163, 6.833, 0.0, 10.199, 16.753, 19.49, 20.912, 22.162, 22.863, 26.248, 31.749, 34.494, 35.983, 37.195, 37.326, 37.852, 38.622, 39.057, 39.385, 39.582, 39.885, 40.357, 40.296, 39.984, 39.771, 39.675, 39.552, 39.445, 39.566, 39.584, 39.435, 39.436, 39.67, 39.779, 39.954, 40.094, 39.714, 39.627, 39.956, 39.961, 40.131, 40.719, 40.637, 40.89, 40.518, 39.35, 39.187, 39.047, 39.012, 39.28, 39.422, 39.341, 39.429, 39.358, 39.064, 38.936, 38.662, 38.11, 38.41, 38.458, 38.618, 39.777, 40.437, 40.36, 40.448, 39.95, 38.81, 38.726, 38.928, 39.001, 39.108, 39.147, 38.916, 38.783, 38.768, 39.144, 39.449, 39.399, 39.276, 39.698, 40.094, 46.771], [46.414, 45.74, 45.224, 45.518, 46.327, 47.276, 48.435, 48.451, 47.284, 46.309, 46.517, 46.949, 45.969, 44.129, 41.602, 38.123, 35.294, 33.555, 32.92, 31.755, 30.085, 27.855, 26.061, 23.92, 20.104, 16.777, 14.963, 10.199, 0.0, 8.518, 12.785, 15.026, 17.052, 18.26, 22.858, 29.484, 32.616, 34.352, 35.739, 35.851, 36.349, 37.142, 37.651, 38.062, 38.377, 38.78, 39.344, 39.293, 38.968, 38.786, 38.714, 38.589, 38.476, 38.598, 38.605, 38.415, 38.435, 38.688, 38.772, 38.975, 39.171, 38.829, 38.764, 39.086, 39.032, 39.241, 39.819, 39.705, 40.017, 39.661, 38.407, 38.199, 38.093, 38.073, 38.311, 38.454, 38.357, 38.445, 38.36, 37.981, 37.833, 37.539, 36.917, 37.269, 37.355, 37.502, 38.63, 39.328, 39.35, 39.499, 38.968, 37.721, 37.566, 37.857, 37.954, 38.057, 38.131, 37.862, 37.746, 37.759, 38.159, 38.531, 38.529, 38.453, 38.884, 39.31, 46.519], [46.362, 45.7, 45.232, 45.528, 46.313, 47.241, 48.376, 48.439, 47.309, 46.315, 46.518, 46.945, 45.934, 44.173, 41.86, 38.643, 35.983, 34.33, 33.853, 32.914, 31.49, 29.643, 28.199, 26.361, 23.32, 21.054, 20.09, 16.753, 8.518, 0.0, 6.262, 10.29, 13.218, 14.908, 20.425, 27.951, 31.392, 33.328, 34.896, 35.038, 35.542, 36.372, 36.957, 37.446, 37.79, 38.24, 38.866, 38.863, 38.573, 38.429, 38.385, 38.257, 38.111, 38.214, 38.217, 38.023, 38.079, 38.352, 38.449, 38.698, 38.919, 38.599, 38.513, 38.78, 38.67, 38.916, 39.462, 39.336, 39.657, 39.295, 38.084, 37.876, 37.789, 37.8, 38.005, 38.107, 37.992, 38.075, 37.99, 37.582, 37.411, 37.158, 36.531, 36.863, 36.953, 37.078, 38.102, 38.766, 38.837, 39.018, 38.51, 37.273, 37.098, 37.404, 37.524, 37.634, 37.725, 37.456, 37.367, 37.388, 37.787, 38.203, 38.251, 38.204, 38.642, 39.067, 46.425], [46.212, 45.573, 45.127, 45.423, 46.188, 47.092, 48.23, 48.332, 47.236, 46.281, 46.495, 46.916, 45.954, 44.326, 42.217, 39.254, 36.773, 35.163, 34.72, 33.881, 32.587, 30.927, 29.576, 27.81, 25.027, 23.097, 22.337, 19.49, 12.785, 6.262, 0.0, 7.058, 11.625, 13.372, 19.143, 27.173, 30.724, 32.781, 34.475, 34.67, 35.286, 36.192, 36.817, 37.333, 37.625, 38.04, 38.652, 38.663, 38.388, 38.236, 38.203, 38.094, 37.934, 38.011, 38.02, 37.853, 37.935, 38.225, 38.354, 38.631, 38.841, 38.554, 38.484, 38.721, 38.618, 38.862, 39.382, 39.261, 39.572, 39.239, 38.075, 37.849, 37.738, 37.756, 37.939, 38.002, 37.873, 37.949, 37.869, 37.494, 37.419, 37.288, 36.724, 37.004, 37.056, 37.163, 38.101, 38.712, 38.763, 38.934, 38.463, 37.353, 37.237, 37.49, 37.615, 37.718, 37.798, 37.535, 37.431, 37.428, 37.768, 38.112, 38.142, 38.092, 38.483, 38.913, 46.216], [45.786, 45.135, 44.656, 44.971, 45.776, 46.723, 47.942, 48.061, 46.948, 46.024, 46.322, 46.792, 45.828, 44.246, 42.16, 39.179, 36.713, 35.121, 34.654, 33.815, 32.6, 31.116, 29.868, 28.136, 25.487, 23.839, 23.28, 20.912, 15.026, 10.29, 7.058, 0.0, 6.35, 9.58, 16.28, 25.088, 28.819, 30.977, 32.839, 33.148, 33.823, 34.84, 35.616, 36.23, 36.595, 37.017, 37.65, 37.677, 37.4, 37.214, 37.155, 37.07, 36.961, 37.066, 37.095, 36.925, 37.03, 37.351, 37.485, 37.79, 38.011, 37.686, 37.609, 37.858, 37.752, 38.016, 38.586, 38.437, 38.718, 38.379, 37.123, 36.819, 36.698, 36.716, 36.905, 36.999, 36.874, 36.94, 36.832, 36.411, 36.43, 36.406, 35.865, 36.187, 36.209, 36.276, 37.276, 37.964, 38.042, 38.23, 37.701, 36.568, 36.462, 36.668, 36.818, 36.94, 37.022, 36.728, 36.585, 36.562, 36.877, 37.182, 37.198, 37.153, 37.567, 38.061, 45.754], [45.974, 45.351, 44.903, 45.23, 46.048, 47.03, 48.264, 48.374, 47.254, 46.314, 46.638, 47.144, 46.196, 44.623, 42.51, 39.476, 36.985, 35.422, 34.952, 34.133, 33.002, 31.598, 30.431, 28.809, 26.272, 24.647, 24.132, 22.162, 17.052, 13.218, 11.625, 6.35, 0.0, 5.975, 14.864, 24.164, 28.06, 30.315, 32.332, 32.841, 33.602, 34.612, 35.4, 36.075, 36.53, 36.993, 37.656, 37.72, 37.454, 37.264, 37.185, 37.102, 37.042, 37.205, 37.263, 37.055, 37.156, 37.486, 37.599, 37.898, 38.109, 37.754, 37.662, 37.909, 37.799, 38.096, 38.682, 38.521, 38.769, 38.399, 37.139, 36.828, 36.71, 36.755, 37.006, 37.112, 36.983, 37.035, 36.897, 36.462, 36.523, 36.555, 36.017, 36.321, 36.349, 36.403, 37.378, 38.047, 38.127, 38.334, 37.825, 36.711, 36.566, 36.753, 36.896, 37.027, 37.122, 36.799, 36.64, 36.628, 36.949, 37.225, 37.222, 37.174, 37.616, 38.099, 45.921], [45.726, 45.07, 44.646, 45.0, 45.841, 46.834, 48.085, 48.198, 47.02, 46.0, 46.292, 46.803, 45.874, 44.356, 42.27, 39.258, 36.816, 35.258, 34.784, 33.929, 32.76, 31.357, 30.266, 28.766, 26.402, 24.948, 24.581, 22.863, 18.26, 14.908, 13.372, 9.58, 5.975, 0.0, 11.668, 22.545, 26.82, 29.278, 31.513, 32.225, 33.255, 34.312, 35.043, 35.609, 36.0, 36.479, 37.136, 37.19, 36.909, 36.682, 36.573, 36.488, 36.442, 36.642, 36.719, 36.482, 36.601, 36.961, 37.072, 37.372, 37.551, 37.17, 37.097, 37.362, 37.253, 37.56, 38.166, 37.992, 38.224, 37.828, 36.488, 36.166, 36.035, 36.068, 36.353, 36.478, 36.364, 36.436, 36.286, 35.867, 36.075, 36.233, 35.767, 36.061, 36.028, 36.037, 36.989, 37.645, 37.692, 37.93, 37.542, 36.578, 36.456, 36.643, 36.781, 36.899, 37.017, 36.606, 36.355, 36.331, 36.603, 36.751, 36.707, 36.67, 37.105, 37.615, 45.688], [44.62, 43.815, 43.382, 43.875, 44.832, 45.887, 47.273, 47.408, 46.099, 44.985, 45.332, 45.861, 44.828, 43.269, 41.185, 38.192, 35.907, 34.397, 33.929, 33.114, 31.938, 30.795, 30.229, 29.105, 27.308, 26.781, 27.197, 26.248, 22.858, 20.425, 19.143, 16.28, 14.864, 11.668, 0.0, 14.047, 20.389, 23.845, 26.909, 28.13, 29.827, 31.308, 32.224, 32.692, 33.068, 33.602, 34.346, 34.431, 34.042, 33.632, 33.448, 33.403, 33.437, 33.687, 33.755, 33.509, 33.745, 34.159, 34.288, 34.753, 35.026, 34.511, 34.456, 34.839, 34.696, 35.004, 35.721, 35.461, 35.676, 35.216, 33.531, 33.1, 32.98, 32.941, 33.231, 33.46, 33.371, 33.509, 33.303, 32.739, 33.232, 33.684, 33.52, 33.975, 33.69, 33.52, 34.676, 35.505, 35.497, 35.815, 35.639, 34.925, 34.841, 35.043, 35.222, 35.318, 35.464, 34.834, 34.381, 34.3, 34.477, 34.382, 34.162, 34.129, 34.642, 35.339, 44.614], [44.361, 43.5, 43.055, 43.621, 44.63, 45.735, 47.201, 47.327, 45.987, 44.878, 45.28, 45.839, 44.768, 43.171, 41.119, 38.421, 36.603, 35.336, 34.94, 34.272, 33.303, 32.627, 32.678, 32.047, 30.973, 31.273, 32.177, 31.749, 29.484, 27.951, 27.173, 25.088, 24.164, 22.545, 14.047, 0.0, 11.149, 17.977, 22.584, 24.893, 27.429, 29.384, 30.412, 30.867, 31.42, 32.04, 32.865, 33.018, 32.569, 32.065, 31.873, 31.892, 32.061, 32.414, 32.477, 32.262, 32.653, 33.075, 33.188, 33.855, 34.195, 33.539, 33.526, 33.97, 33.773, 34.055, 34.8, 34.446, 34.641, 34.218, 32.511, 32.009, 31.881, 31.785, 32.05, 32.336, 32.276, 32.439, 32.182, 31.532, 32.226, 32.871, 32.981, 33.46, 32.939, 32.667, 34.035, 34.942, 34.886, 35.272, 35.228, 34.705, 34.62, 34.787, 34.947, 35.025, 35.178, 34.448, 33.917, 33.782, 33.845, 33.538, 33.198, 33.14, 33.675, 34.508, 44.305], [44.353, 43.471, 43.015, 43.586, 44.54, 45.587, 47.053, 47.213, 45.901, 44.778, 45.167, 45.725, 44.626, 43.026, 41.099, 38.667, 37.121, 36.106, 35.752, 35.133, 34.388, 34.045, 34.376, 33.955, 33.253, 33.886, 34.83, 34.494, 32.616, 31.392, 30.724, 28.819, 28.06, 26.82, 20.389, 11.149, 0.0, 11.378, 18.967, 22.624, 26.002, 28.293, 29.354, 29.758, 30.402, 31.165, 32.063, 32.245, 31.78, 31.235, 31.022, 31.084, 31.341, 31.796, 31.905, 31.652, 32.075, 32.549, 32.668, 33.388, 33.73, 33.056, 33.08, 33.551, 33.362, 33.63, 34.427, 34.058, 34.222, 33.837, 32.113, 31.515, 31.392, 31.262, 31.548, 31.858, 31.801, 31.945, 31.644, 31.009, 31.836, 32.533, 32.71, 33.174, 32.582, 32.293, 33.769, 34.682, 34.644, 35.093, 35.051, 34.523, 34.399, 34.565, 34.731, 34.816, 34.979, 34.19, 33.626, 33.477, 33.465, 33.095, 32.776, 32.715, 33.261, 34.143, 44.223], [44.142, 43.276, 42.881, 43.523, 44.46, 45.489, 46.973, 47.133, 45.882, 44.858, 45.281, 45.83, 44.735, 43.193, 41.343, 38.972, 37.512, 36.596, 36.22, 35.654, 35.06, 34.911, 35.403, 35.113, 34.567, 35.305, 36.245, 35.983, 34.352, 33.328, 32.781, 30.977, 30.315, 29.278, 23.845, 17.977, 11.378, 0.0, 11.959, 18.45, 23.167, 26.072, 27.299, 27.844, 28.854, 29.877, 30.934, 31.221, 30.81, 30.314, 30.167, 30.264, 30.578, 31.104, 31.267, 31.107, 31.618, 32.224, 32.473, 33.287, 33.718, 33.03, 33.087, 33.578, 33.389, 33.63, 34.436, 34.047, 34.195, 33.846, 32.028, 31.308, 31.173, 30.998, 31.322, 31.675, 31.616, 31.712, 31.385, 30.759, 31.697, 32.452, 32.585, 33.02, 32.428, 32.143, 33.662, 34.64, 34.621, 35.099, 35.02, 34.458, 34.306, 34.466, 34.655, 34.736, 34.9, 34.09, 33.507, 33.353, 33.286, 32.899, 32.636, 32.601, 33.104, 34.006, 43.987], [44.275, 43.436, 43.062, 43.666, 44.559, 45.561, 46.992, 47.13, 45.93, 44.982, 45.458, 46.002, 44.901, 43.386, 41.54, 39.241, 37.907, 37.049, 36.7, 36.179, 35.657, 35.659, 36.286, 36.114, 35.71, 36.499, 37.415, 37.195, 35.739, 34.896, 34.475, 32.839, 32.332, 31.513, 26.909, 22.584, 18.967, 11.959, 0.0, 11.209, 19.058, 22.945, 24.306, 25.202, 26.888, 28.264, 29.574, 30.023, 29.72, 29.422, 29.528, 29.712, 30.045, 30.628, 30.802, 30.881, 31.621, 32.26, 32.658, 33.65, 34.257, 33.676, 33.754, 34.201, 33.973, 34.131, 34.926, 34.574, 34.723, 34.426, 32.609, 31.866, 31.752, 31.561, 31.803, 32.11, 32.084, 32.125, 31.788, 31.206, 32.164, 32.895, 33.034, 33.453, 32.85, 32.544, 33.984, 35.017, 35.033, 35.486, 35.387, 34.885, 34.801, 34.968, 35.179, 35.252, 35.394, 34.621, 34.061, 33.893, 33.781, 33.391, 33.145, 33.105, 33.581, 34.466, 44.094], [44.315, 43.507, 43.121, 43.702, 44.593, 45.594, 47.018, 47.18, 46.01, 45.057, 45.53, 46.049, 44.969, 43.5, 41.616, 39.198, 37.673, 36.724, 36.451, 36.049, 35.546, 35.598, 36.316, 36.195, 35.827, 36.625, 37.551, 37.326, 35.851, 35.038, 34.67, 33.148, 32.841, 32.225, 28.13, 24.893, 22.624, 18.45, 11.209, 0.0, 12.074, 18.4, 20.153, 21.373, 23.748, 25.681, 27.372, 28.048, 27.893, 27.801, 28.222, 28.537, 28.836, 29.406, 29.55, 29.908, 30.986, 31.686, 32.13, 33.388, 34.325, 33.849, 33.864, 34.287, 34.023, 34.065, 34.863, 34.601, 34.768, 34.397, 32.469, 31.777, 31.782, 31.608, 31.756, 32.029, 32.017, 32.057, 31.739, 31.168, 32.041, 32.671, 32.747, 33.3, 32.768, 32.506, 34.042, 35.127, 35.125, 35.509, 35.303, 34.751, 34.754, 34.953, 35.202, 35.301, 35.418, 34.671, 34.116, 33.933, 33.833, 33.501, 33.252, 33.137, 33.624, 34.537, 44.136], [44.517, 43.786, 43.444, 44.057, 45.009, 46.087, 47.588, 47.785, 46.621, 45.7, 46.205, 46.714, 45.655, 44.227, 42.287, 39.631, 37.844, 36.804, 36.588, 36.307, 35.793, 35.831, 36.629, 36.584, 36.249, 37.085, 38.061, 37.852, 36.349, 35.542, 35.286, 33.823, 33.602, 33.255, 29.827, 27.429, 26.002, 23.167, 19.058, 12.074, 0.0, 10.055, 13.895, 16.057, 20.104, 22.991, 25.171, 26.169, 26.242, 26.466, 27.194, 27.589, 27.859, 28.42, 28.597, 29.276, 30.669, 31.46, 31.979, 33.424, 34.667, 34.439, 34.425, 34.818, 34.454, 34.398, 35.167, 34.943, 35.124, 34.734, 32.823, 32.156, 32.246, 32.123, 32.184, 32.415, 32.368, 32.375, 32.11, 31.543, 32.208, 32.664, 32.551, 33.089, 32.617, 32.461, 34.066, 35.132, 35.154, 35.515, 35.209, 34.556, 34.576, 34.837, 35.115, 35.233, 35.363, 34.644, 34.172, 34.023, 33.943, 33.761, 33.634, 33.564, 34.135, 35.063, 44.356], [44.788, 44.143, 43.875, 44.439, 45.304, 46.376, 47.883, 48.077, 46.908, 46.011, 46.54, 47.075, 46.055, 44.624, 42.711, 40.146, 38.414, 37.424, 37.203, 36.939, 36.44, 36.481, 37.277, 37.253, 36.976, 37.82, 38.811, 38.622, 37.142, 36.372, 36.192, 34.84, 34.612, 34.312, 31.308, 29.384, 28.293, 26.072, 22.945, 18.4, 10.055, 0.0, 6.84, 12.018, 18.154, 21.708, 24.151, 25.431, 25.643, 26.12, 27.061, 27.5, 27.795, 28.394, 28.656, 29.399, 30.83, 31.63, 32.18, 33.693, 34.966, 34.95, 35.049, 35.461, 35.078, 34.994, 35.704, 35.496, 35.696, 35.376, 33.649, 33.02, 33.096, 32.983, 33.077, 33.276, 33.21, 33.158, 32.918, 32.438, 32.978, 33.351, 33.128, 33.544, 33.16, 33.028, 34.341, 35.242, 35.287, 35.658, 35.326, 34.572, 34.557, 34.896, 35.197, 35.322, 35.48, 34.825, 34.452, 34.356, 34.303, 34.216, 34.198, 34.196, 34.795, 35.678, 44.621], [44.772, 44.143, 43.887, 44.387, 45.157, 46.154, 47.593, 47.775, 46.613, 45.695, 46.225, 46.788, 45.799, 44.369, 42.529, 40.158, 38.595, 37.68, 37.448, 37.205, 36.77, 36.838, 37.645, 37.642, 37.419, 38.281, 39.249, 39.057, 37.651, 36.957, 36.817, 35.616, 35.4, 35.043, 32.224, 30.412, 29.354, 27.299, 24.306, 20.153, 13.895, 6.84, 0.0, 8.83, 16.917, 20.8, 23.414, 24.924, 25.208, 25.787, 26.89, 27.388, 27.754, 28.471, 28.792, 29.546, 30.982, 31.74, 32.307, 33.919, 35.209, 35.226, 35.411, 35.839, 35.509, 35.444, 36.11, 35.888, 36.07, 35.783, 34.18, 33.61, 33.653, 33.527, 33.6, 33.755, 33.719, 33.678, 33.454, 33.052, 33.621, 33.978, 33.752, 34.167, 33.824, 33.681, 34.805, 35.584, 35.623, 35.984, 35.679, 34.959, 34.886, 35.176, 35.477, 35.596, 35.749, 35.114, 34.744, 34.644, 34.587, 34.512, 34.528, 34.503, 35.066, 35.933, 44.603], [44.493, 43.855, 43.581, 44.13, 44.968, 45.992, 47.428, 47.621, 46.477, 45.52, 46.023, 46.574, 45.582, 44.129, 42.271, 39.882, 38.299, 37.407, 37.191, 36.924, 36.529, 36.67, 37.537, 37.596, 37.492, 38.522, 39.554, 39.385, 38.062, 37.446, 37.333, 36.23, 36.075, 35.609, 32.692, 30.867, 29.758, 27.844, 25.202, 21.373, 16.057, 12.018, 8.83, 0.0, 10.689, 16.311, 19.567, 21.495, 21.992, 22.941, 24.432, 25.024, 25.519, 26.489, 26.903, 27.863, 29.499, 30.305, 31.013, 32.908, 34.456, 34.668, 34.991, 35.5, 35.213, 35.164, 35.843, 35.601, 35.776, 35.463, 33.78, 33.202, 33.229, 33.057, 33.093, 33.239, 33.21, 33.216, 32.988, 32.585, 33.241, 33.63, 33.451, 33.869, 33.488, 33.325, 34.447, 35.258, 35.313, 35.722, 35.486, 34.832, 34.749, 34.973, 35.243, 35.33, 35.488, 34.775, 34.349, 34.216, 34.086, 33.958, 34.001, 33.993, 34.57, 35.471, 44.259], [44.064, 43.4, 43.084, 43.72, 44.656, 45.684, 47.112, 47.343, 46.233, 45.272, 45.701, 46.135, 45.15, 43.775, 42.052, 39.807, 38.265, 37.371, 37.139, 36.799, 36.388, 36.579, 37.447, 37.495, 37.472, 38.621, 39.7, 39.582, 38.377, 37.79, 37.625, 36.595, 36.53, 36.0, 33.068, 31.42, 30.402, 28.854, 26.888, 23.748, 20.104, 18.154, 16.917, 10.689, 0.0, 8.456, 13.502, 16.112, 17.378, 19.252, 21.303, 22.066, 22.769, 24.059, 24.594, 25.592, 27.326, 28.208, 29.092, 31.247, 32.995, 33.442, 34.019, 34.581, 34.527, 34.797, 35.57, 35.349, 35.497, 35.2, 33.566, 32.969, 32.984, 32.822, 32.912, 33.107, 33.136, 33.221, 33.005, 32.567, 33.166, 33.533, 33.451, 33.894, 33.445, 33.274, 34.438, 35.301, 35.385, 35.853, 35.66, 35.024, 34.91, 35.024, 35.26, 35.337, 35.481, 34.783, 34.331, 34.163, 33.971, 33.735, 33.735, 33.722, 34.29, 35.207, 43.762], [43.478, 42.773, 42.448, 43.116, 44.049, 45.02, 46.408, 46.668, 45.598, 44.669, 45.095, 45.472, 44.472, 43.19, 41.708, 39.801, 38.479, 37.633, 37.396, 37.027, 36.585, 36.789, 37.662, 37.71, 37.717, 38.889, 39.97, 39.885, 38.78, 38.24, 38.04, 37.017, 36.993, 36.479, 33.602, 32.04, 31.165, 29.877, 28.264, 25.681, 22.991, 21.708, 20.8, 16.311, 8.456, 0.0, 7.18, 11.494, 13.794, 16.746, 19.39, 20.326, 21.191, 22.69, 23.314, 24.388, 26.213, 27.123, 28.137, 30.436, 32.274, 32.856, 33.556, 34.107, 34.156, 34.692, 35.562, 35.354, 35.48, 35.25, 33.723, 33.075, 33.099, 32.99, 33.108, 33.333, 33.381, 33.47, 33.237, 32.771, 33.297, 33.623, 33.605, 34.134, 33.681, 33.48, 34.601, 35.478, 35.596, 36.059, 35.867, 35.285, 35.155, 35.15, 35.337, 35.415, 35.552, 34.904, 34.438, 34.223, 34.033, 33.743, 33.652, 33.634, 34.205, 35.152, 43.153], [43.346, 42.628, 42.321, 43.0, 43.932, 44.887, 46.265, 46.553, 45.516, 44.595, 45.007, 45.377, 44.393, 43.164, 41.802, 40.043, 38.811, 38.004, 37.766, 37.378, 36.922, 37.132, 38.029, 38.104, 38.146, 39.334, 40.419, 40.357, 39.344, 38.866, 38.652, 37.65, 37.656, 37.136, 34.346, 32.865, 32.063, 30.934, 29.574, 27.372, 25.171, 24.151, 23.414, 19.567, 13.502, 7.18, 0.0, 6.489, 10.498, 14.577, 17.806, 18.874, 19.83, 21.495, 22.197, 23.444, 25.419, 26.376, 27.502, 29.958, 31.939, 32.715, 33.528, 34.085, 34.159, 34.762, 35.701, 35.551, 35.702, 35.541, 34.041, 33.34, 33.387, 33.283, 33.393, 33.635, 33.681, 33.762, 33.503, 33.0, 33.514, 33.815, 33.774, 34.325, 33.886, 33.668, 34.696, 35.554, 35.717, 36.171, 35.983, 35.49, 35.394, 35.353, 35.522, 35.594, 35.737, 35.099, 34.614, 34.405, 34.257, 33.958, 33.798, 33.731, 34.293, 35.228, 42.997], [43.259, 42.532, 42.222, 42.897, 43.85, 44.838, 46.254, 46.576, 45.544, 44.629, 45.066, 45.439, 44.446, 43.223, 41.873, 40.083, 38.829, 38.012, 37.754, 37.343, 36.866, 37.053, 37.958, 38.034, 38.068, 39.267, 40.365, 40.296, 39.293, 38.863, 38.663, 37.677, 37.72, 37.19, 34.431, 33.018, 32.245, 31.221, 30.023, 28.048, 26.169, 25.431, 24.924, 21.495, 16.112, 11.494, 6.489, 0.0, 6.234, 12.223, 15.918, 16.981, 17.98, 19.821, 20.612, 21.962, 24.08, 25.086, 26.294, 28.933, 31.08,