[[0.0, 8.409, 15.083, 19.23, 22.796, 24.462, 24.982, 25.999, 27.783, 28.894, 30.24, 31.499, 31.842, 32.627, 33.672, 33.71, 34.414, 34.986, 34.413, 34.128, 35.341, 36.134, 37.273, 38.248, 39.156, 39.678, 39.571, 40.071, 40.082, 39.813, 40.106, 40.735, 39.846, 38.46, 38.681, 38.584, 37.607, 35.64, 34.924, 34.908, 33.79, 33.271, 33.214, 33.469, 33.977, 34.275, 34.56, 35.195, 35.432, 35.822, 35.551, 35.322, 35.395, 34.87, 34.4, 34.122, 33.703, 34.115, 33.998, 33.787, 33.182, 32.875, 33.051, 32.724, 32.526, 33.348, 33.483, 33.392, 33.253, 33.397, 33.441, 33.527, 34.798, 35.441, 34.903, 34.74, 35.429, 35.592, 35.696, 36.004, 36.636, 37.036, 37.432, 38.563, 38.47, 38.518, 39.104, 39.255, 38.796, 38.07, 37.02, 36.906, 35.407, 33.891, 34.235, 35.049, 35.118, 35.219, 35.714, 36.211, 36.932, 36.164, 35.326, 35.222, 35.137, 34.901, 34.806, 34.568, 34.422, 33.554, 32.911, 32.961, 32.978, 33.303, 32.965, 32.564, 32.882, 32.983, 32.808, 32.434, 33.098, 33.975, 33.719, 33.748, 34.009, 7.638], [8.409, 0.0, 8.845, 15.187, 20.018, 22.117, 22.81, 23.978, 25.967, 27.206, 28.753, 30.169, 30.59, 31.595, 32.859, 33.011, 33.862, 34.554, 34.004, 33.735, 35.023, 35.911, 37.17, 38.21, 39.137, 39.673, 39.569, 40.095, 40.118, 39.855, 40.114, 40.72, 39.837, 38.444, 38.662, 38.553, 37.563, 35.526, 34.771, 34.762, 33.619, 33.063, 32.988, 33.232, 33.705, 34.0, 34.29, 34.912, 35.193, 35.617, 35.347, 35.198, 35.409, 34.882, 34.359, 34.041, 33.532, 33.903, 33.794, 33.604, 33.038, 32.688, 32.851, 32.492, 32.237, 33.082, 33.213, 33.106, 32.873, 33.011, 33.112, 33.213, 34.494, 35.122, 34.549, 34.427, 35.15, 35.332, 35.46, 35.771, 36.417, 36.871, 37.352, 38.491, 38.377, 38.453, 39.038, 39.172, 38.696, 37.967, 36.94, 36.873, 35.352, 33.779, 34.128, 34.992, 35.111, 35.23, 35.677, 36.198, 36.928, 36.126, 35.26, 35.108, 34.974, 34.717, 34.579, 34.274, 34.054, 33.18, 32.571, 32.635, 32.696, 33.035, 32.684, 32.303, 32.627, 32.729, 32.562, 32.155, 32.788, 33.653, 33.376, 33.389, 33.662, 13.678], [15.083, 8.845, 0.0, 8.962, 15.852, 18.732, 19.729, 21.119, 23.395, 24.929, 26.879, 28.516, 29.042, 30.273, 31.747, 31.942, 32.872, 33.707, 33.191, 32.947, 34.371, 35.29, 36.612, 37.764, 38.788, 39.33, 39.226, 39.81, 39.853, 39.597, 39.871, 40.511, 39.651, 38.236, 38.432, 38.316, 37.314, 35.2, 34.402, 34.403, 33.213, 32.612, 32.516, 32.774, 33.263, 33.563, 33.871, 34.484, 34.793, 35.244, 34.958, 34.892, 35.235, 34.719, 34.114, 33.71, 33.074, 33.386, 33.301, 33.167, 32.644, 32.298, 32.517, 32.122, 31.829, 32.713, 32.826, 32.697, 32.363, 32.479, 32.586, 32.63, 33.939, 34.58, 33.971, 33.878, 34.652, 34.861, 35.02, 35.346, 36.004, 36.497, 37.029, 38.192, 38.067, 38.127, 38.701, 38.814, 38.326, 37.599, 36.545, 36.468, 34.914, 33.3, 33.663, 34.575, 34.746, 34.874, 35.318, 35.848, 36.576, 35.736, 34.829, 34.683, 34.536, 34.221, 34.034, 33.685, 33.413, 32.522, 31.901, 31.971, 32.081, 32.431, 32.097, 31.739, 32.08, 32.207, 32.038, 31.613, 32.258, 33.129, 32.853, 32.864, 33.111, 18.666], [19.23, 15.187, 8.962, 0.0, 8.812, 13.426, 15.131, 16.912, 19.752, 21.792, 24.427, 26.358, 26.952, 28.349, 30.018, 30.282, 31.339, 32.354, 31.876, 31.7, 33.392, 34.396, 35.782, 37.084, 38.262, 38.835, 38.641, 39.231, 39.293, 39.043, 39.39, 40.143, 39.28, 37.771, 37.91, 37.766, 36.705, 34.48, 33.623, 33.617, 32.358, 31.746, 31.612, 31.883, 32.414, 32.754, 33.105, 33.735, 34.1, 34.581, 34.28, 34.306, 34.793, 34.324, 33.613, 33.017, 32.355, 32.703, 32.657, 32.633, 32.125, 31.801, 32.155, 31.768, 31.438, 32.365, 32.467, 32.303, 31.923, 31.999, 32.005, 31.822, 33.016, 33.631, 32.98, 32.871, 33.733, 34.015, 34.206, 34.542, 35.233, 35.736, 36.242, 37.514, 37.391, 37.442, 38.052, 38.169, 37.691, 36.952, 35.843, 35.795, 34.202, 32.563, 32.975, 33.923, 34.123, 34.229, 34.713, 35.244, 36.03, 35.187, 34.205, 34.084, 33.934, 33.557, 33.334, 32.986, 32.726, 31.777, 31.058, 31.131, 31.275, 31.671, 31.342, 31.025, 31.422, 31.601, 31.473, 31.05, 31.777, 32.691, 32.366, 32.368, 32.561, 21.951], [22.796, 20.018, 15.852, 8.812, 0.0, 6.914, 10.366, 12.88, 16.466, 19.078, 22.451, 24.65, 25.328, 26.876, 28.665, 29.054, 30.253, 31.394, 31.041, 31.07, 32.992, 34.073, 35.504, 36.868, 38.089, 38.705, 38.472, 39.026, 39.094, 38.862, 39.262, 40.1, 39.269, 37.732, 37.8, 37.619, 36.55, 34.344, 33.464, 33.449, 32.209, 31.639, 31.471, 31.657, 32.118, 32.45, 32.816, 33.437, 33.843, 34.318, 34.055, 34.214, 34.827, 34.41, 33.639, 32.918, 32.332, 32.713, 32.714, 32.833, 32.414, 32.122, 32.583, 32.257, 31.907, 32.798, 32.905, 32.74, 32.362, 32.406, 32.328, 31.966, 32.949, 33.443, 32.79, 32.694, 33.572, 33.874, 34.068, 34.378, 35.05, 35.531, 35.965, 37.267, 37.132, 37.15, 37.759, 37.871, 37.427, 36.736, 35.723, 35.737, 34.211, 32.629, 33.03, 33.95, 34.182, 34.276, 34.732, 35.22, 36.013, 35.264, 34.358, 34.27, 34.075, 33.667, 33.457, 33.146, 32.912, 31.98, 31.262, 31.353, 31.496, 31.903, 31.588, 31.316, 31.731, 31.934, 31.853, 31.454, 32.203, 33.086, 32.724, 32.73, 32.895, 24.914], [24.462, 22.117, 18.732, 13.426, 6.914, 0.0, 5.261, 9.445, 13.918, 16.909, 20.795, 23.266, 24.011, 25.587, 27.451, 27.909, 29.224, 30.476, 30.206, 30.437, 32.528, 33.69, 35.208, 36.666, 37.898, 38.558, 38.412, 38.978, 39.035, 38.8, 39.199, 40.022, 39.185, 37.657, 37.691, 37.478, 36.405, 34.177, 33.278, 33.256, 31.995, 31.467, 31.295, 31.404, 31.832, 32.165, 32.551, 33.196, 33.616, 34.093, 33.834, 34.021, 34.668, 34.247, 33.462, 32.77, 32.253, 32.633, 32.655, 32.835, 32.441, 32.14, 32.634, 32.326, 31.984, 32.892, 33.017, 32.839, 32.43, 32.468, 32.394, 32.006, 32.937, 33.388, 32.749, 32.685, 33.568, 33.864, 34.061, 34.371, 35.048, 35.56, 36.008, 37.27, 37.097, 37.088, 37.671, 37.763, 37.319, 36.644, 35.676, 35.709, 34.203, 32.621, 33.002, 33.925, 34.193, 34.33, 34.826, 35.309, 36.09, 35.379, 34.507, 34.399, 34.169, 33.748, 33.522, 33.208, 32.968, 32.043, 31.371, 31.506, 31.634, 32.02, 31.702, 31.438, 31.871, 32.066, 31.955, 31.515, 32.259, 33.139, 32.761, 32.771, 32.962, 26.243], [24.982, 22.81, 19.729, 15.131, 10.366, 5.261, 0.0, 6.021, 11.735, 15.073, 19.305, 22.038, 22.864, 24.459, 26.419, 26.939, 28.353, 29.677, 29.383, 29.698, 31.92, 33.156, 34.774, 36.334, 37.636, 38.322, 38.235, 38.854, 38.914, 38.66, 39.074, 39.9, 39.014, 37.448, 37.496, 37.308, 36.226, 33.943, 33.008, 32.976, 31.662, 31.116, 30.945, 31.049, 31.502, 31.861, 32.282, 32.983, 33.416, 33.908, 33.65, 33.804, 34.431, 33.984, 33.195, 32.513, 31.977, 32.352, 32.367, 32.536, 32.114, 31.754, 32.229, 31.907, 31.568, 32.527, 32.667, 32.472, 32.032, 32.103, 32.069, 31.69, 32.65, 33.13, 32.483, 32.392, 33.273, 33.567, 33.769, 34.09, 34.785, 35.313, 35.781, 37.043, 36.86, 36.866, 37.467, 37.563, 37.108, 36.415, 35.41, 35.438, 33.901, 32.286, 32.682, 33.636, 33.904, 34.078, 34.622, 35.126, 35.925, 35.192, 34.271, 34.143, 33.931, 33.526, 33.302, 32.976, 32.713, 31.76, 31.076, 31.19, 31.328, 31.719, 31.402, 31.116, 31.566, 31.763, 31.628, 31.156, 31.905, 32.814, 32.413, 32.418, 32.627, 26.599], [25.999, 23.978, 21.119, 16.912, 12.88, 9.445, 6.021, 0.0, 7.162, 12.089, 17.342, 20.442, 21.496, 23.425, 25.642, 26.394, 28.029, 29.407, 29.106, 29.516, 31.811, 33.084, 34.761, 36.338, 37.65, 38.342, 38.257, 38.884, 38.957, 38.691, 39.097, 39.914, 39.002, 37.414, 37.461, 37.36, 36.335, 34.107, 33.198, 33.157, 31.824, 31.245, 31.076, 31.177, 31.634, 32.006, 32.442, 33.181, 33.601, 34.075, 33.878, 34.015, 34.542, 34.037, 33.267, 32.558, 31.972, 32.33, 32.301, 32.441, 32.027, 31.648, 32.111, 31.803, 31.485, 32.451, 32.598, 32.424, 32.006, 32.107, 32.133, 31.79, 32.67, 33.122, 32.48, 32.357, 33.209, 33.482, 33.66, 33.962, 34.637, 35.144, 35.627, 36.912, 36.756, 36.776, 37.379, 37.484, 37.032, 36.338, 35.348, 35.407, 33.949, 32.381, 32.764, 33.693, 33.911, 34.052, 34.594, 35.11, 35.91, 35.157, 34.23, 34.112, 33.939, 33.587, 33.399, 33.072, 32.795, 31.851, 31.15, 31.162, 31.282, 31.68, 31.371, 31.07, 31.508, 31.707, 31.586, 31.148, 31.879, 32.799, 32.435, 32.449, 32.676, 27.511], [27.783, 25.967, 23.395, 19.752, 16.466, 13.918, 11.735, 7.162, 0.0, 7.789, 15.14, 18.687, 19.995, 22.615, 25.348, 26.516, 28.397, 29.747, 29.483, 30.01, 32.261, 33.525, 35.197, 36.768, 38.082, 38.759, 38.755, 39.391, 39.475, 39.242, 39.623, 40.398, 39.519, 37.966, 37.98, 37.952, 37.032, 34.961, 34.12, 34.069, 32.784, 32.223, 32.07, 32.163, 32.613, 32.97, 33.378, 34.079, 34.439, 34.862, 34.697, 34.773, 35.142, 34.568, 33.881, 33.249, 32.684, 33.025, 32.979, 33.068, 32.67, 32.289, 32.718, 32.444, 32.145, 33.054, 33.205, 33.083, 32.722, 32.804, 32.863, 32.566, 33.301, 33.691, 33.096, 32.951, 33.728, 33.965, 34.117, 34.381, 35.0, 35.461, 35.958, 37.244, 37.125, 37.16, 37.721, 37.803, 37.364, 36.684, 35.732, 35.841, 34.601, 33.22, 33.508, 34.348, 34.552, 34.714, 35.241, 35.713, 36.479, 35.733, 34.845, 34.746, 34.582, 34.255, 34.063, 33.719, 33.428, 32.536, 31.911, 31.943, 32.06, 32.448, 32.172, 31.88, 32.261, 32.432, 32.316, 31.925, 32.556, 33.436, 33.163, 33.185, 33.424, 29.162], [28.894, 27.206, 24.929, 21.792, 19.078, 16.909, 15.073, 12.089, 7.789, 0.0, 9.411, 14.316, 16.266, 19.979, 23.56, 25.237, 27.519, 28.951, 28.713, 29.544, 31.955, 33.297, 35.033, 36.641, 37.989, 38.717, 38.873, 39.573, 39.63, 39.447, 39.918, 40.696, 39.835, 38.342, 38.305, 38.248, 37.372, 35.402, 34.603, 34.564, 33.307, 32.769, 32.62, 32.708, 33.147, 33.482, 33.868, 34.479, 34.805, 35.25, 35.069, 35.12, 35.453, 34.873, 34.259, 33.73, 33.229, 33.539, 33.506, 33.558, 33.206, 32.804, 33.132, 32.847, 32.542, 33.399, 33.574, 33.479, 33.145, 33.226, 33.285, 32.944, 33.572, 33.961, 33.397, 33.213, 33.956, 34.217, 34.355, 34.606, 35.208, 35.658, 36.179, 37.44, 37.334, 37.406, 37.965, 38.025, 37.602, 36.939, 36.01, 36.167, 35.03, 33.735, 33.972, 34.788, 35.015, 35.171, 35.705, 36.187, 36.917, 36.154, 35.28, 35.172, 34.994, 34.655, 34.449, 34.124, 33.851, 33.005, 32.457, 32.544, 32.673, 33.045, 32.814, 32.536, 32.875, 33.021, 32.888, 32.481, 33.057, 33.871, 33.601, 33.615, 33.876, 30.231], [30.24, 28.753, 26.879, 24.427, 22.451, 20.795, 19.305, 17.342, 15.14, 9.411, 0.0, 7.048, 11.299, 16.421, 20.754, 22.976, 25.839, 27.403, 27.257, 28.687, 31.404, 32.845, 34.638, 36.306, 37.786, 38.656, 38.955, 39.701, 39.727, 39.594, 40.196, 41.004, 40.206, 38.848, 38.775, 38.625, 37.771, 35.927, 35.195, 35.169, 33.951, 33.443, 33.289, 33.392, 33.821, 34.137, 34.506, 35.034, 35.302, 35.743, 35.571, 35.654, 36.005, 35.497, 34.986, 34.552, 34.107, 34.358, 34.295, 34.319, 34.049, 33.678, 33.878, 33.568, 33.285, 34.048, 34.224, 34.164, 33.891, 33.99, 34.003, 33.582, 34.071, 34.448, 33.913, 33.647, 34.306, 34.591, 34.705, 34.949, 35.528, 35.983, 36.528, 37.704, 37.622, 37.715, 38.252, 38.313, 37.916, 37.286, 36.426, 36.637, 35.628, 34.48, 34.715, 35.493, 35.734, 35.92, 36.451, 36.952, 37.634, 36.861, 36.012, 35.876, 35.682, 35.354, 35.162, 34.875, 34.64, 33.864, 33.37, 33.433, 33.513, 33.855, 33.66, 33.37, 33.648, 33.755, 33.637, 33.302, 33.835, 34.56, 34.31, 34.298, 34.565, 31.463], [31.499, 30.169, 28.516, 26.358, 24.65, 23.266, 22.038, 20.442, 18.687, 14.316, 7.048, 0.0, 7.177, 14.451, 19.335, 21.892, 25.032, 26.638, 26.667, 28.508, 31.383, 32.886, 34.692, 36.394, 37.937, 38.871, 39.202, 39.955, 39.991, 39.876, 40.504, 41.352, 40.648, 39.399, 39.287, 39.06, 38.256, 36.568, 35.895, 35.858, 34.696, 34.244, 34.091, 34.169, 34.552, 34.853, 35.192, 35.658, 35.912, 36.323, 36.16, 36.292, 36.654, 36.2, 35.741, 35.363, 34.953, 35.185, 35.12, 35.132, 34.921, 34.599, 34.766, 34.48, 34.231, 34.909, 35.067, 35.022, 34.791, 34.874, 34.795, 34.264, 34.624, 34.971, 34.47, 34.172, 34.751, 35.036, 35.139, 35.373, 35.917, 36.359, 36.904, 37.992, 37.893, 37.966, 38.474, 38.533, 38.147, 37.537, 36.79, 37.09, 36.241, 35.275, 35.499, 36.212, 36.487, 36.74, 37.24, 37.694, 38.329, 37.606, 36.802, 36.636, 36.441, 36.154, 35.975, 35.693, 35.454, 34.741, 34.273, 34.27, 34.305, 34.622, 34.455, 34.191, 34.436, 34.518, 34.442, 34.209, 34.709, 35.387, 35.194, 35.171, 35.412, 32.601], [31.842, 30.59, 29.042, 26.952, 25.328, 24.011, 22.864, 21.496, 19.995, 16.266, 11.299, 7.177, 0.0, 9.932, 16.651, 19.858, 23.363, 25.116, 25.257, 27.442, 30.553, 32.137, 33.994, 35.801, 37.448, 38.456, 38.828, 39.598, 39.649, 39.551, 40.232, 41.205, 40.59, 39.336, 39.186, 38.932, 38.161, 36.532, 35.876, 35.827, 34.695, 34.263, 34.104, 34.163, 34.525, 34.832, 35.147, 35.615, 35.904, 36.307, 36.136, 36.303, 36.686, 36.241, 35.761, 35.408, 35.049, 35.286, 35.205, 35.201, 34.991, 34.628, 34.783, 34.5, 34.267, 34.926, 35.064, 35.017, 34.813, 34.89, 34.749, 34.152, 34.471, 34.806, 34.315, 34.019, 34.58, 34.862, 34.967, 35.211, 35.75, 36.181, 36.701, 37.756, 37.621, 37.653, 38.13, 38.184, 37.797, 37.189, 36.523, 36.91, 36.105, 35.185, 35.412, 36.109, 36.426, 36.713, 37.182, 37.61, 38.248, 37.56, 36.753, 36.583, 36.409, 36.143, 35.968, 35.675, 35.428, 34.72, 34.231, 34.192, 34.229, 34.566, 34.391, 34.124, 34.377, 34.453, 34.39, 34.207, 34.747, 35.44, 35.252, 35.212, 35.411, 32.906], [32.627, 31.595, 30.273, 28.349, 26.876, 25.587, 24.459, 23.425, 22.615, 19.979, 16.421, 14.451, 9.932, 0.0, 9.224, 14.656, 19.63, 21.869, 22.211, 25.221, 28.983, 30.752, 32.724, 34.708, 36.541, 37.697, 38.163, 38.992, 39.045, 38.977, 39.793, 40.969, 40.414, 39.134, 39.018, 38.722, 37.925, 36.295, 35.626, 35.57, 34.423, 33.995, 33.817, 33.856, 34.224, 34.552, 34.885, 35.414, 35.722, 36.115, 35.953, 36.169, 36.583, 36.132, 35.648, 35.307, 34.983, 35.245, 35.16, 35.177, 34.939, 34.553, 34.743, 34.436, 34.214, 34.877, 34.971, 34.914, 34.733, 34.82, 34.627, 33.927, 34.178, 34.512, 34.016, 33.698, 34.275, 34.549, 34.665, 34.925, 35.476, 35.919, 36.384, 37.391, 37.238, 37.251, 37.71, 37.789, 37.416, 36.808, 36.162, 36.603, 35.78, 34.829, 35.093, 35.775, 36.1, 36.414, 36.867, 37.304, 37.982, 37.274, 36.423, 36.314, 36.252, 36.029, 35.87, 35.573, 35.347, 34.617, 34.048, 33.968, 34.004, 34.368, 34.151, 33.818, 34.081, 34.168, 34.101, 33.951, 34.53, 35.264, 35.078, 35.011, 35.186, 33.534], [33.672, 32.859, 31.747, 30.018, 28.665, 27.451, 26.419, 25.642, 25.348, 23.56, 20.754, 19.335, 16.651, 9.224, 0.0, 8.727, 16.533, 19.638, 20.336, 23.995, 28.141, 30.056, 32.118, 34.169, 36.112, 37.387, 37.925, 38.796, 38.855, 38.782, 39.644, 40.89, 40.365, 39.126, 39.042, 38.739, 37.976, 36.397, 35.712, 35.658, 34.527, 34.107, 33.927, 33.949, 34.308, 34.624, 34.982, 35.576, 35.882, 36.246, 36.117, 36.388, 36.842, 36.44, 35.957, 35.569, 35.26, 35.533, 35.462, 35.551, 35.284, 34.956, 35.207, 34.913, 34.702, 35.348, 35.397, 35.314, 35.119, 35.199, 34.992, 34.289, 34.528, 34.854, 34.326, 33.984, 34.544, 34.772, 34.875, 35.12, 35.633, 36.081, 36.519, 37.489, 37.327, 37.301, 37.75, 37.883, 37.55, 36.974, 36.313, 36.723, 35.932, 35.038, 35.391, 36.07, 36.366, 36.631, 36.99, 37.419, 38.086, 37.366, 36.525, 36.447, 36.457, 36.274, 36.123, 35.817, 35.596, 34.868, 34.264, 34.152, 34.174, 34.53, 34.3, 33.933, 34.174, 34.265, 34.225, 34.164, 34.736, 35.478, 35.33, 35.249, 35.373, 34.372], [33.71, 33.011, 31.942, 30.282, 29.054, 27.909, 26.939, 26.394, 26.516, 25.237, 22.976, 21.892, 19.858, 14.656, 8.727, 0.0, 10.3, 15.604, 17.157, 21.083, 25.555, 27.543, 29.832, 32.202, 34.479, 35.958, 36.574, 37.578, 37.693, 37.597, 38.504, 39.891, 39.49, 38.352, 38.266, 37.955, 37.324, 35.758, 35.006, 34.958, 33.944, 33.637, 33.464, 33.521, 33.904, 34.212, 34.582, 35.232, 35.563, 35.892, 35.733, 36.042, 36.569, 36.199, 35.66, 35.211, 34.954, 35.271, 35.208, 35.289, 35.005, 34.707, 35.002, 34.706, 34.502, 35.212, 35.231, 35.12, 34.897, 34.937, 34.682, 33.97, 34.32, 34.681, 34.096, 33.732, 34.324, 34.544, 34.654, 34.921, 35.447, 35.892, 36.286, 37.218, 37.031, 36.975, 37.401, 37.5, 37.162, 36.623, 35.947, 36.339, 35.581, 34.755, 35.189, 35.905, 36.178, 36.441, 36.678, 37.072, 37.756, 36.987, 36.13, 35.998, 35.969, 35.777, 35.632, 35.327, 35.074, 34.351, 33.771, 33.654, 33.657, 34.005, 33.763, 33.394, 33.657, 33.73, 33.714, 33.719, 34.382, 35.193, 35.075, 35.011, 35.075, 34.287], [34.414, 33.862, 32.872, 31.339, 30.253, 29.224, 28.353, 28.029, 28.397, 27.519, 25.839, 25.032, 23.363, 19.63, 16.533, 10.3, 0.0, 8.384, 12.508, 16.954, 21.752, 23.702, 26.22, 29.008, 31.716, 33.485, 34.298, 35.562, 35.779, 35.7, 36.698, 38.378, 38.283, 37.401, 37.276, 36.816, 36.355, 35.027, 34.369, 34.322, 33.612, 33.615, 33.444, 33.539, 33.945, 34.258, 34.621, 35.21, 35.545, 35.836, 35.613, 35.988, 36.656, 36.347, 35.731, 35.263, 35.147, 35.513, 35.49, 35.54, 35.279, 34.992, 35.249, 34.97, 34.765, 35.48, 35.492, 35.381, 35.166, 35.136, 34.734, 33.87, 34.196, 34.573, 34.0, 33.635, 34.277, 34.571, 34.696, 34.964, 35.502, 35.925, 36.227, 37.046, 36.842, 36.815, 37.228, 37.228, 36.844, 36.313, 35.689, 36.159, 35.586, 34.92, 35.35, 36.063, 36.356, 36.738, 36.923, 37.236, 37.935, 37.175, 36.325, 36.129, 36.009, 35.768, 35.627, 35.368, 35.111, 34.418, 33.914, 33.782, 33.703, 34.006, 33.782, 33.451, 33.736, 33.763, 33.745, 33.846, 34.605, 35.384, 35.274, 35.244, 35.251, 34.815], [34.986, 34.554, 33.707, 32.354, 31.394, 30.476, 29.677, 29.407, 29.747, 28.951, 27.403, 26.638, 25.116, 21.869, 19.638, 15.604, 8.384, 0.0, 7.327, 14.537, 19.965, 21.862, 24.397, 27.27, 30.143, 32.086, 33.142, 34.574, 34.817, 34.825, 36.012, 37.871, 37.883, 37.07, 36.826, 36.164, 35.66, 34.52, 34.058, 33.979, 33.359, 33.527, 33.379, 33.496, 33.912, 34.239, 34.593, 35.09, 35.416, 35.707, 35.466, 35.924, 36.691, 36.431, 35.789, 35.369, 35.354, 35.714, 35.678, 35.726, 35.472, 35.169, 35.366, 35.085, 34.849, 35.511, 35.501, 35.398, 35.259, 35.198, 34.673, 33.702, 33.975, 34.398, 33.878, 33.512, 34.121, 34.414, 34.529, 34.768, 35.27, 35.671, 35.961, 36.776, 36.587, 36.548, 36.954, 36.956, 36.583, 36.028, 35.487, 36.095, 35.675, 35.08, 35.482, 36.161, 36.491, 36.945, 37.158, 37.487, 38.155, 37.395, 36.561, 36.361, 36.245, 36.007, 35.872, 35.633, 35.402, 34.709, 34.192, 33.996, 33.879, 34.14, 33.91, 33.595, 33.843, 33.876, 33.912, 34.087, 34.833, 35.565, 35.453, 35.429, 35.471, 35.251], [34.413, 34.004, 33.191, 31.876, 31.041, 30.206, 29.383, 29.106, 29.483, 28.713, 27.257, 26.667, 25.257, 22.211, 20.336, 17.157, 12.508, 7.327, 0.0, 10.956, 18.119, 20.27, 23.006, 26.232, 29.319, 31.306, 32.467, 33.989, 34.212, 34.263, 35.598, 37.52, 37.442, 36.527, 36.323, 35.71, 35.147, 33.853, 33.325, 33.273, 32.646, 32.739, 32.582, 32.749, 33.188, 33.52, 33.898, 34.434, 34.748, 35.054, 34.816, 35.243, 36.001, 35.726, 35.073, 34.636, 34.604, 34.979, 34.928, 34.958, 34.682, 34.328, 34.523, 34.196, 33.931, 34.639, 34.632, 34.527, 34.379, 34.321, 33.802, 32.845, 33.22, 33.719, 33.178, 32.806, 33.455, 33.726, 33.866, 34.157, 34.668, 35.091, 35.494, 36.45, 36.258, 36.179, 36.571, 36.612, 36.253, 35.67, 35.049, 35.635, 35.104, 34.393, 34.836, 35.551, 35.857, 36.271, 36.545, 36.981, 37.671, 36.84, 35.944, 35.755, 35.676, 35.434, 35.28, 35.014, 34.785, 34.041, 33.489, 33.304, 33.253, 33.545, 33.275, 32.889, 33.105, 33.184, 33.241, 33.302, 34.006, 34.828, 34.707, 34.675, 34.769, 34.674], [34.128, 33.735, 32.947, 31.7, 31.07, 30.437, 29.698, 29.516, 30.01, 29.544, 28.687, 28.508, 27.442, 25.221, 23.995, 21.083, 16.954, 14.537, 10.956, 0.0, 9.573, 13.179, 16.344, 20.442, 24.407, 26.761, 28.114, 30.019, 30.324, 30.414, 31.98, 34.225, 34.299, 33.584, 33.712, 33.315, 33.017, 31.94, 31.525, 31.64, 31.722, 32.224, 32.095, 32.402, 32.944, 33.265, 33.63, 34.183, 34.487, 34.778, 34.515, 34.841, 35.513, 35.217, 34.568, 34.014, 33.906, 34.353, 34.334, 34.365, 34.105, 33.754, 33.937, 33.614, 33.345, 34.124, 34.163, 34.049, 33.86, 33.813, 33.335, 32.458, 32.971, 33.507, 32.949, 32.604, 33.291, 33.516, 33.691, 34.047, 34.589, 35.003, 35.346, 36.257, 36.083, 36.042, 36.449, 36.487, 36.133, 35.528, 34.779, 35.231, 34.57, 33.858, 34.421, 35.211, 35.536, 35.824, 36.024, 36.49, 37.238, 36.431, 35.465, 35.223, 35.106, 34.819, 34.617, 34.321, 34.082, 33.347, 32.847, 32.751, 32.723, 33.024, 32.796, 32.431, 32.668, 32.76, 32.764, 32.67, 33.376, 34.234, 34.104, 34.086, 34.101, 34.412], [35.341, 35.023, 34.371, 33.392, 32.992, 32.528, 31.92, 31.811, 32.261, 31.955, 31.404, 31.383, 30.553, 28.983, 28.141, 25.555, 21.752, 19.965, 18.119, 9.573, 0.0, 6.215, 10.981, 15.508, 19.983, 22.692, 24.485, 26.838, 27.259, 27.439, 29.097, 31.448, 31.763, 31.403, 31.857, 31.817, 31.945, 31.467, 31.397, 31.607, 32.377, 33.374, 33.327, 33.66, 34.205, 34.501, 34.822, 35.33, 35.633, 35.877, 35.609, 35.848, 36.362, 36.059, 35.506, 34.968, 34.874, 35.337, 35.309, 35.342, 35.119, 34.852, 34.991, 34.721, 34.501, 35.21, 35.275, 35.143, 34.969, 34.93, 34.479, 33.727, 34.235, 34.721, 34.225, 33.98, 34.609, 34.731, 34.855, 35.195, 35.706, 36.064, 36.275, 37.044, 36.926, 36.896, 37.271, 37.275, 36.931, 36.345, 35.622, 36.019, 35.421, 34.867, 35.413, 36.156, 36.48, 36.657, 36.743, 37.14, 37.855, 37.156, 36.253, 36.012, 35.89, 35.602, 35.401, 35.128, 34.898, 34.254, 33.88, 33.848, 33.753, 33.994, 33.828, 33.544, 33.765, 33.82, 33.781, 33.676, 34.356, 35.12, 35.021, 35.044, 34.937, 35.512], [36.134, 35.911, 35.29, 34.396, 34.073, 33.69, 33.156, 33.084, 33.525, 33.297, 32.845, 32.886, 32.137, 30.752, 30.056, 27.543, 23.702, 21.862, 20.27, 13.179, 6.215, 0.0, 7.309, 13.416, 18.245, 21.085, 23.211, 25.831, 26.32, 26.616, 28.401, 30.874, 31.363, 31.184, 31.783, 31.939, 32.206, 31.886, 31.878, 32.092, 32.945, 34.024, 34.02, 34.357, 34.865, 35.14, 35.436, 35.909, 36.212, 36.444, 36.173, 36.379, 36.836, 36.549, 36.028, 35.48, 35.374, 35.833, 35.792, 35.814, 35.61, 35.372, 35.502, 35.256, 35.072, 35.749, 35.825, 35.702, 35.544, 35.507, 35.039, 34.322, 34.838, 35.283, 34.801, 34.592, 35.198, 35.278, 35.381, 35.71, 36.18, 36.517, 36.702, 37.483, 37.43, 37.386, 37.726, 37.709, 37.362, 36.784, 36.094, 36.513, 35.987, 35.473, 35.943, 36.645, 36.97, 37.14, 37.227, 37.617, 38.306, 37.642, 36.768, 36.512, 36.366, 36.08, 35.89, 35.617, 35.376, 34.777, 34.458, 34.406, 34.279, 34.499, 34.324, 34.052, 34.254, 34.284, 34.226, 34.149, 34.851, 35.602, 35.53, 35.577, 35.435, 36.137], [37.273, 37.17, 36.612, 35.782, 35.504, 35.208, 34.774, 34.761, 35.197, 35.033, 34.638, 34.692, 33.994, 32.724, 32.118, 29.832, 26.22, 24.397, 23.006, 16.344, 10.981, 7.309, 0.0, 8.436, 15.037, 18.321, 20.886, 23.94, 24.534, 24.96, 27.043, 29.965, 30.831, 30.942, 31.705, 31.911, 32.274, 32.268, 32.461, 32.733, 33.903, 35.115, 35.124, 35.493, 35.961, 36.205, 36.438, 36.803, 37.062, 37.285, 37.036, 37.253, 37.693, 37.473, 36.999, 36.458, 36.329, 36.791, 36.799, 36.858, 36.705, 36.55, 36.64, 36.413, 36.249, 36.829, 36.904, 36.764, 36.581, 36.515, 36.005, 35.314, 35.833, 36.24, 35.787, 35.599, 36.149, 36.197, 36.287, 36.57, 36.983, 37.328, 37.519, 38.252, 38.278, 38.233, 38.539, 38.524, 38.221, 37.684, 37.023, 37.402, 36.912, 36.417, 36.857, 37.499, 37.791, 37.976, 38.021, 38.353, 39.013, 38.431, 37.63, 37.399, 37.263, 36.993, 36.807, 36.565, 36.363, 35.843, 35.575, 35.501, 35.324, 35.508, 35.347, 35.133, 35.303, 35.315, 35.331, 35.384, 36.052, 36.711, 36.62, 36.643, 36.453, 37.18], [38.248, 38.21, 37.764, 37.084, 36.868, 36.666, 36.334, 36.338, 36.768, 36.641, 36.306, 36.394, 35.801, 34.708, 34.169, 32.202, 29.008, 27.27, 26.232, 20.442, 15.508, 13.416, 8.436, 0.0, 8.923, 13.755, 16.982, 20.616, 21.398, 21.979, 24.602, 28.332, 29.684, 29.992, 30.794, 31.076, 31.625, 31.976, 32.466, 32.819, 34.412, 35.93, 35.971, 36.371, 36.843, 37.118, 37.327, 37.615, 37.878, 38.119, 37.923, 38.226, 38.695, 38.486, 38.048, 37.572, 37.428, 37.862, 37.877, 37.952, 37.854, 37.74, 37.743, 37.522, 37.36, 37.83, 37.912, 37.758, 37.558, 37.495, 36.985, 36.298, 36.802, 37.197, 36.761, 36.645, 37.184, 37.197, 37.265, 37.512, 37.882, 38.242, 38.419, 38.994, 39.045, 39.033, 39.353, 39.337, 39.047, 38.551, 37.968, 38.332, 37.875, 37.376, 37.798, 38.425, 38.646, 38.755, 38.752, 39.005, 39.618, 39.122, 38.411, 38.221, 38.129, 37.896, 37.733, 37.533, 37.385, 36.908, 36.635, 36.565, 36.358, 36.468, 36.347, 36.245, 36.4, 36.41, 36.502, 36.685, 37.306, 37.862, 37.741, 37.73, 37.518, 38.126], [39.156, 39.137, 38.788, 38.262, 38.089, 37.898, 37.636, 37.65, 38.082, 37.989, 37.786, 37.937, 37.448, 36.541, 36.112, 34.479, 31.716, 30.143, 29.319, 24.407, 19.983, 18.245, 15.037, 8.923, 0.0, 7.241, 12.825, 17.189, 18.092, 18.989, 22.09, 26.554, 28.407, 28.767, 29.565, 30.184, 30.983, 31.608, 32.374, 32.806, 34.765, 36.578, 36.679, 37.09, 37.567, 37.893, 38.108, 38.342, 38.61, 38.874, 38.756, 39.157, 39.636, 39.402, 38.976, 38.534, 38.407, 38.793, 38.787, 38.872, 38.785, 38.64, 38.605, 38.41, 38.233, 38.605, 38.701, 38.535, 38.317, 38.265, 37.81, 37.198, 37.674, 38.024, 37.602, 37.637, 38.204, 38.16, 38.196, 38.424, 38.761, 39.123, 39.292, 39.736, 39.794, 39.833, 40.167, 40.155, 39.845, 39.362, 38.868, 39.227, 38.757, 38.176, 38.485, 39.125, 39.372, 39.418, 39.485, 39.729, 40.287, 39.86, 39.245, 39.074, 38.968, 38.719, 38.553, 38.374, 38.255, 37.793, 37.502, 37.448, 37.238, 37.291, 37.208, 37.158, 37.305, 37.323, 37.415, 37.641, 38.255, 38.751, 38.617, 38.612, 38.427, 39.034], [39.678, 39.673, 39.33, 38.835, 38.705, 38.558, 38.322, 38.342, 38.759, 38.717, 38.656, 38.871, 38.456, 37.697, 37.387, 35.958, 33.485, 32.086, 31.306, 26.761, 22.692, 21.085, 18.321, 13.755, 7.241, 0.0, 9.211, 15.008, 15.903, 16.98, 20.486, 25.45, 27.644, 27.983, 28.911, 29.976, 30.908, 31.676, 32.602, 33.073, 35.176, 37.069, 37.187, 37.567, 37.977, 38.31, 38.564, 38.769, 39.011, 39.292, 39.239, 39.685, 40.146, 39.924, 39.521, 39.103, 38.989, 39.366, 39.365, 39.435, 39.32, 39.143, 39.107, 38.949, 38.744, 39.034, 39.126, 38.983, 38.761, 38.667, 38.215, 37.683, 38.145, 38.452, 38.057, 38.182, 38.766, 38.683, 38.722, 38.957, 39.288, 39.685, 39.93, 40.376, 40.435, 40.436, 40.721, 40.722, 40.421, 39.925, 39.366, 39.653, 39.212, 38.631, 38.86, 39.485, 39.704, 39.744, 39.91, 40.174, 40.722, 40.332, 39.747, 39.61, 39.499, 39.202, 39.014, 38.842, 38.726, 38.28, 37.995, 37.94, 37.728, 37.765, 37.697, 37.631, 37.756, 37.793, 37.921, 38.202, 38.796, 39.279, 39.155, 39.141, 38.986, 39.551], [39.571, 39.569, 39.226, 38.641, 38.472, 38.412, 38.235, 38.257, 38.755, 38.873, 38.955, 39.202, 38.828, 38.163, 37.925, 36.574, 34.298, 33.142, 32.467, 28.114, 24.485, 23.211, 20.886, 16.982, 12.825, 9.211, 0.0, 7.891, 9.726, 10.886, 15.829, 22.31, 25.182, 25.824, 27.188, 28.608, 29.696, 30.704, 31.838, 32.38, 34.635, 36.607, 36.722, 37.083, 37.44, 37.781, 38.084, 38.346, 38.665, 38.973, 38.921, 39.431, 39.937, 39.726, 39.329, 38.856, 38.682, 39.108, 39.1, 39.128, 39.027, 38.877, 38.866, 38.696, 38.478, 38.764, 38.845, 38.736, 38.528, 38.412, 37.915, 37.324, 37.796, 38.128, 37.734, 37.902, 38.557, 38.505, 38.549, 38.783, 39.135, 39.559, 39.802, 40.233, 40.29, 40.277, 40.573, 40.596, 40.301, 39.775, 39.152, 39.456, 39.057, 38.56, 38.829, 39.433, 39.646, 39.687, 39.851, 40.102, 40.673, 40.287, 39.681, 39.524, 39.388, 39.057, 38.847, 38.665, 38.552, 38.117, 37.826, 37.709, 37.469, 37.497, 37.409, 37.382, 37.517, 37.582, 37.775, 38.118, 38.723, 39.216, 39.047, 38.971, 38.807, 39.418], [40.071, 40.095, 39.81, 39.231, 39.026, 38.978, 38.854, 38.884, 39.391, 39.573, 39.701, 39.955, 39.598, 38.992, 38.796, 37.578, 35.562, 34.574, 33.989, 30.019, 26.838, 25.831, 23.94, 20.616, 17.189, 15.008, 7.891, 0.0, 3.841, 6.062, 12.11, 20.098, 23.708, 24.576, 26.256, 28.005, 29.169, 30.364, 31.683, 32.287, 34.665, 36.68, 36.788, 37.154, 37.507, 37.859, 38.168, 38.554, 39.031, 39.364, 39.313, 39.839, 40.352, 40.179, 39.837, 39.365, 39.185, 39.608, 39.591, 39.629, 39.553, 39.436, 39.437, 39.266, 39.064, 39.327, 39.386, 39.28, 39.1, 38.968, 38.456, 37.854, 38.307, 38.638, 38.267, 38.429, 39.066, 39.02, 39.04, 39.251, 39.587, 39.987, 40.237, 40.692, 40.732, 40.674, 40.95, 40.986, 40.715, 40.222, 39.669, 40.011, 39.642, 39.189, 39.456, 40.018, 40.195, 40.184, 40.346, 40.583, 41.135, 40.754, 40.191, 40.056, 39.952, 39.652, 39.445, 39.279, 39.194, 38.779, 38.487, 38.326, 38.037, 38.037, 37.927, 37.917, 38.046, 38.116, 38.346, 38.709, 39.282, 39.739, 39.554, 39.44, 39.284, 39.889], [40.082, 40.118, 39.853, 39.293, 39.094, 39.035, 38.914, 38.957, 39.475, 39.63, 39.727, 39.991, 39.649, 39.045, 38.855, 37.693, 35.779, 34.817, 34.212, 30.324, 27.259, 26.32, 24.534, 21.398, 18.092, 15.903, 9.726, 3.841, 0.0, 4.474, 11.441, 19.612, 23.338, 24.183, 25.916, 27.832, 29.046, 30.208, 31.501, 32.115, 34.515, 36.544, 36.649, 37.015, 37.367, 37.729, 38.048, 38.44, 38.964, 39.344, 39.312, 39.836, 40.332, 40.157, 39.831, 39.383, 39.221, 39.649, 39.64, 39.679, 39.594, 39.47, 39.474, 39.298, 39.101, 39.36, 39.415, 39.311, 39.131, 38.982, 38.471, 37.86, 38.283, 38.602, 38.243, 38.415, 39.046, 38.99, 39.019, 39.249, 39.588, 39.985, 40.247, 40.727, 40.776, 40.705, 40.967, 41.013, 40.762, 40.282, 39.726, 40.043, 39.652, 39.192, 39.477, 40.052, 40.212, 40.193, 40.392, 40.644, 41.197, 40.818, 40.265, 40.143, 40.06, 39.765, 39.555, 39.396, 39.322, 38.893, 38.584, 38.426, 38.139, 38.136, 38.015, 37.985, 38.104, 38.184, 38.421, 38.783, 39.351, 39.804, 39.618, 39.5, 39.359, 39.891], [39.813, 39.855, 39.597, 39.043, 38.862, 38.8, 38.66, 38.691, 39.242, 39.447, 39.594, 39.876, 39.551, 38.977, 38.782, 37.597, 35.7, 34.825, 34.263, 30.414, 27.439, 26.616, 24.96, 21.979, 18.989, 16.98, 10.886, 6.062, 4.474, 0.0, 8.528, 17.92, 22.08, 22.982, 24.845, 26.931, 28.273, 29.454, 30.797, 31.462, 33.934, 36.017, 36.129, 36.502, 36.88, 37.251, 37.595, 38.056, 38.617, 39.007, 39.005, 39.582, 40.099, 39.899, 39.564, 39.107, 38.905, 39.332, 39.314, 39.321, 39.227, 39.098, 39.115, 38.945, 38.75, 39.019, 39.071, 38.971, 38.781, 38.634, 38.145, 37.562, 38.025, 38.355, 37.986, 38.151, 38.783, 38.731, 38.769, 39.002, 39.355, 39.765, 40.037, 40.522, 40.569, 40.499, 40.764, 40.814, 40.565, 40.064, 39.472, 39.782, 39.357, 38.899, 39.241, 39.863, 40.023, 39.971, 40.19, 40.454, 41.005, 40.606, 40.04, 39.904, 39.818, 39.514, 39.302, 39.146, 39.071, 38.62, 38.287, 38.121, 37.832, 37.83, 37.697, 37.658, 37.782, 37.874, 38.11, 38.454, 39.04, 39.509, 39.312, 39.207, 39.082, 39.621], [40.106, 40.114, 39.871, 39.39, 39.262, 39.199, 39.074, 39.097, 39.623, 39.918, 40.196, 40.504, 40.232, 39.793, 39.644, 38.504, 36.698, 36.012, 35.598, 31.98, 29.097, 28.401, 27.043, 24.602, 22.09, 20.486, 15.829, 12.11, 11.441, 8.528, 0.0, 11.868, 18.021, 19.733, 22.134, 24.792, 26.649, 28.273, 29.883, 30.67, 33.466, 35.807, 35.97, 36.388, 36.854, 37.25, 37.589, 38.135, 38.791, 39.162, 39.16, 39.813, 40.37, 40.188, 39.896, 39.44, 39.208, 39.619, 39.581, 39.561, 39.493, 39.381, 39.387, 39.243, 39.078, 39.319, 39.372, 39.271, 39.08, 38.941, 38.507, 37.984, 38.388, 38.667, 38.306, 38.452, 39.036, 38.992, 39.027, 39.229, 39.544, 39.923, 40.217, 40.744, 40.802, 40.7, 40.907, 40.95, 40.72, 40.188, 39.616, 40.006, 39.673, 39.329, 39.7, 40.331, 40.529, 40.464, 40.68, 40.932, 41.438, 41.056, 40.506, 40.327, 40.222, 39.922, 39.706, 39.562, 39.477, 39.018, 38.7, 38.555, 38.239, 38.208, 38.041, 37.986, 38.086, 38.158, 38.385, 38.73, 39.298, 39.728, 39.55, 39.466, 39.324, 39.929], [40.735, 40.72, 40.511, 40.143, 40.1, 40.022, 39.9, 39.914, 40.398, 40.696, 41.004, 41.352, 41.205, 40.969, 40.89, 39.891, 38.378, 37.871, 37.52, 34.225, 31.448, 30.874, 29.965, 28.332, 26.554, 25.45, 22.31, 20.098, 19.612, 17.92, 11.868, 0.0, 9.698, 15.126, 19.032, 22.175, 24.858, 27.253, 29.193, 30.155, 33.386, 36.106, 36.353, 36.814, 37.378, 37.764, 38.099, 38.709, 39.451, 39.838, 39.819, 40.492, 41.085, 40.987, 40.756, 40.303, 40.085, 40.502, 40.447, 40.41, 40.31, 40.216, 40.176, 40.006, 39.918, 40.113, 40.164, 40.044, 39.813, 39.73, 39.492, 39.065, 39.281, 39.445, 39.097, 39.235, 39.749, 39.715, 39.764, 39.949, 40.226, 40.564, 40.798, 41.339, 41.487, 41.36, 41.469, 41.512, 41.262, 40.659, 40.165, 40.657, 40.414, 40.203, 40.595, 41.201, 41.491, 41.455, 41.613, 41.857, 42.344, 42.032, 41.51, 41.256, 41.094, 40.788, 40.557, 40.424, 40.321, 39.859, 39.602, 39.52, 39.19, 39.123, 38.907, 38.818, 38.883, 38.913, 39.111, 39.493, 40.03, 40.361, 40.177, 40.108, 39.942, 40.57], [39.846, 39.837, 39.651, 39.28, 39.269, 39.185, 39.014, 39.002, 39.519, 39.835, 40.206, 40.648, 40.59, 40.414, 40.365, 39.49, 38.283, 37.883, 37.442, 34.299, 31.763, 31.363, 30.831, 29.684, 28.407, 27.644, 25.182, 23.708, 23.338, 22.08, 18.021, 9.698, 0.0, 9.7, 16.397, 19.589, 22.27, 24.818, 26.917, 28.053, 31.549, 34.597, 34.925, 35.439, 36.121, 36.536, 36.909, 37.571, 38.351, 38.798, 38.775, 39.44, 40.115, 40.082, 39.893, 39.415, 39.155, 39.617, 39.522, 39.441, 39.253, 39.129, 39.123, 38.927, 38.865, 39.118, 39.163, 39.023, 38.81, 38.815, 38.7, 38.221, 38.338, 38.486, 38.129, 38.237, 38.751, 38.745, 38.839, 39.07, 39.427, 39.786, 39.995, 40.602, 40.764, 40.651, 40.799, 40.856, 40.543, 39.847, 39.313, 39.85, 39.52, 39.262, 39.723, 40.386, 40.739, 40.687, 40.859, 41.182, 41.689, 41.345, 40.787, 40.514, 40.343, 40.053, 39.841, 39.707, 39.602, 39.085, 38.76, 38.686, 38.368, 38.292, 38.034, 37.919, 38.037, 38.059, 38.204, 38.557, 39.142, 39.473, 39.241, 39.174, 39.062, 39.697], [38.46, 38.444, 38.236, 37.771, 37.732, 37.657, 37.448, 37.414, 37.966, 38.342, 38.848, 39.399, 39.336, 39.134, 39.126, 38.352, 37.401, 37.07, 36.527, 33.584, 31.403, 31.184, 30.942, 29.992, 28.767, 27.983, 25.824, 24.576, 24.183, 22.982, 19.733, 15.126, 9.7, 0.0, 10.265, 16.317, 19.216, 21.501, 23.927, 25.191, 28.862, 32.282, 32.703, 33.279, 34.136, 34.67, 35.095, 35.895, 36.767, 37.271, 37.306, 37.997, 38.647, 38.566, 38.386, 37.903, 37.528, 37.938, 37.796, 37.684, 37.428, 37.279, 37.4, 37.217, 37.085, 37.414, 37.46, 37.33, 37.174, 37.222, 37.105, 36.601, 36.793, 36.983, 36.586, 36.636, 37.16, 37.161, 37.305, 37.592, 38.021, 38.414, 38.696, 39.449, 39.562, 39.467, 39.673, 39.736, 39.412, 38.654, 37.975, 38.491, 38.003, 37.535, 38.06, 38.831, 39.154, 39.075, 39.383, 39.788, 40.326, 39.918, 39.28, 39.042, 38.942, 38.684, 38.507, 38.378, 38.28, 37.627, 37.151, 37.08, 36.816, 36.776, 36.482, 36.334, 36.516, 36.58, 36.648, 36.861, 37.552, 38.017, 37.752, 37.698, 37.663, 38.355], [38.681, 38.662, 38.432, 37.91, 37.8, 37.691, 37.496, 37.461, 37.98, 38.305, 38.775, 39.287, 39.186, 39.018, 39.042, 38.266, 37.276, 36.826, 36.323, 33.712, 31.857, 31.783, 31.705, 30.794, 29.565, 28.911, 27.188, 26.256, 25.916, 24.845, 22.134, 19.032, 16.397, 10.265, 0.0, 10.488, 15.699, 18.75, 21.862, 23.359, 27.382, 31.198, 31.696, 32.386, 33.379, 33.971, 34.419, 35.231, 36.159, 36.678, 36.729, 37.594, 38.453, 38.472, 38.275, 37.871, 37.642, 37.981, 37.801, 37.714, 37.504, 37.389, 37.511, 37.36, 37.214, 37.503, 37.531, 37.394, 37.26, 37.308, 37.16, 36.595, 36.69, 36.858, 36.46, 36.461, 36.91, 36.888, 37.016, 37.286, 37.671, 38.03, 38.3, 38.975, 39.028, 38.903, 39.099, 39.148, 38.866, 38.124, 37.449, 38.063, 37.841, 37.577, 38.133, 38.908, 39.271, 39.263, 39.565, 39.94, 40.457, 40.056, 39.374, 39.102, 39.021, 38.803, 38.64, 38.487, 38.392, 37.733, 37.235, 37.141, 36.924, 36.877, 36.607, 36.501, 36.682, 36.786, 36.865, 37.108, 37.806, 38.223, 37.923, 37.839, 37.763, 38.621], [38.584, 38.553, 38.316, 37.766, 37.619, 37.478, 37.308, 37.36, 37.952, 38.248, 38.625, 39.06, 38.932, 38.722, 38.739, 37.955, 36.816, 36.164, 35.71, 33.315, 31.817, 31.939, 31.911, 31.076, 30.184, 29.976, 28.608, 28.005, 27.832, 26.931, 24.792, 22.175, 19.589, 16.317, 10.488, 0.0, 8.46, 14.259, 18.122, 19.837, 24.615, 29.026, 29.577, 30.459, 31.689, 32.363, 32.79, 33.49, 34.454, 34.983, 34.966, 36.111, 37.483, 37.835, 37.665, 37.387, 37.501, 37.968, 37.793, 37.786, 37.621, 37.519, 37.596, 37.406, 37.294, 37.574, 37.545, 37.386, 37.287, 37.405, 37.25, 36.501, 36.468, 36.684, 36.307, 36.218, 36.608, 36.614, 36.715, 36.979, 37.36, 37.686, 37.818, 38.313, 38.334, 38.194, 38.402, 38.43, 38.132, 37.364, 36.71, 37.502, 37.546, 37.496, 38.06, 38.823, 39.252, 39.342, 39.57, 39.93, 40.456, 40.027, 39.347, 39.09, 38.99, 38.758, 38.551, 38.335, 38.224, 37.609, 37.098, 36.975, 36.796, 36.76, 36.528, 36.447, 36.636, 36.751, 36.904, 37.262, 37.912, 38.21, 37.911, 37.791, 37.658, 38.55], [37.607, 37.563, 37.314, 36.705, 36.55, 36.405, 36.226, 36.335, 37.032, 37.372, 37.771, 38.256, 38.161, 37.925, 37.976, 37.324, 36.355, 35.66, 35.147, 33.017, 31.945, 32.206, 32.274, 31.625, 30.983, 30.908, 29.696, 29.169, 29.046, 28.273, 26.649, 24.858, 22.27, 19.216, 15.699, 8.46, 0.0, 9.039, 14.692, 16.615, 21.683, 26.599, 27.232, 28.298, 29.771, 30.55, 30.975, 31.673, 32.711, 33.271, 33.197, 34.43, 36.073, 36.652, 36.532, 36.255, 36.513, 37.082, 36.912, 36.921, 36.729, 36.589, 36.694, 36.456, 36.316, 36.666, 36.611, 36.452, 36.398, 36.592, 36.421, 35.577, 35.613, 35.894, 35.501, 35.424, 35.88, 35.919, 36.036, 36.314, 36.723, 37.062, 37.198, 37.772, 37.783, 37.628, 37.913, 37.986, 37.675, 36.9, 36.211, 36.988, 36.856, 36.592, 37.142, 37.961, 38.406, 38.57, 38.836, 39.223, 39.771, 39.261, 38.533, 38.265, 38.133, 37.873, 37.649, 37.418, 37.293, 36.641, 36.102, 35.988, 35.81, 35.79, 35.528, 35.425, 35.645, 35.789, 36.007, 36.379, 37.061, 37.387, 37.089, 37.0, 36.936, 37.61], [35.64, 35.526, 35.2, 34.48, 34.344, 34.177, 33.943, 34.107, 34.961, 35.402, 35.927, 36.568, 36.532, 36.295, 36.397, 35.758, 35.027, 34.52, 33.853, 31.94, 31.467, 31.886, 32.268, 31.976, 31.608, 31.676, 30.704, 30.364, 30.208, 29.454, 28.273, 27.253, 24.818, 21.501, 18.75, 14.259, 9.039, 0.0, 7.988, 11.24, 16.652, 22.367, 23.248, 24.591, 26.476, 27.455, 27.992, 28.917, 30.114, 30.802, 30.765, 32.148, 33.985, 34.564, 34.431, 34.143, 34.343, 34.948, 34.848, 34.864, 34.529, 34.253, 34.465, 34.176, 33.959, 34.512, 34.48, 34.335, 34.265, 34.493, 34.329, 33.51, 33.767, 34.138, 33.659, 33.594, 34.192, 34.248, 34.404, 34.738, 35.251, 35.668, 35.943, 36.746, 36.672, 36.486, 36.818, 36.915, 36.608, 35.785, 34.944, 35.669, 35.204, 34.567, 35.154, 36.155, 36.627, 36.795, 37.151, 37.626, 38.27, 37.616, 36.727, 36.424, 36.29, 36.008, 35.796, 35.572, 35.433, 34.625, 33.95, 33.898, 33.785, 33.845, 33.519, 33.33, 33.615, 33.798, 33.96, 34.175, 34.993, 35.566, 35.24, 35.176, 35.258, 35.706], [34.924, 34.771, 34.402, 33.623, 33.464, 33.278, 33.008, 33.198, 34.12, 34.603, 35.195, 35.895, 35.876, 35.626, 35.712, 35.006, 34.369, 34.058, 33.325, 31.525, 31.397, 31.878, 32.461, 32.466, 32.374, 32.602, 31.838, 31.683, 31.501, 30.797, 29.883, 29.193, 26.917, 23.927, 21.862, 18.122, 14.692, 7.988, 0.0, 5.405, 12.595, 19.014, 20.051, 21.504, 23.654, 24.779, 25.402, 26.465, 27.741, 28.496, 28.533, 30.107, 32.143, 32.809, 32.664, 32.511, 32.984, 33.656, 33.707, 34.055, 33.787, 33.45, 33.669, 33.327, 33.088, 33.727, 33.694, 33.57, 33.474, 33.644, 33.463, 32.682, 33.062, 33.49, 32.982, 32.896, 33.541, 33.596, 33.748, 34.109, 34.659, 35.086, 35.361, 36.229, 36.131, 35.939, 36.273, 36.36, 36.077, 35.265, 34.31, 34.967, 34.435, 33.743, 34.3, 35.336, 35.799, 35.984, 36.443, 36.997, 37.713, 37.022, 36.053, 35.746, 35.615, 35.303, 35.09, 34.855, 34.685, 33.837, 33.143, 33.11, 33.034, 33.151, 32.825, 32.568, 32.856, 33.032, 33.12, 33.249, 34.105, 34.793, 34.504, 34.431, 34.548, 35.007], [34.908, 34.762, 34.403, 33.617, 33.449, 33.256, 32.976, 33.157, 34.069, 34.564, 35.169, 35.858, 35.827, 35.57, 35.658, 34.958, 34.322, 33.979, 33.273, 31.64, 31.607, 32.092, 32.733, 32.819, 32.806, 33.073, 32.38, 32.287, 32.115, 31.462, 30.67, 30.155, 28.053, 25.191, 23.359, 19.837, 16.615, 11.24, 5.405, 0.0, 9.494, 17.09, 18.288, 19.805, 22.214, 23.476, 24.166, 25.278, 26.539, 27.286, 27.394, 29.175, 31.338, 32.022, 31.861, 31.779, 32.503, 33.257, 33.305, 33.858, 33.716, 33.372, 33.564, 33.201, 32.953, 33.588, 33.548, 33.418, 33.323, 33.499, 33.342, 32.624, 33.074, 33.521, 33.006, 32.92, 33.565, 33.615, 33.769, 34.133, 34.687, 35.112, 35.367, 36.255, 36.168, 35.971, 36.299, 36.379, 36.109, 35.303, 34.307, 34.91, 34.347, 33.635, 34.156, 35.172, 35.592, 35.793, 36.306, 36.862, 37.588, 36.907, 35.946, 35.662, 35.544, 35.24, 35.046, 34.813, 34.634, 33.779, 33.098, 33.067, 32.994, 33.112, 32.789, 32.504, 32.776, 32.961, 33.056, 33.163, 34.028, 34.744, 34.481, 34.411, 34.524, 34.999], [33.79, 33.619, 33.213, 32.358, 32.209, 31.995, 31.662, 31.824, 32.784, 33.307, 33.951, 34.696, 34.695, 34.423, 34.527, 33.944, 33.612, 33.359, 32.646, 31.722, 32.377, 32.945, 33.903, 34.412, 34.765, 35.176, 34.635, 34.665, 34.515, 33.934, 33.466, 33.386, 31.549, 28.862, 27.382, 24.615, 21.683, 16.652, 12.595, 9.494, 0.