[[0.0, 5.761, 11.406, 14.352, 15.721, 17.367, 18.349, 18.753, 19.935, 22.556, 24.681, 25.614, 26.961, 28.657, 29.629, 30.405, 31.594, 32.552, 32.809, 32.994, 34.025, 36.154, 37.405, 37.383, 37.201, 37.344, 37.761, 38.634, 39.691, 40.307, 40.033, 39.823, 39.958, 39.652, 38.756, 38.068, 37.924, 37.82, 38.144, 38.867, 38.836, 38.678, 38.869, 39.048, 39.059, 39.067, 39.332, 39.763, 39.526, 38.378, 36.888, 36.355, 36.528, 36.122, 35.575, 35.891, 36.315, 36.569, 36.935, 37.489, 37.901, 38.351, 39.635, 40.998, 41.203, 40.712, 40.95, 42.955, 45.131, 45.516, 44.179, 42.586, 41.163, 39.357, 38.534, 38.879, 38.972, 38.396, 37.7, 37.505, 37.817, 38.418, 38.462, 37.539, 36.357, 36.573, 37.27, 37.06, 36.28, 35.633, 35.697, 35.614, 34.652, 34.092, 34.55, 35.089, 35.074, 34.789, 34.536, 34.475, 34.837, 35.656, 35.868, 35.868, 35.834, 35.193, 34.607, 34.446, 34.393, 34.482, 34.734, 35.14, 35.553, 35.054, 33.819, 32.57, 31.832, 31.643, 31.851, 32.045, 31.993, 31.89, 32.092, 32.349, 32.4, 32.34, 32.222, 32.146, 32.092, 31.863, 31.642, 31.959, 32.271, 32.257, 32.293, 32.377, 32.504, 32.703, 32.713, 32.481, 32.25, 32.344, 32.931, 33.587, 34.049, 5.228], [5.761, 0.0, 6.755, 10.625, 12.353, 14.228, 15.493, 16.139, 17.563, 20.521, 22.864, 23.978, 25.584, 27.456, 28.493, 29.362, 30.685, 31.706, 31.963, 32.17, 33.25, 35.474, 36.844, 36.882, 36.706, 36.869, 37.349, 38.296, 39.39, 40.013, 39.738, 39.542, 39.698, 39.418, 38.534, 37.839, 37.687, 37.58, 37.901, 38.623, 38.584, 38.418, 38.607, 38.787, 38.814, 38.847, 39.124, 39.56, 39.322, 38.157, 36.653, 36.116, 36.284, 35.873, 35.336, 35.689, 36.143, 36.416, 36.799, 37.382, 37.819, 38.283, 39.579, 40.948, 41.14, 40.63, 40.888, 42.938, 45.141, 45.53, 44.172, 42.53, 41.058, 39.204, 38.344, 38.671, 38.772, 38.215, 37.509, 37.299, 37.605, 38.217, 38.264, 37.328, 36.133, 36.36, 37.076, 36.869, 36.096, 35.473, 35.55, 35.464, 34.485, 33.899, 34.352, 34.911, 34.912, 34.627, 34.362, 34.295, 34.666, 35.496, 35.706, 35.705, 35.675, 35.014, 34.401, 34.226, 34.17, 34.244, 34.467, 34.853, 35.279, 34.801, 33.569, 32.29, 31.501, 31.285, 31.499, 31.716, 31.682, 31.595, 31.819, 32.081, 32.116, 32.045, 31.92, 31.836, 31.774, 31.54, 31.316, 31.66, 31.997, 31.981, 32.021, 32.112, 32.246, 32.466, 32.482, 32.228, 31.977, 32.082, 32.694, 33.366, 33.836, 9.356], [11.406, 6.755, 0.0, 4.971, 8.141, 10.924, 12.615, 13.749, 15.84, 19.379, 21.994, 23.345, 25.212, 27.199, 28.246, 29.151, 30.549, 31.626, 31.925, 32.175, 33.237, 35.414, 36.82, 36.929, 36.796, 36.966, 37.459, 38.423, 39.514, 40.117, 39.848, 39.674, 39.855, 39.615, 38.776, 38.101, 37.942, 37.812, 38.097, 38.779, 38.72, 38.546, 38.73, 38.903, 38.939, 38.982, 39.249, 39.685, 39.473, 38.358, 36.948, 36.46, 36.611, 36.206, 35.695, 36.034, 36.463, 36.743, 37.128, 37.692, 38.114, 38.563, 39.8, 41.104, 41.271, 40.757, 41.019, 43.043, 45.211, 45.587, 44.249, 42.64, 41.206, 39.403, 38.558, 38.843, 38.942, 38.441, 37.779, 37.574, 37.859, 38.445, 38.489, 37.585, 36.439, 36.653, 37.335, 37.132, 36.398, 35.824, 35.907, 35.813, 34.874, 34.286, 34.654, 35.169, 35.189, 34.934, 34.686, 34.629, 34.994, 35.804, 36.01, 36.013, 35.976, 35.311, 34.696, 34.522, 34.481, 34.552, 34.745, 35.109, 35.53, 35.089, 33.935, 32.705, 31.918, 31.699, 31.92, 32.147, 32.125, 32.039, 32.255, 32.496, 32.51, 32.435, 32.316, 32.236, 32.171, 31.943, 31.75, 32.131, 32.481, 32.474, 32.531, 32.625, 32.746, 32.956, 32.977, 32.732, 32.49, 32.603, 33.197, 33.831, 34.27, 13.728], [14.352, 10.625, 4.971, 0.0, 4.616, 8.682, 10.941, 12.457, 15.06, 19.024, 21.81, 23.337, 25.383, 27.428, 28.452, 29.345, 30.766, 31.881, 32.221, 32.495, 33.544, 35.682, 37.074, 37.188, 37.079, 37.273, 37.768, 38.718, 39.801, 40.407, 40.151, 39.992, 40.185, 39.963, 39.134, 38.46, 38.302, 38.161, 38.416, 39.073, 39.006, 38.824, 38.999, 39.167, 39.197, 39.227, 39.484, 39.925, 39.729, 38.637, 37.286, 36.838, 36.983, 36.579, 36.068, 36.366, 36.764, 37.042, 37.409, 37.937, 38.343, 38.788, 39.997, 41.273, 41.434, 40.925, 41.168, 43.146, 45.28, 45.646, 44.325, 42.763, 41.381, 39.64, 38.827, 39.094, 39.188, 38.716, 38.087, 37.889, 38.162, 38.731, 38.775, 37.897, 36.785, 36.985, 37.64, 37.434, 36.717, 36.168, 36.256, 36.153, 35.235, 34.658, 34.985, 35.463, 35.485, 35.242, 35.003, 34.953, 35.306, 36.097, 36.301, 36.301, 36.255, 35.6, 34.998, 34.836, 34.804, 34.876, 35.061, 35.424, 35.843, 35.409, 34.288, 33.094, 32.327, 32.125, 32.353, 32.569, 32.549, 32.471, 32.679, 32.908, 32.914, 32.826, 32.71, 32.64, 32.578, 32.353, 32.175, 32.563, 32.915, 32.92, 32.991, 33.089, 33.191, 33.381, 33.4, 33.164, 32.93, 33.039, 33.612, 34.219, 34.637, 16.267], [15.721, 12.353, 8.141, 4.616, 0.0, 5.043, 8.403, 10.637, 13.619, 17.954, 20.979, 22.714, 24.959, 27.101, 28.151, 29.066, 30.533, 31.677, 32.005, 32.259, 33.353, 35.575, 36.985, 37.049, 36.922, 37.165, 37.712, 38.682, 39.769, 40.389, 40.166, 40.037, 40.236, 40.0, 39.149, 38.456, 38.292, 38.147, 38.383, 39.036, 38.974, 38.787, 38.962, 39.137, 39.171, 39.196, 39.449, 39.898, 39.712, 38.632, 37.297, 36.857, 36.997, 36.599, 36.083, 36.354, 36.732, 37.007, 37.369, 37.894, 38.317, 38.781, 40.007, 41.298, 41.471, 40.961, 41.172, 43.119, 45.248, 45.621, 44.294, 42.724, 41.336, 39.594, 38.782, 39.048, 39.143, 38.682, 38.059, 37.844, 38.099, 38.66, 38.705, 37.828, 36.721, 36.927, 37.584, 37.375, 36.661, 36.124, 36.227, 36.127, 35.201, 34.611, 34.932, 35.432, 35.47, 35.218, 34.97, 34.92, 35.271, 36.059, 36.257, 36.251, 36.196, 35.526, 34.905, 34.731, 34.683, 34.736, 34.902, 35.24, 35.658, 35.236, 34.123, 32.943, 32.181, 31.976, 32.209, 32.432, 32.431, 32.382, 32.61, 32.838, 32.828, 32.71, 32.586, 32.52, 32.456, 32.233, 32.047, 32.436, 32.805, 32.815, 32.879, 32.969, 33.061, 33.243, 33.257, 33.017, 32.776, 32.873, 33.449, 34.063, 34.482, 17.613], [17.367, 14.228, 10.924, 8.682, 5.043, 0.0, 4.597, 8.41, 12.169, 16.807, 20.01, 21.932, 24.373, 26.643, 27.758, 28.697, 30.186, 31.339, 31.629, 31.84, 32.988, 35.346, 36.804, 36.811, 36.633, 36.907, 37.521, 38.54, 39.644, 40.275, 40.092, 40.021, 40.247, 40.003, 39.135, 38.421, 38.244, 38.091, 38.311, 38.946, 38.873, 38.691, 38.883, 39.07, 39.109, 39.143, 39.408, 39.866, 39.685, 38.619, 37.307, 36.863, 36.989, 36.597, 36.072, 36.324, 36.696, 36.98, 37.367, 37.921, 38.376, 38.862, 40.108, 41.423, 41.61, 41.096, 41.289, 43.222, 45.35, 45.726, 44.385, 42.781, 41.359, 39.583, 38.748, 39.004, 39.102, 38.661, 38.046, 37.808, 38.038, 38.587, 38.621, 37.734, 36.625, 36.841, 37.49, 37.272, 36.563, 36.041, 36.16, 36.072, 35.151, 34.538, 34.835, 35.379, 35.455, 35.195, 34.932, 34.882, 35.239, 36.028, 36.216, 36.2, 36.127, 35.425, 34.786, 34.6, 34.526, 34.555, 34.702, 35.013, 35.425, 35.024, 33.925, 32.762, 31.991, 31.762, 32.003, 32.261, 32.292, 32.267, 32.508, 32.738, 32.716, 32.563, 32.423, 32.349, 32.279, 32.061, 31.869, 32.254, 32.631, 32.637, 32.687, 32.765, 32.86, 33.046, 33.057, 32.812, 32.571, 32.662, 33.244, 33.864, 34.284, 19.109], [18.349, 15.493, 12.615, 10.941, 8.403, 4.597, 0.0, 5.255, 10.554, 15.972, 19.224, 21.075, 23.652, 26.086, 27.261, 28.206, 29.706, 30.876, 31.171, 31.368, 32.537, 34.966, 36.453, 36.438, 36.244, 36.541, 37.196, 38.262, 39.417, 40.076, 39.904, 39.876, 40.152, 39.92, 39.033, 38.305, 38.132, 37.994, 38.231, 38.865, 38.776, 38.602, 38.822, 39.02, 39.056, 39.103, 39.395, 39.866, 39.67, 38.578, 37.259, 36.826, 36.953, 36.55, 35.993, 36.226, 36.61, 36.918, 37.341, 37.929, 38.409, 38.911, 40.181, 41.52, 41.707, 41.179, 41.37, 43.309, 45.444, 45.83, 44.488, 42.857, 41.391, 39.569, 38.71, 38.97, 39.064, 38.618, 38.015, 37.785, 38.02, 38.566, 38.585, 37.678, 36.559, 36.791, 37.447, 37.216, 36.495, 35.982, 36.122, 36.045, 35.129, 34.502, 34.772, 35.331, 35.426, 35.16, 34.882, 34.824, 35.183, 35.968, 36.142, 36.119, 36.04, 35.327, 34.681, 34.483, 34.398, 34.429, 34.578, 34.882, 35.301, 34.916, 33.81, 32.634, 31.837, 31.578, 31.834, 32.127, 32.185, 32.171, 32.414, 32.653, 32.64, 32.475, 32.317, 32.237, 32.164, 31.942, 31.755, 32.15, 32.514, 32.499, 32.549, 32.63, 32.724, 32.914, 32.93, 32.677, 32.433, 32.543, 33.139, 33.759, 34.185, 19.887], [18.753, 16.139, 13.749, 12.457, 10.637, 8.41, 5.255, 0.0, 6.879, 13.883, 17.542, 19.159, 21.823, 24.515, 25.815, 26.878, 28.516, 29.765, 30.112, 30.368, 31.583, 34.06, 35.586, 35.617, 35.478, 35.826, 36.525, 37.624, 38.839, 39.563, 39.411, 39.4, 39.711, 39.516, 38.649, 37.929, 37.778, 37.687, 37.996, 38.679, 38.596, 38.425, 38.665, 38.876, 38.912, 38.969, 39.289, 39.785, 39.581, 38.434, 37.073, 36.667, 36.828, 36.409, 35.826, 36.052, 36.443, 36.76, 37.205, 37.817, 38.309, 38.815, 40.096, 41.438, 41.612, 41.068, 41.254, 43.201, 45.348, 45.745, 44.412, 42.767, 41.281, 39.438, 38.575, 38.851, 38.931, 38.45, 37.849, 37.646, 37.911, 38.469, 38.486, 37.561, 36.428, 36.682, 37.366, 37.137, 36.406, 35.908, 36.073, 35.99, 35.044, 34.423, 34.719, 35.27, 35.346, 35.071, 34.782, 34.708, 35.064, 35.847, 36.01, 35.984, 35.916, 35.216, 34.575, 34.368, 34.279, 34.321, 34.467, 34.758, 35.183, 34.808, 33.678, 32.465, 31.649, 31.368, 31.607, 31.901, 31.97, 31.962, 32.212, 32.453, 32.445, 32.29, 32.134, 32.058, 31.985, 31.755, 31.585, 32.028, 32.397, 32.36, 32.42, 32.515, 32.595, 32.77, 32.786, 32.519, 32.259, 32.379, 32.989, 33.619, 34.056, 20.198], [19.935, 17.563, 15.84, 15.06, 13.619, 12.169, 10.554, 6.879, 0.0, 8.384, 13.233, 15.224, 18.124, 21.237, 22.88, 24.26, 26.23, 27.643, 28.031, 28.407, 29.829, 32.534, 34.212, 34.337, 34.269, 34.687, 35.458, 36.609, 37.872, 38.686, 38.607, 38.616, 38.914, 38.747, 37.947, 37.263, 37.123, 37.085, 37.492, 38.238, 38.17, 38.0, 38.249, 38.482, 38.532, 38.593, 38.928, 39.459, 39.275, 38.08, 36.615, 36.185, 36.395, 35.974, 35.371, 35.619, 36.029, 36.338, 36.787, 37.455, 37.988, 38.489, 39.765, 41.108, 41.295, 40.754, 40.921, 42.891, 45.072, 45.46, 44.098, 42.442, 40.957, 39.107, 38.243, 38.54, 38.62, 38.11, 37.467, 37.25, 37.529, 38.117, 38.154, 37.211, 36.048, 36.323, 37.028, 36.792, 36.062, 35.584, 35.767, 35.667, 34.66, 34.047, 34.444, 35.042, 35.091, 34.787, 34.488, 34.412, 34.782, 35.591, 35.765, 35.735, 35.683, 35.033, 34.438, 34.237, 34.138, 34.169, 34.315, 34.615, 35.032, 34.637, 33.464, 32.198, 31.374, 31.092, 31.262, 31.493, 31.536, 31.523, 31.783, 32.03, 32.032, 31.912, 31.767, 31.69, 31.623, 31.399, 31.217, 31.635, 31.994, 31.954, 32.016, 32.107, 32.186, 32.376, 32.395, 32.111, 31.828, 31.942, 32.573, 33.238, 33.687, 21.346], [22.556, 20.521, 19.379, 19.024, 17.954, 16.807, 15.972, 13.883, 8.384, 0.0, 6.456, 10.575, 14.52, 18.031, 20.037, 21.783, 24.103, 25.692, 26.127, 26.679, 28.428, 31.463, 33.312, 33.493, 33.466, 33.937, 34.764, 35.955, 37.23, 38.092, 38.085, 38.118, 38.391, 38.218, 37.473, 36.836, 36.701, 36.677, 37.132, 37.922, 37.878, 37.709, 37.944, 38.182, 38.239, 38.29, 38.613, 39.165, 39.027, 37.829, 36.24, 35.71, 35.944, 35.54, 34.93, 35.212, 35.65, 35.941, 36.386, 37.146, 37.752, 38.239, 39.488, 40.832, 41.046, 40.52, 40.655, 42.648, 44.877, 45.258, 43.854, 42.188, 40.713, 38.863, 37.993, 38.301, 38.399, 37.887, 37.172, 36.891, 37.157, 37.764, 37.82, 36.874, 35.692, 35.966, 36.662, 36.419, 35.687, 35.203, 35.381, 35.274, 34.221, 33.585, 34.057, 34.706, 34.735, 34.418, 34.139, 34.084, 34.465, 35.295, 35.488, 35.452, 35.401, 34.825, 34.324, 34.151, 34.035, 34.064, 34.265, 34.645, 35.089, 34.67, 33.476, 32.212, 31.415, 31.149, 31.238, 31.372, 31.363, 31.335, 31.597, 31.849, 31.871, 31.808, 31.675, 31.581, 31.517, 31.315, 31.097, 31.39, 31.673, 31.623, 31.675, 31.733, 31.83, 32.07, 32.105, 31.812, 31.509, 31.596, 32.236, 32.937, 33.391, 23.837], [24.681, 22.864, 21.994, 21.81, 20.979, 20.01, 19.224, 17.542, 13.233, 6.456, 0.0, 6.522, 12.32, 16.352, 18.395, 20.267, 22.81, 24.503, 24.995, 25.692, 27.67, 30.889, 32.788, 32.976, 32.993, 33.519, 34.39, 35.62, 36.938, 37.849, 37.877, 37.936, 38.238, 38.085, 37.358, 36.748, 36.647, 36.658, 37.156, 37.983, 37.965, 37.798, 38.021, 38.258, 38.32, 38.372, 38.696, 39.256, 39.134, 37.927, 36.254, 35.637, 35.853, 35.447, 34.828, 35.107, 35.534, 35.809, 36.272, 37.089, 37.727, 38.201, 39.435, 40.776, 41.0, 40.479, 40.612, 42.637, 44.899, 45.276, 43.848, 42.171, 40.698, 38.842, 37.955, 38.259, 38.364, 37.851, 37.09, 36.77, 37.04, 37.664, 37.723, 36.776, 35.584, 35.831, 36.514, 36.283, 35.541, 35.034, 35.216, 35.113, 34.025, 33.354, 33.854, 34.525, 34.534, 34.213, 33.954, 33.91, 34.288, 35.115, 35.31, 35.27, 35.213, 34.67, 34.221, 34.064, 33.948, 34.004, 34.276, 34.75, 35.249, 34.816, 33.596, 32.324, 31.528, 31.262, 31.321, 31.423, 31.392, 31.361, 31.627, 31.876, 31.898, 31.855, 31.723, 31.615, 31.551, 31.362, 31.135, 31.377, 31.626, 31.576, 31.609, 31.648, 31.781, 32.06, 32.102, 31.801, 31.477, 31.542, 32.188, 32.921, 33.391, 25.838], [25.614, 23.978, 23.345, 23.337, 22.714, 21.932, 21.075, 19.159, 15.224, 10.575, 6.522, 0.0, 7.628, 13.104, 15.573, 17.575, 20.426, 22.315, 22.937, 23.827, 26.054, 29.469, 31.491, 31.812, 31.925, 32.521, 33.49, 34.847, 36.291, 37.315, 37.396, 37.483, 37.833, 37.749, 37.08, 36.496, 36.43, 36.55, 37.193, 38.074, 38.061, 37.901, 38.134, 38.384, 38.453, 38.516, 38.861, 39.432, 39.288, 38.039, 36.298, 35.645, 35.861, 35.437, 34.784, 35.023, 35.414, 35.694, 36.193, 37.021, 37.65, 38.128, 39.393, 40.757, 40.991, 40.48, 40.657, 42.748, 45.052, 45.422, 43.98, 42.297, 40.814, 38.926, 38.001, 38.308, 38.411, 37.855, 37.056, 36.736, 37.037, 37.685, 37.74, 36.775, 35.549, 35.779, 36.476, 36.271, 35.518, 34.987, 35.188, 35.09, 33.953, 33.251, 33.78, 34.443, 34.414, 34.081, 33.83, 33.788, 34.176, 35.014, 35.205, 35.164, 35.11, 34.56, 34.097, 33.936, 33.838, 33.931, 34.237, 34.73, 35.225, 34.773, 33.507, 32.164, 31.333, 31.044, 31.105, 31.216, 31.178, 31.132, 31.405, 31.653, 31.663, 31.625, 31.506, 31.409, 31.357, 31.17, 30.942, 31.223, 31.521, 31.478, 31.497, 31.545, 31.724, 32.016, 32.049, 31.731, 31.386, 31.451, 32.115, 32.87, 33.362, 26.673], [26.961, 25.584, 25.212, 25.383, 24.959, 24.373, 23.652, 21.823, 18.124, 14.52, 12.32, 7.628, 0.0, 6.86, 10.614, 13.283, 16.535, 18.713, 19.607, 20.872, 23.4, 27.004, 29.287, 29.921, 30.23, 30.938, 32.059, 33.628, 35.289, 36.49, 36.686, 36.822, 37.196, 37.2, 36.699, 36.214, 36.16, 36.416, 37.289, 38.244, 38.236, 38.076, 38.3, 38.551, 38.614, 38.668, 39.025, 39.621, 39.482, 38.227, 36.47, 35.808, 36.047, 35.636, 34.96, 35.127, 35.48, 35.764, 36.27, 37.09, 37.702, 38.176, 39.432, 40.779, 41.013, 40.554, 40.818, 42.941, 45.221, 45.55, 44.132, 42.531, 41.131, 39.313, 38.382, 38.663, 38.777, 38.244, 37.453, 37.141, 37.455, 38.09, 38.136, 37.183, 35.995, 36.234, 36.895, 36.683, 35.951, 35.428, 35.628, 35.541, 34.425, 33.709, 34.192, 34.778, 34.705, 34.375, 34.146, 34.119, 34.494, 35.299, 35.479, 35.441, 35.391, 34.823, 34.311, 34.14, 34.067, 34.186, 34.505, 34.99, 35.433, 34.981, 33.789, 32.498, 31.7, 31.404, 31.445, 31.533, 31.478, 31.403, 31.656, 31.905, 31.931, 31.919, 31.83, 31.773, 31.756, 31.578, 31.36, 31.683, 31.998, 31.952, 31.976, 32.042, 32.23, 32.504, 32.522, 32.2, 31.863, 31.935, 32.566, 33.271, 33.74, 27.897], [28.657, 27.456, 27.199, 27.428, 27.101, 26.643, 26.086, 24.515, 21.237, 18.031, 16.352, 13.104, 6.86, 0.0, 5.222, 9.484, 13.373, 15.69, 16.814, 18.555, 21.397, 25.069, 27.514, 28.405, 28.927, 29.77, 31.008, 32.739, 34.614, 35.982, 36.294, 36.5, 36.909, 36.983, 36.644, 36.296, 36.253, 36.553, 37.587, 38.612, 38.621, 38.455, 38.64, 38.866, 38.915, 38.957, 39.324, 39.96, 39.862, 38.648, 36.94, 36.303, 36.547, 36.148, 35.471, 35.568, 35.88, 36.156, 36.668, 37.48, 38.071, 38.524, 39.711, 40.982, 41.195, 40.787, 41.111, 43.181, 45.363, 45.634, 44.255, 42.777, 41.514, 39.839, 38.937, 39.173, 39.295, 38.831, 38.079, 37.776, 38.102, 38.714, 38.753, 37.848, 36.761, 37.006, 37.59, 37.366, 36.691, 36.212, 36.4, 36.332, 35.313, 34.634, 35.031, 35.514, 35.406, 35.097, 34.903, 34.906, 35.252, 35.987, 36.153, 36.127, 36.088, 35.522, 34.973, 34.811, 34.776, 34.908, 35.221, 35.702, 36.108, 35.686, 34.633, 33.472, 32.731, 32.444, 32.474, 32.559, 32.512, 32.421, 32.624, 32.844, 32.88, 32.869, 32.78, 32.744, 32.753, 32.592, 32.418, 32.782, 33.062, 33.028, 33.09, 33.158, 33.32, 33.57, 33.584, 33.275, 32.96, 33.025, 33.579, 34.189, 34.603, 29.532], [29.629, 28.493, 28.246, 28.452, 28.151, 27.758, 27.261, 25.815, 22.88, 20.037, 18.395, 15.573, 10.614, 5.222, 0.0, 5.686, 10.793, 13.549, 14.755, 16.792, 20.036, 23.944, 26.509, 27.549, 28.255, 29.226, 30.535, 32.347, 34.365, 35.855, 36.225, 36.453, 36.881, 36.979, 36.695, 36.415, 36.389, 36.678, 37.761, 38.838, 38.874, 38.721, 38.899, 39.117, 39.165, 39.202, 39.568, 40.215, 40.131, 38.933, 37.266, 36.658, 36.893, 36.495, 35.823, 35.881, 36.159, 36.43, 36.954, 37.763, 38.34, 38.78, 39.929, 41.155, 41.347, 40.948, 41.284, 43.305, 45.426, 45.665, 44.297, 42.873, 41.683, 40.08, 39.189, 39.405, 39.532, 39.097, 38.349, 38.039, 38.378, 38.982, 39.021, 38.15, 37.119, 37.356, 37.896, 37.678, 37.044, 36.597, 36.782, 36.724, 35.767, 35.128, 35.491, 35.933, 35.816, 35.519, 35.345, 35.365, 35.7, 36.402, 36.564, 36.549, 36.523, 35.973, 35.424, 35.277, 35.265, 35.408, 35.728, 36.201, 36.586, 36.182, 35.193, 34.08, 33.346, 33.049, 33.08, 33.196, 33.176, 33.081, 33.259, 33.458, 33.486, 33.458, 33.352, 33.312, 33.322, 33.166, 33.037, 33.453, 33.714, 33.688, 33.775, 33.845, 33.993, 34.226, 34.243, 33.95, 33.648, 33.706, 34.215, 34.77, 35.156, 30.487], [30.405, 29.362, 29.151, 29.345, 29.066, 28.697, 28.206, 26.878, 24.26, 21.783, 20.267, 17.575, 13.283, 9.484, 5.686, 0.0, 6.316, 10.234, 11.909, 14.302, 18.179, 22.652, 25.484, 26.744, 27.685, 28.78, 30.14, 32.024, 34.14, 35.718, 36.138, 36.392, 36.836, 36.945, 36.678, 36.417, 36.401, 36.705, 37.818, 38.924, 38.994, 38.879, 39.074, 39.298, 39.357, 39.39, 39.739, 40.387, 40.314, 39.122, 37.465, 36.858, 37.075, 36.673, 36.01, 36.043, 36.293, 36.552, 37.054, 37.847, 38.42, 38.845, 39.965, 41.17, 41.352, 40.95, 41.277, 43.27, 45.369, 45.6, 44.234, 42.84, 41.692, 40.124, 39.249, 39.464, 39.584, 39.152, 38.397, 38.083, 38.423, 39.015, 39.055, 38.208, 37.211, 37.453, 37.986, 37.781, 37.166, 36.733, 36.915, 36.856, 35.92, 35.299, 35.663, 36.108, 36.005, 35.727, 35.568, 35.585, 35.903, 36.587, 36.747, 36.737, 36.721, 36.178, 35.623, 35.481, 35.488, 35.643, 35.968, 36.436, 36.799, 36.403, 35.459, 34.373, 33.625, 33.3, 33.333, 33.479, 33.474, 33.378, 33.554, 33.751, 33.774, 33.749, 33.64, 33.6, 33.61, 33.454, 33.344, 33.765, 33.991, 33.961, 34.053, 34.128, 34.273, 34.494, 34.509, 34.221, 33.919, 33.965, 34.454, 34.992, 35.368, 31.184], [31.594, 30.685, 30.549, 30.766, 30.533, 30.186, 29.706, 28.516, 26.23, 24.103, 22.81, 20.426, 16.535, 13.373, 10.793, 6.316, 0.0, 5.125, 8.198, 11.743, 16.411, 21.363, 24.515, 26.1, 27.324, 28.537, 29.915, 31.873, 34.103, 35.756, 36.234, 36.533, 36.992, 37.108, 36.882, 36.657, 36.642, 36.964, 38.105, 39.213, 39.293, 39.198, 39.394, 39.612, 39.675, 39.7, 40.011, 40.636, 40.584, 39.434, 37.825, 37.237, 37.446, 37.052, 36.399, 36.385, 36.593, 36.838, 37.316, 38.071, 38.623, 39.02, 40.078, 41.223, 41.389, 41.003, 41.327, 43.268, 45.311, 45.528, 44.19, 42.861, 41.785, 40.284, 39.444, 39.646, 39.747, 39.329, 38.601, 38.306, 38.652, 39.223, 39.26, 38.454, 37.526, 37.783, 38.291, 38.083, 37.493, 37.082, 37.256, 37.201, 36.308, 35.73, 36.092, 36.505, 36.408, 36.16, 36.026, 36.052, 36.352, 37.005, 37.161, 37.156, 37.15, 36.614, 36.037, 35.895, 35.924, 36.092, 36.41, 36.862, 37.193, 36.818, 35.966, 34.952, 34.215, 33.873, 33.904, 34.053, 34.047, 33.94, 34.1, 34.287, 34.314, 34.308, 34.216, 34.196, 34.224, 34.081, 33.987, 34.376, 34.54, 34.507, 34.606, 34.662, 34.786, 34.997, 35.017, 34.735, 34.431, 34.468, 34.941, 35.452, 35.797, 32.255], [32.552, 31.706, 31.626, 31.881, 31.677, 31.339, 30.876, 29.765, 27.643, 25.692, 24.503, 22.315, 18.713, 15.69, 13.549, 10.234, 5.125, 0.0, 4.718, 10.101, 15.556, 20.659, 23.939, 25.721, 27.11, 28.396, 29.778, 31.778, 34.103, 35.816, 36.333, 36.661, 37.124, 37.24, 37.046, 36.861, 36.85, 37.171, 38.32, 39.424, 39.502, 39.403, 39.582, 39.79, 39.856, 39.877, 40.168, 40.781, 40.754, 39.649, 38.089, 37.536, 37.754, 37.374, 36.731, 36.681, 36.853, 37.088, 37.575, 38.316, 38.85, 39.234, 40.243, 41.337, 41.493, 41.127, 41.458, 43.363, 45.363, 45.563, 44.243, 42.961, 41.942, 40.486, 39.663, 39.864, 39.969, 39.562, 38.849, 38.556, 38.907, 39.475, 39.511, 38.727, 37.84, 38.093, 38.565, 38.348, 37.771, 37.37, 37.549, 37.51, 36.659, 36.125, 36.509, 36.91, 36.813, 36.58, 36.465, 36.506, 36.805, 37.437, 37.588, 37.588, 37.581, 37.035, 36.439, 36.29, 36.318, 36.484, 36.792, 37.222, 37.53, 37.172, 36.379, 35.418, 34.707, 34.354, 34.358, 34.49, 34.483, 34.372, 34.514, 34.685, 34.714, 34.715, 34.643, 34.654, 34.703, 34.576, 34.498, 34.869, 35.002, 34.979, 35.083, 35.115, 35.217, 35.425, 35.449, 35.171, 34.875, 34.917, 35.379, 35.865, 36.19, 33.153], [32.809, 31.963, 31.925, 32.221, 32.005, 31.629, 31.171, 30.112, 28.031, 26.127, 24.995, 22.937, 19.607, 16.814, 14.755, 11.909, 8.198, 4.718, 0.0, 6.808, 13.733, 19.671, 23.133, 24.888, 26.325, 27.698, 29.157, 31.267, 33.71, 35.508, 36.069, 36.426, 36.897, 37.005, 36.798, 36.622, 36.626, 36.954, 38.123, 39.259, 39.35, 39.248, 39.42, 39.632, 39.719, 39.75, 40.042, 40.661, 40.642, 39.538, 37.953, 37.387, 37.616, 37.249, 36.608, 36.563, 36.729, 36.966, 37.497, 38.268, 38.803, 39.191, 40.202, 41.305, 41.467, 41.09, 41.422, 43.37, 45.403, 45.598, 44.237, 42.916, 41.863, 40.358, 39.512, 39.728, 39.861, 39.463, 38.729, 38.416, 38.773, 39.368, 39.401, 38.596, 37.69, 37.943, 38.424, 38.207, 37.62, 37.212, 37.406, 37.383, 36.542, 36.013, 36.424, 36.879, 36.803, 36.556, 36.419, 36.445, 36.744, 37.383, 37.53, 37.519, 37.49, 36.918, 36.298, 36.124, 36.127, 36.281, 36.576, 36.983, 37.283, 36.92, 36.117, 35.163, 34.462, 34.109, 34.098, 34.22, 34.217, 34.123, 34.278, 34.446, 34.46, 34.436, 34.357, 34.384, 34.447, 34.324, 34.252, 34.636, 34.796, 34.779, 34.877, 34.898, 34.995, 35.208, 35.227, 34.94, 34.639, 34.687, 35.155, 35.652, 35.991, 33.369], [32.994, 32.17, 32.175, 32.495, 32.259, 31.84, 31.368, 30.368, 28.407, 26.679, 25.692, 23.827, 20.872, 18.555, 16.792, 14.302, 11.743, 10.101, 6.808, 0.0, 8.773, 16.752, 21.048, 22.892, 24.473, 26.068, 27.72, 30.12, 32.882, 34.897, 35.541, 35.929, 36.422, 36.553, 36.339, 36.165, 36.196, 36.555, 37.769, 38.974, 39.102, 39.021, 39.232, 39.481, 39.599, 39.648, 39.947, 40.573, 40.562, 39.463, 37.834, 37.216, 37.45, 37.105, 36.453, 36.4, 36.569, 36.817, 37.378, 38.169, 38.694, 39.087, 40.138, 41.295, 41.464, 41.049, 41.392, 43.432, 45.537, 45.747, 44.341, 42.943, 41.802, 40.208, 39.337, 39.574, 39.731, 39.326, 38.568, 38.244, 38.616, 39.248, 39.274, 38.426, 37.477, 37.763, 38.297, 38.088, 37.485, 37.077, 37.294, 37.289, 36.46, 35.941, 36.391, 36.928, 36.878, 36.593, 36.401, 36.385, 36.687, 37.341, 37.481, 37.447, 37.373, 36.736, 36.042, 35.802, 35.767, 35.904, 36.17, 36.549, 36.831, 36.44, 35.599, 34.63, 33.905, 33.568, 33.579, 33.677, 33.673, 33.609, 33.79, 33.958, 33.952, 33.9, 33.804, 33.835, 33.904, 33.781, 33.721, 34.138, 34.34, 34.32, 34.394, 34.415, 34.532, 34.761, 34.779, 34.477, 34.161, 34.207, 34.692, 35.226, 35.604, 33.478], [34.025, 33.25, 33.237, 33.544, 33.353, 32.988, 32.537, 31.583, 29.829, 28.428, 27.67, 26.054, 23.4, 21.397, 20.036, 18.179, 16.411, 15.556, 13.733, 8.773, 0.0, 9.95, 16.317, 19.424, 21.639, 23.503, 25.372, 28.22, 31.514, 33.847, 34.637, 35.084, 35.63, 35.87, 35.765, 35.67, 35.774, 36.212, 37.48, 38.737, 38.909, 38.872, 39.126, 39.394, 39.529, 39.608, 39.936, 40.581, 40.639, 39.674, 38.156, 37.571, 37.823, 37.538, 36.986, 36.923, 37.039, 37.27, 37.803, 38.546, 39.035, 39.407, 40.44, 41.586, 41.748, 41.338, 41.726, 43.792, 45.903, 46.14, 44.782, 43.396, 42.247, 40.691, 39.866, 40.099, 40.227, 39.811, 39.082, 38.774, 39.111, 39.704, 39.721, 38.894, 38.004, 38.358, 38.933, 38.738, 38.153, 37.755, 37.945, 37.932, 37.179, 36.717, 37.168, 37.72, 37.683, 37.395, 37.19, 37.151, 37.42, 38.021, 38.138, 38.097, 37.998, 37.297, 36.522, 36.237, 36.2, 36.314, 36.529, 36.871, 37.08, 36.683, 35.93, 35.051, 34.346, 34.029, 34.024, 34.032, 34.003, 33.966, 34.144, 34.282, 34.265, 34.228, 34.159, 34.209, 34.269, 34.153, 34.167, 34.658, 34.904, 34.916, 34.99, 35.016, 35.148, 35.378, 35.408, 35.134, 34.831, 34.851, 35.284, 35.785, 36.156, 34.425], [36.154, 35.474, 35.414, 35.682, 35.575, 35.346, 34.966, 34.06, 32.534, 31.463, 30.889, 29.469, 27.004, 25.069, 23.944, 22.652, 21.363, 20.659, 19.671, 16.752, 9.95, 0.0, 8.893, 14.913, 18.674, 20.744, 22.565, 25.697, 29.471, 32.175, 33.248, 33.848, 34.5, 34.921, 35.04, 35.108, 35.314, 35.892, 37.274, 38.592, 38.834, 38.866, 39.153, 39.429, 39.59, 39.746, 40.183, 40.916, 41.068, 40.294, 39.016, 38.559, 38.818, 38.593, 38.246, 38.239, 38.275, 38.449, 38.948, 39.624, 40.05, 40.371, 41.27, 42.272, 42.397, 42.058, 42.513, 44.47, 46.433, 46.646, 45.404, 44.168, 43.162, 41.793, 41.062, 41.278, 41.361, 40.944, 40.287, 40.031, 40.326, 40.816, 40.815, 40.08, 39.346, 39.718, 40.227, 40.044, 39.543, 39.201, 39.358, 39.335, 38.707, 38.349, 38.765, 39.245, 39.205, 38.975, 38.825, 38.801, 39.023, 39.53, 39.623, 39.598, 39.53, 38.845, 38.055, 37.799, 37.818, 37.892, 38.018, 38.279, 38.39, 38.04, 37.484, 36.794, 36.176, 35.862, 35.824, 35.76, 35.704, 35.667, 35.811, 35.881, 35.839, 35.839, 35.831, 35.907, 35.95, 35.86, 35.985, 36.565, 36.858, 36.944, 37.049, 37.068, 37.198, 37.409, 37.434, 37.215, 36.964, 36.95, 37.247, 37.613, 37.91, 36.455], [37.405, 36.844, 36.82, 37.074, 36.985, 36.804, 36.453, 35.586, 34.212, 33.312, 32.788, 31.491, 29.287, 27.514, 26.509, 25.484, 24.515, 23.939, 23.133, 21.048, 16.317, 8.893, 0.0, 8.451, 14.464, 17.219, 18.825, 21.985, 26.317, 29.665, 31.169, 31.997, 32.806, 33.396, 33.687, 33.883, 34.193, 34.964, 36.604, 38.135, 38.512, 38.634, 38.987, 39.321, 39.551, 39.8, 40.388, 41.287, 41.523, 40.791, 39.563, 39.116, 39.355, 39.146, 38.849, 38.865, 38.889, 39.028, 39.502, 40.172, 40.599, 40.886, 41.674, 42.576, 42.691, 42.392, 42.857, 44.729, 46.606, 46.811, 45.639, 44.508, 43.608, 42.361, 41.692, 41.928, 42.029, 41.627, 40.962, 40.701, 41.001, 41.47, 41.475, 40.774, 40.077, 40.395, 40.826, 40.637, 40.176, 39.887, 40.09, 40.094, 39.504, 39.175, 39.587, 40.034, 39.983, 39.782, 39.645, 39.606, 39.817, 40.314, 40.408, 40.397, 40.355, 39.682, 38.876, 38.645, 38.72, 38.787, 38.849, 39.068, 39.205, 38.901, 38.366, 37.72, 37.141, 36.783, 36.719, 36.659, 36.606, 36.564, 36.681, 36.691, 36.626, 36.648, 36.656, 36.728, 36.771, 36.696, 36.86, 37.5, 37.857, 37.987, 38.086, 38.09, 38.238, 38.442, 38.446, 38.248, 38.032, 38.007, 38.224, 38.517, 38.794, 37.624], [37.383, 36.882, 36.929, 37.188, 37.049, 36.811, 36.438, 35.617, 34.337, 33.493, 32.976, 31.812, 29.921, 28.405, 27.549, 26.744, 26.1, 25.721, 24.888, 22.892, 19.424, 14.913, 8.451, 0.0, 7.869, 12.181, 14.2, 17.383, 22.378, 26.605, 28.632, 29.756, 30.757, 31.474, 31.837, 32.088, 32.49, 33.444, 35.359, 37.173, 37.704, 37.903, 38.33, 38.741, 39.04, 39.369, 40.104, 41.208, 41.57, 40.817, 39.486, 38.956, 39.17, 38.928, 38.515, 38.533, 38.638, 38.779, 39.216, 39.919, 40.404, 40.692, 41.462, 42.373, 42.515, 42.203, 42.613, 44.481, 46.409, 46.656, 45.479, 44.321, 43.398, 42.146, 41.492, 41.758, 41.906, 41.531, 40.818, 40.515, 40.839, 41.37, 41.412, 40.698, 39.935, 40.202, 40.632, 40.441, 39.953, 39.661, 39.913, 39.946, 39.322, 38.95, 39.365, 39.834, 39.777, 39.554, 39.389, 39.321, 39.53, 40.045, 40.143, 40.127, 40.065, 39.351, 38.52, 38.278, 38.359, 38.44, 38.498, 38.734, 38.973, 38.696, 38.07, 37.358, 36.755, 36.373, 36.289, 36.237, 36.202, 36.193, 36.336, 36.332, 36.252, 36.271, 36.255, 36.297, 36.334, 36.254, 36.394, 37.046, 37.441, 37.567, 37.641, 37.643, 37.814, 38.027, 38.013, 37.798, 37.587, 37.574, 37.8, 38.106, 38.411, 37.561], [37.201, 36.706, 36.796, 37.079, 36.922, 36.633, 36.244, 35.478, 34.269, 33.466, 32.993, 31.925, 30.23, 28.927, 28.255, 27.685, 27.324, 27.11, 26.325, 24.473, 21.639, 18.674, 14.464, 7.869, 0.0, 5.834, 9.338, 13.05, 18.653, 23.697, 26.2, 27.6, 28.804, 29.677, 30.101, 30.396, 30.89, 31.958, 33.993, 35.981, 36.638, 36.91, 37.408, 37.886, 38.232, 38.644, 39.541, 40.812, 41.255, 40.517, 39.194, 38.688, 38.894, 38.612, 38.155, 38.245, 38.432, 38.566, 38.974, 39.694, 40.204, 40.482, 41.252, 42.197, 42.38, 42.07, 42.443, 44.323, 46.295, 46.564, 45.366, 44.158, 43.193, 41.929, 41.287, 41.563, 41.733, 41.379, 40.648, 40.331, 40.665, 41.227, 41.293, 40.584, 39.785, 40.029, 40.484, 40.309, 39.792, 39.45, 39.679, 39.705, 39.043, 38.611, 38.987, 39.456, 39.408, 39.185, 39.009, 38.925, 39.135, 39.67, 39.773, 39.749, 39.666, 38.95, 38.148, 37.906, 37.973, 38.053, 38.106, 38.336, 38.62, 38.349, 37.661, 36.914, 36.291, 35.922, 35.864, 35.819, 35.794, 35.812, 35.988, 36.012, 35.946, 35.966, 35.941, 35.963, 35.985, 35.9, 35.997, 36.59, 36.969, 37.075, 37.14, 37.155, 37.335, 37.558, 37.544, 37.302, 37.081, 37.1, 37.378, 37.714, 38.025, 37.363], [37.344, 36.869, 36.966, 37.273, 37.165, 36.907, 36.541, 35.826, 34.687, 33.937, 33.519, 32.521, 30.938, 29.77, 29.226, 28.78, 28.537, 28.396, 27.698, 26.068, 23.503, 20.744, 17.219, 12.181, 5.834, 0.0, 5.056, 10.349, 16.746, 22.131, 24.754, 26.267, 27.641, 28.658, 29.141, 29.479, 30.039, 31.168, 33.218, 35.229, 35.926, 36.253, 36.821, 37.351, 37.727, 38.203, 39.211, 40.568, 41.032, 40.322, 39.089, 38.668, 38.884, 38.598, 38.18, 38.328, 38.53, 38.657, 39.066, 39.783, 40.286, 40.558, 41.317, 42.257, 42.452, 42.151, 42.516, 44.4, 46.364, 46.614, 45.411, 44.206, 43.25, 42.005, 41.376, 41.645, 41.811, 41.458, 40.732, 40.426, 40.753, 41.295, 41.351, 40.655, 39.875, 40.12, 40.565, 40.387, 39.864, 39.495, 39.681, 39.682, 39.0, 38.54, 38.892, 39.352, 39.314, 39.11, 38.937, 38.84, 39.051, 39.603, 39.715, 39.692, 39.631, 38.966, 38.211, 37.979, 38.049, 38.135, 38.185, 38.388, 38.638, 38.35, 37.659, 36.919, 36.293, 35.942, 35.911, 35.858, 35.818, 35.845, 36.035, 36.068, 35.999, 36.023, 36.016, 36.038, 36.055, 35.972, 36.037, 36.583, 36.956, 37.065, 37.131, 37.158, 37.353, 37.584, 37.575, 37.334, 37.115, 37.146, 37.442, 37.779, 38.081, 37.47], [37.761, 37.349, 37.459, 37.768, 37.712, 37.521, 37.196, 36.525, 35.458, 34.764, 34.39, 33.49, 32.059, 31.008, 30.535, 30.14, 29.915, 29.778, 29.157, 27.72, 25.372, 22.565, 18.825, 14.2, 9.338, 5.056, 0.0, 6.895, 14.915, 20.992, 23.738, 25.282, 26.812, 27.998, 28.577, 28.976, 29.588, 30.783, 32.908, 34.955, 35.675, 36.049, 36.675, 37.242, 37.641, 38.157, 39.232, 40.668, 41.184, 40.509, 39.311, 38.905, 39.117, 38.83, 38.422, 38.565, 38.749, 38.866, 39.286, 40.006, 40.497, 40.757, 41.501, 42.418, 42.596, 42.292, 42.663, 44.547, 46.488, 46.72, 45.522, 44.342, 43.418, 42.216, 41.612, 41.881, 42.052, 41.704, 40.995, 40.702, 41.023, 41.551, 41.605, 40.925, 40.159, 40.366, 40.767, 40.576, 40.048, 39.667, 39.838, 39.825, 39.13, 38.664, 39.014, 39.46, 39.419, 39.233, 39.07, 38.969, 39.184, 39.749, 39.868, 39.856, 39.83, 39.215, 38.495, 38.285, 38.37, 38.457, 38.511, 38.713, 38.952, 38.661, 37.986, 37.266, 36.656, 36.335, 36.314, 36.24, 36.181, 36.208, 36.391, 36.415, 36.335, 36.348, 36.333, 36.344, 36.359, 36.276, 36.322, 36.854, 37.237, 37.35, 37.405, 37.428, 37.632, 37.873, 37.868, 37.643, 37.435, 37.458, 37.736, 38.051, 38.343, 37.834], [38.634, 38.296, 38.423, 38.718, 38.682, 38.54, 38.262, 37.624, 36.609, 35.955, 35.62, 34.847, 33.628, 32.739, 32.347, 32.024, 31.873, 31.778, 31.267, 30.12, 28.22, 25.697, 21.985, 17.383, 13.05, 10.349, 6.895, 0.0, 9.706, 17.444, 21.031, 22.801, 24.501, 26.042, 26.933, 27.514, 28.241, 29.598, 31.979, 34.238, 35.077, 35.538, 36.224, 36.831, 37.277, 37.878, 39.108, 40.753, 41.448, 40.916, 39.825, 39.453, 39.649, 39.358, 38.959, 39.128, 39.317, 39.404, 39.809, 40.533, 40.999, 41.216, 41.907, 42.78, 42.947, 42.653, 43.013, 44.846, 46.739, 46.969, 45.818, 44.7, 43.828, 42.689, 42.123, 42.396, 42.568, 42.24, 41.58, 41.33, 41.652, 42.171, 42.248, 41.61, 40.869, 41.023, 41.387, 41.21, 40.687, 40.288, 40.444, 40.426, 39.75, 39.287, 39.58, 39.975, 39.945, 39.794, 39.655, 39.556, 39.771, 40.344, 40.47, 40.462, 40.453, 39.879, 39.201, 39.017, 39.112, 39.189, 39.231, 39.453, 39.729, 39.467, 38.827, 38.137, 37.544, 37.257, 37.257, 37.166, 37.097, 37.104, 37.264, 37.293, 37.241, 37.278, 37.265, 37.266, 37.281, 37.203, 37.221, 37.688, 38.045, 38.154, 38.198, 38.2, 38.383, 38.623, 38.621, 38.397, 38.191, 38.202, 38.453, 38.73, 38.995, 38.669], [39.691, 39.39, 39.514, 39.801, 39.769, 39.644, 39.417, 38.839, 37.872, 37.23, 36.938, 36.291, 35.289, 34.614, 34.365, 34.14, 34.103, 34.103, 33.71, 32.882, 31.514, 29.471, 26.317, 22.378, 18.653, 16.746, 14.915, 9.706, 0.0, 9.453, 14.865, 17.564, 19.52, 21.527, 22.993, 23.969, 24.893, 26.455, 29.19, 31.819, 32.885, 33.489, 34.26, 34.914, 35.437, 36.198, 37.696, 39.7, 40.778, 40.637, 39.902, 39.73, 39.955, 39.75, 39.556, 39.912, 40.153, 40.205, 40.564, 41.265, 41.697, 41.858, 42.462, 43.278, 43.468, 43.212, 43.493, 45.164, 46.976, 47.213, 46.132, 45.099, 44.278, 43.2, 42.68, 42.949, 43.098, 42.782, 42.199, 42.02, 42.325, 42.812, 42.924, 42.352, 41.664, 41.81, 42.174, 42.035, 41.535, 41.123, 41.245, 41.221, 40.605, 40.171, 40.391, 40.74, 40.758, 40.667, 40.564, 40.469, 40.669, 41.232, 41.364, 41.353, 41.347, 40.817, 40.2, 40.029, 40.112, 40.175, 40.194, 40.418, 40.703, 40.485, 39.917, 39.264, 38.662, 38.393, 38.42, 38.315, 38.231, 38.222, 38.382, 38.43, 38.421, 38.535, 38.579, 38.592, 38.617, 38.564, 38.533, 38.86, 39.169, 39.277, 39.322, 39.309, 39.445, 39.673, 39.683, 39.454, 39.224, 39.182, 39.372, 39.597, 39.814, 39.699], [40.307, 40.013, 40.117, 40.407, 40.389, 40.275, 40.076, 39.563, 38.686, 38.092, 37.849, 37.315, 36.49, 35.982, 35.855, 35.718, 35.756, 35.816, 35.508, 34.897, 33.847, 32.175, 29.665, 26.605, 23.697, 22.131, 20.992, 17.444, 9.453, 0.0, 7.138, 11.704, 14.531, 16.815, 18.67, 20.088, 21.18, 22.776, 25.693, 28.608, 29.868, 30.598, 31.439, 32.099, 32.669, 33.592, 35.329, 37.642, 39.083, 39.359, 39.088, 39.257, 39.583, 39.524, 39.732, 40.422, 40.756, 40.8, 41.139, 41.826, 42.232, 42.365, 42.937, 43.722, 43.915, 43.686, 43.888, 45.395, 47.139, 47.383, 46.34, 45.339, 44.533, 43.471, 42.975, 43.256, 43.394, 43.078, 42.545, 42.4, 42.673, 43.13, 43.27, 42.751, 42.094, 42.224, 42.571, 42.45, 41.97, 41.55, 41.638, 41.617, 41.062, 40.679, 40.87, 41.197, 41.257, 41.22, 41.168, 41.094, 41.268, 41.795, 41.922, 41.91, 41.898, 41.402, 40.845, 40.691, 40.765, 40.824, 40.86, 41.101, 41.346, 41.152, 40.673, 40.062, 39.446, 39.177, 39.22, 39.122, 39.044, 39.044, 39.201, 39.235, 39.227, 39.391, 39.488, 39.514, 39.546, 39.517, 39.453, 39.664, 39.932, 40.064, 40.121, 40.105, 40.207, 40.416, 40.439, 40.222, 39.972, 39.859, 39.968, 40.142, 40.312, 40.294], [40.033, 39.738, 39.848, 40.151, 40.166, 40.092, 39.904, 39.411, 38.607, 38.085, 37.877, 37.396, 36.686, 36.294, 36.225, 36.138, 36.234, 36.333, 36.069, 35.541, 34.637, 33.248, 31.169, 28.632, 26.2, 24.754, 23.738, 21.031, 14.865, 7.138, 0.0, 6.251, 10.952, 13.887, 15.787, 17.396, 18.674, 20.321, 23.355, 26.429, 27.797, 28.625, 29.525, 30.165, 30.703, 31.662, 33.494, 35.926, 37.481, 37.896, 37.864, 38.29, 38.736, 38.755, 39.203, 40.141, 40.592, 40.675, 41.03, 41.726, 42.127, 42.271, 42.894, 43.715, 43.898, 43.665, 43.877, 45.385, 47.139, 47.392, 46.329, 45.282, 44.443, 43.351, 42.84, 43.134, 43.29, 42.973, 42.441, 42.299, 42.579, 43.037, 43.174, 42.65, 41.964, 42.051, 42.376, 42.249, 41.751, 41.302, 41.373, 41.354, 40.793, 40.426, 40.638, 40.961, 41.016, 41.002, 40.999, 40.958, 41.119, 41.618, 41.733, 41.72, 41.695, 41.203, 40.662, 40.52, 40.6, 40.669, 40.744, 41.02, 41.257, 41.059, 40.594, 39.969, 39.33, 39.078, 39.145, 39.068, 38.992, 38.998, 39.161, 39.19, 39.164, 39.32, 39.428, 39.451, 39.474, 39.446, 39.385, 39.592, 39.85, 39.986, 40.048, 40.036, 40.128, 40.324, 40.353, 40.14, 39.871, 39.724, 39.809, 39.977, 40.145, 40.024], [39.823, 39.542, 39.674, 39.992, 40.037, 40.021, 39.876, 39.4, 38.616, 38.118, 37.936, 37.483, 36.822, 36.5, 36.453, 36.392, 36.533, 36.661, 36.426, 35.929, 35.084, 33.848, 31.997, 29.756, 27.6, 26.267, 25.282, 22.801, 17.564, 11.704, 6.251, 0.0, 6.382, 10.858, 13.393, 15.21, 16.726, 18.674, 22.029, 25.337, 26.845, 27.763, 28.722, 29.391, 29.927, 30.866, 32.697, 35.141, 36.691, 37.103, 37.116, 37.636, 38.171, 38.262, 38.791, 39.811, 40.328, 40.461, 40.838, 41.529, 41.919, 42.071, 42.725, 43.566, 43.742, 43.518, 43.782, 45.337, 47.108, 47.366, 46.272, 45.184, 44.336, 43.249, 42.735, 43.028, 43.193, 42.889, 42.356, 42.216, 42.524, 43.001, 43.132, 42.601, 41.892, 41.953, 42.269, 42.131, 41.617, 41.148, 41.203, 41.166, 40.581, 40.236, 40.503, 40.834, 40.871, 40.859, 40.882, 40.867, 41.029, 41.518, 41.629, 41.616, 41.596, 41.12, 40.586, 40.453, 40.549, 40.628, 40.718, 41.001, 41.239, 41.031, 40.537, 39.871, 39.223, 39.021, 39.122, 39.031, 38.922, 38.916, 39.087, 39.14, 39.123, 39.271, 39.376, 39.397, 39.415, 39.386, 39.33, 39.535, 39.762, 39.865, 39.926, 39.929, 40.035, 40.228, 40.258, 40.051, 39.783, 39.642, 39.736, 39.913, 40.086, 39.825], [39.958, 39.698, 39.855, 40.185, 40.236, 40.247, 40.152, 39.711, 38.914, 38.391, 38.238, 37.833, 37.196, 36.909, 36.881, 36.836, 36.992, 37.124, 36.897, 36.422, 35.63, 34.5, 32.806, 30.757, 28.804, 27.641, 26.812, 24.501, 19.52, 14.531, 10.952, 6.382, 0.0, 6.018, 10.067, 12.599, 14.239, 16.469, 20.365, 24.074, 25.774, 26.777, 27.793, 28.548, 29.196, 30.196, 32.031, 34.472, 36.055, 36.498, 36.537, 37.11, 37.723, 37.948, 38.637, 39.748, 40.293, 40.454, 40.861, 41.571, 41.973, 42.121, 42.763, 43.596, 43.778, 43.579, 43.858, 45.383, 47.125, 47.372, 46.277, 45.196, 44.366, 43.299, 42.776, 43.049, 43.218, 42.949, 42.453, 42.316, 42.624, 43.106, 43.245, 42.723, 42.017, 42.086, 42.402, 42.257, 41.75, 41.281, 41.321, 41.265, 40.685, 40.376, 40.691, 41.039, 41.073, 41.058, 41.075, 41.061, 41.229, 41.728, 41.848, 41.841, 41.847, 41.406, 40.892, 40.765, 40.858, 40.941, 41.039, 41.304, 41.51, 41.281, 40.764, 40.077, 39.44, 39.262, 39.369, 39.256, 39.124, 39.109, 39.278, 39.355, 39.373, 39.546, 39.661, 39.683, 39.706, 39.681, 39.599, 39.727, 39.878, 39.949, 40.018, 40.04, 40.16, 40.362, 40.395, 40.188, 39.934, 39.813, 39.911, 40.084, 40.255, 39.954], [39.652, 39.418, 39.615, 39.963, 40.0, 40.003, 39.92, 39.516, 38.747, 38.218, 38.085, 37.749, 37.2, 36.983, 36.979, 36.945, 37.108, 37.24, 37.005, 36.553, 35.87, 34.921, 33.396, 31.474, 29.677, 28.658, 27.998, 26.042, 21.527, 16.815, 13.887, 10.858, 6.018, 0.0, 5.439, 9.376, 11.285, 13.489, 17.864, 22.028, 23.916, 25.013, 26.099, 26.938, 27.716, 28.832, 30.691, 33.101, 34.696, 35.17, 35.267, 35.942, 36.657, 37.041, 37.978, 39.26, 39.861, 40.046, 40.509, 41.307, 41.779, 41.931, 42.583, 43.442, 43.637, 43.447, 43.714, 45.203, 46.915, 47.148, 46.044, 44.963, 44.113, 42.992, 42.422, 42.685, 42.875, 42.641, 42.17, 42.024, 42.308, 42.773, 42.919, 42.393, 41.648, 41.706, 42.037, 41.897, 41.39, 40.923, 40.974, 40.937, 40.371, 40.081, 40.444, 40.838, 40.884, 40.867, 40.882, 40.867, 41.034, 41.537, 41.663, 41.663, 41.682, 41.248, 40.743, 40.613, 40.68, 40.755, 40.868, 41.124, 41.294, 41.037, 40.499, 39.806, 39.178, 38.971, 39.048, 38.946, 38.826, 38.825, 38.998, 39.074, 39.108, 39.306, 39.432, 39.451, 39.474, 39.448, 39.335, 39.4, 39.513, 39.586, 39.663, 39.688, 39.808, 40.031, 40.069, 39.855, 39.613, 39.505, 39.597, 39.762, 39.937, 39.628], [38.756, 38.534, 38.776, 39.134, 39.149, 39.135, 39.033, 38.649, 37.947, 37.473, 37.358, 37.08, 36.699, 36.644, 36.695, 36.678, 36.882, 37.046, 36.798, 36.339, 35.765, 35.04, 33.687, 31.837, 30.101, 29.141, 28.577, 26.933, 22.993, 18.67, 15.787, 13.393, 10.067, 5.439, 0.0, 5.061, 7.868, 10.431, 15.112, 19.601, 21.686, 22.935, 24.151, 25.076, 25.929, 27.145, 29.089, 31.546, 33.153, 33.612, 33.768, 34.575, 35.376, 35.828, 36.949, 38.421, 39.114, 39.324, 39.829, 40.733, 41.297, 41.481, 42.191, 43.124, 43.332, 43.117, 43.398, 44.948, 46.702, 46.942, 45.79, 44.639, 43.704, 42.463, 41.833, 42.12, 42.336, 42.075, 41.557, 41.389, 41.668, 42.125, 42.26, 41.707, 40.886, 40.906, 41.259, 41.133, 40.604, 40.103, 40.152, 40.129, 39.54, 39.232, 39.632, 40.071, 40.122, 40.102, 40.121, 40.105, 40.275, 40.807, 40.94, 40.938, 40.953, 40.503, 39.984, 39.849, 39.907, 39.976, 40.104, 40.385, 40.568, 40.278, 39.668, 38.909, 38.239, 38.018, 38.101, 38.022, 37.922, 37.94