[[0.0, 4.04, 8.717, 12.952, 16.869, 20.147, 21.621, 25.697, 32.936, 34.515, 34.133, 35.525, 37.128, 37.623, 38.316, 38.878, 39.668, 40.243, 39.331, 40.132, 40.819, 40.788, 40.612, 40.36, 40.34, 40.146, 40.187, 40.34, 40.512, 40.742, 40.717, 40.599, 40.605, 40.789, 40.982, 40.715, 40.69, 40.86, 40.742, 40.188, 40.152, 40.22, 39.951, 40.013, 40.856, 41.009, 39.709, 41.978, 42.465, 43.134, 42.129, 3.823], [4.04, 0.0, 6.049, 11.598, 15.841, 19.189, 20.848, 25.507, 33.174, 34.809, 34.43, 35.811, 37.403, 37.904, 38.604, 39.205, 40.025, 40.578, 39.712, 40.562, 41.263, 41.259, 41.108, 40.872, 40.85, 40.676, 40.712, 40.847, 41.031, 41.271, 41.254, 41.127, 41.108, 41.277, 41.46, 41.213, 41.21, 41.39, 41.283, 40.752, 40.719, 40.783, 40.511, 40.579, 41.394, 41.549, 40.261, 42.397, 42.862, 43.504, 42.516, 6.048], [8.717, 6.049, 0.0, 7.805, 13.487, 16.896, 18.776, 24.215, 32.52, 34.289, 33.889, 35.259, 36.879, 37.397, 38.137, 38.843, 39.752, 40.334, 39.618, 40.688, 41.513, 41.592, 41.485, 41.286, 41.295, 41.15, 41.19, 41.324, 41.518, 41.756, 41.731, 41.59, 41.549, 41.686, 41.86, 41.635, 41.639, 41.836, 41.721, 41.164, 41.105, 41.164, 40.882, 40.918, 41.646, 41.799, 40.511, 42.45, 42.893, 43.529, 42.62, 9.929], [12.952, 11.598, 7.805, 0.0, 7.327, 11.676, 13.917, 20.328, 29.679, 31.649, 31.204, 32.676, 34.44, 34.972, 35.799, 36.627, 37.597, 38.279, 37.778, 39.289, 40.503, 40.797, 40.72, 40.54, 40.648, 40.539, 40.628, 40.796, 41.001, 41.236, 41.208, 41.099, 41.107, 41.251, 41.415, 41.099, 41.036, 41.238, 41.113, 40.473, 40.348, 40.412, 40.113, 40.057, 40.711, 40.857, 39.493, 41.432, 41.884, 42.528, 41.58, 14.403], [16.869, 15.841, 13.487, 7.327, 0.0, 6.094, 9.215, 16.141, 26.457, 28.649, 28.202, 29.818, 31.783, 32.353, 33.231, 34.136, 35.172, 35.998, 35.671, 37.614, 39.224, 39.742, 39.699, 39.503, 39.718, 39.641, 39.775, 39.971, 40.186, 40.442, 40.413, 40.319, 40.382, 40.553, 40.705, 40.319, 40.213, 40.427, 40.321, 39.606, 39.391, 39.485, 39.185, 39.037, 39.697, 39.877, 38.377, 40.434, 40.933, 41.593, 40.467, 18.278], [20.147, 19.189, 16.896, 11.676, 6.094, 0.0, 5.257, 14.396, 25.2, 27.5, 27.113, 28.641, 30.616, 31.222, 32.102, 33.194, 34.441, 35.441, 35.305, 37.473, 39.277, 39.942, 39.931, 39.723, 39.964, 39.941, 40.125, 40.35, 40.597, 40.864, 40.835, 40.73, 40.783, 40.948, 41.084, 40.724, 40.654, 40.881, 40.766, 40.08, 39.91, 40.014, 39.683, 39.464, 40.04, 40.232, 38.722, 40.552, 41.029, 41.667, 40.519, 21.413], [21.621, 20.848, 18.776, 13.917, 9.215, 5.257, 0.0, 11.769, 23.818, 26.328, 26.009, 27.519, 29.567, 30.261, 31.15, 32.402, 33.843, 35.021, 34.9, 37.046, 38.88, 39.583, 39.589, 39.368, 39.625, 39.657, 39.908, 40.187, 40.456, 40.731, 40.699, 40.619, 40.721, 40.905, 41.045, 40.68, 40.62, 40.846, 40.728, 40.065, 39.906, 39.992, 39.639, 39.398, 39.933, 40.107, 38.826, 40.903, 41.359, 42.009, 40.814, 22.689], [25.697, 25.507, 24.215, 20.328, 16.141, 14.396, 11.769, 0.0, 14.545, 18.408, 18.281, 20.757, 23.849, 24.868, 26.238, 28.105, 29.987, 31.601, 31.499, 33.847, 35.86, 36.653, 36.689, 36.467, 36.865, 36.889, 37.197, 37.592, 37.894, 38.214, 38.17, 38.14, 38.382, 38.652, 38.821, 38.333, 38.184, 38.431, 38.398, 37.555, 37.089, 37.186, 36.836, 36.485, 37.147, 37.332, 36.36, 39.648, 40.198, 40.947, 39.586, 26.184], [32.936, 33.174, 32.52, 29.679, 26.457, 25.2, 23.818, 14.545, 0.0, 6.544, 8.458, 12.652, 16.868, 18.19, 21.002, 24.352, 26.834, 29.01, 29.432, 32.295, 34.542, 35.466, 35.561, 35.441, 36.063, 36.088, 36.377, 36.82, 37.184, 37.568, 37.579, 37.584, 37.837, 38.13, 38.292, 37.729, 37.502, 37.764, 37.789, 36.758, 35.995, 36.074, 35.728, 35.234, 35.846, 36.017, 35.353, 39.12, 39.642, 40.43, 39.046, 33.077], [34.515, 34.809, 34.289, 31.649, 28.649, 27.5, 26.328, 18.408, 6.544, 0.0, 5.032, 10.217, 14.084, 15.101, 18.959, 23.235, 25.959, 28.293, 29.017, 32.247, 34.681, 35.682, 35.773, 35.679, 36.424, 36.518, 36.799, 37.207, 37.551, 37.953, 38.016, 38.042, 38.276, 38.566, 38.722, 38.154, 37.917, 38.198, 38.221, 37.164, 36.377, 36.395, 36.025, 35.544, 36.14, 36.316, 35.63, 39.221, 39.731, 40.532, 39.147, 34.648], [34.133, 34.43, 33.889, 31.204, 28.202, 27.113, 26.009, 18.281, 8.458, 5.032, 0.0, 7.403, 12.454, 13.348, 17.259, 22.034, 25.028, 27.351, 28.161, 31.726, 34.268, 35.293, 35.413, 35.348, 36.152, 36.251, 36.518, 36.923, 37.251, 37.65, 37.725, 37.775, 38.028, 38.331, 38.501, 37.906, 37.683, 37.976, 37.982, 36.909, 36.149, 36.23, 35.925, 35.523, 36.188, 36.351, 35.523, 39.136, 39.692, 40.502, 39.109, 34.271], [35.525, 35.811, 35.259, 32.676, 29.818, 28.641, 27.519, 20.757, 12.652, 10.217, 7.403, 0.0, 6.664, 8.983, 13.844, 20.017, 23.792, 26.291, 27.63, 31.82, 34.555, 35.626, 35.8, 35.813, 36.669, 36.833, 37.095, 37.475, 37.839, 38.25, 38.361, 38.463, 38.738, 39.042, 39.186, 38.61, 38.407, 38.698, 38.694, 37.657, 36.912, 36.988, 36.701, 36.266, 36.762, 36.899, 36.004, 39.285, 39.815, 40.56, 39.266, 35.682], [37.128, 37.403, 36.879, 34.44, 31.783, 30.616, 29.567, 23.849, 16.868, 14.084, 12.454, 6.664, 0.0, 5.329, 12.891, 20.06, 24.224, 26.842, 28.521, 32.968, 35.774, 36.856, 37.014, 37.013, 37.847, 38.068, 38.31, 38.651, 39.016, 39.404, 39.519, 39.634, 39.889, 40.183, 40.311, 39.775, 39.583, 39.857, 39.855, 38.916, 38.238, 38.243, 37.921, 37.465, 37.828, 37.975, 37.1, 39.974, 40.448, 41.127, 39.942, 37.323], [37.623, 37.904, 37.397, 34.972, 32.353, 31.222, 30.261, 24.868, 18.19, 15.101, 13.348, 8.983, 5.329, 0.0, 10.326, 19.143, 23.678, 26.354, 28.284, 33.058, 35.997, 37.134, 37.317, 37.362, 38.241, 38.458, 38.665, 38.998, 39.37, 39.745, 39.861, 39.97, 40.22, 40.523, 40.669, 40.128, 39.926, 40.192, 40.184, 39.242, 38.556, 38.552, 38.225, 37.773, 38.114, 38.262, 37.29, 40.013, 40.486, 41.166, 40.007, 37.837], [38.316, 38.604, 38.137, 35.799, 33.231, 32.102, 31.15, 26.238, 21.002, 18.959, 17.259, 13.844, 12.891, 10.326, 0.0, 12.533, 19.62, 22.892, 25.769, 31.671, 34.929, 36.299, 36.702, 36.924, 37.995, 38.259, 38.432, 38.77, 39.205, 39.618, 39.741, 39.877, 40.177, 40.502, 40.66, 40.147, 39.981, 40.257, 40.238, 39.273, 38.556, 38.63, 38.359, 37.879, 38.151, 38.241, 37.006, 39.499, 39.965, 40.645, 39.46, 38.517], [38.878, 39.205, 38.843, 36.627, 34.136, 33.194, 32.402, 28.105, 24.352, 23.235, 22.034, 20.017, 20.06, 19.143, 12.533, 0.0, 10.982, 16.773, 20.541, 28.419, 32.424, 34.011, 34.608, 34.965, 36.271, 36.63, 36.834, 37.251, 37.838, 38.381, 38.534, 38.696, 39.059, 39.417, 39.581, 38.998, 38.875, 39.158, 39.06, 38.067, 37.472, 37.718, 37.53, 37.106, 37.487, 37.566, 36.205, 38.987, 39.483, 40.186, 38.825, 39.059], [39.668, 40.025, 39.752, 37.597, 35.172, 34.441, 33.843, 29.987, 26.834, 25.959, 25.028, 23.792, 24.224, 23.678, 19.62, 10.982, 0.0, 9.241, 16.193, 25.945, 30.764, 32.71, 33.429, 33.935, 35.45, 35.844, 36.018, 36.437, 37.137, 37.773, 37.952, 38.09, 38.451, 38.807, 38.979, 38.426, 38.391, 38.693, 38.56, 37.605, 37.127, 37.423, 37.253, 36.858, 37.293, 37.407, 36.067, 38.92, 39.422, 40.159, 38.718, 39.838], [40.243, 40.578, 40.334, 38.279, 35.998, 35.441, 35.021, 31.601, 29.01, 28.293, 27.351, 26.291, 26.842, 26.354, 22.892, 16.773, 9.241, 0.0, 12.759, 25.064, 30.425, 32.669, 33.563, 34.185, 35.793, 36.258, 36.416, 36.802, 37.501, 38.164, 38.386, 38.518, 38.846, 39.165, 39.326, 38.856, 38.846, 39.166, 39.097, 38.212, 37.766, 38.047, 37.893, 37.562, 38.024, 38.202, 36.725, 39.242, 39.77, 40.465, 39.058, 40.395], [39.331, 39.712, 39.618, 37.778, 35.671, 35.305, 34.9, 31.499, 29.432, 29.017, 28.161, 27.63, 28.521, 28.284, 25.769, 20.541, 16.193, 12.759, 0.0, 16.086, 23.999, 27.108, 28.317, 29.164, 31.27, 32.262, 32.707, 33.279, 34.241, 35.23, 35.62, 35.796, 36.143, 36.472, 36.635, 36.135, 36.265, 36.764, 36.808, 35.899, 35.534, 35.963, 35.847, 35.636, 36.418, 36.654, 35.325, 38.617, 39.237, 40.024, 38.432, 39.425], [40.132, 40.562, 40.688, 39.289, 37.614, 37.473, 37.046, 33.847, 32.295, 32.247, 31.726, 31.82, 32.968, 33.058, 31.671, 28.419, 25.945, 25.064, 16.086, 0.0, 11.932, 18.257, 20.662, 22.149, 25.417, 27.889, 29.269, 30.062, 31.112, 32.395, 32.986, 33.242, 33.648, 33.959, 34.062, 33.595, 34.02, 34.815, 34.945, 34.363, 34.621, 35.226, 35.173, 35.174, 36.224, 36.415, 35.571, 39.498, 40.09, 40.956, 39.354, 40.092], [40.819, 41.263, 41.513, 40.503, 39.224, 39.277, 38.88, 35.86, 34.542, 34.681, 34.268, 34.555, 35.774, 35.997, 34.929, 32.424, 30.764, 30.425, 23.999, 11.932, 0.0, 9.861, 14.751, 17.241, 21.519, 25.407, 27.734, 28.688, 29.54, 30.859, 31.525, 31.899, 32.509, 32.91, 33.006, 32.685, 33.392, 34.399, 34.56, 34.116, 34.872, 35.692, 35.746, 35.901, 36.95, 37.098, 36.451, 40.41, 40.931, 41.8, 40.337, 40.668], [40.788, 41.259, 41.592, 40.797, 39.742, 39.942, 39.583, 36.653, 35.466, 35.682, 35.293, 35.626, 36.856, 37.134, 36.299, 34.011, 32.71, 32.669, 27.108, 18.257, 9.861, 0.0, 7.492, 11.922, 16.902, 21.965, 25.214, 26.497, 27.557, 29.107, 29.889, 30.382, 31.184, 31.738, 31.883, 31.584, 32.443, 33.612, 33.936, 33.591, 34.398, 35.31, 35.412, 35.593, 36.677, 36.823, 36.388, 40.71, 41.247, 42.149, 40.67, 40.567], [40.612, 41.108, 41.485, 40.72, 39.699, 39.931, 39.589, 36.689, 35.561, 35.773, 35.413, 35.8, 37.014, 37.317, 36.702, 34.608, 33.429, 33.563, 28.317, 20.662, 14.751, 7.492, 0.0, 6.458, 13.118, 19.192, 23.01, 24.471, 25.75, 27.5, 28.37, 28.938, 29.841, 30.481, 30.662, 30.318, 31.169, 32.464, 32.947, 32.8, 33.768, 34.676, 34.783, 35.048, 36.273, 36.425, 36.121, 40.707, 41.261, 42.192, 40.691, 40.385], [40.36, 40.872, 41.286, 40.54, 39.503, 39.723, 39.368, 36.467, 35.441, 35.679, 35.348, 35.813, 37.013, 37.362, 36.924, 34.965, 33.935, 34.185, 29.164, 22.149, 17.241, 11.922, 6.458, 0.0, 8.837, 16.636, 21.01, 22.648, 24.214, 26.151, 27.103, 27.794, 28.851, 29.56, 29.764, 29.447, 30.278, 31.615, 32.192, 32.234, 33.41, 34.329, 34.411, 34.757, 36.104, 36.284, 35.945, 40.679, 41.259, 42.182, 40.645, 40.119], [40.34, 40.85, 41.295, 40.648, 39.718, 39.964, 39.625, 36.865, 36.063, 36.424, 36.152, 36.669, 37.847, 38.241, 37.995, 36.271, 35.45, 35.793, 31.27, 25.417, 21.519, 16.902, 13.118, 8.837, 0.0, 10.818, 17.074, 19.431, 21.887, 24.347, 25.492, 26.35, 27.573, 28.43, 28.671, 28.451, 29.469, 30.876, 31.588, 31.958, 33.358, 34.252, 34.29, 34.656, 36.033, 36.253, 36.019, 40.902, 41.477, 42.363, 40.854, 40.049], [40.146, 40.676, 41.15, 40.539, 39.641, 39.941, 39.657, 36.889, 36.088, 36.518, 36.251, 36.833, 38.068, 38.458, 38.259, 36.63, 35.844, 36.258, 32.262, 27.889, 25.407, 21.965, 19.192, 16.636, 10.818, 0.0, 8.59, 12.943, 17.078, 20.339, 21.771, 22.904, 24.313, 25.412, 25.807, 25.881, 27.341, 28.971, 29.912, 30.581, 32.188, 33.167, 33.219, 33.629, 35.146, 35.444, 35.515, 40.695, 41.259, 42.134, 40.578, 39.827], [40.187, 40.712, 41.19, 40.628, 39.775, 40.125, 39.908, 37.197, 36.377, 36.799, 36.518, 37.095, 38.31, 38.665, 38.432, 36.834, 36.018, 36.416, 32.707, 29.269, 27.734, 25.214, 23.01, 21.01, 17.074, 8.59, 0.0, 6.89, 13.712, 17.828, 19.439, 20.78, 22.315, 23.54, 24.066, 24.546, 26.406, 28.182, 29.202, 29.951, 31.567, 32.622, 32.706, 33.137, 34.76, 35.092, 35.383, 40.648, 41.221, 42.086, 40.527, 39.874], [40.34, 40.847, 41.324, 40.796, 39.971, 40.35, 40.187, 37.592, 36.82, 37.207, 36.923, 37.475, 38.651, 38.998, 38.77, 37.251, 36.437, 36.802, 33.279, 30.062, 28.688, 26.497, 24.471, 22.648, 19.431, 12.943, 6.89, 0.0, 9.155, 14.515, 16.548, 18.225, 20.099, 21.5, 22.115, 23.022, 25.323, 27.276, 28.328, 29.272, 31.241, 32.459, 32.592, 33.048, 34.708, 35.05, 35.382, 40.685, 41.262, 42.119, 40.592, 40.032], [40.512, 41.031, 41.518, 41.001, 40.186, 40.597, 40.456, 37.894, 37.184, 37.551, 37.251, 37.839, 39.016, 39.37, 39.205, 37.838, 37.137, 37.501, 34.241, 31.112, 29.54, 27.557, 25.75, 24.214, 21.887, 17.078, 13.712, 9.155, 0.0, 6.89, 10.306, 13.184, 15.997, 17.76, 18.59, 19.871, 22.571, 24.857, 26.106, 27.489, 30.317, 31.898, 32.081, 32.652, 34.342, 34.711, 35.203, 40.592, 41.183, 42.065, 40.54, 40.214], [40.742, 41.271, 41.756, 41.236, 40.442, 40.864, 40.731, 38.214, 37.568, 37.953, 37.65, 38.25, 39.404, 39.745, 39.618, 38.381, 37.773, 38.164, 35.23, 32.395, 30.859, 29.107, 27.5, 26.151, 24.347, 20.339, 17.828, 14.515, 6.89, 0.0, 5.109, 9.855, 13.61, 15.693, 16.77, 18.392, 21.222, 23.606, 25.012, 26.84, 30.264, 32.032, 32.23, 32.888, 34.545, 34.91, 35.467, 40.713, 41.301, 42.166, 40.68, 40.456], [40.717, 41.254, 41.731, 41.208, 40.413, 40.835, 40.699, 38.17, 37.579, 38.016, 37.725, 38.361, 39.519, 39.861, 39.741, 38.534, 37.952, 38.386, 35.62, 32.986, 31.525, 29.889, 28.37, 27.103, 25.492, 21.771, 19.439, 16.548, 10.306, 5.109, 0.0, 6.07, 10.936, 13.474, 14.901, 17.184, 20.499, 22.988, 24.372, 26.354, 29.953, 31.759, 31.945, 32.637, 34.345, 34.708, 35.37, 40.655, 41.26, 42.121, 40.662, 40.424], [40.599, 41.127, 41.59, 41.099, 40.319, 40.73, 40.619, 38.14, 37.584, 38.042, 37.775, 38.463, 39.634, 39.97, 39.877, 38.696, 38.09, 38.518, 35.796, 33.242, 31.899, 30.382, 28.938, 27.794, 26.35, 22.904, 20.78, 18.225, 13.184, 9.855, 6.07, 0.0, 6.233, 9.82, 11.687, 15.135, 19.49, 22.298, 23.707, 25.712, 29.357, 31.23, 31.479, 32.265, 34.083, 34.474, 35.242, 40.524, 41.151, 42.034, 40.583, 40.303], [40.605, 41.108, 41.549, 41.107, 40.382, 40.783, 40.721, 38.382, 37.837, 38.276, 38.028, 38.738, 39.889, 40.22, 40.177, 39.059, 38.451, 38.846, 36.143, 33.648, 32.509, 31.184, 29.841, 28.851, 27.573, 24.313, 22.315, 20.099, 15.997, 13.61, 10.936, 6.233, 0.0, 4.966, 7.906, 12.869, 18.467, 21.67, 23.216, 25.346, 29.048, 31.016, 31.424, 32.402, 34.302, 34.747, 35.602, 40.713, 41.341, 42.224, 40.778, 40.322], [40.789, 41.277, 41.686, 41.251, 40.553, 40.948, 40.905, 38.652, 38.13, 38.566, 38.331, 39.042, 40.183, 40.523, 40.502, 39.417, 38.807, 39.165, 36.472, 33.959, 32.91, 31.738, 30.481, 29.56, 28.43, 25.412, 23.54, 21.5, 17.76, 15.693, 13.474, 9.82, 4.966, 0.0, 4.933, 11.978, 18.098, 21.427, 23.067, 25.265, 29.028, 31.097, 31.645, 32.756, 34.653, 35.106, 35.931, 40.894, 41.516, 42.39, 40.955, 40.503], [40.982, 41.46, 41.86, 41.415, 40.705, 41.084, 41.045, 38.821, 38.292, 38.722, 38.501, 39.186, 40.311, 40.669, 40.66, 39.581, 38.979, 39.326, 36.635, 34.062, 33.006, 31.883, 30.662, 29.764, 28.671, 25.807, 24.066, 22.115, 18.59, 16.77, 14.901, 11.687, 7.906, 4.933, 0.0, 9.204, 16.505, 20.189, 22.068, 24.598, 28.659, 30.878, 31.495, 32.643, 34.519, 34.954, 35.822, 40.798, 41.432, 42.317, 40.896, 40.697], [40.715, 41.213, 41.635, 41.099, 40.319, 40.724, 40.68, 38.333, 37.729, 38.154, 37.906, 38.61, 39.775, 40.128, 40.147, 38.998, 38.426, 38.856, 36.135, 33.595, 32.685, 31.584, 30.318, 29.447, 28.451, 25.881, 24.546, 23.022, 19.871, 18.392, 17.184, 15.135, 12.869, 11.978, 9.204, 0.0, 9.456, 14.894, 17.302, 20.498, 25.58, 28.27, 29.046, 30.407, 32.545, 33.011, 34.329, 39.928, 40.656, 41.645, 40.189, 40.436], [40.69, 41.21, 41.639, 41.036, 40.213, 40.654, 40.62, 38.184, 37.502, 37.917, 37.683, 38.407, 39.583, 39.926, 39.981, 38.875, 38.391, 38.846, 36.265, 34.02, 33.392, 32.443, 31.169, 30.278, 29.469, 27.341, 26.406, 25.323, 22.571, 21.222, 20.499, 19.49, 18.467, 18.098, 16.505, 9.456, 0.0, 7.901, 12.424, 16.608, 22.561, 25.642, 26.662, 28.359, 30.837, 31.348, 33.092, 39.206, 40.017, 41.11, 39.651, 40.424], [40.86, 41.39, 41.836, 41.238, 40.427, 40.881, 40.846, 38.431, 37.764, 38.198, 37.976, 38.698, 39.857, 40.192, 40.257, 39.158, 38.693, 39.166, 36.764, 34.815, 34.399, 33.612, 32.464, 31.615, 30.876, 28.971, 28.182, 27.276, 24.857, 23.606, 22.988, 22.298, 21.67, 21.427, 20.189, 14.894, 7.901, 0.0, 7.721, 14.689, 21.583, 24.743, 25.824, 27.721, 30.391, 30.945, 32.897, 39.169, 40.028, 41.141, 39.709, 40.595], [40.742, 41.283, 41.721, 41.113, 40.321, 40.766, 40.728, 38.398, 37.789, 38.221, 37.982, 38.694, 39.855, 40.184, 40.238, 39.06, 38.56, 39.097, 36.808, 34.945, 34.56, 33.936, 32.947, 32.192, 31.588, 29.912, 29.202, 28.328, 26.106, 25.012, 24.372, 23.707, 23.216, 23.067, 22.068, 17.302, 12.424, 7.721, 0.0, 10.333, 20.012, 23.839, 24.919, 27.005, 29.748, 30.349, 32.436, 38.761, 39.656, 40.796, 39.368, 40.475], [40.188, 40.752, 41.164, 40.473, 39.606, 40.08, 40.065, 37.555, 36.758, 37.164, 36.909, 37.657, 38.916, 39.242, 39.273, 38.067, 37.605, 38.212, 35.899, 34.363, 34.116, 33.591, 32.8, 32.234, 31.958, 30.581, 29.951, 29.272, 27.489, 26.84, 26.354, 25.712, 25.346, 25.265, 24.598, 20.498, 16.608, 14.689, 10.333, 0.0, 12.848, 19.149, 21.079, 23.455, 26.659, 27.463, 30.077, 37.128, 38.144, 39.469, 37.967, 39.917], [40.152, 40.719, 41.105, 40.348, 39.391, 39.91, 39.906, 37.089, 35.995, 36.377, 36.149, 36.912, 38.238, 38.556, 38.556, 37.472, 37.127, 37.766, 35.534, 34.621, 34.872, 34.398, 33.768, 33.41, 33.358, 32.188, 31.567, 31.241, 30.317, 30.264, 29.953, 29.357, 29.048, 29.028, 28.659, 25.58, 22.561, 21.583, 20.012, 12.848, 0.0, 9.887, 14.599, 18.135, 22.757, 23.965, 27.536, 35.877, 37.025, 38.53, 37.002, 39.873], [40.22, 40.783, 41.164, 40.412, 39.485, 40.014, 39.992, 37.186, 36.074, 36.395, 36.23, 36.988, 38.243, 38.552, 38.63, 37.718, 37.423, 38.047, 35.963, 35.226, 35.692, 35.31, 34.676, 34.329, 34.252, 33.167, 32.622, 32.459, 31.898, 32.032, 31.759, 31.23, 31.016, 31.097, 30.878, 28.27, 25.642, 24.743, 23.839, 19.149, 9.887, 0.0, 7.892, 14.815, 21.227, 22.742, 26.864, 35.603, 36.77, 38.247, 36.808, 39.933], [39.951, 40.511, 40.882, 40.113, 39.185, 39.683, 39.639, 36.836, 35.728, 36.025, 35.925, 36.701, 37.921, 38.225, 38.359, 37.53, 37.253, 37.893, 35.847, 35.173, 35.746, 35.412, 34.783, 34.411, 34.29, 33.219, 32.706, 32.592, 32.081, 32.23, 31.945, 31.479, 31.424, 31.645, 31.495, 29.046, 26.662, 25.824, 24.919, 21.079, 14.599, 7.892, 0.0, 10.396, 18.755, 20.666, 25.473, 34.68, 35.899, 37.388, 36.052, 39.674], [40.013, 40.579, 40.918, 40.057, 39.037, 39.464, 39.398, 36.485, 35.234, 35.544, 35.523, 36.266, 37.465, 37.773, 37.879, 37.106, 36.858, 37.562, 35.636, 35.174, 35.901, 35.593, 35.048, 34.757, 34.656, 33.629, 33.137, 33.048, 32.652, 32.888, 32.637, 32.265, 32.402, 32.756, 32.643, 30.407, 28.359, 27.721, 27.005, 23.455, 18.135, 14.815, 10.396, 0.0, 10.836, 14.128, 21.347, 32.162, 33.468, 35.108, 33.866, 39.759], [40.856, 41.394, 41.646, 40.711, 39.697, 40.04, 39.933, 37.147, 35.846, 36.14, 36.188, 36.762, 37.828, 38.114, 38.151, 37.487, 37.293, 38.024, 36.418, 36.224, 36.95, 36.677, 36.273, 36.104, 36.033, 35.146, 34.76, 34.708, 34.342, 34.545, 34.345, 34.083, 34.302, 34.653, 34.519, 32.545, 30.837, 30.391, 29.748, 26.659, 22.757, 21.227, 18.755, 10.836, 0.0, 6.579, 18.472, 29.8, 30.942, 32.759, 31.715, 40.647], [41.009, 41.549, 41.799, 40.857, 39.877, 40.232, 40.107, 37.332, 36.017, 36.316, 36.351, 36.899, 37.975, 38.262, 38.241, 37.566, 37.407, 38.202, 36.654, 36.415, 37.098, 36.823, 36.425, 36.284, 36.253, 35.444, 35.092, 35.05, 34.711, 34.91, 34.708, 34.474, 34.747, 35.106, 34.954, 33.011, 31.348, 30.945, 30.349, 27.463, 23.965, 22.742, 20.666, 14.128, 6.579, 0.0, 17.066, 29.29, 30.308, 32.144, 31.236, 40.806], [39.709, 40.261, 40.511, 39.493, 38.377, 38.722, 38.826, 36.36, 35.353, 35.63, 35.523, 36.004, 37.1, 37.29, 37.006, 36.205, 36.067, 36.725, 35.325, 35.571, 36.451, 36.388, 36.121, 35.945, 36.019, 35.515, 35.383, 35.382, 35.203, 35.467, 35.37, 35.242, 35.602, 35.931, 35.822, 34.329, 33.092, 32.897, 32.436, 30.077, 27.536, 26.864, 25.473, 21.347, 18.472, 17.066, 0.0, 16.329, 18.426, 20.275, 19.739, 39.607], [41.978, 42.397, 42.45, 41.432, 40.434, 40.552, 40.903, 39.648, 39.12, 39.221, 39.136, 39.285, 39.974, 40.013, 39.499, 38.987, 38.92, 39.242, 38.617, 39.498, 40.41, 40.71, 40.707, 40.679, 40.902, 40.695, 40.648, 40.685, 40.592, 40.713, 40.655, 40.524, 40.713, 40.894, 40.798, 39.928, 39.206, 39.169, 38.761, 37.128, 35.877, 35.603, 34.68, 32.162, 29.8, 29.29, 16.329, 0.0, 5.144, 8.213, 10.991, 42.073], [42.465, 42.862, 42.893, 41.884, 40.933, 41.029, 41.359, 40.198, 39.642, 39.731, 39.692, 39.815, 40.448, 40.486, 39.965, 39.483, 39.422, 39.77, 39.237, 40.09, 40.931, 41.247, 41.261, 41.259, 41.477, 41.259, 41.221, 41.262, 41.183, 41.301, 41.26, 41.151, 41.341, 41.516, 41.432, 40.656, 40.017, 40.028, 39.656, 38.144, 37.025, 36.77, 35.899, 33.468, 30.942, 30.308, 18.426, 5.144, 0.0, 5.489, 9.953, 42.572], [43.134, 43.504, 43.529, 42.528, 41.593, 41.667, 42.009, 40.947, 40.43, 40.532, 40.502, 40.56, 41.127, 41.166, 40.645, 40.186, 40.159, 40.465, 40.024, 40.956, 41.8, 42.149, 42.192, 42.182, 42.363, 42.134, 42.086, 42.119, 42.065, 42.166, 42.121, 42.034, 42.224, 42.39, 42.317, 41.645, 41.11, 41.141, 40.796, 39.469, 38.53, 38.247, 37.388, 35.108, 32.759, 32.144, 20.275, 8.213, 5.489, 0.0, 8.989, 43.273], [42.129, 42.516, 42.62, 41.58, 40.467, 40.519, 40.814, 39.586, 39.046, 39.147, 39.109, 39.266, 39.942, 40.007, 39.46, 38.825, 38.718, 39.058, 38.432, 39.354, 40.337, 40.67, 40.691, 40.645, 40.854, 40.578, 40.527, 40.592, 40.54, 40.68, 40.662, 40.583, 40.778, 40.955, 40.896, 40.189, 39.651, 39.709, 39.368, 37.967, 37.002, 36.808, 36.052, 33.866, 31.715, 31.236, 19.739, 10.991, 9.953, 8.989, 0.0, 42.255], [3.823, 6.048, 9.929, 14.403, 18.278, 21.413, 22.689, 26.184, 33.077, 34.648, 34.271, 35.682, 37.323, 37.837, 38.517, 39.059, 39.838, 40.395, 39.425, 40.092, 40.668, 40.567, 40.385, 40.119, 40.049, 39.827, 39.874, 40.032, 40.214, 40.456, 40.424, 40.303, 40.322, 40.503, 40.697, 40.436, 40.424, 40.595, 40.475, 39.917, 39.873, 39.933, 39.674, 39.759, 40.647, 40.806, 39.607, 42.073, 42.572, 43.273, 42.255, 0.0]]