[[0.0, 5.803, 11.179, 14.502, 17.368, 17.762, 19.16, 22.092, 23.585, 25.402, 27.243, 29.551, 30.015, 30.846, 34.551, 35.927, 36.278, 36.555, 35.98, 36.91, 37.279, 36.051, 36.212, 36.944, 37.641, 38.239, 37.795, 36.983, 39.124, 41.677, 42.028, 41.789, 43.713, 44.606, 44.671, 45.444, 44.99, 44.388, 44.744, 43.613, 39.992, 37.417, 37.382, 36.808, 35.067, 34.64, 35.016, 35.616, 37.743, 39.343, 38.581, 5.056], [5.803, 0.0, 7.184, 12.13, 15.575, 16.051, 17.476, 20.615, 22.248, 24.14, 26.158, 28.642, 29.131, 29.953, 33.817, 35.342, 35.854, 36.276, 35.792, 36.772, 37.117, 35.939, 36.197, 36.942, 37.601, 38.178, 37.706, 36.905, 39.101, 41.686, 42.063, 41.866, 43.803, 44.704, 44.78, 45.549, 45.075, 44.43, 44.756, 43.632, 39.997, 37.411, 37.395, 36.809, 35.029, 34.621, 35.022, 35.655, 37.794, 39.4, 38.62, 8.523], [11.179, 7.184, 0.0, 7.44, 12.491, 13.818, 15.939, 19.322, 21.0, 22.946, 25.181, 27.793, 28.319, 29.134, 33.075, 34.781, 35.513, 36.028, 35.628, 36.691, 37.083, 35.994, 36.36, 37.184, 37.859, 38.42, 37.929, 37.15, 39.331, 41.895, 42.297, 42.168, 44.069, 44.959, 45.024, 45.736, 45.246, 44.591, 44.869, 43.8, 40.288, 37.746, 37.744, 37.191, 35.407, 34.984, 35.358, 35.994, 38.111, 39.687, 38.93, 12.818], [14.502, 12.13, 7.44, 0.0, 6.955, 10.068, 13.348, 17.195, 18.995, 21.188, 23.893, 26.878, 27.456, 28.347, 32.538, 34.383, 35.175, 35.722, 35.393, 36.487, 36.944, 35.995, 36.297, 37.126, 37.979, 38.591, 38.103, 37.341, 39.404, 41.888, 42.28, 42.179, 44.025, 44.873, 44.942, 45.631, 45.124, 44.478, 44.748, 43.713, 40.308, 37.832, 37.815, 37.301, 35.529, 35.046, 35.394, 35.984, 38.041, 39.631, 38.934, 16.162], [17.368, 15.575, 12.491, 6.955, 0.0, 5.722, 11.194, 15.258, 17.188, 19.75, 22.939, 26.343, 26.941, 27.944, 32.46, 34.449, 35.309, 35.883, 35.658, 36.762, 37.19, 36.395, 36.644, 37.337, 38.214, 38.841, 38.379, 37.671, 39.568, 41.903, 42.282, 42.12, 43.834, 44.627, 44.712, 45.387, 44.881, 44.24, 44.512, 43.505, 40.205, 37.874, 37.875, 37.413, 35.751, 35.344, 35.706, 36.251, 38.21, 39.784, 39.153, 18.907], [17.762, 16.051, 13.818, 10.068, 5.722, 0.0, 7.483, 12.767, 14.844, 17.696, 21.295, 25.018, 25.642, 26.712, 31.538, 33.612, 34.5, 35.124, 34.96, 36.203, 36.669, 35.854, 36.156, 36.878, 37.75, 38.404, 37.991, 37.311, 39.307, 41.743, 42.132, 41.932, 43.697, 44.525, 44.608, 45.32, 44.819, 44.167, 44.483, 43.435, 39.97, 37.543, 37.561, 37.082, 35.389, 35.01, 35.414, 36.002, 38.015, 39.593, 38.889, 19.205], [19.16, 17.476, 15.939, 13.348, 11.194, 7.483, 0.0, 7.37, 10.675, 13.787, 18.208, 22.658, 23.361, 24.551, 29.781, 32.035, 33.084, 33.862, 33.763, 35.175, 35.702, 34.887, 35.319, 36.133, 37.035, 37.69, 37.325, 36.781, 38.957, 41.495, 41.886, 41.724, 43.602, 44.481, 44.56, 45.292, 44.765, 44.097, 44.462, 43.354, 39.709, 37.17, 37.192, 36.69, 34.945, 34.55, 34.981, 35.617, 37.687, 39.281, 38.499, 20.451], [22.092, 20.615, 19.322, 17.195, 15.258, 12.767, 7.37, 0.0, 5.643, 10.333, 15.506, 20.599, 21.366, 22.751, 28.344, 30.836, 32.17, 33.126, 33.176, 34.624, 35.145, 34.491, 35.018, 35.811, 36.711, 37.322, 36.966, 36.64, 38.902, 41.403, 41.781, 41.654, 43.529, 44.407, 44.467, 45.146, 44.601, 43.943, 44.311, 43.252, 39.739, 37.32, 37.334, 36.856, 35.225, 34.892, 35.313, 35.962, 37.959, 39.496, 38.755, 23.187], [23.585, 22.248, 21.0, 18.995, 17.188, 14.844, 10.675, 5.643, 0.0, 7.113, 13.7, 19.138, 19.933, 21.446, 27.446, 30.123, 31.556, 32.579, 32.689, 34.262, 34.914, 34.288, 34.849, 35.727, 36.69, 37.304, 36.95, 36.719, 39.088, 41.618, 41.994, 41.862, 43.721, 44.607, 44.644, 45.306, 44.776, 44.12, 44.457, 43.419, 39.966, 37.548, 37.539, 37.056, 35.441, 35.091, 35.485, 36.143, 38.059, 39.517, 38.802, 24.593], [25.402, 24.14, 22.946, 21.188, 19.75, 17.696, 13.787, 10.333, 7.113, 0.0, 9.848, 16.94, 17.785, 19.772, 26.332, 29.299, 30.923, 32.036, 32.258, 34.051, 34.84, 34.295, 35.029, 36.017, 36.96, 37.546, 37.238, 37.085, 39.393, 41.828, 42.192, 42.102, 43.952, 44.808, 44.829, 45.475, 44.954, 44.31, 44.645, 43.641, 40.315, 37.956, 37.925, 37.454, 35.901, 35.537, 35.882, 36.499, 38.268, 39.578, 38.841, 26.33], [27.243, 26.158, 25.181, 23.893, 22.939, 21.295, 18.208, 15.506, 13.7, 9.848, 0.0, 9.234, 10.643, 13.259, 21.669, 25.597, 27.816, 29.41, 30.081, 32.344, 33.357, 33.003, 34.078, 35.341, 36.389, 36.998, 36.741, 36.755, 39.147, 41.553, 41.895, 42.018, 44.075, 44.886, 44.831, 45.456, 44.959, 44.32, 44.65, 43.732, 40.548, 38.232, 38.154, 37.7, 36.207, 35.845, 36.176, 36.763, 38.522, 39.854, 39.157, 28.038], [29.551, 28.642, 27.793, 26.878, 26.343, 25.018, 22.658, 20.599, 19.138, 16.94, 9.234, 0.0, 3.049, 6.958, 16.612, 21.341, 24.187, 26.295, 27.428, 30.409, 31.862, 31.591, 32.986, 34.727, 35.979, 36.619, 36.337, 36.502, 39.215, 41.724, 42.061, 42.488, 44.692, 45.484, 45.363, 45.922, 45.476, 44.86, 45.14, 44.285, 41.231, 38.952, 38.86, 38.418, 36.966, 36.543, 36.822, 37.362, 39.054, 40.371, 39.724, 30.177], [30.015, 29.131, 28.319, 27.456, 26.941, 25.642, 23.361, 21.366, 19.933, 17.785, 10.643, 3.049, 0.0, 6.874, 16.548, 21.058, 23.955, 26.128, 27.32, 30.41, 31.897, 31.614, 33.026, 34.792, 36.037, 36.668, 36.388, 36.588, 39.329, 41.839, 42.171, 42.598, 44.791, 45.575, 45.448, 45.996, 45.554, 44.955, 45.233, 44.375, 41.343, 39.095, 39.01, 38.562, 37.135, 36.72, 36.989, 37.516, 39.168, 40.477, 39.849, 30.616], [30.846, 29.953, 29.134, 28.347, 27.944, 26.712, 24.551, 22.751, 21.446, 19.772, 13.259, 6.958, 6.874, 0.0, 11.867, 18.196, 21.549, 23.945, 25.554, 29.422, 31.373, 31.144, 32.769, 34.758, 36.077, 36.739, 36.472, 36.62, 39.431, 41.998, 42.359, 42.959, 45.203, 45.993, 45.89, 46.432, 46.001, 45.399, 45.647, 44.788, 41.731, 39.443, 39.399, 38.984, 37.579, 37.122, 37.357, 37.902, 39.48, 40.695, 40.022, 31.438], [34.551, 33.817, 33.075, 32.538, 32.46, 31.538, 29.781, 28.344, 27.446, 26.332, 21.669, 16.612, 16.548, 11.867, 0.0, 10.221, 16.536, 19.658, 22.217, 27.881, 30.769, 30.789, 32.844, 35.204, 36.65, 37.314, 37.092, 37.3, 40.119, 42.612, 42.998, 43.945, 46.19, 46.967, 46.881, 47.383, 47.022, 46.485, 46.713, 45.967, 43.167, 41.073, 41.088, 40.738, 39.485, 39.02, 39.172, 39.659, 40.957, 41.918, 41.221, 35.043], [35.927, 35.342, 34.781, 34.383, 34.449, 33.612, 32.035, 30.836, 30.123, 29.299, 25.597, 21.341, 21.058, 18.196, 10.221, 0.0, 10.462, 15.677, 18.709, 25.571, 29.013, 29.226, 31.527, 34.166, 35.755, 36.41, 36.194, 36.541, 39.591, 42.186, 42.616, 43.76, 46.144, 46.973, 46.923, 47.441, 47.129, 46.655, 46.9, 46.194, 43.443, 41.455, 41.527, 41.142, 39.857, 39.375, 39.519, 39.959, 41.145, 42.052, 41.399, 36.344], [36.278, 35.854, 35.513, 35.175, 35.309, 34.5, 33.084, 32.17, 31.556, 30.923, 27.816, 24.187, 23.955, 21.549, 16.536, 10.462, 0.0, 8.533, 14.313, 22.618, 26.793, 27.044, 29.477, 32.657, 34.582, 35.318, 35.102, 35.437, 38.752, 41.607, 42.082, 43.309, 45.826, 46.674, 46.694, 47.291, 46.996, 46.6, 46.921, 46.16, 43.279, 41.246, 41.353, 40.933, 39.638, 39.128, 39.263, 39.707, 40.874, 41.763, 41.081, 36.61], [36.555, 36.276, 36.028, 35.722, 35.883, 35.124, 33.862, 33.126, 32.579, 32.036, 29.41, 26.295, 26.128, 23.945, 19.658, 15.677, 8.533, 0.0, 10.047, 21.444, 26.252, 26.2, 28.68, 32.266, 34.382, 35.22, 35.002, 35.261, 38.716, 41.71, 42.172, 43.35, 45.841, 46.701, 46.79, 47.438, 47.12, 46.754, 47.132, 46.326, 43.338, 41.262, 41.392, 40.943, 39.632, 39.113, 39.229, 39.685, 40.831, 41.618, 40.834, 36.79], [35.98, 35.792, 35.628, 35.393, 35.658, 34.96, 33.763, 33.176, 32.689, 32.258, 30.081, 27.428, 27.32, 25.554, 22.217, 18.709, 14.313, 10.047, 0.0, 15.239, 22.091, 22.034, 24.858, 29.327, 31.879, 32.841, 32.635, 33.136, 37.002, 40.17, 40.586, 41.932, 44.771, 45.719, 45.929, 46.774, 46.513, 46.154, 46.546, 45.713, 42.714, 40.65, 40.733, 40.241, 38.85, 38.327, 38.452, 38.931, 40.203, 41.08, 40.323, 36.201], [36.91, 36.772, 36.691, 36.487, 36.762, 36.203, 35.175, 34.624, 34.262, 34.051, 32.344, 30.409, 30.41, 29.422, 27.881, 25.571, 22.618, 21.444, 15.239, 0.0, 11.206, 13.994, 16.872, 22.426, 26.08, 27.232, 27.263, 28.79, 32.981, 36.105, 36.427, 38.393, 42.318, 43.428, 43.683, 44.947, 44.922, 44.623, 45.111, 44.532, 42.161, 40.473, 40.274, 39.824, 38.593, 38.228, 38.417, 38.803, 40.272, 41.554, 41.201, 37.179], [37.279, 37.117, 37.083, 36.944, 37.19, 36.669, 35.702, 35.145, 34.914, 34.84, 33.357, 31.862, 31.897, 31.373, 30.769, 29.013, 26.793, 26.252, 22.091, 11.206, 0.0, 8.042, 12.883, 18.02, 21.687, 22.772, 23.069, 25.413, 29.633, 32.735, 33.071, 35.302, 39.786, 40.977, 41.243, 42.685, 42.807, 42.564, 43.167, 42.739, 40.825, 39.615, 39.301, 38.877, 37.87, 37.751, 38.065, 38.383, 40.09, 41.782, 41.646, 37.57], [36.051, 35.939, 35.994, 35.995, 36.395, 35.854, 34.887, 34.491, 34.288, 34.295, 33.003, 31.591, 31.614, 31.144, 30.789, 29.226, 27.044, 26.2, 22.034, 13.994, 8.042, 0.0, 9.1, 16.444, 20.156, 21.178, 21.418, 23.75, 28.678, 32.288, 32.683, 34.907, 39.474, 40.706, 40.981, 42.426, 42.496, 42.229, 42.813, 42.348, 40.177, 38.777, 38.596, 38.102, 36.921, 36.774, 37.123, 37.507, 39.362, 41.024, 40.766, 36.232], [36.212, 36.197, 36.36, 36.297, 36.644, 36.156, 35.319, 35.018, 34.849, 35.029, 34.078, 32.986, 33.026, 32.769, 32.844, 31.527, 29.477, 28.68, 24.858, 16.872, 12.883, 9.1, 0.0, 10.35, 16.095, 17.861, 18.409, 21.032, 26.305, 30.109, 30.515, 33.166, 38.291, 39.682, 40.043, 41.633, 41.754, 41.5, 42.108, 41.775, 39.885, 38.604, 38.395, 37.998, 36.889, 36.757, 37.09, 37.435, 39.305, 40.998, 40.852, 36.365], [36.944, 36.942, 37.184, 37.126, 37.337, 36.878, 36.133, 35.811, 35.727, 36.017, 35.341, 34.727, 34.792, 34.758, 35.204, 34.166, 32.657, 32.266, 29.327, 22.426, 18.02, 16.444, 10.35, 0.0, 8.054, 11.406, 12.888, 16.149, 21.427, 25.378, 25.974, 29.2, 35.226, 36.958, 37.526, 39.385, 39.681, 39.45, 40.187, 40.015, 38.575, 37.803, 37.546, 37.369, 36.786, 37.003, 37.404, 37.634, 39.504, 41.408, 41.449, 37.141], [37.641, 37.601, 37.859, 37.979, 38.214, 37.75, 37.035, 36.711, 36.69, 36.96, 36.389, 35.979, 36.037, 36.077, 36.65, 35.755, 34.582, 34.382, 31.879, 26.08, 21.687, 20.156, 16.095, 8.054, 0.0, 5.048, 8.214, 12.312, 18.262, 22.74, 23.55, 27.025, 33.45, 35.361, 36.006, 37.937, 38.344, 38.131, 38.933, 38.887, 37.65, 37.177, 36.976, 36.856, 36.64, 37.227, 37.725, 37.916, 39.798, 41.816, 41.921, 37.813], [38.239, 38.178, 38.42, 38.591, 38.841, 38.404, 37.69, 37.322, 37.304, 37.546, 36.998, 36.619, 36.668, 36.739, 37.314, 36.41, 35.318, 35.22, 32.841, 27.232, 22.772, 21.178, 17.861, 11.406, 5.048, 0.0, 5.362, 11.214, 17.471, 22.033, 22.866, 26.505, 33.108, 35.075, 35.7, 37.585, 38.023, 37.849, 38.623, 38.607, 37.501, 37.163, 37.006, 36.88, 36.753, 37.473, 38.054, 38.26, 40.092, 42.129, 42.259, 38.416], [37.795, 37.706, 37.929, 38.103, 38.379, 37.991, 37.325, 36.966, 36.95, 37.238, 36.741, 36.337, 36.388, 36.472, 37.092, 36.194, 35.102, 35.002, 32.635, 27.263, 23.069, 21.418, 18.409, 12.888, 8.214, 5.362, 0.0, 8.242, 16.067, 20.98, 21.923, 25.878, 32.614, 34.569, 35.246, 37.157, 37.595, 37.427, 38.217, 38.192, 37.018, 36.66, 36.528, 36.395, 36.246, 36.939, 37.546, 37.819, 39.701, 41.783, 41.909, 37.984], [36.983, 36.905, 37.15, 37.341, 37.671, 37.311, 36.781, 36.64, 36.719, 37.085, 36.755, 36.502, 36.588, 36.62, 37.3, 36.541, 35.437, 35.261, 33.136, 28.79, 25.413, 23.75, 21.032, 16.149, 12.312, 11.214, 8.242, 0.0, 10.723, 17.721, 19.179, 23.677, 31.187, 33.652, 34.631, 36.583, 37.008, 36.945, 37.883, 37.774, 36.339, 35.856, 35.817, 35.82, 35.839, 36.584, 37.139, 37.484, 39.462, 41.448, 41.42, 37.131], [39.124, 39.101, 39.331, 39.404, 39.568, 39.307, 38.957, 38.902, 39.088, 39.393, 39.147, 39.215, 39.329, 39.431, 40.119, 39.591, 38.752, 38.716, 37.002, 32.981, 29.633, 28.678, 26.305, 21.427, 18.262, 17.471, 16.067, 10.723, 0.0, 8.995, 11.572, 17.327, 26.843, 30.229, 31.612, 33.883, 34.689, 34.985, 36.13, 36.12, 35.433, 35.702, 35.616, 35.9, 36.564, 37.697, 38.307, 38.593, 40.536, 42.635, 42.797, 39.298], [41.677, 41.686, 41.895, 41.888, 41.903, 41.743, 41.495, 41.403, 41.618, 41.828, 41.553, 41.724, 41.839, 41.998, 42.612, 42.186, 41.607, 41.71, 40.17, 36.105, 32.735, 32.288, 30.109, 25.378, 22.74, 22.033, 20.98, 17.721, 8.995, 0.0, 4.937, 13.723, 24.265, 27.811, 29.278, 31.832, 33.07, 33.604, 34.798, 34.969, 35.211, 36.208, 35.988, 36.422, 37.52, 38.943, 39.618, 39.841, 41.691, 43.988, 44.452, 41.903], [42.028, 42.063, 42.297, 42.28, 42.282, 42.132, 41.886, 41.781, 41.994, 42.192, 41.895, 42.061, 42.171, 42.359, 42.998, 42.616, 42.082, 42.172, 40.586, 36.427, 33.071, 32.683, 30.515, 25.974, 23.55, 22.866, 21.923, 19.179, 11.572, 4.937, 0.0, 11.786, 23.494, 27.116, 28.509, 31.164, 32.519, 33.077, 34.292, 34.504, 34.931, 36.041, 35.771, 36.254, 37.432, 38.916, 39.619, 39.863, 41.777, 44.156, 44.696, 42.271], [41.789, 41.866, 42.168, 42.179, 42.12, 41.932, 41.724, 41.654, 41.862, 42.102, 42.018, 42.488, 42.598, 42.959, 43.945, 43.76, 43.309, 43.35, 41.932, 38.393, 35.302, 34.907, 33.166, 29.2, 27.025, 26.505, 25.878, 23.677, 17.327, 13.723, 11.786, 0.0, 14.695, 20.685, 22.848, 26.075, 27.975, 28.749, 30.104, 30.316, 31.147, 32.863, 32.695, 33.42, 35.051, 37.06, 37.951, 38.236, 40.512, 43.381, 44.187, 42.034], [43.713, 43.803, 44.069, 44.025, 43.834, 43.697, 43.602, 43.529, 43.721, 43.952, 44.075, 44.692, 44.791, 45.203, 46.19, 46.144, 45.826, 45.841, 44.771, 42.318, 39.786, 39.474, 38.291, 35.226, 33.45, 33.108, 32.614, 31.187, 26.843, 24.265, 23.494, 14.695, 0.0, 10.11, 14.742, 18.863, 21.723, 22.994, 24.55, 24.977, 26.767, 29.693, 29.845, 30.797, 33.198, 36.081, 37.115, 37.335, 39.869, 43.311, 44.573, 43.922], [44.606, 44.704, 44.959, 44.873, 44.627, 44.525, 44.481, 44.407, 44.607, 44.808, 44.886, 45.484, 45.575, 45.993, 46.967, 46.973, 46.674, 46.701, 45.719, 43.428, 40.977, 40.706, 39.682, 36.958, 35.361, 35.075, 34.569, 33.652, 30.229, 27.811, 27.116, 20.685, 10.11, 0.0, 7.491, 13.699, 17.223, 18.793, 20.755, 21.895, 24.626, 28.143, 28.286, 29.145, 31.899, 35.298, 36.37, 36.499, 39.272, 43.054, 44.571, 44.801], [44.671, 44.78, 45.024, 44.942, 44.712, 44.608, 44.56, 44.467, 44.644, 44.829, 44.831, 45.363, 45.448, 45.89, 46.881, 46.923, 46.694, 46.79, 45.929, 43.683, 41.243, 40.981, 40.043, 37.526, 36.006, 35.7, 35.246, 34.631, 31.612, 29.278, 28.509, 22.848, 14.742, 7.491, 0.0, 8.361, 13.24, 15.095, 17.421, 19.468, 23.192, 26.914, 26.823, 27.627, 30.609, 34.38, 35.551, 35.667, 38.595, 42.561, 44.244, 44.86], [45.444, 45.549, 45.736, 45.631, 45.387, 45.32, 45.292, 45.146, 45.306, 45.475, 45.456, 45.922, 45.996, 46.432, 47.383, 47.441, 47.291, 47.438, 46.774, 44.947, 42.685, 42.426, 41.633, 39.385, 37.937, 37.585, 37.157, 36.583, 33.883, 31.832, 31.164, 26.075, 18.863, 13.699, 8.361, 0.0, 7.064, 10.47, 13.461, 16.456, 21.354, 25.54, 25.514, 26.425, 29.771, 34.008, 35.277, 35.408, 38.399, 42.453, 44.303, 45.627], [44.99, 45.075, 45.246, 45.124, 44.881, 44.819, 44.765, 44.601, 44.776, 44.954, 44.959, 45.476, 45.554, 46.001, 47.022, 47.129, 46.996, 47.12, 46.513, 44.922, 42.807, 42.496, 41.754, 39.681, 38.344, 38.023, 37.595, 37.008, 34.689, 33.07, 32.519, 27.975, 21.723, 17.223, 13.24, 7.064, 0.0, 5.915, 10.964, 14.334, 19.32, 23.699, 23.819, 24.797, 28.359, 32.936, 34.27, 34.452, 37.621, 41.711, 43.587, 45.18], [44.388, 44.43, 44.591, 44.478, 44.24, 44.167, 44.097, 43.943, 44.12, 44.31, 44.32, 44.86, 44.955, 45.399, 46.485, 46.655, 46.6, 46.754, 46.154, 44.623, 42.564, 42.229, 41.5, 39.45, 38.131, 37.849, 37.427, 36.945, 34.985, 33.604, 33.077, 28.749, 22.994, 18.793, 15.095, 10.47, 5.915, 0.0, 7.343, 12.325, 17.793, 22.229, 22.25, 23.275, 26.974, 31.888, 33.359, 33.518, 36.812, 41.032, 42.964, 44.579], [44.744, 44.756, 44.869, 44.748, 44.512, 44.483, 44.462, 44.311, 44.457, 44.645, 44.65, 45.14, 45.233, 45.647, 46.713, 46.9, 46.921, 47.132, 46.546, 45.111, 43.167, 42.813, 42.108, 40.187, 38.933, 38.623, 38.217, 37.883, 36.13, 34.798, 34.292, 30.104, 24.55, 20.755, 17.421, 13.461, 10.964, 7.343, 0.0, 8.332, 16.601, 21.304, 21.064, 22.26, 26.277, 31.534, 33.137, 33.24, 36.566, 40.913, 42.964, 44.93], [43.613, 43.632, 43.8, 43.713, 43.505, 43.435, 43.354, 43.252, 43.419, 43.641, 43.732, 44.285, 44.375, 44.788, 45.967, 46.194, 46.16, 46.326, 45.713, 44.532, 42.739, 42.348, 41.775, 40.015, 38.887, 38.607, 38.192, 37.774, 36.12, 34.969, 34.504, 30.316, 24.977, 21.895, 19.468, 16.456, 14.334, 12.325, 8.332, 0.0, 11.182, 17.361, 17.245, 18.796, 23.697, 29.648, 31.445, 31.652, 35.212, 39.778, 41.845, 43.805], [39.992, 39.997, 40.288, 40.308, 40.205, 39.97, 39.709, 39.739, 39.966, 40.315, 40.548, 41.231, 41.343, 41.731, 43.167, 43.443, 43.279, 43.338, 42.714, 42.161, 40.825, 40.177, 39.885, 38.575, 37.65, 37.501, 37.018, 36.339, 35.433, 35.211, 34.931, 31.147, 26.767, 24.626, 23.192, 21.354, 19.32, 17.793, 16.601, 11.182, 0.0, 8.435, 10.605, 12.418, 18.318, 25.627, 27.777, 28.393, 32.523, 37.247, 39.057, 40.17], [37.417, 37.411, 37.746, 37.832, 37.874, 37.543, 37.17, 37.32, 37.548, 37.956, 38.232, 38.952, 39.095, 39.443, 41.073, 41.455, 41.246, 41.262, 40.65, 40.473, 39.615, 38.777, 38.604, 37.803, 37.177, 37.163, 36.66, 35.856, 35.702, 36.208, 36.041, 32.863, 29.693, 28.143, 26.914, 25.54, 23.699, 22.229, 21.304, 17.361, 8.435, 0.0, 6.104, 8.602, 14.245, 22.427, 24.805, 25.774, 30.341, 35.058, 36.665, 37.573], [37.382, 37.395, 37.744, 37.815, 37.875, 37.561, 37.192, 37.334, 37.539, 37.925, 38.154, 38.86, 39.01, 39.399, 41.088, 41.527, 41.353, 41.392, 40.733, 40.274, 39.301, 38.596, 38.395, 37.546, 36.976, 37.006, 36.528, 35.817, 35.616, 35.988, 35.771, 32.695, 29.845, 28.286, 26.823, 25.514, 23.819, 22.25, 21.064, 17.245, 10.605, 6.104, 0.0, 5.283, 12.635, 21.084, 23.576, 24.418, 29.213, 34.27, 36.141, 37.543], [36.808, 36.809, 37.191, 37.301, 37.413, 37.082, 36.69, 36.856, 37.056, 37.454, 37.7, 38.418, 38.562, 38.984, 40.738, 41.142, 40.933, 40.943, 40.241, 39.824, 38.877, 38.102, 37.998, 37.369, 36.856, 36.88, 36.395, 35.82, 35.9, 36.422, 36.254, 33.42, 30.797, 29.145, 27.627, 26.425, 24.797, 23.275, 22.26, 18.796, 12.418, 8.602, 5.283, 0.0, 9.848, 19.595, 22.276, 23.188, 28.286, 33.494, 35.426, 36.962], [35.067, 35.029, 35.407, 35.529, 35.751, 35.389, 34.945, 35.225, 35.441, 35.901, 36.207, 36.966, 37.135, 37.579, 39.485, 39.857, 39.638, 39.632, 38.85, 38.593, 37.87, 36.921, 36.889, 36.786, 36.64, 36.753, 36.246, 35.839, 36.564, 37.52, 37.432, 35.051, 33.198, 31.899, 30.609, 29.771, 28.359, 26.974, 26.277, 23.697, 18.318, 14.245, 12.635, 9.848, 0.0, 12.408, 16.181, 17.383, 23.822, 29.906, 32.146, 35.214], [34.64, 34.621, 34.984, 35.046, 35.344, 35.01, 34.55, 34.892, 35.091, 35.537, 35.845, 36.543, 36.72, 37.122, 39.02, 39.375, 39.128, 39.113, 38.327, 38.228, 37.751, 36.774, 36.757, 37.003, 37.227, 37.473, 36.939, 36.584, 37.697, 38.943, 38.916, 37.06, 36.081, 35.298, 34.38, 34.008, 32.936, 31.888, 31.534, 29.648, 25.627, 22.427, 21.084, 19.595, 12.408, 0.0, 5.788, 7.769, 15.984, 23.423, 26.462, 34.782], [35.016, 35.022, 35.358, 35.394, 35.706, 35.414, 34.981, 35.313, 35.485, 35.882, 36.176, 36.822, 36.989, 37.357, 39.172, 39.519, 39.263, 39.229, 38.452, 38.417, 38.065, 37.123, 37.09, 37.404, 37.725, 38.054, 37.546, 37.139, 38.307, 39.618, 39.619, 37.951, 37.115, 36.37, 35.551, 35.277, 34.27, 33.359, 33.137, 31.445, 27.777, 24.805, 23.576, 22.276, 16.181, 5.788, 0.0, 5.221, 14.317, 21.542, 24.802, 35.144], [35.616, 35.655, 35.994, 35.984, 36.251, 36.002, 35.617, 35.962, 36.143, 36.499, 36.763, 37.362, 37.516, 37.902, 39.659, 39.959, 39.707, 39.685, 38.931, 38.803, 38.383, 37.507, 37.435, 37.634, 37.916, 38.26, 37.819, 37.484, 38.593, 39.841, 39.863, 38.236, 37.335, 36.499, 35.667, 35.408, 34.452, 33.518, 33.24, 31.652, 28.393, 25.774, 24.418, 23.188, 17.383, 7.769, 5.221, 0.0, 11.297, 19.638, 23.426, 35.723], [37.743, 37.794, 38.111, 38.041, 38.21, 38.015, 37.687, 37.959, 38.059, 38.268, 38.522, 39.054, 39.168, 39.48, 40.957, 41.145, 40.874, 40.831, 40.203, 40.272, 40.09, 39.362, 39.305, 39.504, 39.798, 40.092, 39.701, 39.462, 40.536, 41.691, 41.777, 40.512, 39.869, 39.272, 38.595, 38.399, 37.621, 36.812, 36.566, 35.212, 32.523, 30.341, 29.213, 28.286, 23.822, 15.984, 14.317, 11.297, 0.0, 10.738, 16.891, 37.809], [39.343, 39.4, 39.687, 39.631, 39.784, 39.593, 39.281, 39.496, 39.517, 39.578, 39.854, 40.371, 40.477, 40.695, 41.918, 42.052, 41.763, 41.618, 41.08, 41.554, 41.782, 41.024, 40.998, 41.408, 41.816, 42.129, 41.783, 41.448, 42.635, 43.988, 44.156, 43.381, 43.311, 43.054, 42.561, 42.453, 41.711, 41.032, 40.913, 39.778, 37.247, 35.058, 34.27, 33.494, 29.906, 23.423, 21.542, 19.638, 10.738, 0.0, 9.081, 39.366], [38.581, 38.62, 38.93, 38.934, 39.153, 38.889, 38.499, 38.755, 38.802, 38.841, 39.157, 39.724, 39.849, 40.022, 41.221, 41.399, 41.081, 40.834, 40.323, 41.201, 41.646, 40.766, 40.852, 41.449, 41.921, 42.259, 41.909, 41.42, 42.797, 44.452, 44.696, 44.187, 44.573, 44.571, 44.244, 44.303, 43.587, 42.964, 42.964, 41.845, 39.057, 36.665, 36.141, 35.426, 32.146, 26.462, 24.802, 23.426, 16.891, 9.081, 0.0, 38.609], [5.056, 8.523, 12.818, 16.162, 18.907, 19.205, 20.451, 23.187, 24.593, 26.33, 28.038, 30.177, 30.616, 31.438, 35.043, 36.344, 36.61, 36.79, 36.201, 37.179, 37.57, 36.232, 36.365, 37.141, 37.813, 38.416, 37.984, 37.131, 39.298, 41.903, 42.271, 42.034, 43.922, 44.801, 44.86, 45.627, 45.18, 44.579, 44.93, 43.805, 40.17, 37.573, 37.543, 36.962, 35.214, 34.782, 35.144, 35.723, 37.809, 39.366, 38.609, 0.0]]