[[0.0, 4.925, 10.091, 14.53, 17.166, 19.019, 20.762, 21.946, 22.627, 23.337, 25.089, 28.216, 31.015, 32.472, 32.863, 33.266, 34.465, 36.352, 38.366, 39.995, 41.013, 41.512, 41.806, 42.196, 42.693, 43.019, 42.814, 42.179, 41.896, 42.437, 43.441, 44.157, 44.393, 44.863, 45.85, 46.851, 47.23, 46.793, 46.073, 45.773, 46.001, 46.371, 46.654, 46.793, 46.634, 46.143, 45.466, 45.062, 45.301, 45.977, 46.559, 46.588, 46.272, 45.895, 45.874, 46.734, 48.253, 49.589, 50.325, 50.658, 50.878, 50.864, 50.14, 48.948, 48.212, 47.772, 46.726, 45.06, 43.64, 43.122, 43.325, 43.793, 44.166, 44.384, 44.48, 44.489, 44.469, 44.465, 44.457, 44.361, 44.256, 44.163, 43.917, 43.199, 42.09, 41.174, 40.748, 40.747, 40.799, 40.752, 40.611, 40.335, 39.995, 39.767, 39.737, 39.756, 39.683, 39.467, 39.125, 38.767, 38.513, 38.426, 38.436, 38.636, 38.986, 39.398, 39.806, 40.108, 40.196, 40.05, 40.008, 40.047, 39.873, 39.495, 39.388, 40.111, 41.639, 42.978, 43.553, 43.576, 43.683, 44.238, 44.948, 45.265, 45.119, 45.059, 45.734, 46.904, 47.882, 48.183, 48.123, 48.335, 49.016, 50.162, 51.403, 52.045, 52.1, 51.974, 52.127, 52.34, 52.295, 52.079, 51.548, 50.497, 49.368, 48.922, 49.209, 49.37, 48.502, 46.418, 44.145, 43.037, 43.735, 45.398, 46.606, 46.997, 47.035, 5.976], [4.925, 0.0, 5.978, 11.214, 14.362, 16.57, 18.589, 19.93, 20.661, 21.413, 23.365, 26.817, 29.842, 31.402, 31.837, 32.289, 33.571, 35.565, 37.69, 39.421, 40.515, 41.058, 41.365, 41.753, 42.25, 42.586, 42.401, 41.782, 41.504, 42.032, 43.018, 43.724, 43.96, 44.449, 45.472, 46.515, 46.917, 46.475, 45.733, 45.422, 45.658, 46.039, 46.327, 46.466, 46.296, 45.777, 45.067, 44.646, 44.888, 45.577, 46.171, 46.216, 45.911, 45.533, 45.511, 46.38, 47.918, 49.27, 50.016, 50.353, 50.579, 50.575, 49.856, 48.655, 47.91, 47.465, 46.408, 44.73, 43.302, 42.77, 42.962, 43.438, 43.831, 44.069, 44.173, 44.187, 44.176, 44.186, 44.187, 44.09, 43.981, 43.887, 43.642, 42.916, 41.789, 40.864, 40.441, 40.446, 40.5, 40.455, 40.313, 40.027, 39.662, 39.415, 39.384, 39.405, 39.317, 39.077, 38.724, 38.384, 38.158, 38.085, 38.097, 38.293, 38.636, 39.045, 39.457, 39.764, 39.852, 39.696, 39.642, 39.676, 39.508, 39.148, 39.066, 39.812, 41.366, 42.731, 43.318, 43.336, 43.434, 43.994, 44.722, 45.056, 44.918, 44.86, 45.546, 46.737, 47.731, 48.033, 47.963, 48.17, 48.858, 50.017, 51.269, 51.915, 51.967, 51.833, 51.982, 52.201, 52.164, 51.947, 51.407, 50.346, 49.209, 48.762, 49.053, 49.218, 48.34, 46.22, 43.905, 42.779, 43.496, 45.202, 46.444, 46.842, 46.874, 9.495], [10.091, 5.978, 0.0, 5.867, 9.947, 13.11, 15.807, 17.429, 18.169, 18.896, 21.175, 25.175, 28.561, 30.292, 30.811, 31.35, 32.758, 34.889, 37.142, 38.976, 40.136, 40.707, 41.012, 41.38, 41.864, 42.205, 42.039, 41.441, 41.183, 41.736, 42.751, 43.481, 43.722, 44.207, 45.242, 46.315, 46.74, 46.297, 45.544, 45.224, 45.461, 45.841, 46.122, 46.259, 46.088, 45.556, 44.825, 44.389, 44.625, 45.304, 45.886, 45.923, 45.619, 45.243, 45.22, 46.087, 47.623, 48.974, 49.722, 50.063, 50.296, 50.309, 49.602, 48.396, 47.646, 47.206, 46.159, 44.494, 43.081, 42.545, 42.724, 43.198, 43.597, 43.839, 43.94, 43.95, 43.941, 43.958, 43.963, 43.866, 43.757, 43.67, 43.432, 42.717, 41.616, 40.729, 40.334, 40.348, 40.407, 40.371, 40.238, 39.95, 39.572, 39.307, 39.265, 39.278, 39.176, 38.923, 38.566, 38.24, 38.03, 37.963, 37.986, 38.197, 38.553, 38.977, 39.392, 39.686, 39.76, 39.596, 39.532, 39.56, 39.395, 39.042, 38.959, 39.679, 41.192, 42.532, 43.109, 43.122, 43.215, 43.778, 44.512, 44.854, 44.728, 44.682, 45.375, 46.573, 47.58, 47.894, 47.828, 48.031, 48.72, 49.884, 51.133, 51.776, 51.824, 51.687, 51.832, 52.056, 52.031, 51.821, 51.279, 50.217, 49.092, 48.662, 48.965, 49.141, 48.283, 46.182, 43.884, 42.764, 43.47, 45.169, 46.416, 46.814, 46.84, 13.131], [14.53, 11.214, 5.867, 0.0, 4.951, 9.418, 13.1, 15.11, 15.831, 16.44, 18.996, 23.554, 27.323, 29.244, 29.858, 30.497, 32.04, 34.3, 36.647, 38.549, 39.751, 40.337, 40.634, 40.983, 41.458, 41.808, 41.652, 41.053, 40.789, 41.354, 42.414, 43.197, 43.469, 43.964, 45.01, 46.104, 46.543, 46.097, 45.329, 44.995, 45.226, 45.601, 45.877, 46.013, 45.844, 45.303, 44.551, 44.09, 44.305, 44.969, 45.537, 45.565, 45.253, 44.87, 44.835, 45.691, 47.225, 48.586, 49.346, 49.695, 49.937, 49.969, 49.276, 48.067, 47.312, 46.884, 45.853, 44.196, 42.782, 42.238, 42.405, 42.874, 43.276, 43.524, 43.63, 43.646, 43.647, 43.674, 43.685, 43.584, 43.474, 43.388, 43.151, 42.432, 41.341, 40.486, 40.122, 40.151, 40.218, 40.19, 40.063, 39.782, 39.41, 39.149, 39.099, 39.099, 38.976, 38.705, 38.341, 38.027, 37.83, 37.776, 37.818, 38.049, 38.415, 38.85, 39.273, 39.562, 39.627, 39.455, 39.376, 39.392, 39.228, 38.883, 38.811, 39.527, 41.022, 42.355, 42.936, 42.946, 43.034, 43.6, 44.343, 44.692, 44.581, 44.556, 45.262, 46.46, 47.463, 47.781, 47.718, 47.907, 48.582, 49.734, 50.976, 51.612, 51.656, 51.518, 51.66, 51.889, 51.878, 51.673, 51.124, 50.059, 48.954, 48.554, 48.874, 49.058, 48.218, 46.137, 43.847, 42.709, 43.363, 45.022, 46.256, 46.649, 46.668, 16.666], [17.166, 14.362, 9.947, 4.951, 0.0, 5.294, 9.876, 12.356, 13.145, 13.769, 16.781, 21.936, 26.078, 28.177, 28.866, 29.571, 31.205, 33.556, 35.97, 37.925, 39.171, 39.785, 40.093, 40.45, 40.939, 41.305, 41.138, 40.488, 40.165, 40.711, 41.801, 42.633, 42.945, 43.474, 44.557, 45.687, 46.141, 45.678, 44.878, 44.523, 44.749, 45.129, 45.408, 45.545, 45.364, 44.791, 43.992, 43.487, 43.677, 44.341, 44.922, 44.963, 44.65, 44.245, 44.184, 45.035, 46.597, 48.004, 48.801, 49.171, 49.427, 49.48, 48.796, 47.569, 46.792, 46.363, 45.327, 43.636, 42.172, 41.599, 41.766, 42.249, 42.666, 42.929, 43.053, 43.086, 43.104, 43.144, 43.162, 43.056, 42.937, 42.846, 42.591, 41.827, 40.679, 39.794, 39.438, 39.486, 39.567, 39.543, 39.417, 39.13, 38.757, 38.503, 38.462, 38.456, 38.306, 38.0, 37.621, 37.323, 37.153, 37.122, 37.186, 37.429, 37.791, 38.223, 38.664, 38.977, 39.048, 38.858, 38.753, 38.754, 38.59, 38.267, 38.25, 39.048, 40.621, 42.02, 42.634, 42.64, 42.712, 43.279, 44.043, 44.41, 44.307, 44.298, 45.033, 46.249, 47.251, 47.563, 47.488, 47.66, 48.33, 49.494, 50.752, 51.397, 51.438, 51.296, 51.446, 51.695, 51.705, 51.497, 50.925, 49.838, 48.737, 48.362, 48.701, 48.887, 48.033, 45.914, 43.559, 42.347, 42.945, 44.596, 45.838, 46.229, 46.24, 18.916], [19.019, 16.57, 13.11, 9.418, 5.294, 0.0, 5.134, 8.145, 9.266, 10.351, 14.354, 20.319, 24.886, 27.166, 27.895, 28.607, 30.276, 32.691, 35.176, 37.197, 38.494, 39.143, 39.476, 39.858, 40.38, 40.767, 40.578, 39.855, 39.446, 39.95, 41.057, 41.935, 42.286, 42.855, 43.987, 45.166, 45.641, 45.156, 44.318, 43.947, 44.181, 44.575, 44.868, 45.013, 44.82, 44.208, 43.36, 42.811, 42.985, 43.669, 44.294, 44.378, 44.08, 43.649, 43.556, 44.408, 46.022, 47.496, 48.345, 48.747, 49.025, 49.1, 48.417, 47.153, 46.336, 45.887, 44.824, 43.069, 41.519, 40.902, 41.074, 41.585, 42.027, 42.309, 42.45, 42.499, 42.531, 42.586, 42.613, 42.506, 42.379, 42.279, 41.996, 41.162, 39.908, 38.94, 38.564, 38.626, 38.721, 38.695, 38.559, 38.253, 37.851, 37.59, 37.567, 37.574, 37.405, 37.069, 36.676, 36.399, 36.265, 36.268, 36.354, 36.597, 36.941, 37.367, 37.839, 38.196, 38.281, 38.068, 37.93, 37.914, 37.752, 37.46, 37.529, 38.465, 40.173, 41.669, 42.325, 42.324, 42.371, 42.936, 43.724, 44.114, 44.014, 44.006, 44.765, 46.006, 47.014, 47.313, 47.216, 47.376, 48.065, 49.272, 50.581, 51.254, 51.295, 51.147, 51.315, 51.605, 51.644, 51.431, 50.826, 49.71, 48.601, 48.237, 48.593, 48.779, 47.895, 45.709, 43.251, 41.943, 42.5, 44.178, 45.45, 45.837, 45.838, 20.532], [20.762, 18.589, 15.807, 13.1, 9.876, 5.134, 0.0, 3.432, 5.339, 7.465, 12.55, 19.193, 24.115, 26.552, 27.297, 27.968, 29.615, 32.061, 34.617, 36.713, 38.062, 38.736, 39.085, 39.49, 40.039, 40.447, 40.249, 39.477, 38.992, 39.441, 40.552, 41.477, 41.871, 42.468, 43.634, 44.854, 45.352, 44.855, 43.993, 43.618, 43.868, 44.283, 44.595, 44.753, 44.555, 43.918, 43.039, 42.464, 42.632, 43.342, 44.02, 44.164, 43.894, 43.448, 43.327, 44.18, 45.838, 47.371, 48.265, 48.696, 48.995, 49.087, 48.399, 47.104, 46.255, 45.783, 44.693, 42.88, 41.248, 40.581, 40.748, 41.28, 41.744, 42.04, 42.189, 42.244, 42.283, 42.351, 42.392, 42.287, 42.157, 42.052, 41.752, 40.865, 39.516, 38.452, 38.034, 38.101, 38.204, 38.171, 38.025, 37.704, 37.271, 36.994, 36.984, 37.009, 36.842, 36.496, 36.097, 35.833, 35.727, 35.759, 35.86, 36.097, 36.424, 36.847, 37.348, 37.739, 37.832, 37.6, 37.441, 37.416, 37.257, 36.996, 37.15, 38.218, 40.045, 41.608, 42.288, 42.28, 42.314, 42.88, 43.685, 44.09, 43.989, 43.971, 44.735, 45.989, 46.999, 47.288, 47.176, 47.327, 48.029, 49.273, 50.628, 51.334, 51.383, 51.233, 51.415, 51.735, 51.796, 51.576, 50.948, 49.808, 48.687, 48.327, 48.697, 48.886, 47.98, 45.738, 43.198, 41.82, 42.358, 44.066, 45.366, 45.747, 45.737, 22.072], [21.946, 19.93, 17.429, 15.11, 12.356, 8.145, 3.432, 0.0, 2.723, 5.953, 11.89, 18.905, 23.988, 26.504, 27.275, 27.929, 29.543, 31.975, 34.553, 36.683, 38.052, 38.733, 39.09, 39.506, 40.069, 40.487, 40.292, 39.507, 38.987, 39.396, 40.496, 41.445, 41.863, 42.461, 43.623, 44.846, 45.349, 44.857, 43.998, 43.629, 43.885, 44.303, 44.619, 44.781, 44.583, 43.942, 43.063, 42.486, 42.645, 43.351, 44.041, 44.209, 43.957, 43.514, 43.381, 44.221, 45.879, 47.425, 48.334, 48.775, 49.08, 49.173, 48.487, 47.193, 46.341, 45.867, 44.778, 42.965, 41.323, 40.644, 40.801, 41.329, 41.797, 42.095, 42.243, 42.298, 42.339, 42.412, 42.459, 42.357, 42.226, 42.119, 41.821, 40.935, 39.573, 38.484, 38.044, 38.102, 38.206, 38.176, 38.034, 37.719, 37.286, 37.011, 37.007, 37.042, 36.89, 36.562, 36.175, 35.915, 35.812, 35.849, 35.952, 36.186, 36.506, 36.925, 37.427, 37.817, 37.906, 37.672, 37.518, 37.497, 37.342, 37.097, 37.284, 38.393, 40.239, 41.801, 42.476, 42.466, 42.497, 43.057, 43.857, 44.261, 44.157, 44.132, 44.885, 46.128, 47.125, 47.405, 47.289, 47.431, 48.122, 49.363, 50.722, 51.436, 51.493, 51.347, 51.536, 51.867, 51.935, 51.715, 51.081, 49.939, 48.821, 48.463, 48.834, 49.023, 48.116, 45.875, 43.331, 41.939, 42.453, 44.142, 45.433, 45.805, 45.787, 23.149], [22.627, 20.661, 18.169, 15.831, 13.145, 9.266, 5.339, 2.723, 0.0, 4.089, 11.238, 18.815, 24.074, 26.654, 27.478, 28.181, 29.816, 32.244, 34.808, 36.928, 38.288, 38.965, 39.328, 39.757, 40.33, 40.752, 40.56, 39.781, 39.263, 39.665, 40.76, 41.71, 42.123, 42.692, 43.815, 45.007, 45.501, 45.022, 44.185, 43.823, 44.065, 44.463, 44.763, 44.915, 44.715, 44.087, 43.226, 42.66, 42.805, 43.478, 44.13, 44.269, 44.011, 43.58, 43.448, 44.261, 45.879, 47.398, 48.295, 48.73, 49.028, 49.114, 48.434, 47.161, 46.332, 45.879, 44.828, 43.075, 41.497, 40.843, 40.99, 41.496, 41.949, 42.239, 42.384, 42.437, 42.476, 42.545, 42.588, 42.483, 42.348, 42.239, 41.953, 41.105, 39.81, 38.785, 38.367, 38.414, 38.511, 38.492, 38.369, 38.071, 37.659, 37.399, 37.401, 37.441, 37.307, 37.01, 36.652, 36.395, 36.273, 36.291, 36.388, 36.63, 36.956, 37.367, 37.846, 38.21, 38.288, 38.063, 37.923, 37.911, 37.759, 37.512, 37.678, 38.732, 40.509, 42.02, 42.674, 42.662, 42.687, 43.225, 43.998, 44.389, 44.288, 44.261, 44.996, 46.215, 47.191, 47.464, 47.355, 47.5, 48.187, 49.416, 50.759, 51.462, 51.518, 51.377, 51.573, 51.909, 51.983, 51.768, 51.147, 50.025, 48.925, 48.566, 48.921, 49.103, 48.214, 46.023, 43.541, 42.171, 42.64, 44.261, 45.511, 45.871, 45.85, 23.782], [23.337, 21.413, 18.896, 16.44, 13.769, 10.351, 7.465, 5.953, 4.089, 0.0, 8.157, 16.767, 22.664, 25.552, 26.52, 27.339, 29.135, 31.737, 34.438, 36.639, 38.037, 38.732, 39.112, 39.562, 40.161, 40.605, 40.42, 39.632, 39.108, 39.532, 40.676, 41.668, 42.091, 42.641, 43.75, 44.945, 45.449, 44.979, 44.145, 43.781, 44.016, 44.402, 44.687, 44.826, 44.619, 43.987, 43.123, 42.547, 42.678, 43.329, 43.956, 44.067, 43.792, 43.353, 43.21, 44.012, 45.626, 47.147, 48.047, 48.488, 48.794, 48.888, 48.204, 46.931, 46.117, 45.687, 44.648, 42.905, 41.329, 40.659, 40.787, 41.29, 41.749, 42.046, 42.19, 42.242, 42.284, 42.358, 42.401, 42.29, 42.147, 42.036, 41.76, 40.937, 39.682, 38.7, 38.308, 38.359, 38.452, 38.441, 38.335, 38.047, 37.628, 37.353, 37.349, 37.392, 37.261, 36.972, 36.627, 36.375, 36.242, 36.248, 36.361, 36.639, 36.989, 37.399, 37.865, 38.219, 38.293, 38.066, 37.928, 37.919, 37.769, 37.51, 37.652, 38.675, 40.431, 41.938, 42.592, 42.574, 42.589, 43.12, 43.891, 44.286, 44.192, 44.172, 44.918, 46.151, 47.131, 47.395, 47.277, 47.424, 48.125, 49.371, 50.73, 51.444, 51.503, 51.365, 51.565, 51.908, 51.989, 51.782, 51.167, 50.047, 48.941, 48.577, 48.928, 49.108, 48.219, 46.032, 43.554, 42.173, 42.611, 44.202, 45.438, 45.796, 45.773, 24.404], [25.089, 23.365, 21.175, 18.996, 16.781, 14.354, 12.55, 11.89, 11.238, 8.157, 0.0, 9.945, 17.291, 21.076, 22.445, 23.485, 25.661, 28.813, 32.036, 34.599, 36.199, 36.999, 37.442, 37.953, 38.634, 39.168, 39.021, 38.186, 37.589, 38.041, 39.34, 40.512, 41.044, 41.65, 42.837, 44.141, 44.726, 44.266, 43.401, 43.03, 43.304, 43.726, 44.019, 44.165, 43.975, 43.352, 42.462, 41.844, 41.958, 42.637, 43.317, 43.46, 43.177, 42.704, 42.539, 43.376, 45.074, 46.668, 47.61, 48.085, 48.434, 48.558, 47.856, 46.529, 45.69, 45.248, 44.13, 42.242, 40.523, 39.759, 39.867, 40.409, 40.921, 41.255, 41.411, 41.469, 41.531, 41.633, 41.696, 41.585, 41.436, 41.333, 41.069, 40.224, 38.903, 37.876, 37.505, 37.594, 37.704, 37.697, 37.602, 37.308, 36.822, 36.478, 36.454, 36.497, 36.336, 36.001, 35.633, 35.391, 35.28, 35.319, 35.499, 35.85, 36.227, 36.642, 37.129, 37.515, 37.605, 37.358, 37.188, 37.164, 37.007, 36.751, 36.94, 38.08, 39.983, 41.609, 42.316, 42.294, 42.304, 42.876, 43.716, 44.157, 44.068, 44.06, 44.86, 46.17, 47.197, 47.438, 47.27, 47.39, 48.092, 49.367, 50.775, 51.532, 51.606, 51.466, 51.659, 51.986, 52.047, 51.824, 51.183, 50.017, 48.875, 48.518, 48.907, 49.097, 48.146, 45.829, 43.206, 41.749, 42.216, 43.89, 45.187, 45.559, 45.522, 25.976], [28.216, 26.817, 25.175, 23.554, 21.936, 20.319, 19.193, 18.905, 18.815, 16.767, 9.945, 0.0, 8.485, 13.462, 15.605, 17.074, 19.712, 23.522, 27.444, 30.571, 32.562, 33.621, 34.255, 34.932, 35.789, 36.496, 36.44, 35.562, 34.872, 35.361, 36.879, 38.353, 39.137, 39.914, 41.22, 42.634, 43.314, 42.901, 42.051, 41.715, 42.064, 42.537, 42.83, 43.009, 42.964, 42.558, 41.84, 41.285, 41.399, 42.08, 42.791, 42.961, 42.691, 42.251, 42.142, 43.026, 44.74, 46.323, 47.244, 47.714, 48.081, 48.221, 47.514, 46.162, 45.296, 44.829, 43.662, 41.726, 40.023, 39.305, 39.435, 39.98, 40.51, 40.873, 41.047, 41.117, 41.195, 41.314, 41.387, 41.28, 41.146, 41.078, 40.851, 40.028, 38.724, 37.748, 37.452, 37.583, 37.707, 37.709, 37.622, 37.316, 36.797, 36.428, 36.393, 36.432, 36.246, 35.886, 35.519, 35.295, 35.198, 35.252, 35.469, 35.851, 36.231, 36.636, 37.128, 37.527, 37.621, 37.36, 37.159, 37.102, 36.933, 36.704, 36.963, 38.189, 40.167, 41.846, 42.583, 42.571, 42.588, 43.185, 44.069, 44.542, 44.452, 44.432, 45.224, 46.532, 47.551, 47.779, 47.583, 47.651, 48.283, 49.501, 50.893, 51.658, 51.746, 51.608, 51.778, 52.057, 52.07, 51.814, 51.155, 49.987, 48.866, 48.557, 48.992, 49.196, 48.211, 45.822, 43.128, 41.627, 42.085, 43.777, 45.097, 45.469, 45.405, 28.899], [31.015, 29.842, 28.561, 27.323, 26.078, 24.886, 24.115, 23.988, 24.074, 22.664, 17.291, 8.485, 0.0, 5.795, 8.998, 11.361, 14.588, 18.834, 23.193, 26.751, 29.125, 30.5, 31.392, 32.283, 33.327, 34.192, 34.22, 33.337, 32.64, 33.22, 34.942, 36.702, 37.768, 38.74, 40.118, 41.544, 42.25, 41.897, 41.122, 40.86, 41.27, 41.771, 42.056, 42.262, 42.371, 42.251, 41.821, 41.444, 41.607, 42.263, 42.944, 43.095, 42.847, 42.499, 42.5, 43.417, 45.07, 46.566, 47.422, 47.858, 48.207, 48.336, 47.64, 46.317, 45.453, 44.968, 43.827, 41.997, 40.488, 39.928, 40.087, 40.579, 41.077, 41.446, 41.629, 41.693, 41.751, 41.84, 41.885, 41.768, 41.645, 41.604, 41.416, 40.672, 39.507, 38.688, 38.485, 38.619, 38.729, 38.739, 38.664, 38.374, 37.897, 37.557, 37.511, 37.533, 37.349, 37.012, 36.675, 36.459, 36.348, 36.376, 36.555, 36.895, 37.254, 37.637, 38.088, 38.442, 38.509, 38.251, 38.052, 37.979, 37.808, 37.6, 37.859, 39.014, 40.885, 42.482, 43.192, 43.195, 43.22, 43.795, 44.65, 45.11, 45.018, 44.974, 45.696, 46.919, 47.883, 48.119, 47.942, 47.988, 48.55, 49.689, 51.026, 51.767, 51.856, 51.721, 51.87, 52.114, 52.099, 51.833, 51.19, 50.069, 49.012, 48.754, 49.211, 49.434, 48.488, 46.176, 43.585, 42.152, 42.576, 44.173, 45.427, 45.777, 45.696, 31.592], [32.472, 31.402, 30.292, 29.244, 28.177, 27.166, 26.552, 26.504, 26.654, 25.552, 21.076, 13.462, 5.795, 0.0, 4.051, 7.604, 11.646, 16.2, 20.664, 24.331, 26.872, 28.437, 29.508, 30.563, 31.755, 32.732, 32.812, 31.945, 31.302, 32.003, 33.896, 35.872, 37.132, 38.224, 39.635, 41.046, 41.75, 41.43, 40.716, 40.51, 40.956, 41.475, 41.77, 41.993, 42.168, 42.19, 41.935, 41.697, 41.927, 42.592, 43.26, 43.405, 43.181, 42.9, 42.973, 43.911, 45.534, 46.99, 47.825, 48.249, 48.584, 48.697, 48.008, 46.704, 45.834, 45.321, 44.185, 42.415, 41.026, 40.57, 40.747, 41.201, 41.677, 42.052, 42.242, 42.297, 42.33, 42.386, 42.405, 42.277, 42.155, 42.125, 41.955, 41.252, 40.16, 39.413, 39.243, 39.362, 39.453, 39.459, 39.393, 39.127, 38.692, 38.378, 38.322, 38.331, 38.156, 37.837, 37.503, 37.273, 37.149, 37.161, 37.296, 37.581, 37.913, 38.276, 38.692, 39.004, 39.042, 38.782, 38.59, 38.516, 38.355, 38.166, 38.406, 39.485, 41.262, 42.795, 43.485, 43.497, 43.524, 44.072, 44.895, 45.341, 45.249, 45.191, 45.864, 47.028, 47.961, 48.206, 48.047, 48.096, 48.642, 49.756, 51.068, 51.793, 51.878, 51.742, 51.877, 52.104, 52.083, 51.818, 51.193, 50.105, 49.083, 48.842, 49.298, 49.534, 48.634, 46.406, 43.919, 42.569, 43.007, 44.56, 45.774, 46.115, 46.035, 33.015], [32.863, 31.837, 30.811, 29.858, 28.866, 27.895, 27.297, 27.275, 27.478, 26.52, 22.445, 15.605, 8.998, 4.051, 0.0, 4.286, 9.135, 14.203, 18.885, 22.621, 25.222, 26.862, 28.013, 29.158, 30.448, 31.509, 31.638, 30.8, 30.214, 31.012, 33.031, 35.153, 36.526, 37.689, 39.142, 40.58, 41.306, 41.0, 40.297, 40.114, 40.589, 41.135, 41.45, 41.691, 41.885, 41.932, 41.713, 41.517, 41.796, 42.513, 43.222, 43.399, 43.203, 42.943, 43.034, 43.996, 45.649, 47.136, 47.997, 48.438, 48.775, 48.882, 48.186, 46.864, 45.956, 45.396, 44.221, 42.418, 41.02, 40.587, 40.783, 41.242, 41.724, 42.113, 42.319, 42.382, 42.414, 42.468, 42.487, 42.361, 42.244, 42.221, 42.043, 41.305, 40.158, 39.356, 39.158, 39.27, 39.349, 39.339, 39.265, 39.006, 38.584, 38.272, 38.211, 38.216, 38.041, 37.709, 37.345, 37.094, 36.982, 37.008, 37.118, 37.357, 37.663, 38.021, 38.437, 38.748, 38.781, 38.512, 38.313, 38.241, 38.093, 37.92, 38.166, 39.242, 41.03, 42.579, 43.278, 43.29, 43.313, 43.859, 44.687, 45.14, 45.048, 44.982, 45.646, 46.809, 47.747, 47.997, 47.839, 47.892, 48.447, 49.567, 50.881, 51.606, 51.691, 51.548, 51.675, 51.901, 51.884, 51.621, 50.991, 49.898, 48.873, 48.634, 49.098, 49.345, 48.457, 46.235, 43.744, 42.409, 42.903, 44.522, 45.774, 46.128, 46.054, 33.385], [33.266, 32.289, 31.35, 30.497, 29.571, 28.607, 27.968, 27.929, 28.181, 27.339, 23.485, 17.074, 11.361, 7.604, 4.286, 0.0, 5.371, 11.162, 16.472, 20.599, 23.419, 25.188, 26.423, 27.634, 28.99, 30.124, 30.326, 29.552, 29.024, 29.888, 31.996, 34.224, 35.691, 36.939, 38.466, 39.962, 40.728, 40.429, 39.719, 39.55, 40.072, 40.661, 40.994, 41.253, 41.484, 41.567, 41.357, 41.159, 41.463, 42.245, 43.027, 43.26, 43.096, 42.835, 42.919, 43.898, 45.593, 47.131, 48.034, 48.5, 48.844, 48.949, 48.246, 46.895, 45.936, 45.325, 44.108, 42.264, 40.831, 40.404, 40.629, 41.111, 41.609, 42.014, 42.245, 42.335, 42.389, 42.459, 42.494, 42.381, 42.275, 42.258, 42.064, 41.262, 40.004, 39.086, 38.832, 38.943, 39.021, 38.99, 38.895, 38.627, 38.195, 37.875, 37.812, 37.817, 37.637, 37.282, 36.882, 36.619, 36.532, 36.579, 36.67, 36.862, 37.135, 37.489, 37.921, 38.252, 38.296, 38.02, 37.811, 37.737, 37.596, 37.435, 37.69, 38.792, 40.627, 42.215, 42.93, 42.939, 42.958, 43.514, 44.365, 44.835, 44.742, 44.671, 45.343, 46.525, 47.479, 47.735, 47.576, 47.628, 48.179, 49.292, 50.602, 51.333, 51.425, 51.278, 51.401, 51.632, 51.626, 51.361, 50.71, 49.591, 48.554, 48.327, 48.818, 49.092, 48.209, 45.953, 43.4, 42.039, 42.599, 44.327, 45.652, 46.029, 45.956, 33.735], [34.465, 33.571, 32.758, 32.04, 31.205, 30.276, 29.615, 29.543, 29.816, 29.135, 25.661, 19.712, 14.588, 11.646, 9.135, 5.371, 0.0, 6.356, 12.518, 17.42, 20.787, 22.905, 24.352, 25.69, 27.13, 28.354, 28.668, 28.006, 27.571, 28.514, 30.712, 33.055, 34.667, 36.052, 37.67, 39.22, 40.015, 39.724, 39.024, 38.892, 39.479, 40.117, 40.459, 40.732, 41.042, 41.248, 41.128, 40.96, 41.275, 42.089, 42.916, 43.188, 43.055, 42.809, 42.895, 43.871, 45.567, 47.122, 48.055, 48.544, 48.892, 48.994, 48.303, 46.958, 45.976, 45.336, 44.123, 42.316, 40.926, 40.545, 40.801, 41.295, 41.795, 42.212, 42.475, 42.604, 42.689, 42.781, 42.833, 42.74, 42.651, 42.643, 42.434, 41.589, 40.257, 39.25, 38.944, 39.047, 39.125, 39.076, 38.953, 38.666, 38.23, 37.918, 37.855, 37.857, 37.682, 37.323, 36.913, 36.644, 36.569, 36.623, 36.686, 36.821, 37.044, 37.379, 37.816, 38.159, 38.213, 37.942, 37.736, 37.669, 37.549, 37.413, 37.668, 38.749, 40.57, 42.15, 42.859, 42.864, 42.875, 43.427, 44.281, 44.755, 44.662, 44.591, 45.258, 46.432, 47.384, 47.652, 47.502, 47.537, 48.041, 49.101, 50.376, 51.102, 51.206, 51.06, 51.175, 51.403, 51.406, 51.142, 50.475, 49.342, 48.311, 48.107, 48.63, 48.941, 48.092, 45.851, 43.285, 41.915, 42.503, 44.285, 45.65, 46.038, 45.961, 34.842], [36.352, 35.565, 34.889, 34.3, 33.556, 32.691, 32.061, 31.975, 32.244, 31.737, 28.813, 23.522, 18.834, 16.2, 14.203, 11.162, 6.356, 0.0, 6.788, 12.612, 16.841, 19.613, 21.498, 23.106, 24.722, 26.095, 26.556, 26.037, 25.742, 26.809, 29.134, 31.639, 33.464, 35.039, 36.758, 38.338, 39.138, 38.86, 38.201, 38.141, 38.811, 39.502, 39.848, 40.132, 40.55, 40.963, 41.039, 40.979, 41.315, 42.115, 42.934, 43.218, 43.13, 42.944, 43.068, 44.025, 45.67, 47.197, 48.138, 48.642, 48.987, 49.091, 48.437, 47.146, 46.185, 45.553, 44.393, 42.693, 41.42, 41.11, 41.381, 41.862, 42.349, 42.772, 43.065, 43.233, 43.347, 43.453, 43.516, 43.446, 43.381, 43.383, 43.163, 42.312, 40.979, 39.949, 39.611, 39.695, 39.765, 39.702, 39.554, 39.248, 38.825, 38.542, 38.479, 38.474, 38.309, 37.968, 37.573, 37.301, 37.215, 37.253, 37.281, 37.361, 37.532, 37.836, 38.259, 38.602, 38.663, 38.408, 38.223, 38.182, 38.107, 38.017, 38.261, 39.27, 41.002, 42.521, 43.207, 43.205, 43.199, 43.717, 44.539, 44.998, 44.913, 44.857, 45.504, 46.629, 47.551, 47.837, 47.703, 47.702, 48.113, 49.069, 50.269, 50.961, 51.066, 50.92, 51.02, 51.236, 51.248, 50.996, 50.335, 49.217, 48.214, 48.033, 48.567, 48.906, 48.13, 45.994, 43.515, 42.177, 42.734, 44.469, 45.809, 46.19, 46.109, 36.63], [38.366, 37.69, 37.142, 36.647, 35.97, 35.176, 34.617, 34.553, 34.808, 34.438, 32.036, 27.444, 23.193, 20.664, 18.885, 16.472, 12.518, 6.788, 0.0, 6.48, 11.659, 15.334, 17.908, 19.99, 21.931, 23.548, 24.188, 23.821, 23.697, 24.941, 27.446, 30.156, 32.217, 33.991, 35.814, 37.41, 38.196, 37.928, 37.332, 37.366, 38.132, 38.883, 39.24, 39.541, 40.078, 40.729, 41.065, 41.169, 41.544, 42.315, 43.107, 43.407, 43.385, 43.288, 43.471, 44.408, 45.978, 47.445, 48.369, 48.874, 49.213, 49.321, 48.714, 47.496, 46.584, 45.983, 44.884, 43.295, 42.138, 41.887, 42.154, 42.608, 43.075, 43.499, 43.808, 43.997, 44.127, 44.241, 44.309, 44.257, 44.214, 44.222, 43.997, 43.161, 41.87, 40.868, 40.527, 40.595, 40.651, 40.574, 40.408, 40.095, 39.698, 39.449, 39.388, 39.372, 39.211, 38.89, 38.516, 38.25, 38.157, 38.18, 38.182, 38.226, 38.365, 38.641, 39.047, 39.389, 39.46, 39.228, 39.07, 39.059, 39.031, 38.98, 39.204, 40.122, 41.741, 43.184, 43.843, 43.834, 43.803, 44.27, 45.043, 45.479, 45.411, 45.383, 46.012, 47.073, 47.95, 48.249, 48.13, 48.083, 48.389, 49.224, 50.321, 50.95, 51.036, 50.886, 50.97, 51.173, 51.196, 50.967, 50.328, 49.243, 48.28, 48.112, 48.634, 48.991, 48.308, 46.331, 43.995, 42.699, 43.183, 44.806, 46.077, 46.437, 46.359, 38.57], [39.995, 39.421, 38.976, 38.549, 37.925, 37.197, 36.713, 36.683, 36.928, 36.639, 34.599, 30.571, 26.751, 24.331, 22.621, 20.599, 17.42, 12.612, 6.48, 0.0, 5.805, 10.386, 13.826, 16.599, 19.033, 20.976, 21.818, 21.615, 21.691, 23.142, 25.846, 28.767, 31.035, 32.969, 34.884, 36.497, 37.27, 37.009, 36.469, 36.592, 37.448, 38.264, 38.648, 38.982, 39.635, 40.505, 41.091, 41.367, 41.797, 42.558, 43.342, 43.678, 43.724, 43.706, 43.946, 44.878, 46.389, 47.798, 48.691, 49.187, 49.525, 49.641, 49.066, 47.897, 47.028, 46.454, 45.392, 43.863, 42.773, 42.554, 42.809, 43.232, 43.676, 44.094, 44.407, 44.598, 44.729, 44.844, 44.915, 44.874, 44.847, 44.858, 44.626, 43.805, 42.566, 41.616, 41.312, 41.384, 41.427, 41.333, 41.153, 40.842, 40.472, 40.248, 40.184, 40.156, 39.991, 39.678, 39.321, 39.08, 39.005, 39.031, 39.025, 39.058, 39.186, 39.446, 39.841, 40.186, 40.267, 40.055, 39.919, 39.928, 39.923, 39.886, 40.088, 40.934, 42.465, 43.852, 44.492, 44.478, 44.426, 44.848, 45.576, 45.999, 45.949, 45.947, 46.564, 47.575, 48.41, 48.709, 48.586, 48.489, 48.703, 49.433, 50.435, 50.996, 51.055, 50.896, 50.969, 51.169, 51.207, 51.002, 50.385, 49.331, 48.399, 48.231, 48.734, 49.103, 48.505, 46.673, 44.461, 43.189, 43.595, 45.115, 46.322, 46.671, 46.606, 40.149], [41.013, 40.515, 40.136, 39.751, 39.171, 38.494, 38.062, 38.052, 38.288, 38.037, 36.199, 32.562, 29.125, 26.872, 25.222, 23.419, 20.787, 16.841, 11.659, 5.805, 0.0, 5.142, 9.424, 13.051, 16.14, 18.474, 19.53, 19.536, 19.875, 21.542, 24.402, 27.498, 29.934, 31.977, 33.948, 35.582, 36.359, 36.11, 35.606, 35.781, 36.692, 37.561, 37.985, 38.368, 39.12, 40.156, 40.934, 41.353, 41.849, 42.631, 43.436, 43.817, 43.914, 43.948, 44.237, 45.187, 46.683, 48.062, 48.928, 49.412, 49.757, 49.886, 49.32, 48.163, 47.313, 46.758, 45.707, 44.187, 43.109, 42.892, 43.128, 43.518, 43.938, 44.347, 44.657, 44.842, 44.967, 45.08, 45.155, 45.123, 45.107, 45.117, 44.875, 44.062, 42.867, 41.984, 41.742, 41.838, 41.868, 41.752, 41.56, 41.251, 40.898, 40.686, 40.615, 40.573, 40.403, 40.099, 39.768, 39.562, 39.517, 39.556, 39.554, 39.588, 39.714, 39.965, 40.349, 40.691, 40.775, 40.573, 40.446, 40.46, 40.458, 40.42, 40.605, 41.414, 42.906, 44.27, 44.907, 44.896, 44.831, 45.22, 45.919, 46.337, 46.308, 46.326, 46.934, 47.912, 48.715, 48.999, 48.857, 48.716, 48.867, 49.529, 50.467, 50.979, 51.016, 50.853, 50.925, 51.129, 51.181, 50.994, 50.392, 49.355, 48.437, 48.265, 48.755, 49.133, 48.589, 46.84, 44.697, 43.43, 43.787, 45.253, 46.433, 46.786, 46.735, 41.128], [41.512, 41.058, 40.707, 40.337, 39.785, 39.143, 38.736, 38.733, 38.965, 38.732, 36.999, 33.621, 30.5, 28.437, 26.862, 25.188, 22.905, 19.613, 15.334, 10.386, 5.142, 0.0, 4.818, 9.271, 13.127, 15.953, 17.279, 17.57, 18.282, 20.222, 23.226, 26.47, 29.057, 31.192, 33.211, 34.877, 35.679, 35.445, 34.952, 35.134, 36.059, 36.96, 37.43, 37.867, 38.678, 39.785, 40.654, 41.157, 41.714, 42.543, 43.393, 43.816, 43.931, 43.98, 44.306, 45.301, 46.827, 48.214, 49.072, 49.548, 49.903, 50.047, 49.478, 48.303, 47.45, 46.901, 45.847, 44.307, 43.198, 42.951, 43.159, 43.523, 43.927, 44.33, 44.635, 44.81, 44.925, 45.036, 45.116, 45.093, 45.088, 45.098, 44.843, 44.025, 42.849, 42.009, 41.819, 41.934, 41.951, 41.815, 41.613, 41.302, 40.953, 40.743, 40.663, 40.611, 40.433, 40.139, 39.836, 39.668, 39.651, 39.701, 39.701, 39.732, 39.854, 40.096, 40.468, 40.804, 40.887, 40.685, 40.557, 40.568, 40.562, 40.523, 40.704, 41.508, 43.004, 44.375, 45.019, 45.015, 44.95, 45.327, 46.019, 46.443, 46.428, 46.457, 47.061, 48.019, 48.799, 49.069, 48.916, 48.759, 48.888, 49.526, 50.439, 50.931, 50.956, 50.793, 50.872, 51.086, 51.145, 50.968, 50.37, 49.334, 48.415, 48.238, 48.724, 49.104, 48.57, 46.832, 44.691, 43.413, 43.746, 45.199, 46.378, 46.739, 46.7, 41.6], [41.806, 41.365, 41.012, 40.634, 40.093, 39.476, 39.085, 39.09, 39.328, 39.112, 37.442, 34.255, 31.392, 29.508, 28.013, 26.423, 24.352, 21.498, 17.908, 13.826, 9.424, 4.818, 0.0, 4.96, 9.55, 13.029, 14.816, 15.529, 16.729, 19.047, 22.266, 25.685, 28.447, 30.715, 32.816, 34.537, 35.374, 35.154, 34.655, 34.824, 35.744, 36.665, 37.178, 37.658, 38.484, 39.58, 40.448, 40.975, 41.573, 42.449, 43.348, 43.798, 43.903, 43.937, 44.282, 45.328, 46.909, 48.332, 49.198, 49.672, 50.036, 50.196, 49.622, 48.427, 47.56, 47.01, 45.949, 44.387, 43.234, 42.94, 43.116, 43.468, 43.87, 44.269, 44.566, 44.731, 44.836, 44.946, 45.032, 45.021, 45.027, 45.038, 44.769, 43.933, 42.743, 41.903, 41.727, 41.847, 41.852, 41.703, 41.494, 41.18, 40.829, 40.616, 40.532, 40.471, 40.289, 40.003, 39.723, 39.588, 39.596, 39.655, 39.646, 39.658, 39.765, 39.995, 40.353, 40.678, 40.756, 40.553, 40.426, 40.435, 40.43, 40.403, 40.602, 41.426, 42.941, 44.33, 44.985, 44.989, 44.93, 45.315, 46.019, 46.454, 46.446, 46.476, 47.077, 48.024, 48.793, 49.062, 48.912, 48.759, 48.884, 49.507, 50.403, 50.883, 50.902, 50.739, 50.829, 51.053, 51.115, 50.941, 50.34, 49.294, 48.368, 48.192, 48.679, 49.055, 48.505, 46.739, 44.571, 43.281, 43.609, 45.066, 46.254, 46.623, 46.593, 41.879], [42.196, 41.753, 41.38, 40.983, 40.45, 39.858, 39.49, 39.506, 39.757, 39.562, 37.953, 34.932, 32.283, 30.563, 29.158, 27.634, 25.69, 23.106, 19.99, 16.599, 13.051, 9.271, 4.96, 0.0, 5.083, 9.342, 11.93, 13.365, 15.188, 17.936, 21.436, 25.082, 28.053, 30.482, 32.679, 34.454, 35.321, 35.116, 34.615, 34.774, 35.692, 36.625, 37.164, 37.669, 38.493, 39.564, 40.413, 40.944, 41.563, 42.472, 43.405, 43.874, 43.966, 43.98, 44.33, 45.412, 47.038, 48.496, 49.383, 49.866, 50.236, 50.404, 49.834, 48.637, 47.769, 47.219, 46.161, 44.602, 43.429, 43.101, 43.252, 43.599, 44.003, 44.397, 44.684, 44.839, 44.938, 45.047, 45.14, 45.139, 45.152, 45.163, 44.883, 44.027, 42.809, 41.937, 41.739, 41.851, 41.851, 41.696, 41.483, 41.17, 40.819, 40.608, 40.521, 40.455, 40.278, 40.006, 39.748, 39.637, 39.658, 39.717, 39.69, 39.671, 39.749, 39.957, 40.291, 40.598, 40.67, 40.469, 40.344, 40.358, 40.363, 40.359, 40.586, 41.423, 42.939, 44.331, 44.991, 44.999, 44.946, 45.344, 46.064, 46.512, 46.504, 46.525, 47.117, 48.055, 48.823, 49.1, 48.967, 48.825, 48.94, 49.53, 50.387, 50.843, 50.853, 50.692, 50.787, 51.016, 51.078, 50.906, 50.304, 49.252, 48.33, 48.166, 48.66, 49.036, 48.482, 46.703, 44.531, 43.255, 43.596, 45.061, 46.257, 46.638, 46.618, 42.265], [42.693, 42.25, 41.864, 41.458, 40.939, 40.38, 40.039, 40.069, 40.33, 40.161, 38.634, 35.789, 33.327, 31.755, 30.448, 28.99, 27.13, 24.722, 21.931, 19.033, 16.14, 13.127, 9.55, 5.083, 0.0, 4.877, 8.566, 11.238, 13.974, 17.15, 20.882, 24.749, 27.916, 30.464, 32.702, 34.489, 35.369, 35.181, 34.685, 34.838, 35.751, 36.684, 37.228, 37.735, 38.553, 39.613, 40.465, 41.008, 41.641, 42.563, 43.511, 43.994, 44.096, 44.114, 44.468, 45.559, 47.199, 48.676, 49.591, 50.1, 50.477, 50.639, 50.076, 48.901, 48.05, 47.502, 46.462, 44.943, 43.8, 43.472, 43.612, 43.955, 44.358, 44.744, 45.02, 45.168, 45.263, 45.371, 45.466, 45.471, 45.486, 45.495, 45.211, 44.352, 43.121, 42.217, 41.99, 42.09, 42.089, 41.934, 41.722, 41.416, 41.072, 40.864, 40.772, 40.703, 40.543, 40.296, 40.058, 39.953, 39.968, 40.015, 39.968, 39.913, 39.951, 40.123, 40.423, 40.704, 40.769, 40.573, 40.45, 40.47, 40.49, 40.506, 40.742, 41.556, 43.033, 44.397, 45.047, 45.056, 45.005, 45.403, 46.126, 46.581, 46.574, 46.584, 47.153, 48.073, 48.838, 49.129, 49.021, 48.896, 48.996, 49.537, 50.342, 50.772, 50.78, 50.62, 50.713, 50.938, 50.999, 50.831, 50.235, 49.193, 48.294, 48.15, 48.649, 49.028, 48.493, 46.743, 44.61, 43.38, 43.74, 45.209, 46.415, 46.813, 46.803, 42.76], [43.019, 42.586, 42.205, 41.808, 41.305, 40.767, 40.447, 40.487, 40.752, 40.605, 39.168, 36.496, 34.192, 32.732, 31.509, 30.124, 28.354, 26.095, 23.548, 20.976, 18.474, 15.953, 13.029, 9.342, 4.877, 0.0, 4.661, 8.966, 13.004, 16.743, 20.668, 24.676, 27.967, 30.563, 32.784, 34.544, 35.423, 35.25, 34.761, 34.905, 35.802, 36.724, 37.259, 37.749, 38.539, 39.575, 40.42, 40.969, 41.61, 42.537, 43.486, 43.976, 44.098, 44.141, 44.507, 45.596, 47.23, 48.71, 49.652, 50.196, 50.59, 50.746, 50.185, 49.034, 48.204, 47.663, 46.649, 45.189, 44.101, 43.793, 43.932, 44.274, 44.675, 45.053, 45.319, 45.461, 45.553, 45.658, 45.751, 45.754, 45.765, 45.771, 45.491, 44.649, 43.433, 42.524, 42.281, 42.375, 42.376, 42.224, 42.014, 41.716, 41.377, 41.17, 41.079, 41.013, 40.871, 40.646, 40.414, 40.302, 40.303, 40.339, 40.281, 40.203, 40.207, 40.344, 40.612, 40.866, 40.924, 40.727, 40.602, 40.627, 40.658, 40.68, 40.9, 41.664, 43.082, 44.403, 45.034, 45.041, 44.988, 45.373, 46.083, 46.533, 46.53, 46.536, 47.083, 47.98, 48.738, 49.033, 48.942, 48.833, 48.93, 49.446, 50.223, 50.645, 50.665, 50.512, 50.599, 50.817, 50.878, 50.714, 50.126, 49.101, 48.224, 48.093, 48.586, 48.961, 48.445, 46.732, 44.65, 43.469, 43.85, 45.327, 46.548, 46.965, 46.966, 43.081], [42.814, 42.401, 42.039, 41.652, 41.138, 40.578, 40.249, 40.292, 40.56, 40.42, 39.021, 36.44, 34.22, 32.812, 31.638, 30.326, 28.668, 26.556, 24.188, 21.818, 19.53, 17.279, 14.816, 11.93, 8.566, 4.661, 0.0, 5.487, 10.899, 15.55, 19.915, 24.11, 27.516, 30.201, 32.469, 34.239, 35.115, 34.939, 34.452, 34.605, 35.512, 36.439, 36.975, 37.455, 38.217, 39.216, 40.03, 40.562, 41.206, 42.147, 43.106, 43.594, 43.721, 43.782, 44.172, 45.286, 46.938, 48.427, 49.379, 49.95, 50.372, 50.539, 49.976, 48.827, 48.004, 47.468, 46.461, 45.023, 43.955, 43.654, 43.798, 44.149, 44.551, 44.922, 45.181, 45.319, 45.407, 45.51, 45.6, 45.595, 45.598, 45.598, 45.32, 44.485, 43.277, 42.371, 42.126, 42.224, 42.23, 42.08, 41.866, 41.554, 41.196, 40.983, 40.905, 40.856, 40.72, 40.495, 40.25, 40.126, 40.131, 40.18, 40.132, 40.056, 40.056, 40.193, 40.46, 40.71, 40.761, 40.552, 40.413, 40.436, 40.475, 40.505, 40.728, 41.491, 42.911, 44.228, 44.853, 44.854, 44.796, 45.174, 45.874, 46.313, 46.304, 46.309, 46.854, 47.746, 48.5, 48.786, 48.685, 48.575, 48.681, 49.213, 50.012, 50.456, 50.494, 50.346, 50.428, 50.642, 50.705, 50.536, 49.941, 48.916, 48.041, 47.905, 48.387, 48.749, 48.222, 46.5, 44.411, 43.239, 43.643, 45.152, 46.403, 46.84, 46.852, 42.855], [42.179, 41.782, 41.441, 41.053, 40.488, 39.855, 39.477, 39.507, 39.781, 39.632, 38.186, 35.562, 33.337, 31.945, 30.8, 29.552, 28.006, 26.037, 23.821, 21.615, 19.536, 17.57, 15.529, 13.365, 11.238, 8.966, 5.487, 0.0, 6.345, 12.219, 17.529, 22.196, 25.839, 28.757, 31.238, 33.124, 34.022, 33.832, 33.355, 33.568, 34.558, 35.557, 36.141, 36.656, 37.447, 38.46, 39.259, 39.77, 40.424, 41.41, 42.416, 42.916, 43.034, 43.095, 43.519, 44.702, 46.432, 47.965, 48.926, 49.509, 49.962, 50.155, 49.589, 48.418, 47.581, 47.036, 45.993, 44.487, 43.355, 43.022, 43.172, 43.539, 43.951, 44.325, 44.585, 44.723, 44.813, 44.917, 45.006, 44.997, 44.992, 44.987, 44.695, 43.823, 42.569, 41.63, 41.377, 41.487, 41.5, 41.349, 41.122, 40.775, 40.376, 40.146, 40.081, 40.051, 39.91, 39.658, 39.381, 39.246, 39.271, 39.355, 39.339, 39.292, 39.325, 39.508, 39.83, 40.118, 40.174, 39.939, 39.772, 39.787, 39.837, 39.899, 40.203, 41.098, 42.647, 44.044, 44.691, 44.678, 44.605, 44.987, 45.696, 46.123, 46.083, 46.071, 46.626, 47.535, 48.286, 48.546, 48.409, 48.261, 48.353, 48.909, 49.749, 50.233, 50.292, 50.142, 50.219, 50.435, 50.504, 50.321, 49.697, 48.644, 47.749, 47.605, 48.084, 48.435, 47.874, 46.083, 43.91, 42.689, 43.124, 44.704, 46.012, 46.471, 46.489, 42.183], [41.896, 41.504, 41.183, 40.789, 40.165, 39.446, 38.992, 38.987, 39.263, 39.108, 37.589, 34.872, 32.64, 31.302, 30.214, 29.024, 27.571, 25.742, 23.697, 21.691, 19.875, 18.282, 16.729, 15.188, 13.974, 13.004, 10.899, 6.345, 0.0, 6.823, 13.367, 18.922, 23.023, 26.262, 29.029, 31.118, 32.117, 31.965, 31.537, 31.857, 32.996, 34.136, 34.825, 35.432, 36.324, 37.427, 38.269, 38.793, 39.482, 40.539, 41.626, 42.177, 42.306, 42.366, 42.816, 44.077, 45.917, 47.539, 48.544, 49.153, 49.639, 49.871, 49.315, 48.116, 47.251, 46.686, 45.59, 43.978, 42.734, 42.353, 42.507, 42.893, 43.323, 43.719, 44.0, 44.151, 44.246, 44.352, 44.442, 44.432, 44.427, 44.413, 44.092, 43.151, 41.809, 40.81, 40.541, 40.661, 40.681, 40.525, 40.289, 39.918, 39.48, 39.221, 39.154, 39.13, 38.978, 38.697, 38.395, 38.262, 38.312, 38.438, 38.47, 38.463, 38.532, 38.76, 39.149, 39.502, 39.577, 39.312, 39.104, 39.1, 39.16, 39.271, 39.708, 40.825, 42.585, 44.108, 44.795, 44.767, 44.67, 45.059, 45.793, 46.222, 46.149, 46.108, 46.669, 47.597, 48.346, 48.584, 48.399, 48.18, 48.213, 48.752, 49.61, 50.12, 50.189, 50.033, 50.113, 50.347, 50.427, 50.231, 49.573, 48.478, 47.553, 47.4, 47.882, 48.223, 47.619, 45.741, 43.447, 42.139, 42.587, 44.247, 45.62, 46.097, 46.11, 41.883], [42.437, 42.032, 41.736, 41.354, 40.711, 39.95, 39.441, 39.396, 39.665, 39.532, 38.041, 35.361, 33.22, 32.003, 31.012, 29.888, 28.514, 26.809, 24.941, 23.142, 21.542, 20.222, 19.047, 17.936, 17.15, 16.743, 15.55, 12.219, 6.823, 0.0, 7.454, 14.291, 19.416, 23.271, 26.373, 28.666, 29.819, 29.789, 29.478, 29.94, 31.243, 32.529, 33.335, 34.07, 35.122, 36.379, 37.318, 37.898, 38.636, 39.756, 40.916, 41.531, 41.696, 41.775, 42.247, 43.554, 45.465, 47.163, 48.232, 48.886, 49.402, 49.661, 49.119, 47.907, 47.016, 46.428, 45.3, 43.641, 42.361, 41.976, 42.137, 42.526, 42.965, 43.385, 43.698, 43.87, 43.973, 44.078, 44.163, 44.15, 44.143, 44.12, 43.772, 42.784, 41.387, 40.356, 40.082, 40.205, 40.225, 40.067, 39.824, 39.431, 38.954, 38.659, 38.575, 38.548, 38.394, 38.108, 37.829, 37.748, 37.85, 38.018, 38.081, 38.089, 38.15, 38.364, 38.78, 39.188, 39.288, 38.995, 38.744, 38.724, 38.801, 38.962, 39.508, 40.803, 42.731, 44.353, 45.076, 45.04, 44.921, 45.305, 46.057, 46.501, 46.418, 46.357, 46.914, 47.843, 48.589, 48.814, 48.587, 48.28, 48.213, 48.684, 49.512, 50.013, 50.075, 49.915, 50.009, 50.267, 50.358, 50.154, 49.472, 48.352, 47.406, 47.245, 47.725, 48.054, 47.422, 45.493, 43.128, 41.756, 42.193, 43.896, 45.315, 45.802, 45.802, 42.451], [43.441, 43.018, 42.751, 42.414, 41.801, 41.057, 40.552, 40.496, 40.76, 40.676, 39.34, 36.879, 34.942, 33.896, 33.031, 31.996, 30.712, 29.134, 27.446, 25.846, 24.402, 23.226, 22.266, 21.436, 20.882, 20.668, 19.915, 17.529, 13.367, 7.454, 0.0, 8.033, 14.876, 20.071, 23.842, 26.375, 27.645, 27.759, 27.645, 28.311, 29.786, 31.201, 32.115, 32.992, 34.232, 35.67, 36.736, 37.399, 38.191, 39.345, 40.544, 41.216, 41.433, 41.543, 42.036, 43.353, 45.279, 47.005, 48.113, 48.806, 49.348, 49.62, 49.078, 47.857, 46.959, 46.373, 45.267, 43.643, 42.393, 42.014, 42.163, 42.536, 42.963, 43.383, 43.706, 43.89, 43.997, 44.099, 44.176, 44.158, 44.154, 44.13, 43.774, 42.782, 41.387, 40.368, 40.109, 40.231, 40.248, 40.083, 39.819, 39.391, 38.869, 38.533, 38.425, 38.394, 38.252, 37.986, 37.77, 37.789, 37.973, 38.183, 38.256, 38.243, 38.253, 38.407, 38.806, 39.244, 39.365, 39.056, 38.779, 38.761, 38.869, 39.066, 39.635, 40.963, 42.933, 44.588, 45.33, 45.294, 45.155, 45.516, 46.263, 46.719, 46.644, 46.583, 47.132, 48.046, 48.776, 48.997, 48.744, 48.366, 48.197, 48.575, 49.344, 49.811, 49.859, 49.703, 49.813, 50.092, 50.191, 49.982, 49.294, 48.177, 47.236, 47.066, 47.533, 47.853, 47.232, 45.326, 42.991, 41.634, 42.069, 43.777, 45.207, 45.701, 45.7, 43.498], [44.157, 43.724, 43.481, 43.197, 42.633, 41.935, 41.477, 41.445, 41.71, 41.668, 40.512, 38.353, 36.702, 35.872, 35.153, 34.224, 33.055, 31.639, 30.156, 28.767, 27.498, 26.47, 25.685, 25.082, 24.749, 24.676, 24.11, 22.196, 18.922, 14.291, 8.033, 0.0, 8.466, 15.608, 20.621, 23.672, 25.081, 25.294, 25.395, 26.342, 28.061, 29.649, 30.691, 31.706, 33.125, 34.763, 36.008, 36.809, 37.688, 38.881, 40.111, 40.847, 41.136, 41.289, 41.804, 43.134, 45.073, 46.82, 47.95, 48.674, 49.263, 49.575, 49.041, 47.81, 46.934, 46.416, 45.399, 43.84, 42.593, 42.189, 42.318, 42.673, 43.074, 43.468, 43.775, 43.954, 44.062, 44.164, 44.238, 44.22, 44.225, 44.215, 43.871, 42.889, 41.499, 40.483, 40.234, 40.352, 40.362, 40.178, 39.888, 39.435, 38.882, 38.512, 38.381, 38.347, 38.222, 37.983, 37.831, 37.946, 38.207, 38.46, 38.547, 38.518, 38.484, 38.587, 38.964, 39.413, 39.548, 39.239, 38.969, 38.976, 39.11, 39.301, 39.813, 41.067, 42.99, 44.632, 45.379, 45.345, 45.194, 45.536, 46.272, 46.732, 46.675, 46.638, 47.2, 48.104, 48.818, 49.035, 48.784, 48.387, 48.171, 48.492, 49.219, 49.661, 49.701, 49.551, 49.674, 49.963, 50.068, 49.866, 49.194, 48.108, 47.189, 47.013, 47.465, 47.791, 47.206, 45.353, 43.07, 41.748, 42.201, 43.918, 45.349, 45.848, 45.858, 44.235], [44.393, 43.96, 43.722, 43.469, 42.945, 42.286, 41.871, 41.863, 42.123, 42.091, 41.044, 39.137, 37.768, 37.132, 36.526, 35.691, 34.667, 33.464, 32.217, 31.035, 29.934, 29.057, 28.447, 28.053