[[0.0, 7.083, 14.935, 17.57, 18.145, 19.59, 22.737, 24.647, 26.636, 33.74, 42.14, 44.494, 44.896, 45.308, 45.629, 45.551, 45.578, 45.82, 46.217, 46.618, 46.992, 47.137, 47.103, 46.806, 46.499, 46.44, 46.639, 46.954, 46.877, 46.396, 46.287, 46.047, 46.379, 46.936, 46.981, 47.006, 47.349, 47.385, 47.464, 47.368, 46.858, 46.598, 46.574, 45.855, 45.582, 45.718, 45.704, 45.542, 45.541, 45.573, 45.545, 45.62, 45.686, 45.762, 46.046, 46.362, 46.226, 46.559, 46.834, 46.673, 46.589, 46.97, 47.047, 46.824, 46.914, 46.999, 46.455, 45.773, 45.539, 45.371, 44.93, 44.92, 45.629, 46.562, 48.059, 48.892, 48.951, 48.615, 48.519, 49.219, 49.279, 49.321, 48.914, 46.554, 45.321, 45.244, 45.347, 45.878, 45.621, 45.441, 45.55, 45.513, 45.275, 45.29, 45.345, 45.456, 45.244, 45.198, 45.069, 44.98, 44.834, 44.773, 44.827, 45.015, 45.294, 45.367, 45.433, 6.962], [7.083, 0.0, 9.634, 13.337, 14.282, 16.338, 20.221, 22.471, 24.864, 32.774, 41.802, 44.306, 44.68, 45.124, 45.483, 45.41, 45.435, 45.7, 46.141, 46.537, 46.907, 47.092, 47.125, 46.867, 46.579, 46.54, 46.734, 47.026, 46.939, 46.474, 46.373, 46.132, 46.458, 47.033, 47.087, 47.082, 47.378, 47.395, 47.502, 47.438, 46.89, 46.568, 46.526, 45.827, 45.594, 45.771, 45.78, 45.645, 45.662, 45.692, 45.67, 45.759, 45.827, 45.917, 46.196, 46.462, 46.339, 46.676, 46.941, 46.795, 46.738, 47.166, 47.243, 46.985, 47.076, 47.157, 46.582, 45.871, 45.648, 45.474, 45.006, 44.998, 45.732, 46.693, 48.193, 49.005, 49.027, 48.671, 48.583, 49.262, 49.286, 49.303, 48.919, 46.534, 45.214, 45.127, 45.237, 45.761, 45.496, 45.301, 45.406, 45.368, 45.124, 45.149, 45.276, 45.48, 45.34, 45.327, 45.21, 45.11, 44.921, 44.847, 44.879, 45.028, 45.289, 45.371, 45.459, 10.88], [14.935, 9.634, 0.0, 6.161, 9.317, 13.138, 17.949, 20.541, 23.631, 32.869, 42.862, 45.556, 45.824, 46.269, 46.661, 46.62, 46.68, 47.012, 47.55, 47.936, 48.28, 48.45, 48.51, 48.337, 48.081, 48.053, 48.223, 48.446, 48.325, 47.886, 47.777, 47.594, 47.906, 48.459, 48.544, 48.521, 48.733, 48.719, 48.863, 48.831, 48.199, 47.692, 47.567, 47.003, 46.873, 47.086, 47.084, 46.94, 46.951, 46.964, 46.933, 46.989, 47.043, 47.144, 47.29, 47.427, 47.393, 47.782, 48.074, 48.005, 48.028, 48.605, 48.77, 48.484, 48.543, 48.598, 48.008, 47.27, 47.028, 46.815, 46.262, 46.144, 46.779, 47.652, 49.032, 49.722, 49.679, 49.328, 49.295, 49.909, 49.828, 49.699, 49.278, 47.089, 45.981, 46.035, 46.145, 46.566, 46.331, 46.119, 46.134, 46.038, 45.749, 45.862, 46.158, 46.486, 46.384, 46.372, 46.212, 46.086, 45.907, 45.929, 46.046, 46.128, 46.348, 46.433, 46.501, 17.058], [17.57, 13.337, 6.161, 0.0, 5.514, 11.128, 16.263, 19.088, 22.282, 31.77, 42.142, 44.995, 45.246, 45.713, 46.136, 46.1, 46.173, 46.55, 47.153, 47.57, 47.957, 48.158, 48.223, 48.047, 47.775, 47.749, 47.93, 48.17, 48.06, 47.676, 47.615, 47.434, 47.725, 48.262, 48.316, 48.276, 48.522, 48.521, 48.66, 48.638, 48.0, 47.433, 47.288, 46.772, 46.659, 46.836, 46.802, 46.649, 46.659, 46.649, 46.577, 46.616, 46.667, 46.787, 46.921, 47.01, 46.984, 47.392, 47.712, 47.683, 47.742, 48.362, 48.554, 48.313, 48.38, 48.42, 47.844, 47.146, 46.912, 46.692, 46.179, 46.137, 46.851, 47.762, 49.14, 49.843, 49.857, 49.526, 49.473, 50.061, 49.942, 49.735, 49.221, 46.977, 45.904, 45.984, 46.071, 46.477, 46.23, 46.003, 46.013, 45.908, 45.617, 45.708, 45.948, 46.223, 46.139, 46.142, 45.979, 45.89, 45.77, 45.814, 45.95, 46.046, 46.265, 46.336, 46.405, 19.627], [18.145, 14.282, 9.317, 5.514, 0.0, 7.599, 14.122, 17.361, 20.68, 30.399, 40.863, 43.766, 44.055, 44.584, 45.032, 44.988, 45.058, 45.44, 46.057, 46.503, 46.911, 47.171, 47.302, 47.118, 46.84, 46.853, 47.069, 47.343, 47.249, 46.877, 46.837, 46.635, 46.939, 47.485, 47.517, 47.454, 47.745, 47.75, 47.85, 47.816, 47.218, 46.734, 46.671, 46.121, 45.985, 46.136, 46.083, 45.931, 45.945, 45.915, 45.802, 45.839, 45.907, 46.034, 46.222, 46.368, 46.297, 46.615, 46.905, 46.883, 46.929, 47.508, 47.666, 47.42, 47.505, 47.535, 46.922, 46.237, 46.033, 45.827, 45.331, 45.339, 46.134, 47.102, 48.531, 49.275, 49.34, 49.036, 48.963, 49.58, 49.501, 49.333, 48.835, 46.548, 45.439, 45.476, 45.551, 46.006, 45.75, 45.499, 45.512, 45.471, 45.272, 45.312, 45.438, 45.673, 45.611, 45.623, 45.489, 45.432, 45.302, 45.293, 45.383, 45.482, 45.705, 45.79, 45.867, 20.199], [19.59, 16.338, 13.138, 11.128, 7.599, 0.0, 8.334, 13.149, 17.051, 27.01, 37.869, 41.074, 41.498, 42.155, 42.659, 42.593, 42.635, 42.993, 43.593, 44.067, 44.567, 44.935, 45.169, 44.989, 44.666, 44.707, 45.03, 45.369, 45.249, 44.897, 44.954, 44.761, 45.075, 45.668, 45.729, 45.59, 45.885, 45.929, 45.951, 45.872, 45.388, 45.112, 45.162, 44.516, 44.349, 44.463, 44.39, 44.263, 44.311, 44.266, 44.134, 44.195, 44.214, 44.303, 44.589, 44.802, 44.626, 44.773, 44.98, 44.968, 45.013, 45.52, 45.61, 45.38, 45.519, 45.533, 44.891, 44.245, 44.082, 43.906, 43.452, 43.538, 44.464, 45.586, 47.21, 48.1, 48.293, 48.115, 48.003, 48.632, 48.619, 48.576, 48.149, 45.689, 44.4, 44.299, 44.356, 44.932, 44.649, 44.37, 44.376, 44.374, 44.259, 44.138, 44.014, 44.21, 44.203, 44.246, 44.196, 44.177, 44.011, 43.924, 43.931, 44.064, 44.303, 44.422, 44.551, 21.575], [22.737, 20.221, 17.949, 16.263, 14.122, 8.334, 0.0, 7.427, 13.529, 24.153, 35.546, 39.171, 39.733, 40.519, 41.113, 41.064, 41.1, 41.492, 42.194, 42.772, 43.358, 43.792, 44.077, 43.893, 43.486, 43.533, 43.971, 44.394, 44.267, 43.897, 43.973, 43.836, 44.202, 44.812, 44.908, 44.722, 44.975, 45.056, 45.04, 44.944, 44.519, 44.321, 44.368, 43.657, 43.48, 43.595, 43.534, 43.454, 43.531, 43.477, 43.395, 43.512, 43.437, 43.448, 43.747, 43.889, 43.678, 43.825, 44.0, 43.979, 44.071, 44.591, 44.643, 44.45, 44.619, 44.628, 44.021, 43.432, 43.272, 43.102, 42.721, 42.858, 43.79, 44.931, 46.605, 47.523, 47.756, 47.719, 47.652, 48.296, 48.331, 48.399, 48.037, 45.571, 44.328, 44.158, 44.18, 44.82, 44.543, 44.273, 44.275, 44.214, 44.041, 43.796, 43.548, 43.785, 43.83, 43.903, 43.888, 43.839, 43.644, 43.546, 43.52, 43.674, 43.926, 44.058, 44.227, 24.492], [24.647, 22.471, 20.541, 19.088, 17.361, 13.149, 7.427, 0.0, 9.077, 22.101, 34.253, 38.195, 38.801, 39.688, 40.354, 40.334, 40.39, 40.832, 41.648, 42.292, 42.903, 43.382, 43.717, 43.595, 43.21, 43.239, 43.705, 44.211, 44.197, 43.905, 43.993, 43.897, 44.363, 44.981, 45.027, 44.806, 45.098, 45.222, 45.156, 45.045, 44.672, 44.52, 44.6, 43.863, 43.648, 43.754, 43.693, 43.612, 43.679, 43.616, 43.528, 43.619, 43.529, 43.511, 43.759, 43.914, 43.716, 43.804, 43.933, 43.883, 43.979, 44.507, 44.533, 44.312, 44.484, 44.508, 43.938, 43.373, 43.197, 43.021, 42.666, 42.792, 43.717, 44.926, 46.643, 47.555, 47.793, 47.83, 47.788, 48.378, 48.4, 48.512, 48.159, 45.625, 44.282, 44.108, 44.159, 44.824, 44.549, 44.284, 44.31, 44.256, 44.084, 43.816, 43.583, 43.945, 44.062, 44.151, 44.14, 44.083, 43.912, 43.791, 43.752, 43.951, 44.25, 44.374, 44.502, 26.231], [26.636, 24.864, 23.631, 22.282, 20.68, 17.051, 13.529, 9.077, 0.0, 15.618, 29.844, 34.466, 35.18, 36.317, 37.226, 37.228, 37.309, 37.825, 38.715, 39.469, 40.223, 40.854, 41.297, 41.16, 40.835, 40.867, 41.343, 41.943, 42.065, 42.022, 42.343, 42.233, 42.653, 43.251, 43.193, 42.931, 43.41, 43.616, 43.433, 43.371, 43.251, 43.36, 43.633, 42.88, 42.554, 42.443, 42.28, 42.189, 42.268, 42.195, 42.024, 41.989, 41.892, 41.883, 42.173, 42.47, 42.146, 41.991, 42.055, 42.026, 42.134, 42.608, 42.586, 42.396, 42.639, 42.704, 42.265, 41.851, 41.681, 41.498, 41.32, 41.764, 43.083, 44.702, 46.701, 47.77, 48.145, 48.223, 47.991, 48.386, 48.375, 48.483, 47.909, 44.702, 42.698, 42.34, 42.4, 43.124, 42.746, 42.471, 42.677, 42.851, 42.829, 42.394, 41.834, 42.004, 42.208, 42.379, 42.386, 42.446, 42.443, 42.225, 42.174, 42.687, 43.172, 43.309, 43.445, 28.204], [33.74, 32.774, 32.869, 31.77, 30.399, 27.01, 24.153, 22.101, 15.618, 0.0, 17.834, 25.038, 26.55, 28.254, 29.758, 29.788, 29.91, 30.658, 31.736, 32.928, 34.133, 35.023, 35.695, 35.585, 35.467, 35.664, 36.241, 36.999, 37.184, 37.574, 38.574, 38.485, 38.688, 39.278, 39.111, 38.657, 39.399, 39.75, 39.306, 39.275, 39.696, 40.414, 41.11, 40.366, 39.801, 39.139, 38.738, 38.712, 38.908, 38.819, 38.535, 38.369, 38.142, 38.129, 38.741, 39.384, 38.673, 37.935, 37.922, 37.977, 38.127, 38.418, 38.366, 38.451, 38.884, 39.011, 38.933, 38.893, 38.763, 38.645, 39.0, 40.36, 42.634, 44.967, 47.49, 49.003, 49.75, 49.981, 49.309, 49.361, 49.401, 49.609, 48.547, 43.88, 40.584, 39.746, 39.743, 40.655, 40.087, 39.837, 40.402, 40.868, 40.983, 40.021, 38.595, 38.261, 38.534, 38.814, 38.878, 39.114, 39.384, 38.934, 38.787, 39.847, 40.544, 40.69, 41.038, 35.25], [42.14, 41.802, 42.862, 42.142, 40.863, 37.869, 35.546, 34.253, 29.844, 17.834, 0.0, 11.674, 16.125, 19.065, 21.625, 21.715, 22.006, 23.159, 24.549, 26.552, 28.308, 29.407, 30.439, 30.72, 31.157, 31.69, 32.492, 33.478, 33.845, 34.62, 36.235, 36.173, 36.121, 36.756, 36.616, 35.995, 36.896, 37.274, 36.58, 36.511, 37.381, 38.741, 39.935, 39.294, 38.509, 37.318, 36.68, 36.775, 37.105, 37.021, 36.684, 36.488, 36.128, 36.12, 37.174, 38.155, 37.097, 35.775, 35.616, 35.71, 35.807, 35.795, 35.794, 36.241, 36.848, 37.029, 37.273, 37.524, 37.432, 37.362, 38.2, 40.384, 43.37, 46.028, 48.785, 50.639, 51.707, 52.04, 50.945, 50.782, 50.936, 51.223, 49.854, 44.501, 40.668, 39.579, 39.467, 40.504, 39.856, 39.619, 40.314, 40.827, 40.942, 39.556, 37.683, 36.991, 37.201, 37.473, 37.595, 38.015, 38.525, 37.809, 37.475, 38.771, 39.428, 39.54, 40.1, 43.301], [44.494, 44.306, 45.556, 44.995, 43.766, 41.074, 39.171, 38.195, 34.466, 25.038, 11.674, 0.0, 8.351, 14.013, 17.572, 18.009, 18.648, 20.132, 21.822, 24.329, 26.263, 27.415, 28.66, 29.342, 30.189, 30.908, 31.84, 32.958, 33.513, 34.439, 36.125, 36.038, 35.921, 36.524, 36.391, 35.799, 36.707, 37.044, 36.356, 36.29, 37.25, 38.868, 40.324, 39.795, 38.988, 37.733, 37.049, 37.162, 37.49, 37.403, 37.057, 36.822, 36.441, 36.409, 37.426, 38.359, 37.215, 35.826, 35.551, 35.594, 35.623, 35.545, 35.595, 36.115, 36.739, 36.921, 37.253, 37.586, 37.532, 37.495, 38.449, 40.797, 43.855, 46.477, 49.235, 51.166, 52.359, 52.737, 51.494, 51.285, 51.502, 51.768, 50.355, 45.111, 41.427, 40.353, 40.217, 41.251, 40.59, 40.354, 41.014, 41.475, 41.574, 40.183, 38.354, 37.621, 37.734, 37.933, 38.055, 38.51, 39.053, 38.275, 37.953, 39.249, 39.801, 39.854, 40.405, 45.445], [44.896, 44.68, 45.824, 45.246, 44.055, 41.498, 39.733, 38.801, 35.18, 26.55, 16.125, 8.351, 0.0, 9.084, 14.548, 15.439, 16.49, 18.479, 20.762, 23.859, 25.928, 27.12, 28.491, 29.326, 30.261, 31.041, 31.982, 33.172, 33.934, 34.887, 36.474, 36.401, 36.31, 36.9, 36.787, 36.243, 37.153, 37.501, 36.85, 36.791, 37.651, 39.171, 40.648, 40.236, 39.459, 38.244, 37.578, 37.696, 38.03, 37.938, 37.578, 37.312, 36.944, 36.935, 37.882, 38.732, 37.65, 36.389, 36.171, 36.219, 36.254, 36.231, 36.242, 36.673, 37.235, 37.402, 37.705, 37.98, 37.883, 37.811, 38.676, 40.903, 43.858, 46.409, 49.113, 50.978, 52.138, 52.529, 51.349, 51.157, 51.371, 51.59, 50.164, 45.059, 41.553, 40.558, 40.377, 41.273, 40.579, 40.333, 40.944, 41.34, 41.404, 40.074, 38.341, 37.678, 37.836, 38.036, 38.158, 38.639, 39.235, 38.554, 38.299, 39.557, 40.066, 40.093, 40.652, 45.794], [45.308, 45.124, 46.269, 45.713, 44.584, 42.155, 40.519, 39.688, 36.317, 28.254, 19.065, 14.013, 9.084, 0.0, 7.995, 10.333, 11.651, 14.674, 18.164, 22.235, 24.664, 26.134, 27.746, 28.796, 29.934, 30.838, 31.805, 32.988, 33.838, 34.85, 36.432, 36.388, 36.372, 37.064, 37.05, 36.543, 37.443, 37.822, 37.171, 37.072, 37.864, 39.29, 40.667, 40.263, 39.502, 38.292, 37.656, 37.836, 38.205, 38.145, 37.824, 37.574, 37.205, 37.21, 38.154, 38.983, 37.929, 36.708, 36.562, 36.67, 36.728, 36.779, 36.88, 37.298, 37.819, 37.986, 38.288, 38.501, 38.369, 38.275, 39.056, 41.179, 44.057, 46.538, 49.151, 50.936, 52.04, 52.384, 51.193, 50.99, 51.203, 51.378, 49.865, 44.82, 41.453, 40.533, 40.294, 41.0, 40.261, 40.016, 40.547, 40.845, 40.874, 39.568, 37.92, 37.312, 37.502, 37.742, 37.842, 38.392, 39.104, 38.491, 38.229, 39.439, 39.931, 39.939, 40.545, 46.185], [45.629, 45.483, 46.661, 46.136, 45.032, 42.659, 41.113, 40.354, 37.226, 29.758, 21.625, 17.572, 14.548, 7.995, 0.0, 4.818, 7.091, 10.697, 15.351, 20.447, 23.216, 24.997, 26.863, 28.217, 29.648, 30.61, 31.593, 32.757, 33.625, 34.763, 36.39, 36.363, 36.437, 37.22, 37.31, 36.862, 37.723, 38.092, 37.467, 37.353, 38.109, 39.495, 40.786, 40.327, 39.574, 38.416, 37.815, 38.02, 38.393, 38.349, 38.071, 37.862, 37.501, 37.488, 38.39, 39.221, 38.203, 36.991, 36.893, 37.037, 37.057, 37.107, 37.305, 37.727, 38.19, 38.343, 38.647, 38.832, 38.7, 38.608, 39.359, 41.41, 44.232, 46.677, 49.233, 51.01, 52.142, 52.493, 51.313, 51.092, 51.299, 51.468, 49.936, 44.953, 41.67, 40.807, 40.575, 41.241, 40.509, 40.268, 40.734, 40.953, 40.972, 39.697, 38.076, 37.504, 37.701, 37.919, 38.016, 38.627, 39.365, 38.754, 38.491, 39.66, 40.122, 40.12, 40.724, 46.473], [45.551, 45.41, 46.62, 46.1, 44.988, 42.593, 41.064, 40.334, 37.228, 29.788, 21.715, 18.009, 15.439, 10.333, 4.818, 0.0, 4.479, 8.904, 13.62, 19.157, 22.094, 23.915, 25.818, 27.241, 28.766, 29.753, 30.771, 31.985, 32.884, 34.121, 35.859, 35.841, 35.922, 36.774, 36.899, 36.469, 37.378, 37.75, 37.111, 37.003, 37.758, 39.144, 40.452, 39.957, 39.184, 38.011, 37.394, 37.598, 37.973, 37.92, 37.64, 37.441, 37.059, 37.038, 37.994, 38.84, 37.787, 36.53, 36.427, 36.575, 36.577, 36.588, 36.792, 37.236, 37.718, 37.901, 38.225, 38.411, 38.279, 38.181, 38.955, 41.063, 43.972, 46.492, 49.106, 50.933, 52.106, 52.51, 51.334, 51.1, 51.303, 51.477, 49.937, 44.854, 41.469, 40.591, 40.354, 41.069, 40.341, 40.092, 40.589, 40.823, 40.843, 39.52, 37.83, 37.229, 37.472, 37.68, 37.778, 38.429, 39.184, 38.557, 38.286, 39.477, 39.941, 39.94, 40.555, 46.397], [45.578, 45.435, 46.68, 46.173, 45.058, 42.635, 41.1, 40.39, 37.309, 29.91, 22.006, 18.648, 16.49, 11.651, 7.091, 4.479, 0.0, 6.152, 12.192, 18.111, 21.149, 23.123, 25.173, 26.64, 28.195, 29.203, 30.252, 31.506, 32.431, 33.743, 35.563, 35.546, 35.624, 36.513, 36.657, 36.223, 37.173, 37.558, 36.916, 36.812, 37.606, 39.034, 40.333, 39.775, 38.97, 37.796, 37.198, 37.402, 37.773, 37.725, 37.436, 37.232, 36.84, 36.804, 37.77, 38.632, 37.571, 36.293, 36.164, 36.292, 36.297, 36.319, 36.539, 37.008, 37.517, 37.709, 38.037, 38.235, 38.108, 38.003, 38.791, 40.918, 43.864, 46.427, 49.051, 50.887, 52.074, 52.49, 51.322, 51.099, 51.313, 51.492, 49.93, 44.776, 41.307, 40.392, 40.158, 40.916, 40.204, 39.966, 40.5, 40.78, 40.828, 39.477, 37.712, 37.07, 37.346, 37.572, 37.688, 38.367, 39.126, 38.48, 38.196, 39.421, 39.91, 39.913, 40.53, 46.439], [45.82, 45.7, 47.012, 46.55, 45.44, 42.993, 41.492, 40.832, 37.825, 30.658, 23.159, 20.132, 18.479, 14.674, 10.697, 8.904, 6.152, 0.0, 8.304, 15.822, 19.273, 21.629, 23.991, 25.56, 27.203, 28.287, 29.446, 30.808, 31.833, 33.229, 35.089, 35.061, 35.19, 36.145, 36.354, 35.988, 36.946, 37.322, 36.715, 36.657, 37.532, 39.017, 40.314, 39.724, 38.901, 37.729, 37.139, 37.345, 37.716, 37.661, 37.373, 37.193, 36.811, 36.768, 37.752, 38.588, 37.47, 36.182, 36.05, 36.131, 36.074, 36.025, 36.215, 36.634, 37.125, 37.325, 37.647, 37.844, 37.723, 37.624, 38.433, 40.581, 43.544, 46.124, 48.761, 50.634, 51.911, 52.417, 51.287, 51.077, 51.31, 51.535, 50.04, 44.875, 41.353, 40.371, 40.14, 40.995, 40.316, 40.074, 40.633, 40.959, 41.005, 39.619, 37.821, 37.173, 37.429, 37.62, 37.773, 38.506, 39.249, 38.563, 38.275, 39.528, 40.01, 40.008, 40.635, 46.66], [46.217, 46.141, 47.55, 47.153, 46.057, 43.593, 42.194, 41.648, 38.715, 31.736, 24.549, 21.822, 20.762, 18.164, 15.351, 13.62, 12.192, 8.304, 0.0, 10.002, 15.35, 18.601, 21.347, 23.162, 25.053, 26.299, 27.729, 29.304, 30.454, 32.066, 34.138, 34.101, 34.25, 35.295, 35.587, 35.305, 36.272, 36.604, 35.996, 36.04, 37.167, 38.893, 40.336, 39.675, 38.804, 37.599, 36.966, 37.161, 37.533, 37.471, 37.189, 37.034, 36.648, 36.61, 37.68, 38.46, 37.105, 35.615, 35.363, 35.371, 35.2, 35.009, 35.226, 35.695, 36.211, 36.423, 36.777, 37.0, 36.877, 36.772, 37.657, 39.991, 43.171, 45.927, 48.698, 50.697, 52.136, 52.813, 51.648, 51.362, 51.605, 51.9, 50.433, 45.048, 41.212, 40.057, 39.839, 40.874, 40.215, 39.964, 40.617, 41.033, 41.057, 39.577, 37.727, 37.105, 37.344, 37.488, 37.651, 38.417, 39.166, 38.409, 38.083, 39.39, 39.839, 39.815, 40.468, 47.051], [46.618, 46.537, 47.936, 47.57, 46.503, 44.067, 42.772, 42.292, 39.469, 32.928, 26.552, 24.329, 23.859, 22.235, 20.447, 19.157, 18.111, 15.822, 10.002, 0.0, 8.651, 14.454, 18.026, 20.347, 22.839, 24.493, 26.3, 28.055, 29.305, 31.253, 33.584, 33.547, 33.696, 34.794, 35.115, 34.882, 35.884, 36.194, 35.562, 35.721, 37.185, 39.127, 40.614, 39.883, 39.021, 37.848, 37.185, 37.34, 37.687, 37.621, 37.359, 37.223, 36.829, 36.773, 37.849, 38.634, 37.175, 35.583, 35.229, 35.154, 34.908, 34.628, 34.861, 35.437, 35.999, 36.208, 36.627, 36.917, 36.789, 36.679, 37.629, 40.088, 43.403, 46.261, 49.048, 51.089, 52.629, 53.379, 52.146, 51.76, 51.991, 52.324, 50.829, 45.228, 41.107, 39.832, 39.614, 40.768, 40.136, 39.897, 40.623, 41.15, 41.23, 39.676, 37.761, 37.2, 37.479, 37.638, 37.788, 38.538, 39.305, 38.515, 38.142, 39.483, 39.956, 39.955, 40.555, 47.431], [46.992, 46.907, 48.28, 47.957, 46.911, 44.567, 43.358, 42.903, 40.223, 34.133, 28.308, 26.263, 25.928, 24.664, 23.216, 22.094, 21.149, 19.273, 15.35, 8.651, 0.0, 8.904, 14.611, 18.005, 21.289, 23.403, 25.512, 27.409, 28.789, 30.908, 33.281, 33.268, 33.492, 34.654, 35.043, 34.91, 36.007, 36.368, 35.779, 36.0, 37.52, 39.41, 40.837, 40.19, 39.397, 38.265, 37.625, 37.803, 38.153, 38.092, 37.85, 37.726, 37.348, 37.291, 38.288, 39.069, 37.705, 36.243, 35.954, 35.86, 35.593, 35.303, 35.494, 35.985, 36.509, 36.707, 37.102, 37.392, 37.26, 37.148, 38.072, 40.426, 43.579, 46.28, 48.9, 50.856, 52.423, 53.153, 51.924, 51.539, 51.774, 52.138, 50.686, 45.157, 41.129, 39.921, 39.698, 40.824, 40.232, 40.001, 40.678, 41.198, 41.297, 39.777, 37.894, 37.382, 37.716, 37.919, 38.053, 38.785, 39.471, 38.672, 38.317, 39.613, 40.101, 40.164, 40.739, 47.756], [47.137, 47.092, 48.45, 48.158, 47.171, 44.935, 43.792, 43.382, 40.854, 35.023, 29.407, 27.415, 27.12, 26.134, 24.997, 23.915, 23.123, 21.629, 18.601, 14.454, 8.904, 0.0, 8.543, 14.627, 18.864, 21.174, 23.556, 25.679, 27.291, 29.623, 32.126, 32.133, 32.406, 33.706, 34.239, 34.286, 35.524, 35.914, 35.339, 35.567, 37.062, 38.954, 40.537, 40.177, 39.487, 38.298, 37.657, 37.886, 38.269, 38.233, 38.011, 37.886, 37.482, 37.457, 38.427, 39.186, 37.857, 36.424, 36.158, 36.051, 35.803, 35.535, 35.772, 36.259, 36.759, 36.961, 37.371, 37.647, 37.497, 37.35, 38.219, 40.484, 43.533, 46.139, 48.66, 50.528, 52.058, 52.824, 51.691, 51.342, 51.574, 51.924, 50.463, 44.961, 40.986, 39.885, 39.709, 40.777, 40.193, 39.977, 40.619, 41.043, 41.114, 39.627, 37.713, 37.213, 37.687, 37.935, 37.997, 38.679, 39.35, 38.581, 38.192, 39.44, 39.985, 40.1, 40.66, 47.836], [47.103, 47.125, 48.51, 48.223, 47.302, 45.169, 44.077, 43.717, 41.297, 35.695, 30.439, 28.66, 28.491, 27.746, 26.863, 25.818, 25.173, 23.991, 21.347, 18.026, 14.611, 8.543, 0.0, 9.487, 15.787, 18.223, 20.759, 23.22, 25.196, 27.945, 30.747, 30.808, 31.126, 32.619, 33.379, 33.628, 34.907, 35.275, 34.759, 35.035, 36.551, 38.501, 40.177, 40.014, 39.471, 38.244, 37.536, 37.771, 38.178, 38.14, 37.933, 37.823, 37.367, 37.308, 38.282, 39.012, 37.671, 36.268, 36.037, 35.931, 35.695, 35.48, 35.826, 36.38, 36.927, 37.132, 37.541, 37.786, 37.593, 37.404, 38.24, 40.481, 43.516, 46.133, 48.649, 50.482, 51.965, 52.767, 51.7, 51.375, 51.599, 51.943, 50.516, 45.062, 41.072, 39.99, 39.783, 40.76, 40.171, 39.957, 40.614, 41.051, 41.128, 39.663, 37.639, 36.926, 37.408, 37.687, 37.686, 38.309, 38.997, 38.304, 37.874, 39.073, 39.718, 39.894, 40.424, 47.768], [46.806, 46.867, 48.337, 48.047, 47.118, 44.989, 43.893, 43.595, 41.16, 35.585, 30.72, 29.342, 29.326, 28.796, 28.217, 27.241, 26.64, 25.56, 23.162, 20.347, 18.005, 14.627, 9.487, 0.0, 9.0, 13.144, 16.31, 19.378, 21.975, 25.167, 28.258, 28.416, 28.982, 30.742, 31.694, 32.166, 33.621, 34.06, 33.626, 34.068, 35.834, 37.849, 39.459, 39.233, 38.766, 37.54, 36.798, 37.036, 37.469, 37.404, 37.176, 37.103, 36.61, 36.475, 37.496, 38.203, 36.818, 35.546, 35.448, 35.324, 35.06, 34.759, 34.965, 35.501, 36.143, 36.37, 36.776, 37.014, 36.805, 36.654, 37.605, 40.005, 43.142, 45.845, 48.457, 50.359, 51.877, 52.651, 51.489, 51.193, 51.47, 51.884, 50.538, 45.099, 41.12, 39.909, 39.625, 40.617, 39.975, 39.754, 40.481, 40.941, 40.966, 39.432, 37.319, 36.455, 36.924, 37.214, 37.214, 37.849, 38.518, 37.761, 37.284, 38.512, 39.25, 39.481, 40.066, 47.457], [46.499, 46.579, 48.081, 47.775, 46.84, 44.666, 43.486, 43.21, 40.835, 35.467, 31.157, 30.189, 30.261, 29.934, 29.648, 28.766, 28.195, 27.203, 25.053, 22.839, 21.289, 18.864, 15.787, 9.0, 0.0, 7.169, 12.563, 16.368, 19.501, 22.848, 25.912, 26.094, 26.979, 29.005, 30.1, 30.694, 32.259, 32.879, 32.601, 33.133, 35.098, 37.279, 38.992, 38.704, 38.237, 37.114, 36.441, 36.665, 37.101, 37.012, 36.757, 36.742, 36.295, 36.148, 37.191, 37.903, 36.554, 35.449, 35.446, 35.3, 34.934, 34.383, 34.28, 34.714, 35.382, 35.638, 36.02, 36.277, 36.118, 36.04, 37.095, 39.554, 42.679, 45.398, 48.091, 50.049, 51.614, 52.389, 51.178, 50.909, 51.224, 51.719, 50.444, 45.025, 41.196, 39.953, 39.649, 40.7, 40.047, 39.831, 40.534, 40.938, 40.928, 39.414, 37.406, 36.654, 37.177, 37.435, 37.467, 38.121, 38.722, 37.935, 37.496, 38.745, 39.453, 39.689, 40.337, 47.149], [46.44, 46.54, 48.053, 47.749, 46.853, 44.707, 43.533, 43.239, 40.867, 35.664, 31.69, 30.908, 31.041, 30.838, 30.61, 29.753, 29.203, 28.287, 26.299, 24.493, 23.403, 21.174, 18.223, 13.144, 7.169, 0.0, 7.543, 12.844, 16.828, 20.908, 24.298, 24.399, 25.418, 27.714, 28.902, 29.589, 31.324, 32.088, 31.878, 32.493, 34.59, 36.921, 38.832, 38.687, 38.236, 37.14, 36.554, 36.797, 37.223, 37.138, 36.863, 36.868, 36.489, 36.351, 37.378, 38.096, 36.759, 35.614, 35.56, 35.397, 34.931, 34.207, 33.922, 34.318, 34.991, 35.237, 35.63, 35.957, 35.856, 35.782, 36.819, 39.257, 42.377, 45.156, 47.942, 49.934, 51.507, 52.321, 51.196, 50.94, 51.256, 51.835, 50.673, 45.326, 41.453, 40.212, 39.924, 40.973, 40.317, 40.092, 40.827, 41.274, 41.293, 39.806, 37.799, 37.043, 37.557, 37.802, 37.884, 38.566, 39.175, 38.416, 37.983, 39.221, 39.898, 40.097, 40.734, 47.075], [46.639, 46.734, 48.223, 47.93, 47.069, 45.03, 43.971, 43.705, 41.343, 36.241, 32.492, 31.84, 31.982, 31.805, 31.593, 30.771, 30.252, 29.446, 27.729, 26.3, 25.512, 23.556, 20.759, 16.31, 12.563, 7.543, 0.0, 7.111, 13.019, 18.599, 22.688, 22.82, 23.962, 26.515, 27.769, 28.608, 30.659, 31.504, 31.235, 31.936, 34.23, 36.658, 38.668, 38.733, 38.377, 37.258, 36.732, 37.071, 37.536, 37.479, 37.23, 37.253, 36.905, 36.765, 37.759, 38.458, 37.14, 35.908, 35.836, 35.714, 35.26, 34.537, 34.254, 34.671, 35.341, 35.572, 36.0, 36.342, 36.246, 36.15, 37.122, 39.534, 42.644, 45.429, 48.207, 50.144, 51.648, 52.426, 51.372, 51.149, 51.437, 52.007, 50.918, 45.735, 41.896, 40.638, 40.368, 41.351, 40.669, 40.444, 41.207, 41.612, 41.585, 40.135, 38.08, 37.297, 37.886, 38.184, 38.289, 38.985, 39.606, 38.839, 38.427, 39.677, 40.343, 40.528, 41.156, 47.218], [46.954, 47.026, 48.446, 48.17, 47.343, 45.369, 44.394, 44.211, 41.943, 36.999, 33.478, 32.958, 33.172, 32.988, 32.757, 31.985, 31.506, 30.808, 29.304, 28.055, 27.409, 25.679, 23.22, 19.378, 16.368, 12.844, 7.111, 0.0, 8.083, 16.036, 20.993, 21.295, 22.66, 25.427, 26.795, 27.781, 30.117, 31.079, 30.745, 31.498, 34.04, 36.575, 38.607, 38.789, 38.519, 37.406, 36.932, 37.379, 37.894, 37.872, 37.665, 37.707, 37.356, 37.197, 38.157, 38.871, 37.627, 36.365, 36.253, 36.17, 35.744, 35.05, 34.837, 35.268, 35.948, 36.162, 36.596, 36.938, 36.844, 36.745, 37.664, 40.024, 43.069, 45.784, 48.503, 50.359, 51.787, 52.531, 51.496, 51.267, 51.534, 52.091, 51.018, 45.991, 42.3, 41.082, 40.835, 41.763, 41.074, 40.846, 41.575, 41.88, 41.778, 40.34, 38.265, 37.522, 38.195, 38.545, 38.664, 39.37, 39.991, 39.237, 38.869, 40.1, 40.743, 40.947, 41.586, 47.484], [46.877, 46.939, 48.325, 48.06, 47.249, 45.249, 44.267, 44.197, 42.065, 37.184, 33.845, 33.513, 33.934, 33.838, 33.625, 32.884, 32.431, 31.833, 30.454, 29.305, 28.789, 27.291, 25.196, 21.975, 19.501, 16.828, 13.019, 8.083, 0.0, 10.699, 17.269, 17.922, 19.477, 22.641, 24.429, 25.748, 28.515, 29.7, 29.429, 30.322, 33.155, 35.906, 38.05, 38.272, 38.04, 36.923, 36.444, 36.921, 37.462, 37.504, 37.398, 37.499, 37.106, 36.901, 37.89, 38.679, 37.515, 36.332, 36.216, 36.118, 35.658, 34.898, 34.564, 34.915, 35.637, 35.834, 36.211, 36.533, 36.44, 36.324, 37.19, 39.492, 42.506, 45.227, 48.023, 49.951, 51.398, 52.168, 51.116, 50.834, 51.104, 51.778, 50.817, 45.919, 42.366, 41.236, 41.018, 41.991, 41.345, 41.098, 41.784, 42.067, 41.972, 40.574, 38.478, 37.661, 38.225, 38.516, 38.634, 39.345, 39.965, 39.205, 38.769, 39.932, 40.576, 40.799, 41.421, 47.409], [46.396, 46.474, 47.886, 47.676, 46.877, 44.897, 43.897, 43.905, 42.022, 37.574, 34.62, 34.439, 34.887, 34.85, 34.763, 34.121, 33.743, 33.229, 32.066, 31.253, 30.908, 29.623, 27.945, 25.167, 22.848, 20.908, 18.599, 16.036, 10.699, 0.0, 8.426, 10.941, 13.138, 16.985, 20.056, 22.363, 25.721, 27.351, 27.575, 28.611, 31.487, 34.49, 36.9, 37.25, 37.068, 36.034, 35.66, 36.229, 36.838, 37.02, 37.276, 37.591, 37.204, 36.974, 37.954, 38.718, 37.632, 36.819, 36.932, 36.758, 36.207, 35.306, 34.562, 34.493, 35.093, 35.29, 35.503, 35.677, 35.534, 35.367, 36.093, 38.085, 40.765, 43.353, 46.219, 48.218, 49.645, 50.394, 49.459, 49.205, 49.454, 50.269, 49.497, 45.011, 42.173, 41.348, 41.179, 42.196, 41.604, 41.361, 41.957, 42.203, 42.122, 40.907, 39.097, 38.192, 38.336, 38.398, 38.457, 39.114, 39.666, 38.924, 38.43, 39.484, 40.154, 40.38, 40.911, 46.925], [46.287, 46.373, 47.777, 47.615, 46.837, 44.954, 43.973, 43.993, 42.343, 38.574, 36.235, 36.125, 36.474, 36.432, 36.39, 35.859, 35.563, 35.089, 34.138, 33.584, 33.281, 32.126, 30.747, 28.258, 25.912, 24.298, 22.688, 20.993, 17.269, 8.426, 0.0, 6.01, 10.8, 14.87, 18.469, 21.529, 24.949, 26.79, 27.578, 28.693, 31.25, 34.235, 36.734, 37.143, 37.046, 36.253, 36.083, 36.691, 37.28, 37.533, 38.108, 38.685, 38.416, 38.198, 39.082, 39.727, 38.671, 38.209, 38.526, 38.28, 37.646, 36.627, 35.516, 35.049, 35.473, 35.651, 35.739, 35.789, 35.638, 35.472, 36.035, 37.629, 39.868, 42.23, 45.054, 46.969, 48.243, 48.891, 48.123, 47.971, 48.226, 49.132, 48.593, 44.656, 42.514, 41.968, 41.886, 42.91, 42.37, 42.156, 42.691, 42.915, 42.803, 41.741, 40.307, 39.44, 39.236, 39.118, 39.144, 39.713, 40.153, 39.497, 39.065, 39.995, 40.642, 40.881, 41.301, 46.764], [46.047, 46.132, 47.594, 47.434, 46.635, 44.761, 43.836, 43.897, 42.233, 38.485, 36.173, 36.038, 36.401, 36.388, 36.363, 35.841, 35.546, 35.061, 34.101, 33.547, 33.268, 32.133, 30.808, 28.416, 26.094, 24.399, 22.82, 21.295, 17.922, 10.941, 6.01, 0.0, 7.695, 13.093, 16.645, 20.165, 23.972, 25.768, 26.611, 27.995, 30.761, 33.885, 36.484, 36.915, 36.82, 36.055, 35.889, 36.46, 37.021, 37.275, 37.863, 38.526, 38.34, 38.154, 39.003, 39.632, 38.54, 38.056, 38.359, 38.095, 37.461, 36.455, 35.347, 34.846, 35.242, 35.405, 35.497, 35.531, 35.408, 35.248, 35.783, 37.418, 39.736, 42.128, 44.972, 46.912, 48.208, 48.843, 48.062, 47.927, 48.221, 49.161, 48.707, 44.794, 42.529, 41.957, 41.894, 42.93, 42.406, 42.213, 42.779, 43.014, 42.89, 41.791, 40.313, 39.425, 39.204, 39.103, 39.15, 39.714, 40.148, 39.494, 39.096, 40.044, 40.671, 40.894, 41.289, 46.488], [46.379, 46.458, 47.906, 47.725, 46.939, 45.075, 44.202, 44.363, 42.653, 38.688, 36.121, 35.921, 36.31, 36.372, 36.437, 35.922, 35.624, 35.19, 34.25, 33.696, 33.492, 32.406, 31.126, 28.982, 26.979, 25.418, 23.962, 22.66, 19.477, 13.138, 10.8, 7.695, 0.0, 7.65, 12.945, 17.109, 21.79, 23.871, 24.724, 26.435, 29.773, 33.263, 36.101, 36.637, 36.497, 35.64, 35.424, 36.002, 36.596, 36.881, 37.501, 38.16, 37.972, 37.845, 38.709, 39.307, 38.257, 37.783, 38.047, 37.821, 37.277, 36.369, 35.469, 35.149, 35.566, 35.71, 35.828, 35.88, 35.707, 35.459, 36.016, 37.81, 40.237, 42.578, 45.343, 47.328, 48.673, 49.277, 48.47, 48.368, 48.668, 49.533, 48.966, 44.975, 42.685, 42.076, 41.997, 42.996, 42.463, 42.305, 42.894, 43.096, 42.959, 41.833, 40.233, 39.262, 39.152, 39.132, 39.226, 39.851, 40.289, 39.653, 39.296, 40.296, 40.909, 41.068, 41.487, 46.822], [46.936, 47.033, 48.459, 48.262, 47.485, 45.668, 44.812, 44.981, 43.251, 39.278, 36.756, 36.524, 36.9, 37.064, 37.22, 36.774, 36.513, 36.145, 35.295, 34.794, 34.654, 33.706, 32.619, 30.742, 29.005, 27.714, 26.515, 25.427, 22.641, 16.985, 14.87, 13.093, 7.65, 0.0, 7.923, 14.255, 19.668, 22.014, 23.064, 25.116, 28.989, 32.884, 35.957, 36.576, 36.435, 35.619, 35.492, 36.134, 36.751, 37.072, 37.835, 38.58, 38.394, 38.3, 39.233, 39.885, 38.874, 38.467, 38.728, 38.513, 38.012, 37.133, 36.24, 35.955, 36.337, 36.454, 36.601, 36.702, 36.521, 36.261, 36.834, 38.61, 40.947, 43.127, 45.721, 47.634, 48.932, 49.53, 48.81, 48.751, 49.055, 49.865, 49.234, 45.272, 43.013, 42.372, 42.333, 43.363, 42.839, 42.709, 43.319, 43.529, 43.378, 42.306, 40.824, 39.927, 39.863, 39.898, 40.008, 40.6, 40.999, 40.401, 40.134, 41.149, 41.704, 41.803, 42.226, 47.376], [46.981, 47.087, 48.544, 48.316, 47.517, 45.729, 44.908, 45.027, 43.193, 39.111, 36.616, 36.391, 36.787, 37.05, 37.31, 36.899, 36.657, 36.354, 35.587, 35.115, 35.043, 34.239, 33.379, 31.694, 30.1, 28.902, 27.769, 26.795, 24.429, 20.056, 18.469, 16.645, 12.945, 7.923, 0.0, 9.516, 16.947, 19.628, 20.609, 23.139, 27.659, 32.013, 35.358, 35.978, 35.828, 35.103, 35.052, 35.716, 36.345, 36.669, 37.456, 38.303, 38.206, 38.158, 39.185, 39.961, 38.945, 38.503, 38.719, 38.478, 37.953, 37.015, 36.099, 35.92, 36.325, 36.427, 36.685, 36.927, 36.812, 36.608, 37.253, 39.108, 41.54, 43.803, 46.422, 48.293, 49.601, 50.247, 49.502, 49.421, 49.745, 50.52, 49.798, 45.626, 43.053, 42.324, 42.339, 43.508, 43.017, 42.91, 43.598, 43.871, 43.749, 42.677, 41.228, 40.401, 40.368, 40.41, 40.539, 41.108, 41.496, 40.882, 40.673, 41.737, 42.207, 42.232, 42.615, 47.422], [47.006, 47.082, 48.521, 48.276, 47.454, 45.59, 44.722, 44.806, 42.931, 38.657, 35.995, 35.799, 36.243, 36.543, 36.862, 36.469, 36.223, 35.988, 35.305, 34.882, 34.91, 34.286, 33.628, 32.166, 30.694, 29.589, 28.608, 27.781, 25.748, 22.363, 21.529, 20.165, 17.109, 14.255, 9.516, 0.0, 10.294, 14.823, 16.021, 18.993, 24.521, 29.65, 33.425, 33.979, 33.814, 33.226, 33.287, 34.002, 34.686, 35.017, 35.812, 36.772, 36.759, 36.831, 37.961, 38.827, 38.002, 37.759, 38.013, 37.796, 37.299, 36.344, 35.568, 35.577, 36.024, 36.156, 36.503, 36.863, 36.845, 36.713, 37.439, 39.378, 41.949, 44.391, 47.136, 49.046, 50.389, 50.965, 50.057, 49.99, 50.36, 51.104, 50.271, 45.876, 43.089, 42.261, 42.255, 43.506, 43.024, 42.919, 43.631, 43.904, 43.764, 42.619, 41.08, 40.2, 40.143, 40.138, 40.353, 40.977, 41.345, 40.727, 40.519, 41.597, 42.05, 42.072, 42.482, 47.486], [47.349, 47.378, 48.733, 48.522, 47.745, 45.885, 44.975, 45.098, 43.41, 39.399, 36.896, 36.707, 37.153, 37.443, 37.723, 37.378, 37.173, 36.946, 36.272, 35.884, 36.007, 35.524, 34.907, 33.621, 32.259, 31.324, 30.659, 30.117, 28.515, 25.721, 24.949, 23.972, 21.79, 19.668, 16.947, 10.294, 0.0, 7.217, 11.028, 14.725, 21.114, 27.11, 31.334, 32.0, 31.959, 31.583, 31.938, 32.834, 33.572, 33.964, 34.998, 36.172, 36.181, 36.365, 37.642, 38.439, 37.85, 38.213, 38.684, 38.486, 38.021, 37.142, 36.539, 36.576, 36.939, 37.077, 37.403, 37.711, 37.718, 37.638, 38.371, 40.234, 42.681, 45.027, 47.692, 49.518, 50.822, 51.333, 50.366, 50.317, 50.675, 51.36, 50.54, 46.295, 43.705, 42.883, 42.834, 44.068, 43.642, 43.55, 44.168, 44.384, 44.181, 43.069, 41.688, 40.739, 40.515, 40.446, 40.704, 41.313, 41.63, 41.081, 40.885, 41.851, 42.275, 42.356, 42.814, 47.841], [47.385, 47.395, 48.719, 48.521, 47.75, 45.929, 45.056, 45.222, 43.616, 39.75, 37.274, 37.044, 37.501, 37.822, 38.092, 37.75, 37.558, 37.322, 36.604, 36.194, 36.368, 35.914, 35.275, 34.06, 32.879, 32.088, 31.504, 31.079, 29.7, 27.351, 26.79, 25.768, 23.871, 22.014, 19.628, 14.823, 7.217, 0.0, 6.997, 12.729, 19.924, 26.282, 30.712, 31.568, 31.545, 31.076, 31.488, 32.476, 33.232, 33.652, 34.715, 35.93, 35.976, 36.213, 37.616, 38.401, 37.758, 38.365, 38.964, 38.753, 38.309, 37.5, 37.016, 37.12, 37.437, 37.575, 37.917, 38.177, 38.156, 38.068, 38.777, 40.622, 43.047, 45.339, 47.928, 49.698, 50.999, 51.555, 50.589, 50.504, 50.842, 51.474, 50.644, 46.433, 43.859, 43.065, 42.999, 44.215, 43.822, 43.728, 44.299, 44.518, 44.317, 43.229, 41.909, 40.95, 40.681, 40.603, 40.822, 41.413, 41.763, 41.236, 41.068, 42.04, 42.484, 42.605, 43.069, 47.856], [47.464, 47.502, 48.863, 48.66, 47.85, 45.951, 45.04, 45.156, 43.433, 39.306, 36.58, 36.356, 36.85, 37.171, 37.467, 37.111, 36.916, 36.715, 35.996, 35.562, 35.779, 35.339, 34.759, 33.626, 32.601, 31.878, 31.235, 30.745, 29.429, 27.575, 27.578, 26.611, 24.724, 23.064, 20.609, 16.021, 11.028, 6.997, 0.0, 9.239, 19.245, 26.426, 31.152, 32.109, 31.988, 31.259, 31.478, 32.456, 33.239, 33.639, 34.546, 35.656, 35.682, 35.927, 37.42, 38.356, 37.616, 37.863, 38.345, 38.165, 37.702, 36.886, 36.531, 36.754, 37.109, 37.258, 37.64, 37.946, 37.941, 37.86, 38.609, 40.578, 43.194, 45.615, 48.245, 50.037, 51.366, 51.939, 50.917, 50.785, 51.103, 51.687, 50.765, 46.396, 43.609, 42.716, 42.626, 43.813, 43.387, 43.276, 43.877, 44.141, 43.955, 42.79, 41.364, 40.513, 40.396, 40.385, 40.603, 41.26, 41.698, 41.116, 40.931, 41.998, 42.467, 42.57, 43.047, 47.961], [47.368, 47.438, 48.831, 48.638, 47.816, 45.872, 44.944, 45.045, 43.371, 39.275, 36.511, 36.29, 36.791, 37.072, 37.353, 37.003, 36.812, 36.657, 36.04, 35.721, 36.0, 35.567, 35.035, 34.068, 33.133, 32.493, 31.936, 31.498, 30.322, 28.611, 28.693, 27.995, 26.435, 25.116, 23.139, 18.993, 14.725, 12.729, 9.239, 0.0, 13.102, 22.826, 28.789, 30.256, 30.272, 29.529, 29.831, 30.96, 31.835, 32.303, 33.316, 34.544, 34.594, 34.89, 36.643, 37.806, 37.251, 37.629, 38.197, 38.045, 37.611, 36.907, 36.705, 36.86, 37.168, 37.308, 37.609, 37.869, 37.847, 37.764, 38.485, 40.378, 42.923, 45.296, 47.914, 49.725, 51.033, 51.504, 50.409, 50.308, 50.615, 51.153, 50.242, 45.94, 43.258, 42.432, 42.367, 43.564, 43.154, 43.042, 43.537, 43.718, 43.566, 42.412, 40.989, 40.176, 40.087, 40.097, 40.379, 41.104, 41.54, 40.976, 40.786, 41.813, 42.249, 42.33, 42.774, 47.842], [46.858, 46.89, 48.199, 48.0, 47.218, 45.388, 44.519, 44.672, 43.251, 39.696, 37.381, 37.25, 37.651, 37.864, 38.109, 37.758, 37.606, 37.532, 37.167, 37.185, 37.52, 37.062, 36.551, 35.834, 35.098, 34.59, 34.23, 34.04, 33.155, 31.487, 31.25, 30.761, 29.773, 28.989, 27.659, 24.521, 21.114, 19.924, 19.245, 13.102, 0.0, 13.059, 21.781, 24.68, 25.098, 24.713, 25.734, 27.324, 28.368, 28.939, 30.266, 31.904, 32.106, 32.628, 34.844, 36.277, 36.202, 37.496, 38.597, 38.467, 38.151, 37.836, 37.841, 37.935, 38.162, 38.24, 38.365, 38.492, 38.449, 38.343, 38.888, 40.405, 42.562, 44.698, 47.242, 49.043, 50.261, 50.563, 49.503, 49.55, 49.875, 50.361, 49.515, 45.487, 43.216, 42.707, 42.715, 43.912, 43.554, 43.415, 43.73, 43.775, 43.64, 42.599, 41.284, 40.346, 40.09, 40.06, 40.373, 41.014, 41.333, 40.893, 40.784, 41.597, 41.877, 41.925, 42.307, 47.291], [46.598, 46.568, 47.692, 47.433, 46.734, 45.112, 44.321, 44.52, 43.36, 40.414, 38.741, 38.868, 39.171, 39.29, 39.495, 39.144, 39.034, 39.017, 38.893, 39.127, 39.41, 38.954, 38.501, 37.849, 37.279, 36.921, 36.658, 36.575, 35.906, 34.49, 34.235, 33.885, 33.263, 32.884, 32.013, 29.65, 27.11, 26.282, 26.426, 22.826, 13.059, 0.0, 11.569, 17.479, 18.716, 18.75, 21.043, 23.468, 24.796, 25.328, 26.926, 29.034, 29.334, 30.263, 33.023, 34.674, 35.137, 37.364, 39.053, 39.085, 39.036, 39.171, 39.454, 39.776, 40.047, 40.062, 40.08, 40.096, 40.036, 39.926, 40.319, 41.485, 43.231, 45.068, 47.437, 49.121, 50.184, 50.309, 49.362, 49.551, 49.867, 50.259, 49.419, 45.63, 43.686, 43.45, 43.492, 44.555, 44.215, 44.061, 44.261, 44.23, 44.023, 43.063, 41.884, 40.892, 40.525, 40.459, 40.772, 41.233, 41.332, 40.97, 40.976, 41.568, 41.664, 41.7, 42.038, 47.043], [46.574, 46.526, 47.567, 47.288, 46.671, 45.162, 44.368, 44.6, 43.633, 41.11, 39.935, 40.324, 40.648, 40.667, 40.786, 40.452, 40.333, 40.314, 40.336, 40.614, 40.837, 40.537, 40.177, 39.459, 38.992, 38.832, 38.668, 38.607, 38.05, 36.9, 36.734, 36.484, 36.101, 35.957, 35.358, 33.425, 31.334, 30.712, 31.152, 28.789, 21.781, 11.569, 0.0, 9.889, 13.481, 14.28, 17.743, 21.087, 22.733, 23.214, 25.044, 27.468, 27.736, 28.905, 31.985, 33.771, 34.656, 37.497, 39.531, 39.727, 39.941, 40.367, 40.891, 41.407, 41.766, 41.761, 41.693, 41.586, 41.461, 41.342, 41.678, 42.664, 44.148, 45.749, 47.937, 49.483, 50.407, 50.374, 49.511, 49.838, 50.16, 50.496, 49.656, 46.038, 44.295, 44.224, 44.302, 45.263, 44.944, 44.79, 44.89, 44.81, 44.536, 43.605, 42.515, 41.475, 41.02, 40.976, 41.252, 41.524, 41.454, 41.151, 41.27, 41.776, 41.813, 41.932, 42.276, 47.031], [45.855, 45.827, 47.003, 46.772, 46.121, 44.516, 43.657, 43.863, 42.88, 40.366, 39.294, 39.795, 40.236, 40.263, 40.327, 39.957, 39.775, 39.724, 39.675, 39.883, 40.19, 40.177, 40.014, 39.233, 38.704, 38.687, 38.733, 38.789, 38.272, 37.25, 37.143, 36.915, 36.637, 36.576, 35.978, 33.979, 32.0, 31.568, 32.109, 30.256, 24.68, 17.479, 9.889, 0.0, 6.75, 11.491, 16.038, 19.254, 20.866, 21.42, 23.438, 26.035, 26.307, 27.441, 30.642, 32.565, 33.537, 36.539, 38.577, 38.79, 39.048, 39.487, 40.014, 40.569, 41.081, 41.167, 41.049, 40.902, 40.766, 40.647, 41.046, 42.125, 43.714, 45.424, 47.742, 49.365, 50.273, 50.199, 49.28, 49.61, 49.93, 50.298, 49.479, 45.728, 43.858, 43.743, 43.853, 44.936, 44.618, 44.464, 44.608, 44.533, 44.251, 43.268, 42.219, 41.207, 40.756, 40.735, 40.996, 41.217, 41.13, 40.789, 40.938, 41.546, 41.625, 41.797, 42.188, 46.347], [45.582, 45.594, 46.873, 46.659, 45.985, 44.349, 43.48, 43.648, 42.554, 39.801, 38.509, 38.988, 39.459, 39.502, 39.574, 39.184, 38.97, 38.901, 38.804, 39.021, 39.397, 39.487, 39.471, 38.766, 38.237, 38.236, 38.377, 38.519, 38.04, 37.068, 37.046, 36.82, 36.497, 36.435, 35.828, 33.814, 31.959, 31.545, 31.988, 30.272, 25.098, 18.716, 13.481, 6.75, 0.0, 8.376, 14.456, 17.704, 19.273, 19.954, 22.133, 24.775, 25.052, 26.276, 29.665, 31.724, 32.709, 35.696, 37.724, 37.918, 38.183, 38.684, 39.238, 39.792, 40.324, 40.494, 40.432, 40.295, 40.162, 40.055, 40.49, 41.675, 43.427, 45.266, 47.696, 49.424, 50.375, 50.313, 49.322, 49.595, 49.907, 50.278, 49.399, 45.508, 43.564, 43.394, 43.485, 44.588, 44.211, 44.057, 44.271, 44.185, 43.861, 42.807, 41.705, 40.744, 40.345, 40.307, 40.586, 40.877, 40.859, 40.46, 40.578, 41.277, 41.382, 41.514, 41.925, 46.099], [45.718, 45.771, 47.086, 46.836, 46.136, 44.463, 43.595, 43.754, 42.443, 39.139, 37.318, 37.733, 38.244, 38.292, 38.416, 38.011, 37.796, 37.729, 37.599, 37.848, 38.265, 38.298, 38.244, 37.54, 37.114, 37.14, 37.258, 37.406, 36.923, 36.034, 36.253, 36.055, 35.64, 35.619, 35.103, 33.226, 31.583, 31.076, 31.259, 29.529, 24.713, 18.75, 14.28, 11.491, 8.376, 0.0, 8.128, 13.346, 15.595, 16.42, 18.956, 21.723, 21.848, 23.293, 27.143, 29.504, 30.685, 33.856, 36.085, 36.296, 36.603, 37.274, 38.094, 38.831, 39.416, 39.626, 39.689, 39.667, 39.558, 39.438, 39.917, 41.255, 43.2, 45.154, 47.674, 49.465, 50.454, 50.447, 49.392, 49.583, 49.896, 50.325, 49.383, 45.244, 43.065, 42.84, 42.887, 43.902, 43.452, 43.289, 43.563, 43.579, 43.305, 42.15, 40.862, 39.863, 39.513, 39.496, 39.796, 40.203, 40.365, 39.911, 39.882, 40.617, 40.802, 40.932, 41.353, 46.253], [45.704, 45.78, 47.084, 46.802, 46.083, 44.39, 43.534, 43.693, 42.28, 38.738, 36.68, 37.049, 37.578, 37.656, 37.815, 37.394, 37.198, 37.139, 36.966, 37.185, 37.625, 37.657, 37.536, 36.798, 36.441, 36.554, 36.732, 36.932, 36.444, 35.66, 36.083, 35.889, 35.424, 35.492, 35.052, 33.287, 31.938, 31.488, 31.478, 29.831, 25.734, 21.043, 17.743, 16.038, 14.456, 8.128, 0.0, 7.162, 10.713, 11.878, 14.891, 18.094, 18.211, 19.925, 24.247, 26.952, 28.402, 31.815, 34.301, 34.609, 34.872, 35.545, 36.651, 37.726, 38.513, 38.759, 38.955, 39.18, 39.193, 39.082, 39.599, 41.056, 43.136, 45.15, 47.675, 49.469, 50.475, 50.521, 49.473, 49.582, 49.853, 50.327, 49.393, 45.138, 42.732, 42.375, 42.387, 43.354, 42.892, 42.71, 43.013, 43.151, 42.972, 41.82, 40.454, 39.446, 39.18, 39.221, 39.517, 39.986, 40.273, 39.782, 39.646, 40.403, 40.661, 40.822, 41.256, 46.235], [45.542, 45.645, 46.94, 46.649, 45.931, 44.263, 43.454, 43.612, 42.189, 38.712, 36.775, 37.162, 37.696, 