[[0.0, 6.105, 13.759, 20.812, 24.104, 24.912, 25.31, 25.906, 26.444, 27.27, 28.736, 30.282, 31.726, 33.343, 35.049, 35.646, 35.65, 36.418, 36.776, 36.195, 36.143, 36.81, 37.585, 38.279, 38.863, 39.534, 40.19, 40.473, 40.466, 40.751, 41.298, 41.791, 42.263, 42.522, 42.706, 43.513, 44.496, 44.736, 44.854, 45.413, 45.644, 45.415, 45.346, 45.414, 44.704, 43.512, 42.708, 42.144, 41.5, 41.116, 40.771, 40.726, 40.927, 40.881, 40.581, 40.191, 39.934, 40.031, 40.371, 40.717, 40.799, 40.588, 40.82, 41.25, 41.245, 41.073, 40.861, 40.675, 40.348, 39.991, 39.921, 39.846, 39.808, 40.037, 40.425, 40.634, 40.752, 40.918, 41.513, 42.286, 42.915, 43.229, 43.421, 43.622, 43.772, 43.969, 44.251, 44.258, 43.99, 43.705, 43.484, 43.244, 42.948, 42.718, 42.391, 41.887, 41.557, 41.7, 41.962, 41.706, 41.023, 40.541, 40.482, 40.672, 40.454, 39.683, 39.308, 39.308, 39.052, 39.444, 39.769, 40.006, 40.861, 41.629, 41.635, 41.285, 40.995, 40.766, 40.624, 40.281, 39.9, 39.927, 40.243, 40.375, 40.33, 40.375, 40.491, 40.262, 39.962, 40.06, 40.102, 40.082, 40.194, 40.283, 40.515, 40.845, 41.08, 40.853, 40.217, 39.861, 40.102, 40.588, 40.772, 40.717, 40.861, 41.352, 41.898, 42.013, 41.24, 40.37, 40.0, 40.112, 40.469, 40.718, 40.973, 41.218, 41.368, 41.195, 40.541, 40.146, 40.199, 40.097, 39.851, 40.633, 42.036, 42.819, 42.691, 42.069, 41.758, 42.138, 42.734, 42.954, 42.634, 42.271, 42.171, 42.114, 42.081, 42.424, 42.768, 42.526, 42.331, 42.511, 42.479, 42.096, 41.795, 41.708, 41.969, 41.946, 41.177, 40.376, 40.079, 39.79, 40.195, 41.732, 42.501, 42.263, 42.602, 43.334, 43.721, 43.783, 43.958, 43.938, 43.619, 43.639, 43.671, 7.783], [6.105, 0.0, 9.272, 17.654, 21.414, 22.188, 22.575, 23.291, 24.042, 25.164, 26.866, 28.504, 30.027, 31.797, 33.707, 34.444, 34.481, 35.242, 35.606, 34.993, 34.962, 35.74, 36.588, 37.307, 37.966, 38.794, 39.621, 40.006, 40.044, 40.334, 40.873, 41.381, 41.877, 42.146, 42.312, 43.062, 44.022, 44.272, 44.41, 44.973, 45.198, 44.977, 44.931, 45.006, 44.3, 43.159, 42.408, 41.856, 41.187, 40.781, 40.466, 40.486, 40.715, 40.65, 40.33, 39.945, 39.702, 39.833, 40.217, 40.577, 40.666, 40.47, 40.719, 41.147, 41.143, 40.959, 40.716, 40.488, 40.134, 39.758, 39.654, 39.556, 39.497, 39.696, 40.083, 40.303, 40.416, 40.574, 41.184, 42.007, 42.679, 42.987, 43.137, 43.312, 43.471, 43.688, 43.98, 43.971, 43.666, 43.354, 43.137, 42.918, 42.624, 42.399, 42.083, 41.583, 41.246, 41.387, 41.659, 41.396, 40.67, 40.157, 40.106, 40.307, 40.086, 39.294, 38.887, 38.88, 38.652, 39.092, 39.43, 39.659, 40.502, 41.251, 41.242, 40.89, 40.608, 40.369, 40.214, 39.873, 39.497, 39.534, 39.863, 40.001, 39.959, 40.008, 40.117, 39.888, 39.604, 39.697, 39.713, 39.668, 39.775, 39.855, 40.084, 40.42, 40.674, 40.461, 39.832, 39.486, 39.751, 40.235, 40.426, 40.399, 40.574, 41.104, 41.678, 41.747, 40.848, 39.922, 39.593, 39.713, 40.064, 40.314, 40.567, 40.812, 40.989, 40.837, 40.192, 39.802, 39.874, 39.778, 39.504, 40.271, 41.72, 42.542, 42.409, 41.779, 41.491, 41.881, 42.462, 42.683, 42.383, 42.049, 41.97, 41.917, 41.891, 42.25, 42.594, 42.326, 42.098, 42.251, 42.208, 41.819, 41.5, 41.391, 41.664, 41.651, 40.855, 40.047, 39.774, 39.484, 39.83, 41.338, 42.127, 41.902, 42.238, 42.956, 43.345, 43.422, 43.609, 43.585, 43.248, 43.264, 43.301, 11.625], [13.759, 9.272, 0.0, 9.938, 15.241, 16.667, 17.298, 18.387, 19.7, 21.362, 23.508, 25.6, 27.675, 29.976, 32.299, 33.175, 33.234, 33.998, 34.244, 33.485, 33.541, 34.445, 35.309, 36.11, 36.927, 37.841, 38.663, 39.083, 39.229, 39.581, 40.12, 40.639, 41.179, 41.471, 41.602, 42.283, 43.231, 43.503, 43.663, 44.236, 44.453, 44.211, 44.162, 44.225, 43.515, 42.453, 41.786, 41.243, 40.581, 40.241, 40.064, 40.267, 40.603, 40.519, 40.151, 39.741, 39.493, 39.672, 40.133, 40.503, 40.59, 40.432, 40.712, 41.138, 41.151, 40.994, 40.746, 40.483, 40.093, 39.665, 39.406, 39.174, 39.068, 39.241, 39.579, 39.753, 39.817, 39.959, 40.614, 41.534, 42.267, 42.54, 42.603, 42.74, 42.922, 43.173, 43.49, 43.483, 43.161, 42.84, 42.63, 42.419, 42.101, 41.854, 41.527, 41.022, 40.686, 40.851, 41.154, 40.887, 40.099, 39.506, 39.44, 39.679, 39.5, 38.734, 38.306, 38.323, 38.214, 38.81, 39.095, 39.219, 39.99, 40.684, 40.62, 40.255, 39.98, 39.709, 39.522, 39.174, 38.817, 38.911, 39.296, 39.439, 39.392, 39.466, 39.583, 39.354, 39.107, 39.188, 39.151, 39.059, 39.142, 39.202, 39.408, 39.717, 39.965, 39.745, 39.092, 38.768, 39.091, 39.591, 39.762, 39.738, 39.983, 40.621, 41.237, 41.224, 40.21, 39.288, 39.033, 39.17, 39.472, 39.634, 39.826, 40.089, 40.324, 40.204, 39.547, 39.115, 39.165, 39.059, 38.742, 39.466, 40.942, 41.788, 41.628, 41.019, 40.831, 41.275, 41.825, 42.02, 41.754, 41.47, 41.408, 41.35, 41.345, 41.744, 42.102, 41.803, 41.525, 41.64, 41.585, 41.192, 40.836, 40.671, 40.96, 41.024, 40.297, 39.546, 39.318, 38.996, 39.222, 40.718, 41.576, 41.359, 41.687, 42.389, 42.75, 42.823, 43.039, 43.015, 42.641, 42.649, 42.687, 16.869], [20.812, 17.654, 9.938, 0.0, 7.069, 10.435, 12.207, 13.818, 15.88, 18.321, 20.857, 23.308, 26.02, 28.879, 31.553, 32.556, 32.649, 33.414, 33.575, 32.735, 32.928, 34.005, 34.893, 35.764, 36.881, 38.072, 38.88, 39.215, 39.404, 39.867, 40.423, 40.915, 41.447, 41.726, 41.831, 42.502, 43.428, 43.682, 43.823, 44.371, 44.578, 44.326, 44.274, 44.356, 43.706, 42.738, 42.127, 41.626, 41.055, 40.803, 40.708, 41.002, 41.393, 41.31, 40.919, 40.501, 40.251, 40.428, 40.899, 41.242, 41.298, 41.114, 41.331, 41.747, 41.811, 41.727, 41.523, 41.241, 40.823, 40.383, 40.03, 39.679, 39.519, 39.68, 40.008, 40.202, 40.275, 40.386, 41.011, 41.942, 42.691, 42.925, 42.909, 43.008, 43.193, 43.439, 43.76, 43.798, 43.523, 43.221, 43.02, 42.784, 42.419, 42.14, 41.826, 41.355, 41.036, 41.207, 41.505, 41.24, 40.461, 39.859, 39.79, 40.066, 39.94, 39.248, 38.825, 38.855, 38.807, 39.387, 39.601, 39.677, 40.394, 41.05, 40.971, 40.616, 40.342, 40.048, 39.849, 39.518, 39.198, 39.331, 39.738, 39.883, 39.831, 39.91, 40.028, 39.803, 39.566, 39.602, 39.533, 39.454, 39.533, 39.584, 39.816, 40.14, 40.367, 40.145, 39.517, 39.236, 39.564, 40.062, 40.202, 40.121, 40.363, 41.059, 41.684, 41.58, 40.479, 39.613, 39.485, 39.667, 39.933, 40.029, 40.167, 40.429, 40.689, 40.601, 39.977, 39.56, 39.573, 39.42, 39.043, 39.662, 41.061, 41.867, 41.711, 41.186, 41.092, 41.55, 42.046, 42.224, 42.008, 41.756, 41.675, 41.602, 41.606, 42.002, 42.346, 42.056, 41.805, 41.93, 41.886, 41.511, 41.134, 40.918, 41.201, 41.342, 40.72, 40.031, 39.831, 39.507, 39.662, 41.094, 41.978, 41.77, 42.024, 42.656, 42.959, 42.998, 43.208, 43.183, 42.824, 42.844, 42.886, 22.96], [24.104, 21.414, 15.241, 7.069, 0.0, 5.217, 8.565, 10.744, 13.382, 16.64, 19.484, 21.825, 24.567, 27.593, 30.439, 31.579, 31.733, 32.506, 32.697, 31.908, 32.204, 33.434, 34.4, 35.296, 36.654, 38.232, 39.233, 39.569, 39.732, 40.247, 40.838, 41.329, 41.847, 42.116, 42.241, 42.934, 43.827, 44.053, 44.187, 44.717, 44.919, 44.683, 44.645, 44.74, 44.133, 43.192, 42.581, 42.112, 41.607, 41.367, 41.244, 41.496, 41.863, 41.78, 41.388, 40.962, 40.698, 40.873, 41.33, 41.653, 41.696, 41.479, 41.628, 42.017, 42.11, 42.08, 41.908, 41.611, 41.185, 40.797, 40.493, 40.133, 39.959, 40.126, 40.486, 40.733, 40.842, 40.917, 41.469, 42.347, 43.068, 43.267, 43.204, 43.281, 43.465, 43.707, 44.023, 44.091, 43.853, 43.561, 43.347, 43.077, 42.665, 42.353, 42.064, 41.64, 41.332, 41.479, 41.747, 41.484, 40.748, 40.191, 40.132, 40.427, 40.342, 39.699, 39.305, 39.338, 39.25, 39.699, 39.924, 40.036, 40.735, 41.384, 41.333, 40.997, 40.726, 40.432, 40.243, 39.943, 39.659, 39.786, 40.168, 40.318, 40.275, 40.342, 40.443, 40.22, 39.979, 39.99, 39.934, 39.897, 39.993, 40.062, 40.362, 40.728, 40.931, 40.718, 40.154, 39.915, 40.223, 40.703, 40.802, 40.655, 40.851, 41.549, 42.171, 42.029, 40.885, 40.047, 39.993, 40.194, 40.458, 40.558, 40.681, 40.922, 41.161, 41.079, 40.498, 40.118, 40.141, 39.98, 39.57, 40.134, 41.505, 42.322, 42.205, 41.713, 41.616, 42.03, 42.49, 42.672, 42.481, 42.233, 42.134, 42.048, 42.04, 42.401, 42.715, 42.443, 42.235, 42.372, 42.332, 41.972, 41.597, 41.375, 41.66, 41.822, 41.232, 40.551, 40.349, 40.032, 40.128, 41.44, 42.307, 42.119, 42.323, 42.906, 43.186, 43.225, 43.438, 43.418, 43.085, 43.117, 43.168, 26.2], [24.912, 22.188, 16.667, 10.435, 5.217, 0.0, 4.325, 7.539, 11.009, 15.041, 18.302, 20.498, 22.891, 25.806, 28.736, 29.973, 30.145, 30.896, 31.112, 30.4, 30.798, 32.142, 33.201, 34.105, 35.533, 37.355, 38.639, 39.123, 39.316, 39.84, 40.486, 41.038, 41.595, 41.887, 42.013, 42.662, 43.544, 43.781, 43.926, 44.468, 44.687, 44.47, 44.439, 44.52, 43.898, 42.926, 42.295, 41.83, 41.324, 41.062, 40.907, 41.116, 41.455, 41.363, 40.967, 40.522, 40.256, 40.476, 40.957, 41.289, 41.337, 41.096, 41.209, 41.584, 41.668, 41.642, 41.475, 41.17, 40.748, 40.421, 40.215, 39.912, 39.763, 39.948, 40.311, 40.533, 40.617, 40.673, 41.216, 42.089, 42.809, 42.993, 42.901, 42.971, 43.176, 43.442, 43.766, 43.831, 43.595, 43.3, 43.077, 42.793, 42.354, 42.005, 41.7, 41.284, 40.978, 41.121, 41.388, 41.123, 40.377, 39.811, 39.736, 40.035, 39.96, 39.32, 38.942, 38.983, 38.866, 39.301, 39.58, 39.698, 40.387, 41.051, 41.016, 40.677, 40.403, 40.117, 39.93, 39.629, 39.342, 39.467, 39.852, 40.007, 39.968, 40.029, 40.121, 39.898, 39.67, 39.697, 39.661, 39.641, 39.751, 39.848, 40.18, 40.529, 40.7, 40.497, 39.967, 39.763, 40.077, 40.542, 40.625, 40.503, 40.755, 41.485, 42.124, 42.004, 40.866, 40.007, 39.914, 40.068, 40.319, 40.416, 40.501, 40.689, 40.893, 40.796, 40.213, 39.845, 39.914, 39.8, 39.402, 39.989, 41.39, 42.229, 42.109, 41.576, 41.444, 41.848, 42.315, 42.503, 42.305, 42.046, 41.942, 41.853, 41.844, 42.21, 42.524, 42.248, 42.047, 42.183, 42.127, 41.752, 41.367, 41.142, 41.426, 41.566, 40.944, 40.258, 40.062, 39.741, 39.819, 41.085, 41.951, 41.779, 41.992, 42.589, 42.893, 42.961, 43.194, 43.181, 42.845, 42.88, 42.94, 27.01], [25.31, 22.575, 17.298, 12.207, 8.565, 4.325, 0.0, 4.182, 8.78, 13.586, 17.252, 19.489, 21.667, 24.464, 27.447, 28.74, 28.903, 29.639, 29.873, 29.253, 29.785, 31.209, 32.31, 33.213, 34.639, 36.537, 37.986, 38.597, 38.859, 39.411, 40.087, 40.685, 41.289, 41.603, 41.7, 42.297, 43.198, 43.464, 43.616, 44.17, 44.403, 44.199, 44.178, 44.255, 43.617, 42.628, 41.99, 41.511, 40.969, 40.671, 40.491, 40.682, 41.015, 40.924, 40.525, 40.075, 39.824, 40.08, 40.583, 40.933, 40.987, 40.727, 40.816, 41.183, 41.254, 41.223, 41.067, 40.771, 40.353, 40.044, 39.883, 39.615, 39.482, 39.685, 40.046, 40.224, 40.269, 40.335, 40.908, 41.794, 42.521, 42.708, 42.614, 42.689, 42.914, 43.2, 43.529, 43.586, 43.342, 43.042, 42.814, 42.531, 42.084, 41.712, 41.389, 40.969, 40.66, 40.805, 41.087, 40.829, 40.062, 39.478, 39.392, 39.688, 39.596, 38.93, 38.544, 38.588, 38.459, 38.945, 39.273, 39.371, 40.045, 40.718, 40.68, 40.329, 40.052, 39.774, 39.592, 39.284, 38.989, 39.121, 39.52, 39.68, 39.641, 39.702, 39.797, 39.579, 39.366, 39.417, 39.396, 39.376, 39.488, 39.602, 39.933, 40.244, 40.406, 40.226, 39.708, 39.52, 39.847, 40.304, 40.384, 40.303, 40.621, 41.383, 42.03, 41.929, 40.805, 39.932, 39.798, 39.907, 40.141, 40.231, 40.289, 40.427, 40.606, 40.495, 39.889, 39.515, 39.606, 39.524, 39.156, 39.761, 41.162, 41.986, 41.839, 41.266, 41.119, 41.536, 42.015, 42.204, 41.998, 41.731, 41.628, 41.545, 41.541, 41.925, 42.252, 41.971, 41.761, 41.893, 41.831, 41.447, 41.054, 40.821, 41.096, 41.209, 40.548, 39.849, 39.658, 39.345, 39.448, 40.731, 41.602, 41.441, 41.684, 42.306, 42.631, 42.714, 42.96, 42.952, 42.611, 42.647, 42.709, 27.296], [25.906, 23.291, 18.387, 13.818, 10.744, 7.539, 4.182, 0.0, 5.541, 11.375, 15.627, 18.079, 20.332, 23.229, 26.37, 27.766, 27.933, 28.685, 29.002, 28.496, 29.139, 30.645, 31.792, 32.698, 34.162, 36.171, 37.734, 38.402, 38.711, 39.315, 40.01, 40.619, 41.249, 41.579, 41.655, 42.214, 43.125, 43.413, 43.567, 44.117, 44.351, 44.159, 44.151, 44.231, 43.588, 42.6, 41.971, 41.49, 40.93, 40.602, 40.384, 40.542, 40.864, 40.78, 40.395, 39.951, 39.693, 39.949, 40.468, 40.837, 40.899, 40.632, 40.716, 41.08, 41.143, 41.116, 40.978, 40.688, 40.262, 39.954, 39.807, 39.547, 39.413, 39.629, 40.004, 40.161, 40.186, 40.271, 40.873, 41.762, 42.487, 42.677, 42.587, 42.664, 42.893, 43.184, 43.512, 43.564, 43.307, 42.997, 42.765, 42.483, 42.034, 41.656, 41.339, 40.93, 40.617, 40.757, 41.043, 40.795, 40.038, 39.462, 39.375, 39.668, 39.57, 38.882, 38.474, 38.508, 38.341, 38.816, 39.191, 39.3, 39.973, 40.661, 40.625, 40.27, 39.991, 39.722, 39.552, 39.252, 38.955, 39.085, 39.492, 39.661, 39.62, 39.674, 39.77, 39.557, 39.338, 39.393, 39.387, 39.378, 39.492, 39.61, 39.943, 40.262, 40.446, 40.291, 39.776, 39.587, 39.913, 40.38, 40.474, 40.397, 40.714, 41.482, 42.133, 42.03, 40.885, 39.994, 39.865, 39.973, 40.204, 40.301, 40.367, 40.487, 40.651, 40.539, 39.928, 39.552, 39.648, 39.568, 39.201, 39.789, 41.171, 41.982, 41.825, 41.253, 41.116, 41.547, 42.032, 42.223, 42.014, 41.741, 41.637, 41.555, 41.55, 41.93, 42.261, 41.983, 41.769, 41.897, 41.838, 41.459, 41.063, 40.815, 41.074, 41.173, 40.5, 39.782, 39.577, 39.262, 39.363, 40.64, 41.508, 41.345, 41.584, 42.209, 42.539, 42.625, 42.872, 42.868, 42.538, 42.581, 42.645, 27.819], [26.444, 24.042, 19.7, 15.88, 13.382, 11.009, 8.78, 5.541, 0.0, 6.742, 12.107, 15.362, 18.111, 21.377, 24.838, 26.434, 26.678, 27.475, 27.835, 27.405, 28.157, 29.751, 30.978, 31.949, 33.447, 35.499, 37.118, 37.815, 38.147, 38.803, 39.551, 40.199, 40.856, 41.212, 41.318, 41.892, 42.82, 43.121, 43.276, 43.827, 44.064, 43.875, 43.865, 43.931, 43.26, 42.246, 41.609, 41.111, 40.523, 40.188, 39.975, 40.138, 40.456, 40.371, 39.996, 39.546, 39.255, 39.51, 40.052, 40.448, 40.533, 40.298, 40.431, 40.809, 40.864, 40.832, 40.691, 40.403, 39.966, 39.629, 39.471, 39.22, 39.085, 39.293, 39.661, 39.781, 39.785, 39.903, 40.543, 41.432, 42.154, 42.351, 42.263, 42.332, 42.555, 42.847, 43.178, 43.221, 42.953, 42.635, 42.394, 42.109, 41.654, 41.268, 40.95, 40.541, 40.225, 40.372, 40.67, 40.425, 39.658, 39.071, 38.973, 39.271, 39.185, 38.497, 38.09, 38.121, 37.952, 38.461, 38.874, 38.953, 39.636, 40.37, 40.353, 39.993, 39.71, 39.443, 39.275, 38.98, 38.68, 38.822, 39.254, 39.428, 39.374, 39.422, 39.527, 39.315, 39.086, 39.147, 39.145, 39.146, 39.276, 39.391, 39.711, 40.036, 40.227, 40.077, 39.555, 39.37, 39.701, 40.18, 40.281, 40.2, 40.522, 41.322, 41.995, 41.894, 40.721, 39.786, 39.632, 39.724, 39.951, 40.063, 40.14, 40.242, 40.392, 40.283, 39.662, 39.274, 39.378, 39.289, 38.885, 39.501, 40.942, 41.801, 41.669, 41.103, 40.985, 41.447, 41.947, 42.131, 41.899, 41.603, 41.492, 41.411, 41.402, 41.779, 42.107, 41.808, 41.576, 41.696, 41.624, 41.223, 40.814, 40.559, 40.805, 40.896, 40.22, 39.487, 39.269, 38.922, 38.943, 40.216, 41.115, 40.934, 41.165, 41.812, 42.173, 42.277, 42.535, 42.539, 42.208, 42.251, 42.317, 28.144], [27.27, 25.164, 21.362, 18.321, 16.64, 15.041, 13.586, 11.375, 6.742, 0.0, 6.588, 11.649, 15.769, 19.643, 23.431, 25.309, 25.846, 26.89, 27.26, 26.842, 27.75, 29.404, 30.647, 31.744, 33.308, 35.259, 36.761, 37.408, 37.736, 38.406, 39.196, 39.882, 40.548, 40.914, 41.063, 41.684, 42.627, 42.93, 43.083, 43.63, 43.865, 43.672, 43.648, 43.689, 42.997, 41.98, 41.347, 40.843, 40.252, 39.954, 39.8, 40.01, 40.337, 40.246, 39.862, 39.39, 39.046, 39.247, 39.769, 40.163, 40.255, 40.041, 40.209, 40.607, 40.682, 40.663, 40.525, 40.269, 39.84, 39.441, 39.235, 38.99, 38.857, 39.04, 39.381, 39.483, 39.508, 39.689, 40.369, 41.248, 41.979, 42.22, 42.161, 42.217, 42.418, 42.703, 43.028, 43.072, 42.822, 42.518, 42.282, 42.0, 41.546, 41.151, 40.818, 40.395, 40.072, 40.232, 40.546, 40.299, 39.516, 38.919, 38.822, 39.111, 39.023, 38.356, 37.971, 38.012, 37.886, 38.413, 38.795, 38.808, 39.497, 40.288, 40.299, 39.944, 39.663, 39.404, 39.244, 38.956, 38.665, 38.837, 39.298, 39.463, 39.386, 39.43, 39.539, 39.313, 39.063, 39.116, 39.096, 39.09, 39.239, 39.351, 39.627, 39.92, 40.108, 39.972, 39.462, 39.3, 39.629, 40.091, 40.139, 39.992, 40.309, 41.148, 41.836, 41.731, 40.566, 39.626, 39.449, 39.497, 39.701, 39.846, 39.964, 40.06, 40.193, 40.087, 39.456, 39.052, 39.156, 39.064, 38.64, 39.304, 40.794, 41.685, 41.587, 41.041, 40.935, 41.414, 41.923, 42.099, 41.824, 41.48, 41.354, 41.274, 41.257, 41.618, 41.937, 41.636, 41.401, 41.517, 41.441, 41.037, 40.636, 40.392, 40.631, 40.727, 40.078, 39.36, 39.156, 38.783, 38.706, 39.977, 40.898, 40.695, 40.93, 41.605, 41.993, 42.113, 42.376, 42.384, 42.047, 42.08, 42.138, 28.609], [28.736, 26.866, 23.508, 20.857, 19.484, 18.302, 17.252, 15.627, 12.107, 6.588, 0.0, 6.903, 13.125, 17.93, 21.975, 24.144, 25.148, 26.706, 27.305, 26.973, 28.042, 29.791, 31.028, 32.246, 34.077, 36.214, 37.746, 38.359, 38.661, 39.306, 40.067, 40.719, 41.345, 41.684, 41.826, 42.44, 43.355, 43.649, 43.791, 44.311, 44.537, 44.347, 44.305, 44.328, 43.68, 42.735, 42.152, 41.71, 41.209, 40.965, 40.816, 40.989, 41.278, 41.183, 40.804, 40.322, 39.909, 39.966, 40.379, 40.718, 40.771, 40.513, 40.62, 41.01, 41.141, 41.172, 41.082, 40.885, 40.48, 40.065, 39.867, 39.64, 39.506, 39.672, 40.015, 40.168, 40.284, 40.538, 41.224, 42.068, 42.807, 43.123, 43.126, 43.178, 43.351, 43.614, 43.921, 43.976, 43.765, 43.483, 43.252, 42.979, 42.552, 42.186, 41.873, 41.448, 41.112, 41.256, 41.549, 41.312, 40.582, 40.051, 39.987, 40.241, 40.122, 39.473, 39.106, 39.153, 39.007, 39.34, 39.626, 39.672, 40.382, 41.213, 41.274, 40.958, 40.692, 40.464, 40.345, 40.09, 39.811, 39.977, 40.426, 40.586, 40.498, 40.512, 40.593, 40.34, 40.026, 40.006, 39.974, 40.007, 40.18, 40.286, 40.538, 40.828, 41.044, 40.962, 40.503, 40.346, 40.632, 41.061, 41.051, 40.771, 40.964, 41.754, 42.419, 42.303, 41.171, 40.288, 40.164, 40.217, 40.405, 40.6, 40.791, 40.893, 40.983, 40.86, 40.261, 39.88, 39.968, 39.879, 39.514, 40.164, 41.541, 42.343, 42.253, 41.776, 41.679, 42.126, 42.631, 42.823, 42.527, 42.133, 41.982, 41.902, 41.866, 42.173, 42.481, 42.253, 42.072, 42.194, 42.164, 41.835, 41.479, 41.242, 41.462, 41.571, 40.978, 40.3, 40.116, 39.766, 39.669, 40.845, 41.697, 41.499, 41.721, 42.365, 42.731, 42.841, 43.082, 43.089, 42.788, 42.825, 42.866, 29.961], [30.282, 28.504, 25.6, 23.308, 21.825, 20.498, 19.489, 18.079, 15.362, 11.649, 6.903, 0.0, 7.924, 14.249, 19.016, 21.486, 22.907, 25.12, 26.239, 26.18, 27.445, 29.369, 30.681, 32.028, 34.287, 37.005, 38.981, 39.771, 40.064, 40.676, 41.416, 42.032, 42.617, 42.928, 43.046, 43.619, 44.502, 44.804, 44.947, 45.45, 45.684, 45.515, 45.461, 45.495, 44.92, 44.026, 43.455, 43.079, 42.668, 42.413, 42.17, 42.224, 42.44, 42.346, 42.0, 41.515, 41.015, 40.929, 41.238, 41.54, 41.575, 41.285, 41.321, 41.682, 41.845, 41.915, 41.871, 41.706, 41.32, 40.971, 40.89, 40.717, 40.573, 40.73, 41.105, 41.328, 41.529, 41.83, 42.495, 43.287, 43.999, 44.35, 44.386, 44.439, 44.607, 44.856, 45.14, 45.189, 44.985, 44.708, 44.472, 44.215, 43.849, 43.551, 43.292, 42.885, 42.541, 42.644, 42.892, 42.677, 42.047, 41.623, 41.589, 41.8, 41.651, 40.998, 40.635, 40.688, 40.444, 40.466, 40.653, 40.81, 41.578, 42.465, 42.602, 42.332, 42.06, 41.841, 41.769, 41.561, 41.278, 41.364, 41.749, 41.914, 41.828, 41.79, 41.825, 41.566, 41.204, 41.112, 41.11, 41.234, 41.447, 41.551, 41.832, 42.183, 42.443, 42.412, 41.995, 41.813, 42.041, 42.447, 42.443, 42.094, 42.139, 42.818, 43.452, 43.343, 42.22, 41.356, 41.283, 41.359, 41.53, 41.75, 41.991, 42.07, 42.068, 41.887, 41.332, 41.021, 41.128, 41.058, 40.77, 41.394, 42.633, 43.322, 43.232, 42.824, 42.74, 43.143, 43.639, 43.872, 43.611, 43.207, 43.032, 42.942, 42.889, 43.157, 43.472, 43.335, 43.217, 43.352, 43.38, 43.148, 42.84, 42.596, 42.783, 42.867, 42.276, 41.6, 41.407, 41.1, 41.066, 42.133, 42.9, 42.738, 42.945, 43.548, 43.891, 43.989, 44.191, 44.19, 43.949, 44.006, 44.037, 31.664], [31.726, 30.027, 27.675, 26.02, 24.567, 22.891, 21.667, 20.332, 18.111, 15.769, 13.125, 7.924, 0.0, 7.768, 14.186, 17.369, 19.06, 21.839, 23.551, 23.968, 25.651, 27.863, 29.291, 30.683, 33.224, 36.556, 39.22, 40.399, 40.761, 41.363, 42.136, 42.776, 43.368, 43.681, 43.792, 44.316, 45.173, 45.496, 45.663, 46.17, 46.422, 46.281, 46.237, 46.303, 45.777, 44.88, 44.274, 43.913, 43.533, 43.226, 42.863, 42.796, 42.966, 42.89, 42.576, 42.064, 41.505, 41.39, 41.683, 41.996, 42.05, 41.755, 41.741, 42.053, 42.202, 42.289, 42.272, 42.111, 41.744, 41.486, 41.545, 41.453, 41.312, 41.458, 41.862, 42.13, 42.359, 42.656, 43.284, 44.02, 44.685, 45.033, 45.068, 45.113, 45.291, 45.527, 45.776, 45.789, 45.571, 45.296, 45.056, 44.82, 44.516, 44.274, 44.051, 43.664, 43.317, 43.38, 43.598, 43.413, 42.854, 42.503, 42.488, 42.686, 42.533, 41.84, 41.428, 41.459, 41.114, 40.943, 41.175, 41.432, 42.218, 43.145, 43.35, 43.099, 42.796, 42.549, 42.489, 42.31, 42.0, 41.963, 42.258, 42.433, 42.361, 42.281, 42.285, 42.031, 41.672, 41.587, 41.64, 41.827, 42.061, 42.172, 42.504, 42.915, 43.208, 43.201, 42.789, 42.579, 42.781, 43.182, 43.232, 42.938, 42.942, 43.538, 44.151, 44.084, 42.984, 42.097, 42.004, 42.047, 42.19, 42.412, 42.662, 42.69, 42.596, 42.359, 41.821, 41.55, 41.696, 41.677, 41.476, 42.149, 43.347, 43.974, 43.885, 43.508, 43.432, 43.813, 44.308, 44.573, 44.345, 43.945, 43.755, 43.662, 43.615, 43.885, 44.216, 44.114, 44.012, 44.146, 44.205, 44.024, 43.741, 43.492, 43.656, 43.692, 43.032, 42.296, 42.066, 41.796, 41.842, 42.831, 43.55, 43.422, 43.633, 44.221, 44.571, 44.675, 44.853, 44.848, 44.65, 44.725, 44.754, 33.177], [33.343, 31.797, 29.976, 28.879, 27.593, 25.806, 24.464, 23.229, 21.377, 19.643, 17.93, 14.249, 7.768, 0.0, 7.935, 12.509, 14.894, 18.179, 20.521, 21.67, 23.959, 26.54, 28.123, 29.427, 31.989, 35.752, 39.029, 40.601, 41.071, 41.697, 42.518, 43.193, 43.791, 44.104, 44.203, 44.668, 45.51, 45.865, 46.046, 46.532, 46.784, 46.679, 46.661, 46.741, 46.263, 45.406, 44.795, 44.432, 44.066, 43.724, 43.266, 43.094, 43.23, 43.184, 42.906, 42.401, 41.853, 41.754, 42.039, 42.357, 42.409, 42.08, 41.995, 42.25, 42.38, 42.472, 42.478, 42.356, 42.038, 41.858, 42.024, 42.031, 41.934, 42.081, 42.476, 42.745, 42.978, 43.26, 43.843, 44.517, 45.126, 45.465, 45.513, 45.557, 45.727, 45.933, 46.131, 46.105, 45.895, 45.647, 45.417, 45.194, 44.921, 44.698, 44.487, 44.107, 43.754, 43.794, 43.992, 43.833, 43.347, 43.072, 43.079, 43.281, 43.134, 42.403, 41.921, 41.897, 41.466, 41.251, 41.659, 41.95, 42.651, 43.55, 43.793, 43.554, 43.243, 42.998, 42.951, 42.794, 42.476, 42.36, 42.581, 42.753, 42.698, 42.599, 42.587, 42.341, 41.998, 41.939, 42.034, 42.247, 42.477, 42.594, 42.949, 43.366, 43.654, 43.658, 43.233, 42.992, 43.189, 43.593, 43.685, 43.462, 43.472, 44.009, 44.593, 44.563, 43.538, 42.696, 42.579, 42.566, 42.67, 42.877, 43.116, 43.112, 42.986, 42.748, 42.229, 41.949, 42.091, 42.136, 42.044, 42.776, 43.947, 44.525, 44.429, 44.058, 43.961, 44.302, 44.787, 45.058, 44.818, 44.397, 44.201, 44.118, 44.078, 44.35, 44.694, 44.614, 44.519, 44.638, 44.697, 44.547, 44.294, 44.065, 44.229, 44.235, 43.522, 42.759, 42.514, 42.282, 42.351, 43.186, 43.839, 43.745, 43.949, 44.498, 44.831, 44.941, 45.115, 45.119, 44.957, 45.043, 45.072, 34.722], [35.049, 33.707, 32.299, 31.553, 30.439, 28.736, 27.447, 26.37, 24.838, 23.431, 21.975, 19.016, 14.186, 7.935, 0.0, 6.273, 10.736, 15.12, 18.229, 20.242, 23.055, 25.864, 27.562, 28.798, 31.345, 35.397, 39.076, 40.902, 41.45, 42.105, 42.969, 43.662, 44.242, 44.545, 44.645, 45.079, 45.925, 46.305, 46.473, 46.907, 47.153, 47.088, 47.088, 47.165, 46.738, 45.962, 45.384, 45.031, 44.678, 44.29, 43.734, 43.455, 43.548, 43.525, 43.299, 42.849, 42.361, 42.28, 42.553, 42.858, 42.879, 42.494, 42.343, 42.557, 42.67, 42.752, 42.785, 42.731, 42.479, 42.369, 42.639, 42.752, 42.717, 42.865, 43.219, 43.456, 43.71, 44.001, 44.542, 45.129, 45.646, 45.952, 46.016, 46.067, 46.22, 46.39, 46.544, 46.496, 46.313, 46.106, 45.896, 45.686, 45.432, 45.216, 45.01, 44.634, 44.287, 44.315, 44.491, 44.369, 44.007, 43.835, 43.854, 44.048, 43.904, 43.17, 42.674, 42.61, 42.122, 41.933, 42.484, 42.752, 43.293, 44.065, 44.297, 44.086, 43.799, 43.586, 43.576, 43.466, 43.174, 43.026, 43.196, 43.357, 43.311, 43.205, 43.18, 42.952, 42.635, 42.586, 42.704, 42.925, 43.139, 43.249, 43.588, 43.952, 44.185, 44.204, 43.802, 43.539, 43.713, 44.1, 44.198, 43.997, 43.978, 44.457, 44.999, 44.97, 44.025, 43.282, 43.189, 43.16, 43.227, 43.389, 43.585, 43.57, 43.464, 43.255, 42.771, 42.496, 42.623, 42.72, 42.751, 43.513, 44.61, 45.112, 44.996, 44.626, 44.499, 44.782, 45.248, 45.526, 45.287, 44.864, 44.675, 44.601, 44.553, 44.812, 45.171, 45.127, 45.045, 45.143, 45.186, 45.067, 44.866, 44.672, 44.835, 44.811, 44.098, 43.396, 43.184, 43.004, 43.102, 43.75, 44.293, 44.255, 44.471, 44.945, 45.216, 45.304, 45.466, 45.476, 45.349, 45.445, 45.472, 36.295], [35.646, 34.444, 33.175, 32.556, 31.579, 29.973, 28.74, 27.766, 26.434, 25.309, 24.144, 21.486, 17.369, 12.509, 6.273, 0.0, 6.416, 12.455, 16.434, 18.883, 21.888, 24.742, 26.462, 27.772, 30.471, 34.738, 38.596, 40.542, 41.16, 41.86, 42.763, 43.476, 44.057, 44.366, 44.504, 45.001, 45.899, 46.305, 46.479, 46.894, 47.126, 47.071, 47.086, 47.165, 46.727, 45.951, 45.372, 45.003, 44.632, 44.215, 43.628, 43.325, 43.41, 43.394, 43.188, 42.762, 42.311, 42.272, 42.579, 42.902, 42.916, 42.511, 42.344, 42.542, 42.638, 42.712, 42.751, 42.71, 42.46, 42.367, 42.677, 42.829, 42.818, 42.973, 43.303, 43.495, 43.731, 44.031, 44.571, 45.119, 45.576, 45.833, 45.871, 45.924, 46.087, 46.259, 46.413, 46.365, 46.184, 45.987, 45.786, 45.581, 45.327, 45.104, 44.885, 44.507, 44.161, 44.171, 44.338, 44.235, 43.933, 43.804, 43.814, 43.99, 43.83, 43.101, 42.64, 42.569, 42.066, 41.953, 42.559, 42.805, 43.276, 43.979, 44.191, 43.988, 43.709, 43.497, 43.498, 43.407, 43.119, 42.951, 43.095, 43.245, 43.203, 43.104, 43.082, 42.866, 42.574, 42.542, 42.665, 42.876, 43.069, 43.172, 43.509, 43.849, 44.041, 44.04, 43.664, 43.402, 43.553, 43.921, 44.014, 43.817, 43.788, 44.256, 44.803, 44.778, 43.847, 43.13, 43.061, 43.056, 43.12, 43.237, 43.382, 43.352, 43.257, 43.054, 42.583, 42.331, 42.465, 42.569, 42.656, 43.457, 44.541, 45.015, 44.882, 44.508, 44.383, 44.659, 45.106, 45.381, 45.169, 44.786, 44.622, 44.553, 44.503, 44.764, 45.133, 45.09, 44.994, 45.082, 45.111, 44.986, 44.794, 44.621, 44.795, 44.77, 44.052, 43.355, 43.149, 42.99, 43.132, 43.793, 44.315, 44.286, 44.535, 45.015, 45.27, 45.336, 45.478, 45.481, 45.355, 45.451, 45.475, 36.764], [35.65, 34.481, 33.234, 32.649, 31.733, 30.145, 28.903, 27.933, 26.678, 25.846, 25.148, 22.907, 19.06, 14.894, 10.736, 6.416, 0.0, 7.456, 12.995, 16.169, 19.311, 22.287, 24.182, 25.572, 28.402, 33.015, 37.202, 39.327, 40.032, 40.815, 41.772, 42.507, 43.124, 43.454, 43.593, 44.122, 45.081, 45.535, 45.748, 46.187, 46.416, 46.351, 46.389, 46.497, 46.039, 45.211, 44.601, 44.206, 43.814, 43.408, 42.846, 42.573, 42.674, 42.658, 42.452, 42.021, 41.607, 41.654, 42.031, 42.399, 42.435, 42.038, 41.899, 42.115, 42.178, 42.207, 42.213, 42.147, 41.879, 41.798, 42.132, 42.305, 42.297, 42.452, 42.765, 42.897, 43.04, 43.272, 43.797, 44.363, 44.832, 45.067, 45.073, 45.127, 45.308, 45.501, 45.68, 45.639, 45.446, 45.238, 45.034, 44.81, 44.507, 44.231, 43.988, 43.618, 43.279, 43.296, 43.487, 43.387, 43.059, 42.908, 42.898, 43.065, 42.906, 42.192, 41.75, 41.666, 41.148, 41.166, 41.845, 42.038, 42.512, 43.267, 43.486, 43.262, 42.969, 42.732, 42.704, 42.586, 42.278, 42.117, 42.275, 42.423, 42.382, 42.301, 42.304, 42.102, 41.83, 41.81, 41.929, 42.14, 42.338, 42.444, 42.795, 43.143, 43.331, 43.301, 42.907, 42.638, 42.782, 43.148, 43.265, 43.138, 43.182, 43.687, 44.246, 44.22, 43.255, 42.487, 42.391, 42.392, 42.484, 42.584, 42.679, 42.633, 42.567, 42.379, 41.887, 41.616, 41.75, 41.851, 41.947, 42.803, 43.947, 44.471, 44.356, 43.953, 43.838, 44.16, 44.618, 44.885, 44.688, 44.339, 44.191, 44.119, 44.074, 44.352, 44.707, 44.6, 44.453, 44.53, 44.54, 44.378, 44.169, 43.99, 44.171, 44.154, 43.414, 42.663, 42.425, 42.242, 42.383, 43.113, 43.67, 43.619, 43.893, 44.414, 44.691, 44.763, 44.919, 44.927, 44.781, 44.875, 44.906, 36.682], [36.418, 35.242, 33.998, 33.414, 32.506, 30.896, 29.639, 28.685, 27.475, 26.89, 26.706, 25.12, 21.839, 18.179, 15.12, 12.455, 7.456, 0.0, 7.303, 12.486, 16.527, 19.691, 21.879, 23.343, 25.946, 30.651, 35.217, 37.641, 38.473, 39.33, 40.356, 41.136, 41.796, 42.155, 42.261, 42.74, 43.734, 44.254, 44.529, 45.019, 45.265, 45.194, 45.263, 45.409, 44.958, 44.12, 43.5, 43.072, 42.629, 42.221, 41.708, 41.491, 41.611, 41.589, 41.382, 40.971, 40.64, 40.816, 41.283, 41.697, 41.76, 41.376, 41.259, 41.495, 41.514, 41.464, 41.412, 41.328, 41.065, 40.988, 41.34, 41.575, 41.596, 41.731, 41.999, 42.05, 42.071, 42.195, 42.688, 43.285, 43.778, 43.995, 43.982, 44.038, 44.218, 44.405, 44.578, 44.531, 44.336, 44.141, 43.954, 43.723, 43.367, 43.016, 42.731, 42.366, 42.047, 42.107, 42.357, 42.292, 41.934, 41.749, 41.721, 41.899, 41.758, 41.064, 40.622, 40.522, 40.063, 40.33, 41.093, 41.126, 41.52, 42.308, 42.527, 42.277, 41.99, 41.734, 41.649, 41.494, 41.189, 41.086, 41.301, 41.45, 41.398, 41.335, 41.365, 41.184, 40.947, 40.937, 41.021, 41.215, 41.432, 41.553, 41.87, 42.156, 42.326, 42.303, 41.898, 41.638, 41.799, 42.147, 42.267, 42.247, 42.449, 43.04, 43.609, 43.578, 42.609, 41.827, 41.685, 41.645, 41.748, 41.818, 41.841, 41.786, 41.792, 41.658, 41.147, 40.837, 40.981, 41.094, 41.162, 42.034, 43.241, 43.84, 43.768, 43.325, 43.211, 43.581, 44.05, 44.292, 44.086, 43.76, 43.626, 43.55, 43.516, 43.827, 44.158, 43.946, 43.718, 43.772, 43.751, 43.54, 43.299, 43.101, 43.277, 43.258, 42.498, 41.711, 41.462, 41.262, 41.37, 42.117, 42.69, 42.642, 42.963, 43.518, 43.82, 43.925, 44.134, 44.171, 44.002, 44.09, 44.133, 37.235], [36.776, 35.606, 34.244, 33.575, 32.697, 31.112, 29.873, 29.002, 27.835, 27.26, 27.305, 26.239, 23.551, 20.521, 18.229, 16.434, 12.995, 7.303, 0.0, 7.41, 13.508, 17.232, 19.595, 21.322, 23.832, 28.272, 32.853, 35.49, 36.48, 37.377, 38.477, 39.361, 40.079, 40.472, 40.611, 41.123, 42.151, 42.707, 43.048, 43.61, 43.88, 43.798, 43.893, 44.063, 43.593, 42.76, 42.166, 41.716, 41.209, 40.806, 40.393, 40.292, 40.448, 40.403, 40.173, 39.75, 39.448, 39.711, 40.241, 40.677, 40.756, 40.373, 40.242, 40.477, 40.493, 40.413, 40.309, 40.197, 39.914, 39.763, 40.039, 40.288, 40.339, 40.447, 40.657, 40.645, 40.59, 40.661, 41.178, 41.843, 42.373, 42.57, 42.539, 42.611, 42.808, 42.996, 43.159, 43.099, 42.91, 42.747, 42.597, 42.38, 41.994, 41.59, 41.252, 40.852, 40.53, 40.635, 40.942, 40.892, 40.489, 40.243, 40.198, 40.415, 40.29, 39.602, 39.169, 39.088, 38.751, 39.258, 39.995, 39.832, 40.16, 40.974, 41.165, 40.887, 40.611, 40.337, 40.197, 40.006, 39.722, 39.709, 40.004, 40.15, 40.069, 40.023, 40.075, 39.884, 39.655, 39.661, 39.697, 39.834, 40.058, 40.205, 40.484, 40.706, 40.878, 40.865, 40.45, 40.222, 40.436, 40.755, 40.821, 40.875, 41.271, 42.017, 42.643, 42.606, 41.609, 40.795, 40.579, 40.472, 40.559, 40.604, 40.585, 40.517, 40.568, 40.48, 39.966, 39.655, 39.826, 39.936, 39.928, 40.761, 42.024, 42.702, 42.668, 42.198, 42.088, 42.499, 42.962, 43.173, 42.949, 42.632, 42.512, 42.439, 42.424, 42.777, 43.104, 42.812, 42.519, 42.556, 42.512, 42.253, 41.971, 41.749, 41.929, 41.91, 41.126, 40.325, 40.106, 39.907, 39.971, 40.758, 41.383, 41.334, 41.708, 42.319, 42.667, 42.808, 43.06, 43.115, 42.913, 42.988, 43.036, 37.269], [36.195, 34.993, 33.485, 32.735, 31.908, 30.4, 29.253, 28.496, 27.405, 26.842, 26.973, 26.18, 23.968, 21.67, 20.242, 18.883, 16.169, 12.486, 7.41, 0.0, 7.846, 13.006, 16.076, 18.226, 21.214, 26.03, 30.738, 33.444, 34.522, 35.518, 36.741, 37.741, 38.519, 38.929, 39.143, 39.828, 40.96, 41.551, 41.965, 42.619, 42.918, 42.821, 42.912, 43.079, 42.563, 41.699, 41.126, 40.693, 40.173, 39.796, 39.471, 39.474, 39.678, 39.616, 39.352, 38.865, 38.51, 38.803, 39.365, 39.8, 39.884, 39.508, 39.377, 39.608, 39.611, 39.52, 39.38, 39.224, 38.909, 38.724, 38.925, 39.088, 39.109, 39.226, 39.434, 39.425, 39.348, 39.361, 39.897, 40.652, 41.249, 41.438, 41.391, 41.494, 41.743, 41.982, 42.196, 42.16, 41.953, 41.759, 41.59, 41.35, 40.924, 40.497, 40.135, 39.701, 39.356, 39.476, 39.807, 39.713, 39.203, 38.876, 38.823, 39.084, 38.969, 38.272, 37.848, 37.776, 37.464, 38.082, 38.76, 38.512, 38.909, 39.781, 39.942, 39.635, 39.356, 39.06, 38.877, 38.633, 38.338, 38.395, 38.769, 38.927, 38.823, 38.791, 38.877, 38.692, 38.465, 38.483, 38.484, 38.574, 38.797, 38.983, 39.308, 39.545, 39.727, 39.692, 39.247, 39.038, 39.32, 39.669, 39.724, 39.824, 40.348, 41.203, 41.871, 41.781, 40.647, 39.688, 39.391, 39.28, 39.399, 39.473, 39.468, 39.401, 39.459, 39.385, 38.869, 38.576, 38.772, 38.844, 38.741, 39.56, 40.918, 41.682, 41.664, 41.152, 41.007, 41.411, 41.873, 42.082, 41.848, 41.521, 41.419, 41.369, 41.373, 41.756, 42.083, 41.746, 41.426, 41.473, 41.428, 41.146, 40.848, 40.626, 40.832, 40.825, 40.016, 39.206, 39.008, 38.776, 38.8, 39.667, 40.365, 40.283, 40.668, 41.328, 41.718, 41.862, 42.11, 42.152, 41.923, 41.999, 42.049, 36.52], [36.143, 34.962, 33.541, 32.928, 32.204, 30.798, 29.785, 29.139, 28.157, 27.75, 28.042, 27.445, 25.651, 23.959, 23.055, 21.888, 19.311, 16.527, 13.508, 7.846, 0.0, 6.78, 11.6, 14.443, 17.865, 23.526, 28.854, 31.746, 32.817, 33.931, 35.355, 36.482, 37.309, 37.708, 37.937, 38.742, 40.017, 40.696, 41.174, 41.903, 42.242, 42.149, 42.238, 42.397, 41.836, 40.949, 40.438, 40.064, 39.563, 39.199, 38.901, 38.948, 39.189, 39.133, 38.86, 38.328, 37.912, 38.209, 38.798, 39.243, 39.347, 39.008, 38.919, 39.143, 39.088, 38.947, 38.781, 38.609, 38.285, 38.138, 38.371, 38.5, 38.494, 38.651, 38.901, 38.911, 38.793, 38.712, 39.216, 40.006, 40.643, 40.852, 40.834, 40.98, 41.26, 41.53, 41.788, 41.768, 41.524, 41.282, 41.077, 40.813, 40.367, 39.926, 39.549, 39.1, 38.727, 38.827, 39.158, 39.032, 38.458, 38.107, 38.055, 38.339, 38.238, 37.54, 37.135, 37.045, 36.677, 37.355, 38.055, 37.819, 38.246, 39.141, 39.294, 38.967, 38.668, 38.36, 38.147, 37.841, 37.506, 37.585, 38.004, 38.18, 38.069, 38.045, 38.173, 38.05, 37.899, 37.966, 37.959, 38.018, 38.227, 38.443, 38.843, 39.109, 39.256, 39.164, 38.696, 38.496, 38.811, 39.204, 39.326, 39.504, 40.071, 40.933, 41.589, 41.441, 40.193, 39.102, 38.743, 38.667, 38.854, 38.953, 38.927, 38.848, 38.915, 38.851, 38.333, 38.05, 38.269, 38.303, 38.129, 38.979, 40.433, 41.249, 41.217, 40.644, 40.437, 40.815, 41.276, 41.488, 41.249, 40.93, 40.854, 40.834, 40.859, 41.261, 41.584, 41.218, 40.878, 40.934, 40.9, 40.626, 40.333, 40.108, 40.328, 40.34, 39.54, 38.73, 38.523, 38.257, 38.286, 39.218, 39.949, 39.845, 40.232, 40.902, 41.279, 41.39, 41.63, 41.676, 41.437, 41.518, 41.576, 36.35], [36.81, 35.74, 34.445, 34.005, 33.434, 32.142, 31.209, 30.645, 29.751, 29.404, 29.791, 29.369, 27.863, 26.54, 25.864, 24.742, 22.287, 19.691, 17.232, 13.006, 6.78, 0.0, 6.287, 10.504, 14.819, 21.218, 27.147, 30.362, 31.473, 32.603, 34.165, 35.414, 36.274, 36.652, 36.873, 37.759, 39.167, 39.942, 40.489, 41.298, 41.676, 41.587, 41.697, 41.895, 41.336, 40.446, 39.996, 39.669, 39.176, 38.839, 38.619, 38.75, 39.025, 38.973, 38.704, 38.137, 37.651, 37.915, 38.496, 38.94, 39.059, 38.762, 38.71, 38.932, 38.842, 38.647, 38.432, 38.245, 37.923, 37.775, 38.031, 38.178, 38.167, 38.33, 38.579, 38.575, 38.43, 38.328, 38.83, 39.617, 40.25, 40.496, 40.547, 40.735, 41.011, 41.263, 41.504, 41.444, 41.159, 40.904, 40.705, 40.461, 40.048, 39.61, 39.202, 38.727, 38.336, 38.415, 38.741, 38.622, 38.059, 37.722, 37.67, 37.958, 37.869, 37.191, 36.822, 36.762, 36.423, 37.141, 37.788, 37.527, 37.924, 38.832, 38.994, 38.661, 38.347, 38.016, 37.774, 37.444, 37.1, 37.175, 37.594, 37.771, 37.67, 37.667, 37.819, 37.721, 37.634, 37.762, 37.758, 37.784, 37.967, 38.17, 38.555, 38.822, 38.964, 38.83, 38.351, 38.174, 38.507, 38.885, 39.017, 39.251, 39.852, 40.717, 41.374, 41.223, 39.983, 38.881, 38.491, 38.415, 38.619, 38.695, 38.615, 38.506, 38.569, 38.52, 38.034, 37.784, 38.025, 38.028, 37.801, 38.687, 40.216, 41.061, 41.012, 40.398, 40.158, 40.534, 40.994, 41.193, 40.953, 40.657, 40.604, 40.594, 40.63, 41.042, 41.37, 40.985, 40.612, 40.659, 40.641, 40.379, 40.083, 39.838, 40.043, 40.058, 39.281, 38.477, 38.264, 37.997, 38.082, 39.086, 39.83, 39.719, 40.133, 40.822, 41.19, 41.283, 41.529, 41.591, 41.341, 41.415, 41.47, 36.798], [37.585, 36.588, 35.309, 34.893, 34.4, 33.201, 32.31, 31.792, 30.978, 30.647, 31.028, 30.681, 29.291, 28.123, 27.562, 26.462, 24.182, 21.879, 19.595, 16.076, 11.6, 6.287, 0.0, 6.001, 12.659, 20.274, 26.579, 29.971, 31.158, 32.246, 33.757, 35.011, 35.881, 36.243, 36.442, 37.37, 38.86, 39.715, 40.344, 41.21, 41.605, 41.519, 41.641, 41.875, 41.38, 40.55, 40.141, 39.847, 39.395, 39.121, 38.998, 39.206, 39.501, 39.457, 39.199, 38.602, 38.02, 38.197, 38.732, 39.166, 39.293, 39.007, 38.928, 39.136, 39.071, 38.863, 38.587, 38.371, 38.056, 37.887, 38.109, 38.24, 38.212, 38.35, 38.569, 38.563, 38.443, 38.388, 38.917, 39.7, 40.328, 40.601, 40.717, 40.948, 41.222, 41.453, 41.662, 41.571, 41.264, 41.003, 40.812, 40.591, 40.218, 39.811, 39.396, 38.906, 38.51, 38.573, 38.879, 38.767, 38.249, 37.96, 37.93, 38.209, 38.113, 37.459, 37.125, 37.115, 36.816, 37.398, 37.893, 37.652, 38.094, 39.035, 39.225, 38.915, 38.599, 38.252, 38.009, 37.701, 37.38, 37.451, 37.852, 38.026, 37.936, 37.947, 38.095, 37.971, 37.865, 38.015, 38.032, 38.055, 38.229, 38.398, 38.741, 39.04, 39.236, 39.094, 38.609, 38.459, 38.797, 39.139, 39.23, 39.448, 40.016, 40.857, 41.515, 41.37, 40.153, 39.065, 38.674, 38.596, 38.786, 38.857, 38.772, 38.637, 38.667, 38.63, 38.217, 38.034, 38.272, 38.226, 37.967, 38.874, 40.409, 41.23, 41.161, 40.569, 40.362, 40.756, 41.218, 41.412, 41.172, 40.877, 40.824, 40.814, 40.845, 41.232, 41.546, 41.165, 40.779, 40.833, 40.849, 40.613, 40.324, 40.07, 40.259, 40.279, 39.531, 38.751, 38.52, 38.251, 38.406, 39.435, 40.137, 40.007, 40.432, 41.122, 41.492, 41.586, 41.829, 41.888, 41.64, 41.712, 41.761, 37.467], [38.279, 37.307, 36.11, 35.764, 35.296, 34.105, 33.213, 32.698, 31.949, 31.744, 32.246, 32.028, 30.683, 29.427, 28.798, 27.772, 25.572, 23.343, 21.322, 18.226, 14.443, 10.504, 6.001, 0.0, 8.562, 18.084, 25.415, 29.172, 30.406, 31.535, 33.122, 34.429, 35.359, 35.774, 35.935, 36.772, 38.296, 39.258, 39.979, 40.869, 41.26, 41.196, 41.353, 41.61, 41.143, 40.35, 39.974, 39.717, 39.315, 39.113, 39.08, 39.354, 39.685, 39.66, 39.4, 38.794, 38.206, 38.37, 38.891, 39.326, 39.463, 39.163, 39.034, 39.223, 39.162, 38.937, 38.629, 38.4, 38.104, 37.954, 38.166, 38.293, 38.277, 38.408, 38.59, 38.54, 38.402, 38.359, 38.894, 39.676, 40.303, 40.582, 40.728, 40.998, 41.288, 41.513, 41.708, 41.607, 41.299, 41.049, 40.872, 40.655, 40.286, 39.893, 39.495, 39.022, 38.636, 38.694, 38.997, 38.902, 38.407, 38.143, 38.118, 38.39, 38.302, 37.662, 37.336, 37.326, 36.982, 37.458, 37.93, 37.703, 38.143, 39.098, 39.319, 39.015, 38.695, 38.355, 38.12, 37.813, 37.488, 37.559, 37.964, 38.138, 38.058, 38.077, 38.23, 38.109, 38.012, 38.189, 38.232, 38.266, 38.45, 38.615, 38.944, 39.249, 39.457, 39.318, 38.835, 38.699, 39.037, 39.382, 39.481, 39.707, 40.258, 41.057, 41.692, 41.545, 40.327, 39.21, 38.764, 38.648, 38.829, 38.901, 38.807, 38.658, 38.676, 38.661, 38.307, 38.174, 38.422, 38.374, 38.122, 39.029, 40.534, 41.312, 41.225, 40.659, 40.504, 40.936, 41.414, 41.602, 41.34, 41.029, 40.973, 40.966, 40.993, 41.353, 41.629, 41.227, 40.841, 40.903, 40.937, 40.721, 40.451, 40.194, 40.365, 40.386, 39.673, 38.953, 38.733, 38.449, 38.589, 39.535, 40.181, 40.067, 40.493, 41.149, 41.507, 41.622, 41.878, 41.942, 41.711, 41.792, 41.844, 38.104], [38.863, 37.966, 36.927, 36.881, 36.654, 35.533, 34.639, 34.162, 33.447, 33.308, 34.077, 34.287, 33.224, 31.989, 31.345, 30.471, 28.402, 25.946, 23.832, 21.214, 17.865, 14.819, 12.659, 8.562, 0.0, 11.144, 20.372, 25.269, 26.781, 28.03, 30.06, 31.761, 32.918, 33.495, 33.709, 34.53, 36.184, 37.317, 38.177, 39.15, 39.566, 39.521, 39.745, 40.044, 39.531, 38.694, 38.351, 38.093, 37.637, 37.496, 37.658, 38.151, 38.609, 38.587, 38.263, 37.657, 37.219, 37.545, 38.149, 38.607, 38.748, 38.439, 38.325, 38.544, 38.453, 38.176, 37.831, 37.594, 37.32, 37.15, 37.314, 37.475, 37.528, 37.667, 37.765, 37.562, 37.27, 37.15, 37.684, 38.508, 39.177, 39.46, 39.598, 39.892, 40.204, 40.433, 40.623, 40.498, 40.181, 39.958, 39.809, 39.624, 39.263, 38.84, 38.397, 37.907, 37.529, 37.615, 37.974, 37.907, 37.323, 36.939, 36.872, 37.178, 37.15, 36.526, 36.193, 36.17, 35.884, 36.665, 37.29, 36.895, 37.162, 38.036, 38.199, 37.83, 37.487, 37.133, 36.848, 36.474, 36.12, 36.242, 36.704, 36.867, 36.783, 36.86, 37.064, 36.972, 36.993, 37.311, 37.357, 37.314, 37.483, 37.672, 37.932, 38.1, 38.24