[[0.0, 5.817, 13.031, 17.344, 18.215, 19.72, 21.459, 22.84, 24.17, 25.309, 26.178, 26.77, 27.66, 29.12, 30.593, 31.641, 32.666, 33.859, 34.607, 34.957, 35.281, 35.318, 35.096, 35.075, 35.342, 35.84, 36.298, 36.343, 36.158, 36.695, 37.705, 38.269, 38.225, 38.191, 38.644, 39.657, 40.845, 41.398, 41.272, 40.832, 40.158, 39.54, 39.345, 39.374, 39.339, 39.54, 39.784, 39.697, 39.078, 38.945, 38.329, 36.834, 37.72, 43.734, 48.299, 48.102, 47.999, 51.399, 55.975, 58.595, 59.32, 59.472, 59.747, 59.726, 58.997, 58.089, 57.546, 57.374, 57.187, 56.484, 55.17, 53.865, 53.275, 53.306, 53.128, 52.857, 53.311, 54.517, 55.003, 51.78, 44.209, 40.309, 41.623, 41.643, 38.54, 34.849, 33.328, 33.865, 34.803, 35.439, 35.726, 35.925, 36.286, 36.634, 36.936, 36.882, 36.67, 36.87, 37.253, 37.224, 36.896, 36.848, 37.065, 37.057, 36.843, 36.668, 36.617, 36.917, 37.162, 37.163, 37.427, 37.491, 36.401, 36.377, 38.075, 39.64, 39.971, 38.963, 37.918, 37.825, 38.377, 38.647, 38.429, 38.123, 37.958, 38.215, 38.912, 39.477, 39.447, 39.389, 39.596, 39.646, 39.608, 39.813, 40.19, 40.153, 39.17, 38.228, 38.175, 38.471, 38.998, 39.608, 39.525, 39.093, 38.321, 37.719, 37.787, 38.212, 38.424, 38.206, 37.836, 37.607, 37.041, 35.94, 35.098, 35.751, 37.033, 37.425, 36.641, 35.645, 35.217, 35.056, 35.155, 35.997, 37.327, 38.016, 37.356, 36.275, 35.541, 35.241, 35.564, 35.952, 35.814, 35.467, 35.297, 35.379, 35.583, 35.381, 34.641, 34.179, 34.075, 33.948, 33.697, 33.581, 34.002, 34.613, 34.619, 34.374, 34.445, 34.296, 34.344, 35.056, 35.749, 36.126, 36.757, 37.238, 37.123, 37.666, 39.482, 41.476, 42.187, 41.888, 42.612, 44.643, 46.37, 47.083, 47.214, 47.485, 48.142, 48.715, 49.493, 50.555, 50.699, 50.324, 50.756, 52.161, 52.474, 51.373, 49.741, 47.014, 43.693, 41.675, 41.464, 41.335, 39.565, 37.087, 36.603, 37.364, 37.821, 9.914], [5.817, 0.0, 9.192, 14.792, 16.081, 17.862, 19.843, 21.339, 22.771, 24.009, 24.972, 25.718, 26.846, 28.483, 30.038, 31.195, 32.373, 33.64, 34.42, 34.803, 35.152, 35.185, 34.954, 34.947, 35.237, 35.744, 36.209, 36.266, 36.093, 36.64, 37.665, 38.243, 38.213, 38.188, 38.651, 39.677, 40.873, 41.424, 41.303, 40.872, 40.204, 39.6, 39.431, 39.471, 39.405, 39.563, 39.813, 39.758, 39.162, 39.026, 38.417, 36.932, 37.795, 43.769, 48.332, 48.151, 48.046, 51.411, 55.952, 58.548, 59.252, 59.39, 59.658, 59.638, 58.911, 58.004, 57.46, 57.286, 57.095, 56.389, 55.087, 53.809, 53.242, 53.285, 53.107, 52.834, 53.303, 54.534, 55.025, 51.805, 44.223, 40.263, 41.563, 41.585, 38.513, 34.882, 33.423, 33.965, 34.875, 35.484, 35.759, 35.961, 36.311, 36.637, 36.93, 36.875, 36.66, 36.851, 37.224, 37.201, 36.89, 36.845, 37.062, 37.061, 36.849, 36.668, 36.603, 36.896, 37.151, 37.148, 37.373, 37.409, 36.358, 36.374, 38.072, 39.627, 39.962, 38.963, 37.911, 37.818, 38.386, 38.666, 38.447, 38.146, 37.981, 38.223, 38.911, 39.48, 39.458, 39.403, 39.61, 39.66, 39.623, 39.822, 40.188, 40.141, 39.152, 38.218, 38.192, 38.506, 39.037, 39.65, 39.562, 39.121, 38.336, 37.725, 37.78, 38.194, 38.403, 38.193, 37.824, 37.591, 37.04, 35.962, 35.131, 35.761, 37.022, 37.411, 36.615, 35.585, 35.137, 34.975, 35.07, 35.909, 37.229, 37.888, 37.194, 36.13, 35.444, 35.176, 35.507, 35.892, 35.76, 35.428, 35.267, 35.35, 35.563, 35.395, 34.683, 34.221, 34.11, 33.981, 33.728, 33.597, 34.005, 34.613, 34.629, 34.418, 34.518, 34.374, 34.413, 35.12, 35.793, 36.157, 36.802, 37.29, 37.177, 37.744, 39.565, 41.522, 42.203, 41.896, 42.613, 44.616, 46.321, 47.028, 47.15, 47.407, 48.053, 48.617, 49.379, 50.42, 50.564, 50.202, 50.645, 52.055, 52.359, 51.25, 49.63, 46.936, 43.651, 41.65, 41.43, 41.291, 39.527, 37.061, 36.591, 37.35, 37.81, 11.507], [13.031, 9.192, 0.0, 7.508, 10.905, 14.393, 17.334, 19.215, 20.923, 22.446, 23.665, 24.843, 26.59, 28.568, 30.155, 31.449, 32.876, 34.169, 34.892, 35.255, 35.59, 35.605, 35.374, 35.396, 35.719, 36.237, 36.681, 36.696, 36.477, 36.982, 37.993, 38.568, 38.544, 38.515, 38.949, 39.93, 41.076, 41.614, 41.516, 41.105, 40.448, 39.867, 39.727, 39.808, 39.758, 39.865, 40.082, 40.071, 39.565, 39.456, 38.88, 37.475, 38.293, 44.008, 48.436, 48.272, 48.141, 51.385, 55.819, 58.374, 59.066, 59.192, 59.452, 59.443, 58.747, 57.862, 57.319, 57.14, 56.949, 56.255, 54.996, 53.782, 53.263, 53.318, 53.137, 52.864, 53.344, 54.589, 55.104, 52.01, 44.618, 40.596, 41.763, 41.801, 38.824, 35.315, 33.969, 34.522, 35.335, 35.89, 36.179, 36.404, 36.762, 37.071, 37.343, 37.297, 37.109, 37.286, 37.628, 37.619, 37.346, 37.306, 37.501, 37.495, 37.29, 37.11, 37.037, 37.305, 37.546, 37.529, 37.708, 37.762, 36.821, 36.852, 38.436, 39.89, 40.188, 39.226, 38.218, 38.105, 38.639, 38.945, 38.768, 38.486, 38.315, 38.547, 39.219, 39.764, 39.754, 39.722, 39.922, 39.937, 39.858, 40.02, 40.354, 40.308, 39.354, 38.455, 38.438, 38.735, 39.257, 39.866, 39.79, 39.349, 38.573, 38.006, 38.079, 38.47, 38.652, 38.458, 38.118, 37.885, 37.356, 36.359, 35.612, 36.212, 37.373, 37.727, 36.965, 35.989, 35.607, 35.506, 35.59, 36.357, 37.601, 38.192, 37.477, 36.476, 35.85, 35.615, 35.94, 36.297, 36.162, 35.84, 35.69, 35.774, 35.981, 35.855, 35.21, 34.786, 34.696, 34.586, 34.349, 34.213, 34.596, 35.179, 35.213, 35.036, 35.116, 34.975, 35.031, 35.708, 36.334, 36.668, 37.282, 37.754, 37.669, 38.227, 39.959, 41.811, 42.468, 42.182, 42.863, 44.772, 46.407, 47.099, 47.208, 47.446, 48.076, 48.64, 49.389, 50.388, 50.52, 50.184, 50.637, 52.024, 52.326, 51.234, 49.658, 47.089, 43.972, 42.042, 41.763, 41.579, 39.858, 37.462, 36.976, 37.669, 38.087, 16.164], [17.344, 14.792, 7.508, 0.0, 6.093, 11.923, 15.993, 18.224, 20.081, 21.786, 23.218, 24.713, 26.841, 29.024, 30.625, 31.936, 33.415, 34.724, 35.468, 35.843, 36.183, 36.208, 35.994, 36.036, 36.362, 36.858, 37.271, 37.265, 37.042, 37.53, 38.524, 39.09, 39.072, 39.037, 39.435, 40.357, 41.449, 41.98, 41.896, 41.496, 40.866, 40.325, 40.209, 40.31, 40.282, 40.392, 40.587, 40.574, 40.123, 40.054, 39.53, 38.198, 38.942, 44.324, 48.534, 48.353, 48.199, 51.334, 55.664, 58.184, 58.889, 59.03, 59.294, 59.298, 58.633, 57.778, 57.247, 57.069, 56.878, 56.195, 54.963, 53.783, 53.271, 53.315, 53.137, 52.857, 53.288, 54.48, 54.998, 52.033, 44.942, 41.107, 42.203, 42.238, 39.401, 36.065, 34.781, 35.298, 36.037, 36.55, 36.835, 37.07, 37.424, 37.711, 37.968, 37.94, 37.782, 37.947, 38.266, 38.266, 38.001, 37.955, 38.134, 38.125, 37.925, 37.741, 37.658, 37.896, 38.102, 38.056, 38.191, 38.272, 37.453, 37.505, 38.971, 40.327, 40.592, 39.681, 38.749, 38.626, 39.088, 39.382, 39.251, 39.004, 38.84, 39.058, 39.701, 40.22, 40.214, 40.192, 40.387, 40.381, 40.274, 40.407, 40.72, 40.681, 39.789, 38.938, 38.91, 39.189, 39.701, 40.302, 40.252, 39.833, 39.079, 38.528, 38.578, 38.925, 39.081, 38.906, 38.6, 38.376, 37.869, 36.952, 36.281, 36.832, 37.903, 38.234, 37.531, 36.648, 36.344, 36.298, 36.389, 37.108, 38.29, 38.846, 38.165, 37.223, 36.636, 36.399, 36.682, 37.008, 36.879, 36.566, 36.415, 36.487, 36.679, 36.559, 35.95, 35.55, 35.473, 35.38, 35.159, 35.023, 35.378, 35.921, 35.965, 35.804, 35.854, 35.717, 35.784, 36.413, 37.013, 37.336, 37.908, 38.357, 38.293, 38.798, 40.386, 42.119, 42.763, 42.527, 43.21, 45.048, 46.602, 47.249, 47.349, 47.585, 48.196, 48.735, 49.448, 50.406, 50.533, 50.215, 50.665, 52.023, 52.319, 51.25, 49.707, 47.224, 44.235, 42.379, 42.078, 41.885, 40.247, 38.005, 37.559, 38.205, 38.577, 19.79], [18.215, 16.081, 10.905, 6.093, 0.0, 7.165, 12.523, 15.499, 17.704, 19.703, 21.414, 23.023, 25.263, 27.72, 29.559, 30.919, 32.418, 33.863, 34.715, 35.121, 35.491, 35.536, 35.322, 35.39, 35.77, 36.298, 36.73, 36.756, 36.572, 37.091, 38.099, 38.675, 38.66, 38.622, 39.023, 39.964, 41.08, 41.617, 41.52, 41.113, 40.504, 39.99, 39.883, 39.975, 39.95, 40.08, 40.284, 40.264, 39.783, 39.714, 39.225, 37.878, 38.578, 44.024, 48.286, 48.101, 47.958, 51.148, 55.529, 58.069, 58.782, 58.923, 59.186, 59.189, 58.521, 57.661, 57.127, 56.946, 56.75, 56.058, 54.804, 53.592, 53.053, 53.083, 52.903, 52.63, 53.063, 54.258, 54.786, 51.823, 44.715, 40.847, 41.946, 41.981, 39.109, 35.716, 34.363, 34.852, 35.63, 36.162, 36.414, 36.598, 36.908, 37.184, 37.445, 37.413, 37.25, 37.423, 37.753, 37.762, 37.498, 37.453, 37.636, 37.636, 37.446, 37.263, 37.181, 37.433, 37.641, 37.592, 37.747, 37.83, 36.979, 37.048, 38.58, 39.99, 40.28, 39.36, 38.411, 38.281, 38.742, 39.028, 38.899, 38.668, 38.517, 38.731, 39.368, 39.882, 39.854, 39.818, 40.016, 40.017, 39.899, 40.017, 40.326, 40.279, 39.381, 38.555, 38.551, 38.834, 39.334, 39.912, 39.846, 39.427, 38.649, 38.07, 38.16, 38.569, 38.751, 38.566, 38.248, 38.019, 37.499, 36.566, 35.881, 36.415, 37.498, 37.852, 37.169, 36.289, 35.97, 35.906, 35.994, 36.737, 37.955, 38.524, 37.827, 36.856, 36.263, 36.03, 36.311, 36.623, 36.457, 36.117, 35.961, 36.033, 36.224, 36.088, 35.44, 35.019, 34.945, 34.854, 34.631, 34.477, 34.797, 35.328, 35.388, 35.252, 35.336, 35.199, 35.26, 35.926, 36.572, 36.934, 37.544, 38.013, 37.959, 38.485, 40.087, 41.826, 42.457, 42.217, 42.936, 44.82, 46.395, 47.043, 47.141, 47.378, 47.993, 48.526, 49.225, 50.183, 50.31, 49.977, 50.407, 51.758, 52.048, 50.971, 49.41, 46.874, 43.814, 41.965, 41.73, 41.555, 39.884, 37.645, 37.277, 37.979, 38.358, 20.314], [19.72, 17.862, 14.393, 11.923, 7.165, 0.0, 6.609, 11.066, 14.189, 16.8, 18.994, 20.731, 23.066, 25.897, 28.049, 29.437, 30.962, 32.649, 33.638, 34.063, 34.466, 34.541, 34.334, 34.436, 34.882, 35.452, 35.921, 36.011, 35.906, 36.47, 37.471, 38.044, 38.05, 38.052, 38.501, 39.483, 40.625, 41.157, 41.042, 40.631, 40.044, 39.552, 39.438, 39.512, 39.505, 39.648, 39.842, 39.802, 39.255, 39.188, 38.737, 37.356, 38.067, 43.698, 48.079, 47.899, 47.796, 51.107, 55.585, 58.163, 58.884, 59.02, 59.282, 59.282, 58.595, 57.715, 57.167, 56.976, 56.772, 56.068, 54.793, 53.549, 52.982, 52.995, 52.808, 52.544, 52.998, 54.215, 54.761, 51.767, 44.525, 40.526, 41.632, 41.662, 38.691, 35.178, 33.718, 34.171, 35.02, 35.604, 35.829, 35.958, 36.24, 36.523, 36.788, 36.737, 36.56, 36.761, 37.126, 37.156, 36.908, 36.868, 37.056, 37.067, 36.877, 36.687, 36.607, 36.879, 37.097, 37.059, 37.255, 37.341, 36.388, 36.447, 38.102, 39.601, 39.918, 38.963, 37.952, 37.799, 38.278, 38.564, 38.427, 38.203, 38.058, 38.26, 38.882, 39.386, 39.339, 39.298, 39.512, 39.53, 39.404, 39.506, 39.814, 39.755, 38.84, 38.042, 38.057, 38.333, 38.802, 39.34, 39.244, 38.828, 38.036, 37.436, 37.568, 38.051, 38.274, 38.074, 37.729, 37.481, 36.936, 35.962, 35.236, 35.774, 36.902, 37.285, 36.604, 35.699, 35.345, 35.254, 35.34, 36.104, 37.356, 37.929, 37.204, 36.182, 35.547, 35.319, 35.639, 35.955, 35.73, 35.348, 35.195, 35.273, 35.47, 35.315, 34.631, 34.22, 34.175, 34.091, 33.859, 33.702, 34.021, 34.567, 34.633, 34.511, 34.645, 34.51, 34.566, 35.29, 35.992, 36.398, 37.064, 37.572, 37.551, 38.135, 39.789, 41.559, 42.176, 41.9, 42.637, 44.584, 46.21, 46.87, 46.96, 47.189, 47.813, 48.358, 49.065, 50.043, 50.181, 49.828, 50.23, 51.58, 51.874, 50.78, 49.188, 46.564, 43.384, 41.534, 41.395, 41.24, 39.494, 37.21, 36.908, 37.677, 38.077, 21.273], [21.459, 19.843, 17.334, 15.993, 12.523, 6.609, 0.0, 5.802, 10.318, 13.827, 16.568, 18.586, 21.142, 24.32, 26.767, 28.22, 29.758, 31.648, 32.785, 33.273, 33.722, 33.825, 33.631, 33.76, 34.243, 34.848, 35.363, 35.521, 35.49, 36.095, 37.085, 37.65, 37.682, 37.74, 38.243, 39.259, 40.409, 40.933, 40.81, 40.403, 39.83, 39.346, 39.223, 39.281, 39.283, 39.432, 39.621, 39.554, 38.943, 38.874, 38.431, 37.031, 37.792, 43.555, 48.009, 47.836, 47.759, 51.133, 55.66, 58.261, 58.99, 59.129, 59.395, 59.392, 58.686, 57.786, 57.225, 57.026, 56.814, 56.104, 54.821, 53.566, 52.988, 52.995, 52.806, 52.543, 53.001, 54.224, 54.778, 51.768, 44.433, 40.389, 41.523, 41.557, 38.534, 34.954, 33.392, 33.785, 34.669, 35.295, 35.517, 35.62, 35.908, 36.217, 36.499, 36.45, 36.272, 36.492, 36.879, 36.927, 36.69, 36.652, 36.843, 36.859, 36.665, 36.469, 36.392, 36.686, 36.92, 36.882, 37.081, 37.153, 36.143, 36.205, 37.929, 39.469, 39.797, 38.826, 37.791, 37.626, 38.1, 38.369, 38.217, 37.995, 37.855, 38.045, 38.652, 39.155, 39.114, 39.083, 39.312, 39.345, 39.22, 39.316, 39.615, 39.55, 38.647, 37.873, 37.88, 38.133, 38.567, 39.062, 38.939, 38.523, 37.74, 37.147, 37.283, 37.776, 38.01, 37.807, 37.451, 37.195, 36.647, 35.656, 34.904, 35.446, 36.606, 37.002, 36.309, 35.376, 34.995, 34.896, 34.999, 35.774, 37.023, 37.583, 36.849, 35.794, 35.116, 34.907, 35.284, 35.614, 35.356, 34.95, 34.803, 34.891, 35.094, 34.927, 34.228, 33.832, 33.801, 33.72, 33.483, 33.335, 33.688, 34.269, 34.344, 34.222, 34.375, 34.238, 34.295, 35.043, 35.766, 36.185, 36.866, 37.394, 37.399, 38.016, 39.703, 41.501, 42.115, 41.817, 42.557, 44.539, 46.196, 46.866, 46.944, 47.157, 47.778, 48.332, 49.046, 50.042, 50.202, 49.846, 50.236, 51.58, 51.866, 50.761, 49.151, 46.478, 43.217, 41.346, 41.253, 41.121, 39.342, 37.015, 36.705, 37.489, 37.902, 22.505], [22.84, 21.339, 19.215, 18.224, 15.499, 11.066, 5.802, 0.0, 5.608, 10.31, 13.786, 16.24, 19.288, 22.939, 25.691, 27.265, 28.857, 30.883, 32.181, 32.803, 33.333, 33.469, 33.293, 33.443, 33.949, 34.591, 35.15, 35.345, 35.362, 36.022, 37.034, 37.597, 37.635, 37.713, 38.241, 39.266, 40.408, 40.921, 40.803, 40.414, 39.862, 39.397, 39.274, 39.314, 39.305, 39.465, 39.679, 39.602, 38.926, 38.814, 38.366, 36.999, 37.782, 43.516, 47.965, 47.801, 47.717, 51.056, 55.548, 58.13, 58.848, 58.982, 59.243, 59.232, 58.517, 57.612, 57.044, 56.835, 56.619, 55.914, 54.64, 53.396, 52.826, 52.839, 52.655, 52.392, 52.847, 54.068, 54.618, 51.638, 44.349, 40.359, 41.474, 41.52, 38.578, 35.073, 33.47, 33.767, 34.625, 35.267, 35.495, 35.578, 35.852, 36.176, 36.482, 36.459, 36.3, 36.513, 36.888, 36.944, 36.723, 36.685, 36.869, 36.891, 36.715, 36.537, 36.475, 36.783, 37.017, 36.968, 37.143, 37.199, 36.204, 36.261, 37.947, 39.465, 39.799, 38.863, 37.863, 37.71, 38.169, 38.415, 38.253, 38.036, 37.901, 38.081, 38.672, 39.164, 39.126, 39.107, 39.342, 39.374, 39.252, 39.341, 39.619, 39.54, 38.657, 37.915, 37.924, 38.157, 38.57, 39.045, 38.91, 38.499, 37.748, 37.18, 37.317, 37.806, 38.045, 37.859, 37.517, 37.262, 36.722, 35.755, 35.043, 35.613, 36.771, 37.158, 36.459, 35.526, 35.144, 35.044, 35.15, 35.912, 37.134, 37.681, 36.958, 35.896, 35.204, 35.008, 35.401, 35.729, 35.468, 35.069, 34.939, 35.034, 35.227, 35.045, 34.34, 33.936, 33.892, 33.81, 33.572, 33.424, 33.777, 34.355, 34.422, 34.293, 34.448, 34.314, 34.372, 35.096, 35.787, 36.192, 36.868, 37.387, 37.399, 38.029, 39.712, 41.493, 42.094, 41.787, 42.51, 44.468, 46.11, 46.778, 46.846, 47.039, 47.65, 48.209, 48.922, 49.921, 50.104, 49.765, 50.168, 51.511, 51.785, 50.683, 49.095, 46.454, 43.218, 41.377, 41.313, 41.196, 39.43, 37.119, 36.803, 37.578, 37.994, 23.579], [24.17, 22.771, 20.923, 20.081, 17.704, 14.189, 10.318, 5.608, 0.0, 5.783, 10.449, 13.565, 17.178, 21.419, 24.526, 26.202, 27.887, 30.089, 31.549, 32.307, 32.937, 33.123, 32.973, 33.152, 33.685, 34.357, 34.942, 35.166, 35.241, 35.969, 37.012, 37.578, 37.612, 37.699, 38.244, 39.268, 40.394, 40.895, 40.784, 40.419, 39.9, 39.464, 39.345, 39.366, 39.354, 39.554, 39.818, 39.746, 39.008, 38.836, 38.385, 37.068, 37.849, 43.518, 47.941, 47.784, 47.688, 50.974, 55.405, 57.947, 58.647, 58.772, 59.021, 58.997, 58.277, 57.371, 56.796, 56.575, 56.354, 55.658, 54.408, 53.187, 52.636, 52.662, 52.489, 52.228, 52.68, 53.899, 54.446, 51.51, 44.335, 40.428, 41.503, 41.566, 38.747, 35.359, 33.749, 33.956, 34.775, 35.412, 35.627, 35.669, 35.904, 36.235, 36.569, 36.578, 36.444, 36.654, 37.013, 37.079, 36.876, 36.834, 37.007, 37.037, 36.896, 36.757, 36.72, 37.027, 37.245, 37.178, 37.322, 37.353, 36.371, 36.406, 38.021, 39.503, 39.845, 38.955, 38.007, 37.877, 38.331, 38.557, 38.381, 38.165, 38.036, 38.209, 38.778, 39.242, 39.193, 39.179, 39.415, 39.447, 39.336, 39.427, 39.684, 39.586, 38.722, 38.023, 38.051, 38.274, 38.667, 39.126, 38.986, 38.596, 37.893, 37.352, 37.497, 37.989, 38.233, 38.067, 37.737, 37.479, 36.948, 36.02, 35.372, 35.974, 37.113, 37.489, 36.801, 35.889, 35.522, 35.42, 35.516, 36.261, 37.467, 38.022, 37.327, 36.27, 35.563, 35.358, 35.744, 36.06, 35.802, 35.418, 35.297, 35.387, 35.565, 35.368, 34.661, 34.243, 34.184, 34.102, 33.87, 33.727, 34.058, 34.593, 34.632, 34.508, 34.672, 34.539, 34.576, 35.252, 35.882, 36.258, 36.925, 37.436, 37.444, 38.058, 39.705, 41.45, 42.038, 41.726, 42.423, 44.34, 45.948, 46.6, 46.658, 46.835, 47.433, 47.988, 48.698, 49.693, 49.882, 49.542, 49.936, 51.262, 51.536, 50.454, 48.907, 46.322, 43.165, 41.411, 41.388, 41.281, 39.551, 37.31, 37.032, 37.808, 38.228, 24.727], [25.309, 24.009, 22.446, 21.786, 19.703, 16.8, 13.827, 10.31, 5.783, 0.0, 5.795, 10.196, 14.785, 19.607, 23.051, 24.867, 26.665, 29.086, 30.727, 31.631, 32.375, 32.623, 32.508, 32.731, 33.311, 34.017, 34.625, 34.885, 35.024, 35.809, 36.876, 37.455, 37.494, 37.593, 38.167, 39.208, 40.333, 40.832, 40.728, 40.382, 39.889, 39.48, 39.37, 39.378, 39.359, 39.599, 39.909, 39.845, 39.089, 38.88, 38.394, 37.089, 37.881, 43.552, 47.953, 47.792, 47.692, 50.949, 55.332, 57.841, 58.53, 58.652, 58.894, 58.861, 58.138, 57.232, 56.652, 56.426, 56.203, 55.513, 54.275, 53.072, 52.543, 52.588, 52.425, 52.163, 52.603, 53.802, 54.329, 51.412, 44.296, 40.44, 41.498, 41.587, 38.869, 35.573, 33.985, 34.163, 34.966, 35.593, 35.796, 35.812, 36.014, 36.338, 36.694, 36.731, 36.609, 36.812, 37.166, 37.243, 37.051, 37.007, 37.174, 37.21, 37.093, 36.975, 36.939, 37.235, 37.452, 37.388, 37.495, 37.487, 36.527, 36.554, 38.103, 39.55, 39.892, 39.037, 38.142, 38.057, 38.536, 38.76, 38.569, 38.347, 38.222, 38.383, 38.918, 39.35, 39.288, 39.273, 39.502, 39.536, 39.445, 39.551, 39.798, 39.679, 38.824, 38.15, 38.187, 38.399, 38.761, 39.204, 39.065, 38.697, 38.031, 37.5, 37.634, 38.111, 38.351, 38.2, 37.88, 37.629, 37.119, 36.228, 35.624, 36.235, 37.354, 37.73, 37.063, 36.178, 35.824, 35.727, 35.822, 36.554, 37.748, 38.319, 37.659, 36.606, 35.887, 35.686, 36.073, 36.369, 36.107, 35.737, 35.622, 35.712, 35.879, 35.675, 34.982, 34.569, 34.506, 34.427, 34.203, 34.068, 34.393, 34.891, 34.906, 34.802, 34.982, 34.844, 34.856, 35.483, 36.056, 36.39, 37.037, 37.535, 37.522, 38.092, 39.702, 41.436, 42.028, 41.72, 42.412, 44.319, 45.913, 46.562, 46.624, 46.791, 47.362, 47.898, 48.61, 49.618, 49.809, 49.445, 49.799, 51.072, 51.343, 50.299, 48.794, 46.249, 43.161, 41.473, 41.452, 41.326, 39.615, 37.423, 37.14, 37.889, 38.311, 25.75], [26.178, 24.972, 23.665, 23.218, 21.414, 18.994, 16.568, 13.786, 10.449, 5.795, 0.0, 5.848, 12.283, 18.051, 21.775, 23.678, 25.599, 28.265, 30.091, 31.135, 31.992, 32.295, 32.207, 32.478, 33.121, 33.873, 34.502, 34.785, 34.976, 35.821, 36.919, 37.502, 37.539, 37.637, 38.222, 39.274, 40.403, 40.911, 40.822, 40.489, 40.005, 39.603, 39.494, 39.492, 39.461, 39.709, 40.026, 39.957, 39.212, 38.987, 38.447, 37.128, 37.967, 43.693, 48.094, 47.935, 47.846, 51.1, 55.47, 57.974, 58.663, 58.783, 59.018, 58.972, 58.239, 57.329, 56.749, 56.523, 56.302, 55.609, 54.367, 53.171, 52.657, 52.712, 52.551, 52.293, 52.73, 53.904, 54.404, 51.468, 44.305, 40.425, 41.478, 41.59, 38.937, 35.701, 34.145, 34.337, 35.146, 35.776, 35.984, 35.992, 36.163, 36.463, 36.821, 36.871, 36.747, 36.937, 37.292, 37.376, 37.188, 37.147, 37.317, 37.364, 37.257, 37.142, 37.095, 37.379, 37.604, 37.558, 37.647, 37.624, 36.707, 36.721, 38.209, 39.626, 39.954, 39.105, 38.236, 38.195, 38.717, 38.957, 38.755, 38.521, 38.397, 38.549, 39.048, 39.444, 39.373, 39.358, 39.58, 39.612, 39.543, 39.677, 39.935, 39.802, 38.935, 38.263, 38.305, 38.517, 38.861, 39.303, 39.178, 38.818, 38.153, 37.602, 37.716, 38.193, 38.44, 38.293, 37.978, 37.748, 37.26, 36.382, 35.79, 36.428, 37.562, 37.939, 37.279, 36.405, 36.044, 35.941, 36.035, 36.762, 37.948, 38.533, 37.906, 36.865, 36.144, 35.954, 36.34, 36.619, 36.351, 35.983, 35.867, 35.955, 36.109, 35.891, 35.202, 34.797, 34.737, 34.663, 34.439, 34.304, 34.635, 35.132, 35.148, 35.063, 35.24, 35.105, 35.122, 35.727, 36.269, 36.583, 37.216, 37.694, 37.661, 38.214, 39.826, 41.572, 42.167, 41.863, 42.562, 44.472, 46.071, 46.735, 46.814, 46.98, 47.53, 48.049, 48.769, 49.799, 49.993, 49.612, 49.947, 51.194, 51.452, 50.427, 48.955, 46.43, 43.365, 41.682, 41.633, 41.474, 39.741, 37.533, 37.201, 37.915, 38.338, 26.563], [26.77, 25.718, 24.843, 24.713, 23.023, 20.731, 18.586, 16.24, 13.565, 10.196, 5.848, 0.0, 8.018, 15.41, 19.92, 21.94, 24.004, 27.085, 29.173, 30.357, 31.314, 31.655, 31.577, 31.895, 32.616, 33.424, 34.085, 34.4, 34.666, 35.613, 36.757, 37.336, 37.357, 37.463, 38.071, 39.137, 40.268, 40.78, 40.695, 40.367, 39.884, 39.476, 39.352, 39.337, 39.314, 39.584, 39.908, 39.827, 39.065, 38.822, 38.236, 36.891, 37.837, 43.761, 48.245, 48.079, 48.005, 51.316, 55.754, 58.288, 58.978, 59.092, 59.315, 59.247, 58.486, 57.555, 56.961, 56.729, 56.502, 55.793, 54.522, 53.306, 52.79, 52.847, 52.681, 52.43, 52.886, 54.065, 54.552, 51.545, 44.201, 40.233, 41.327, 41.452, 38.762, 35.453, 33.832, 34.028, 34.879, 35.541, 35.738, 35.692, 35.811, 36.104, 36.475, 36.518, 36.383, 36.588, 36.971, 37.064, 36.868, 36.825, 37.002, 37.058, 36.96, 36.857, 36.819, 37.106, 37.346, 37.338, 37.448, 37.408, 36.467, 36.483, 38.0, 39.443, 39.776, 38.907, 38.015, 37.996, 38.567, 38.801, 38.556, 38.299, 38.182, 38.336, 38.814, 39.182, 39.094, 39.084, 39.32, 39.36, 39.298, 39.461, 39.749, 39.61, 38.709, 38.024, 38.079, 38.309, 38.672, 39.143, 39.027, 38.662, 37.974, 37.379, 37.494, 38.013, 38.282, 38.118, 37.792, 37.571, 37.076, 36.162, 35.531, 36.202, 37.399, 37.803, 37.125, 36.207, 35.795, 35.649, 35.721, 36.449, 37.663, 38.289, 37.691, 36.637, 35.889, 35.694, 36.098, 36.391, 36.107, 35.711, 35.581, 35.658, 35.799, 35.558, 34.843, 34.432, 34.372, 34.298, 34.067, 33.912, 34.233, 34.755, 34.792, 34.706, 34.885, 34.751, 34.786, 35.424, 35.987, 36.324, 36.985, 37.468, 37.421, 37.995, 39.674, 41.478, 42.073, 41.745, 42.458, 44.412, 46.041, 46.707, 46.776, 46.938, 47.494, 48.021, 48.752, 49.813, 50.035, 49.658, 49.996, 51.26, 51.524, 50.496, 49.023, 46.471, 43.347, 41.632, 41.598, 41.423, 39.612, 37.311, 36.962, 37.705, 38.149, 27.041], [27.66, 26.846, 26.59, 26.841, 25.263, 23.066, 21.142, 19.288, 17.178, 14.785, 12.283, 8.018, 0.0, 9.188, 15.587, 18.394, 20.842, 24.661, 27.269, 28.727, 29.84, 30.243, 30.188, 30.588, 31.419, 32.304, 33.027, 33.413, 33.791, 34.875, 36.096, 36.701, 36.737, 36.904, 37.607, 38.755, 39.929, 40.449, 40.361, 40.027, 39.533, 39.109, 38.981, 38.974, 38.982, 39.303, 39.66, 39.577, 38.786, 38.531, 37.895, 36.503, 37.588, 43.81, 48.403, 48.197, 48.14, 51.573, 56.118, 58.679, 59.36, 59.471, 59.695, 59.616, 58.829, 57.871, 57.257, 57.016, 56.785, 56.046, 54.72, 53.46, 52.932, 52.993, 52.823, 52.562, 53.021, 54.214, 54.683, 51.564, 43.989, 39.968, 41.183, 41.305, 38.479, 34.995, 33.276, 33.507, 34.441, 35.148, 35.31, 35.165, 35.204, 35.49, 35.876, 35.885, 35.712, 35.936, 36.359, 36.453, 36.23, 36.182, 36.367, 36.424, 36.324, 36.232, 36.204, 36.501, 36.769, 36.815, 36.977, 36.919, 35.903, 35.967, 37.611, 39.135, 39.512, 38.634, 37.697, 37.7, 38.33, 38.54, 38.219, 37.922, 37.811, 37.967, 38.434, 38.796, 38.706, 38.705, 38.972, 39.038, 38.996, 39.207, 39.54, 39.415, 38.481, 37.742, 37.777, 38.015, 38.419, 38.938, 38.822, 38.444, 37.737, 37.123, 37.252, 37.801, 38.076, 37.883, 37.527, 37.291, 36.777, 35.801, 35.068, 35.696, 36.932, 37.381, 36.681, 35.677, 35.189, 35.003, 35.054, 35.761, 36.991, 37.662, 37.075, 35.974, 35.184, 34.997, 35.463, 35.793, 35.466, 35.032, 34.903, 34.974, 35.098, 34.845, 34.112, 33.699, 33.638, 33.568, 33.342, 33.163, 33.464, 34.023, 34.095, 34.003, 34.193, 34.039, 34.072, 34.778, 35.408, 35.769, 36.465, 36.983, 36.912, 37.497, 39.281, 41.194, 41.804, 41.452, 42.214, 44.264, 45.939, 46.586, 46.624, 46.785, 47.37, 47.907, 48.636, 49.734, 50.012, 49.649, 49.947, 51.175, 51.44, 50.412, 48.892, 46.24, 43.018, 41.282, 41.306, 41.136, 39.246, 36.86, 36.545, 37.361, 37.832, 27.636], [29.12, 28.483, 28.568, 29.024, 27.72, 25.897, 24.32, 22.939, 21.419, 19.607, 18.051, 15.41, 9.188, 0.0, 8.317, 13.214, 17.189, 21.915, 25.027, 26.853, 28.203, 28.713, 28.722, 29.246, 30.195, 31.131, 31.887, 32.338, 32.842, 34.082, 35.416, 36.091, 36.18, 36.43, 37.25, 38.521, 39.774, 40.328, 40.256, 39.943, 39.483, 39.106, 39.027, 39.028, 39.012, 39.359, 39.793, 39.761, 38.982, 38.714, 38.056, 36.646, 37.732, 43.894, 48.41, 48.167, 48.108, 51.553, 56.077, 58.61, 59.284, 59.405, 59.646, 59.582, 58.811, 57.865, 57.259, 57.021, 56.793, 56.046, 54.706, 53.443, 52.924, 52.986, 52.811, 52.534, 52.957, 54.119, 54.558, 51.405, 43.836, 39.895, 41.169, 41.299, 38.48, 35.04, 33.405, 33.716, 34.673, 35.36, 35.485, 35.287, 35.286, 35.534, 35.881, 35.84, 35.625, 35.832, 36.253, 36.329, 36.085, 36.037, 36.229, 36.283, 36.175, 36.062, 36.013, 36.291, 36.544, 36.593, 36.808, 36.825, 35.83, 35.895, 37.562, 39.091, 39.474, 38.63, 37.712, 37.718, 38.363, 38.603, 38.295, 37.987, 37.865, 38.02, 38.504, 38.919, 38.878, 38.894, 39.173, 39.272, 39.26, 39.476, 39.817, 39.719, 38.788, 37.979, 37.949, 38.156, 38.556, 39.084, 38.974, 38.584, 37.876, 37.285, 37.401, 37.927, 38.189, 37.99, 37.629, 37.391, 36.889, 35.937, 35.181, 35.688, 36.829, 37.277, 36.632, 35.653, 35.167, 34.997, 35.025, 35.653, 36.833, 37.507, 36.925, 35.808, 35.035, 34.875, 35.351, 35.669, 35.321, 34.888, 34.783, 34.862, 34.971, 34.73, 34.054, 33.68, 33.62, 33.563, 33.39, 33.236, 33.523, 34.069, 34.163, 34.085, 34.259, 34.075, 34.088, 34.796, 35.446, 35.78, 36.442, 36.958, 36.861, 37.439, 39.266, 41.202, 41.817, 41.484, 42.283, 44.363, 46.038, 46.669, 46.702, 46.877, 47.471, 48.001, 48.715, 49.803, 50.089, 49.726, 49.985, 51.153, 51.395, 50.367, 48.82, 46.147, 42.962, 41.3, 41.379, 41.23, 39.373, 37.057, 36.774, 37.575, 38.04, 28.879], [30.593, 30.038, 30.155, 30.625, 29.559, 28.049, 26.767, 25.691, 24.526, 23.051, 21.775, 19.92, 15.587, 8.317, 0.0, 7.321, 14.244, 20.228, 23.56, 25.569, 27.156, 27.805, 27.903, 28.547, 29.557, 30.442, 31.134, 31.606, 32.264, 33.701, 35.169, 35.927, 36.091, 36.422, 37.322, 38.664, 39.952, 40.52, 40.462, 40.177, 39.786, 39.515, 39.52, 39.527, 39.458, 39.805, 40.323, 40.359, 39.611, 39.354, 38.734, 37.349, 38.287, 44.1, 48.437, 48.188, 48.115, 51.471, 55.886, 58.363, 59.033, 59.161, 59.399, 59.338, 58.591, 57.68, 57.102, 56.876, 56.648, 55.91, 54.598, 53.372, 52.872, 52.928, 52.752, 52.474, 52.857, 53.963, 54.404, 51.303, 43.916, 40.13, 41.352, 41.497, 38.83, 35.598, 34.117, 34.497, 35.433, 36.059, 36.153, 35.94, 35.92, 36.13, 36.422, 36.341, 36.102, 36.287, 36.665, 36.704, 36.459, 36.421, 36.613, 36.674, 36.578, 36.454, 36.392, 36.636, 36.848, 36.879, 37.144, 37.289, 36.401, 36.44, 38.031, 39.488, 39.833, 39.024, 38.151, 38.138, 38.761, 39.051, 38.798, 38.489, 38.346, 38.5, 38.996, 39.459, 39.478, 39.511, 39.785, 39.912, 39.934, 40.122, 40.417, 40.316, 39.419, 38.59, 38.514, 38.702, 39.093, 39.598, 39.481, 39.08, 38.373, 37.785, 37.861, 38.345, 38.591, 38.408, 38.073, 37.849, 37.373, 36.499, 35.811, 36.24, 37.267, 37.694, 37.127, 36.262, 35.868, 35.743, 35.742, 36.308, 37.448, 38.119, 37.573, 36.513, 35.798, 35.623, 35.999, 36.263, 35.942, 35.527, 35.409, 35.486, 35.59, 35.354, 34.726, 34.389, 34.329, 34.278, 34.15, 34.046, 34.33, 34.816, 34.894, 34.814, 34.953, 34.767, 34.776, 35.453, 36.099, 36.418, 37.029, 37.505, 37.391, 37.943, 39.727, 41.6, 42.2, 41.901, 42.709, 44.747, 46.382, 46.995, 47.036, 47.218, 47.793, 48.297, 48.978, 49.997, 50.227, 49.847, 50.102, 51.261, 51.505, 50.5, 48.986, 46.394, 43.354, 41.809, 41.898, 41.753, 39.984, 37.808, 37.52, 38.245, 38.684, 30.331], [31.641, 31.195, 31.449, 31.936, 30.919, 29.437, 28.22, 27.265, 26.202, 24.867, 23.678, 21.94, 18.394, 13.214, 7.321, 0.0, 9.306, 17.469, 21.571, 23.773, 25.636, 26.503, 26.719, 27.493, 28.605, 29.476, 30.13, 30.664, 31.516, 33.146, 34.712, 35.534, 35.77, 36.18, 37.145, 38.526, 39.824, 40.395, 40.34, 40.063, 39.714, 39.512, 39.553, 39.568, 39.533, 39.918, 40.453, 40.474, 39.746, 39.602, 39.044, 37.65, 38.544, 44.296, 48.6, 48.338, 48.27, 51.632, 56.034, 58.498, 59.169, 59.292, 59.51, 59.428, 58.675, 57.772, 57.202, 56.979, 56.753, 56.021, 54.723, 53.508, 53.005, 53.047, 52.867, 52.585, 52.951, 54.041, 54.5, 51.408, 44.084, 40.396, 41.582, 41.708, 39.041, 35.79, 34.273, 34.676, 35.651, 36.272, 36.347, 36.139, 36.127, 36.346, 36.631, 36.513, 36.235, 36.416, 36.794, 36.825, 36.575, 36.541, 36.74, 36.808, 36.71, 36.572, 36.499, 36.726, 36.931, 36.995, 37.313, 37.476, 36.554, 36.572, 38.167, 39.631, 39.985, 39.173, 38.28, 38.261, 38.882, 39.18, 38.937, 38.629, 38.489, 38.641, 39.106, 39.55, 39.59, 39.64, 39.91, 40.028, 40.052, 40.231, 40.504, 40.394, 39.523, 38.705, 38.619, 38.823, 39.24, 39.755, 39.639, 39.237, 38.514, 37.885, 37.926, 38.39, 38.627, 38.441, 38.119, 37.902, 37.427, 36.579, 35.909, 36.338, 37.384, 37.82, 37.26, 36.434, 36.089, 35.98, 35.997, 36.609, 37.791, 38.478, 37.968, 36.957, 36.256, 36.037, 36.346, 36.599, 36.325, 35.924, 35.77, 35.821, 35.924, 35.666, 34.996, 34.613, 34.535, 34.493, 34.354, 34.247, 34.55, 35.036, 35.1, 35.011, 35.161, 34.985, 34.979, 35.634, 36.28, 36.596, 37.189, 37.652, 37.533, 38.046, 39.77, 41.605, 42.206, 41.918, 42.721, 44.739, 46.363, 46.976, 47.03, 47.221, 47.797, 48.296, 48.974, 49.977, 50.173, 49.765, 49.995, 51.152, 51.418, 50.438, 48.941, 46.354, 43.345, 41.858, 41.973, 41.834, 40.094, 37.978, 37.702, 38.421, 38.86, 31.282], [32.666, 32.373, 32.876, 33.415, 32.418, 30.962, 29.758, 28.857, 27.887, 26.665, 25.599, 24.004, 20.842, 17.189, 14.244, 9.306, 0.0, 10.505, 16.722, 20.07, 22.532, 23.763, 24.163, 25.084, 26.429, 27.514, 28.316, 29.023, 30.108, 31.905, 33.51, 34.373, 34.703, 35.238, 36.312, 37.777, 39.132, 39.742, 39.725, 39.498, 39.205, 39.027, 39.071, 39.138, 39.229, 39.704, 40.202, 40.139, 39.391, 39.343, 38.813, 37.376, 38.333, 44.309, 48.691, 48.412, 48.398, 51.869, 56.34, 58.824, 59.488, 59.598, 59.8, 59.692, 58.906, 57.98, 57.399, 57.172, 56.95, 56.231, 54.939, 53.706, 53.17, 53.192, 53.01, 52.719, 53.075, 54.175, 54.647, 51.526, 44.149, 40.439, 41.586, 41.655, 38.865, 35.493, 33.914, 34.314, 35.328, 35.976, 36.062, 35.895, 35.929, 36.165, 36.457, 36.317, 36.004, 36.191, 36.599, 36.648, 36.389, 36.352, 36.573, 36.665, 36.562, 36.402, 36.319, 36.561, 36.791, 36.883, 37.209, 37.31, 36.285, 36.248, 37.845, 39.359, 39.77, 38.949, 37.997, 37.988, 38.632, 38.902, 38.638, 38.34, 38.221, 38.353, 38.734, 39.092, 39.123, 39.184, 39.437, 39.524, 39.539, 39.755, 40.068, 39.999, 39.201, 38.453, 38.373, 38.596, 39.081, 39.675, 39.602, 39.216, 38.485, 37.798, 37.769, 38.19, 38.419, 38.232, 37.907, 37.697, 37.224, 36.357, 35.653, 36.112, 37.247, 37.703, 37.097, 36.207, 35.799, 35.66, 35.745, 36.489, 37.738, 38.411, 37.889, 36.887, 36.197, 35.966, 36.248, 36.479, 36.215, 35.839, 35.69, 35.718, 35.81, 35.531, 34.787, 34.313, 34.203, 34.172, 34.013, 33.925, 34.29, 34.811, 34.88, 34.787, 34.932, 34.746, 34.698, 35.279, 35.844, 36.118, 36.721, 37.195, 37.052, 37.518, 39.173, 40.971, 41.575, 41.277, 42.053, 44.062, 45.703, 46.347, 46.43, 46.645, 47.252, 47.772, 48.478, 49.557, 49.809, 49.402, 49.592, 50.717, 50.979, 50.012, 48.515, 45.879, 42.815, 41.35, 41.549, 41.466, 39.724, 37.614, 37.396, 38.183, 38.647, 32.168], [33.859, 33.64, 34.169, 34.724, 33.863, 32.649, 31.648, 30.883, 30.089, 29.086, 28.265, 27.085, 24.661, 21.915, 20.228, 17.469, 10.505, 0.0, 8.861, 15.016, 18.927, 20.7, 21.311, 22.384, 24.005, 25.432, 26.489, 27.376, 28.63, 30.491, 32.059, 32.946, 33.41, 34.119, 35.343, 36.933, 38.395, 39.092, 39.175, 39.065, 38.859, 38.698, 38.749, 38.921, 39.153, 39.698, 40.186, 40.078, 39.34, 39.296, 38.792, 37.412, 38.364, 44.261, 48.598, 48.342, 48.392, 51.883, 56.333, 58.805, 59.448, 59.529, 59.706, 59.584, 58.792, 57.858, 57.266, 57.03, 56.813, 56.119, 54.857, 53.633, 53.084, 53.103, 52.933, 52.647, 53.004, 54.112, 54.587, 51.503, 44.247, 40.508, 41.505, 41.544, 38.826, 35.634, 34.24, 34.682, 35.658, 36.299, 36.412, 36.3, 36.355, 36.567, 36.85, 36.724, 36.419, 36.586, 36.979, 37.034, 36.784, 36.75, 36.99, 37.108, 37.015, 36.863, 36.799, 37.058, 37.3, 37.357, 37.615, 37.688, 36.686, 36.551, 37.983, 39.456, 39.906, 39.124, 38.189, 38.188, 38.818, 39.053, 38.782, 38.5, 38.391, 38.506, 38.829, 39.118, 39.128, 39.185, 39.411, 39.475, 39.507, 39.761, 40.117, 40.106, 39.392, 38.724, 38.654, 38.895, 39.425, 40.055, 40.007, 39.627, 38.938, 38.285, 38.199, 38.526, 38.726, 38.575, 38.285, 38.096, 37.634, 36.771, 36.066, 36.503, 37.617, 38.054, 37.414, 36.484, 36.035, 35.897, 36.045, 36.868, 38.113, 38.72, 38.15, 37.175, 36.57, 36.378, 36.619, 36.794, 36.525, 36.209, 36.124, 36.158, 36.224, 35.953, 35.24, 34.765, 34.645, 34.621, 34.479, 34.446, 34.839, 35.313, 35.34, 35.235, 35.343, 35.112, 34.94, 35.318, 35.718, 35.926, 36.522, 36.982, 36.827, 37.268, 38.808, 40.48, 41.045, 40.744, 41.438, 43.31, 44.883, 45.54, 45.652, 45.88, 46.515, 47.061, 47.79, 48.941, 49.283, 48.945, 49.143, 50.231, 50.459, 49.515, 48.061, 45.459, 42.429, 41.029, 41.315, 41.309, 39.657, 37.66, 37.539, 38.355, 38.816, 33.381], [34.607, 34.42, 34.892, 35.468, 34.715, 33.638, 32.785, 32.181, 31.549, 30.727, 30.091, 29.173, 27.269, 25.027, 23.56, 21.571, 16.722, 8.861, 0.0, 8.486, 14.502, 17.228, 18.172, 19.533, 21.504, 23.212, 24.443, 25.499, 27.025, 29.074, 30.69, 31.625, 32.186, 33.003, 34.346, 36.068, 37.651, 38.429, 38.579, 38.557, 38.46, 38.395, 38.495, 38.74, 39.103, 39.749, 40.286, 40.204, 39.509, 39.455, 38.974, 37.672, 38.545, 44.184, 48.417, 48.183, 48.244, 51.677, 56.064, 58.507, 59.135, 59.201, 59.361, 59.236, 58.458, 57.532, 56.934, 56.682, 56.451, 55.774, 54.562, 53.389, 52.862, 52.885, 52.728, 52.471, 52.866, 53.994, 54.474, 51.462, 44.472, 40.869, 41.785, 41.847, 39.242, 36.165, 34.83, 35.252, 36.188, 36.828, 36.959, 36.858, 36.896, 37.088, 37.368, 37.262, 36.982, 37.146, 37.522, 37.583, 37.344, 37.302, 37.534, 37.649, 37.553, 37.412, 37.36, 37.615, 37.851, 37.877, 38.079, 38.16, 37.21, 37.019, 38.357, 39.805, 40.282, 39.549, 38.646, 38.608, 39.174, 39.37, 39.075, 38.769, 38.645, 38.785, 39.168, 39.494, 39.493, 39.531, 39.752, 39.824, 39.86, 40.104, 40.447, 40.42, 39.69, 39.046, 39.035, 39.337, 39.86, 40.428, 40.34, 39.952, 39.298, 38.709, 38.646, 38.948, 39.132, 39.006, 38.752, 38.577, 38.106, 37.236, 36.522, 36.917, 37.985, 38.389, 37.733, 36.823, 36.399, 36.28, 36.447, 37.29, 38.528, 39.1, 38.506, 37.555, 36.99, 36.795, 36.999, 37.146, 36.881, 36.597, 36.545, 36.611, 36.694, 36.453, 35.814, 35.397, 35.285, 35.269, 35.147, 35.103, 35.45, 35.859, 35.835, 35.719, 35.834, 35.59, 35.33, 35.594, 35.933, 36.132, 36.715, 37.153, 37.001, 37.439, 38.924, 40.512, 41.021, 40.697, 41.306, 43.026, 44.504, 45.153, 45.287, 45.527, 46.171, 46.723, 47.443, 48.585, 48.933, 48.616, 48.833, 49.935, 50.175, 49.26, 47.882, 45.354, 42.364, 41.029, 41.394, 41.429, 39.821, 37.914, 37.875, 38.696, 39.135, 34.186], [34.957, 34.803, 35.255, 35.843, 35.121, 34.063, 33.273, 32.803, 32.307, 31.631, 31.135, 30.357, 28.727, 26.853, 25.569, 23.773, 20.07, 15.016, 8.486, 0.0, 7.681, 11.779, 13.473, 15.356, 17.885, 19.984, 21.43, 22.783, 24.846, 27.354, 29.19, 30.246, 30.9, 31.78, 33.192, 35.019, 36.709, 37.542, 37.698, 37.684, 37.677, 37.78, 37.979, 38.23, 38.658, 39.461, 40.141, 40.17, 39.517, 39.454, 39.028, 37.742, 38.528, 44.064, 48.236, 48.002, 48.02, 51.364, 55.697, 58.125, 58.754, 58.82, 58.983, 58.868, 58.098, 57.175, 56.575, 56.309, 56.062, 55.392, 54.217, 53.084, 52.575, 52.593, 52.441, 52.213, 52.637, 53.777, 54.268, 51.317, 44.504, 41.005, 41.913, 42.026, 39.512, 36.511, 35.175, 35.512, 36.401, 37.033, 37.167, 37.05, 37.067, 37.261, 37.552, 37.463, 37.199, 37.365, 37.729, 37.775, 37.522, 37.459, 37.673, 37.768, 37.652, 37.501, 37.453, 37.696, 37.92, 37.96, 38.193, 38.317, 37.38, 37.163, 38.469, 39.893, 40.371, 39.674, 38.798, 38.713, 39.21, 39.381, 39.084, 38.76, 38.616, 38.777, 39.228, 39.622, 39.639, 39.667, 39.891, 39.971, 39.998, 40.215, 40.531, 40.483, 39.738, 39.085, 39.105, 39.433, 39.929, 40.438, 40.32, 39.934, 39.309, 38.778, 38.764, 39.097, 39.297, 39.168, 38.911, 38.735, 38.25, 37.362, 36.646, 37.044, 38.093, 38.472, 37.814, 36.939, 36.551, 36.453, 36.621, 37.446, 38.659, 39.202, 38.598, 37.653, 37.083, 36.876, 37.067, 37.21, 36.967, 36.709, 36.659, 36.743, 36.872, 36.659, 36.044, 35.665, 35.567, 35.552, 35.427, 35.357, 35.679, 36.064, 36.003, 35.861, 35.986, 35.752, 35.477, 35.737, 36.107, 36.321, 36.878, 37.292, 37.135, 37.559, 39.006, 40.532, 40.984, 40.635, 41.223, 42.904, 44.364, 45.021, 45.172, 45.422, 46.063, 46.619, 47.357, 48.489, 48.803, 48.457, 48.673, 49.818, 50.106, 49.207, 47.871, 45.411, 42.453, 41.128, 41.513, 41.559, 39.927, 38.004, 37.97, 38.794, 39.218, 34.562], [35.281, 35.152, 35.59, 36.183, 35.491, 34.466, 33.722, 33.333, 32.937, 32.375, 31.992, 31.314, 29.84, 28.203, 27.156, 25.636, 22.532, 18.927, 14.502, 7.681, 0.0, 5.184, 8.161, 11.052, 14.367, 17.009, 18.761, 20.416, 22.953, 25.883, 27.97, 29.196, 29.979, 30.925, 32.368, 34.241, 35.987, 36.848, 36.991, 36.945, 36.946, 37.145, 37.46, 37.76, 38.22, 39.163, 40.034, 40.222, 39.635, 39.566, 39.173, 37.864, 38.557, 44.028, 48.182, 47.963, 47.932, 51.172, 55.455, 57.89, 58.537, 58.615, 58.794, 58.693, 57.927, 57.007, 56.412, 56.147, 55.899, 55.237, 54.073, 52.947, 52.437, 52.446, 52.29, 52.063, 52.478, 53.611, 54.125, 51.233, 44.458, 40.967, 41.865, 41.997, 39.56, 36.688, 35.468, 35.796, 36.635, 37.242, 37.386, 37.274, 37.285, 37.473, 37.765, 37.7, 37.467, 37.64, 37.991, 38.012, 37.739, 37.665, 37.868, 37.948, 37.814, 37.652, 37.611, 37.855, 38.084, 38.135, 38.384, 38.532, 37.603, 37.365, 38.609, 39.989, 40.452, 39.783, 38.942, 38.833, 39.291, 39.461, 39.185, 38.866, 38.715, 38.874, 39.334, 39.755, 39.795, 39.827, 40.038, 40.104, 40.129, 40.346, 40.665, 40.642, 39.936, 39.257, 39.232, 39.545, 40.05, 40.544, 40.407, 40.016, 39.413, 38.913, 38.905, 39.235, 39.436, 39.306, 39.036, 38.852, 38.374, 37.492, 36.778, 37.163, 38.181, 38.551, 37.902, 37.037, 36.662, 36.575, 36.745, 37.559, 38.742, 39.245, 38.615, 37.675, 37.129, 36.953, 37.149, 37.298, 37.096, 36.888, 36.848, 36.937, 37.114, 36.931, 36.304, 35.92, 35.828, 35.805, 35.663, 35.574, 35.889, 36.265, 36.179, 36.029, 36.175, 35.947, 35.673, 35.963, 36.395, 36.618, 37.14, 37.536, 37.369, 37.754, 39.155, 40.644, 41.079, 40.733, 41.346, 43.065, 44.556, 45.232, 45.392, 45.646, 46.28, 46.838, 47.602, 48.724, 48.993, 48.625, 48.845, 50.007, 50.296, 49.388, 48.045, 45.609, 42.675, 41.32, 41.674, 41.722, 40.086, 38.153, 38.1, 38.916, 39.328, 34.902], [35.318, 35.185, 35.605, 36.208, 35.536, 34.541, 33.825, 33.469, 33.123, 32.623, 32.295, 31.655, 30.243, 28.713, 27.805, 26.503, 23.763, 20.7, 17.228, 11.779, 5.184, 0.0, 4.088, 8.396, 12.67, 15.804, 17.755, 19.495, 22.162, 25.245, 27.456, 28.763, 29.587, 30.534, 31.965, 33.849, 35.616, 36.48, 36.6, 36.523, 36.492, 36.689, 37.065, 37.444, 37.943, 38.919, 39.884, 40.2, 39.696, 39.638, 39.238, 37.894, 38.513, 43.95, 48.127, 47.926, 47.887, 51.101, 55.381, 57.828, 58.482, 58.566, 58.754, 58.667, 57.91, 56.996, 56.406, 56.147, 55.907, 55.252, 54.084, 52.944, 52.422, 52.42, 52.261, 52.029, 52.421, 53.531, 54.066, 51.212, 44.43, 40.928, 41.838, 41.962, 39.518, 36.664, 35.501, 35.858, 36.689, 37.279, 37.425, 37.316, 37.335, 37.536, 37.829, 37.771, 37.553, 37.734, 38.083, 38.093, 37.811, 37.739, 37.943, 38.015, 37.875, 37.711, 37.673, 37.918, 38.155, 38.215, 38.471, 38.623, 37.68, 37.435, 38.676, 40.054, 40.51, 39.843, 39.005, 38.886, 39.337, 39.511, 39.245, 38.935, 38.788, 38.945, 39.405, 39.837, 39.886, 39.921, 40.125, 40.18, 40.206, 40.433, 40.768, 40.771, 40.082, 39.375, 39.308, 39.609, 40.137, 40.64, 40.487, 40.082, 39.484, 39.002, 39.001, 39.324, 39.511, 39.375, 39.103, 38.914, 38.44, 37.555, 36.824, 37.179, 38.174, 38.55, 37.907, 37.022, 36.631, 36.536, 36.704, 37.522, 38.702, 39.183, 38.525, 37.579, 37.051, 36.901, 37.109, 37.27, 37.087, 36.899, 36.864, 36.955, 37.148, 36.974, 36.335, 35.948, 35.857, 35.825, 35.678, 35.591, 35.909, 36.28, 36.191, 36.051, 36.218, 35.992, 35.727, 36.055, 36.528, 36.755, 37.265, 37.667, 37.502, 37.866, 39.245, 40.727, 41.168, 40.83, 41.47, 43.24, 44.768, 45.455, 45.618, 45.873, 46.506, 47.068, 47.844, 48.961, 49.208, 48.835, 49.068, 50.232, 50.5, 49.571, 48.207, 45.759, 42.805, 41.415, 41.738, 41.758, 40.098, 38.16, 38.112, 38.931, 39.342, 34.929], [35.096, 34.954, 35.374, 35.994, 35.322, 34.334, 33.631, 33.293, 32.973, 32.508, 32.207, 31.577, 30.188, 28.