[[0.0, 4.718, 8.713, 12.442, 15.309, 17.25, 18.956, 20.692, 22.296, 23.548, 24.608, 25.911, 27.624, 29.43, 30.936, 31.875, 32.52, 33.212, 33.699, 33.738, 33.551, 33.605, 34.084, 34.746, 35.231, 35.679, 36.064, 36.125, 35.847, 35.522, 35.366, 35.508, 35.907, 36.258, 36.255, 35.989, 35.962, 36.218, 36.486, 36.611, 36.615, 36.762, 37.05, 37.167, 37.137, 37.131, 37.211, 37.476, 37.816, 37.946, 37.767, 37.556, 37.425, 37.522, 37.664, 37.632, 37.511, 37.373, 37.129, 36.804, 36.624, 36.679, 36.645, 36.331, 35.787, 35.499, 35.831, 36.35, 36.788, 36.911, 36.767, 36.681, 36.741, 36.854, 36.977, 37.157, 37.422, 37.658, 37.75, 37.712, 37.736, 37.959, 38.172, 38.176, 38.255, 38.772, 39.719, 40.762, 41.71, 42.414, 42.762, 42.781, 42.527, 42.149, 41.873, 41.855, 41.822, 41.697, 41.443, 41.023, 40.798, 40.973, 40.902, 40.169, 39.344, 38.873, 38.492, 38.09, 37.721, 37.523, 37.609, 37.915, 38.104, 37.809, 37.145, 36.835, 37.304, 38.038, 38.291, 37.943, 37.699, 37.768, 38.194, 39.01, 40.138, 41.043, 41.235, 41.016, 40.822, 40.592, 40.417, 40.5, 40.818, 41.097, 41.097, 40.801, 40.415, 40.226, 40.158, 39.894, 39.643, 39.74, 39.93, 39.953, 39.768, 39.451, 39.118, 38.901, 38.773, 38.535, 38.206, 38.181, 38.393, 38.429, 38.356, 38.355, 38.297, 5.569], [4.718, 0.0, 4.746, 9.384, 12.785, 14.903, 16.696, 18.573, 20.321, 21.655, 22.764, 24.141, 25.978, 27.925, 29.533, 30.534, 31.242, 32.006, 32.541, 32.593, 32.418, 32.506, 33.036, 33.751, 34.278, 34.77, 35.213, 35.345, 35.136, 34.855, 34.725, 34.891, 35.338, 35.765, 35.838, 35.635, 35.651, 35.928, 36.206, 36.337, 36.34, 36.478, 36.752, 36.862, 36.839, 36.843, 36.932, 37.205, 37.549, 37.67, 37.482, 37.277, 37.162, 37.27, 37.414, 37.383, 37.263, 37.126, 36.883, 36.566, 36.39, 36.44, 36.394, 36.065, 35.508, 35.221, 35.573, 36.111, 36.555, 36.674, 36.526, 36.447, 36.519, 36.639, 36.77, 36.973, 37.263, 37.511, 37.603, 37.564, 37.591, 37.822, 38.051, 38.072, 38.16, 38.683, 39.651, 40.725, 41.698, 42.409, 42.756, 42.776, 42.524, 42.148, 41.866, 41.835, 41.792, 41.663, 41.406, 40.978, 40.744, 40.925, 40.86, 40.112, 39.259, 38.765, 38.37, 37.955, 37.567, 37.342, 37.411, 37.714, 37.902, 37.6, 36.922, 36.596, 37.062, 37.81, 38.073, 37.72, 37.473, 37.549, 37.99, 38.828, 39.984, 40.906, 41.084, 40.843, 40.639, 40.415, 40.261, 40.368, 40.696, 40.971, 40.957, 40.646, 40.258, 40.08, 40.016, 39.739, 39.473, 39.568, 39.769, 39.802, 39.62, 39.298, 38.963, 38.747, 38.621, 38.384, 38.061, 38.05, 38.272, 38.309, 38.233, 38.228, 38.163, 9.365], [8.713, 4.746, 0.0, 5.209, 9.36, 12.098, 14.283, 16.367, 18.239, 19.672, 20.897, 22.439, 24.473, 26.598, 28.318, 29.373, 30.13, 30.962, 31.552, 31.632, 31.479, 31.602, 32.174, 32.932, 33.497, 34.031, 34.528, 34.725, 34.576, 34.342, 34.256, 34.467, 34.96, 35.44, 35.568, 35.415, 35.466, 35.753, 36.033, 36.167, 36.172, 36.303, 36.567, 36.679, 36.664, 36.679, 36.778, 37.062, 37.417, 37.547, 37.369, 37.174, 37.066, 37.177, 37.326, 37.304, 37.195, 37.065, 36.827, 36.512, 36.331, 36.377, 36.329, 35.996, 35.437, 35.148, 35.491, 36.019, 36.452, 36.56, 36.406, 36.332, 36.413, 36.535, 36.665, 36.876, 37.181, 37.432, 37.519, 37.477, 37.505, 37.743, 37.987, 38.018, 38.102, 38.624, 39.611, 40.714, 41.71, 42.436, 42.79, 42.812, 42.562, 42.185, 41.898, 41.857, 41.803, 41.667, 41.411, 40.991, 40.77, 40.964, 40.904, 40.149, 39.28, 38.773, 38.37, 37.953, 37.563, 37.332, 37.396, 37.704, 37.895, 37.593, 36.908, 36.567, 37.014, 37.752, 38.008, 37.64, 37.377, 37.45, 37.895, 38.731, 39.883, 40.801, 40.97, 40.716, 40.509, 40.298, 40.171, 40.3, 40.634, 40.898, 40.864, 40.539, 40.154, 39.994, 39.943, 39.665, 39.39, 39.48, 39.688, 39.731, 39.552, 39.228, 38.889, 38.674, 38.554, 38.325, 38.013, 38.012, 38.238, 38.276, 38.2, 38.194, 38.125, 12.41], [12.442, 9.384, 5.209, 0.0, 4.816, 8.582, 11.679, 14.238, 16.238, 17.7, 19.015, 20.75, 23.02, 25.342, 27.182, 28.286, 29.076, 29.967, 30.622, 30.753, 30.642, 30.798, 31.394, 32.172, 32.766, 33.344, 33.897, 34.153, 34.052, 33.853, 33.815, 34.085, 34.633, 35.153, 35.312, 35.188, 35.262, 35.559, 35.839, 35.971, 35.973, 36.099, 36.363, 36.483, 36.478, 36.5, 36.607, 36.9, 37.266, 37.415, 37.267, 37.096, 36.994, 37.105, 37.255, 37.242, 37.149, 37.031, 36.796, 36.47, 36.274, 36.321, 36.281, 35.956, 35.411, 35.13, 35.46, 35.961, 36.365, 36.451, 36.289, 36.22, 36.313, 36.437, 36.559, 36.765, 37.07, 37.321, 37.404, 37.361, 37.387, 37.625, 37.875, 37.909, 37.981, 38.494, 39.489, 40.605, 41.611, 42.343, 42.702, 42.728, 42.48, 42.106, 41.816, 41.77, 41.708, 41.564, 41.306, 40.897, 40.695, 40.906, 40.852, 40.1, 39.231, 38.72, 38.314, 37.9, 37.517, 37.294, 37.368, 37.684, 37.875, 37.571, 36.883, 36.532, 36.957, 37.679, 37.927, 37.55, 37.274, 37.336, 37.772, 38.6, 39.735, 40.638, 40.8, 40.543, 40.34, 40.152, 40.057, 40.205, 40.538, 40.787, 40.734, 40.396, 40.015, 39.876, 39.843, 39.571, 39.293, 39.378, 39.59, 39.645, 39.477, 39.155, 38.814, 38.601, 38.486, 38.267, 37.97, 37.979, 38.208, 38.244, 38.166, 38.158, 38.082, 15.372], [15.309, 12.785, 9.36, 4.816, 0.0, 4.602, 8.822, 12.148, 14.413, 15.854, 17.142, 18.994, 21.472, 23.992, 25.964, 27.129, 27.961, 28.921, 29.652, 29.834, 29.756, 29.937, 30.55, 31.341, 31.954, 32.571, 33.179, 33.483, 33.409, 33.224, 33.212, 33.532, 34.144, 34.714, 34.891, 34.773, 34.861, 35.175, 35.468, 35.601, 35.592, 35.708, 35.972, 36.098, 36.097, 36.122, 36.233, 36.531, 36.904, 37.066, 36.94, 36.791, 36.7, 36.81, 36.958, 36.948, 36.869, 36.76, 36.523, 36.18, 35.974, 36.027, 35.993, 35.67, 35.129, 34.862, 35.207, 35.711, 36.1, 36.167, 35.995, 35.937, 36.046, 36.18, 36.306, 36.513, 36.825, 37.088, 37.177, 37.135, 37.159, 37.399, 37.656, 37.693, 37.755, 38.253, 39.25, 40.374, 41.384, 42.111, 42.467, 42.494, 42.249, 41.877, 41.58, 41.526, 41.457, 41.305, 41.038, 40.626, 40.435, 40.67, 40.63, 39.874, 38.999, 38.481, 38.066, 37.642, 37.249, 37.023, 37.109, 37.439, 37.631, 37.316, 36.616, 36.261, 36.684, 37.41, 37.664, 37.295, 37.021, 37.073, 37.5, 38.329, 39.466, 40.367, 40.52, 40.255, 40.052, 39.878, 39.802, 39.966, 40.299, 40.536, 40.468, 40.111, 39.725, 39.604, 39.593, 39.329, 39.05, 39.134, 39.357, 39.431, 39.278, 38.959, 38.616, 38.403, 38.293, 38.077, 37.784, 37.8, 38.031, 38.064, 37.979, 37.962, 37.875, 17.854], [17.25, 14.903, 12.098, 8.582, 4.602, 0.0, 4.939, 9.14, 11.994, 13.641, 14.935, 16.85, 19.532, 22.297, 24.443, 25.693, 26.589, 27.636, 28.445, 28.667, 28.609, 28.814, 29.453, 30.268, 30.905, 31.57, 32.245, 32.608, 32.573, 32.412, 32.423, 32.788, 33.474, 34.119, 34.339, 34.239, 34.347, 34.682, 34.994, 35.142, 35.137, 35.254, 35.516, 35.638, 35.634, 35.658, 35.772, 36.083, 36.471, 36.641, 36.521, 36.382, 36.299, 36.413, 36.554, 36.543, 36.473, 36.369, 36.119, 35.762, 35.56, 35.625, 35.587, 35.244, 34.684, 34.423, 34.804, 35.341, 35.738, 35.797, 35.619, 35.565, 35.687, 35.834, 35.973, 36.195, 36.527, 36.81, 36.911, 36.871, 36.898, 37.145, 37.414, 37.461, 37.527, 38.02, 39.016, 40.146, 41.156, 41.875, 42.223, 42.249, 42.008, 41.636, 41.33, 41.268, 41.194, 41.035, 40.755, 40.327, 40.137, 40.393, 40.365, 39.596, 38.702, 38.174, 37.747, 37.305, 36.885, 36.638, 36.729, 37.079, 37.278, 36.953, 36.234, 35.874, 36.311, 37.057, 37.326, 36.97, 36.707, 36.751, 37.167, 37.994, 39.141, 40.049, 40.198, 39.925, 39.713, 39.531, 39.454, 39.635, 39.978, 40.211, 40.132, 39.755, 39.354, 39.247, 39.257, 39.003, 38.727, 38.817, 39.058, 39.152, 39.008, 38.69, 38.345, 38.131, 38.021, 37.804, 37.508, 37.523, 37.755, 37.782, 37.685, 37.656, 37.563, 19.64], [18.956, 16.696, 14.283, 11.679, 8.822, 4.939, 0.0, 4.833, 8.501, 10.758, 12.358, 14.422, 17.3, 20.319, 22.653, 23.99, 24.948, 26.082, 26.968, 27.235, 27.208, 27.438, 28.103, 28.951, 29.639, 30.383, 31.15, 31.6, 31.643, 31.541, 31.595, 32.015, 32.783, 33.528, 33.844, 33.81, 33.955, 34.308, 34.636, 34.812, 34.847, 34.99, 35.254, 35.364, 35.345, 35.359, 35.477, 35.813, 36.243, 36.447, 36.342, 36.211, 36.136, 36.252, 36.39, 36.384, 36.329, 36.23, 35.964, 35.595, 35.401, 35.477, 35.431, 35.065, 34.483, 34.218, 34.611, 35.161, 35.564, 35.625, 35.448, 35.392, 35.513, 35.662, 35.811, 36.051, 36.403, 36.702, 36.813, 36.778, 36.806, 37.055, 37.329, 37.39, 37.474, 37.972, 38.964, 40.091, 41.098, 41.81, 42.152, 42.178, 41.942, 41.573, 41.264, 41.198, 41.123, 40.96, 40.666, 40.22, 40.019, 40.279, 40.253, 39.475, 38.57, 38.042, 37.621, 37.173, 36.734, 36.459, 36.536, 36.891, 37.099, 36.776, 36.05, 35.684, 36.124, 36.878, 37.155, 36.812, 36.556, 36.594, 36.996, 37.816, 38.965, 39.871, 40.012, 39.732, 39.514, 39.318, 39.239, 39.439, 39.797, 40.026, 39.94, 39.559, 39.151, 39.044, 39.059, 38.815, 38.555, 38.659, 38.913, 39.015, 38.873, 38.556, 38.213, 37.998, 37.885, 37.665, 37.368, 37.382, 37.61, 37.628, 37.521, 37.485, 37.391, 21.144], [20.692, 18.573, 16.367, 14.238, 12.148, 9.14, 4.833, 0.0, 4.258, 7.35, 9.692, 12.177, 15.235, 18.379, 20.816, 22.202, 23.19, 24.383, 25.343, 25.674, 25.7, 25.962, 26.652, 27.546, 28.314, 29.16, 30.026, 30.577, 30.717, 30.684, 30.782, 31.252, 32.092, 32.935, 33.372, 33.445, 33.653, 34.026, 34.364, 34.579, 34.682, 34.884, 35.167, 35.27, 35.237, 35.233, 35.346, 35.717, 36.218, 36.49, 36.427, 36.316, 36.248, 36.367, 36.506, 36.514, 36.477, 36.385, 36.11, 35.731, 35.54, 35.624, 35.575, 35.197, 34.604, 34.322, 34.686, 35.209, 35.602, 35.671, 35.506, 35.451, 35.56, 35.698, 35.845, 36.088, 36.443, 36.748, 36.867, 36.836, 36.86, 37.096, 37.363, 37.436, 37.54, 38.043, 39.028, 40.147, 41.151, 41.86, 42.197, 42.222, 41.991, 41.622, 41.306, 41.235, 41.16, 40.995, 40.694, 40.235, 40.02, 40.273, 40.244, 39.468, 38.569, 38.057, 37.653, 37.215, 36.783, 36.502, 36.562, 36.902, 37.112, 36.801, 36.081, 35.707, 36.125, 36.863, 37.134, 36.796, 36.537, 36.567, 36.966, 37.786, 38.929, 39.819, 39.943, 39.655, 39.433, 39.234, 39.162, 39.382, 39.748, 39.97, 39.889, 39.525, 39.125, 39.007, 39.008, 38.771, 38.534, 38.655, 38.914, 39.015, 38.876, 38.568, 38.233, 38.018, 37.9, 37.683, 37.399, 37.419, 37.641, 37.652, 37.538, 37.499, 37.413, 22.614], [22.296, 20.321, 18.239, 16.238, 14.413, 11.994, 8.501, 4.258, 0.0, 3.714, 6.999, 10.246, 13.642, 16.842, 19.27, 20.649, 21.65, 22.895, 23.927, 24.337, 24.443, 24.766, 25.499, 26.453, 27.305, 28.243, 29.193, 29.836, 30.064, 30.079, 30.194, 30.683, 31.565, 32.475, 33.0, 33.164, 33.438, 33.838, 34.184, 34.426, 34.591, 34.865, 35.191, 35.311, 35.275, 35.254, 35.358, 35.758, 36.323, 36.658, 36.638, 36.544, 36.477, 36.591, 36.727, 36.743, 36.719, 36.635, 36.36, 35.978, 35.79, 35.88, 35.835, 35.456, 34.86, 34.567, 34.9, 35.391, 35.766, 35.84, 35.689, 35.641, 35.745, 35.869, 36.005, 36.237, 36.581, 36.883, 37.007, 36.98, 36.996, 37.212, 37.466, 37.547, 37.665, 38.169, 39.142, 40.249, 41.247, 41.951, 42.283, 42.306, 42.075, 41.699, 41.369, 41.287, 41.211, 41.047, 40.74, 40.271, 40.046, 40.295, 40.27, 39.504, 38.62, 38.124, 37.734, 37.31, 36.899, 36.631, 36.685, 37.008, 37.212, 36.91, 36.205, 35.826, 36.217, 36.929, 37.187, 36.843, 36.571, 36.594, 36.998, 37.818, 38.946, 39.811, 39.916, 39.622, 39.402, 39.207, 39.147, 39.381, 39.75, 39.964, 39.888, 39.546, 39.159, 39.037, 39.028, 38.797, 38.581, 38.715, 38.976, 39.078, 38.951, 38.66, 38.337, 38.124, 38.006, 37.798, 37.535, 37.567, 37.785, 37.789, 37.673, 37.637, 37.559, 24.031], [23.548, 21.655, 19.672, 17.7, 15.854, 13.641, 10.758, 7.35, 3.714, 0.0, 3.924, 8.065, 12.142, 15.629, 18.091, 19.446, 20.486, 21.838, 22.97, 23.459, 23.649, 24.062, 24.874, 25.891, 26.801, 27.793, 28.805, 29.526, 29.819, 29.859, 29.964, 30.444, 31.344, 32.292, 32.862, 33.074, 33.388, 33.808, 34.161, 34.414, 34.61, 34.929, 35.296, 35.443, 35.417, 35.389, 35.486, 35.898, 36.492, 36.852, 36.841, 36.745, 36.668, 36.768, 36.891, 36.905, 36.891, 36.818, 36.551, 36.177, 35.994, 36.087, 36.045, 35.671, 35.084, 34.794, 35.117, 35.593, 35.955, 36.025, 35.881, 35.842, 35.948, 36.067, 36.194, 36.413, 36.744, 37.041, 37.165, 37.14, 37.15, 37.353, 37.599, 37.686, 37.815, 38.323, 39.287, 40.384, 41.375, 42.074, 42.401, 42.422, 42.189, 41.805, 41.46, 41.369, 41.295, 41.133, 40.821, 40.338, 40.099, 40.348, 40.331, 39.573, 38.698, 38.211, 37.827, 37.409, 37.008, 36.746, 36.799, 37.116, 37.312, 37.013, 36.318, 35.941, 36.318, 37.012, 37.258, 36.908, 36.627, 36.648, 37.055, 37.863, 38.963, 39.802, 39.893, 39.596, 39.381, 39.193, 39.141, 39.383, 39.752, 39.958, 39.881, 39.546, 39.172, 39.066, 39.071, 38.858, 38.66, 38.803, 39.068, 39.178, 39.067, 38.792, 38.479, 38.271, 38.158, 37.959, 37.71, 37.748, 37.96, 37.958, 37.842, 37.811, 37.744, 25.223], [24.608, 22.764, 20.897, 19.015, 17.142, 14.935, 12.358, 9.692, 6.999, 3.924, 0.0, 4.788, 9.758, 13.94, 16.708, 18.135, 19.278, 20.829, 22.121, 22.688, 22.945, 23.464, 24.399, 25.503, 26.451, 27.471, 28.532, 29.317, 29.661, 29.718, 29.816, 30.289, 31.203, 32.184, 32.785, 33.025, 33.365, 33.801, 34.164, 34.424, 34.63, 34.968, 35.356, 35.52, 35.501, 35.472, 35.565, 35.979, 36.577, 36.932, 36.9, 36.777, 36.682, 36.769, 36.878, 36.883, 36.873, 36.809, 36.556, 36.199, 36.027, 36.121, 36.078, 35.707, 35.127, 34.843, 35.169, 35.649, 36.008, 36.072, 35.922, 35.883, 35.993, 36.115, 36.244, 36.461, 36.789, 37.084, 37.209, 37.182, 37.189, 37.388, 37.632, 37.725, 37.869, 38.388, 39.352, 40.445, 41.437, 42.134, 42.457, 42.475, 42.237, 41.84, 41.481, 41.387, 41.32, 41.162, 40.844, 40.342, 40.088, 40.341, 40.334, 39.582, 38.71, 38.226, 37.843, 37.423, 37.014, 36.741, 36.79, 37.107, 37.3, 36.999, 36.307, 35.934, 36.309, 36.999, 37.239, 36.89, 36.613, 36.633, 37.035, 37.828, 38.908, 39.731, 39.812, 39.512, 39.299, 39.109, 39.057, 39.308, 39.681, 39.882, 39.795, 39.453, 39.083, 39.003, 39.041, 38.852, 38.666, 38.816, 39.09, 39.211, 39.108, 38.838, 38.527, 38.323, 38.214, 38.018, 37.769, 37.807, 38.017, 38.013, 37.897, 37.871, 37.816, 26.263], [25.911, 24.141, 22.439, 20.75, 18.994, 16.85, 14.422, 12.177, 10.246, 8.065, 4.788, 0.0, 5.655, 10.795, 14.255, 16.027, 17.44, 19.317, 20.855, 21.532, 21.848, 22.478, 23.575, 24.807, 25.813, 26.868, 27.986, 28.836, 29.226, 29.308, 29.418, 29.91, 30.856, 31.874, 32.515, 32.792, 33.164, 33.622, 33.998, 34.271, 34.495, 34.853, 35.255, 35.416, 35.386, 35.35, 35.443, 35.862, 36.466, 36.811, 36.744, 36.58, 36.468, 36.557, 36.665, 36.665, 36.654, 36.593, 36.348, 36.009, 35.856, 35.956, 35.912, 35.54, 34.96, 34.672, 34.998, 35.486, 35.855, 35.918, 35.759, 35.712, 35.818, 35.942, 36.079, 36.301, 36.636, 36.937, 37.064, 37.035, 37.037, 37.235, 37.483, 37.585, 37.747, 38.277, 39.245, 40.348, 41.347, 42.044, 42.364, 42.377, 42.125, 41.71, 41.335, 41.243, 41.188, 41.036, 40.71, 40.193, 39.929, 40.191, 40.202, 39.462, 38.596, 38.114, 37.734, 37.312, 36.892, 36.601, 36.632, 36.941, 37.134, 36.833, 36.145, 35.776, 36.155, 36.847, 37.089, 36.748, 36.478, 36.493, 36.885, 37.679, 38.771, 39.597, 39.667, 39.359, 39.143, 38.94, 38.879, 39.138, 39.517, 39.716, 39.625, 39.272, 38.891, 38.821, 38.879, 38.702, 38.52, 38.675, 38.957, 39.085, 38.979, 38.699, 38.381, 38.176, 38.066, 37.865, 37.608, 37.646, 37.866, 37.868, 37.752, 37.728, 37.681, 27.492], [27.624, 25.978, 24.473, 23.02, 21.472, 19.532, 17.3, 15.235, 13.642, 12.142, 9.758, 5.655, 0.0, 5.886, 10.291, 12.87, 14.986, 17.402, 19.254, 20.078, 20.478, 21.222, 22.474, 23.847, 24.943, 26.071, 27.276, 28.211, 28.663, 28.784, 28.934, 29.475, 30.466, 31.522, 32.205, 32.536, 32.95, 33.428, 33.812, 34.099, 34.351, 34.742, 35.154, 35.304, 35.257, 35.215, 35.317, 35.754, 36.373, 36.717, 36.626, 36.434, 36.314, 36.408, 36.517, 36.515, 36.502, 36.44, 36.201, 35.881, 35.753, 35.866, 35.822, 35.45, 34.871, 34.58, 34.896, 35.377, 35.75, 35.825, 35.674, 35.623, 35.718, 35.831, 35.967, 36.189, 36.523, 36.826, 36.954, 36.922, 36.915, 37.106, 37.358, 37.481, 37.66, 38.191, 39.156, 40.261, 41.263, 41.955, 42.267, 42.27, 42.008, 41.583, 41.201, 41.113, 41.068, 40.925, 40.602, 40.083, 39.816, 40.083, 40.11, 39.386, 38.529, 38.054, 37.683, 37.27, 36.847, 36.537, 36.534, 36.819, 37.007, 36.717, 36.042, 35.679, 36.053, 36.737, 36.98, 36.647, 36.387, 36.408, 36.806, 37.619, 38.732, 39.561, 39.622, 39.309, 39.083, 38.858, 38.782, 39.043, 39.426, 39.62, 39.528, 39.174, 38.78, 38.695, 38.746, 38.566, 38.385, 38.543, 38.831, 38.96, 38.851, 38.564, 38.245, 38.042, 37.935, 37.734, 37.479, 37.529, 37.765, 37.774, 37.658, 37.635, 37.59, 29.069], [29.43, 27.925, 26.598, 25.342, 23.992, 22.297, 20.319, 18.379, 16.842, 15.629, 13.94, 10.795, 5.886, 0.0, 5.157, 8.969, 12.405, 15.641, 17.838, 18.837, 19.375, 20.236, 21.583, 23.053, 24.256, 25.506, 26.841, 27.901, 28.455, 28.645, 28.848, 29.439, 30.474, 31.563, 32.297, 32.698, 33.162, 33.649, 34.028, 34.326, 34.611, 35.031, 35.448, 35.596, 35.551, 35.515, 35.633, 36.087, 36.717, 37.07, 36.993, 36.808, 36.678, 36.749, 36.839, 36.833, 36.824, 36.764, 36.531, 36.227, 36.118, 36.24, 36.193, 35.823, 35.262, 34.988, 35.285, 35.73, 36.083, 36.169, 36.045, 36.006, 36.09, 36.181, 36.297, 36.502, 36.818, 37.112, 37.241, 37.21, 37.193, 37.366, 37.618, 37.763, 37.957, 38.477, 39.418, 40.499, 41.476, 42.144, 42.441, 42.438, 42.184, 41.771, 41.396, 41.308, 41.267, 41.137, 40.831, 40.321, 40.05, 40.303, 40.333, 39.628, 38.788, 38.323, 37.965, 37.571, 37.159, 36.83, 36.781, 37.024, 37.201, 36.929, 36.278, 35.918, 36.262, 36.906, 37.125, 36.797, 36.562, 36.621, 37.051, 37.88, 38.985, 39.796, 39.852, 39.543, 39.303, 39.059, 38.978, 39.244, 39.63, 39.82, 39.734, 39.398, 39.009, 38.906, 38.936, 38.758, 38.588, 38.747, 39.031, 39.16, 39.059, 38.788, 38.486, 38.297, 38.202, 38.022, 37.799, 37.873, 38.117, 38.133, 38.023, 38.0, 37.957, 30.741], [30.936, 29.533, 28.318, 27.182, 25.964, 24.443, 22.653, 20.816, 19.27, 18.091, 16.708, 14.255, 10.291, 5.157, 0.0, 4.839, 9.739, 13.955, 16.596, 17.823, 18.528, 19.495, 20.885, 22.402, 23.707, 25.097, 26.585, 27.802, 28.497, 28.78, 29.029, 29.65, 30.721, 31.861, 32.675, 33.173, 33.703, 34.205, 34.578, 34.887, 35.209, 35.659, 36.085, 36.242, 36.209, 36.179, 36.305, 36.772, 37.413, 37.785, 37.742, 37.585, 37.445, 37.48, 37.544, 37.538, 37.535, 37.479, 37.25, 36.956, 36.859, 36.976, 36.919, 36.552, 36.021, 35.778, 36.052, 36.442, 36.752, 36.834, 36.733, 36.711, 36.787, 36.859, 36.961, 37.149, 37.443, 37.722, 37.849, 37.82, 37.796, 37.949, 38.192, 38.346, 38.545, 39.051, 39.957, 40.994, 41.929, 42.565, 42.845, 42.845, 42.609, 42.217, 41.854, 41.763, 41.726, 41.61, 41.325, 40.832, 40.555, 40.785, 40.81, 40.126, 39.312, 38.863, 38.519, 38.145, 37.752, 37.417, 37.334, 37.541, 37.703, 37.448, 36.829, 36.478, 36.784, 37.37, 37.551, 37.232, 37.039, 37.146, 37.599, 38.418, 39.487, 40.269, 40.327, 40.029, 39.78, 39.527, 39.449, 39.726, 40.12, 40.307, 40.229, 39.919, 39.547, 39.436, 39.458, 39.295, 39.148, 39.308, 39.582, 39.711, 39.623, 39.374, 39.095, 38.922, 38.843, 38.691, 38.505, 38.597, 38.838, 38.856, 38.754, 38.737, 38.702, 32.161], [31.875, 30.534, 29.373, 28.286, 27.129, 25.693, 23.99, 22.202, 20.649, 19.446, 18.135, 16.027, 12.87, 8.969, 4.839, 0.0, 5.764, 10.95, 14.291, 15.938, 16.864, 17.942, 19.403, 21.016, 22.464, 24.027, 25.69, 27.088, 27.955, 28.355, 28.655, 29.304, 30.419, 31.635, 32.564, 33.2, 33.837, 34.381, 34.761, 35.09, 35.46, 35.96, 36.417, 36.584, 36.545, 36.507, 36.644, 37.141, 37.818, 38.224, 38.216, 38.092, 37.962, 37.981, 38.035, 38.033, 38.032, 37.975, 37.744, 37.45, 37.354, 37.464, 37.392, 37.022, 36.516, 36.305, 36.57, 36.92, 37.193, 37.264, 37.169, 37.15, 37.221, 37.289, 37.397, 37.582, 37.865, 38.14, 38.265, 38.234, 38.203, 38.343, 38.581, 38.74, 38.944, 39.444, 40.324, 41.326, 42.228, 42.841, 43.111, 43.112, 42.888, 42.503, 42.134, 42.04, 42.007, 41.9, 41.625, 41.136, 40.848, 41.06, 41.086, 40.428, 39.645, 39.211, 38.874, 38.508, 38.136, 37.824, 37.743, 37.936, 38.089, 37.848, 37.26, 36.92, 37.205, 37.752, 37.906, 37.598, 37.432, 37.56, 38.019, 38.829, 39.882, 40.65, 40.706, 40.404, 40.146, 39.899, 39.834, 40.122, 40.517, 40.696, 40.618, 40.316, 39.946, 39.828, 39.851, 39.711, 39.588, 39.752, 40.019, 40.145, 40.063, 39.823, 39.551, 39.385, 39.313, 39.176, 39.011, 39.112, 39.352, 39.368, 39.269, 39.257, 39.228, 33.039], [32.52, 31.242, 30.13, 29.076, 27.961, 26.589, 24.948, 23.19, 21.65, 20.486, 19.278, 17.44, 14.986, 12.405, 9.739, 5.764, 0.0, 5.88, 10.169, 12.597, 13.948, 15.194, 16.784, 18.602, 20.308, 22.129, 24.014, 25.611, 26.663, 27.193, 27.565, 28.259, 29.423, 30.711, 31.758, 32.556, 33.341, 33.96, 34.359, 34.712, 35.146, 35.732, 36.247, 36.417, 36.346, 36.292, 36.449, 36.993, 37.729, 38.191, 38.236, 38.173, 38.084, 38.11, 38.161, 38.165, 38.17, 38.108, 37.87, 37.563, 37.461, 37.566, 37.487, 37.114, 36.62, 36.43, 36.698, 37.04, 37.307, 37.374, 37.272, 37.24, 37.303, 37.378, 37.506, 37.702, 37.989, 38.271, 38.397, 38.364, 38.33, 38.468, 38.712, 38.884, 39.101, 39.607, 40.474, 41.449, 42.326, 42.917, 43.175, 43.175, 42.952, 42.555, 42.158, 42.05, 42.018, 41.913, 41.632, 41.125, 40.817, 41.017, 41.057, 40.431, 39.681, 39.268, 38.935, 38.571, 38.219, 37.954, 37.906, 38.101, 38.249, 38.024, 37.472, 37.151, 37.427, 37.958, 38.104, 37.805, 37.645, 37.764, 38.215, 39.03, 40.094, 40.868, 40.917, 40.595, 40.323, 40.09, 40.054, 40.36, 40.746, 40.908, 40.826, 40.524, 40.144, 40.01, 40.027, 39.897, 39.79, 39.957, 40.216, 40.332, 40.243, 40.002, 39.729, 39.558, 39.477, 39.34, 39.189, 39.312, 39.564, 39.582, 39.48, 39.465, 39.435, 33.606], [33.212, 32.006, 30.962, 29.967, 28.921, 27.636, 26.082, 24.383, 22.895, 21.838, 20.829, 19.317, 17.402, 15.641, 13.955, 10.95, 5.88, 0.0, 5.052, 8.503, 10.642, 12.243, 13.958, 15.975, 18.002, 20.167, 22.319, 24.117, 25.34, 25.992, 26.43, 27.167, 28.371, 29.71, 30.845, 31.78, 32.702, 33.392, 33.805, 34.174, 34.67, 35.35, 35.931, 36.106, 36.01, 35.951, 36.136, 36.725, 37.518, 38.056, 38.192, 38.227, 38.202, 38.239, 38.28, 38.286, 38.297, 38.235, 37.984, 37.655, 37.544, 37.65, 37.575, 37.207, 36.723, 36.547, 36.825, 37.179, 37.462, 37.541, 37.434, 37.388, 37.442, 37.521, 37.665, 37.872, 38.167, 38.459, 38.587, 38.556, 38.532, 38.674, 38.922, 39.104, 39.333, 39.847, 40.694, 41.628, 42.462, 43.02, 43.263, 43.264, 43.041, 42.627, 42.192, 42.058, 42.018, 41.914, 41.624, 41.094, 40.76, 40.951, 41.007, 40.413, 39.7, 39.321, 39.007, 38.651, 38.322, 38.109, 38.103, 38.303, 38.449, 38.249, 37.756, 37.482, 37.768, 38.289, 38.426, 38.133, 37.968, 38.06, 38.487, 39.297, 40.363, 41.142, 41.195, 40.869, 40.585, 40.361, 40.352, 40.678, 41.056, 41.193, 41.094, 40.788, 40.409, 40.265, 40.271, 40.141, 40.04, 40.206, 40.455, 40.553, 40.452, 40.208, 39.935, 39.756, 39.661, 39.517, 39.381, 39.526, 39.79, 39.809, 39.7, 39.675, 39.639, 34.226], [33.699, 32.541, 31.552, 30.622, 29.652, 28.445, 26.968, 25.343, 23.927, 22.97, 22.121, 20.855, 19.254, 17.838, 16.596, 14.291, 10.169, 5.052, 0.0, 4.217, 7.377, 9.65, 11.58, 13.69, 15.947, 18.446, 20.876, 22.864, 24.233, 24.977, 25.452, 26.209, 27.454, 28.85, 30.053, 31.071, 32.072, 32.804, 33.227, 33.612, 34.162, 34.916, 35.551, 35.751, 35.666, 35.623, 35.836, 36.462, 37.297, 37.892, 38.117, 38.253, 38.291, 38.339, 38.368, 38.366, 38.375, 38.308, 38.043, 37.698, 37.577, 37.682, 37.609, 37.247, 36.774, 36.616, 36.914, 37.29, 37.59, 37.68, 37.577, 37.53, 37.581, 37.657, 37.797, 38.002, 38.302, 38.603, 38.735, 38.711, 38.698, 38.84, 39.082, 39.263, 39.496, 40.007, 40.832, 41.726, 42.52, 43.054, 43.291, 43.296, 43.074, 42.647, 42.188, 42.03, 41.982, 41.881, 41.591, 41.054, 40.714, 40.909, 40.98, 40.409, 39.721, 39.371, 39.08, 38.74, 38.433, 38.257, 38.281, 38.49, 38.639, 38.459, 38.014, 37.789, 38.093, 38.603, 38.722, 38.415, 38.23, 38.293, 38.693, 39.483, 40.534, 41.309, 41.373, 41.058, 40.775, 40.55, 40.551, 40.887, 41.261, 41.379, 41.266, 40.962, 40.593, 40.454, 40.456, 40.325, 40.227, 40.394, 40.635, 40.719, 40.606, 40.357, 40.083, 39.899, 39.795, 39.646, 39.51, 39.654, 39.915, 39.93, 39.816, 39.785, 39.745, 34.678], [33.738, 32.593, 31.632, 30.753, 29.834, 28.667, 27.235, 25.674, 24.337, 23.459, 22.688, 21.532, 20.078, 18.837, 17.823, 15.938, 12.597, 8.503, 4.217, 0.0, 3.866, 6.971, 9.453, 11.772, 14.123, 16.833, 19.501, 21.659, 23.134, 23.937, 24.442, 25.235, 26.535, 27.992, 29.245, 30.301, 31.336, 32.092, 32.53, 32.938, 33.524, 34.32, 34.993, 35.222, 35.159, 35.136, 35.37, 36.023, 36.89, 37.519, 37.8, 38.003, 38.091, 38.162, 38.197, 38.196, 38.203, 38.13, 37.859, 37.512, 37.389, 37.494, 37.419, 37.051, 36.571, 36.415, 36.728, 37.122, 37.435, 37.527, 37.427, 37.384, 37.437, 37.51, 37.644, 37.846, 38.154, 38.466, 38.601, 38.578, 38.567, 38.708, 38.942, 39.114, 39.339, 39.845, 40.669, 41.561, 42.354, 42.894, 43.138, 43.145, 42.92, 42.49, 42.027, 41.864, 41.812, 41.712, 41.427, 40.897, 40.574, 40.794, 40.881, 40.31, 39.622, 39.278, 38.994, 38.656, 38.349, 38.18, 38.222, 38.445, 38.596, 38.416, 37.984, 37.786, 38.113, 38.628, 38.737, 38.413, 38.21, 38.25, 38.63, 39.41, 40.463, 41.242, 41.312, 41.006, 40.729, 40.499, 40.495, 40.834, 41.213, 41.332, 41.218, 40.914, 40.548, 40.415, 40.417, 40.278, 40.172, 40.336, 40.573, 40.649, 40.527, 40.268, 39.986, 39.796, 39.688, 39.532, 39.381, 39.508, 39.759, 39.769, 39.654, 39.626, 39.591, 34.695], [33.551, 32.418, 31.479, 30.642, 29.756, 28.609, 27.208, 25.7, 24.443, 23.649, 22.945, 21.848, 20.478, 19.375, 18.528, 16.864, 13.948, 10.642, 7.377, 3.866, 0.0, 3.724, 7.039, 9.917, 12.455, 15.297, 18.123, 20.407, 21.96, 22.816, 23.395, 24.285, 25.667, 27.176, 28.466, 29.548, 30.605, 31.381, 31.839, 32.266, 32.865, 33.673, 34.363, 34.608, 34.558, 34.549, 34.797, 35.469, 36.364, 37.03, 37.35, 37.588, 37.705, 37.806, 37.867, 37.884, 37.894, 37.816, 37.541, 37.196, 37.078, 37.186, 37.109, 36.73, 36.234, 36.065, 36.379, 36.784, 37.107, 37.202, 37.1, 37.057, 37.112, 37.188, 37.326, 37.537, 37.855, 38.173, 38.31, 38.281, 38.265, 38.403, 38.63, 38.789, 39.004, 39.51, 40.347, 41.259, 42.077, 42.639, 42.894, 42.9, 42.67, 42.24, 41.785, 41.626, 41.573, 41.472, 41.189, 40.666, 40.358, 40.602, 40.695, 40.112, 39.409, 39.058, 38.768, 38.418, 38.097, 37.928, 37.984, 38.219, 38.371, 38.179, 37.738, 37.556, 37.91, 38.44, 38.547, 38.213, 38.001, 38.022, 38.379, 39.156, 40.226, 41.022, 41.1, 40.807, 40.544, 40.311, 40.297, 40.639, 41.032, 41.168, 41.062, 40.756, 40.385, 40.249, 40.247, 40.092, 39.968, 40.124, 40.358, 40.433, 40.304, 40.034, 39.741, 39.545, 39.434, 39.272, 39.108, 39.219, 39.46, 39.463, 39.346, 39.324, 39.299, 34.465], [33.605, 32.506, 31.602, 30.798, 29.937, 28.814, 27.438, 25.962, 24.766, 24.062, 23.464, 22.478, 21.222, 20.236, 19.495, 17.942, 15.194, 12.243, 9.65, 6.971, 3.724, 0.0, 3.945, 7.599, 10.712, 13.896, 16.877, 19.231, 20.848, 21.793, 22.503, 23.535, 25.015, 26.577, 27.914, 29.049, 30.144, 30.941, 31.412, 31.85, 32.456, 33.271, 33.971, 34.224, 34.185, 34.19, 34.449, 35.127, 36.035, 36.733, 37.092, 37.355, 37.482, 37.594, 37.671, 37.704, 37.722, 37.645, 37.369, 37.03, 36.925, 37.042, 36.967, 36.586, 36.088, 35.921, 36.232, 36.637, 36.967, 37.067, 36.966, 36.918, 36.969, 37.047, 37.194, 37.415, 37.735, 38.05, 38.183, 38.154, 38.142, 38.281, 38.502, 38.652, 38.863, 39.37, 40.208, 41.117, 41.935, 42.502, 42.761, 42.764, 42.529, 42.1, 41.647, 41.489, 41.435, 41.336, 41.058, 40.538, 40.232, 40.472, 40.559, 39.971, 39.268, 38.92, 38.633, 38.284, 37.967, 37.811, 37.884, 38.127, 38.276, 38.078, 37.641, 37.481, 37.86, 38.396, 38.495, 38.155, 37.937, 37.935, 38.258, 39.014, 40.084, 40.891, 40.987, 40.72, 40.481, 40.246, 40.221, 40.558, 40.961, 41.112, 41.015, 40.718, 40.351, 40.21, 40.2, 40.034, 39.9, 40.047, 40.277, 40.351, 40.222, 39.951, 39.656, 39.457, 39.345, 39.185, 39.019, 39.12, 39.348, 39.342, 39.219, 39.197, 39.176, 34.464], [34.084, 33.036, 32.174, 31.394, 30.55, 29.453, 28.103, 26.652, 25.499, 24.874, 24.399, 23.575, 22.474, 21.583, 20.885, 19.403, 16.784, 13.958, 11.58, 9.453, 7.039, 3.945, 0.0, 4.258, 8.347, 12.335, 15.672, 18.125, 19.822, 20.91, 21.8, 22.992, 24.575, 26.205, 27.613, 28.828, 29.978, 30.793, 31.266, 31.711, 32.332, 33.162, 33.874, 34.146, 34.131, 34.16, 34.435, 35.113, 36.016, 36.728, 37.127, 37.429, 37.569, 37.675, 37.745, 37.779, 37.805, 37.737, 37.468, 37.148, 37.071, 37.208, 37.142, 36.771, 36.29, 36.145, 36.452, 36.84, 37.162, 37.262, 37.163, 37.113, 37.156, 37.227, 37.37, 37.588, 37.9, 38.204, 38.331, 38.308, 38.311, 38.456, 38.671, 38.816, 39.025, 39.525, 40.343, 41.215, 41.995, 42.544, 42.8, 42.803, 42.569, 42.143, 41.691, 41.527, 41.47, 41.377, 41.109, 40.599, 40.286, 40.503, 40.58, 40.006, 39.323, 38.99, 38.718, 38.389, 38.095, 37.958, 38.041, 38.286, 38.436, 38.25, 37.842, 37.713, 38.101, 38.622, 38.702, 38.354, 38.131, 38.108, 38.399, 39.125, 40.172, 40.973, 41.087, 40.85, 40.629, 40.396, 40.365, 40.696, 41.099, 41.252, 41.16, 40.878, 40.526, 40.388, 40.373, 40.211, 40.081, 40.222, 40.445, 40.516, 40.389, 40.128, 39.844, 39.651, 39.542, 39.389, 39.229, 39.322, 39.537, 39.523, 39.397, 39.368, 39.342, 34.904], [34.746, 33.751, 32.932, 32.172, 31.341, 30.268, 28.951, 27.546, 26.453, 25.891, 25.503, 24.807, 23.847, 23.053, 22.402, 21.016, 18.602, 15.975, 13.69, 11.772, 9.917, 7.599, 4.258, 0.0, 4.921, 9.907, 13.904, 16.707, 18.617, 19.898, 20.994, 22.363, 24.068, 25.786, 27.278, 28.574, 29.771, 30.594, 31.068, 31.527, 32.176, 33.028, 33.756, 34.051, 34.068, 34.128, 34.423, 35.109, 36.015, 36.746, 37.196, 37.557, 37.736, 37.847, 37.904, 37.927, 37.958, 37.906, 37.658, 37.37, 37.333, 37.497, 37.441, 37.079, 36.616, 36.494, 36.798, 37.162, 37.46, 37.548, 37.453, 37.408, 37.447, 37.508, 37.64, 37.852, 38.155, 38.451, 38.572, 38.552, 38.567, 38.716, 38.926, 39.063, 39.261, 39.743, 40.525, 41.349, 42.088, 42.621, 42.876, 42.881, 42.653, 42.238, 41.793, 41.628, 41.57, 41.481, 41.221, 40.719, 40.395, 40.587, 40.659, 40.111, 39.458, 39.145, 38.889, 38.578, 38.296, 38.158, 38.236, 38.481, 38.636, 38.47, 38.096, 37.99, 38.374, 38.875, 38.936, 38.588, 38.372, 38.348, 38.628, 39.333, 40.348, 41.127, 41.242, 41.023, 40.815, 40.59, 40.563, 40.893, 41.294, 41.444, 41.356, 41.088, 40.752, 40.621, 40.609, 40.459, 40.34, 40.48, 40.695, 40.759, 40.634, 40.384, 40.116, 39.934, 39.828, 39.681, 39.529, 39.618, 39.823, 39.806, 39.679, 39.645, 39.613, 35.535], [35.231, 34.278, 33.497, 32.766, 31.954, 30.905, 29.639, 28.314, 27.305, 26.801, 26.451, 25.813, 24.943, 24.256, 23.707, 22.464, 20.308, 18.002, 15.947, 14.123, 12.455, 10.712, 8.347, 4.921, 0.0, 5.651, 10.548, 14.15, 16.559, 18.088, 19.391, 20.993, 22.89, 24.743, 26.341, 27.721, 28.966, 29.805, 30.296, 30.792, 31.485, 32.371, 33.12, 33.431, 33.469, 33.555, 33.878, 34.6, 35.555, 36.346, 36.872, 37.319, 37.566, 37.718, 37.788, 37.809, 37.845, 37.809, 37.585, 37.334, 37.338, 37.524, 37.472, 37.105, 36.639, 36.523, 36.832, 37.182, 37.455, 37.529, 37.438, 37.405, 37.453, 37.514, 37.645, 37.865, 38.179, 38.478, 38.594, 38.568, 38.584, 38.734, 38.94, 39.069, 39.253, 39.713, 40.464, 41.259, 41.99, 42.533, 42.796, 42.8, 42.574, 42.171, 41.742, 41.59, 41.537, 41.448, 41.185, 40.678, 40.343, 40.523, 40.592, 40.057, 39.425, 39.126, 38.878, 38.559, 38.255, 38.093, 38.164, 38.412, 38.571, 38.416, 38.061, 37.968, 38.351, 38.843, 38.894, 38.552, 38.355, 38.344, 38.626, 39.327, 40.331, 41.094, 41.196, 40.977, 40.783, 40.568, 40.55, 40.892, 41.3, 41.453, 41.369, 41.109, 40.783, 40.659, 40.646, 40.494, 40.378, 40.525, 40.74, 40.795, 40.662, 40.418, 40.162, 39.983, 39.872, 39.723, 39.579, 39.671, 39.869, 39.849, 39.725, 39.692, 39.66, 35.975], [35.679, 34.77, 34.031, 33.344, 32.571, 31.57, 30.383, 29.16, 28.243, 27.793, 27.471, 26.868, 26.071, 25.506, 25.097, 24.027, 22.129, 20.167, 18.446, 16.833, 15.297, 13.896, 12.335, 9.907, 5.651, 0.0, 5.612, 10.246, 13.473, 15.423, 16.988, 18.865, 21.003, 23.03, 24.772, 26.277, 27.611, 28.497, 29.031, 29.589, 30.345, 31.285, 32.066, 32.39, 32.443, 32.552, 32.909, 33.689, 34.725, 35.606, 36.23, 36.775, 37.108, 37.326, 37.439, 37.485, 37.533, 37.509, 37.303, 37.089, 37.134, 37.338, 37.284, 36.909, 36.437, 36.33, 36.657, 37.005, 37.263, 37.327, 37.238, 37.219, 37.278, 37.342, 37.477, 37.714, 38.047, 38.357, 38.472, 38.437, 38.448, 38.596, 38.798, 38.923, 39.102, 39.551, 40.284, 41.071, 41.815, 42.377, 42.645, 42.64, 42.409, 42.01, 41.596, 41.459, 41.417, 41.331, 41.064, 40.55, 40.216, 40.398, 40.462, 39.924, 39.294, 38.994, 38.74, 38.407, 38.082, 37.909, 37.984, 38.241, 38.4, 38.246, 37.897, 37.806, 38.182, 38.665, 38.708, 38.373, 38.191, 38.184, 38.458, 39.15, 40.158, 40.919, 41.002, 40.767, 40.582, 40.376, 40.364, 40.708, 41.111, 41.263, 41.181, 40.931, 40.621, 40.506, 40.488, 40.324, 40.211, 40.373, 40.593, 40.639, 40.498, 40.259, 40.01, 39.828, 39.704, 39.546, 39.405, 39.499, 39.687, 39.661, 39.542, 39.519, 39.493, 36.36], [36.064, 35.213, 34.528, 33.897, 33.179, 32.245, 31.15, 30.026, 29.193, 28.805, 28.532, 27.986, 27.276, 26.841, 26.585, 25.69, 24.014, 22.319, 20.876, 19.501, 18.123, 16.877, 15.672, 13.904, 10.548, 5.612, 0.0, 5.358, 9.528, 12.203, 14.237, 16.418, 18.757, 20.93, 22.828, 24.505, 25.983, 26.951, 27.542, 28.173, 29.009, 30.03, 30.876, 31.233, 31.309, 31.444, 31.835, 32.671, 33.787, 34.757, 35.477, 36.117, 36.529, 36.819, 36.992, 37.077, 37.143, 37.122, 36.93, 36.756, 36.84, 37.061, 37.01, 36.635, 36.165, 36.076, 36.426, 36.786, 37.043, 37.098, 37.002, 36.982, 37.043, 37.107, 37.24, 37.488, 37.835, 38.153, 38.268, 38.227, 38.237, 38.388, 38.588, 38.71, 38.892, 39.344, 40.079, 40.871, 41.629, 42.208, 42.479, 42.467, 42.23, 41.83, 41.419, 41.287, 41.252, 41.171, 40.904, 40.398, 40.081, 40.271, 40.328, 39.781, 39.139, 38.818, 38.547, 38.207, 37.883, 37.723, 37.817, 38.087, 38.249, 38.092, 37.74, 37.639, 38.002, 38.475, 38.519, 38.186, 37.995, 37.97, 38.225, 38.908, 39.928, 40.697, 40.76, 40.499, 40.312, 40.115, 40.098, 40.418, 40.785, 40.921, 40.842, 40.609, 40.32, 40.213, 40.19, 40.021, 39.913, 40.091, 40.319, 40.361, 40.215, 39.983, 39.739, 39.55, 39.411, 39.24, 39.093, 39.181, 39.359, 39.33, 39.218, 39.204, 39.181, 36.675], [36.125, 35.345, 34.725, 34.153, 33.483, 32.608, 31.6, 30.577, 29.836, 29.526, 29.317, 28.836, 28.211, 27.901, 27.802, 27.088, 25.611, 24.117, 22.864, 21.659, 20.407, 19.231, 18.125, 16.707, 14.15, 10.246, 5.358, 0.0, 4.853, 8.497, 11.381, 14.028, 16.521, 18.733, 20.715, 22.55, 24.192, 25.262, 25.91, 26.607, 27.534, 28.676, 29.633, 30.061, 30.182, 30.348, 30.764, 31.64, 32.824, 33.87, 34.665, 35.37, 35.844, 36.208, 36.451, 36.572, 36.648, 36.623, 36.437, 36.291, 36.397, 36.628, 36.585, 36.218, 35.749, 35.669, 36.045, 36.432, 36.704, 36.748, 36.628, 36.594, 36.659, 36.732, 36.87, 37.122, 37.479, 37.804, 37.921, 37.878, 37.892, 38.05, 38.251, 38.365, 38.543, 39.001, 39.75, 40.56, 41.336, 41.933, 42.213, 42.203, 41.961, 41.553, 41.134, 41.002, 40.968, 40.884, 40.613, 40.118, 39.826, 40.034, 40.086, 39.526, 38.862, 38.508, 38.213, 37.868, 37.552, 37.415, 37.534, 37.824, 37.994, 37.83, 37.46, 37.336, 37.682, 38.154, 38.207, 37.867, 37.64, 37.579, 37.822, 38.517, 39.562, 40.347, 40.402, 40.119, 39.918, 39.726, 39.703, 39.986, 40.31, 40.427, 40.35, 40.128, 39.848, 39.74, 39.717, 39.55, 39.444, 39.631, 39.865, 39.907, 39.762, 39.531, 39.288, 39.093, 38.943, 38.756, 38.592, 38.673, 38.855, 38.834, 38.729, 38.717, 38.693, 36.653], [35.847, 35.136, 34.576, 34.052, 33.409, 32.573, 31.643, 30.717, 30.064, 29.819, 29.661, 29.226, 28.663, 28.455, 28.497, 27.955, 26.663, 25.34, 24.233, 23.134, 21.96, 20.848, 19.822, 18.617, 16.559, 13.473, 9.528, 4.853, 0.0, 4.404, 8.353, 11.771, 14.546, 16.73, 18.664, 20.567, 22.341, 23.503, 24.206, 24.97, 26.002, 27.295, 28.396, 28.917, 29.09, 29.277, 29.697, 30.604, 31.855, 32.966, 33.804, 34.535, 35.057, 35.51, 35.839, 35.999, 36.078, 36.047, 35.862, 35.728, 35.837, 36.066, 36.03, 35.664, 35.18, 35.093, 35.495, 35.922, 36.219, 36.256, 36.11, 36.066, 36.143, 36.236, 36.385, 36.643, 37.01, 37.345, 37.468, 37.426, 37.442, 37.609, 37.81, 37.912, 38.083, 38.552, 39.333, 40.183, 40.998, 41.624, 41.921, 41.913, 41.664, 41.245, 40.819, 40.687, 40.653, 40.561, 40.283, 39.795, 39.531, 39.761, 39.81, 39.23, 38.536, 38.145, 37.818, 37.462, 37.147, 37.028, 37.172, 37.484, 37.659, 37.474, 37.063, 36.897, 37.219, 37.689, 37.746, 37.381, 37.1, 36.991, 37.234, 37.958, 39.037, 39.842, 39.901, 39.609, 39.393, 39.202, 39.177, 39.444, 39.751, 39.867, 39.79, 39.564, 39.275, 39.165, 39.146, 38.98, 38.871, 39.061, 39.304, 39.352, 39.205, 38.969, 38.721, 38.521, 38.368, 38.169, 37.991, 38.073, 38.27, 38.259, 38.161, 38.154, 38.125, 36.291], [35.522, 34.855, 34.342, 33.853, 33.224, 32.412, 31.541, 30.684, 30.079, 29.859, 29.718, 29.308, 28.784, 28.645, 28.78, 28.355, 27.193, 25.992, 24.977, 23.937, 22.816, 21.793, 20.91, 19.898, 18.088, 15.423, 12.203, 8.497, 4.404, 0.0, 4.669, 8.989, 12.369, 14.74, 16.649, 18.566, 20.437, 21.685, 22.45, 23.302, 24.464, 25.92, 27.162, 27.769, 27.983, 28.175, 28.588, 29.524, 30.846, 32.026, 32.907, 33.67, 34.25, 34.795, 35.213, 35.424, 35.516, 35.487, 35.311, 35.193, 35.307, 35.539, 35.505, 35.135, 34.633, 34.532, 34.959, 35.426, 35.75, 35.788, 35.629, 35.58, 35.669, 35.774, 35.926, 36.185, 36.561, 36.909, 37.042, 37.002, 37.012, 37.179, 37.382, 37.483, 37.658, 38.148, 38.971, 39.875, 40.745, 41.407, 41.717, 41.708, 41.45, 41.023, 40.592, 40.463, 40.43, 40.331, 40.045, 39.563, 39.317, 39.562, 39.607, 39.004, 38.282, 37.862, 37.509, 37.138, 36.822, 36.714, 36.882, 37.214, 37.39, 37.18, 36.728, 36.524, 36.82, 37.276, 37.32, 36.922, 36.589, 36.432, 36.673, 37.426, 38.536, 39.36, 39.426, 39.134, 38.914, 38.721, 38.7, 38.977, 39.297, 39.426, 39.347, 39.106, 38.802, 38.693, 38.686, 38.524, 38.412, 38.609, 38.863, 38.921, 38.774, 38.528, 38.27, 38.068, 37.916, 37.714, 37.53, 37.619, 37.825, 37.818, 37.723, 37.719, 37.685, 35.906], [35.366, 34.725, 34.256, 33.815, 33.212, 32.423, 31.595, 30.782, 30.194, 29.964, 29.816, 29.418, 28.934, 28.848, 29.029, 28.655, 27.565, 26.43, 25.452, 24.442, 23.395, 22.503, 21.8, 20.994, 19.391, 16.988, 14.237, 11.381, 8.353, 4.669, 0.0, 4.956, 9.151, 12.139, 14.357, 16.388, 18.347, 19.66, 20.484, 21.448, 22.776, 24.413, 25.79, 26.47, 26.711, 26.898, 27.303, 28.271, 29.675, 30.96, 31.949, 32.816, 33.486, 34.107, 34.588, 34.847, 34.964, 34.945, 34.784, 34.7, 34.845, 35.092, 35.063, 34.698, 34.209, 34.133, 34.602, 35.106, 35.446, 35.486, 35.323, 35.274, 35.367, 35.472, 35.616, 35.867, 36.244, 36.605, 36.755, 36.72, 36.719, 36.875, 37.079, 37.195, 37.391, 37.901, 38.746, 39.681, 40.586, 41.27, 41.585, 41.571, 41.305, 40.868, 40.429, 40.305, 40.277, 40.173, 39.875, 39.38, 39.127, 39.371, 39.41, 38.786, 38.041, 37.607, 37.246, 36.872, 36.559, 36.466, 36.658, 37.011, 37.188, 36.966, 36.501, 36.286, 36.558, 36.98, 37.001, 36.586, 36.229, 36.042, 36.276, 37.053, 38.202, 39.053, 39.125, 38.831, 38.616, 38.425, 38.408, 38.696, 39.03, 39.171, 39.095, 38.845, 38.528, 38.416, 38.42, 38.267, 38.162, 38.369, 38.634, 38.701, 38.553, 38.294, 38.023, 37.818, 37.672, 37.476, 37.293, 37.379, 37.581, 37.571, 37.477, 37.476, 37.436, 35.719], [35.508, 34.891, 34.467, 34.085, 33.532, 32.788, 32.015, 31.252, 30.683, 30.444, 30.289, 29.91, 29.475, 29.439, 29.65, 29.304, 28.259, 27.167, 26.209, 25.235, 24.285, 23.535, 22.992, 22.363, 20.993, 18.865, 16.418, 14.028, 11.771, 8.989, 4.956, 0.0, 4.807, 8.717, 11.762, 14.243, 16.35, 17.659, 18.469, 19.531, 21.062, 22.92, 24.448, 25.197, 25.455, 25.636, 26.034, 27.025, 28.519, 29.964, 31.142, 32.175, 32.944, 33.611, 34.123, 34.413, 34.551, 34.539, 34.391, 34.343, 34.531, 34.803, 34.782, 34.439, 34.012, 34.016, 34.543, 35.071, 35.417, 35.457, 35.294, 35.245, 35.339, 35.448, 35.593, 35.839, 36.214, 36.582, 36.743, 36.712, 36.706, 36.847, 37.047, 37.178, 37.396, 37.913, 38.748, 39.671, 40.57, 41.247, 41.556, 41.538, 41.266, 40.819, 40.374, 40.253, 40.233, 40.129, 39.815, 39.286, 38.996, 39.218, 39.244, 38.606, 37.85, 37.416, 37.062, 36.697, 36.399, 36.331, 36.548, 36.914, 37.092, 36.874, 36.425, 36.22, 36.465, 36.837, 36.831, 36.42, 36.074, 35.883, 36.112, 36.906, 38.088, 38.965, 39.045, 38.754, 38.549, 38.359, 38.339, 38.624, 38.962, 39.114, 39.05, 38.804, 38.483, 38.367, 38.373, 38.225, 38.128, 38.341, 38.607, 38.672, 38.52, 38.253, 37.973, 37.765, 37.627, 37.442, 37.262, 37.342, 37.539, 37.532, 37.442, 37.438, 37.392, 35.837], [35.907, 35.338, 34.96, 34.633, 34.144, 33.474, 32.783, 32.092, 31.565, 31.344, 31.203, 30.856, 30.466, 30.474, 30.721, 30.419, 29.423, 28.371, 27.454, 26.535, 25.667, 25.015, 24.575, 24.068, 22.89, 21.003, 18.757, 16.521, 14.546, 12.369, 9.151, 4.807, 0.0