[[0.0, 8.477, 15.361, 18.31, 20.747, 23.065, 24.928, 26.843, 28.462, 29.974, 30.874, 31.375, 31.348, 31.271, 31.633, 32.286, 33.081, 34.117, 34.51, 34.935, 35.673, 35.922, 35.532, 35.17, 34.732, 35.188, 36.019, 35.615, 35.108, 34.499, 33.908, 33.595, 33.49, 33.764, 35.268, 35.506, 35.395, 35.299, 34.622, 35.004, 36.037, 36.426, 36.02, 35.616, 35.631, 35.853, 35.897, 35.671, 35.816, 36.703, 36.469, 35.13, 34.848, 35.828, 35.304, 35.31, 36.884, 36.868, 36.744, 36.629, 35.597, 35.405, 36.044, 36.083, 35.965, 36.068, 35.402, 34.98, 35.121, 35.417, 35.513, 35.53, 35.403, 35.147, 35.71, 35.934, 34.609, 34.369, 34.359, 33.992, 33.468, 33.554, 33.286, 33.375, 34.183, 34.095, 34.458, 36.402, 39.382, 40.278, 40.443, 40.196, 38.999, 38.642, 38.779, 38.174, 37.713, 38.059, 39.366, 41.283, 41.816, 40.74, 39.827, 38.907, 37.984, 37.617, 8.283], [8.477, 0.0, 9.386, 14.064, 17.066, 19.728, 21.812, 24.077, 26.073, 27.874, 28.931, 29.51, 29.481, 29.26, 29.635, 30.497, 31.503, 32.708, 33.088, 33.535, 34.415, 34.891, 34.673, 34.311, 33.808, 34.314, 35.197, 34.771, 34.232, 33.563, 32.916, 32.674, 32.599, 32.949, 34.692, 34.923, 34.761, 34.616, 33.84, 34.31, 35.486, 35.912, 35.485, 35.086, 35.12, 35.354, 35.384, 35.132, 35.276, 36.195, 35.926, 34.467, 34.139, 35.211, 34.66, 34.623, 36.265, 36.245, 36.103, 35.995, 34.895, 34.658, 35.348, 35.376, 35.202, 35.296, 34.6, 34.138, 34.279, 34.591, 34.676, 34.666, 34.537, 34.248, 34.835, 35.086, 33.744, 33.588, 33.605, 33.217, 32.654, 32.743, 32.419, 32.487, 33.315, 33.192, 33.604, 35.733, 38.982, 39.952, 40.119, 39.862, 38.625, 38.221, 38.349, 37.7, 37.213, 37.629, 39.062, 41.103, 41.659, 40.523, 39.583, 38.657, 37.687, 37.262, 12.69], [15.361, 9.386, 0.0, 7.269, 12.531, 16.232, 18.724, 21.427, 23.766, 25.835, 27.091, 27.772, 27.729, 27.505, 27.977, 29.031, 30.221, 31.584, 31.933, 32.398, 33.449, 34.073, 33.95, 33.669, 33.203, 33.764, 34.711, 34.29, 33.727, 33.053, 32.462, 32.263, 32.189, 32.538, 34.4, 34.596, 34.379, 34.191, 33.28, 33.737, 34.977, 35.447, 35.006, 34.606, 34.684, 34.94, 34.94, 34.685, 34.87, 35.834, 35.545, 33.999, 33.618, 34.773, 34.171, 34.136, 35.876, 35.824, 35.68, 35.658, 34.583, 34.345, 35.052, 35.057, 34.84, 34.918, 34.197, 33.685, 33.842, 34.202, 34.296, 34.313, 34.182, 33.858, 34.476, 34.73, 33.285, 33.11, 33.147, 32.737, 32.141, 32.218, 31.866, 31.906, 32.74, 32.598, 32.992, 35.176, 38.684, 39.847, 40.096, 39.835, 38.56, 38.197, 38.366, 37.642, 37.073, 37.531, 39.117, 41.292, 41.892, 40.726, 39.752, 38.781, 37.717, 37.228, 17.862], [18.31, 14.064, 7.269, 0.0, 7.582, 13.193, 16.154, 19.043, 21.596, 23.954, 25.428, 26.119, 26.088, 25.936, 26.484, 27.609, 28.825, 30.266, 30.668, 31.243, 32.516, 33.211, 33.042, 32.911, 32.709, 33.478, 34.476, 34.02, 33.421, 32.715, 32.101, 31.862, 31.782, 32.081, 34.034, 34.26, 34.029, 33.814, 32.813, 33.224, 34.471, 34.983, 34.542, 34.149, 34.275, 34.558, 34.538, 34.27, 34.501, 35.526, 35.234, 33.596, 33.151, 34.406, 33.767, 33.767, 35.63, 35.579, 35.424, 35.44, 34.331, 34.058, 34.779, 34.781, 34.539, 34.607, 33.874, 33.346, 33.497, 33.867, 33.961, 33.991, 33.861, 33.531, 34.195, 34.462, 32.961, 32.74, 32.752, 32.303, 31.722, 31.844, 31.512, 31.538, 32.367, 32.207, 32.654, 34.97, 38.59, 39.758, 39.968, 39.676, 38.327, 37.936, 38.101, 37.326, 36.725, 37.236, 38.94, 41.216, 41.852, 40.673, 39.696, 38.696, 37.573, 37.061, 20.716], [20.747, 17.066, 12.531, 7.582, 0.0, 7.985, 12.39, 15.786, 18.725, 21.592, 23.505, 24.347, 24.378, 24.266, 24.875, 26.118, 27.419, 28.991, 29.484, 30.242, 31.761, 32.591, 32.433, 32.397, 32.468, 33.495, 34.527, 34.006, 33.366, 32.612, 31.968, 31.712, 31.649, 31.892, 33.863, 34.143, 33.927, 33.697, 32.68, 33.058, 34.287, 34.824, 34.415, 34.049, 34.188, 34.479, 34.445, 34.158, 34.409, 35.482, 35.204, 33.478, 32.92, 34.233, 33.596, 33.611, 35.577, 35.551, 35.356, 35.382, 34.242, 33.934, 34.657, 34.644, 34.381, 34.441, 33.714, 33.193, 33.335, 33.692, 33.791, 33.835, 33.699, 33.374, 34.057, 34.342, 32.853, 32.636, 32.65, 32.22, 31.689, 31.827, 31.505, 31.456, 32.252, 32.076, 32.585, 35.004, 38.644, 39.763, 39.894, 39.565, 38.157, 37.718, 37.874, 37.082, 36.5, 37.091, 38.882, 41.22, 41.872, 40.668, 39.701, 38.685, 37.54, 37.029, 23.071], [23.065, 19.728, 16.232, 13.193, 7.985, 0.0, 6.962, 12.608, 16.054, 19.291, 21.769, 22.987, 23.098, 22.993, 23.53, 24.99, 26.529, 28.265, 28.795, 29.658, 31.278, 32.189, 32.104, 32.099, 32.214, 33.324, 34.38, 33.838, 33.186, 32.455, 31.861, 31.647, 31.624, 31.85, 33.874, 34.231, 34.013, 33.774, 32.749, 33.095, 34.317, 34.854, 34.456, 34.072, 34.181, 34.451, 34.412, 34.15, 34.404, 35.463, 35.208, 33.464, 32.854, 34.176, 33.539, 33.541, 35.539, 35.52, 35.294, 35.308, 34.186, 33.883, 34.571, 34.549, 34.308, 34.394, 33.695, 33.198, 33.347, 33.72, 33.845, 33.919, 33.787, 33.474, 34.162, 34.417, 32.824, 32.557, 32.595, 32.179, 31.683, 31.834, 31.513, 31.46, 32.258, 32.072, 32.622, 35.142, 38.873, 40.035, 40.139, 39.793, 38.342, 37.833, 37.956, 37.13, 36.548, 37.196, 39.081, 41.491, 42.127, 40.867, 39.89, 38.829, 37.62, 37.087, 25.094], [24.928, 21.812, 18.724, 16.154, 12.39, 6.962, 0.0, 8.13, 13.189, 16.822, 19.704, 21.215, 21.439, 21.374, 21.866, 23.67, 25.54, 27.466, 28.018, 28.898, 30.663, 31.734, 31.755, 31.791, 31.945, 33.071, 34.137, 33.632, 33.038, 32.353, 31.795, 31.631, 31.61, 31.879, 33.959, 34.321, 34.076, 33.82, 32.825, 33.172, 34.369, 34.888, 34.477, 34.092, 34.216, 34.503, 34.478, 34.237, 34.5, 35.549, 35.307, 33.591, 32.98, 34.262, 33.639, 33.601, 35.564, 35.565, 35.338, 35.361, 34.242, 33.941, 34.618, 34.627, 34.401, 34.497, 33.836, 33.366, 33.52, 33.879, 34.001, 34.095, 33.992, 33.692, 34.364, 34.607, 32.963, 32.64, 32.698, 32.278, 31.79, 31.95, 31.645, 31.627, 32.404, 32.221, 32.771, 35.262, 38.974, 40.144, 40.255, 39.909, 38.464, 37.957, 38.043, 37.197, 36.624, 37.266, 39.142, 41.536, 42.144, 40.862, 39.88, 38.801, 37.558, 37.022, 26.754], [26.843, 24.077, 21.427, 19.043, 15.786, 12.608, 8.13, 0.0, 7.79, 13.33, 16.957, 18.899, 19.315, 19.415, 20.278, 22.658, 24.841, 26.925, 27.547, 28.538, 30.47, 31.602, 31.642, 31.731, 32.053, 33.315, 34.413, 33.919, 33.35, 32.706, 32.181, 32.006, 31.978, 32.263, 34.222, 34.519, 34.261, 34.003, 33.06, 33.374, 34.497, 35.025, 34.635, 34.282, 34.467, 34.8, 34.786, 34.547, 34.814, 35.856, 35.63, 33.956, 33.35, 34.535, 33.982, 33.986, 35.868, 35.89, 35.657, 35.684, 34.567, 34.214, 34.858, 34.908, 34.713, 34.828, 34.206, 33.767, 33.935, 34.275, 34.404, 34.52, 34.408, 34.124, 34.781, 35.0, 33.438, 33.136, 33.197, 32.771, 32.314, 32.478, 32.163, 32.117, 32.808, 32.636, 33.148, 35.473, 39.01, 40.14, 40.25, 39.9, 38.498, 38.052, 38.14, 37.314, 36.776, 37.434, 39.274, 41.596, 42.185, 40.933, 39.967, 38.894, 37.691, 37.201, 28.452], [28.462, 26.073, 23.766, 21.596, 18.725, 16.054, 13.189, 7.79, 0.0, 8.199, 13.72, 16.33, 17.048, 17.579, 19.187, 22.125, 24.48, 26.571, 27.141, 28.203, 30.223, 31.36, 31.404, 31.545, 31.987, 33.408, 34.642, 34.201, 33.626, 33.085, 32.72, 32.586, 32.567, 32.821, 34.629, 34.886, 34.664, 34.447, 33.534, 33.804, 34.856, 35.393, 35.047, 34.709, 34.89, 35.209, 35.174, 34.928, 35.163, 36.173, 35.989, 34.4, 33.856, 34.975, 34.41, 34.442, 36.309, 36.337, 36.104, 36.119, 35.015, 34.607, 35.178, 35.255, 35.114, 35.257, 34.661, 34.257, 34.436, 34.777, 34.951, 35.098, 34.979, 34.706, 35.336, 35.528, 34.006, 33.737, 33.806, 33.399, 33.0, 33.183, 32.852, 32.755, 33.394, 33.225, 33.696, 35.919, 39.327, 40.42, 40.555, 40.233, 38.892, 38.465, 38.545, 37.723, 37.186, 37.875, 39.705, 41.953, 42.506, 41.27, 40.335, 39.292, 38.122, 37.641, 29.886], [29.974, 27.874, 25.835, 23.954, 21.592, 19.291, 16.822, 13.33, 8.199, 0.0, 7.94, 12.156, 13.344, 14.684, 17.638, 21.394, 23.92, 26.0, 26.497, 27.637, 29.818, 31.016, 31.122, 31.367, 31.909, 33.411, 34.776, 34.507, 34.032, 33.68, 33.699, 33.778, 33.767, 34.007, 35.565, 35.768, 35.594, 35.419, 34.528, 34.706, 35.65, 36.12, 35.778, 35.493, 35.696, 35.994, 35.976, 35.749, 35.92, 36.832, 36.7, 35.263, 34.797, 35.811, 35.272, 35.326, 37.114, 37.144, 36.916, 36.925, 35.907, 35.552, 36.091, 36.177, 36.051, 36.174, 35.614, 35.25, 35.442, 35.765, 35.937, 36.096, 36.002, 35.755, 36.319, 36.45, 34.975, 34.723, 34.803, 34.451, 34.092, 34.265, 33.974, 33.87, 34.452, 34.266, 34.679, 36.746, 39.958, 41.006, 41.166, 40.88, 39.64, 39.172, 39.167, 38.372, 37.847, 38.525, 40.3, 42.438, 42.921, 41.675, 40.717, 39.713, 38.592, 38.128, 31.214], [30.874, 28.931, 27.091, 25.428, 23.505, 21.769, 19.704, 16.957, 13.72, 7.94, 0.0, 6.193, 8.598, 10.838, 15.664, 20.493, 23.19, 25.193, 25.64, 26.876, 29.157, 30.411, 30.509, 30.819, 31.462, 33.082, 34.575, 34.405, 33.981, 33.673, 33.964, 34.428, 34.488, 34.74, 36.166, 36.319, 36.17, 36.001, 35.113, 35.273, 36.19, 36.608, 36.263, 36.061, 36.309, 36.581, 36.563, 36.345, 36.477, 37.305, 37.174, 35.819, 35.395, 36.336, 35.817, 35.865, 37.588, 37.609, 37.403, 37.42, 36.469, 36.175, 36.709, 36.757, 36.59, 36.677, 36.12, 35.772, 35.976, 36.28, 36.427, 36.582, 36.5, 36.269, 36.789, 36.888, 35.586, 35.396, 35.474, 35.152, 34.796, 34.945, 34.706, 34.625, 35.17, 34.956, 35.281, 37.175, 40.233, 41.251, 41.463, 41.215, 40.04, 39.51, 39.397, 38.606, 38.1, 38.812, 40.58, 42.641, 43.067, 41.821, 40.868, 39.894, 38.786, 38.302, 32.033], [31.375, 29.51, 27.772, 26.119, 24.347, 22.987, 21.215, 18.899, 16.33, 12.156, 6.193, 0.0, 4.269, 8.229, 14.136, 19.692, 22.533, 24.501, 24.953, 26.225, 28.534, 29.835, 29.914, 30.312, 31.146, 32.939, 34.51, 34.337, 33.888, 33.512, 33.79, 34.51, 34.689, 34.963, 36.378, 36.533, 36.417, 36.248, 35.341, 35.461, 36.362, 36.781, 36.451, 36.292, 36.554, 36.827, 36.818, 36.594, 36.702, 37.513, 37.375, 36.051, 35.633, 36.531, 36.033, 36.066, 37.76, 37.775, 37.571, 37.601, 36.675, 36.409, 36.933, 36.942, 36.75, 36.83, 36.278, 35.932, 36.13, 36.419, 36.551, 36.688, 36.6, 36.369, 36.881, 37.0, 35.852, 35.681, 35.741, 35.425, 35.058, 35.21, 35.0, 34.899, 35.426, 35.222, 35.528, 37.324, 40.312, 41.326, 41.591, 41.379, 40.234, 39.696, 39.556, 38.758, 38.242, 38.958, 40.704, 42.739, 43.169, 41.963, 41.042, 40.068, 38.921, 38.419, 32.54], [31.348, 29.481, 27.729, 26.088, 24.378, 23.098, 21.439, 19.315, 17.048, 13.344, 8.598, 4.269, 0.0, 5.849, 12.733, 18.763, 21.729, 23.774, 24.338, 25.722, 28.035, 29.327, 29.404, 29.819, 30.705, 32.57, 34.182, 34.012, 33.555, 33.154, 33.405, 34.112, 34.323, 34.656, 36.161, 36.324, 36.202, 36.017, 35.048, 35.117, 36.013, 36.452, 36.122, 35.967, 36.235, 36.524, 36.544, 36.319, 36.416, 37.241, 37.121, 35.805, 35.384, 36.294, 35.777, 35.832, 37.555, 37.559, 37.347, 37.38, 36.431, 36.169, 36.73, 36.74, 36.537, 36.612, 36.037, 35.67, 35.872, 36.175, 36.301, 36.429, 36.333, 36.09, 36.611, 36.746, 35.592, 35.405, 35.461, 35.132, 34.735, 34.886, 34.666, 34.553, 35.107, 34.917, 35.245, 37.083, 40.129, 41.175, 41.443, 41.211, 40.038, 39.504, 39.378, 38.566, 38.034, 38.757, 40.533, 42.615, 43.063, 41.851, 40.914, 39.913, 38.722, 38.199, 32.49], [31.271, 29.26, 27.505, 25.936, 24.266, 22.993, 21.374, 19.415, 17.579, 14.684, 10.838, 8.229, 5.849, 0.0, 9.135, 16.729, 20.113, 22.288, 22.906, 24.429, 26.904, 28.466, 28.717, 29.097, 29.944, 31.912, 33.584, 33.423, 32.989, 32.513, 32.713, 33.526, 33.761, 34.155, 35.804, 35.951, 35.771, 35.55, 34.561, 34.697, 35.669, 36.138, 35.783, 35.615, 35.896, 36.186, 36.198, 35.965, 36.091, 36.978, 36.846, 35.457, 35.001, 35.956, 35.437, 35.482, 37.177, 37.165, 36.947, 36.957, 35.958, 35.687, 36.263, 36.255, 36.01, 36.059, 35.475, 35.103, 35.31, 35.624, 35.748, 35.88, 35.792, 35.536, 36.073, 36.26, 35.081, 34.845, 34.896, 34.555, 34.13, 34.273, 34.059, 33.987, 34.592, 34.421, 34.744, 36.645, 39.793, 40.901, 41.198, 40.945, 39.718, 39.154, 39.006, 38.15, 37.595, 38.323, 40.147, 42.308, 42.783, 41.559, 40.625, 39.603, 38.378, 37.826, 32.441], [31.633, 29.635, 27.977, 26.484, 24.875, 23.53, 21.866, 20.278, 19.187, 17.638, 15.664, 14.136, 12.733, 9.135, 0.0, 10.148, 15.283, 18.136, 19.168, 21.014, 24.06, 26.104, 26.728, 27.374, 28.454, 30.761, 32.604, 32.506, 32.075, 31.576, 31.684, 32.499, 32.772, 33.116, 34.977, 35.127, 34.88, 34.699, 33.725, 33.934, 34.979, 35.489, 35.14, 34.919, 35.222, 35.581, 35.615, 35.362, 35.513, 36.491, 36.336, 34.807, 34.309, 35.327, 34.75, 34.716, 36.437, 36.414, 36.161, 36.146, 35.111, 34.853, 35.488, 35.521, 35.265, 35.316, 34.701, 34.287, 34.465, 34.767, 34.891, 35.059, 34.972, 34.712, 35.328, 35.474, 34.082, 33.901, 33.969, 33.61, 33.118, 33.228, 33.004, 32.957, 33.63, 33.461, 33.85, 35.991, 39.348, 40.486, 40.748, 40.442, 39.081, 38.471, 38.331, 37.417, 36.82, 37.573, 39.505, 41.795, 42.318, 41.07, 40.105, 38.976, 37.601, 37.019, 32.787], [32.286, 30.497, 29.031, 27.609, 26.118, 24.99, 23.67, 22.658, 22.125, 21.394, 20.493, 19.692, 18.763, 16.729, 10.148, 0.0, 8.149, 13.327, 15.795, 18.475, 22.126, 24.418, 25.156, 26.063, 27.437, 30.011, 31.996, 32.021, 31.572, 31.174, 31.349, 31.995, 32.241, 32.503, 34.49, 34.718, 34.518, 34.436, 33.491, 33.667, 34.641, 35.143, 34.843, 34.549, 34.801, 35.184, 35.227, 34.984, 35.157, 36.145, 35.986, 34.426, 33.885, 34.921, 34.246, 34.134, 35.923, 35.903, 35.629, 35.638, 34.671, 34.435, 35.1, 35.193, 34.97, 35.04, 34.366, 33.902, 34.041, 34.338, 34.489, 34.702, 34.616, 34.354, 34.984, 35.093, 33.625, 33.535, 33.628, 33.284, 32.724, 32.767, 32.532, 32.474, 33.153, 32.954, 33.383, 35.667, 39.104, 40.161, 40.321, 39.976, 38.532, 37.868, 37.74, 36.859, 36.276, 37.033, 39.013, 41.348, 41.894, 40.62, 39.637, 38.472, 37.019, 36.452, 33.329], [33.081, 31.503, 30.221, 28.825, 27.419, 26.529, 25.54, 24.841, 24.48, 23.92, 23.19, 22.533, 21.729, 20.113, 15.283, 8.149, 0.0, 7.798, 12.314, 15.914, 20.099, 22.588, 23.415, 24.569, 26.26, 29.081, 31.175, 31.292, 30.919, 30.655, 31.098, 31.852, 32.133, 32.318, 34.303, 34.664, 34.583, 34.582, 33.705, 33.909, 34.858, 35.322, 35.07, 34.776, 34.971, 35.329, 35.375, 35.156, 35.343, 36.303, 36.155, 34.628, 34.093, 35.129, 34.404, 34.25, 36.01, 35.982, 35.712, 35.747, 34.857, 34.647, 35.336, 35.454, 35.264, 35.343, 34.645, 34.175, 34.288, 34.547, 34.692, 34.943, 34.871, 34.605, 35.208, 35.321, 33.948, 33.905, 33.979, 33.624, 33.044, 33.052, 32.814, 32.716, 33.344, 33.127, 33.574, 35.792, 39.07, 39.967, 40.055, 39.718, 38.291, 37.618, 37.447, 36.586, 36.044, 36.802, 38.771, 41.101, 41.655, 40.395, 39.436, 38.272, 36.81, 36.29, 33.965], [34.117, 32.708, 31.584, 30.266, 28.991, 28.265, 27.466, 26.925, 26.571, 26.0, 25.193, 24.501, 23.774, 22.288, 18.136, 13.327, 7.798, 0.0, 7.049, 12.374, 17.29, 20.312, 21.524, 23.103, 25.161, 28.223, 30.412, 30.612, 30.411, 30.299, 30.984, 31.998, 32.429, 32.631, 34.53, 34.959, 34.997, 35.053, 34.235, 34.453, 35.391, 35.82, 35.582, 35.326, 35.509, 35.826, 35.879, 35.684, 35.831, 36.734, 36.612, 35.149, 34.678, 35.681, 34.982, 34.821, 36.487, 36.45, 36.185, 36.193, 35.327, 35.115, 35.802, 35.951, 35.764, 35.824, 35.141, 34.696, 34.796, 35.0, 35.104, 35.371, 35.313, 35.058, 35.61, 35.709, 34.518, 34.565, 34.634, 34.307, 33.732, 33.726, 33.531, 33.382, 33.937, 33.749, 34.193, 36.213, 39.246, 40.026, 40.083, 39.747, 38.376, 37.715, 37.497, 36.637, 36.113, 36.847, 38.746, 41.021, 41.564, 40.351, 39.463, 38.328, 36.892, 36.409, 34.832], [34.51, 33.088, 31.933, 30.668, 29.484, 28.795, 28.018, 27.547, 27.141, 26.497, 25.64, 24.953, 24.338, 22.906, 19.168, 15.795, 12.314, 7.049, 0.0, 7.838, 14.422, 18.148, 19.852, 21.732, 23.999, 27.243, 29.495, 29.782, 29.75, 29.712, 30.487, 31.759, 32.354, 32.626, 34.508, 34.944, 35.055, 35.154, 34.371, 34.654, 35.646, 36.075, 35.822, 35.555, 35.706, 35.987, 36.042, 35.864, 35.991, 36.871, 36.758, 35.315, 34.869, 35.841, 35.152, 34.981, 36.567, 36.502, 36.253, 36.279, 35.435, 35.219, 35.906, 36.067, 35.873, 35.939, 35.265, 34.819, 34.929, 35.125, 35.227, 35.505, 35.457, 35.21, 35.726, 35.783, 34.663, 34.794, 34.886, 34.574, 33.999, 33.985, 33.788, 33.638, 34.204, 34.041, 34.475, 36.422, 39.41, 40.194, 40.277, 39.969, 38.629, 37.958, 37.701, 36.818, 36.274, 36.962, 38.801, 41.058, 41.609, 40.439, 39.581, 38.454, 37.016, 36.525, 35.182], [34.935, 33.535, 32.398, 31.243, 30.242, 29.658, 28.898, 28.538, 28.203, 27.637, 26.876, 26.225, 25.722, 24.429, 21.014, 18.475, 15.914, 12.374, 7.838, 0.0, 8.996, 14.648, 17.234, 19.548, 22.155, 25.728, 28.11, 28.618, 28.889, 29.029, 29.923, 31.489, 32.192, 32.567, 34.465, 34.853, 34.995, 35.141, 34.442, 34.866, 35.928, 36.356, 36.106, 35.851, 35.992, 36.265, 36.328, 36.137, 36.21, 37.028, 36.884, 35.463, 35.108, 36.071, 35.354, 35.077, 36.484, 36.394, 36.152, 36.188, 35.383, 35.196, 35.895, 36.033, 35.808, 35.879, 35.226, 34.794, 34.922, 35.103, 35.213, 35.518, 35.492, 35.259, 35.738, 35.746, 34.76, 35.065, 35.161, 34.845, 34.254, 34.198, 34.003, 33.862, 34.443, 34.315, 34.778, 36.728, 39.747, 40.59, 40.73, 40.449, 39.17, 38.498, 38.204, 37.311, 36.754, 37.411, 39.169, 41.336, 41.83, 40.655, 39.8, 38.681, 37.239, 36.747, 35.619], [35.673, 34.415, 33.449, 32.516, 31.761, 31.278, 30.663, 30.47, 30.223, 29.818, 29.157, 28.534, 28.035, 26.904, 24.06, 22.126, 20.099, 17.29, 14.422, 8.996, 0.0, 8.26, 13.145, 16.379, 19.457, 23.517, 26.11, 26.928, 27.655, 28.096, 29.278, 31.095, 31.899, 32.346, 34.294, 34.74, 34.941, 35.145, 34.535, 35.065, 36.203, 36.62, 36.371, 36.167, 36.305, 36.569, 36.65, 36.446, 36.465, 37.238, 37.06, 35.675, 35.425, 36.323, 35.581, 35.197, 36.431, 36.351, 36.127, 36.173, 35.431, 35.266, 35.974, 36.091, 35.847, 35.928, 35.268, 34.831, 34.948, 35.11, 35.263, 35.63, 35.607, 35.37, 35.797, 35.762, 34.903, 35.342, 35.451, 35.124, 34.536, 34.459, 34.293, 34.165, 34.752, 34.658, 35.113, 37.011, 39.986, 40.788, 40.929, 40.67, 39.44, 38.71, 38.346, 37.462, 36.911, 37.553, 39.255, 41.379, 41.856, 40.666, 39.814, 38.719, 37.279, 36.812, 36.202], [35.922, 34.891, 34.073, 33.211, 32.591, 32.189, 31.734, 31.602, 31.36, 31.016, 30.411, 29.835, 29.327, 28.466, 26.104, 24.418, 22.588, 20.312, 18.148, 14.648, 8.26, 0.0, 8.107, 13.618, 17.494, 21.997, 24.768, 25.761, 26.791, 27.469, 28.903, 30.719, 31.569, 31.974, 33.963, 34.536, 34.817, 35.077, 34.464, 34.965, 36.097, 36.494, 36.259, 36.104, 36.242, 36.491, 36.583, 36.39, 36.42, 37.215, 37.032, 35.693, 35.437, 36.237, 35.568, 35.193, 36.389, 36.346, 36.11, 36.177, 35.481, 35.346, 36.108, 36.214, 35.934, 36.007, 35.297, 34.822, 34.927, 35.071, 35.223, 35.587, 35.545, 35.31, 35.716, 35.646, 34.851, 35.413, 35.525, 35.183, 34.622, 34.539, 34.324, 34.162, 34.744, 34.621, 35.059, 36.934, 39.819, 40.43, 40.455, 40.191, 38.956, 38.207, 37.839, 36.984, 36.465, 37.113, 38.843, 41.028, 41.563, 40.384, 39.512, 38.398, 36.988, 36.566, 36.3], [35.532, 34.673, 33.95, 33.042, 32.433, 32.104, 31.755, 31.642, 31.404, 31.122, 30.509, 29.914, 29.404, 28.717, 26.728, 25.156, 23.415, 21.524, 19.852, 17.234, 13.145, 8.107, 0.0, 8.138, 14.589, 20.439, 23.7, 24.875, 25.906, 26.518, 28.069, 29.94, 30.787, 31.122, 33.294, 33.945, 34.25, 34.547, 33.898, 34.394, 35.558, 35.994, 35.787, 35.689, 35.852, 36.085, 36.151, 35.94, 35.988, 36.852, 36.687, 35.306, 34.973, 35.799, 35.152, 34.817, 36.103, 36.082, 35.854, 35.948, 35.203, 35.062, 35.863, 35.942, 35.665, 35.745, 35.004, 34.491, 34.599, 34.765, 34.885, 35.169, 35.103, 34.873, 35.32, 35.248, 34.37, 34.955, 35.082, 34.694, 34.124, 34.042, 33.745, 33.542, 34.122, 33.97, 34.448, 36.386, 39.302, 39.815, 39.765, 39.491, 38.229, 37.44, 37.086, 36.239, 35.723, 36.427, 38.318, 40.595, 41.128, 39.925, 39.023, 37.878, 36.469, 36.047, 35.856], [35.17, 34.311, 33.669, 32.911, 32.397, 32.099, 31.791, 31.731, 31.545, 31.367, 30.819, 30.312, 29.819, 29.097, 27.374, 26.063, 24.569, 23.103, 21.732, 19.548, 16.379, 13.618, 8.138, 0.0, 9.252, 17.384, 21.436, 23.084, 24.402, 24.954, 26.543, 28.628, 29.499, 29.94, 32.494, 33.226, 33.531, 33.872, 33.288, 33.936, 35.215, 35.71, 35.501, 35.399, 35.557, 35.805, 35.867, 35.634, 35.696, 36.581, 36.394, 34.956, 34.591, 35.524, 34.808, 34.4, 35.733, 35.73, 35.498, 35.602, 34.809, 34.623, 35.419, 35.497, 35.267, 35.38, 34.641, 34.106, 34.204, 34.412, 34.556, 34.835, 34.779, 34.545, 35.0, 34.941, 33.927, 34.447, 34.585, 34.147, 33.591, 33.507, 33.175, 33.0, 33.593, 33.472, 33.998, 36.027, 39.048, 39.612, 39.617, 39.377, 38.113, 37.299, 36.971, 36.158, 35.636, 36.342, 38.269, 40.561, 41.054, 39.813, 38.924, 37.782, 36.354, 35.919, 35.44], [34.732, 33.808, 33.203, 32.709, 32.468, 32.214, 31.945, 32.053, 31.987, 31.909, 31.462, 31.146, 30.705, 29.944, 28.454, 27.437, 26.26, 25.161, 23.999, 22.155, 19.457, 17.494, 14.589, 9.252, 0.0, 10.495, 16.227, 18.651, 20.763, 21.67, 23.792, 26.472, 27.48, 28.274, 31.336, 32.172, 32.508, 32.902, 32.428, 33.356, 34.878, 35.417, 35.152, 35.022, 35.2, 35.507, 35.595, 35.369, 35.456, 36.347, 36.102, 34.599, 34.279, 35.291, 34.428, 33.899, 35.247, 35.24, 35.042, 35.172, 34.349, 34.106, 34.904, 35.009, 34.801, 34.936, 34.178, 33.625, 33.733, 33.993, 34.19, 34.514, 34.494, 34.255, 34.702, 34.609, 33.423, 33.868, 34.021, 33.568, 32.993, 32.897, 32.631, 32.553, 33.2, 33.093, 33.613, 35.751, 38.852, 39.485, 39.591, 39.406, 38.161, 37.382, 37.142, 36.37, 35.807, 36.443, 38.273, 40.558, 41.069, 39.81, 38.941, 37.773, 36.282, 35.805, 34.935], [35.188, 34.314, 33.764, 33.478, 33.495, 33.324, 33.071, 33.315, 33.408, 33.411, 33.082, 32.939, 32.57, 31.912, 30.761, 30.011, 29.081, 28.223, 27.243, 25.728, 23.517, 21.997, 20.439, 17.384, 10.495, 0.0, 8.408, 13.513, 17.274, 18.955, 22.311, 25.671, 26.786, 28.014, 31.212, 32.172, 32.588, 33.005, 32.689, 33.771, 35.366, 35.866, 35.586, 35.463, 35.658, 36.0, 36.13, 35.958, 36.045, 36.841, 36.553, 35.115, 34.88, 35.751, 34.819, 34.207, 35.456, 35.484, 35.386, 35.514, 34.728, 34.458, 35.201, 35.355, 35.177, 35.314, 34.601, 34.092, 34.199, 34.448, 34.653, 35.012, 35.028, 34.806, 35.217, 35.06, 33.806, 34.262, 34.445, 34.045, 33.515, 33.396, 33.227, 33.217, 33.886, 33.806, 34.257, 36.286, 39.256, 39.971, 40.128, 39.947, 38.765, 38.074, 37.951, 37.249, 36.693, 37.224, 38.819, 40.962, 41.495, 40.323, 39.525, 38.397, 36.977, 36.498, 35.316], [36.019, 35.197, 34.711, 34.476, 34.527, 34.38, 34.137, 34.413, 34.642, 34.776, 34.575, 34.51, 34.182, 33.584, 32.604, 31.996, 31.175, 30.412, 29.495, 28.11, 26.11, 24.768, 23.7, 21.436, 16.227, 8.408, 0.0, 9.322, 15.756, 18.067, 22.2, 25.864, 27.051, 28.697, 31.928, 32.954, 33.4, 33.78, 33.538, 34.654, 36.199, 36.623, 36.347, 36.241, 36.406, 36.688, 36.788, 36.636, 36.689, 37.397, 37.092, 35.756, 35.582, 36.376, 35.524, 34.911, 36.043, 36.119, 36.061, 36.162, 35.399, 35.124, 35.854, 36.05, 35.893, 36.023, 35.357, 34.881, 34.956, 35.153, 35.315, 35.646, 35.683, 35.493, 35.895, 35.74, 34.525, 35.008, 35.212, 34.853, 34.424, 34.268, 34.088, 34.093, 34.73, 34.711, 35.171, 37.054, 39.893, 40.625, 40.726, 40.5, 39.364, 38.734, 38.632, 37.952, 37.447, 37.994, 39.5, 41.519, 42.029, 40.922, 40.197, 39.155, 37.861, 37.418, 36.064], [35.615, 34.771, 34.29, 34.02, 34.006, 33.838, 33.632, 33.919, 34.201, 34.507, 34.405, 34.337, 34.012, 33.423, 32.506, 32.021, 31.292, 30.612, 29.782, 28.618, 26.928, 25.761, 24.875, 23.084, 18.651, 13.513, 9.322, 0.0, 9.648, 13.573, 18.619, 23.148, 24.714, 26.857, 30.55, 31.733, 32.295, 32.768, 32.555, 33.713, 35.387, 35.952, 35.71, 35.606, 35.825, 36.172, 36.284, 36.142, 36.237, 37.003, 36.695, 35.258, 35.016, 35.827, 34.931, 34.445, 35.733, 35.813, 35.75, 35.859, 35.009, 34.761, 35.579, 35.777, 35.601, 35.717, 35.018, 34.513, 34.592, 34.802, 34.958, 35.282, 35.324, 35.135, 35.582, 35.45, 34.174, 34.589, 34.79, 34.424, 33.95, 33.751, 33.544, 33.524, 34.186, 34.169, 34.627, 36.549, 39.566, 40.32, 40.382, 40.143, 38.95, 38.306, 38.2, 37.486, 36.967, 37.592, 39.223, 41.306, 41.833, 40.69, 39.913, 38.839, 37.5, 37.018, 35.668], [35.108, 34.232, 33.727, 33.421, 33.366, 33.186, 33.038, 33.35, 33.626, 34.032, 33.981, 33.888, 33.555, 32.989, 32.075, 31.572, 30.919, 30.411, 29.75, 28.889, 27.655, 26.791, 25.906, 24.402, 20.763, 17.274, 15.756, 9.648, 0.0, 7.074, 14.531, 20.134, 22.234, 24.714, 28.977, 30.375, 31.05, 31.598, 31.377, 32.567, 34.375, 35.152, 34.982, 34.848, 35.127, 35.609, 35.776, 35.627, 35.805, 36.678, 36.386, 34.849, 34.514, 35.352, 34.426, 34.03, 35.442, 35.483, 35.441, 35.548, 34.635, 34.405, 35.249, 35.435, 35.264, 35.381, 34.645, 34.118, 34.187, 34.402, 34.564, 34.842, 34.84, 34.632, 35.122, 35.01, 33.708, 34.096, 34.277, 33.872, 33.365, 33.212, 32.945, 32.906, 33.599, 33.545, 34.004, 36.05, 39.213, 39.995, 40.059, 39.821, 38.577, 37.919, 37.868, 37.143, 36.602, 37.268, 39.018, 41.184, 41.7, 40.49, 39.62, 38.483, 37.08, 36.567, 35.216], [34.499, 33.563, 33.053, 32.715, 32.612, 32.455, 32.353, 32.706, 33.085, 33.68, 33.673, 33.512, 33.154, 32.513, 31.576, 31.174, 30.655, 30.299, 29.712, 29.029, 28.096, 27.469, 26.518, 24.954, 21.67, 18.955, 18.067, 13.573, 7.074, 0.0, 10.403, 17.83, 20.4, 23.278, 28.129, 29.682, 30.287, 30.781, 30.483, 31.734, 33.697, 34.56, 34.327, 34.111, 34.376, 34.902, 35.093, 34.935, 35.161, 36.137, 35.857, 34.227, 33.837, 34.777, 33.861, 33.538, 35.014, 35.007, 34.956, 35.065, 34.077, 33.834, 34.695, 34.842, 34.661, 34.781, 33.998, 33.438, 33.51, 33.74, 33.894, 34.163, 34.158, 33.943, 34.51, 34.459, 33.104, 33.361, 33.511, 33.071, 32.474, 32.372, 32.045, 31.965, 32.701, 32.629, 33.135, 35.375, 38.786, 39.634, 39.649, 39.38, 38.081, 37.43, 37.42, 36.67, 36.141, 36.861, 38.721, 41.045, 41.618, 40.364, 39.452, 38.276, 36.818, 36.277, 34.652], [33.908, 32.916, 32.462, 32.101, 31.968, 31.861, 31.795, 32.181, 32.72, 33.699, 33.964, 33.79, 33.405, 32.713, 31.684, 31.349, 31.098, 30.984, 30.487, 29.923, 29.278, 28.903, 28.069, 26.543, 23.792, 22.311, 22.2, 18.619, 14.531, 10.403, 0.0, 11.007, 15.564, 19.772, 26.201, 28.1, 28.733, 29.235, 29.001, 30.474, 32.628, 33.649, 33.369, 33.003, 33.247, 33.86, 34.086, 33.904, 34.202, 35.254, 34.981, 33.368, 33.024, 34.109, 33.264, 33.04, 34.525, 34.422, 34.339, 34.445, 33.328, 33.036, 33.973, 34.126, 33.945, 34.076, 33.242, 32.615, 32.7, 32.985, 33.091, 33.284, 33.297, 33.054, 33.7, 33.787, 32.405, 32.598, 32.714, 32.211, 31.49, 31.423, 31.13, 31.09, 31.896, 31.796, 32.34, 34.732, 38.354, 39.286, 39.29, 39.006, 37.658, 37.025, 37.041, 36.274, 35.783, 36.498, 38.343, 40.77, 41.397, 40.065, 39.087, 37.891, 36.368, 35.822, 34.045], [33.595, 32.674, 32.263, 31.862, 31.712, 31.647, 31.631, 32.006, 32.586, 33.778, 34.428, 34.51, 34.112, 33.526, 32.499, 31.995, 31.852, 31.998, 31.759, 31.489, 31.095, 30.719, 29.94, 28.628, 26.472, 25.671, 25.864, 23.148, 20.134, 17.83, 11.007, 0.0, 7.94, 15.437, 23.432, 25.743, 26.694, 27.393, 27.318, 28.979, 31.27, 32.44, 32.155, 31.786, 32.107, 32.765, 33.004, 32.822, 33.247, 34.442, 34.174, 32.728, 32.655, 33.908, 33.11, 33.02, 34.576, 34.443, 34.32, 34.417, 33.19, 32.77, 33.755, 33.917, 33.67, 33.769, 32.939, 32.322, 32.406, 32.69, 32.764, 32.892, 32.877, 32.594, 33.256, 33.42, 31.987, 32.205, 32.364, 31.818, 31.045, 30.983, 30.675, 30.647, 31.506, 31.428, 32.024, 34.437, 37.969, 38.81, 38.785, 38.487, 37.115, 36.591, 36.724, 35.975, 35.489, 36.164, 37.953, 40.351, 40.962, 39.566, 38.544, 37.435, 36.014, 35.492, 33.61], [33.49, 32.599, 32.189, 31.782, 31.649, 31.624, 31.61, 31.978, 32.567, 33.767, 34.488, 34.689, 34.323, 33.761, 32.772, 32.241, 32.133, 32.429, 32.354, 32.192, 31.899, 31.569, 30.787, 29.499, 27.48, 26.786, 27.051, 24.714, 22.234, 20.4, 15.564, 7.94, 0.0, 12.317, 21.93, 24.414, 25.581, 26.568, 26.619, 28.378, 30.812, 32.051, 31.773, 31.471, 31.857, 32.551, 32.823, 32.643, 33.082, 34.35, 34.107, 32.646, 32.618, 33.959, 33.182, 33.135, 34.723, 34.607, 34.477, 34.533, 33.204, 32.687, 33.662, 33.802, 33.513, 33.596, 32.771, 32.172, 32.28, 32.589, 32.685, 32.808, 32.759, 32.472, 33.145, 33.301, 31.812, 31.983, 32.153, 31.586, 30.78, 30.725, 30.462, 30.434, 31.312, 31.266, 31.878, 34.297, 37.882, 38.805, 38.819, 38.498, 37.071, 36.58, 36.78, 36.017, 35.492, 36.138, 37.916, 40.289, 40.875, 39.481, 38.485, 37.41, 36.009, 35.459, 33.469], [33.764, 32.949, 32.538, 32.081, 31.892, 31.85, 31.879, 32.263, 32.821, 34.007, 34.74, 34.963, 34.656, 34.155, 33.116, 32.503, 32.318, 32.631, 32.626, 32.567, 32.346, 31.974, 31.122, 29.94, 28.274, 28.014, 28.697, 26.857, 24.714, 23.278, 19.772, 15.437, 12.317, 0.0, 13.831, 18.569, 20.892, 22.88, 23.525, 25.651, 28.304, 29.886, 29.997, 29.924, 30.406, 31.217, 31.616, 31.493, 32.04, 33.476, 33.361, 32.162, 32.216, 33.526, 32.955, 33.077, 34.728, 34.638, 34.502, 34.6, 33.354, 32.89, 33.859, 33.997, 33.748, 33.833, 32.976, 32.34, 32.422, 32.729, 32.864, 33.066, 33.0, 32.682, 33.322, 33.444, 32.003, 32.209, 32.373, 31.8, 31.056, 31.098, 30.782, 30.703, 31.497, 31.421, 31.88, 34.003, 37.308, 37.923, 37.804, 37.494, 36.064, 35.662, 35.994, 35.288, 34.742, 35.305, 37.052, 39.383, 39.93, 38.527, 37.55, 36.491, 35.101, 34.576, 33.821], [35.268, 34.692, 34.4, 34.034, 33.863, 33.874, 33.959, 34.222, 34.629, 35.565, 36.166, 36.378, 36.161, 35.804, 34.977, 34.49, 34.303, 34.53, 34.508, 34.465, 34.294, 33.963, 33.294, 32.494, 31.336, 31.212, 31.928, 30.55, 28.977, 28.129, 26.201, 23.432, 21.93, 13.831, 0.0, 8.496, 13.867, 17.757, 19.811, 22.736, 25.775, 27.779, 28.459, 28.784, 29.402, 30.265, 30.838, 30.9, 31.535, 33.049, 33.088, 32.507, 33.087, 34.142, 34.073, 34.84, 36.415, 36.354, 36.267, 36.408, 35.4, 35.076, 35.865, 35.837, 35.556, 35.616, 34.866, 34.326, 34.329, 34.513, 34.644, 34.886, 34.735, 34.437, 34.955, 34.973, 33.814, 34.24, 34.484, 34.007, 33.387, 33.476, 33.124, 33.003, 33.585, 33.49, 33.612, 34.845, 37.191, 37.374, 37.216, 37.04, 35.897, 35.753, 36.225, 35.689, 35.216, 35.652, 36.975, 38.842, 39.26, 38.069, 37.252, 36.403, 35.501, 35.236, 35.344], [35.506, 34.923, 34.596, 34.26, 34.143, 34.231, 34.321, 34.519, 34.886, 35.768, 36.319, 36.533, 36.324, 35.951, 35.127, 34.718, 34.664, 34.959, 34.944, 34.853, 34.74, 34.536, 33.945, 33.226, 32.172, 32.172, 32.954, 31.733, 30.375, 29.682, 28.1, 25.743, 24.414, 18.569, 8.496, 0.0, 7.774, 13.444, 16.657, 20.613, 24.169, 26.335, 27.098, 27.556, 28.309, 29.263, 29.922, 30.098, 30.809, 32.387, 32.457, 31.979, 32.85, 33.976, 33.976, 35.111, 36.782, 36.712, 36.637, 36.739, 35.727, 35.451, 36.244, 36.168, 35.858, 35.939, 35.219, 34.652, 34.618, 34.783, 34.906, 35.14, 34.964, 34.676, 35.185, 35.189, 34.01, 34.423, 34.685, 34.202, 33.574, 33.648, 33.338, 33.237, 33.803, 33.701, 33.737, 34.881, 37.183, 37.425, 37.362, 37.217, 36.126, 36.085, 36.582, 36.024, 35.546, 35.991, 37.244, 39.022, 39.407, 38.28, 37.483, 36.612, 35.832, 35.611, 35.561], [35.395, 34.761, 34.379, 34.029, 33.927, 34.013, 34.076, 34.261, 34.664, 35.594, 36.17, 36.417, 36.202, 35.771, 34.88, 34.518, 34.583, 34.997, 35.055, 34.995, 34.941, 34.817, 34.25, 33.531, 32.508, 32.588, 33.4, 32.295, 31.05, 30.287, 28.733, 26.694, 25.581, 20.892, 13.867, 7.774, 0.0, 7.323, 12.5, 17.87, 22.11, 24.537, 25.398, 26.053, 27.042, 28.179, 28.938, 29.157, 29.953, 31.624, 31.721, 31.308, 32.306, 33.492, 33.49, 34.759, 36.53, 36.46, 36.376, 36.462, 35.4, 35.154, 36.019, 35.951, 35.648, 35.758, 35.031, 34.408, 34.352, 34.517, 34.628, 34.867, 34.703, 34.427, 35.006, 35.117, 33.831, 34.067, 34.316, 33.815, 33.11, 33.152, 32.826, 32.729, 33.335, 33.245, 33.3, 34.64, 37.188, 37.552, 37.551, 37.394, 36.24, 36.207, 36.741, 36.168, 35.691, 36.217, 37.582, 39.43, 39.828, 38.71, 37.901, 36.94, 36.118, 35.856, 35.403], [35.299, 34.616, 34.191, 33.814, 33.697, 33.774, 33.82, 34.003, 34.447, 35.419, 36.001, 36.248, 36.017, 35.55, 34.699, 34.436, 34.582, 35.053, 35.154, 35.141, 35.145, 35.077, 34.547, 33.872, 32.902, 33.005, 33.78, 32.768, 31.598, 30.781, 29.235, 27.393, 26.568, 22.88, 17.757, 13.444, 7.323, 0.0, 8.005, 15.426, 20.353, 23.023, 23.991, 24.85, 26.09, 27.399, 28.25, 28.533, 29.45, 31.177, 31.303, 30.955, 31.986, 33.196, 33.232, 34.566, 36.361, 36.293, 36.227, 36.324, 35.236, 35.006, 35.89, 35.827, 35.509, 35.617, 34.914, 34.302, 34.246, 34.404, 34.504, 34.731, 34.569, 34.274, 34.888, 35.118, 33.871, 34.013, 34.234, 33.719, 32.979, 32.991, 32.627, 32.514, 33.122, 33.059, 33.144, 34.568, 37.254, 37.734, 37.811, 37.663, 36.487, 36.476, 37.056, 36.496, 36.033, 36.623, 38.075, 39.977, 40.385, 39.267, 38.472, 37.509, 36.642, 36.335, 35.288], [34.622, 33.84, 33.28, 32.813, 32.68, 32.749, 32.825, 33.06, 33.534, 34.528, 35.113, 35.341, 35.048, 34.561, 33.725, 33.491, 33.705, 34.235, 34.371, 34.442, 34.535, 34.464, 33.898, 33.288, 32.428, 32.689, 33.538, 32.555, 31.377, 30.483, 29.001, 27.318, 26.619, 23.525, 19.811, 16.657, 12.5, 8.005, 0.0, 9.735, 16.398, 19.749, 20.967, 22.181, 23.781, 25.324, 26.332, 26.786, 27.931, 29.851, 30.055, 29.741, 30.825, 32.082, 32.069, 33.488, 35.439, 35.385, 35.354, 35.549, 34.471, 34.268, 35.178, 35.107, 34.786, 34.9, 34.189, 33.59, 33.549, 33.726, 33.847, 34.098, 33.944, 33.619, 34.28, 34.525, 33.198, 33.286, 33.491, 32.962, 32.156, 32.138, 31.727, 31.597, 32.238, 32.155, 32.283, 33.88, 36.769, 37.357, 37.449, 37.274, 36.031, 36.005, 36.608, 36.041, 35.576, 36.209, 37.799, 39.854, 40.321, 39.166, 38.386, 37.434, 36.438, 36.073, 34.633], [35.004, 34.31, 33.737, 33.224, 33.058, 33.095, 33.172, 33.374, 33.804, 34.706, 35.273, 35.461, 35.117, 34.697, 33.934, 33.667, 33.909, 34.453, 34.654, 34.866, 35.065, 34.965, 34.394, 33.936, 33.356, 33.771, 34.654, 33.713, 32.567, 31.734, 30.474, 28.979, 28.378, 25.651, 22.736, 20.613, 17.87, 15.426, 9.735, 0.0, 9.052, 14.59, 16.627, 18.442, 20.673, 22.645, 24.048, 24.832, 26.2, 28.213, 28.633, 28.81, 30.073, 31.241, 31.283, 32.952, 35.108, 35.081, 35.073, 35.436, 34.597, 34.571, 35.39, 35.252, 35.014, 35.176, 34.532, 34.007, 33.984, 34.179, 34.366, 34.668, 34.504, 34.179, 34.766, 35.008, 33.721, 33.67, 33.909, 33.468, 32.651, 32.622, 32.24, 32.104, 32.728, 32.606, 32.723, 34.33, 37.074, 37.697, 37.871, 37.708, 36.505, 36.473, 37.065, 36.546, 36.069, 36.597, 38.064, 40.0, 40.459, 39.387, 38.677, 37.751, 36.707, 36.366, 35.035], [36.037, 35.486, 34.977, 34.471, 34.287, 34.317, 34.369, 34.497, 34.856, 35.65, 36.19, 36.362, 36.013, 35.669, 34.979, 34.641, 34.858, 35.391, 35.646, 35.928, 36.203, 36.097, 35.558, 35.215, 34.878, 35.366, 36.199, 35.387, 34.375, 33.697, 32.628, 31.27, 30.812, 28.304, 25.775, 24.169, 22.11, 20.353, 16.398, 9.052, 0.0, 8.041, 12.302, 15.054, 17.645, 19.991, 21.948, 23.139, 24.806, 26.878, 27.446, 28.368, 29.899, 30.828, 31.142, 33.209, 35.472, 35.458, 35.461, 35.916, 35.377, 35.589, 36.315, 36.085, 35.913, 36.101, 35.53, 35.09, 35.071, 35.231, 35.441, 35.753, 35.574, 35.238, 35.719, 36.058, 35.007, 34.821, 35.079, 34.722, 33.983, 33.998, 33.625, 33.478, 34.098, 33.963, 33.983, 35.36, 37.719, 38.259, 38.56, 38.481, 37.398, 37.391, 38.002, 37.577, 37.069, 37.441, 38.722, 40.418, 40.783, 39.8, 39.151, 38.273, 37.246, 36.94, 36.034], [36.426, 35.912, 35.447, 34.983, 34.824, 34.854, 34.888, 35.025, 35.393, 36.12, 36.608, 36.781, 36.452, 36.138, 35.489, 35.143, 35.322, 35.82, 36.075, 36.356, 36.62, 36.494, 35.994, 35.71, 35.417, 35.866, 36.623, 35.952, 35.152, 34.56, 33.649, 32.44, 32.051, 29.886, 27.779, 26.335, 24.537, 23.023, 19.749, 14.59, 8.041, 0.0, 7.204, 12.165, 15.145, 17.668, 20.195, 21.88, 23.865, 26.094, 26.672, 27.877, 29.621, 30.444, 30.927, 33.262, 35.573, 35.617, 35.639, 36.125, 35.703, 35.988, 36.754, 36.541, 36.365, 36.543, 35.986, 35.565, 35.52, 35.62, 35.793, 36.091, 35.924, 35.585, 36.035, 36.451, 35.548, 35.333, 35.579, 35.252, 34.567, 34.623, 34.265, 34.103, 34.744, 34.612, 34.56, 35.784, 38.008, 38.516, 38.86, 38.8, 37.738, 37.722, 38.354, 37.976, 37.465, 37.821, 39.099, 40.731, 41.022, 39.988, 39.295, 38.401, 37.352, 37.029, 36.344], [36.02, 35.485, 35.006, 34.542, 34.415, 34.456, 34.477, 34.635, 35.047, 35.778, 36.263, 36.451, 36.122, 35.783, 35.14, 34.843, 35.07, 35.582, 35.822, 36.106, 36.371, 36.259, 35.787, 35.501, 35.152, 35.586, 36.347, 35.71, 34.982, 34.327, 33.369, 32.155, 31.773, 29.997, 28.459, 27.098, 25.398, 23.991, 20.967, 16.627, 12.302, 7.204, 0.0, 7.259, 11.798, 14.942, 17.967, 20.132, 22.416, 24.832, 25.485, 26.581, 28.431, 29.493, 29.923, 32.412, 34.832, 34.906, 34.928, 35.402, 34.975, 35.224, 36.059, 36.002, 35.892, 36.084, 35.519, 35.078, 35.033, 35.154, 35.329, 35.641, 35.519, 35.184, 35.658, 36.071, 35.118, 34.839, 35.05, 34.721, 34.066, 34.147, 33.854, 33.776, 34.452, 34.293, 34.237, 35.555, 38.045, 38.707, 39.031, 38.919, 37.781, 37.733, 38.342, 37.904, 37.401, 37.816, 39.124, 40.834, 41.147, 39.983, 39.16, 38.204, 37.11, 36.751, 35.911], [35.616, 35.086, 34.606, 34.149, 34.049, 34.072, 34.092, 34.282, 34.709, 35.493, 36.061, 36.292, 35.967, 35.615, 34.919, 34.549, 34.776, 35.326, 35.555, 35.851, 36.167, 36.104, 35.689, 35.399, 35.022, 35.463, 36.241, 35.606, 34.848, 34.111, 33.003, 31.786, 31.471, 29.924, 28.784, 27.556, 26.053, 24.85, 22.181, 18.442, 15.054, 12.165, 7.259, 0.0, 6.26, 10.923, 14.748, 17.489, 20.254, 22.754, 23.364, 24.464, 26.504, 27.881, 28.277, 30.959, 33.595, 33.629, 33.663, 34.214, 34.025, 34.382, 35.169, 35.237, 35.328, 35.622, 35.039, 34.59, 34.589, 34.795, 35.042, 35.406, 35.318, 34.976, 35.477, 35.84, 34.743, 34.369, 34.54, 34.245, 33.65, 33.715, 33.444, 33.487, 34.247, 34.075, 34.055, 35.522, 38.211, 38.981, 39.264, 39.136, 38.014, 37.952, 38.486, 37.97, 37.473, 37.861, 39.075, 40.768, 41.108, 39.886, 39.0, 38.071, 36.971, 36.586, 35.521], [35.631, 35.12, 34.684, 34.275, 34.188, 34.181, 34.216, 34.467, 34.89, 35.696, 36.309, 36.554, 36.235, 35.896, 35.222, 34.801, 34.971, 35.509, 35.706, 35.992, 36.305, 36.242, 35.852, 35.557, 35.2, 35.658, 36.406, 35.825, 35.127, 34.376, 33.247, 32.107, 31.857, 30.406, 29.402, 28.309, 27.042, 26.09, 23.781, 20.673, 17.645, 15.145, 11.798, 6.26, 0.0, 6.136, 11.345, 14.953, 18.351, 20.996, 21.512, 22.839, 25.137, 26.629, 27.185, 30.147, 32.951, 32.945, 33.018, 33.678, 33.756, 34.291, 35.061, 35.147, 35.362, 35.737, 35.146, 34.703, 34.724, 34.97, 35.255, 35.619, 35.537, 35.199, 35.688, 36.032, 34.903, 34.512, 34.666, 34.395, 33.843, 33.89, 33.591, 33.651, 34.457, 34.303, 34.292, 35.748, 38.361, 39.096, 39.357, 39.25, 38.202, 38.153, 38.646, 38.109, 37.608, 37.951, 39.093, 40.728, 41.05, 39.81, 38.939, 38.09, 37.025, 36.636, 35.516], [35.853, 35.354, 34.94, 34.558, 34.479, 34.451, 34.503, 34.8, 35.209, 35.994, 36.581, 36.827, 36.524, 36.186, 35.581, 35.184, 35.329, 35.826, 35.987, 36.265, 36.569, 36.491, 36.085, 35.805, 35.507, 36.0, 36.688, 36.172, 35.609, 34.902, 33.86, 32.765, 32.551, 31.217, 30.265, 29.263, 28.179, 27.399, 25.324, 22.645, 19.991, 17.668, 14.942, 10.923, 6.136, 0.0, 6.743, 12.024, 16.428, 19.462, 20.048, 21.715, 24.326, 25.904, 26.726, 30.013, 32.952, 32.94, 33.007, 33.699, 33.904, 34.555, 35.363, 35.442, 35.65, 36.023, 35.429, 34.99, 35.014, 35.257, 35.508, 35.815, 35.727, 35.41, 35.884, 36.232, 35.162, 34.813, 34.964, 34.697, 34.176, 34.211, 33.922, 33.966, 34.767, 34.646, 34.585, 35.902, 38.337, 39.006, 39.307, 39.241, 38.25, 38.243, 38.746, 38.226, 37.734, 38.063, 39.164, 40.749, 41.056, 39.814, 38.974, 38.188, 37.172, 36.8, 35.709], [35.897, 35.384, 34.94, 34.538, 34.445, 34.412, 34.478, 34.786, 35.174, 35.976, 36.563, 36.818, 36.544, 36.198, 35.615, 35.227, 35.375, 35.879, 36.042, 36.328, 36.65, 36.583, 36.151, 35.867, 35.595, 36.13, 36.788, 36.284, 35.776, 35.093, 34.086, 33.004, 32.823, 31.616, 30.838, 29.922, 28.938, 28.25, 26.332, 24.048, 21.948, 20.195, 17.967, 14.748, 11.345, 6.743, 0.0, 7.437, 13.811, 17.557, 18.297, 20.137, 23.056, 24.915, 25.915, 29.476, 32.611, 32.63, 32.702, 33.402, 33.656, 34.392, 35.262, 35.376, 35.592, 35.962, 35.36, 34.931, 34.998, 35.27, 35.493, 35.761, 35.683, 35.39, 35.893, 36.208, 35.08, 34.72, 34.856, 34.58, 34.082, 34.122, 33.859, 33.922, 34.745, 34.641, 34.552, 35.848, 38.266, 38.944, 39.306, 39.28, 38.315, 38.346, 38.864, 38.333, 37.833, 38.169, 39.244, 40.809, 41.147, 39.932, 39.114, 38.347, 37.328, 36.94, 35.753], [35.671, 35.132, 34.685, 34.27, 34.158, 34.15, 34.237, 34.547, 34.928, 35.749, 36.345, 36.594, 36.319, 35.965, 35.362, 34.984, 35.156, 35.684, 35.864, 36.137, 36.446, 36.39, 35.94, 35.634, 35.369, 35.958, 36.636, 36.142, 35.627, 34.935, 33.904, 32.822, 32.643, 31.493, 30.9, 30.098, 29.157, 28.533, 26.786, 24.832, 23.139, 21.88, 20.132, 17.489, 14.953, 12.024, 7.437, 0.0, 8.65, 14.052, 15.2, 17.437, 20.886, 23.165, 24.414, 28.275, 31.59, 31.636, 31.805, 32.628, 32.936, 33.7