[[0.0, 4.833, 12.673, 20.487, 25.159, 26.815, 27.637, 28.884, 30.579, 33.3, 35.47, 36.411, 37.064, 37.444, 37.227, 36.532, 36.388, 37.341, 38.195, 37.974, 37.738, 38.121, 38.433, 38.11, 37.618, 36.994, 36.771, 36.804, 36.229, 35.934, 36.404, 36.489, 36.258, 36.218, 36.286, 36.324, 36.134, 35.767, 35.777, 35.995, 35.933, 35.96, 36.293, 36.513, 36.477, 36.356, 36.877, 38.352, 38.784, 38.376, 38.305, 38.797, 39.051, 38.404, 37.81, 37.499, 37.384, 37.685, 38.148, 38.627, 39.156, 39.539, 39.958, 40.939, 41.433, 40.906, 40.873, 41.382, 41.178, 40.986, 41.216, 40.368, 37.849, 36.379, 36.379, 36.439, 38.359, 41.825, 44.19, 44.552, 44.677, 45.574, 46.953, 47.921, 47.954, 47.668, 47.166, 45.656, 43.899, 43.157, 43.453, 44.4, 44.68, 44.282, 44.165, 44.362, 44.121, 42.612, 41.0, 39.822, 39.189, 39.333, 39.111, 37.824, 37.245, 37.516, 38.057, 38.539, 38.734, 38.867, 39.267, 39.816, 39.653, 39.131, 38.717, 38.704, 39.062, 38.827, 38.113, 38.008, 38.387, 38.55, 38.377, 37.482, 36.547, 36.289, 36.218, 36.043, 35.956, 36.029, 35.971, 35.779, 35.745, 35.57, 35.339, 35.182, 35.053, 34.957, 35.161, 35.375, 35.365, 35.543, 35.647, 35.627, 35.714, 5.686], [4.833, 0.0, 9.51, 18.597, 23.921, 25.72, 26.518, 27.81, 29.621, 32.482, 34.748, 35.722, 36.37, 36.756, 36.538, 35.769, 35.558, 36.571, 37.503, 37.264, 36.992, 37.409, 37.805, 37.522, 36.999, 36.34, 36.132, 36.226, 35.68, 35.357, 35.813, 35.908, 35.683, 35.634, 35.702, 35.754, 35.556, 35.155, 35.158, 35.393, 35.335, 35.368, 35.74, 35.983, 35.933, 35.826, 36.473, 38.115, 38.599, 38.166, 38.071, 38.573, 38.823, 38.132, 37.499, 37.17, 37.081, 37.458, 37.965, 38.45, 38.965, 39.321, 39.734, 40.747, 41.243, 40.667, 40.596, 41.1, 40.907, 40.731, 40.972, 40.092, 37.445, 35.858, 35.839, 35.916, 37.961, 41.603, 44.069, 44.443, 44.555, 45.466, 46.887, 47.895, 47.943, 47.653, 47.137, 45.582, 43.767, 43.001, 43.301, 44.247, 44.518, 44.123, 44.019, 44.234, 44.0, 42.476, 40.803, 39.542, 38.873, 39.045, 38.826, 37.463, 36.836, 37.126, 37.688, 38.182, 38.384, 38.532, 38.961, 39.542, 39.382, 38.814, 38.336, 38.319, 38.715, 38.466, 37.697, 37.575, 37.97, 38.139, 37.965, 37.047, 36.056, 35.772, 35.71, 35.525, 35.421, 35.51, 35.455, 35.244, 35.209, 35.037, 34.792, 34.615, 34.478, 34.391, 34.607, 34.818, 34.809, 34.998, 35.084, 35.06, 35.161, 8.119], [12.673, 9.51, 0.0, 10.773, 17.82, 20.393, 21.468, 22.995, 25.092, 28.361, 30.972, 32.285, 33.31, 34.01, 33.986, 33.289, 33.19, 34.379, 35.449, 35.294, 35.155, 35.749, 36.371, 36.342, 36.041, 35.555, 35.38, 35.545, 35.459, 35.833, 36.696, 36.901, 36.728, 36.647, 36.653, 36.646, 36.433, 36.057, 36.08, 36.282, 36.17, 36.146, 36.442, 36.601, 36.522, 36.481, 37.193, 38.886, 39.461, 39.114, 39.001, 39.408, 39.634, 38.982, 38.307, 37.907, 37.861, 38.292, 38.731, 39.103, 39.569, 39.947, 40.388, 41.398, 41.889, 41.337, 41.312, 41.824, 41.664, 41.555, 41.787, 40.885, 38.335, 36.754, 36.691, 36.772, 38.727, 42.192, 44.537, 44.855, 44.932, 45.826, 47.233, 48.219, 48.284, 48.061, 47.572, 45.995, 44.206, 43.491, 43.805, 44.671, 44.838, 44.396, 44.291, 44.499, 44.252, 42.812, 41.339, 40.311, 39.714, 39.779, 39.532, 38.33, 37.829, 38.072, 38.523, 38.947, 39.17, 39.371, 39.809, 40.391, 40.305, 39.794, 39.296, 39.27, 39.687, 39.425, 38.561, 38.305, 38.62, 38.792, 38.684, 37.918, 37.105, 36.869, 36.857, 36.766, 36.679, 36.771, 36.754, 36.553, 36.486, 36.295, 36.013, 35.81, 35.69, 35.61, 35.781, 35.956, 35.963, 36.171, 36.259, 36.23, 36.325, 14.102], [20.487, 18.597, 10.773, 0.0, 8.592, 12.974, 15.418, 17.361, 19.408, 22.942, 26.022, 27.878, 29.481, 30.655, 30.921, 30.457, 30.727, 32.091, 33.128, 33.111, 33.339, 34.221, 35.045, 35.337, 35.489, 35.456, 35.47, 35.697, 36.231, 37.711, 39.304, 39.699, 39.566, 39.49, 39.459, 39.381, 39.173, 38.887, 38.948, 39.11, 38.929, 38.816, 38.972, 39.006, 38.906, 38.906, 39.483, 40.937, 41.538, 41.368, 41.284, 41.545, 41.716, 41.188, 40.555, 40.117, 40.08, 40.494, 40.832, 41.049, 41.415, 41.821, 42.303, 43.258, 43.73, 43.279, 43.353, 43.864, 43.752, 43.698, 43.906, 43.052, 40.74, 39.223, 39.146, 39.168, 40.72, 43.599, 45.56, 45.788, 45.882, 46.727, 48.013, 48.89, 48.962, 48.819, 48.387, 46.881, 45.255, 44.656, 44.964, 45.739, 45.843, 45.381, 45.264, 45.423, 45.149, 43.847, 42.703, 42.092, 41.641, 41.515, 41.265, 40.447, 40.201, 40.356, 40.626, 40.929, 41.15, 41.376, 41.767, 42.295, 42.324, 41.998, 41.619, 41.62, 42.003, 41.754, 40.919, 40.587, 40.803, 40.971, 40.965, 40.432, 39.912, 39.762, 39.799, 39.823, 39.786, 39.852, 39.87, 39.681, 39.544, 39.317, 39.025, 38.822, 38.732, 38.657, 38.765, 38.903, 38.912, 39.065, 39.153, 39.136, 39.19, 21.341], [25.159, 23.921, 17.82, 8.592, 0.0, 6.613, 11.636, 14.481, 16.013, 19.172, 22.501, 24.751, 26.687, 28.19, 28.714, 28.502, 29.186, 30.683, 31.581, 31.675, 32.269, 33.375, 34.281, 34.754, 35.239, 35.591, 35.837, 36.133, 37.004, 39.194, 41.367, 41.961, 41.857, 41.798, 41.782, 41.692, 41.5, 41.263, 41.34, 41.496, 41.291, 41.124, 41.213, 41.205, 41.101, 41.104, 41.554, 42.79, 43.358, 43.281, 43.23, 43.43, 43.572, 43.117, 42.541, 42.109, 42.057, 42.441, 42.725, 42.844, 43.132, 43.552, 44.072, 44.996, 45.451, 45.059, 45.179, 45.682, 45.587, 45.526, 45.714, 44.902, 42.651, 41.12, 41.077, 41.023, 42.233, 44.696, 46.42, 46.622, 46.75, 47.57, 48.772, 49.579, 49.646, 49.535, 49.148, 47.722, 46.209, 45.666, 45.937, 46.655, 46.76, 46.337, 46.222, 46.345, 46.06, 44.831, 43.858, 43.507, 43.162, 42.926, 42.711, 42.175, 42.089, 42.194, 42.379, 42.622, 42.825, 43.039, 43.376, 43.852, 43.95, 43.767, 43.509, 43.557, 43.918, 43.687, 42.919, 42.6, 42.784, 42.952, 43.003, 42.588, 42.196, 42.074, 42.138, 42.216, 42.198, 42.235, 42.267, 42.071, 41.879, 41.63, 41.353, 41.164, 41.095, 41.019, 41.073, 41.179, 41.188, 41.282, 41.36, 41.349, 41.369, 25.842], [26.815, 25.72, 20.393, 12.974, 6.613, 0.0, 6.778, 11.118, 13.036, 16.085, 19.569, 22.135, 24.31, 25.989, 26.663, 26.523, 27.384, 29.03, 29.96, 30.154, 30.942, 32.186, 33.158, 33.686, 34.278, 34.807, 35.179, 35.54, 36.503, 38.91, 41.36, 42.125, 42.064, 41.975, 41.954, 41.888, 41.704, 41.448, 41.52, 41.686, 41.472, 41.289, 41.379, 41.381, 41.283, 41.288, 41.748, 43.025, 43.616, 43.531, 43.479, 43.697, 43.841, 43.382, 42.805, 42.353, 42.277, 42.665, 42.931, 43.004, 43.271, 43.707, 44.263, 45.223, 45.684, 45.284, 45.412, 45.925, 45.816, 45.728, 45.909, 45.06, 42.681, 41.088, 41.087, 40.994, 42.148, 44.622, 46.377, 46.592, 46.708, 47.536, 48.782, 49.628, 49.692, 49.579, 49.206, 47.766, 46.222, 45.673, 45.938, 46.637, 46.741, 46.334, 46.227, 46.349, 46.075, 44.859, 43.899, 43.576, 43.268, 43.041, 42.806, 42.27, 42.215, 42.333, 42.52, 42.758, 42.953, 43.161, 43.489, 43.957, 44.077, 43.916, 43.659, 43.719, 44.091, 43.851, 43.08, 42.782, 42.981, 43.147, 43.202, 42.797, 42.396, 42.24, 42.292, 42.379, 42.341, 42.351, 42.398, 42.208, 41.993, 41.741, 41.473, 41.281, 41.231, 41.177, 41.233, 41.342, 41.354, 41.436, 41.504, 41.486, 41.498, 27.408], [27.637, 26.518, 21.468, 15.418, 11.636, 6.778, 0.0, 5.797, 9.737, 13.996, 17.615, 20.284, 22.707, 24.518, 25.222, 25.016, 25.838, 27.588, 28.667, 28.942, 29.803, 31.172, 32.239, 32.757, 33.308, 33.874, 34.281, 34.703, 35.754, 38.212, 40.69, 41.533, 41.517, 41.409, 41.383, 41.352, 41.169, 40.873, 40.927, 41.097, 40.887, 40.713, 40.824, 40.843, 40.76, 40.753, 41.214, 42.561, 43.187, 43.089, 43.033, 43.268, 43.416, 42.937, 42.339, 41.86, 41.76, 42.151, 42.423, 42.519, 42.807, 43.236, 43.796, 44.8, 45.284, 44.865, 44.981, 45.497, 45.373, 45.283, 45.465, 44.554, 42.06, 40.458, 40.518, 40.436, 41.663, 44.252, 46.05, 46.248, 46.351, 47.207, 48.515, 49.406, 49.464, 49.336, 48.948, 47.464, 45.89, 45.359, 45.617, 46.274, 46.365, 45.964, 45.861, 45.989, 45.73, 44.514, 43.534, 43.175, 42.882, 42.697, 42.434, 41.826, 41.76, 41.895, 42.087, 42.326, 42.524, 42.744, 43.097, 43.588, 43.697, 43.476, 43.156, 43.202, 43.592, 43.34, 42.539, 42.23, 42.427, 42.59, 42.629, 42.191, 41.758, 41.598, 41.632, 41.709, 41.656, 41.655, 41.711, 41.539, 41.33, 41.087, 40.82, 40.616, 40.584, 40.568, 40.667, 40.812, 40.84, 40.937, 40.997, 40.976, 40.998, 28.201], [28.884, 27.81, 22.995, 17.361, 14.481, 11.118, 5.797, 0.0, 6.08, 12.22, 16.279, 18.855, 21.399, 23.402, 24.168, 23.986, 24.861, 26.666, 27.798, 28.117, 29.053, 30.532, 31.661, 32.175, 32.713, 33.314, 33.758, 34.251, 35.498, 38.134, 40.629, 41.468, 41.479, 41.392, 41.386, 41.383, 41.217, 40.92, 40.961, 41.13, 40.934, 40.775, 40.893, 40.913, 40.84, 40.82, 41.225, 42.516, 43.133, 43.057, 43.016, 43.245, 43.386, 42.909, 42.304, 41.818, 41.703, 42.059, 42.321, 42.453, 42.762, 43.173, 43.714, 44.727, 45.222, 44.786, 44.868, 45.362, 45.237, 45.156, 45.332, 44.418, 41.969, 40.441, 40.552, 40.485, 41.694, 44.223, 45.963, 46.133, 46.235, 47.106, 48.42, 49.301, 49.348, 49.217, 48.825, 47.352, 45.836, 45.361, 45.6, 46.185, 46.259, 45.873, 45.779, 45.912, 45.667, 44.482, 43.537, 43.187, 42.908, 42.739, 42.476, 41.867, 41.809, 41.941, 42.114, 42.338, 42.536, 42.768, 43.135, 43.636, 43.742, 43.499, 43.162, 43.203, 43.589, 43.333, 42.526, 42.198, 42.375, 42.529, 42.562, 42.117, 41.699, 41.574, 41.602, 41.662, 41.621, 41.626, 41.681, 41.511, 41.303, 41.065, 40.797, 40.585, 40.561, 40.565, 40.685, 40.853, 40.9, 41.007, 41.062, 41.042, 41.068, 29.394], [30.579, 29.621, 25.092, 19.408, 16.013, 13.036, 9.737, 6.08, 0.0, 7.427, 12.73, 15.824, 18.561, 20.926, 22.011, 22.049, 23.244, 25.19, 26.309, 26.706, 27.806, 29.388, 30.549, 31.147, 31.863, 32.631, 33.19, 33.796, 35.321, 38.351, 41.082, 41.975, 42.003, 41.942, 41.956, 41.975, 41.848, 41.582, 41.627, 41.795, 41.601, 41.428, 41.528, 41.535, 41.463, 41.432, 41.783, 43.003, 43.622, 43.575, 43.528, 43.737, 43.882, 43.429, 42.829, 42.333, 42.198, 42.519, 42.753, 42.862, 43.159, 43.58, 44.132, 45.138, 45.629, 45.19, 45.239, 45.707, 45.592, 45.508, 45.667, 44.805, 42.487, 41.052, 41.184, 41.083, 42.171, 44.558, 46.241, 46.41, 46.499, 47.354, 48.645, 49.493, 49.521, 49.409, 49.067, 47.662, 46.209, 45.768, 46.002, 46.547, 46.61, 46.242, 46.161, 46.303, 46.076, 44.935, 44.02, 43.702, 43.437, 43.264, 43.015, 42.453, 42.412, 42.522, 42.659, 42.858, 43.055, 43.292, 43.64, 44.112, 44.253, 44.081, 43.785, 43.832, 44.211, 43.952, 43.141, 42.807, 42.981, 43.129, 43.167, 42.773, 42.414, 42.299, 42.329, 42.395, 42.361, 42.368, 42.429, 42.252, 42.022, 41.769, 41.505, 41.3, 41.262, 41.245, 41.334, 41.479, 41.532, 41.634, 41.679, 41.66, 41.674, 31.004], [33.3, 32.482, 28.361, 22.942, 19.172, 16.085, 13.996, 12.22, 7.427, 0.0, 6.787, 11.588, 15.194, 18.035, 19.62, 20.049, 21.648, 23.732, 24.819, 25.362, 26.694, 28.389, 29.603, 30.374, 31.407, 32.46, 33.185, 33.908, 35.679, 39.125, 42.198, 43.226, 43.295, 43.238, 43.252, 43.282, 43.207, 43.012, 43.08, 43.236, 43.015, 42.805, 42.858, 42.838, 42.77, 42.739, 43.025, 44.151, 44.787, 44.791, 44.729, 44.884, 45.028, 44.631, 44.059, 43.543, 43.374, 43.669, 43.876, 43.927, 44.194, 44.659, 45.25, 46.225, 46.693, 46.29, 46.351, 46.799, 46.713, 46.645, 46.782, 45.972, 43.823, 42.472, 42.589, 42.441, 43.352, 45.517, 47.101, 47.276, 47.335, 48.128, 49.374, 50.186, 50.197, 50.108, 49.825, 48.502, 47.13, 46.734, 46.967, 47.46, 47.492, 47.146, 47.084, 47.226, 47.014, 45.937, 45.112, 44.894, 44.654, 44.437, 44.205, 43.782, 43.829, 43.92, 44.009, 44.17, 44.355, 44.58, 44.877, 45.277, 45.455, 45.369, 45.124, 45.189, 45.564, 45.308, 44.505, 44.153, 44.303, 44.443, 44.496, 44.198, 43.957, 43.85, 43.894, 44.009, 43.965, 43.93, 44.001, 43.847, 43.603, 43.332, 43.082, 42.906, 42.863, 42.808, 42.842, 42.949, 43.012, 43.102, 43.14, 43.116, 43.109, 33.661], [35.47, 34.748, 30.972, 26.022, 22.501, 19.569, 17.615, 16.279, 12.73, 6.787, 0.0, 6.738, 12.265, 15.889, 17.844, 18.645, 20.466, 22.562, 23.687, 24.396, 25.924, 27.76, 29.052, 29.928, 31.139, 32.399, 33.26, 34.074, 35.976, 39.627, 42.94, 44.11, 44.231, 44.169, 44.184, 44.237, 44.209, 44.073, 44.156, 44.294, 44.056, 43.816, 43.819, 43.782, 43.726, 43.697, 43.912, 44.937, 45.571, 45.622, 45.567, 45.686, 45.807, 45.439, 44.899, 44.406, 44.252, 44.538, 44.728, 44.76, 45.008, 45.475, 46.069, 47.011, 47.453, 47.084, 47.167, 47.599, 47.541, 47.494, 47.609, 46.809, 44.754, 43.427, 43.521, 43.366, 44.189, 46.202, 47.695, 47.872, 47.923, 48.671, 49.873, 50.661, 50.673, 50.594, 50.317, 49.028, 47.733, 47.403, 47.643, 48.093, 48.076, 47.711, 47.633, 47.753, 47.545, 46.517, 45.794, 45.68, 45.468, 45.2, 44.966, 44.68, 44.835, 44.944, 45.016, 45.162, 45.34, 45.557, 45.824, 46.192, 46.386, 46.329, 46.107, 46.177, 46.543, 46.291, 45.509, 45.145, 45.261, 45.4, 45.472, 45.221, 45.041, 44.946, 45.006, 45.155, 45.097, 45.026, 45.108, 44.976, 44.739, 44.474, 44.239, 44.092, 44.055, 43.969, 43.961, 44.057, 44.131, 44.218, 44.262, 44.229, 44.201, 35.801], [36.411, 35.722, 32.285, 27.878, 24.751, 22.135, 20.284, 18.855, 15.824, 11.588, 6.738, 0.0, 7.263, 12.32, 14.906, 16.1, 18.264, 20.421, 21.699, 22.671, 24.445, 26.513, 27.951, 28.898, 30.153, 31.534, 32.579, 33.531, 35.52, 39.255, 42.722, 43.992, 44.142, 44.106, 44.166, 44.257, 44.234, 44.081, 44.154, 44.298, 44.079, 43.826, 43.791, 43.751, 43.711, 43.677, 43.902, 44.964, 45.617, 45.66, 45.609, 45.756, 45.872, 45.479, 44.947, 44.511, 44.418, 44.742, 44.97, 45.024, 45.233, 45.635, 46.207, 47.155, 47.591, 47.209, 47.281, 47.703, 47.644, 47.592, 47.704, 46.88, 44.736, 43.316, 43.395, 43.242, 44.08, 46.117, 47.609, 47.802, 47.877, 48.626, 49.821, 50.617, 50.643, 50.562, 50.28, 49.008, 47.737, 47.417, 47.644, 48.093, 48.071, 47.663, 47.542, 47.643, 47.455, 46.486, 45.797, 45.667, 45.469, 45.211, 44.946, 44.627, 44.799, 44.931, 45.006, 45.145, 45.323, 45.549, 45.826, 46.215, 46.436, 46.38, 46.146, 46.203, 46.561, 46.306, 45.555, 45.238, 45.374, 45.517, 45.588, 45.308, 45.06, 44.946, 45.028, 45.167, 45.097, 45.051, 45.147, 44.995, 44.764, 44.525, 44.309, 44.181, 44.157, 44.06, 44.021, 44.1, 44.174, 44.255, 44.304, 44.27, 44.234, 36.703], [37.064, 36.37, 33.31, 29.481, 26.687, 24.31, 22.707, 21.399, 18.561, 15.194, 12.265, 7.263, 0.0, 6.536, 10.495, 12.368, 15.261, 17.709, 19.177, 20.454, 22.487, 24.792, 26.46, 27.622, 28.989, 30.439, 31.649, 32.755, 34.782, 38.554, 42.136, 43.455, 43.62, 43.633, 43.742, 43.845, 43.801, 43.623, 43.702, 43.876, 43.685, 43.43, 43.382, 43.361, 43.338, 43.282, 43.547, 44.724, 45.423, 45.432, 45.366, 45.555, 45.687, 45.272, 44.737, 44.312, 44.239, 44.616, 44.901, 44.97, 45.154, 45.525, 46.093, 47.051, 47.49, 47.089, 47.131, 47.537, 47.469, 47.409, 47.533, 46.693, 44.427, 42.879, 42.922, 42.749, 43.583, 45.671, 47.196, 47.411, 47.51, 48.278, 49.494, 50.323, 50.373, 50.294, 50.02, 48.77, 47.493, 47.134, 47.323, 47.782, 47.786, 47.374, 47.25, 47.369, 47.213, 46.306, 45.618, 45.421, 45.224, 44.996, 44.709, 44.303, 44.419, 44.559, 44.644, 44.786, 44.968, 45.216, 45.518, 45.919, 46.153, 46.109, 45.878, 45.945, 46.31, 46.049, 45.318, 45.062, 45.222, 45.354, 45.418, 45.091, 44.735, 44.589, 44.695, 44.795, 44.701, 44.69, 44.777, 44.575, 44.343, 44.144, 43.962, 43.847, 43.83, 43.737, 43.671, 43.718, 43.786, 43.854, 43.904, 43.883, 43.867, 37.323], [37.444, 36.756, 34.01, 30.655, 28.19, 25.989, 24.518, 23.402, 20.926, 18.035, 15.889, 12.32, 6.536, 0.0, 5.192, 8.506, 12.689, 15.664, 17.388, 18.835, 21.013, 23.536, 25.469, 26.852, 28.294, 29.729, 30.995, 32.151, 34.091, 37.784, 41.401, 42.751, 42.938, 42.989, 43.136, 43.257, 43.213, 43.044, 43.156, 43.371, 43.211, 42.967, 42.919, 42.917, 42.908, 42.821, 43.057, 44.25, 44.949, 44.939, 44.861, 45.047, 45.184, 44.77, 44.236, 43.798, 43.714, 44.102, 44.401, 44.451, 44.623, 44.998, 45.571, 46.526, 46.962, 46.554, 46.578, 46.975, 46.909, 46.852, 46.989, 46.146, 43.849, 42.278, 42.329, 42.133, 42.871, 44.898, 46.409, 46.628, 46.743, 47.529, 48.755, 49.611, 49.694, 49.634, 49.366, 48.123, 46.869, 46.52, 46.691, 47.152, 47.174, 46.768, 46.661, 46.805, 46.654, 45.765, 45.097, 44.893, 44.687, 44.435, 44.155, 43.783, 43.909, 44.045, 44.137, 44.297, 44.501, 44.778, 45.102, 45.498, 45.723, 45.684, 45.454, 45.52, 45.896, 45.64, 44.905, 44.658, 44.814, 44.933, 44.998, 44.667, 44.271, 44.123, 44.241, 44.313, 44.2, 44.212, 44.293, 44.053, 43.819, 43.648, 43.48, 43.367, 43.353, 43.262, 43.193, 43.235, 43.291, 43.352, 43.415, 43.41, 43.41, 37.713], [37.227, 36.538, 33.986, 30.921, 28.714, 26.663, 25.222, 24.168, 22.011, 19.62, 17.844, 14.906, 10.495, 5.192, 0.0, 5.371, 11.11, 14.692, 16.585, 17.988, 20.211, 22.899, 24.968, 26.381, 27.778, 29.166, 30.449, 31.609, 33.458, 37.057, 40.649, 42.01, 42.218, 42.289, 42.457, 42.601, 42.568, 42.397, 42.523, 42.772, 42.646, 42.43, 42.394, 42.399, 42.394, 42.284, 42.494, 43.667, 44.335, 44.308, 44.221, 44.391, 44.51, 44.077, 43.532, 43.096, 43.011, 43.386, 43.679, 43.73, 43.919, 44.311, 44.888, 45.846, 46.283, 45.859, 45.866, 46.263, 46.198, 46.142, 46.287, 45.45, 43.141, 41.562, 41.622, 41.423, 42.135, 44.16, 45.684, 45.903, 46.031, 46.834, 48.068, 48.933, 49.029, 48.976, 48.705, 47.457, 46.211, 45.871, 46.049, 46.525, 46.551, 46.125, 46.019, 46.177, 46.021, 45.11, 44.419, 44.201, 43.98, 43.702, 43.404, 43.035, 43.176, 43.331, 43.447, 43.639, 43.866, 44.16, 44.499, 44.903, 45.113, 45.067, 44.848, 44.915, 45.291, 45.042, 44.312, 44.061, 44.215, 44.334, 44.4, 44.073, 43.674, 43.524, 43.627, 43.692, 43.583, 43.618, 43.701, 43.441, 43.198, 43.02, 42.843, 42.721, 42.712, 42.63, 42.582, 42.647, 42.691, 42.742, 42.811, 42.813, 42.821, 37.543], [36.532, 35.769, 33.289, 30.457, 28.502, 26.523, 25.016, 23.986, 22.049, 20.049, 18.645, 16.1, 12.368, 8.506, 5.371, 0.0, 6.857, 11.743, 14.336, 15.673, 17.951, 20.932, 23.199, 24.702, 26.183, 27.69, 29.148, 30.401, 32.238, 35.827, 39.447, 40.833, 41.052, 41.134, 41.314, 41.474, 41.437, 41.232, 41.347, 41.616, 41.513, 41.342, 41.383, 41.429, 41.411, 41.295, 41.619, 42.989, 43.701, 43.623, 43.517, 43.721, 43.837, 43.346, 42.764, 42.317, 42.242, 42.661, 43.001, 43.116, 43.362, 43.77, 44.347, 45.322, 45.767, 45.309, 45.28, 45.675, 45.62, 45.562, 45.713, 44.871, 42.469, 40.775, 40.783, 40.616, 41.548, 43.87, 45.558, 45.78, 45.885, 46.709, 47.986, 48.88, 48.969, 48.884, 48.579, 47.283, 45.946, 45.529, 45.705, 46.234, 46.299, 45.868, 45.757, 45.928, 45.78, 44.813, 43.994, 43.649, 43.404, 43.203, 42.892, 42.348, 42.37, 42.547, 42.715, 42.939, 43.174, 43.474, 43.844, 44.283, 44.444, 44.309, 44.037, 44.094, 44.467, 44.193, 43.433, 43.201, 43.381, 43.498, 43.54, 43.155, 42.685, 42.513, 42.6, 42.637, 42.522, 42.58, 42.676, 42.414, 42.151, 41.958, 41.776, 41.654, 41.651, 41.584, 41.572, 41.668, 41.708, 41.753, 41.796, 41.796, 41.826, 36.901], [36.388, 35.558, 33.19, 30.727, 29.186, 27.384, 25.838, 24.861, 23.244, 21.648, 20.466, 18.264, 15.261, 12.689, 11.11, 6.857, 0.0, 6.482, 10.911, 12.691, 14.847, 18.133, 20.77, 22.552, 24.266, 26.049, 27.843, 29.289, 31.166, 34.715, 38.349, 39.765, 39.973, 40.059, 40.276, 40.484, 40.46, 40.213, 40.296, 40.572, 40.488, 40.379, 40.551, 40.673, 40.637, 40.54, 41.028, 42.616, 43.364, 43.227, 43.116, 43.376, 43.498, 42.958, 42.356, 41.901, 41.838, 42.321, 42.73, 42.908, 43.18, 43.565, 44.102, 45.054, 45.489, 45.015, 44.961, 45.361, 45.327, 45.273, 45.42, 44.555, 42.084, 40.313, 40.235, 40.128, 41.347, 43.963, 45.793, 46.03, 46.11, 46.924, 48.222, 49.141, 49.225, 49.108, 48.778, 47.461, 46.061, 45.58, 45.745, 46.293, 46.39, 45.978, 45.869, 46.044, 45.903, 44.894, 43.968, 43.474, 43.204, 43.137, 42.85, 42.1, 41.962, 42.147, 42.348, 42.576, 42.803, 43.105, 43.498, 43.961, 44.071, 43.837, 43.488, 43.515, 43.878, 43.571, 42.794, 42.6, 42.808, 42.912, 42.925, 42.466, 41.886, 41.692, 41.776, 41.766, 41.628, 41.715, 41.831, 41.562, 41.302, 41.124, 40.941, 40.823, 40.848, 40.798, 40.802, 40.906, 40.941, 40.973, 40.988, 40.987, 41.032, 36.753], [37.341, 36.571, 34.379, 32.091, 30.683, 29.03, 27.588, 26.666, 25.19, 23.732, 22.562, 20.421, 17.709, 15.664, 14.692, 11.743, 6.482, 0.0, 6.167, 9.561, 12.337, 15.93, 18.949, 21.233, 23.424, 25.621, 27.747, 29.395, 31.413, 34.994, 38.618, 40.03, 40.217, 40.295, 40.526, 40.763, 40.788, 40.577, 40.659, 40.927, 40.842, 40.732, 40.936, 41.097, 41.064, 40.988, 41.503, 43.064, 43.787, 43.649, 43.55, 43.818, 43.949, 43.436, 42.859, 42.419, 42.365, 42.835, 43.226, 43.389, 43.644, 44.016, 44.509, 45.37, 45.76, 45.32, 45.284, 45.688, 45.675, 45.626, 45.757, 44.902, 42.542, 40.883, 40.748, 40.653, 41.923, 44.469, 46.225, 46.461, 46.553, 47.334, 48.592, 49.497, 49.569, 49.439, 49.128, 47.875, 46.53, 46.059, 46.192, 46.684, 46.774, 46.398, 46.307, 46.477, 46.339, 45.351, 44.453, 43.952, 43.689, 43.677, 43.419, 42.658, 42.499, 42.666, 42.839, 43.024, 43.218, 43.505, 43.88, 44.317, 44.428, 44.206, 43.858, 43.875, 44.216, 43.901, 43.156, 42.998, 43.205, 43.298, 43.314, 42.856, 42.281, 42.107, 42.191, 42.175, 42.038, 42.14, 42.271, 42.003, 41.76, 41.611, 41.433, 41.315, 41.359, 41.305, 41.275, 41.359, 41.393, 41.397, 41.413, 41.413, 41.437, 37.642], [38.195, 37.503, 35.449, 33.128, 31.581, 29.96, 28.667, 27.798, 26.309, 24.819, 23.687, 21.699, 19.177, 17.388, 16.585, 14.336, 10.911, 6.167, 0.0, 5.393, 10.133, 14.471, 17.744, 20.426, 23.11, 25.714, 28.069, 29.825, 31.949, 35.613, 39.26, 40.677, 40.872, 40.945, 41.153, 41.364, 41.418, 41.283, 41.398, 41.659, 41.554, 41.402, 41.56, 41.717, 41.713, 41.649, 42.105, 43.569, 44.272, 44.166, 44.067, 44.308, 44.456, 43.997, 43.451, 43.03, 42.991, 43.427, 43.764, 43.888, 44.115, 44.493, 44.982, 45.78, 46.128, 45.711, 45.698, 46.102, 46.095, 46.056, 46.184, 45.364, 43.118, 41.566, 41.441, 41.304, 42.443, 44.808, 46.448, 46.678, 46.787, 47.547, 48.776, 49.664, 49.724, 49.585, 49.29, 48.098, 46.818, 46.364, 46.453, 46.882, 46.962, 46.62, 46.546, 46.703, 46.564, 45.618, 44.781, 44.338, 44.094, 44.078, 43.846, 43.195, 43.105, 43.253, 43.391, 43.54, 43.708, 43.978, 44.333, 44.75, 44.885, 44.708, 44.394, 44.424, 44.765, 44.458, 43.723, 43.556, 43.742, 43.825, 43.857, 43.443, 42.956, 42.829, 42.915, 42.933, 42.823, 42.904, 43.025, 42.776, 42.546, 42.405, 42.238, 42.117, 42.152, 42.083, 42.034, 42.114, 42.159, 42.162, 42.178, 42.167, 42.162, 38.475], [37.974, 37.264, 35.294, 33.111, 31.675, 30.154, 28.942, 28.117, 26.706, 25.362, 24.396, 22.671, 20.454, 18.835, 17.988, 15.673, 12.691, 9.561, 5.393, 0.0, 6.264, 11.89, 15.735, 18.658, 21.547, 24.409, 27.037, 28.924, 31.106, 34.84, 38.558, 40.045, 40.284, 40.382, 40.612, 40.839, 40.881, 40.73, 40.847, 41.118, 41.014, 40.87, 41.049, 41.226, 41.243, 41.211, 41.715, 43.234, 43.949, 43.828, 43.712, 43.959, 44.128, 43.67, 43.114, 42.701, 42.677, 43.117, 43.456, 43.595, 43.824, 44.191, 44.686, 45.503, 45.854, 45.416, 45.391, 45.798, 45.785, 45.75, 45.888, 45.063, 42.793, 41.238, 41.097, 40.949, 42.105, 44.527, 46.208, 46.443, 46.543, 47.312, 48.568, 49.469, 49.522, 49.37, 49.058, 47.845, 46.542, 46.071, 46.164, 46.614, 46.715, 46.371, 46.275, 46.412, 46.258, 45.274, 44.396, 43.911, 43.641, 43.64, 43.428, 42.774, 42.699, 42.88, 43.053, 43.222, 43.391, 43.662, 44.036, 44.474, 44.6, 44.4, 44.07, 44.098, 44.453, 44.147, 43.396, 43.222, 43.406, 43.479, 43.504, 43.075, 42.56, 42.433, 42.519, 42.53, 42.423, 42.505, 42.615, 42.376, 42.153, 42.002, 41.828, 41.704, 41.731, 41.66, 41.634, 41.728, 41.774, 41.791, 41.797, 41.775, 41.764, 38.268], [37.738, 36.992, 35.155, 33.339, 32.269, 30.942, 29.803, 29.053, 27.806, 26.694, 25.924, 24.445, 22.487, 21.013, 20.211, 17.951, 14.847, 12.337, 10.133, 6.264, 0.0, 6.672, 11.667, 15.457, 18.775, 21.938, 25.058, 27.317, 29.684, 33.534, 37.371, 38.964, 39.263, 39.401, 39.691, 39.977, 40.025, 39.837, 39.943, 40.242, 40.166, 40.069, 40.334, 40.558, 40.563, 40.572, 41.203, 42.792, 43.492, 43.335, 43.208, 43.462, 43.624, 43.145, 42.581, 42.176, 42.15, 42.579, 42.92, 43.082, 43.325, 43.679, 44.167, 45.018, 45.401, 44.952, 44.906, 45.31, 45.285, 45.242, 45.396, 44.562, 42.272, 40.734, 40.569, 40.413, 41.624, 44.122, 45.852, 46.091, 46.186, 46.969, 48.243, 49.159, 49.218, 49.061, 48.732, 47.497, 46.185, 45.711, 45.829, 46.326, 46.455, 46.124, 46.03, 46.176, 46.008, 44.939, 43.995, 43.459, 43.167, 43.191, 43.004, 42.312, 42.224, 42.443, 42.661, 42.865, 43.048, 43.331, 43.726, 44.176, 44.282, 44.051, 43.687, 43.692, 44.056, 43.753, 42.991, 42.824, 43.019, 43.082, 43.094, 42.626, 42.027, 41.876, 41.965, 41.924, 41.786, 41.891, 42.011, 41.762, 41.539, 41.393, 41.22, 41.097, 41.124, 41.052, 41.029, 41.115, 41.151, 41.168, 41.163, 41.136, 41.118, 38.018], [38.121, 37.409, 35.749, 34.221, 33.375, 32.186, 31.172, 30.532, 29.388, 28.389, 27.76, 26.513, 24.792, 23.536, 22.899, 20.932, 18.133, 15.93, 14.471, 11.89, 6.672, 0.0, 6.167, 11.666, 16.027, 19.623, 23.235, 25.948, 28.618, 32.682, 36.698, 38.418, 38.79, 38.951, 39.275, 39.607, 39.692, 39.527, 39.653, 39.98, 39.934, 39.882, 40.225, 40.483, 40.452, 40.5, 41.261, 42.855, 43.518, 43.339, 43.194, 43.419, 43.552, 43.067, 42.51, 42.112, 42.073, 42.464, 42.779, 42.922, 43.155, 43.511, 44.0, 44.875, 45.294, 44.866, 44.825, 45.222, 45.173, 45.114, 45.279, 44.461, 42.212, 40.736, 40.577, 40.374, 41.543, 44.014, 45.722, 45.952, 46.063, 46.856, 48.118, 49.022, 49.087, 48.942, 48.616, 47.4, 46.134, 45.676, 45.789, 46.283, 46.418, 46.114, 46.04, 46.198, 46.029, 44.917, 43.946, 43.434, 43.166, 43.195, 43.039, 42.392, 42.335, 42.571, 42.813, 43.042, 43.231, 43.512, 43.904, 44.341, 44.44, 44.22, 43.856, 43.842, 44.205, 43.915, 43.159, 42.988, 43.191, 43.261, 43.266, 42.78, 42.149, 42.003, 42.096, 42.004, 41.829, 41.947, 42.084, 41.83, 41.591, 41.458, 41.308, 41.197, 41.217, 41.139, 41.092, 41.157, 41.196, 41.208, 41.195, 41.159, 41.123, 38.359], [38.433, 37.805, 36.371, 35.045, 34.281, 33.158, 32.239, 31.661, 30.549, 29.603, 29.052, 27.951, 26.46, 25.469, 24.968, 23.199, 20.77, 18.949, 17.744, 15.735, 11.667, 6.167, 0.0, 6.931, 12.752, 17.09, 21.132, 24.149, 27.183, 31.651, 35.94, 37.812, 38.258, 38.449, 38.809, 39.185, 39.308, 39.17, 39.312, 39.653, 39.63, 39.611, 39.987, 40.243, 40.19, 40.279, 41.148, 42.775, 43.443, 43.258, 43.091, 43.296, 43.422, 42.937, 42.381, 41.989, 41.944, 42.311, 42.63, 42.79, 43.021, 43.371, 43.867, 44.768, 45.21, 44.786, 44.749, 45.138, 45.063, 44.989, 45.16, 44.34, 42.081, 40.632, 40.496, 40.281, 41.462, 43.968, 45.688, 45.901, 46.01, 46.809, 48.065, 48.952, 49.003, 48.858, 48.535, 47.325, 46.07, 45.618, 45.731, 46.227, 46.36, 46.055, 45.973, 46.119, 45.946, 44.822, 43.825, 43.305, 43.048, 43.106, 42.96, 42.31, 42.274, 42.543, 42.819, 43.061, 43.24, 43.51, 43.902, 44.342, 44.437, 44.235, 43.886, 43.856, 44.207, 43.943, 43.217, 43.042, 43.246, 43.324, 43.315, 42.806, 42.17, 42.033, 42.109, 41.979, 41.778, 41.892, 42.041, 41.794, 41.536, 41.397, 41.264, 41.163, 41.178, 41.095, 41.034, 41.101, 41.156, 41.161, 41.135, 41.09, 41.043, 38.647], [38.11, 37.522, 36.342, 35.337, 34.754, 33.686, 32.757, 32.175, 31.147, 30.374, 29.928, 28.898, 27.622, 26.852, 26.381, 24.702, 22.552, 21.233, 20.426, 18.658, 15.457, 11.666, 6.931, 0.0, 7.164, 13.046, 17.947, 21.219, 24.591, 29.58, 34.231, 36.29, 36.82, 37.088, 37.542, 37.998, 38.137, 37.97, 38.103, 38.457, 38.458, 38.474, 38.875, 39.132, 39.08, 39.213, 40.219, 41.999, 42.728, 42.551, 42.384, 42.623, 42.774, 42.268, 41.697, 41.31, 41.265, 41.641, 42.022, 42.255, 42.518, 42.858, 43.358, 44.303, 44.755, 44.288, 44.219, 44.601, 44.502, 44.415, 44.597, 43.735, 41.311, 39.735, 39.594, 39.44, 40.828, 43.585, 45.429, 45.625, 45.703, 46.524, 47.82, 48.716, 48.736, 48.566, 48.234, 46.984, 45.645, 45.155, 45.322, 45.907, 46.057, 45.726, 45.625, 45.76, 45.57, 44.406, 43.329, 42.673, 42.354, 42.485, 42.314, 41.488, 41.387, 41.714, 42.043, 42.293, 42.454, 42.72, 43.139, 43.616, 43.699, 43.472, 43.094, 43.04, 43.394, 43.155, 42.455, 42.276, 42.476, 42.553, 42.507, 41.94, 41.263, 41.108, 41.143, 40.968, 40.747, 40.86, 41.008, 40.758, 40.483, 40.312, 40.153, 40.045, 40.065, 39.992, 39.941, 40.035, 40.107, 40.106, 40.055, 40.008, 39.968, 38.341], [37.618, 36.999, 36.041, 35.489, 35.239, 34.278, 33.308, 32.713, 31.863, 31.407, 31.139, 30.153, 28.989, 28.294, 27.778, 26.183, 24.266, 23.424, 23.11, 21.547, 18.775, 16.027, 12.752, 7.164, 0.0, 7.775, 14.385, 18.271, 21.755, 27.014, 32.008, 34.298, 34.945, 35.33, 35.924, 36.492, 36.643, 36.437, 36.574, 36.959, 36.994, 37.057, 37.516, 37.807, 37.761, 37.916, 39.049, 41.001, 41.79, 41.619, 41.483, 41.792, 41.966, 41.416, 40.827, 40.449, 40.417, 40.822, 41.265, 41.559, 41.865, 42.195, 42.694, 43.695, 44.16, 43.624, 43.496, 43.875, 43.753, 43.643, 43.842, 42.936, 40.291, 38.489, 38.316, 38.224, 39.88, 42.979, 44.983, 45.163, 45.222, 46.097, 47.448, 48.361, 48.363, 48.17, 47.819, 46.5, 45.035, 44.485, 44.708, 45.396, 45.568, 45.217, 45.109, 45.258, 45.056, 43.834, 42.652, 41.831, 41.437, 41.651, 41.465, 40.414, 40.206, 40.593, 40.984, 41.251, 41.403, 41.679, 42.149, 42.693, 42.763, 42.471, 42.027, 41.947, 42.317, 42.088, 41.393, 41.225, 41.444, 41.522, 41.432, 40.768, 39.982, 39.798, 39.804, 39.565, 39.317, 39.452, 39.597, 39.318, 39.023, 38.831, 38.654, 38.539, 38.565, 38.521, 38.509, 38.631, 38.704, 38.685, 38.593, 38.544, 38.528, 37.855], [36.994, 36.34, 35.555, 35.456, 35.591, 34.807, 33.874, 33.314, 32.631, 32.46, 32.399, 31.534, 30.439, 29.729, 29.166, 27.69, 26.049, 25.621, 25.714, 24.409, 21.938, 19.623, 17.09, 13.046, 7.775, 0.0, 8.444, 13.979, 18.138, 23.709, 29.117, 31.722, 32.522, 33.034, 33.797, 34.518, 34.715, 34.531, 34.744, 35.21, 35.295, 35.414, 35.98, 36.341, 36.287, 36.483, 37.804, 39.94, 40.781, 40.597, 40.461, 40.821, 41.017, 40.402, 39.783, 39.461, 39.486, 39.916, 40.405, 40.761, 41.078, 41.379, 41.894, 42.973, 43.45, 42.832, 42.639, 43.018, 42.873, 42.741, 42.953, 41.981, 39.146, 37.197, 37.01, 36.901, 38.719, 42.125, 44.297, 44.489, 44.575, 45.529, 46.919, 47.832, 47.829, 47.62, 47.222, 45.809, 44.223, 43.613, 43.87, 44.638, 44.818, 44.425, 44.29, 44.454, 44.237, 42.925, 41.621, 40.691, 40.242, 40.496, 40.301, 39.114, 38.832, 39.279, 39.748, 40.056, 40.227, 40.538, 41.079, 41.71, 41.787, 41.444, 40.944, 40.838, 41.223, 41.003, 40.304, 40.181, 40.46, 40.556, 40.432, 39.664, 38.734, 38.506, 38.503, 38.206, 37.913, 38.078, 38.232, 37.925, 37.624, 37.444, 37.279, 37.149, 37.151, 37.134, 37.16, 37.291, 37.352, 37.32, 37.182, 37.12, 37.125, 37.172], [36.771, 36.132, 35.38, 35.47, 35.837, 35.179, 34.281, 33.758, 33.19, 33.185, 33.26, 32.579, 31.649, 30.995, 30.449, 29.148, 27.843, 27.747, 28.069, 27.037, 25.058, 23.235, 21.132, 17.947, 14.385, 8.444, 0.0, 7.52, 13.907, 20.655, 26.585, 29.485, 30.377, 30.907, 31.802, 32.69, 32.973, 32.903, 33.264, 33.806, 33.911, 34.07, 34.727, 35.143, 35.083, 35.329, 36.849, 39.158, 40.081, 39.921, 39.748, 40.099, 40.336, 39.73, 39.079, 38.759, 38.803, 39.238, 39.77, 40.204, 40.542, 40.816, 41.333, 42.454, 42.938, 42.281, 42.055, 42.424, 42.279, 42.168, 42.404, 41.402, 38.532, 36.628, 36.472, 36.362, 38.249, 41.812, 44.08, 44.278, 44.398, 45.431, 46.863, 47.774, 47.765, 47.546, 47.102, 45.612, 43.939, 43.271, 43.552, 44.386, 44.532, 44.039, 43.842, 44.007, 43.773, 42.386, 41.017, 40.093, 39.632, 39.832, 39.547, 38.296, 38.017, 38.497, 38.995, 39.317, 39.511, 39.861, 40.444, 41.129, 41.234, 40.885, 40.35, 40.217, 40.61, 40.394, 39.692, 39.603, 39.921, 40.03, 39.899, 39.111, 38.167, 37.921, 37.905, 37.608, 37.318, 37.503, 37.664, 37.357, 37.085, 36.921, 36.761, 36.606, 36.554, 36.52, 36.564, 36.716, 36.779, 36.772, 36.614, 36.529, 36.557, 36.862], [36.804, 36.226, 35.545, 35.697, 36.133, 35.54, 34.703, 34.251, 33.796, 33.908, 34.074, 33.531, 32.755, 32.151, 31.609, 30.401, 29.289, 29.395, 29.825, 28.924, 27.317, 25.948, 24.149, 21.219, 18.271, 13.979, 7.52, 0.0, 8.778, 17.651, 24.531, 27.804, 28.832, 29.432, 30.467, 31.499, 31.893, 31.953, 32.404, 32.941, 33.019, 33.194, 33.89, 34.334, 34.306, 34.572, 36.112, 38.474, 39.471, 39.378, 39.18, 39.489, 39.785, 39.3, 38.713, 38.375, 38.37, 38.779, 39.351, 39.848, 40.226, 40.502, 40.998, 42.099, 42.569, 41.907, 41.682, 42.043, 41.901, 41.797, 42.044, 41.084, 38.351, 36.659, 36.577, 36.513, 38.455, 42.048, 44.295, 44.459, 44.566, 45.617, 47.069, 47.97, 47.936, 47.699, 47.234, 45.72, 44.007, 43.312, 43.635, 44.554, 44.707, 44.159, 43.911, 44.061, 43.809, 42.407, 41.033, 40.12, 39.645, 39.807, 39.457, 38.157, 37.886, 38.366, 38.838, 39.13, 39.319, 39.675, 40.249, 40.941, 41.079, 40.748, 40.206, 40.065, 40.451, 40.238, 39.554, 39.475, 39.787, 39.888, 39.747, 38.983, 38.107, 37.878, 37.855, 37.581, 37.322, 37.517, 37.7, 37.42, 37.178, 37.009, 36.83, 36.669, 36.603, 36.546, 36.581, 36.763, 36.834, 36.825, 36.668, 36.582, 36.629, 36.873], [36.229, 35.68, 35.459, 36.231, 37.004, 36.503, 35.754, 35.498, 35.321, 35.679, 35.976, 35.52, 34.782, 34.091, 33.458, 32.238, 31.166, 31.413, 31.949, 31.106, 29.684, 28.618, 27.183, 24.591, 21.755, 18.138, 13.907, 8.778, 0.0, 10.835, 19.656, 23.957, 25.415, 26.324, 27.694, 28.995, 29.569, 29.754, 30.255, 30.8, 30.911, 31.16, 31.963, 32.517, 32.548, 32.828, 34.453, 36.981, 38.049, 37.943, 37.746, 38.106, 38.455, 38.048, 37.629, 37.419, 37.423, 37.834, 38.444, 38.978, 39.365, 39.613, 40.083, 41.195, 41.663, 40.966, 40.725, 41.099, 40.929, 40.749, 40.974, 40.08, 37.352, 35.69, 35.625, 35.586, 37.774, 41.709, 44.13, 44.316, 44.425, 45.495, 46.973, 47.892, 47.846, 47.565, 47.047, 45.468, 43.641, 42.873, 43.228, 44.259, 44.475, 43.907, 43.621, 43.755, 43.491, 42.033, 40.476, 39.352, 38.8, 39.014, 38.664, 37.186, 36.794, 37.3, 37.826, 38.149, 38.339, 38.689, 39.269, 40.0, 40.164, 39.803, 39.226, 39.091, 39.503, 39.28, 38.577, 38.526, 38.873, 38.969, 38.811, 38.01, 37.075, 36.797, 36.756, 36.466, 36.192, 36.396, 36.591, 36.321, 36.11, 35.944, 35.75, 35.59, 35.524, 35.458, 35.506, 35.725, 35.792, 35.761, 35.586, 35.498, 35.574, 36.336], [35.934, 35.357, 35.833, 37.711, 39.194, 38.91, 38.212, 38.134, 38.351, 39.125, 39.627, 39.255, 38.554, 37.784, 37.057, 35.827, 34.715, 34.994, 35.613, 34.84, 33.534, 32.682, 31.651, 29.58, 27.014, 23.709, 20.655, 17.651, 10.835, 0.0, 10.919, 17.284, 19.711, 20.947, 22.758, 24.608, 25.543, 25.989, 26.665, 27.294, 27.538, 27.969, 28.991, 29.774, 29.899, 30.219, 32.122, 35.007, 36.164, 35.976, 35.813, 36.371, 36.817, 36.4, 36.166, 36.237, 36.388, 36.866, 37.532, 38.139, 38.535, 38.711, 39.12, 40.243, 40.713, 39.966, 39.694, 40.078, 39.865, 39.61, 39.818, 38.968, 36.187, 34.434, 34.286, 34.3, 36.888, 41.357, 44.107, 44.399, 44.536, 45.618, 47.122, 48.08, 48.04, 47.705, 47.123, 45.473, 43.499, 42.591, 42.907, 44.026, 44.317, 43.742, 43.453, 43.608, 43.358, 41.816, 39.948, 38.463, 37.82, 38.17, 37.813, 35.968, 35.27, 35.795, 36.452, 36.877, 37.089, 37.424, 38.008, 38.789, 38.949, 38.502, 37.814, 37.613, 38.049, 37.847, 37.128, 37.127, 37.55, 37.66, 37.468, 36.547, 35.411, 35.041, 34.993, 34.65, 34.34, 34.574, 34.753, 34.476, 34.328, 34.209, 34.035, 33.884, 33.807, 33.747, 33.841, 34.089, 34.127, 34.078, 33.873, 33.791, 33.929, 36.03], [36.404, 35.813, 36.696, 39.304, 41.367, 41.36, 40.69, 40.629, 41.082, 42.198, 42.94, 42.722, 42.136, 41.401, 40.649, 39.447, 38.349, 38.618, 39.26, 38.558, 37.371, 36.698, 35.94, 34.231, 32.008, 29.117, 26.585, 24.531, 19.656, 10.919, 0.0, 8.685, 13.18, 15.281, 17.505, 19.966, 21.456, 22.453, 23.521, 24.282, 24.713, 25.443, 26.746, 27.756, 27.992, 28.32, 30.402, 33.565, 34.824, 34.6, 34.487, 35.234, 35.82, 35.432, 35.314, 35.634, 35.999, 36.581, 37.267, 37.905, 38.317, 38.466, 38.808, 39.854, 40.285, 39.53, 39.253, 39.643, 39.423, 39.179, 39.381, 38.548, 35.914, 34.294, 34.084, 34.166, 36.979, 41.671, 44.591, 44.97, 45.122, 46.195, 47.703, 48.66, 48.6, 48.238, 47.665, 46.057, 44.057, 43.069, 43.307, 44.415, 44.742, 44.189, 43.932, 44.115, 43.906, 42.381, 40.343, 38.569, 37.825, 38.318, 38.013, 35.908, 34.921, 35.42, 36.162, 36.648, 36.86, 37.16, 37.723, 38.492, 38.573, 38.019, 37.22, 36.915, 37.332, 37.17, 36.476, 36.481, 36.909, 37.024, 36.794, 35.769, 34.532, 34.148, 34.064, 33.646, 33.351, 33.617, 33.769, 33.532, 33.462, 33.399, 33.26, 33.123, 33.05, 33.027, 33.199, 33.483, 33.513, 33.484, 33.274, 33.218, 33.419, 36.434], [36.489, 35.908, 36.901, 39.699, 41.961, 42.125, 41.533, 41.468, 41.975, 43.226, 44.11, 43.992, 43.455, 42.751, 42.01, 40.833, 39.765, 40.03, 40.677, 40.045, 38.964, 38.418, 37.812, 36.29, 34.298, 31.722, 29.485, 27.804, 23.957, 17.284, 8.685, 0.0, 6.629, 10.865, 14.005, 16.758, 18.574, 20.072, 21.515, 22.423, 23.005, 23.96, 25.475, 26.622, 26.887, 27.094, 29.102, 32.35, 33.673, 33.49, 33.462, 34.338, 35.037, 34.694, 34.607, 35.039, 35.628, 36.428, 37.193, 37.821, 38.24, 38.399, 38.703, 39.667, 40.059, 39.314, 39.034, 39.414, 39.209, 39.01, 39.224, 38.398, 35.874, 34.411, 34.246, 34.323, 37.048, 41.654, 44.58, 44.98, 45.119, 46.163, 47.662, 48.616, 48.544, 48.184, 47.645, 46.077, 44.09, 43.087, 43.278, 44.349, 44.698, 44.189, 43.979, 44.182, 44.012, 42.56, 40.514, 38.628, 37.835, 38.437, 38.232, 36.092, 35.001, 35.471, 36.243, 36.757, 36.976, 37.277, 37.853, 38.612, 38.618, 38.0, 37.202, 36.903, 37.298, 37.136, 36.456, 36.441, 36.831, 36.93, 36.673, 35.606, 34.368, 33.996, 33.877, 33.424, 33.166, 33.443, 33.583, 33.381, 33.325, 33.259, 33.12, 32.987, 32.924, 32.928, 33.156, 33.459, 33.494, 33.508, 33.324, 33.271, 33.492, 36.52], [36.258, 35.683, 36.728, 39.566, 41.857, 42.064, 41.517, 41.479, 42.003, 43.295, 44.231, 44.142, 43.62, 42.938, 42.218, 41.052, 39.973, 40.217, 40.872, 40.284, 39.263, 38.79, 38.258, 36.82, 34.945, 32.522, 30.377, 28.832, 25.415, 19.711, 13.18, 6.629, 0.0, 6.206, 11.125, 14.555, 16.551, 18.32, 20.025, 21.059, 21.724, 22.807, 24.505, 25.79, 26.056, 26.109, 28.009, 31.313, 32.684, 32.553, 32.607, 33.626, 34.453, 34.118, 34.018, 34.477, 35.129, 36.071, 36.99, 37.7, 38.128, 38.252, 38.522, 39.461, 39.839, 39.094, 38.807, 39.17, 38.966, 38.789, 39.017, 38.189, 35.65, 34.217, 34.111, 34.185, 36.809, 41.338, 44.273, 44.68, 44.808, 45.838, 47.346, 48.337, 48.301, 47.961, 47.413, 45.798, 43.776, 42.769, 42.96, 44.047, 44.419, 43.942, 43.773, 44.005, 43.854, 42.423, 40.403, 38.492, 37.687, 38.354, 38.203, 36.047, 34.936, 35.412, 36.202, 36.742, 36.99, 37.321, 37.933, 38.703, 38.683, 38.022, 37.21, 36.92, 37.303, 37.123, 36.424, 36.39, 36.769, 36.857, 36.583, 35.478, 34.208, 33.834, 33.706, 33.237, 32.973, 33.251, 33.402, 33.21, 33.149, 33.085, 32.953, 32.816, 32.727, 32.728, 32.973, 33.248, 33.27, 33.32, 33.14, 33.073, 33.31, 36.332], [36.218, 35.634, 36.647, 39.49, 41.798, 41.975, 41.409, 41.392, 41.942, 43.238, 44.169, 44.106, 43.633, 42.989, 42.289, 41.134, 40.059, 40.295, 40.945, 40.382, 39.401, 38.951, 38.449, 37.088, 35.33, 33.034, 30.907, 29.432, 26.324, 20.947, 15.281, 10.865, 6.206, 0.0, 6.412, 11.165, 13.858, 16.074, 18.062, 19.184, 19.924, 21.17, 23.106, 24.578, 24.889, 24.916, 26.941, 30.467, 31.935, 31.815, 31.894, 33.042, 34.014, 33.694, 33.56, 34.056, 34.732, 35.67, 36.66, 37.483, 37.983, 38.124, 38.388, 39.317, 39.691, 38.948, 38.652, 38.999, 38.791, 38.624, 38.867, 38.061, 35.547, 34.101, 34.016, 34.114, 36.726, 41.227, 44.174, 44.597, 44.724, 45.752, 47.281, 48.297, 48.279, 47.95, 47.387, 45.733, 43.699, 42.711, 42.913, 44.019, 44.411, 43.949, 43.795, 44.044, 43.901, 42.483, 40.514, 38.634, 37.82, 38.502, 38.336, 36.125, 34.983, 35.457, 36.251, 36.804, 37.067, 37.402, 38.006, 38.773, 38.763, 38.095, 37.258, 36.952, 37.33, 37.136, 36.393, 36.316, 36.683, 36.769, 36.503, 35.401, 34.124, 33.743, 33.624, 33.173, 32.893, 33.16, 33.322, 33.14, 33.091, 33.04, 32.922, 32.78, 32.655, 32.639, 32.89, 33.14, 33.155, 33.23, 33.038, 32.945, 33.179, 36.292], [36.286, 35.702, 36.653, 39.459, 41.782, 41.954, 41.383, 41.386, 41.956, 43.252, 44.184, 44.166, 43.742, 43.136, 42.457, 41.314, 40.276, 40.526, 41.153, 40.612, 39.691, 39.275, 38.809, 37.542, 35.924, 33.797, 31.802, 30.467, 27.694, 22.758, 17.505, 14.005, 11.125, 6.412, 0.0, 5.898, 10.032, 13.359, 15.726, 16.839, 17.683, 19.176, 21.384, 23.046, 23.399, 23.447, 25.736, 29.612, 31.211, 31.076, 31.168, 32.409, 33.482, 33.2, 33.026, 33.549, 34.341, 35.317, 36.307, 37.233, 37.897, 38.158, 38.446, 39.359, 39.749, 39.035, 38.75, 39.097, 38.905, 38.755, 38.999, 38.219, 35.736, 34.227, 34.125, 34.229, 36.846, 41.325, 44.282, 44.736, 44.876, 45.894, 47.418, 48.437, 48.417, 48.085, 47.519, 45.864, 43.864, 42.9, 43.101, 44.201, 44.589, 44.128, 43.977, 44.226, 44.093, 42.727, 40.8, 38.94, 38.129, 38.83, 38.668, 36.425, 35.216, 35.625, 36.391, 36.939, 37.201, 37.515, 38.1, 38.868, 38.86, 38.19, 37.353, 37.052, 3