[[0.0, 5.636, 11.18, 15.117, 17.4, 18.882, 22.314, 26.378, 28.536, 29.065, 30.253, 32.034, 32.532, 33.6, 34.504, 35.064, 35.511, 36.153, 37.212, 36.237, 36.139, 36.719, 35.887, 35.557, 40.191, 44.507, 45.405, 48.072, 51.053, 51.493, 50.891, 50.717, 49.573, 48.417, 48.673, 49.196, 49.853, 50.98, 51.323, 50.605, 51.232, 52.521, 51.336, 51.46, 50.903, 41.935, 36.637, 36.656, 35.719, 36.297, 38.904, 39.89, 39.296, 39.063, 38.38, 37.534, 37.674, 37.305, 37.143, 36.522, 34.768, 34.472, 35.698, 36.154, 35.256, 34.617, 34.361, 34.441, 35.736, 36.044, 35.566, 36.26, 37.051, 36.939, 36.411, 36.629, 37.675, 39.133, 39.719, 39.709, 40.646, 41.481, 40.713, 39.295, 38.662, 38.788, 38.443, 38.408, 37.881, 37.143, 36.826, 36.427, 36.734, 36.152, 33.997, 34.797, 34.336, 4.926], [5.636, 0.0, 7.228, 12.616, 15.387, 16.99, 20.672, 24.981, 27.374, 27.968, 29.123, 30.983, 31.55, 32.725, 33.713, 34.335, 34.888, 35.599, 36.729, 35.748, 35.654, 36.285, 35.474, 35.233, 40.003, 44.355, 45.275, 47.953, 50.936, 51.39, 50.784, 50.608, 49.429, 48.238, 48.5, 49.045, 49.717, 50.861, 51.213, 50.491, 51.14, 52.454, 51.213, 51.313, 50.752, 41.677, 36.283, 36.302, 35.359, 35.971, 38.653, 39.666, 39.041, 38.795, 38.091, 37.22, 37.343, 36.944, 36.762, 36.122, 34.326, 34.026, 35.311, 35.789, 34.873, 34.204, 33.915, 33.932, 35.234, 35.556, 35.044, 35.72, 36.496, 36.358, 35.831, 36.075, 37.151, 38.669, 39.288, 39.298, 40.287, 41.144, 40.35, 38.917, 38.278, 38.401, 38.049, 38.037, 37.55, 36.815, 36.481, 36.079, 36.393, 35.779, 33.556, 34.396, 33.938, 8.423], [11.18, 7.228, 0.0, 7.27, 11.449, 13.175, 17.111, 22.219, 25.132, 25.818, 27.029, 29.105, 29.842, 31.252, 32.391, 33.101, 33.771, 34.568, 35.868, 34.991, 34.946, 35.588, 34.82, 34.702, 39.709, 44.12, 45.064, 47.844, 50.858, 51.318, 50.722, 50.535, 49.317, 48.081, 48.338, 48.888, 49.556, 50.702, 51.048, 50.314, 50.968, 52.29, 51.0, 51.074, 50.505, 41.37, 35.947, 35.954, 35.029, 35.709, 38.489, 39.546, 38.894, 38.634, 37.931, 37.04, 37.123, 36.684, 36.486, 35.809, 33.928, 33.622, 35.006, 35.507, 34.515, 33.777, 33.433, 33.397, 34.732, 35.06, 34.518, 35.221, 36.013, 35.825, 35.279, 35.585, 36.733, 38.29, 38.927, 38.961, 40.008, 40.87, 40.048, 38.611, 37.986, 38.155, 37.792, 37.781, 37.322, 36.575, 36.226, 35.781, 36.035, 35.392, 33.073, 33.91, 33.476, 12.712], [15.117, 12.616, 7.27, 0.0, 6.196, 9.034, 12.767, 19.048, 22.713, 23.479, 24.788, 27.085, 28.035, 29.672, 30.917, 31.702, 32.471, 33.369, 34.869, 34.234, 34.327, 34.974, 34.247, 34.241, 39.569, 44.097, 45.034, 47.912, 50.923, 51.332, 50.744, 50.558, 49.354, 48.116, 48.374, 48.932, 49.595, 50.738, 51.075, 50.341, 50.981, 52.294, 51.012, 51.065, 50.515, 41.434, 35.953, 35.959, 35.002, 35.592, 38.416, 39.499, 38.858, 38.605, 37.901, 37.006, 37.071, 36.609, 36.401, 35.708, 33.816, 33.545, 34.983, 35.457, 34.432, 33.7, 33.358, 33.343, 34.685, 34.997, 34.487, 35.265, 36.105, 35.869, 35.258, 35.576, 36.744, 38.293, 38.937, 38.97, 39.996, 40.829, 40.008, 38.576, 37.973, 38.176, 37.796, 37.775, 37.323, 36.581, 36.23, 35.734, 35.951, 35.343, 33.022, 33.808, 33.412, 16.097], [17.4, 15.387, 11.449, 6.196, 0.0, 5.217, 9.905, 16.515, 20.638, 21.534, 22.999, 25.484, 26.635, 28.473, 29.839, 30.729, 31.658, 32.676, 34.274, 33.824, 34.007, 34.6, 33.882, 33.958, 39.469, 44.113, 45.068, 47.985, 50.986, 51.376, 50.789, 50.598, 49.422, 48.201, 48.473, 49.033, 49.679, 50.8, 51.127, 50.405, 51.029, 52.331, 51.063, 51.099, 50.568, 41.555, 36.01, 35.996, 34.985, 35.374, 38.197, 39.316, 38.692, 38.453, 37.762, 36.86, 36.899, 36.423, 36.211, 35.559, 33.772, 33.572, 34.994, 35.411, 34.378, 33.673, 33.35, 33.433, 34.822, 35.132, 34.66, 35.461, 36.323, 36.084, 35.45, 35.751, 36.916, 38.427, 39.053, 39.089, 40.079, 40.876, 40.071, 38.661, 38.075, 38.282, 37.9, 37.89, 37.479, 36.762, 36.413, 35.915, 36.092, 35.481, 33.234, 33.994, 33.605, 18.122], [18.882, 16.99, 13.175, 9.034, 5.217, 0.0, 7.332, 15.086, 19.303, 20.281, 21.908, 24.526, 25.783, 27.787, 29.26, 30.171, 31.175, 32.257, 33.894, 33.513, 33.72, 34.292, 33.601, 33.741, 39.337, 44.043, 45.047, 48.009, 51.033, 51.453, 50.888, 50.711, 49.547, 48.324, 48.602, 49.167, 49.807, 50.904, 51.213, 50.487, 51.109, 52.42, 51.163, 51.184, 50.638, 41.575, 35.951, 35.915, 34.899, 35.243, 38.063, 39.204, 38.585, 38.365, 37.69, 36.748, 36.74, 36.256, 36.046, 35.425, 33.665, 33.472, 34.909, 35.345, 34.318, 33.622, 33.306, 33.406, 34.841, 35.176, 34.708, 35.5, 36.369, 36.131, 35.469, 35.769, 36.936, 38.417, 39.027, 39.064, 40.042, 40.81, 39.997, 38.607, 38.04, 38.275, 37.898, 37.89, 37.504, 36.8, 36.448, 35.954, 36.123, 35.499, 33.26, 34.051, 33.654, 19.547], [22.314, 20.672, 17.111, 12.767, 9.905, 7.332, 0.0, 10.543, 16.333, 17.442, 19.075, 21.842, 23.372, 25.699, 27.329, 28.371, 29.542, 30.666, 32.479, 32.543, 32.997, 33.56, 33.064, 33.479, 39.225, 43.916, 44.917, 47.956, 50.908, 51.273, 50.733, 50.56, 49.397, 48.191, 48.481, 49.059, 49.679, 50.749, 51.054, 50.34, 50.93, 52.177, 50.905, 50.913, 50.451, 41.718, 36.257, 36.223, 35.208, 35.425, 38.164, 39.285, 38.713, 38.516, 37.826, 36.909, 36.913, 36.447, 36.25, 35.685, 34.063, 33.898, 35.27, 35.63, 34.631, 33.997, 33.734, 33.836, 35.18, 35.52, 35.079, 35.784, 36.58, 36.299, 35.601, 35.909, 37.033, 38.449, 39.063, 39.099, 39.988, 40.7, 39.924, 38.616, 38.123, 38.379, 38.015, 38.029, 37.724, 37.124, 36.808, 36.34, 36.537, 35.976, 33.854, 34.535, 34.234, 22.93], [26.378, 24.981, 22.219, 19.048, 16.515, 15.086, 10.543, 0.0, 8.407, 10.682, 12.692, 16.152, 18.444, 21.651, 23.534, 24.931, 26.861, 28.338, 30.342, 31.126, 31.974, 32.45, 32.241, 33.0, 38.716, 43.436, 44.464, 47.52, 50.41, 50.765, 50.257, 50.024, 48.85, 47.676, 47.97, 48.543, 49.118, 50.067, 50.309, 49.649, 50.192, 51.336, 50.037, 50.038, 49.683, 41.605, 36.687, 36.666, 35.633, 35.511, 37.911, 38.985, 38.502, 38.352, 37.725, 36.879, 36.923, 36.504, 36.358, 36.004, 34.835, 34.827, 35.997, 36.201, 35.281, 34.766, 34.555, 34.719, 35.922, 36.235, 35.872, 36.408, 37.032, 36.741, 36.138, 36.466, 37.498, 38.804, 39.397, 39.479, 40.303, 40.972, 40.252, 39.022, 38.661, 38.937, 38.588, 38.65, 38.479, 38.059, 37.824, 37.442, 37.695, 37.251, 35.383, 35.718, 35.56, 26.878], [28.536, 27.374, 25.132, 22.713, 20.638, 19.303, 16.333, 8.407, 0.0, 4.7, 8.507, 12.195, 15.076, 19.032, 20.986, 22.528, 25.042, 26.901, 28.973, 30.048, 31.074, 31.522, 31.437, 32.366, 38.11, 42.909, 44.044, 46.994, 49.914, 50.376, 49.911, 49.643, 48.467, 47.326, 47.621, 48.179, 48.745, 49.634, 49.829, 49.194, 49.723, 50.84, 49.543, 49.53, 49.159, 41.373, 36.839, 36.833, 35.821, 35.502, 37.6, 38.61, 38.17, 38.048, 37.483, 36.661, 36.721, 36.358, 36.287, 36.058, 35.152, 35.223, 36.242, 36.503, 35.751, 35.303, 35.115, 35.367, 36.501, 36.746, 36.483, 36.99, 37.538, 37.262, 36.693, 36.991, 38.025, 39.294, 39.848, 39.968, 40.806, 41.452, 40.739, 39.531, 39.249, 39.567, 39.217, 39.247, 39.083, 38.733, 38.553, 38.21, 38.441, 38.051, 36.343, 36.512, 36.395, 28.952], [29.065, 27.968, 25.818, 23.479, 21.534, 20.281, 17.442, 10.682, 4.7, 0.0, 5.968, 10.551, 13.367, 17.709, 19.857, 21.488, 24.161, 26.141, 28.295, 29.455, 30.561, 31.057, 31.005, 32.074, 37.981, 42.795, 43.978, 46.941, 49.877, 50.37, 49.934, 49.681, 48.509, 47.387, 47.697, 48.256, 48.823, 49.715, 49.924, 49.294, 49.812, 50.915, 49.632, 49.627, 49.253, 41.498, 36.963, 36.958, 35.948, 35.606, 37.683, 38.696, 38.262, 38.145, 37.582, 36.767, 36.821, 36.46, 36.407, 36.188, 35.286, 35.347, 36.348, 36.615, 35.86, 35.399, 35.203, 35.46, 36.594, 36.822, 36.573, 37.113, 37.67, 37.389, 36.8, 37.084, 38.139, 39.415, 39.97, 40.092, 40.916, 41.544, 40.84, 39.661, 39.405, 39.736, 39.393, 39.413, 39.241, 38.901, 38.722, 38.368, 38.576, 38.174, 36.478, 36.641, 36.516, 29.488], [30.253, 29.123, 27.029, 24.788, 22.999, 21.908, 19.075, 12.692, 8.507, 5.968, 0.0, 6.562, 10.756, 15.862, 18.433, 20.239, 23.175, 25.388, 27.749, 29.134, 30.321, 30.825, 30.953, 32.183, 38.099, 42.888, 44.049, 47.009, 49.838, 50.28, 49.871, 49.645, 48.538, 47.457, 47.781, 48.348, 48.901, 49.779, 50.013, 49.422, 49.94, 51.028, 49.769, 49.772, 49.443, 41.889, 37.434, 37.423, 36.431, 36.039, 38.026, 38.991, 38.58, 38.466, 37.909, 37.122, 37.145, 36.761, 36.689, 36.506, 35.715, 35.814, 36.772, 37.026, 36.323, 35.906, 35.783, 36.056, 37.107, 37.325, 37.086, 37.588, 38.071, 37.741, 37.166, 37.468, 38.478, 39.697, 40.254, 40.372, 41.124, 41.701, 41.008, 39.852, 39.617, 39.952, 39.627, 39.636, 39.477, 39.156, 38.971, 38.639, 38.885, 38.535, 36.903, 36.989, 36.92, 30.687], [32.034, 30.983, 29.105, 27.085, 25.484, 24.526, 21.842, 16.152, 12.195, 10.551, 6.562, 0.0, 7.467, 14.298, 17.208, 19.041, 22.14, 24.632, 27.204, 28.829, 30.204, 30.788, 31.093, 32.41, 38.197, 42.968, 44.117, 47.01, 49.76, 50.198, 49.836, 49.627, 48.582, 47.553, 47.866, 48.42, 48.958, 49.812, 50.048, 49.481, 49.978, 51.01, 49.723, 49.682, 49.39, 42.173, 38.024, 38.016, 37.093, 36.639, 38.456, 39.345, 38.989, 38.903, 38.356, 37.613, 37.622, 37.241, 37.166, 37.029, 36.39, 36.513, 37.369, 37.611, 36.992, 36.636, 36.587, 36.919, 37.871, 38.066, 37.871, 38.318, 38.74, 38.424, 37.9, 38.209, 39.174, 40.306, 40.826, 40.941, 41.61, 42.135, 41.463, 40.318, 40.08, 40.397, 40.076, 40.043, 39.878, 39.58, 39.407, 39.116, 39.405, 39.154, 37.64, 37.654, 37.648, 32.442], [32.532, 31.55, 29.842, 28.035, 26.635, 25.783, 23.372, 18.444, 15.076, 13.367, 10.756, 7.467, 0.0, 8.759, 12.997, 15.313, 18.932, 21.777, 24.79, 26.888, 28.567, 29.397, 30.006, 31.497, 37.88, 42.844, 44.027, 46.943, 49.766, 50.183, 49.834, 49.662, 48.571, 47.507, 47.829, 48.401, 48.961, 49.834, 50.086, 49.505, 49.993, 51.002, 49.667, 49.648, 49.372, 42.201, 38.091, 38.083, 37.174, 36.781, 38.661, 39.583, 39.254, 39.143, 38.535, 37.798, 37.844, 37.495, 37.45, 37.289, 36.565, 36.661, 37.556, 37.858, 37.214, 36.757, 36.598, 36.865, 37.824, 37.999, 37.776, 38.211, 38.683, 38.406, 37.857, 38.135, 39.07, 40.218, 40.773, 40.884, 41.536, 42.053, 41.379, 40.224, 39.966, 40.308, 40.029, 39.969, 39.757, 39.447, 39.265, 38.998, 39.331, 39.061, 37.496, 37.535, 37.513, 32.948], [33.6, 32.725, 31.252, 29.672, 28.473, 27.787, 25.699, 21.651, 19.032, 17.709, 15.862, 14.298, 8.759, 0.0, 6.613, 11.055, 15.782, 19.112, 22.623, 25.315, 27.258, 28.144, 29.097, 30.671, 37.349, 42.432, 43.62, 46.575, 49.482, 49.894, 49.569, 49.444, 48.319, 47.261, 47.633, 48.233, 48.803, 49.674, 49.919, 49.33, 49.835, 50.854, 49.528, 49.522, 49.275, 42.309, 38.323, 38.309, 37.415, 37.111, 39.075, 40.047, 39.726, 39.573, 38.936, 38.213, 38.279, 37.959, 37.937, 37.777, 36.971, 37.049, 38.016, 38.34, 37.665, 37.157, 36.958, 37.18, 38.161, 38.279, 38.018, 38.422, 38.952, 38.7, 38.074, 38.292, 39.162, 40.31, 40.896, 41.002, 41.64, 42.142, 41.465, 40.3, 40.034, 40.398, 40.154, 40.072, 39.822, 39.527, 39.378, 39.154, 39.526, 39.246, 37.657, 37.711, 37.655, 33.986], [34.504, 33.713, 32.391, 30.917, 29.839, 29.26, 27.329, 23.534, 20.986, 19.857, 18.433, 17.208, 12.997, 6.613, 0.0, 7.132, 13.873, 17.566, 21.12, 24.219, 26.447, 27.367, 28.52, 30.253, 37.022, 42.148, 43.341, 46.279, 49.173, 49.578, 49.274, 49.173, 48.033, 46.981, 47.423, 48.086, 48.685, 49.556, 49.8, 49.23, 49.744, 50.747, 49.407, 49.38, 49.143, 42.35, 38.517, 38.507, 37.617, 37.313, 39.261, 40.238, 39.926, 39.796, 39.162, 38.435, 38.51, 38.196, 38.173, 38.039, 37.263, 37.344, 38.291, 38.597, 37.924, 37.417, 37.216, 37.46, 38.452, 38.538, 38.293, 38.676, 39.203, 38.938, 38.257, 38.435, 39.302, 40.46, 41.042, 41.153, 41.792, 42.293, 41.629, 40.462, 40.171, 40.502, 40.242, 40.143, 39.893, 39.641, 39.533, 39.336, 39.729, 39.476, 37.916, 37.949, 37.913, 34.858], [35.064, 34.335, 33.101, 31.702, 30.729, 30.171, 28.371, 24.931, 22.528, 21.488, 20.239, 19.041, 15.313, 11.055, 7.132, 0.0, 8.805, 14.066, 18.227, 21.947, 24.8, 25.958, 27.393, 29.493, 36.678, 41.891, 43.128, 46.068, 48.915, 49.315, 49.042, 48.975, 47.859, 46.825, 47.296, 48.017, 48.675, 49.585, 49.833, 49.256, 49.758, 50.747, 49.422, 49.415, 49.154, 42.333, 38.52, 38.514, 37.627, 37.322, 39.241, 40.203, 39.874, 39.735, 39.103, 38.395, 38.469, 38.175, 38.174, 38.042, 37.313, 37.425, 38.301, 38.585, 37.949, 37.488, 37.347, 37.651, 38.634, 38.72, 38.482, 38.863, 39.404, 39.155, 38.442, 38.563, 39.445, 40.614, 41.184, 41.281, 41.891, 42.368, 41.706, 40.573, 40.261, 40.53, 40.262, 40.136, 39.851, 39.611, 39.503, 39.303, 39.707, 39.472, 37.958, 38.025, 38.021, 35.415], [35.511, 34.888, 33.771, 32.471, 31.658, 31.175, 29.542, 26.861, 25.042, 24.161, 23.175, 22.14, 18.932, 15.782, 13.873, 8.805, 0.0, 8.02, 14.391, 18.992, 22.455, 24.069, 26.085, 28.601, 36.139, 41.339, 42.579, 45.563, 48.369, 48.747, 48.501, 48.491, 47.436, 46.44, 46.915, 47.655, 48.364, 49.348, 49.642, 49.061, 49.557, 50.554, 49.281, 49.325, 49.091, 42.381, 38.767, 38.768, 37.946, 37.718, 39.643, 40.647, 40.293, 40.05, 39.416, 38.78, 38.838, 38.584, 38.612, 38.377, 37.581, 37.721, 38.57, 38.831, 38.202, 37.776, 37.691, 37.981, 38.882, 38.949, 38.683, 39.054, 39.643, 39.421, 38.667, 38.75, 39.622, 40.783, 41.336, 41.402, 41.974, 42.446, 41.774, 40.62, 40.269, 40.462, 40.189, 40.045, 39.707, 39.419, 39.304, 39.127, 39.571, 39.35, 37.842, 38.012, 38.042, 35.858], [36.153, 35.599, 34.568, 33.369, 32.676, 32.257, 30.666, 28.338, 26.901, 26.141, 25.388, 24.632, 21.777, 19.112, 17.566, 14.066, 8.02, 0.0, 8.874, 15.615, 19.899, 21.909, 24.621, 27.62, 35.505, 40.832, 42.059, 45.124, 47.965, 48.333, 48.101, 48.148, 47.142, 46.159, 46.651, 47.41, 48.137, 49.176, 49.564, 49.024, 49.502, 50.51, 49.321, 49.375, 49.138, 42.512, 39.028, 39.047, 38.252, 38.012, 39.945, 41.027, 40.684, 40.432, 39.804, 39.202, 39.308, 39.087, 39.111, 38.866, 38.035, 38.153, 39.004, 39.223, 38.522, 38.06, 37.954, 38.178, 38.984, 39.034, 38.766, 39.07, 39.606, 39.341, 38.591, 38.667, 39.506, 40.689, 41.263, 41.3, 41.824, 42.299, 41.648, 40.499, 40.16, 40.328, 40.041, 39.906, 39.586, 39.336, 39.232, 39.115, 39.639, 39.424, 37.913, 38.127, 38.221, 36.515], [37.212, 36.729, 35.868, 34.869, 34.274, 33.894, 32.479, 30.342, 28.973, 28.295, 27.749, 27.204, 24.79, 22.623, 21.12, 18.227, 14.391, 8.874, 0.0, 10.203, 16.698, 19.317, 22.704, 26.422, 34.701, 40.129, 41.413, 44.56, 47.452, 47.855, 47.658, 47.731, 46.754, 45.807, 46.338, 47.125, 47.872, 48.914, 49.374, 48.924, 49.398, 50.385, 49.304, 49.419, 49.143, 42.552, 39.143, 39.203, 38.385, 38.069, 39.952, 41.072, 40.754, 40.525, 39.917, 39.334, 39.514, 39.371, 39.42, 39.227, 38.471, 38.591, 39.368, 39.584, 38.978, 38.53, 38.403, 38.63, 39.418, 39.48, 39.206, 39.427, 39.903, 39.65, 38.912, 38.93, 39.77, 40.999, 41.572, 41.572, 42.017, 42.43, 41.798, 40.68, 40.364, 40.562, 40.287, 40.133, 39.835, 39.662, 39.571, 39.495, 40.051, 39.825, 38.396, 38.637, 38.764, 37.568], [36.237, 35.748, 34.991, 34.234, 33.824, 33.513, 32.543, 31.126, 30.048, 29.455, 29.134, 28.829, 26.888, 25.315, 24.219, 21.947, 18.992, 15.615, 10.203, 0.0, 9.101, 13.666, 17.923, 22.995, 32.194, 37.801, 39.24, 42.71, 46.042, 46.637, 46.435, 46.532, 45.545, 44.596, 45.142, 45.939, 46.75, 47.881, 48.346, 47.865, 48.472, 49.585, 48.493, 48.623, 48.25, 41.159, 37.655, 37.77, 36.974, 36.82, 38.737, 39.804, 39.453, 39.315, 38.691, 38.053, 38.282, 38.178, 38.213, 37.913, 37.014, 37.099, 37.902, 38.18, 37.74, 37.338, 37.159, 37.369, 38.217, 38.283, 38.035, 38.415, 38.984, 38.75, 37.964, 38.01, 39.011, 40.359, 40.919, 40.899, 41.406, 41.863, 41.155, 39.898, 39.496, 39.709, 39.443, 39.242, 38.864, 38.639, 38.521, 38.402, 38.954, 38.688, 37.126, 37.45, 37.469, 36.57], [36.139, 35.654, 34.946, 34.327, 34.007, 33.72, 32.997, 31.974, 31.074, 30.561, 30.321, 30.204, 28.567, 27.258, 26.447, 24.8, 22.455, 19.899, 16.698, 9.101, 0.0, 7.86, 14.762, 21.133, 31.028, 36.666, 38.158, 41.725, 45.207, 45.872, 45.681, 45.819, 44.84, 43.873, 44.441, 45.267, 46.115, 47.297, 47.77, 47.256, 47.957, 49.23, 48.211, 48.338, 47.917, 40.644, 37.194, 37.336, 36.558, 36.423, 38.312, 39.33, 38.94, 38.859, 38.24, 37.588, 37.829, 37.727, 37.739, 37.388, 36.478, 36.556, 37.338, 37.609, 37.253, 36.93, 36.766, 36.919, 37.714, 37.759, 37.551, 38.019, 38.614, 38.379, 37.617, 37.714, 38.748, 40.101, 40.675, 40.685, 41.215, 41.671, 40.942, 39.644, 39.23, 39.458, 39.198, 38.983, 38.576, 38.31, 38.18, 38.083, 38.672, 38.439, 36.859, 37.183, 37.175, 36.415], [36.719, 36.285, 35.588, 34.974, 34.6, 34.292, 33.56, 32.45, 31.522, 31.057, 30.825, 30.788, 29.397, 28.144, 27.367, 25.958, 24.069, 21.909, 19.317, 13.666, 7.86, 0.0, 10.324, 18.817, 29.287, 35.154, 36.667, 40.492, 44.304, 45.064, 44.89, 45.009, 44.068, 43.126, 43.706, 44.561, 45.404, 46.564, 47.032, 46.534, 47.231, 48.538, 47.73, 48.017, 47.587, 40.431, 37.197, 37.345, 36.617, 36.485, 38.279, 39.292, 38.909, 38.841, 38.253, 37.654, 37.929, 37.848, 37.867, 37.534, 36.665, 36.752, 37.47, 37.642, 37.224, 36.925, 36.828, 37.05, 37.866, 37.917, 37.76, 38.263, 38.873, 38.68, 37.951, 38.045, 39.067, 40.397, 40.967, 40.973, 41.473, 41.918, 41.209, 39.916, 39.515, 39.775, 39.531, 39.347, 38.958, 38.657, 38.536, 38.496, 39.071, 38.8, 37.264, 37.577, 37.624, 36.923], [35.887, 35.474, 34.82, 34.247, 33.882, 33.601, 33.064, 32.241, 31.437, 31.005, 30.953, 31.093, 30.006, 29.097, 28.52, 27.393, 26.085, 24.621, 22.704, 17.923, 14.762, 10.324, 0.0, 13.57, 26.959, 33.218, 34.705, 39.035, 43.464, 44.501, 44.318, 44.338, 43.372, 42.446, 42.985, 43.842, 44.758, 45.98, 46.415, 45.916, 46.753, 48.128, 47.403, 47.972, 47.661, 40.211, 36.8, 36.961, 36.211, 36.079, 37.735, 38.688, 38.313, 38.314, 37.758, 37.13, 37.423, 37.347, 37.372, 36.976, 35.9, 35.91, 36.684, 36.808, 36.266, 35.918, 35.818, 36.198, 37.217, 37.286, 37.194, 37.94, 38.74, 38.655, 37.938, 38.03, 39.131, 40.54, 41.105, 41.115, 41.742, 42.273, 41.524, 40.182, 39.755, 40.039, 39.81, 39.67, 39.224, 38.813, 38.671, 38.565, 39.029, 38.629, 36.91, 37.24, 37.191, 36.105], [35.557, 35.233, 34.702, 34.241, 33.958, 33.741, 33.479, 33.0, 32.366, 32.074, 32.183, 32.41, 31.497, 30.671, 30.253, 29.493, 28.601, 27.62, 26.422, 22.995, 21.133, 18.817, 13.57, 0.0, 20.477, 29.538, 30.884, 35.848, 41.309, 42.685, 42.551, 42.568, 41.626, 40.776, 41.43, 42.372, 43.314, 44.607, 45.153, 44.792, 45.73, 47.135, 46.418, 47.123, 47.17, 40.206, 36.802, 36.914, 36.323, 36.54, 38.385, 39.369, 38.979, 38.887, 38.296, 37.639, 37.875, 37.732, 37.734, 37.383, 36.2, 36.14, 37.008, 37.143, 36.488, 36.05, 35.888, 36.312, 37.42, 37.534, 37.297, 37.937, 38.727, 38.707, 38.1, 38.246, 39.312, 40.63, 41.153, 41.181, 41.876, 42.445, 41.71, 40.386, 39.913, 40.194, 39.899, 39.713, 39.229, 38.825, 38.697, 38.499, 38.887, 38.537, 36.847, 37.204, 37.146, 35.739], [40.191, 40.003, 39.709, 39.569, 39.469, 39.337, 39.225, 38.716, 38.11, 37.981, 38.099, 38.197, 37.88, 37.349, 37.022, 36.678, 36.139, 35.505, 34.701, 32.194, 31.028, 29.287, 26.959, 20.477, 0.0, 13.167, 15.197, 20.874, 29.824, 33.008, 33.121, 33.326, 32.702, 32.384, 33.269, 34.145, 34.966, 36.146, 36.896, 36.81, 37.755, 39.218, 39.123, 40.182, 41.118, 38.0, 38.107, 38.254, 38.769, 39.819, 41.064, 41.819, 41.602, 41.615, 41.233, 40.77, 40.945, 40.94, 41.192, 41.121, 40.204, 40.076, 40.582, 40.422, 39.923, 39.721, 39.674, 40.004, 40.622, 40.684, 40.569, 40.951, 41.482, 41.498, 41.098, 41.189, 41.98, 42.967, 43.429, 43.536, 44.106, 44.626, 44.03, 42.903, 42.485, 42.546, 42.228, 42.042, 41.68, 41.519, 41.49, 41.388, 41.776, 41.753, 40.736, 40.884, 40.925, 40.234], [44.507, 44.355, 44.12, 44.097, 44.113, 44.043, 43.916, 43.436, 42.909, 42.795, 42.888, 42.968, 42.844, 42.432, 42.148, 41.891, 41.339, 40.832, 40.129, 37.801, 36.666, 35.154, 33.218, 29.538, 13.167, 0.0, 5.442, 12.217, 22.645, 27.091, 27.451, 27.736, 27.349, 27.563, 28.57, 29.376, 30.184, 31.22, 32.051, 32.238, 33.329, 34.802, 35.398, 37.146, 38.45, 38.222, 40.968, 41.23, 42.175, 43.447, 44.175, 44.701, 44.585, 44.722, 44.485, 44.144, 44.345, 44.445, 44.811, 44.789, 43.976, 43.822, 44.061, 43.661, 43.179, 43.112, 43.172, 43.378, 43.652, 43.636, 43.695, 44.071, 44.493, 44.575, 44.293, 44.278, 44.958, 45.881, 46.34, 46.453, 46.864, 47.278, 46.742, 45.688, 45.337, 45.386, 45.146, 44.919, 44.574, 44.54, 44.584, 44.589, 44.999, 45.106, 44.399, 44.385, 44.475, 44.508], [45.405, 45.275, 45.064, 45.034, 45.068, 45.047, 44.917, 44.464, 44.044, 43.978, 44.049, 44.117, 44.027, 43.62, 43.341, 43.128, 42.579, 42.059, 41.413, 39.24, 38.158, 36.667, 34.705, 30.884, 15.197, 5.442, 0.0, 10.405, 21.853, 26.252, 26.602, 26.985, 26.943, 27.396, 28.44, 29.262, 30.029, 30.956, 31.786, 32.131, 33.282, 34.743, 35.566, 37.477, 38.93, 39.013, 41.806, 42.092, 43.071, 44.342, 44.997, 45.491, 45.4, 45.526, 45.298, 44.991, 45.178, 45.288, 45.652, 45.633, 44.863, 44.705, 44.916, 44.493, 44.011, 43.964, 44.05, 44.219, 44.404, 44.389, 44.448, 44.785, 45.18, 45.279, 45.032, 45.029, 45.678, 46.558, 47.02, 47.142, 47.518, 47.918, 47.399, 46.369, 46.028, 46.094, 45.871, 45.63, 45.284, 45.258, 45.299, 45.314, 45.725, 45.866, 45.25, 45.23, 45.334, 45.398], [48.072, 47.953, 47.844, 47.912, 47.985, 48.009, 47.956, 47.52, 46.994, 46.941, 47.009, 47.01, 46.943, 46.575, 46.279, 46.068, 45.563, 45.124, 44.56, 42.71, 41.725, 40.492, 39.035, 35.848, 20.874, 12.217, 10.405, 0.0, 14.538, 21.045, 22.076, 22.793, 23.217, 24.225, 25.477, 26.302, 27.102, 28.128, 29.305, 29.826, 30.872, 32.242, 33.294, 35.642, 37.693, 39.65, 43.539, 43.801, 45.103, 46.469, 46.875, 47.205, 47.089, 47.209, 47.028, 46.773, 46.972, 47.136, 47.513, 47.538, 46.989, 46.914, 46.867, 46.301, 46.017, 46.123, 46.321, 46.532, 46.585, 46.51, 46.592, 46.831, 47.14, 47.3, 47.132, 47.028, 47.547, 48.389, 48.866, 49.008, 49.349, 49.704, 49.217, 48.249, 47.963, 47.983, 47.789, 47.552, 47.243, 47.241, 47.277, 47.409, 47.858, 48.045, 47.61, 47.503, 47.653, 48.04], [51.053, 50.936, 50.858, 50.923, 50.986, 51.033, 50.908, 50.41, 49.914, 49.877, 49.838, 49.76, 49.766, 49.482, 49.173, 48.915, 48.369, 47.965, 47.452, 46.042, 45.207, 44.304, 43.464, 41.309, 29.824, 22.645, 21.853, 14.538, 0.0, 9.701, 13.301, 15.059, 16.778, 18.987, 20.891, 22.164, 23.274, 24.58, 26.437, 27.502, 28.659, 29.951, 31.128, 34.193, 37.135, 41.038, 45.887, 46.196, 47.58, 48.89, 49.139, 49.289, 49.137, 49.216, 49.06, 48.897, 49.153, 49.323, 49.626, 49.689, 49.43, 49.463, 49.125, 48.312, 48.122, 48.44, 48.834, 49.07, 49.005, 48.858, 48.958, 49.066, 49.214, 49.427, 49.452, 49.309, 49.603, 50.369, 50.871, 50.997, 51.241, 51.564, 51.134, 50.177, 49.883, 49.854, 49.685, 49.445, 49.197, 49.244, 49.297, 49.482, 49.987, 50.275, 49.915, 49.615, 49.887, 50.981], [51.493, 51.39, 51.318, 51.332, 51.376, 51.453, 51.273, 50.765, 50.376, 50.37, 50.28, 50.198, 50.183, 49.894, 49.578, 49.315, 48.747, 48.333, 47.855, 46.637, 45.872, 45.064, 44.501, 42.685, 33.008, 27.091, 26.252, 21.045, 9.701, 0.0, 6.38, 10.133, 12.993, 15.652, 18.047, 19.952, 21.378, 22.871, 25.055, 26.444, 27.834, 29.144, 30.372, 33.811, 37.094, 41.391, 46.295, 46.679, 48.041, 49.402, 49.776, 49.916, 49.789, 49.872, 49.679, 49.536, 49.839, 49.999, 50.194, 50.169, 49.948, 50.0, 49.627, 48.776, 48.512, 48.841, 49.235, 49.414, 49.338, 49.167, 49.279, 49.361, 49.444, 49.685, 49.798, 49.678, 49.921, 50.677, 51.198, 51.293, 51.469, 51.796, 51.404, 50.419, 50.101, 50.089, 49.938, 49.717, 49.502, 49.565, 49.617, 49.79, 50.342, 50.672, 50.267, 49.893, 50.198, 51.4], [50.891, 50.784, 50.722, 50.744, 50.789, 50.888, 50.733, 50.257, 49.911, 49.934, 49.871, 49.836, 49.834, 49.569, 49.274, 49.042, 48.501, 48.101, 47.658, 46.435, 45.681, 44.89, 44.318, 42.551, 33.121, 27.451, 26.602, 22.076, 13.301, 6.38, 0.0, 5.901, 10.129, 12.949, 15.501, 17.727, 19.369, 21.207, 23.689, 25.047, 26.476, 27.888, 29.147, 32.75, 36.036, 40.369, 45.461, 45.887, 47.317, 48.819, 49.25, 49.438, 49.344, 49.456, 49.262, 49.096, 49.406, 49.598, 49.806, 49.718, 49.425, 49.455, 49.113, 48.322, 47.994, 48.254, 48.61, 48.782, 48.736, 48.56, 48.697, 48.84, 48.948, 49.194, 49.296, 49.163, 49.405, 50.193, 50.727, 50.795, 50.942, 51.278, 50.897, 49.903, 49.601, 49.635, 49.484, 49.275, 49.07, 49.134, 49.186, 49.362, 49.938, 50.259, 49.815, 49.45, 49.739, 50.804], [50.717, 50.608, 50.535, 50.558, 50.598, 50.711, 50.56, 50.024, 49.643, 49.681, 49.645, 49.627, 49.662, 49.444, 49.173, 48.975, 48.491, 48.148, 47.731, 46.532, 45.819, 45.009, 44.338, 42.568, 33.326, 27.736, 26.985, 22.793, 15.059, 10.133, 5.901, 0.0, 6.323, 10.455, 13.191, 15.576, 17.427, 19.648, 22.47, 23.919, 25.456, 26.898, 28.118, 31.915, 35.186, 39.553, 44.957, 45.446, 46.9, 48.421, 48.802, 49.016, 48.976, 49.126, 48.95, 48.768, 49.081, 49.297, 49.532, 49.447, 49.149, 49.163, 48.818, 48.075, 47.76, 47.996, 48.365, 48.599, 48.614, 48.442, 48.618, 48.807, 48.948, 49.204, 49.281, 49.126, 49.358, 50.14, 50.674, 50.729, 50.882, 51.234, 50.85, 49.846, 49.547, 49.604, 49.446, 49.245, 49.016, 49.054, 49.111, 49.278, 49.824, 50.105, 49.631, 49.251, 49.535, 50.63], [49.573, 49.429, 49.317, 49.354, 49.422, 49.547, 49.397, 48.85, 48.467, 48.509, 48.538, 48.582, 48.571, 48.319, 48.033, 47.859, 47.436, 47.142, 46.754, 45.545, 44.84, 44.068, 43.372, 41.626, 32.702, 27.349, 26.943, 23.217, 16.778, 12.993, 10.129, 6.323, 0.0, 5.782, 9.704, 12.685, 14.949, 17.569, 20.698, 22.337, 24.213, 25.777, 26.738, 30.645, 33.913, 38.102, 43.708, 44.238, 45.695, 47.326, 47.889, 48.159, 48.126, 48.3, 48.077, 47.844, 48.183, 48.401, 48.616, 48.483, 48.116, 48.119, 47.821, 47.134, 46.794, 46.948, 47.249, 47.457, 47.544, 47.389, 47.569, 47.805, 48.003, 48.28, 48.312, 48.139, 48.43, 49.256, 49.791, 49.845, 50.041, 50.393, 49.983, 48.979, 48.688, 48.758, 48.592, 48.4, 48.149, 48.153, 48.206, 48.371, 48.915, 49.127, 48.498, 48.119, 48.379, 49.507], [48.417, 48.238, 48.081, 48.116, 48.201, 48.324, 48.191, 47.676, 47.326, 47.387, 47.457, 47.553, 47.507, 47.261, 46.981, 46.825, 46.44, 46.159, 45.807, 44.596, 43.873, 43.126, 42.446, 40.776, 32.384, 27.563, 27.396, 24.225, 18.987, 15.652, 12.949, 10.455, 5.782, 0.0, 5.511, 9.907, 12.853, 15.838, 19.158, 20.901, 23.008, 24.793, 25.619, 29.507, 32.764, 36.687, 42.411, 42.989, 44.461, 46.221, 46.998, 47.351, 47.305, 47.493, 47.229, 46.953, 47.326, 47.536, 47.703, 47.52, 47.096, 47.102, 46.865, 46.196, 45.79, 45.87, 46.089, 46.255, 46.414, 46.281, 46.468, 46.758, 46.991, 47.282, 47.302, 47.113, 47.461, 48.364, 48.908, 48.956, 49.196, 49.56, 49.129, 48.128, 47.825, 47.872, 47.688, 47.516, 47.277, 47.262, 47.301, 47.464, 48.016, 48.191, 47.438, 47.056, 47.283, 48.361], [48.673, 48.5, 48.338, 48.374, 48.473, 48.602, 48.481, 47.97, 47.621, 47.697, 47.781, 47.866, 47.829, 47.633, 47.423, 47.296, 46.915, 46.651, 46.338, 45.142, 44.441, 43.706, 42.985, 41.43, 33.269, 28.57, 28.44, 25.477, 20.891, 18.047, 15.501, 13.191, 9.704, 5.511, 0.0, 5.692, 9.823, 13.492, 17.207, 19.165, 21.419, 23.348, 24.415, 28.579, 31.957, 36.263, 42.364, 42.978, 44.541, 46.413, 47.194, 47.552, 47.53, 47.731, 47.485, 47.23, 47.629, 47.857, 48.006, 47.808, 47.378, 47.385, 47.159, 46.468, 46.03, 46.088, 46.286, 46.453, 46.621, 46.486, 46.72, 47.057, 47.301, 47.595, 47.608, 47.413, 47.785, 48.697, 49.232, 49.284, 49.547, 49.911, 49.485, 48.507, 48.209, 48.242, 48.049, 47.892, 47.672, 47.649, 47.679, 47.86, 48.409, 48.562, 47.814, 47.404, 47.608, 48.617], [49.196, 49.045, 48.888, 48.932, 49.033, 49.167, 49.059, 48.543, 48.179, 48.256, 48.348, 48.42, 48.401, 48.233, 48.086, 48.017, 47.655, 47.41, 47.125, 45.939, 45.267, 44.561, 43.842, 42.372, 34.145, 29.376, 29.262, 26.302, 22.164, 19.952, 17.727, 15.576, 12.685, 9.907, 5.692, 0.0, 5.321, 10.423, 15.241, 17.628, 19.922, 21.895, 23.233, 27.652, 31.156, 36.007, 42.493, 43.094, 44.807, 46.821, 47.554, 47.891, 47.895, 48.096, 47.879, 47.666, 48.087, 48.342, 48.521, 48.332, 47.906, 47.916, 47.687, 46.99, 46.55, 46.582, 46.777, 46.941, 47.069, 46.923, 47.183, 47.546, 47.795, 48.082, 48.099, 47.912, 48.277, 49.156, 49.668, 49.725, 49.991, 50.343, 49.934, 48.988, 48.719, 48.777, 48.606, 48.459, 48.253, 48.231, 48.269, 48.466, 48.98, 49.108, 48.412, 47.995, 48.182, 49.129], [49.853, 49.717, 49.556, 49.595, 49.679, 49.807, 49.679, 49.118, 48.745, 48.823, 48.901, 48.958, 48.961, 48.803, 48.685, 48.675, 48.364, 48.137, 47.872, 46.75, 46.115, 45.404, 44.758, 43.314, 34.966, 30.184, 30.029, 27.102, 23.274, 21.378, 19.369, 17.427, 14.949, 12.853, 9.823, 5.321, 0.0, 6.742, 13.273, 16.432, 18.818, 20.817, 22.538, 27.181, 30.713, 35.968, 42.713, 43.291, 45.118, 47.226, 47.943, 48.269, 48.303, 48.506, 48.304, 48.123, 48.552, 48.836, 49.057, 48.899, 48.517, 48.54, 48.304, 47.616, 47.172, 47.182, 47.379, 47.52, 47.586, 47.431, 47.687, 48.024, 48.251, 48.547, 48.611, 48.441, 48.77, 49.599, 50.086, 50.134, 50.376, 50.706, 50.319, 49.419, 49.166, 49.224, 49.067, 48.92, 48.744, 48.75, 48.798, 48.993, 49.465, 49.586, 48.973, 48.543, 48.754, 49.767], [50.98, 50.861, 50.702, 50.738, 50.8, 50.904, 50.749, 50.067, 49.634, 49.715, 49.779, 49.812, 49.834, 49.674, 49.556, 49.585, 49.348, 49.176, 48.914, 47.881, 47.297, 46.564, 45.98, 44.607, 36.146, 31.22, 30.956, 28.128, 24.58, 22.871, 21.207, 19.648, 17.569, 15.838, 13.492, 10.423, 6.742, 0.0, 8.163, 13.171, 16.198, 18.341, 21.078, 26.456, 30.091, 36.05, 43.257, 43.818, 45.723, 47.908, 48.606, 48.924, 49.013, 49.227, 49.044, 48.902, 49.334, 49.648, 49.908, 49.806, 49.542, 49.596, 49.316, 48.6, 48.147, 48.166, 48.38, 48.501, 48.503, 48.34, 48.601, 48.866, 49.049, 49.395, 49.501, 49.323, 49.632, 50.389, 50.828, 50.883, 51.106, 51.4, 51.041, 50.228, 49.995, 50.02, 49.886, 49.737, 49.589, 49.617, 49.667, 49.854, 50.273, 50.395, 49.898, 49.466, 49.727, 50.876], [51.323, 51.213, 51.048, 51.075, 51.127, 51.213, 51.054, 50.309, 49.829, 49.924, 50.013, 50.048, 50.086, 49.919, 49.8, 49.833, 49.642, 49.564, 49.374, 48.346, 47.77, 47.032, 46.415, 45.153, 36.896, 32.051, 31.786, 29.305, 26.437, 25.055, 23.689, 22.47, 20.698, 19.158, 17.207, 15.241, 13.273, 8.163, 0.0, 7.485, 12.262, 15.018, 18.855, 25.142, 28.755, 35.167, 42.977, 43.545, 45.525, 47.879, 48.61, 48.953, 49.082, 49.301, 49.132, 49.011, 49.47, 49.804, 50.102, 50.051, 49.864, 49.942, 49.633, 48.839, 48.336, 48.373, 48.636, 48.804, 48.808, 48.654, 48.953, 49.202, 49.373, 49.752, 49.841, 49.666, 50.046, 50.791, 51.187, 51.266, 51.524, 51.81, 51.443, 50.66, 50.423, 50.421, 50.297, 50.136, 49.968, 49.99, 50.05, 50.214, 50.598, 50.702, 50.242, 49.831, 50.09, 51.201], [50.605, 50.491, 50.314, 50.341, 50.405, 50.487, 50.34, 49.649, 49.194, 49.294, 49.422, 49.481, 49.505, 49.33, 49.23, 49.256, 49.061, 49.024, 48.924, 47.865, 47.256, 46.534, 45.916, 44.792, 36.81, 32.238, 32.131, 29.826, 27.502, 26.444, 25.047, 23.919, 22.337, 20.901, 19.165, 17.628, 16.432, 13.171, 7.485, 0.0, 6.781, 11.365, 15.744, 22.447, 26.128, 33.034, 41.514, 42.098, 44.224, 46.876, 47.713, 48.117, 48.269, 48.522, 48.391, 48.28, 48.756, 49.103, 49.427, 49.383, 49.161, 49.253, 48.986, 48.153, 47.574, 47.599, 47.917, 48.181, 48.267, 48.132, 48.444, 48.716, 48.902, 49.274, 49.317, 49.136, 49.56, 50.349, 50.744, 50.814, 51.078, 51.365, 50.974, 50.148, 49.92, 49.94, 49.811, 49.645, 49.466, 49.492, 49.551, 49.704, 50.104, 50.175, 49.643, 49.234, 49.479, 50.465], [51.232, 51.14, 50.968, 50.981, 51.029, 51.109, 50.93, 50.192, 49.723, 49.812, 49.94, 49.978, 49.993, 49.835, 49.744, 49.758, 49.557, 49.502, 49.398, 48.472, 47.957, 47.231, 46.753, 45.73, 37.755, 33.329, 33.282, 30.872, 28.659, 27.834, 26.476, 25.456, 24.213, 23.008, 21.419, 19.922, 18.818, 16.198, 12.262, 6.781, 0.0, 6.627, 12.994, 20.167, 24.209, 32.322, 41.358, 41.957, 44.233, 47.093, 47.993, 48.464, 48.672, 48.918, 48.827, 48.762, 49.26, 49.629, 49.982, 49.983, 49.803, 49.928, 49.676, 48.833, 48.215, 48.199, 48.524, 48.858, 48.98, 48.858, 49.135, 49.358, 49.53, 49.905, 49.946, 49.74, 50.139, 50.902, 51.285, 51.335, 51.535, 51.776, 51.412, 50.607, 50.391, 50.397, 50.259, 50.097, 49.93, 49.966, 50.02, 50.178, 50.589, 50.664, 50.199, 49.816, 50.111, 51.075], [52.521, 52.454, 52.29, 52.294, 52.331, 52.42, 52.177, 51.336, 50.84, 50.915, 51.028, 51.01, 51.002, 50.854, 50.747, 50.747, 50.554, 50.51, 50.385, 49.585, 49.23, 48.538, 48.128, 47.135, 39.218, 34.802, 34.743, 32.242, 29.951, 29.144, 27.888, 26.898, 25.777, 24.793, 23.348, 21.895, 20.817, 18.341, 15.018, 11.365, 6.627, 0.0, 9.781, 18.784, 23.255, 32.703, 42.216, 42.804, 45.154, 48.023, 48.887, 49.356, 49.614, 49.844, 49.753, 49.719, 50.248, 50.668, 51.061, 51.107, 51.011, 51.158, 50.858, 49.992, 49.408, 49.369, 49.638, 50.027, 50.173, 50.06, 50.324, 50.502, 50.651, 51.036, 51.098, 50.879, 51.27, 51.995, 52.355, 52.381, 52.505, 52.702, 52.382, 51.598, 51.365, 51.362, 51.236, 51.05, 50.866, 50.932, 51.003, 51.171, 51.579, 51.676, 51.313, 50.917, 51.27, 52.359], [51.336, 51.213, 51.0, 51.012, 51.063, 51.163, 50.905, 50.037, 49.543, 49.632, 49.769, 49.723, 49.667, 49.528, 49.407, 49.422, 49.281, 49.321, 49.304, 48.493, 48.211, 47.73, 47.403, 46.418, 39.123, 35.398, 35.566, 33.294, 31.128, 30.372, 29.147, 28.118, 26.738, 25.619, 24.415, 23.233, 22.538, 21.078, 18.855, 15.744, 12.994, 9.781, 0.0, 11.705, 18.475, 29.651, 40.191, 40.823, 43.346, 46.443, 47.431, 47.921, 48.165, 48.464, 48.367, 48.297, 48.843, 49.272, 49.659, 49.744, 49.648, 49.81, 49.545, 48.701, 48.215, 48.159, 48.327, 48.777, 49.118, 49.025, 49.271, 49.53, 49.744, 50.138, 50.173, 49.944, 50.343, 51.128, 51.52, 51.548, 51.736, 51.981, 51.615, 50.715, 50.413, 50.439, 50.322, 50.097, 49.863, 49.939, 50.015, 50.114, 50.503, 50.607, 50.094, 49.667, 50.009, 51.184], [51.46, 51.313, 51.074, 51.065, 51.099, 51.184, 50.913, 50.038, 49.53, 49.627, 49.772, 49.682, 49.648, 49.522, 49.38, 49.415, 49.325, 49.375, 49.419, 48.623, 48.338, 48.017, 47.972, 47.123, 40.182, 37.146, 37.477, 35.642, 34.193, 33.811, 32.75, 31.915, 30.645, 29.507, 28.579, 27.652, 27.181, 26.456, 25.142, 22.447, 20.167, 18.784, 11.705, 0.0, 11.453, 26.82, 38.719, 39.43, 42.255, 45.659, 46.698, 47.244, 47.489, 47.886, 47.867, 47.813, 48.355, 48.778, 49.122, 49.266, 49.271, 49.517, 49.322, 48.592, 48.312, 48.314, 48.451, 48.869, 49.207, 49.108, 49.392, 49.687, 49.869, 50.251, 50.337, 50.158, 50.525, 51.269, 51.674, 51.74, 51.954, 52.186, 51.799, 50.887, 50.58, 50.625, 50.518, 50.289, 50.058, 50.153, 50.227, 50.258, 50.587, 50.733, 50.21, 49.77, 50.054, 51.266], [50.903, 50.752, 50.505, 50.515, 50.568, 50.638, 50.451, 49.683, 49.159, 49.253, 49.443, 49.39, 49.372, 49.275, 49.143, 49.154, 49.091, 49.138, 49.143, 48.25, 47.917, 47.587, 47.661, 47.17, 41.118, 38.45, 38.93, 37.693, 37.135, 37.094, 36.036, 35.186, 33.913, 32.764, 31.957, 31.156, 30.713, 30.091, 28.755, 26.128, 24.209, 23.255, 18.475, 11.453, 0.0, 20.795, 35.539, 36.449, 39.509, 43.449, 44.528, 45.168, 45.543, 46.15, 46.282, 46.278, 46.877, 47.412, 47.873, 48.079, 48.175, 48.489, 48.36, 47.82, 47.688, 47.719, 47.954, 48.395, 48.671, 48.571, 48.922, 49.264, 49.414, 49.746, 49.828, 49.64, 50.05, 50.839, 51.219, 51.265, 51.456, 51.635, 51.221, 50.332, 50.052, 50.087, 49.968, 49.72, 49.453, 49.533, 49.595, 49.664, 50.035, 50.128, 49.621, 49.195, 49.438, 50.718], [41.935, 41.677, 41.37, 41.434, 41.555, 41.575, 41.718, 41.605, 41.373, 41.498, 41.889, 42.173, 42.201, 42.309, 42.35, 42.333, 42.381, 42.512, 42.552, 41.159, 40.644, 40.431, 40.211, 40.206, 38.0, 38.222, 39.013, 39.65, 41.038, 41.391, 40.369, 39.553, 38.102, 36.687, 36.263, 36.007, 35.968, 36.05, 35.167, 33.034, 32.322, 32.703, 29.651, 26.82, 20.795, 0.0, 18.955, 21.061, 24.145, 30.411, 33.279, 34.463, 34.929, 35.949, 36.109, 36.047, 36.878, 37.57, 38.287, 38.589, 38.604, 39.056, 39.442, 39.41, 39.349, 39.341, 39.715, 40.437, 41.219, 41.312, 41.504, 42.064, 42.46, 42.717, 42.561, 42.417, 43.142, 44.312, 44.766, 44.769, 45.193, 45.541, 44.963, 43.945, 43.568, 43.543, 43.298, 43.086, 42.664, 42.52, 42.497, 42.415, 42.859, 42.724, 41.56, 41.334, 41.318, 41.929], [36.637, 36.283, 35.947, 35.953, 36.01, 35.951, 36.257, 36.687, 36.839, 36.963, 37.434, 38.024, 38.091, 38.323, 38.517, 38.52, 38.767, 39.028, 39.143, 37.655, 37.194, 37.197, 36.8, 36.802, 38.107, 40.968, 41.806, 43.539, 45.887, 46.295, 45.461, 44.957, 43.708, 42.411, 42.364, 42.493, 42.713, 43.257, 42.977, 41.514, 41.358, 42.216, 40.191, 38.719, 35.539, 18.955, 0.0, 4.956, 8.735, 19.231, 25.494, 27.529, 27.86, 28.801, 28.707, 28.63, 29.839, 30.692, 31.654, 32.155, 32.269, 33.078, 34.101, 34.708, 34.844, 34.842, 35.394, 36.467, 37.848, 38.149, 37.911, 38.437, 39.056, 39.304, 38.956, 38.886, 39.846, 41.253, 41.748, 41.675, 42.249, 42.759, 42.129, 41.047, 40.594, 40.543, 40.143, 40.05, 39.594, 39.203, 39.037, 38.825, 39.241, 38.864, 37.241, 37.44, 37.174, 36.821], [36.656, 36.302, 35.954, 35.959, 35.996, 35.915, 36.223, 36.666, 36.833, 36.958, 37.423, 38.016, 38.083, 38.309, 38.507, 38.514, 38.768, 39.047, 39.203, 37.77, 37.336, 37.345, 36.961, 36.914, 38.254, 41.23, 42.092, 43.801, 46.196, 46.679, 45.887, 45.446, 44.238, 42.989, 42.978, 43.094, 43.291, 43.818, 43.545, 42.098, 41.957, 42.804, 40.823, 39.43, 36.449, 21.061, 4.956, 0.0, 7.738, 18.927, 25.178, 27.211, 27.424, 28.276, 28.213, 28.181, 29.442, 30.381, 31.408, 31.906, 32.039, 32.898, 33.946, 34.592, 34.795, 34.788, 35.343, 36.526, 37.978, 38.279, 37.993, 38.476, 39.081, 39.321, 38.966, 38.914, 39.87, 41.243, 41.718, 41.635, 42.213, 42.724, 42.096, 41.033, 40.584, 40.533, 40.11, 40.015, 39.561, 39.142, 38.971, 38.761, 39.126, 38.72, 37.125, 37.381, 37.111, 36.849], [35.719, 35.359, 35.029, 35.002, 34.985, 34.899, 35.208, 35.633, 35.821, 35.948, 36.431, 37.093, 37.174, 37.415, 37.617, 37.627, 37.946, 38.252, 38.385, 36.974, 36.558, 36.617, 36.211, 36.323, 38.769, 42.175, 43.071, 45.103, 47.58, 48.041, 47.317, 46.9, 45.695, 44.461, 44.541, 44.807, 45.118, 45.723, 45.525, 44.224, 44.233, 45.154, 43.346, 42.255, 39.509, 24.145, 8.735, 7.738, 0.0, 13.385, 21.643, 24.262, 24.562, 25.429, 25.303, 25.286, 26.699, 27.74, 28.959, 29.754, 30.187, 31.243, 32.406, 33.169, 33.472, 33.629, 34.417, 35.737, 37.319, 37.668, 37.364, 37.911, 38.588, 38.824, 38.411, 38.327, 39.353, 40.801, 41.281, 41.203, 41.831, 42.352, 41.702, 40.608, 40.148, 40.081, 39.636, 39.583, 39.142, 38.691, 38.493, 38.286, 38.723, 38.27, 36.543, 36.867, 36.555, 35.968], [36.297, 35.971, 35.709, 35.592, 35.374, 35.243, 35.425, 35.511, 35.502, 35.606, 36.039, 36.639, 36.781, 37.111, 37.313, 37.322, 37.718, 38.012, 38.069, 36.82, 36.423, 36.485, 36.079, 36.54, 39.819, 43.447, 44.342, 46.469, 48.89, 49.402, 48.819, 48.421, 47.326, 46.221, 46.413, 46.821, 47.226, 47.908, 47.879, 46.876, 47.093, 48.023, 46.443, 45.659, 43.449, 30.411, 19.231, 18.927, 13.385, 0.0, 12.01, 16.802, 18.123, 19.686, 19.839, 20.088, 21.847, 23.231, 24.769, 26.204, 27.679, 29.178, 30.174, 31.132, 32.155, 32.837, 34.08, 35.876, 37.584, 37.932, 37.778, 38.409, 39.092, 39.344, 38.902, 38.727, 39.8, 41.235, 41.661, 41.573, 42.219, 42.73, 42.107, 41.062, 40.617, 40.505, 40.067, 40.038, 39.617, 39.169, 38.971, 38.871, 39.421, 39.012, 37.472, 37.806, 37.485, 36.521], [38.904, 38.653, 38.489, 38.416, 38.197, 38.063, 38.164, 37.911, 37.6, 37.683, 38.026, 38.456, 38.661, 39.075, 39.261, 39.241, 39.643, 39.945, 39.952, 38.737, 38.312, 38.279, 37.735, 38.385, 41.064, 44.175, 44.997, 46.875, 49.139, 49.776, 49.25, 48.802, 47.889, 46.998, 47.194, 47.554, 47.943, 48.606, 48.61, 47.713, 47.993, 48.887, 47.431, 46.698, 44.528, 33.279, 25.494, 25.178, 21.643, 12.01, 0.0, 7.872, 12.133, 15.488, 16.945, 18.196, 20.476, 22.374, 24.121, 25.898, 28.072, 29.672, 30.272, 31.224, 32.942, 34.102, 35.624, 37.746, 39.342, 39.633, 39.689, 40.302, 40.862, 41.108, 40.709, 40.499, 41.513, 42.819, 43.22, 43.182, 43.831, 44.316, 43.723, 42.795, 42.481, 42.423, 42.056, 42.019, 41.637, 41.297, 41.157, 41.119, 41.592, 41.224, 40.107, 40.355, 40.039, 39.1], [39.89, 39.666, 39.546, 39.499, 39.316, 39.204, 39.285, 38.985, 38.61, 38.696, 38.991, 39.345, 39.583, 40.047, 40.238, 40.203, 40.647, 41.027, 41.072, 39.804, 39.33, 39.292, 38.688, 39.369, 41.819, 44.701, 45.491, 47.205, 49.289, 49.916, 49.438, 49.016, 48.159, 47.351, 47.552, 47.891, 48.269, 48.924, 48.953, 48.117, 48.464, 49.356, 47.921, 47.244, 45.168, 34.463, 27.529, 27.211, 24.262, 16.802, 7.872, 0.0, 7.577, 12.958, 14.915, 16.899, 19.672, 21.822, 23.67, 25.529, 27.942, 29.61, 30.139, 31.11, 33.086, 34.46, 36.147, 38.415, 39.972, 40.24, 40.357, 40.992, 41.514, 41.775, 41.454, 41.261, 42.242, 43.515, 43.926, 43.925, 44.59, 45.074, 44.482, 43.573, 43.