[[0.0, 4.541, 7.925, 10.424, 13.406, 16.898, 19.864, 22.028, 23.878, 27.154, 32.283, 34.588, 35.308, 35.786, 35.778, 35.914, 36.39, 36.384, 35.927, 35.633, 35.804, 35.977, 35.886, 35.748, 35.921, 36.154, 36.015, 35.574, 35.25, 35.477, 35.56, 35.403, 35.698, 36.603, 37.236, 37.46, 38.295, 39.833, 41.041, 40.731, 40.005, 40.244, 40.91, 41.653, 42.86, 43.803, 44.205, 44.29, 44.071, 43.89, 43.59, 43.253, 43.474, 43.791, 43.262, 42.197, 41.509, 41.172, 41.135, 41.292, 41.042, 40.094, 39.751, 39.41, 38.229, 37.444, 37.605, 38.09, 37.736, 37.439, 37.873, 38.485, 38.346, 37.384, 37.914, 38.343, 37.788, 37.908, 38.384, 37.668, 37.004, 37.276, 37.589, 39.655, 44.931, 45.974, 45.166, 46.602, 48.446, 49.052, 49.291, 49.118, 47.841, 46.462, 46.127, 46.749, 47.643, 47.899, 47.622, 48.155, 49.296, 48.911, 48.35, 48.954, 49.73, 49.185, 46.925, 45.727, 45.876, 42.015, 38.879, 41.802, 42.223, 43.275, 45.414, 45.265, 45.824, 46.051, 43.608, 40.296, 39.414, 39.319, 39.172, 39.444, 39.481, 39.233, 38.008, 37.816, 41.016, 44.952, 45.99, 45.504, 45.518, 45.677, 45.371, 44.54, 43.576, 43.1, 43.085, 43.179, 42.896, 40.968, 39.399, 39.416, 38.066, 5.016], [4.541, 0.0, 4.494, 8.052, 11.391, 14.986, 18.137, 20.41, 22.301, 25.722, 31.179, 33.673, 34.464, 35.013, 35.034, 35.178, 35.688, 35.727, 35.311, 35.055, 35.269, 35.472, 35.391, 35.258, 35.438, 35.689, 35.57, 35.147, 34.838, 35.061, 35.131, 34.994, 35.351, 36.304, 36.952, 37.177, 38.022, 39.604, 40.855, 40.527, 39.757, 39.982, 40.656, 41.41, 42.633, 43.59, 44.003, 44.085, 43.856, 43.68, 43.388, 43.048, 43.268, 43.582, 43.05, 41.981, 41.278, 40.923, 40.886, 41.056, 40.81, 39.863, 39.528, 39.18, 37.969, 37.169, 37.342, 37.844, 37.485, 37.193, 37.661, 38.298, 38.15, 37.177, 37.741, 38.183, 37.603, 37.7, 38.172, 37.447, 36.776, 37.046, 37.368, 39.505, 44.864, 45.933, 45.117, 46.559, 48.422, 49.036, 49.27, 49.09, 47.806, 46.413, 46.072, 46.716, 47.643, 47.904, 47.615, 48.146, 49.283, 48.877, 48.306, 48.923, 49.699, 49.14, 46.857, 45.64, 45.786, 41.856, 38.631, 41.621, 42.044, 43.109, 45.285, 45.129, 45.686, 45.907, 43.44, 40.107, 39.235, 39.143, 38.991, 39.249, 39.249, 38.988, 37.726, 37.457, 40.659, 44.656, 45.724, 45.235, 45.249, 45.417, 45.099, 44.24, 43.264, 42.795, 42.795, 42.9, 42.615, 40.676, 39.11, 39.136, 37.782, 8.13], [7.925, 4.494, 0.0, 4.49, 8.923, 13.012, 16.323, 18.726, 20.725, 24.264, 29.97, 32.633, 33.48, 34.085, 34.137, 34.283, 34.812, 34.889, 34.504, 34.261, 34.493, 34.71, 34.628, 34.504, 34.704, 34.968, 34.863, 34.474, 34.208, 34.459, 34.517, 34.404, 34.848, 35.872, 36.547, 36.793, 37.682, 39.334, 40.616, 40.252, 39.427, 39.646, 40.334, 41.096, 42.33, 43.293, 43.696, 43.761, 43.525, 43.364, 43.081, 42.734, 42.957, 43.273, 42.727, 41.635, 40.914, 40.55, 40.517, 40.687, 40.426, 39.454, 39.125, 38.771, 37.501, 36.671, 36.872, 37.409, 37.051, 36.775, 37.289, 37.96, 37.805, 36.787, 37.36, 37.826, 37.208, 37.279, 37.764, 37.038, 36.354, 36.631, 36.967, 39.2, 44.695, 45.799, 44.962, 46.413, 48.302, 48.924, 49.154, 48.969, 47.667, 46.245, 45.895, 46.562, 47.516, 47.781, 47.484, 48.025, 49.167, 48.733, 48.138, 48.761, 49.538, 48.964, 46.65, 45.414, 45.553, 41.528, 38.217, 41.329, 41.765, 42.858, 45.075, 44.922, 45.494, 45.707, 43.176, 39.758, 38.906, 38.816, 38.634, 38.89, 38.879, 38.604, 37.281, 36.956, 40.286, 44.38, 45.463, 44.955, 44.963, 45.139, 44.819, 43.94, 42.95, 42.485, 42.494, 42.605, 42.323, 40.36, 38.756, 38.771, 37.365, 10.515], [10.424, 8.052, 4.49, 0.0, 5.576, 10.87, 14.773, 17.333, 19.554, 23.458, 29.436, 32.214, 33.126, 33.763, 33.824, 33.976, 34.522, 34.605, 34.238, 34.012, 34.262, 34.491, 34.413, 34.297, 34.518, 34.796, 34.691, 34.302, 34.072, 34.382, 34.456, 34.346, 34.81, 35.853, 36.539, 36.813, 37.736, 39.402, 40.666, 40.287, 39.466, 39.697, 40.389, 41.15, 42.377, 43.331, 43.727, 43.784, 43.549, 43.388, 43.1, 42.743, 42.955, 43.256, 42.696, 41.596, 40.878, 40.515, 40.479, 40.648, 40.371, 39.351, 38.986, 38.617, 37.327, 36.487, 36.701, 37.251, 36.899, 36.63, 37.153, 37.839, 37.687, 36.652, 37.247, 37.738, 37.112, 37.165, 37.65, 36.935, 36.254, 36.532, 36.87, 39.099, 44.612, 45.73, 44.886, 46.322, 48.203, 48.822, 49.05, 48.865, 47.563, 46.137, 45.78, 46.44, 47.393, 47.656, 47.363, 47.919, 49.073, 48.631, 48.015, 48.62, 49.396, 48.827, 46.506, 45.264, 45.397, 41.374, 38.13, 41.305, 41.749, 42.859, 45.074, 44.931, 45.523, 45.737, 43.2, 39.769, 38.934, 38.838, 38.637, 38.885, 38.875, 38.601, 37.253, 36.913, 40.323, 44.439, 45.499, 44.969, 44.969, 45.142, 44.826, 43.953, 42.962, 42.495, 42.5, 42.604, 42.318, 40.339, 38.704, 38.704, 37.292, 12.607], [13.406, 11.391, 8.923, 5.576, 0.0, 6.637, 11.885, 14.927, 17.488, 22.173, 28.824, 31.856, 32.88, 33.563, 33.634, 33.81, 34.385, 34.487, 34.169, 34.022, 34.336, 34.593, 34.528, 34.421, 34.661, 34.972, 34.89, 34.506, 34.305, 34.668, 34.781, 34.699, 35.178, 36.215, 36.894, 37.162, 38.06, 39.658, 40.863, 40.495, 39.724, 39.966, 40.641, 41.401, 42.627, 43.583, 43.991, 44.05, 43.806, 43.626, 43.324, 42.965, 43.156, 43.418, 42.845, 41.758, 41.047, 40.682, 40.646, 40.824, 40.545, 39.484, 39.07, 38.688, 37.424, 36.591, 36.788, 37.323, 36.977, 36.717, 37.252, 37.955, 37.809, 36.824, 37.492, 38.021, 37.427, 37.465, 37.917, 37.215, 36.569, 36.832, 37.16, 39.338, 44.789, 45.918, 45.08, 46.484, 48.343, 48.957, 49.177, 48.995, 47.722, 46.321, 45.955, 46.587, 47.526, 47.789, 47.495, 48.042, 49.191, 48.758, 48.133, 48.708, 49.472, 48.912, 46.584, 45.323, 45.455, 41.487, 38.335, 41.503, 41.952, 43.061, 45.246, 45.107, 45.704, 45.922, 43.45, 40.137, 39.33, 39.22, 39.005, 39.216, 39.186, 38.928, 37.607, 37.267, 40.599, 44.614, 45.621, 45.064, 45.057, 45.226, 44.915, 44.065, 43.077, 42.591, 42.577, 42.665, 42.369, 40.387, 38.754, 38.751, 37.398, 15.344], [16.898, 14.986, 13.012, 10.87, 6.637, 0.0, 6.523, 10.997, 14.309, 19.364, 26.723, 30.241, 31.444, 32.225, 32.349, 32.55, 33.147, 33.301, 33.081, 33.043, 33.441, 33.737, 33.677, 33.576, 33.862, 34.248, 34.233, 33.925, 33.831, 34.272, 34.438, 34.443, 35.03, 36.139, 36.821, 37.051, 37.921, 39.491, 40.654, 40.245, 39.456, 39.698, 40.374, 41.158, 42.417, 43.393, 43.828, 43.893, 43.632, 43.431, 43.106, 42.746, 42.948, 43.206, 42.638, 41.566, 40.852, 40.482, 40.46, 40.667, 40.396, 39.299, 38.855, 38.455, 37.154, 36.283, 36.482, 37.038, 36.675, 36.427, 37.052, 37.819, 37.668, 36.705, 37.449, 38.017, 37.415, 37.427, 37.85, 37.13, 36.502, 36.75, 37.086, 39.345, 44.918, 46.097, 45.234, 46.646, 48.55, 49.178, 49.392, 49.217, 47.958, 46.542, 46.148, 46.773, 47.724, 47.991, 47.675, 48.2, 49.347, 48.914, 48.287, 48.867, 49.634, 49.059, 46.673, 45.363, 45.492, 41.406, 38.077, 41.315, 41.788, 42.912, 45.127, 44.961, 45.538, 45.74, 43.267, 39.99, 39.225, 39.145, 38.927, 39.126, 39.083, 38.848, 37.578, 37.218, 40.469, 44.439, 45.415, 44.799, 44.762, 44.932, 44.621, 43.766, 42.739, 42.202, 42.165, 42.238, 41.924, 39.905, 38.232, 38.224, 36.88, 18.484], [19.864, 18.137, 16.323, 14.773, 11.885, 6.523, 0.0, 6.313, 11.349, 16.84, 24.531, 28.437, 29.824, 30.691, 30.894, 31.146, 31.757, 31.984, 31.904, 31.978, 32.439, 32.772, 32.729, 32.64, 32.952, 33.388, 33.455, 33.304, 33.392, 33.902, 34.095, 34.198, 34.901, 36.073, 36.753, 36.938, 37.749, 39.254, 40.379, 39.956, 39.158, 39.401, 40.076, 40.869, 42.13, 43.102, 43.552, 43.633, 43.386, 43.19, 42.847, 42.478, 42.694, 42.978, 42.458, 41.438, 40.744, 40.388, 40.4, 40.635, 40.368, 39.276, 38.862, 38.459, 37.104, 36.211, 36.43, 37.013, 36.632, 36.381, 37.057, 37.862, 37.713, 36.758, 37.513, 38.074, 37.445, 37.453, 37.874, 37.166, 36.574, 36.823, 37.162, 39.459, 45.084, 46.301, 45.429, 46.838, 48.769, 49.412, 49.63, 49.465, 48.211, 46.775, 46.36, 46.983, 47.928, 48.182, 47.851, 48.358, 49.494, 49.058, 48.436, 49.025, 49.804, 49.245, 46.839, 45.495, 45.624, 41.441, 37.86, 41.116, 41.615, 42.745, 44.974, 44.766, 45.3, 45.461, 42.939, 39.678, 39.04, 39.039, 38.841, 39.036, 38.99, 38.778, 37.584, 37.206, 40.312, 44.218, 45.184, 44.536, 44.466, 44.623, 44.31, 43.453, 42.39, 41.806, 41.744, 41.799, 41.472, 39.43, 37.735, 37.72, 36.395, 21.161], [22.028, 20.41, 18.726, 17.333, 14.927, 10.997, 6.313, 0.0, 7.224, 15.492, 24.283, 28.209, 29.635, 30.535, 30.778, 31.103, 31.746, 32.008, 32.002, 32.146, 32.657, 33.033, 33.041, 32.978, 33.266, 33.674, 33.781, 33.746, 33.962, 34.505, 34.698, 34.831, 35.546, 36.701, 37.367, 37.531, 38.233, 39.585, 40.649, 40.28, 39.537, 39.775, 40.428, 41.185, 42.383, 43.317, 43.748, 43.828, 43.603, 43.419, 43.083, 42.732, 42.939, 43.2, 42.702, 41.736, 41.075, 40.746, 40.794, 41.037, 40.778, 39.775, 39.444, 39.086, 37.816, 36.967, 37.159, 37.714, 37.356, 37.111, 37.741, 38.507, 38.365, 37.463, 38.208, 38.739, 38.116, 38.142, 38.579, 37.961, 37.453, 37.692, 38.01, 40.144, 45.502, 46.679, 45.843, 47.207, 49.08, 49.711, 49.926, 49.752, 48.524, 47.144, 46.759, 47.352, 48.245, 48.483, 48.166, 48.662, 49.767, 49.355, 48.764, 49.343, 50.121, 49.623, 47.33, 46.022, 46.154, 42.148, 38.627, 41.651, 42.167, 43.19, 45.269, 45.059, 45.583, 45.734, 43.283, 40.182, 39.67, 39.698, 39.495, 39.644, 39.591, 39.383, 38.251, 37.912, 40.796, 44.521, 45.509, 44.946, 44.887, 45.008, 44.671, 43.815, 42.766, 42.187, 42.117, 42.168, 41.851, 39.895, 38.321, 38.334, 37.1, 23.126], [23.878, 22.301, 20.725, 19.554, 17.488, 14.309, 11.349, 7.224, 0.0, 11.325, 22.6, 27.173, 28.652, 29.706, 30.068, 30.433, 31.16, 31.561, 31.672, 31.879, 32.439, 32.87, 32.935, 32.912, 33.202, 33.605, 33.738, 33.765, 34.06, 34.649, 34.859, 35.016, 35.768, 36.95, 37.645, 37.842, 38.567, 39.926, 40.954, 40.482, 39.653, 39.846, 40.5, 41.242, 42.388, 43.29, 43.698, 43.754, 43.51, 43.315, 42.993, 42.67, 42.88, 43.124, 42.609, 41.632, 40.968, 40.638, 40.677, 40.907, 40.653, 39.693, 39.378, 39.049, 37.867, 37.057, 37.265, 37.846, 37.529, 37.32, 37.951, 38.686, 38.505, 37.613, 38.409, 38.956, 38.327, 38.368, 38.837, 38.259, 37.747, 37.956, 38.271, 40.274, 45.436, 46.578, 45.751, 47.088, 48.939, 49.56, 49.751, 49.556, 48.366, 47.082, 46.757, 47.349, 48.233, 48.485, 48.18, 48.667, 49.76, 49.361, 48.789, 49.382, 50.178, 49.72, 47.519, 46.263, 46.397, 42.486, 38.937, 41.767, 42.293, 43.182, 45.133, 44.947, 45.503, 45.711, 43.365, 40.365, 39.914, 39.944, 39.731, 39.874, 39.821, 39.598, 38.461, 38.088, 40.851, 44.579, 45.694, 45.253, 45.227, 45.33, 44.944, 44.042, 42.997, 42.452, 42.425, 42.507, 42.21, 40.346, 38.878, 38.927, 37.766, 24.852], [27.154, 25.722, 24.264, 23.458, 22.173, 19.364, 16.84, 15.492, 11.325, 0.0, 14.179, 21.378, 23.68, 25.216, 26.008, 26.509, 27.456, 28.429, 29.062, 29.489, 30.156, 30.677, 30.798, 30.827, 31.21, 31.704, 31.908, 32.068, 32.518, 33.177, 33.424, 33.699, 34.613, 35.893, 36.636, 36.863, 37.696, 39.215, 40.219, 39.506, 38.491, 38.628, 39.317, 40.126, 41.299, 42.166, 42.54, 42.552, 42.257, 42.059, 41.729, 41.375, 41.615, 41.918, 41.435, 40.462, 39.795, 39.456, 39.479, 39.7, 39.409, 38.333, 37.94, 37.581, 36.295, 35.507, 35.879, 36.575, 36.268, 36.113, 36.86, 37.638, 37.378, 36.402, 37.248, 37.835, 37.178, 37.231, 37.737, 37.086, 36.483, 36.69, 37.039, 39.218, 44.656, 45.862, 44.983, 46.376, 48.336, 48.984, 49.152, 48.967, 47.803, 46.536, 46.239, 46.906, 47.872, 48.157, 47.84, 48.329, 49.444, 49.01, 48.425, 49.077, 49.892, 49.365, 47.068, 45.788, 45.914, 41.664, 37.444, 40.382, 40.919, 41.801, 43.896, 43.692, 44.29, 44.553, 42.084, 38.973, 38.579, 38.678, 38.536, 38.781, 38.738, 38.516, 37.385, 36.836, 39.526, 43.468, 44.754, 44.354, 44.342, 44.464, 44.048, 43.095, 42.01, 41.491, 41.54, 41.668, 41.37, 39.511, 38.028, 38.071, 36.912, 28.126], [32.283, 31.179, 29.97, 29.436, 28.824, 26.723, 24.531, 24.283, 22.6, 14.179, 0.0, 11.245, 16.261, 18.831, 20.315, 21.29, 22.709, 24.683, 26.268, 27.194, 28.085, 28.753, 28.981, 29.113, 29.615, 30.213, 30.579, 31.037, 31.718, 32.401, 32.716, 33.19, 34.227, 35.505, 36.247, 36.451, 37.244, 38.807, 39.788, 38.973, 37.882, 37.94, 38.611, 39.469, 40.664, 41.482, 41.792, 41.733, 41.403, 41.234, 40.894, 40.49, 40.759, 41.141, 40.745, 39.84, 39.182, 38.86, 38.931, 39.162, 38.822, 37.675, 37.297, 36.952, 35.593, 34.917, 35.484, 36.248, 35.909, 35.72, 36.466, 37.243, 36.969, 35.972, 36.756, 37.324, 36.7, 36.772, 37.282, 36.605, 36.076, 36.365, 36.717, 39.295, 45.191, 46.508, 45.587, 47.038, 49.113, 49.792, 49.946, 49.787, 48.632, 47.335, 47.04, 47.774, 48.78, 49.046, 48.716, 49.226, 50.33, 49.843, 49.262, 49.945, 50.697, 50.018, 47.539, 46.183, 46.313, 41.731, 36.556, 39.428, 39.962, 40.84, 43.092, 42.847, 43.507, 43.859, 41.358, 38.296, 37.956, 38.046, 37.931, 38.273, 38.235, 38.001, 36.95, 36.267, 38.651, 42.579, 43.91, 43.488, 43.456, 43.579, 43.165, 42.226, 41.14, 40.643, 40.717, 40.84, 40.549, 38.729, 37.229, 37.221, 36.07, 33.149], [34.588, 33.673, 32.633, 32.214, 31.856, 30.241, 28.437, 28.209, 27.173, 21.378, 11.245, 0.0, 8.306, 13.327, 15.881, 17.306, 19.329, 22.186, 24.517, 25.893, 26.986, 27.769, 28.135, 28.381, 28.908, 29.502, 29.979, 30.646, 31.467, 32.184, 32.578, 33.202, 34.307, 35.578, 36.317, 36.491, 37.174, 38.703, 39.744, 38.952, 37.855, 37.86, 38.497, 39.358, 40.575, 41.43, 41.748, 41.678, 41.357, 41.212, 40.864, 40.468, 40.796, 41.23, 40.849, 39.935, 39.249, 38.964, 39.122, 39.374, 39.034, 37.997, 37.699, 37.296, 35.928, 35.291, 35.893, 36.669, 36.304, 36.04, 36.702, 37.44, 37.184, 36.21, 36.959, 37.565, 37.044, 37.126, 37.593, 36.935, 36.496, 36.825, 37.153, 39.835, 45.78, 47.104, 46.18, 47.616, 49.675, 50.342, 50.492, 50.339, 49.192, 47.896, 47.588, 48.294, 49.257, 49.487, 49.16, 49.678, 50.754, 50.262, 49.708, 50.393, 51.124, 50.424, 47.966, 46.625, 46.784, 42.285, 36.973, 39.639, 40.205, 40.947, 43.075, 42.86, 43.576, 43.965, 41.544, 38.557, 38.2, 38.188, 37.989, 38.339, 38.318, 38.045, 36.99, 36.296, 38.575, 42.377, 43.647, 43.215, 43.167, 43.264, 42.836, 41.902, 40.848, 40.375, 40.436, 40.546, 40.285, 38.575, 37.217, 37.281, 36.119, 35.319], [35.308, 34.464, 33.48, 33.126, 32.88, 31.444, 29.824, 29.635, 28.652, 23.68, 16.261, 8.306, 0.0, 7.46, 11.784, 13.74, 16.185, 19.812, 22.757, 24.491, 25.764, 26.658, 27.129, 27.442, 27.962, 28.561, 29.149, 29.954, 30.873, 31.653, 32.092, 32.798, 33.991, 35.334, 36.119, 36.286, 36.942, 38.542, 39.725, 38.988, 37.888, 37.91, 38.562, 39.416, 40.657, 41.564, 41.923, 41.871, 41.547, 41.394, 41.045, 40.657, 41.011, 41.454, 41.044, 40.086, 39.371, 39.094, 39.286, 39.549, 39.22, 38.255, 38.016, 37.597, 36.192, 35.524, 36.114, 36.885, 36.497, 36.196, 36.827, 37.554, 37.291, 36.31, 37.058, 37.698, 37.237, 37.339, 37.785, 37.114, 36.685, 37.045, 37.369, 40.081, 46.059, 47.385, 46.463, 47.896, 49.939, 50.602, 50.759, 50.607, 49.45, 48.155, 47.846, 48.534, 49.464, 49.674, 49.345, 49.847, 50.891, 50.381, 49.822, 50.52, 51.272, 50.572, 48.132, 46.794, 46.963, 42.469, 37.136, 39.78, 40.384, 41.02, 43.056, 42.891, 43.618, 43.983, 41.565, 38.607, 38.303, 38.239, 37.992, 38.367, 38.382, 38.105, 37.021, 36.296, 38.616, 42.404, 43.665, 43.241, 43.203, 43.307, 42.884, 41.949, 40.903, 40.44, 40.507, 40.626, 40.375, 38.676, 37.352, 37.462, 36.263, 35.936], [35.786, 35.013, 34.085, 33.763, 33.563, 32.225, 30.691, 30.535, 29.706, 25.216, 18.831, 13.327, 7.46, 0.0, 6.043, 9.822, 13.159, 17.346, 20.872, 23.098, 24.66, 25.667, 26.188, 26.54, 27.083, 27.718, 28.405, 29.36, 30.391, 31.206, 31.668, 32.413, 33.63, 34.992, 35.81, 35.99, 36.645, 38.294, 39.572, 38.949, 37.89, 37.917, 38.57, 39.435, 40.703, 41.639, 42.031, 42.009, 41.692, 41.526, 41.178, 40.798, 41.133, 41.549, 41.13, 40.188, 39.473, 39.162, 39.324, 39.579, 39.258, 38.316, 38.089, 37.694, 36.32, 35.653, 36.199, 36.938, 36.541, 36.231, 36.845, 37.563, 37.302, 36.316, 37.053, 37.696, 37.267, 37.387, 37.83, 37.162, 36.748, 37.126, 37.443, 40.185, 46.216, 47.545, 46.626, 48.062, 50.098, 50.762, 50.925, 50.772, 49.612, 48.319, 48.014, 48.704, 49.629, 49.835, 49.507, 50.009, 51.049, 50.527, 49.952, 50.635, 51.381, 50.648, 48.135, 46.755, 46.926, 42.366, 36.925, 39.543, 40.126, 40.736, 42.787, 42.621, 43.323, 43.708, 41.367, 38.523, 38.339, 38.287, 38.043, 38.437, 38.475, 38.216, 37.151, 36.373, 38.568, 42.341, 43.626, 43.191, 43.149, 43.264, 42.851, 41.931, 40.89, 40.41, 40.456, 40.561, 40.293, 38.563, 37.231, 37.339, 36.116, 36.33], [35.778, 35.034, 34.137, 33.824, 33.634, 32.349, 30.894, 30.778, 30.068, 26.008, 20.315, 15.881, 11.784, 6.043, 0.0, 5.875, 11.038, 15.822, 19.561, 22.021, 23.75, 24.813, 25.352, 25.733, 26.31, 26.948, 27.623, 28.63, 29.737, 30.582, 31.102, 31.924, 33.198, 34.59, 35.435, 35.653, 36.365, 38.074, 39.403, 38.803, 37.755, 37.799, 38.464, 39.336, 40.625, 41.583, 41.986, 41.965, 41.634, 41.458, 41.115, 40.745, 41.08, 41.491, 41.074, 40.154, 39.456, 39.119, 39.235, 39.474, 39.154, 38.178, 37.914, 37.514, 36.135, 35.452, 35.986, 36.725, 36.315, 36.0, 36.628, 37.365, 37.103, 36.082, 36.839, 37.509, 37.079, 37.2, 37.651, 36.974, 36.541, 36.925, 37.234, 39.928, 45.989, 47.336, 46.41, 47.853, 49.916, 50.59, 50.747, 50.585, 49.412, 48.109, 47.804, 48.498, 49.423, 49.627, 49.298, 49.807, 50.864, 50.336, 49.741, 50.419, 51.165, 50.403, 47.838, 46.436, 46.608, 42.029, 36.676, 39.369, 39.938, 40.583, 42.684, 42.514, 43.205, 43.606, 41.295, 38.419, 38.23, 38.194, 37.98, 38.393, 38.425, 38.16, 37.089, 36.311, 38.552, 42.379, 43.669, 43.222, 43.181, 43.299, 42.884, 41.954, 40.898, 40.391, 40.405, 40.497, 40.218, 38.433, 37.046, 37.143, 35.877, 36.31], [35.914, 35.178, 34.283, 33.976, 33.81, 32.55, 31.146, 31.103, 30.433, 26.509, 21.29, 17.306, 13.74, 9.822, 5.875, 0.0, 7.114, 13.589, 17.934, 20.506, 22.309, 23.452, 24.052, 24.5, 25.156, 25.841, 26.535, 27.631, 28.886, 29.803, 30.353, 31.254, 32.64, 34.106, 34.985, 35.23, 36.021, 37.859, 39.281, 38.656, 37.588, 37.696, 38.429, 39.291, 40.533, 41.456, 41.837, 41.799, 41.451, 41.264, 40.911, 40.544, 40.899, 41.327, 40.919, 40.019, 39.348, 39.025, 39.133, 39.366, 39.04, 38.033, 37.748, 37.325, 35.894, 35.199, 35.784, 36.564, 36.148, 35.828, 36.476, 37.237, 36.973, 35.908, 36.65, 37.347, 36.918, 37.03, 37.481, 36.766, 36.296, 36.7, 37.004, 39.682, 45.812, 47.198, 46.272, 47.742, 49.856, 50.551, 50.706, 50.536, 49.343, 48.027, 47.722, 48.414, 49.335, 49.54, 49.215, 49.732, 50.807, 50.285, 49.697, 50.391, 51.136, 50.363, 47.792, 46.387, 46.565, 41.999, 36.681, 39.475, 40.071, 40.766, 42.913, 42.742, 43.438, 43.842, 41.491, 38.532, 38.298, 38.228, 38.0, 38.412, 38.431, 38.159, 37.059, 36.203, 38.474, 42.39, 43.745, 43.324, 43.293, 43.417, 42.984, 42.02, 40.941, 40.431, 40.449, 40.55, 40.281, 38.451, 36.99, 37.082, 35.8, 36.449], [36.39, 35.688, 34.812, 34.522, 34.385, 33.147, 31.757, 31.746, 31.16, 27.456, 22.709, 19.329, 16.185, 13.159, 11.038, 7.114, 0.0, 8.296, 14.372, 17.906, 20.119, 21.451, 22.193, 22.773, 23.559, 24.341, 25.108, 26.341, 27.795, 28.833, 29.411, 30.336, 31.768, 33.264, 34.145, 34.357, 35.16, 37.228, 38.983, 38.559, 37.515, 37.655, 38.492, 39.401, 40.593, 41.458, 41.806, 41.755, 41.412, 41.22, 40.845, 40.469, 40.842, 41.28, 40.858, 39.947, 39.289, 38.98, 39.087, 39.321, 39.004, 38.024, 37.784, 37.373, 35.917, 35.223, 35.84, 36.64, 36.233, 35.916, 36.542, 37.291, 37.048, 35.976, 36.654, 37.353, 36.958, 37.07, 37.516, 36.787, 36.318, 36.736, 37.029, 39.717, 45.867, 47.265, 46.348, 47.832, 49.967, 50.674, 50.832, 50.659, 49.462, 48.146, 47.837, 48.511, 49.417, 49.623, 49.299, 49.813, 50.895, 50.398, 49.835, 50.525, 51.253, 50.469, 47.894, 46.498, 46.689, 42.168, 36.822, 39.557, 40.199, 40.95, 43.099, 42.9, 43.554, 43.908, 41.559, 38.665, 38.452, 38.354, 38.084, 38.477, 38.509, 38.258, 37.204, 36.281, 38.357, 42.178, 43.579, 43.194, 43.172, 43.288, 42.828, 41.849, 40.775, 40.296, 40.355, 40.486, 40.247, 38.449, 37.014, 37.136, 35.875, 36.886], [36.384, 35.727, 34.889, 34.605, 34.487, 33.301, 31.984, 32.008, 31.561, 28.429, 24.683, 22.186, 19.812, 17.346, 15.822, 13.589, 8.296, 0.0, 7.98, 13.56, 16.885, 18.605, 19.56, 20.343, 21.31, 22.217, 23.055, 24.397, 26.026, 27.232, 27.917, 28.849, 30.265, 31.759, 32.622, 32.779, 33.618, 36.003, 38.237, 38.176, 37.225, 37.356, 38.28, 39.314, 40.568, 41.448, 41.792, 41.733, 41.387, 41.197, 40.809, 40.403, 40.772, 41.205, 40.722, 39.746, 39.093, 38.782, 38.852, 39.084, 38.8, 37.852, 37.657, 37.272, 35.816, 35.104, 35.721, 36.514, 36.103, 35.787, 36.402, 37.149, 36.938, 35.826, 36.45, 37.165, 36.783, 36.881, 37.329, 36.598, 36.123, 36.539, 36.823, 39.532, 45.714, 47.118, 46.206, 47.718, 49.871, 50.592, 50.756, 50.569, 49.343, 47.996, 47.663, 48.319, 49.229, 49.445, 49.112, 49.627, 50.75, 50.284, 49.735, 50.42, 51.146, 50.353, 47.745, 46.342, 46.539, 42.054, 36.854, 39.613, 40.272, 41.101, 43.256, 43.026, 43.629, 43.892, 41.493, 38.556, 38.238, 38.113, 37.812, 38.215, 38.283, 38.048, 37.034, 36.165, 38.304, 42.085, 43.456, 43.071, 43.052, 43.166, 42.696, 41.694, 40.603, 40.128, 40.21, 40.37, 40.155, 38.354, 36.945, 37.133, 35.797, 36.859], [35.927, 35.311, 34.504, 34.238, 34.169, 33.081, 31.904, 32.002, 31.672, 29.062, 26.268, 24.517, 22.757, 20.872, 19.561, 17.934, 14.372, 7.98, 0.0, 7.219, 12.023, 14.483, 15.787, 16.842, 18.097, 19.241, 20.197, 21.638, 23.561, 25.156, 26.041, 26.975, 28.417, 29.987, 30.883, 31.085, 32.154, 34.916, 37.486, 37.637, 36.796, 36.98, 37.953, 39.108, 40.494, 41.408, 41.734, 41.657, 41.301, 41.113, 40.72, 40.277, 40.641, 41.096, 40.566, 39.502, 38.825, 38.516, 38.567, 38.797, 38.528, 37.568, 37.372, 36.978, 35.463, 34.702, 35.317, 36.1, 35.664, 35.368, 36.033, 36.796, 36.584, 35.38, 35.946, 36.668, 36.26, 36.327, 36.76, 35.987, 35.485, 35.916, 36.199, 39.015, 45.39, 46.833, 45.913, 47.501, 49.72, 50.463, 50.636, 50.426, 49.13, 47.713, 47.359, 48.034, 48.981, 49.221, 48.88, 49.426, 50.625, 50.188, 49.649, 50.358, 51.094, 50.304, 47.663, 46.231, 46.426, 41.909, 36.834, 39.78, 40.43, 41.351, 43.56, 43.337, 43.947, 44.143, 41.565, 38.313, 37.735, 37.578, 37.276, 37.699, 37.764, 37.507, 36.464, 35.712, 38.245, 42.235, 43.645, 43.262, 43.258, 43.395, 42.935, 41.909, 40.798, 40.331, 40.422, 40.586, 40.365, 38.469, 36.969, 37.203, 35.714, 36.4], [35.633, 35.055, 34.261, 34.012, 34.022, 33.043, 31.978, 32.146, 31.879, 29.489, 27.194, 25.893, 24.491, 23.098, 22.021, 20.506, 17.906, 13.56, 7.219, 0.0, 5.834, 9.458, 11.509, 12.978, 14.631, 16.127, 17.245, 18.809, 21.149, 23.258, 24.344, 25.324, 26.92, 28.667, 29.627, 29.921, 31.336, 34.467, 37.151, 37.275, 36.466, 36.763, 37.783, 38.959, 40.429, 41.38, 41.69, 41.597, 41.226, 41.021, 40.613, 40.152, 40.546, 41.046, 40.493, 39.343, 38.619, 38.306, 38.351, 38.564, 38.28, 37.277, 37.049, 36.621, 35.019, 34.19, 34.796, 35.578, 35.128, 34.877, 35.621, 36.414, 36.188, 34.916, 35.453, 36.179, 35.721, 35.758, 36.187, 35.373, 34.844, 35.297, 35.597, 38.55, 45.128, 46.61, 45.665, 47.304, 49.587, 50.348, 50.518, 50.286, 48.934, 47.465, 47.109, 47.811, 48.79, 49.046, 48.703, 49.271, 50.51, 50.078, 49.545, 50.284, 51.039, 50.267, 47.617, 46.166, 46.353, 41.77, 36.721, 39.864, 40.528, 41.518, 43.787, 43.588, 44.231, 44.401, 41.612, 37.986, 37.168, 36.992, 36.705, 37.151, 37.206, 36.923, 35.832, 35.187, 38.124, 42.428, 43.957, 43.606, 43.621, 43.775, 43.322, 42.279, 41.164, 40.727, 40.847, 41.023, 40.787, 38.778, 37.131, 37.365, 35.765, 36.091], [35.804, 35.269, 34.493, 34.262, 34.336, 33.441, 32.439, 32.657, 32.439, 30.156, 28.085, 26.986, 25.764, 24.66, 23.75, 22.309, 20.119, 16.885, 12.023, 5.834, 0.0, 4.701, 7.98, 10.142, 12.127, 13.823, 15.063, 16.831, 19.594, 22.084, 23.328, 24.425, 26.207, 28.096, 29.088, 29.422, 31.043, 34.37, 37.069, 37.146, 36.348, 36.726, 37.791, 38.948, 40.424, 41.4, 41.725, 41.644, 41.269, 41.04, 40.616, 40.167, 40.595, 41.118, 40.553, 39.37, 38.634, 38.331, 38.377, 38.569, 38.269, 37.253, 37.014, 36.569, 34.927, 34.05, 34.645, 35.429, 34.979, 34.744, 35.51, 36.31, 36.074, 34.781, 35.321, 36.052, 35.564, 35.578, 36.008, 35.192, 34.666, 35.129, 35.441, 38.456, 45.072, 46.554, 45.592, 47.223, 49.513, 50.274, 50.433, 50.188, 48.824, 47.347, 46.999, 47.716, 48.707, 48.97, 48.629, 49.198, 50.431, 49.99, 49.46, 50.214, 50.98, 50.22, 47.594, 46.164, 46.347, 41.75, 36.757, 39.978, 40.66, 41.689, 43.995, 43.817, 44.469, 44.618, 41.698, 37.844, 36.903, 36.733, 36.466, 36.915, 36.971, 36.688, 35.592, 35.007, 38.085, 42.509, 44.099, 43.779, 43.802, 43.959, 43.516, 42.479, 41.378, 40.971, 41.112, 41.295, 41.057, 39.012, 37.297, 37.524, 35.879, 36.22], [35.977, 35.472, 34.71, 34.491, 34.593, 33.737, 32.772, 33.033, 32.87, 30.677, 28.753, 27.769, 26.658, 25.667, 24.813, 23.452, 21.451, 18.605, 14.483, 9.458, 4.701, 0.0, 4.343, 7.611, 10.116, 11.863, 13.13, 15.179, 18.363, 21.129, 22.507, 23.721, 25.626, 27.586, 28.588, 28.926, 30.625, 34.044, 36.799, 36.916, 36.156, 36.58, 37.689, 38.863, 40.342, 41.323, 41.671, 41.626, 41.268, 41.025, 40.588, 40.153, 40.604, 41.133, 40.566, 39.393, 38.682, 38.406, 38.463, 38.647, 38.335, 37.32, 37.098, 36.674, 35.034, 34.149, 34.753, 35.544, 35.092, 34.836, 35.574, 36.36, 36.119, 34.834, 35.378, 36.101, 35.595, 35.589, 36.017, 35.213, 34.709, 35.18, 35.493, 38.513, 45.088, 46.557, 45.59, 47.197, 49.467, 50.223, 50.374, 50.122, 48.763, 47.296, 46.954, 47.671, 48.664, 48.929, 48.592, 49.159, 50.384, 49.945, 49.423, 50.188, 50.963, 50.211, 47.621, 46.219, 46.399, 41.831, 36.894, 40.106, 40.797, 41.843, 44.168, 44.01, 44.658, 44.776, 41.778, 37.82, 36.857, 36.719, 36.481, 36.92, 36.974, 36.708, 35.634, 35.087, 38.135, 42.497, 44.067, 43.751, 43.773, 43.934, 43.512, 42.496, 41.41, 41.014, 41.156, 41.333, 41.095, 39.05, 37.329, 37.556, 35.896, 36.353], [35.886, 35.391, 34.628, 34.413, 34.528, 33.677, 32.729, 33.041, 32.935, 30.798, 28.981, 28.135, 27.129, 26.188, 25.352, 24.052, 22.193, 19.56, 15.787, 11.509, 7.98, 4.343, 0.0, 4.208, 7.663, 9.818, 11.136, 13.372, 16.928, 19.973, 21.464, 22.74, 24.724, 26.754, 27.78, 28.135, 29.902, 33.42, 36.265, 36.428, 35.688, 36.15, 37.316, 38.553, 40.092, 41.107, 41.472, 41.449, 41.114, 40.886, 40.45, 40.012, 40.473, 41.01, 40.442, 39.272, 38.575, 38.311, 38.379, 38.571, 38.253, 37.22, 37.02, 36.623, 34.968, 34.069, 34.688, 35.488, 35.017, 34.733, 35.463, 36.252, 36.014, 34.727, 35.278, 36.011, 35.482, 35.447, 35.871, 35.063, 34.57, 35.059, 35.372, 38.448, 45.105, 46.586, 45.609, 47.226, 49.509, 50.268, 50.416, 50.157, 48.789, 47.316, 46.974, 47.704, 48.709, 48.976, 48.637, 49.209, 50.441, 50.0, 49.479, 50.255, 51.036, 50.282, 47.681, 46.273, 46.452, 41.831, 36.813, 40.059, 40.764, 41.849, 44.212, 44.063, 44.72, 44.81, 41.735, 37.693, 36.721, 36.604, 36.386, 36.844, 36.898, 36.632, 35.55, 35.011, 38.115, 42.501, 44.048, 43.71, 43.722, 43.888, 43.476, 42.464, 41.376, 40.982, 41.124, 41.296, 41.05, 38.976, 37.227, 37.458, 35.763, 36.253], [35.748, 35.258, 34.504, 34.297, 34.421, 33.576, 32.64, 32.978, 32.912, 30.827, 29.113, 28.381, 27.442, 26.54, 25.733, 24.5, 22.773, 20.343, 16.842, 12.978, 10.142, 7.611, 4.208, 0.0, 4.281, 7.406, 9.288, 11.785, 15.639, 18.955, 20.548, 21.878, 23.949, 26.053, 27.112, 27.485, 29.286, 32.853, 35.745, 35.919, 35.187, 35.689, 36.901, 38.191, 39.8, 40.866, 41.246, 41.23, 40.919, 40.719, 40.3, 39.868, 40.323, 40.863, 40.306, 39.148, 38.448, 38.171, 38.244, 38.456, 38.14, 37.091, 36.913, 36.555, 34.903, 33.989, 34.598, 35.388, 34.895, 34.58, 35.295, 36.078, 35.843, 34.549, 35.103, 35.85, 35.314, 35.258, 35.668, 34.846, 34.368, 34.875, 35.184, 38.339, 45.111, 46.605, 45.629, 47.276, 49.581, 50.34, 50.484, 50.216, 48.836, 47.352, 47.005, 47.74, 48.753, 49.018, 48.676, 49.258, 50.5, 50.058, 49.538, 50.32, 51.094, 50.32, 47.684, 46.262, 46.438, 41.73, 36.595, 39.869, 40.583, 41.71, 44.11, 43.964, 44.647, 44.74, 41.607, 37.51, 36.528, 36.409, 36.182, 36.655, 36.712, 36.441, 35.332, 34.778, 37.961, 42.456, 44.022, 43.672, 43.681, 43.842, 43.431, 42.416, 41.321, 40.93, 41.079, 41.252, 40.997, 38.893, 37.119, 37.35, 35.631, 36.117], [35.921, 35.438, 34.704, 34.518, 34.661, 33.862, 32.952, 33.266, 33.202, 31.21, 29.615, 28.908, 27.962, 27.083, 26.31, 25.156, 23.559, 21.31, 18.097, 14.631, 12.127, 10.116, 7.663, 4.281, 0.0, 4.121, 7.46, 10.854, 14.935, 18.345, 20.041, 21.49, 23.653, 25.796, 26.858, 27.2, 28.931, 32.472, 35.411, 35.632, 34.941, 35.471, 36.695, 38.005, 39.646, 40.741, 41.138, 41.138, 40.852, 40.676, 40.29, 39.891, 40.349, 40.882, 40.343, 39.216, 38.527, 38.235, 38.296, 38.511, 38.203, 37.164, 37.014, 36.719, 35.145, 34.275, 34.866, 35.624, 35.132, 34.792, 35.447, 36.191, 35.955, 34.678, 35.222, 35.949, 35.427, 35.374, 35.765, 34.95, 34.501, 35.018, 35.319, 38.454, 45.179, 46.661, 45.707, 47.353, 49.638, 50.385, 50.522, 50.249, 48.879, 47.409, 47.058, 47.775, 48.766, 49.019, 48.681, 49.264, 50.499, 50.058, 49.54, 50.316, 51.078, 50.293, 47.667, 46.256, 46.425, 41.741, 36.627, 39.827, 40.53, 41.642, 44.028, 43.892, 44.582, 44.682, 41.544, 37.475, 36.546, 36.438, 36.201, 36.665, 36.728, 36.463, 35.367, 34.79, 37.864, 42.339, 43.92, 43.59, 43.606, 43.764, 43.367, 42.374, 41.299, 40.927, 41.086, 41.267, 41.02, 38.944, 37.226, 37.468, 35.776, 36.266], [36.154, 35.689, 34.968, 34.796, 34.972, 34.248, 33.388, 33.674, 33.605, 31.704, 30.213, 29.502, 28.561, 27.718, 26.948, 25.841, 24.341, 22.217, 19.241, 16.127, 13.823, 11.863, 9.818, 7.406, 4.121, 0.0, 4.749, 9.579, 14.281, 17.76, 19.491, 21.071, 23.356, 25.543, 26.597, 26.874, 28.524, 32.085, 35.125, 35.417, 34.773, 35.336, 36.577, 37.896, 39.545, 40.655, 41.076, 41.102, 40.83, 40.666, 40.308, 39.947, 40.423, 40.946, 40.39, 39.273, 38.6, 38.306, 38.353, 38.557, 38.243, 37.216, 37.088, 36.841, 35.334, 34.506, 35.095, 35.836, 35.352, 35.006, 35.631, 36.355, 36.125, 34.876, 35.411, 36.112, 35.603, 35.563, 35.951, 35.148, 34.706, 35.215, 35.514, 38.548, 45.124, 46.581, 45.646, 47.266, 49.519, 50.255, 50.391, 50.125, 48.772, 47.324, 46.977, 47.684, 48.663, 48.912, 48.577, 49.15, 50.367, 49.923, 49.405, 50.177, 50.936, 50.16, 47.567, 46.179, 46.344, 41.746, 36.743, 39.851, 40.55, 41.644, 44.011, 43.883, 44.551, 44.634, 41.504, 37.471, 36.591, 36.509, 36.285, 36.739, 36.804, 36.55, 35.483, 34.927, 37.93, 42.303, 43.845, 43.523, 43.543, 43.704, 43.328, 42.368, 41.324, 40.966, 41.127, 41.314, 41.078, 39.048, 37.404, 37.66, 36.002, 36.455], [36.015, 35.57, 34.863, 34.691, 34.89, 34.233, 33.455, 33.781, 33.738, 31.908, 30.579, 29.979, 29.149, 28.405, 27.623, 26.535, 25.108, 23.055, 20.197, 17.245, 15.063, 13.13, 11.136, 9.288, 7.46, 4.749, 0.0, 6.055, 12.283, 16.488, 18.29, 19.888, 22.373, 24.71, 25.785, 26.082, 27.876, 31.624, 34.76, 35.076, 34.466, 35.09, 36.379, 37.729, 39.417, 40.559, 41.0, 41.036, 40.764, 40.601, 40.248, 39.898, 40.392, 40.9, 40.303, 39.165, 38.496, 38.209, 38.268, 38.477, 38.151, 37.101, 36.941, 36.669, 35.12, 34.22, 34.79, 35.541, 35.04, 34.702, 35.384, 36.148, 35.929, 34.685, 35.223, 35.922, 35.399, 35.364, 35.769, 34.951, 34.502, 35.019, 35.328, 38.376, 44.977, 46.437, 45.494, 47.118, 49.379, 50.119, 50.262, 50.004, 48.642, 47.177, 46.831, 47.56, 48.564, 48.822, 48.483, 49.049, 50.27, 49.823, 49.299, 50.08, 50.842, 50.051, 47.427, 46.023, 46.193, 41.582, 36.595, 39.727, 40.437, 41.58, 43.973, 43.845, 44.508, 44.583, 41.431, 37.356, 36.423, 36.33, 36.107, 36.544, 36.595, 36.337, 35.234, 34.774, 38.045, 42.444, 43.906, 43.529, 43.536, 43.702, 43.339, 42.387, 41.348, 40.975, 41.115, 41.293, 41.045, 38.981, 37.307, 37.564, 35.889, 36.301], [35.574, 35.147, 34.474, 34.302, 34.506, 33.925, 33.304, 33.746, 33.765, 32.068, 31.037, 30.646, 29.954, 29.36, 28.63, 27.631, 26.341, 24.397, 21.638, 18.809, 16.831, 15.179, 13.372, 11.785, 10.854, 9.579, 6.055, 0.0, 7.782, 13.598, 15.963, 17.587, 20.355, 22.998, 24.149, 24.576, 26.783, 30.876, 34.127, 34.515, 34.0, 34.717, 36.073, 37.497, 39.291, 40.51, 40.972, 41.016, 40.757, 40.612, 40.263, 39.903, 40.396, 40.901, 40.289, 39.137, 38.465, 38.193, 38.286, 38.523, 38.193, 37.105, 36.868, 36.511, 34.859, 33.809, 34.308, 35.054, 34.518, 34.182, 34.944, 35.76, 35.548, 34.292, 34.851, 35.542, 34.984, 34.951, 35.369, 34.504, 34.074, 34.652, 34.978, 38.172, 44.998, 46.5, 45.543, 47.205, 49.494, 50.241, 50.401, 50.145, 48.749, 47.232, 46.87, 47.627, 48.67, 48.939, 48.589, 49.162, 50.402, 49.95, 49.409, 50.192, 50.958, 50.138, 47.422, 45.953, 46.134, 41.435, 36.384, 39.603, 40.308, 41.504, 43.912, 43.772, 44.45, 44.536, 41.344, 37.138, 36.111, 36.004, 35.758, 36.174, 36.22, 35.957, 34.772, 34.414, 38.036, 42.56, 43.972, 43.532, 43.527, 43.697, 43.339, 42.387, 41.341, 40.952, 41.072, 41.232, 40.955, 38.795, 37.035, 37.293, 35.577, 35.876], [35.25, 34.838, 34.208, 34.072, 34.305, 33.831, 33.392, 33.962, 34.06, 32.518, 31.718, 31.467, 30.873, 30.391, 29.737, 28.886, 27.795, 26.026, 23.561, 21.149, 19.594, 18.363, 16.928, 15.639, 14.935, 14.281, 12.283, 7.782, 0.0, 7.531, 11.364, 13.702, 17.008, 20.093, 21.396, 21.964, 24.662, 29.24, 32.8, 33.408, 33.059, 33.909, 35.367, 36.894, 38.841, 40.194, 40.699, 40.757, 40.529, 40.427, 40.11, 39.767, 40.264, 40.787, 40.214, 39.102, 38.449, 38.199, 38.321, 38.57, 38.237, 37.156, 36.912, 36.522, 34.838, 33.721, 34.174, 34.91, 34.356, 34.009, 34.795, 35.627, 35.414, 34.147, 34.711, 35.372, 34.804, 34.799, 35.221, 34.312, 33.896, 34.534, 34.866, 38.11, 45.076, 46.615, 45.659, 47.335, 49.623, 50.374, 50.555, 50.308, 48.885, 47.329, 46.956, 47.743, 48.825, 49.105, 48.75, 49.332, 50.584, 50.115, 49.538, 50.295, 51.067, 50.246, 47.472, 45.948, 46.137, 41.399, 36.342, 39.641, 40.337, 41.555, 43.944, 43.786, 44.469, 44.553, 41.307, 36.923, 35.814, 35.751, 35.54, 35.986, 36.041, 35.79, 34.605, 34.238, 37.887, 42.469, 43.875, 43.435, 43.442, 43.621, 43.271, 42.322, 41.278, 40.892, 41.011, 41.171, 40.886, 38.681, 36.89, 37.16, 35.447, 35.547], [35.477, 35.061, 34.459, 34.382, 34.668, 34.272, 33.902, 34.505, 34.649, 33.177, 32.401, 32.184, 31.653, 31.206, 30.582, 29.803, 28.833, 27.232, 25.156, 23.258, 22.084, 21.129, 19.973, 18.955, 18.345, 17.76, 16.488, 13.598, 7.531, 0.0, 5.439, 9.724, 14.151, 17.638, 19.085, 19.736, 22.664, 27.56, 31.438, 32.251, 32.02, 32.974, 34.505, 36.075, 38.116, 39.588, 40.151, 40.215, 39.988, 39.904, 39.638, 39.367, 39.894, 40.424, 39.906, 38.885, 38.288, 38.046, 38.171, 38.412, 38.072, 37.059, 36.929, 36.62, 35.032, 34.021, 34.52, 35.261, 34.729, 34.363, 35.102, 35.919, 35.71, 34.468, 35.012, 35.651, 35.12, 35.144, 35.565, 34.673, 34.246, 34.856, 35.18, 38.27, 45.072, 46.595, 45.647, 47.283, 49.536, 50.281, 50.464, 50.223, 48.821, 47.296, 46.941, 47.749, 48.852, 49.142, 48.79, 49.369, 50.61, 50.139, 49.561, 50.306, 51.073, 50.274, 47.542, 46.037, 46.224, 41.531, 36.446, 39.703, 40.408, 41.622, 43.997, 43.812, 44.469, 44.524, 41.264, 36.882, 35.765, 35.761, 35.622, 36.106, 36.158, 35.921, 34.844, 34.506, 37.939, 42.411, 43.816, 43.429, 43.456, 43.64, 43.27, 42.318, 41.299, 40.933, 41.065, 41.249, 40.993, 38.847, 37.133, 37.412, 35.75, 35.749], [35.56, 35.131, 34.517, 34.456, 34.781, 34.438, 34.095, 34.698, 34.859, 33.424, 32.716, 32.578, 32.092, 31.668, 31.102, 30.353, 29.411, 27.917, 26.041, 24.344, 23.328, 22.507, 21.464, 20.548, 20.041, 19.491, 18.29, 15.963, 11.364, 5.439, 0.0, 5.835, 11.75, 15.932, 17.577, 18.37, 21.588, 26.76, 30.821, 31.721, 31.514, 32.492, 34.055, 35.65, 37.721, 39.227, 39.81, 39.872, 39.62, 39.522, 39.292, 39.088, 39.639, 40.152, 39.651, 38.693, 38.139, 37.9, 38.025, 38.273, 37.937, 36.943, 36.855, 36.588, 35.042, 34.09, 34.619, 35.367, 34.853, 34.484, 35.198, 36.014, 35.815, 34.583, 35.115, 35.758, 35.239, 35.254, 35.676, 34.814, 34.391, 34.969, 35.299, 38.366, 45.103, 46.603, 45.654, 47.294, 49.547, 50.289, 50.468, 50.228, 48.841, 47.339, 46.996, 47.811, 48.923, 49.219, 48.869, 49.443, 50.675, 50.205, 49.641, 50.392, 51.152, 50.366, 47.657, 46.155, 46.335, 41.619, 36.401, 39.598, 40.304, 41.522, 43.922, 43.717, 44.361, 44.414, 41.149, 36.773, 35.649, 35.657, 35.504, 35.972, 36.033, 35.81, 34.78, 34.58, 38.084, 42.558, 43.979, 43.622, 43.671, 43.858, 43.45, 42.48, 41.481, 41.138, 41.293, 41.493, 41.244, 39.126, 37.436, 37.704, 36.039, 35.838], [35.403, 34.994, 34.404, 34.346, 34.699, 34.443, 34.198, 34.831, 35.016, 33.699, 33.19, 33.202, 32.798, 32.413, 31.924, 31.254, 30.336, 28.849, 26.975, 25.324, 24.425, 23.721, 22.74, 21.878, 21.49, 21.071, 19.888, 17.587, 13.702, 9.724, 5.835, 0.0, 7.072, 12.384, 14.53, 15.603, 19.503, 25.368, 29.869, 31.016, 30.898, 31.931, 33.599, 35.313, 37.462, 38.993, 39.583, 39.662, 39.422, 39.338, 39.143, 38.974, 39.535, 40.039, 39.531, 38.574, 38.034, 37.81, 37.941, 38.197, 37.877, 36.872, 36.742, 36.449, 34.886, 33.908, 34.416, 35.17, 34.671, 34.311, 35.034, 35.865, 35.678, 34.424, 34.921, 35.556, 35.019, 35.011, 35.442, 34.597, 34.19, 34.77, 35.108, 38.239, 45.04, 46.54, 45.583, 47.251, 49.531, 50.283, 50.467, 50.227, 48.826, 47.301, 46.944, 47.757, 48.876, 49.175, 48.823, 49.397, 50.628, 50.16, 49.606, 50.364, 51.132, 50.357, 47.636, 46.117, 46.294, 41.567, 36.39, 39.612, 40.289, 41.512, 43.93, 43.714, 44.353, 44.415, 41.125, 36.629, 35.38, 35.388, 35.23, 35.701, 35.786, 35.57, 34.558, 34.514, 38.26, 42.858, 44.294, 43.932, 43.986, 44.173, 43.759, 42.779, 41.775, 41.434, 41.592, 41.78, 41.508, 39.331, 37.562, 37.81, 36.098, 35.689], [35.698, 35.351, 34.848, 34.81, 35.178, 35.03, 34.901, 35.546, 35.768, 34.613, 34.227, 34.307, 33.991, 33.63, 33.198, 32.64, 31.768, 30.265, 28.417, 26.92, 26.207, 25.626, 24.724, 23.949, 23.653, 23.356, 22.373, 20.355, 17.008, 14.151, 11.75, 7.072, 0.0, 6.323, 9.447, 11.182, 16.062, 22.847, 28.078, 29.774, 29.937, 31.089, 32.917, 34.81, 37.074, 38.662, 39.289, 39.425, 39.264, 39.25, 39.108, 38.971, 39.535, 40.05, 39.574, 38.65, 38.147, 37.966, 38.119, 38.376, 38.08, 37.14, 37.029, 36.74, 35.237, 34.283, 34.751, 35.483, 35.011, 34.652, 35.333, 36.142, 35.967, 34.706, 35.1, 35.687, 35.174, 35.16, 35.572, 34.77, 34.42, 34.989, 35.309, 38.368, 45.056, 46.541, 45.594, 47.233, 49.485, 50.241, 50.438, 50.21, 48.806, 47.265, 46.892, 47.685, 48.783, 49.074, 48.727, 49.291, 50.501, 50.055, 49.53, 50.282, 51.046, 50.273, 47.58, 46.08, 46.253, 41.657, 36.748, 39.931, 40.569, 41.753, 44.112, 43.884, 44.491, 44.554, 41.309, 36.794, 35.445, 35.48, 35.377, 35.871, 35.987, 35.785, 34.877, 34.926, 38.576, 43.088, 44.484, 44.126, 44.169, 44.341, 43.942, 42.986, 41.997, 41.659, 41.803, 41.969, 41.685, 39.492, 37.714, 37.948, 36.258, 35.943], [36.603, 36.304, 35.872, 35.853, 36.215, 36.139, 36.073, 36.701, 36.95, 35.893, 35.505, 35.578, 35.334, 34.992, 34.59, 34.106, 33.264, 31.759, 29.987, 28.667, 28.096, 27.586, 26.754, 26.053, 25.796, 25.543, 24.71, 22.998, 20.093, 17.638, 15.932, 12.384, 6.323, 0.0, 4.191, 7.644, 13.829, 21.178, 26.913, 29.156, 29.664, 30.924, 32.832, 34.817, 37.111, 38.693, 39.329, 39.516, 39.439, 39.493, 39.393, 39.282, 39.835, 40.35, 39.92, 39.067, 38.634, 38.52, 38.711, 38.963, 38.691, 37.858, 37.79, 37.511, 36.112, 35.233, 35.666, 36.353, 35.915, 35.553, 36.154, 36.909, 36.741, 35.512, 35.805, 36.345, 35.904, 35.891, 36.254, 35.512, 35.254, 35.8, 36.08, 38.997, 45.438, 46.879, 45.968, 47.543, 49.716, 50.455, 50.658, 50.446, 49.074, 47.556, 47.175, 47.935, 48.997, 49.274, 48.94, 49.481, 50.645, 50.225, 49.737, 50.469, 51.195, 50.4, 47.771, 46.328, 46.5, 42.114, 37.484, 40.493, 41.102, 42.218, 44.461, 44.219, 44.773, 44.836, 41.735, 37.402, 36.084, 36.139, 36.07, 36.557, 36.696, 36.517, 35.757, 35.838, 39.095, 43.332, 44.661, 44.329, 44.369, 44.519, 44.126, 43.208, 42.264, 41.953, 42.096, 42.251, 41.976, 39.862, 38.187, 38.421, 36.831, 36.807], [37.236, 36.952, 36.547, 36.539, 36.894, 36.821, 36.753, 37.367, 37.645, 36.636, 36.247, 36.317, 36.119, 35.81, 35.435, 34.985, 34.145, 32.622, 30.883, 29.627, 29.088, 28.588, 27.78, 27.112, 26.858, 26.597, 25.785, 24.149, 21.396, 19.085, 17.577, 14.53, 9.447, 4.191, 0.0, 5.198, 12.717, 20.526, 26.536, 29.077, 29.775, 31.085, 33.014, 35.005, 37.26, 38.794, 39.411, 39.621, 39.592, 39.683, 39.608, 39.52, 40.076, 40.588, 40.174, 39.356, 38.975, 38.917, 39.132, 39.378, 39.127, 38.356, 38.302, 38.019, 36.68, 35.846, 36.265, 36.929, 36.512, 36.154, 36.714, 37.438, 37.282, 36.073, 36.325, 36.857, 36.452, 36.414, 36.729, 36.009, 35.808, 36.348, 36.604, 39.477, 45.797, 47.206, 46.318, 47.866, 49.992, 50.712, 50.915, 50.713, 49.364, 47.861, 47.473, 48.216, 49.266, 49.543, 49.214, 49.739, 50.877, 50.471, 50.003, 50.716, 51.403, 50.584, 47.983, 46.579, 46.75, 42.478, 37.988, 40.874, 41.47, 42.552, 44.726, 44.47, 44.984, 45.034, 42.018, 37.823, 36.556, 36.619, 3