[[0.0, 6.457, 15.778, 20.962, 23.617, 24.624, 25.309, 25.533, 27.78, 28.098, 27.981, 29.555, 29.935, 30.246, 31.968, 32.845, 32.833, 33.47, 33.801, 34.124, 34.693, 35.003, 35.212, 35.419, 35.003, 34.969, 35.341, 35.319, 35.178, 35.941, 35.978, 35.669, 35.896, 35.535, 34.764, 34.523, 33.957, 33.907, 35.971, 36.487, 36.014, 35.564, 36.166, 37.367, 36.028, 33.737, 33.228, 34.683, 36.704, 38.049, 37.972, 15.534], [6.457, 0.0, 12.193, 18.707, 21.72, 22.926, 23.768, 24.34, 26.89, 27.264, 27.229, 28.947, 29.35, 29.687, 31.555, 32.449, 32.447, 33.113, 33.501, 33.898, 34.475, 34.853, 35.151, 35.397, 34.977, 34.934, 35.294, 35.288, 35.201, 35.977, 35.994, 35.698, 35.957, 35.614, 34.83, 34.578, 33.985, 33.95, 36.042, 36.542, 36.038, 35.567, 36.218, 37.435, 36.046, 33.674, 33.109, 34.581, 36.665, 38.007, 37.937, 17.37], [15.778, 12.193, 0.0, 10.617, 15.973, 17.985, 19.307, 21.164, 24.894, 25.666, 26.193, 28.456, 28.982, 29.448, 31.496, 32.323, 32.394, 33.239, 33.724, 34.233, 34.874, 35.267, 35.581, 35.894, 35.687, 35.775, 36.139, 36.158, 36.12, 36.863, 36.85, 36.575, 36.826, 36.488, 35.708, 35.44, 34.907, 34.91, 36.794, 37.194, 36.687, 36.212, 36.788, 37.857, 36.485, 34.199, 33.62, 34.958, 36.843, 38.091, 38.013, 24.533], [20.962, 18.707, 10.617, 0.0, 8.746, 12.822, 14.536, 17.959, 22.89, 24.039, 25.248, 27.967, 28.6, 29.313, 31.559, 32.268, 32.487, 33.597, 34.234, 34.849, 35.522, 35.999, 36.354, 36.747, 36.866, 37.137, 37.516, 37.532, 37.429, 38.029, 38.01, 37.734, 37.91, 37.563, 36.854, 36.63, 36.183, 36.174, 37.881, 38.283, 37.852, 37.401, 37.82, 38.708, 37.442, 35.356, 34.843, 35.94, 37.431, 38.536, 38.446, 28.149], [23.617, 21.72, 15.973, 8.746, 0.0, 6.724, 9.982, 15.166, 21.248, 22.886, 24.714, 27.691, 28.333, 29.265, 31.681, 32.287, 32.579, 33.841, 34.601, 35.285, 35.977, 36.549, 36.927, 37.323, 37.602, 37.985, 38.409, 38.425, 38.265, 38.795, 38.783, 38.504, 38.635, 38.278, 37.623, 37.466, 37.054, 36.999, 38.576, 38.946, 38.514, 38.111, 38.469, 39.265, 38.166, 36.27, 35.885, 36.801, 37.933, 38.914, 38.808, 29.87], [24.624, 22.926, 17.985, 12.822, 6.724, 0.0, 5.805, 13.587, 20.543, 22.533, 24.445, 27.392, 28.015, 28.981, 31.509, 32.164, 32.409, 33.657, 34.473, 35.213, 35.947, 36.559, 36.948, 37.351, 37.6, 37.946, 38.408, 38.432, 38.241, 38.791, 38.776, 38.483, 38.63, 38.279, 37.633, 37.513, 37.075, 37.022, 38.631, 38.937, 38.44, 38.055, 38.426, 39.221, 38.147, 36.274, 35.929, 36.833, 37.944, 38.922, 38.808, 30.549], [25.309, 23.768, 19.307, 14.536, 9.982, 5.805, 0.0, 11.121, 19.352, 21.496, 23.399, 26.436, 27.082, 28.118, 30.87, 31.619, 31.876, 33.182, 34.059, 34.817, 35.538, 36.151, 36.587, 37.061, 37.359, 37.703, 38.166, 38.213, 38.043, 38.605, 38.57, 38.246, 38.401, 38.059, 37.431, 37.318, 36.869, 36.851, 38.502, 38.807, 38.298, 37.901, 38.29, 39.087, 37.978, 36.065, 35.724, 36.654, 37.779, 38.769, 38.652, 30.844], [25.533, 24.34, 21.164, 17.959, 15.166, 13.587, 11.121, 0.0, 10.622, 14.134, 16.276, 20.108, 21.207, 22.675, 26.421, 27.637, 28.178, 29.889, 31.069, 32.028, 32.822, 33.514, 34.117, 34.805, 35.379, 35.982, 36.53, 36.637, 36.651, 37.376, 37.363, 37.049, 37.232, 36.868, 36.278, 36.226, 35.677, 35.621, 37.408, 37.709, 37.222, 36.837, 37.294, 38.283, 37.078, 34.885, 34.472, 35.581, 36.955, 38.099, 38.005, 30.354], [27.78, 26.89, 24.894, 22.89, 21.248, 20.543, 19.352, 10.622, 0.0, 6.128, 10.372, 15.036, 16.667, 18.612, 23.176, 24.758, 25.677, 27.726, 29.042, 30.109, 30.973, 31.769, 32.504, 33.366, 34.354, 35.353, 36.009, 36.164, 36.546, 37.5, 37.552, 37.304, 37.493, 37.185, 36.726, 36.747, 36.187, 36.022, 37.704, 37.988, 37.557, 37.21, 37.673, 38.744, 37.572, 35.364, 34.871, 36.026, 37.66, 38.929, 38.865, 31.376], [28.098, 27.264, 25.666, 24.039, 22.886, 22.533, 21.496, 14.134, 6.128, 0.0, 7.025, 13.36, 15.313, 17.251, 21.985, 23.659, 24.697, 26.816, 28.101, 29.139, 29.971, 30.76, 31.553, 32.469, 33.604, 34.768, 35.48, 35.632, 36.072, 37.127, 37.248, 37.024, 37.202, 36.905, 36.466, 36.498, 35.93, 35.722, 37.41, 37.715, 37.314, 36.986, 37.44, 38.494, 37.291, 35.072, 34.563, 35.75, 37.499, 38.834, 38.777, 31.343], [27.981, 27.229, 26.193, 25.248, 24.714, 24.445, 23.399, 16.276, 10.372, 7.025, 0.0, 8.365, 11.346, 13.305, 18.822, 21.296, 22.83, 25.088, 26.553, 27.896, 28.933, 29.702, 30.486, 31.462, 32.495, 33.606, 34.327, 34.507, 35.1, 36.291, 36.445, 36.292, 36.553, 36.264, 35.818, 35.829, 35.079, 34.837, 36.758, 37.062, 36.537, 36.165, 36.736, 37.962, 36.672, 34.192, 33.648, 35.088, 37.119, 38.56, 38.542, 30.946], [29.555, 28.947, 28.456, 27.967, 27.691, 27.392, 26.436, 20.108, 15.036, 13.36, 8.365, 0.0, 4.61, 7.888, 14.718, 18.378, 20.906, 23.471, 25.248, 27.041, 28.362, 29.153, 29.92, 31.0, 32.057, 33.113, 33.805, 34.035, 34.848, 36.196, 36.365, 36.282, 36.675, 36.501, 36.121, 36.123, 35.244, 34.95, 36.972, 37.272, 36.583, 36.145, 36.828, 38.217, 36.942, 34.317, 33.714, 35.336, 37.583, 39.078, 39.109, 31.921], [29.935, 29.35, 28.982, 28.6, 28.333, 28.015, 27.082, 21.207, 16.667, 15.313, 11.346, 4.61, 0.0, 5.832, 13.728, 17.346, 19.948, 22.659, 24.547, 26.451, 27.828, 28.655, 29.47, 30.581, 31.684, 32.751, 33.431, 33.69, 34.609, 36.101, 36.304, 36.209, 36.633, 36.521, 36.182, 36.188, 35.332, 35.074, 37.083, 37.383, 36.689, 36.256, 36.962, 38.334, 37.067, 34.479, 33.877, 35.504, 37.772, 39.264, 39.294, 32.255], [30.246, 29.687, 29.448, 29.313, 29.265, 28.981, 28.118, 22.675, 18.612, 17.251, 13.305, 7.888, 5.832, 0.0, 9.852, 14.844, 17.791, 20.656, 22.872, 25.314, 27.08, 27.996, 28.849, 30.005, 31.131, 32.201, 32.859, 33.143, 34.233, 35.949, 36.238, 36.196, 36.663, 36.585, 36.274, 36.298, 35.423, 35.123, 37.14, 37.426, 36.698, 36.24, 36.986, 38.406, 37.128, 34.483, 33.834, 35.544, 37.844, 39.338, 39.373, 32.465], [31.968, 31.555, 31.496, 31.559, 31.681, 31.509, 30.87, 26.421, 23.176, 21.985, 18.822, 14.718, 13.728, 9.852, 0.0, 8.744, 14.586, 17.825, 20.533, 24.058, 26.439, 27.521, 28.4, 29.616, 30.933, 32.125, 32.766, 33.037, 34.225, 36.089, 36.456, 36.51, 37.052, 37.031, 36.744, 36.792, 35.982, 35.607, 37.477, 37.735, 36.975, 36.454, 37.127, 38.549, 37.37, 34.79, 34.157, 35.876, 37.997, 39.407, 39.466, 33.853], [32.845, 32.449, 32.323, 32.268, 32.287, 32.164, 31.619, 27.637, 24.758, 23.659, 21.296, 18.378, 17.346, 14.844, 8.744, 0.0, 9.61, 14.733, 17.767, 21.931, 24.708, 26.171, 27.277, 28.571, 30.273, 31.681, 32.361, 32.664, 33.886, 35.786, 36.17, 36.293, 36.899, 36.949, 36.744, 36.808, 36.179, 35.929, 37.624, 37.937, 37.311, 36.783, 37.334, 38.582, 37.446, 35.076, 34.553, 36.14, 38.117, 39.438, 39.472, 34.705], [32.833, 32.447, 32.394, 32.487, 32.579, 32.409, 31.876, 28.178, 25.677, 24.697, 22.83, 20.906, 19.948, 17.791, 14.586, 9.61, 0.0, 8.135, 13.306, 17.87, 20.934, 23.027, 24.547, 25.884, 27.885, 29.45, 30.154, 30.609, 32.151, 34.435, 34.896, 35.013, 35.706, 35.928, 35.886, 36.007, 35.59, 35.693, 37.434, 37.745, 37.255, 36.786, 37.32, 38.517, 37.307, 35.092, 34.66, 36.001, 37.948, 39.314, 39.268, 34.764], [33.47, 33.113, 33.239, 33.597, 33.841, 33.657, 33.182, 29.889, 27.726, 26.816, 25.088, 23.471, 22.659, 20.656, 17.825, 14.733, 8.135, 0.0, 8.219, 14.584, 17.951, 20.562, 22.497, 23.801, 25.974, 27.736, 28.475, 28.938, 30.682, 33.326, 33.912, 34.104, 34.887, 35.267, 35.493, 35.832, 35.456, 35.819, 37.684, 37.926, 37.428, 36.999, 37.601, 38.878, 37.701, 35.505, 35.073, 36.366, 38.277, 39.638, 39.588, 35.255], [33.801, 33.501, 33.724, 34.234, 34.601, 34.473, 34.059, 31.069, 29.042, 28.101, 26.553, 25.248, 24.547, 22.872, 20.533, 17.767, 13.306, 8.219, 0.0, 8.915, 14.374, 18.011, 20.206, 21.444, 23.654, 25.755, 26.692, 27.074, 28.946, 31.958, 32.69, 32.987, 33.878, 34.386, 34.78, 35.283, 35.036, 35.554, 37.48, 37.71, 37.244, 36.791, 37.315, 38.559, 37.356, 35.249, 34.845, 36.099, 38.067, 39.441, 39.381, 35.487], [34.124, 33.898, 34.233, 34.849, 35.285, 35.213, 34.817, 32.028, 30.109, 29.139, 27.896, 27.041, 26.451, 25.314, 24.058, 21.931, 17.87, 14.584, 8.915, 0.0, 8.446, 14.401, 17.062, 18.076, 20.46, 23.129, 24.334, 24.764, 26.869, 30.272, 31.128, 31.411, 32.35, 33.025, 33.557, 34.119, 34.181, 35.104, 37.088, 37.355, 37.137, 36.783, 37.169, 38.22, 36.893, 34.945, 34.636, 35.679, 37.603, 39.013, 38.924, 35.769], [34.693, 34.475, 34.874, 35.522, 35.977, 35.947, 35.538, 32.822, 30.973, 29.971, 28.933, 28.362, 27.828, 27.08, 26.439, 24.708, 20.934, 17.951, 14.374, 8.446, 0.0, 8.737, 13.401, 14.681, 18.057, 21.534, 22.916, 23.463, 25.622, 29.087, 29.922, 30.109, 31.014, 31.795, 32.457, 33.078, 33.376, 34.75, 36.885, 37.188, 37.207, 37.097, 37.498, 38.381, 37.02, 35.132, 34.828, 35.722, 37.586, 39.041, 38.959, 36.205], [35.003, 34.853, 35.267, 35.999, 36.549, 36.559, 36.151, 33.514, 31.769, 30.76, 29.702, 29.153, 28.655, 27.996, 27.521, 26.171, 23.027, 20.562, 18.011, 14.401, 8.737, 0.0, 7.024, 9.988, 14.777, 19.132, 20.806, 21.587, 23.941, 27.514, 28.361, 28.537, 29.423, 30.262, 31.038, 31.722, 32.124, 33.749, 36.066, 36.437, 36.515, 36.668, 37.424, 38.509, 37.148, 35.229, 34.945, 35.849, 37.695, 39.147, 39.085, 36.255], [35.212, 35.151, 35.581, 36.354, 36.927, 36.948, 36.587, 34.117, 32.504, 31.553, 30.486, 29.92, 29.47, 28.849, 28.4, 27.277, 24.547, 22.497, 20.206, 17.062, 13.401, 7.024, 0.0, 5.467, 12.285, 17.238, 19.147, 20.128, 22.756, 26.531, 27.437, 27.658, 28.515, 29.376, 30.269, 31.006, 31.411, 33.09, 35.479, 35.898, 35.995, 36.232, 37.244, 38.614, 37.31, 35.378, 35.206, 36.112, 37.857, 39.245, 39.185, 36.333], [35.419, 35.397, 35.894, 36.747, 37.323, 37.351, 37.061, 34.805, 33.366, 32.469, 31.462, 31.0, 30.581, 30.005, 29.616, 28.571, 25.884, 23.801, 21.444, 18.076, 14.681, 9.988, 5.467, 0.0, 9.109, 15.335, 17.542, 18.49, 21.421, 25.607, 26.694, 27.024, 27.885, 28.809, 29.834, 30.636, 31.119, 32.953, 35.374, 35.824, 35.987, 36.24, 37.261, 38.667, 37.416, 35.583, 35.45, 36.306, 38.04, 39.423, 39.338, 36.552], [35.003, 34.977, 35.687, 36.866, 37.602, 37.6, 37.359, 35.379, 34.354, 33.604, 32.495, 32.057, 31.684, 31.131, 30.933, 30.273, 27.885, 25.974, 23.654, 20.46, 18.057, 14.777, 12.285, 9.109, 0.0, 8.298, 11.846, 12.769, 16.588, 21.999, 23.545, 24.272, 25.35, 26.348, 27.488, 28.409, 29.075, 31.256, 34.056, 34.765, 35.034, 35.286, 36.482, 37.978, 36.633, 35.038, 35.073, 36.01, 37.965, 39.435, 39.327, 36.208], [34.969, 34.934, 35.775, 37.137, 37.985, 37.946, 37.703, 35.982, 35.353, 34.768, 33.606, 33.113, 32.751, 32.201, 32.125, 31.681, 29.45, 27.736, 25.755, 23.129, 21.534, 19.132, 17.238, 15.335, 8.298, 0.0, 5.275, 7.367, 12.352, 18.844, 20.575, 21.552, 22.992, 24.158, 25.47, 26.59, 27.378, 29.841, 33.007, 33.95, 34.263, 34.448, 35.76, 37.392, 35.935, 34.529, 34.857, 35.867, 37.921, 39.441, 39.361, 36.263], [35.341, 35.294, 36.139, 37.516, 38.409, 38.408, 38.166, 36.53, 36.009, 35.48, 34.327, 33.805, 33.431, 32.859, 32.766, 32.361, 30.154, 28.475, 26.692, 24.334, 22.916, 20.806, 19.147, 17.542, 11.846, 5.275, 0.0, 4.446, 11.003, 17.869, 19.608, 20.652, 22.27, 23.61, 25.088, 26.309, 27.105, 29.675, 32.924, 33.925, 34.244, 34.425, 35.778, 37.439, 35.999, 34.659, 35.084, 36.136, 38.158, 39.646, 39.582, 36.659], [35.319, 35.288, 36.158, 37.532, 38.425, 38.432, 38.213, 36.637, 36.164, 35.632, 34.507, 34.035, 33.69, 33.143, 33.037, 32.664, 30.609, 28.938, 27.074, 24.764, 23.463, 21.587, 20.128, 18.49, 12.769, 7.367, 4.446, 0.0, 8.36, 16.321, 18.335, 19.622, 21.42, 22.834, 24.399, 25.7, 26.499, 29.114, 32.527, 33.59, 33.914, 34.081, 35.381, 37.042, 35.679, 34.475, 34.937, 36.011, 38.109, 39.617, 39.54, 36.655], [35.178, 35.201, 36.12, 37.429, 38.265, 38.241, 38.043, 36.651, 36.546, 36.072, 35.1, 34.848, 34.609, 34.233, 34.225, 33.886, 32.151, 30.682, 28.946, 26.869, 25.622, 23.941, 22.756, 21.421, 16.588, 12.352, 11.003, 8.36, 0.0, 9.66, 12.835, 15.189, 17.621, 19.396, 21.525, 23.378, 24.464, 27.442, 31.335, 32.57, 32.993, 33.264, 34.545, 36.188, 34.915, 33.951, 34.564, 35.608, 37.694, 39.238, 39.18, 36.573], [35.941, 35.977, 36.863, 38.029, 38.795, 38.791, 38.605, 37.376, 37.5, 37.127, 36.291, 36.196, 36.101, 35.949, 36.089, 35.786, 34.435, 33.326, 31.958, 30.272, 29.087, 27.514, 26.531, 25.607, 21.999, 18.844, 17.869, 16.321, 9.66, 0.0, 5.778, 10.982, 13.791, 15.884, 18.946, 21.548, 22.905, 26.196, 30.486, 31.828, 32.384, 32.837, 34.199, 35.91, 34.877, 34.219, 35.01, 35.999, 37.981, 39.497, 39.493, 37.285], [35.978, 35.994, 36.85, 38.01, 38.783, 38.776, 38.57, 37.363, 37.552, 37.248, 36.445, 36.365, 36.304, 36.238, 36.456, 36.17, 34.896, 33.912, 32.69, 31.128, 29.922, 28.361, 27.437, 26.694, 23.545, 20.575, 19.608, 18.335, 12.835, 5.778, 0.0, 7.048, 10.732, 13.232, 16.688, 19.648, 21.115, 24.682, 29.364, 30.821, 31.41, 31.958, 33.441, 35.266, 34.266, 33.67, 34.598, 35.571, 37.566, 39.119, 39.164, 37.357], [35.669, 35.698, 36.575, 37.734, 38.504, 38.483, 38.246, 37.049, 37.304, 37.024, 36.292, 36.282, 36.209, 36.196, 36.51, 36.293, 35.013, 34.104, 32.987, 31.411, 30.109, 28.537, 27.658, 27.024, 24.272, 21.552, 20.652, 19.622, 15.189, 10.982, 7.048, 0.0, 5.919, 10.221, 14.196, 17.383, 18.916, 22.909, 27.951, 29.501, 30.184, 30.906, 32.542, 34.465, 33.415, 32.818, 33.836, 34.793, 36.819, 38.435, 38.496, 37.121], [35.896, 35.957, 36.826, 37.91, 38.635, 38.63, 38.401, 37.232, 37.493, 37.202, 36.553, 36.675, 36.633, 36.663, 37.052, 36.899, 35.706, 34.887, 33.878, 32.35, 31.014, 29.423, 28.515, 27.885, 25.35, 22.992, 22.27, 21.42, 17.621, 13.791, 10.732, 5.919, 0.0, 6.252, 12.069, 15.812, 17.325, 21.567, 26.888, 28.566, 29.532, 30.536, 32.324, 34.314, 33.358, 32.927, 33.978, 34.884, 36.828, 38.412, 38.477, 37.298], [35.535, 35.614, 36.488, 37.563, 38.278, 38.279, 38.059, 36.868, 37.185, 36.905, 36.264, 36.501, 36.521, 36.585, 37.031, 36.949, 35.928, 35.267, 34.386, 33.025, 31.795, 30.262, 29.376, 28.809, 26.348, 24.158, 23.61, 22.834, 19.396, 15.884, 13.232, 10.221, 6.252, 0.0, 7.624, 12.815, 14.594, 18.818, 24.68, 26.628, 27.926, 29.227, 31.146, 33.232, 32.367, 32.172, 33.37, 34.286, 36.292, 37.896, 37.986, 36.913], [34.764, 34.83, 35.708, 36.854, 37.623, 37.633, 37.431, 36.278, 36.726, 36.466, 35.818, 36.121, 36.182, 36.274, 36.744, 36.744, 35.886, 35.493, 34.78, 33.557, 32.457, 31.038, 30.269, 29.834, 27.488, 25.47, 25.088, 24.399, 21.525, 18.946, 16.688, 14.196, 12.069, 7.624, 0.0, 7.265, 10.654, 14.659, 21.057, 23.598, 25.318, 27.018, 29.192, 31.432, 30.552, 30.517, 31.964, 32.922, 35.121, 36.855, 36.957, 36.253], [34.523, 34.578, 35.44, 36.63, 37.466, 37.513, 37.318, 36.226, 36.747, 36.498, 35.829, 36.123, 36.188, 36.298, 36.792, 36.808, 36.007, 35.832, 35.283, 34.119, 33.078, 31.722, 31.006, 30.636, 28.409, 26.59, 26.309, 25.7, 23.378, 21.548, 19.648, 17.383, 15.812, 12.815, 7.265, 0.0, 6.368, 11.784, 18.048, 21.079, 23.415, 25.557, 28.153, 30.629, 29.746, 29.68, 31.219, 32.209, 34.486, 36.283, 36.393, 36.104], [33.957, 33.985, 34.907, 36.183, 37.054, 37.075, 36.869, 35.677, 36.187, 35.93, 35.079, 35.244, 35.332, 35.423, 35.982, 36.179, 35.59, 35.456, 35.036, 34.181, 33.376, 32.124, 31.411, 31.119, 29.075, 27.378, 27.105, 26.499, 24.464, 22.905, 21.115, 18.916, 17.325, 14.594, 10.654, 6.368, 0.0, 8.789, 16.767, 19.521, 21.799, 24.09, 27.057, 30.017, 29.246, 28.877, 30.313, 31.523, 33.977, 35.83, 35.965, 35.559], [33.907, 33.95, 34.91, 36.174, 36.999, 37.022, 36.851, 35.621, 36.022, 35.722, 34.837, 34.95, 35.074, 35.123, 35.607, 35.929, 35.693, 35.819, 35.554, 35.104, 34.75, 33.749, 33.09, 32.953, 31.256, 29.841, 29.675, 29.114, 27.442, 26.196, 24.682, 22.909, 21.567, 18.818, 14.659, 11.784, 8.789, 0.0, 11.322, 15.743, 18.225, 21.037, 24.714, 28.421, 28.014, 27.859, 29.491, 30.869, 33.619, 35.591, 35.749, 35.303], [35.971, 36.042, 36.794, 37.881, 38.576, 38.631, 38.502, 37.408, 37.704, 37.41, 36.758, 36.972, 37.083, 37.14, 37.477, 37.624, 37.434, 37.684, 37.48, 37.088, 36.885, 36.066, 35.479, 35.374, 34.056, 33.007, 32.924, 32.527, 31.335, 30.486, 29.364, 27.951, 26.888, 24.68, 21.057, 18.048, 16.767, 11.322, 0.0, 8.652, 14.032, 17.861, 22.375, 26.738, 27.053, 27.809, 29.936, 31.167, 33.804, 35.751, 35.956, 37.036], [36.487, 36.542, 37.194, 38.283, 38.946, 38.937, 38.807, 37.709, 37.988, 37.715, 37.062, 37.272, 37.383, 37.426, 37.735, 37.937, 37.745, 37.926, 37.71, 37.355, 37.188, 36.437, 35.898, 35.824, 34.765, 33.95, 33.925, 33.59, 32.57, 31.828, 30.821, 29.501, 28.566, 26.628, 23.598, 21.079, 19.521, 15.743, 8.652, 0.0, 8.799, 14.322, 19.031, 24.1, 25.143, 26.254, 28.681, 29.887, 32.74, 34.874, 35.127, 37.498], [36.014, 36.038, 36.687, 37.852, 38.514, 38.44, 38.298, 37.222, 37.557, 37.314, 36.537, 36.583, 36.689, 36.698, 36.975, 37.311, 37.255, 37.428, 37.244, 37.137, 37.207, 36.515, 35.995, 35.987, 35.034, 34.263, 34.244, 33.914, 32.993, 32.384, 31.41, 30.184, 29.532, 27.926, 25.318, 23.415, 21.799, 18.225, 14.032, 8.799, 0.0, 8.536, 15.601, 21.62, 23.234, 24.358, 26.991, 28.448, 31.685, 33.984, 34.251, 37.09], [35.564, 35.567, 36.212, 37.401, 38.111, 38.055, 37.901, 36.837, 37.21, 36.986, 36.165, 36.145, 36.256, 36.24, 36.454, 36.783, 36.786, 36.999, 36.791, 36.783, 37.097, 36.668, 36.232, 36.24, 35.286, 34.448, 34.425, 34.081, 33.264, 32.837, 31.958, 30.906, 30.536, 29.227, 27.018, 25.557, 24.09, 21.037, 17.861, 14.322, 8.536, 0.0, 10.64, 18.911, 21.209, 22.817, 25.816, 27.689, 31.33, 33.719, 33.942, 36.766], [36.166, 36.218, 36.788, 37.82, 38.469, 38.426, 38.29, 37.294, 37.673, 37.44, 36.736, 36.828, 36.962, 36.986, 37.127, 37.334, 37.32, 37.601, 37.315, 37.169, 37.498, 37.424, 37.244, 37.261, 36.482, 35.76, 35.778, 35.381, 34.545, 34.199, 33.441, 32.542, 32.324, 31.146, 29.192, 28.153, 27.057, 24.714, 22.375, 19.031, 15.601, 10.64, 0.0, 11.257, 16.126, 19.885, 24.014, 26.029, 30.099, 32.703, 32.911, 37.445], [37.367, 37.435, 37.857, 38.708, 39.265, 39.221, 39.087, 38.283, 38.744, 38.494, 37.962, 38.217, 38.334, 38.406, 38.549, 38.582, 38.517, 38.878, 38.559, 38.22, 38.381, 38.509, 38.614, 38.667, 37.978, 37.392, 37.439, 37.042, 36.188, 35.91, 35.266, 34.465, 34.314, 33.232, 31.432, 30.629, 30.017, 28.421, 26.738, 24.1, 21.62, 18.911, 11.257, 0.0, 9.311, 17.275, 22.494, 23.94, 27.939, 30.74, 30.973, 38.633], [36.028, 36.046, 36.485, 37.442, 38.166, 38.147, 37.978, 37.078, 37.572, 37.291, 36.672, 36.942, 37.067, 37.128, 37.37, 37.446, 37.307, 37.701, 37.356, 36.893, 37.02, 37.148, 37.31, 37.416, 36.633, 35.935, 35.999, 35.679, 34.915, 34.877, 34.266, 33.415, 33.358, 32.367, 30.552, 29.746, 29.246, 28.014, 27.053, 25.143, 23.234, 21.209, 16.126, 9.311, 0.0, 11.38, 18.473, 19.827, 24.155, 27.489, 27.85, 37.473], [33.737, 33.674, 34.199, 35.356, 36.27, 36.274, 36.065, 34.885, 35.364, 35.072, 34.192, 34.317, 34.479, 34.483, 34.79, 35.076, 35.092, 35.505, 35.249, 34.945, 35.132, 35.229, 35.378, 35.583, 35.038, 34.529, 34.659, 34.475, 33.951, 34.219, 33.67, 32.818, 32.927, 32.172, 30.517, 29.68, 28.877, 27.859, 27.809, 26.254, 24.358, 22.817, 19.885, 17.275, 11.38, 0.0, 10.817, 14.749, 19.883, 23.791, 24.455, 35.493], [33.228, 33.109, 33.62, 34.843, 35.885, 35.929, 35.724, 34.472, 34.871, 34.563, 33.648, 33.714, 33.877, 33.834, 34.157, 34.553, 34.66, 35.073, 34.845, 34.636, 34.828, 34.945, 35.206, 35.45, 35.073, 34.857, 35.084, 34.937, 34.564, 35.01, 34.598, 33.836, 33.978, 33.37, 31.964, 31.219, 30.313, 29.491, 29.936, 28.681, 26.991, 25.816, 24.014, 22.494, 18.473, 10.817, 0.0, 9.022, 18.471, 23.05, 23.686, 35.004], [34.683, 34.581, 34.958, 35.94, 36.801, 36.833, 36.654, 35.581, 36.026, 35.75, 35.088, 35.336, 35.504, 35.544, 35.876, 36.14, 36.001, 36.366, 36.099, 35.679, 35.722, 35.849, 36.112, 36.306, 36.01, 35.867, 36.136, 36.011, 35.608, 35.999, 35.571, 34.793, 34.884, 34.286, 32.922, 32.209, 31.523, 30.869, 31.167, 29.887, 28.448, 27.689, 26.029, 23.94, 19.827, 14.749, 9.022, 0.0, 14.062, 20.153, 20.635, 36.348], [36.704, 36.665, 36.843, 37.431, 37.933, 37.944, 37.779, 36.955, 37.66, 37.499, 37.119, 37.583, 37.772, 37.844, 37.997, 38.117, 37.948, 38.277, 38.067, 37.603, 37.586, 37.695, 37.857, 38.04, 37.965, 37.921, 38.158, 38.109, 37.694, 37.981, 37.566, 36.819, 36.828, 36.292, 35.121, 34.486, 33.977, 33.619, 33.804, 32.74, 31.685, 31.33, 30.099, 27.939, 24.155, 19.883, 18.471, 14.062, 0.0, 8.186, 9.162, 38.271], [38.049, 38.007, 38.091, 38.536, 38.914, 38.922, 38.769, 38.099, 38.929, 38.834, 38.56, 39.078, 39.264, 39.338, 39.407, 39.438, 39.314, 39.638, 39.441, 39.013, 39.041, 39.147, 39.245, 39.423, 39.435, 39.441, 39.646, 39.617, 39.238, 39.497, 39.119, 38.435, 38.412, 37.896, 36.855, 36.283, 35.83, 35.591, 35.751, 34.874, 33.984, 33.719, 32.703, 30.74, 27.489, 23.791, 23.05, 20.153, 8.186, 0.0, 3.955, 39.577], [37.972, 37.937, 38.013, 38.446, 38.808, 38.808, 38.652, 38.005, 38.865, 38.777, 38.542, 39.109, 39.294, 39.373, 39.466, 39.472, 39.268, 39.588, 39.381, 38.924, 38.959, 39.085, 39.185, 39.338, 39.327, 39.361, 39.582, 39.54, 39.18, 39.493, 39.164, 38.496, 38.477, 37.986, 36.957, 36.393, 35.965, 35.749, 35.956, 35.127, 34.251, 33.942, 32.911, 30.973, 27.85, 24.455, 23.686, 20.635, 9.162, 3.955, 0.0, 39.531], [15.534, 17.37, 24.533, 28.149, 29.87, 30.549, 30.844, 30.354, 31.376, 31.343, 30.946, 31.921, 32.255, 32.465, 33.853, 34.705, 34.764, 35.255, 35.487, 35.769, 36.205, 36.255, 36.333, 36.552, 36.208, 36.263, 36.659, 36.655, 36.573, 37.285, 37.357, 37.121, 37.298, 36.913, 36.253, 36.104, 35.559, 35.303, 37.036, 37.498, 37.09, 36.766, 37.445, 38.633, 37.473, 35.493, 35.004, 36.348, 38.271, 39.577, 39.531, 0.0]]