[[0.0, 3.562, 7.885, 13.35, 19.106, 24.118, 27.893, 30.458, 31.855, 32.532, 32.996, 33.406, 33.674, 33.849, 34.125, 34.701, 35.649, 36.582, 36.891, 36.753, 36.744, 36.886, 36.972, 36.868, 36.711, 36.628, 36.609, 36.614, 36.666, 36.856, 37.45, 38.766, 40.586, 42.006, 42.688, 43.032, 43.404, 43.868, 44.26, 44.454, 44.489, 44.575, 44.899, 45.332, 45.536, 45.398, 44.98, 44.445, 44.053, 43.858, 43.744, 43.611, 43.319, 42.913, 42.851, 43.122, 43.131, 42.752, 42.802, 43.492, 44.3, 44.818, 45.058, 45.133, 45.065, 45.009, 45.248, 45.785, 46.205, 46.059, 44.971, 43.318, 42.913, 44.09, 45.662, 46.75, 47.139, 47.087, 47.051, 47.183, 47.311, 47.305, 47.274, 47.342, 47.463, 47.665, 48.406, 49.903, 51.442, 52.119, 51.988, 51.746, 51.845, 52.272, 52.237, 51.595, 50.864, 50.303, 49.933, 49.626, 49.434, 49.488, 49.682, 49.789, 49.735, 49.274, 48.137, 46.62, 45.404, 44.793, 44.589, 44.412, 44.206, 44.015, 43.774, 43.273, 42.602, 42.07, 41.745, 41.63, 42.484, 44.099, 45.136, 45.114, 44.871, 45.204, 45.733, 46.046, 46.356, 47.009, 47.976, 48.711, 49.003, 48.93, 48.654, 48.414, 48.38, 48.48, 48.537, 48.584, 48.721, 49.004, 49.466, 50.03, 50.558, 50.963, 51.337, 51.758, 51.858, 51.261, 50.355, 49.581, 48.748, 47.4, 45.622, 44.329, 44.037, 4.152], [3.562, 0.0, 5.141, 11.523, 17.969, 23.386, 27.373, 30.058, 31.518, 32.209, 32.653, 33.031, 33.275, 33.439, 33.713, 34.285, 35.231, 36.159, 36.449, 36.274, 36.223, 36.337, 36.416, 36.313, 36.153, 36.064, 36.038, 36.039, 36.089, 36.281, 36.897, 38.269, 40.16, 41.638, 42.366, 42.758, 43.175, 43.669, 44.075, 44.274, 44.314, 44.405, 44.735, 45.173, 45.381, 45.243, 44.817, 44.269, 43.869, 43.674, 43.562, 43.424, 43.117, 42.69, 42.623, 42.904, 42.912, 42.507, 42.533, 43.225, 44.048, 44.578, 44.822, 44.897, 44.829, 44.771, 45.017, 45.572, 46.008, 45.861, 44.742, 43.031, 42.603, 43.814, 45.423, 46.529, 46.921, 46.864, 46.824, 46.958, 47.092, 47.094, 47.072, 47.145, 47.263, 47.457, 48.204, 49.727, 51.293, 51.98, 51.844, 51.596, 51.7, 52.15, 52.135, 51.487, 50.755, 50.208, 49.853, 49.547, 49.342, 49.38, 49.563, 49.672, 49.626, 49.164, 48.004, 46.441, 45.187, 44.569, 44.371, 44.195, 43.984, 43.792, 43.554, 43.049, 42.366, 41.82, 41.483, 41.358, 42.215, 43.863, 44.923, 44.888, 44.623, 44.956, 45.501, 45.82, 46.129, 46.793, 47.777, 48.527, 48.827, 48.755, 48.477, 48.233, 48.197, 48.295, 48.349, 48.393, 48.529, 48.814, 49.28, 49.852, 50.393, 50.811, 51.193, 51.618, 51.72, 51.109, 50.179, 49.383, 48.521, 47.123, 45.278, 43.932, 43.64, 6.511], [7.885, 5.141, 0.0, 7.01, 14.43, 20.701, 25.293, 28.39, 30.092, 30.903, 31.409, 31.83, 32.114, 32.29, 32.573, 33.163, 34.155, 35.148, 35.474, 35.306, 35.257, 35.379, 35.468, 35.359, 35.182, 35.081, 35.052, 35.047, 35.093, 35.303, 35.976, 37.439, 39.417, 40.952, 41.722, 42.163, 42.641, 43.189, 43.629, 43.846, 43.901, 44.006, 44.347, 44.793, 45.004, 44.861, 44.421, 43.853, 43.439, 43.242, 43.133, 42.996, 42.671, 42.206, 42.118, 42.403, 42.403, 41.952, 41.931, 42.612, 43.446, 43.979, 44.213, 44.278, 44.201, 44.135, 44.375, 44.925, 45.365, 45.224, 44.078, 42.296, 41.838, 43.111, 44.794, 45.941, 46.34, 46.275, 46.228, 46.369, 46.52, 46.541, 46.541, 46.639, 46.771, 46.96, 47.713, 49.277, 50.888, 51.592, 51.453, 51.204, 51.325, 51.825, 51.845, 51.183, 50.435, 49.9, 49.564, 49.264, 49.059, 49.101, 49.299, 49.427, 49.397, 48.94, 47.771, 46.189, 44.918, 44.304, 44.109, 43.924, 43.699, 43.503, 43.266, 42.745, 42.026, 41.442, 41.079, 40.935, 41.769, 43.426, 44.504, 44.452, 44.158, 44.493, 45.057, 45.381, 45.685, 46.361, 47.371, 48.139, 48.45, 48.385, 48.107, 47.858, 47.817, 47.912, 47.964, 48.006, 48.144, 48.437, 48.917, 49.508, 50.068, 50.5, 50.891, 51.331, 51.446, 50.835, 49.889, 49.069, 48.167, 46.698, 44.765, 43.346, 43.037, 9.276], [13.35, 11.523, 7.01, 0.0, 8.205, 15.59, 21.264, 25.179, 27.358, 28.426, 29.119, 29.71, 30.158, 30.456, 30.827, 31.5, 32.612, 33.751, 34.187, 34.098, 34.131, 34.324, 34.447, 34.326, 34.121, 34.012, 33.985, 33.971, 34.009, 34.249, 34.999, 36.554, 38.602, 40.173, 40.969, 41.446, 41.986, 42.607, 43.101, 43.35, 43.428, 43.551, 43.901, 44.352, 44.564, 44.412, 43.948, 43.337, 42.881, 42.663, 42.558, 42.435, 42.107, 41.616, 41.507, 41.786, 41.77, 41.269, 41.195, 41.85, 42.674, 43.195, 43.407, 43.448, 43.346, 43.247, 43.458, 43.995, 44.442, 44.317, 43.157, 41.321, 40.859, 42.236, 44.036, 45.242, 45.654, 45.577, 45.521, 45.67, 45.844, 45.898, 45.944, 46.104, 46.294, 46.51, 47.274, 48.862, 50.501, 51.223, 51.096, 50.849, 50.98, 51.513, 51.546, 50.861, 50.089, 49.551, 49.22, 48.928, 48.738, 48.811, 49.048, 49.208, 49.187, 48.718, 47.528, 45.923, 44.631, 44.008, 43.807, 43.608, 43.37, 43.175, 42.943, 42.407, 41.656, 41.041, 40.649, 40.473, 41.262, 42.891, 43.978, 43.922, 43.618, 43.964, 44.548, 44.879, 45.184, 45.879, 46.916, 47.702, 48.032, 47.984, 47.71, 47.458, 47.413, 47.507, 47.562, 47.608, 47.749, 48.05, 48.547, 49.159, 49.735, 50.172, 50.571, 51.026, 51.16, 50.562, 49.621, 48.79, 47.846, 46.305, 44.297, 42.827, 42.5, 13.731], [19.106, 17.969, 14.43, 8.205, 0.0, 8.263, 15.319, 20.445, 23.374, 24.881, 25.917, 26.836, 27.613, 28.219, 28.828, 29.701, 31.021, 32.37, 32.968, 33.019, 33.198, 33.512, 33.684, 33.55, 33.326, 33.224, 33.21, 33.187, 33.209, 33.469, 34.271, 35.874, 37.953, 39.541, 40.355, 40.856, 41.449, 42.147, 42.707, 43.003, 43.12, 43.272, 43.633, 44.088, 44.302, 44.142, 43.642, 42.967, 42.443, 42.189, 42.087, 41.987, 41.681, 41.195, 41.088, 41.363, 41.324, 40.776, 40.644, 41.255, 42.049, 42.546, 42.734, 42.746, 42.6, 42.445, 42.617, 43.146, 43.606, 43.502, 42.341, 40.472, 40.037, 41.541, 43.465, 44.728, 45.149, 45.056, 44.988, 45.141, 45.337, 45.427, 45.528, 45.772, 46.053, 46.328, 47.11, 48.695, 50.338, 51.088, 50.998, 50.762, 50.881, 51.407, 51.43, 50.725, 49.923, 49.361, 49.02, 48.735, 48.575, 48.696, 48.983, 49.172, 49.146, 48.639, 47.394, 45.73, 44.385, 43.721, 43.505, 43.301, 43.062, 42.869, 42.643, 42.104, 41.353, 40.753, 40.346, 40.123, 40.841, 42.42, 43.52, 43.497, 43.223, 43.597, 44.201, 44.541, 44.858, 45.575, 46.627, 47.423, 47.775, 47.753, 47.489, 47.235, 47.187, 47.285, 47.347, 47.401, 47.547, 47.853, 48.361, 48.989, 49.573, 50.009, 50.409, 50.872, 51.017, 50.436, 49.512, 48.675, 47.699, 46.11, 44.067, 42.608, 42.286, 19.064], [24.118, 23.386, 20.701, 15.59, 8.263, 0.0, 8.036, 14.438, 18.38, 20.585, 22.162, 23.559, 24.83, 25.947, 26.98, 28.188, 29.789, 31.372, 32.167, 32.416, 32.792, 33.25, 33.482, 33.36, 33.154, 33.084, 33.098, 33.075, 33.082, 33.341, 34.145, 35.731, 37.786, 39.362, 40.184, 40.699, 41.324, 42.079, 42.7, 43.051, 43.223, 43.418, 43.798, 44.261, 44.481, 44.317, 43.793, 43.075, 42.505, 42.227, 42.127, 42.046, 41.77, 41.326, 41.243, 41.51, 41.453, 40.887, 40.727, 41.295, 42.046, 42.507, 42.662, 42.635, 42.444, 42.24, 42.378, 42.894, 43.36, 43.273, 42.118, 40.252, 39.864, 41.448, 43.434, 44.724, 45.146, 45.042, 44.966, 45.123, 45.328, 45.434, 45.568, 45.879, 46.241, 46.569, 47.342, 48.874, 50.487, 51.266, 51.23, 51.016, 51.105, 51.575, 51.575, 50.87, 50.048, 49.455, 49.097, 48.825, 48.706, 48.881, 49.215, 49.424, 49.384, 48.834, 47.528, 45.805, 44.418, 43.736, 43.528, 43.343, 43.114, 42.921, 42.698, 42.182, 41.491, 40.964, 40.576, 40.303, 40.923, 42.412, 43.517, 43.561, 43.355, 43.761, 44.367, 44.707, 45.034, 45.756, 46.793, 47.577, 47.942, 47.941, 47.686, 47.429, 47.379, 47.479, 47.549, 47.609, 47.756, 48.055, 48.556, 49.179, 49.753, 50.173, 50.56, 51.015, 51.161, 50.603, 49.713, 48.887, 47.909, 46.332, 44.327, 42.94, 42.642, 23.912], [27.893, 27.373, 25.293, 21.264, 15.319, 8.036, 0.0, 7.317, 12.468, 15.714, 18.086, 20.079, 21.906, 23.623, 25.213, 26.872, 28.798, 30.613, 31.633, 32.141, 32.763, 33.382, 33.685, 33.61, 33.463, 33.452, 33.505, 33.498, 33.506, 33.768, 34.567, 36.12, 38.126, 39.668, 40.48, 40.992, 41.62, 42.398, 43.059, 43.464, 43.699, 43.947, 44.359, 44.836, 45.065, 44.907, 44.389, 43.685, 43.122, 42.85, 42.756, 42.68, 42.431, 42.041, 41.984, 42.231, 42.158, 41.615, 41.464, 41.998, 42.694, 43.099, 43.204, 43.129, 42.901, 42.667, 42.765, 43.245, 43.699, 43.619, 42.485, 40.672, 40.336, 41.902, 43.856, 45.133, 45.558, 45.459, 45.387, 45.547, 45.749, 45.844, 45.981, 46.324, 46.73, 47.076, 47.795, 49.215, 50.748, 51.527, 51.536, 51.353, 51.408, 51.795, 51.775, 51.108, 50.311, 49.701, 49.317, 49.047, 48.958, 49.172, 49.536, 49.755, 49.707, 49.14, 47.825, 46.119, 44.776, 44.151, 44.005, 43.867, 43.659, 43.464, 43.247, 42.784, 42.19, 41.763, 41.417, 41.115, 41.646, 43.013, 44.073, 44.177, 44.042, 44.457, 45.034, 45.355, 45.682, 46.375, 47.351, 48.097, 48.456, 48.46, 48.207, 47.948, 47.896, 47.999, 48.076, 48.138, 48.277, 48.559, 49.033, 49.624, 50.164, 50.552, 50.913, 51.347, 51.491, 50.973, 50.144, 49.357, 48.418, 46.911, 45.008, 43.72, 43.441, 27.625], [30.458, 30.058, 28.39, 25.179, 20.445, 14.438, 7.317, 0.0, 6.092, 10.571, 14.017, 16.712, 19.007, 21.218, 23.353, 25.486, 27.739, 29.765, 31.004, 31.795, 32.69, 33.482, 33.866, 33.854, 33.782, 33.836, 33.93, 33.943, 33.962, 34.244, 35.08, 36.667, 38.69, 40.234, 41.038, 41.534, 42.146, 42.924, 43.608, 44.064, 44.367, 44.682, 45.146, 45.653, 45.893, 45.741, 45.244, 44.584, 44.06, 43.807, 43.716, 43.63, 43.389, 43.037, 42.994, 43.219, 43.132, 42.615, 42.477, 42.974, 43.614, 43.969, 44.027, 43.913, 43.656, 43.393, 43.442, 43.876, 44.304, 44.22, 43.108, 41.366, 41.068, 42.558, 44.439, 45.696, 46.132, 46.051, 45.992, 46.156, 46.352, 46.438, 46.572, 46.926, 47.347, 47.689, 48.346, 49.652, 51.097, 51.857, 51.898, 51.744, 51.772, 52.088, 52.058, 51.457, 50.724, 50.111, 49.685, 49.385, 49.292, 49.511, 49.879, 50.095, 50.041, 49.483, 48.212, 46.592, 45.352, 44.818, 44.745, 44.658, 44.47, 44.274, 44.066, 43.655, 43.14, 42.78, 42.462, 42.147, 42.629, 43.9, 44.892, 45.025, 44.939, 45.348, 45.884, 46.183, 46.507, 47.164, 48.079, 48.785, 49.133, 49.137, 48.885, 48.627, 48.573, 48.676, 48.76, 48.825, 48.954, 49.215, 49.656, 50.21, 50.712, 51.069, 51.405, 51.817, 51.962, 51.487, 50.72, 49.978, 49.085, 47.649, 45.844, 44.633, 44.357, 30.19], [31.855, 31.518, 30.092, 27.358, 23.374, 18.38, 12.468, 6.092, 0.0, 5.36, 9.949, 13.528, 16.322, 18.925, 21.464, 23.956, 26.468, 28.679, 30.12, 31.183, 32.348, 33.318, 33.79, 33.838, 33.828, 33.935, 34.06, 34.081, 34.102, 34.409, 35.317, 37.011, 39.135, 40.728, 41.533, 42.011, 42.608, 43.384, 44.083, 44.57, 44.921, 45.292, 45.809, 46.353, 46.605, 46.454, 45.968, 45.342, 44.854, 44.62, 44.526, 44.418, 44.167, 43.827, 43.785, 43.989, 43.891, 43.388, 43.249, 43.718, 44.326, 44.659, 44.7, 44.569, 44.294, 43.999, 44.003, 44.405, 44.813, 44.719, 43.618, 41.924, 41.645, 43.079, 44.915, 46.164, 46.612, 46.544, 46.495, 46.666, 46.867, 46.957, 47.098, 47.463, 47.894, 48.232, 48.847, 50.08, 51.471, 52.224, 52.294, 52.16, 52.167, 52.43, 52.393, 51.849, 51.172, 50.554, 50.074, 49.719, 49.591, 49.788, 50.142, 50.349, 50.292, 49.749, 48.522, 46.972, 45.813, 45.341, 45.317, 45.265, 45.092, 44.899, 44.7, 44.318, 43.842, 43.51, 43.197, 42.861, 43.314, 44.54, 45.5, 45.651, 45.59, 45.992, 46.503, 46.789, 47.116, 47.762, 48.655, 49.346, 49.689, 49.696, 49.452, 49.196, 49.139, 49.24, 49.328, 49.397, 49.519, 49.763, 50.181, 50.712, 51.195, 51.538, 51.86, 52.261, 52.411, 51.965, 51.228, 50.502, 49.627, 48.227, 46.477, 45.309, 45.031, 31.623], [32.532, 32.209, 30.903, 28.426, 24.881, 20.585, 15.714, 10.571, 5.36, 0.0, 5.348, 9.978, 13.667, 16.86, 19.737, 22.42, 25.075, 27.458, 29.113, 30.443, 31.875, 33.021, 33.58, 33.677, 33.717, 33.873, 34.025, 34.045, 34.055, 34.377, 35.358, 37.17, 39.396, 41.031, 41.835, 42.304, 42.898, 43.68, 44.385, 44.876, 45.232, 45.61, 46.141, 46.704, 46.973, 46.826, 46.339, 45.725, 45.263, 45.053, 44.96, 44.829, 44.565, 44.239, 44.199, 44.39, 44.289, 43.805, 43.672, 44.123, 44.716, 45.048, 45.093, 44.959, 44.666, 44.331, 44.291, 44.676, 45.083, 44.982, 43.879, 42.211, 41.949, 43.358, 45.169, 46.41, 46.862, 46.797, 46.75, 46.929, 47.143, 47.243, 47.387, 47.755, 48.198, 48.549, 49.149, 50.336, 51.684, 52.431, 52.517, 52.388, 52.363, 52.575, 52.528, 52.021, 51.374, 50.738, 50.204, 49.795, 49.63, 49.8, 50.141, 50.347, 50.299, 49.775, 48.577, 47.073, 45.966, 45.532, 45.544, 45.523, 45.366, 45.184, 45.003, 44.647, 44.2, 43.892, 43.578, 43.209, 43.622, 44.827, 45.787, 45.954, 45.899, 46.291, 46.785, 47.064, 47.39, 48.027, 48.904, 49.582, 49.916, 49.919, 49.676, 49.424, 49.366, 49.464, 49.552, 49.622, 49.741, 49.975, 50.379, 50.898, 51.375, 51.714, 52.032, 52.43, 52.587, 52.155, 51.427, 50.702, 49.834, 48.46, 46.748, 45.604, 45.322, 32.354], [32.996, 32.653, 31.409, 29.119, 25.917, 22.162, 18.086, 14.017, 9.949, 5.348, 0.0, 5.475, 10.454, 14.731, 18.209, 21.095, 23.809, 26.316, 28.179, 29.762, 31.435, 32.732, 33.359, 33.491, 33.574, 33.776, 33.956, 33.977, 33.975, 34.313, 35.368, 37.294, 39.603, 41.259, 42.05, 42.512, 43.12, 43.919, 44.625, 45.098, 45.425, 45.768, 46.271, 46.827, 47.108, 46.975, 46.49, 45.875, 45.425, 45.233, 45.146, 45.0, 44.722, 44.403, 44.369, 44.551, 44.453, 43.998, 43.891, 44.341, 44.926, 45.258, 45.308, 45.171, 44.855, 44.472, 44.385, 44.763, 45.187, 45.086, 43.975, 42.328, 42.1, 43.509, 45.304, 46.537, 46.992, 46.931, 46.886, 47.069, 47.293, 47.404, 47.549, 47.914, 48.369, 48.747, 49.356, 50.521, 51.836, 52.567, 52.654, 52.516, 52.452, 52.611, 52.548, 52.062, 51.428, 50.768, 50.188, 49.735, 49.533, 49.669, 49.987, 50.191, 50.155, 49.646, 48.464, 46.983, 45.904, 45.492, 45.53, 45.534, 45.394, 45.23, 45.071, 44.741, 44.327, 44.057, 43.755, 43.356, 43.728, 44.926, 45.907, 46.089, 46.032, 46.407, 46.888, 47.165, 47.499, 48.13, 48.987, 49.645, 49.963, 49.956, 49.712, 49.462, 49.404, 49.499, 49.585, 49.654, 49.773, 50.003, 50.399, 50.91, 51.381, 51.719, 52.036, 52.435, 52.597, 52.172, 51.444, 50.716, 49.857, 48.508, 46.824, 45.695, 45.4, 32.864], [33.406, 33.031, 31.83, 29.71, 26.836, 23.559, 20.079, 16.712, 13.528, 9.978, 5.475, 0.0, 6.013, 11.644, 16.135, 19.499, 22.352, 24.962, 27.03, 28.875, 30.769, 32.184, 32.863, 33.035, 33.166, 33.413, 33.622, 33.654, 33.659, 34.029, 35.178, 37.243, 39.664, 41.362, 42.145, 42.598, 43.222, 44.045, 44.756, 45.212, 45.509, 45.815, 46.278, 46.81, 47.093, 46.977, 46.507, 45.896, 45.45, 45.266, 45.188, 45.041, 44.754, 44.427, 44.381, 44.553, 44.46, 44.034, 43.962, 44.427, 45.009, 45.338, 45.387, 45.25, 44.923, 44.504, 44.377, 44.747, 45.191, 45.106, 43.999, 42.373, 42.18, 43.595, 45.384, 46.62, 47.084, 47.032, 46.989, 47.176, 47.408, 47.524, 47.666, 48.023, 48.479, 48.873, 49.506, 50.678, 51.985, 52.705, 52.782, 52.632, 52.545, 52.67, 52.59, 52.113, 51.486, 50.808, 50.193, 49.704, 49.466, 49.562, 49.849, 50.042, 50.009, 49.512, 48.34, 46.865, 45.787, 45.37, 45.409, 45.42, 45.29, 45.142, 45.001, 44.687, 44.295, 44.057, 43.779, 43.374, 43.73, 44.947, 45.961, 46.161, 46.096, 46.448, 46.915, 47.2, 47.554, 48.196, 49.047, 49.693, 50.001, 49.988, 49.739, 49.487, 49.428, 49.52, 49.603, 49.672, 49.793, 50.024, 50.419, 50.927, 51.393, 51.728, 52.046, 52.447, 52.612, 52.187, 51.452, 50.719, 49.867, 48.538, 46.87, 45.739, 45.419, 33.291], [33.674, 33.275, 32.114, 30.158, 27.613, 24.83, 21.906, 19.007, 16.322, 13.667, 10.454, 6.013, 0.0, 6.604, 12.279, 16.49, 19.782, 22.628, 24.96, 27.143, 29.306, 30.856, 31.605, 31.839, 32.035, 32.337, 32.591, 32.662, 32.702, 33.124, 34.386, 36.638, 39.252, 41.066, 41.879, 42.329, 42.971, 43.829, 44.571, 45.044, 45.349, 45.658, 46.122, 46.652, 46.936, 46.836, 46.401, 45.828, 45.399, 45.219, 45.15, 45.021, 44.743, 44.398, 44.323, 44.483, 44.397, 43.978, 43.905, 44.371, 44.955, 45.283, 45.331, 45.203, 44.888, 44.461, 44.301, 44.637, 45.072, 45.002, 43.917, 42.313, 42.131, 43.532, 45.315, 46.564, 47.045, 47.004, 46.97, 47.163, 47.401, 47.521, 47.66, 47.999, 48.431, 48.809, 49.452, 50.66, 51.993, 52.711, 52.771, 52.616, 52.542, 52.682, 52.597, 52.116, 51.498, 50.83, 50.209, 49.701, 49.44, 49.514, 49.783, 49.961, 49.921, 49.432, 48.272, 46.788, 45.681, 45.225, 45.233, 45.225, 45.092, 44.955, 44.823, 44.507, 44.106, 43.863, 43.607, 43.233, 43.624, 44.881, 45.912, 46.107, 46.026, 46.36, 46.821, 47.112, 47.483, 48.142, 49.003, 49.654, 49.962, 49.944, 49.689, 49.433, 49.369, 49.46, 49.543, 49.613, 49.737, 49.974, 50.378, 50.893, 51.362, 51.697, 52.014, 52.415, 52.575, 52.139, 51.394, 50.659, 49.808, 48.479, 46.802, 45.647, 45.311, 33.559], [33.849, 33.439, 32.29, 30.456, 28.219, 25.947, 23.623, 21.218, 18.925, 16.86, 14.731, 11.644, 6.604, 0.0, 6.444, 11.605, 15.685, 19.074, 21.816, 24.403, 26.883, 28.611, 29.472, 29.789, 30.058, 30.438, 30.778, 30.931, 31.031, 31.495, 32.839, 35.284, 38.154, 40.157, 41.047, 41.508, 42.172, 43.079, 43.883, 44.421, 44.789, 45.166, 45.69, 46.258, 46.556, 46.478, 46.105, 45.615, 45.241, 45.079, 45.017, 44.908, 44.648, 44.289, 44.18, 44.323, 44.236, 43.793, 43.682, 44.128, 44.716, 45.05, 45.101, 44.984, 44.7, 44.303, 44.132, 44.406, 44.784, 44.712, 43.651, 42.051, 41.828, 43.179, 44.95, 46.213, 46.709, 46.678, 46.65, 46.845, 47.085, 47.209, 47.352, 47.683, 48.079, 48.401, 49.012, 50.245, 51.628, 52.364, 52.413, 52.266, 52.244, 52.455, 52.396, 51.905, 51.296, 50.661, 50.069, 49.568, 49.304, 49.386, 49.666, 49.843, 49.797, 49.309, 48.16, 46.673, 45.538, 45.048, 45.017, 44.978, 44.838, 44.713, 44.591, 44.265, 43.816, 43.511, 43.246, 42.929, 43.401, 44.714, 45.733, 45.878, 45.753, 46.078, 46.546, 46.835, 47.191, 47.838, 48.698, 49.351, 49.653, 49.628, 49.368, 49.109, 49.043, 49.128, 49.207, 49.276, 49.402, 49.648, 50.064, 50.593, 51.077, 51.423, 51.744, 52.143, 52.296, 51.849, 51.101, 50.38, 49.534, 48.185, 46.474, 45.267, 44.924, 33.711], [34.125, 33.713, 32.573, 30.827, 28.828, 26.98, 25.213, 23.353, 21.464, 19.737, 18.209, 16.135, 12.279, 6.444, 0.0, 5.792, 10.811, 15.079, 18.458, 21.486, 24.259, 26.169, 27.16, 27.572, 27.92, 28.398, 28.855, 29.115, 29.28, 29.751, 31.104, 33.675, 36.773, 38.966, 39.942, 40.42, 41.111, 42.076, 42.954, 43.571, 44.023, 44.493, 45.108, 45.736, 46.058, 45.999, 45.687, 45.294, 44.995, 44.867, 44.811, 44.707, 44.458, 44.094, 43.959, 44.078, 43.977, 43.501, 43.348, 43.765, 44.349, 44.69, 44.744, 44.633, 44.378, 44.029, 43.882, 44.116, 44.437, 44.352, 43.303, 41.691, 41.412, 42.71, 44.469, 45.743, 46.249, 46.223, 46.192, 46.382, 46.616, 46.741, 46.896, 47.237, 47.619, 47.893, 48.447, 49.668, 51.088, 51.855, 51.909, 51.774, 51.804, 52.095, 52.077, 51.585, 50.984, 50.383, 49.831, 49.352, 49.103, 49.211, 49.52, 49.709, 49.661, 49.167, 48.019, 46.539, 45.404, 44.901, 44.843, 44.781, 44.637, 44.525, 44.417, 44.086, 43.585, 43.199, 42.899, 42.624, 43.188, 44.559, 45.552, 45.631, 45.456, 45.78, 46.265, 46.546, 46.866, 47.479, 48.328, 48.977, 49.266, 49.227, 48.961, 48.699, 48.625, 48.7, 48.771, 48.839, 48.972, 49.227, 49.652, 50.191, 50.69, 51.049, 51.378, 51.778, 51.927, 51.475, 50.734, 50.037, 49.2, 47.831, 46.083, 44.829, 44.488, 33.953], [34.701, 34.285, 33.163, 31.5, 29.701, 28.188, 26.872, 25.486, 23.956, 22.42, 21.095, 19.499, 16.49, 11.605, 5.792, 0.0, 5.68, 10.955, 15.313, 19.015, 22.139, 24.212, 25.321, 25.848, 26.311, 26.919, 27.505, 27.867, 28.082, 28.553, 29.909, 32.573, 35.832, 38.158, 39.194, 39.69, 40.41, 41.423, 42.352, 43.02, 43.527, 44.066, 44.751, 45.425, 45.765, 45.72, 45.448, 45.123, 44.89, 44.803, 44.757, 44.65, 44.406, 44.047, 43.898, 43.99, 43.865, 43.374, 43.204, 43.602, 44.169, 44.505, 44.555, 44.438, 44.192, 43.874, 43.757, 43.985, 44.281, 44.188, 43.148, 41.548, 41.256, 42.519, 44.255, 45.523, 46.034, 46.011, 45.974, 46.151, 46.374, 46.497, 46.666, 47.031, 47.426, 47.688, 48.201, 49.373, 50.785, 51.572, 51.64, 51.512, 51.562, 51.888, 51.902, 51.426, 50.834, 50.251, 49.718, 49.254, 49.014, 49.138, 49.466, 49.668, 49.622, 49.121, 47.967, 46.491, 45.366, 44.862, 44.794, 44.726, 44.59, 44.499, 44.413, 44.092, 43.573, 43.144, 42.814, 42.557, 43.187, 44.603, 45.582, 45.619, 45.413, 45.736, 46.235, 46.514, 46.813, 47.401, 48.237, 48.875, 49.147, 49.092, 48.818, 48.55, 48.468, 48.53, 48.593, 48.665, 48.807, 49.069, 49.492, 50.028, 50.53, 50.896, 51.228, 51.623, 51.765, 51.312, 50.582, 49.907, 49.086, 47.713, 45.955, 44.686, 44.352, 34.515], [35.649, 35.231, 34.155, 32.612, 31.021, 29.789, 28.798, 27.739, 26.468, 25.075, 23.809, 22.352, 19.782, 15.685, 10.811, 5.68, 0.0, 6.073, 11.743, 16.587, 20.331, 22.63, 23.842, 24.504, 25.144, 25.932, 26.665, 27.116, 27.367, 27.864, 29.312, 32.14, 35.55, 37.962, 39.033, 39.545, 40.286, 41.32, 42.264, 42.949, 43.484, 44.061, 44.777, 45.465, 45.813, 45.777, 45.523, 45.229, 45.037, 44.985, 44.955, 44.851, 44.613, 44.266, 44.115, 44.182, 44.035, 43.547, 43.392, 43.783, 44.332, 44.655, 44.693, 44.56, 44.301, 43.987, 43.882, 44.107, 44.394, 44.298, 43.274, 41.725, 41.465, 42.697, 44.385, 45.627, 46.136, 46.119, 46.078, 46.241, 46.453, 46.577, 46.76, 47.146, 47.564, 47.837, 48.331, 49.452, 50.829, 51.617, 51.697, 51.569, 51.612, 51.934, 51.964, 51.517, 50.938, 50.354, 49.815, 49.347, 49.106, 49.231, 49.568, 49.781, 49.741, 49.238, 48.073, 46.597, 45.485, 44.985, 44.915, 44.852, 44.735, 44.675, 44.621, 44.326, 43.816, 43.378, 43.038, 42.793, 43.473, 44.922, 45.897, 45.921, 45.701, 46.019, 46.524, 46.819, 47.122, 47.696, 48.516, 49.139, 49.393, 49.324, 49.043, 48.769, 48.675, 48.724, 48.78, 48.852, 49.001, 49.264, 49.679, 50.202, 50.695, 51.06, 51.389, 51.774, 51.908, 51.46, 50.745, 50.092, 49.29, 47.93, 46.179, 44.908, 44.573, 35.481], [36.582, 36.159, 35.148, 33.751, 32.37, 31.372, 30.613, 29.765, 28.679, 27.458, 26.316, 24.962, 22.628, 19.074, 15.079, 10.955, 6.073, 0.0, 6.743, 13.001, 17.742, 20.511, 21.902, 22.699, 23.537, 24.549, 25.461, 26.003, 26.277, 26.827, 28.475, 31.617, 35.286, 37.83, 38.944, 39.47, 40.233, 41.292, 42.251, 42.948, 43.507, 44.124, 44.877, 45.584, 45.941, 45.912, 45.665, 45.379, 45.202, 45.17, 45.158, 45.06, 44.815, 44.462, 44.313, 44.375, 44.208, 43.693, 43.526, 43.917, 44.469, 44.792, 44.826, 44.678, 44.398, 44.073, 43.965, 44.173, 44.441, 44.334, 43.319, 41.809, 41.581, 42.811, 44.478, 45.705, 46.214, 46.204, 46.161, 46.317, 46.526, 46.655, 46.849, 47.255, 47.692, 47.979, 48.483, 49.603, 50.977, 51.767, 51.847, 51.712, 51.755, 52.09, 52.145, 51.721, 51.144, 50.551, 50.0, 49.521, 49.271, 49.398, 49.747, 49.975, 49.942, 49.436, 48.257, 46.762, 45.637, 45.121, 45.036, 44.967, 44.861, 44.825, 44.797, 44.514, 43.997, 43.534, 43.184, 42.97, 43.718, 45.211, 46.179, 46.176, 45.945, 46.268, 46.789, 47.102, 47.415, 47.998, 48.826, 49.452, 49.702, 49.628, 49.338, 49.053, 48.947, 48.984, 49.03, 49.098, 49.247, 49.512, 49.926, 50.449, 50.947, 51.318, 51.65, 52.033, 52.167, 51.721, 51.01, 50.362, 49.559, 48.182, 46.397, 45.092, 44.755, 36.436], [36.891, 36.449, 35.474, 34.187, 32.968, 32.167, 31.633, 31.004, 30.12, 29.113, 28.179, 27.03, 24.96, 21.816, 18.458, 15.313, 11.743, 6.743, 0.0, 7.259, 13.165, 16.769, 18.585, 19.533, 20.492, 21.706, 22.821, 23.473, 23.774, 24.383, 26.281, 29.881, 34.007, 36.829, 38.053, 38.615, 39.422, 40.554, 41.575, 42.309, 42.906, 43.594, 44.44, 45.217, 45.602, 45.579, 45.332, 45.044, 44.865, 44.839, 44.838, 44.746, 44.472, 44.075, 43.928, 44.019, 43.831, 43.218, 42.969, 43.367, 43.965, 44.327, 44.381, 44.237, 43.946, 43.604, 43.483, 43.669, 43.916, 43.802, 42.778, 41.244, 41.029, 42.342, 44.086, 45.357, 45.884, 45.876, 45.832, 45.987, 46.199, 46.334, 46.539, 46.963, 47.42, 47.728, 48.283, 49.492, 50.94, 51.753, 51.822, 51.67, 51.737, 52.14, 52.244, 51.812, 51.2, 50.589, 50.029, 49.533, 49.265, 49.388, 49.755, 50.001, 49.974, 49.451, 48.223, 46.656, 45.465, 44.903, 44.784, 44.687, 44.562, 44.525, 44.499, 44.188, 43.604, 43.063, 42.681, 42.509, 43.348, 44.919, 45.886, 45.829, 45.572, 45.924, 46.481, 46.802, 47.12, 47.749, 48.644, 49.311, 49.577, 49.502, 49.201, 48.9, 48.784, 48.816, 48.853, 48.912, 49.058, 49.33, 49.765, 50.323, 50.861, 51.263, 51.618, 52.019, 52.159, 51.697, 50.955, 50.272, 49.422, 47.962, 46.062, 44.664, 44.321, 36.747], [36.753, 36.274, 35.306, 34.098, 33.019, 32.416, 32.141, 31.795, 31.183, 30.443, 29.762, 28.875, 27.143, 24.403, 21.486, 19.015, 16.587, 13.001, 7.259, 0.0, 6.694, 11.339, 13.942, 15.203, 16.215, 17.53, 18.818, 19.6, 19.964, 20.656, 22.81, 26.895, 31.556, 34.743, 36.139, 36.766, 37.637, 38.861, 39.966, 40.756, 41.413, 42.207, 43.194, 44.078, 44.505, 44.49, 44.251, 43.97, 43.8, 43.775, 43.773, 43.679, 43.383, 42.954, 42.838, 42.993, 42.797, 42.056, 41.697, 42.107, 42.778, 43.203, 43.299, 43.182, 42.904, 42.564, 42.453, 42.641, 42.9, 42.805, 41.769, 40.167, 39.958, 41.413, 43.297, 44.643, 45.193, 45.182, 45.132, 45.287, 45.499, 45.632, 45.84, 46.269, 46.731, 47.061, 47.695, 49.038, 50.598, 51.447, 51.499, 51.332, 51.434, 51.921, 52.071, 51.61, 50.951, 50.332, 49.782, 49.281, 48.991, 49.103, 49.479, 49.74, 49.709, 49.147, 47.841, 46.188, 44.945, 44.36, 44.213, 44.078, 43.925, 43.881, 43.844, 43.477, 42.784, 42.133, 41.698, 41.551, 42.476, 44.14, 45.125, 45.005, 44.698, 45.075, 45.677, 45.999, 46.309, 46.991, 47.976, 48.699, 48.98, 48.901, 48.587, 48.275, 48.155, 48.185, 48.212, 48.258, 48.399, 48.68, 49.145, 49.756, 50.356, 50.809, 51.2, 51.628, 51.77, 51.272, 50.475, 49.742, 48.823, 47.25, 45.198, 43.669, 43.31, 36.6], [36.744, 36.223, 35.257, 34.131, 33.198, 32.792, 32.763, 32.69, 32.348, 31.875, 31.435, 30.769, 29.306, 26.883, 24.259, 22.139, 20.331, 17.742, 13.165, 6.694, 0.0, 5.406, 8.98, 10.891, 12.131, 13.514, 14.883, 15.764, 16.237, 17.104, 19.584, 24.125, 29.23, 32.723, 34.279, 34.976, 35.89, 37.161, 38.308, 39.136, 39.85, 40.739, 41.844, 42.818, 43.281, 43.28, 43.058, 42.796, 42.648, 42.634, 42.625, 42.524, 42.225, 41.808, 41.757, 41.991, 41.808, 40.989, 40.569, 41.007, 41.748, 42.232, 42.372, 42.295, 42.058, 41.766, 41.708, 41.934, 42.226, 42.16, 41.112, 39.442, 39.209, 40.744, 42.708, 44.09, 44.639, 44.614, 44.55, 44.695, 44.897, 45.018, 45.211, 45.618, 46.055, 46.386, 47.079, 48.524, 50.164, 51.037, 51.073, 50.896, 51.025, 51.571, 51.751, 51.269, 50.591, 49.993, 49.478, 48.994, 48.697, 48.797, 49.174, 49.44, 49.399, 48.799, 47.434, 45.738, 44.499, 43.932, 43.777, 43.616, 43.449, 43.407, 43.363, 42.947, 42.167, 41.43, 40.947, 40.798, 41.773, 43.517, 44.532, 44.363, 43.996, 44.375, 45.015, 45.346, 45.644, 46.349, 47.388, 48.143, 48.423, 48.331, 48.007, 47.691, 47.572, 47.601, 47.617, 47.648, 47.783, 48.067, 48.552, 49.201, 49.849, 50.343, 50.763, 51.208, 51.346, 50.811, 49.969, 49.209, 48.249, 46.599, 44.44, 42.806, 42.426, 36.59], [36.886, 36.337, 35.379, 34.324, 33.512, 33.25, 33.382, 33.482, 33.318, 33.021, 32.732, 32.184, 30.856, 28.611, 26.169, 24.212, 22.63, 20.511, 16.769, 11.339, 5.406, 0.0, 4.263, 7.097, 9.05, 10.762, 12.208, 13.114, 13.675, 14.781, 17.679, 22.651, 28.062, 31.735, 33.39, 34.135, 35.065, 36.336, 37.477, 38.307, 39.038, 39.956, 41.095, 42.097, 42.575, 42.588, 42.384, 42.133, 41.999, 42.004, 42.001, 41.901, 41.608, 41.213, 41.214, 41.513, 41.359, 40.532, 40.112, 40.583, 41.367, 41.887, 42.058, 42.014, 41.815, 41.57, 41.563, 41.827, 42.147, 42.097, 41.034, 39.317, 39.042, 40.571, 42.531, 43.898, 44.429, 44.386, 44.305, 44.43, 44.611, 44.716, 44.893, 45.276, 45.689, 46.006, 46.712, 48.189, 49.859, 50.743, 50.776, 50.6, 50.74, 51.306, 51.496, 51.018, 50.35, 49.776, 49.291, 48.824, 48.525, 48.619, 48.991, 49.254, 49.205, 48.585, 47.196, 45.484, 44.247, 43.692, 43.539, 43.376, 43.214, 43.181, 43.136, 42.699, 41.882, 41.112, 40.606, 40.449, 41.442, 43.239, 44.292, 44.104, 43.697, 44.067, 44.731, 45.077, 45.376, 46.091, 47.147, 47.908, 48.178, 48.072, 47.74, 47.424, 47.309, 47.337, 47.345, 47.366, 47.495, 47.781, 48.273, 48.935, 49.599, 50.109, 50.536, 50.981, 51.108, 50.547, 49.679, 48.914, 47.952, 46.285, 44.091, 42.406, 42.012, 36.74], [36.972, 36.416, 35.468, 34.447, 33.684, 33.482, 33.685, 33.866, 33.79, 33.58, 33.359, 32.863, 31.605, 29.472, 27.16, 25.321, 23.842, 21.902, 18.585, 13.942, 8.98, 4.263, 0.0, 3.564, 6.517, 8.933, 10.646, 11.574, 12.125, 13.377, 16.633, 21.96, 27.582, 31.36, 33.066, 33.841, 34.787, 36.065, 37.208, 38.036, 38.758, 39.655, 40.768, 41.755, 42.231, 42.255, 42.063, 41.815, 41.689, 41.71, 41.721, 41.631, 41.344, 40.952, 40.972, 41.309, 41.188, 40.383, 39.982, 40.472, 41.277, 41.814, 41.997, 41.966, 41.781, 41.551, 41.561, 41.842, 42.179, 42.134, 41.05, 39.29, 38.98, 40.5, 42.452, 43.807, 44.327, 44.273, 44.18, 44.287, 44.451, 44.546, 44.723, 45.11, 45.525, 45.838, 46.537, 48.012, 49.688, 50.581, 50.625, 50.458, 50.596, 51.154, 51.337, 50.866, 50.209, 49.641, 49.162, 48.698, 48.398, 48.488, 48.855, 49.112, 49.058, 48.434, 47.036, 45.307, 44.055, 43.496, 43.347, 43.194, 43.044, 43.019, 42.974, 42.527, 41.697, 40.918, 40.404, 40.239, 41.24, 43.077, 44.173, 43.996, 43.574, 43.935, 44.61, 44.962, 45.275, 46.015, 47.091, 47.857, 48.121, 48.006, 47.671, 47.358, 47.247, 47.277, 47.283, 47.302, 47.433, 47.726, 48.227, 48.892, 49.557, 50.066, 50.491, 50.934, 51.054, 50.473, 49.576, 48.798, 47.841, 46.182, 43.983, 42.277, 41.866, 36.831], [36.868, 36.313, 35.359, 34.326, 33.55, 33.36, 33.61, 33.854, 33.838, 33.677, 33.491, 33.035, 31.839, 29.789, 27.572, 25.848, 24.504, 22.699, 19.533, 15.203, 10.891, 7.097, 3.564, 0.0, 3.579, 6.7, 8.866, 9.949, 10.476, 11.732, 15.197, 20.831, 26.689, 30.592, 32.355, 33.165, 34.153, 35.484, 36.674, 37.529, 38.262, 39.158, 40.27, 41.262, 41.748, 41.783, 41.602, 41.36, 41.244, 41.277, 41.302, 41.225, 40.946, 40.554, 40.581, 40.937, 40.835, 40.04, 39.654, 40.17, 41.0, 41.552, 41.74, 41.713, 41.533, 41.311, 41.329, 41.621, 41.972, 41.93, 40.816, 38.981, 38.619, 40.158, 42.153, 43.536, 44.063, 44.007, 43.908, 44.01, 44.168, 44.262, 44.447, 44.853, 45.284, 45.605, 46.308, 47.8, 49.498, 50.404, 50.454, 50.292, 50.43, 50.983, 51.156, 50.678, 50.016, 49.446, 48.968, 48.504, 48.205, 48.295, 48.661, 48.92, 48.869, 48.246, 46.841, 45.094, 43.825, 43.259, 43.112, 42.962, 42.812, 42.783, 42.729, 42.266, 41.419, 40.626, 40.094, 39.913, 40.923, 42.797, 43.94, 43.782, 43.355, 43.711, 44.387, 44.74, 45.071, 45.848, 46.954, 47.731, 47.995, 47.877, 47.543, 47.233, 47.128, 47.162, 47.167, 47.186, 47.321, 47.623, 48.137, 48.811, 49.481, 49.992, 50.421, 50.87, 50.995, 50.398, 49.468, 48.662, 47.696, 46.034, 43.816, 42.079, 41.643, 36.724], [36.711, 36.153, 35.182, 34.121, 33.326, 33.154, 33.463, 33.782, 33.828, 33.717, 33.574, 33.166, 32.035, 30.058, 27.92, 26.311, 25.144, 23.537, 20.492, 16.215, 12.131, 9.05, 6.517, 3.579, 0.0, 3.515, 6.148, 7.556, 8.182, 9.399, 12.991, 18.952, 25.127, 29.214, 31.059, 31.917, 32.969, 34.384, 35.65, 36.563, 37.344, 38.289, 39.456, 40.494, 41.006, 41.055, 40.883, 40.651, 40.547, 40.589, 40.619, 40.555, 40.296, 39.926, 39.98, 40.356, 40.26, 39.466, 39.104, 39.675, 40.555, 41.132, 41.329, 41.307, 41.145, 40.953, 41.003, 41.318, 41.682, 41.645, 40.502, 38.571, 38.129, 39.688, 41.746, 43.174, 43.717, 43.658, 43.557, 43.663, 43.825, 43.921, 44.107, 44.514, 44.944, 45.263, 45.983, 47.517, 49.255, 50.172, 50.213, 50.048, 50.199, 50.77, 50.945, 50.451, 49.78, 49.22, 48.759, 48.312, 48.022, 48.117, 48.488, 48.752, 48.708, 48.09, 46.686, 44.936, 43.664, 43.097, 42.945, 42.786, 42.623, 42.578, 42.507, 42.025, 41.156, 40.342, 39.79, 39.59, 40.597, 42.492, 43.664, 43.521, 43.092, 43.44, 44.112, 44.464, 44.806, 45.606, 46.737, 47.523, 47.788, 47.671, 47.34, 47.035, 46.936, 46.973, 46.977, 46.989, 47.12, 47.425, 47.946, 48.631, 49.309, 49.829, 50.268, 50.732, 50.869, 50.265, 49.309, 48.475, 47.488, 45.805, 43.561, 41.797, 41.34, 36.558], [36.628, 36.064, 35.081, 34.012, 33.224, 33.084, 33.452, 33.836, 33.935, 33.873, 33.776, 33.413, 32.337, 30.438, 28.398, 26.919, 25.932, 24.549, 21.706, 17.53, 13.514, 10.762, 8.933, 6.7, 3.515, 0.0, 2.924, 4.731, 5.66, 6.984, 10.75, 17.031, 23.513, 27.784, 29.714, 30.625, 31.739, 33.228, 34.557, 35.522, 36.357, 37.372, 38.615, 39.71, 40.249, 40.307, 40.136, 39.904, 39.805, 39.852, 39.885, 39.832, 39.595, 39.263, 39.365, 39.772, 39.682, 38.888, 38.564, 39.212, 40.164, 40.781, 40.994, 40.984, 40.852, 40.71, 40.815, 41.168, 41.547, 41.512, 40.345, 38.332, 37.81, 39.371, 41.469, 42.927, 43.475, 43.41, 43.305, 43.413, 43.578, 43.673, 43.85, 44.238, 44.649, 44.96, 45.697, 47.273, 49.046, 49.968, 49.993, 49.82, 49.987, 50.587, 50.774, 50.273, 49.602, 49.059, 48.624, 48.199, 47.922, 48.025, 48.4, 48.667, 48.629, 48.018, 46.622, 44.881, 43.615, 43.05, 42.89, 42.716, 42.536, 42.473, 42.386, 41.887, 41.005, 40.183, 39.618, 39.398, 40.388, 42.283, 43.47, 43.339, 42.908, 43.245, 43.906, 44.256, 44.599, 45.408, 46.552, 47.343, 47.607, 47.494, 47.168, 46.868, 46.775, 46.817, 46.817, 46.818, 46.936, 47.234, 47.755, 48.442, 49.127, 49.655, 50.104, 50.583, 50.735, 50.133, 49.163, 48.309, 47.298, 45.593, 43.334, 41.561, 41.098, 36.472], [36.609, 36.038, 35.052, 33.985, 33.21, 33.098, 33.505, 33.93, 34.06, 34.025, 33.956, 33.622, 32.591, 30.778, 28.855, 27.505, 26.665, 25.461, 22.821, 18.818, 14.883, 12.208, 10.646, 8.866, 6.148, 2.924, 0.0, 2.111, 3.516, 5.307, 9.416, 15.903, 22.538, 26.902, 28.88, 29.826, 30.978, 32.503, 33.857, 34.842, 35.705, 36.765, 38.062, 39.198, 39.753, 39.809, 39.626, 39.377, 39.268, 39.314, 39.35, 39.3, 39.073, 38.768, 38.914, 39.355, 39.271, 38.472, 38.176, 38.89, 39.909, 40.569, 40.804, 40.807, 40.693, 40.588, 40.744, 41.137, 41.534, 41.497, 40.312, 38.251, 37.684, 39.25, 41.367, 42.832, 43.377, 43.305, 43.196, 43.302, 43.466, 43.556, 43.725, 44.097, 44.495, 44.803, 45.555, 47.16, 48.954, 49.877, 49.892, 49.712, 49.886, 50.505, 50.705, 50.204, 49.535, 49.003, 48.583, 48.17, 47.901, 48.008, 48.384, 48.653, 48.615, 48.006, 46.612, 44.873, 43.609, 43.043, 42.875, 42.688, 42.493, 42.416, 42.317, 41.811, 40.928, 40.109, 39.539, 39.301, 40.27, 42.164, 43.364, 43.242, 42.808, 43.135, 43.789, 44.137, 44.479, 45.293, 46.447, 47.242, 47.507, 47.396, 47.073, 46.776, 46.687, 46.733, 46.73, 46.721, 46.826, 47.115, 47.632, 48.32, 49.007, 49.54, 49.996, 50.486, 50.651, 50.054, 49.079, 48.212, 47.182, 45.46, 43.193, 41.421, 40.956, 36.454], [36.614, 36.039, 35.047, 33.971, 33.187, 33.075, 33.498, 33.943, 34.081, 34.045, 33.977, 33.654, 32.662, 30.931, 29.115, 27.867, 27.116, 26.003, 23.473, 19.6, 15.764, 13.114, 11.574, 9.949, 7.556, 4.731, 2.111, 0.0, 1.817, 4.338, 8.958, 15.606, 22.268, 26.632, 28.611, 29.566, 30.731, 32.267, 33.62, 34.597, 35.455, 36.521, 37.834, 38.986, 39.547, 39.598, 39.397, 39.119, 38.988, 39.026, 39.06, 39.008, 38.779, 38.478, 38.648, 39.116, 39.04, 38.234, 37.943, 38.686, 39.744, 40.437, 40.691, 40.701, 40.586, 40.486, 40.663, 41.083, 41.496, 41.459, 40.263, 38.181, 37.608, 39.196, 41.331, 42.8, 43.342, 43.266, 43.155, 43.258, 43.421, 43.51, 43.676, 44.049, 44.449, 44.764, 45.529, 47.154, 48.962, 49.889, 49.902, 49.72, 49.893, 50.516, 50.72, 50.216, 49.544, 49.008, 48.587, 48.173, 47.904, 48.01, 48.388, 48.657, 48.619, 48.006, 46.604, 44.854, 43.581, 43.01, 42.837, 42.643, 42.44, 42.353, 42.247, 41.74, 40.859, 40.045, 39.474, 39.222, 40.179, 42.079, 43.295, 43.181, 42.746, 43.069, 43.724, 44.073, 44.417, 45.24, 46.403, 47.202, 47.469, 47.361, 47.039, 46.742, 46.654, 46.702, 46.698, 46.684, 46.783, 47.069, 47.586, 48.275, 48.966, 49.502, 49.962, 50.456, 50.627, 50.034, 49.057, 48.181, 47.139, 45.406, 43.132, 41.358, 40.887, 36.461], [36.666, 36.089, 35.093, 34.009, 33.209, 33.082, 33.506, 33.962, 34.102, 34.055, 33.975, 33.659, 32.702, 31.031, 29.28, 28.082, 27.367, 26.277, 23.774, 19.964, 16.237, 13.675, 12.125, 10.476, 8.182, 5.66, 3.516, 1.817, 0.0, 3.027, 8.206, 15.208, 22.031, 26.445, 28.431, 29.388, 30.57, 32.129, 33.496, 34.47, 35.317, 36.374, 37.687, 38.847, 39.415, 39.465, 39.251, 38.953, 38.81, 38.844, 38.876, 38.822, 38.587, 38.285, 38.465, 38.952, 38.889, 38.085, 37.795, 38.55, 39.625, 40.339, 40.609, 40.625, 40.508, 40.402, 40.579, 41.006, 41.428, 41.393, 40.19, 38.093, 37.517, 39.122, 41.275, 42.754, 43.3, 43.225, 43.112, 43.216, 43.379, 43.47, 43.639, 44.019, 44.426, 44.745, 45.516, 47.151, 48.971, 49.909, 49.926, 49.745, 49.916, 50.537, 50.74, 50.231, 49.55, 49.007, 48.579, 48.159, 47.887, 47.995, 48.375, 48.647, 48.611, 47.997, 46.589, 44.824, 43.536, 42.956, 42.779, 42.582, 42.375, 42.286, 42.178, 41.669, 40.789, 39.977, 39.405, 39.145, 40.103, 42.016, 43.246, 43.14, 42.707, 43.032, 43.69, 44.04, 44.388, 45.218, 46.388, 47.193, 47.465, 47.361, 47.04, 46.742, 46.652, 46.697, 46.694, 46.68, 46.779, 47.067, 47.588, 48.281, 48.975, 49.514, 49.975, 50.47, 50.641, 50.045, 49.063, 48.18, 47.133, 45.396, 43.118, 41.338, 40.862, 36.514], [36.856, 36.281, 35.303, 34.249, 33.469, 33.341, 33.768, 34.244, 34.409, 34.377, 34.313, 34.029, 33.124, 31.495, 29.751, 28.553, 27.864, 26.827, 24.383, 20.656, 17.104, 14.781, 13.377, 11.732, 9.399, 6.984, 5.307, 4.338, 3.027, 0.0, 5.594, 13.211, 20.552, 25.262, 27.371, 28.372, 29.608, 31.251, 32.698, 33.728, 34.611, 35.7, 37.056, 38.262, 38.858, 38.913, 38.703, 38.428, 38.327, 38.392, 38.435, 38.385, 38.156, 37.867, 38.07, 38.583, 38.541, 37.756, 37.495, 38.286, 39.396, 40.139, 40.431, 40.468, 40.384, 40.318, 40.52, 40.946, 41.357, 41.321, 40.119, 37.989, 37.349, 38.915, 41.065, 42.557, 43.111, 43.035, 42.92, 43.026, 43.194, 43.288, 43.46, 43.838, 44.237, 44.541, 45.296, 46.925, 48.756, 49.707, 49.73, 49.548, 49.725, 50.358, 50.57, 50.064, 49.383, 48.847, 48.429, 48.019, 47.759, 47.882, 48.275, 48.553, 48.525, 47.926, 46.537, 44.786, 43.503, 42.92, 42.739, 42.537, 42.327, 42.236, 42.129, 41.617, 40.726, 39.902, 39.323, 39.065, 40.038, 41.96, 43.192, 43.092, 42.661, 42.981, 43.628, 43.967, 44.309, 45.137, 46.305, 47.108, 47.383, 47.285, 46.968, 46.67, 46.576, 46.617, 46.609, 46.593, 46.693, 46.982, 47.506, 48.202, 48.899, 49.442, 49.906, 50.405, 50.576, 49.974, 48.982, 48.092, 47.045, 45.316, 43.047, 41.265, 40.789, 36.706], [37.45, 36.897, 35.976, 34.999, 34.271, 34.145, 34.567, 35.08, 35.317, 35.358, 35.368, 35.178, 34.386, 32.839, 31.104, 29.909, 29.312, 28.475, 26.281, 22.81, 19.584, 17.679, 16.633, 15.197, 12.991, 10.75, 9.416, 8.958, 8.206, 5.594, 0.0, 8.186, 16.336, 21.708, 24.203, 25.369, 26.717, 28.528, 30.17, 31.38, 32.415, 33.649, 35.161, 36.504, 37.169, 37.239, 37.066, 36.906, 36.963, 37.143, 37.237, 37.217, 37.023, 36.776, 37.027, 37.58, 37.589, 36.881, 36.725, 37.62, 38.817, 39.618, 39.943, 40.019, 40.026, 40.089, 40.383, 40.821, 41.197, 41.148, 39.973, 37.817, 37.035, 38.45, 40.529, 42.006, 42.558, 42.473, 42.354, 42.463, 42.638, 42.74, 42.913, 43.274, 43.633, 43.878, 44.566, 46.149, 47.976, 48.936, 48.956, 48.775, 48.968, 49.631, 49.866, 49.375, 48.72, 48.23, 47.864, 47.505, 47.3, 47.48, 47.913, 48.208, 48.194, 47.639, 46.34, 44.71, 43.521, 42.981, 42.804, 42.595, 42.379, 42.282, 42.172, 41.657, 40.747, 39.893, 39.287, 39.031, 40.023, 41.929, 43.131, 43.027, 42.583, 42.865, 43.472, 43.779, 44.094, 44.892, 46.024, 46.798, 47.064, 46.976, 46.674, 46.384, 46.289, 46.321, 46.301, 46.273, 46.363, 46.647, 47.168, 47.862, 48.56, 49.108, 49.58, 50.089, 50.27, 49.671, 48.677, 47.788, 46.751, 45.056, 42.843, 41.091, 40.626, 37.296], [38.766, 38.269, 37.439, 36.554, 35.874, 35.731, 36.12, 36.667, 37.011, 37.17, 37.294, 37.243, 36.638, 35.284, 33.675, 32.573, 32.14, 31.617, 29.881, 26.895, 24.125, 22.651, 21.96, 20.831, 18.952, 17.031, 15.903, 15.606, 15.208, 13.211, 8.186, 0.0, 8.811, 15.115, 18.382, 19.98, 21.549, 23.601, 25.541, 27.07, 28.412, 29.934, 31.725, 33.296, 34.067, 34.163, 34.082, 34.168, 34.547, 34.963, 35.178, 35.234, 35.113, 34.931, 35.221, 35.802, 35.924, 35.454, 35.575, 36.676, 38.001, 38.878, 39.237, 39.355, 39.492, 39.76, 40.206, 40.686, 41.014, 40.924, 39.813, 37.74, 36.846, 37.994, 39.872, 41.248, 41.75, 41.644, 41.521, 41.637, 41.819, 41.931, 42.108, 42.436, 42.707, 42.824, 43.367, 44.831, 46.605, 47.551, 47.564, 47.383, 47.57, 48.225, 48.46, 48.0, 47.417, 47.025, 46.755, 46.492, 46.398, 46.689, 47.194, 47.512, 47.517, 47.042, 45.94, 44.604, 43.67, 43.26, 43.113, 42.902, 42.688, 42.588, 42.472, 41.971, 41.075, 40.202, 39.553, 39.283, 40.281, 42.132, 43.278, 43.167, 42.688, 42.874, 43.393, 43.655, 43.935, 44.665, 45.702, 46.394, 46.624, 46.546, 46.276, 46.012, 45.924, 45.945, 45.908, 45.859, 45.926, 46.19, 46.695, 47.374, 48.065, 48.614, 49.089, 49.604, 49.802, 49.224, 48.25, 47.379, 46.384, 44.794, 42.729, 41.051, 40.57, 38.596], [40.586, 40.16, 39.417, 38.602, 37.953, 37.786, 38.126, 38.69, 39.135, 39.396, 39.603, 39.664, 39.252, 38.154, 36.773, 35.832, 35.55, 35.286, 34.007, 31.556, 29.23, 28.062, 27.582, 26.689, 25.127, 23.