[[0.0, 6.026, 9.108, 11.36, 16.182, 22.83, 31.976, 38.145, 40.972, 41.671, 42.266, 42.862, 44.47, 48.098, 50.794, 51.062, 52.155, 54.922, 56.393, 55.981, 55.595, 55.804, 55.718, 55.594, 56.193, 56.534, 56.269, 57.615, 59.557, 60.472, 61.191, 62.39, 62.827, 63.061, 63.987, 64.49, 64.571, 64.723, 63.861, 62.091, 59.633, 57.912, 57.649, 57.579, 57.573, 58.411, 59.851, 60.517, 60.154, 59.87, 59.065, 58.188, 58.487, 58.798, 59.415, 60.75, 61.632, 62.925, 62.895, 61.335, 61.005, 61.338, 61.641, 61.431, 61.403, 62.168, 62.255, 61.489, 60.681, 61.063, 61.224, 60.653, 61.247, 61.685, 61.85, 62.039, 61.987, 61.677, 61.563, 61.501, 61.088, 60.155, 59.303, 58.93, 58.63, 58.455], [6.026, 0.0, 4.391, 8.221, 14.699, 22.543, 32.108, 38.223, 40.981, 41.71, 42.262, 42.932, 44.671, 48.254, 50.83, 51.02, 52.107, 54.87, 56.354, 55.997, 55.7, 56.0, 55.866, 55.599, 56.262, 56.6, 56.27, 57.666, 59.693, 60.689, 61.407, 62.532, 62.896, 63.138, 64.211, 64.83, 64.894, 65.009, 64.155, 62.307, 59.748, 58.015, 57.747, 57.673, 57.671, 58.525, 59.973, 60.627, 60.283, 59.989, 59.125, 58.237, 58.533, 58.843, 59.476, 60.822, 61.755, 63.055, 62.991, 61.707, 61.655, 61.99, 62.29, 62.005, 61.835, 62.626, 62.783, 62.084, 61.269, 61.639, 61.842, 61.215, 61.736, 62.17, 62.304, 62.476, 62.462, 62.149, 61.975, 61.809, 61.354, 60.401, 59.477, 59.009, 58.667, 58.39], [9.108, 4.391, 0.0, 5.876, 13.857, 22.368, 32.114, 38.149, 40.818, 41.618, 42.225, 42.943, 44.811, 48.486, 51.08, 51.276, 52.426, 55.245, 56.731, 56.394, 56.125, 56.443, 56.328, 56.045, 56.696, 56.917, 56.532, 57.935, 59.924, 60.898, 61.57, 62.629, 62.962, 63.159, 64.21, 64.842, 64.905, 65.007, 64.179, 62.276, 59.643, 57.939, 57.73, 57.667, 57.67, 58.557, 60.027, 60.663, 60.297, 59.944, 59.02, 58.145, 58.452, 58.748, 59.389, 60.782, 61.736, 62.989, 62.933, 61.932, 62.066, 62.429, 62.78, 62.44, 62.139, 62.957, 63.194, 62.549, 61.704, 62.067, 62.248, 61.522, 61.958, 62.367, 62.488, 62.63, 62.617, 62.283, 62.028, 61.761, 61.276, 60.306, 59.285, 58.645, 58.169, 57.694], [11.36, 8.221, 5.876, 0.0, 9.468, 19.78, 30.595, 36.959, 39.714, 40.487, 41.158, 41.963, 43.864, 47.585, 50.226, 50.538, 51.867, 54.791, 56.246, 55.904, 55.647, 55.955, 55.856, 55.647, 56.319, 56.462, 56.045, 57.394, 59.252, 60.129, 60.774, 61.833, 62.167, 62.36, 63.421, 64.042, 64.086, 64.265, 63.66, 61.985, 59.455, 57.83, 57.702, 57.674, 57.719, 58.601, 60.019, 60.567, 60.111, 59.702, 58.74, 57.882, 58.27, 58.579, 59.169, 60.574, 61.513, 62.671, 62.598, 61.741, 61.941, 62.337, 62.751, 62.426, 62.085, 62.919, 63.173, 62.526, 61.657, 62.049, 62.217, 61.404, 61.758, 62.087, 62.212, 62.334, 62.286, 61.943, 61.66, 61.351, 60.873, 59.943, 58.954, 58.258, 57.665, 57.066], [16.182, 14.699, 13.857, 9.468, 0.0, 13.008, 25.953, 33.115, 36.247, 37.014, 37.641, 38.431, 40.192, 43.793, 46.489, 47.055, 48.72, 51.882, 53.309, 52.925, 52.712, 53.12, 53.095, 52.957, 53.559, 53.779, 53.469, 54.707, 56.402, 57.166, 57.732, 58.841, 59.267, 59.533, 60.684, 61.392, 61.455, 61.754, 61.517, 60.581, 58.745, 57.604, 57.772, 57.813, 57.883, 58.705, 60.064, 60.556, 60.009, 59.484, 58.446, 57.518, 58.042, 58.46, 59.012, 60.411, 61.372, 62.54, 62.609, 61.833, 61.915, 62.292, 62.751, 62.511, 62.249, 63.102, 63.361, 62.736, 61.877, 62.326, 62.548, 61.668, 62.054, 62.371, 62.512, 62.65, 62.537, 62.16, 61.893, 61.629, 61.188, 60.346, 59.453, 58.787, 58.129, 57.5], [22.83, 22.543, 22.368, 19.78, 13.008, 0.0, 14.332, 22.861, 26.906, 27.894, 28.615, 29.462, 31.006, 34.545, 37.778, 39.084, 41.302, 44.846, 46.368, 45.968, 45.992, 46.846, 47.282, 47.551, 47.688, 47.752, 47.956, 49.164, 50.591, 51.091, 51.333, 52.297, 52.844, 53.357, 54.694, 55.578, 55.799, 56.105, 55.969, 56.009, 55.651, 55.762, 56.583, 56.726, 56.756, 57.509, 58.911, 59.565, 59.091, 58.396, 57.32, 56.323, 56.893, 57.345, 57.903, 59.463, 60.602, 61.894, 62.503, 62.223, 62.105, 62.472, 63.064, 62.934, 62.7, 63.598, 63.87, 63.262, 62.468, 62.921, 63.117, 62.165, 62.599, 63.002, 63.158, 63.332, 63.146, 62.673, 62.392, 62.187, 61.74, 60.883, 59.94, 59.2, 58.394, 57.767], [31.976, 32.108, 32.114, 30.595, 25.953, 14.332, 0.0, 9.947, 15.475, 17.091, 18.096, 19.263, 20.7, 24.056, 28.181, 30.745, 33.631, 37.504, 39.253, 38.927, 39.336, 40.884, 42.026, 42.841, 42.283, 41.974, 42.957, 44.314, 45.586, 45.84, 45.596, 46.228, 46.823, 47.618, 49.148, 50.231, 50.666, 50.874, 50.544, 51.354, 52.758, 54.594, 56.196, 56.421, 56.404, 57.104, 58.557, 59.473, 59.238, 58.408, 57.303, 56.287, 56.782, 57.173, 57.768, 59.496, 60.787, 62.234, 63.513, 63.985, 63.866, 64.266, 65.027, 64.938, 64.581, 65.459, 65.77, 65.181, 64.461, 64.873, 64.99, 63.973, 64.365, 64.86, 65.013, 65.196, 64.993, 64.413, 64.071, 63.883, 63.408, 62.461, 61.387, 60.586, 59.659, 59.002], [38.145, 38.223, 38.149, 36.959, 33.115, 22.861, 9.947, 0.0, 6.715, 9.45, 10.966, 12.732, 14.474, 17.837, 22.925, 26.728, 30.08, 34.073, 36.054, 35.848, 36.549, 38.605, 40.184, 41.253, 40.242, 39.703, 41.241, 42.782, 44.108, 44.351, 43.772, 44.088, 44.649, 45.471, 46.981, 48.136, 48.683, 48.808, 48.316, 49.297, 51.577, 54.612, 56.836, 57.125, 57.066, 57.724, 59.185, 60.231, 60.176, 59.282, 58.143, 57.142, 57.554, 57.889, 58.533, 60.327, 61.678, 63.202, 64.885, 65.932, 66.021, 66.484, 67.319, 67.169, 66.685, 67.596, 67.949, 67.348, 66.637, 67.023, 67.13, 66.104, 66.418, 66.96, 67.11, 67.283, 67.091, 66.457, 66.075, 65.873, 65.383, 64.412, 63.275, 62.443, 61.471, 60.788], [40.972, 40.981, 40.818, 39.714, 36.247, 26.906, 15.475, 6.715, 0.0, 4.148, 7.08, 9.897, 12.289, 16.014, 21.844, 26.352, 29.838, 33.75, 35.83, 35.685, 36.535, 38.849, 40.64, 41.855, 40.766, 40.038, 41.738, 43.408, 44.822, 45.127, 44.433, 44.551, 45.045, 45.745, 47.085, 48.155, 48.722, 48.783, 48.207, 49.005, 51.309, 54.797, 57.422, 57.807, 57.737, 58.401, 59.862, 60.915, 60.899, 59.957, 58.795, 57.823, 58.182, 58.488, 59.179, 60.993, 62.365, 63.874, 65.688, 67.12, 67.474, 67.986, 68.858, 68.658, 68.1, 69.052, 69.398, 68.734, 68.004, 68.389, 68.502, 67.488, 67.737, 68.265, 68.419, 68.575, 68.389, 67.726, 67.32, 67.103, 66.611, 65.664, 64.504, 63.585, 62.54, 61.843], [41.671, 41.71, 41.618, 40.487, 37.014, 27.894, 17.091, 9.45, 4.148, 0.0, 4.513, 8.409, 11.253, 15.273, 21.532, 26.426, 29.984, 33.776, 35.771, 35.611, 36.509, 38.88, 40.701, 41.962, 40.907, 40.201, 41.92, 43.586, 45.046, 45.398, 44.691, 44.744, 45.2, 45.881, 47.199, 48.223, 48.779, 48.864, 48.332, 49.172, 51.471, 54.973, 57.689, 58.177, 58.146, 58.814, 60.277, 61.323, 61.29, 60.339, 59.188, 58.228, 58.589, 58.906, 59.619, 61.444, 62.849, 64.381, 66.182, 67.633, 68.058, 68.56, 69.403, 69.213, 68.685, 69.637, 69.923, 69.195, 68.47, 68.869, 68.976, 67.976, 68.254, 68.782, 68.947, 69.099, 68.896, 68.218, 67.825, 67.634, 67.155, 66.216, 65.051, 64.069, 62.966, 62.283], [42.266, 42.262, 42.225, 41.158, 37.641, 28.615, 18.096, 10.966, 7.08, 4.513, 0.0, 4.759, 8.722, 13.714, 20.637, 25.835, 29.439, 33.15, 35.122, 34.975, 35.875, 38.258, 39.983, 41.091, 40.045, 39.487, 41.236, 42.911, 44.466, 44.889, 44.155, 44.162, 44.559, 45.201, 46.497, 47.52, 48.047, 48.15, 47.628, 48.638, 51.111, 54.69, 57.45, 57.992, 58.048, 58.763, 60.264, 61.321, 61.279, 60.335, 59.217, 58.267, 58.634, 58.983, 59.732, 61.581, 63.054, 64.694, 66.51, 67.89, 68.322, 68.774, 69.536, 69.341, 68.861, 69.802, 70.07, 69.339, 68.63, 69.038, 69.176, 68.199, 68.609, 69.206, 69.383, 69.539, 69.323, 68.645, 68.275, 68.118, 67.655, 66.725, 65.57, 64.555, 63.407, 62.719], [42.862, 42.932, 42.943, 41.963, 38.431, 29.462, 19.263, 12.732, 9.897, 8.409, 4.759, 0.0, 5.379, 12.354, 20.349, 25.858, 29.49, 33.172, 35.153, 35.002, 35.849, 38.177, 39.836, 40.82, 39.784, 39.454, 41.233, 42.881, 44.463, 44.918, 44.146, 44.131, 44.505, 45.094, 46.324, 47.365, 47.924, 48.054, 47.485, 48.629, 51.223, 54.823, 57.635, 58.198, 58.314, 59.113, 60.711, 61.815, 61.752, 60.807, 59.74, 58.808, 59.159, 59.51, 60.289, 62.185, 63.703, 65.406, 67.201, 68.379, 68.688, 69.1, 69.81, 69.639, 69.263, 70.197, 70.451, 69.717, 69.008, 69.407, 69.543, 68.592, 69.122, 69.782, 69.974, 70.14, 69.895, 69.22, 68.895, 68.798, 68.361, 67.438, 66.299, 65.285, 64.114, 63.419], [44.47, 44.671, 44.811, 43.864, 40.192, 31.006, 20.7, 14.474, 12.289, 11.253, 8.722, 5.379, 0.0, 8.931, 18.689, 25.2, 29.183, 32.891, 34.857, 34.704, 35.551, 37.879, 39.563, 40.63, 39.599, 39.53, 41.456, 43.067, 44.63, 45.069, 44.224, 44.161, 44.554, 45.194, 46.459, 47.589, 48.232, 48.416, 47.812, 49.188, 52.072, 55.779, 58.638, 59.172, 59.208, 59.936, 61.569, 62.778, 62.748, 61.785, 60.746, 59.823, 60.191, 60.541, 61.282, 63.189, 64.723, 66.418, 68.22, 69.179, 69.272, 69.678, 70.379, 70.256, 69.991, 70.933, 71.169, 70.429, 69.739, 70.121, 70.276, 69.386, 69.973, 70.688, 70.9, 71.086, 70.824, 70.167, 69.918, 69.923, 69.524, 68.607, 67.51, 66.596, 65.499, 64.889], [48.098, 48.254, 48.486, 47.585, 43.793, 34.545, 24.056, 17.837, 16.014, 15.273, 13.714, 12.354, 8.931, 0.0, 11.435, 19.92, 24.951, 28.941, 31.005, 30.937, 31.774, 34.266, 36.104, 37.423, 36.523, 36.775, 38.984, 40.589, 42.215, 42.667, 41.727, 41.633, 42.035, 42.777, 44.191, 45.438, 46.091, 46.283, 45.807, 47.751, 51.374, 55.565, 58.612, 59.179, 59.155, 59.698, 61.152, 62.425, 62.616, 61.733, 60.736, 59.914, 60.483, 60.874, 61.468, 63.246, 64.817, 66.562, 68.485, 69.53, 69.617, 70.077, 70.814, 70.716, 70.487, 71.443, 71.667, 70.945, 70.294, 70.661, 70.859, 69.972, 70.497, 71.195, 71.38, 71.579, 71.326, 70.667, 70.443, 70.511, 70.141, 69.283, 68.299, 67.56, 66.595, 66.068], [50.794, 50.83, 51.08, 50.226, 46.489, 37.778, 28.181, 22.925, 21.844, 21.532, 20.637, 20.349, 18.689, 11.435, 0.0, 10.328, 17.004, 21.969, 24.488, 24.61, 25.238, 27.813, 29.861, 31.474, 30.933, 31.729, 34.175, 35.703, 37.468, 37.979, 37.154, 37.389, 37.922, 38.707, 40.255, 41.55, 42.121, 42.366, 42.302, 44.796, 48.978, 53.519, 56.64, 57.308, 57.395, 57.9, 59.1, 60.311, 60.967, 60.55, 59.737, 59.086, 59.895, 60.267, 60.625, 62.152, 63.711, 65.563, 67.553, 68.694, 68.837, 69.374, 70.13, 70.014, 69.763, 70.725, 70.921, 70.21, 69.573, 69.949, 70.145, 69.164, 69.502, 70.098, 70.225, 70.444, 70.236, 69.545, 69.286, 69.352, 68.983, 68.164, 67.27, 66.694, 65.872, 65.407], [51.062, 51.02, 51.276, 50.538, 47.055, 39.084, 30.745, 26.728, 26.352, 26.426, 25.835, 25.858, 25.2, 19.92, 10.328, 0.0, 8.06, 14.755, 18.218, 18.556, 18.939, 21.693, 24.037, 25.911, 25.724, 26.954, 29.476, 30.967, 33.008, 33.678, 33.151, 34.032, 34.87, 35.666, 37.248, 38.572, 39.1, 39.381, 39.598, 42.209, 46.322, 50.751, 53.689, 54.371, 54.642, 55.384, 56.61, 57.727, 58.811, 59.187, 58.775, 58.265, 59.16, 59.461, 59.651, 60.987, 62.464, 64.415, 66.364, 67.405, 67.556, 68.127, 68.874, 68.74, 68.424, 69.303, 69.472, 68.765, 68.123, 68.503, 68.649, 67.574, 67.754, 68.25, 68.325, 68.565, 68.444, 67.741, 67.437, 67.455, 67.06, 66.209, 65.312, 64.823, 64.127, 63.716], [52.155, 52.107, 52.426, 51.867, 48.72, 41.302, 33.631, 30.08, 29.838, 29.984, 29.439, 29.49, 29.183, 24.951, 17.004, 8.06, 0.0, 8.01, 12.595, 13.309, 13.876, 17.236, 19.926, 22.112, 21.94, 23.347, 26.122, 27.611, 29.948, 30.926, 30.702, 32.078, 33.176, 33.963, 35.475, 36.829, 37.452, 37.731, 37.944, 40.533, 44.614, 48.973, 51.795, 52.488, 52.848, 53.755, 55.118, 56.258, 57.563, 58.527, 58.619, 58.35, 59.289, 59.562, 59.71, 61.011, 62.526, 64.593, 66.583, 67.562, 67.727, 68.298, 69.018, 68.874, 68.555, 69.355, 69.466, 68.724, 68.102, 68.441, 68.468, 67.374, 67.539, 68.034, 68.087, 68.343, 68.251, 67.536, 67.234, 67.261, 66.858, 65.969, 65.069, 64.638, 64.01, 63.646], [54.922, 54.87, 55.245, 54.791, 51.882, 44.846, 37.504, 34.073, 33.75, 33.776, 33.15, 33.172, 32.891, 28.941, 21.969, 14.755, 8.01, 0.0, 5.763, 7.588, 9.274, 13.714, 16.663, 19.254, 19.121, 20.492, 23.569, 25.011, 27.496, 28.762, 28.743, 30.357, 31.494, 32.175, 33.588, 34.918, 35.594, 35.873, 36.104, 38.914, 43.329, 47.851, 50.681, 51.419, 51.801, 52.724, 54.102, 55.266, 56.709, 57.946, 58.41, 58.493, 59.592, 59.878, 60.007, 61.329, 62.977, 65.181, 67.26, 68.305, 68.565, 69.131, 69.82, 69.659, 69.356, 70.141, 70.213, 69.459, 68.889, 69.176, 69.14, 68.084, 68.304, 68.86, 68.903, 69.173, 69.078, 68.348, 68.075, 68.149, 67.756, 66.865, 65.996, 65.635, 65.074, 64.783], [56.393, 56.354, 56.731, 56.246, 53.309, 46.368, 39.253, 36.054, 35.83, 35.771, 35.122, 35.153, 34.857, 31.005, 24.488, 18.218, 12.595, 5.763, 0.0, 3.398, 7.117, 12.289, 15.52, 18.49, 18.413, 19.787, 22.878, 24.01, 26.392, 27.737, 27.715, 29.351, 30.459, 31.1, 32.512, 33.849, 34.52, 34.86, 35.309, 38.472, 43.217, 47.834, 50.666, 51.447, 51.842, 52.757, 54.13, 55.256, 56.657, 57.86, 58.356, 58.575, 59.887, 60.254, 60.389, 61.771, 63.489, 65.733, 67.835, 68.865, 69.15, 69.731, 70.406, 70.24, 69.942, 70.715, 70.777, 70.036, 69.492, 69.761, 69.725, 68.69, 68.936, 69.521, 69.562, 69.838, 69.726, 68.975, 68.706, 68.801, 68.414, 67.526, 66.658, 66.296, 65.742, 65.497], [55.981, 55.997, 56.394, 55.904, 52.925, 45.968, 38.927, 35.848, 35.685, 35.611, 34.975, 35.002, 34.704, 30.937, 24.61, 18.556, 13.309, 7.588, 3.398, 0.0, 5.401, 11.551, 15.333, 18.63, 18.629, 20.128, 23.233, 24.31, 26.779, 28.197, 28.212, 29.885, 31.028, 31.706, 33.121, 34.44, 35.094, 35.458, 35.952, 39.084, 43.769, 48.279, 51.046, 51.809, 52.191, 53.112, 54.503, 55.61, 56.956, 58.125, 58.571, 58.728, 60.084, 60.52, 60.67, 62.024, 63.686, 65.904, 67.985, 68.909, 69.119, 69.699, 70.368, 70.208, 69.932, 70.691, 70.745, 70.005, 69.468, 69.752, 69.736, 68.72, 68.967, 69.545, 69.589, 69.86, 69.749, 69.006, 68.748, 68.857, 68.475, 67.598, 66.746, 66.402, 65.866, 65.651], [55.595, 55.7, 56.125, 55.647, 52.712, 45.992, 39.336, 36.549, 36.535, 36.509, 35.875, 35.849, 35.551, 31.774, 25.238, 18.939, 13.876, 9.274, 7.117, 5.401, 0.0, 7.018, 11.972, 16.159, 16.723, 19.078, 22.338, 23.442, 26.296, 27.89, 28.059, 29.958, 31.2, 31.929, 33.39, 34.789, 35.449, 35.884, 36.635, 39.815, 44.217, 48.45, 51.08, 51.797, 52.173, 53.085, 54.438, 55.532, 56.977, 58.355, 58.89, 59.059, 60.427, 60.814, 61.018, 62.421, 63.984, 66.169, 68.133, 68.774, 68.85, 69.44, 70.087, 69.97, 69.794, 70.537, 70.574, 69.83, 69.295, 69.593, 69.591, 68.609, 68.844, 69.363, 69.41, 69.667, 69.549, 68.827, 68.601, 68.75, 68.408, 67.576, 66.788, 66.507, 66.026, 65.858], [55.804, 56.0, 56.443, 55.955, 53.12, 46.846, 40.884, 38.605, 38.849, 38.88, 38.258, 38.177, 37.879, 34.266, 27.813, 21.693, 17.236, 13.714, 12.289, 11.551, 7.018, 0.0, 6.739, 12.645, 14.03, 17.217, 20.458, 21.366, 24.544, 26.321, 26.669, 28.845, 30.178, 30.865, 32.327, 33.834, 34.553, 35.088, 36.236, 39.633, 43.756, 47.676, 50.157, 50.855, 51.258, 52.165, 53.487, 54.579, 56.138, 57.787, 58.511, 58.814, 60.286, 60.555, 60.826, 62.562, 64.199, 66.349, 68.182, 68.582, 68.579, 69.211, 69.829, 69.758, 69.674, 70.409, 70.426, 69.673, 69.143, 69.424, 69.376, 68.422, 68.657, 69.114, 69.164, 69.411, 69.266, 68.566, 68.376, 68.571, 68.282, 67.506, 66.775, 66.513, 66.043, 65.901], [55.718, 55.866, 56.328, 55.856, 53.095, 47.282, 42.026, 40.184, 40.64, 40.701, 39.983, 39.836, 39.563, 36.104, 29.861, 24.037, 19.926, 16.663, 15.52, 15.333, 11.972, 6.739, 0.0, 7.307, 10.252, 14.241, 16.96, 17.859, 21.47, 23.692, 24.494, 26.97, 28.352, 28.915, 30.355, 31.953, 32.673, 33.227, 34.497, 38.088, 41.98, 45.558, 47.899, 48.628, 49.109, 50.051, 51.384, 52.491, 54.075, 55.906, 56.892, 57.458, 59.166, 59.463, 59.634, 61.505, 63.406, 65.656, 67.386, 67.784, 67.975, 68.582, 69.126, 69.075, 69.041, 69.793, 69.789, 69.041, 68.519, 68.782, 68.702, 67.737, 68.056, 68.494, 68.518, 68.779, 68.616, 67.959, 67.808, 68.016, 67.767, 67.09, 66.472, 66.219, 65.736, 65.551], [55.594, 55.599, 56.045, 55.647, 52.957, 47.551, 42.841, 41.253, 41.855, 41.962, 41.091, 40.82, 40.63, 37.423, 31.474, 25.911, 22.112, 19.254, 18.49, 18.63, 16.159, 12.645, 7.307, 0.0, 6.213, 12.894, 15.114, 16.184, 20.32, 23.09, 24.255, 26.791, 28.162, 28.742, 30.283, 32.003, 32.651, 33.158, 34.035, 37.406, 41.124, 44.469, 46.718, 47.47, 47.97, 48.944, 50.396, 51.637, 53.264, 55.135, 56.192, 56.863, 58.724, 59.179, 59.374, 61.182, 63.219, 65.774, 67.498, 67.731, 68.008, 68.551, 68.997, 68.96, 69.01, 69.755, 69.759, 69.039, 68.508, 68.785, 68.735, 67.763, 68.268, 68.797, 68.796, 69.07, 68.908, 68.29, 68.169, 68.378, 68.13, 67.464, 66.901, 66.687, 66.234, 65.993], [56.193, 56.262, 56.696, 56.319, 53.559, 47.688, 42.283, 40.242, 40.766, 40.907, 40.045, 39.784, 39.599, 36.523, 30.933, 25.724, 21.94, 19.121, 18.413, 18.629, 16.723, 14.03, 10.252, 6.213, 0.0, 9.299, 12.97, 14.137, 18.402, 21.245, 22.101, 24.401, 25.939, 26.859, 28.64, 30.551, 31.349, 31.849, 32.369, 35.596, 39.784, 43.629, 46.063, 46.809, 47.248, 48.178, 49.763, 51.198, 52.815, 54.538, 55.541, 56.12, 57.913, 58.382, 58.661, 60.617, 62.761, 65.518, 67.69, 68.192, 68.409, 68.962, 69.457, 69.395, 69.381, 70.144, 70.2, 69.488, 68.959, 69.241, 69.184, 68.179, 68.749, 69.418, 69.446, 69.717, 69.541, 68.9, 68.768, 68.975, 68.7, 67.985, 67.341, 67.029, 66.494, 66.214], [56.534, 56.6, 56.917, 56.462, 53.779, 47.752, 41.974, 39.703, 40.038, 40.201, 39.487, 39.454, 39.53, 36.775, 31.729, 26.954, 23.347, 20.492, 19.787, 20.128, 19.078, 17.217, 14.241, 12.894, 9.299, 0.0, 5.802, 8.067, 12.518, 15.383, 16.385, 18.777, 20.327, 21.257, 23.145, 25.119, 26.004, 26.314, 26.839, 30.105, 34.51, 38.822, 41.545, 42.428, 43.027, 44.05, 45.586, 46.865, 48.296, 49.957, 51.197, 52.069, 53.982, 54.379, 54.439, 56.512, 58.967, 61.74, 64.314, 65.988, 66.862, 67.453, 68.12, 68.013, 67.699, 68.507, 68.644, 67.996, 67.475, 67.719, 67.575, 66.377, 66.781, 67.384, 67.404, 67.652, 67.431, 66.749, 66.514, 66.63, 66.375, 65.796, 65.2, 64.668, 63.898, 63.477], [56.269, 56.27, 56.532, 56.045, 53.469, 47.956, 42.957, 41.241, 41.738, 41.92, 41.236, 41.233, 41.456, 38.984, 34.175, 29.476, 26.122, 23.569, 22.878, 23.233, 22.338, 20.458, 16.96, 15.114, 12.97, 5.802, 0.0, 4.491, 9.593, 12.771, 14.604, 17.614, 19.134, 19.807, 21.62, 23.557, 24.307, 24.54, 25.266, 28.535, 32.376, 36.153, 38.736, 39.72, 40.48, 41.587, 43.051, 44.12, 45.429, 47.243, 48.727, 49.925, 52.113, 52.541, 52.391, 54.392, 57.005, 59.818, 62.252, 64.173, 65.521, 66.143, 66.828, 66.76, 66.426, 67.214, 67.358, 66.759, 66.215, 66.423, 66.24, 64.936, 65.288, 65.797, 65.778, 66.026, 65.778, 65.118, 64.856, 64.939, 64.737, 64.301, 63.82, 63.253, 62.436, 61.942], [57.615, 57.666, 57.935, 57.394, 54.707, 49.164, 44.314, 42.782, 43.408, 43.586, 42.911, 42.881, 43.067, 40.589, 35.703, 30.967, 27.611, 25.011, 24.01, 24.31, 23.442, 21.366, 17.859, 16.184, 14.137, 8.067, 4.491, 0.0, 6.208, 10.049, 12.2, 15.641, 17.471, 18.417, 20.463, 22.556, 23.37, 23.75, 25.023, 28.969, 33.154, 36.926, 39.515, 40.58, 41.395, 42.462, 43.847, 44.823, 46.052, 47.894, 49.43, 50.634, 52.894, 53.339, 53.178, 55.255, 57.951, 60.811, 63.248, 65.038, 66.312, 67.008, 67.692, 67.65, 67.387, 68.164, 68.276, 67.668, 67.12, 67.31, 67.094, 65.786, 66.133, 66.61, 66.577, 66.84, 66.54, 65.852, 65.598, 65.695, 65.506, 65.098, 64.63, 64.007, 63.14, 62.66], [59.557, 59.693, 59.924, 59.252, 56.402, 50.591, 45.586, 44.108, 44.822, 45.046, 44.466, 44.463, 44.63, 42.215, 37.468, 33.008, 29.948, 27.496, 26.392, 26.779, 26.296, 24.544, 21.47, 20.32, 18.402, 12.518, 9.593, 6.208, 0.0, 4.687, 8.381, 12.927, 15.085, 16.15, 18.324, 20.529, 21.478, 21.917, 23.684, 28.401, 33.059, 36.99, 39.717, 40.904, 41.79, 42.789, 44.018, 44.811, 45.809, 47.549, 49.192, 50.552, 52.939, 53.403, 53.058, 55.052, 57.862, 60.746, 63.283, 65.369, 66.769, 67.473, 68.235, 68.275, 68.071, 68.872, 68.966, 68.383, 67.838, 68.005, 67.692, 66.27, 66.583, 67.026, 66.971, 67.251, 66.853, 66.122, 65.843, 65.927, 65.781, 65.488, 65.112, 64.416, 63.456, 62.904], [60.472, 60.689, 60.898, 60.129, 57.166, 51.091, 45.84, 44.351, 45.127, 45.398, 44.889, 44.918, 45.069, 42.667, 37.979, 33.678, 30.926, 28.762, 27.737, 28.197, 27.89, 26.321, 23.692, 23.09, 21.245, 15.383, 12.771, 10.049, 4.687, 0.0, 5.477, 11.188, 13.663, 14.773, 16.963, 19.174, 20.207, 20.653, 22.651, 27.81, 32.758, 36.879, 39.702, 40.929, 41.867, 42.868, 43.995, 44.65, 45.524, 47.161, 48.785, 50.198, 52.623, 53.024, 52.543, 54.509, 57.32, 60.145, 62.764, 65.114, 66.601, 67.325, 68.169, 68.286, 68.064, 68.873, 68.968, 68.401, 67.859, 68.019, 67.661, 66.151, 66.392, 66.788, 66.728, 67.004, 66.56, 65.807, 65.496, 65.555, 65.433, 65.21, 64.873, 64.125, 63.104, 62.517], [61.191, 61.407, 61.57, 60.774, 57.732, 51.333, 45.596, 43.772, 44.433, 44.691, 44.155, 44.146, 44.224, 41.727, 37.154, 33.151, 30.702, 28.743, 27.715, 28.212, 28.059, 26.669, 24.494, 24.255, 22.101, 16.385, 14.604, 12.2, 8.381, 5.477, 0.0, 6.555, 9.92, 11.899, 14.727, 17.298, 18.467, 19.017, 21.255, 27.088, 32.762, 37.54, 40.749, 42.028, 42.963, 44.018, 45.303, 46.103, 46.948, 48.293, 49.647, 50.844, 53.085, 53.38, 53.077, 55.375, 58.241, 61.019, 63.782, 66.251, 67.668, 68.43, 69.3, 69.381, 69.074, 69.92, 70.05, 69.473, 68.918, 69.086, 68.756, 67.249, 67.461, 67.857, 67.807, 68.063, 67.607, 66.806, 66.45, 66.463, 66.279, 65.942, 65.406, 64.466, 63.292, 62.653], [62.39, 62.532, 62.629, 61.833, 58.841, 52.297, 46.228, 44.088, 44.551, 44.744, 44.162, 44.131, 44.161, 41.633, 37.389, 34.032, 32.078, 30.357, 29.351, 29.885, 29.958, 28.845, 26.97, 26.791, 24.401, 18.777, 17.614, 15.641, 12.927, 11.188, 6.555, 0.0, 4.727, 8.702, 12.734, 15.705, 16.911, 17.535, 20.065, 26.416, 32.758, 38.207, 41.862, 43.253, 44.188, 45.243, 46.666, 47.652, 48.456, 49.479, 50.616, 51.668, 53.751, 53.987, 53.886, 56.537, 59.591, 62.336, 65.245, 68.005, 69.483, 70.24, 71.092, 71.085, 70.694, 71.648, 71.816, 71.203, 70.629, 70.794, 70.475, 68.979, 69.182, 69.586, 69.542, 69.786, 69.309, 68.449, 68.033, 67.992, 67.738, 67.282, 66.52, 65.26, 63.811, 63.068], [62.827, 62.896, 62.962, 62.167, 59.267, 52.844, 46.823, 44.649, 45.045, 45.2, 44.559, 44.505, 44.554, 42.035, 37.922, 34.87, 33.176, 31.494, 30.459, 31.028, 31.2, 30.178, 28.352, 28.162, 25.939, 20.327, 19.134, 17.471, 15.085, 13.663, 9.92, 4.727, 0.0, 5.289, 10.261, 13.505, 14.718, 15.433, 18.307, 24.918, 31.588, 37.379, 41.268, 42.766, 43.712, 44.724, 46.132, 47.145, 47.932, 48.832, 49.932, 51.06, 53.171, 53.401, 53.377, 56.157, 59.322, 62.035, 64.951, 67.946, 69.586, 70.313, 71.137, 71.09, 70.682, 71.685, 71.869, 71.25, 70.674, 70.819, 70.451, 68.913, 69.12, 69.532, 69.484, 69.735, 69.233, 68.338, 67.889, 67.832, 67.567, 67.108, 66.313, 64.931, 63.339, 62.514], [63.061, 63.138, 63.159, 62.36, 59.533, 53.357, 47.618, 45.471, 45.745, 45.881, 45.201, 45.094, 45.194, 42.777, 38.707, 35.666, 33.963, 32.175, 31.1, 31.706, 31.929, 30.865, 28.915, 28.742, 26.859, 21.257, 19.807, 18.417, 16.15, 14.773, 11.899, 8.702, 5.289, 0.0, 5.49, 9.17, 10.697, 11.6, 15.17, 22.258, 29.129, 35.218, 39.363, 40.98, 41.939, 42.932, 44.286, 45.228, 46.008, 46.91, 48.081, 49.394, 51.629, 51.859, 51.827, 54.643, 57.869, 60.548, 63.459, 66.679, 68.52, 69.248, 70.067, 70.001, 69.586, 70.621, 70.806, 70.187, 69.613, 69.739, 69.319, 67.729, 67.935, 68.363, 68.318, 68.582, 68.063, 67.149, 66.687, 66.639, 66.397, 65.993, 65.259, 63.892, 62.291, 61.439], [63.987, 64.211, 64.21, 63.421, 60.684, 54.694, 49.148, 46.981, 47.085, 47.199, 46.497, 46.324, 46.459, 44.191, 40.255, 37.248, 35.475, 33.588, 32.512, 33.121, 33.39, 32.327, 30.355, 30.283, 28.64, 23.145, 21.62, 20.463, 18.324, 16.963, 14.727, 12.734, 10.261, 5.49, 0.0, 4.304, 6.68, 7.85, 12.3, 20.097, 27.241, 33.632, 38.066, 39.802, 40.787, 41.784, 43.104, 43.975, 44.745, 45.673, 46.966, 48.465, 50.796, 51.03, 50.979, 53.822, 57.09, 59.725, 62.676, 66.096, 68.074, 68.821, 69.65, 69.578, 69.166, 70.221, 70.395, 69.759, 69.191, 69.308, 68.842, 67.223, 67.449, 67.902, 67.866, 68.141, 67.608, 66.68, 66.208, 66.178, 65.966, 65.617, 64.933, 63.587, 61.983, 61.123], [64.49, 64.83, 64.842, 64.042, 61.392, 55.578, 50.231, 48.136, 48.155, 48.223, 47.52, 47.365, 47.589, 45.438, 41.55, 38.572, 36.829, 34.918, 33.849, 34.44, 34.789, 33.834, 31.953, 32.003, 30.551, 25.119, 23.557, 22.556, 20.529, 19.174, 17.298, 15.705, 13.505, 9.17, 4.304, 0.0, 3.315, 5.096, 10.751, 18.951, 26.142, 32.633, 37.243, 39.122, 40.21, 41.226, 42.475, 43.256, 43.999, 44.884, 46.206, 47.82, 50.21, 50.459, 50.407, 53.259, 56.564, 59.156, 62.112, 65.702, 67.797, 68.569, 69.415, 69.338, 68.91, 69.998, 70.162, 69.507, 68.947, 69.09, 68.628, 66.99, 67.203, 67.644, 67.612, 67.89, 67.353, 66.41, 65.916, 65.881, 65.67, 65.339, 64.665, 63.316, 61.696, 60.829], [64.571, 64.894, 64.905, 64.086, 61.455, 55.799, 50.666, 48.683, 48.722, 48.779, 48.047, 47.924, 48.232, 46.091, 42.121, 39.1, 37.452, 35.594, 34.52, 35.094, 35.449, 34.553, 32.673, 32.651, 31.349, 26.004, 24.307, 23.37, 21.478, 20.207, 18.467, 16.911, 14.718, 10.697, 6.68, 3.315, 0.0, 3.394, 10.608, 18.963, 25.989, 32.367, 36.955, 38.881, 40.069, 41.108, 42.291, 42.968, 43.691, 44.549, 45.804, 47.437, 49.869, 50.145, 50.096, 52.93, 56.255, 58.874, 61.796, 65.468, 67.689, 68.474, 69.32, 69.231, 68.764, 69.869, 70.057, 69.425, 68.861, 69.035, 68.675, 67.034, 67.2, 67.6, 67.562, 67.833, 67.313, 66.377, 65.858, 65.788, 65.567, 65.246, 64.563, 63.19, 61.564, 60.706], [64.723, 65.009, 65.007, 64.265, 61.754, 56.105, 50.874, 48.808, 48.783, 48.864, 48.15, 48.054, 48.416, 46.283, 42.366, 39.381, 37.731, 35.873, 34.86, 35.458, 35.884, 35.088, 33.227, 33.158, 31.849, 26.314, 24.54, 23.75, 21.917, 20.653, 19.017, 17.535, 15.433, 11.6, 7.85, 5.096, 3.394, 0.0, 8.283, 17.236, 24.612, 31.267, 35.987, 37.905, 39.084, 40.152, 41.336, 42.013, 42.787, 43.701, 45.029, 46.758, 49.237, 49.521, 49.436, 52.273, 55.663, 58.325, 61.312, 65.204, 67.571, 68.351, 69.221, 69.12, 68.595, 69.701, 69.912, 69.306, 68.74, 68.899, 68.559, 66.936, 67.141, 67.558, 67.505, 67.766, 67.266, 66.35, 65.818, 65.722, 65.502, 65.209, 64.527, 63.108, 61.449, 60.577], [63.861, 64.155, 64.179, 63.66, 61.517, 55.969, 50.544, 48.316, 48.207, 48.332, 47.628, 47.485, 47.812, 45.807, 42.302, 39.598, 37.944, 36.104, 35.309, 35.952, 36.635, 36.236, 34.497, 34.035, 32.369, 26.839, 25.266, 25.023, 23.684, 22.651, 21.255, 20.065, 18.307, 15.17, 12.3, 10.751, 10.608, 8.283, 0.0, 10.578, 19.696, 27.355, 32.562, 34.512, 35.487, 36.548, 38.037, 39.191, 40.212, 41.08, 42.545, 44.457, 46.965, 47.324, 47.307, 50.207, 53.77, 56.71, 59.985, 63.983, 66.31, 67.027, 67.897, 67.789, 67.251, 68.383, 68.652, 68.08, 67.538, 67.687, 67.314, 65.741, 66.341, 67.08, 67.027, 67.297, 66.842, 65.966, 65.483, 65.434, 65.201, 64.841, 64.119, 62.761, 61.157, 60.268], [62.091, 62.307, 62.276, 61.985, 60.581, 56.009, 51.354, 49.297, 49.005, 49.172, 48.638, 48.629, 49.188, 47.751, 44.796, 42.209, 40.533, 38.914, 38.472, 39.084, 39.815, 39.633, 38.088, 37.406, 35.596, 30.105, 28.535, 28.969, 28.401, 27.81, 27.088, 26.416, 24.918, 22.258, 20.097, 18.951, 18.963, 17.236, 10.578, 0.0, 10.924, 20.338, 26.229, 28.283, 29.145, 30.309, 32.125, 33.734, 35.116, 36.08, 37.792, 40.081, 42.611, 42.953, 43.001, 46.033, 49.783, 52.963, 56.6, 61.038, 63.616, 64.364, 65.264, 65.008, 64.268, 65.488, 65.85, 65.296, 64.756, 64.875, 64.44, 62.823, 63.598, 64.669, 64.66, 64.917, 64.556, 63.737, 63.26, 63.215, 62.965, 62.544, 61.778, 60.475, 58.989, 58.161], [59.633, 59.748, 59.643, 59.455, 58.745, 55.651, 52.758, 51.577, 51.309, 51.471, 51.111, 51.223, 52.072, 51.374, 48.978, 46.322, 44.614, 43.329, 43.217, 43.769, 44.217, 43.756, 41.98, 41.124, 39.784, 34.51, 32.376, 33.154, 33.059, 32.758, 32.762, 32.758, 31.588, 29.129, 27.241, 26.142, 25.989, 24.612, 19.696, 10.924, 0.0, 10.819, 17.716, 20.259, 21.533, 23.329, 25.586, 27.268, 28.765, 30.314, 32.679, 35.614, 38.283, 38.487, 38.444, 41.703, 45.641, 48.818, 52.33, 57.064, 60.164, 61.009, 61.934, 61.602, 60.701, 61.983, 62.382, 61.815, 61.239, 61.369, 60.941, 59.302, 60.055, 61.132, 61.158, 61.389, 61.114, 60.4, 59.923, 59.843, 59.628, 59.295, 58.615, 57.329, 55.958, 55.237], [57.912, 58.015, 57.939, 57.83, 57.604, 55.762, 54.594, 54.612, 54.797, 54.973, 54.69, 54.823, 55.779, 55.565, 53.519, 50.751, 48.973, 47.851, 47.834, 48.279, 48.45, 47.676, 45.558, 44.469, 43.629, 38.822, 36.153, 36.926, 36.99, 36.879, 37.54, 38.207, 37.379, 35.218, 33.632, 32.633, 32.367, 31.267, 27.355, 20.338, 10.819, 0.0, 8.245, 12.218, 14.486, 17.115, 19.874, 21.499, 22.939, 25.421, 28.715, 32.383, 35.393, 35.629, 35.316, 38.553, 42.642, 45.824, 48.879, 53.252, 56.619, 57.512, 58.411, 58.155, 57.367, 58.643, 59.012, 58.465, 57.904, 58.047, 57.643, 56.09, 57.043, 58.124, 58.134, 58.415, 58.236, 57.672, 57.281, 57.266, 57.145, 56.984, 56.525, 55.422, 54.341, 53.859], [57.649, 57.747, 57.73, 57.702, 57.772, 56.583, 56.196, 56.836, 57.422, 57.689, 57.45, 57.635, 58.638, 58.612, 56.64, 53.689, 51.795, 50.681, 50.666, 51.046, 51.08, 50.157, 47.899, 46.718, 46.063, 41.545, 38.736, 39.515, 39.717, 39.702, 40.749, 41.862, 41.268, 39.363, 38.066, 37.243, 36.955, 35.987, 32.562, 26.229, 17.716, 8.245, 0.0, 5.358, 9.074, 12.774, 15.805, 17.293, 19.264, 23.072, 26.987, 30.919, 34.14, 34.494, 33.813, 36.617, 40.574, 43.799, 46.656, 50.648, 54.007, 54.932, 55.826, 55.602, 54.844, 56.066, 56.436, 55.974, 55.484, 55.604, 55.226, 53.751, 54.857, 56.065, 56.093, 56.417, 56.484, 56.16, 55.875, 55.913, 55.861, 55.812, 55.508, 54.626, 53.923, 53.819], [57.579, 57.673, 57.667, 57.674, 57.813, 56.726, 56.421, 57.125, 57.807, 58.177, 57.992, 58.198, 59.172, 59.179, 57.308, 54.371, 52.488, 51.419, 51.447, 51.809, 51.797, 50.855, 48.628, 47.47, 46.809, 42.428, 39.72, 40.58, 40.904, 40.929, 42.028, 43.253, 42.766, 40.98, 39.802, 39.122, 38.881, 37.905, 34.512, 28.283, 20.259, 12.218, 5.358, 0.0, 4.932, 9.853, 13.387, 15.223, 17.934, 22.562, 26.684, 30.554, 33.764, 34.167, 33.356, 35.936, 39.696, 42.909, 45.819, 49.659, 52.897, 53.811, 54.713, 54.481, 53.751, 54.99, 55.41, 55.011, 54.549, 54.634, 54.297, 52.905, 54.11, 55.45, 55.524, 55.845, 56.089, 55.958, 55.75, 55.812, 55.786, 55.771, 55.514, 54.716, 54.17, 54.249], [57.573, 57.671, 57.67, 57.719, 57.883, 56.756, 56.404, 57.066, 57.737, 58.146, 58.048, 58.314, 59.208, 59.155, 57.395, 54.642, 52.848, 51.801, 51.842, 52.191, 52.173, 51.258, 49.109, 47.97, 47.248, 43.027, 40.48, 41.395, 41.79, 41.867, 42.963, 44.188, 43.712, 41.939, 40.787, 40.21, 40.069, 39.084, 35.487, 29.145, 21.533, 14.486, 9.074, 4.932, 0.0, 5.816, 10.4, 13.407, 16.938, 21.906, 26.172, 30.123, 33.402, 33.898, 33.133, 35.652, 39.314, 42.557, 45.565, 49.262, 52.354, 53.227, 54.094, 53.847, 53.233, 54.538, 54.976, 54.59, 54.141, 54.175, 53.824, 52.521, 53.9, 55.426, 55.538, 55.869, 56.152, 56.096, 55.973, 56.117, 56.128, 56.124, 55.907, 55.204, 54.763, 54.921], [58.411, 58.525, 58.557, 58.601, 58.705, 57.509, 57.104, 57.724, 58.401, 58.814, 58.763, 59.113, 59.936, 59.698, 57.9, 55.384, 53.755, 52.724, 52.757, 53.112, 53.085, 52.165, 50.051, 48.944, 48.178, 44.05, 41.587, 42.462, 42.789, 42.868, 44.018, 45.243, 44.724, 42.932, 41.784, 41.226, 41.108, 40.152, 36.548, 30.309, 23.329, 17.115, 12.774, 9.853, 5.816, 0.0, 5.867, 10.7, 15.265, 20.506, 25.033, 29.317, 32.879, 33.519, 32.666, 35.036, 38.667, 41.938, 45.051, 48.707, 51.775, 52.654, 53.485, 53.228, 52.792, 54.205, 54.635, 54.265, 53.844, 53.823, 53.46, 52.239, 53.782, 55.502, 55.65, 56.006, 56.265, 56.234, 56.197, 56.492, 56.593, 56.651, 56.525, 55.97, 55.678, 55.939], [59.851, 59.973, 60.027, 60.019, 60.064, 58.911, 58.557, 59.185, 59.862, 60.277, 60.264, 60.711, 61.569, 61.152, 59.1, 56.61, 55.118, 54.102, 54.13, 54.503, 54.438, 53.487, 51.384, 50.396, 49.763, 45.586, 43.051, 43.847, 44.018, 43.995, 45.303, 46.666, 46.132, 44.286, 43.104, 42.475, 42.291, 41.336, 38.037, 32.125, 25.586, 19.874, 15.805, 13.387, 10.4, 5.867, 0.0, 6.483, 12.691, 18.672, 23.545, 28.234, 32.144, 32.852, 31.607, 33.594, 37.177, 40.374, 43.499, 47.396, 50.691, 51.642, 52.502, 52.251, 51.913, 53.433, 53.862, 53.527, 53.138, 53.08, 52.749, 51.572, 53.089, 54.868, 55.042, 55.407, 55.666, 55.667, 55.673, 56.068, 56.313, 56.584, 56.658, 56.266, 56.144, 56.586], [60.517, 60.627, 60.663, 60.567, 60.556, 59.565, 59.473, 60.231, 60.915, 61.323, 61.321, 61.815, 62.778, 62.425, 60.311, 57.727, 56.258, 55.266, 55.256, 55.61, 55.532, 54.579, 52.491, 51.637, 51.198, 46.865, 44.12, 44.823, 44.811, 44.65, 46.103, 47.652, 47.145, 45.228, 43.975, 43.256, 42.968, 42.013, 39.191, 33.734, 27.268, 21.499, 17.293, 15.223, 13.407, 10.7, 6.483, 0.0, 7.88, 15.488, 21.091, 26.266, 30.49, 31.223, 29.544, 31.281, 34.91, 38.005, 41.035, 45.364, 49.098, 50.074, 50.978, 50.73, 50.387, 51.958, 52.372, 52.055, 51.68, 51.617, 51.348, 50.155, 51.486, 53.089, 53.25, 53.603, 53.843, 53.865, 53.847, 54.222, 54.585, 55.232, 55.66, 55.374, 55.318, 55.885], [60.154, 60.283, 60.297, 60.111, 60.009, 59.091, 59.238, 60.176, 60.899, 61.29, 61.279, 61.752, 62.748, 62.616, 60.967, 58.811, 57.563, 56.709, 56.657, 56.956, 56.977, 56.138, 54.075, 53.264, 52.815, 48.296, 45.429, 46.052, 45.809, 45.524, 46.948, 48.456, 47.932, 46.008, 44.745, 43.999, 43.691, 42.787, 40.212, 35.116, 28.765, 22.939, 19.264, 17.934, 16.938, 15.265, 12.691, 7.88, 0.0, 9.144, 16.274, 22.461, 27.116, 28.016, 26.235, 28.276, 32.279, 35.381, 38.464, 43.266, 47.369, 48.238, 49.163, 48.937, 48.607, 50.23, 50.622, 50.294, 49.92, 49.87, 49.644, 48.453, 49.785, 51.236, 51.376, 51.702, 51.772, 51.741, 51.68, 52.025, 52.453, 53.453, 54.37, 54.282, 54.237, 54.765], [59.87, 59.989, 59.944, 59.702, 59.484, 58.396, 58.408, 59.282, 59.957, 60.339, 60.335, 60.807, 61.785, 61.733, 60.55, 59.187, 58.527, 57.946, 57.86, 58.125, 58.355, 57.787, 55.906, 55.135, 54.538, 49.957, 47.243, 47.894, 47.549, 47.161, 48.293, 49.479, 48.832, 46.91, 45.673, 44.884, 44.549, 43.701, 41.08, 36.08, 30.314, 25.421, 23.072, 22.562, 21.906, 20.506, 18.672, 15.488, 9.144, 0.0, 8.788, 16.717, 22.243, 23.637, 22.173, 24.849, 29.384, 32.618, 36.024, 41.476, 45.793, 46.605, 47.597, 47.286, 46.763, 48.488, 48.951, 48.664, 48.296, 48.291, 48.215, 47.05, 48.482, 50.021, 50.166, 50.464, 50.358, 50.185, 50.059, 50.406, 50.823, 51.881, 53.058, 53.328, 53.517, 54.098], [59.065, 59.125, 59.02, 58.74, 58.446, 57.32, 57.303, 58.143, 58.795, 59.188, 59.217, 59.74, 60.746, 60.736, 59.737, 58.775, 58.619, 58.41, 58.356, 58.571, 58.89, 58.511, 56.892, 56.192, 55.541, 51.197, 48.727, 49.43, 49.192, 48.785, 49.647, 50.616, 49.932, 48.081, 46.966, 46.206, 45.804, 45.029, 42.545, 37.792, 32.679, 28.715, 26.987, 26.684, 26.172, 25.033, 23.545, 21.091, 16.274, 8.788, 0.0, 9.237, 16.095, 18.456, 17.575, 20.832, 25.552, 29.091, 32.803, 38.459, 42.891, 43.826, 44.924, 44.425, 43.439, 45.153, 45.772, 45.616, 45.271, 45.383, 45.615, 44.457, 45.918, 47.672, 47.856, 48.142, 48.091, 47.83, 47.649, 48.015, 48.41, 49.329, 50.416, 51.009, 51.818, 52.94], [58.188, 58.237, 58.145, 57.882, 57.518, 56.323, 56.287, 57.142, 57.823, 58.228, 58.267, 58.808, 59.823, 59.914, 59.086, 58.265, 58.35, 58.493, 58.575, 58.728, 59.059, 58.814, 57.458, 56.863, 56.12, 52.069, 49.925, 50.634, 50.552, 50.198, 50.844, 51.668, 51.06, 49.394, 48.465, 47.82, 47.437, 46.758, 44.457, 40.081, 35.614, 32.383, 30.919, 30.554, 30.123, 29.317, 28.234, 26.266, 22.461, 16.717, 9.237, 0.0, 8.42, 12.468, 12.859, 17.169, 21.858, 25.777, 29.918, 35.17, 39.351, 40.415, 41.579, 40.855, 39.393, 41.018, 41.805, 41.793, 41.523, 41.786, 42.364, 41.318, 42.915, 44.941, 45.219, 45.495, 45.59, 45.297, 45.117, 45.554, 45.941, 46.728, 47.597, 48.231, 49.627, 51.727], [58.487, 58.533, 58.452, 58.27, 58.042, 56.893, 56.782, 57.554, 58.182, 58.589, 58.634, 59.159, 60.191, 60.483, 59.895, 59.16, 59.289, 59.592, 59.887, 60.084, 60.427, 60.286, 59.166, 58.724, 57.913, 53.982, 52.113, 52.894, 52.939, 52.623, 53.085, 53.751, 53.171, 51.629, 50.796, 50.21, 49.869, 49.237, 46.965, 42.611, 38.283, 35.393, 34.14, 33.764, 33.402, 32.879, 32.144, 30.49, 27.116, 22.243, 16.095, 8.42, 0.0, 5.989, 9.729, 16.035, 20.627, 24.525, 28.907, 34.052, 37.985, 39.002, 40.204, 39.225, 37.283, 38.885, 39.835, 39.931, 39.724, 40.021, 40.756, 39.876, 41.583, 43.784, 44.156, 44.398, 44.532, 44.188, 43.987, 44.442, 44.762, 45.391, 46.02, 46.461, 47.988, 50.831], [58.798, 58.843, 58.748, 58.579, 58.46, 57.345, 57.173, 57.889, 58.488, 58.906, 58.983, 59.51, 60.541, 60.874, 60.267, 59.461, 59.562, 59.878, 60.254, 60.52, 60.814, 60.555, 59.463, 59.179, 58.382, 54.379, 52.541, 53.339, 53.403, 53.024, 53.38, 53.987, 53.401, 51.859, 51.03, 50.459, 50.145, 49.521, 47.324, 42.953, 38.487, 35.629, 34.494, 34.167, 33.898, 33.519, 32.852, 31.223, 28.016, 23.637, 18.456, 12.468, 5.989, 0.0, 7.329, 16.044, 20.791, 24.321, 28.647, 34.063, 38.015, 39.046, 40.311, 39.284, 37.131, 38.746, 39.792, 39.922, 39.689, 39.936, 40.615, 39.736, 41.26, 43.34, 43.721, 43.925, 44.011, 43.626, 43.373, 43.756, 44.038, 44.622, 45.075, 45.265, 46.577, 49.447], [59.415, 59.476, 59.389, 59.169, 59.012, 57.903, 57.768, 58.533, 59.179, 59.619, 59.732, 60.289, 61.282, 61.468, 60.625, 59.651, 59.71, 60.007, 60.389, 60.67, 61.018, 60.826, 59.634, 59.374, 58.661, 54.439, 52.391, 53.178, 53.058, 52.543, 53.077, 53.886, 53.377, 51.827, 50.979, 50.407, 50.096, 49.436, 47.307, 43.001, 38.444, 35.316, 33.813, 33.356, 33.133, 32.666, 31.607, 29.544, 26.235, 22.173, 17.575, 12.859, 9.729, 7.329, 0.0, 10.292, 16.28, 20.32, 25.099, 31.548, 36.274, 37.43, 38.822, 37.924, 35.906, 37.74, 38.844, 39.053, 38.798, 39.036, 39.745, 38.725, 39.994, 41.954, 42.288, 42.511, 42.649, 42.384, 42.132, 42.488, 42.939, 43.906, 44.641, 44.896, 46.208, 48.851], [60.75, 60.822, 60.782, 60.574, 60.411, 59.463, 59.496, 60.327, 60.993, 61.444, 61.581, 62.185, 63.189, 63.246, 62.152, 60.987, 61.011, 61.329, 61.771, 62.024, 62.421, 62.562, 61.505, 61.182, 60.617, 56.512, 54.392, 55.255, 55.052, 54.509, 55.375, 56.537, 56.157, 54.643, 53.822, 53.259, 52.93, 52.273, 50.207, 46.033, 41.703, 38.553, 36.617, 35.936, 35.652, 35.036, 33.594, 31.281, 28.276, 24.849, 20.832, 17.169, 16.035, 16.044, 10.292, 0.0, 8.085, 14.246, 19.902, 27.341, 33.06, 34.244, 35.727, 34.927, 33.1, 35.162, 36.325, 36.728, 36.515, 36.804, 37.746, 36.659, 37.78, 39.839, 40.142, 40.416, 40.736, 40.695, 40.515, 40.935, 41.598, 43.013, 44.331, 45.182, 47.062, 49.882], [61.632, 61.755, 61.736, 61.513, 61.372, 60.602, 60.787, 61.678, 62.365, 62.849, 63.054, 63.703, 64.723, 64.817, 63.711, 62.464, 62.526, 62.977, 63.489, 63.686, 63.984, 64.199, 63.406, 63.219, 62.761, 58.967, 57.005, 57.951, 57.862, 57.32, 58.241, 59.591, 59.322, 57.869, 57.09, 56.564, 56.255, 55.663, 53.77, 49.783, 45.641, 42.642, 40.574, 39.696, 39.314, 38.667, 37.177, 34.91, 32.279, 29.384, 25.552, 21.858, 20.627, 20.791, 16.28, 8.085, 0.0, 8.234, 14.853, 22.547, 28.69, 29.957, 31.629, 30.884, 29.07, 31.134, 32.391, 33.044, 32.967, 33.295, 34.552, 33.607, 34.539, 36.683, 37.078, 37.331, 37.852, 38.028, 37.928, 38.465, 39.276, 40.94, 42.727, 44.303, 46.918, 50.231], [62.925, 63.055, 62.989, 62.671, 62.54, 61.894, 62.234, 63.202, 63.874, 64.381, 64.694, 65.406, 66.418, 66.562, 65.563, 64.415, 64.593, 65.181, 65.733, 65.904, 66.169, 66.349, 65.656, 65.774, 65.518, 61.74, 59.818, 60.811, 60.746, 60.145, 61.019, 62.336, 62.035, 60.548, 59.725, 59.156, 58.874, 58.325, 56.71, 52.963, 48.818, 45.824, 43.799, 42.909, 42.557, 41.938, 40.374, 38.005, 35.381, 32.618, 29.091, 25.777, 24.525, 24.321, 20.32, 14.246, 8.234, 0.0, 8.509, 18.868, 25.834, 27.159, 29.061, 28.289, 26.329, 28.618, 29.984, 30.834, 30.882, 31.116, 32.489, 31.634, 32.005, 33.875, 34.378, 34.582, 35.175, 35.51, 35.399, 35.953, 36.877, 38.861, 41.029, 42.934, 45.866, 49.446], [62.895, 62.991, 62.933, 62.598, 62.609, 62.503, 63.513, 64.885, 65.688, 66.182, 66.51, 67.201, 68.22, 68.485, 67.553, 66.364, 66.583, 67.26, 67.835, 67.985, 68.133, 68.182, 67.386, 67.498, 67.69, 64.314, 62.252, 63.248, 63.283, 62.764, 63.782, 65.245, 64.951, 63.459, 62.676, 62.112, 61.796, 61.312, 59.985, 56.6, 52.33, 48.879, 46.656, 45.819, 45.565, 45.051, 43.499, 41.035, 38.464, 36.024, 32.803, 29.918, 28.907, 28.647, 25.099, 19.902, 14.853, 8.509, 0.0, 13.367, 22.021, 23.337, 25.212, 24.596, 23.019, 25.552, 27.026, 28.152, 28.199, 28.41, 30.075, 29.47, 29.647, 31.144, 31.619, 31.848, 32.504, 33.038, 32.996, 33.613, 34.702, 36.961, 39.509, 41.851, 45.202, 49.057], [61.335, 61.707, 61.932, 61.741, 61.833, 62.223, 63.985, 65.932, 67.12, 67.633, 67.89, 68.379, 69.179, 69.53, 68.694, 67.405, 67.562, 68.305, 68.865, 68.909, 