[[0.0, 3.989, 9.399, 11.769, 11.643, 11.968, 13.638, 17.827, 22.037, 23.544, 26.074, 34.964, 41.805, 44.951, 46.824, 48.571, 49.594, 49.254, 48.6, 49.311, 49.211, 49.88, 51.043, 50.619, 50.278, 50.092, 50.816, 51.821, 54.195, 54.635, 54.362, 55.606, 57.345, 57.417, 57.24, 58.389, 59.203, 59.123, 59.249, 59.8, 59.045, 58.502, 58.515, 58.835, 57.917, 56.182, 55.752, 55.534, 55.106, 54.639, 54.446, 54.608, 56.019, 56.439, 55.728, 54.679, 54.766, 54.762, 54.353, 55.473, 55.528, 56.206, 55.504, 55.268, 55.475, 55.334, 54.48, 53.864, 52.548, 50.374, 49.51, 48.313, 47.489, 46.347, 46.191, 46.712, 47.584, 47.138, 46.864, 46.548, 46.891, 47.609, 47.605, 48.398, 48.533, 48.762], [3.989, 0.0, 6.611, 9.694, 9.656, 10.059, 11.874, 16.409, 20.945, 22.883, 25.892, 34.85, 41.536, 44.624, 46.55, 48.406, 49.49, 49.119, 48.435, 49.153, 48.975, 49.583, 50.774, 50.371, 50.054, 49.908, 50.65, 51.643, 54.025, 54.41, 54.115, 55.36, 57.04, 57.109, 56.985, 58.21, 59.058, 58.947, 59.091, 59.661, 58.952, 58.41, 58.32, 58.599, 57.648, 55.894, 55.529, 55.352, 54.927, 54.45, 54.247, 54.429, 55.871, 56.268, 55.579, 54.594, 54.679, 54.656, 54.201, 55.231, 55.18, 55.756, 55.05, 54.863, 55.042, 54.906, 54.076, 53.436, 52.089, 49.973, 49.247, 48.07, 47.2, 46.009, 45.705, 46.182, 47.29, 46.945, 46.615, 46.264, 46.627, 47.344, 47.329, 48.128, 48.289, 48.534], [9.399, 6.611, 0.0, 3.997, 4.952, 6.18, 8.987, 14.92, 20.431, 23.352, 26.68, 35.167, 41.194, 43.908, 45.807, 47.739, 48.86, 48.43, 47.714, 48.393, 48.085, 48.877, 50.374, 50.043, 49.789, 49.775, 50.508, 51.395, 53.674, 53.983, 53.596, 54.9, 56.595, 56.514, 56.329, 57.706, 58.987, 59.014, 59.151, 59.741, 59.015, 58.32, 58.064, 58.268, 57.19, 55.403, 55.223, 55.139, 54.743, 54.318, 54.172, 54.451, 55.908, 56.27, 55.618, 54.651, 54.667, 54.521, 53.911, 54.74, 54.524, 54.965, 54.27, 54.059, 54.192, 54.016, 53.179, 52.563, 51.374, 49.27, 48.301, 46.931, 45.933, 44.661, 44.251, 44.8, 46.136, 45.847, 45.509, 45.111, 45.516, 46.254, 46.222, 46.984, 47.152, 47.411], [11.769, 9.694, 3.997, 0.0, 2.658, 4.844, 8.122, 14.755, 20.769, 23.978, 27.067, 35.079, 40.789, 43.374, 45.267, 47.172, 48.275, 47.846, 47.152, 47.796, 47.434, 48.309, 49.952, 49.648, 49.405, 49.425, 50.136, 50.945, 53.132, 53.411, 52.982, 54.31, 56.047, 55.888, 55.665, 57.116, 58.676, 58.893, 59.054, 59.623, 58.841, 58.069, 57.796, 57.992, 56.854, 55.089, 55.014, 54.951, 54.57, 54.197, 54.091, 54.416, 55.861, 56.209, 55.563, 54.576, 54.537, 54.31, 53.656, 54.474, 54.221, 54.606, 53.932, 53.679, 53.801, 53.595, 52.736, 52.172, 51.106, 48.968, 47.768, 46.213, 45.118, 43.87, 43.582, 44.205, 45.428, 45.045, 44.771, 44.392, 44.791, 45.487, 45.457, 46.204, 46.344, 46.604], [11.643, 9.656, 4.952, 2.658, 0.0, 3.304, 7.403, 14.19, 20.314, 23.4, 26.608, 34.942, 40.769, 43.428, 45.39, 47.325, 48.442, 48.014, 47.297, 47.944, 47.621, 48.448, 50.02, 49.709, 49.457, 49.428, 50.128, 50.916, 53.143, 53.487, 53.095, 54.392, 56.077, 55.922, 55.71, 57.156, 58.64, 58.86, 59.064, 59.63, 58.849, 58.155, 57.935, 58.144, 57.018, 55.214, 55.082, 55.0, 54.613, 54.222, 54.083, 54.394, 55.863, 56.215, 55.54, 54.546, 54.508, 54.293, 53.693, 54.586, 54.365, 54.777, 54.091, 53.836, 53.968, 53.758, 52.876, 52.301, 51.189, 49.023, 47.904, 46.439, 45.399, 44.195, 43.942, 44.446, 45.585, 45.168, 44.919, 44.573, 44.957, 45.585, 45.528, 46.285, 46.396, 46.65], [11.968, 10.059, 6.18, 4.844, 3.304, 0.0, 5.604, 13.291, 19.735, 22.713, 25.926, 34.704, 40.757, 43.478, 45.389, 47.256, 48.339, 47.926, 47.252, 47.931, 47.668, 48.466, 49.966, 49.676, 49.421, 49.365, 50.074, 50.877, 53.109, 53.466, 53.074, 54.317, 55.968, 55.829, 55.649, 57.121, 58.581, 58.797, 59.008, 59.591, 58.794, 58.09, 57.909, 58.136, 57.051, 55.224, 54.968, 54.844, 54.462, 54.054, 53.888, 54.176, 55.644, 56.022, 55.347, 54.363, 54.351, 54.195, 53.722, 54.736, 54.547, 54.99, 54.334, 54.092, 54.257, 54.075, 53.222, 52.679, 51.531, 49.283, 48.099, 46.618, 45.632, 44.483, 44.305, 44.776, 45.885, 45.495, 45.264, 44.914, 45.281, 45.882, 45.824, 46.632, 46.782, 47.048], [13.638, 11.874, 8.987, 8.122, 7.403, 5.604, 0.0, 9.408, 16.999, 20.278, 24.004, 33.612, 39.971, 42.683, 44.467, 46.292, 47.404, 46.978, 46.278, 46.956, 46.677, 47.489, 48.978, 48.676, 48.399, 48.317, 49.022, 49.803, 52.103, 52.49, 52.08, 53.304, 54.988, 54.865, 54.717, 56.18, 57.635, 57.903, 58.119, 58.761, 58.178, 57.709, 57.638, 57.879, 56.761, 54.834, 54.498, 54.398, 54.049, 53.647, 53.471, 53.735, 55.206, 55.626, 54.936, 53.894, 53.873, 53.719, 53.265, 54.349, 54.176, 54.625, 53.973, 53.751, 53.921, 53.727, 52.879, 52.353, 51.163, 48.93, 47.795, 46.287, 45.269, 44.109, 43.912, 44.284, 45.438, 45.098, 44.905, 44.627, 45.006, 45.655, 45.608, 46.416, 46.574, 46.849], [17.827, 16.409, 14.92, 14.755, 14.19, 13.291, 9.408, 0.0, 8.744, 13.33, 18.835, 30.403, 37.373, 40.387, 42.389, 44.406, 45.6, 45.12, 44.349, 44.991, 44.714, 45.565, 47.023, 46.705, 46.433, 46.409, 47.053, 47.801, 50.357, 50.836, 50.382, 51.529, 53.125, 52.91, 52.785, 54.119, 55.335, 55.593, 55.839, 56.546, 56.401, 56.936, 57.523, 57.815, 56.634, 54.596, 54.324, 54.323, 53.97, 53.536, 53.322, 53.563, 55.04, 55.489, 54.74, 53.641, 53.605, 53.405, 52.902, 53.981, 53.817, 54.211, 53.444, 53.246, 53.381, 53.217, 52.373, 51.796, 50.476, 48.438, 47.814, 46.506, 45.53, 44.296, 43.846, 43.96, 45.288, 45.047, 44.923, 44.832, 45.271, 45.944, 45.818, 46.588, 46.652, 46.897], [22.037, 20.945, 20.431, 20.769, 20.314, 19.735, 16.999, 8.744, 0.0, 7.421, 15.257, 28.264, 35.869, 39.319, 41.559, 43.71, 44.961, 44.476, 43.687, 44.312, 44.088, 44.934, 46.274, 45.922, 45.638, 45.635, 46.227, 46.953, 49.698, 50.318, 49.849, 50.957, 52.493, 52.249, 52.13, 53.356, 54.305, 54.485, 54.718, 55.436, 55.534, 56.895, 58.192, 58.575, 57.413, 55.418, 55.203, 55.24, 54.866, 54.412, 54.173, 54.365, 55.807, 56.284, 55.521, 54.423, 54.411, 54.246, 53.803, 54.93, 54.793, 55.162, 54.324, 54.111, 54.208, 54.071, 53.202, 52.563, 51.18, 49.325, 49.138, 48.105, 47.288, 46.055, 45.47, 45.408, 46.794, 46.661, 46.55, 46.53, 47.019, 47.759, 47.562, 48.265, 48.257, 48.491], [23.544, 22.883, 23.352, 23.978, 23.4, 22.713, 20.278, 13.33, 7.421, 0.0, 11.083, 26.556, 34.805, 38.55, 40.815, 42.852, 44.031, 43.635, 42.817, 43.378, 43.547, 44.501, 45.537, 45.175, 44.782, 44.533, 45.156, 45.786, 48.498, 49.387, 49.131, 50.709, 52.668, 52.463, 52.122, 53.279, 54.137, 54.293, 54.481, 55.162, 55.107, 56.515, 58.098, 58.643, 57.643, 55.726, 55.291, 55.212, 54.821, 54.407, 54.204, 54.273, 55.62, 56.221, 55.418, 54.22, 54.262, 54.332, 54.252, 55.775, 55.833, 56.536, 55.893, 55.563, 55.705, 55.411, 54.306, 53.711, 52.479, 50.544, 50.166, 49.288, 48.793, 47.74, 47.629, 47.822, 48.954, 48.67, 48.62, 48.628, 49.137, 49.916, 49.76, 50.517, 50.412, 50.626], [26.074, 25.892, 26.68, 27.067, 26.608, 25.926, 24.004, 18.835, 15.257, 11.083, 0.0, 17.395, 27.228, 31.875, 34.112, 35.896, 36.964, 36.724, 36.189, 36.799, 37.448, 38.739, 39.565, 39.376, 38.935, 38.498, 39.107, 39.78, 42.313, 43.452, 43.464, 45.114, 47.336, 47.18, 46.785, 47.888, 48.81, 49.168, 49.356, 49.82, 49.49, 50.982, 52.975, 53.7, 53.396, 52.54, 52.523, 52.451, 52.102, 51.881, 51.884, 51.987, 53.18, 53.773, 52.924, 51.632, 51.638, 51.706, 51.814, 53.594, 53.761, 54.665, 54.379, 53.958, 54.128, 53.892, 52.747, 52.135, 50.992, 49.04, 48.423, 47.517, 47.261, 46.575, 47.126, 48.064, 49.2, 48.809, 48.786, 48.905, 49.511, 50.343, 50.209, 50.969, 50.91, 51.19], [34.964, 34.85, 35.167, 35.079, 34.942, 34.704, 33.612, 30.403, 28.264, 26.556, 17.395, 0.0, 12.662, 19.699, 22.312, 24.071, 25.296, 25.212, 25.251, 26.19, 27.096, 28.414, 29.127, 29.334, 28.943, 28.695, 29.148, 29.973, 32.359, 33.714, 34.016, 35.064, 37.325, 37.408, 37.303, 38.364, 39.595, 40.534, 40.846, 40.973, 40.668, 42.976, 45.996, 47.026, 47.808, 49.266, 50.896, 51.2, 50.945, 50.996, 51.238, 51.492, 52.44, 52.804, 52.104, 50.983, 50.849, 50.608, 50.5, 51.974, 51.888, 52.529, 52.646, 52.13, 52.119, 52.146, 51.162, 50.413, 49.369, 47.813, 47.202, 46.16, 46.01, 45.789, 46.728, 48.421, 49.847, 49.519, 49.34, 49.593, 50.481, 51.468, 51.268, 51.854, 51.969, 52.378], [41.805, 41.536, 41.194, 40.789, 40.769, 40.757, 39.971, 37.373, 35.869, 34.805, 27.228, 12.662, 0.0, 8.662, 12.595, 15.458, 17.477, 17.442, 17.381, 18.715, 20.175, 21.904, 22.987, 23.477, 23.181, 23.395, 23.677, 24.267, 26.693, 28.258, 28.745, 29.808, 32.396, 32.49, 32.464, 33.58, 35.505, 37.041, 37.469, 37.466, 37.606, 40.796, 44.531, 45.836, 46.816, 49.169, 51.936, 52.688, 52.455, 52.501, 52.708, 52.978, 53.789, 54.019, 53.489, 52.588, 52.383, 51.918, 51.527, 52.555, 52.217, 52.726, 53.056, 52.364, 52.089, 52.086, 51.121, 50.367, 49.539, 48.155, 47.279, 46.044, 45.953, 45.976, 47.027, 48.941, 50.306, 49.916, 49.593, 49.914, 50.964, 51.984, 51.747, 52.203, 52.381, 52.832], [44.951, 44.624, 43.908, 43.374, 43.428, 43.478, 42.683, 40.387, 39.319, 38.55, 31.875, 19.699, 8.662, 0.0, 5.564, 10.366, 13.576, 13.574, 13.049, 14.717, 16.839, 19.541, 21.202, 21.737, 21.566, 22.079, 22.308, 22.813, 25.221, 26.727, 27.141, 28.248, 31.028, 31.142, 31.192, 32.325, 34.71, 36.484, 36.89, 36.872, 37.439, 41.019, 44.932, 46.374, 47.246, 49.557, 52.707, 53.794, 53.643, 53.679, 53.853, 54.116, 54.903, 55.104, 54.659, 53.889, 53.685, 53.103, 52.504, 53.254, 52.843, 53.335, 53.743, 52.989, 52.568, 52.495, 51.58, 50.842, 50.138, 48.8, 47.729, 46.389, 46.308, 46.404, 47.458, 49.387, 50.563, 50.099, 49.716, 50.064, 51.129, 52.13, 51.889, 52.239, 52.445, 52.897], [46.824, 46.55, 45.807, 45.267, 45.39, 45.389, 44.467, 42.389, 41.559, 40.815, 34.112, 22.312, 12.595, 5.564, 0.0, 5.875, 10.027, 10.285, 9.947, 11.953, 14.473, 17.892, 19.68, 20.289, 20.352, 21.106, 21.34, 21.985, 24.327, 25.814, 26.149, 27.106, 29.944, 30.164, 30.366, 31.497, 34.062, 35.915, 36.224, 36.225, 37.035, 40.703, 44.72, 46.277, 47.271, 49.689, 52.904, 54.111, 54.105, 54.283, 54.544, 54.803, 55.534, 55.764, 55.413, 54.743, 54.591, 54.023, 53.4, 54.072, 53.672, 54.179, 54.673, 53.936, 53.508, 53.468, 52.641, 51.924, 51.28, 49.974, 48.764, 47.38, 47.343, 47.462, 48.481, 50.434, 51.494, 50.981, 50.606, 50.984, 52.039, 53.032, 52.81, 53.136, 53.383, 53.832], [48.571, 48.406, 47.739, 47.172, 47.325, 47.256, 46.292, 44.406, 43.71, 42.852, 35.896, 24.071, 15.458, 10.366, 5.875, 0.0, 4.9, 6.035, 6.775, 9.011, 12.059, 16.065, 17.658, 18.358, 18.783, 19.861, 20.075, 20.764, 23.078, 24.672, 24.898, 25.752, 28.723, 29.003, 29.324, 30.466, 33.173, 35.131, 35.351, 35.389, 36.326, 40.034, 44.235, 45.949, 47.159, 49.779, 52.998, 54.227, 54.377, 54.827, 55.296, 55.543, 56.175, 56.468, 56.184, 55.576, 55.474, 54.964, 54.398, 55.096, 54.751, 55.343, 55.906, 55.16, 54.802, 54.795, 53.993, 53.292, 52.677, 51.312, 49.873, 48.441, 48.498, 48.64, 49.623, 51.555, 52.479, 51.876, 51.51, 51.924, 52.983, 53.946, 53.734, 54.084, 54.334, 54.761], [49.594, 49.49, 48.86, 48.275, 48.442, 48.339, 47.404, 45.6, 44.961, 44.031, 36.964, 25.296, 17.477, 13.576, 10.027, 4.9, 0.0, 3.03, 5.958, 7.769, 10.96, 15.21, 16.679, 17.483, 18.19, 19.527, 19.729, 20.293, 22.453, 24.092, 24.222, 25.094, 28.117, 28.291, 28.592, 29.775, 32.626, 34.609, 34.77, 34.842, 35.704, 39.34, 43.669, 45.478, 46.8, 49.55, 52.762, 53.986, 54.223, 54.888, 55.564, 55.839, 56.389, 56.729, 56.458, 55.829, 55.738, 55.266, 54.729, 55.463, 55.172, 55.856, 56.472, 55.708, 55.418, 55.413, 54.59, 53.894, 53.294, 51.849, 50.222, 48.778, 48.909, 49.067, 50.079, 52.058, 52.956, 52.341, 51.967, 52.365, 53.434, 54.372, 54.166, 54.569, 54.838, 55.257], [49.254, 49.119, 48.43, 47.846, 48.014, 47.926, 46.978, 45.12, 44.476, 43.635, 36.724, 25.212, 17.442, 13.574, 10.285, 6.035, 3.03, 0.0, 4.557, 6.84, 9.714, 14.16, 15.851, 16.762, 17.629, 19.207, 19.472, 20.082, 22.31, 23.852, 23.874, 24.663, 27.696, 27.896, 28.205, 29.345, 32.188, 34.117, 34.291, 34.426, 35.3, 38.868, 43.096, 44.882, 46.175, 48.909, 52.185, 53.461, 53.71, 54.38, 55.08, 55.419, 55.995, 56.309, 56.039, 55.416, 55.32, 54.822, 54.216, 54.865, 54.532, 55.183, 55.816, 55.078, 54.777, 54.792, 53.977, 53.237, 52.636, 51.265, 49.717, 48.311, 48.427, 48.527, 49.492, 51.569, 52.633, 52.073, 51.677, 52.062, 53.137, 54.074, 53.837, 54.209, 54.481, 54.914], [48.6, 48.435, 47.714, 47.152, 47.297, 47.252, 46.278, 44.349, 43.687, 42.817, 36.189, 25.251, 17.381, 13.049, 9.947, 6.775, 5.958, 4.557, 0.0, 4.076, 8.826, 13.827, 15.656, 16.356, 17.111, 18.455, 18.821, 19.203, 21.721, 23.514, 23.568, 24.654, 27.891, 28.037, 28.175, 29.28, 32.063, 33.925, 34.18, 34.373, 35.29, 38.909, 43.095, 44.899, 46.105, 48.603, 51.805, 53.105, 53.333, 53.964, 54.637, 54.955, 55.669, 56.048, 55.726, 55.051, 54.946, 54.463, 53.856, 54.543, 54.191, 54.929, 55.541, 54.787, 54.47, 54.42, 53.549, 52.801, 52.223, 50.855, 49.337, 47.991, 48.1, 48.105, 49.044, 51.07, 52.184, 51.642, 51.232, 51.624, 52.73, 53.699, 53.445, 53.793, 54.028, 54.462], [49.311, 49.153, 48.393, 47.796, 47.944, 47.931, 46.956, 44.991, 44.312, 43.378, 36.799, 26.19, 18.715, 14.717, 11.953, 9.011, 7.769, 6.84, 4.076, 0.0, 6.991, 12.859, 14.812, 15.606, 16.453, 17.652, 17.987, 18.135, 20.529, 22.545, 22.742, 24.333, 27.821, 27.741, 27.664, 28.808, 31.85, 33.766, 34.012, 34.229, 35.061, 38.586, 42.795, 44.656, 45.836, 48.265, 51.397, 52.701, 52.984, 53.735, 54.543, 54.871, 55.587, 56.109, 55.862, 55.187, 55.071, 54.567, 53.945, 54.691, 54.385, 55.223, 55.9, 55.14, 54.85, 54.765, 53.871, 53.162, 52.682, 51.318, 49.675, 48.299, 48.447, 48.443, 49.432, 51.584, 52.76, 52.201, 51.801, 52.194, 53.3, 54.26, 54.029, 54.387, 54.577, 54.986], [49.211, 48.975, 48.085, 47.434, 47.621, 47.668, 46.677, 44.714, 44.088, 43.547, 37.448, 27.096, 20.175, 16.839, 14.473, 12.059, 10.96, 9.714, 8.826, 6.991, 0.0, 7.455, 10.887, 11.939, 13.434, 15.705, 16.0, 16.886, 19.706, 21.099, 21.071, 22.686, 26.349, 26.45, 26.748, 27.976, 31.256, 33.282, 33.482, 33.881, 35.0, 38.3, 42.135, 43.939, 44.917, 47.246, 50.554, 51.963, 52.335, 53.183, 54.08, 54.522, 55.239, 55.756, 55.807, 55.414, 55.309, 54.673, 53.791, 54.218, 53.776, 54.314, 54.887, 54.21, 53.873, 53.899, 53.156, 52.404, 51.91, 50.759, 49.236, 47.709, 47.781, 47.699, 48.374, 50.719, 52.215, 51.669, 51.193, 51.55, 52.611, 53.537, 53.29, 53.604, 53.776, 54.164], [49.88, 49.583, 48.877, 48.309, 48.448, 48.466, 47.489, 45.565, 44.934, 44.501, 38.739, 28.414, 21.904, 19.541, 17.892, 16.065, 15.21, 14.16, 13.827, 12.859, 7.455, 0.0, 5.258, 7.291, 9.767, 13.305, 13.696, 15.184, 18.555, 19.511, 19.44, 20.91, 24.562, 24.96, 25.582, 26.726, 29.744, 31.835, 32.122, 32.67, 33.99, 37.315, 41.021, 42.851, 43.758, 46.15, 49.622, 51.088, 51.508, 52.4, 53.32, 53.791, 54.536, 55.036, 55.294, 55.224, 55.157, 54.535, 53.675, 54.009, 53.419, 53.776, 54.298, 53.685, 53.301, 53.431, 52.815, 52.028, 51.483, 50.551, 49.326, 47.854, 47.969, 47.91, 48.49, 50.934, 52.654, 52.124, 51.549, 51.909, 52.927, 53.83, 53.533, 53.823, 54.011, 54.4], [51.043, 50.774, 50.374, 49.952, 50.02, 49.966, 48.978, 47.023, 46.274, 45.537, 39.565, 29.127, 22.987, 21.202, 19.68, 17.658, 16.679, 15.851, 15.656, 14.812, 10.887, 5.258, 0.0, 4.013, 7.495, 11.45, 11.954, 13.704, 17.416, 18.677, 18.886, 20.299, 23.939, 24.618, 25.396, 26.343, 28.754, 30.695, 31.002, 31.557, 33.078, 36.738, 40.62, 42.542, 43.656, 46.191, 49.565, 51.005, 51.465, 52.402, 53.334, 53.733, 54.449, 54.981, 55.254, 55.291, 55.329, 54.889, 54.311, 54.872, 54.365, 54.828, 55.419, 54.812, 54.456, 54.597, 53.948, 53.121, 52.517, 51.628, 50.604, 49.401, 49.692, 49.707, 50.275, 52.518, 54.146, 53.599, 53.014, 53.421, 54.413, 55.289, 54.981, 55.279, 55.454, 55.83], [50.619, 50.371, 50.043, 49.648, 49.709, 49.676, 48.676, 46.705, 45.922, 45.175, 39.376, 29.334, 23.477, 21.737, 20.289, 18.358, 17.483, 16.762, 16.356, 15.606, 11.939, 7.291, 4.013, 0.0, 4.728, 9.642, 10.282, 12.499, 16.824, 18.03, 17.971, 19.487, 23.471, 24.413, 25.406, 26.472, 28.794, 30.628, 30.853, 31.439, 33.23, 37.106, 40.965, 42.857, 43.869, 46.217, 49.507, 50.944, 51.398, 52.326, 53.245, 53.612, 54.373, 54.904, 55.16, 55.196, 55.297, 55.005, 54.515, 55.132, 54.684, 55.158, 55.662, 55.041, 54.698, 54.802, 54.105, 53.263, 52.605, 51.633, 50.596, 49.476, 49.811, 49.79, 50.194, 52.151, 53.59, 52.999, 52.397, 52.792, 53.771, 54.647, 54.357, 54.652, 54.805, 55.171], [50.278, 50.054, 49.789, 49.405, 49.457, 49.421, 48.399, 46.433, 45.638, 44.782, 38.935, 28.943, 23.181, 21.566, 20.352, 18.783, 18.19, 17.629, 17.111, 16.453, 13.434, 9.767, 7.495, 4.728, 0.0, 5.765, 6.745, 9.717, 14.45, 15.766, 15.878, 18.01, 22.675, 23.84, 24.8, 26.056, 28.572, 30.54, 30.783, 31.293, 33.026, 36.956, 40.904, 42.797, 43.78, 46.105, 49.325, 50.683, 51.076, 51.949, 52.819, 53.143, 53.896, 54.416, 54.603, 54.578, 54.674, 54.477, 54.262, 55.151, 54.778, 55.275, 55.777, 55.14, 54.815, 54.864, 54.091, 53.285, 52.675, 51.597, 50.424, 49.269, 49.641, 49.698, 50.249, 52.131, 53.378, 52.735, 52.125, 52.478, 53.447, 54.354, 54.085, 54.392, 54.542, 54.936], [50.092, 49.908, 49.775, 49.425, 49.428, 49.365, 48.317, 46.409, 45.635, 44.533, 38.498, 28.695, 23.395, 22.079, 21.106, 19.861, 19.527, 19.207, 18.455, 17.652, 15.705, 13.305, 11.45, 9.642, 5.765, 0.0, 2.651, 6.305, 11.113, 13.215, 14.367, 17.631, 22.802, 23.997, 24.622, 26.034, 28.692, 30.823, 31.201, 31.55, 32.912, 36.722, 40.79, 42.778, 43.883, 46.201, 49.199, 50.401, 50.714, 51.521, 52.336, 52.591, 53.386, 54.005, 54.102, 53.939, 54.009, 53.86, 53.99, 55.384, 55.146, 55.797, 56.399, 55.769, 55.486, 55.473, 54.603, 53.85, 53.326, 52.143, 50.863, 49.683, 50.066, 50.235, 51.13, 52.992, 54.073, 53.386, 52.796, 53.1, 54.052, 55.0, 54.766, 55.136, 55.302, 55.721], [50.816, 50.65, 50.508, 50.136, 50.128, 50.074, 49.022, 47.053, 46.227, 45.156, 39.107, 29.148, 23.677, 22.308, 21.34, 20.075, 19.729, 19.472, 18.821, 17.987, 16.0, 13.696, 11.954, 10.282, 6.745, 2.651, 0.0, 5.4, 10.62, 12.695, 13.923, 17.068, 22.269, 23.589, 24.384, 25.867, 28.621, 30.859, 31.229, 31.53, 33.004, 37.055, 41.292, 43.294, 44.414, 46.777, 49.788, 50.984, 51.291, 52.089, 52.885, 53.13, 53.916, 54.532, 54.622, 54.44, 54.493, 54.302, 54.387, 55.769, 55.569, 56.182, 56.753, 56.132, 55.842, 55.867, 55.026, 54.252, 53.674, 52.477, 51.209, 50.013, 50.38, 50.579, 51.424, 53.153, 54.131, 53.411, 52.813, 53.135, 54.09, 55.034, 54.799, 55.161, 55.332, 55.748], [51.821, 51.643, 51.395, 50.945, 50.916, 50.877, 49.803, 47.801, 46.953, 45.786, 39.78, 29.973, 24.267, 22.813, 21.985, 20.764, 20.293, 20.082, 19.203, 18.135, 16.886, 15.184, 13.704, 12.499, 9.717, 6.305, 5.4, 0.0, 6.969, 10.879, 12.833, 17.126, 22.692, 23.559, 23.758, 25.459, 28.637, 31.013, 31.425, 31.723, 32.892, 36.942, 41.432, 43.515, 44.622, 46.991, 49.937, 51.056, 51.329, 52.161, 53.019, 53.26, 54.058, 54.78, 54.777, 54.403, 54.4, 54.22, 54.384, 55.93, 55.753, 56.66, 57.37, 56.684, 56.416, 56.356, 55.406, 54.728, 54.308, 52.957, 51.425, 50.231, 50.658, 50.836, 51.909, 53.665, 54.536, 53.756, 53.178, 53.492, 54.476, 55.46, 55.237, 55.62, 55.789, 56.229], [54.195, 54.025, 53.674, 53.132, 53.143, 53.109, 52.103, 50.357, 49.698, 48.498, 42.313, 32.359, 26.693, 25.221, 24.327, 23.078, 22.453, 22.31, 21.721, 20.529, 19.706, 18.555, 17.416, 16.824, 14.45, 11.113, 10.62, 6.969, 0.0, 6.471, 10.232, 16.33, 22.764, 23.381, 22.997, 24.87, 28.856, 31.675, 32.123, 32.221, 32.868, 36.478, 41.032, 43.214, 44.477, 47.216, 50.295, 51.375, 51.612, 52.44, 53.331, 53.634, 54.386, 55.15, 55.154, 54.68, 54.606, 54.399, 54.706, 56.522, 56.446, 57.489, 58.555, 57.962, 57.685, 57.573, 56.597, 56.045, 55.921, 54.623, 52.776, 51.385, 51.828, 52.173, 53.679, 55.827, 56.687, 55.863, 55.308, 55.563, 56.524, 57.507, 57.351, 57.836, 58.099, 58.573], [54.635, 54.41, 53.983, 53.411, 53.487, 53.466, 52.49, 50.836, 50.318, 49.387, 43.452, 33.714, 28.258, 26.727, 25.814, 24.672, 24.092, 23.852, 23.514, 22.545, 21.099, 19.511, 18.677, 18.03, 15.766, 13.215, 12.695, 10.879, 6.471, 0.0, 5.469, 13.295, 20.673, 21.787, 21.875, 23.952, 28.436, 31.508, 31.864, 31.946, 32.759, 36.236, 40.542, 42.704, 43.835, 46.583, 49.902, 51.087, 51.315, 52.062, 52.9, 53.288, 54.102, 54.771, 54.865, 54.539, 54.448, 54.181, 54.334, 55.994, 55.932, 56.775, 57.906, 57.569, 57.24, 57.204, 56.378, 55.81, 55.698, 54.587, 52.79, 51.201, 51.554, 51.957, 53.392, 55.626, 56.526, 55.689, 55.073, 55.3, 56.204, 57.133, 57.021, 57.562, 57.912, 58.386], [54.362, 54.115, 53.596, 52.982, 53.095, 53.074, 52.08, 50.382, 49.849, 49.131, 43.464, 34.016, 28.745, 27.141, 26.149, 24.898, 24.222, 23.874, 23.568, 22.742, 21.071, 19.44, 18.886, 17.971, 15.878, 14.367, 13.923, 12.833, 10.232, 5.469, 0.0, 9.894, 18.31, 19.787, 20.294, 22.443, 27.138, 30.279, 30.559, 30.737, 31.832, 35.485, 39.804, 41.917, 42.89, 45.523, 48.935, 50.216, 50.497, 51.283, 52.151, 52.573, 53.43, 54.051, 54.145, 53.87, 53.818, 53.583, 53.578, 55.019, 54.942, 55.707, 56.767, 56.488, 56.184, 56.193, 55.425, 54.816, 54.658, 53.598, 51.849, 50.252, 50.58, 50.908, 52.107, 54.246, 55.166, 54.37, 53.734, 53.961, 54.864, 55.753, 55.635, 56.174, 56.552, 57.01], [55.606, 55.36, 54.9, 54.31, 54.392, 54.317, 53.304, 51.529, 50.957, 50.709, 45.114, 35.064, 29.808, 28.248, 27.106, 25.752, 25.094, 24.663, 24.654, 24.333, 22.686, 20.91, 20.299, 19.487, 18.01, 17.631, 17.068, 17.126, 16.33, 13.295, 9.894, 0.0, 9.558, 13.316, 16.254, 18.059, 21.968, 25.478, 25.947, 26.033, 28.16, 33.134, 37.972, 40.07, 41.303, 44.374, 48.141, 49.639, 50.049, 50.867, 51.663, 52.101, 52.961, 53.397, 53.407, 53.257, 53.343, 53.043, 52.791, 53.875, 53.707, 54.176, 55.127, 54.981, 54.689, 55.226, 54.908, 54.16, 53.623, 52.842, 51.809, 50.378, 50.565, 50.842, 51.501, 53.124, 54.139, 53.574, 52.898, 53.207, 54.171, 55.05, 54.757, 55.105, 55.588, 56.065], [57.345, 57.04, 56.595, 56.047, 56.077, 55.968, 54.988, 53.125, 52.493, 52.668, 47.336, 37.325, 32.396, 31.028, 29.944, 28.723, 28.117, 27.696, 27.891, 27.821, 26.349, 24.562, 23.939, 23.471, 22.675, 22.802, 22.269, 22.692, 22.764, 20.673, 18.31, 9.558, 0.0, 7.414, 13.354, 14.988, 17.87, 21.408, 22.143, 22.175, 25.088, 31.138, 36.407, 38.491, 39.787, 43.062, 47.089, 48.757, 49.279, 50.101, 50.836, 51.291, 52.145, 52.468, 52.453, 52.495, 52.72, 52.313, 51.833, 52.613, 52.337, 52.611, 53.487, 53.528, 53.243, 54.304, 54.57, 53.846, 53.078, 52.524, 52.144, 50.927, 51.003, 51.251, 51.576, 52.825, 53.981, 53.688, 53.031, 53.415, 54.408, 55.283, 54.802, 54.948, 55.545, 56.041], [57.417, 57.109, 56.514, 55.888, 55.922, 55.829, 54.865, 52.91, 52.249, 52.463, 47.18, 37.408, 32.49, 31.142, 30.164, 29.003, 28.291, 27.896, 28.037, 27.741, 26.45, 24.96, 24.618, 24.413, 23.84, 23.997, 23.589, 23.559, 23.381, 21.787, 19.787, 13.316, 7.414, 0.0, 7.056, 9.925, 15.018, 18.896, 19.741, 19.855, 22.011, 27.926, 33.549, 35.701, 36.781, 40.069, 44.299, 46.069, 46.627, 47.499, 48.313, 48.815, 49.636, 50.035, 50.06, 50.068, 50.27, 49.794, 49.243, 50.016, 49.751, 50.245, 51.293, 51.308, 51.038, 52.036, 52.431, 52.095, 51.77, 51.18, 50.455, 49.223, 49.379, 49.659, 50.431, 52.247, 53.659, 53.49, 52.957, 53.343, 54.372, 55.268, 54.77, 54.937, 55.558, 56.066], [57.24, 56.985, 56.329, 55.665, 55.71, 55.649, 54.717, 52.785, 52.13, 52.122, 46.785, 37.303, 32.464, 31.192, 30.366, 29.324, 28.592, 28.205, 28.175, 27.664, 26.748, 25.582, 25.396, 25.406, 24.8, 24.622, 24.384, 23.758, 22.997, 21.875, 20.294, 16.254, 13.354, 7.056, 0.0, 5.78, 13.875, 18.021, 18.915, 19.115, 19.918, 25.029, 30.853, 33.115, 34.034, 37.356, 41.697, 43.467, 44.005, 44.951, 45.89, 46.419, 47.22, 47.773, 47.831, 47.707, 47.835, 47.361, 46.894, 47.848, 47.634, 48.531, 49.853, 49.769, 49.519, 50.248, 50.458, 50.471, 50.82, 50.296, 49.15, 47.9, 48.201, 48.49, 49.89, 52.448, 54.143, 54.066, 53.646, 53.997, 55.051, 56.015, 55.547, 55.771, 56.362, 56.879], [58.389, 58.21, 57.706, 57.116, 57.156, 57.121, 56.18, 54.119, 53.356, 53.279, 47.888, 38.364, 33.58, 32.325, 31.497, 30.466, 29.775, 29.345, 29.28, 28.808, 27.976, 26.726, 26.343, 26.472, 26.056, 26.034, 25.867, 25.459, 24.87, 23.952, 22.443, 18.059, 14.988, 9.925, 5.78, 0.0, 9.334, 14.245, 15.425, 15.588, 16.986, 23.101, 29.164, 31.419, 32.538, 36.09, 40.622, 42.546, 43.134, 44.143, 45.144, 45.675, 46.422, 46.95, 47.026, 47.008, 47.183, 46.704, 46.167, 46.96, 46.716, 47.623, 49.001, 48.947, 48.707, 49.467, 49.697, 49.634, 50.096, 50.118, 49.527, 48.524, 48.863, 49.119, 50.449, 53.163, 55.239, 55.375, 54.986, 55.368, 56.419, 57.372, 56.831, 56.99, 57.561, 58.065], [59.203, 59.058, 58.987, 58.676, 58.64, 58.581, 57.635, 55.335, 54.305, 54.137, 48.81, 39.595, 35.505, 34.71, 34.062, 33.173, 32.626, 32.188, 32.063, 31.85, 31.256, 29.744, 28.754, 28.794, 28.572, 28.692, 28.621, 28.637, 28.856, 28.436, 27.138, 21.968, 17.87, 15.018, 13.875, 9.334, 0.0, 6.509, 9.139, 9.422, 13.099, 21.691, 27.991, 30.107, 31.686, 35.309, 39.682, 41.681, 42.304, 43.312, 44.272, 44.695, 45.411, 45.828, 45.792, 45.989, 46.419, 46.143, 45.705, 46.383, 46.104, 46.947, 48.176, 48.222, 48.079, 49.089, 49.503, 49.211, 49.255, 49.817, 50.638, 50.439, 50.897, 51.037, 51.954, 54.219, 56.603, 57.036, 56.617, 57.02, 58.05, 58.951, 58.244, 58.277, 58.809, 59.29], [59.123, 58.947, 59.014, 58.893, 58.86, 58.797, 57.903, 55.593, 54.485, 54.293, 49.168, 40.534, 37.041, 36.484, 35.915, 35.131, 34.609, 34.117, 33.925, 33.766, 33.282, 31.835, 30.695, 30.628, 30.54, 30.823, 30.859, 31.013, 31.675, 31.508, 30.279, 25.478, 21.408, 18.896, 18.021, 14.245, 6.509, 0.0, 4.598, 6.019, 10.851, 20.142, 26.442, 28.486, 30.111, 33.584, 37.812, 39.912, 40.61, 41.669, 42.69, 43.089, 43.813, 44.211, 44.142, 44.47, 45.129, 45.095, 44.697, 45.225, 44.944, 45.903, 47.045, 47.126, 47.064, 48.112, 48.596, 48.253, 48.123, 48.751, 50.151, 50.724, 51.494, 51.496, 52.188, 54.332, 56.924, 57.538, 57.103, 57.492, 58.522, 59.412, 58.66, 58.641, 59.16, 59.623], [59.249, 59.091, 59.151, 59.054, 59.064, 59.008, 58.119, 55.839, 54.718, 54.481, 49.356, 40.846, 37.469, 36.89, 36.224, 35.351, 34.77, 34.291, 34.18, 34.012, 33.482, 32.122, 31.002, 30.853, 30.783, 31.201, 31.229, 31.425, 32.123, 31.864, 30.559, 25.947, 22.143, 19.741, 18.915, 15.425, 9.139, 4.598, 0.0, 3.44, 9.8, 19.499, 26.074, 28.184, 29.728, 33.124, 37.284, 39.409, 40.147, 41.215, 42.261, 42.658, 43.321, 43.756, 43.748, 44.096, 44.788, 44.818, 44.4, 44.864, 44.687, 45.785, 46.914, 46.975, 46.921, 47.929, 48.345, 48.0, 47.882, 48.419, 49.665, 50.446, 51.529, 51.527, 52.168, 54.317, 56.85, 57.44, 57.021, 57.409, 58.41, 59.309, 58.575, 58.562, 59.093, 59.543], [59.8, 59.661, 59.741, 59.623, 59.63, 59.591, 58.761, 56.546, 55.436, 55.162, 49.82, 40.973, 37.466, 36.872, 36.225, 35.389, 34.842, 34.426, 34.373, 34.229, 33.881, 32.67, 31.557, 31.439, 31.293, 31.55, 31.53, 31.723, 32.221, 31.946, 30.737, 26.033, 22.175, 19.855, 19.115, 15.588, 9.422, 6.019, 3.44, 0.0, 8.35, 18.883, 25.787, 27.939, 29.727, 33.453, 37.676, 39.764, 40.446, 41.429, 42.373, 42.733, 43.358, 43.744, 43.666, 43.956, 44.61, 44.601, 44.247, 44.826, 44.713, 45.807, 47.025, 47.09, 47.03, 48.07, 48.526, 48.186, 48.054, 48.608, 49.851, 50.58, 51.689, 51.857, 52.677, 54.874, 57.342, 57.928, 57.534, 57.914, 58.893, 59.791, 59.071, 59.071, 59.65, 60.128], [59.045, 58.952, 59.015, 58.841, 58.849, 58.794, 58.178, 56.401, 55.534, 55.107, 49.49, 40.668, 37.606, 37.439, 37.035, 36.326, 35.704, 35.3, 35.29, 35.061, 35.0, 33.99, 33.078, 33.23, 33.026, 32.912, 33.004, 32.892, 32.868, 32.759, 31.832, 28.16, 25.088, 22.011, 19.918, 16.986, 13.099, 10.851, 9.8, 8.35, 0.0, 11.739, 20.12, 22.743, 25.021, 29.567, 33.919, 35.868, 36.483, 37.556, 38.669, 39.064, 39.642, 40.179, 40.062, 40.213, 40.755, 40.781, 40.73, 41.756, 41.71, 43.196, 44.832, 44.826, 44.863, 45.807, 46.236, 46.295, 46.663, 47.017, 47.852, 48.652, 49.92, 50.298, 52.267, 55.42, 57.998, 58.617, 58.294, 58.546, 59.514, 60.456, 59.805, 59.915, 60.537, 61.049], [58.502, 58.41, 58.32, 58.069, 58.155, 58.09, 57.709, 56.936, 56.895, 56.515, 50.982, 42.976, 40.796, 41.019, 40.703, 40.034, 39.34, 38.868, 38.909, 38.586, 38.3, 37.315, 36.738, 37.106, 36.956, 36.722, 37.055, 36.942, 36.478, 36.236, 35.485, 33.134, 31.138, 27.926, 25.029, 23.101, 21.691, 20.142, 19.499, 18.883, 11.739, 0.0, 10.035, 13.69, 16.931, 22.893, 27.541, 29.385, 30.058, 31.495, 33.119, 33.719, 34.176, 34.867, 35.017, 35.337, 35.816, 35.9, 36.116, 37.416, 37.405, 39.306, 41.491, 41.474, 41.651, 42.471, 42.945, 43.489, 44.657, 44.976, 45.193, 46.011, 47.534, 48.057, 51.199, 55.816, 58.853, 59.615, 59.324, 59.368, 60.287, 61.276, 60.727, 60.938, 61.61, 62.133], [58.515, 58.32, 58.064, 57.796, 57.935, 57.909, 57.638, 57.523, 58.192, 58.098, 52.975, 45.996, 44.531, 44.932, 44.72, 44.235, 43.669, 43.096, 43.095, 42.795, 42.135, 41.021, 40.62, 40.965, 40.904, 40.79, 41.292, 41.432, 41.032, 40.542, 39.804, 37.972, 36.407, 33.549, 30.853, 29.164, 27.991, 26.442, 26.074, 25.787, 20.12, 10.035, 0.0, 5.089, 10.21, 17.49, 22.5, 24.449, 25.226, 26.962, 29.003, 29.87, 30.302, 30.829, 31.246, 32.025, 32.548, 32.642, 32.774, 33.79, 33.648, 35.577, 38.08, 38.234, 38.512, 39.356, 40.058, 40.8, 42.453, 43.262, 43.694, 44.659, 46.205, 46.715, 50.067, 55.497, 59.31, 60.432, 60.181, 60.087, 60.974, 61.968, 61.428, 61.638, 62.324, 62.85], [58.835, 58.599, 58.268, 57.992, 58.144, 58.136, 57.879, 57.815, 58.575, 58.643, 53.7, 47.026, 45.836, 46.374, 46.277, 45.949, 45.478, 44.882, 44.899, 44.656, 43.939, 42.851, 42.542, 42.857, 42.797, 42.778, 43.294, 43.515, 43.214, 42.704, 41.917, 40.07, 38.491, 35.701, 33.115, 31.419, 30.107, 28.486, 28.184, 27.939, 22.743, 13.69, 5.089, 0.0, 7.101, 15.312, 20.421, 22.384, 23.18, 25.011, 27.187, 28.202, 28.579, 28.911, 29.283, 30.137, 30.627, 30.737, 30.818, 31.599, 31.326, 33.139, 35.742, 35.951, 36.334, 37.264, 38.125, 38.979, 40.84, 41.981, 42.799, 43.988, 45.511, 45.996, 49.295, 54.88, 59.114, 60.604, 60.491, 60.34, 61.233, 62.255, 61.695, 61.867, 62.555, 63.093], [57.917, 57.648, 57.19, 56.854, 57.018, 57.051, 56.761, 56.634, 57.413, 57.643, 53.396, 47.808, 46.816, 47.246, 47.271, 47.159, 46.8, 46.175, 46.105, 45.836, 44.917, 43.758, 43.656, 43.869, 43.78, 43.883, 44.414, 44.622, 44.477, 43.835, 42.89, 41.303, 39.787, 36.781, 34.034, 32.538, 31.686, 30.111, 29.728, 29.727, 25.021, 16.931, 10.21, 7.101, 0.0, 9.297, 15.586, 17.962, 18.906, 20.956, 23.378, 24.576, 24.974, 25.286, 25.796, 26.793, 27.248, 27.345, 27.24, 27.813, 27.502, 29.408, 32.026, 32.283, 32.738, 33.612, 34.565, 35.674, 37.931, 39.18, 39.957, 41.265, 42.86, 43.274, 46.656, 52.53, 57.041, 58.803, 59.003, 58.891, 59.771, 60.829, 60.286, 60.467, 61.17, 61.707], [56.182, 55.894, 55.403, 55.089, 55.214, 55.224, 54.834, 54.596, 55.418, 55.726, 52.54, 49.266, 49.169, 49.557, 49.689, 49.779, 49.55, 48.909, 48.603, 48.265, 47.246, 46.15, 46.191, 46.217, 46.105, 46.201, 46.777, 46.991, 47.216, 46.583, 45.523, 44.374, 43.062, 40.069, 37.356, 36.09, 35.309, 33.584, 33.124, 33.453, 29.567, 22.893, 17.49, 15.312, 9.297, 0.0, 7.966, 11.394, 12.766, 15.298, 18.247, 19.572, 20.285, 20.914, 21.637, 23.01, 23.751, 24.209, 24.221, 24.946, 24.938, 27.234, 29.525, 29.885, 30.494, 31.133, 32.006, 33.276, 35.737, 36.975, 37.858, 39.419, 41.124, 41.282, 44.6, 50.599, 55.384, 57.327, 57.819, 57.814, 58.641, 59.667, 59.145, 59.379, 60.03, 60.507], [55.752, 55.529, 55.223, 55.014, 55.082, 54.968, 54.498, 54.324, 55.203, 55.291, 52.523, 50.896, 51.936, 52.707, 52.904, 52.998, 52.762, 52.185, 51.805, 51.397, 50.554, 49.622, 49.565, 49.507, 49.325, 49.199, 49.788, 49.937, 50.295, 49.902, 48.935, 48.141, 47.089, 44.299, 41.697, 40.622, 39.682, 37.812, 37.284, 37.676, 33.919, 27.541, 22.5, 20.421, 15.586, 7.966, 0.0, 4.599, 7.144, 10.827, 14.603, 15.75, 16.612, 17.983, 18.84, 20.401, 21.523, 22.802, 23.804, 25.502, 26.089, 28.908, 30.987, 31.32, 32.183, 32.592, 33.203, 34.493, 36.829, 37.766, 38.701, 40.601, 42.447, 42.506, 45.868, 51.704, 56.449, 58.472, 59.093, 59.065, 59.846, 60.864, 60.407, 60.728, 61.31, 61.732], [55.534, 55.352, 55.139, 54.951, 55.0, 54.844, 54.398, 54.323, 55.24, 55.212, 52.451, 51.2, 52.688, 53.794, 54.111, 54.227, 53.986, 53.461, 53.105, 52.701, 51.963, 51.088, 51.005, 50.944, 50.683, 50.401, 50.984, 51.056, 51.375, 51.087, 50.216, 49.639, 48.757, 46.069, 43.467, 42.546, 41.681, 39.912, 39.409, 39.764, 35.868, 29.385, 24.449, 22.384, 17.962, 11.394, 4.599, 0.0, 3.683, 8.605, 12.955, 14.013, 14.838, 16.558, 17.517, 19.067, 20.249, 21.891, 23.513, 25.864, 26.67, 29.67, 31.768, 32.09, 33.086, 33.437, 33.926, 35.301, 37.652, 38.318, 39.089, 40.975, 42.846, 42.925, 46.494, 52.346, 56.969, 58.979, 59.685, 59.599, 60.361, 61.443, 61.061, 61.456, 62.011, 62.418], [55.106, 54.927, 54.743, 54.57, 54.613, 54.462, 54.049, 53.97, 54.866, 54.821, 52.102, 50.945, 52.455, 53.643, 54.105, 54.377, 54.223, 53.71, 53.333, 52.984, 52.335, 51.508, 51.465, 51.398, 51.076, 50.714, 51.291, 51.329, 51.612, 51.315, 50.497, 50.049, 49.279, 46.627, 44.005, 43.134, 42.304, 40.61, 40.147, 40.446, 36.483, 30.058, 25.226, 23.18, 18.906, 12.766, 7.144, 3.683, 0.0, 5.633, 10.477, 11.68, 12.62, 14.489, 15.588, 17.221, 18.403, 20.164, 22.02, 24.748, 25.705, 28.841, 31.061, 31.429, 32.439, 32.718, 33.135, 34.6, 37.017, 37.582, 38.334, 40.246, 42.138, 42.266, 46.07, 52.094, 56.731, 58.745, 59.449, 59.31, 60.068, 61.198, 60.908, 61.424, 61.998, 62.399], [54.639, 54.45, 54.318, 54.197, 54.222, 54.054, 53.647, 53.536, 54.412, 54.407, 51.881, 50.996, 52.501, 53.679, 54.283, 54.827, 54.888, 54.38, 53.964, 53.735, 53.183, 52.4, 52.402, 52.326, 51.949, 51.521, 52.089, 52.161, 52.44, 52.062, 51.283, 50.867, 50.101, 47.499, 44.951, 44.143, 43.312, 41.669, 41.215, 41.429, 37.556, 31.495, 26.962, 25.011, 20.956, 15.298, 10.827, 8.605, 5.633, 0.0, 5.324, 7.056, 8.517, 10.662, 12.21, 14.278, 15.593, 17.491, 19.586, 22.783, 24.091, 27.378, 29.768, 30.291, 31.261, 31.519, 31.972, 33.499, 35.862, 36.354, 37.221, 39.244, 41.187, 41.46, 45.494, 51.639, 56.33, 58.389, 59.057, 58.87, 59.608, 60.73, 60.534, 61.261, 61.947, 62.356], [54.446, 54.247, 54.172, 54.091, 54.083, 53.888, 53.471, 53.322, 54.173, 54.204, 51.884, 51.238, 52.708, 53.853, 54.544, 55.296, 55.564, 55.08, 54.637, 54.543, 54.08, 53.32, 53.334, 53.245, 52.819, 52.336, 52.885, 53.019, 53.331, 52.9, 52.151, 51.663, 50.836, 48.313, 45.89, 45.144, 44.272, 42.69, 42.261, 42.373, 38.669, 33.119, 29.003, 27.187, 23.378, 18.247, 14.603, 12.955, 10.477, 5.324, 0.0, 3.141, 5.951, 8.008, 9.901, 12.388, 13.892, 15.839, 18.224, 21.856, 23.435, 26.6, 29.041, 29.664, 30.557, 30.845, 31.388, 32.948, 35.157, 35.563, 36.604, 38.689, 40.637, 41.133, 45.311, 51.332, 55.959, 58.059, 58.722, 58.514, 59.234, 60.322, 60.153, 61.042, 61.878, 62.319], [54.608, 54.429, 54.451, 54.416, 54.394, 54.176, 53.735, 53.563, 54.365, 54.273, 51.987, 51.492, 52.978, 54.116, 54.803, 55.543, 55.839, 55.419, 54.955, 54.871, 54.522, 53.791, 53.733, 53.612, 53.143, 52.591, 53.13, 53.26, 53.634, 53.288, 52.573, 52.101, 51.291, 48.815, 46.419, 45.675, 44.695, 43.089, 42.658, 42.733, 39.064, 33.719, 29.87, 28.202, 24.576, 19.572, 15.75, 14.013, 11.68, 7.056, 3.141, 0.0, 4.309, 7.212, 9.215, 11.939, 13.699, 16.012, 18.813, 22.716, 24.373, 27.607, 29.945, 30.483, 31.404, 31.652, 32.153, 33.743, 35.844, 36.102, 37.083, 39.117, 41.084, 41.676, 45.865, 51.682, 56.139, 58.192, 58.886, 58.703, 59.417, 60.508, 60.35, 61.251, 62.088, 62.542], [56.019, 55.871, 55.908, 55.861, 55.863, 55.644, 55.206, 55.04, 55.807, 55.62, 53.18, 52.44, 53.789, 54.903, 55.534, 56.175, 56.389, 55.995, 55.669, 55.587, 55.239, 54.536, 54.449, 54.373, 53.896, 53.386, 53.916, 54.058, 54.386, 54.102, 53.43, 52.961, 52.145, 49.636, 47.22, 46.422, 45.411, 43.813, 43.321, 43.358, 39.642, 34.176, 30.302, 28.579, 24.974, 20.285, 16.612, 14.838, 12.62, 8.517, 5.951, 4.309, 0.0, 4.637, 7.853, 11.34, 13.176, 15.554, 18.725, 22.75, 24.599, 27.976, 30.442, 30.922, 31.937, 32.198, 32.739, 34.455, 36.658, 36.88, 37.684, 39.681, 41.765, 42.471, 46.765, 52.689, 57.105, 59.14, 59.87, 59.703, 60.411, 61.5, 61.347, 62.249, 63.064, 63.51], [56.439, 56.268, 56.27, 56.209, 56.215, 56.022, 55.626, 55.489, 56.284, 56.221, 53.773, 52.804, 54.019, 55.104, 55.764, 56.468, 56.729, 56.309, 56.048, 56.109, 55.756, 55.036, 54.981, 54.904, 54.416, 54.005, 54.532, 54.78, 55.15, 54.771, 54.051, 53.397, 52.468, 50.035, 47.773, 46.95, 45.828, 44.211, 43.756, 43.744, 40.179, 34.867, 30.829, 28.911, 25.286, 20.914, 17.983, 16.558, 14.489, 10.662, 8.008, 7.212, 4.637, 0.0, 5.112, 9.953, 11.922, 14.344, 17.623, 21.423, 23.304, 26.444, 28.966, 29.594, 30.61, 30.981, 31.745, 33.466, 35.634, 36.042, 37.159, 39.359, 41.473, 42.27, 46.511, 52.411, 56.941, 59.063, 59.774, 59.61, 60.334, 61.392, 61.2, 62.109, 62.97, 63.424], [55.728, 55.579, 55.618, 55.563, 55.54, 55.347, 54.936, 54.74, 55.521, 55.418, 52.924, 52.104, 53.489, 54.659, 55.413, 56.184, 56.458, 56.039, 55.726, 55.862, 55.807, 55.294, 55.254, 55.16, 54.603, 54.102, 54.622, 54.777, 55.154, 54.865, 54.145, 53.407, 52.453, 50.06, 47.831, 47.026, 45.792, 44.142, 43.748, 43.666, 40.062, 35.017, 31.246, 29.283, 25.796, 21.637, 18.84, 17.517, 15.588, 12.21, 9.901, 9.215, 7.853, 5.112, 0.0, 5.776, 8.338, 11.601, 15.703, 20.103, 22.145, 25.531, 28.052, 28.625, 29.742, 30.109, 30.815, 32.486, 34.51, 34.835, 36.141, 38.564, 40.701, 41.561, 45.926, 51.598, 56.063, 58.276, 59.0, 58.825, 59.57, 60.639, 60.399, 61.29, 62.182, 62.671], [54.679, 54.594, 54.651, 54.576, 54.546, 54.363, 53.894, 53.641, 54.423, 54.22, 51.632, 50.983, 52.588, 53.889, 54.743, 55.576, 55.829, 55.416, 55.051, 55.187, 55.414, 55.224, 55.291, 55.196, 54.578, 53.939, 54.44, 54.403, 54.68, 54.539, 53.87, 53.257, 52.495, 50.068, 47.707, 47.008, 45.989, 44.47, 44.096, 43.956, 40.213, 35.337, 32.025, 30.137, 26.793, 23.01, 20.401, 19.067, 17.221, 14.278, 12.388, 11.939, 11.34, 9.953, 5.776, 0.0, 4.194, 8.797, 13.78, 19.186, 21.555, 25.329, 27.83, 28.187, 29.387, 29.615, 29.979, 31.648, 33.663, 33.701, 34.758, 37.21, 39.337, 40.227, 44.935, 50.568, 54.893, 57.19, 57.993, 57.778, 58.549, 59.674, 59.452, 60.378, 61.314, 61.846], [54.766, 54.679, 54.667, 54.537, 54.508, 54.351, 53.873, 53.605, 54.411, 54.262, 51.638, 50.849, 52.383, 53.685, 54.591, 55.474, 55.738, 55.32, 54.946, 55.071, 55.309, 55.157, 55.329, 55.297, 54.674, 54.009, 54.493, 54.4, 54.606, 54.448, 53.818, 53.343, 52.72, 50.27, 47.835, 47.183, 46.419, 45.129, 44.788, 44.61, 40.755, 35.816, 32.548, 30.627, 27.248, 23.751, 21.523, 20.249, 18.403, 15.593, 13.892, 13.699, 13.176, 11.922, 8.338, 4.194, 0.0, 5.941, 12.019, 18.063, 20.515, 24.309, 26.902, 27.267, 28.5, 28.654, 28.972, 30.789, 33.003, 33.023, 33.935, 36.319, 38.455, 39.45, 44.528, 50.42, 54.784, 57.119, 57.954, 57.71, 58.497, 59.664, 59.458, 60.414, 61.39, 61.95], [54.762, 54.656, 54.521, 54.31, 54.293, 54.195, 53.719, 53.405, 54.246, 54.332, 51.706, 50.608, 51.918, 53.103, 54.023, 54.964, 55.266, 54.822, 54.463, 54.567, 54.673, 54.535, 54.889, 55.005, 54.477, 53.86, 54.302, 54.22, 54.399, 54.181, 53.583, 53.043, 52.313, 49.794, 47.361, 46.704, 46.143, 45.095, 44.818, 44.601, 40.781, 35.9, 32.642, 30.737, 27.345, 24.209, 22.802, 21.891, 20.164, 17.491, 15.839, 16.012, 15.554, 14.344, 11.601, 8.797, 5.941, 0.0, 7.47, 14.677, 17.527, 21.425, 24.234, 24.729, 25.903, 26.21, 26.844, 28.808, 31.182, 31.324, 32.303, 34.53, 36.557, 37.666, 43.008, 49.239, 53.764, 56.175, 56.99, 56.741, 57.534, 58.74, 58.512, 59.485, 60.585, 61.181], [54.353, 54.201, 53.911, 53.656, 53.693, 53.722, 53.265, 52.902, 53.803, 54.252, 51.814, 50.5, 51.527, 52.504, 53.4, 54.398, 54.729, 54.216, 53.856, 53.945, 53.791, 53.675, 54.311, 54.515, 54.262, 53.99, 54.387, 54.384, 54.706, 54.334, 53.578, 52.791, 51.833, 49.243, 46.894, 46.167, 45.705, 44.697, 44.4, 44.247, 40.73, 36.116, 32.774, 30.818, 27.24, 24.221, 23.804, 23.513, 22.02, 19.586, 18.224, 18.813, 18.725, 17.623, 15.703, 13.78, 12.019, 7.47, 0.0, 8.176, 11.99, 16.675, 19.798, 20.558, 21.656, 22.207, 23.387, 25.468, 28.009, 28.512, 29.795, 32.068, 33.974, 34.934, 40.062, 46.663, 51.638, 54.203, 54.966, 54.748, 55.584, 56.843, 56.608, 57.558, 58.76, 59.368], [55.473, 55.231, 54.74, 54.474, 54.586, 54.736, 54.349, 53.981, 54.93, 55.775, 53.594, 51.974, 52.555, 53.254, 54.072, 55.096, 55.463, 54.865, 54.543, 54.691, 54.218, 54.009, 54.872, 55.132, 55.151, 55.384, 55.769, 55.93, 56.522, 55.994, 55.019, 53.875, 52.613, 50.01