[[0.0, 3.012, 3.667, 6.594, 16.845, 22.762, 23.065, 23.488, 26.862, 30.534, 32.625, 33.834, 35.172, 35.519, 35.611, 37.118, 37.359, 37.507, 38.161, 38.407, 38.886, 40.197, 41.987, 43.615, 44.939, 46.054, 47.491, 47.525, 47.963, 49.677, 50.36, 50.62, 51.315, 52.25, 52.573, 52.341, 51.806, 51.209, 51.317, 51.254, 50.96, 52.024, 53.064, 53.891, 53.605, 52.411, 52.402, 53.507, 53.454, 53.085, 53.381, 54.124, 54.861, 55.818, 56.634, 56.147, 55.618, 55.314, 55.32, 56.505, 57.116, 56.92, 57.26, 57.864, 58.277, 58.764, 58.62, 58.246, 58.364, 58.466, 58.867, 59.713, 59.868, 59.25, 58.412, 57.056, 56.026, 55.606, 55.303, 54.631, 54.085, 53.999, 53.398, 51.569, 50.343, 50.105], [3.012, 0.0, 1.551, 5.552, 16.278, 22.378, 22.61, 22.979, 26.425, 30.185, 32.344, 33.651, 35.056, 35.376, 35.495, 37.085, 37.379, 37.596, 38.299, 38.525, 38.994, 40.353, 42.101, 43.672, 45.019, 46.221, 47.691, 47.704, 48.202, 49.987, 50.667, 50.931, 51.637, 52.582, 52.954, 52.766, 52.199, 51.604, 51.683, 51.608, 51.32, 52.338, 53.361, 54.162, 53.852, 52.63, 52.592, 53.743, 53.77, 53.419, 53.704, 54.432, 55.158, 56.123, 56.918, 56.41, 55.88, 55.549, 55.51, 56.627, 57.218, 57.032, 57.395, 58.006, 58.418, 58.905, 58.775, 58.46, 58.575, 58.657, 59.086, 59.947, 60.101, 59.482, 58.659, 57.209, 56.091, 55.672, 55.356, 54.676, 54.15, 54.033, 53.363, 51.461, 50.21, 50.01], [3.667, 1.551, 0.0, 5.512, 16.324, 22.333, 22.545, 22.92, 26.379, 30.168, 32.366, 33.727, 35.17, 35.514, 35.667, 37.267, 37.571, 37.793, 38.501, 38.723, 39.2, 40.589, 42.338, 43.907, 45.263, 46.475, 47.926, 47.939, 48.439, 50.21, 50.89, 51.158, 51.852, 52.778, 53.131, 52.937, 52.376, 51.783, 51.856, 51.783, 51.494, 52.499, 53.514, 54.309, 53.994, 52.775, 52.744, 53.902, 53.935, 53.59, 53.876, 54.594, 55.311, 56.276, 57.073, 56.563, 56.041, 55.716, 55.669, 56.775, 57.366, 57.178, 57.547, 58.171, 58.587, 59.083, 58.956, 58.627, 58.74, 58.819, 59.236, 60.092, 60.252, 59.631, 58.79, 57.32, 56.197, 55.781, 55.473, 54.797, 54.272, 54.146, 53.465, 51.553, 50.303, 50.096], [6.594, 5.552, 5.512, 0.0, 12.051, 18.975, 19.445, 20.493, 25.081, 29.392, 31.654, 32.858, 34.205, 34.533, 34.67, 36.304, 36.622, 36.867, 37.589, 37.804, 38.245, 39.696, 41.612, 43.257, 44.517, 45.696, 47.274, 47.212, 47.399, 48.897, 49.437, 49.697, 50.419, 51.326, 51.723, 51.631, 51.05, 50.714, 51.017, 50.959, 50.691, 51.688, 52.694, 53.456, 53.112, 51.916, 51.902, 53.092, 53.163, 52.829, 53.143, 53.889, 54.592, 55.59, 56.45, 55.948, 55.437, 55.198, 55.423, 56.811, 57.45, 57.231, 57.614, 58.312, 58.764, 59.257, 59.153, 58.883, 58.97, 59.031, 59.478, 60.276, 60.414, 59.821, 59.046, 57.636, 56.485, 56.115, 55.796, 55.138, 54.696, 54.651, 54.001, 52.018, 50.784, 50.663], [16.845, 16.278, 16.324, 12.051, 0.0, 8.466, 9.781, 13.729, 21.978, 27.659, 30.333, 31.658, 33.164, 33.694, 34.143, 36.055, 36.376, 36.509, 37.283, 37.456, 37.981, 39.873, 42.128, 43.96, 44.99, 45.861, 47.51, 47.402, 47.119, 48.014, 48.266, 48.525, 49.262, 50.161, 50.623, 50.725, 50.041, 49.858, 50.63, 50.729, 50.177, 50.848, 51.774, 52.365, 51.8, 50.453, 50.449, 51.894, 52.209, 51.954, 52.279, 53.072, 53.823, 54.974, 55.964, 55.39, 54.833, 54.655, 55.268, 57.099, 57.868, 57.547, 57.89, 58.769, 59.367, 59.946, 59.91, 59.896, 60.033, 60.054, 60.653, 61.491, 61.649, 61.151, 60.854, 59.716, 58.277, 57.901, 57.585, 57.021, 56.902, 56.902, 56.136, 54.155, 53.246, 53.274], [22.762, 22.378, 22.333, 18.975, 8.466, 0.0, 4.448, 12.07, 21.826, 28.039, 31.009, 32.57, 34.311, 35.124, 35.838, 37.857, 38.218, 38.236, 39.001, 39.186, 39.854, 41.964, 44.2, 46.087, 46.992, 47.466, 48.892, 48.875, 48.506, 49.011, 49.076, 49.34, 50.019, 50.816, 51.219, 51.286, 50.547, 50.239, 51.126, 51.436, 50.631, 50.94, 51.76, 52.185, 51.413, 49.93, 49.957, 51.59, 52.061, 51.889, 52.281, 53.112, 53.88, 55.098, 56.17, 55.559, 54.991, 54.875, 55.64, 57.651, 58.525, 58.156, 58.482, 59.491, 60.224, 60.885, 60.857, 60.95, 61.167, 61.199, 61.871, 62.761, 62.951, 62.477, 62.445, 61.592, 60.095, 59.694, 59.375, 58.844, 58.861, 58.832, 58.012, 56.064, 55.299, 55.349], [23.065, 22.61, 22.545, 19.445, 9.781, 4.448, 0.0, 8.962, 19.765, 26.486, 29.724, 31.488, 33.338, 34.137, 34.903, 36.99, 37.354, 37.414, 38.192, 38.311, 38.969, 41.214, 43.428, 45.23, 46.177, 46.745, 48.194, 48.175, 48.061, 48.903, 49.193, 49.614, 50.413, 51.35, 51.744, 51.77, 51.044, 50.755, 51.592, 51.918, 51.254, 51.635, 52.471, 52.932, 52.207, 50.705, 50.669, 52.254, 52.698, 52.508, 52.861, 53.632, 54.357, 55.515, 56.527, 55.888, 55.264, 55.078, 55.733, 57.61, 58.475, 58.166, 58.505, 59.494, 60.196, 60.878, 60.883, 60.974, 61.19, 61.253, 61.956, 62.841, 63.013, 62.562, 62.629, 61.772, 60.207, 59.812, 59.447, 58.912, 58.922, 58.864, 58.028, 56.109, 55.394, 55.481], [23.488, 22.979, 22.92, 20.493, 13.729, 12.07, 8.962, 0.0, 12.248, 20.395, 24.46, 26.819, 28.999, 29.738, 30.745, 33.097, 33.458, 33.619, 34.474, 34.591, 35.307, 37.89, 40.39, 42.123, 43.026, 43.83, 45.36, 45.425, 46.086, 47.876, 48.813, 49.691, 50.922, 52.247, 52.698, 52.661, 51.996, 51.73, 52.523, 52.785, 52.27, 52.886, 53.84, 54.527, 54.107, 52.722, 52.59, 54.016, 54.277, 53.951, 54.113, 54.73, 55.378, 56.375, 57.222, 56.489, 55.737, 55.399, 55.643, 57.058, 57.87, 57.693, 57.982, 58.841, 59.448, 60.099, 60.13, 60.242, 60.453, 60.557, 61.286, 62.157, 62.307, 61.907, 62.103, 61.137, 59.456, 59.056, 58.623, 58.077, 58.047, 57.97, 57.128, 55.421, 54.824, 54.949], [26.862, 26.425, 26.379, 25.081, 21.978, 21.826, 19.765, 12.248, 0.0, 9.888, 15.897, 20.139, 23.323, 24.193, 26.031, 28.8, 29.155, 29.672, 30.619, 30.752, 31.483, 34.463, 37.47, 39.25, 40.073, 41.015, 42.507, 42.818, 44.804, 47.953, 49.76, 51.174, 52.919, 54.659, 55.15, 55.038, 54.482, 54.18, 54.894, 55.099, 54.526, 55.221, 56.377, 57.517, 57.473, 56.091, 55.81, 57.066, 57.031, 56.571, 56.511, 56.869, 57.455, 58.337, 59.037, 58.17, 57.205, 56.631, 56.144, 56.773, 57.497, 57.523, 57.755, 58.395, 58.875, 59.449, 59.485, 59.612, 59.807, 59.953, 60.67, 61.534, 61.691, 61.35, 61.696, 60.539, 58.752, 58.373, 57.836, 57.359, 57.202, 57.063, 56.232, 54.945, 54.533, 54.649], [30.534, 30.185, 30.168, 29.392, 27.659, 28.039, 26.486, 20.395, 9.888, 0.0, 7.73, 14.648, 19.484, 20.962, 23.707, 26.792, 27.299, 28.277, 29.179, 28.943, 29.487, 32.878, 36.346, 38.277, 39.159, 40.3, 41.741, 42.141, 44.912, 48.64, 50.739, 52.37, 54.492, 56.597, 57.124, 56.983, 56.477, 56.097, 56.655, 56.759, 55.975, 56.533, 57.863, 59.513, 59.856, 58.559, 58.219, 59.371, 59.23, 58.774, 58.602, 58.777, 59.315, 60.219, 60.9, 59.958, 58.864, 58.158, 57.18, 57.272, 58.035, 58.256, 58.45, 58.975, 59.384, 59.924, 59.993, 60.111, 60.234, 60.377, 61.1, 61.941, 62.111, 61.823, 62.326, 60.997, 59.027, 58.683, 58.11, 57.706, 57.48, 57.329, 56.502, 55.443, 55.133, 55.242], [32.625, 32.344, 32.366, 31.654, 30.333, 31.009, 29.724, 24.46, 15.897, 7.73, 0.0, 8.651, 15.12, 17.628, 20.848, 24.089, 25.083, 26.588, 27.445, 26.794, 27.248, 31.509, 35.812, 37.941, 38.772, 40.107, 41.599, 41.998, 44.734, 48.038, 49.887, 51.592, 54.043, 56.436, 56.943, 56.719, 56.202, 55.785, 56.198, 56.181, 55.165, 55.586, 56.972, 59.008, 59.885, 59.073, 58.942, 59.999, 59.84, 59.404, 59.143, 59.227, 59.643, 60.516, 61.197, 60.199, 59.11, 58.473, 57.419, 57.506, 58.511, 58.864, 59.014, 59.587, 60.039, 60.592, 60.69, 60.78, 60.829, 60.974, 61.707, 62.458, 62.581, 62.342, 63.004, 61.585, 59.388, 59.035, 58.542, 58.165, 57.889, 57.807, 57.077, 56.14, 55.835, 56.017], [33.834, 33.651, 33.727, 32.858, 31.658, 32.57, 31.488, 26.819, 20.139, 14.648, 8.651, 0.0, 7.617, 11.633, 15.13, 18.35, 20.072, 22.232, 23.092, 22.311, 22.939, 28.385, 33.995, 36.487, 37.181, 38.671, 40.299, 40.744, 43.119, 45.671, 47.151, 48.962, 51.766, 54.345, 54.762, 54.418, 53.927, 53.587, 53.974, 53.874, 52.755, 53.267, 54.716, 56.993, 58.392, 58.308, 58.625, 59.53, 59.256, 58.79, 58.45, 58.524, 58.836, 59.626, 60.277, 59.18, 58.106, 57.646, 56.777, 57.245, 58.56, 58.984, 59.107, 59.758, 60.279, 60.827, 60.856, 60.872, 60.887, 61.085, 61.801, 62.378, 62.387, 62.195, 62.972, 61.575, 59.296, 58.931, 58.556, 58.175, 57.778, 57.78, 57.292, 56.504, 56.153, 56.433], [35.172, 35.056, 35.17, 34.205, 33.164, 34.311, 33.338, 28.999, 23.323, 19.484, 15.12, 7.617, 0.0, 5.64, 10.047, 13.298, 15.381, 18.014, 18.944, 18.497, 19.276, 25.306, 32.028, 34.957, 35.677, 37.36, 39.125, 39.628, 41.923, 44.404, 45.9, 47.814, 50.827, 53.462, 53.842, 53.499, 53.107, 52.946, 53.46, 53.331, 52.325, 53.154, 54.705, 57.025, 58.558, 58.81, 59.427, 60.181, 59.692, 59.109, 58.695, 58.783, 59.098, 59.856, 60.472, 59.295, 58.146, 57.73, 56.971, 57.657, 59.026, 59.442, 59.539, 60.123, 60.606, 61.134, 61.066, 61.007, 61.008, 61.247, 61.934, 62.356, 62.265, 62.13, 62.981, 61.673, 59.443, 59.081, 58.763, 58.387, 57.853, 57.894, 57.618, 56.986, 56.642, 56.962], [35.519, 35.376, 35.514, 34.533, 33.694, 35.124, 34.137, 29.738, 24.193, 20.962, 17.628, 11.633, 5.64, 0.0, 6.403, 10.748, 12.469, 15.179, 16.293, 16.382, 17.25, 22.917, 30.027, 33.282, 34.234, 36.177, 38.1, 38.616, 41.126, 44.136, 45.924, 47.825, 50.774, 53.39, 53.869, 53.653, 53.347, 53.326, 53.985, 53.871, 53.087, 54.241, 55.868, 58.11, 59.541, 59.706, 60.28, 61.007, 60.468, 59.765, 59.304, 59.435, 59.825, 60.593, 61.187, 60.06, 58.882, 58.409, 57.654, 58.285, 59.464, 59.831, 59.921, 60.335, 60.709, 61.236, 61.119, 61.02, 60.995, 61.224, 61.896, 62.267, 62.146, 62.037, 62.847, 61.515, 59.267, 58.891, 58.564, 58.176, 57.596, 57.634, 57.406, 56.811, 56.49, 56.798], [35.611, 35.495, 35.667, 34.67, 34.143, 35.838, 34.903, 30.745, 26.031, 23.707, 20.848, 15.13, 10.047, 6.403, 0.0, 5.624, 8.355, 11.753, 13.08, 13.303, 14.596, 20.045, 27.033, 30.164, 31.152, 33.425, 35.573, 36.173, 38.695, 41.63, 43.281, 45.1, 48.039, 50.658, 51.124, 50.885, 50.605, 50.674, 51.422, 51.333, 50.718, 52.086, 53.751, 56.042, 57.675, 58.156, 58.876, 59.575, 59.244, 58.677, 58.248, 58.482, 58.882, 59.611, 60.143, 59.086, 58.043, 57.711, 57.172, 58.035, 59.273, 59.65, 59.752, 60.123, 60.504, 61.014, 60.832, 60.659, 60.636, 60.899, 61.534, 61.861, 61.707, 61.521, 61.987, 60.549, 58.456, 58.085, 57.77, 57.336, 56.647, 56.666, 56.47, 55.818, 55.399, 55.696], [37.118, 37.085, 37.267, 36.304, 36.055, 37.857, 36.99, 33.097, 28.8, 26.792, 24.089, 18.35, 13.298, 10.748, 5.624, 0.0, 5.186, 9.866, 11.331, 11.847, 13.38, 18.624, 25.532, 28.408, 29.249, 31.789, 34.096, 34.82, 37.351, 40.134, 41.722, 43.663, 46.791, 49.414, 49.729, 49.369, 49.113, 49.26, 50.052, 49.975, 49.441, 50.907, 52.581, 54.961, 56.804, 57.628, 58.608, 59.254, 59.003, 58.674, 58.323, 58.574, 58.899, 59.532, 60.003, 58.873, 57.812, 57.576, 57.138, 58.172, 59.577, 60.003, 60.086, 60.448, 60.843, 61.312, 61.049, 60.788, 60.777, 61.128, 61.755, 62.011, 61.79, 61.555, 61.839, 60.409, 58.519, 58.185, 57.84, 57.394, 56.515, 56.469, 56.326, 55.684, 55.186, 55.447], [37.359, 37.379, 37.571, 36.622, 36.376, 38.218, 37.354, 33.458, 29.155, 27.299, 25.083, 20.072, 15.381, 12.469, 8.355, 5.186, 0.0, 5.511, 7.614, 9.467, 11.722, 16.054, 23.159, 26.528, 27.564, 30.144, 32.546, 33.306, 36.01, 39.337, 41.361, 43.425, 46.529, 49.163, 49.548, 49.291, 49.104, 49.306, 50.209, 50.172, 49.735, 51.368, 53.087, 55.38, 57.089, 57.784, 58.761, 59.473, 59.199, 58.874, 58.598, 58.89, 59.233, 59.822, 60.286, 59.113, 57.956, 57.647, 57.195, 58.234, 59.547, 59.947, 60.035, 60.317, 60.615, 61.065, 60.763, 60.48, 60.477, 60.824, 61.467, 61.714, 61.475, 61.244, 61.539, 60.204, 58.367, 58.041, 57.663, 57.194, 56.231, 56.131, 56.001, 55.356, 54.854, 55.037], [37.507, 37.596, 37.793, 36.867, 36.509, 38.236, 37.414, 33.619, 29.672, 28.277, 26.588, 22.232, 18.014, 15.179, 11.753, 9.866, 5.511, 0.0, 3.543, 7.859, 11.13, 14.176, 21.265, 25.228, 26.42, 28.658, 30.894, 31.719, 34.463, 38.045, 40.303, 42.378, 45.385, 48.023, 48.531, 48.382, 48.273, 48.496, 49.485, 49.496, 49.145, 50.98, 52.781, 54.98, 56.555, 57.165, 58.162, 58.953, 58.692, 58.293, 58.067, 58.477, 58.883, 59.461, 59.93, 58.73, 57.543, 57.208, 56.77, 57.869, 59.121, 59.477, 59.56, 59.812, 60.049, 60.499, 60.179, 59.884, 59.908, 60.225, 60.864, 61.118, 60.892, 60.663, 60.962, 59.748, 57.935, 57.592, 57.243, 56.739, 55.71, 55.575, 55.49, 54.881, 54.39, 54.517], [38.161, 38.299, 38.501, 37.589, 37.283, 39.001, 38.192, 34.474, 30.619, 29.179, 27.445, 23.092, 18.944, 16.293, 13.08, 11.331, 7.614, 3.543, 0.0, 5.927, 9.897, 12.667, 20.088, 24.395, 25.636, 27.676, 29.808, 30.714, 33.548, 37.208, 39.526, 41.629, 44.682, 47.427, 47.998, 47.849, 47.776, 48.04, 49.094, 49.137, 48.841, 50.803, 52.706, 54.972, 56.573, 57.192, 58.208, 59.001, 58.721, 58.292, 58.069, 58.529, 59.009, 59.608, 60.066, 58.89, 57.705, 57.369, 56.946, 58.132, 59.433, 59.78, 59.863, 60.112, 60.337, 60.764, 60.45, 60.143, 60.168, 60.49, 61.122, 61.376, 61.141, 60.9, 61.169, 59.977, 58.2, 57.857, 57.522, 57.016, 55.968, 55.824, 55.763, 55.175, 54.683, 54.8], [38.407, 38.525, 38.723, 37.804, 37.456, 39.186, 38.311, 34.591, 30.752, 28.943, 26.794, 22.311, 18.497, 16.382, 13.303, 11.847, 9.467, 7.859, 5.927, 0.0, 5.237, 10.69, 18.525, 22.803, 24.297, 26.641, 28.813, 29.65, 32.648, 36.376, 38.724, 40.86, 44.02, 46.952, 47.5, 47.302, 47.206, 47.483, 48.564, 48.564, 48.222, 50.229, 52.232, 54.683, 56.42, 57.051, 58.002, 58.768, 58.546, 58.184, 57.912, 58.301, 58.802, 59.526, 60.025, 58.916, 57.811, 57.48, 57.081, 58.307, 59.686, 60.048, 60.192, 60.525, 60.761, 61.178, 60.897, 60.605, 60.618, 60.938, 61.601, 61.888, 61.631, 61.413, 61.759, 60.499, 58.662, 58.336, 57.997, 57.503, 56.538, 56.417, 56.231, 55.512, 55.02, 55.199], [38.886, 38.994, 39.2, 38.245, 37.981, 39.854, 38.969, 35.307, 31.483, 29.487, 27.248, 22.939, 19.276, 17.25, 14.596, 13.38, 11.722, 11.13, 9.897, 5.237, 0.0, 9.436, 18.051, 22.121, 23.801, 26.524, 28.765, 29.395, 32.463, 36.527, 39.183, 41.388, 44.569, 47.545, 48.073, 47.932, 47.898, 48.287, 49.465, 49.39, 49.129, 51.318, 53.361, 55.853, 57.581, 58.118, 58.944, 59.616, 59.323, 58.945, 58.601, 58.877, 59.317, 60.094, 60.705, 59.665, 58.55, 58.155, 57.741, 58.902, 60.198, 60.556, 60.74, 61.053, 61.219, 61.637, 61.369, 61.047, 61.039, 61.345, 62.019, 62.311, 62.016, 61.851, 62.331, 61.032, 59.096, 58.786, 58.413, 57.935, 56.944, 56.828, 56.583, 55.788, 55.314, 55.56], [40.197, 40.353, 40.589, 39.696, 39.873, 41.964, 41.214, 37.89, 34.463, 32.878, 31.509, 28.385, 25.306, 22.917, 20.045, 18.624, 16.054, 14.176, 12.667, 10.69, 9.436, 0.0, 10.763, 17.472, 20.437, 23.314, 25.865, 26.519, 29.772, 35.072, 38.52, 40.684, 43.629, 46.57, 47.319, 47.368, 47.512, 48.162, 49.648, 49.715, 49.974, 52.685, 54.832, 57.204, 58.675, 58.931, 59.642, 60.353, 60.138, 59.822, 59.604, 59.98, 60.49, 61.231, 61.867, 60.943, 59.77, 59.288, 58.977, 60.262, 61.363, 61.661, 61.872, 61.942, 61.937, 62.26, 61.888, 61.477, 61.497, 61.819, 62.426, 62.658, 62.312, 62.019, 61.951, 60.627, 59.123, 58.857, 58.359, 57.814, 56.638, 56.403, 56.134, 55.245, 54.661, 54.793], [41.987, 42.101, 42.338, 41.612, 42.128, 44.2, 43.428, 40.39, 37.47, 36.346, 35.812, 33.995, 32.028, 30.027, 27.033, 25.532, 23.159, 21.265, 20.088, 18.525, 18.051, 10.763, 0.0, 9.598, 14.984, 18.97, 21.796, 22.402, 26.654, 33.469, 37.501, 39.578, 42.191, 45.014, 45.816, 45.973, 46.285, 47.177, 48.91, 49.145, 49.76, 52.743, 55.001, 57.342, 58.638, 58.639, 59.154, 59.887, 59.895, 59.819, 59.807, 60.29, 60.918, 61.755, 62.374, 61.582, 60.521, 60.047, 59.806, 61.027, 62.027, 62.328, 62.558, 62.512, 62.423, 62.682, 62.234, 61.742, 61.78, 62.104, 62.703, 62.945, 62.565, 62.171, 61.628, 60.135, 59.009, 58.852, 58.223, 57.605, 56.289, 55.905, 55.454, 54.211, 53.426, 53.431], [43.615, 43.672, 43.907, 43.257, 43.96, 46.087, 45.23, 42.123, 39.25, 38.277, 37.941, 36.487, 34.957, 33.282, 30.164, 28.408, 26.528, 25.228, 24.395, 22.803, 22.121, 17.472, 9.598, 0.0, 7.961, 15.557, 19.099, 19.688, 25.376, 32.862, 36.942, 39.127, 41.745, 44.472, 45.08, 45.227, 45.632, 46.714, 48.574, 48.804, 49.408, 52.36, 54.644, 57.047, 58.422, 58.465, 58.874, 59.517, 59.605, 59.671, 59.702, 60.17, 60.809, 61.697, 62.286, 61.594, 60.712, 60.375, 60.137, 61.037, 61.976, 62.34, 62.512, 62.454, 62.367, 62.609, 62.163, 61.651, 61.67, 62.003, 62.617, 62.887, 62.499, 62.137, 61.643, 59.991, 58.835, 58.755, 58.095, 57.489, 56.06, 55.647, 55.132, 53.678, 52.791, 52.816], [44.939, 45.019, 45.263, 44.517, 44.99, 46.992, 46.177, 43.026, 40.073, 39.159, 38.772, 37.181, 35.677, 34.234, 31.152, 29.249, 27.564, 26.42, 25.636, 24.297, 23.801, 20.437, 14.984, 7.961, 0.0, 10.412, 15.119, 16.026, 22.454, 30.081, 34.134, 36.414, 39.19, 42.062, 42.733, 43.022, 43.445, 44.641, 46.639, 46.849, 47.402, 50.372, 52.669, 55.114, 56.574, 56.669, 57.082, 57.765, 57.897, 58.028, 58.093, 58.589, 59.27, 60.164, 60.713, 59.99, 59.117, 58.93, 59.02, 60.188, 61.207, 61.562, 61.693, 61.668, 61.617, 61.858, 61.455, 61.044, 61.08, 61.409, 62.059, 62.364, 62.001, 61.648, 61.264, 59.681, 58.508, 58.436, 57.836, 57.299, 55.87, 55.508, 55.041, 53.633, 52.766, 52.813], [46.054, 46.221, 46.475, 45.696, 45.861, 47.466, 46.745, 43.83, 41.015, 40.3, 40.107, 38.671, 37.36, 36.177, 33.425, 31.789, 30.144, 28.658, 27.676, 26.641, 26.524, 23.314, 18.97, 15.557, 10.412, 0.0, 6.227, 8.466, 15.441, 23.97, 28.811, 31.274, 34.08, 37.34, 38.606, 39.233, 39.73, 40.92, 42.966, 43.212, 43.927, 47.232, 49.622, 52.082, 53.485, 53.376, 53.736, 54.62, 54.806, 54.927, 55.084, 55.689, 56.53, 57.448, 57.959, 57.142, 56.127, 55.946, 56.627, 58.93, 60.244, 60.505, 60.721, 60.747, 60.681, 60.938, 60.572, 60.229, 60.296, 60.581, 61.251, 61.613, 61.29, 60.916, 60.556, 59.222, 58.16, 58.048, 57.528, 57.038, 55.694, 55.349, 54.951, 53.703, 52.929, 52.974], [47.491, 47.691, 47.926, 47.274, 47.51, 48.892, 48.194, 45.36, 42.507, 41.741, 41.599, 40.299, 39.125, 38.1, 35.573, 34.096, 32.546, 30.894, 29.808, 28.813, 28.765, 25.865, 21.796, 19.099, 15.119, 6.227, 0.0, 5.006, 13.382, 22.382, 27.605, 30.204, 33.111, 36.625, 38.191, 38.872, 39.456, 40.515, 42.373, 42.617, 43.374, 46.782, 49.259, 51.786, 53.192, 53.038, 53.403, 54.361, 54.561, 54.661, 54.864, 55.528, 56.435, 57.378, 57.875, 56.995, 55.94, 55.749, 56.486, 59.087, 60.547, 60.802, 61.057, 61.111, 61.044, 61.323, 60.968, 60.598, 60.651, 60.92, 61.578, 61.933, 61.62, 61.242, 60.876, 59.655, 58.665, 58.54, 58.051, 57.564, 56.236, 55.879, 55.525, 54.338, 53.586, 53.638], [47.525, 47.704, 47.939, 47.212, 47.402, 48.875, 48.175, 45.425, 42.818, 42.141, 41.998, 40.744, 39.628, 38.616, 36.173, 34.82, 33.306, 31.719, 30.714, 29.65, 29.395, 26.519, 22.402, 19.688, 16.026, 8.466, 5.006, 0.0, 10.62, 21.06, 26.943, 29.752, 32.779, 36.492, 38.268, 39.092, 39.707, 40.872, 42.672, 42.793, 43.598, 47.14, 49.67, 52.228, 53.616, 53.436, 53.757, 54.749, 54.998, 55.086, 55.308, 55.961, 56.861, 57.86, 58.43, 57.595, 56.561, 56.37, 57.24, 59.917, 61.28, 61.534, 61.861, 61.922, 61.824, 62.123, 61.817, 61.46, 61.447, 61.66, 62.305, 62.636, 62.325, 61.974, 61.626, 60.345, 59.332, 59.223, 58.694, 58.204, 56.897, 56.548, 56.141, 54.852, 54.093, 54.147], [47.963, 48.202, 48.439, 47.399, 47.119, 48.506, 48.061, 46.086, 44.804, 44.912, 44.734, 43.119, 41.923, 41.126, 38.695, 37.351, 36.01, 34.463, 33.548, 32.648, 32.463, 29.772, 26.654, 25.376, 22.454, 15.441, 13.382, 10.62, 0.0, 12.476, 20.253, 23.684, 26.846, 30.972, 33.433, 34.713, 35.458, 36.958, 38.937, 38.928, 39.901, 43.948, 46.483, 48.909, 50.308, 50.283, 50.803, 52.003, 52.51, 52.758, 53.143, 53.933, 54.841, 55.874, 56.521, 55.782, 54.887, 54.915, 56.646, 60.593, 62.235, 62.329, 62.897, 63.187, 63.136, 63.427, 63.107, 62.742, 62.697, 62.834, 63.417, 63.694, 63.365, 63.013, 62.607, 61.482, 60.589, 60.44, 59.959, 59.48, 58.25, 57.963, 57.584, 56.239, 55.501, 55.547], [49.677, 49.987, 50.21, 48.897, 48.014, 49.011, 48.903, 47.876, 47.953, 48.64, 48.038, 45.671, 44.404, 44.136, 41.63, 40.134, 39.337, 38.045, 37.208, 36.376, 36.527, 35.072, 33.469, 32.862, 30.081, 23.97, 22.382, 21.06, 12.476, 0.0, 9.433, 14.177, 18.649, 23.739, 26.543, 27.896, 28.63, 30.31, 32.414, 32.308, 33.182, 37.608, 40.138, 42.525, 44.313, 45.025, 46.143, 47.574, 48.466, 49.056, 49.666, 50.647, 51.437, 52.433, 53.144, 52.455, 51.827, 52.389, 55.113, 60.357, 62.622, 62.61, 63.226, 63.935, 64.17, 64.505, 64.173, 63.783, 63.763, 63.893, 64.435, 64.69, 64.346, 63.957, 63.504, 62.574, 61.756, 61.585, 61.298, 60.859, 59.722, 59.559, 59.325, 57.967, 57.206, 57.326], [50.36, 50.667, 50.89, 49.437, 48.266, 49.076, 49.193, 48.813, 49.76, 50.739, 49.887, 47.151, 45.9, 45.924, 43.281, 41.722, 41.361, 40.303, 39.526, 38.724, 39.183, 38.52, 37.501, 36.942, 34.134, 28.811, 27.605, 26.943, 20.253, 9.433, 0.0, 6.371, 13.106, 19.212, 21.883, 22.748, 23.183, 24.851, 27.055, 27.099, 27.896, 32.3, 34.839, 37.242, 39.306, 40.623, 42.233, 43.763, 44.971, 45.871, 46.72, 47.924, 48.656, 49.661, 50.411, 49.77, 49.412, 50.427, 53.694, 59.409, 62.01, 62.016, 62.581, 63.55, 64.108, 64.507, 64.203, 63.834, 63.863, 64.03, 64.543, 64.819, 64.502, 63.989, 63.244, 62.375, 61.73, 61.576, 61.433, 61.026, 59.97, 59.921, 59.78, 58.331, 57.452, 57.613], [50.62, 50.931, 51.158, 49.697, 48.525, 49.34, 49.614, 49.691, 51.174, 52.37, 51.592, 48.962, 47.814, 47.825, 45.1, 43.663, 43.425, 42.378, 41.629, 40.86, 41.388, 40.684, 39.578, 39.127, 36.414, 31.274, 30.204, 29.752, 23.684, 14.177, 6.371, 0.0, 8.094, 15.279, 18.504, 19.501, 19.889, 21.769, 24.558, 24.875, 25.956, 30.628, 33.138, 35.357, 37.296, 38.65, 40.328, 41.919, 43.318, 44.324, 45.306, 46.679, 47.516, 48.657, 49.494, 48.987, 48.83, 49.995, 53.508, 59.404, 62.019, 61.977, 62.557, 63.579, 64.235, 64.678, 64.399, 64.052, 64.098, 64.224, 64.687, 64.976, 64.67, 64.057, 62.965, 62.033, 61.549, 61.393, 61.334, 60.937, 59.928, 59.916, 59.756, 58.222, 57.267, 57.411], [51.315, 51.637, 51.852, 50.419, 49.262, 50.019, 50.413, 50.922, 52.919, 54.492, 54.043, 51.766, 50.827, 50.774, 48.039, 46.791, 46.529, 45.385, 44.682, 44.02, 44.569, 43.629, 42.191, 41.745, 39.19, 34.08, 33.111, 32.779, 26.846, 18.649, 13.106, 8.094, 0.0, 8.498, 13.512, 15.716, 16.484, 18.795, 22.476, 23.235, 24.886, 30.021, 32.401, 34.094, 35.677, 36.925, 38.56, 40.222, 41.848, 42.914, 44.017, 45.563, 46.569, 47.873, 48.755, 48.444, 48.581, 49.854, 53.647, 59.742, 62.236, 62.092, 62.754, 63.802, 64.439, 64.871, 64.626, 64.323, 64.382, 64.417, 64.823, 65.137, 64.86, 64.163, 62.704, 61.661, 61.325, 61.144, 61.141, 60.732, 59.776, 59.775, 59.612, 58.091, 57.115, 57.227], [52.25, 52.582, 52.778, 51.326, 50.161, 50.816, 51.35, 52.247, 54.659, 56.597, 56.436, 54.345, 53.462, 53.39, 50.658, 49.414, 49.163, 48.023, 47.427, 46.952, 47.545, 46.57, 45.014, 44.472, 42.062, 37.34, 36.625, 36.492, 30.972, 23.739, 19.212, 15.279, 8.498, 0.0, 7.398, 11.693, 12.987, 15.886, 20.407, 21.614, 23.689, 29.043, 31.169, 32.281, 33.585, 34.938, 36.656, 38.245, 40.001, 41.19, 42.401, 44.068, 45.138, 46.506, 47.385, 47.198, 47.614, 49.063, 53.097, 59.299, 61.74, 61.548, 62.269, 63.384, 64.042, 64.442, 64.182, 63.929, 64.056, 64.059, 64.441, 64.782, 64.52, 63.776, 62.077, 60.993, 60.8, 60.618, 60.655, 60.227, 59.251, 59.259, 59.158, 57.673, 56.671, 56.771], [52.573, 52.954, 53.131, 51.723, 50.623, 51.219, 51.744, 52.698, 55.15, 57.124, 56.943, 54.762, 53.842, 53.869, 51.124, 49.729, 49.548, 48.531, 47.998, 47.5, 48.073, 47.319, 45.816, 45.08, 42.733, 38.606, 38.191, 38.268, 33.433, 26.543, 21.883, 18.504, 13.512, 7.398, 0.0, 6.364, 8.874, 12.814, 18.457, 20.067, 22.243, 27.565, 29.601, 30.685, 32.216, 34.059, 36.05, 37.357, 38.992, 40.385, 41.628, 43.219, 44.122, 45.402, 46.291, 46.109, 46.627, 48.235, 52.204, 58.201, 60.763, 60.703, 61.38, 62.565, 63.316, 63.732, 63.397, 63.053, 63.349, 63.481, 63.831, 64.16, 63.847, 63.056, 61.309, 60.295, 60.218, 60.088, 60.154, 59.706, 58.536, 58.501, 58.461, 56.921, 55.861, 55.981], [52.341, 52.766, 52.937, 51.631, 50.725, 51.286, 51.77, 52.661, 55.038, 56.983, 56.719, 54.418, 53.499, 53.653, 50.885, 49.369, 49.291, 48.382, 47.849, 47.302, 47.932, 47.368, 45.973, 45.227, 43.022, 39.233, 38.872, 39.092, 34.713, 27.896, 22.748, 19.501, 15.716, 11.693, 6.364, 0.0, 4.329, 9.68, 16.131, 18.357, 20.896, 26.283, 28.397, 29.682, 31.471, 33.756, 36.201, 37.497, 39.104, 40.653, 41.958, 43.569, 44.324, 45.439, 46.296, 46.129, 46.677, 48.359, 52.122, 57.862, 60.505, 60.533, 61.154, 62.361, 63.233, 63.664, 63.293, 62.85, 63.222, 63.565, 63.881, 64.16, 63.819, 62.966, 61.041, 60.125, 60.235, 60.113, 60.19, 59.714, 58.389, 58.268, 58.259, 56.661, 55.505, 55.589], [51.806, 52.199, 52.376, 51.05, 50.041, 50.547, 51.044, 51.996, 54.482, 56.477, 56.202, 53.927, 53.107, 53.347, 50.605, 49.113, 49.104, 48.273, 47.776, 47.206, 47.898, 47.512, 46.285, 45.632, 43.445, 39.73, 39.456, 39.707, 35.458, 28.63, 23.183, 19.889, 16.484, 12.987, 8.874, 4.329, 0.0, 6.794, 13.878, 16.414, 19.197, 24.771, 26.94, 28.268, 30.089, 32.459, 35.124, 36.622, 38.399, 40.086, 41.525, 43.248, 44.01, 45.097, 45.939, 45.787, 46.351, 48.057, 51.827, 57.539, 60.177, 60.167, 60.765, 61.997, 62.915, 63.355, 63.034, 62.699, 63.072, 63.438, 63.844, 64.218, 63.926, 63.059, 61.117, 60.24, 60.354, 60.218, 60.324, 59.84, 58.607, 58.497, 58.455, 56.816, 55.618, 55.662], [51.209, 51.604, 51.783, 50.714, 49.858, 50.239, 50.755, 51.73, 54.18, 56.097, 55.785, 53.587, 52.946, 53.326, 50.674, 49.26, 49.306, 48.496, 48.04, 47.483, 48.287, 48.162, 47.177, 46.714, 44.641, 40.92, 40.515, 40.872, 36.958, 30.31, 24.851, 21.769, 18.795, 15.886, 12.814, 9.68, 6.794, 0.0, 8.392, 11.796, 14.891, 21.123, 23.515, 24.911, 26.879, 29.446, 32.435, 34.199, 36.18, 38.081, 39.778, 41.722, 42.573, 43.656, 44.436, 44.243, 44.886, 46.643, 50.346, 56.104, 58.845, 58.818, 59.399, 60.661, 61.643, 62.098, 61.785, 61.547, 61.994, 62.328, 62.829, 63.477, 63.342, 62.437, 60.498, 59.649, 59.716, 59.509, 59.683, 59.184, 58.076, 57.984, 57.951, 56.373, 55.152, 55.106], [51.317, 51.683, 51.856, 51.017, 50.63, 51.126, 51.592, 52.523, 54.894, 56.655, 56.198, 53.974, 53.46, 53.985, 51.422, 50.052, 50.209, 49.485, 49.094, 48.564, 49.465, 49.648, 48.91, 48.574, 46.639, 42.966, 42.373, 42.672, 38.937, 32.414, 27.055, 24.558, 22.476, 20.407, 18.457, 16.131, 13.878, 8.392, 0.0, 5.005, 9.761, 16.913, 19.575, 21.233, 23.593, 26.658, 30.125, 32.178, 34.373, 36.437, 38.44, 40.552, 41.355, 42.342, 43.036, 42.8, 43.531, 45.418, 49.146, 55.044, 57.915, 57.922, 58.565, 59.892, 60.94, 61.427, 61.185, 60.992, 61.408, 61.735, 62.273, 63.048, 63.09, 62.175, 60.171, 59.35, 59.483, 59.249, 59.455, 58.95, 57.912, 57.828, 57.905, 56.389, 55.078, 54.991], [51.254, 51.608, 51.783, 50.959, 50.729, 51.436, 51.918, 52.785, 55.099, 56.759, 56.181, 53.874, 53.331, 53.871, 51.333, 49.975, 50.172, 49.496, 49.137, 48.564, 49.39, 49.715, 49.145, 48.804, 46.849, 43.212, 42.617, 42.793, 38.928, 32.308, 27.099, 24.875, 23.235, 21.614, 20.067, 18.357, 16.414, 11.796, 5.005, 0.0, 7.653, 16.047, 18.906, 20.861, 23.486, 26.667, 30.121, 32.266, 34.494, 36.506, 38.483, 40.55, 41.318, 42.327, 43.048, 42.792, 43.505, 45.387, 49.131, 55.072, 57.973, 57.978, 58.596, 59.919, 60.927, 61.432, 61.228, 61.048, 61.402, 61.69, 62.258, 63.037, 63.108, 62.284, 60.391, 59.501, 59.525, 59.281, 59.502, 58.998, 57.978, 57.909, 58.003, 56.466, 55.145, 55.077], [50.96, 51.32, 51.494, 50.691, 50.177, 50.631, 51.254, 52.27, 54.526, 55.975, 55.165, 52.755, 52.325, 53.087, 50.718, 49.441, 49.735, 49.145, 48.841, 48.222, 49.129, 49.974, 49.76, 49.408, 47.402, 43.927, 43.374, 43.598, 39.901, 33.182, 27.896, 25.956, 24.886, 23.689, 22.243, 20.896, 19.197, 14.891, 9.761, 7.653, 0.0, 9.593, 13.103, 15.853, 19.384, 23.338, 27.116, 29.374, 31.819, 33.945, 35.796, 37.742, 38.487, 39.577, 40.331, 39.987, 40.746, 42.733, 46.506, 52.631, 55.827, 55.869, 56.419, 57.875, 59.006, 59.623, 59.461, 59.352, 59.648, 59.844, 60.495, 61.382, 61.536, 60.844, 59.829, 59.288, 58.949, 58.7, 58.947, 58.479, 57.664, 57.713, 57.742, 56.298, 55.156, 55.223], [52.024, 52.338, 52.499, 51.688, 50.848, 50.94, 51.635, 52.886, 55.221, 56.533, 55.586, 53.267, 53.154, 54.241, 52.086, 50.907, 51.368, 50.98, 50.803, 50.229, 51.318, 52.685, 52.743, 52.36, 50.372, 47.232, 46.782, 47.14, 43.948, 37.608, 32.3, 30.628, 30.021, 29.043, 27.565, 26.283, 24.771, 21.123, 16.913, 16.047, 9.593, 0.0, 4.78, 9.423, 14.289, 19.387, 23.724, 26.054, 28.908, 31.426, 33.341, 35.187, 35.738, 36.745, 37.425, 36.979, 37.886, 40.137, 44.02, 50.267, 53.791, 53.975, 54.574, 56.268, 57.7, 58.426, 58.358, 58.387, 58.693, 58.869, 59.558, 60.523, 60.827, 60.058, 59.455, 59.41, 59.153, 58.953, 59.173, 58.749, 58.216, 58.423, 58.418, 57.082, 56.017, 56.195], [53.064, 53.361, 53.514, 52.694, 51.774, 51.76, 52.471, 53.84, 56.377, 57.863, 56.972, 54.716, 54.705, 55.868, 53.751, 52.581, 53.087, 52.781, 52.706, 52.232, 53.361, 54.832, 55.001, 54.644, 52.669, 49.622, 49.259, 49.67, 46.483, 40.138, 34.839, 33.138, 32.401, 31.169, 29.601, 28.397, 26.94, 23.515, 19.575, 18.906, 13.103, 4.78, 0.0, 5.995, 12.007, 17.963, 22.605, 24.99, 28.112, 30.835, 32.78, 34.556, 34.9, 35.744, 36.392, 35.998, 37.086, 39.509, 43.6, 50.02, 53.646, 53.877, 54.525, 56.32, 57.855, 58.591, 58.548, 58.628, 58.961, 59.133, 59.795, 60.74, 61.051, 60.226, 59.608, 59.713, 59.599, 59.408, 59.579, 59.165, 58.712, 58.952, 58.942, 57.653, 56.605, 56.813], [53.891, 54.162, 54.309, 53.456, 52.365, 52.185, 52.932, 54.527, 57.517, 59.513, 59.008, 56.993, 57.025, 58.11, 56.042, 54.961, 55.38, 54.98, 54.972, 54.683, 55.853, 57.204, 57.342, 57.047, 55.114, 52.082, 51.786, 52.228, 48.909, 42.525, 37.242, 35.357, 34.094, 32.281, 30.685, 29.682, 28.268, 24.911, 21.233, 20.861, 15.853, 9.423, 5.995, 0.0, 7.189, 14.576, 19.907, 22.554, 26.154, 29.17, 31.375, 33.375, 33.764, 34.598, 35.322, 35.162, 36.505, 39.095, 43.587, 50.244, 53.779, 53.905, 54.61, 56.47, 58.057, 58.811, 58.763, 58.886, 59.255, 59.383, 60.021, 60.996, 61.327, 60.459, 59.799, 60.052, 60.034, 59.826, 59.983, 59.561, 59.194, 59.445, 59.439, 58.067, 57.009, 57.195], [53.605, 53.852, 53.994, 53.112, 51.8, 51.413, 52.207, 54.107, 57.473, 59.856, 59.885, 58.392, 58.558, 59.541, 57.675, 56.804, 57.089, 56.555, 56.573, 56.42, 57.581, 58.675, 58.638, 58.422, 56.574, 53.485, 53.192, 53.616, 50.308, 44.313, 39.306, 37.296, 35.677, 33.585, 32.216, 31.471, 30.089, 26.879, 23.593, 23.486, 19.384, 14.289, 12.007, 7.189, 0.0, 8.583, 15.145, 18.668, 22.944, 26.411, 29.15, 31.585, 32.349, 33.499, 34.428, 34.49, 35.885, 38.419, 43.188, 49.963, 53.244, 53.169, 53.957, 55.844, 57.484, 58.272, 58.216, 58.417, 58.839, 58.938, 59.606, 60.697, 61.095, 60.165, 59.379, 59.805, 59.974, 59.752, 59.881, 59.482, 59.271, 59.536, 59.476, 57.919, 56.822, 56.896], [52.411, 52.63, 52.775, 51.916, 50.453, 49.93, 50.705, 52.722, 56.091, 58.559, 59.073, 58.308, 58.81, 59.706, 58.156, 57.628, 57.784, 57.165, 57.192, 57.051, 58.118, 58.931, 58.639, 58.465, 56.669, 53.376, 53.038, 53.436, 50.283, 45.025, 40.623, 38.65, 36.925, 34.938, 34.059, 33.756, 32.459, 29.446, 26.658, 26.667, 23.338, 19.387, 17.963, 14.576, 8.583, 0.0, 8.036, 13.752, 19.098, 22.952, 26.146, 28.922, 30.226, 31.89, 33.009, 33.233, 34.541, 36.801, 41.606, 48.415, 51.425, 51.16, 52.075, 53.944, 55.574, 56.409, 56.39, 56.725, 57.184, 57.229, 57.995, 59.291, 59.808, 58.858, 58.056, 58.527, 58.765, 58.541, 58.601, 58.311, 58.381, 58.688, 58.471, 56.798, 55.784, 55.78], [52.402, 52.592, 52.744, 51.902, 50.449, 49.957, 50.669, 52.59, 55.81, 58.219, 58.942, 58.625, 59.427, 60.28, 58.876, 58.608, 58.761, 58.162, 58.208, 58.002, 58.944, 59.642, 59.154, 58.874, 57.082, 53.736, 53.403, 53.757, 50.803, 46.143, 42.233, 40.328, 38.56, 36.656, 36.05, 36.201, 35.124, 32.435, 30.125, 30.121, 27.116, 23.724, 22.605, 19.907, 15.145, 8.036, 0.0, 8.179, 15.084, 19.265, 22.561, 25.47, 27.176, 29.26, 30.457, 30.907, 32.367, 34.5, 39.349, 46.18, 49.048, 48.724, 49.748, 51.609, 53.226, 54.147, 54.182, 54.598, 55.029, 54.991, 55.862, 57.298, 57.897, 57.011, 56.476, 56.954, 57.088, 56.925, 56.915, 56.751, 57.261, 57.832, 57.516, 55.814, 54.991, 55.116], [53.507, 53.743, 53.902, 53.092, 51.894, 51.59, 52.254, 54.016, 57.066, 59.371, 59.999, 59.53, 60.181, 61.007, 59.575, 59.254, 59.473, 58.953, 59.001, 58.768, 59.616, 60.353, 59.887, 59.517, 57.765, 54.62, 54.361, 54.749, 52.003, 47.574, 43.763, 41.919, 40.222, 38.245, 37.357, 37.497, 36.622, 34.199, 32.178, 32.266, 29.374, 26.054, 24.99, 22.554, 18.668, 13.752, 8.179, 0.0, 8.523, 13.966, 17.838, 21.144, 23.02, 25.258, 26.497, 27.264, 29.096, 31.483, 36.594, 43.517, 46.365, 46.065, 47.148, 49.064, 50.774, 51.769, 51.797, 52.109, 52.532, 52.513, 53.393, 54.784, 55.342, 54.475, 54.229, 55.009, 55.241, 55.168, 55.172, 55.092, 55.899, 56.994, 56.993, 55.49, 54.811, 55.141], [53.454, 53.77, 53.935, 53.163, 52.209, 52.061, 52.698, 54.277, 57.031, 59.23, 59.84, 59.256, 59.692, 60.468, 59.244, 59.003, 59.199, 58.692, 58.721, 58.546, 59.323, 60.138, 59.895, 59.605, 57.897, 54.806, 54.561, 54.998, 52.51, 48.466, 44.971, 43.318, 41.848, 40.001, 38.992, 39.104, 38.399, 36.18, 34.373, 34.494, 31.819, 28.908, 28.112, 26.154, 22.944, 19.098, 15.084, 8.523, 0.0, 7.058, 12.41, 16.376, 18.586, 21.007, 22.585, 23.613, 25.475, 27.937, 33.208, 40.251, 42.968, 42.627, 43.78, 45.75, 47.502, 48.552, 48.593, 48.805, 49.234, 49.228, 50.118, 51.522, 52.071, 51.236, 51.32, 52.451, 52.747, 52.737, 52.824, 52.808, 53.72, 55.235, 55.761, 54.666, 54.174, 54.65], [53.085, 53.419, 53.59, 52.829, 51.954, 51.889, 52.508, 53.951, 56.571, 58.774, 59.404, 58.79, 59.109, 59.765, 58.677, 58.674, 58.874, 58.293, 58.292, 58.184, 58.945, 59.822, 59.819, 59.671, 58.028, 54.927, 54.661, 55.086, 52.758, 49.056, 45.871, 44.324, 42.914, 41.19, 40.385, 40.653, 40.086, 38.081, 36.437, 36.506, 33.945, 31.426, 30.835, 29.17, 26.411, 22.952, 19.265, 13.966, 7.058, 0.0, 6.795, 11.763, 14.688, 17.514, 19.411, 20.884, 22.837, 25.158, 30.446, 37.522, 39.976, 39.557, 40.765, 42.72, 44.433, 45.526, 45.65, 45.901, 46.259, 46.213, 47.155, 48.557, 49.155, 48.438, 48.945, 50.258, 50.325, 50.297, 50.495, 50.518, 51.594, 53.335, 54.211, 53.646, 53.579, 54.31], [53.381, 53.704, 53.876, 53.143, 52.279, 52.281, 52.861, 54.113, 56.511, 58.602, 59.143, 58.45, 58.695, 59.304, 58.248, 58.323, 58.598, 58.067, 58.069, 57.912, 58.601, 59.604, 59.807, 59.702, 58.093, 55.084, 54.864, 55.308, 53.143, 49.666, 46.72, 45.306, 44.017, 42.401, 41.628, 41.958, 41.525, 39.778, 38.44, 38.483, 35.796, 33.341, 32.78, 31.375, 29.15, 26.146, 22.561, 17.838, 12.41, 6.795, 0.0, 5.862, 9.899, 13.551, 15.567, 17.446, 19.743, 21.865, 27.1, 34.302, 36.822, 36.469, 37.703, 39.681, 41.372, 42.499, 42.659, 42.97, 43.296, 43.318, 44.386, 45.758, 46.336, 45.75, 46.917, 48.363, 47.982, 47.94, 48.205, 48.259, 49.54, 51.39, 52.312, 52.254, 52.849, 54.017], [54.124, 54.432, 54.594, 53.889, 53.072, 53.112, 53.632, 54.73, 56.869, 58.777, 59.227, 58.524, 58.783, 59.435, 58.482, 58.574, 58.89, 58.477, 58.529, 58.301, 58.877, 59.98, 60.29, 60.17, 58.589, 55.689, 55.528, 55.961, 53.933, 50.647, 47.924, 46.679, 45.563, 44.068, 43.219, 43.569, 43.248, 41.722, 40.552, 40.55, 37.742, 35.187, 34.556, 33.375, 31.585, 28.922, 25.47, 21.144, 16.376, 11.763, 5.862, 0.0, 5.334, 10.144, 12.517, 14.771, 17.388, 19.347, 24.544, 31.95, 34.715, 34.531, 35.844, 37.903, 39.558, 40.761, 41.013, 41.371, 41.674, 41.741, 42.885, 44.209, 44.729, 44.228, 46.079, 47.618, 46.882, 46.888, 47.128, 47.222, 48.587, 50.448, 51.304, 51.491, 52.511, 54.082], [54.861, 55.158, 55.311, 54.592, 53.823, 53.88, 54.357, 55.378, 57.455, 59.315, 59.643, 58.836, 59.098, 59.825, 58.882, 58.899, 59.233, 58.883, 59.009, 58.802, 59.317, 60.49, 60.918, 60.809, 59.27, 56.53, 56.435, 56.861, 54.841, 51.437, 48.656, 47.516, 46.569, 45.138, 44.122, 44.324, 44.01, 42.573, 41.355, 41.318, 38.487, 35.738, 34.9, 33.764, 32.349, 30.226, 27.176, 23.02, 18.586, 14.688, 9.899, 5.334, 0.0, 5.77, 9.169, 11.919, 14.998, 17.343, 22.821, 30.482, 33.552, 33.603, 35.028, 37.216, 38.903, 40.194, 40.568, 40.966, 41.286, 41.429, 42.575, 43.78, 44.23, 43.707, 45.796, 47.483, 46.727, 46.79, 46.999, 47.114, 48.398, 50.248, 51.123, 51.373, 52.443, 54.237], [55.818, 56.123, 56.276, 55.59, 54.974, 55.098, 55.515, 56.375, 58.337, 60.219, 60.516, 59.626, 59.856, 60.593, 59.611, 59.532, 59.822, 59.461, 59.608, 59.526, 60.094, 61.231, 61.755, 61.697, 60.164, 57.448, 57.378, 57.86, 55.874, 52.433, 49.661, 48.657, 47.873, 46.506, 45.402, 45.439, 45.097, 43.656, 42.342, 42.327, 39.577, 36.745, 35.744, 34.598, 33.499, 31.89, 29.26, 25.258, 21.007, 17.514, 13.551, 10.144, 5.77, 0.0, 4.972, 9.011, 12.671, 15.537, 21.414, 29.458, 32.878, 33.232, 34.731, 36.901, 38.549, 39.849, 40.31, 40.746, 41.137, 41.394, 42.486, 43.618, 44.067, 43.491, 45.653, 47.523, 46.829, 46.897, 47.075, 47.159, 48.388, 50.26, 51.255, 51.701, 52.775, 54.648], [56.634, 56.918, 57.073, 56.45, 55.964, 56.17, 56.527, 57.222, 59.037, 60.9, 61.197, 60.277, 60.472, 61.187, 60.143, 60.003, 60.286, 59.93, 60.066, 60.025, 60.705, 61.867, 62.374, 62.286, 60.713, 57.959, 57.875, 58.43, 56.521, 53.144, 50.411, 49.494, 48.755, 47.385, 46.291, 46.296, 45.939, 44.436, 43.036, 43.048, 40.331, 37.425, 36.392, 35.322, 34.428, 33.009, 30.457, 26.497, 22.585, 19.411, 15.567, 12.517, 9.169, 4.972, 0.0, 6.117, 10.975, 14.212, 20.28, 28.674, 32.479, 33.052, 34.607, 36.751, 38.341, 39.563, 40.037, 40.542, 40.978, 41.346, 42.493, 43.653, 44.141, 43.537, 45.811, 47.723, 46.971, 47.013, 47.181, 47.235, 48.537, 50.437, 51.456, 52.126, 53.298, 55.194], [56.147, 56.41, 56.563, 55.948, 55.39, 55.559, 55.888, 56.489, 58.17, 59.958, 60.199, 59.18, 59.295, 60.06, 59.086, 58.873, 59.113, 58.73, 58.89, 58.916, 59.665, 60.943, 61.582, 61.594, 59.99, 57.142, 56.995, 57.595, 55.782, 52.455, 49.77, 48.987, 48.444, 47.198, 46.109, 46.129, 45.787, 44.243, 42.8, 42.792, 39.987, 36.979, 35.998, 35.162, 34.49, 33.233, 30.907, 27.264, 23.613, 20.884, 17.446, 14.771, 11.919, 9.011, 6.117, 0.0, 6.105, 10.323, 17.044, 26.362, 30.83, 31.583, 33.175, 35.453, 37.081, 38.33, 38.745, 39.351, 39.856, 40.335, 41.696, 42.912, 43.365, 42.701, 45.103, 47.108, 46.361, 46.436, 46.618, 46.676, 47.914, 49.736, 50.737, 51.475, 52.652, 54.542], [55.618, 55.88, 56.041, 55.437, 54.833, 54.991, 55.264, 55.737, 57.205, 58.864, 59.11, 58.106, 58.146, 58.882, 58.043, 57.812, 57.956, 57.543, 57.705, 57.811, 58.55, 59.77, 60.521, 60.712, 59.117, 56.127, 55.94, 56.561, 54.887, 51.827, 49.412, 48.83, 48.581, 47.614, 46.627, 46.677, 46.351, 44.886, 43.531, 43.505, 40.746, 37.886, 37.086, 36.505, 35.885, 34.541, 32.367, 29.096, 25.475, 22.837, 19.743, 17.388, 14.998, 12.671, 10.975, 6.105, 0.0, 5.542, 13.676, 24.06, 28.951, 29.782, 31.315, 33.534, 35.141, 36.528, 36.973, 37.627, 38.158, 38.719, 40.26, 41.527, 41.943, 41.268, 43.989, 46.265, 45.515, 45.636, 45.767, 45.849, 47.018, 48.783, 49.792, 50.589, 51.839, 53.745], [55.314, 55.549, 55.716, 55.198, 54.655, 54.875, 55.078, 55.399, 56.631, 58.158, 58.473, 57.646, 57.73, 58.409, 57.711, 57.576, 57.647, 57.208, 57.369, 57.48, 58.155, 59.288, 60.047, 60.375, 58.93, 55.946, 55.749, 56.37, 54.915, 52.389, 50.427, 49.995, 49.854, 49.063, 48.235, 48.359, 48.057, 46.643, 45.418, 45.387, 42.733, 40.137, 39.509, 39.095, 38.419, 36.801, 34.5, 31.483, 27.937, 25.158, 21.865, 19.347, 17.343, 15.537, 14.212, 10.323, 5.542, 0.0, 9.598, 21.081, 26.313, 27.245, 28.838, 30.977, 32.457, 33.915, 34.467, 35.261, 35.807, 36.429, 38.18, 39.591, 40.022, 39.415, 42.684, 45.112, 44.158, 44.285, 44.37, 44.461, 45.722, 47.488, 48.42, 49.368, 50.915, 52.95], [55.32, 55.51, 55.669, 55.423, 55.268, 55.64, 55.733, 55.643, 56.144, 57.18, 57.419, 56.777, 56.971, 57.654, 57.172, 57.138, 57.195, 56.77, 56.946, 57.081, 57.741, 58.977, 59.806, 60.137, 59.02, 56.627, 56.486, 57.24, 56.646, 55.113, 53.694, 53.508, 53.647, 53.097, 52.204, 52.122, 51.827, 50.346, 49.146, 49.131, 46.506, 44.02, 43.6, 43.587, 43.188, 41.606, 39.349, 36.594, 33.208, 30.446, 27.1, 24.544, 22.821, 21.414, 20.28, 17.044, 13.676, 9.598, 0.0, 12.809, 19.681, 21.549, 23.184, 25.294, 26.715, 28.313, 29.049, 30.114, 30.783, 31.664, 33.787, 35.413, 35.927, 35.4, 39.601, 42.19, 40.932, 41.094, 41.155, 41.282, 42.626, 44.452, 45.369, 46.757, 48.76, 51.041], [56.505, 56.627, 56.775, 56.811, 57.099, 57.651, 57.61, 57.058, 56.773, 57.272, 57.506, 57.245, 57.657, 58.285, 58.035, 58.172, 58.234, 57.869, 58.132, 58.307