[[0.0, 9.84, 13.249, 14.358, 15.259, 19.068, 22.755, 27.516, 33.615, 37.257, 39.786, 40.573, 41.033, 43.2, 44.82, 45.183, 45.881, 47.328, 48.819, 49.56, 52.531, 56.155, 57.652, 59.899, 61.868, 62.055, 62.046, 61.729, 60.522, 61.834, 62.904, 61.506, 59.654, 59.622, 59.76, 59.657, 59.545, 59.306, 58.965, 60.536, 62.897, 64.811, 65.745, 66.304, 64.538, 62.052, 62.632, 63.0, 63.412, 63.454, 62.727, 63.502, 64.041, 63.099, 62.202, 61.677, 61.362, 61.224, 61.347, 61.618, 62.519, 63.564, 64.217, 64.69, 65.006, 64.94, 65.133, 64.977, 65.207, 65.027, 63.837, 65.263, 67.71, 68.001, 66.344, 64.925, 64.889, 65.094, 65.458, 66.718, 67.29, 67.641, 67.645, 66.817, 66.34, 66.532], [9.84, 0.0, 5.915, 8.321, 10.843, 15.58, 19.219, 24.715, 31.707, 35.806, 38.631, 39.664, 40.386, 42.503, 43.855, 44.283, 44.796, 45.827, 47.118, 47.795, 50.868, 54.78, 56.602, 58.953, 61.113, 61.442, 61.447, 61.119, 59.914, 61.27, 62.416, 61.317, 59.863, 59.887, 59.958, 59.937, 59.927, 59.599, 59.165, 60.816, 63.351, 65.384, 66.395, 67.288, 65.827, 63.389, 64.148, 64.532, 64.966, 65.211, 64.482, 65.196, 65.772, 64.867, 64.044, 63.563, 63.025, 62.491, 62.208, 62.164, 62.935, 63.988, 64.739, 65.265, 65.59, 65.472, 65.599, 65.35, 65.39, 64.99, 63.555, 65.082, 67.745, 68.125, 66.423, 64.999, 65.013, 65.226, 65.838, 67.452, 67.876, 68.161, 68.214, 67.71, 67.573, 67.905], [13.249, 5.915, 0.0, 4.405, 9.029, 14.455, 18.194, 23.778, 30.827, 35.071, 38.2, 39.231, 39.832, 41.786, 42.884, 43.35, 43.791, 44.702, 45.828, 46.325, 49.456, 53.668, 55.685, 58.046, 60.187, 60.527, 60.531, 60.157, 58.903, 60.275, 61.413, 60.303, 58.89, 59.037, 59.052, 59.194, 59.519, 59.215, 58.763, 60.365, 62.812, 64.805, 65.744, 66.708, 65.363, 63.031, 63.792, 64.088, 64.563, 64.971, 64.395, 65.168, 65.761, 64.877, 64.005, 63.46, 62.946, 62.449, 62.134, 62.022, 62.657, 63.543, 64.192, 64.652, 64.982, 64.869, 64.978, 64.747, 64.812, 64.378, 62.908, 64.404, 67.09, 67.49, 65.813, 64.534, 64.678, 64.989, 65.695, 67.382, 67.857, 68.225, 68.354, 67.825, 67.638, 67.935], [14.358, 8.321, 4.405, 0.0, 7.223, 14.207, 18.574, 24.192, 31.123, 35.562, 39.121, 40.141, 40.734, 42.761, 43.754, 44.237, 44.715, 45.661, 46.804, 47.333, 50.488, 54.615, 56.505, 58.939, 61.149, 61.497, 61.488, 61.11, 59.887, 61.294, 62.477, 61.251, 59.724, 59.956, 59.985, 60.197, 60.637, 60.366, 59.869, 61.333, 63.59, 65.418, 66.272, 67.177, 65.782, 63.527, 64.292, 64.544, 65.029, 65.467, 65.012, 65.852, 66.407, 65.511, 64.618, 64.035, 63.552, 63.138, 62.885, 62.794, 63.384, 64.19, 64.762, 65.163, 65.469, 65.378, 65.522, 65.344, 65.486, 65.073, 63.72, 65.25, 67.859, 68.213, 66.553, 65.367, 65.598, 65.984, 66.686, 68.266, 68.808, 69.227, 69.376, 68.748, 68.355, 68.566], [15.259, 10.843, 9.029, 7.223, 0.0, 9.232, 15.598, 23.014, 30.325, 34.551, 37.73, 38.563, 39.378, 41.402, 42.502, 42.965, 43.347, 44.295, 45.679, 46.538, 49.725, 53.751, 55.766, 58.674, 61.087, 61.418, 61.409, 61.107, 59.837, 61.264, 62.487, 61.154, 59.476, 59.732, 59.858, 60.054, 60.547, 60.285, 60.022, 61.799, 64.024, 65.718, 66.625, 67.577, 66.343, 64.246, 64.964, 65.298, 65.784, 65.843, 64.795, 65.294, 65.823, 64.959, 64.124, 63.626, 63.207, 62.784, 62.553, 62.508, 63.013, 63.751, 64.38, 64.82, 65.107, 65.034, 65.134, 64.881, 64.998, 64.69, 63.499, 64.916, 67.455, 67.815, 66.265, 65.112, 65.174, 65.403, 66.029, 67.527, 68.057, 68.528, 68.675, 68.179, 68.039, 68.449], [19.068, 15.58, 14.455, 14.207, 9.232, 0.0, 9.485, 20.406, 28.498, 31.453, 33.506, 34.426, 35.355, 37.399, 38.607, 39.044, 39.268, 40.258, 41.813, 43.113, 46.76, 51.153, 53.628, 57.226, 59.896, 60.208, 60.229, 59.967, 58.599, 60.114, 61.356, 59.839, 57.909, 58.134, 58.345, 58.443, 59.069, 58.927, 58.874, 61.4, 64.186, 66.149, 67.255, 68.43, 67.417, 65.337, 65.912, 66.302, 66.781, 66.278, 64.362, 64.315, 64.809, 64.064, 63.367, 62.995, 62.65, 62.148, 61.805, 61.657, 62.018, 62.776, 63.597, 64.159, 64.452, 64.408, 64.49, 64.083, 64.13, 63.941, 62.658, 63.842, 66.468, 66.95, 65.428, 64.086, 63.829, 63.741, 64.273, 65.911, 66.44, 66.964, 67.074, 66.972, 67.455, 68.269], [22.755, 19.219, 18.194, 18.574, 15.598, 9.485, 0.0, 12.654, 21.644, 25.055, 28.23, 29.553, 30.675, 33.445, 35.049, 35.609, 35.841, 36.945, 38.802, 40.285, 43.982, 48.53, 50.934, 54.493, 57.375, 57.812, 57.832, 57.504, 56.18, 57.743, 58.955, 57.503, 55.596, 55.836, 56.025, 56.163, 56.826, 56.633, 56.454, 59.142, 62.394, 64.542, 65.749, 67.191, 66.532, 64.651, 65.109, 65.278, 65.712, 65.175, 62.993, 62.715, 63.169, 62.422, 61.721, 61.38, 61.11, 60.562, 60.054, 59.728, 60.004, 60.777, 61.663, 62.273, 62.594, 62.562, 62.622, 62.161, 62.169, 61.822, 60.228, 61.334, 64.196, 64.793, 63.194, 61.851, 61.621, 61.545, 62.229, 64.258, 64.946, 65.543, 65.683, 65.895, 66.777, 67.78], [27.516, 24.715, 23.778, 24.192, 23.014, 20.406, 12.654, 0.0, 10.495, 17.184, 24.175, 26.335, 28.101, 32.354, 34.54, 35.301, 35.837, 37.182, 39.493, 41.054, 44.215, 48.262, 49.965, 52.648, 55.485, 56.091, 56.088, 55.638, 54.475, 55.915, 57.018, 55.884, 54.39, 54.739, 54.774, 54.973, 55.509, 55.162, 54.741, 56.93, 60.154, 62.28, 63.47, 65.033, 64.691, 63.127, 63.385, 63.085, 63.421, 63.129, 61.157, 60.96, 61.336, 60.445, 59.619, 59.227, 59.045, 58.55, 58.024, 57.664, 57.934, 58.678, 59.492, 60.068, 60.417, 60.401, 60.455, 60.052, 60.129, 59.536, 57.706, 58.868, 61.846, 62.408, 60.685, 59.522, 59.556, 59.738, 60.736, 63.233, 64.314, 65.06, 65.301, 65.686, 66.659, 67.579], [33.615, 31.707, 30.827, 31.123, 30.325, 28.498, 21.644, 10.495, 0.0, 11.005, 21.235, 23.967, 26.648, 31.894, 34.456, 35.362, 36.095, 37.657, 40.297, 42.024, 44.757, 48.336, 49.696, 52.041, 54.991, 55.706, 55.657, 55.181, 54.109, 55.321, 56.324, 55.456, 54.333, 54.785, 54.693, 54.893, 55.406, 55.046, 54.618, 56.43, 59.391, 61.338, 62.602, 64.269, 64.241, 63.058, 63.204, 62.658, 62.89, 62.468, 60.325, 60.004, 60.289, 59.316, 58.449, 58.081, 57.938, 57.466, 57.001, 56.688, 56.876, 57.499, 58.268, 58.841, 59.19, 59.206, 59.259, 58.858, 58.983, 58.356, 56.596, 57.728, 60.578, 61.047, 59.368, 58.387, 58.517, 58.783, 59.95, 62.697, 64.059, 64.949, 65.294, 65.903, 67.066, 67.995], [37.257, 35.806, 35.071, 35.562, 34.551, 31.453, 25.055, 17.184, 11.005, 0.0, 12.709, 17.322, 21.01, 27.459, 30.365, 31.311, 32.105, 33.959, 36.899, 39.376, 42.67, 46.526, 48.394, 51.38, 54.613, 55.328, 55.28, 54.924, 53.875, 55.011, 55.919, 54.879, 53.692, 54.119, 54.017, 54.056, 54.643, 54.492, 54.368, 56.561, 59.883, 62.177, 63.593, 65.194, 65.058, 63.667, 63.589, 63.168, 63.363, 62.378, 59.65, 58.957, 59.143, 58.221, 57.478, 57.2, 57.025, 56.501, 56.023, 55.738, 55.878, 56.558, 57.49, 58.152, 58.493, 58.556, 58.652, 58.164, 58.232, 57.832, 56.222, 57.164, 59.831, 60.264, 58.605, 57.304, 57.084, 57.079, 58.17, 61.079, 62.557, 63.514, 63.847, 64.777, 66.338, 67.493], [39.786, 38.631, 38.2, 39.121, 37.73, 33.506, 28.23, 24.175, 21.235, 12.709, 0.0, 7.91, 13.749, 20.095, 23.312, 24.229, 25.018, 27.086, 30.51, 33.886, 37.241, 40.887, 43.693, 47.953, 51.683, 52.449, 52.452, 52.411, 51.443, 52.404, 53.231, 52.141, 51.202, 51.446, 51.347, 51.029, 51.626, 51.757, 52.291, 55.384, 59.146, 61.826, 63.516, 65.188, 65.18, 63.623, 63.606, 63.838, 64.016, 62.193, 58.403, 57.147, 57.329, 56.416, 56.034, 56.28, 55.983, 55.253, 54.885, 54.856, 55.025, 55.744, 56.889, 57.779, 58.143, 58.197, 58.322, 57.652, 57.339, 57.158, 55.902, 56.732, 59.173, 59.455, 57.887, 56.203, 55.24, 54.538, 55.426, 58.308, 59.505, 60.367, 60.634, 61.893, 64.078, 65.649], [40.573, 39.664, 39.231, 40.141, 38.563, 34.426, 29.553, 26.335, 23.967, 17.322, 7.91, 0.0, 8.402, 14.841, 18.369, 19.525, 20.415, 23.036, 27.407, 31.193, 34.03, 37.013, 39.753, 44.498, 48.636, 49.541, 49.556, 49.662, 48.811, 49.728, 50.573, 49.41, 48.507, 48.698, 48.6, 48.256, 49.03, 49.218, 49.982, 53.437, 57.349, 60.017, 61.881, 63.774, 64.219, 63.065, 63.129, 63.594, 63.786, 61.746, 57.578, 56.093, 56.275, 55.319, 55.129, 55.756, 55.625, 55.123, 55.036, 55.184, 55.333, 55.841, 56.811, 57.69, 58.07, 58.134, 58.306, 57.634, 57.083, 56.858, 55.882, 56.703, 59.046, 59.197, 57.763, 56.281, 55.134, 54.18, 54.985, 57.761, 58.867, 59.71, 59.95, 61.167, 63.427, 65.112], [41.033, 40.386, 39.832, 40.734, 39.378, 35.355, 30.675, 28.101, 26.648, 21.01, 13.749, 8.402, 0.0, 9.322, 14.636, 16.13, 17.285, 20.69, 25.466, 29.47, 32.482, 35.724, 38.678, 43.583, 47.804, 48.782, 48.824, 48.995, 48.255, 49.26, 50.032, 48.761, 47.844, 48.07, 47.953, 47.616, 48.504, 48.683, 49.419, 52.964, 57.073, 59.915, 61.784, 63.704, 64.181, 62.968, 62.965, 63.427, 63.633, 61.87, 58.19, 56.987, 57.213, 56.24, 56.023, 56.666, 56.67, 56.401, 56.39, 56.49, 56.611, 56.969, 57.675, 58.394, 58.762, 58.822, 59.061, 58.477, 57.919, 57.725, 56.742, 57.482, 59.829, 59.969, 58.539, 57.168, 56.135, 55.269, 56.101, 58.879, 59.999, 60.79, 61.041, 62.094, 64.052, 65.569], [43.2, 42.503, 41.786, 42.761, 41.402, 37.399, 33.445, 32.354, 31.894, 27.459, 20.095, 14.841, 9.322, 0.0, 7.427, 9.422, 10.412, 14.254, 19.726, 24.104, 26.822, 30.319, 34.154, 39.923, 44.491, 45.614, 45.689, 46.051, 45.384, 46.474, 47.32, 46.16, 45.599, 45.75, 45.632, 45.186, 46.254, 46.525, 47.523, 51.571, 55.956, 58.929, 60.936, 63.076, 63.746, 62.453, 62.604, 63.537, 63.812, 62.027, 58.382, 57.267, 57.657, 56.733, 56.645, 57.566, 57.555, 57.214, 57.22, 57.378, 57.493, 57.753, 58.373, 59.081, 59.466, 59.49, 59.717, 59.128, 58.386, 58.112, 57.136, 57.8, 60.144, 60.261, 58.966, 57.78, 56.66, 55.602, 56.402, 59.003, 59.802, 60.465, 60.78, 61.767, 63.677, 65.229], [44.82, 43.855, 42.884, 43.754, 42.502, 38.607, 35.049, 34.54, 34.456, 30.365, 23.312, 18.369, 14.636, 7.427, 0.0, 3.146, 4.902, 9.598, 16.245, 21.286, 24.07, 27.588, 31.59, 37.61, 42.229, 43.414, 43.498, 43.862, 43.182, 44.35, 45.313, 44.013, 43.458, 43.64, 43.518, 43.115, 44.504, 44.916, 46.003, 50.286, 54.84, 57.847, 59.877, 62.161, 62.945, 61.759, 62.013, 63.104, 63.487, 61.684, 58.026, 56.943, 57.439, 56.614, 56.591, 57.597, 57.592, 57.291, 57.369, 57.528, 57.592, 57.829, 58.462, 59.175, 59.561, 59.606, 59.847, 59.276, 58.468, 58.006, 56.921, 57.551, 59.915, 60.029, 58.823, 57.811, 56.674, 55.549, 56.352, 58.86, 59.544, 60.223, 60.61, 61.619, 63.513, 65.103], [45.183, 44.283, 43.35, 44.237, 42.965, 39.044, 35.609, 35.301, 35.362, 31.311, 24.229, 19.525, 16.13, 9.422, 3.146, 0.0, 3.574, 8.674, 15.487, 20.774, 23.565, 27.05, 31.119, 37.173, 41.735, 42.901, 42.99, 43.322, 42.623, 43.797, 44.763, 43.468, 42.964, 43.166, 43.051, 42.598, 43.972, 44.42, 45.537, 49.877, 54.498, 57.513, 59.541, 61.872, 62.69, 61.51, 61.781, 62.885, 63.303, 61.544, 57.908, 56.835, 57.377, 56.583, 56.561, 57.571, 57.575, 57.288, 57.365, 57.484, 57.545, 57.824, 58.48, 59.194, 59.576, 59.631, 59.868, 59.302, 58.495, 57.979, 56.793, 57.361, 59.765, 59.923, 58.755, 57.798, 56.658, 55.522, 56.35, 58.878, 59.534, 60.22, 60.638, 61.67, 63.592, 65.202], [45.881, 44.796, 43.791, 44.715, 43.347, 39.268, 35.841, 35.837, 36.095, 32.105, 25.018, 20.415, 17.285, 10.412, 4.902, 3.574, 0.0, 6.259, 13.856, 19.344, 22.212, 26.082, 30.493, 36.747, 41.397, 42.583, 42.685, 43.01, 42.274, 43.486, 44.456, 43.205, 42.751, 42.923, 42.858, 42.452, 43.859, 44.295, 45.469, 49.901, 54.54, 57.514, 59.527, 61.911, 62.795, 61.591, 61.88, 63.073, 63.494, 61.746, 58.111, 57.016, 57.578, 56.808, 56.785, 57.814, 57.804, 57.458, 57.471, 57.536, 57.566, 57.839, 58.506, 59.231, 59.624, 59.653, 59.851, 59.267, 58.396, 57.837, 56.617, 57.127, 59.556, 59.768, 58.644, 57.741, 56.614, 55.452, 56.277, 58.815, 59.388, 60.03, 60.458, 61.514, 63.499, 65.153], [47.328, 45.827, 44.702, 45.661, 44.295, 40.258, 36.945, 37.182, 37.657, 33.959, 27.086, 23.036, 20.69, 14.254, 9.598, 8.674, 6.259, 0.0, 9.287, 15.657, 18.694, 23.361, 28.526, 35.157, 40.045, 41.332, 41.445, 41.808, 41.076, 42.411, 43.464, 42.55, 42.497, 42.626, 42.561, 42.15, 43.469, 43.843, 45.065, 49.609, 54.342, 57.333, 59.361, 61.864, 62.851, 61.47, 61.866, 63.252, 63.745, 62.332, 59.154, 58.379, 59.045, 58.246, 58.194, 59.213, 59.106, 58.574, 58.401, 58.339, 58.366, 58.735, 59.468, 60.194, 60.59, 60.578, 60.693, 60.118, 59.2, 58.473, 57.096, 57.577, 60.049, 60.311, 59.193, 58.357, 57.316, 56.235, 57.149, 59.713, 60.022, 60.497, 60.996, 62.074, 63.977, 65.526], [48.819, 47.118, 45.828, 46.804, 45.679, 41.813, 38.802, 39.493, 40.297, 36.899, 30.51, 27.407, 25.466, 19.726, 16.245, 15.487, 13.856, 9.287, 0.0, 8.26, 14.065, 20.845, 27.312, 34.682, 39.808, 41.08, 41.18, 41.508, 40.709, 42.092, 43.11, 42.305, 42.449, 42.644, 42.571, 42.169, 43.447, 43.868, 45.027, 49.546, 54.414, 57.501, 59.519, 62.073, 62.882, 61.205, 61.909, 63.521, 64.058, 63.116, 60.749, 60.469, 61.234, 60.445, 60.325, 61.24, 60.984, 60.28, 59.942, 59.768, 59.769, 60.172, 60.873, 61.536, 61.933, 61.906, 61.938, 61.4, 60.592, 59.774, 58.21, 58.667, 61.082, 61.385, 60.242, 59.495, 58.733, 57.901, 58.964, 61.374, 61.29, 61.552, 62.174, 63.105, 64.599, 65.905], [49.56, 47.795, 46.325, 47.333, 46.538, 43.113, 40.285, 41.054, 42.024, 39.376, 33.886, 31.193, 29.47, 24.104, 21.286, 20.774, 19.344, 15.657, 8.26, 0.0, 9.494, 19.33, 26.634, 34.069, 39.213, 40.424, 40.457, 40.765, 39.903, 41.343, 42.385, 41.707, 41.94, 42.076, 41.971, 41.709, 43.024, 43.414, 44.475, 48.807, 53.461, 56.338, 58.316, 61.035, 61.872, 60.193, 61.264, 63.039, 63.612, 63.099, 61.291, 61.269, 62.101, 61.377, 61.15, 61.908, 61.565, 60.774, 60.335, 60.078, 60.027, 60.289, 60.82, 61.412, 61.836, 61.791, 61.754, 61.228, 60.419, 59.446, 57.769, 58.232, 60.625, 60.96, 59.919, 59.549, 59.199, 58.652, 59.849, 62.133, 61.753, 61.841, 62.538, 63.28, 64.484, 65.623], [52.531, 50.868, 49.456, 50.488, 49.725, 46.76, 43.982, 44.215, 44.757, 42.67, 37.241, 34.03, 32.482, 26.822, 24.07, 23.565, 22.212, 18.694, 14.065, 9.494, 0.0, 12.704, 21.489, 29.396, 35.022, 36.523, 36.556, 37.083, 36.453, 37.847, 38.957, 38.862, 39.917, 39.933, 39.712, 39.364, 40.672, 40.993, 42.275, 46.854, 51.573, 54.224, 56.332, 59.585, 61.217, 59.959, 61.142, 63.1, 63.688, 63.228, 61.267, 61.143, 62.035, 61.218, 61.094, 62.135, 61.838, 61.015, 60.658, 60.487, 60.429, 60.57, 60.983, 61.571, 62.017, 61.97, 61.927, 61.387, 60.363, 59.129, 57.465, 57.875, 60.311, 60.564, 59.653, 59.753, 59.449, 58.79, 60.051, 62.379, 61.851, 61.864, 62.579, 63.365, 64.779, 66.027], [56.155, 54.78, 53.668, 54.615, 53.751, 51.153, 48.53, 48.262, 48.336, 46.526, 40.887, 37.013, 35.724, 30.319, 27.588, 27.05, 26.082, 23.361, 20.845, 19.33, 12.704, 0.0, 11.086, 21.436, 28.324, 30.182, 30.263, 31.253, 31.265, 32.323, 33.392, 33.896, 36.345, 36.473, 36.171, 35.414, 36.538, 36.976, 38.576, 43.276, 48.444, 51.468, 54.051, 57.58, 59.94, 59.366, 60.683, 62.938, 63.317, 62.365, 59.904, 59.634, 60.586, 59.638, 59.944, 61.806, 61.651, 60.956, 60.946, 61.09, 61.144, 61.292, 61.68, 62.373, 62.845, 62.791, 62.81, 62.309, 61.129, 59.752, 58.266, 58.771, 61.05, 61.043, 60.072, 60.118, 59.369, 58.308, 59.423, 61.533, 60.949, 60.966, 61.686, 62.499, 64.068, 65.477], [57.652, 56.602, 55.685, 56.505, 55.766, 53.628, 50.934, 49.965, 49.696, 48.394, 43.693, 39.753, 38.678, 34.154, 31.59, 31.119, 30.493, 28.526, 27.312, 26.634, 21.489, 11.086, 0.0, 12.404, 20.598, 23.006, 23.135, 24.499, 25.55, 26.737, 27.996, 28.737, 31.913, 32.062, 31.79, 30.9, 31.796, 32.251, 33.664, 38.16, 44.128, 47.757, 50.771, 54.478, 57.468, 57.558, 58.779, 61.053, 61.342, 60.383, 58.166, 58.188, 59.232, 58.205, 58.707, 61.01, 61.205, 60.947, 61.24, 61.489, 61.675, 61.909, 62.193, 62.831, 63.298, 63.24, 63.327, 62.96, 61.771, 60.138, 58.601, 59.183, 61.442, 61.315, 60.189, 60.209, 59.336, 58.231, 59.192, 61.162, 60.772, 60.836, 61.552, 62.281, 63.638, 64.915], [59.899, 58.953, 58.046, 58.939, 58.674, 57.226, 54.493, 52.648, 52.041, 51.38, 47.953, 44.498, 43.583, 39.923, 37.61, 37.173, 36.747, 35.157, 34.682, 34.069, 29.396, 21.436, 12.404, 0.0, 9.597, 13.467, 13.767, 15.579, 18.362, 19.878, 21.201, 23.021, 27.883, 28.019, 27.627, 26.814, 27.298, 27.411, 28.385, 32.399, 39.434, 43.957, 47.371, 51.505, 55.225, 55.721, 56.566, 58.52, 58.84, 58.497, 57.167, 57.804, 59.032, 57.936, 58.37, 60.732, 61.246, 61.387, 61.838, 62.031, 62.331, 62.679, 62.843, 63.326, 63.779, 63.694, 63.783, 63.557, 62.333, 60.267, 58.326, 58.847, 61.252, 61.11, 59.831, 60.035, 59.341, 58.482, 59.625, 61.941, 61.93, 62.064, 62.858, 63.608, 64.761, 65.762], [61.868, 61.113, 60.187, 61.149, 61.087, 59.896, 57.375, 55.485, 54.991, 54.613, 51.683, 48.636, 47.804, 44.491, 42.229, 41.735, 41.397, 40.045, 39.808, 39.213, 35.022, 28.324, 20.598, 9.597, 0.0, 5.585, 6.428, 8.685, 13.076, 14.886, 16.131, 18.414, 24.509, 24.886, 24.467, 23.689, 24.0, 23.904, 24.698, 28.628, 36.401, 41.625, 45.326, 49.829, 53.943, 54.668, 55.244, 56.91, 57.288, 57.27, 56.444, 57.485, 58.913, 57.858, 58.203, 60.532, 61.311, 61.75, 62.404, 62.673, 63.027, 63.467, 63.581, 63.969, 64.413, 64.343, 64.418, 64.25, 63.059, 60.735, 58.448, 58.846, 61.308, 61.156, 59.787, 60.135, 59.593, 58.874, 60.089, 62.58, 62.819, 63.013, 63.866, 64.69, 65.775, 66.638], [62.055, 61.442, 60.527, 61.497, 61.418, 60.208, 57.812, 56.091, 55.706, 55.328, 52.449, 49.541, 48.782, 45.614, 43.414, 42.901, 42.583, 41.332, 41.08, 40.424, 36.523, 30.182, 23.006, 13.467, 5.585, 0.0, 2.03, 4.987, 9.619, 11.76, 13.196, 15.747, 22.434, 23.037, 22.635, 21.78, 21.939, 21.854, 22.774, 26.796, 34.645, 40.18, 44.069, 48.7, 52.849, 53.561, 54.078, 55.657, 56.064, 56.164, 55.404, 56.464, 57.965, 56.976, 57.287, 59.645, 60.547, 61.078, 61.862, 62.301, 62.654, 63.075, 63.15, 63.519, 63.98, 63.908, 63.953, 63.778, 62.623, 60.289, 57.959, 58.287, 60.653, 60.454, 59.098, 59.49, 59.059, 58.42, 59.64, 62.161, 62.449, 62.652, 63.535, 64.382, 65.475, 66.329], [62.046, 61.447, 60.531, 61.488, 61.409, 60.229, 57.832, 56.088, 55.657, 55.28, 52.452, 49.556, 48.824, 45.689, 43.498, 42.99, 42.685, 41.445, 41.18, 40.457, 36.556, 30.263, 23.135, 13.767, 6.428, 2.03, 0.0, 4.499, 9.297, 11.363, 12.83, 15.513, 22.262, 22.861, 22.452, 21.625, 21.771, 21.668, 22.573, 26.481, 34.202, 39.668, 43.567, 48.189, 52.349, 53.099, 53.642, 55.214, 55.633, 55.79, 55.072, 56.148, 57.649, 56.664, 56.969, 59.312, 60.209, 60.745, 61.538, 62.013, 62.404, 62.826, 62.884, 63.246, 63.712, 63.64, 63.678, 63.508, 62.359, 60.022, 57.714, 58.058, 60.389, 60.158, 58.824, 59.258, 58.878, 58.293, 59.534, 62.057, 62.356, 62.565, 63.462, 64.302, 65.374, 66.209], [61.729, 61.119, 60.157, 61.11, 61.107, 59.967, 57.504, 55.638, 55.181, 54.924, 52.411, 49.662, 48.995, 46.051, 43.862, 43.322, 43.01, 41.808, 41.508, 40.765, 37.083, 31.253, 24.499, 15.579, 8.685, 4.987, 4.499, 0.0, 6.102, 8.867, 10.736, 13.803, 20.882, 21.797, 21.365, 20.682, 20.822, 20.686, 21.27, 25.18, 33.244, 38.724, 42.594, 47.568, 51.919, 52.686, 53.197, 54.592, 55.04, 55.467, 54.972, 56.077, 57.576, 56.621, 56.83, 59.088, 60.043, 60.612, 61.39, 61.8, 62.141, 62.595, 62.64, 62.978, 63.458, 63.39, 63.411, 63.252, 62.157, 59.712, 57.21, 57.491, 59.894, 59.746, 58.392, 58.975, 58.849, 58.401, 59.705, 62.314, 62.658, 62.891, 63.811, 64.631, 65.658, 66.47], [60.522, 59.914, 58.903, 59.887, 59.837, 58.599, 56.18, 54.475, 54.109, 53.875, 51.443, 48.811, 48.255, 45.384, 43.182, 42.623, 42.274, 41.076, 40.709, 39.903, 36.453, 31.265, 25.55, 18.362, 13.076, 9.619, 9.297, 6.102, 0.0, 5.167, 8.339, 11.766, 18.973, 20.074, 19.66, 19.172, 19.531, 19.37, 20.103, 24.73, 32.686, 38.046, 41.912, 47.149, 51.36, 51.849, 52.478, 53.803, 54.357, 54.975, 54.36, 55.276, 56.768, 55.876, 55.985, 58.134, 59.104, 59.601, 60.35, 60.809, 61.082, 61.501, 61.579, 61.955, 62.468, 62.392, 62.351, 62.14, 61.082, 58.653, 56.06, 56.273, 58.714, 58.613, 57.32, 57.995, 58.03, 57.668, 59.069, 61.752, 62.037, 62.3, 63.245, 64.058, 65.165, 66.057], [61.834, 61.27, 60.275, 61.294, 61.264, 60.114, 57.743, 55.915, 55.321, 55.011, 52.404, 49.728, 49.26, 46.474, 44.35, 43.797, 43.486, 42.411, 42.092, 41.343, 37.847, 32.323, 26.737, 19.878, 14.886, 11.76, 11.363, 8.867, 5.167, 0.0, 4.325, 10.136, 18.682, 19.844, 19.32, 18.833, 19.283, 19.186, 20.333, 24.853, 32.361, 37.524, 41.427, 46.776, 51.207, 52.019, 52.889, 54.26, 54.734, 55.193, 54.321, 55.072, 56.546, 55.626, 55.769, 58.009, 58.935, 59.374, 60.222, 60.829, 61.131, 61.541, 61.653, 62.122, 62.659, 62.573, 62.528, 62.292, 61.166, 58.709, 56.205, 56.481, 58.827, 58.666, 57.455, 58.164, 58.115, 57.659, 59.044, 61.647, 61.853, 62.117, 63.081, 63.936, 65.179, 66.157], [62.904, 62.416, 61.413, 62.477, 62.487, 61.356, 58.955, 57.018, 56.324, 55.919, 53.231, 50.573, 50.032, 47.32, 45.313, 44.763, 44.456, 43.464, 43.11, 42.385, 38.957, 33.392, 27.996, 21.201, 16.131, 13.196, 12.83, 10.736, 8.339, 4.325, 0.0, 8.718, 18.41, 19.668, 19.045, 18.508, 18.943, 18.85, 20.246, 24.697, 32.08, 37.248, 41.137, 46.467, 51.031, 52.042, 52.929, 54.23, 54.664, 55.097, 54.195, 54.934, 56.429, 55.502, 55.64, 57.901, 58.862, 59.362, 60.28, 60.948, 61.269, 61.682, 61.782, 62.236, 62.787, 62.717, 62.667, 62.433, 61.308, 58.86, 56.364, 56.631, 58.941, 58.775, 57.594, 58.309, 58.243, 57.77, 59.144, 61.739, 61.951, 62.228, 63.202, 64.093, 65.401, 66.397], [61.506, 61.317, 60.303, 61.251, 61.154, 59.839, 57.503, 55.884, 55.456, 54.879, 52.141, 49.41, 48.761, 46.16, 44.013, 43.468, 43.205, 42.55, 42.305, 41.707, 38.862, 33.896, 28.737, 23.021, 18.414, 15.747, 15.513, 13.803, 11.766, 10.136, 8.718, 0.0, 10.856, 13.023, 12.776, 12.761, 14.358, 14.746, 16.362, 21.823, 29.975, 35.612, 39.593, 44.705, 48.851, 49.97, 50.791, 52.09, 52.462, 52.251, 50.914, 51.573, 53.086, 52.272, 52.504, 54.824, 56.002, 56.82, 58.058, 58.925, 59.266, 59.643, 59.733, 60.164, 60.689, 60.764, 60.817, 60.594, 59.663, 57.433, 55.103, 55.46, 57.785, 57.664, 56.367, 56.834, 56.692, 56.127, 57.25, 59.557, 59.875, 60.227, 61.148, 61.92, 63.08, 64.151], [59.654, 59.863, 58.89, 59.724, 59.476, 57.909, 55.596, 54.39, 54.333, 53.692, 51.202, 48.507, 47.844, 45.599, 43.458, 42.964, 42.751, 42.497, 42.449, 41.94, 39.917, 36.345, 31.913, 27.883, 24.509, 22.434, 22.262, 20.882, 18.973, 18.682, 18.41, 10.856, 0.0, 5.002, 6.61, 8.796, 12.664, 13.586, 15.026, 21.669, 30.099, 35.797, 39.612, 44.414, 48.007, 49.231, 50.087, 51.275, 51.699, 50.868, 48.851, 49.18, 50.598, 50.018, 50.282, 52.39, 53.802, 54.885, 56.328, 57.322, 57.665, 58.034, 58.189, 58.703, 59.219, 59.412, 59.588, 59.326, 58.662, 56.691, 54.417, 54.843, 57.242, 57.218, 55.808, 55.957, 55.774, 55.129, 55.81, 57.677, 58.025, 58.45, 59.228, 59.857, 60.931, 62.132], [59.622, 59.887, 59.037, 59.956, 59.732, 58.134, 55.836, 54.739, 54.785, 54.119, 51.446, 48.698, 48.07, 45.75, 43.64, 43.166, 42.923, 42.626, 42.644, 42.076, 39.933, 36.473, 32.062, 28.019, 24.886, 23.037, 22.861, 21.797, 20.074, 19.844, 19.668, 13.023, 5.002, 0.0, 3.647, 6.705, 10.966, 11.972, 13.803, 21.403, 30.34, 36.24, 40.084, 44.782, 48.281, 49.42, 50.326, 51.657, 52.122, 51.166, 48.877, 49.015, 50.409, 49.89, 50.241, 52.364, 53.753, 54.774, 56.186, 57.222, 57.644, 58.053, 58.277, 58.89, 59.458, 59.631, 59.802, 59.506, 58.765, 56.796, 54.494, 54.951, 57.409, 57.403, 56.004, 56.01, 55.654, 54.849, 55.328, 57.036, 57.243, 57.591, 58.275, 58.868, 60.055, 61.367], [59.76, 59.958, 59.052, 59.985, 59.858, 58.345, 56.025, 54.774, 54.693, 54.017, 51.347, 48.6, 47.953, 45.632, 43.518, 43.051, 42.858, 42.561, 42.571, 41.971, 39.712, 36.171, 31.79, 27.627, 24.467, 22.635, 22.452, 21.365, 19.66, 19.32, 19.045, 12.776, 6.61, 3.647, 0.0, 4.534, 9.656, 10.795, 12.683, 20.548, 29.925, 36.075, 40.01, 44.845, 48.453, 49.538, 50.368, 51.632, 52.104, 51.266, 49.098, 49.255, 50.631, 50.096, 50.422, 52.533, 53.923, 54.921, 56.291, 57.283, 57.666, 58.033, 58.223, 58.827, 59.436, 59.653, 59.83, 59.547, 58.831, 56.858, 54.54, 54.982, 57.455, 57.45, 56.043, 56.111, 55.827, 55.077, 55.613, 57.412, 57.655, 57.992, 58.677, 59.265, 60.448, 61.756], [59.657, 59.937, 59.194, 60.197, 60.054, 58.443, 56.163, 54.973, 54.893, 54.056, 51.029, 48.256, 47.616, 45.186, 43.115, 42.598, 42.452, 42.15, 42.169, 41.709, 39.364, 35.414, 30.9, 26.814, 23.689, 21.78, 21.625, 20.682, 19.172, 18.833, 18.508, 12.761, 8.796, 6.705, 4.534, 0.0, 6.229, 8.158, 10.71, 19.683, 29.781, 36.255, 40.366, 45.138, 48.669, 49.587, 50.351, 51.725, 52.157, 51.188, 48.958, 49.126, 50.515, 49.926, 50.34, 52.602, 53.958, 54.895, 56.251, 57.26, 57.712, 58.181, 58.44, 59.081, 59.694, 59.922, 60.119, 59.813, 59.093, 57.201, 54.89, 55.342, 57.836, 57.805, 56.332, 56.249, 55.811, 54.948, 55.475, 57.323, 57.549, 57.822, 58.464, 59.103, 60.361, 61.698], [59.545, 59.927, 59.519, 60.637, 60.547, 59.069, 56.826, 55.509, 55.406, 54.643, 51.626, 49.03, 48.504, 46.254, 44.504, 43.972, 43.859, 43.469, 43.447, 43.024, 40.672, 36.538, 31.796, 27.298, 24.0, 21.939, 21.771, 20.822, 19.531, 19.283, 18.943, 14.358, 12.664, 10.966, 9.656, 6.229, 0.0, 3.495, 7.306, 17.609, 28.69, 35.595, 39.925, 44.669, 48.118, 48.814, 49.555, 51.028, 51.385, 50.627, 48.843, 49.322, 50.757, 50.065, 50.505, 52.884, 54.193, 55.062, 56.413, 57.453, 58.084, 58.779, 59.096, 59.735, 60.344, 60.545, 60.719, 60.421, 59.679, 57.732, 55.327, 55.853, 58.364, 58.303, 56.72, 56.51, 56.088, 55.27, 55.825, 57.738, 57.936, 58.042, 58.639, 59.252, 60.402, 61.617], [59.306, 59.599, 59.215, 60.366, 60.285, 58.927, 56.633, 55.162, 55.046, 54.492, 51.757, 49.218, 48.683, 46.525, 44.916, 44.42, 44.295, 43.843, 43.868, 43.414, 40.993, 36.976, 32.251, 27.411, 23.904, 21.854, 21.668, 20.686, 19.37, 19.186, 18.85, 14.746, 13.586, 11.972, 10.795, 8.158, 3.495, 0.0, 5.88, 16.924, 28.064, 35.06, 39.464, 44.307, 47.82, 48.514, 49.322, 50.728, 51.092, 50.615, 49.095, 49.738, 51.209, 50.492, 50.886, 53.196, 54.477, 55.294, 56.571, 57.55, 58.205, 58.942, 59.259, 59.871, 60.475, 60.653, 60.795, 60.503, 59.738, 57.679, 55.162, 55.764, 58.362, 58.304, 56.706, 56.54, 56.204, 55.482, 56.118, 58.108, 58.309, 58.402, 59.025, 59.623, 60.716, 61.864], [58.965, 59.165, 58.763, 59.869, 60.022, 58.874, 56.454, 54.741, 54.618, 54.368, 52.291, 49.982, 49.419, 47.523, 46.003, 45.537, 45.469, 45.065, 45.027, 44.475, 42.275, 38.576, 33.664, 28.385, 24.698, 22.774, 22.573, 21.27, 20.103, 20.333, 20.246, 16.362, 15.026, 13.803, 12.683, 10.71, 7.306, 5.88, 0.0, 13.362, 26.473, 34.036, 38.523, 43.484, 47.02, 47.636, 48.173, 49.377, 49.741, 49.615, 48.78, 49.798, 51.274, 50.526, 50.819, 53.022, 54.374, 55.295, 56.437, 57.171, 57.85, 58.643, 58.878, 59.403, 59.993, 60.184, 60.343, 60.137, 59.491, 57.341, 54.572, 55.18, 58.024, 58.153, 56.404, 56.284, 56.243, 55.778, 56.534, 58.722, 59.12, 59.198, 59.833, 60.389, 61.243, 62.223], [60.536, 60.816, 60.365, 61.333, 61.799, 61.4, 59.142, 56.93, 56.43, 56.561, 55.384, 53.437, 52.964, 51.571, 50.286, 49.877, 49.901, 49.609, 49.546, 48.807, 46.854, 43.276, 38.16, 32.399, 28.628, 26.796, 26.481, 25.18, 24.73, 24.853, 24.697, 21.823, 21.669, 21.403, 20.548, 19.683, 17.609, 16.924, 13.362, 0.0, 16.325, 26.31, 31.786, 36.666, 40.539, 41.55, 41.611, 42.709, 42.765, 43.571, 44.939, 47.267, 48.897, 48.064, 48.161, 50.299, 51.614, 52.854, 53.931, 54.229, 54.814, 55.559, 55.475, 55.7, 56.192, 56.352, 56.564, 56.705, 56.231, 53.966, 51.402, 52.078, 54.625, 55.069, 53.489, 53.623, 54.147, 54.405, 55.492, 57.864, 58.686, 58.744, 59.672, 60.08, 60.172, 60.48], [62.897, 63.351, 62.812, 63.59, 64.024, 64.186, 62.394, 60.154, 59.391, 59.883, 59.146, 57.349, 57.073, 55.956, 54.84, 54.498, 54.54, 54.342, 54.414, 53.461, 51.573, 48.444, 44.128, 39.434, 36.401, 34.645, 34.202, 33.244, 32.686, 32.361, 32.08, 29.975, 30.099, 30.34, 29.925, 29.781, 28.69, 28.064, 26.473, 16.325, 0.0, 13.109, 20.487, 25.565, 30.569, 33.084, 33.999, 35.408, 35.399, 37.64, 40.962, 44.375, 46.2, 45.387, 45.092, 46.727, 47.791, 49.28, 50.337, 50.408, 50.806, 51.353, 50.948, 50.852, 51.208, 51.261, 51.495, 51.993, 51.627, 49.203, 47.358, 48.396, 50.074, 50.455, 49.752, 50.731, 51.949, 53.002, 54.223, 56.263, 57.146, 57.249, 58.467, 58.637, 58.153, 57.817], [64.811, 65.384, 64.805, 65.418, 65.718, 66.149, 64.542, 62.28, 61.338, 62.177, 61.826, 60.017, 59.915, 58.929, 57.847, 57.513, 57.514, 57.333, 57.501, 56.338, 54.224, 51.468, 47.757, 43.957, 41.625, 40.18, 39.668, 38.724, 38.046, 37.524, 37.248, 35.612, 35.797, 36.24, 36.075, 36.255, 35.595, 35.06, 34.036, 26.31, 13.109, 0.0, 9.133, 17.038, 25.414, 30.278, 32.39, 33.896, 34.366, 37.535, 41.269, 44.851, 46.696, 45.81, 44.931, 45.857, 46.89, 48.539, 49.57, 49.572, 49.998, 50.537, 49.941, 49.607, 49.908, 49.971, 50.178, 50.768, 50.375, 47.511, 45.905, 47.088, 48.447, 48.665, 48.65, 51.03, 53.141, 54.672, 55.778, 57.49, 58.27, 58.4, 59.595, 59.691, 59.18, 58.588], [65.745, 66.395, 65.744, 66.272, 66.625, 67.255, 65.749, 63.47, 62.602, 63.593, 63.516, 61.881, 61.784, 60.936, 59.877, 59.541, 59.527, 59.361, 59.519, 58.316, 56.332, 54.051, 50.771, 47.371, 45.326, 44.069, 43.567, 42.594, 41.912, 41.427, 41.137, 39.593, 39.612, 40.084, 40.01, 40.366, 39.925, 39.464, 38.523, 31.786, 20.487, 9.133, 0.0, 11.184, 22.02, 28.186, 30.794, 32.163, 33.007, 36.985, 41.366, 45.301, 47.174, 46.227, 44.84, 45.05, 46.093, 47.937, 48.956, 49.012, 49.642, 50.352, 49.684, 49.157, 49.429, 49.503, 49.717, 50.379, 50.051, 46.96, 45.299, 46.587, 47.844, 47.899, 47.947, 50.915, 53.702, 55.646, 56.596, 58.099, 58.897, 59.075, 60.22, 60.183, 59.518, 58.647], [66.304, 67.288, 66.708, 67.177, 67.577, 68.43, 67.191, 65.033, 64.269, 65.194, 65.188, 63.774, 63.704, 63.076, 62.161, 61.872, 61.911, 61.864, 62.073, 61.035, 59.585, 57.58, 54.478, 51.505, 49.829, 48.7, 48.189, 47.568, 47.149, 46.776, 46.467, 44.705, 44.414, 44.782, 44.845, 45.138, 44.669, 44.307, 43.484, 36.666, 25.565, 17.038, 11.184, 0.0, 13.071, 21.568, 24.888, 26.769, 27.458, 31.888, 37.667, 42.642, 44.662, 43.765, 42.306, 42.084, 42.897, 45.19, 46.519, 46.998, 48.166, 49.113, 48.427, 47.772, 47.959, 47.947, 48.2, 49.036, 48.908, 46.231, 45.11, 46.866, 47.627, 47.304, 47.184, 49.432, 52.097, 54.417, 55.07, 55.974, 56.923, 57.155, 58.307, 57.791, 56.447, 55.016], [64.538, 65.827, 65.363, 65.782, 66.343, 67.417, 66.532, 64.691, 64.241, 65.058, 65.18, 64.219, 64.181, 63.746, 62.945, 62.69, 62.795, 62.851, 62.882, 61.872, 61.217, 59.94, 57.468, 55.225, 53.943, 52.849, 52.349, 51.919, 51.36, 51.207, 51.031, 48.851, 48.007, 48.281, 48.453, 48.669, 48.118, 47.82, 47.02, 40.539, 30.569, 25.414, 22.02, 13.071, 0.0, 11.593, 17.985, 21.405, 21.487, 25.958, 33.416, 39.498, 41.619, 40.897, 39.538, 39.008, 39.196, 41.47, 43.115, 44.253, 46.031, 47.161, 46.536, 45.952, 46.106, 46.01, 46.29, 47.203, 47.315, 45.31, 44.63, 47.017, 47.53, 46.883, 46.404, 47.285, 49.404, 51.894, 52.546, 52.823, 53.75, 54.014, 55.244, 54.042, 51.644, 49.652], [62.052, 63.389, 63.031, 63.527, 64.246, 65.337, 64.651, 63.127, 63.058, 63.667, 63.623, 63.065, 62.968, 62.453, 61.759, 61.51, 61.591, 61.47, 61.205, 60.193, 59.959, 59.366, 57.558, 55.721, 54.668, 53.561, 53.099, 52.686, 51.849, 52.019, 52.042, 49.97, 49.231, 49.42, 49.538, 49.587, 48.814, 48.514, 47.636, 41.55, 33.084, 30.278, 28.186, 21.568, 11.593, 0.0, 10.94, 16.605, 17.236, 23.693, 32.783, 39.453, 41.584, 40.752, 39.281, 38.562, 38.414, 40.331, 41.688, 42.831, 44.724, 45.987, 45.468, 44.913, 45.102, 44.915, 45.129, 46.076, 46.258, 44.674, 44.113, 46.466, 47.063, 46.46, 45.734, 45.88, 47.791, 50.336, 51.24, 51.829, 52.725, 52.915, 54.152, 52.631, 49.706, 47.386], [62.632, 64.148, 63.792, 64.292, 64.964, 65.912, 65.109, 63.385, 63.204, 63.589, 63.606, 63.129, 62.965, 62.604, 62.013, 61.781, 61.88, 61.866, 61.909, 61.264, 61.142, 60.683, 58.779, 56.566, 55.244, 54.078, 53.642, 53.197, 52.478, 52.889, 52.929, 50.791, 50.087, 50.326, 50.368, 50.351, 49.555, 49.322, 48.173, 41.611, 33.999, 32.39, 30.794, 24.888, 17.985, 10.94, 0.0, 8.107, 9.792, 18.881, 30.454, 38.054, 40.288, 39.297, 37.474, 36.68, 37.332, 40.041, 41.442, 42.372, 44.224, 45.498, 44.806, 43.943, 44.079, 43.949, 44.203, 45.372, 45.825, 44.559, 44.211, 45.995, 46.467, 46.059, 45.191, 45.207, 47.253, 50.028, 51.001, 52.411, 54.427, 54.893, 56.113, 54.978, 52.332, 50.017], [63.0, 64.532, 64.088, 64.544, 65.298, 66.302, 65.278, 63.085, 62.658, 63.168, 63.838, 63.594, 63.427, 63.537, 63.104, 62.885, 63.073, 63.252, 63.521, 63.039, 63.1, 62.938, 61.053, 58.52, 56.91, 55.657, 55.214, 54.592, 53.803, 54.26, 54.23, 52.09, 51.275, 51.657, 51.632, 51.725, 51.028, 50.728, 49.377, 42.709, 35.408, 33.896, 32.163, 26.769, 21.405, 16.605, 8.107, 0.0, 6.533, 19.099, 31.204, 38.817, 41.035, 40.109, 37.917, 36.498, 37.607, 40.774, 42.122, 42.833, 44.579, 45.871, 45.103, 43.999, 44.095, 44.026, 44.267, 45.533, 46.258, 44.964, 44.338, 45.833, 46.336, 46.019, 45.097, 45.361, 47.828, 50.948, 52.097, 54.028, 56.616, 57.38, 58.619, 57.804, 55.487, 53.25], [63.412, 64.966, 64.563, 65.029, 65.784, 66.781, 65.712, 63.421, 62.89, 63.363, 64.016, 63.786, 63.633, 63.812, 63.487, 63.303, 63.494, 63.745, 64.058, 63.612, 63.688, 63.317, 61.342, 58.84, 57.288, 56.064, 55.633, 55.04, 54.357, 54.734, 54.664, 52.462, 51.699, 52.122, 52.104, 52.157, 51.385, 51.092, 49.741, 42.765, 35.399, 34.366, 33.007, 27.458, 21.487, 17.236, 9.792, 6.533, 0.0, 14.557, 28.286, 36.57, 38.812, 37.937, 35.914, 34.923, 35.973, 39.089, 40.679, 41.573, 43.434, 44.728, 43.926, 42.975, 43.078, 42.984, 43.283, 44.562, 45.32, 44.213, 43.798, 45.511, 45.946, 45.66, 44.521, 44.368, 46.673, 49.724, 50.757, 52.498, 55.26, 55.96, 57.314, 56.428, 53.885, 51.62], [63.454, 65.211, 64.971, 65.467, 65.843, 66.278, 65.175, 63.129, 62.468, 62.378, 62.193, 61.746, 61.87, 62.027, 61.684, 61.544, 61.746, 62.332, 63.116, 63.099, 63.228, 62.365, 60.383, 58.497, 57.27, 56.164, 55.79, 55.467, 54.975, 55.193, 55.097, 52.251, 50.868, 51.166, 51.266, 51.188, 50.627, 50.615, 49.615, 43.571, 37.64, 37.535, 36.985, 31.888, 25.958, 23.693, 18.881, 19.099, 14.557, 0.0, 16.141, 25.948, 28.376, 27.609, 26.122, 26.492, 27.844, 31.214, 33.884, 35.976, 38.411, 39.784, 39.315, 39.063, 39.22, 39.221, 39.732, 40.754, 41.53, 41.189, 41.56, 43.716, 44.167, 43.735, 42.08, 40.54, 41.593, 43.74, 44.05, 45.299, 48.873, 49.711, 50.971, 50.393, 48.418, 46.946], [62.727, 64.482, 64.395, 65.012, 64.795, 64.362, 62.993, 61.157, 60.325, 59.65, 58.403, 57.578, 58.19, 58.382, 58.026, 57.908, 58.111, 59.154, 60.749, 61.291, 61.267, 59.904, 58.166, 57.167, 56.444, 55.404, 55.072, 54.972, 54.36, 54.321, 54.195, 50.914, 48.851, 48.877, 49.098, 48.958, 48.843, 49.095, 48.78, 44.939, 40.962, 41.269, 41.366, 37.667, 33.416, 32.783, 30.454, 31.204, 28.286, 16.141, 0.0, 10.798, 13.986, 13.903, 13.937, 16.975, 18.911, 22.25, 26.236, 30.019, 32.814, 34.081, 34.319, 35.135, 35.489, 35.592, 36.14, 36.479, 36.919, 37.224, 38.098, 40.432, 41.203, 40.685, 38.95, 36.346, 35.613, 36.101, 35.518, 36.533, 40.718, 42.021, 42.944, 43.151, 43.347, 43.851], [63.502, 65.196, 65.168, 65.852, 65.294, 64.315, 62.715, 60.96, 60.004, 58.957, 57.147, 56.093, 56.987, 57.267, 56.943, 56.835, 57.016, 58.379, 60.469, 61.269, 61.143, 59.634, 58.188, 57.804, 57.485, 56.464, 56.148, 56.077, 55.276, 55.072, 54.934, 51.573, 49.18, 49.015, 49.255, 49.126, 49.322, 49.738, 49.798, 47.267, 44.375, 44.851, 45.301, 42.642, 39.498, 39.453, 38.054, 38.817, 36.57, 25.948, 10.798, 0.0, 4.71, 7.195, 9.874, 14.979, 17.244, 19.972, 24.191, 28.587, 31.098, 31.903, 32.407, 33.847, 34.382, 34.557, 35.035, 34.884, 35.092, 35.854, 36.962, 39.025, 39.922, 39.521, 38.095, 35.387, 33.9, 33.418, 32.573, 33.704, 37.91, 39.491, 40.145, 40.877, 42.696, 44.683], [64.041, 65.772, 65.761, 66.407, 65.823, 64.809, 63.169, 61.336, 60.289, 59.143, 57.329, 56.275, 57.213, 57.657, 57.439, 57.377, 57.578, 59.045, 61.234, 62.101, 62.035, 60.586, 59.232, 59.032, 58.913, 57.965, 57.649, 57.576, 56.768, 56.546, 56.429, 53.086, 50.598, 50.409, 50.631, 50.515, 50.757, 51.209, 51.274, 48.897, 46.2, 46.696, 47.174, 44.662, 41.619, 41.584, 40.288, 41.035, 38.812, 28.376, 13.986, 4.71, 0.0, 4.668, 8.57, 14.198, 16.618, 19.248, 23.453, 28.009, 30.513, 31.144, 31.568, 33.147, 33.735, 33.949, 34.463, 34.272, 34.612, 35.654, 36.996, 39.031, 39.899, 39.47, 38.033, 35.352, 33.955, 33.504, 32.82, 34.103, 38.353, 39.911, 40.443, 41.145, 43.05, 45.321], [63.099, 64.867, 64.877, 65.511, 64.959, 64.064, 62.422, 60.445, 59.316, 58.221, 56.416, 55.319, 56.24, 56.733, 56.614, 56.583, 56.808, 58.246, 60.445, 61.377, 61.218, 59.638, 58.205, 57.936, 57.858, 56.976, 56.664, 56.621, 55.876, 55.626, 55.502, 52.272, 50.018, 49.89, 50.096, 49.926, 50.065, 50.492, 50.526, 48.064, 45.387, 45.81, 46.227, 43.765, 40.897, 40.752, 39.297, 40.109, 37.937, 27.609, 13.903, 7.195, 4.668, 0.0, 5.661, 12.679, 15.188, 18.014, 22.451, 27.18, 29.863, 30.638, 31.047, 32.538, 33.096, 33.317, 33.879, 33.795, 34.133, 35.059, 36.51, 38.679, 39.636, 39.076, 37.465, 34.869, 33.569, 33.235, 32.822, 34.433, 38.72, 40.204, 40.706, 41.346, 43.057, 45.129], [62.202, 64.044, 64.005, 64.618, 64.124, 63.367, 61.721, 59.619, 58.449, 57.478, 56.034, 55.129, 56.023, 56.645, 56.591, 56.561, 56.785, 58.194, 60.325, 61.15, 61.094, 59.944, 58.707, 58.37, 58.203, 57.287, 56.969, 56.83, 55.985, 55.769, 55.64, 52.504, 50.282, 50.241, 50.422, 50.34, 50.505, 50.886, 50.819, 48.161, 45.092, 44.931, 44.84, 42.306, 39.538, 39.281, 37.474, 37.917, 35.914, 26.122, 13.937, 9.874, 8.57, 5.661, 0.0, 8.129, 12.049, 15.91, 20.389, 24.984, 27.666, 28.527, 28.851, 30.149, 30.704, 30.987, 31.577, 31.636, 32.237, 33.083, 34.536, 36.673, 37.701, 37.234, 35.612, 33.564, 33.156, 33.526, 33.359, 35.32, 39.717, 41.197, 41.768, 42.42, 43.886, 45.541], [61.677, 63.563, 63.46, 64.035, 63.626, 62.995, 61.38, 59.227, 58.081, 57.2, 56.28, 55.756, 56.666, 57.566, 57.597, 57.571, 57.814, 59.213, 61.24, 61.908, 62.135, 61.806, 61.01, 60.732, 60.532, 59.645, 59.312, 59.088, 58.134, 58.009, 57.901, 54.824, 52.39, 52.364, 52.533, 52.602, 52.884, 53.196, 53.022, 50.299, 46.727, 45.857, 45.05, 42.084, 39.008, 38.562, 36.68, 36.498, 34.923, 26.492, 16.975, 14.979, 14.198, 12.679, 8.129, 0.0, 7.038, 12.995, 17.15, 21.333, 24.092, 25.183, 25.526, 26.549, 27.005, 27.361, 27.995, 28.214, 29.342, 30.324, 31.844, 33.99, 34.915, 34.494, 32.906, 31.319, 31.972, 33.297, 33.284, 35.463, 39.895, 41.444, 42.05, 42.84, 44.21, 45.46], [61.362, 63.025, 62.946, 63.552, 63.207, 62.65, 61.11, 59.045, 57.938, 57.025, 55.983, 55.625, 56.67, 57.555, 57.592, 57.575, 57.804, 59.106, 60.984, 61.565, 61.838, 61.651, 61.205, 61.246, 61.311, 60.547, 60.209, 60.043, 59.104, 58.935, 58.862, 56.002, 53.802, 53.753, 53.923, 53.958, 54.193, 54.477, 54.374, 51.614, 47.791, 46.89, 46.093, 42.897, 39.196, 38.414, 37.332, 37.607, 35.973, 27.844, 18.911, 17.244, 16.618, 15.188, 12.049, 7.038, 0.0, 7.22, 12.244, 17.369, 20.794, 22.356, 23.242, 24.6, 24.929, 25.133, 25.788, 25.919, 26.925, 28.062, 29.965, 32.684, 33.434, 32.853, 31.154, 28.898, 29.239, 30.614, 30.739, 32.789, 36.975, 38.444, 39.158, 40.045, 41.478, 42.738], [61.224, 62.491, 62.449, 63.138, 62.784, 62.148, 60.562, 58.55, 57.466, 56.501, 55.253, 55.123, 56.401, 57.214, 57.291, 57.288, 57.458, 58.574, 60.28, 60.774, 61.015, 60.956, 60.947, 61.387, 61.75, 61.078, 60.745, 60.612, 59.601, 59.374, 59.362, 56.82, 54.885, 54.774, 54.921, 54.895, 55.062, 55.294, 55.295, 52.854, 49.28, 48.539, 47.937, 45.19, 41.47, 40.331, 40.041, 40.774, 39.089, 31.214, 22.25, 19.972, 19.248, 18.014, 15.91, 12.995, 7.22, 0.0, 6.919, 14.061, 18.294, 20.453, 22.306, 24.497, 24.891, 24.932, 25.459, 25.235, 26.031, 27.209, 29.051, 32.218, 33.267, 32.8, 30.954, 28.094, 28.049, 29.061, 29.388, 31.497, 35.196, 36.495, 37.263, 38.428, 40.325, 42.016], [61.347, 62.208, 62.134, 62.885, 62.553, 61.805, 60.054, 58.024, 57.001, 56.023, 54.885, 55.036, 56.39, 57.22, 57.369, 57.365, 57.471, 58.401, 59.942, 60.335, 60.658, 60.946, 61.24, 61.838, 62.404, 61.862, 61.538, 61.39, 60.35, 60.222, 60.28, 58.058, 56.328, 56.186, 56.291, 56.251, 56.413, 56.571, 56.437, 53.931, 50.337, 49.57, 48.956, 46.519, 43.115, 41.688, 41.442, 42.122, 40.679, 33.884, 26.236, 24.191, 23.453, 22.451, 20.389, 17.15, 12.244, 6.919, 0.0, 8.455, 13.787, 16.828, 19.467, 22.037, 22.471, 22.368, 22.776, 22.454, 23.473, 24.78, 26.412, 29.654, 31.09, 31.068, 29.266, 26.543, 27.14, 28.625, 29.353, 32.047, 35.486, 36.683, 37.499, 39.02, 41.191, 42.918], [61.618, 62.164, 62.022, 62.794, 62.508, 61.657, 59.728, 57.664, 56.688, 55.738, 54.856, 55.184, 56.49, 57.378, 57.528, 57.484, 57.536, 58.3