[[0.0, 4.598, 6.832, 8.436, 12.327, 18.826, 24.921, 25.99, 30.227, 40.409, 47.21, 46.953, 47.824, 49.874, 48.85, 48.234, 49.492, 50.217, 50.4, 49.629, 52.058, 54.726, 55.402, 57.305, 58.019, 58.476, 57.616, 58.031, 59.083, 60.507, 64.986, 68.922, 71.495, 70.831, 69.607, 68.227, 67.357, 67.388, 67.056, 64.686, 63.597, 63.364, 62.824, 62.757, 62.366, 62.505, 62.742, 62.91, 63.453, 62.287, 61.617, 63.661, 64.947, 66.439, 67.149, 66.54, 67.054, 67.246, 67.118, 66.852, 66.139, 66.171, 66.261, 66.532, 66.692, 66.517, 66.943, 68.836, 70.516, 71.263, 72.315, 73.159, 73.418, 73.646, 70.516, 67.278, 67.53, 68.097, 68.616, 68.7, 68.262, 68.307, 68.755, 69.753, 70.343, 69.752], [4.598, 0.0, 3.135, 6.078, 11.967, 18.99, 24.964, 25.965, 29.994, 39.71, 46.309, 46.051, 47.12, 49.265, 48.172, 47.5, 48.754, 49.553, 49.894, 49.328, 51.796, 54.392, 55.082, 57.001, 57.72, 58.172, 57.323, 57.696, 58.731, 60.156, 64.562, 68.386, 70.96, 70.325, 69.19, 67.935, 67.12, 67.171, 66.846, 64.489, 63.425, 63.201, 62.694, 62.664, 62.304, 62.457, 62.671, 62.848, 63.401, 62.205, 61.481, 63.482, 64.731, 66.185, 66.893, 66.29, 66.769, 66.954, 66.84, 66.614, 65.945, 66.002, 66.134, 66.43, 66.641, 66.561, 66.985, 68.783, 70.393, 71.107, 72.14, 72.959, 73.219, 73.441, 70.414, 67.254, 67.428, 67.934, 68.382, 68.434, 68.008, 68.069, 68.518, 69.53, 70.163, 69.596], [6.832, 3.135, 0.0, 4.27, 11.452, 18.901, 24.93, 25.888, 29.838, 39.319, 45.771, 45.503, 46.668, 48.858, 47.702, 46.927, 48.127, 48.956, 49.357, 48.843, 51.318, 53.899, 54.62, 56.577, 57.313, 57.742, 56.894, 57.272, 58.298, 59.733, 64.106, 67.892, 70.491, 69.86, 68.736, 67.57, 66.855, 66.949, 66.629, 64.261, 63.183, 62.972, 62.478, 62.44, 62.081, 62.243, 62.458, 62.639, 63.218, 62.105, 61.453, 63.439, 64.666, 66.091, 66.787, 66.189, 66.65, 66.83, 66.729, 66.507, 65.834, 65.9, 66.048, 66.341, 66.563, 66.515, 66.938, 68.732, 70.327, 71.008, 72.028, 72.838, 73.094, 73.311, 70.32, 67.173, 67.32, 67.818, 68.25, 68.295, 67.871, 67.938, 68.385, 69.385, 70.014, 69.444], [8.436, 6.078, 4.27, 0.0, 8.242, 17.16, 23.868, 24.718, 28.777, 38.407, 44.841, 44.543, 45.751, 47.987, 46.855, 46.17, 47.376, 48.156, 48.537, 47.959, 50.429, 53.068, 53.829, 55.882, 56.659, 57.088, 56.201, 56.596, 57.646, 59.107, 63.619, 67.519, 70.154, 69.492, 68.305, 67.108, 66.424, 66.541, 66.246, 63.911, 62.81, 62.586, 62.038, 61.924, 61.532, 61.69, 61.909, 62.082, 62.636, 61.509, 60.93, 62.989, 64.248, 65.695, 66.402, 65.815, 66.307, 66.489, 66.37, 66.16, 65.536, 65.621, 65.75, 66.032, 66.239, 66.184, 66.641, 68.505, 70.152, 70.854, 71.879, 72.714, 72.968, 73.168, 70.116, 66.887, 67.074, 67.643, 68.126, 68.187, 67.761, 67.823, 68.266, 69.262, 69.9, 69.334], [12.327, 11.967, 11.452, 8.242, 0.0, 11.298, 19.642, 20.356, 24.809, 35.451, 42.19, 41.819, 42.931, 45.191, 44.217, 43.898, 45.239, 45.849, 46.046, 45.21, 47.613, 50.319, 51.094, 53.341, 54.222, 54.706, 53.755, 54.265, 55.388, 56.87, 61.728, 65.82, 68.457, 67.723, 66.358, 64.948, 64.159, 64.241, 64.022, 61.877, 60.894, 60.618, 59.948, 59.756, 59.353, 59.489, 59.66, 59.783, 60.239, 58.947, 58.402, 60.657, 62.023, 63.567, 64.323, 63.732, 64.292, 64.489, 64.313, 64.123, 63.603, 63.714, 63.809, 64.064, 64.229, 64.181, 64.745, 66.723, 68.472, 69.286, 70.393, 71.298, 71.569, 71.774, 68.58, 65.141, 65.4, 66.096, 66.66, 66.761, 66.359, 66.434, 66.884, 67.88, 68.47, 67.847], [18.826, 18.99, 18.901, 17.16, 11.298, 0.0, 9.646, 10.797, 15.602, 28.124, 36.024, 35.607, 36.301, 38.519, 37.712, 37.719, 39.442, 39.878, 39.799, 38.957, 41.64, 44.35, 45.131, 47.532, 48.673, 49.279, 48.21, 48.625, 49.75, 51.273, 56.272, 60.265, 63.032, 62.354, 60.841, 59.262, 58.373, 58.429, 58.289, 56.663, 56.485, 56.166, 55.536, 55.529, 55.264, 55.368, 55.277, 55.263, 55.595, 54.119, 53.427, 55.839, 57.38, 58.966, 59.712, 59.114, 59.703, 59.934, 59.604, 59.324, 58.675, 58.681, 58.855, 59.108, 59.325, 59.675, 60.409, 62.021, 63.645, 64.458, 65.572, 66.478, 66.808, 67.054, 63.814, 60.327, 60.412, 61.006, 61.539, 61.667, 61.399, 61.572, 62.058, 63.061, 63.43, 62.602], [24.921, 24.964, 24.93, 23.868, 19.642, 9.646, 0.0, 3.16, 9.399, 23.008, 31.922, 31.554, 31.978, 34.149, 33.536, 33.92, 35.998, 36.322, 36.177, 35.679, 38.563, 41.042, 41.85, 44.294, 45.659, 46.386, 45.254, 45.499, 46.578, 48.067, 52.873, 56.447, 59.271, 58.734, 57.206, 55.592, 54.693, 54.767, 54.616, 53.434, 54.317, 54.048, 53.412, 53.655, 53.567, 53.636, 53.281, 53.21, 53.455, 51.78, 50.761, 53.093, 54.656, 56.111, 56.768, 56.195, 56.757, 56.998, 56.521, 56.167, 55.359, 55.194, 55.451, 55.717, 56.025, 56.926, 57.898, 59.019, 60.434, 61.176, 62.211, 63.074, 63.461, 63.738, 60.57, 57.246, 57.039, 57.366, 57.773, 57.908, 57.777, 58.013, 58.497, 59.492, 59.664, 58.673], [25.99, 25.965, 25.888, 24.718, 20.356, 10.797, 3.16, 0.0, 8.202, 22.45, 31.506, 31.131, 31.622, 33.847, 33.293, 33.823, 35.941, 36.254, 36.145, 35.538, 38.143, 40.449, 41.232, 43.717, 45.1, 45.865, 44.749, 45.034, 46.122, 47.613, 52.52, 56.044, 58.808, 58.261, 56.71, 55.059, 54.125, 54.187, 54.037, 52.859, 53.822, 53.602, 52.963, 53.217, 53.122, 53.187, 52.849, 52.786, 53.0, 51.243, 50.151, 52.484, 54.045, 55.497, 56.17, 55.612, 56.173, 56.407, 55.927, 55.605, 54.828, 54.643, 54.888, 55.152, 55.455, 56.411, 57.473, 58.648, 60.08, 60.858, 61.947, 62.843, 63.233, 63.518, 60.383, 57.043, 56.8, 57.144, 57.571, 57.714, 57.591, 57.827, 58.308, 59.307, 59.522, 58.576], [30.227, 29.994, 29.838, 28.777, 24.809, 15.602, 9.399, 8.202, 0.0, 16.178, 26.504, 26.23, 26.402, 28.629, 28.154, 28.775, 31.187, 31.467, 31.383, 30.998, 33.78, 36.239, 37.314, 39.871, 41.378, 42.148, 40.984, 41.103, 42.107, 43.63, 48.474, 51.903, 54.828, 54.315, 52.766, 51.241, 50.386, 50.464, 50.392, 49.484, 50.768, 50.593, 50.354, 50.888, 50.782, 50.804, 50.277, 50.047, 50.11, 48.435, 47.603, 50.046, 51.59, 52.941, 53.617, 53.12, 53.638, 53.884, 53.342, 52.948, 52.119, 51.968, 52.358, 52.672, 53.04, 54.292, 55.416, 56.322, 57.494, 58.099, 59.149, 60.017, 60.437, 60.858, 58.1, 54.918, 54.472, 54.766, 55.185, 55.306, 55.321, 55.721, 56.23, 57.141, 57.189, 56.254], [40.409, 39.71, 39.319, 38.407, 35.451, 28.124, 23.008, 22.45, 16.178, 0.0, 11.764, 12.136, 13.135, 16.378, 16.135, 17.721, 21.036, 21.517, 22.763, 24.914, 28.678, 31.674, 33.915, 36.417, 37.921, 38.566, 37.754, 38.029, 38.992, 40.239, 43.477, 45.377, 47.802, 47.473, 46.476, 45.733, 45.367, 45.582, 45.698, 45.578, 47.596, 47.419, 47.253, 48.19, 48.323, 48.233, 47.299, 47.064, 47.21, 46.171, 46.31, 48.626, 49.554, 49.968, 50.354, 50.067, 50.362, 50.591, 49.957, 49.519, 49.196, 49.777, 50.673, 50.901, 51.438, 53.763, 55.288, 55.898, 56.545, 56.244, 56.582, 57.122, 57.535, 57.848, 56.039, 53.515, 52.301, 52.157, 52.241, 52.33, 52.547, 53.125, 53.574, 53.959, 53.176, 51.9], [47.21, 46.309, 45.771, 44.841, 42.19, 36.024, 31.922, 31.506, 26.504, 11.764, 0.0, 2.789, 8.063, 12.271, 12.236, 15.007, 18.415, 19.094, 21.854, 25.929, 29.84, 32.853, 35.632, 37.982, 39.304, 39.788, 39.395, 40.063, 41.107, 42.007, 43.671, 44.047, 45.615, 45.431, 45.009, 44.821, 44.744, 45.015, 45.305, 45.777, 47.945, 47.713, 47.229, 48.17, 48.627, 48.488, 47.443, 47.424, 47.794, 47.184, 47.885, 49.964, 50.361, 50.11, 50.294, 50.133, 50.269, 50.45, 49.851, 49.514, 49.841, 51.13, 52.313, 52.417, 53.018, 55.889, 57.627, 58.281, 58.752, 57.871, 57.682, 57.99, 58.346, 58.397, 57.078, 54.935, 53.35, 52.981, 52.717, 52.779, 53.019, 53.562, 53.944, 53.952, 52.635, 51.113], [46.953, 46.051, 45.503, 44.543, 41.819, 35.607, 31.554, 31.131, 26.23, 12.136, 2.789, 0.0, 6.597, 11.152, 11.135, 14.246, 17.76, 18.428, 21.209, 25.227, 29.207, 32.232, 34.929, 37.315, 38.683, 39.191, 38.847, 39.653, 40.746, 41.65, 43.397, 43.933, 45.547, 45.275, 44.743, 44.463, 44.34, 44.587, 44.9, 45.436, 47.669, 47.443, 46.909, 47.825, 48.323, 48.207, 47.217, 47.251, 47.631, 46.91, 47.459, 49.528, 49.99, 49.833, 50.053, 49.887, 50.061, 50.243, 49.658, 49.368, 49.736, 50.997, 52.115, 52.2, 52.774, 55.546, 57.22, 57.913, 58.466, 57.648, 57.511, 57.871, 58.24, 58.268, 56.888, 54.727, 53.241, 52.954, 52.716, 52.778, 53.0, 53.525, 53.904, 53.95, 52.733, 51.271], [47.824, 47.12, 46.668, 45.751, 42.931, 36.301, 31.978, 31.622, 26.402, 13.135, 8.063, 6.597, 0.0, 5.329, 6.389, 11.595, 15.685, 15.985, 18.429, 22.293, 26.566, 29.84, 32.537, 34.848, 36.301, 36.925, 36.598, 37.316, 38.361, 39.277, 40.954, 42.176, 44.365, 44.001, 43.258, 42.827, 42.62, 42.823, 43.225, 44.113, 46.745, 46.533, 46.068, 47.05, 47.577, 47.448, 46.472, 46.522, 46.823, 45.978, 46.358, 48.398, 49.034, 49.078, 49.351, 49.181, 49.422, 49.628, 49.022, 48.696, 48.986, 50.081, 51.058, 51.155, 51.671, 54.147, 55.592, 56.252, 56.856, 56.113, 56.07, 56.515, 56.938, 57.008, 55.567, 53.48, 52.247, 52.086, 51.959, 52.015, 52.256, 52.818, 53.149, 53.176, 52.019, 50.657], [49.874, 49.265, 48.858, 47.987, 45.191, 38.519, 34.149, 33.847, 28.629, 16.378, 12.271, 11.152, 5.329, 0.0, 4.105, 11.445, 15.564, 15.334, 17.375, 21.326, 25.796, 29.125, 31.934, 34.211, 35.681, 36.345, 35.997, 36.544, 37.514, 38.306, 39.572, 41.147, 43.801, 43.494, 42.707, 42.225, 41.981, 42.168, 42.699, 44.072, 47.157, 46.977, 46.532, 47.552, 48.175, 48.008, 46.922, 47.003, 47.236, 46.264, 46.47, 48.332, 48.984, 49.071, 49.334, 49.17, 49.419, 49.623, 48.996, 48.644, 48.94, 49.951, 50.859, 51.004, 51.509, 53.845, 55.103, 55.571, 56.097, 55.355, 55.327, 55.79, 56.251, 56.356, 54.999, 53.062, 51.966, 51.841, 51.69, 51.727, 52.009, 52.591, 52.871, 52.854, 51.719, 50.502], [48.85, 48.172, 47.702, 46.855, 44.217, 37.712, 33.536, 33.293, 28.154, 16.135, 12.236, 11.135, 6.389, 4.105, 0.0, 8.341, 12.913, 12.905, 15.376, 19.597, 24.389, 27.921, 30.885, 33.291, 34.875, 35.558, 35.163, 35.664, 36.665, 37.539, 38.928, 40.753, 43.647, 43.407, 42.668, 42.309, 42.166, 42.408, 42.916, 44.106, 47.016, 46.892, 46.502, 47.453, 48.002, 47.852, 46.776, 46.835, 47.253, 46.653, 47.179, 49.129, 49.76, 49.855, 50.133, 49.947, 50.184, 50.401, 49.8, 49.422, 49.682, 50.724, 51.65, 51.81, 52.313, 54.6, 55.871, 56.381, 56.897, 56.182, 56.184, 56.632, 57.08, 57.211, 55.848, 53.869, 52.755, 52.639, 52.516, 52.551, 52.829, 53.414, 53.709, 53.694, 52.503, 51.203], [48.234, 47.5, 46.927, 46.17, 43.898, 37.719, 33.92, 33.823, 28.775, 17.721, 15.007, 14.246, 11.595, 11.445, 8.341, 0.0, 5.673, 7.354, 10.834, 15.777, 21.638, 25.798, 29.101, 31.398, 32.79, 33.272, 32.797, 33.211, 34.258, 35.36, 37.013, 39.323, 42.837, 42.621, 41.867, 41.773, 41.937, 42.334, 42.701, 43.156, 45.46, 45.486, 45.436, 46.258, 46.465, 46.337, 45.405, 45.42, 46.192, 46.893, 48.389, 50.485, 51.191, 51.351, 51.604, 51.367, 51.585, 51.883, 51.448, 51.004, 51.066, 52.151, 53.16, 53.343, 53.827, 55.979, 57.176, 57.729, 58.245, 57.55, 57.593, 57.993, 58.403, 58.533, 57.083, 55.049, 53.963, 53.95, 53.996, 54.007, 54.246, 54.889, 55.252, 55.232, 53.894, 52.38], [49.492, 48.754, 48.127, 47.376, 45.239, 39.442, 35.998, 35.941, 31.187, 21.036, 18.415, 17.76, 15.685, 15.564, 12.913, 5.673, 0.0, 4.446, 9.227, 14.471, 20.561, 24.872, 28.319, 30.477, 31.506, 31.768, 31.357, 31.89, 33.008, 34.143, 35.651, 38.218, 42.188, 41.95, 41.13, 41.15, 41.538, 42.044, 42.344, 42.483, 44.602, 44.8, 44.887, 45.627, 45.639, 45.491, 44.675, 44.765, 45.7, 47.096, 49.154, 51.185, 51.825, 51.981, 52.209, 51.963, 52.187, 52.545, 52.292, 51.919, 52.012, 53.123, 54.085, 54.244, 54.697, 56.715, 57.823, 58.399, 58.919, 58.228, 58.268, 58.645, 59.048, 59.166, 57.721, 55.736, 54.727, 54.774, 54.863, 54.846, 55.031, 55.678, 56.052, 55.998, 54.668, 53.184], [50.217, 49.553, 48.956, 48.156, 45.849, 39.878, 36.322, 36.254, 31.467, 21.517, 19.094, 18.428, 15.985, 15.334, 12.905, 7.354, 4.446, 0.0, 6.016, 12.617, 19.368, 23.748, 27.228, 29.462, 30.582, 30.891, 30.474, 30.973, 32.038, 33.174, 34.697, 37.468, 41.63, 41.35, 40.372, 40.311, 40.708, 41.197, 41.525, 41.796, 44.12, 44.301, 44.277, 45.006, 45.14, 44.96, 43.962, 44.031, 44.933, 46.178, 48.048, 49.999, 50.69, 50.866, 51.066, 50.831, 51.097, 51.472, 51.17, 50.764, 50.843, 51.87, 52.752, 52.895, 53.325, 55.256, 56.247, 56.729, 57.269, 56.562, 56.571, 56.975, 57.388, 57.485, 56.057, 54.154, 53.187, 53.256, 53.395, 53.392, 53.594, 54.237, 54.583, 54.489, 53.197, 51.929], [50.4, 49.894, 49.357, 48.537, 46.046, 39.799, 36.177, 36.145, 31.383, 22.763, 21.854, 21.209, 18.429, 17.375, 15.376, 10.834, 9.227, 6.016, 0.0, 8.565, 17.14, 22.045, 25.61, 27.945, 29.174, 29.511, 28.916, 29.137, 30.095, 31.404, 33.511, 37.122, 41.81, 41.422, 40.09, 39.843, 40.205, 40.663, 40.985, 41.133, 43.396, 43.496, 43.472, 44.127, 44.24, 44.055, 42.914, 42.882, 43.717, 44.972, 46.687, 48.747, 49.865, 50.339, 50.536, 50.281, 50.603, 51.002, 50.659, 50.175, 50.034, 50.81, 51.571, 51.738, 52.101, 53.723, 54.447, 54.798, 55.418, 54.823, 54.943, 55.448, 55.874, 55.96, 54.38, 52.5, 51.744, 52.014, 52.414, 52.442, 52.644, 53.324, 53.676, 53.648, 52.496, 51.374], [49.629, 49.328, 48.843, 47.959, 45.21, 38.957, 35.679, 35.538, 30.998, 24.914, 25.929, 25.227, 22.293, 21.326, 19.597, 15.777, 14.471, 12.617, 8.565, 0.0, 10.235, 16.183, 19.93, 22.631, 24.241, 24.899, 24.244, 24.833, 26.146, 27.657, 31.257, 36.399, 41.608, 41.044, 39.243, 38.621, 38.908, 39.37, 39.684, 39.643, 41.671, 41.759, 41.767, 42.303, 42.177, 41.979, 40.991, 40.859, 41.568, 42.773, 44.765, 47.266, 48.72, 49.657, 50.12, 49.861, 50.322, 50.779, 50.457, 50.044, 49.84, 50.395, 50.937, 51.06, 51.237, 52.406, 53.153, 53.964, 54.853, 54.672, 55.244, 55.969, 56.443, 56.722, 54.972, 52.78, 52.328, 52.954, 53.661, 53.732, 53.863, 54.54, 54.942, 55.092, 54.194, 53.102], [52.058, 51.796, 51.318, 50.429, 47.613, 41.64, 38.563, 38.143, 33.78, 28.678, 29.84, 29.207, 26.566, 25.796, 24.389, 21.638, 20.561, 19.368, 17.14, 10.235, 0.0, 7.28, 12.125, 15.536, 17.923, 19.209, 19.013, 21.055, 23.11, 24.407, 28.828, 34.319, 39.59, 39.04, 37.083, 36.284, 36.633, 37.178, 37.55, 37.746, 39.98, 40.171, 40.166, 40.725, 40.551, 40.312, 39.361, 39.113, 39.651, 40.756, 43.338, 46.222, 47.52, 48.54, 49.319, 49.128, 49.689, 50.208, 49.9, 49.656, 49.641, 50.236, 50.749, 50.812, 50.858, 52.077, 53.193, 54.442, 55.408, 55.488, 56.407, 57.203, 57.708, 58.204, 56.698, 54.336, 53.811, 54.573, 55.321, 55.385, 55.526, 56.212, 56.663, 56.871, 55.935, 54.716], [54.726, 54.392, 53.899, 53.068, 50.319, 44.35, 41.042, 40.449, 36.239, 31.674, 32.853, 32.232, 29.84, 29.125, 27.921, 25.798, 24.872, 23.748, 22.045, 16.183, 7.28, 0.0, 6.759, 11.367, 14.482, 16.357, 16.676, 19.627, 21.855, 22.839, 27.442, 32.58, 37.898, 37.44, 35.398, 34.493, 34.897, 35.494, 35.905, 36.468, 39.254, 39.561, 39.517, 40.124, 40.113, 39.885, 38.824, 38.494, 38.944, 39.896, 42.582, 45.594, 46.845, 47.869, 48.725, 48.584, 49.194, 49.734, 49.459, 49.356, 49.444, 50.022, 50.545, 50.6, 50.635, 52.034, 53.319, 54.531, 55.469, 55.698, 56.792, 57.588, 58.103, 58.689, 57.355, 55.055, 54.464, 55.212, 55.875, 55.918, 56.116, 56.832, 57.298, 57.547, 56.614, 55.34], [55.402, 55.082, 54.62, 53.829, 51.094, 45.131, 41.85, 41.232, 37.314, 33.915, 35.632, 34.929, 32.537, 31.934, 30.885, 29.101, 28.319, 27.228, 25.61, 19.93, 12.125, 6.759, 0.0, 6.597, 11.196, 13.654, 14.324, 18.331, 20.88, 21.696, 26.731, 32.143, 37.607, 37.064, 34.672, 33.319, 33.574, 34.148, 34.484, 35.112, 38.176, 38.515, 38.397, 38.974, 39.073, 38.929, 37.988, 37.666, 38.027, 38.63, 41.309, 44.659, 46.093, 47.423, 48.461, 48.322, 49.14, 49.736, 49.49, 49.561, 49.735, 50.24, 50.665, 50.679, 50.666, 51.95, 53.136, 54.346, 55.449, 55.905, 57.131, 57.95, 58.462, 59.031, 57.611, 55.276, 54.745, 55.536, 56.182, 56.197, 56.379, 57.079, 57.56, 57.895, 57.039, 55.714], [57.305, 57.001, 56.577, 55.882, 53.341, 47.532, 44.294, 43.717, 39.871, 36.417, 37.982, 37.315, 34.848, 34.211, 33.291, 31.398, 30.477, 29.462, 27.945, 22.631, 15.536, 11.367, 6.597, 0.0, 6.991, 10.657, 11.806, 16.24, 18.863, 19.473, 24.189, 30.296, 36.269, 35.745, 33.189, 31.754, 32.077, 32.676, 32.935, 33.583, 36.873, 37.382, 37.417, 37.987, 38.023, 37.908, 37.101, 36.756, 36.979, 37.921, 41.244, 44.761, 46.177, 47.558, 48.695, 48.58, 49.478, 50.268, 50.096, 50.207, 50.455, 50.998, 51.461, 51.467, 51.44, 52.704, 53.774, 54.924, 56.052, 56.47, 57.621, 58.368, 58.86, 59.386, 58.047, 55.819, 55.239, 56.034, 56.717, 56.73, 56.925, 57.678, 58.197, 58.472, 57.472, 56.042], [58.019, 57.72, 57.313, 56.659, 54.222, 48.673, 45.659, 45.1, 41.378, 37.921, 39.304, 38.683, 36.301, 35.681, 34.875, 32.79, 31.506, 30.582, 29.174, 24.241, 17.923, 14.482, 11.196, 6.991, 0.0, 4.917, 7.22, 12.964, 15.992, 16.421, 21.109, 27.908, 34.608, 34.081, 31.473, 29.896, 30.269, 30.955, 31.144, 31.438, 34.598, 35.436, 35.786, 36.387, 36.31, 36.2, 35.496, 35.166, 35.329, 36.783, 40.649, 44.145, 45.471, 46.769, 47.858, 47.781, 48.669, 49.589, 49.964, 50.312, 50.596, 51.205, 51.703, 51.792, 51.78, 52.933, 53.843, 54.922, 55.996, 56.388, 57.508, 58.206, 58.691, 59.207, 57.911, 55.764, 55.25, 56.052, 56.713, 56.684, 56.878, 57.742, 58.296, 58.532, 57.548, 56.146], [58.476, 58.172, 57.742, 57.088, 54.706, 49.279, 46.386, 45.865, 42.148, 38.566, 39.788, 39.191, 36.925, 36.345, 35.558, 33.272, 31.768, 30.891, 29.511, 24.899, 19.209, 16.357, 13.654, 10.657, 4.917, 0.0, 4.696, 12.075, 15.556, 15.989, 20.397, 27.101, 34.077, 33.565, 30.943, 29.368, 29.859, 30.642, 30.782, 30.799, 33.798, 34.811, 35.408, 36.089, 35.988, 35.878, 35.196, 34.89, 35.066, 36.784, 40.787, 44.218, 45.526, 46.759, 47.779, 47.72, 48.598, 49.494, 50.169, 50.679, 50.917, 51.56, 52.089, 52.2, 52.2, 53.306, 54.077, 55.033, 56.044, 56.377, 57.459, 58.121, 58.596, 59.097, 57.816, 55.707, 55.249, 56.071, 56.706, 56.651, 56.836, 57.744, 58.312, 58.531, 57.546, 56.131], [57.616, 57.323, 56.894, 56.201, 53.755, 48.21, 45.254, 44.749, 40.984, 37.754, 39.395, 38.847, 36.598, 35.997, 35.163, 32.797, 31.357, 30.474, 28.916, 24.244, 19.013, 16.676, 14.324, 11.806, 7.22, 4.696, 0.0, 8.465, 12.612, 13.454, 19.008, 27.441, 35.488, 35.253, 32.61, 30.853, 31.212, 32.01, 32.125, 32.073, 35.105, 36.161, 36.864, 37.506, 37.346, 37.247, 36.532, 36.109, 36.163, 37.712, 41.458, 44.858, 46.26, 47.63, 48.665, 48.56, 49.48, 50.411, 51.071, 51.48, 51.525, 52.03, 52.605, 52.897, 52.968, 53.947, 54.467, 55.022, 55.932, 56.343, 57.42, 58.023, 58.467, 58.964, 57.531, 55.382, 54.974, 55.775, 56.39, 56.308, 56.518, 57.457, 58.05, 58.35, 57.422, 56.008], [58.031, 57.696, 57.272, 56.596, 54.265, 48.625, 45.499, 45.034, 41.103, 38.029, 40.063, 39.653, 37.316, 36.544, 35.664, 33.211, 31.89, 30.973, 29.137, 24.833, 21.055, 19.627, 18.331, 16.24, 12.964, 12.075, 8.465, 0.0, 5.23, 7.42, 15.202, 27.283, 37.16, 37.339, 34.881, 33.189, 33.367, 34.135, 34.228, 34.103, 37.055, 38.124, 39.091, 39.689, 39.33, 39.227, 38.464, 37.881, 37.804, 39.412, 43.083, 46.437, 47.955, 49.405, 50.369, 50.201, 51.066, 52.074, 52.712, 52.891, 52.65, 52.988, 53.691, 54.344, 54.571, 55.37, 55.525, 55.487, 56.119, 56.529, 57.561, 58.058, 58.446, 58.924, 57.408, 55.397, 55.067, 55.822, 56.455, 56.324, 56.615, 57.668, 58.28, 58.616, 57.693, 56.29], [59.083, 58.731, 58.298, 57.646, 55.388, 49.75, 46.578, 46.122, 42.107, 38.992, 41.107, 40.746, 38.361, 37.514, 36.665, 34.258, 33.008, 32.038, 30.095, 26.146, 23.11, 21.855, 20.88, 18.863, 15.992, 15.556, 12.612, 5.23, 0.0, 4.894, 14.125, 27.342, 37.675, 37.881, 35.488, 33.996, 34.214, 34.953, 35.038, 34.902, 37.792, 38.864, 39.99, 40.613, 40.173, 40.072, 39.247, 38.6, 38.49, 40.233, 43.951, 47.272, 48.83, 50.219, 51.078, 50.919, 51.736, 52.762, 53.369, 53.415, 53.03, 53.296, 54.094, 54.898, 55.196, 56.01, 56.083, 55.899, 56.439, 56.803, 57.821, 58.297, 58.663, 59.153, 57.684, 55.773, 55.447, 56.183, 56.861, 56.737, 57.094, 58.214, 58.823, 59.127, 58.198, 56.858], [60.507, 60.156, 59.733, 59.107, 56.87, 51.273, 48.067, 47.613, 43.63, 40.239, 42.007, 41.65, 39.277, 38.306, 37.539, 35.36, 34.143, 33.174, 31.404, 27.657, 24.407, 22.839, 21.696, 19.473, 16.421, 15.989, 13.454, 7.42, 4.894, 0.0, 11.271, 25.513, 36.344, 36.696, 34.326, 32.731, 32.908, 33.675, 33.823, 34.034, 37.293, 38.461, 39.583, 40.239, 39.901, 39.787, 38.803, 38.094, 37.892, 39.467, 43.249, 46.607, 48.103, 49.443, 50.325, 50.176, 50.994, 52.031, 52.67, 52.823, 52.614, 52.962, 53.824, 54.717, 55.029, 55.951, 56.113, 55.873, 56.324, 56.72, 57.777, 58.224, 58.61, 59.13, 57.808, 55.93, 55.581, 56.324, 56.919, 56.784, 57.215, 58.394, 59.012, 59.322, 58.392, 57.058], [64.986, 64.562, 64.106, 63.619, 61.728, 56.272, 52.873, 52.52, 48.474, 43.477, 43.671, 43.397, 40.954, 39.572, 38.928, 37.013, 35.651, 34.697, 33.511, 31.257, 28.828, 27.442, 26.731, 24.189, 21.109, 20.397, 19.008, 15.202, 14.125, 11.271, 0.0, 18.205, 31.068, 32.294, 30.792, 29.719, 30.141, 31.085, 31.407, 32.59, 36.918, 38.316, 39.49, 40.393, 40.521, 40.363, 39.19, 38.714, 38.601, 40.398, 44.618, 47.746, 48.83, 49.771, 50.564, 50.425, 51.07, 52.138, 52.841, 53.044, 53.151, 53.833, 54.854, 55.692, 56.132, 57.441, 57.571, 56.97, 57.022, 56.992, 57.693, 57.888, 58.218, 58.615, 57.841, 56.376, 55.844, 56.435, 56.671, 56.462, 56.936, 58.112, 58.667, 58.756, 57.376, 55.717], [68.922, 68.386, 67.892, 67.519, 65.82, 60.265, 56.447, 56.044, 51.903, 45.377, 44.047, 43.933, 42.176, 41.147, 40.753, 39.323, 38.218, 37.468, 37.122, 36.399, 34.319, 32.58, 32.143, 30.296, 27.908, 27.101, 27.441, 27.283, 27.342, 25.513, 18.205, 0.0, 15.038, 18.165, 18.531, 19.223, 20.825, 22.145, 22.74, 25.609, 31.698, 33.304, 34.704, 36.311, 37.498, 37.343, 35.566, 35.197, 35.171, 37.219, 42.39, 45.836, 46.547, 46.743, 47.319, 47.328, 47.689, 48.634, 49.367, 49.698, 50.198, 51.568, 53.027, 53.406, 54.033, 57.088, 58.304, 57.806, 57.574, 56.918, 57.205, 57.254, 57.554, 57.792, 57.64, 56.311, 55.097, 55.427, 55.264, 55.131, 55.699, 56.844, 57.423, 57.27, 55.329, 53.284], [71.495, 70.96, 70.491, 70.154, 68.457, 63.032, 59.271, 58.808, 54.828, 47.802, 45.615, 45.547, 44.365, 43.801, 43.647, 42.837, 42.188, 41.63, 41.81, 41.608, 39.59, 37.898, 37.607, 36.269, 34.608, 34.077, 35.488, 37.16, 37.675, 36.344, 31.068, 15.038, 0.0, 5.98, 10.352, 14.093, 16.753, 17.933, 18.688, 22.408, 28.297, 29.606, 30.91, 32.949, 34.689, 34.48, 32.606, 32.629, 32.787, 34.963, 41.122, 45.119, 45.639, 45.1, 45.422, 45.623, 45.741, 46.444, 47.018, 47.566, 48.639, 50.628, 52.24, 52.012, 52.576, 56.78, 59.19, 59.833, 59.902, 58.881, 58.961, 59.122, 59.458, 59.65, 59.833, 58.342, 56.733, 56.973, 56.745, 56.782, 57.268, 58.241, 58.791, 58.413, 56.123, 53.882], [70.831, 70.325, 69.86, 69.492, 67.723, 62.354, 58.734, 58.261, 54.315, 47.473, 45.431, 45.275, 44.001, 43.494, 43.407, 42.621, 41.95, 41.35, 41.422, 41.044, 39.04, 37.44, 37.064, 35.745, 34.081, 33.565, 35.253, 37.339, 37.881, 36.696, 32.294, 18.165, 5.98, 0.0, 6.149, 11.3, 14.519, 15.648, 16.29, 19.647, 25.182, 26.428, 27.8, 29.938, 31.594, 31.385, 29.676, 30.007, 30.285, 32.689, 39.263, 43.55, 44.27, 43.723, 43.977, 44.218, 44.359, 45.035, 45.636, 46.279, 47.449, 49.467, 50.976, 50.604, 51.063, 55.161, 57.697, 58.877, 59.262, 58.303, 58.473, 58.798, 59.199, 59.418, 59.521, 57.947, 56.461, 56.818, 56.76, 56.832, 57.253, 58.181, 58.701, 58.305, 56.129, 54.01], [69.607, 69.19, 68.736, 68.305, 66.358, 60.841, 57.206, 56.71, 52.766, 46.476, 45.009, 44.743, 43.258, 42.707, 42.668, 41.867, 41.13, 40.372, 40.09, 39.243, 37.083, 35.398, 34.672, 33.189, 31.473, 30.943, 32.61, 34.881, 35.488, 34.326, 30.792, 18.531, 10.352, 6.149, 0.0, 6.463, 10.868, 12.335, 12.902, 16.546, 22.884, 24.256, 25.65, 27.708, 29.304, 29.134, 27.399, 27.681, 27.744, 30.07, 36.849, 41.469, 42.598, 42.442, 42.765, 42.98, 43.33, 44.105, 44.72, 45.43, 46.501, 48.256, 49.603, 49.247, 49.603, 53.384, 55.688, 56.821, 57.46, 56.803, 57.191, 57.665, 58.144, 58.399, 58.221, 56.529, 55.243, 55.743, 55.847, 55.944, 56.385, 57.346, 57.895, 57.614, 55.666, 53.68], [68.227, 67.935, 67.57, 67.108, 64.948, 59.262, 55.592, 55.059, 51.241, 45.733, 44.821, 44.463, 42.827, 42.225, 42.309, 41.773, 41.15, 40.311, 39.843, 38.621, 36.284, 34.493, 33.319, 31.754, 29.896, 29.368, 30.853, 33.189, 33.996, 32.731, 29.719, 19.223, 14.093, 11.3, 6.463, 0.0, 5.394, 7.563, 8.231, 13.203, 21.019, 22.639, 23.958, 25.987, 27.732, 27.615, 25.866, 26.109, 25.854, 27.414, 34.121, 39.075, 40.489, 40.8, 41.327, 41.416, 41.954, 42.826, 43.542, 44.413, 45.495, 47.028, 48.236, 48.021, 48.345, 51.803, 53.878, 54.816, 55.597, 55.393, 56.052, 56.601, 57.12, 57.406, 56.94, 55.102, 54.032, 54.604, 54.66, 54.707, 55.156, 56.155, 56.748, 56.632, 54.891, 52.945], [67.357, 67.12, 66.855, 66.424, 64.159, 58.373, 54.693, 54.125, 50.386, 45.367, 44.744, 44.34, 42.62, 41.981, 42.166, 41.937, 41.538, 40.708, 40.205, 38.908, 36.633, 34.897, 33.574, 32.077, 30.269, 29.859, 31.212, 33.367, 34.214, 32.908, 30.141, 20.825, 16.753, 14.519, 10.868, 5.394, 0.0, 2.991, 4.403, 11.333, 20.067, 21.745, 23.012, 25.117, 27.018, 26.946, 25.194, 25.462, 25.064, 25.719, 32.03, 37.223, 38.811, 39.404, 40.104, 40.067, 40.588, 41.462, 42.242, 43.242, 44.429, 45.9, 47.042, 46.964, 47.32, 50.646, 52.682, 53.568, 54.347, 54.41, 55.29, 55.899, 56.425, 56.705, 56.101, 54.174, 53.22, 53.82, 53.785, 53.756, 54.212, 55.245, 55.849, 55.842, 54.257, 52.332], [67.388, 67.171, 66.949, 66.541, 64.241, 58.429, 54.767, 54.187, 50.464, 45.582, 45.015, 44.587, 42.823, 42.168, 42.408, 42.334, 42.044, 41.197, 40.663, 39.37, 37.178, 35.494, 34.148, 32.676, 30.955, 30.642, 32.01, 34.135, 34.953, 33.675, 31.085, 22.145, 17.933, 15.648, 12.335, 7.563, 2.991, 0.0, 2.941, 10.954, 19.896, 21.541, 22.715, 24.87, 26.892, 26.845, 25.112, 25.431, 24.999, 25.272, 31.233, 36.455, 38.111, 38.755, 39.491, 39.455, 39.95, 40.8, 41.565, 42.612, 43.889, 45.381, 46.492, 46.405, 46.766, 50.107, 52.202, 53.157, 53.956, 54.051, 54.995, 55.665, 56.188, 56.445, 55.824, 53.864, 52.931, 53.564, 53.538, 53.502, 53.946, 54.974, 55.572, 55.579, 54.087, 52.245], [67.056, 66.846, 66.629, 66.246, 64.022, 58.289, 54.616, 54.037, 50.392, 45.698, 45.305, 44.9, 43.225, 42.699, 42.916, 42.701, 42.344, 41.525, 40.985, 39.684, 37.55, 35.905, 34.484, 32.935, 31.144, 30.782, 32.125, 34.228, 35.038, 33.823, 31.407, 22.74, 18.688, 16.29, 12.902, 8.231, 4.403, 2.941, 0.0, 8.83, 18.44, 20.301, 21.633, 23.871, 25.841, 25.832, 24.251, 24.684, 24.296, 24.773, 30.865, 36.101, 37.803, 38.507, 39.245, 39.188, 39.704, 40.588, 41.401, 42.457, 43.669, 45.118, 46.213, 46.121, 46.476, 49.778, 51.85, 52.823, 53.675, 53.804, 54.754, 55.422, 55.942, 56.196, 55.51, 53.542, 52.623, 53.255, 53.265, 53.219, 53.624, 54.642, 55.251, 55.27, 53.8, 51.959], [64.686, 64.489, 64.261, 63.911, 61.877, 56.663, 53.434, 52.859, 49.484, 45.578, 45.777, 45.436, 44.113, 44.072, 44.106, 43.156, 42.483, 41.796, 41.133, 39.643, 37.746, 36.468, 35.112, 33.583, 31.438, 30.799, 32.073, 34.103, 34.902, 34.034, 32.59, 25.609, 22.408, 19.647, 16.546, 13.203, 11.333, 10.954, 8.83, 0.0, 11.124, 14.138, 16.501, 19.033, 20.556, 20.753, 19.831, 20.703, 20.793, 22.666, 29.596, 35.033, 36.984, 37.93, 38.676, 38.528, 39.036, 39.975, 41.026, 42.051, 42.996, 44.396, 45.416, 45.309, 45.608, 48.465, 50.427, 51.878, 53.023, 53.27, 54.331, 55.081, 55.578, 55.866, 54.912, 52.819, 52.074, 52.828, 53.111, 53.059, 53.29, 54.271, 54.904, 54.967, 53.66, 51.925], [63.597, 63.425, 63.183, 62.81, 60.894, 56.485, 54.317, 53.822, 50.768, 47.596, 47.945, 47.669, 46.745, 47.157, 47.016, 45.46, 44.602, 44.12, 43.396, 41.671, 39.98, 39.254, 38.176, 36.873, 34.598, 33.798, 35.105, 37.055, 37.792, 37.293, 36.918, 31.698, 28.297, 25.182, 22.884, 21.019, 20.067, 19.896, 18.44, 11.124, 0.0, 5.512, 10.662, 13.325, 13.951, 14.378, 14.623, 16.194, 17.176, 21.29, 29.751, 35.645, 37.859, 38.878, 39.566, 39.395, 39.844, 40.67, 41.843, 42.838, 43.782, 45.433, 46.4, 46.203, 46.357, 48.6, 50.611, 53.182, 54.754, 54.995, 56.115, 57.031, 57.503, 57.786, 56.724, 54.525, 54.083, 55.099, 55.753, 55.751, 55.787, 56.69, 57.316, 57.346, 56.18, 54.624], [63.364, 63.201, 62.972, 62.586, 60.618, 56.166, 54.048, 53.602, 50.593, 47.419, 47.713, 47.443, 46.533, 46.977, 46.892, 45.486, 44.8, 44.301, 43.496, 41.759, 40.171, 39.561, 38.515, 37.382, 35.436, 34.811, 36.161, 38.124, 38.864, 38.461, 38.316, 33.304, 29.606, 26.428, 24.256, 22.639, 21.745, 21.541, 20.301, 14.138, 5.512, 0.0, 6.99, 10.319, 11.416, 11.895, 12.222, 14.337, 15.633, 19.719, 28.333, 34.627, 37.123, 38.181, 38.82, 38.641, 39.089, 39.812, 40.787, 41.764, 42.819, 44.587, 45.567, 45.25, 45.336, 47.583, 49.631, 52.488, 54.243, 54.434, 55.528, 56.523, 57.019, 57.23, 56.135, 53.944, 53.594, 54.729, 55.473, 55.494, 55.494, 56.337, 56.924, 56.938, 55.741, 54.15], [62.824, 62.694, 62.478, 62.038, 59.948, 55.536, 53.412, 52.963, 50.354, 47.253, 47.229, 46.909, 46.068, 46.532, 46.502, 45.436, 44.887, 44.277, 43.472, 41.767, 40.166, 39.517, 38.397, 37.417, 35.786, 35.408, 36.864, 39.091, 39.99, 39.583, 39.49, 34.704, 30.91, 27.8, 25.65, 23.958, 23.012, 22.715, 21.633, 16.501, 10.662, 6.99, 0.0, 4.822, 8.569, 9.27, 9.662, 12.984, 14.959, 18.527, 26.867, 33.291, 35.846, 36.857, 37.455, 37.273, 37.792, 38.495, 39.338, 40.404, 41.805, 43.733, 44.62, 44.149, 44.179, 46.501, 48.691, 51.851, 53.842, 54.013, 55.027, 56.069, 56.579, 56.606, 55.307, 53.089, 52.83, 54.037, 54.78, 54.818, 54.735, 55.439, 55.95, 55.924, 54.751, 53.156], [62.757, 62.664, 62.44, 61.924, 59.756, 55.529, 53.655, 53.217, 50.888, 48.19, 48.17, 47.825, 47.05, 47.552, 47.453, 46.258, 45.627, 45.006, 44.127, 42.303, 40.725, 40.124, 38.974, 37.987, 36.387, 36.089, 37.506, 39.689, 40.613, 40.239, 40.393, 36.311, 32.949, 29.938, 27.708, 25.987, 25.117, 24.87, 23.871, 19.033, 13.325, 10.319, 4.822, 0.0, 5.808, 6.842, 7.75, 11.755, 14.352, 18.912, 27.576, 34.004, 36.623, 37.68, 38.234, 38.033, 38.605, 39.348, 40.201, 41.283, 42.751, 44.69, 45.522, 45.059, 45.035, 47.129, 49.252, 52.611, 54.761, 54.987, 56.003, 57.071, 57.577, 57.52, 55.977, 53.647, 53.516, 54.852, 55.716, 55.76, 55.621, 56.28, 56.78, 56.752, 55.611, 54.015], [62.366, 62.304, 62.081, 61.532, 59.353, 55.264, 53.567, 53.122, 50.782, 48.323, 48.627, 48.323, 47.577, 48.175, 48.002, 46.465, 45.639, 45.14, 44.24, 42.177, 40.551, 40.113, 39.073, 38.023, 36.31, 35.988, 37.346, 39.33, 40.173, 39.901, 40.521, 37.498, 34.689, 31.594, 29.304, 27.732, 27.018, 26.892, 25.841, 20.556, 13.951, 11.416, 8.569, 5.808, 0.0, 2.258, 6.588, 10.988, 13.916, 19.867, 29.072, 35.408, 37.992, 39.013, 39.523, 39.32, 39.849, 40.604, 41.504, 42.529, 43.824, 45.677, 46.504, 46.111, 46.046, 47.864, 49.974, 53.643, 55.895, 56.166, 57.243, 58.335, 58.822, 58.826, 57.16, 54.677, 54.585, 56.005, 57.105, 57.169, 56.966, 57.637, 58.145, 58.105, 56.945, 55.281], [62.505, 62.457, 62.243, 61.69, 59.489, 55.368, 53.636, 53.187, 50.804, 48.233, 48.488, 48.207, 47.448, 48.008, 47.852, 46.337, 45.491, 44.96, 44.055, 41.979, 40.312, 39.885, 38.929, 37.908, 36.2, 35.878, 37.247, 39.227, 40.072, 39.787, 40.363, 37.343, 34.48, 31.385, 29.134, 27.615, 26.946, 26.845, 25.832, 20.753, 14.378, 11.895, 9.27, 6.842, 2.258, 0.0, 5.761, 10.496, 13.442, 19.574, 28.985, 35.34, 37.89, 38.834, 39.316, 39.128, 39.637, 40.383, 41.267, 42.288, 43.597, 45.465, 46.306, 45.913, 45.848, 47.718, 49.884, 53.589, 55.827, 56.066, 57.139, 58.238, 58.73, 58.757, 57.134, 54.652, 54.528, 55.937, 57.048, 57.127, 56.926, 57.592, 58.094, 58.03, 56.835, 55.174], [62.742, 62.671, 62.458, 61.909, 59.66, 55.277, 53.281, 52.849, 50.277, 47.299, 47.443, 47.217, 46.472, 46.922, 46.776, 45.405, 44.675, 43.962, 42.914, 40.991, 39.361, 38.824, 37.988, 37.101, 35.496, 35.196, 36.532, 38.464, 39.247, 38.803, 39.19, 35.566, 32.606, 29.676, 27.399, 25.866, 25.194, 25.112, 24.251, 19.831, 14.623, 12.222, 9.662, 7.75, 6.588, 5.761, 0.0, 5.774, 9.398, 16.571, 26.896, 33.682, 36.378, 37.237, 37.633, 37.484, 38.01, 38.742, 39.55, 40.511, 41.782, 43.675, 44.673, 44.407, 44.415, 46.573, 48.776, 52.078, 54.089, 54.265, 55.347, 56.431, 56.962, 57.091, 55.702, 53.346, 53.067, 54.4, 55.455, 55.539, 55.562, 56.408, 56.93, 56.83, 55.547, 53.933], [62.91, 62.848, 62.639, 62.082, 59.783, 55.263, 53.21, 52.786, 50.047, 47.064, 47.424, 47.251, 46.522, 47.003, 46.835, 45.42, 44.765, 44.031, 42.882, 40.859, 39.113, 38.494, 37.666, 36.756, 35.166, 34.89, 36.109, 37.881, 38.6, 38.094, 38.714, 35.197, 32.629, 30.007, 27.681, 26.109, 25.462, 25.431, 24.684, 20.703, 16.194, 14.337, 12.984, 11.755, 10.988, 10.496, 5.774, 0.0, 5.139, 14.611, 26.074, 33.318, 36.169, 37.099, 37.506, 37.389, 37.956, 38.69, 39.491, 40.37, 41.484, 43.341, 44.453, 44.357, 44.415, 46.611, 48.807, 51.801, 53.602, 53.777, 54.907, 55.972, 56.533, 56.823, 55.541, 53.212, 52.88, 54.177, 55.252, 55.34, 55.583, 56.718, 57.326, 57.245, 55.929, 54.311], [63.453, 63.401, 63.218, 62.636, 60.239, 55.595, 53.455, 53.0, 50.11, 47.21, 47.794, 47.631, 46.823, 47.236, 47.253, 46.192, 45.7, 44.933, 43.717, 41.568, 39.651, 38.944, 38.027, 36.979, 35.329, 35.066, 36.163, 37.804, 38.49, 37.892, 38.601, 35.171, 32.787, 30.285, 27.744, 25.854, 25.064, 24.999, 24.296, 20.793, 17.176, 15.633, 14.959, 14.352, 13.916, 13.442, 9.398, 5.139, 0.0, 11.29, 24.12, 32.022, 35.151, 36.333, 36.873, 36.783, 37.441, 38.224, 39.012, 39.948, 41.025, 42.738, 43.849, 43.838, 43.919, 46.175, 48.33, 51.045, 52.76, 53.054, 54.288, 55.382, 55.985, 56.384, 55.149, 52.818, 52.514, 53.815, 54.867, 54.971, 55.315, 56.592, 57.303, 57.33, 56.112, 54.557], [62.287, 62.205, 62.105, 61.509, 58.947, 54.119, 51.78, 51.243, 48.435, 46.171, 47.184, 46.91, 45.978, 46.264, 46.653, 46.893, 47.096, 46.178, 44.972, 42.773, 40.756, 39.896, 38.63, 37.921, 36.783, 36.784, 37.712, 39.412, 40.233, 39.467, 40.398, 37.219, 34.963, 32.689, 30.07, 27.414, 25.719, 25.272, 24.773, 22.666, 21.29, 19.719, 18.527, 18.912, 19.867, 19.574, 16.571, 14.611, 11.29, 0.0, 15.024, 25.227, 29.321, 31.324, 32.338, 32.197, 33.081, 33.767, 34.329, 35.61, 36.956, 38.409, 39.285, 39.335, 39.499, 42.002, 44.388, 46.936, 48.72, 49.437, 51.02, 52.338, 53.052, 53.534, 52.229, 49.849, 49.691, 51.0, 51.888, 51.988, 52.389, 53.667, 54.418, 54.844, 54.347, 53.304], [61.617, 61.481, 61.453, 60.93, 58.402, 53.427, 50.761, 50.151, 47.603, 46.31, 47.885, 47.459, 46.358, 46.47, 47.179, 48.389, 49.154, 48.048, 46.687, 44.765, 43.338, 42.582, 41.309, 41.244, 40.649, 40.787, 41.458, 43.083, 43.951, 43.249, 44.618, 42.39, 41.122, 39.263, 36.849, 34.121, 32.03, 31.233, 30.865, 29.596, 29.751, 28.333, 26.867, 27.576, 29.072, 28.985, 26.896, 26.074, 24.12, 15.024, 0.0, 12.877, 19.206, 22.805, 24.231, 23.957, 25.112, 25.552, 25.968, 27.682, 29.042, 29.937, 30.324, 30.508, 30.75, 33.278, 35.862, 38.235, 40.202, 41.437, 43.573, 45.392, 46.298, 46.774, 45.194, 42.845, 43.074, 44.559, 45.505, 45.618, 45.981, 47.213, 47.926, 48.922, 50.244, 51.058], [63.661, 63.482, 63.439, 62.989, 60.657, 55.839, 53.093, 52.484, 50.046, 48.626, 49.964, 49.528, 48.398, 48.332, 49.129, 50.485, 51.185, 49.999, 48.747, 47.266, 46.222, 45.594, 44.659, 44.761, 44.145, 44.218, 44.858, 46.437, 47.272, 46.607, 47.746, 45.836, 45.119, 43.55, 41.469, 39.075, 37.223, 36.455, 36.101, 35.033, 35.645, 34.627, 33.291, 34.004, 35.408, 35.34, 33.682, 33.318, 32.022, 25.227, 12.877, 0.0, 8.451, 13.842, 15.603, 15.141, 16.592, 17.236, 18.093, 20.13, 21.587, 22.35, 22.345, 22.666, 22.939, 25.485, 28.571, 31.023, 32.87, 34.195, 36.655, 38.811, 39.9, 40.593, 39.333, 37.269, 37.696, 39.246, 40.237, 40.4, 40.634, 41.774, 42.456, 43.617, 46.527, 49.755], [64.947, 64.731, 64.666, 64.248, 62.023, 57.38, 54.656, 54.045, 51.59, 49.554, 50.361, 49.99, 49.034, 48.984, 49.76, 51.191, 51.825, 50.69, 49.865, 48.72, 47.52, 46.845, 46.093, 46.177, 45.471, 45.526, 46.26, 47.955, 48.83, 48.103, 48.83, 46.547, 45.639, 44.27, 42.598, 40.489, 38.811, 38.111, 37.803, 36.984, 37.859, 37.123, 35.846, 36.623, 37.992, 37.89, 36.378, 36.169, 35.151, 29.321, 19.206, 8.451, 0.0, 6.713, 9.495, 8.976, 10.946, 12.269, 13.857, 16.257, 18.487, 20.101, 20.354, 20.762, 21.224, 24.429, 28.368, 31.024, 32.361, 33.328, 35.583, 37.537, 38.641, 39.667, 39.133, 37.259, 37.264, 38.484, 39.12, 39.252, 39.426, 40.447, 41.091, 42.065, 45.109, 49.281], [66.439, 66.185, 66.091, 65.695, 63.567, 58.966, 56.111, 55.497, 52.941, 49.968, 50.11, 49.833, 49.078, 49.071, 49.855, 51.351, 51.981, 50.866, 50.339, 49.657, 48.54, 47.869, 47.423, 47.558, 46.769, 46.759, 47.63, 49.405, 50.219, 49.443, 49.771, 46.743, 45.1, 43.723, 42.442, 40.8, 39.404, 38.755, 38.507, 37.93, 38.878, 38.181, 36.857, 37.68, 39.013, 38.834, 37.237, 37.099, 36.333, 31.324, 22.805, 13.842, 6.713, 0.0, 3.85, 4.254, 6.595, 8.477, 10.903, 13.803, 16.861, 19.443, 20.288, 20.656, 21.314, 25.471, 30.039, 32.969, 34.011, 34.353, 36.152, 37.871, 38.928, 40.038, 40.124, 38.47, 37.931, 38.826, 39.284, 39.442, 39.639, 40.615, 41.17, 41.788, 44.405, 48.67], [67.149, 66.893, 66.787, 66.402, 64.323, 59.712, 56.768, 56.17, 53.617, 50.354, 50.294, 50.053, 49.351, 49.334, 50.133, 51.604, 52.209, 51.066, 50.536, 50.12, 49.319, 48.725, 48.461, 48.695, 47.858, 47.779, 48.665, 50.369, 51.078, 50.325, 50.564, 47.319, 45.422, 43.977, 42.765, 41.327, 40.104, 39.491, 39.245, 38.676, 39.566, 38.82, 37.455, 38.234, 39.523, 39.316, 37.633, 37.506, 36.873, 32.338, 24.231, 15.603, 9.495, 3.85, 0.0, 2.638, 5.21, 7.167, 9.998, 12.929, 15.989, 18.772, 19.82, 20.186, 20.907, 25.297, 29.919, 32.866, 33.908, 34.017, 35.641, 37.342, 38.405, 39.472, 39.631, 38.102, 37.515, 38.367, 38.886, 39.107, 39.322, 40.315, 40.827, 41.294, 43.84, 48.197], [66.54, 66.29, 66.189, 65.815, 63.732, 59.114, 56.195, 55.612, 53.12, 50.067, 50.133, 49.887, 49.181, 49.17, 49.947, 51.367, 51.963, 50.831, 50.281, 49.861, 49.128, 48.584, 48.322, 48.58, 47.781, 47.72, 48.56, 50.201, 50.919, 50.176, 50.425, 47.328, 45.623, 44.218, 42.98, 41.416, 40.067, 39.455, 39.188, 38.528, 39.395, 38.641, 37.273, 38.033, 39.32, 39.128, 37.484, 37.389, 36.783, 32.197, 23.957, 15.141, 8.976, 4.254, 2.638, 0.0, 3.764, 6.266, 9.276, 12.351, 15.459, 18.228, 19.272, 19.764, 20.535, 24.776, 29.292, 32.121, 33.141, 33.417, 35.177, 36.874, 37.929, 38.973, 38.969, 37.317, 36.828, 37.746, 38.226, 38.419, 38.611, 39.596, 40.126, 40.673, 43.271, 47.608], [67.054, 66.769, 66.65, 66.307, 64.292, 59.703, 56.757, 56.173, 53.638, 50.362, 50.269, 50.061, 49.422, 49.419, 50.184, 51.585, 52.187, 51.097, 50.603, 50.322, 49.689, 49.194, 49.14, 49.478, 48.669, 48.598, 49.48, 51.066, 51.736, 50.994, 51.07, 47.689, 45.741, 44.359, 43.33, 41.954, 40.588, 39.95, 39.704, 39.036, 39.844, 39.089, 37.792, 38.605, 39.849, 39.637, 38.01, 37.956, 37.441, 33.081, 25.112, 16.592, 10.946, 6.595, 5.21, 3.764, 0.0, 3.727, 7.893, 11.397, 14.864, 17.868, 19.06, 19.575, 20.436, 24.92, 29.65, 32.605, 33.456, 33.576, 35.337, 37.003, 38.017, 39.058, 39.205, 37.584, 37.012, 37.889, 38.328, 38.502, 38.675, 39.666, 40.173, 40.658, 43.195, 47.498], [67.246, 66.954, 66.83, 66.489, 64.489, 59.934, 56.998, 56.407, 53.884, 50.591, 50.45, 50.243, 49.628, 49.623, 50.401, 51.883, 52.545, 51.472, 51.002, 50.779, 50.208, 49.734, 49.736, 50.268, 49.589, 49.494, 50.411, 52.074, 52.762, 52.031, 52.138, 48.634, 46.444, 45.035, 44.105, 42.826, 41.462, 40.8, 40.588, 39.975, 40.67, 39.812, 38.495, 39.348, 40.604, 40.383, 38.742, 38.69, 38.224, 33.767, 25.552, 17.236, 12.269, 8.477, 7.167, 6.266, 3.727, 0.0, 5.979, 10.375, 14.237, 17.472, 18.691, 19.2, 20.094, 24.732, 29.649, 32.792, 33.673, 33.736, 35.506, 37.219, 38.234, 39.282, 39.462, 37.839, 37.282, 38.154, 38.587, 38.771, 38.948, 39.933, 40.405, 40.877, 43.419, 47.684], [67.118, 66.84, 66.729, 66.37, 64.313, 59.604, 56.521, 55.927, 53.342, 49.957, 49.851, 49.658, 49.022, 48.996, 49.8, 51.448, 52.292, 51.17, 50.659, 50.457, 49.9, 49.459, 49.49, 50.096, 49.964, 50.169, 51.071, 52.712, 53.369, 52.67, 52.841, 49.367, 47.018, 45.636, 44.72, 43.542, 42.242, 41.565, 41.401, 41.026, 41.843, 40.787, 39.338, 40.201, 41.504, 41.267, 39.55, 39.491, 39.012, 34.329, 25.968, 18.093, 13.857, 10.903, 9.998, 9.276, 7.893, 5.979, 0.0, 5.79, 11.22, 15.079, 16.585, 16.974, 17.998, 23.317, 28.676, 31.972, 32.992, 33.046, 34.779, 36.532, 37.544, 38.588, 38.802, 37.089, 36.401, 37.331, 37.898, 38.203, 38.401, 39.242, 39.677, 40.146, 42.57, 46.839], [66.852, 66.614, 66.507, 66.16, 64.123, 59.324, 56.167, 55.605, 52.948, 49.519, 49.514, 49.368, 48.696, 48.644, 49.422, 51.004, 51.919, 50.764, 50.175, 50.044, 49.656, 49.356, 49.561, 50.207, 50.312, 50.679, 51.48, 5