[[0.0, 5.62, 9.027, 12.826, 15.844, 17.858, 22.308, 30.132, 36.39, 39.513, 40.527, 41.453, 44.762, 47.857, 49.83, 52.136, 53.541, 52.291, 50.641, 51.306, 53.435, 56.262, 57.878, 57.791, 58.063, 59.039, 59.779, 60.053, 60.371, 61.082, 61.108, 62.205, 64.432, 64.148, 63.9, 64.021, 63.859, 63.977, 65.471, 66.663, 65.035, 63.764, 63.102, 62.879, 63.225, 61.919, 58.093, 55.809, 55.903, 55.322, 53.995, 53.476, 54.453, 55.697, 55.484, 54.991, 55.212, 54.618, 53.83, 53.502, 55.389, 56.231, 55.989, 55.474, 55.381, 55.237, 55.002, 55.405, 56.609, 56.814, 55.621, 55.026, 54.575, 54.186, 55.007, 55.051, 55.394, 55.753, 55.125, 54.456, 53.999, 54.095, 54.584, 54.729, 54.98, 55.056], [5.62, 0.0, 5.205, 10.788, 14.537, 16.672, 21.261, 29.429, 35.949, 39.14, 40.063, 40.891, 44.155, 47.211, 49.097, 51.413, 52.904, 51.773, 50.232, 50.915, 52.991, 55.756, 57.371, 57.224, 57.461, 58.453, 59.196, 59.465, 59.77, 60.468, 60.509, 61.568, 63.743, 63.447, 63.373, 63.753, 63.655, 63.766, 65.238, 66.368, 64.665, 63.347, 62.641, 62.415, 62.731, 61.382, 57.491, 55.157, 55.257, 54.681, 53.335, 52.692, 53.513, 54.707, 54.478, 53.941, 54.158, 53.594, 52.79, 52.455, 54.385, 55.253, 54.992, 54.478, 54.404, 54.275, 54.042, 54.479, 55.677, 55.802, 54.555, 53.95, 53.467, 53.167, 54.153, 54.258, 54.672, 55.104, 54.558, 53.936, 53.467, 53.535, 54.015, 54.144, 54.39, 54.498], [9.027, 5.205, 0.0, 7.319, 12.334, 14.938, 19.369, 27.439, 33.928, 37.2, 38.143, 38.926, 42.312, 45.429, 47.38, 49.864, 51.445, 50.355, 48.86, 49.549, 51.513, 54.099, 55.701, 55.583, 55.787, 56.815, 57.634, 57.94, 58.238, 58.924, 58.974, 59.995, 62.094, 61.784, 61.8, 62.401, 62.576, 62.864, 64.401, 65.589, 63.945, 62.764, 62.179, 61.931, 62.211, 60.878, 56.978, 54.662, 54.771, 54.165, 52.765, 51.997, 52.671, 53.808, 53.603, 53.116, 53.362, 52.8, 51.987, 51.736, 53.801, 54.687, 54.422, 53.946, 53.902, 53.778, 53.565, 54.03, 55.26, 55.421, 54.244, 53.721, 53.252, 52.924, 53.94, 54.149, 54.656, 55.11, 54.52, 53.831, 53.311, 53.329, 53.77, 53.901, 54.155, 54.213], [12.826, 10.788, 7.319, 0.0, 6.711, 10.931, 15.565, 23.55, 29.823, 33.052, 34.243, 35.254, 38.89, 42.205, 44.261, 46.922, 48.637, 47.669, 46.336, 47.196, 49.166, 51.56, 53.066, 52.895, 53.053, 54.156, 55.08, 55.404, 55.679, 56.37, 56.498, 57.505, 59.551, 59.261, 59.267, 59.827, 60.082, 60.719, 62.491, 63.712, 62.236, 61.439, 61.28, 61.248, 61.508, 60.196, 56.376, 54.189, 54.301, 53.663, 52.241, 51.281, 51.726, 52.678, 52.495, 52.293, 52.752, 52.259, 51.505, 51.187, 53.084, 53.934, 53.678, 53.306, 53.373, 53.295, 53.082, 53.568, 54.786, 55.036, 54.086, 53.791, 53.56, 53.278, 54.079, 54.143, 54.538, 54.751, 53.857, 52.936, 52.306, 52.175, 52.484, 52.609, 52.904, 52.958], [15.844, 14.537, 12.334, 6.711, 0.0, 6.255, 13.056, 22.003, 28.45, 31.742, 33.251, 34.769, 38.783, 42.347, 44.428, 47.067, 48.906, 47.983, 46.541, 47.422, 49.461, 51.846, 53.298, 52.991, 53.067, 54.196, 55.18, 55.536, 55.819, 56.502, 56.63, 57.67, 59.711, 59.439, 59.397, 59.853, 60.035, 60.822, 62.907, 64.253, 62.857, 62.213, 62.265, 62.402, 62.672, 61.331, 57.507, 55.246, 55.296, 54.681, 53.201, 52.16, 52.699, 53.605, 53.356, 53.251, 53.78, 53.344, 52.63, 52.131, 53.7, 54.442, 54.213, 53.97, 54.137, 54.097, 53.875, 54.389, 55.691, 56.086, 55.283, 55.073, 54.938, 54.757, 55.5, 55.241, 55.227, 55.122, 54.088, 53.13, 52.512, 52.422, 52.676, 52.75, 53.089, 53.215], [17.858, 16.672, 14.938, 10.931, 6.255, 0.0, 9.819, 20.792, 27.936, 31.5, 33.026, 34.549, 38.74, 42.372, 44.512, 47.458, 49.4, 48.22, 46.508, 47.328, 49.36, 51.753, 53.176, 52.797, 52.817, 53.946, 54.953, 55.334, 55.627, 56.331, 56.44, 57.542, 59.676, 59.402, 59.345, 59.784, 59.999, 60.763, 62.955, 64.561, 63.25, 62.532, 62.518, 62.619, 62.925, 61.551, 57.557, 55.201, 55.296, 54.631, 53.096, 52.32, 53.168, 54.184, 53.949, 53.814, 54.274, 53.823, 53.178, 52.791, 54.424, 55.14, 54.93, 54.749, 54.97, 54.959, 54.731, 55.251, 56.636, 57.061, 56.124, 55.75, 55.51, 55.287, 56.102, 55.858, 55.798, 55.7, 54.683, 53.712, 53.078, 53.038, 53.287, 53.264, 53.546, 53.681], [22.308, 21.261, 19.369, 15.565, 13.056, 9.819, 0.0, 12.323, 20.561, 24.851, 26.49, 28.135, 32.853, 36.515, 38.778, 42.313, 44.576, 43.582, 42.199, 43.292, 45.392, 47.706, 49.113, 48.866, 49.028, 50.278, 51.459, 51.968, 52.265, 52.93, 53.004, 54.116, 56.234, 56.007, 55.998, 56.447, 56.697, 57.507, 59.806, 61.674, 60.94, 61.012, 61.384, 61.493, 61.815, 60.339, 56.313, 54.449, 54.774, 54.112, 52.711, 51.817, 52.242, 52.989, 52.79, 52.678, 53.106, 52.716, 52.209, 51.737, 53.156, 53.747, 53.474, 53.254, 53.444, 53.501, 53.286, 53.729, 55.323, 56.089, 55.328, 55.06, 54.887, 54.532, 55.33, 55.449, 55.802, 55.82, 54.6, 53.301, 52.321, 51.792, 51.768, 51.682, 52.007, 52.15], [30.132, 29.429, 27.439, 23.55, 22.003, 20.792, 12.323, 0.0, 9.54, 15.969, 18.607, 20.804, 26.309, 30.055, 32.65, 36.742, 39.307, 38.814, 38.108, 39.659, 41.765, 43.74, 45.073, 45.038, 45.385, 46.76, 48.19, 48.892, 49.192, 49.773, 49.814, 50.751, 52.589, 52.432, 52.496, 52.918, 53.188, 54.152, 56.618, 58.627, 58.733, 60.275, 61.579, 61.841, 62.112, 60.618, 56.887, 55.795, 56.3, 55.711, 54.583, 53.444, 53.301, 53.631, 53.487, 53.579, 54.132, 53.905, 53.483, 52.636, 53.455, 53.824, 53.435, 53.16, 53.269, 53.347, 53.162, 53.566, 55.338, 56.502, 56.17, 56.291, 56.44, 56.002, 56.531, 56.879, 57.52, 57.42, 55.843, 54.17, 52.847, 51.714, 51.274, 51.148, 51.544, 51.652], [36.39, 35.949, 33.928, 29.823, 28.45, 27.936, 20.561, 9.54, 0.0, 8.571, 13.052, 16.3, 22.199, 26.005, 28.802, 33.265, 35.977, 35.876, 35.855, 37.926, 40.061, 41.702, 42.942, 42.999, 43.377, 44.768, 46.335, 47.148, 47.462, 48.008, 48.059, 48.817, 50.367, 50.314, 50.441, 50.763, 51.048, 52.248, 54.834, 56.778, 57.364, 60.002, 62.325, 62.996, 63.226, 61.772, 58.423, 57.808, 58.337, 57.83, 56.926, 55.632, 55.075, 55.083, 55.039, 55.564, 56.449, 56.379, 55.973, 54.867, 55.227, 55.418, 55.002, 54.844, 55.052, 55.171, 55.005, 55.351, 57.051, 58.337, 58.313, 58.735, 59.194, 58.835, 59.1, 59.319, 59.904, 59.634, 57.889, 56.113, 54.732, 53.404, 52.81, 52.721, 53.178, 53.226], [39.513, 39.14, 37.2, 33.052, 31.742, 31.5, 24.851, 15.969, 8.571, 0.0, 6.652, 12.056, 18.434, 22.462, 24.75, 29.224, 32.257, 32.734, 33.629, 36.452, 39.0, 40.825, 42.145, 42.235, 42.601, 43.949, 45.503, 46.29, 46.565, 47.061, 47.151, 47.934, 49.371, 49.358, 49.473, 49.694, 49.871, 51.162, 53.722, 55.328, 55.798, 58.783, 61.767, 63.031, 63.313, 61.841, 58.8, 58.429, 59.058, 58.789, 58.096, 56.57, 55.384, 54.997, 54.971, 55.807, 57.044, 57.149, 56.797, 55.591, 55.679, 55.77, 55.418, 55.401, 55.801, 56.01, 55.834, 56.08, 57.57, 58.829, 59.056, 59.679, 60.296, 60.175, 60.439, 60.419, 60.92, 60.691, 59.047, 57.415, 56.113, 54.743, 54.156, 54.147, 54.661, 54.707], [40.527, 40.063, 38.143, 34.243, 33.251, 33.026, 26.49, 18.607, 13.052, 6.652, 0.0, 7.116, 14.729, 19.019, 21.002, 25.717, 28.953, 29.583, 31.153, 34.652, 37.536, 39.588, 41.07, 41.319, 41.808, 43.218, 44.805, 45.597, 45.825, 46.316, 46.476, 47.281, 48.725, 48.663, 48.721, 48.961, 49.134, 50.375, 52.824, 54.259, 54.541, 57.468, 60.477, 61.862, 62.216, 60.708, 57.762, 57.602, 58.432, 58.356, 57.842, 56.319, 54.79, 54.214, 54.215, 54.978, 56.211, 56.413, 56.18, 55.06, 55.086, 55.144, 54.821, 54.819, 55.279, 55.518, 55.333, 55.525, 56.9, 58.059, 58.241, 58.819, 59.363, 59.269, 59.64, 59.789, 60.644, 60.727, 59.214, 57.651, 56.373, 54.951, 54.336, 54.323, 54.798, 54.814], [41.453, 40.891, 38.926, 35.254, 34.769, 34.549, 28.135, 20.804, 16.3, 12.056, 7.116, 0.0, 8.805, 13.654, 16.56, 22.146, 25.269, 25.552, 27.429, 31.423, 34.335, 36.181, 37.606, 37.98, 38.567, 40.028, 41.65, 42.435, 42.629, 43.165, 43.448, 44.183, 45.6, 45.501, 45.509, 45.807, 46.074, 47.309, 49.577, 50.92, 51.213, 54.233, 57.303, 58.659, 59.01, 57.559, 54.701, 54.814, 55.785, 55.79, 55.542, 54.293, 52.819, 52.373, 52.614, 53.426, 54.663, 54.918, 54.762, 53.698, 53.744, 53.885, 53.563, 53.536, 53.985, 54.192, 54.016, 54.247, 55.436, 56.266, 56.203, 56.712, 57.3, 57.146, 57.466, 57.897, 59.209, 59.569, 58.071, 56.423, 55.087, 53.607, 52.976, 52.905, 53.238, 53.158], [44.762, 44.155, 42.312, 38.89, 38.783, 38.74, 32.853, 26.309, 22.199, 18.434, 14.729, 8.805, 0.0, 6.292, 10.843, 16.858, 19.556, 19.829, 22.499, 27.183, 30.246, 31.904, 33.194, 33.579, 34.192, 35.551, 37.053, 37.742, 37.855, 38.367, 38.769, 39.386, 40.624, 40.519, 40.48, 40.757, 40.955, 42.171, 44.156, 45.069, 45.393, 48.913, 52.537, 54.217, 54.537, 53.133, 50.77, 51.608, 52.763, 53.085, 53.453, 52.516, 51.126, 50.926, 51.623, 52.821, 54.377, 54.815, 54.693, 53.451, 53.21, 53.406, 53.091, 53.019, 53.462, 53.633, 53.471, 53.72, 54.44, 54.672, 54.389, 54.954, 55.818, 55.79, 55.936, 56.406, 57.983, 58.472, 56.966, 55.284, 53.938, 52.375, 51.707, 51.575, 51.785, 51.65], [47.857, 47.211, 45.429, 42.205, 42.347, 42.372, 36.515, 30.055, 26.005, 22.462, 19.019, 13.654, 6.292, 0.0, 7.034, 14.482, 16.793, 17.095, 20.601, 25.57, 28.427, 29.724, 30.849, 31.501, 32.371, 33.758, 35.292, 36.009, 36.077, 36.538, 36.972, 37.5, 38.678, 38.61, 38.535, 38.77, 39.005, 40.334, 42.207, 43.004, 43.61, 47.575, 51.441, 53.156, 53.462, 51.991, 49.872, 51.432, 52.754, 53.083, 53.753, 52.889, 51.366, 51.218, 52.115, 53.447, 55.065, 55.527, 55.46, 54.286, 54.068, 54.327, 53.999, 53.829, 54.207, 54.38, 54.212, 54.389, 54.959, 55.055, 54.703, 55.166, 56.019, 55.982, 56.072, 56.71, 58.567, 59.211, 57.73, 56.021, 54.636, 52.95, 52.245, 52.117, 52.315, 52.185], [49.83, 49.097, 47.38, 44.261, 44.428, 44.512, 38.778, 32.65, 28.802, 24.75, 21.002, 16.56, 10.843, 7.034, 0.0, 9.292, 12.783, 14.458, 19.567, 25.268, 28.704, 30.676, 32.091, 32.713, 33.606, 34.976, 36.436, 37.102, 37.116, 37.435, 37.861, 38.529, 39.746, 39.729, 39.708, 39.971, 40.092, 41.267, 43.004, 43.537, 43.741, 47.446, 51.321, 53.234, 53.598, 52.168, 50.338, 52.005, 53.66, 54.441, 55.185, 54.022, 52.007, 51.597, 52.464, 53.745, 55.434, 56.024, 56.038, 54.904, 54.584, 54.797, 54.473, 54.182, 54.545, 54.75, 54.54, 54.52, 54.933, 55.154, 55.121, 55.753, 56.634, 56.788, 57.084, 57.707, 59.471, 60.089, 58.662, 57.023, 55.628, 53.821, 53.038, 52.94, 53.183, 53.116], [52.136, 51.413, 49.864, 46.922, 47.067, 47.458, 42.313, 36.742, 33.265, 29.224, 25.717, 22.146, 16.858, 14.482, 9.292, 0.0, 5.657, 11.22, 18.431, 24.833, 28.902, 31.763, 33.753, 34.39, 35.257, 36.491, 37.754, 38.364, 38.373, 38.561, 38.964, 39.688, 40.736, 40.688, 40.668, 40.97, 40.898, 41.738, 43.138, 42.977, 42.651, 46.2, 50.117, 52.234, 52.587, 51.212, 50.096, 52.022, 53.836, 55.45, 56.603, 55.183, 52.88, 52.468, 53.513, 54.823, 56.616, 57.421, 57.465, 56.025, 55.112, 55.181, 54.899, 54.591, 54.978, 55.174, 54.944, 54.79, 54.861, 54.879, 55.025, 55.964, 57.15, 57.584, 57.904, 58.331, 59.861, 60.31, 58.866, 57.307, 55.98, 54.193, 53.366, 53.302, 53.627, 53.657], [53.541, 52.904, 51.445, 48.637, 48.906, 49.4, 44.576, 39.307, 35.977, 32.257, 28.953, 25.269, 19.556, 16.793, 12.783, 5.657, 0.0, 7.783, 16.218, 23.1, 27.296, 30.318, 32.512, 33.378, 34.376, 35.549, 36.797, 37.461, 37.498, 37.71, 38.143, 38.803, 39.801, 39.762, 39.714, 39.99, 39.915, 40.649, 41.761, 41.262, 40.967, 44.733, 48.723, 50.796, 51.121, 49.756, 49.056, 51.577, 53.418, 55.207, 56.82, 55.726, 53.676, 53.593, 54.9, 56.247, 57.994, 58.784, 58.846, 57.449, 56.517, 56.605, 56.337, 56.03, 56.4, 56.548, 56.326, 56.162, 56.002, 55.659, 55.559, 56.423, 57.706, 58.151, 58.315, 58.786, 60.467, 60.989, 59.538, 57.988, 56.736, 55.04, 54.258, 54.195, 54.482, 54.476], [52.291, 51.773, 50.355, 47.669, 47.983, 48.22, 43.582, 38.814, 35.876, 32.734, 29.583, 25.552, 19.829, 17.095, 14.458, 11.22, 7.783, 0.0, 9.701, 17.809, 22.545, 26.173, 28.742, 29.737, 30.847, 32.077, 33.461, 34.255, 34.398, 34.838, 35.279, 36.017, 37.447, 37.463, 37.415, 37.666, 37.731, 38.412, 39.549, 39.502, 39.333, 42.879, 46.59, 48.349, 48.71, 47.368, 46.556, 49.257, 51.17, 52.856, 54.723, 54.545, 53.378, 53.837, 55.312, 56.557, 58.143, 58.792, 58.851, 57.78, 57.261, 57.403, 57.137, 56.839, 57.196, 57.269, 57.04, 56.929, 56.74, 56.12, 55.495, 55.952, 57.058, 57.267, 57.292, 57.869, 59.759, 60.533, 59.169, 57.612, 56.434, 54.967, 54.32, 54.184, 54.302, 54.115], [50.641, 50.232, 48.86, 46.336, 46.541, 46.508, 42.199, 38.108, 35.855, 33.629, 31.153, 27.429, 22.499, 20.601, 19.567, 18.431, 16.218, 9.701, 0.0, 9.329, 15.452, 20.582, 23.872, 24.828, 25.971, 27.287, 28.868, 29.863, 30.137, 30.735, 31.017, 31.943, 33.888, 33.961, 34.026, 34.466, 34.729, 35.28, 36.803, 37.734, 37.728, 40.697, 43.799, 45.119, 45.532, 44.239, 43.241, 45.887, 47.638, 49.067, 50.973, 51.742, 52.033, 53.571, 55.2, 56.252, 57.675, 58.119, 58.059, 57.246, 57.076, 57.22, 56.949, 56.669, 56.984, 56.959, 56.745, 56.762, 56.628, 55.846, 54.831, 54.982, 55.92, 55.841, 55.716, 56.167, 57.908, 58.804, 57.555, 55.977, 54.787, 53.513, 53.025, 52.821, 52.767, 52.405], [51.306, 50.915, 49.549, 47.196, 47.422, 47.328, 43.292, 39.659, 37.926, 36.452, 34.652, 31.423, 27.183, 25.57, 25.268, 24.833, 23.1, 17.809, 9.329, 0.0, 7.849, 15.05, 19.134, 20.117, 21.367, 22.777, 24.484, 25.665, 26.034, 26.687, 26.757, 27.745, 29.988, 30.131, 30.43, 31.278, 31.9, 32.575, 34.602, 36.527, 37.033, 39.636, 42.07, 42.899, 43.31, 42.109, 41.211, 44.136, 45.702, 46.743, 48.518, 49.666, 50.984, 53.717, 55.64, 56.541, 57.801, 58.093, 57.957, 57.451, 57.658, 57.836, 57.564, 57.289, 57.496, 57.392, 57.227, 57.352, 57.245, 56.397, 55.214, 55.217, 56.026, 55.636, 55.298, 55.726, 57.442, 58.432, 57.26, 55.608, 54.339, 53.097, 52.684, 52.475, 52.356, 51.926], [53.435, 52.991, 51.513, 49.166, 49.461, 49.36, 45.392, 41.765, 40.061, 39.0, 37.536, 34.335, 30.246, 28.427, 28.704, 28.902, 27.296, 22.545, 15.452, 7.849, 0.0, 8.55, 13.572, 15.35, 17.127, 18.785, 20.77, 22.162, 22.657, 23.46, 23.456, 24.247, 26.636, 26.878, 27.347, 28.566, 29.856, 31.236, 33.776, 36.516, 38.009, 40.976, 43.222, 43.631, 43.931, 42.779, 41.911, 45.133, 46.408, 46.856, 48.439, 49.621, 51.106, 54.273, 56.525, 57.54, 58.675, 58.846, 58.739, 58.531, 59.136, 59.453, 59.22, 59.077, 59.283, 59.157, 59.035, 59.31, 59.351, 58.486, 57.118, 56.942, 57.637, 56.946, 56.312, 56.833, 58.707, 59.758, 58.533, 56.725, 55.383, 54.187, 53.838, 53.638, 53.515, 53.061], [56.262, 55.756, 54.099, 51.56, 51.846, 51.753, 47.706, 43.74, 41.702, 40.825, 39.588, 36.181, 31.904, 29.724, 30.676, 31.763, 30.318, 26.173, 20.582, 15.05, 8.55, 0.0, 6.253, 10.222, 12.939, 14.921, 17.474, 19.145, 19.687, 20.492, 20.596, 21.014, 23.209, 23.678, 24.268, 25.759, 27.867, 30.301, 33.328, 36.589, 39.075, 42.843, 45.453, 45.776, 45.901, 44.757, 43.794, 47.128, 47.956, 47.62, 48.956, 50.034, 51.483, 54.589, 56.973, 58.356, 59.535, 59.565, 59.456, 59.381, 60.236, 60.726, 60.514, 60.501, 60.754, 60.643, 60.558, 60.996, 61.182, 60.323, 58.907, 58.696, 59.382, 58.543, 57.67, 58.156, 59.996, 60.929, 59.551, 57.575, 56.136, 54.892, 54.573, 54.405, 54.297, 53.828], [57.878, 57.371, 55.701, 53.066, 53.298, 53.176, 49.113, 45.073, 42.942, 42.145, 41.07, 37.606, 33.194, 30.849, 32.091, 33.753, 32.512, 28.742, 23.872, 19.134, 13.572, 6.253, 0.0, 6.033, 9.647, 11.976, 14.937, 16.764, 17.321, 18.083, 18.244, 18.513, 20.646, 21.418, 21.996, 23.397, 25.865, 28.993, 32.404, 35.968, 38.92, 43.078, 45.962, 46.373, 46.437, 45.31, 44.301, 47.699, 48.391, 47.679, 48.887, 49.913, 51.367, 54.435, 56.808, 58.421, 59.78, 59.801, 59.681, 59.56, 60.394, 60.952, 60.724, 60.711, 60.941, 60.839, 60.777, 61.269, 61.487, 60.652, 59.3, 59.138, 59.843, 58.956, 57.967, 58.359, 60.119, 60.934, 59.437, 57.369, 55.847, 54.467, 54.094, 53.923, 53.82, 53.343], [57.791, 57.224, 55.583, 52.895, 52.991, 52.797, 48.866, 45.038, 42.999, 42.235, 41.319, 37.98, 33.579, 31.501, 32.713, 34.39, 33.378, 29.737, 24.828, 20.117, 15.35, 10.222, 6.033, 0.0, 4.534, 8.187, 11.641, 13.609, 14.247, 15.117, 15.313, 15.693, 18.203, 19.326, 20.159, 21.577, 24.061, 27.365, 31.064, 34.823, 37.709, 41.732, 44.721, 45.281, 45.373, 44.324, 43.35, 46.678, 47.512, 46.933, 48.054, 49.085, 50.68, 53.863, 56.266, 57.979, 59.524, 59.663, 59.526, 59.261, 59.932, 60.418, 60.139, 60.103, 60.318, 60.208, 60.145, 60.635, 60.81, 60.003, 58.774, 58.745, 59.535, 58.707, 57.719, 57.979, 59.576, 60.259, 58.711, 56.659, 55.109, 53.626, 53.129, 52.885, 52.77, 52.28], [58.063, 57.461, 55.787, 53.053, 53.067, 52.817, 49.028, 45.385, 43.377, 42.601, 41.808, 38.567, 34.192, 32.371, 33.606, 35.257, 34.376, 30.847, 25.971, 21.367, 17.127, 12.939, 9.647, 4.534, 0.0, 4.972, 9.036, 11.218, 11.899, 12.819, 13.148, 13.569, 16.222, 17.567, 18.742, 20.474, 23.082, 26.397, 30.163, 34.015, 36.833, 40.805, 43.95, 44.605, 44.688, 43.733, 42.789, 46.078, 47.031, 46.531, 47.566, 48.606, 50.32, 53.635, 56.144, 58.04, 59.724, 59.92, 59.789, 59.508, 60.141, 60.573, 60.251, 60.211, 60.434, 60.315, 60.256, 60.744, 60.86, 60.059, 58.93, 59.015, 59.897, 59.152, 58.187, 58.337, 59.782, 60.341, 58.771, 56.774, 55.257, 53.741, 53.151, 52.854, 52.721, 52.217], [59.039, 58.453, 56.815, 54.156, 54.196, 53.946, 50.278, 46.76, 44.768, 43.949, 43.218, 40.028, 35.551, 33.758, 34.976, 36.491, 35.549, 32.077, 27.287, 22.777, 18.785, 14.921, 11.976, 8.187, 4.972, 0.0, 4.848, 7.8, 8.722, 9.755, 10.244, 10.687, 13.542, 15.051, 16.5, 18.516, 21.286, 24.624, 28.41, 32.437, 35.463, 39.639, 42.977, 43.627, 43.677, 42.807, 42.032, 45.536, 46.57, 46.139, 47.248, 48.38, 50.241, 53.711, 56.363, 58.44, 60.28, 60.523, 60.411, 60.261, 60.989, 61.434, 61.108, 61.047, 61.25, 61.113, 61.062, 61.531, 61.563, 60.684, 59.518, 59.59, 60.509, 59.798, 58.783, 58.861, 60.268, 60.779, 59.194, 57.258, 55.829, 54.373, 53.779, 53.446, 53.283, 52.79], [59.779, 59.196, 57.634, 55.08, 55.18, 54.953, 51.459, 48.19, 46.335, 45.503, 44.805, 41.65, 37.053, 35.292, 36.436, 37.754, 36.797, 33.461, 28.868, 24.484, 20.77, 17.474, 14.937, 11.641, 9.036, 4.848, 0.0, 3.631, 5.111, 6.675, 7.431, 8.05, 11.394, 12.925, 14.42, 16.467, 19.218, 22.584, 26.365, 30.516, 33.625, 37.744, 41.112, 41.769, 41.809, 41.062, 40.548, 44.299, 45.442, 45.151, 46.384, 47.607, 49.576, 53.189, 56.002, 58.206, 60.183, 60.512, 60.412, 60.414, 61.362, 61.908, 61.605, 61.515, 61.688, 61.524, 61.482, 61.967, 61.902, 60.884, 59.633, 59.66, 60.598, 59.922, 58.854, 58.876, 60.304, 60.823, 59.238, 57.337, 55.97, 54.565, 53.986, 53.614, 53.4, 52.924], [60.053, 59.465, 57.94, 55.404, 55.536, 55.334, 51.968, 48.892, 47.148, 46.29, 45.597, 42.435, 37.742, 36.009, 37.102, 38.364, 37.461, 34.255, 29.863, 25.665, 22.162, 19.145, 16.764, 13.609, 11.218, 7.8, 3.631, 0.0, 2.318, 4.802, 6.019, 6.956, 10.588, 11.927, 13.29, 15.339, 17.985, 21.376, 25.102, 29.251, 32.293, 36.259, 39.637, 40.396, 40.433, 39.789, 39.425, 43.276, 44.476, 44.225, 45.511, 46.772, 48.73, 52.346, 55.246, 57.553, 59.63, 60.02, 59.936, 60.021, 61.16, 61.851, 61.601, 61.5, 61.659, 61.48, 61.439, 61.973, 61.852, 60.727, 59.454, 59.492, 60.469, 59.841, 58.756, 58.715, 60.134, 60.652, 59.064, 57.176, 55.838, 54.453, 53.888, 53.505, 53.249, 52.781], [60.371, 59.77, 58.238, 55.679, 55.819, 55.627, 52.265, 49.192, 47.462, 46.565, 45.825, 42.629, 37.855, 36.077, 37.116, 38.373, 37.498, 34.398, 30.137, 26.034, 22.657, 19.687, 17.321, 14.247, 11.899, 8.722, 5.111, 2.318, 0.0, 3.238, 5.227, 6.322, 9.919, 11.232, 12.629, 14.845, 17.585, 21.012, 24.679, 28.771, 31.741, 35.691, 39.141, 39.992, 40.027, 39.402, 39.141, 43.117, 44.35, 44.092, 45.389, 46.612, 48.528, 52.118, 55.018, 57.361, 59.51, 59.938, 59.861, 59.947, 61.109, 61.863, 61.647, 61.539, 61.69, 61.505, 61.465, 62.027, 61.882, 60.712, 59.457, 59.523, 60.519, 59.931, 58.877, 58.838, 60.256, 60.774, 59.205, 57.354, 56.035, 54.624, 54.044, 53.67, 53.411, 52.957], [61.082, 60.468, 58.924, 56.37, 56.502, 56.331, 52.93, 49.773, 48.008, 47.061, 46.316, 43.165, 38.367, 36.538, 37.435, 38.561, 37.71, 34.838, 30.735, 26.687, 23.46, 20.492, 18.083, 15.117, 12.819, 9.755, 6.675, 4.802, 3.238, 0.0, 3.123, 4.77, 8.324, 9.91, 11.487, 14.008, 16.996, 20.525, 24.233, 28.307, 31.269, 35.28, 38.798, 39.701, 39.718, 39.096, 38.932, 43.034, 44.291, 44.058, 45.371, 46.471, 48.33, 51.934, 54.846, 57.199, 59.4, 59.866, 59.801, 59.855, 60.995, 61.79, 61.603, 61.485, 61.623, 61.439, 61.413, 61.981, 61.81, 60.656, 59.491, 59.645, 60.689, 60.157, 59.155, 59.122, 60.499, 60.973, 59.404, 57.569, 56.222, 54.725, 54.107, 53.738, 53.474, 53.026], [61.108, 60.509, 58.974, 56.498, 56.63, 56.44, 53.004, 49.814, 48.059, 47.151, 46.476, 43.448, 38.769, 36.972, 37.861, 38.964, 38.143, 35.279, 31.017, 26.757, 23.456, 20.596, 18.244, 15.313, 13.148, 10.244, 7.431, 6.019, 5.227, 3.123, 0.0, 3.39, 7.808, 9.518, 11.155, 13.718, 16.858, 20.395, 24.289, 28.568, 31.558, 35.513, 38.896, 39.716, 39.744, 39.045, 38.817, 42.916, 44.175, 43.952, 45.276, 46.427, 48.375, 52.037, 54.942, 57.248, 59.422, 59.881, 59.815, 59.894, 61.071, 61.839, 61.649, 61.523, 61.643, 61.466, 61.449, 61.991, 61.87, 60.807, 59.653, 59.77, 60.774, 60.219, 59.228, 59.191, 60.551, 61.048, 59.52, 57.695, 56.334, 54.838, 54.23, 53.859, 53.604, 53.148], [62.205, 61.568, 59.995, 57.505, 57.67, 57.542, 54.116, 50.751, 48.817, 47.934, 47.281, 44.183, 39.386, 37.5, 38.529, 39.688, 38.803, 36.017, 31.943, 27.745, 24.247, 21.014, 18.513, 15.693, 13.569, 10.687, 8.05, 6.956, 6.322, 4.77, 3.39, 0.0, 5.356, 7.672, 9.831, 12.828, 16.355, 20.281, 24.228, 28.439, 31.727, 36.058, 39.597, 40.398, 40.37, 39.681, 39.514, 43.736, 44.961, 44.651, 46.008, 47.184, 49.142, 52.828, 55.755, 58.086, 60.265, 60.737, 60.674, 60.741, 61.882, 62.636, 62.42, 62.307, 62.424, 62.239, 62.226, 62.797, 62.667, 61.539, 60.339, 60.457, 61.486, 60.896, 59.829, 59.902, 61.388, 61.877, 60.314, 58.456, 57.1, 55.592, 54.938, 54.547, 54.286, 53.824], [64.432, 63.743, 62.094, 59.551, 59.711, 59.676, 56.234, 52.589, 50.367, 49.371, 48.725, 45.6, 40.624, 38.678, 39.746, 40.736, 39.801, 37.447, 33.888, 29.988, 26.636, 23.209, 20.646, 18.203, 16.222, 13.542, 11.394, 10.588, 9.919, 8.324, 7.808, 5.356, 0.0, 4.188, 7.692, 11.744, 15.811, 19.911, 23.733, 27.632, 31.27, 36.261, 40.217, 41.176, 41.085, 40.476, 40.536, 44.899, 46.032, 45.704, 47.115, 48.066, 49.893, 53.611, 56.575, 58.966, 61.216, 61.761, 61.695, 61.66, 62.679, 63.464, 63.266, 63.185, 63.316, 63.117, 63.146, 63.794, 63.584, 62.371, 61.28, 61.571, 62.74, 62.219, 61.104, 61.181, 62.668, 63.038, 61.406, 59.537, 58.199, 56.644, 55.916, 55.53, 55.283, 54.835], [64.148, 63.447, 61.784, 59.261, 59.439, 59.402, 56.007, 52.432, 50.314, 49.358, 48.663, 45.501, 40.519, 38.61, 39.729, 40.688, 39.762, 37.463, 33.961, 30.131, 26.878, 23.678, 21.418, 19.326, 17.567, 15.051, 12.925, 11.927, 11.232, 9.91, 9.518, 7.672, 4.188, 0.0, 4.79, 10.061, 14.53, 18.611, 22.429, 26.432, 30.147, 35.22, 39.163, 40.099, 40.027, 39.437, 39.463, 43.882, 45.002, 44.651, 46.092, 47.054, 48.932, 52.761, 55.793, 58.181, 60.434, 61.002, 60.922, 60.893, 62.012, 62.908, 62.778, 62.724, 62.867, 62.643, 62.693, 63.451, 63.273, 62.015, 60.881, 61.142, 62.307, 61.779, 60.603, 60.622, 62.136, 62.531, 60.92, 59.104, 57.829, 56.337, 55.645, 55.282, 55.022, 54.573], [63.9, 63.373, 61.8, 59.267, 59.397, 59.345, 55.998, 52.496, 50.441, 49.473, 48.721, 45.509, 40.48, 38.535, 39.708, 40.668, 39.714, 37.415, 34.026, 30.43, 27.347, 24.268, 21.996, 20.159, 18.742, 16.5, 14.42, 13.29, 12.629, 11.487, 11.155, 9.831, 7.692, 4.79, 0.0, 6.212, 11.641, 16.427, 20.533, 24.762, 28.821, 34.195, 38.28, 39.293, 39.273, 38.682, 38.681, 43.221, 44.354, 43.961, 45.468, 46.483, 48.384, 52.194, 55.238, 57.651, 59.915, 60.485, 60.392, 60.279, 61.408, 62.422, 62.372, 62.327, 62.453, 62.216, 62.267, 63.105, 63.012, 61.762, 60.602, 60.823, 61.986, 61.446, 60.186, 60.14, 61.655, 62.042, 60.398, 58.574, 57.317, 55.83, 55.157, 54.811, 54.535, 54.085], [64.021, 63.753, 62.401, 59.827, 59.853, 59.784, 56.447, 52.918, 50.763, 49.694, 48.961, 45.807, 40.757, 38.77, 39.971, 40.97, 39.99, 37.666, 34.466, 31.278, 28.566, 25.759, 23.397, 21.577, 20.474, 18.516, 16.467, 15.339, 14.845, 14.008, 13.718, 12.828, 11.744, 10.061, 6.212, 0.0, 7.153, 13.564, 18.34, 22.906, 27.618, 33.65, 38.186, 39.424, 39.495, 38.867, 38.874, 43.501, 44.654, 44.266, 45.838, 46.936, 48.823, 52.462, 55.458, 57.961, 60.286, 60.863, 60.766, 60.55, 61.579, 62.598, 62.572, 62.531, 62.642, 62.399, 62.441, 63.262, 63.215, 62.052, 60.904, 61.078, 62.266, 61.722, 60.333, 60.179, 61.655, 61.98, 60.238, 58.369, 57.119, 55.606, 54.905, 54.548, 54.266, 53.81], [63.859, 63.655, 62.576, 60.082, 60.035, 59.999, 56.697, 53.188, 51.048, 49.871, 49.134, 46.074, 40.955, 39.005, 40.092, 40.898, 39.915, 37.731, 34.729, 31.9, 29.856, 27.867, 25.865, 24.061, 23.082, 21.286, 19.218, 17.985, 17.585, 16.996, 16.858, 16.355, 15.811, 14.53, 11.641, 7.153, 0.0, 8.017, 13.792, 18.853, 24.529, 31.466, 36.596, 38.248, 38.38, 37.73, 37.828, 42.499, 43.601, 43.304, 45.045, 46.186, 48.056, 51.652, 54.602, 57.197, 59.692, 60.344, 60.236, 59.85, 60.646, 61.578, 61.548, 61.529, 61.671, 61.434, 61.475, 62.304, 62.192, 61.04, 60.055, 60.362, 61.684, 61.221, 59.719, 59.333, 60.67, 60.882, 59.069, 57.231, 56.02, 54.476, 53.758, 53.387, 53.048, 52.606], [63.977, 63.766, 62.864, 60.719, 60.822, 60.763, 57.507, 54.152, 52.248, 51.162, 50.375, 47.309, 42.171, 40.334, 41.267, 41.738, 40.649, 38.412, 35.28, 32.575, 31.236, 30.301, 28.993, 27.365, 26.397, 24.624, 22.584, 21.376, 21.012, 20.525, 20.395, 20.281, 19.911, 18.611, 16.427, 13.564, 8.017, 0.0, 7.123, 14.15, 20.936, 28.466, 33.909, 35.733, 35.895, 35.334, 35.68, 40.502, 41.619, 41.63, 43.769, 45.212, 47.348, 51.185, 54.177, 56.696, 59.266, 60.01, 59.863, 59.308, 59.863, 60.678, 60.659, 60.664, 60.833, 60.567, 60.618, 61.451, 61.239, 60.056, 59.3, 59.899, 61.394, 61.025, 59.533, 58.958, 60.127, 60.314, 58.618, 56.972, 55.843, 54.369, 53.756, 53.377, 52.926, 52.5], [65.471, 65.238, 64.401, 62.491, 62.907, 62.955, 59.806, 56.618, 54.834, 53.722, 52.824, 49.577, 44.156, 42.207, 43.004, 43.138, 41.761, 39.549, 36.803, 34.602, 33.776, 33.328, 32.404, 31.064, 30.163, 28.41, 26.365, 25.102, 24.679, 24.233, 24.289, 24.228, 23.733, 22.429, 20.533, 18.34, 13.792, 7.123, 0.0, 8.97, 17.456, 25.889, 31.754, 33.788, 33.935, 33.551, 34.415, 39.694, 40.939, 41.342, 44.081, 45.782, 47.847, 51.682, 54.795, 57.343, 59.936, 60.732, 60.579, 59.896, 60.292, 61.089, 61.098, 61.105, 61.301, 61.018, 61.064, 61.869, 61.437, 60.025, 59.32, 60.139, 61.907, 61.757, 60.292, 59.672, 60.853, 61.102, 59.529, 58.03, 56.986, 55.585, 55.071, 54.711, 54.183, 53.767], [66.663, 66.368, 65.589, 63.712, 64.253, 64.561, 61.674, 58.627, 56.778, 55.328, 54.259, 50.92, 45.069, 43.004, 43.537, 42.977, 41.262, 39.502, 37.734, 36.527, 36.516, 36.589, 35.968, 34.823, 34.015, 32.437, 30.516, 29.251, 28.771, 28.307, 28.568, 28.439, 27.632, 26.432, 24.762, 22.906, 18.853, 14.15, 8.97, 0.0, 11.056, 21.743, 28.896, 31.852, 32.026, 31.624, 33.198, 38.991, 40.531, 41.74, 45.212, 46.719, 48.162, 51.636, 54.803, 57.516, 60.277, 61.212, 61.053, 60.05, 60.072, 60.837, 60.851, 60.801, 61.03, 60.754, 60.793, 61.543, 60.731, 58.907, 58.22, 59.215, 61.346, 61.792, 60.6, 59.889, 60.998, 61.172, 59.653, 58.315, 57.389, 55.98, 55.439, 55.097, 54.583, 54.23], [65.035, 64.665, 63.945, 62.236, 62.857, 63.25, 60.94, 58.733, 57.364, 55.798, 54.541, 51.213, 45.393, 43.61, 43.741, 42.651, 40.967, 39.333, 37.728, 37.033, 38.009, 39.075, 38.92, 37.709, 36.833, 35.463, 33.625, 32.293, 31.741, 31.269, 31.558, 31.727, 31.27, 30.147, 28.821, 27.618, 24.529, 20.936, 17.456, 11.056, 0.0, 12.277, 21.121, 25.533, 25.998, 25.567, 27.821, 33.844, 36.075, 38.622, 42.759, 44.414, 45.792, 49.301, 52.483, 55.202, 58.2, 59.3, 59.139, 58.123, 58.13, 58.889, 58.867, 58.597, 58.798, 58.508, 58.524, 59.134, 57.858, 55.557, 54.77, 55.793, 57.963, 59.011, 58.596, 57.918, 58.83, 59.045, 57.762, 56.736, 55.948, 54.574, 54.039, 53.668, 53.108, 52.783], [63.764, 63.347, 62.764, 61.439, 62.213, 62.532, 61.012, 60.275, 60.002, 58.783, 57.468, 54.233, 48.913, 47.575, 47.446, 46.2, 44.733, 42.879, 40.697, 39.636, 40.976, 42.843, 43.078, 41.732, 40.805, 39.639, 37.744, 36.259, 35.691, 35.28, 35.513, 36.058, 36.261, 35.22, 34.195, 33.65, 31.466, 28.466, 25.889, 21.743, 12.277, 0.0, 10.448, 16.779, 17.697, 17.689, 21.042, 27.264, 30.253, 34.078, 38.8, 41.081, 43.12, 47.239, 50.516, 52.964, 55.993, 57.185, 57.088, 56.505, 57.038, 57.928, 57.913, 57.411, 57.528, 57.217, 57.221, 57.713, 56.027, 53.223, 52.086, 52.883, 54.832, 56.074, 56.28, 55.903, 56.855, 57.345, 56.424, 55.656, 54.977, 53.765, 53.363, 52.986, 52.318, 51.977], [63.102, 62.641, 62.179, 61.28, 62.265, 62.518, 61.384, 61.579, 62.325, 61.767, 60.477, 57.303, 52.537, 51.441, 51.321, 50.117, 48.723, 46.59, 43.799, 42.07, 43.222, 45.453, 45.962, 44.721, 43.95, 42.977, 41.112, 39.637, 39.141, 38.798, 38.896, 39.597, 40.217, 39.163, 38.28, 38.186, 36.596, 33.909, 31.754, 28.896, 21.121, 10.448, 0.0, 7.913, 9.527, 10.31, 15.001, 21.995, 25.801, 30.483, 35.663, 38.575, 41.359, 46.206, 49.61, 51.456, 54.08, 55.277, 55.329, 55.297, 56.507, 57.615, 57.631, 56.939, 56.905, 56.544, 56.557, 57.018, 55.153, 51.982, 50.323, 50.703, 52.336, 53.52, 54.059, 54.225, 55.643, 56.554, 55.922, 55.21, 54.536, 53.473, 53.199, 52.832, 52.089, 51.744], [62.879, 62.415, 61.931, 61.248, 62.402, 62.619, 61.493, 61.841, 62.996, 63.031, 61.862, 58.659, 54.217, 53.156, 53.234, 52.234, 50.796, 48.349, 45.119, 42.899, 43.631, 45.776, 46.373, 45.281, 44.605, 43.627, 41.769, 40.396, 39.992, 39.701, 39.716, 40.398, 41.176, 40.099, 39.293, 39.424, 38.248, 35.733, 33.788, 31.852, 25.533, 16.779, 7.913, 0.0, 3.37, 6.002, 11.699, 19.832, 24.1, 28.941, 34.237, 37.606, 40.989, 46.352, 49.959, 51.425, 53.59, 54.724, 54.895, 55.238, 56.891, 58.135, 58.148, 57.383, 57.218, 56.783, 56.801, 57.208, 55.389, 52.159, 50.088, 50.122, 51.496, 52.398, 52.946, 53.616, 55.518, 56.706, 56.14, 55.338, 54.619, 53.618, 53.378, 52.994, 52.225, 51.845], [63.225, 62.731, 62.211, 61.508, 62.672, 62.925, 61.815, 62.112, 63.226, 63.313, 62.216, 59.01, 54.537, 53.462, 53.598, 52.587, 51.121, 48.71, 45.532, 43.31, 43.931, 45.901, 46.437, 45.373, 44.688, 43.677, 41.809, 40.433, 40.027, 39.718, 39.744, 40.37, 41.085, 40.027, 39.273, 39.495, 38.38, 35.895, 33.935, 32.026, 25.998, 17.697, 9.527, 3.37, 0.0, 4.844, 11.363, 19.492, 23.679, 28.56, 33.919, 37.29, 40.723, 46.125, 49.798, 51.277, 53.405, 54.566, 54.745, 55.071, 56.753, 58.045, 58.057, 57.297, 57.122, 56.674, 56.695, 57.102, 55.249, 51.971, 49.873, 49.93, 51.361, 52.241, 52.671, 53.371, 55.347, 56.541, 56.011, 55.218, 54.511, 53.555, 53.331, 52.952, 52.2, 51.84], [61.919, 61.382, 60.878, 60.196, 61.331, 61.551, 60.339, 60.618, 61.772, 61.841, 60.708, 57.559, 53.133, 51.991, 52.168, 51.212, 49.756, 47.368, 44.239, 42.109, 42.779, 44.757, 45.31, 44.324, 43.733, 42.807, 41.062, 39.789, 39.402, 39.096, 39.045, 39.681, 40.476, 39.437, 38.682, 38.867, 37.73, 35.334, 33.551, 31.624, 25.567, 17.689, 10.31, 6.002, 4.844, 0.0, 8.363, 18.038, 22.377, 27.341, 32.84, 36.143, 39.513, 44.857, 48.482, 49.981, 52.156, 53.318, 53.468, 53.689, 55.29, 56.524, 56.5, 55.744, 55.603, 55.192, 55.217, 55.631, 53.837, 50.55, 48.315, 48.216, 49.587, 50.56, 51.12, 51.768, 53.75, 55.027, 54.611, 53.923, 53.246, 52.342, 52.164, 51.792, 51.134, 50.843], [58.093, 57.491, 56.978, 56.376, 57.507, 57.557, 56.313, 56.887, 58.423, 58.8, 57.762, 54.701, 50.77, 49.872, 50.338, 50.096, 49.056, 46.556, 43.241, 41.211, 41.911, 43.794, 44.301, 43.35, 42.789, 42.032, 40.548, 39.425, 39.141, 38.932, 38.817, 39.514, 40.536, 39.463, 38.681, 38.874, 37.828, 35.68, 34.415, 33.198, 27.821, 21.042, 15.001, 11.699, 11.363, 8.363, 0.0, 11.922, 17.113, 21.828, 27.238, 31.012, 34.97, 40.487, 43.977, 45.346, 47.448, 48.523, 48.67, 48.984, 50.91, 52.239, 52.228, 51.523, 51.423, 51.048, 51.08, 51.613, 50.141, 47.052, 44.588, 44.239, 45.506, 46.501, 47.355, 48.165, 50.168, 51.508, 51.164, 50.445, 49.79, 49.112, 49.068, 48.688, 48.026, 47.734], [55.809, 55.157, 54.662, 54.189, 55.246, 55.201, 54.449, 55.795, 57.808, 58.429, 57.602, 54.814, 51.608, 51.432, 52.005, 52.022, 51.577, 49.257, 45.887, 44.136, 45.133, 47.128, 47.699, 46.678, 46.078, 45.536, 44.299, 43.276, 43.117, 43.034, 42.916, 43.736, 44.899, 43.882, 43.221, 43.501, 42.499, 40.502, 39.694, 38.991, 33.844, 27.264, 21.995, 19.832, 19.492, 18.038, 11.922, 0.0, 8.326, 15.842, 20.908, 25.297, 30.307, 35.929, 39.034, 40.034, 42.07, 43.227, 43.395, 43.916, 46.231, 47.643, 47.753, 47.132, 47.121, 46.747, 46.804, 47.413, 46.065, 43.064, 40.442, 40.194, 41.676, 42.873, 44.047, 44.616, 46.157, 47.414, 47.359, 46.863, 46.496, 46.783, 47.313, 47.001, 46.304, 45.979], [55.903, 55.257, 54.771, 54.301, 55.296, 55.296, 54.774, 56.3, 58.337, 59.058, 58.432, 55.785, 52.763, 52.754, 53.66, 53.836, 53.418, 51.17, 47.638, 45.702, 46.408, 47.956, 48.391, 47.512, 47.031, 46.57, 45.442, 44.476, 44.35, 44.291, 44.175, 44.961, 46.032, 45.002, 44.354, 44.654, 43.601, 41.619, 40.939, 40.531, 36.075, 30.253, 25.801, 24.1, 23.679, 22.377, 17.113, 8.326, 0.0, 9.742, 15.98, 21.364, 27.736, 33.943, 37.05, 38.3, 40.476, 41.367, 41.29, 41.859, 44.567, 46.205, 46.506, 46.295, 46.59, 46.264, 46.388, 47.276, 46.172, 43.088, 40.254, 40.017, 41.607, 42.639, 43.416, 43.394, 44.402, 45.51, 45.577, 45.22, 44.984, 45.876, 47.062, 46.978, 46.302, 45.955], [55.322, 54.681, 54.165, 53.663, 54.681, 54.631, 54.112, 55.711, 57.83, 58.789, 58.356, 55.79, 53.085, 53.083, 54.441, 55.45, 55.207, 52.856, 49.067, 46.743, 46.856, 47.62, 47.679, 46.933, 46.531, 46.139, 45.151, 44.225, 44.092, 44.058, 43.952, 44.651, 45.704, 44.651, 43.961, 44.266, 43.304, 41.63, 41.342, 41.74, 38.622, 34.078, 30.483, 28.941, 28.56, 27.341, 21.828, 15.842, 9.742, 0.0, 8.577, 16.513, 24.948, 31.956, 35.068, 36.697, 38.882, 39.186, 38.848, 39.827, 43.578, 45.725, 46.148, 46.274, 46.767, 46.515, 46.696, 47.939, 47.366, 44.596, 41.751, 41.306, 42.613, 43.152, 43.41, 43.147, 44.017, 45.089, 45.121, 44.633, 44.294, 45.151, 46.622, 46.838, 46.225, 45.828], [53.995, 53.335, 52.765, 52.241, 53.201, 53.096, 52.711, 54.583, 56.926, 58.096, 57.842, 55.542, 53.453, 53.753, 55.185, 56.603, 56.82, 54.723, 50.973, 48.518, 48.439, 48.956, 48.887, 48.054, 47.566, 47.248, 46.384, 45.511, 45.389, 45.371, 45.276, 46.008, 47.115, 46.092, 45.468, 45.838, 45.045, 43.769, 44.081, 45.212, 42.759, 38.8, 35.663, 34.237, 33.919, 32.84, 27.238, 20.908, 15.98, 8.577, 0.0, 10.564, 21.18, 28.873, 31.754, 33.405, 35.579, 35.617, 35.107, 36.564, 41.286, 43.735, 44.226, 44.494, 45.058, 44.858, 45.073, 46.465, 46.386, 44.284, 41.793, 41.424, 42.482, 42.709, 42.903, 42.47, 43.043, 43.991, 44.12, 43.685, 43.309, 44.196, 45.743, 46.193, 45.843, 45.525], [53.476, 52.692, 51.997, 51.281, 52.16, 52.32, 51.817, 53.444, 55.632, 56.57, 56.319, 54.293, 52.516, 52.889, 54.022, 55.183, 55.726, 54.545, 51.742, 49.666, 49.621, 50.034, 49.913, 49.085, 48.606, 48.38, 47.607, 46.772, 46.612, 46.471, 46.427, 47.184, 48.066, 47.054, 46.483, 46.936, 46.186, 45.212, 45.782, 46.719, 44.414, 41.081, 38.575, 37.606, 37.29, 36.143, 31.012, 25.297, 21.364, 16.513, 10.564, 0.0, 12.441, 21.614, 24.791, 26.853, 29.587, 29.804, 29.194, 30.638, 35.948, 38.763, 39.421, 39.935, 40.733, 40.684, 40.948, 42.389, 42.629, 41.326, 39.961, 40.46, 41.774, 42.354, 42.872, 42.214, 42.331, 42.809, 42.872, 42.517, 41.98, 42.544, 43.994, 44.697, 44.804, 44.86], [54.453, 53.513, 52.671, 51.726, 52.699, 53.168, 52.242, 53.301, 55.075, 55.384, 54.79, 52.819, 51.126, 51.366, 52.007, 52.88, 53.676, 53.378, 52.033, 50.984, 51.106, 51.483, 51.367, 50.68, 50.32, 50.241, 49.576, 48.73, 48.528, 48.33, 48.375, 49.142, 49.893, 48.932, 48.384, 48.823, 48.056, 47.348, 47.847, 48.162, 45.792, 43.12, 41.359, 40.989, 40.723, 39.513, 34.97, 30.307, 27.736, 24.948, 21.18, 12.441, 0.0, 11.059, 15.737, 19.197, 23.23, 24.098, 23.963, 25.551, 31.296, 34.463, 35.385, 36.412, 37.852, 38.124, 38.354, 39.736, 40.219, 39.655, 39.457, 40.847, 42.477, 43.601, 44.621, 44.147, 44.404, 44.759, 44.673, 44.257, 43.526, 43.573, 44.725, 45.586, 45.996, 46.297], [55.697, 54.707, 53.808, 52.678, 53.605, 54.184, 52.989, 53.631, 55.083, 54.997, 54.214, 52.373, 50.926, 51.218, 51.597, 52.468, 53.593, 53.837, 53.571, 53.717, 54.273, 54.589, 54.435, 53.863, 53.635, 53.711, 53.189, 52.346, 52.118, 51.934, 52.037, 52.828, 53.611, 52.761, 52.194, 52.462, 51.652, 51.185, 51.682, 51.636, 49.301, 47.239, 46.206, 46.352, 46.125, 44.857, 40.487, 35.929, 33.943, 31.956, 28.873, 21.614, 11.059, 0.0, 7.0, 13.63, 19.34, 20.881, 21.198, 22.532, 28.393, 31.823, 32.954, 34.42, 36.437, 37.014, 37.168, 38.617, 39.606, 39.738, 40.216, 42.051, 43.871, 45.338, 46.66, 46.26, 46.503, 46.731, 46.517, 46.044, 45.313, 45.268, 46.264, 47.175, 47.719, 48.072], [55.484, 54.478, 53.603, 52.495, 53.356, 53.949, 52.79, 53.487, 55.039, 54.971, 54.215, 52.614, 51.623, 52.115, 52.464, 53.513, 54.9, 55.312, 55.2, 55.64, 56.525, 56.973, 56.808, 56.266, 56.144, 56.363, 56.002, 55.246, 55.018, 54.846, 54.942, 55.755, 56.575, 55.793, 55.238, 55.458, 54.602, 54.177, 54.795, 54.803, 52.483, 50.516, 49.61, 49.959, 49.798, 48.482, 43.977, 39.034, 37.05, 35.068, 31.754, 24.791, 15.737, 7.0, 0.0, 9.259, 16.319, 18.098, 18.39, 19.76, 26.192, 29.832, 31.035, 32.523, 34.652, 35.349, 35.488, 37.069, 38.515, 39.205, 40.144, 42.172, 43.917, 45.408, 46.912, 46.454, 46.49, 46.603, 46.435, 46.03, 45.347, 45.41, 46.437, 47.419, 48.013, 48.391], [54.991, 53.941, 53.116, 52.293, 53.251, 53.814, 52.678, 53.579, 55.564, 55.807, 54.978, 53.426, 52.821, 53.447, 53.745, 54.823, 56.247, 56.557, 56.252, 56.541, 57.54, 58.356, 58.421, 57.979, 58.04, 58.44, 58.206, 57.553, 57.361, 57.199, 57.248, 58.086, 58.966, 58.181, 57.651, 57.961, 57.197, 56.696, 57.343, 57.516, 55.202, 52.964, 51.456, 51.425, 51.277, 49.981, 45.346, 40.034, 38.3, 36.697, 33.405, 26.853, 19.197, 13.63, 9.259, 0.0, 8.518, 11.885, 13.253, 16.125, 24.172, 28.322, 29.601, 30.776, 32.729, 33.351, 33.482, 35.097, 36.69, 37.606, 38.697, 40.825, 42.386, 43.701, 45.323, 45.256, 45.921, 46.538, 46.607, 46.192, 45.396, 45.442, 46.47, 47.424, 47.941, 48.33], [55.212, 54.158, 53.362, 52.752, 53.78, 54.274, 53.106, 54.132, 56.449, 57.044, 56.211, 54.663, 54.377, 55.065, 55.434, 56.616, 57.994, 58.143, 57.675, 57.801, 58.675, 59.535, 59.78, 59.524, 59.724, 60.28, 60.183, 59.63, 59.51, 59.4, 59.422, 60.265, 61.216, 60.434, 59.915, 60.286, 59.692, 59.266, 59.936, 60.277, 58.2, 55.993, 54.08, 53.59, 53.405, 52.156, 47.448, 42.07, 40.476, 38.882, 35.579, 29.587, 23.23, 19.34, 16.319, 8.518, 0.0, 5.705, 9.466, 14.927, 24.597, 29.085, 30.394, 31.337, 33.006, 33.528, 33.654, 35.196, 36.871, 37.937, 38.906, 40.94, 42.371, 43.517, 45.089, 45.296, 46.526, 47.596, 47.784, 47.224, 46.279, 46.278, 47.325, 48.277, 48.77, 49.172], [54.618, 53.594, 52.8, 52.259, 53.344, 53.823, 52.716, 53.905, 56.379, 57.149, 56.413, 54.918, 54.815, 55.527, 56.024, 57.421, 58.784, 58.792, 58.119, 58.093, 58.846, 59.565, 59.801, 59.663, 59.92, 60.523, 60.512, 60.02, 59.938, 59.866, 59.881, 60.737, 61.761, 61.002, 60.485, 60.863, 60.344, 60.01, 60.732, 61.212, 59.3, 57.185, 55.277, 54.724, 54.566, 53.318, 48.523, 43.227, 41.367, 39.186, 35.617, 29.804, 24.098, 20.881, 18.098, 11.885, 5.705, 0.0, 5.522, 13.777, 25.003, 29.651, 30.893, 31.838, 33.475, 33.999, 34.116, 35.666, 37.488, 38.624, 39.478, 41.339, 42.645, 43.717, 45.267, 45.323, 46.344, 47.44, 47.681, 47.071, 46.082, 46.111, 47.297, 48.342, 48.844, 49.217], [53.83, 52.79, 51.987, 51.505, 52.63, 53.178, 52.209, 53.483, 55.973, 56.797, 56.18, 54.762, 54.693, 55.46, 56.038, 57.465, 58.846, 58.851, 58.059, 57.957, 58.739, 59.456, 59.681, 59.526, 59.789, 60.411, 60.412, 59.936, 59.861, 59.801, 59.815, 60.674, 61.695, 60.922, 60.392, 60.766, 60.236, 59.863, 60.579, 61.053, 59.139, 57.088, 55.329, 54.895, 54.745, 53.468, 48.67, 43.395, 41.29, 38.848, 35.107, 29.194, 23.963, 21.198, 18.39, 13.253, 9.466, 5.522, 0.0, 10.434, 23.127, 28.035, 29.261, 30.292, 32.042, 32.583, 32.719, 34.459, 36.538, 37.819, 38.75, 40.675, 42.002, 43.129, 44.694, 44.417, 44.898, 45.785, 46.176, 45.726, 44.78, 44.881, 46.177, 47.26, 47.777, 48.15], [53.502, 52.455, 51.736, 51.187, 52.131, 52.791, 51.737, 52.636, 54.867, 55.591, 55.06, 53.698, 53.451, 54.286, 54.904, 56.025, 57.449, 57.78, 57.246, 57.451, 58.531, 59.381, 59.56, 59.261, 59.508, 60.26