[[0.0, 3.021, 6.628, 11.228, 12.6, 12.853, 14.582, 15.98, 17.168, 18.332, 19.392, 19.63, 19.7, 20.396, 20.787, 22.097, 25.884, 29.73, 31.199, 31.583, 32.616, 33.024, 32.353, 32.968, 33.363, 35.846, 41.5, 50.431, 55.865, 54.709, 52.608, 53.709, 54.998, 54.947, 54.589, 54.654, 54.342, 53.217, 53.799, 56.482, 57.869, 58.228, 57.971, 59.075, 59.713, 59.092, 59.38, 59.74, 60.202, 60.633, 60.678, 60.809, 60.75, 60.772, 61.029, 61.386, 60.317, 60.453, 60.974, 60.913, 61.229, 60.987, 60.85, 61.917, 62.954, 62.865, 62.206, 61.521, 60.497, 59.502, 59.527, 59.424, 58.718, 58.259, 58.508, 58.456, 57.105, 55.36, 54.267, 54.206, 54.266, 54.389, 54.139, 53.901, 54.034, 53.946], [3.021, 0.0, 4.635, 9.866, 11.572, 12.132, 14.018, 15.425, 16.506, 17.759, 18.898, 19.093, 19.199, 20.012, 20.34, 21.482, 25.349, 29.297, 30.779, 31.207, 32.444, 32.954, 32.021, 32.427, 32.921, 35.448, 40.884, 49.561, 54.893, 53.747, 51.689, 52.757, 54.013, 53.996, 53.777, 53.996, 53.694, 52.528, 53.106, 55.784, 57.166, 57.543, 57.296, 58.355, 58.97, 58.342, 58.623, 58.984, 59.445, 59.878, 59.924, 60.084, 60.039, 60.074, 60.313, 60.66, 59.624, 59.752, 60.282, 60.228, 60.557, 60.31, 60.168, 61.231, 62.252, 62.154, 61.502, 60.784, 59.724, 58.744, 58.801, 58.725, 58.035, 57.576, 57.839, 57.793, 56.453, 54.708, 53.607, 53.524, 53.568, 53.672, 53.417, 53.173, 53.338, 53.23], [6.628, 4.635, 0.0, 5.881, 8.478, 10.075, 12.67, 14.291, 15.329, 16.738, 18.127, 18.405, 18.663, 19.559, 19.801, 21.088, 25.145, 29.198, 30.742, 31.248, 32.739, 33.365, 32.054, 32.137, 32.744, 35.176, 40.223, 48.554, 53.729, 52.577, 50.515, 51.505, 52.703, 52.675, 52.525, 52.899, 52.725, 51.624, 52.136, 54.677, 56.022, 56.421, 56.219, 57.248, 57.822, 57.172, 57.418, 57.745, 58.201, 58.636, 58.652, 58.805, 58.768, 58.812, 59.03, 59.397, 58.482, 58.572, 59.089, 59.057, 59.4, 59.155, 59.032, 60.129, 61.176, 61.099, 60.481, 59.779, 58.699, 57.734, 57.765, 57.666, 57.042, 56.572, 56.819, 56.784, 55.532, 53.932, 52.897, 52.789, 52.832, 52.952, 52.758, 52.464, 52.665, 52.48], [11.228, 9.866, 5.881, 0.0, 4.526, 9.055, 12.806, 14.836, 15.9, 17.161, 18.556, 19.101, 19.569, 20.447, 20.462, 22.029, 26.235, 30.178, 31.668, 32.274, 33.967, 34.668, 33.25, 33.163, 33.908, 36.13, 40.596, 48.325, 53.136, 51.97, 49.909, 50.68, 51.753, 51.693, 51.53, 51.958, 51.936, 51.097, 51.606, 53.878, 55.099, 55.435, 55.317, 56.474, 57.051, 56.387, 56.596, 56.882, 57.376, 57.833, 57.853, 58.091, 58.112, 58.152, 58.33, 58.711, 57.859, 57.922, 58.4, 58.371, 58.717, 58.522, 58.478, 59.619, 60.687, 60.596, 59.964, 59.306, 58.304, 57.43, 57.411, 57.189, 56.598, 56.139, 56.327, 56.278, 55.052, 53.631, 52.752, 52.665, 52.725, 52.973, 52.892, 52.572, 52.783, 52.431], [12.6, 11.572, 8.478, 4.526, 0.0, 6.536, 11.338, 13.998, 15.297, 16.347, 17.63, 18.401, 18.993, 19.932, 20.21, 22.164, 26.379, 30.22, 31.648, 32.199, 33.75, 34.44, 33.423, 33.544, 34.321, 36.657, 41.212, 48.99, 53.82, 52.669, 50.558, 51.253, 52.301, 52.205, 51.954, 52.322, 52.3, 51.616, 52.32, 54.62, 55.8, 56.03, 55.892, 57.119, 57.706, 57.067, 57.26, 57.509, 58.019, 58.489, 58.546, 58.866, 58.922, 58.946, 59.126, 59.499, 58.547, 58.641, 59.083, 59.02, 59.357, 59.222, 59.239, 60.402, 61.464, 61.318, 60.627, 59.985, 59.071, 58.269, 58.221, 57.935, 57.336, 56.899, 57.039, 56.96, 55.647, 54.29, 53.516, 53.444, 53.51, 53.913, 53.966, 53.727, 53.9, 53.479], [12.853, 12.132, 10.075, 9.055, 6.536, 0.0, 5.526, 9.224, 11.474, 13.335, 14.961, 15.634, 16.297, 17.154, 18.149, 20.541, 24.415, 28.268, 29.75, 30.133, 31.389, 32.045, 31.452, 31.887, 32.516, 35.079, 40.188, 48.792, 54.4, 53.431, 51.133, 51.972, 53.161, 53.002, 52.669, 53.057, 53.065, 52.313, 53.057, 55.634, 57.026, 57.276, 56.998, 58.04, 58.603, 57.996, 58.157, 58.362, 58.814, 59.261, 59.335, 59.571, 59.552, 59.562, 59.79, 60.176, 59.141, 59.254, 59.726, 59.698, 60.043, 59.891, 59.861, 61.05, 62.154, 62.005, 61.303, 60.704, 59.814, 58.927, 58.76, 58.482, 57.905, 57.475, 57.606, 57.55, 56.259, 54.929, 54.101, 54.008, 54.071, 54.483, 54.566, 54.465, 54.584, 54.384], [14.582, 14.018, 12.67, 12.806, 11.338, 5.526, 0.0, 4.735, 8.366, 11.526, 13.633, 14.141, 14.812, 15.563, 16.98, 19.419, 22.852, 26.686, 28.252, 28.558, 29.652, 30.299, 29.931, 30.612, 31.107, 33.754, 39.281, 48.556, 54.818, 54.017, 51.551, 52.474, 53.782, 53.595, 53.242, 53.688, 53.743, 52.92, 53.578, 56.28, 57.855, 58.186, 57.827, 58.709, 59.261, 58.672, 58.804, 58.977, 59.368, 59.778, 59.859, 60.011, 59.904, 59.896, 60.183, 60.635, 59.595, 59.681, 60.206, 60.24, 60.6, 60.411, 60.313, 61.52, 62.673, 62.552, 61.864, 61.299, 60.421, 59.459, 59.19, 58.918, 58.365, 57.943, 58.07, 58.056, 56.874, 55.589, 54.673, 54.572, 54.649, 55.006, 55.068, 55.062, 55.156, 55.208], [15.98, 15.425, 14.291, 14.836, 13.998, 9.224, 4.735, 0.0, 5.119, 9.889, 12.694, 13.111, 13.734, 14.629, 16.11, 18.1, 21.24, 25.199, 26.949, 27.327, 28.467, 29.109, 28.533, 29.239, 29.67, 32.262, 37.997, 47.591, 54.167, 53.431, 50.866, 51.838, 53.227, 53.058, 52.738, 53.238, 53.322, 52.416, 52.946, 55.66, 57.336, 57.776, 57.403, 58.159, 58.713, 58.124, 58.23, 58.37, 58.696, 59.07, 59.132, 59.193, 59.008, 58.99, 59.341, 59.915, 58.996, 59.037, 59.603, 59.702, 60.078, 59.851, 59.704, 60.927, 62.12, 62.047, 61.4, 60.849, 59.95, 58.932, 58.599, 58.362, 57.885, 57.472, 57.595, 57.621, 56.659, 55.549, 54.557, 54.43, 54.523, 54.793, 54.853, 54.875, 54.958, 55.194], [17.168, 16.506, 15.329, 15.9, 15.297, 11.474, 8.366, 5.119, 0.0, 5.966, 10.023, 10.581, 11.058, 12.403, 14.257, 15.956, 18.958, 23.18, 25.205, 25.812, 27.216, 27.925, 26.991, 27.557, 28.05, 30.767, 36.704, 46.286, 52.819, 52.09, 49.57, 50.604, 52.005, 51.845, 51.581, 52.133, 52.23, 51.287, 51.756, 54.443, 56.117, 56.589, 56.286, 57.068, 57.643, 57.059, 57.162, 57.27, 57.536, 57.89, 57.935, 57.981, 57.797, 57.792, 58.156, 58.791, 58.091, 58.153, 58.708, 58.876, 59.261, 59.019, 58.866, 60.088, 61.288, 61.253, 60.674, 60.163, 59.267, 58.286, 57.951, 57.76, 57.414, 57.032, 57.161, 57.212, 56.504, 55.708, 54.669, 54.473, 54.569, 54.803, 54.936, 54.943, 55.035, 55.242], [18.332, 17.759, 16.738, 17.161, 16.347, 13.335, 11.526, 9.889, 5.966, 0.0, 5.414, 7.19, 7.854, 9.631, 11.789, 13.754, 16.888, 21.155, 23.295, 24.171, 25.761, 26.571, 26.016, 26.863, 27.469, 30.27, 36.38, 46.027, 52.429, 51.696, 49.282, 50.343, 51.742, 51.575, 51.263, 51.757, 51.856, 51.062, 51.695, 54.334, 55.893, 56.242, 56.046, 57.227, 57.966, 57.408, 57.557, 57.691, 57.983, 58.351, 58.452, 58.681, 58.607, 58.605, 58.94, 59.527, 58.818, 58.927, 59.432, 59.616, 59.995, 59.801, 59.701, 60.901, 62.07, 62.021, 61.439, 60.942, 60.135, 59.307, 59.049, 58.877, 58.571, 58.227, 58.377, 58.419, 57.694, 56.982, 55.955, 55.74, 55.84, 56.147, 56.365, 56.363, 56.463, 56.48], [19.392, 18.898, 18.127, 18.556, 17.63, 14.961, 13.633, 12.694, 10.023, 5.414, 0.0, 4.151, 6.366, 8.068, 10.18, 12.486, 16.009, 20.464, 22.537, 23.435, 25.007, 25.857, 25.771, 26.888, 27.619, 30.442, 36.463, 46.208, 52.567, 51.794, 49.446, 50.566, 51.993, 51.836, 51.472, 51.913, 52.031, 51.403, 52.246, 54.909, 56.388, 56.636, 56.409, 57.87, 58.821, 58.304, 58.478, 58.656, 59.01, 59.42, 59.573, 59.942, 59.955, 59.955, 60.263, 60.781, 59.909, 60.043, 60.516, 60.64, 61.008, 60.862, 60.829, 62.025, 63.161, 63.05, 62.413, 61.879, 61.133, 60.403, 60.214, 60.065, 59.716, 59.375, 59.576, 59.601, 58.694, 57.882, 56.923, 56.738, 56.848, 57.241, 57.458, 57.432, 57.522, 57.418], [19.63, 19.093, 18.405, 19.101, 18.401, 15.634, 14.141, 13.111, 10.581, 7.19, 4.151, 0.0, 3.842, 6.108, 8.826, 11.631, 15.249, 19.983, 22.083, 22.734, 24.21, 25.038, 24.625, 25.597, 26.369, 29.323, 35.462, 45.355, 51.873, 51.099, 48.733, 49.993, 51.459, 51.288, 50.96, 51.44, 51.563, 50.871, 51.707, 54.442, 55.953, 56.235, 55.92, 57.219, 58.179, 57.715, 57.881, 58.056, 58.4, 58.834, 58.985, 59.318, 59.333, 59.358, 59.666, 60.129, 59.248, 59.399, 59.884, 60.025, 60.398, 60.23, 60.192, 61.418, 62.563, 62.444, 61.839, 61.334, 60.568, 59.821, 59.634, 59.521, 59.2, 58.846, 59.079, 59.11, 58.259, 57.545, 56.581, 56.348, 56.449, 56.818, 57.02, 56.947, 57.025, 56.912], [19.7, 19.199, 18.663, 19.569, 18.993, 16.297, 14.812, 13.734, 11.058, 7.854, 6.366, 3.842, 0.0, 3.74, 7.582, 10.563, 14.385, 19.222, 21.35, 21.915, 23.285, 24.056, 23.452, 24.419, 25.188, 28.127, 34.384, 44.339, 50.944, 50.243, 47.922, 49.232, 50.697, 50.535, 50.261, 50.77, 50.858, 50.096, 50.892, 53.643, 55.177, 55.483, 55.185, 56.441, 57.387, 56.966, 57.199, 57.396, 57.702, 58.112, 58.274, 58.622, 58.645, 58.678, 59.0, 59.454, 58.618, 58.791, 59.29, 59.484, 59.874, 59.69, 59.651, 60.898, 62.04, 61.919, 61.344, 60.83, 59.973, 59.141, 58.931, 58.815, 58.513, 58.162, 58.389, 58.423, 57.674, 57.099, 56.074, 55.774, 55.879, 56.241, 56.472, 56.443, 56.527, 56.442], [20.396, 20.012, 19.559, 20.447, 19.932, 17.154, 15.563, 14.629, 12.403, 9.631, 8.068, 6.108, 3.74, 0.0, 5.574, 9.57, 13.584, 18.644, 20.819, 21.33, 22.579, 23.327, 22.815, 23.861, 24.654, 27.59, 33.915, 44.04, 50.758, 50.108, 47.818, 49.181, 50.65, 50.43, 50.094, 50.62, 50.783, 50.1, 50.892, 53.62, 55.163, 55.45, 55.13, 56.396, 57.367, 56.987, 57.275, 57.518, 57.85, 58.263, 58.428, 58.785, 58.824, 58.865, 59.176, 59.602, 58.759, 58.947, 59.443, 59.667, 60.063, 59.886, 59.871, 61.13, 62.265, 62.135, 61.571, 61.084, 60.245, 59.386, 59.138, 58.971, 58.647, 58.292, 58.524, 58.566, 57.802, 57.267, 56.259, 55.927, 56.039, 56.448, 56.68, 56.677, 56.762, 56.658], [20.787, 20.34, 19.801, 20.462, 20.21, 18.149, 16.98, 16.11, 14.257, 11.789, 10.18, 8.826, 7.582, 5.574, 0.0, 6.092, 12.248, 17.989, 20.346, 21.026, 22.424, 23.315, 22.98, 24.019, 24.827, 27.461, 33.412, 43.468, 50.166, 49.529, 47.203, 48.469, 49.948, 49.706, 49.241, 49.704, 49.906, 49.33, 50.148, 52.759, 54.232, 54.472, 54.214, 55.724, 56.774, 56.393, 56.712, 57.028, 57.448, 57.887, 58.061, 58.456, 58.5, 58.514, 58.822, 59.248, 58.312, 58.498, 59.016, 59.251, 59.659, 59.508, 59.52, 60.792, 61.947, 61.828, 61.232, 60.74, 59.989, 59.228, 59.061, 58.877, 58.52, 58.181, 58.402, 58.43, 57.631, 57.04, 56.03, 55.708, 55.828, 56.226, 56.457, 56.451, 56.537, 56.338], [22.097, 21.482, 21.088, 22.029, 22.164, 20.541, 19.419, 18.1, 15.956, 13.754, 12.486, 11.631, 10.563, 9.57, 6.092, 0.0, 8.724, 15.76, 18.622, 19.749, 21.597, 22.649, 22.036, 22.923, 23.688, 26.134, 31.906, 41.904, 48.626, 47.932, 45.506, 46.755, 48.319, 48.213, 47.888, 48.435, 48.635, 47.974, 48.727, 51.391, 52.939, 53.248, 53.018, 54.569, 55.666, 55.259, 55.6, 55.917, 56.291, 56.724, 56.918, 57.27, 57.26, 57.254, 57.59, 58.128, 57.326, 57.514, 58.099, 58.392, 58.814, 58.632, 58.586, 59.866, 61.056, 60.954, 60.354, 59.782, 58.899, 58.01, 57.824, 57.669, 57.309, 56.969, 57.196, 57.248, 56.54, 55.934, 54.847, 54.524, 54.64, 54.94, 55.119, 55.142, 55.265, 55.191], [25.884, 25.349, 25.145, 26.235, 26.379, 24.415, 22.852, 21.24, 18.958, 16.888, 16.009, 15.249, 14.385, 13.584, 12.248, 8.724, 0.0, 8.137, 11.914, 13.603, 16.037, 17.297, 16.802, 18.405, 19.067, 21.795, 28.716, 39.804, 47.094, 46.409, 43.768, 45.204, 46.931, 46.822, 46.688, 47.497, 47.891, 47.411, 48.154, 50.843, 52.561, 52.905, 52.692, 54.372, 55.612, 55.219, 55.487, 55.675, 55.983, 56.438, 56.803, 57.309, 57.345, 57.398, 57.756, 58.324, 57.715, 57.92, 58.602, 59.071, 59.489, 59.26, 59.092, 60.353, 61.602, 61.496, 60.921, 60.441, 59.471, 58.414, 58.027, 57.77, 57.417, 57.079, 57.28, 57.395, 56.754, 56.168, 55.019, 54.689, 54.789, 55.051, 55.212, 55.303, 55.449, 55.588], [29.73, 29.297, 29.198, 30.178, 30.22, 28.268, 26.686, 25.199, 23.18, 21.155, 20.464, 19.983, 19.222, 18.644, 17.989, 15.76, 8.137, 0.0, 4.696, 7.587, 10.939, 12.401, 12.833, 15.819, 16.261, 18.752, 26.269, 37.968, 45.609, 45.037, 42.302, 43.801, 45.612, 45.475, 45.459, 46.426, 46.929, 46.733, 47.58, 50.15, 51.921, 52.213, 52.126, 54.192, 55.636, 55.273, 55.473, 55.569, 55.88, 56.311, 56.898, 57.844, 58.088, 58.195, 58.559, 59.086, 58.44, 58.644, 59.409, 60.022, 60.444, 60.224, 60.002, 61.214, 62.469, 62.331, 61.735, 61.307, 60.324, 59.28, 58.817, 58.455, 58.087, 57.792, 57.949, 58.083, 57.421, 56.827, 55.618, 55.293, 55.4, 55.694, 55.926, 56.162, 56.301, 56.537], [31.199, 30.779, 30.742, 31.668, 31.648, 29.75, 28.252, 26.949, 25.205, 23.295, 22.537, 22.083, 21.35, 20.819, 20.346, 18.622, 11.914, 4.696, 0.0, 4.134, 8.349, 9.986, 11.303, 15.119, 15.539, 17.755, 25.172, 36.98, 44.681, 44.121, 41.386, 42.893, 44.713, 44.608, 44.68, 45.693, 46.178, 46.1, 47.069, 49.628, 51.393, 51.631, 51.6, 53.869, 55.42, 55.086, 55.275, 55.375, 55.73, 56.135, 56.804, 58.064, 58.533, 58.707, 59.058, 59.534, 58.761, 58.946, 59.742, 60.381, 60.811, 60.614, 60.388, 61.568, 62.786, 62.603, 61.967, 61.487, 60.481, 59.493, 59.065, 58.665, 58.233, 57.95, 58.113, 58.236, 57.428, 56.729, 55.523, 55.221, 55.346, 55.681, 55.944, 56.304, 56.446, 56.689], [31.583, 31.207, 31.248, 32.274, 32.199, 30.133, 28.558, 27.327, 25.812, 24.171, 23.435, 22.734, 21.915, 21.33, 21.026, 19.749, 13.603, 7.587, 4.134, 0.0, 4.955, 7.01, 9.255, 13.83, 14.292, 16.76, 24.583, 36.904, 44.858, 44.293, 41.544, 43.164, 45.021, 44.91, 44.999, 46.007, 46.454, 46.375, 47.425, 50.056, 51.818, 52.037, 51.941, 54.155, 55.726, 55.43, 55.616, 55.733, 56.126, 56.553, 57.225, 58.528, 59.085, 59.338, 59.706, 60.112, 59.222, 59.384, 60.172, 60.784, 61.21, 61.018, 60.785, 61.967, 63.175, 62.962, 62.305, 61.816, 60.814, 59.839, 59.419, 59.006, 58.521, 58.22, 58.402, 58.515, 57.573, 56.776, 55.591, 55.313, 55.453, 55.819, 56.084, 56.479, 56.617, 56.864], [32.616, 32.444, 32.739, 33.967, 33.75, 31.389, 29.652, 28.467, 27.216, 25.761, 25.007, 24.21, 23.285, 22.579, 22.424, 21.597, 16.037, 10.939, 8.349, 4.955, 0.0, 2.901, 8.886, 14.428, 14.698, 17.164, 25.362, 38.202, 46.482, 46.008, 43.227, 44.877, 46.806, 46.667, 46.618, 47.48, 47.875, 47.853, 48.992, 51.654, 53.394, 53.555, 53.422, 55.647, 57.241, 56.987, 57.192, 57.33, 57.752, 58.191, 58.915, 60.235, 60.788, 61.048, 61.47, 61.811, 60.707, 60.863, 61.652, 62.278, 62.703, 62.526, 62.302, 63.498, 64.706, 64.457, 63.746, 63.282, 62.365, 61.403, 60.948, 60.493, 59.943, 59.636, 59.804, 59.903, 58.818, 57.895, 56.686, 56.44, 56.598, 57.016, 57.3, 57.769, 57.841, 58.152], [33.024, 32.954, 33.365, 34.668, 34.44, 32.045, 30.299, 29.109, 27.925, 26.571, 25.857, 25.038, 24.056, 23.327, 23.315, 22.649, 17.297, 12.401, 9.986, 7.01, 2.901, 0.0, 8.22, 14.215, 14.424, 16.878, 25.268, 38.164, 46.424, 45.955, 43.194, 44.869, 46.793, 46.651, 46.606, 47.445, 47.827, 47.818, 48.943, 51.601, 53.36, 53.525, 53.38, 55.594, 57.219, 56.99, 57.195, 57.319, 57.727, 58.161, 58.924, 60.267, 60.824, 61.087, 61.519, 61.867, 60.764, 60.94, 61.742, 62.407, 62.832, 62.657, 62.449, 63.649, 64.845, 64.578, 63.879, 63.444, 62.515, 61.511, 61.008, 60.541, 60.006, 59.703, 59.855, 59.952, 58.89, 58.016, 56.763, 56.494, 56.66, 57.083, 57.369, 57.857, 57.877, 58.222], [32.353, 32.021, 32.054, 33.25, 33.423, 31.452, 29.931, 28.533, 26.991, 26.016, 25.771, 24.625, 23.452, 22.815, 22.98, 22.036, 16.802, 12.833, 11.303, 9.255, 8.886, 8.22, 0.0, 6.598, 7.553, 10.946, 20.067, 32.893, 41.014, 40.393, 37.668, 39.604, 41.5, 41.372, 41.76, 43.086, 43.639, 43.435, 44.282, 46.931, 48.834, 49.258, 48.96, 50.634, 52.216, 52.016, 52.161, 52.199, 52.474, 52.895, 53.611, 54.832, 55.371, 55.734, 56.157, 56.545, 56.061, 56.381, 57.202, 58.011, 58.459, 58.199, 57.958, 59.18, 60.389, 60.182, 59.695, 59.392, 58.236, 57.007, 56.348, 55.883, 55.501, 55.176, 55.346, 55.489, 54.951, 54.713, 53.356, 52.839, 52.968, 53.271, 53.567, 53.891, 53.932, 54.321], [32.968, 32.427, 32.137, 33.163, 33.544, 31.887, 30.612, 29.239, 27.557, 26.863, 26.888, 25.597, 24.419, 23.861, 24.019, 22.923, 18.405, 15.819, 15.119, 13.83, 14.428, 14.215, 6.598, 0.0, 3.496, 8.668, 17.564, 29.903, 37.771, 36.993, 34.292, 36.34, 38.217, 38.122, 38.792, 40.52, 41.286, 41.029, 41.731, 44.35, 46.316, 46.894, 46.504, 47.728, 49.191, 49.005, 49.081, 49.04, 49.228, 49.649, 50.307, 51.397, 51.917, 52.342, 52.763, 53.16, 53.176, 53.752, 54.577, 55.447, 55.9, 55.598, 55.369, 56.633, 57.888, 57.753, 57.395, 57.207, 55.966, 54.625, 53.848, 53.325, 52.995, 52.666, 52.842, 53.004, 52.812, 53.088, 51.734, 51.044, 51.149, 51.437, 51.781, 52.003, 52.062, 52.463], [33.363, 32.921, 32.744, 33.908, 34.321, 32.516, 31.107, 29.67, 28.05, 27.469, 27.619, 26.369, 25.188, 24.654, 24.827, 23.688, 19.067, 16.261, 15.539, 14.292, 14.698, 14.424, 7.553, 3.496, 0.0, 6.757, 16.763, 29.766, 38.032, 37.359, 34.551, 36.599, 38.552, 38.463, 39.065, 40.745, 41.536, 41.265, 41.91, 44.572, 46.622, 47.225, 46.844, 48.054, 49.489, 49.285, 49.348, 49.297, 49.472, 49.887, 50.571, 51.653, 52.154, 52.56, 53.005, 53.422, 53.411, 54.047, 54.964, 55.895, 56.358, 56.045, 55.786, 57.05, 58.351, 58.249, 57.877, 57.705, 56.491, 55.136, 54.331, 53.813, 53.502, 53.188, 53.344, 53.511, 53.35, 53.625, 52.24, 51.578, 51.696, 51.961, 52.271, 52.502, 52.539, 53.008], [35.846, 35.448, 35.176, 36.13, 36.657, 35.079, 33.754, 32.262, 30.767, 30.27, 30.442, 29.323, 28.127, 27.59, 27.461, 26.134, 21.795, 18.752, 17.755, 16.76, 17.164, 16.878, 10.946, 8.668, 6.757, 0.0, 11.3, 25.736, 35.069, 34.895, 32.042, 34.132, 36.172, 36.079, 36.749, 38.539, 39.437, 39.235, 39.727, 42.233, 44.368, 45.05, 44.682, 45.991, 47.567, 47.366, 47.441, 47.402, 47.543, 47.935, 48.752, 50.037, 50.631, 51.054, 51.525, 51.929, 51.894, 52.473, 53.524, 54.73, 55.279, 54.935, 54.591, 55.83, 57.139, 57.037, 56.678, 56.526, 55.285, 53.897, 53.029, 52.502, 52.277, 51.984, 52.134, 52.341, 52.363, 52.792, 51.314, 50.607, 50.736, 50.926, 51.245, 51.494, 51.499, 52.067], [41.5, 40.884, 40.223, 40.596, 41.212, 40.188, 39.281, 37.997, 36.704, 36.38, 36.463, 35.462, 34.384, 33.915, 33.412, 31.906, 28.716, 26.269, 25.172, 24.583, 25.362, 25.268, 20.067, 17.564, 16.763, 11.3, 0.0, 15.887, 27.034, 28.016, 25.498, 27.744, 29.814, 29.801, 30.944, 33.336, 34.501, 34.419, 34.801, 37.04, 39.193, 40.005, 39.621, 40.914, 42.699, 42.559, 42.638, 42.624, 42.738, 43.14, 44.194, 45.918, 46.76, 47.271, 47.685, 47.947, 47.905, 48.449, 49.646, 51.2, 51.902, 51.553, 51.149, 52.33, 53.574, 53.417, 53.088, 52.912, 51.57, 50.161, 49.234, 48.651, 48.53, 48.29, 48.501, 48.75, 48.982, 49.751, 48.22, 47.356, 47.49, 47.664, 48.105, 48.406, 48.405, 48.967], [50.431, 49.561, 48.554, 48.325, 48.99, 48.792, 48.556, 47.591, 46.286, 46.027, 46.208, 45.355, 44.339, 44.04, 43.468, 41.904, 39.804, 37.968, 36.98, 36.904, 38.202, 38.164, 32.893, 29.903, 29.766, 25.736, 15.887, 0.0, 13.346, 16.804, 16.048, 18.572, 20.295, 20.574, 23.254, 27.086, 28.653, 28.676, 28.752, 30.303, 32.33, 33.425, 33.14, 34.101, 36.056, 36.12, 36.265, 36.235, 36.195, 36.551, 37.926, 40.34, 41.633, 42.338, 42.562, 42.618, 43.076, 43.671, 44.969, 46.915, 47.724, 47.385, 47.039, 48.057, 49.032, 48.808, 48.699, 48.551, 46.936, 45.434, 44.459, 43.883, 44.051, 43.97, 44.294, 44.589, 45.529, 47.342, 45.847, 44.608, 44.677, 44.741, 45.321, 45.58, 45.58, 45.949], [55.865, 54.893, 53.729, 53.136, 53.82, 54.4, 54.818, 54.167, 52.819, 52.429, 52.567, 51.873, 50.944, 50.758, 50.166, 48.626, 47.094, 45.609, 44.681, 44.858, 46.482, 46.424, 41.014, 37.771, 38.032, 35.069, 27.034, 13.346, 0.0, 6.736, 11.159, 13.747, 14.234, 15.081, 19.441, 24.067, 25.649, 25.897, 25.913, 26.577, 28.044, 29.254, 29.319, 30.331, 32.416, 32.66, 32.981, 33.015, 32.947, 33.284, 34.783, 37.753, 39.523, 40.411, 40.389, 40.363, 41.604, 42.355, 43.523, 45.506, 46.248, 45.927, 45.852, 46.718, 47.336, 47.052, 47.219, 47.095, 45.276, 43.888, 43.187, 42.78, 43.088, 43.088, 43.517, 43.756, 45.103, 47.629, 46.366, 44.855, 44.794, 44.762, 45.361, 45.475, 45.498, 45.479], [54.709, 53.747, 52.577, 51.97, 52.669, 53.431, 54.017, 53.431, 52.09, 51.696, 51.794, 51.099, 50.243, 50.108, 49.529, 47.932, 46.409, 45.037, 44.121, 44.293, 46.008, 45.955, 40.393, 36.993, 37.359, 34.895, 28.016, 16.804, 6.736, 0.0, 7.4, 11.114, 11.647, 12.852, 17.938, 22.748, 24.323, 24.609, 24.832, 25.757, 27.281, 28.554, 28.581, 29.538, 31.655, 31.892, 32.221, 32.254, 32.231, 32.59, 33.955, 36.869, 38.712, 39.653, 39.629, 39.742, 41.379, 42.304, 43.392, 45.18, 45.835, 45.502, 45.535, 46.5, 47.175, 46.928, 47.164, 47.027, 45.114, 43.732, 43.183, 42.876, 43.123, 43.03, 43.455, 43.635, 44.923, 47.463, 46.322, 44.81, 44.714, 44.667, 45.195, 45.214, 45.26, 45.097], [52.608, 51.689, 50.515, 49.909, 50.558, 51.133, 51.551, 50.866, 49.57, 49.282, 49.446, 48.733, 47.922, 47.818, 47.203, 45.506, 43.768, 42.302, 41.386, 41.544, 43.227, 43.194, 37.668, 34.292, 34.551, 32.042, 25.498, 16.048, 11.159, 7.4, 0.0, 6.072, 8.5, 9.933, 15.535, 21.019, 23.223, 23.909, 24.19, 25.436, 27.412, 28.711, 28.622, 29.649, 31.764, 31.918, 32.177, 32.144, 32.106, 32.418, 33.726, 36.454, 38.108, 38.948, 39.077, 39.408, 40.989, 42.005, 43.185, 44.976, 45.649, 45.338, 45.311, 46.508, 47.565, 47.473, 47.619, 47.538, 45.792, 44.367, 43.635, 43.158, 43.324, 43.167, 43.474, 43.655, 44.855, 47.269, 46.092, 44.691, 44.633, 44.662, 45.235, 45.319, 45.336, 45.287], [53.709, 52.757, 51.505, 50.68, 51.253, 51.972, 52.474, 51.838, 50.604, 50.343, 50.566, 49.993, 49.232, 49.181, 48.469, 46.755, 45.204, 43.801, 42.893, 43.164, 44.877, 44.869, 39.604, 36.34, 36.599, 34.132, 27.744, 18.572, 13.747, 11.114, 6.072, 0.0, 4.323, 7.782, 14.267, 20.139, 22.728, 23.985, 24.328, 25.107, 26.913, 28.089, 28.222, 29.602, 31.667, 31.757, 32.036, 32.047, 32.083, 32.343, 33.729, 36.586, 38.194, 38.929, 39.09, 39.593, 41.152, 42.174, 43.407, 45.28, 46.001, 45.756, 45.789, 47.043, 48.216, 48.246, 48.323, 48.197, 46.661, 45.389, 44.609, 43.92, 43.947, 43.815, 44.033, 44.203, 45.364, 47.709, 46.549, 45.225, 45.185, 45.294, 45.936, 46.131, 46.139, 46.123], [54.998, 54.013, 52.703, 51.753, 52.301, 53.161, 53.782, 53.227, 52.005, 51.742, 51.993, 51.459, 50.697, 50.65, 49.948, 48.319, 46.931, 45.612, 44.713, 45.021, 46.806, 46.793, 41.5, 38.217, 38.552, 36.172, 29.814, 20.295, 14.234, 11.647, 8.5, 4.323, 0.0, 5.971, 13.922, 20.133, 22.736, 24.02, 24.257, 24.783, 26.44, 27.588, 27.712, 29.061, 31.165, 31.27, 31.545, 31.567, 31.589, 31.794, 33.184, 36.154, 37.827, 38.566, 38.653, 39.182, 41.011, 42.102, 43.313, 45.209, 45.933, 45.703, 45.768, 46.957, 48.037, 48.066, 48.254, 48.161, 46.545, 45.262, 44.5, 43.795, 43.863, 43.752, 43.957, 44.114, 45.378, 47.854, 46.717, 45.333, 45.281, 45.407, 46.074, 46.25, 46.27, 46.128], [54.947, 53.996, 52.675, 51.693, 52.205, 53.002, 53.595, 53.058, 51.845, 51.575, 51.836, 51.288, 50.535, 50.43, 49.706, 48.213, 46.822, 45.475, 44.608, 44.91, 46.667, 46.651, 41.372, 38.122, 38.463, 36.079, 29.801, 20.574, 15.081, 12.852, 9.933, 7.782, 5.971, 0.0, 9.258, 16.877, 20.477, 22.398, 22.53, 22.743, 24.441, 25.472, 25.416, 26.93, 29.248, 29.399, 29.668, 29.753, 30.0, 30.255, 31.574, 34.502, 36.193, 36.891, 36.972, 37.399, 39.296, 40.582, 41.72, 43.677, 44.385, 44.154, 44.221, 45.439, 46.594, 46.643, 46.962, 47.473, 46.333, 45.167, 44.328, 43.454, 43.523, 43.448, 43.606, 43.707, 44.983, 47.595, 46.417, 44.929, 44.873, 45.072, 45.809, 45.969, 45.95, 45.757], [54.589, 53.777, 52.525, 51.53, 51.954, 52.669, 53.242, 52.738, 51.581, 51.263, 51.472, 50.96, 50.261, 50.094, 49.241, 47.888, 46.688, 45.459, 44.68, 44.999, 46.618, 46.606, 41.76, 38.792, 39.065, 36.749, 30.944, 23.254, 19.441, 17.938, 15.535, 14.267, 13.922, 9.258, 0.0, 9.016, 14.407, 17.918, 18.416, 18.244, 19.849, 20.493, 20.374, 22.8, 25.387, 25.541, 25.9, 26.317, 27.248, 27.807, 29.11, 32.031, 33.755, 34.322, 34.423, 34.743, 35.999, 37.398, 38.419, 40.346, 41.042, 40.869, 41.057, 42.411, 43.757, 43.885, 44.157, 45.426, 45.615, 45.368, 44.817, 43.781, 43.662, 43.63, 43.767, 43.76, 44.718, 47.195, 46.018, 44.532, 44.489, 44.862, 45.746, 46.012, 45.922, 45.684], [54.654, 53.996, 52.899, 51.958, 52.322, 53.057, 53.688, 53.238, 52.133, 51.757, 51.913, 51.44, 50.77, 50.62, 49.704, 48.435, 47.497, 46.426, 45.693, 46.007, 47.48, 47.445, 43.086, 40.52, 40.745, 38.539, 33.336, 27.086, 24.067, 22.748, 21.019, 20.139, 20.133, 16.877, 9.016, 0.0, 6.933, 12.355, 13.768, 13.663, 15.088, 15.36, 15.409, 19.161, 22.034, 22.144, 22.662, 23.498, 25.023, 25.938, 27.426, 30.549, 32.384, 32.893, 32.958, 33.197, 33.504, 34.739, 35.675, 37.397, 38.034, 37.908, 38.22, 39.613, 40.99, 41.095, 41.2, 42.688, 43.999, 45.028, 45.22, 44.38, 44.136, 44.127, 44.341, 44.233, 44.771, 46.858, 45.682, 44.285, 44.246, 44.697, 45.669, 46.065, 45.928, 45.576], [54.342, 53.694, 52.725, 51.936, 52.3, 53.065, 53.743, 53.322, 52.23, 51.856, 52.031, 51.563, 50.858, 50.783, 49.906, 48.635, 47.891, 46.929, 46.178, 46.454, 47.875, 47.827, 43.639, 41.286, 41.536, 39.437, 34.501, 28.653, 25.649, 24.323, 23.223, 22.728, 22.736, 20.477, 14.407, 6.933, 0.0, 6.771, 9.904, 11.109, 12.508, 12.778, 13.039, 17.288, 20.292, 20.382, 21.049, 22.177, 23.892, 25.017, 26.763, 30.206, 32.188, 32.789, 32.795, 32.926, 32.617, 33.62, 34.54, 36.018, 36.604, 36.459, 36.751, 37.989, 39.108, 39.032, 39.02, 40.202, 41.781, 43.66, 44.677, 44.368, 44.185, 44.156, 44.498, 44.332, 44.613, 46.342, 45.144, 43.789, 43.718, 44.06, 44.972, 45.386, 45.255, 44.735], [53.217, 52.528, 51.624, 51.097, 51.616, 52.313, 52.92, 52.416, 51.287, 51.062, 51.403, 50.871, 50.096, 50.1, 49.33, 47.974, 47.411, 46.733, 46.1, 46.375, 47.853, 47.818, 43.435, 41.029, 41.265, 39.235, 34.419, 28.676, 25.897, 24.609, 23.909, 23.985, 24.02, 22.398, 17.918, 12.355, 6.771, 0.0, 5.431, 9.723, 11.832, 12.846, 12.796, 15.77, 18.551, 18.581, 19.37, 20.685, 22.245, 23.403, 25.138, 28.503, 30.466, 31.177, 31.135, 31.232, 30.831, 31.722, 32.716, 34.069, 34.676, 34.436, 34.583, 35.654, 36.545, 36.392, 36.446, 37.242, 38.522, 40.63, 42.208, 42.604, 42.779, 42.713, 43.2, 43.049, 43.491, 45.208, 43.892, 42.445, 42.31, 42.361, 43.121, 43.416, 43.299, 42.653], [53.799, 53.106, 52.136, 51.606, 52.32, 53.057, 53.578, 52.946, 51.756, 51.695, 52.246, 51.707, 50.892, 50.892, 50.148, 48.727, 48.154, 47.58, 47.069, 47.425, 48.992, 48.943, 44.282, 41.731, 41.91, 39.727, 34.801, 28.752, 25.913, 24.832, 24.19, 24.328, 24.257, 22.53, 18.416, 13.768, 9.904, 5.431, 0.0, 6.333, 9.813, 11.801, 11.619, 13.729, 16.515, 16.474, 17.286, 18.598, 19.924, 20.925, 22.615, 25.822, 27.712, 28.433, 28.353, 28.504, 28.524, 29.435, 30.535, 32.126, 32.773, 32.456, 32.524, 33.591, 34.569, 34.563, 34.837, 35.783, 36.876, 38.726, 40.134, 40.662, 41.264, 41.272, 41.718, 41.606, 42.597, 44.825, 43.357, 41.764, 41.623, 41.48, 42.225, 42.487, 42.326, 41.764], [56.482, 55.784, 54.677, 53.878, 54.62, 55.634, 56.28, 55.66, 54.443, 54.334, 54.909, 54.442, 53.643, 53.62, 52.759, 51.391, 50.843, 50.15, 49.628, 50.056, 51.654, 51.601, 46.931, 44.35, 44.572, 42.233, 37.04, 30.303, 26.577, 25.757, 25.436, 25.107, 24.783, 22.743, 18.244, 13.663, 11.109, 9.723, 6.333, 0.0, 4.763, 7.563, 8.171, 11.928, 15.141, 15.156, 15.918, 17.119, 18.573, 19.583, 21.415, 24.916, 26.938, 27.617, 27.485, 27.641, 27.926, 28.793, 29.847, 31.759, 32.437, 32.197, 32.415, 33.518, 34.56, 34.689, 35.062, 36.377, 37.776, 39.696, 40.89, 41.057, 41.713, 41.912, 42.273, 42.183, 43.476, 46.103, 44.671, 43.012, 42.9, 42.878, 43.84, 44.137, 43.962, 43.409], [57.869, 57.166, 56.022, 55.099, 55.8, 57.026, 57.855, 57.336, 56.117, 55.893, 56.388, 55.953, 55.177, 55.163, 54.232, 52.939, 52.561, 51.921, 51.393, 51.818, 53.394, 53.36, 48.834, 46.316, 46.622, 44.368, 39.193, 32.33, 28.044, 27.281, 27.412, 26.913, 26.44, 24.441, 19.849, 15.088, 12.508, 11.832, 9.813, 4.763, 0.0, 3.612, 5.757, 11.781, 15.157, 15.188, 16.021, 17.348, 19.16, 20.387, 22.188, 25.774, 27.889, 28.545, 28.352, 28.44, 28.52, 29.293, 30.222, 32.073, 32.753, 32.582, 32.93, 33.996, 34.941, 35.072, 35.393, 36.768, 38.494, 40.737, 42.116, 42.195, 42.721, 43.033, 43.501, 43.423, 44.564, 47.009, 45.628, 43.993, 43.892, 44.006, 45.071, 45.332, 45.18, 44.474], [58.228, 57.543, 56.421, 55.435, 56.03, 57.276, 58.186, 57.776, 56.589, 56.242, 56.636, 56.235, 55.483, 55.45, 54.472, 53.248, 52.905, 52.213, 51.631, 52.037, 53.555, 53.525, 49.258, 46.894, 47.225, 45.05, 40.005, 33.425, 29.254, 28.554, 28.711, 28.089, 27.588, 25.472, 20.493, 15.36, 12.778, 12.846, 11.801, 7.563, 3.612, 0.0, 4.804, 12.857, 16.298, 16.329, 17.21, 18.647, 20.74, 22.076, 23.843, 27.44, 29.557, 30.135, 29.918, 29.919, 29.684, 30.486, 31.327, 33.087, 33.749, 33.653, 34.071, 35.151, 36.064, 36.155, 36.364, 37.805, 39.838, 42.259, 43.685, 43.642, 44.001, 44.329, 44.799, 44.712, 45.593, 47.745, 46.395, 44.837, 44.754, 45.014, 46.127, 46.424, 46.278, 45.47], [57.971, 57.296, 56.219, 55.317, 55.892, 56.998, 57.827, 57.403, 56.286, 56.046, 56.409, 55.92, 55.185, 55.13, 54.214, 53.018, 52.692, 52.126, 51.6, 51.941, 53.422, 53.38, 48.96, 46.504, 46.844, 44.682, 39.621, 33.14, 29.319, 28.581, 28.622, 28.222, 27.712, 25.416, 20.374, 15.409, 13.039, 12.796, 11.619, 8.171, 5.757, 4.804, 0.0, 9.397, 13.606, 13.84, 14.789, 16.434, 18.756, 20.253, 22.058, 25.56, 27.645, 28.27, 28.058, 28.006, 27.94, 28.853, 29.716, 31.63, 32.302, 32.189, 32.611, 33.744, 34.701, 34.825, 35.149, 36.797, 38.912, 41.324, 42.712, 42.673, 43.05, 43.348, 43.83, 43.761, 44.93, 47.378, 46.038, 44.397, 44.309, 44.585, 45.703, 45.93, 45.766, 44.951], [59.075, 58.355, 57.248, 56.474, 57.119, 58.04, 58.709, 58.159, 57.068, 57.227, 57.87, 57.219, 56.441, 56.396, 55.724, 54.569, 54.372, 54.192, 53.869, 54.155, 55.647, 55.594, 50.634, 47.728, 48.054, 45.991, 40.914, 34.101, 30.331, 29.538, 29.649, 29.602, 29.061, 26.93, 22.8, 19.161, 17.288, 15.77, 13.729, 11.928, 11.781, 12.857, 9.397, 0.0, 5.57, 6.991, 8.254, 10.372, 12.781, 14.49, 16.39, 19.765, 22.009, 22.903, 22.658, 22.497, 23.491, 24.793, 25.71, 28.071, 28.811, 28.58, 29.019, 30.196, 31.149, 31.366, 32.093, 34.065, 36.015, 38.321, 39.642, 39.772, 40.449, 40.703, 41.22, 41.173, 43.258, 46.987, 45.829, 43.915, 43.769, 43.905, 45.02, 45.167, 44.965, 44.237], [59.713, 58.97, 57.822, 57.051, 57.706, 58.603, 59.261, 58.713, 57.643, 57.966, 58.821, 58.179, 57.387, 57.367, 56.774, 55.666, 55.612, 55.636, 55.42, 55.726, 57.241, 57.219, 52.216, 49.191, 49.489, 47.567, 42.699, 36.056, 32.416, 31.655, 31.764, 31.667, 31.165, 29.248, 25.387, 22.034, 20.292, 18.551, 16.515, 15.141, 15.157, 16.298, 13.606, 5.57, 0.0, 3.12, 5.41, 8.109, 10.67, 12.479, 14.107, 17.232, 19.593, 20.548, 20.254, 20.015, 21.209, 22.713, 23.567, 26.022, 26.842, 26.626, 27.124, 28.324, 29.312, 29.661, 30.445, 32.488, 34.595, 37.096, 38.533, 38.698, 39.397, 39.634, 40.115, 40.025, 42.321, 46.629, 45.857, 43.986, 43.797, 43.925, 45.116, 45.301, 45.132, 44.374], [59.092, 58.342, 57.172, 56.387, 57.067, 57.996, 58.672, 58.124, 57.059, 57.408, 58.304, 57.715, 56.966, 56.987, 56.393, 55.259, 55.219, 55.273, 55.086, 55.43, 56.987, 56.99, 52.016, 49.005, 49.285, 47.366, 42.559, 36.12, 32.66, 31.892, 31.918, 31.757, 31.27, 29.399, 25.541, 22.144, 20.382, 18.581, 16.474, 15.156, 15.188, 16.329, 13.84, 6.991, 3.12, 0.0, 3.624, 7.048, 9.988, 11.919, 13.409, 16.452, 18.804, 19.729, 19.433, 19.249, 20.212, 21.681, 22.579, 24.957, 25.807, 25.582, 26.026, 27.264, 28.362, 28.767, 29.484, 31.48, 33.67, 36.257, 37.741, 37.896, 38.554, 38.773, 39.22, 39.119, 41.317, 45.498, 44.877, 43.211, 43.052, 43.144, 44.344, 44.543, 44.425, 43.657], [59.38, 58.623, 57.418, 56.596, 57.26, 58.157, 58.804, 58.23, 57.162, 57.557, 58.478, 57.881, 57.199, 57.275, 56.712, 55.6, 55.487, 55.473, 55.275, 55.616, 57.192, 57.195, 52.161, 49.081, 49.348, 47.441, 42.638, 36.265, 32.981, 32.221, 32.177, 32.036, 31.545, 29.668, 25.9, 22.662, 21.049, 19.37, 17.286, 15.918, 16.021, 17.21, 14.789, 8.254, 5.41, 3.624, 0.0, 4.088, 7.849, 10.182, 11.849, 15.132, 17.644, 18.648, 18.357, 18.258, 19.396, 20.972, 21.93, 24.352, 25.204, 24.996, 25.454, 26.752, 27.925, 28.352, 29.091, 31.16, 33.378, 35.994, 37.394, 37.45, 38.146, 38.418, 38.843, 38.796, 41.146, 45.434, 44.767, 43.122, 43.077, 43.259, 44.53, 44.736, 44.62, 43.889], [59.74, 58.984, 57.745, 56.882, 57.509, 58.362, 58.977, 58.37, 57.27, 57.691, 58.656, 58.056, 57.396, 57.518, 57.028, 55.917, 55.675, 55.569, 55.375, 55.733, 57.33, 57.319, 52.199, 49.04, 49.297, 47.402, 42.624, 36.235, 33.015, 32.254, 32.144, 32.047, 31.567, 29.753, 26.317, 23.498, 22.177, 20.685, 18.598, 17.119, 17.348, 18.647, 16.434, 10.372, 8.109, 7.048, 4.088, 0.0, 4.571, 7.483, 9.509, 13.214, 15.953, 17.046, 16.767, 16.773, 18.35, 20.098, 21.126, 23.713, 24.579, 24.424, 24.923, 26.293, 27.569, 28.032, 28.788, 30.827, 32.805, 35.242, 36.465, 36.382, 37.175, 37.563, 37.957, 37.978, 40.642, 45.333, 44.67, 42.925, 42.961, 43.363, 44.853, 45.091, 44.968, 44.294], [60.202, 59.445, 58.201, 57.376, 58.019, 58.814, 59.368, 58.696, 57.536, 57.983, 59.01, 58.4, 57.702, 57.85, 57.448, 56.291, 55.983, 55.88, 55.73, 56.126, 57.752, 57.727, 52.474, 49.228, 49.472, 47.543, 42.738, 36.195, 32.947, 32.231, 32.106, 32.083, 31.589, 30.0, 27.248, 25.023, 23.892, 22.245, 19.924, 18.573, 19.16, 20.74, 18.756, 12.781, 10.67, 9.988, 7.849, 4.571, 0.0, 3.571, 6.454, 10.868, 13.896, 15.108, 14.874, 14.997, 17.391, 19.298, 20.406, 23.271, 24.182, 24.014, 24.465, 25.837, 27.144, 27.643, 28.504, 30.296, 31.673, 33.754, 34.835, 34.834, 35.885, 36.363, 36.742, 36.824, 39.933, 45.149, 44.527, 42.664, 42.677, 43.142, 44.9, 45.256, 45.125, 44.528], [60.633, 59.878, 58.636, 57.833, 58.489, 59.261, 59.778, 59.07, 57.89, 58.351, 59.42, 58.834, 58.112, 58.263, 57.887, 56.724, 56.438, 56.311, 56.135, 56.553, 58.191, 58.161, 52.895, 49.649, 49.887, 47.935, 43.14, 36.551, 33.284, 32.59, 32.418, 32.343, 31.794, 30.255, 27.807, 25.938, 25.017, 23.403, 20.925, 19.583, 20.387, 22.076, 20.253, 14.49, 12.479, 11.919, 10.182, 7.483, 3.571, 0.0, 4.263, 9.802, 13.168, 14.377, 14.221, 14.491, 17.343, 19.351, 20.49, 23.484, 24.414, 24.252, 24.656, 25.979, 27.286, 27.834, 28.754, 30.381, 31.39, 33.24, 34.218, 34.228, 35.396, 35.916, 36.267, 36.363, 39.663, 45.124, 44.532, 42.65, 42.656, 43.104, 45.02, 45.577, 45.459, 44.901], [60.678, 59.924, 58.652, 57.853, 58.546, 59.335, 59.859, 59.132, 57.935, 58.452, 59.573, 58.985, 58.274, 58.428, 58.061, 56.918, 56.803, 56.898, 56.804, 57.225, 58.915, 58.924, 53.611, 50.307, 50.571, 48.752, 44.194, 37.926, 34.783, 33.955, 33.726, 33.729, 33.184, 31.574, 29.11, 27.426, 26.763, 25.138, 22.615, 21.415, 22.188, 23.843, 22.058, 16.39, 14.107, 13.409, 11.849, 9.509, 6.454, 4.263, 0.0, 6.599, 10.816, 12.286, 12.169, 12.815, 16.529, 18.669, 19.639, 22.527, 23.482, 23.344, 23.794, 25.16, 26.585, 27.328, 28.387, 30.056, 31.026, 32.827, 33.784, 33.808, 35.037, 35.559, 35.91, 36.01, 39.465, 45.142, 44.692, 42.854, 42.868, 43.3, 45.261, 45.83, 45.793, 45.178], [60.809, 60.084, 58.805, 58.091, 58.866, 59.571, 60.011, 59.193, 57.981, 58.681, 59.942, 59.318, 58.622, 58.785, 58.456, 57.27, 57.309, 57.844, 58.064, 58.528, 60.235, 60.267, 54.832, 51.397, 51.653, 50.037, 45.918, 40.34, 37.753, 36.869, 36.454, 36.586, 36.154, 34.502, 32.031, 30.549, 30.206, 28.503, 25.822, 24.916, 25.774, 27.44, 25.56, 19.765, 17.232, 16.452, 15.132, 13.214, 10.868, 9.802, 6.599, 0.0, 5.172, 7.306, 7.372, 9.081, 14.889, 17.359, 18.086, 20.903, 21.818, 21.562, 21.998, 23.504, 25.179, 26.226, 27.531, 29.555, 30.629, 32.178, 32.892, 32.912, 34.279, 34.78, 35.092, 35.231, 39.167, 45.276, 44.914, 43.067, 43.072, 43.431, 45.391, 45.837, 45.805, 45.393], [60.75, 60.039, 58.768, 58.112, 58.922, 59.552, 59.904, 59.008, 57.797, 58.607, 59.955, 59.333, 58.645, 58.824, 58.5, 57.26, 57.345, 58.088, 58.533, 59.085, 60.788, 60.824, 55.371, 51.917, 52.154, 50.631, 46.76, 41.633, 39.523, 38.712, 38.108, 38.194, 37.827, 36.193, 33.755, 32.384, 32.188, 30.466, 27.712, 26.938, 27.889, 29.557, 27.645, 22.009, 19.593, 18.804, 17.644, 15.953, 13.896, 13.168, 10.816, 5.172, 0.0, 2.862, 3.638, 6.86, 14.008, 16.741, 17.477, 20.315, 21.176, 20.817, 21.181, 22.759, 24.513, 25.665, 27.038, 29.215, 30.338, 31.727, 32.279, 32.299, 33.772, 34.261, 34.502, 34.674, 38.911, 45.154, 44.712, 42.822, 42.808, 43.129, 45.112, 45.506, 45.436, 45.245], [60.772, 60.074, 58.812, 58.152, 58.946, 59.562, 59.896, 58.99, 57.792, 58.605, 59.955, 59.358, 58.678, 58.865, 58.514, 57.254, 57.398, 58.195, 58.707, 59.338, 61.048, 61.087, 55.734, 52.342, 52.56, 51.054, 47.271, 42.338, 40.411, 39.653, 38.948, 38.929, 38.566, 36.891, 34.322, 32.893, 32.789, 31.177, 28.433, 27.617, 28.545, 30.135, 28.27, 22.903, 20.548, 19.729, 18.648, 17.046, 15.108, 14.377, 12.286, 7.306, 2.862, 0.0, 2.475, 6.599, 13.762, 16.73, 17.496, 20.342, 21.191, 20.861, 21.251, 22.879, 24.684, 25.878, 27.191, 29.427, 30.667, 32.037, 32.522, 32.439, 33.889, 34.403, 34.589, 34.751, 38.99, 45.182, 44.709, 42.822, 42.82, 43.204, 45.242, 45.663, 45.577, 45.426], [61.029, 60.313, 59.03, 58.33, 59.126, 59.79, 60.183, 59.341, 58.156, 58.94, 60.263, 59.666, 59.0, 59.176, 58.822, 57.59, 57.756, 58.559, 59.058, 59.706, 61.47, 61.519, 56.157, 52.763, 53.005, 51.525, 47.685, 42.562, 40.389, 39.629, 39.077, 39.09, 38.653, 36.972, 34.423, 32.958, 32.795, 31.135, 28.353, 27.485, 28.352, 29.918, 28.058, 22.658, 20.254, 19.433, 18.357, 16.767, 14.874, 14.221, 12.169, 7.372, 3.638, 2.475, 0.0, 5.016, 12.993, 16.084, 16.818, 19.704, 20.547, 20.237, 20.684, 22.265, 23.995, 25.142, 26.499, 28.783, 30.049, 31.526, 32.106, 32.064, 33.553, 34.074, 34.292, 34.435, 38.63, 44.854, 44.424, 42.51, 42.483, 42.869, 44.889, 45.28, 45.195, 44.95], [61.386, 60.66, 59.397, 58.711, 59.499, 60.176, 60.635, 59.915, 58.791, 59.527, 60.781, 60.129, 59.454, 59.602, 59.248, 58.128, 58.324, 59.086, 59.534, 60.112, 61.811, 61.867, 56.545, 53.16, 53.422, 51.929, 47.947, 42.618, 40.363, 39.742, 39.408, 39.593, 39.182, 37.399, 34.743, 33.197, 32.926, 31.232, 28.504, 27.641, 28.44, 29.919, 28.006, 22.497, 20.015, 19.249, 18.258, 16.773, 14.997, 14.491, 12.815, 9.081, 6.86, 6.599, 5.016, 0.0, 9.807, 13.708, 14.332, 17.444, 18.266, 17.963, 18.439, 19.976, 21.671, 22.715, 24.145, 26.837, 28.393, 30.113, 30.849, 30.899, 32.451, 32.97, 33.207, 33.266, 37.378, 43.846, 43.533, 41.551, 41.465, 41.868, 43.956, 44.345, 44.221, 43.812], [60.317, 59.624, 58.482, 57.859, 58.547, 59.141, 59.595, 58.996, 58.091, 58.818, 59.909, 59.248, 58.618, 58.759, 58.312, 57.326, 57.715, 58.44, 58.761, 59.222, 60.707, 60.764, 56.061, 53.176, 53.411, 51.894, 47.905, 43.076, 41.604, 41.379, 40.989, 41.152, 41.011, 39.296, 35.999, 33.504, 32.617, 30.831, 28.524, 27.926, 28.52, 29.684, 27.94, 23.491, 21.209, 20.212, 19.396, 18.35, 17.391, 17.343, 16.529, 14.889, 14.008, 13.762, 12.993, 9.807, 0.0, 6.072, 7.267, 10.601, 11.788, 11.8, 12.546, 14.552, 16.906, 17.945, 18.719, 21.661, 24.814, 27.979, 29.49, 29.744, 31.089, 31.685, 32.033, 31.951, 35.053, 41.02, 41.016, 39.329, 39.259, 39.885, 42.224, 42.892, 42.76, 42.154], [60.453, 59.752, 58.572, 57.922, 58.641, 59.254, 59.681, 59.037, 58.153, 58.927, 60.043, 59.399, 58.791, 58.947, 58.498, 57.514, 57.92, 58.644, 58.946, 59.384, 60.863, 60.94, 56.381, 53.752, 54.047, 52.473, 48.449, 43.671, 42.355, 42.304, 42.005, 42.174, 42.102, 40.582, 37.398, 34.739, 33.62, 31.722, 29.435, 28.793, 29.293, 30.486, 28.853, 24.793, 22.713, 21.681, 20.972, 20.098, 19.298, 19.351, 18.669, 17.359, 16.741, 16.73, 16.084, 13.708, 6.072, 0.0, 3.5, 8.086, 9.737, 9.738, 10.439, 12.633, 15.327, 16.597, 17.259, 19.835, 23.386, 27.188, 29.067, 29.482, 30.84, 31.427, 31.882, 31.84, 34.729, 40.368, 40.462, 38.923, 38.871, 39.424, 41.761, 42.439, 42.373, 41.773], [60.974, 60.282, 59.089, 58.4, 59.083, 59.726, 60.206, 59.603, 58.708, 59.432, 60.516, 59.884, 59.29, 59.443, 59.016, 58.099, 58.602, 59.409, 59.742, 60.172, 61.652, 61.742, 57.202, 54.577, 54.964, 53.524, 49.646, 44.969, 43.523, 43.392, 43.185, 43.407, 43.313, 41.72, 38.419, 35.675, 34.54, 32.716, 30.535, 29.847, 30.222, 31.327, 29.716, 25.71, 23.567, 22.579, 21.93, 21.126, 20.406, 20.49, 19.639, 18.086, 17.477, 17.496, 16.818, 14.332, 7.267, 3.5, 0.0, 5.708, 7.517, 7.664, 8.877, 11.256, 14.077, 15.508, 16.359, 19.384, 23.381, 27.429, 29.389, 29.821, 31.17, 31.736, 32.144, 32.018, 34.912, 40.72, 40.938, 39.418, 39.354, 39.931, 42.291, 42.934, 42.862, 42.182], [60.913, 60.228, 59.057, 58.371, 59.02, 59.698, 60.24, 59.702, 58.876, 59.616, 60.64, 60.025, 59.484, 59.667, 59.251, 58.392, 59.071, 60.022, 60.381, 60.784, 62.278, 62.407, 58.011, 55.447, 55.895, 54.73, 51.2, 46.915, 45.506, 45.18, 44.976, 45.28, 45.209, 43.677, 40.346