[[0.0, 7.528, 7.543, 10.955, 17.464, 22.517, 26.021, 27.574, 27.539, 28.23, 31.064, 32.151, 32.688, 33.66, 34.275, 35.238, 37.712, 40.358, 42.387, 44.435, 45.699, 46.503, 47.503, 48.896, 49.884, 50.312, 50.387, 51.047, 51.762, 51.783, 52.779, 54.561, 55.612, 56.525, 57.023, 57.937, 58.165, 56.928, 55.462, 55.02, 54.727, 55.877, 57.378, 57.865, 59.3, 58.648, 59.601, 60.679, 60.881, 61.064, 61.559, 61.671, 61.618, 61.324, 61.509, 62.442, 63.721, 63.491, 64.591, 67.619, 68.167, 68.111, 67.22, 68.106, 69.794, 69.312, 67.721, 67.162, 67.602, 67.385, 67.519, 67.75, 66.338, 65.397, 65.352, 65.125, 64.688, 63.813, 62.939, 62.579, 61.553, 59.647, 57.916, 57.35, 57.592, 56.982], [7.528, 0.0, 4.681, 10.242, 17.185, 22.493, 25.877, 26.89, 27.095, 28.391, 31.501, 32.673, 33.173, 34.344, 34.927, 35.873, 38.258, 40.828, 42.814, 44.882, 46.186, 47.071, 48.083, 49.491, 50.394, 50.734, 50.814, 51.479, 52.183, 52.147, 53.048, 54.772, 55.77, 56.684, 57.509, 58.742, 58.948, 57.732, 56.317, 55.866, 55.624, 56.895, 58.316, 58.612, 59.929, 59.513, 60.726, 61.829, 62.084, 62.342, 62.886, 62.981, 62.893, 62.545, 62.725, 63.664, 64.901, 64.644, 65.953, 69.241, 69.85, 69.786, 68.854, 69.503, 70.914, 70.268, 68.385, 67.52, 67.945, 67.769, 67.856, 68.142, 66.91, 66.094, 66.079, 65.862, 65.43, 64.618, 63.656, 63.301, 62.437, 60.579, 58.876, 58.304, 58.57, 58.114], [7.543, 4.681, 0.0, 7.993, 16.476, 21.993, 25.497, 26.579, 26.118, 26.939, 30.091, 31.497, 32.12, 33.093, 33.697, 34.617, 37.139, 39.849, 42.041, 44.303, 45.671, 46.59, 47.611, 49.091, 50.17, 50.584, 50.635, 51.348, 52.168, 52.222, 53.171, 54.907, 55.887, 56.836, 57.594, 58.776, 59.077, 57.866, 56.392, 55.974, 55.683, 56.9, 58.434, 58.866, 60.275, 59.687, 60.706, 61.802, 62.017, 62.228, 62.736, 62.842, 62.791, 62.515, 62.682, 63.573, 64.854, 64.548, 65.558, 68.601, 69.205, 69.162, 68.288, 69.1, 70.646, 70.048, 68.267, 67.514, 67.939, 67.741, 67.846, 68.132, 66.872, 66.025, 65.997, 65.793, 65.383, 64.558, 63.61, 63.182, 62.195, 60.354, 58.715, 58.143, 58.355, 57.83], [10.955, 10.242, 7.993, 0.0, 9.965, 16.495, 20.401, 21.834, 21.445, 22.148, 26.08, 27.561, 28.16, 29.262, 29.656, 30.491, 32.999, 35.81, 37.761, 39.796, 41.089, 41.975, 43.023, 44.563, 45.73, 46.191, 46.245, 46.992, 47.991, 48.306, 49.333, 51.108, 52.154, 53.11, 53.887, 55.019, 55.359, 54.539, 53.556, 53.391, 53.226, 54.411, 55.968, 56.455, 57.764, 57.197, 58.309, 59.51, 59.822, 60.045, 60.519, 60.603, 60.703, 60.567, 60.775, 61.688, 63.004, 62.769, 63.874, 67.175, 67.937, 67.927, 67.101, 68.085, 69.738, 69.137, 67.312, 66.466, 66.828, 66.629, 66.76, 67.13, 65.971, 65.183, 65.196, 64.979, 64.544, 63.722, 62.74, 62.363, 61.37, 59.269, 57.512, 57.204, 57.743, 57.293], [17.464, 17.185, 16.476, 9.965, 0.0, 8.11, 13.005, 15.105, 16.061, 19.149, 24.699, 25.643, 25.816, 27.162, 27.219, 28.083, 30.604, 33.232, 34.128, 35.203, 36.073, 36.693, 37.793, 39.369, 40.577, 41.196, 41.313, 42.174, 43.556, 44.277, 45.279, 47.069, 48.247, 49.059, 49.745, 50.881, 51.183, 50.84, 50.881, 51.383, 51.552, 52.689, 54.047, 54.065, 54.942, 54.87, 56.379, 57.724, 58.247, 58.568, 58.958, 59.02, 59.381, 59.378, 59.615, 60.607, 62.0, 62.08, 63.718, 67.546, 68.506, 68.537, 67.491, 68.103, 69.661, 69.125, 67.284, 66.34, 66.67, 66.482, 66.638, 67.095, 66.079, 65.394, 65.415, 65.07, 64.569, 63.819, 62.953, 62.981, 62.281, 59.975, 57.888, 57.717, 58.682, 58.48], [22.517, 22.493, 21.993, 16.495, 8.11, 0.0, 6.298, 10.223, 13.087, 18.174, 23.888, 24.341, 24.442, 25.821, 25.897, 26.776, 29.158, 31.49, 31.737, 32.347, 33.045, 33.688, 34.927, 36.774, 38.405, 39.215, 39.324, 40.52, 42.385, 43.283, 44.217, 46.072, 47.215, 47.889, 48.473, 49.558, 49.862, 49.633, 50.217, 51.387, 51.849, 52.857, 54.003, 53.691, 54.659, 54.953, 56.424, 57.788, 58.393, 58.78, 59.133, 59.211, 59.733, 59.829, 60.054, 61.097, 62.648, 62.899, 64.574, 68.551, 69.729, 69.83, 68.588, 68.873, 70.347, 69.872, 68.159, 67.258, 67.543, 67.352, 67.557, 68.1, 67.212, 66.626, 66.583, 66.081, 65.542, 64.874, 64.142, 64.476, 64.04, 61.822, 59.659, 59.408, 60.503, 60.475], [26.021, 25.877, 25.497, 20.401, 13.005, 6.298, 0.0, 5.896, 11.241, 17.657, 23.382, 23.718, 23.756, 25.043, 25.203, 26.172, 28.32, 30.366, 30.32, 30.743, 31.275, 31.891, 33.154, 35.261, 37.294, 38.172, 38.234, 39.641, 41.75, 42.738, 43.686, 45.556, 46.658, 47.262, 47.858, 48.969, 49.289, 49.146, 49.895, 51.318, 51.979, 52.99, 54.005, 53.546, 54.532, 54.881, 56.253, 57.606, 58.226, 58.627, 58.987, 59.059, 59.584, 59.701, 59.948, 61.021, 62.604, 62.868, 64.549, 68.632, 70.001, 70.162, 68.884, 69.207, 70.75, 70.359, 68.838, 68.081, 68.362, 68.169, 68.425, 69.058, 68.316, 67.833, 67.762, 67.191, 66.618, 65.992, 65.344, 65.834, 65.537, 63.393, 61.352, 61.26, 62.544, 62.676], [27.574, 26.89, 26.579, 21.834, 15.105, 10.223, 5.896, 0.0, 8.558, 17.19, 23.689, 24.281, 24.285, 25.528, 25.663, 26.743, 28.952, 30.988, 30.936, 31.325, 31.765, 32.346, 33.507, 35.57, 37.616, 38.459, 38.471, 39.839, 41.98, 43.01, 43.886, 45.653, 46.72, 47.3, 47.978, 49.254, 49.602, 49.481, 50.224, 51.632, 52.397, 53.635, 54.657, 54.047, 54.865, 55.277, 56.731, 58.088, 58.729, 59.153, 59.514, 59.561, 60.061, 60.153, 60.393, 61.45, 63.023, 63.302, 65.127, 69.295, 70.704, 70.881, 69.603, 69.948, 71.512, 71.171, 69.686, 68.947, 69.258, 69.059, 69.323, 70.008, 69.387, 68.99, 68.942, 68.37, 67.778, 67.17, 66.51, 67.05, 66.818, 64.704, 62.718, 62.707, 64.092, 64.323], [27.539, 27.095, 26.118, 21.445, 16.061, 13.087, 11.241, 8.558, 0.0, 12.108, 21.124, 22.343, 22.443, 23.385, 23.724, 25.172, 28.372, 31.197, 31.842, 32.703, 33.213, 33.778, 34.935, 37.002, 39.273, 40.158, 40.036, 41.279, 43.341, 44.377, 45.27, 47.023, 48.013, 48.574, 49.201, 50.496, 50.98, 50.762, 51.312, 52.679, 53.31, 54.545, 55.969, 55.691, 56.625, 56.838, 58.064, 59.415, 59.982, 60.334, 60.617, 60.652, 61.149, 61.274, 61.476, 62.422, 63.99, 64.063, 65.271, 69.13, 70.503, 70.684, 69.462, 69.91, 71.574, 71.279, 69.853, 69.21, 69.584, 69.369, 69.619, 70.267, 69.619, 69.151, 69.136, 68.622, 68.046, 67.377, 66.768, 67.259, 66.828, 64.741, 62.878, 62.879, 64.127, 64.196], [28.23, 28.391, 26.939, 22.148, 19.149, 18.174, 17.657, 17.19, 12.108, 0.0, 11.206, 14.789, 15.761, 16.624, 17.76, 19.36, 22.485, 25.806, 28.071, 30.531, 31.953, 33.012, 34.2, 36.664, 39.332, 39.928, 39.548, 40.7, 42.414, 43.237, 44.498, 46.49, 47.45, 48.059, 48.727, 49.909, 50.432, 50.174, 50.202, 51.163, 51.584, 52.819, 54.673, 56.023, 58.3, 57.884, 58.719, 60.058, 60.399, 60.571, 61.09, 61.163, 61.365, 61.489, 61.841, 62.827, 64.318, 64.053, 64.642, 68.237, 69.653, 69.882, 69.241, 70.689, 72.715, 72.387, 71.06, 70.571, 70.909, 70.686, 70.944, 71.531, 70.638, 70.014, 70.058, 69.655, 69.132, 68.387, 67.548, 67.217, 66.21, 64.082, 62.55, 62.786, 63.808, 63.469], [31.064, 31.501, 30.091, 26.08, 24.699, 23.888, 23.382, 23.689, 21.124, 11.206, 0.0, 7.403, 10.18, 10.978, 13.152, 14.409, 16.443, 19.554, 23.419, 27.576, 30.038, 31.878, 33.223, 36.118, 39.261, 39.779, 39.343, 40.569, 41.961, 42.3, 43.75, 46.037, 46.972, 47.624, 48.263, 49.259, 49.752, 49.306, 48.801, 49.539, 49.848, 51.082, 52.948, 55.467, 59.489, 59.032, 59.56, 60.847, 61.011, 61.045, 61.753, 61.893, 61.871, 61.955, 62.37, 63.405, 64.942, 64.558, 64.787, 68.11, 69.538, 69.817, 69.607, 71.818, 74.115, 73.807, 72.665, 72.349, 72.631, 72.407, 72.706, 73.306, 72.34, 71.688, 71.707, 71.364, 70.902, 70.155, 69.141, 68.296, 67.084, 65.09, 63.829, 64.159, 65.029, 64.504], [32.151, 32.673, 31.497, 27.561, 25.643, 24.341, 23.718, 24.281, 22.343, 14.789, 7.403, 0.0, 4.356, 6.271, 8.341, 9.683, 12.563, 16.141, 19.743, 23.831, 26.305, 28.26, 29.787, 32.802, 36.272, 37.1, 36.839, 38.155, 39.467, 39.587, 40.917, 43.342, 44.323, 44.945, 45.55, 46.535, 47.056, 46.52, 46.088, 47.099, 47.529, 48.669, 50.372, 52.703, 57.347, 57.803, 58.595, 59.923, 60.152, 60.21, 60.839, 61.0, 61.136, 61.258, 61.628, 62.66, 64.271, 64.037, 64.355, 67.776, 69.18, 69.438, 69.104, 71.111, 73.365, 73.136, 72.06, 71.724, 72.004, 71.78, 72.083, 72.716, 71.835, 71.199, 71.201, 70.88, 70.441, 69.724, 68.823, 68.278, 67.299, 65.373, 64.007, 64.237, 65.138, 64.661], [32.688, 33.173, 32.12, 28.16, 25.816, 24.442, 23.756, 24.285, 22.443, 15.761, 10.18, 4.356, 0.0, 3.64, 5.786, 7.741, 11.393, 15.211, 18.447, 22.266, 24.589, 26.409, 27.914, 31.013, 34.688, 35.692, 35.5, 36.815, 38.161, 38.342, 39.679, 42.166, 43.263, 43.855, 44.402, 45.46, 45.993, 45.483, 45.168, 46.238, 46.699, 47.85, 49.509, 51.638, 56.179, 57.011, 58.088, 59.449, 59.725, 59.804, 60.405, 60.568, 60.761, 60.872, 61.238, 62.282, 63.861, 63.648, 64.091, 67.615, 68.95, 69.17, 68.741, 70.587, 72.795, 72.602, 71.522, 71.149, 71.451, 71.235, 71.504, 72.098, 71.188, 70.504, 70.493, 70.178, 69.735, 69.012, 68.14, 67.72, 66.804, 64.799, 63.304, 63.525, 64.516, 64.098], [33.66, 34.344, 33.093, 29.262, 27.162, 25.821, 25.043, 25.528, 23.385, 16.624, 10.978, 6.271, 3.64, 0.0, 4.053, 6.662, 10.903, 14.903, 18.376, 22.367, 24.683, 26.467, 27.909, 31.067, 34.956, 36.024, 35.794, 37.166, 38.597, 38.827, 40.198, 42.691, 43.793, 44.407, 44.882, 45.891, 46.464, 45.904, 45.506, 46.595, 46.998, 48.088, 49.794, 51.991, 56.65, 57.37, 58.277, 59.609, 59.855, 59.908, 60.499, 60.675, 60.861, 60.978, 61.322, 62.348, 63.939, 63.646, 63.89, 67.279, 68.578, 68.796, 68.388, 70.325, 72.63, 72.503, 71.545, 71.283, 71.593, 71.365, 71.631, 72.193, 71.22, 70.474, 70.416, 70.103, 69.676, 68.94, 68.096, 67.659, 66.693, 64.71, 63.266, 63.505, 64.481, 64.056], [34.275, 34.927, 33.697, 29.656, 27.219, 25.897, 25.203, 25.663, 23.724, 17.76, 13.152, 8.341, 5.786, 4.053, 0.0, 3.647, 9.128, 13.657, 16.722, 20.343, 22.581, 24.349, 25.799, 28.894, 32.686, 33.843, 33.747, 35.159, 36.648, 36.918, 38.227, 40.68, 41.843, 42.495, 42.986, 44.045, 44.647, 44.166, 43.91, 45.121, 45.553, 46.611, 48.28, 50.307, 54.969, 56.025, 57.104, 58.458, 58.787, 58.884, 59.484, 59.664, 59.926, 60.075, 60.386, 61.414, 63.039, 62.918, 63.554, 67.131, 68.382, 68.549, 68.105, 70.012, 72.324, 72.257, 71.308, 70.988, 71.284, 71.058, 71.309, 71.882, 70.929, 70.164, 70.104, 69.831, 69.435, 68.721, 67.887, 67.507, 66.621, 64.646, 63.165, 63.416, 64.43, 64.018], [35.238, 35.873, 34.617, 30.491, 28.083, 26.776, 26.172, 26.743, 25.172, 19.36, 14.409, 9.683, 7.741, 6.662, 3.647, 0.0, 6.456, 11.553, 14.984, 18.942, 21.424, 23.397, 24.915, 28.08, 31.872, 33.015, 32.913, 34.331, 35.84, 36.103, 37.418, 39.893, 41.086, 41.804, 42.36, 43.404, 44.005, 43.556, 43.308, 44.534, 44.953, 45.961, 47.594, 49.717, 54.57, 55.726, 56.845, 58.201, 58.537, 58.649, 59.295, 59.494, 59.756, 59.919, 60.23, 61.267, 62.903, 62.827, 63.567, 67.175, 68.434, 68.588, 68.194, 70.193, 72.514, 72.431, 71.47, 71.122, 71.387, 71.161, 71.407, 71.989, 71.055, 70.292, 70.228, 69.998, 69.637, 68.924, 68.027, 67.578, 66.722, 64.804, 63.367, 63.622, 64.612, 64.17], [37.712, 38.258, 37.139, 32.999, 30.604, 29.158, 28.32, 28.952, 28.372, 22.485, 16.443, 12.563, 11.393, 10.903, 9.128, 6.456, 0.0, 5.866, 10.866, 16.108, 19.336, 21.882, 23.491, 26.935, 30.764, 31.698, 31.55, 33.06, 34.577, 34.788, 36.24, 38.801, 39.998, 40.747, 41.397, 42.421, 42.975, 42.615, 42.349, 43.522, 43.99, 45.017, 46.53, 49.035, 54.282, 55.415, 56.547, 57.892, 58.208, 58.328, 59.158, 59.385, 59.572, 59.773, 60.148, 61.231, 62.849, 62.855, 63.924, 67.716, 69.08, 69.258, 69.024, 71.307, 73.683, 73.632, 72.814, 72.561, 72.76, 72.538, 72.827, 73.429, 72.491, 71.782, 71.721, 71.478, 71.134, 70.445, 69.485, 68.827, 67.979, 66.189, 64.899, 65.241, 66.247, 65.806], [40.358, 40.828, 39.849, 35.81, 33.232, 31.49, 30.366, 30.988, 31.197, 25.806, 19.554, 16.141, 15.211, 14.903, 13.657, 11.553, 5.866, 0.0, 6.992, 13.641, 17.464, 20.377, 22.113, 25.791, 29.798, 30.742, 30.612, 32.216, 33.736, 33.88, 35.45, 38.139, 39.331, 40.051, 40.675, 41.63, 42.17, 41.873, 41.697, 42.95, 43.517, 44.533, 45.853, 48.531, 54.178, 55.509, 56.693, 58.038, 58.353, 58.475, 59.389, 59.67, 59.871, 60.108, 60.522, 61.628, 63.225, 63.317, 64.582, 68.457, 69.884, 70.089, 69.918, 72.273, 74.635, 74.63, 73.978, 73.85, 74.009, 73.79, 74.135, 74.754, 73.817, 73.186, 73.142, 72.856, 72.52, 71.87, 70.915, 70.191, 69.414, 67.763, 66.566, 66.958, 68.029, 67.641], [42.387, 42.814, 42.041, 37.761, 34.128, 31.737, 30.32, 30.936, 31.842, 28.071, 23.419, 19.743, 18.447, 18.376, 16.722, 14.984, 10.866, 6.992, 0.0, 7.335, 11.622, 14.857, 17.091, 21.24, 25.599, 26.964, 27.13, 28.977, 30.722, 30.955, 32.514, 35.326, 36.591, 37.182, 37.647, 38.557, 39.129, 39.072, 39.5, 41.207, 41.991, 42.901, 43.939, 46.129, 51.802, 53.964, 55.578, 57.02, 57.51, 57.739, 58.601, 58.926, 59.391, 59.748, 60.138, 61.26, 62.912, 63.322, 65.153, 69.402, 70.875, 71.056, 70.657, 72.624, 74.882, 74.964, 74.365, 74.185, 74.321, 74.118, 74.49, 75.154, 74.3, 73.742, 73.706, 73.378, 73.039, 72.432, 71.552, 71.102, 70.59, 68.973, 67.642, 68.031, 69.287, 69.027], [44.435, 44.882, 44.303, 39.796, 35.203, 32.347, 30.743, 31.325, 32.703, 30.531, 27.576, 23.831, 22.266, 22.367, 20.343, 18.942, 16.108, 13.641, 7.335, 0.0, 5.024, 9.077, 12.079, 16.402, 20.825, 22.66, 23.193, 25.25, 27.305, 27.816, 29.244, 32.035, 33.47, 33.971, 34.26, 35.102, 35.678, 35.932, 37.055, 39.22, 40.216, 41.012, 41.818, 43.359, 48.726, 51.595, 53.634, 55.188, 55.892, 56.216, 56.975, 57.292, 58.018, 58.534, 58.93, 60.072, 61.825, 62.679, 65.263, 70.0, 71.539, 71.695, 71.055, 72.674, 74.88, 75.078, 74.528, 74.284, 74.405, 74.225, 74.615, 75.345, 74.628, 74.137, 74.099, 73.75, 73.403, 72.829, 72.037, 71.931, 71.704, 70.065, 68.576, 69.049, 70.524, 70.38], [45.699, 46.186, 45.671, 41.089, 36.073, 33.045, 31.275, 31.765, 33.213, 31.953, 30.038, 26.305, 24.589, 24.683, 22.581, 21.424, 19.336, 17.464, 11.622, 5.024, 0.0, 4.803, 8.875, 13.553, 18.327, 20.547, 21.176, 23.299, 25.596, 26.473, 27.855, 30.555, 32.094, 32.535, 32.709, 33.533, 34.127, 34.553, 36.044, 38.454, 39.625, 40.393, 41.091, 42.135, 47.085, 50.243, 52.438, 54.042, 54.844, 55.206, 55.879, 56.207, 57.064, 57.641, 58.087, 59.223, 60.951, 61.941, 64.761, 69.69, 71.289, 71.461, 70.693, 72.157, 74.365, 74.62, 74.105, 73.871, 74.01, 73.836, 74.235, 75.016, 74.414, 73.973, 73.918, 73.54, 73.182, 72.637, 71.95, 72.14, 72.124, 70.483, 68.912, 69.478, 71.094, 71.013], [46.503, 47.071, 46.59, 41.975, 36.693, 33.688, 31.891, 32.346, 33.778, 33.012, 31.878, 28.26, 26.409, 26.467, 24.349, 23.397, 21.882, 20.377, 14.857, 9.077, 4.803, 0.0, 5.43, 10.982, 16.604, 19.312, 20.009, 22.117, 24.509, 25.684, 27.177, 29.859, 31.464, 31.791, 31.797, 32.639, 33.265, 33.837, 35.595, 38.12, 39.401, 40.178, 40.83, 41.601, 46.177, 49.509, 51.836, 53.476, 54.325, 54.714, 55.355, 55.706, 56.631, 57.218, 57.711, 58.914, 60.643, 61.621, 64.415, 69.358, 70.977, 71.164, 70.358, 71.743, 73.96, 74.262, 73.771, 73.556, 73.727, 73.548, 73.939, 74.722, 74.135, 73.698, 73.647, 73.256, 72.888, 72.353, 71.743, 72.092, 72.16, 70.477, 68.837, 69.453, 71.16, 71.1], [47.503, 48.083, 47.611, 43.023, 37.793, 34.927, 33.154, 33.507, 34.935, 34.2, 33.223, 29.787, 27.914, 27.909, 25.799, 24.915, 23.491, 22.113, 17.091, 12.079, 8.875, 5.43, 0.0, 6.926, 14.342, 17.629, 18.359, 20.475, 22.892, 24.091, 25.646, 28.43, 30.079, 30.352, 30.272, 31.207, 31.91, 32.588, 34.419, 36.989, 38.326, 39.169, 39.791, 40.641, 45.332, 48.69, 51.04, 52.714, 53.58, 54.027, 54.756, 55.133, 56.085, 56.7, 57.203, 58.542, 60.557, 61.593, 64.247, 69.141, 70.795, 71.0, 70.288, 71.785, 74.059, 74.444, 74.055, 73.896, 74.073, 73.88, 74.259, 75.009, 74.407, 73.982, 73.947, 73.57, 73.201, 72.674, 72.085, 72.405, 72.444, 70.75, 69.128, 69.755, 71.472, 71.383], [48.896, 49.491, 49.091, 44.563, 39.369, 36.774, 35.261, 35.57, 37.002, 36.664, 36.118, 32.802, 31.013, 31.067, 28.894, 28.08, 26.935, 25.791, 21.24, 16.402, 13.553, 10.982, 6.926, 0.0, 8.959, 13.274, 14.401, 16.47, 18.97, 20.406, 21.824, 24.517, 26.27, 26.586, 26.421, 27.328, 28.057, 28.896, 31.049, 33.82, 35.251, 36.05, 36.581, 37.222, 42.007, 45.76, 48.326, 50.105, 51.099, 51.609, 52.316, 52.739, 53.887, 54.647, 55.163, 56.567, 58.929, 60.498, 63.715, 68.936, 70.624, 70.815, 70.121, 71.595, 73.844, 74.315, 74.007, 73.863, 74.028, 73.835, 74.228, 74.97, 74.385, 73.967, 73.965, 73.637, 73.293, 72.781, 72.192, 72.56, 72.674, 71.019, 69.411, 70.112, 71.879, 71.767], [49.884, 50.394, 50.17, 45.73, 40.577, 38.405, 37.294, 37.616, 39.273, 39.332, 39.261, 36.272, 34.688, 34.956, 32.686, 31.872, 30.764, 29.798, 25.599, 20.825, 18.327, 16.604, 14.342, 8.959, 0.0, 5.675, 8.441, 10.817, 13.661, 15.829, 17.119, 19.142, 20.895, 21.275, 21.16, 22.093, 22.657, 23.808, 26.505, 29.354, 30.865, 31.593, 32.023, 32.149, 36.36, 40.775, 44.057, 46.006, 47.253, 47.859, 48.586, 49.026, 50.356, 51.319, 51.957, 53.404, 55.807, 58.226, 63.243, 69.437, 71.152, 71.266, 70.5, 71.854, 73.993, 74.53, 74.233, 74.048, 74.196, 74.03, 74.449, 75.218, 74.613, 74.151, 74.195, 73.943, 73.644, 73.147, 72.478, 72.783, 73.001, 71.422, 69.867, 70.701, 72.475, 72.354], [50.312, 50.734, 50.584, 46.191, 41.196, 39.215, 38.172, 38.459, 40.158, 39.928, 39.779, 37.1, 35.692, 36.024, 33.843, 33.015, 31.698, 30.742, 26.964, 22.66, 20.547, 19.312, 17.629, 13.274, 5.675, 0.0, 4.226, 7.615, 11.109, 13.938, 15.443, 17.059, 18.488, 18.899, 19.207, 20.326, 20.73, 21.869, 24.543, 27.304, 28.881, 29.605, 30.064, 30.325, 34.297, 38.517, 41.908, 43.9, 45.182, 45.829, 46.7, 47.139, 48.41, 49.46, 50.258, 51.767, 54.07, 56.65, 62.455, 69.342, 71.256, 71.387, 70.668, 72.129, 74.266, 74.838, 74.605, 74.464, 74.596, 74.428, 74.856, 75.642, 75.025, 74.547, 74.61, 74.387, 74.106, 73.631, 72.92, 73.067, 73.26, 71.748, 70.338, 71.271, 72.979, 72.827], [50.387, 50.814, 50.635, 46.245, 41.313, 39.324, 38.234, 38.471, 40.036, 39.548, 39.343, 36.839, 35.5, 35.794, 33.747, 32.913, 31.55, 30.612, 27.13, 23.193, 21.176, 20.009, 18.359, 14.401, 8.441, 4.226, 0.0, 4.787, 9.573, 13.249, 14.968, 16.63, 18.017, 18.591, 19.219, 20.423, 20.793, 21.747, 24.243, 27.007, 28.661, 29.399, 29.926, 30.411, 34.375, 38.182, 41.356, 43.341, 44.527, 45.145, 46.045, 46.506, 47.704, 48.739, 49.637, 51.164, 53.409, 55.779, 61.319, 68.349, 70.514, 70.762, 70.124, 71.683, 73.85, 74.403, 74.189, 74.09, 74.22, 74.038, 74.469, 75.262, 74.673, 74.22, 74.28, 74.047, 73.768, 73.308, 72.611, 72.713, 72.868, 71.367, 70.029, 71.025, 72.727, 72.549], [51.047, 51.479, 51.348, 46.992, 42.174, 40.52, 39.641, 39.839, 41.279, 40.7, 40.569, 38.155, 36.815, 37.166, 35.159, 34.331, 33.06, 32.216, 28.977, 25.25, 23.299, 22.117, 20.475, 16.47, 10.817, 7.615, 4.787, 0.0, 5.873, 10.789, 12.682, 14.287, 15.984, 16.774, 17.571, 18.851, 19.126, 20.218, 22.87, 25.509, 27.234, 28.118, 28.697, 29.346, 33.331, 37.278, 40.739, 42.797, 43.958, 44.552, 45.441, 45.927, 47.11, 48.112, 49.084, 50.625, 52.817, 55.216, 60.835, 67.905, 70.129, 70.453, 69.961, 71.685, 73.883, 74.402, 74.098, 73.928, 74.055, 73.883, 74.299, 75.067, 74.487, 74.047, 74.148, 73.953, 73.667, 73.208, 72.507, 72.579, 72.699, 71.149, 69.809, 70.879, 72.594, 72.345], [51.762, 52.183, 52.168, 47.991, 43.556, 42.385, 41.75, 41.98, 43.341, 42.414, 41.961, 39.467, 38.161, 38.597, 36.648, 35.84, 34.577, 33.736, 30.722, 27.305, 25.596, 24.509, 22.892, 18.97, 13.661, 11.109, 9.573, 5.873, 0.0, 5.982, 8.669, 10.776, 12.714, 13.605, 14.606, 16.036, 16.201, 17.304, 19.952, 22.412, 24.211, 25.281, 25.874, 27.218, 32.325, 36.747, 40.489, 42.603, 43.71, 44.259, 45.195, 45.716, 46.848, 47.823, 48.886, 50.515, 52.762, 55.253, 61.023, 68.106, 70.282, 70.596, 70.331, 72.417, 74.716, 75.211, 74.841, 74.606, 74.726, 74.568, 74.965, 75.702, 75.088, 74.628, 74.791, 74.666, 74.381, 73.922, 73.152, 73.082, 73.124, 71.55, 70.255, 71.357, 72.983, 72.605], [51.783, 52.147, 52.222, 48.306, 44.277, 43.283, 42.738, 43.01, 44.377, 43.237, 42.3, 39.587, 38.342, 38.827, 36.918, 36.103, 34.788, 33.88, 30.955, 27.816, 26.473, 25.684, 24.091, 20.406, 15.829, 13.938, 13.249, 10.789, 5.982, 0.0, 4.342, 8.266, 10.213, 11.144, 12.231, 13.816, 14.097, 14.76, 17.065, 19.631, 21.488, 22.645, 23.157, 25.252, 32.214, 37.305, 41.095, 43.205, 44.273, 44.845, 45.853, 46.389, 47.464, 48.358, 49.358, 51.053, 53.494, 56.028, 61.703, 68.648, 70.735, 70.993, 70.825, 73.137, 75.547, 76.067, 75.718, 75.477, 75.597, 75.447, 75.83, 76.529, 75.855, 75.366, 75.55, 75.445, 75.158, 74.688, 73.876, 73.71, 73.713, 72.209, 70.97, 71.932, 73.386, 72.914], [52.779, 53.048, 53.171, 49.333, 45.279, 44.217, 43.686, 43.886, 45.27, 44.498, 43.75, 40.917, 39.679, 40.198, 38.227, 37.418, 36.24, 35.45, 32.514, 29.244, 27.855, 27.177, 25.646, 21.824, 17.119, 15.443, 14.968, 12.682, 8.669, 4.342, 0.0, 5.078, 7.589, 8.87, 10.211, 12.089, 12.434, 13.118, 15.843, 18.794, 20.809, 21.911, 22.263, 23.971, 31.319, 37.13, 41.17, 43.311, 44.437, 45.059, 45.992, 46.486, 47.614, 48.474, 49.39, 51.053, 53.585, 56.296, 62.15, 69.108, 71.152, 71.383, 71.176, 73.484, 75.943, 76.5, 76.128, 75.838, 75.95, 75.805, 76.185, 76.892, 76.265, 75.801, 75.987, 75.881, 75.592, 75.13, 74.351, 74.292, 74.371, 72.912, 71.672, 72.574, 74.011, 73.561], [54.561, 54.772, 54.907, 51.108, 47.069, 46.072, 45.556, 45.653, 47.023, 46.49, 46.037, 43.342, 42.166, 42.691, 40.68, 39.893, 38.801, 38.139, 35.326, 32.035, 30.555, 29.859, 28.43, 24.517, 19.142, 17.059, 16.63, 14.287, 10.776, 8.266, 5.078, 0.0, 3.966, 6.137, 8.168, 10.524, 10.767, 11.939, 15.203, 18.189, 20.31, 21.359, 21.621, 22.858, 29.787, 36.155, 40.647, 42.854, 44.061, 44.697, 45.576, 46.021, 47.177, 48.097, 49.061, 50.691, 53.148, 56.172, 62.695, 69.881, 71.933, 72.144, 71.955, 74.345, 76.865, 77.468, 77.075, 76.761, 76.861, 76.718, 77.1, 77.828, 77.254, 76.81, 77.021, 76.948, 76.669, 76.222, 75.463, 75.427, 75.515, 74.078, 72.902, 73.866, 75.294, 74.849], [55.612, 55.77, 55.887, 52.154, 48.247, 47.215, 46.658, 46.72, 48.013, 47.45, 46.972, 44.323, 43.263, 43.793, 41.843, 41.086, 39.998, 39.331, 36.591, 33.47, 32.094, 31.464, 30.079, 26.27, 20.895, 18.488, 18.017, 15.984, 12.714, 10.213, 7.589, 3.966, 0.0, 3.338, 6.974, 9.83, 10.199, 11.198, 14.492, 17.755, 19.947, 20.869, 21.051, 22.404, 29.866, 36.514, 40.972, 43.174, 44.384, 45.045, 45.944, 46.392, 47.578, 48.555, 49.525, 51.162, 53.662, 56.744, 63.399, 70.769, 72.915, 73.117, 72.921, 75.279, 77.789, 78.465, 78.184, 77.927, 78.016, 77.861, 78.246, 78.959, 78.368, 77.932, 78.161, 78.094, 77.822, 77.383, 76.634, 76.566, 76.641, 75.287, 74.221, 75.168, 76.496, 76.017], [56.525, 56.684, 56.836, 53.11, 49.059, 47.889, 47.262, 47.3, 48.574, 48.059, 47.624, 44.945, 43.855, 44.407, 42.495, 41.804, 40.747, 40.051, 37.182, 33.971, 32.535, 31.791, 30.352, 26.586, 21.275, 18.899, 18.591, 16.774, 13.605, 11.144, 8.87, 6.137, 3.338, 0.0, 5.025, 8.595, 8.985, 10.338, 14.349, 18.003, 20.343, 21.252, 21.382, 22.788, 30.375, 37.194, 41.676, 43.856, 45.062, 45.736, 46.666, 47.115, 48.314, 49.297, 50.261, 51.911, 54.397, 57.481, 64.193, 71.616, 73.762, 73.942, 73.714, 76.011, 78.502, 79.198, 78.943, 78.701, 78.802, 78.65, 79.033, 79.737, 79.133, 78.696, 78.93, 78.848, 78.561, 78.116, 77.376, 77.342, 77.44, 76.075, 74.997, 75.939, 77.266, 76.793], [57.023, 57.509, 57.594, 53.887, 49.745, 48.473, 47.858, 47.978, 49.201, 48.727, 48.263, 45.55, 44.402, 44.882, 42.986, 42.36, 41.397, 40.675, 37.647, 34.26, 32.709, 31.797, 30.272, 26.421, 21.16, 19.207, 19.219, 17.571, 14.606, 12.231, 10.211, 8.168, 6.974, 5.025, 0.0, 4.444, 5.598, 7.708, 12.845, 16.998, 19.348, 20.118, 20.311, 21.929, 29.956, 36.998, 41.554, 43.747, 44.962, 45.601, 46.49, 46.957, 48.222, 49.264, 50.238, 51.886, 54.398, 57.622, 64.427, 71.683, 73.716, 73.872, 73.63, 76.023, 78.651, 79.421, 79.25, 79.112, 79.253, 79.105, 79.508, 80.195, 79.533, 79.048, 79.267, 79.176, 78.87, 78.394, 77.673, 77.66, 77.747, 76.347, 75.206, 76.144, 77.51, 77.027], [57.937, 58.742, 58.776, 55.019, 50.881, 49.558, 48.969, 49.254, 50.496, 49.909, 49.259, 46.535, 45.46, 45.891, 44.045, 43.404, 42.421, 41.63, 38.557, 35.102, 33.533, 32.639, 31.207, 27.328, 22.093, 20.326, 20.423, 18.851, 16.036, 13.816, 12.089, 10.524, 9.83, 8.595, 4.444, 0.0, 2.882, 6.194, 12.052, 16.453, 18.696, 19.076, 19.239, 21.306, 29.845, 36.74, 41.105, 43.296, 44.506, 45.083, 45.882, 46.355, 47.694, 48.815, 49.804, 51.441, 53.996, 57.374, 64.231, 71.419, 73.426, 73.592, 73.384, 75.91, 78.641, 79.467, 79.416, 79.389, 79.525, 79.388, 79.833, 80.527, 79.847, 79.34, 79.549, 79.463, 79.148, 78.646, 77.934, 77.926, 78.013, 76.613, 75.484, 76.482, 77.894, 77.398], [58.165, 58.948, 59.077, 55.359, 51.183, 49.862, 49.289, 49.602, 50.98, 50.432, 49.752, 47.056, 45.993, 46.464, 44.647, 44.005, 42.975, 42.17, 39.129, 35.678, 34.127, 33.265, 31.91, 28.057, 22.657, 20.73, 20.793, 19.126, 16.201, 14.097, 12.434, 10.767, 10.199, 8.985, 5.598, 2.882, 0.0, 5.158, 11.69, 16.069, 18.428, 18.867, 18.897, 20.977, 29.399, 36.156, 40.555, 42.736, 43.935, 44.505, 45.323, 45.782, 47.083, 48.175, 49.161, 50.821, 53.365, 56.811, 63.872, 71.212, 73.247, 73.425, 73.218, 75.714, 78.397, 79.19, 79.089, 79.008, 79.123, 79.007, 79.478, 80.186, 79.521, 79.028, 79.243, 79.163, 78.847, 78.346, 77.613, 77.609, 77.729, 76.322, 75.2, 76.247, 77.69, 77.214], [56.928, 57.732, 57.866, 54.539, 50.84, 49.633, 49.146, 49.481, 50.762, 50.174, 49.306, 46.52, 45.483, 45.904, 44.166, 43.556, 42.615, 41.873, 39.072, 35.932, 34.553, 33.837, 32.588, 28.896, 23.808, 21.869, 21.747, 20.218, 17.304, 14.76, 13.118, 11.939, 11.198, 10.338, 7.708, 6.194, 5.158, 0.0, 7.328, 12.655, 15.286, 15.704, 15.702, 18.219, 28.16, 35.074, 39.271, 41.405, 42.499, 43.038, 43.868, 44.38, 45.644, 46.702, 47.683, 49.39, 52.076, 55.515, 62.528, 69.958, 72.063, 72.27, 72.037, 74.518, 77.239, 78.09, 78.093, 78.087, 78.214, 78.089, 78.588, 79.297, 78.593, 78.069, 78.251, 78.167, 77.879, 77.395, 76.671, 76.638, 76.772, 75.499, 74.459, 75.433, 76.771, 76.252], [55.462, 56.317, 56.392, 53.556, 50.881, 50.217, 49.895, 50.224, 51.312, 50.202, 48.801, 46.088, 45.168, 45.506, 43.91, 43.308, 42.349, 41.697, 39.5, 37.055, 36.044, 35.595, 34.419, 31.049, 26.505, 24.543, 24.243, 22.87, 19.952, 17.065, 15.843, 15.203, 14.492, 14.349, 12.845, 12.052, 11.69, 7.328, 0.0, 6.463, 9.519, 10.357, 10.748, 15.337, 27.206, 33.685, 37.588, 39.662, 40.557, 40.995, 41.954, 42.534, 43.594, 44.61, 45.667, 47.391, 50.168, 53.56, 60.563, 67.997, 70.11, 70.326, 70.233, 73.073, 75.988, 76.901, 77.041, 77.183, 77.34, 77.197, 77.713, 78.434, 77.72, 77.173, 77.326, 77.293, 77.058, 76.579, 75.834, 75.619, 75.654, 74.523, 73.681, 74.667, 75.868, 75.239], [55.02, 55.866, 55.974, 53.391, 51.383, 51.387, 51.318, 51.632, 52.679, 51.163, 49.539, 47.099, 46.238, 46.595, 45.121, 44.534, 43.522, 42.95, 41.207, 39.22, 38.454, 38.12, 36.989, 33.82, 29.354, 27.304, 27.007, 25.509, 22.412, 19.631, 18.794, 18.189, 17.755, 18.003, 16.998, 16.453, 16.069, 12.655, 6.463, 0.0, 4.205, 7.003, 8.14, 14.499, 26.245, 32.118, 36.222, 38.275, 39.048, 39.431, 40.56, 41.148, 41.972, 42.93, 44.075, 45.749, 48.388, 51.82, 59.224, 66.757, 68.767, 68.949, 69.022, 72.193, 75.246, 76.185, 76.331, 76.513, 76.696, 76.558, 77.075, 77.784, 77.066, 76.55, 76.756, 76.817, 76.621, 76.143, 75.362, 74.954, 74.877, 73.788, 73.069, 74.142, 75.284, 74.569], [54.727, 55.624, 55.683, 53.226, 51.552, 51.849, 51.979, 52.397, 53.31, 51.584, 49.848, 47.529, 46.699, 46.998, 45.553, 44.953, 43.99, 43.517, 41.991, 40.216, 39.625, 39.401, 38.326, 35.251, 30.865, 28.881, 28.661, 27.234, 24.211, 21.488, 20.809, 20.31, 19.947, 20.343, 19.348, 18.696, 18.428, 15.286, 9.519, 4.205, 0.0, 4.403, 6.786, 14.188, 26.063, 31.622, 35.7, 37.712, 38.407, 38.729, 39.864, 40.459, 41.233, 42.216, 43.384, 45.042, 47.686, 51.149, 58.672, 66.163, 68.043, 68.162, 68.287, 71.603, 74.747, 75.723, 75.917, 76.152, 76.35, 76.212, 76.724, 77.397, 76.62, 76.086, 76.354, 76.505, 76.34, 75.85, 75.041, 74.517, 74.366, 73.322, 72.683, 73.798, 74.901, 74.132], [55.877, 56.895, 56.9, 54.411, 52.689, 52.857, 52.99, 53.635, 54.545, 52.819, 51.082, 48.669, 47.85, 48.088, 46.611, 45.961, 45.017, 44.533, 42.901, 41.012, 40.393, 40.178, 39.169, 36.05, 31.593, 29.605, 29.399, 28.118, 25.281, 22.645, 21.911, 21.359, 20.869, 21.252, 20.118, 19.076, 18.867, 15.704, 10.357, 7.003, 4.403, 0.0, 4.289, 13.035, 25.767, 31.615, 35.53, 37.506, 38.197, 38.471, 39.49, 40.105, 41.004, 42.109, 43.304, 44.976, 47.692, 51.265, 58.804, 66.321, 68.218, 68.319, 68.404, 71.721, 74.904, 75.932, 76.245, 76.565, 76.745, 76.601, 77.123, 77.79, 76.99, 76.423, 76.695, 76.873, 76.729, 76.236, 75.446, 74.938, 74.806, 73.816, 73.229, 74.368, 75.472, 74.704], [57.378, 58.316, 58.434, 55.968, 54.047, 54.003, 54.005, 54.657, 55.969, 54.673, 52.948, 50.372, 49.509, 49.794, 48.28, 47.594, 46.53, 45.853, 43.939, 41.818, 41.091, 40.83, 39.791, 36.581, 32.023, 30.064, 29.926, 28.697, 25.874, 23.157, 22.263, 21.621, 21.051, 21.382, 20.311, 19.239, 18.897, 15.702, 10.748, 8.14, 6.786, 4.289, 0.0, 10.457, 24.604, 31.378, 35.493, 37.425, 38.195, 38.571, 39.602, 40.25, 41.231, 42.335, 43.515, 45.229, 47.992, 51.687, 59.416, 67.039, 68.976, 69.079, 69.075, 72.219, 75.314, 76.355, 76.697, 76.998, 77.146, 77.0, 77.53, 78.229, 77.508, 77.025, 77.28, 77.417, 77.293, 76.87, 76.107, 75.69, 75.691, 74.756, 74.146, 75.24, 76.38, 75.707], [57.865, 58.612, 58.866, 56.455, 54.065, 53.691, 53.546, 54.047, 55.691, 56.023, 55.467, 52.703, 51.638, 51.991, 50.307, 49.717, 49.035, 48.531, 46.129, 43.359, 42.135, 41.601, 40.641, 37.222, 32.149, 30.325, 30.411, 29.346, 27.218, 25.252, 23.971, 22.858, 22.404, 22.788, 21.929, 21.306, 20.977, 18.219, 15.337, 14.499, 14.188, 13.035, 10.457, 0.0, 16.455, 26.347, 31.641, 33.666, 34.842, 35.594, 36.464, 37.139, 38.531, 39.687, 40.732, 42.405, 45.272, 49.512, 58.204, 66.347, 68.325, 68.387, 67.805, 69.998, 72.794, 73.956, 74.34, 74.594, 74.775, 74.632, 75.169, 75.948, 75.442, 75.126, 75.369, 75.451, 75.38, 75.172, 74.767, 75.03, 75.529, 74.768, 74.031, 75.012, 76.267, 75.874], [59.3, 59.929, 60.275, 57.764, 54.942, 54.659, 54.532, 54.865, 56.625, 58.3, 59.489, 57.347, 56.179, 56.65, 54.969, 54.57, 54.282, 54.178, 51.802, 48.726, 47.085, 46.177, 45.332, 42.007, 36.36, 34.297, 34.375, 33.331, 32.325, 32.214, 31.319, 29.787, 29.866, 30.375, 29.956, 29.845, 29.399, 28.16, 27.206, 26.245, 26.063, 25.767, 24.604, 16.455, 0.0, 15.048, 23.359, 25.74, 27.681, 28.965, 29.743, 30.279, 32.002, 33.403, 34.72, 36.367, 38.916, 44.297, 55.354, 64.566, 66.66, 66.74, 65.681, 66.935, 69.328, 70.558, 70.895, 71.09, 71.338, 71.222, 71.777, 72.684, 72.487, 72.363, 72.692, 72.792, 72.731, 72.778, 72.965, 74.085, 75.083, 74.399, 73.569, 74.711, 76.171, 75.997], [58.648, 59.513, 59.687, 57.197, 54.87, 54.953, 54.881, 55.277, 56.838, 57.884, 59.032, 57.803, 57.011, 57.37, 56.025, 55.726, 55.415, 55.509, 53.964, 51.595, 50.243, 49.509, 48.69, 45.76, 40.775, 38.517, 38.182, 37.278, 36.747, 37.305, 37.13, 36.155, 36.514, 37.194, 36.998, 36.74, 36.156, 35.074, 33.685, 32.118, 31.622, 31.615, 31.378, 26.347, 15.048, 0.0, 10.238, 13.318, 15.795, 17.406, 18.736, 19.278, 20.756, 22.535, 24.595, 26.698, 29.687, 35.806, 48.144, 58.171, 60.67, 60.979, 60.183, 61.977, 64.621, 65.928, 66.534, 67.053, 67.299, 67.17, 67.784, 68.812, 68.899, 68.991, 69.371, 69.514, 69.43, 69.648, 70.177, 71.434, 72.509, 71.932, 71.405, 72.967, 74.554, 74.36], [59.601, 60.726, 60.706, 58.309, 56.379, 56.424, 56.253, 56.731, 58.064, 58.719, 59.56, 58.595, 58.088, 58.277, 57.104, 56.845, 56.547, 56.693, 55.578, 53.634, 52.438, 51.836, 51.04, 48.326, 44.057, 41.908, 41.356, 40.739, 40.489, 41.095, 41.17, 40.647, 40.972, 41.676, 41.554, 41.105, 40.555, 39.271, 37.588, 36.222, 35.7, 35.53, 35.493, 31.641, 23.359, 10.238, 0.0, 4.391, 7.828, 10.109, 12.092, 12.932, 14.528, 16.671, 18.967, 21.437, 25.268, 31.267, 43.188, 53.58, 56.49, 57.003, 56.317, 58.389, 61.292, 62.875, 64.111, 65.132, 65.355, 65.184, 65.87, 66.966, 67.24, 67.491, 67.849, 67.966, 67.887, 68.232, 69.057, 70.51, 71.799, 71.557, 71.347, 73.052, 74.649, 74.465], [60.679, 61.829, 61.802, 59.51, 57.724, 57.788, 57.606, 58.088, 59.415, 60.058, 60.847, 59.923, 59.449, 59.609, 58.458, 58.201, 57.892, 58.038, 57.02, 55.188, 54.042, 53.476, 52.714, 50.105, 46.006, 43.9, 43.341, 42.797, 42.603, 43.205, 43.311, 42.854, 43.174, 43.856, 43.747, 43.296, 42.736, 41.405, 39.662, 38.275, 37.712, 37.506, 37.425, 33.666, 25.74, 13.318, 4.391, 0.0, 4.39, 7.543, 10.257, 11.278, 12.734, 14.771, 16.915, 19.356, 23.224, 29.198, 41.385, 52.042, 55.061, 55.606, 54.918, 56.992, 59.944, 61.689, 63.218, 64.467, 64.703, 64.524, 65.247, 66.354, 66.688, 67.021, 67.397, 67.522, 67.464, 67.876, 68.782, 70.264, 71.696, 71.706, 71.685, 73.437, 75.019, 74.859], [60.881, 62.084, 62.017, 59.822, 58.247, 58.393, 58.226, 58.729, 59.982, 60.399, 61.011, 60.152, 59.725, 59.855, 58.787, 58.537, 58.208, 58.353, 57.51, 55.892, 54.844, 54.325, 53.58, 51.099, 47.253, 45.182, 44.527, 43.958, 43.71, 44.273, 44.437, 44.061, 44.384, 45.062, 44.962, 44.506, 43.935, 42.499, 40.557, 39.048, 38.407, 38.197, 38.195, 34.842, 27.681, 15.795, 7.828, 4.39, 0.0, 4.008, 7.951, 9.338, 10.284, 12.173, 14.481, 16.943, 20.863, 26.673, 38.903, 49.747, 52.913, 53.512, 52.987, 55.462, 58.611, 60.406, 62.106, 63.579, 63.855, 63.662, 64.43, 65.549, 65.931, 66.315, 66.695, 66.855, 66.817, 67.251, 68.152, 69.5, 70.88, 71.034, 71.245, 73.138, 74.725, 74.536], [61.064, 62.342, 62.228, 60.045, 58.568, 58.78, 58.627, 59.153, 60.334, 60.571, 61.045, 60.21, 59.804, 59.908, 58.884, 58.649, 58.328, 58.475, 57.739, 56.216, 55.206, 54.714, 54.027, 51.609, 47.859, 45.829, 45.145, 44.552, 44.259, 44.845, 45.059, 44.697, 45.045, 45.736, 45.601, 45.083, 44.505, 43.038, 40.995, 39.431, 38.729, 38.471, 38.571, 35.594, 28.965, 17.406, 10.109, 7.543, 4.008, 0.0, 4.979, 6.705, 7.456, 9.74, 12.633, 15.154, 19.094, 25.112, 37.497, 48.321, 51.524, 52.158, 51.814, 54.779, 58.134, 59.893, 61.649, 63.258, 63.561, 63.364, 64.164, 65.322, 65.768, 66.147, 66.497, 66.692, 66.659, 67.078, 67.935, 69.176, 70.442, 70.56, 70.902, 73.007, 74.684, 74.473], [61.559, 62.886, 62.736, 60.519, 58.958, 59.133, 58.987, 59.514, 60.617, 61.09, 61.753, 60.839, 60.405, 60.499, 59.484, 59.295, 59.158, 59.389, 58.601, 56.975, 55.879, 55.355, 54.756, 52.316, 48.586, 46.7, 46.045, 45.441, 45.195, 45.853, 45.992, 45.576, 45.944, 46.666, 46.49, 45.882, 45.323, 43.868, 41.954, 40.56, 39.864, 39.49, 39.602, 36.464, 29.743, 18.736, 12.092, 10.257, 7.951, 4.979, 0.0, 2.786, 5.64, 8.654, 11.689, 14.097, 18.251, 24.588, 36.744, 47.392, 50.59, 51.267, 50.879, 53.924, 57.366, 59.112, 60.919, 62.611, 62.929, 62.735, 63.562, 64.79, 65.418, 65.856, 66.193, 66.409, 66.373, 66.798, 67.688, 69.073, 70.351, 70.4, 70.752, 73.0, 74.815, 74.66], [61.671, 62.981, 62.842, 60.603, 59.02, 59.211, 59.059, 59.561, 60.652, 61.163, 61.893, 61.0, 60.568, 60.675, 59.664, 59.494, 59.385, 59.67, 58.926, 57.292, 56.207, 55.706, 55.133, 52.739, 49.026, 47.139, 46.506, 45.927, 45.716, 46.389, 46.486, 46.021, 46.392, 47.115, 46.957, 46.355, 45.782, 44.38, 42.534, 41.148, 40.459, 40.105, 40.25, 37.139, 30.279, 19.278, 12.932, 11.278, 9.338, 6.705, 2.786, 0.0, 4.298, 7.812, 10.862, 13.28, 17.521, 24.058, 36.425, 47.108, 50.276, 50.94, 50.522, 53.555, 57.016, 58.793, 60.641, 62.357, 62.674, 62.482, 63.316, 64.556, 65.233, 65.703, 66.046, 66.267, 66.219, 66.649, 67.559, 68.984, 70.27, 70.299, 70.658, 72.949, 74.815, 74.709], [61.618, 62.893, 62.791, 60.703, 59.381, 59.733, 59.584, 60.061, 61.149, 61.365, 61.871, 61.136, 60.761, 60.861, 59.926, 59.756, 59.572, 59.871, 59.391, 58.018, 57.064, 56.631, 56.085, 53.887, 50.356, 48.41, 47.704, 47.11, 46.848, 47.464, 47.614, 47.177, 47.578, 48.314, 48.222, 47.694, 47.083, 45.644, 43.594, 41.972, 41.233, 41.004, 41.231, 38.531, 32.002, 20.756, 14.528, 12.734, 10.284, 7.456, 5.64, 4.298, 0.0, 4.653, 9.042, 11.806, 15.76, 22.285, 35.27, 46.189, 49.448, 50.152, 49.9, 53.258, 56.821, 58.581, 60.44, 62.221, 62.557, 62.367, 63.205, 64.438, 65.078, 65.538, 65.878, 66.112, 66.067, 66.516, 67.418, 68.715, 69.942, 70.006, 70.474, 72.84, 74.68, 74.553], [61.324, 62.545, 62.515, 60.567, 59.378, 59.829, 59.701, 60.153, 61.274, 61.489, 61.955, 61.258, 60.872, 60.978, 60.075, 59.919, 59.773, 60.108, 59.748, 58.534, 57.641, 57.218, 56.7, 54.647, 51.319, 49.46, 48.739, 48.112, 47.823, 48.358, 48.474, 48.097, 48.555, 49.297, 49.264, 48.815, 48.175, 46.702, 44.61, 42.93, 42.216, 42.109, 42.335, 39.687, 33.403, 22.535, 16.671, 14.771, 12.173, 9.74, 8.654, 7.812, 4.653, 0.0, 5.766, 9.32, 13.442, 19.675, 32.979, 44.111, 47.427, 48.202, 47.948, 51.395, 55.073, 56.9, 58.832, 60.715, 61.104, 60.931, 61.778, 63.019, 63.728, 64.235, 64.55, 64.775, 64.721, 65.213, 66.203, 67.577, 68.904, 69.077, 69.622, 72.036, 73.929, 73.834], [61.509, 62.725, 62.682, 60.775, 59.615, 60.054, 59.948, 60.393, 61.476, 61.841, 62.37, 61.628, 61.238, 61.322, 60.386, 60.23, 60.148, 60.522, 60.138, 58.93, 58.087, 57.711, 57.203, 55.163, 51.957, 50.258, 49.637, 49.084, 48.886, 49.358, 49.39, 49.061, 49.525, 50.261, 50.238, 49.804, 49.161, 47.683, 45.667, 44.075, 43.384, 43.304, 43.515, 40.732, 34.72, 24.595, 18.967, 16.915, 14.481, 12.633, 11.689, 10.862, 9.042, 5.766, 0.0, 4.989, 11.427, 17.76, 30.888, 42.086, 45.447, 46.263, 45.783, 48.916, 52.68, 54.811, 57.063, 59.14, 59.581, 59.42, 60.311, 61.53, 62.328, 62.913, 63.154, 63.346, 63.309, 63.867, 65.01, 66.549, 68.047, 68.489, 69.165, 71.573, 73.525, 73.527], [62.442, 63.664, 63.573, 61.688, 60.607, 61.097, 61.021, 61.45, 62.422, 62.827, 63.405, 62.66, 62.282, 62.348, 61.414, 61.267, 61.231, 61.628, 61.26, 60.072, 59.223, 58.914, 58.542, 56.567, 53.404, 51.767, 51.164, 50.625, 50.515, 51.053, 51.053, 50.691, 51.162, 51.911, 51.886, 51.441, 50.821, 49.39, 47.391, 45.749, 45.042, 44.976, 45.229, 42.405, 36.367, 26.698, 21.437, 19.356, 16.943, 15.154, 14.097, 13.28, 11.806, 9.32, 4.989, 0.0, 8.239, 15.534, 29.484, 40.852, 44.238, 45.05, 44.487, 47.65, 51.501, 53.778, 56.25, 58.525, 59.015, 58.856, 59.795, 61.018, 61.928, 62.598, 62.833, 63.062, 63.065, 63.673, 64.907, 66.514, 68.049, 68.65, 69.465, 71.923, 73.871, 73.915], [63.721, 64.901, 64.854, 63.004, 62.0, 62.648, 62.604, 63.023, 63.99, 64.318, 64.942, 64.271, 63.861, 63.939, 63.039, 62.903, 62.849, 63.225, 62.912, 61.825, 60.951, 60.643, 60.557, 58.929, 55.807, 54.07, 53.409, 52.817, 52.762, 53.494, 53.585, 53.148, 53.662, 54.397, 54.398, 53.996, 53.365, 52.076, 50.168, 48.388, 47.686, 47.692, 47.992, 45.272, 38.916, 29.687, 25.268, 23.224, 20.863, 19.094, 18.251, 17.521, 15.76, 13.442, 11.427, 8.239, 0.0, 10.343, 27.966, 40.061, 43.371, 44.116, 43.612, 47.103, 50.98, 53.14, 55.562, 57.934, 58.457, 58.336, 59.291, 60.527, 61.484, 62.178, 62.512, 62.856, 62.87, 63.517, 64.775, 66.338, 67.907, 68.59, 69.526, 72.108, 74.037, 74.097], [63.491, 64.644, 64.548, 62.769, 62.08, 62.899, 62.868, 63.302, 64.063, 64.053, 64.558, 64.037, 63.648, 63.646, 62.918, 62.827, 62.855, 63.317, 63.322, 62.679, 61.941, 61.621, 61.593, 60.498, 58.226, 56.65, 55.779, 55.216, 55.253, 56.028, 56.296, 56.172, 56.744, 57.481, 57.622, 57.374, 56.811, 55.515, 53.56, 51.82, 51.149, 51.265, 51.687, 49.512, 44.297, 35.806, 31.267, 29.198, 26.673, 25.112, 24.588, 24.058, 22.285, 19.675, 17.76, 15.534, 10.343, 0.0, 19.633, 32.954, 36.862, 37.868, 37.502, 41.628, 45.936, 48.193, 50.942, 53.765, 54.411, 54.279, 55.297, 56.553, 57.736, 58.717, 59.148, 59.546, 59.568, 60.286, 61.69, 63.297, 64.989, 65.993, 67.267, 69.993, 71.941, 72.047], [64.591, 65.953, 65.558, 63.874, 63.718, 64.574, 64.549, 65.127, 65.271, 64.642, 64.787, 64.355, 64.091, 63.89, 63.554, 63.567, 63.924, 64.582, 65.153, 65.263, 64.761, 64.415, 64.247, 63.715, 63.243, 62.455, 61.319, 60.835, 61.023, 61.703, 62.15, 62.695, 63.399, 64.193, 64.427, 64.231, 63.872, 62.528, 60.563, 59.224, 58.672, 58.804, 59.416, 58.204, 55.354, 48.144, 43.188, 41.385, 38.903, 37.497, 36.744, 36.425, 35.27, 32.979, 30.888, 29.484, 27.966, 19.633, 0.0, 16.017, 22.684, 25.11, 25.266, 30.844, 36.379, 39.057, 43.021, 47.163, 48.092, 47.829, 49.049, 50.384, 52.184, 53.902, 54.363, 54.621, 54.671, 55.493, 57.308, 59.217, 61.041, 62.66, 64.53, 67.411, 69.479, 69.641], [67.619, 69.241, 68.601, 67.175, 67.546, 68.551, 68.632, 69.295, 69.13, 68.237, 68.11, 67.776, 67.615, 67.279, 67.131, 67.175, 67.716, 68.457, 69.402, 70.0, 69.69, 69.358, 69.141, 68.936, 69.437, 69.342,