[[0.0, 2.901, 8.334, 16.212, 20.751, 23.226, 24.509, 24.803, 25.298, 26.678, 27.421, 29.083, 32.303, 33.636, 32.986, 32.513, 34.785, 37.82, 39.949, 42.372, 44.082, 46.116, 48.405, 50.547, 52.681, 53.545, 54.087, 54.768, 56.124, 56.842, 57.054, 55.37, 56.341, 59.011, 60.234, 60.106, 60.721, 63.445, 65.913, 67.422, 67.769, 67.79, 68.207, 68.568, 68.89, 68.493, 67.159, 64.975, 62.676, 61.53, 60.256, 58.411, 57.716, 57.798, 58.316, 58.799, 59.075, 59.538, 60.089, 60.5, 60.407, 60.623, 60.759, 60.828, 60.976, 62.235, 63.41, 62.886, 62.456, 62.583, 62.764, 63.198, 64.808, 65.194, 64.621, 64.293, 63.55, 63.961, 64.366, 63.97, 63.511, 61.424, 60.011, 60.131, 60.482, 60.798], [2.901, 0.0, 6.83, 15.335, 20.183, 22.743, 24.019, 24.298, 24.731, 26.02, 26.774, 28.549, 31.843, 33.324, 32.857, 32.452, 34.819, 37.883, 40.025, 42.428, 44.166, 46.378, 48.775, 50.901, 53.019, 53.924, 54.506, 55.192, 56.546, 57.293, 57.552, 55.976, 56.986, 59.644, 60.895, 60.81, 61.46, 64.205, 66.679, 68.18, 68.525, 68.547, 68.97, 69.336, 69.649, 69.227, 67.86, 65.64, 63.299, 62.134, 60.869, 59.007, 58.292, 58.429, 58.94, 59.374, 59.636, 60.108, 60.661, 61.068, 60.972, 61.206, 61.366, 61.439, 61.577, 62.8, 63.985, 63.462, 63.014, 63.12, 63.288, 63.666, 65.197, 65.584, 65.017, 64.683, 63.932, 64.36, 64.838, 64.537, 64.117, 62.016, 60.582, 60.647, 60.976, 61.322], [8.334, 6.83, 0.0, 9.495, 15.596, 18.917, 20.33, 20.543, 20.84, 22.073, 23.071, 25.155, 28.576, 30.282, 30.095, 29.898, 32.488, 35.61, 37.883, 40.49, 42.549, 45.121, 47.792, 50.084, 52.427, 53.566, 54.299, 54.968, 56.244, 56.974, 57.385, 56.102, 57.113, 59.734, 61.015, 60.979, 61.851, 64.905, 67.573, 69.111, 69.47, 69.49, 69.879, 70.205, 70.502, 70.051, 68.587, 66.249, 63.803, 62.557, 61.24, 59.335, 58.627, 58.821, 59.306, 59.749, 60.02, 60.447, 60.985, 61.413, 61.313, 61.592, 61.811, 61.878, 61.924, 63.012, 64.241, 63.716, 63.24, 63.329, 63.523, 63.744, 65.097, 65.52, 64.963, 64.656, 63.921, 64.481, 65.099, 64.905, 64.597, 62.712, 61.442, 61.414, 61.696, 62.034], [16.212, 15.335, 9.495, 0.0, 7.718, 12.675, 14.43, 14.529, 14.777, 16.096, 17.493, 19.991, 23.707, 25.77, 26.306, 26.881, 29.702, 33.087, 35.308, 37.949, 40.608, 43.819, 46.989, 49.613, 52.335, 53.783, 54.8, 55.578, 56.768, 57.448, 58.179, 57.427, 58.445, 60.923, 62.24, 62.23, 63.302, 66.903, 70.024, 71.674, 72.059, 72.075, 72.403, 72.66, 72.928, 72.453, 70.83, 68.258, 65.61, 64.231, 62.852, 60.89, 60.248, 60.539, 60.977, 61.43, 61.69, 62.045, 62.565, 63.039, 62.946, 63.272, 63.566, 63.604, 63.505, 64.324, 65.521, 65.013, 64.503, 64.566, 64.823, 64.823, 65.88, 66.354, 65.823, 65.58, 64.872, 65.539, 66.392, 66.398, 66.392, 65.025, 64.033, 63.753, 63.864, 64.203], [20.751, 20.183, 15.596, 7.718, 0.0, 6.008, 8.364, 8.81, 9.561, 11.537, 13.146, 15.473, 19.481, 22.054, 23.391, 24.747, 27.585, 31.508, 33.888, 36.497, 39.619, 43.236, 46.698, 49.623, 52.723, 54.386, 55.552, 56.385, 57.523, 58.136, 59.106, 58.543, 59.404, 61.789, 63.155, 63.123, 64.193, 68.206, 71.811, 73.669, 74.115, 74.129, 74.415, 74.633, 74.885, 74.452, 72.806, 70.114, 67.374, 65.996, 64.657, 62.676, 62.05, 62.4, 62.828, 63.323, 63.62, 63.943, 64.454, 64.968, 64.888, 65.22, 65.549, 65.566, 65.375, 66.095, 67.347, 66.892, 66.395, 66.488, 66.801, 66.656, 67.501, 68.025, 67.511, 67.305, 66.62, 67.26, 68.277, 68.406, 68.571, 67.541, 66.725, 66.279, 66.221, 66.544], [23.226, 22.743, 18.917, 12.675, 6.008, 0.0, 3.229, 4.84, 6.529, 9.314, 11.08, 12.777, 16.516, 19.456, 21.333, 23.145, 25.968, 30.267, 33.061, 35.86, 39.187, 42.9, 46.413, 49.526, 52.896, 54.696, 55.878, 56.644, 57.738, 58.317, 59.414, 58.908, 59.642, 62.002, 63.404, 63.363, 64.392, 68.613, 72.544, 74.586, 75.105, 75.116, 75.386, 75.597, 75.845, 75.452, 73.839, 71.126, 68.371, 67.002, 65.68, 63.682, 63.003, 63.331, 63.755, 64.318, 64.709, 65.05, 65.573, 66.108, 66.037, 66.377, 66.73, 66.74, 66.467, 67.117, 68.464, 68.052, 67.577, 67.694, 68.039, 67.786, 68.475, 69.049, 68.544, 68.355, 67.663, 68.227, 69.353, 69.575, 69.818, 68.964, 68.288, 67.764, 67.579, 67.875], [24.509, 24.019, 20.33, 14.43, 8.364, 3.229, 0.0, 2.48, 5.045, 8.363, 10.369, 11.842, 15.218, 18.151, 20.193, 22.211, 25.01, 29.255, 32.11, 35.044, 38.505, 42.267, 45.822, 49.014, 52.483, 54.333, 55.551, 56.329, 57.441, 58.037, 59.202, 58.846, 59.616, 61.927, 63.315, 63.287, 64.327, 68.631, 72.68, 74.781, 75.332, 75.345, 75.61, 75.823, 76.068, 75.675, 74.036, 71.277, 68.474, 67.071, 65.723, 63.703, 63.008, 63.332, 63.747, 64.333, 64.752, 65.093, 65.622, 66.168, 66.102, 66.462, 66.84, 66.843, 66.5, 67.059, 68.434, 68.028, 67.555, 67.671, 68.029, 67.699, 68.282, 68.889, 68.389, 68.216, 67.499, 68.027, 69.253, 69.561, 69.879, 69.168, 68.608, 68.024, 67.77, 68.058], [24.803, 24.298, 20.543, 14.529, 8.81, 4.84, 2.48, 0.0, 3.388, 7.476, 9.888, 11.508, 14.82, 17.649, 19.683, 21.753, 24.636, 28.752, 31.382, 34.302, 37.917, 41.787, 45.396, 48.56, 51.984, 53.83, 55.102, 55.954, 57.111, 57.735, 58.94, 58.732, 59.593, 61.879, 63.253, 63.241, 64.3, 68.605, 72.663, 74.754, 75.305, 75.33, 75.596, 75.803, 76.04, 75.635, 73.957, 71.14, 68.291, 66.867, 65.516, 63.497, 62.825, 63.184, 63.594, 64.16, 64.553, 64.88, 65.41, 65.966, 65.902, 66.273, 66.665, 66.669, 66.282, 66.759, 68.115, 67.707, 67.231, 67.34, 67.702, 67.341, 67.893, 68.51, 68.02, 67.85, 67.113, 67.634, 68.888, 69.243, 69.619, 69.012, 68.501, 67.858, 67.573, 67.858], [25.298, 24.731, 20.84, 14.777, 9.561, 6.529, 5.045, 3.388, 0.0, 4.898, 8.141, 10.243, 13.714, 16.855, 19.165, 21.384, 24.49, 28.546, 31.031, 33.861, 37.501, 41.541, 45.267, 48.448, 51.855, 53.71, 55.028, 55.952, 57.173, 57.845, 59.093, 58.999, 59.949, 62.268, 63.659, 63.684, 64.765, 69.036, 73.068, 75.146, 75.691, 75.731, 76.02, 76.23, 76.463, 76.042, 74.32, 71.444, 68.549, 67.11, 65.756, 63.73, 63.071, 63.477, 63.901, 64.458, 64.832, 65.142, 65.672, 66.244, 66.185, 66.551, 66.952, 66.96, 66.557, 66.994, 68.332, 67.929, 67.438, 67.511, 67.871, 67.486, 68.006, 68.62, 68.13, 67.964, 67.221, 67.726, 68.964, 69.363, 69.801, 69.251, 68.715, 67.985, 67.69, 68.017], [26.678, 26.02, 22.073, 16.096, 11.537, 9.314, 8.363, 7.476, 4.898, 0.0, 4.435, 7.934, 12.405, 16.428, 19.226, 21.7, 24.938, 28.95, 31.448, 34.106, 37.397, 41.502, 45.523, 48.973, 52.49, 54.351, 55.719, 56.731, 58.012, 58.72, 59.996, 59.903, 60.893, 63.283, 64.713, 64.8, 65.903, 70.142, 74.128, 76.19, 76.737, 76.776, 77.08, 77.321, 77.587, 77.172, 75.395, 72.465, 69.529, 68.039, 66.622, 64.568, 63.924, 64.37, 64.824, 65.378, 65.696, 65.954, 66.47, 67.058, 67.01, 67.361, 67.77, 67.775, 67.404, 67.852, 69.165, 68.749, 68.213, 68.201, 68.552, 68.129, 68.575, 69.174, 68.668, 68.531, 67.814, 68.307, 69.533, 69.972, 70.504, 69.982, 69.338, 68.535, 68.307, 68.758], [27.421, 26.774, 23.071, 17.493, 13.146, 11.08, 10.369, 9.888, 8.141, 4.435, 0.0, 5.175, 11.834, 16.817, 19.889, 22.439, 25.695, 29.901, 32.541, 35.226, 38.267, 42.238, 46.427, 50.096, 53.735, 55.564, 56.908, 57.935, 59.242, 59.931, 61.15, 60.758, 61.559, 64.022, 65.513, 65.613, 66.693, 70.891, 74.811, 76.87, 77.429, 77.471, 77.768, 78.016, 78.325, 77.976, 76.226, 73.286, 70.336, 68.82, 67.353, 65.276, 64.652, 65.122, 65.632, 66.209, 66.472, 66.66, 67.162, 67.78, 67.745, 68.07, 68.463, 68.466, 68.156, 68.737, 70.079, 69.634, 69.058, 69.007, 69.357, 68.947, 69.385, 69.973, 69.457, 69.33, 68.655, 69.179, 70.366, 70.747, 71.299, 70.772, 70.043, 69.275, 69.117, 69.644], [29.083, 28.549, 25.155, 19.991, 15.473, 12.777, 11.842, 11.508, 10.243, 7.934, 5.175, 0.0, 8.377, 14.691, 18.365, 21.271, 24.611, 29.075, 31.962, 34.934, 38.375, 42.455, 46.636, 50.296, 54.032, 55.875, 57.166, 58.193, 59.601, 60.316, 61.52, 60.994, 61.559, 63.994, 65.524, 65.608, 66.661, 70.917, 74.965, 77.105, 77.702, 77.762, 78.041, 78.246, 78.539, 78.234, 76.516, 73.537, 70.54, 69.017, 67.565, 65.48, 64.86, 65.379, 65.91, 66.521, 66.807, 66.976, 67.49, 68.141, 68.117, 68.417, 68.793, 68.794, 68.451, 69.069, 70.514, 70.075, 69.494, 69.462, 69.827, 69.407, 69.816, 70.418, 69.9, 69.768, 69.127, 69.672, 70.859, 71.215, 71.791, 71.39, 70.797, 70.087, 69.853, 70.35], [32.303, 31.843, 28.576, 23.707, 19.481, 16.516, 15.218, 14.82, 13.714, 12.405, 11.834, 8.377, 0.0, 8.224, 13.578, 17.311, 21.011, 25.516, 28.688, 32.177, 36.574, 41.154, 45.144, 48.591, 52.32, 54.208, 55.521, 56.663, 58.217, 59.031, 60.299, 60.075, 60.673, 62.981, 64.501, 64.612, 65.7, 70.051, 74.368, 76.636, 77.273, 77.34, 77.585, 77.72, 77.942, 77.629, 75.962, 72.942, 69.843, 68.277, 66.849, 64.733, 64.051, 64.627, 65.117, 65.727, 66.152, 66.363, 66.901, 67.571, 67.554, 67.844, 68.24, 68.243, 67.79, 68.222, 69.73, 69.325, 68.754, 68.722, 69.095, 68.623, 68.948, 69.585, 69.061, 68.946, 68.33, 68.875, 70.126, 70.542, 71.241, 71.163, 70.86, 70.095, 69.663, 70.073], [33.636, 33.324, 30.282, 25.77, 22.054, 19.456, 18.151, 17.649, 16.855, 16.428, 16.817, 14.691, 8.224, 0.0, 7.172, 12.319, 16.652, 21.591, 25.192, 29.196, 34.037, 38.571, 42.177, 45.433, 49.063, 50.892, 52.195, 53.387, 54.986, 55.85, 57.164, 57.308, 58.175, 60.415, 61.897, 62.01, 63.094, 67.509, 72.047, 74.402, 75.063, 75.103, 75.292, 75.367, 75.533, 75.241, 73.771, 71.015, 68.03, 66.436, 64.953, 62.786, 62.025, 62.521, 62.971, 63.654, 64.316, 64.635, 65.185, 65.858, 65.838, 66.107, 66.495, 66.501, 65.954, 66.162, 67.601, 67.181, 66.622, 66.597, 66.989, 66.525, 66.881, 67.558, 67.049, 66.994, 66.42, 67.0, 68.272, 68.637, 69.376, 69.603, 69.579, 68.803, 68.261, 68.579], [32.986, 32.857, 30.095, 26.306, 23.391, 21.333, 20.193, 19.683, 19.165, 19.226, 19.889, 18.365, 13.578, 7.172, 0.0, 6.89, 12.337, 17.652, 21.754, 26.334, 31.047, 34.936, 38.124, 41.347, 45.017, 46.815, 48.034, 49.132, 50.753, 51.598, 52.713, 52.835, 53.846, 56.078, 57.497, 57.603, 58.643, 63.039, 67.653, 70.031, 70.708, 70.742, 70.904, 70.967, 71.134, 70.88, 69.543, 67.094, 64.447, 62.995, 61.495, 59.31, 58.497, 58.848, 59.327, 60.206, 61.072, 61.472, 62.012, 62.675, 62.646, 62.881, 63.227, 63.255, 62.723, 62.97, 64.434, 63.994, 63.475, 63.481, 63.901, 63.577, 64.157, 64.865, 64.358, 64.321, 63.775, 64.445, 65.653, 65.812, 66.405, 66.682, 66.806, 66.162, 65.679, 65.941], [32.513, 32.452, 29.898, 26.881, 24.747, 23.145, 22.211, 21.753, 21.384, 21.7, 22.439, 21.271, 17.311, 12.319, 6.89, 0.0, 7.464, 13.688, 18.383, 23.571, 28.195, 31.752, 34.602, 37.816, 41.561, 43.386, 44.585, 45.672, 47.343, 48.183, 49.052, 48.834, 49.807, 52.05, 53.444, 53.546, 54.635, 58.972, 63.532, 65.886, 66.555, 66.598, 66.773, 66.865, 67.042, 66.814, 65.556, 63.202, 60.817, 59.718, 58.434, 56.351, 55.475, 55.71, 56.275, 57.268, 58.276, 58.757, 59.295, 59.934, 59.873, 60.053, 60.36, 60.42, 59.953, 60.386, 61.959, 61.561, 61.128, 61.179, 61.568, 61.411, 62.285, 63.018, 62.508, 62.427, 61.903, 62.689, 63.815, 63.771, 64.13, 64.234, 64.305, 63.806, 63.443, 63.695], [34.785, 34.819, 32.488, 29.702, 27.585, 25.968, 25.01, 24.636, 24.49, 24.938, 25.695, 24.611, 21.011, 16.652, 12.337, 7.464, 0.0, 7.977, 14.588, 20.453, 25.159, 28.665, 31.406, 34.712, 38.677, 40.59, 41.826, 42.937, 44.637, 45.484, 46.495, 46.338, 47.238, 49.334, 50.665, 50.749, 51.898, 56.4, 61.127, 63.538, 64.223, 64.263, 64.412, 64.505, 64.653, 64.425, 63.234, 60.854, 58.471, 57.621, 56.678, 54.83, 53.966, 54.106, 54.688, 55.695, 56.794, 57.382, 57.889, 58.46, 58.365, 58.49, 58.774, 58.817, 58.237, 58.709, 60.377, 60.049, 59.697, 59.819, 60.186, 60.006, 60.953, 61.714, 61.205, 61.096, 60.622, 61.545, 62.8, 62.723, 62.903, 62.895, 62.997, 62.587, 62.254, 62.521], [37.82, 37.883, 35.61, 33.087, 31.508, 30.267, 29.255, 28.752, 28.546, 28.95, 29.901, 29.075, 25.516, 21.591, 17.652, 13.688, 7.977, 0.0, 8.779, 16.109, 21.66, 25.598, 28.409, 31.542, 35.438, 37.403, 38.795, 40.202, 42.139, 43.088, 44.275, 44.672, 45.731, 47.489, 48.624, 48.734, 49.974, 54.502, 59.292, 61.673, 62.352, 62.423, 62.547, 62.607, 62.696, 62.352, 61.051, 58.514, 55.936, 55.054, 54.307, 52.76, 52.091, 52.295, 52.818, 53.707, 54.724, 55.329, 55.777, 56.29, 56.206, 56.308, 56.609, 56.647, 55.855, 56.147, 57.865, 57.617, 57.335, 57.502, 57.868, 57.623, 58.578, 59.376, 58.884, 58.731, 58.272, 59.336, 60.685, 60.597, 60.722, 60.869, 61.101, 60.593, 60.203, 60.47], [39.949, 40.025, 37.883, 35.308, 33.888, 33.061, 32.11, 31.382, 31.031, 31.448, 32.541, 31.962, 28.688, 25.192, 21.754, 18.383, 14.588, 8.779, 0.0, 9.381, 17.876, 23.386, 26.597, 29.398, 32.934, 34.859, 36.695, 38.876, 41.162, 42.207, 43.59, 44.684, 46.043, 47.5, 48.526, 48.665, 49.91, 54.38, 59.19, 61.51, 62.149, 62.267, 62.383, 62.397, 62.45, 61.917, 60.279, 57.392, 54.534, 53.552, 52.924, 51.553, 51.238, 51.899, 52.423, 53.083, 53.874, 54.367, 54.738, 55.253, 55.19, 55.297, 55.654, 55.704, 54.821, 54.821, 56.439, 56.292, 56.052, 56.219, 56.633, 56.49, 57.497, 58.283, 57.865, 57.674, 57.279, 58.408, 59.62, 59.577, 59.997, 60.522, 60.699, 59.912, 59.428, 59.688], [42.372, 42.428, 40.49, 37.949, 36.497, 35.86, 35.044, 34.302, 33.861, 34.106, 35.226, 34.934, 32.177, 29.196, 26.334, 23.571, 20.453, 16.109, 9.381, 0.0, 11.601, 19.614, 23.949, 26.788, 30.008, 31.975, 34.256, 37.025, 39.539, 40.794, 42.573, 44.481, 46.263, 47.572, 48.646, 48.862, 50.086, 54.643, 59.62, 61.953, 62.56, 62.696, 62.879, 62.994, 63.064, 62.426, 60.566, 57.515, 54.656, 53.902, 53.652, 52.397, 52.14, 53.374, 54.101, 54.572, 55.235, 55.688, 55.983, 56.448, 56.361, 56.505, 56.931, 56.983, 56.13, 55.922, 57.425, 57.371, 57.128, 57.269, 57.696, 57.632, 58.606, 59.317, 58.956, 58.755, 58.464, 59.625, 60.747, 60.872, 61.564, 62.109, 61.928, 60.917, 60.459, 60.82], [44.082, 44.166, 42.549, 40.608, 39.619, 39.187, 38.505, 37.917, 37.501, 37.397, 38.267, 38.375, 36.574, 34.037, 31.047, 28.195, 25.159, 21.66, 17.876, 11.601, 0.0, 10.57, 18.123, 22.884, 26.491, 28.43, 30.685, 33.373, 35.776, 37.111, 39.209, 41.548, 43.812, 45.181, 46.238, 46.577, 47.787, 52.482, 57.604, 59.92, 60.544, 60.687, 60.952, 61.298, 61.522, 61.015, 59.319, 56.622, 54.254, 53.851, 53.79, 52.792, 52.489, 53.742, 54.958, 55.727, 56.326, 56.714, 56.954, 57.35, 57.247, 57.355, 57.769, 57.82, 56.996, 56.78, 58.214, 58.188, 57.995, 58.063, 58.449, 58.341, 59.277, 60.006, 59.653, 59.491, 59.197, 60.358, 61.483, 61.556, 62.109, 62.364, 61.953, 60.988, 60.775, 61.298], [46.116, 46.378, 45.121, 43.819, 43.236, 42.9, 42.267, 41.787, 41.541, 41.502, 42.238, 42.455, 41.154, 38.571, 34.936, 31.752, 28.665, 25.598, 23.386, 19.614, 10.57, 0.0, 10.584, 18.115, 22.923, 24.881, 26.751, 28.973, 31.084, 32.193, 34.523, 37.375, 40.214, 41.748, 42.605, 42.98, 44.071, 48.944, 54.346, 56.694, 57.395, 57.494, 57.747, 58.228, 58.603, 58.415, 57.159, 54.978, 53.154, 52.909, 52.701, 51.856, 51.593, 52.399, 53.851, 55.364, 56.37, 56.824, 57.039, 57.369, 57.244, 57.271, 57.603, 57.652, 56.755, 56.437, 57.77, 57.681, 57.611, 57.673, 58.103, 57.976, 58.89, 59.716, 59.369, 59.327, 59.131, 60.419, 61.6, 61.436, 61.613, 61.831, 61.875, 61.343, 61.344, 61.815], [48.405, 48.775, 47.792, 46.989, 46.698, 46.413, 45.822, 45.396, 45.267, 45.523, 46.427, 46.636, 45.144, 42.177, 38.124, 34.602, 31.406, 28.409, 26.597, 23.949, 18.123, 10.584, 0.0, 9.815, 16.398, 18.825, 20.522, 22.579, 24.782, 25.861, 28.448, 32.482, 36.424, 38.217, 39.002, 39.382, 40.387, 45.363, 51.098, 53.532, 54.27, 54.275, 54.561, 55.155, 55.521, 55.593, 54.947, 53.247, 51.779, 51.724, 51.57, 50.756, 50.345, 50.753, 52.11, 54.197, 56.193, 57.144, 57.428, 57.679, 57.506, 57.486, 57.74, 57.81, 56.879, 56.417, 57.633, 57.511, 57.561, 57.675, 58.116, 58.107, 59.169, 60.06, 59.752, 59.805, 59.822, 61.328, 62.567, 62.252, 61.974, 62.148, 62.621, 62.438, 62.505, 62.809], [50.547, 50.901, 50.084, 49.613, 49.623, 49.526, 49.014, 48.56, 48.448, 48.973, 50.096, 50.296, 48.591, 45.433, 41.347, 37.816, 34.712, 31.542, 29.398, 26.788, 22.884, 18.115, 9.815, 0.0, 7.914, 11.425, 13.617, 16.268, 19.251, 20.8, 23.431, 29.0, 34.116, 35.955, 36.809, 37.208, 38.181, 43.052, 48.851, 51.243, 51.93, 51.898, 52.228, 52.874, 53.113, 53.09, 52.755, 51.423, 50.172, 50.342, 50.566, 49.973, 49.5, 49.991, 51.282, 53.25, 55.759, 57.334, 57.816, 58.048, 57.843, 57.809, 58.035, 58.153, 57.286, 56.817, 58.021, 57.981, 58.099, 58.28, 58.669, 58.893, 60.224, 61.116, 60.886, 60.897, 60.998, 62.527, 63.656, 63.325, 62.848, 62.893, 63.352, 63.235, 63.251, 63.382], [52.681, 53.019, 52.427, 52.335, 52.723, 52.896, 52.483, 51.984, 51.855, 52.49, 53.735, 54.032, 52.32, 49.063, 45.017, 41.561, 38.677, 35.438, 32.934, 30.008, 26.491, 22.923, 16.398, 7.914, 0.0, 4.943, 8.651, 12.731, 16.449, 18.523, 21.014, 27.787, 33.72, 35.363, 36.167, 36.599, 37.458, 41.922, 47.512, 49.743, 50.343, 50.31, 50.673, 51.362, 51.501, 51.28, 51.024, 49.948, 48.878, 49.237, 49.811, 49.518, 49.119, 49.844, 51.148, 52.775, 55.215, 57.076, 57.735, 57.979, 57.778, 57.727, 57.942, 58.1, 57.303, 56.77, 57.889, 57.969, 58.155, 58.352, 58.688, 59.15, 60.728, 61.584, 61.413, 61.37, 61.496, 62.98, 63.917, 63.589, 63.093, 63.028, 63.323, 63.206, 63.235, 63.3], [53.545, 53.924, 53.566, 53.783, 54.386, 54.696, 54.333, 53.83, 53.71, 54.351, 55.564, 55.875, 54.208, 50.892, 46.815, 43.386, 40.59, 37.403, 34.859, 31.975, 28.43, 24.881, 18.825, 11.425, 4.943, 0.0, 5.204, 10.995, 15.345, 17.613, 20.053, 27.186, 33.425, 35.009, 35.724, 36.149, 36.854, 41.038, 46.507, 48.655, 49.218, 49.179, 49.559, 50.272, 50.383, 50.169, 50.064, 49.103, 48.056, 48.427, 49.037, 48.863, 48.575, 49.341, 50.669, 52.228, 54.571, 56.436, 57.156, 57.453, 57.294, 57.209, 57.388, 57.561, 56.788, 56.19, 57.201, 57.309, 57.538, 57.731, 58.039, 58.59, 60.296, 61.145, 60.988, 60.946, 61.119, 62.655, 63.521, 63.109, 62.514, 62.38, 62.657, 62.619, 62.736, 62.819], [54.087, 54.506, 54.299, 54.8, 55.552, 55.878, 55.551, 55.102, 55.028, 55.719, 56.908, 57.166, 55.521, 52.195, 48.034, 44.585, 41.826, 38.795, 36.695, 34.256, 30.685, 26.751, 20.522, 13.617, 8.651, 5.204, 0.0, 7.162, 12.781, 15.572, 18.063, 25.514, 31.957, 33.56, 34.213, 34.609, 35.231, 39.393, 44.945, 47.103, 47.675, 47.624, 48.031, 48.787, 48.884, 48.779, 48.973, 48.24, 47.321, 47.778, 48.447, 48.382, 48.118, 48.769, 50.146, 51.849, 54.275, 56.195, 56.954, 57.262, 57.146, 57.05, 57.16, 57.336, 56.573, 56.007, 57.045, 57.135, 57.402, 57.633, 57.912, 58.461, 60.2, 61.091, 60.943, 60.903, 61.082, 62.645, 63.499, 62.937, 62.121, 61.916, 62.335, 62.444, 62.568, 62.582], [54.768, 55.192, 54.968, 55.578, 56.385, 56.644, 56.329, 55.954, 55.952, 56.731, 57.935, 58.193, 56.663, 53.387, 49.132, 45.672, 42.937, 40.202, 38.876, 37.025, 33.373, 28.973, 22.579, 16.268, 12.731, 10.995, 7.162, 0.0, 7.077, 11.063, 14.199, 22.524, 29.317, 31.07, 31.744, 32.119, 32.817, 37.386, 43.246, 45.507, 46.123, 46.037, 46.477, 47.33, 47.446, 47.38, 47.836, 47.501, 46.904, 47.531, 48.308, 48.325, 47.954, 48.37, 49.744, 51.622, 54.254, 56.379, 57.217, 57.493, 57.368, 57.373, 57.462, 57.629, 56.881, 56.443, 57.649, 57.689, 57.977, 58.287, 58.546, 58.992, 60.606, 61.541, 61.389, 61.336, 61.409, 62.864, 63.858, 63.296, 62.224, 61.809, 62.396, 62.608, 62.653, 62.589], [56.124, 56.546, 56.244, 56.768, 57.523, 57.738, 57.441, 57.111, 57.173, 58.012, 59.242, 59.601, 58.217, 54.986, 50.753, 47.343, 44.637, 42.139, 41.162, 39.539, 35.776, 31.084, 24.782, 19.251, 16.449, 15.345, 12.781, 7.077, 0.0, 5.374, 10.572, 20.174, 27.324, 29.181, 29.857, 30.267, 31.073, 36.007, 42.136, 44.491, 45.134, 45.002, 45.403, 46.283, 46.436, 46.391, 46.999, 46.907, 46.503, 47.219, 48.051, 48.129, 47.734, 48.057, 49.485, 51.483, 54.234, 56.48, 57.363, 57.625, 57.46, 57.527, 57.67, 57.84, 57.101, 56.71, 57.935, 57.967, 58.292, 58.643, 58.903, 59.295, 60.821, 61.776, 61.616, 61.568, 61.603, 62.974, 64.05, 63.539, 62.349, 61.805, 62.44, 62.648, 62.661, 62.581], [56.842, 57.293, 56.974, 57.448, 58.136, 58.317, 58.037, 57.735, 57.845, 58.72, 59.931, 60.316, 59.031, 55.85, 51.598, 48.183, 45.484, 43.088, 42.207, 40.794, 37.111, 32.193, 25.861, 20.8, 18.523, 17.613, 15.572, 11.063, 5.374, 0.0, 7.887, 18.47, 25.789, 27.779, 28.489, 28.941, 29.681, 34.707, 40.987, 43.384, 44.045, 43.899, 44.258, 45.112, 45.3, 45.323, 46.094, 46.2, 45.971, 46.761, 47.543, 47.594, 47.208, 47.482, 48.992, 51.128, 53.954, 56.204, 57.083, 57.352, 57.188, 57.244, 57.39, 57.636, 56.987, 56.648, 57.832, 57.851, 58.184, 58.527, 58.825, 59.308, 60.867, 61.808, 61.643, 61.603, 61.661, 63.035, 64.094, 63.56, 62.331, 61.711, 62.308, 62.544, 62.61, 62.519], [57.054, 57.552, 57.385, 58.179, 59.106, 59.414, 59.202, 58.94, 59.093, 59.996, 61.15, 61.52, 60.299, 57.164, 52.713, 49.052, 46.495, 44.275, 43.59, 42.573, 39.209, 34.523, 28.448, 23.431, 21.014, 20.053, 18.063, 14.199, 10.572, 7.887, 0.0, 12.627, 21.126, 23.265, 24.063, 24.642, 25.206, 29.785, 35.969, 38.358, 38.992, 38.843, 39.301, 40.299, 40.569, 40.542, 41.547, 42.284, 42.802, 44.057, 45.026, 45.142, 44.672, 44.916, 46.577, 48.789, 51.689, 53.966, 54.857, 55.156, 54.996, 55.043, 55.12, 55.495, 55.402, 55.607, 56.897, 56.938, 57.261, 57.548, 57.875, 58.934, 60.965, 61.803, 61.599, 61.509, 61.561, 62.847, 63.554, 62.768, 61.478, 60.595, 60.885, 61.306, 61.528, 61.398], [55.37, 55.976, 56.102, 57.427, 58.543, 58.908, 58.846, 58.732, 58.999, 59.903, 60.758, 60.994, 60.075, 57.308, 52.835, 48.834, 46.338, 44.672, 44.684, 44.481, 41.548, 37.375, 32.482, 29.0, 27.787, 27.186, 25.514, 22.524, 20.174, 18.47, 12.627, 0.0, 9.895, 13.722, 15.51, 16.203, 16.797, 21.032, 26.819, 29.445, 30.144, 30.006, 30.632, 31.868, 32.378, 32.77, 34.598, 36.119, 37.488, 39.532, 40.916, 41.179, 40.552, 40.681, 42.846, 45.206, 48.008, 50.147, 50.95, 51.312, 51.138, 51.029, 50.972, 51.395, 52.05, 53.946, 55.82, 55.88, 56.18, 56.468, 56.8, 58.576, 61.429, 62.2, 61.873, 61.622, 61.639, 62.849, 62.951, 61.424, 59.753, 58.244, 57.786, 58.475, 59.027, 58.954], [56.341, 56.986, 57.113, 58.445, 59.404, 59.642, 59.616, 59.593, 59.949, 60.893, 61.559, 61.559, 60.673, 58.175, 53.846, 49.807, 47.238, 45.731, 46.043, 46.263, 43.812, 40.214, 36.424, 34.116, 33.72, 33.425, 31.957, 29.317, 27.324, 25.789, 21.126, 9.895, 0.0, 6.544, 9.923, 10.707, 11.633, 16.296, 22.212, 25.235, 26.104, 26.04, 26.592, 27.743, 28.331, 29.114, 31.504, 33.302, 35.055, 37.637, 39.459, 39.929, 39.323, 39.599, 42.099, 44.44, 46.943, 48.801, 49.469, 49.855, 49.677, 49.467, 49.334, 49.741, 50.644, 53.613, 56.128, 56.237, 56.514, 56.861, 57.237, 59.294, 62.471, 63.246, 62.856, 62.487, 62.493, 63.692, 63.508, 61.543, 59.696, 57.995, 57.238, 58.044, 58.639, 58.538], [59.011, 59.644, 59.734, 60.923, 61.789, 62.002, 61.927, 61.879, 62.268, 63.283, 64.022, 63.994, 62.981, 60.415, 56.078, 52.05, 49.334, 47.489, 47.5, 47.572, 45.181, 41.748, 38.217, 35.955, 35.363, 35.009, 33.56, 31.07, 29.181, 27.779, 23.265, 13.722, 6.544, 0.0, 4.43, 5.812, 7.28, 13.013, 19.946, 23.149, 24.068, 24.06, 24.485, 25.59, 26.11, 26.856, 29.434, 31.482, 33.641, 36.647, 38.867, 39.669, 39.257, 39.737, 42.322, 44.546, 46.852, 48.575, 49.145, 49.479, 49.313, 49.092, 48.952, 49.349, 50.224, 53.18, 55.815, 56.096, 56.496, 56.901, 57.283, 59.45, 62.733, 63.513, 63.136, 62.75, 62.819, 64.098, 63.863, 61.805, 59.973, 58.432, 57.774, 58.604, 59.134, 58.976], [60.234, 60.895, 61.015, 62.24, 63.155, 63.404, 63.315, 63.253, 63.659, 64.713, 65.513, 65.524, 64.501, 61.897, 57.497, 53.444, 50.665, 48.624, 48.526, 48.646, 46.238, 42.605, 39.002, 36.809, 36.167, 35.724, 34.213, 31.744, 29.857, 28.489, 24.063, 15.51, 9.923, 4.43, 0.0, 2.471, 4.846, 11.252, 18.701, 21.921, 22.876, 22.836, 23.147, 24.253, 24.787, 25.603, 28.364, 30.68, 33.16, 36.316, 38.6, 39.604, 39.372, 39.796, 42.371, 44.598, 46.769, 48.376, 48.878, 49.162, 49.008, 48.77, 48.604, 49.0, 49.808, 52.637, 55.232, 55.605, 56.179, 56.661, 57.031, 59.223, 62.566, 63.362, 62.988, 62.622, 62.733, 64.07, 63.826, 61.681, 59.764, 58.264, 57.719, 58.637, 59.218, 59.046], [60.106, 60.81, 60.979, 62.23, 63.123, 63.363, 63.287, 63.241, 63.684, 64.8, 65.613, 65.608, 64.612, 62.01, 57.603, 53.546, 50.749, 48.734, 48.665, 48.862, 46.577, 42.98, 39.382, 37.208, 36.599, 36.149, 34.609, 32.119, 30.267, 28.941, 24.642, 16.203, 10.707, 5.812, 2.471, 0.0, 3.967, 10.943, 18.443, 21.685, 22.656, 22.59, 22.821, 23.859, 24.358, 25.248, 28.159, 30.555, 33.063, 36.227, 38.53, 39.589, 39.395, 39.747, 42.264, 44.444, 46.59, 48.176, 48.67, 48.954, 48.814, 48.564, 48.369, 48.761, 49.524, 52.318, 54.902, 55.297, 55.946, 56.523, 56.88, 59.058, 62.459, 63.259, 62.897, 62.526, 62.658, 64.032, 63.767, 61.544, 59.541, 58.037, 57.528, 58.51, 59.11, 58.915], [60.721, 61.46, 61.851, 63.302, 64.193, 64.392, 64.327, 64.3, 64.765, 65.903, 66.693, 66.661, 65.7, 63.094, 58.643, 54.635, 51.898, 49.974, 49.91, 50.086, 47.787, 44.071, 40.387, 38.181, 37.458, 36.854, 35.231, 32.817, 31.073, 29.681, 25.206, 16.797, 11.633, 7.28, 4.846, 3.967, 0.0, 8.413, 16.789, 20.246, 21.268, 21.208, 21.474, 22.588, 23.146, 24.195, 27.433, 30.187, 33.019, 36.312, 38.64, 39.711, 39.495, 39.835, 42.439, 44.719, 46.877, 48.427, 48.909, 49.178, 49.033, 48.766, 48.531, 48.967, 49.848, 52.64, 55.13, 55.54, 56.211, 56.798, 57.218, 59.559, 63.037, 63.779, 63.421, 63.052, 63.202, 64.536, 64.208, 61.971, 59.983, 58.44, 57.845, 58.844, 59.459, 59.252], [63.445, 64.205, 64.905, 66.903, 68.206, 68.613, 68.631, 68.605, 69.036, 70.142, 70.891, 70.917, 70.051, 67.509, 63.039, 58.972, 56.4, 54.502, 54.38, 54.643, 52.482, 48.944, 45.363, 43.052, 41.922, 41.038, 39.393, 37.386, 36.007, 34.707, 29.785, 21.032, 16.296, 13.013, 11.252, 10.943, 8.413, 0.0, 9.251, 13.162, 14.294, 14.343, 14.699, 16.024, 16.778, 18.556, 23.377, 27.513, 31.536, 35.531, 38.266, 39.616, 39.388, 39.761, 42.621, 44.926, 46.997, 48.411, 48.793, 49.015, 48.862, 48.466, 48.09, 48.628, 49.995, 53.291, 55.697, 56.163, 56.918, 57.469, 57.901, 60.87, 64.854, 65.479, 65.097, 64.659, 64.831, 66.148, 65.453, 62.904, 60.826, 59.052, 57.968, 58.977, 59.77, 59.603], [65.913, 66.679, 67.573, 70.024, 71.811, 72.544, 72.68, 72.663, 73.068, 74.128, 74.811, 74.965, 74.368, 72.047, 67.653, 63.532, 61.127, 59.292, 59.19, 59.62, 57.604, 54.346, 51.098, 48.851, 47.512, 46.507, 44.945, 43.246, 42.136, 40.987, 35.969, 26.819, 22.212, 19.946, 18.701, 18.443, 16.789, 9.251, 0.0, 4.62, 6.066, 6.463, 7.478, 9.604, 10.885, 13.903, 20.689, 26.178, 31.198, 35.743, 38.755, 40.306, 40.027, 40.305, 43.333, 45.539, 47.435, 48.732, 48.996, 49.179, 49.036, 48.523, 48.013, 48.617, 50.492, 54.598, 57.053, 57.531, 58.319, 58.862, 59.226, 62.666, 67.189, 67.739, 67.317, 66.781, 66.924, 68.255, 67.23, 64.323, 62.038, 59.827, 58.112, 59.162, 60.238, 60.174], [67.422, 68.18, 69.111, 71.674, 73.669, 74.586, 74.781, 74.754, 75.146, 76.19, 76.87, 77.105, 76.636, 74.402, 70.031, 65.886, 63.538, 61.673, 61.51, 61.953, 59.92, 56.694, 53.532, 51.243, 49.743, 48.655, 47.103, 45.507, 44.491, 43.384, 38.358, 29.445, 25.235, 23.149, 21.921, 21.685, 20.246, 13.162, 4.62, 0.0, 2.091, 3.185, 5.038, 7.902, 9.431, 12.786, 20.249, 26.256, 31.649, 36.354, 39.41, 41.046, 40.787, 41.006, 44.065, 46.222, 48.048, 49.336, 49.59, 49.759, 49.626, 49.085, 48.536, 49.172, 51.177, 55.429, 57.857, 58.369, 59.196, 59.743, 60.076, 63.607, 68.285, 68.837, 68.417, 67.871, 68.023, 69.371, 68.265, 65.291, 62.917, 60.552, 58.694, 59.791, 60.963, 60.91], [67.769, 68.525, 69.47, 72.059, 74.115, 75.105, 75.332, 75.305, 75.691, 76.737, 77.429, 77.702, 77.273, 75.063, 70.708, 66.555, 64.223, 62.352, 62.149, 62.56, 60.544, 57.395, 54.27, 51.93, 50.343, 49.218, 47.675, 46.123, 45.134, 44.045, 38.992, 30.144, 26.104, 24.068, 22.876, 22.656, 21.268, 14.294, 6.066, 2.091, 0.0, 2.042, 4.52, 7.613, 9.104, 12.383, 20.086, 26.272, 31.751, 36.509, 39.593, 41.244, 40.988, 41.19, 44.218, 46.302, 48.094, 49.394, 49.648, 49.807, 49.664, 49.112, 48.552, 49.199, 51.264, 55.551, 57.952, 58.498, 59.343, 59.893, 60.22, 63.805, 68.544, 69.09, 68.678, 68.124, 68.282, 69.639, 68.499, 65.523, 63.114, 60.649, 58.693, 59.792, 60.997, 60.951], [67.79, 68.547, 69.49, 72.075, 74.129, 75.116, 75.345, 75.33, 75.731, 76.776, 77.471, 77.762, 77.34, 75.103, 70.742, 66.598, 64.263, 62.423, 62.267, 62.696, 60.687, 57.494, 54.275, 51.898, 50.31, 49.179, 47.624, 46.037, 45.002, 43.899, 38.843, 30.006, 26.04, 24.06, 22.836, 22.59, 21.208, 14.343, 6.463, 3.185, 2.042, 0.0, 3.434, 7.096, 8.66, 12.144, 20.119, 26.417, 31.891, 36.57, 39.562, 41.171, 40.887, 41.003, 43.989, 46.094, 47.975, 49.342, 49.622, 49.783, 49.634, 49.084, 48.528, 49.169, 51.235, 55.524, 57.926, 58.475, 59.345, 59.903, 60.226, 63.795, 68.53, 69.082, 68.672, 68.159, 68.362, 69.753, 68.65, 65.701, 63.259, 60.757, 58.854, 60.02, 61.253, 61.207], [68.207, 68.97, 69.879, 72.403, 74.415, 75.386, 75.61, 75.596, 76.02, 77.08, 77.768, 78.041, 77.585, 75.292, 70.904, 66.773, 64.412, 62.547, 62.383, 62.879, 60.952, 57.747, 54.561, 52.228, 50.673, 49.559, 48.031, 46.477, 45.403, 44.258, 39.301, 30.632, 26.592, 24.485, 23.147, 22.821, 21.474, 14.699, 7.478, 5.038, 4.52, 3.434, 0.0, 4.206, 6.294, 10.605, 19.189, 25.718, 31.236, 35.85, 38.856, 40.595, 40.434, 40.587, 43.601, 45.702, 47.54, 48.879, 49.155, 49.319, 49.17, 48.571, 47.987, 48.627, 50.653, 54.886, 57.275, 57.846, 58.761, 59.344, 59.677, 63.265, 68.017, 68.593, 68.198, 67.732, 68.106, 69.649, 68.537, 65.531, 63.097, 60.73, 58.985, 60.222, 61.429, 61.334], [68.568, 69.336, 70.205, 72.66, 74.633, 75.597, 75.823, 75.803, 76.23, 77.321, 78.016, 78.246, 77.72, 75.367, 70.967, 66.865, 64.505, 62.607, 62.397, 62.994, 61.298, 58.228, 55.155, 52.874, 51.362, 50.272, 48.787, 47.33, 46.283, 45.112, 40.299, 31.868, 27.743, 25.59, 24.253, 23.859, 22.588, 16.024, 9.604, 7.902, 7.613, 7.096, 4.206, 0.0, 3.175, 9.098, 18.222, 24.768, 30.193, 34.697, 37.731, 39.611, 39.599, 39.857, 42.933, 45.019, 46.752, 47.993, 48.25, 48.427, 48.286, 47.63, 46.999, 47.656, 49.668, 53.885, 56.276, 56.869, 57.821, 58.436, 58.775, 62.433, 67.283, 67.888, 67.515, 67.054, 67.601, 69.386, 68.285, 65.191, 62.8, 60.633, 59.01, 60.233, 61.356, 61.195], [68.89, 69.649, 70.502, 72.928, 74.885, 75.845, 76.068, 76.04, 76.463, 77.587, 78.325, 78.539, 77.942, 75.533, 71.134, 67.042, 64.653, 62.696, 62.45, 63.064, 61.522, 58.603, 55.521, 53.113, 51.501, 50.383, 48.884, 47.446, 46.436, 45.3, 40.569, 32.378, 28.331, 26.11, 24.787, 24.358, 23.146, 16.778, 10.885, 9.431, 9.104, 8.66, 6.294, 3.175, 0.0, 7.679, 17.648, 24.295, 29.584, 34.027, 37.123, 39.056, 39.027, 39.316, 42.374, 44.391, 46.16, 47.507, 47.84, 48.015, 47.882, 47.254, 46.617, 47.273, 49.237, 53.393, 55.789, 56.396, 57.374, 58.028, 58.353, 62.006, 66.859, 67.469, 67.116, 66.629, 67.188, 69.062, 68.093, 65.077, 62.647, 60.497, 58.958, 60.189, 61.263, 61.086], [68.493, 69.227, 70.051, 72.453, 74.452, 75.452, 75.675, 75.635, 76.042, 77.172, 77.976, 78.234, 77.629, 75.241, 70.88, 66.814, 64.425, 62.352, 61.917, 62.426, 61.015, 58.415, 55.593, 53.09, 51.28, 50.169, 48.779, 47.38, 46.391, 45.323, 40.542, 32.77, 29.114, 26.856, 25.603, 25.248, 24.195, 18.556, 13.903, 12.786, 12.383, 12.144, 10.605, 9.098, 7.679, 0.0, 11.269, 19.587, 25.785, 30.523, 33.965, 36.115, 36.09, 36.625, 39.726, 41.517, 43.131, 44.756, 45.346, 45.524, 45.353, 44.858, 44.292, 44.928, 46.898, 50.986, 53.479, 54.075, 54.982, 55.632, 55.938, 59.721, 64.511, 65.055, 64.727, 64.178, 64.657, 66.318, 65.319, 62.867, 61.111, 59.057, 57.441, 58.554, 59.419, 59.16], [67.159, 67.86, 68.587, 70.83, 72.806, 73.839, 74.036, 73.957, 74.32, 75.395, 76.226, 76.516, 75.962, 73.771, 69.543, 65.556, 63.234, 61.051, 60.279, 60.566, 59.319, 57.159, 54.947, 52.755, 51.024, 50.064, 48.973, 47.836, 46.999, 46.094, 41.547, 34.598, 31.504, 29.434, 28.364, 28.159, 27.433, 23.377, 20.689, 20.249, 20.086, 20.119, 19.189, 18.222, 17.648, 11.269, 0.0, 10.621, 18.79, 24.27, 28.266, 30.687, 30.808, 31.968, 35.312, 36.99, 38.16, 39.835, 40.692, 40.921, 40.718, 40.409, 40.05, 40.61, 42.48, 46.49, 49.212, 49.744, 50.472, 51.073, 51.364, 55.265, 60.056, 60.601, 60.278, 59.672, 60.064, 61.445, 60.17, 58.378, 58.222, 57.074, 55.515, 56.203, 56.603, 56.231], [64.975, 65.64, 66.249, 68.258, 70.114, 71.126, 71.277, 71.14, 71.444, 72.465, 73.286, 73.537, 72.942, 71.015, 67.094, 63.202, 60.854, 58.514, 57.392, 57.515, 56.622, 54.978, 53.247, 51.423, 49.948, 49.103, 48.24, 47.501, 46.907, 46.2, 42.284, 36.119, 33.302, 31.482, 30.68, 30.555, 30.187, 27.513, 26.178, 26.256, 26.272, 26.417, 25.718, 24.768, 24.295, 19.587, 10.621, 0.0, 9.625, 16.554, 21.658, 24.506, 25.006, 27.056, 30.769, 32.501, 33.334, 34.811, 35.824, 36.156, 35.979, 35.758, 35.612, 36.088, 37.635, 41.511, 44.474, 44.995, 45.658, 46.257, 46.545, 50.3, 55.156, 55.88, 55.547, 54.942, 55.389, 56.924, 55.588, 53.871, 54.638, 54.788, 53.799, 54.136, 54.133, 53.763], [62.676, 63.299, 63.803, 65.61, 67.374, 68.371, 68.474, 68.291, 68.549, 69.529, 70.336, 70.54, 69.843, 68.03, 64.447, 60.817, 58.471, 55.936, 54.534, 54.656, 54.254, 53.154, 51.779, 50.172, 48.878, 48.056, 47.321, 46.904, 46.503, 45.971, 42.802, 37.488, 35.055, 33.641, 33.16, 33.063, 33.019, 31.536, 31.198, 31.649, 31.751, 31.891, 31.236, 30.193, 29.584, 25.785, 18.79, 9.625, 0.0, 8.319, 15.013, 18.723, 19.956, 22.984, 26.809, 28.237, 28.789, 30.303, 31.508, 31.925, 31.841, 31.671, 31.627, 32.02, 33.146, 36.763, 39.871, 40.331, 40.918, 41.531, 41.832, 45.349, 50.114, 51.011, 50.704, 50.103, 50.764, 52.753, 51.663, 49.899, 50.77, 51.754, 51.562, 51.86, 51.587, 51.237], [61.53, 62.134, 62.557, 64.231, 65.996, 67.002, 67.071, 66.867, 67.11, 68.039, 68.82, 69.017, 68.277, 66.436, 62.995, 59.718, 57.621, 55.054, 53.552, 53.902, 53.851, 52.909, 51.724, 50.342, 49.237, 48.427, 47.778, 47.531, 47.219, 46.761, 44.057, 39.532, 37.637, 36.647, 36.316, 36.227, 36.312, 35.531, 35.743, 36.354, 36.509, 36.57, 35.85, 34.697, 34.027, 30.523, 24.27, 16.554, 8.319, 0.0, 7.919, 13.076, 15.469, 19.082, 22.81, 23.957, 24.3, 26.103, 27.629, 28.119, 28.134, 28.058, 28.112, 28.43, 29.233, 32.518, 35.699, 36.027, 36.513, 37.105, 37.441, 40.872, 45.563, 46.572, 46.317, 45.76, 46.665, 49.102, 48.273, 46.609, 47.616, 49.17, 49.767, 50.268, 49.875, 49.51], [60.256, 60.869, 61.24, 62.852, 64.657, 65.68, 65.723, 65.516, 65.756, 66.622, 67.353, 67.565, 66.849, 64.953, 61.495, 58.434, 56.678, 54.307, 52.924, 53.652, 53.79, 52.701, 51.57, 50.566, 49.811, 49.037, 48.447, 48.308, 48.051, 47.543, 45.026, 40.916, 39.459, 38.867, 38.6, 38.53, 38.64, 38.266, 38.755, 39.41, 39.593, 39.562, 38.856, 37.731, 37.123, 33.965, 28.266, 21.658, 15.013, 7.919, 0.0, 6.698, 10.583, 14.222, 17.973, 19.476, 20.025, 21.996, 23.802, 24.485, 24.595, 24.643, 24.847, 25.148, 25.888, 29.056, 32.311, 32.526, 32.967, 33.484, 33.9, 37.286, 41.97, 43.089, 42.815, 42.405, 43.456, 46.207, 45.643, 44.094, 45.282, 47.146, 48.172, 48.883, 48.727, 48.563], [58.411, 59.007, 59.335, 60.89, 62.676, 63.682, 63.703, 63.497, 63.73, 64.568, 65.276, 65.48, 64.733, 62.786, 59.31, 56.351, 54.83, 52.76, 51.553, 52.397, 52.792, 51.856, 50.756, 49.973, 49.518, 48.863, 48.382, 48.325, 48.129, 47.594, 45.142, 41.179, 39.929, 39.669, 39.604, 39.589, 39.711, 39.616, 40.306, 41.046, 41.244, 41.171, 40.595, 39.611, 39.056, 36.115, 30.687, 24.506, 18.723, 13.076, 6.698, 0.0, 5.31, 10.351, 14.439, 16.521, 17.854, 19.968, 21.933, 22.833, 22.945, 23.27, 23.698, 24.031, 24.979, 28.251, 31.537, 31.564, 31.827, 32.273, 32.793, 36.05, 40.527, 41.647, 41.274, 40.967, 41.953, 44.65, 44.327, 43.136, 44.707, 46.558, 47.421, 48.015, 48.035, 48.162], [57.716, 58.292, 58.627, 60.248, 62.05, 63.003, 63.008, 62.825, 63.071, 63.924, 64.652, 64.86, 64.051, 62.025, 58.497, 55.475, 53.966, 52.091, 51.238, 52.14, 52.489, 51.593, 50.345, 49.5, 49.119, 48.575, 48.118, 47.954, 47.734, 47.208, 44.672, 40.552, 39.323, 39.257, 39.372, 39.395, 39.495, 39.388, 40.027, 40.787, 40.988, 40.887, 40.434, 39.599, 39.027, 36.09, 30.808, 25.006, 19.956, 15.469, 10.583, 5.31, 0.0, 7.449, 12.461, 15.165, 17.633, 20.245, 22.327, 23.184, 23.221, 23.766, 24.288, 24.624, 25.717, 29.193, 32.469, 32.314, 32.421, 32.842, 33.356, 36.523, 40.873, 41.953, 41.517, 41.194, 42.014, 44.582, 44.498, 43.651, 45.331, 46.902, 47.536, 48.041, 48.077, 48.274], [57.798, 58.429, 58.821, 60.539, 62.4, 63.331, 63.332, 63.184, 63.477, 64.37, 65.122, 65.379, 64.627, 62.521, 58.848, 55.71, 54.106, 52.295, 51.899, 53.374, 53.742, 52.399, 50.753, 49.991, 49.844, 49.341, 48.769, 48.37, 48.057, 47.482, 44.916, 40.681, 39.599, 39.737, 39.796, 39.747, 39.835, 39.761, 40.305, 41.006, 41.19, 41.003, 40.587, 39.857, 39.316, 36.625, 31.968, 27.056, 22.984, 19.082, 14.222, 10.351, 7.449, 0.0, 6.893, 12.216, 16.485, 19.812, 21.949, 22.713, 22.727, 23.249, 23.638, 23.853, 24.673, 28.209, 31.379, 31.132, 31.334, 31.827, 32.31, 35.356, 39.899, 41.078, 40.593, 40.332, 40.99, 43.585, 43.797, 42.892, 44.051, 45.404, 46.414, 47.216, 47.513, 47.781], [58.316, 58.94, 59.306, 60.977, 62.828, 63.755, 63.747, 63.594, 63.901, 64.824, 65.632, 65.91, 65.117, 62.971, 59.327, 56.275, 54.688, 52.818, 52.423, 54.101, 54.958, 53.851, 52.11, 51.282, 51.148, 50.669, 50.146, 49.744, 49.485, 48.992, 46.577, 42.846, 42.099, 42.322, 42.371, 42.264, 42.439, 42.621, 43.333, 44.065, 44.218, 43.989, 43.601, 42.933, 42.374, 39.726, 35.312, 30.769, 26.809, 22.81, 17.973, 14.439, 12.461, 6.893, 0.0, 7.555, 13.867, 17.999, 20.177, 20.899, 20.982, 21.687, 22.145, 22.25, 22.732, 25.844, 28.989, 28.667, 28.824, 29.419, 29.869, 32.808, 37.433, 38.584, 38.089, 37.851, 38.521, 41.341, 41.786, 41.006, 41.942, 43.322, 44.81, 45.953, 46.463, 46.93], [58.799, 59.374, 59.749, 61.43, 63.323, 64.318, 64.333, 64.16, 64.458, 65.378, 66.209, 66.521, 65.727, 63.654, 60.206, 57.268, 55.695, 53.707, 53.083, 54.572, 55.727, 55.364, 54.197, 53.25, 52.775, 52.228, 51.849, 51.622, 51.483, 51.128, 48.789, 45.206, 44.44, 44.546, 44.598, 44.444, 44.719, 44.926, 45.539, 46.222, 46.302, 46.094, 45.702, 45.019, 44.391, 41.517, 36.99, 32.501, 28.237, 23.957, 19.476, 16.521, 15.165, 12.216, 7.555, 0.0, 8.307, 13.989, 16.553, 17.247, 17.458, 18.396, 19.008, 19.132, 19.813, 23.298, 26.751, 26.587, 26.689, 27.409, 27.693, 30.863, 35.768, 36.723, 36.277, 35.842, 36.619, 39.706, 40.053, 39.338, 40.261, 41.32, 42.568, 43.913, 44.578, 45.238], [59.075, 59.636, 60.02, 61.69, 63.62, 64.709, 64.752, 64.553, 64.832, 65.696, 66.472, 66.807, 66.152, 64.316, 61.072, 58.276, 56.794, 54.724, 53.874, 55.235, 56.326, 56.37, 56.193, 55.759, 55.215, 54.571, 54.275, 54.254, 54.234, 53.954, 51.689, 48.008, 46.943, 46.852, 46.769, 46.59, 46.877, 46.997, 47.435, 48.048, 48.094, 47.975, 47.54, 46.752, 46.16, 43.131, 38.16, 33.334, 28.789, 24.3, 20.025, 17.854, 17.633, 16.485, 13.867, 8.307, 0.0, 7.476, 11.263, 12.319, 12.933, 14.17, 14.972, 15.122, 16.226, 20.686, 24.61, 24.646, 24.83, 25.618, 25.882, 29.401, 34.567, 35.401, 34.956, 34.294, 35.091, 38.288, 38.264, 37.379, 38.676, 39.67, 40.415, 41.692, 42.443, 43.219], [59.538, 60.108, 60.447, 62.045, 63.943, 65.05, 65.093, 64.88, 65.142, 65.954, 66.66, 66.976, 66.363, 64.635, 61.472, 58.757, 57.382, 55.329, 54.367, 55.688, 56.714, 56.824, 57.144, 57.334, 57.076, 56.436, 56.195, 56.379, 56.48, 56.204, 53.966, 50.147, 48.801, 48.575, 48.376, 48.176, 48.427, 48.411, 48.732, 49.336, 49.394, 49.342, 48.879, 47.993, 47.507, 44.756, 39.835, 34.811, 30.303, 26.103, 21.996, 19.968, 20.245, 19.812, 17.999, 13.989, 7.476, 0.0, 5.149, 7.62, 9.181, 10.644, 11.651, 11.888, 13.555, 18.767, 22.943, 23.178, 23.525, 24.308, 24.794, 28.703, 34.186, 34.932, 34.437, 33.791, 34.858, 38.475, 38.068, 36.604, 38.09, 39.41, 39.866, 41.082, 42.051, 42.992], [60.089, 60.661, 60.985, 62.565, 64.454, 65.573, 65.622, 65.41, 65.672, 66.47, 67.162, 67.49, 66.901, 65.185, 62.012, 59.295, 57.889, 55.777, 54.738, 55.983, 56.954, 57.039, 57.428, 57.816, 57.735, 57.156, 56.954, 57.217, 57.363, 57.083, 54.857, 50.95, 49.469, 49.145, 48.878, 48.67, 48.909, 48.793, 48.996, 49.59, 49.648, 49.622, 49.155, 48.25, 47.84, 45.346, 40.692, 35.824, 31.508, 27.629, 23.802, 21.933, 22.327, 21.949, 20.177, 16.553, 11.263, 5.149, 0.0, 4.016, 6.71, 8.321, 9.412, 9.742, 12.014, 17.924, 22.281, 22.704, 23.116, 23.902, 24.563, 28.681, 34.314, 34.952, 34.397, 33.772, 35.095, 39.104, 38.553, 36.566, 37.788, 39.059, 39.358, 40.652, 41.857, 42.951], [60.5, 61.068, 61.413, 63.039, 64.968, 66.108, 66.168, 65.966, 66.244, 67.058, 67.78, 68.141, 67.571, 65.858, 62.675, 59.934, 58.46, 56.29, 55.253, 56.448, 57.35, 57.369, 57.679, 58.048, 57.979, 57.453, 