[[0.0, 7.034, 12.015, 17.566, 22.282, 22.662, 23.335, 27.341, 31.715, 34.899, 35.961, 36.17, 38.809, 38.321, 39.027, 42.876, 45.28, 45.434, 45.483, 46.007, 46.687, 47.248, 48.723, 50.064, 50.943, 52.233, 53.592, 53.48, 52.895, 53.25, 54.055, 55.044, 55.607, 55.474, 55.58, 56.108, 56.207, 56.965, 57.655, 57.834, 57.662, 58.194, 59.342, 60.462, 60.911, 61.896, 62.884, 62.491, 63.315, 64.258, 64.943, 64.296, 63.368, 63.228, 63.594, 63.465, 63.335, 63.757, 64.171, 64.725, 64.712, 64.463, 65.381, 65.504, 65.622, 65.912, 66.041, 65.297, 65.33, 64.941, 64.114, 64.239, 64.032, 63.254, 62.058, 60.775, 59.455, 57.837, 56.645, 56.484, 56.984, 57.288, 57.051, 57.939, 57.987, 57.707], [7.034, 0.0, 6.725, 13.825, 18.953, 19.471, 20.572, 25.13, 29.671, 32.96, 34.136, 34.631, 37.618, 37.418, 38.479, 42.142, 44.359, 44.49, 44.608, 45.14, 45.873, 46.4, 47.846, 48.941, 49.733, 50.902, 52.123, 51.978, 51.296, 51.616, 52.427, 53.421, 53.973, 53.899, 54.231, 54.972, 55.215, 56.11, 56.958, 57.217, 56.96, 57.246, 58.196, 59.239, 59.649, 60.556, 61.618, 61.287, 62.044, 63.032, 63.739, 63.054, 62.131, 62.024, 62.393, 62.287, 62.151, 62.561, 62.984, 63.562, 63.638, 63.607, 64.773, 65.012, 65.134, 65.386, 65.355, 64.54, 64.587, 64.159, 63.293, 63.422, 63.205, 62.415, 61.255, 60.06, 58.863, 57.396, 56.283, 56.092, 56.442, 56.538, 56.108, 56.841, 56.823, 56.583], [12.015, 6.725, 0.0, 8.546, 14.69, 15.698, 17.185, 22.127, 26.748, 30.126, 31.483, 32.56, 36.136, 36.145, 37.431, 41.112, 43.316, 43.416, 43.554, 44.134, 44.874, 45.309, 46.689, 47.908, 48.849, 49.965, 51.15, 50.846, 49.978, 50.235, 50.988, 51.903, 52.371, 52.139, 52.377, 53.282, 54.005, 55.425, 56.583, 56.914, 56.588, 56.636, 57.334, 58.256, 58.56, 59.296, 60.381, 60.076, 60.864, 61.961, 62.688, 61.904, 60.954, 60.89, 61.304, 61.326, 61.268, 61.652, 62.041, 62.583, 62.716, 63.16, 64.946, 65.448, 65.602, 65.865, 65.744, 64.739, 64.65, 64.178, 63.281, 63.414, 63.205, 62.417, 61.285, 60.208, 59.204, 57.787, 56.515, 56.168, 56.407, 56.599, 56.289, 56.955, 56.868, 56.638], [17.566, 13.825, 8.546, 0.0, 7.309, 9.431, 11.702, 17.381, 22.214, 25.832, 27.323, 29.196, 33.404, 33.505, 35.405, 39.48, 41.83, 41.835, 41.858, 42.426, 43.126, 43.488, 44.831, 46.517, 47.89, 49.016, 50.182, 49.729, 48.688, 48.898, 49.575, 50.416, 50.818, 50.4, 50.485, 51.486, 52.69, 54.71, 56.178, 56.528, 56.154, 56.08, 56.639, 57.538, 57.783, 58.27, 59.288, 58.957, 59.708, 60.866, 61.63, 60.894, 60.06, 60.007, 60.39, 60.536, 60.626, 61.044, 61.423, 61.949, 62.125, 63.051, 65.544, 66.387, 66.606, 66.905, 66.803, 65.757, 65.585, 65.097, 64.217, 64.354, 64.173, 63.408, 62.307, 61.307, 60.397, 58.894, 57.268, 56.62, 56.682, 56.966, 56.878, 57.55, 57.426, 57.115], [22.282, 18.953, 14.69, 7.309, 0.0, 4.073, 8.419, 14.968, 19.725, 23.347, 24.726, 26.943, 31.477, 31.844, 34.515, 38.91, 41.334, 41.289, 41.307, 41.848, 42.517, 42.887, 44.149, 46.072, 47.745, 48.819, 49.888, 49.375, 48.308, 48.543, 49.185, 50.002, 50.356, 49.804, 49.742, 50.647, 51.901, 54.113, 55.761, 56.149, 55.723, 55.547, 56.043, 56.96, 57.219, 57.547, 58.535, 58.242, 58.926, 60.106, 60.901, 60.272, 59.595, 59.543, 59.854, 60.052, 60.259, 60.73, 61.153, 61.73, 61.966, 63.172, 66.075, 67.154, 67.424, 67.742, 67.608, 66.566, 66.418, 65.936, 65.077, 65.219, 65.042, 64.296, 63.248, 62.297, 61.391, 59.844, 58.056, 57.218, 57.054, 57.146, 57.017, 57.619, 57.471, 57.09], [22.662, 19.471, 15.698, 9.431, 4.073, 0.0, 6.108, 13.523, 18.426, 22.213, 23.709, 25.955, 30.552, 30.855, 33.58, 38.088, 40.577, 40.58, 40.637, 41.183, 41.858, 42.253, 43.544, 45.434, 47.064, 48.105, 49.199, 48.721, 47.722, 48.059, 48.769, 49.633, 49.992, 49.417, 49.308, 50.172, 51.36, 53.532, 55.215, 55.672, 55.298, 55.213, 55.855, 56.888, 57.209, 57.55, 58.501, 58.222, 58.911, 60.07, 60.857, 60.227, 59.537, 59.449, 59.728, 59.915, 60.145, 60.644, 61.11, 61.745, 61.976, 63.107, 65.981, 67.085, 67.358, 67.685, 67.588, 66.585, 66.47, 66.009, 65.162, 65.303, 65.125, 64.398, 63.354, 62.349, 61.329, 59.697, 57.899, 57.098, 56.936, 56.959, 56.803, 57.395, 57.26, 56.901], [23.335, 20.572, 17.185, 11.702, 8.419, 6.108, 0.0, 8.731, 15.202, 19.979, 21.613, 24.306, 29.209, 29.476, 32.544, 37.355, 40.091, 40.128, 40.134, 40.669, 41.363, 41.728, 42.958, 44.898, 46.592, 47.604, 48.726, 48.295, 47.356, 47.812, 48.607, 49.537, 49.977, 49.48, 49.42, 50.361, 51.68, 53.939, 55.628, 56.113, 55.943, 56.127, 56.988, 58.141, 58.527, 58.957, 59.957, 59.581, 60.195, 61.342, 62.077, 61.452, 60.889, 60.937, 61.26, 61.467, 61.718, 62.225, 62.683, 63.29, 63.388, 64.317, 67.073, 68.146, 68.405, 68.751, 68.736, 67.689, 67.49, 67.053, 66.291, 66.461, 66.296, 65.572, 64.47, 63.368, 62.23, 60.537, 58.758, 57.892, 57.721, 58.077, 58.381, 59.212, 59.149, 58.726], [27.341, 25.13, 22.127, 17.381, 14.968, 13.523, 8.731, 0.0, 8.91, 16.029, 18.096, 22.44, 28.234, 28.377, 31.934, 36.869, 39.636, 39.625, 39.541, 40.05, 40.833, 41.191, 42.096, 43.959, 45.95, 47.065, 48.089, 47.607, 46.713, 47.295, 48.209, 49.265, 49.789, 49.303, 49.269, 50.309, 51.871, 54.337, 56.059, 56.534, 56.482, 56.867, 57.834, 59.0, 59.425, 59.806, 60.807, 60.415, 60.872, 61.998, 62.75, 62.231, 61.844, 62.01, 62.313, 62.536, 62.864, 63.429, 63.881, 64.388, 64.353, 65.332, 68.23, 69.4, 69.675, 70.041, 70.066, 68.908, 68.554, 68.114, 67.442, 67.664, 67.525, 66.808, 65.626, 64.428, 63.215, 61.494, 59.736, 58.792, 58.456, 59.093, 60.015, 61.107, 61.056, 60.486], [31.715, 29.671, 26.748, 22.214, 19.725, 18.426, 15.202, 8.91, 0.0, 8.689, 12.015, 19.73, 27.136, 27.52, 31.074, 35.351, 37.887, 37.845, 37.556, 37.953, 38.773, 39.253, 40.187, 41.747, 43.535, 44.636, 45.616, 45.069, 44.257, 44.949, 45.878, 46.94, 47.452, 46.96, 46.996, 48.105, 49.83, 52.551, 54.459, 54.997, 54.943, 55.342, 56.341, 57.482, 57.856, 58.074, 59.054, 58.71, 59.128, 60.254, 60.98, 60.384, 59.962, 60.147, 60.465, 60.803, 61.214, 61.789, 62.299, 62.825, 62.79, 63.939, 67.096, 68.434, 68.733, 69.12, 69.078, 67.704, 67.185, 66.726, 66.085, 66.359, 66.236, 65.514, 64.236, 62.908, 61.634, 59.923, 58.23, 57.309, 56.869, 57.646, 58.913, 60.062, 59.966, 59.451], [34.899, 32.96, 30.126, 25.832, 23.347, 22.213, 19.979, 16.029, 8.689, 0.0, 5.946, 17.798, 26.539, 27.328, 30.238, 33.564, 35.94, 35.922, 35.469, 35.763, 36.547, 37.186, 38.421, 39.93, 41.401, 42.381, 43.43, 42.923, 42.287, 43.03, 43.835, 44.797, 45.263, 44.807, 44.997, 46.243, 48.116, 51.081, 53.202, 53.801, 53.753, 54.156, 55.217, 56.411, 56.706, 56.833, 57.828, 57.478, 58.017, 59.175, 59.833, 59.075, 58.544, 58.723, 59.102, 59.563, 59.998, 60.543, 61.121, 61.713, 61.709, 62.832, 65.996, 67.378, 67.672, 68.075, 67.978, 66.444, 65.834, 65.368, 64.724, 65.016, 64.876, 64.12, 62.762, 61.331, 60.032, 58.391, 56.767, 55.839, 55.391, 56.25, 57.607, 58.711, 58.571, 58.212], [35.961, 34.136, 31.483, 27.323, 24.726, 23.709, 21.613, 18.096, 12.015, 5.946, 0.0, 14.158, 23.918, 25.352, 29.009, 32.763, 35.287, 35.303, 35.009, 35.259, 35.932, 36.632, 37.932, 39.57, 41.041, 41.999, 43.112, 42.613, 42.043, 42.859, 43.584, 44.514, 45.015, 44.549, 44.695, 45.935, 47.772, 50.632, 52.633, 53.212, 53.224, 53.708, 54.838, 56.105, 56.519, 56.875, 57.98, 57.549, 58.023, 59.185, 59.848, 59.144, 58.656, 58.87, 59.296, 59.767, 60.203, 60.773, 61.38, 61.968, 61.941, 63.031, 66.164, 67.512, 67.798, 68.2, 68.145, 66.71, 66.18, 65.726, 65.083, 65.38, 65.257, 64.5, 63.146, 61.694, 60.312, 58.594, 56.95, 56.008, 55.579, 56.465, 57.803, 58.848, 58.705, 58.321], [36.17, 34.631, 32.56, 29.196, 26.943, 25.955, 24.306, 22.44, 19.73, 17.798, 14.158, 0.0, 11.279, 15.221, 22.165, 28.473, 31.627, 31.994, 32.447, 32.518, 32.522, 33.049, 34.796, 37.149, 38.776, 39.893, 41.599, 41.126, 40.316, 41.23, 41.927, 42.784, 43.34, 42.825, 42.676, 43.675, 45.346, 47.911, 49.562, 50.144, 50.34, 51.194, 52.756, 54.308, 55.031, 56.948, 59.095, 58.548, 59.179, 60.392, 61.004, 60.269, 59.662, 59.94, 60.63, 61.144, 61.533, 62.065, 62.608, 63.203, 63.083, 63.928, 67.003, 68.225, 68.428, 68.821, 68.936, 67.875, 67.626, 67.275, 66.653, 67.002, 66.969, 66.25, 65.009, 63.545, 61.846, 59.627, 57.715, 56.959, 56.804, 57.581, 58.469, 59.266, 59.157, 58.835], [38.809, 37.618, 36.136, 33.404, 31.477, 30.552, 29.209, 28.234, 27.136, 26.539, 23.918, 11.279, 0.0, 8.203, 18.965, 26.743, 30.091, 30.604, 31.491, 31.456, 30.977, 31.157, 33.024, 35.998, 38.247, 39.588, 41.621, 41.217, 40.091, 40.973, 41.759, 42.593, 43.146, 42.653, 42.388, 43.183, 44.747, 47.144, 48.529, 49.014, 49.342, 50.611, 52.632, 54.413, 55.221, 58.133, 61.146, 60.611, 61.356, 62.59, 63.202, 62.589, 61.993, 62.244, 62.961, 63.441, 63.828, 64.345, 64.821, 65.452, 65.303, 65.921, 68.863, 70.008, 70.154, 70.552, 70.843, 70.126, 70.094, 69.829, 69.274, 69.631, 69.621, 68.922, 67.742, 66.265, 64.408, 61.95, 59.843, 59.163, 59.107, 59.746, 60.356, 61.057, 60.975, 60.638], [38.321, 37.418, 36.145, 33.505, 31.844, 30.855, 29.476, 28.377, 27.52, 27.328, 25.352, 15.221, 8.203, 0.0, 13.386, 22.467, 26.094, 26.638, 27.673, 27.799, 27.3, 27.247, 29.072, 32.778, 36.15, 38.084, 40.171, 39.85, 38.9, 39.89, 40.895, 41.943, 42.566, 42.099, 41.967, 42.908, 44.543, 47.046, 48.509, 48.968, 49.314, 50.79, 53.036, 54.975, 55.832, 58.706, 61.588, 61.095, 61.915, 63.108, 63.823, 63.234, 62.466, 62.521, 63.091, 63.446, 63.807, 64.365, 64.763, 65.353, 65.262, 65.794, 68.552, 69.604, 69.721, 70.133, 70.551, 69.903, 69.867, 69.631, 69.092, 69.459, 69.461, 68.75, 67.512, 66.003, 64.157, 61.637, 59.398, 58.675, 58.615, 59.261, 59.891, 60.654, 60.536, 60.264], [39.027, 38.479, 37.431, 35.405, 34.515, 33.58, 32.544, 31.934, 31.074, 30.238, 29.009, 22.165, 18.965, 13.386, 0.0, 11.365, 16.158, 17.024, 18.734, 19.433, 19.149, 19.578, 21.659, 26.239, 31.17, 33.911, 36.153, 36.027, 35.73, 36.851, 37.961, 39.178, 39.878, 39.45, 39.583, 40.887, 42.737, 45.596, 47.455, 48.053, 48.375, 50.007, 52.474, 54.622, 55.478, 58.329, 60.951, 60.471, 61.931, 63.184, 63.937, 63.242, 62.163, 61.93, 62.31, 62.503, 62.743, 63.342, 63.762, 64.329, 64.336, 64.632, 66.992, 67.846, 67.915, 68.332, 68.802, 68.052, 67.923, 67.723, 67.172, 67.543, 67.507, 66.732, 65.448, 63.881, 62.054, 59.573, 57.297, 56.563, 56.64, 57.331, 57.902, 58.636, 58.466, 58.478], [42.876, 42.142, 41.112, 39.48, 38.91, 38.088, 37.355, 36.869, 35.351, 33.564, 32.763, 28.473, 26.743, 22.467, 11.365, 0.0, 6.151, 8.194, 11.09, 12.435, 12.798, 14.559, 16.891, 20.854, 26.918, 30.202, 32.204, 32.306, 32.672, 33.965, 35.098, 36.333, 37.002, 36.788, 37.451, 39.064, 41.016, 44.074, 46.193, 46.876, 47.171, 48.883, 51.509, 53.734, 54.475, 57.048, 59.541, 59.122, 60.926, 62.254, 63.003, 62.358, 61.296, 60.943, 61.129, 61.217, 61.388, 62.012, 62.562, 63.251, 63.377, 63.492, 65.485, 66.225, 66.254, 66.628, 67.077, 66.404, 66.325, 66.133, 65.609, 65.99, 65.889, 65.052, 63.72, 62.107, 60.339, 58.059, 55.948, 55.281, 55.277, 55.785, 56.29, 57.017, 56.814, 56.846], [45.28, 44.359, 43.316, 41.83, 41.334, 40.577, 40.091, 39.636, 37.887, 35.94, 35.287, 31.627, 30.091, 26.094, 16.158, 6.151, 0.0, 4.343, 8.668, 10.309, 11.047, 13.34, 15.272, 18.54, 25.361, 28.976, 30.639, 30.776, 31.4, 32.724, 33.891, 35.161, 35.782, 35.618, 36.496, 38.195, 40.113, 43.152, 45.268, 45.946, 46.184, 47.907, 50.643, 52.954, 53.715, 56.189, 58.608, 58.301, 60.2, 61.542, 62.39, 61.87, 60.792, 60.308, 60.359, 60.369, 60.53, 61.22, 61.87, 62.658, 62.928, 63.073, 64.959, 65.682, 65.702, 66.05, 66.515, 66.003, 66.032, 65.846, 65.327, 65.72, 65.594, 64.747, 63.43, 61.839, 60.067, 57.779, 55.645, 55.029, 54.941, 55.208, 55.489, 56.074, 55.817, 55.8], [45.434, 44.49, 43.416, 41.835, 41.289, 40.58, 40.128, 39.625, 37.845, 35.922, 35.303, 31.994, 30.604, 26.638, 17.024, 8.194, 4.343, 0.0, 5.326, 7.616, 9.084, 11.781, 13.426, 16.562, 23.812, 27.568, 29.152, 29.226, 29.876, 31.164, 32.316, 33.629, 34.251, 34.052, 34.999, 36.787, 38.83, 42.041, 44.224, 44.89, 45.15, 46.923, 49.737, 52.153, 52.942, 55.326, 57.728, 57.451, 59.334, 60.661, 61.608, 61.27, 60.228, 59.644, 59.623, 59.62, 59.815, 60.586, 61.328, 62.199, 62.577, 62.85, 64.814, 65.566, 65.599, 65.96, 66.446, 65.93, 65.944, 65.749, 65.215, 65.587, 65.422, 64.558, 63.228, 61.593, 59.751, 57.446, 55.273, 54.629, 54.551, 54.827, 55.054, 55.522, 55.23, 55.217], [45.483, 44.608, 43.554, 41.858, 41.307, 40.637, 40.134, 39.541, 37.556, 35.469, 35.009, 32.447, 31.491, 27.673, 18.734, 11.09, 8.668, 5.326, 0.0, 3.484, 6.641, 10.201, 12.127, 14.923, 22.029, 25.871, 27.488, 27.566, 28.34, 29.6, 30.709, 32.04, 32.712, 32.67, 33.841, 35.727, 37.865, 41.256, 43.528, 44.166, 44.437, 46.25, 49.079, 51.498, 52.264, 54.511, 56.873, 56.665, 58.562, 59.844, 60.805, 60.581, 59.693, 59.134, 59.109, 59.139, 59.353, 60.132, 60.916, 61.838, 62.247, 62.539, 64.49, 65.237, 65.274, 65.656, 66.161, 65.609, 65.573, 65.366, 64.835, 65.195, 64.978, 64.075, 62.699, 60.983, 59.067, 56.804, 54.666, 53.973, 53.889, 54.243, 54.605, 55.127, 54.835, 54.771], [46.007, 45.14, 44.134, 42.426, 41.848, 41.183, 40.669, 40.05, 37.953, 35.763, 35.259, 32.518, 31.456, 27.799, 19.433, 12.435, 10.309, 7.616, 3.484, 0.0, 4.428, 9.005, 11.628, 14.221, 21.058, 24.951, 26.688, 26.789, 27.627, 28.928, 30.003, 31.349, 32.111, 32.242, 33.56, 35.46, 37.58, 40.937, 43.152, 43.755, 44.045, 45.902, 48.763, 51.206, 52.005, 54.351, 56.78, 56.58, 58.461, 59.722, 60.67, 60.454, 59.631, 59.152, 59.18, 59.234, 59.452, 60.215, 60.994, 61.939, 62.347, 62.624, 64.564, 65.294, 65.322, 65.721, 66.26, 65.761, 65.753, 65.553, 65.033, 65.404, 65.181, 64.255, 62.849, 61.077, 59.088, 56.774, 54.646, 53.984, 53.905, 54.284, 54.674, 55.19, 54.9, 54.815], [46.687, 45.873, 44.874, 43.126, 42.517, 41.858, 41.363, 40.833, 38.773, 36.547, 35.932, 32.522, 30.977, 27.3, 19.149, 12.798, 11.047, 9.084, 6.641, 4.428, 0.0, 6.192, 10.819, 14.451, 20.996, 24.868, 26.844, 26.912, 27.633, 28.901, 29.878, 31.127, 31.903, 32.117, 33.5, 35.413, 37.547, 40.891, 43.07, 43.676, 44.0, 45.921, 48.816, 51.29, 52.129, 54.716, 57.267, 57.04, 58.94, 60.194, 61.097, 60.816, 59.993, 59.61, 59.786, 59.923, 60.148, 60.854, 61.579, 62.524, 62.927, 63.212, 65.217, 65.967, 65.98, 66.384, 66.923, 66.436, 66.439, 66.258, 65.761, 66.151, 65.972, 65.066, 63.671, 61.917, 59.931, 57.558, 55.371, 54.733, 54.691, 55.025, 55.355, 55.875, 55.635, 55.587], [47.248, 46.4, 45.309, 43.488, 42.887, 42.253, 41.728, 41.191, 39.253, 37.186, 36.632, 33.049, 31.157, 27.247, 19.578, 14.559, 13.34, 11.781, 10.201, 9.005, 6.192, 0.0, 7.654, 14.706, 22.106, 26.008, 28.099, 28.032, 28.341, 29.517, 30.555, 31.764, 32.479, 32.68, 34.085, 36.061, 38.339, 41.816, 44.026, 44.655, 45.016, 46.927, 49.781, 52.231, 53.064, 55.764, 58.456, 58.193, 59.995, 61.25, 62.137, 61.854, 61.094, 60.792, 61.019, 61.216, 61.48, 62.123, 62.683, 63.47, 63.796, 64.103, 66.229, 67.058, 67.057, 67.439, 67.924, 67.357, 67.306, 67.112, 66.613, 66.972, 66.828, 65.988, 64.636, 62.949, 61.054, 58.696, 56.385, 55.653, 55.567, 55.832, 56.181, 56.767, 56.552, 56.494], [48.723, 47.846, 46.689, 44.831, 44.149, 43.544, 42.958, 42.096, 40.187, 38.421, 37.932, 34.796, 33.024, 29.072, 21.659, 16.891, 15.272, 13.426, 12.127, 11.628, 10.819, 7.654, 0.0, 11.608, 22.236, 26.57, 28.284, 28.106, 28.563, 29.907, 31.133, 32.451, 33.014, 32.807, 33.91, 35.832, 38.307, 41.952, 44.146, 44.738, 45.099, 47.054, 50.027, 52.579, 53.483, 56.121, 58.913, 58.757, 60.533, 61.866, 62.87, 62.78, 62.178, 61.849, 61.859, 61.936, 62.298, 63.119, 63.699, 64.332, 64.572, 64.89, 67.026, 67.879, 67.867, 68.232, 68.762, 68.256, 68.211, 67.998, 67.435, 67.696, 67.485, 66.65, 65.344, 63.726, 61.866, 59.496, 57.009, 56.031, 55.711, 55.927, 56.382, 56.976, 56.746, 56.592], [50.064, 48.941, 47.908, 46.517, 46.072, 45.434, 44.898, 43.959, 41.747, 39.93, 39.57, 37.149, 35.998, 32.778, 26.239, 20.854, 18.54, 16.562, 14.923, 14.221, 14.451, 14.706, 11.608, 0.0, 13.503, 19.211, 20.782, 20.806, 22.187, 24.094, 25.527, 27.092, 27.773, 27.984, 29.766, 31.818, 34.378, 38.26, 40.624, 41.255, 41.644, 43.67, 46.873, 49.597, 50.712, 53.446, 56.275, 56.302, 58.021, 59.229, 60.249, 60.244, 59.653, 59.287, 59.264, 59.308, 59.676, 60.754, 61.742, 62.626, 62.892, 62.979, 64.777, 65.518, 65.46, 65.825, 66.363, 65.843, 65.784, 65.565, 64.965, 65.237, 64.924, 63.993, 62.593, 60.774, 58.607, 56.167, 53.928, 53.09, 52.714, 53.128, 53.751, 54.241, 54.048, 54.119], [50.943, 49.733, 48.849, 47.89, 47.745, 47.064, 46.592, 45.95, 43.535, 41.401, 41.041, 38.776, 38.247, 36.15, 31.17, 26.918, 25.361, 23.812, 22.029, 21.058, 20.996, 22.106, 22.236, 13.503, 0.0, 7.892, 11.58, 12.458, 15.308, 18.072, 19.4, 20.918, 21.97, 23.337, 26.414, 29.171, 32.228, 36.355, 38.894, 39.801, 40.331, 42.303, 45.498, 48.158, 49.333, 52.149, 54.9, 55.024, 56.623, 57.558, 58.304, 58.131, 57.518, 57.282, 57.564, 57.808, 58.074, 59.17, 60.677, 62.036, 62.341, 62.119, 63.451, 63.902, 63.748, 64.124, 64.592, 63.95, 63.824, 63.55, 62.869, 63.12, 62.711, 61.698, 60.209, 58.12, 55.486, 52.934, 51.195, 50.814, 50.725, 51.44, 52.13, 52.479, 52.521, 53.072], [52.233, 50.902, 49.965, 49.016, 48.819, 48.105, 47.604, 47.065, 44.636, 42.381, 41.999, 39.893, 39.588, 38.084, 33.911, 30.202, 28.976, 27.568, 25.871, 24.951, 24.868, 26.008, 26.57, 19.211, 7.892, 0.0, 6.12, 8.133, 11.971, 15.329, 16.648, 18.101, 19.346, 21.244, 24.909, 28.214, 31.699, 35.873, 38.45, 39.501, 40.191, 42.237, 45.54, 48.268, 49.42, 52.103, 54.747, 54.85, 56.425, 57.352, 58.024, 57.815, 57.264, 57.092, 57.444, 57.789, 58.054, 59.126, 60.912, 62.652, 63.087, 62.86, 64.15, 64.528, 64.35, 64.756, 65.238, 64.615, 64.502, 64.224, 63.552, 63.825, 63.389, 62.344, 60.842, 58.709, 55.921, 53.308, 51.717, 51.437, 51.458, 52.309, 52.922, 53.144, 53.306, 53.997], [53.592, 52.123, 51.15, 50.182, 49.888, 49.199, 48.726, 48.089, 45.616, 43.43, 43.112, 41.599, 41.621, 40.171, 36.153, 32.204, 30.639, 29.152, 27.488, 26.688, 26.844, 28.099, 28.284, 20.782, 11.58, 6.12, 0.0, 4.457, 10.446, 14.148, 15.632, 17.289, 18.653, 20.733, 24.636, 27.926, 31.107, 35.019, 37.563, 38.621, 39.306, 41.297, 44.634, 47.457, 48.663, 51.095, 53.511, 53.583, 55.111, 56.043, 56.796, 56.716, 56.235, 56.003, 56.24, 56.517, 56.778, 57.92, 59.823, 61.731, 62.386, 62.279, 63.537, 63.914, 63.754, 64.16, 64.638, 64.074, 63.999, 63.728, 63.114, 63.442, 63.003, 61.959, 60.469, 58.413, 55.693, 53.129, 51.559, 51.23, 51.14, 51.93, 52.466, 52.619, 52.765, 53.383], [53.48, 51.978, 50.846, 49.729, 49.375, 48.721, 48.295, 47.607, 45.069, 42.923, 42.613, 41.126, 41.217, 39.85, 36.027, 32.306, 30.776, 29.226, 27.566, 26.789, 26.912, 28.032, 28.106, 20.806, 12.458, 8.133, 4.457, 0.0, 7.295, 11.63, 13.337, 15.158, 16.581, 18.592, 22.437, 25.664, 28.926, 33.016, 35.633, 36.67, 37.293, 39.158, 42.399, 45.231, 46.477, 48.968, 51.453, 51.536, 53.178, 54.211, 55.007, 54.938, 54.455, 54.235, 54.495, 54.819, 55.116, 56.254, 58.12, 59.993, 60.751, 61.065, 62.803, 63.394, 63.293, 63.703, 64.101, 63.48, 63.405, 63.136, 62.534, 62.903, 62.497, 61.483, 60.031, 58.069, 55.484, 52.912, 51.194, 50.797, 50.658, 51.383, 51.848, 51.957, 52.094, 52.704], [52.895, 51.296, 49.978, 48.688, 48.308, 47.722, 47.356, 46.713, 44.257, 42.287, 42.043, 40.316, 40.091, 38.9, 35.73, 32.672, 31.4, 29.876, 28.34, 27.627, 27.633, 28.341, 28.563, 22.187, 15.308, 11.971, 10.446, 7.295, 0.0, 5.53, 8.593, 11.135, 13.0, 15.618, 19.793, 23.08, 26.748, 31.254, 33.925, 34.857, 35.398, 37.186, 40.363, 43.117, 44.245, 46.866, 49.673, 49.806, 51.498, 52.648, 53.463, 53.376, 52.891, 52.74, 53.094, 53.513, 53.862, 54.922, 56.708, 58.554, 59.287, 60.006, 62.55, 63.602, 63.618, 64.049, 64.359, 63.667, 63.564, 63.295, 62.726, 63.152, 62.801, 61.845, 60.426, 58.505, 56.034, 53.475, 51.584, 51.119, 50.966, 51.602, 51.997, 52.139, 52.29, 52.843], [53.25, 51.616, 50.235, 48.898, 48.543, 48.059, 47.812, 47.295, 44.949, 43.03, 42.859, 41.23, 40.973, 39.89, 36.851, 33.965, 32.724, 31.164, 29.6, 28.928, 28.901, 29.517, 29.907, 24.094, 18.072, 15.329, 14.148, 11.63, 5.53, 0.0, 4.543, 8.087, 10.569, 13.98, 18.742, 22.207, 26.027, 30.705, 33.427, 34.296, 34.765, 36.521, 39.673, 42.366, 43.412, 46.011, 48.878, 49.07, 50.845, 52.028, 52.854, 52.777, 52.309, 52.193, 52.603, 53.061, 53.405, 54.433, 56.237, 58.135, 58.892, 59.729, 62.58, 63.899, 64.027, 64.484, 64.743, 63.981, 63.826, 63.559, 63.031, 63.499, 63.148, 62.192, 60.778, 58.828, 56.377, 53.892, 51.956, 51.422, 51.274, 51.853, 52.214, 52.38, 52.512, 53.001], [54.055, 52.427, 50.988, 49.575, 49.185, 48.769, 48.607, 48.209, 45.878, 43.835, 43.584, 41.927, 41.759, 40.895, 37.961, 35.098, 33.891, 32.316, 30.709, 30.003, 29.878, 30.555, 31.133, 25.527, 19.4, 16.648, 15.632, 13.337, 8.593, 4.543, 0.0, 4.275, 7.574, 11.864, 17.233, 20.991, 25.115, 30.091, 32.984, 33.919, 34.425, 36.191, 39.34, 42.046, 43.139, 45.762, 48.591, 48.745, 50.544, 51.736, 52.532, 52.413, 51.99, 51.964, 52.479, 53.027, 53.372, 54.38, 56.223, 58.156, 58.938, 59.834, 62.735, 64.081, 64.263, 64.747, 64.976, 64.15, 63.955, 63.691, 63.182, 63.65, 63.258, 62.253, 60.822, 58.816, 56.263, 53.736, 51.771, 51.161, 51.033, 51.667, 52.078, 52.253, 52.386, 52.868], [55.044, 53.421, 51.903, 50.416, 50.002, 49.633, 49.537, 49.265, 46.94, 44.797, 44.514, 42.784, 42.593, 41.943, 39.178, 36.333, 35.161, 33.629, 32.04, 31.349, 31.127, 31.764, 32.451, 27.092, 20.918, 18.101, 17.289, 15.158, 11.135, 8.087, 4.275, 0.0, 4.155, 9.707, 15.696, 19.662, 24.188, 29.556, 32.641, 33.651, 34.18, 35.941, 39.093, 41.779, 42.857, 45.569, 48.52, 48.698, 50.536, 51.749, 52.484, 52.284, 51.895, 51.965, 52.599, 53.269, 53.631, 54.576, 56.409, 58.338, 59.09, 60.027, 63.015, 64.373, 64.57, 65.08, 65.261, 64.356, 64.115, 63.854, 63.35, 63.807, 63.39, 62.366, 60.946, 58.931, 56.324, 53.755, 51.78, 51.136, 50.996, 51.64, 52.11, 52.312, 52.458, 52.954], [55.607, 53.973, 52.371, 50.818, 50.356, 49.992, 49.977, 49.789, 47.452, 45.263, 45.015, 43.34, 43.146, 42.566, 39.878, 37.002, 35.782, 34.251, 32.712, 32.111, 31.903, 32.479, 33.014, 27.773, 21.97, 19.346, 18.653, 16.581, 13.0, 10.569, 7.574, 4.155, 0.0, 6.555, 13.292, 17.602, 22.645, 28.442, 31.709, 32.783, 33.332, 35.118, 38.337, 41.055, 42.1, 44.842, 47.943, 48.188, 50.056, 51.305, 52.046, 51.831, 51.434, 51.484, 52.128, 52.868, 53.289, 54.238, 56.076, 58.002, 58.763, 59.805, 62.951, 64.383, 64.582, 65.102, 65.279, 64.347, 64.091, 63.83, 63.318, 63.778, 63.366, 62.357, 60.958, 58.959, 56.368, 53.774, 51.72, 51.045, 50.877, 51.479, 51.943, 52.139, 52.27, 52.763], [55.474, 53.899, 52.139, 50.4, 49.804, 49.417, 49.48, 49.303, 46.96, 44.807, 44.549, 42.825, 42.653, 42.099, 39.45, 36.788, 35.618, 34.052, 32.67, 32.242, 32.117, 32.68, 32.807, 27.984, 23.337, 21.244, 20.733, 18.592, 15.618, 13.98, 11.864, 9.707, 6.555, 0.0, 7.605, 13.138, 19.594, 26.203, 29.728, 30.949, 31.546, 33.433, 36.835, 39.694, 40.728, 43.406, 46.597, 46.87, 48.858, 50.28, 51.127, 50.963, 50.513, 50.43, 50.966, 51.719, 52.256, 53.304, 55.169, 57.093, 57.927, 59.259, 62.749, 64.322, 64.545, 65.064, 65.277, 64.401, 64.186, 63.929, 63.403, 63.865, 63.487, 62.525, 61.19, 59.271, 56.768, 54.153, 51.897, 51.13, 50.936, 51.467, 51.819, 51.91, 51.998, 52.452], [55.58, 54.231, 52.377, 50.485, 49.742, 49.308, 49.42, 49.269, 46.996, 44.997, 44.695, 42.676, 42.388, 41.967, 39.583, 37.451, 36.496, 34.999, 33.841, 33.56, 33.5, 34.085, 33.91, 29.766, 26.414, 24.909, 24.636, 22.437, 19.793, 18.742, 17.233, 15.696, 13.292, 7.605, 0.0, 7.159, 15.839, 23.511, 27.323, 28.671, 29.352, 31.346, 34.931, 37.906, 38.984, 41.688, 45.015, 45.328, 47.547, 49.216, 50.113, 49.95, 49.445, 49.301, 49.825, 50.626, 51.263, 52.335, 54.183, 56.099, 56.977, 58.647, 62.621, 64.421, 64.718, 65.24, 65.452, 64.618, 64.484, 64.296, 63.802, 64.281, 63.935, 63.03, 61.779, 59.946, 57.517, 54.882, 52.466, 51.607, 51.394, 51.874, 52.078, 52.039, 52.117, 52.558], [56.108, 54.972, 53.282, 51.486, 50.647, 50.172, 50.361, 50.309, 48.105, 46.243, 45.935, 43.675, 43.183, 42.908, 40.887, 39.064, 38.195, 36.787, 35.727, 35.46, 35.413, 36.061, 35.832, 31.818, 29.171, 28.214, 27.926, 25.664, 23.08, 22.207, 20.991, 19.662, 17.602, 13.138, 7.159, 0.0, 10.166, 18.981, 23.381, 24.907, 25.682, 27.707, 31.433, 34.561, 35.841, 38.836, 42.455, 42.796, 45.143, 46.931, 47.768, 47.55, 47.046, 46.999, 47.658, 48.534, 49.197, 50.206, 51.977, 53.904, 54.787, 56.62, 60.993, 63.075, 63.473, 64.003, 64.121, 63.2, 63.107, 63.063, 62.758, 63.363, 63.068, 62.22, 61.029, 59.241, 56.868, 54.296, 51.859, 50.941, 50.639, 50.967, 51.089, 51.053, 51.158, 51.574], [56.207, 55.215, 54.005, 52.69, 51.901, 51.36, 51.68, 51.871, 49.83, 48.116, 47.772, 45.346, 44.747, 44.543, 42.737, 41.016, 40.113, 38.83, 37.865, 37.58, 37.547, 38.339, 38.307, 34.378, 32.228, 31.699, 31.107, 28.926, 26.748, 26.027, 25.115, 24.188, 22.645, 19.594, 15.839, 10.166, 0.0, 9.943, 15.666, 18.0, 19.121, 21.379, 25.666, 29.414, 31.298, 34.751, 38.434, 38.541, 40.931, 42.767, 43.527, 43.264, 42.822, 42.929, 43.737, 44.585, 45.171, 46.104, 47.791, 49.889, 50.955, 52.672, 57.016, 59.208, 59.698, 60.262, 60.293, 59.322, 59.33, 59.523, 59.757, 60.783, 60.627, 59.864, 58.75, 57.051, 54.78, 52.378, 50.052, 49.184, 48.856, 48.826, 48.757, 48.807, 48.927, 49.203], [56.965, 56.11, 55.425, 54.71, 54.113, 53.532, 53.939, 54.337, 52.551, 51.081, 50.632, 47.911, 47.144, 47.046, 45.596, 44.074, 43.152, 42.041, 41.256, 40.937, 40.891, 41.816, 41.952, 38.26, 36.355, 35.873, 35.019, 33.016, 31.254, 30.705, 30.091, 29.556, 28.442, 26.203, 23.511, 18.981, 9.943, 0.0, 6.986, 10.746, 12.809, 16.181, 21.826, 26.499, 29.14, 33.042, 36.563, 36.391, 38.642, 40.439, 41.213, 41.087, 40.764, 40.964, 41.819, 42.55, 43.063, 43.962, 45.628, 47.933, 49.26, 50.788, 54.73, 56.769, 57.309, 57.97, 58.125, 57.44, 57.704, 58.055, 58.749, 60.269, 60.322, 59.652, 58.599, 56.932, 54.607, 52.172, 49.964, 49.295, 49.102, 48.912, 48.65, 48.736, 48.862, 48.957], [57.655, 56.958, 56.583, 56.178, 55.761, 55.215, 55.628, 56.059, 54.459, 53.202, 52.633, 49.562, 48.529, 48.509, 47.455, 46.193, 45.268, 44.224, 43.528, 43.152, 43.07, 44.026, 44.146, 40.624, 38.894, 38.45, 37.563, 35.633, 33.925, 33.427, 32.984, 32.641, 31.709, 29.728, 27.323, 23.381, 15.666, 6.986, 0.0, 5.14, 8.79, 14.118, 21.029, 26.213, 29.229, 33.472, 37.017, 36.8, 38.87, 40.573, 41.448, 41.632, 41.43, 41.605, 42.388, 42.988, 43.514, 44.468, 46.119, 48.415, 49.806, 51.257, 54.916, 56.817, 57.38, 58.114, 58.481, 58.199, 58.693, 59.032, 59.743, 61.387, 61.565, 60.964, 59.929, 58.189, 55.677, 53.001, 50.738, 50.216, 50.182, 50.05, 49.699, 49.779, 49.886, 49.809], [57.834, 57.217, 56.914, 56.528, 56.149, 55.672, 56.113, 56.534, 54.997, 53.801, 53.212, 50.144, 49.014, 48.968, 48.053, 46.876, 45.946, 44.89, 44.166, 43.755, 43.676, 44.655, 44.738, 41.255, 39.801, 39.501, 38.621, 36.67, 34.857, 34.296, 33.919, 33.651, 32.783, 30.949, 28.671, 24.907, 18.0, 10.746, 5.14, 0.0, 5.406, 12.506, 20.215, 25.659, 28.759, 33.115, 36.794, 36.688, 38.813, 40.518, 41.541, 41.937, 41.776, 41.912, 42.624, 43.178, 43.759, 44.739, 46.319, 48.542, 49.952, 51.523, 55.275, 57.251, 57.86, 58.616, 59.06, 58.941, 59.507, 59.806, 60.407, 61.998, 62.206, 61.647, 60.622, 58.834, 56.252, 53.457, 51.134, 50.624, 50.645, 50.611, 50.231, 50.323, 50.335, 50.139], [57.662, 56.96, 56.588, 56.154, 55.723, 55.298, 55.943, 56.482, 54.943, 53.753, 53.224, 50.34, 49.342, 49.314, 48.375, 47.171, 46.184, 45.15, 44.437, 44.045, 44.0, 45.016, 45.099, 41.644, 40.331, 40.191, 39.306, 37.293, 35.398, 34.765, 34.425, 34.18, 33.332, 31.546, 29.352, 25.682, 19.121, 12.809, 8.79, 5.406, 0.0, 8.163, 16.69, 22.55, 25.819, 30.159, 33.979, 34.15, 36.646, 38.434, 39.484, 39.947, 39.864, 40.063, 40.749, 41.259, 41.836, 42.811, 44.348, 46.465, 47.908, 49.718, 53.721, 55.824, 56.489, 57.233, 57.597, 57.602, 58.301, 58.564, 59.039, 60.533, 60.705, 60.181, 59.344, 57.815, 55.488, 52.856, 50.547, 50.003, 49.879, 49.512, 48.891, 48.968, 48.952, 48.66], [58.194, 57.246, 56.636, 56.08, 55.547, 55.213, 56.127, 56.867, 55.342, 54.156, 53.708, 51.194, 50.611, 50.79, 50.007, 48.883, 47.907, 46.923, 46.25, 45.902, 45.921, 46.927, 47.054, 43.67, 42.303, 42.237, 41.297, 39.158, 37.186, 36.521, 36.191, 35.941, 35.118, 33.433, 31.346, 27.707, 21.379, 16.181, 14.118, 12.506, 8.163, 0.0, 9.27, 16.188, 20.291, 24.779, 28.938, 29.45, 32.414, 34.398, 35.396, 35.754, 35.813, 36.325, 37.181, 37.74, 38.279, 39.169, 40.604, 42.589, 44.215, 46.723, 51.414, 53.819, 54.587, 55.323, 55.477, 55.462, 56.244, 56.423, 56.751, 58.153, 58.276, 57.772, 57.246, 56.388, 54.775, 52.612, 50.436, 49.835, 49.471, 48.656, 47.738, 47.775, 47.735, 47.345], [59.342, 58.196, 57.334, 56.639, 56.043, 55.855, 56.988, 57.834, 56.341, 55.217, 54.838, 52.756, 52.632, 53.036, 52.474, 51.509, 50.643, 49.737, 49.079, 48.763, 48.816, 49.781, 50.027, 46.873, 45.498, 45.54, 44.634, 42.399, 40.363, 39.673, 39.34, 39.093, 38.337, 36.835, 34.931, 31.433, 25.666, 21.826, 21.029, 20.215, 16.69, 9.27, 0.0, 8.162, 13.765, 18.977, 23.864, 24.812, 28.286, 30.484, 31.417, 31.65, 31.953, 32.938, 34.083, 34.775, 35.256, 35.89, 37.013, 38.702, 40.428, 43.861, 49.583, 52.519, 53.48, 54.196, 54.026, 53.816, 54.561, 54.615, 54.775, 56.098, 56.243, 55.777, 55.483, 55.351, 54.761, 53.371, 51.461, 50.809, 50.207, 49.057, 48.019, 48.097, 48.006, 47.459], [60.462, 59.239, 58.256, 57.538, 56.96, 56.888, 58.141, 59.0, 57.482, 56.411, 56.105, 54.308, 54.413, 54.975, 54.622, 53.734, 52.954, 52.153, 51.498, 51.206, 51.29, 52.231, 52.579, 49.597, 48.158, 48.268, 47.457, 45.231, 43.117, 42.366, 42.046, 41.779, 41.055, 39.694, 37.906, 34.561, 29.414, 26.499, 26.213, 25.659, 22.55, 16.188, 8.162, 0.0, 6.976, 14.027, 20.412, 21.871, 25.62, 27.896, 28.675, 28.85, 29.473, 30.855, 32.196, 33.038, 33.491, 33.808, 34.619, 35.958, 37.453, 41.416, 48.035, 51.581, 52.775, 53.415, 52.891, 52.495, 53.2, 53.162, 53.17, 54.439, 54.668, 54.266, 54.055, 54.289, 54.544, 54.069, 52.609, 51.95, 51.167, 49.902, 48.957, 49.141, 49.053, 48.415], [60.911, 59.649, 58.56, 57.783, 57.219, 57.209, 58.527, 59.425, 57.856, 56.706, 56.519, 55.031, 55.221, 55.832, 55.478, 54.475, 53.715, 52.942, 52.264, 52.005, 52.129, 53.064, 53.483, 50.712, 49.333, 49.42, 48.663, 46.477, 44.245, 43.412, 43.139, 42.857, 42.1, 40.728, 38.984, 35.841, 31.298, 29.14, 29.229, 28.759, 25.819, 20.291, 13.765, 6.976, 0.0, 10.066, 18.434, 20.21, 24.201, 26.643, 27.358, 27.543, 28.346, 29.802, 31.1, 32.019, 32.499, 32.614, 33.312, 34.606, 36.018, 40.25, 47.418, 51.334, 52.641, 53.195, 52.473, 52.004, 52.708, 52.609, 52.485, 53.666, 53.947, 53.596, 53.403, 53.767, 54.524, 54.76, 53.745, 53.173, 52.344, 51.078, 50.147, 50.346, 50.278, 49.662], [61.896, 60.556, 59.296, 58.27, 57.547, 57.55, 58.957, 59.806, 58.074, 56.833, 56.875, 56.948, 58.133, 58.706, 58.329, 57.048, 56.189, 55.326, 54.511, 54.351, 54.716, 55.764, 56.121, 53.446, 52.149, 52.103, 51.095, 48.968, 46.866, 46.011, 45.762, 45.569, 44.842, 43.406, 41.688, 38.836, 34.751, 33.042, 33.472, 33.115, 30.159, 24.779, 18.977, 14.027, 10.066, 0.0, 9.821, 13.159, 18.223, 21.281, 22.354, 23.237, 24.712, 26.06, 26.813, 27.571, 28.115, 28.233, 29.232, 30.904, 32.784, 37.816, 45.513, 49.767, 51.249, 51.784, 50.909, 50.558, 51.4, 51.243, 51.1, 52.215, 52.481, 52.223, 52.186, 52.89, 54.184, 54.996, 54.257, 53.733, 52.804, 51.301, 50.251, 50.473, 50.435, 49.623], [62.884, 61.618, 60.381, 59.288, 58.535, 58.501, 59.957, 60.807, 59.054, 57.828, 57.98, 59.095, 61.146, 61.588, 60.951, 59.541, 58.608, 57.728, 56.873, 56.78, 57.267, 58.456, 58.913, 56.275, 54.9, 54.747, 53.511, 51.453, 49.673, 48.878, 48.591, 48.52, 47.943, 46.597, 45.015, 42.455, 38.434, 36.563, 37.017, 36.794, 33.979, 28.938, 23.864, 20.412, 18.434, 9.821, 0.0, 6.771, 13.596, 17.014, 18.635, 20.087, 21.795, 22.799, 23.037, 23.489, 23.949, 24.143, 25.52, 27.67, 30.19, 35.747, 43.44, 47.788, 49.442, 50.003, 49.129, 48.979, 49.964, 49.798, 49.774, 50.989, 51.295, 51.116, 51.225, 52.188, 53.718, 54.658, 53.965, 53.554, 52.892, 51.457, 50.35, 50.582, 50.561, 49.665], [62.491, 61.287, 60.076, 58.957, 58.242, 58.222, 59.581, 60.415, 58.71, 57.478, 57.549, 58.548, 60.611, 61.095, 60.471, 59.122, 58.301, 57.451, 56.665, 56.58, 57.04, 58.193, 58.757, 56.302, 55.024, 54.85, 53.583, 51.536, 49.806, 49.07, 48.745, 48.698, 48.188, 46.87, 45.328, 42.796, 38.541, 36.391, 36.8, 36.688, 34.15, 29.45, 24.812, 21.871, 20.21, 13.159, 6.771, 0.0, 8.805, 13.192, 15.234, 16.795, 18.73, 20.018, 20.422, 20.965, 21.498, 21.697, 22.974, 25.258, 28.006, 33.668, 41.522, 45.981, 47.683, 48.264, 47.459, 47.25, 48.184, 48.006, 48.157, 49.567, 49.982, 49.833, 49.943, 50.945, 52.495, 53.382, 52.644, 52.243, 51.978, 51.248, 50.596, 51.011, 51.022, 50.164], [63.315, 62.044, 60.864, 59.708, 58.926, 58.911, 60.195, 60.872, 59.128, 58.017, 58.023, 59.179, 61.356, 61.915, 61.931, 60.926, 60.2, 59.334, 58.562, 58.461, 58.94, 59.995, 60.533, 58.021, 56.623, 56.425, 55.111, 53.178, 51.498, 50.845, 50.544, 50.536, 50.056, 48.858, 47.547, 45.143, 40.931, 38.642, 38.87, 38.813, 36.646, 32.414, 28.286, 25.62, 24.201, 18.223, 13.596, 8.805, 0.0, 6.063, 9.788, 12.912, 16.071, 17.832, 18.285, 18.993, 19.812, 20.186, 21.458, 23.827, 26.484, 32.104, 40.07, 44.734, 46.517, 47.111, 46.368, 46.131, 46.962, 46.695, 46.934, 48.497, 49.073, 48.995, 49.007, 49.954, 51.512, 52.492, 51.968, 51.618, 51.445, 51.35, 51.431, 52.224, 52.29, 51.365], [64.258, 63.032, 61.961, 60.866, 60.106, 60.07, 61.342, 61.998, 60.254, 59.175, 59.185, 60.392, 62.59, 63.108, 63.184, 62.254, 61.542, 60.661, 59.844, 59.722, 60.194, 61.25, 61.866, 59.229, 57.558, 57.352, 56.043, 54.211, 52.648, 52.028, 51.736, 51.749, 51.305, 50.28, 49.216, 46.931, 42.767, 40.439, 40.573, 40.518, 38.434, 34.398, 30.484, 27.896, 26.643, 21.281, 17.014, 13.192, 6.063, 0.0, 5.555, 10.681, 14.966, 16.983, 17.436, 18.155, 18.969, 19.557, 21.133, 23.492, 25.793, 30.866, 38.443, 43.095, 44.933, 45.533, 44.85, 44.765, 45.605, 45.311, 45.589, 47.197, 47.869, 47.86, 47.847, 48.772, 50.398, 51.541, 51.215, 50.936, 50.75, 50.823, 51.305, 52.515, 52.79, 51.876], [64.943, 63.739, 62.688, 61.63, 60.901, 60.857, 62.077, 62.75, 60.98, 59.833, 59.848, 61.004, 63.202, 63.823, 63.937, 63.003, 62.39, 61.608, 60.805, 60.67, 61.097, 62.137, 62.87, 60.249, 58.304, 58.024, 56.796, 55.007, 53.463, 52.854, 52.532, 52.484, 52.046, 51.127, 50.113, 47.768, 43.527, 41.213, 41.448, 41.541, 39.484, 35.396, 31.417, 28.675, 27.358, 22.354, 18.635, 15.234, 9.788, 5.555, 0.0, 6.962, 13.163, 16.293, 17.297, 18.221, 18.843, 19.265, 20.935, 23.09, 24.817, 29.311, 36.742, 41.448, 43.31, 43.891, 43.074, 43.003, 43.923, 43.69, 44.133, 45.811, 46.52, 46.584, 46.672, 47.752, 49.611, 51.026, 50.857, 50.546, 50.243, 50.216, 50.818, 52.288, 52.905, 52.144], [64.296, 63.054, 61.904, 60.894, 60.272, 60.227, 61.452, 62.231, 60.384, 59.075, 59.144, 60.269, 62.589, 63.234, 63.242, 62.358, 61.87, 61.27, 60.581, 60.454, 60.816, 61.854, 62.78, 60.244, 58.131, 57.815, 56.716, 54.938, 53.376, 52.777, 52.413, 52.284, 51.831, 50.963, 49.95, 47.55, 43.264, 41.087, 41.632, 41.937, 39.947, 35.754, 31.65, 28.85, 27.543, 23.237, 20.087, 16.795, 12.912, 10.681, 6.962, 0.0, 7.922, 12.871, 15.182, 16.762, 17.195, 17.114, 18.504, 20.581, 22.17, 26.843, 34.855, 39.763, 41.62, 42.234, 41.268, 40.714, 41.463, 41.323, 41.886, 43.779, 44.593, 44.697, 44.822, 46.046, 48.063, 49.516, 49.451, 49.24, 49.086, 49.306, 50.008, 51.446, 52.164, 51.892], [63.368, 62.131, 60.954, 60.06, 59.595, 59.537, 60.889, 61.844, 59.962, 58.544, 58.656, 59.662, 61.993, 62.466, 62.163, 61.296, 60.792, 60.228, 59.693, 59.631, 59.993, 61.094, 62.178, 59.653, 57.518, 57.264, 56.235, 54.455, 52.891, 52.309, 51.99, 51.895, 51.434, 50.513, 49.445, 47.046, 42.822, 40.764, 41.43, 41.776, 39.864, 35.813, 31.953, 29.473, 28.346, 24.712, 21.795, 18.73, 16.071, 14.966, 13.163, 7.922, 0.0, 6.335, 10.264, 12.632, 13.012, 12.711, 14.297, 17.068, 19.521, 25.166, 33.867, 38.972, 40.859, 41.546, 40.659, 39.819, 40.429, 40.355, 40.832, 42.888, 43.835, 43.989, 44.038, 45.094, 46.905, 48.019, 47.902, 48.079, 48.362, 48.846, 49.264, 50.232, 50.738, 51.089], [63.228, 62.024, 60.89, 60.007, 59.543, 59.449, 60.937, 62.01, 60.147, 58.723, 58.87, 59.94, 62.244, 62.521, 61.93, 60.943, 60.308, 59.644, 59.134, 59.152, 59.61, 60.792, 61.849, 59.287, 57.282, 57.092, 56.003, 54.235, 52.74, 52.193, 51.964, 51.965, 51.484, 50.43, 49.301, 46.999, 42.929, 40.964, 41.605, 41.912, 40.063, 36.325, 32.938, 30.855, 29.802, 26.06, 22.799, 20.018, 17.832, 16.983, 16.293, 12.871, 6.335, 0.0, 5.094, 8.186, 8.914, 9.225, 11.978, 15.853, 19.361, 25.59, 34.242, 39.304, 41.199, 41.917, 41.209, 40.54, 41.222, 41.144, 41.482, 43.479, 44.444, 44.634, 44.638, 45.516, 47.122, 47.988, 47.73, 48.146, 48.667, 49.117, 49.135, 49.667, 49.962, 50.545], [63.594, 62.393, 61.304, 60.39, 59.854, 59.728, 61.26, 62.313, 60.465, 59.102, 59.296, 60.63, 62.961, 63.091, 62.31, 61.129, 60.359, 59.623, 59.109, 59.18, 59.786, 61.019, 61.859, 59.264, 57.564, 57.444, 56.24, 54.495, 53.094, 52.603, 52.479, 52.599, 52.128, 50.966, 49.825, 47.658, 43.737, 41.819, 42.388, 42.624, 40.749, 37.181, 34.083, 32.196, 31.1, 26.813, 23.037, 20.422, 18.285, 17.436, 17.297, 15.182, 10.264, 5.094, 0.0, 3.86, 5.796, 7.537, 11.205, 15.434, 19.288, 25.617, 34.084, 39.115, 41.016, 41.75, 41.201, 40.842, 41.683, 41.567, 41.836, 43.722, 44.647, 44.87, 44.903, 45.804, 47.448, 48.333, 47.982, 48.376, 48.838, 49.17, 49.066, 49.472, 49.682, 50.201], [63.465, 62.287, 61.326, 60.536, 60.052, 59.915, 61.467, 62.536, 60.803, 59.563, 59.767, 61.144, 63.441, 63.446, 62.503, 61.217, 60.369, 59.62, 59.139, 59.234, 59.923, 61.216, 61.936, 59.308, 57.808, 57.789, 56.517, 54.819, 53.513, 53.061, 53.027, 53.269, 52.868, 51.719, 50.626, 48.534, 44.585, 42.55, 42.988, 43.178, 41.259, 37.74, 34.775, 33.038, 32.019, 27.571, 23.489, 20.965, 18.993, 18.155, 18.221, 16.762, 12.632, 8.186, 3.86, 0.0, 3.224, 6.571, 10.661, 14.972, 19.021, 25.082, 33.151, 38.092, 40.002, 40.71, 40.266, 40.244, 41.299, 41.164, 41.412, 43.234, 44.126, 44.364, 44.472, 45.498, 47.235, 48.193, 47.848, 48.263, 48.689, 48.809, 48.531, 48.909, 49.112, 49.555], [63.335, 62.151, 61.268, 60.626, 60.259, 60.145, 61.718, 62.864, 61.214, 59.998, 60.203, 61.533, 63.828, 63.807, 62.743, 61.388, 60.53, 59.815, 59.353, 59.452, 60.148, 61.48, 62.298, 59.676, 58.074, 58.054, 56.778, 55.116, 53.862, 53.405, 53.372, 53.631, 53.289, 52.256, 51.263, 49.197, 45.171, 43.063, 43.514, 43.759, 41.836, 38.279, 35.256, 33.491, 32.499, 28.115, 23.949, 21.498, 19.812, 18.969, 18.843, 17.195, 13.012, 8.914, 5.796, 3.224, 0.0, 4.48, 9.439, 14.178, 18.52, 24.448, 32.239, 37.089, 39.022, 39.668, 39.086, 39.097, 40.261, 40.148, 40.401, 42.242, 43.153, 43.397, 43.553, 44.694, 46.579, 47.707, 47.547, 48.071, 48.527, 48.495, 48.071, 48.444, 48.676, 49.157], [63.757, 62.561, 61.652, 61.044, 60.73, 60.644, 62.225, 63.429, 61.789, 60.543, 60.773, 62.065, 64.345, 64.365, 63.342, 62.012, 61.22, 60.586, 60.132, 60.215, 60.854, 62.123, 63.119, 60.754, 59.17, 59.126, 57.92, 56.254, 54.922, 54.433, 54.38, 54.576, 54.238, 53.304, 52.335, 50.206, 46.104, 43.962, 44.468, 44.739, 42.811, 39.169, 35.89, 33.808, 32.614, 28.233, 24.143, 21.697, 20.186, 19.557, 19.265, 17.114, 12.711, 9.225, 7.537, 6.571, 4.48, 0.0, 6.069, 11.894, 16.78, 23.391, 31.876, 37.02, 39.04, 39.673, 38.87, 38.628, 39.747, 39.707, 40.029, 41.982, 43.004, 43.282, 43.447, 44.687, 46.821, 48.209, 48.245, 48.842, 49.308, 49.251, 48.823, 49.213, 49.401, 49.881], [64.171, 62.984, 62.041, 61.423, 61.153, 61.11, 62.683, 63.881, 62.299, 61.121, 61.38, 62.608, 64.821, 64.763, 63.762, 62.562, 61.87, 61.328, 60.916, 60.994, 61.579, 62.683, 63.699, 61.742, 60.677, 60.912, 59.823, 58.12, 56.708, 56.237, 56.223, 56.409, 56.076, 55.169, 54.183, 51.977, 47.791, 45.628, 46.119, 46.319, 44.348, 40.604, 37.013, 34.619, 33.312, 29.232, 25.52, 22.974, 21.458, 21.133, 20.935, 18.504, 14.297, 11.978, 11.205, 10.661, 9.439, 6.069, 0.0, 6.925, 12.926, 21.102, 30.948, 36.603, 38.734, 39.398, 38.503, 38.027, 39.069, 39.116, 39.588, 41.733, 42.949, 43.326, 43.548, 45.005, 47.501, 49.091, 49.13, 49.653, 50.067, 50.047, 49.778, 50.251, 50.297, 50.676], [64.725, 63.562, 62.583, 61.949, 61.73, 61.745, 63.29, 64.388, 62.825, 61.713, 61.968, 63.203, 65.452, 65.353, 64.329, 63.251, 62.658, 62.199, 61.838, 61.939, 6