[[0.0, 6.92, 15.047, 22.094, 26.744, 29.246, 35.003, 39.393, 40.221, 41.168, 41.927, 42.4, 42.807, 43.175, 42.56, 43.255, 45.547, 46.194, 46.196, 47.721, 49.708, 50.812, 51.292, 51.76, 52.293, 51.442, 49.518, 49.735, 51.661, 52.2, 53.271, 55.891, 58.498, 60.204, 60.071, 60.403, 60.935, 61.388, 61.905, 63.405, 65.703, 67.781, 69.535, 70.827, 71.497, 72.036, 72.269, 71.886, 70.492, 67.623, 65.353, 65.568, 65.847, 65.426, 63.718, 63.402, 62.725, 59.609, 58.377, 58.309, 58.187, 58.778, 58.569, 54.883, 50.342, 47.916, 46.841, 47.955, 47.632, 47.136, 47.206, 46.828, 46.79, 47.13, 46.346, 44.142, 43.229, 43.203, 42.998, 43.085, 43.115, 44.322, 45.847, 46.257, 46.824, 46.613], [6.92, 0.0, 9.213, 17.092, 22.232, 25.054, 31.307, 36.078, 37.303, 38.581, 39.5, 40.139, 40.715, 41.088, 40.44, 41.18, 43.494, 44.142, 44.147, 45.68, 47.637, 48.616, 49.021, 49.521, 50.182, 49.52, 47.745, 48.012, 50.061, 50.863, 52.087, 54.634, 57.282, 59.036, 58.795, 58.974, 59.448, 59.834, 60.282, 61.734, 63.991, 66.052, 67.808, 69.082, 69.712, 70.257, 70.534, 70.195, 68.793, 65.88, 63.587, 63.774, 64.044, 63.621, 61.931, 61.68, 61.068, 58.044, 56.85, 56.745, 56.652, 57.358, 57.212, 53.577, 49.282, 47.402, 46.268, 46.974, 46.635, 46.336, 46.513, 46.16, 46.068, 46.309, 45.66, 43.899, 43.249, 43.325, 43.207, 43.389, 43.495, 44.596, 45.894, 46.33, 47.147, 47.191], [15.047, 9.213, 0.0, 9.037, 15.498, 18.849, 25.322, 30.526, 32.303, 34.136, 35.439, 36.424, 37.327, 37.733, 37.035, 37.789, 40.119, 40.803, 40.759, 42.218, 44.096, 44.924, 45.251, 45.798, 46.593, 46.3, 44.99, 45.538, 47.868, 49.142, 50.824, 53.469, 56.107, 57.808, 57.258, 57.036, 57.361, 57.639, 57.914, 59.235, 61.455, 63.577, 65.421, 66.685, 67.254, 67.787, 68.067, 67.708, 66.216, 63.179, 60.747, 60.842, 61.147, 60.796, 59.217, 59.209, 58.844, 55.971, 54.833, 54.684, 54.637, 55.57, 55.62, 52.06, 47.973, 46.606, 45.402, 45.657, 45.289, 45.277, 45.689, 45.425, 45.172, 45.049, 44.451, 43.203, 42.742, 42.754, 42.68, 42.972, 43.21, 44.244, 45.194, 45.638, 46.797, 47.259], [22.094, 17.092, 9.037, 0.0, 7.787, 12.168, 18.571, 24.066, 26.146, 28.537, 30.597, 32.355, 33.834, 34.354, 33.609, 34.243, 36.326, 37.035, 37.087, 38.424, 40.245, 41.078, 41.348, 41.845, 42.698, 42.793, 42.243, 43.52, 46.471, 48.446, 50.835, 53.784, 56.539, 58.306, 57.523, 56.823, 56.775, 56.842, 56.896, 58.032, 60.143, 62.304, 64.326, 65.695, 66.244, 66.699, 66.843, 66.341, 64.713, 61.599, 59.014, 58.96, 59.286, 59.025, 57.625, 57.83, 57.826, 55.296, 54.283, 54.198, 54.194, 55.163, 55.187, 51.434, 47.36, 46.444, 45.422, 45.539, 45.199, 45.462, 46.105, 45.836, 45.356, 44.854, 44.176, 43.314, 42.777, 42.334, 42.169, 42.545, 42.864, 43.867, 44.574, 45.068, 46.477, 47.191], [26.744, 22.232, 15.498, 7.787, 0.0, 6.39, 13.711, 19.508, 21.704, 24.32, 27.082, 29.63, 31.607, 32.207, 31.451, 31.874, 33.318, 33.845, 34.1, 35.434, 37.223, 38.079, 38.304, 38.749, 39.592, 39.856, 39.779, 41.631, 45.078, 47.555, 50.405, 53.58, 56.531, 58.456, 57.647, 56.724, 56.426, 56.402, 56.442, 57.509, 59.534, 61.705, 63.898, 65.432, 66.017, 66.428, 66.476, 65.888, 64.166, 61.032, 58.442, 58.319, 58.611, 58.38, 57.089, 57.352, 57.576, 55.347, 54.444, 54.451, 54.498, 55.428, 55.347, 51.403, 47.328, 46.789, 46.008, 46.144, 45.832, 46.222, 46.916, 46.552, 45.955, 45.313, 44.566, 43.903, 43.297, 42.503, 42.266, 42.68, 42.993, 43.934, 44.527, 45.033, 46.506, 47.251], [29.246, 25.054, 18.849, 12.168, 6.39, 0.0, 9.799, 16.915, 19.417, 22.506, 25.795, 28.755, 30.952, 31.54, 30.763, 31.022, 32.051, 32.441, 32.708, 33.994, 35.732, 36.566, 36.805, 37.256, 38.085, 38.431, 38.644, 40.828, 44.449, 47.037, 49.973, 53.201, 56.241, 58.224, 57.389, 56.334, 55.91, 55.878, 55.975, 57.075, 59.096, 61.31, 63.661, 65.316, 65.908, 66.283, 66.256, 65.584, 63.809, 60.751, 58.28, 58.199, 58.542, 58.382, 57.111, 57.334, 57.629, 55.503, 54.615, 54.627, 54.677, 55.635, 55.613, 51.856, 48.16, 48.012, 47.324, 47.289, 46.847, 47.202, 47.889, 47.537, 46.901, 46.123, 45.256, 44.555, 43.959, 43.062, 42.773, 43.242, 43.642, 44.753, 45.361, 45.85, 47.278, 48.033], [35.003, 31.307, 25.322, 18.571, 13.711, 9.799, 0.0, 8.639, 12.347, 16.736, 21.065, 24.767, 27.548, 28.254, 27.57, 27.957, 28.936, 29.244, 29.445, 30.441, 32.041, 33.024, 33.442, 33.963, 34.835, 35.466, 36.336, 39.196, 43.366, 46.473, 50.009, 53.659, 56.881, 59.031, 58.215, 57.085, 56.612, 56.51, 56.453, 57.401, 59.393, 61.695, 64.239, 66.051, 66.715, 67.071, 66.938, 66.182, 64.314, 61.108, 58.428, 58.312, 58.783, 58.768, 57.637, 57.952, 58.477, 56.477, 55.547, 55.55, 55.754, 56.954, 57.019, 53.033, 48.794, 48.66, 48.508, 48.604, 48.062, 48.47, 49.392, 49.26, 48.704, 47.809, 46.724, 45.971, 45.172, 43.899, 43.572, 44.027, 44.345, 45.325, 45.652, 46.059, 47.474, 48.147], [39.393, 36.078, 30.526, 24.066, 19.508, 16.915, 8.639, 0.0, 6.112, 12.743, 18.205, 22.578, 25.851, 26.662, 26.019, 26.568, 27.375, 27.453, 27.567, 28.097, 29.291, 30.311, 30.897, 31.486, 32.391, 33.299, 34.756, 38.235, 42.966, 46.54, 50.558, 54.604, 58.054, 60.365, 59.599, 58.486, 57.996, 57.829, 57.655, 58.492, 60.462, 62.825, 65.445, 67.294, 67.984, 68.291, 68.069, 67.343, 65.473, 62.091, 59.099, 58.887, 59.417, 59.475, 58.467, 58.851, 59.551, 57.6, 56.6, 56.614, 56.917, 58.213, 58.244, 53.938, 49.18, 48.946, 49.102, 49.407, 48.912, 49.371, 50.371, 50.214, 49.637, 48.763, 47.591, 46.818, 45.846, 44.278, 44.009, 44.436, 44.563, 45.277, 45.417, 45.789, 47.201, 47.769], [40.221, 37.303, 32.303, 26.146, 21.704, 19.417, 12.347, 6.112, 0.0, 8.2, 14.818, 19.92, 23.545, 24.385, 23.667, 24.109, 24.909, 25.117, 25.402, 26.03, 27.401, 28.735, 29.474, 30.039, 30.826, 31.829, 33.885, 38.164, 43.375, 47.094, 51.344, 55.771, 59.394, 61.752, 61.023, 59.953, 59.367, 59.094, 58.887, 59.758, 61.754, 64.141, 66.884, 68.862, 69.63, 69.923, 69.622, 68.831, 66.956, 63.63, 60.54, 60.249, 60.762, 60.821, 59.849, 60.211, 60.96, 59.026, 58.023, 58.07, 58.302, 59.407, 59.272, 54.793, 49.919, 49.601, 49.871, 50.369, 49.926, 50.353, 51.319, 51.033, 50.299, 49.35, 48.07, 47.077, 45.81, 43.917, 43.541, 43.92, 44.003, 44.83, 45.118, 45.534, 46.891, 47.333], [41.168, 38.581, 34.136, 28.537, 24.32, 22.506, 16.736, 12.743, 8.2, 0.0, 7.638, 13.937, 18.257, 19.26, 18.706, 19.202, 20.251, 20.779, 21.437, 22.746, 24.767, 26.651, 27.692, 28.279, 28.93, 29.772, 32.059, 36.863, 42.358, 46.109, 50.509, 55.243, 58.954, 61.375, 60.851, 60.054, 59.578, 59.305, 59.163, 60.087, 62.124, 64.499, 67.342, 69.612, 70.628, 71.03, 70.754, 69.932, 68.057, 64.822, 61.809, 61.521, 62.004, 62.048, 61.097, 61.428, 62.111, 60.174, 59.218, 59.273, 59.468, 60.456, 60.198, 55.625, 50.54, 49.998, 50.423, 51.104, 50.697, 51.071, 51.989, 51.686, 50.987, 50.091, 48.809, 47.817, 46.473, 44.503, 44.052, 44.355, 44.461, 45.394, 45.776, 46.15, 47.387, 47.648], [41.927, 39.5, 35.439, 30.597, 27.082, 25.795, 21.065, 18.205, 14.818, 7.638, 0.0, 7.31, 12.373, 13.608, 13.438, 14.467, 16.394, 17.453, 18.477, 20.733, 23.357, 25.469, 26.683, 27.357, 27.97, 28.539, 30.603, 35.471, 41.038, 44.723, 49.063, 53.935, 57.642, 60.097, 59.813, 59.381, 59.211, 59.065, 59.005, 59.973, 62.089, 64.46, 67.272, 69.727, 71.012, 71.611, 71.479, 70.749, 68.929, 65.714, 62.722, 62.474, 62.938, 62.93, 61.974, 62.296, 62.862, 60.847, 59.922, 59.977, 60.192, 61.189, 60.89, 56.295, 50.971, 50.12, 50.662, 51.469, 51.093, 51.453, 52.351, 52.102, 51.585, 50.904, 49.763, 48.875, 47.65, 45.856, 45.446, 45.694, 45.758, 46.601, 46.975, 47.32, 48.478, 48.597], [42.4, 40.139, 36.424, 32.355, 29.63, 28.755, 24.767, 22.578, 19.92, 13.937, 7.31, 0.0, 5.532, 7.221, 7.765, 10.238, 13.962, 15.835, 17.095, 20.195, 23.243, 25.423, 26.691, 27.433, 27.95, 28.032, 29.573, 34.332, 39.796, 43.237, 47.381, 52.43, 56.179, 58.697, 58.748, 58.763, 59.018, 59.082, 59.118, 60.119, 62.309, 64.668, 67.406, 69.916, 71.414, 72.264, 72.332, 71.697, 69.921, 66.709, 63.76, 63.554, 64.012, 63.955, 62.956, 63.274, 63.731, 61.592, 60.659, 60.713, 60.919, 61.899, 61.566, 56.946, 51.31, 50.024, 50.684, 51.624, 51.193, 51.493, 52.364, 52.2, 51.909, 51.438, 50.417, 49.614, 48.509, 46.939, 46.623, 46.84, 46.857, 47.512, 47.807, 48.103, 49.169, 49.19], [42.807, 40.715, 37.327, 33.834, 31.607, 30.952, 27.548, 25.851, 23.545, 18.257, 12.373, 5.532, 0.0, 2.633, 4.664, 8.788, 13.617, 16.002, 17.359, 20.832, 24.05, 26.236, 27.508, 28.27, 28.672, 28.333, 29.442, 34.069, 39.343, 42.495, 46.392, 51.504, 55.281, 57.829, 58.126, 58.451, 58.98, 59.181, 59.308, 60.353, 62.585, 64.914, 67.597, 70.125, 71.735, 72.756, 72.98, 72.411, 70.666, 67.48, 64.601, 64.416, 64.854, 64.766, 63.724, 64.011, 64.381, 62.173, 61.239, 61.297, 61.484, 62.413, 62.033, 57.416, 51.695, 50.218, 50.934, 51.947, 51.476, 51.724, 52.558, 52.427, 52.267, 51.929, 50.984, 50.237, 49.217, 47.804, 47.554, 47.76, 47.75, 48.255, 48.477, 48.738, 49.722, 49.691], [43.175, 41.088, 37.733, 34.354, 32.207, 31.54, 28.254, 26.662, 24.385, 19.26, 13.608, 7.221, 2.633, 0.0, 3.414, 8.306, 13.194, 15.694, 17.073, 20.556, 23.799, 25.985, 27.241, 28.013, 28.405, 28.012, 29.122, 33.866, 39.127, 42.231, 46.117, 51.264, 55.085, 57.657, 57.992, 58.346, 58.894, 59.099, 59.246, 60.312, 62.549, 64.872, 67.579, 70.13, 71.754, 72.811, 73.089, 72.567, 70.847, 67.686, 64.808, 64.604, 65.026, 64.92, 63.861, 64.132, 64.493, 62.291, 61.354, 61.413, 61.582, 62.474, 62.09, 57.499, 51.825, 50.413, 51.129, 52.087, 51.597, 51.848, 52.676, 52.545, 52.389, 52.073, 51.164, 50.422, 49.403, 48.011, 47.789, 48.004, 47.976, 48.444, 48.648, 48.907, 49.886, 49.863], [42.56, 40.44, 37.035, 33.609, 31.451, 30.763, 27.57, 26.019, 23.667, 18.706, 13.438, 7.765, 4.664, 3.414, 0.0, 5.72, 11.318, 14.055, 15.57, 19.133, 22.37, 24.564, 25.845, 26.631, 27.035, 26.724, 28.077, 33.15, 38.583, 41.725, 45.656, 50.824, 54.674, 57.238, 57.459, 57.678, 58.119, 58.254, 58.36, 59.46, 61.738, 64.09, 66.825, 69.337, 70.908, 71.927, 72.176, 71.674, 70.048, 67.011, 64.102, 63.848, 64.274, 64.167, 63.114, 63.361, 63.724, 61.555, 60.638, 60.715, 60.827, 61.607, 61.174, 56.625, 51.203, 50.024, 50.678, 51.563, 51.098, 51.385, 52.194, 51.983, 51.719, 51.337, 50.394, 49.627, 48.562, 47.115, 46.887, 47.121, 47.114, 47.66, 47.908, 48.2, 49.239, 49.261], [43.255, 41.18, 37.789, 34.243, 31.874, 31.022, 27.957, 26.568, 24.109, 19.202, 14.467, 10.238, 8.788, 8.306, 5.72, 0.0, 7.042, 10.739, 12.823, 16.946, 20.406, 22.681, 23.969, 24.634, 24.888, 24.678, 26.562, 32.174, 37.927, 41.249, 45.358, 50.561, 54.328, 56.83, 56.902, 56.903, 57.114, 57.093, 57.094, 58.189, 60.493, 62.893, 65.706, 68.249, 69.802, 70.745, 70.91, 70.39, 68.914, 66.224, 63.399, 63.085, 63.53, 63.439, 62.46, 62.706, 63.127, 61.155, 60.375, 60.486, 60.531, 61.156, 60.609, 56.098, 51.053, 50.249, 50.942, 51.848, 51.461, 51.833, 52.663, 52.38, 51.98, 51.458, 50.441, 49.693, 48.548, 46.903, 46.555, 46.817, 46.893, 47.602, 47.893, 48.187, 49.256, 49.288], [45.547, 43.494, 40.119, 36.326, 33.318, 32.051, 28.936, 27.375, 24.909, 20.251, 16.394, 13.962, 13.617, 13.194, 11.318, 7.042, 0.0, 5.02, 8.512, 13.251, 16.939, 19.464, 20.953, 21.577, 21.748, 21.774, 24.388, 30.765, 36.88, 40.491, 44.94, 50.278, 54.117, 56.605, 56.568, 56.346, 56.28, 56.123, 56.121, 57.191, 59.398, 61.782, 64.739, 67.434, 69.038, 69.959, 70.081, 69.537, 68.095, 65.622, 62.996, 62.699, 63.148, 63.081, 62.18, 62.404, 62.906, 61.214, 60.548, 60.677, 60.706, 61.298, 60.748, 56.278, 51.534, 51.184, 51.992, 52.898, 52.546, 52.981, 53.815, 53.44, 52.952, 52.374, 51.356, 50.698, 49.543, 47.707, 47.254, 47.564, 47.685, 48.465, 48.743, 49.008, 50.045, 50.032], [46.194, 44.142, 40.803, 37.035, 33.845, 32.441, 29.244, 27.453, 25.117, 20.779, 17.453, 15.835, 16.002, 15.694, 14.055, 10.739, 5.02, 0.0, 5.032, 10.342, 14.159, 16.975, 18.885, 19.733, 19.961, 20.154, 23.016, 29.638, 35.804, 39.427, 44.022, 49.5, 53.475, 55.964, 55.878, 55.604, 55.466, 55.332, 55.465, 56.605, 58.779, 61.145, 64.141, 66.866, 68.481, 69.427, 69.583, 69.069, 67.641, 65.134, 62.545, 62.332, 62.822, 62.762, 61.831, 62.017, 62.481, 60.803, 60.135, 60.246, 60.273, 60.921, 60.495, 56.166, 51.567, 51.333, 52.07, 52.889, 52.514, 52.957, 53.804, 53.434, 52.942, 52.378, 51.406, 50.782, 49.704, 47.913, 47.479, 47.806, 47.92, 48.692, 48.962, 49.221, 50.246, 50.243], [46.196, 44.147, 40.759, 37.087, 34.1, 32.708, 29.445, 27.567, 25.402, 21.437, 18.477, 17.095, 17.359, 17.073, 15.57, 12.823, 8.512, 5.032, 0.0, 6.146, 10.707, 14.296, 16.732, 17.777, 18.015, 18.199, 21.281, 28.122, 34.251, 37.835, 42.586, 48.203, 52.24, 54.698, 54.606, 54.342, 54.194, 54.071, 54.232, 55.363, 57.521, 59.912, 62.948, 65.675, 67.281, 68.237, 68.39, 67.83, 66.384, 63.837, 61.252, 61.17, 61.853, 61.924, 61.022, 61.209, 61.643, 59.957, 59.28, 59.364, 59.361, 60.062, 59.799, 55.682, 51.247, 51.117, 51.79, 52.536, 52.174, 52.652, 53.531, 53.207, 52.754, 52.152, 51.203, 50.686, 49.727, 48.033, 47.604, 47.954, 48.13, 49.003, 49.272, 49.489, 50.472, 50.449], [47.721, 45.68, 42.218, 38.424, 35.434, 33.994, 30.441, 28.097, 26.03, 22.746, 20.733, 20.195, 20.832, 20.556, 19.133, 16.946, 13.251, 10.342, 6.146, 0.0, 5.604, 10.844, 14.112, 15.366, 15.693, 16.142, 20.024, 27.413, 33.569, 37.287, 42.381, 48.172, 52.311, 54.718, 54.542, 54.156, 53.847, 53.622, 53.693, 54.713, 56.759, 59.147, 62.276, 65.012, 66.567, 67.487, 67.566, 66.891, 65.371, 62.789, 60.197, 60.189, 61.067, 61.348, 60.598, 60.82, 61.313, 59.723, 59.03, 59.098, 59.095, 59.882, 59.806, 55.896, 51.687, 51.788, 52.468, 53.157, 52.822, 53.347, 54.249, 53.916, 53.415, 52.706, 51.736, 51.32, 50.408, 48.696, 48.271, 48.656, 48.876, 49.855, 50.109, 50.288, 51.243, 51.191], [49.708, 47.637, 44.096, 40.245, 37.223, 35.732, 32.041, 29.291, 27.401, 24.767, 23.357, 23.243, 24.05, 23.799, 22.37, 20.406, 16.939, 14.159, 10.707, 5.604, 0.0, 6.402, 10.709, 12.474, 13.02, 14.083, 18.772, 26.36, 32.611, 36.81, 42.352, 48.204, 52.338, 54.666, 54.343, 53.809, 53.403, 53.071, 52.999, 53.91, 55.896, 58.282, 61.419, 64.137, 65.7, 66.623, 66.675, 65.982, 64.435, 61.85, 59.24, 59.252, 60.206, 60.647, 60.154, 60.519, 61.14, 59.639, 58.947, 59.009, 59.133, 60.198, 60.37, 56.684, 52.76, 53.03, 53.62, 54.225, 53.925, 54.468, 55.336, 54.943, 54.333, 53.5, 52.539, 52.266, 51.463, 49.768, 49.367, 49.775, 49.997, 50.979, 51.18, 51.353, 52.351, 52.378], [50.812, 48.616, 44.924, 41.078, 38.079, 36.566, 33.024, 30.311, 28.735, 26.651, 25.469, 25.423, 26.236, 25.985, 24.564, 22.681, 19.464, 16.975, 14.296, 10.844, 6.402, 0.0, 5.542, 8.428, 9.655, 11.829, 16.985, 24.321, 30.785, 35.729, 41.711, 47.516, 51.561, 53.769, 53.184, 52.417, 51.945, 51.513, 51.279, 52.116, 54.128, 56.54, 59.608, 62.283, 63.911, 64.906, 65.019, 64.424, 62.908, 60.32, 57.661, 57.645, 58.572, 59.035, 58.761, 59.423, 60.285, 58.853, 58.181, 58.242, 58.577, 60.033, 60.497, 57.067, 53.47, 53.823, 54.14, 54.609, 54.401, 54.997, 55.828, 55.361, 54.577, 53.596, 52.704, 52.636, 52.039, 50.414, 50.035, 50.47, 50.69, 51.582, 51.664, 51.863, 52.97, 53.191], [51.292, 49.021, 45.251, 41.348, 38.304, 36.805, 33.442, 30.897, 29.474, 27.692, 26.683, 26.691, 27.508, 27.241, 25.845, 23.969, 20.953, 18.885, 16.732, 14.112, 10.709, 5.542, 0.0, 3.856, 6.128, 9.561, 15.615, 23.21, 29.928, 35.27, 41.455, 47.265, 51.327, 53.502, 52.726, 51.702, 51.074, 50.528, 50.142, 50.866, 52.847, 55.278, 58.36, 61.039, 62.691, 63.738, 63.895, 63.351, 61.844, 59.255, 56.587, 56.542, 57.449, 57.822, 57.532, 58.407, 59.629, 58.406, 57.786, 57.856, 58.231, 59.753, 60.312, 57.003, 53.558, 53.941, 54.067, 54.467, 54.367, 55.055, 55.897, 55.404, 54.529, 53.462, 52.606, 52.662, 52.152, 50.481, 50.086, 50.559, 50.782, 51.608, 51.553, 51.751, 52.878, 53.174], [51.76, 49.521, 45.798, 41.845, 38.749, 37.256, 33.963, 31.486, 30.039, 28.279, 27.357, 27.433, 28.27, 28.013, 26.631, 24.634, 21.577, 19.733, 17.777, 15.366, 12.474, 8.428, 3.856, 0.0, 3.342, 7.914, 14.825, 22.835, 29.708, 35.151, 41.409, 47.207, 51.262, 53.505, 52.744, 51.624, 50.884, 50.27, 49.796, 50.427, 52.353, 54.795, 57.942, 60.679, 62.334, 63.353, 63.463, 62.884, 61.377, 58.886, 56.323, 56.311, 57.249, 57.598, 57.292, 58.188, 59.619, 58.668, 58.148, 58.231, 58.564, 59.975, 60.46, 57.14, 53.727, 54.147, 54.297, 54.734, 54.679, 55.413, 56.286, 55.815, 54.954, 53.874, 52.995, 53.064, 52.511, 50.721, 50.26, 50.755, 51.003, 51.839, 51.73, 51.902, 52.977, 53.2], [52.293, 50.182, 46.593, 42.698, 39.592, 38.085, 34.835, 32.391, 30.826, 28.93, 27.97, 27.95, 28.672, 28.405, 27.035, 24.888, 21.748, 19.961, 18.015, 15.693, 13.02, 9.655, 6.128, 3.342, 0.0, 5.908, 14.069, 22.529, 29.466, 34.881, 41.196, 47.065, 51.125, 53.445, 52.825, 51.775, 51.025, 50.403, 49.926, 50.529, 52.448, 54.907, 58.115, 60.918, 62.599, 63.607, 63.697, 63.092, 61.595, 59.199, 56.716, 56.751, 57.74, 58.105, 57.806, 58.659, 60.094, 59.225, 58.78, 58.894, 59.178, 60.492, 60.905, 57.562, 54.115, 54.477, 54.712, 55.25, 55.201, 55.931, 56.821, 56.387, 55.596, 54.542, 53.635, 53.654, 53.027, 51.14, 50.612, 51.097, 51.345, 52.213, 52.137, 52.287, 53.28, 53.39], [51.442, 49.52, 46.3, 42.793, 39.856, 38.431, 35.466, 33.299, 31.829, 29.772, 28.539, 28.032, 28.333, 28.012, 26.724, 24.678, 21.774, 20.154, 18.199, 16.142, 14.083, 11.829, 9.561, 7.914, 5.908, 0.0, 9.634, 19.438, 26.709, 32.021, 38.386, 44.459, 48.603, 51.133, 50.931, 50.262, 49.754, 49.3, 48.955, 49.593, 51.571, 54.074, 57.346, 60.246, 62.0, 63.079, 63.241, 62.663, 61.182, 58.799, 56.433, 56.532, 57.563, 57.918, 57.533, 58.268, 59.586, 58.685, 58.266, 58.499, 58.796, 59.985, 60.286, 56.825, 53.045, 53.268, 53.796, 54.547, 54.483, 55.152, 56.023, 55.653, 55.071, 54.19, 53.282, 53.245, 52.62, 50.809, 50.297, 50.773, 50.998, 51.827, 51.759, 51.853, 52.719, 52.651], [49.518, 47.745, 44.99, 42.243, 39.779, 38.644, 36.336, 34.756, 33.885, 32.059, 30.603, 29.573, 29.442, 29.122, 28.077, 26.562, 24.388, 23.016, 21.281, 20.024, 18.772, 16.985, 15.615, 14.825, 14.069, 9.634, 0.0, 11.181, 19.342, 25.213, 32.06, 38.406, 42.646, 45.509, 45.884, 45.858, 45.96, 45.936, 45.898, 46.735, 48.89, 51.46, 54.665, 57.603, 59.472, 60.708, 61.084, 60.69, 59.232, 56.69, 54.442, 54.635, 55.614, 55.846, 55.312, 55.969, 57.053, 56.024, 55.567, 55.891, 56.556, 58.101, 58.507, 54.94, 50.59, 50.498, 51.3, 52.28, 52.233, 52.861, 53.739, 53.468, 53.111, 52.472, 51.666, 51.655, 51.221, 49.742, 49.375, 49.852, 50.047, 50.699, 50.543, 50.568, 51.396, 51.245], [49.735, 48.012, 45.538, 43.52, 41.631, 40.828, 39.196, 38.235, 38.164, 36.863, 35.471, 34.332, 34.069, 33.866, 33.15, 32.174, 30.765, 29.638, 28.122, 27.413, 26.36, 24.321, 23.21, 22.835, 22.529, 19.438, 11.181, 0.0, 9.476, 17.577, 25.808, 32.322, 36.449, 39.436, 40.175, 40.728, 41.534, 41.969, 42.147, 43.034, 45.272, 47.85, 50.847, 53.809, 55.85, 57.276, 57.948, 57.835, 56.452, 53.863, 51.931, 52.32, 53.244, 53.436, 52.949, 53.651, 54.529, 53.444, 53.01, 53.265, 54.465, 56.951, 57.933, 54.738, 50.411, 50.087, 50.729, 51.683, 51.647, 52.238, 53.129, 53.014, 52.866, 52.411, 51.807, 52.002, 52.009, 51.038, 50.819, 51.295, 51.485, 51.941, 51.607, 51.509, 52.319, 52.27], [51.661, 50.061, 47.868, 46.471, 45.078, 44.449, 43.366, 42.966, 43.375, 42.358, 41.038, 39.796, 39.343, 39.127, 38.583, 37.927, 36.88, 35.804, 34.251, 33.569, 32.611, 30.785, 29.928, 29.708, 29.466, 26.709, 19.342, 9.476, 0.0, 10.065, 19.894, 26.944, 31.188, 34.178, 35.315, 36.483, 37.923, 38.842, 39.38, 40.268, 42.359, 44.799, 47.762, 50.855, 53.081, 54.816, 55.911, 56.109, 54.942, 52.576, 51.216, 51.856, 52.743, 52.91, 52.302, 52.794, 53.36, 52.304, 51.926, 52.068, 53.313, 56.172, 57.746, 55.384, 51.758, 51.579, 51.914, 52.52, 52.338, 52.836, 53.728, 53.873, 54.079, 53.901, 53.541, 53.87, 54.325, 53.898, 53.792, 54.293, 54.54, 54.924, 54.449, 54.188, 54.866, 54.896], [52.2, 50.863, 49.142, 48.446, 47.555, 47.037, 46.473, 46.54, 47.094, 46.109, 44.723, 43.237, 42.495, 42.231, 41.725, 41.249, 40.491, 39.427, 37.835, 37.287, 36.81, 35.729, 35.27, 35.151, 34.881, 32.021, 25.213, 17.577, 10.065, 0.0, 11.203, 19.922, 25.135, 28.4, 30.327, 32.498, 34.668, 36.278, 37.644, 39.015, 41.136, 43.434, 46.465, 49.595, 51.848, 53.831, 55.3, 55.762, 54.832, 52.598, 51.591, 52.434, 53.232, 53.116, 51.917, 51.875, 51.868, 50.56, 50.137, 50.204, 51.038, 53.411, 55.106, 53.565, 50.974, 51.223, 51.36, 51.705, 51.363, 51.751, 52.694, 53.135, 53.773, 53.978, 53.835, 54.129, 54.869, 54.85, 54.798, 55.315, 55.581, 55.968, 55.511, 55.146, 55.624, 55.527], [53.271, 52.087, 50.824, 50.835, 50.405, 49.973, 50.009, 50.558, 51.344, 50.509, 49.063, 47.381, 46.392, 46.117, 45.656, 45.358, 44.94, 44.022, 42.586, 42.381, 42.352, 41.711, 41.455, 41.409, 41.196, 38.386, 32.06, 25.808, 19.894, 11.203, 0.0, 10.519, 17.394, 21.336, 24.404, 27.917, 31.066, 33.504, 35.833, 37.932, 40.29, 42.495, 45.414, 48.391, 50.576, 52.689, 54.403, 55.09, 54.323, 52.212, 51.597, 52.682, 53.356, 52.863, 51.127, 50.574, 49.993, 48.41, 47.957, 47.954, 48.392, 50.125, 51.538, 50.746, 49.897, 51.283, 51.381, 51.502, 51.155, 51.534, 52.566, 53.276, 54.238, 54.731, 54.794, 55.226, 56.288, 56.625, 56.632, 57.183, 57.408, 57.676, 57.222, 56.784, 57.091, 56.797], [55.891, 54.634, 53.469, 53.784, 53.58, 53.201, 53.659, 54.604, 55.771, 55.243, 53.935, 52.43, 51.504, 51.264, 50.824, 50.561, 50.278, 49.5, 48.203, 48.172, 48.204, 47.516, 47.265, 47.207, 47.065, 44.459, 38.406, 32.322, 26.944, 19.922, 10.519, 0.0, 8.458, 13.971, 18.577, 23.246, 27.24, 30.258, 33.121, 35.596, 38.052, 40.198, 42.968, 45.824, 47.947, 50.081, 51.956, 52.856, 52.234, 50.517, 50.611, 51.99, 52.627, 51.99, 50.243, 49.448, 48.65, 47.363, 47.115, 47.092, 47.46, 48.997, 50.181, 49.849, 50.469, 53.19, 53.523, 53.466, 53.213, 53.645, 54.715, 55.573, 56.676, 57.275, 57.477, 58.156, 59.495, 60.066, 60.104, 60.705, 60.954, 61.099, 60.571, 60.087, 60.377, 60.051], [58.498, 57.282, 56.107, 56.539, 56.531, 56.241, 56.881, 58.054, 59.394, 58.954, 57.642, 56.179, 55.281, 55.085, 54.674, 54.328, 54.117, 53.475, 52.24, 52.311, 52.338, 51.561, 51.327, 51.262, 51.125, 48.603, 42.646, 36.449, 31.188, 25.135, 17.394, 8.458, 0.0, 7.608, 14.432, 20.345, 25.121, 28.557, 31.615, 34.201, 36.742, 38.921, 41.579, 44.381, 46.514, 48.627, 50.595, 51.638, 51.17, 49.902, 50.501, 52.01, 52.649, 52.064, 50.6, 49.849, 49.029, 48.115, 48.134, 48.16, 48.657, 50.299, 51.488, 51.327, 52.225, 55.285, 55.993, 56.143, 55.979, 56.344, 57.367, 58.267, 59.417, 60.015, 60.278, 61.074, 62.516, 63.202, 63.211, 63.797, 64.104, 64.24, 63.696, 63.228, 63.588, 63.321], [60.204, 59.036, 57.808, 58.306, 58.456, 58.224, 59.031, 60.365, 61.752, 61.375, 60.097, 58.697, 57.829, 57.657, 57.238, 56.83, 56.605, 55.964, 54.698, 54.718, 54.666, 53.769, 53.502, 53.505, 53.445, 51.133, 45.509, 39.436, 34.178, 28.4, 21.336, 13.971, 7.608, 0.0, 8.522, 15.848, 21.481, 25.414, 28.914, 31.823, 34.431, 36.474, 38.898, 41.638, 43.88, 46.139, 48.334, 49.593, 49.357, 48.405, 49.288, 50.856, 51.435, 50.822, 49.436, 48.661, 47.729, 47.006, 47.211, 47.229, 47.765, 49.582, 51.113, 51.661, 53.559, 56.969, 57.508, 57.672, 57.65, 58.003, 58.938, 59.739, 60.754, 61.279, 61.68, 62.674, 64.355, 65.172, 65.122, 65.697, 66.072, 66.287, 65.752, 65.308, 65.762, 65.67], [60.071, 58.795, 57.258, 57.523, 57.647, 57.389, 58.215, 59.599, 61.023, 60.851, 59.813, 58.748, 58.126, 57.992, 57.459, 56.902, 56.568, 55.878, 54.606, 54.542, 54.343, 53.184, 52.726, 52.744, 52.825, 50.931, 45.884, 40.175, 35.315, 30.327, 24.404, 18.577, 14.432, 8.522, 0.0, 8.203, 14.668, 19.066, 23.017, 26.436, 29.29, 31.343, 33.597, 36.231, 38.572, 40.992, 43.373, 44.843, 44.841, 44.117, 45.101, 46.665, 47.174, 46.482, 45.106, 44.377, 43.577, 43.194, 43.627, 43.616, 44.171, 46.284, 48.333, 49.698, 53.08, 57.232, 57.248, 57.096, 57.288, 57.805, 58.707, 59.29, 59.908, 60.156, 60.634, 61.839, 63.726, 64.527, 64.377, 64.983, 65.442, 65.782, 65.206, 64.798, 65.41, 65.596], [60.403, 58.974, 57.036, 56.823, 56.724, 56.334, 57.085, 58.486, 59.953, 60.054, 59.381, 58.763, 58.451, 58.346, 57.678, 56.903, 56.346, 55.604, 54.342, 54.156, 53.809, 52.417, 51.702, 51.624, 51.775, 50.262, 45.858, 40.728, 36.483, 32.498, 27.917, 23.246, 20.345, 15.848, 8.203, 0.0, 7.166, 12.164, 16.708, 20.658, 23.739, 25.979, 28.42, 31.074, 33.427, 35.943, 38.413, 39.978, 40.158, 39.793, 41.027, 42.625, 43.154, 42.44, 41.134, 40.546, 40.184, 40.493, 41.238, 41.235, 41.701, 43.857, 46.244, 48.212, 52.827, 57.764, 57.422, 56.896, 57.254, 58.024, 58.985, 59.42, 59.67, 59.568, 60.031, 61.398, 63.354, 63.993, 63.735, 64.416, 64.983, 65.454, 64.796, 64.416, 65.146, 65.551], [60.935, 59.448, 57.361, 56.775, 56.426, 55.91, 56.612, 57.996, 59.367, 59.578, 59.211, 59.018, 58.98, 58.894, 58.119, 57.114, 56.28, 55.466, 54.194, 53.847, 53.403, 51.945, 51.074, 50.884, 51.025, 49.754, 45.96, 41.534, 37.923, 34.668, 31.066, 27.24, 25.121, 21.481, 14.668, 7.166, 0.0, 5.701, 11.352, 16.072, 19.29, 21.689, 24.621, 27.584, 29.965, 32.424, 34.787, 36.265, 36.571, 36.682, 38.238, 39.928, 40.544, 39.873, 38.691, 38.141, 38.173, 39.172, 40.177, 40.213, 40.52, 42.474, 44.929, 47.277, 52.892, 58.504, 58.028, 57.303, 57.748, 58.687, 59.737, 60.086, 60.078, 59.705, 60.098, 61.519, 63.419, 63.807, 63.415, 64.165, 64.827, 65.481, 64.842, 64.485, 65.24, 65.701], [61.388, 59.834, 57.639, 56.842, 56.402, 55.878, 56.51, 57.829, 59.094, 59.305, 59.065, 59.082, 59.181, 59.099, 58.254, 57.093, 56.123, 55.332, 54.071, 53.622, 53.071, 51.513, 50.528, 50.27, 50.403, 49.3, 45.936, 41.969, 38.842, 36.278, 33.504, 30.258, 28.557, 25.414, 19.066, 12.164, 5.701, 0.0, 6.392, 11.817, 15.365, 18.009, 21.309, 24.635, 27.207, 29.645, 31.855, 33.199, 33.575, 34.114, 35.926, 37.682, 38.39, 37.867, 37.001, 36.564, 36.972, 38.523, 39.733, 39.809, 40.098, 42.053, 44.543, 47.01, 53.109, 59.082, 58.585, 57.796, 58.294, 59.301, 60.397, 60.688, 60.502, 59.938, 60.266, 61.736, 63.56, 63.736, 63.248, 64.034, 64.765, 65.548, 64.928, 64.582, 65.353, 65.838], [61.905, 60.282, 57.914, 56.896, 56.442, 55.975, 56.453, 57.655, 58.887, 59.163, 59.005, 59.118, 59.308, 59.246, 58.36, 57.094, 56.121, 55.465, 54.232, 53.693, 52.999, 51.279, 50.142, 49.796, 49.926, 48.955, 45.898, 42.147, 39.38, 37.644, 35.833, 33.121, 31.615, 28.914, 23.017, 16.708, 11.352, 6.392, 0.0, 6.132, 10.624, 14.056, 17.774, 21.476, 24.346, 26.799, 28.809, 29.99, 30.38, 31.277, 33.331, 35.123, 35.947, 35.69, 35.337, 35.208, 36.179, 38.317, 39.741, 39.891, 40.329, 42.541, 45.139, 47.464, 53.423, 59.44, 59.034, 58.287, 58.823, 59.86, 60.965, 61.218, 60.941, 60.245, 60.509, 62.041, 63.771, 63.738, 63.18, 63.984, 64.778, 65.638, 64.97, 64.621, 65.42, 65.938], [63.405, 61.734, 59.235, 58.032, 57.509, 57.075, 57.401, 58.492, 59.758, 60.087, 59.973, 60.119, 60.353, 60.312, 59.46, 58.189, 57.191, 56.605, 55.363, 54.713, 53.91, 52.116, 50.866, 50.427, 50.529, 49.593, 46.735, 43.034, 40.268, 39.015, 37.932, 35.596, 34.201, 31.823, 26.436, 20.658, 16.072, 11.817, 6.132, 0.0, 5.495, 10.011, 14.537, 18.873, 22.097, 24.758, 26.821, 27.936, 28.316, 29.474, 31.984, 33.921, 34.86, 34.86, 34.866, 34.969, 36.402, 39.104, 40.713, 40.914, 41.478, 43.954, 46.732, 48.943, 54.521, 60.488, 60.214, 59.478, 60.023, 61.079, 62.157, 62.399, 62.185, 61.534, 61.825, 63.478, 65.178, 65.036, 64.461, 65.287, 66.112, 66.985, 66.238, 65.858, 66.62, 67.122], [65.703, 63.991, 61.455, 60.143, 59.534, 59.096, 59.393, 60.462, 61.754, 62.124, 62.089, 62.309, 62.585, 62.549, 61.738, 60.493, 59.398, 58.779, 57.521, 56.759, 55.896, 54.128, 52.847, 52.353, 52.448, 51.571, 48.89, 45.272, 42.359, 41.136, 40.29, 38.052, 36.742, 34.431, 29.29, 23.739, 19.29, 15.365, 10.624, 5.495, 0.0, 5.25, 11.163, 16.423, 20.005, 22.982, 25.319, 26.546, 27.08, 28.65, 31.759, 33.862, 34.824, 34.901, 35.002, 35.065, 36.67, 39.912, 41.703, 41.927, 42.525, 45.108, 48.086, 50.503, 56.202, 62.359, 62.127, 61.285, 61.836, 62.924, 63.95, 64.157, 63.993, 63.433, 63.845, 65.696, 67.473, 67.319, 66.747, 67.602, 68.444, 69.329, 68.547, 68.137, 68.848, 69.332], [67.781, 66.052, 63.577, 62.304, 61.705, 61.31, 61.695, 62.825, 64.141, 64.499, 64.46, 64.668, 64.914, 64.872, 64.09, 62.893, 61.782, 61.145, 59.912, 59.147, 58.282, 56.54, 55.278, 54.795, 54.907, 54.074, 51.46, 47.85, 44.799, 43.434, 42.495, 40.198, 38.921, 36.474, 31.343, 25.979, 21.689, 18.009, 14.056, 10.011, 5.25, 0.0, 7.17, 13.391, 17.514, 20.914, 23.651, 25.16, 26.015, 28.008, 31.555, 33.739, 34.619, 34.647, 34.79, 34.712, 36.276, 39.96, 41.961, 42.238, 42.936, 45.67, 48.854, 51.608, 57.689, 64.052, 63.772, 62.838, 63.423, 64.531, 65.482, 65.612, 65.418, 64.913, 65.499, 67.617, 69.578, 69.495, 68.929, 69.791, 70.646, 71.529, 70.74, 70.322, 71.024, 71.541], [69.535, 67.808, 65.421, 64.326, 63.898, 63.661, 64.239, 65.445, 66.884, 67.342, 67.272, 67.406, 67.597, 67.579, 66.825, 65.706, 64.739, 64.141, 62.948, 62.276, 61.419, 59.608, 58.36, 57.942, 58.115, 57.346, 54.665, 50.847, 47.762, 46.465, 45.414, 42.968, 41.579, 38.898, 33.597, 28.42, 24.621, 21.309, 17.774, 14.537, 11.163, 7.17, 0.0, 7.242, 12.495, 16.548, 19.907, 22.068, 23.586, 26.026, 29.854, 32.05, 32.787, 32.767, 33.19, 33.162, 34.647, 38.765, 41.087, 41.47, 42.466, 45.599, 49.036, 52.142, 58.72, 65.225, 64.798, 63.855, 64.566, 65.683, 66.515, 66.491, 66.144, 65.625, 66.429, 68.924, 71.206, 71.296, 70.738, 71.579, 72.454, 73.296, 72.481, 72.081, 72.867, 73.53], [70.827, 69.082, 66.685, 65.695, 65.432, 65.316, 66.051, 67.294, 68.862, 69.612, 69.727, 69.916, 70.125, 70.13, 69.337, 68.249, 67.434, 66.866, 65.675, 65.012, 64.137, 62.283, 61.039, 60.679, 60.918, 60.246, 57.603, 53.809, 50.855, 49.595, 48.391, 45.824, 44.381, 41.638, 36.231, 31.074, 27.584, 24.635, 21.476, 18.873, 16.423, 13.391, 7.242, 0.0, 6.173, 11.19, 15.524, 18.607, 21.054, 24.07, 28.088, 30.184, 30.768, 30.695, 31.291, 31.402, 32.897, 37.372, 39.953, 40.426, 41.558, 44.816, 48.391, 51.903, 59.16, 65.937, 65.295, 64.203, 64.996, 66.124, 66.859, 66.707, 66.176, 65.565, 66.507, 69.266, 71.816, 72.119, 71.622, 72.465, 73.361, 74.14, 73.268, 72.882, 73.766, 74.63], [71.497, 69.712, 67.254, 66.244, 66.017, 65.908, 66.715, 67.984, 69.63, 70.628, 71.012, 71.414, 71.735, 71.754, 70.908, 69.802, 69.038, 68.481, 67.281, 66.567, 65.7, 63.911, 62.691, 62.334, 62.599, 62.0, 59.472, 55.85, 53.081, 51.848, 50.576, 47.947, 46.514, 43.88, 38.572, 33.427, 29.965, 27.207, 24.346, 22.097, 20.005, 17.514, 12.495, 6.173, 0.0, 5.944, 11.364, 15.442, 18.803, 22.507, 26.769, 28.796, 29.334, 29.232, 29.832, 29.974, 31.584, 36.408, 39.157, 39.677, 40.794, 43.973, 47.555, 51.322, 59.097, 66.204, 65.474, 64.249, 65.093, 66.251, 66.935, 66.711, 66.06, 65.367, 66.349, 69.265, 71.913, 72.3, 71.869, 72.755, 73.678, 74.437, 73.541, 73.169, 74.096, 75.063], [72.036, 70.257, 67.787, 66.699, 66.428, 66.283, 67.071, 68.291, 69.923, 71.03, 71.611, 72.264, 72.756, 72.811, 71.927, 70.745, 69.959, 69.427, 68.237, 67.487, 66.623, 64.906, 63.738, 63.353, 63.607, 63.079, 60.708, 57.276, 54.816, 53.831, 52.689, 50.081, 48.627, 46.139, 40.992, 35.943, 32.424, 29.645, 26.799, 24.758, 22.982, 20.914, 16.548, 11.19, 5.944, 0.0, 6.125, 11.487, 16.02, 20.768, 25.226, 27.17, 27.801, 27.895, 28.948, 29.195, 31.08, 36.31, 39.212, 39.806, 40.975, 44.108, 47.569, 51.295, 59.289, 66.644, 66.019, 64.886, 65.803, 66.956, 67.595, 67.27, 66.478, 65.655, 66.58, 69.598, 72.222, 72.513, 72.057, 72.972, 73.931, 74.732, 73.861, 73.512, 74.469, 75.438], [72.269, 70.534, 68.067, 66.843, 66.476, 66.256, 66.938, 68.069, 69.622, 70.754, 71.479, 72.332, 72.98, 73.089, 72.176, 70.91, 70.081, 69.583, 68.39, 67.566, 66.675, 65.019, 63.895, 63.463, 63.697, 63.241, 61.084, 57.948, 55.911, 55.3, 54.403, 51.956, 50.595, 48.334, 43.373, 38.413, 34.787, 31.855, 28.809, 26.821, 25.319, 23.651, 19.907, 15.524, 11.364, 6.125, 0.0, 6.597, 12.375, 18.405, 23.144, 25.065, 25.981, 26.597, 28.403, 28.88, 31.172, 36.721, 39.705, 40.381, 41.606, 44.686, 47.984, 51.529, 59.545, 67.032, 66.567, 65.582, 66.532, 67.661, 68.268, 67.827, 66.845, 65.789, 66.567, 69.643, 72.19, 72.316, 71.786, 72.711, 73.751, 74.666, 73.826, 73.487, 74.455, 75.393], [71.886, 70.195, 67.708, 66.341, 65.888, 65.584, 66.182, 67.343, 68.831, 69.932, 70.749, 71.697, 72.411, 72.567, 71.674, 70.39, 69.537, 69.069, 67.83, 66.891, 65.982, 64.424, 63.351, 62.884, 63.092, 62.663, 60.69, 57.835, 56.109, 55.762, 55.09, 52.856, 51.638, 49.593, 44.843, 39.978, 36.265, 33.199, 29.99, 27.936, 26.546, 25.16, 22.068, 18.607, 15.442, 11.487, 6.597, 0.0, 6.974, 14.764, 20.483, 22.789, 24.161, 25.5, 27.97, 28.661, 31.207, 36.932, 39.96, 40.696, 41.915, 44.979, 48.215, 51.58, 59.451, 66.934, 66.578, 65.683, 66.61, 67.716, 68.323, 67.814, 66.676, 65.355, 65.968, 69.064, 71.525, 71.516, 70.91, 71.839, 73.007, 74.126, 73.349, 73.006, 73.94, 74.826], [70.492, 68.793, 66.216, 64.713, 64.166, 63.809, 64.314, 65.473, 66.956, 68.057, 68.929, 69.921, 70.666, 70.847, 70.048, 68.914, 68.095, 67.641, 66.384, 65.371, 64.435, 62.908, 61.844, 61.377, 61.595, 61.182, 59.232, 56.452, 54.942, 54.832, 54.323, 52.234, 51.17, 49.357, 44.841, 40.158, 36.571, 33.575, 30.38, 28.316, 27.08, 26.015, 23.586, 21.054, 18.803, 16.02, 12.375, 6.974, 0.0, 9.283, 16.546, 19.613, 21.327, 23.146, 26.015, 26.957, 29.801, 35.508, 38.476, 39.256, 40.688, 44.127, 47.448, 50.46, 57.833, 65.166, 64.89, 64.057, 64.969, 66.089, 66.728, 66.214, 65.029, 63.569, 64.082, 67.196, 69.605, 69.529, 68.923, 69.857, 71.059, 72.263, 71.543, 71.227, 72.149, 73.0], [67.623, 65.88, 63.179, 61.599, 61.032, 60.751, 61.108, 62.091, 63.63, 64.822, 65.714, 66.709, 67.48, 67.686, 67.011, 66.224, 65.622, 65.134, 63.837, 62.789, 61.85, 60.32, 59.255, 58.886, 59.199, 58.799, 56.69, 53.863, 52.576, 52.598, 52.212, 50.517, 49.902, 48.405, 44.117, 39.793, 36.682, 34.114, 31.277, 29.474, 28.65, 28.008, 26.026, 24.07, 22.507, 20.768, 18.405, 14.764, 9.283, 0.0, 9.043, 13.499, 15.735, 17.891, 20.843, 22.328, 25.56, 30.866, 33.672, 34.614, 36.561, 40.766, 44.442, 47.063, 53.662, 60.632, 60.26, 59.486, 60.526, 61.743, 62.428, 61.92, 60.767, 59.33, 59.911, 63.152, 65.619, 65.567, 65.016, 65.932, 67.094, 68.245, 67.523, 67.313, 68.33, 69.248], [65.353, 63.587, 60.747, 59.014, 58.442, 58.28, 58.428, 59.099, 60.54, 61.809, 62.722, 63.76, 64.601, 64.808, 64.102, 63.399, 62.996, 62.545, 61.252, 60.197, 59.24, 57.661, 56.587, 56.323, 56.716, 56.433, 54.442, 51.931, 51.216, 51.591, 51.597, 50.611, 50.501, 49.288, 45.101, 41.027, 38.238, 35.926, 33.331, 31.984, 31.759, 31.555, 29.854, 28.088, 26.769, 25.226, 23.144, 20.483, 16.546, 9.043, 0.0, 6.094, 9.7, 12.577, 16.436, 19.03, 22.771, 27.369, 30.014, 31.337, 33.805, 38.422, 42.156, 44.24, 50.163, 56.748, 56.237, 55.66, 56.974, 58.329, 59.042, 58.434, 57.141, 55.621, 56.29, 59.688, 62.099, 61.924, 61.384, 62.264, 63.363, 64.45, 63.729, 63.698, 65.009, 66.1], [65.568, 63.774, 60.842, 58.96, 58.319, 58.199, 58.312, 58.887, 60.249, 61.521, 62.474, 63.554, 64.416, 64.604, 63.848, 63.085, 62.699, 62.332, 61.17, 60.189, 59.252, 57.645, 56.542, 56.311, 56.751, 56.532, 54.635, 52.32, 51.856, 52.434, 52.682, 51.99, 52.01, 50.856, 46.665, 42.625, 39.928, 37.682, 35.123, 33.921, 33.862, 33.739, 32.05, 30.184, 28.796, 27.17, 25.065, 22.789, 19.613, 13.499, 6.094, 0.0, 4.876, 9.11, 14.42, 17.965, 22.213, 26.881, 29.606, 31.176, 33.841, 38.447, 42.103, 43.975, 49.687, 56.13, 55.44, 54.844, 56.306, 57.726, 58.385, 57.62, 56.119, 54.469, 55.213, 58.799, 61.243, 61.039, 60.53, 61.413, 62.514, 63.48, 62.618, 62.631, 64.217, 65.638], [65.847, 64.044, 61.147, 59.286, 58.611, 58.542, 58.783, 59.417, 60.762, 62.004, 62.938, 64.012, 64.854, 65.026, 64.274, 63.53, 63.148, 62.822, 61.853, 61.067, 60.206, 58.572, 57.449, 57.249, 57.74, 57.563, 55.614, 53.244, 52.743, 53.232, 53.356, 52.627, 52.649, 51.435, 47.174, 43.154, 40.544, 38.39, 35.947, 34.86, 34.824, 34.619, 32.787, 30.768, 29.334, 27.801, 25.981, 24.161, 21.327, 15.735, 9.7, 4.876, 0.0, 5.521, 12.158, 16.24, 20.761, 25.742, 28.663, 30.361, 33.193, 37.878, 41.553, 43.49, 49.414, 55.933, 55.101, 54.41, 55.915, 57.347, 57.954, 57.115, 55.55, 53.955, 54.851, 58.556, 61.096, 60.959, 60.48, 61.359, 62.413, 63.245, 62.32, 62.345, 64.032, 65.643], [65.426, 63.621, 60.796, 59.025, 58.38, 58.382, 58.768, 59.475, 60.821, 62.048, 62.93, 63.955, 64.766, 64.92, 64.167, 63.439, 63.081, 62.762, 61.924, 61.348, 60.647, 59.035, 57.822, 57.598, 58.105, 57.918, 55.846, 53.436, 52.91, 53.116, 52.863, 51.99, 52.064, 50.822, 46.482, 42.44, 39.873, 37.867, 35.69, 34.86, 34.901, 34.647, 32.767, 30.695, 29.232, 27.895, 26.597, 25.5, 23.146, 17.891, 12.577, 9.11, 5.521, 0.0, 7.836, 12.52, 17.585, 23.053, 26.236, 28.057, 30.916, 35.482, 39.084, 41.162, 47.545, 54.394, 53.562, 52.861, 54.491, 56.049, 56.748, 56.008, 54.561, 53.161, 54.237, 58.006, 60.61, 60.474, 60.0, 60.901, 61.874, 62.612, 61.683, 61.736, 63.433, 65.018], [63.718, 61.931, 59.217, 57.625, 57.089, 57.111, 57.637, 58.467, 59.849, 61.097, 61.974, 62.956, 63.724, 63.861, 63.114, 62.46, 62.18, 61.831, 61.022, 60.598, 60.154, 58.761, 57.532, 57.292, 57.806, 57.533, 55.312, 52.949, 52.302, 51.917, 51.127, 50.243, 50.6, 49.436, 45.106, 41.134, 38.691, 37.001, 35.337, 34.866, 35.002, 34.79, 33.19, 31.291, 29.832, 28.948, 28.403, 27.97, 26.015, 20.843, 16.436, 14.42, 12.158, 7.836, 0.0, 6.141, 12.091, 17.793, 21.152, 22.994, 25.602, 30.053, 33.884, 36.44, 43.625, 51.125, 50.181, 49.153, 50.832, 52.536, 53.326, 52.695, 51.41, 50.27, 51.534, 55.395, 58.19, 58.209, 57.814, 58.774, 59.735, 60.481, 59.545, 59.566, 61.163, 62.721], [63.402, 61.68, 59.209, 57.83, 57.352, 57.334, 57.952, 58.851, 60.211, 61.428, 62.296, 63.274, 64.011, 64.132, 63.361, 62.706, 62.404, 62.017, 61.209, 60.82, 60.519, 59.423, 58.407, 58.188, 58.659, 58.268, 55.969, 53.651, 52.794, 51.875, 50.574, 49.448, 49.849, 48.661, 44.377, 40.546, 38.141, 36.564, 35.208, 34.969, 35.065, 34.712, 33.162, 31.402, 29.974, 29.195, 28.88, 28.661, 26.957, 22.328, 19.03, 17.965, 16.24, 12.52, 6.141, 0.0, 7.234, 14.664, 18.469, 20.295, 22.512, 26.632, 30.508, 33.629, 41.981, 50.399, 49.674, 48.457, 50.041, 51.744, 52.57, 52.043, 50.993, 50.164, 51.497, 55.31, 58.173, 58.302, 57.939, 58.929, 59.884, 60.708, 59.882, 59.856, 61.308, 62.69], [62.725, 61.068, 58.844, 57.826, 57.576, 57.629, 58.477, 59.551, 60.96, 62.111, 62.862, 63.731, 64.381, 64.493, 63.724, 63.127, 62.906, 62.481, 61.643, 61.313, 61.14, 60.285, 59.629, 59.619, 60.094, 59.586, 57.053, 54.529, 53.36, 51.868, 49.993, 48.65, 49.029, 47.729, 43.577, 40.184, 38.173, 36.972, 36.179, 36.402, 36.67, 36.276, 34.647, 32.897, 31.584, 31.08, 31.172, 31.207, 29.801, 25.56, 22.771, 22.213, 20.761, 17.585, 12.091, 7.234, 0.0, 9.4, 14.043, 16.128, 18.57, 23.136, 27.395, 31.236, 40.518, 49.402, 48.709, 47.345, 48.831, 50.465, 51.257, 50.808, 50.002, 49.492, 50.994, 54.834, 57.865, 58.334, 58.075, 59.029, 59.954, 60.839, 60.2, 60.178, 61.589, 62.907], [59.609, 58.044, 55.971, 55.296, 55.347, 55.503, 56.477, 57.6, 59.026, 60.174, 60.847, 61.592, 62.173, 62.291, 61.555, 61.155, 61.214, 60.803, 59.957, 59.723, 59.639, 58.853, 58.406, 58.668, 59.225, 58.685, 56.024, 53.444, 52.304, 50.56, 48.41, 47.363, 48.115, 47.006, 43.194, 40.493, 39.172, 38.523, 38.317, 39.104, 39.912, 39.96, 38.765, 37.372, 36.408, 36.31, 36.721, 36.932, 35.508, 30.866, 27.369, 26.881, 25.742, 23.053, 17.793, 14.664, 9.4, 0.0, 5.472, 8.685, 12.545, 19.005, 24.002, 27.804, 36.788, 45.261, 44.207, 42.741, 44.227, 45.796, 46.559, 46.159, 45.439, 45.08, 46.738, 50.639, 53.88, 54.73, 54.649, 55.54, 56.351, 57.233, 56.773, 56.817, 58.241, 59.586], [58.377, 56.85, 54.833, 54.283, 54.444, 54.615, 55.547, 56.6, 58.023, 59.218, 59.922, 60.659, 61.239, 61.354, 60.638, 60.375, 60.548, 60.135, 59.28, 59.03, 58.947, 58.181, 57.786, 58.148, 58.78, 58.266, 55.567, 53.01, 51.926, 50.137, 47.957, 47.115, 48.134, 47.211, 43.627, 41.238, 40.177, 39.733, 39.741, 40.713, 41.703, 41.961, 41.087, 39.953, 39.157, 39.212, 39.705, 39.96, 38.476, 33.672, 30.014, 29.606, 28.663, 26.236, 21.152, 18.469, 14.043, 5.472, 0.0, 4.637, 9.864, 17.555, 22.91, 26.408, 34.873, 43.173, 42.054, 40.546, 42.052, 43.623, 44.428, 44.121, 43.464, 43.159, 44.824, 48.683, 51.986, 52.993, 53.031, 53.914, 54.644, 55.474, 55.033, 55.073, 56.446, 57.732], [58.309, 56.745, 54.684, 54.198, 54.451, 54.627, 55.55, 56.614, 58.07, 59.273, 59.977, 60.713, 61.297, 61.413, 60.715, 60.486, 60.677, 60