[[0.0, 6.939, 10.045, 11.346, 13.205, 14.409, 16.62, 18.28, 18.487, 20.175, 22.065, 25.355, 26.803, 27.641, 28.322, 28.858, 29.576, 32.168, 35.88, 36.758, 39.699, 44.987, 49.141, 51.682, 51.767, 52.044, 53.889, 55.116, 56.59, 59.462, 62.671, 63.407, 64.348, 65.697, 66.038, 65.468, 62.828, 61.526, 62.247, 61.619, 60.277, 59.963, 60.113, 60.772, 61.68, 60.426, 59.801, 59.867, 58.644, 57.703, 57.508, 56.295, 54.371, 52.33, 49.908, 47.767, 47.368, 47.494, 46.273, 45.554, 46.302, 46.46, 46.922, 48.083, 49.892, 52.244, 54.223, 55.87, 57.007, 57.11, 59.459, 63.456, 64.452, 63.631, 62.809, 62.755, 62.205, 61.245, 61.274, 61.824, 62.74, 63.283, 63.921, 64.494, 64.815, 65.467], [6.939, 0.0, 4.862, 7.271, 9.706, 11.268, 13.56, 15.457, 15.534, 17.361, 19.827, 23.329, 24.797, 25.807, 26.83, 27.647, 28.453, 31.0, 34.395, 35.029, 38.087, 43.433, 47.4, 49.727, 49.84, 50.474, 52.509, 53.695, 55.058, 57.932, 61.363, 62.257, 63.133, 64.428, 64.767, 64.334, 61.897, 60.524, 61.153, 60.566, 59.235, 58.901, 59.05, 59.663, 60.503, 59.245, 58.648, 58.691, 57.422, 56.477, 56.305, 54.992, 53.137, 51.581, 49.384, 47.214, 46.889, 47.085, 45.835, 44.75, 45.263, 45.634, 46.475, 47.986, 50.052, 52.421, 54.34, 55.996, 57.25, 57.447, 59.734, 63.729, 64.678, 63.818, 63.03, 63.02, 62.491, 61.582, 61.756, 62.373, 63.284, 63.861, 64.514, 65.065, 65.381, 66.057], [10.045, 4.862, 0.0, 4.6, 8.384, 10.664, 13.774, 16.178, 16.339, 18.246, 20.912, 24.264, 25.59, 26.552, 27.507, 28.153, 28.87, 31.452, 34.886, 35.321, 38.069, 43.233, 47.184, 49.478, 49.483, 50.011, 52.04, 53.253, 54.623, 57.38, 60.707, 61.621, 62.519, 63.751, 63.992, 63.585, 61.329, 60.063, 60.647, 60.059, 58.795, 58.472, 58.62, 59.224, 60.024, 58.727, 58.119, 58.164, 56.932, 56.013, 55.85, 54.558, 52.641, 51.11, 49.044, 46.975, 46.696, 46.956, 45.851, 44.889, 45.355, 45.645, 46.473, 48.044, 50.149, 52.517, 54.446, 56.118, 57.411, 57.643, 59.861, 63.82, 64.808, 63.954, 63.13, 63.088, 62.601, 61.726, 61.89, 62.475, 63.344, 63.884, 64.493, 65.03, 65.363, 66.057], [11.346, 7.271, 4.6, 0.0, 4.64, 7.843, 12.254, 15.395, 15.64, 17.39, 19.933, 23.296, 24.57, 25.435, 26.474, 27.333, 28.105, 30.491, 33.858, 34.516, 37.494, 42.646, 46.677, 49.126, 49.146, 49.63, 51.702, 52.937, 54.338, 57.222, 60.675, 61.587, 62.498, 63.801, 64.078, 63.726, 61.451, 60.182, 60.79, 60.153, 58.81, 58.452, 58.574, 59.174, 60.065, 58.897, 58.338, 58.38, 57.13, 56.198, 56.012, 54.725, 52.842, 51.271, 49.196, 47.163, 46.866, 47.037, 45.947, 45.195, 45.84, 46.179, 46.901, 48.408, 50.547, 52.844, 54.629, 56.161, 57.339, 57.514, 59.71, 63.598, 64.556, 63.718, 62.915, 62.879, 62.359, 61.469, 61.716, 62.427, 63.365, 63.926, 64.517, 65.028, 65.363, 66.033], [13.205, 9.706, 8.384, 4.64, 0.0, 4.206, 10.041, 13.782, 14.099, 15.869, 18.499, 22.046, 23.301, 24.115, 25.283, 26.374, 27.22, 29.48, 32.772, 33.601, 36.86, 42.064, 46.166, 48.739, 48.818, 49.407, 51.616, 52.866, 54.273, 57.278, 60.851, 61.777, 62.681, 64.024, 64.381, 64.212, 61.947, 60.625, 61.239, 60.551, 59.128, 58.731, 58.825, 59.405, 60.331, 59.242, 58.743, 58.786, 57.507, 56.557, 56.353, 55.059, 53.238, 51.683, 49.546, 47.477, 47.148, 47.246, 46.16, 45.513, 46.227, 46.598, 47.254, 48.741, 50.966, 53.219, 54.872, 56.294, 57.401, 57.514, 59.676, 63.509, 64.432, 63.598, 62.817, 62.801, 62.258, 61.374, 61.75, 62.629, 63.661, 64.266, 64.868, 65.366, 65.693, 66.335], [14.409, 11.268, 10.664, 7.843, 4.206, 0.0, 6.968, 11.249, 11.754, 13.834, 16.779, 20.516, 21.904, 22.819, 24.096, 25.388, 26.295, 28.531, 31.869, 32.699, 36.043, 41.337, 45.437, 48.041, 48.182, 48.958, 51.353, 52.666, 54.123, 57.225, 60.853, 61.783, 62.698, 64.057, 64.454, 64.405, 62.169, 60.785, 61.397, 60.694, 59.227, 58.786, 58.848, 59.398, 60.298, 59.218, 58.74, 58.779, 57.469, 56.473, 56.256, 54.953, 53.139, 51.652, 49.597, 47.574, 47.278, 47.374, 46.276, 45.564, 46.215, 46.578, 47.272, 48.891, 51.25, 53.449, 54.987, 56.373, 57.498, 57.595, 59.735, 63.549, 64.456, 63.613, 62.829, 62.836, 62.291, 61.386, 61.819, 62.806, 63.897, 64.524, 65.138, 65.637, 65.961, 66.613], [16.62, 13.56, 13.774, 12.254, 10.041, 6.968, 0.0, 4.862, 6.515, 10.275, 14.61, 18.764, 20.469, 21.596, 22.951, 24.615, 25.643, 27.895, 31.213, 32.308, 36.014, 41.424, 45.564, 48.084, 48.34, 49.525, 52.052, 53.366, 54.871, 58.108, 61.819, 62.76, 63.666, 65.014, 65.46, 65.489, 63.298, 61.86, 62.421, 61.777, 60.315, 59.814, 59.846, 60.3, 61.037, 59.961, 59.533, 59.55, 58.216, 57.149, 56.887, 55.558, 53.786, 52.423, 50.565, 48.668, 48.166, 48.152, 47.093, 46.129, 46.612, 47.152, 48.124, 50.008, 52.477, 54.536, 55.909, 57.258, 58.432, 58.544, 60.727, 64.604, 65.494, 64.609, 63.825, 63.88, 63.324, 62.346, 62.756, 63.774, 64.885, 65.534, 66.157, 66.644, 66.971, 67.649], [18.28, 15.457, 16.178, 15.395, 13.782, 11.249, 4.862, 0.0, 4.127, 9.494, 14.445, 18.793, 20.626, 21.836, 23.203, 24.93, 26.01, 28.321, 31.644, 32.909, 36.798, 42.288, 46.479, 48.928, 49.19, 50.424, 52.878, 54.153, 55.649, 58.918, 62.681, 63.646, 64.533, 65.863, 66.344, 66.402, 64.22, 62.766, 63.306, 62.7, 61.252, 60.744, 60.785, 61.203, 61.847, 60.745, 60.33, 60.334, 58.997, 57.93, 57.643, 56.274, 54.495, 53.149, 51.316, 49.437, 48.808, 48.711, 47.663, 46.637, 47.107, 47.771, 48.881, 50.828, 53.263, 55.243, 56.571, 57.915, 59.099, 59.22, 61.419, 65.305, 66.172, 65.257, 64.472, 64.55, 63.988, 62.984, 63.381, 64.404, 65.527, 66.196, 66.835, 67.312, 67.634, 68.324], [18.487, 15.534, 16.339, 15.64, 14.099, 11.754, 6.515, 4.127, 0.0, 6.102, 11.945, 16.679, 18.643, 19.921, 21.585, 23.637, 24.775, 27.01, 30.333, 31.589, 35.598, 41.313, 45.651, 48.171, 48.427, 49.631, 52.074, 53.365, 54.841, 58.111, 61.998, 63.03, 63.904, 65.219, 65.736, 65.813, 63.548, 62.052, 62.626, 62.034, 60.546, 60.046, 60.152, 60.651, 61.412, 60.394, 59.998, 59.996, 58.646, 57.603, 57.293, 55.879, 54.117, 52.77, 50.826, 48.831, 48.135, 47.962, 46.903, 45.909, 46.388, 47.029, 48.086, 49.983, 52.435, 54.443, 55.762, 57.109, 58.286, 58.396, 60.609, 64.44, 65.238, 64.307, 63.551, 63.645, 63.077, 62.093, 62.544, 63.618, 64.782, 65.482, 66.147, 66.648, 66.963, 67.622], [20.175, 17.361, 18.246, 17.39, 15.869, 13.834, 10.275, 9.494, 6.102, 0.0, 7.313, 12.854, 15.159, 16.588, 18.868, 21.626, 22.843, 24.834, 28.084, 29.442, 33.894, 40.031, 44.591, 47.337, 47.635, 48.786, 51.269, 52.583, 54.045, 57.432, 61.557, 62.647, 63.527, 64.928, 65.511, 65.581, 63.135, 61.563, 62.217, 61.571, 59.932, 59.419, 59.608, 60.331, 61.442, 60.629, 60.254, 60.238, 58.831, 57.782, 57.448, 55.92, 54.133, 52.762, 50.635, 48.502, 47.795, 47.48, 46.392, 45.549, 46.084, 46.649, 47.496, 49.176, 51.565, 53.539, 54.784, 56.075, 57.188, 57.262, 59.535, 63.305, 64.0, 63.092, 62.423, 62.566, 61.978, 60.988, 61.498, 62.634, 63.852, 64.603, 65.308, 65.826, 66.134, 66.773], [22.065, 19.827, 20.912, 19.933, 18.499, 16.779, 14.61, 14.445, 11.945, 7.313, 0.0, 6.947, 10.156, 11.715, 14.744, 18.156, 19.496, 21.315, 24.797, 26.764, 32.23, 39.063, 44.233, 47.566, 47.66, 48.092, 50.458, 51.816, 53.358, 57.092, 61.511, 62.58, 63.567, 65.239, 65.9, 65.898, 63.133, 61.441, 62.247, 61.425, 59.548, 59.042, 59.278, 60.297, 61.992, 61.462, 61.072, 61.047, 59.526, 58.487, 58.169, 56.446, 54.518, 52.911, 50.423, 48.293, 47.871, 47.373, 46.21, 45.978, 46.855, 47.073, 47.278, 48.362, 50.368, 52.092, 53.227, 54.442, 55.414, 55.423, 57.751, 61.357, 61.951, 61.134, 60.57, 60.789, 60.177, 59.159, 59.714, 60.914, 62.184, 62.993, 63.775, 64.289, 64.588, 65.304], [25.355, 23.329, 24.264, 23.296, 22.046, 20.516, 18.764, 18.793, 16.679, 12.854, 6.947, 0.0, 4.584, 7.427, 11.419, 15.599, 16.876, 18.177, 21.6, 23.956, 30.177, 37.466, 43.077, 46.719, 46.736, 47.089, 49.595, 51.046, 52.724, 56.719, 61.263, 62.283, 63.378, 65.234, 65.934, 65.885, 62.905, 61.081, 61.955, 61.078, 59.104, 58.572, 58.806, 59.908, 61.894, 61.674, 61.373, 61.336, 59.716, 58.614, 58.29, 56.492, 54.606, 53.098, 50.757, 48.907, 48.684, 48.086, 46.957, 46.935, 47.796, 47.747, 47.654, 48.652, 50.653, 52.209, 53.148, 54.26, 55.198, 55.222, 57.562, 61.034, 61.57, 60.831, 60.341, 60.615, 60.064, 59.123, 59.765, 60.985, 62.209, 63.011, 63.816, 64.324, 64.64, 65.419], [26.803, 24.797, 25.59, 24.57, 23.301, 21.904, 20.469, 20.626, 18.643, 15.159, 10.156, 4.584, 0.0, 4.877, 9.856, 14.165, 15.275, 16.519, 20.08, 22.598, 29.154, 36.591, 42.36, 46.096, 46.132, 46.55, 49.166, 50.663, 52.404, 56.47, 61.03, 62.046, 63.171, 65.067, 65.767, 65.731, 62.733, 60.868, 61.733, 60.849, 58.878, 58.344, 58.555, 59.647, 61.658, 61.534, 61.327, 61.305, 59.656, 58.532, 58.236, 56.439, 54.546, 53.039, 50.715, 48.924, 48.767, 48.164, 47.071, 47.161, 48.001, 47.901, 47.749, 48.767, 50.844, 52.448, 53.39, 54.484, 55.427, 55.464, 57.806, 61.277, 61.817, 61.107, 60.629, 60.903, 60.41, 59.573, 60.297, 61.538, 62.741, 63.523, 64.321, 64.838, 65.164, 65.949], [27.641, 25.807, 26.552, 25.435, 24.115, 22.819, 21.596, 21.836, 19.921, 16.588, 11.715, 7.427, 4.877, 0.0, 6.346, 11.787, 13.247, 14.459, 18.494, 22.056, 29.099, 36.635, 42.773, 46.724, 46.625, 46.719, 49.176, 50.648, 52.435, 56.591, 61.216, 62.236, 63.379, 65.286, 66.029, 65.997, 62.919, 61.063, 61.947, 61.054, 59.082, 58.575, 58.822, 59.968, 62.076, 62.01, 61.848, 61.847, 60.214, 59.165, 58.839, 56.992, 55.071, 53.326, 50.81, 49.026, 48.75, 48.028, 47.05, 47.454, 48.492, 48.394, 48.08, 48.862, 50.718, 52.18, 53.04, 54.069, 54.884, 54.833, 57.203, 60.614, 61.121, 60.41, 59.952, 60.237, 59.708, 58.816, 59.519, 60.803, 62.062, 62.882, 63.688, 64.179, 64.496, 65.307], [28.322, 26.83, 27.507, 26.474, 25.283, 24.096, 22.951, 23.203, 21.585, 18.868, 14.744, 11.419, 9.856, 6.346, 0.0, 6.662, 8.752, 10.586, 15.876, 20.28, 27.587, 35.252, 41.816, 46.036, 45.853, 45.673, 48.026, 49.458, 51.316, 55.663, 60.384, 61.389, 62.573, 64.463, 65.178, 65.133, 62.01, 60.105, 60.962, 60.139, 58.296, 57.821, 58.056, 59.162, 61.272, 61.268, 61.144, 61.159, 59.545, 58.526, 58.194, 56.3, 54.288, 52.402, 49.949, 48.299, 47.943, 47.199, 46.283, 46.724, 47.847, 47.813, 47.546, 48.326, 50.047, 51.411, 52.282, 53.394, 54.272, 54.22, 56.631, 60.102, 60.638, 59.915, 59.423, 59.68, 59.171, 58.257, 58.883, 60.125, 61.376, 62.188, 63.003, 63.523, 63.854, 64.696], [28.858, 27.647, 28.153, 27.333, 26.374, 25.388, 24.615, 24.93, 23.637, 21.626, 18.156, 15.599, 14.165, 11.787, 6.662, 0.0, 3.172, 7.786, 14.607, 18.852, 25.876, 33.511, 40.34, 44.822, 44.53, 43.815, 45.979, 47.406, 49.321, 53.764, 58.506, 59.524, 60.758, 62.605, 63.246, 63.24, 60.206, 58.301, 59.141, 58.407, 56.767, 56.356, 56.502, 57.509, 59.547, 59.489, 59.365, 59.408, 57.814, 56.88, 56.668, 54.79, 52.639, 50.591, 48.183, 46.696, 46.506, 45.806, 44.833, 45.369, 46.638, 46.632, 46.414, 47.178, 48.784, 50.196, 51.294, 52.624, 53.667, 53.676, 56.041, 59.529, 60.111, 59.372, 58.771, 58.946, 58.525, 57.736, 58.361, 59.55, 60.763, 61.53, 62.354, 62.934, 63.274, 64.119], [29.576, 28.453, 28.87, 28.105, 27.22, 26.295, 25.643, 26.01, 24.775, 22.843, 19.496, 16.876, 15.275, 13.247, 8.752, 3.172, 0.0, 6.592, 13.912, 17.955, 24.957, 32.647, 39.558, 44.111, 43.815, 43.097, 45.319, 46.783, 48.75, 53.224, 57.946, 58.974, 60.247, 62.099, 62.716, 62.723, 59.701, 57.785, 58.631, 57.904, 56.297, 55.903, 56.034, 57.037, 59.068, 59.01, 58.896, 58.947, 57.35, 56.412, 56.247, 54.424, 52.299, 50.244, 47.848, 46.434, 46.332, 45.617, 44.63, 45.18, 46.381, 46.279, 46.032, 46.812, 48.452, 49.901, 51.035, 52.407, 53.516, 53.566, 55.909, 59.398, 60.004, 59.281, 58.673, 58.839, 58.474, 57.783, 58.455, 59.631, 60.81, 61.545, 62.36, 62.961, 63.312, 64.135], [32.168, 31.0, 31.452, 30.491, 29.48, 28.531, 27.895, 28.321, 27.01, 24.834, 21.315, 18.177, 16.519, 14.459, 10.586, 7.786, 6.592, 0.0, 8.415, 14.473, 22.292, 30.009, 37.347, 42.116, 41.791, 41.336, 43.793, 45.295, 47.296, 52.033, 56.976, 57.989, 59.263, 61.21, 61.872, 61.834, 58.655, 56.647, 57.57, 56.886, 55.236, 54.839, 54.967, 55.96, 58.218, 58.498, 58.503, 58.551, 56.926, 55.986, 55.753, 54.102, 52.406, 50.543, 48.328, 47.185, 47.099, 46.206, 45.249, 45.902, 47.126, 46.912, 46.473, 47.201, 48.886, 50.121, 50.941, 52.126, 53.188, 53.281, 55.508, 58.804, 59.376, 58.676, 58.182, 58.379, 57.953, 57.3, 58.087, 59.387, 60.614, 61.353, 62.142, 62.741, 63.128, 63.852], [35.88, 34.395, 34.886, 33.858, 32.772, 31.869, 31.213, 31.644, 30.333, 28.084, 24.797, 21.6, 20.08, 18.494, 15.876, 14.607, 13.912, 8.415, 0.0, 9.761, 19.341, 26.838, 34.131, 39.028, 39.072, 39.677, 42.656, 44.147, 46.037, 50.846, 55.943, 56.96, 58.117, 60.041, 60.804, 60.882, 57.71, 55.546, 56.467, 55.95, 54.396, 54.027, 54.096, 54.942, 57.361, 58.063, 58.216, 58.262, 56.591, 55.62, 55.388, 53.898, 52.808, 51.433, 49.435, 48.501, 48.485, 47.535, 46.506, 46.83, 47.969, 47.944, 47.683, 48.572, 50.419, 51.577, 52.174, 53.217, 54.273, 54.405, 56.498, 59.617, 60.079, 59.352, 58.958, 59.184, 58.75, 58.189, 59.133, 60.578, 61.866, 62.64, 63.421, 64.001, 64.395, 65.02], [36.758, 35.029, 35.321, 34.516, 33.601, 32.699, 32.308, 32.909, 31.589, 29.442, 26.764, 23.956, 22.598, 22.056, 20.28, 18.852, 17.955, 14.473, 9.761, 0.0, 11.817, 21.166, 28.3, 33.079, 33.612, 35.696, 39.757, 41.575, 43.424, 47.931, 52.832, 53.863, 54.944, 56.806, 57.486, 57.668, 54.624, 52.203, 52.99, 52.573, 51.094, 50.671, 50.721, 51.622, 54.023, 54.701, 54.839, 54.867, 53.195, 52.148, 51.982, 50.564, 49.612, 49.216, 47.962, 47.049, 47.393, 46.798, 45.628, 45.351, 45.919, 45.72, 45.824, 47.272, 49.655, 51.165, 51.926, 53.098, 54.423, 54.666, 56.726, 60.069, 60.609, 59.883, 59.458, 59.652, 59.403, 59.038, 60.061, 61.506, 62.744, 63.476, 64.239, 64.853, 65.259, 65.864], [39.699, 38.087, 38.069, 37.494, 36.86, 36.043, 36.014, 36.798, 35.598, 33.894, 32.23, 30.177, 29.154, 29.099, 27.587, 25.876, 24.957, 22.292, 19.341, 11.817, 0.0, 11.668, 19.917, 24.887, 25.392, 28.721, 33.839, 35.948, 37.736, 41.913, 46.605, 47.672, 48.763, 50.587, 51.118, 51.493, 48.738, 46.225, 46.898, 46.679, 45.46, 45.003, 44.922, 45.655, 47.838, 48.558, 48.753, 48.802, 47.203, 46.165, 46.076, 45.066, 44.374, 44.783, 45.035, 44.816, 45.459, 45.17, 44.047, 43.486, 43.7, 43.24, 43.496, 45.452, 48.384, 50.169, 51.009, 52.292, 53.963, 54.393, 56.223, 59.66, 60.353, 59.624, 59.15, 59.236, 59.117, 59.027, 60.173, 61.577, 62.709, 63.313, 63.955, 64.623, 65.092, 65.572], [44.987, 43.433, 43.233, 42.646, 42.064, 41.337, 41.424, 42.288, 41.313, 40.031, 39.063, 37.466, 36.591, 36.635, 35.252, 33.511, 32.647, 30.009, 26.838, 21.166, 11.668, 0.0, 10.562, 17.133, 17.668, 22.567, 28.716, 30.816, 32.438, 36.573, 41.161, 42.259, 43.376, 45.2, 45.862, 46.742, 44.596, 42.371, 43.01, 42.942, 42.15, 41.771, 41.406, 41.512, 43.247, 44.294, 44.666, 44.774, 43.234, 42.146, 42.216, 41.829, 41.984, 42.739, 43.949, 44.907, 45.952, 45.536, 44.338, 43.578, 43.792, 43.552, 44.071, 46.445, 49.798, 51.741, 52.594, 53.888, 55.758, 56.342, 57.758, 60.892, 61.607, 60.913, 60.431, 60.432, 60.346, 60.549, 61.971, 63.413, 64.486, 64.995, 65.516, 66.261, 66.776, 67.03], [49.141, 47.4, 47.184, 46.677, 46.166, 45.437, 45.564, 46.479, 45.651, 44.591, 44.233, 43.077, 42.36, 42.773, 41.816, 40.34, 39.558, 37.347, 34.131, 28.3, 19.917, 10.562, 0.0, 8.34, 11.776, 21.213, 28.547, 30.615, 31.849, 35.392, 39.546, 40.696, 41.628, 43.354, 44.114, 45.265, 43.735, 41.618, 42.122, 42.14, 41.557, 41.185, 40.624, 40.309, 41.513, 42.513, 42.925, 43.047, 41.52, 40.24, 40.47, 40.458, 41.391, 43.372, 45.35, 46.679, 48.289, 48.107, 46.56, 44.865, 44.634, 44.86, 46.236, 49.388, 53.297, 55.496, 56.428, 57.708, 59.703, 60.455, 61.62, 64.573, 65.247, 64.584, 64.114, 64.097, 64.078, 64.45, 66.044, 67.504, 68.515, 69.003, 69.492, 70.257, 70.77, 70.908], [51.682, 49.727, 49.478, 49.126, 48.739, 48.041, 48.084, 48.928, 48.171, 47.337, 47.566, 46.719, 46.096, 46.724, 46.036, 44.822, 44.111, 42.116, 39.028, 33.079, 24.887, 17.133, 8.34, 0.0, 8.457, 21.973, 29.79, 31.872, 32.808, 35.412, 38.955, 40.145, 40.839, 42.298, 43.029, 44.24, 43.09, 41.0, 41.271, 41.481, 41.06, 40.641, 40.053, 39.53, 40.196, 41.035, 41.533, 41.647, 40.211, 38.883, 39.101, 39.367, 40.914, 44.087, 46.958, 48.368, 50.022, 50.206, 48.789, 46.466, 45.679, 46.067, 48.007, 51.673, 55.891, 58.17, 59.033, 60.238, 62.271, 63.14, 64.208, 67.161, 67.866, 67.185, 66.716, 66.695, 66.736, 67.165, 68.764, 70.17, 71.084, 71.519, 71.944, 72.657, 73.183, 73.265], [51.767, 49.84, 49.483, 49.146, 48.818, 48.182, 48.34, 49.19, 48.427, 47.635, 47.66, 46.736, 46.132, 46.625, 45.853, 44.53, 43.815, 41.791, 39.072, 33.612, 25.392, 17.668, 11.776, 8.457, 0.0, 15.03, 23.82, 26.423, 27.584, 30.377, 34.14, 35.318, 36.133, 37.861, 38.617, 39.817, 38.539, 36.496, 36.729, 36.721, 36.221, 35.796, 35.333, 34.967, 35.882, 36.931, 37.483, 37.594, 36.191, 35.078, 35.277, 35.46, 37.126, 40.43, 43.711, 45.751, 47.594, 47.657, 46.753, 45.474, 45.076, 45.083, 46.554, 49.871, 53.774, 55.741, 56.441, 57.611, 59.666, 60.602, 61.53, 64.312, 65.071, 64.47, 64.019, 63.99, 64.058, 64.544, 66.206, 67.655, 68.555, 68.921, 69.271, 69.982, 70.531, 70.544], [52.044, 50.474, 50.011, 49.63, 49.407, 48.958, 49.525, 50.424, 49.631, 48.786, 48.092, 47.089, 46.55, 46.719, 45.673, 43.815, 43.097, 41.336, 39.677, 35.696, 28.721, 22.567, 21.213, 21.973, 15.03, 0.0, 10.554, 14.875, 17.123, 21.303, 26.163, 27.276, 28.566, 31.109, 31.917, 32.921, 31.272, 29.785, 30.373, 29.881, 29.219, 28.97, 28.742, 28.901, 30.87, 32.314, 32.781, 32.912, 31.577, 31.155, 31.503, 31.199, 32.152, 34.181, 37.286, 40.392, 42.775, 42.318, 41.997, 43.448, 44.833, 44.571, 45.017, 47.182, 49.944, 51.143, 51.669, 52.811, 54.789, 55.785, 56.415, 58.622, 59.306, 58.833, 58.348, 58.259, 58.346, 58.981, 60.82, 62.398, 63.37, 63.673, 63.95, 64.709, 65.267, 65.21], [53.889, 52.509, 52.04, 51.702, 51.616, 51.353, 52.052, 52.878, 52.074, 51.269, 50.458, 49.595, 49.166, 49.176, 48.026, 45.979, 45.319, 43.793, 42.656, 39.757, 33.839, 28.716, 28.547, 29.79, 23.82, 10.554, 0.0, 6.07, 9.858, 15.244, 21.122, 22.248, 23.783, 26.777, 27.845, 28.893, 27.219, 26.618, 27.682, 27.398, 27.035, 26.984, 26.909, 27.118, 29.429, 31.166, 31.637, 31.768, 30.62, 30.856, 31.317, 30.745, 31.272, 32.126, 34.998, 38.581, 40.875, 40.006, 39.869, 42.851, 45.773, 45.996, 46.224, 47.717, 49.617, 50.337, 50.781, 51.869, 53.717, 54.714, 55.2, 57.084, 57.612, 57.098, 56.557, 56.409, 56.488, 57.248, 59.188, 60.796, 61.787, 62.053, 62.265, 63.033, 63.588, 63.466], [55.116, 53.695, 53.253, 52.937, 52.866, 52.666, 53.366, 54.153, 53.365, 52.583, 51.816, 51.046, 50.663, 50.648, 49.458, 47.406, 46.783, 45.295, 44.147, 41.575, 35.948, 30.816, 30.615, 31.872, 26.423, 14.875, 6.07, 0.0, 5.34, 12.741, 19.742, 21.005, 22.461, 25.556, 26.799, 28.124, 26.577, 26.139, 27.36, 27.285, 27.151, 27.131, 26.945, 26.904, 29.221, 31.213, 31.74, 31.863, 30.774, 31.195, 31.788, 31.113, 31.565, 32.202, 34.986, 38.533, 40.663, 39.684, 39.389, 42.404, 45.876, 46.61, 46.987, 48.35, 50.08, 50.802, 51.319, 52.46, 54.344, 55.338, 55.812, 57.698, 58.158, 57.605, 57.071, 56.916, 56.98, 57.79, 59.777, 61.38, 62.369, 62.646, 62.871, 63.661, 64.213, 64.075], [56.59, 55.058, 54.623, 54.338, 54.273, 54.123, 54.871, 55.649, 54.841, 54.045, 53.358, 52.724, 52.404, 52.435, 51.316, 49.321, 48.75, 47.296, 46.037, 43.424, 37.736, 32.438, 31.849, 32.808, 27.584, 17.123, 9.858, 5.34, 0.0, 9.461, 18.123, 19.8, 20.882, 23.991, 25.388, 26.959, 25.589, 25.095, 26.327, 26.444, 26.499, 26.529, 26.236, 26.004, 28.323, 30.511, 31.09, 31.187, 30.112, 30.629, 31.28, 30.661, 31.328, 32.245, 35.221, 38.713, 40.837, 39.912, 39.527, 42.251, 45.687, 46.657, 47.256, 48.7, 50.518, 51.35, 51.894, 53.023, 54.959, 55.991, 56.368, 58.179, 58.582, 58.025, 57.527, 57.368, 57.445, 58.36, 60.477, 62.118, 63.1, 63.383, 63.619, 64.425, 64.972, 64.779], [59.462, 57.932, 57.38, 57.222, 57.278, 57.225, 58.108, 58.918, 58.111, 57.432, 57.092, 56.719, 56.47, 56.591, 55.663, 53.764, 53.224, 52.033, 50.846, 47.931, 41.913, 36.573, 35.392, 35.412, 30.377, 21.303, 15.244, 12.741, 9.461, 0.0, 10.238, 13.015, 13.642, 16.597, 18.477, 21.088, 20.962, 21.659, 22.94, 23.643, 24.509, 24.721, 24.364, 23.76, 25.491, 27.695, 28.432, 28.561, 27.726, 28.532, 29.264, 29.212, 30.581, 31.968, 35.743, 39.513, 41.591, 40.983, 40.911, 43.369, 46.574, 47.644, 48.477, 50.062, 51.929, 52.899, 53.438, 54.444, 56.303, 57.357, 57.514, 59.173, 59.573, 58.953, 58.413, 58.149, 58.316, 59.433, 61.592, 63.161, 64.041, 64.248, 64.378, 65.135, 65.675, 65.359], [62.671, 61.363, 60.707, 60.675, 60.851, 60.853, 61.819, 62.681, 61.998, 61.557, 61.511, 61.263, 61.03, 61.216, 60.384, 58.506, 57.946, 56.976, 55.943, 52.832, 46.605, 41.161, 39.546, 38.955, 34.14, 26.163, 21.122, 19.742, 18.123, 10.238, 0.0, 4.485, 5.938, 9.054, 11.612, 15.603, 17.401, 20.185, 21.521, 22.509, 24.267, 24.644, 24.181, 23.203, 23.946, 25.865, 26.719, 26.954, 26.558, 27.621, 28.462, 29.29, 31.53, 33.286, 37.847, 42.173, 44.334, 44.023, 44.288, 46.633, 49.507, 50.362, 51.148, 52.757, 54.62, 55.688, 56.251, 57.146, 58.853, 59.893, 59.931, 61.516, 62.047, 61.436, 60.84, 60.449, 60.648, 61.8, 63.76, 65.143, 65.886, 65.982, 65.976, 66.678, 67.243, 66.875], [63.407, 62.257, 61.621, 61.587, 61.777, 61.783, 62.76, 63.646, 63.03, 62.647, 62.58, 62.283, 62.046, 62.236, 61.389, 59.524, 58.974, 57.989, 56.96, 53.863, 47.672, 42.259, 40.696, 40.145, 35.318, 27.276, 22.248, 21.005, 19.8, 13.015, 4.485, 0.0, 4.198, 8.714, 11.312, 14.862, 16.379, 19.56, 21.056, 21.921, 23.722, 24.077, 23.63, 22.764, 23.626, 25.672, 26.566, 26.818, 26.539, 27.646, 28.469, 29.483, 31.879, 33.624, 38.347, 42.9, 45.12, 44.79, 45.131, 47.638, 50.538, 51.248, 51.892, 53.412, 55.174, 56.185, 56.721, 57.578, 59.208, 60.209, 60.279, 61.887, 62.491, 61.936, 61.352, 60.939, 61.105, 62.182, 64.002, 65.303, 66.016, 66.074, 66.017, 66.705, 67.288, 66.919], [64.348, 63.133, 62.519, 62.498, 62.681, 62.698, 63.666, 64.533, 63.904, 63.527, 63.567, 63.378, 63.171, 63.379, 62.573, 60.758, 60.247, 59.263, 58.117, 54.944, 48.763, 43.376, 41.628, 40.839, 36.133, 28.566, 23.783, 22.461, 20.882, 13.642, 5.938, 4.198, 0.0, 5.885, 9.729, 14.24, 16.589, 19.838, 21.18, 22.402, 24.463, 24.894, 24.515, 23.5, 24.022, 26.071, 27.027, 27.257, 27.037, 28.118, 28.927, 30.049, 32.625, 34.651, 39.42, 43.855, 46.031, 45.723, 46.004, 48.292, 51.166, 52.021, 52.785, 54.34, 56.138, 57.195, 57.741, 58.589, 60.222, 61.187, 61.174, 62.755, 63.313, 62.729, 62.145, 61.729, 61.903, 63.002, 64.867, 66.219, 66.961, 67.031, 66.978, 67.655, 68.206, 67.785], [65.697, 64.428, 63.751, 63.801, 64.024, 64.057, 65.014, 65.863, 65.219, 64.928, 65.239, 65.234, 65.067, 65.286, 64.463, 62.605, 62.099, 61.21, 60.041, 56.806, 50.587, 45.2, 43.354, 42.298, 37.861, 31.109, 26.777, 25.556, 23.991, 16.597, 9.054, 8.714, 5.885, 0.0, 6.244, 13.132, 17.582, 21.359, 22.239, 23.958, 26.646, 27.22, 26.832, 25.369, 24.808, 26.383, 27.352, 27.625, 27.643, 28.836, 29.732, 31.146, 33.856, 35.966, 40.942, 45.341, 47.314, 47.144, 47.504, 49.428, 52.114, 53.122, 54.064, 55.755, 57.688, 58.902, 59.558, 60.509, 62.233, 63.198, 63.106, 64.665, 65.202, 64.537, 63.873, 63.395, 63.603, 64.746, 66.617, 67.971, 68.692, 68.746, 68.683, 69.352, 69.88, 69.435], [66.038, 64.767, 63.992, 64.078, 64.381, 64.454, 65.46, 66.344, 65.736, 65.511, 65.9, 65.934, 65.767, 66.029, 65.178, 63.246, 62.716, 61.872, 60.804, 57.486, 51.118, 45.862, 44.114, 43.029, 38.617, 31.917, 27.845, 26.799, 25.388, 18.477, 11.612, 11.312, 9.729, 6.244, 0.0, 8.67, 15.459, 19.822, 20.276, 22.112, 25.297, 26.05, 25.585, 23.989, 23.255, 24.634, 25.561, 25.891, 25.989, 27.134, 28.2, 29.872, 32.412, 34.67, 40.06, 44.502, 46.44, 46.482, 47.019, 48.932, 51.48, 52.457, 53.45, 55.251, 57.291, 58.567, 59.295, 60.365, 62.34, 63.505, 63.429, 65.036, 65.657, 64.993, 64.275, 63.727, 63.915, 65.019, 66.81, 68.116, 68.78, 68.77, 68.678, 69.387, 69.949, 69.517], [65.468, 64.334, 63.585, 63.726, 64.212, 64.405, 65.489, 66.402, 65.813, 65.581, 65.898, 65.885, 65.731, 65.997, 65.133, 63.24, 62.723, 61.834, 60.882, 57.668, 51.493, 46.742, 45.265, 44.24, 39.817, 32.921, 28.893, 28.124, 26.959, 21.088, 15.603, 14.862, 14.24, 13.132, 8.67, 0.0, 9.685, 15.692, 16.279, 18.152, 21.701, 22.746, 22.531, 21.478, 21.508, 22.796, 23.506, 23.819, 23.914, 24.837, 25.628, 27.363, 29.971, 32.366, 37.973, 42.561, 44.588, 44.745, 45.495, 47.617, 50.046, 50.853, 51.847, 53.725, 55.76, 56.97, 57.674, 58.709, 60.762, 62.237, 62.317, 63.903, 64.604, 64.017, 63.331, 62.778, 62.902, 63.893, 65.522, 66.711, 67.298, 67.208, 67.058, 67.808, 68.453, 68.051], [62.828, 61.897, 61.329, 61.451, 61.947, 62.169, 63.298, 64.22, 63.548, 63.135, 63.133, 62.905, 62.733, 62.919, 62.01, 60.206, 59.701, 58.655, 57.71, 54.624, 48.738, 44.596, 43.735, 43.09, 38.539, 31.272, 27.219, 26.577, 25.589, 20.962, 17.401, 16.379, 16.589, 17.582, 15.459, 9.685, 0.0, 8.055, 10.454, 12.065, 15.219, 16.36, 16.696, 17.122, 19.478, 21.583, 22.311, 22.522, 22.386, 23.316, 23.573, 24.684, 27.423, 29.898, 35.4, 40.002, 41.982, 41.905, 42.728, 45.267, 47.749, 48.298, 49.144, 50.977, 52.97, 54.111, 54.766, 55.776, 57.701, 59.241, 59.746, 61.458, 62.168, 61.692, 61.149, 60.696, 60.722, 61.559, 63.092, 64.239, 64.84, 64.763, 64.61, 65.363, 66.07, 65.697], [61.526, 60.524, 60.063, 60.182, 60.625, 60.785, 61.86, 62.766, 62.052, 61.563, 61.441, 61.081, 60.868, 61.063, 60.105, 58.301, 57.785, 56.647, 55.546, 52.203, 46.225, 42.371, 41.618, 41.0, 36.496, 29.785, 26.618, 26.139, 25.095, 21.659, 20.185, 19.56, 19.838, 21.359, 19.822, 15.692, 8.055, 0.0, 4.798, 7.377, 10.553, 11.77, 12.355, 13.649, 17.72, 20.643, 21.502, 21.594, 21.101, 21.928, 22.168, 22.818, 25.653, 29.177, 34.908, 39.148, 41.15, 41.186, 41.777, 43.817, 45.984, 46.482, 47.528, 49.657, 51.973, 53.318, 54.104, 55.291, 57.383, 58.914, 59.685, 61.756, 62.526, 62.07, 61.592, 61.216, 61.21, 61.942, 63.434, 64.591, 65.215, 65.189, 65.111, 65.879, 66.586, 66.261], [62.247, 61.153, 60.647, 60.79, 61.239, 61.397, 62.421, 63.306, 62.626, 62.217, 62.247, 61.955, 61.733, 61.947, 60.962, 59.141, 58.631, 57.57, 56.467, 52.99, 46.898, 43.01, 42.122, 41.271, 36.729, 30.373, 27.682, 27.36, 26.327, 22.94, 21.521, 21.056, 21.18, 22.239, 20.276, 16.279, 10.454, 4.798, 0.0, 5.339, 9.95, 11.237, 11.877, 12.807, 16.375, 19.342, 20.338, 20.418, 19.955, 20.77, 21.122, 21.86, 24.805, 28.941, 35.186, 39.502, 41.427, 41.635, 42.402, 44.226, 46.143, 46.685, 47.932, 50.271, 52.753, 54.194, 55.018, 56.27, 58.49, 60.06, 60.808, 62.986, 63.838, 63.375, 62.876, 62.494, 62.48, 63.178, 64.636, 65.779, 66.382, 66.346, 66.276, 67.049, 67.754, 67.467], [61.619, 60.566, 60.059, 60.153, 60.551, 60.694, 61.777, 62.7, 62.034, 61.571, 61.425, 61.078, 60.849, 61.054, 60.139, 58.407, 57.904, 56.886, 55.95, 52.573, 46.679, 42.942, 42.14, 41.481, 36.721, 29.881, 27.398, 27.285, 26.444, 23.643, 22.509, 21.921, 22.402, 23.958, 22.112, 18.152, 12.065, 7.377, 5.339, 0.0, 5.543, 7.525, 8.786, 11.232, 16.15, 19.045, 19.946, 20.049, 19.48, 20.229, 20.505, 20.92, 23.745, 27.905, 33.979, 38.397, 40.558, 40.676, 41.56, 43.822, 45.804, 46.102, 47.117, 49.327, 51.789, 53.163, 53.866, 55.006, 57.17, 58.776, 59.563, 61.697, 62.601, 62.274, 61.871, 61.526, 61.446, 62.064, 63.518, 64.701, 65.339, 65.315, 65.24, 66.018, 66.747, 66.484], [60.277, 59.235, 58.795, 58.81, 59.128, 59.227, 60.315, 61.252, 60.546, 59.932, 59.548, 59.104, 58.878, 59.082, 58.296, 56.767, 56.297, 55.236, 54.396, 51.094, 45.46, 42.15, 41.557, 41.06, 36.221, 29.219, 27.035, 27.151, 26.499, 24.509, 24.267, 23.722, 24.463, 26.646, 25.297, 21.701, 15.219, 10.553, 9.95, 5.543, 0.0, 3.261, 6.226, 11.052, 17.403, 20.265, 21.027, 21.044, 20.276, 20.916, 20.951, 20.873, 23.547, 27.88, 33.527, 37.612, 39.831, 39.795, 40.609, 43.16, 45.227, 45.328, 46.136, 48.209, 50.657, 51.96, 52.514, 53.5, 55.53, 57.122, 58.033, 60.192, 61.097, 60.87, 60.595, 60.331, 60.171, 60.689, 62.164, 63.42, 64.123, 64.148, 64.091, 64.854, 65.606, 65.361], [59.963, 58.901, 58.472, 58.452, 58.731, 58.786, 59.814, 60.744, 60.046, 59.419, 59.042, 58.572, 58.344, 58.575, 57.821, 56.356, 55.903, 54.839, 54.027, 50.671, 45.003, 41.771, 41.185, 40.641, 35.796, 28.97, 26.984, 27.131, 26.529, 24.721, 24.644, 24.077, 24.894, 27.22, 26.05, 22.746, 16.36, 11.77, 11.237, 7.525, 3.261, 0.0, 4.336, 9.945, 16.558, 19.623, 20.497, 20.431, 19.667, 20.413, 20.342, 20.168, 22.971, 27.803, 33.733, 37.74, 39.859, 39.802, 40.586, 43.058, 45.087, 45.207, 46.056, 48.199, 50.737, 52.066, 52.585, 53.538, 55.533, 57.102, 58.094, 60.345, 61.27, 61.045, 60.786, 60.557, 60.397, 60.882, 62.341, 63.599, 64.305, 64.347, 64.302, 65.058, 65.821, 65.61], [60.113, 59.05, 58.62, 58.574, 58.825, 58.848, 59.846, 60.785, 60.152, 59.608, 59.278, 58.806, 58.555, 58.822, 58.056, 56.502, 56.034, 54.967, 54.096, 50.721, 44.922, 41.406, 40.624, 40.053, 35.333, 28.742, 26.909, 26.945, 26.236, 24.364, 24.181, 23.63, 24.515, 26.832, 25.585, 22.531, 16.696, 12.355, 11.877, 8.786, 6.226, 4.336, 0.0, 6.479, 14.05, 17.63, 18.687, 18.643, 17.911, 18.901, 19.11, 19.182, 22.182, 27.279, 33.505, 37.547, 39.722, 39.795, 40.435, 42.656, 44.695, 44.979, 45.958, 48.228, 50.901, 52.297, 52.851, 53.828, 55.866, 57.442, 58.435, 60.764, 61.701, 61.456, 61.159, 60.887, 60.778, 61.329, 62.8, 64.045, 64.738, 64.775, 64.731, 65.492, 66.244, 66.038], [60.772, 59.663, 59.224, 59.174, 59.405, 59.398, 60.3, 61.203, 60.651, 60.331, 60.297, 59.908, 59.647, 59.968, 59.162, 57.509, 57.037, 55.96, 54.942, 51.622, 45.655, 41.512, 40.309, 39.53, 34.967, 28.901, 27.118, 26.904, 26.004, 23.76, 23.203, 22.764, 23.5, 25.369, 23.989, 21.478, 17.122, 13.649, 12.807, 11.232, 11.052, 9.945, 6.479, 0.0, 8.634, 13.69, 15.286, 15.286, 14.726, 16.075, 16.819, 17.654, 21.31, 26.757, 33.535, 37.807, 39.951, 40.205, 40.67, 42.373, 44.473, 45.178, 46.51, 49.102, 52.062, 53.642, 54.319, 55.424, 57.62, 59.198, 60.122, 62.548, 63.468, 63.109, 62.696, 62.358, 62.322, 63.013, 64.587, 65.847, 66.521, 66.547, 66.508, 67.285, 68.014, 67.793], [61.68, 60.503, 60.024, 60.065, 60.331, 60.298, 61.037, 61.847, 61.412, 61.442, 61.992, 61.894, 61.658, 62.076, 61.272, 59.547, 59.068, 58.218, 57.361, 54.023, 47.838, 43.247, 41.513, 40.196, 35.882, 30.87, 29.429, 29.221, 28.323, 25.491, 23.946, 23.626, 24.022, 24.808, 23.255, 21.508, 19.478, 17.72, 16.375, 16.15, 17.403, 16.558, 14.05, 8.634, 0.0, 7.301, 10.145, 10.262, 10.538, 12.573, 13.848, 15.944, 20.467, 26.649, 34.374, 38.986, 41.044, 41.546, 41.917, 42.816, 44.587, 45.649, 47.527, 50.643, 54.005, 55.884, 56.769, 58.059, 60.446, 62.03, 62.908, 65.523, 66.493, 65.995, 65.412, 65.021, 65.076, 65.848, 67.476, 68.714, 69.329, 69.331, 69.295, 70.075, 70.79, 70.597], [60.426, 59.245, 58.727, 58.897, 59.242, 59.218, 59.961, 60.745, 60.394, 60.629, 61.462, 61.674, 61.534, 62.01, 61.268, 59.489, 59.01, 58.498, 58.063, 54.701, 48.558, 44.294, 42.513, 41.035, 36.931, 32.314, 31.166, 31.213, 30.511, 27.695, 25.865, 25.672, 26.071, 26.383, 24.634, 22.796, 21.583, 20.643, 19.342, 19.045, 20.265, 19.623, 17.63, 13.69, 7.301, 0.0, 3.981, 4.619, 6.038, 9.418, 11.058, 13.65, 18.256, 24.843, 32.921, 37.653, 39.967, 40.713, 41.015, 41.536, 42.906, 43.882, 46.003, 49.351, 52.877, 54.96, 56.042, 57.456, 59.944, 61.593, 62.497, 65.28, 66.352, 65.812, 65.132, 64.698, 64.784, 65.542, 67.156, 68.399, 68.983, 68.971, 68.941, 69.711, 70.431, 70.292], [59.801, 58.648, 58.119, 58.338, 58.743, 58.74, 59.533, 60.33, 59.998, 60.254, 61.072, 61.373, 61.327, 61.848, 61.144, 59.365, 58.896, 58.503, 58.216, 54.839, 48.753, 44.666, 42.925, 41.533, 37.483, 32.781, 31.637, 31.74, 31.09, 28.432, 26.719, 26.566, 27.027, 27.352, 25.561, 23.506, 22.311, 21.502, 20.338, 19.946, 21.027, 20.497, 18.687, 15.286, 10.145, 3.981, 0.0, 1.602, 4.095, 8.197, 10.094, 12.752, 17.199, 23.814, 31.971, 36.805, 39.379, 40.249, 40.487, 40.936, 42.218, 43.102, 45.219, 48.564, 52.096, 54.269, 55.466, 56.937, 59.457, 61.145, 62.069, 64.89, 65.988, 65.457, 64.758, 64.31, 64.412, 65.181, 66.786, 68.019, 68.591, 68.567, 68.548, 69.334, 70.056, 69.939], [59.867, 58.691, 58.164, 58.38, 58.786, 58.779, 59.55, 60.334, 59.996, 60.238, 61.047, 61.336, 61.305, 61.847, 61.159, 59.408, 58.947, 58.551, 58.262, 54.867, 48.802, 44.774, 43.047, 41.647, 37.594, 32.912, 31.768, 31.863, 31.187, 28.561, 26.954, 26.818, 27.257, 27.625, 25.891, 23.819, 22.522, 21.594, 20.418, 20.049, 21.044, 20.431, 18.643, 15.286, 10.262, 4.619, 1.602, 0.0, 3.65, 8.016, 9.83, 12.463, 17.055, 23.915, 32.127, 36.92, 39.469, 40.327, 40.556, 40.994, 42.274, 43.159, 45.284, 48.63, 52.172, 54.35, 55.54, 56.998, 59.509, 61.198, 62.135, 64.968, 66.065, 65.537, 64.849, 64.412, 64.519, 65.29, 66.894, 68.122, 68.695, 68.68, 68.67, 69.459, 70.185, 70.074], [58.644, 57.422, 56.932, 57.13, 57.507, 57.469, 58.216, 58.997, 58.646, 58.831, 59.526, 59.716, 59.656, 60.214, 59.545, 57.814, 57.35, 56.926, 56.591, 53.195, 47.203, 43.234, 41.52, 40.211, 36.191, 31.577, 30.62, 30.774, 30.112, 27.726, 26.558, 26.539, 27.037, 27.643, 25.989, 23.914, 22.386, 21.101, 19.955, 19.48, 20.276, 19.667, 17.911, 14.726, 10.538, 6.038, 4.095, 3.65, 0.0, 5.408, 7.954, 10.513, 15.321, 22.414, 30.69, 35.527, 38.254, 39.146, 39.254, 39.564, 40.815, 41.692, 43.819, 47.24, 50.945, 53.225, 54.432, 55.891, 58.426, 60.133, 61.075, 63.9, 64.976, 64.444, 63.765, 63.368, 63.479, 64.256, 65.911, 67.186, 67.785, 67.8, 67.848, 68.657, 69.376, 69.297], [57.703, 56.477, 56.013, 56.198, 56.557, 56.473, 57.149, 57.93, 57.603, 57.782, 58.487, 58.614, 58.532, 59.165, 58.526, 56.88, 56.412, 55.986, 55.62, 52.148, 46.165, 42.146, 40.24, 38.883, 35.078, 31.155, 30.856, 31.195, 30.629, 28.532, 27.621, 27.646, 28.118, 28.836, 27.134, 24.837, 23.316, 21.928, 20.77, 20.229, 20.916, 20.413, 18.901, 16.075, 12.573, 9.418, 8.197, 8.016, 5.408, 0.0, 4.318, 8.273, 13.649, 21.116, 29.475, 34.34, 37.216, 38.276, 38.334, 38.219, 39.186, 40.101, 42.362, 46.094, 50.144, 52.563, 53.748, 55.185, 57.819, 59.619, 60.586, 63.494, 64.607, 64.079, 63.414, 63.061, 63.179, 63.93, 65.588, 66.868, 67.473, 67.48, 67.563, 68.471, 69.234, 69.164], [57.508, 56.305, 55.85, 56.012, 56.353, 56.256, 56.887, 57.643, 57.293, 57.448, 58.169, 58.29, 58.236, 58.839, 58.194, 56.668, 56.247, 55.753, 55.388, 51.982, 46.076, 42.216, 40.47, 39.101, 35.277, 31.503, 31.317, 31.788, 31.28, 29.264, 28.462, 28.469, 28.927, 29.732, 28.2, 25.628, 23.573, 22.168, 21.122, 20.505, 20.951, 20.342, 19.11, 16.819, 13.848, 11.058, 10.094, 9.83, 7.954, 4.318, 0.0, 5.957, 12.74, 20.73, 29.23, 34.173, 36.898, 37.885, 38.15, 38.119, 38.959, 39.773, 41.995, 45.772, 49.841, 52.128, 53.108, 54.388, 56.955, 58.819, 59.846, 62.768, 63.915, 63.402, 62.782, 62.477, 62.579, 63.273, 64.912, 66.213, 66.834, 66.839, 66.896, 67.832, 68.679, 68.64], [56.295, 54.992, 54.558, 54.725, 55.059, 54.953, 55.558, 56.274, 55.879, 55.92, 56.446, 56.492, 56.439, 56.992, 56.3, 54.79, 54.424, 54.102, 53.898, 50.564, 45.066, 41.829, 40.458, 39.367, 35.46, 31.199, 30.745, 31.113, 30.661, 29.212, 29.29, 29.483, 30.049, 31.146, 29.872, 27.363, 24.684, 22.818, 21.86, 20.92, 20.873, 20.168, 19.182, 17.654, 15.944, 13.65, 12.752, 12.463, 10.513, 8.273, 5.957, 0.0, 8.476, 18.129, 26.892, 31.851, 34.713, 35.721, 36.104, 36.295, 37.322, 38.215, 40.454, 44.208, 48.218, 50.395, 51.323, 52.621, 55.209, 57.102, 58.287, 61.297, 62.384, 61.876, 61.27, 61.048, 61.188, 61.828, 63.48, 64.823, 65.477, 65.532, 65.647, 66.566, 67.433, 67.57], [54.371, 53.137, 52.641, 52.842, 53.238, 53.139, 53.786, 54.495, 54.117, 54.133, 54.518, 54.606, 54.546, 55.071, 54.288, 52.639, 52.299, 52.406, 52.808, 49.612, 44.374, 41.984, 41.391, 40.914, 37.126, 32.152, 31.272, 31.565, 31.328, 30.581, 31.53, 31.879, 32.625, 33.856, 32.412, 29.971, 27.423, 25.653, 24.805, 23.745, 23.547, 22.971, 22.182, 21.31, 20.467, 18.256, 17.199, 17.055, 15.321, 13.649, 12.74, 8.476, 0.0, 12.076, 22.108, 27.281, 30.414, 31.774, 32.337, 33.084, 34.737, 35.882, 38.137, 41.829, 45.599, 47.681, 48.762, 50.29, 53.071, 54.958, 56.292, 59.562, 60.645, 60.101, 59.392, 59.147, 59.367, 59.968, 61.508, 62.792, 63.461, 63.534, 63.704, 64.647, 65.486, 65.842], [52.33, 51.581, 51.11, 51.271, 51.683, 51.652, 52.423, 53.149, 52.77, 52.762, 52.911, 53.098, 53.039, 53.326, 52.402, 50.591, 50.244, 50.543, 51.433, 49.216, 44.783, 42.739, 43.372, 44.087, 40.43, 34.181, 32.126, 32.202, 32.245, 31.968, 33.286, 33.624, 34.651, 35.966, 34.67, 32.366, 29.898, 29.177, 28.941, 27.905, 27.88, 27.803, 27.279, 26.757, 26.649, 24.843, 23.814, 23.915, 22.414, 21.116, 20.73, 18.129, 12.076, 0.0, 12.444, 19.91, 23.532, 24.823, 25.972, 28.715, 32.01, 33.41, 35.072, 37.918, 40.693, 42.352, 43.468, 45.151, 47.978, 49.822, 51.188, 54.481, 55.528, 54.902, 54.055, 53.741, 54.017, 54.71, 56.226, 57.449, 58.155, 58.218, 58.39, 59.445, 60.278, 60.729], [49.908, 49.384, 49.044, 49.196, 49.546, 49.597, 50.565, 51.316, 50.826, 50.635, 50.423, 50.757, 50.715, 50.81, 49.949, 48.183, 47.848, 48.328, 49.435, 47.962, 45.035, 43.949, 45.35, 46.958, 43.711, 37.286, 34.998, 34.986, 35.221, 35.743, 37.847, 38.347, 39.42, 40.942, 40.06, 37.973, 35.4, 34.908, 35.186, 33.979, 33.527, 33.733, 33.505, 33.535, 34.374, 32.921, 31.971, 32.127, 30.69, 29.475, 29.23, 26.892, 22.108, 12.444, 0.0, 10.045, 15.803, 17.079, 18.208, 23.226, 28.167, 29.674, 30.574, 32.201, 33.898, 35.32, 36.716, 38.682, 41.612, 43.451, 44.98, 48.467, 49.433, 48.76, 47.893, 47.635, 47.976, 48.801, 50.456, 51.735, 52.55, 52.682, 52.956, 54.164, 54.957, 55.363], [47.767, 47.214, 46.975, 47.163, 47.477, 47.574, 48.668, 49.437, 48.831, 48.502, 48.293, 48.907, 48.924, 49.026, 48.299, 46.696, 46.434, 47.185, 48.501, 47.049, 44.816, 44.907, 46.679, 48.368, 45.751, 40.392, 38.581, 38.533, 38.713, 39.513, 42.173, 42.9, 43.855, 45.341, 44.502, 42.561, 40.002, 39.148, 39.502, 38.397, 37.612, 37.74, 37.547, 37.807, 38.986, 37.653, 36.805, 36.92, 35.527, 34.34, 34.173, 31.851, 27.281, 19.91, 10.045, 0.0, 8.648, 11.754, 12.424, 18.089, 24.033, 26.014, 26.938, 28.14, 29.828, 31.832, 33.787, 36.06, 39.094, 40.857, 42.752, 46.777, 47.71, 46.946, 46.081, 45.87, 46.21, 46.971, 48.574, 49.857, 50.745, 50.964, 51.365, 52.616, 53.338, 53.705], [47.368, 46.889, 46.696, 46.866, 47.148, 47.278, 48.166, 48.808, 48.135, 47.795, 47.871, 48.684, 48.767, 48.75, 47.943, 46.506, 46.332, 47.099, 48.485, 47.393, 45.459, 45.952, 48.289, 50.022, 47.594, 42.775, 40.875, 40.663, 40.837, 41.591, 44.334, 45.12, 46.031, 47.314, 46.44, 44.588, 41.982, 41.15, 41.427, 40.558, 39.831, 39.859, 39.722, 39.951, 41.044, 39.967, 39.379, 39.469, 38.254, 37.216, 36.898, 34.713, 30.414, 23.532, 15.803, 8.648, 0.0, 6.174, 9.935, 17.027, 23.726, 26.345, 27.441, 28.403, 29.904, 31.974, 33.929, 36.193, 39.089, 40.68, 42.835, 47.017, 47.923, 47.017, 46.091, 45.845, 45.971, 46.492, 47.928, 49.177, 50.123, 50.369, 50.735, 51.965, 52.689, 53.015], [47.494, 47.085, 46.956, 47.037, 47.246, 47.374, 48.152, 48.711, 47.962, 47.48, 47.373, 48.086, 48.164, 48.028, 47.199, 45.806, 45.617, 46.206, 47.535, 46.798, 45.17, 45.536, 48.107, 50.206, 47.657, 42.318, 40.006, 39.684, 39.912, 40.983, 44.023, 44.79, 45.723, 47.144, 46.482, 44.745, 41.905, 41.186, 41.635, 40.676, 39.795, 39.802, 39.795, 40.205, 41.546, 40.713, 40.249, 40.327, 39.146, 38.276, 37.885, 35.721, 31.774, 24.823, 17.079, 11.754, 6.174, 0.0, 7.25, 17.448, 24.854, 27.347, 27.987, 28.373, 29.373, 31.074, 32.83, 34.957, 37.661, 39.137, 41.256, 45.173, 45.969, 45.087, 44.218, 43.989, 43.983, 44.527, 46.164, 47.62, 48.726, 49.057, 49.436, 50.673, 51.396, 51.623], [46.273, 45.835, 45.851, 45.947, 46.16, 46.276, 47.093, 47.663, 46.903, 46.392, 46.21, 46.957, 47.071, 47.05, 46.283, 44.833, 44.63, 45.249, 46.506, 45.628, 44.047, 44.338, 46.56, 48.789, 46.753, 41.997, 39.869, 39.389, 39.527, 40.911, 44.288, 45.131, 46.004, 47.504, 47.019, 45.495, 42.728, 41.777, 42.402, 41.56, 40.609, 40.586, 40.435, 40.67, 41.917, 41.015, 40.487, 40.556, 39.254, 38.334, 38.15, 36.104, 32.337, 25.972, 18.208, 12.424, 9.935, 7.25, 0.0, 12.498, 21.367, 24.578, 25.671, 26.426, 27.968, 30.289, 32.547, 34.933, 37.718, 39.103, 41.243, 45.329, 46.058, 45.124, 44.251, 44.037, 44.065, 44.685, 46.415, 47.917, 49.056, 49.487, 50.012, 51.265, 51.922, 52.146], [45.554, 44.75, 44.889, 45.195, 45.513, 45.564, 46.129, 46.637, 45.909, 45.549, 45.978, 46.935, 47.161, 47.454, 46.724, 45.369, 45.18, 45.902, 46.83, 45.351, 43.486, 43.5