[[0.0, 10.769, 14.589, 15.271, 18.145, 23.673, 27.019, 29.158, 31.575, 33.024, 34.134, 35.591, 34.795, 34.496, 36.263, 37.97, 38.843, 38.32, 35.858, 33.189, 33.302, 37.255, 38.519, 37.941, 38.076, 37.996, 37.988, 38.676, 37.894, 37.356, 39.6, 41.334, 41.469, 42.111, 43.364, 45.909, 47.633, 47.487, 46.948, 47.466, 47.458, 46.426, 45.838, 46.1, 46.6, 47.61, 47.896, 47.588, 48.149, 48.155, 48.532, 49.577, 50.674, 51.363, 52.002, 53.005, 54.089, 54.157, 53.865, 53.185, 52.639, 52.895, 53.569, 54.067, 54.839, 55.546, 56.074, 57.129, 57.431, 55.799, 54.408, 54.98, 55.586, 55.892, 55.924, 56.064, 56.968, 57.203, 57.065, 57.082, 55.6, 55.174, 54.651, 54.617, 55.037, 54.878], [10.769, 0.0, 4.979, 7.392, 10.835, 16.548, 20.596, 23.243, 25.579, 26.311, 26.984, 28.609, 27.966, 28.308, 30.225, 31.718, 32.719, 32.368, 31.09, 28.82, 28.563, 32.829, 34.708, 34.765, 35.121, 34.765, 34.438, 34.576, 34.119, 34.622, 37.31, 38.966, 38.735, 39.412, 42.37, 46.86, 48.885, 48.83, 48.358, 48.779, 48.935, 48.034, 47.444, 47.824, 48.247, 49.092, 49.404, 48.939, 49.228, 49.374, 49.784, 50.658, 51.42, 52.001, 52.884, 54.17, 55.389, 55.422, 55.069, 54.327, 53.822, 54.275, 54.862, 55.355, 56.298, 57.096, 57.671, 58.647, 58.791, 57.07, 55.709, 56.309, 56.952, 57.32, 57.39, 57.769, 58.853, 59.063, 58.838, 58.926, 57.572, 57.365, 57.073, 56.884, 57.295, 57.147], [14.589, 4.979, 0.0, 3.909, 7.828, 13.712, 18.336, 21.347, 23.461, 23.848, 24.18, 25.779, 25.187, 25.587, 27.466, 28.919, 29.924, 29.556, 28.637, 26.998, 27.14, 31.412, 33.356, 33.6, 34.304, 34.124, 33.89, 33.957, 33.52, 34.272, 36.927, 38.303, 37.843, 38.508, 41.729, 46.728, 48.917, 49.023, 48.769, 49.117, 49.26, 48.385, 47.804, 48.214, 48.601, 49.393, 49.713, 49.156, 49.407, 49.616, 49.987, 50.868, 51.555, 51.994, 52.775, 54.056, 55.338, 55.431, 55.118, 54.43, 53.944, 54.461, 55.062, 55.551, 56.539, 57.436, 58.044, 59.001, 59.173, 57.517, 56.321, 56.974, 57.635, 58.091, 58.126, 58.379, 59.393, 59.597, 59.392, 59.498, 58.217, 58.119, 57.836, 57.556, 57.933, 57.785], [15.271, 7.392, 3.909, 0.0, 5.158, 12.286, 17.57, 20.969, 23.086, 23.594, 24.085, 25.76, 25.102, 25.255, 27.147, 28.662, 29.664, 29.358, 28.057, 26.505, 27.095, 31.25, 33.01, 33.107, 33.939, 33.973, 33.843, 34.036, 33.574, 34.18, 36.624, 37.809, 37.34, 38.065, 41.101, 45.979, 48.222, 48.573, 48.647, 49.053, 49.143, 48.192, 47.561, 47.939, 48.301, 49.088, 49.404, 48.791, 49.081, 49.3, 49.563, 50.384, 51.079, 51.442, 52.058, 53.22, 54.46, 54.546, 54.272, 53.66, 53.206, 53.705, 54.323, 54.811, 55.773, 56.736, 57.365, 58.346, 58.587, 56.962, 55.854, 56.513, 57.118, 57.586, 57.614, 57.841, 58.854, 59.073, 58.89, 58.957, 57.755, 57.753, 57.438, 57.122, 57.469, 57.336], [18.145, 10.835, 7.828, 5.158, 0.0, 8.478, 14.951, 18.949, 21.062, 21.439, 22.037, 24.001, 23.315, 23.461, 25.652, 27.23, 28.327, 28.29, 27.077, 25.574, 26.316, 30.546, 32.369, 32.506, 33.395, 33.483, 33.299, 33.497, 33.225, 33.878, 36.065, 36.993, 36.449, 37.241, 40.397, 45.349, 47.583, 48.185, 48.522, 48.966, 49.09, 48.138, 47.461, 47.825, 48.143, 48.882, 49.232, 48.6, 48.873, 49.096, 49.203, 49.802, 50.392, 50.703, 51.269, 52.419, 53.659, 53.725, 53.454, 52.852, 52.43, 52.983, 53.578, 54.078, 55.07, 56.081, 56.729, 57.72, 57.991, 56.433, 55.47, 56.168, 56.722, 57.156, 57.189, 57.61, 58.804, 59.021, 58.795, 58.824, 57.782, 58.011, 57.811, 57.412, 57.701, 57.583], [23.673, 16.548, 13.712, 12.286, 8.478, 0.0, 7.852, 13.139, 15.514, 16.033, 17.654, 20.841, 20.2, 20.744, 23.475, 24.969, 25.934, 26.01, 25.483, 23.862, 23.91, 27.863, 29.946, 30.417, 31.499, 31.833, 31.496, 31.574, 31.602, 32.169, 33.812, 34.379, 33.746, 34.563, 38.253, 43.867, 46.476, 47.443, 47.836, 48.232, 48.373, 47.504, 46.854, 47.234, 47.504, 48.175, 48.607, 48.143, 48.451, 48.69, 48.627, 48.969, 49.466, 49.784, 50.366, 51.441, 52.566, 52.503, 52.166, 51.555, 51.198, 51.815, 52.348, 52.893, 53.864, 54.789, 55.407, 56.378, 56.627, 55.103, 54.227, 54.94, 55.483, 55.92, 55.923, 56.475, 57.86, 58.066, 57.757, 57.718, 56.84, 57.408, 57.425, 56.955, 57.213, 57.119], [27.019, 20.596, 18.336, 17.57, 14.951, 7.852, 0.0, 6.433, 9.792, 11.726, 15.62, 20.132, 19.654, 20.914, 23.906, 25.26, 26.052, 25.929, 26.125, 23.816, 21.799, 24.744, 26.958, 27.848, 28.997, 29.622, 29.231, 29.194, 29.38, 29.505, 30.44, 30.838, 30.329, 31.09, 35.235, 41.606, 44.826, 46.06, 46.145, 46.436, 46.565, 45.863, 45.306, 45.656, 45.893, 46.521, 46.996, 46.812, 47.174, 47.358, 47.26, 47.476, 48.0, 48.502, 49.26, 50.262, 51.185, 50.898, 50.465, 49.82, 49.511, 50.148, 50.586, 51.21, 52.162, 52.829, 53.324, 54.268, 54.439, 52.825, 51.798, 52.439, 52.971, 53.418, 53.44, 54.058, 55.582, 55.799, 55.422, 55.362, 54.422, 55.067, 55.331, 54.91, 55.202, 55.15], [29.158, 23.243, 21.347, 20.969, 18.949, 13.139, 6.433, 0.0, 4.668, 8.721, 14.717, 20.122, 19.942, 21.844, 24.89, 26.266, 27.076, 26.793, 27.631, 24.985, 21.378, 23.255, 25.539, 26.901, 28.059, 28.906, 28.594, 28.462, 28.769, 28.506, 28.735, 29.027, 28.579, 29.141, 33.461, 40.197, 43.752, 45.161, 44.943, 45.06, 45.165, 44.719, 44.335, 44.656, 44.863, 45.42, 45.888, 45.865, 46.2, 46.285, 46.208, 46.358, 46.85, 47.458, 48.383, 49.357, 50.109, 49.645, 49.147, 48.48, 48.206, 48.863, 49.206, 49.897, 50.867, 51.271, 51.642, 52.554, 52.666, 51.04, 49.936, 50.499, 51.027, 51.502, 51.553, 52.143, 53.728, 53.97, 53.552, 53.54, 52.441, 53.023, 53.527, 53.155, 53.475, 53.459], [31.575, 25.579, 23.461, 23.086, 21.062, 15.514, 9.792, 4.668, 0.0, 5.526, 12.92, 18.972, 19.055, 21.383, 24.381, 25.757, 26.626, 26.277, 27.635, 25.396, 21.829, 23.434, 25.693, 27.216, 28.507, 29.416, 29.163, 28.985, 29.421, 29.255, 29.2, 29.236, 28.565, 28.92, 33.255, 40.111, 43.715, 45.286, 45.11, 45.1, 45.186, 44.905, 44.68, 45.043, 45.218, 45.703, 46.16, 46.104, 46.401, 46.489, 46.353, 46.469, 46.865, 47.37, 48.26, 49.204, 49.929, 49.468, 48.978, 48.347, 48.093, 48.774, 49.07, 49.76, 50.753, 51.105, 51.47, 52.399, 52.529, 50.97, 49.98, 50.558, 51.078, 51.597, 51.63, 52.096, 53.642, 53.898, 53.477, 53.523, 52.443, 53.092, 53.718, 53.296, 53.603, 53.603], [33.024, 26.311, 23.848, 23.594, 21.439, 16.033, 11.726, 8.721, 5.526, 0.0, 8.37, 15.124, 15.566, 18.505, 21.537, 22.889, 23.909, 23.804, 26.062, 24.566, 21.809, 24.462, 26.862, 28.301, 29.49, 29.894, 29.572, 29.268, 29.821, 30.384, 30.896, 30.875, 29.916, 30.3, 34.87, 41.794, 45.144, 46.521, 46.351, 46.296, 46.499, 46.285, 46.105, 46.576, 46.758, 47.198, 47.623, 47.389, 47.538, 47.668, 47.548, 47.679, 47.91, 48.294, 49.256, 50.432, 51.398, 51.154, 50.736, 50.063, 49.728, 50.472, 50.786, 51.439, 52.558, 53.04, 53.449, 54.342, 54.44, 52.93, 52.062, 52.743, 53.332, 53.885, 53.915, 54.381, 55.892, 56.131, 55.722, 55.839, 54.825, 55.499, 56.16, 55.674, 55.963, 55.955], [34.134, 26.984, 24.18, 24.085, 22.037, 17.654, 15.62, 14.717, 12.92, 8.37, 0.0, 7.428, 8.831, 12.412, 15.423, 16.962, 18.322, 18.723, 22.634, 22.863, 21.875, 26.189, 28.554, 29.765, 30.862, 30.616, 30.516, 30.364, 30.83, 32.265, 33.826, 33.813, 32.515, 33.155, 37.635, 44.226, 47.156, 48.121, 47.909, 47.779, 48.13, 47.949, 47.767, 48.353, 48.578, 49.024, 49.448, 49.004, 48.959, 49.125, 49.132, 49.42, 49.476, 49.679, 50.745, 52.326, 53.757, 53.912, 53.638, 52.938, 52.496, 53.334, 53.766, 54.393, 55.678, 56.412, 56.869, 57.604, 57.61, 56.229, 55.577, 56.418, 57.16, 57.802, 57.799, 58.132, 59.479, 59.696, 59.36, 59.569, 58.514, 59.028, 59.592, 59.065, 59.296, 59.237], [35.591, 28.609, 25.779, 25.76, 24.001, 20.841, 20.132, 20.122, 18.972, 15.124, 7.428, 0.0, 3.979, 8.623, 10.913, 12.51, 14.367, 15.458, 21.111, 22.681, 22.777, 27.884, 30.091, 31.098, 32.026, 31.382, 31.602, 31.635, 32.004, 34.066, 36.362, 36.363, 34.848, 35.554, 39.784, 46.044, 48.702, 49.396, 49.139, 48.994, 49.469, 49.303, 49.13, 49.781, 50.047, 50.547, 51.052, 50.52, 50.355, 50.597, 50.753, 51.144, 51.094, 51.228, 52.422, 54.308, 56.079, 56.472, 56.263, 55.536, 55.023, 55.905, 56.394, 57.005, 58.394, 59.278, 59.775, 60.389, 60.272, 58.914, 58.327, 59.23, 60.039, 60.712, 60.725, 61.063, 62.35, 62.575, 62.277, 62.564, 61.465, 61.819, 62.324, 61.776, 61.966, 61.872], [34.795, 27.966, 25.187, 25.102, 23.315, 20.2, 19.654, 19.942, 19.055, 15.566, 8.831, 3.979, 0.0, 6.289, 9.431, 11.079, 12.995, 14.304, 19.976, 21.308, 21.516, 26.961, 29.263, 30.137, 30.94, 30.271, 30.55, 30.686, 31.127, 33.314, 35.787, 35.774, 34.172, 34.886, 39.032, 45.237, 47.926, 48.652, 48.481, 48.4, 48.897, 48.687, 48.514, 49.175, 49.46, 50.032, 50.692, 50.231, 50.052, 50.315, 50.488, 50.88, 50.843, 51.013, 52.215, 54.115, 55.909, 56.297, 56.059, 55.296, 54.753, 55.614, 56.102, 56.723, 58.11, 59.024, 59.536, 60.115, 59.973, 58.586, 57.972, 58.894, 59.698, 60.343, 60.381, 60.819, 62.17, 62.411, 62.102, 62.379, 61.295, 61.655, 62.167, 61.614, 61.795, 61.698], [34.496, 28.308, 25.587, 25.255, 23.461, 20.744, 20.914, 21.844, 21.383, 18.505, 12.412, 8.623, 6.289, 0.0, 5.376, 8.504, 10.555, 12.219, 17.117, 19.336, 21.482, 27.587, 29.715, 30.214, 31.213, 30.87, 31.512, 32.096, 32.397, 34.279, 36.816, 36.744, 35.112, 36.01, 39.658, 45.296, 47.872, 48.64, 48.773, 48.775, 49.209, 48.867, 48.625, 49.262, 49.546, 50.147, 50.851, 50.357, 50.213, 50.447, 50.553, 51.083, 51.151, 51.205, 52.182, 53.984, 55.785, 56.25, 56.037, 55.299, 54.708, 55.482, 56.075, 56.679, 57.922, 58.973, 59.553, 60.066, 59.943, 58.646, 58.168, 59.148, 59.993, 60.691, 60.67, 60.944, 62.184, 62.461, 62.26, 62.496, 61.478, 61.86, 62.181, 61.624, 61.753, 61.621], [36.263, 30.225, 27.466, 27.147, 25.652, 23.475, 23.906, 24.89, 24.381, 21.537, 15.423, 10.913, 9.431, 5.376, 0.0, 4.926, 8.067, 10.113, 16.351, 19.66, 22.387, 28.495, 30.429, 30.895, 31.976, 31.632, 32.566, 33.219, 33.486, 35.737, 38.555, 38.457, 36.673, 37.485, 41.028, 46.598, 49.087, 49.771, 49.907, 49.842, 50.28, 49.989, 49.778, 50.427, 50.699, 51.257, 51.917, 51.329, 51.194, 51.553, 51.739, 52.384, 52.422, 52.413, 53.428, 55.325, 57.225, 57.761, 57.554, 56.817, 56.163, 56.904, 57.479, 57.992, 59.187, 60.286, 60.935, 61.436, 61.22, 59.85, 59.348, 60.301, 61.156, 61.938, 61.945, 62.114, 63.281, 63.605, 63.44, 63.724, 62.677, 62.961, 63.214, 62.634, 62.77, 62.63], [37.97, 31.718, 28.919, 28.662, 27.23, 24.969, 25.26, 26.266, 25.757, 22.889, 16.962, 12.51, 11.079, 8.504, 4.926, 0.0, 4.738, 8.082, 16.066, 19.596, 22.08, 28.051, 29.931, 30.426, 31.353, 30.859, 31.872, 32.446, 32.804, 35.501, 38.584, 38.45, 36.545, 37.389, 41.21, 47.01, 49.471, 50.023, 50.076, 49.962, 50.459, 50.233, 50.037, 50.732, 51.028, 51.587, 52.301, 51.691, 51.511, 52.07, 52.395, 53.011, 52.972, 52.975, 54.078, 56.091, 58.096, 58.689, 58.486, 57.745, 57.103, 57.868, 58.379, 58.858, 60.069, 61.152, 61.813, 62.277, 61.991, 60.559, 60.026, 60.993, 61.832, 62.609, 62.638, 62.897, 64.122, 64.439, 64.223, 64.476, 63.404, 63.663, 63.967, 63.37, 63.507, 63.375], [38.843, 32.719, 29.924, 29.664, 28.327, 25.934, 26.052, 27.076, 26.626, 23.909, 18.322, 14.367, 12.995, 10.555, 8.067, 4.738, 0.0, 5.806, 15.069, 19.134, 22.178, 28.148, 29.869, 30.205, 31.052, 30.51, 31.544, 32.19, 32.486, 35.161, 38.328, 38.19, 36.276, 37.252, 41.133, 46.923, 49.398, 49.877, 49.887, 49.725, 50.184, 49.931, 49.741, 50.477, 50.824, 51.436, 52.175, 51.562, 51.396, 52.016, 52.475, 53.176, 53.139, 53.101, 54.113, 56.107, 58.142, 58.785, 58.624, 57.931, 57.344, 58.125, 58.639, 59.119, 60.306, 61.397, 62.065, 62.53, 62.269, 60.871, 60.367, 61.359, 62.213, 62.991, 63.014, 63.226, 64.378, 64.678, 64.454, 64.656, 63.544, 63.787, 64.06, 63.483, 63.628, 63.492], [38.32, 32.368, 29.556, 29.358, 28.29, 26.01, 25.929, 26.793, 26.277, 23.804, 18.723, 15.458, 14.304, 12.219, 10.113, 8.082, 5.806, 0.0, 11.427, 16.584, 20.173, 26.075, 27.727, 28.082, 29.345, 29.198, 30.372, 31.198, 31.45, 33.907, 36.942, 36.781, 34.916, 35.957, 39.769, 45.686, 48.368, 48.932, 49.02, 48.796, 49.063, 48.77, 48.64, 49.356, 49.706, 50.359, 51.101, 50.539, 50.588, 51.264, 51.741, 52.729, 52.886, 52.788, 53.624, 55.403, 57.312, 57.972, 57.823, 57.155, 56.572, 57.303, 57.838, 58.305, 59.395, 60.41, 61.038, 61.536, 61.384, 60.036, 59.557, 60.55, 61.416, 62.264, 62.269, 62.167, 63.103, 63.412, 63.249, 63.484, 62.392, 62.619, 62.809, 62.269, 62.45, 62.319], [35.858, 31.09, 28.637, 28.057, 27.077, 25.483, 26.125, 27.631, 27.635, 26.062, 22.634, 21.111, 19.976, 17.117, 16.351, 16.066, 15.069, 11.427, 0.0, 8.974, 17.862, 24.742, 26.309, 25.881, 27.775, 29.044, 30.463, 31.911, 31.872, 32.981, 35.457, 35.441, 34.261, 35.755, 38.803, 44.09, 47.015, 47.691, 48.241, 48.361, 48.303, 47.594, 47.294, 47.845, 48.26, 49.157, 49.871, 49.305, 49.865, 50.603, 50.835, 52.087, 52.863, 52.74, 52.962, 54.133, 55.687, 56.354, 56.286, 55.684, 55.077, 55.571, 56.305, 56.796, 57.542, 58.527, 59.077, 59.682, 59.849, 58.557, 58.047, 59.046, 59.852, 60.618, 60.537, 60.201, 60.924, 61.248, 61.224, 61.289, 60.489, 60.973, 60.845, 60.424, 60.641, 60.494], [33.189, 28.82, 26.998, 26.505, 25.574, 23.862, 23.816, 24.985, 25.396, 24.566, 22.863, 22.681, 21.308, 19.336, 19.66, 19.596, 19.134, 16.584, 8.974, 0.0, 11.544, 19.744, 22.019, 21.525, 22.972, 25.028, 26.591, 28.048, 28.102, 28.679, 30.941, 31.404, 30.801, 32.306, 35.503, 41.224, 44.698, 45.518, 45.828, 46.241, 46.253, 45.464, 45.069, 45.504, 45.938, 46.916, 47.71, 47.386, 48.051, 48.807, 49.002, 50.014, 50.99, 51.305, 51.823, 52.93, 54.233, 54.582, 54.333, 53.559, 52.916, 53.315, 53.947, 54.543, 55.23, 55.859, 56.232, 56.83, 56.862, 55.205, 54.158, 54.975, 55.7, 56.302, 56.344, 56.516, 57.641, 58.016, 57.886, 57.877, 57.099, 57.713, 57.793, 57.477, 57.813, 57.718], [33.302, 28.563, 27.14, 27.095, 26.316, 23.91, 21.799, 21.378, 21.829, 21.809, 21.875, 22.777, 21.516, 21.482, 22.387, 22.08, 22.178, 20.173, 17.862, 11.544, 0.0, 10.185, 14.183, 15.44, 16.656, 18.882, 20.462, 21.484, 22.111, 23.099, 25.294, 26.115, 25.691, 26.828, 31.056, 38.085, 42.082, 43.29, 43.105, 43.418, 43.596, 43.069, 42.684, 43.013, 43.31, 44.078, 44.937, 44.956, 45.451, 46.208, 46.554, 47.283, 48.113, 48.904, 50.209, 51.559, 52.729, 52.673, 52.154, 51.175, 50.554, 51.058, 51.401, 52.071, 52.927, 53.111, 53.267, 53.708, 53.387, 51.412, 49.911, 50.479, 51.166, 51.781, 51.991, 52.635, 54.248, 54.676, 54.388, 54.527, 53.542, 54.047, 54.603, 54.272, 54.66, 54.648], [37.255, 32.829, 31.412, 31.25, 30.546, 27.863, 24.744, 23.255, 23.434, 24.462, 26.189, 27.884, 26.961, 27.587, 28.495, 28.051, 28.148, 26.075, 24.742, 19.744, 10.185, 0.0, 6.63, 11.146, 13.89, 17.648, 19.444, 20.267, 20.981, 21.467, 22.594, 23.133, 22.787, 23.502, 28.018, 35.651, 39.936, 41.758, 41.83, 42.061, 42.145, 41.764, 41.421, 41.583, 41.686, 42.225, 43.116, 43.439, 44.087, 45.007, 45.409, 46.091, 46.937, 47.791, 49.215, 50.445, 51.386, 51.037, 50.344, 49.354, 48.805, 49.302, 49.49, 50.182, 51.014, 50.983, 51.018, 51.339, 50.938, 49.006, 47.596, 48.078, 48.681, 49.366, 49.551, 50.04, 51.681, 52.15, 51.854, 52.084, 51.15, 51.702, 52.423, 52.013, 52.357, 52.397], [38.519, 34.708, 33.356, 33.01, 32.369, 29.946, 26.958, 25.539, 25.693, 26.862, 28.554, 30.091, 29.263, 29.715, 30.429, 29.931, 29.869, 27.727, 26.309, 22.019, 14.183, 6.63, 0.0, 6.327, 10.724, 15.469, 17.931, 19.063, 19.313, 19.442, 20.539, 20.866, 20.549, 21.222, 25.269, 32.891, 37.352, 39.334, 39.554, 39.782, 39.885, 39.568, 39.268, 39.369, 39.437, 40.009, 40.987, 41.409, 42.137, 43.13, 43.605, 44.4, 45.311, 46.18, 47.651, 49.043, 50.23, 50.016, 49.353, 48.414, 47.865, 48.372, 48.608, 49.318, 50.153, 50.131, 50.107, 50.344, 49.939, 48.02, 46.643, 47.157, 47.774, 48.499, 48.634, 49.004, 50.598, 51.076, 50.808, 51.032, 50.093, 50.613, 51.321, 50.897, 51.197, 51.243], [37.941, 34.765, 33.6, 33.107, 32.506, 30.417, 27.848, 26.901, 27.216, 28.301, 29.765, 31.098, 30.137, 30.214, 30.895, 30.426, 30.205, 28.082, 25.881, 21.525, 15.44, 11.146, 6.327, 0.0, 6.6, 12.509, 15.573, 17.361, 17.399, 17.369, 18.978, 19.406, 19.225, 20.192, 23.651, 30.909, 35.487, 37.487, 37.885, 38.255, 38.313, 37.852, 37.556, 37.699, 37.853, 38.59, 39.655, 40.036, 40.793, 41.784, 42.244, 43.13, 44.149, 45.05, 46.482, 47.956, 49.339, 49.313, 48.718, 47.83, 47.31, 47.807, 48.127, 48.827, 49.606, 49.636, 49.615, 49.863, 49.523, 47.6, 46.18, 46.717, 47.307, 47.979, 48.114, 48.479, 50.027, 50.505, 50.24, 50.403, 49.487, 50.023, 50.656, 50.257, 50.566, 50.607], [38.076, 35.121, 34.304, 33.939, 33.395, 31.499, 28.997, 28.059, 28.507, 29.49, 30.862, 32.026, 30.94, 31.213, 31.976, 31.353, 31.052, 29.345, 27.775, 22.972, 16.656, 13.89, 10.724, 6.6, 0.0, 7.698, 11.68, 13.998, 14.619, 15.682, 18.474, 19.474, 19.428, 20.434, 23.993, 30.993, 35.446, 37.275, 37.379, 37.839, 38.009, 37.524, 37.222, 37.455, 37.691, 38.454, 39.561, 39.939, 40.451, 41.405, 42.026, 42.731, 43.584, 44.666, 46.506, 48.317, 49.788, 49.714, 49.079, 48.12, 47.677, 48.249, 48.465, 49.15, 50.032, 50.009, 49.982, 50.19, 49.664, 47.543, 45.88, 46.36, 46.863, 47.361, 47.639, 48.504, 50.357, 50.829, 50.404, 50.581, 49.536, 49.955, 50.803, 50.438, 50.778, 50.829], [37.996, 34.765, 34.124, 33.973, 33.483, 31.833, 29.622, 28.906, 29.416, 29.894, 30.616, 31.382, 30.271, 30.87, 31.632, 30.859, 30.51, 29.198, 29.044, 25.028, 18.882, 17.648, 15.469, 12.509, 7.698, 0.0, 5.607, 9.316, 11.406, 15.526, 20.224, 21.436, 20.938, 22.069, 26.165, 32.856, 36.654, 38.145, 37.978, 38.217, 38.482, 38.003, 37.709, 38.113, 38.385, 39.043, 40.105, 40.297, 40.396, 41.206, 42.033, 42.725, 43.228, 44.337, 46.602, 48.884, 50.642, 50.684, 50.123, 49.251, 48.939, 49.71, 49.874, 50.425, 51.509, 51.667, 51.709, 51.881, 51.259, 49.134, 47.464, 47.984, 48.501, 48.972, 49.335, 50.426, 52.353, 52.748, 52.257, 52.522, 51.28, 51.456, 52.374, 51.975, 52.254, 52.273], [37.988, 34.438, 33.89, 33.843, 33.299, 31.496, 29.231, 28.594, 29.163, 29.572, 30.516, 31.602, 30.55, 31.512, 32.566, 31.872, 31.544, 30.372, 30.463, 26.591, 20.462, 19.444, 17.931, 15.573, 11.68, 5.607, 0.0, 5.482, 9.469, 14.924, 20.048, 21.431, 20.99, 22.294, 27.061, 33.898, 37.463, 38.957, 38.81, 38.986, 39.15, 38.545, 38.191, 38.636, 38.921, 39.537, 40.511, 40.606, 40.614, 41.325, 42.133, 42.789, 43.202, 44.271, 46.534, 48.777, 50.439, 50.407, 49.846, 49.068, 48.972, 49.896, 50.048, 50.517, 51.604, 51.824, 51.902, 52.128, 51.575, 49.504, 47.887, 48.425, 48.899, 49.316, 49.703, 50.862, 52.759, 53.078, 52.554, 52.812, 51.612, 51.837, 52.761, 52.362, 52.615, 52.622], [38.676, 34.576, 33.957, 34.036, 33.497, 31.574, 29.194, 28.462, 28.985, 29.268, 30.364, 31.635, 30.686, 32.096, 33.219, 32.446, 32.19, 31.198, 31.911, 28.048, 21.484, 20.267, 19.063, 17.361, 13.998, 9.316, 5.482, 0.0, 6.301, 13.549, 19.123, 20.835, 20.511, 21.709, 27.247, 34.844, 38.494, 39.945, 39.676, 39.888, 40.187, 39.682, 39.327, 39.772, 40.042, 40.606, 41.525, 41.582, 41.419, 42.108, 42.975, 43.492, 43.753, 44.87, 47.301, 49.652, 51.314, 51.212, 50.602, 49.764, 49.698, 50.766, 50.917, 51.398, 52.563, 52.701, 52.754, 52.976, 52.349, 50.176, 48.431, 48.908, 49.386, 49.813, 50.257, 51.561, 53.572, 53.89, 53.304, 53.599, 52.358, 52.617, 53.677, 53.248, 53.552, 53.582], [37.894, 34.119, 33.52, 33.574, 33.225, 31.602, 29.38, 28.769, 29.421, 29.821, 30.83, 32.004, 31.127, 32.397, 33.486, 32.804, 32.486, 31.45, 31.872, 28.102, 22.111, 20.981, 19.313, 17.399, 14.619, 11.406, 9.469, 6.301, 0.0, 9.05, 16.166, 18.45, 18.41, 19.905, 25.251, 32.929, 36.816, 38.139, 37.884, 38.257, 38.635, 38.081, 37.697, 38.117, 38.438, 39.139, 40.073, 40.165, 40.123, 40.863, 41.808, 42.394, 42.737, 43.911, 46.367, 48.863, 50.686, 50.7, 50.13, 49.307, 49.204, 50.282, 50.669, 51.254, 52.383, 52.519, 52.569, 52.835, 52.306, 50.205, 48.48, 48.984, 49.513, 49.95, 50.274, 51.317, 53.195, 53.52, 52.981, 53.249, 51.938, 52.181, 53.147, 52.718, 53.039, 53.051], [37.356, 34.622, 34.272, 34.18, 33.878, 32.169, 29.505, 28.506, 29.255, 30.384, 32.265, 34.066, 33.314, 34.279, 35.737, 35.501, 35.161, 33.907, 32.981, 28.679, 23.099, 21.467, 19.442, 17.369, 15.682, 15.526, 14.924, 13.549, 9.05, 0.0, 8.599, 12.199, 13.606, 15.804, 20.661, 28.484, 33.19, 34.905, 34.846, 35.545, 35.808, 35.089, 34.618, 34.87, 35.231, 36.137, 37.108, 37.503, 37.871, 38.515, 39.201, 39.729, 40.468, 41.796, 43.991, 46.12, 47.699, 47.632, 47.064, 46.314, 46.267, 47.188, 47.829, 48.747, 49.646, 49.536, 49.447, 49.776, 49.508, 47.589, 45.941, 46.452, 46.964, 47.317, 47.403, 48.054, 49.746, 50.033, 49.54, 49.623, 48.393, 48.861, 49.763, 49.449, 49.809, 49.838], [39.6, 37.31, 36.927, 36.624, 36.065, 33.812, 30.44, 28.735, 29.2, 30.896, 33.826, 36.362, 35.787, 36.816, 38.555, 38.584, 38.328, 36.942, 35.457, 30.941, 25.294, 22.594, 20.539, 18.978, 18.474, 20.224, 20.048, 19.123, 16.166, 8.599, 0.0, 5.514, 9.47, 11.863, 16.647, 25.295, 30.891, 33.435, 33.735, 34.538, 34.596, 33.913, 33.461, 33.562, 33.861, 34.729, 35.665, 36.344, 37.013, 37.54, 37.794, 38.075, 39.055, 40.434, 42.266, 43.757, 44.868, 44.552, 43.959, 43.326, 43.386, 44.188, 44.787, 45.958, 46.783, 46.362, 46.087, 46.484, 46.442, 44.714, 43.29, 43.827, 44.242, 44.538, 44.479, 44.897, 46.504, 46.704, 46.144, 46.055, 45.06, 45.899, 46.927, 46.671, 47.057, 47.16], [41.334, 38.966, 38.303, 37.809, 36.993, 34.379, 30.838, 29.027, 29.236, 30.875, 33.813, 36.363, 35.774, 36.744, 38.457, 38.45, 38.19, 36.781, 35.441, 31.404, 26.115, 23.133, 20.866, 19.406, 19.474, 21.436, 21.431, 20.835, 18.45, 12.199, 5.514, 0.0, 5.52, 8.794, 13.908, 23.226, 29.14, 32.135, 32.888, 33.571, 33.478, 32.793, 32.388, 32.545, 32.827, 33.631, 34.65, 35.353, 36.075, 36.638, 36.719, 37.02, 37.994, 39.233, 40.844, 42.164, 43.301, 43.062, 42.551, 42.079, 42.207, 43.053, 43.613, 44.766, 45.682, 45.48, 45.278, 45.639, 45.696, 44.211, 43.232, 43.989, 44.39, 44.737, 44.609, 44.791, 46.197, 46.306, 45.743, 45.625, 44.766, 45.707, 46.725, 46.403, 46.708, 46.822], [41.469, 38.735, 37.843, 37.34, 36.449, 33.746, 30.329, 28.579, 28.565, 29.916, 32.515, 34.848, 34.172, 35.112, 36.673, 36.545, 36.276, 34.916, 34.261, 30.801, 25.691, 22.787, 20.549, 19.225, 19.428, 20.938, 20.99, 20.511, 18.41, 13.606, 9.47, 5.52, 0.0, 5.337, 12.257, 22.078, 27.78, 30.903, 31.953, 32.492, 32.375, 31.732, 31.461, 31.8, 32.078, 32.808, 33.955, 34.574, 35.151, 35.797, 35.901, 36.303, 37.063, 38.125, 39.769, 41.259, 42.612, 42.502, 41.99, 41.557, 41.694, 42.625, 43.141, 44.186, 45.208, 45.288, 45.34, 45.68, 45.671, 44.346, 43.734, 44.687, 45.143, 45.591, 45.454, 45.433, 46.676, 46.771, 46.235, 46.216, 45.285, 46.085, 47.081, 46.643, 46.868, 46.963], [42.111, 39.412, 38.508, 38.065, 37.241, 34.563, 31.09, 29.141, 28.92, 30.3, 33.155, 35.554, 34.886, 36.01, 37.485, 37.389, 37.252, 35.957, 35.755, 32.306, 26.828, 23.502, 21.222, 20.192, 20.434, 22.069, 22.294, 21.709, 19.905, 15.804, 11.863, 8.794, 5.337, 0.0, 9.564, 20.723, 26.75, 30.153, 31.125, 31.643, 31.609, 31.175, 31.091, 31.424, 31.624, 32.289, 33.481, 34.203, 34.762, 35.453, 35.527, 35.84, 36.541, 37.66, 39.452, 40.976, 42.285, 42.025, 41.364, 40.806, 40.83, 41.703, 42.093, 43.153, 44.269, 44.275, 44.432, 44.912, 44.834, 43.422, 42.774, 43.706, 44.134, 44.585, 44.49, 44.545, 45.877, 45.989, 45.386, 45.415, 44.491, 45.345, 46.502, 46.027, 46.288, 46.421], [43.364, 42.37, 41.729, 41.101, 40.397, 38.253, 35.235, 33.461, 33.255, 34.87, 37.635, 39.784, 39.032, 39.658, 41.028, 41.21, 41.133, 39.769, 38.803, 35.503, 31.056, 28.018, 25.269, 23.651, 23.993, 26.165, 27.061, 27.247, 25.251, 20.661, 16.647, 13.908, 12.257, 9.564, 0.0, 12.7, 20.74, 25.265, 26.701, 27.286, 27.032, 26.681, 26.802, 26.99, 27.192, 28.016, 29.398, 30.511, 31.504, 32.183, 32.027, 32.526, 33.755, 35.032, 36.597, 37.932, 39.349, 39.277, 38.652, 38.086, 37.909, 38.595, 39.099, 40.276, 41.36, 41.337, 41.488, 42.128, 42.404, 41.362, 41.064, 42.132, 42.472, 42.851, 42.581, 42.22, 43.333, 43.419, 42.842, 42.834, 41.981, 42.891, 44.008, 43.523, 43.737, 43.868], [45.909, 46.86, 46.728, 45.979, 45.349, 43.867, 41.606, 40.197, 40.111, 41.794, 44.226, 46.044, 45.237, 45.296, 46.598, 47.01, 46.923, 45.686, 44.09, 41.224, 38.085, 35.651, 32.891, 30.909, 30.993, 32.856, 33.898, 34.844, 32.929, 28.484, 25.295, 23.226, 22.078, 20.723, 12.7, 0.0, 10.887, 17.754, 20.582, 21.335, 20.754, 20.306, 20.643, 20.732, 20.926, 21.874, 23.51, 24.948, 26.45, 27.179, 26.699, 27.196, 28.794, 30.087, 31.355, 32.755, 34.588, 35.017, 34.556, 34.082, 33.881, 34.476, 35.138, 36.216, 37.283, 37.568, 37.806, 38.405, 39.122, 39.251, 40.354, 41.92, 42.176, 42.4, 41.763, 40.658, 41.403, 41.493, 41.012, 40.992, 40.201, 41.081, 42.055, 41.412, 41.327, 41.399], [47.633, 48.885, 48.917, 48.222, 47.583, 46.476, 44.826, 43.752, 43.715, 45.144, 47.156, 48.702, 47.926, 47.872, 49.087, 49.471, 49.398, 48.368, 47.015, 44.698, 42.082, 39.936, 37.352, 35.487, 35.446, 36.654, 37.463, 38.494, 36.816, 33.19, 30.891, 29.14, 27.78, 26.75, 20.74, 10.887, 0.0, 9.625, 15.278, 16.712, 16.559, 15.972, 16.157, 16.346, 16.226, 16.69, 18.473, 19.7, 21.209, 22.457, 22.009, 22.343, 23.7, 24.722, 26.115, 28.446, 31.184, 32.174, 31.837, 31.212, 30.937, 31.747, 32.423, 33.227, 34.687, 35.91, 36.482, 36.852, 37.683, 38.826, 41.641, 44.075, 44.386, 44.459, 43.621, 42.314, 42.962, 43.068, 42.622, 42.71, 42.099, 42.964, 43.813, 42.858, 42.443, 42.446], [47.487, 48.83, 49.023, 48.573, 48.185, 47.443, 46.06, 45.161, 45.286, 46.521, 48.121, 49.396, 48.652, 48.64, 49.771, 50.023, 49.877, 48.932, 47.691, 45.518, 43.29, 41.758, 39.334, 37.487, 37.275, 38.145, 38.957, 39.945, 38.139, 34.905, 33.435, 32.135, 30.903, 30.153, 25.265, 17.754, 9.625, 0.0, 8.163, 11.061, 11.915, 11.643, 11.792, 12.077, 12.038, 12.815, 14.819, 16.211, 18.33, 20.468, 20.844, 21.583, 23.11, 24.228, 25.801, 29.044, 32.582, 34.054, 33.835, 32.856, 32.173, 33.024, 33.818, 34.548, 36.42, 38.202, 38.866, 39.192, 39.984, 41.005, 43.995, 47.013, 47.573, 47.524, 46.774, 45.811, 46.545, 46.652, 46.209, 46.316, 45.597, 46.201, 46.902, 45.976, 45.587, 45.524], [46.948, 48.358, 48.769, 48.647, 48.522, 47.836, 46.145, 44.943, 45.11, 46.351, 47.909, 49.139, 48.481, 48.773, 49.907, 50.076, 49.887, 49.02, 48.241, 45.828, 43.105, 41.83, 39.554, 37.885, 37.379, 37.978, 38.81, 39.676, 37.884, 34.846, 33.735, 32.888, 31.953, 31.125, 26.701, 20.582, 15.278, 8.163, 0.0, 4.788, 7.479, 8.835, 9.689, 9.985, 10.29, 11.694, 13.789, 15.723, 17.947, 20.125, 21.309, 22.133, 23.609, 25.216, 27.362, 30.974, 34.615, 36.055, 35.795, 34.642, 33.855, 34.753, 35.458, 36.253, 38.319, 39.787, 40.26, 40.633, 41.214, 41.839, 44.171, 47.102, 47.88, 47.876, 47.267, 46.605, 47.563, 47.709, 47.224, 47.379, 46.227, 46.489, 47.364, 46.607, 46.374, 46.318], [47.466, 48.779, 49.117, 49.053, 48.966, 48.232, 46.436, 45.06, 45.1, 46.296, 47.779, 48.994, 48.4, 48.775, 49.842, 49.962, 49.725, 48.796, 48.361, 46.241, 43.418, 42.061, 39.782, 38.255, 37.839, 38.217, 38.986, 39.888, 38.257, 35.545, 34.538, 33.571, 32.492, 31.643, 27.286, 21.335, 16.712, 11.061, 4.788, 0.0, 4.193, 7.293, 9.039, 9.593, 9.947, 11.187, 13.304, 15.268, 17.373, 19.441, 20.914, 22.021, 23.358, 24.863, 26.962, 30.557, 34.257, 35.795, 35.62, 34.646, 34.032, 35.06, 35.684, 36.392, 38.491, 39.882, 40.331, 40.73, 41.338, 42.081, 44.447, 47.299, 48.133, 48.32, 47.726, 46.783, 47.571, 47.706, 47.269, 47.515, 46.114, 46.13, 47.031, 46.286, 46.046, 45.986], [47.458, 48.935, 49.26, 49.143, 49.09, 48.373, 46.565, 45.165, 45.186, 46.499, 48.13, 49.469, 48.897, 49.209, 50.28, 50.459, 50.184, 49.063, 48.303, 46.253, 43.596, 42.145, 39.885, 38.313, 38.009, 38.482, 39.15, 40.187, 38.635, 35.808, 34.596, 33.478, 32.375, 31.609, 27.032, 20.754, 16.559, 11.915, 7.479, 4.193, 0.0, 4.455, 7.127, 7.902, 8.509, 9.973, 12.097, 14.165, 16.727, 18.699, 20.099, 21.714, 23.365, 24.622, 26.198, 29.331, 32.796, 34.307, 34.162, 33.39, 32.998, 34.039, 34.671, 35.317, 37.311, 38.72, 39.207, 39.721, 40.543, 41.464, 43.972, 46.825, 47.605, 47.854, 47.262, 45.957, 46.416, 46.491, 46.108, 46.361, 44.918, 44.853, 45.623, 44.91, 44.657, 44.58], [46.426, 48.034, 48.385, 48.192, 48.138, 47.504, 45.863, 44.719, 44.905, 46.285, 47.949, 49.303, 48.687, 48.867, 49.989, 50.233, 49.931, 48.77, 47.594, 45.464, 43.069, 41.764, 39.568, 37.852, 37.524, 38.003, 38.545, 39.682, 38.081, 35.089, 33.913, 32.793, 31.732, 31.175, 26.681, 20.306, 15.972, 11.643, 8.835, 7.293, 4.455, 0.0, 3.401, 4.907, 6.079, 8.254, 10.593, 12.464, 15.375, 17.408, 18.695, 20.652, 22.655, 23.849, 25.155, 28.11, 31.514, 33.018, 32.897, 32.262, 32.07, 33.105, 33.813, 34.441, 36.32, 37.939, 38.548, 39.114, 40.07, 41.084, 43.674, 46.546, 47.289, 47.511, 46.889, 45.493, 45.803, 45.818, 45.465, 45.646, 44.338, 44.398, 45.0, 44.292, 44.013, 43.912], [45.838, 47.444, 47.804, 47.561, 47.461, 46.854, 45.306, 44.335, 44.68, 46.105, 47.767, 49.13, 48.514, 48.625, 49.778, 50.037, 49.741, 48.64, 47.294, 45.069, 42.684, 41.421, 39.268, 37.556, 37.222, 37.709, 38.191, 39.327, 37.697, 34.618, 33.461, 32.388, 31.461, 31.091, 26.802, 20.643, 16.157, 11.792, 9.689, 9.039, 7.127, 3.401, 0.0, 2.484, 4.248, 6.996, 9.39, 11.188, 14.336, 16.512, 17.767, 19.705, 21.898, 23.222, 24.613, 27.662, 31.114, 32.611, 32.511, 31.885, 31.755, 32.825, 33.569, 34.199, 36.047, 37.797, 38.437, 38.966, 39.92, 40.906, 43.503, 46.405, 47.143, 47.332, 46.709, 45.498, 45.931, 45.936, 45.574, 45.691, 44.501, 44.654, 45.193, 44.472, 44.164, 44.054], [46.1, 47.824, 48.214, 47.939, 47.825, 47.234, 45.656, 44.656, 45.043, 46.576, 48.353, 49.781, 49.175, 49.262, 50.427, 50.732, 50.477, 49.356, 47.845, 45.504, 43.013, 41.583, 39.369, 37.699, 37.455, 38.113, 38.636, 39.772, 38.117, 34.87, 33.562, 32.545, 31.8, 31.424, 26.99, 20.732, 16.346, 12.077, 9.985, 9.593, 7.902, 4.907, 2.484, 0.0, 2.481, 6.012, 8.581, 10.787, 14.289, 16.486, 17.705, 19.563, 21.892, 23.317, 24.713, 27.699, 31.073, 32.505, 32.377, 31.685, 31.498, 32.541, 33.327, 33.996, 35.817, 37.533, 38.115, 38.63, 39.602, 40.576, 43.144, 46.037, 46.771, 46.947, 46.329, 45.198, 45.733, 45.781, 45.442, 45.555, 44.402, 44.578, 45.115, 44.401, 44.086, 43.98], [46.6, 48.247, 48.601, 48.301, 48.143, 47.504, 45.893, 44.863, 45.218, 46.758, 48.578, 50.047, 49.46, 49.546, 50.699, 51.028, 50.824, 49.706, 48.26, 45.938, 43.31, 41.686, 39.437, 37.853, 37.691, 38.385, 38.921, 40.042, 38.438, 35.231, 33.861, 32.827, 32.078, 31.624, 27.192, 20.926, 16.226, 12.038, 10.29, 9.947, 8.509, 6.079, 4.248, 2.481, 0.0, 4.078, 7.09, 9.708, 13.481, 15.852, 17.041, 18.808, 21.096, 22.498, 23.964, 27.035, 30.443, 31.866, 31.701, 30.919, 30.646, 31.699, 32.49, 33.175, 35.059, 36.829, 37.429, 37.938, 38.913, 39.972, 42.71, 45.666, 46.408, 46.616, 45.967, 44.762, 45.331, 45.428, 45.149, 45.369, 44.247, 44.456, 45.014, 44.239, 43.897, 43.791], [47.61, 49.092, 49.393, 49.088, 48.882, 48.175, 46.521, 45.42, 45.703, 47.198, 49.024, 50.547, 50.032, 50.147, 51.257, 51.587, 51.436, 50.359, 49.157, 46.916, 44.078, 42.225, 40.009, 38.59, 38.454, 39.043, 39.537, 40.606, 39.139, 36.137, 34.729, 33.631, 32.808, 32.289, 28.016, 21.874, 16.69, 12.815, 11.694, 11.187, 9.973, 8.254, 6.996, 6.012, 4.078, 0.0, 4.096, 7.655, 11.456, 14.041, 15.28, 16.988, 19.162, 20.589, 22.411, 25.815, 29.34, 30.799, 30.625, 29.784, 29.461, 30.58, 31.267, 31.898, 33.916, 35.751, 36.407, 36.885, 37.808, 39.028, 42.131, 45.241, 45.99, 46.251, 45.558, 44.184, 44.751, 44.882, 44.647, 45.07, 43.958, 44.135, 44.757, 43.871, 43.474, 43.372], [47.896, 49.404, 49.713, 49.404, 49.232, 48.607, 46.996, 45.888, 46.16, 47.623, 49.448, 51.052, 50.692, 50.851, 51.917, 52.301, 52.175, 51.101, 49.871, 47.71, 44.937, 43.116, 40.987, 39.655, 39.561, 40.105, 40.511, 41.525, 40.073, 37.108, 35.665, 34.65, 33.955, 33.481, 29.398, 23.51, 18.473, 14.819, 13.789, 13.304, 12.097, 10.593, 9.39, 8.581, 7.09, 4.096, 0.0, 5.179, 10.1, 12.795, 14.097, 15.954, 18.269, 19.63, 21.463, 24.958, 28.458, 29.916, 29.796, 28.962, 28.64, 29.821, 30.518, 31.07, 33.126, 35.024, 35.724, 36.329, 37.332, 38.591, 41.827, 45.031, 45.811, 46.092, 45.387, 43.928, 44.431, 44.543, 44.347, 44.852, 43.816, 44.0, 44.55, 43.658, 43.255, 43.144], [47.588, 48.939, 49.156, 48.791, 48.6, 48.143, 46.812, 45.865, 46.104, 47.389, 49.004, 50.52, 50.231, 50.357, 51.329, 51.691, 51.562, 50.539, 49.305, 47.386, 44.956, 43.439, 41.409, 40.036, 39.939, 40.297, 40.606, 41.582, 40.165, 37.503, 36.344, 35.353, 34.574, 34.203, 30.511, 24.948, 19.7, 16.211, 15.723, 15.268, 14.165, 12.464, 11.188, 10.787, 9.708, 7.655, 5.179, 0.0, 6.591, 10.157, 11.695, 14.096, 16.592, 17.804, 19.553, 23.203, 26.982, 28.741, 28.812, 28.076, 27.832, 29.18, 29.924, 30.375, 32.53, 34.655, 35.469, 36.135, 37.221, 38.543, 41.928, 45.215, 46.011, 46.315, 45.605, 44.19, 44.676, 44.726, 44.515, 44.976, 44.028, 44.416, 44.989, 44.032, 43.594, 43.462], [48.149, 49.228, 49.407, 49.081, 48.873, 48.451, 47.174, 46.2, 46.401, 47.538, 48.959, 50.355, 50.052, 50.213, 51.194, 51.511, 51.396, 50.588, 49.865, 48.051, 45.451, 44.087, 42.137, 40.793, 40.451, 40.396, 40.614, 41.419, 40.123, 37.871, 37.013, 36.075, 35.151, 34.762, 31.504, 26.45, 21.209, 18.33, 17.947, 17.373, 16.727, 15.375, 14.336, 14.289, 13.481, 11.456, 10.1, 6.591, 0.0, 5.086, 7.936, 10.702, 13.087, 14.931, 17.982, 22.431, 26.582, 28.548, 28.718, 28.0, 27.874, 29.445, 30.01, 30.454, 32.823, 34.848, 35.571, 35.933, 36.736, 38.059, 41.546, 44.895, 45.712, 46.03, 45.343, 44.157, 44.888, 44.932, 44.639, 45.149, 44.038, 44.435, 45.355, 44.322, 43.814, 43.693], [48.155, 49.374, 49.616, 49.3, 49.096, 48.69, 47.358, 46.285, 46.489, 47.668, 49.125, 50.597, 50.315, 50.447, 51.553, 52.07, 52.016, 51.264, 50.603, 48.807, 46.208, 45.007, 43.13, 41.784, 41.405, 41.206, 41.325, 42.108, 40.863, 38.515, 37.54, 36.638, 35.797, 35.453, 32.183, 27.179, 22.457, 20.468, 20.125, 19.441, 18.699, 17.408, 16.512, 16.486, 15.852, 14.041, 12.795, 10.157, 5.086, 0.0, 4.744, 8.574, 11.378, 13.836, 17.553, 22.192, 26.265, 28.186, 28.418, 27.815, 27.865, 29.534, 30.106, 30.624, 32.962, 34.815, 35.442, 35.749, 36.528, 37.914, 41.348, 44.593, 45.427, 45.779, 45.085, 43.875, 44.597, 44.614, 44.329, 44.849, 43.659, 44.014, 44.984, 44.025, 43.488, 43.354], [48.532, 49.784, 49.987, 49.563, 49.203, 48.627, 47.26, 46.208, 46.353, 47.548, 49.132, 50.753, 50.488, 50.553, 51.739, 52.395, 52.475, 51.741, 50.835, 49.002, 46.554, 45.409, 43.605, 42.244, 42.026, 42.033, 42.133, 42.975, 41.808, 39.201, 37.794, 36.719, 35.901, 35.527, 32.027, 26.699, 22.009, 20.844, 21.309, 20.914, 20.099, 18.695, 17.767, 17.705, 17.041, 15.28, 14.097, 11.695, 7.936, 4.744, 0.0, 5.577, 9.676, 12.378, 16.005, 20.374, 24.373, 26.384, 26.699, 26.166, 26.21, 27.815, 28.441, 29.03, 31.239, 33.066, 33.769, 34.243, 35.269, 36.91, 40.604, 43.902, 44.708, 45.05, 44.241, 42.877, 43.565, 43.563, 43.289, 43.771, 42.851, 43.506, 44.477, 43.483, 42.92, 42.799], [49.577, 50.658, 50.868, 50.384, 49.802, 48.969, 47.476, 46.358, 46.469, 47.679, 49.42, 51.144, 50.88, 51.083, 52.384, 53.011, 53.176, 52.729, 52.087, 50.014, 47.283, 46.091, 44.4, 43.13, 42.731, 42.725, 42.789, 43.492, 42.394, 39.729, 38.075, 37.02, 36.303, 35.84, 32.526, 27.196, 22.343, 21.583, 22.133, 22.021, 21.714, 20.652, 19.705, 19.563, 18.808, 16.988, 15.954, 14.096, 10.702, 8.574, 5.577, 0.0, 5.587, 9.795, 14.673, 19.607, 23.645, 25.51, 25.799, 25.177, 25.209, 26.854, 27.372, 28.063, 30.361, 32.015, 32.646, 33.091, 34.025, 35.76, 39.639, 42.999, 43.767, 43.999, 43.141, 42.138, 43.304, 43.387, 43.017, 43.511, 42.671, 43.524, 44.768, 43.702, 43.115, 43.045], [50.674, 51.42, 51.555, 51.079, 50.392, 49.466, 48.0, 46.85, 46.865, 47.91, 49.476, 51.094, 50.843, 51.151, 52.422, 52.972, 53.139, 52.886, 52.863, 50.99, 48.113, 46.937, 45.311, 44.149, 43.584, 43.228, 43.202, 43.753, 42.737, 40.468, 39.055, 37.994, 37.063, 36.541, 33.755, 28.794, 23.7, 23.11, 23.609, 23.358, 23.365, 22.655, 21.898, 21.892, 21.096, 19.162, 18.269, 16.592, 13.087, 11.378, 9.676, 5.587, 0.0, 6.018, 13.16, 19.369, 23.705, 25.548, 25.859, 25.261, 25.472, 27.405, 27.831, 28.457, 30.987, 32.639, 33.274, 33.589, 34.272, 36.134, 40.257, 43.635, 44.448, 44.762, 43.949, 43.011, 44.358, 44.522, 44.12, 44.735, 43.678, 44.421, 45.814, 44.64, 44.016, 43.957], [51.363, 52.001, 51.994, 51.442, 50.703, 49.784, 48.502, 47.458, 47.37, 48.294, 49.679, 51.228, 51.013, 51.205, 52.413, 52.975, 53.101, 52.788, 52.74, 51.305, 48.904, 47.791, 46.18, 45.05, 44.666, 44.337, 44.271, 44.87, 43.911, 41.796, 40.434, 39.233, 38.125, 37.66, 35.032, 30.087, 24.722, 24.228, 25.216, 24.863, 24.622, 23.849, 23.222, 23.317, 22.498, 20.589, 19.63, 17.804, 14.931, 13.836, 12.378, 9.795, 6.018, 0.0, 8.47, 15.875, 20.764, 22.957, 23.477, 23.034, 23.475, 25.707, 26.277, 26.759, 29.424, 31.515, 32.409, 32.87, 33.804, 36.169, 40.969, 44.553, 45.397, 45.82, 44.941, 43.541, 44.571, 44.741, 44.452, 45.152, 44.058, 44.778, 45.994, 44.709, 44.008, 43.903], [52.002, 52.884, 52.775, 52.058, 51.269, 50.366, 49.26, 48.383, 48.26, 49.256, 50.745, 52.422, 52.215, 52.182, 53.428, 54.078, 54.113, 53.624, 52.962, 51.823, 50.209, 49.215, 47.651, 46.482, 46.506, 46.602, 46.534, 47.301, 46.367, 43.991, 42.266, 40.844, 39.769, 39.452, 36.597, 31.355, 26.115, 25.801, 27.362, 26.962, 26.198, 25.155, 24.613, 24.713, 23.964, 22.411, 21.463, 19.553, 17.982, 17.553, 16.005, 14.673, 13.16, 8.47, 0.0, 8.536, 14.567, 17.774, 18.865, 18.912, 19.684, 22.057, 22.962, 23.402, 25.995, 28.737, 30.011, 30.852, 32.531, 35.613, 41.18, 45.0, 45.808, 46.263, 45.175, 43.089, 43.527, 43.579, 43.472, 44.129, 43.219, 44.09, 44.955, 43.638, 42.871, 42.718], [53.005, 54.17, 54.056, 53.22, 52.419, 51.441, 50.262, 49.357, 49.204, 50.432, 52.326, 54.308, 54.115, 53.984, 55.325, 56.091, 56.107, 55.403, 54.133, 52.93, 51.559, 50.445, 49.043, 47.956, 48.317, 48.884, 48.777, 49.652, 48.863, 46.12, 43.757, 42.164, 41.259, 40.976, 37.932, 32.755, 28.446, 29.044, 30.974, 30.557, 29.331, 28.11, 27.662, 27.699, 27.035, 25.815, 24.958, 23.203, 22.431, 22.192, 20.374, 19.607, 19.369, 15.875, 8.536, 0.0, 7.129, 11.741, 13.679, 14.635, 16.037, 18.286, 19.367, 19.888, 21.954, 24.712, 26.156, 27.422, 29.908, 33.643, 39.742, 43.593, 44.323, 44.831, 43.495, 40.667, 40.551, 40.447, 40.489, 41.087, 40.448, 41.607, 42.282, 40.991, 40.181, 40.039], [54.089, 55.389, 55.338, 54.46, 53.659, 52.566, 51.185, 50.109, 49.929, 51.398, 53.757, 56.079, 55.909, 55.785, 57.225, 58.096, 58.142, 57.312, 55.687, 54.233, 52.729, 51.386, 50.23, 49.339, 49.788, 50.642, 50.439, 51.314, 50.686, 47.699, 44.868, 43.301, 42.612, 42.285, 39.349, 34.588, 31.184, 32.582, 34.615, 34.257, 32.796, 31.514, 31.114, 31.073, 30.443, 29.34, 28.458, 26.982, 26.582, 26.265, 24.373, 23.645, 23.705, 20.764, 14.567, 7.129, 0.0, 5.726, 8.622, 10.83, 13.391, 15.416, 16.465, 16.994, 18.366, 20.991, 22.594, 24.227, 27.291, 31.543, 38.023, 41.79, 42.386, 42.91, 41.435, 38.081, 37.699, 37.592, 37.761, 38.377, 37.892, 39.273, 39.92, 38.675, 37.822, 37.699], [54.157, 55.422, 55.431, 54.546, 53.725, 52.503, 50.898, 49.645, 49.468, 51.154, 53.912, 56.472, 56.297, 56.25, 57.761, 58.689, 58.785, 57.972, 56.354, 54.582, 52.673, 51.037, 50.016, 49.313, 49.714, 50.684, 50.407, 51.212, 50.7, 47.632, 44.552, 43.062, 42.502, 42.025, 39.277, 35.017, 32.174, 34.054, 36.055, 35.795, 34.307, 33.018, 32.611, 32.505, 31.866, 30.799, 29.916, 28.741, 28.548, 28.186, 26.384, 25.51, 25.548, 22.957, 17.774, 11.741, 5.726, 0.0, 3.748, 7.547, 11.457, 13.492, 14.33, 14.917, 16.109, 18.865, 20.673, 22.495, 25.589, 29.836, 36.323, 39.97, 40.425, 40.882, 39.423, 36.075, 35.818, 35.768, 35.929, 36.582, 36.159, 37.681, 38.425, 37.226, 36.376, 36.266], [53.865, 55.069, 55.118, 54.272, 53.454, 52.166, 50.465, 49.147, 48.978, 50.736, 53.638, 56.263, 56.059, 56.037, 57.554, 58.486, 58.624, 57.823, 56.286, 54.333, 52.154, 50.344, 49.353, 48.718, 49.079, 50.123, 49.846, 50.602, 50.13, 47.064, 43.959, 42.551, 41.99, 41.364, 38.652, 34.556, 31.837, 33.835, 35.795, 35.62, 34.162, 32.897, 32.511, 32.377, 31.701, 30.625, 29.796, 28.812, 28.718, 28.418, 26.699, 25.799, 25.859, 23.477, 18.865, 13.679, 8.622, 3.748, 0.0, 4.98, 9.78, 11.994, 12.756, 13.475, 14.83, 17.83, 19.861, 21.716, 24.703, 28.904, 35.355, 39.0, 39.405, 39.786, 38.354, 35.156, 35.083, 35.083, 35.214, 35.919, 35.583, 37.208, 38.039, 36.844, 36.019, 35.905], [53.185, 54.327, 54.43, 53.66, 52.852, 51.555, 49.82, 48.48, 48.347, 50.063, 52.938, 55.536, 55.296, 55.299, 56.817, 57.745, 57.931, 57.155, 55.684, 53.559, 51.175, 49.354, 48.414, 47.8