[[0.0, 4.362, 8.496, 13.374, 20.084, 28.321, 34.807, 38.129, 39.497, 39.55, 38.349, 37.249, 37.197, 38.265, 39.44, 39.851, 39.911, 39.834, 40.132, 40.393, 39.803, 39.297, 39.368, 40.478, 42.292, 42.725, 41.915, 42.638, 45.25, 45.86, 45.101, 43.606, 41.693, 41.056, 41.264, 41.449, 41.911, 42.645, 42.5, 43.331, 47.552, 51.27, 53.589, 54.541, 54.07, 53.943, 53.966, 54.735, 54.58, 54.003, 54.522, 55.735, 55.851, 56.465, 57.719, 59.579, 60.625, 58.791, 56.192, 50.102, 41.607, 37.87, 37.528, 39.561, 41.637, 42.493, 44.589, 46.177, 46.959, 46.972, 45.619, 44.921, 44.578, 44.206, 44.859, 46.541, 48.965, 51.44, 53.493, 55.113, 55.009, 53.357, 52.064, 51.616, 51.094, 51.058], [4.362, 0.0, 4.821, 10.659, 18.557, 27.475, 34.116, 37.478, 38.887, 39.016, 37.944, 36.86, 36.82, 37.981, 39.17, 39.59, 39.73, 39.83, 40.339, 40.721, 40.236, 39.65, 39.603, 40.678, 42.52, 43.009, 42.339, 43.271, 45.924, 46.49, 45.77, 44.304, 42.228, 41.502, 41.76, 42.073, 42.667, 43.523, 43.488, 44.45, 48.829, 52.588, 54.906, 55.786, 55.144, 54.88, 54.928, 55.655, 55.475, 54.928, 55.432, 56.617, 56.664, 57.265, 58.627, 60.647, 61.773, 59.954, 57.364, 51.272, 42.76, 38.941, 38.601, 40.814, 42.987, 43.945, 46.372, 48.167, 48.974, 48.974, 47.561, 46.851, 46.53, 46.162, 46.832, 48.564, 51.046, 53.477, 55.338, 56.816, 56.676, 55.063, 53.807, 53.333, 52.792, 52.747], [8.496, 4.821, 0.0, 7.097, 16.456, 26.052, 32.848, 36.341, 37.855, 38.081, 37.089, 35.937, 35.9, 37.059, 38.179, 38.573, 38.771, 38.976, 39.621, 40.112, 39.741, 39.122, 38.994, 39.995, 41.841, 42.373, 41.834, 43.049, 45.859, 46.372, 45.655, 44.256, 42.078, 41.293, 41.573, 42.034, 42.79, 43.779, 43.904, 45.115, 49.74, 53.513, 55.762, 56.633, 56.048, 55.785, 55.838, 56.538, 56.386, 55.881, 56.374, 57.54, 57.568, 58.177, 59.628, 61.821, 63.111, 61.327, 58.693, 52.53, 43.939, 39.997, 39.546, 41.933, 44.314, 45.355, 47.828, 49.613, 50.435, 50.464, 49.053, 48.371, 48.063, 47.715, 48.433, 50.202, 52.767, 55.264, 56.989, 58.299, 58.12, 56.612, 55.481, 55.056, 54.522, 54.511], [13.374, 10.659, 7.097, 0.0, 10.237, 20.673, 27.859, 31.497, 33.086, 33.446, 32.691, 31.659, 31.737, 32.987, 34.048, 34.428, 34.744, 35.138, 35.988, 36.589, 36.367, 35.656, 35.364, 36.289, 38.134, 38.777, 38.538, 40.146, 43.094, 43.488, 42.829, 41.481, 38.999, 38.031, 38.36, 39.121, 40.237, 41.678, 42.526, 44.733, 50.405, 54.79, 57.352, 58.461, 58.069, 57.848, 57.885, 58.607, 58.449, 57.894, 58.355, 59.49, 59.482, 60.092, 61.588, 63.84, 65.111, 63.181, 60.396, 53.836, 44.413, 39.734, 39.344, 41.944, 44.455, 45.7, 48.318, 50.239, 51.17, 51.195, 49.775, 49.113, 48.875, 48.587, 49.282, 51.074, 53.753, 56.142, 57.227, 58.023, 57.821, 56.579, 55.889, 55.748, 55.259, 55.336], [20.084, 18.557, 16.456, 10.237, 0.0, 11.133, 18.883, 22.643, 24.234, 24.73, 24.358, 23.719, 24.088, 25.619, 26.743, 27.192, 27.741, 28.517, 29.664, 30.283, 30.211, 29.341, 28.694, 29.438, 31.243, 32.066, 32.342, 34.593, 37.755, 37.982, 37.518, 36.401, 33.532, 32.165, 32.512, 33.705, 35.348, 37.541, 39.792, 43.879, 51.381, 56.953, 60.144, 61.619, 61.453, 61.295, 61.285, 62.052, 61.863, 61.187, 61.614, 62.677, 62.617, 63.203, 64.611, 66.661, 67.604, 65.344, 62.355, 55.273, 44.505, 38.482, 38.141, 40.587, 42.968, 44.446, 47.273, 49.602, 50.753, 50.718, 49.258, 48.597, 48.492, 48.318, 48.905, 50.68, 53.356, 55.139, 54.924, 54.929, 54.766, 53.923, 53.956, 54.339, 53.948, 54.172], [28.321, 27.475, 26.052, 20.673, 11.133, 0.0, 8.138, 12.195, 14.002, 14.79, 14.923, 14.873, 15.661, 17.547, 18.895, 19.507, 20.424, 21.921, 23.514, 24.041, 24.15, 23.112, 21.949, 22.185, 23.747, 24.788, 25.786, 29.122, 32.756, 32.863, 32.743, 32.316, 29.355, 27.426, 27.68, 29.368, 31.622, 34.579, 38.411, 44.596, 53.933, 60.611, 64.266, 65.974, 66.014, 65.939, 65.877, 66.668, 66.486, 65.735, 66.13, 67.08, 66.994, 67.553, 68.785, 70.498, 71.018, 68.439, 65.299, 57.926, 46.179, 39.015, 38.424, 40.049, 42.128, 43.78, 46.702, 49.557, 50.93, 50.782, 49.262, 48.634, 48.675, 48.632, 49.091, 50.78, 53.217, 53.942, 52.111, 51.24, 51.123, 50.82, 51.744, 52.764, 52.515, 52.919], [34.807, 34.116, 32.848, 27.859, 18.883, 8.138, 0.0, 4.672, 7.236, 8.852, 10.081, 10.894, 11.943, 13.836, 15.257, 15.946, 17.123, 19.325, 21.392, 21.918, 22.256, 21.124, 19.561, 19.1, 20.126, 21.281, 22.913, 27.044, 30.871, 30.885, 31.103, 31.415, 28.641, 26.359, 26.509, 28.537, 31.241, 34.668, 39.398, 46.761, 57.116, 64.389, 68.237, 70.003, 70.109, 70.062, 69.981, 70.767, 70.583, 69.802, 70.167, 71.033, 70.933, 71.471, 72.59, 74.076, 74.301, 71.529, 68.327, 60.887, 48.804, 41.255, 40.497, 41.391, 43.195, 44.92, 47.961, 51.253, 52.741, 52.492, 50.925, 50.328, 50.464, 50.503, 50.873, 52.477, 54.647, 54.495, 51.432, 49.843, 49.686, 49.834, 51.442, 52.902, 52.756, 53.255], [38.129, 37.478, 36.341, 31.497, 22.643, 12.195, 4.672, 0.0, 3.226, 5.821, 8.487, 10.382, 11.554, 13.415, 14.841, 15.567, 16.846, 19.297, 21.533, 22.025, 22.469, 21.287, 19.525, 18.78, 19.419, 20.531, 22.524, 26.916, 30.578, 30.503, 30.934, 31.547, 28.8, 26.334, 26.456, 28.591, 31.497, 35.191, 40.309, 48.092, 58.871, 66.488, 70.529, 72.349, 72.426, 72.356, 72.273, 73.055, 72.842, 72.027, 72.37, 73.2, 73.076, 73.591, 74.655, 76.012, 76.043, 73.154, 69.936, 62.471, 50.21, 42.467, 41.738, 42.387, 44.036, 45.782, 49.01, 52.632, 54.189, 53.888, 52.296, 51.681, 51.863, 51.946, 52.267, 53.857, 55.9, 55.259, 51.45, 49.384, 49.194, 49.577, 51.537, 53.2, 53.097, 53.627], [39.497, 38.887, 37.855, 33.086, 24.234, 14.002, 7.236, 3.226, 0.0, 3.297, 7.18, 9.83, 11.104, 13.1, 14.652, 15.457, 16.78, 19.294, 21.552, 21.979, 22.451, 21.289, 19.518, 18.858, 19.457, 20.554, 22.673, 27.028, 30.487, 30.383, 30.909, 31.582, 28.845, 26.373, 26.492, 28.561, 31.449, 35.151, 40.37, 48.249, 59.136, 66.921, 71.136, 73.03, 73.084, 72.995, 72.908, 73.699, 73.469, 72.63, 72.968, 73.786, 73.643, 74.137, 75.166, 76.444, 76.37, 73.441, 70.238, 62.796, 50.532, 42.787, 42.137, 42.741, 44.323, 46.036, 49.328, 53.086, 54.659, 54.352, 52.758, 52.11, 52.306, 52.41, 52.706, 54.304, 56.291, 55.466, 51.43, 49.233, 49.086, 49.539, 51.56, 53.264, 53.182, 53.731], [39.55, 39.016, 38.081, 33.446, 24.73, 14.79, 8.852, 5.821, 3.297, 0.0, 4.654, 8.02, 9.465, 11.623, 13.473, 14.475, 15.866, 18.386, 20.538, 20.774, 21.164, 20.035, 18.417, 18.083, 18.837, 19.981, 22.181, 26.68, 30.299, 30.331, 30.849, 31.499, 28.837, 26.398, 26.482, 28.42, 31.203, 34.793, 39.957, 47.785, 58.629, 66.451, 70.754, 72.745, 72.867, 72.81, 72.719, 73.534, 73.317, 72.467, 72.81, 73.627, 73.483, 73.977, 74.98, 76.2, 76.08, 73.154, 69.976, 62.584, 50.381, 42.659, 41.959, 42.431, 43.982, 45.67, 48.889, 52.649, 54.217, 53.906, 52.301, 51.638, 51.832, 51.936, 52.216, 53.82, 55.775, 54.898, 50.939, 48.81, 48.705, 49.147, 51.118, 52.822, 52.754, 53.331], [38.349, 37.944, 37.089, 32.691, 24.358, 14.923, 10.081, 8.487, 7.18, 4.654, 0.0, 4.21, 6.176, 8.589, 10.926, 12.235, 13.75, 16.257, 18.175, 18.105, 18.289, 17.201, 15.911, 16.092, 17.138, 18.381, 20.717, 25.724, 29.951, 30.224, 30.624, 31.257, 28.746, 26.339, 26.359, 28.138, 30.75, 34.15, 39.132, 46.788, 57.464, 65.161, 69.385, 71.435, 71.757, 71.837, 71.74, 72.596, 72.422, 71.57, 71.929, 72.758, 72.649, 73.166, 74.145, 75.335, 75.232, 72.338, 69.187, 61.873, 49.784, 42.055, 41.081, 41.301, 42.9, 44.553, 47.482, 51.082, 52.62, 52.302, 50.697, 50.055, 50.239, 50.344, 50.643, 52.262, 54.227, 53.423, 49.819, 47.956, 47.85, 48.231, 50.136, 51.844, 51.784, 52.409], [37.249, 36.86, 35.937, 31.659, 23.719, 14.873, 10.894, 10.382, 9.83, 8.02, 4.21, 0.0, 2.818, 6.174, 8.943, 10.375, 11.989, 14.564, 16.517, 16.55, 16.759, 15.755, 14.719, 15.18, 16.497, 17.797, 20.144, 25.328, 29.85, 30.196, 30.48, 31.119, 28.684, 26.407, 26.439, 28.122, 30.561, 33.704, 38.42, 45.846, 56.3, 63.785, 67.835, 69.834, 70.254, 70.447, 70.359, 71.23, 71.09, 70.254, 70.632, 71.487, 71.42, 71.963, 72.96, 74.217, 74.214, 71.387, 68.26, 61.05, 49.196, 41.682, 40.543, 40.601, 42.263, 43.836, 46.495, 49.864, 51.32, 51.017, 49.428, 48.817, 48.977, 49.074, 49.411, 51.039, 53.05, 52.476, 49.445, 47.976, 47.88, 48.181, 49.97, 51.618, 51.554, 52.189], [37.197, 36.82, 35.9, 31.737, 24.088, 15.661, 11.943, 11.554, 11.104, 9.465, 6.176, 2.818, 0.0, 4.366, 7.688, 9.211, 10.828, 13.519, 15.653, 15.858, 16.151, 15.186, 14.28, 14.896, 16.323, 17.574, 19.814, 24.955, 29.53, 29.938, 30.19, 30.858, 28.496, 26.307, 26.346, 27.979, 30.347, 33.348, 37.958, 45.318, 55.738, 63.214, 67.244, 69.22, 69.621, 69.823, 69.755, 70.662, 70.539, 69.702, 70.083, 70.942, 70.885, 71.433, 72.43, 73.688, 73.692, 70.876, 67.762, 60.615, 48.916, 41.672, 40.582, 40.486, 42.067, 43.561, 46.153, 49.449, 50.857, 50.543, 48.933, 48.331, 48.481, 48.563, 48.885, 50.493, 52.479, 51.927, 49.087, 47.738, 47.635, 47.932, 49.676, 51.293, 51.225, 51.853], [38.265, 37.981, 37.059, 32.987, 25.619, 17.547, 13.836, 13.415, 13.1, 11.623, 8.589, 6.174, 4.366, 0.0, 3.915, 5.723, 7.374, 10.409, 12.917, 13.282, 13.698, 12.874, 12.377, 13.368, 14.885, 16.086, 18.112, 23.362, 28.364, 29.111, 29.347, 30.033, 27.905, 25.83, 25.799, 27.408, 29.797, 32.783, 37.401, 44.864, 55.385, 62.913, 66.93, 68.982, 69.597, 69.911, 69.864, 70.898, 70.858, 70.021, 70.394, 71.254, 71.217, 71.755, 72.7, 73.87, 73.803, 70.976, 67.874, 60.829, 49.431, 42.621, 41.618, 41.343, 42.732, 44.083, 46.423, 49.491, 50.829, 50.514, 48.964, 48.385, 48.531, 48.596, 48.855, 50.387, 52.314, 51.764, 48.974, 47.57, 47.367, 47.641, 49.342, 50.943, 50.892, 51.525], [39.44, 39.17, 38.179, 34.048, 26.743, 18.895, 15.257, 14.841, 14.652, 13.473, 10.926, 8.943, 7.688, 3.915, 0.0, 2.154, 4.355, 8.02, 11.017, 11.705, 12.397, 11.768, 11.485, 12.602, 14.147, 15.337, 17.237, 22.488, 27.82, 28.864, 29.109, 29.715, 27.662, 25.684, 25.626, 27.269, 29.7, 32.738, 37.383, 44.9, 55.453, 62.956, 66.915, 69.029, 69.862, 70.302, 70.262, 71.365, 71.4, 70.578, 70.945, 71.813, 71.796, 72.324, 73.249, 74.394, 74.317, 71.5, 68.412, 61.451, 50.32, 43.831, 42.89, 42.58, 43.876, 45.123, 47.257, 50.122, 51.402, 51.112, 49.656, 49.087, 49.216, 49.266, 49.485, 50.973, 52.9, 52.444, 49.742, 48.289, 48.0, 48.219, 49.85, 51.407, 51.362, 51.994], [39.851, 39.59, 38.573, 34.428, 27.192, 19.507, 15.946, 15.567, 15.457, 14.475, 12.235, 10.375, 9.211, 5.723, 2.154, 0.0, 2.75, 6.858, 10.189, 11.178, 12.062, 11.556, 11.379, 12.468, 13.993, 15.156, 16.927, 22.009, 27.408, 28.574, 28.821, 29.407, 27.417, 25.523, 25.463, 27.106, 29.537, 32.568, 37.193, 44.713, 55.275, 62.764, 66.694, 68.829, 69.76, 70.269, 70.233, 71.349, 71.41, 70.597, 70.966, 71.85, 71.849, 72.373, 73.29, 74.432, 74.361, 71.555, 68.466, 61.539, 50.564, 44.322, 43.453, 43.11, 44.368, 45.553, 47.581, 50.355, 51.599, 51.32, 49.911, 49.353, 49.467, 49.506, 49.705, 51.163, 53.071, 52.66, 50.058, 48.632, 48.32, 48.522, 50.114, 51.648, 51.603, 52.223], [39.911, 39.73, 38.771, 34.744, 27.741, 20.424, 17.123, 16.846, 16.78, 15.866, 13.75, 11.989, 10.828, 7.374, 4.355, 2.75, 0.0, 4.57, 8.475, 9.896, 10.93, 10.616, 10.843, 12.175, 13.731, 14.878, 16.391, 21.13, 26.568, 27.884, 28.058, 28.619, 26.834, 25.105, 25.035, 26.61, 29.012, 31.966, 36.481, 43.947, 54.488, 61.988, 65.93, 68.113, 69.176, 69.784, 69.758, 70.906, 70.997, 70.189, 70.579, 71.505, 71.53, 72.051, 72.95, 74.051, 73.946, 71.143, 68.063, 61.167, 50.366, 44.466, 43.737, 43.304, 44.453, 45.572, 47.49, 50.156, 51.354, 51.083, 49.712, 49.157, 49.255, 49.266, 49.422, 50.824, 52.674, 52.307, 49.86, 48.522, 48.195, 48.343, 49.846, 51.343, 51.302, 51.893], [39.834, 39.83, 38.976, 35.138, 28.517, 21.921, 19.325, 19.297, 19.294, 18.386, 16.257, 14.564, 13.519, 10.409, 8.02, 6.858, 4.57, 0.0, 4.568, 6.838, 8.256, 8.415, 9.422, 11.314, 12.959, 14.036, 15.298, 19.8, 25.59, 27.14, 27.022, 27.362, 25.792, 24.304, 24.243, 25.74, 28.104, 30.928, 35.229, 42.503, 52.927, 60.395, 64.323, 66.642, 68.046, 68.886, 68.869, 70.073, 70.226, 69.432, 69.868, 70.913, 71.042, 71.585, 72.466, 73.539, 73.449, 70.682, 67.629, 60.789, 50.205, 44.688, 44.051, 43.452, 44.479, 45.54, 47.211, 49.639, 50.767, 50.509, 49.195, 48.639, 48.685, 48.631, 48.742, 50.063, 51.858, 51.655, 49.606, 48.504, 48.174, 48.19, 49.496, 50.916, 50.877, 51.447], [40.132, 40.339, 39.621, 35.988, 29.664, 23.514, 21.392, 21.533, 21.552, 20.538, 18.175, 16.517, 15.653, 12.917, 11.017, 10.189, 8.475, 4.568, 0.0, 3.174, 5.223, 6.09, 7.866, 10.187, 11.85, 12.824, 14.131, 18.935, 25.298, 26.985, 26.586, 26.796, 25.399, 24.028, 23.947, 25.361, 27.616, 30.294, 34.478, 41.637, 51.958, 59.385, 63.282, 65.762, 67.526, 68.591, 68.566, 69.806, 70.011, 69.22, 69.691, 70.837, 71.099, 71.68, 72.52, 73.558, 73.505, 70.788, 67.748, 60.968, 50.501, 45.072, 44.312, 43.479, 44.457, 45.489, 46.839, 49.062, 50.141, 49.878, 48.623, 48.092, 48.088, 47.996, 48.099, 49.367, 51.088, 50.926, 49.199, 48.362, 48.08, 48.025, 49.221, 50.638, 50.616, 51.219], [40.393, 40.721, 40.112, 36.589, 30.283, 24.041, 21.918, 22.025, 21.979, 20.774, 18.105, 16.55, 15.858, 13.282, 11.705, 11.178, 9.896, 6.838, 3.174, 0.0, 2.605, 4.015, 6.45, 9.124, 10.789, 11.792, 13.43, 18.907, 25.613, 27.289, 26.857, 27.097, 25.728, 24.244, 24.104, 25.482, 27.704, 30.404, 34.676, 41.902, 52.23, 59.674, 63.594, 66.132, 67.965, 69.062, 69.021, 70.25, 70.456, 69.659, 70.134, 71.27, 71.556, 72.159, 72.964, 73.945, 73.872, 71.154, 68.109, 61.304, 50.678, 44.927, 43.951, 42.966, 43.96, 45.036, 46.281, 48.514, 49.627, 49.343, 48.081, 47.565, 47.566, 47.484, 47.598, 48.88, 50.572, 50.272, 48.435, 47.586, 47.331, 47.315, 48.59, 50.095, 50.09, 50.751], [39.803, 40.236, 39.741, 36.367, 30.211, 24.15, 22.256, 22.469, 22.451, 21.164, 18.289, 16.759, 16.151, 13.698, 12.397, 12.062, 10.93, 8.256, 5.223, 2.605, 0.0, 2.494, 6.018, 9.078, 10.828, 11.797, 13.318, 18.887, 25.761, 27.509, 27.049, 27.196, 25.843, 24.298, 24.108, 25.403, 27.568, 30.251, 34.449, 41.6, 51.867, 59.287, 63.2, 65.714, 67.52, 68.618, 68.573, 69.805, 70.009, 69.212, 69.699, 70.836, 71.114, 71.729, 72.533, 73.473, 73.368, 70.638, 67.582, 60.735, 49.964, 43.998, 42.897, 41.852, 42.853, 43.948, 45.174, 47.427, 48.563, 48.267, 46.987, 46.469, 46.484, 46.401, 46.51, 47.808, 49.526, 49.235, 47.364, 46.487, 46.236, 46.229, 47.522, 49.05, 49.043, 49.728], [39.297, 39.65, 39.122, 35.656, 29.341, 23.112, 21.124, 21.287, 21.289, 20.035, 17.201, 15.755, 15.186, 12.874, 11.768, 11.556, 10.616, 8.415, 6.09, 4.015, 2.494, 0.0, 4.235, 7.832, 9.819, 10.923, 12.721, 18.625, 25.488, 27.13, 26.697, 26.838, 25.308, 23.629, 23.478, 24.886, 27.166, 29.985, 34.294, 41.555, 51.955, 59.451, 63.398, 65.85, 67.502, 68.516, 68.471, 69.668, 69.837, 69.039, 69.524, 70.644, 70.888, 71.507, 72.358, 73.363, 73.291, 70.547, 67.473, 60.544, 49.562, 43.379, 42.282, 41.323, 42.365, 43.541, 44.974, 47.362, 48.529, 48.22, 46.89, 46.349, 46.392, 46.324, 46.447, 47.785, 49.554, 49.256, 47.254, 46.298, 46.049, 46.071, 47.414, 48.956, 48.94, 49.621], [39.368, 39.603, 38.994, 35.364, 28.694, 21.949, 19.561, 19.525, 19.518, 18.417, 15.911, 14.719, 14.28, 12.377, 11.485, 11.379, 10.843, 9.422, 7.866, 6.45, 6.018, 4.235, 0.0, 4.389, 7.195, 8.671, 11.129, 17.869, 24.858, 26.269, 25.894, 26.218, 24.569, 22.722, 22.603, 24.196, 26.652, 29.71, 34.307, 41.844, 52.461, 60.053, 64.05, 66.454, 67.955, 68.89, 68.841, 69.961, 70.082, 69.277, 69.751, 70.844, 71.066, 71.679, 72.554, 73.62, 73.605, 70.863, 67.747, 60.718, 49.491, 43.014, 41.862, 41.049, 42.211, 43.468, 45.13, 47.732, 48.974, 48.677, 47.317, 46.742, 46.799, 46.759, 46.936, 48.338, 50.143, 49.708, 47.381, 46.258, 46.01, 46.074, 47.528, 49.14, 49.123, 49.802], [40.478, 40.678, 39.995, 36.289, 29.438, 22.185, 19.1, 18.78, 18.858, 18.083, 16.092, 15.18, 14.896, 13.368, 12.602, 12.468, 12.175, 11.314, 10.187, 9.124, 9.078, 7.832, 4.389, 0.0, 3.642, 5.772, 9.418, 17.166, 24.355, 25.544, 25.231, 25.927, 24.342, 22.329, 22.179, 23.95, 26.592, 29.87, 34.762, 42.631, 53.48, 61.122, 65.083, 67.458, 68.966, 69.904, 69.844, 70.889, 70.966, 70.159, 70.629, 71.709, 71.942, 72.556, 73.407, 74.439, 74.411, 71.649, 68.462, 61.31, 49.794, 42.955, 41.69, 40.944, 42.247, 43.578, 45.372, 48.208, 49.542, 49.235, 47.874, 47.307, 47.354, 47.34, 47.554, 48.983, 50.76, 50.035, 47.105, 45.652, 45.363, 45.525, 47.211, 48.988, 48.99, 49.692], [42.292, 42.52, 41.841, 38.134, 31.243, 23.747, 20.126, 19.419, 19.457, 18.837, 17.138, 16.497, 16.323, 14.885, 14.147, 13.993, 13.731, 12.959, 11.85, 10.789, 10.828, 9.819, 7.195, 3.642, 0.0, 3.168, 8.496, 16.879, 24.03, 25.054, 24.766, 25.71, 24.183, 22.052, 21.895, 23.785, 26.568, 30.011, 35.173, 43.324, 54.401, 62.155, 66.129, 68.547, 70.164, 71.145, 71.072, 72.084, 72.14, 71.33, 71.794, 72.87, 73.121, 73.739, 74.556, 75.527, 75.438, 72.627, 69.415, 62.192, 50.487, 43.489, 42.274, 41.505, 42.839, 44.221, 46.035, 48.995, 50.368, 50.016, 48.68, 48.15, 48.191, 48.195, 48.393, 49.794, 51.508, 50.494, 47.003, 45.229, 44.891, 45.194, 47.114, 49.04, 49.07, 49.805], [42.725, 43.009, 42.373, 38.777, 32.066, 24.788, 21.281, 20.531, 20.554, 19.981, 18.381, 17.797, 17.574, 16.086, 15.337, 15.156, 14.878, 14.036, 12.824, 11.792, 11.797, 10.923, 8.671, 5.772, 3.168, 0.0, 6.22, 15.244, 22.549, 23.534, 23.242, 24.248, 22.856, 20.807, 20.62, 22.404, 25.101, 28.549, 33.781, 42.029, 53.231, 61.095, 65.101, 67.533, 69.212, 70.236, 70.16, 71.163, 71.219, 70.406, 70.864, 71.935, 72.219, 72.835, 73.62, 74.544, 74.42, 71.598, 68.379, 61.227, 49.672, 42.948, 41.91, 41.259, 42.636, 43.869, 45.438, 48.315, 49.663, 49.318, 48.083, 47.576, 47.594, 47.618, 47.815, 49.184, 50.869, 49.854, 46.312, 44.516, 44.2, 44.565, 46.488, 48.397, 48.444, 49.205], [41.915, 42.339, 41.834, 38.538, 32.342, 25.786, 22.913, 22.524, 22.673, 22.181, 20.717, 20.144, 19.814, 18.112, 17.237, 16.927, 16.391, 15.298, 14.131, 13.43, 13.318, 12.721, 11.129, 9.418, 8.496, 6.22, 0.0, 9.858, 17.905, 19.505, 19.286, 20.118, 19.28, 17.704, 17.312, 18.683, 21.09, 24.387, 29.491, 37.827, 49.231, 57.286, 61.383, 63.848, 65.614, 66.706, 66.627, 67.636, 67.712, 66.891, 67.317, 68.356, 68.668, 69.261, 69.968, 70.791, 70.595, 67.761, 64.517, 57.524, 46.705, 41.364, 41.022, 40.712, 42.011, 42.734, 43.682, 46.153, 47.384, 47.114, 46.075, 45.579, 45.536, 45.537, 45.658, 46.904, 48.515, 47.792, 44.724, 43.199, 42.969, 43.287, 44.846, 46.521, 46.601, 47.364], [42.638, 43.271, 43.049, 40.146, 34.593, 29.122, 27.044, 26.916, 27.028, 26.68, 25.724, 25.328, 24.955, 23.362, 22.488, 22.009, 21.13, 19.8, 18.935, 18.907, 18.887, 18.625, 17.869, 17.166, 16.879, 15.244, 9.858, 0.0, 9.34, 13.224, 13.299, 13.471, 14.054, 13.863, 13.113, 13.458, 15.262, 18.159, 23.053, 31.667, 43.514, 52.021, 56.454, 59.136, 61.078, 62.263, 62.169, 63.163, 63.231, 62.355, 62.699, 63.695, 64.024, 64.551, 65.136, 65.782, 65.426, 62.495, 59.219, 52.307, 42.78, 40.559, 42.034, 42.195, 43.114, 43.113, 43.343, 45.244, 46.223, 46.052, 45.289, 44.798, 44.68, 44.588, 44.456, 45.423, 46.823, 46.473, 44.126, 43.003, 42.96, 43.182, 44.036, 45.295, 45.448, 46.144], [45.25, 45.924, 45.859, 43.094, 37.755, 32.756, 30.871, 30.578, 30.487, 30.299, 29.951, 29.85, 29.53, 28.364, 27.82, 27.408, 26.568, 25.59, 25.298, 25.613, 25.761, 25.488, 24.858, 24.355, 24.03, 22.549, 17.905, 9.34, 0.0, 6.561, 8.011, 8.803, 11.417, 12.77, 12.056, 11.365, 12.403, 14.849, 19.756, 28.662, 40.905, 49.906, 54.812, 57.673, 59.462, 60.487, 60.342, 61.179, 61.111, 60.158, 60.392, 61.281, 61.593, 62.049, 62.523, 62.998, 62.434, 59.363, 56.042, 49.055, 40.298, 40.422, 43.688, 44.594, 45.433, 45.07, 45.024, 46.748, 47.589, 47.467, 46.907, 46.449, 46.328, 46.284, 46.053, 46.862, 47.986, 47.531, 45.144, 44.023, 44.161, 44.606, 45.437, 46.64, 46.883, 47.509], [45.86, 46.49, 46.372, 43.488, 37.982, 32.863, 30.885, 30.503, 30.383, 30.331, 30.224, 30.196, 29.938, 29.111, 28.864, 28.574, 27.884, 27.14, 26.985, 27.289, 27.509, 27.13, 26.269, 25.544, 25.054, 23.534, 19.505, 13.224, 6.561, 0.0, 3.842, 7.895, 11.102, 12.603, 12.285, 11.944, 13.071, 15.572, 20.676, 29.589, 41.763, 50.735, 55.732, 58.61, 60.225, 61.091, 60.897, 61.61, 61.45, 60.487, 60.726, 61.613, 61.98, 62.478, 62.96, 63.467, 62.962, 59.926, 56.569, 49.432, 40.205, 39.727, 43.121, 44.431, 45.613, 45.452, 45.527, 47.414, 48.311, 48.165, 47.61, 47.184, 47.074, 47.144, 47.081, 47.985, 49.033, 48.32, 45.628, 44.48, 44.684, 45.357, 46.686, 48.159, 48.421, 49.025], [45.101, 45.77, 45.655, 42.829, 37.518, 32.743, 31.103, 30.934, 30.909, 30.849, 30.624, 30.48, 30.19, 29.347, 29.109, 28.821, 28.058, 27.022, 26.586, 26.857, 27.049, 26.697, 25.894, 25.231, 24.766, 23.242, 19.286, 13.299, 8.011, 3.842, 0.0, 5.587, 9.792, 11.821, 11.678, 11.377, 12.544, 14.975, 19.921, 28.728, 40.848, 49.771, 54.758, 57.703, 59.442, 60.373, 60.177, 60.935, 60.805, 59.846, 60.114, 61.081, 61.52, 62.074, 62.597, 63.175, 62.788, 59.815, 56.493, 49.352, 40.088, 39.585, 42.884, 44.107, 45.287, 45.249, 45.378, 47.171, 48.033, 47.876, 47.289, 46.838, 46.672, 46.675, 46.636, 47.561, 48.685, 48.208, 45.873, 44.963, 45.156, 45.7, 46.899, 48.308, 48.538, 49.095], [43.606, 44.304, 44.256, 41.481, 36.401, 32.316, 31.415, 31.547, 31.582, 31.499, 31.257, 31.119, 30.858, 30.033, 29.715, 29.407, 28.619, 27.362, 26.796, 27.097, 27.196, 26.838, 26.218, 25.927, 25.71, 24.248, 20.118, 13.471, 8.803, 7.895, 5.587, 0.0, 6.004, 9.331, 9.293, 8.51, 9.528, 12.111, 16.992, 25.783, 38.04, 47.089, 52.152, 55.144, 56.965, 57.941, 57.772, 58.628, 58.536, 57.574, 57.841, 58.86, 59.291, 59.847, 60.433, 61.112, 60.81, 57.847, 54.57, 47.446, 38.469, 38.733, 42.458, 43.945, 44.965, 44.849, 45.073, 46.668, 47.443, 47.313, 46.741, 46.231, 46.003, 45.869, 45.722, 46.623, 47.974, 48.105, 46.365, 45.706, 45.933, 46.242, 46.97, 48.053, 48.217, 48.725], [41.693, 42.228, 42.078, 38.999, 33.532, 29.355, 28.641, 28.8, 28.845, 28.837, 28.746, 28.684, 28.496, 27.905, 27.662, 27.417, 26.834, 25.792, 25.399, 25.728, 25.843, 25.308, 24.569, 24.342, 24.183, 22.856, 19.28, 14.054, 11.417, 11.102, 9.792, 6.004, 0.0, 4.182, 4.802, 5.299, 7.916, 11.616, 17.127, 26.054, 38.379, 47.38, 52.36, 55.261, 56.922, 57.764, 57.606, 58.525, 58.443, 57.502, 57.789, 58.823, 59.172, 59.727, 60.436, 61.332, 61.174, 58.2, 54.907, 47.588, 37.826, 37.102, 40.718, 42.582, 43.804, 43.963, 44.847, 46.79, 47.649, 47.471, 46.748, 46.217, 46.013, 45.838, 45.696, 46.737, 48.339, 48.553, 46.661, 45.908, 46.148, 46.445, 47.228, 48.29, 48.376, 48.885], [41.056, 41.502, 41.293, 38.031, 32.165, 27.426, 26.359, 26.334, 26.373, 26.398, 26.339, 26.407, 26.307, 25.83, 25.684, 25.523, 25.105, 24.304, 24.028, 24.244, 24.298, 23.629, 22.722, 22.329, 22.052, 20.807, 17.704, 13.863, 12.77, 12.603, 11.821, 9.331, 4.182, 0.0, 1.895, 4.982, 8.886, 13.221, 19.085, 28.096, 40.406, 49.322, 54.176, 56.965, 58.488, 59.237, 59.072, 59.997, 59.916, 58.988, 59.292, 60.304, 60.59, 61.144, 61.875, 62.793, 62.622, 59.592, 56.254, 48.737, 38.119, 36.099, 39.298, 41.151, 42.539, 42.951, 44.31, 46.711, 47.721, 47.476, 46.6, 46.069, 45.916, 45.76, 45.645, 46.793, 48.456, 48.335, 45.831, 44.735, 44.925, 45.332, 46.426, 47.684, 47.752, 48.302], [41.264, 41.76, 41.573, 38.36, 32.512, 27.68, 26.509, 26.456, 26.492, 26.482, 26.359, 26.439, 26.346, 25.799, 25.626, 25.463, 25.035, 24.243, 23.947, 24.104, 24.108, 23.478, 22.603, 22.179, 21.895, 20.62, 17.312, 13.113, 12.056, 12.285, 11.678, 9.293, 4.802, 1.895, 0.0, 3.824, 8.101, 12.673, 18.666, 27.808, 40.182, 49.123, 53.965, 56.735, 58.269, 59.033, 58.864, 59.801, 59.734, 58.802, 59.096, 60.088, 60.368, 60.913, 61.61, 62.471, 62.26, 59.205, 55.848, 48.335, 37.769, 35.884, 39.105, 40.908, 42.256, 42.574, 43.797, 46.168, 47.206, 46.995, 46.144, 45.616, 45.463, 45.294, 45.153, 46.275, 47.916, 47.766, 45.196, 44.057, 44.257, 44.678, 45.756, 47.021, 47.104, 47.675], [41.449, 42.073, 42.034, 39.121, 33.705, 29.368, 28.537, 28.591, 28.561, 28.42, 28.138, 28.122, 27.979, 27.408, 27.269, 27.106, 26.61, 25.74, 25.361, 25.482, 25.403, 24.886, 24.196, 23.95, 23.785, 22.404, 18.683, 13.458, 11.365, 11.944, 11.377, 8.51, 5.299, 4.982, 3.824, 0.0, 4.588, 9.501, 15.665, 24.982, 37.513, 46.628, 51.624, 54.433, 56.0, 56.805, 56.632, 57.592, 57.528, 56.566, 56.842, 57.828, 58.126, 58.653, 59.289, 60.034, 59.726, 56.646, 53.29, 45.887, 35.845, 35.046, 38.767, 40.709, 41.965, 41.974, 42.808, 44.957, 45.924, 45.832, 45.157, 44.632, 44.441, 44.251, 44.068, 45.138, 46.73, 46.728, 44.471, 43.587, 43.898, 44.278, 45.111, 46.214, 46.312, 46.889], [41.911, 42.667, 42.79, 40.237, 35.348, 31.622, 31.241, 31.497, 31.449, 31.203, 30.75, 30.561, 30.347, 29.797, 29.7, 29.537, 29.012, 28.104, 27.616, 27.704, 27.568, 27.166, 26.652, 26.592, 26.568, 25.101, 21.09, 15.262, 12.403, 13.071, 12.544, 9.528, 7.916, 8.886, 8.101, 4.588, 0.0, 5.351, 11.944, 21.557, 34.217, 43.496, 48.653, 51.537, 53.179, 54.04, 53.849, 54.81, 54.746, 53.757, 54.007, 54.961, 55.293, 55.811, 56.376, 57.029, 56.664, 53.602, 50.28, 43.099, 33.893, 34.466, 38.687, 40.822, 42.022, 41.684, 41.993, 43.778, 44.605, 44.633, 44.235, 43.759, 43.516, 43.32, 43.117, 44.114, 45.627, 45.86, 44.17, 43.739, 44.213, 44.537, 45.086, 45.997, 46.118, 46.713], [42.645, 43.523, 43.779, 41.678, 37.541, 34.579, 34.668, 35.191, 35.151, 34.793, 34.15, 33.704, 33.348, 32.783, 32.738, 32.568, 31.966, 30.928, 30.294, 30.404, 30.251, 29.985, 29.71, 29.87, 30.011, 28.549, 24.387, 18.159, 14.849, 15.572, 14.975, 12.111, 11.616, 13.221, 12.673, 9.501, 5.351, 0.0, 7.246, 17.296, 30.065, 39.505, 44.841, 47.9, 49.753, 50.735, 50.502, 51.473, 51.461, 50.47, 50.706, 51.636, 52.036, 52.558, 53.035, 53.614, 53.289, 50.324, 47.093, 40.248, 32.305, 34.687, 39.36, 41.559, 42.699, 42.045, 41.836, 43.166, 43.775, 43.856, 43.656, 43.252, 42.947, 42.706, 42.469, 43.345, 44.685, 45.196, 44.446, 44.739, 45.412, 45.584, 45.653, 46.277, 46.42, 47.011], [42.5, 43.488, 43.904, 42.526, 39.792, 38.411, 39.398, 40.309, 40.37, 39.957, 39.132, 38.42, 37.958, 37.401, 37.383, 37.193, 36.481, 35.229, 34.478, 34.676, 34.449, 34.294, 34.307, 34.762, 35.173, 33.781, 29.491, 23.053, 19.756, 20.676, 19.921, 16.992, 17.127, 19.085, 18.666, 15.665, 11.944, 7.246, 0.0, 10.309, 23.254, 32.876, 38.41, 41.626, 43.734, 44.924, 44.671, 45.706, 45.789, 44.813, 45.065, 46.089, 46.628, 47.155, 47.562, 48.079, 47.859, 45.063, 41.953, 35.577, 29.74, 34.869, 40.133, 42.578, 43.68, 42.615, 41.879, 42.632, 42.941, 43.113, 43.093, 42.7, 42.307, 41.966, 41.704, 42.46, 43.717, 44.974, 45.72, 46.919, 47.704, 47.522, 46.781, 46.855, 46.968, 47.467], [43.331, 44.45, 45.115, 44.733, 43.879, 44.596, 46.761, 48.092, 48.249, 47.785, 46.788, 45.846, 45.318, 44.864, 44.9, 44.713, 43.947, 42.503, 41.637, 41.902, 41.6, 41.555, 41.844, 42.631, 43.324, 42.029, 37.827, 31.667, 28.662, 29.589, 28.728, 25.783, 26.054, 28.096, 27.808, 24.982, 21.557, 17.296, 10.309, 0.0, 13.223, 23.245, 29.236, 32.811, 35.431, 37.002, 36.748, 37.938, 38.182, 37.229, 37.516, 38.805, 39.648, 40.185, 40.515, 41.003, 41.047, 38.635, 35.832, 30.506, 28.458, 36.918, 42.747, 45.658, 46.763, 45.225, 43.795, 43.651, 43.556, 43.913, 44.225, 43.86, 43.321, 42.86, 42.623, 43.231, 44.458, 46.826, 49.454, 51.623, 52.454, 51.798, 50.068, 49.397, 49.435, 49.778], [47.552, 48.829, 49.74, 50.405, 51.381, 53.933, 57.116, 58.871, 59.136, 58.629, 57.464, 56.3, 55.738, 55.385, 55.453, 55.275, 54.488, 52.927, 51.958, 52.23, 51.867, 51.955, 52.461, 53.48, 54.401, 53.231, 49.231, 43.514, 40.905, 41.763, 40.848, 38.04, 38.379, 40.406, 40.182, 37.513, 34.217, 30.065, 23.254, 13.223, 0.0, 10.647, 17.721, 22.267, 26.122, 28.441, 28.158, 29.575, 30.177, 29.348, 29.684, 31.336, 32.708, 33.256, 33.375, 33.795, 34.472, 33.042, 31.067, 28.195, 31.693, 42.703, 48.611, 51.866, 52.979, 51.041, 48.769, 47.443, 46.878, 47.476, 48.234, 47.992, 47.333, 46.776, 46.636, 47.04, 48.168, 51.709, 56.252, 59.353, 60.221, 59.134, 56.498, 55.114, 55.076, 55.253], [51.27, 52.588, 53.513, 54.79, 56.953, 60.611, 64.389, 66.488, 66.921, 66.451, 65.161, 63.785, 63.214, 62.913, 62.956, 62.764, 61.988, 60.395, 59.385, 59.674, 59.287, 59.451, 60.053, 61.122, 62.155, 61.095, 57.286, 52.021, 49.906, 50.735, 49.771, 47.089, 47.38, 49.322, 49.123, 46.628, 43.496, 39.505, 32.876, 23.245, 10.647, 0.0, 8.189, 14.134, 19.956, 23.241, 22.951, 24.515, 25.582, 25.067, 25.512, 27.551, 29.418, 29.991, 30.039, 30.7, 32.406, 32.197, 31.055, 30.288, 36.73, 48.247, 53.738, 57.124, 58.36, 56.3, 53.562, 51.451, 50.583, 51.326, 52.34, 52.205, 51.497, 50.916, 50.916, 51.25, 52.426, 56.769, 62.435, 66.017, 66.838, 65.51, 62.463, 60.752, 60.657, 60.735], [53.589, 54.906, 55.762, 57.352, 60.144, 64.266, 68.237, 70.529, 71.136, 70.754, 69.385, 67.835, 67.244, 66.93, 66.915, 66.694, 65.93, 64.323, 63.282, 63.594, 63.2, 63.398, 64.05, 65.083, 66.129, 65.101, 61.383, 56.454, 54.812, 55.732, 54.758, 52.152, 52.36, 54.176, 53.965, 51.624, 48.653, 44.841, 38.41, 29.236, 17.721, 8.189, 0.0, 7.689, 16.32, 20.729, 20.517, 22.175, 23.717, 23.599, 24.204, 26.544, 28.746, 29.327, 29.458, 30.485, 32.985, 33.521, 32.789, 33.116, 40.51, 51.851, 56.88, 60.158, 61.42, 59.251, 56.174, 53.604, 52.54, 53.298, 54.412, 54.354, 53.633, 53.058, 53.118, 53.389, 54.67, 59.511, 65.798, 69.632, 70.387, 68.945, 65.768, 63.947, 63.825, 63.886], [54.541, 55.786, 56.633, 58.461, 61.619, 65.974, 70.003, 72.349, 73.03, 72.745, 71.435, 69.834, 69.22, 68.982, 69.029, 68.829, 68.113, 66.642, 65.762, 66.132, 65.714, 65.85, 66.454, 67.458, 68.547, 67.533, 63.848, 59.136, 57.673, 58.61, 57.703, 55.144, 55.261, 56.965, 56.735, 54.433, 51.537, 47.9, 41.626, 32.811, 22.267, 14.134, 7.689, 0.0, 10.252, 15.598, 15.627, 17.493, 19.382, 19.627, 20.495, 23.215, 25.568, 26.068, 26.379, 27.703, 30.615, 31.677, 31.281, 32.699, 41.27, 52.807, 57.658, 60.904, 62.016, 59.606, 56.465, 53.798, 52.604, 53.361, 54.479, 54.395, 53.706, 53.152, 53.229, 53.486, 54.906, 60.184, 66.859, 70.878, 71.628, 70.135, 66.932, 65.005, 64.852, 64.876], [54.07, 55.144, 56.048, 58.069, 61.453, 66.014, 70.109, 72.426, 73.084, 72.867, 71.757, 70.254, 69.621, 69.597, 69.862, 69.76, 69.176, 68.046, 67.526, 67.965, 67.52, 67.502, 67.955, 68.966, 70.164, 69.212, 65.614, 61.078, 59.462, 60.225, 59.442, 56.965, 56.922, 58.488, 58.269, 56.0, 53.179, 49.753, 43.734, 35.431, 26.122, 19.956, 16.32, 10.252, 0.0, 6.109, 6.698, 9.299, 11.581, 12.223, 13.536, 16.901, 19.287, 19.684, 20.408, 22.348, 25.847, 27.438, 27.414, 29.817, 39.633, 51.617, 56.549, 59.906, 60.874, 58.325, 55.547, 53.15, 51.943, 52.712, 53.712, 53.535, 52.933, 52.423, 52.533, 52.87, 54.405, 59.953, 66.819, 70.89, 71.65, 70.169, 67.032, 65.033, 64.834, 64.774], [53.943, 54.88, 55.785, 57.848, 61.295, 65.939, 70.062, 72.356, 72.995, 72.81, 71.837, 70.447, 69.823, 69.911, 70.302, 70.269, 69.784, 68.886, 68.591, 69.062, 68.618, 68.516, 68.89, 69.904, 71.145, 70.236, 66.706, 62.263, 60.487, 61.091, 60.373, 57.941, 57.764, 59.237, 59.033, 56.805, 54.04, 50.735, 44.924, 37.002, 28.441, 23.241, 20.729, 15.598, 6.109, 0.0, 2.527, 6.465, 8.772, 9.587, 10.944, 14.394, 16.602, 16.912, 17.931, 20.322, 24.152, 25.932, 26.107, 28.841, 39.026, 51.162, 56.266, 59.838, 60.808, 58.297, 55.858, 53.704, 52.564, 53.339, 54.256, 54.044, 53.492, 53.01, 53.146, 53.549, 55.119, 60.608, 67.304, 71.272, 72.03, 70.588, 67.513, 65.498, 65.273, 65.165], [53.966, 54.928, 55.838, 57.885, 61.285, 65.877, 69.981, 72.273, 72.908, 72.719, 71.74, 70.359, 69.755, 69.864, 70.262, 70.233, 69.758, 68.869, 68.566, 69.021, 68.573, 68.471, 68.841, 69.844, 71.072, 70.16, 66.627, 62.169, 60.342, 60.897, 60.177, 57.772, 57.606, 59.072, 58.864, 56.632, 53.849, 50.502, 44.671, 36.748, 28.158, 22.951, 20.517, 15.627, 6.698, 2.527, 0.0, 4.89, 7.678, 8.619, 9.979, 13.349, 15.664, 16.048, 16.988, 19.444, 23.522, 25.356, 25.548, 28.292, 38.575, 50.819, 55.965, 59.559, 60.606, 58.145, 55.677, 53.503, 52.374, 53.156, 54.081, 53.896, 53.348, 52.862, 53.013, 53.424, 54.95, 60.397, 67.097, 71.067, 71.849, 70.456, 67.42, 65.435, 65.22, 65.127], [54.735, 55.655, 56.538, 58.607, 62.052, 66.668, 70.767, 73.055, 73.699, 73.534, 72.596, 71.23, 70.662, 70.898, 71.365, 71.349, 70.906, 70.073, 69.806, 70.25, 69.805, 69.668, 69.961, 70.889, 72.084, 71.163, 67.636, 63.163, 61.179, 61.61, 60.935, 58.628, 58.525, 59.997, 59.801, 57.592, 54.81, 51.473, 45.706, 37.938, 29.575, 24.515, 22.175, 17.493, 9.299, 6.465, 4.89, 0.0, 3.704, 5.526, 7.087, 10.476, 13.026, 13.545, 14.609, 17.539, 22.289, 24.432, 24.765, 27.808, 38.566, 51.085, 56.362, 60.137, 61.352, 58.914, 56.433, 54.3, 53.2, 53.972, 54.89, 54.735, 54.196, 53.74, 53.949, 54.4, 55.903, 61.303, 67.946, 71.833, 72.588, 71.269, 68.315, 66.371, 66.168, 66.099], [54.58, 55.475, 56.386, 58.449, 61.863, 66.486, 70.583, 72.842, 73.469, 73.317, 72.422, 71.09, 70.539, 70.858, 71.4, 71.41, 70.997, 70.226, 70.011, 70.456, 70.009, 69.837, 70.082, 70.966, 72.14, 71.219, 67.712, 63.231, 61.111, 61.45, 60.805, 58.536, 58.443, 59.916, 59.734, 57.528, 54.746, 51.461, 45.789, 38.182, 30.177, 25.582, 23.717, 19.382, 11.581, 8.772, 7.678, 3.704, 0.0, 2.575, 4.617, 8.596, 11.236, 11.838, 13.09, 16.163, 20.898, 23.027, 23.372, 26.504, 37.547, 50.268, 55.746, 59.732, 60.989, 58.541, 56.201, 54.245, 53.208, 53.96, 54.854, 54.685, 54.154, 53.738, 53.973, 54.486, 56.028, 61.344, 67.768, 71.526, 72.265, 70.996, 68.145, 66.254, 66.048, 65.982], [54.003, 54.928, 55.881, 57.894, 61.187, 65.735, 69.802, 72.027, 72.63, 72.467, 71.57, 70.254, 69.702, 70.021, 70.578, 70.597, 70.189, 69.432, 69.22, 69.659, 69.212, 69.039, 69.277, 70.159, 71.33, 70.406, 66.891, 62.355, 60.158, 60.487, 59.846, 57.574, 57.502, 58.988, 58.802, 56.566, 53.757, 50.47, 44.813, 37.229, 29.348, 25.067, 23.599, 19.627, 12.223, 9.587, 8.619, 5.526, 2.575, 0.0, 2.904, 7.67, 10.472, 11.135, 12.361, 15.312, 19.841, 21.765, 22.012, 25.075, 36.294, 49.241, 54.887, 58.916, 60.143, 57.682, 55.371, 53.485, 52.495, 53.25, 54.149, 53.968, 53.436, 53.034, 53.26, 53.791, 55.339, 60.573, 66.865, 70.554, 71.295, 70.061, 67.273, 65.432, 65.231, 65.177], [54.522, 55.432, 56.374, 58.355, 61.614, 66.13, 70.167, 72.37, 72.968, 72.81, 71.929, 70.632, 70.083, 70.394, 70.945, 70.966, 70.579, 69.868, 69.691, 70.134, 69.699, 69.524, 69.751, 70.629, 71.794, 70.864, 67.317, 62.699, 60.392, 60.726, 60.114, 57.841, 57.789, 59.292, 59.096, 56.842, 54.007, 50.706, 45.065, 37.516, 29.684, 25.512, 24.204, 20.495, 13.536, 10.944, 9.979, 7.087, 4.617, 2.904, 0.0, 5.375, 8.57, 9.299, 10.601, 13.931, 18.853, 20.881, 21.265, 24.683, 36.389, 49.666, 55.508, 59.601, 60.82, 58.355, 56.031, 54.126, 53.162, 53.942, 54.858, 54.694, 54.15, 53.741, 53.961, 54.485, 55.997, 61.164, 67.361, 70.968, 71.687, 70.488, 67.732, 65.913, 65.731, 65.693], [55.735, 56.617, 57.54, 59.49, 62.677, 67.08, 71.033, 73.2, 73.786, 73.627, 72.758, 71.487, 70.942, 71.254, 71.813, 71.85, 71.505, 70.913, 70.837, 71.27, 70.836, 70.644, 70.844, 71.709, 72.87, 71.935, 68.356, 63.695, 61.281, 61.613, 61.081, 58.86, 58.823, 60.304, 60.088, 57.828, 54.961, 51.636, 46.089, 38.805, 31.336, 27.551, 26.544, 23.215, 16.901, 14.394, 13.349, 10.476, 8.596, 7.67, 5.375, 0.0, 4.013, 5.22, 6.694, 11.199, 17.176, 19.521, 20.245, 24.376, 36.743, 50.347, 56.359, 60.527, 61.776, 59.287, 56.879, 54.909, 53.965, 54.752, 55.668, 55.549, 55.026, 54.608, 54.83, 55.348, 56.809, 61.928, 68.079, 71.624, 72.331, 71.209, 68.522, 66.734, 66.58, 66.6], [55.851, 56.664, 57.568, 59.482, 62.617, 66.994, 70.933, 73.076, 73.643, 73.483, 72.649, 71.42, 70.885, 71.217, 71.796, 71.849, 71.53, 71.042, 71.099, 71.556, 71.114, 70.888, 71.066, 71.942, 73.121, 72.219, 68.668, 64.024, 61.593, 61.98, 61.52, 59.291, 59.172, 60.59, 60.368, 58.126, 55.293, 52.036, 46.628, 39.648, 32.708, 29.418, 28.746, 25.568, 19.287, 16.602, 15.664, 13.026, 11.236, 10.472, 8.57, 4.013, 0.0, 2.303, 5.052, 10.367, 16.537, 18.869, 19.776, 24.056, 36.508, 50.166, 56.284, 60.553, 61.78, 59.298, 57.078, 55.239, 54.339, 55.105, 55.932, 55.79, 55.308, 54.879, 55.067, 55.609, 57.124, 62.228, 68.233, 71.676, 72.383, 71.274, 68.586, 66.778, 66.616, 66.65], [56.465, 57.265, 58.177, 60.092, 63.203, 67.553, 71.471, 73.591, 74.137, 73.977, 73.166, 71.963, 71.433, 71.755, 72.324, 72.373, 72.051, 71.585, 71.68, 72.159, 71.729, 71.507, 71.679, 72.556, 73.739, 72.835, 69.261, 64.551, 62.049, 62.478, 62.074, 59.847, 59.727, 61.144, 60.913, 58.653, 55.811, 52.558, 47.155, 40.185, 33.256, 29.991, 29.327, 26.068, 19.684, 16.912, 16.048, 13.545, 11.838, 11.135, 9.299, 5.22, 2.303, 0.0, 3.811, 9.426, 15.7, 18.206, 19.252, 23.946, 36.784, 50.577, 56.77, 61.108, 62.309, 59.766, 57.56, 55.754, 54.849, 55.621, 56.457, 56.301, 55.834, 55.415, 55.58, 56.111, 57.611, 62.692, 68.637, 72.05, 72.774, 71.657, 68.915, 67.06, 66.898, 66.926], [57.719, 58.627, 59.628, 61.588, 64.611, 68.785, 72.59, 74.655, 75.166, 74.98, 74.145, 72.96, 72.43, 72.7, 73.249, 73.29, 72.95, 72.466, 72.52, 72.964, 72.533, 72.358, 72.554, 73.407, 74.556, 73.62, 69.968, 65.136, 62.523, 62.96, 62.597, 60.433, 60.436, 61.875, 61.61, 59.289, 56.376, 53.035, 47.562, 40.515, 33.375, 30.039, 29.458, 26.379, 20.408, 17.931, 16.988, 14.609, 13.09, 12.361, 10.601, 6.694, 5.052, 3.811, 0.0, 6.28, 13.33, 16.293, 17.692, 23.223, 36.878, 50.997, 57.258, 61.566, 62.751, 60.104, 57.673, 55.766, 54.833, 55.594, 56.502, 56.392, 55.918, 55.508, 55.658, 56.137, 57.482, 62.427, 68.373, 71.825, 72.589, 71.514, 68.776, 66.928, 66.794, 66.845], [59.579, 60.647, 61.821, 63.84, 66.661, 70.498, 74.076, 76.012, 76.444, 76.2, 75.335, 74.217, 73.688, 73.87, 74.394, 74.432, 74.051, 73.539, 73.558, 73.945, 73.473, 73.363, 73.62, 74.439, 75.527, 74.544, 70.791, 65.782, 62.998, 63.467, 63.175, 61.112, 61.332, 62.793, 62.471, 60.034, 57.029, 53.614, 48.079, 41.003, 33.795, 30.7, 30.485, 27.703, 22.348, 20.322, 19.444, 17.539, 16.163, 15.312, 13.931, 11.199, 10.367, 9.426, 6.28, 0.0, 7.859, 11.739, 14.055, 21.344, 36.244, 50.797, 57.27, 61.569, 62.614, 59.791, 57.231, 55.43, 54.485, 55.183, 56.142, 56.053, 55.591, 55.206, 55.303, 55.726, 56.833, 61.408, 67.066, 70.445, 71.268, 70.274, 67.579, 65.756, 65.661, 65.729], [60.625, 61.773, 63.111, 65.111, 67.604, 71.018, 74.301, 76.043, 76.37, 76.08, 75.232, 74.214, 73.692, 73.803, 74.317, 74.361, 73.946, 73.449, 73.505, 73.872, 73.368, 73.291, 73.605, 74.411, 75.438, 74.42, 70.595, 65.426, 62.434, 62.962, 62.788, 60.81, 61.174, 62.622, 62.26, 59.726, 56.664, 53.289, 47.859, 41.047, 34.472, 32.406, 32.985, 30.615, 25.847, 24.152, 23.522, 22.289, 20.898, 19.841, 18.853, 17.176, 16.537, 15.7, 13.33, 7.859, 0.0, 5.381, 9.417, 18.94, 34.829, 49.691, 56.486, 60.818, 61.606, 58.591, 56.186, 54.839, 53.973, 54.583, 55.545, 55.402, 54.977, 54.65, 54.658, 55.08, 56.005, 59.992, 64.933, 68.056, 68.921, 68.048, 65.518, 63.771, 63.713, 63.796], [58.791, 59.954, 61.327, 63.181, 65.344, 68.439, 71.529, 73.154, 73.441, 73.154, 72.338, 71.387, 70.876, 70.976, 71.5, 71.555, 71.143, 70.682, 70.788, 71.154, 70.638, 70.547, 70.863, 71.649, 72.627, 71.598, 67.761, 62.495, 59.363, 59.926, 59.815, 57.847, 58.2, 59.592, 59.205, 56.646, 53.602, 50.324, 45.063, 38.635, 33.042, 32.197, 33.521, 31.677, 27.438, 25.932, 25.356, 24.432, 23.027, 21.765, 20.881, 19.521, 18.869, 18.206, 16.293, 11.739, 5.381, 0.0, 5.187, 15.197, 31.328, 46.62, 53.801, 58.169, 58.885, 55.88, 53.71, 52.796, 52.091, 52.647, 53.534, 53.35, 52.96, 52.653, 52.599, 53.066, 53.999, 57.591, 61.885, 64.717, 65.567, 64.808, 62.497, 60.897, 60.858, 60.978], [56.192, 57.364, 58.693, 60.396, 62.355, 65.299, 68.327, 69.936, 70.238, 69.976, 69.187, 68.26, 67.762, 67.874, 68.412, 68.466, 68.063, 67.629, 67.748, 68.109, 67.582, 67.473, 67.747, 68.462, 69.415, 68.379, 64.517, 59.219, 56.042, 56.569, 56.493, 54.57, 54.907, 56.254, 55.848, 53.29, 50.28, 47.093, 41.953, 35.832, 31.067, 31.055, 32.789, 31.281, 27.414, 26.107, 25.548, 24.765, 23.372, 22.012, 21.265, 20.245, 19.776, 19.252, 17.692, 14.055, 9.417, 5.187, 0.0, 10.64, 27.324, 43.059, 50.44, 54.992, 55.883, 52.924, 50.847, 50.205, 49.651, 50.238, 51.115, 50.919, 50.534, 50.267, 50.227, 50.767, 51.778, 55.237, 59.175, 61.819, 62.646, 61.949, 59.816, 58.374, 58.342, 58.493], [50.102, 51.272, 52.53, 53.836, 55.273, 57.926, 60.887, 62.471, 62.796, 62.584, 61.873, 61.05, 60.615, 60.829, 61.451, 61.539, 61.167, 60.789, 60.968, 61.304, 60.735, 60.544, 60.718, 61.31, 62.192, 61.227, 57.524, 52.307, 49.055, 49.432, 49.352, 47.446, 47.588, 48.737, 48.335, 45.887, 43