[[0.0, 2.538, 6.265, 12.166, 14.084, 14.721, 21.207, 28.193, 30.023, 29.99, 30.493, 31.466, 32.176, 31.921, 31.542, 32.53, 33.849, 35.001, 36.207, 36.975, 37.313, 38.671, 41.305, 46.036, 49.421, 49.19, 50.059, 50.895, 50.09, 50.221, 51.425, 51.569, 51.19, 51.436, 52.948, 55.477, 56.796, 56.761, 55.754, 55.363, 56.938, 58.262, 58.053, 56.341, 55.317, 56.121, 56.74, 56.644, 59.304, 62.423, 63.089, 61.195, 58.54, 58.676, 59.509, 59.777, 58.929, 58.653, 58.409, 58.046, 57.995, 57.587, 57.55, 57.113, 55.304, 55.843, 56.568, 56.598, 57.063, 58.142, 58.574, 60.522, 63.744, 66.094, 61.499, 55.757, 54.472, 55.285, 55.666, 55.961, 56.594, 55.974, 55.592, 55.778, 55.704, 56.573], [2.538, 0.0, 4.61, 11.228, 13.408, 14.061, 20.62, 27.732, 29.597, 29.529, 30.032, 31.083, 31.853, 31.567, 31.089, 32.082, 33.495, 34.566, 35.655, 36.45, 36.843, 38.2, 40.706, 45.287, 48.629, 48.354, 49.214, 50.091, 49.378, 49.652, 50.953, 51.127, 50.744, 50.975, 52.571, 55.228, 56.582, 56.536, 55.495, 55.069, 56.637, 57.962, 57.754, 56.055, 55.056, 55.847, 56.45, 56.397, 59.097, 62.215, 62.825, 60.937, 58.334, 58.449, 59.229, 59.477, 58.618, 58.344, 58.101, 57.777, 57.787, 57.417, 57.372, 56.91, 55.048, 55.547, 56.261, 56.294, 56.771, 57.799, 58.187, 60.083, 63.243, 65.624, 61.211, 55.699, 54.485, 55.27, 55.586, 55.793, 56.395, 55.787, 55.407, 55.574, 55.473, 56.317], [6.265, 4.61, 0.0, 7.335, 10.421, 12.127, 18.807, 26.077, 28.112, 28.064, 28.499, 29.536, 30.443, 30.195, 29.628, 30.514, 31.887, 32.967, 34.096, 35.036, 35.577, 37.002, 39.415, 43.806, 47.015, 46.679, 47.607, 48.696, 48.433, 49.183, 50.645, 50.845, 50.483, 50.741, 52.439, 55.23, 56.63, 56.58, 55.459, 54.776, 56.114, 57.334, 57.135, 55.617, 54.924, 55.983, 56.648, 56.601, 59.154, 62.081, 62.609, 60.708, 58.165, 58.159, 58.762, 58.894, 57.925, 57.622, 57.435, 57.155, 57.196, 56.867, 56.798, 56.219, 54.315, 54.776, 55.506, 55.637, 56.097, 57.02, 57.381, 59.187, 62.274, 64.744, 60.665, 55.834, 54.94, 55.63, 55.804, 55.944, 56.519, 55.921, 55.536, 55.662, 55.478, 56.278], [12.166, 11.228, 7.335, 0.0, 5.199, 10.349, 16.333, 23.285, 25.694, 25.826, 26.131, 27.077, 28.234, 28.044, 27.45, 28.131, 29.179, 30.239, 31.47, 32.607, 33.361, 34.979, 37.403, 41.538, 44.56, 44.245, 45.39, 46.792, 47.084, 48.355, 49.919, 50.14, 49.844, 50.153, 51.944, 54.848, 56.232, 56.205, 55.025, 53.913, 54.873, 55.948, 55.775, 54.573, 54.428, 55.962, 56.722, 56.641, 58.877, 61.427, 61.841, 59.952, 57.593, 57.463, 57.787, 57.676, 56.493, 56.151, 56.046, 55.807, 55.872, 55.593, 55.499, 54.756, 52.867, 53.326, 54.088, 54.376, 54.777, 55.516, 55.793, 57.376, 60.308, 62.881, 59.225, 55.467, 55.063, 55.587, 55.559, 55.654, 56.2, 55.647, 55.252, 55.376, 55.137, 55.88], [14.084, 13.408, 10.421, 5.199, 0.0, 7.174, 13.537, 20.702, 23.326, 23.579, 23.981, 24.954, 26.107, 25.984, 25.729, 26.538, 27.389, 28.501, 29.888, 31.091, 31.838, 33.417, 35.821, 39.97, 43.022, 42.724, 43.958, 45.377, 45.554, 46.636, 48.022, 48.253, 48.027, 48.319, 50.034, 52.931, 54.348, 54.387, 53.423, 52.494, 53.483, 54.553, 54.383, 53.19, 53.037, 54.603, 55.399, 55.277, 57.378, 59.898, 60.359, 58.463, 56.064, 55.89, 56.293, 56.281, 55.122, 54.765, 54.667, 54.434, 54.482, 54.165, 54.065, 53.375, 51.589, 52.054, 52.815, 53.15, 53.602, 54.453, 54.675, 56.164, 59.135, 61.741, 58.045, 54.271, 53.841, 54.325, 54.291, 54.418, 54.991, 54.45, 54.071, 54.222, 54.016, 54.765], [14.721, 14.061, 12.127, 10.349, 7.174, 0.0, 8.908, 17.429, 20.012, 20.258, 20.973, 22.149, 23.16, 23.149, 23.55, 25.07, 26.145, 27.512, 29.239, 30.546, 31.279, 32.708, 34.851, 39.059, 42.308, 41.926, 43.113, 44.5, 44.293, 44.684, 45.673, 45.913, 45.759, 46.02, 47.545, 50.274, 51.777, 51.891, 51.229, 51.064, 52.51, 53.661, 53.463, 52.031, 51.45, 52.724, 53.535, 53.408, 55.566, 58.333, 58.942, 56.993, 54.387, 54.258, 54.973, 55.254, 54.257, 53.916, 53.804, 53.569, 53.543, 53.096, 52.968, 52.459, 50.781, 51.171, 51.941, 52.213, 52.734, 53.96, 54.289, 56.005, 59.287, 61.832, 57.744, 53.311, 52.613, 53.2, 53.3, 53.489, 54.106, 53.503, 53.135, 53.257, 53.055, 53.847], [21.207, 20.62, 18.807, 16.333, 13.537, 8.908, 0.0, 9.395, 12.64, 13.338, 14.35, 15.792, 17.163, 17.425, 18.829, 21.17, 22.136, 23.725, 25.99, 27.645, 28.665, 30.366, 32.331, 36.115, 39.295, 39.027, 40.607, 42.45, 42.538, 42.696, 43.307, 43.524, 43.493, 43.849, 45.274, 47.839, 49.307, 49.477, 48.905, 49.028, 50.816, 52.03, 51.818, 50.515, 50.168, 51.629, 52.503, 52.371, 54.207, 56.711, 57.35, 55.393, 52.872, 52.706, 53.389, 53.592, 52.447, 52.063, 52.059, 51.826, 51.684, 51.082, 50.859, 50.329, 48.717, 49.012, 49.819, 50.107, 50.521, 51.837, 52.192, 53.984, 57.537, 60.117, 55.943, 52.067, 51.719, 52.25, 52.262, 52.521, 53.161, 52.537, 52.155, 52.238, 51.973, 52.759], [28.193, 27.732, 26.077, 23.285, 20.702, 17.429, 9.395, 0.0, 4.789, 6.992, 8.306, 10.185, 12.199, 13.089, 16.152, 18.957, 19.389, 21.087, 23.854, 25.861, 27.062, 28.853, 30.529, 33.701, 36.634, 36.6, 38.747, 41.054, 41.456, 41.562, 41.909, 42.067, 42.156, 42.615, 43.964, 46.417, 47.832, 48.022, 47.542, 47.751, 49.683, 50.959, 50.767, 49.732, 49.811, 51.551, 52.476, 52.321, 53.682, 55.788, 56.439, 54.551, 52.202, 51.827, 52.334, 52.423, 51.154, 50.723, 50.846, 50.601, 50.35, 49.635, 49.38, 48.806, 47.339, 47.625, 48.402, 48.741, 49.053, 50.302, 50.582, 52.288, 55.961, 58.619, 54.584, 51.368, 51.286, 51.652, 51.525, 51.851, 52.516, 51.915, 51.524, 51.541, 51.199, 51.957], [30.023, 29.597, 28.112, 25.694, 23.326, 20.012, 12.64, 4.789, 0.0, 3.38, 5.315, 7.804, 10.231, 11.519, 15.51, 18.577, 18.924, 20.774, 23.833, 25.99, 27.232, 28.875, 30.32, 33.338, 36.242, 36.243, 38.352, 40.643, 41.0, 41.013, 41.317, 41.484, 41.612, 42.11, 43.408, 45.821, 47.283, 47.485, 47.039, 47.404, 49.432, 50.733, 50.575, 49.529, 49.599, 51.385, 52.35, 52.185, 53.462, 55.604, 56.346, 54.486, 52.099, 51.64, 52.131, 52.263, 51.02, 50.585, 50.787, 50.543, 50.246, 49.464, 49.219, 48.671, 47.212, 47.484, 48.25, 48.578, 48.886, 50.161, 50.46, 52.334, 56.142, 58.796, 54.762, 51.479, 51.305, 51.646, 51.503, 51.824, 52.488, 51.887, 51.488, 51.456, 51.088, 51.864], [29.99, 29.529, 28.064, 25.826, 23.579, 20.258, 13.338, 6.992, 3.38, 0.0, 3.107, 6.735, 9.502, 10.959, 15.139, 18.366, 18.881, 20.693, 23.734, 25.931, 27.202, 28.726, 30.063, 33.088, 36.007, 35.957, 37.868, 40.046, 40.391, 40.502, 40.944, 41.159, 41.292, 41.8, 43.137, 45.606, 47.106, 47.29, 46.837, 47.217, 49.247, 50.528, 50.373, 49.341, 49.367, 51.117, 52.108, 51.96, 53.273, 55.496, 56.241, 54.363, 51.91, 51.435, 51.921, 52.086, 50.88, 50.456, 50.708, 50.488, 50.219, 49.46, 49.238, 48.696, 47.161, 47.398, 48.159, 48.47, 48.775, 50.023, 50.322, 52.304, 56.166, 58.825, 54.847, 51.482, 51.228, 51.566, 51.407, 51.68, 52.322, 51.715, 51.302, 51.235, 50.844, 51.618], [30.493, 30.032, 28.499, 26.131, 23.981, 20.973, 14.35, 8.306, 5.315, 3.107, 0.0, 4.794, 8.344, 10.073, 14.658, 17.967, 18.224, 19.593, 22.531, 24.87, 26.281, 27.893, 29.237, 32.146, 34.974, 34.945, 36.827, 39.035, 39.542, 39.839, 40.401, 40.627, 40.781, 41.355, 42.758, 45.271, 46.746, 46.887, 46.376, 46.606, 48.501, 49.733, 49.577, 48.669, 48.944, 50.888, 51.94, 51.792, 53.044, 55.2, 55.901, 54.047, 51.625, 51.091, 51.463, 51.558, 50.263, 49.82, 50.128, 49.896, 49.654, 48.966, 48.773, 48.192, 46.642, 46.88, 47.628, 47.936, 48.155, 49.271, 49.543, 51.522, 55.375, 58.027, 54.138, 51.007, 50.794, 51.076, 50.855, 51.093, 51.723, 51.133, 50.704, 50.605, 50.19, 50.956], [31.466, 31.083, 29.536, 27.077, 24.954, 22.149, 15.792, 10.185, 7.804, 6.735, 4.794, 0.0, 4.588, 7.327, 12.832, 16.297, 16.074, 17.235, 20.464, 23.114, 24.845, 26.711, 28.277, 31.289, 34.126, 34.186, 36.116, 38.39, 38.985, 39.259, 39.744, 39.933, 40.084, 40.762, 42.183, 44.587, 46.039, 46.16, 45.59, 45.739, 47.509, 48.68, 48.567, 47.703, 48.181, 50.587, 51.843, 51.641, 52.846, 54.991, 55.754, 53.994, 51.588, 51.026, 51.328, 51.363, 49.923, 49.369, 49.709, 49.427, 49.188, 48.544, 48.347, 47.748, 46.252, 46.548, 47.321, 47.629, 47.718, 48.761, 49.018, 50.978, 54.816, 57.346, 53.159, 50.126, 50.037, 50.272, 50.017, 50.293, 50.951, 50.379, 49.964, 49.87, 49.464, 50.264], [32.176, 31.853, 30.443, 28.234, 26.107, 23.16, 17.163, 12.199, 10.231, 9.502, 8.344, 4.588, 0.0, 4.692, 11.616, 15.278, 15.079, 16.442, 19.932, 22.676, 24.378, 26.126, 27.773, 31.137, 34.115, 34.198, 36.244, 38.572, 39.083, 39.185, 39.539, 39.726, 39.874, 40.56, 41.945, 44.216, 45.659, 45.781, 45.239, 45.533, 47.372, 48.557, 48.471, 47.537, 47.862, 50.31, 51.693, 51.509, 52.736, 54.945, 55.777, 54.081, 51.668, 51.052, 51.351, 51.479, 50.116, 49.498, 49.777, 49.488, 49.272, 48.626, 48.412, 47.823, 46.312, 46.572, 47.298, 47.574, 47.694, 48.802, 48.97, 50.8, 54.594, 57.007, 52.496, 49.205, 49.123, 49.323, 49.046, 49.356, 50.044, 49.484, 49.098, 48.996, 48.61, 49.424], [31.921, 31.567, 30.195, 28.044, 25.984, 23.149, 17.425, 13.089, 11.519, 10.959, 10.073, 7.327, 4.692, 0.0, 8.092, 12.515, 13.002, 14.942, 18.686, 21.597, 23.435, 25.469, 27.188, 30.427, 33.386, 33.532, 35.812, 38.212, 38.686, 38.794, 39.231, 39.501, 39.658, 40.317, 41.789, 44.144, 45.602, 45.729, 45.066, 45.296, 47.255, 48.58, 48.536, 47.467, 47.685, 50.096, 51.478, 51.433, 52.966, 55.318, 56.17, 54.495, 52.174, 51.625, 51.9, 52.029, 50.646, 50.05, 50.299, 49.992, 49.812, 49.176, 48.93, 48.272, 46.472, 46.617, 47.323, 47.55, 47.729, 48.855, 48.983, 50.753, 54.562, 57.024, 52.514, 49.27, 49.202, 49.387, 49.043, 49.281, 49.939, 49.398, 49.026, 48.941, 48.581, 49.411], [31.542, 31.089, 29.628, 27.45, 25.729, 23.55, 18.829, 16.152, 15.51, 15.139, 14.658, 12.832, 11.616, 8.092, 0.0, 5.783, 9.242, 13.26, 17.565, 20.794, 23.203, 25.909, 27.694, 30.393, 33.096, 33.216, 35.6, 37.906, 38.46, 39.086, 40.003, 40.358, 40.435, 41.044, 42.792, 45.497, 47.043, 47.16, 46.23, 46.172, 48.151, 49.618, 49.646, 48.493, 48.738, 51.31, 52.687, 52.764, 54.941, 57.574, 58.345, 56.648, 54.437, 53.926, 53.947, 53.816, 52.304, 51.73, 51.959, 51.672, 51.569, 51.014, 50.755, 49.915, 47.678, 47.811, 48.552, 48.757, 49.001, 50.009, 50.217, 51.97, 55.74, 58.541, 54.443, 51.431, 51.353, 51.46, 50.989, 51.08, 51.687, 51.192, 50.822, 50.776, 50.42, 51.21], [32.53, 32.082, 30.514, 28.131, 26.538, 25.07, 21.17, 18.957, 18.577, 18.366, 17.967, 16.297, 15.278, 12.515, 5.783, 0.0, 6.38, 12.304, 17.225, 20.637, 23.172, 26.005, 27.953, 30.555, 33.043, 33.093, 35.491, 37.708, 38.401, 39.5, 40.696, 41.044, 41.097, 41.727, 43.572, 46.47, 48.084, 48.176, 47.12, 46.769, 48.542, 49.968, 50.032, 49.007, 49.483, 52.281, 53.709, 53.764, 56.063, 58.788, 59.56, 57.863, 55.659, 55.029, 54.831, 54.558, 53.006, 52.413, 52.65, 52.39, 52.308, 51.783, 51.556, 50.634, 48.313, 48.498, 49.226, 49.502, 49.817, 50.71, 50.946, 52.634, 56.279, 59.282, 55.583, 52.828, 52.729, 52.726, 52.152, 52.18, 52.768, 52.333, 51.954, 51.93, 51.586, 52.338], [33.849, 33.495, 31.887, 29.179, 27.389, 26.145, 22.136, 19.389, 18.924, 18.881, 18.224, 16.074, 15.079, 13.002, 9.242, 6.38, 0.0, 7.785, 14.468, 18.521, 21.309, 24.535, 27.208, 30.289, 32.707, 32.734, 35.135, 37.404, 38.212, 39.24, 40.229, 40.497, 40.608, 41.386, 43.128, 45.919, 47.512, 47.588, 46.563, 46.05, 47.565, 48.849, 48.892, 48.05, 48.924, 52.104, 53.696, 53.606, 55.495, 58.086, 59.002, 57.407, 55.155, 54.539, 54.42, 54.171, 52.501, 51.834, 52.158, 51.87, 51.724, 51.153, 50.94, 50.082, 48.039, 48.314, 49.086, 49.468, 49.684, 50.472, 50.741, 52.512, 56.08, 58.875, 54.977, 52.411, 52.414, 52.398, 51.828, 51.887, 52.466, 52.05, 51.658, 51.674, 51.365, 52.145], [35.001, 34.566, 32.967, 30.239, 28.501, 27.512, 23.725, 21.087, 20.774, 20.693, 19.593, 17.235, 16.442, 14.942, 13.26, 12.304, 7.785, 0.0, 8.26, 13.76, 17.501, 21.328, 24.397, 27.843, 30.422, 30.502, 32.78, 35.104, 36.077, 37.243, 38.357, 38.627, 38.748, 39.592, 41.454, 44.367, 45.893, 45.887, 44.793, 44.052, 45.345, 46.562, 46.601, 45.935, 47.153, 50.597, 52.365, 52.311, 53.997, 56.386, 57.245, 55.969, 54.085, 53.565, 53.304, 52.942, 51.133, 50.429, 50.779, 50.501, 50.541, 50.146, 49.945, 49.152, 47.347, 47.694, 48.462, 48.855, 48.988, 49.439, 49.463, 51.057, 54.263, 56.739, 52.847, 50.686, 50.766, 50.652, 49.949, 49.85, 50.339, 50.016, 49.639, 49.681, 49.374, 50.104], [36.207, 35.655, 34.096, 31.47, 29.888, 29.239, 25.99, 23.854, 23.833, 23.734, 22.531, 20.464, 19.932, 18.686, 17.565, 17.225, 14.468, 8.26, 0.0, 7.001, 12.254, 16.798, 20.163, 24.386, 27.652, 27.784, 29.87, 32.246, 33.304, 34.68, 36.144, 36.497, 36.585, 37.305, 39.272, 42.442, 43.881, 43.756, 42.521, 41.479, 42.577, 43.802, 43.904, 43.375, 44.712, 48.1, 49.929, 50.039, 51.719, 53.903, 54.463, 53.434, 52.419, 52.363, 52.021, 51.595, 49.782, 49.117, 49.421, 49.19, 49.558, 49.493, 49.321, 48.59, 46.889, 47.251, 47.989, 48.366, 48.586, 48.698, 48.249, 49.299, 51.978, 54.216, 50.475, 48.713, 48.807, 48.565, 47.706, 47.418, 47.809, 47.607, 47.281, 47.399, 47.121, 47.731], [36.975, 36.45, 35.036, 32.607, 31.091, 30.546, 27.645, 25.861, 25.99, 25.931, 24.87, 23.114, 22.676, 21.597, 20.794, 20.637, 18.521, 13.76, 7.001, 0.0, 6.642, 12.842, 17.669, 23.229, 27.057, 27.18, 29.079, 31.41, 32.38, 33.592, 35.049, 35.412, 35.453, 36.038, 37.797, 40.894, 42.251, 42.071, 40.777, 39.599, 40.651, 41.906, 42.053, 41.576, 42.865, 46.06, 47.835, 47.929, 49.535, 51.596, 51.946, 50.822, 50.332, 51.061, 51.235, 51.054, 49.314, 48.678, 48.96, 48.748, 49.261, 49.354, 49.181, 48.523, 46.939, 47.314, 48.093, 48.483, 48.857, 48.996, 48.333, 49.154, 51.699, 53.732, 49.652, 47.689, 47.763, 47.558, 46.733, 46.485, 46.909, 46.747, 46.448, 46.697, 46.502, 47.067], [37.313, 36.843, 35.577, 33.361, 31.838, 31.279, 28.665, 27.062, 27.232, 27.202, 26.281, 24.845, 24.378, 23.435, 23.203, 23.172, 21.309, 17.501, 12.254, 6.642, 0.0, 7.835, 14.79, 21.912, 26.088, 26.177, 28.125, 30.452, 31.259, 32.282, 33.666, 34.027, 34.057, 34.554, 36.113, 39.121, 40.452, 40.251, 38.947, 37.681, 38.691, 39.941, 40.093, 39.711, 40.929, 43.904, 45.628, 45.7, 47.17, 49.159, 49.427, 48.155, 47.664, 48.835, 49.725, 50.058, 48.486, 47.859, 48.112, 47.889, 48.46, 48.611, 48.443, 47.854, 46.367, 46.71, 47.487, 47.876, 48.436, 48.798, 48.025, 48.665, 51.207, 53.139, 48.846, 46.516, 46.505, 46.341, 45.603, 45.454, 45.937, 45.789, 45.486, 45.799, 45.675, 46.233], [38.671, 38.2, 37.002, 34.979, 33.417, 32.708, 30.366, 28.853, 28.875, 28.726, 27.893, 26.711, 26.126, 25.469, 25.909, 26.005, 24.535, 21.328, 16.798, 12.842, 7.835, 0.0, 8.979, 18.541, 23.599, 23.647, 25.715, 28.164, 28.802, 29.931, 31.556, 31.988, 32.051, 32.482, 34.076, 37.289, 38.659, 38.409, 37.18, 35.94, 36.795, 37.898, 38.068, 37.921, 39.096, 41.856, 43.643, 43.864, 45.099, 46.921, 47.049, 45.832, 45.378, 46.296, 47.281, 48.035, 46.825, 46.25, 46.468, 46.321, 47.052, 47.322, 47.214, 46.676, 45.261, 45.529, 46.221, 46.635, 47.392, 47.83, 46.852, 47.055, 49.372, 51.471, 47.816, 45.549, 45.39, 45.076, 44.32, 44.154, 44.6, 44.476, 44.162, 44.396, 44.266, 44.746], [41.305, 40.706, 39.415, 37.403, 35.821, 34.851, 32.331, 30.529, 30.32, 30.063, 29.237, 28.277, 27.773, 27.188, 27.694, 27.953, 27.208, 24.397, 20.163, 17.669, 14.79, 8.979, 0.0, 11.748, 18.421, 18.98, 21.722, 24.594, 25.213, 26.833, 29.073, 29.713, 29.893, 30.341, 32.358, 36.08, 37.512, 37.223, 36.108, 35.018, 35.856, 36.896, 37.126, 37.23, 38.52, 41.108, 42.8, 43.276, 44.458, 45.996, 45.832, 44.806, 44.675, 44.992, 45.277, 45.878, 44.942, 44.528, 44.696, 44.704, 45.727, 46.18, 46.119, 45.538, 44.096, 44.269, 44.822, 45.231, 46.146, 46.51, 45.273, 44.938, 46.902, 49.451, 47.424, 46.173, 45.939, 45.303, 44.257, 43.843, 44.171, 44.115, 43.797, 43.854, 43.603, 43.918], [46.036, 45.287, 43.806, 41.538, 39.97, 39.059, 36.115, 33.701, 33.338, 33.088, 32.146, 31.289, 31.137, 30.427, 30.393, 30.555, 30.289, 27.843, 24.386, 23.229, 21.912, 18.541, 11.748, 0.0, 8.347, 11.211, 15.621, 19.139, 20.445, 23.594, 26.973, 27.946, 28.334, 29.027, 31.667, 35.788, 37.199, 36.912, 35.777, 34.479, 35.223, 36.234, 36.516, 37.088, 39.096, 41.947, 43.414, 44.057, 45.334, 46.579, 46.14, 45.211, 45.179, 44.971, 44.724, 45.117, 44.03, 43.85, 44.175, 44.284, 45.706, 46.456, 46.44, 45.609, 43.898, 43.98, 44.369, 44.714, 45.638, 45.807, 44.345, 43.637, 45.239, 48.109, 47.977, 48.604, 48.553, 47.528, 46.001, 45.209, 45.391, 45.431, 45.131, 44.967, 44.503, 44.712], [49.421, 48.629, 47.015, 44.56, 43.022, 42.308, 39.295, 36.634, 36.242, 36.007, 34.974, 34.126, 34.115, 33.386, 33.096, 33.043, 32.707, 30.422, 27.652, 27.057, 26.088, 23.599, 18.421, 8.347, 0.0, 6.289, 12.551, 16.513, 19.047, 23.653, 27.535, 28.567, 28.997, 29.857, 32.808, 37.111, 38.587, 38.312, 37.093, 35.424, 35.803, 36.641, 36.914, 37.862, 40.426, 43.571, 45.013, 45.672, 46.931, 48.126, 47.655, 46.642, 46.274, 45.7, 45.49, 46.083, 44.919, 44.78, 45.374, 45.511, 46.937, 47.82, 47.853, 46.854, 44.94, 44.95, 45.25, 45.595, 46.496, 46.615, 45.21, 44.564, 46.232, 49.292, 49.839, 51.162, 51.255, 50.062, 48.343, 47.386, 47.521, 47.569, 47.285, 46.945, 46.333, 46.547], [49.19, 48.354, 46.679, 44.245, 42.724, 41.926, 39.027, 36.6, 36.243, 35.957, 34.945, 34.186, 34.198, 33.532, 33.216, 33.093, 32.734, 30.502, 27.784, 27.18, 26.177, 23.647, 18.98, 11.211, 6.289, 0.0, 8.092, 13.278, 17.195, 23.074, 27.212, 28.195, 28.564, 29.392, 32.554, 37.205, 38.85, 38.577, 37.333, 35.595, 35.784, 36.479, 36.743, 37.725, 40.223, 43.305, 44.826, 45.465, 46.801, 48.222, 47.739, 46.589, 46.031, 45.431, 45.279, 45.979, 44.967, 44.816, 45.509, 45.912, 47.394, 48.266, 48.328, 47.269, 45.246, 45.161, 45.436, 45.838, 46.822, 46.974, 45.648, 45.173, 46.989, 50.129, 50.598, 51.545, 51.497, 50.32, 48.649, 47.649, 47.758, 47.785, 47.515, 47.12, 46.475, 46.694], [50.059, 49.214, 47.607, 45.39, 43.958, 43.113, 40.607, 38.747, 38.352, 37.868, 36.827, 36.116, 36.244, 35.812, 35.6, 35.491, 35.135, 32.78, 29.87, 29.079, 28.125, 25.715, 21.722, 15.621, 12.551, 8.092, 0.0, 6.608, 13.181, 21.269, 26.277, 27.423, 27.878, 28.775, 32.064, 36.846, 38.479, 38.185, 36.973, 35.202, 35.202, 35.654, 35.878, 36.974, 39.494, 42.612, 44.276, 44.904, 46.315, 47.898, 47.348, 46.232, 45.672, 45.134, 44.966, 45.709, 44.733, 44.665, 45.43, 46.033, 47.858, 48.902, 49.016, 47.926, 45.804, 45.616, 45.821, 46.248, 47.268, 47.266, 45.907, 45.717, 47.599, 50.592, 51.113, 51.979, 51.728, 50.546, 48.915, 47.847, 47.889, 47.944, 47.693, 47.293, 46.648, 46.852], [50.895, 50.091, 48.696, 46.792, 45.377, 44.5, 42.45, 41.054, 40.643, 40.046, 39.035, 38.39, 38.572, 38.212, 37.906, 37.708, 37.404, 35.104, 32.246, 31.41, 30.452, 28.164, 24.594, 19.139, 16.513, 13.278, 6.608, 0.0, 8.764, 18.728, 24.594, 25.923, 26.45, 27.432, 30.86, 35.825, 37.49, 37.187, 36.062, 34.405, 34.469, 34.917, 35.139, 36.174, 38.59, 41.689, 43.387, 44.033, 45.719, 47.596, 47.141, 46.111, 45.476, 44.915, 44.712, 45.488, 44.61, 44.662, 45.429, 46.008, 47.932, 49.06, 49.246, 48.232, 46.052, 45.896, 46.142, 46.522, 47.583, 47.59, 46.37, 46.533, 48.587, 51.648, 52.218, 52.772, 52.276, 51.143, 49.565, 48.467, 48.499, 48.584, 48.305, 47.929, 47.336, 47.554], [50.09, 49.378, 48.433, 47.084, 45.554, 44.293, 42.538, 41.456, 41.0, 40.391, 39.542, 38.985, 39.083, 38.686, 38.46, 38.401, 38.212, 36.077, 33.304, 32.38, 31.259, 28.802, 25.213, 20.445, 19.047, 17.195, 13.181, 8.764, 0.0, 11.328, 18.407, 20.086, 20.635, 21.599, 25.223, 30.526, 32.32, 32.061, 31.17, 30.145, 30.958, 31.882, 32.094, 32.533, 34.319, 37.114, 38.781, 39.465, 41.65, 44.224, 44.201, 43.523, 43.09, 42.798, 42.926, 43.967, 43.369, 43.565, 44.208, 44.765, 46.757, 47.765, 48.046, 47.43, 45.4, 45.4, 45.819, 46.065, 47.201, 47.584, 46.459, 46.671, 48.735, 51.611, 51.565, 51.039, 50.104, 49.151, 47.768, 46.777, 46.864, 46.929, 46.621, 46.391, 45.979, 46.252], [50.221, 49.652, 49.183, 48.355, 46.636, 44.684, 42.696, 41.562, 41.013, 40.502, 39.839, 39.259, 39.185, 38.794, 39.086, 39.5, 39.24, 37.243, 34.68, 33.592, 32.282, 29.931, 26.833, 23.594, 23.653, 23.074, 21.269, 18.728, 11.328, 0.0, 8.311, 10.885, 11.906, 13.1, 16.598, 22.016, 23.986, 23.9, 23.493, 23.788, 25.955, 27.53, 27.551, 26.955, 27.79, 30.216, 32.028, 32.764, 35.202, 38.494, 39.22, 39.138, 39.214, 39.684, 40.756, 42.409, 42.043, 42.276, 42.799, 43.238, 45.222, 46.006, 46.327, 46.467, 45.069, 45.14, 45.711, 45.842, 47.048, 48.118, 47.039, 47.249, 49.353, 51.555, 50.035, 48.141, 46.894, 46.274, 45.262, 44.612, 44.822, 44.766, 44.446, 44.425, 44.238, 44.599], [51.425, 50.953, 50.645, 49.919, 48.022, 45.673, 43.307, 41.909, 41.317, 40.944, 40.401, 39.744, 39.539, 39.231, 40.003, 40.696, 40.229, 38.357, 36.144, 35.049, 33.666, 31.556, 29.073, 26.973, 27.535, 27.212, 26.277, 24.594, 18.407, 8.311, 0.0, 3.933, 6.565, 8.442, 11.514, 16.808, 19.022, 19.048, 19.111, 20.43, 23.296, 25.108, 24.968, 23.762, 24.122, 26.555, 28.555, 29.238, 31.451, 35.016, 36.346, 36.547, 36.753, 37.727, 39.522, 41.581, 41.305, 41.473, 41.959, 42.299, 44.136, 44.737, 45.024, 45.678, 45.031, 45.133, 45.708, 45.835, 47.07, 48.614, 47.586, 47.92, 50.131, 51.867, 49.284, 46.652, 45.408, 45.058, 44.352, 43.971, 44.276, 44.101, 43.768, 43.827, 43.756, 44.225], [51.569, 51.127, 50.845, 50.14, 48.253, 45.913, 43.524, 42.067, 41.484, 41.159, 40.627, 39.933, 39.726, 39.501, 40.358, 41.044, 40.497, 38.627, 36.497, 35.412, 34.027, 31.988, 29.713, 27.946, 28.567, 28.195, 27.423, 25.923, 20.086, 10.885, 3.933, 0.0, 3.745, 6.355, 9.851, 15.473, 17.821, 17.723, 17.691, 19.122, 22.139, 24.079, 23.916, 22.62, 23.076, 25.75, 27.827, 28.426, 30.583, 34.252, 35.708, 35.888, 36.027, 37.093, 38.996, 41.089, 40.836, 40.969, 41.465, 41.838, 43.667, 44.226, 44.498, 45.202, 44.803, 45.098, 45.73, 45.872, 47.096, 48.692, 47.659, 47.996, 50.116, 51.726, 48.919, 46.111, 44.88, 44.606, 43.976, 43.639, 43.962, 43.757, 43.408, 43.469, 43.425, 43.931], [51.19, 50.744, 50.483, 49.844, 48.027, 45.759, 43.493, 42.156, 41.612, 41.292, 40.781, 40.084, 39.874, 39.658, 40.435, 41.097, 40.608, 38.748, 36.585, 35.453, 34.057, 32.051, 29.893, 28.334, 28.997, 28.564, 27.878, 26.45, 20.635, 11.906, 6.565, 3.745, 0.0, 3.745, 8.475, 14.566, 17.028, 16.86, 16.539, 17.889, 21.174, 23.404, 23.302, 21.838, 22.237, 25.013, 27.162, 27.729, 30.081, 33.949, 35.446, 35.543, 35.627, 36.779, 38.723, 40.796, 40.592, 40.733, 41.241, 41.675, 43.537, 44.063, 44.297, 44.931, 44.46, 44.939, 45.823, 46.024, 47.243, 48.881, 47.857, 48.089, 50.07, 51.623, 48.76, 45.852, 44.634, 44.385, 43.721, 43.366, 43.71, 43.523, 43.168, 43.252, 43.236, 43.768], [51.436, 50.975, 50.741, 50.153, 48.319, 46.02, 43.849, 42.615, 42.11, 41.8, 41.355, 40.762, 40.56, 40.317, 41.044, 41.727, 41.386, 39.592, 37.305, 36.038, 34.554, 32.482, 30.341, 29.027, 29.857, 29.392, 28.775, 27.432, 21.599, 13.1, 8.442, 6.355, 3.745, 0.0, 6.223, 13.127, 15.744, 15.604, 15.392, 17.009, 20.408, 22.793, 22.805, 21.247, 21.351, 23.937, 26.105, 26.692, 29.24, 33.282, 34.804, 34.995, 35.277, 36.572, 38.637, 40.787, 40.662, 40.841, 41.296, 41.828, 43.815, 44.353, 44.566, 45.205, 44.678, 45.147, 46.092, 46.316, 47.61, 49.325, 48.218, 48.221, 50.0, 51.416, 48.434, 45.368, 44.149, 43.971, 43.347, 42.998, 43.374, 43.213, 42.875, 43.011, 43.039, 43.551], [52.948, 52.571, 52.439, 51.944, 50.034, 47.545, 45.274, 43.964, 43.408, 43.137, 42.758, 42.183, 41.945, 41.789, 42.792, 43.572, 43.128, 41.454, 39.272, 37.797, 36.113, 34.076, 32.358, 31.667, 32.808, 32.554, 32.064, 30.86, 25.223, 16.598, 11.514, 9.851, 8.475, 6.223, 0.0, 7.781, 10.986, 11.141, 12.015, 15.205, 19.123, 21.59, 21.632, 19.91, 19.614, 22.018, 24.311, 24.663, 26.915, 31.194, 33.165, 33.509, 33.911, 35.721, 38.51, 41.126, 41.093, 41.241, 41.666, 42.237, 44.342, 44.821, 44.987, 45.846, 45.575, 45.995, 46.967, 47.178, 48.628, 50.728, 49.671, 49.712, 51.389, 52.276, 48.528, 44.95, 43.691, 43.683, 43.236, 43.124, 43.656, 43.525, 43.219, 43.485, 43.604, 44.143], [55.477, 55.228, 55.23, 54.848, 52.931, 50.274, 47.839, 46.417, 45.821, 45.606, 45.271, 44.587, 44.216, 44.144, 45.497, 46.47, 45.919, 44.367, 42.442, 40.894, 39.121, 37.289, 36.08, 35.788, 37.111, 37.205, 36.846, 35.825, 30.526, 22.016, 16.808, 15.473, 14.566, 13.127, 7.781, 0.0, 4.178, 5.379, 8.608, 14.257, 18.866, 21.401, 21.468, 19.539, 18.586, 20.656, 23.063, 23.181, 24.999, 29.372, 31.902, 32.501, 33.036, 35.437, 38.933, 41.944, 41.949, 42.066, 42.45, 42.957, 45.215, 45.676, 45.752, 46.799, 46.839, 47.231, 48.281, 48.45, 49.879, 52.462, 51.518, 51.626, 53.223, 53.351, 48.594, 44.591, 43.39, 43.544, 43.295, 43.486, 44.163, 44.049, 43.77, 44.147, 44.388, 45.035], [56.796, 56.582, 56.63, 56.232, 54.348, 51.777, 49.307, 47.832, 47.283, 47.106, 46.746, 46.039, 45.659, 45.602, 47.043, 48.084, 47.512, 45.893, 43.881, 42.251, 40.452, 38.659, 37.512, 37.199, 38.587, 38.85, 38.479, 37.49, 32.32, 23.986, 19.022, 17.821, 17.028, 15.744, 10.986, 4.178, 0.0, 2.8, 7.538, 13.696, 18.426, 21.001, 21.102, 19.346, 18.471, 20.341, 22.627, 22.77, 24.361, 28.449, 30.964, 31.804, 32.781, 35.409, 38.883, 41.854, 41.828, 41.98, 42.319, 42.815, 45.27, 45.851, 45.915, 46.96, 47.098, 47.513, 48.568, 48.699, 50.003, 52.583, 51.619, 51.592, 52.994, 52.781, 47.851, 44.085, 43.013, 43.139, 42.894, 43.153, 43.834, 43.763, 43.482, 43.91, 44.218, 44.852], [56.761, 56.536, 56.58, 56.205, 54.387, 51.891, 49.477, 48.022, 47.485, 47.29, 46.887, 46.16, 45.781, 45.729, 47.16, 48.176, 47.588, 45.887, 43.756, 42.071, 40.251, 38.409, 37.223, 36.912, 38.312, 38.577, 38.185, 37.187, 32.061, 23.9, 19.048, 17.723, 16.86, 15.604, 11.141, 5.379, 2.8, 0.0, 5.741, 12.293, 17.143, 19.806, 19.936, 18.253, 17.611, 19.646, 21.885, 22.007, 23.574, 27.674, 30.154, 30.982, 32.027, 34.667, 38.025, 40.933, 40.896, 41.052, 41.39, 41.879, 44.376, 45.023, 45.111, 46.177, 46.437, 46.973, 48.052, 48.185, 49.43, 51.921, 50.979, 51.091, 52.559, 52.382, 47.538, 43.876, 42.838, 42.956, 42.676, 42.886, 43.552, 43.477, 43.173, 43.601, 43.905, 44.523], [55.754, 55.495, 55.459, 55.025, 53.423, 51.229, 48.905, 47.542, 47.039, 46.837, 46.376, 45.59, 45.239, 45.066, 46.23, 47.12, 46.563, 44.793, 42.521, 40.777, 38.947, 37.18, 36.108, 35.777, 37.093, 37.333, 36.973, 36.062, 31.17, 23.493, 19.111, 17.691, 16.539, 15.392, 12.015, 8.608, 7.538, 5.741, 0.0, 7.896, 14.081, 17.324, 17.501, 15.52, 15.095, 17.825, 20.261, 20.454, 22.42, 26.665, 29.188, 29.994, 31.149, 33.828, 36.837, 39.449, 39.246, 39.406, 39.789, 40.233, 42.725, 43.386, 43.46, 44.431, 44.612, 45.272, 46.472, 46.642, 47.826, 50.273, 49.393, 49.793, 51.583, 51.577, 46.832, 43.408, 42.524, 42.653, 42.329, 42.471, 43.087, 42.983, 42.631, 43.063, 43.329, 43.986], [55.363, 55.069, 54.776, 53.913, 52.494, 51.064, 49.028, 47.751, 47.404, 47.217, 46.606, 45.739, 45.533, 45.296, 46.172, 46.769, 46.05, 44.052, 41.479, 39.599, 37.681, 35.94, 35.018, 34.479, 35.424, 35.595, 35.202, 34.405, 30.145, 23.788, 20.43, 19.122, 17.889, 17.009, 15.205, 14.257, 13.696, 12.293, 7.896, 0.0, 7.62, 11.88, 12.357, 11.053, 13.035, 17.605, 20.209, 20.423, 22.133, 25.779, 28.098, 28.97, 30.387, 33.017, 35.679, 37.976, 37.475, 37.613, 38.103, 38.544, 41.091, 41.909, 42.001, 42.75, 42.902, 43.658, 44.921, 45.247, 46.339, 48.448, 47.478, 47.802, 49.516, 49.639, 45.47, 43.147, 42.695, 42.673, 42.097, 42.07, 42.61, 42.585, 42.19, 42.623, 42.818, 43.461], [56.938, 56.637, 56.114, 54.873, 53.483, 52.51, 50.816, 49.683, 49.432, 49.247, 48.501, 47.509, 47.372, 47.255, 48.151, 48.542, 47.565, 45.345, 42.577, 40.651, 38.691, 36.795, 35.856, 35.223, 35.803, 35.784, 35.202, 34.469, 30.958, 25.955, 23.296, 22.139, 21.174, 20.408, 19.123, 18.866, 18.426, 17.143, 14.081, 7.62, 0.0, 5.115, 6.644, 8.247, 13.624, 19.652, 22.462, 22.511, 23.312, 26.058, 28.009, 29.017, 30.529, 32.932, 35.465, 37.728, 37.066, 37.165, 37.773, 38.289, 40.972, 42.093, 42.255, 42.902, 43.331, 44.092, 45.237, 45.718, 46.715, 48.435, 47.311, 47.403, 48.693, 48.648, 45.013, 43.732, 43.675, 43.545, 42.831, 42.645, 43.104, 43.154, 42.755, 43.121, 43.246, 43.819], [58.262, 57.962, 57.334, 55.948, 54.553, 53.661, 52.03, 50.959, 50.733, 50.528, 49.733, 48.68, 48.557, 48.58, 49.618, 49.968, 48.849, 46.562, 43.802, 41.906, 39.941, 37.898, 36.896, 36.234, 36.641, 36.479, 35.654, 34.917, 31.882, 27.53, 25.108, 24.079, 23.404, 22.793, 21.59, 21.401, 21.001, 19.806, 17.324, 11.88, 5.115, 0.0, 3.297, 8.298, 14.96, 21.382, 24.367, 24.284, 24.384, 26.478, 28.11, 29.15, 30.641, 32.897, 35.382, 37.681, 36.932, 37.006, 37.712, 38.285, 41.084, 42.415, 42.635, 43.299, 43.97, 44.654, 45.657, 46.21, 47.146, 48.667, 47.503, 47.585, 48.691, 48.487, 45.088, 44.329, 44.482, 44.336, 43.657, 43.439, 43.824, 43.865, 43.461, 43.749, 43.814, 44.337], [58.053, 57.754, 57.135, 55.775, 54.383, 53.463, 51.818, 50.767, 50.575, 50.373, 49.577, 48.567, 48.471, 48.536, 49.646, 50.032, 48.892, 46.601, 43.904, 42.053, 40.093, 38.068, 37.126, 36.516, 36.914, 36.743, 35.878, 35.139, 32.094, 27.551, 24.968, 23.916, 23.302, 22.805, 21.632, 21.468, 21.102, 19.936, 17.501, 12.357, 6.644, 3.297, 0.0, 6.583, 13.997, 20.631, 23.735, 23.615, 23.551, 25.608, 27.295, 28.421, 30.022, 32.426, 35.038, 37.393, 36.634, 36.7, 37.449, 38.045, 40.861, 42.171, 42.416, 43.16, 43.919, 44.595, 45.557, 46.127, 47.066, 48.559, 47.401, 47.532, 48.66, 48.433, 44.941, 44.096, 44.287, 44.239, 43.664, 43.509, 43.853, 43.792, 43.358, 43.646, 43.705, 44.212], [56.341, 56.055, 55.617, 54.573, 53.19, 52.031, 50.515, 49.732, 49.529, 49.341, 48.669, 47.703, 47.537, 47.467, 48.493, 49.007, 48.05, 45.935, 43.375, 41.576, 39.711, 37.921, 37.23, 37.088, 37.862, 37.725, 36.974, 36.174, 32.533, 26.955, 23.762, 22.62, 21.838, 21.247, 19.91, 19.539, 19.346, 18.253, 15.52, 11.053, 8.247, 8.298, 6.583, 0.0, 8.404, 16.159, 19.802, 19.756, 20.638, 24.021, 26.501, 27.774, 29.424, 32.387, 35.352, 37.818, 37.177, 37.212, 37.845, 38.35, 40.964, 41.976, 42.18, 43.07, 43.652, 44.324, 45.368, 45.885, 46.886, 48.622, 47.556, 47.925, 49.404, 49.232, 44.935, 42.95, 42.912, 43.243, 42.956, 42.956, 43.34, 43.09, 42.623, 43.019, 43.177, 43.81], [55.317, 55.056, 54.924, 54.428, 53.037, 51.45, 50.168, 49.811, 49.599, 49.367, 48.944, 48.181, 47.862, 47.685, 48.738, 49.483, 48.924, 47.153, 44.712, 42.865, 40.929, 39.096, 38.52, 39.096, 40.426, 40.223, 39.494, 38.59, 34.319, 27.79, 24.122, 23.076, 22.237, 21.351, 19.614, 18.586, 18.471, 17.611, 15.095, 13.035, 13.624, 14.96, 13.997, 8.404, 0.0, 9.077, 13.878, 14.252, 16.845, 22.079, 25.3, 26.842, 28.733, 32.347, 35.795, 38.653, 38.492, 38.555, 38.915, 39.355, 41.837, 42.585, 42.754, 43.801, 44.137, 44.651, 45.631, 45.982, 47.186, 49.446, 48.442, 48.976, 50.824, 50.65, 45.469, 41.677, 41.098, 41.835, 42.015, 42.246, 42.72, 42.323, 41.878, 42.372, 42.655, 43.42], [56.121, 55.847, 55.983, 55.962, 54.603, 52.724, 51.629, 51.551, 51.385, 51.117, 50.888, 50.587, 50.31, 50.096, 51.31, 52.281, 52.104, 50.597, 48.1, 46.06, 43.904, 41.856, 41.108, 41.947, 43.571, 43.305, 42.612, 41.689, 37.114, 30.216, 26.555, 25.75, 25.013, 23.937, 22.018, 20.656, 20.341, 19.646, 17.825, 17.605, 19.652, 21.382, 20.631, 16.159, 9.077, 0.0, 6.344, 8.284, 12.76, 19.412, 22.938, 24.803, 27.707, 32.131, 36.072, 39.402, 39.931, 40.231, 40.344, 40.868, 43.376, 43.992, 44.146, 45.327, 45.603, 45.945, 46.786, 46.991, 48.467, 51.13, 50.121, 50.554, 52.398, 52.171, 47.011, 42.22, 41.055, 41.901, 42.32, 42.701, 43.239, 42.82, 42.41, 42.979, 43.363, 44.075], [56.74, 56.45, 56.648, 56.722, 55.399, 53.535, 52.503, 52.476, 52.35, 52.108, 51.94, 51.843, 51.693, 51.478, 52.687, 53.709, 53.696, 52.365, 49.929, 47.835, 45.628, 43.643, 42.8, 43.414, 45.013, 44.826, 44.276, 43.387, 38.781, 32.028, 28.555, 27.827, 27.162, 26.105, 24.311, 23.063, 22.627, 21.885, 20.261, 20.209, 22.462, 24.367, 23.735, 19.802, 13.878, 6.344, 0.0, 4.61, 10.892, 17.926, 21.487, 23.348, 26.833, 31.768, 35.917, 39.317, 40.071, 40.511, 40.502, 41.059, 43.574, 44.123, 44.272, 45.463, 45.845, 46.25, 47.061, 47.225, 48.742, 51.468, 50.543, 51.033, 52.893, 52.76, 47.865, 43.115, 41.844, 42.671, 43.103, 43.585, 44.298, 43.919, 43.501, 44.133, 44.551, 45.174], [56.644, 56.397, 56.601, 56.641, 55.277, 53.408, 52.371, 52.321, 52.185, 51.96, 51.792, 51.641, 51.509, 51.433, 52.764, 53.764, 53.606, 52.311, 50.039, 47.929, 45.7, 43.864, 43.276, 44.057, 45.672, 45.465, 44.904, 44.033, 39.465, 32.764, 29.238, 28.426, 27.729, 26.692, 24.663, 23.181, 22.77, 22.007, 20.454, 20.423, 22.511, 24.284, 23.615, 19.756, 14.252, 8.284, 4.61, 0.0, 8.433, 16.41, 20.312, 22.112, 25.428, 30.853, 35.49, 39.014, 39.722, 40.127, 40.154, 40.725, 43.194, 43.661, 43.802, 45.069, 45.707, 46.262, 47.145, 47.347, 48.788, 51.594, 50.823, 51.519, 53.485, 53.305, 48.087, 43.112, 41.853, 42.76, 43.275, 43.908, 44.759, 44.385, 43.959, 44.625, 45.066, 45.718], [59.304, 59.097, 59.154, 58.877, 57.378, 55.566, 54.207, 53.682, 53.462, 53.273, 53.044, 52.846, 52.736, 52.966, 54.941, 56.063, 55.495, 53.997, 51.719, 49.535, 47.17, 45.099, 44.458, 45.334, 46.931, 46.801, 46.315, 45.719, 41.65, 35.202, 31.451, 30.583, 30.081, 29.24, 26.915, 24.999, 24.361, 23.574, 22.42, 22.133, 23.312, 24.384, 23.551, 20.638, 16.845, 12.76, 10.892, 8.433, 0.0, 9.43, 15.023, 17.652, 22.003, 27.954, 33.201, 37.224, 38.122, 38.527, 38.703, 39.416, 41.965, 42.417, 42.547, 44.066, 45.403, 46.039, 46.921, 47.292, 48.752, 51.593, 50.757, 51.349, 53.214, 52.84, 47.876, 43.735, 42.862, 43.613, 44.057, 44.805, 45.661, 45.282, 44.885, 45.55, 45.936, 46.537], [62.423, 62.215, 62.081, 61.427, 59.898, 58.333, 56.711, 55.788, 55.604, 55.496, 55.2, 54.991, 54.945, 55.318, 57.574, 58.788, 58.086, 56.386, 53.903, 51.596, 49.159, 46.921, 45.996, 46.579, 48.126, 48.222, 47.898, 47.596, 44.224, 38.494, 35.016, 34.252, 33.949, 33.282, 31.194, 29.372, 28.449, 27.674, 26.665, 25.779, 26.058, 26.478, 25.608, 24.021, 22.079, 19.412, 17.926, 16.41, 9.43, 0.0, 7.781, 12.592, 20.004, 26.345, 31.241, 35.129, 36.031, 36.523, 36.746, 37.59, 40.427, 41.127, 41.186, 42.717, 44.594, 45.237, 45.979, 46.425, 47.952, 50.685, 49.69, 49.917, 51.516, 51.062, 47.06, 44.607, 44.397, 44.876, 45.123, 45.934, 46.786, 46.463, 46.069, 46.785, 47.078, 47.472], [63.089, 62.825, 62.609, 61.841, 60.359, 58.942, 57.35, 56.439, 56.346, 56.241, 55.901, 55.754, 55.777, 56.17, 58.345, 59.56, 59.002, 57.245, 54.463, 51.946, 49.427, 47.049, 45.832, 46.14, 47.655, 47.739, 47.348, 47.141, 44.201, 39.22, 36.346, 35.708, 35.446, 34.804, 33.165, 31.902, 30.964, 30.154, 29.188, 28.098, 28.009, 28.11, 27.295, 26.501, 25.3, 22.938, 21.487, 20.312, 15.023, 7.781, 0.0, 8.028, 18.504, 25.413, 30.119, 33.908, 34.795, 35.351, 35.559, 36.593, 39.833, 41.035, 41.094, 42.326, 44.166, 44.788, 45.334, 45.744, 47.316, 49.829, 48.68, 48.553, 49.863, 49.589, 46.621, 45.089, 45.053, 45.349, 45.473, 46.177, 47.015, 46.785, 46.338, 46.991, 47.247, 47.405], [61.195, 60.937, 60.708, 59.952, 58.463, 56.993, 55.393, 54.551, 54.486, 54.363, 54.047, 53.994, 54.081, 54.495, 56.648, 57.863, 57.407, 55.969, 53.434, 50.822, 48.155, 45.832, 44.806, 45.211, 46.642, 46.589, 46.232, 46.111, 43.523, 39.138, 36.547, 35.888, 35.543, 34.995, 33.509, 32.501, 31.804, 30.982, 29.994, 28.97, 29.017, 29.15, 28.421, 27.774, 26.842, 24.803, 23.348, 22.112, 17.652, 12.592, 8.028, 0.0, 12.421, 20.989, 27.015, 31.466, 32.44, 33.002, 33.359, 34.449, 37.572, 38.858, 38.864, 39.964, 41.758, 42.49, 43.263, 43.796, 45.485, 48.3, 47.452, 47.739, 49.634, 50.013, 47.381, 45.843, 45.738, 45.962, 45.951, 46.611, 47.544, 47.315, 46.793, 47.357, 47.595, 47.893], [58.54, 58.334, 58.165, 57.593, 56.064, 54.387, 52.872, 52.202, 52.099, 51.91, 51.625, 51.588, 51.668, 52.174, 54.437, 55.659, 55.155, 54.085, 52.419, 50.332, 47.664, 45.378, 44.675, 45.179, 46.274, 46.031, 45.672, 45.476, 43.09, 39.214, 36.753, 36.027, 35.627, 35.277, 33.911, 33.036, 32.781, 32.027, 31.149, 30.387, 30.529, 30.641, 30.022, 29.424, 28.733, 27.707, 26.833, 25.428, 22.003, 20.004, 18.504, 12.421, 0.0, 11.786, 21.629, 27.934, 29.218, 29.643, 30.178, 31.188, 34.03, 35.249, 35.274, 36.485, 38.398, 39.283, 40.325, 40.96, 42.796, 46.401, 46.289, 47.708, 50.722, 51.921, 49.319, 47.268, 46.939, 47.184, 47.123, 47.705, 48.769, 48.529, 47.935, 48.31, 48.456, 49.061], [58.676, 58.449, 58.159, 57.463, 55.89, 54.258, 52.706, 51.827, 51.64, 51.435, 51.091, 51.026, 51.052, 51.625, 53.926, 55.029, 54.539, 53.565, 52.363, 51.061, 48.835, 46.296, 44.992, 44.971, 45.7, 45.431, 45.134, 44.915, 42.798, 39.684, 37.727, 37.093, 36.779, 36.572, 35.721, 35.437, 35.409, 34.667, 33.828, 33.017, 32.932, 32.897, 32.426, 32.387, 32.347, 32.131, 31.768, 30.853, 27.954, 26.345, 25.413, 20.989, 11.786, 0.0, 12.613, 20.748, 22.874, 23.405, 24.01, 25.169, 28.237, 29.725, 29.905, 31.185, 33.341, 34.311, 35.288, 36.039, 38.067, 42.045, 42.288, 44.296, 48.145, 50.457, 49.325, 48.191, 48.004, 47.903, 47.537, 47.911, 48.984, 48.865, 48.248, 48.375, 48.308, 48.876], [59.509, 59.229, 58.762, 57.787, 56.293, 54.973, 53.389, 52.334, 52.131, 51.921, 51.463, 51.328, 51.351, 51.9, 53.947, 54.831, 54.42, 53.304, 52.021, 51.235, 49.725, 47.281, 45.277, 44.724, 45.49, 45.279, 44.966, 44.712, 42.926, 40.756, 39.522, 38.996, 38.723, 38.637, 38.51, 38.933, 38.883, 38.025, 36.837, 35.679, 35.465, 35.382, 35.038, 35.352, 35.795, 36.072, 35.917, 35.49, 33.201, 31.241, 30.119, 27.015, 21.629, 12.613, 0.0, 9.383, 13.104, 14.231, 14.946, 17.053, 21.219, 23.319, 23.724, 24.907, 27.284, 28.532, 29.57, 30.513, 32.483, 36.085, 36.551, 39.153, 43.612, 47.087, 47.987, 48.473, 48.642, 48.203, 47.506, 47.632, 48.615, 48.651, 47.934, 47.924, 47.724, 48.115], [59.777, 59.477, 58.894, 57.676, 56.281, 55.254, 53.592, 52.423, 52.263, 52.086, 51.558, 51.363, 51.479, 52.029, 53.816, 54.558, 54.171, 52.942, 51.595, 51.054, 50.058, 48.035, 45.878, 45.117, 46.083, 45.979, 45.709, 45.488, 43.967, 42.409, 41.581, 41.089, 40.796, 40.787, 41.126, 41.944, 41.854, 40.933, 39.449, 37.976, 37.728, 37.681, 37.393, 37.818, 38.653, 39.402, 39.317, 39.014, 37.224, 35.129, 33.908, 31.466, 27.934, 20.748, 9.383, 0.0, 6.135, 8.422, 9.283, 12.683, 17.689, 20.129, 20.648, 21.595, 24.216, 25.856, 27.17, 28.289, 29.764, 32.677, 33.545, 36.776, 41.642, 45.849, 47.802, 49.309, 49.783, 49.264, 48.421, 48.446, 49.363, 49.471, 48.66, 48.686, 48.469, 48.777], [58.929, 58.618, 57.925, 56.493, 55.122, 54.257, 52.447, 51.154, 51.02, 50.88, 50.263, 49.923, 50.116, 50.646, 52.304, 53.006, 52.501, 51.133, 49.782, 49.314, 48.486, 46.825, 44.942, 44.03, 44.919, 44.967, 44.733, 44.61, 43.369, 42.043, 41.305, 40.836, 40.592, 40.662, 41.093, 41.949, 41.828, 40.896, 39.246, 37.475, 37.066, 36.932, 36.634, 37.177, 38.492, 39.931, 40.071, 39.722, 38.122, 36.031, 34.795, 32.44, 29.218, 22.874, 13.104, 6.135, 0.0, 4.113, 6.166, 9.964, 15.606, 18.467, 19.022, 19.778, 22.532, 24.284, 25.708, 26.925, 27.955, 30.463, 31.507, 35.239, 40.376, 44.641, 46.477, 48.556, 49.315, 48.834, 47.974, 47.989, 48.87, 48.957, 48.09, 48.193, 48.01, 48.337], [58.653, 58.344, 57.622, 56.151, 54.765, 53.916, 52.063, 50.723, 50.585, 50.456, 49.82, 49.369, 49.498, 50.05, 51.73, 52.413, 51.834, 50.429, 49.117, 48.678, 47.859, 46.25, 44.528, 43.85, 44.78, 44.816, 44.665, 44.662, 43.565, 42.276, 41.473, 40.969, 40.733, 40.841, 41.241, 42.066, 41.98, 41.052, 39.406, 37.613, 37.165, 37.006, 36.7, 37.212, 38.555, 40.231, 40.511, 40.127, 38.527, 36.523, 35.351, 33.002, 29.643, 23.405, 14.231, 8.422, 4.113, 0.0, 4.509, 8.91, 14.494, 17.456, 18.085, 18.837, 21.781, 23.629, 24.984, 26.226, 27.221, 29.698, 30.657, 34.516, 39.847, 44.15, 45.714, 47.798, 48.651, 48.163, 47.323, 47.358, 48.278, 48.369, 47.514, 47.621, 47.428, 47.764], [58.409, 58.101, 57.435, 56.046, 54.667, 53.804, 52.059, 50.846, 50.787, 50.708, 50.128, 49.709, 49.777, 50.299, 51.959, 52.65, 52.158, 50.779, 49.421, 48.96, 48.112, 46.468, 44.696, 44.175, 45.374, 45.509, 45.43, 45.429, 44.208, 42.799, 41.959, 41.465, 41.241, 41.296, 41.666, 42.45, 42.319, 41.39, 39.789, 38.103, 37.773, 37.712, 37.449, 37.845, 38.915, 40.344, 40.502, 40.154, 38.703, 36.746, 35.559, 33.359, 30.178, 24.01, 14.946, 9.283, 6.166, 4.509, 0.0, 6.422, 13.18, 16.358, 17.004, 17.918, 21.263, 23.173, 24.408, 25.541, 26.707, 29.341, 30.28, 34.075, 39.342, 43.611, 45.194, 47.188, 48.001, 47.512, 46.669, 46.689, 47.63, 47.76, 46.889, 47.027, 46.877, 47.191], [58.046, 57.777, 57.155, 55.807, 54.434, 53.569, 51.826, 50.601, 50.543, 50.488, 49.896, 49.427, 49.488, 49.992, 51.672, 52.