[[0.0, 2.724, 3.969, 8.054, 12.098, 14.15, 16.454, 19.142, 21.28, 21.88, 24.563, 28.17, 29.135, 27.859, 29.046, 34.002, 38.386, 38.478, 39.054, 39.764, 40.275, 40.38, 42.255, 49.836, 56.489, 58.273, 57.515, 56.516, 56.413, 57.04, 57.247, 56.53, 56.43, 58.484, 61.691, 62.812, 62.589, 62.154, 61.611, 61.302, 60.975, 60.679, 60.226, 60.456, 61.788, 62.847, 62.729, 66.014, 69.436, 69.92, 69.385, 69.023, 69.329, 68.904, 68.287, 69.374, 70.021, 70.611, 70.09, 69.726, 71.145, 70.616, 65.699, 62.471, 61.034, 60.011, 60.03, 60.544, 60.106, 59.495, 59.055, 58.658, 58.366, 57.64, 57.308, 57.681, 58.612, 58.8, 58.778, 58.431, 58.605, 60.281, 60.654, 60.925, 61.733, 62.194], [2.724, 0.0, 2.737, 8.154, 12.625, 14.767, 17.085, 19.74, 21.904, 22.578, 25.164, 28.713, 29.747, 28.514, 29.6, 34.315, 38.562, 38.656, 39.238, 39.941, 40.465, 40.565, 42.301, 49.742, 56.315, 58.049, 57.294, 56.37, 56.353, 56.999, 57.192, 56.427, 56.306, 58.376, 61.607, 62.745, 62.547, 62.151, 61.603, 61.271, 60.901, 60.573, 60.126, 60.344, 61.687, 62.761, 62.633, 65.924, 69.353, 69.847, 69.336, 68.983, 69.279, 68.86, 68.257, 69.384, 70.067, 70.662, 70.144, 69.783, 71.161, 70.557, 65.582, 62.297, 60.811, 59.758, 59.77, 60.287, 59.855, 59.242, 58.794, 58.386, 58.086, 57.352, 57.013, 57.392, 58.321, 58.503, 58.475, 58.112, 58.307, 59.999, 60.375, 60.634, 61.424, 61.885], [3.969, 2.737, 0.0, 6.279, 11.475, 13.989, 16.576, 19.383, 21.526, 22.219, 24.801, 28.321, 29.351, 28.007, 29.133, 33.94, 38.158, 38.295, 39.008, 39.748, 40.268, 40.354, 41.962, 49.352, 55.959, 57.722, 56.976, 56.046, 56.049, 56.697, 56.856, 56.02, 55.812, 57.847, 61.067, 62.2, 62.089, 61.892, 61.474, 61.146, 60.725, 60.362, 59.892, 60.146, 61.624, 62.769, 62.649, 65.996, 69.479, 70.002, 69.496, 69.111, 69.377, 68.961, 68.337, 69.446, 70.143, 70.735, 70.203, 69.85, 71.243, 70.656, 65.752, 62.526, 61.06, 60.042, 60.11, 60.635, 60.188, 59.54, 59.081, 58.665, 58.349, 57.621, 57.293, 57.684, 58.629, 58.821, 58.775, 58.395, 58.6, 60.29, 60.669, 60.921, 61.708, 62.2], [8.054, 8.154, 6.279, 0.0, 6.344, 10.252, 14.018, 17.45, 19.669, 20.324, 23.065, 26.777, 27.867, 26.567, 27.926, 33.017, 37.475, 37.62, 38.361, 39.114, 39.601, 39.669, 41.242, 48.837, 55.648, 57.539, 56.804, 55.695, 55.58, 56.229, 56.309, 55.392, 55.104, 57.115, 60.44, 61.654, 61.635, 61.931, 61.959, 61.715, 61.244, 60.892, 60.426, 60.73, 62.353, 63.572, 63.475, 66.803, 70.296, 70.849, 70.329, 69.908, 70.131, 69.694, 69.08, 70.12, 70.781, 71.388, 70.876, 70.541, 71.996, 71.59, 66.761, 63.545, 62.114, 61.084, 61.132, 61.659, 61.197, 60.5, 60.035, 59.611, 59.182, 58.379, 58.084, 58.499, 59.462, 59.649, 59.588, 59.188, 59.358, 60.989, 61.357, 61.61, 62.421, 62.947], [12.098, 12.625, 11.475, 6.344, 0.0, 5.527, 10.641, 14.662, 17.008, 17.849, 21.042, 24.889, 25.877, 24.816, 26.533, 31.491, 35.964, 36.089, 36.768, 37.592, 38.067, 38.147, 39.84, 47.645, 54.606, 56.554, 55.78, 54.493, 54.229, 54.876, 54.977, 54.171, 53.965, 55.981, 59.394, 60.712, 60.647, 61.18, 61.647, 61.612, 61.252, 61.007, 60.583, 60.811, 62.261, 63.39, 63.332, 66.555, 69.952, 70.538, 70.019, 69.558, 69.714, 69.241, 68.583, 69.482, 70.098, 70.737, 70.237, 69.872, 71.355, 71.113, 66.31, 63.11, 61.761, 60.764, 60.823, 61.348, 60.874, 60.164, 59.725, 59.341, 58.934, 58.222, 58.01, 58.45, 59.429, 59.662, 59.667, 59.306, 59.425, 61.027, 61.419, 61.678, 62.497, 63.066], [14.15, 14.767, 13.989, 10.252, 5.527, 0.0, 5.756, 10.207, 12.848, 14.084, 17.857, 21.817, 22.727, 22.112, 24.224, 28.811, 33.035, 33.168, 33.944, 34.886, 35.363, 35.476, 37.311, 45.037, 51.918, 53.854, 53.089, 51.802, 51.468, 52.105, 52.331, 51.789, 51.754, 53.798, 57.214, 58.549, 58.471, 58.963, 59.497, 59.699, 59.661, 59.592, 59.187, 59.243, 60.358, 61.32, 61.292, 64.376, 67.612, 68.186, 67.67, 67.177, 67.259, 66.748, 66.016, 66.794, 67.376, 68.037, 67.518, 67.094, 68.545, 68.374, 63.649, 60.556, 59.309, 58.441, 58.652, 59.192, 58.683, 57.99, 57.586, 57.288, 57.14, 56.729, 56.638, 57.125, 58.162, 58.504, 58.636, 58.397, 58.487, 60.116, 60.583, 60.861, 61.684, 62.303], [16.454, 17.085, 16.576, 14.018, 10.641, 5.756, 0.0, 4.978, 8.339, 9.96, 14.32, 18.406, 19.2, 19.007, 21.501, 25.804, 29.897, 30.013, 30.836, 31.906, 32.396, 32.556, 34.638, 42.343, 49.166, 51.14, 50.405, 49.089, 48.678, 49.295, 49.661, 49.408, 49.519, 51.529, 54.878, 56.177, 56.133, 56.535, 56.932, 57.308, 57.706, 57.858, 57.448, 57.337, 58.171, 58.997, 58.999, 61.966, 65.024, 65.547, 65.02, 64.514, 64.533, 63.985, 63.206, 63.861, 64.353, 64.987, 64.445, 63.962, 65.395, 65.357, 60.821, 57.953, 56.88, 56.237, 56.672, 57.229, 56.671, 56.012, 55.658, 55.471, 55.682, 55.595, 55.595, 56.11, 57.188, 57.625, 57.886, 57.817, 57.909, 59.592, 60.143, 60.44, 61.273, 61.92], [19.142, 19.74, 19.383, 17.45, 14.662, 10.207, 4.978, 0.0, 4.265, 6.585, 11.296, 15.44, 16.059, 16.072, 18.758, 22.774, 26.875, 26.974, 27.795, 28.978, 29.504, 29.698, 32.044, 39.825, 46.677, 48.732, 48.003, 46.603, 46.114, 46.729, 47.213, 47.221, 47.495, 49.491, 52.786, 54.062, 54.024, 54.347, 54.642, 55.102, 55.811, 56.167, 55.779, 55.585, 56.284, 57.071, 57.102, 59.992, 62.943, 63.414, 62.853, 62.315, 62.266, 61.678, 60.846, 61.382, 61.768, 62.359, 61.816, 61.302, 62.747, 62.939, 58.703, 56.11, 55.252, 54.894, 55.591, 56.188, 55.592, 54.947, 54.633, 54.537, 55.06, 55.263, 55.335, 55.876, 56.987, 57.476, 57.811, 57.844, 57.965, 59.713, 60.32, 60.629, 61.487, 62.172], [21.28, 21.904, 21.526, 19.669, 17.008, 12.848, 8.339, 4.265, 0.0, 4.072, 9.679, 13.726, 14.109, 13.979, 16.715, 20.574, 24.68, 24.794, 25.785, 27.114, 27.664, 27.908, 30.46, 38.331, 45.243, 47.362, 46.577, 45.065, 44.52, 45.146, 45.687, 45.81, 46.167, 48.155, 51.424, 52.703, 52.676, 53.059, 53.437, 53.952, 54.768, 55.216, 54.9, 54.749, 55.453, 56.241, 56.306, 59.196, 62.152, 62.62, 62.027, 61.456, 61.383, 60.793, 59.907, 60.32, 60.567, 61.072, 60.503, 59.986, 61.452, 61.802, 57.863, 55.553, 54.933, 54.873, 55.828, 56.463, 55.825, 55.172, 54.894, 54.849, 55.545, 55.954, 56.101, 56.685, 57.845, 58.379, 58.733, 58.8, 58.916, 60.66, 61.289, 61.591, 62.458, 63.173], [21.88, 22.578, 22.219, 20.324, 17.849, 14.084, 9.96, 6.585, 4.072, 0.0, 6.923, 11.642, 12.084, 12.183, 15.661, 20.315, 24.791, 24.801, 25.654, 26.887, 27.371, 27.665, 30.647, 38.911, 45.936, 48.106, 47.278, 45.628, 44.954, 45.565, 46.132, 46.243, 46.577, 48.529, 51.766, 53.032, 53.005, 53.3, 53.577, 54.065, 54.881, 55.324, 55.059, 55.1, 55.961, 56.757, 56.814, 59.729, 62.708, 63.177, 62.579, 62.081, 62.076, 61.494, 60.692, 61.103, 61.254, 61.722, 61.143, 60.582, 62.085, 62.503, 58.528, 56.17, 55.568, 55.535, 56.455, 57.058, 56.414, 55.779, 55.528, 55.497, 56.192, 56.552, 56.672, 57.233, 58.371, 58.906, 59.255, 59.344, 59.465, 61.193, 61.803, 62.089, 62.954, 63.602], [24.563, 25.164, 24.801, 23.065, 21.042, 17.857, 14.32, 11.296, 9.679, 6.923, 0.0, 5.719, 6.967, 9.616, 15.081, 20.212, 24.992, 24.859, 25.272, 26.316, 26.796, 27.094, 30.323, 38.727, 45.762, 48.043, 47.289, 45.596, 44.848, 45.413, 45.975, 46.098, 46.351, 48.052, 51.086, 52.278, 52.307, 52.572, 52.715, 53.187, 54.023, 54.428, 54.149, 54.358, 55.499, 56.387, 56.386, 59.196, 62.15, 62.634, 62.048, 61.613, 61.628, 61.028, 60.294, 60.723, 60.841, 61.328, 60.815, 60.25, 61.797, 62.411, 58.496, 56.189, 55.704, 55.749, 56.639, 57.205, 56.568, 55.936, 55.686, 55.672, 56.448, 56.82, 56.89, 57.4, 58.498, 59.029, 59.371, 59.489, 59.642, 61.43, 62.045, 62.31, 63.18, 63.775], [28.17, 28.713, 28.321, 26.777, 24.889, 21.817, 18.406, 15.44, 13.726, 11.642, 5.719, 0.0, 3.448, 10.043, 16.441, 20.95, 25.236, 25.094, 25.41, 26.428, 26.922, 27.251, 30.416, 38.344, 45.085, 47.376, 46.691, 45.02, 44.241, 44.742, 45.315, 45.515, 45.645, 47.026, 49.795, 50.889, 50.964, 51.29, 51.443, 51.963, 52.934, 53.383, 53.075, 53.273, 54.456, 55.358, 55.308, 57.948, 60.844, 61.361, 60.783, 60.336, 60.323, 59.716, 58.949, 59.282, 59.319, 59.806, 59.347, 58.812, 60.379, 61.176, 57.459, 55.385, 55.144, 55.404, 56.421, 56.972, 56.311, 55.675, 55.443, 55.468, 56.424, 56.983, 57.083, 57.585, 58.69, 59.279, 59.645, 59.82, 59.98, 61.793, 62.46, 62.717, 63.586, 64.197], [29.135, 29.747, 29.351, 27.867, 25.877, 22.727, 19.2, 16.059, 14.109, 12.084, 6.967, 3.448, 0.0, 8.064, 14.867, 19.315, 23.648, 23.512, 23.902, 25.028, 25.532, 25.889, 29.197, 37.25, 44.089, 46.421, 45.704, 43.961, 43.139, 43.637, 44.273, 44.592, 44.806, 46.168, 48.861, 49.953, 50.027, 50.328, 50.533, 51.127, 52.206, 52.717, 52.406, 52.577, 53.716, 54.599, 54.662, 57.393, 60.273, 60.8, 60.215, 59.712, 59.638, 59.025, 58.205, 58.454, 58.476, 58.946, 58.443, 57.866, 59.472, 60.395, 56.884, 55.02, 54.902, 55.293, 56.446, 57.02, 56.349, 55.697, 55.474, 55.534, 56.562, 57.228, 57.375, 57.898, 59.021, 59.63, 60.016, 60.199, 60.354, 62.18, 62.883, 63.148, 64.008, 64.65], [27.859, 28.514, 28.007, 26.567, 24.816, 22.112, 19.007, 16.072, 13.979, 12.183, 9.616, 10.043, 8.064, 0.0, 7.916, 14.894, 20.536, 20.553, 21.486, 23.008, 23.593, 23.929, 27.429, 36.342, 43.757, 46.169, 45.269, 43.334, 42.536, 43.097, 43.752, 43.932, 44.079, 45.575, 48.356, 49.518, 49.603, 49.94, 50.316, 50.888, 51.765, 52.153, 51.848, 52.162, 53.728, 54.855, 55.079, 58.413, 61.604, 62.181, 61.59, 60.985, 60.861, 60.283, 59.422, 59.663, 59.741, 60.141, 59.519, 58.927, 60.589, 61.461, 58.125, 56.449, 56.405, 56.92, 58.217, 58.819, 58.145, 57.463, 57.235, 57.265, 58.143, 58.696, 58.842, 59.411, 60.554, 61.115, 61.451, 61.546, 61.711, 63.519, 64.204, 64.459, 65.3, 65.993], [29.046, 29.6, 29.133, 27.926, 26.533, 24.224, 21.501, 18.758, 16.715, 15.661, 15.081, 16.441, 14.867, 7.916, 0.0, 9.918, 17.176, 17.35, 18.622, 20.451, 21.173, 21.493, 25.0, 34.305, 41.969, 44.435, 43.534, 41.646, 40.953, 41.586, 42.276, 42.411, 42.595, 44.276, 47.206, 48.429, 48.493, 48.864, 49.314, 49.877, 50.697, 51.058, 50.814, 51.218, 52.965, 54.219, 54.496, 58.086, 61.454, 62.055, 61.433, 60.744, 60.596, 60.079, 59.244, 59.497, 59.555, 59.844, 59.176, 58.678, 60.342, 61.22, 58.141, 56.696, 56.767, 57.442, 58.901, 59.519, 58.83, 58.123, 57.877, 57.893, 58.759, 59.33, 59.511, 60.131, 61.309, 61.879, 62.209, 62.288, 62.453, 64.238, 64.92, 65.169, 66.017, 66.767], [34.002, 34.315, 33.94, 33.017, 31.491, 28.811, 25.804, 22.774, 20.574, 20.315, 20.212, 20.95, 19.315, 14.894, 9.918, 0.0, 8.435, 9.007, 10.988, 13.666, 14.775, 15.218, 18.528, 27.711, 35.466, 37.961, 37.169, 35.578, 35.073, 35.726, 36.605, 37.155, 37.789, 39.788, 42.79, 44.043, 44.119, 44.672, 45.318, 46.126, 47.341, 47.899, 47.728, 47.901, 49.127, 50.145, 50.551, 54.037, 57.254, 57.864, 57.215, 56.387, 56.131, 55.657, 54.764, 54.951, 54.934, 55.053, 54.303, 53.884, 55.548, 56.686, 54.275, 53.57, 54.136, 55.252, 57.093, 57.755, 56.974, 56.19, 55.947, 56.062, 57.352, 58.409, 58.764, 59.448, 60.715, 61.445, 61.887, 62.057, 62.206, 63.99, 64.774, 65.044, 65.898, 66.752], [38.386, 38.562, 38.158, 37.475, 35.964, 33.035, 29.897, 26.875, 24.68, 24.791, 24.992, 25.236, 23.648, 20.536, 17.176, 8.435, 0.0, 3.356, 8.636, 12.092, 13.341, 13.82, 16.126, 24.013, 31.516, 33.899, 33.103, 31.797, 31.451, 32.041, 33.187, 34.227, 35.192, 37.403, 40.25, 41.396, 41.553, 42.254, 43.077, 44.101, 45.642, 46.333, 46.165, 46.103, 46.926, 47.72, 48.246, 51.761, 54.837, 55.44, 54.826, 53.896, 53.556, 53.095, 52.101, 52.224, 52.204, 52.194, 51.28, 50.859, 52.51, 53.795, 52.084, 52.158, 53.173, 54.686, 56.922, 57.63, 56.767, 55.941, 55.707, 55.93, 57.632, 59.164, 59.691, 60.423, 61.755, 62.64, 63.161, 63.385, 63.535, 65.243, 66.095, 66.384, 67.198, 68.122], [38.478, 38.656, 38.295, 37.62, 36.089, 33.168, 30.013, 26.974, 24.794, 24.801, 24.859, 25.094, 23.512, 20.553, 17.35, 9.007, 3.356, 0.0, 6.199, 10.064, 11.481, 11.974, 14.748, 23.322, 31.098, 33.585, 32.783, 31.402, 30.991, 31.592, 32.784, 33.972, 35.135, 37.368, 40.238, 41.425, 41.559, 42.129, 42.868, 43.906, 45.476, 46.178, 46.035, 46.026, 46.875, 47.669, 48.18, 51.633, 54.65, 55.227, 54.625, 53.79, 53.517, 53.042, 52.094, 52.274, 52.262, 52.262, 51.384, 50.952, 52.638, 54.025, 52.307, 52.347, 53.354, 54.84, 57.05, 57.771, 56.917, 56.072, 55.824, 56.064, 57.789, 59.335, 59.871, 60.603, 61.929, 62.818, 63.345, 63.568, 63.717, 65.41, 66.263, 66.556, 67.36, 68.258], [39.054, 39.238, 39.008, 38.361, 36.768, 33.944, 30.836, 27.795, 25.785, 25.654, 25.272, 25.41, 23.902, 21.486, 18.622, 10.988, 8.636, 6.199, 0.0, 4.789, 6.895, 7.615, 11.973, 22.142, 30.422, 33.07, 32.262, 30.677, 30.114, 30.737, 31.892, 33.186, 34.702, 36.996, 39.917, 41.199, 41.203, 41.46, 42.004, 43.046, 44.7, 45.468, 45.407, 45.471, 46.292, 47.098, 47.585, 50.88, 53.785, 54.323, 53.682, 52.922, 52.79, 52.389, 51.541, 51.776, 51.748, 51.773, 51.01, 50.599, 52.377, 54.013, 52.229, 52.144, 53.161, 54.597, 56.693, 57.416, 56.592, 55.687, 55.421, 55.667, 57.379, 58.883, 59.376, 60.078, 61.381, 62.243, 62.772, 63.006, 63.159, 64.902, 65.771, 66.072, 66.897, 67.766], [39.764, 39.941, 39.748, 39.114, 37.592, 34.886, 31.906, 28.978, 27.114, 26.887, 26.316, 26.428, 25.028, 23.008, 20.451, 13.666, 12.092, 10.064, 4.789, 0.0, 2.922, 4.199, 9.95, 21.195, 29.784, 32.494, 31.688, 30.033, 29.375, 30.009, 31.073, 32.273, 34.015, 36.451, 39.419, 40.744, 40.634, 40.696, 41.153, 42.177, 43.813, 44.6, 44.655, 44.902, 45.822, 46.679, 47.165, 50.415, 53.333, 53.877, 53.183, 52.389, 52.392, 52.233, 51.527, 51.788, 51.79, 51.854, 51.158, 50.826, 52.665, 54.399, 52.638, 52.486, 53.445, 54.784, 56.781, 57.501, 56.709, 55.758, 55.457, 55.683, 57.339, 58.802, 59.279, 59.976, 61.274, 62.111, 62.617, 62.831, 62.988, 64.741, 65.612, 65.917, 66.764, 67.639], [40.275, 40.465, 40.268, 39.601, 38.067, 35.363, 32.396, 29.504, 27.664, 27.371, 26.796, 26.922, 25.532, 23.593, 21.173, 14.775, 13.341, 11.481, 6.895, 2.922, 0.0, 2.554, 9.324, 20.781, 29.449, 32.156, 31.275, 29.482, 28.694, 29.291, 30.308, 31.441, 33.233, 35.731, 38.738, 40.078, 39.905, 39.894, 40.342, 41.368, 42.986, 43.798, 43.921, 44.248, 45.219, 46.087, 46.59, 49.868, 52.828, 53.416, 52.719, 51.926, 52.005, 52.016, 51.489, 51.776, 51.787, 51.886, 51.203, 50.896, 52.761, 54.512, 52.729, 52.541, 53.492, 54.827, 56.806, 57.509, 56.721, 55.769, 55.467, 55.697, 57.327, 58.761, 59.236, 59.933, 61.232, 62.069, 62.574, 62.789, 62.94, 64.682, 65.552, 65.849, 66.696, 67.567], [40.38, 40.565, 40.354, 39.669, 38.147, 35.476, 32.556, 29.698, 27.908, 27.665, 27.094, 27.251, 25.889, 23.929, 21.493, 15.218, 13.82, 11.974, 7.615, 4.199, 2.554, 0.0, 7.961, 20.14, 29.026, 31.746, 30.838, 29.038, 28.258, 28.822, 29.758, 30.859, 32.691, 35.233, 38.289, 39.666, 39.483, 39.465, 39.985, 41.028, 42.603, 43.398, 43.504, 43.842, 44.858, 45.768, 46.28, 49.586, 52.57, 53.154, 52.459, 51.675, 51.755, 51.769, 51.334, 51.755, 51.853, 51.98, 51.314, 51.062, 52.966, 54.733, 52.975, 52.791, 53.734, 55.066, 57.068, 57.792, 57.01, 56.045, 55.726, 55.939, 57.546, 58.975, 59.442, 60.126, 61.417, 62.245, 62.734, 62.916, 63.065, 64.814, 65.691, 66.0, 66.848, 67.719], [42.255, 42.301, 41.962, 41.242, 39.84, 37.311, 34.638, 32.044, 30.46, 30.647, 30.323, 30.416, 29.197, 27.429, 25.0, 18.528, 16.126, 14.748, 11.973, 9.95, 9.324, 7.961, 0.0, 13.695, 23.653, 26.631, 25.861, 24.522, 24.269, 24.872, 25.701, 26.759, 28.686, 31.417, 34.595, 36.092, 35.963, 36.32, 37.491, 38.756, 40.253, 41.047, 41.185, 41.577, 42.74, 43.804, 44.358, 47.68, 50.717, 51.327, 50.643, 49.673, 49.568, 49.638, 49.254, 49.942, 50.634, 51.091, 50.512, 50.525, 52.449, 54.116, 52.614, 52.613, 53.508, 54.878, 57.12, 57.934, 57.145, 56.053, 55.601, 55.753, 57.357, 58.914, 59.436, 60.13, 61.44, 62.286, 62.737, 62.828, 62.957, 64.672, 65.594, 65.948, 66.791, 67.74], [49.836, 49.742, 49.352, 48.837, 47.645, 45.037, 42.343, 39.825, 38.331, 38.911, 38.727, 38.344, 37.25, 36.342, 34.305, 27.711, 24.013, 23.322, 22.142, 21.195, 20.781, 20.14, 13.695, 0.0, 11.022, 14.891, 15.024, 15.412, 16.654, 17.338, 18.343, 20.26, 22.659, 25.27, 28.103, 29.579, 29.615, 30.567, 32.513, 34.376, 36.406, 37.577, 37.813, 37.967, 38.854, 39.935, 40.535, 43.321, 46.036, 46.636, 46.005, 44.769, 44.296, 44.491, 44.275, 45.143, 46.479, 47.508, 47.192, 47.599, 49.35, 50.987, 50.396, 51.141, 52.249, 53.92, 56.651, 57.552, 56.704, 55.441, 54.826, 55.015, 56.904, 58.911, 59.626, 60.403, 61.79, 62.749, 63.24, 63.359, 63.45, 65.045, 66.031, 66.434, 67.254, 68.325], [56.489, 56.315, 55.959, 55.648, 54.606, 51.918, 49.166, 46.677, 45.243, 45.936, 45.762, 45.085, 44.089, 43.757, 41.969, 35.466, 31.516, 31.098, 30.422, 29.784, 29.449, 29.026, 23.653, 11.022, 0.0, 5.572, 8.941, 12.934, 15.668, 16.215, 17.077, 19.439, 21.878, 23.812, 25.841, 27.1, 27.303, 28.81, 31.039, 33.277, 35.838, 37.298, 37.568, 37.455, 37.891, 38.827, 39.411, 41.393, 43.585, 44.173, 43.673, 42.41, 41.767, 42.108, 42.1, 43.081, 44.598, 45.871, 45.83, 46.494, 47.879, 49.274, 49.287, 50.571, 51.856, 53.704, 56.667, 57.579, 56.686, 55.315, 54.614, 54.846, 56.916, 59.204, 60.058, 60.92, 62.358, 63.378, 63.889, 64.069, 64.137, 65.612, 66.617, 67.024, 67.811, 68.934], [58.273, 58.049, 57.722, 57.539, 56.554, 53.854, 51.14, 48.732, 47.362, 48.106, 48.043, 47.376, 46.421, 46.169, 44.435, 37.961, 33.899, 33.585, 33.07, 32.494, 32.156, 31.746, 26.631, 14.891, 5.572, 0.0, 6.006, 12.367, 15.715, 16.193, 16.929, 19.101, 21.461, 23.427, 25.384, 26.6, 26.766, 28.315, 30.576, 32.872, 35.494, 36.989, 37.305, 37.068, 37.193, 37.996, 38.588, 40.545, 42.801, 43.498, 43.113, 41.902, 41.304, 41.761, 41.814, 42.89, 44.469, 45.717, 45.699, 46.495, 47.77, 48.834, 48.803, 50.152, 51.463, 53.371, 56.416, 57.34, 56.43, 54.998, 54.241, 54.453, 56.522, 58.873, 59.767, 60.647, 62.094, 63.125, 63.615, 63.791, 63.858, 65.304, 66.308, 66.706, 67.465, 68.603], [57.515, 57.294, 56.976, 56.804, 55.78, 53.089, 50.405, 48.003, 46.577, 47.278, 47.289, 46.691, 45.704, 45.269, 43.534, 37.169, 33.103, 32.783, 32.262, 31.688, 31.275, 30.838, 25.861, 15.024, 8.941, 6.006, 0.0, 7.715, 11.846, 12.539, 13.667, 16.138, 18.895, 21.364, 23.817, 25.205, 25.275, 26.56, 28.876, 31.232, 33.783, 35.231, 35.588, 35.394, 35.627, 36.524, 37.187, 39.726, 42.521, 43.346, 42.948, 41.787, 41.277, 41.738, 41.825, 42.956, 44.427, 45.649, 45.654, 46.544, 48.177, 49.437, 49.227, 50.426, 51.785, 53.722, 56.708, 57.617, 56.698, 55.244, 54.478, 54.662, 56.651, 58.911, 59.762, 60.615, 62.042, 63.049, 63.504, 63.65, 63.732, 65.208, 66.192, 66.575, 67.334, 68.449], [56.516, 56.37, 56.046, 55.695, 54.493, 51.802, 49.089, 46.603, 45.065, 45.628, 45.596, 45.02, 43.961, 43.334, 41.646, 35.578, 31.797, 31.402, 30.677, 30.033, 29.482, 29.038, 24.522, 15.412, 12.934, 12.367, 7.715, 0.0, 5.05, 6.51, 8.948, 12.834, 16.456, 19.445, 22.369, 23.965, 23.978, 25.098, 27.521, 29.894, 32.385, 33.78, 34.087, 33.92, 34.508, 35.649, 36.363, 39.336, 42.431, 43.266, 42.804, 41.806, 41.467, 41.807, 42.074, 43.333, 44.649, 45.856, 45.939, 46.799, 48.817, 50.736, 50.409, 51.386, 52.852, 54.83, 57.715, 58.584, 57.664, 56.251, 55.539, 55.735, 57.661, 59.765, 60.545, 61.363, 62.756, 63.736, 64.159, 64.284, 64.379, 65.868, 66.835, 67.203, 67.967, 69.01], [56.413, 56.353, 56.049, 55.58, 54.229, 51.468, 48.678, 46.114, 44.52, 44.954, 44.848, 44.241, 43.139, 42.536, 40.953, 35.073, 31.451, 30.991, 30.114, 29.375, 28.694, 28.258, 24.269, 16.654, 15.668, 15.715, 11.846, 5.05, 0.0, 3.204, 7.686, 12.596, 16.656, 19.848, 22.854, 24.478, 24.372, 25.146, 27.422, 29.792, 32.32, 33.743, 34.049, 33.886, 34.492, 35.661, 36.362, 39.33, 42.423, 43.268, 42.795, 41.973, 41.846, 42.157, 42.567, 43.887, 45.109, 46.284, 46.371, 47.15, 49.237, 51.449, 51.025, 51.881, 53.453, 55.532, 58.396, 59.235, 58.318, 56.959, 56.307, 56.537, 58.466, 60.509, 61.255, 62.034, 63.394, 64.38, 64.802, 64.93, 65.02, 66.495, 67.462, 67.82, 68.58, 69.565], [57.04, 56.999, 56.697, 56.229, 54.876, 52.105, 49.295, 46.729, 45.146, 45.565, 45.413, 44.742, 43.637, 43.097, 41.586, 35.726, 32.041, 31.592, 30.737, 30.009, 29.291, 28.822, 24.872, 17.338, 16.215, 16.193, 12.539, 6.51, 3.204, 0.0, 5.628, 11.428, 15.771, 19.02, 21.957, 23.544, 23.43, 24.253, 26.595, 29.002, 31.565, 32.983, 33.3, 33.162, 33.779, 34.961, 35.678, 38.615, 41.688, 42.546, 42.082, 41.3, 41.264, 41.645, 42.193, 43.682, 45.006, 46.182, 46.247, 47.032, 49.13, 51.374, 50.994, 51.984, 53.708, 55.884, 58.774, 59.597, 58.669, 57.318, 56.678, 56.912, 58.847, 60.901, 61.65, 62.411, 63.759, 64.751, 65.164, 65.297, 65.39, 66.854, 67.837, 68.199, 68.953, 69.92], [57.247, 57.192, 56.856, 56.309, 54.977, 52.331, 49.661, 47.213, 45.687, 46.132, 45.975, 45.315, 44.273, 43.752, 42.276, 36.605, 33.187, 32.784, 31.892, 31.073, 30.308, 29.758, 25.701, 18.343, 17.077, 16.929, 13.667, 8.948, 7.686, 5.628, 0.0, 6.94, 12.206, 15.847, 19.171, 21.01, 20.932, 22.349, 25.257, 27.6, 29.909, 31.253, 31.663, 31.778, 32.804, 34.225, 34.934, 37.928, 41.179, 42.107, 41.65, 40.855, 40.889, 41.471, 42.221, 43.844, 45.261, 46.488, 46.601, 47.442, 49.541, 51.752, 51.284, 52.261, 54.09, 56.246, 59.06, 59.882, 58.964, 57.551, 56.867, 57.02, 58.777, 60.736, 61.483, 62.261, 63.622, 64.578, 64.927, 65.009, 65.095, 66.548, 67.526, 67.892, 68.65, 69.626], [56.53, 56.427, 56.02, 55.392, 54.171, 51.789, 49.408, 47.221, 45.81, 46.243, 46.098, 45.515, 44.592, 43.932, 42.411, 37.155, 34.227, 33.972, 33.186, 32.273, 31.441, 30.859, 26.759, 20.26, 19.439, 19.101, 16.138, 12.834, 12.596, 11.428, 6.94, 0.0, 6.608, 11.613, 15.924, 18.13, 18.058, 20.216, 23.798, 25.912, 27.589, 28.665, 29.199, 29.888, 31.802, 33.623, 34.328, 37.761, 41.543, 42.699, 42.278, 41.414, 41.543, 42.396, 43.287, 45.012, 46.437, 47.656, 47.735, 48.603, 50.725, 52.655, 51.837, 52.55, 54.299, 56.393, 59.098, 59.898, 59.003, 57.531, 56.793, 56.819, 58.249, 59.978, 60.679, 61.465, 62.828, 63.728, 63.967, 63.959, 64.02, 65.438, 66.387, 66.728, 67.486, 68.481], [56.43, 56.306, 55.812, 55.104, 53.965, 51.754, 49.519, 47.495, 46.167, 46.577, 46.351, 45.645, 44.806, 44.079, 42.595, 37.789, 35.192, 35.135, 34.702, 34.015, 33.233, 32.691, 28.686, 22.659, 21.878, 21.461, 18.895, 16.456, 16.656, 15.771, 12.206, 6.608, 0.0, 6.393, 11.752, 14.183, 14.26, 17.554, 21.97, 23.964, 25.179, 26.04, 26.572, 27.66, 30.385, 32.512, 33.085, 36.785, 41.02, 42.436, 42.111, 41.143, 41.216, 42.148, 43.075, 44.89, 46.357, 47.648, 47.681, 48.583, 50.749, 52.436, 51.413, 52.068, 53.813, 55.955, 58.688, 59.449, 58.547, 57.081, 56.337, 56.303, 57.587, 59.194, 59.846, 60.61, 61.961, 62.843, 63.018, 62.984, 63.045, 64.466, 65.402, 65.721, 66.474, 67.507], [58.484, 58.376, 57.847, 57.115, 55.981, 53.798, 51.529, 49.491, 48.155, 48.529, 48.052, 47.026, 46.168, 45.575, 44.276, 39.788, 37.403, 37.368, 36.996, 36.451, 35.731, 35.233, 31.417, 25.27, 23.812, 23.427, 21.364, 19.445, 19.848, 19.02, 15.847, 11.613, 6.393, 0.0, 6.4, 9.443, 9.821, 14.796, 20.249, 22.471, 23.752, 24.692, 25.263, 26.534, 29.758, 32.085, 32.53, 35.989, 40.255, 41.841, 41.629, 40.584, 40.478, 41.453, 42.372, 44.129, 45.652, 47.08, 47.196, 48.112, 50.245, 51.952, 51.083, 51.948, 53.866, 56.144, 58.94, 59.678, 58.781, 57.313, 56.59, 56.571, 57.89, 59.536, 60.182, 60.94, 62.293, 63.162, 63.312, 63.302, 63.381, 64.851, 65.806, 66.104, 66.836, 67.909], [61.691, 61.607, 61.067, 60.44, 59.394, 57.214, 54.878, 52.786, 51.424, 51.766, 51.086, 49.795, 48.861, 48.356, 47.206, 42.79, 40.25, 40.238, 39.917, 39.419, 38.738, 38.289, 34.595, 28.103, 25.841, 25.384, 23.817, 22.369, 22.854, 21.957, 19.171, 15.924, 11.752, 6.4, 0.0, 3.921, 5.55, 12.804, 19.078, 21.56, 23.103, 24.159, 24.791, 26.081, 29.578, 32.018, 32.498, 35.774, 39.833, 41.497, 41.396, 40.269, 40.061, 41.135, 42.009, 43.711, 45.333, 46.772, 46.841, 47.681, 49.676, 51.473, 51.186, 52.586, 54.739, 57.258, 60.254, 60.975, 60.077, 58.616, 57.899, 57.941, 59.426, 61.251, 61.938, 62.709, 64.069, 64.954, 65.112, 65.147, 65.25, 66.709, 67.681, 67.957, 68.638, 69.728], [62.812, 62.745, 62.2, 61.654, 60.712, 58.549, 56.177, 54.062, 52.703, 53.032, 52.278, 50.889, 49.953, 49.518, 48.429, 44.043, 41.396, 41.425, 41.199, 40.744, 40.078, 39.666, 36.092, 29.579, 27.1, 26.6, 25.205, 23.965, 24.478, 23.544, 21.01, 18.13, 14.183, 9.443, 3.921, 0.0, 4.286, 12.36, 18.266, 20.578, 22.207, 23.322, 23.941, 25.112, 28.608, 31.04, 31.518, 34.79, 38.784, 40.451, 40.392, 39.232, 39.057, 40.231, 41.135, 42.923, 44.59, 46.007, 46.052, 46.852, 48.799, 50.691, 50.755, 52.479, 54.763, 57.393, 60.462, 61.143, 60.215, 58.79, 58.096, 58.185, 59.802, 61.715, 62.409, 63.163, 64.501, 65.404, 65.601, 65.699, 65.839, 67.304, 68.279, 68.539, 69.196, 70.275], [62.589, 62.547, 62.089, 61.635, 60.647, 58.471, 56.133, 54.024, 52.676, 53.005, 52.307, 50.964, 50.027, 49.603, 48.493, 44.119, 41.553, 41.559, 41.203, 40.634, 39.905, 39.483, 35.963, 29.615, 27.303, 26.766, 25.275, 23.978, 24.372, 23.43, 20.932, 18.058, 14.26, 9.821, 5.55, 4.286, 0.0, 9.413, 16.217, 18.629, 20.333, 21.75, 22.603, 23.884, 27.333, 29.796, 30.303, 33.664, 37.814, 39.575, 39.497, 38.263, 38.119, 39.453, 40.467, 42.29, 43.991, 45.46, 45.534, 46.369, 48.374, 50.293, 50.278, 51.94, 54.248, 56.912, 59.991, 60.677, 59.76, 58.335, 57.644, 57.74, 59.367, 61.309, 62.011, 62.767, 64.109, 65.011, 65.205, 65.293, 65.434, 66.92, 67.905, 68.167, 68.831, 69.919], [62.154, 62.151, 61.892, 61.931, 61.18, 58.963, 56.535, 54.347, 53.059, 53.3, 52.572, 51.29, 50.328, 49.94, 48.864, 44.672, 42.254, 42.129, 41.46, 40.696, 39.894, 39.465, 36.32, 30.567, 28.81, 28.315, 26.56, 25.098, 25.146, 24.253, 22.349, 20.216, 17.554, 14.796, 12.804, 12.36, 9.413, 0.0, 8.615, 12.27, 14.931, 17.102, 18.373, 19.96, 23.436, 26.048, 26.625, 30.369, 34.903, 36.736, 36.595, 35.369, 35.309, 36.737, 37.97, 40.077, 41.94, 43.527, 43.654, 44.555, 46.85, 48.961, 49.002, 50.772, 53.17, 55.907, 58.998, 59.666, 58.762, 57.384, 56.712, 56.894, 58.713, 60.776, 61.443, 62.119, 63.414, 64.337, 64.57, 64.698, 64.854, 66.413, 67.424, 67.7, 68.38, 69.431], [61.611, 61.603, 61.474, 61.959, 61.647, 59.497, 56.932, 54.642, 53.437, 53.577, 52.715, 51.443, 50.533, 50.316, 49.314, 45.318, 43.077, 42.868, 42.004, 41.153, 40.342, 39.985, 37.491, 32.513, 31.039, 30.576, 28.876, 27.521, 27.422, 26.595, 25.257, 23.798, 21.97, 20.249, 19.078, 18.266, 16.217, 8.615, 0.0, 5.511, 10.59, 13.59, 14.907, 16.206, 19.346, 21.944, 22.503, 26.553, 31.24, 32.934, 32.694, 31.659, 31.943, 33.545, 35.187, 37.843, 39.718, 41.228, 41.391, 42.254, 44.704, 47.043, 47.177, 49.094, 51.627, 54.452, 57.506, 58.122, 57.2, 55.934, 55.337, 55.618, 57.684, 59.781, 60.361, 60.944, 62.161, 63.084, 63.386, 63.626, 63.832, 65.471, 66.486, 66.763, 67.459, 68.42], [61.302, 61.271, 61.146, 61.715, 61.612, 59.699, 57.308, 55.102, 53.952, 54.065, 53.187, 51.963, 51.127, 50.888, 49.877, 46.126, 44.101, 43.906, 43.046, 42.177, 41.368, 41.028, 38.756, 34.376, 33.277, 32.872, 31.232, 29.894, 29.792, 29.002, 27.6, 25.912, 23.964, 22.471, 21.56, 20.578, 18.629, 12.27, 5.511, 0.0, 6.55, 10.421, 11.982, 13.37, 17.153, 20.118, 20.61, 25.084, 30.09, 31.766, 31.473, 30.56, 31.158, 32.926, 34.903, 37.967, 39.902, 41.36, 41.549, 42.402, 44.901, 47.314, 47.309, 49.114, 51.676, 54.507, 57.527, 58.135, 57.229, 56.014, 55.444, 55.699, 57.705, 59.727, 60.275, 60.836, 62.012, 62.894, 63.178, 63.393, 63.621, 65.258, 66.245, 66.525, 67.23, 68.151], [60.975, 60.901, 60.725, 61.244, 61.252, 59.661, 57.706, 55.811, 54.768, 54.881, 54.023, 52.934, 52.206, 51.765, 50.697, 47.341, 45.642, 45.476, 44.7, 43.813, 42.986, 42.603, 40.253, 36.406, 35.838, 35.494, 33.783, 32.385, 32.32, 31.565, 29.909, 27.589, 25.179, 23.752, 23.103, 22.207, 20.333, 14.931, 10.59, 6.55, 0.0, 5.101, 8.015, 11.002, 16.86, 20.52, 20.832, 25.808, 31.398, 33.252, 33.034, 32.295, 33.176, 34.982, 37.177, 40.662, 42.868, 44.396, 44.616, 45.491, 47.994, 50.21, 49.77, 51.186, 53.548, 56.139, 58.934, 59.502, 58.63, 57.397, 56.77, 56.915, 58.571, 60.315, 60.812, 61.353, 62.494, 63.315, 63.52, 63.593, 63.813, 65.413, 66.345, 66.61, 67.303, 68.196], [60.679, 60.573, 60.362, 60.892, 61.007, 59.592, 57.858, 56.167, 55.216, 55.324, 54.428, 53.383, 52.717, 52.153, 51.058, 47.899, 46.333, 46.178, 45.468, 44.6, 43.798, 43.398, 41.047, 37.577, 37.298, 36.989, 35.231, 33.78, 33.743, 32.983, 31.253, 28.665, 26.04, 24.692, 24.159, 23.322, 21.75, 17.102, 13.59, 10.421, 5.101, 0.0, 4.494, 9.795, 17.291, 21.298, 21.47, 26.702, 32.559, 34.473, 34.293, 33.686, 34.773, 36.567, 38.86, 42.662, 44.954, 46.418, 46.618, 47.524, 50.075, 52.188, 51.559, 52.804, 55.05, 57.466, 60.087, 60.611, 59.734, 58.499, 57.849, 57.938, 59.402, 60.924, 61.364, 61.895, 63.013, 63.798, 63.946, 63.943, 64.159, 65.725, 66.617, 66.871, 67.557, 68.418], [60.226, 60.126, 59.892, 60.426, 60.583, 59.187, 57.448, 55.779, 54.9, 55.059, 54.149, 53.075, 52.406, 51.848, 50.814, 47.728, 46.165, 46.035, 45.407, 44.655, 43.921, 43.504, 41.185, 37.813, 37.568, 37.305, 35.588, 34.087, 34.049, 33.3, 31.663, 29.199, 26.572, 25.263, 24.791, 23.941, 22.603, 18.373, 14.907, 11.982, 8.015, 4.494, 0.0, 7.083, 15.844, 20.183, 20.395, 25.882, 31.77, 33.599, 33.409, 32.849, 33.952, 35.647, 38.015, 42.025, 44.348, 45.806, 46.021, 46.972, 49.636, 51.832, 51.249, 52.555, 54.841, 57.287, 59.957, 60.498, 59.606, 58.401, 57.777, 57.878, 59.374, 60.905, 61.355, 61.901, 63.026, 63.805, 63.954, 63.955, 64.175, 65.741, 66.637, 66.913, 67.608, 68.462], [60.456, 60.344, 60.146, 60.73, 60.811, 59.243, 57.337, 55.585, 54.749, 55.1, 54.358, 53.273, 52.577, 52.162, 51.218, 47.901, 46.103, 46.026, 45.471, 44.902, 44.248, 43.842, 41.577, 37.967, 37.455, 37.068, 35.394, 33.92, 33.886, 33.162, 31.778, 29.888, 27.66, 26.534, 26.081, 25.112, 23.884, 19.96, 16.206, 13.37, 11.002, 9.795, 7.083, 0.0, 9.964, 15.028, 15.54, 21.637, 27.531, 29.338, 29.229, 28.778, 29.949, 31.645, 34.257, 38.644, 41.179, 42.745, 43.003, 43.916, 46.586, 49.036, 48.694, 50.327, 52.867, 55.533, 58.417, 58.987, 58.076, 56.939, 56.381, 56.605, 58.399, 60.194, 60.739, 61.31, 62.455, 63.3, 63.589, 63.685, 63.908, 65.53, 66.483, 66.782, 67.454, 68.316], [61.788, 61.687, 61.624, 62.353, 62.261, 60.358, 58.171, 56.284, 55.453, 55.961, 55.499, 54.456, 53.716, 53.728, 52.965, 49.127, 46.926, 46.875, 46.292, 45.822, 45.219, 44.858, 42.74, 38.854, 37.891, 37.193, 35.627, 34.508, 34.492, 33.779, 32.804, 31.802, 30.385, 29.758, 29.578, 28.608, 27.333, 23.436, 19.346, 17.153, 16.86, 17.291, 15.844, 9.964, 0.0, 5.928, 7.828, 14.741, 20.544, 22.453, 22.431, 22.164, 23.628, 25.584, 28.689, 33.58, 36.357, 38.069, 38.427, 39.372, 42.05, 44.729, 44.643, 46.775, 49.705, 52.638, 55.709, 56.261, 55.307, 54.3, 53.877, 54.301, 56.603, 58.868, 59.556, 60.116, 61.228, 62.169, 62.709, 63.005, 63.224, 64.932, 65.986, 66.316, 66.959, 67.801], [62.847, 62.761, 62.769, 63.572, 63.39, 61.32, 58.997, 57.071, 56.241, 56.757, 56.387, 55.358, 54.599, 54.855, 54.219, 50.145, 47.72, 47.669, 47.098, 46.679, 46.087, 45.768, 43.804, 39.935, 38.827, 37.996, 36.524, 35.649, 35.661, 34.961, 34.225, 33.623, 32.512, 32.085, 32.018, 31.04, 29.796, 26.048, 21.944, 20.118, 20.52, 21.298, 20.183, 15.028, 5.928, 0.0, 4.714, 11.918, 17.364, 19.318, 19.371, 19.258, 20.972, 23.11, 26.416, 31.419, 34.211, 35.942, 36.31, 37.258, 39.913, 42.602, 42.628, 45.032, 48.109, 51.101, 54.205, 54.706, 53.714, 52.809, 52.498, 53.029, 55.61, 58.165, 58.953, 59.49, 60.566, 61.569, 62.24, 62.698, 62.915, 64.634, 65.729, 66.064, 66.688, 67.498], [62.729, 62.633, 62.649, 63.475, 63.332, 61.292, 58.999, 57.102, 56.306, 56.814, 56.386, 55.308, 54.662, 55.079, 54.496, 50.551, 48.246, 48.18, 47.585, 47.165, 46.59, 46.28, 44.358, 40.535, 39.411, 38.588, 37.187, 36.363, 36.362, 35.678, 34.934, 34.328, 33.085, 32.53, 32.498, 31.518, 30.303, 26.625, 22.503, 20.61, 20.832, 21.47, 20.395, 15.54, 7.828, 4.714, 0.0, 8.937, 15.649, 17.922, 18.065, 18.22, 20.335, 22.522, 26.029, 31.288, 34.22, 36.127, 36.621, 37.679, 40.268, 42.825, 42.626, 44.802, 47.739, 50.564, 53.512, 53.957, 52.953, 52.066, 51.761, 52.264, 54.837, 57.389, 58.169, 58.668, 59.722, 60.761, 61.417, 61.909, 62.177, 63.905, 64.983, 65.305, 65.936, 66.721], [66.014, 65.924, 65.996, 66.803, 66.555, 64.376, 61.966, 59.992, 59.196, 59.729, 59.196, 57.948, 57.393, 58.413, 58.086, 54.037, 51.761, 51.633, 50.88, 50.415, 49.868, 49.586, 47.68, 43.321, 41.393, 40.545, 39.726, 39.336, 39.33, 38.615, 37.928, 37.761, 36.785, 35.989, 35.774, 34.79, 33.664, 30.369, 26.553, 25.084, 25.808, 26.702, 25.882, 21.637, 14.741, 11.918, 8.937, 0.0, 8.281, 11.666, 12.459, 13.709, 16.588, 19.063, 23.639, 29.612, 32.933, 35.244, 36.164, 37.451, 39.742, 42.429, 42.475, 44.732, 47.653, 50.305, 53.052, 53.412, 52.422, 51.604, 51.323, 51.907, 54.757, 57.538, 58.352, 58.772, 59.744, 60.868, 61.634, 62.241, 62.518, 64.232, 65.352, 65.684, 66.297, 67.036], [69.436, 69.353, 69.479, 70.296, 69.952, 67.612, 65.024, 62.943, 62.152, 62.708, 62.15, 60.844, 60.273, 61.604, 61.454, 57.254, 54.837, 54.65, 53.785, 53.333, 52.828, 52.57, 50.717, 46.036, 43.585, 42.801, 42.521, 42.431, 42.423, 41.688, 41.179, 41.543, 41.02, 40.255, 39.833, 38.784, 37.814, 34.903, 31.24, 30.09, 31.398, 32.559, 31.77, 27.531, 20.544, 17.364, 15.649, 8.281, 0.0, 4.864, 7.284, 10.313, 13.834, 16.425, 21.966, 28.46, 32.014, 34.361, 35.465, 36.682, 38.6, 41.629, 42.386, 45.114, 48.167, 50.844, 53.635, 53.971, 52.989, 52.289, 52.093, 52.837, 56.04, 59.073, 59.952, 60.355, 61.278, 62.448, 63.368, 64.117, 64.38, 66.083, 67.273, 67.635, 68.207, 68.888], [69.92, 69.847, 70.002, 70.849, 70.538, 68.186, 65.547, 63.414, 62.62, 63.177, 62.634, 61.361, 60.8, 62.181, 62.055, 57.864, 55.44, 55.227, 54.323, 53.877, 53.416, 53.154, 51.327, 46.636, 44.173, 43.498, 43.346, 43.266, 43.268, 42.546, 42.107, 42.699, 42.436, 41.841, 41.497, 40.451, 39.575, 36.736, 32.934, 31.766, 33.252, 34.473, 33.599, 29.338, 22.453, 19.318, 17.922, 11.666, 4.864, 0.0, 3.87, 8.509, 12.611, 15.056, 21.031, 27.963, 31.577, 33.872, 35.042, 36.257, 38.173, 41.45, 42.525, 45.428, 48.518, 51.176, 53.979, 54.345, 53.373, 52.766, 52.628, 53.413, 56.715, 59.802, 60.689, 61.096, 62.01, 63.176, 64.132, 64.906, 65.171, 66.878, 68.102, 68.519, 69.113, 69.763], [69.385, 69.336, 69.496, 70.329, 70.019, 67.67, 65.02, 62.853, 62.027, 62.579, 62.048, 60.783, 60.215, 61.59, 61.433, 57.215, 54.826, 54.625, 53.682, 53.183, 52.719, 52.459, 50.643, 46.005, 43.673, 43.113, 42.948, 42.804, 42.795, 42.082, 41.65, 42.278, 42.111, 41.629, 41.396, 40.392, 39.497, 36.595, 32.694, 31.473, 33.034, 34.293, 33.409, 29.229, 22.431, 19.371, 18.065, 12.459, 7.284, 3.87, 0.0, 5.937, 11.083, 13.905, 20.022, 27.124, 30.714, 33.0, 34.24, 35.554, 37.703, 41.237, 42.419, 45.383, 48.547, 51.24, 54.033, 54.407, 53.421, 52.804, 52.675, 53.442, 56.741, 59.838, 60.726, 61.141, 62.063, 63.228, 64.18, 64.935, 65.197, 66.927, 68.164, 68.609, 69.272, 69.952], [69.023, 68.983, 69.111, 69.908, 69.558, 67.177, 64.514, 62.315, 61.456, 62.081, 61.613, 60.336, 59.712, 60.985, 60.744, 56.387, 53.896, 53.79, 52.922, 52.389, 51.926, 51.675, 49.673, 44.769, 42.41, 41.902, 41.787, 41.806, 41.973, 41.3, 40.855, 41.414, 41.143, 40.584, 40.269, 39.232, 38.263, 35.369, 31.659, 30.56, 32.295, 33.686, 32.849, 28.778, 22.164, 19.258, 18.22, 13.709, 10.313, 8.509, 5.937, 0.0, 6.744, 11.194, 17.131, 24.24, 28.115, 30.508, 31.686, 33.13, 35.43, 39.161, 40.923, 44.371, 47.708, 50.557, 53.534, 53.975, 52.978, 52.314, 52.146, 52.891, 56.234, 59.414, 60.337, 60.81, 61.805, 62.981, 63.912, 64.63, 64.895, 66.679, 67.942, 68.407, 69.131, 69.997], [69.329, 69.279, 69.377, 70.131, 69.714, 67.259, 64.533, 62.266, 61.383, 62.076, 61.628, 60.323, 59.638, 60.861, 60.596, 56.131, 53.556, 53.517, 52.79, 52.392, 52.005, 51.755, 49.568, 44.296, 41.767, 41.304, 41.277, 41.467, 41.846, 41.264, 40.889, 41.543, 41.216, 40.478, 40.061, 39.057, 38.119, 35.309, 31.943, 31.158, 33.176, 34.773, 33.952, 29.949, 23.628, 20.972, 20.335, 16.588, 13.834, 12.611, 11.083, 6.744, 0.0, 6.387, 12.851, 20.119, 24.703, 27.573, 28.79, 30.251, 32.6, 36.555, 38.907, 42.807, 46.209, 49.134, 52.302, 52.847, 51.89, 51.259, 51.12, 51.899, 55.391, 58.697, 59.65, 60.16, 61.22, 62.403, 63.343, 64.069, 64.348, 66.188, 67.475, 67.969, 68.708, 69.723], [68.904, 68.86, 68.961, 69.694, 69.241, 66.748, 63.985, 61.678, 60.793, 61.494, 61.028, 59.716, 59.025, 60.283, 60.079, 55.657, 53.095, 53.042, 52.389, 52.233, 52.016, 51.769, 49.638, 44.491, 42.108, 41.761, 41.738, 41.807, 42.157, 41.645, 41.471, 42.396, 42.148, 41.453, 41.135, 40.231, 39.453, 36.737, 33.545, 32.926, 34.982, 36.567, 35.647, 31.645, 25.584, 23.11, 22.522, 19.063, 16.425, 15.056, 13.905, 11.194, 6.387, 0.0, 8.89, 17.679, 22.94, 26.202, 27.531, 29.035, 31.508, 35.586, 37.895, 41.777, 45.098, 47.983, 51.217, 51.822, 50.89, 50.334, 50.252, 51.064, 54.704, 58.114, 59.079, 59.583, 60.678, 61.902, 62.866, 63.597, 63.898, 65.754, 67.05, 67.58, 68.326, 69.319], [68.287, 68.257, 68.337, 69.08, 68.583, 66.016, 63.206, 60.846, 59.907, 60.692, 60.294, 58.949, 58.205, 59.422, 59.244, 54.764, 52.101, 52.094, 51.541, 51.527, 51.489, 51.334, 49.254, 44.275, 42.1, 41.814, 41.825, 42.074, 42.567, 42.193, 42.221, 43.287, 43.075, 42.372, 42.009, 41.135, 40.467, 37.97, 35.187, 34.903, 37.177, 38.86, 38.015, 34.257, 28.689, 26.416, 26.029, 23.639, 21.966, 21.031, 20.022, 17.131, 12.851, 8.89, 0.0, 10.767, 17.64, 21.513, 22.822, 24.346, 26.957, 31.193, 34.122, 38.768, 42.463, 45.741, 49.371, 50.12, 49.187, 48.638, 48.62, 49.468, 53.34, 57.034, 58.052, 58.612, 59.837, 61.144, 62.118, 62.871, 63.214, 65.164, 66.501, 67.038, 67.801, 68.962], [69.374, 69.384, 69.446, 70.12, 69.482, 66.794, 63.861, 61.382, 60.32, 61.103, 60.723, 59.282, 58.454, 59.663, 59.497, 54.951, 52.224, 52.274, 51.776, 51.788, 51.776, 51.755, 49.942, 45.143, 43.081, 42.89, 42.956, 43.333, 43.887, 43.682, 43.844, 45.012, 44.89, 44.129, 43.711, 42.923, 42.29, 40.077, 37.843, 37.967, 40.662, 42.662, 42.025, 38.644, 33.58, 31.419, 31.288, 29.612, 28.46, 27.963, 27.124, 24.24, 20.119, 17.679, 10.767, 0.0, 9.195, 14.563, 16.65, 18.836, 21.659, 26.684, 30.82, 36.462, 40.68, 44.489, 48.573, 49.456, 48.545, 48.032, 48.111, 49.018, 53.063, 57.039, 58.15, 58.806, 60.15, 61.513, 62.545, 63.409, 63.745, 65.712, 67.062, 67.572, 68.34, 69.657], [70.021, 70.067, 70.143, 70.781, 70.098, 67.376, 64.353, 61.768, 60.567, 61.254, 60.841, 59.319, 58.476, 59.741, 59.555, 54.934, 52.204, 52.262, 51.748, 51.79, 51.787, 51.853, 50.634, 46.479, 44.598, 44.469, 44.427, 44.649, 45.109, 45.006, 45.261, 46.437, 46.357, 45.652, 45.333, 44.59, 43.991, 41.94, 39.718, 39.902, 42.868, 44.954, 44.348, 41.179, 36.357, 34.211, 34.22, 32.933, 32.014, 31.577, 30.714, 28.115, 24.703, 22.94, 17.64, 9.195, 0.0, 6.992, 11.192, 14.805, 18.419, 24.63, 30.012, 36.433, 41.126, 45.26, 49.469, 50.372, 49.429, 48.98, 49.116, 50.02, 54.039, 57.979, 59.096, 59.837, 61.241, 62.58, 63.653, 64.622, 64.925, 66.843, 68.131, 68.612, 69.405, 70.723], [70.611, 70.662, 70.735, 71.388, 70.737, 68.037, 64.987, 62.359, 61.072, 61.722, 61.328, 59.806, 58.946, 60.141, 59.844, 55.053, 52.194, 52.262, 51.773, 51.854, 51.886, 51.98, 51.091, 47.508, 45.871, 45.717, 45.649, 45.856, 46.284, 46.182, 46.488, 47.656, 47.648, 47.08, 46.772, 46.007, 45.46, 43.527, 41.228, 41.36, 44.396, 46.418, 45.806, 42.745, 38.069, 35.942, 36.127, 35.244, 34.361, 33.872, 33.0, 30.508, 27.573, 26.202, 21.513, 14.563, 6.992, 0.0, 6.532, 11.804, 15.903, 22.851, 29.637, 37.0, 42.102, 46.502, 50.865, 51.798, 50.825, 50.369, 50.507, 51.405, 55.405, 59.336, 60.478, 61.276, 62.715, 64.027, 65.104, 66.109, 66.386, 68.261, 69.509, 69.974, 70.764, 72.067], [70.09, 70.144, 70.203, 70.876, 70.237, 67.518, 64.445, 61.816, 60.503, 61.143, 60.815, 59.347, 58.443, 59.519, 59.176, 54.303, 51.28, 51.384, 51.01, 51.158, 51.203, 51.314, 50.512, 47.192, 45.83, 45.699, 45.654, 45.939, 46.371, 46.247, 46.601, 47.735, 47.681, 47.196, 46.841, 46.052, 45.534, 43.654, 41.391, 41.549, 44.616, 46.618, 46.021, 43.003, 38.427, 36.31, 36.621, 36.164, 35.465, 35.042, 34.24, 31.686, 28.79, 27.531, 22.822, 16.65, 11.192, 6.532, 0.0, 7.204, 12.207, 19.415, 27.5, 35.739, 41.12, 45.862, 50.573, 51.577, 50.615, 50.161, 50.325, 51.238, 55.274, 59.281, 60.469, 61.297, 62.776, 64.108, 65.184, 66.189, 66.461, 68.34, 69.591, 70.057, 70.822, 72.159], [69.726, 69.783, 69.85, 70.541, 69.872, 67.094, 63.962, 61.302, 59.986, 60.582, 60.25, 58.812, 57.866, 58.927, 58.678, 53.884, 50.859, 50.952, 50.599, 50.826, 50.896, 51.06