[[0.0, 5.398, 11.704, 16.051, 17.023, 18.014, 22.936, 28.948, 31.744, 33.081, 33.955, 35.587, 37.206, 37.542, 37.611, 39.348, 43.069, 46.484, 48.992, 50.236, 50.702, 50.507, 53.46, 61.303, 66.294, 65.639, 66.384, 68.98, 70.896, 71.767, 71.652, 70.21, 68.549, 67.581, 66.898, 66.923, 66.929, 66.175, 66.03, 65.508, 63.941, 63.628, 64.783, 65.333, 65.461, 65.325, 66.373, 67.125, 66.66, 66.473, 65.038, 63.099, 62.003, 61.477, 61.665, 62.483, 62.043, 59.706, 57.64, 58.074, 57.948, 56.09, 55.373, 55.362, 55.504, 57.288, 59.086, 59.503, 59.382, 58.818, 58.737, 59.943, 60.1, 60.444, 61.829, 62.907, 63.522, 64.397, 63.001, 60.807, 59.405, 58.375, 57.496, 56.934, 56.337, 56.279], [5.398, 0.0, 7.659, 12.887, 13.945, 15.322, 20.83, 27.415, 30.648, 32.137, 32.946, 34.52, 36.302, 36.7, 36.776, 38.648, 42.545, 46.023, 48.53, 49.758, 50.215, 50.032, 52.858, 60.593, 65.599, 64.918, 65.685, 68.357, 70.298, 71.153, 71.056, 69.622, 67.927, 66.938, 66.259, 66.354, 66.376, 65.604, 65.463, 64.918, 63.297, 62.899, 63.952, 64.475, 64.592, 64.446, 65.471, 66.17, 65.704, 65.521, 64.037, 62.072, 60.975, 60.443, 60.625, 61.391, 60.859, 58.497, 56.425, 56.866, 56.699, 54.799, 54.143, 54.221, 54.378, 56.178, 58.139, 58.707, 58.573, 57.98, 57.848, 58.948, 59.008, 59.262, 60.56, 61.617, 62.329, 63.38, 62.159, 60.104, 58.855, 58.035, 57.29, 56.74, 56.158, 56.219], [11.704, 7.659, 0.0, 6.102, 7.558, 9.528, 16.633, 24.466, 28.402, 30.163, 30.932, 32.296, 34.206, 34.733, 34.813, 36.826, 40.828, 44.322, 46.788, 47.924, 48.297, 48.133, 50.781, 58.43, 63.563, 62.94, 63.758, 66.542, 68.529, 69.393, 69.324, 67.918, 66.212, 65.229, 64.553, 64.733, 64.851, 64.125, 64.005, 63.459, 61.828, 61.37, 62.362, 62.885, 62.98, 62.828, 63.837, 64.481, 64.068, 63.965, 62.45, 60.452, 59.36, 58.854, 59.049, 59.74, 59.165, 57.022, 55.043, 55.453, 55.367, 53.516, 52.847, 52.929, 53.051, 54.806, 56.88, 57.545, 57.377, 56.823, 56.746, 57.761, 57.744, 57.985, 59.316, 60.441, 61.265, 62.459, 61.427, 59.56, 58.48, 57.892, 57.155, 56.487, 55.917, 56.103], [16.051, 12.887, 6.102, 0.0, 2.486, 5.73, 14.043, 22.729, 27.199, 29.145, 29.911, 31.238, 33.278, 33.921, 33.963, 35.947, 39.862, 43.252, 45.704, 46.745, 47.022, 46.884, 49.43, 56.987, 62.203, 61.639, 62.488, 65.369, 67.436, 68.367, 68.311, 66.934, 65.268, 64.311, 63.642, 63.812, 63.907, 63.192, 63.086, 62.555, 60.994, 60.529, 61.484, 62.019, 62.106, 61.943, 62.928, 63.52, 63.154, 63.15, 61.67, 59.687, 58.593, 58.102, 58.293, 58.916, 58.318, 56.358, 54.459, 54.811, 54.869, 53.127, 52.427, 52.492, 52.641, 54.401, 56.471, 57.134, 56.956, 56.474, 56.559, 57.612, 57.565, 57.788, 59.14, 60.313, 61.203, 62.5, 61.571, 59.787, 58.759, 58.265, 57.506, 56.747, 56.172, 56.421], [17.023, 13.945, 7.558, 2.486, 0.0, 5.059, 14.015, 22.906, 27.477, 29.477, 30.222, 31.571, 33.707, 34.405, 34.437, 36.391, 40.301, 43.708, 46.153, 47.151, 47.402, 47.272, 49.782, 57.252, 62.435, 61.857, 62.702, 65.599, 67.688, 68.637, 68.604, 67.26, 65.619, 64.669, 64.005, 64.161, 64.221, 63.477, 63.368, 62.833, 61.26, 60.761, 61.678, 62.215, 62.299, 62.131, 63.111, 63.68, 63.34, 63.359, 61.844, 59.824, 58.714, 58.219, 58.402, 59.002, 58.368, 56.361, 54.414, 54.747, 54.804, 53.071, 52.4, 52.51, 52.675, 54.417, 56.497, 57.166, 56.989, 56.517, 56.589, 57.596, 57.522, 57.722, 59.04, 60.199, 61.105, 62.441, 61.596, 59.875, 58.877, 58.43, 57.667, 56.882, 56.328, 56.619], [18.014, 15.322, 9.528, 5.73, 5.059, 0.0, 10.222, 19.852, 24.604, 26.673, 27.437, 28.967, 31.43, 32.27, 32.26, 34.057, 37.802, 41.211, 43.778, 44.797, 44.982, 44.884, 47.403, 54.933, 60.195, 59.628, 60.404, 63.254, 65.378, 66.411, 66.425, 65.137, 63.59, 62.684, 62.047, 62.24, 62.398, 61.749, 61.666, 61.222, 59.817, 59.47, 60.525, 61.083, 61.164, 61.033, 62.065, 62.701, 62.357, 62.372, 60.854, 58.815, 57.709, 57.226, 57.397, 58.057, 57.643, 55.97, 54.236, 54.578, 54.832, 53.378, 52.798, 52.902, 52.97, 54.524, 56.462, 57.048, 56.787, 56.278, 56.429, 57.612, 57.727, 58.079, 59.503, 60.701, 61.609, 62.897, 61.828, 59.778, 58.587, 58.087, 57.27, 56.455, 55.908, 56.163], [22.936, 20.83, 16.633, 14.043, 14.015, 10.222, 0.0, 10.548, 16.619, 19.109, 20.072, 21.611, 24.508, 25.782, 25.715, 27.723, 31.695, 35.037, 37.756, 38.921, 39.117, 39.073, 41.45, 49.356, 55.017, 54.495, 55.206, 58.138, 60.318, 61.518, 61.489, 60.129, 58.723, 57.987, 57.454, 57.663, 57.789, 57.202, 57.18, 56.914, 56.117, 56.358, 57.66, 58.15, 58.215, 58.171, 59.313, 60.063, 59.677, 59.658, 58.289, 56.455, 55.435, 54.946, 55.072, 55.834, 55.807, 54.909, 53.809, 54.149, 54.774, 53.868, 53.455, 53.556, 53.713, 55.402, 57.315, 57.744, 57.219, 56.641, 57.209, 58.853, 59.236, 59.724, 61.228, 62.489, 63.624, 65.182, 63.923, 61.416, 59.948, 59.367, 58.502, 57.607, 56.933, 57.048], [28.948, 27.415, 24.466, 22.729, 22.906, 19.852, 10.548, 0.0, 7.862, 11.107, 12.571, 14.063, 17.182, 19.017, 18.962, 21.185, 25.701, 29.065, 31.747, 33.051, 33.438, 33.424, 35.772, 44.509, 50.691, 50.24, 50.869, 53.838, 56.053, 57.39, 57.192, 55.661, 54.42, 53.908, 53.515, 53.751, 53.863, 53.387, 53.458, 53.345, 53.198, 54.298, 56.051, 56.403, 56.436, 56.514, 57.888, 58.872, 58.426, 58.339, 57.157, 55.598, 54.731, 54.268, 54.369, 55.277, 55.659, 55.447, 54.962, 55.345, 56.236, 55.747, 55.403, 55.459, 55.726, 57.51, 59.322, 59.541, 58.732, 58.065, 58.993, 61.09, 61.823, 62.523, 64.127, 65.425, 66.728, 68.449, 66.916, 63.923, 62.188, 61.486, 60.58, 59.661, 58.877, 58.786], [31.744, 30.648, 28.402, 27.199, 27.477, 24.604, 16.619, 7.862, 0.0, 4.651, 6.952, 9.604, 13.345, 15.224, 15.295, 16.607, 21.084, 24.688, 27.448, 28.953, 29.674, 29.71, 32.509, 42.21, 48.635, 48.214, 48.804, 51.584, 53.778, 55.191, 54.937, 53.389, 52.313, 51.904, 51.548, 51.81, 52.109, 51.906, 52.057, 51.986, 51.999, 53.575, 55.798, 56.136, 56.187, 56.316, 57.874, 59.096, 58.6, 58.477, 57.367, 55.836, 54.986, 54.552, 54.652, 55.679, 56.31, 56.296, 56.033, 56.482, 57.432, 57.132, 56.785, 56.78, 56.929, 58.451, 60.025, 60.111, 59.235, 58.529, 59.491, 61.781, 62.851, 63.858, 65.634, 66.917, 68.115, 69.642, 67.647, 64.072, 62.079, 61.279, 60.36, 59.533, 58.8, 58.604], [33.081, 32.137, 30.163, 29.145, 29.477, 26.673, 19.109, 11.107, 4.651, 0.0, 3.791, 8.127, 12.243, 14.139, 14.431, 15.934, 20.37, 23.902, 26.698, 28.455, 29.366, 29.464, 32.367, 42.388, 48.913, 48.491, 48.974, 51.701, 53.816, 55.199, 54.892, 53.332, 52.35, 51.992, 51.664, 51.896, 52.262, 52.213, 52.418, 52.42, 52.582, 54.257, 56.586, 57.001, 57.079, 57.254, 58.845, 60.129, 59.593, 59.35, 58.29, 56.884, 56.069, 55.617, 55.696, 56.744, 57.504, 57.689, 57.554, 58.024, 58.92, 58.577, 58.214, 58.195, 58.39, 59.996, 61.566, 61.613, 60.731, 60.027, 60.991, 63.254, 64.295, 65.222, 66.853, 68.038, 69.163, 70.6, 68.49, 64.734, 62.587, 61.672, 60.775, 60.023, 59.267, 58.943], [33.955, 32.946, 30.932, 29.911, 30.222, 27.437, 20.072, 12.571, 6.952, 3.791, 0.0, 6.118, 11.3, 13.37, 13.605, 14.94, 19.347, 22.966, 25.917, 27.807, 28.79, 28.966, 31.912, 41.997, 48.598, 48.238, 48.72, 51.441, 53.555, 54.962, 54.725, 53.254, 52.331, 51.994, 51.684, 51.945, 52.332, 52.286, 52.489, 52.527, 52.742, 54.418, 56.738, 57.162, 57.277, 57.477, 59.062, 60.351, 59.827, 59.585, 58.53, 57.154, 56.355, 55.898, 55.958, 56.959, 57.708, 57.948, 57.84, 58.298, 59.207, 58.88, 58.495, 58.473, 58.664, 60.283, 61.857, 61.9, 61.026, 60.319, 61.285, 63.546, 64.577, 65.459, 67.027, 68.192, 69.303, 70.738, 68.596, 64.747, 62.533, 61.615, 60.754, 60.018, 59.278, 58.972], [35.587, 34.52, 32.296, 31.238, 31.571, 28.967, 21.611, 14.063, 9.604, 8.127, 6.118, 0.0, 6.838, 9.893, 10.098, 11.939, 17.158, 21.306, 24.373, 26.392, 27.522, 27.777, 30.58, 40.76, 47.467, 47.164, 47.832, 50.648, 52.649, 54.067, 53.903, 52.453, 51.523, 51.253, 50.994, 51.277, 51.647, 51.542, 51.71, 51.713, 51.925, 53.608, 55.827, 56.172, 56.314, 56.55, 58.169, 59.487, 59.058, 58.993, 58.071, 56.736, 55.954, 55.527, 55.63, 56.628, 57.33, 57.648, 57.683, 58.168, 59.088, 58.873, 58.53, 58.463, 58.628, 60.246, 61.823, 61.769, 60.799, 60.106, 61.156, 63.446, 64.529, 65.552, 67.312, 68.627, 69.929, 71.562, 69.561, 65.865, 63.757, 62.91, 61.935, 61.005, 60.207, 59.999], [37.206, 36.302, 34.206, 33.278, 33.707, 31.43, 24.508, 17.182, 13.345, 12.243, 11.3, 6.838, 0.0, 4.256, 5.359, 10.064, 17.012, 21.324, 23.833, 25.722, 27.065, 27.317, 30.132, 40.657, 47.449, 47.188, 48.01, 50.917, 52.811, 54.183, 53.995, 52.474, 51.552, 51.374, 51.179, 51.457, 51.786, 51.63, 51.791, 51.782, 52.038, 53.816, 56.043, 56.304, 56.4, 56.716, 58.571, 60.041, 59.657, 59.621, 58.81, 57.643, 57.001, 56.632, 56.783, 57.828, 58.505, 58.838, 58.93, 59.438, 60.334, 60.103, 59.723, 59.571, 59.731, 61.403, 62.965, 62.83, 61.841, 61.22, 62.346, 64.625, 65.615, 66.573, 68.349, 69.681, 70.965, 72.624, 70.826, 67.483, 65.508, 64.612, 63.563, 62.55, 61.675, 61.393], [37.542, 36.7, 34.733, 33.921, 34.405, 32.27, 25.782, 19.017, 15.224, 14.139, 13.37, 9.893, 4.256, 0.0, 3.095, 9.378, 16.862, 21.134, 23.368, 25.228, 26.761, 27.013, 29.975, 40.627, 47.339, 47.072, 47.925, 50.783, 52.669, 54.046, 53.877, 52.371, 51.472, 51.325, 51.15, 51.436, 51.759, 51.599, 51.764, 51.742, 51.946, 53.72, 55.99, 56.205, 56.261, 56.592, 58.603, 60.232, 59.852, 59.789, 59.001, 57.878, 57.272, 56.912, 57.073, 58.145, 58.8, 59.07, 59.162, 59.683, 60.582, 60.378, 59.981, 59.81, 59.922, 61.504, 62.973, 62.826, 61.903, 61.319, 62.453, 64.726, 65.663, 66.552, 68.289, 69.569, 70.732, 72.293, 70.51, 67.267, 65.346, 64.445, 63.432, 62.462, 61.597, 61.3], [37.611, 36.776, 34.813, 33.963, 34.437, 32.26, 25.715, 18.962, 15.295, 14.431, 13.605, 10.098, 5.359, 3.095, 0.0, 7.521, 15.624, 20.406, 22.968, 24.877, 26.366, 26.663, 29.586, 39.999, 46.704, 46.473, 47.346, 50.276, 52.248, 53.691, 53.559, 52.111, 51.249, 51.095, 50.936, 51.212, 51.452, 51.207, 51.334, 51.297, 51.505, 53.285, 55.546, 55.766, 55.834, 56.161, 58.158, 59.794, 59.486, 59.518, 58.761, 57.608, 56.969, 56.605, 56.773, 57.835, 58.504, 58.838, 58.945, 59.456, 60.423, 60.269, 59.892, 59.737, 59.833, 61.357, 62.774, 62.596, 61.651, 61.059, 62.238, 64.585, 65.564, 66.476, 68.232, 69.528, 70.707, 72.284, 70.501, 67.229, 65.293, 64.416, 63.42, 62.45, 61.593, 61.316], [39.348, 38.648, 36.826, 35.947, 36.391, 34.057, 27.723, 21.185, 16.607, 15.934, 14.94, 11.939, 10.064, 9.378, 7.521, 0.0, 9.349, 15.68, 19.31, 21.465, 23.055, 23.539, 26.59, 36.788, 43.509, 43.357, 44.277, 47.106, 49.199, 50.874, 50.929, 49.76, 49.118, 49.001, 48.837, 49.089, 49.287, 49.076, 49.165, 49.072, 49.225, 51.179, 53.623, 53.802, 53.925, 54.164, 56.082, 57.761, 57.522, 57.853, 57.254, 55.993, 55.259, 54.926, 55.088, 56.144, 56.939, 57.461, 57.771, 58.312, 59.504, 59.68, 59.349, 59.154, 59.011, 60.025, 61.075, 60.769, 59.797, 59.189, 60.512, 63.189, 64.593, 65.922, 67.996, 69.393, 70.619, 72.15, 69.91, 66.08, 64.001, 63.232, 62.265, 61.3, 60.544, 60.379], [43.069, 42.545, 40.828, 39.862, 40.301, 37.802, 31.695, 25.701, 21.084, 20.37, 19.347, 17.158, 17.012, 16.862, 15.624, 9.349, 0.0, 7.918, 13.37, 16.429, 18.174, 19.027, 22.291, 32.131, 38.858, 38.832, 39.624, 42.117, 44.125, 45.895, 46.156, 45.392, 45.088, 45.068, 44.923, 45.157, 45.502, 45.606, 45.746, 45.676, 45.93, 48.163, 50.856, 51.014, 51.197, 51.339, 53.132, 54.934, 54.7, 55.155, 54.861, 53.777, 53.101, 52.859, 53.03, 54.071, 55.092, 56.254, 57.204, 57.826, 59.24, 59.918, 59.735, 59.472, 58.978, 59.305, 59.897, 59.436, 58.469, 57.926, 59.475, 62.443, 64.276, 66.054, 68.473, 70.004, 71.304, 72.725, 69.832, 65.281, 63.037, 62.297, 61.28, 60.318, 59.631, 59.508], [46.484, 46.023, 44.322, 43.252, 43.708, 41.211, 35.037, 29.065, 24.688, 23.902, 22.966, 21.306, 21.324, 21.134, 20.406, 15.68, 7.918, 0.0, 7.051, 11.277, 13.446, 14.698, 18.577, 28.983, 35.757, 35.792, 36.416, 38.545, 40.316, 42.012, 42.297, 41.686, 41.617, 41.736, 41.668, 41.989, 42.6, 43.049, 43.284, 43.32, 43.878, 46.438, 49.344, 49.445, 49.608, 49.779, 51.627, 53.592, 53.258, 53.526, 53.443, 52.786, 52.386, 52.241, 52.391, 53.433, 54.6, 56.244, 57.778, 58.475, 59.949, 60.948, 60.89, 60.591, 59.892, 59.889, 60.27, 59.747, 58.771, 58.259, 59.937, 63.04, 65.05, 66.96, 69.454, 71.013, 72.325, 73.685, 70.456, 65.588, 63.29, 62.479, 61.417, 60.475, 59.765, 59.564], [48.992, 48.53, 46.788, 45.704, 46.153, 43.778, 37.756, 31.747, 27.448, 26.698, 25.917, 24.373, 23.833, 23.368, 22.968, 19.31, 13.37, 7.051, 0.0, 5.336, 8.831, 10.473, 15.342, 27.525, 34.453, 34.5, 35.132, 37.05, 38.596, 40.198, 40.432, 39.704, 39.664, 39.871, 39.904, 40.399, 41.307, 41.941, 42.212, 42.294, 42.959, 45.748, 48.874, 48.906, 48.984, 49.276, 51.426, 53.632, 53.264, 53.359, 53.269, 52.846, 52.724, 52.676, 52.794, 53.88, 55.183, 56.95, 58.692, 59.439, 60.836, 61.939, 61.937, 61.595, 60.759, 60.615, 60.963, 60.428, 59.389, 58.83, 60.462, 63.596, 65.698, 67.649, 70.15, 71.716, 72.983, 74.278, 70.975, 66.092, 63.825, 62.951, 61.825, 60.876, 60.149, 59.859], [50.236, 49.758, 47.924, 46.745, 47.151, 44.797, 38.921, 33.051, 28.953, 28.455, 27.807, 26.392, 25.722, 25.228, 24.877, 21.465, 16.429, 11.277, 5.336, 0.0, 4.958, 7.213, 12.959, 26.326, 33.498, 33.569, 34.267, 36.212, 37.837, 39.551, 39.823, 39.039, 38.99, 39.213, 39.288, 39.886, 40.884, 41.502, 41.753, 41.847, 42.486, 45.337, 48.568, 48.555, 48.571, 48.92, 51.244, 53.551, 53.205, 53.321, 53.175, 52.748, 52.738, 52.773, 52.875, 53.984, 55.382, 57.161, 58.881, 59.625, 61.044, 62.186, 62.17, 61.783, 60.853, 60.624, 60.962, 60.44, 59.368, 58.766, 60.375, 63.572, 65.745, 67.732, 70.273, 71.873, 73.101, 74.351, 71.04, 66.176, 63.929, 63.075, 61.905, 60.93, 60.219, 59.915], [50.702, 50.215, 48.297, 47.022, 47.402, 44.982, 39.117, 33.438, 29.674, 29.366, 28.79, 27.522, 27.065, 26.761, 26.366, 23.055, 18.174, 13.446, 8.831, 4.958, 0.0, 3.874, 10.741, 24.373, 31.887, 32.09, 32.883, 35.051, 36.89, 38.719, 39.068, 38.358, 38.373, 38.584, 38.641, 39.253, 40.309, 40.957, 41.215, 41.362, 42.027, 44.838, 48.087, 48.106, 48.098, 48.466, 50.76, 53.03, 52.724, 52.831, 52.658, 52.272, 52.345, 52.471, 52.65, 53.792, 55.276, 57.29, 59.026, 59.734, 61.182, 62.297, 62.227, 61.78, 60.753, 60.451, 60.794, 60.299, 59.215, 58.592, 60.166, 63.353, 65.491, 67.433, 69.979, 71.623, 72.819, 74.002, 70.647, 65.831, 63.671, 62.824, 61.608, 60.65, 59.956, 59.595], [50.507, 50.032, 48.133, 46.884, 47.272, 44.884, 39.073, 33.424, 29.71, 29.464, 28.966, 27.777, 27.317, 27.013, 26.663, 23.539, 19.027, 14.698, 10.473, 7.213, 3.874, 0.0, 8.727, 23.732, 31.432, 31.58, 32.359, 34.59, 36.486, 38.379, 38.749, 37.95, 37.87, 38.028, 38.039, 38.635, 39.721, 40.333, 40.57, 40.725, 41.354, 44.171, 47.499, 47.56, 47.531, 47.882, 50.211, 52.512, 52.207, 52.29, 52.082, 51.691, 51.793, 51.933, 52.169, 53.463, 55.092, 57.128, 58.773, 59.446, 60.895, 61.978, 61.859, 61.364, 60.331, 60.093, 60.484, 60.01, 58.94, 58.3, 59.861, 63.077, 65.215, 67.139, 69.688, 71.356, 72.549, 73.711, 70.37, 65.626, 63.519, 62.669, 61.431, 60.475, 59.788, 59.42], [53.46, 52.858, 50.781, 49.43, 49.782, 47.403, 41.45, 35.772, 32.509, 32.367, 31.912, 30.58, 30.132, 29.975, 29.586, 26.59, 22.291, 18.577, 15.342, 12.959, 10.741, 8.727, 0.0, 17.384, 26.229, 26.56, 27.2, 29.851, 31.996, 34.188, 34.822, 34.206, 34.271, 34.606, 34.787, 35.416, 36.35, 36.834, 37.04, 37.331, 38.238, 41.194, 44.627, 44.764, 44.739, 45.089, 47.32, 49.623, 49.348, 49.453, 49.381, 49.151, 49.376, 49.582, 49.789, 51.183, 53.467, 56.654, 58.692, 59.259, 60.923, 62.218, 62.116, 61.606, 60.568, 60.359, 60.834, 60.428, 59.308, 58.666, 60.414, 63.686, 65.778, 67.598, 70.05, 71.719, 73.017, 74.303, 71.06, 66.514, 64.591, 63.864, 62.613, 61.584, 60.864, 60.511], [61.303, 60.593, 58.43, 56.987, 57.252, 54.933, 49.356, 44.509, 42.21, 42.388, 41.997, 40.76, 40.657, 40.627, 39.999, 36.788, 32.131, 28.983, 27.525, 26.326, 24.373, 23.732, 17.384, 0.0, 11.268, 13.242, 14.369, 18.974, 22.472, 25.427, 27.226, 28.42, 29.607, 30.48, 31.181, 31.732, 31.872, 31.985, 32.099, 32.473, 33.707, 36.514, 39.664, 39.825, 39.865, 40.045, 41.652, 43.712, 43.581, 43.965, 44.573, 45.02, 45.546, 46.025, 46.439, 47.629, 50.332, 56.15, 59.731, 60.234, 62.359, 64.405, 64.71, 64.453, 63.088, 61.755, 61.473, 60.977, 59.817, 59.296, 61.424, 64.725, 66.803, 68.61, 71.0, 72.604, 74.05, 75.584, 72.385, 68.095, 66.677, 66.347, 65.227, 64.155, 63.439, 63.164], [66.294, 65.599, 63.563, 62.203, 62.435, 60.195, 55.017, 50.691, 48.635, 48.913, 48.598, 47.467, 47.449, 47.339, 46.704, 43.509, 38.858, 35.757, 34.453, 33.498, 31.887, 31.432, 26.229, 11.268, 0.0, 4.855, 8.014, 12.802, 16.884, 20.636, 23.643, 26.234, 28.209, 29.432, 30.461, 30.959, 30.76, 30.787, 30.8, 31.046, 32.169, 34.654, 37.471, 37.526, 37.638, 37.56, 38.703, 40.696, 40.532, 41.09, 42.318, 43.429, 44.32, 45.041, 45.633, 46.795, 49.424, 56.112, 60.784, 61.425, 63.702, 66.532, 67.376, 67.342, 65.576, 63.001, 61.71, 60.955, 59.798, 59.354, 61.65, 65.107, 67.453, 69.491, 71.995, 73.615, 75.204, 76.873, 73.593, 69.399, 68.311, 68.22, 67.19, 66.105, 65.41, 65.196], [65.639, 64.918, 62.94, 61.639, 61.857, 59.628, 54.495, 50.24, 48.214, 48.491, 48.238, 47.164, 47.188, 47.072, 46.473, 43.357, 38.832, 35.792, 34.5, 33.569, 32.09, 31.58, 26.56, 13.242, 4.855, 0.0, 5.713, 11.259, 15.337, 19.227, 22.293, 24.896, 26.887, 28.129, 29.171, 29.615, 29.315, 29.326, 29.351, 29.537, 30.591, 32.998, 35.721, 35.719, 35.826, 35.702, 36.844, 38.883, 38.673, 39.202, 40.464, 41.661, 42.631, 43.369, 43.962, 45.23, 47.868, 54.398, 59.202, 59.98, 62.207, 65.189, 66.248, 66.324, 64.492, 61.689, 60.236, 59.431, 58.264, 57.821, 60.113, 63.557, 65.93, 68.015, 70.543, 72.18, 73.876, 75.687, 72.473, 68.335, 67.309, 67.279, 66.26, 65.156, 64.464, 64.287], [66.384, 65.685, 63.758, 62.488, 62.702, 60.404, 55.206, 50.869, 48.804, 48.974, 48.72, 47.832, 48.01, 47.925, 47.346, 44.277, 39.624, 36.416, 35.132, 34.267, 32.883, 32.359, 27.2, 14.369, 8.014, 5.713, 0.0, 7.609, 12.882, 17.138, 19.873, 22.529, 24.886, 26.278, 27.459, 27.918, 27.639, 27.831, 27.987, 28.458, 29.98, 32.693, 35.638, 35.648, 35.684, 35.651, 36.906, 39.093, 38.807, 39.054, 40.194, 41.391, 42.334, 42.971, 43.433, 44.773, 47.915, 54.866, 59.688, 60.47, 62.848, 65.838, 66.85, 66.929, 65.258, 62.722, 61.345, 60.526, 59.357, 58.866, 61.214, 64.78, 67.195, 69.205, 71.601, 73.189, 74.882, 76.63, 73.32, 68.958, 67.731, 67.631, 66.625, 65.54, 64.824, 64.581], [68.98, 68.357, 66.542, 65.369, 65.599, 63.254, 58.138, 53.838, 51.584, 51.701, 51.441, 50.648, 50.917, 50.783, 50.276, 47.106, 42.117, 38.545, 37.05, 36.212, 35.051, 34.59, 29.851, 18.974, 12.802, 11.259, 7.609, 0.0, 6.768, 12.284, 15.833, 19.425, 22.534, 24.28, 25.582, 26.187, 26.411, 27.204, 27.473, 28.112, 29.933, 33.017, 36.249, 36.127, 36.136, 36.102, 37.404, 39.811, 39.338, 39.282, 40.375, 41.63, 42.663, 43.309, 43.639, 45.035, 48.487, 55.565, 60.678, 61.532, 64.053, 67.497, 68.659, 68.719, 66.899, 64.003, 62.289, 61.387, 60.298, 59.78, 62.104, 65.876, 68.627, 70.854, 73.341, 74.944, 76.594, 78.14, 74.425, 69.666, 68.34, 68.256, 67.264, 66.21, 65.539, 65.308], [70.896, 70.298, 68.529, 67.436, 67.688, 65.378, 60.318, 56.053, 53.778, 53.816, 53.555, 52.649, 52.811, 52.669, 52.248, 49.199, 44.125, 40.316, 38.596, 37.837, 36.89, 36.486, 31.996, 22.472, 16.884, 15.337, 12.882, 6.768, 0.0, 6.724, 11.783, 16.59, 20.218, 22.234, 23.598, 24.217, 24.852, 26.191, 26.51, 27.147, 29.221, 32.528, 35.8, 35.658, 35.673, 35.695, 37.036, 39.572, 39.039, 38.662, 39.748, 41.19, 42.39, 43.067, 43.334, 44.721, 48.213, 55.322, 60.733, 61.707, 64.135, 67.891, 69.352, 69.48, 67.495, 64.342, 62.595, 61.684, 60.621, 60.168, 62.423, 66.111, 68.988, 71.367, 73.919, 75.542, 77.251, 78.772, 74.908, 70.047, 68.758, 68.68, 67.636, 66.544, 65.873, 65.642], [71.767, 71.153, 69.393, 68.367, 68.637, 66.411, 61.518, 57.39, 55.191, 55.199, 54.962, 54.067, 54.183, 54.046, 53.691, 50.874, 45.895, 42.012, 40.198, 39.551, 38.719, 38.379, 34.188, 25.427, 20.636, 19.227, 17.138, 12.284, 6.724, 0.0, 6.82, 13.169, 17.155, 19.246, 20.683, 21.341, 22.355, 24.391, 24.897, 25.589, 27.955, 31.467, 34.798, 34.749, 34.758, 34.977, 36.408, 38.999, 38.447, 37.539, 38.379, 39.938, 41.264, 41.94, 42.184, 43.527, 47.071, 54.474, 60.1, 61.139, 63.437, 67.231, 68.887, 69.163, 67.139, 63.917, 62.329, 61.508, 60.486, 60.139, 62.305, 65.756, 68.566, 70.948, 73.484, 75.1, 76.81, 78.27, 74.334, 69.456, 68.223, 68.125, 67.048, 65.968, 65.304, 65.038], [71.652, 71.056, 69.324, 68.311, 68.604, 66.425, 61.489, 57.192, 54.937, 54.892, 54.725, 53.903, 53.995, 53.877, 53.559, 50.929, 46.156, 42.297, 40.432, 39.823, 39.068, 38.749, 34.822, 27.226, 23.643, 22.293, 19.873, 15.833, 11.783, 6.82, 0.0, 7.473, 12.398, 14.97, 16.753, 17.442, 18.634, 21.404, 22.292, 23.292, 26.307, 30.338, 33.964, 33.97, 33.937, 34.468, 36.208, 38.979, 38.389, 37.068, 37.673, 39.158, 40.42, 40.984, 41.187, 42.605, 46.422, 54.115, 59.744, 60.769, 63.064, 66.678, 68.174, 68.423, 66.655, 63.925, 62.627, 61.812, 60.757, 60.443, 62.674, 66.148, 68.933, 71.246, 73.718, 75.329, 77.027, 78.428, 74.413, 69.413, 68.055, 67.854, 66.763, 65.696, 64.992, 64.645], [70.21, 69.622, 67.918, 66.934, 67.26, 65.137, 60.129, 55.661, 53.389, 53.332, 53.254, 52.453, 52.474, 52.371, 52.111, 49.76, 45.392, 41.686, 39.704, 39.039, 38.358, 37.95, 34.206, 28.42, 26.234, 24.896, 22.529, 19.425, 16.59, 13.169, 7.473, 0.0, 5.919, 9.367, 11.736, 12.628, 14.227, 17.581, 18.818, 20.146, 23.622, 28.114, 32.182, 32.331, 32.258, 33.115, 35.276, 38.292, 37.635, 35.992, 36.33, 37.625, 38.822, 39.307, 39.518, 41.109, 45.187, 52.963, 58.509, 59.498, 61.775, 65.148, 66.342, 66.382, 64.888, 62.962, 62.157, 61.421, 60.368, 60.067, 62.329, 65.85, 68.568, 70.775, 73.213, 74.864, 76.537, 77.894, 73.876, 68.855, 67.407, 67.094, 65.957, 64.867, 64.118, 63.727], [68.549, 67.927, 66.212, 65.268, 65.619, 63.59, 58.723, 54.42, 52.313, 52.35, 52.331, 51.523, 51.552, 51.472, 51.249, 49.118, 45.088, 41.617, 39.664, 38.99, 38.373, 37.87, 34.271, 29.607, 28.209, 26.887, 24.886, 22.534, 20.218, 17.155, 12.398, 5.919, 0.0, 4.207, 7.107, 8.534, 10.906, 14.664, 16.054, 17.425, 20.78, 25.347, 29.702, 30.069, 30.003, 31.049, 33.421, 36.533, 35.879, 34.043, 34.076, 35.152, 36.328, 36.804, 37.063, 38.758, 42.913, 50.714, 56.231, 57.195, 59.43, 62.681, 63.714, 63.617, 62.219, 60.771, 60.4, 59.866, 58.922, 58.665, 60.872, 64.292, 66.891, 69.038, 71.518, 73.228, 74.887, 76.229, 72.265, 67.321, 65.902, 65.576, 64.394, 63.26, 62.527, 62.204], [67.581, 66.938, 65.229, 64.311, 64.669, 62.684, 57.987, 53.908, 51.904, 51.992, 51.994, 51.253, 51.374, 51.325, 51.095, 49.001, 45.068, 41.736, 39.871, 39.213, 38.584, 38.028, 34.606, 30.48, 29.432, 28.129, 26.278, 24.28, 22.234, 19.246, 14.97, 9.367, 4.207, 0.0, 3.437, 5.874, 9.274, 13.385, 14.852, 16.18, 19.245, 23.738, 28.285, 28.855, 28.81, 29.964, 32.443, 35.572, 34.981, 33.079, 32.836, 33.713, 34.871, 35.35, 35.644, 37.398, 41.547, 49.257, 54.683, 55.624, 57.833, 60.997, 61.938, 61.791, 60.43, 59.162, 59.001, 58.646, 57.826, 57.588, 59.74, 63.089, 65.626, 67.767, 70.289, 72.025, 73.655, 74.957, 70.982, 66.027, 64.612, 64.286, 63.089, 61.966, 61.291, 61.025], [66.898, 66.259, 64.553, 63.642, 64.005, 62.047, 57.454, 53.515, 51.548, 51.664, 51.684, 50.994, 51.179, 51.15, 50.936, 48.837, 44.923, 41.668, 39.904, 39.288, 38.641, 38.039, 34.787, 31.181, 30.461, 29.171, 27.459, 25.582, 23.598, 20.683, 16.753, 11.736, 7.107, 3.437, 0.0, 3.758, 8.429, 12.927, 14.476, 15.697, 18.476, 22.909, 27.56, 28.227, 28.199, 29.397, 31.942, 35.078, 34.519, 32.589, 32.151, 32.848, 33.945, 34.415, 34.747, 36.56, 40.682, 48.219, 53.515, 54.43, 56.621, 59.727, 60.613, 60.446, 59.123, 57.966, 57.924, 57.689, 57.022, 56.831, 58.936, 62.243, 64.759, 66.929, 69.499, 71.249, 72.859, 74.13, 70.124, 65.151, 63.768, 63.477, 62.282, 61.195, 60.589, 60.371], [66.923, 66.354, 64.733, 63.812, 64.161, 62.24, 57.663, 53.751, 51.81, 51.896, 51.945, 51.277, 51.457, 51.436, 51.212, 49.089, 45.157, 41.989, 40.399, 39.886, 39.253, 38.635, 35.416, 31.732, 30.959, 29.615, 27.918, 26.187, 24.217, 21.341, 17.442, 12.628, 8.534, 5.874, 3.758, 0.0, 5.907, 11.344, 13.107, 14.311, 17.297, 21.856, 26.523, 27.257, 27.259, 28.449, 30.969, 34.158, 33.639, 31.706, 31.401, 32.179, 33.235, 33.684, 34.09, 35.95, 40.097, 47.766, 53.111, 54.018, 56.232, 59.378, 60.353, 60.238, 58.929, 57.79, 57.72, 57.409, 56.78, 56.716, 58.93, 62.258, 64.762, 66.935, 69.502, 71.254, 72.9, 74.2, 70.219, 65.28, 63.914, 63.622, 62.424, 61.339, 60.721, 60.483], [66.929, 66.376, 64.851, 63.907, 64.221, 62.398, 57.789, 53.863, 52.109, 52.262, 52.332, 51.647, 51.786, 51.759, 51.452, 49.287, 45.502, 42.6, 41.307, 40.884, 40.309, 39.721, 36.35, 31.872, 30.76, 29.315, 27.639, 26.411, 24.852, 22.355, 18.634, 14.227, 10.906, 9.274, 8.429, 5.907, 0.0, 6.332, 8.553, 9.96, 13.925, 18.817, 23.301, 24.035, 24.086, 25.316, 27.851, 31.096, 30.688, 28.91, 28.918, 29.941, 31.02, 31.437, 31.84, 33.657, 37.824, 45.969, 51.565, 52.397, 54.838, 58.187, 59.273, 59.268, 58.088, 57.04, 56.949, 56.586, 55.922, 55.952, 58.498, 61.962, 64.376, 66.406, 68.852, 70.559, 72.324, 73.864, 70.081, 65.308, 63.99, 63.737, 62.58, 61.461, 60.785, 60.552], [66.175, 65.604, 64.125, 63.192, 63.477, 61.749, 57.202, 53.387, 51.906, 52.213, 52.286, 51.542, 51.63, 51.599, 51.207, 49.076, 45.606, 43.049, 41.941, 41.502, 40.957, 40.333, 36.834, 31.985, 30.787, 29.326, 27.831, 27.204, 26.191, 24.391, 21.404, 17.581, 14.664, 13.385, 12.927, 11.344, 6.332, 0.0, 2.828, 4.893, 10.101, 15.186, 19.492, 20.283, 20.434, 21.762, 24.48, 27.775, 27.527, 26.071, 26.242, 27.42, 28.608, 29.031, 29.416, 31.233, 35.361, 43.653, 49.342, 50.053, 52.733, 56.268, 57.371, 57.383, 56.331, 55.467, 55.428, 55.085, 54.402, 54.411, 57.183, 60.864, 63.24, 65.136, 67.479, 69.168, 71.051, 72.86, 69.317, 64.743, 63.514, 63.329, 62.169, 60.972, 60.258, 60.077], [66.03, 65.463, 64.005, 63.086, 63.368, 61.666, 57.18, 53.458, 52.057, 52.418, 52.489, 51.71, 51.791, 51.764, 51.334, 49.165, 45.746, 43.284, 42.212, 41.753, 41.215, 40.57, 37.04, 32.099, 30.8, 29.351, 27.987, 27.473, 26.51, 24.897, 22.292, 18.818, 16.054, 14.852, 14.476, 13.107, 8.553, 2.828, 0.0, 3.028, 8.784, 13.828, 18.11, 19.024, 19.259, 20.582, 23.328, 26.617, 26.461, 25.251, 25.584, 26.862, 28.12, 28.57, 28.956, 30.759, 34.83, 43.045, 48.761, 49.458, 52.194, 55.848, 57.014, 57.032, 55.92, 54.966, 54.883, 54.531, 53.816, 53.791, 56.566, 60.329, 62.79, 64.723, 67.079, 68.784, 70.714, 72.6, 69.105, 64.559, 63.361, 63.204, 62.012, 60.762, 60.03, 59.88], [65.508, 64.918, 63.459, 62.555, 62.833, 61.222, 56.914, 53.345, 51.986, 52.42, 52.527, 51.713, 51.782, 51.742, 51.297, 49.072, 45.676, 43.32, 42.294, 41.847, 41.362, 40.725, 37.331, 32.473, 31.046, 29.537, 28.458, 28.112, 27.147, 25.589, 23.292, 20.146, 17.425, 16.18, 15.697, 14.311, 9.96, 4.893, 3.028, 0.0, 6.219, 11.66, 16.098, 17.008, 17.324, 18.594, 21.433, 24.852, 24.785, 23.832, 24.295, 25.549, 26.82, 27.334, 27.816, 29.637, 33.513, 41.609, 47.429, 48.164, 50.868, 54.625, 55.93, 56.013, 54.803, 53.63, 53.464, 53.102, 52.39, 52.403, 55.201, 58.976, 61.519, 63.61, 66.101, 67.849, 69.853, 71.829, 68.371, 63.873, 62.753, 62.67, 61.475, 60.185, 59.466, 59.399], [63.941, 63.297, 61.828, 60.994, 61.26, 59.817, 56.117, 53.198, 51.999, 52.582, 52.742, 51.925, 52.038, 51.946, 51.505, 49.225, 45.93, 43.878, 42.959, 42.486, 42.027, 41.354, 38.238, 33.707, 32.169, 30.591, 29.98, 29.933, 29.221, 27.955, 26.307, 23.622, 20.78, 19.245, 18.476, 17.297, 13.925, 10.101, 8.784, 6.219, 0.0, 6.459, 11.879, 13.079, 13.616, 14.814, 18.019, 21.799, 21.923, 21.505, 21.93, 22.756, 23.957, 24.633, 25.354, 27.321, 30.967, 38.822, 44.676, 45.453, 48.049, 51.852, 53.248, 53.366, 51.976, 50.468, 50.189, 49.899, 49.303, 49.373, 52.115, 55.87, 58.52, 60.863, 63.641, 65.49, 67.543, 69.562, 66.124, 61.723, 60.772, 60.843, 59.623, 58.259, 57.618, 57.76], [63.628, 62.899, 61.37, 60.529, 60.761, 59.47, 56.358, 54.298, 53.575, 54.257, 54.418, 53.608, 53.816, 53.72, 53.285, 51.179, 48.163, 46.438, 45.748, 45.337, 44.838, 44.171, 41.194, 36.514, 34.654, 32.998, 32.693, 33.017, 32.528, 31.467, 30.338, 28.114, 25.347, 23.738, 22.909, 21.856, 18.817, 15.186, 13.828, 11.66, 6.459, 0.0, 6.377, 8.966, 10.012, 11.242, 14.452, 18.278, 18.717, 18.8, 19.41, 20.188, 21.417, 22.232, 23.159, 25.067, 28.528, 36.674, 42.706, 43.462, 45.994, 49.876, 51.437, 51.674, 50.224, 48.547, 48.271, 48.115, 47.666, 47.833, 50.506, 54.087, 56.617, 58.91, 61.699, 63.593, 65.724, 67.87, 64.66, 60.6, 59.908, 60.145, 58.936, 57.503, 56.897, 57.224], [64.783, 63.952, 62.362, 61.484, 61.678, 60.525, 57.66, 56.051, 55.798, 56.586, 56.738, 55.827, 56.043, 55.99, 55.546, 53.623, 50.856, 49.344, 48.874, 48.568, 48.087, 47.499, 44.627, 39.664, 37.471, 35.721, 35.638, 36.249, 35.8, 34.798, 33.964, 32.182, 29.702, 28.285, 27.56, 26.523, 23.301, 19.492, 18.11, 16.098, 11.879, 6.377, 0.0, 4.723, 6.674, 7.979, 10.86, 14.505, 15.5, 16.315, 17.453, 18.641, 20.016, 20.888, 21.898, 23.49, 26.411, 34.796, 41.209, 41.981, 44.484, 48.603, 50.522, 51.036, 49.668, 47.878, 47.595, 47.497, 47.072, 47.361, 50.13, 53.567, 55.943, 58.167, 60.913, 62.844, 65.273, 67.812, 64.967, 61.316, 60.903, 61.332, 60.201, 58.725, 58.112, 58.586], [65.333, 64.475, 62.885, 62.019, 62.215, 61.083, 58.15, 56.403, 56.136, 57.001, 57.162, 56.172, 56.304, 56.205, 55.766, 53.802, 51.014, 49.445, 48.906, 48.555, 48.106, 47.56, 44.764, 39.825, 37.526, 35.719, 35.648, 36.127, 35.658, 34.749, 33.97, 32.331, 30.069, 28.855, 28.227, 27.257, 24.035, 20.283, 19.024, 17.008, 13.079, 8.966, 4.723, 0.0, 2.954, 5.004, 9.317, 13.631, 14.725, 15.952, 17.269, 18.517, 19.969, 20.846, 21.815, 23.379, 25.983, 33.984, 40.577, 41.443, 43.964, 48.275, 50.309, 50.903, 49.544, 47.586, 47.126, 46.945, 46.415, 46.66, 49.57, 53.175, 55.679, 58.026, 60.888, 62.877, 65.484, 68.24, 65.412, 61.738, 61.369, 61.895, 60.843, 59.379, 58.768, 59.294], [65.461, 64.592, 62.98, 62.106, 62.299, 61.164, 58.215, 56.436, 56.187, 57.079, 57.277, 56.314, 56.4, 56.261, 55.834, 53.925, 51.197, 49.608, 48.984, 48.571, 48.098, 47.531, 44.739, 39.865, 37.638, 35.826, 35.684, 36.136, 35.673, 34.758, 33.937, 32.258, 30.003, 28.81, 28.199, 27.259, 24.086, 20.434, 19.259, 17.324, 13.616, 10.012, 6.674, 2.954, 0.0, 3.829, 9.352, 13.993, 15.115, 16.206, 17.395, 18.586, 20.044, 20.898, 21.853, 23.469, 26.104, 34.062, 40.63, 41.504, 43.982, 48.25, 50.252, 50.84, 49.506, 47.631, 47.261, 47.115, 46.564, 46.786, 49.688, 53.283, 55.748, 58.027, 60.839, 62.815, 65.399, 68.167, 65.412, 61.798, 61.44, 61.979, 60.948, 59.504, 58.892, 59.401], [65.325, 64.446, 62.828, 61.943, 62.131, 61.033, 58.171, 56.514, 56.316, 57.254, 57.477, 56.55, 56.716, 56.592, 56.161, 54.164, 51.339, 49.779, 49.276, 48.92, 48.466, 47.882, 45.089, 40.045, 37.56, 35.702, 35.651, 36.102, 35.695, 34.977, 34.468, 33.115, 31.049, 29.964, 29.397, 28.449, 25.316, 21.762, 20.582, 18.594, 14.814, 11.242, 7.979, 5.004, 3.829, 0.0, 6.38, 11.554, 12.701, 14.407, 16.265, 17.759, 19.267, 20.212, 21.235, 22.834, 25.326, 33.32, 40.112, 41.043, 43.526, 47.924, 49.995, 50.581, 49.153, 47.043, 46.457, 46.232, 45.72, 46.0, 49.023, 52.718, 55.249, 57.59, 60.46, 62.462, 65.126, 67.961, 65.208, 61.683, 61.425, 62.024, 61.032, 59.6, 58.999, 59.554], [66.373, 65.471, 63.837, 62.928, 63.111, 62.065, 59.313, 57.888, 57.874, 58.845, 59.062, 58.169, 58.571, 58.603, 58.158, 56.082, 53.132, 51.627, 51.426, 51.244, 50.76, 50.211, 47.32, 41.652, 38.703, 36.844, 36.906, 37.404, 37.036, 36.408, 36.208, 35.276, 33.421, 32.443, 31.942, 30.969, 27.851, 24.48, 23.328, 21.433, 18.019, 14.452, 10.86, 9.317, 9.352, 6.38, 0.0, 5.845, 7.533, 10.663, 14.057, 16.476, 18.251, 19.405, 20.515, 21.835, 24.214, 32.966, 40.275, 41.266, 43.759, 48.357, 50.605, 51.229, 49.698, 47.359, 46.601, 46.329, 45.926, 46.355, 49.496, 53.17, 55.688, 58.069, 60.982, 63.025, 65.81, 68.74, 66.023, 62.654, 62.602, 63.316, 62.385, 60.982, 60.411, 61.04], [67.125, 66.17, 64.481, 63.52, 63.68, 62.701, 60.063, 58.872, 59.096, 60.129, 60.351, 59.487, 60.041, 60.232, 59.794, 57.761, 54.934, 53.592, 53.632, 53.551, 53.03, 52.512, 49.623, 43.712, 40.696, 38.883, 39.093, 39.811, 39.572, 38.999, 38.979, 38.292, 36.533, 35.572, 35.078, 34.158, 31.096, 27.775, 26.617, 24.852, 21.799, 18.278, 14.505, 13.631, 13.993, 11.554, 5.845, 0.0, 3.989, 9.137, 13.181, 16.065, 17.975, 19.223, 20.331, 21.22, 23.184, 32.326, 39.898, 40.883, 43.391, 48.126, 50.571, 51.304, 49.758, 47.371, 46.691, 46.552, 46.238, 46.743, 49.871, 53.405, 55.798, 58.143, 61.041, 63.094, 65.982, 69.065, 66.528, 63.372, 63.488, 64.338, 63.466, 62.062, 61.516, 62.232], [66.66, 65.704, 64.068, 63.154, 63.34, 62.357, 59.677, 58.426, 58.6, 59.593, 59.827, 59.058, 59.657, 59.852, 59.486, 57.522, 54.7, 53.258, 53.264, 53.205, 52.724, 52.207, 49.348, 43.581, 40.532, 38.673, 38.807, 39.338, 39.039, 38.447, 38.389, 37.635, 35.879, 34.981, 34.519, 33.639, 30.688, 27.527, 26.461, 24.785, 21.923, 18.717, 15.5, 14.725, 15.115, 12.701, 7.533, 3.989, 0.0, 6.519, 11.467, 14.99, 17.177, 18.476, 19.517, 20.47, 22.618, 31.981, 39.779, 40.817, 43.307, 48.074, 50.529, 51.246, 49.65, 47.22, 46.491, 46.38, 46.081, 46.537, 49.656, 53.27, 55.711, 58.033, 60.872, 62.875, 65.723, 68.75, 66.061, 62.778, 62.851, 63.68, 62.898, 61.569, 61.004, 61.682], [66.473, 65.521, 63.965, 63.15, 63.359, 62.372, 59.658, 58.339, 58.477, 59.35, 59.585, 58.993, 59.621, 59.789, 59.518, 57.853, 55.155, 53.526, 53.359, 53.321, 52.831, 52.29, 49.453, 43.965, 41.09, 39.202, 39.054, 39.282, 38.662, 37.539, 37.068, 35.992, 34.043, 33.079, 32.589, 31.706, 28.91, 26.071, 25.251, 23.832, 21.505, 18.8, 16.315, 15.952, 16.206, 14.407, 10.663, 9.137, 6.519, 0.0, 6.768, 12.351, 15.445, 16.859, 17.822, 18.983, 21.81, 31.871, 39.849, 40.904, 43.245, 47.944, 50.447, 51.204, 49.639, 47.385, 46.9, 46.961, 46.767, 47.24, 50.235, 53.617, 55.771, 57.765, 60.312, 62.187, 64.889, 67.704, 64.849, 61.512, 61.616, 62.344, 61.634, 60.532, 60.005, 60.518], [65.038, 64.037, 62.45, 61.67, 61.844, 60.854, 58.289, 57.157, 57.367, 58.29, 58.53, 58.071, 58.81, 59.001, 58.761, 57.254, 54.861, 53.443, 53.269, 53.175, 52.658, 52.082, 49.381, 44.573, 42.318, 40.464, 40.194, 40.375, 39.748, 38.379, 37.673, 36.33, 34.076, 32.836, 32.151, 31.401, 28.918, 26.242, 25.584, 24.295, 21.93, 19.41, 17.453, 17.269, 17.395, 16.265, 14.057, 13.181, 11.467, 6.768, 0.0, 6.967, 11.08, 12.799, 13.744, 15.089, 18.393, 28.624, 36.372, 37.35, 39.703, 44.495, 47.151, 48.065, 46.577, 44.543, 44.532, 45.002, 44.998, 45.471, 48.28, 51.309, 53.08, 54.836, 57.293, 59.155, 61.81, 64.593, 61.786, 58.514, 58.672, 59.451, 58.759, 57.771, 57.45, 58.079], [63.099, 62.072, 60.452, 59.687, 59.824, 58.815, 56.455, 55.598, 55.836, 56.884, 57.154, 56.736, 57.643, 57.878, 57.608, 55.993, 53.777, 52.786, 52.846, 52.748, 52.272, 51.691, 49.151, 45.02, 43.429, 41.661, 41.391, 41.63, 41.19, 39.938, 39.158, 37.625, 35.152, 33.713, 32.848, 32.179, 29.941, 27.42, 26.862, 25.549, 22.756, 20.188, 18.641, 18.517, 18.586, 17.759, 16.476, 16.065, 14.99, 12.351, 6.967, 0.0, 4.853, 7.161, 8.463, 10.298, 14.452, 24.948, 32.222, 33.064, 35.564, 40.393, 43.073, 44.112, 42.765, 41.104, 41.648, 42.463, 42.633, 43.119, 45.788, 48.614, 50.27, 52.132, 54.821, 56.779, 59.404, 62.185, 59.449, 56.086, 56.137, 57.029, 56.326, 55.283, 55.147, 56.105], [62.003, 60.975, 59.36, 58.593, 58.714, 57.709, 55.435, 54.731, 54.986, 56.069, 56.355, 55.954, 57.001, 57.272, 56.969, 55.259, 53.101, 52.386, 52.724, 52.738, 52.345, 51.793, 49.376, 45.546, 44.32, 42.631, 42.334, 42.663, 42.39, 41.264, 40.42, 38.822, 36.328, 34.871, 33.945, 33.235, 31.02, 28.608, 28.12, 26.82, 23.957, 21.417, 20.016, 19.969, 20.044, 19.267, 18.251, 17.975, 17.177, 15.445, 11.08, 4.853, 0.0, 2.926, 5.219, 7.641, 12.501, 23.445, 30.421, 31.138, 33.719, 38.407, 41.04, 42.191, 41.074, 39.847, 40.778, 41.734, 41.986, 42.494, 45.119, 47.845, 49.445, 51.372, 54.157, 56.114, 58.71, 61.501, 58.819, 55.326, 55.241, 56.2, 55.515, 54.432, 54.343, 55.471], [61.477, 60.443, 58.854, 58.102, 58.219, 57.226, 54.946, 54.268, 54.552, 55.617, 55.898, 55.527, 56.632, 56.912, 56.605, 54.926, 52.859, 52.241, 52.676, 52.773, 52.471, 51.933, 49.582, 46.025, 45.041, 43.369, 42.971, 43.309, 43.067, 41.94, 40.984, 39.307, 36.804, 35.35, 34.415, 33.684, 31.437, 29.031, 28.57, 27.334, 24.633, 22.232, 20.888, 20.846, 20.898, 20.212, 19.405, 19.223, 18.476, 16.859, 12.799, 7.161, 2.926, 0.0, 3.269, 6.361, 11.709, 22.756, 29.63, 30.305, 32.916, 37.537, 40.181, 41.416, 40.476, 39.589, 40.744, 41.74, 41.984, 42.47, 45.095, 47.818, 49.39, 51.267, 53.977, 55.883, 58.507, 61.363, 58.727, 55.138, 54.943, 55.905, 55.238, 54.142, 54.036, 55.189], [61.665, 60.625, 59.049, 58.293, 58.402, 57.397, 55.072, 54.369, 54.652, 55.696, 55.958, 55.63, 56.783, 57.073, 56.773, 55.088, 53.03, 52.391, 52.794, 52.875, 52.65, 52.169, 49.789, 46.439, 45.633, 43.962, 43.433, 43.639, 43.334, 42.184, 41.187, 39.518, 37.063, 35.644, 34.747, 34.09, 31.84, 29.416, 28.956, 27.816, 25.354, 23.159, 21.898, 21.815, 21.853, 21.235, 20.515, 20.331, 19.517, 17.822, 13.744, 8.463, 5.219, 3.269, 0.0, 4.276, 11.051, 22.256, 29.147, 29.806, 32.528, 37.3, 39.996, 41.263, 40.372, 39.6, 40.836, 41.858, 42.079, 42.531, 45.198, 47.974, 49.563, 51.369, 53.965, 55.822, 58.481, 61.39, 58.754, 55.079, 54.789, 55.719, 55.062, 53.973, 53.856, 55.01], [62.483, 61.391, 59.74, 58.916, 59.002, 58.057, 55.834, 55.277, 55.679, 56.744, 56.959, 56.628, 57.828, 58.145, 57.835, 56.144, 54.071, 53.433, 53.88, 53.984, 53.792, 53.463, 51.183, 47.629, 46.795, 45.23, 44.773, 45.035, 44.721, 43.527, 42.605, 41.109, 38.758, 37.398, 36.56, 35.95, 33.657, 31.233, 30.759, 29.637, 27.321, 25.067, 23.49, 23.379, 23.469, 22.834, 21.835, 21.22, 20.47, 18.983, 15.089, 10.298, 7.641, 6.361, 4.276, 0.0, 8.31, 20.901, 28.191, 28.836, 31.658, 36.611, 39.417, 40.77, 39.841, 39.006, 40.385, 41.553, 41.822, 42.367, 45.059, 47.64, 49.105, 50.835, 53.351, 55.198, 57.951, 61.004, 58.479, 54.882, 54.652, 55.653, 55.049, 53.958, 53.868, 55.121], [62.043, 60.859, 59.165, 58.318, 58.368, 57.643, 55.807, 55.659, 56.31, 57.504, 57.708, 57.33, 58.505, 58.8, 58.504, 56.939, 55.092, 54.6, 55.183, 55.382, 55.276, 55.092, 53.467, 50.332, 49.424, 47.868, 47.915, 48.487, 48.213, 47.071, 46.422, 45.187, 42.913, 41.547, 40.682, 40.097, 37.824, 35.361, 34.83, 33.513, 30.967, 28.528, 26.411, 25.983, 26.104, 25.326, 24.214, 23.184, 22.618, 21.81, 18.393, 14.452, 12.501, 11.709, 11.051, 8.31, 0.0, 14.603, 23.297, 24.227, 26.904, 32.405, 35.801, 37.521, 36.351, 34.939, 36.441, 37.964, 38.399, 39.161, 41.856, 44.014, 45.228, 47.029, 49.698, 51.601, 54.679, 58.244, 56.01, 52.732, 52.85, 54.126, 53.628, 52.487, 52.467, 53.996], [59.706, 58.497, 57.022, 56.358, 56.361, 55.97, 54.909, 55.447, 56.296, 57.689, 57.948, 57.648, 58.838, 59.07, 58.838, 57.461, 56.254, 56.244, 56.95, 57.161, 57.29, 57.128, 56.654, 56.15, 56.112, 54.398, 54.866, 55.565, 55.322, 54.474, 54.115, 52.963, 50.714, 49.257, 48.219, 47.766, 45.969, 43.653, 43.045, 41.609, 38.822, 36.674, 34.796, 33.984, 34.062, 33.32, 32.966, 32.326, 31.981, 31.871, 28.624, 24.948, 23.445, 22.756, 22.256, 20.901, 14.603, 0.0, 10.983, 13.257, 15.37, 22.613, 27.702, 30.386, 28.982, 26.974, 28.995, 31.174, 31.991, 32.865, 35.28, 37.015, 38.064, 40.208, 43.381, 45.456, 49.097, 53.487, 51.755, 48.891, 49.309, 50.895, 50.472, 49.301, 49.525, 51.543], [57.64, 56.425, 55.043, 54.459, 54.414, 54.236, 53.809, 54.962, 56.033, 57.554, 57.84, 57.683, 58.93, 59.162, 58.945, 57.771, 57.204, 57.778, 58.692, 58.881, 59.026, 58.773, 58.692, 59.731, 60.784, 59.202, 59.688, 60.678, 60.733, 60.1, 59.744, 58.509, 56.231, 54.683, 53.515, 53.111, 51.565, 49.342, 48.761, 47.429, 44.676, 42.706, 41.209, 40.577, 40.63, 40.112, 40.275, 39.898, 39.779, 39.849, 36.372, 32.222, 30.421, 29.63, 29.147, 28.191, 23.297, 10.983, 0.0, 4.314, 6.829, 14.764, 20.984, 24.727, 24.051, 23.809, 27.637, 30.474, 31.625, 32.455, 34.299, 35.402, 35.707, 37.501, 40.683, 42.766, 46.355, 50.943, 49.942, 47.652, 48.046, 49.669, 49.272, 48.161, 48.63, 50.928], [58.074, 56.866, 55.453, 54.811, 54.747, 54.578, 54.149, 55.345, 56.482, 58.024, 58.298, 58.168, 59.438, 59.683, 59.456, 58.312, 57.826, 58.475, 59.439, 59.625, 59.734, 59.446, 59.259, 60.234, 61.425, 59.98, 60.47, 