[[0.0, 5.864, 10.095, 17.413, 21.801, 28.069, 30.752, 32.976, 36.107, 37.362, 36.681, 36.709, 39.429, 46.189, 49.904, 50.385, 50.604, 51.307, 51.371, 53.037, 56.783, 57.433, 58.453, 58.957, 58.781, 58.56, 59.031, 59.305, 58.725, 58.366, 59.593, 61.953, 63.516, 64.677, 67.698, 68.873, 67.621, 69.046, 70.224, 69.805, 69.497, 69.278, 67.822, 65.119, 64.094, 64.308, 64.45, 64.415, 64.012, 64.836, 65.501, 65.535, 65.591, 65.518, 65.032, 65.998, 66.375, 66.18, 65.425, 65.16, 65.221, 65.944, 67.56, 68.638, 68.864, 69.757, 70.718, 71.835, 73.554, 73.872, 74.283, 77.339, 79.892, 80.415, 80.724, 81.541, 81.557, 80.327, 79.878, 81.797, 83.947, 85.793, 87.361, 87.993, 88.377, 86.72], [5.864, 0.0, 8.082, 16.338, 21.363, 28.186, 31.072, 33.024, 35.495, 36.331, 35.569, 35.539, 38.304, 44.824, 48.406, 48.965, 49.249, 50.009, 50.103, 51.637, 55.332, 56.056, 57.031, 57.582, 57.425, 57.194, 57.73, 58.007, 57.422, 57.13, 58.332, 60.639, 62.2, 63.415, 66.689, 68.114, 66.806, 68.22, 69.444, 69.058, 68.747, 68.521, 67.095, 64.473, 63.485, 63.732, 63.952, 63.932, 63.508, 64.294, 64.949, 64.999, 65.067, 65.023, 64.64, 65.537, 65.803, 65.554, 64.784, 64.525, 64.586, 65.306, 66.901, 67.949, 68.202, 69.178, 70.212, 71.358, 73.088, 73.393, 73.845, 76.967, 79.533, 80.03, 80.329, 81.189, 81.212, 79.906, 79.443, 81.402, 83.564, 85.43, 87.013, 87.657, 88.05, 86.38], [10.095, 8.082, 0.0, 9.443, 15.124, 22.912, 26.039, 28.031, 30.758, 32.101, 31.606, 31.609, 34.242, 40.829, 44.547, 45.122, 45.402, 46.12, 46.207, 47.942, 51.832, 52.535, 53.631, 54.219, 54.052, 53.742, 54.161, 54.394, 53.817, 53.555, 55.013, 57.609, 59.377, 60.713, 63.855, 65.2, 64.504, 66.322, 67.532, 67.144, 66.858, 66.688, 65.315, 62.705, 61.641, 61.851, 62.014, 62.006, 61.581, 62.308, 62.916, 62.893, 62.954, 62.92, 62.459, 63.445, 63.859, 63.697, 62.961, 62.713, 62.772, 63.435, 64.985, 66.081, 66.328, 67.324, 68.368, 69.45, 71.16, 71.509, 71.905, 75.007, 77.548, 78.051, 78.357, 79.237, 79.223, 77.898, 77.409, 79.331, 81.499, 83.341, 84.903, 85.547, 85.942, 84.318], [17.413, 16.338, 9.443, 0.0, 7.827, 17.664, 21.035, 22.473, 24.973, 26.681, 26.594, 26.786, 29.645, 36.389, 40.103, 40.684, 41.015, 41.717, 41.757, 43.605, 47.799, 48.459, 49.502, 50.005, 49.807, 49.433, 49.737, 49.906, 49.337, 49.124, 50.936, 54.022, 56.252, 57.984, 61.176, 62.196, 62.064, 64.687, 65.984, 65.588, 65.305, 65.282, 64.01, 61.502, 60.4, 60.538, 60.602, 60.586, 60.169, 60.804, 61.339, 61.242, 61.25, 61.361, 60.891, 61.802, 62.395, 62.42, 61.742, 61.492, 61.54, 62.115, 63.577, 64.702, 65.003, 66.077, 67.174, 68.241, 69.911, 70.289, 70.661, 73.617, 76.059, 76.547, 76.856, 77.727, 77.679, 76.347, 75.861, 77.701, 79.814, 81.602, 83.164, 83.827, 84.205, 82.633], [21.801, 21.363, 15.124, 7.827, 0.0, 10.644, 14.454, 16.163, 19.649, 22.247, 22.512, 23.124, 26.723, 34.413, 38.362, 38.808, 39.151, 39.814, 39.796, 42.018, 46.606, 47.275, 48.409, 48.856, 48.655, 48.281, 48.37, 48.521, 47.958, 47.595, 49.471, 52.586, 54.813, 56.557, 59.577, 60.381, 60.653, 63.667, 65.015, 64.633, 64.431, 64.518, 63.278, 60.72, 59.519, 59.533, 59.445, 59.414, 59.015, 59.627, 60.113, 59.935, 59.843, 59.963, 59.345, 60.118, 60.789, 60.96, 60.376, 60.132, 60.204, 60.723, 62.121, 63.25, 63.519, 64.52, 65.56, 66.626, 68.324, 68.686, 68.999, 71.863, 74.225, 74.699, 74.989, 75.816, 75.743, 74.451, 73.969, 75.778, 77.866, 79.626, 81.199, 81.863, 82.237, 80.67], [28.069, 28.186, 22.912, 17.664, 10.644, 0.0, 4.752, 8.102, 14.116, 18.244, 18.962, 19.941, 24.063, 32.812, 37.106, 37.36, 37.637, 38.204, 38.151, 40.726, 45.645, 46.326, 47.569, 47.995, 47.801, 47.454, 47.276, 47.511, 47.142, 46.532, 48.197, 51.012, 53.066, 54.85, 57.778, 58.365, 59.114, 62.466, 63.803, 63.477, 63.4, 63.623, 62.421, 59.71, 58.317, 58.159, 57.858, 57.823, 57.448, 58.031, 58.472, 58.171, 57.848, 57.957, 57.061, 57.461, 58.115, 58.43, 57.981, 57.761, 57.83, 58.238, 59.502, 60.636, 60.887, 61.786, 62.737, 63.749, 65.397, 65.737, 65.986, 68.691, 70.917, 71.376, 71.65, 72.42, 72.307, 71.107, 70.638, 72.382, 74.425, 76.145, 77.722, 78.382, 78.751, 77.187], [30.752, 31.072, 26.039, 21.035, 14.454, 4.752, 0.0, 5.586, 12.777, 17.321, 18.123, 19.005, 22.957, 31.992, 36.441, 36.629, 36.825, 37.274, 37.195, 39.893, 44.941, 45.569, 46.84, 47.303, 47.097, 46.748, 46.515, 46.812, 46.584, 45.918, 47.477, 50.187, 52.246, 54.199, 57.256, 57.773, 58.734, 62.236, 63.536, 63.257, 63.268, 63.545, 62.33, 59.512, 58.007, 57.793, 57.394, 57.366, 57.017, 57.587, 58.014, 57.642, 57.156, 57.272, 56.18, 56.272, 56.867, 57.216, 56.814, 56.619, 56.659, 56.998, 58.183, 59.318, 59.573, 60.431, 61.341, 62.296, 63.842, 64.151, 64.388, 66.994, 69.149, 69.603, 69.882, 70.623, 70.489, 69.362, 68.911, 70.608, 72.627, 74.307, 75.877, 76.529, 76.889, 75.354], [32.976, 33.024, 28.031, 22.473, 16.163, 8.102, 5.586, 0.0, 8.396, 13.838, 15.14, 16.275, 20.843, 30.137, 34.704, 35.015, 35.245, 35.678, 35.546, 38.187, 43.38, 43.986, 45.166, 45.67, 45.472, 45.112, 44.927, 45.348, 45.281, 44.699, 46.304, 49.102, 51.414, 53.825, 57.333, 57.76, 58.686, 62.462, 63.829, 63.558, 63.522, 63.922, 62.797, 60.04, 58.526, 58.297, 57.841, 57.775, 57.417, 57.932, 58.336, 57.949, 57.409, 57.612, 56.514, 56.333, 56.803, 57.131, 56.717, 56.526, 56.517, 56.807, 57.922, 59.025, 59.358, 60.331, 61.346, 62.307, 63.716, 63.996, 64.31, 66.834, 68.94, 69.376, 69.66, 70.406, 70.254, 69.09, 68.638, 70.299, 72.293, 73.939, 75.512, 76.191, 76.542, 75.019], [36.107, 35.495, 30.758, 24.973, 19.649, 14.116, 12.777, 8.396, 0.0, 6.693, 9.238, 11.008, 16.646, 25.72, 30.251, 30.846, 31.211, 31.742, 31.656, 34.18, 39.521, 40.224, 41.291, 41.866, 41.685, 41.311, 41.181, 41.691, 41.847, 41.496, 43.224, 46.306, 49.018, 51.815, 55.75, 56.245, 57.12, 61.116, 62.561, 62.376, 62.342, 62.875, 61.973, 59.449, 57.995, 57.742, 57.319, 57.286, 56.882, 57.262, 57.608, 57.204, 56.626, 56.937, 55.993, 55.648, 56.035, 56.386, 55.998, 55.809, 55.789, 56.03, 56.997, 58.008, 58.391, 59.499, 60.638, 61.647, 63.007, 63.273, 63.687, 66.219, 68.269, 68.666, 68.953, 69.731, 69.571, 68.286, 67.818, 69.51, 71.483, 73.121, 74.717, 75.438, 75.797, 74.271], [37.362, 36.331, 32.101, 26.681, 22.247, 18.244, 17.321, 13.838, 6.693, 0.0, 3.778, 6.895, 14.695, 23.401, 27.542, 28.247, 28.748, 29.459, 29.488, 31.812, 37.218, 38.008, 39.0, 39.619, 39.473, 39.184, 39.115, 39.643, 39.882, 39.642, 41.344, 44.534, 47.442, 50.382, 54.575, 55.166, 55.798, 59.706, 61.129, 61.005, 60.99, 61.546, 60.736, 58.41, 57.054, 56.774, 56.308, 56.293, 55.906, 56.236, 56.546, 56.145, 55.509, 55.865, 55.065, 54.642, 54.967, 55.31, 54.942, 54.742, 54.741, 55.006, 55.908, 56.846, 57.229, 58.376, 59.591, 60.715, 62.136, 62.392, 62.896, 65.572, 67.654, 68.032, 68.335, 69.158, 69.022, 67.675, 67.226, 68.953, 70.916, 72.574, 74.197, 74.947, 75.316, 73.782], [36.681, 35.569, 31.606, 26.594, 22.512, 18.962, 18.123, 15.14, 9.238, 3.778, 0.0, 4.365, 13.671, 22.714, 26.806, 27.441, 27.935, 28.707, 28.779, 31.057, 36.514, 37.32, 38.361, 38.989, 38.865, 38.688, 38.709, 39.212, 39.422, 39.23, 40.924, 44.037, 46.842, 49.733, 54.079, 54.795, 55.278, 58.988, 60.364, 60.257, 60.268, 60.794, 59.955, 57.639, 56.332, 56.056, 55.564, 55.556, 55.199, 55.564, 55.882, 55.476, 54.814, 55.172, 54.349, 53.908, 54.227, 54.547, 54.177, 53.976, 53.983, 54.299, 55.23, 56.144, 56.49, 57.61, 58.824, 59.981, 61.426, 61.672, 62.197, 64.977, 67.12, 67.507, 67.819, 68.659, 68.542, 67.202, 66.763, 68.5, 70.469, 72.142, 73.779, 74.539, 74.912, 73.367], [36.709, 35.539, 31.609, 26.786, 23.124, 19.941, 19.005, 16.275, 11.008, 6.895, 4.365, 0.0, 10.36, 20.233, 24.752, 25.418, 25.832, 26.65, 26.745, 29.022, 34.627, 35.387, 36.467, 37.158, 37.046, 36.955, 37.146, 37.673, 37.905, 37.804, 39.577, 42.749, 45.601, 48.596, 53.131, 53.903, 54.366, 58.111, 59.521, 59.474, 59.543, 60.052, 59.188, 56.82, 55.512, 55.341, 54.989, 55.031, 54.665, 55.024, 55.361, 54.941, 54.263, 54.708, 53.892, 53.402, 53.725, 54.048, 53.664, 53.467, 53.449, 53.776, 54.73, 55.643, 56.006, 57.162, 58.388, 59.514, 60.921, 61.195, 61.758, 64.545, 66.699, 67.1, 67.426, 68.268, 68.161, 66.841, 66.4, 68.119, 70.073, 71.733, 73.362, 74.125, 74.49, 72.944], [39.429, 38.304, 34.242, 29.645, 26.723, 24.063, 22.957, 20.843, 16.646, 14.695, 13.671, 10.36, 0.0, 12.224, 18.26, 19.097, 19.3, 20.098, 20.186, 22.966, 29.173, 29.838, 31.175, 32.049, 31.962, 31.865, 32.192, 32.768, 33.206, 33.531, 35.681, 39.232, 42.311, 45.391, 50.019, 50.938, 51.675, 55.612, 57.125, 57.244, 57.539, 58.085, 57.318, 54.94, 53.535, 53.556, 53.83, 54.105, 53.689, 53.994, 54.396, 53.947, 53.332, 53.945, 53.095, 52.623, 53.018, 53.408, 53.04, 52.877, 52.883, 53.198, 54.02, 54.838, 55.243, 56.549, 57.794, 58.795, 60.216, 60.594, 61.134, 63.823, 65.921, 66.336, 66.679, 67.527, 67.355, 65.974, 65.484, 67.195, 69.131, 70.77, 72.394, 73.166, 73.505, 71.939], [46.189, 44.824, 40.829, 36.389, 34.413, 32.812, 31.992, 30.137, 25.72, 23.401, 22.714, 20.233, 12.224, 0.0, 7.486, 9.48, 10.039, 11.193, 11.697, 14.835, 21.371, 22.181, 24.052, 25.494, 25.691, 25.764, 26.29, 26.91, 27.766, 28.997, 31.674, 35.723, 39.327, 42.589, 47.447, 48.577, 49.585, 53.703, 55.205, 55.447, 55.882, 56.577, 56.18, 54.415, 53.176, 53.277, 54.017, 54.55, 54.127, 54.228, 54.547, 54.062, 53.527, 54.214, 53.549, 53.159, 53.637, 54.053, 53.72, 53.586, 53.633, 53.877, 54.374, 54.96, 55.412, 56.851, 58.16, 59.073, 60.412, 60.864, 61.378, 63.905, 65.854, 66.251, 66.606, 67.484, 67.215, 65.549, 64.99, 66.648, 68.472, 70.071, 71.692, 72.514, 72.862, 71.298], [49.904, 48.406, 44.547, 40.103, 38.362, 37.106, 36.441, 34.704, 30.251, 27.542, 26.806, 24.752, 18.26, 7.486, 0.0, 3.79, 5.697, 8.06, 9.065, 11.772, 17.937, 18.847, 20.961, 22.557, 23.085, 23.421, 23.953, 24.433, 25.332, 27.021, 29.919, 34.101, 37.93, 41.245, 46.185, 47.412, 48.472, 52.684, 54.142, 54.371, 54.806, 55.645, 55.527, 54.211, 53.111, 53.176, 54.012, 54.623, 54.287, 54.316, 54.537, 54.037, 53.566, 54.299, 53.821, 53.577, 54.195, 54.693, 54.383, 54.242, 54.334, 54.548, 54.877, 55.338, 55.82, 57.344, 58.697, 59.651, 61.08, 61.589, 62.072, 64.548, 66.429, 66.822, 67.185, 68.063, 67.746, 65.956, 65.385, 66.989, 68.718, 70.303, 71.945, 72.808, 73.177, 71.637], [50.385, 48.965, 45.122, 40.684, 38.808, 37.36, 36.629, 35.015, 30.846, 28.247, 27.441, 25.418, 19.097, 9.48, 3.79, 0.0, 3.135, 6.64, 7.806, 10.935, 17.378, 18.129, 20.258, 21.84, 22.457, 22.901, 23.345, 23.75, 24.603, 26.32, 29.237, 33.38, 37.158, 40.403, 45.337, 46.601, 47.796, 52.06, 53.49, 53.701, 54.18, 55.087, 55.026, 53.738, 52.637, 52.658, 53.53, 54.174, 53.911, 54.031, 54.265, 53.757, 53.281, 54.037, 53.558, 53.338, 54.041, 54.6, 54.313, 54.179, 54.299, 54.506, 54.807, 55.248, 55.735, 57.261, 58.587, 59.548, 61.03, 61.559, 62.001, 64.453, 66.319, 66.728, 67.102, 67.937, 67.601, 65.824, 65.249, 66.84, 68.552, 70.128, 71.778, 72.648, 73.022, 71.482], [50.604, 49.249, 45.402, 41.015, 39.151, 37.637, 36.825, 35.245, 31.211, 28.748, 27.935, 25.832, 19.3, 10.039, 5.697, 3.135, 0.0, 4.253, 5.795, 9.515, 16.286, 16.977, 19.373, 21.073, 21.686, 22.147, 22.628, 23.071, 23.974, 25.771, 28.793, 32.98, 36.74, 39.98, 44.949, 46.255, 47.517, 51.813, 53.268, 53.503, 54.022, 54.944, 54.898, 53.577, 52.45, 52.478, 53.408, 54.086, 53.823, 53.992, 54.273, 53.777, 53.303, 54.046, 53.532, 53.296, 54.006, 54.575, 54.292, 54.167, 54.281, 54.475, 54.772, 55.212, 55.712, 57.25, 58.564, 59.506, 60.977, 61.507, 61.937, 64.371, 66.229, 66.641, 67.021, 67.848, 67.507, 65.741, 65.157, 66.732, 68.434, 69.999, 71.644, 72.508, 72.886, 71.345], [51.307, 50.009, 46.12, 41.717, 39.814, 38.204, 37.274, 35.678, 31.742, 29.459, 28.707, 26.65, 20.098, 11.193, 8.06, 6.64, 4.253, 0.0, 2.766, 8.12, 15.145, 15.966, 18.865, 20.735, 21.222, 21.641, 22.214, 22.757, 23.734, 25.567, 28.669, 32.805, 36.469, 39.737, 44.829, 46.189, 47.578, 51.947, 53.435, 53.72, 54.296, 55.236, 55.214, 53.863, 52.692, 52.73, 53.697, 54.4, 54.119, 54.281, 54.574, 54.069, 53.574, 54.284, 53.638, 53.269, 53.938, 54.514, 54.249, 54.131, 54.214, 54.36, 54.619, 55.042, 55.537, 57.073, 58.365, 59.236, 60.617, 61.126, 61.54, 63.899, 65.706, 66.103, 66.48, 67.311, 66.957, 65.188, 64.596, 66.148, 67.833, 69.372, 71.006, 71.856, 72.236, 70.704], [51.371, 50.103, 46.207, 41.757, 39.796, 38.151, 37.195, 35.546, 31.656, 29.488, 28.779, 26.745, 20.186, 11.697, 9.065, 7.806, 5.795, 2.766, 0.0, 7.426, 15.012, 15.909, 18.76, 20.592, 21.069, 21.389, 21.936, 22.536, 23.431, 25.14, 28.21, 32.306, 35.946, 39.296, 44.501, 45.84, 47.264, 51.776, 53.327, 53.621, 54.214, 55.161, 55.121, 53.721, 52.508, 52.572, 53.583, 54.271, 53.966, 54.12, 54.407, 53.898, 53.475, 54.225, 53.511, 53.101, 53.763, 54.345, 54.072, 53.966, 54.054, 54.18, 54.452, 54.901, 55.419, 56.973, 58.253, 59.087, 60.441, 60.947, 61.347, 63.64, 65.415, 65.803, 66.181, 67.02, 66.666, 64.89, 64.289, 65.853, 67.549, 69.085, 70.721, 71.57, 71.951, 70.413], [53.037, 51.637, 47.942, 43.605, 42.018, 40.726, 39.893, 38.187, 34.18, 31.812, 31.057, 29.022, 22.966, 14.835, 11.772, 10.935, 9.515, 8.12, 7.426, 0.0, 8.555, 10.135, 13.118, 15.373, 16.032, 16.65, 17.742, 18.788, 20.022, 22.049, 25.025, 29.336, 33.56, 37.577, 43.415, 44.815, 46.065, 50.911, 52.593, 52.883, 53.35, 54.308, 54.323, 53.039, 51.872, 51.999, 53.12, 53.797, 53.475, 53.569, 53.83, 53.317, 52.985, 53.997, 53.474, 53.031, 53.688, 54.278, 53.978, 53.878, 53.944, 54.034, 54.291, 54.766, 55.443, 57.168, 58.566, 59.433, 60.766, 61.302, 61.75, 64.014, 65.758, 66.138, 66.545, 67.451, 67.149, 65.352, 64.789, 66.307, 67.924, 69.456, 71.07, 71.923, 72.293, 70.75], [56.783, 55.332, 51.832, 47.799, 46.606, 45.645, 44.941, 43.38, 39.521, 37.218, 36.514, 34.627, 29.173, 21.371, 17.937, 17.378, 16.286, 15.145, 15.012, 8.555, 0.0, 4.569, 9.656, 12.737, 13.612, 14.659, 16.46, 17.875, 19.483, 21.956, 24.789, 29.019, 33.467, 37.779, 43.994, 45.621, 46.794, 51.695, 53.41, 53.714, 54.075, 55.044, 55.207, 54.114, 53.002, 53.167, 54.388, 55.084, 54.75, 54.754, 54.986, 54.474, 54.206, 55.385, 55.009, 54.572, 55.244, 55.845, 55.548, 55.455, 55.498, 55.552, 55.74, 56.176, 56.944, 58.777, 60.224, 61.04, 62.287, 62.857, 63.295, 65.461, 67.139, 67.517, 67.946, 68.888, 68.625, 66.825, 66.28, 67.7, 69.184, 70.679, 72.256, 73.107, 73.477, 71.962], [57.433, 56.056, 52.535, 48.459, 47.275, 46.326, 45.569, 43.986, 40.224, 38.008, 37.32, 35.387, 29.838, 22.181, 18.847, 18.129, 16.977, 15.966, 15.909, 10.135, 4.569, 0.0, 7.353, 11.428, 12.649, 14.058, 15.98, 17.404, 19.206, 21.754, 24.664, 29.094, 33.679, 38.082, 44.329, 45.942, 47.136, 51.977, 53.617, 53.928, 54.318, 55.333, 55.501, 54.369, 53.251, 53.417, 54.615, 55.325, 55.043, 55.071, 55.335, 54.835, 54.502, 55.729, 55.387, 54.891, 55.538, 56.102, 55.795, 55.702, 55.739, 55.807, 56.011, 56.463, 57.23, 59.028, 60.457, 61.291, 62.538, 63.118, 63.598, 65.783, 67.461, 67.853, 68.284, 69.157, 68.889, 67.144, 66.616, 68.016, 69.482, 70.954, 72.53, 73.385, 73.729, 72.221], [58.453, 57.031, 53.631, 49.502, 48.409, 47.569, 46.84, 45.166, 41.291, 39.0, 38.361, 36.467, 31.175, 24.052, 20.961, 20.258, 19.373, 18.865, 18.76, 13.118, 9.656, 7.353, 0.0, 5.771, 7.874, 9.78, 12.302, 14.015, 16.31, 19.36, 22.11, 26.77, 31.926, 36.735, 43.181, 44.72, 45.948, 51.117, 52.798, 53.102, 53.458, 54.517, 54.695, 53.689, 52.677, 52.831, 54.066, 54.757, 54.522, 54.541, 54.76, 54.229, 53.878, 55.326, 55.198, 54.717, 55.525, 56.222, 55.93, 55.831, 55.864, 55.89, 56.034, 56.446, 57.271, 59.154, 60.63, 61.56, 62.937, 63.552, 64.09, 66.279, 67.895, 68.285, 68.743, 69.599, 69.362, 67.599, 67.102, 68.549, 70.008, 71.482, 73.044, 73.903, 74.217, 72.713], [58.957, 57.582, 54.219, 50.005, 48.856, 47.995, 47.303, 45.67, 41.866, 39.619, 38.989, 37.158, 32.049, 25.494, 22.557, 21.84, 21.073, 20.735, 20.592, 15.373, 12.737, 11.428, 5.771, 0.0, 3.529, 7.011, 9.785, 11.1, 13.334, 17.138, 20.627, 25.669, 30.87, 35.517, 41.661, 43.073, 44.451, 49.945, 51.734, 52.028, 52.422, 53.546, 53.77, 52.85, 51.888, 52.011, 53.281, 53.966, 53.745, 53.769, 53.949, 53.399, 53.152, 54.759, 54.8, 54.558, 55.678, 56.656, 56.436, 56.304, 56.354, 56.389, 56.514, 56.881, 57.673, 59.566, 61.02, 62.014, 63.618, 64.301, 64.806, 66.999, 68.593, 68.979, 69.433, 70.285, 70.061, 68.306, 67.816, 69.279, 70.734, 72.215, 73.785, 74.644, 74.962, 73.478], [58.781, 57.425, 54.052, 49.807, 48.655, 47.801, 47.097, 45.472, 41.685, 39.473, 38.865, 37.046, 31.962, 25.691, 23.085, 22.457, 21.686, 21.222, 21.069, 16.032, 13.612, 12.649, 7.874, 3.529, 0.0, 4.889, 8.445, 10.028, 12.425, 16.367, 20.085, 25.367, 30.65, 35.307, 41.373, 42.724, 44.176, 49.776, 51.6, 51.897, 52.284, 53.381, 53.558, 52.582, 51.619, 51.737, 53.012, 53.696, 53.463, 53.499, 53.677, 53.128, 52.897, 54.535, 54.607, 54.402, 55.571, 56.644, 56.483, 56.361, 56.398, 56.429, 56.579, 56.964, 57.744, 59.626, 61.08, 62.098, 63.765, 64.462, 64.963, 67.172, 68.781, 69.168, 69.621, 70.472, 70.26, 68.53, 68.043, 69.515, 70.972, 72.451, 74.018, 74.871, 75.195, 73.712], [58.56, 57.194, 53.742, 49.433, 48.281, 47.454, 46.748, 45.112, 41.311, 39.184, 38.688, 36.955, 31.865, 25.764, 23.421, 22.901, 22.147, 21.641, 21.389, 16.65, 14.659, 14.058, 9.78, 7.011, 4.889, 0.0, 5.146, 8.198, 11.04, 14.957, 18.707, 24.396, 30.044, 34.822, 40.835, 42.167, 43.767, 49.516, 51.359, 51.609, 51.948, 53.016, 53.146, 52.124, 51.128, 51.235, 52.533, 53.19, 52.912, 52.922, 53.086, 52.539, 52.305, 53.911, 53.96, 53.796, 54.987, 56.08, 55.945, 55.922, 56.047, 56.043, 56.207, 56.658, 57.463, 59.379, 60.853, 61.871, 63.563, 64.258, 64.723, 66.899, 68.492, 68.879, 69.349, 70.236, 70.034, 68.306, 67.813, 69.325, 70.81, 72.296, 73.855, 74.707, 75.036, 73.53], [59.031, 57.73, 54.161, 49.737, 48.37, 47.276, 46.515, 44.927, 41.181, 39.115, 38.709, 37.146, 32.192, 26.29, 23.953, 23.345, 22.628, 22.214, 21.936, 17.742, 16.46, 15.98, 12.302, 9.785, 8.445, 5.146, 0.0, 4.585, 8.305, 12.701, 17.048, 23.185, 28.928, 33.343, 38.865, 40.192, 42.071, 47.801, 49.553, 49.777, 50.178, 51.354, 51.607, 50.702, 49.726, 49.749, 51.03, 51.695, 51.429, 51.437, 51.578, 51.038, 50.85, 52.411, 52.561, 52.671, 54.024, 55.203, 55.11, 55.144, 55.468, 55.493, 55.583, 56.036, 56.79, 58.671, 60.118, 61.167, 63.02, 63.758, 64.18, 66.417, 68.012, 68.407, 68.879, 69.761, 69.533, 67.809, 67.309, 68.858, 70.37, 71.864, 73.423, 74.275, 74.607, 73.1], [59.305, 58.007, 54.394, 49.906, 48.521, 47.511, 46.812, 45.348, 41.691, 39.643, 39.212, 37.673, 32.768, 26.91, 24.433, 23.75, 23.071, 22.757, 22.536, 18.788, 17.875, 17.404, 14.015, 11.1, 10.028, 8.198, 4.585, 0.0, 5.36, 11.631, 16.918, 23.258, 28.668, 32.462, 37.487, 38.956, 41.005, 46.543, 48.171, 48.408, 48.919, 50.162, 50.553, 49.839, 48.973, 48.963, 50.265, 50.975, 50.756, 50.815, 50.962, 50.447, 50.359, 51.914, 52.261, 52.714, 54.244, 55.483, 55.4, 55.39, 55.791, 55.897, 55.95, 56.341, 57.005, 58.841, 60.257, 61.331, 63.309, 64.086, 64.482, 66.805, 68.439, 68.849, 69.315, 70.18, 69.932, 68.202, 67.693, 69.273, 70.812, 72.32, 73.884, 74.735, 75.069, 73.583], [58.725, 57.422, 53.817, 49.337, 47.958, 47.142, 46.584, 45.281, 41.847, 39.882, 39.422, 37.905, 33.206, 27.766, 25.332, 24.603, 23.974, 23.734, 23.431, 20.022, 19.483, 19.206, 16.31, 13.334, 12.425, 11.04, 8.305, 5.36, 0.0, 8.247, 15.092, 22.046, 27.381, 30.778, 35.433, 36.87, 38.858, 44.581, 46.381, 46.612, 47.145, 48.398, 48.806, 48.146, 47.347, 47.438, 48.894, 49.628, 49.363, 49.458, 49.598, 49.133, 49.286, 50.825, 51.3, 52.178, 53.9, 55.166, 55.005, 54.99, 55.483, 55.649, 55.931, 56.492, 57.184, 59.023, 60.425, 61.537, 63.647, 64.484, 64.861, 67.204, 68.879, 69.309, 69.778, 70.648, 70.412, 68.651, 68.13, 69.767, 71.352, 72.908, 74.506, 75.361, 75.706, 74.198], [58.366, 57.13, 53.555, 49.124, 47.595, 46.532, 45.918, 44.699, 41.496, 39.642, 39.23, 37.804, 33.531, 28.997, 27.021, 26.32, 25.771, 25.567, 25.14, 22.049, 21.956, 21.754, 19.36, 17.138, 16.367, 14.957, 12.701, 11.631, 8.247, 0.0, 8.951, 17.436, 23.416, 27.312, 32.519, 33.933, 35.748, 41.925, 43.991, 44.234, 44.651, 45.83, 46.09, 45.257, 44.416, 44.605, 46.125, 46.864, 46.522, 46.561, 46.634, 46.232, 46.512, 48.042, 48.684, 49.879, 51.681, 52.95, 52.758, 52.861, 53.531, 53.698, 54.387, 55.502, 56.429, 58.354, 59.816, 60.988, 63.142, 64.007, 64.391, 66.725, 68.419, 68.862, 69.366, 70.264, 70.051, 68.321, 67.816, 69.514, 71.161, 72.76, 74.382, 75.235, 75.587, 74.023], [59.593, 58.332, 55.013, 50.936, 49.471, 48.197, 47.477, 46.304, 43.224, 41.344, 40.924, 39.577, 35.681, 31.674, 29.919, 29.237, 28.793, 28.669, 28.21, 25.025, 24.789, 24.664, 22.11, 20.627, 20.085, 18.707, 17.048, 16.918, 15.092, 8.951, 0.0, 9.894, 17.382, 22.832, 29.772, 31.49, 32.89, 39.361, 41.517, 41.762, 41.978, 43.0, 43.092, 42.187, 41.317, 41.546, 43.104, 43.82, 43.504, 43.471, 43.472, 43.064, 43.282, 45.014, 45.877, 46.947, 48.588, 49.792, 49.614, 49.852, 50.608, 50.709, 51.479, 52.934, 54.279, 56.494, 58.094, 59.301, 61.426, 62.3, 62.725, 65.018, 66.652, 67.09, 67.681, 68.658, 68.495, 66.778, 66.313, 68.062, 69.747, 71.37, 72.977, 73.839, 74.191, 72.6], [61.953, 60.639, 57.609, 54.022, 52.586, 51.012, 50.187, 49.102, 46.306, 44.534, 44.037, 42.749, 39.232, 35.723, 34.101, 33.38, 32.98, 32.805, 32.306, 29.336, 29.019, 29.094, 26.77, 25.669, 25.367, 24.396, 23.185, 23.258, 22.046, 17.436, 9.894, 0.0, 8.877, 16.654, 26.214, 28.535, 29.566, 36.198, 38.444, 38.718, 38.771, 39.69, 39.725, 38.84, 37.949, 38.178, 39.812, 40.482, 40.259, 40.246, 40.199, 39.73, 39.937, 41.914, 42.863, 43.695, 45.134, 46.243, 46.062, 46.332, 47.087, 47.119, 47.833, 49.379, 51.128, 53.811, 55.615, 56.826, 58.93, 59.861, 60.336, 62.573, 64.13, 64.552, 65.234, 66.301, 66.183, 64.441, 63.983, 65.763, 67.459, 69.095, 70.699, 71.59, 71.953, 70.375], [63.516, 62.2, 59.377, 56.252, 54.813, 53.066, 52.246, 51.414, 49.018, 47.442, 46.842, 45.601, 42.311, 39.327, 37.93, 37.158, 36.74, 36.469, 35.946, 33.56, 33.467, 33.679, 31.926, 30.87, 30.65, 30.044, 28.928, 28.668, 27.381, 23.416, 17.382, 8.877, 0.0, 9.851, 22.217, 25.931, 26.671, 32.744, 35.05, 35.455, 35.618, 36.529, 36.668, 35.835, 34.974, 35.153, 36.875, 37.547, 37.397, 37.524, 37.511, 37.075, 37.5, 39.571, 40.683, 41.752, 43.18, 44.28, 44.148, 44.397, 45.209, 45.279, 45.992, 47.522, 49.379, 52.365, 54.314, 55.57, 57.782, 58.767, 59.257, 61.58, 63.149, 63.556, 64.26, 65.351, 65.232, 63.479, 62.989, 64.842, 66.594, 68.266, 69.89, 70.791, 71.173, 69.608], [64.677, 63.415, 60.713, 57.984, 56.557, 54.85, 54.199, 53.825, 51.815, 50.382, 49.733, 48.596, 45.391, 42.589, 41.245, 40.403, 39.98, 39.737, 39.296, 37.577, 37.779, 38.082, 36.735, 35.517, 35.307, 34.822, 33.343, 32.462, 30.778, 27.312, 22.832, 16.654, 9.851, 0.0, 14.51, 20.888, 21.94, 26.955, 29.296, 29.876, 30.549, 31.565, 32.067, 31.774, 31.231, 31.285, 33.392, 34.273, 34.209, 34.519, 34.513, 34.271, 35.338, 37.292, 39.063, 41.423, 43.45, 44.852, 44.868, 45.044, 46.088, 46.304, 46.919, 48.272, 49.893, 52.787, 54.664, 56.129, 58.86, 59.929, 60.322, 62.91, 64.568, 64.979, 65.645, 66.682, 66.525, 64.746, 64.203, 66.171, 67.998, 69.706, 71.317, 72.179, 72.59, 71.028], [67.698, 66.689, 63.855, 61.176, 59.577, 57.778, 57.256, 57.333, 55.75, 54.575, 54.079, 53.131, 50.019, 47.447, 46.185, 45.337, 44.949, 44.829, 44.501, 43.415, 43.994, 44.329, 43.181, 41.661, 41.373, 40.835, 38.865, 37.487, 35.433, 32.519, 29.772, 26.214, 22.217, 14.51, 0.0, 10.548, 15.457, 20.579, 22.753, 23.356, 24.806, 25.97, 26.921, 27.471, 27.394, 27.332, 30.03, 31.353, 31.435, 31.784, 31.717, 31.686, 33.595, 35.272, 37.993, 42.332, 45.42, 47.412, 47.626, 47.604, 48.821, 49.116, 49.584, 50.775, 52.017, 54.54, 56.135, 57.802, 61.481, 62.864, 63.033, 65.792, 67.488, 67.915, 68.527, 69.456, 69.254, 67.535, 66.961, 68.955, 70.793, 72.458, 73.969, 74.749, 75.162, 73.673], [68.873, 68.114, 65.2, 62.196, 60.381, 58.365, 57.773, 57.76, 56.245, 55.166, 54.795, 53.903, 50.938, 48.577, 47.412, 46.601, 46.255, 46.189, 45.84, 44.815, 45.621, 45.942, 44.72, 43.073, 42.724, 42.167, 40.192, 38.956, 36.87, 33.933, 31.49, 28.535, 25.931, 20.888, 10.548, 0.0, 11.501, 20.448, 22.877, 23.223, 24.332, 25.629, 26.41, 26.821, 26.686, 26.782, 29.425, 30.739, 30.809, 31.04, 30.96, 30.855, 32.669, 34.364, 37.016, 41.462, 44.819, 47.026, 47.265, 47.118, 48.194, 48.429, 48.968, 50.282, 51.594, 54.092, 55.646, 57.236, 61.091, 62.775, 62.932, 65.424, 67.025, 67.467, 68.08, 68.965, 68.767, 67.11, 66.572, 68.45, 70.22, 71.823, 73.3, 74.075, 74.453, 73.003], [67.621, 66.806, 64.504, 62.064, 60.653, 59.114, 58.734, 58.686, 57.12, 55.798, 55.278, 54.366, 51.675, 49.585, 48.472, 47.796, 47.517, 47.578, 47.264, 46.065, 46.794, 47.136, 45.948, 44.451, 44.176, 43.767, 42.071, 41.005, 38.858, 35.748, 32.89, 29.566, 26.671, 21.94, 15.457, 11.501, 0.0, 12.514, 17.115, 17.829, 18.529, 19.941, 21.169, 22.2, 22.644, 23.246, 26.674, 28.031, 27.987, 28.234, 28.342, 28.718, 30.916, 32.736, 36.256, 41.053, 44.132, 46.122, 46.185, 45.942, 47.047, 47.492, 48.302, 49.729, 51.337, 54.189, 56.076, 57.957, 61.879, 63.62, 64.17, 67.011, 68.833, 69.31, 69.931, 70.855, 70.694, 68.982, 68.476, 70.426, 72.257, 73.961, 75.511, 76.328, 76.709, 75.178], [69.046, 68.22, 66.322, 64.687, 63.667, 62.466, 62.236, 62.462, 61.116, 59.706, 58.988, 58.111, 55.612, 53.703, 52.684, 52.06, 51.813, 51.947, 51.776, 50.911, 51.695, 51.977, 51.117, 49.945, 49.776, 49.516, 47.801, 46.543, 44.581, 41.925, 39.361, 36.198, 32.744, 26.955, 20.579, 20.448, 12.514, 0.0, 6.804, 9.027, 11.236, 12.941, 15.695, 18.373, 19.783, 20.328, 24.259, 26.038, 26.259, 26.66, 26.871, 27.583, 30.175, 31.644, 36.069, 41.901, 44.944, 46.704, 46.783, 46.499, 47.845, 48.543, 49.263, 50.488, 51.857, 54.582, 56.496, 58.662, 62.924, 64.64, 65.37, 68.903, 71.0, 71.503, 72.091, 72.984, 72.823, 71.136, 70.624, 72.669, 74.581, 76.313, 77.825, 78.616, 79.006, 77.498], [70.224, 69.444, 67.532, 65.984, 65.015, 63.803, 63.536, 63.829, 62.561, 61.129, 60.364, 59.521, 57.125, 55.205, 54.142, 53.49, 53.268, 53.435, 53.327, 52.593, 53.41, 53.617, 52.798, 51.734, 51.6, 51.359, 49.553, 48.171, 46.381, 43.991, 41.517, 38.444, 35.05, 29.296, 22.753, 22.877, 17.115, 6.804, 0.0, 4.26, 8.535, 10.818, 14.318, 17.676, 19.355, 19.522, 23.068, 25.074, 25.66, 26.172, 26.371, 26.987, 29.368, 30.739, 35.376, 41.402, 44.499, 46.223, 46.381, 46.11, 47.547, 48.28, 48.806, 49.878, 51.047, 53.595, 55.423, 57.611, 61.965, 63.686, 64.357, 68.041, 70.195, 70.727, 71.305, 72.148, 71.975, 70.337, 69.839, 71.842, 73.718, 75.407, 76.875, 77.657, 78.031, 76.568], [69.805, 69.058, 67.144, 65.588, 64.633, 63.477, 63.257, 63.558, 62.376, 61.005, 60.257, 59.474, 57.244, 55.447, 54.371, 53.701, 53.503, 53.72, 53.621, 52.883, 53.714, 53.928, 53.102, 52.028, 51.897, 51.609, 49.777, 48.408, 46.612, 44.234, 41.762, 38.718, 35.455, 29.876, 23.356, 23.223, 17.829, 9.027, 4.26, 0.0, 5.329, 8.478, 12.395, 16.224, 18.154, 18.155, 21.565, 23.516, 24.214, 24.874, 25.128, 25.846, 28.396, 29.763, 34.576, 40.833, 44.031, 45.774, 45.897, 45.609, 47.081, 47.845, 48.376, 49.445, 50.62, 53.187, 55.042, 57.272, 61.699, 63.441, 64.052, 67.744, 69.966, 70.568, 71.172, 72.014, 71.842, 70.179, 69.677, 71.677, 73.548, 75.246, 76.723, 77.511, 77.891, 76.403], [69.497, 68.747, 66.858, 65.305, 64.431, 63.4, 63.268, 63.522, 62.342, 60.99, 60.268, 59.543, 57.539, 55.882, 54.806, 54.18, 54.022, 54.296, 54.214, 53.35, 54.075, 54.318, 53.458, 52.422, 52.284, 51.948, 50.178, 48.919, 47.145, 44.651, 41.978, 38.771, 35.618, 30.549, 24.806, 24.332, 18.529, 11.236, 8.535, 5.329, 0.0, 5.016, 10.037, 14.678, 17.081, 17.104, 20.335, 22.066, 22.741, 23.386, 23.652, 24.588, 27.403, 28.867, 34.059, 40.582, 43.772, 45.447, 45.483, 45.148, 46.602, 47.388, 48.007, 49.175, 50.512, 53.292, 55.308, 57.594, 62.038, 63.816, 64.441, 68.145, 70.437, 71.107, 71.789, 72.704, 72.565, 70.866, 70.365, 72.364, 74.242, 75.967, 77.455, 78.257, 78.64, 77.129], [69.278, 68.521, 66.688, 65.282, 64.518, 63.623, 63.545, 63.922, 62.875, 61.546, 60.794, 60.052, 58.085, 56.577, 55.645, 55.087, 54.944, 55.236, 55.161, 54.308, 55.044, 55.333, 54.517, 53.546, 53.381, 53.016, 51.354, 50.162, 48.398, 45.83, 43.0, 39.69, 36.529, 31.565, 25.97, 25.629, 19.941, 12.941, 10.818, 8.478, 5.016, 0.0, 6.044, 11.985, 15.121, 15.433, 18.948, 20.687, 21.309, 21.942, 22.228, 23.33, 26.357, 27.782, 33.325, 40.181, 43.361, 44.953, 44.949, 44.605, 46.074, 46.895, 47.611, 48.876, 50.279, 53.117, 55.183, 57.532, 62.051, 63.835, 64.483, 68.292, 70.658, 71.348, 72.095, 73.128, 73.057, 71.369, 70.863, 72.897, 74.817, 76.569, 78.048, 78.831, 79.216, 77.694], [67.822, 67.095, 65.315, 64.01, 63.278, 62.421, 62.33, 62.797, 61.973, 60.736, 59.955, 59.188, 57.318, 56.18, 55.527, 55.026, 54.898, 55.214, 55.121, 54.323, 55.207, 55.501, 54.695, 53.77, 53.558, 53.146, 51.607, 50.553, 48.806, 46.09, 43.092, 39.725, 36.668, 32.067, 26.921, 26.41, 21.169, 15.695, 14.318, 12.395, 10.037, 6.044, 0.0, 7.393, 11.402, 12.109, 15.911, 17.657, 18.345, 19.178, 19.587, 20.825, 23.931, 25.37, 31.032, 38.031, 41.226, 42.784, 42.738, 42.403, 43.89, 44.772, 45.679, 47.135, 48.606, 51.411, 53.468, 55.873, 60.457, 62.226, 62.884, 66.794, 69.257, 69.969, 70.743, 71.849, 71.881, 70.267, 69.774, 71.857, 73.844, 75.618, 77.094, 77.851, 78.233, 76.685], [65.119, 64.473, 62.705, 61.502, 60.72, 59.71, 59.512, 60.04, 59.449, 58.41, 57.639, 56.82, 54.94, 54.415, 54.211, 53.738, 53.577, 53.863, 53.721, 53.039, 54.114, 54.369, 53.689, 52.85, 52.582, 52.124, 50.702, 49.839, 48.146, 45.257, 42.187, 38.84, 35.835, 31.774, 27.471, 26.821, 22.2, 18.373, 17.676, 16.224, 14.678, 11.985, 7.393, 0.0, 4.812, 6.442, 11.254, 13.315, 14.149, 15.452, 16.322, 17.538, 20.523, 22.156, 27.224, 34.076, 37.28, 38.841, 38.744, 38.429, 39.911, 40.853, 42.054, 43.797, 45.327, 48.116, 50.116, 52.442, 57.014, 58.775, 59.44, 63.428, 65.999, 66.723, 67.494, 68.593, 68.686, 67.296, 66.846, 68.944, 71.023, 72.811, 74.282, 75.009, 75.371, 73.814], [64.094, 63.485, 61.641, 60.4, 59.519, 58.317, 58.007, 58.526, 57.995, 57.054, 56.332, 55.512, 53.535, 53.176, 53.111, 52.637, 52.45, 52.692, 52.508, 51.872, 53.002, 53.251, 52.677, 51.888, 51.619, 51.128, 49.726, 48.973, 47.347, 44.416, 41.317, 37.949, 34.974, 31.231, 27.394, 26.686, 22.644, 19.783, 19.355, 18.154, 17.081, 15.121, 11.402, 4.812, 0.0, 3.811, 9.665, 11.851, 12.723, 14.092, 15.108, 16.089, 18.919, 20.643, 24.954, 31.546, 34.768, 36.37, 36.293, 36.032, 37.527, 38.446, 39.686, 41.55, 43.126, 45.931, 47.874, 50.107, 54.672, 56.438, 57.081, 61.059, 63.638, 64.338, 65.102, 66.197, 66.291, 65.014, 64.602, 66.67, 68.776, 70.562, 72.024, 72.739, 73.094, 71.544], [64.308, 63.732, 61.851, 60.538, 59.533, 58.159, 57.793, 58.297, 57.742, 56.774, 56.056, 55.341, 53.556, 53.277, 53.176, 52.658, 52.478, 52.73, 52.572, 51.999, 53.167, 53.417, 52.831, 52.011, 51.737, 51.235, 49.749, 48.963, 47.438, 44.605, 41.546, 38.178, 35.153, 31.285, 27.332, 26.782, 23.246, 20.328, 19.522, 18.155, 17.104, 15.433, 12.109, 6.442, 3.811, 0.0, 6.895, 9.516, 10.781, 12.498, 13.569, 14.59, 17.405, 19.196, 23.707, 30.48, 33.877, 35.625, 35.679, 35.448, 36.998, 37.914, 39.018, 40.801, 42.291, 45.038, 46.955, 49.23, 53.867, 55.611, 56.194, 60.205, 62.79, 63.506, 64.274, 65.346, 65.432, 64.172, 63.763, 65.849, 67.962, 69.737, 71.194, 71.91, 72.271, 70.727], [64.45, 63.952, 62.014, 60.602, 59.445, 57.858, 57.394, 57.841, 57.319, 56.308, 55.564, 54.989, 53.83, 54.017, 54.012, 53.53, 53.408, 53.697, 53.583, 53.12, 54.388, 54.615, 54.066, 53.281, 53.012, 52.533, 51.03, 50.265, 48.894, 46.125, 43.104, 39.812, 36.875, 33.392, 30.03, 29.425, 26.674, 24.259, 23.068, 21.565, 20.335, 18.948, 15.911, 11.254, 9.665, 6.895, 0.0, 3.893, 6.905, 9.322, 10.612, 11.721, 14.171, 16.085, 20.853, 27.843, 31.472, 33.362, 33.541, 33.312, 34.884, 35.857, 37.012, 38.883, 40.283, 42.912, 44.835, 47.202, 51.867, 53.584, 54.171, 58.293, 60.938, 61.689, 62.484, 63.563, 63.7, 62.585, 62.219, 64.309, 66.477, 68.239, 69.689, 70.405, 70.756, 69.252], [64.415, 63.932, 62.006, 60.586, 59.414, 57.823, 57.366, 57.775, 57.286, 56.293, 55.556, 55.031, 54.105, 54.55, 54.623, 54.174, 54.086, 54.4, 54.271, 53.797, 55.084, 55.325, 54.757, 53.966, 53.696, 53.19, 51.695, 50.975, 49.628, 46.864, 43.82, 40.482, 37.547, 34.273, 31.353, 30.739, 28.031, 26.038, 25.074, 23.516, 22.066, 20.687, 17.657, 13.315, 11.851, 9.516, 3.893, 0.0, 4.556, 7.595, 9.159, 10.506, 13.264, 15.337, 20.146, 27.209, 30.832, 32.701, 32.865, 32.624, 34.23, 35.255, 36.45, 38.359, 39.804, 42.493, 44.463, 46.862, 51.541, 53.25, 53.865, 58.027, 60.708, 61.468, 62.301, 63.452, 63.632, 62.532, 62.184, 64.287, 66.47, 68.275, 69.742, 70.459, 70.806, 69.299], [64.012, 63.508, 61.581, 60.169, 59.015, 57.448, 57.017, 57.417, 56.882, 55.906, 55.199, 54.665, 53.689, 54.127, 54.287, 53.911, 53.823, 54.119, 53.966, 53.475, 54.75, 55.043, 54.522, 53.745, 53.463, 52.912, 51.429, 50.756, 49.363, 46.522, 43.504, 40.259, 37.397, 34.209, 31.435, 30.809, 27.987, 26.259, 25.66, 24.214, 22.741, 21.309, 18.345, 14.149, 12.723, 10.781, 6.905, 4.556, 0.0, 4.256, 6.654, 8.436, 11.903, 14.116, 19.286, 26.662, 30.31, 32.183, 32.32, 32.075, 33.724, 34.741, 36.016, 38.02, 39.502, 42.237, 44.252, 46.655, 51.342, 53.063, 53.684, 57.849, 60.545, 61.305, 62.161, 63.379, 63.572, 62.422, 62.065, 64.23, 66.442, 68.325, 69.901, 70.636, 70.985, 69.46], [64.836, 64.294, 62.308, 60.804, 59.627, 58.031, 57.587, 57.932, 57.262, 56.236, 55.564, 55.024, 53.994, 54.228, 54.316, 54.031, 53.992, 54.281, 54.12, 53.569, 54.754, 55.071, 54.541, 53.769, 53.499, 52.922, 51.437, 50.815, 49.458, 46.561, 43.471, 40.246, 37.524, 34.519, 31.784, 31.04, 28.234, 26.66, 26.172, 24.874, 23.386, 21.942, 19.178, 15.452, 14.092, 12.498, 9.322, 7.595, 4.256, 0.0, 3.319, 5.685, 9.875, 12.507, 18.156, 25.815, 29.576, 31.556, 31.804, 31.629, 33.292, 34.236, 35.469, 37.532, 39.054, 41.831, 43.89, 46.303, 51.031, 52.791, 53.421, 57.58, 60.245, 60.994, 61.877, 63.154, 63.381, 62.23, 61.885, 64.041, 66.244, 68.129, 69.728, 70.485, 70.835, 69.332], [65.501, 64.949, 62.916, 61.339, 60.113, 58.472, 58.014, 58.336, 57.608, 56.546, 55.882, 55.361, 54.396, 54.547, 54.537, 54.265, 54.273, 54.574, 54.407, 53.83, 54.986, 55.335, 54.76, 53.949, 53.677, 53.086, 51.578, 50.962, 49.598, 46.634, 43.472, 40.199, 37.511, 34.513, 31.717, 30.96, 28.342, 26.871, 26.371, 25.128, 23.652, 22.228, 19.587, 16.322, 15.108, 13.569, 10.612, 9.159, 6.654, 3.319, 0.0, 3.556, 8.742, 11.351, 17.452, 25.444, 29.387, 31.505, 31.872, 31.773, 33.463, 34.35, 35.544, 37.63, 39.147, 41.905, 43.949, 46.363, 51.11, 52.873, 53.477, 57.611, 60.234, 60.966, 61.86, 63.151, 63.389, 62.217, 61.874, 64.031, 66.221, 68.102, 69.703, 70.468, 70.845, 69.359], [65.535, 64.999, 62.893, 61.242, 59.935, 58.171, 57.642, 57.949, 57.204, 56.145, 55.476, 54.941, 53.947, 54.062, 54.037, 53.757, 53.777, 54.069, 53.898, 53.317, 54.474, 54.835, 54.229, 53.399, 53.128, 52.539, 51.038, 50.447, 49.133, 46.232, 43.064, 39.73, 37.075, 34.271, 31.686, 30.855, 28.718, 27.583, 26.987, 25.846, 24.588, 23.33, 20.825, 17.538, 16.089, 14.59, 11.721, 10.506, 8.436, 5.685, 3.556, 0.0, 6.622, 9.828, 15.541, 23.613, 27.771, 30.019, 30.468, 30.394, 32.044, 32.865, 34.019, 36.115, 37.599, 40.338, 42.335, 44.681, 49.416, 51.192, 51.769, 55.867, 58.452, 59.178, 60.08, 61.381, 61.627, 60.474, 60.141, 62.283, 64.467, 66.327, 67.915, 68.68, 69.057, 67.62], [65.591, 65.067, 62.954, 61.25, 59.843, 57.848, 57.156, 57.409, 56.626, 55.509, 54.814, 54.263, 53.332, 53.527, 53.566, 53.281, 53.303, 53.574, 53.475, 52.985, 54.206, 54.502, 53.878, 53.152, 52.897, 52.305, 50.85, 50.359, 49.286, 46.512, 43.282, 39.937, 37.5, 35.338, 33.595, 32.669, 30.916, 30.175, 29.368, 28.396, 27.403, 26.357, 23.931, 20.523, 18.919, 17.405, 14.171, 13.264, 11.903, 9.875, 8.742, 6.622, 0.0, 6.112, 12.148, 19.323, 23.57, 26.108, 26.785, 26.839, 28.464, 29.218, 30.374, 32.589, 34.025, 36.709, 38.759, 41.165, 45.827, 47.565, 48.196, 52.303, 54.858, 55.595, 56.525, 57.828, 58.126, 57.084, 56.803, 58.942, 61.13, 62.982, 64.573, 65.352, 65.724, 64.281], [65.518, 65.023, 62.92, 61.361, 59.963, 57.957, 57.272, 57.612, 56.937, 55.865, 55.172, 54.708, 53.945, 54.214, 54.299, 54.037, 54.046, 54.284, 54.225, 53.997, 55.385, 55.729, 55.326, 54.759, 54.535, 53.911, 52.411, 51.914, 50.825, 48.042, 45.014, 41.914, 39.571, 37.292, 35.272, 34.364, 32.736, 31.644, 30.739, 29.763, 28.867, 27.782, 25.37, 22.156, 20.643, 19.196, 16.085, 15.337, 14.116, 12.507, 11.351, 9.828, 6.112, 0.0, 9.287, 18.172, 22.613, 25.166, 25.926, 26.056, 27.84, 28.688, 29.934, 32.208, 33.488, 35.999, 38.007, 40.429, 45.184, 46.897, 47.435, 51.628, 54.263, 55.005, 55.897, 57.196, 57.476, 56.369, 56.061, 58.312, 60.592, 62.498, 64.141, 64.927, 65.368, 63.912], [65.032, 64.64, 62.459, 60.891, 59.345, 57.061, 56.18, 56.514, 55.993, 55.065, 54.349, 53.892, 53.095, 53.549, 53.821, 53.558, 53.532, 53.638, 53.511, 53.474, 55.009, 55.387, 55.198, 54.8, 54.607, 53.96, 52.561, 52.261, 51.3, 48.684, 45.877, 42.863, 40.683, 39.063, 37.993, 37.016, 36.256, 36.069, 35.376, 34.576, 34.059, 33.325, 31.032, 27.224, 24.954, 23.707, 20.853, 20.146, 19.286, 18.156, 17.452, 15.541, 12.148, 9.287, 0.0, 11.189, 16.756, 19.666, 20.691, 21.035, 22.81, 23.571, 24.78, 27.174, 28.316, 30.599, 32.388, 34.542, 39.232, 40.987, 41.393, 45.566, 48.284, 49.043, 49.937, 51.283, 51.603, 50.65, 50.366, 52.545, 54.89, 56.806, 58.454, 59.234, 59.678, 58.277], [65.998, 65.537, 63.445, 61.802, 60.118, 57.461, 56.272, 56.333, 55.648, 54.642, 53.908, 53.402, 52.623, 53.159, 53.577, 53.338, 53.296, 53.269, 53.101, 53.031, 54.572, 54.891, 54.717, 54.558, 54.402, 53.796, 52.671, 52.714, 52.178, 49.879, 46.947, 43.695, 41.752, 41.423, 42.332, 41.462, 41.053, 41.901, 41.402, 40.833, 40.582, 40.181, 38.031, 34.076, 31.546, 30.48, 27.843, 27.209, 26.662, 25.815, 25.444, 23.613, 19.323, 18.172, 11.189, 0.0, 7.013, 11.277, 13.033, 13.813, 15.4, 15.801, 16.595, 19.158, 20.472, 22.796, 24.68, 26.735, 31.034, 32.712, 33.393, 37.53, 40.2, 40.91, 41.873, 43.277, 43.762, 43.042, 42.869, 44.945, 47.275, 49.18, 50.891, 51.711, 52.127, 50.679], [66.375, 65.803, 63.859, 62.395, 60.789, 58.115, 56.867, 56.803, 56.035, 54.967, 54.227, 53.725, 53.018, 53.637, 54.195, 54.041, 54.006, 53.938, 53.763, 53.688, 55.244, 55.538, 55.525, 55.678, 55.571, 54.987, 54.024, 54.244, 53.9, 51.681, 48.588, 45.134, 43.18, 43.45, 45.42, 44.819, 44.132, 44.944, 44.499, 44.031, 43.772, 43.361, 41.226, 37.28, 34.768, 33.877, 31.472, 30.832, 30.31, 29.576, 29.387, 27.771, 23.57, 22.613, 16.756, 7.013, 0.0, 5.207, 7.763, 9.205, 11.005, 11.404, 12.302, 15.391, 17.116, 19.666, 21.85, 23.927, 27.867, 29.458, 30.532, 34.879, 37.609, 38.244, 39.227, 40.745, 41.334, 40.635, 40.511, 42.62, 44.992, 46.935, 48.688, 49.533, 49.928, 48.411], [66.18, 65.554, 63.697, 62.42, 60.96, 58.43, 57.216, 57.131, 56.386, 55.31, 54.547, 54.048, 53.408, 54.053, 54.693, 54.6, 54.575, 54.514, 54.345, 54.278, 55.845, 56.102, 56.222, 56.656, 56.644, 56.08, 55.203, 55.483, 55.166, 52.95, 49.792, 46.243, 44.28, 44.852, 47.412, 47.026, 46.122, 46.704, 46.223, 45.774, 45.447, 44.953, 42.784, 38.841, 36.37, 35.625, 33.362, 32.701, 32.183, 31.556, 31.505, 30.019, 26.108, 25.166, 19.666, 11.277, 5.207, 0.0, 3.57, 6.228, 8.618, 9.302, 10.724, 14.346, 16.364, 18.95, 21.252, 23.218, 26.733, 28.251, 29.553, 34.098, 36.961, 37.603, 38.613, 40.218, 40.847, 40.13, 40.031, 42.167, 44.578, 46.561, 48.308, 49.147, 49.507, 47.957], [65.425, 64.784, 62.961, 61.742, 60.376, 57.981, 56.814, 56.717, 55.998, 54.942, 54.177, 53.664, 53.04, 53.72, 54.383, 54.313, 54.292, 54.249, 54.072, 53.978, 55.548, 55.795, 55.93, 56.436, 56.483, 55.945, 55.11, 55.4, 55.005, 52.758, 49.614, 46.062, 44.148, 44.868, 47.626, 47.265, 46.185, 46.783, 46.381, 45.897, 45.483, 44.949, 42.738, 38.744, 36.293, 35.679, 33.541, 32.865, 32.32, 31.804, 31.872, 30.468, 26.785, 25.926, 20.691, 13.033, 7.763, 3.57, 0.0, 3.721, 6.925, 8.048, 10.238, 14.218, 16.446, 19.163, 21.536, 23.457, 26.824, 28.332, 29.715, 34.277, 37.2, 37.876, 38.9, 40.516, 41.143, 40.392, 40.297, 42.463, 44.906, 46.925, 48.693, 49.525, 49.866, 48.287], [65.16, 64.525, 62.713, 61.492, 60.132, 57.761, 56.619, 56.526, 55.809, 54.742, 53.976, 53.467, 52.877, 53.586, 54.242, 54.179, 54.167, 54.131, 53.966, 53.87