[[0.0, 5.18, 10.373, 13.498, 13.608, 22.568, 29.9, 32.551, 35.705, 36.041, 35.994, 38.049, 41.39, 43.148, 43.843, 46.144, 53.611, 59.388, 60.996, 65.963, 69.869, 70.127, 70.727, 73.292, 73.579, 73.402, 74.164, 75.728, 76.744, 76.666, 76.625, 76.593, 76.638, 76.788, 76.945, 76.866, 77.274, 77.346, 77.151, 77.789, 79.043, 79.996, 80.11, 80.526, 81.16, 81.573, 82.211, 81.659, 79.948, 78.13, 76.345, 76.039, 75.683, 75.649, 75.904, 74.866, 74.434, 75.024, 75.978, 76.413, 76.54, 77.703, 79.552, 80.466, 80.272, 81.106, 81.664, 81.176, 80.846, 80.46, 80.25, 80.503, 80.72, 79.15, 76.583, 75.585, 74.839, 73.639, 73.373, 73.554, 73.569, 73.727, 74.081, 74.71, 75.129, 75.803], [5.18, 0.0, 6.24, 10.578, 11.986, 22.22, 29.787, 32.429, 35.489, 35.682, 35.493, 37.416, 40.758, 42.513, 43.139, 45.367, 52.79, 58.67, 60.392, 65.427, 69.363, 69.598, 70.049, 72.395, 72.609, 72.429, 73.221, 75.032, 76.251, 76.132, 76.055, 76.012, 76.094, 76.26, 76.461, 76.453, 76.894, 76.955, 76.754, 77.411, 78.651, 79.587, 79.713, 80.147, 80.772, 81.193, 81.851, 81.359, 79.707, 77.862, 76.04, 75.65, 75.195, 75.146, 75.383, 74.361, 73.939, 74.496, 75.38, 75.749, 75.895, 77.029, 78.853, 79.808, 79.634, 80.491, 81.063, 80.59, 80.255, 79.852, 79.657, 79.924, 80.138, 78.551, 75.952, 74.927, 74.177, 72.981, 72.724, 72.894, 72.848, 72.944, 73.284, 73.9, 74.334, 75.079], [10.373, 6.24, 0.0, 5.61, 10.155, 22.004, 29.741, 32.403, 35.311, 35.238, 34.795, 36.745, 40.144, 41.731, 42.224, 44.233, 51.283, 57.067, 58.901, 64.251, 68.442, 68.775, 69.218, 71.442, 71.675, 71.562, 72.319, 74.171, 75.418, 75.226, 75.133, 75.147, 75.311, 75.452, 75.645, 75.711, 76.234, 76.287, 76.059, 76.766, 77.995, 78.894, 79.018, 79.466, 80.088, 80.483, 81.111, 80.697, 79.116, 77.227, 75.438, 75.084, 74.558, 74.476, 74.692, 73.661, 73.24, 73.766, 74.567, 74.866, 74.984, 76.065, 77.901, 78.915, 78.77, 79.575, 80.097, 79.645, 79.303, 78.855, 78.634, 78.918, 79.133, 77.536, 74.911, 73.844, 73.121, 71.972, 71.728, 71.87, 71.751, 71.718, 72.019, 72.628, 73.024, 73.75], [13.498, 10.578, 5.61, 0.0, 8.513, 22.026, 30.015, 32.77, 35.661, 35.462, 34.979, 37.048, 40.351, 41.733, 42.093, 43.881, 50.693, 56.363, 58.198, 63.846, 68.317, 68.814, 69.419, 71.683, 71.944, 71.849, 72.54, 74.309, 75.484, 75.271, 75.189, 75.291, 75.516, 75.614, 75.772, 75.857, 76.468, 76.575, 76.329, 77.011, 78.198, 79.067, 79.192, 79.634, 80.241, 80.635, 81.274, 80.884, 79.31, 77.41, 75.719, 75.517, 75.015, 74.906, 75.13, 74.082, 73.671, 74.203, 74.989, 75.305, 75.398, 76.403, 78.167, 79.154, 79.013, 79.738, 80.2, 79.757, 79.414, 78.95, 78.678, 78.931, 79.154, 77.61, 75.058, 74.025, 73.32, 72.2, 71.969, 72.109, 71.985, 71.863, 72.111, 72.746, 73.07, 73.671], [13.608, 11.986, 10.155, 8.513, 0.0, 15.012, 23.892, 26.94, 30.278, 30.702, 30.763, 32.874, 36.186, 37.614, 38.035, 40.079, 47.4, 53.274, 54.971, 60.344, 64.781, 65.5, 66.524, 69.18, 69.553, 69.545, 70.395, 72.156, 73.224, 73.058, 73.045, 73.165, 73.343, 73.429, 73.598, 73.69, 74.368, 74.559, 74.245, 74.745, 75.902, 76.8, 76.884, 77.285, 77.973, 78.511, 79.235, 78.769, 77.131, 75.245, 73.489, 73.251, 72.741, 72.648, 72.933, 71.897, 71.517, 72.112, 72.979, 73.401, 73.56, 74.524, 76.203, 77.111, 76.947, 77.7, 78.184, 77.738, 77.43, 77.007, 76.723, 76.988, 77.287, 75.764, 73.269, 72.407, 71.768, 70.615, 70.361, 70.566, 70.554, 70.478, 70.698, 71.34, 71.736, 72.468], [22.568, 22.22, 22.004, 22.026, 15.012, 0.0, 9.726, 13.46, 17.539, 19.102, 19.995, 22.248, 26.16, 27.837, 28.444, 30.969, 39.045, 45.295, 46.796, 51.598, 56.017, 57.194, 59.017, 62.452, 63.179, 63.383, 64.488, 66.217, 67.135, 67.034, 67.189, 67.356, 67.455, 67.546, 67.783, 67.945, 68.707, 68.948, 68.535, 68.767, 69.754, 70.624, 70.629, 70.959, 71.797, 72.558, 73.407, 72.924, 71.38, 69.74, 68.01, 67.753, 67.285, 67.262, 67.654, 66.642, 66.303, 66.98, 67.951, 68.487, 68.62, 69.273, 70.782, 71.608, 71.405, 72.201, 72.697, 72.258, 72.019, 71.649, 71.332, 71.643, 72.092, 70.683, 68.37, 67.781, 67.296, 66.213, 65.983, 66.255, 66.376, 66.341, 66.45, 66.885, 67.263, 68.202], [29.9, 29.787, 29.741, 30.015, 23.892, 9.726, 0.0, 4.828, 10.085, 12.828, 14.149, 16.238, 20.794, 22.863, 23.67, 26.441, 34.894, 41.345, 42.594, 46.795, 51.159, 52.665, 55.032, 58.931, 59.878, 60.203, 61.452, 63.206, 64.077, 63.997, 64.262, 64.476, 64.558, 64.679, 64.966, 65.176, 65.976, 66.217, 65.724, 65.759, 66.586, 67.416, 67.388, 67.682, 68.602, 69.509, 70.474, 70.025, 68.614, 67.232, 65.601, 65.343, 64.909, 64.945, 65.379, 64.39, 64.097, 64.833, 65.854, 66.432, 66.53, 66.916, 68.276, 69.057, 68.827, 69.635, 70.123, 69.681, 69.481, 69.131, 68.776, 69.113, 69.658, 68.372, 66.244, 65.85, 65.47, 64.446, 64.231, 64.526, 64.726, 64.742, 64.789, 65.012, 65.285, 66.306], [32.551, 32.429, 32.403, 32.77, 26.94, 13.46, 4.828, 0.0, 6.678, 10.689, 12.295, 14.341, 19.267, 21.58, 22.613, 25.538, 34.039, 40.555, 41.637, 45.333, 49.538, 51.115, 53.626, 57.667, 58.709, 59.095, 60.348, 62.016, 62.917, 62.884, 63.173, 63.358, 63.386, 63.516, 63.829, 64.073, 64.905, 65.185, 64.722, 64.742, 65.543, 66.386, 66.374, 66.66, 67.613, 68.56, 69.553, 69.114, 67.774, 66.567, 65.069, 64.869, 64.453, 64.501, 64.935, 63.968, 63.68, 64.426, 65.47, 66.055, 66.091, 66.342, 67.655, 68.416, 68.182, 69.01, 69.511, 69.075, 68.889, 68.539, 68.184, 68.535, 69.111, 67.882, 65.813, 65.487, 65.171, 64.146, 63.882, 64.172, 64.433, 64.517, 64.572, 64.715, 64.942, 65.974], [35.705, 35.489, 35.311, 35.661, 30.278, 17.539, 10.085, 6.678, 0.0, 5.597, 8.31, 10.993, 16.524, 18.936, 20.176, 23.098, 31.278, 37.822, 38.863, 42.208, 46.2, 47.769, 50.481, 54.714, 55.881, 56.231, 57.337, 58.978, 60.267, 60.438, 60.757, 60.931, 60.861, 60.98, 61.313, 61.586, 62.473, 62.892, 62.592, 62.607, 63.057, 63.67, 63.658, 63.897, 64.769, 65.731, 66.82, 66.468, 65.271, 64.361, 63.397, 63.809, 63.562, 63.586, 64.068, 63.126, 62.786, 63.482, 64.504, 65.089, 64.817, 64.333, 65.087, 65.682, 65.388, 66.121, 66.581, 66.14, 65.967, 65.667, 65.308, 65.569, 66.116, 65.104, 63.347, 63.207, 63.019, 62.113, 61.904, 62.195, 62.479, 62.572, 62.569, 62.549, 62.524, 63.307], [36.041, 35.682, 35.238, 35.462, 30.702, 19.102, 12.828, 10.689, 5.597, 0.0, 4.141, 8.713, 14.803, 17.282, 18.601, 21.632, 30.025, 36.816, 38.049, 41.66, 45.572, 46.894, 49.454, 53.505, 54.576, 54.728, 55.686, 57.644, 59.416, 59.691, 59.986, 60.202, 60.15, 60.279, 60.587, 60.817, 61.68, 62.141, 61.982, 62.013, 62.122, 62.507, 62.508, 62.753, 63.456, 64.375, 65.654, 65.488, 64.399, 63.593, 62.983, 63.823, 63.649, 63.627, 64.098, 63.131, 62.745, 63.361, 64.308, 64.831, 64.369, 63.41, 63.728, 64.229, 63.881, 64.498, 64.901, 64.431, 64.223, 63.95, 63.6, 63.774, 64.279, 63.434, 61.884, 61.743, 61.543, 60.781, 60.711, 60.958, 61.117, 61.127, 61.089, 60.951, 60.639, 61.112], [35.994, 35.493, 34.795, 34.979, 30.763, 19.995, 14.149, 12.295, 8.31, 4.141, 0.0, 6.814, 14.118, 16.768, 18.001, 20.85, 29.134, 36.003, 37.379, 41.4, 45.707, 47.18, 49.688, 53.617, 54.683, 54.823, 55.785, 57.736, 59.377, 59.556, 59.859, 60.109, 60.097, 60.227, 60.534, 60.797, 61.674, 62.081, 61.917, 61.981, 62.078, 62.465, 62.492, 62.781, 63.521, 64.433, 65.682, 65.569, 64.544, 63.758, 63.152, 63.89, 63.65, 63.614, 64.042, 63.065, 62.677, 63.273, 64.184, 64.678, 64.231, 63.309, 63.754, 64.361, 64.041, 64.652, 65.039, 64.575, 64.353, 64.044, 63.671, 63.87, 64.399, 63.565, 61.989, 61.758, 61.52, 60.793, 60.748, 60.971, 61.058, 60.985, 60.933, 60.764, 60.362, 60.792], [38.049, 37.416, 36.745, 37.048, 32.874, 22.248, 16.238, 14.341, 10.993, 8.713, 6.814, 0.0, 8.689, 12.487, 14.124, 17.687, 26.823, 34.171, 35.602, 39.181, 43.596, 45.535, 48.285, 52.049, 52.987, 53.132, 54.398, 56.867, 58.662, 58.843, 59.127, 59.4, 59.505, 59.685, 60.028, 60.404, 61.395, 61.881, 61.636, 61.377, 61.297, 61.713, 61.758, 62.073, 62.949, 64.358, 66.1, 66.074, 65.068, 64.233, 63.517, 64.042, 63.625, 63.551, 63.957, 63.037, 62.648, 63.234, 64.101, 64.601, 64.332, 63.452, 63.748, 64.232, 63.835, 64.446, 64.818, 64.328, 64.086, 63.769, 63.419, 63.561, 64.124, 63.353, 61.903, 61.864, 61.641, 60.856, 60.801, 61.138, 61.343, 61.271, 61.175, 60.969, 60.614, 61.225], [41.39, 40.758, 40.144, 40.351, 36.186, 26.16, 20.794, 19.267, 16.524, 14.803, 14.118, 8.689, 0.0, 5.602, 8.859, 13.999, 24.552, 32.696, 34.252, 36.892, 40.858, 42.94, 45.812, 49.12, 49.693, 49.696, 51.175, 54.575, 57.048, 57.38, 57.594, 57.912, 58.2, 58.425, 58.782, 59.246, 60.339, 61.021, 60.783, 60.111, 59.721, 60.154, 60.247, 60.575, 61.425, 63.398, 66.155, 66.491, 65.497, 64.597, 63.886, 64.486, 64.017, 63.89, 64.3, 63.436, 62.997, 63.504, 64.29, 64.757, 64.574, 63.648, 63.557, 63.661, 63.032, 63.524, 63.821, 63.254, 62.945, 62.652, 62.405, 62.406, 62.957, 62.382, 61.184, 61.342, 61.107, 60.292, 60.252, 60.681, 61.017, 61.01, 60.874, 60.623, 60.302, 60.952], [43.148, 42.513, 41.731, 41.733, 37.614, 27.837, 22.863, 21.58, 18.936, 17.282, 16.768, 12.487, 5.602, 0.0, 5.058, 11.259, 22.252, 30.716, 32.587, 35.454, 39.655, 41.96, 45.032, 48.169, 48.627, 48.664, 50.136, 53.679, 56.237, 56.551, 56.74, 57.061, 57.355, 57.516, 57.886, 58.425, 59.566, 60.301, 60.055, 59.273, 58.787, 59.218, 59.324, 59.657, 60.479, 62.499, 65.487, 66.015, 65.045, 64.071, 63.348, 64.014, 63.568, 63.384, 63.776, 62.916, 62.425, 62.862, 63.574, 64.011, 63.834, 62.866, 62.686, 62.657, 61.935, 62.356, 62.6, 62.028, 61.694, 61.409, 61.222, 61.195, 61.756, 61.286, 60.175, 60.316, 60.074, 59.294, 59.269, 59.687, 60.039, 60.038, 59.89, 59.663, 59.386, 60.021], [43.843, 43.139, 42.224, 42.093, 38.035, 28.444, 23.67, 22.613, 20.176, 18.601, 18.001, 14.124, 8.859, 5.058, 0.0, 7.508, 20.072, 29.054, 31.152, 34.526, 39.163, 41.673, 44.863, 47.952, 48.403, 48.494, 49.982, 53.59, 56.103, 56.356, 56.566, 56.921, 57.228, 57.358, 57.707, 58.228, 59.388, 60.116, 59.827, 59.033, 58.551, 58.974, 59.067, 59.392, 60.218, 62.259, 65.221, 65.735, 64.793, 63.798, 63.042, 63.704, 63.273, 63.072, 63.447, 62.572, 62.084, 62.527, 63.195, 63.628, 63.458, 62.403, 62.21, 62.198, 61.505, 61.919, 62.152, 61.616, 61.306, 61.039, 60.849, 60.833, 61.414, 60.964, 59.873, 60.011, 59.793, 59.061, 59.066, 59.496, 59.836, 59.783, 59.604, 59.404, 59.14, 59.773], [46.144, 45.367, 44.233, 43.881, 40.079, 30.969, 26.441, 25.538, 23.098, 21.632, 20.85, 17.687, 13.999, 11.259, 7.508, 0.0, 14.105, 24.037, 26.412, 30.367, 35.8, 38.77, 42.275, 45.587, 46.227, 46.399, 47.807, 51.212, 53.577, 53.777, 54.065, 54.514, 54.855, 54.967, 55.31, 55.854, 57.114, 57.892, 57.573, 56.814, 56.384, 56.81, 56.892, 57.204, 58.084, 60.124, 63.1, 63.623, 62.742, 61.962, 61.407, 62.268, 61.988, 61.858, 62.302, 61.408, 60.914, 61.381, 62.066, 62.559, 62.223, 60.939, 60.866, 60.909, 60.247, 60.635, 60.839, 60.368, 60.121, 59.849, 59.57, 59.586, 60.221, 59.845, 58.869, 59.099, 58.962, 58.261, 58.262, 58.722, 59.098, 58.975, 58.72, 58.469, 58.121, 58.678], [53.611, 52.79, 51.283, 50.693, 47.4, 39.045, 34.894, 34.039, 31.278, 30.025, 29.134, 26.823, 24.552, 22.252, 20.072, 14.105, 0.0, 11.083, 14.541, 20.607, 28.68, 33.322, 37.947, 41.875, 43.268, 43.951, 45.071, 46.996, 48.428, 48.52, 48.985, 49.526, 49.695, 49.642, 50.08, 50.908, 52.417, 53.241, 52.866, 52.1, 51.482, 51.692, 51.677, 51.958, 53.056, 55.01, 57.628, 58.139, 57.442, 57.07, 57.231, 58.815, 58.893, 58.842, 59.394, 58.569, 58.042, 58.486, 59.176, 59.827, 59.069, 57.05, 57.061, 57.198, 56.608, 56.887, 56.997, 56.664, 56.53, 56.22, 55.785, 55.872, 56.626, 56.516, 56.051, 56.735, 56.884, 56.24, 56.199, 56.753, 57.249, 57.067, 56.724, 56.293, 55.72, 56.14], [59.388, 58.67, 57.067, 56.363, 53.274, 45.295, 41.345, 40.555, 37.822, 36.816, 36.003, 34.171, 32.696, 30.716, 29.054, 24.037, 11.083, 0.0, 5.897, 16.244, 26.839, 32.809, 38.185, 42.484, 44.405, 45.596, 46.507, 46.828, 47.015, 46.953, 47.57, 48.134, 48.08, 47.842, 48.367, 49.428, 51.033, 51.755, 51.258, 50.48, 49.697, 49.668, 49.533, 49.778, 51.05, 52.781, 54.735, 55.08, 54.516, 54.318, 55.008, 57.285, 57.755, 57.758, 58.33, 57.584, 57.088, 57.545, 58.238, 59.01, 57.975, 55.492, 55.664, 55.94, 55.455, 55.655, 55.686, 55.454, 55.414, 55.072, 54.518, 54.671, 55.475, 55.526, 55.531, 56.608, 56.936, 56.342, 56.32, 56.967, 57.537, 57.347, 56.955, 56.389, 55.725, 56.085], [60.996, 60.392, 58.901, 58.198, 54.971, 46.796, 42.594, 41.637, 38.863, 38.049, 37.379, 35.602, 34.252, 32.587, 31.152, 26.412, 14.541, 5.897, 0.0, 12.521, 24.173, 30.699, 36.469, 41.161, 43.329, 44.707, 45.647, 45.609, 45.476, 45.398, 46.118, 46.725, 46.675, 46.449, 46.974, 48.047, 49.691, 50.4, 49.82, 48.967, 48.189, 48.192, 48.079, 48.339, 49.694, 51.448, 53.391, 53.732, 53.219, 53.143, 53.982, 56.531, 57.255, 57.379, 57.992, 57.268, 56.803, 57.319, 58.056, 58.84, 57.711, 55.2, 55.536, 55.864, 55.399, 55.592, 55.62, 55.397, 55.4, 55.075, 54.47, 54.652, 55.467, 55.56, 55.72, 56.939, 57.268, 56.608, 56.573, 57.278, 57.923, 57.808, 57.415, 56.74, 56.05, 56.442], [65.963, 65.427, 64.251, 63.846, 60.344, 51.598, 46.795, 45.333, 42.208, 41.66, 41.4, 39.181, 36.892, 35.454, 34.526, 30.367, 20.607, 16.244, 12.521, 0.0, 12.905, 21.224, 28.427, 33.844, 36.472, 38.164, 39.386, 39.96, 40.824, 41.207, 41.973, 42.512, 42.545, 42.525, 43.13, 44.264, 46.012, 47.024, 46.58, 45.469, 44.463, 44.459, 44.354, 44.548, 46.004, 48.35, 51.235, 51.911, 51.586, 51.925, 53.01, 55.764, 56.645, 56.969, 57.773, 57.16, 56.643, 57.103, 57.808, 58.495, 57.235, 54.527, 54.539, 54.541, 53.915, 54.086, 54.125, 53.88, 53.895, 53.61, 53.073, 53.208, 54.008, 54.292, 54.739, 56.28, 56.733, 56.02, 55.917, 56.711, 57.604, 57.735, 57.328, 56.413, 55.738, 56.264], [69.869, 69.363, 68.442, 68.317, 64.781, 56.017, 51.159, 49.538, 46.2, 45.572, 45.707, 43.596, 40.858, 39.655, 39.163, 35.8, 28.68, 26.839, 24.173, 12.905, 0.0, 10.21, 19.218, 25.601, 28.798, 30.705, 32.028, 33.74, 36.782, 38.03, 38.691, 39.017, 39.075, 39.348, 40.015, 41.024, 42.691, 44.025, 43.926, 42.798, 41.447, 41.177, 40.988, 41.016, 42.28, 45.03, 48.842, 49.913, 49.798, 50.549, 51.997, 55.172, 56.203, 56.697, 57.79, 57.304, 56.68, 56.977, 57.575, 58.099, 56.596, 53.508, 52.913, 52.499, 51.686, 51.767, 51.817, 51.555, 51.563, 51.34, 50.926, 50.969, 51.671, 52.153, 52.897, 54.725, 55.332, 54.711, 54.671, 55.479, 56.469, 56.783, 56.366, 55.222, 54.491, 54.945], [70.127, 69.598, 68.775, 68.814, 65.5, 57.194, 52.665, 51.115, 47.769, 46.894, 47.18, 45.535, 42.94, 41.96, 41.673, 38.77, 33.322, 32.809, 30.699, 21.224, 10.21, 0.0, 10.251, 18.025, 22.009, 24.268, 25.429, 27.759, 32.718, 34.63, 35.127, 35.198, 35.239, 35.75, 36.37, 37.127, 38.597, 39.966, 40.094, 39.281, 37.931, 37.473, 37.197, 37.132, 38.081, 40.826, 45.235, 46.674, 46.706, 47.667, 49.394, 52.996, 54.157, 54.751, 55.998, 55.595, 54.902, 55.077, 55.599, 55.944, 54.101, 50.756, 50.119, 49.697, 48.842, 48.92, 49.027, 48.733, 48.734, 48.512, 48.168, 48.297, 48.989, 49.462, 50.119, 51.92, 52.628, 52.114, 52.14, 52.861, 53.723, 54.06, 53.656, 52.342, 51.516, 51.876], [70.727, 70.049, 69.218, 69.419, 66.524, 59.017, 55.032, 53.626, 50.481, 49.454, 49.688, 48.285, 45.812, 45.032, 44.863, 42.275, 37.947, 38.185, 36.469, 28.427, 19.218, 10.251, 0.0, 9.696, 15.082, 18.096, 19.495, 22.901, 29.61, 31.846, 32.124, 31.979, 32.232, 33.059, 33.639, 34.224, 35.48, 36.755, 37.131, 36.825, 35.745, 35.329, 35.102, 35.066, 35.733, 38.408, 43.39, 45.275, 45.466, 46.478, 48.322, 52.089, 53.269, 53.918, 55.16, 54.763, 54.007, 54.034, 54.43, 54.56, 52.446, 49.179, 48.995, 48.809, 47.97, 48.161, 48.367, 48.033, 47.991, 47.679, 47.393, 47.681, 48.328, 48.594, 48.892, 50.416, 51.12, 50.676, 50.739, 51.359, 52.018, 52.282, 51.876, 50.418, 49.537, 49.95], [73.292, 72.395, 71.442, 71.683, 69.18, 62.452, 58.931, 57.667, 54.714, 53.505, 53.617, 52.049, 49.12, 48.169, 47.952, 45.587, 41.875, 42.484, 41.161, 33.844, 25.601, 18.025, 9.696, 0.0, 6.918, 11.472, 13.809, 20.686, 29.401, 31.581, 31.55, 31.349, 31.919, 32.875, 33.424, 34.012, 35.133, 36.437, 37.088, 36.799, 35.389, 34.921, 34.85, 34.871, 35.194, 38.202, 44.243, 46.726, 47.04, 47.848, 49.651, 53.342, 54.342, 54.867, 55.949, 55.542, 54.715, 54.546, 54.683, 54.584, 52.449, 49.144, 48.873, 48.7, 47.818, 48.009, 48.237, 47.861, 47.673, 47.247, 47.103, 47.37, 47.883, 48.127, 48.44, 49.845, 50.431, 50.081, 50.312, 50.917, 51.414, 51.604, 51.165, 49.548, 48.596, 49.048], [73.579, 72.609, 71.675, 71.944, 69.553, 63.179, 59.878, 58.709, 55.881, 54.576, 54.683, 52.987, 49.693, 48.627, 48.403, 46.227, 43.268, 44.405, 43.329, 36.472, 28.798, 22.009, 15.082, 6.918, 0.0, 6.283, 10.969, 21.739, 31.367, 33.285, 33.042, 32.852, 33.613, 34.613, 35.155, 35.681, 36.671, 38.038, 38.842, 38.409, 36.77, 36.356, 36.437, 36.518, 36.595, 39.76, 46.421, 49.14, 49.342, 49.897, 51.433, 54.852, 55.656, 56.076, 57.013, 56.525, 55.64, 55.368, 55.433, 55.268, 53.332, 50.206, 49.723, 49.475, 48.497, 48.707, 48.976, 48.53, 48.208, 47.746, 47.732, 47.889, 48.253, 48.446, 48.738, 50.018, 50.381, 50.019, 50.394, 51.009, 51.426, 51.643, 51.227, 49.593, 48.666, 49.182], [73.402, 72.429, 71.562, 71.849, 69.545, 63.383, 60.203, 59.095, 56.231, 54.728, 54.823, 53.132, 49.696, 48.664, 48.494, 46.399, 43.951, 45.596, 44.707, 38.164, 30.705, 24.268, 18.096, 11.472, 6.283, 0.0, 7.681, 22.203, 33.029, 35.121, 34.755, 34.672, 35.495, 36.548, 37.061, 37.421, 38.332, 39.927, 41.062, 40.702, 38.806, 38.288, 38.478, 38.523, 38.27, 41.376, 48.316, 51.078, 51.205, 51.819, 53.574, 57.25, 58.097, 58.5, 59.436, 58.804, 57.808, 57.465, 57.559, 57.441, 55.469, 52.176, 51.191, 50.75, 49.713, 49.863, 50.125, 49.625, 49.249, 48.865, 48.873, 48.818, 49.029, 49.308, 49.678, 50.805, 50.998, 50.674, 51.178, 51.773, 52.138, 52.396, 52.002, 50.39, 49.322, 49.556], [74.164, 73.221, 72.319, 72.54, 70.395, 64.488, 61.452, 60.348, 57.337, 55.686, 55.785, 54.398, 51.175, 50.136, 49.982, 47.807, 45.071, 46.507, 45.647, 39.386, 32.028, 25.429, 19.495, 13.809, 10.969, 7.681, 0.0, 17.485, 30.444, 33.186, 32.723, 32.718, 33.493, 34.569, 35.056, 35.281, 36.138, 38.032, 39.622, 39.628, 37.638, 37.043, 37.394, 37.356, 36.702, 39.567, 46.745, 49.649, 49.835, 50.687, 53.095, 57.701, 58.957, 59.452, 60.543, 59.887, 58.772, 58.444, 58.595, 58.463, 56.113, 52.471, 51.258, 50.688, 49.699, 49.677, 49.821, 49.343, 48.984, 48.672, 48.653, 48.44, 48.519, 49.026, 49.589, 50.612, 50.814, 50.567, 51.106, 51.64, 51.956, 52.249, 51.88, 50.292, 49.052, 48.759], [75.728, 75.032, 74.171, 74.309, 72.156, 66.217, 63.206, 62.016, 58.978, 57.644, 57.736, 56.867, 54.575, 53.679, 53.59, 51.212, 46.996, 46.828, 45.609, 39.96, 33.74, 27.759, 22.901, 20.686, 21.739, 22.203, 17.485, 0.0, 15.86, 20.614, 20.031, 20.053, 20.657, 21.801, 22.19, 22.375, 23.354, 25.857, 28.34, 29.329, 27.923, 27.804, 28.587, 28.558, 28.162, 30.602, 37.253, 40.208, 40.671, 42.357, 46.181, 52.398, 54.499, 55.288, 56.84, 56.406, 55.143, 55.04, 55.581, 55.762, 52.693, 49.304, 49.812, 49.687, 49.02, 48.979, 48.982, 48.641, 48.422, 48.071, 47.87, 47.829, 48.084, 48.845, 49.622, 50.794, 51.199, 50.698, 50.88, 51.464, 51.973, 52.25, 51.845, 50.314, 49.117, 48.495], [76.744, 76.251, 75.418, 75.484, 73.224, 67.135, 64.077, 62.917, 60.267, 59.416, 59.377, 58.662, 57.048, 56.237, 56.103, 53.577, 48.428, 47.015, 45.476, 40.824, 36.782, 32.718, 29.61, 29.401, 31.367, 33.029, 30.444, 15.86, 0.0, 7.088, 7.503, 8.511, 10.493, 11.856, 12.087, 13.064, 14.651, 16.437, 18.556, 20.505, 21.296, 22.709, 23.767, 24.215, 25.369, 27.271, 32.1, 34.75, 35.341, 37.234, 40.784, 46.639, 48.995, 50.043, 51.808, 51.64, 50.488, 50.624, 51.543, 52.165, 49.207, 47.489, 51.083, 52.002, 51.626, 51.848, 51.845, 51.597, 51.462, 50.898, 50.506, 50.941, 51.532, 51.982, 52.419, 53.514, 53.898, 53.142, 53.024, 53.639, 54.183, 54.236, 53.76, 52.342, 51.463, 51.423], [76.666, 76.132, 75.226, 75.271, 73.058, 67.034, 63.997, 62.884, 60.438, 59.691, 59.556, 58.843, 57.38, 56.551, 56.356, 53.777, 48.52, 46.953, 45.398, 41.207, 38.03, 34.63, 31.846, 31.581, 33.285, 35.121, 33.186, 20.614, 7.088, 0.0, 3.324, 6.23, 9.675, 11.052, 11.269, 12.706, 14.511, 15.255, 16.462, 18.703, 20.667, 22.88, 24.125, 24.865, 26.383, 27.93, 32.125, 34.752, 35.258, 36.815, 39.678, 44.783, 46.932, 48.064, 49.732, 49.568, 48.584, 48.766, 49.739, 50.41, 47.756, 46.831, 51.53, 53.029, 52.738, 53.094, 53.138, 52.9, 52.734, 52.04, 51.61, 52.208, 52.874, 53.119, 53.277, 54.127, 54.349, 53.565, 53.466, 54.016, 54.405, 54.326, 53.859, 52.485, 51.678, 51.941], [76.625, 76.055, 75.133, 75.189, 73.045, 67.189, 64.262, 63.173, 60.757, 59.986, 59.859, 59.127, 57.594, 56.74, 56.566, 54.065, 48.985, 47.57, 46.118, 41.973, 38.691, 35.127, 32.124, 31.55, 33.042, 34.755, 32.723, 20.031, 7.503, 3.324, 0.0, 4.156, 8.599, 10.233, 10.428, 11.882, 13.668, 14.589, 16.184, 18.672, 20.7, 22.971, 24.26, 24.966, 26.326, 27.895, 32.27, 34.959, 35.358, 36.727, 39.551, 44.737, 46.872, 47.953, 49.614, 49.395, 48.323, 48.469, 49.418, 50.045, 47.342, 46.585, 51.333, 52.787, 52.498, 52.869, 52.922, 52.673, 52.477, 51.755, 51.367, 51.952, 52.576, 52.786, 52.857, 53.617, 53.796, 52.991, 52.886, 53.412, 53.79, 53.73, 53.287, 51.972, 51.246, 51.503], [76.593, 76.012, 75.147, 75.291, 73.165, 67.356, 64.476, 63.358, 60.931, 60.202, 60.109, 59.4, 57.912, 57.061, 56.921, 54.514, 49.526, 48.134, 46.725, 42.512, 39.017, 35.198, 31.979, 31.349, 32.852, 34.672, 32.718, 20.053, 8.511, 6.23, 4.156, 0.0, 5.394, 7.515, 8.092, 9.971, 11.628, 12.6, 14.66, 17.628, 19.99, 22.353, 23.646, 24.384, 25.827, 27.305, 31.427, 33.988, 34.349, 35.704, 38.41, 43.522, 45.683, 46.71, 48.331, 48.133, 46.991, 47.122, 48.068, 48.677, 45.98, 45.343, 50.257, 51.719, 51.436, 51.965, 52.143, 51.924, 51.729, 51.015, 50.721, 51.366, 51.982, 52.141, 52.135, 52.867, 53.065, 52.224, 52.072, 52.6, 53.01, 53.052, 52.693, 51.446, 50.899, 51.279], [76.638, 76.094, 75.311, 75.516, 73.343, 67.455, 64.558, 63.386, 60.861, 60.15, 60.097, 59.505, 58.2, 57.355, 57.228, 54.855, 49.695, 48.08, 46.675, 42.545, 39.075, 35.239, 32.232, 31.919, 33.613, 35.495, 33.493, 20.657, 10.493, 9.675, 8.599, 5.394, 0.0, 2.82, 4.473, 7.096, 8.819, 10.405, 13.584, 17.188, 19.354, 21.476, 22.776, 23.457, 24.857, 25.981, 29.487, 31.78, 32.192, 33.907, 37.079, 42.598, 44.93, 45.926, 47.497, 47.29, 46.109, 46.238, 47.223, 47.906, 45.095, 43.87, 48.456, 49.92, 49.696, 50.343, 50.688, 50.54, 50.373, 49.746, 49.495, 50.127, 50.749, 50.991, 51.129, 51.981, 52.254, 51.414, 51.255, 51.821, 52.317, 52.491, 52.202, 50.997, 50.477, 50.751], [76.788, 76.26, 75.452, 75.614, 73.429, 67.546, 64.679, 63.516, 60.98, 60.279, 60.227, 59.685, 58.425, 57.516, 57.358, 54.967, 49.642, 47.842, 46.449, 42.525, 39.348, 35.75, 33.059, 32.875, 34.613, 36.548, 34.569, 21.801, 11.856, 11.052, 10.233, 7.515, 2.82, 0.0, 2.836, 6.216, 8.22, 10.086, 13.521, 17.255, 19.342, 21.406, 22.709, 23.375, 24.78, 25.698, 28.831, 31.018, 31.45, 33.241, 36.6, 42.311, 44.712, 45.672, 47.218, 47.01, 45.813, 45.939, 46.934, 47.655, 44.808, 43.386, 47.897, 49.387, 49.197, 49.834, 50.2, 50.082, 49.912, 49.294, 49.037, 49.651, 50.287, 50.572, 50.774, 51.658, 51.944, 51.104, 50.939, 51.522, 52.057, 52.233, 51.928, 50.758, 50.25, 50.462], [76.945, 76.461, 75.645, 75.772, 73.598, 67.783, 64.966, 63.829, 61.313, 60.587, 60.534, 60.028, 58.782, 57.886, 57.707, 55.31, 50.08, 48.367, 46.974, 43.13, 40.015, 36.37, 33.639, 33.424, 35.155, 37.061, 35.056, 22.19, 12.087, 11.269, 10.428, 8.092, 4.473, 2.836, 0.0, 3.947, 6.538, 8.817, 12.634, 16.675, 18.871, 20.983, 22.332, 23.002, 24.353, 25.221, 28.411, 30.648, 31.084, 32.898, 36.421, 42.355, 44.815, 45.778, 47.335, 47.111, 45.893, 46.028, 47.033, 47.745, 44.826, 43.338, 47.861, 49.39, 49.222, 49.807, 50.135, 50.012, 49.848, 49.239, 48.963, 49.567, 50.195, 50.499, 50.7, 51.544, 51.822, 51.0, 50.85, 51.427, 51.946, 52.094, 51.769, 50.6, 50.057, 50.199], [76.866, 76.453, 75.711, 75.857, 73.69, 67.945, 65.176, 64.073, 61.586, 60.817, 60.797, 60.404, 59.246, 58.425, 58.228, 55.854, 50.908, 49.428, 48.047, 44.264, 41.024, 37.127, 34.224, 34.012, 35.681, 37.421, 35.281, 22.375, 13.064, 12.706, 11.882, 9.971, 7.096, 6.216, 3.947, 0.0, 3.573, 7.253, 11.971, 16.351, 18.515, 20.608, 22.036, 22.697, 23.795, 24.517, 27.857, 30.072, 30.447, 32.352, 36.105, 42.399, 45.029, 46.054, 47.667, 47.37, 46.106, 46.276, 47.315, 48.035, 45.024, 43.309, 47.604, 49.101, 48.963, 49.514, 49.844, 49.714, 49.573, 49.069, 48.811, 49.363, 49.967, 50.314, 50.554, 51.388, 51.634, 50.815, 50.707, 51.291, 51.816, 52.022, 51.734, 50.579, 49.996, 50.012], [77.274, 76.894, 76.234, 76.468, 74.368, 68.707, 65.976, 64.905, 62.473, 61.68, 61.674, 61.395, 60.339, 59.566, 59.388, 57.114, 52.417, 51.033, 49.691, 46.012, 42.691, 38.597, 35.48, 35.133, 36.671, 38.332, 36.138, 23.354, 14.651, 14.511, 13.668, 11.628, 8.819, 8.22, 6.538, 3.573, 0.0, 5.372, 11.479, 16.483, 18.814, 20.89, 22.315, 23.02, 23.99, 24.436, 27.713, 29.974, 30.364, 32.305, 36.017, 42.289, 45.027, 46.081, 47.662, 47.335, 45.981, 46.139, 47.167, 47.87, 44.838, 43.192, 47.564, 49.07, 48.953, 49.569, 49.961, 49.837, 49.686, 49.22, 49.076, 49.689, 50.24, 50.544, 50.795, 51.64, 51.879, 51.06, 50.964, 51.536, 52.018, 52.304, 52.107, 50.933, 50.394, 50.441], [77.346, 76.955, 76.287, 76.575, 74.559, 68.948, 66.217, 65.185, 62.892, 62.141, 62.081, 61.881, 61.021, 60.301, 60.116, 57.892, 53.241, 51.755, 50.4, 47.024, 44.025, 39.966, 36.755, 36.437, 38.038, 39.927, 38.032, 25.857, 16.437, 15.255, 14.589, 12.6, 10.405, 10.086, 8.817, 7.253, 5.372, 0.0, 7.327, 14.061, 17.95, 20.558, 21.879, 22.746, 23.965, 24.024, 26.702, 29.009, 29.416, 31.095, 34.287, 40.014, 42.662, 43.79, 45.297, 45.1, 43.87, 44.058, 45.087, 45.746, 42.733, 41.647, 47.034, 48.948, 48.952, 49.715, 50.153, 50.04, 49.918, 49.339, 49.183, 50.175, 50.89, 50.978, 50.955, 51.631, 51.847, 51.007, 50.852, 51.341, 51.654, 51.859, 51.735, 50.535, 50.057, 50.411], [77.151, 76.754, 76.059, 76.329, 74.245, 68.535, 65.724, 64.722, 62.592, 61.982, 61.917, 61.636, 60.783, 60.055, 59.827, 57.573, 52.866, 51.258, 49.82, 46.58, 43.926, 40.094, 37.131, 37.088, 38.842, 41.062, 39.622, 28.34, 18.556, 16.462, 16.184, 14.66, 13.584, 13.521, 12.634, 11.971, 11.479, 7.327, 0.0, 8.486, 15.02, 18.837, 20.187, 21.348, 23.044, 23.142, 25.574, 27.849, 28.059, 29.108, 31.404, 36.533, 39.104, 40.38, 42.015, 42.136, 41.215, 41.547, 42.598, 43.227, 40.334, 39.83, 46.157, 48.387, 48.447, 49.292, 49.706, 49.588, 49.568, 48.951, 48.698, 50.034, 51.129, 51.188, 50.946, 51.487, 51.646, 50.665, 50.364, 50.828, 51.106, 51.227, 51.122, 49.964, 49.665, 50.492], [77.789, 77.411, 76.766, 77.011, 74.745, 68.767, 65.759, 64.742, 62.607, 62.013, 61.981, 61.377, 60.111, 59.273, 59.033, 56.814, 52.1, 50.48, 48.967, 45.469, 42.798, 39.281, 36.825, 36.799, 38.409, 40.702, 39.628, 29.329, 20.505, 18.703, 18.672, 17.628, 17.188, 17.255, 16.675, 16.351, 16.483, 14.061, 8.486, 0.0, 8.985, 14.468, 16.439, 18.138, 20.184, 21.206, 25.102, 27.786, 27.99, 28.82, 30.931, 36.013, 38.582, 39.868, 41.692, 42.152, 41.399, 41.764, 42.733, 43.386, 40.656, 39.751, 45.527, 47.492, 47.432, 48.214, 48.548, 48.379, 48.421, 47.95, 47.721, 49.03, 50.476, 51.076, 51.302, 52.079, 52.135, 50.963, 50.608, 51.186, 51.594, 51.767, 51.633, 50.385, 50.094, 51.139], [79.043, 78.651, 77.995, 78.198, 75.902, 69.754, 66.586, 65.543, 63.057, 62.122, 62.078, 61.297, 59.721, 58.787, 58.551, 56.384, 51.482, 49.697, 48.189, 44.463, 41.447, 37.931, 35.745, 35.389, 36.77, 38.806, 37.638, 27.923, 21.296, 20.667, 20.7, 19.99, 19.354, 19.342, 18.871, 18.515, 18.814, 17.95, 15.02, 8.985, 0.0, 6.595, 9.979, 12.128, 13.859, 16.062, 22.35, 25.952, 26.695, 28.28, 31.997, 38.461, 41.191, 42.26, 44.01, 44.461, 43.643, 43.846, 44.611, 45.27, 42.244, 39.216, 42.922, 44.373, 44.189, 44.709, 44.903, 44.698, 44.736, 44.455, 44.264, 45.242, 46.726, 48.162, 49.523, 50.923, 51.054, 50.007, 49.925, 50.653, 51.105, 51.32, 51.094, 49.505, 48.707, 49.314], [79.996, 79.587, 78.894, 79.067, 76.8, 70.624, 67.416, 66.386, 63.67, 62.507, 62.465, 61.713, 60.154, 59.218, 58.974, 56.81, 51.692, 49.668, 48.192, 44.459, 41.177, 37.473, 35.329, 34.921, 36.356, 38.288, 37.043, 27.804, 22.709, 22.88, 22.971, 22.353, 21.476, 21.406, 20.983, 20.608, 20.89, 20.558, 18.837, 14.468, 6.595, 0.0, 4.523, 6.929, 8.602, 11.75, 19.454, 23.641, 24.86, 27.11, 32.099, 39.595, 42.442, 43.349, 45.015, 45.432, 44.594, 44.729, 45.366, 46.026, 42.655, 37.977, 40.34, 41.524, 41.294, 41.596, 41.675, 41.486, 41.574, 41.397, 41.164, 41.993, 43.443, 45.265, 47.383, 49.447, 49.96, 49.178, 49.256, 50.055, 50.516, 50.72, 50.435, 48.635, 47.487, 47.76], [80.11, 79.713, 79.018, 79.192, 76.884, 70.629, 67.388, 66.374, 63.658, 62.508, 62.492, 61.758, 60.247, 59.324, 59.067, 56.892, 51.677, 49.533, 48.079, 44.354, 40.988, 37.197, 35.102, 34.85, 36.437, 38.478, 37.394, 28.587, 23.767, 24.125, 24.26, 23.646, 22.776, 22.709, 22.332, 22.036, 22.315, 21.879, 20.187, 16.439, 9.979, 4.523, 0.0, 3.218, 6.493, 10.299, 18.161, 22.419, 23.729, 26.025, 31.039, 38.595, 41.449, 42.311, 43.985, 44.438, 43.629, 43.797, 44.404, 45.087, 41.601, 36.526, 38.846, 40.039, 39.831, 40.101, 40.135, 39.962, 40.105, 39.905, 39.608, 40.531, 42.055, 43.776, 45.967, 48.423, 49.331, 48.742, 48.8, 49.607, 50.108, 50.3, 50.001, 48.191, 47.095, 47.464], [80.526, 80.147, 79.466, 79.634, 77.285, 70.959, 67.682, 66.66, 63.897, 62.753, 62.781, 62.073, 60.575, 59.657, 59.392, 57.204, 51.958, 49.778, 48.339, 44.548, 41.016, 37.132, 35.066, 34.871, 36.518, 38.523, 37.356, 28.558, 24.215, 24.865, 24.966, 24.384, 23.457, 23.375, 23.002, 22.697, 23.02, 22.746, 21.348, 18.138, 12.128, 6.929, 3.218, 0.0, 4.714, 9.346, 17.462, 21.691, 23.052, 25.499, 30.764, 38.625, 41.555, 42.404, 44.107, 44.544, 43.753, 43.934, 44.535, 45.228, 41.637, 36.182, 38.182, 39.325, 39.177, 39.412, 39.405, 39.246, 39.407, 39.207, 38.85, 39.725, 41.238, 42.98, 45.26, 47.852, 48.946, 48.551, 48.684, 49.471, 49.991, 50.205, 49.893, 48.089, 46.996, 47.301], [81.16, 80.772, 80.088, 80.241, 77.973, 71.797, 68.602, 67.613, 64.769, 63.456, 63.521, 62.949, 61.425, 60.479, 60.218, 58.084, 53.056, 51.05, 49.694, 46.004, 42.28, 38.081, 35.733, 35.194, 36.595, 38.27, 36.702, 28.162, 25.369, 26.383, 26.326, 25.827, 24.857, 24.78, 24.353, 23.795, 23.99, 23.965, 23.044, 20.184, 13.859, 8.602, 6.493, 4.714, 0.0, 6.967, 17.193, 21.84, 23.232, 25.785, 31.77, 40.413, 43.464, 44.28, 45.946, 46.296, 45.524, 45.617, 46.15, 46.737, 42.93, 36.795, 37.831, 38.762, 38.612, 38.685, 38.613, 38.426, 38.568, 38.47, 38.114, 38.806, 40.246, 42.306, 44.868, 47.389, 48.422, 48.179, 48.516, 49.254, 49.673, 49.914, 49.621, 47.756, 46.432, 46.371], [81.573, 81.193, 80.483, 80.635, 78.511, 72.558, 69.509, 68.56, 65.731, 64.375, 64.433, 64.358, 63.398, 62.499, 62.259, 60.124, 55.01, 52.781, 51.448, 48.35, 45.03, 40.826, 38.408, 38.202, 39.76, 41.376, 39.567, 30.602, 27.271, 27.93, 27.895, 27.305, 25.981, 25.698, 25.221, 24.517, 24.436, 24.024, 23.142, 21.206, 16.062, 11.75, 10.299, 9.346, 6.967, 0.0, 11.818, 17.536, 19.437, 22.771, 29.869, 39.468, 42.921, 43.843, 45.559, 45.875, 45.089, 45.145, 45.743, 46.3, 42.068, 35.665, 37.199, 38.498, 38.473, 38.562, 38.529, 38.395, 38.593, 38.51, 38.136, 38.958, 40.376, 42.414, 44.831, 47.088, 48.111, 47.935, 48.297, 48.932, 49.216, 49.471, 49.261, 47.424, 46.03, 45.764], [82.211, 81.851, 81.111, 81.274, 79.235, 73.407, 70.474, 69.553, 66.82, 65.654, 65.682, 66.1, 66.155, 65.487, 65.221, 63.1, 57.628, 54.735, 53.391, 51.235, 48.842, 45.235, 43.39, 44.243, 46.421, 48.316, 46.745, 37.253, 32.1, 32.125, 32.27, 31.427, 29.487, 28.831, 28.411, 27.857, 27.713, 26.702, 25.574, 25.102, 22.35, 19.454, 18.161, 17.462, 17.193, 11.818, 0.0, 7.397, 11.275, 16.729, 25.69, 36.3, 40.203, 41.247, 43.086, 43.504, 42.841, 43.036, 43.858, 44.618, 40.111, 33.635, 36.493, 38.693, 39.131, 39.565, 39.74, 39.821, 40.2, 40.03, 39.472, 40.622, 42.053, 43.567, 45.486, 47.56, 48.754, 48.61, 48.835, 49.401, 49.66, 49.912, 49.849, 48.262, 47.055, 46.895], [81.659, 81.359, 80.697, 80.884, 78.769, 72.924, 70.025, 69.114, 66.468, 65.488, 65.569, 66.074, 66.491, 66.015, 65.735, 63.623, 58.139, 55.08, 53.732, 51.911, 49.913, 46.674, 45.275, 46.726, 49.14, 51.078, 49.649, 40.208, 34.75, 34.752, 34.959, 33.988, 31.78, 31.018, 30.648, 30.072, 29.974, 29.009, 27.849, 27.786, 25.952, 23.641, 22.419, 21.691, 21.84, 17.536, 7.397, 0.0, 5.795, 13.235, 23.315, 34.608, 38.749, 39.836, 41.78, 42.233, 41.703, 42.075, 43.12, 44.107, 39.669, 33.206, 36.206, 38.67, 39.389, 40.109, 40.468, 40.642, 41.111, 40.955, 40.29, 41.452, 42.843, 43.989, 45.581, 47.598, 48.854, 48.66, 48.773, 49.365, 49.785, 50.267, 50.472, 49.244, 48.278, 48.226], [79.948, 79.707, 79.116, 79.31, 77.131, 71.38, 68.614, 67.774, 65.271, 64.399, 64.544, 65.068, 65.497, 65.045, 64.793, 62.742, 57.442, 54.516, 53.219, 51.586, 49.798, 46.706, 45.466, 47.04, 49.342, 51.205, 49.835, 40.671, 35.341, 35.258, 35.358, 34.349, 32.192, 31.45, 31.084, 30.447, 30.364, 29.416, 28.059, 27.99, 26.695, 24.86, 23.729, 23.052, 23.232, 19.437, 11.275, 5.795, 0.0, 8.639, 19.763, 32.015, 36.399, 37.524, 39.566, 39.948, 39.458, 39.911, 41.104, 42.168, 37.708, 31.673, 35.087, 37.643, 38.443, 39.311, 39.746, 39.889, 40.338, 40.135, 39.476, 40.679, 42.031, 42.855, 44.024, 45.791, 46.95, 46.633, 46.637, 47.219, 47.737, 48.526, 49.146, 48.379, 47.725, 47.827], [78.13, 77.862, 77.227, 77.41, 75.245, 69.74, 67.232, 66.567, 64.361, 63.593, 63.758, 64.233, 64.597, 64.071, 63.798, 61.962, 57.07, 54.318, 53.143, 51.925, 50.549, 47.667, 46.478, 47.848, 49.897, 51.819, 50.687, 42.357, 37.234, 36.815, 36.727, 35.704, 33.907, 33.241, 32.898, 32.352, 32.305, 31.095, 29.108, 28.82, 28.28, 27.11, 26.025, 25.499, 25.785, 22.771, 16.729, 13.235, 8.639, 0.0, 12.783, 26.602, 31.309, 32.394, 34.522, 34.942, 34.665, 35.239, 36.415, 37.381, 33.031, 28.253, 33.036, 35.877, 36.778, 37.875, 38.379, 38.512, 38.924, 38.572, 38.009, 39.415, 40.759, 41.043, 41.476, 42.759, 43.743, 43.346, 43.309, 43.852, 44.322, 45.272, 46.307, 46.208, 46.279, 46.931], [76.345, 76.04, 75.438, 75.719, 73.489, 68.01, 65.601, 65.069, 63.397, 62.983, 63.152, 63.517, 63.886, 63.348, 63.042, 61.407, 57.231, 55.008, 53.982, 53.01, 51.997, 49.394, 48.322, 49.651, 51.433, 53.574, 53.095, 46.181, 40.784, 39.678, 39.551, 38.41, 37.079, 36.6, 36.421, 36.105, 36.017, 34.287, 31.404, 30.931, 31.997, 32.099, 31.039, 30.764, 31.77, 29.869, 25.69, 23.315, 19.763, 12.783, 0.0, 15.005, 20.66, 22.078, 24.599, 25.226, 25.466, 26.591, 27.96, 28.954, 25.718, 25.362, 33.592, 36.938, 37.821, 39.565, 40.381, 40.545, 40.859, 40.272, 40.005, 41.788, 43.206, 42.55, 41.558, 42.004, 42.625, 42.124, 42.054, 42.484, 42.865, 43.892, 45.124, 45.696, 47.216, 49.224], [76.039, 75.65, 75.084, 75.517, 73.251, 67.753, 65.343, 64.869, 63.809, 63.823, 63.89, 64.042, 64.486, 64.014, 63.704, 62.268, 58.815, 57.285, 56.531, 55.764, 55.172, 52.996, 52.089, 53.342, 54.852, 57.25, 57.701, 52.398, 46.639, 44.783, 44.737, 43.522, 42.598, 42.311, 42.355, 42.399, 42.289, 40.014, 36.533, 36.013, 38.461, 39.595, 38.595, 38.625, 40.413, 39.468, 36.3, 34.608, 32.015, 26.602, 15.005, 0.0, 7.466, 10.187, 13.356, 14.96, 16.499, 18.564, 20.21, 21.467, 21.068, 26.798, 37.997, 41.882, 42.758, 45.124, 46.268, 46.452, 46.624, 45.747, 45.762, 48.045, 49.649, 48.148, 45.855, 45.646, 45.945, 45.288, 45.061, 45.331, 45.548, 46.429, 47.624, 48.399, 50.966, 54.407], [75.683, 75.195, 74.558, 75.015, 72.741, 67.285, 64.909, 64.453, 63.562, 63.649, 63.65, 63.625, 64.017, 63.568, 63.273, 61.988, 58.893, 57.755, 57.255, 56.645, 56.203, 54.157, 53.269, 54.342, 55.656, 58.097, 58.957, 54.499, 48.995, 46.932, 46.872, 45.683, 44.93, 44.712, 44.815, 45.029, 45.027, 42.662, 39.104, 38.582, 41.191, 42.442, 41.449, 41.555, 43.464, 42.921, 40.203, 38.749, 36.399, 31.309, 20.66, 7.466, 0.0, 4.195, 7.962, 10.685, 13.512, 15.852, 17.422, 18.716, 19.856, 27.193, 38.896, 43.046, 43.94, 46.444, 47.635, 47.783, 47.886, 46.849, 46.885, 49.369, 51.094, 49.294, 46.505, 46.085, 46.299, 45.607, 45.366, 45.568, 45.588, 46.215, 47.376, 48.209, 50.931, 54.865], [75.649, 75.146, 74.476, 74.906, 72.648, 67.262, 64.945, 64.501, 63.586, 63.627, 63.614, 63.551, 63.89, 63.384, 63.072, 61.858, 58.842, 57.758, 57.379, 56.969, 56.697, 54.751, 53.918, 54.867, 56.076, 58.5, 59.452, 55.288, 50.043, 48.064, 47.953, 46.71, 45.926, 45.672, 45.778, 46.054, 46.081, 43.79, 40.38, 39.868, 42.26, 43.349, 42.311, 42.404, 44.28, 43.843, 41.247, 39.836, 37.524, 32.394, 22.078, 10.187, 4.195, 0.0, 4.989, 8.47, 11.765, 14.253, 15.716, 17.034, 18.645, 26.319, 38.058, 42.209, 43.085, 45.618, 46.813, 46.967, 47.05, 45.974, 46.066, 48.573, 50.3, 48.432, 45.55, 45.095, 45.329, 44.681, 44.473, 44.667, 44.649, 45.23, 46.421, 47.384, 50.261, 54.299], [75.904, 75.383, 74.692, 75.13, 72.933, 67.654, 65.379, 64.935, 64.068, 64.098, 64.042, 63.957, 64.3, 63.776, 63.447, 62.302, 59.394, 58.33, 57.992, 57.773, 57.79, 55.998, 55.16, 55.949, 57.013, 59.436, 60.543, 56.84, 51.808, 49.732, 49.614, 48.331, 47.497, 47.218, 47.335, 47.667, 47.662, 45.297, 42.015, 41.692, 44.01, 45.015, 43.985, 44.107, 45.946, 45.559, 43.086, 41.78, 39.566, 34.522, 24.599, 13.356, 7.962, 4.989, 0.0, 5.406, 10.091, 12.885, 14.267, 15.518, 17.958, 26.063, 37.997, 42.359, 43.274, 45.9, 47.177, 47.356, 47.41, 46.238, 46.386, 49.044, 50.756, 48.723, 45.674, 45.103, 45.334, 44.75, 44.595, 44.76, 44.634, 45.171, 46.424, 47.41, 50.349, 54.559], [74.866, 74.361, 73.661, 74.082, 71.897, 66.642, 64.39, 63.968, 63.126, 63.131, 63.065, 63.037, 63.436, 62.916, 62.572, 61.408, 58.569, 57.584, 57.268, 57.16, 57.304, 55.595, 54.763, 55.542, 56.525, 58.804, 59.887, 56.406, 51.64, 49.568, 49.395, 48.133, 47.29, 47.01, 47.111, 47.37, 47.335, 45.1, 42.136, 42.152, 44.461, 45.432, 44.438, 44.544, 46.296, 45.875, 43.504, 42.233, 39.948, 34.942, 25.226, 14.96, 10.685, 8.47, 5.406, 0.0, 6.378, 10.364, 12.14, 13.617, 16.557, 25.243, 37.269, 41.663, 42.53, 45.12, 46.412, 46.589, 46.606, 45.391, 45.502, 48.106, 49.724, 47.48, 44.174, 43.45, 43.595, 43.028, 43.008, 43.195, 43.046, 43.586, 44.852, 45.916, 48.989, 53.216], [74.434, 73.939, 73.24, 73.671, 71.517, 66.303, 64.097, 63.68, 62.786, 62.745, 62.677, 62.648, 62.997, 62.425, 62.084, 60.914, 58.042, 57.088, 56.803, 56.643, 56.68, 54.902, 54.007, 54.715, 55.64, 57.808, 58.772, 55.143, 50.488, 48.584, 48.323, 46.991, 46.109, 45.813, 45.893, 46.106, 45.981, 43.87, 41.215, 41.399, 43.643, 44.594, 43.629, 43.753, 45.524, 45.089, 42.841, 41.703, 39.458, 34.665, 25.466, 16.499, 13.512, 11.765, 10.091, 6.378, 0.0, 5.437, 7.937, 10.101, 13.4, 23.322, 35.945, 40.272, 41.034, 43.579, 44.868, 45.038, 45.007, 43.768, 43.981, 46.552, 48.094, 45.806, 42.434, 41.664, 41.734, 41.101, 41.106, 41.366, 41.303, 41.959, 43.253, 44.249, 47.396, 51.66], [75.024, 74.496, 73.766, 74.203, 72.112, 66.98, 64.833, 64.426, 63.482, 63.361, 63.273, 63.234, 63.504, 62.862, 62.527, 61.381, 58.486, 57.545, 57.319, 57.103, 56.977, 55.077, 54.034, 54.546, 55.368, 57.465, 58.444, 55.04, 50.624, 48.766, 48.469, 47.122, 46.238, 45.939, 46.028, 46.276, 46.139, 44.058, 41.547, 41.764, 43.846, 44.729, 43.797, 43.934, 45.617, 45.145, 43.036, 42.075, 39.911, 35.239, 26.591, 18.564, 15.852, 14.253, 12.885, 10.364, 5.437, 0.0, 3.702, 6.761, 10.847, 21.913, 34.97, 39.361, 40.068, 42.644, 43.979, 44.158, 44.08, 42.77, 43.055, 45.648, 47.184, 44.912, 41.449, 40.416, 40.328, 39.734, 39.782, 40.015, 39.957, 40.698, 42.111, 43.112, 46.24, 50.585], [75.978, 75.38, 74.567, 74.989, 72.979, 67.951, 65.854, 65.47, 64.504, 64.308, 64.184, 64.101, 64.29, 63.574, 63.195, 62.066, 59.176, 58.238, 58.056, 57.808, 57.575, 55.599, 54.43, 54.683, 55.433, 57.559, 58.595, 55.581, 51.543, 49.739, 49.418, 48.068, 47.223, 46.934, 47.033, 47.315, 47.167, 45.087, 42.598, 42.733, 44.611, 45.366, 44.404, 44.535, 46.15, 45.743, 43.858, 43.12, 41.104, 36.415, 27.96, 20.21, 17.422, 15.716, 14.267, 12.14, 7.937, 3.702, 0.0, 4.043, 9.666, 21.268, 34.439, 38.852, 39.536, 42.118, 43.466, 43.672, 43.578, 42.217, 42.562, 45.219, 46.762, 44.483, 41.032, 39.993, 39.933, 39.419, 39.521, 39.736, 39.573, 40.249, 41.701, 42.688, 45.873, 50.34], [76.413, 75.749, 74.866, 75.305, 73.401, 68.487, 66.432, 66.055, 65.089, 64.831, 64.678, 64.601, 64.757, 64.011, 63.628, 62.559, 59.827, 59.01, 58.84, 58.495, 58.099, 55.944, 54.56, 54.584, 55.268