[[0.0, 7.08, 12.927, 15.892, 15.398, 17.189, 26.873, 34.88, 39.106, 41.637, 45.116, 46.069, 47.54, 54.463, 59.185, 60.573, 61.288, 61.793, 62.515, 64.585, 64.926, 64.816, 64.862, 64.225, 63.473, 62.451, 59.71, 57.027, 55.954, 54.703, 52.708, 51.454, 52.09, 55.318, 57.309, 58.128, 59.002, 59.596, 59.889, 59.459, 58.925, 59.989, 61.58, 60.539, 58.167, 58.308, 58.895, 58.299, 58.284, 60.525, 61.894, 61.637, 60.898, 60.473, 61.07, 61.729, 62.605, 63.29, 63.22, 63.534, 64.412, 64.955, 65.012, 64.965, 64.258, 62.968, 62.089, 59.366, 60.615, 63.004, 63.608, 64.602, 64.391, 64.992, 65.192, 63.781, 61.516, 61.347, 62.904, 63.343, 63.484, 64.151, 64.97, 65.95, 65.35, 63.209], [7.08, 0.0, 6.998, 10.445, 10.651, 15.7, 27.215, 35.511, 39.527, 42.05, 45.815, 46.75, 48.392, 55.748, 60.526, 61.81, 62.513, 62.949, 63.295, 65.176, 65.555, 65.491, 65.555, 64.919, 64.204, 63.094, 60.101, 57.19, 55.974, 54.527, 52.289, 50.981, 51.653, 55.067, 57.566, 58.773, 59.939, 60.756, 61.05, 60.526, 59.93, 61.0, 62.562, 61.283, 58.401, 58.37, 59.114, 58.653, 58.896, 61.363, 62.747, 62.458, 61.694, 61.231, 61.908, 62.737, 63.804, 64.552, 64.42, 64.704, 65.565, 66.063, 65.977, 65.813, 65.133, 63.846, 62.924, 60.035, 60.887, 63.064, 63.614, 64.62, 64.555, 65.216, 65.455, 64.011, 61.715, 61.628, 63.124, 63.401, 63.454, 64.005, 64.711, 65.708, 65.331, 63.486], [12.927, 6.998, 0.0, 4.026, 5.661, 14.686, 27.555, 36.005, 39.917, 42.395, 46.141, 47.001, 48.583, 56.018, 60.761, 61.914, 62.621, 62.996, 63.021, 64.717, 65.141, 65.175, 65.288, 64.659, 63.972, 62.785, 59.573, 56.489, 55.207, 53.612, 51.114, 49.721, 50.472, 54.08, 56.978, 58.561, 60.077, 61.132, 61.433, 60.888, 60.295, 61.374, 62.925, 61.53, 58.396, 58.278, 59.099, 58.77, 59.242, 61.926, 63.35, 63.024, 62.224, 61.707, 62.395, 63.291, 64.45, 65.239, 65.079, 65.345, 66.183, 66.609, 66.393, 66.179, 65.607, 64.346, 63.397, 60.398, 61.006, 63.026, 63.457, 64.354, 64.306, 64.988, 65.254, 63.855, 61.555, 61.535, 62.995, 63.125, 63.06, 63.537, 64.277, 65.341, 65.096, 63.421], [15.892, 10.445, 4.026, 0.0, 4.436, 15.433, 28.578, 36.957, 40.756, 43.11, 46.718, 47.543, 49.088, 56.531, 61.255, 62.351, 63.049, 63.39, 63.25, 64.834, 65.265, 65.336, 65.466, 64.843, 64.191, 63.012, 59.726, 56.566, 55.259, 53.612, 50.984, 49.535, 50.311, 53.993, 57.057, 58.79, 60.466, 61.651, 61.97, 61.421, 60.838, 61.928, 63.475, 62.057, 58.877, 58.721, 59.551, 59.255, 59.817, 62.603, 64.051, 63.711, 62.903, 62.362, 63.048, 63.969, 65.156, 65.959, 65.79, 66.037, 66.859, 67.257, 66.998, 66.783, 66.289, 65.054, 64.094, 61.058, 61.541, 63.475, 63.857, 64.712, 64.666, 65.346, 65.625, 64.261, 61.975, 61.971, 63.384, 63.436, 63.326, 63.771, 64.507, 65.584, 65.383, 63.777], [15.398, 10.651, 5.661, 4.436, 0.0, 12.237, 26.419, 35.416, 39.518, 41.957, 45.593, 46.449, 47.958, 55.326, 60.053, 61.169, 61.907, 62.319, 62.274, 63.874, 64.325, 64.398, 64.511, 63.897, 63.229, 62.064, 58.882, 55.834, 54.595, 53.042, 50.519, 49.094, 49.84, 53.484, 56.486, 58.183, 59.804, 60.912, 61.261, 60.781, 60.24, 61.318, 62.831, 61.5, 58.533, 58.414, 59.138, 58.824, 59.282, 61.967, 63.425, 63.112, 62.311, 61.741, 62.277, 63.06, 64.175, 64.952, 64.788, 65.031, 65.834, 66.216, 65.964, 65.76, 65.282, 64.125, 63.234, 60.264, 60.957, 63.023, 63.384, 64.223, 64.104, 64.747, 64.997, 63.692, 61.526, 61.568, 63.073, 63.229, 63.128, 63.602, 64.456, 65.555, 65.248, 63.543], [17.189, 15.7, 14.686, 15.433, 12.237, 0.0, 16.011, 27.378, 32.679, 35.295, 38.955, 40.041, 41.444, 48.642, 53.425, 54.643, 55.489, 56.06, 56.639, 58.625, 59.186, 59.298, 59.43, 58.838, 58.068, 57.057, 54.487, 52.048, 51.276, 50.288, 48.343, 47.124, 47.662, 50.759, 53.286, 54.878, 56.309, 57.125, 57.456, 57.228, 56.886, 57.917, 59.335, 58.331, 56.361, 56.488, 56.933, 56.759, 56.93, 59.084, 60.351, 60.028, 59.183, 58.516, 58.555, 58.743, 59.487, 60.16, 60.045, 60.318, 61.098, 61.48, 61.339, 61.199, 60.702, 59.716, 58.997, 56.145, 57.293, 59.638, 59.83, 60.482, 60.12, 60.658, 60.876, 59.836, 58.193, 58.442, 60.245, 60.728, 60.683, 61.386, 62.629, 63.757, 63.096, 61.113], [26.873, 27.215, 27.555, 28.578, 26.419, 16.011, 0.0, 13.997, 21.028, 24.366, 28.908, 30.464, 32.029, 39.563, 44.811, 46.316, 47.229, 47.913, 49.153, 51.627, 52.45, 52.703, 52.977, 52.472, 51.624, 50.972, 49.458, 47.926, 47.759, 47.692, 46.846, 46.117, 46.538, 48.867, 51.035, 52.656, 53.851, 54.45, 54.61, 54.549, 54.569, 55.759, 57.062, 56.347, 55.465, 55.727, 55.925, 56.104, 56.001, 57.401, 58.302, 57.931, 57.0, 56.084, 55.464, 54.98, 55.344, 55.887, 55.725, 56.014, 56.841, 57.299, 57.349, 57.316, 56.979, 56.493, 55.995, 52.984, 53.763, 56.074, 55.985, 56.209, 55.658, 56.074, 56.457, 56.192, 55.945, 56.996, 59.172, 59.929, 59.84, 60.621, 61.818, 62.758, 61.905, 59.877], [34.88, 35.511, 36.005, 36.957, 35.416, 27.378, 13.997, 0.0, 8.727, 14.997, 22.111, 23.993, 25.84, 34.423, 40.447, 42.212, 43.049, 43.77, 44.756, 47.107, 48.14, 48.601, 49.104, 48.725, 47.904, 47.504, 46.676, 45.745, 45.964, 46.548, 46.494, 46.162, 46.74, 48.886, 51.384, 53.208, 54.25, 54.802, 54.756, 54.632, 54.858, 56.554, 57.885, 57.206, 56.714, 56.869, 56.963, 57.287, 57.043, 58.238, 59.016, 58.585, 57.622, 56.397, 55.378, 54.773, 55.164, 55.623, 55.232, 55.541, 56.553, 57.102, 57.256, 57.369, 57.478, 57.671, 57.368, 53.991, 53.69, 55.722, 55.537, 55.424, 54.844, 55.17, 55.827, 56.44, 57.651, 59.558, 61.843, 62.571, 62.333, 62.94, 63.695, 64.381, 63.685, 61.933], [39.106, 39.527, 39.917, 40.756, 39.518, 32.679, 21.028, 8.727, 0.0, 9.69, 19.358, 21.414, 23.436, 33.066, 39.576, 41.414, 42.203, 42.965, 43.543, 45.615, 46.729, 47.312, 47.915, 47.585, 46.8, 46.49, 45.942, 45.249, 45.557, 46.34, 46.549, 46.39, 47.065, 49.252, 52.128, 54.126, 55.164, 55.759, 55.584, 55.325, 55.526, 57.508, 58.911, 58.27, 57.833, 57.889, 58.03, 58.436, 58.195, 59.393, 60.128, 59.667, 58.675, 57.227, 56.035, 55.545, 56.179, 56.685, 56.085, 56.324, 57.394, 57.982, 58.134, 58.235, 58.555, 59.04, 58.758, 55.096, 53.953, 55.696, 55.533, 55.399, 54.957, 55.286, 56.092, 57.047, 58.884, 61.161, 63.343, 63.931, 63.588, 64.029, 64.459, 65.046, 64.615, 63.251], [41.637, 42.05, 42.395, 43.11, 41.957, 35.295, 24.366, 14.997, 9.69, 0.0, 11.749, 14.977, 17.903, 29.584, 36.566, 38.477, 39.344, 40.191, 40.998, 43.235, 44.48, 45.177, 45.867, 45.574, 44.848, 44.739, 44.538, 44.028, 44.372, 45.269, 45.678, 45.648, 46.288, 48.32, 51.209, 53.323, 54.464, 55.1, 54.845, 54.451, 54.453, 56.285, 57.677, 57.5, 57.809, 58.033, 58.187, 58.738, 58.566, 59.672, 60.328, 59.864, 58.92, 57.464, 56.19, 55.703, 56.431, 56.987, 56.378, 56.606, 57.628, 58.23, 58.397, 58.505, 58.844, 59.329, 59.042, 55.445, 54.114, 55.748, 55.591, 55.505, 55.133, 55.427, 56.169, 57.165, 59.172, 61.464, 63.563, 64.119, 63.685, 64.115, 64.531, 65.123, 64.822, 63.75], [45.116, 45.815, 46.141, 46.718, 45.593, 38.955, 28.908, 22.111, 19.358, 11.749, 0.0, 5.766, 11.875, 25.405, 32.284, 34.005, 34.837, 35.686, 37.054, 39.659, 41.061, 41.963, 42.898, 42.727, 42.139, 42.386, 42.659, 42.527, 43.18, 44.312, 44.972, 45.085, 45.573, 46.964, 49.379, 51.525, 52.79, 53.45, 53.151, 52.764, 52.566, 54.077, 55.281, 55.725, 57.625, 58.403, 58.387, 59.016, 58.851, 59.84, 60.458, 60.036, 59.306, 58.116, 56.801, 56.037, 56.477, 56.959, 56.535, 56.891, 57.853, 58.408, 58.586, 58.8, 59.199, 59.599, 59.391, 56.339, 55.424, 57.113, 56.922, 56.69, 56.13, 56.256, 56.729, 57.636, 59.625, 61.733, 63.765, 64.345, 63.784, 64.35, 65.126, 65.814, 65.46, 64.46], [46.069, 46.75, 47.001, 47.543, 46.449, 40.041, 30.464, 23.993, 21.414, 14.977, 5.766, 0.0, 9.883, 24.835, 31.74, 33.272, 34.006, 34.907, 36.33, 38.941, 40.337, 41.273, 42.279, 42.149, 41.601, 41.907, 42.222, 42.143, 42.789, 43.887, 44.62, 44.788, 45.23, 46.369, 48.594, 50.698, 52.001, 52.698, 52.353, 51.939, 51.692, 53.191, 54.276, 54.702, 56.908, 57.935, 57.943, 58.502, 58.285, 59.261, 59.883, 59.466, 58.787, 57.646, 56.37, 55.626, 56.065, 56.551, 56.15, 56.554, 57.537, 58.08, 58.253, 58.49, 58.908, 59.29, 59.066, 56.228, 55.543, 57.295, 57.062, 56.663, 56.029, 56.128, 56.539, 57.33, 59.334, 61.53, 63.599, 64.185, 63.584, 64.118, 64.953, 65.677, 65.383, 64.467], [47.54, 48.392, 48.583, 49.088, 47.958, 41.444, 32.029, 25.84, 23.436, 17.903, 11.875, 9.883, 0.0, 17.049, 25.283, 27.445, 28.4, 29.571, 31.525, 34.434, 35.593, 36.423, 37.545, 37.469, 36.997, 37.699, 38.35, 38.381, 39.011, 40.257, 41.346, 41.65, 42.05, 43.044, 45.437, 47.716, 48.944, 49.607, 49.251, 49.016, 49.179, 51.07, 52.429, 53.103, 55.571, 56.573, 56.864, 58.0, 57.931, 58.877, 59.444, 58.942, 58.108, 56.807, 55.52, 55.02, 55.634, 56.071, 55.535, 55.771, 56.733, 57.243, 57.669, 58.16, 58.61, 59.031, 58.871, 56.116, 55.657, 57.635, 57.583, 57.19, 56.451, 56.479, 56.821, 57.574, 59.666, 61.941, 64.033, 64.686, 64.125, 64.675, 65.528, 66.178, 65.711, 64.668], [54.463, 55.748, 56.018, 56.531, 55.326, 48.642, 39.563, 34.423, 33.066, 29.584, 25.405, 24.835, 17.049, 0.0, 10.382, 15.115, 17.052, 18.6, 22.698, 26.949, 27.823, 28.549, 29.866, 29.943, 29.69, 31.489, 33.426, 34.424, 35.765, 37.755, 39.697, 40.304, 40.237, 40.061, 41.915, 44.309, 45.25, 45.669, 45.312, 45.558, 46.639, 49.1, 50.945, 52.501, 56.377, 57.544, 57.863, 60.182, 60.483, 61.15, 61.604, 61.086, 60.127, 58.751, 57.154, 56.285, 56.565, 56.838, 56.408, 56.517, 57.313, 57.733, 58.546, 59.445, 59.923, 60.287, 60.375, 58.333, 58.638, 60.89, 60.999, 60.516, 59.358, 59.117, 59.174, 59.88, 61.941, 63.928, 65.899, 66.733, 66.246, 66.969, 68.257, 68.794, 67.822, 66.504], [59.185, 60.526, 60.761, 61.255, 60.053, 53.425, 44.811, 40.447, 39.576, 36.566, 32.284, 31.74, 25.283, 10.382, 0.0, 7.126, 10.23, 12.014, 17.993, 23.252, 24.234, 25.063, 26.379, 26.554, 26.491, 28.868, 31.552, 33.215, 35.106, 37.476, 39.829, 40.591, 39.994, 38.689, 39.988, 42.427, 43.243, 43.529, 43.188, 43.666, 44.993, 47.461, 49.354, 51.376, 56.21, 57.616, 57.782, 60.732, 61.461, 62.049, 62.437, 61.954, 61.055, 59.754, 57.996, 56.813, 56.854, 57.071, 56.803, 56.994, 57.701, 58.034, 58.929, 60.032, 60.591, 60.953, 61.221, 59.784, 60.708, 63.152, 63.227, 62.563, 61.181, 60.798, 60.659, 61.298, 63.356, 65.245, 67.228, 68.186, 67.707, 68.485, 69.999, 70.491, 69.364, 68.122], [60.573, 61.81, 61.914, 62.351, 61.169, 54.643, 46.316, 42.212, 41.414, 38.477, 34.005, 33.272, 27.445, 15.115, 7.126, 0.0, 4.514, 7.525, 13.863, 19.478, 20.776, 21.845, 23.366, 23.707, 23.819, 26.406, 29.264, 31.169, 33.308, 35.823, 38.298, 39.149, 38.316, 36.497, 37.819, 40.458, 41.368, 41.724, 41.416, 41.97, 43.222, 45.599, 47.383, 49.431, 54.571, 56.096, 56.175, 59.288, 60.335, 61.162, 61.555, 61.054, 60.272, 59.068, 57.31, 56.116, 56.161, 56.385, 56.147, 56.43, 57.151, 57.436, 58.303, 59.486, 60.192, 60.637, 60.983, 59.806, 61.038, 63.594, 63.62, 62.872, 61.483, 61.078, 60.871, 61.501, 63.635, 65.602, 67.634, 68.598, 68.077, 68.825, 70.38, 70.898, 69.841, 68.748], [61.288, 62.513, 62.621, 63.049, 61.907, 55.489, 47.229, 43.049, 42.203, 39.344, 34.837, 34.006, 28.4, 17.052, 10.23, 4.514, 0.0, 5.356, 12.811, 18.578, 19.937, 21.097, 22.731, 23.145, 23.329, 26.052, 29.026, 31.075, 33.31, 35.826, 38.313, 39.173, 38.366, 36.517, 37.793, 40.43, 41.319, 41.668, 41.367, 41.932, 43.174, 45.574, 47.354, 49.393, 54.617, 56.196, 56.263, 59.372, 60.448, 61.35, 61.78, 61.269, 60.532, 59.382, 57.625, 56.402, 56.421, 56.639, 56.378, 56.628, 57.333, 57.58, 58.392, 59.537, 60.246, 60.734, 61.082, 59.929, 61.197, 63.769, 63.815, 63.107, 61.769, 61.383, 61.178, 61.821, 63.99, 65.979, 68.007, 68.951, 68.406, 69.111, 70.593, 71.1, 70.074, 68.997], [61.793, 62.949, 62.996, 63.39, 62.319, 56.06, 47.913, 43.77, 42.965, 40.191, 35.686, 34.907, 29.571, 18.6, 12.014, 7.525, 5.356, 0.0, 9.943, 16.724, 18.059, 19.294, 21.158, 21.724, 22.053, 24.775, 27.886, 30.312, 33.003, 35.59, 37.812, 38.611, 37.78, 35.874, 37.254, 40.058, 41.027, 41.421, 41.141, 41.672, 42.913, 45.374, 47.233, 49.292, 54.557, 56.147, 56.197, 59.376, 60.616, 61.632, 62.056, 61.569, 60.858, 59.712, 57.911, 56.556, 56.528, 56.8, 56.585, 56.859, 57.535, 57.722, 58.376, 59.432, 60.139, 60.525, 60.856, 59.682, 60.809, 63.263, 63.319, 62.665, 61.362, 61.006, 60.811, 61.429, 63.521, 65.42, 67.331, 68.22, 67.684, 68.382, 69.863, 70.367, 69.327, 68.245], [62.515, 63.295, 63.021, 63.25, 62.274, 56.639, 49.153, 44.756, 43.543, 40.998, 37.054, 36.33, 31.525, 22.698, 17.993, 13.863, 12.811, 9.943, 0.0, 7.905, 10.568, 12.935, 15.916, 16.965, 17.761, 20.838, 23.977, 26.722, 30.016, 32.994, 35.022, 35.865, 34.934, 32.909, 35.562, 39.178, 40.494, 41.167, 40.916, 41.288, 42.411, 45.127, 47.003, 48.713, 53.434, 54.748, 54.754, 57.948, 59.504, 61.092, 61.65, 61.192, 60.644, 59.479, 57.655, 56.378, 56.491, 56.808, 56.523, 56.899, 57.642, 57.793, 58.322, 59.423, 60.566, 61.165, 61.506, 60.172, 60.815, 63.029, 63.017, 62.275, 61.016, 60.677, 60.561, 61.364, 63.747, 65.846, 67.702, 68.442, 67.805, 68.339, 69.709, 70.217, 69.329, 68.435], [64.585, 65.176, 64.717, 64.834, 63.874, 58.625, 51.627, 47.107, 45.615, 43.235, 39.659, 38.941, 34.434, 26.949, 23.252, 19.478, 18.578, 16.724, 7.905, 0.0, 5.276, 9.906, 14.006, 15.319, 16.319, 19.672, 23.02, 25.881, 29.295, 32.535, 34.706, 35.69, 34.771, 32.753, 36.379, 40.506, 41.965, 42.722, 42.455, 42.783, 43.815, 46.51, 48.27, 49.767, 54.096, 55.196, 55.144, 58.274, 59.947, 61.825, 62.487, 62.072, 61.688, 60.603, 58.854, 57.733, 57.962, 58.201, 57.738, 58.084, 58.802, 58.868, 59.315, 60.472, 61.981, 62.913, 63.359, 61.972, 62.273, 64.384, 64.325, 63.474, 62.219, 61.844, 61.758, 62.765, 65.583, 67.956, 69.875, 70.6, 69.882, 70.196, 71.373, 71.893, 71.124, 70.33], [64.926, 65.555, 65.141, 65.265, 64.325, 59.186, 52.45, 48.14, 46.729, 44.48, 41.061, 40.337, 35.593, 27.823, 24.234, 20.776, 19.937, 18.059, 10.568, 5.276, 0.0, 6.359, 11.709, 13.348, 14.929, 18.757, 22.044, 24.812, 28.201, 31.547, 33.856, 34.91, 33.95, 31.859, 35.749, 40.005, 41.416, 42.111, 41.844, 42.25, 43.372, 46.115, 47.926, 49.475, 53.784, 54.848, 54.844, 58.044, 59.777, 61.699, 62.346, 61.858, 61.377, 60.265, 58.684, 57.838, 58.247, 58.46, 57.762, 57.911, 58.575, 58.629, 59.146, 60.339, 61.856, 62.846, 63.384, 62.066, 62.381, 64.556, 64.581, 63.79, 62.559, 62.212, 62.116, 63.071, 65.922, 68.301, 70.207, 70.981, 70.289, 70.522, 71.69, 72.229, 71.448, 70.687], [64.816, 65.491, 65.175, 65.336, 64.398, 59.298, 52.703, 48.601, 47.312, 45.177, 41.963, 41.273, 36.423, 28.549, 25.063, 21.845, 21.097, 19.294, 12.935, 9.906, 6.359, 0.0, 6.501, 9.181, 11.804, 16.375, 19.67, 22.448, 25.862, 29.485, 32.103, 33.211, 32.098, 29.912, 34.213, 38.639, 39.906, 40.491, 40.244, 40.676, 41.85, 44.72, 46.632, 48.205, 52.53, 53.535, 53.551, 56.873, 58.683, 60.611, 61.186, 60.524, 59.77, 58.379, 56.807, 56.517, 57.516, 57.82, 56.814, 56.711, 57.392, 57.583, 58.373, 59.647, 61.078, 62.085, 62.702, 61.359, 61.602, 63.796, 63.947, 63.298, 62.113, 61.808, 61.748, 62.75, 65.638, 67.997, 69.866, 70.658, 70.025, 70.332, 71.601, 72.112, 71.296, 70.631], [64.862, 65.555, 65.288, 65.466, 64.511, 59.43, 52.977, 49.104, 47.915, 45.867, 42.898, 42.279, 37.545, 29.866, 26.379, 23.366, 22.731, 21.158, 15.916, 14.006, 11.709, 6.501, 0.0, 4.267, 8.583, 14.143, 17.95, 21.011, 24.554, 28.364, 31.255, 32.414, 31.128, 28.821, 33.341, 37.844, 38.992, 39.495, 39.246, 39.599, 40.726, 43.619, 45.626, 47.191, 51.408, 52.343, 52.299, 55.701, 57.59, 59.454, 59.993, 59.303, 58.435, 56.879, 55.168, 55.168, 56.715, 57.139, 55.942, 55.674, 56.327, 56.558, 57.471, 58.821, 60.232, 61.27, 61.926, 60.543, 60.759, 62.988, 63.208, 62.643, 61.486, 61.181, 61.101, 62.127, 65.037, 67.408, 69.325, 70.167, 69.583, 69.954, 71.263, 71.759, 70.922, 70.289], [64.225, 64.919, 64.659, 64.843, 63.897, 58.838, 52.472, 48.725, 47.585, 45.574, 42.727, 42.149, 37.469, 29.943, 26.554, 23.707, 23.145, 21.724, 16.965, 15.319, 13.348, 9.181, 4.267, 0.0, 6.003, 12.721, 17.004, 20.131, 23.668, 27.514, 30.494, 31.703, 30.5, 28.423, 33.075, 37.569, 38.713, 39.188, 38.918, 39.238, 40.303, 43.104, 45.133, 46.706, 50.806, 51.738, 51.677, 55.029, 56.827, 58.607, 59.174, 58.537, 57.677, 56.127, 54.416, 54.36, 55.915, 56.361, 55.142, 54.838, 55.457, 55.669, 56.564, 57.928, 59.355, 60.435, 61.118, 59.658, 59.874, 62.182, 62.355, 61.746, 60.555, 60.207, 60.09, 61.145, 64.089, 66.495, 68.492, 69.384, 68.79, 69.176, 70.566, 71.159, 70.327, 69.607], [63.473, 64.204, 63.972, 64.191, 63.229, 58.068, 51.624, 47.904, 46.8, 44.848, 42.139, 41.601, 36.997, 29.69, 26.491, 23.819, 23.329, 22.053, 17.761, 16.319, 14.929, 11.804, 8.583, 6.003, 0.0, 7.924, 13.806, 17.962, 21.952, 25.942, 29.087, 30.355, 29.314, 27.773, 32.768, 37.263, 38.361, 38.771, 38.455, 38.755, 39.762, 42.493, 44.52, 46.076, 50.129, 51.117, 51.082, 54.43, 56.177, 57.869, 58.438, 57.849, 57.058, 55.52, 53.811, 53.865, 55.423, 55.788, 54.695, 54.587, 55.25, 55.435, 56.273, 57.614, 59.027, 60.148, 60.858, 59.298, 59.488, 61.876, 61.988, 61.312, 60.051, 59.671, 59.574, 60.698, 63.707, 66.138, 68.196, 69.117, 68.528, 68.945, 70.292, 70.908, 70.115, 69.251], [62.451, 63.094, 62.785, 63.012, 62.064, 57.057, 50.972, 47.504, 46.49, 44.739, 42.386, 41.907, 37.699, 31.489, 28.868, 26.406, 26.052, 24.775, 20.838, 19.672, 18.757, 16.375, 14.143, 12.721, 7.924, 0.0, 7.845, 13.863, 18.966, 23.05, 26.154, 27.49, 26.622, 26.183, 32.435, 37.179, 38.35, 38.816, 38.525, 38.8, 39.628, 42.266, 44.271, 45.619, 49.259, 50.21, 50.242, 53.606, 55.616, 57.565, 58.179, 57.571, 56.79, 55.169, 53.532, 54.052, 56.037, 56.45, 55.401, 55.558, 56.351, 56.481, 57.056, 58.2, 59.513, 60.597, 61.35, 59.609, 59.556, 61.89, 61.997, 61.363, 60.131, 59.792, 59.782, 60.971, 63.926, 66.302, 68.341, 69.238, 68.681, 69.121, 70.382, 71.006, 70.367, 69.496], [59.71, 60.101, 59.573, 59.726, 58.882, 54.487, 49.458, 46.676, 45.942, 44.538, 42.659, 42.222, 38.35, 33.426, 31.552, 29.264, 29.026, 27.886, 23.977, 23.02, 22.044, 19.67, 17.95, 17.004, 13.806, 7.845, 0.0, 7.452, 14.026, 18.416, 21.449, 22.835, 22.081, 22.949, 30.866, 36.003, 37.427, 38.124, 37.96, 38.206, 38.859, 41.494, 43.563, 44.545, 47.368, 48.134, 48.303, 51.654, 53.986, 56.438, 57.191, 56.448, 55.525, 53.808, 52.505, 53.647, 56.106, 56.666, 55.513, 55.726, 56.705, 56.902, 57.36, 58.351, 59.499, 60.422, 61.15, 59.207, 58.99, 61.276, 61.452, 60.975, 59.855, 59.618, 59.667, 60.743, 63.362, 65.598, 67.598, 68.429, 67.897, 68.348, 69.66, 70.347, 69.839, 69.033], [57.027, 57.19, 56.489, 56.566, 55.834, 52.048, 47.926, 45.745, 45.249, 44.028, 42.527, 42.143, 38.381, 34.424, 33.215, 31.169, 31.075, 30.312, 26.722, 25.881, 24.812, 22.448, 21.011, 20.131, 17.962, 13.863, 7.452, 0.0, 7.678, 13.054, 16.933, 18.61, 18.056, 20.166, 29.404, 34.827, 36.448, 37.329, 37.222, 37.43, 37.964, 40.463, 42.491, 43.181, 45.23, 45.757, 46.108, 49.481, 51.907, 54.6, 55.501, 54.688, 53.625, 51.872, 50.987, 52.689, 55.477, 56.107, 54.806, 54.943, 56.062, 56.483, 57.099, 58.08, 59.117, 59.989, 60.69, 58.59, 58.326, 60.66, 60.834, 60.338, 59.259, 59.054, 59.099, 60.055, 62.507, 64.786, 66.882, 67.719, 67.167, 67.537, 68.831, 69.61, 69.203, 68.454], [55.954, 55.974, 55.207, 55.259, 54.595, 51.276, 47.759, 45.964, 45.557, 44.372, 43.18, 42.789, 39.011, 35.765, 35.106, 33.308, 33.31, 33.003, 30.016, 29.295, 28.201, 25.862, 24.554, 23.668, 21.952, 18.966, 14.026, 7.678, 0.0, 7.187, 13.259, 15.531, 15.452, 19.046, 29.21, 34.703, 36.336, 37.306, 37.152, 37.263, 37.7, 40.021, 41.943, 42.462, 43.944, 44.29, 44.905, 48.388, 50.824, 53.526, 54.491, 53.659, 52.429, 50.553, 49.978, 52.26, 55.447, 56.149, 54.64, 54.554, 55.651, 56.267, 57.213, 58.251, 59.171, 60.081, 60.786, 58.528, 58.092, 60.435, 60.591, 60.024, 58.996, 58.795, 58.854, 59.8, 62.317, 64.762, 66.949, 67.788, 67.185, 67.431, 68.652, 69.518, 69.224, 68.56], [54.703, 54.527, 53.612, 53.612, 53.042, 50.288, 47.692, 46.548, 46.34, 45.269, 44.312, 43.887, 40.257, 37.755, 37.476, 35.823, 35.826, 35.59, 32.994, 32.535, 31.547, 29.485, 28.364, 27.514, 25.942, 23.05, 18.416, 13.054, 7.187, 0.0, 7.767, 10.76, 11.457, 17.701, 29.213, 34.902, 36.666, 37.784, 37.627, 37.68, 38.009, 40.236, 42.192, 42.523, 43.498, 43.788, 44.753, 48.4, 51.09, 54.025, 55.067, 54.236, 52.919, 50.962, 50.547, 53.132, 56.603, 57.44, 55.867, 55.601, 56.553, 57.071, 57.971, 59.023, 59.868, 60.635, 61.258, 58.824, 58.168, 60.422, 60.651, 60.217, 59.317, 59.152, 59.226, 60.072, 62.363, 64.741, 66.87, 67.628, 67.027, 67.26, 68.444, 69.366, 69.195, 68.593], [52.708, 52.289, 51.114, 50.984, 50.519, 48.343, 46.846, 46.494, 46.549, 45.678, 44.972, 44.62, 41.346, 39.697, 39.829, 38.298, 38.313, 37.812, 35.022, 34.706, 33.856, 32.103, 31.255, 30.494, 29.087, 26.154, 21.449, 16.933, 13.259, 7.767, 0.0, 3.77, 6.29, 16.256, 29.157, 35.17, 37.233, 38.572, 38.525, 38.556, 38.804, 41.084, 43.156, 43.255, 43.726, 43.936, 45.084, 48.652, 51.55, 54.888, 56.044, 55.26, 54.017, 52.127, 51.774, 54.279, 57.682, 58.585, 57.11, 56.831, 57.695, 58.108, 58.702, 59.626, 60.594, 61.166, 61.622, 59.046, 58.212, 60.272, 60.522, 60.243, 59.445, 59.368, 59.478, 60.175, 62.016, 64.103, 66.018, 66.561, 65.924, 66.186, 67.43, 68.409, 68.312, 67.709], [51.454, 50.981, 49.721, 49.535, 49.094, 47.124, 46.117, 46.162, 46.39, 45.648, 45.085, 44.788, 41.65, 40.304, 40.591, 39.149, 39.173, 38.611, 35.865, 35.69, 34.91, 33.211, 32.414, 31.703, 30.355, 27.49, 22.835, 18.61, 15.531, 10.76, 3.77, 0.0, 4.823, 16.097, 29.112, 35.139, 37.261, 38.649, 38.673, 38.706, 38.957, 41.298, 43.447, 43.475, 43.777, 43.973, 45.142, 48.604, 51.511, 54.958, 56.149, 55.366, 54.119, 52.241, 51.907, 54.383, 57.74, 58.646, 57.235, 56.985, 57.86, 58.287, 58.834, 59.718, 60.7, 61.188, 61.567, 58.956, 58.124, 60.138, 60.43, 60.248, 59.482, 59.461, 59.598, 60.19, 61.76, 63.664, 65.479, 65.931, 65.296, 65.596, 66.855, 67.821, 67.71, 67.063], [52.09, 51.653, 50.472, 50.311, 49.84, 47.662, 46.538, 46.74, 47.065, 46.288, 45.573, 45.23, 42.05, 40.237, 39.994, 38.316, 38.366, 37.78, 34.934, 34.771, 33.95, 32.098, 31.128, 30.5, 29.314, 26.622, 22.081, 18.056, 15.452, 11.457, 6.29, 4.823, 0.0, 12.237, 26.176, 32.518, 34.65, 36.089, 36.158, 36.239, 36.569, 39.058, 41.284, 41.365, 41.957, 42.244, 43.373, 47.071, 50.174, 53.671, 54.857, 54.097, 52.928, 51.134, 50.73, 53.094, 56.405, 57.303, 55.981, 55.835, 56.736, 57.17, 57.788, 58.772, 59.784, 60.202, 60.602, 58.38, 58.018, 60.143, 60.398, 60.094, 59.246, 59.234, 59.29, 59.674, 61.116, 62.979, 64.826, 65.359, 64.789, 65.109, 66.356, 67.229, 67.021, 66.423], [55.318, 55.067, 54.08, 53.993, 53.484, 50.759, 48.867, 48.886, 49.252, 48.32, 46.964, 46.369, 43.044, 40.061, 38.689, 36.497, 36.517, 35.874, 32.909, 32.753, 31.859, 29.912, 28.821, 28.423, 27.773, 26.183, 22.949, 20.166, 19.046, 17.701, 16.256, 16.097, 12.237, 0.0, 15.729, 23.234, 25.602, 27.342, 27.449, 27.721, 28.385, 31.195, 33.541, 33.755, 35.655, 36.395, 37.341, 41.659, 45.079, 48.54, 49.67, 49.035, 48.313, 47.141, 46.757, 48.603, 51.436, 52.187, 51.272, 51.573, 52.523, 52.937, 53.772, 55.149, 56.441, 56.653, 56.978, 56.277, 57.878, 60.545, 60.625, 59.791, 58.682, 58.654, 58.358, 57.957, 59.038, 60.917, 62.911, 63.695, 63.189, 63.397, 64.55, 65.159, 64.688, 64.253], [57.309, 57.566, 56.978, 57.057, 56.486, 53.286, 51.035, 51.384, 52.128, 51.209, 49.379, 48.594, 45.437, 41.915, 39.988, 37.819, 37.793, 37.254, 35.562, 36.379, 35.749, 34.213, 33.341, 33.075, 32.768, 32.435, 30.866, 29.404, 29.21, 29.213, 29.157, 29.112, 26.176, 15.729, 0.0, 8.721, 11.936, 14.401, 14.691, 15.365, 16.692, 19.721, 22.434, 23.093, 27.548, 29.524, 30.076, 34.591, 37.757, 40.699, 41.714, 41.326, 41.288, 41.314, 41.257, 42.168, 43.913, 44.409, 44.457, 45.545, 46.531, 46.985, 48.286, 50.249, 51.489, 50.951, 50.839, 52.432, 57.764, 61.624, 61.598, 60.409, 59.106, 59.169, 58.378, 56.529, 56.369, 57.848, 59.938, 61.009, 60.656, 60.831, 61.935, 62.182, 61.217, 60.671], [58.128, 58.773, 58.561, 58.79, 58.183, 54.878, 52.656, 53.208, 54.126, 53.323, 51.525, 50.698, 47.716, 44.309, 42.427, 40.458, 40.43, 40.058, 39.178, 40.506, 40.005, 38.639, 37.844, 37.569, 37.263, 37.179, 36.003, 34.827, 34.703, 34.902, 35.17, 35.139, 32.518, 23.234, 8.721, 0.0, 4.758, 8.364, 8.964, 9.981, 11.809, 14.936, 17.891, 18.93, 24.719, 27.377, 27.678, 31.959, 34.749, 37.285, 38.281, 38.093, 38.41, 39.028, 39.192, 39.682, 40.892, 41.281, 41.815, 43.28, 44.264, 44.756, 46.336, 48.572, 49.623, 48.652, 48.285, 50.858, 58.105, 62.683, 62.624, 61.38, 60.071, 60.214, 59.25, 56.765, 55.972, 57.18, 59.276, 60.486, 60.268, 60.459, 61.544, 61.641, 60.427, 59.744], [59.002, 59.939, 60.077, 60.466, 59.804, 56.309, 53.851, 54.25, 55.164, 54.464, 52.79, 52.001, 48.944, 45.25, 43.243, 41.368, 41.319, 41.027, 40.494, 41.965, 41.416, 39.906, 38.992, 38.713, 38.361, 38.35, 37.427, 36.448, 36.336, 36.666, 37.233, 37.261, 34.65, 25.602, 11.936, 4.758, 0.0, 4.391, 5.432, 7.23, 9.91, 13.521, 16.764, 18.146, 24.571, 27.366, 27.54, 31.809, 34.451, 36.75, 37.676, 37.487, 37.826, 38.482, 38.612, 39.092, 40.297, 40.642, 41.183, 42.681, 43.689, 44.231, 45.99, 48.351, 49.343, 48.386, 48.071, 50.849, 58.364, 63.05, 63.096, 61.958, 60.655, 60.797, 59.827, 57.331, 56.57, 57.757, 59.878, 61.193, 61.068, 61.306, 62.351, 62.362, 61.057, 60.323], [59.596, 60.756, 61.132, 61.651, 60.912, 57.125, 54.45, 54.802, 55.759, 55.1, 53.45, 52.698, 49.607, 45.669, 43.529, 41.724, 41.668, 41.421, 41.167, 42.722, 42.111, 40.491, 39.495, 39.188, 38.771, 38.816, 38.124, 37.329, 37.306, 37.784, 38.572, 38.649, 36.089, 27.342, 14.401, 8.364, 4.391, 0.0, 2.805, 6.296, 9.327, 12.833, 16.113, 17.991, 25.127, 28.1, 28.123, 32.219, 34.541, 36.576, 37.452, 37.223, 37.528, 38.118, 38.103, 38.492, 39.633, 39.9, 40.368, 41.847, 42.858, 43.434, 45.331, 47.778, 48.737, 47.854, 47.679, 50.622, 58.381, 63.179, 63.305, 62.309, 60.965, 61.084, 60.114, 57.691, 57.027, 58.171, 60.313, 61.717, 61.65, 61.999, 63.207, 63.234, 61.816, 60.992], [59.889, 61.05, 61.433, 61.97, 61.261, 57.456, 54.61, 54.756, 55.584, 54.845, 53.151, 52.353, 49.251, 45.312, 43.188, 41.416, 41.367, 41.141, 40.916, 42.455, 41.844, 40.244, 39.246, 38.918, 38.455, 38.525, 37.96, 37.222, 37.152, 37.627, 38.525, 38.673, 36.158, 27.449, 14.691, 8.964, 5.432, 2.805, 0.0, 4.476, 8.112, 12.077, 15.531, 17.54, 24.945, 28.001, 28.055, 32.17, 34.412, 36.324, 37.201, 36.999, 37.309, 37.86, 37.756, 38.111, 39.285, 39.56, 40.01, 41.507, 42.528, 43.117, 45.053, 47.552, 48.563, 47.735, 47.539, 50.439, 58.097, 62.877, 62.993, 61.97, 60.643, 60.746, 59.778, 57.387, 56.857, 58.105, 60.262, 61.67, 61.581, 61.881, 63.039, 63.069, 61.687, 60.9], [59.459, 60.526, 60.888, 61.421, 60.781, 57.228, 54.549, 54.632, 55.325, 54.451, 52.764, 51.939, 49.016, 45.558, 43.666, 41.97, 41.932, 41.672, 41.288, 42.783, 42.25, 40.676, 39.599, 39.238, 38.755, 38.8, 38.206, 37.43, 37.263, 37.68, 38.556, 38.706, 36.239, 27.721, 15.365, 9.981, 7.23, 6.296, 4.476, 0.0, 4.878, 10.39, 14.506, 16.533, 23.768, 26.87, 26.955, 31.041, 33.367, 35.309, 36.184, 36.056, 36.5, 37.168, 37.1, 37.528, 38.866, 39.224, 39.751, 41.311, 42.348, 42.961, 44.889, 47.37, 48.415, 47.521, 47.136, 49.946, 57.503, 62.213, 62.343, 61.343, 60.114, 60.293, 59.342, 56.851, 56.241, 57.511, 59.621, 60.966, 60.84, 61.011, 62.001, 61.987, 60.669, 59.963], [58.925, 59.93, 60.295, 60.838, 60.24, 56.886, 54.569, 54.858, 55.526, 54.453, 52.566, 51.692, 49.179, 46.639, 44.993, 43.222, 43.174, 42.913, 42.411, 43.815, 43.372, 41.85, 40.726, 40.303, 39.762, 39.628, 38.859, 37.964, 37.7, 38.009, 38.804, 38.957, 36.569, 28.385, 16.692, 11.809, 9.91, 9.327, 8.112, 4.878, 0.0, 6.884, 11.607, 13.962, 21.756, 25.156, 25.144, 29.068, 31.547, 33.617, 34.499, 34.384, 35.006, 35.882, 36.014, 36.655, 38.207, 38.616, 39.126, 40.796, 41.889, 42.558, 44.446, 46.897, 47.967, 47.069, 46.659, 49.473, 57.089, 61.833, 61.916, 60.914, 59.749, 59.964, 59.014, 56.479, 55.86, 57.18, 59.304, 60.621, 60.458, 60.574, 61.563, 61.642, 60.463, 59.88], [59.989, 61.0, 61.374, 61.928, 61.318, 57.917, 55.759, 56.554, 57.508, 56.285, 54.077, 53.191, 51.07, 49.1, 47.461, 45.599, 45.574, 45.374, 45.127, 46.51, 46.115, 44.72, 43.619, 43.104, 42.493, 42.266, 41.494, 40.463, 40.021, 40.236, 41.084, 41.298, 39.058, 31.195, 19.721, 14.936, 13.521, 12.833, 12.077, 10.39, 6.884, 0.0, 5.788, 9.823, 19.758, 23.826, 23.586, 27.43, 29.88, 31.536, 32.277, 32.317, 33.255, 34.694, 35.278, 35.997, 37.48, 37.848, 38.489, 40.327, 41.375, 42.052, 43.919, 46.406, 47.428, 46.499, 46.146, 49.356, 57.594, 62.567, 62.535, 61.443, 60.271, 60.453, 59.388, 56.789, 56.195, 57.598, 59.869, 61.264, 61.047, 61.142, 62.242, 62.451, 61.365, 60.866], [61.58, 62.562, 62.925, 63.475, 62.831, 59.335, 57.062, 57.885, 58.911, 57.677, 55.281, 54.276, 52.429, 50.945, 49.354, 47.383, 47.354, 47.233, 47.003, 48.27, 47.926, 46.632, 45.626, 45.133, 44.52, 44.271, 43.563, 42.491, 41.943, 42.192, 43.156, 43.447, 41.284, 33.541, 22.434, 17.891, 16.764, 16.113, 15.531, 14.506, 11.607, 5.788, 0.0, 6.789, 18.905, 23.443, 23.01, 26.563, 28.7, 29.958, 30.585, 30.763, 32.019, 33.779, 34.574, 35.36, 36.861, 37.228, 37.96, 39.996, 41.036, 41.698, 43.493, 45.977, 47.064, 46.29, 46.054, 49.557, 58.205, 63.376, 63.231, 61.943, 60.728, 60.887, 59.775, 57.209, 56.925, 58.587, 60.974, 62.401, 62.128, 62.191, 63.333, 63.596, 62.621, 62.299], [60.539, 61.283, 61.53, 62.057, 61.5, 58.331, 56.347, 57.206, 58.27, 57.5, 55.725, 54.702, 53.103, 52.501, 51.376, 49.431, 49.393, 49.292, 48.713, 49.767, 49.475, 48.205, 47.191, 46.706, 46.076, 45.619, 44.545, 43.181, 42.462, 42.523, 43.255, 43.475, 41.365, 33.755, 23.093, 18.93, 18.146, 17.991, 17.54, 16.533, 13.962, 9.823, 6.789, 0.0, 13.193, 18.223, 17.879, 21.739, 24.451, 26.242, 27.019, 27.219, 28.721, 30.864, 32.095, 33.341, 35.28, 35.745, 36.497, 38.744, 39.905, 40.576, 42.26, 44.736, 45.873, 45.098, 44.823, 48.375, 57.12, 62.34, 62.183, 60.835, 59.732, 59.992, 58.915, 56.228, 55.869, 57.727, 60.271, 61.71, 61.44, 61.373, 62.26, 62.411, 61.585, 61.444], [58.167, 58.401, 58.396, 58.877, 58.533, 56.361, 55.465, 56.714, 57.833, 57.809, 57.625, 56.908, 55.571, 56.377, 56.21, 54.571, 54.617, 54.557, 53.434, 54.096, 53.784, 52.53, 51.408, 50.806, 50.129, 49.259, 47.368, 45.23, 43.944, 43.498, 43.726, 43.777, 41.957, 35.655, 27.548, 24.719, 24.571, 25.127, 24.945, 23.768, 21.756, 19.758, 18.905, 13.193, 0.0, 6.145, 7.6, 13.22, 18.153, 21.536, 22.702, 22.978, 24.712, 27.433, 29.826, 32.29, 35.232, 35.887, 36.3, 38.507, 39.767, 40.408, 41.787, 44.057, 45.195, 44.455, 44.056, 47.12, 55.598, 60.797, 60.624, 59.328, 58.577, 59.065, 58.115, 55.24, 54.594, 56.76, 59.659, 61.148, 60.913, 60.478, 60.691, 60.696, 60.23, 60.34], [58.308, 58.37, 58.278, 58.721, 58.414, 56.488, 55.727, 56.869, 57.889, 58.033, 58.403, 57.935, 56.573, 57.544, 57.616, 56.096, 56.196, 56.147, 54.748, 55.196, 54.848, 53.535, 52.343, 51.738, 51.117, 50.21, 48.134, 45.757, 44.29, 43.788, 43.936, 43.973, 42.244, 36.395, 29.524, 27.377, 27.366, 28.1, 28.001, 26.87, 25.156, 23.826, 23.443, 18.223, 6.145, 0.0, 5.11, 12.156, 17.885, 21.768, 23.019, 23.251, 24.792, 27.305, 29.789, 32.625, 35.971, 36.666, 36.778, 38.807, 40.085, 40.761, 42.099, 44.294, 45.585, 45.13, 44.809, 47.439, 55.425, 60.513, 60.322, 59.044, 58.433, 58.987, 58.157, 55.497, 55.11, 57.509, 60.526, 62.024, 61.781, 61.21, 61.12, 61.0, 60.635, 60.872], [58.895, 59.114, 59.099, 59.551, 59.138, 56.933, 55.925, 56.963, 58.03, 58.187, 58.387, 57.943, 56.864, 57.863, 57.782, 56.175, 56.263, 56.197, 54.754, 55.144, 54.844, 53.551, 52.299, 51.677, 51.082, 50.242, 48.303, 46.108, 44.905, 44.753, 45.084, 45.142, 43.373, 37.341, 30.076, 27.678, 27.54, 28.123, 28.055, 26.955, 25.144, 23.586, 23.01, 17.879, 7.6, 5.11, 0.0, 8.793, 15.326, 19.533, 20.903, 21.296, 23.286, 26.247, 28.641, 31.14, 34.313, 34.945, 35.273, 37.596, 38.949, 39.659, 41.016, 43.314, 44.767, 44.396, 44.163, 47.055, 55.329, 60.495, 60.239, 58.864, 58.161, 58.71, 57.85, 55.262, 54.988, 57.385, 60.432, 61.987, 61.748, 61.215, 61.213, 61.048, 60.577, 60.776], [58.299, 58.653, 58.77, 59.255, 58.824, 56.759, 56.104, 57.287, 58.436, 58.738, 59.016, 58.502, 58.0, 60.182, 60.732, 59.288, 59.372, 59.376, 57.948, 58.274, 58.044, 56.873, 55.701, 55.029, 54.43, 53.606, 51.654, 49.481, 48.388, 48.4, 48.652, 48.604, 47.071, 41.659, 34.591, 31.959, 31.809, 32.219, 32.17, 31.041, 29.068, 27.43, 26.563, 21.739, 13.22, 12.156, 8.793, 0.0, 8.361, 14.559, 16.4, 17.08, 20.211, 24.228, 27.153, 29.607, 32.613, 33.202, 33.854, 36.673, 38.185, 38.95, 40.192, 42.452, 43.977, 43.528, 43.204, 46.339, 55.111, 60.416, 60.006, 58.454, 57.72, 58.346, 57.46, 54.665, 54.234, 56.652, 59.733, 61.294, 61.115, 60.657, 60.73, 60.591, 60.147, 60.351], [58.284, 58.896, 59.242, 59.817, 59.282, 56.93, 56.001, 57.043, 58.195, 58.566, 58.851, 58.285, 57.931, 60.483, 61.461, 60.335, 60.448, 60.616, 59.504, 59.947, 59.777, 58.683, 57.59, 56.827, 56.177, 55.616, 53.986, 51.907, 50.824, 51.09, 51.55, 51.511, 50.174, 45.079, 37.757, 34.749, 34.451, 34.541, 34.412, 33.367, 31.547, 29.88, 28.7, 24.451, 18.153, 17.885, 15.326, 8.361, 0.0, 8.011, 10.989, 12.398, 16.759, 21.755, 24.858, 26.834, 29.303, 29.698, 30.71, 33.946, 35.546, 36.471, 37.94, 40.32, 41.91, 41.551, 41.217, 44.69, 54.293, 59.956, 59.379, 57.612, 56.75, 57.343, 56.368, 53.445, 53.057, 55.561, 58.75, 60.375, 60.201, 59.892, 60.295, 60.281, 59.688, 59.726], [60.525, 61.363, 61.926, 62.603, 61.967, 59.084, 57.401, 58.238, 59.393, 59.672, 59.84, 59.261, 58.877, 61.15, 62.049, 61.162, 61.35, 61.632, 61.092, 61.825, 61.699, 60.611, 59.454, 58.607, 57.869, 57.565, 56.438, 54.6, 53.526, 54.025, 54.888, 54.958, 53.671, 48.54, 40.699, 37.285, 36.75, 36.576, 36.324, 35.309, 33.617, 31.536, 29.958, 26.242, 21.536, 21.768, 19.533, 14.559, 8.011, 0.0, 4.85, 8.526, 14.294, 20.401, 23.611, 24.981, 26.863, 27.021, 28.522, 32.088, 33.649, 34.746, 36.606, 39.206, 40.7, 40.413, 40.124, 44.141, 54.533, 60.498, 59.832, 57.933, 57.01, 57.541, 56.45, 53.447, 53.232, 55.866, 59.196, 60.973, 60.814, 60.504, 60.987, 61.007, 60.3, 60.256], [61.894, 62.747, 63.35, 64.051, 63.425, 60.351, 58.302, 59.016, 60.128, 60.328, 60.458, 59.883, 59.444, 61.604, 62.437, 61.555, 61.78, 62.056, 61.65, 62.487, 62.346, 61.186, 59.993, 59.174, 58.438, 58.179, 57.191, 55.501, 54.491, 55.067, 56.044, 56.149, 54.857, 49.67, 41.714, 38.281, 37.676, 37.452, 37.201, 36.184, 34.499, 32.277, 30.585, 27.019, 22.702, 23.019, 20.903, 16.4, 10.989, 4.85, 0.0, 5.474, 12.433, 19.25, 22.818, 24.396, 26.456, 26.634, 28.192, 31.834, 33.391, 34.542, 36.55, 39.203, 40.637, 40.325, 40.029, 44.177, 54.609, 60.556, 59.959, 58.154, 57.314, 57.88, 56.82, 53.861, 53.753, 56.428, 59.719, 61.479, 61.333, 61.053, 61.476, 61.397, 60.742, 60.85], [61.637, 62.458, 63.024, 63.711, 63.112, 60.028, 57.931, 58.585, 59.667, 59.864, 60.036, 59.466, 58.942, 61.086, 61.954, 61.054, 61.269, 61.569, 61.192, 62.072, 61.858, 60.524, 59.303, 58.537, 57.849, 57.571, 56.448, 54.688, 53.659, 54.236, 55.26, 55.366, 54.097, 49.035, 41.326, 38.093, 37.487, 37.223, 36.999, 36.056, 34.384, 32.317, 30.763, 27.219, 22.978, 23.251, 21.296, 17.08, 12.398, 8.526, 5.474, 0.0, 7.815, 15.32, 19.654, 22.396, 25.516, 25.922, 26.896, 30.334, 32.052, 33.313, 35.493, 38.183, 39.471, 39.177, 38.969, 42.975, 53.207, 59.151, 58.76, 57.224, 56.505, 57.123, 56.195, 53.394, 53.386, 56.112, 59.378, 61.099, 60.97, 60.791, 61.279, 61.132, 60.53, 60.863], [60.898, 61.694, 62.224, 62.903, 62.311, 59.183, 57.0, 57.622, 58.675, 58.92, 59.306, 58.787, 58.108, 60.127, 61.055, 60.272, 60.532, 60.858, 60.644, 61.688, 61.377, 59.77, 58.435, 57.677, 57.058, 56.79, 55.525, 53.625, 52.429, 52.919, 54.017, 54.119, 52.928, 48.313, 41.288, 38.41, 37.826, 37.528, 37.309, 36.5, 35.006, 33.255, 32.019, 28.721, 24.712, 24.792, 23.286, 20.211, 16.759, 14.294, 12.433, 7.815, 0.0, 8.336, 14.158, 19.141, 24.15, 25.05, 24.905, 27.628, 29.476, 30.989, 33.564, 36.251, 37.116, 36.859, 36.81, 40.337, 50.213, 56.2, 56.026, 54.786, 54.226, 54.89, 54.153, 51.664, 51.915, 54.809, 58.099, 59.795, 59.698, 59.661, 60.259, 60.069, 59.479, 60.048], [60.473, 61.231, 61.707, 62.362, 61.741, 58.516, 56.084, 56.397, 57.227, 57.464, 58.116, 57.646, 56.807, 58.751, 59.754, 59.068, 59.382, 59.712, 59.479, 60.603, 60.265, 58.379, 56.879, 56.127, 55.52, 55.169, 53.808, 51.872, 50.553, 50.962, 52.127, 52.241, 51.134, 47.141, 41.314, 39.028, 38.482, 38.118, 37.86, 37.168, 35.882, 34.694, 33.779, 30.864, 27.433, 27.305, 26.247, 24.228, 21.755, 20.401, 19.25, 15.32, 8.336, 0.0, 7.825, 16.271, 23.664, 25.15, 23.648, 25.445, 27.446, 29.191, 32.073, 34.691, 35.392, 35.587, 35.873, 38.338, 47.169, 53.087, 53.031, 51.972, 51.512, 52.178, 51.717, 49.92, 50.97, 54.215, 57.471, 59.07, 58.986, 59.183, 60.004, 59.842, 59.263, 60.0], [61.07, 61.908, 62.395, 63.048, 62.277, 58.555, 55.464, 55.378, 56.035, 56.19, 56.801, 56.37, 55.52, 57.154, 57.996, 57.31, 57.625, 57.911, 57.655, 58.854, 58.684, 56.807, 55.168, 54.416, 53.811, 53.532, 52.505, 50.987, 49.978, 50.547, 51.774, 51.907, 50.73, 46.757, 41.257, 39.192, 38.612, 38.103, 37.756, 37.1, 36.014, 35.278, 34.574, 32.095, 29.826, 29.789, 28.641, 27.153, 24.858, 23.611, 22.818, 19.654, 14.158, 7.825, 0.0, 10.725, 20.057, 22.15, 20.089, 21.736, 23.895, 25.733, 28.801, 31.585, 32.534, 33.21, 33.781, 35.902, 44.484, 50.456, 50.337, 49.325, 48.848, 49.446, 49.034, 47.751, 49.569, 53.116, 56.38, 57.943, 57.879, 58.362, 59.528, 59.367, 58.592, 59.27], [61.729, 62.737, 63.291, 63.969, 63.06, 58.743, 54.98, 54.773, 55.545, 55.703, 56.037, 55.626, 55.02, 56.285, 56.813, 56.116, 56.402, 56.556, 56.378, 57.733, 57.838, 56.517, 55.168, 54.36, 53.865, 54.052, 53.647, 52.689, 52.26, 53.132, 54.279, 54.383, 53.094, 48.603, 42.168, 39.682, 39.092, 38.492, 38.111, 37.528, 36.655, 35.997, 35.36, 33.341, 32.29, 32.625, 31.14, 29.607, 26.834, 24.981, 24.396, 22.396, 19.141, 16.271, 10.725, 0.0, 10.571, 13.709, 12.658, 15.938, 18.333, 20.181, 23.315, 26.534, 27.881, 28.585, 29.204, 32.318, 42.499, 48.864, 48.406, 47.158, 46.505, 46.965, 46.244, 44.766, 46.67, 50.326, 53.74, 55.404, 55.357, 56.053, 57.673, 57.581, 56.441, 56.823], [62.605, 63.804, 64.45, 65.156, 64.175, 59.487, 55.344, 55.164, 56.179, 56.431, 56.477, 56.065, 55.634, 56.565, 56.854, 56.161, 56.421, 56.528, 56.491, 57.962, 58.247, 57.516, 56.715, 55.915, 55.423, 56.037, 56.106, 55.477, 55.447, 56.603, 57.682, 57.74, 56.405, 51.436, 43.913, 40.892, 40.297, 39.633, 39.285, 38.866, 38.207, 37.48, 36.861, 35.28, 35.232, 35.971, 34.313, 32.613, 29.303, 26.863, 26.456, 25.516, 24.15, 23.664, 20.057, 10.571, 0.0, 4.816, 8.979, 14.987, 17.417, 19.277, 22.485, 26.036, 27.658, 28.081, 28.558, 32.954, 44.601, 51.159, 50.316, 48.641, 47.622, 47.902, 46.872, 44.956, 46.422, 49.862, 53.376, 55.163, 55.116, 55.899, 57.853, 57.869, 56.357, 56.224], [63.29, 64.552, 65.239, 65.959, 64.952, 60.16, 55.887, 55.623, 56.685, 56.987, 56.959, 56.551, 56.071, 56.838, 57.071, 56.385, 56.639, 56.8, 56.808, 58.201, 58.46, 57.82, 57.139, 56.361, 55.788, 56.45, 56.666, 56.107, 56.149, 57.44, 58.585, 58.646, 57.303, 52.187, 44.409, 41.281, 40.642, 39.9, 39.56, 39.224, 38.616, 37.848, 37.228, 35.745, 35.887, 36.666, 34.945, 33.202, 29.698, 27.021, 26.634, 25.922, 25.05, 25.15, 22.15, 13.709, 4.816, 0.0, 8.026, 15.099, 17.659, 19.656, 23.148, 26.957, 28.894, 29.557, 30.129, 34.729, 46.481, 53.098, 52.165, 50.305, 49.105, 49.32, 48.255, 46.286, 47.745, 51.142, 54.701, 56.55, 56.498, 57.237, 59.158, 59.185, 57.596, 57.279], [63.22, 64.42, 65.079, 65.79, 64.788, 60.045, 55.725, 55.232, 56.085, 56.378, 56.535, 56.15, 55.535, 56.408, 56.803, 56.147, 56.378, 56.585, 56.523, 57.738, 57.762, 56.814, 55.942, 55.142, 54.695, 55.401, 55.513, 54.806, 54.64, 55.867, 57.11, 57.235, 55.981, 51.272, 44.457, 41.815, 41.183, 40.368, 40.01, 39.751, 39.126, 38.489, 37.96, 36.497, 36.3, 36.778, 35.273, 33.854, 30.71, 28.522, 28.192, 26.896, 24.905, 23.648, 20.089, 12.658, 8.979, 8.026, 0.0, 8.063, 11.578, 14.39, 18.98, 23.227, 25.515, 27.214, 28.426, 32.148, 43.185, 50.004, 49.234, 47.706, 46.725, 46.965, 46.097, 44.698, 47.056, 50.932, 54.613, 56.487, 56.403, 57.129, 59.138, 59.324, 57.905, 57.853], [63.534, 64.704, 65.345, 66.037, 65.031, 60.318, 56.014, 55.541, 56.324, 56.606, 56.891, 56.554, 55.771, 56.517, 56.994, 56.43, 56.628, 56.859, 56.899, 58.084, 57.911, 56.711, 55.674, 54.838, 