[[0.0, 3.816, 5.751, 6.751, 10.371, 15.349, 17.75, 18.071, 20.62, 26.178, 29.712, 32.907, 33.231, 34.547, 38.327, 46.269, 53.969, 53.602, 51.802, 55.68, 60.124, 62.938, 65.338, 65.778, 64.744, 65.025, 64.231, 64.472, 66.19, 66.381, 66.827, 66.648, 66.535, 66.702, 65.313, 64.668, 64.471, 61.96, 60.948, 60.055, 59.917, 59.976, 61.066, 62.666, 63.324, 63.682, 64.505, 64.589, 64.282, 64.108, 61.86, 61.066, 62.686, 63.668, 63.769, 63.059, 60.621, 57.454, 56.505, 56.771, 58.74, 58.854, 57.987, 59.209, 59.752, 60.187, 61.09, 61.122, 61.839, 62.146, 62.217, 62.542, 63.287, 64.494, 65.703, 65.014, 65.467, 68.56, 69.971, 69.436, 68.863, 68.417, 67.944, 67.715, 68.126, 68.025], [3.816, 0.0, 3.027, 4.91, 9.286, 14.13, 16.463, 16.881, 19.296, 24.802, 28.462, 31.844, 32.162, 33.268, 36.777, 44.549, 52.375, 52.078, 50.233, 54.014, 58.406, 61.25, 63.695, 64.166, 63.177, 63.463, 62.669, 62.922, 64.678, 64.922, 65.424, 65.254, 65.102, 65.238, 63.884, 63.323, 63.136, 60.664, 59.677, 58.811, 58.673, 58.74, 59.846, 61.537, 62.218, 62.566, 63.39, 63.507, 63.211, 63.034, 60.862, 60.09, 61.62, 62.622, 62.824, 62.127, 59.685, 56.541, 55.579, 55.808, 57.793, 58.068, 57.229, 58.497, 59.104, 59.534, 60.468, 60.485, 61.164, 61.475, 61.542, 61.814, 62.528, 63.762, 64.973, 64.29, 64.852, 67.964, 69.343, 68.799, 68.244, 67.838, 67.375, 67.142, 67.513, 67.39], [5.751, 3.027, 0.0, 3.206, 8.344, 13.057, 15.414, 15.903, 18.311, 23.914, 27.588, 31.046, 31.4, 32.46, 35.847, 43.453, 51.232, 50.97, 49.127, 52.828, 57.168, 59.993, 62.433, 62.907, 61.842, 62.124, 61.378, 61.631, 63.392, 63.69, 64.252, 64.098, 63.92, 64.047, 62.672, 62.152, 62.074, 59.658, 58.706, 57.849, 57.704, 57.754, 58.851, 60.555, 61.279, 61.643, 62.424, 62.515, 62.197, 62.022, 59.849, 59.054, 60.571, 61.619, 61.85, 61.155, 58.745, 55.67, 54.807, 55.093, 57.195, 57.604, 56.765, 58.044, 58.722, 59.153, 60.096, 60.099, 60.749, 61.065, 61.126, 61.378, 62.069, 63.265, 64.422, 63.755, 64.367, 67.484, 68.853, 68.31, 67.771, 67.374, 66.92, 66.679, 67.041, 66.922], [6.751, 4.91, 3.206, 0.0, 6.184, 11.333, 13.87, 14.459, 17.138, 23.01, 26.854, 30.421, 30.796, 31.816, 35.107, 42.671, 50.452, 50.197, 48.354, 52.111, 56.49, 59.248, 61.673, 62.138, 61.024, 61.277, 60.536, 60.79, 62.558, 62.858, 63.478, 63.374, 63.231, 63.386, 62.06, 61.539, 61.507, 59.258, 58.424, 57.596, 57.448, 57.486, 58.582, 60.275, 60.982, 61.344, 62.113, 62.223, 61.951, 61.789, 59.613, 58.788, 60.275, 61.289, 61.502, 60.827, 58.439, 55.413, 54.61, 54.93, 57.052, 57.525, 56.646, 57.856, 58.539, 58.959, 59.879, 59.869, 60.498, 60.807, 60.871, 61.106, 61.762, 62.887, 63.947, 63.286, 63.931, 67.01, 68.353, 67.81, 67.279, 66.89, 66.439, 66.199, 66.553, 66.427], [10.371, 9.286, 8.344, 6.184, 0.0, 6.242, 9.94, 11.279, 15.662, 22.279, 26.327, 29.972, 30.196, 31.236, 34.73, 42.438, 50.232, 50.033, 48.03, 51.504, 55.768, 58.467, 60.872, 61.358, 60.316, 60.573, 59.775, 59.994, 61.779, 62.055, 62.782, 62.817, 62.727, 62.919, 61.622, 61.146, 61.106, 59.046, 58.569, 57.847, 57.707, 57.734, 58.75, 60.294, 60.942, 61.272, 62.041, 62.191, 61.984, 61.858, 59.686, 58.848, 60.324, 61.279, 61.354, 60.531, 58.162, 55.29, 54.485, 54.972, 57.318, 57.628, 56.611, 57.908, 58.551, 58.867, 59.718, 59.657, 60.294, 60.579, 60.69, 60.91, 61.462, 62.638, 63.83, 63.141, 63.815, 66.966, 68.304, 67.743, 67.183, 66.775, 66.299, 66.112, 66.486, 66.337], [15.349, 14.13, 13.057, 11.333, 6.242, 0.0, 5.07, 8.321, 14.43, 21.021, 25.072, 28.798, 28.8, 29.536, 32.759, 40.291, 48.236, 48.264, 46.246, 49.36, 53.381, 56.024, 58.482, 59.04, 58.147, 58.42, 57.575, 57.783, 59.622, 59.951, 60.82, 60.957, 60.863, 61.052, 59.764, 59.374, 59.358, 57.444, 57.284, 56.715, 56.609, 56.619, 57.532, 59.01, 59.642, 59.913, 60.66, 60.854, 60.702, 60.603, 58.471, 57.613, 59.013, 59.969, 60.004, 58.988, 56.542, 53.794, 52.931, 53.542, 56.176, 56.544, 55.42, 56.856, 57.533, 57.769, 58.587, 58.475, 59.11, 59.383, 59.54, 59.716, 60.148, 61.381, 62.716, 62.022, 62.779, 65.997, 67.303, 66.712, 66.13, 65.72, 65.22, 65.075, 65.457, 65.282], [17.75, 16.463, 15.414, 13.87, 9.94, 5.07, 0.0, 5.149, 12.912, 19.21, 22.755, 26.488, 26.395, 27.024, 30.359, 38.321, 46.749, 46.951, 44.933, 47.954, 51.859, 54.592, 57.217, 57.818, 57.061, 57.342, 56.441, 56.694, 58.654, 59.032, 59.917, 60.053, 59.962, 60.121, 58.79, 58.407, 58.363, 56.425, 56.329, 55.865, 55.836, 55.876, 56.81, 58.354, 58.991, 59.194, 59.969, 60.201, 60.069, 59.968, 57.841, 56.967, 58.341, 59.318, 59.412, 58.322, 55.742, 52.954, 52.035, 52.635, 55.313, 55.734, 54.606, 56.109, 56.771, 57.003, 57.82, 57.71, 58.363, 58.637, 58.813, 59.008, 59.422, 60.689, 62.12, 61.416, 62.157, 65.364, 66.652, 66.054, 65.453, 65.025, 64.504, 64.379, 64.787, 64.615], [18.071, 16.881, 15.903, 14.459, 11.279, 8.321, 5.149, 0.0, 9.58, 16.502, 19.43, 23.061, 23.235, 24.381, 28.599, 37.571, 46.518, 46.706, 44.499, 47.499, 51.36, 54.176, 56.897, 57.488, 56.747, 57.063, 56.115, 56.414, 58.477, 58.848, 59.696, 59.818, 59.778, 59.928, 58.54, 58.08, 58.035, 55.974, 55.789, 55.334, 55.325, 55.475, 56.765, 58.523, 59.158, 59.301, 60.041, 60.287, 60.142, 60.031, 57.792, 56.782, 58.148, 59.157, 59.364, 58.387, 55.733, 52.762, 51.866, 52.345, 54.748, 54.929, 53.861, 55.385, 55.932, 56.172, 56.997, 56.915, 57.599, 57.869, 58.024, 58.261, 58.703, 59.977, 61.532, 60.835, 61.46, 64.687, 66.016, 65.425, 64.794, 64.318, 63.784, 63.671, 64.146, 64.031], [20.62, 19.296, 18.311, 17.138, 15.662, 14.43, 12.912, 9.58, 0.0, 8.235, 12.717, 17.562, 18.669, 20.144, 24.738, 34.524, 44.165, 44.234, 41.667, 44.608, 48.479, 51.331, 54.284, 54.869, 53.978, 54.291, 53.179, 53.592, 55.849, 56.215, 56.98, 57.099, 57.18, 57.375, 55.964, 55.295, 55.339, 53.22, 52.93, 52.464, 52.335, 52.669, 55.036, 57.528, 58.176, 58.295, 58.931, 59.304, 59.225, 59.062, 56.695, 55.365, 56.504, 57.569, 58.059, 57.357, 54.59, 51.392, 50.467, 50.498, 52.308, 52.4, 51.508, 52.937, 53.353, 53.627, 54.508, 54.459, 55.077, 55.351, 55.433, 55.605, 55.998, 57.158, 58.789, 58.257, 58.885, 62.132, 63.477, 62.882, 62.212, 61.656, 61.133, 60.992, 61.49, 61.505], [26.178, 24.802, 23.914, 23.01, 22.279, 21.021, 19.21, 16.502, 8.235, 0.0, 7.47, 14.121, 16.155, 17.644, 21.731, 31.777, 42.197, 42.46, 39.768, 42.536, 46.173, 48.918, 52.067, 52.695, 51.769, 52.093, 50.871, 51.37, 53.807, 54.24, 54.966, 55.051, 55.208, 55.386, 53.94, 53.149, 53.207, 51.098, 50.845, 50.441, 50.236, 50.652, 53.777, 56.949, 57.627, 57.68, 58.243, 58.714, 58.706, 58.514, 56.123, 54.568, 55.454, 56.511, 57.234, 56.724, 53.857, 50.612, 49.67, 49.335, 50.843, 51.025, 50.253, 51.678, 51.985, 52.286, 53.259, 53.229, 53.775, 54.038, 54.098, 54.23, 54.551, 55.587, 57.196, 56.842, 57.644, 60.847, 62.093, 61.456, 60.73, 60.085, 59.566, 59.443, 59.962, 60.099], [29.712, 28.462, 27.588, 26.854, 26.327, 25.072, 22.755, 19.43, 12.717, 7.47, 0.0, 7.99, 11.231, 14.059, 19.913, 31.565, 42.735, 43.151, 40.288, 42.765, 46.041, 48.708, 51.938, 52.698, 51.988, 52.402, 51.17, 51.734, 54.336, 54.914, 55.66, 55.65, 55.797, 55.905, 54.349, 53.528, 53.587, 51.35, 51.06, 50.728, 50.541, 50.961, 54.222, 57.57, 58.295, 58.271, 58.797, 59.252, 59.215, 59.04, 56.595, 54.928, 55.802, 56.884, 57.729, 57.331, 54.379, 51.029, 50.161, 49.726, 51.155, 51.112, 50.432, 52.008, 52.098, 52.44, 53.447, 53.431, 54.027, 54.272, 54.336, 54.578, 54.905, 55.927, 57.669, 57.314, 58.057, 61.252, 62.473, 61.841, 61.083, 60.375, 59.844, 59.793, 60.432, 60.65], [32.907, 31.844, 31.046, 30.421, 29.972, 28.798, 26.488, 23.061, 17.562, 14.121, 7.99, 0.0, 5.474, 11.112, 19.212, 32.217, 43.955, 44.69, 41.766, 43.873, 46.711, 49.077, 52.268, 53.268, 52.849, 53.366, 52.132, 52.693, 55.337, 56.034, 56.89, 56.792, 56.965, 57.021, 55.375, 54.529, 54.635, 52.247, 51.879, 51.591, 51.407, 51.781, 55.139, 58.524, 59.246, 59.228, 59.689, 60.136, 60.069, 59.92, 57.375, 55.503, 56.369, 57.52, 58.532, 58.302, 55.301, 51.812, 51.015, 50.451, 51.852, 51.53, 50.849, 52.62, 52.369, 52.712, 53.727, 53.737, 54.479, 54.724, 54.807, 55.111, 55.35, 56.312, 58.205, 57.863, 58.603, 61.789, 62.965, 62.323, 61.53, 60.754, 60.219, 60.237, 60.984, 61.256], [33.231, 32.162, 31.4, 30.796, 30.196, 28.8, 26.395, 23.235, 18.669, 16.155, 11.231, 5.474, 0.0, 7.951, 17.627, 31.292, 43.233, 44.134, 41.203, 43.075, 45.824, 48.146, 51.364, 52.509, 52.372, 52.87, 51.558, 52.164, 54.939, 55.714, 56.673, 56.589, 56.729, 56.771, 55.085, 54.258, 54.315, 51.968, 51.701, 51.47, 51.343, 51.754, 54.996, 58.235, 58.928, 59.003, 59.682, 60.186, 60.068, 59.917, 57.428, 55.618, 56.588, 57.853, 58.895, 58.589, 55.609, 52.18, 51.292, 50.846, 52.551, 52.298, 51.534, 53.461, 53.215, 53.517, 54.474, 54.438, 55.251, 55.496, 55.615, 55.888, 56.025, 57.067, 59.093, 58.597, 59.334, 62.64, 63.839, 63.184, 62.41, 61.679, 61.148, 61.185, 61.9, 62.108], [34.547, 33.268, 32.46, 31.816, 31.236, 29.536, 27.024, 24.381, 20.144, 17.644, 14.059, 11.112, 7.951, 0.0, 11.282, 26.323, 38.86, 39.713, 36.844, 38.718, 41.388, 43.878, 47.572, 48.797, 48.876, 49.243, 47.695, 48.425, 51.442, 52.332, 53.44, 53.516, 53.639, 53.696, 52.151, 51.412, 51.382, 49.116, 49.024, 48.935, 48.904, 49.375, 52.563, 55.776, 56.387, 56.405, 57.291, 58.225, 58.339, 58.159, 55.928, 54.3, 55.126, 56.374, 57.571, 57.209, 54.105, 50.598, 49.453, 48.935, 50.431, 50.532, 49.736, 51.499, 51.449, 51.708, 52.521, 52.403, 53.184, 53.441, 53.59, 53.8, 53.796, 54.782, 56.833, 56.181, 56.837, 60.141, 61.346, 60.713, 60.03, 59.423, 58.9, 58.911, 59.468, 59.53], [38.327, 36.777, 35.847, 35.107, 34.73, 32.759, 30.359, 28.599, 24.738, 21.731, 19.913, 19.212, 17.627, 11.282, 0.0, 16.337, 30.181, 31.529, 29.337, 31.929, 34.721, 36.997, 40.997, 42.363, 42.497, 42.821, 41.361, 42.17, 45.26, 46.372, 47.898, 48.21, 48.304, 48.365, 47.191, 46.728, 46.707, 44.949, 45.172, 45.23, 45.296, 45.738, 48.684, 51.954, 52.568, 52.526, 53.247, 54.479, 55.006, 54.871, 53.04, 51.622, 52.057, 53.103, 54.45, 54.27, 51.369, 48.032, 46.857, 46.296, 47.801, 48.996, 48.146, 49.524, 50.006, 50.231, 51.002, 50.847, 51.393, 51.673, 51.813, 51.79, 51.606, 52.3, 53.759, 53.173, 54.4, 57.575, 58.556, 57.907, 57.405, 57.012, 56.543, 56.476, 56.724, 56.559], [46.269, 44.549, 43.453, 42.671, 42.438, 40.291, 38.321, 37.571, 34.524, 31.777, 31.565, 32.217, 31.292, 26.323, 16.337, 0.0, 15.822, 19.552, 19.907, 23.731, 26.947, 28.855, 32.71, 34.434, 34.839, 35.256, 34.522, 35.494, 38.652, 40.254, 42.439, 43.016, 42.97, 42.982, 42.496, 42.682, 42.926, 42.552, 43.498, 43.802, 43.985, 44.392, 46.764, 49.813, 50.492, 50.409, 50.693, 51.923, 52.645, 52.64, 51.631, 50.597, 50.441, 51.243, 52.621, 52.44, 50.255, 47.931, 47.193, 47.001, 49.522, 52.543, 51.493, 52.537, 53.987, 54.178, 54.94, 54.693, 54.816, 55.115, 55.207, 54.725, 54.228, 54.688, 55.326, 54.962, 57.293, 60.347, 60.946, 60.236, 59.96, 59.893, 59.548, 59.334, 59.139, 58.711], [53.969, 52.375, 51.232, 50.452, 50.232, 48.236, 46.749, 46.518, 44.165, 42.197, 42.735, 43.955, 43.233, 38.86, 30.181, 15.822, 0.0, 8.52, 15.086, 21.022, 25.281, 27.36, 30.421, 32.088, 32.805, 33.258, 33.421, 34.521, 37.59, 39.569, 42.009, 42.852, 42.695, 42.8, 43.166, 44.002, 44.511, 45.572, 47.025, 47.335, 47.567, 47.916, 49.404, 51.665, 52.352, 52.354, 52.328, 53.39, 54.056, 54.107, 54.072, 53.715, 53.352, 53.854, 54.887, 54.603, 53.552, 52.442, 51.997, 52.52, 56.209, 60.394, 59.105, 59.695, 61.888, 62.054, 62.694, 62.376, 62.188, 62.472, 62.491, 61.751, 61.165, 61.676, 61.959, 61.732, 64.62, 67.605, 68.075, 67.417, 67.344, 67.515, 67.265, 66.89, 66.401, 65.786], [53.602, 52.078, 50.97, 50.197, 50.033, 48.264, 46.951, 46.706, 44.234, 42.46, 43.151, 44.69, 44.134, 39.713, 31.529, 19.552, 8.52, 0.0, 9.816, 18.354, 24.167, 27.275, 30.679, 31.955, 32.354, 32.764, 32.892, 34.052, 37.308, 39.339, 41.605, 42.559, 42.448, 42.74, 43.309, 44.152, 44.566, 45.553, 46.932, 47.156, 47.387, 47.769, 49.217, 51.328, 51.976, 52.061, 52.23, 53.378, 54.077, 54.105, 54.242, 54.258, 54.131, 54.621, 55.483, 55.203, 54.247, 53.052, 52.522, 53.15, 56.837, 61.135, 59.872, 60.108, 62.329, 62.534, 63.097, 62.776, 62.555, 62.824, 62.832, 62.169, 61.664, 62.15, 62.394, 62.12, 64.774, 67.749, 68.355, 67.774, 67.754, 67.947, 67.708, 67.271, 66.746, 66.098], [51.802, 50.233, 49.127, 48.354, 48.03, 46.246, 44.933, 44.499, 41.667, 39.768, 40.288, 41.766, 41.203, 36.844, 29.337, 19.907, 15.086, 9.816, 0.0, 11.184, 18.909, 23.346, 27.744, 28.983, 29.362, 29.88, 29.751, 31.028, 34.697, 36.804, 38.837, 39.787, 39.821, 40.236, 40.654, 41.346, 41.693, 42.343, 43.729, 43.978, 44.189, 44.654, 46.476, 48.8, 49.425, 49.595, 50.124, 51.408, 52.098, 52.099, 52.076, 52.194, 52.466, 53.341, 54.41, 54.189, 53.05, 51.703, 51.124, 51.683, 55.362, 59.48, 58.384, 58.719, 60.75, 60.988, 61.59, 61.273, 61.125, 61.406, 61.45, 60.896, 60.385, 60.885, 61.315, 60.965, 63.385, 66.414, 67.088, 66.497, 66.407, 66.507, 66.255, 65.883, 65.452, 64.886], [55.68, 54.014, 52.828, 52.111, 51.504, 49.36, 47.954, 47.499, 44.608, 42.536, 42.765, 43.873, 43.075, 38.718, 31.929, 23.731, 21.022, 18.354, 11.184, 0.0, 9.429, 16.003, 21.778, 23.512, 25.026, 25.818, 25.454, 26.915, 30.984, 33.632, 36.074, 37.156, 37.257, 37.662, 38.051, 38.929, 39.533, 40.35, 42.065, 42.574, 42.795, 43.355, 45.41, 47.78, 48.377, 48.526, 49.238, 50.668, 51.327, 51.357, 51.425, 51.508, 51.844, 53.419, 54.999, 54.621, 53.504, 52.41, 51.766, 52.348, 56.073, 60.032, 59.136, 59.852, 61.764, 61.94, 62.545, 62.173, 62.037, 62.312, 62.384, 61.812, 61.124, 61.692, 62.536, 62.137, 64.414, 67.47, 68.097, 67.469, 67.347, 67.434, 67.173, 66.913, 66.561, 66.076], [60.124, 58.406, 57.168, 56.49, 55.768, 53.381, 51.859, 51.36, 48.479, 46.173, 46.041, 46.711, 45.824, 41.388, 34.721, 26.947, 25.281, 24.167, 18.909, 9.429, 0.0, 9.59, 17.686, 20.059, 22.693, 23.702, 23.167, 24.606, 28.356, 31.222, 34.217, 35.473, 35.581, 35.93, 36.44, 37.573, 38.331, 39.308, 41.242, 41.997, 42.258, 42.885, 45.133, 47.702, 48.256, 48.264, 48.929, 50.533, 51.207, 51.224, 51.385, 51.278, 51.316, 53.173, 55.383, 55.059, 53.847, 52.911, 52.248, 52.72, 56.157, 60.095, 59.342, 60.267, 62.148, 62.259, 62.859, 62.476, 62.339, 62.603, 62.69, 62.081, 61.239, 61.701, 62.68, 62.324, 64.574, 67.5, 67.992, 67.342, 67.217, 67.33, 67.09, 66.925, 66.607, 66.179], [62.938, 61.25, 59.993, 59.248, 58.467, 56.024, 54.592, 54.176, 51.331, 48.918, 48.708, 49.077, 48.146, 43.878, 36.997, 28.855, 27.36, 27.275, 23.346, 16.003, 9.59, 0.0, 10.213, 14.377, 18.284, 19.854, 19.713, 21.244, 24.8, 28.022, 31.935, 33.488, 33.708, 34.041, 34.757, 36.015, 36.915, 38.397, 40.548, 41.337, 41.464, 41.979, 44.182, 46.795, 47.294, 47.315, 47.656, 49.211, 50.072, 50.26, 50.475, 50.043, 49.708, 51.468, 53.964, 54.403, 53.738, 52.946, 52.35, 52.754, 56.051, 60.1, 59.332, 60.247, 62.187, 62.239, 62.841, 62.44, 62.203, 62.448, 62.554, 61.869, 60.9, 61.144, 61.711, 61.425, 64.11, 66.942, 67.168, 66.443, 66.369, 66.535, 66.366, 66.258, 65.865, 65.456], [65.338, 63.695, 62.433, 61.673, 60.872, 58.482, 57.217, 56.897, 54.284, 52.067, 51.938, 52.268, 51.364, 47.572, 40.997, 32.71, 30.421, 30.679, 27.744, 21.778, 17.686, 10.213, 0.0, 7.686, 14.356, 16.893, 17.616, 18.742, 22.031, 25.885, 30.803, 32.648, 32.829, 33.096, 34.054, 35.599, 36.723, 38.953, 41.316, 42.037, 42.039, 42.375, 44.113, 46.416, 46.907, 46.986, 46.981, 48.198, 49.144, 49.671, 50.076, 49.645, 49.257, 51.134, 53.515, 54.481, 54.963, 54.66, 54.223, 54.787, 58.479, 62.707, 61.872, 62.81, 64.827, 64.835, 65.434, 65.039, 64.729, 64.959, 65.051, 64.291, 63.305, 63.53, 63.789, 63.52, 66.529, 69.335, 69.413, 68.619, 68.589, 68.801, 68.672, 68.551, 68.097, 67.694], [65.778, 64.166, 62.907, 62.138, 61.358, 59.04, 57.818, 57.488, 54.869, 52.695, 52.698, 53.268, 52.509, 48.797, 42.363, 34.434, 32.088, 31.955, 28.983, 23.512, 20.059, 14.377, 7.686, 0.0, 9.274, 12.638, 13.762, 14.76, 18.249, 22.257, 26.996, 29.021, 29.244, 29.631, 30.963, 32.658, 33.752, 36.354, 38.886, 39.601, 39.631, 39.999, 41.626, 43.956, 44.446, 44.54, 44.632, 45.847, 46.81, 47.336, 47.952, 47.832, 47.566, 49.395, 51.662, 52.592, 53.549, 53.902, 53.61, 54.256, 58.104, 62.597, 61.773, 62.533, 64.68, 64.693, 65.302, 64.912, 64.554, 64.802, 64.873, 64.118, 63.198, 63.375, 63.522, 63.296, 66.27, 69.0, 69.067, 68.287, 68.272, 68.517, 68.41, 68.256, 67.765, 67.356], [64.744, 63.177, 61.842, 61.024, 60.316, 58.147, 57.061, 56.747, 53.978, 51.769, 51.988, 52.849, 52.372, 48.876, 42.497, 34.839, 32.805, 32.354, 29.362, 25.026, 22.693, 18.284, 14.356, 9.274, 0.0, 6.0, 10.204, 11.416, 15.087, 19.07, 23.185, 25.169, 25.525, 26.034, 27.488, 29.16, 30.358, 32.988, 35.532, 36.179, 36.229, 36.558, 38.213, 40.678, 41.248, 41.438, 41.451, 42.559, 43.415, 43.857, 44.394, 44.42, 44.215, 45.818, 47.935, 49.062, 50.15, 50.932, 51.485, 52.432, 56.507, 61.313, 60.484, 60.987, 63.286, 63.358, 64.007, 63.612, 63.177, 63.456, 63.509, 62.815, 62.02, 61.948, 61.523, 61.361, 64.434, 67.075, 67.123, 66.34, 66.343, 66.579, 66.516, 66.307, 65.748, 65.35], [65.025, 63.463, 62.124, 61.277, 60.573, 58.42, 57.342, 57.063, 54.291, 52.093, 52.402, 53.366, 52.87, 49.243, 42.821, 35.256, 33.258, 32.764, 29.88, 25.818, 23.702, 19.854, 16.893, 12.638, 6.0, 0.0, 6.549, 8.555, 12.924, 16.956, 21.089, 23.235, 23.671, 24.195, 25.709, 27.351, 28.538, 31.632, 34.496, 35.252, 35.33, 35.67, 37.173, 39.491, 40.004, 40.251, 40.496, 41.765, 42.6, 42.916, 43.456, 43.528, 43.316, 44.853, 46.964, 48.076, 49.082, 49.845, 50.686, 52.041, 56.176, 61.067, 60.267, 60.814, 63.231, 63.358, 64.0, 63.606, 63.195, 63.482, 63.532, 62.818, 61.993, 61.888, 61.374, 61.104, 64.166, 66.872, 66.968, 66.19, 66.195, 66.455, 66.403, 66.182, 65.605, 65.195], [64.231, 62.669, 61.378, 60.536, 59.775, 57.575, 56.441, 56.115, 53.179, 50.871, 51.17, 52.132, 51.558, 47.695, 41.361, 34.522, 33.421, 32.892, 29.751, 25.454, 23.167, 19.713, 17.616, 13.762, 10.204, 6.549, 0.0, 4.788, 11.573, 15.464, 19.885, 22.292, 22.795, 23.409, 24.756, 26.194, 27.384, 30.378, 33.409, 34.295, 34.313, 34.68, 36.524, 39.043, 39.489, 39.641, 40.081, 41.641, 42.666, 42.928, 43.355, 43.338, 43.174, 44.84, 47.011, 47.935, 48.633, 49.154, 49.634, 50.971, 54.879, 59.449, 58.639, 59.324, 61.666, 61.787, 62.407, 62.012, 61.646, 61.908, 61.971, 61.255, 60.347, 60.333, 60.238, 59.937, 62.781, 65.578, 65.765, 65.002, 64.96, 65.172, 65.077, 64.879, 64.355, 63.969], [64.472, 62.922, 61.631, 60.79, 59.994, 57.783, 56.694, 56.414, 53.592, 51.37, 51.734, 52.693, 52.164, 48.425, 42.17, 35.494, 34.521, 34.052, 31.028, 26.915, 24.606, 21.244, 18.742, 14.76, 11.416, 8.555, 4.788, 0.0, 7.863, 12.417, 17.721, 20.365, 20.798, 21.383, 22.942, 24.741, 26.164, 29.374, 32.51, 33.419, 33.436, 33.672, 35.293, 37.772, 38.225, 38.327, 38.666, 40.189, 41.278, 41.59, 42.133, 42.234, 42.069, 43.866, 46.171, 47.104, 47.96, 48.63, 49.161, 50.491, 54.575, 59.301, 58.457, 59.121, 61.47, 61.59, 62.226, 61.84, 61.477, 61.737, 61.808, 61.075, 60.144, 60.118, 60.016, 59.783, 62.69, 65.465, 65.639, 64.882, 64.845, 65.054, 64.951, 64.75, 64.227, 63.826], [66.19, 64.678, 63.392, 62.558, 61.779, 59.622, 58.654, 58.477, 55.849, 53.807, 54.336, 55.337, 54.939, 51.442, 45.26, 38.652, 37.59, 37.308, 34.697, 30.984, 28.356, 24.8, 22.031, 18.249, 15.087, 12.924, 11.573, 7.863, 0.0, 6.862, 14.822, 18.065, 18.424, 18.996, 21.157, 23.545, 25.184, 28.847, 31.967, 32.806, 32.835, 32.913, 33.97, 36.23, 36.69, 36.733, 36.838, 38.24, 39.383, 39.712, 40.47, 40.707, 40.378, 42.259, 44.993, 46.208, 47.424, 48.44, 49.161, 50.638, 54.847, 59.909, 59.156, 59.779, 62.227, 62.357, 63.061, 62.724, 62.332, 62.623, 62.691, 61.919, 61.005, 60.862, 60.479, 60.359, 63.472, 66.116, 66.182, 65.428, 65.445, 65.712, 65.642, 65.434, 64.873, 64.461], [66.381, 64.922, 63.69, 62.858, 62.055, 59.951, 59.032, 58.848, 56.215, 54.24, 54.914, 56.034, 55.714, 52.332, 46.372, 40.254, 39.569, 39.339, 36.804, 33.632, 31.222, 28.022, 25.885, 22.257, 19.07, 16.956, 15.464, 12.417, 6.862, 0.0, 10.157, 14.724, 15.469, 16.177, 18.647, 20.95, 22.463, 26.592, 30.03, 30.993, 31.066, 31.189, 32.207, 34.563, 34.983, 34.941, 35.098, 36.53, 37.665, 37.911, 38.702, 39.023, 38.692, 40.268, 42.977, 44.302, 45.671, 47.038, 47.98, 49.664, 54.08, 59.298, 58.577, 59.337, 61.956, 62.092, 62.832, 62.523, 62.147, 62.455, 62.53, 61.766, 60.864, 60.702, 60.288, 60.226, 63.343, 65.917, 65.965, 65.227, 65.248, 65.525, 65.465, 65.258, 64.692, 64.288], [66.827, 65.424, 64.252, 63.478, 62.782, 60.82, 59.917, 59.696, 56.98, 54.966, 55.66, 56.89, 56.673, 53.44, 47.898, 42.439, 42.009, 41.605, 38.837, 36.074, 34.217, 31.935, 30.803, 26.996, 23.185, 21.089, 19.885, 17.721, 14.822, 10.157, 0.0, 6.537, 8.875, 10.096, 12.977, 14.848, 16.039, 21.081, 25.098, 26.334, 26.509, 26.798, 28.086, 30.837, 31.197, 31.231, 31.906, 33.467, 34.411, 34.478, 35.484, 36.26, 36.275, 37.664, 40.349, 41.734, 43.435, 45.568, 46.887, 48.845, 53.747, 59.256, 58.658, 59.495, 62.394, 62.642, 63.386, 63.083, 62.73, 63.06, 63.139, 62.494, 61.732, 61.6, 61.199, 61.158, 64.071, 66.56, 66.642, 65.933, 65.922, 66.151, 66.102, 65.902, 65.377, 65.027], [66.648, 65.254, 64.098, 63.374, 62.817, 60.957, 60.053, 59.818, 57.099, 55.051, 55.65, 56.792, 56.589, 53.516, 48.21, 43.016, 42.852, 42.559, 39.787, 37.156, 35.473, 33.488, 32.648, 29.021, 25.169, 23.235, 22.292, 20.365, 18.065, 14.724, 6.537, 0.0, 4.027, 5.827, 9.259, 11.07, 12.303, 17.905, 21.923, 23.232, 23.475, 23.835, 25.492, 28.787, 29.301, 29.477, 30.344, 31.885, 32.682, 32.684, 33.69, 34.52, 34.738, 36.495, 39.488, 40.909, 42.623, 44.932, 46.426, 48.365, 53.363, 58.993, 58.487, 59.336, 62.271, 62.683, 63.494, 63.215, 62.908, 63.259, 63.331, 62.741, 62.083, 61.954, 61.548, 61.505, 64.294, 66.748, 66.849, 66.137, 66.081, 66.26, 66.213, 66.03, 65.574, 65.293], [66.535, 65.102, 63.92, 63.231, 62.727, 60.863, 59.962, 59.778, 57.18, 55.208, 55.797, 56.965, 56.729, 53.639, 48.304, 42.97, 42.695, 42.448, 39.821, 37.257, 35.581, 33.708, 32.829, 29.244, 25.525, 23.671, 22.795, 20.798, 18.424, 15.469, 8.875, 4.027, 0.0, 3.218, 7.959, 10.529, 11.951, 17.722, 21.694, 23.008, 23.305, 23.634, 25.122, 28.463, 29.144, 29.36, 30.234, 31.708, 32.45, 32.429, 33.511, 34.438, 34.683, 36.572, 39.598, 40.877, 42.535, 44.867, 46.319, 48.211, 53.298, 59.013, 58.509, 59.411, 62.358, 62.82, 63.695, 63.42, 63.123, 63.478, 63.549, 62.949, 62.306, 62.204, 61.824, 61.755, 64.491, 66.951, 67.08, 66.38, 66.332, 66.53, 66.478, 66.294, 65.845, 65.552], [66.702, 65.238, 64.047, 63.386, 62.919, 61.052, 60.121, 59.928, 57.375, 55.386, 55.905, 57.021, 56.771, 53.696, 48.365, 42.982, 42.8, 42.74, 40.236, 37.662, 35.93, 34.041, 33.096, 29.631, 26.034, 24.195, 23.409, 21.383, 18.996, 16.177, 10.096, 5.827, 3.218, 0.0, 5.857, 9.259, 10.964, 17.092, 21.165, 22.55, 22.88, 23.135, 24.501, 27.991, 28.72, 28.87, 29.696, 31.152, 31.854, 31.841, 32.952, 33.854, 34.033, 35.955, 39.068, 40.388, 42.052, 44.352, 45.865, 47.763, 52.942, 58.726, 58.227, 59.21, 62.185, 62.667, 63.573, 63.305, 63.007, 63.366, 63.435, 62.836, 62.226, 62.176, 61.772, 61.696, 64.514, 67.0, 67.122, 66.424, 66.383, 66.585, 66.535, 66.351, 65.903, 65.609], [65.313, 63.884, 62.672, 62.06, 61.622, 59.764, 58.79, 58.54, 55.964, 53.94, 54.349, 55.375, 55.085, 52.151, 47.191, 42.496, 43.166, 43.309, 40.654, 38.051, 36.44, 34.757, 34.054, 30.963, 27.488, 25.709, 24.756, 22.942, 21.157, 18.647, 12.977, 9.259, 7.959, 5.857, 0.0, 4.708, 7.623, 13.564, 17.992, 19.601, 19.99, 20.241, 22.029, 26.053, 26.875, 26.974, 27.972, 29.43, 30.064, 30.086, 30.818, 31.561, 32.037, 34.269, 37.472, 38.83, 40.399, 42.624, 44.263, 46.253, 51.537, 57.125, 56.714, 57.933, 60.861, 61.379, 62.321, 62.06, 61.832, 62.193, 62.277, 61.777, 61.236, 61.278, 61.036, 60.918, 63.609, 66.182, 66.375, 65.669, 65.576, 65.681, 65.604, 65.441, 65.067, 64.84], [64.668, 63.323, 62.152, 61.539, 61.146, 59.374, 58.407, 58.08, 55.295, 53.149, 53.528, 54.529, 54.258, 51.412, 46.728, 42.682, 44.002, 44.152, 41.346, 38.929, 37.573, 36.015, 35.599, 32.658, 29.16, 27.351, 26.194, 24.741, 23.545, 20.95, 14.848, 11.07, 10.529, 9.259, 4.708, 0.0, 4.927, 11.143, 15.727, 17.489, 17.851, 18.258, 20.905, 25.441, 26.248, 26.407, 27.614, 29.196, 29.903, 29.907, 30.319, 30.875, 31.533, 33.745, 36.859, 38.295, 39.773, 41.941, 43.598, 45.549, 50.687, 56.141, 55.838, 57.098, 59.989, 60.555, 61.507, 61.248, 61.05, 61.426, 61.509, 61.071, 60.569, 60.59, 60.417, 60.304, 62.864, 65.432, 65.653, 64.947, 64.818, 64.861, 64.778, 64.629, 64.302, 64.143], [64.471, 63.136, 62.074, 61.507, 61.106, 59.358, 58.363, 58.035, 55.339, 53.207, 53.587, 54.635, 54.315, 51.382, 46.707, 42.926, 44.511, 44.566, 41.693, 39.533, 38.331, 36.915, 36.723, 33.752, 30.358, 28.538, 27.384, 26.164, 25.184, 22.463, 16.039, 12.303, 11.951, 10.964, 7.623, 4.927, 0.0, 8.759, 14.201, 16.227, 16.826, 17.419, 20.052, 24.751, 25.471, 25.668, 27.32, 29.216, 30.026, 29.976, 30.441, 31.165, 31.876, 33.793, 36.708, 38.138, 39.572, 41.693, 43.278, 45.239, 50.312, 55.822, 55.565, 56.805, 59.751, 60.336, 61.285, 61.028, 60.857, 61.252, 61.369, 60.955, 60.461, 60.484, 60.253, 60.068, 62.635, 65.2, 65.413, 64.702, 64.571, 64.638, 64.568, 64.421, 64.061, 63.874], [61.96, 60.664, 59.658, 59.258, 59.046, 57.444, 56.425, 55.974, 53.22, 51.098, 51.35, 52.247, 51.968, 49.116, 44.949, 42.552, 45.572, 45.553, 42.343, 40.35, 39.308, 38.397, 38.953, 36.354, 32.988, 31.632, 30.378, 29.374, 28.847, 26.592, 21.081, 17.905, 17.722, 17.092, 13.564, 11.143, 8.759, 0.0, 7.248, 10.567, 11.724, 12.653, 17.136, 22.926, 23.579, 23.709, 25.856, 28.212, 29.111, 29.005, 28.86, 29.369, 30.364, 32.465, 35.555, 37.061, 37.953, 39.573, 41.083, 42.827, 47.505, 52.744, 52.641, 53.876, 56.626, 57.25, 58.238, 58.023, 58.004, 58.435, 58.598, 58.407, 58.009, 57.919, 57.803, 57.583, 59.74, 62.27, 62.593, 61.891, 61.682, 61.624, 61.519, 61.388, 61.108, 61.002], [60.948, 59.677, 58.706, 58.424, 58.569, 57.284, 56.329, 55.789, 52.93, 50.845, 51.06, 51.879, 51.701, 49.024, 45.172, 43.498, 47.025, 46.932, 43.729, 42.065, 41.242, 40.548, 41.316, 38.886, 35.532, 34.496, 33.409, 32.51, 31.967, 30.03, 25.098, 21.923, 21.694, 21.165, 17.992, 15.727, 14.201, 7.248, 0.0, 4.525, 6.643, 8.423, 14.695, 21.429, 22.202, 22.512, 24.868, 27.23, 28.102, 27.936, 27.609, 28.229, 29.424, 31.703, 35.133, 36.92, 37.747, 39.144, 40.524, 42.0, 46.29, 51.625, 51.715, 52.79, 55.464, 56.204, 57.304, 57.132, 57.141, 57.639, 57.734, 57.629, 57.514, 57.436, 57.243, 56.997, 59.03, 61.56, 61.96, 61.309, 61.134, 61.069, 60.97, 60.825, 60.585, 60.51], [60.055, 58.811, 57.849, 57.596, 57.847, 56.715, 55.865, 55.334, 52.464, 50.441, 50.728, 51.591, 51.47, 48.935, 45.23, 43.802, 47.335, 47.156, 43.978, 42.574, 41.997, 41.337, 42.037, 39.601, 36.179, 35.252, 34.295, 33.419, 32.806, 30.993, 26.334, 23.232, 23.008, 22.55, 19.601, 17.489, 16.227, 10.567, 4.525, 0.0, 3.253, 6.029, 13.202, 20.279, 21.175, 21.641, 24.004, 26.228, 27.015, 26.823, 26.451, 27.225, 28.571, 30.895, 34.41, 36.373, 37.348, 38.761, 40.074, 41.521, 45.761, 51.123, 51.257, 52.249, 54.911, 55.689, 56.851, 56.682, 56.66, 57.191, 57.251, 57.131, 57.182, 57.23, 57.007, 56.764, 58.862, 61.476, 61.923, 61.285, 61.129, 61.071, 60.977, 60.814, 60.583, 60.509], [59.917, 58.673, 57.704, 57.448, 57.707, 56.609, 55.836, 55.325, 52.335, 50.236, 50.541, 51.407, 51.343, 48.904, 45.296, 43.985, 47.567, 47.387, 44.189, 42.795, 42.258, 41.464, 42.039, 39.631, 36.229, 35.33, 34.313, 33.436, 32.835, 31.066, 26.509, 23.475, 23.305, 22.88, 19.99, 17.851, 16.826, 11.724, 6.643, 3.253, 0.0, 4.032, 12.725, 20.104, 21.017, 21.454, 23.612, 25.813, 26.611, 26.434, 26.04, 26.691, 27.932, 30.252, 33.829, 35.972, 37.033, 38.406, 39.684, 41.068, 45.262, 50.624, 50.769, 51.729, 54.352, 55.128, 56.312, 56.122, 56.06, 56.596, 56.641, 56.492, 56.542, 56.632, 56.478, 56.314, 58.489, 61.149, 61.589, 60.942, 60.787, 60.716, 60.624, 60.458, 60.233, 60.185], [59.976, 58.74, 57.754, 57.486, 57.734, 56.619, 55.876, 55.475, 52.669, 50.652, 50.961, 51.781, 51.754, 49.375, 45.738, 44.392, 47.916, 47.769, 44.654, 43.355, 42.885, 41.979, 42.375, 39.999, 36.558, 35.67, 34.68, 33.672, 32.913, 31.189, 26.798, 23.835, 23.634, 23.135, 20.241, 18.258, 17.419, 12.653, 8.423, 6.029, 4.032, 0.0, 10.025, 18.016, 19.071, 19.406, 21.261, 23.474, 24.452, 24.33, 23.969, 24.684, 25.945, 28.364, 32.106, 34.539, 35.898, 37.377, 38.758, 40.203, 44.665, 50.23, 50.366, 51.301, 53.933, 54.727, 55.938, 55.74, 55.633, 56.17, 56.213, 56.043, 56.082, 56.135, 55.883, 55.842, 58.247, 60.911, 61.288, 60.632, 60.507, 60.445, 60.364, 60.188, 59.942, 59.895], [61.066, 59.846, 58.851, 58.582, 58.75, 57.532, 56.81, 56.765, 55.036, 53.777, 54.222, 55.139, 54.996, 52.563, 48.684, 46.764, 49.404, 49.217, 46.476, 45.41, 45.133, 44.182, 44.113, 41.626, 38.213, 37.173, 36.524, 35.293, 33.97, 32.207, 28.086, 25.492, 25.122, 24.501, 22.029, 20.905, 20.052, 17.136, 14.695, 13.202, 12.725, 10.025, 0.0, 9.108, 11.035, 11.653, 14.078, 16.347, 17.681, 17.63, 18.189, 20.566, 22.409, 24.72, 28.345, 31.129, 33.652, 35.981, 37.588, 39.778, 45.429, 51.761, 51.879, 52.812, 55.779, 56.58, 57.78, 57.561, 57.376, 57.926, 57.96, 57.735, 57.839, 57.987, 57.423, 57.334, 60.287, 63.076, 63.367, 62.729, 62.774, 62.909, 62.863, 62.656, 62.298, 62.074], [62.666, 61.537, 60.555, 60.275, 60.294, 59.01, 58.354, 58.523, 57.528, 56.949, 57.57, 58.524, 58.235, 55.776, 51.954, 49.813, 51.665, 51.328, 48.8, 47.78, 47.702, 46.795, 46.416, 43.956, 40.678, 39.491, 39.043, 37.772, 36.23, 34.563, 30.837, 28.787, 28.463, 27.991, 26.053, 25.441, 24.751, 22.926, 21.429, 20.279, 20.104, 18.016, 9.108, 0.0, 4.013, 6.838, 10.938, 13.215, 14.587, 14.608, 16.184, 20.021, 22.29, 24.268, 27.25, 30.077, 33.604, 36.529, 38.191, 41.106, 47.487, 54.046, 54.078, 54.965, 58.103, 58.836, 59.957, 59.707, 59.495, 60.047, 60.091, 59.835, 59.931, 60.203, 59.585, 59.333, 62.538, 65.583, 65.932, 65.311, 65.461, 65.729, 65.685, 65.455, 65.017, 64.637], [63.324, 62.218, 61.279, 60.982, 60.942, 59.642, 58.991, 59.158, 58.176, 57.627, 58.295, 59.246, 58.928, 56.387, 52.568, 50.492, 52.352, 51.976, 49.425, 48.377, 48.256, 47.294, 46.907, 44.446, 41.248, 40.004, 39.489, 38.225, 36.69, 34.983, 31.197, 29.301, 29.144, 28.72, 26.875, 26.248, 25.471, 23.579, 22.202, 21.175, 21.017, 19.071, 11.035, 4.013, 0.0, 5.176, 10.906, 13.843, 15.341, 15.331, 16.896, 20.59, 22.717, 24.544, 27.539, 30.456, 34.051, 36.965, 38.56, 41.468, 47.711, 54.187, 54.204, 55.049, 58.133, 58.827, 59.912, 59.663, 59.465, 60.005, 60.078, 59.839, 59.897, 60.159, 59.546, 59.244, 62.413, 65.481, 65.852, 65.233, 65.373, 65.641, 65.596, 65.371, 64.915, 64.519], [63.682, 62.566, 61.643, 61.344, 61.272, 59.913, 59.194, 59.301, 58.295, 57.68, 58.271, 59.228, 59.003, 56.405, 52.526, 50.409, 52.354, 52.061, 49.595, 48.526, 48.264, 47.315, 46.986, 44.54, 41.438, 40.251, 39.641, 38.327, 36.733, 34.941, 31.231, 29.477, 29.36, 28.87, 26.974, 26.407, 25.668, 23.709, 22.512, 21.641, 21.454, 19.406, 11.653, 6.838, 5.176, 0.0, 7.421, 11.433, 13.543, 13.711, 15.486, 19.426, 21.352, 23.055, 26.253, 29.233, 32.783, 35.736, 37.418, 40.371, 46.67, 53.138, 53.123, 54.038, 57.122, 57.792, 58.881, 58.634, 58.385, 58.9, 58.989, 58.741, 58.779, 59.071, 58.568, 58.402, 61.639, 64.635, 64.92, 64.294, 64.433, 64.69, 64.634, 64.409, 63.965, 63.585], [64.505, 63.39, 62.424, 62.113, 62.041, 60.66, 59.969, 60.041, 58.931, 58.243, 58.797, 59.689, 59.682, 57.291, 53.247, 50.693, 52.328, 52.23, 50.124, 49.238, 48.929, 47.656, 46.981, 44.632, 41.451, 40.496, 40.081, 38.666, 36.838, 35.098, 31.906, 30.344, 30.234, 29.696, 27.972, 27.614, 27.32, 25.856, 24.868, 24.004, 23.612, 21.261, 14.078, 10.938, 10.906, 7.421, 0.0, 6.141, 10.288, 11.276, 13.386, 17.286, 18.747, 20.392, 23.949, 27.494, 31.59, 34.682, 36.57, 39.534, 45.944, 52.45, 52.317, 53.256, 56.42, 57.062, 58.214, 57.981, 57.576, 58.062, 58.117, 57.765, 57.779, 58.036, 57.469, 57.687, 61.379, 64.324, 64.423, 63.767, 63.971, 64.246, 64.209, 63.964, 63.492, 63.132], [64.589, 63.507, 62.515, 62.223, 62.191, 60.854, 60.201, 60.287, 59.304, 58.714, 59.252, 60.136, 60.186, 58.225, 54.479, 51.923, 53.39, 53.378, 51.408, 50.668, 50.533, 49.211, 48.198, 45.847, 42.559, 41.765, 41.641, 40.189, 38.24, 36.53, 33.467, 31.885, 31.708, 31.152, 29.43, 29.196, 29.216, 28.212, 27.23, 26.228, 25.813, 23.474, 16.347, 13.215, 13.843, 11.433, 6.141, 0.0, 5.779, 7.852, 10.534, 15.455, 17.551, 19.556, 23.052, 26.882, 31.701, 35.244, 37.353, 40.553, 47.487, 53.952, 53.769, 54.857, 58.022, 58.681, 59.921, 59.712, 59.273, 59.737, 59.752, 59.376, 59.473, 59.82, 59.226, 59.548, 63.416, 66.436, 66.521, 65.843, 66.047, 66.303, 66.268, 66.02, 65.601, 65.279], [64.282, 63.211, 62.197, 61.951, 61.984, 60.702, 60.069, 60.142, 59.225, 58.706, 59.215, 60.069, 60.068, 58.339, 55.006, 52.645, 54.056, 54.077, 52.098, 51.327, 51.207, 50.072, 49.144, 46.81, 43.415, 42.6, 42.666, 41.278, 39.383, 37.665, 34.411, 32.682, 32.45, 31.854, 30.064, 29.903, 30.026, 29.111, 28.102, 27.015, 26.611, 24.452, 17.681, 14.587, 15.341, 13.543, 10.288, 5.779, 0.0, 3.642, 7.741, 13.723, 16.325, 18.71, 22.478, 26.261, 31.246, 35.093, 37.51, 40.933, 48.307, 54.806, 54.597, 55.815, 58.981, 59.669, 60.956, 60.756, 60.366, 60.835, 60.833, 60.463, 60.605, 61.067, 60.566, 60.821, 64.622, 67.747, 67.916, 67.218, 67.369, 67.596, 67.571, 67.321, 66.963, 66.692], [64.108, 63.034, 62.022, 61.789, 61.858, 60.603, 59.968, 60.031, 59.062, 58.514, 59.04, 59.92, 59.917, 58.159, 54.871, 52.64, 54.107, 54.105, 52.099, 51.357, 51.224, 50.26, 49.671, 47.336, 43.857, 42.916, 42.928, 41.59, 39.712, 37.911, 34.478, 32.684, 32.429, 31.841, 30.086, 29.907, 29.976, 29.005, 27.936, 26.823, 26.434, 24.33, 17.63, 14.608, 15.331, 13.711, 11.276, 7.852, 3.642, 0.0, 6.632, 13.189, 15.815, 18.086, 22.153, 25.842, 30.556, 34.513, 36.944, 40.355, 47.771, 54.388, 54.201, 55.393, 58.579, 59.299, 60.602, 60.398, 60.03, 60.521, 60.515, 60.156, 60.313, 60.773, 60.315, 60.55, 64.286, 67.424, 67.631, 66.951, 67.089, 67.311, 67.291, 67.056, 66.722, 66.459], [61.86, 60.862, 59.849, 59.613, 59.686, 58.471, 57.841, 57.792, 56.695, 56.123, 56.595, 57.375, 57.428, 55.928, 53.04, 51.631, 54.072, 54.242, 52.076, 51.425, 51.385, 50.475, 50.076, 47.952, 44.394, 43.456, 43.355, 42.133, 40.47, 38.702, 35.484, 33.69, 33.511, 32.952, 30.818, 30.319, 30.441, 28.86, 27.609, 26.451, 26.04, 23.969, 18.189, 16.184, 16.896, 15.486, 13.386, 10.534, 7.741, 6.632, 0.0, 7.785, 12.309, 15.932, 20.791, 24.836, 28.82, 32.063, 34.667, 37.997, 45.169, 51.444, 51.412, 52.887, 55.953, 56.745, 58.095, 57.955, 57.723, 58.215, 58.211, 57.943, 58.175, 58.59, 58.232, 58.446, 61.95, 65.149, 65.443, 64.737, 64.769, 64.855, 64.806, 64.607, 64.461, 64.373], [61.066, 60.09, 59.054, 58.788, 58.848, 57.613, 56.967, 56.782, 55.365, 54.568, 54.928, 55.503, 55.618, 54.3, 51.622, 50.597, 53.715, 54.258, 52.194, 51.508, 51.278, 50.043, 49.645, 47.832, 44.42, 43.528, 43.338, 42.234, 40.707, 39.023, 36.26, 34.52, 34.438, 33.854, 31.561, 30.875, 31.165, 29.369, 28.229, 27.225, 26.691, 24.684, 20.566, 20.021, 20.59, 19.426, 17.286, 15.455, 13.723, 13.189, 7.785, 0.0, 6.724, 12.836, 19.816, 24.74, 28.062, 30.354, 32.901, 35.955, 42.639, 48.669, 48.721, 50.399, 53.362, 54.21, 55.63, 55.558, 55.409, 55.915, 55.905, 55.645, 55.85, 56.148, 55.801, 56.078, 59.564, 62.795, 63.077, 62.305, 62.226, 62.2, 62.167, 61.991, 61.987, 62.144], [62.686, 61.62, 60.571, 60.275, 60.324, 59.013, 58.341, 58.148, 56.504, 55.454, 55.802, 56.369, 56.588, 55.126, 52.057, 50.441, 53.352, 54.131, 52.466, 51.844, 51.316, 49.708, 49.257, 47.566, 44.215, 43.316, 43.174, 42.069, 40.378, 38.692, 36.275, 34.738, 34.683, 34.033, 32.037, 31.533, 31.876, 30.364, 29.424, 28.571, 27.932, 25.945, 22.409, 22.29, 22.717, 21.352, 18.747, 17.551, 16.325, 15.815, 12.309, 6.724, 0.0, 8.62, 18.23, 24.078, 27.389, 29.524, 32.017, 34.963, 41.471, 47.876, 47.901, 49.372, 52.414, 53.25, 54.712, 54.643, 54.374, 54.906, 54.878, 54.529, 54.691, 54.843, 54.186, 54.595, 58.421, 61.566, 61.697, 60.893, 60.841, 60.877, 60.898, 60.705, 60.622, 60.818], [63.668, 62.622, 61.619, 61.289, 61.279, 59.969, 59.318, 59.157, 57.569, 56.511, 56.884, 57.52, 57.853, 56.374, 53.103, 51.243, 53.854, 54.621, 53.341, 53.419, 53.173, 51.468, 51.134, 49.395, 45.818, 44.853, 44.84, 43.866, 42.259, 40.268, 37.664, 36.495, 36.572, 35.955, 34.269, 33.745, 33.793, 32.465, 31.703, 30.895, 30.252, 28.364, 24.72, 24.268, 24.544, 23.055, 20.392, 19.556, 18.71, 18.086, 15.932, 12.836, 8.62, 0.0, 11.725, 19.511, 23.747, 26.796, 29.843, 33.251, 40.526, 47.462, 47.331, 48.514, 51.773, 52.574, 54.059, 53.969, 53.559, 54.128, 54.08, 53.708, 53.932, 54.008, 52.886, 53.47, 57.804, 60.827, 60.811, 60.035, 60.064, 60.191, 60.259, 60.038, 59.842, 59.945], [63.769, 62.824, 61.85, 61.502, 61.354, 60.004, 59.412, 59.364, 58.059, 57.234, 57.729, 58.532, 58.895, 57.571, 54.45, 52.621, 54.887, 55.483, 54.41, 54.999, 55.383, 53.964, 53.515, 51.662, 47.935, 46.964, 47.011, 46.171, 44.993, 42.977, 40.349, 39.488, 39.598, 39.068, 37.472, 36.859, 36.708, 35.555, 35.133, 34.41, 33.829, 32.106, 28.345, 27.25, 27.539, 26.253, 23.949, 23.052, 22.478, 22.153, 20.791, 19.816, 18.23, 11.725, 0.0, 10.747, 18.01, 23.242, 27.14, 31.596, 40.895, 48.17, 47.719, 48.904, 52.363, 53.126, 54.586, 54.432, 53.959, 54.539, 54.48, 54.114, 54.377, 54.574, 53.311, 53.999, 58.549, 61.563, 61.589, 60.858, 60.933, 61.084, 61.137, 60.886, 60.647, 60.636], [63.059, 62.127, 61.155, 60.827, 60.531, 58.988, 58.322, 58.387, 57.357, 56.724, 57.331, 58.302, 58.589, 57.209, 54.27, 52.44, 54.603, 55.203, 54.189, 54.621, 55.059, 54.403, 54.481, 52.592, 49.062, 48.076, 47.935, 47.104, 46.208, 44.302, 41.734, 40.909, 40.877, 40.388, 38.83, 38.295, 38.138, 37.061, 36.92, 36.373, 35.972, 34.539, 31.129, 30.077, 30.456, 29.233, 27.494, 26.882, 26.261, 25.842, 24.836, 24.74, 24.078, 19.511, 10.747, 0.0, 10.832, 19.502, 23.828, 29.12, 40.312, 47.886, 47.184, 48.759, 52.388, 53.15, 54.598, 54.337, 53.926, 54.506, 54.47, 54.085, 54.293, 54.741, 54.002, 54.683, 58.937, 62.03, 62.247, 61.542, 61.549, 61.688, 61.673, 61.445, 61.276, 61.222], [60.621, 59.685, 58.745, 58.439, 58.162, 56.542, 55.742, 55.733, 54.59, 53.857, 54.379, 55.301, 55.609, 54.105, 51.369, 50.255, 53.552, 54.247, 53.05, 53.504, 53.847, 53.738, 54.963, 53.549, 50.15, 49.082, 48.633, 47.96, 47.424, 45.671, 43.435, 42.623, 42.535, 42.052, 40.399, 39.773, 39.572, 37.953, 37.747, 37.348, 37.033, 35.898, 33.652, 33.604, 34.051, 32.783, 31.59, 31.701, 31.246, 30.556, 28.82, 28.062, 27.389, 23.747, 18.01, 10.832, 0.0, 11.565, 17.477, 22.798, 34.625, 42.515, 41.82, 43.666, 47.313, 48.169, 49.558, 49.212, 48.971, 49.567, 49.577, 49.265, 49.441, 49.883, 49.485, 50.168, 54.124, 57.294, 57.67, 56.97, 56.844, 56.916, 56.848, 56.669, 56.666, 56.678], [57.454, 56.541, 55.67, 55.413, 55.29, 53.794, 52.954, 52.762, 51.392, 50.612, 51.029, 51.812, 52.18, 50.598, 48.032, 47.931, 52.442, 53.052, 51.703, 52.41, 52.911, 52.946, 54.66, 53.902, 50.932, 49.845, 49.154, 48.63, 48.44, 47.038, 45.568, 44.932, 44.867, 44.352, 42.624, 41.941, 41.693, 39.573, 39.144, 38.761, 38.406, 37.377, 35.981, 36.529, 36.965, 35.736, 34.682, 35.244, 35.093, 34.513, 32.063, 30.354, 29.524, 26.796, 23.242, 19.502, 11.565, 0.0, 9.302, 15.17, 26.818, 35.061, 34.488, 36.48, 40.196, 41.144, 42.463, 42.177, 42.133, 42.734, 42.745, 42.546, 42.834, 43.269, 43.031, 43.621, 47.53, 51.079, 51.641, 50.944, 50.777, 50.804, 50.699, 50.512, 50.639, 50.725], [56.505, 55.579, 54.807, 54.61, 54.485, 52.931, 52.035, 51.866, 50.467, 49.67, 50.161, 51.015, 51.292, 49.453, 46.857, 47.193, 51.997, 52.522, 51.124, 51.766, 52.248, 52.35, 54.223, 53.61, 51.485, 50.686, 49.634, 49.161, 49.161, 47.98, 46.887, 46.426, 46.319, 45.865, 44.263, 43.598, 43.278, 41.083, 40.524, 40.074, 39.684, 38.758, 37.588, 38.191, 38.56, 37.418, 36.57, 37.353, 37.51, 36.944, 34.667, 32.901, 32.017, 29.843, 27.14, 23.828, 17.477, 9.302, 0.0, 9.045, 22.411, 31.059, 30.471, 32.657, 36.585, 37.483, 38.846, 38.601, 38.597, 39.193, 39.198, 39.015, 39.432, 40.244, 40.768, 41.358, 45.204, 49.082, 49.766, 49.122, 48.985, 49.065, 48.922, 48.772, 48.944, 49.013], [56.771, 55.808, 55.093, 54.93, 54.972, 53.542, 52.635, 52.345, 50.498, 49.335, 49.726, 50.451, 50.846, 48.935, 46.296, 47.001, 52.52, 53.15, 