[[0.0, 6.457, 17.36, 22.693, 23.267, 23.573, 22.561, 21.806, 22.768, 23.423, 27.051, 32.907, 35.407, 35.948, 37.988, 44.206, 53.421, 59.403, 61.621, 61.812, 61.897, 61.895, 62.235, 63.001, 63.13, 63.363, 63.554, 63.386, 64.147, 65.809, 67.29, 68.227, 67.822, 67.301, 67.069, 66.286, 66.325, 66.773, 66.192, 66.11, 66.794, 67.96, 68.21, 67.844, 67.529, 66.337, 65.705, 65.635, 65.321, 64.751, 63.813, 63.743, 64.01, 64.628, 64.844, 64.753, 63.998, 63.049, 63.205, 63.754, 64.012, 64.184, 64.135, 63.398, 62.848, 60.91, 60.565, 61.189, 61.098, 61.628, 61.693, 61.385, 62.293, 64.344, 65.548, 66.006, 66.13, 66.862, 70.707, 71.91, 71.93, 71.791, 72.003, 72.742, 72.435, 71.634], [6.457, 0.0, 11.708, 17.488, 18.243, 18.623, 17.899, 18.009, 20.008, 21.28, 24.882, 30.499, 33.1, 33.774, 36.131, 42.654, 51.879, 57.742, 59.947, 60.155, 60.287, 60.345, 60.691, 61.433, 61.549, 61.79, 62.003, 61.854, 62.56, 64.17, 65.62, 66.55, 66.194, 65.764, 65.639, 65.099, 65.396, 65.955, 65.362, 65.203, 65.787, 66.793, 66.946, 66.603, 66.291, 64.987, 64.319, 64.267, 63.937, 63.383, 62.47, 62.425, 62.664, 63.23, 63.415, 63.341, 62.631, 61.76, 61.958, 62.566, 62.895, 63.11, 63.056, 62.231, 61.508, 59.327, 58.7, 59.237, 59.161, 59.707, 59.835, 59.574, 60.452, 62.542, 63.849, 64.464, 64.732, 65.516, 69.497, 70.805, 70.786, 70.584, 70.754, 71.43, 71.117, 70.297], [17.36, 11.708, 0.0, 6.977, 9.146, 10.04, 10.006, 11.878, 16.021, 18.679, 21.723, 26.883, 29.853, 30.559, 33.288, 40.465, 49.992, 55.634, 57.738, 57.975, 58.209, 58.339, 58.575, 59.14, 59.165, 59.402, 59.688, 59.589, 60.162, 61.585, 62.837, 63.662, 63.363, 63.052, 63.111, 62.966, 63.736, 64.587, 63.982, 63.601, 63.945, 64.636, 64.606, 64.298, 63.935, 62.387, 61.703, 61.803, 61.403, 60.765, 59.932, 59.958, 60.182, 60.724, 60.881, 60.858, 60.24, 59.5, 59.796, 60.5, 61.008, 61.342, 61.301, 60.398, 59.325, 56.672, 55.668, 56.197, 56.139, 56.771, 57.142, 56.931, 57.717, 59.956, 61.538, 62.526, 63.058, 63.864, 68.095, 69.621, 69.48, 69.113, 69.233, 69.83, 69.491, 68.596], [22.693, 17.488, 6.977, 0.0, 3.975, 5.787, 6.712, 10.086, 14.936, 18.113, 20.511, 24.887, 28.025, 28.624, 31.264, 38.348, 47.765, 53.309, 55.37, 55.59, 55.843, 56.034, 56.324, 56.871, 56.864, 57.064, 57.35, 57.278, 57.834, 59.248, 60.436, 61.108, 60.872, 60.728, 60.865, 60.847, 61.753, 62.87, 62.144, 61.417, 61.556, 62.025, 61.863, 61.545, 61.11, 59.498, 58.814, 59.008, 58.627, 57.976, 57.232, 57.288, 57.495, 58.035, 58.192, 58.2, 57.69, 57.092, 57.417, 58.073, 58.59, 58.989, 58.955, 58.133, 57.045, 54.542, 53.831, 54.632, 54.682, 55.404, 56.001, 55.64, 56.521, 59.224, 61.196, 62.487, 63.162, 63.986, 68.434, 70.041, 69.838, 69.434, 69.555, 70.114, 69.751, 68.821], [23.267, 18.243, 9.146, 3.975, 0.0, 2.667, 4.769, 9.565, 14.647, 17.73, 19.78, 23.579, 26.646, 27.299, 29.86, 36.726, 45.998, 51.576, 53.678, 53.899, 54.125, 54.335, 54.755, 55.421, 55.455, 55.659, 55.925, 55.867, 56.452, 57.958, 59.286, 59.976, 59.767, 59.71, 59.808, 59.76, 60.633, 61.791, 61.002, 60.179, 60.293, 60.721, 60.513, 60.155, 59.74, 58.243, 57.533, 57.636, 57.306, 56.731, 56.006, 56.065, 56.253, 56.779, 56.94, 56.935, 56.454, 55.903, 56.196, 56.785, 57.223, 57.62, 57.588, 56.807, 55.821, 53.589, 53.143, 54.059, 54.186, 54.902, 55.469, 54.949, 55.938, 58.884, 60.994, 62.324, 62.996, 63.867, 68.433, 70.019, 69.845, 69.51, 69.635, 70.177, 69.812, 68.91], [23.573, 18.623, 10.04, 5.787, 2.667, 0.0, 3.416, 9.211, 14.598, 17.64, 19.549, 23.184, 26.183, 26.885, 29.499, 36.438, 45.803, 51.418, 53.533, 53.761, 53.984, 54.196, 54.636, 55.335, 55.392, 55.607, 55.875, 55.82, 56.395, 57.917, 59.301, 60.043, 59.848, 59.786, 59.845, 59.768, 60.641, 61.78, 61.013, 60.245, 60.394, 60.842, 60.629, 60.265, 59.892, 58.461, 57.768, 57.835, 57.504, 56.958, 56.229, 56.291, 56.476, 57.002, 57.163, 57.147, 56.663, 56.11, 56.394, 56.984, 57.423, 57.83, 57.81, 57.027, 56.052, 53.85, 53.389, 54.28, 54.406, 55.102, 55.621, 55.072, 56.042, 58.938, 61.01, 62.307, 62.96, 63.822, 68.364, 69.937, 69.764, 69.439, 69.563, 70.105, 69.752, 68.878], [22.561, 17.899, 10.006, 6.712, 4.769, 3.416, 0.0, 6.394, 12.259, 15.466, 17.721, 22.15, 25.426, 26.118, 28.844, 36.18, 45.997, 51.826, 53.983, 54.228, 54.442, 54.599, 54.965, 55.656, 55.74, 55.956, 56.237, 56.179, 56.809, 58.396, 59.784, 60.539, 60.349, 60.229, 60.231, 60.04, 60.82, 61.925, 61.167, 60.464, 60.727, 61.338, 61.217, 60.878, 60.525, 59.126, 58.446, 58.533, 58.199, 57.628, 56.881, 56.915, 57.089, 57.64, 57.819, 57.804, 57.295, 56.673, 56.927, 57.512, 57.961, 58.367, 58.35, 57.563, 56.601, 54.398, 53.955, 54.849, 54.959, 55.657, 56.134, 55.59, 56.569, 59.396, 61.394, 62.632, 63.229, 64.045, 68.541, 70.105, 69.956, 69.64, 69.782, 70.354, 69.998, 69.126], [21.806, 18.009, 11.878, 10.086, 9.565, 9.211, 6.394, 0.0, 6.569, 10.598, 14.009, 20.352, 24.192, 24.735, 27.539, 35.523, 46.142, 52.377, 54.616, 54.888, 55.1, 55.186, 55.392, 55.994, 56.079, 56.295, 56.606, 56.539, 57.294, 58.979, 60.322, 61.118, 60.956, 60.703, 60.58, 60.144, 60.727, 61.785, 61.055, 60.447, 60.872, 61.831, 61.984, 61.748, 61.408, 60.056, 59.489, 59.679, 59.361, 58.745, 57.983, 57.958, 58.124, 58.725, 58.93, 58.907, 58.352, 57.626, 57.826, 58.38, 58.838, 59.248, 59.228, 58.457, 57.523, 55.305, 54.947, 55.928, 56.018, 56.746, 57.187, 56.637, 57.6, 60.311, 62.194, 63.346, 63.844, 64.57, 69.011, 70.564, 70.404, 70.079, 70.241, 70.848, 70.482, 69.604], [22.768, 20.008, 16.021, 14.936, 14.647, 14.598, 12.259, 6.569, 0.0, 5.297, 10.761, 18.956, 23.184, 23.596, 26.464, 34.686, 45.656, 52.147, 54.443, 54.712, 54.918, 54.996, 55.115, 55.631, 55.7, 55.902, 56.204, 56.124, 56.992, 58.749, 60.065, 60.956, 60.848, 60.462, 60.184, 59.5, 59.872, 60.88, 60.186, 59.663, 60.208, 61.489, 61.978, 61.901, 61.593, 60.308, 59.89, 60.176, 59.879, 59.242, 58.474, 58.407, 58.576, 59.211, 59.429, 59.39, 58.812, 58.031, 58.175, 58.677, 59.084, 59.481, 59.454, 58.735, 57.89, 55.77, 55.64, 56.812, 56.927, 57.647, 58.027, 57.424, 58.385, 61.047, 62.872, 63.966, 64.384, 65.063, 69.502, 71.041, 70.844, 70.515, 70.695, 71.337, 70.981, 70.113], [23.423, 21.28, 18.679, 18.113, 17.73, 17.64, 15.466, 10.598, 5.297, 0.0, 7.709, 17.341, 21.767, 22.29, 25.428, 33.889, 45.001, 51.595, 53.927, 54.203, 54.371, 54.431, 54.564, 55.124, 55.225, 55.439, 55.748, 55.662, 56.556, 58.332, 59.693, 60.698, 60.596, 60.12, 59.734, 58.919, 59.18, 60.078, 59.42, 59.049, 59.725, 61.191, 61.889, 61.957, 61.765, 60.615, 60.266, 60.508, 60.184, 59.563, 58.821, 58.767, 58.926, 59.565, 59.785, 59.737, 59.145, 58.331, 58.449, 58.923, 59.282, 59.655, 59.634, 58.949, 58.196, 56.212, 56.256, 57.526, 57.683, 58.336, 58.587, 57.917, 58.875, 61.469, 63.217, 64.233, 64.575, 65.27, 69.787, 71.333, 71.144, 70.84, 71.027, 71.706, 71.384, 70.551], [27.051, 24.882, 21.723, 20.511, 19.78, 19.549, 17.721, 14.009, 10.761, 7.709, 0.0, 10.883, 16.175, 17.187, 20.996, 30.235, 41.863, 48.533, 50.839, 51.165, 51.329, 51.358, 51.493, 52.141, 52.311, 52.56, 52.938, 52.89, 53.729, 55.457, 56.869, 57.968, 57.928, 57.474, 57.035, 56.225, 56.502, 57.356, 56.685, 56.401, 57.182, 58.733, 59.539, 59.759, 59.794, 58.954, 58.706, 58.836, 58.461, 57.887, 57.244, 57.271, 57.385, 57.95, 58.145, 58.08, 57.475, 56.643, 56.758, 57.231, 57.593, 57.977, 57.962, 57.278, 56.543, 54.673, 54.802, 56.082, 56.275, 56.897, 57.105, 56.314, 57.26, 59.92, 61.728, 62.777, 63.08, 63.76, 68.525, 70.178, 70.005, 69.716, 69.889, 70.585, 70.281, 69.47], [32.907, 30.499, 26.883, 24.887, 23.579, 23.184, 22.15, 20.352, 18.956, 17.341, 10.883, 0.0, 6.74, 9.181, 13.883, 23.532, 35.177, 41.804, 44.088, 44.486, 44.695, 44.704, 44.774, 45.505, 45.804, 46.157, 46.67, 46.708, 47.551, 49.351, 50.924, 52.074, 52.161, 51.863, 51.434, 50.724, 51.087, 51.949, 51.158, 50.919, 51.817, 53.415, 54.278, 54.621, 54.972, 54.784, 54.85, 54.812, 54.479, 54.12, 53.649, 53.804, 53.867, 54.273, 54.375, 54.238, 53.638, 52.83, 52.876, 53.315, 53.728, 54.177, 54.094, 53.405, 52.746, 51.206, 51.647, 53.078, 53.45, 54.166, 54.5, 53.579, 54.679, 57.711, 59.79, 61.012, 61.394, 62.186, 67.372, 69.155, 68.994, 68.765, 68.921, 69.557, 69.253, 68.453], [35.407, 33.1, 29.853, 28.025, 26.646, 26.183, 25.426, 24.192, 23.184, 21.767, 16.175, 6.74, 0.0, 4.544, 10.342, 20.175, 31.964, 38.739, 41.044, 41.441, 41.661, 41.626, 41.57, 42.254, 42.577, 42.926, 43.483, 43.573, 44.417, 46.254, 47.987, 49.362, 49.525, 49.187, 48.655, 47.935, 48.348, 49.097, 48.39, 48.432, 49.492, 51.229, 52.2, 52.611, 53.158, 53.414, 53.883, 53.782, 53.393, 53.131, 52.686, 52.897, 52.951, 53.282, 53.318, 53.117, 52.494, 51.7, 51.734, 52.185, 52.616, 53.09, 52.958, 52.231, 51.64, 50.232, 50.758, 52.254, 52.754, 53.426, 53.658, 52.69, 53.807, 56.841, 58.932, 60.159, 60.545, 61.433, 66.827, 68.676, 68.495, 68.301, 68.467, 69.08, 68.808, 68.049], [35.948, 33.774, 30.559, 28.624, 27.299, 26.885, 26.118, 24.735, 23.596, 22.29, 17.187, 9.181, 4.544, 0.0, 7.126, 18.191, 30.717, 37.819, 40.204, 40.595, 40.821, 40.765, 40.643, 41.219, 41.461, 41.771, 42.339, 42.443, 43.347, 45.211, 46.914, 48.258, 48.376, 47.962, 47.405, 46.605, 46.987, 47.788, 47.033, 47.003, 48.034, 49.83, 50.883, 51.308, 51.827, 52.089, 52.711, 52.813, 52.482, 52.188, 51.741, 51.942, 52.003, 52.351, 52.37, 52.161, 51.549, 50.767, 50.801, 51.257, 51.726, 52.226, 52.096, 51.412, 50.87, 49.58, 50.339, 51.99, 52.526, 53.258, 53.563, 52.584, 53.742, 56.9, 59.093, 60.386, 60.799, 61.695, 67.105, 68.955, 68.743, 68.53, 68.716, 69.319, 69.032, 68.258], [37.988, 36.131, 33.288, 31.264, 29.86, 29.499, 28.844, 27.539, 26.464, 25.428, 20.996, 13.883, 10.342, 7.126, 0.0, 12.489, 26.391, 34.238, 36.862, 37.34, 37.595, 37.525, 37.419, 38.042, 38.362, 38.79, 39.427, 39.558, 40.551, 42.486, 44.128, 45.184, 45.208, 44.889, 44.366, 43.511, 43.857, 44.744, 43.769, 43.541, 44.56, 46.397, 47.448, 47.814, 48.37, 48.872, 49.624, 49.795, 49.664, 49.538, 49.177, 49.396, 49.482, 49.851, 49.857, 49.624, 49.038, 48.247, 48.21, 48.583, 49.025, 49.572, 49.417, 48.889, 48.62, 47.964, 49.476, 51.418, 52.03, 52.847, 53.266, 52.183, 53.531, 57.098, 59.555, 60.966, 61.378, 62.29, 67.815, 69.629, 69.371, 69.174, 69.396, 69.963, 69.645, 68.858], [44.206, 42.654, 40.465, 38.348, 36.726, 36.438, 36.18, 35.523, 34.686, 33.889, 30.235, 23.532, 20.175, 18.191, 12.489, 0.0, 15.434, 24.639, 27.73, 28.324, 28.62, 28.713, 28.859, 29.752, 30.303, 30.8, 31.479, 31.675, 32.742, 34.88, 36.724, 37.695, 37.967, 38.182, 37.894, 37.133, 37.393, 38.428, 37.105, 36.525, 37.508, 39.373, 40.53, 40.996, 41.78, 43.01, 44.338, 44.47, 44.42, 44.708, 44.731, 45.145, 45.267, 45.536, 45.468, 45.173, 44.715, 44.039, 43.9, 44.077, 44.286, 44.835, 44.667, 44.508, 44.796, 45.326, 48.038, 50.515, 51.361, 52.195, 52.719, 51.349, 52.927, 57.171, 60.111, 61.751, 62.205, 63.181, 68.943, 70.74, 70.414, 70.287, 70.576, 71.099, 70.744, 69.946], [53.421, 51.879, 49.992, 47.765, 45.998, 45.803, 45.997, 46.142, 45.656, 45.001, 41.863, 35.177, 31.964, 30.717, 26.391, 15.434, 0.0, 10.496, 14.478, 15.509, 15.956, 16.56, 17.575, 19.372, 20.569, 21.343, 22.098, 22.448, 23.792, 26.45, 28.819, 29.763, 30.693, 32.078, 32.535, 32.355, 32.645, 33.962, 32.075, 30.746, 31.452, 32.938, 34.099, 34.842, 36.006, 38.202, 40.168, 40.225, 40.225, 41.063, 41.953, 42.919, 43.096, 43.097, 42.854, 42.492, 42.304, 41.998, 41.783, 41.696, 41.633, 42.124, 41.919, 42.153, 42.913, 44.624, 48.41, 51.436, 52.606, 53.538, 54.36, 52.836, 54.686, 59.637, 63.114, 65.08, 65.767, 66.979, 72.856, 74.596, 74.263, 74.232, 74.535, 74.962, 74.558, 73.734], [59.403, 57.742, 55.634, 53.309, 51.576, 51.418, 51.826, 52.377, 52.147, 51.595, 48.533, 41.804, 38.739, 37.819, 34.238, 24.639, 10.496, 0.0, 4.947, 7.161, 8.257, 9.766, 11.692, 14.371, 16.251, 17.375, 18.22, 18.693, 19.948, 22.61, 25.143, 26.144, 27.732, 29.988, 31.092, 31.561, 32.09, 33.537, 31.48, 29.88, 30.361, 31.331, 32.313, 33.269, 34.694, 37.335, 39.574, 39.571, 39.453, 40.472, 42.042, 43.591, 43.906, 43.749, 43.389, 43.012, 43.011, 42.977, 42.804, 42.614, 42.424, 42.846, 42.655, 43.084, 43.915, 45.968, 50.002, 53.173, 54.46, 55.417, 56.429, 54.981, 56.894, 62.013, 65.672, 67.796, 68.648, 69.995, 75.849, 77.576, 77.243, 77.218, 77.507, 77.899, 77.492, 76.669], [61.621, 59.947, 57.738, 55.37, 53.678, 53.533, 53.983, 54.616, 54.443, 53.927, 50.839, 44.088, 41.044, 40.204, 36.862, 27.73, 14.478, 4.947, 0.0, 3.247, 5.167, 7.245, 9.482, 12.446, 14.579, 15.787, 16.669, 17.188, 18.325, 20.922, 23.485, 24.632, 26.593, 29.181, 30.535, 31.245, 31.899, 33.434, 31.394, 29.753, 30.167, 30.985, 31.917, 32.95, 34.48, 37.283, 39.682, 39.7, 39.496, 40.511, 42.267, 44.051, 44.526, 44.367, 43.968, 43.57, 43.582, 43.588, 43.44, 43.233, 43.023, 43.439, 43.267, 43.77, 44.62, 46.713, 50.752, 53.91, 55.171, 56.112, 57.168, 55.747, 57.644, 62.758, 66.441, 68.582, 69.455, 70.81, 76.624, 78.348, 78.012, 77.981, 78.267, 78.662, 78.258, 77.449], [61.812, 60.155, 57.975, 55.59, 53.899, 53.761, 54.228, 54.888, 54.712, 54.203, 51.165, 44.486, 41.441, 40.595, 37.34, 28.324, 15.509, 7.161, 3.247, 0.0, 2.868, 5.735, 8.377, 11.319, 13.355, 14.516, 15.382, 15.956, 17.158, 19.859, 22.527, 23.834, 25.98, 28.738, 30.212, 30.96, 31.634, 33.26, 31.182, 29.401, 29.707, 30.446, 31.363, 32.412, 33.95, 36.768, 39.272, 39.363, 39.156, 40.151, 41.873, 43.664, 44.218, 44.128, 43.732, 43.317, 43.301, 43.322, 43.21, 42.998, 42.757, 43.159, 42.999, 43.538, 44.422, 46.534, 50.597, 53.762, 54.983, 55.899, 56.937, 55.476, 57.378, 62.538, 66.256, 68.402, 69.273, 70.632, 76.436, 78.155, 77.81, 77.775, 78.067, 78.47, 78.072, 77.274], [61.897, 60.287, 58.209, 55.843, 54.125, 53.984, 54.442, 55.1, 54.918, 54.371, 51.329, 44.695, 41.661, 40.821, 37.595, 28.62, 15.956, 8.257, 5.167, 2.868, 0.0, 3.677, 7.344, 10.614, 12.615, 13.816, 14.692, 15.34, 16.743, 19.609, 22.409, 23.801, 25.979, 28.829, 30.335, 31.039, 31.643, 33.291, 31.138, 29.227, 29.477, 30.169, 31.049, 32.071, 33.617, 36.464, 38.946, 39.028, 38.895, 39.927, 41.627, 43.379, 43.91, 43.844, 43.468, 43.051, 43.035, 43.083, 42.992, 42.757, 42.456, 42.834, 42.683, 43.24, 44.174, 46.376, 50.522, 53.714, 54.933, 55.829, 56.846, 55.318, 57.251, 62.498, 66.26, 68.404, 69.265, 70.654, 76.485, 78.191, 77.859, 77.85, 78.147, 78.552, 78.154, 77.374], [61.895, 60.345, 58.339, 56.034, 54.335, 54.196, 54.599, 55.186, 54.996, 54.431, 51.358, 44.704, 41.626, 40.765, 37.525, 28.713, 16.56, 9.766, 7.245, 5.735, 3.677, 0.0, 4.794, 8.896, 11.209, 12.751, 13.885, 14.588, 16.234, 19.343, 22.272, 23.799, 25.922, 28.672, 30.154, 30.807, 31.414, 33.046, 30.961, 29.193, 29.553, 30.345, 31.214, 32.236, 33.87, 36.727, 39.164, 39.23, 39.168, 40.231, 41.876, 43.589, 44.11, 44.056, 43.69, 43.279, 43.238, 43.224, 43.111, 42.903, 42.655, 43.072, 42.935, 43.433, 44.338, 46.477, 50.607, 53.772, 54.98, 55.861, 56.803, 55.227, 57.118, 62.305, 66.017, 68.124, 68.962, 70.358, 76.203, 77.914, 77.602, 77.62, 77.913, 78.312, 77.919, 77.166], [62.235, 60.691, 58.575, 56.324, 54.755, 54.636, 54.965, 55.392, 55.115, 54.564, 51.493, 44.774, 41.57, 40.643, 37.419, 28.859, 17.575, 11.692, 9.482, 8.377, 7.344, 4.794, 0.0, 4.939, 8.106, 10.304, 12.018, 12.805, 14.582, 17.828, 20.746, 22.551, 24.749, 27.309, 28.838, 29.5, 30.218, 31.798, 29.982, 28.718, 29.332, 30.411, 31.497, 32.739, 34.542, 37.352, 39.932, 40.131, 40.04, 41.059, 42.633, 44.318, 44.849, 44.817, 44.452, 44.056, 44.0, 43.908, 43.785, 43.667, 43.578, 44.069, 43.951, 44.379, 45.159, 46.994, 50.934, 54.057, 55.231, 56.069, 56.885, 55.328, 57.025, 61.896, 65.441, 67.487, 68.301, 69.652, 75.472, 77.249, 76.911, 76.889, 77.181, 77.576, 77.21, 76.491], [63.001, 61.433, 59.14, 56.871, 55.421, 55.335, 55.656, 55.994, 55.631, 55.124, 52.141, 45.505, 42.254, 41.219, 38.042, 29.752, 19.372, 14.371, 12.446, 11.319, 10.614, 8.896, 4.939, 0.0, 4.014, 7.241, 9.632, 10.591, 12.442, 15.61, 18.391, 20.536, 22.88, 25.36, 27.05, 27.797, 28.645, 30.246, 28.647, 27.671, 28.307, 29.505, 30.849, 32.367, 34.272, 36.946, 39.771, 40.236, 40.141, 41.081, 42.569, 44.223, 44.755, 44.753, 44.38, 43.985, 43.946, 43.938, 43.926, 43.879, 43.847, 44.368, 44.267, 44.693, 45.392, 47.017, 50.885, 54.077, 55.235, 56.03, 56.815, 55.295, 56.819, 61.49, 64.971, 67.014, 67.844, 69.173, 74.95, 76.788, 76.382, 76.284, 76.593, 76.999, 76.667, 75.975], [63.13, 61.549, 59.165, 56.864, 55.455, 55.392, 55.74, 56.079, 55.7, 55.225, 52.311, 45.804, 42.577, 41.461, 38.362, 30.303, 20.569, 16.251, 14.579, 13.355, 12.615, 11.209, 8.106, 4.014, 0.0, 4.387, 7.487, 8.728, 10.77, 13.955, 16.797, 19.396, 21.881, 24.275, 26.031, 26.809, 27.673, 29.305, 27.78, 26.805, 27.316, 28.476, 29.951, 31.586, 33.484, 36.055, 39.054, 39.723, 39.63, 40.468, 41.866, 43.501, 44.019, 44.026, 43.645, 43.232, 43.187, 43.302, 43.465, 43.484, 43.438, 43.959, 43.853, 44.266, 44.913, 46.429, 50.288, 53.555, 54.714, 55.505, 56.34, 54.846, 56.314, 60.984, 64.506, 66.583, 67.451, 68.791, 74.55, 76.417, 75.971, 75.828, 76.152, 76.587, 76.275, 75.581], [63.363, 61.79, 59.402, 57.064, 55.659, 55.607, 55.956, 56.295, 55.902, 55.439, 52.56, 46.157, 42.926, 41.771, 38.79, 30.8, 21.343, 17.375, 15.787, 14.516, 13.816, 12.751, 10.304, 7.241, 4.387, 0.0, 3.952, 6.019, 8.417, 11.792, 14.897, 18.104, 21.033, 23.481, 25.177, 25.866, 26.553, 28.162, 26.715, 25.795, 26.284, 27.486, 29.109, 30.799, 32.717, 35.411, 38.715, 39.54, 39.327, 40.073, 41.466, 43.12, 43.663, 43.68, 43.302, 42.884, 42.837, 42.992, 43.239, 43.315, 43.26, 43.784, 43.687, 44.115, 44.756, 46.212, 49.963, 53.223, 54.382, 55.135, 55.98, 54.498, 55.912, 60.565, 64.112, 66.216, 67.113, 68.459, 74.223, 76.108, 75.623, 75.44, 75.772, 76.253, 75.961, 75.254], [63.554, 62.003, 59.688, 57.35, 55.925, 55.875, 56.237, 56.606, 56.204, 55.748, 52.938, 46.67, 43.483, 42.339, 39.427, 31.479, 22.098, 18.22, 16.669, 15.382, 14.692, 13.885, 12.018, 9.632, 7.487, 3.952, 0.0, 3.309, 6.695, 10.269, 13.463, 16.869, 20.012, 22.739, 24.499, 25.09, 25.579, 27.151, 25.764, 24.881, 25.341, 26.526, 28.168, 29.837, 31.817, 34.573, 37.984, 38.839, 38.577, 39.339, 40.731, 42.384, 42.933, 42.996, 42.686, 42.305, 42.308, 42.538, 42.807, 42.871, 42.788, 43.323, 43.249, 43.717, 44.422, 45.979, 49.767, 53.039, 54.2, 54.867, 55.656, 54.159, 55.557, 60.232, 63.806, 65.914, 66.819, 68.21, 73.99, 75.856, 75.34, 75.134, 75.468, 75.975, 75.714, 75.02], [63.386, 61.854, 59.589, 57.278, 55.867, 55.82, 56.179, 56.539, 56.124, 55.662, 52.89, 46.708, 43.573, 42.443, 39.558, 31.675, 22.448, 18.693, 17.188, 15.956, 15.34, 14.588, 12.805, 10.591, 8.728, 6.019, 3.309, 0.0, 4.585, 8.872, 12.29, 15.829, 19.022, 21.834, 23.736, 24.304, 24.748, 26.343, 25.002, 24.193, 24.666, 25.845, 27.443, 29.134, 31.231, 33.969, 37.377, 38.24, 37.919, 38.697, 40.096, 41.775, 42.322, 42.386, 42.116, 41.772, 41.807, 42.086, 42.399, 42.458, 42.409, 43.046, 43.04, 43.524, 44.246, 45.85, 49.694, 52.987, 54.147, 54.804, 55.577, 54.095, 55.48, 60.124, 63.696, 65.81, 66.725, 68.111, 73.831, 75.667, 75.139, 74.917, 75.255, 75.761, 75.504, 74.806], [64.147, 62.56, 60.162, 57.834, 56.452, 56.395, 56.809, 57.294, 56.992, 56.556, 53.729, 47.551, 44.417, 43.347, 40.551, 32.742, 23.792, 19.948, 18.325, 17.158, 16.743, 16.234, 14.582, 12.442, 10.77, 8.417, 6.695, 4.585, 0.0, 5.073, 9.545, 14.217, 17.822, 20.629, 22.579, 23.377, 24.063, 25.567, 24.49, 24.057, 24.508, 25.483, 26.974, 28.747, 30.985, 33.741, 37.269, 38.1, 37.544, 38.262, 39.713, 41.522, 42.129, 42.175, 41.89, 41.552, 41.615, 41.979, 42.409, 42.538, 42.498, 43.184, 43.299, 43.822, 44.495, 46.037, 49.799, 53.049, 54.206, 54.771, 55.433, 53.956, 55.196, 59.658, 63.192, 65.329, 66.264, 67.618, 73.297, 75.164, 74.613, 74.368, 74.717, 75.226, 74.983, 74.285], [65.809, 64.17, 61.585, 59.248, 57.958, 57.917, 58.396, 58.979, 58.749, 58.332, 55.457, 49.351, 46.254, 45.211, 42.486, 34.88, 26.45, 22.61, 20.922, 19.859, 19.609, 19.343, 17.828, 15.61, 13.955, 11.792, 10.269, 8.872, 5.073, 0.0, 5.694, 12.293, 16.495, 19.276, 21.265, 22.349, 23.303, 24.652, 23.985, 24.041, 24.439, 25.214, 26.725, 28.715, 31.126, 33.809, 37.491, 38.394, 37.68, 38.311, 39.777, 41.703, 42.38, 42.453, 42.18, 41.874, 41.996, 42.466, 43.021, 43.23, 43.158, 43.829, 44.031, 44.642, 45.3, 46.745, 50.373, 53.593, 54.739, 55.147, 55.676, 54.236, 55.264, 59.458, 62.915, 65.065, 66.023, 67.349, 72.973, 74.882, 74.268, 73.96, 74.323, 74.85, 74.652, 73.979], [67.29, 65.62, 62.837, 60.436, 59.286, 59.301, 59.784, 60.322, 60.065, 59.693, 56.869, 50.924, 47.987, 46.914, 44.128, 36.724, 28.819, 25.143, 23.485, 22.527, 22.409, 22.272, 20.746, 18.391, 16.797, 14.897, 13.463, 12.29, 9.545, 5.694, 0.0, 8.203, 13.291, 16.604, 19.013, 20.441, 21.664, 23.159, 22.647, 22.809, 23.13, 23.824, 25.392, 27.606, 30.227, 32.814, 36.638, 37.785, 37.099, 37.713, 39.218, 41.225, 41.948, 42.058, 41.796, 41.53, 41.698, 42.218, 42.847, 43.097, 43.051, 43.763, 43.989, 44.707, 45.45, 46.99, 50.692, 53.963, 55.102, 55.509, 56.163, 54.856, 55.838, 59.971, 63.44, 65.651, 66.663, 67.942, 73.436, 75.335, 74.671, 74.281, 74.656, 75.186, 75.0, 74.309], [68.227, 66.55, 63.662, 61.108, 59.976, 60.043, 60.539, 61.118, 60.956, 60.698, 57.968, 52.074, 49.362, 48.258, 45.184, 37.695, 29.763, 26.144, 24.632, 23.834, 23.801, 23.799, 22.551, 20.536, 19.396, 18.104, 16.869, 15.829, 14.217, 12.293, 8.203, 0.0, 6.847, 13.04, 16.674, 18.619, 20.154, 22.168, 21.068, 20.377, 20.393, 20.628, 21.742, 23.85, 26.78, 29.552, 33.269, 34.527, 34.101, 35.021, 36.765, 38.848, 39.533, 39.61, 39.329, 39.059, 39.273, 39.871, 40.522, 40.709, 40.74, 41.533, 41.677, 42.479, 43.465, 45.758, 50.132, 53.51, 54.686, 55.319, 56.358, 55.159, 56.45, 61.075, 64.821, 67.174, 68.265, 69.563, 74.966, 76.759, 76.178, 75.819, 76.195, 76.666, 76.388, 75.605], [67.822, 66.194, 63.363, 60.872, 59.767, 59.848, 60.349, 60.956, 60.848, 60.596, 57.928, 52.161, 49.525, 48.376, 45.208, 37.967, 30.693, 27.732, 26.593, 25.98, 25.979, 25.922, 24.749, 22.88, 21.881, 21.033, 20.012, 19.022, 17.822, 16.495, 13.291, 6.847, 0.0, 8.422, 13.356, 15.977, 18.282, 20.434, 19.388, 18.913, 18.954, 19.025, 19.847, 21.922, 25.164, 27.681, 31.01, 32.237, 31.971, 33.103, 34.849, 36.895, 37.534, 37.602, 37.323, 37.082, 37.35, 38.013, 38.704, 38.934, 39.179, 40.12, 40.266, 41.035, 42.067, 44.719, 49.728, 53.3, 54.52, 55.173, 56.233, 55.085, 56.445, 61.176, 64.953, 67.282, 68.363, 69.697, 75.042, 76.777, 76.265, 75.939, 76.322, 76.769, 76.465, 75.667], [67.301, 65.764, 63.052, 60.728, 59.71, 59.786, 60.229, 60.703, 60.462, 60.12, 57.474, 51.863, 49.187, 47.962, 44.889, 38.182, 32.078, 29.988, 29.181, 28.738, 28.829, 28.672, 27.309, 25.36, 24.275, 23.481, 22.739, 21.834, 20.629, 19.276, 16.604, 13.04, 8.422, 0.0, 6.472, 10.452, 14.109, 16.303, 16.147, 17.222, 17.796, 18.445, 19.772, 22.306, 25.758, 27.881, 31.223, 32.59, 32.212, 33.172, 34.676, 36.62, 37.288, 37.385, 37.084, 36.866, 37.164, 37.757, 38.423, 38.775, 39.266, 40.424, 40.702, 41.484, 42.439, 44.772, 49.925, 53.842, 55.172, 55.73, 56.61, 55.514, 56.675, 61.025, 64.568, 66.774, 67.797, 69.093, 74.412, 76.206, 75.643, 75.274, 75.675, 76.154, 75.902, 75.143], [67.069, 65.639, 63.111, 60.865, 59.808, 59.845, 60.231, 60.58, 60.184, 59.734, 57.035, 51.434, 48.655, 47.405, 44.366, 37.894, 32.535, 31.092, 30.535, 30.212, 30.335, 30.154, 28.838, 27.05, 26.031, 25.177, 24.499, 23.736, 22.579, 21.265, 19.013, 16.674, 13.356, 6.472, 0.0, 5.457, 10.483, 12.716, 13.419, 15.856, 16.99, 18.328, 20.248, 23.052, 26.642, 28.872, 32.294, 33.551, 33.005, 33.814, 35.144, 37.015, 37.706, 37.865, 37.583, 37.344, 37.625, 38.163, 38.78, 39.117, 39.508, 40.666, 41.036, 41.867, 42.875, 45.128, 50.199, 54.249, 55.733, 56.209, 56.908, 55.782, 56.854, 60.985, 64.369, 66.493, 67.451, 68.712, 74.086, 75.921, 75.327, 74.967, 75.381, 75.879, 75.661, 74.95], [66.286, 65.099, 62.966, 60.847, 59.76, 59.768, 60.04, 60.144, 59.5, 58.919, 56.225, 50.724, 47.935, 46.605, 43.511, 37.133, 32.355, 31.561, 31.245, 30.96, 31.039, 30.807, 29.5, 27.797, 26.809, 25.866, 25.09, 24.304, 23.377, 22.349, 20.441, 18.619, 15.977, 10.452, 5.457, 0.0, 5.866, 8.531, 9.796, 13.398, 15.177, 17.519, 20.186, 23.147, 26.8, 29.274, 32.909, 34.283, 33.81, 34.564, 35.765, 37.5, 38.166, 38.426, 38.225, 37.981, 38.225, 38.678, 39.22, 39.496, 39.775, 40.86, 41.239, 42.113, 43.19, 45.471, 50.544, 54.643, 56.177, 56.712, 57.384, 56.238, 57.31, 61.366, 64.668, 66.727, 67.628, 68.872, 74.231, 76.033, 75.412, 75.045, 75.47, 76.003, 75.806, 75.114], [66.325, 65.396, 63.736, 61.753, 60.633, 60.641, 60.82, 60.727, 59.872, 59.18, 56.502, 51.087, 48.348, 46.987, 43.857, 37.393, 32.645, 32.09, 31.899, 31.634, 31.643, 31.414, 30.218, 28.645, 27.673, 26.553, 25.579, 24.748, 24.063, 23.303, 21.664, 20.154, 18.282, 14.109, 10.483, 5.866, 0.0, 4.499, 5.883, 10.494, 12.937, 16.296, 19.681, 22.728, 26.36, 29.292, 33.32, 34.86, 34.515, 35.241, 36.409, 38.032, 38.635, 38.911, 38.779, 38.533, 38.778, 39.171, 39.611, 39.782, 39.916, 40.904, 41.233, 42.215, 43.443, 45.907, 51.076, 55.248, 56.819, 57.449, 58.217, 57.068, 58.223, 62.363, 65.675, 67.72, 68.605, 69.871, 75.238, 76.975, 76.308, 75.931, 76.374, 76.956, 76.763, 76.054], [66.773, 65.955, 64.587, 62.87, 61.791, 61.78, 61.925, 61.785, 60.88, 60.078, 57.356, 51.949, 49.097, 47.788, 44.744, 38.428, 33.962, 33.537, 33.434, 33.26, 33.291, 33.046, 31.798, 30.246, 29.305, 28.162, 27.151, 26.343, 25.567, 24.652, 23.159, 22.168, 20.434, 16.303, 12.716, 8.531, 4.499, 0.0, 5.514, 12.316, 15.228, 18.775, 22.195, 25.12, 28.743, 31.71, 35.679, 37.025, 36.588, 37.255, 38.29, 39.875, 40.431, 40.674, 40.557, 40.312, 40.524, 40.852, 41.275, 41.493, 41.547, 42.411, 42.744, 43.673, 44.906, 47.269, 52.26, 56.333, 57.896, 58.409, 58.975, 57.899, 58.955, 62.775, 65.869, 67.778, 68.602, 69.885, 75.228, 76.968, 76.291, 75.908, 76.354, 76.964, 76.819, 76.145], [66.192, 65.362, 63.982, 62.144, 61.002, 61.013, 61.167, 61.055, 60.186, 59.42, 56.685, 51.158, 48.39, 47.033, 43.769, 37.105, 32.075, 31.48, 31.394, 31.182, 31.138, 30.961, 29.982, 28.647, 27.78, 26.715, 25.764, 25.002, 24.49, 23.985, 22.647, 21.068, 19.388, 16.147, 13.419, 9.796, 5.883, 5.514, 0.0, 7.436, 10.891, 14.98, 18.707, 21.739, 25.375, 28.682, 32.8, 34.242, 34.031, 34.827, 36.019, 37.628, 38.135, 38.356, 38.224, 37.967, 38.24, 38.595, 38.927, 39.062, 39.051, 39.884, 40.184, 41.24, 42.623, 45.392, 50.811, 55.044, 56.653, 57.322, 58.116, 57.037, 58.477, 62.818, 66.191, 68.264, 69.165, 70.497, 75.969, 77.687, 77.043, 76.691, 77.138, 77.732, 77.521, 76.78], [66.11, 65.203, 63.601, 61.417, 60.179, 60.245, 60.464, 60.447, 59.663, 59.049, 56.401, 50.919, 48.432, 47.003, 43.541, 36.525, 30.746, 29.88, 29.753, 29.401, 29.227, 29.193, 28.718, 27.671, 26.805, 25.795, 24.881, 24.193, 24.057, 24.041, 22.809, 20.377, 18.913, 17.222, 15.856, 13.398, 10.494, 12.316, 7.436, 0.0, 4.199, 9.189, 13.463, 16.733, 20.3, 23.999, 28.394, 30.219, 30.322, 31.206, 32.669, 34.316, 34.803, 35.021, 34.886, 34.635, 35.028, 35.531, 35.808, 35.766, 35.674, 36.526, 36.77, 38.047, 39.592, 42.908, 48.912, 53.385, 55.041, 55.959, 57.204, 56.08, 57.955, 63.103, 66.968, 69.335, 70.383, 71.746, 77.283, 78.939, 78.318, 77.985, 78.441, 79.02, 78.711, 77.862], [66.794, 65.787, 63.945, 61.556, 60.293, 60.394, 60.727, 60.872, 60.208, 59.725, 57.182, 51.817, 49.492, 48.034, 44.56, 37.508, 31.452, 30.361, 30.167, 29.707, 29.477, 29.553, 29.332, 28.307, 27.316, 26.284, 25.341, 24.666, 24.508, 24.439, 23.13, 20.393, 18.954, 17.796, 16.99, 15.177, 12.937, 15.228, 10.891, 4.199, 0.0, 5.461, 10.316, 13.983, 17.599, 21.423, 26.153, 28.32, 28.505, 29.383, 30.989, 32.694, 33.209, 33.419, 33.264, 33.022, 33.494, 34.18, 34.537, 34.432, 34.323, 35.225, 35.47, 36.843, 38.383, 41.855, 48.064, 52.648, 54.318, 55.333, 56.806, 55.677, 57.642, 63.101, 67.205, 69.73, 70.875, 72.247, 77.768, 79.409, 78.776, 78.432, 78.894, 79.462, 79.116, 78.216], [67.96, 66.793, 64.636, 62.025, 60.721, 60.842, 61.338, 61.831, 61.489, 61.191, 58.733, 53.415, 51.229, 49.83, 46.397, 39.373, 32.938, 31.331, 30.985, 30.446, 30.169, 30.345, 30.411, 29.505, 28.476, 27.486, 26.526, 25.845, 25.483, 25.214, 23.824, 20.628, 19.025, 18.445, 18.328, 17.519, 16.296, 18.775, 14.98, 9.189, 5.461, 0.0, 5.508, 10.002, 14.077, 18.256, 23.281, 25.627, 25.858, 26.86, 28.738, 30.624, 31.188, 31.34, 31.132, 30.901, 31.486, 32.427, 32.922, 32.774, 32.675, 33.671, 33.936, 35.403, 36.929, 40.643, 47.108, 51.776, 53.468, 54.549, 56.235, 55.097, 57.147, 62.917, 67.266, 69.957, 71.221, 72.646, 78.2, 79.844, 79.225, 78.897, 79.357, 79.89, 79.502, 78.559], [68.21, 66.946, 64.606, 61.863, 60.513, 60.629, 61.217, 61.984, 61.978, 61.889, 59.539, 54.278, 52.2, 50.883, 47.448, 40.53, 34.099, 32.313, 31.917, 31.363, 31.049, 31.214, 31.497, 30.849, 29.951, 29.109, 28.168, 27.443, 26.974, 26.725, 25.392, 21.742, 19.847, 19.772, 20.248, 20.186, 19.681, 22.195, 18.707, 13.463, 10.316, 5.508, 0.0, 5.404, 10.496, 15.25, 20.238, 22.478, 22.767, 23.999, 26.088, 28.147, 28.783, 28.91, 28.671, 28.445, 29.091, 30.172, 30.765, 30.602, 30.593, 31.745, 32.038, 33.533, 35.068, 39.078, 45.817, 50.508, 52.185, 53.305, 55.139, 53.997, 56.183, 62.248, 66.784, 69.581, 70.943, 72.463, 78.067, 79.689, 79.119, 78.835, 79.29, 79.783, 79.349, 78.376], [67.844, 66.603, 64.298, 61.545, 60.155, 60.265, 60.878, 61.748, 61.901, 61.957, 59.759, 54.621, 52.611, 51.308, 47.814, 40.996, 34.842, 33.269, 32.95, 32.412, 32.071, 32.236, 32.739, 32.367, 31.586, 30.799, 29.837, 29.134, 28.747, 28.715, 27.606, 23.85, 21.922, 22.306, 23.052, 23.147, 22.728, 25.12, 21.739, 16.733, 13.983, 10.002, 5.404, 0.0, 6.413, 12.541, 17.626, 19.655, 20.107, 21.593, 23.724, 25.833, 26.544, 26.65, 26.399, 26.135, 26.694, 27.754, 28.388, 28.243, 28.365, 29.608, 29.856, 31.292, 32.846, 37.154, 44.15, 48.821, 50.466, 51.687, 53.715, 52.593, 54.99, 61.387, 66.082, 68.915, 70.325, 72.044, 77.828, 79.408, 78.882, 78.663, 79.121, 79.595, 79.121, 78.124], [67.529, 66.291, 63.935, 61.11, 59.74, 59.892, 60.525, 61.408, 61.593, 61.765, 59.794, 54.972, 53.158, 51.827, 48.37, 41.78, 36.006, 34.694, 34.48, 33.95, 33.617, 33.87, 34.542, 34.272, 33.484, 32.717, 31.817, 31.231, 30.985, 31.126, 30.227, 26.78, 25.164, 25.758, 26.642, 26.8, 26.36, 28.743, 25.375, 20.3, 17.599, 14.077, 10.496, 6.413, 0.0, 7.982, 14.197, 16.638, 17.349, 18.908, 21.035, 22.97, 23.72, 23.788, 23.46, 23.15, 23.735, 24.855, 25.505, 25.332, 25.549, 26.876, 27.055, 28.621, 30.251, 34.788, 42.173, 47.017, 48.686, 50.092, 52.398, 51.287, 53.894, 60.62, 65.488, 68.4, 69.858, 71.746, 77.905, 79.591, 79.058, 78.865, 79.331, 79.811, 79.326, 78.313], [66.337, 64.987, 62.387, 59.498, 58.243, 58.461, 59.126, 60.056, 60.308, 60.615, 58.954, 54.784, 53.414, 52.089, 48.872, 43.01, 38.202, 37.335, 37.283, 36.768, 36.464, 36.727, 37.352, 36.946, 36.055, 35.411, 34.573, 33.969, 33.741, 33.809, 32.814, 29.552, 27.681, 27.881, 28.872, 29.274, 29.292, 31.71, 28.682, 23.999, 21.423, 18.256, 15.25, 12.541, 7.982, 0.0, 8.112, 12.281, 13.329, 14.706, 16.651, 18.511, 19.406, 19.717, 19.482, 19.444, 20.443, 21.927, 22.789, 22.707, 22.955, 24.448, 24.872, 26.598, 28.209, 32.636, 40.395, 45.574, 47.243, 48.579, 50.872, 49.791, 52.364, 59.104, 64.018, 66.986, 68.497, 70.404, 76.653, 78.515, 78.034, 77.8, 78.27, 78.76, 78.308, 77.321], [65.705, 64.319, 61.703, 58.814, 57.533, 57.768, 58.446, 59.489, 59.89, 60.266, 58.706, 54.85, 53.883, 52.711, 49.624, 44.338, 40.168, 39.574, 39.682, 39.272, 38.946, 39.164, 39.932, 39.771, 39.054, 38.715, 37.984, 37.377, 37.269, 37.491, 36.638, 33.269, 31.01, 31.223, 32.294, 32.909, 33.32, 35.679, 32.8, 28.394, 26.153, 23.281, 20.238, 17.626, 14.197, 8.112, 0.0, 6.013, 8.967, 11.052, 13.017, 14.895, 15.901, 16.487, 16.604, 16.99, 18.414, 20.104, 20.939, 20.688, 20.791, 22.296, 22.965, 24.751, 26.396, 31.242, 39.555, 44.872, 46.544, 47.749, 49.95, 48.791, 51.526, 58.53, 63.542, 66.504, 68.012, 69.999, 76.202, 78.038, 77.806, 77.696, 78.146, 78.598, 78.112, 77.145], [65.635, 64.267, 61.803, 59.008, 57.636, 57.835, 58.533, 59.679, 60.176, 60.508, 58.836, 54.812, 53.782, 52.813, 49.795, 44.47, 40.225, 39.571, 39.7, 39.363, 39.028, 39.23, 40.131, 40.236, 39.723, 39.54, 38.839, 38.24, 38.1, 38.394, 37.785, 34.527, 32.237, 32.59, 33.551, 34.283, 34.86, 37.025, 34.242, 30.219, 28.32, 25.627, 22.478, 19.655, 16.638, 12.281, 6.013, 0.0, 5.494, 9.155, 11.377, 13.426, 14.502, 15.101, 15.422, 15.885, 17.347, 19.057, 19.846, 19.422, 19.217, 20.603, 21.332, 23.062, 24.752, 30.001, 38.551, 43.812, 45.553, 46.565, 48.551, 47.284, 50.186, 57.364, 62.402, 65.321, 66.803, 68.939, 75.34, 77.16, 77.07, 77.12, 77.56, 77.982, 77.483, 76.547], [65.321, 63.937, 61.403, 58.627, 57.306, 57.504, 58.199, 59.361, 59.879, 60.184, 58.461, 54.479, 53.393, 52.482, 49.664, 44.42, 40.225, 39.453, 39.496, 39.156, 38.895, 39.168, 40.04, 40.141, 39.63, 39.327, 38.577, 37.919, 37.544, 37.68, 37.099, 34.101, 31.971, 32.212, 33.005, 33.81, 34.515, 36.588, 34.031, 30.322, 28.505, 25.858, 22.767, 20.107, 17.349, 13.329, 8.967, 5.494, 0.0, 4.791, 8.39, 11.581, 13.06, 13.745, 14.118, 14.595, 16.043, 17.916, 19.035, 18.798, 18.738, 20.147, 21.049, 22.771, 24.265, 29.166, 37.507, 42.758, 44.53, 45.383, 47.259, 46.078, 48.928, 55.992, 61.012, 63.976, 65.509, 67.659, 74.129, 76.01, 75.885, 75.916, 76.385, 76.855, 76.376, 75.419], [64.751, 63.383, 60.765, 57.976, 56.731, 56.958, 57.628, 58.745, 59.242, 59.563, 57.887, 54.12, 53.131, 52.188, 49.538, 44.708, 41.063, 40.472, 40.511, 40.151, 39.927, 40.231, 41.059, 41.081, 40.468, 40.073, 39.339, 38.697, 38.262, 38.311, 37.713, 35.021, 33.103, 33.172, 33.814, 34.564, 35.241, 37.255, 34.827, 31.206, 29.383, 26.86, 23.999, 21.593, 18.908, 14.706, 11.052, 9.155, 4.791, 0.0, 5.314, 9.653, 11.537, 12.411, 12.883, 13.493, 14.98, 16.951, 18.303, 18.237, 18.337, 19.737, 20.727, 22.482, 23.855, 28.396, 36.684, 42.094, 43.883, 44.676, 46.611, 45.564, 48.391, 55.401, 60.42, 63.433, 65.017, 67.138, 73.583, 75.51, 75.349, 75.316, 75.818, 76.383, 75.942, 74.956], [63.813, 62.47, 59.932, 57.232, 56.006, 56.229, 56.881, 57.983, 58.474, 58.821, 57.244, 53.649, 52.686, 51.741, 49.177, 44.731, 41.953, 42.042, 42.267, 41.873, 41.627, 41.876, 42.633, 42.569, 41.866, 41.466, 40.731, 40.096, 39.713, 39.777, 39.218, 36.765, 34.849, 34.676, 35.144, 35.765, 36.409, 38.29, 36.019, 32.669, 30.989, 28.738, 26.088, 23.724, 21.035, 16.651, 13.017, 11.377, 8.39, 5.314, 0.0, 5.184, 7.728, 9.122, 10.056, 11.056, 12.65, 14.691, 16.193, 16.348, 16.627, 18.153, 19.202, 20.783, 22.2, 26.658, 35.148, 40.749, 42.57, 43.221, 45.085, 44.12, 46.971, 53.933, 58.9, 61.879, 63.472, 65.679, 72.249, 74.245, 74.072, 74.015, 74.527, 75.146, 74.822, 73.904], [63.743, 62.425, 59.958, 57.288, 56.065, 56.291, 56.915, 57.958, 58.407, 58.767, 57.271, 53.804, 52.897, 51.942, 49.396, 45.145, 42.919, 43.591, 44.051, 43.664, 43.379, 43.589, 44.318, 44.223, 43.501, 43.12, 42.384, 41.775, 41.522, 41.703, 41.225, 38.848, 36.895, 36.62, 37.015, 37.5, 38.032, 39.875, 37.628, 34.316, 32.694, 30.624, 28.147, 25.833, 22.97, 18.511, 14.895, 13.426, 11.581, 9.653, 5.184, 0.0, 3.642, 6.191, 7.89, 9.373, 11.238, 13.33, 14.714, 14.806, 15.317, 17.014, 18.042, 19.557, 21.043, 25.638, 34.489, 40.252, 42.125, 42.753, 44.587, 43.597, 46.525, 53.563, 58.541, 61.51, 63.099, 65.375, 72.108, 74.164, 73.998, 73.945, 74.454, 75.072, 74.81, 73.967], [64.01, 62.664, 60.182, 57.495, 56.253, 56.476, 57.089, 58.124, 58.576, 58.926, 57.385, 53.867, 52.951, 52.003, 49.482, 45.267, 43.096, 43.906, 44.526, 44.218, 43.91, 44.11, 44.849, 44.755, 44.019, 43.663, 42.933, 42.322, 42.129, 42.38, 41.948, 39.533, 37.534, 37.288, 37.706, 38.166, 38.635, 40.431, 38.135, 34.803, 33.209, 31.188, 28.783, 26.544, 23.72, 19.406, 15.901, 14.502, 13.06, 11.537, 7.728, 3.642, 0.0, 3.651, 6.206, 8.101, 10.361, 12.881, 14.408, 14.479, 15.073, 16.807, 17.746, 19.155, 20.657, 25.447, 34.459, 40.304, 42.267, 42.941, 44.777, 43.753, 46.74, 53.835, 58.839, 61.822, 63.416, 65.731, 72.531, 74.608, 74.453, 74.406, 74.911, 75.523, 75.276, 74.458], [64.628, 63.23, 60.724, 58.035, 56.779, 57.002, 57.64, 58.725, 59.211, 59.565, 57.95, 54.273, 53.282, 52.351, 49.851, 45.536, 43.097, 43.749, 44.367, 44.128, 43.844, 44.056, 44.817, 44.753, 44.026, 43.68, 42.996, 42.386, 42.175, 42.453, 42.058, 39.61, 37.602, 37.385, 37.865, 38.426, 38.911, 40.674, 38.356, 35.021, 33.419, 31.34, 28.91, 26.65, 23.788, 19.717, 16.487, 15.101, 13.745, 12.411, 9.122, 6.191, 3.651, 0.0, 3.24, 5.667, 8.399, 11.294, 12.98, 13.148, 14.05, 16.024, 16.88, 18.121, 19.632, 24.698, 33.939, 39.842, 41.882, 42.668, 44.638, 43.656, 46.702, 53.867, 58.912, 61.916, 63.525, 65.846, 72.675, 74.749, 74.599, 74.572, 75.075, 75.676, 75.428, 74.596], [64.844, 63.415, 60.881, 58.192, 56.94, 57.163, 57.819, 58.93, 59.429, 59.785, 58.145, 54.375, 53.318, 52.37, 49.857, 45.468, 42.854, 43.389, 43.968, 43.732, 43.468, 43.69, 44.452, 44.38, 43.645, 43.302, 42.686, 42.116, 41.89, 42.18, 41.796, 39.329, 37.323, 37.084, 37.583, 38.225, 38.779, 40.557, 38.224, 34.886, 33.264, 31.132, 28.671, 26.399, 23.46, 19.482, 16.604, 15.422, 14.118, 12.883, 10.056, 7.89, 6.206, 3.24, 0.0, 2.91, 6.258, 9.545, 11.418, 11.732, 12.932, 15.109, 15.881, 17.063, 18.627, 23.901, 33.328, 39.262, 41.32, 42.232, 44.331, 43.375, 46.441, 53.647, 58.724, 61.745, 63.358, 65.633, 72.435, 74.486, 74.314, 74.293, 74.8, 75.395, 75.131, 74.273], [64.753, 63.341, 60.858, 58.2, 56.935, 57.147, 57.804, 58.907, 59.39, 59.737, 58.08, 54.238, 53.117, 52.161, 49.624, 45.173, 42.492, 43.012, 43.57, 43.317, 43.051, 43.279, 44.056, 43.985, 43.232, 42.884, 42.305, 41.772, 41.552, 41.874, 41.53, 39.059, 37.082, 36.866, 37.344, 37.981, 38.533, 40.312, 37.967, 34.635, 33.022, 30.901, 28.445, 26.135, 23.15, 19.444, 16.99, 15.885, 14.595, 13.493, 11.056, 9.373, 8.101, 5.667, 2.91, 0.0, 3.972, 7.942, 10.289, 10.744, 12.145, 14.412, 14.988, 16.024, 17.658, 23.182, 32.738, 38.624, 40.646, 41.662, 43.847, 42.866, 45.957, 53.219, 58.325, 61.334, 62.918, 65.142, 71.904, 73.907, 73.719, 73.72, 74.231, 74.822, 74.535, 73.659], [63.998, 62.631, 60.24, 57.69, 56.454, 56.663, 57.295, 58.352, 58.812, 59.145, 57.475, 53.638, 52.494, 51.549, 49.038, 44.715, 42.304, 43.011, 43.582, 43.301, 43.035, 43.238, 44.0, 43.946, 43.187, 42.837, 42.308, 41.807, 41.615, 41.996, 41.698, 39.273, 37.35, 37.164, 37.625, 38.225, 38.778, 40.524, 38.24, 35.028, 33.494, 31.486, 29.091, 26.694, 23.735, 20.443, 18.414, 17.347, 16.043, 14.98, 12.65, 11.238, 10.361, 8.399, 6.258, 3.972, 0.0, 4.837, 8.318, 9.325, 11.415, 13.881, 14.185, 14.638, 16.062, 21.545, 31.114, 36.843, 38.757, 39.908, 42.256, 41.295, 44.434, 51.763, 56.885, 59.859, 61.417, 63.612, 70.371, 72.349, 72.182, 72.217, 72.723, 73.307, 72.989, 72.082], [63.049, 61.76, 59.5, 57.092, 55.903, 56.11, 56.673, 57.626, 58.031, 58.331, 56.643, 52.83, 51.7, 50.767, 48.247, 44.039, 41.998, 42.977, 43.588, 43.322, 43.083, 43.224, 43.908, 43.938, 43.302, 42.992, 42.538, 42.086, 41.979, 42.466, 42.218, 39.871, 38.013, 37.757, 38.163, 38.678, 39.171, 40.852, 38.595, 35.531, 34.18, 32.427, 30.172, 27.754, 24.855, 21.927, 20.104, 19.057, 17.916, 16.951, 14.691, 13.33, 12.881, 11.294, 9.545, 7.942, 4.837, 0.0, 4.551, 6.565, 10.161, 13.112, 13.374, 13.512, 14.845, 20.136, 29.735, 35.356, 37.177, 38.459, 40.906, 39.97, 43.154, 50.464, 55.51, 58.416, 59.927, 62.067, 68.859, 70.85, 70.722, 70.784, 71.277, 71.853, 71.501, 70.562], [63.205, 61.958, 59.796, 57.417, 56.196, 56.394, 56.927, 57.826, 58.175, 58.449, 56.758, 52.876, 51.734, 50.801, 48.21, 43.9, 41.783, 42.804, 43.44, 43.21, 42.992, 43.111, 43.785, 43.926, 43.465, 43.239, 42.807, 42.399, 42.409, 43.021, 42.847, 40.522, 38.704, 38.423, 38.78, 39.22, 39.611, 41.275, 38.927, 35.808, 34.537, 32.922, 30.765, 28.388, 25.505, 22.789, 20.939, 19.846, 19.035, 18.303, 16.193, 14.714, 14.408, 12.98, 11.418, 10.289, 8.318, 4.551, 0.0, 3.548, 9.098, 12.504, 12.932, 13.367, 14.926, 20.283, 30.005, 35.723, 37.607, 38.941, 41.399, 40.475, 43.712, 51.003, 55.985, 58.867, 60.369, 62.46, 69.232, 71.213, 71.101, 71.172, 71.65, 72.209, 71.842, 70.894], [63.754, 62.566, 60.5, 58.073, 56.785, 56.984, 57.512, 58.38, 58.677, 58.923, 57.231, 53.315, 52.185, 51.257, 48.583, 44.077, 41.696, 42.614, 43.233, 42.998, 42.757, 42.903, 43.667, 43.879, 43.484, 43.315, 42.871, 42.458, 42.538, 43.23, 