[[0.0, 2.696, 6.445, 12.342, 15.698, 17.031, 17.929, 19.995, 21.328, 23.096, 26.702, 28.231, 29.929, 31.08, 32.833, 35.288, 35.288, 35.222, 35.349, 35.685, 36.389, 40.809, 43.693, 43.415, 43.79, 43.871, 42.73, 42.434, 43.48, 45.065, 44.662, 45.5, 45.655, 45.745, 45.924, 44.16, 42.227, 41.915, 41.849, 41.191, 40.532, 41.215, 41.646, 41.821, 42.533, 42.503, 43.264, 43.279, 42.633, 42.695, 43.715, 43.964, 44.09, 44.822, 44.871, 44.645, 46.451, 48.911, 49.52, 49.495, 50.29, 51.158, 51.813, 51.25, 51.415, 50.986, 50.479, 50.361, 49.985, 50.382, 50.614, 50.699, 51.38, 52.315, 51.971, 51.954, 52.403, 51.435, 50.337, 49.14, 48.251, 47.443, 49.868, 50.657, 49.842, 49.519], [2.696, 0.0, 5.579, 11.76, 15.234, 16.653, 17.524, 19.316, 20.574, 22.565, 26.341, 27.862, 29.441, 30.593, 32.408, 34.866, 34.903, 34.849, 34.98, 35.383, 36.145, 40.652, 43.6, 43.423, 43.799, 43.927, 42.759, 42.382, 43.484, 45.055, 44.604, 45.382, 45.525, 45.587, 45.743, 44.095, 42.19, 41.917, 41.801, 41.104, 40.482, 41.152, 41.586, 41.788, 42.544, 42.461, 43.287, 43.28, 42.616, 42.701, 43.711, 43.978, 44.104, 44.838, 44.892, 44.693, 46.525, 49.053, 49.738, 49.7, 50.451, 51.275, 51.919, 51.39, 51.573, 51.187, 50.71, 50.626, 50.233, 50.553, 50.774, 50.843, 51.524, 52.516, 52.164, 52.066, 52.444, 51.474, 50.367, 49.182, 48.239, 47.465, 49.918, 50.738, 49.894, 49.571], [6.445, 5.579, 0.0, 7.461, 12.494, 14.401, 15.051, 16.65, 17.831, 19.436, 22.989, 24.396, 26.061, 27.226, 28.918, 31.489, 31.521, 31.498, 31.721, 32.029, 32.729, 37.356, 40.825, 41.369, 41.888, 42.118, 40.951, 40.581, 41.753, 43.484, 43.359, 44.038, 44.041, 44.378, 44.055, 42.083, 40.659, 40.817, 40.614, 40.072, 39.546, 40.339, 40.843, 41.311, 42.51, 42.544, 43.337, 43.13, 42.41, 42.551, 43.6, 43.863, 44.006, 44.731, 44.656, 44.326, 45.923, 48.248, 48.72, 48.378, 48.917, 49.522, 50.058, 49.515, 49.478, 49.072, 48.773, 48.677, 48.474, 48.897, 49.155, 49.262, 50.065, 50.99, 50.558, 50.462, 51.026, 50.107, 48.865, 47.635, 46.636, 46.037, 48.643, 49.375, 48.362, 48.046], [12.342, 11.76, 7.461, 0.0, 6.97, 10.669, 11.921, 13.674, 14.893, 16.142, 19.642, 21.119, 22.841, 24.036, 25.687, 28.477, 28.436, 28.377, 28.826, 29.221, 30.304, 35.402, 39.965, 41.636, 42.436, 42.764, 41.377, 40.735, 42.02, 43.61, 43.356, 43.651, 43.62, 43.921, 43.075, 41.046, 39.993, 40.791, 40.651, 40.012, 39.39, 40.232, 40.698, 41.5, 43.024, 42.721, 43.53, 43.082, 41.855, 42.056, 43.148, 43.406, 43.535, 44.204, 43.965, 43.591, 44.677, 46.697, 47.193, 46.671, 46.944, 47.234, 47.635, 47.133, 46.96, 46.867, 46.903, 46.818, 46.702, 47.036, 47.339, 47.564, 48.745, 49.813, 49.248, 48.806, 49.34, 48.397, 47.058, 45.978, 45.112, 45.28, 48.739, 49.443, 48.2, 47.926], [15.698, 15.234, 12.494, 6.97, 0.0, 5.393, 8.161, 10.988, 12.866, 15.565, 19.929, 21.397, 23.17, 24.441, 26.696, 29.928, 29.791, 29.688, 30.238, 30.718, 31.907, 37.151, 42.191, 44.267, 45.182, 45.452, 43.911, 42.964, 44.133, 45.618, 44.99, 45.166, 45.303, 45.425, 44.387, 42.421, 41.138, 41.911, 42.063, 41.241, 40.467, 41.233, 41.547, 42.264, 43.593, 43.12, 43.981, 43.572, 42.109, 42.304, 43.412, 43.675, 43.795, 44.513, 44.355, 44.046, 44.783, 46.517, 47.24, 47.053, 47.423, 47.737, 48.166, 47.67, 47.609, 47.835, 47.925, 47.835, 47.685, 47.976, 48.295, 48.538, 49.882, 51.253, 50.74, 50.036, 50.299, 49.112, 47.659, 46.593, 45.806, 46.291, 50.355, 51.249, 50.024, 49.718], [17.031, 16.653, 14.401, 10.669, 5.393, 0.0, 3.954, 8.445, 11.407, 15.727, 20.631, 21.904, 23.869, 25.334, 28.145, 31.573, 31.425, 31.445, 32.009, 32.425, 33.146, 37.969, 42.823, 44.875, 45.767, 45.953, 44.43, 43.451, 44.485, 46.156, 45.62, 46.057, 46.265, 46.493, 45.385, 43.112, 41.639, 42.137, 42.364, 41.618, 40.944, 41.661, 41.941, 42.456, 43.657, 43.616, 44.437, 44.089, 43.036, 43.244, 44.336, 44.599, 44.756, 45.601, 45.625, 45.259, 45.938, 47.485, 48.084, 48.009, 48.502, 48.964, 49.501, 48.967, 48.895, 48.947, 48.856, 48.733, 48.648, 49.122, 49.448, 49.62, 50.854, 52.34, 51.942, 51.394, 51.604, 50.236, 48.65, 47.392, 46.498, 46.617, 50.445, 51.444, 50.307, 49.926], [17.929, 17.524, 15.051, 11.921, 8.161, 3.954, 0.0, 5.744, 9.741, 14.869, 19.94, 21.089, 23.095, 24.646, 27.692, 31.188, 31.069, 31.198, 31.776, 32.159, 32.62, 37.215, 41.913, 43.978, 44.852, 45.05, 43.544, 42.567, 43.59, 45.424, 45.058, 45.657, 45.847, 46.259, 45.054, 42.571, 41.176, 41.626, 41.782, 41.178, 40.696, 41.46, 41.813, 42.317, 43.606, 43.913, 44.709, 44.343, 43.628, 43.899, 44.963, 45.223, 45.396, 46.304, 46.395, 45.967, 46.7, 48.248, 48.688, 48.467, 48.918, 49.402, 49.985, 49.461, 49.314, 49.175, 49.026, 48.895, 48.87, 49.428, 49.744, 49.881, 51.036, 52.496, 52.117, 51.701, 51.968, 50.571, 48.916, 47.553, 46.556, 46.404, 49.907, 50.868, 49.72, 49.295], [19.995, 19.316, 16.65, 13.674, 10.988, 8.445, 5.744, 0.0, 5.525, 12.933, 18.677, 19.6, 21.131, 22.529, 25.978, 29.837, 29.788, 30.033, 30.589, 31.016, 31.641, 36.512, 41.349, 43.578, 44.426, 44.721, 43.26, 42.24, 43.358, 45.323, 44.92, 45.332, 45.47, 46.027, 44.68, 42.046, 40.739, 41.31, 41.479, 40.89, 40.519, 41.362, 41.764, 42.392, 43.832, 44.274, 45.199, 44.811, 44.128, 44.484, 45.515, 45.775, 45.938, 46.833, 46.927, 46.506, 47.241, 48.808, 49.247, 48.935, 49.313, 49.782, 50.415, 49.98, 49.832, 49.665, 49.536, 49.405, 49.398, 49.964, 50.28, 50.387, 51.476, 52.936, 52.569, 52.158, 52.407, 50.979, 49.302, 47.944, 46.885, 46.69, 50.1, 50.988, 49.793, 49.315], [21.328, 20.574, 17.831, 14.893, 12.866, 11.407, 9.741, 5.525, 0.0, 9.459, 16.184, 17.082, 18.551, 19.889, 23.629, 27.803, 27.701, 27.982, 28.474, 28.947, 29.789, 35.002, 40.085, 42.406, 43.229, 43.571, 42.195, 41.308, 42.599, 44.695, 44.147, 44.406, 44.537, 45.194, 43.85, 41.113, 39.838, 40.475, 40.735, 40.159, 39.744, 40.695, 41.246, 42.089, 43.617, 44.008, 45.029, 44.619, 43.776, 44.146, 45.196, 45.464, 45.629, 46.487, 46.575, 46.198, 46.921, 48.466, 48.936, 48.652, 49.092, 49.661, 50.367, 49.951, 49.801, 49.683, 49.564, 49.44, 49.506, 50.161, 50.494, 50.593, 51.636, 53.054, 52.654, 52.165, 52.371, 50.959, 49.374, 48.134, 47.152, 47.055, 50.517, 51.345, 50.125, 49.603], [23.096, 22.565, 19.436, 16.142, 15.565, 15.727, 14.869, 12.933, 9.459, 0.0, 7.742, 9.372, 11.699, 13.703, 17.227, 21.433, 21.264, 21.686, 22.422, 23.12, 24.209, 29.668, 34.925, 37.513, 38.44, 38.893, 37.418, 36.58, 38.289, 40.581, 40.161, 40.494, 40.618, 41.437, 40.191, 37.621, 36.745, 37.65, 37.835, 37.527, 37.133, 38.182, 39.064, 40.387, 42.294, 42.558, 43.491, 42.898, 42.001, 42.37, 43.316, 43.557, 43.738, 44.555, 44.573, 44.186, 44.892, 46.421, 46.641, 45.972, 46.235, 46.724, 47.404, 46.955, 46.719, 46.713, 46.699, 46.605, 46.767, 47.407, 47.75, 47.931, 49.057, 50.287, 49.732, 49.094, 49.432, 48.319, 46.946, 45.863, 45.031, 45.215, 48.732, 49.38, 48.03, 47.548], [26.702, 26.341, 22.989, 19.642, 19.929, 20.631, 19.94, 18.677, 16.184, 7.742, 0.0, 3.807, 8.513, 11.019, 13.062, 16.625, 16.552, 17.182, 18.31, 19.035, 19.95, 25.288, 30.557, 33.643, 34.793, 35.351, 33.818, 33.059, 35.013, 37.406, 37.487, 37.872, 37.852, 38.928, 37.573, 35.124, 34.907, 36.185, 36.226, 36.315, 36.13, 37.252, 38.364, 39.946, 42.351, 42.792, 43.563, 42.794, 41.964, 42.321, 43.157, 43.364, 43.565, 44.383, 44.295, 43.771, 44.335, 45.678, 45.427, 44.156, 44.016, 44.224, 44.765, 44.289, 43.862, 43.819, 43.891, 43.783, 44.02, 44.538, 44.838, 45.108, 46.331, 47.367, 46.728, 46.142, 46.732, 45.9, 44.585, 43.5, 42.67, 42.957, 46.399, 46.896, 45.432, 45.011], [28.231, 27.862, 24.396, 21.119, 21.397, 21.904, 21.089, 19.6, 17.082, 9.372, 3.807, 0.0, 6.173, 8.946, 11.407, 15.445, 15.503, 16.524, 17.64, 18.332, 19.03, 24.365, 29.911, 33.434, 34.614, 35.185, 33.701, 32.942, 34.762, 37.309, 37.522, 37.861, 37.759, 39.039, 37.501, 34.623, 34.544, 35.953, 35.946, 36.035, 35.947, 37.015, 38.083, 39.692, 42.331, 43.166, 43.958, 43.172, 42.461, 42.833, 43.652, 43.847, 44.051, 44.88, 44.825, 44.243, 44.67, 45.798, 45.384, 43.978, 43.742, 43.964, 44.557, 44.087, 43.613, 43.47, 43.491, 43.356, 43.716, 44.435, 44.745, 44.941, 46.102, 47.183, 46.598, 46.172, 46.846, 45.957, 44.558, 43.41, 42.548, 42.701, 46.029, 46.491, 45.031, 44.572], [29.929, 29.441, 26.061, 22.841, 23.17, 23.869, 23.095, 21.131, 18.551, 11.699, 8.513, 6.173, 0.0, 4.174, 9.045, 14.069, 14.272, 15.745, 16.825, 17.753, 19.204, 25.002, 30.845, 34.671, 35.774, 36.423, 34.875, 33.738, 35.541, 38.144, 37.909, 37.771, 37.732, 38.983, 37.473, 34.552, 34.408, 35.951, 35.912, 35.755, 35.658, 36.588, 37.504, 39.305, 42.056, 42.793, 43.83, 43.087, 42.193, 42.628, 43.328, 43.491, 43.673, 44.448, 44.406, 43.947, 44.269, 45.361, 45.15, 43.851, 43.617, 43.881, 44.521, 44.157, 43.882, 43.953, 44.027, 43.911, 44.208, 44.937, 45.274, 45.381, 46.508, 47.756, 47.198, 46.664, 47.254, 46.319, 44.936, 43.912, 43.119, 43.427, 46.948, 47.356, 45.895, 45.406], [31.08, 30.593, 27.226, 24.036, 24.441, 25.334, 24.646, 22.529, 19.889, 13.703, 11.019, 8.946, 4.174, 0.0, 6.967, 12.998, 13.107, 14.576, 15.681, 16.685, 18.782, 25.068, 31.112, 35.009, 36.098, 36.743, 35.25, 34.085, 35.791, 38.292, 37.881, 37.48, 37.48, 38.779, 37.143, 34.247, 34.202, 35.845, 35.991, 35.869, 35.818, 36.855, 37.732, 39.638, 42.478, 43.044, 44.152, 43.469, 42.296, 42.771, 43.451, 43.574, 43.741, 44.428, 44.267, 43.829, 44.089, 45.139, 45.023, 43.796, 43.558, 43.776, 44.371, 44.069, 43.861, 44.117, 44.306, 44.173, 44.467, 45.172, 45.503, 45.637, 46.783, 48.005, 47.468, 46.94, 47.581, 46.686, 45.343, 44.386, 43.656, 44.09, 47.708, 48.031, 46.593, 46.094], [32.833, 32.408, 28.918, 25.687, 26.696, 28.145, 27.692, 25.978, 23.629, 17.227, 13.062, 11.407, 9.045, 6.967, 0.0, 7.141, 7.708, 9.38, 11.071, 12.223, 14.954, 21.945, 28.443, 32.784, 34.021, 34.772, 33.312, 32.333, 34.131, 36.354, 36.352, 36.063, 35.952, 37.337, 35.494, 33.086, 33.73, 35.662, 35.77, 36.049, 36.168, 37.278, 38.288, 40.315, 43.376, 43.778, 44.684, 43.89, 42.643, 43.044, 43.726, 43.863, 44.03, 44.587, 44.183, 43.644, 43.926, 45.047, 44.703, 43.049, 42.55, 42.519, 42.925, 42.601, 42.211, 42.537, 42.976, 42.907, 43.302, 43.815, 44.091, 44.301, 45.527, 46.475, 45.835, 45.439, 46.433, 45.924, 44.703, 43.851, 43.24, 43.912, 47.409, 47.595, 46.084, 45.721], [35.288, 34.866, 31.489, 28.477, 29.928, 31.573, 31.188, 29.837, 27.803, 21.433, 16.625, 15.445, 14.069, 12.998, 7.141, 0.0, 3.468, 5.996, 8.087, 9.841, 12.38, 18.966, 25.293, 30.047, 31.401, 32.3, 30.853, 30.066, 32.161, 34.298, 34.648, 34.6, 34.382, 35.918, 34.271, 32.501, 33.773, 35.888, 35.823, 36.466, 36.833, 37.911, 39.117, 41.197, 44.383, 44.771, 45.518, 44.623, 43.54, 43.934, 44.539, 44.681, 44.847, 45.369, 44.885, 44.302, 44.697, 45.911, 45.331, 43.313, 42.559, 42.318, 42.566, 42.234, 41.693, 41.896, 42.425, 42.44, 42.847, 43.1, 43.267, 43.461, 44.609, 45.341, 44.597, 44.242, 45.33, 45.062, 43.959, 43.243, 42.704, 43.38, 46.517, 46.602, 45.021, 44.759], [35.288, 34.903, 31.521, 28.436, 29.791, 31.425, 31.069, 29.788, 27.701, 21.264, 16.552, 15.503, 14.272, 13.107, 7.708, 3.468, 0.0, 4.182, 6.932, 8.6, 11.821, 18.624, 25.038, 29.722, 31.056, 31.932, 30.6, 30.079, 32.233, 34.298, 34.586, 34.498, 34.341, 35.88, 34.089, 32.215, 33.478, 35.57, 35.552, 36.16, 36.469, 37.663, 38.944, 41.127, 44.284, 44.596, 45.337, 44.406, 43.282, 43.764, 44.488, 44.642, 44.802, 45.292, 44.776, 44.224, 44.635, 45.872, 45.361, 43.461, 42.769, 42.533, 42.794, 42.474, 41.882, 42.13, 42.712, 42.692, 43.141, 43.461, 43.645, 43.921, 45.165, 45.878, 45.093, 44.685, 45.757, 45.424, 44.305, 43.621, 43.146, 43.938, 47.182, 47.18, 45.563, 45.287], [35.222, 34.849, 31.498, 28.377, 29.688, 31.445, 31.198, 30.033, 27.982, 21.686, 17.182, 16.524, 15.745, 14.576, 9.38, 5.996, 4.182, 0.0, 4.644, 7.026, 10.867, 18.142, 24.663, 29.354, 30.766, 31.699, 30.436, 30.151, 32.484, 34.37, 34.562, 34.415, 34.28, 35.79, 33.916, 32.479, 33.889, 36.021, 36.234, 37.023, 37.291, 38.676, 40.076, 42.244, 45.288, 45.32, 45.997, 45.036, 43.706, 44.15, 44.934, 45.153, 45.321, 45.771, 45.172, 44.606, 45.041, 46.373, 45.943, 44.106, 43.455, 43.122, 43.259, 42.891, 42.261, 42.639, 43.314, 43.308, 43.729, 43.842, 43.973, 44.286, 45.515, 46.061, 45.208, 44.656, 45.689, 45.42, 44.323, 43.669, 43.188, 44.103, 47.498, 47.526, 45.827, 45.588], [35.349, 34.98, 31.721, 28.826, 30.238, 32.009, 31.776, 30.589, 28.474, 22.422, 18.31, 17.64, 16.825, 15.681, 11.071, 8.087, 6.932, 4.644, 0.0, 4.66, 9.671, 17.175, 23.884, 28.673, 30.098, 31.053, 29.897, 29.738, 32.117, 34.041, 34.029, 33.771, 33.64, 35.238, 33.646, 32.379, 33.893, 36.005, 36.333, 37.152, 37.447, 38.773, 40.256, 42.449, 45.44, 45.524, 46.241, 45.325, 43.962, 44.404, 45.171, 45.403, 45.59, 46.016, 45.466, 44.944, 45.325, 46.627, 46.26, 44.537, 43.978, 43.74, 43.851, 43.465, 42.907, 43.243, 43.853, 43.861, 44.231, 44.317, 44.373, 44.603, 45.677, 46.198, 45.328, 44.775, 45.724, 45.409, 44.325, 43.733, 43.272, 44.084, 47.436, 47.446, 45.784, 45.514], [35.685, 35.383, 32.029, 29.221, 30.718, 32.425, 32.159, 31.016, 28.947, 23.12, 19.035, 18.332, 17.753, 16.685, 12.223, 9.841, 8.6, 7.026, 4.66, 0.0, 7.402, 16.035, 23.335, 28.381, 29.843, 30.755, 29.75, 29.842, 32.043, 33.963, 34.272, 33.943, 33.746, 35.497, 33.698, 32.192, 33.795, 35.819, 35.98, 36.84, 37.155, 38.538, 40.024, 42.221, 45.284, 45.491, 46.219, 45.343, 43.99, 44.373, 45.265, 45.509, 45.737, 46.283, 45.718, 45.181, 45.547, 46.83, 46.419, 44.652, 44.134, 43.98, 44.093, 43.653, 43.045, 43.332, 43.938, 43.907, 44.354, 44.529, 44.599, 44.889, 46.082, 46.612, 45.775, 45.409, 46.517, 46.191, 45.052, 44.393, 43.888, 44.597, 47.9, 47.883, 46.273, 46.01], [36.389, 36.145, 32.729, 30.304, 31.907, 33.146, 32.62, 31.641, 29.789, 24.209, 19.95, 19.03, 19.204, 18.782, 14.954, 12.38, 11.821, 10.867, 9.671, 7.402, 0.0, 10.276, 19.074, 25.015, 26.637, 27.571, 26.738, 27.135, 29.137, 31.418, 32.518, 32.74, 32.332, 34.47, 32.504, 30.49, 32.419, 34.42, 34.573, 35.948, 36.504, 38.003, 39.62, 41.516, 44.667, 45.57, 46.106, 45.194, 44.345, 44.642, 45.541, 45.8, 46.115, 46.844, 46.432, 45.622, 46.032, 47.174, 46.243, 44.165, 43.573, 43.476, 43.655, 43.107, 42.286, 42.135, 42.509, 42.49, 43.142, 43.538, 43.599, 43.776, 44.72, 45.119, 44.349, 44.323, 45.567, 45.231, 44.016, 43.069, 42.389, 42.617, 45.406, 45.417, 43.825, 43.543], [40.809, 40.652, 37.356, 35.402, 37.151, 37.969, 37.215, 36.512, 35.002, 29.668, 25.288, 24.365, 25.002, 25.068, 21.945, 18.966, 18.624, 18.142, 17.175, 16.035, 10.276, 0.0, 11.528, 20.093, 22.076, 23.125, 22.766, 23.975, 25.855, 28.275, 30.232, 31.016, 30.496, 33.158, 31.164, 29.076, 31.796, 33.887, 34.126, 36.201, 37.059, 38.633, 40.488, 42.332, 45.651, 47.075, 47.345, 46.367, 46.079, 46.44, 47.295, 47.545, 47.947, 48.682, 48.326, 47.357, 47.717, 48.581, 47.083, 44.644, 43.858, 43.698, 43.885, 43.3, 42.235, 41.74, 41.971, 42.023, 42.886, 43.441, 43.443, 43.507, 44.129, 44.279, 43.448, 43.608, 44.982, 44.733, 43.491, 42.374, 41.63, 41.461, 43.546, 43.403, 41.781, 41.488], [43.693, 43.6, 40.825, 39.965, 42.191, 42.823, 41.913, 41.349, 40.085, 34.925, 30.557, 29.911, 30.845, 31.112, 28.443, 25.293, 25.038, 24.663, 23.884, 23.335, 19.074, 11.528, 0.0, 10.849, 13.425, 14.797, 15.376, 18.464, 20.586, 23.248, 26.314, 28.108, 27.647, 30.81, 29.835, 28.446, 31.501, 33.249, 33.606, 36.291, 37.457, 39.082, 41.233, 42.882, 46.071, 47.771, 47.829, 46.932, 47.252, 47.676, 48.425, 48.66, 49.088, 49.912, 49.679, 48.755, 49.816, 51.046, 49.309, 46.859, 46.189, 46.175, 46.444, 45.879, 44.814, 43.839, 43.748, 43.856, 44.543, 45.013, 44.91, 44.846, 44.831, 44.545, 43.734, 44.169, 45.601, 45.53, 44.468, 43.281, 42.507, 41.563, 42.291, 41.934, 40.456, 40.173], [43.415, 43.423, 41.369, 41.636, 44.267, 44.875, 43.978, 43.578, 42.406, 37.513, 33.643, 33.434, 34.671, 35.009, 32.784, 30.047, 29.722, 29.354, 28.673, 28.381, 25.015, 20.093, 10.849, 0.0, 4.005, 5.896, 8.478, 14.365, 16.594, 19.435, 23.002, 25.903, 25.624, 28.638, 29.21, 28.377, 30.885, 31.944, 32.683, 35.662, 36.817, 38.467, 40.853, 42.128, 44.687, 46.515, 46.432, 45.649, 46.509, 46.959, 47.634, 47.845, 48.257, 49.078, 48.983, 48.109, 50.048, 51.999, 50.248, 48.111, 47.897, 48.253, 48.732, 48.196, 47.268, 45.945, 45.524, 45.64, 46.053, 46.524, 46.379, 46.272, 45.717, 45.069, 44.339, 45.082, 46.508, 46.566, 45.865, 44.659, 43.974, 42.475, 42.118, 41.507, 40.361, 40.066], [43.79, 43.799, 41.888, 42.436, 45.182, 45.767, 44.852, 44.426, 43.229, 38.44, 34.793, 34.614, 35.774, 36.098, 34.021, 31.401, 31.056, 30.766, 30.098, 29.843, 26.637, 22.076, 13.425, 4.005, 0.0, 3.521, 7.462, 13.918, 16.148, 19.129, 22.752, 25.863, 25.564, 28.709, 29.548, 28.695, 31.046, 31.92, 32.657, 35.712, 36.936, 38.602, 41.059, 42.328, 44.761, 46.669, 46.604, 45.855, 46.923, 47.396, 48.061, 48.276, 48.674, 49.471, 49.434, 48.606, 50.736, 52.866, 51.23, 49.21, 49.105, 49.556, 50.08, 49.548, 48.66, 47.295, 46.782, 46.829, 47.245, 47.796, 47.666, 47.531, 46.935, 46.281, 45.548, 46.339, 47.736, 47.778, 47.126, 45.904, 45.151, 43.47, 42.8, 42.138, 41.047, 40.736], [43.871, 43.927, 42.118, 42.764, 45.452, 45.953, 45.05, 44.721, 43.571, 38.893, 35.351, 35.185, 36.423, 36.743, 34.772, 32.3, 31.932, 31.699, 31.053, 30.755, 27.571, 23.125, 14.797, 5.896, 3.521, 0.0, 6.021, 13.404, 15.603, 18.798, 22.398, 25.635, 25.353, 28.448, 29.462, 28.521, 30.765, 31.463, 32.258, 35.331, 36.552, 38.174, 40.623, 41.791, 44.13, 46.19, 46.146, 45.4, 46.517, 46.974, 47.629, 47.832, 48.256, 49.096, 49.107, 48.275, 50.445, 52.515, 50.804, 48.893, 48.905, 49.445, 50.04, 49.477, 48.578, 47.217, 46.648, 46.655, 47.063, 47.689, 47.552, 47.41, 46.782, 46.147, 45.412, 46.282, 47.707, 47.712, 47.084, 45.85, 45.116, 43.367, 42.638, 41.967, 40.936, 40.59], [42.73, 42.759, 40.951, 41.377, 43.911, 44.43, 43.544, 43.26, 42.195, 37.418, 33.818, 33.701, 34.875, 35.25, 33.312, 30.853, 30.6, 30.436, 29.897, 29.75, 26.738, 22.766, 15.376, 8.478, 7.462, 6.021, 0.0, 8.431, 12.091, 15.878, 19.341, 22.824, 22.532, 25.428, 26.477, 25.917, 28.124, 28.886, 29.55, 32.663, 33.949, 35.476, 37.923, 39.112, 41.505, 43.435, 43.429, 42.69, 43.811, 44.205, 44.819, 45.042, 45.461, 46.403, 46.503, 45.733, 47.949, 50.15, 48.562, 46.665, 46.781, 47.381, 47.961, 47.346, 46.548, 45.423, 44.953, 44.999, 45.312, 45.809, 45.672, 45.521, 45.069, 44.658, 43.887, 44.548, 45.857, 45.88, 45.318, 44.175, 43.453, 41.772, 41.255, 40.738, 39.654, 39.334], [42.434, 42.382, 40.581, 40.735, 42.964, 43.451, 42.567, 42.24, 41.308, 36.58, 33.059, 32.942, 33.738, 34.085, 32.333, 30.066, 30.079, 30.151, 29.738, 29.842, 27.135, 23.975, 18.464, 14.365, 13.918, 13.404, 8.431, 0.0, 7.334, 12.76, 15.861, 19.631, 19.388, 22.138, 23.274, 23.209, 25.271, 26.229, 26.892, 30.047, 31.49, 32.748, 35.022, 36.212, 38.686, 40.436, 40.48, 39.788, 40.977, 41.321, 41.812, 42.031, 42.412, 43.466, 43.745, 43.165, 45.419, 47.747, 46.367, 44.489, 44.702, 45.466, 46.071, 45.471, 44.914, 44.089, 43.613, 43.66, 43.83, 44.178, 44.07, 43.833, 43.511, 43.487, 42.757, 43.155, 44.268, 44.254, 43.732, 42.706, 41.973, 40.31, 40.019, 39.752, 38.684, 38.371], [43.48, 43.484, 41.753, 42.02, 44.133, 44.485, 43.59, 43.358, 42.599, 38.289, 35.013, 34.762, 35.541, 35.791, 34.131, 32.161, 32.233, 32.484, 32.117, 32.043, 29.137, 25.855, 20.586, 16.594, 16.148, 15.603, 12.091, 7.334, 0.0, 7.835, 12.831, 17.6, 17.323, 20.487, 21.763, 21.186, 23.439, 24.406, 25.539, 29.05, 30.629, 31.883, 34.07, 35.084, 37.659, 39.874, 39.8, 39.187, 40.755, 41.126, 41.663, 41.871, 42.207, 43.196, 43.475, 42.877, 45.231, 47.543, 45.974, 44.006, 44.242, 45.21, 45.97, 45.431, 44.908, 43.925, 43.371, 43.436, 43.694, 44.278, 44.167, 43.847, 43.245, 43.18, 42.578, 43.233, 44.492, 44.467, 43.94, 42.817, 42.168, 40.244, 39.466, 39.016, 38.179, 37.831], [45.065, 45.055, 43.484, 43.61, 45.618, 46.156, 45.424, 45.323, 44.695, 40.581, 37.406, 37.309, 38.144, 38.292, 36.354, 34.298, 34.298, 34.37, 34.041, 33.963, 31.418, 28.275, 23.248, 19.435, 19.129, 18.798, 15.878, 12.76, 7.835, 0.0, 8.715, 14.743, 14.651, 17.473, 18.957, 19.995, 22.677, 23.903, 25.482, 29.285, 30.792, 32.26, 34.581, 35.696, 38.286, 40.119, 39.893, 39.28, 40.815, 41.211, 41.829, 42.076, 42.376, 43.154, 43.263, 42.728, 45.208, 47.768, 46.333, 44.266, 44.413, 45.345, 46.098, 45.654, 45.168, 44.331, 43.97, 44.177, 44.35, 44.647, 44.466, 44.22, 43.57, 43.275, 42.577, 43.013, 44.249, 44.467, 44.099, 43.101, 42.613, 41.064, 40.556, 40.016, 39.177, 38.999], [44.662, 44.604, 43.359, 43.356, 44.99, 45.62, 45.058, 44.92, 44.147, 40.161, 37.487, 37.522, 37.909, 37.881, 36.352, 34.648, 34.586, 34.562, 34.029, 34.272, 32.518, 30.232, 26.314, 23.002, 22.752, 22.398, 19.341, 15.861, 12.831, 8.715, 0.0, 8.074, 9.437, 11.789, 15.293, 18.24, 20.411, 21.599, 23.987, 27.426, 28.717, 30.146, 32.445, 33.657, 35.924, 37.076, 37.157, 36.732, 37.724, 38.23, 38.732, 38.93, 39.19, 39.829, 40.036, 39.812, 42.279, 44.979, 44.126, 42.592, 43.006, 44.105, 44.892, 44.576, 44.618, 44.404, 44.107, 44.335, 44.19, 44.218, 43.979, 43.74, 43.199, 43.237, 42.48, 42.315, 43.029, 43.125, 42.958, 42.359, 42.167, 41.162, 41.72, 41.38, 40.587, 40.332], [45.5, 45.382, 44.038, 43.651, 45.166, 46.057, 45.657, 45.332, 44.406, 40.494, 37.872, 37.861, 37.771, 37.48, 36.063, 34.6, 34.498, 34.415, 33.771, 33.943, 32.74, 31.016, 28.108, 25.903, 25.863, 25.635, 22.824, 19.631, 17.6, 14.743, 8.074, 0.0, 4.166, 7.529, 11.748, 16.237, 18.834, 20.545, 22.965, 26.184, 27.428, 28.915, 31.152, 32.75, 35.255, 35.968, 36.597, 36.111, 36.12, 36.721, 37.245, 37.394, 37.636, 38.204, 38.31, 38.244, 40.386, 42.967, 42.444, 41.017, 41.329, 42.229, 42.807, 42.553, 42.842, 43.257, 43.173, 43.33, 43.006, 42.687, 42.396, 42.25, 42.015, 42.201, 41.262, 40.631, 41.164, 41.156, 41.01, 40.691, 40.565, 40.277, 42.057, 41.73, 40.762, 40.526], [45.655, 45.525, 44.041, 43.62, 45.303, 46.265, 45.847, 45.47, 44.537, 40.618, 37.852, 37.759, 37.732, 37.48, 35.952, 34.382, 34.341, 34.28, 33.64, 33.746, 32.332, 30.496, 27.647, 25.624, 25.564, 25.353, 22.532, 19.388, 17.323, 14.651, 9.437, 4.166, 0.0, 7.61, 11.469, 15.5, 18.732, 20.808, 22.971, 26.386, 27.782, 29.302, 31.593, 33.154, 35.828, 36.919, 37.566, 36.922, 37.001, 37.514, 38.092, 38.273, 38.506, 39.162, 39.267, 39.066, 41.166, 43.627, 42.866, 41.187, 41.377, 42.179, 42.687, 42.378, 42.48, 42.757, 42.785, 42.922, 42.677, 42.399, 42.105, 41.922, 41.66, 41.751, 40.762, 40.257, 40.917, 40.939, 40.758, 40.392, 40.124, 39.728, 41.27, 40.859, 39.805, 39.577], [45.745, 45.587, 44.378, 43.921, 45.425, 46.493, 46.259, 46.027, 45.194, 41.437, 38.928, 39.039, 38.983, 38.779, 37.337, 35.918, 35.88, 35.79, 35.238, 35.497, 34.47, 33.158, 30.81, 28.638, 28.709, 28.448, 25.428, 22.138, 20.487, 17.473, 11.789, 7.529, 7.61, 0.0, 8.972, 16.077, 18.274, 19.877, 22.168, 25.138, 26.163, 27.518, 29.833, 31.197, 33.433, 33.804, 34.448, 33.871, 33.863, 34.29, 34.603, 34.826, 35.093, 35.654, 35.774, 35.732, 38.003, 40.886, 40.47, 39.085, 39.468, 40.464, 41.095, 40.823, 41.242, 41.842, 42.027, 42.54, 42.056, 41.404, 41.068, 40.917, 40.607, 40.793, 39.777, 38.894, 39.35, 39.654, 39.769, 39.584, 39.627, 39.645, 41.53, 41.215, 40.33, 40.212], [45.924, 45.743, 44.055, 43.075, 44.387, 45.385, 45.054, 44.68, 43.85, 40.191, 37.573, 37.501, 37.473, 37.143, 35.494, 34.271, 34.089, 33.916, 33.646, 33.698, 32.504, 31.164, 29.835, 29.21, 29.548, 29.462, 26.477, 23.274, 21.763, 18.957, 15.293, 11.748, 11.469, 8.972, 0.0, 11.095, 14.93, 17.397, 19.705, 23.401, 24.768, 26.729, 29.136, 30.912, 33.93, 34.391, 34.949, 34.128, 34.001, 34.504, 35.212, 35.582, 35.87, 36.447, 36.307, 35.987, 37.804, 40.504, 40.121, 38.403, 38.427, 38.974, 39.375, 39.044, 39.04, 39.73, 40.314, 40.886, 40.897, 40.411, 40.153, 40.162, 40.387, 40.62, 39.507, 38.637, 39.404, 39.616, 39.293, 38.917, 38.84, 39.284, 41.757, 41.529, 40.288, 40.268], [44.16, 44.095, 42.083, 41.046, 42.421, 43.112, 42.571, 42.046, 41.113, 37.621, 35.124, 34.623, 34.552, 34.247, 33.086, 32.501, 32.215, 32.479, 32.379, 32.192, 30.49, 29.076, 28.446, 28.377, 28.695, 28.521, 25.917, 23.209, 21.186, 19.995, 18.24, 16.237, 15.5, 16.077, 11.095, 0.0, 7.208, 11.749, 14.549, 18.742, 20.434, 22.655, 24.918, 26.916, 30.734, 32.723, 33.127, 32.005, 32.556, 33.25, 34.326, 34.73, 35.039, 35.726, 35.655, 34.897, 36.373, 38.446, 37.351, 35.227, 35.187, 35.961, 36.741, 36.396, 35.956, 35.817, 36.097, 36.447, 37.169, 38.245, 38.363, 38.242, 38.383, 38.928, 38.08, 37.946, 39.14, 38.86, 38.188, 37.545, 37.624, 37.666, 39.478, 38.858, 37.621, 37.372], [42.227, 42.19, 40.659, 39.993, 41.138, 41.639, 41.176, 40.739, 39.838, 36.745, 34.907, 34.544, 34.408, 34.202, 33.73, 33.773, 33.478, 33.889, 33.893, 33.795, 32.419, 31.796, 31.501, 30.885, 31.046, 30.765, 28.124, 25.271, 23.439, 22.677, 20.411, 18.834, 18.732, 18.274, 14.93, 7.208, 0.0, 6.131, 10.459, 14.516, 16.053, 18.388, 20.55, 22.439, 26.17, 28.316, 28.812, 27.812, 28.635, 29.377, 30.545, 31.031, 31.387, 32.181, 32.316, 31.658, 33.374, 35.604, 34.768, 33.105, 33.519, 34.851, 36.014, 35.675, 35.583, 35.469, 35.44, 35.78, 36.428, 37.928, 38.305, 38.181, 38.387, 39.424, 38.797, 38.638, 39.611, 39.082, 38.453, 37.844, 38.089, 37.98, 39.778, 39.276, 38.27, 37.938], [41.915, 41.917, 40.817, 40.791, 41.911, 42.137, 41.626, 41.31, 40.475, 37.65, 36.185, 35.953, 35.951, 35.845, 35.662, 35.888, 35.57, 36.021, 36.005, 35.819, 34.42, 33.887, 33.249, 31.944, 31.92, 31.463, 28.886, 26.229, 24.406, 23.903, 21.599, 20.545, 20.808, 19.877, 17.397, 11.749, 6.131, 0.0, 7.099, 11.964, 13.734, 16.325, 18.829, 20.358, 23.775, 26.28, 26.842, 26.137, 27.521, 28.237, 29.395, 29.901, 30.354, 31.309, 31.651, 31.1, 33.186, 35.737, 35.183, 33.991, 34.771, 36.439, 37.755, 37.367, 37.546, 37.452, 37.204, 37.559, 38.101, 39.606, 40.011, 39.951, 40.142, 41.304, 40.797, 40.758, 41.628, 41.048, 40.444, 39.724, 39.895, 39.342, 40.748, 40.397, 39.648, 39.26], [41.849, 41.801, 40.614, 40.651, 42.063, 42.364, 41.782, 41.479, 40.735, 37.835, 36.226, 35.946, 35.912, 35.991, 35.77, 35.823, 35.552, 36.234, 36.333, 35.98, 34.573, 34.126, 33.606, 32.683, 32.657, 32.258, 29.55, 26.892, 25.539, 25.482, 23.987, 22.965, 22.971, 22.168, 19.705, 14.549, 10.459, 7.099, 0.0, 7.074, 10.142, 12.8, 15.985, 18.004, 22.115, 25.013, 25.751, 24.934, 26.8, 27.45, 28.635, 29.195, 29.687, 30.895, 31.356, 30.835, 33.021, 35.751, 35.303, 33.893, 34.603, 36.31, 37.631, 37.134, 37.245, 36.975, 36.657, 37.082, 37.63, 39.104, 39.549, 39.459, 39.984, 41.44, 40.843, 40.867, 41.833, 41.276, 40.602, 39.877, 39.904, 39.236, 40.5, 40.235, 39.434, 39.121], [41.191, 41.104, 40.072, 40.012, 41.241, 41.618, 41.178, 40.89, 40.159, 37.527, 36.315, 36.035, 35.755, 35.869, 36.049, 36.466, 36.16, 37.023, 37.152, 36.84, 35.948, 36.201, 36.291, 35.662, 35.712, 35.331, 32.663, 30.047, 29.05, 29.285, 27.426, 26.184, 26.386, 25.138, 23.401, 18.742, 14.516, 11.964, 7.074, 0.0, 4.439, 7.196, 10.949, 13.615, 18.017, 20.694, 21.73, 21.038, 23.043, 23.938, 25.19, 25.782, 26.191, 27.395, 28.022, 27.73, 29.933, 32.731, 32.761, 31.882, 32.955, 35.102, 36.724, 36.268, 36.698, 36.644, 36.288, 36.818, 37.148, 38.706, 39.193, 39.016, 39.819, 41.952, 41.432, 41.292, 42.027, 41.232, 40.576, 40.06, 40.337, 39.937, 41.707, 41.528, 40.859, 40.49], [40.532, 40.482, 39.546, 39.39, 40.467, 40.944, 40.696, 40.519, 39.744, 37.133, 36.13, 35.947, 35.658, 35.818, 36.168, 36.833, 36.469, 37.291, 37.447, 37.155, 36.504, 37.059, 37.457, 36.817, 36.936, 36.552, 33.949, 31.49, 30.629, 30.792, 28.717, 27.428, 27.782, 26.163, 24.768, 20.434, 16.053, 13.734, 10.142, 4.439, 0.0, 5.405, 9.69, 12.648, 16.611, 18.595, 19.702, 19.034, 20.953, 21.958, 23.33, 23.987, 24.419, 25.499, 26.087, 25.919, 28.166, 31.072, 31.282, 30.75, 32.145, 34.548, 36.353, 35.914, 36.452, 36.638, 36.347, 36.935, 37.173, 38.769, 39.311, 39.215, 40.101, 42.274, 41.77, 41.447, 42.091, 41.278, 40.702, 40.261, 40.7, 40.614, 42.791, 42.608, 41.976, 41.599], [41.215, 41.152, 40.339, 40.232, 41.233, 41.661, 41.46, 41.362, 40.695, 38.182, 37.252, 37.015, 36.588, 36.855, 37.278, 37.911, 37.663, 38.676, 38.773, 38.538, 38.003, 38.633, 39.082, 38.467, 38.602, 38.174, 35.476, 32.748, 31.883, 32.26, 30.146, 28.915, 29.302, 27.518, 26.729, 22.655, 18.388, 16.325, 12.8, 7.196, 5.405, 0.0, 5.284, 8.954, 13.354, 16.235, 17.697, 17.073, 19.681, 20.689, 21.896, 22.601, 22.997, 24.148, 25.047, 25.082, 27.322, 30.172, 30.383, 29.965, 31.525, 34.265, 36.276, 35.834, 36.54, 36.671, 36.122, 36.736, 36.837, 38.511, 39.063, 38.805, 39.617, 42.103, 41.644, 41.531, 42.235, 41.356, 40.858, 40.511, 41.072, 40.984, 43.131, 42.988, 42.491, 42.114], [41.646, 41.586, 40.843, 40.698, 41.547, 41.941, 41.813, 41.764, 41.246, 39.064, 38.364, 38.083, 37.504, 37.732, 38.288, 39.117, 38.944, 40.076, 40.256, 40.024, 39.62, 40.488, 41.233, 40.853, 41.059, 40.623, 37.923, 35.022, 34.07, 34.581, 32.445, 31.152, 31.593, 29.833, 29.136, 24.918, 20.55, 18.829, 15.985, 10.949, 9.69, 5.284, 0.0, 5.544, 10.89, 14.471, 16.302, 15.921, 18.601, 19.616, 20.868, 21.576, 21.921, 23.101, 24.085, 24.272, 26.418, 29.097, 29.427, 29.209, 30.826, 33.747, 35.906, 35.534, 36.438, 36.651, 35.964, 36.518, 36.576, 38.452, 39.101, 38.794, 39.635, 42.411, 42.082, 42.156, 43.001, 42.031, 41.502, 41.182, 41.822, 41.793, 44.121, 44.074, 43.663, 43.276], [41.821, 41.788, 41.311, 41.5, 42.264, 42.456, 42.317, 42.392, 42.089, 40.387, 39.946, 39.692, 39.305, 39.638, 40.315, 41.197, 41.127, 42.244, 42.449, 42.221, 41.516, 42.332, 42.882, 42.128, 42.328, 41.791, 39.112, 36.212, 35.084, 35.696, 33.657, 32.75, 33.154, 31.197, 30.912, 26.916, 22.439, 20.358, 18.004, 13.615, 12.648, 8.954, 5.544, 0.0, 6.743, 12.814, 14.535, 14.571, 18.192, 18.934, 19.928, 20.605, 21.022, 22.45, 23.725, 23.745, 26.271, 29.078, 29.238, 29.279, 31.077, 34.179, 36.438, 36.047, 37.049, 37.024, 36.177, 36.822, 36.77, 38.678, 39.311, 38.918, 39.45, 42.277, 42.159, 42.57, 43.413, 42.466, 42.013, 41.583, 42.235, 41.818, 43.661, 43.72, 43.601, 43.203], [42.533, 42.544, 42.51, 43.024, 43.593, 43.657, 43.606, 43.832, 43.617, 42.294, 42.351, 42.331, 42.056, 42.478, 43.376, 44.383, 44.284, 45.288, 45.44, 45.284, 44.667, 45.651, 46.071, 44.687, 44.761, 44.13, 41.505, 38.686, 37.659, 38.286, 35.924, 35.255, 35.828, 33.433, 33.93, 30.734, 26.17, 23.775, 22.115, 18.017, 16.611, 13.354, 10.89, 6.743, 0.0, 9.547, 11.729, 12.313, 16.976, 17.668, 18.348, 18.989, 19.432, 20.889, 22.569, 22.813, 25.877, 29.116, 29.593, 30.545, 32.996, 36.438, 38.825, 38.45, 39.627, 39.639, 38.739, 39.498, 39.184, 40.911, 41.499, 41.053, 41.289, 44.067, 44.03, 44.409, 45.008, 44.041, 43.871, 43.492, 44.278, 43.892, 45.624, 45.688, 45.804, 45.398], [42.503, 42.461, 42.544, 42.721, 43.12, 43.616, 43.913, 44.274, 44.008, 42.558, 42.792, 43.166, 42.793, 43.044, 43.778, 44.771, 44.596, 45.32, 45.524, 45.491, 45.57, 47.075, 47.771, 46.515, 46.669, 46.19, 43.435, 40.436, 39.874, 40.119, 37.076, 35.968, 36.919, 33.804, 34.391, 32.723, 28.316, 26.28, 25.013, 20.694, 18.595, 16.235, 14.471, 12.814, 9.547, 0.0, 5.755, 7.951, 10.826, 11.989, 12.833, 13.781, 14.093, 15.194, 16.654, 17.83, 21.42, 25.701, 27.827, 29.753, 32.543, 35.858, 38.018, 37.752, 39.322, 40.218, 39.915, 40.864, 40.217, 41.194, 41.756, 41.503, 42.259, 45.189, 45.012, 44.577, 44.789, 43.957, 43.956, 44.032, 45.081, 45.558, 48.408, 48.658, 48.6, 48.29], [43.264, 43.287, 43.337, 43.53, 43.981, 44.437, 44.709, 45.199, 45.029, 43.491, 43.563, 43.958, 43.83, 44.152, 44.684, 45.518, 45.337, 45.997, 46.241, 46.219, 46.106, 47.345, 47.829, 46.432, 46.604, 46.146, 43.429, 40.48, 39.8, 39.893, 37.157, 36.597, 37.566, 34.448, 34.949, 33.127, 28.812, 26.842, 25.751, 21.73, 19.702, 17.697, 16.302, 14.535, 11.729, 5.755, 0.0, 4.751, 10.324, 11.667, 12.478, 13.402, 13.579, 14.383, 15.718, 16.506, 20.274, 24.699, 26.631, 28.54, 31.397, 34.843, 37.102, 36.878, 38.443, 39.207, 38.976, 40.023, 39.44, 40.611, 41.213, 40.936, 41.597, 44.521, 44.487, 44.188, 44.47, 43.789, 43.842, 43.909, 45.221, 45.606, 48.067, 48.212, 48.244, 47.974], [43.279, 43.28, 43.13, 43.082, 43.572, 44.089, 44.343, 44.811, 44.619, 42.898, 42.794, 43.172, 43.087, 43.469, 43.89, 44.623, 44.406, 45.036, 45.325, 45.343, 45.194, 46.367, 46.932, 45.649, 45.855, 45.4, 42.69, 39.788, 39.187, 39.28, 36.732, 36.111, 36.922, 33.871, 34.128, 32.005, 27.812, 26.137, 24.934, 21.038, 19.034, 17.073, 15.921, 14.571, 12.313, 7.951, 4.751, 0.0, 8.972, 10.665, 11.789, 12.876, 13.205, 14.137, 15.4, 15.801, 19.407, 23.777, 25.316, 26.879, 29.697, 33.144, 35.518, 35.28, 36.608, 37.295, 37.111, 38.149, 37.683, 38.983, 39.631, 39.374, 40.092, 42.946, 42.824, 42.522, 42.906, 42.23, 42.289, 42.374, 43.732, 44.488, 47.139, 47.121, 46.929, 46.685], [42.633, 42.616, 42.41, 41.855, 42.109, 43.036, 43.628, 44.128, 43.776, 42.001, 41.964, 42.461, 42.193, 42.296, 42.643, 43.54, 43.282, 43.706, 43.962, 43.99, 44.345, 46.079, 47.252, 46.509, 46.923, 46.517, 43.811, 40.977, 40.755, 40.815, 37.724, 36.12, 37.001, 33.863, 34.001, 32.556, 28.635, 27.521, 26.8, 23.043, 20.953, 19.681, 18.601, 18.192, 16.976, 10.826, 10.324, 8.972, 0.0, 4.224, 7.241, 8.542, 8.96, 9.914, 10.732, 11.677, 14.776, 19.511, 22.455, 24.808, 27.676, 30.811, 32.898, 32.656, 34.275, 35.849, 36.02, 36.998, 36.239, 36.968, 37.572, 37.456, 38.681, 41.77, 41.558, 40.666, 40.778, 39.941, 39.967, 40.423, 41.959, 43.642, 47.83, 48.044, 47.642, 47.405], [42.695, 42.701, 42.551, 42.056, 42.304, 43.244, 43.899, 44.484, 44.146, 42.37, 42.321, 42.833, 42.628, 42.771, 43.044, 43.934, 43.764, 44.15, 44.404, 44.373, 44.642, 46.44, 47.676, 46.959, 47.396, 46.974, 44.205, 41.321, 41.126, 41.211, 38.23, 36.721, 37.514, 34.29, 34.504, 33.25, 29.377, 28.237, 27.45, 23.938, 21.958, 20.689, 19.616, 18.934, 17.668, 11.989, 11.667, 10.665, 4.224, 0.0, 5.132, 7.089, 7.655, 9.329, 10.49, 11.379, 14.626, 19.476, 22.392, 24.749, 27.753, 30.988, 33.053, 32.674, 34.28, 35.847, 36.051, 37.118, 36.344, 36.983, 37.572, 37.385, 38.568, 41.704, 41.524, 40.653, 40.875, 40.239, 40.327, 40.756, 42.254, 43.873, 47.982, 48.329, 48.001, 47.789], [43.715, 43.711, 43.6, 43.148, 43.412, 44.336, 44.963, 45.515, 45.196, 43.316, 43.157, 43.652, 43.328, 43.451, 43.726, 44.539, 44.488, 44.934, 45.171, 45.265, 45.541, 47.295, 48.425, 47.634, 48.061, 47.629, 44.819, 41.812, 41.663, 41.829, 38.732, 37.245, 38.092, 34.603, 35.212, 34.326, 30.545, 29.395, 28.635, 25.19, 23.33, 21.896, 20.868, 19.928, 18.348, 12.833, 12.478, 11.789, 7.241, 5.132, 0.0, 3.006, 4.002, 6.552, 8.684, 9.79, 13.402, 18.487, 21.41, 23.911, 27.037, 30.465, 32.662, 32.34, 34.181, 35.851, 36.019, 37.218, 36.256, 36.701, 37.244, 36.994, 38.015, 41.186, 41.094, 40.153, 40.224, 39.8, 40.122, 40.593, 42.195, 43.783, 47.68, 47.996, 47.896, 47.698], [43.964, 43.978, 43.863, 43.406, 43.675, 44.599, 45.223, 45.775, 45.464, 43.557, 43.364, 43.847, 43.491, 43.574, 43.863, 44.681, 44.642, 45.153, 45.403, 45.509, 45.8, 47.545, 48.66, 47.845, 48.276, 47.832, 45.042, 42.031, 41.871, 42.076, 38.93, 37.394, 38.273, 34.826, 35.582, 34.73, 31.031, 29.901, 29.195, 25.782, 23.987, 22.601, 21.576, 20.605, 18.989, 13.781, 13.402, 12.876, 8.542, 7.089, 3.006, 0.0, 2.431, 5.529, 7.938, 9.023, 12.78, 17.934, 20.834, 23.438, 26.603, 30.075, 32.303, 32.036, 34.01, 35.768, 35.906, 37.083, 36.039, 36.469, 37.0, 36.753, 37.744, 40.897, 40.856, 39.931, 39.942, 39.526, 39.916, 40.386, 42.058, 43.652, 47.577, 47.871, 47.87, 47.672], [44.09, 44.104, 44.006, 43.535, 43.795, 44.756, 45.396, 45.938, 45.629, 43.738, 43.565, 44.051, 43.673, 43.741, 44.03, 44.847, 44.802, 45.321, 45.59, 45.737, 46.115, 47.947, 49.088, 48.257, 48.674, 48.256, 45.461, 42.412, 42.207, 42.376, 39.19, 37.636, 38.506, 35.093, 35.87, 35.039, 31.387, 30.354, 29.687, 26.191, 24.419, 22.997, 21.921, 21.022, 19.432, 14.093, 13.579, 13.205, 8.96, 7.655, 4.002, 2.431, 0.0, 4.087, 6.959, 8.402, 12.35, 17.652, 20.787, 23.522, 26.707, 30.208, 32.438, 32.21, 34.224, 36.009, 36.197, 37.386, 36.312, 36.709, 37.216, 36.942, 37.961, 41.183, 41.147, 40.179, 40.141, 39.715, 40.132, 40.664, 42.393, 44.005, 47.915, 48.186, 48.203, 48.008], [44.822, 44.838, 44.731, 44.204, 44.513, 45.601, 46.304, 46.833, 46.487, 44.555, 44.383, 44.88, 44.448, 44.428, 44.587, 45.369, 45.292, 45.771, 46.016, 46.283, 46.844, 48.682, 49.912, 49.078, 49.471, 49.096, 46.403, 43.466, 43.196, 43.154, 39.829, 38.204, 39.162, 35.654, 36.447, 35.726, 32.181, 31.309, 30.895, 27.395, 25.499, 24.148, 23.101, 22.45, 20.889, 15.194, 14.383, 14.137, 9.914, 9.329, 6.552, 5.529, 4.087, 0.0, 3.959, 6.493, 10.849, 16.677, 20.269, 23.264, 26.466, 29.936, 32.164, 32.044, 34.187, 36.189, 36.577, 37.859, 36.779, 37.157, 37.66, 37.405, 38.408, 41.587, 41.538, 40.519, 40.493, 40.149, 40.633, 41.252, 43.136, 44.947, 48.953, 49.112, 49.134, 48.955], [44.871, 44.892, 44.656, 43.965, 44.355, 45.625, 46.395, 46.927, 46.575, 44.573, 44.295, 44.825, 44.406, 44.267, 44.183, 44.885, 44.776, 45.172, 45.466, 45.718, 46.432, 48.326, 49.679, 48.983, 49.434, 49.107, 46.503, 43.745, 43.475, 43.263, 40.036, 38.31, 39.267, 35.774, 36.307, 35.655, 32.316, 31.651, 31.356, 28.022, 26.087, 25.047, 24.085, 23.725, 22.569, 16.654, 15.718, 15.4, 10.732, 10.49, 8.684, 7.938, 6.959, 3.959, 0.0, 4.312, 9.338, 15.744, 19.586, 22.531, 25.58, 28.769, 30.847, 30.796, 32.967, 35.252, 36.007, 37.36, 36.333, 36.636, 37.151, 37.035, 38.232, 41.308, 41.211, 40.187, 40.318, 40.083, 40.53, 41.174, 43.108, 45.186, 49.404, 49.482, 49.402, 49.257], [44.645, 44.693, 44.326, 43.591, 44.046, 45.259, 45.967, 46.506, 46.198, 44.186, 43.771, 44.243, 43.947, 43.829, 43.644, 44.302, 44.224, 44.606, 44.944, 45.181, 45.622, 47.357, 48.755, 48.109, 48.606, 48.275, 45.733, 43.165, 42.877, 42.728, 39.812, 38.244, 39.066, 35.732, 35.987, 34.897, 31.658, 31.1, 30.835, 27.73, 25.919, 25.082, 24.272, 23.745, 22.813, 17.83, 16.506, 15.801, 11.677, 11.379, 9.79, 9.023, 8.402, 6.493, 4.312, 0.0, 7.145, 14.059, 17.398, 20.179, 23.225, 26.314, 28.421, 28.347, 30.456, 32.65, 33.551, 35.031, 34.106, 34.586, 35.133, 35.019, 36.189, 39.248, 39.25, 38.456, 38.735, 38.544, 38.967, 39.511, 41.535, 43.619, 47.75, 47.765, 47.681, 47.547], [46.451, 46.525, 45.923, 44.677, 44.783, 45.938, 46.7, 47.241, 46.921, 44.892, 44.335, 44.67, 44.269, 44.089, 43.926, 44.697, 44.635, 45.041, 45.325, 45.547, 46.032, 47.717, 49.816, 50.048, 50.736, 50.445, 47.949, 45.419, 45.231, 45.208, 42.279, 40.386, 41.166, 38.003, 37.804, 36.373, 33.374, 33.186, 33.021, 29.933, 28.166, 27.322, 26.418, 26.271, 25.877, 21.42, 20.274, 19.407, 14.776, 14.626, 13.402, 12.78, 12.35, 10.849, 9.338, 7.145, 0.0, 8.02, 12.951, 16.602, 19.754, 22.877, 25.057, 25.093, 27.612, 30.362, 31.454, 32.998, 32.04, 32.581, 33.188, 33.17, 34.79, 38.232, 38.306, 37.337, 37.54, 37.206, 37.552, 38.27, 40.571, 43.183, 48.002, 48.042, 47.869, 47.728], [48.911, 49.053, 48.248, 46.697, 46.517, 47.485, 48.248, 48.808, 48.466, 46.421, 45.678, 45.798, 45.361, 45.139, 45.047, 45.911, 45.872, 46.373, 46.627, 46.83, 47.174, 48.581, 51.046, 51.999, 52.866, 52.515, 50.15, 47.747, 47.543, 47.768, 44.979, 42.967, 43.627, 40.886, 40.504, 38.446, 35.604, 35.737, 35.751, 32.731, 31.072, 30.172, 29.097, 29.078, 29.116, 25.701, 24.699, 23.777, 19.511, 19.476, 18.487, 17.934, 17.652, 16.677, 15.744, 14.059, 8.02, 0.0, 7.626, 13.271, 17.012, 20.546, 22.985, 23.073, 25.742, 28.739, 29.826, 31.22, 30.321, 31.285, 32.017, 31.959, 33.892, 37.745, 37.937, 36.988, 37.124, 36.506, 36.727, 37.567, 40.124, 43.047, 48.314, 48.367, 48.18, 47.98], [49.52, 49.738, 48.72, 47.193, 47.24, 48.084, 48.688, 49.247, 48.936, 46.641, 45.427, 45.384, 45.15, 45.023, 44.703, 45.331, 45.361, 45.943, 46.26, 46.419, 46.243, 47.083, 49.309, 50.248, 51.23, 50.804, 48.562, 46.367, 45.974, 46.333, 44.126, 42.444, 42.866, 40.47, 40.121, 37.351, 34.768, 35.183, 35.303, 32.761, 31.282, 30.383, 29.427, 29.238, 29.593, 27.827, 26.631, 25.316, 22.455, 22.392, 21.41, 20.834, 20.787, 20.269, 19.586, 17.398, 12.951, 7.626, 0.0, 7.39, 12.508, 17.131, 20.328, 20.33, 22.488, 24.866, 25.721, 27.163, 26.448, 28.12, 28.994, 28.86, 30.539, 34.249, 34.569, 34.246, 34.901, 34.435, 34.736, 35.34, 38.032, 40.791, 45.565, 45.343, 45.24, 45.041], [49.495, 49.7, 48.378, 46.671, 47.053, 48.009, 48.467, 48.935, 48.652, 45.972, 44.156, 43.978, 43.851, 43.796, 43.049, 43.313, 43.461, 44.106, 44.537, 44.652, 44.165, 44.644, 46.859, 48.111, 49.21, 