[[0.0, 2.523, 6.298, 10.367, 12.232, 13.491, 16.942, 19.441, 21.609, 24.227, 27.221, 33.113, 36.159, 38.428, 40.925, 42.283, 41.976, 41.717, 43.416, 44.866, 46.741, 47.228, 47.348, 48.34, 49.698, 51.56, 52.657, 52.98, 52.664, 50.043, 47.541, 47.362, 47.36, 47.884, 51.003, 52.158, 51.122, 50.287, 50.818, 52.263, 52.866, 52.6, 50.954, 49.578, 50.233, 51.54, 51.361, 51.937, 52.381, 51.702, 51.467, 51.232, 51.245, 52.433, 53.22, 52.665, 52.782, 52.703, 52.95, 52.935, 52.341, 51.677, 51.361, 52.879, 55.55, 56.724, 57.269, 55.672, 53.005, 51.535, 50.486, 50.379, 49.483, 49.138, 49.006, 49.558, 51.08, 52.072, 51.864, 52.347, 53.628, 54.346, 54.445, 54.536, 54.577, 54.438], [2.523, 0.0, 4.796, 9.315, 11.58, 13.294, 16.995, 19.665, 21.965, 24.681, 27.516, 33.19, 36.149, 38.411, 40.938, 42.279, 41.968, 41.716, 43.432, 44.9, 46.766, 47.235, 47.347, 48.313, 49.659, 51.541, 52.631, 52.955, 52.642, 49.968, 47.371, 47.144, 47.165, 47.713, 50.878, 52.05, 50.987, 50.141, 50.67, 52.147, 52.786, 52.529, 50.876, 49.486, 50.172, 51.502, 51.351, 51.99, 52.448, 51.744, 51.51, 51.283, 51.308, 52.509, 53.32, 52.786, 52.908, 52.816, 53.058, 53.045, 52.437, 51.749, 51.419, 52.971, 55.678, 56.85, 57.393, 55.769, 53.072, 51.613, 50.555, 50.399, 49.484, 49.147, 49.024, 49.596, 51.145, 52.171, 51.968, 52.432, 53.653, 54.272, 54.309, 54.362, 54.393, 54.273], [6.298, 4.796, 0.0, 5.652, 9.127, 12.319, 17.158, 20.048, 22.391, 25.155, 28.08, 33.785, 36.642, 38.958, 41.76, 43.213, 42.806, 42.504, 44.266, 45.822, 47.636, 48.004, 48.165, 49.144, 50.399, 52.226, 53.425, 53.856, 53.483, 50.612, 47.693, 47.214, 47.206, 47.867, 51.201, 52.472, 51.438, 50.568, 51.082, 52.598, 53.254, 52.943, 51.159, 49.666, 50.359, 51.673, 51.559, 52.274, 52.752, 52.023, 51.775, 51.544, 51.603, 52.805, 53.607, 53.14, 53.367, 53.474, 53.975, 54.156, 53.583, 52.843, 52.499, 54.148, 56.929, 58.053, 58.563, 56.882, 54.083, 52.556, 51.426, 51.099, 49.987, 49.637, 49.58, 50.196, 51.832, 52.942, 52.64, 52.814, 53.819, 54.336, 54.301, 54.266, 54.248, 54.103], [10.367, 9.315, 5.652, 0.0, 5.138, 10.671, 16.813, 19.895, 21.918, 24.642, 27.662, 33.512, 36.566, 39.198, 42.169, 43.658, 43.187, 42.879, 44.678, 46.364, 48.231, 48.516, 48.8, 49.806, 50.851, 52.574, 53.936, 54.393, 53.861, 50.778, 47.569, 46.879, 46.813, 47.563, 51.011, 52.333, 51.335, 50.551, 51.096, 52.542, 53.128, 52.741, 50.874, 49.324, 50.042, 51.371, 51.29, 52.117, 52.715, 51.99, 51.716, 51.506, 51.641, 52.821, 53.527, 53.05, 53.373, 53.704, 54.438, 54.737, 54.136, 53.37, 53.048, 54.797, 57.694, 58.865, 59.378, 57.642, 54.74, 53.169, 52.048, 51.664, 50.396, 50.004, 49.99, 50.638, 52.349, 53.513, 53.075, 52.942, 53.806, 54.229, 54.125, 54.05, 54.001, 53.853], [12.232, 11.58, 9.127, 5.138, 0.0, 8.007, 15.259, 18.423, 20.125, 22.63, 25.804, 31.844, 35.221, 38.345, 41.504, 43.022, 42.597, 42.395, 44.213, 45.855, 47.819, 48.152, 48.498, 49.469, 50.28, 51.884, 53.289, 53.713, 53.13, 50.147, 47.163, 46.529, 46.441, 47.143, 50.465, 51.73, 50.7, 49.976, 50.612, 51.915, 52.351, 51.924, 50.106, 48.611, 49.317, 50.695, 50.593, 51.41, 52.108, 51.415, 51.133, 50.93, 51.131, 52.306, 52.906, 52.401, 52.739, 53.153, 53.934, 54.26, 53.681, 52.938, 52.637, 54.313, 57.114, 58.309, 58.828, 57.12, 54.226, 52.697, 51.743, 51.493, 50.237, 49.832, 49.815, 50.466, 52.116, 53.23, 52.79, 52.706, 53.744, 54.31, 54.276, 54.307, 54.295, 54.134], [13.491, 13.294, 12.319, 10.671, 8.007, 0.0, 8.34, 12.107, 14.717, 17.808, 21.284, 28.399, 32.044, 35.259, 38.625, 40.18, 39.869, 39.824, 41.626, 43.234, 45.236, 45.694, 45.991, 47.024, 48.094, 49.761, 51.167, 51.776, 51.387, 48.722, 46.406, 46.33, 46.262, 46.9, 50.056, 51.183, 50.186, 49.489, 50.133, 51.562, 52.107, 51.701, 50.007, 48.594, 49.322, 50.691, 50.553, 51.378, 52.015, 51.502, 51.283, 51.075, 51.172, 52.333, 53.054, 52.497, 52.784, 52.994, 53.465, 53.565, 52.908, 52.2, 51.892, 53.396, 55.926, 57.008, 57.556, 55.915, 53.274, 51.826, 50.938, 50.952, 49.951, 49.532, 49.439, 50.06, 51.592, 52.631, 52.427, 52.839, 54.145, 54.821, 54.849, 54.921, 54.964, 54.829], [16.942, 16.995, 17.158, 16.813, 15.259, 8.34, 0.0, 5.162, 10.297, 14.801, 17.863, 25.36, 29.534, 32.693, 35.983, 37.65, 37.535, 37.443, 39.192, 40.809, 42.707, 43.264, 43.493, 44.565, 46.0, 47.716, 49.018, 49.848, 49.793, 47.497, 45.776, 46.331, 46.367, 46.943, 49.756, 50.572, 49.648, 49.121, 49.732, 51.287, 52.156, 51.848, 50.197, 48.799, 49.757, 51.376, 51.226, 52.1, 52.622, 52.166, 51.993, 51.755, 51.623, 52.752, 53.787, 53.292, 53.528, 53.325, 53.276, 53.089, 52.356, 51.684, 51.362, 52.728, 55.007, 55.961, 56.542, 54.943, 52.678, 51.485, 50.571, 50.656, 49.935, 49.533, 49.355, 49.948, 51.4, 52.402, 52.57, 53.65, 55.146, 55.688, 55.632, 55.652, 55.732, 55.626], [19.441, 19.665, 20.048, 19.895, 18.423, 12.107, 5.162, 0.0, 6.846, 12.071, 15.505, 23.916, 28.783, 32.244, 35.5, 37.175, 37.08, 37.008, 38.74, 40.369, 42.3, 42.956, 43.255, 44.306, 45.676, 47.271, 48.514, 49.404, 49.507, 47.475, 46.067, 46.804, 46.854, 47.339, 49.9, 50.547, 49.606, 49.086, 49.63, 51.117, 52.044, 51.818, 50.222, 48.876, 49.909, 51.617, 51.451, 52.326, 52.846, 52.4, 52.238, 51.989, 51.805, 52.9, 53.992, 53.546, 53.776, 53.449, 53.221, 52.914, 52.125, 51.451, 51.137, 52.426, 54.587, 55.533, 56.125, 54.551, 52.442, 51.367, 50.515, 50.674, 50.069, 49.697, 49.509, 50.096, 51.498, 52.432, 52.685, 54.063, 55.777, 56.366, 56.335, 56.402, 56.512, 56.412], [21.609, 21.965, 22.391, 21.918, 20.125, 14.717, 10.297, 6.846, 0.0, 6.348, 12.457, 22.699, 28.55, 32.891, 36.257, 37.742, 37.449, 37.469, 39.223, 40.821, 42.926, 43.618, 44.092, 45.09, 46.06, 47.518, 48.844, 49.687, 49.739, 47.904, 46.757, 47.439, 47.448, 47.903, 50.408, 51.065, 50.065, 49.503, 50.0, 51.242, 51.941, 51.684, 50.253, 48.996, 49.919, 51.577, 51.356, 52.175, 52.821, 52.46, 52.296, 52.063, 52.005, 53.065, 53.951, 53.457, 53.72, 53.568, 53.454, 53.144, 52.323, 51.666, 51.39, 52.606, 54.657, 55.61, 56.202, 54.65, 52.46, 51.318, 50.614, 50.9, 50.255, 49.864, 49.697, 50.297, 51.658, 52.525, 52.709, 54.134, 56.089, 56.842, 56.878, 57.04, 57.179, 57.078], [24.227, 24.681, 25.155, 24.642, 22.63, 17.808, 14.801, 12.071, 6.348, 0.0, 10.227, 21.944, 28.099, 33.07, 36.686, 38.009, 37.503, 37.779, 39.57, 41.027, 43.269, 43.991, 44.615, 45.632, 46.236, 47.516, 48.947, 49.803, 49.771, 48.177, 47.522, 48.217, 48.177, 48.581, 50.961, 51.654, 50.599, 49.964, 50.458, 51.461, 51.911, 51.599, 50.389, 49.39, 50.132, 51.545, 51.203, 51.88, 52.594, 52.341, 52.192, 51.97, 52.059, 53.085, 53.715, 53.186, 53.493, 53.556, 53.636, 53.414, 52.62, 51.997, 51.788, 52.843, 54.613, 55.493, 56.049, 54.546, 52.363, 51.168, 50.621, 51.09, 50.439, 50.045, 49.895, 50.481, 51.691, 52.408, 52.501, 54.018, 56.321, 57.398, 57.586, 57.885, 58.076, 57.961], [27.221, 27.516, 28.08, 27.662, 25.804, 21.284, 17.863, 15.505, 12.457, 10.227, 0.0, 13.33, 20.896, 27.352, 31.939, 33.592, 33.279, 33.528, 35.194, 36.563, 38.735, 39.475, 40.359, 41.584, 42.321, 43.623, 45.118, 46.16, 46.352, 45.054, 44.978, 46.093, 46.102, 46.504, 48.701, 49.084, 47.865, 47.292, 47.831, 48.802, 49.296, 48.964, 47.755, 46.809, 48.104, 49.87, 49.412, 50.191, 50.975, 50.678, 50.465, 50.199, 50.171, 51.157, 51.887, 51.393, 51.732, 51.643, 51.587, 51.389, 50.647, 50.149, 49.958, 50.751, 51.984, 52.535, 53.083, 51.499, 49.445, 48.469, 47.952, 48.514, 48.057, 47.725, 47.618, 48.244, 49.305, 49.99, 50.417, 52.398, 54.771, 55.685, 55.802, 56.123, 56.364, 56.297], [33.113, 33.19, 33.785, 33.512, 31.844, 28.399, 25.36, 23.916, 22.699, 21.944, 13.33, 0.0, 10.838, 20.486, 26.769, 29.107, 29.163, 29.459, 30.77, 31.724, 33.569, 34.289, 35.514, 36.806, 37.353, 38.671, 40.193, 41.316, 41.888, 41.224, 42.064, 43.743, 43.847, 44.224, 46.033, 45.868, 44.364, 44.012, 44.735, 45.604, 46.211, 45.888, 44.752, 43.812, 45.885, 48.569, 48.092, 48.928, 49.8, 49.449, 49.182, 48.87, 48.664, 49.511, 50.386, 50.007, 50.4, 50.083, 49.785, 49.646, 49.068, 48.793, 48.661, 49.115, 49.753, 49.951, 50.5, 48.861, 47.1, 46.549, 46.177, 46.834, 46.652, 46.463, 46.405, 47.037, 47.895, 48.556, 49.417, 51.885, 54.211, 54.842, 54.829, 55.161, 55.459, 55.429], [36.159, 36.149, 36.642, 36.566, 35.221, 32.044, 29.534, 28.783, 28.55, 28.099, 20.896, 10.838, 0.0, 12.421, 21.034, 24.078, 24.289, 25.213, 26.719, 27.428, 29.075, 29.755, 31.075, 32.693, 33.729, 35.361, 37.157, 38.61, 39.266, 38.771, 40.181, 42.076, 42.159, 42.49, 44.286, 44.124, 42.525, 42.085, 42.967, 44.017, 44.651, 44.348, 43.426, 42.709, 44.815, 47.508, 47.107, 47.809, 48.551, 48.346, 48.125, 47.81, 47.537, 48.207, 48.982, 48.597, 49.011, 48.785, 48.664, 48.676, 48.266, 48.142, 48.121, 48.563, 49.176, 49.317, 49.848, 48.231, 46.529, 45.942, 45.582, 46.418, 46.437, 46.389, 46.351, 46.888, 47.534, 48.038, 48.701, 50.879, 53.18, 54.138, 54.343, 54.789, 55.158, 55.119], [38.428, 38.411, 38.958, 39.198, 38.345, 35.259, 32.693, 32.244, 32.891, 33.07, 27.352, 20.486, 12.421, 0.0, 10.854, 15.52, 16.36, 17.725, 19.817, 20.735, 22.043, 22.802, 23.838, 25.695, 27.846, 30.059, 31.984, 34.017, 34.888, 34.318, 36.322, 38.75, 38.818, 39.185, 41.184, 41.231, 39.918, 39.475, 40.294, 41.776, 42.978, 42.911, 42.154, 41.769, 44.13, 46.89, 46.623, 47.499, 47.792, 47.571, 47.48, 47.138, 46.658, 47.311, 48.484, 48.178, 48.39, 47.751, 47.424, 47.462, 47.202, 47.139, 47.18, 47.777, 48.666, 49.074, 49.662, 48.108, 46.729, 46.323, 45.96, 46.926, 47.39, 47.5, 47.332, 47.649, 48.107, 48.401, 48.87, 50.895, 53.086, 54.291, 54.831, 55.382, 55.807, 55.686], [40.925, 40.938, 41.76, 42.169, 41.504, 38.625, 35.983, 35.5, 36.257, 36.686, 31.939, 26.769, 21.034, 10.854, 0.0, 7.384, 10.737, 12.277, 14.857, 16.282, 17.783, 18.98, 19.714, 21.482, 24.384, 27.005, 28.712, 30.831, 31.927, 31.406, 33.941, 36.909, 37.005, 37.341, 39.473, 39.709, 38.685, 38.269, 38.939, 40.608, 42.153, 42.374, 41.914, 41.929, 44.479, 47.249, 47.055, 48.14, 48.333, 48.055, 48.03, 47.705, 47.072, 47.684, 49.068, 48.734, 48.727, 47.651, 46.85, 46.568, 46.263, 46.25, 46.339, 47.027, 48.186, 48.992, 49.689, 48.204, 47.04, 46.739, 46.537, 47.837, 48.846, 49.057, 48.713, 48.844, 49.163, 49.251, 49.702, 51.947, 54.102, 55.206, 55.801, 56.402, 56.858, 56.757], [42.283, 42.279, 43.213, 43.658, 43.022, 40.18, 37.65, 37.175, 37.742, 38.009, 33.592, 29.107, 24.078, 15.52, 7.384, 0.0, 6.305, 9.391, 11.97, 13.779, 15.885, 17.346, 17.965, 19.728, 22.986, 25.927, 27.914, 30.356, 31.512, 31.157, 34.112, 37.132, 37.203, 37.502, 39.636, 40.009, 38.914, 38.329, 38.941, 40.586, 42.064, 42.359, 42.319, 42.725, 45.199, 47.765, 47.503, 48.448, 48.625, 48.587, 48.655, 48.374, 47.852, 48.378, 49.631, 49.255, 49.245, 48.273, 47.496, 47.12, 46.715, 46.665, 46.78, 47.424, 48.604, 49.581, 50.317, 48.926, 48.01, 47.736, 47.691, 49.257, 50.449, 50.707, 50.309, 50.393, 50.589, 50.516, 50.918, 53.379, 55.823, 57.131, 57.762, 58.384, 58.85, 58.773], [41.976, 41.968, 42.806, 43.187, 42.597, 39.869, 37.535, 37.08, 37.449, 37.503, 33.279, 29.163, 24.289, 16.36, 10.737, 6.305, 0.0, 6.482, 10.322, 12.266, 14.995, 16.288, 17.039, 18.831, 21.818, 24.934, 27.346, 30.064, 31.168, 30.972, 34.111, 36.947, 37.019, 37.359, 39.51, 39.935, 38.838, 38.303, 38.887, 40.399, 41.87, 42.215, 42.396, 43.03, 45.489, 47.998, 47.658, 48.498, 48.584, 48.591, 48.728, 48.42, 48.08, 48.617, 49.778, 49.475, 49.517, 48.717, 48.191, 48.027, 47.667, 47.559, 47.697, 48.298, 49.375, 50.31, 50.996, 49.65, 48.839, 48.603, 48.459, 49.828, 50.807, 51.044, 50.682, 50.788, 50.964, 50.845, 51.135, 53.561, 56.251, 57.819, 58.535, 59.178, 59.65, 59.513], [41.717, 41.716, 42.504, 42.879, 42.395, 39.824, 37.443, 37.008, 37.469, 37.779, 33.528, 29.459, 25.213, 17.725, 12.277, 9.391, 6.482, 0.0, 6.04, 9.575, 12.516, 13.953, 14.677, 16.744, 20.446, 23.847, 26.291, 29.204, 30.398, 30.102, 33.156, 36.15, 36.322, 36.84, 39.193, 39.675, 38.794, 38.535, 39.123, 40.679, 42.324, 42.723, 42.735, 43.22, 45.876, 48.49, 48.121, 48.999, 49.06, 49.017, 49.119, 48.769, 48.284, 48.839, 50.21, 49.985, 50.091, 49.289, 48.751, 48.615, 48.297, 48.186, 48.282, 48.993, 50.202, 51.144, 51.817, 50.407, 49.55, 49.263, 48.843, 49.893, 50.753, 50.966, 50.604, 50.739, 51.021, 50.998, 51.385, 53.769, 56.245, 57.625, 58.255, 58.824, 59.271, 59.136], [43.416, 43.432, 44.266, 44.678, 44.213, 41.626, 39.192, 38.74, 39.223, 39.57, 35.194, 30.77, 26.719, 19.817, 14.857, 11.97, 10.322, 6.04, 0.0, 5.454, 9.33, 11.236, 12.281, 14.474, 18.459, 22.152, 24.811, 27.968, 29.329, 29.368, 32.845, 36.062, 36.269, 36.857, 39.285, 39.802, 39.092, 39.081, 39.705, 41.216, 42.906, 43.313, 43.368, 43.856, 46.51, 49.133, 48.753, 49.62, 49.688, 49.819, 49.981, 49.683, 49.226, 49.682, 51.065, 50.84, 50.994, 50.316, 49.784, 49.562, 49.24, 49.229, 49.347, 49.971, 51.151, 52.111, 52.789, 51.433, 50.755, 50.538, 50.06, 51.109, 52.074, 52.337, 51.936, 52.047, 52.265, 52.17, 52.626, 55.075, 57.455, 58.751, 59.35, 59.887, 60.317, 60.189], [44.866, 44.9, 45.822, 46.364, 45.855, 43.234, 40.809, 40.369, 40.821, 41.027, 36.563, 31.724, 27.428, 20.735, 16.282, 13.779, 12.266, 9.575, 5.454, 0.0, 6.054, 8.916, 10.514, 13.053, 16.814, 20.528, 23.19, 26.46, 28.041, 28.888, 33.288, 36.674, 36.902, 37.415, 39.627, 40.056, 39.375, 39.499, 40.16, 41.549, 43.237, 43.682, 43.865, 44.406, 46.997, 49.622, 49.172, 49.937, 49.977, 50.179, 50.386, 50.116, 49.749, 50.243, 51.601, 51.384, 51.528, 50.853, 50.258, 50.0, 49.703, 49.815, 49.992, 50.385, 51.283, 52.157, 52.813, 51.563, 51.132, 51.046, 50.593, 51.71, 52.759, 53.044, 52.606, 52.683, 52.77, 52.584, 53.158, 55.819, 58.365, 59.787, 60.425, 60.987, 61.432, 61.291], [46.741, 46.766, 47.636, 48.231, 47.819, 45.236, 42.707, 42.3, 42.926, 43.269, 38.735, 33.569, 29.075, 22.043, 17.783, 15.885, 14.995, 12.516, 9.33, 6.054, 0.0, 4.544, 7.215, 10.46, 15.079, 18.897, 21.735, 25.519, 27.394, 28.575, 33.354, 36.929, 37.223, 37.699, 39.703, 40.08, 39.574, 39.871, 40.538, 42.007, 43.853, 44.298, 44.332, 44.712, 47.374, 50.122, 49.684, 50.399, 50.293, 50.542, 50.788, 50.504, 49.997, 50.54, 52.226, 52.149, 52.276, 51.449, 50.789, 50.594, 50.382, 50.595, 50.785, 51.1, 51.857, 52.608, 53.243, 52.047, 51.854, 51.885, 51.259, 52.182, 53.235, 53.559, 53.122, 53.176, 53.26, 53.114, 53.785, 56.469, 58.882, 60.264, 60.927, 61.444, 61.878, 61.723], [47.228, 47.235, 48.004, 48.516, 48.152, 45.694, 43.264, 42.956, 43.618, 43.991, 39.475, 34.289, 29.755, 22.802, 18.98, 17.346, 16.288, 13.953, 11.236, 8.916, 4.544, 0.0, 4.92, 9.307, 14.587, 18.868, 22.156, 26.03, 27.798, 28.883, 33.495, 36.977, 37.277, 37.721, 39.66, 40.061, 39.626, 40.007, 40.709, 42.192, 44.049, 44.432, 44.423, 44.789, 47.455, 50.168, 49.741, 50.475, 50.344, 50.611, 50.859, 50.589, 50.105, 50.641, 52.379, 52.386, 52.559, 51.769, 51.244, 51.179, 51.002, 51.239, 51.45, 51.79, 52.552, 53.272, 53.893, 52.724, 52.598, 52.649, 51.947, 52.748, 53.717, 54.031, 53.604, 53.655, 53.754, 53.624, 54.221, 56.741, 59.085, 60.476, 61.155, 61.653, 62.075, 61.893], [47.348, 47.347, 48.165, 48.8, 48.498, 45.991, 43.493, 43.255, 44.092, 44.615, 40.359, 35.514, 31.075, 23.838, 19.714, 17.965, 17.039, 14.677, 12.281, 10.514, 7.215, 4.92, 0.0, 6.273, 14.364, 19.665, 22.935, 26.841, 28.648, 29.579, 34.103, 37.692, 38.006, 38.43, 40.419, 40.894, 40.543, 40.907, 41.616, 43.216, 45.128, 45.515, 45.506, 45.846, 48.394, 51.017, 50.595, 51.376, 51.278, 51.628, 51.919, 51.633, 51.131, 51.739, 53.512, 53.516, 53.724, 52.933, 52.352, 52.223, 52.004, 52.195, 52.387, 52.766, 53.576, 54.323, 54.942, 53.799, 53.62, 53.562, 52.802, 53.59, 54.604, 54.899, 54.444, 54.483, 54.596, 54.5, 55.139, 57.672, 60.011, 61.363, 61.987, 62.44, 62.853, 62.678], [48.34, 48.313, 49.144, 49.806, 49.469, 47.024, 44.565, 44.306, 45.09, 45.632, 41.584, 36.806, 32.693, 25.695, 21.482, 19.728, 18.831, 16.744, 14.474, 13.053, 10.46, 9.307, 6.273, 0.0, 10.356, 17.136, 20.818, 24.984, 26.989, 28.143, 33.128, 36.921, 37.296, 37.665, 39.708, 40.309, 40.107, 40.584, 41.198, 42.738, 44.728, 45.126, 45.165, 45.573, 48.131, 50.897, 50.514, 51.427, 51.405, 51.842, 52.219, 51.884, 51.381, 51.993, 53.845, 53.883, 54.102, 53.408, 52.885, 52.764, 52.543, 52.731, 52.911, 53.253, 54.046, 54.827, 55.446, 54.331, 54.154, 54.165, 53.482, 54.233, 55.292, 55.625, 55.168, 55.205, 55.319, 55.231, 55.901, 58.464, 60.755, 62.013, 62.613, 63.073, 63.49, 63.319], [49.698, 49.659, 50.399, 50.851, 50.28, 48.094, 46.0, 45.676, 46.06, 46.236, 42.321, 37.353, 33.729, 27.846, 24.384, 22.986, 21.818, 20.446, 18.459, 16.814, 15.079, 14.587, 14.364, 10.356, 0.0, 8.965, 14.972, 19.613, 21.698, 24.123, 30.607, 34.252, 34.502, 34.804, 36.673, 37.482, 37.38, 38.111, 38.62, 39.639, 41.585, 41.995, 42.202, 42.843, 45.453, 48.48, 48.075, 49.031, 49.071, 49.552, 50.007, 49.671, 49.319, 49.807, 51.569, 51.712, 51.95, 51.521, 51.504, 51.811, 51.722, 51.989, 52.221, 52.375, 53.026, 53.899, 54.561, 53.43, 53.361, 53.613, 53.147, 53.883, 54.877, 55.323, 54.927, 54.971, 55.017, 54.83, 55.304, 57.746, 60.119, 61.508, 62.275, 62.888, 63.344, 63.146], [51.56, 51.541, 52.226, 52.574, 51.884, 49.761, 47.716, 47.271, 47.518, 47.516, 43.623, 38.671, 35.361, 30.059, 27.005, 25.927, 24.934, 23.847, 22.152, 20.528, 18.897, 18.868, 19.665, 17.136, 8.965, 0.0, 8.904, 15.398, 17.988, 21.725, 29.498, 32.979, 32.891, 33.285, 34.923, 35.86, 35.929, 36.759, 37.202, 37.839, 39.718, 40.216, 40.487, 41.213, 43.798, 46.889, 46.435, 47.204, 47.055, 47.542, 48.021, 47.694, 47.298, 47.702, 49.55, 49.887, 50.174, 49.676, 49.95, 50.947, 51.296, 51.626, 51.865, 51.903, 52.428, 53.322, 54.049, 52.851, 52.85, 53.23, 52.759, 53.4, 54.359, 54.932, 54.626, 54.692, 54.666, 54.385, 54.682, 57.053, 59.535, 61.102, 62.059, 62.776, 63.283, 63.07], [52.657, 52.631, 53.425, 53.936, 53.289, 51.167, 49.018, 48.514, 48.844, 48.947, 45.118, 40.193, 37.157, 31.984, 28.712, 27.914, 27.346, 26.291, 24.811, 23.19, 21.735, 22.156, 22.935, 20.818, 14.972, 8.904, 0.0, 9.12, 13.755, 18.741, 27.505, 31.504, 31.39, 31.888, 33.677, 34.648, 34.941, 35.848, 36.273, 36.94, 38.861, 39.524, 39.886, 40.631, 43.211, 46.374, 45.961, 46.627, 46.219, 46.55, 47.004, 46.643, 46.132, 46.666, 48.806, 49.291, 49.533, 48.62, 48.459, 49.654, 50.593, 51.108, 51.328, 51.398, 51.951, 52.815, 53.544, 52.339, 52.342, 52.805, 52.27, 52.824, 53.883, 54.491, 54.159, 54.214, 54.18, 53.886, 54.312, 56.921, 59.417, 60.942, 61.981, 62.731, 63.273, 63.088], [52.98, 52.955, 53.856, 54.393, 53.713, 51.776, 49.848, 49.404, 49.687, 49.803, 46.16, 41.316, 38.61, 34.017, 30.831, 30.356, 30.064, 29.204, 27.968, 26.46, 25.519, 26.03, 26.841, 24.984, 19.613, 15.398, 9.12, 0.0, 6.973, 14.465, 24.414, 29.017, 29.019, 29.61, 31.755, 32.905, 33.301, 34.424, 34.973, 35.598, 37.406, 38.119, 38.635, 39.478, 41.975, 45.102, 44.808, 45.649, 45.27, 45.393, 45.771, 45.448, 45.041, 45.715, 47.857, 48.27, 48.386, 47.37, 47.069, 48.17, 49.336, 50.163, 50.529, 50.676, 51.256, 52.113, 52.851, 51.601, 51.387, 51.8, 51.375, 51.978, 53.093, 53.66, 53.255, 53.267, 53.224, 52.947, 53.505, 56.318, 58.809, 60.215, 61.296, 62.089, 62.651, 62.512], [52.664, 52.642, 53.483, 53.861, 53.13, 51.387, 49.793, 49.507, 49.739, 49.771, 46.352, 41.888, 39.266, 34.888, 31.927, 31.512, 31.168, 30.398, 29.329, 28.041, 27.394, 27.798, 28.648, 26.989, 21.698, 17.988, 13.755, 6.973, 0.0, 9.839, 21.369, 26.353, 26.316, 27.183, 29.785, 31.337, 32.029, 33.482, 34.328, 34.913, 36.539, 37.129, 37.653, 38.533, 40.731, 43.572, 43.317, 44.302, 43.994, 44.119, 44.475, 44.194, 43.966, 44.766, 46.798, 47.094, 47.181, 46.379, 46.435, 47.657, 48.793, 49.747, 50.366, 50.78, 51.568, 52.516, 53.264, 51.963, 51.459, 51.618, 51.137, 51.709, 52.722, 53.252, 52.845, 52.864, 52.864, 52.632, 53.095, 55.713, 58.166, 59.615, 60.736, 61.531, 62.088, 61.959], [50.043, 49.968, 50.612, 50.778, 50.147, 48.722, 47.497, 47.475, 47.904, 48.177, 45.054, 41.224, 38.771, 34.318, 31.406, 31.157, 30.972, 30.102, 29.368, 28.888, 28.575, 28.883, 29.579, 28.143, 24.123, 21.725, 18.741, 14.465, 9.839, 0.0, 12.943, 19.018, 19.179, 20.708, 24.841, 27.191, 28.426, 30.289, 31.585, 32.672, 34.32, 34.721, 34.821, 35.403, 37.391, 40.105, 40.05, 41.467, 41.355, 41.44, 41.758, 41.437, 41.212, 42.24, 44.435, 44.739, 44.83, 44.071, 44.273, 45.513, 46.651, 47.532, 48.288, 49.486, 51.204, 52.455, 53.158, 51.717, 50.602, 50.28, 49.506, 49.832, 50.69, 51.221, 50.874, 50.959, 51.253, 51.224, 51.415, 53.387, 55.314, 56.44, 57.407, 58.044, 58.509, 58.384], [47.541, 47.371, 47.693, 47.569, 47.163, 46.406, 45.776, 46.067, 46.757, 47.522, 44.978, 42.064, 40.181, 36.322, 33.941, 34.112, 34.111, 33.156, 32.845, 33.288, 33.354, 33.495, 34.103, 33.128, 30.607, 29.498, 27.505, 24.414, 21.369, 12.943, 0.0, 7.995, 9.447, 12.018, 19.51, 23.478, 25.605, 27.848, 29.398, 31.129, 32.685, 32.804, 32.15, 32.074, 33.785, 36.402, 36.793, 38.833, 39.034, 38.968, 39.212, 38.842, 38.548, 39.652, 42.019, 42.373, 42.392, 41.715, 42.168, 43.397, 44.557, 45.33, 46.033, 48.156, 51.346, 53.107, 53.733, 52.185, 50.335, 49.49, 48.322, 48.195, 48.834, 49.444, 49.193, 49.284, 49.966, 50.146, 49.828, 50.653, 51.473, 51.854, 52.509, 52.869, 53.121, 52.913], [47.362, 47.144, 47.214, 46.879, 46.529, 46.33, 46.331, 46.804, 47.439, 48.217, 46.093, 43.743, 42.076, 38.75, 36.909, 37.132, 36.947, 36.15, 36.062, 36.674, 36.929, 36.977, 37.692, 36.921, 34.252, 32.979, 31.504, 29.017, 26.353, 19.018, 7.995, 0.0, 3.921, 7.894, 17.537, 22.879, 25.475, 27.724, 29.195, 30.738, 31.88, 31.802, 30.936, 30.646, 31.838, 34.173, 34.749, 36.823, 37.122, 37.086, 37.349, 36.999, 36.868, 37.818, 39.954, 40.374, 40.397, 40.193, 41.448, 43.174, 44.489, 45.218, 45.881, 48.237, 52.076, 54.277, 54.897, 53.352, 51.306, 50.281, 48.984, 48.611, 49.02, 49.737, 49.587, 49.655, 50.431, 50.589, 49.728, 49.626, 49.968, 50.337, 51.032, 51.381, 51.535, 51.211], [47.36, 47.165, 47.206, 46.813, 46.441, 46.262, 46.367, 46.854, 47.448, 48.177, 46.102, 43.847, 42.159, 38.818, 37.005, 37.203, 37.019, 36.322, 36.269, 36.902, 37.223, 37.277, 38.006, 37.296, 34.502, 32.891, 31.39, 29.019, 26.316, 19.179, 9.447, 3.921, 0.0, 7.205, 17.634, 23.127, 25.629, 27.579, 28.991, 30.417, 31.383, 31.248, 30.401, 30.141, 31.208, 33.442, 33.993, 36.046, 36.337, 36.343, 36.599, 36.311, 36.263, 37.181, 39.173, 39.524, 39.598, 39.525, 41.06, 43.138, 44.601, 45.314, 45.983, 48.298, 52.055, 54.251, 54.98, 53.411, 51.264, 50.16, 48.908, 48.649, 49.032, 49.753, 49.639, 49.713, 50.458, 50.596, 49.643, 49.445, 49.856, 50.378, 51.151, 51.539, 51.716, 51.392], [47.884, 47.713, 47.867, 47.563, 47.143, 46.9, 46.943, 47.339, 47.903, 48.581, 46.504, 44.224, 42.49, 39.185, 37.341, 37.502, 37.359, 36.84, 36.857, 37.415, 37.699, 37.721, 38.43, 37.665, 34.804, 33.285, 31.888, 29.61, 27.183, 20.708, 12.018, 7.894, 7.205, 0.0, 11.748, 18.441, 21.739, 24.054, 25.487, 26.888, 27.793, 27.723, 27.026, 26.919, 27.736, 29.951, 30.662, 32.964, 33.396, 33.507, 33.812, 33.456, 33.385, 34.331, 36.513, 37.017, 36.925, 36.651, 38.218, 40.311, 41.814, 42.619, 43.377, 45.689, 49.706, 52.184, 52.925, 51.889, 50.346, 49.447, 48.244, 48.141, 48.797, 49.569, 49.398, 49.377, 49.981, 50.001, 48.993, 48.892, 49.471, 50.089, 50.967, 51.481, 51.685, 51.336], [51.003, 50.878, 51.201, 51.011, 50.465, 50.056, 49.756, 49.9, 50.408, 50.961, 48.701, 46.033, 44.286, 41.184, 39.473, 39.636, 39.51, 39.193, 39.285, 39.627, 39.703, 39.66, 40.419, 39.708, 36.673, 34.923, 33.677, 31.755, 29.785, 24.841, 19.51, 17.537, 17.634, 11.748, 0.0, 8.945, 14.847, 19.055, 20.879, 21.871, 22.998, 23.251, 23.007, 23.31, 23.993, 26.603, 27.632, 30.228, 30.599, 30.733, 31.152, 30.706, 30.46, 31.4, 34.067, 35.147, 35.06, 34.123, 35.293, 37.357, 38.821, 39.777, 40.811, 42.874, 46.829, 49.819, 50.521, 50.188, 50.394, 50.484, 49.5, 49.476, 50.419, 51.232, 50.979, 50.859, 51.248, 51.108, 50.179, 50.476, 51.497, 52.298, 53.354, 54.082, 54.373, 54.023], [52.158, 52.05, 52.472, 52.333, 51.73, 51.183, 50.572, 50.547, 51.065, 51.654, 49.084, 45.868, 44.124, 41.231, 39.709, 40.009, 39.935, 39.675, 39.802, 40.056, 40.08, 40.061, 40.894, 40.309, 37.482, 35.86, 34.648, 32.905, 31.337, 27.191, 23.478, 22.879, 23.127, 18.441, 8.945, 0.0, 8.205, 14.539, 16.985, 17.993, 19.784, 20.461, 20.525, 21.219, 22.918, 26.503, 27.67, 30.53, 30.827, 30.571, 30.94, 30.503, 30.086, 30.994, 33.944, 35.333, 35.422, 33.813, 34.039, 35.651, 36.846, 37.791, 38.929, 40.753, 44.263, 47.182, 47.877, 47.59, 48.799, 49.987, 49.558, 49.765, 50.838, 51.584, 51.274, 51.137, 51.444, 51.296, 50.676, 51.518, 52.8, 53.539, 54.592, 55.402, 55.731, 55.408], [51.122, 50.987, 51.438, 51.335, 50.7, 50.186, 49.648, 49.606, 50.065, 50.599, 47.865, 44.364, 42.525, 39.918, 38.685, 38.914, 38.838, 38.794, 39.092, 39.375, 39.574, 39.626, 40.543, 40.107, 37.38, 35.929, 34.941, 33.301, 32.029, 28.426, 25.605, 25.475, 25.629, 21.739, 14.847, 8.205, 0.0, 7.666, 10.97, 12.266, 14.587, 15.635, 16.191, 17.659, 20.521, 24.908, 26.055, 29.108, 29.617, 29.045, 29.305, 28.993, 28.736, 29.621, 32.362, 33.763, 33.96, 32.093, 31.94, 33.391, 34.365, 35.105, 36.119, 37.809, 41.045, 43.728, 44.415, 43.877, 45.123, 46.968, 47.574, 48.531, 49.669, 50.328, 50.019, 49.887, 50.123, 49.984, 49.485, 50.654, 52.242, 53.088, 54.147, 55.025, 55.379, 55.097], [50.287, 50.141, 50.568, 50.551, 49.976, 49.489, 49.121, 49.086, 49.503, 49.964, 47.292, 44.012, 42.085, 39.475, 38.269, 38.329, 38.303, 38.535, 39.081, 39.499, 39.871, 40.007, 40.907, 40.584, 38.111, 36.759, 35.848, 34.424, 33.482, 30.289, 27.848, 27.724, 27.579, 24.054, 19.055, 14.539, 7.666, 0.0, 4.632, 7.452, 10.089, 11.505, 12.625, 14.96, 18.444, 22.999, 23.992, 27.119, 27.816, 27.046, 27.187, 27.033, 26.984, 27.923, 30.44, 31.746, 31.931, 29.908, 29.741, 31.436, 32.468, 32.899, 33.675, 35.346, 38.637, 41.204, 41.904, 41.175, 42.051, 44.014, 45.49, 47.37, 48.684, 49.312, 49.047, 48.909, 49.08, 48.932, 48.417, 49.754, 51.578, 52.622, 53.744, 54.663, 55.024, 54.758], [50.818, 50.67, 51.082, 51.096, 50.612, 50.133, 49.732, 49.63, 50.0, 50.458, 47.831, 44.735, 42.967, 40.294, 38.939, 38.941, 38.887, 39.123, 39.705, 40.16, 40.538, 40.709, 41.616, 41.198, 38.62, 37.202, 36.273, 34.973, 34.328, 31.585, 29.398, 29.195, 28.991, 25.487, 20.879, 16.985, 10.97, 4.632, 0.0, 4.86, 8.607, 10.425, 11.764, 14.443, 18.413, 23.115, 23.972, 27.133, 27.841, 26.965, 27.072, 26.94, 26.918, 27.863, 30.448, 31.779, 31.863, 29.671, 29.451, 31.245, 32.322, 32.64, 33.235, 34.712, 37.941, 40.516, 41.212, 40.455, 41.359, 43.461, 45.168, 47.308, 48.753, 49.411, 49.166, 49.013, 49.162, 48.998, 48.488, 49.936, 51.818, 52.874, 54.0, 54.923, 55.282, 54.996], [52.263, 52.147, 52.598, 52.542, 51.915, 51.562, 51.287, 51.117, 51.242, 51.461, 48.802, 45.604, 44.017, 41.776, 40.608, 40.586, 40.399, 40.679, 41.216, 41.549, 42.007, 42.192, 43.216, 42.738, 39.639, 37.839, 36.94, 35.598, 34.913, 32.672, 31.129, 30.738, 30.417, 26.888, 21.871, 17.993, 12.266, 7.452, 4.86, 0.0, 5.324, 7.9, 10.213, 13.744, 17.804, 22.782, 23.563, 26.698, 27.568, 26.731, 26.853, 26.718, 26.893, 27.718, 30.044, 31.47, 31.579, 29.488, 29.529, 31.607, 32.792, 33.19, 33.873, 35.052, 37.971, 40.632, 41.35, 40.647, 41.692, 43.915, 45.731, 47.88, 49.296, 49.993, 49.784, 49.633, 49.696, 49.441, 48.853, 50.349, 52.467, 53.702, 54.913, 55.968, 56.38, 56.09], [52.866, 52.786, 53.254, 53.128, 52.351, 52.107, 52.156, 52.044, 51.941, 51.911, 49.296, 46.211, 44.651, 42.978, 42.153, 42.064, 41.87, 42.324, 42.906, 43.237, 43.853, 44.049, 45.128, 44.728, 41.585, 39.718, 38.861, 37.406, 36.539, 34.32, 32.685, 31.88, 31.383, 27.793, 22.998, 19.784, 14.587, 10.089, 8.607, 5.324, 0.0, 3.842, 8.094, 12.459, 15.863, 20.631, 21.494, 24.594, 25.88, 25.242, 25.299, 25.212, 25.633, 26.286, 28.076, 29.431, 29.587, 27.889, 28.525, 30.98, 32.383, 32.894, 33.696, 34.874, 37.824, 40.52, 41.252, 40.599, 41.326, 43.311, 45.271, 47.6, 48.971, 49.683, 49.53, 49.381, 49.38, 49.056, 48.272, 49.58, 51.805, 53.265, 54.602, 55.79, 56.235, 55.963], [52.6, 52.529, 52.943, 52.741, 51.924, 51.701, 51.848, 51.818, 51.684, 51.599, 48.964, 45.888, 44.348, 42.911, 42.374, 42.359, 42.215, 42.723, 43.313, 43.682, 44.298, 44.432, 45.515, 45.126, 41.995, 40.216, 39.524, 38.119, 37.129, 34.721, 32.804, 31.802, 31.248, 27.723, 23.251, 20.461, 15.635, 11.505, 10.425, 7.9, 3.842, 0.0, 5.601, 10.545, 14.046, 19.106, 20.052, 23.349, 24.979, 24.555, 24.588, 24.484, 24.915, 25.443, 27.007, 28.283, 28.579, 27.325, 28.442, 31.105, 32.566, 33.134, 33.971, 35.192, 38.156, 40.751, 41.462, 40.758, 41.26, 43.068, 44.997, 47.322, 48.612, 49.32, 49.19, 49.054, 49.063, 48.741, 47.881, 48.982, 51.093, 52.564, 53.883, 55.07, 55.498, 55.208], [50.954, 50.876, 51.159, 50.874, 50.106, 50.007, 50.197, 50.222, 50.253, 50.389, 47.755, 44.752, 43.426, 42.154, 41.914, 42.319, 42.396, 42.735, 43.368, 43.865, 44.332, 44.423, 45.506, 45.165, 42.202, 40.487, 39.886, 38.635, 37.653, 34.821, 32.15, 30.936, 30.401, 27.026, 23.007, 20.525, 16.191, 12.625, 11.764, 10.213, 8.094, 5.601, 0.0, 5.762, 11.045, 17.335, 18.475, 22.22, 24.14, 23.624, 23.579, 23.397, 23.537, 24.133, 26.034, 27.376, 27.786, 26.68, 28.049, 30.858, 32.326, 32.854, 33.62, 35.073, 38.272, 40.76, 41.438, 40.543, 40.657, 42.208, 43.818, 45.856, 46.983, 47.705, 47.632, 47.567, 47.811, 47.678, 46.768, 47.519, 49.202, 50.386, 51.57, 52.661, 53.031, 52.711], [49.578, 49.486, 49.666, 49.324, 48.611, 48.594, 48.799, 48.876, 48.996, 49.39, 46.809, 43.812, 42.709, 41.769, 41.929, 42.725, 43.03, 43.22, 43.856, 44.406, 44.712, 44.789, 45.846, 45.573, 42.843, 41.213, 40.631, 39.478, 38.533, 35.403, 32.074, 30.646, 30.141, 26.919, 23.31, 21.219, 17.659, 14.96, 14.443, 13.744, 12.459, 10.545, 5.762, 0.0, 8.168, 15.897, 17.317, 21.281, 23.441, 23.011, 22.911, 22.689, 22.633, 23.432, 25.614, 26.891, 27.328, 26.397, 28.03, 30.943, 32.425, 32.964, 33.672, 35.301, 38.669, 41.056, 41.729, 40.698, 40.401, 41.543, 42.694, 44.419, 45.406, 46.149, 46.155, 46.181, 46.688, 46.862, 45.968, 46.322, 47.522, 48.342, 49.306, 50.231, 50.523, 50.207], [50.233, 50.172, 50.359, 50.042, 49.317, 49.322, 49.757, 49.909, 49.919, 50.132, 48.104, 45.885, 44.815, 44.13, 44.479, 45.199, 45.489, 45.876, 46.51, 46.997, 47.374, 47.455, 48.394, 48.131, 45.453, 43.798, 43.211, 41.975, 40.731, 37.391, 33.785, 31.838, 31.208, 27.736, 23.993, 22.918, 20.521, 18.444, 18.413, 17.804, 15.863, 14.046, 11.045, 8.168, 0.0, 8.901, 11.424, 16.285, 19.281, 19.674, 19.899, 19.839, 20.272, 21.196, 22.973, 24.147, 24.658, 24.641, 27.369, 30.66, 32.335, 33.073, 34.042, 35.925, 39.727, 42.389, 43.06, 42.249, 41.71, 42.223, 43.009, 44.666, 45.624, 46.402, 46.407, 46.428, 46.939, 47.145, 46.112, 45.971, 47.042, 48.05, 49.058, 49.976, 50.253, 49.962], [51.54, 51.502, 51.673, 51.371, 50.695, 50.691, 51.376, 51.617, 51.577, 51.545, 49.87, 48.569, 47.508, 46.89, 47.249, 47.765, 47.998, 48.49, 49.133, 49.622, 50.122, 50.168, 51.017, 50.897, 48.48, 46.889, 46.374, 45.102, 43.572, 40.105, 36.402, 34.173, 33.442, 29.951, 26.603, 26.503, 24.908, 22.999, 23.115, 22.782, 20.631, 19.106, 17.335, 15.897, 8.901, 0.0, 5.339, 12.305, 16.284, 17.464, 17.888, 18.111, 19.096, 20.087, 21.224, 22.307, 23.03, 23.986, 27.701, 31.294, 33.115, 33.962, 35.129, 37.264, 41.374, 44.122, 44.745, 44.098, 43.256, 43.201, 43.782, 45.48, 46.385, 47.143, 47.152, 47.17, 47.606, 47.712, 46.517, 46.124, 47.221, 48.47, 49.584, 50.517, 50.804, 50.534], [51.361, 51.351, 51.559, 51.29, 50.593, 50.553, 51.226, 51.451, 51.356, 51.203, 49.412, 48.092, 47.107, 46.623, 47.055, 47.503, 47.658, 48.121, 48.753, 49.172, 49.684, 49.741, 50.595, 50.514, 48.075, 46.435, 45.961, 44.808, 43.317, 40.05, 36.793, 34.749, 33.993, 30.662, 27.632, 27.67, 26.055, 23.992, 23.972, 23.563, 21.494, 20.052, 18.475, 17.317, 11.424, 5.339, 0.0, 8.617, 13.6, 15.222, 15.714, 15.958, 17.208, 18.334, 19.317, 20.518, 21.571, 22.904, 26.888, 30.74, 32.753, 33.624, 34.77, 36.756, 40.698, 43.365, 43.924, 43.244, 42.361, 42.204, 42.678, 44.459, 45.387, 46.147, 46.177, 46.208, 46.601, 46.673, 45.491, 45.321, 46.874, 48.51, 49.713, 50.666, 50.965, 50.695], [51.937, 51.99, 52.274, 52.117, 51.41, 51.378, 52.1, 52.326, 52.175, 51.88, 50.191, 48.928, 47.809, 47.499, 48.14, 48.448, 48.498, 48.999, 49.62, 49.937, 50.399, 50.475, 51.376, 51.427, 49.031, 47.204, 46.627, 45.649, 44.302, 41.467, 38.833, 36.823, 36.046, 32.964, 30.228, 30.53, 29.108, 27.119, 27.133, 26.698, 24.594, 23.349, 22.22, 21.281, 16.285, 12.305, 8.617, 0.0, 7.407, 11.022, 11.922, 12.265, 13.964, 14.834, 15.248, 16.665, 18.137, 20.604, 25.637, 30.17, 32.702, 33.759, 34.947, 36.792, 40.721, 43.428, 43.902, 43.286, 42.539, 42.263, 42.433, 44.143, 44.988, 45.806, 45.836, 45.81, 46.114, 46.068, 44.659, 44.314, 46.41, 49.056, 50.665, 51.674, 51.975, 51.669], [52.381, 52.448, 52.752, 52.715, 52.108, 52.015, 52.622, 52.846, 52.821, 52.594, 50.975, 49.8, 48.551, 47.792, 48.333, 48.625, 48.584, 49.06, 49.688, 49.977, 50.293, 50.344, 51.278, 51.405, 49.071, 47.055, 46.219, 45.27, 43.994, 41.355, 39.034, 37.122, 36.337, 33.396, 30.599, 30.827, 29.617, 27.816, 27.841, 27.568, 25.88, 24.979, 24.14, 23.441, 19.281, 16.284, 13.6, 7.407, 0.0, 5.962, 7.942, 8.511, 10.689, 11.786, 13.343, 15.324, 16.406, 18.362, 23.741, 28.88, 31.841, 33.021, 34.24, 36.058, 39.997, 42.82, 43.283, 42.791, 42.69, 42.864, 42.914, 44.452, 45.368, 46.21, 46.144, 46.021, 46.242, 46.06, 44.546, 44.247, 46.505, 49.676, 51.834, 52.96, 53.268, 52.875], [51.702, 51.744, 52.023, 51.99, 51.415, 51.502, 52.166, 52.4, 52.46, 52.341, 50.678, 49.449, 48.346, 47.571, 48.055, 48.587, 48.591, 49.017, 49.819, 50.179, 50.542, 50.611, 51.628, 51.842, 49.552, 47.542, 46.55, 45.393, 44.119, 41.44, 38.968, 37.086, 36.343, 33.507, 30.733, 30.571, 29.045, 27.046, 26.965, 26.731, 25.242, 24.555, 23.624, 23.011, 19.674, 17.464, 15.222, 11.022, 5.962, 0.0, 3.003, 4.439, 7.669, 9.524, 11.938, 14.3, 15.006, 16.0, 21.382, 26.944, 30.117, 31.238, 32.423, 34.316, 38.228, 41.039, 41.496, 40.954, 40.972, 41.57, 41.926, 43.481, 44.391, 45.194, 45.126, 44.983, 45.195, 45.001, 43.544, 43.477, 45.742, 48.788, 51.111, 52.355, 52.672, 52.244], [51.467, 51.51, 51.775, 51.716, 51.133, 51.283, 51.993, 52.238, 52.296, 52.192, 50.465, 49.182, 48.125, 47.48, 48.03, 48.655, 48.728, 49.119, 49.981, 50.386, 50.788, 50.859, 51.919, 52.219, 50.007, 48.021, 47.004, 45.771, 44.475, 41.758, 39.212, 37.349, 36.599, 33.812, 31.152, 30.94, 29.305, 27.187, 27.072, 26.853, 25.299, 24.588, 23.579, 22.911, 19.899, 17.888, 15.714, 11.922, 7.942, 3.003, 0.0, 2.887, 6.669, 8.853, 11.241, 13.616, 14.324, 15.258, 20.836, 26.59, 29.834, 30.904, 32.045, 33.956, 37.806, 40.514, 40.96, 40.392, 40.256, 40.813, 41.256, 42.877, 43.77, 44.554, 44.531, 44.413, 44.614, 44.429, 43.005, 43.014, 45.282, 48.262, 50.565, 51.829, 52.164, 51.739], [51.232, 51.283, 51.544, 51.506, 50.93, 51.075, 51.755, 51.989, 52.063, 51.97, 50.199, 48.87, 47.81, 47.138, 47.705, 48.374, 48.42, 48.769, 49.683, 50.116, 50.504, 50.589, 51.633, 51.884, 49.671, 47.694, 46.643, 45.448, 44.194, 41.437, 38.842, 36.999, 36.311, 33.456, 30.706, 30.503, 28.993, 27.033, 26.94, 26.718, 25.212, 24.484, 23.397, 22.689, 19.839, 18.111, 15.958, 12.265, 8.511, 4.439, 2.887, 0.0, 4.607, 7.361, 10.368, 13.066, 13.819, 14.835, 20.555, 26.346, 29.651, 30.747, 31.866, 33.779, 37.64, 40.355, 40.768, 40.252, 40.177, 40.702, 40.999, 42.478, 43.351, 44.154, 44.146, 44.041, 44.255, 44.082, 42.686, 42.701, 44.95, 47.909, 50.198, 51.47, 51.822, 51.414], [51.245, 51.308, 51.603, 51.641, 51.131, 51.172, 51.623, 51.805, 52.005, 52.059, 50.171, 48.664, 47.537, 46.658, 47.072, 47.852, 48.08, 48.284, 49.226, 49.749, 49.997, 50.105, 51.131, 51.381, 49.319, 47.298, 46.132, 45.041, 43.966, 41.212, 38.548, 36.868, 36.263, 33.385, 30.46, 30.086, 28.736, 26.984, 26.918, 26.893, 25.633, 24.915, 23.537, 22.633, 20.272, 19.096, 17.208, 13.964, 10.689, 7.669, 6.669, 4.607, 0.0, 4.613, 9.807, 12.936, 13.735, 14.226, 19.785, 25.594, 28.986, 30.149, 31.225, 33.248, 37.227, 39.921, 40.333, 39.812, 39.883, 40.464, 40.554, 41.834, 42.736, 43.572, 43.57, 43.47, 43.738, 43.598, 42.307, 42.417, 44.506, 47.302, 49.552, 50.817, 51.18, 50.812], [52.433, 52.509, 52.805, 52.821, 52.306, 52.333, 52.752, 52.9, 53.065, 53.085, 51.157, 49.511, 48.207, 47.311, 47.684, 48.378, 48.617, 48.839, 49.682, 50.243, 50.54, 50.641, 51.739, 51.993, 49.807, 47.702, 46.666, 45.715, 44.766, 42.24, 39.652, 37.818, 37.181, 34.331, 31.4, 30.994, 29.621, 27.923, 27.863, 27.718, 26.286, 25.443, 24.133, 23.432, 21.196, 20.087, 18.334, 14.834, 11.786, 9.524, 8.853, 7.361, 4.613, 0.0, 6.845, 10.924, 12.409, 14.114, 20.42, 26.293, 29.705, 30.938, 31.987, 33.932, 37.931, 40.625, 41.053, 40.506, 40.585, 41.199, 41.321, 42.572, 43.424, 44.31, 44.324, 44.186, 44.388, 44.097, 42.557, 42.35, 44.373, 47.341, 49.726, 51.103, 51.493, 51.118], [53.22, 53.32, 53.607, 53.527, 52.906, 53.054, 53.787, 53.992, 53.951, 53.715, 51.887, 50.386, 48.982, 48.484, 49.068, 49.631, 49.778, 50.21, 51.065, 51.601, 52.226, 52.379, 53.512, 53.845, 51.569, 49.55, 48.806, 47.857, 46.798, 44.435, 42.019, 39.954, 39.173, 36.513, 34.067, 33.944, 32.362, 30.44, 30.448, 30.044, 28.076, 27.007, 26.034, 25.614, 22.973, 21.224, 19.317, 15.248, 13.343, 11.938, 11.241, 10.368, 9.807, 6.845, 0.0, 5.707, 9.227, 14.396, 22.082, 27.995, 31.303, 32.553, 33.659, 35.465, 39.322, 41.963, 42.428, 41.806, 41.326, 41.582, 42.045, 43.674, 44.421, 45.279, 45.35, 45.187, 45.251, 44.801, 42.864, 42.121, 44.248, 47.552, 49.996, 51.477, 51.874, 51.53], [52.665, 52.786, 53.14, 53.05, 52.401, 52.497, 53.292, 53.546, 53.457, 53.186, 51.393, 50.007, 48.597, 48.178, 48.734, 49.255, 49.475, 49.985, 50.84, 51.384, 52.149, 52.386, 53.516, 53.883, 51.712, 49.887, 49.291, 48.27, 47.094, 44.739, 42.373, 40.374, 39.524, 37.017, 35.147, 35.333, 33.763, 31.746, 31.779, 31.47, 29.431, 28.283, 27.376, 26.891, 24.147, 22.307, 20.518, 16.665, 15.324, 14.3, 13.616, 13.066, 12.936, 10.924, 5.707, 0.0, 5.501, 13.382, 21.806, 27.583, 30.697, 32.045, 33.235, 34.999, 38.933, 41.569, 42.17, 41.564, 40.703, 40.656, 41.298, 43.374, 44.255, 45.073, 45.083, 44.837, 44.838, 44.382, 42.399, 41.466, 43.404, 46.644, 49.035, 50.517, 50.88, 50.54], [52.782, 52.908, 53.367, 53.373, 52.739, 52.784, 53.528, 53.776, 53.72, 53.493, 51.732, 50.4, 49.011, 48.39, 48.727, 49.245, 49.517, 50.091, 50.994, 51.528, 52.276, 52.559, 53.724, 54.102, 51.95, 50.174, 49.533, 48.386, 47.181, 44.83, 42.392, 40.397, 39.598, 36.925, 35.06, 35.422, 33.96, 31.931, 31.863, 31.579, 29.587, 28.579, 27.786, 27.328, 24.658, 23.03, 21.571, 18.137, 16.406, 15.006, 14.324, 13.819, 13.735, 12.409, 9.227, 5.501, 0.0, 9.741, 19.202, 25.298, 28.544, 30.079, 31.347, 33.061, 37.203, 40.055, 40.704, 40.42, 39.834, 39.89, 40.576, 42.829, 44.006, 44.878, 44.81, 44.479, 44.43, 43.961, 42.022, 41.14, 42.899, 46.037, 48.546, 50.089, 50.445, 50.042], [52.703, 52.816, 53.474, 53.704, 53.153, 52.994, 53.325, 53.449, 53.568, 53.556, 51.643, 50.083, 48.785, 47.751, 47.651, 48.273, 48.717, 49.289, 50.316, 50.853, 51.449, 51.769, 52.933, 53.408, 51.521, 49.676, 48.62, 47.37, 46.379, 44.071, 41.715, 40.193, 39.525, 36.651, 34.123, 33.813, 32.093, 29.908, 29.671, 29.488, 27.889, 27.325, 26.68, 26.397, 24.641, 23.986, 22.904, 20.604, 18.362, 16.0, 15.258, 14.835, 14.226, 14.114, 14.396, 13.382, 9.741, 0.0, 10.65, 18.192, 22.306, 24.046, 25.366, 27.131, 31.68, 35.008, 35.7, 35.71, 36.189, 37.133, 38.036, 40.467, 42.133, 43.058, 42.883, 42.501, 42.447, 42.029, 40.578, 40.747, 42.767, 45.577, 48.17, 49.814, 50.266, 49.882], [52.95, 53.058, 53.975, 54.438, 53.934, 53.465, 53.276, 53.221, 53.454, 53.636, 51.587, 49.785, 48.664, 47.424, 46.85, 47.496, 48.191, 48.751, 49.784, 50.258, 50.789, 51.244, 52.352, 52.885, 51.504, 49.95, 48.459, 47.069, 46.435, 44.273, 42.168, 41.448, 41.06, 38.218, 35.293, 34.039, 31.94, 29.741, 29.451, 29.529, 28.525, 28.442, 28.049, 28.03, 27.369, 27.701, 26.888, 25.637, 23.741, 21.382, 20.836, 20.555, 19.785, 20.42, 22.082, 21.806, 19.202, 10.65, 0.0, 9.177, 14.896, 17.12, 18.605, 20.645, 26.015, 30.107, 30.881, 31.067, 32.727, 34.688, 35.9, 38.632, 40.805, 41.639, 41.244, 40.816, 40.789, 40.422, 39.83, 41.609, 44.181, 46.604, 49.014, 50.674, 51.237, 50.995], [52.935, 53.045, 54.156, 54.737, 54.26, 53.565, 53.089, 52.914, 53.144, 53.414, 51.389, 49.646, 48.676, 47.462, 46.568, 47.12, 48.027, 48.615, 4