[[0.0, 3.247, 5.448, 10.762, 15.474, 16.743, 16.698, 17.957, 21.594, 25.01, 26.513, 27.802, 30.794, 34.11, 37.745, 39.765, 40.401, 40.364, 40.643, 41.524, 42.409, 42.941, 43.186, 43.947, 43.849, 43.011, 45.332, 48.949, 50.325, 50.97, 53.288, 57.275, 59.406, 59.524, 60.256, 60.551, 60.335, 60.164, 57.151, 53.926, 52.1, 50.619, 50.25, 50.925, 51.801, 52.086, 52.636, 54.262, 55.474, 56.71, 57.604, 57.768, 57.975, 57.435, 57.278, 58.361, 58.932, 59.068, 58.517, 56.269, 54.814, 55.366, 55.86, 55.727, 55.294, 54.849, 54.986, 54.479, 54.299, 55.776, 56.664, 57.614, 60.13, 62.926, 65.038, 66.579, 67.785, 68.092, 68.032, 69.15, 69.492, 69.319, 70.062, 70.881, 71.393, 71.554], [3.247, 0.0, 3.69, 10.028, 15.0, 16.236, 16.185, 17.435, 21.031, 24.36, 25.711, 26.722, 29.748, 33.204, 36.917, 39.066, 39.773, 39.751, 40.048, 40.984, 41.934, 42.549, 42.879, 43.655, 43.544, 42.687, 44.984, 48.524, 49.885, 50.569, 52.892, 56.875, 58.962, 59.081, 60.022, 60.452, 60.259, 60.093, 56.942, 53.586, 51.739, 50.272, 49.95, 50.665, 51.501, 51.758, 52.287, 53.833, 55.009, 56.235, 57.097, 57.25, 57.448, 56.948, 56.903, 57.988, 58.547, 58.695, 58.159, 55.938, 54.482, 55.001, 55.499, 55.367, 54.928, 54.482, 54.63, 54.139, 53.946, 55.399, 56.267, 57.33, 59.989, 62.828, 64.923, 66.426, 67.567, 67.838, 67.805, 68.934, 69.285, 69.147, 69.89, 70.681, 71.188, 71.364], [5.448, 3.69, 0.0, 6.794, 12.275, 13.728, 13.642, 15.095, 19.098, 22.669, 24.239, 25.393, 28.402, 31.904, 35.608, 37.787, 38.592, 38.603, 38.857, 39.74, 40.76, 41.386, 41.674, 42.422, 42.298, 41.392, 43.564, 47.004, 48.324, 49.054, 51.413, 55.467, 57.629, 57.774, 58.772, 59.265, 59.13, 58.985, 55.832, 52.534, 50.731, 49.254, 48.933, 49.629, 50.393, 50.556, 50.989, 52.523, 53.741, 54.991, 55.842, 55.995, 56.208, 55.715, 55.647, 56.725, 57.278, 57.424, 56.903, 54.622, 53.098, 53.61, 54.109, 53.987, 53.557, 53.11, 53.269, 52.783, 52.588, 54.052, 54.937, 56.037, 58.756, 61.614, 63.717, 65.233, 66.374, 66.64, 66.614, 67.764, 68.115, 67.983, 68.758, 69.574, 70.086, 70.261], [10.762, 10.028, 6.794, 0.0, 6.291, 8.38, 8.267, 10.395, 15.575, 19.605, 21.61, 23.555, 26.812, 30.282, 33.997, 36.274, 37.262, 37.311, 37.443, 38.156, 39.26, 39.909, 40.136, 40.868, 40.787, 39.785, 41.568, 44.805, 46.072, 46.88, 49.252, 53.425, 55.757, 56.006, 57.097, 57.617, 57.487, 57.384, 54.334, 51.283, 49.692, 48.311, 48.012, 48.62, 49.197, 49.145, 49.368, 50.896, 52.225, 53.545, 54.416, 54.585, 54.832, 54.373, 54.189, 55.206, 55.755, 55.886, 55.371, 52.99, 51.378, 51.863, 52.337, 52.235, 51.84, 51.411, 51.6, 51.075, 50.774, 52.177, 53.034, 54.054, 56.731, 59.523, 61.554, 63.048, 64.179, 64.445, 64.428, 65.595, 65.931, 65.796, 66.617, 67.478, 68.004, 68.161], [15.474, 15.0, 12.275, 6.291, 0.0, 3.077, 3.631, 6.419, 12.606, 16.914, 19.232, 22.181, 26.109, 29.648, 33.311, 35.643, 36.745, 36.805, 36.854, 37.495, 38.669, 39.353, 39.695, 40.541, 40.551, 39.548, 40.876, 43.774, 44.973, 45.844, 48.195, 52.49, 55.038, 55.431, 56.581, 57.084, 56.866, 56.746, 53.809, 50.961, 49.646, 48.502, 48.254, 48.748, 49.183, 49.044, 49.15, 50.665, 52.119, 53.574, 54.528, 54.728, 55.004, 54.577, 54.178, 55.077, 55.612, 55.734, 55.173, 52.712, 51.045, 51.46, 51.856, 51.744, 51.391, 51.015, 51.221, 50.648, 50.25, 51.549, 52.344, 53.234, 55.875, 58.626, 60.515, 61.9, 62.957, 63.177, 63.135, 64.282, 64.584, 64.45, 65.307, 66.202, 66.74, 66.892], [16.743, 16.236, 13.728, 8.38, 3.077, 0.0, 1.994, 5.238, 11.555, 15.921, 18.234, 21.308, 25.48, 29.119, 32.77, 35.158, 36.306, 36.376, 36.445, 37.149, 38.356, 39.003, 39.369, 40.276, 40.32, 39.384, 40.683, 43.451, 44.628, 45.544, 47.884, 52.215, 54.847, 55.283, 56.435, 56.926, 56.672, 56.541, 53.627, 50.828, 49.627, 48.639, 48.452, 48.913, 49.322, 49.176, 49.255, 50.75, 52.247, 53.771, 54.769, 54.979, 55.246, 54.785, 54.28, 55.146, 55.674, 55.81, 55.23, 52.758, 51.019, 51.361, 51.737, 51.617, 51.268, 50.913, 51.127, 50.553, 50.117, 51.362, 52.157, 53.083, 55.797, 58.557, 60.356, 61.649, 62.627, 62.786, 62.717, 63.866, 64.174, 64.048, 64.913, 65.811, 66.354, 66.514], [16.698, 16.185, 13.642, 8.267, 3.631, 1.994, 0.0, 4.569, 11.184, 15.654, 18.055, 20.981, 25.084, 28.727, 32.319, 34.669, 35.831, 35.928, 36.039, 36.799, 38.036, 38.687, 39.025, 39.923, 39.973, 39.019, 40.314, 43.106, 44.311, 45.232, 47.557, 51.882, 54.541, 55.01, 56.177, 56.675, 56.426, 56.297, 53.362, 50.537, 49.308, 48.279, 48.072, 48.541, 48.964, 48.794, 48.816, 50.295, 51.813, 53.357, 54.359, 54.569, 54.834, 54.356, 53.849, 54.721, 55.254, 55.388, 54.819, 52.36, 50.624, 50.951, 51.317, 51.201, 50.855, 50.497, 50.71, 50.17, 49.793, 51.086, 51.942, 52.945, 55.707, 58.508, 60.352, 61.673, 62.671, 62.826, 62.741, 63.895, 64.228, 64.101, 64.959, 65.872, 66.433, 66.595], [17.957, 17.435, 15.095, 10.395, 6.419, 5.238, 4.569, 0.0, 7.052, 12.115, 15.197, 18.835, 23.351, 27.115, 30.612, 32.889, 34.027, 34.134, 34.326, 35.21, 36.458, 37.146, 37.67, 38.635, 38.742, 37.79, 38.8, 41.414, 42.641, 43.595, 45.828, 50.253, 53.115, 53.646, 54.798, 55.295, 55.014, 54.85, 51.812, 48.856, 47.65, 46.72, 46.553, 47.011, 47.424, 47.281, 47.3, 48.808, 50.454, 52.128, 53.235, 53.474, 53.748, 53.314, 52.743, 53.586, 54.125, 54.241, 53.633, 51.177, 49.562, 49.961, 50.305, 50.181, 49.863, 49.563, 49.742, 49.261, 49.132, 50.493, 51.417, 52.437, 55.254, 58.127, 59.988, 61.306, 62.326, 62.512, 62.408, 63.534, 63.896, 63.765, 64.584, 65.545, 66.141, 66.295], [21.594, 21.031, 19.098, 15.575, 12.606, 11.555, 11.184, 7.052, 0.0, 6.036, 10.63, 15.633, 20.878, 24.634, 27.842, 30.227, 31.483, 31.637, 31.966, 33.048, 34.168, 34.869, 35.941, 37.045, 37.149, 36.312, 37.064, 39.363, 40.626, 41.615, 43.628, 48.297, 51.539, 52.075, 53.109, 53.601, 53.273, 53.087, 49.815, 46.606, 45.527, 44.829, 44.795, 45.26, 45.615, 45.455, 45.404, 46.988, 48.882, 50.701, 51.926, 52.205, 52.486, 52.145, 51.589, 52.388, 52.9, 52.992, 52.314, 49.895, 48.364, 48.786, 49.097, 48.954, 48.652, 48.448, 48.607, 48.196, 48.439, 49.901, 50.863, 51.883, 54.763, 57.718, 59.558, 60.816, 61.849, 62.118, 62.046, 63.179, 63.62, 63.482, 64.219, 65.23, 65.856, 65.974], [25.01, 24.36, 22.669, 19.605, 16.914, 15.921, 15.654, 12.115, 6.036, 0.0, 5.983, 13.444, 20.091, 23.657, 26.748, 29.699, 31.243, 31.447, 31.848, 33.03, 33.938, 34.712, 36.491, 37.694, 37.743, 37.071, 37.869, 39.981, 41.307, 42.376, 44.125, 48.911, 52.267, 52.627, 53.544, 54.03, 53.671, 53.517, 50.025, 46.632, 45.794, 45.362, 45.494, 46.013, 46.233, 45.911, 45.643, 47.207, 49.21, 50.887, 52.047, 52.342, 52.635, 52.514, 52.34, 53.129, 53.587, 53.647, 52.911, 50.649, 49.068, 49.382, 49.714, 49.562, 49.237, 49.076, 49.273, 48.847, 49.287, 50.822, 51.684, 52.605, 55.442, 58.295, 59.935, 61.035, 62.041, 62.446, 62.531, 63.73, 64.238, 64.124, 64.828, 65.877, 66.508, 66.561], [26.513, 25.711, 24.239, 21.61, 19.232, 18.234, 18.055, 15.197, 10.63, 5.983, 0.0, 10.324, 19.424, 23.575, 26.986, 30.775, 32.699, 32.943, 33.391, 34.701, 35.555, 36.338, 38.553, 39.933, 39.921, 39.473, 40.772, 42.925, 44.231, 45.392, 47.114, 51.866, 55.029, 55.119, 55.935, 56.396, 56.017, 55.934, 52.363, 48.899, 48.16, 47.878, 48.2, 48.839, 49.012, 48.588, 48.204, 49.677, 51.587, 52.971, 53.928, 54.204, 54.483, 54.524, 54.921, 55.789, 56.224, 56.259, 55.479, 53.327, 51.46, 51.489, 51.869, 51.725, 51.341, 51.127, 51.403, 50.917, 51.361, 52.955, 53.611, 54.441, 57.193, 59.865, 61.276, 62.204, 63.13, 63.649, 63.985, 65.297, 65.83, 65.767, 66.492, 67.515, 68.104, 68.109], [27.802, 26.722, 25.393, 23.555, 22.181, 21.308, 20.981, 18.835, 15.633, 13.444, 10.324, 0.0, 12.206, 18.464, 21.782, 26.275, 28.915, 29.276, 29.795, 31.544, 32.794, 33.538, 36.35, 38.319, 38.267, 38.426, 40.634, 42.987, 44.343, 45.653, 47.544, 52.654, 56.244, 56.466, 57.24, 57.709, 57.335, 57.41, 53.771, 49.78, 48.688, 48.306, 48.643, 49.442, 49.826, 49.666, 49.429, 50.884, 52.994, 54.616, 55.56, 55.78, 56.012, 55.721, 55.949, 56.836, 57.247, 57.233, 56.435, 54.063, 51.71, 51.268, 51.495, 51.234, 50.737, 50.431, 50.76, 50.294, 50.743, 52.482, 53.147, 54.347, 57.397, 60.328, 61.971, 62.956, 63.864, 64.369, 64.812, 66.208, 66.759, 66.736, 67.513, 68.486, 69.009, 69.036], [30.794, 29.748, 28.402, 26.812, 26.109, 25.48, 25.084, 23.351, 20.878, 20.091, 19.424, 12.206, 0.0, 8.225, 12.496, 17.057, 20.236, 20.885, 21.418, 23.387, 25.257, 26.031, 28.818, 31.091, 31.165, 32.02, 34.817, 37.508, 39.158, 40.657, 42.597, 48.152, 52.536, 53.213, 54.109, 54.637, 54.239, 54.422, 50.893, 46.506, 45.054, 44.64, 44.937, 45.768, 46.31, 46.396, 46.489, 48.111, 50.531, 52.795, 54.047, 54.257, 54.451, 53.669, 52.879, 53.58, 53.964, 53.879, 53.145, 50.606, 48.343, 47.886, 47.985, 47.616, 47.136, 46.89, 47.123, 46.691, 47.053, 48.674, 49.571, 51.33, 54.802, 58.128, 60.14, 61.3, 62.247, 62.614, 62.853, 64.175, 64.72, 64.681, 65.448, 66.375, 66.902, 67.047], [34.11, 33.204, 31.904, 30.282, 29.648, 29.119, 28.727, 27.115, 24.634, 23.657, 23.575, 18.464, 8.225, 0.0, 7.287, 13.102, 16.984, 18.007, 18.543, 20.21, 21.781, 22.529, 25.709, 27.968, 28.214, 29.539, 32.289, 35.028, 36.913, 38.527, 40.14, 45.938, 50.896, 51.78, 52.664, 53.184, 52.706, 52.91, 49.382, 44.865, 43.465, 43.174, 43.481, 44.328, 44.887, 44.869, 44.875, 46.725, 49.451, 51.96, 53.347, 53.563, 53.775, 52.923, 51.74, 52.317, 52.662, 52.549, 51.818, 49.357, 47.408, 47.127, 47.214, 46.819, 46.416, 46.264, 46.426, 46.004, 46.296, 47.814, 48.886, 50.82, 54.399, 57.817, 59.895, 61.094, 62.069, 62.36, 62.432, 63.671, 64.218, 64.15, 64.864, 65.8, 66.381, 66.558], [37.745, 36.917, 35.608, 33.997, 33.311, 32.77, 32.319, 30.612, 27.842, 26.748, 26.986, 21.782, 12.496, 7.287, 0.0, 8.495, 14.132, 15.583, 16.194, 18.412, 20.19, 20.645, 24.627, 27.258, 27.528, 29.407, 32.227, 34.545, 36.433, 38.099, 39.367, 45.466, 51.243, 52.466, 53.11, 53.578, 53.073, 53.287, 49.789, 45.021, 43.592, 43.376, 43.554, 44.356, 45.049, 45.24, 45.108, 46.978, 50.239, 53.203, 54.758, 54.97, 55.173, 54.007, 52.14, 52.563, 52.84, 52.684, 51.925, 49.247, 46.948, 46.407, 46.259, 45.74, 45.348, 45.244, 45.362, 45.042, 45.494, 47.07, 48.354, 50.513, 54.322, 58.013, 60.283, 61.552, 62.552, 62.748, 62.655, 63.808, 64.348, 64.221, 64.94, 66.012, 66.64, 66.819], [39.765, 39.066, 37.787, 36.274, 35.643, 35.158, 34.669, 32.889, 30.227, 29.699, 30.775, 26.275, 17.057, 13.102, 8.495, 0.0, 6.595, 8.796, 10.21, 14.19, 17.415, 17.904, 20.797, 23.36, 23.903, 25.914, 28.64, 30.919, 32.861, 34.567, 35.755, 41.793, 48.111, 49.951, 50.692, 51.188, 50.673, 50.84, 47.572, 42.749, 41.197, 41.088, 41.12, 41.737, 42.603, 43.448, 43.886, 45.729, 49.16, 52.907, 54.941, 55.205, 55.351, 53.753, 50.551, 50.617, 50.875, 50.629, 49.944, 47.087, 44.844, 44.346, 43.968, 43.41, 43.148, 43.187, 43.162, 42.974, 43.559, 44.919, 46.455, 48.882, 52.903, 56.834, 59.306, 60.657, 61.637, 61.622, 61.174, 62.088, 62.561, 62.354, 63.009, 64.146, 64.834, 65.118], [40.401, 39.773, 38.592, 37.262, 36.745, 36.306, 35.831, 34.027, 31.483, 31.243, 32.699, 28.915, 20.236, 16.984, 14.132, 6.595, 0.0, 3.298, 6.763, 12.48, 16.457, 17.086, 18.708, 20.936, 21.697, 23.551, 26.301, 28.846, 30.84, 32.5, 33.665, 39.39, 45.69, 47.787, 48.625, 49.172, 48.668, 48.799, 45.662, 40.834, 39.274, 39.374, 39.402, 39.868, 40.792, 42.062, 42.98, 44.75, 48.033, 52.138, 54.494, 54.818, 54.924, 53.145, 49.288, 49.173, 49.438, 49.124, 48.501, 45.718, 43.814, 43.591, 43.205, 42.666, 42.482, 42.608, 42.468, 42.334, 43.062, 44.272, 45.926, 48.403, 52.447, 56.399, 58.848, 60.18, 61.145, 61.052, 60.414, 61.181, 61.611, 61.356, 61.938, 63.067, 63.777, 64.133], [40.364, 39.751, 38.603, 37.311, 36.805, 36.376, 35.928, 34.134, 31.637, 31.447, 32.943, 29.276, 20.885, 18.007, 15.583, 8.796, 3.298, 0.0, 4.64, 11.207, 15.56, 16.331, 17.928, 20.224, 21.066, 22.911, 25.781, 28.504, 30.525, 32.23, 33.422, 39.062, 45.25, 47.318, 48.167, 48.735, 48.245, 48.377, 45.241, 40.391, 38.875, 39.11, 39.19, 39.603, 40.487, 41.815, 42.812, 44.515, 47.71, 51.854, 54.279, 54.628, 54.73, 52.922, 48.97, 48.855, 49.126, 48.787, 48.144, 45.393, 43.608, 43.477, 43.112, 42.549, 42.343, 42.456, 42.281, 42.153, 42.929, 44.116, 45.746, 48.164, 52.19, 56.131, 58.526, 59.827, 60.792, 60.704, 60.051, 60.802, 61.219, 60.959, 61.547, 62.673, 63.376, 63.738], [40.643, 40.048, 38.857, 37.443, 36.854, 36.445, 36.039, 34.326, 31.966, 31.848, 33.391, 29.795, 21.418, 18.543, 16.194, 10.21, 6.763, 4.64, 0.0, 7.319, 12.488, 13.657, 16.001, 18.765, 19.668, 21.688, 24.641, 27.536, 29.704, 31.523, 32.732, 38.547, 44.812, 46.882, 47.79, 48.39, 47.898, 48.002, 44.856, 39.983, 38.47, 38.794, 38.935, 39.344, 40.149, 41.463, 42.485, 44.202, 47.428, 51.605, 54.053, 54.412, 54.534, 52.722, 48.667, 48.547, 48.798, 48.42, 47.734, 44.911, 43.127, 42.996, 42.601, 41.956, 41.693, 41.794, 41.605, 41.499, 42.245, 43.358, 44.906, 47.262, 51.323, 55.307, 57.7, 58.996, 59.953, 59.84, 59.172, 59.934, 60.356, 60.105, 60.731, 61.868, 62.562, 62.921], [41.524, 40.984, 39.74, 38.156, 37.495, 37.149, 36.799, 35.21, 33.048, 33.03, 34.701, 31.544, 23.387, 20.21, 18.412, 14.19, 12.48, 11.207, 7.319, 0.0, 6.369, 8.99, 13.509, 16.929, 17.86, 20.037, 22.617, 25.66, 28.046, 29.945, 30.97, 37.058, 43.414, 45.354, 46.318, 46.97, 46.485, 46.571, 43.335, 38.407, 36.93, 37.427, 37.681, 38.108, 38.757, 40.024, 41.128, 42.957, 46.234, 50.385, 52.87, 53.253, 53.421, 51.741, 47.648, 47.504, 47.708, 47.279, 46.576, 43.795, 42.33, 42.461, 42.101, 41.335, 40.991, 41.113, 40.922, 40.836, 41.504, 42.491, 43.979, 46.219, 50.27, 54.257, 56.614, 57.911, 58.908, 58.859, 58.235, 59.057, 59.526, 59.284, 59.901, 60.999, 61.672, 62.025], [42.409, 41.934, 40.76, 39.26, 38.669, 38.356, 38.036, 36.458, 34.168, 33.938, 35.555, 32.794, 25.257, 21.781, 20.19, 17.415, 16.457, 15.56, 12.488, 6.369, 0.0, 5.256, 13.233, 16.975, 17.644, 20.109, 22.764, 25.839, 28.328, 30.098, 30.769, 37.131, 43.574, 45.11, 45.785, 46.381, 45.88, 45.982, 42.551, 37.421, 35.982, 36.639, 37.024, 37.53, 38.065, 39.192, 40.264, 42.31, 45.697, 49.663, 52.118, 52.517, 52.724, 51.206, 47.408, 47.356, 47.517, 47.068, 46.336, 43.693, 42.431, 42.829, 42.579, 41.764, 41.369, 41.489, 41.322, 41.219, 41.926, 42.981, 44.504, 46.605, 50.587, 54.575, 56.878, 58.156, 59.229, 59.329, 58.829, 59.749, 60.276, 60.013, 60.57, 61.644, 62.306, 62.627], [42.941, 42.549, 41.386, 39.909, 39.353, 39.003, 38.687, 37.146, 34.869, 34.712, 36.338, 33.538, 26.031, 22.529, 20.645, 17.904, 17.086, 16.331, 13.657, 8.99, 5.256, 0.0, 10.289, 14.866, 15.396, 18.752, 22.603, 25.873, 28.361, 30.012, 30.738, 37.278, 44.015, 45.494, 45.736, 46.178, 45.661, 45.792, 42.638, 37.639, 35.991, 36.535, 36.922, 37.456, 38.183, 39.51, 40.694, 42.908, 46.409, 50.375, 52.849, 53.258, 53.459, 51.81, 47.856, 47.893, 48.094, 47.623, 46.892, 44.103, 42.399, 42.625, 42.385, 41.614, 41.274, 41.392, 41.202, 41.062, 41.739, 42.778, 44.316, 46.371, 50.312, 54.38, 56.796, 58.149, 59.299, 59.462, 58.963, 59.855, 60.328, 60.013, 60.59, 61.711, 62.379, 62.716], [43.186, 42.879, 41.674, 40.136, 39.695, 39.369, 39.025, 37.67, 35.941, 36.491, 38.553, 36.35, 28.818, 25.709, 24.627, 20.797, 18.708, 17.928, 16.001, 13.509, 13.233, 10.289, 0.0, 5.99, 7.382, 11.569, 17.844, 22.435, 24.918, 26.346, 27.56, 33.309, 39.909, 41.866, 42.205, 42.662, 42.161, 42.234, 39.959, 35.89, 34.036, 34.37, 34.705, 35.076, 36.101, 37.938, 39.701, 41.9, 45.117, 49.403, 52.111, 52.553, 52.71, 50.774, 46.083, 46.019, 46.351, 45.842, 45.269, 42.328, 40.26, 40.405, 40.273, 39.801, 39.749, 40.022, 39.766, 39.568, 40.122, 40.849, 42.367, 44.381, 48.109, 52.037, 54.542, 56.014, 57.157, 57.169, 56.386, 57.022, 57.349, 56.982, 57.56, 58.681, 59.406, 59.898], [43.947, 43.655, 42.422, 40.868, 40.541, 40.276, 39.923, 38.635, 37.045, 37.694, 39.933, 38.319, 31.091, 27.968, 27.258, 23.36, 20.936, 20.224, 18.765, 16.929, 16.975, 14.866, 5.99, 0.0, 3.77, 7.813, 14.994, 20.366, 22.994, 24.368, 25.615, 30.743, 37.039, 39.066, 39.554, 40.116, 39.667, 39.732, 37.735, 34.156, 32.477, 32.847, 33.165, 33.418, 34.4, 36.191, 38.065, 40.242, 43.309, 47.693, 50.501, 50.951, 51.113, 49.114, 44.28, 44.218, 44.574, 44.096, 43.629, 40.798, 38.84, 39.158, 39.19, 38.882, 38.937, 39.292, 39.041, 38.798, 39.329, 40.034, 41.644, 43.628, 47.206, 50.976, 53.428, 54.917, 56.051, 56.022, 55.14, 55.722, 56.054, 55.675, 56.212, 57.341, 58.112, 58.659], [43.849, 43.544, 42.298, 40.787, 40.551, 40.32, 39.973, 38.742, 37.149, 37.743, 39.921, 38.267, 31.165, 28.214, 27.528, 23.903, 21.697, 21.066, 19.668, 17.86, 17.644, 15.396, 7.382, 3.77, 0.0, 6.571, 15.258, 20.709, 23.302, 24.464, 25.74, 30.918, 37.103, 38.938, 39.263, 39.807, 39.412, 39.518, 37.531, 33.895, 32.128, 32.433, 32.775, 33.046, 33.978, 35.773, 37.732, 39.931, 42.973, 47.234, 49.957, 50.38, 50.541, 48.499, 43.795, 43.824, 44.16, 43.71, 43.34, 40.494, 38.321, 38.647, 38.743, 38.448, 38.475, 38.777, 38.519, 38.254, 38.871, 39.681, 41.314, 43.319, 46.915, 50.747, 53.251, 54.767, 55.935, 55.974, 55.173, 55.835, 56.209, 55.817, 56.349, 57.481, 58.228, 58.77], [43.011, 42.687, 41.392, 39.785, 39.548, 39.384, 39.019, 37.79, 36.312, 37.071, 39.473, 38.426, 32.02, 29.539, 29.407, 25.914, 23.551, 22.911, 21.688, 20.037, 20.109, 18.752, 11.569, 7.813, 6.571, 0.0, 11.18, 18.109, 20.847, 21.778, 23.384, 28.025, 33.72, 35.768, 36.565, 37.294, 37.017, 37.085, 35.133, 32.004, 30.547, 30.817, 31.109, 31.217, 31.953, 33.779, 35.988, 38.123, 40.904, 45.203, 48.006, 48.46, 48.616, 46.718, 42.14, 42.141, 42.5, 42.036, 41.757, 39.17, 37.503, 38.074, 38.249, 38.115, 38.214, 38.539, 38.306, 38.044, 38.74, 39.55, 41.104, 42.915, 46.246, 49.825, 52.2, 53.688, 54.815, 54.829, 54.01, 54.631, 55.014, 54.644, 55.113, 56.209, 56.983, 57.503], [45.332, 44.984, 43.564, 41.568, 40.876, 40.683, 40.314, 38.8, 37.064, 37.869, 40.772, 40.634, 34.817, 32.289, 32.227, 28.64, 26.301, 25.781, 24.641, 22.617, 22.764, 22.603, 17.844, 14.994, 15.258, 11.18, 0.0, 8.833, 12.751, 14.233, 15.993, 21.089, 27.462, 30.22, 32.011, 33.035, 32.714, 32.676, 30.588, 28.041, 27.314, 27.792, 27.859, 27.638, 28.093, 30.071, 32.655, 34.874, 37.732, 42.502, 45.599, 46.13, 46.307, 44.864, 40.0, 39.717, 40.069, 39.622, 39.38, 37.087, 37.202, 38.453, 38.476, 38.37, 38.615, 39.103, 38.797, 38.6, 39.204, 39.732, 41.351, 42.888, 45.988, 49.354, 51.543, 52.982, 54.061, 53.999, 53.053, 53.555, 53.968, 53.65, 54.015, 55.085, 55.933, 56.415], [48.949, 48.524, 47.004, 44.805, 43.774, 43.451, 43.106, 41.414, 39.363, 39.981, 42.925, 42.987, 37.508, 35.028, 34.545, 30.919, 28.846, 28.504, 27.536, 25.66, 25.839, 25.873, 22.435, 20.366, 20.709, 18.109, 8.833, 0.0, 5.788, 8.904, 10.566, 17.029, 24.508, 27.343, 29.233, 30.361, 29.983, 29.953, 27.887, 25.687, 25.49, 26.485, 26.677, 26.285, 26.492, 28.527, 31.276, 33.468, 36.542, 41.685, 44.924, 45.467, 45.62, 44.328, 39.2, 38.722, 38.989, 38.637, 38.418, 36.098, 36.868, 38.466, 38.463, 38.383, 38.744, 39.297, 38.886, 38.748, 39.214, 39.398, 41.074, 42.561, 45.733, 49.123, 51.21, 52.539, 53.489, 53.318, 52.324, 52.82, 53.278, 52.975, 53.246, 54.258, 55.121, 55.62], [50.325, 49.885, 48.324, 46.072, 44.973, 44.628, 44.311, 42.641, 40.626, 41.307, 44.231, 44.343, 39.158, 36.913, 36.433, 32.861, 30.84, 30.525, 29.704, 28.046, 28.328, 28.361, 24.918, 22.994, 23.302, 20.847, 12.751, 5.788, 0.0, 5.107, 7.93, 14.351, 21.81, 24.537, 26.551, 27.778, 27.419, 27.399, 25.623, 24.234, 24.472, 25.808, 26.268, 25.854, 26.07, 28.313, 31.357, 33.573, 36.525, 41.715, 44.986, 45.523, 45.677, 44.479, 39.475, 39.01, 39.288, 39.051, 38.866, 36.569, 37.401, 39.176, 39.419, 39.508, 39.925, 40.437, 40.021, 39.92, 40.234, 40.202, 41.792, 43.12, 46.109, 49.287, 51.214, 52.447, 53.285, 53.009, 51.961, 52.391, 52.794, 52.448, 52.604, 53.492, 54.319, 54.822], [50.97, 50.569, 49.054, 46.88, 45.844, 45.544, 45.232, 43.595, 41.615, 42.376, 45.392, 45.653, 40.657, 38.527, 38.099, 34.567, 32.5, 32.23, 31.523, 29.945, 30.098, 30.012, 26.346, 24.368, 24.464, 21.778, 14.233, 8.904, 5.107, 0.0, 5.278, 12.314, 20.148, 23.125, 25.124, 26.336, 26.005, 25.97, 24.489, 23.548, 23.794, 25.005, 25.422, 24.908, 25.279, 27.885, 31.332, 33.765, 36.691, 41.879, 45.231, 45.779, 45.934, 44.728, 39.608, 39.113, 39.405, 39.187, 39.045, 36.795, 37.719, 39.676, 40.046, 40.275, 40.744, 41.265, 40.87, 40.807, 41.105, 41.026, 42.665, 43.887, 46.707, 49.864, 51.863, 53.158, 54.039, 53.732, 52.609, 52.995, 53.37, 52.94, 53.012, 53.872, 54.69, 55.2], [53.288, 52.892, 51.413, 49.252, 48.195, 47.884, 47.557, 45.828, 43.628, 44.125, 47.114, 47.544, 42.597, 40.14, 39.367, 35.755, 33.665, 33.422, 32.732, 30.97, 30.769, 30.738, 27.56, 25.615, 25.74, 23.384, 15.993, 10.566, 7.93, 5.278, 0.0, 9.87, 19.332, 22.759, 24.663, 25.865, 25.498, 25.495, 23.957, 22.87, 23.454, 25.118, 25.586, 24.926, 25.111, 27.65, 30.958, 33.364, 36.554, 41.923, 45.42, 45.997, 46.155, 44.968, 39.548, 38.849, 39.045, 38.797, 38.658, 36.625, 37.905, 40.06, 40.424, 40.63, 41.151, 41.791, 41.343, 41.297, 41.689, 41.55, 43.336, 44.599, 47.489, 50.679, 52.598, 53.846, 54.751, 54.442, 53.234, 53.584, 54.013, 53.548, 53.547, 54.473, 55.338, 55.861], [57.275, 56.875, 55.467, 53.425, 52.49, 52.215, 51.882, 50.253, 48.297, 48.911, 51.866, 52.654, 48.152, 45.938, 45.466, 41.793, 39.39, 39.062, 38.547, 37.058, 37.131, 37.278, 33.309, 30.743, 30.918, 28.025, 21.089, 17.029, 14.351, 12.314, 9.87, 0.0, 11.085, 16.8, 20.314, 21.995, 21.785, 21.822, 21.946, 23.365, 25.074, 27.329, 28.058, 27.153, 27.259, 30.011, 33.607, 35.536, 37.992, 43.304, 46.929, 47.569, 47.676, 46.623, 41.18, 40.226, 40.395, 40.172, 40.21, 38.729, 40.627, 43.043, 43.665, 44.069, 44.663, 45.386, 44.929, 44.791, 45.121, 44.734, 46.303, 47.175, 49.452, 51.921, 53.26, 54.246, 54.963, 54.507, 53.07, 53.104, 53.477, 53.031, 52.822, 53.595, 54.483, 55.076], [59.406, 58.962, 57.629, 55.757, 55.038, 54.847, 54.541, 53.115, 51.539, 52.267, 55.029, 56.244, 52.536, 50.896, 51.243, 48.111, 45.69, 45.25, 44.812, 43.414, 43.574, 44.015, 39.909, 37.039, 37.103, 33.72, 27.462, 24.508, 21.81, 20.148, 19.332, 11.085, 0.0, 8.834, 15.838, 18.506, 18.836, 19.042, 20.563, 24.672, 27.319, 29.83, 30.963, 30.095, 29.933, 32.401, 36.139, 37.575, 38.799, 43.387, 46.834, 47.509, 47.606, 47.021, 42.705, 41.922, 42.119, 42.071, 42.251, 41.482, 43.952, 46.696, 47.813, 48.465, 48.97, 49.561, 49.225, 49.022, 49.203, 48.777, 49.978, 50.31, 51.917, 53.571, 54.265, 54.964, 55.516, 55.14, 53.862, 53.863, 54.249, 53.893, 53.486, 53.942, 54.753, 55.325], [59.524, 59.081, 57.774, 56.006, 55.431, 55.283, 55.01, 53.646, 52.075, 52.627, 55.119, 56.466, 53.213, 51.78, 52.466, 49.951, 47.787, 47.318, 46.882, 45.354, 45.11, 45.494, 41.866, 39.066, 38.938, 35.768, 30.22, 27.343, 24.537, 23.125, 22.759, 16.8, 8.834, 0.0, 9.604, 13.44, 14.415, 15.102, 16.772, 22.131, 25.334, 28.221, 29.812, 29.08, 28.669, 30.807, 34.655, 36.125, 36.878, 40.816, 44.066, 44.752, 44.861, 44.61, 41.48, 41.136, 41.354, 41.434, 41.568, 41.224, 43.98, 47.074, 48.594, 49.369, 49.793, 50.237, 49.961, 49.743, 50.021, 49.822, 50.966, 51.048, 52.479, 54.014, 54.564, 55.23, 55.903, 55.906, 55.091, 55.43, 55.905, 55.538, 55.057, 55.386, 56.098, 56.585], [60.256, 60.022, 58.772, 57.097, 56.581, 56.435, 56.177, 54.798, 53.109, 53.544, 55.935, 57.24, 54.109, 52.664, 53.11, 50.692, 48.625, 48.167, 47.79, 46.318, 45.785, 45.736, 42.205, 39.554, 39.263, 36.565, 32.011, 29.233, 26.551, 25.124, 24.663, 20.314, 15.838, 9.604, 0.0, 5.131, 7.766, 9.548, 13.123, 19.685, 23.124, 26.482, 28.364, 27.567, 27.267, 29.696, 33.896, 35.804, 36.823, 40.627, 43.897, 44.598, 44.649, 44.158, 40.983, 40.822, 41.071, 41.105, 41.147, 40.844, 43.492, 46.741, 48.403, 49.217, 49.646, 50.062, 49.75, 49.508, 50.04, 50.022, 51.286, 51.281, 52.598, 54.25, 54.883, 55.62, 56.458, 56.713, 56.115, 56.637, 57.107, 56.585, 56.067, 56.482, 57.164, 57.614], [60.551, 60.452, 59.265, 57.617, 57.084, 56.926, 56.675, 55.295, 53.601, 54.03, 56.396, 57.709, 54.637, 53.184, 53.578, 51.188, 49.172, 48.735, 48.39, 46.97, 46.381, 46.178, 42.662, 40.116, 39.807, 37.294, 33.035, 30.361, 27.778, 26.336, 25.865, 21.995, 18.506, 13.44, 5.131, 0.0, 4.386, 7.255, 12.261, 19.398, 22.968, 26.49, 28.47, 27.676, 27.508, 30.161, 34.583, 36.762, 37.944, 41.697, 44.965, 45.67, 45.709, 45.15, 41.884, 41.758, 42.054, 42.057, 42.058, 41.692, 44.262, 47.485, 49.132, 49.948, 50.393, 50.81, 50.499, 50.221, 50.759, 50.769, 52.033, 51.929, 53.116, 54.721, 55.31, 56.024, 56.858, 57.128, 56.546, 57.046, 57.455, 56.857, 56.318, 56.759, 57.427, 57.863], [60.335, 60.259, 59.13, 57.487, 56.866, 56.672, 56.426, 55.014, 53.273, 53.671, 56.017, 57.335, 54.239, 52.706, 53.073, 50.673, 48.668, 48.245, 47.898, 46.485, 45.88, 45.661, 42.161, 39.667, 39.412, 37.017, 32.714, 29.983, 27.419, 26.005, 25.498, 21.785, 18.836, 14.415, 7.766, 4.386, 0.0, 4.46, 10.933, 18.446, 22.206, 25.894, 27.95, 27.18, 27.106, 29.92, 34.509, 36.878, 38.247, 42.089, 45.399, 46.117, 46.17, 45.603, 42.186, 42.067, 42.431, 42.409, 42.384, 41.928, 44.479, 47.647, 49.215, 49.998, 50.477, 50.944, 50.636, 50.316, 50.787, 50.758, 52.021, 51.857, 53.02, 54.645, 55.225, 55.929, 56.747, 56.981, 56.325, 56.732, 57.069, 56.43, 55.877, 56.327, 57.002, 57.443], [60.164, 60.093, 58.985, 57.384, 56.746, 56.541, 56.297, 54.85, 53.087, 53.517, 55.934, 57.41, 54.422, 52.91, 53.287, 50.84, 48.799, 48.377, 48.002, 46.571, 45.982, 45.792, 42.234, 39.732, 39.518, 37.085, 32.676, 29.953, 27.399, 25.97, 25.495, 21.822, 19.042, 15.102, 9.548, 7.255, 4.46, 0.0, 9.13, 17.544, 21.41, 25.211, 27.322, 26.468, 26.44, 29.527, 34.341, 36.81, 38.186, 42.075, 45.44, 46.171, 46.244, 45.693, 42.147, 42.09, 42.536, 42.523, 42.542, 42.037, 44.608, 47.844, 49.362, 50.129, 50.662, 51.164, 50.837, 50.553, 51.012, 50.91, 52.179, 52.018, 53.232, 54.886, 55.491, 56.21, 57.006, 57.168, 56.4, 56.701, 56.975, 56.308, 55.745, 56.211, 56.913, 57.359], [57.151, 56.942, 55.832, 54.334, 53.809, 53.627, 53.362, 51.812, 49.815, 50.025, 52.363, 53.771, 50.893, 49.382, 49.789, 47.572, 45.662, 45.241, 44.856, 43.335, 42.551, 42.638, 39.959, 37.735, 37.531, 35.133, 30.588, 27.887, 25.623, 24.489, 23.957, 21.946, 20.563, 16.772, 13.123, 12.261, 10.933, 9.13, 0.0, 10.003, 15.463, 20.178, 22.823, 22.255, 22.073, 25.341, 30.398, 33.073, 34.687, 38.583, 41.962, 42.701, 42.825, 42.559, 39.651, 39.871, 40.364, 40.382, 40.331, 39.869, 42.538, 45.862, 47.392, 48.079, 48.542, 48.966, 48.646, 48.492, 49.195, 49.382, 50.81, 51.065, 52.96, 55.038, 55.815, 56.575, 57.405, 57.624, 57.03, 57.526, 57.882, 57.266, 56.763, 57.267, 57.97, 58.341], [53.926, 53.586, 52.534, 51.283, 50.961, 50.828, 50.537, 48.856, 46.606, 46.632, 48.899, 49.78, 46.506, 44.865, 45.021, 42.749, 40.834, 40.391, 39.983, 38.407, 37.421, 37.639, 35.89, 34.156, 33.895, 32.004, 28.041, 25.687, 24.234, 23.548, 22.87, 23.365, 24.672, 22.131, 19.685, 19.398, 18.446, 17.544, 10.003, 0.0, 7.558, 13.794, 16.906, 16.752, 16.786, 20.813, 26.308, 29.233, 31.45, 35.682, 39.2, 39.93, 40.05, 39.586, 36.629, 37.029, 37.518, 37.426, 37.233, 36.59, 39.243, 42.615, 44.031, 44.533, 44.917, 45.325, 44.924, 44.86, 45.974, 46.588, 48.386, 49.227, 51.97, 54.928, 56.31, 57.305, 58.279, 58.578, 58.089, 58.761, 59.195, 58.608, 58.258, 58.899, 59.613, 59.998], [52.1, 51.739, 50.731, 49.692, 49.646, 49.627, 49.308, 47.65, 45.527, 45.794, 48.16, 48.688, 45.054, 43.465, 43.592, 41.197, 39.274, 38.875, 38.47, 36.93, 35.982, 35.991, 34.036, 32.477, 32.128, 30.547, 27.314, 25.49, 24.472, 23.794, 23.454, 25.074, 27.319, 25.334, 23.124, 22.968, 22.206, 21.41, 15.463, 7.558, 0.0, 7.316, 11.117, 11.515, 12.333, 17.738, 24.128, 27.344, 29.7, 34.05, 37.57, 38.229, 38.322, 37.555, 34.32, 34.92, 35.538, 35.389, 35.159, 34.218, 36.879, 40.431, 41.821, 42.285, 42.678, 43.069, 42.572, 42.57, 43.898, 44.734, 46.763, 47.858, 50.883, 54.377, 56.451, 57.836, 58.981, 59.335, 58.857, 59.566, 59.992, 59.39, 59.115, 59.806, 60.529, 60.966], [50.619, 50.272, 49.254, 48.311, 48.502, 48.639, 48.279, 46.72, 44.829, 45.362, 47.878, 48.306, 44.64, 43.174, 43.376, 41.088, 39.374, 39.11, 38.794, 37.427, 36.639, 36.535, 34.37, 32.847, 32.433, 30.817, 27.792, 26.485, 25.808, 25.005, 25.118, 27.329, 29.83, 28.221, 26.482, 26.49, 25.894, 25.211, 20.178, 13.794, 7.316, 0.0, 4.854, 6.778, 9.183, 15.552, 22.387, 25.979, 28.408, 32.546, 35.824, 36.392, 36.526, 35.784, 32.902, 33.794, 34.561, 34.427, 34.215, 33.053, 35.722, 39.314, 40.651, 41.154, 41.579, 41.928, 41.441, 41.499, 42.914, 44.004, 46.095, 47.189, 50.18, 53.919, 56.585, 58.396, 59.773, 60.23, 59.802, 60.566, 60.997, 60.415, 60.215, 60.932, 61.663, 62.091], [50.25, 49.95, 48.933, 48.012, 48.254, 48.452, 48.072, 46.553, 44.795, 45.494, 48.2, 48.643, 44.937, 43.481, 43.554, 41.12, 39.402, 39.19, 38.935, 37.681, 37.024, 36.922, 34.705, 33.165, 32.775, 31.109, 27.859, 26.677, 26.268, 25.422, 25.586, 28.058, 30.963, 29.812, 28.364, 28.47, 27.95, 27.322, 22.823, 16.906, 11.117, 4.854, 0.0, 3.635, 7.928, 14.949, 21.77, 25.447, 28.077, 32.344, 35.617, 36.162, 36.326, 35.492, 32.363, 33.237, 34.005, 33.856, 33.671, 32.387, 35.156, 38.766, 39.96, 40.44, 40.92, 41.3, 40.771, 40.842, 42.327, 43.541, 45.715, 46.786, 49.758, 53.666, 56.632, 58.674, 60.239, 60.754, 60.261, 61.001, 61.44, 60.865, 60.733, 61.522, 62.277, 62.713], [50.925, 50.665, 49.629, 48.62, 48.748, 48.913, 48.541, 47.011, 45.26, 46.013, 48.839, 49.442, 45.768, 44.328, 44.356, 41.737, 39.868, 39.603, 39.344, 38.108, 37.53, 37.456, 35.076, 33.418, 33.046, 31.217, 27.638, 26.285, 25.854, 24.908, 24.926, 27.153, 30.095, 29.08, 27.567, 27.676, 27.18, 26.468, 22.255, 16.752, 11.515, 6.778, 3.635, 0.0, 5.848, 14.063, 21.294, 24.939, 27.522, 32.024, 35.502, 36.109, 36.242, 35.259, 31.537, 32.268, 33.033, 32.848, 32.715, 31.516, 34.563, 38.359, 39.508, 39.99, 40.529, 40.972, 40.396, 40.445, 41.988, 43.18, 45.43, 46.46, 49.382, 53.306, 56.241, 58.263, 59.851, 60.371, 59.812, 60.505, 60.936, 60.336, 60.191, 61.019, 61.81, 62.272], [51.801, 51.501, 50.393, 49.197, 49.183, 49.322, 48.964, 47.424, 45.615, 46.233, 49.012, 49.826, 46.31, 44.887, 45.049, 42.603, 40.792, 40.487, 40.149, 38.757, 38.065, 38.183, 36.101, 34.4, 33.978, 31.953, 28.093, 26.492, 26.07, 25.279, 25.111, 27.259, 29.933, 28.669, 27.267, 27.508, 27.106, 26.44, 22.073, 16.786, 12.333, 9.183, 7.928, 5.848, 0.0, 9.509, 17.858, 21.751, 24.286, 28.9, 32.52, 33.166, 33.253, 32.388, 28.763, 29.479, 30.261, 30.064, 30.001, 29.145, 32.821, 37.031, 38.241, 38.731, 39.267, 39.735, 39.197, 39.228, 40.987, 42.347, 44.655, 45.761, 48.748, 52.645, 55.434, 57.337, 58.859, 59.459, 59.119, 60.01, 60.557, 59.997, 59.824, 60.659, 61.484, 61.933], [52.086, 51.758, 50.556, 49.145, 49.044, 49.176, 48.794, 47.281, 45.455, 45.911, 48.588, 49.666, 46.396, 44.869, 45.24, 43.448, 42.062, 41.815, 41.463, 40.024, 39.192, 39.51, 37.938, 36.191, 35.773, 33.779, 30.071, 28.527, 28.313, 27.885, 27.65, 30.011, 32.401, 30.807, 29.696, 30.161, 29.92, 29.527, 25.341, 20.813, 17.738, 15.552, 14.949, 14.063, 9.509, 0.0, 9.564, 14.447, 17.402, 22.038, 25.735, 26.402, 26.474, 25.751, 23.265, 24.409, 25.218, 25.18, 25.107, 24.827, 29.403, 34.175, 35.622, 36.173, 36.636, 37.074, 36.728, 36.744, 38.727, 40.658, 43.129, 44.455, 47.624, 51.595, 54.38, 56.277, 57.87, 58.646, 58.694, 60.128, 61.021, 60.591, 60.464, 61.331, 62.203, 62.622], [52.636, 52.287, 50.989, 49.368, 49.15, 49.255, 48.816, 47.3, 45.404, 45.643, 48.204, 49.429, 46.489, 44.875, 45.108, 43.886, 42.98, 42.812, 42.485, 41.128, 40.264, 40.694, 39.701, 38.065, 37.732, 35.988, 32.655, 31.276, 31.357, 31.332, 30.958, 33.607, 36.139, 34.655, 33.896, 34.583, 34.509, 34.341, 30.398, 26.308, 24.128, 22.387, 21.77, 21.294, 17.858, 9.564, 0.0, 6.734, 11.538, 16.381, 20.117, 20.831, 20.966, 20.16, 19.184, 20.883, 21.593, 21.798, 21.597, 21.838, 26.645, 31.491, 33.093, 33.65, 34.004, 34.448, 34.317, 34.43, 36.715, 39.256, 41.88, 43.518, 47.015, 51.132, 53.997, 55.935, 57.657, 58.542, 58.773, 60.622, 61.865, 61.604, 61.598, 62.559, 63.471, 63.855], [54.262, 53.833, 52.523, 50.896, 50.665, 50.75, 50.295, 48.808, 46.988, 47.207, 49.677, 50.884, 48.111, 46.725, 46.978, 45.729, 44.75, 44.515, 44.202, 42.957, 42.31, 42.908, 41.9, 40.242, 39.931, 38.123, 34.874, 33.468, 33.573, 33.765, 33.364, 35.536, 37.575, 36.125, 35.804, 36.762, 36.878, 36.81, 33.073, 29.233, 27.344, 25.979, 25.447, 24.939, 21.751, 14.447, 6.734, 0.0, 6.527, 12.836, 16.924, 17.645, 17.736, 16.58, 16.079, 18.014, 18.676, 19.084, 19.131, 20.091, 25.28, 30.202, 31.928, 32.542, 32.918, 33.432, 33.302, 33.552, 36.202, 38.913, 41.542, 43.437, 47.209, 51.319, 54.133, 56.036, 57.745, 58.622, 58.867, 60.825, 62.27, 62.182, 62.217, 63.153, 64.068, 64.498], [55.474, 55.009, 53.741, 52.225, 52.119, 52.247, 51.813, 50.454, 48.882, 49.21, 51.587, 52.994, 50.531, 49.451, 50.239, 49.16, 48.033, 47.71, 47.428, 46.234, 45.697, 46.409, 45.117, 43.309, 42.973, 40.904, 37.732, 36.542, 36.525, 36.691, 36.554, 37.992, 38.799, 36.878, 36.823, 37.944, 38.247, 38.186, 34.687, 31.45, 29.7, 28.408, 28.077, 27.522, 24.286, 17.402, 11.538, 6.527, 0.0, 7.991, 12.724, 13.574, 13.608, 12.917, 14.815, 17.383, 18.174, 18.761, 19.12, 20.988, 26.754, 31.906, 33.879, 34.628, 35.007, 35.447, 35.329, 35.558, 38.216, 40.935, 43.408, 45.188, 48.766, 52.586, 55.216, 57.046, 58.717, 59.659, 60.014, 62.025, 63.532, 63.559, 63.608, 64.434, 65.325, 65.787], [56.71, 56.235, 54.991, 53.545, 53.574, 53.771, 53.357, 52.128, 50.701, 50.887, 52.971, 54.616, 52.795, 51.96, 53.203, 52.907, 52.138, 51.854, 51.605, 50.385, 49.663, 50.375, 49.403, 47.693, 47.234, 45.203, 42.502, 41.685, 41.715, 41.879, 41.923, 43.304, 43.387, 40.816, 40.627, 41.697, 42.089, 42.075, 38.583, 35.682, 34.05, 32.546, 32.344, 32.024, 28.9, 22.038, 16.381, 12.836, 7.991, 0.0, 5.44, 6.897, 7.213, 9.621, 17.944, 21.379, 22.138, 22.814, 23.125, 25.443, 30.791, 35.704, 37.863, 38.628, 38.834, 39.051, 39.075, 39.232, 41.808, 44.734, 46.969, 48.478, 51.719, 55.206, 57.621, 59.385, 61.111, 62.301, 62.988, 65.178, 66.722, 66.798, 66.89, 67.675, 68.516, 68.893], [57.604, 57.097, 55.842, 54.416, 54.528, 54.769, 54.359, 53.235, 51.926, 52.047, 53.928, 55.56, 54.047, 53.347, 54.758, 54.941, 54.494, 54.279, 54.053, 52.87, 52.118, 52.849, 52.111, 50.501, 49.957, 48.006, 45.599, 44.924, 44.986, 45.231, 45.42, 46.929, 46.834, 44.066, 43.897, 44.965, 45.399, 45.44, 41.962, 39.2, 37.57, 35.824, 35.617, 35.502, 32.52, 25.735, 20.117, 16.924, 12.724, 5.44, 0.0, 2.369, 3.603, 9.193, 20.588, 24.212, 24.886, 25.68, 26.037, 28.297, 33.098, 37.707, 39.903, 40.657, 40.777, 40.863, 40.971, 41.116, 43.629, 46.672, 48.733, 50.192, 53.329, 56.643, 59.002, 60.774, 62.522, 63.819, 64.71, 67.036, 68.631, 68.774, 68.906, 69.648, 70.456, 70.782], [57.768, 57.25, 55.995, 54.585, 54.728, 54.979, 54.569, 53.474, 52.205, 52.342, 54.204, 55.78, 54.257, 53.563, 54.97, 55.205, 54.818, 54.628, 54.412, 53.253, 52.517, 53.258, 52.553, 50.951, 50.38, 48.46, 46.13, 45.467, 45.523, 45.779, 45.997, 47.569, 47.509, 44.752, 44.598, 45.67, 46.117, 46.171, 42.701, 39.93, 38.229, 36.392, 36.162, 36.109, 33.166, 26.402, 20.831, 17.645, 13.574, 6.897, 2.369, 0.0, 2.627, 8.748, 20.623, 24.31, 24.955, 25.838, 26.27, 28.497, 33.236, 37.844, 40.062, 40.818, 40.929, 40.989, 41.083, 41.234, 43.738, 46.796, 48.864, 50.367, 53.53, 56.844, 59.243, 61.049, 62.807, 64.115, 65.032, 67.385, 68.993, 69.152, 69.294, 70.027, 70.831, 71.162], [57.975, 57.448, 56.208, 54.832, 55.004, 55.246, 54.834, 53.748, 52.486, 52.635, 54.483, 56.012, 54.451, 53.775, 55.173, 55.351, 54.924, 54.73, 54.534, 53.421, 52.724, 53.459, 52.71, 51.113, 50.541, 48.616, 46.307, 45.62, 45.677, 45.934, 46.155, 47.676, 47.606, 44.861, 44.649, 45.709, 46.17, 46.244, 42.825, 40.05, 38.322, 36.526, 36.326, 36.242, 33.253, 26.474, 20.966, 17.736, 13.608, 7.213, 3.603, 2.627, 0.0, 7.534, 19.894, 23.561, 24.215, 25.113, 25.577, 27.964, 32.976, 37.693, 39.899, 40.65, 40.757, 40.821, 40.901, 41.041, 43.595, 46.628, 48.728, 50.305, 53.5, 56.846, 59.243, 61.034, 62.773, 64.064, 64.987, 67.35, 68.966, 69.124, 69.253, 69.982, 70.791, 71.135], [57.435, 56.948, 55.715, 54.373, 54.577, 54.785, 54.356, 53.314, 52.145, 52.514, 54.524, 55.721, 53.669, 52.923, 54.007, 53.753, 53.145, 52.922, 52.722, 51.741, 51.206, 51.81, 50.774, 49.114, 48.499, 46.718, 44.864, 44.328, 44.479, 44.728, 44.968, 46.623, 47.021, 44.61, 44.158, 45.15, 45.603, 45.693, 42.559, 39.586, 37.555, 35.784, 35.492, 35.259, 32.388, 25.751, 20.16, 16.58, 12.917, 9.621, 9.193, 8.748, 7.534, 0.0, 14.184, 18.669, 19.381, 20.368, 20.939, 23.492, 28.994, 34.313, 36.609, 37.33, 37.449, 37.531, 37.523, 37.718, 40.412, 43.58, 46.061, 48.066, 51.623, 55.404, 58.17, 60.104, 61.853, 62.969, 63.651, 65.977, 67.608, 67.7, 67.823, 68.603, 69.447, 69.899], [57.278, 56.903, 55.647, 54.189, 54.178, 54.28, 53.849, 52.743, 51.589, 52.34, 54.921, 55.949, 52.879, 51.74, 52.14, 50.551, 49.288, 48.97, 48.667, 47.648, 47.408, 47.856, 46.083, 44.28, 43.795, 42.14, 40.0, 39.2, 39.475, 39.608, 39.548, 41.18, 42.705, 41.48, 40.983, 41.884, 42.186, 42.147, 39.651, 36.629, 34.32, 32.902, 32.363, 31.537, 28.763, 23.265, 19.184, 16.079, 14.815, 17.944, 20.588, 20.623, 19.894, 14.184, 0.0, 6.204, 7.825, 8.888, 10.213, 13.03, 21.249, 28.027, 30.025, 30.62, 30.996, 31.434, 31.05, 31.366, 34.204, 36.972, 40.238, 42.885, 47.031, 51.479, 54.723, 56.821, 58.499, 59.158, 59.164, 61.153, 62.705, 62.635, 62.709, 63.643, 64.619, 65.289], [58.361, 57.988, 56.725, 55.206, 55.077, 55.146, 54.721, 53.586, 52.388, 53.129, 55.789, 56.836, 53.58, 52.317, 52.563, 50.617, 49.173, 48.855, 48.547, 47.504, 47.356, 47.893, 46.019, 44.218, 43.824, 42.141, 39.717, 38.722, 39.01, 39.113, 38.849, 40.226, 41.922, 41.136, 40.822, 41.758, 42.067, 42.09, 39.871, 37.029, 34.92, 33.794, 33.237, 32.268, 29.479, 24.409, 20.883, 18.014, 17.383, 21.379, 24.212, 24.31, 23.561, 18.669, 6.204, 0.0, 2.974, 4.405, 6.56, 10.075, 19.632, 26.658, 28.447, 29.047, 29.523, 30.16, 29.741, 30.059, 32.995, 35.538, 38.9, 41.726, 45.976, 50.479, 53.71, 55.748, 57.337, 57.852, 57.731, 59.676, 61.27, 61.221, 61.286, 62.243, 63.274, 63.999], [58.932, 58.547, 57.278, 55.755, 55.612, 55.674, 55.254, 54.125, 52.9, 53.587, 56.224, 57.247, 53.964, 52.662, 52.84, 50.875, 49.438, 49.126, 48.798, 47.708, 47.517, 48.094, 46.351, 44.574, 44.16, 42.5, 40.069, 38.989, 39.288, 39.405, 39.045, 40.395, 42.119, 41.354, 41.071, 42.054, 42.431, 42.536, 40.364, 37.518, 35.538, 34.561, 34.005, 33.033, 30.261, 25.218, 21.593, 18.676, 18.174, 22.138, 24.886, 24.955, 24.215, 19.381, 7.825, 2.974, 0.0, 3.201, 5.836, 9.673, 19.247, 26.303, 28.128, 28.741, 29.193, 29.822, 29.388, 29.709, 32.676, 35.227, 38.606, 41.468, 45.795, 50.383, 53.646, 55.669, 57.266, 57.791, 57.681, 59.676, 61.325, 61.303, 61.382, 62.354, 63.396, 64.131], [59.068, 58.695, 57.424, 55.886, 55.734, 55.81, 55.388, 54.241, 52.992, 53.647, 56.259, 57.233, 53.879, 52.549, 52.684, 50.629, 49.124, 48.787, 48.42, 47.279, 47.068, 47.623, 45.842, 44.096, 43.71, 42.036, 39.622, 38.637, 39.051, 39.187, 38.797, 40.172, 42.071, 41.434, 41.105, 42.057, 42.409, 42.523, 40.382, 37.426, 35.389, 34.427, 33.856, 32.848, 30.064, 25.18, 21.798, 19.084, 18.761, 22.814, 25.68, 25.838, 25.113, 20.368, 8.888, 4.405, 3.201, 0.0, 3.97, 8.721, 18.713, 25.789, 27.539, 28.127, 28.61, 29.32, 28.849, 29.129, 32.414, 35.105, 38.505, 41.339, 45.613, 50.265, 53.581, 55.621, 57.249, 57.812, 57.71, 59.671, 61.289, 61.271, 61.409, 62.438, 63.489, 64.233], [58.517, 58.159, 56.903, 55.371, 55.173, 55.23, 54.819, 53.633, 52.314, 52.911, 55.479, 56.435, 53.145, 51.818, 51.925, 49.944, 48.501, 48.144, 47.734, 46.576, 46.336, 46.892, 45.269, 43.629, 43.34, 41.757, 39.38, 38.418, 38.866, 39.045, 38.658, 40.21, 42.251, 41.568, 41.147, 42.058, 42.384, 42.542, 40.331, 37.233, 35.159, 34.215, 33.671, 32.715, 30.001, 25.107, 21.597, 19.131, 19.12, 23.125, 26.037, 26.27, 25.577, 20.939, 10.213, 6.56, 5.836, 3.97, 0.0, 6.881, 17.926, 25.145, 26.893, 27.412, 27.774, 28.448, 28.032, 28.287, 31.611, 34.432, 37.853, 40.66, 44.904, 49.615, 52.98, 55.021, 56.652, 57.252, 57.211, 59.225, 60.845, 60.812, 60.976, 62.038, 63.091, 63.805], [56.269, 55.938, 54.622, 52.99, 52.712, 52.758, 52.36, 51.177, 49.895, 50.649, 53.327, 54.063, 50.606, 49.357, 49.247, 47.087, 45.718, 45.393, 44.911, 43.795, 43.693, 44.103, 42.328, 40.798, 40.494, 39