[[0.0, 3.428, 6.328, 14.073, 20.552, 22.871, 27.651, 33.875, 35.073, 34.04, 34.819, 35.902, 36.294, 37.079, 38.0, 38.437, 38.585, 38.13, 38.429, 38.837, 39.577, 39.799, 40.452, 42.729, 44.138, 43.902, 42.754, 42.02, 41.503, 41.839, 41.575, 41.443, 41.602, 41.748, 42.127, 42.134, 40.913, 39.863, 40.536, 40.985, 41.376, 41.504, 40.497, 39.651, 39.968, 40.643, 41.27, 41.745, 42.051, 42.057, 41.805, 41.281, 41.157, 41.153, 41.305, 41.373, 41.149, 41.475, 41.135, 41.074, 40.976, 40.491, 40.727, 41.742, 42.515, 43.007, 44.839, 45.594, 45.659, 45.864, 45.912, 46.35, 46.293, 46.368, 47.779, 49.338, 48.948, 47.685, 45.396, 44.728, 44.968, 45.025, 44.632, 44.412, 44.638, 45.4], [3.428, 0.0, 4.709, 14.34, 21.329, 23.493, 27.901, 33.946, 34.911, 33.679, 34.339, 35.172, 35.414, 36.236, 37.138, 37.49, 37.725, 37.582, 38.194, 38.739, 39.56, 39.822, 40.556, 42.928, 44.327, 44.159, 43.108, 42.26, 41.684, 41.995, 41.638, 41.419, 41.484, 41.498, 41.861, 41.942, 40.705, 39.468, 40.012, 40.449, 40.765, 40.816, 39.854, 39.053, 39.355, 40.047, 40.689, 41.178, 41.462, 41.467, 41.231, 40.731, 40.593, 40.508, 40.588, 40.656, 40.302, 40.529, 40.169, 40.002, 39.933, 39.623, 39.965, 41.014, 41.825, 42.273, 44.073, 44.933, 45.088, 45.304, 45.417, 45.86, 45.798, 45.956, 47.529, 49.102, 48.689, 47.413, 44.926, 44.167, 44.372, 44.411, 43.974, 43.725, 43.934, 44.651], [6.328, 4.709, 0.0, 10.962, 18.927, 21.233, 25.875, 32.228, 33.167, 32.069, 32.87, 33.672, 33.891, 34.767, 35.822, 36.38, 36.774, 36.735, 37.376, 37.965, 38.776, 38.983, 39.785, 42.184, 43.531, 43.379, 42.637, 41.941, 41.295, 41.573, 41.225, 40.995, 41.076, 41.139, 41.551, 41.668, 40.644, 39.733, 40.41, 40.862, 41.228, 41.338, 40.329, 39.48, 39.799, 40.491, 41.073, 41.539, 41.857, 41.84, 41.561, 41.048, 40.914, 40.837, 40.983, 41.057, 40.539, 40.613, 40.241, 40.157, 40.059, 39.638, 40.048, 41.249, 42.134, 42.677, 44.579, 45.437, 45.624, 45.892, 45.98, 46.381, 46.273, 46.379, 47.827, 49.345, 48.921, 47.608, 45.264, 44.628, 44.874, 44.915, 44.477, 44.241, 44.504, 45.265], [14.073, 14.34, 10.962, 0.0, 9.734, 13.422, 19.648, 27.418, 29.059, 28.903, 30.458, 31.867, 32.246, 33.117, 34.494, 35.583, 35.841, 35.377, 35.78, 36.486, 37.138, 37.117, 37.81, 39.959, 41.233, 40.974, 40.93, 41.064, 40.451, 40.694, 40.551, 40.45, 40.728, 41.112, 41.679, 41.679, 41.199, 41.727, 43.171, 43.713, 44.329, 44.711, 43.557, 42.485, 42.747, 43.336, 43.812, 44.227, 44.706, 44.687, 44.377, 43.805, 43.604, 43.516, 43.806, 43.814, 43.201, 43.203, 42.894, 43.22, 43.012, 41.892, 42.068, 43.461, 44.407, 45.309, 47.544, 48.183, 48.194, 48.538, 48.376, 48.663, 48.543, 48.442, 49.292, 50.662, 50.335, 49.007, 47.4, 47.195, 47.597, 47.731, 47.403, 47.227, 47.618, 48.558], [20.552, 21.329, 18.927, 9.734, 0.0, 7.152, 16.852, 25.334, 27.822, 28.563, 30.624, 32.631, 33.232, 33.986, 35.463, 36.809, 36.775, 35.904, 36.081, 36.831, 37.327, 37.131, 37.613, 39.559, 40.874, 40.36, 40.424, 41.162, 40.688, 40.941, 40.944, 41.003, 41.429, 41.961, 42.616, 42.508, 42.264, 43.826, 46.009, 46.684, 47.44, 47.937, 46.711, 45.517, 45.664, 46.123, 46.585, 47.035, 47.633, 47.631, 47.352, 46.749, 46.446, 46.291, 46.587, 46.55, 46.161, 46.264, 46.016, 46.786, 46.692, 45.13, 44.945, 46.275, 47.198, 48.263, 50.668, 51.279, 51.157, 51.51, 51.3, 51.714, 51.937, 51.883, 52.429, 53.788, 53.541, 52.165, 50.81, 50.751, 51.25, 51.466, 51.23, 51.077, 51.498, 52.535], [22.871, 23.493, 21.233, 13.422, 7.152, 0.0, 12.296, 22.268, 25.626, 26.818, 29.14, 31.214, 31.772, 32.469, 33.91, 35.294, 35.311, 34.627, 35.139, 36.114, 36.679, 36.471, 37.051, 39.032, 40.393, 39.805, 39.945, 40.786, 40.281, 40.533, 40.503, 40.592, 41.144, 41.779, 42.55, 42.517, 42.295, 43.867, 46.179, 47.048, 47.859, 48.33, 47.181, 46.078, 46.252, 46.76, 47.282, 47.761, 48.402, 48.444, 48.192, 47.638, 47.405, 47.318, 47.597, 47.544, 47.143, 47.222, 46.978, 47.853, 47.89, 46.406, 46.332, 47.786, 48.77, 49.782, 52.079, 52.728, 52.675, 53.003, 52.71, 53.164, 53.677, 53.843, 54.44, 55.682, 55.361, 53.979, 52.627, 52.589, 53.093, 53.324, 53.02, 52.819, 53.242, 54.254], [27.651, 27.901, 25.875, 19.648, 16.852, 12.296, 0.0, 12.349, 18.117, 21.12, 24.74, 26.92, 27.395, 28.135, 29.571, 30.861, 30.61, 30.084, 31.271, 32.763, 33.622, 33.462, 34.297, 36.682, 38.081, 37.528, 38.236, 39.446, 39.212, 39.656, 39.583, 39.599, 40.279, 41.196, 42.166, 42.215, 42.241, 43.791, 45.974, 47.05, 47.876, 48.36, 47.445, 46.422, 46.527, 47.093, 47.665, 48.166, 48.865, 49.059, 48.897, 48.491, 48.464, 48.561, 48.826, 48.823, 48.159, 48.102, 47.922, 48.542, 48.624, 47.477, 47.621, 49.22, 50.313, 51.296, 53.37, 53.768, 53.742, 54.191, 53.574, 53.537, 53.815, 53.989, 54.495, 55.303, 54.925, 53.751, 52.789, 52.955, 53.408, 53.663, 53.284, 52.979, 53.361, 54.272], [33.875, 33.946, 32.228, 27.418, 25.334, 22.268, 12.349, 0.0, 9.354, 16.095, 21.333, 23.58, 24.224, 25.106, 26.566, 27.692, 27.08, 26.845, 28.638, 30.381, 31.518, 31.563, 32.597, 35.741, 37.359, 37.192, 39.02, 40.625, 40.696, 41.257, 41.093, 40.947, 41.51, 42.5, 43.609, 43.714, 43.801, 45.305, 47.491, 48.6, 49.308, 49.709, 48.813, 47.777, 47.847, 48.401, 48.898, 49.443, 50.172, 50.482, 50.397, 50.104, 50.238, 50.502, 50.723, 50.743, 49.904, 49.694, 49.586, 50.08, 50.291, 49.48, 49.758, 51.415, 52.634, 53.585, 55.49, 55.799, 55.782, 56.395, 55.832, 55.46, 55.408, 55.474, 55.84, 56.363, 55.965, 54.859, 54.114, 54.431, 54.84, 55.11, 54.749, 54.396, 54.69, 55.451], [35.073, 34.911, 33.167, 29.059, 27.822, 25.626, 18.117, 9.354, 0.0, 9.259, 16.242, 18.787, 19.695, 20.846, 22.223, 23.279, 22.883, 23.161, 25.313, 27.121, 28.464, 28.757, 29.99, 33.702, 35.52, 35.968, 39.037, 40.624, 40.445, 40.739, 40.412, 40.095, 40.413, 41.202, 42.237, 42.399, 42.424, 43.773, 45.941, 46.937, 47.491, 47.818, 46.891, 45.895, 46.057, 46.592, 46.953, 47.495, 48.278, 48.636, 48.56, 48.302, 48.492, 48.825, 49.044, 49.024, 47.897, 47.423, 47.375, 47.984, 48.28, 47.605, 48.11, 50.064, 51.453, 52.365, 54.221, 54.653, 54.812, 55.486, 55.15, 54.893, 54.725, 54.786, 55.268, 55.794, 55.388, 54.319, 53.453, 53.705, 54.078, 54.357, 54.019, 53.635, 53.852, 54.514], [34.04, 33.679, 32.069, 28.903, 28.563, 26.818, 21.12, 16.095, 9.259, 0.0, 8.751, 12.718, 14.735, 16.585, 18.029, 19.264, 19.205, 19.596, 21.868, 23.766, 25.115, 25.54, 26.876, 30.722, 32.684, 33.475, 37.17, 38.66, 38.112, 38.016, 37.491, 37.123, 37.32, 37.993, 38.936, 39.139, 39.093, 40.3, 42.412, 43.344, 43.838, 44.1, 43.21, 42.596, 43.147, 43.648, 43.862, 44.362, 45.208, 45.594, 45.514, 45.224, 45.342, 45.696, 46.004, 45.949, 44.741, 44.21, 44.214, 44.975, 45.222, 44.487, 45.186, 47.519, 49.056, 49.885, 51.729, 52.291, 52.65, 53.334, 53.11, 53.078, 52.989, 53.12, 53.783, 54.379, 53.985, 52.973, 51.876, 51.981, 52.327, 52.625, 52.316, 51.902, 52.069, 52.681], [34.819, 34.339, 32.87, 30.458, 30.624, 29.14, 24.74, 21.333, 16.242, 8.751, 0.0, 6.399, 10.866, 13.749, 15.702, 17.411, 17.679, 18.145, 20.688, 22.901, 24.15, 24.663, 26.146, 29.751, 31.743, 32.792, 36.905, 38.397, 37.597, 37.238, 36.474, 36.096, 36.355, 37.114, 38.124, 38.352, 38.167, 39.238, 41.317, 42.227, 42.722, 42.892, 41.922, 41.793, 43.161, 43.799, 43.818, 44.211, 45.002, 45.358, 45.28, 44.943, 44.893, 45.159, 45.564, 45.476, 44.338, 43.976, 44.039, 44.856, 45.006, 44.202, 45.147, 47.789, 49.423, 50.173, 52.0, 52.673, 53.124, 53.828, 53.657, 53.703, 53.637, 53.74, 54.362, 54.879, 54.373, 53.269, 52.121, 52.267, 52.64, 52.941, 52.665, 52.257, 52.421, 53.025], [35.902, 35.172, 33.672, 31.867, 32.631, 31.214, 26.92, 23.58, 18.787, 12.718, 6.399, 0.0, 6.416, 10.543, 13.004, 14.879, 15.701, 17.365, 20.822, 23.429, 24.857, 25.484, 27.329, 30.969, 32.859, 34.053, 38.342, 39.683, 38.707, 38.241, 37.248, 36.705, 36.96, 37.716, 38.777, 39.114, 38.865, 39.557, 41.436, 42.356, 42.792, 42.852, 41.876, 41.847, 43.522, 44.462, 44.507, 44.835, 45.529, 45.87, 45.787, 45.464, 45.364, 45.515, 45.845, 45.736, 44.445, 44.001, 44.08, 44.807, 44.909, 44.237, 45.464, 48.31, 50.058, 50.792, 52.606, 53.378, 53.951, 54.684, 54.553, 54.573, 54.432, 54.526, 55.171, 55.598, 54.966, 53.748, 52.504, 52.671, 53.053, 53.355, 53.08, 52.672, 52.836, 53.426], [36.294, 35.414, 33.891, 32.246, 33.232, 31.772, 27.395, 24.224, 19.695, 14.735, 10.866, 6.416, 0.0, 5.488, 9.02, 11.527, 12.923, 15.667, 20.192, 23.219, 24.811, 25.507, 27.488, 31.037, 32.856, 34.095, 38.764, 40.17, 39.132, 38.642, 37.533, 36.904, 37.119, 37.82, 38.938, 39.394, 39.21, 39.744, 41.476, 42.439, 42.858, 42.852, 41.91, 41.824, 43.366, 44.49, 44.874, 45.341, 46.051, 46.412, 46.34, 46.042, 45.95, 46.038, 46.274, 46.153, 44.845, 44.35, 44.407, 45.057, 45.134, 44.486, 45.747, 48.645, 50.478, 51.31, 53.14, 53.909, 54.512, 55.244, 55.103, 55.097, 54.929, 55.029, 55.693, 56.098, 55.433, 54.215, 52.965, 53.12, 53.504, 53.825, 53.581, 53.186, 53.343, 53.92], [37.079, 36.236, 34.767, 33.117, 33.986, 32.469, 28.135, 25.106, 20.846, 16.585, 13.749, 10.543, 5.488, 0.0, 4.845, 8.586, 10.47, 13.668, 18.768, 22.288, 24.117, 24.837, 26.968, 30.464, 32.267, 33.482, 38.457, 40.07, 39.03, 38.518, 37.305, 36.681, 36.992, 37.749, 38.956, 39.466, 39.356, 39.939, 41.686, 42.719, 43.151, 43.121, 42.18, 42.022, 43.444, 44.59, 45.225, 45.942, 46.773, 47.184, 47.117, 46.809, 46.709, 46.726, 46.883, 46.769, 45.462, 44.923, 44.989, 45.72, 45.814, 45.093, 46.331, 49.291, 51.197, 52.118, 53.976, 54.741, 55.352, 56.086, 55.937, 55.914, 55.724, 55.787, 56.414, 56.832, 56.18, 55.015, 53.837, 53.991, 54.379, 54.72, 54.52, 54.142, 54.297, 54.882], [38.0, 37.138, 35.822, 34.494, 35.463, 33.91, 29.571, 26.566, 22.223, 18.029, 15.702, 13.004, 9.02, 4.845, 0.0, 4.818, 7.809, 12.124, 17.994, 21.946, 23.991, 24.758, 27.004, 30.577, 32.369, 33.667, 38.873, 40.512, 39.427, 38.832, 37.508, 36.843, 37.167, 37.886, 39.096, 39.629, 39.505, 39.983, 41.687, 42.773, 43.158, 43.074, 42.207, 42.052, 43.378, 44.457, 45.098, 45.954, 46.93, 47.42, 47.364, 47.07, 46.977, 46.947, 47.028, 46.916, 45.498, 44.801, 44.871, 45.629, 45.764, 45.094, 46.36, 49.385, 51.338, 52.245, 54.062, 54.864, 55.541, 56.261, 56.119, 56.097, 55.876, 55.956, 56.687, 57.16, 56.535, 55.462, 54.25, 54.32, 54.681, 55.04, 54.842, 54.455, 54.607, 55.181], [38.437, 37.49, 36.38, 35.583, 36.809, 35.294, 30.861, 27.692, 23.279, 19.264, 17.411, 14.879, 11.527, 8.586, 4.818, 0.0, 4.788, 11.239, 17.969, 22.126, 24.352, 25.195, 27.48, 31.309, 33.145, 34.488, 39.553, 41.009, 39.947, 39.359, 37.967, 37.204, 37.419, 37.962, 39.079, 39.622, 39.415, 39.605, 41.142, 42.226, 42.495, 42.312, 41.514, 41.357, 42.617, 43.728, 44.389, 45.291, 46.293, 46.856, 46.853, 46.608, 46.549, 46.502, 46.5, 46.394, 44.823, 43.961, 44.042, 44.76, 44.98, 44.495, 45.808, 48.818, 50.791, 51.645, 53.379, 54.233, 54.976, 55.657, 55.545, 55.537, 55.326, 55.519, 56.495, 57.035, 56.44, 55.49, 54.117, 54.028, 54.331, 54.684, 54.449, 54.03, 54.146, 54.661], [38.585, 37.725, 36.774, 35.841, 36.775, 35.311, 30.61, 27.08, 22.883, 19.205, 17.679, 15.701, 12.923, 10.47, 7.809, 4.788, 0.0, 7.891, 15.647, 20.277, 22.663, 23.513, 25.735, 29.775, 31.731, 32.997, 37.958, 39.565, 38.701, 38.225, 36.907, 36.142, 36.335, 36.853, 37.944, 38.457, 38.32, 38.706, 40.346, 41.444, 41.725, 41.599, 40.845, 40.687, 41.919, 43.067, 43.8, 44.724, 45.728, 46.311, 46.398, 46.213, 46.195, 46.206, 46.218, 46.103, 44.587, 43.834, 43.95, 44.653, 44.944, 44.469, 45.621, 48.466, 50.352, 51.181, 52.873, 53.641, 54.318, 55.004, 54.837, 54.761, 54.552, 54.764, 55.721, 56.219, 55.673, 54.805, 53.491, 53.398, 53.692, 54.068, 53.855, 53.436, 53.539, 54.052], [38.13, 37.582, 36.735, 35.377, 35.904, 34.627, 30.084, 26.845, 23.161, 19.596, 18.145, 17.365, 15.667, 13.668, 12.124, 11.239, 7.891, 0.0, 9.004, 14.985, 17.72, 18.503, 20.756, 25.053, 27.187, 28.375, 33.688, 35.855, 35.209, 34.793, 33.677, 33.066, 33.476, 34.322, 35.449, 35.884, 35.908, 36.824, 38.773, 39.886, 40.341, 40.468, 39.8, 39.74, 41.088, 42.235, 42.964, 43.846, 44.91, 45.489, 45.597, 45.459, 45.567, 45.814, 46.013, 45.903, 44.686, 44.275, 44.421, 45.114, 45.322, 44.588, 45.468, 48.166, 49.87, 50.636, 52.308, 52.856, 53.428, 54.18, 53.846, 53.653, 53.409, 53.466, 54.084, 54.446, 53.929, 53.119, 52.16, 52.225, 52.544, 52.974, 52.88, 52.534, 52.701, 53.347], [38.429, 38.194, 37.376, 35.78, 36.081, 35.139, 31.271, 28.638, 25.313, 21.868, 20.688, 20.822, 20.192, 18.768, 17.994, 17.969, 15.647, 9.004, 0.0, 7.652, 11.456, 12.232, 14.934, 20.235, 22.656, 23.825, 29.615, 32.271, 31.685, 31.191, 30.313, 29.873, 30.53, 31.842, 32.991, 33.335, 33.498, 34.832, 37.005, 38.053, 38.654, 39.04, 38.476, 38.505, 40.006, 41.18, 41.828, 42.627, 43.717, 44.316, 44.382, 44.287, 44.809, 45.568, 46.022, 45.96, 45.042, 44.872, 45.049, 45.811, 45.91, 44.928, 45.654, 48.35, 49.921, 50.593, 52.277, 52.677, 53.199, 53.995, 53.517, 53.242, 52.94, 52.79, 53.058, 53.302, 52.795, 52.051, 51.422, 51.596, 51.926, 52.402, 52.439, 52.166, 52.382, 53.158], [38.837, 38.739, 37.965, 36.486, 36.831, 36.114, 32.763, 30.381, 27.121, 23.766, 22.901, 23.429, 23.219, 22.288, 21.946, 22.126, 20.277, 14.985, 7.652, 0.0, 5.349, 7.136, 10.494, 17.598, 20.396, 21.671, 27.773, 30.48, 29.851, 29.19, 28.479, 28.028, 28.512, 29.924, 31.123, 31.458, 31.606, 33.012, 35.18, 36.151, 36.814, 37.304, 36.789, 36.859, 38.415, 39.604, 40.199, 40.974, 42.132, 42.794, 42.822, 42.732, 43.715, 45.277, 46.099, 46.035, 45.274, 45.183, 45.353, 46.169, 46.308, 45.307, 45.925, 48.615, 50.149, 50.738, 52.371, 52.704, 53.13, 53.897, 53.392, 53.122, 52.858, 52.711, 52.936, 53.16, 52.656, 51.945, 51.357, 51.519, 51.87, 52.379, 52.442, 52.158, 52.34, 53.095], [39.577, 39.56, 38.776, 37.138, 37.327, 36.679, 33.622, 31.518, 28.464, 25.115, 24.15, 24.857, 24.811, 24.117, 23.991, 24.352, 22.663, 17.72, 11.456, 5.349, 0.0, 3.604, 7.898, 15.527, 18.52, 19.937, 26.951, 30.014, 29.292, 28.412, 27.737, 27.318, 27.692, 29.166, 30.482, 30.788, 30.97, 32.647, 34.885, 35.877, 36.682, 37.282, 36.751, 36.843, 38.483, 39.609, 40.104, 40.851, 42.09, 42.739, 42.705, 42.527, 43.49, 45.421, 46.662, 46.588, 45.904, 45.914, 46.064, 46.937, 47.038, 45.868, 46.376, 49.077, 50.602, 51.203, 52.865, 53.126, 53.418, 54.204, 53.702, 53.427, 53.23, 53.103, 53.238, 53.451, 52.979, 52.227, 51.73, 51.993, 52.425, 52.969, 53.033, 52.77, 52.999, 53.794], [39.799, 39.822, 38.983, 37.117, 37.131, 36.471, 33.462, 31.563, 28.757, 25.54, 24.663, 25.484, 25.507, 24.837, 24.758, 25.195, 23.513, 18.503, 12.232, 7.136, 3.604, 0.0, 6.252, 14.522, 17.53, 18.909, 26.424, 29.831, 29.163, 28.282, 27.661, 27.307, 27.749, 29.295, 30.635, 30.902, 31.179, 33.071, 35.398, 36.43, 37.307, 37.976, 37.449, 37.483, 39.06, 40.137, 40.621, 41.356, 42.554, 43.124, 43.061, 42.879, 43.791, 45.639, 46.935, 46.942, 46.29, 46.295, 46.441, 47.38, 47.443, 46.138, 46.587, 49.25, 50.742, 51.383, 53.103, 53.335, 53.569, 54.374, 53.864, 53.582, 53.392, 53.186, 53.227, 53.479, 53.045, 52.298, 51.879, 52.166, 52.586, 53.132, 53.241, 53.039, 53.339, 54.212], [40.452, 40.556, 39.785, 37.81, 37.613, 37.051, 34.297, 32.597, 29.99, 26.876, 26.146, 27.329, 27.488, 26.968, 27.004, 27.48, 25.735, 20.756, 14.934, 10.494, 7.898, 6.252, 0.0, 10.017, 13.687, 15.279, 23.973, 27.94, 27.43, 26.533, 26.245, 26.113, 26.479, 27.99, 29.301, 29.551, 29.955, 32.303, 34.833, 35.817, 36.738, 37.492, 36.992, 37.068, 38.55, 39.416, 39.808, 40.46, 41.647, 42.191, 42.208, 42.12, 43.117, 45.197, 46.579, 46.59, 46.508, 46.896, 47.064, 48.03, 48.128, 46.79, 47.115, 49.661, 51.058, 51.698, 53.415, 53.591, 53.744, 54.539, 54.019, 53.738, 53.542, 53.265, 53.228, 53.468, 53.089, 52.424, 52.065, 52.344, 52.764, 53.348, 53.508, 53.319, 53.599, 54.467], [42.729, 42.928, 42.184, 39.959, 39.559, 39.032, 36.682, 35.741, 33.702, 30.722, 29.751, 30.969, 31.037, 30.464, 30.577, 31.309, 29.775, 25.053, 20.235, 17.598, 15.527, 14.522, 10.017, 0.0, 4.877, 7.746, 19.75, 24.882, 24.263, 23.188, 23.111, 23.389, 24.191, 26.11, 27.578, 27.831, 28.485, 31.653, 34.479, 35.49, 36.653, 37.615, 37.205, 37.452, 39.04, 39.694, 39.967, 40.49, 41.672, 42.181, 42.268, 42.188, 42.989, 45.125, 46.765, 46.685, 47.508, 48.903, 49.191, 50.184, 50.225, 48.719, 48.991, 51.534, 52.867, 53.552, 55.292, 55.373, 55.449, 56.245, 55.683, 55.356, 55.051, 54.612, 54.283, 54.307, 53.944, 53.314, 53.243, 53.74, 54.267, 54.915, 55.096, 54.888, 55.177, 56.104], [44.138, 44.327, 43.531, 41.233, 40.874, 40.393, 38.081, 37.359, 35.52, 32.684, 31.743, 32.859, 32.856, 32.267, 32.369, 33.145, 31.731, 27.187, 22.656, 20.396, 18.52, 17.53, 13.687, 4.877, 0.0, 5.518, 18.693, 23.99, 23.346, 22.255, 22.218, 22.548, 23.498, 25.555, 27.039, 27.303, 28.151, 31.622, 34.476, 35.469, 36.688, 37.737, 37.437, 37.735, 39.33, 39.951, 40.184, 40.657, 41.812, 42.287, 42.38, 42.324, 43.073, 45.205, 46.95, 46.849, 47.802, 49.492, 49.852, 50.803, 50.853, 49.373, 49.626, 52.128, 53.421, 54.089, 55.79, 55.826, 55.905, 56.712, 56.136, 55.757, 55.386, 54.919, 54.541, 54.474, 54.084, 53.468, 53.47, 54.034, 54.583, 55.244, 55.432, 55.222, 55.502, 56.434], [43.902, 44.159, 43.379, 40.974, 40.36, 39.805, 37.528, 37.192, 35.968, 33.475, 32.792, 34.053, 34.095, 33.482, 33.667, 34.488, 32.997, 28.375, 23.825, 21.671, 19.937, 18.909, 15.279, 7.746, 5.518, 0.0, 14.524, 20.641, 20.319, 19.549, 19.897, 20.655, 21.834, 24.03, 25.557, 25.825, 26.908, 30.726, 33.718, 34.855, 36.188, 37.334, 37.112, 37.31, 38.719, 39.342, 39.758, 40.324, 41.486, 41.967, 42.066, 41.975, 42.694, 44.791, 46.487, 46.424, 47.683, 49.598, 49.949, 50.962, 51.121, 49.645, 49.724, 52.006, 53.2, 53.88, 55.593, 55.568, 55.61, 56.42, 55.795, 55.408, 55.101, 54.656, 54.269, 54.226, 53.854, 53.258, 53.292, 53.855, 54.399, 55.025, 55.2, 54.99, 55.271, 56.234], [42.754, 43.108, 42.637, 40.93, 40.424, 39.945, 38.236, 39.02, 39.037, 37.17, 36.905, 38.342, 38.764, 38.457, 38.873, 39.553, 37.958, 33.688, 29.615, 27.773, 26.951, 26.424, 23.973, 19.75, 18.693, 14.524, 0.0, 7.851, 9.854, 11.534, 13.249, 15.041, 16.802, 19.096, 20.609, 20.857, 21.951, 26.073, 29.243, 30.537, 31.985, 33.295, 33.289, 33.294, 34.291, 34.978, 35.804, 36.547, 37.582, 38.047, 38.289, 38.224, 38.902, 40.905, 42.489, 42.489, 44.6, 47.518, 47.956, 48.971, 49.778, 48.963, 48.776, 50.345, 51.214, 51.682, 53.189, 53.09, 53.088, 53.793, 53.153, 52.808, 52.629, 52.395, 52.333, 52.363, 51.975, 51.571, 51.389, 51.748, 52.209, 52.694, 52.789, 52.492, 52.571, 53.422], [42.02, 42.26, 41.941, 41.064, 41.162, 40.786, 39.446, 40.625, 40.624, 38.66, 38.397, 39.683, 40.17, 40.07, 40.512, 41.009, 39.565, 35.855, 32.271, 30.48, 30.014, 29.831, 27.94, 24.882, 23.99, 20.641, 7.851, 0.0, 5.076, 9.006, 11.137, 12.951, 14.501, 16.302, 17.617, 17.953, 18.804, 22.585, 25.59, 26.812, 28.183, 29.489, 29.641, 29.663, 30.534, 31.267, 32.207, 32.979, 33.896, 34.357, 34.705, 34.719, 35.457, 37.503, 39.069, 39.069, 41.419, 44.779, 45.303, 46.247, 47.466, 47.291, 47.182, 48.475, 49.222, 49.498, 50.839, 50.843, 50.976, 51.594, 51.02, 50.781, 50.717, 50.773, 51.172, 51.314, 50.9, 50.637, 50.084, 50.199, 50.595, 50.993, 50.986, 50.59, 50.486, 51.162], [41.503, 41.684, 41.295, 40.451, 40.688, 40.281, 39.212, 40.696, 40.445, 38.112, 37.597, 38.707, 39.132, 39.03, 39.427, 39.947, 38.701, 35.209, 31.685, 29.851, 29.292, 29.163, 27.43, 24.263, 23.346, 20.319, 9.854, 5.076, 0.0, 4.769, 7.35, 9.515, 11.692, 13.91, 15.321, 15.756, 16.694, 20.704, 23.878, 25.111, 26.586, 27.941, 28.058, 28.279, 29.487, 30.291, 31.07, 31.729, 32.691, 33.158, 33.453, 33.423, 34.128, 36.218, 37.878, 37.829, 40.101, 43.414, 44.006, 45.127, 46.303, 46.055, 46.181, 47.808, 48.662, 48.959, 50.392, 50.523, 50.834, 51.465, 50.926, 50.837, 50.86, 50.989, 51.472, 51.667, 51.296, 51.01, 50.376, 50.505, 50.972, 51.406, 51.351, 50.918, 50.823, 51.497], [41.839, 41.995, 41.573, 40.694, 40.941, 40.533, 39.656, 41.257, 40.739, 38.016, 37.238, 38.241, 38.642, 38.518, 38.832, 39.359, 38.225, 34.793, 31.191, 29.19, 28.412, 28.282, 26.533, 23.188, 22.255, 19.549, 11.534, 9.006, 4.769, 0.0, 4.014, 7.154, 9.906, 12.637, 14.162, 14.666, 15.607, 19.751, 23.054, 24.267, 25.797, 27.158, 27.203, 27.696, 29.352, 30.254, 30.817, 31.328, 32.375, 32.853, 33.055, 32.999, 33.723, 35.955, 37.748, 37.639, 39.735, 42.824, 43.437, 44.742, 45.823, 45.346, 45.616, 47.718, 48.772, 49.088, 50.585, 50.792, 51.236, 51.907, 51.405, 51.437, 51.526, 51.664, 52.122, 52.331, 51.997, 51.679, 51.026, 51.176, 51.713, 52.23, 52.198, 51.768, 51.709, 52.405], [41.575, 41.638, 41.225, 40.551, 40.944, 40.503, 39.583, 41.093, 40.412, 37.491, 36.474, 37.248, 37.533, 37.305, 37.508, 37.967, 36.907, 33.677, 30.313, 28.479, 27.737, 27.661, 26.245, 23.111, 22.218, 19.897, 13.249, 11.137, 7.35, 4.014, 0.0, 4.525, 8.464, 11.618, 13.455, 14.124, 14.912, 18.756, 22.03, 23.299, 24.811, 26.057, 26.017, 26.645, 28.603, 29.676, 30.235, 30.79, 31.913, 32.444, 32.617, 32.508, 33.125, 35.25, 37.063, 36.978, 38.889, 41.837, 42.462, 43.825, 44.888, 44.376, 44.763, 47.142, 48.425, 48.782, 50.285, 50.575, 51.092, 51.771, 51.304, 51.369, 51.465, 51.636, 52.168, 52.414, 52.077, 51.74, 50.985, 51.107, 51.681, 52.221, 52.166, 51.718, 51.655, 52.344], [41.443, 41.419, 40.995, 40.45, 41.003, 40.592, 39.599, 40.947, 40.095, 37.123, 36.096, 36.705, 36.904, 36.681, 36.843, 37.204, 36.142, 33.066, 29.873, 28.028, 27.318, 27.307, 26.113, 23.389, 22.548, 20.655, 15.041, 12.951, 9.515, 7.154, 4.525, 0.0, 5.167, 9.148, 11.275, 12.103, 13.014, 17.015, 20.434, 21.754, 23.279, 24.501, 24.473, 25.168, 27.246, 28.441, 29.013, 29.632, 30.804, 31.36, 31.541, 31.491, 32.216, 34.421, 36.274, 36.198, 37.892, 40.763, 41.414, 42.779, 43.878, 43.427, 43.89, 46.324, 47.691, 48.224, 49.856, 50.203, 50.768, 51.463, 51.011, 51.04, 51.076, 51.237, 51.848, 52.145, 51.795, 51.455, 50.57, 50.617, 51.199, 51.755, 51.699, 51.243, 51.159, 51.808], [41.602, 41.484, 41.076, 40.728, 41.429, 41.144, 40.279, 41.51, 40.413, 37.32, 36.355, 36.96, 37.119, 36.992, 37.167, 37.419, 36.335, 33.476, 30.53, 28.512, 27.692, 27.749, 26.479, 24.191, 23.498, 21.834, 16.802, 14.501, 11.692, 9.906, 8.464, 5.167, 0.0, 4.906, 7.634, 8.747, 9.945, 14.555, 18.183, 19.497, 21.043, 22.275, 22.248, 22.943, 24.978, 26.16, 26.734, 27.412, 28.618, 29.171, 29.406, 29.495, 30.485, 33.018, 34.983, 34.868, 36.471, 39.344, 40.001, 41.403, 42.67, 42.374, 42.781, 45.092, 46.421, 47.091, 48.923, 49.362, 49.921, 50.63, 50.255, 50.318, 50.39, 50.639, 51.423, 51.829, 51.473, 51.156, 50.041, 49.906, 50.449, 51.018, 50.976, 50.506, 50.375, 50.95], [41.748, 41.498, 41.139, 41.112, 41.961, 41.779, 41.196, 42.5, 41.202, 37.993, 37.114, 37.716, 37.82, 37.749, 37.886, 37.962, 36.853, 34.322, 31.842, 29.924, 29.166, 29.295, 27.99, 26.11, 25.555, 24.03, 19.096, 16.302, 13.91, 12.637, 11.618, 9.148, 4.906, 0.0, 3.958, 5.951, 7.446, 12.615, 16.34, 17.545, 18.969, 20.166, 20.244, 20.879, 22.636, 23.782, 24.504, 25.304, 26.526, 27.063, 27.419, 27.626, 28.697, 31.346, 33.304, 33.199, 34.871, 37.799, 38.441, 39.853, 41.396, 41.409, 41.739, 43.794, 45.009, 45.599, 47.401, 47.989, 48.607, 49.254, 48.998, 49.196, 49.408, 49.875, 50.993, 51.555, 51.245, 51.042, 49.609, 49.215, 49.692, 50.242, 50.169, 49.655, 49.446, 49.912], [42.127, 41.861, 41.551, 41.679, 42.616, 42.55, 42.166, 43.609, 42.237, 38.936, 38.124, 38.777, 38.938, 38.956, 39.096, 39.079, 37.944, 35.449, 32.991, 31.123, 30.482, 30.635, 29.301, 27.578, 27.039, 25.557, 20.609, 17.617, 15.321, 14.162, 13.455, 11.275, 7.634, 3.958, 0.0, 3.006, 5.538, 11.219, 15.021, 16.04, 17.408, 18.787, 19.159, 19.859, 21.436, 22.541, 23.254, 23.99, 25.182, 25.734, 26.136, 26.384, 27.495, 30.181, 32.097, 32.044, 33.872, 36.917, 37.584, 38.953, 40.512, 40.61, 40.918, 42.857, 43.946, 44.534, 46.341, 46.932, 47.763, 48.432, 48.158, 48.438, 48.691, 49.199, 50.428, 51.031, 50.739, 50.667, 49.198, 48.716, 49.163, 49.686, 49.594, 49.054, 48.793, 49.216], [42.134, 41.942, 41.668, 41.679, 42.508, 42.517, 42.215, 43.714, 42.399, 39.139, 38.352, 39.114, 39.394, 39.466, 39.629, 39.622, 38.457, 35.884, 33.335, 31.458, 30.788, 30.902, 29.551, 27.831, 27.303, 25.825, 20.857, 17.953, 15.756, 14.666, 14.124, 12.103, 8.747, 5.951, 3.006, 0.0, 4.468, 11.1, 15.052, 16.0, 17.414, 18.957, 19.371, 19.949, 21.393, 22.376, 22.99, 23.68, 24.894, 25.475, 25.872, 26.07, 27.138, 29.786, 31.721, 31.696, 33.57, 36.685, 37.382, 38.794, 40.325, 40.343, 40.595, 42.49, 43.522, 44.195, 46.141, 46.675, 47.54, 48.317, 48.013, 48.273, 48.53, 48.988, 50.146, 50.745, 50.454, 50.396, 49.027, 48.596, 49.054, 49.583, 49.509, 48.973, 48.72, 49.168], [40.913, 40.705, 40.644, 41.199, 42.264, 42.295, 42.241, 43.801, 42.424, 39.093, 38.167, 38.865, 39.21, 39.356, 39.505, 39.415, 38.32, 35.908, 33.498, 31.606, 30.97, 31.179, 29.955, 28.485, 28.151, 26.908, 21.951, 18.804, 16.694, 15.607, 14.912, 13.014, 9.945, 7.446, 5.538, 4.468, 0.0, 7.715, 12.394, 13.385, 14.812, 16.291, 16.526, 17.157, 18.997, 20.117, 20.727, 21.456, 22.668, 23.295, 23.698, 23.906, 25.043, 27.839, 29.842, 29.735, 31.619, 34.815, 35.498, 36.959, 38.603, 38.763, 39.131, 41.124, 42.19, 42.731, 44.589, 45.255, 46.167, 46.951, 46.936, 47.384, 47.718, 48.262, 49.55, 50.196, 49.848, 49.705, 48.163, 47.675, 48.121, 48.635, 48.524, 47.956, 47.654, 48.05], [39.863, 39.468, 39.733, 41.727, 43.826, 43.867, 43.791, 45.305, 43.773, 40.3, 39.238, 39.557, 39.744, 39.939, 39.983, 39.605, 38.706, 36.824, 34.832, 33.012, 32.647, 33.071, 32.303, 31.653, 31.622, 30.726, 26.073, 22.585, 20.704, 19.751, 18.756, 17.015, 14.555, 12.615, 11.219, 11.1, 7.715, 0.0, 5.578, 7.188, 8.745, 10.121, 10.755, 12.128, 14.888, 16.698, 17.568, 18.35, 19.438, 20.223, 20.611, 20.946, 22.456, 25.556, 27.462, 27.363, 29.089, 32.156, 32.805, 34.086, 35.792, 36.376, 37.083, 39.258, 40.412, 40.719, 42.329, 43.164, 44.349, 45.081, 45.351, 46.08, 46.494, 47.184, 48.819, 49.52, 49.04, 48.851, 46.899, 46.179, 46.566, 47.017, 46.793, 46.142, 45.707, 45.938], [40.536, 40.012, 40.41, 43.171, 46.009, 46.179, 45.974, 47.491, 45.941, 42.412, 41.317, 41.436, 41.476, 41.686, 41.687, 41.142, 40.346, 38.773, 37.005, 35.18, 34.885, 35.398, 34.833, 34.479, 34.476, 33.718, 29.243, 25.59, 23.878, 23.054, 22.03, 20.434, 18.183, 16.34, 15.021, 15.052, 12.394, 5.578, 0.0, 3.144, 5.249, 6.759, 8.552, 10.734, 13.765, 15.927, 17.037, 17.86, 18.809, 19.684, 20.083, 20.502, 22.227, 25.493, 27.37, 27.324, 29.006, 31.993, 32.599, 33.591, 35.234, 36.094, 36.876, 38.976, 40.121, 40.289, 41.722, 42.557, 43.836, 44.544, 44.844, 45.613, 46.08, 46.888, 48.746, 49.451, 48.925, 48.79, 46.621, 45.739, 46.072, 46.476, 46.175, 45.476, 44.958, 45.064], [40.985, 40.449, 40.862, 43.713, 46.684, 47.048, 47.05, 48.6, 46.937, 43.344, 42.227, 42.356, 42.439, 42.719, 42.773, 42.226, 41.444, 39.886, 38.053, 36.151, 35.877, 36.43, 35.817, 35.49, 35.469, 34.855, 30.537, 26.812, 25.111, 24.267, 23.299, 21.754, 19.497, 17.545, 16.04, 16.0, 13.385, 7.188, 3.144, 0.0, 2.889, 5.089, 7.187, 9.755, 13.042, 15.237, 16.216, 16.92, 17.82, 18.691, 19.098, 19.543, 21.341, 24.725, 26.667, 26.613, 28.351, 31.433, 32.068, 33.047, 34.732, 35.7, 36.491, 38.552, 39.663, 39.764, 41.165, 42.041, 43.379, 44.068, 44.425, 45.247, 45.747, 46.658, 48.609, 49.33, 48.839, 48.748, 46.529, 45.598, 45.915, 46.303, 45.985, 45.273, 44.724, 44.785], [41.376, 40.765, 41.228, 44.329, 47.44, 47.859, 47.876, 49.308, 47.491, 43.838, 42.722, 42.792, 42.858, 43.151, 43.158, 42.495, 41.725, 40.341, 38.654, 36.814, 36.682, 37.307, 36.738, 36.653, 36.688, 36.188, 31.985, 28.183, 26.586, 25.797, 24.811, 23.279, 21.043, 18.969, 17.408, 17.414, 14.812, 8.745, 5.249, 2.889, 0.0, 2.927, 5.982, 9.004, 12.369, 14.601, 15.561, 16.269, 17.094, 18.0, 18.473, 19.006, 20.846, 24.199, 26.052, 25.992, 27.574, 30.573, 31.233, 32.154, 33.986, 35.244, 36.106, 38.132, 39.234, 39.216, 40.484, 41.421, 42.855, 43.513, 43.95, 44.806, 45.307, 46.342, 48.504, 49.237, 48.745, 48.727, 46.372, 45.33, 45.593, 45.961, 45.62, 44.877, 44.254, 44.215], [41.504, 40.816, 41.338, 44.711, 47.937, 48.33, 48.36, 49.709, 47.818, 44.1, 42.892, 42.852, 42.852, 43.121, 43.074, 42.312, 41.599, 40.468, 39.04, 37.304, 37.282, 37.976, 37.492, 37.615, 37.737, 37.334, 33.295, 29.489, 27.941, 27.158, 26.057, 24.501, 22.275, 20.166, 18.787, 18.957, 16.291, 10.121, 6.759, 5.089, 2.927, 0.0, 4.445, 8.297, 12.08, 14.471, 15.491, 16.28, 17.0, 17.913, 18.435, 19.047, 20.95, 24.258, 25.991, 25.9, 27.327, 30.19, 30.839, 31.721, 33.64, 35.092, 36.057, 38.155, 39.345, 39.274, 40.46, 41.51, 42.994, 43.628, 44.205, 45.12, 45.637, 46.742, 49.053, 49.851, 49.335, 49.313, 46.773, 45.613, 45.842, 46.185, 45.831, 45.079, 44.401, 44.269], [40.497, 39.854, 40.329, 43.557, 46.711, 47.181, 47.445, 48.813, 46.891, 43.21, 41.922, 41.876, 41.91, 42.18, 42.207, 41.514, 40.845, 39.8, 38.476, 36.789, 36.751, 37.449, 36.992, 37.205, 37.437, 37.112, 33.289, 29.641, 28.058, 27.203, 26.017, 24.473, 22.248, 20.244, 19.159, 19.371, 16.526, 10.755, 8.552, 7.187, 5.982, 4.445, 0.0, 5.15, 10.544, 13.289, 14.135, 14.848, 15.572, 16.444, 16.89, 17.38, 19.229, 22.595, 24.407, 24.278, 25.614, 28.47, 29.137, 30.262, 32.242, 33.554, 34.599, 36.93, 38.345, 38.452, 39.871, 41.065, 42.487, 43.129, 43.892, 44.962, 45.532, 46.667, 48.902, 49.817, 49.429, 49.281, 46.699, 45.589, 45.9, 46.266, 45.931, 45.211, 44.574, 44.483], [39.651, 39.053, 39.48, 42.485, 45.517, 46.078, 46.422, 47.777, 45.895, 42.596, 41.793, 41.847, 41.824, 42.022, 42.052, 41.357, 40.687, 39.74, 38.505, 36.859, 36.843, 37.483, 37.068, 37.452, 37.735, 37.31, 33.294, 29.663, 28.279, 27.696, 26.645, 25.168, 22.943, 20.879, 19.859, 19.949, 17.157, 12.128, 10.734, 9.755, 9.004, 8.297, 5.15, 0.0, 6.492, 9.86, 11.178, 12.265, 13.13, 14.094, 14.518, 14.878, 16.793, 20.235, 22.022, 21.953, 23.303, 26.31, 26.989, 28.21, 30.343, 31.668, 32.568, 34.737, 36.221, 36.557, 38.25, 39.505, 40.838, 41.507, 42.412, 43.589, 44.216, 45.408, 47.645, 48.675, 48.447, 48.325, 45.764, 44.685, 45.018, 45.388, 45.058, 44.349, 43.736, 43.679], [39.968, 39.355, 39.799, 42.747, 45.664, 46.252, 46.527, 47.847, 46.057, 43.147, 43.161, 43.522, 43.366, 43.444, 43.378, 42.617, 41.919, 41.088, 40.006, 38.415, 38.483, 39.06, 38.55, 39.04, 39.33, 38.719, 34.291, 30.534, 29.487, 29.352, 28.603, 27.246, 24.978, 22.636, 21.436, 21.393, 18.997, 14.888, 13.765, 13.042, 12.369, 12.08, 10.544, 6.492, 0.0, 4.63, 7.985, 10.197, 11.408, 12.585, 13.163, 13.592, 15.745, 19.168, 20.66, 20.724, 22.339, 25.521, 26.157, 27.207, 29.577, 31.169, 31.668, 33.17, 34.452, 34.908, 36.712, 37.95, 39.223, 39.898, 40.849, 42.063, 42.788, 44.101, 46.516, 47.682, 47.596, 47.663, 45.077, 43.889, 44.144, 44.472, 44.11, 43.382, 42.732, 42.622], [40.643, 40.047, 40.491, 43.336, 46.123, 46.76, 47.093, 48.401, 46.592, 43.648, 43.799, 44.462, 44.49, 44.59, 44.457, 43.728, 43.067, 42.235, 41.18, 39.604, 39.609, 40.137, 39.416, 39.694, 39.951, 39.342, 34.978, 31.267, 30.291, 30.254, 29.676, 28.441, 26.16, 23.782, 22.541, 22.376, 20.117, 16.698, 15.927, 15.237, 14.601, 14.471, 13.289, 9.86, 4.63, 0.0, 4.878, 8.116, 9.847, 11.191, 11.882, 12.381, 14.611, 18.198, 19.779, 19.82, 21.724, 25.187, 25.821, 26.846, 29.313, 30.977, 31.279, 32.487, 33.644, 34.145, 36.035, 37.248, 38.462, 39.176, 40.198, 41.458, 42.227, 43.58, 46.047, 47.266, 47.282, 47.446, 44.899, 43.731, 43.968, 44.276, 43.9, 43.165, 42.5, 42.355], [41.27, 40.689, 41.073, 43.812, 46.585, 47.282, 47.665, 48.898, 46.953, 43.862, 43.818, 44.507, 44.874, 45.225, 45.098, 44.389, 43.8, 42.964, 41.828, 40.199, 40.104, 40.621, 39.808, 39.967, 40.184, 39.758, 35.804, 32.207, 31.07, 30.817, 30.235, 29.013, 26.734, 24.504, 23.254, 22.99, 20.727, 17.568, 17.037, 16.216, 15.561, 15.491, 14.135, 11.178, 7.985, 4.878, 0.0, 4.146, 6.878, 8.539, 9.22, 9.805, 12.389, 16.621, 18.64, 18.582, 20.454, 24.119, 24.826, 25.92, 28.394, 30.072, 30.513, 31.927, 33.15, 33.63, 35.585, 36.816, 38.091, 38.888, 39.961, 41.252, 42.017, 43.387, 45.823, 47.026, 47.077, 47.226, 44.739, 43.668, 43.995, 44.336, 43.949, 43.224, 42.573, 42.424], [41.745, 41.178, 41.539, 44.227, 47.035, 47.761, 48.166, 49.443, 47.495, 44.362, 44.211, 44.835, 45.341, 45.942, 45.954, 45.291, 44.724, 43.846, 42.627, 40.974, 40.851, 41.356, 40.46, 40.49, 40.657, 40.324, 36.547, 32.979, 31.729, 31.328, 30.79, 29.632, 27.412, 25.304, 23.99, 23.68, 21.456, 18.35, 17.86, 16.92, 16.269, 16.28, 14.848, 12.265, 10.197, 8.116, 4.146, 0.0, 3.735, 5.891, 6.721, 7.628, 10.849, 15.66, 17.896, 17.738, 19.724, 23.631, 24.41, 25.466, 27.845, 29.506, 30.095, 31.708, 32.955, 33.342, 35.274, 36.506, 37.903, 38.752, 39.809, 41.141, 41.908, 43.262, 45.637, 46.779, 46.848, 46.983, 44.546, 43.54, 43.938, 44.359, 44.0, 43.275, 42.629, 42.487], [42.051, 41.462, 41.857, 44.706, 47.633, 48.402, 48.865, 50.172, 48.278, 45.208, 45.002, 45.529, 46.051, 46.773, 46.93, 46.293, 45.728, 44.91, 43.717, 42.132, 42.09, 42.554, 41.647, 41.672, 41.812, 41.486, 37.582, 33.896, 32.691, 32.375, 31.913, 30.804, 28.618, 26.526, 25.182, 24.894, 22.668, 19.438, 18.809, 17.82, 17.094, 17.0, 15.572, 13.13, 11.408, 9.847, 6.878, 3.735, 0.0, 2.894, 4.49, 6.199, 10.179, 15.162, 17.342, 17.163, 19.328, 23.543, 24.377, 25.273, 27.651, 29.487, 30.161, 31.698, 32.879, 33.18, 35.055, 36.334, 37.809, 38.674, 39.83, 41.194, 41.912, 43.2, 45.578, 46.697, 46.743, 46.896, 44.399, 43.357, 43.702, 44.122, 43.838, 43.14, 42.446, 42.251], [42.057, 41.467, 41.84, 44.687, 47.631, 48.444, 49.059, 50.482, 48.636, 45.594, 45.358, 45.87, 46.412, 47.184, 47.42, 46.856, 46.311, 45.489, 44.316, 42.794, 42.739, 43.124, 42.191, 42.181, 42.287, 41.967, 38.047, 34.357, 33.158, 32.853, 32.444, 31.36, 29.171, 27.063, 25.734, 25.475, 23.295, 20.223, 19.684, 18.691, 18.0, 17.913, 16.444, 14.094, 12.585, 11.191, 8.539, 5.891, 2.894, 0.0, 2.529, 5.078, 9.443, 14.614, 16.993, 16.856, 19.061, 23.411, 24.247, 25.106, 27.49, 29.326, 29.975, 31.424, 32.558, 32.881, 34.801, 36.111, 37.556, 38.414, 39.637, 41.039, 41.753, 42.979, 45.313, 46.47, 46.535, 46.668, 44.135, 43.074, 43.398, 43.81, 43.599, 42.992, 42.33, 42.147], [41.805, 41.231, 41.561, 44.377, 47.352, 48.192, 48.897, 50.397, 48.56, 45.514, 45.28, 45.787, 46.34, 47.117, 47.364, 46.853, 46.398, 45.597, 44.382, 42.822, 42.705, 43.061, 42.208, 42.268, 42.38, 42.066, 38.289, 34.705, 33.453, 33.055, 32.617, 31.541, 29.406, 27.419, 26.136, 25.872, 23.698, 20.611, 20.083, 19.098, 18.473, 18.435, 16.89, 14.518, 13.163, 11.882, 9.22, 6.721, 4.49, 2.529, 0.0, 3.314, 8.431, 14.032, 16.68, 16.633, 18.708, 22.95, 23.751, 24.681, 26.982, 28.667, 29.348, 30.937, 32.148, 32.543, 34.555, 35.888, 37.345, 38.216, 39.482, 40.94, 41.67, 42.851, 45.105, 46.298, 46.366, 46.426, 43.908, 42.889, 43.237, 43.65, 43.455, 42.9, 42.314, 42.196], [41.281, 40.731, 41.048, 43.805, 46.749, 47.638, 48.491, 50.104, 48.302, 45.224, 44.943, 45.464, 46.042, 46.809, 47.07, 46.608, 46.213, 45.459, 44.287, 42.732, 42.527, 42.879, 42.12, 42.188, 42.324, 41.975, 38.224, 34.719, 33.423, 32.999, 32.508, 31.491, 29.495, 27.626, 26.384, 26.07, 23.906, 20.946, 20.502, 19.543, 19.006, 19.047, 17.38, 14.878, 13.592, 12.381, 9.805, 7.628, 6.199, 5.078, 3.314, 0.0, 5.931, 12.206, 15.245, 15.283, 17.618, 22.095, 22.904, 23.947, 26.175, 27.688, 28.348, 29.992, 31.268, 31.762, 33.91, 35.274, 36.721, 37.587, 38.873, 40.404, 41.221, 42.457, 44.664, 45.896, 46.023, 46.022, 43.539, 42.594, 42.992, 43.389, 43.155, 42.593, 42.066, 42.054], [41.157, 40.593, 40.914, 43.604, 46.446, 47.405, 48.464, 50.238, 48.492, 45.342, 44.893, 45.364, 45.95, 46.709, 46.977, 46.549, 46.195, 45.567, 44.809, 43.715, 43.49, 43.791, 43.117, 42.989, 43.073, 42.694, 38.902, 35.457, 34.128, 33.723, 33.125, 32.216, 30.485, 28.697, 27.495, 27.138, 25.043, 22.456, 22.227, 21.341, 20.846, 20.95, 19.229, 16.793, 15.745, 14.611, 12.389, 10.849, 10.179, 9.443, 8.431, 5.931, 0.0, 7.299, 11.432, 11.631, 14.801, 20.164, 21.084, 22.372, 24.732, 26.182, 26.812, 28.371, 29.668, 30.316, 32.675, 34.131, 35.565, 36.408, 37.766, 39.452, 40.454, 41.862, 44.118, 45.405, 45.658, 45.611, 43.081, 42.208, 42.678, 43.054, 42.752, 42.149, 41.659, 41.776], [41.153, 40.508, 40.837, 43.516, 46.291, 47.318, 48.561, 50.502, 48.825, 45.696, 45.159, 45.515, 46.038, 46.726, 46.947, 46.502, 46.206, 45.814, 45.568, 45.277, 45.421, 45.639, 45.197, 45.125, 45.205, 44.791, 40.905, 37.503, 36.218, 35.955, 35.25, 34.421, 33.018, 31.346, 30.181, 29.786, 27.839, 25.556, 25.493, 24.725, 24.199, 24.258, 22.595, 20.235, 19.168, 18.198, 16.621, 15.66, 15.162, 14.614, 14.032, 12.206, 7.299, 0.0, 5.456, 6.604, 11.096, 17.485, 18.557, 20.139, 22.739, 24.31, 24.996, 26.351, 27.633, 28.508, 31.219, 32.887, 34.461, 35.353, 36.855, 38.722, 39.804, 41.27, 43.608, 45.047, 45.429, 45.337, 42.652, 41.754, 42.232, 42.561, 42.215, 41.597, 41.135, 41.316], [41.305, 40.588, 40.983, 43.806, 46.587, 47.597, 48.826, 50.723, 49.044, 46.004, 45.564, 45.845, 46.274, 46.883, 47.028, 46.5, 46.218, 46.013, 46.022, 46.099, 46.662, 46.935, 46.579, 46.765, 46.95, 46.487, 42.489, 39.069, 37.878, 37.748, 37.063, 36.274, 34.983, 33.304, 32.097, 31.721, 29.842, 27.462, 27.37, 26.667, 26.052, 25.991, 24.407, 22.022, 20.66, 19.779, 18.64, 17.896, 17.342, 16.993, 16.68, 15.245, 11.432, 5.456, 0.0, 3.53, 9.807, 16.401, 17.488, 19.057, 21.803, 23.618, 24.365, 25.522, 26.756, 27.725, 30.568, 32.401, 34.188, 35.074, 36.658, 38.664, 39.717, 41.16, 43.601, 45.149, 45.574, 45.49, 42.656, 41.635, 42.054, 42.352, 41.985, 41.334, 40.834, 40.975], [41.373, 40.656, 41.057, 43.814, 46.55, 47.544, 48.823, 50.743, 49.024, 45.949, 45.476, 45.736, 46.153, 46.769, 46.916, 46.394, 46.103, 45.903, 45.96, 46.035, 46.588, 46.942, 46.59, 46.685, 46.849, 46.424, 42.489, 39.069, 37.829, 37.639, 36.978, 36.198, 34.868, 33.199, 32.044, 31.696, 29.735, 27.363, 27.324, 26.613, 25.992, 25.9, 24.278, 21.953, 20.724, 19.82, 18.582, 17.738, 17.163, 16.856, 16.633, 15.283, 11.631, 6.604, 3.53, 0.0, 8.376, 15.758, 16.939, 18.575, 21.392, 23.24, 24.024, 25.282, 26.53, 27.459, 30.311, 32.175, 33.981, 34.865, 36.543, 38.645, 39.726, 41.224, 43.704, 45.235, 45.626, 45.486, 42.62, 41.621, 42.087, 42.428, 42.05, 41.366, 40.839, 40.96], [41.149, 40.302, 40.539, 43.201, 46.161, 47.143, 48.159, 49.904, 47.897, 44.741, 44.338, 44.445, 44.845, 45.462, 45.498, 44.823, 44.587, 44.686, 45.042, 45.274, 45.904, 46.29, 46.508, 47.508, 47.802, 47.683, 44.6, 41.419, 40.101, 39.735, 38.889, 37.892, 36.471, 34.871, 33.872, 33.57, 31.619, 29.089, 29.006, 28.351, 27.574, 27.327, 25.614, 23.303, 22.339, 21.724, 20.454, 19.724, 19.328, 19.061, 18.708, 17.618, 14.801, 11.096, 9.807, 8.376, 0.0, 8.41, 10.229, 12.864, 16.65, 19.217, 20.622, 22.533, 24.187, 25.16, 28.21, 30.273, 32.279, 33.29, 35.269, 37.554, 38.659, 40.365, 43.165, 44.833, 45.201, 44.984, 41.909, 40.855, 41.332, 41.711, 41.31, 40.615, 40.082, 40.108], [41.475, 40.529, 40.613, 43.203, 46.264, 47.222, 48.102, 49.694, 47.423, 44.21, 43.976, 44.001, 44.35, 44.923, 44.801, 43.961, 43.834, 44.275, 44.872, 45.183, 45.914, 46.295, 46.896, 48.903, 49.492, 49.598, 47.518, 44.779, 43.414, 42.824, 41.837, 40.763, 39.344, 37.799, 36.917, 36.685, 34.815, 32.156, 31.993, 31.433, 30.573, 30.19, 28.47, 26.31, 25.521, 25.187, 24.119, 23.631, 23.543, 23.411, 22.95, 22.095, 20.164, 17.485, 16.401, 15.758, 8.41, 0.0, 3.471, 9.092, 13.577, 16.459, 18.422, 21.09, 23.184, 24.133, 27.223, 29.492, 31.635, 32.701, 34.939, 37.462, 38.744, 40.664, 43.735, 45.625, 46.003, 45.675, 42.357, 41.162, 41.622, 42.022, 41.601, 40.95, 40.496, 40.488], [41.135, 40.169, 40.241, 42.894, 46.016, 46.978, 47.922, 49.586, 47.375, 44.214, 44.039, 44.08, 44.407, 44.989, 44.871, 44.042, 43.95, 44.421, 45.049, 45.353, 46.064, 46.441, 47.064, 49.191, 49.852, 49.949, 47.956, 45.303, 44.006, 43.437, 42.462, 41.414, 40.001, 38.441, 37.584, 37.382, 35.498, 32.805, 32.599, 32.068, 31.233, 30.839, 29.137, 26.989, 26.157, 25.821, 24.826, 24.41, 24.377, 24.247, 23.751, 22.904, 21.084, 18.557, 17.488, 16.939, 10.229, 3.471, 0.0, 7.056, 12.026, 15.108, 16.976, 19.619, 21.791, 22.609, 25.663, 28.007, 30.144, 31.233, 33.605, 36.256, 37.689, 39.726, 42.875, 44.86, 45.227, 44.812, 41.372, 40.131, 40.61, 41.01, 40.569, 39.957, 39.572, 39.586], [41.074, 40.002, 40.157, 43.22, 46.786, 47.853, 48.542, 50.08, 47.984, 44.975, 44.856, 44.807, 45.057, 45.72, 45.629, 44.76, 44.653, 45.114, 45.811, 46.169, 46.937, 47.38, 48.03, 50.184, 50.803, 50.962, 48.971,