[[0.0, 1.299, 2.149, 2.044, 1.486, 3.048, 3.308, 2.769, 3.494, 2.777, 2.883, 2.927, 4.622, 4.582, 5.726, 12.851, 19.908, 17.802, 12.462, 10.083, 9.545, 9.987, 10.341, 10.825, 11.477, 13.22, 13.748, 12.607, 11.91, 12.928, 13.127, 12.875, 12.479, 11.585, 10.764, 9.789, 9.638, 7.998, 7.367, 8.92, 9.06, 8.791, 7.807, 8.049, 8.799, 8.603, 7.863, 6.61, 7.427, 8.523, 8.409, 7.767, 5.98, 5.431, 5.305, 5.197, 5.579, 6.999, 7.688, 7.694, 6.765, 6.989, 8.152, 9.45, 8.715, 7.432, 5.063, 2.698, 2.029, 3.207, 3.945, 3.438, 4.491, 5.058, 5.534, 5.848, 5.434, 6.286, 6.495, 6.145, 6.357, 7.01, 7.665, 6.296, 4.995, 4.352, 4.751, 6.212, 7.129, 6.93, 5.253, 3.802, 2.907, 2.056, 1.938, 2.307, 3.345, 3.02, 3.199, 2.848, 2.984, 3.314, 2.991, 4.18, 5.42, 5.908, 7.596, 8.739, 8.184, 7.124, 7.205, 8.077, 9.339, 9.017, 9.988, 12.779, 14.66, 14.334, 12.841, 11.721, 11.88, 12.343, 11.202, 10.206, 9.581, 9.018, 9.606, 11.148, 10.443, 9.645, 9.311, 9.416, 10.202, 9.722, 9.117, 9.48, 9.023, 7.878, 6.917, 6.838, 6.258, 5.171, 4.845, 4.703, 3.69, 3.72, 3.633, 4.223, 5.789, 5.236, 6.162, 6.222, 6.299, 7.207, 7.959, 6.637, 5.9, 8.152, 10.648, 8.81, 7.184, 8.227, 7.512, 6.945, 5.844, 5.268, 4.107, 3.472, 3.462, 3.235, 3.316, 3.211, 2.841, 2.794, 3.042, 3.242, 3.325, 3.66, 4.319, 5.057, 4.088, 4.547, 5.413, 7.586, 11.366, 13.725, 13.576, 13.428, 14.155, 14.334, 13.292, 13.419, 14.619, 14.805, 14.556, 14.907, 13.416, 8.536, 5.291, 3.535, 3.699, 4.324, 4.387, 4.104, 3.116, 2.244], [1.299, 0.0, 1.784, 1.657, 1.385, 3.082, 3.652, 3.299, 3.923, 2.872, 2.221, 2.584, 4.576, 4.524, 5.676, 12.771, 19.86, 17.779, 12.338, 9.792, 9.317, 9.611, 9.835, 10.053, 10.913, 12.846, 13.517, 12.425, 11.8, 12.301, 12.911, 12.74, 12.302, 11.122, 10.03, 9.136, 9.356, 7.876, 7.062, 8.562, 8.806, 7.722, 6.745, 7.53, 8.698, 8.541, 7.571, 6.344, 7.296, 8.389, 8.161, 7.201, 5.466, 4.535, 4.419, 4.281, 4.596, 6.089, 6.861, 6.605, 5.729, 5.995, 7.283, 8.579, 7.842, 6.47, 4.12, 2.006, 1.838, 3.397, 4.002, 3.425, 4.433, 5.1, 5.59, 5.946, 5.565, 6.369, 6.568, 6.25, 6.491, 7.143, 7.75, 6.389, 5.149, 4.483, 5.067, 6.51, 7.332, 6.98, 5.539, 4.017, 2.909, 1.937, 2.024, 2.371, 3.366, 3.189, 3.282, 3.054, 3.048, 3.135, 2.515, 3.169, 4.368, 4.867, 6.549, 7.692, 7.15, 6.216, 6.364, 7.25, 8.582, 8.744, 9.908, 12.754, 14.636, 14.3, 12.596, 11.486, 11.716, 11.946, 10.488, 9.357, 8.706, 8.12, 9.028, 10.971, 10.312, 9.158, 8.817, 9.147, 9.989, 9.093, 8.361, 8.687, 8.041, 7.019, 5.983, 5.903, 5.332, 4.302, 4.095, 3.968, 2.98, 3.073, 2.945, 3.598, 4.947, 4.432, 5.351, 5.484, 5.526, 6.206, 6.938, 5.707, 5.016, 7.077, 9.571, 7.851, 6.135, 7.281, 6.557, 5.99, 4.841, 4.321, 3.253, 2.881, 2.939, 2.983, 3.052, 2.855, 2.777, 3.435, 3.584, 3.584, 3.792, 4.175, 4.608, 5.087, 3.941, 3.874, 4.578, 6.988, 10.944, 13.316, 13.176, 12.877, 13.523, 13.737, 12.929, 13.223, 14.479, 14.392, 13.974, 14.628, 13.204, 7.921, 4.481, 3.105, 2.928, 3.382, 3.274, 3.083, 2.233, 1.981], [2.149, 1.784, 0.0, 2.119, 1.648, 1.895, 3.002, 2.949, 3.243, 2.895, 2.259, 2.48, 2.963, 3.101, 4.042, 11.227, 18.257, 16.138, 10.924, 8.542, 8.081, 8.379, 8.529, 9.106, 9.869, 11.698, 12.205, 10.991, 10.371, 11.405, 11.616, 11.305, 10.741, 10.032, 9.605, 8.767, 8.202, 6.406, 5.732, 7.167, 7.941, 7.51, 6.807, 6.562, 7.226, 6.925, 6.12, 5.137, 5.818, 6.823, 6.87, 6.057, 4.648, 3.955, 3.828, 3.708, 4.824, 6.081, 6.4, 6.777, 5.96, 6.001, 6.893, 7.867, 7.206, 6.902, 4.707, 2.831, 3.202, 4.804, 5.611, 5.055, 6.07, 6.727, 7.262, 7.534, 7.138, 7.978, 8.18, 7.837, 8.05, 8.707, 9.349, 7.984, 6.66, 6.013, 6.401, 7.853, 8.856, 8.659, 6.942, 5.463, 4.424, 3.119, 2.931, 3.676, 5.045, 4.429, 4.033, 3.739, 4.088, 4.167, 3.277, 3.69, 4.537, 5.021, 6.613, 7.787, 7.122, 6.42, 6.563, 7.453, 7.738, 7.547, 8.303, 11.069, 12.999, 12.631, 11.328, 10.198, 10.312, 10.919, 9.529, 8.49, 7.833, 7.41, 7.96, 9.504, 8.707, 7.846, 7.701, 7.76, 8.698, 8.025, 7.453, 8.157, 8.35, 7.446, 6.393, 6.209, 5.729, 4.78, 4.711, 4.768, 3.693, 3.765, 3.635, 3.101, 4.709, 4.913, 6.198, 6.289, 6.134, 6.763, 7.457, 6.292, 5.634, 7.405, 9.321, 7.297, 6.304, 7.568, 6.883, 6.297, 5.306, 4.923, 3.678, 3.37, 3.674, 3.394, 3.059, 2.918, 3.447, 3.134, 2.941, 3.349, 3.925, 4.383, 4.111, 4.103, 2.954, 3.46, 4.29, 6.193, 9.711, 12.228, 12.078, 11.832, 12.504, 12.657, 11.755, 11.81, 13.155, 13.266, 12.918, 13.334, 11.926, 7.157, 4.437, 3.209, 3.322, 3.847, 3.707, 3.31, 2.763, 2.63], [2.044, 1.657, 2.119, 0.0, 1.665, 3.32, 3.9, 3.622, 4.309, 3.414, 1.947, 2.262, 4.254, 4.2, 5.34, 12.862, 19.912, 17.618, 12.532, 10.171, 9.671, 9.879, 10.088, 10.387, 11.345, 13.275, 13.841, 12.656, 12.026, 12.795, 13.164, 12.865, 12.267, 11.12, 10.04, 9.374, 9.206, 7.636, 7.094, 8.634, 9.085, 8.192, 7.33, 8.164, 8.874, 8.533, 7.702, 6.545, 7.359, 8.504, 8.518, 7.58, 5.81, 4.845, 4.802, 4.638, 4.888, 6.472, 7.035, 6.856, 6.012, 6.424, 7.675, 8.894, 8.138, 6.716, 4.806, 2.78, 2.334, 3.766, 4.551, 3.849, 4.767, 5.427, 6.064, 6.422, 6.018, 6.875, 7.09, 6.73, 6.938, 7.624, 8.214, 6.869, 5.541, 4.731, 4.918, 6.343, 7.571, 7.299, 5.55, 4.295, 3.463, 1.903, 2.361, 2.437, 3.803, 3.502, 3.12, 3.073, 3.239, 3.452, 3.001, 3.688, 4.783, 5.267, 6.891, 8.024, 7.514, 6.317, 6.339, 7.52, 8.996, 9.157, 9.928, 12.574, 14.555, 14.272, 12.973, 11.862, 11.816, 12.246, 10.972, 9.767, 9.148, 8.468, 9.34, 10.921, 10.264, 9.439, 9.117, 9.239, 10.334, 9.546, 8.815, 8.963, 8.129, 7.25, 6.193, 6.075, 5.503, 4.62, 4.56, 4.468, 3.422, 3.619, 3.368, 4.119, 5.2, 4.69, 5.801, 5.934, 5.928, 6.519, 7.049, 6.011, 5.299, 7.164, 9.979, 8.247, 6.46, 7.407, 6.711, 6.116, 5.155, 4.736, 4.003, 3.597, 3.632, 3.757, 3.924, 3.624, 3.62, 3.986, 3.95, 3.975, 3.834, 4.113, 4.571, 5.336, 3.805, 3.863, 4.935, 7.273, 11.158, 13.616, 13.649, 13.361, 13.976, 14.165, 13.272, 13.494, 14.768, 14.572, 14.474, 14.947, 13.32, 8.236, 5.103, 3.838, 3.43, 3.84, 3.838, 3.605, 2.636, 1.919], [1.486, 1.385, 1.648, 1.665, 0.0, 2.498, 3.202, 2.872, 3.535, 2.635, 1.99, 2.326, 3.877, 3.875, 4.959, 12.247, 19.326, 17.097, 11.93, 9.562, 9.079, 9.31, 9.551, 9.981, 10.86, 12.72, 13.238, 12.044, 11.407, 12.245, 12.583, 12.291, 11.818, 10.668, 9.742, 8.959, 8.742, 7.204, 6.569, 8.031, 8.474, 7.904, 6.991, 7.558, 8.183, 7.957, 7.108, 5.954, 6.746, 7.899, 7.903, 7.101, 5.166, 4.534, 4.421, 4.295, 4.826, 6.21, 6.726, 6.813, 6.007, 6.133, 7.273, 8.543, 7.801, 6.825, 4.345, 2.111, 2.018, 3.903, 4.681, 4.144, 5.131, 5.673, 6.283, 6.594, 6.182, 7.048, 7.261, 6.9, 7.105, 7.776, 8.408, 7.042, 5.718, 4.976, 5.356, 6.79, 7.818, 7.647, 5.878, 4.438, 3.251, 1.898, 2.151, 2.766, 4.047, 3.24, 3.121, 2.848, 3.052, 3.461, 2.715, 3.412, 4.623, 5.085, 6.747, 7.905, 7.288, 6.424, 6.467, 7.456, 8.525, 8.569, 9.314, 12.095, 13.985, 13.69, 12.361, 11.242, 11.325, 11.772, 10.461, 9.383, 8.758, 8.154, 8.909, 10.467, 9.785, 8.885, 8.653, 8.669, 9.731, 9.064, 8.315, 8.598, 8.337, 7.272, 6.285, 6.207, 5.645, 4.562, 4.188, 4.095, 3.236, 3.354, 3.039, 3.548, 4.888, 4.46, 5.523, 5.622, 5.627, 6.597, 7.34, 6.029, 5.241, 7.431, 9.71, 7.94, 6.381, 7.565, 6.851, 6.272, 5.154, 4.681, 3.475, 3.053, 3.279, 3.147, 3.103, 2.878, 2.952, 2.997, 3.194, 3.304, 3.441, 3.864, 4.118, 4.76, 3.568, 3.568, 4.588, 6.917, 10.721, 13.215, 13.075, 12.868, 13.534, 13.699, 12.747, 12.879, 14.176, 14.123, 13.954, 14.36, 12.821, 7.751, 4.604, 3.197, 3.276, 3.749, 3.655, 3.315, 2.431, 1.668], [3.048, 3.082, 1.895, 3.32, 2.498, 0.0, 1.63, 2.09, 2.151, 2.025, 2.364, 2.54, 2.16, 1.984, 2.939, 10.315, 17.374, 15.107, 10.378, 7.959, 7.553, 8.092, 8.498, 9.13, 9.74, 11.25, 11.733, 10.417, 9.686, 11.311, 11.054, 10.46, 10.407, 9.963, 9.455, 8.557, 7.912, 5.968, 5.426, 6.817, 7.374, 7.444, 6.65, 6.108, 6.295, 6.042, 5.576, 4.579, 4.917, 5.913, 6.3, 5.872, 4.441, 3.928, 3.854, 3.683, 4.797, 5.955, 6.244, 6.655, 5.916, 5.895, 6.837, 7.878, 7.167, 6.843, 4.687, 3.048, 4.045, 6.016, 6.786, 6.267, 7.28, 7.909, 8.435, 8.725, 8.331, 9.146, 9.351, 9.005, 9.21, 9.889, 10.509, 9.147, 7.821, 7.149, 7.528, 8.95, 9.989, 9.831, 8.056, 6.595, 5.421, 3.55, 3.12, 4.638, 6.197, 5.135, 3.696, 3.709, 4.313, 3.892, 2.893, 3.305, 4.464, 5.007, 6.54, 7.707, 7.054, 6.363, 6.535, 7.429, 7.738, 7.065, 7.356, 9.914, 11.912, 11.552, 10.572, 9.41, 9.534, 10.351, 9.543, 8.472, 7.848, 7.399, 7.928, 8.512, 8.037, 7.829, 7.567, 7.614, 8.088, 7.867, 7.478, 8.082, 8.337, 7.591, 6.422, 6.185, 5.772, 4.946, 4.959, 5.354, 4.692, 4.965, 4.455, 3.168, 4.668, 5.104, 6.383, 6.629, 6.325, 6.893, 7.503, 6.449, 5.838, 7.39, 9.312, 7.276, 6.315, 7.497, 6.895, 6.3, 5.424, 4.913, 3.269, 2.955, 3.197, 3.15, 2.529, 2.598, 3.134, 2.529, 2.128, 2.676, 3.338, 3.582, 3.283, 2.882, 2.6, 3.038, 4.091, 6.082, 9.493, 11.834, 11.702, 11.517, 12.271, 12.442, 11.393, 11.315, 12.53, 12.878, 12.599, 12.92, 11.41, 7.059, 4.031, 2.554, 3.142, 3.554, 3.525, 3.159, 3.112, 2.769], [3.308, 3.652, 3.002, 3.9, 3.202, 1.63, 0.0, 1.969, 1.989, 2.404, 2.946, 3.499, 2.91, 2.276, 3.542, 11.035, 18.221, 15.87, 11.281, 8.883, 8.47, 8.978, 9.421, 10.03, 10.64, 12.214, 12.69, 11.365, 10.65, 12.188, 11.905, 11.26, 11.257, 10.787, 10.152, 9.33, 8.611, 6.714, 6.243, 7.712, 8.236, 8.312, 7.336, 7.017, 7.133, 6.936, 6.359, 5.343, 5.676, 6.752, 7.256, 6.827, 5.332, 4.84, 4.703, 4.617, 5.85, 6.697, 7.131, 7.559, 6.83, 6.652, 7.658, 8.785, 8.004, 7.907, 5.876, 3.984, 4.371, 6.109, 6.728, 6.308, 7.401, 7.927, 8.274, 8.503, 8.07, 8.923, 9.13, 8.782, 8.988, 9.603, 10.296, 8.958, 7.612, 6.856, 7.223, 8.632, 9.686, 9.527, 7.763, 6.306, 5.325, 3.645, 3.152, 4.459, 5.892, 4.845, 3.443, 3.395, 4.048, 3.721, 3.029, 4.009, 5.353, 5.957, 7.403, 8.615, 7.898, 7.378, 7.537, 8.361, 8.65, 7.958, 8.228, 10.421, 12.675, 12.158, 11.452, 10.298, 10.351, 11.191, 10.41, 9.364, 8.652, 8.236, 8.749, 9.198, 8.866, 8.714, 8.372, 8.436, 9.03, 8.792, 8.371, 8.904, 9.132, 8.786, 7.574, 7.212, 6.83, 6.131, 6.063, 6.378, 5.771, 6.04, 5.579, 4.468, 5.834, 6.271, 7.43, 7.693, 7.492, 8.031, 8.536, 7.586, 6.98, 8.347, 10.151, 8.203, 7.352, 8.397, 7.779, 7.203, 6.575, 6.076, 3.782, 3.18, 2.924, 2.896, 2.4, 2.563, 3.074, 2.512, 2.104, 2.527, 3.061, 3.213, 2.789, 3.005, 2.992, 3.582, 4.822, 6.885, 10.36, 12.722, 12.627, 12.441, 13.176, 13.369, 12.304, 12.22, 13.46, 13.778, 13.563, 13.877, 12.272, 7.85, 4.747, 3.381, 4.061, 4.524, 4.461, 4.18, 4.229, 3.442], [2.769, 3.299, 2.949, 3.622, 2.872, 2.09, 1.969, 0.0, 1.579, 1.952, 2.816, 3.113, 3.621, 3.517, 4.572, 11.769, 18.826, 16.649, 11.441, 9.112, 8.657, 9.097, 9.524, 10.079, 10.713, 12.375, 12.828, 11.572, 10.883, 12.217, 12.161, 11.778, 11.504, 10.839, 10.208, 9.215, 8.767, 7.03, 6.385, 7.907, 8.296, 8.205, 7.239, 7.105, 7.404, 7.318, 6.625, 5.412, 6.115, 7.354, 7.441, 6.929, 5.273, 4.803, 4.699, 4.472, 5.285, 6.589, 6.936, 7.23, 6.413, 6.501, 7.53, 8.788, 7.987, 7.229, 5.079, 3.292, 3.789, 5.178, 5.761, 5.388, 6.521, 7.04, 7.089, 7.079, 6.665, 7.446, 7.645, 7.307, 7.519, 8.16, 8.816, 7.492, 6.177, 5.448, 5.853, 7.308, 8.271, 8.097, 6.35, 5.066, 4.663, 3.065, 2.105, 3.403, 4.488, 3.401, 2.185, 2.163, 2.639, 2.151, 2.17, 3.664, 4.908, 5.542, 7.206, 8.368, 7.723, 6.928, 7.036, 7.942, 8.664, 8.191, 8.815, 11.611, 13.496, 13.177, 11.856, 10.715, 10.826, 11.502, 10.454, 9.366, 8.716, 8.257, 8.824, 9.972, 9.244, 8.736, 8.486, 8.576, 9.276, 8.89, 8.412, 8.855, 8.848, 8.091, 6.903, 6.707, 6.22, 5.493, 5.464, 5.816, 5.277, 5.575, 5.1, 3.866, 5.272, 5.639, 6.924, 7.206, 6.937, 7.361, 7.901, 6.887, 6.333, 7.889, 10.042, 8.161, 6.865, 8.071, 7.377, 6.791, 5.901, 5.295, 3.643, 2.842, 2.273, 2.208, 1.686, 1.811, 1.627, 1.251, 1.285, 1.137, 1.562, 1.822, 2.357, 3.483, 3.008, 3.627, 4.781, 6.889, 10.507, 12.876, 12.726, 12.564, 13.308, 13.478, 12.439, 12.462, 13.726, 13.947, 13.69, 14.031, 12.546, 7.836, 4.355, 2.634, 3.186, 3.693, 3.775, 3.668, 3.704, 2.979], [3.494, 3.923, 3.243, 4.309, 3.535, 2.151, 1.989, 1.579, 0.0, 1.55, 3.4, 3.609, 3.374, 2.812, 3.374, 10.499, 17.722, 15.493, 10.649, 8.233, 7.785, 8.309, 8.674, 9.182, 9.842, 11.546, 12.042, 10.712, 9.991, 11.315, 11.192, 10.739, 10.661, 9.911, 9.393, 8.643, 8.113, 6.265, 5.527, 6.938, 7.385, 7.456, 6.628, 6.224, 6.477, 6.418, 5.692, 4.412, 5.131, 6.183, 6.591, 6.115, 4.49, 3.964, 3.82, 3.936, 4.815, 6.002, 6.325, 6.688, 5.894, 5.929, 6.876, 7.88, 7.151, 6.794, 4.935, 3.712, 4.493, 6.038, 6.599, 6.17, 7.274, 7.826, 8.037, 8.285, 7.875, 8.697, 8.912, 8.555, 8.777, 9.41, 10.076, 8.71, 7.382, 6.678, 7.13, 8.591, 9.527, 9.283, 7.628, 6.34, 5.383, 3.711, 3.057, 4.364, 5.707, 4.655, 3.266, 3.371, 3.862, 3.096, 2.552, 3.288, 4.356, 5.02, 6.615, 7.793, 7.123, 6.427, 6.538, 7.448, 7.761, 7.213, 7.722, 10.415, 12.329, 11.97, 10.857, 9.695, 9.73, 10.541, 9.547, 8.505, 7.829, 7.416, 7.949, 8.683, 8.34, 7.888, 7.59, 7.669, 8.383, 8.074, 7.496, 8.124, 8.331, 7.799, 6.533, 6.213, 5.787, 5.46, 5.79, 6.112, 5.797, 6.15, 5.522, 3.871, 4.827, 5.497, 6.869, 7.254, 7.014, 7.054, 7.474, 6.653, 6.212, 7.372, 9.298, 7.301, 6.336, 7.574, 6.872, 6.288, 5.651, 4.984, 3.157, 2.6, 2.401, 2.329, 1.86, 2.219, 2.379, 2.097, 1.732, 1.89, 2.5, 2.184, 1.931, 2.706, 2.319, 2.919, 4.067, 6.079, 9.641, 12.054, 11.909, 11.757, 12.501, 12.681, 11.599, 11.559, 12.802, 13.105, 12.895, 13.213, 11.655, 6.972, 3.693, 2.512, 3.217, 3.309, 3.389, 3.316, 4.056, 3.522], [2.777, 2.872, 2.895, 3.414, 2.635, 2.025, 2.404, 1.952, 1.55, 0.0, 2.42, 2.644, 3.275, 2.84, 3.423, 10.553, 17.681, 15.524, 10.368, 7.918, 7.456, 7.934, 8.293, 8.702, 9.356, 11.102, 11.627, 10.29, 9.695, 10.841, 10.906, 10.57, 10.366, 9.545, 8.608, 7.757, 7.602, 5.898, 5.12, 6.544, 6.785, 6.604, 5.629, 5.798, 6.377, 6.231, 5.426, 4.229, 4.973, 6.11, 6.156, 5.644, 3.8, 3.42, 3.222, 3.444, 3.706, 4.931, 5.639, 5.66, 4.756, 4.883, 5.98, 7.326, 6.637, 5.634, 4.045, 2.76, 3.756, 5.633, 6.272, 5.718, 6.763, 7.448, 7.898, 8.202, 7.776, 8.625, 8.797, 8.458, 8.724, 9.323, 9.996, 8.622, 7.322, 6.666, 7.219, 8.691, 9.619, 9.333, 7.7, 6.287, 5.011, 3.201, 2.581, 4.284, 5.582, 4.575, 3.361, 3.443, 3.919, 3.023, 2.068, 2.22, 3.32, 3.883, 5.552, 6.71, 6.09, 5.414, 5.545, 6.358, 7.22, 6.856, 7.623, 10.48, 12.369, 12.008, 10.594, 9.466, 9.556, 10.272, 9.073, 8.025, 7.347, 6.86, 7.484, 8.685, 8.088, 7.482, 7.226, 7.32, 8.069, 7.602, 7.026, 7.42, 7.218, 6.759, 5.396, 5.083, 4.706, 4.432, 4.726, 5.058, 4.583, 5.003, 4.401, 3.229, 3.894, 4.606, 5.872, 6.22, 5.985, 5.97, 6.337, 5.629, 5.176, 6.235, 8.47, 6.684, 5.193, 6.427, 5.723, 5.137, 4.619, 3.92, 2.087, 1.756, 1.984, 2.154, 2.06, 2.348, 2.4, 2.517, 2.346, 2.309, 2.768, 2.5, 2.516, 2.81, 2.191, 2.451, 3.371, 5.492, 9.209, 11.588, 11.54, 11.324, 12.059, 12.223, 11.232, 11.125, 12.566, 12.842, 12.465, 12.885, 11.443, 6.434, 2.978, 1.911, 2.445, 2.621, 2.547, 2.528, 3.007, 2.582], [2.883, 2.221, 2.259, 1.947, 1.99, 2.364, 2.946, 2.816, 3.4, 2.42, 0.0, 1.59, 2.954, 2.997, 3.984, 11.557, 18.607, 16.296, 11.238, 8.895, 8.412, 8.661, 8.854, 9.274, 10.193, 12.075, 12.568, 11.37, 10.718, 11.586, 11.88, 11.559, 11.02, 9.981, 8.67, 7.98, 7.863, 6.343, 5.837, 7.322, 7.76, 6.896, 6.037, 6.941, 7.536, 7.141, 6.29, 5.157, 6.029, 7.24, 7.232, 6.424, 4.535, 3.791, 3.67, 3.632, 3.601, 5.131, 5.842, 5.551, 4.761, 5.096, 6.566, 7.72, 6.972, 5.581, 3.798, 2.571, 3.043, 4.924, 5.744, 5.124, 6.051, 6.673, 7.298, 7.659, 7.246, 8.104, 8.316, 7.963, 8.175, 8.853, 9.455, 8.096, 6.775, 5.986, 6.261, 7.641, 8.793, 8.655, 6.867, 5.462, 4.214, 2.36, 2.502, 3.542, 5.066, 4.118, 2.857, 3.002, 3.47, 2.93, 2.125, 2.653, 3.611, 4.232, 5.598, 6.715, 6.292, 5.24, 5.24, 6.482, 7.843, 7.901, 8.619, 11.19, 13.217, 12.937, 11.691, 10.561, 10.591, 11.106, 9.779, 8.628, 7.984, 7.389, 8.206, 9.699, 8.955, 8.166, 7.935, 7.988, 9.065, 8.398, 7.634, 7.867, 7.027, 6.214, 5.122, 4.983, 4.56, 3.616, 3.909, 4.062, 3.363, 3.733, 3.211, 3.139, 4.08, 3.622, 5.036, 5.363, 5.104, 5.463, 6.107, 5.081, 4.377, 6.105, 8.669, 7.138, 5.181, 6.303, 5.605, 5.02, 4.244, 3.877, 3.084, 2.735, 2.836, 3.182, 3.007, 2.868, 3.14, 3.403, 3.381, 3.252, 3.324, 3.593, 3.847, 4.238, 3.003, 3.019, 3.975, 6.255, 10.027, 12.525, 12.425, 12.192, 12.831, 13.018, 12.092, 12.202, 13.507, 13.456, 13.295, 13.712, 12.109, 7.068, 3.99, 2.728, 2.483, 3.004, 2.932, 2.541, 2.161, 1.524], [2.927, 2.584, 2.48, 2.262, 2.326, 2.54, 3.499, 3.113, 3.609, 2.644, 1.59, 0.0, 2.528, 2.987, 3.666, 10.95, 17.985, 15.772, 10.6, 8.271, 7.804, 8.16, 8.494, 8.987, 9.736, 11.528, 11.983, 10.763, 10.069, 11.13, 11.239, 10.968, 10.457, 9.472, 8.322, 7.628, 7.572, 5.997, 5.359, 6.906, 7.176, 6.827, 5.981, 6.601, 7.192, 6.79, 6.046, 4.787, 5.666, 6.727, 6.6, 6.027, 4.186, 3.783, 3.45, 3.572, 3.478, 5.035, 5.762, 5.461, 4.696, 5.103, 6.353, 7.54, 6.838, 5.433, 4.028, 2.72, 3.5, 5.445, 6.268, 5.596, 6.517, 7.182, 7.819, 8.173, 7.757, 8.63, 8.845, 8.476, 8.678, 9.299, 9.967, 8.6, 7.304, 6.489, 6.751, 8.147, 9.296, 9.09, 7.409, 5.977, 4.644, 2.763, 2.78, 4.069, 5.549, 4.555, 3.472, 3.553, 3.882, 3.476, 2.773, 3.049, 3.594, 4.21, 5.45, 6.566, 6.166, 4.916, 4.958, 6.084, 7.504, 7.27, 8.067, 10.772, 12.719, 12.423, 11.019, 9.895, 9.931, 10.433, 9.369, 8.412, 7.812, 7.155, 7.744, 9.123, 8.473, 7.838, 7.404, 7.557, 8.429, 7.945, 7.292, 7.564, 6.76, 6.009, 4.883, 4.747, 4.27, 3.517, 3.818, 3.929, 3.103, 3.668, 2.912, 2.832, 3.916, 3.522, 4.962, 5.28, 5.001, 5.332, 5.81, 4.946, 4.183, 5.846, 8.597, 6.893, 5.008, 6.045, 5.324, 4.752, 4.274, 4.171, 3.323, 3.308, 3.405, 3.772, 3.362, 3.554, 3.344, 3.736, 3.556, 3.802, 3.797, 3.934, 4.206, 4.71, 3.335, 3.4, 4.147, 5.871, 9.446, 11.922, 11.875, 11.729, 12.414, 12.598, 11.575, 11.64, 12.872, 12.903, 12.841, 13.188, 11.495, 6.686, 3.83, 2.574, 2.316, 2.918, 3.014, 2.656, 2.09, 1.996], [4.622, 4.576, 2.963, 4.254, 3.877, 2.16, 2.91, 3.621, 3.374, 3.275, 2.954, 2.528, 0.0, 1.58, 1.812, 8.961, 16.034, 13.675, 8.861, 6.548, 6.069, 6.529, 7.056, 7.728, 8.341, 9.796, 10.256, 8.977, 8.27, 9.89, 9.467, 9.077, 8.862, 8.573, 8.248, 7.693, 6.727, 4.768, 4.236, 5.443, 6.356, 6.581, 5.977, 5.25, 5.589, 4.858, 4.31, 3.638, 3.644, 4.726, 4.855, 4.492, 3.634, 3.314, 2.877, 3.164, 4.302, 5.266, 5.549, 6.033, 5.333, 5.239, 6.035, 6.592, 6.184, 6.438, 5.014, 4.269, 5.714, 7.686, 8.531, 7.917, 8.837, 9.459, 10.085, 10.437, 10.026, 10.893, 11.109, 10.743, 10.944, 11.546, 12.238, 10.876, 9.56, 8.782, 9.031, 10.369, 11.576, 11.42, 9.66, 8.234, 6.907, 4.982, 4.786, 6.322, 7.872, 6.811, 5.309, 5.342, 5.974, 5.433, 4.39, 4.013, 4.081, 4.692, 5.792, 6.983, 6.285, 5.71, 5.858, 6.755, 6.685, 5.818, 6.067, 8.55, 10.602, 10.31, 9.25, 8.077, 8.065, 8.703, 8.131, 7.415, 6.764, 6.531, 6.602, 7.143, 6.54, 6.433, 6.107, 6.054, 6.675, 6.399, 6.291, 7.079, 7.536, 7.07, 5.922, 5.635, 5.273, 4.64, 5.122, 5.303, 4.824, 5.564, 4.479, 2.827, 4.186, 4.602, 6.186, 6.576, 6.159, 6.449, 6.937, 6.102, 5.404, 6.735, 8.25, 6.12, 5.736, 6.884, 6.173, 5.6, 5.478, 5.378, 3.909, 4.265, 4.607, 4.713, 3.874, 4.252, 4.588, 4.225, 3.772, 4.254, 4.806, 4.777, 3.924, 3.29, 2.776, 3.379, 3.916, 5.1, 7.968, 10.287, 10.343, 10.015, 10.736, 10.954, 9.918, 9.845, 11.131, 11.195, 11.131, 11.465, 9.783, 5.921, 3.993, 3.214, 3.55, 4.017, 3.818, 3.452, 3.797, 3.957], [4.582, 4.524, 3.101, 4.2, 3.875, 1.984, 2.276, 3.517, 2.812, 2.84, 2.997, 2.987, 1.58, 0.0, 2.074, 9.564, 16.763, 14.346, 9.722, 7.363, 6.907, 7.365, 7.84, 8.387, 9.01, 10.656, 11.132, 9.844, 9.082, 10.529, 10.287, 9.779, 9.641, 9.047, 8.768, 8.236, 7.268, 5.355, 4.739, 6.12, 6.789, 7.055, 6.463, 5.792, 5.982, 5.551, 5.007, 4.106, 4.323, 5.38, 5.709, 5.283, 4.03, 3.445, 3.289, 3.452, 4.935, 5.794, 6.083, 6.605, 5.891, 5.742, 6.566, 7.271, 6.686, 7.075, 5.445, 4.33, 5.662, 7.646, 8.491, 7.865, 8.787, 9.403, 10.039, 10.403, 9.987, 10.853, 11.069, 10.704, 10.905, 11.502, 12.194, 10.838, 9.52, 8.729, 8.958, 10.266, 11.515, 11.366, 9.602, 8.193, 6.86, 4.924, 4.743, 6.285, 7.82, 6.76, 5.142, 5.248, 5.933, 5.218, 4.113, 3.607, 4.534, 5.048, 6.362, 7.593, 6.844, 6.358, 6.489, 7.323, 7.222, 6.405, 6.744, 8.959, 11.216, 10.729, 10.008, 8.829, 8.825, 9.53, 8.803, 7.973, 7.306, 7.095, 7.207, 7.734, 7.322, 7.2, 6.784, 6.778, 7.495, 7.214, 6.824, 7.608, 8.078, 7.812, 6.612, 6.227, 5.834, 5.328, 5.785, 5.937, 5.443, 5.833, 5.089, 3.644, 4.859, 5.405, 6.931, 7.227, 6.936, 7.162, 7.605, 6.756, 6.122, 7.355, 8.721, 6.629, 6.33, 7.386, 6.744, 6.206, 5.848, 5.479, 3.503, 3.86, 4.15, 4.229, 3.65, 4.012, 4.523, 4.158, 3.627, 4.029, 4.534, 4.437, 3.443, 3.029, 2.376, 2.881, 3.844, 5.429, 8.762, 11.136, 11.027, 10.872, 11.607, 11.794, 10.728, 10.669, 11.902, 12.068, 12.001, 12.333, 10.645, 6.398, 4.227, 3.346, 3.758, 4.26, 3.998, 3.536, 3.907, 3.861], [5.726, 5.676, 4.042, 5.34, 4.959, 2.939, 3.542, 4.572, 3.374, 3.423, 3.984, 3.666, 1.812, 2.074, 0.0, 7.847, 14.989, 12.587, 8.01, 5.629, 5.204, 5.737, 6.239, 6.872, 7.483, 8.954, 9.417, 8.081, 7.436, 9.057, 8.634, 8.034, 8.072, 7.629, 7.158, 6.566, 5.633, 3.664, 3.198, 4.607, 5.31, 5.591, 4.965, 4.3, 4.519, 3.942, 3.522, 2.666, 2.734, 3.711, 3.977, 3.617, 2.614, 2.554, 2.136, 2.78, 3.673, 4.174, 4.428, 4.99, 4.356, 4.263, 4.989, 5.688, 5.152, 5.697, 4.768, 5.293, 6.811, 8.792, 9.631, 9.023, 9.941, 10.558, 11.191, 11.544, 11.134, 11.997, 12.212, 11.85, 12.051, 12.65, 13.341, 11.984, 10.663, 9.885, 10.125, 11.488, 12.688, 12.539, 10.766, 9.334, 8.02, 6.112, 5.88, 7.422, 8.972, 7.917, 6.265, 6.39, 7.074, 6.314, 5.08, 3.9, 3.33, 3.65, 4.749, 5.983, 5.233, 4.986, 4.977, 5.672, 5.578, 4.826, 4.959, 7.335, 9.453, 9.09, 8.215, 7.055, 7.069, 7.805, 7.258, 6.416, 5.721, 5.455, 5.658, 6.03, 5.686, 5.633, 5.255, 5.237, 5.755, 5.607, 5.26, 5.958, 6.419, 6.55, 5.351, 4.898, 4.522, 4.66, 5.863, 5.878, 5.687, 6.602, 5.323, 3.217, 3.571, 4.502, 6.194, 6.979, 6.298, 5.989, 6.178, 5.802, 5.464, 5.856, 7.188, 5.136, 4.815, 5.77, 5.108, 4.589, 5.143, 4.869, 3.63, 4.397, 4.874, 5.01, 4.714, 5.121, 5.594, 5.212, 4.536, 4.864, 5.473, 4.789, 3.569, 3.07, 2.495, 2.847, 2.878, 3.99, 7.162, 9.462, 9.464, 9.195, 9.911, 10.145, 9.12, 8.986, 10.219, 10.369, 10.293, 10.596, 8.885, 4.903, 3.069, 3.559, 3.961, 3.878, 3.604, 3.54, 4.678, 4.999], [12.851, 12.771, 11.227, 12.862, 12.247, 10.315, 11.035, 11.769, 10.499, 10.553, 11.557, 10.95, 8.961, 9.564, 7.847, 0.0, 7.356, 5.215, 1.896, 3.162, 3.555, 3.333, 3.479, 3.609, 2.754, 1.988, 2.101, 1.537, 1.681, 2.77, 1.913, 1.357, 2.024, 2.529, 3.304, 3.837, 3.846, 5.293, 5.842, 4.469, 4.111, 6.412, 7.018, 5.771, 4.7, 4.614, 5.636, 6.754, 5.793, 4.86, 5.085, 6.065, 7.577, 9.136, 8.717, 9.173, 9.274, 7.206, 6.399, 7.807, 8.401, 7.634, 6.437, 4.724, 5.472, 8.447, 11.095, 12.348, 13.93, 15.937, 16.67, 16.145, 17.1, 17.753, 18.314, 18.611, 18.215, 19.04, 19.25, 18.899, 19.115, 19.789, 20.409, 19.044, 17.718, 17.025, 17.532, 18.995, 19.911, 19.695, 18.019, 16.554, 15.169, 13.321, 12.956, 14.522, 16.067, 15.035, 13.695, 13.75, 14.182, 13.409, 12.168, 10.986, 9.6, 8.938, 8.278, 6.955, 7.033, 7.982, 7.675, 6.217, 4.881, 4.272, 3.123, 2.076, 3.535, 3.214, 3.008, 2.194, 1.853, 2.365, 3.18, 4.356, 4.793, 5.223, 4.035, 2.37, 3.237, 4.008, 4.052, 3.771, 3.233, 4.322, 4.764, 4.39, 6.514, 8.926, 9.464, 9.538, 9.916, 11.294, 12.851, 12.768, 12.731, 13.676, 12.387, 9.559, 8.32, 10.102, 12.55, 13.905, 12.732, 10.278, 9.416, 11.194, 12.166, 9.095, 4.455, 6.266, 9.82, 8.993, 7.998, 8.721, 10.712, 11.319, 10.582, 11.37, 11.903, 12.038, 11.743, 12.15, 12.628, 12.302, 11.656, 11.945, 12.822, 12.126, 10.624, 8.744, 9.537, 9.683, 8.665, 6.047, 2.624, 2.611, 2.868, 2.448, 2.757, 3.04, 2.198, 2.172, 3.12, 3.49, 3.295, 3.364, 2.017, 5.012, 9.004, 10.596, 11.03, 10.865, 10.608, 10.394, 11.662, 12.233], [19.908, 19.86, 18.257, 19.912, 19.326, 17.374, 18.221, 18.826, 17.722, 17.681, 18.607, 17.985, 16.034, 16.763, 14.989, 7.356, 0.0, 2.525, 7.54, 10.207, 10.604, 10.331, 10.231, 10.381, 9.43, 7.314, 6.576, 7.641, 8.112, 7.803, 7.028, 7.304, 7.668, 8.934, 10.271, 10.894, 10.845, 12.308, 12.93, 11.506, 11.152, 13.451, 14.068, 12.824, 11.677, 11.666, 12.723, 13.844, 12.923, 11.681, 12.051, 13.115, 14.626, 16.182, 15.792, 16.222, 16.324, 14.255, 13.448, 14.889, 15.45, 14.683, 13.487, 11.774, 12.522, 15.501, 18.151, 19.399, 20.982, 22.956, 23.745, 23.224, 24.188, 24.853, 25.394, 25.69, 25.295, 26.097, 26.303, 25.956, 26.162, 26.87, 27.475, 26.1, 24.793, 24.121, 24.571, 26.03, 26.991, 26.793, 25.097, 23.597, 22.281, 20.42, 20.031, 21.602, 23.151, 22.114, 20.75, 20.813, 21.273, 20.487, 19.217, 18.096, 16.675, 15.987, 15.328, 13.995, 14.075, 15.031, 14.757, 13.218, 11.87, 11.274, 10.175, 8.161, 5.909, 6.65, 7.522, 8.616, 8.279, 8.143, 9.784, 11.34, 11.868, 12.298, 11.099, 9.363, 9.89, 11.033, 11.133, 10.816, 10.042, 11.371, 11.818, 11.462, 13.58, 16.001, 16.514, 16.587, 16.991, 18.369, 19.9, 19.868, 19.814, 20.751, 19.487, 16.634, 15.37, 17.201, 19.639, 20.987, 19.785, 17.353, 16.491, 18.269, 19.241, 16.17, 11.503, 13.316, 16.856, 16.043, 15.048, 15.796, 17.79, 18.372, 17.633, 18.423, 18.952, 19.088, 18.792, 19.199, 19.682, 19.41, 18.729, 19.027, 19.856, 19.176, 17.673, 15.824, 16.583, 16.73, 15.721, 13.106, 9.181, 6.789, 6.888, 7.299, 6.734, 6.497, 7.021, 6.847, 5.45, 5.848, 6.242, 5.325, 6.848, 12.111, 16.104, 17.671, 18.105, 17.914, 17.683, 17.505, 18.732, 19.315], [17.802, 17.779, 16.138, 17.618, 17.097, 15.107, 15.87, 16.649, 15.493, 15.524, 16.296, 15.772, 13.675, 14.346, 12.587, 5.215, 2.525, 0.0, 5.49, 8.185, 8.55, 8.292, 8.371, 8.508, 7.604, 5.46, 4.728, 5.718, 6.111, 5.759, 5.002, 5.249, 5.677, 6.918, 8.169, 8.89, 8.669, 10.054, 10.757, 9.363, 9.104, 11.45, 12.064, 10.82, 9.526, 9.456, 10.471, 11.692, 10.679, 9.504, 10.05, 11.114, 12.626, 14.181, 13.725, 14.222, 14.323, 12.255, 11.417, 12.839, 13.45, 12.683, 11.486, 9.773, 10.521, 13.49, 16.132, 17.379, 18.916, 20.894, 21.716, 21.135, 22.087, 22.719, 23.305, 23.637, 23.221, 24.083, 24.293, 23.94, 24.143, 24.778, 25.437, 24.076, 22.752, 22.002, 22.344, 23.79, 24.864, 24.691, 22.913, 21.463, 20.159, 18.278, 17.964, 19.507, 21.075, 20.027, 18.453, 18.551, 19.173, 18.417, 17.17, 15.99, 14.635, 13.986, 13.327, 11.994, 12.075, 13.047, 12.702, 11.291, 9.956, 9.352, 8.073, 5.913, 3.762, 4.446, 5.536, 6.615, 6.146, 6.018, 7.737, 9.339, 9.801, 10.232, 9.032, 7.062, 7.693, 9.032, 9.052, 8.673, 8.041, 9.371, 9.813, 9.439, 11.541, 13.956, 14.513, 14.587, 14.941, 16.318, 17.9, 17.776, 17.746, 18.684, 17.408, 14.591, 13.369, 15.131, 17.559, 18.914, 17.781, 15.286, 14.424, 16.202, 17.175, 14.122, 9.508, 11.315, 14.856, 14.045, 12.996, 13.733, 15.722, 16.362, 15.625, 16.412, 16.952, 17.087, 16.791, 17.199, 17.671, 17.304, 16.56, 16.931, 17.645, 16.953, 15.363, 13.508, 14.332, 14.447, 13.635, 11.039, 7.121, 4.802, 5.01, 5.402, 4.792, 4.521, 5.062, 4.924, 3.46, 3.768, 4.307, 3.415, 4.732, 10.021, 14.013, 15.621, 16.038, 15.913, 15.616, 15.386, 16.711, 17.151], [12.462, 12.338, 10.924, 12.532, 11.93, 10.378, 11.281, 11.441, 10.649, 10.368, 11.238, 10.6, 8.861, 9.722, 8.01, 1.896, 7.54, 5.49, 0.0, 2.907, 3.256, 2.968, 3.139, 3.372, 2.404, 1.584, 1.627, 1.306, 1.533, 2.555, 1.746, 1.44, 1.67, 2.316, 3.351, 3.715, 3.725, 5.035, 5.56, 4.189, 3.863, 5.992, 6.605, 5.392, 4.557, 4.465, 5.338, 6.494, 5.756, 5.238, 4.758, 5.656, 7.198, 8.723, 8.266, 8.764, 8.865, 6.802, 6.037, 7.442, 7.992, 7.225, 6.028, 4.32, 5.063, 8.048, 10.697, 11.94, 13.576, 15.48, 16.266, 15.69, 16.692, 17.358, 17.878, 18.19, 17.776, 18.629, 18.833, 18.488, 18.712, 19.34, 20.013, 18.637, 17.328, 16.621, 17.122, 18.584, 19.506, 19.288, 17.621, 16.127, 14.777, 12.935, 12.526, 14.184, 15.628, 14.583, 13.422, 13.512, 13.863, 12.971, 11.787, 10.631, 9.177, 8.528, 7.878, 6.576, 6.654, 7.6, 7.351, 5.859, 4.53, 4.074, 3.3, 2.346, 3.101, 2.872, 2.435, 2.025, 1.272, 1.726, 2.486, 4.019, 4.332, 4.762, 3.563, 2.514, 2.613, 3.577, 3.617, 3.363, 3.03, 3.926, 4.369, 4.028, 6.109, 8.527, 9.055, 9.129, 9.499, 10.86, 12.441, 12.344, 12.308, 13.229, 11.995, 9.133, 7.911, 9.711, 12.116, 13.463, 12.323, 9.817, 8.954, 10.733, 11.705, 8.634, 4.046, 5.857, 9.442, 8.584, 7.581, 8.275, 10.269, 10.902, 10.165, 10.953, 11.493, 11.629, 11.333, 11.74, 12.22, 12.092, 11.574, 11.601, 12.454, 11.828, 10.299, 8.613, 9.175, 9.315, 8.194, 5.578, 2.073, 2.323, 2.905, 2.496, 2.527, 2.448, 2.132, 2.165, 2.475, 2.775, 2.445, 2.701, 1.871, 4.588, 8.585, 10.228, 10.575, 10.471, 10.147, 10.012, 11.272, 11.97], [10.083, 9.792, 8.542, 10.171, 9.562, 7.959, 8.883, 9.112, 8.233, 7.918, 8.895, 8.271, 6.548, 7.363, 5.629, 3.162, 10.207, 8.185, 2.907, 0.0, 1.104, 1.264, 1.638, 1.876, 2.478, 3.458, 4.006, 2.842, 2.334, 3.95, 3.533, 3.272, 3.248, 3.184, 3.433, 2.916, 2.593, 2.714, 3.236, 2.21, 2.503, 3.937, 3.981, 3.045, 3.394, 2.545, 3.306, 4.099, 3.445, 3.462, 2.669, 3.119, 4.665, 6.219, 5.724, 6.135, 6.219, 4.155, 3.513, 4.761, 5.329, 4.629, 3.324, 1.997, 2.599, 5.358, 8.009, 9.355, 11.085, 13.044, 13.585, 13.137, 14.119, 14.842, 15.274, 15.531, 15.182, 15.967, 16.14, 15.859, 16.114, 16.775, 17.33, 15.983, 14.714, 14.143, 14.775, 16.221, 17.083, 16.728, 15.256, 13.75, 12.283, 10.511, 10.039, 11.66, 12.981, 12.066, 11.075, 11.146, 11.393, 10.469, 9.347, 7.924, 6.473, 5.827, 5.203, 3.968, 4.067, 5.085, 4.902, 3.521, 2.193, 1.472, 1.442, 3.339, 5.133, 4.987, 3.15, 2.067, 2.498, 3.01, 2.661, 2.852, 2.382, 2.641, 2.031, 1.804, 1.522, 1.572, 1.662, 1.752, 1.967, 1.926, 1.949, 2.043, 3.79, 6.008, 6.438, 6.473, 6.828, 8.179, 9.808, 9.685, 9.682, 10.724, 9.394, 6.559, 5.338, 7.204, 9.457, 10.804, 9.619, 7.2, 6.284, 8.062, 9.034, 5.963, 2.598, 3.206, 6.767, 5.894, 4.929, 5.6, 7.593, 8.203, 7.47, 8.267, 8.865, 8.925, 8.63, 9.061, 9.595, 9.665, 9.11, 9.197, 10.098, 9.503, 7.942, 6.297, 6.827, 6.95, 5.833, 3.123, 2.516, 4.207, 4.461, 3.999, 4.436, 4.671, 3.909, 3.959, 4.949, 5.257, 4.723, 5.199, 3.853, 2.198, 6.015, 7.597, 8.038, 7.798, 7.501, 7.389, 8.704, 9.539], [9.545, 9.317, 8.081, 9.671, 9.079, 7.553, 8.47, 8.657, 7.785, 7.456, 8.412, 7.804, 6.069, 6.907, 5.204, 3.555, 10.604, 8.55, 3.256, 1.104, 0.0, 1.274, 1.672, 2.141, 2.764, 3.856, 4.374, 3.3, 2.751, 4.309, 3.941, 3.67, 3.611, 3.434, 3.743, 3.253, 2.801, 2.264, 2.746, 2.09, 2.554, 3.73, 3.781, 2.901, 3.207, 2.319, 2.791, 3.66, 3.072, 3.107, 2.262, 2.585, 4.215, 5.676, 5.192, 5.681, 5.791, 3.718, 3.07, 4.369, 4.899, 4.172, 2.978, 2.134, 2.234, 4.956, 7.602, 8.89, 10.547, 12.503, 13.172, 12.685, 13.664, 14.32, 14.814, 15.106, 14.716, 15.544, 15.744, 15.423, 15.641, 16.323, 16.926, 15.553, 14.3, 13.64, 14.272, 15.701, 16.544, 16.239, 14.755, 13.221, 11.744, 9.994, 9.548, 11.129, 12.548, 11.63, 10.592, 10.663, 10.923, 10.008, 8.821, 7.546, 6.084, 5.436, 4.777, 3.644, 3.651, 4.515, 4.339, 3.18, 2.144, 1.301, 1.456, 3.79, 5.527, 5.342, 3.663, 2.473, 2.874, 3.34, 3.106, 3.301, 2.783, 3.001, 2.411, 2.304, 1.895, 1.512, 1.531, 1.577, 1.879, 1.85, 2.066, 2.43, 3.596, 5.439, 5.963, 6.036, 6.395, 7.768, 9.358, 9.264, 9.224, 10.181, 8.909, 6.049, 4.894, 6.657, 9.036, 10.383, 9.231, 6.749, 5.893, 7.665, 8.637, 5.59, 2.959, 3.061, 6.306, 5.556, 4.547, 5.192, 7.187, 7.813, 7.077, 7.864, 8.401, 8.536, 8.241, 8.65, 9.144, 9.238, 8.698, 8.7, 9.618, 9.04, 7.462, 5.962, 6.343, 6.457, 5.326, 2.829, 2.913, 4.536, 4.726, 4.323, 4.811, 5.09, 4.328, 4.359, 5.317, 5.511, 5.133, 5.542, 4.156, 2.308, 5.536, 7.148, 7.501, 7.392, 7.079, 6.939, 8.214, 9.053], [9.987, 9.611, 8.379, 9.879, 9.31, 8.092, 8.978, 9.097, 8.309, 7.934, 8.661, 8.16, 6.529, 7.365, 5.737, 3.333, 10.331, 8.292, 2.968, 1.264, 1.274, 0.0, 1.063, 1.598, 2.067, 3.461, 4.055, 2.971, 2.541, 3.821, 3.667, 3.307, 2.982, 2.788, 3.43, 3.14, 2.75, 2.534, 3.044, 1.855, 2.249, 3.543, 3.856, 2.83, 3.032, 2.44, 3.051, 4.081, 3.472, 3.716, 2.86, 2.953, 4.599, 5.985, 5.536, 6.011, 6.125, 4.073, 3.326, 4.63, 5.239, 4.478, 3.292, 2.298, 2.526, 5.284, 7.925, 9.222, 10.831, 12.819, 13.51, 12.978, 13.944, 14.599, 15.14, 15.45, 15.047, 15.885, 16.084, 15.737, 15.971, 16.637, 17.257, 15.891, 14.615, 13.854, 14.416, 15.87, 16.804, 16.542, 14.906, 13.43, 12.03, 10.228, 9.904, 11.41, 12.881, 11.94, 10.836, 10.938, 11.241, 10.255, 9.043, 7.8, 6.424, 5.775, 5.116, 3.94, 3.925, 4.865, 4.613, 3.38, 2.197, 1.534, 1.714, 3.464, 5.491, 5.368, 3.65, 2.512, 2.817, 3.315, 2.692, 3.22, 2.775, 3.007, 2.319, 2.422, 2.06, 1.331, 1.237, 1.216, 1.893, 1.487, 1.913, 2.349, 3.705, 5.778, 6.302, 6.376, 6.73, 8.107, 9.689, 9.592, 9.545, 10.544, 9.239, 6.429, 5.162, 6.962, 9.364, 10.719, 9.57, 7.092, 6.229, 8.008, 8.98, 5.909, 2.395, 3.104, 6.672, 5.831, 4.826, 5.534, 7.527, 8.153, 7.429, 8.207, 8.741, 8.892, 8.638, 9.029, 9.5, 9.709, 9.272, 9.033, 9.942, 9.387, 7.787, 6.352, 6.609, 6.634, 5.536, 2.915, 2.564, 4.071, 4.242, 3.776, 4.302, 4.56, 3.695, 3.982, 5.073, 5.16, 4.802, 5.253, 3.955, 2.296, 5.934, 7.708, 7.87, 7.714, 7.422, 7.201, 8.525, 9.303], [10.341, 9.835, 8.529, 10.088, 9.551, 8.498, 9.421, 9.524, 8.674, 8.293, 8.854, 8.494, 7.056, 7.84, 6.239, 3.479, 10.231, 8.371, 3.139, 1.638, 1.672, 1.063, 0.0, 0.971, 1.579, 3.279, 3.823, 2.957, 2.58, 3.692, 3.659, 3.219, 2.838, 2.375, 3.055, 2.81, 2.361, 2.864, 3.375, 2.11, 2.564, 3.557, 3.905, 3.158, 3.368, 2.979, 3.409, 4.424, 4.085, 4.368, 3.494, 3.212, 4.689, 6.071, 5.679, 6.053, 6.154, 4.162, 3.471, 4.854, 5.313, 4.514, 3.341, 1.884, 2.463, 5.397, 8.041, 9.284, 11.056, 12.958, 13.632, 13.117, 14.17, 14.852, 15.347, 15.583, 15.191, 15.942, 16.141, 15.801, 16.062, 16.778, 17.382, 15.953, 14.707, 14.093, 14.671, 16.107, 17.035, 16.759, 15.151, 13.663, 12.286, 10.446, 10.062, 11.653, 13.082, 12.048, 11.055, 11.2, 11.491, 10.439, 9.235, 8.065, 6.561, 5.818, 5.158, 3.826, 3.95, 4.886, 4.78, 3.158, 1.79, 1.713, 1.862, 3.821, 5.727, 5.479, 3.891, 2.602, 3.066, 3.723, 2.587, 2.848, 2.527, 2.781, 2.137, 2.721, 2.346, 1.462, 1.677, 1.57, 2.266, 1.897, 1.859, 2.102, 3.507, 5.884, 6.344, 6.438, 6.876, 8.249, 9.764, 9.798, 9.744, 10.676, 9.447, 6.713, 5.244, 7.149, 9.57, 10.917, 9.665, 7.234, 6.376, 8.149, 9.122, 6.051, 2.29, 3.147, 6.687, 5.873, 4.928, 5.676, 7.678, 8.209, 7.514, 8.272, 8.783, 8.964, 8.781, 9.067, 9.665, 10.035, 9.667, 9.412, 10.265, 9.835, 8.141, 7.034, 6.937, 6.862, 5.718, 3.154, 2.547, 4.09, 4.059, 3.57, 4.202, 4.492, 3.603, 3.829, 5.015, 5.31, 4.83, 5.185, 4.156, 2.358, 6.191, 7.938, 8.069, 7.856, 7.563, 7.47, 8.685, 9.49], [10.825, 10.053, 9.106, 10.387, 9.981, 9.13, 10.03, 10.079, 9.182, 8.702, 9.274, 8.987, 7.728, 8.387, 6.872, 3.609, 10.381, 8.508, 3.372, 1.876, 2.141, 1.598, 0.971, 0.0, 1.326, 3.122, 3.826, 3.006, 2.813, 3.288, 3.691, 3.353, 2.948, 2.263, 3.049, 2.704, 2.403, 3.433, 3.918, 2.572, 2.873, 3.447, 3.783, 3.391, 3.957, 3.51, 3.958, 4.945, 4.765, 4.995, 3.794, 3.452, 4.998, 6.154, 5.744, 5.947, 6.102, 4.272, 3.584, 4.799, 5.169, 4.485, 3.195, 1.776, 2.507, 5.286, 7.895, 9.294, 11.176, 13.062, 13.49, 13.141, 14.185, 14.896, 15.315, 15.515, 15.105, 15.808, 15.975, 15.643, 16.047, 16.722, 17.244, 15.809, 14.695, 14.216, 14.911, 16.329, 17.157, 16.781, 15.38, 13.831, 12.344, 10.691, 10.404, 11.704, 12.972, 12.389, 11.475, 11.677, 11.856, 10.661, 9.396, 8.01, 6.451, 5.689, 4.983, 3.667, 3.804, 4.912, 4.89, 3.22, 1.689, 2.128, 2.541, 4.211, 6.063, 5.807, 4.029, 2.696, 3.303, 3.82, 2.306, 2.577, 2.221, 2.491, 2.172, 2.972, 2.755, 1.86, 1.962, 2.114, 2.753, 1.97, 1.868, 1.911, 3.504, 5.929, 6.267, 6.311, 6.821, 8.094, 9.744, 9.732, 9.723, 10.727, 9.447, 6.888, 5.32, 7.232, 9.459, 10.808, 9.5, 7.134, 6.302, 7.984, 8.956, 5.885, 2.007, 2.991, 6.511, 5.698, 4.815, 5.511, 7.514, 8.033, 7.443, 8.171, 8.716, 8.985, 8.867, 9.052, 9.799, 10.513, 10.276, 9.982, 10.804, 10.356, 8.659, 7.725, 7.492, 7.11, 5.952, 3.409, 2.74, 4.001, 3.827, 3.276, 3.905, 4.163, 3.504, 3.735, 5.079, 5.172, 4.546, 5.162, 4.164, 2.433, 6.349, 8.23, 8.287, 7.846, 7.493, 7.455, 8.73, 9.832], [11.477, 10.913, 9.869, 11.345, 10.86, 9.74, 10.64, 10.713, 9.842, 9.356, 10.193, 9.736, 8.341, 9.01, 7.483, 2.754, 9.43, 7.604, 2.404, 2.478, 2.764, 2.067, 1.579, 1.326, 0.0, 2.228, 2.876, 2.064, 2.001, 2.521, 2.814, 2.417, 2.179, 1.846, 2.763, 2.807, 2.727, 4.076, 4.615, 3.248, 2.851, 4.092, 4.728, 3.94, 3.851, 4.024, 4.523, 5.624, 5.381, 5.523, 4.309, 4.127, 5.824, 7.074, 6.673, 6.889, 7.085, 5.2, 4.572, 5.797, 6.154, 5.452, 4.194, 2.671, 3.451, 6.291, 8.896, 10.27, 12.05, 13.98, 14.49, 14.075, 15.152, 15.838, 16.296, 16.51, 16.079, 16.782, 16.962, 16.621, 16.996, 17.717, 18.246, 16.793, 15.705, 15.125, 15.865, 17.296, 18.076, 17.747, 16.325, 14.73, 13.283, 11.636, 11.225, 12.665, 13.977, 13.306, 12.339, 12.47, 12.734, 11.61, 10.33, 9.007, 7.456, 6.628, 5.968, 4.662, 4.809, 5.858, 5.796, 4.1, 2.61, 2.744, 3.053, 3.424, 5.101, 4.841, 3.499, 2.37, 2.417, 2.903, 1.697, 2.535, 2.667, 3.106, 2.241, 2.838, 3.168, 2.523, 2.487, 2.458, 2.611, 2.501, 2.704, 2.517, 4.416, 6.863, 7.239, 7.311, 7.819, 9.099, 10.707, 10.729, 10.685, 11.673, 10.422, 7.566, 6.265, 8.137, 10.464, 11.812, 10.504, 8.113, 7.299, 8.988, 9.961, 6.89, 2.281, 3.956, 7.497, 6.683, 5.82, 6.515, 8.519, 9.019, 8.329, 9.105, 9.681, 9.867, 9.723, 9.979, 10.553, 11.145, 10.898, 10.6, 11.507, 11.004, 9.365, 8.341, 8.221, 8.087, 6.85, 4.146, 1.941, 3.101, 2.944, 2.368, 3.055, 3.33, 2.603, 2.863, 4.178, 4.233, 3.684, 4.298, 3.277, 3.209, 7.251, 8.982, 9.13, 8.884, 8.49, 8.425, 9.676, 10.781], [13.22, 12.846, 11.698, 13.275, 12.72, 11.25, 12.214, 12.375, 11.546, 11.102, 12.075, 11.528, 9.796, 10.656, 8.954, 1.988, 7.314, 5.46, 1.584, 3.458, 3.856, 3.461, 3.279, 3.122, 2.228, 0.0, 1.21, 1.172, 1.821, 1.807, 1.179, 1.185, 1.4, 2.251, 3.699, 4.181, 4.246, 5.778, 6.408, 5.001, 4.555, 6.186, 6.802, 5.702, 5.309, 5.346, 6.177, 7.391, 6.674, 6.178, 5.229, 5.92, 7.718, 9.149, 8.638, 9.006, 9.082, 7.083, 6.536, 7.817, 8.226, 7.488, 6.229, 4.594, 5.488, 8.284, 10.926, 12.278, 14.111, 16.054, 16.518, 16.105, 17.183, 17.9, 18.333, 18.529, 18.132, 18.889, 19.04, 18.716, 19.05, 19.688, 20.272, 18.888, 17.666, 17.18, 17.822, 19.26, 20.134, 19.782, 18.316, 16.787, 15.344, 13.565, 13.101, 14.711, 15.969, 15.167, 14.234, 14.328, 14.577, 13.52, 12.358, 11.026, 9.449, 8.722, 8.062, 6.73, 6.817, 7.95, 7.872, 6.148, 4.591, 4.376, 4.12, 3.145, 3.87, 3.661, 3.32, 2.763, 2.113, 1.75, 2.558, 4.165, 4.616, 5.103, 4.006, 3.445, 3.731, 4.059, 4.297, 4.092, 3.418, 4.106, 4.664, 4.425, 6.435, 8.925, 9.32, 9.335, 9.838, 11.116, 12.769, 12.748, 12.705, 13.734, 12.465, 9.58, 8.293, 10.21, 12.457, 13.825, 12.533, 10.144, 9.318, 11.017, 11.989, 8.918, 4.25, 6.05, 9.591, 8.777, 7.813, 8.543, 10.547, 11.113, 10.368, 11.159, 11.762, 11.84, 11.576, 11.976, 12.506, 12.828, 12.404, 12.279, 13.303, 12.744, 11.159, 9.597, 9.998, 10.04, 8.861, 6.103, 2.274, 1.445, 1.835, 1.296, 1.394, 1.678, 1.229, 1.238, 2.128, 2.42, 1.946, 2.261, 1.532, 5.096, 9.092, 10.751, 11.07, 10.821, 10.509, 10.469, 11.737, 12.676], [13.748, 13.517, 12.205, 13.841, 13.238, 11.733, 12.69, 12.828, 12.042, 11.627, 12.568, 11.983, 10.256, 11.132, 9.417, 2.101, 6.576, 4.728, 1.627, 4.006, 4.374, 4.055, 3.823, 3.826, 2.876, 1.21, 0.0, 1.806, 2.233, 2.464, 1.576, 1.564, 2.038, 2.801, 4.142, 4.667, 4.742, 6.311, 6.888, 5.445, 5.109, 6.932, 7.549, 6.43, 5.779, 5.816, 6.643, 7.841, 7.144, 6.434, 5.721, 6.596, 8.186, 9.773, 9.307, 9.703, 9.804, 7.77, 7.181, 8.54, 8.931, 8.17, 6.968, 5.295, 6.139, 9.046, 11.667, 12.962, 14.752, 16.659, 17.255, 16.807, 17.868, 18.567, 19.036, 19.253, 18.818, 19.6, 19.797, 19.453, 19.729, 20.418, 21.011, 19.609, 18.384, 17.808, 18.436, 19.87, 20.738, 20.464, 18.918, 17.394, 15.995, 14.182, 13.695, 15.362, 16.732, 15.753, 14.751, 14.824, 15.115, 14.155, 12.975, 11.75, 10.211, 9.468, 8.808, 7.476, 7.565, 8.599, 8.489, 6.796, 5.319, 4.971, 4.504, 3.206, 3.544, 3.315, 2.99, 2.891, 2.506, 2.295, 3.335, 4.926, 5.363, 5.813, 4.608, 3.822, 3.984, 4.588, 4.805, 4.605, 3.748, 4.859, 5.36, 5.113, 7.148, 9.579, 10.012, 10.082, 10.562, 11.864, 13.467, 13.472, 13.428, 14.385, 13.157, 10.261, 8.94, 10.847, 13.219, 14.567, 13.28, 10.86, 10.042, 11.764, 12.737, 9.666, 5.009, 6.796, 10.337, 9.523, 8.575, 9.291, 11.295, 11.855, 11.114, 11.906, 12.438, 12.568, 12.273, 12.68, 13.193, 13.289, 12.865, 12.847, 13.781, 13.178, 11.631, 10.022, 10.513, 10.613, 9.475, 6.736, 2.918, 1.669, 2.085, 1.671, 1.628, 1.531, 1.587, 1.466, 1.831, 2.268, 1.945, 1.904, 1.647, 5.722, 9.684, 11.337, 11.718, 11.541, 11.233, 11.16, 12.388, 13.229], [12.607, 12.425, 10.991, 12.656, 12.044, 10.417, 11.365, 11.572, 10.712, 10.29, 11.37, 10.763, 8.977, 9.844, 8.081, 1.537, 7.641, 5.718, 1.306, 2.842, 3.3, 2.971, 2.957, 3.006, 2.064, 1.172, 1.806, 0.0, 1.256, 2.14, 1.539, 1.302, 1.378, 2.037, 3.167, 3.653, 3.735, 5.159, 5.647, 4.165, 3.802, 5.817, 6.434, 5.29, 4