[[0.0, 3.209, 7.939, 8.539, 7.91, 7.294, 6.162, 6.086, 7.027, 7.266, 8.808, 8.94, 7.574, 10.218, 10.278, 10.214, 10.332, 9.669, 7.934, 6.308, 5.566, 5.301, 5.578, 8.48, 11.915, 11.213, 11.035, 12.865, 14.561, 14.888, 16.249, 16.586, 18.614, 20.728, 21.962, 23.906, 23.07, 23.356, 24.104, 23.882, 24.494, 23.426, 22.95, 22.521, 12.394, 5.783, 6.479, 6.872, 4.779, 3.79, 3.596, 3.581, 4.193], [3.209, 0.0, 5.519, 6.154, 5.513, 4.859, 3.826, 4.51, 5.556, 6.903, 8.309, 7.515, 5.849, 8.021, 8.042, 7.705, 7.818, 7.355, 5.219, 3.795, 3.499, 3.091, 2.986, 6.083, 9.479, 8.914, 8.545, 10.017, 11.761, 12.172, 13.368, 13.696, 15.729, 17.864, 19.131, 21.04, 20.203, 20.487, 21.228, 21.038, 21.695, 20.613, 20.455, 20.028, 9.777, 3.445, 4.487, 5.239, 4.695, 4.826, 4.917, 4.04, 4.962], [7.939, 5.519, 0.0, 1.331, 1.768, 2.577, 4.386, 5.906, 6.623, 8.676, 8.885, 7.587, 5.15, 5.685, 4.973, 4.298, 4.212, 3.386, 1.735, 2.251, 3.064, 3.406, 2.866, 1.749, 4.747, 4.39, 3.88, 5.482, 7.101, 7.441, 8.691, 9.053, 11.054, 13.096, 14.421, 16.332, 15.519, 15.817, 16.557, 16.276, 16.852, 15.779, 15.32, 14.919, 5.114, 3.239, 3.989, 6.293, 8.546, 9.114, 9.067, 6.928, 8.403], [8.539, 6.154, 1.331, 0.0, 1.323, 2.135, 3.982, 5.532, 6.338, 8.371, 8.62, 7.103, 4.512, 4.932, 4.147, 3.525, 3.384, 2.821, 1.935, 2.707, 3.62, 3.957, 3.392, 1.573, 4.604, 3.967, 3.706, 5.515, 7.136, 7.49, 8.752, 9.055, 11.079, 13.12, 14.545, 16.459, 15.647, 15.949, 16.681, 16.379, 16.948, 15.89, 15.085, 14.535, 5.031, 3.863, 4.12, 6.195, 8.559, 9.112, 9.141, 6.952, 8.469], [7.91, 5.513, 1.768, 1.323, 0.0, 1.18, 3.022, 4.483, 5.236, 7.278, 7.53, 6.11, 3.995, 4.217, 3.911, 3.177, 3.19, 3.082, 2.096, 2.322, 3.063, 3.286, 2.868, 2.398, 5.63, 4.726, 4.586, 6.489, 8.162, 8.501, 9.794, 10.111, 12.127, 14.216, 15.615, 17.532, 16.721, 17.025, 17.755, 17.458, 18.042, 16.968, 16.106, 15.351, 6.022, 3.221, 3.44, 5.15, 7.679, 8.174, 8.377, 6.145, 7.656], [7.294, 4.859, 2.577, 2.135, 1.18, 0.0, 2.042, 3.644, 4.408, 6.429, 6.878, 5.528, 3.792, 4.358, 4.084, 3.637, 3.616, 3.384, 2.812, 2.534, 3.024, 2.844, 2.498, 3.18, 6.469, 5.393, 5.324, 7.365, 9.067, 9.349, 10.695, 10.982, 13.043, 15.12, 16.524, 18.441, 17.628, 17.93, 18.662, 18.365, 18.92, 17.863, 16.941, 16.228, 6.868, 2.95, 2.899, 4.736, 6.842, 7.277, 7.456, 5.315, 6.852], [6.162, 3.826, 4.386, 3.982, 3.022, 2.042, 0.0, 1.986, 2.885, 4.668, 5.79, 4.546, 3.058, 4.776, 5.131, 5.211, 5.331, 4.818, 4.494, 3.663, 3.497, 2.83, 2.981, 4.992, 8.27, 7.125, 7.065, 9.192, 10.92, 11.208, 12.566, 12.846, 14.92, 16.941, 18.401, 20.303, 19.495, 19.807, 20.526, 20.203, 20.756, 19.668, 18.734, 18.002, 8.76, 3.405, 2.52, 3.572, 5.05, 5.489, 5.721, 3.714, 5.252], [6.086, 4.51, 5.906, 5.532, 4.483, 3.644, 1.986, 0.0, 1.652, 3.077, 4.228, 3.528, 2.739, 4.808, 5.882, 6.528, 6.497, 6.22, 6.055, 5.054, 4.652, 4.07, 4.457, 6.443, 9.637, 8.395, 8.479, 10.586, 12.263, 12.531, 13.904, 14.285, 16.314, 18.334, 19.755, 21.658, 20.847, 21.156, 21.879, 21.566, 22.11, 21.048, 20.047, 19.255, 10.089, 4.377, 2.887, 2.9, 4.041, 4.53, 5.024, 3.11, 4.331], [7.027, 5.556, 6.623, 6.338, 5.236, 4.408, 2.885, 1.652, 0.0, 2.429, 3.206, 2.726, 2.783, 4.847, 6.466, 7.272, 7.144, 6.977, 6.754, 5.814, 5.33, 4.791, 5.251, 7.204, 10.334, 9.081, 9.175, 11.278, 12.922, 13.155, 14.594, 15.007, 17.0, 18.941, 20.346, 22.246, 21.448, 21.788, 22.467, 22.094, 22.613, 21.542, 20.488, 19.653, 10.734, 4.972, 3.169, 2.543, 4.132, 5.163, 5.827, 4.001, 5.147], [7.266, 6.903, 8.676, 8.371, 7.278, 6.429, 4.668, 3.077, 2.429, 0.0, 1.761, 2.579, 4.253, 6.623, 8.3, 9.265, 9.148, 9.002, 8.82, 7.654, 7.242, 6.672, 7.049, 9.242, 12.43, 11.182, 11.288, 13.392, 15.077, 15.286, 16.701, 17.105, 19.089, 21.018, 22.48, 24.379, 23.584, 23.925, 24.599, 24.219, 24.735, 23.687, 22.593, 21.736, 12.868, 6.839, 4.912, 3.232, 3.408, 4.067, 4.968, 3.833, 3.802], [8.808, 8.309, 8.885, 8.62, 7.53, 6.878, 5.79, 4.228, 3.206, 1.761, 0.0, 1.956, 4.445, 6.82, 8.523, 9.482, 9.338, 9.201, 9.032, 8.224, 7.816, 7.595, 8.04, 9.449, 12.593, 11.362, 11.455, 13.557, 15.22, 15.414, 16.855, 17.277, 19.246, 21.156, 22.596, 24.485, 23.691, 24.038, 24.709, 24.307, 24.797, 23.73, 22.609, 21.753, 13.027, 7.317, 5.203, 3.93, 4.503, 5.452, 6.38, 5.401, 5.052], [8.94, 7.515, 7.587, 7.103, 6.11, 5.528, 4.546, 3.528, 2.726, 2.579, 1.956, 0.0, 3.109, 5.486, 7.244, 8.15, 8.058, 7.752, 7.613, 7.069, 6.694, 6.479, 6.99, 8.065, 11.283, 10.01, 10.123, 12.236, 13.932, 14.145, 15.545, 15.937, 17.916, 19.816, 21.31, 23.189, 22.411, 22.768, 23.43, 22.989, 23.467, 22.402, 21.28, 20.428, 11.738, 6.277, 4.103, 2.936, 4.332, 6.081, 6.965, 5.49, 5.614], [7.574, 5.849, 5.15, 4.512, 3.995, 3.792, 3.058, 2.739, 2.783, 4.253, 4.445, 3.109, 0.0, 3.467, 4.474, 5.452, 5.386, 4.903, 5.044, 4.757, 4.311, 4.297, 4.834, 5.269, 8.275, 6.995, 7.081, 9.209, 10.935, 11.194, 12.615, 13.026, 15.043, 17.025, 18.424, 20.329, 19.521, 19.84, 20.548, 20.203, 20.74, 19.658, 18.647, 17.966, 8.707, 4.036, 2.148, 2.789, 4.754, 5.521, 6.123, 4.327, 5.3], [10.218, 8.021, 5.685, 4.932, 4.217, 4.358, 4.776, 4.808, 4.847, 6.623, 6.82, 5.486, 3.467, 0.0, 2.095, 2.875, 2.921, 3.34, 5.2, 5.259, 5.096, 5.646, 5.831, 5.085, 5.926, 4.8, 4.801, 6.877, 8.565, 8.812, 10.2, 10.554, 12.557, 14.546, 15.992, 17.896, 17.096, 17.419, 18.118, 17.791, 18.334, 17.307, 16.265, 15.456, 6.382, 5.124, 3.991, 5.036, 7.787, 8.534, 9.265, 7.215, 8.189], [10.278, 8.042, 4.973, 4.147, 3.911, 4.084, 5.131, 5.882, 6.466, 8.3, 8.523, 7.244, 4.474, 2.095, 0.0, 1.392, 1.804, 2.352, 4.355, 4.806, 4.993, 5.484, 5.75, 4.176, 4.349, 3.262, 3.343, 5.166, 6.889, 7.186, 8.546, 8.879, 10.921, 12.961, 14.378, 16.297, 15.484, 15.789, 16.52, 16.213, 16.774, 15.716, 14.75, 14.01, 4.687, 4.962, 4.661, 6.55, 8.966, 9.322, 9.625, 7.463, 8.894], [10.214, 7.705, 4.298, 3.525, 3.177, 3.637, 5.211, 6.528, 7.272, 9.265, 9.482, 8.15, 5.452, 2.875, 1.392, 0.0, 1.033, 2.12, 3.703, 4.346, 4.951, 5.365, 5.225, 3.441, 3.522, 2.75, 2.503, 4.26, 5.937, 6.25, 7.604, 7.907, 9.958, 12.027, 13.429, 15.353, 14.537, 14.837, 15.577, 15.283, 15.856, 14.832, 13.865, 13.078, 3.774, 5.283, 5.532, 7.382, 9.933, 10.25, 10.481, 8.286, 9.787], [10.332, 7.818, 4.212, 3.384, 3.19, 3.616, 5.331, 6.497, 7.144, 9.148, 9.338, 8.058, 5.386, 2.921, 1.804, 1.033, 0.0, 1.797, 3.666, 4.546, 5.095, 5.513, 5.317, 3.349, 3.459, 2.537, 2.386, 4.316, 5.993, 6.259, 7.638, 8.047, 10.062, 12.116, 13.441, 15.356, 14.543, 14.85, 15.579, 15.273, 15.868, 14.803, 13.892, 13.081, 3.793, 5.416, 5.514, 7.233, 9.856, 10.353, 10.572, 8.303, 9.828], [9.669, 7.355, 3.386, 2.821, 3.082, 3.384, 4.818, 6.22, 6.977, 9.002, 9.201, 7.752, 4.903, 3.34, 2.352, 2.12, 1.797, 0.0, 2.846, 4.008, 4.335, 4.735, 4.508, 2.511, 3.878, 2.721, 2.651, 4.859, 6.503, 6.835, 8.136, 8.555, 10.537, 12.599, 13.808, 15.726, 14.913, 15.215, 15.95, 15.642, 16.198, 15.15, 14.362, 13.942, 4.356, 4.734, 4.766, 6.802, 9.174, 9.814, 9.938, 7.801, 9.368], [7.934, 5.219, 1.735, 1.935, 2.096, 2.812, 4.494, 6.055, 6.754, 8.82, 9.032, 7.613, 5.044, 5.2, 4.355, 3.703, 3.666, 2.846, 0.0, 1.954, 2.814, 3.201, 2.719, 1.703, 4.7, 4.039, 3.652, 5.293, 7.066, 7.451, 8.782, 9.156, 11.222, 13.291, 14.449, 16.379, 15.556, 15.847, 16.598, 16.322, 16.895, 15.898, 15.805, 15.444, 5.177, 2.845, 4.12, 6.297, 8.589, 9.093, 9.09, 6.968, 8.47], [6.308, 3.795, 2.251, 2.707, 2.322, 2.534, 3.663, 5.054, 5.814, 7.654, 8.224, 7.069, 4.757, 5.259, 4.806, 4.346, 4.546, 4.008, 1.954, 0.0, 1.524, 1.939, 1.658, 2.813, 6.179, 5.433, 5.165, 6.907, 8.641, 8.986, 10.291, 10.568, 12.648, 14.747, 16.125, 18.051, 17.225, 17.518, 18.268, 18.0, 18.593, 17.558, 17.218, 16.838, 6.584, 1.585, 3.236, 4.997, 7.053, 7.49, 7.45, 5.599, 6.846], [5.566, 3.499, 3.064, 3.62, 3.063, 3.024, 3.497, 4.652, 5.33, 7.242, 7.816, 6.694, 4.311, 5.096, 4.993, 4.951, 5.095, 4.335, 2.814, 1.524, 0.0, 1.431, 1.732, 3.469, 6.858, 6.012, 5.863, 7.719, 9.485, 9.759, 11.198, 11.55, 13.597, 15.679, 16.828, 18.757, 17.937, 18.235, 18.978, 18.705, 19.297, 18.274, 17.743, 17.32, 7.321, 1.482, 2.862, 4.421, 6.245, 6.714, 6.77, 5.077, 6.252], [5.301, 3.091, 3.406, 3.957, 3.286, 2.844, 2.83, 4.07, 4.791, 6.672, 7.595, 6.479, 4.297, 5.646, 5.484, 5.365, 5.513, 4.735, 3.201, 1.939, 1.431, 0.0, 1.523, 4.159, 7.476, 6.396, 6.284, 8.334, 10.129, 10.406, 11.876, 12.223, 14.296, 16.365, 17.51, 19.432, 18.62, 18.919, 19.658, 19.366, 19.926, 18.934, 18.461, 18.041, 8.043, 1.795, 2.939, 4.124, 5.613, 6.042, 6.062, 4.418, 5.58], [5.578, 2.986, 2.866, 3.392, 2.868, 2.498, 2.981, 4.457, 5.251, 7.049, 8.04, 6.99, 4.834, 5.831, 5.75, 5.225, 5.317, 4.508, 2.719, 1.658, 1.732, 1.523, 0.0, 3.372, 6.799, 6.183, 5.881, 7.472, 9.231, 9.574, 10.909, 11.279, 13.332, 15.427, 16.62, 18.553, 17.72, 18.011, 18.758, 18.519, 19.118, 18.073, 17.651, 17.279, 7.096, 2.006, 3.232, 4.754, 6.427, 6.914, 6.949, 4.896, 6.263], [8.48, 6.083, 1.749, 1.573, 2.398, 3.18, 4.992, 6.443, 7.204, 9.242, 9.449, 8.065, 5.269, 5.085, 4.176, 3.441, 3.349, 2.511, 1.703, 2.813, 3.469, 4.159, 3.372, 0.0, 3.758, 3.52, 3.063, 4.669, 6.318, 6.622, 7.978, 8.369, 10.378, 12.443, 13.684, 15.617, 14.798, 15.094, 15.84, 15.574, 16.183, 15.123, 14.619, 14.175, 4.183, 3.849, 4.616, 6.915, 9.298, 9.831, 9.863, 7.663, 9.087], [11.915, 9.479, 4.747, 4.604, 5.63, 6.469, 8.27, 9.637, 10.334, 12.43, 12.593, 11.283, 8.275, 5.926, 4.349, 3.522, 3.459, 3.878, 4.7, 6.179, 6.858, 7.476, 6.799, 3.758, 0.0, 1.539, 1.485, 1.597, 3.008, 3.316, 4.728, 5.064, 7.058, 9.074, 10.296, 12.216, 11.395, 11.695, 12.436, 12.181, 12.771, 11.698, 11.383, 10.934, 1.696, 7.168, 7.942, 10.251, 12.69, 13.262, 13.197, 11.101, 12.496], [11.213, 8.914, 4.39, 3.967, 4.726, 5.393, 7.125, 8.395, 9.081, 11.182, 11.362, 10.01, 6.995, 4.8, 3.262, 2.75, 2.537, 2.721, 4.039, 5.433, 6.012, 6.396, 6.183, 3.52, 1.539, 0.0, 1.134, 2.635, 4.232, 4.543, 5.905, 6.308, 8.349, 10.396, 11.612, 13.517, 12.705, 13.009, 13.743, 13.442, 13.993, 12.953, 12.49, 12.083, 2.46, 6.281, 6.678, 8.997, 11.356, 11.988, 11.942, 9.828, 11.371], [11.035, 8.545, 3.88, 3.706, 4.586, 5.324, 7.065, 8.479, 9.175, 11.288, 11.455, 10.123, 7.081, 4.801, 3.343, 2.503, 2.386, 2.651, 3.652, 5.165, 5.863, 6.284, 5.881, 3.063, 1.485, 1.134, 0.0, 2.345, 4.083, 4.397, 5.761, 6.165, 8.197, 10.272, 11.488, 13.403, 12.581, 12.882, 13.622, 13.349, 13.923, 12.857, 12.424, 12.032, 2.111, 6.061, 6.722, 9.085, 11.491, 12.024, 11.997, 9.905, 11.377], [12.865, 10.017, 5.482, 5.515, 6.489, 7.365, 9.192, 10.586, 11.278, 13.392, 13.557, 12.236, 9.209, 6.877, 5.166, 4.26, 4.316, 4.859, 5.293, 6.907, 7.719, 8.334, 7.472, 4.669, 1.597, 2.635, 2.345, 0.0, 1.964, 2.397, 3.626, 3.991, 6.022, 8.109, 9.323, 11.257, 10.428, 10.727, 11.47, 11.205, 11.788, 10.771, 10.803, 10.42, 1.506, 7.916, 8.872, 11.219, 13.641, 14.173, 14.148, 11.947, 13.467], [14.561, 11.761, 7.101, 7.136, 8.162, 9.067, 10.92, 12.263, 12.922, 15.077, 15.22, 13.932, 10.935, 8.565, 6.889, 5.937, 5.993, 6.503, 7.066, 8.641, 9.485, 10.129, 9.231, 6.318, 3.008, 4.232, 4.083, 1.964, 0.0, 0.947, 1.835, 2.287, 4.224, 6.284, 7.566, 9.489, 8.673, 8.972, 9.715, 9.435, 10.03, 9.017, 9.122, 8.694, 2.601, 9.725, 10.625, 12.987, 15.374, 15.926, 15.889, 13.705, 15.213], [14.888, 12.172, 7.441, 7.49, 8.501, 9.349, 11.208, 12.531, 13.155, 15.286, 15.414, 14.145, 11.194, 8.812, 7.186, 6.25, 6.259, 6.835, 7.451, 8.986, 9.759, 10.406, 9.574, 6.622, 3.316, 4.543, 4.397, 2.397, 0.947, 0.0, 1.615, 1.993, 3.941, 5.997, 7.254, 9.179, 8.365, 8.673, 9.403, 9.138, 9.696, 8.65, 8.614, 8.153, 2.92, 9.999, 10.921, 13.229, 15.685, 16.237, 16.164, 14.003, 15.479], [16.249, 13.368, 8.691, 8.752, 9.794, 10.695, 12.566, 13.904, 14.594, 16.701, 16.855, 15.545, 12.615, 10.2, 8.546, 7.604, 7.638, 8.136, 8.782, 10.291, 11.198, 11.876, 10.909, 7.978, 4.728, 5.905, 5.761, 3.626, 1.835, 1.615, 0.0, 1.171, 2.489, 4.587, 5.899, 7.819, 7.0, 7.299, 8.042, 7.767, 8.416, 7.439, 7.712, 7.217, 4.196, 11.434, 12.335, 14.697, 17.082, 17.594, 17.549, 15.366, 16.857], [16.586, 13.696, 9.053, 9.055, 10.111, 10.982, 12.846, 14.285, 15.007, 17.105, 17.277, 15.937, 13.026, 10.554, 8.879, 7.907, 8.047, 8.555, 9.156, 10.568, 11.55, 12.223, 11.279, 8.369, 5.064, 6.308, 6.165, 3.991, 2.287, 1.993, 1.171, 0.0, 2.195, 4.351, 5.676, 7.54, 6.72, 7.019, 7.762, 7.552, 8.352, 7.481, 8.013, 7.491, 4.549, 11.754, 12.715, 15.097, 17.478, 17.95, 17.85, 15.734, 17.189], [18.614, 15.729, 11.054, 11.079, 12.127, 13.043, 14.92, 16.314, 17.0, 19.089, 19.246, 17.916, 15.043, 12.557, 10.921, 9.958, 10.062, 10.537, 11.222, 12.648, 13.597, 14.296, 13.332, 10.378, 7.058, 8.349, 8.197, 6.022, 4.224, 3.941, 2.489, 2.195, 0.0, 2.266, 3.63, 5.46, 4.626, 4.965, 5.652, 5.511, 6.218, 5.426, 6.251, 5.683, 6.562, 13.826, 14.788, 17.132, 19.532, 20.027, 19.905, 17.805, 19.248], [20.728, 17.864, 13.096, 13.12, 14.216, 15.12, 16.941, 18.334, 18.941, 21.018, 21.156, 19.816, 17.025, 14.546, 12.961, 12.027, 12.116, 12.599, 13.291, 14.747, 15.679, 16.365, 15.427, 12.443, 9.074, 10.396, 10.272, 8.109, 6.284, 5.997, 4.587, 4.351, 2.266, 0.0, 1.824, 3.518, 2.798, 3.124, 3.694, 3.433, 4.182, 3.375, 4.939, 4.383, 8.59, 15.92, 16.847, 19.151, 21.553, 22.085, 21.975, 19.888, 21.343], [21.962, 19.131, 14.421, 14.545, 15.615, 16.524, 18.401, 19.755, 20.346, 22.48, 22.596, 21.31, 18.424, 15.992, 14.378, 13.429, 13.441, 13.808, 14.449, 16.125, 16.828, 17.51, 16.62, 13.684, 10.296, 11.612, 11.488, 9.323, 7.566, 7.254, 5.899, 5.676, 3.63, 1.824, 0.0, 2.015, 1.283, 1.699, 2.26, 2.447, 3.749, 3.189, 5.367, 4.805, 9.825, 17.12, 18.151, 20.452, 22.921, 23.458, 23.388, 21.195, 22.688], [23.906, 21.04, 16.332, 16.459, 17.532, 18.441, 20.303, 21.658, 22.246, 24.379, 24.485, 23.189, 20.329, 17.896, 16.297, 15.353, 15.356, 15.726, 16.379, 18.051, 18.757, 19.432, 18.553, 15.617, 12.216, 13.517, 13.403, 11.257, 9.489, 9.179, 7.819, 7.54, 5.46, 3.518, 2.015, 0.0, 1.066, 0.893, 1.259, 2.593, 3.245, 2.924, 5.97, 5.898, 11.758, 19.063, 20.076, 22.368, 24.836, 25.383, 25.313, 23.12, 24.613], [23.07, 20.203, 15.519, 15.647, 16.721, 17.628, 19.495, 20.847, 21.448, 23.584, 23.691, 22.411, 19.521, 17.096, 15.484, 14.537, 14.543, 14.913, 15.556, 17.225, 17.937, 18.62, 17.72, 14.798, 11.395, 12.705, 12.581, 10.428, 8.673, 8.365, 7.0, 6.72, 4.626, 2.798, 1.283, 1.066, 0.0, 0.714, 1.472, 2.803, 3.61, 3.118, 5.921, 5.65, 10.933, 18.231, 19.26, 21.556, 24.024, 24.566, 24.497, 22.305, 23.798], [23.356, 20.487, 15.817, 15.949, 17.025, 17.93, 19.807, 21.156, 21.788, 23.925, 24.038, 22.768, 19.84, 17.419, 15.789, 14.837, 14.85, 15.215, 15.847, 17.518, 18.235, 18.919, 18.011, 15.094, 11.695, 13.009, 12.882, 10.727, 8.972, 8.673, 7.299, 7.019, 4.965, 3.124, 1.699, 0.893, 0.714, 0.0, 1.448, 2.971, 3.684, 3.232, 6.288, 6.018, 11.227, 18.516, 19.556, 21.867, 24.325, 24.863, 24.795, 22.601, 24.094], [24.104, 21.228, 16.557, 16.681, 17.755, 18.662, 20.526, 21.879, 22.467, 24.599, 24.709, 23.43, 20.548, 18.118, 16.52, 15.577, 15.579, 15.95, 16.598, 18.268, 18.978, 19.658, 18.758, 15.84, 12.436, 13.743, 13.622, 11.47, 9.715, 9.403, 8.042, 7.762, 5.652, 3.694, 2.26, 1.259, 1.472, 1.448, 0.0, 1.984, 3.073, 2.733, 5.664, 5.689, 11.972, 19.264, 20.299, 22.59, 25.055, 25.603, 25.534, 23.343, 24.836], [23.882, 21.038, 16.276, 16.379, 17.458, 18.365, 20.203, 21.566, 22.094, 24.219, 24.307, 22.989, 20.203, 17.791, 16.213, 15.283, 15.273, 15.642, 16.322, 18.0, 18.705, 19.366, 18.519, 15.574, 12.181, 13.442, 13.349, 11.205, 9.435, 9.138, 7.767, 7.552, 5.511, 3.433, 2.447, 2.593, 2.803, 2.971, 1.984, 0.0, 1.684, 1.935, 4.366, 4.27, 11.728, 19.036, 20.012, 22.279, 24.729, 25.319, 25.27, 23.07, 24.575], [24.494, 21.695, 16.852, 16.948, 18.042, 18.92, 20.756, 22.11, 22.613, 24.735, 24.797, 23.467, 20.74, 18.334, 16.774, 15.856, 15.868, 16.198, 16.895, 18.593, 19.297, 19.926, 19.118, 16.183, 12.771, 13.993, 13.923, 11.788, 10.03, 9.696, 8.416, 8.352, 6.218, 4.182, 3.749, 3.245, 3.61, 3.684, 3.073, 1.684, 0.0, 1.599, 3.82, 4.13, 12.353, 19.613, 20.552, 22.823, 25.254, 25.862, 25.788, 23.637, 25.137], [23.426, 20.613, 15.779, 15.89, 16.968, 17.863, 19.668, 21.048, 21.542, 23.687, 23.73, 22.402, 19.658, 17.307, 15.716, 14.832, 14.803, 15.15, 15.898, 17.558, 18.274, 18.934, 18.073, 15.123, 11.698, 12.953, 12.857, 10.771, 9.017, 8.65, 7.439, 7.481, 5.426, 3.375, 3.189, 2.924, 3.118, 3.232, 2.733, 1.935, 1.599, 0.0, 3.558, 3.767, 11.285, 18.536, 19.494, 21.766, 24.185, 24.784, 24.727, 22.569, 24.074], [22.95, 20.455, 15.32, 15.085, 16.106, 16.941, 18.734, 20.047, 20.488, 22.593, 22.609, 21.28, 18.647, 16.265, 14.75, 13.865, 13.892, 14.362, 15.805, 17.218, 17.743, 18.461, 17.651, 14.619, 11.383, 12.49, 12.424, 10.803, 9.122, 8.614, 7.712, 8.013, 6.251, 4.939, 5.367, 5.97, 5.921, 6.288, 5.664, 4.366, 3.82, 3.558, 0.0, 1.543, 10.85, 18.317, 18.725, 20.789, 23.196, 23.834, 23.903, 21.692, 23.205], [22.521, 20.028, 14.919, 14.535, 15.351, 16.228, 18.002, 19.255, 19.653, 21.736, 21.753, 20.428, 17.966, 15.456, 14.01, 13.078, 13.081, 13.942, 15.444, 16.838, 17.32, 18.041, 17.279, 14.175, 10.934, 12.083, 12.032, 10.42, 8.694, 8.153, 7.217, 7.491, 5.683, 4.383, 4.805, 5.898, 5.65, 6.018, 5.689, 4.27, 4.13, 3.767, 1.543, 0.0, 10.389, 17.915, 18.202, 20.021, 22.483, 23.047, 23.315, 21.053, 22.554], [12.394, 9.777, 5.114, 5.031, 6.022, 6.868, 8.76, 10.089, 10.734, 12.868, 13.027, 11.738, 8.707, 6.382, 4.687, 3.774, 3.793, 4.356, 5.177, 6.584, 7.321, 8.043, 7.096, 4.183, 1.696, 2.46, 2.111, 1.506, 2.601, 2.92, 4.196, 4.549, 6.562, 8.59, 9.825, 11.758, 10.933, 11.227, 11.972, 11.728, 12.353, 11.285, 10.85, 10.389, 0.0, 7.689, 8.457, 10.798, 13.228, 13.688, 13.664, 11.453, 12.94], [5.783, 3.445, 3.239, 3.863, 3.221, 2.95, 3.405, 4.377, 4.972, 6.839, 7.317, 6.277, 4.036, 5.124, 4.962, 5.283, 5.416, 4.734, 2.845, 1.585, 1.482, 1.795, 2.006, 3.849, 7.168, 6.281, 6.061, 7.916, 9.725, 9.999, 11.434, 11.754, 13.826, 15.92, 17.12, 19.063, 18.231, 18.516, 19.264, 19.036, 19.613, 18.536, 18.317, 17.915, 7.689, 0.0, 2.216, 3.81, 6.052, 6.553, 6.592, 4.63, 5.965], [6.479, 4.487, 3.989, 4.12, 3.44, 2.899, 2.52, 2.887, 3.169, 4.912, 5.203, 4.103, 2.148, 3.991, 4.661, 5.532, 5.514, 4.766, 4.12, 3.236, 2.862, 2.939, 3.232, 4.616, 7.942, 6.678, 6.722, 8.872, 10.625, 10.921, 12.335, 12.715, 14.788, 16.847, 18.151, 20.076, 19.26, 19.556, 20.299, 20.012, 20.552, 19.494, 18.725, 18.202, 8.457, 2.216, 0.0, 2.868, 4.83, 5.525, 5.791, 3.922, 5.039], [6.872, 5.239, 6.293, 6.195, 5.15, 4.736, 3.572, 2.9, 2.543, 3.232, 3.93, 2.936, 2.789, 5.036, 6.55, 7.382, 7.233, 6.802, 6.297, 4.997, 4.421, 4.124, 4.754, 6.915, 10.251, 8.997, 9.085, 11.219, 12.987, 13.229, 14.697, 15.097, 17.132, 19.151, 20.452, 22.368, 21.556, 21.867, 22.59, 22.279, 22.823, 21.766, 20.789, 20.021, 10.798, 3.81, 2.868, 0.0, 3.253, 4.417, 5.342, 3.935, 4.291], [4.779, 4.695, 8.546, 8.559, 7.679, 6.842, 5.05, 4.041, 4.132, 3.408, 4.503, 4.332, 4.754, 7.787, 8.966, 9.933, 9.856, 9.174, 8.589, 7.053, 6.245, 5.613, 6.427, 9.298, 12.69, 11.356, 11.491, 13.641, 15.374, 15.685, 17.082, 17.478, 19.532, 21.553, 22.921, 24.836, 24.024, 24.325, 25.055, 24.729, 25.254, 24.185, 23.196, 22.483, 13.228, 6.052, 4.83, 3.253, 0.0, 2.261, 3.09, 3.294, 2.725], [3.79, 4.826, 9.114, 9.112, 8.174, 7.277, 5.489, 4.53, 5.163, 4.067, 5.452, 6.081, 5.521, 8.534, 9.322, 10.25, 10.353, 9.814, 9.093, 7.49, 6.714, 6.042, 6.914, 9.831, 13.262, 11.988, 12.024, 14.173, 15.926, 16.237, 17.594, 17.95, 20.027, 22.085, 23.458, 25.383, 24.566, 24.863, 25.603, 25.319, 25.862, 24.784, 23.834, 23.047, 13.688, 6.553, 5.525, 4.417, 2.261, 0.0, 1.458, 2.546, 1.687], [3.596, 4.917, 9.067, 9.141, 8.377, 7.456, 5.721, 5.024, 5.827, 4.968, 6.38, 6.965, 6.123, 9.265, 9.625, 10.481, 10.572, 9.938, 9.09, 7.45, 6.77, 6.062, 6.949, 9.863, 13.197, 11.942, 11.997, 14.148, 15.889, 16.164, 17.549, 17.85, 19.905, 21.975, 23.388, 25.313, 24.497, 24.795, 25.534, 25.27, 25.788, 24.727, 23.903, 23.315, 13.664, 6.592, 5.791, 5.342, 3.09, 1.458, 0.0, 2.647, 1.912], [3.581, 4.04, 6.928, 6.952, 6.145, 5.315, 3.714, 3.11, 4.001, 3.833, 5.401, 5.49, 4.327, 7.215, 7.463, 8.286, 8.303, 7.801, 6.968, 5.599, 5.077, 4.418, 4.896, 7.663, 11.101, 9.828, 9.905, 11.947, 13.705, 14.003, 15.366, 15.734, 17.805, 19.888, 21.195, 23.12, 22.305, 22.601, 23.343, 23.07, 23.637, 22.569, 21.692, 21.053, 11.453, 4.63, 3.922, 3.935, 3.294, 2.546, 2.647, 0.0, 1.871], [4.193, 4.962, 8.403, 8.469, 7.656, 6.852, 5.252, 4.331, 5.147, 3.802, 5.052, 5.614, 5.3, 8.189, 8.894, 9.787, 9.828, 9.368, 8.47, 6.846, 6.252, 5.58, 6.263, 9.087, 12.496, 11.371, 11.377, 13.467, 15.213, 15.479, 16.857, 17.189, 19.248, 21.343, 22.688, 24.613, 23.798, 24.094, 24.836, 24.575, 25.137, 24.074, 23.205, 22.554, 12.94, 5.965, 5.039, 4.291, 2.725, 1.687, 1.912, 1.871, 0.0]]