[[0.0, 1.345, 2.615, 2.461, 2.259, 2.996, 3.672, 2.802, 3.111, 5.786, 5.03, 3.402, 3.274, 5.419, 5.993, 5.093, 4.277, 3.809, 3.772, 3.003, 3.503, 6.706, 9.185, 8.475, 6.048, 4.28, 2.666, 2.366, 2.372, 2.986, 3.636, 3.739, 2.421, 4.385, 4.523, 4.582, 5.076, 5.039, 4.137, 3.6, 3.278, 2.514, 2.553, 2.356, 3.63, 3.734, 4.071, 4.412, 4.237, 4.261, 4.445, 4.251, 5.024, 5.043, 4.009, 3.739, 4.236, 2.332, 2.445, 2.719, 2.253, 2.725, 2.846, 4.312, 4.992, 3.303, 2.727, 2.065, 2.014, 2.703, 3.85, 4.941, 5.133, 5.101, 5.14, 5.111, 3.632, 2.204, 2.745, 5.5, 6.278, 4.268, 4.316, 6.941, 2.222, 2.808, 2.84, 3.336, 5.333, 6.096, 6.188, 7.98, 9.231, 9.952, 10.274, 10.324, 10.42, 10.803, 9.864, 9.356, 8.456, 8.08, 8.323, 8.742, 9.049, 9.264, 8.911, 10.248, 10.674, 8.505, 7.12, 6.379, 5.399, 5.698, 5.504, 5.805, 5.666, 4.394, 3.887, 5.808, 7.144, 7.084, 5.45, 3.595, 2.846, 2.69, 2.492, 2.575, 2.774, 3.683, 4.52, 3.755, 2.884, 3.102, 2.4, 2.614, 2.922, 2.671, 2.405, 4.373, 6.038, 6.21, 6.062, 8.008, 9.62, 10.838], [1.345, 0.0, 1.581, 1.625, 1.848, 2.172, 2.762, 1.944, 2.265, 4.885, 4.145, 2.488, 2.396, 4.556, 5.132, 5.086, 4.378, 3.839, 3.721, 2.766, 2.845, 5.918, 8.381, 7.622, 5.177, 3.417, 2.309, 2.087, 2.084, 2.895, 3.417, 3.045, 2.655, 4.651, 4.711, 4.879, 5.337, 5.294, 4.31, 3.958, 3.389, 2.536, 2.491, 2.463, 3.822, 4.181, 4.284, 4.599, 4.457, 4.766, 5.115, 4.9, 5.754, 5.774, 4.471, 4.175, 4.704, 2.728, 2.36, 2.849, 2.404, 2.849, 2.842, 3.561, 4.071, 2.781, 2.077, 2.16, 2.573, 2.994, 4.134, 5.478, 5.637, 5.395, 5.511, 5.837, 4.259, 2.572, 2.197, 4.603, 5.448, 3.453, 3.483, 6.12, 2.245, 3.153, 3.079, 3.666, 5.641, 6.585, 6.799, 8.562, 9.471, 10.122, 10.413, 10.398, 10.541, 10.941, 10.026, 9.387, 8.872, 8.749, 8.619, 8.981, 9.32, 9.594, 9.243, 10.849, 11.183, 8.946, 7.425, 6.64, 5.727, 5.982, 5.932, 6.299, 6.092, 4.7, 4.553, 6.471, 7.823, 7.693, 5.827, 3.929, 2.83, 2.628, 2.491, 2.614, 2.809, 4.052, 5.013, 4.314, 3.512, 3.414, 2.783, 2.703, 2.993, 2.699, 2.762, 4.634, 6.459, 6.748, 6.751, 8.672, 10.275, 11.493], [2.615, 1.581, 0.0, 1.294, 1.574, 1.201, 1.589, 1.413, 1.9, 3.437, 2.69, 1.352, 1.357, 3.204, 3.952, 4.401, 4.046, 3.466, 3.26, 2.637, 2.503, 4.616, 7.034, 6.153, 3.715, 2.171, 1.922, 1.766, 2.054, 2.476, 2.746, 2.396, 2.685, 4.864, 4.867, 4.974, 5.917, 5.86, 4.94, 4.795, 3.667, 2.793, 2.603, 3.193, 4.719, 5.263, 5.248, 5.462, 5.311, 5.9, 6.403, 6.185, 7.051, 7.063, 5.75, 5.322, 5.819, 3.671, 2.535, 3.612, 3.239, 3.355, 2.997, 2.604, 2.693, 2.371, 1.969, 2.61, 3.585, 4.224, 5.23, 6.744, 6.853, 6.279, 6.689, 7.134, 5.551, 3.74, 1.947, 3.189, 4.175, 2.375, 2.555, 4.682, 2.416, 4.363, 3.783, 4.581, 6.628, 7.57, 8.095, 9.728, 10.329, 10.98, 10.818, 10.52, 10.851, 11.415, 10.368, 9.895, 10.24, 10.221, 9.64, 9.455, 10.058, 10.614, 10.484, 12.104, 12.409, 9.554, 7.397, 6.579, 5.582, 5.874, 5.923, 7.164, 7.254, 5.91, 5.819, 7.801, 9.168, 8.837, 6.78, 4.226, 2.32, 2.522, 2.548, 2.477, 3.02, 5.121, 6.268, 5.575, 4.69, 4.564, 3.817, 2.585, 2.75, 2.549, 3.27, 4.941, 7.477, 8.033, 8.069, 9.96, 11.573, 12.799], [2.461, 1.625, 1.294, 0.0, 0.969, 1.254, 1.773, 1.449, 2.263, 3.681, 2.993, 1.557, 1.904, 3.56, 4.279, 4.315, 3.81, 3.179, 3.118, 2.816, 2.808, 4.798, 7.257, 6.536, 4.0, 2.255, 1.4, 1.455, 2.031, 2.454, 2.834, 3.026, 2.026, 4.133, 4.19, 4.305, 5.314, 5.213, 4.372, 4.18, 3.124, 2.206, 2.034, 2.623, 4.139, 4.747, 4.745, 4.989, 5.067, 5.435, 5.892, 5.577, 6.457, 6.462, 5.141, 4.708, 5.501, 3.268, 2.299, 2.998, 2.737, 2.99, 2.566, 2.623, 3.11, 2.476, 1.827, 2.216, 3.134, 3.808, 4.785, 6.229, 6.26, 5.72, 6.086, 6.502, 5.082, 3.204, 1.819, 3.372, 4.573, 2.723, 2.607, 4.826, 1.795, 4.013, 3.342, 3.954, 6.031, 7.112, 7.698, 9.291, 9.801, 10.522, 10.207, 10.045, 10.21, 10.933, 10.1, 9.752, 10.105, 10.089, 9.506, 9.3, 9.936, 10.453, 10.407, 11.981, 12.276, 9.136, 7.055, 6.114, 5.176, 5.458, 5.459, 6.798, 6.973, 5.667, 5.391, 7.377, 8.665, 8.336, 6.308, 3.708, 2.037, 2.358, 2.275, 1.866, 2.676, 4.826, 5.878, 5.038, 4.248, 4.07, 3.281, 2.12, 2.182, 2.245, 2.768, 4.528, 7.313, 7.766, 7.646, 9.652, 11.167, 12.401], [2.259, 1.848, 1.574, 0.969, 0.0, 1.526, 2.196, 1.782, 2.582, 4.067, 3.34, 1.701, 2.28, 4.083, 4.835, 4.311, 3.713, 3.132, 3.09, 2.855, 2.964, 5.332, 7.847, 7.009, 4.498, 2.74, 1.201, 1.257, 1.904, 2.304, 2.841, 3.228, 1.803, 3.992, 3.979, 4.063, 5.062, 4.925, 4.14, 3.724, 2.739, 1.74, 1.613, 2.071, 3.722, 4.406, 4.39, 4.581, 4.688, 5.045, 5.433, 5.051, 5.922, 5.977, 4.718, 4.359, 5.176, 2.908, 2.031, 2.664, 2.416, 2.453, 2.144, 2.693, 3.471, 2.504, 1.906, 1.787, 2.569, 3.315, 4.284, 5.792, 5.913, 5.333, 5.641, 6.085, 4.618, 2.628, 1.568, 3.77, 5.008, 3.157, 3.108, 5.364, 1.675, 3.678, 3.037, 3.648, 5.641, 6.776, 7.325, 9.01, 9.484, 10.126, 9.919, 9.828, 10.056, 10.596, 9.818, 9.556, 9.811, 9.795, 9.276, 9.114, 9.69, 10.131, 10.073, 11.649, 11.946, 8.931, 6.986, 5.972, 4.923, 5.285, 5.39, 6.525, 6.693, 5.307, 5.114, 7.106, 8.383, 8.006, 5.997, 3.535, 1.701, 2.136, 2.039, 1.666, 2.446, 4.511, 5.464, 4.529, 3.784, 3.519, 2.748, 1.787, 2.05, 2.18, 2.487, 4.238, 6.98, 7.468, 7.314, 9.304, 10.699, 11.877], [2.996, 2.172, 1.201, 1.254, 1.526, 0.0, 1.043, 1.502, 1.793, 2.923, 2.217, 1.084, 1.293, 2.839, 3.706, 3.984, 3.849, 3.189, 2.989, 2.553, 2.255, 4.305, 6.619, 5.803, 3.307, 1.507, 1.594, 1.45, 1.778, 1.985, 2.287, 2.105, 2.472, 4.734, 5.011, 4.843, 6.025, 5.923, 5.102, 4.823, 3.674, 2.501, 2.328, 3.182, 4.766, 5.447, 5.45, 5.672, 5.845, 6.124, 6.663, 6.352, 7.239, 7.244, 5.873, 5.399, 6.19, 3.953, 2.18, 3.692, 3.433, 3.456, 2.675, 1.98, 2.261, 1.827, 1.744, 2.436, 3.783, 4.589, 5.543, 7.004, 7.042, 6.428, 6.828, 7.264, 5.721, 3.797, 1.548, 2.655, 3.881, 2.279, 2.482, 4.186, 2.222, 4.677, 4.04, 4.747, 6.788, 7.853, 8.456, 9.854, 10.558, 11.27, 11.05, 10.868, 11.06, 11.742, 10.707, 10.478, 10.83, 10.777, 10.23, 9.938, 10.542, 11.108, 11.016, 12.607, 12.922, 9.961, 7.674, 6.563, 5.424, 5.716, 6.005, 7.444, 7.566, 6.276, 6.032, 7.993, 9.338, 8.962, 6.915, 4.386, 1.966, 2.203, 2.664, 2.483, 3.308, 5.565, 6.659, 5.82, 5.017, 4.843, 4.058, 2.341, 2.246, 2.537, 3.52, 5.139, 7.923, 8.402, 8.303, 10.43, 11.936, 13.183], [3.672, 2.762, 1.589, 1.773, 2.196, 1.043, 0.0, 1.484, 1.644, 2.383, 1.765, 1.104, 1.058, 2.287, 3.392, 4.034, 3.883, 3.252, 3.039, 2.706, 2.479, 3.798, 5.988, 5.096, 2.608, 1.203, 2.094, 2.105, 2.171, 2.261, 2.524, 2.123, 3.028, 5.37, 5.782, 5.502, 6.743, 6.502, 5.741, 5.477, 4.374, 3.08, 2.788, 3.813, 5.399, 6.11, 6.042, 6.324, 6.39, 6.791, 7.309, 6.998, 7.884, 7.89, 6.532, 6.063, 6.689, 4.503, 2.425, 4.355, 4.081, 4.099, 2.937, 2.131, 2.081, 1.779, 1.687, 2.871, 4.375, 5.182, 6.153, 7.596, 7.656, 7.057, 7.493, 7.909, 6.349, 4.429, 2.037, 2.225, 3.502, 2.119, 2.205, 3.658, 2.82, 5.308, 4.707, 5.356, 7.435, 8.4, 9.048, 10.54, 11.023, 11.852, 11.729, 11.493, 11.666, 12.374, 11.411, 11.131, 11.478, 11.448, 10.852, 10.566, 11.105, 11.665, 11.626, 13.184, 13.482, 10.569, 8.263, 6.891, 5.75, 5.893, 6.446, 7.961, 8.239, 6.908, 6.683, 8.662, 10.003, 9.656, 7.536, 5.026, 2.166, 2.479, 3.305, 3.125, 4.056, 6.197, 7.269, 6.467, 5.644, 5.489, 4.703, 2.984, 2.549, 3.152, 4.014, 5.642, 8.556, 9.093, 8.996, 11.039, 12.581, 13.777], [2.802, 1.944, 1.413, 1.449, 1.782, 1.502, 1.484, 0.0, 1.343, 3.066, 2.398, 1.371, 1.738, 3.251, 4.502, 5.119, 4.771, 4.124, 3.945, 3.174, 3.014, 4.91, 6.862, 6.038, 3.53, 2.2, 2.048, 1.858, 2.346, 2.751, 3.296, 2.915, 2.965, 5.102, 5.145, 5.229, 6.105, 5.968, 5.037, 4.669, 3.855, 2.905, 2.709, 3.14, 4.536, 5.182, 5.258, 5.442, 5.599, 5.864, 6.338, 6.028, 6.914, 6.919, 5.583, 5.107, 6.004, 3.731, 2.577, 3.539, 3.156, 3.302, 2.921, 3.069, 3.171, 2.499, 2.004, 2.549, 3.656, 4.289, 5.246, 6.686, 6.734, 6.166, 6.534, 6.946, 5.455, 3.559, 2.057, 3.466, 4.737, 3.204, 3.079, 4.845, 2.406, 4.425, 3.839, 4.492, 6.505, 7.666, 8.138, 9.746, 10.372, 10.956, 11.052, 11.135, 11.249, 11.678, 10.923, 10.52, 10.58, 10.552, 10.178, 10.152, 10.665, 11.014, 10.856, 12.466, 12.786, 10.081, 8.354, 7.419, 6.328, 6.641, 6.724, 7.365, 7.363, 6.054, 5.793, 7.812, 9.121, 8.775, 6.757, 4.662, 2.812, 2.885, 2.818, 2.988, 3.524, 5.298, 6.347, 5.496, 4.716, 4.52, 3.746, 2.949, 3.006, 3.049, 3.488, 5.343, 7.829, 8.227, 8.083, 10.128, 11.651, 12.877], [3.111, 2.265, 1.9, 2.263, 2.582, 1.793, 1.644, 1.343, 0.0, 2.93, 2.287, 1.669, 1.557, 2.839, 4.209, 5.007, 4.628, 4.096, 3.791, 2.921, 2.658, 4.605, 6.255, 5.553, 3.242, 2.177, 2.663, 2.331, 2.228, 2.882, 3.039, 2.471, 3.268, 5.663, 6.086, 5.865, 6.637, 6.672, 5.661, 5.339, 4.663, 3.394, 3.106, 3.656, 5.309, 5.846, 5.803, 6.15, 6.181, 6.585, 7.043, 6.731, 7.618, 7.624, 6.252, 5.825, 6.362, 4.333, 2.486, 4.217, 3.951, 3.972, 3.164, 3.136, 3.086, 2.421, 2.084, 2.681, 4.078, 4.888, 5.913, 7.307, 7.391, 7.018, 7.255, 7.643, 6.006, 4.173, 2.406, 3.434, 4.355, 2.855, 2.903, 4.658, 3.084, 4.901, 4.626, 5.285, 7.303, 8.227, 8.751, 10.123, 10.942, 11.782, 11.979, 11.886, 11.955, 12.582, 11.405, 11.075, 10.96, 10.916, 10.524, 10.711, 10.973, 11.359, 11.162, 12.766, 13.103, 10.625, 8.73, 7.56, 6.395, 6.648, 7.037, 7.817, 7.761, 6.448, 6.231, 8.158, 9.59, 9.307, 7.296, 5.126, 3.072, 2.903, 3.505, 3.566, 4.175, 5.84, 6.874, 6.2, 5.335, 5.299, 4.445, 3.532, 3.311, 3.54, 4.153, 5.633, 8.208, 8.557, 8.666, 10.701, 12.314, 13.533], [5.786, 4.885, 3.437, 3.681, 4.067, 2.923, 2.383, 3.066, 2.93, 0.0, 0.973, 2.682, 2.901, 1.518, 3.104, 4.486, 4.975, 4.741, 4.298, 4.1, 3.455, 2.84, 4.013, 3.189, 1.302, 2.046, 3.954, 4.034, 4.243, 4.313, 3.517, 2.757, 5.057, 7.443, 7.353, 7.505, 8.656, 8.625, 7.807, 7.491, 6.277, 5.008, 4.815, 5.758, 7.369, 8.148, 8.083, 8.328, 8.5, 8.817, 9.249, 8.978, 9.818, 9.823, 8.548, 8.049, 8.935, 6.643, 4.309, 6.299, 6.012, 6.033, 4.682, 2.381, 1.766, 2.824, 3.332, 4.894, 6.411, 7.218, 8.201, 9.632, 9.702, 9.057, 9.501, 9.883, 8.407, 6.39, 3.926, 1.739, 2.536, 2.777, 3.431, 2.34, 4.919, 7.391, 6.749, 7.435, 9.443, 10.547, 11.091, 12.675, 13.217, 13.916, 13.606, 13.347, 13.75, 14.405, 13.49, 13.193, 13.572, 13.56, 12.936, 12.673, 13.338, 13.891, 13.826, 15.428, 15.728, 12.663, 10.014, 8.466, 7.431, 7.366, 8.18, 10.177, 10.319, 8.971, 8.776, 10.785, 12.118, 11.722, 9.682, 7.099, 3.88, 4.419, 5.348, 4.913, 5.932, 8.278, 9.316, 8.445, 7.675, 7.453, 6.649, 4.858, 4.475, 5.258, 6.215, 7.87, 10.708, 11.188, 11.051, 13.126, 14.636, 15.847], [5.03, 4.145, 2.69, 2.993, 3.34, 2.217, 1.765, 2.398, 2.287, 0.973, 0.0, 1.887, 2.186, 1.35, 3.233, 4.587, 4.717, 4.331, 3.975, 3.442, 2.876, 3.081, 4.823, 3.847, 1.436, 1.476, 3.237, 3.285, 3.491, 3.562, 3.026, 2.067, 4.335, 6.749, 6.759, 6.777, 7.981, 7.881, 7.102, 6.779, 5.534, 4.266, 4.051, 5.023, 6.695, 7.429, 7.322, 7.571, 7.743, 8.067, 8.528, 8.232, 9.098, 9.125, 7.825, 7.371, 8.185, 5.916, 3.56, 5.595, 5.287, 5.32, 3.968, 2.181, 1.815, 2.483, 2.603, 4.133, 5.629, 6.422, 7.417, 8.871, 8.966, 8.336, 8.754, 9.198, 7.652, 5.637, 3.174, 1.792, 2.858, 2.459, 3.104, 2.792, 4.185, 6.681, 6.037, 6.729, 8.693, 9.825, 10.333, 11.955, 12.474, 13.145, 12.91, 12.65, 13.001, 13.641, 12.742, 12.459, 12.832, 12.819, 12.19, 11.933, 12.575, 13.132, 13.05, 14.66, 14.966, 11.947, 9.514, 8.164, 7.034, 7.108, 7.73, 9.446, 9.596, 8.245, 8.073, 10.082, 11.415, 11.006, 8.967, 6.381, 3.278, 3.718, 4.631, 4.281, 5.252, 7.551, 8.588, 7.705, 6.908, 6.689, 5.917, 4.17, 3.814, 4.532, 5.476, 7.117, 9.947, 10.456, 10.307, 12.38, 13.854, 15.044], [3.402, 2.488, 1.352, 1.557, 1.701, 1.084, 1.104, 1.371, 1.669, 2.682, 1.887, 0.0, 1.143, 2.772, 3.775, 4.273, 4.182, 3.686, 3.408, 2.664, 2.357, 4.248, 6.562, 5.613, 3.133, 1.37, 1.756, 1.735, 2.113, 2.308, 2.392, 2.029, 2.903, 5.249, 5.315, 5.352, 6.471, 6.302, 5.41, 4.991, 3.869, 2.819, 2.561, 3.304, 4.874, 5.709, 5.658, 5.9, 6.048, 6.395, 6.776, 6.433, 7.317, 7.343, 6.018, 5.639, 6.528, 4.195, 2.031, 3.803, 3.525, 3.558, 2.582, 2.052, 2.235, 1.94, 1.644, 2.573, 3.884, 4.678, 5.676, 7.112, 7.244, 6.633, 6.967, 7.405, 5.858, 3.801, 1.667, 2.391, 3.8, 2.299, 2.486, 4.081, 2.534, 5.0, 4.364, 4.98, 6.953, 8.113, 8.647, 10.258, 10.834, 11.452, 11.317, 11.241, 11.435, 12.033, 11.19, 10.821, 11.157, 11.145, 10.606, 10.439, 11.008, 11.505, 11.424, 13.01, 13.311, 10.424, 8.422, 7.313, 6.159, 6.377, 6.76, 7.785, 7.893, 6.449, 6.336, 8.345, 9.679, 9.326, 7.289, 4.824, 2.503, 2.584, 3.022, 3.009, 3.706, 5.844, 6.82, 5.926, 5.164, 4.922, 4.149, 2.863, 2.764, 3.124, 3.863, 5.565, 8.297, 8.798, 8.64, 10.672, 12.121, 13.306], [3.274, 2.396, 1.357, 1.904, 2.28, 1.293, 1.058, 1.738, 1.557, 2.901, 2.186, 1.143, 0.0, 2.282, 3.214, 4.098, 3.734, 3.333, 3.036, 2.65, 2.18, 4.024, 6.151, 5.432, 3.039, 1.411, 2.255, 2.108, 2.072, 2.342, 2.24, 1.94, 2.842, 5.239, 5.791, 5.513, 6.41, 6.349, 5.725, 5.535, 4.458, 3.306, 2.928, 3.958, 5.504, 6.109, 6.06, 6.305, 6.232, 6.822, 7.342, 7.043, 7.909, 7.919, 6.591, 6.121, 6.401, 4.415, 2.525, 4.445, 4.097, 4.131, 3.061, 2.318, 2.383, 2.053, 1.868, 2.958, 4.336, 5.133, 6.126, 7.599, 7.684, 7.074, 7.532, 7.962, 6.369, 4.534, 2.264, 2.617, 3.682, 1.884, 2.101, 3.931, 2.743, 5.161, 4.59, 5.378, 7.439, 8.3, 9.0, 10.358, 10.97, 11.864, 11.723, 11.431, 11.698, 12.344, 10.986, 10.819, 11.135, 11.056, 10.582, 10.306, 10.616, 11.18, 11.137, 12.742, 12.968, 10.052, 7.9, 6.763, 5.685, 5.763, 6.21, 7.448, 7.858, 6.659, 6.591, 8.481, 9.912, 9.574, 7.426, 4.642, 2.515, 2.593, 3.285, 3.195, 3.848, 6.016, 7.174, 6.492, 5.616, 5.504, 4.719, 3.263, 2.733, 2.967, 3.87, 5.458, 8.027, 8.725, 8.934, 10.98, 12.591, 13.805], [5.419, 4.556, 3.204, 3.56, 4.083, 2.839, 2.287, 3.251, 2.839, 1.518, 1.35, 2.772, 2.282, 0.0, 2.587, 4.047, 4.211, 4.09, 3.666, 3.812, 3.019, 2.623, 4.203, 3.532, 1.567, 1.771, 4.01, 3.927, 3.981, 4.029, 2.781, 2.528, 4.491, 6.814, 7.4, 7.378, 8.169, 8.185, 7.688, 7.528, 6.396, 5.123, 4.827, 5.905, 7.512, 8.09, 8.047, 8.303, 8.273, 8.812, 9.344, 9.025, 9.897, 9.902, 8.577, 8.094, 8.324, 6.454, 4.207, 6.412, 6.091, 6.113, 4.792, 2.255, 1.823, 2.783, 3.292, 4.88, 6.311, 7.125, 8.123, 9.574, 9.666, 9.069, 9.505, 9.944, 8.362, 6.538, 4.069, 1.824, 2.462, 1.996, 2.642, 2.259, 4.478, 7.154, 6.566, 7.352, 9.424, 10.268, 10.984, 12.326, 12.891, 13.862, 13.55, 13.098, 13.497, 14.258, 13.048, 12.909, 13.243, 13.182, 12.686, 12.357, 12.745, 13.105, 13.011, 14.57, 14.985, 11.6, 9.07, 7.63, 6.541, 6.542, 7.264, 9.398, 9.962, 8.745, 8.617, 10.494, 11.892, 11.556, 9.396, 6.183, 3.641, 4.186, 5.228, 4.696, 5.713, 8.06, 9.192, 8.479, 7.613, 7.501, 6.716, 4.895, 4.132, 4.627, 5.601, 7.392, 10.122, 10.659, 10.936, 12.993, 14.601, 15.818], [5.993, 5.132, 3.952, 4.279, 4.835, 3.706, 3.392, 4.502, 4.209, 3.104, 3.233, 3.775, 3.214, 2.587, 0.0, 2.795, 4.43, 4.496, 4.242, 4.487, 3.74, 1.868, 3.395, 3.16, 2.886, 2.958, 4.904, 4.854, 4.813, 4.98, 3.84, 3.72, 5.423, 7.642, 8.106, 8.104, 8.924, 8.974, 8.429, 8.276, 7.158, 5.885, 5.569, 6.706, 8.286, 8.816, 8.778, 9.026, 8.892, 9.538, 10.07, 9.75, 10.614, 10.632, 9.306, 8.834, 9.089, 7.127, 4.94, 7.15, 6.804, 6.825, 5.547, 2.614, 2.113, 3.466, 4.156, 5.654, 7.026, 7.839, 8.845, 10.32, 10.398, 9.784, 10.245, 10.676, 9.12, 7.34, 4.935, 1.96, 1.669, 2.703, 2.935, 2.6, 5.398, 7.854, 7.284, 8.084, 10.162, 10.995, 11.668, 13.073, 13.62, 14.575, 14.26, 13.775, 14.128, 14.935, 13.666, 13.517, 13.815, 13.746, 13.216, 12.885, 13.286, 13.774, 13.802, 15.349, 15.657, 12.345, 9.53, 7.677, 6.821, 6.632, 7.716, 10.057, 10.546, 9.412, 9.305, 11.195, 12.625, 12.272, 10.155, 7.048, 4.343, 4.971, 5.957, 5.427, 6.415, 8.662, 9.867, 9.192, 8.327, 8.215, 7.429, 5.591, 4.882, 5.389, 6.354, 8.104, 10.734, 11.368, 11.651, 13.683, 15.294, 16.508], [5.093, 5.086, 4.401, 4.315, 4.311, 3.984, 4.034, 5.119, 5.007, 4.486, 4.587, 4.273, 4.098, 4.047, 2.795, 0.0, 2.415, 2.514, 2.379, 2.94, 3.261, 3.016, 5.491, 5.294, 4.193, 3.766, 4.468, 4.375, 4.147, 3.836, 2.902, 4.304, 4.102, 5.988, 6.269, 6.227, 7.221, 7.124, 6.67, 6.56, 5.492, 4.702, 4.762, 5.325, 6.628, 6.97, 6.873, 7.035, 7.045, 7.647, 8.279, 7.944, 8.801, 8.747, 7.504, 7.048, 7.129, 5.369, 3.524, 5.357, 5.031, 4.945, 4.03, 2.895, 3.396, 3.137, 4.018, 4.503, 5.28, 6.037, 7.086, 8.553, 8.563, 8.034, 8.498, 8.905, 7.461, 5.817, 4.241, 3.144, 2.986, 2.788, 2.956, 3.499, 4.232, 6.048, 5.431, 6.19, 8.36, 9.193, 9.927, 11.191, 11.614, 12.59, 12.279, 11.827, 12.17, 12.993, 11.912, 11.74, 12.105, 12.062, 11.505, 11.174, 11.64, 12.101, 12.029, 13.504, 13.948, 10.49, 7.426, 5.445, 4.769, 4.553, 6.131, 8.533, 9.119, 7.988, 7.723, 9.541, 10.717, 10.348, 8.233, 5.346, 3.177, 3.507, 4.256, 4.15, 5.089, 6.906, 7.925, 7.246, 6.396, 6.43, 5.512, 3.789, 2.994, 3.547, 4.352, 6.175, 9.062, 9.636, 9.67, 11.746, 13.341, 14.551], [4.277, 4.378, 4.046, 3.81, 3.713, 3.849, 3.883, 4.771, 4.628, 4.975, 4.717, 4.182, 3.734, 4.211, 4.43, 2.415, 0.0, 1.016, 1.237, 2.29, 3.099, 4.624, 7.322, 7.087, 4.681, 3.88, 3.779, 3.677, 3.334, 2.894, 2.64, 4.309, 2.971, 4.395, 4.528, 4.414, 5.264, 5.314, 4.888, 4.773, 4.091, 3.816, 4.018, 4.148, 4.92, 5.175, 5.077, 5.21, 5.14, 5.915, 6.549, 6.161, 7.001, 6.953, 5.716, 5.263, 5.146, 3.765, 3.196, 3.605, 3.351, 3.363, 2.788, 3.706, 4.171, 3.32, 3.566, 3.762, 3.843, 4.379, 5.504, 6.797, 6.767, 6.211, 6.723, 7.12, 5.745, 4.814, 3.981, 4.154, 4.731, 2.6, 2.467, 4.97, 3.213, 4.592, 4.067, 4.748, 6.646, 7.406, 8.138, 9.336, 9.781, 10.722, 10.362, 9.914, 10.232, 11.048, 9.722, 9.674, 10.0, 9.939, 9.442, 9.112, 9.476, 9.899, 9.786, 11.354, 11.652, 8.288, 5.367, 3.883, 3.279, 2.979, 4.003, 6.488, 7.214, 6.135, 6.179, 7.636, 8.914, 8.521, 6.448, 3.8, 2.272, 2.365, 2.945, 3.078, 3.8, 5.001, 6.019, 5.433, 4.888, 4.884, 4.166, 2.699, 1.942, 2.261, 2.873, 4.226, 6.978, 7.414, 7.786, 9.83, 11.405, 12.624], [3.809, 3.839, 3.466, 3.179, 3.132, 3.189, 3.252, 4.124, 4.096, 4.741, 4.331, 3.686, 3.333, 4.09, 4.496, 2.514, 1.016, 0.0, 1.077, 2.088, 2.792, 4.622, 7.392, 6.979, 4.587, 3.525, 3.13, 3.026, 2.84, 2.294, 2.422, 3.94, 2.492, 4.007, 4.18, 4.018, 4.961, 4.944, 4.514, 4.392, 3.517, 3.161, 3.362, 3.583, 4.526, 4.8, 4.687, 4.815, 4.805, 5.5, 6.146, 5.775, 6.616, 6.572, 5.336, 4.879, 4.868, 3.343, 2.672, 3.254, 2.971, 2.851, 2.344, 3.389, 3.917, 2.974, 3.077, 3.2, 3.357, 3.954, 5.017, 6.426, 6.386, 5.835, 6.329, 6.736, 5.351, 4.166, 3.346, 4.031, 4.66, 2.563, 2.486, 5.091, 2.617, 4.025, 3.489, 4.178, 6.255, 7.045, 7.778, 8.96, 9.406, 10.341, 10.013, 9.616, 9.906, 10.716, 9.542, 9.435, 9.778, 9.722, 9.215, 8.885, 9.293, 9.703, 9.623, 11.178, 11.573, 8.197, 5.618, 4.206, 3.41, 3.259, 4.067, 6.278, 6.91, 5.823, 5.746, 7.288, 8.534, 8.141, 6.082, 3.408, 1.712, 1.914, 2.314, 2.443, 3.23, 4.7, 5.692, 5.009, 4.324, 4.352, 3.595, 2.114, 1.531, 1.7, 2.385, 3.871, 6.722, 7.2, 7.39, 9.486, 11.049, 12.271], [3.772, 3.721, 3.26, 3.118, 3.09, 2.989, 3.039, 3.945, 3.791, 4.298, 3.975, 3.408, 3.036, 3.666, 4.242, 2.379, 1.237, 1.077, 0.0, 1.713, 2.382, 4.443, 7.165, 6.72, 4.355, 3.134, 3.263, 3.166, 2.801, 2.306, 2.106, 3.615, 2.409, 4.211, 4.419, 4.232, 5.117, 5.151, 4.714, 4.638, 3.736, 3.436, 3.526, 3.791, 4.77, 5.003, 4.914, 5.018, 4.996, 5.672, 6.379, 6.011, 6.832, 6.774, 5.576, 5.103, 5.054, 3.621, 2.453, 3.421, 3.155, 2.987, 2.442, 3.032, 3.582, 2.673, 3.037, 3.164, 3.453, 4.142, 5.21, 6.651, 6.603, 6.055, 6.532, 6.956, 5.612, 4.491, 3.156, 3.761, 4.39, 2.099, 2.338, 4.868, 2.762, 4.267, 3.829, 4.521, 6.5, 7.24, 7.964, 9.146, 9.6, 10.535, 10.18, 9.736, 10.115, 10.881, 9.685, 9.598, 9.937, 9.877, 9.375, 9.044, 9.437, 9.863, 9.822, 11.325, 11.73, 8.443, 5.829, 4.531, 3.669, 3.641, 4.342, 6.478, 7.136, 6.039, 5.917, 7.521, 8.768, 8.363, 6.277, 3.666, 1.965, 1.928, 2.65, 2.753, 3.591, 4.96, 5.908, 5.203, 4.492, 4.606, 4.022, 2.267, 1.537, 1.722, 2.667, 4.061, 6.886, 7.356, 7.57, 9.646, 11.229, 12.462], [3.003, 2.766, 2.637, 2.816, 2.855, 2.553, 2.706, 3.174, 2.921, 4.1, 3.442, 2.664, 2.65, 3.812, 4.487, 2.94, 2.29, 2.088, 1.713, 0.0, 1.415, 4.75, 7.557, 6.883, 4.521, 2.771, 3.002, 2.9, 2.19, 2.247, 2.227, 2.54, 2.857, 4.864, 4.71, 4.372, 5.551, 5.555, 4.46, 4.298, 3.515, 2.881, 2.873, 3.255, 4.398, 4.704, 4.593, 4.775, 4.775, 5.384, 5.99, 5.65, 6.498, 6.447, 5.208, 4.829, 5.21, 3.263, 1.696, 3.084, 2.753, 2.651, 1.992, 2.574, 3.25, 1.943, 2.027, 2.417, 3.086, 3.742, 4.824, 6.294, 6.282, 5.828, 6.222, 6.625, 5.23, 3.813, 2.419, 3.786, 4.655, 2.405, 2.847, 5.267, 2.974, 3.771, 3.327, 4.111, 6.189, 7.145, 7.625, 9.015, 9.652, 10.221, 10.27, 10.194, 10.325, 10.938, 9.863, 9.333, 9.533, 9.516, 8.966, 8.943, 9.444, 10.014, 9.858, 11.513, 11.807, 9.186, 6.986, 5.938, 4.941, 5.042, 5.594, 6.822, 6.937, 5.643, 5.57, 7.223, 8.438, 8.173, 6.177, 4.304, 2.352, 1.618, 2.263, 2.776, 3.374, 4.526, 5.501, 4.859, 4.039, 4.091, 3.262, 2.022, 1.702, 2.093, 2.862, 4.134, 6.905, 7.149, 7.294, 9.263, 10.832, 12.063], [3.503, 2.845, 2.503, 2.808, 2.964, 2.255, 2.479, 3.014, 2.658, 3.455, 2.876, 2.357, 2.18, 3.019, 3.74, 3.261, 3.099, 2.792, 2.382, 1.415, 0.0, 3.912, 6.684, 6.14, 3.884, 2.073, 3.184, 3.036, 2.643, 2.827, 2.489, 1.921, 3.348, 5.433, 5.64, 5.07, 6.177, 6.12, 5.39, 5.212, 4.465, 3.403, 3.307, 3.977, 5.313, 5.56, 5.413, 5.475, 5.511, 6.134, 6.939, 6.534, 7.387, 7.255, 6.035, 5.645, 5.765, 3.971, 2.046, 4.009, 3.643, 3.48, 2.87, 2.283, 2.665, 2.068, 2.246, 3.097, 3.894, 4.667, 5.742, 7.221, 7.148, 6.603, 7.099, 7.508, 6.175, 4.477, 2.479, 3.082, 3.855, 1.761, 2.588, 4.363, 3.298, 4.549, 4.092, 4.898, 7.024, 7.913, 8.53, 9.678, 10.191, 11.023, 11.05, 10.954, 11.019, 11.712, 10.532, 10.317, 10.431, 10.378, 9.885, 9.792, 10.108, 10.527, 10.435, 12.036, 12.388, 9.692, 7.661, 6.661, 5.71, 5.856, 6.364, 7.373, 7.733, 6.623, 6.403, 8.106, 9.33, 8.861, 6.78, 4.799, 2.883, 2.535, 3.209, 3.405, 4.208, 5.45, 6.33, 5.639, 4.78, 5.001, 4.067, 2.937, 2.445, 2.69, 3.339, 4.77, 7.499, 7.863, 8.034, 10.141, 11.673, 12.917], [6.706, 5.918, 4.616, 4.798, 5.332, 4.305, 3.798, 4.91, 4.605, 2.84, 3.081, 4.248, 4.024, 2.623, 1.868, 3.016, 4.624, 4.622, 4.443, 4.75, 3.912, 0.0, 2.966, 2.618, 2.557, 3.174, 5.309, 5.321, 5.451, 5.507, 4.331, 3.687, 5.899, 8.026, 8.35, 8.338, 9.309, 9.206, 8.705, 8.596, 7.514, 6.263, 5.966, 7.097, 8.655, 9.032, 8.954, 9.135, 9.203, 9.787, 10.375, 10.02, 10.86, 10.828, 9.568, 9.094, 9.186, 7.422, 5.275, 7.41, 7.07, 7.008, 5.928, 3.089, 2.425, 4.009, 4.753, 6.049, 7.319, 8.12, 9.142, 10.627, 10.621, 10.073, 10.539, 10.938, 9.501, 7.738, 5.339, 2.241, 1.18, 2.885, 3.144, 2.224, 5.842, 8.027, 7.421, 8.267, 10.408, 11.321, 12.046, 13.259, 13.727, 14.7, 14.403, 13.967, 14.295, 15.116, 14.015, 13.884, 14.249, 14.205, 13.66, 13.332, 13.784, 14.259, 14.181, 15.668, 16.105, 12.677, 9.882, 8.207, 7.447, 7.269, 8.321, 10.657, 11.173, 10.044, 9.623, 11.56, 12.767, 12.382, 10.299, 7.415, 4.797, 5.398, 6.236, 5.815, 6.913, 8.984, 10.021, 9.313, 8.467, 8.468, 7.57, 5.725, 4.987, 5.587, 6.43, 8.241, 11.151, 11.722, 11.804, 13.869, 15.453, 16.675], [9.185, 8.381, 7.034, 7.257, 7.847, 6.619, 5.988, 6.862, 6.255, 4.013, 4.823, 6.562, 6.151, 4.203, 3.395, 5.491, 7.322, 7.392, 7.165, 7.557, 6.684, 2.966, 0.0, 1.662, 3.571, 5.439, 7.664, 7.574, 7.689, 7.736, 6.469, 5.86, 8.158, 10.442, 11.077, 11.105, 11.941, 11.911, 11.357, 11.198, 10.046, 8.771, 8.536, 9.564, 11.128, 11.74, 11.73, 12.012, 12.018, 12.549, 13.099, 12.721, 13.606, 13.602, 12.223, 11.708, 12.008, 10.087, 7.818, 10.018, 9.782, 9.816, 8.45, 5.485, 4.63, 6.309, 7.044, 8.539, 10.022, 10.852, 11.848, 13.279, 13.368, 12.757, 13.161, 13.599, 11.97, 10.131, 7.725, 4.359, 3.093, 5.411, 5.66, 3.402, 8.12, 10.818, 10.244, 11.028, 13.117, 13.999, 14.743, 15.931, 16.604, 17.59, 17.301, 16.821, 17.135, 17.983, 16.812, 16.689, 17.032, 16.976, 16.469, 16.139, 16.541, 16.95, 16.886, 18.378, 18.8, 15.39, 12.465, 10.515, 9.628, 9.49, 10.744, 13.13, 13.626, 12.362, 12.15, 14.082, 15.504, 15.215, 13.054, 9.836, 7.296, 7.852, 8.929, 8.336, 9.403, 11.758, 12.862, 12.174, 11.349, 11.236, 10.436, 8.543, 7.729, 8.312, 9.284, 11.081, 13.874, 14.442, 14.691, 16.735, 18.332, 19.569], [8.475, 7.622, 6.153, 6.536, 7.009, 5.803, 5.096, 6.038, 5.553, 3.189, 3.847, 5.613, 5.432, 3.532, 3.16, 5.294, 7.087, 6.979, 6.72, 6.883, 6.14, 2.618, 1.662, 0.0, 2.697, 4.466, 6.727, 6.685, 6.663, 6.67, 5.6, 4.925, 7.513, 9.911, 10.335, 10.369, 11.364, 11.294, 10.64, 10.417, 9.229, 7.951, 7.742, 8.705, 10.268, 11.009, 10.989, 11.27, 11.229, 11.803, 12.345, 11.98, 12.865, 12.86, 11.467, 10.965, 11.402, 9.366, 7.054, 9.258, 9.041, 9.075, 7.653, 4.572, 3.744, 5.433, 6.187, 7.796, 9.239, 10.091, 11.092, 12.525, 12.626, 12.017, 12.419, 12.853, 11.179, 9.244, 6.697, 3.426, 2.536, 5.063, 5.43, 3.195, 7.349, 10.135, 9.542, 10.293, 12.376, 13.253, 13.949, 15.322, 15.866, 16.849, 16.559, 16.091, 16.509, 17.254, 16.197, 15.96, 16.317, 16.295, 15.7, 15.393, 15.902, 16.434, 16.411, 17.935, 18.312, 15.035, 12.253, 10.343, 9.418, 9.275, 10.403, 12.585, 12.892, 11.539, 11.453, 13.444, 14.841, 14.536, 12.396, 9.458, 6.53, 7.125, 8.189, 7.575, 8.665, 10.992, 12.125, 11.433, 10.608, 10.495, 9.695, 7.801, 7.107, 7.755, 8.647, 10.409, 13.295, 13.935, 13.998, 16.007, 17.594, 18.829], [6.048, 5.177, 3.715, 4.0, 4.498, 3.307, 2.608, 3.53, 3.242, 1.302, 1.436, 3.133, 3.039, 1.567, 2.886, 4.193, 4.681, 4.587, 4.355, 4.521, 3.884, 2.557, 3.571, 2.697, 0.0, 2.178, 4.266, 4.201, 4.318, 4.352, 3.42, 2.677, 5.077, 7.448, 7.821, 7.868, 8.935, 8.786, 8.109, 7.902, 6.714, 5.437, 5.228, 6.205, 7.768, 8.501, 8.475, 8.756, 8.772, 9.32, 9.825, 9.466, 10.35, 10.346, 8.953, 8.451, 8.95, 6.87, 4.535, 6.749, 6.527, 6.56, 5.142, 2.804, 2.158, 3.147, 3.692, 5.287, 6.736, 7.576, 8.579, 10.01, 10.11, 9.501, 9.905, 10.339, 8.665, 6.768, 4.265, 1.668, 2.086, 2.744, 3.058, 1.933, 4.837, 7.677, 7.076, 7.773, 9.862, 10.785, 11.457, 12.85, 13.361, 14.334, 14.045, 13.605, 13.965, 14.765, 13.758, 13.507, 13.883, 13.864, 13.27, 12.962, 13.483, 14.024, 13.992, 15.511, 15.855, 12.586, 9.72, 7.874, 6.923, 6.807, 7.915, 10.173, 10.493, 9.121, 8.959, 10.988, 12.333, 12.011, 9.894, 7.002, 4.025, 4.665, 5.662, 5.127, 6.212, 8.521, 9.648, 8.919, 8.105, 7.981, 7.181, 5.287, 4.561, 5.265, 6.14, 7.945, 10.859, 11.486, 11.481, 13.517, 15.099, 16.319], [4.28, 3.417, 2.171, 2.255, 2.74, 1.507, 1.203, 2.2, 2.177, 2.046, 1.476, 1.37, 1.411, 1.771, 2.958, 3.766, 3.88, 3.525, 3.134, 2.771, 2.073, 3.174, 5.439, 4.466, 2.178, 0.0, 2.445, 2.424, 2.485, 2.498, 2.208, 1.806, 3.215, 5.674, 6.14, 5.996, 7.11, 6.942, 6.283, 6.019, 4.844, 3.562, 3.385, 4.307, 5.877, 6.622, 6.643, 6.876, 7.016, 7.44, 7.96, 7.582, 8.467, 8.462, 7.069, 6.568, 7.171, 5.053, 2.743, 4.869, 4.643, 4.677, 3.26, 1.664, 1.554, 1.786, 2.054, 3.517, 4.976, 5.806, 6.754, 8.213, 8.251, 7.618, 8.022, 8.455, 6.864, 4.882, 2.374, 1.679, 2.857, 1.668, 2.268, 3.138, 2.989, 5.825, 5.191, 5.916, 7.978, 9.004, 9.697, 10.987, 11.58, 12.498, 12.199, 11.931, 12.159, 12.965, 11.925, 11.734, 12.103, 12.077, 11.511, 11.205, 11.687, 12.235, 12.209, 13.761, 14.073, 10.962, 8.674, 7.298, 6.077, 6.191, 6.846, 8.411, 8.65, 7.343, 7.144, 9.132, 10.496, 10.113, 8.031, 5.312, 2.601, 2.866, 3.848, 3.433, 4.41, 6.759, 7.844, 7.035, 6.253, 6.097, 5.297, 3.541, 2.774, 3.469, 4.483, 6.137, 9.058, 9.606, 9.577, 11.709, 13.228, 14.478], [2.666, 2.309, 1.922, 1.4, 1.201, 1.594, 2.094, 2.048, 2.663, 3.954, 3.237, 1.756, 2.255, 4.01, 4.904, 4.468, 3.779, 3.13, 3.263, 3.002, 3.184, 5.309, 7.664, 6.727, 4.266, 2.445, 0.0, 0.869, 1.515, 1.876, 2.645, 3.053, 1.825, 3.995, 4.058, 4.112, 5.353, 5.162, 4.165, 3.733, 2.576, 1.454, 1.395, 2.094, 3.596, 4.51, 4.504, 4.789, 4.902, 5.313, 5.661, 5.259, 6.144, 6.139, 4.771, 4.397, 5.365, 3.047, 2.237, 2.657, 2.649, 2.682, 2.125, 2.609, 3.252, 2.367, 1.81, 1.953, 2.771, 3.535, 4.494, 5.917, 6.018, 5.507, 5.742, 6.148, 4.597, 2.56, 1.461, 3.573, 4.721, 3.196, 3.148, 5.219, 1.696, 3.813, 3.139, 3.75, 5.788, 6.994, 7.467, 9.046, 9.661, 10.339, 10.164, 10.064, 10.305, 10.922, 10.082, 9.639, 9.998, 10.005, 9.388, 9.173, 9.875, 10.411, 10.372, 11.962, 12.254, 9.31, 7.064, 5.885, 4.783, 5.042, 5.357, 6.635, 6.664, 5.171, 5.11, 7.124, 8.416, 8.153, 6.128, 3.616, 1.611, 1.917, 2.006, 1.578, 2.42, 4.606, 5.624, 4.719, 3.979, 3.774, 2.974, 1.698, 2.206, 2.348, 2.754, 4.378, 7.183, 7.624, 7.527, 9.513, 10.972, 12.175], [2.366, 2.087, 1.766, 1.455, 1.257, 1.45, 2.105, 1.858, 2.331, 4.034, 3.285, 1.735, 2.108, 3.927, 4.854, 4.375, 3.677, 3.026, 3.166, 2.9, 3.036, 5.321, 7.574, 6.685, 4.201, 2.424, 0.869, 0.0, 1.3, 1.689, 2.471, 2.836, 1.729, 3.99, 4.071, 4.135, 5.126, 5.02, 4.099, 3.798, 2.754, 1.772, 1.665, 2.187, 3.684, 4.401, 4.407, 4.683, 4.917, 5.213, 5.72, 5.342, 6.227, 6.23, 4.829, 4.376, 5.195, 2.966, 2.226, 2.691, 2.562, 2.578, 2.088, 2.746, 3.155, 2.149, 1.787, 1.846, 2.775, 3.548, 4.492, 5.954, 5.994, 5.447, 5.782, 6.217, 4.598, 2.65, 1.535, 3.599, 4.745, 3.181, 3.139, 5.212, 1.414, 3.636, 3.041, 3.78, 5.81, 6.936, 7.447, 8.797, 9.599, 10.275, 10.193, 10.057, 10.362, 10.893, 9.894, 9.573, 9.914, 9.888, 9.394, 9.253, 9.766, 10.251, 10.118, 11.76, 12.062, 9.174, 7.139, 6.02, 4.867, 5.136, 5.446, 6.492, 6.544, 5.127, 4.934, 6.938, 8.311, 7.977, 5.869, 3.499, 1.578, 1.815, 1.808, 1.742, 2.36, 4.531, 5.613, 4.795, 3.995, 3.857, 3.057, 1.821, 2.129, 2.111, 2.618, 4.302, 6.938, 7.428, 7.362, 9.484, 10.983, 12.219], [2.372, 2.084, 2.054, 2.031, 1.904, 1.778, 2.171, 2.346, 2.228, 4.243, 3.491, 2.113, 2.072, 3.981, 4.813, 4.147, 3.334, 2.84, 2.801, 2.19, 2.643, 5.451, 7.689, 6.663, 4.318, 2.485, 1.515, 1.3, 0.0, 1.19, 2.009, 2.143, 1.934, 4.351, 4.69, 4.516, 5.45, 5.473, 4.308, 4.045, 3.168, 1.917, 1.857, 2.347, 3.949, 4.674, 4.653, 5.019, 5.018, 5.465, 5.961, 5.594, 6.478, 6.474, 5.08, 4.586, 5.313, 3.102, 1.915, 2.922, 2.774, 2.769, 1.821, 2.678, 3.275, 1.925, 1.549, 1.68, 2.917, 3.747, 4.728, 6.153, 6.238, 5.757, 6.043, 6.467, 4.797, 2.847, 1.309, 3.785, 4.863, 3.077, 3.053, 5.458, 1.651, 3.755, 3.279, 4.013, 6.098, 7.06, 7.637, 8.965, 9.84, 10.569, 10.636, 10.577, 10.648, 11.302, 10.161, 9.744, 9.854, 9.83, 9.317, 9.281, 9.743, 10.261, 10.191, 11.78, 12.074, 9.435, 7.347, 6.088, 4.892, 5.087, 5.599, 6.579, 6.518, 5.019, 5.017, 6.975, 8.406, 8.229, 6.217, 3.833, 1.642, 1.385, 2.087, 1.982, 2.656, 4.643, 5.734, 5.047, 4.222, 4.149, 3.314, 2.083, 1.983, 2.21, 2.963, 4.386, 7.023, 7.442, 7.604, 9.602, 11.208, 12.434], [2.986, 2.895, 2.476, 2.454, 2.304, 1.985, 2.261, 2.751, 2.882, 4.313, 3.562, 2.308, 2.342, 4.029, 4.98, 3.836, 2.894, 2.294, 2.306, 2.247, 2.827, 5.507, 7.736, 6.67, 4.352, 2.498, 1.876, 1.689, 1.19, 0.0, 1.768, 2.417, 1.718, 3.739, 4.251, 3.989, 5.073, 4.966, 4.12, 3.874, 2.803, 2.18, 2.377, 2.325, 3.713, 4.454, 4.479, 4.726, 4.83, 5.294, 5.811, 5.435, 6.32, 6.316, 4.922, 4.421, 5.028, 3.061, 2.007, 2.793, 2.642, 2.532, 1.498, 2.847, 3.439, 2.145, 2.107, 2.155, 2.859, 3.643, 4.585, 6.049, 6.087, 5.471, 5.875, 6.309, 4.693, 3.067, 1.75, 3.803, 4.856, 3.209, 3.329, 5.41, 1.412, 3.566, 3.093, 3.843, 5.832, 6.805, 7.533, 8.786, 9.507, 10.335, 10.2, 10.042, 10.18, 10.882, 9.807, 9.501, 9.838, 9.816, 9.264, 8.963, 9.509, 10.06, 10.014, 11.603, 11.897, 9.056, 6.84, 5.545, 4.38, 4.572, 5.053, 6.284, 6.415, 5.009, 4.905, 6.859, 8.296, 7.951, 5.883, 3.366, 1.5, 1.142, 1.855, 1.923, 2.527, 4.562, 5.651, 4.889, 4.1, 3.984, 3.504, 1.974, 1.795, 1.806, 2.626, 4.015, 6.836, 7.371, 7.429, 9.515, 11.06, 12.311], [3.636, 3.417, 2.746, 2.834, 2.841, 2.287, 2.524, 3.296, 3.039, 3.517, 3.026, 2.392, 2.24, 2.781, 3.84, 2.902, 2.64, 2.422, 2.106, 2.227, 2.489, 4.331, 6.469, 5.6, 3.42, 2.208, 2.645, 2.471, 2.009, 1.768, 0.0, 2.243, 2.358, 4.818, 5.302, 5.37, 6.138, 6.174, 5.587, 5.391, 4.206, 3.256, 3.332, 3.749, 5.251, 5.978, 5.957, 6.237, 6.293, 6.779, 7.315, 6.947, 7.832, 7.827, 6.44, 5.961, 6.285, 4.319, 2.404, 4.233, 4.008, 4.042, 2.685, 2.338, 2.704, 1.986, 2.459, 3.021, 4.276, 5.105, 6.059, 7.512, 7.591, 6.983, 7.387, 7.831, 6.199, 4.322, 2.403, 2.905, 3.786, 2.158, 2.237, 4.115, 2.426, 5.046, 4.479, 5.262, 7.346, 8.278, 8.996, 10.179, 10.914, 11.816, 11.546, 11.142, 11.589, 12.259, 11.016, 10.915, 11.254, 11.193, 10.706, 10.404, 10.79, 11.177, 11.053, 12.633, 13.078, 9.693, 7.096, 5.785, 4.566, 4.74, 5.373, 7.401, 7.801, 6.511, 6.416, 8.318, 9.774, 9.451, 7.28, 4.14, 2.125, 2.227, 3.142, 2.87, 3.587, 5.999, 7.088, 6.4, 5.575, 5.462, 4.707, 2.956, 2.296, 2.682, 3.747, 5.353, 8.086, 8.61, 8.917, 10.966, 12.562, 13.793], [3.739, 3.045, 2.396, 3.026, 3.228, 2.105, 2.123, 2.915, 2.471, 2.757, 2.067, 2.029, 1.94, 2.528, 3.72, 4.304, 4.309, 3.94, 3.615, 2.54, 1.921, 3.687, 5.86, 4.925, 2.677, 1.806, 3.053, 2.836, 2.143, 2.417, 2.243, 0.0, 3.402, 5.846, 6.372, 6.01, 7.054, 7.01, 6.003, 5.793, 4.811, 3.544, 3.534, 4.061, 5.616, 6.329, 6.32, 6.616, 6.657, 7.187, 7.672, 7.311, 8.195, 8.191, 6.798, 6.307, 6.859, 4.714, 2.579, 4.596, 4.4, 4.413, 3.115, 2.296, 2.222, 2.034, 2.113, 3.294, 4.593, 5.423, 6.423, 7.855, 7.957, 7.392, 7.75, 8.184, 6.51, 4.562, 2.363, 2.471, 3.046, 2.404, 3.138, 3.725, 3.181, 5.403, 4.921, 5.692, 7.741, 8.713, 9.313, 10.595, 11.422, 12.198, 12.324, 12.159, 12.295, 12.983, 11.746, 11.384, 11.554, 11.51, 10.982, 10.895, 11.275, 11.833, 11.688, 13.32, 13.644, 10.994, 8.841, 7.519, 6.31, 6.476, 7.037, 8.11, 8.138, 6.72, 6.695, 8.655, 10.093, 9.835, 7.722, 5.312, 3.069, 2.725, 3.736, 3.652, 4.338, 6.283, 7.435, 6.764, 5.939, 5.826, 5.026, 3.609, 3.155, 3.577, 4.499, 5.913, 8.581, 9.163, 9.281, 11.313, 12.919, 14.145], [2.421, 2.655, 2.685, 2.026, 1.803, 2.472, 3.028, 2.965, 3.268, 5.057, 4.335, 2.903, 2.842, 4.491, 5.423, 4.102, 2.971, 2.492, 2.409, 2.857, 3.348, 5.899, 8.158, 7.513, 5.077, 3.215, 1.825, 1.729, 1.934, 1.718, 2.358, 3.402, 0.0, 2.753, 3.373, 3.293, 4.01, 3.972, 3.411, 3.211, 2.209, 2.072, 2.184, 1.856, 3.046, 3.743, 3.767, 4.014, 4.1, 4.562, 5.099, 4.724, 5.609, 5.604, 4.213, 3.713, 4.14, 2.349, 2.371, 2.315, 2.325, 2.454, 1.976, 3.574, 4.263, 3.033, 2.787, 2.265, 2.409, 2.927, 3.869, 5.333, 5.371, 4.76, 5.163, 5.597, 4.0, 2.548, 2.373, 4.533, 5.341, 3.531, 3.573, 5.872, 1.134, 2.974, 2.522, 3.173, 5.12, 6.076, 6.817, 7.985, 8.689, 9.619, 9.34, 9.136, 9.349, 10.053, 8.907, 8.819, 9.106, 9.054, 8.615, 8.38, 8.708, 9.077, 9.033, 10.589, 10.969, 7.816, 5.802, 4.655, 3.676, 4.104, 4.077, 5.276, 5.658, 4.413, 4.236, 6.145, 7.571, 7.218, 5.081, 2.294, 1.818, 1.634, 1.98, 1.593, 1.911, 3.833, 4.922, 4.177, 3.454, 3.318, 2.844, 2.038, 1.796, 1.585, 1.896, 3.201, 5.956, 6.528, 6.694, 8.794, 10.346, 11.593], [4.385, 4.651, 4.864, 4.133, 3.992, 4.734, 5.37, 5.102, 5.663, 7.443, 6.749, 5.249, 5.239, 6.814, 7.642, 5.988, 4.395, 4.007, 4.211, 4.864, 5.433, 8.026, 10.442, 9.911, 7.448, 5.674, 3.995, 3.99, 4.351, 3.739, 4.818, 5.846, 2.753, 0.0, 1.502, 1.595, 1.738, 1.617, 1.84, 2.004, 2.318, 3.887, 4.033, 3.162, 2.344, 2.729, 2.18, 2.079, 1.926, 2.405, 2.954, 3.287, 3.467, 3.307, 2.613, 2.34, 2.386, 3.266, 4.433, 3.066, 3.539, 3.3, 3.719, 5.925, 6.714, 5.472, 5.105, 4.485, 3.8, 2.883, 2.286, 3.149, 3.02, 2.46, 3.243, 3.416, 3.63, 3.422, 4.685, 6.962, 7.606, 5.588, 5.667, 8.108, 3.095, 2.724, 2.666, 2.411, 2.753, 3.674, 4.434, 5.663, 6.284, 7.226, 6.943, 6.804, 6.861, 7.661, 6.613, 6.495, 6.753, 6.799, 6.382, 5.94, 6.327, 6.719, 6.673, 8.199, 8.583, 5.575, 3.943, 3.039, 3.087, 3.602, 2.029, 2.94, 3.441, 2.397, 2.497, 3.867, 5.263, 4.867, 2.766, 1.888, 3.764, 3.687, 3.121, 3.032, 2.555, 2.316, 2.973, 3.464, 3.458, 3.261, 3.443, 3.724, 3.587, 3.193, 3.077, 1.768, 3.654, 4.184, 4.273, 6.397, 7.936, 9.192], [4.523, 4.711, 4.867, 4.19, 3.979, 5.011, 5.782, 5.145, 6.086, 7.353, 6.759, 5.315, 5.791, 7.4, 8.106, 6.269, 4.528, 4.18, 4.419, 4.71, 5.64, 8.35, 11.077, 10.335, 7.821, 6.14, 4.058, 4.071, 4.69, 4.251, 5.302, 6.372, 3.373, 1.502, 0.0, 1.177, 1.766, 1.515, 1.289, 1.579, 2.052, 3.826, 4.029, 3.156, 1.819, 2.077, 1.607, 1.532, 1.604, 1.989, 2.517, 2.633, 2.732, 2.656, 1.996, 1.746, 2.241, 2.873, 4.501, 2.581, 2.964, 2.945, 3.7, 6.092, 6.687, 5.724, 5.215, 4.426, 3.44, 2.418, 1.878, 2.657, 2.465, 1.948, 2.695, 2.726, 3.055, 3.286, 4.773, 7.1, 8.116, 5.899, 6.001, 8.591, 3.742, 2.548, 2.348, 2.048, 2.382, 3.407, 3.861, 5.442, 6.037, 6.639, 6.403, 6.318, 6.698, 7.189, 6.538, 6.096, 6.321, 6.458, 5.942, 5.669, 6.3, 6.728, 6.663, 8.241, 8.542, 5.859, 4.077, 3.029, 3.202, 3.663, 2.28, 3.129, 3.255, 2.192, 2.468, 3.657, 4.85, 4.482, 2.607, 2.207, 3.975, 3.896, 2.872, 2.943, 2.421, 1.623, 2.383, 2.676, 3.028, 2.724, 2.851, 3.408, 3.701, 3.362, 3.229, 1.638, 3.454, 3.88, 3.783, 5.859, 7.362, 8.583], [4.582, 4.879, 4.974, 4.305, 4.063, 4.843, 5.502, 5.229, 5.865, 7.505, 6.777, 5.352, 5.513, 7.378, 8.104, 6.227, 4.414, 4.018, 4.232, 4.372, 5.07, 8.338, 11.105, 10.369, 7.868, 5.996, 4.112, 4.135, 4.516, 3.989, 5.37, 6.01, 3.293, 1.595, 1.177, 0.0, 1.81, 1.672, 1.493, 1.707, 2.178, 3.684, 3.857, 3.169, 2.058, 1.959, 1.406, 1.461, 1.665, 2.218, 2.954, 2.746, 2.869, 2.662, 2.084, 1.855, 1.927, 2.841, 4.343, 2.678, 3.109, 2.822, 3.601, 6.074, 6.807, 5.447, 4.995, 4.297, 3.311, 2.567, 2.275, 3.008, 2.707, 2.135, 2.964, 2.964, 3.289, 3.521, 4.654, 7.187, 8.144, 5.882, 5.966, 8.627, 3.782, 2.584, 2.567, 2.249, 2.723, 3.429, 3.91, 5.276, 5.844, 6.541, 6.477, 6.366, 6.553, 7.22, 6.226, 5.94, 6.217, 6.29, 5.701, 5.449, 5.944, 6.512, 6.384, 8.006, 8.316, 5.682, 3.909, 2.814, 2.957, 3.635, 2.244, 3.052, 3.476, 2.615, 2.858, 3.909, 5.063, 4.461, 2.682, 2.402, 3.949, 3.737, 2.913, 3.093, 2.784, 1.986, 2.183, 2.607, 3.057, 3.025, 2.966, 3.209, 3.483, 3.044, 3.02, 1.013, 3.248, 3.769, 3.68, 5.787, 7.297, 8.524], [5.076, 5.337, 5.917, 5.314, 5.062, 6.025, 6.743, 6.105, 6.637, 8.656, 7.981, 6.471, 6.41, 8.169, 8.924, 7.221, 5.264, 4.961, 5.117, 5.551, 6.177, 9.309, 11.941, 11.364, 8.935, 7.11, 5.353, 5.126, 5.45, 5.073, 6.138, 7.054, 4.01, 1.738, 1.766, 1.81, 0.0, 1.133, 1.793, 2.403, 3.282, 5.062, 5.134, 4.166, 2.831, 2.528, 1.895, 1.659, 1.976, 2.534, 3.237, 3.325, 3.183, 2.765, 2.626, 2.271, 2.413, 3.466, 5.381, 3.563, 3.905, 3.835, 4.804, 7.228, 7.905, 6.694, 6.262, 5.405, 4.264, 3.251, 2.732, 2.841, 2.101, 1.896, 2.937, 3.113, 3.998, 4.305, 5.874, 8.33, 9.064, 6.7, 6.771, 9.627, 4.413, 3.199, 3.22, 2.879, 2.17, 2.352, 2.95, 4.246, 4.958, 5.765, 5.59, 5.576, 5.816, 6.28, 5.298, 5.148, 5.195, 5.3, 5.104, 4.77, 5.058, 5.3, 5.233, 6.818, 7.18, 4.574, 3.329, 3.118, 3.472, 4.249, 2.032, 1.908, 2.381, 2.593, 3.085, 2.966, 4.021, 3.506, 2.111, 2.974, 5.089, 4.835, 3.935, 4.072, 3.491, 2.367, 2.83, 3.503, 3.896, 3.784, 3.842, 4.627, 4.661, 3.987, 3.643, 1.979, 2.143, 2.713, 3.007, 4.883, 6.453, 7.678], [5.039, 5.294, 5.86, 5.213, 4.925, 5.923, 6.502, 5.968, 6.672, 8.625, 7.881, 6.302, 6.349, 8.185, 8.974, 7.124, 5.314, 4.944, 5.151, 5.555, 6.12, 9.206, 11.911, 11.294, 8.786, 6.942, 5.162, 5.02, 5.473, 4.966, 6.174, 7.01, 3.972, 1.617, 1.515, 1.672, 1.133, 0.0, 1.483, 2.277, 3.027, 4.902, 4.969, 4.033, 2.294, 2.14, 1.899, 1.699, 1.627, 1.96, 2.564, 2.698, 2.562, 2.336, 2.151, 1.895, 1.836, 3.089, 5.141, 3.357, 3.77, 3.75, 4.646, 7.09, 7.826, 6.51, 6.084, 5.276, 4.17, 2.884, 2.078, 2.508, 1.763, 1.22, 2.173, 2.438, 3.292, 4.084, 5.752, 8.188, 8.983, 6.705, 6.797, 9.487, 4.222, 2.88, 2.775, 2.428, 1.685, 2.274, 2.892, 4.383, 5.009, 5.908, 5.681, 5.852, 6.083, 6.43, 5.875, 5.608, 5.64, 5.678, 5.44, 5.003, 5.286, 5.431, 5.342, 6.883, 7.242, 5.295, 4.093, 3.207, 3.634, 4.277, 2.388, 1.845, 2.514, 2.1, 2.46, 2.851, 3.939, 3.473, 1.653, 2.586, 4.906, 4.788, 3.774, 4.035, 3.241, 1.962, 2.253, 2.945, 3.562, 3.116, 3.687, 4.539, 4.46, 3.859, 3.432, 1.849, 2.383, 2.831, 2.83, 4.911, 6.462, 7.673], [4.137, 4.31, 4.94, 4.372, 4.14, 5.102, 5.741, 5.037, 5.661, 7.807, 7.102, 5.41, 5.725, 7.688, 8.429, 6.67, 4.888, 4.514, 4.714, 4.46, 5.39, 8.705, 11.357, 10.64, 8.109, 6.283, 4.165, 4.099, 4.308, 4.12, 5.587, 6.003, 3.411, 1.84, 1.289, 1.493, 1.793, 1.483, 0.0, 1.374, 1.898, 3.638, 3.773, 2.798, 1.586, 1.435, 1.226, 1.363, 1.555, 2.046, 2.535, 2.466, 2.544, 2.5, 1.757, 1.275, 1.935, 2.354, 4.147, 2.142, 2.67, 2.609, 3.437, 6.217, 6.924, 5.43, 4.83, 4.007, 2.966, 1.982, 1.831, 2.45, 2.113, 1.789, 2.356, 2.478, 2.655, 2.889, 4.562, 7.441, 8.397, 6.216, 6.299, 8.963, 3.726, 2.212, 2.351, 2.174, 2.278, 3.038, 3.421, 4.963, 5.721, 6.365, 6.502, 6.58, 6.703, 7.184, 6.52, 5.859, 5.94, 6.059, 5.381, 5.472, 5.957, 6.404, 6.267, 7.913, 8.213, 5.851, 4.21, 3.288, 3.184, 3.797, 2.57, 2.777, 2.881, 1.954, 2.39, 3.408, 4.468, 4.182, 2.461, 2.393, 4.266, 3.691, 2.667, 3.101, 2.292, 1.252, 2.034, 2.299, 2.818, 2.59, 2.658, 3.418, 3.865, 3.319, 3.068, 1.377, 3.189, 3.469, 3.451, 5.458, 7.01, 8.22], [3.6, 3.958,