[[0.0, 1.908, 2.182, 3.628, 4.933, 3.949, 3.986, 4.918, 4.299, 2.648, 2.439, 2.081, 1.958, 1.93, 3.6, 3.438, 4.554, 4.764, 4.381, 2.486, 3.446, 4.259, 4.336, 4.339, 5.395, 6.318, 6.155, 3.81, 1.907, 1.999, 3.267, 5.97, 4.727, 1.711, 1.699, 2.991, 3.774, 3.994, 3.937, 4.813, 8.393, 8.626, 7.942, 7.857, 8.69, 7.972, 8.029, 8.31, 9.508, 9.679, 8.198, 7.302, 7.147, 8.19, 9.457, 10.423, 11.714, 12.717, 12.925, 14.639, 15.007, 15.037, 15.727, 14.205, 12.51, 12.108, 9.815, 6.7, 7.338, 9.37, 8.923, 9.11, 9.857, 10.862, 12.278, 14.235, 15.646, 16.194, 15.646, 15.476, 16.791, 17.291, 17.179, 16.932, 16.686, 16.028, 14.262, 12.94, 12.601, 13.535, 14.998, 14.963, 13.903, 13.592, 15.64, 19.083, 21.683, 22.116, 20.758, 20.2, 20.535, 21.946, 23.47, 24.103, 23.681, 22.433, 21.468, 20.609, 19.684, 20.263, 21.122, 23.228, 24.405, 24.401, 24.913, 25.155, 24.512, 24.157, 24.412, 24.417, 23.863, 21.811, 21.861, 23.222, 24.117, 23.656, 22.902, 23.32, 24.6, 25.003, 24.764, 24.435, 22.769, 20.867, 19.147, 19.997, 20.271, 19.728, 19.559, 21.368, 23.237, 24.578, 23.639, 23.874, 24.85], [1.908, 0.0, 0.972, 2.266, 3.354, 2.694, 2.59, 3.753, 2.824, 1.847, 1.384, 1.579, 2.986, 1.638, 1.927, 1.97, 3.078, 3.359, 2.898, 2.361, 3.469, 3.604, 3.673, 3.118, 3.761, 4.601, 4.491, 2.779, 2.121, 2.581, 4.582, 7.609, 6.347, 3.36, 3.153, 4.379, 4.558, 4.66, 4.389, 3.903, 6.982, 7.643, 6.87, 6.673, 7.535, 7.35, 8.196, 8.498, 8.085, 8.251, 7.104, 6.684, 6.363, 6.89, 8.038, 8.905, 10.337, 11.219, 11.356, 13.066, 13.458, 13.546, 14.201, 12.741, 10.93, 10.634, 8.236, 5.084, 5.768, 7.799, 7.345, 7.519, 8.276, 9.305, 10.758, 12.657, 14.03, 14.64, 14.151, 13.895, 15.221, 15.687, 15.69, 15.362, 15.362, 14.854, 13.215, 11.885, 11.567, 12.257, 13.601, 13.702, 12.586, 12.376, 14.223, 17.547, 20.236, 20.56, 19.278, 18.675, 18.93, 20.418, 21.974, 22.702, 22.186, 21.099, 19.945, 19.008, 18.162, 18.753, 19.692, 21.668, 22.846, 22.79, 23.26, 23.514, 22.922, 22.61, 22.869, 22.799, 22.265, 20.312, 20.374, 21.763, 22.577, 22.13, 21.392, 21.77, 23.115, 23.532, 23.276, 22.863, 21.216, 19.293, 17.823, 18.844, 18.991, 18.254, 18.287, 20.034, 21.727, 22.989, 22.106, 22.501, 23.536], [2.182, 0.972, 0.0, 1.723, 3.02, 2.386, 2.158, 3.276, 2.387, 1.291, 1.105, 1.849, 3.308, 1.879, 1.882, 1.787, 2.805, 2.999, 2.505, 2.116, 2.89, 3.172, 3.308, 2.595, 3.332, 4.294, 4.092, 2.753, 2.551, 2.999, 4.948, 7.845, 6.575, 3.601, 3.394, 4.581, 4.606, 4.502, 4.031, 3.543, 6.509, 7.192, 6.459, 6.225, 7.042, 6.901, 7.646, 7.926, 7.638, 7.79, 6.591, 6.18, 6.036, 6.403, 7.602, 8.654, 9.864, 10.822, 11.056, 12.754, 13.115, 13.141, 13.937, 12.441, 10.601, 10.32, 7.927, 4.839, 5.428, 7.478, 7.025, 7.178, 7.936, 8.947, 10.338, 12.336, 13.73, 14.391, 13.886, 13.56, 14.863, 15.4, 15.326, 15.011, 14.881, 14.367, 12.726, 11.462, 11.101, 11.749, 13.183, 13.225, 12.129, 11.855, 13.913, 17.273, 19.954, 20.284, 18.961, 18.31, 18.631, 20.149, 21.691, 22.288, 21.828, 20.581, 19.564, 18.77, 17.811, 18.351, 19.324, 21.398, 22.582, 22.51, 22.977, 23.257, 22.629, 22.241, 22.489, 22.488, 21.986, 19.945, 19.926, 21.362, 22.137, 21.728, 21.08, 21.482, 22.838, 23.251, 22.998, 22.592, 20.937, 18.971, 17.36, 18.36, 18.518, 17.832, 17.798, 19.593, 21.367, 22.699, 21.746, 22.05, 23.075], [3.628, 2.266, 1.723, 0.0, 1.572, 1.727, 1.554, 2.35, 1.583, 1.656, 2.163, 3.011, 4.895, 3.231, 2.349, 2.289, 1.98, 1.805, 1.597, 2.577, 2.869, 2.503, 2.526, 1.719, 2.273, 3.147, 3.045, 3.59, 3.947, 4.545, 6.436, 9.349, 7.995, 5.066, 4.905, 6.111, 5.936, 4.525, 3.865, 2.725, 5.41, 6.245, 5.57, 5.322, 6.022, 6.101, 7.02, 7.207, 6.588, 6.7, 5.756, 5.379, 5.205, 5.45, 6.443, 7.335, 8.572, 9.454, 9.686, 11.329, 11.701, 11.855, 12.649, 11.091, 9.21, 8.936, 6.45, 3.789, 3.978, 5.881, 5.458, 5.658, 6.408, 7.529, 8.93, 10.935, 12.513, 13.104, 12.515, 12.329, 13.688, 14.109, 13.986, 13.83, 13.77, 13.258, 11.674, 10.584, 10.132, 10.597, 12.012, 12.072, 11.037, 10.711, 12.597, 16.079, 18.708, 19.006, 17.597, 16.845, 17.359, 18.889, 20.434, 21.082, 20.666, 19.338, 18.413, 17.554, 16.661, 17.222, 18.07, 20.144, 21.349, 21.335, 21.805, 22.061, 21.328, 20.773, 21.112, 21.29, 20.813, 18.562, 18.518, 19.996, 20.938, 20.469, 19.801, 20.13, 21.484, 21.91, 21.647, 21.388, 19.721, 17.817, 16.236, 17.242, 17.403, 16.708, 16.577, 18.539, 20.244, 21.432, 20.465, 20.911, 21.967], [4.933, 3.354, 3.02, 1.572, 0.0, 1.274, 1.74, 2.224, 2.099, 2.941, 3.276, 4.177, 6.26, 4.533, 2.774, 2.702, 1.759, 1.484, 1.772, 3.741, 4.12, 2.697, 2.366, 1.797, 1.629, 2.196, 2.611, 3.928, 5.299, 5.78, 7.712, 10.714, 9.349, 6.408, 6.247, 7.463, 7.221, 5.673, 5.025, 2.763, 4.377, 5.436, 4.726, 4.472, 5.178, 5.588, 6.803, 6.671, 5.698, 5.712, 5.046, 4.899, 4.66, 4.598, 5.407, 6.02, 7.377, 8.189, 8.315, 9.915, 10.42, 10.704, 11.286, 9.763, 7.946, 7.511, 5.161, 2.807, 2.924, 4.551, 4.062, 4.327, 5.012, 6.175, 7.639, 9.521, 11.164, 11.693, 11.12, 11.008, 12.459, 12.734, 12.691, 12.525, 12.801, 12.304, 10.764, 9.729, 9.234, 9.611, 10.967, 11.086, 10.001, 9.72, 11.317, 14.772, 17.373, 17.64, 16.251, 15.479, 15.983, 17.508, 19.111, 19.872, 19.417, 18.238, 17.181, 16.199, 15.444, 15.983, 16.813, 18.748, 19.957, 19.984, 20.456, 20.676, 19.952, 19.401, 19.769, 19.945, 19.457, 17.208, 17.246, 18.76, 19.683, 19.199, 18.471, 18.754, 20.103, 20.526, 20.261, 19.988, 18.376, 16.505, 15.155, 16.258, 16.407, 15.552, 15.541, 17.574, 18.992, 20.068, 19.138, 19.767, 20.882], [3.949, 2.694, 2.386, 1.727, 1.274, 0.0, 1.273, 2.213, 2.091, 2.164, 2.842, 3.843, 5.331, 4.005, 2.843, 2.841, 2.005, 1.674, 2.031, 3.194, 3.245, 1.952, 1.857, 1.517, 1.781, 2.527, 2.956, 3.918, 4.602, 4.962, 6.746, 9.747, 8.446, 5.45, 5.265, 6.466, 6.247, 5.076, 4.405, 2.532, 4.903, 5.655, 4.934, 4.7, 5.539, 5.444, 6.397, 6.3, 6.024, 6.184, 5.117, 4.598, 4.409, 4.872, 5.992, 6.759, 8.093, 8.947, 9.136, 10.826, 11.227, 11.341, 12.054, 10.546, 8.718, 8.381, 6.015, 3.202, 3.656, 5.57, 5.074, 5.214, 5.98, 7.009, 8.464, 10.398, 11.889, 12.506, 11.96, 11.705, 13.118, 13.509, 13.441, 13.202, 13.347, 12.851, 11.213, 9.936, 9.575, 10.165, 11.553, 11.623, 10.525, 10.304, 12.047, 15.46, 18.106, 18.433, 17.101, 16.4, 16.769, 18.302, 19.839, 20.532, 20.102, 18.876, 17.851, 16.965, 16.077, 16.638, 17.51, 19.524, 20.732, 20.714, 21.187, 21.44, 20.741, 20.326, 20.588, 20.663, 20.19, 18.083, 18.076, 19.523, 20.365, 19.894, 19.215, 19.591, 20.937, 21.345, 21.103, 20.751, 19.108, 17.212, 15.79, 16.831, 16.981, 16.178, 16.139, 18.022, 19.638, 20.85, 19.898, 20.416, 21.491], [3.986, 2.59, 2.158, 1.554, 1.74, 1.273, 0.0, 1.631, 1.333, 1.612, 2.33, 3.166, 4.675, 3.331, 2.546, 2.61, 2.067, 1.753, 1.826, 2.796, 2.756, 1.836, 1.685, 1.229, 1.904, 2.868, 2.657, 2.947, 4.14, 4.873, 6.816, 9.527, 8.235, 5.376, 5.108, 6.268, 5.808, 4.669, 4.062, 2.116, 4.92, 5.742, 4.873, 4.56, 5.323, 5.433, 6.533, 6.748, 6.062, 6.067, 5.158, 5.036, 4.454, 4.796, 6.197, 7.28, 8.43, 9.405, 9.729, 11.39, 11.791, 11.792, 12.537, 11.064, 9.3, 8.947, 6.459, 3.688, 4.116, 6.127, 5.668, 5.8, 6.573, 7.589, 8.964, 10.979, 12.329, 12.982, 12.484, 12.129, 13.329, 14.001, 13.951, 13.455, 13.332, 12.662, 11.054, 9.836, 9.422, 10.076, 11.8, 11.893, 10.654, 10.427, 12.467, 15.776, 18.578, 18.824, 17.592, 16.897, 17.214, 18.715, 20.229, 20.813, 20.315, 19.068, 17.989, 17.311, 16.318, 16.67, 17.873, 19.957, 21.142, 21.008, 21.429, 21.746, 21.181, 20.825, 21.072, 21.024, 20.384, 18.554, 18.489, 19.972, 20.708, 20.304, 19.62, 20.028, 21.39, 21.786, 21.55, 21.096, 19.498, 17.416, 15.639, 16.603, 16.868, 16.198, 16.371, 17.827, 19.831, 21.236, 20.366, 20.369, 21.277], [4.918, 3.753, 3.276, 2.35, 2.224, 2.213, 1.631, 0.0, 1.404, 2.63, 3.093, 3.67, 5.408, 3.877, 3.224, 3.319, 2.111, 1.778, 1.99, 3.337, 3.592, 2.274, 1.877, 1.582, 1.725, 2.275, 1.919, 3.08, 4.92, 5.849, 7.828, 10.395, 9.127, 6.219, 5.921, 7.089, 6.423, 4.897, 4.212, 2.202, 4.184, 4.845, 4.083, 3.873, 4.351, 5.292, 6.453, 6.409, 5.854, 5.633, 5.183, 5.333, 4.529, 4.173, 5.45, 6.654, 7.864, 8.896, 9.154, 10.9, 11.268, 11.294, 11.837, 10.471, 8.79, 8.349, 5.931, 3.634, 3.719, 5.665, 5.216, 5.348, 6.112, 7.124, 8.488, 10.525, 11.799, 12.331, 11.88, 11.629, 12.816, 13.508, 13.407, 12.915, 12.422, 11.714, 9.955, 8.977, 8.307, 9.272, 10.983, 10.984, 9.765, 9.594, 11.698, 15.073, 17.829, 18.228, 16.995, 16.376, 16.671, 18.037, 19.483, 20.015, 19.593, 18.483, 17.201, 16.502, 15.487, 15.844, 17.148, 19.394, 20.419, 20.371, 20.788, 21.153, 20.675, 20.315, 20.554, 20.494, 19.638, 17.974, 17.996, 19.374, 20.172, 19.764, 19.055, 19.459, 20.71, 21.072, 20.844, 20.428, 18.806, 16.564, 14.841, 15.47, 15.878, 15.401, 15.603, 17.064, 19.138, 20.663, 19.794, 19.593, 20.379], [4.299, 2.824, 2.387, 1.583, 2.099, 2.091, 1.333, 1.404, 0.0, 1.877, 2.341, 3.263, 5.021, 3.509, 2.357, 2.35, 1.854, 1.701, 1.328, 2.835, 3.156, 2.539, 2.035, 1.538, 1.662, 2.592, 2.108, 2.697, 4.34, 5.105, 7.093, 9.891, 8.699, 5.723, 5.458, 6.647, 6.004, 4.688, 3.959, 2.028, 4.53, 5.53, 4.641, 4.431, 5.022, 5.595, 6.656, 7.012, 5.992, 5.895, 5.364, 5.299, 4.571, 4.504, 5.779, 6.89, 8.14, 9.173, 9.406, 11.142, 11.549, 11.544, 12.149, 10.743, 9.031, 8.644, 6.19, 3.959, 3.837, 5.899, 5.446, 5.588, 6.352, 7.364, 8.73, 10.758, 12.038, 12.596, 12.135, 11.868, 13.052, 13.748, 13.66, 13.139, 12.801, 12.23, 10.697, 9.646, 9.065, 9.713, 11.334, 11.427, 10.183, 10.052, 12.069, 15.399, 18.157, 18.503, 17.28, 16.639, 16.924, 18.35, 19.834, 20.399, 19.897, 18.844, 17.499, 16.823, 15.831, 16.204, 17.471, 19.628, 20.734, 20.629, 21.048, 21.396, 20.927, 20.569, 20.827, 20.739, 19.945, 18.292, 18.268, 19.734, 20.464, 20.067, 19.318, 19.715, 21.028, 21.406, 21.168, 20.73, 19.115, 16.906, 15.282, 16.167, 16.378, 15.716, 15.97, 17.505, 19.435, 20.952, 20.084, 19.967, 20.871], [2.648, 1.847, 1.291, 1.656, 2.941, 2.164, 1.612, 2.63, 1.877, 0.0, 1.559, 2.462, 3.408, 2.47, 2.489, 2.513, 2.758, 2.952, 2.37, 1.631, 1.877, 2.368, 2.5, 2.084, 3.113, 4.089, 3.692, 3.126, 3.094, 3.792, 5.555, 8.239, 6.984, 4.039, 3.795, 4.953, 4.384, 3.846, 3.335, 2.709, 6.193, 6.708, 5.752, 5.563, 6.358, 5.859, 6.545, 7.108, 7.247, 7.309, 6.032, 5.469, 5.315, 5.936, 7.438, 8.58, 9.767, 10.719, 11.011, 12.724, 13.082, 13.086, 13.858, 12.385, 10.578, 10.276, 7.849, 4.884, 5.394, 7.456, 7.002, 7.136, 7.907, 8.924, 10.3, 12.313, 13.639, 14.31, 13.816, 13.461, 14.649, 15.325, 15.275, 14.787, 14.401, 13.724, 12.003, 10.656, 10.392, 11.357, 12.982, 13.0, 11.721, 11.634, 13.76, 17.088, 19.76, 20.144, 18.826, 18.214, 18.527, 20.014, 21.522, 22.111, 21.578, 20.375, 19.24, 18.568, 17.585, 17.92, 19.191, 21.286, 22.435, 22.296, 22.702, 23.045, 22.506, 22.156, 22.403, 22.35, 21.643, 19.833, 19.862, 21.247, 22.002, 21.577, 20.954, 21.36, 22.718, 23.117, 22.881, 22.427, 20.792, 18.672, 16.957, 17.754, 18.016, 17.396, 17.633, 19.038, 21.078, 22.532, 21.61, 21.639, 22.523], [2.439, 1.384, 1.105, 2.163, 3.276, 2.842, 2.33, 3.093, 2.341, 1.559, 0.0, 1.323, 3.125, 1.504, 1.805, 1.765, 2.91, 3.121, 2.597, 2.503, 3.077, 3.148, 3.297, 2.57, 3.511, 4.429, 4.059, 2.03, 2.339, 3.142, 4.995, 7.756, 6.549, 3.682, 3.397, 4.548, 4.981, 4.978, 4.565, 3.547, 6.483, 7.09, 6.268, 6.079, 6.895, 6.984, 7.935, 8.158, 7.662, 7.802, 6.691, 6.397, 6.189, 6.362, 7.705, 8.772, 9.943, 10.941, 11.207, 12.933, 13.293, 13.301, 14.077, 12.545, 10.785, 10.427, 7.964, 4.894, 5.594, 7.662, 7.209, 7.336, 8.114, 9.13, 10.514, 12.52, 13.897, 14.529, 13.993, 13.708, 14.927, 15.568, 15.455, 15.006, 14.791, 14.196, 12.509, 11.242, 10.899, 11.659, 13.26, 13.226, 12.034, 11.879, 13.991, 17.347, 20.021, 20.39, 19.033, 18.471, 18.778, 20.268, 21.799, 22.386, 21.846, 20.653, 19.608, 18.891, 17.904, 18.339, 19.45, 21.516, 22.7, 22.612, 23.042, 23.33, 22.77, 22.388, 22.651, 22.591, 22.01, 20.095, 20.064, 21.523, 22.294, 21.849, 21.179, 21.586, 22.927, 23.328, 23.082, 22.658, 21.056, 19.007, 17.314, 18.217, 18.435, 17.823, 17.814, 19.519, 21.39, 22.85, 21.891, 22.026, 22.997], [2.081, 1.579, 1.849, 3.011, 4.177, 3.843, 3.166, 3.67, 3.263, 2.462, 1.323, 0.0, 2.296, 0.961, 2.576, 2.691, 3.907, 4.17, 3.608, 2.948, 3.74, 3.77, 3.965, 3.374, 4.425, 5.399, 4.992, 2.142, 1.697, 2.613, 4.407, 6.951, 5.596, 3.057, 2.789, 3.875, 4.869, 5.141, 4.95, 4.589, 7.493, 7.932, 7.311, 7.013, 7.592, 7.719, 8.644, 8.843, 8.652, 8.74, 7.555, 7.458, 7.053, 7.329, 8.697, 9.75, 10.913, 11.891, 12.162, 13.869, 14.246, 14.26, 15.069, 13.545, 11.716, 11.393, 8.91, 5.775, 6.525, 8.593, 8.14, 8.267, 9.045, 10.062, 11.445, 13.464, 14.861, 15.521, 14.995, 14.668, 15.938, 16.525, 16.408, 16.05, 15.81, 15.044, 13.167, 12.191, 11.722, 12.6, 14.243, 14.189, 13.053, 12.781, 14.932, 18.305, 21.025, 21.343, 20.021, 19.374, 19.73, 21.252, 22.764, 23.327, 22.839, 21.532, 20.625, 19.893, 18.892, 19.356, 20.407, 22.511, 23.698, 23.583, 24.033, 24.338, 23.734, 23.315, 23.571, 23.571, 23.049, 20.987, 20.966, 22.398, 23.186, 22.76, 22.146, 22.56, 23.913, 24.315, 24.083, 23.676, 22.054, 20.014, 18.18, 18.936, 19.378, 18.825, 18.758, 20.331, 22.352, 23.774, 22.787, 22.937, 23.839], [1.958, 2.986, 3.308, 4.895, 6.26, 5.331, 4.675, 5.408, 5.021, 3.408, 3.125, 2.296, 0.0, 1.956, 4.566, 4.752, 5.958, 6.229, 5.645, 3.356, 3.583, 4.363, 4.931, 5.123, 6.321, 7.352, 6.758, 3.778, 1.761, 1.893, 3.292, 5.408, 4.004, 2.171, 2.043, 2.766, 3.911, 4.168, 4.402, 5.555, 9.374, 9.764, 8.88, 8.698, 9.219, 8.073, 8.361, 9.179, 10.517, 10.642, 9.219, 8.321, 8.067, 9.063, 10.654, 11.809, 13.003, 14.023, 14.295, 16.032, 16.395, 16.402, 17.087, 15.655, 13.898, 13.552, 11.053, 7.958, 8.707, 10.776, 10.322, 10.449, 11.227, 12.244, 13.61, 15.634, 16.917, 17.543, 17.053, 16.75, 17.929, 18.628, 18.542, 18.018, 17.636, 16.875, 14.912, 13.697, 13.424, 14.489, 16.217, 16.201, 14.929, 14.79, 16.946, 20.268, 22.936, 23.331, 22.051, 21.5, 21.798, 23.255, 24.735, 25.271, 24.765, 23.601, 22.495, 21.82, 20.816, 21.169, 22.379, 24.548, 25.667, 25.539, 25.942, 26.268, 25.81, 25.454, 25.679, 25.611, 24.892, 23.114, 23.082, 24.471, 25.267, 24.855, 24.189, 24.585, 25.928, 26.33, 26.099, 25.653, 24.024, 21.904, 20.056, 20.65, 21.196, 20.643, 20.77, 21.999, 24.234, 25.779, 24.89, 24.788, 25.539], [1.93, 1.638, 1.879, 3.231, 4.533, 4.005, 3.331, 3.877, 3.509, 2.47, 1.504, 0.961, 1.956, 0.0, 2.692, 2.926, 4.144, 4.37, 3.787, 2.841, 3.769, 4.001, 4.117, 3.665, 4.687, 5.665, 5.247, 2.496, 1.344, 2.218, 4.158, 6.598, 5.371, 2.893, 2.824, 3.89, 4.863, 5.037, 4.749, 4.62, 7.693, 8.109, 7.477, 7.246, 7.94, 7.784, 8.628, 8.943, 8.931, 9.078, 7.78, 7.56, 7.161, 7.495, 8.893, 10.006, 11.244, 12.262, 12.528, 14.238, 14.605, 14.623, 15.228, 13.817, 12.119, 11.673, 9.236, 6.178, 6.928, 8.983, 8.542, 8.67, 9.428, 10.448, 11.824, 13.849, 15.16, 15.752, 15.243, 14.996, 16.236, 16.871, 16.775, 16.359, 16.037, 15.344, 13.511, 12.406, 11.893, 12.84, 14.411, 14.38, 13.219, 12.97, 15.159, 18.524, 21.17, 21.649, 20.353, 19.761, 20.07, 21.42, 22.937, 23.505, 23.084, 21.91, 20.87, 20.055, 19.055, 19.561, 20.582, 22.761, 23.864, 23.832, 24.33, 24.615, 24.076, 23.692, 23.941, 23.891, 23.28, 21.362, 21.374, 22.749, 23.565, 23.157, 22.455, 22.883, 24.111, 24.511, 24.277, 23.857, 22.216, 20.208, 18.437, 19.228, 19.575, 19.035, 19.027, 20.731, 22.623, 24.099, 23.176, 23.141, 24.107], [3.6, 1.927, 1.882, 2.349, 2.774, 2.843, 2.546, 3.224, 2.357, 2.489, 1.805, 2.576, 4.566, 2.692, 0.0, 1.037, 2.102, 2.724, 2.268, 3.236, 3.995, 3.966, 3.838, 3.18, 3.321, 3.828, 3.117, 2.295, 3.531, 4.021, 6.073, 9.095, 7.943, 4.934, 4.803, 6.102, 5.967, 5.664, 5.238, 4.027, 5.942, 7.429, 6.713, 6.523, 7.205, 7.741, 8.817, 8.942, 7.928, 7.768, 7.348, 7.197, 6.691, 6.543, 7.206, 8.07, 9.122, 9.903, 10.204, 11.658, 12.193, 12.301, 12.641, 11.312, 9.861, 9.092, 6.635, 3.613, 4.339, 6.386, 5.945, 6.078, 6.83, 7.901, 9.398, 11.265, 12.609, 13.182, 12.676, 12.52, 13.901, 14.313, 14.313, 14.082, 14.336, 13.923, 12.555, 11.632, 11.075, 11.156, 12.373, 12.554, 11.451, 11.22, 12.777, 16.136, 18.829, 19.277, 17.974, 17.273, 17.563, 18.924, 20.405, 21.195, 20.784, 19.844, 18.562, 17.568, 16.772, 17.301, 18.122, 20.216, 21.244, 21.354, 21.87, 22.099, 21.549, 21.183, 21.48, 21.397, 20.813, 18.978, 18.985, 20.466, 21.23, 20.796, 19.963, 20.378, 21.578, 21.946, 21.71, 21.301, 19.635, 17.754, 16.517, 17.63, 17.822, 16.885, 17.313, 19.325, 20.441, 21.59, 20.794, 21.025, 22.231], [3.438, 1.97, 1.787, 2.289, 2.702, 2.841, 2.61, 3.319, 2.35, 2.513, 1.765, 2.691, 4.752, 2.926, 1.037, 0.0, 1.88, 2.597, 2.343, 3.304, 4.081, 3.966, 3.855, 3.169, 3.406, 3.853, 3.352, 2.308, 3.722, 4.202, 6.249, 9.269, 8.046, 4.964, 4.729, 6.051, 5.912, 5.799, 5.368, 4.04, 6.025, 7.254, 6.603, 6.429, 7.099, 7.729, 8.737, 8.892, 7.846, 7.706, 7.267, 7.133, 6.654, 6.459, 7.073, 7.838, 8.971, 9.843, 10.03, 11.408, 12.216, 12.335, 12.518, 11.321, 9.87, 9.108, 6.663, 3.458, 4.068, 6.089, 5.642, 5.817, 6.565, 7.638, 9.27, 10.984, 12.361, 12.875, 12.333, 12.269, 13.871, 14.247, 14.217, 14.048, 14.391, 13.935, 12.487, 11.534, 11.002, 11.234, 12.505, 12.646, 11.567, 11.248, 12.662, 15.968, 18.82, 18.984, 17.862, 17.104, 17.344, 18.791, 20.346, 21.111, 20.758, 19.795, 18.534, 17.603, 16.942, 17.38, 17.994, 19.98, 21.13, 21.151, 21.65, 21.892, 21.253, 20.91, 21.156, 21.156, 20.605, 18.859, 18.705, 20.378, 21.115, 20.696, 19.699, 20.053, 21.296, 21.727, 21.504, 21.127, 19.607, 17.873, 16.574, 17.775, 17.977, 17.041, 17.151, 19.278, 20.408, 21.407, 20.757, 21.085, 22.334], [4.554, 3.078, 2.805, 1.98, 1.759, 2.005, 2.067, 2.111, 1.854, 2.758, 2.91, 3.907, 5.958, 4.144, 2.102, 1.88, 0.0, 1.293, 1.424, 3.609, 4.038, 3.396, 3.071, 2.603, 2.358, 2.431, 2.09, 2.793, 4.915, 5.39, 7.442, 10.485, 9.214, 6.143, 5.861, 7.156, 6.762, 5.768, 5.193, 3.166, 4.475, 5.559, 4.948, 4.823, 5.583, 6.599, 7.761, 7.562, 6.401, 6.244, 6.059, 6.015, 5.639, 5.078, 5.527, 6.315, 7.468, 8.466, 8.499, 10.18, 10.674, 10.899, 11.259, 9.846, 8.315, 7.803, 5.556, 2.745, 3.07, 4.946, 4.538, 4.753, 5.474, 6.517, 7.886, 9.791, 11.263, 11.716, 11.164, 11.166, 12.541, 12.869, 12.825, 12.568, 12.844, 12.379, 10.904, 9.883, 9.358, 9.675, 10.965, 11.093, 10.017, 9.732, 11.274, 14.744, 17.371, 17.716, 16.44, 15.786, 16.127, 17.517, 19.083, 19.829, 19.399, 18.378, 17.166, 16.2, 15.413, 15.947, 16.783, 18.792, 19.937, 20.021, 20.526, 20.748, 20.085, 19.726, 19.998, 20.039, 19.44, 17.45, 17.53, 18.985, 19.87, 19.407, 18.515, 18.837, 20.101, 20.519, 20.258, 19.985, 18.378, 16.461, 15.133, 16.245, 16.438, 15.529, 15.595, 17.7, 19.001, 20.187, 19.354, 19.748, 20.869], [4.764, 3.359, 2.999, 1.805, 1.484, 1.674, 1.753, 1.778, 1.701, 2.952, 3.121, 4.17, 6.229, 4.37, 2.724, 2.597, 1.293, 0.0, 1.164, 3.473, 4.061, 2.874, 2.312, 1.794, 1.862, 1.988, 2.311, 3.527, 5.145, 5.629, 7.593, 10.674, 9.408, 6.329, 6.07, 7.343, 6.978, 5.245, 4.612, 2.334, 3.933, 4.931, 4.331, 4.205, 4.926, 5.745, 6.906, 6.717, 5.774, 5.606, 5.181, 5.084, 4.701, 4.268, 5.085, 6.028, 7.237, 8.159, 8.238, 9.943, 10.333, 10.533, 11.071, 9.54, 7.935, 7.503, 5.322, 3.118, 2.953, 4.718, 4.239, 4.521, 5.243, 6.273, 7.673, 9.565, 11.109, 11.601, 11.006, 10.947, 12.283, 12.677, 12.539, 12.401, 12.383, 11.932, 10.368, 9.212, 8.731, 9.19, 10.57, 10.641, 9.611, 9.323, 11.075, 14.567, 17.116, 17.516, 16.137, 15.555, 15.9, 17.28, 18.867, 19.609, 19.204, 18.073, 16.998, 15.992, 15.149, 15.745, 16.572, 18.631, 19.769, 19.875, 20.384, 20.606, 19.877, 19.528, 19.803, 19.869, 19.333, 17.172, 17.314, 18.664, 19.646, 19.158, 18.363, 18.673, 19.906, 20.31, 20.069, 19.834, 18.175, 16.306, 14.821, 15.855, 16.003, 15.243, 15.225, 17.181, 18.792, 19.974, 19.093, 19.472, 20.517], [4.381, 2.898, 2.505, 1.597, 1.772, 2.031, 1.826, 1.99, 1.328, 2.37, 2.597, 3.608, 5.645, 3.787, 2.268, 2.343, 1.424, 1.164, 0.0, 2.796, 3.57, 3.008, 2.649, 2.041, 2.04, 2.542, 2.435, 3.194, 4.633, 5.106, 7.126, 10.199, 9.055, 5.943, 5.688, 6.915, 6.436, 4.728, 4.174, 2.164, 4.166, 5.367, 4.586, 4.409, 5.097, 5.684, 6.838, 6.723, 5.803, 5.724, 5.289, 5.098, 4.672, 4.476, 5.393, 6.396, 7.694, 8.649, 8.863, 10.558, 10.955, 10.969, 11.55, 10.137, 8.457, 8.101, 6.106, 3.772, 3.622, 5.332, 4.897, 5.283, 5.946, 6.775, 8.168, 10.165, 11.498, 12.088, 11.576, 11.349, 12.57, 13.18, 13.123, 12.696, 12.65, 12.189, 10.641, 9.591, 9.007, 9.416, 10.899, 10.938, 9.825, 9.645, 11.581, 14.899, 17.608, 18.043, 16.737, 16.116, 16.412, 17.796, 19.259, 19.952, 19.498, 18.468, 17.26, 16.385, 15.35, 15.992, 16.968, 19.099, 20.157, 20.187, 20.678, 20.948, 20.413, 20.035, 20.295, 20.219, 19.623, 17.769, 17.785, 19.216, 19.976, 19.552, 18.824, 19.24, 20.453, 20.816, 20.569, 20.123, 18.514, 16.499, 15.075, 16.087, 16.196, 15.439, 15.621, 17.452, 19.069, 20.489, 19.549, 19.668, 20.787], [2.486, 2.361, 2.116, 2.577, 3.741, 3.194, 2.796, 3.337, 2.835, 1.631, 2.503, 2.948, 3.356, 2.841, 3.236, 3.304, 3.609, 3.473, 2.796, 0.0, 2.037, 2.704, 2.851, 2.882, 4.108, 4.977, 4.64, 4.108, 3.276, 3.869, 5.131, 7.842, 6.622, 3.605, 3.186, 4.384, 3.741, 2.712, 2.362, 2.613, 6.473, 6.973, 6.103, 6.003, 6.742, 5.926, 6.013, 6.502, 7.774, 7.96, 6.494, 5.379, 5.18, 6.269, 7.842, 8.983, 10.233, 11.225, 11.505, 13.234, 13.595, 13.625, 14.172, 12.81, 11.117, 10.732, 8.615, 6.134, 6.148, 8.001, 7.554, 7.861, 8.572, 9.472, 10.81, 12.852, 14.146, 14.727, 14.227, 13.996, 15.191, 15.858, 15.765, 15.259, 14.855, 14.158, 12.41, 11.064, 10.693, 11.568, 13.35, 13.318, 12.078, 11.949, 14.131, 17.46, 20.075, 20.597, 19.289, 18.722, 19.037, 20.373, 21.815, 22.443, 21.973, 20.86, 19.757, 18.985, 17.93, 18.383, 19.493, 21.749, 22.74, 22.78, 23.237, 23.524, 23.051, 22.662, 22.907, 22.855, 22.156, 20.345, 20.314, 21.762, 22.534, 22.09, 21.427, 21.824, 23.041, 23.396, 23.166, 22.72, 21.109, 19.012, 17.247, 17.985, 18.402, 17.813, 17.966, 19.41, 21.498, 23.052, 22.137, 21.971, 22.857], [3.446, 3.469, 2.89, 2.869, 4.12, 3.245, 2.756, 3.592, 3.156, 1.877, 3.077, 3.74, 3.583, 3.769, 3.995, 4.081, 4.038, 4.061, 3.57, 2.037, 0.0, 1.922, 2.888, 3.035, 4.413, 5.36, 4.929, 4.614, 4.349, 5.105, 5.924, 7.701, 6.355, 3.776, 3.504, 4.061, 3.415, 2.661, 2.305, 3.388, 7.3, 7.653, 6.819, 6.618, 7.09, 5.856, 5.338, 6.391, 8.346, 8.553, 7.08, 5.97, 5.809, 7.011, 8.598, 9.687, 10.855, 11.863, 12.151, 13.882, 14.242, 14.239, 14.995, 13.487, 11.734, 11.369, 8.911, 6.168, 6.585, 8.611, 8.158, 8.298, 9.057, 10.078, 11.458, 13.469, 14.822, 15.444, 14.93, 14.629, 15.811, 16.492, 16.397, 15.899, 15.554, 14.838, 12.89, 11.527, 11.361, 12.289, 14.144, 14.089, 12.845, 12.668, 14.823, 18.151, 20.819, 21.214, 19.868, 19.33, 19.645, 21.141, 22.654, 23.189, 22.696, 21.462, 20.457, 19.78, 18.774, 19.099, 20.317, 22.415, 23.588, 23.439, 23.88, 24.181, 23.68, 23.289, 23.523, 23.461, 22.833, 20.959, 20.912, 22.313, 23.107, 22.689, 22.025, 22.478, 23.801, 24.2, 23.974, 23.531, 21.946, 19.845, 17.959, 18.505, 19.131, 18.578, 18.644, 19.895, 22.134, 23.685, 22.734, 22.723, 23.365], [4.259, 3.604, 3.172, 2.503, 2.697, 1.952, 1.836, 2.274, 2.539, 2.368, 3.148, 3.77, 4.363, 4.001, 3.966, 3.966, 3.396, 2.874, 3.008, 2.704, 1.922, 0.0, 1.32, 1.51, 2.712, 3.676, 3.873, 4.498, 4.656, 5.594, 6.982, 9.089, 7.639, 4.965, 4.622, 5.39, 5.008, 3.688, 3.121, 2.238, 5.665, 5.982, 5.22, 5.052, 5.595, 4.652, 5.14, 5.622, 6.75, 6.89, 5.44, 4.605, 4.443, 5.407, 6.932, 7.996, 9.157, 10.109, 10.436, 12.126, 12.46, 12.491, 13.315, 11.798, 9.951, 9.68, 7.253, 4.729, 4.964, 6.845, 6.375, 6.504, 7.282, 8.297, 9.699, 11.703, 13.107, 13.767, 13.24, 12.902, 14.16, 14.756, 14.695, 14.269, 14.0, 13.244, 11.253, 10.009, 9.802, 10.73, 12.474, 12.424, 11.247, 11.014, 13.161, 16.522, 19.174, 19.548, 18.215, 17.599, 17.97, 19.486, 20.997, 21.545, 21.052, 19.725, 18.841, 18.129, 17.126, 17.552, 18.649, 20.754, 21.931, 21.805, 22.238, 22.553, 21.952, 21.542, 21.776, 21.799, 21.257, 19.232, 19.192, 20.565, 21.385, 20.941, 20.376, 20.792, 22.141, 22.546, 22.315, 21.895, 20.287, 18.217, 16.349, 17.029, 17.558, 17.02, 16.982, 18.328, 20.505, 21.99, 21.0, 21.113, 21.917], [4.336, 3.673, 3.308, 2.526, 2.366, 1.857, 1.685, 1.877, 2.035, 2.5, 3.297, 3.965, 4.931, 4.117, 3.838, 3.855, 3.071, 2.312, 2.649, 2.851, 2.888, 1.32, 0.0, 1.147, 1.949, 2.682, 3.358, 4.216, 4.767, 5.601, 7.265, 9.761, 8.405, 5.481, 5.155, 6.294, 5.926, 4.345, 3.454, 1.894, 4.683, 4.993, 4.241, 4.085, 4.717, 4.279, 5.223, 5.318, 5.913, 5.991, 4.632, 4.08, 3.628, 4.446, 5.892, 6.982, 8.171, 9.242, 9.461, 11.187, 11.548, 11.556, 12.261, 10.817, 9.064, 8.699, 6.257, 4.533, 4.433, 6.157, 5.489, 5.61, 6.381, 7.401, 8.763, 10.787, 12.087, 12.728, 12.214, 11.969, 13.225, 13.809, 13.728, 13.34, 13.009, 12.249, 10.352, 9.1, 8.81, 9.861, 11.48, 11.45, 10.281, 10.022, 12.171, 15.579, 18.163, 18.563, 17.262, 16.712, 16.989, 18.456, 19.956, 20.488, 20.032, 18.807, 17.833, 17.083, 16.089, 16.556, 17.563, 19.736, 20.894, 20.788, 21.241, 21.553, 21.011, 20.655, 20.874, 20.871, 20.253, 18.318, 18.335, 19.718, 20.535, 20.12, 19.384, 19.799, 21.135, 21.542, 21.307, 20.949, 19.252, 17.223, 15.419, 16.126, 16.586, 16.031, 15.986, 17.461, 19.565, 20.982, 20.132, 20.131, 21.004], [4.339, 3.118, 2.595, 1.719, 1.797, 1.517, 1.229, 1.582, 1.538, 2.084, 2.57, 3.374, 5.123, 3.665, 3.18, 3.169, 2.603, 1.794, 2.041, 2.882, 3.035, 1.51, 1.147, 0.0, 1.62, 2.466, 2.838, 3.773, 4.558, 5.368, 7.244, 9.919, 8.613, 5.728, 5.411, 6.496, 6.197, 4.571, 3.81, 2.007, 4.506, 5.036, 4.247, 3.95, 4.711, 4.76, 5.823, 5.981, 5.601, 5.747, 4.543, 4.429, 3.852, 4.273, 5.76, 6.808, 7.956, 8.978, 9.239, 10.95, 11.308, 11.328, 12.126, 10.596, 8.804, 8.479, 6.014, 4.037, 3.947, 5.79, 5.224, 5.356, 6.129, 7.146, 8.522, 10.535, 11.919, 12.579, 12.03, 11.731, 12.984, 13.588, 13.506, 13.081, 12.832, 12.143, 10.433, 9.213, 8.828, 9.593, 11.298, 11.274, 10.163, 9.88, 12.013, 15.377, 18.084, 18.388, 17.083, 16.461, 16.802, 18.304, 19.817, 20.398, 19.876, 18.578, 17.656, 16.953, 15.949, 16.357, 17.461, 19.562, 20.746, 20.641, 21.064, 21.383, 20.781, 20.41, 20.646, 20.637, 20.075, 18.085, 18.038, 19.524, 20.301, 19.861, 19.195, 19.586, 20.941, 21.34, 21.11, 20.724, 19.111, 17.04, 15.221, 16.033, 16.44, 15.843, 15.828, 17.317, 19.395, 20.83, 19.902, 20.007, 20.86], [5.395, 3.761, 3.332, 2.273, 1.629, 1.781, 1.904, 1.725, 1.662, 3.113, 3.511, 4.425, 6.321, 4.687, 3.321, 3.406, 2.358, 1.862, 2.04, 4.108, 4.413, 2.712, 1.949, 1.62, 0.0, 1.457, 2.176, 3.909, 5.475, 6.141, 8.158, 11.021, 9.774, 6.851, 6.64, 7.786, 7.41, 5.771, 4.822, 2.577, 3.468, 4.446, 3.641, 3.404, 4.091, 4.861, 6.2, 5.892, 4.788, 4.767, 4.318, 4.341, 3.99, 3.604, 4.617, 5.624, 6.84, 7.814, 8.051, 9.74, 10.115, 10.132, 10.857, 9.407, 7.624, 7.364, 4.903, 3.375, 3.286, 4.629, 4.045, 4.202, 4.926, 5.945, 7.356, 9.348, 10.655, 11.324, 10.823, 10.519, 11.743, 12.342, 12.315, 11.905, 11.835, 11.289, 9.728, 8.648, 8.212, 8.719, 10.096, 10.259, 9.078, 8.87, 10.848, 14.166, 16.906, 17.203, 15.974, 15.294, 15.584, 17.061, 18.59, 19.211, 18.712, 17.559, 16.382, 15.628, 14.676, 15.161, 16.237, 18.314, 19.469, 19.365, 19.806, 20.089, 19.555, 19.238, 19.495, 19.409, 18.804, 16.921, 16.902, 18.374, 19.11, 18.699, 18.016, 18.4, 19.762, 20.173, 19.916, 19.466, 17.845, 15.792, 14.237, 15.248, 15.419, 14.657, 14.794, 16.568, 18.277, 19.59, 18.735, 18.874, 19.928], [6.318, 4.601, 4.294, 3.147, 2.196, 2.527, 2.868, 2.275, 2.592, 4.089, 4.429, 5.399, 7.352, 5.665, 3.828, 3.853, 2.431, 1.988, 2.542, 4.977, 5.36, 3.676, 2.682, 2.466, 1.457, 0.0, 1.778, 4.363, 6.434, 7.003, 9.033, 12.013, 10.753, 7.807, 7.623, 8.792, 8.395, 6.562, 5.591, 3.353, 2.768, 3.904, 3.451, 3.329, 4.147, 5.427, 6.733, 6.222, 5.031, 4.77, 4.8, 4.941, 4.6, 3.892, 4.02, 5.302, 6.157, 6.974, 7.117, 8.747, 9.237, 9.374, 9.883, 8.479, 6.731, 6.381, 3.947, 2.83, 2.653, 3.916, 3.109, 3.264, 3.938, 4.975, 6.422, 8.362, 9.681, 10.323, 9.851, 9.604, 10.928, 11.384, 11.384, 11.021, 11.141, 10.596, 8.988, 8.005, 7.827, 8.057, 9.403, 9.517, 8.332, 8.183, 9.946, 13.251, 15.927, 16.259, 14.983, 14.344, 14.607, 16.126, 17.666, 18.364, 17.877, 16.853, 15.561, 14.653, 13.807, 14.34, 15.336, 17.341, 18.496, 18.401, 18.856, 19.177, 18.589, 18.271, 18.523, 18.459, 17.856, 16.026, 16.0, 17.51, 18.238, 17.829, 17.054, 17.434, 18.792, 19.206, 18.941, 18.546, 16.889, 14.869, 13.602, 14.608, 14.724, 13.891, 14.104, 15.784, 17.389, 18.636, 17.814, 18.14, 19.258], [6.155, 4.491, 4.092, 3.045, 2.611, 2.956, 2.657, 1.919, 2.108, 3.692, 4.059, 4.992, 6.758, 5.247, 3.117, 3.352, 2.09, 2.311, 2.435, 4.64, 4.929, 3.873, 3.358, 2.838, 2.176, 1.778, 0.0, 3.269, 6.097, 6.805, 8.895, 11.685, 10.484, 7.544, 7.305, 8.417, 7.696, 6.293, 5.644, 3.231, 3.548, 5.222, 4.638, 4.462, 5.182, 6.427, 7.639, 7.573, 6.23, 5.949, 6.169, 6.245, 5.663, 5.03, 5.16, 6.647, 7.034, 7.862, 8.22, 9.554, 10.058, 10.104, 10.568, 9.241, 7.7, 7.151, 4.682, 2.487, 2.433, 4.304, 3.866, 3.992, 4.748, 5.769, 7.167, 9.172, 10.444, 11.013, 10.562, 10.293, 11.539, 12.171, 12.136, 11.588, 11.589, 11.165, 9.792, 9.005, 8.792, 8.555, 10.043, 10.242, 8.921, 8.899, 10.606, 13.85, 16.692, 17.024, 15.814, 15.072, 15.385, 16.825, 18.303, 18.906, 18.429, 17.451, 15.942, 15.324, 14.401, 14.549, 15.938, 18.017, 19.118, 19.044, 19.42, 19.766, 19.301, 18.982, 19.223, 19.109, 18.258, 16.833, 16.709, 18.289, 18.915, 18.564, 17.734, 18.124, 19.433, 19.813, 19.578, 19.102, 17.549, 15.383, 13.943, 14.88, 15.131, 14.224, 14.927, 16.472, 18.014, 19.357, 18.632, 18.513, 19.417], [3.81, 2.779, 2.753, 3.59, 3.928, 3.918, 2.947, 3.08, 2.697, 3.126, 2.03, 2.142, 3.778, 2.496, 2.295, 2.308, 2.793, 3.527, 3.194, 4.108, 4.614, 4.498, 4.216, 3.773, 3.909, 4.363, 3.269, 0.0, 3.137, 3.952, 5.933, 8.633, 7.398, 4.854, 4.562, 5.69, 6.198, 6.511, 6.141, 4.435, 6.2, 7.433, 6.59, 6.283, 6.85, 7.781, 8.951, 9.286, 8.187, 7.799, 7.746, 7.775, 6.978, 6.65, 7.478, 8.806, 9.662, 10.661, 10.987, 12.624, 13.005, 13.0, 13.682, 12.249, 10.577, 10.146, 7.677, 4.556, 5.305, 7.374, 6.92, 7.057, 7.825, 8.842, 10.208, 12.232, 13.515, 14.124, 13.646, 13.346, 14.497, 15.226, 15.138, 14.66, 14.384, 13.782, 12.299, 11.148, 10.797, 11.2, 12.916, 13.068, 11.85, 11.566, 13.576, 16.909, 19.785, 20.011, 18.902, 18.123, 18.397, 19.84, 21.32, 21.887, 21.367, 20.276, 19.004, 18.424, 17.481, 17.716, 18.968, 21.112, 22.232, 22.087, 22.487, 22.835, 22.38, 22.018, 22.254, 22.182, 21.357, 19.741, 19.726, 21.166, 21.887, 21.475, 20.783, 21.165, 22.503, 22.901, 22.672, 22.215, 20.59, 18.473, 16.717, 17.505, 17.917, 17.246, 17.595, 19.071, 20.987, 22.38, 21.561, 21.421, 22.15], [1.907, 2.121, 2.551, 3.947, 5.299, 4.602, 4.14, 4.92, 4.34, 3.094, 2.339, 1.697, 1.761, 1.344, 3.531, 3.722, 4.915, 5.145, 4.633, 3.276, 4.349, 4.656, 4.767, 4.558, 5.475, 6.434, 6.097, 3.137, 0.0, 1.476, 2.981, 5.724, 4.564, 2.748, 2.746, 3.968, 5.114, 5.318, 5.2, 4.973, 8.597, 8.929, 8.181, 8.143, 9.017, 8.428, 9.169, 9.514, 9.801, 9.987, 8.539, 7.896, 7.732, 8.383, 9.682, 10.763, 12.089, 13.133, 13.311, 15.044, 15.418, 15.452, 15.996, 14.626, 12.924, 12.478, 10.034, 6.984, 7.734, 9.789, 9.348, 9.475, 10.233, 11.286, 12.683, 14.66, 15.991, 16.514, 16.041, 15.832, 17.096, 17.687, 17.56, 17.202, 16.884, 16.312, 14.642, 13.265, 12.856, 13.758, 15.222, 15.205, 14.092, 13.853, 15.954, 19.33, 21.951, 22.453, 21.158, 20.612, 20.91, 22.225, 23.732, 24.354, 23.957, 22.831, 21.696, 20.809, 19.863, 20.415, 21.407, 23.585, 24.645, 24.694, 25.195, 25.45, 24.888, 24.561, 24.803, 24.745, 24.103, 22.202, 22.239, 23.626, 24.453, 24.035, 23.292, 23.681, 24.926, 25.3, 25.052, 24.656, 23.033, 21.039, 19.369, 20.235, 20.48, 19.886, 19.879, 21.627, 23.475, 24.943, 24.024, 24.083, 25.054], [1.999, 2.581, 2.999, 4.545, 5.78, 4.962, 4.873, 5.849, 5.105, 3.792, 3.142, 2.613, 1.893, 2.218, 4.021, 4.202, 5.39, 5.629, 5.106, 3.869, 5.105, 5.594, 5.601, 5.368, 6.141, 7.003, 6.805, 3.952, 1.476, 0.0, 2.219, 5.331, 4.226, 2.504, 2.653, 3.762, 5.368, 5.423, 5.412, 5.697, 9.091, 9.802, 8.951, 8.907, 9.813, 9.235, 9.822, 10.171, 10.465, 10.651, 9.351, 8.571, 8.359, 9.058, 10.282, 11.249, 12.671, 13.649, 13.763, 15.465, 15.849, 15.933, 16.439, 15.078, 13.362, 12.916, 10.581, 7.43, 8.171, 10.21, 9.769, 9.966, 10.708, 11.735, 13.167, 15.099, 16.425, 17.005, 16.5, 16.295, 17.616, 18.128, 18.064, 17.733, 17.564, 17.103, 15.465, 14.065, 13.695, 14.378, 15.818, 15.849, 14.688, 14.57, 16.5, 19.888, 22.46, 22.97, 21.653, 21.065, 21.355, 22.714, 24.157, 24.909, 24.487, 23.463, 22.254, 21.306, 20.34, 20.984, 21.865, 24.027, 24.998, 25.171, 25.681, 25.919, 25.337, 25.016, 25.282, 25.22, 24.623, 22.697, 22.746, 24.176, 24.952, 24.53, 23.766, 24.165, 25.383, 25.699, 25.452, 25.068, 23.384, 21.487, 20.091, 21.023, 21.163, 20.38, 20.538, 22.372, 24.055, 25.387, 24.518, 24.656, 25.778], [3.267, 4.582, 4.948, 6.436, 7.712, 6.746, 6.816, 7.828, 7.093, 5.555, 4.995, 4.407, 3.292, 4.158, 6.073, 6.249, 7.442, 7.593, 7.126, 5.131, 5.924, 6.982, 7.265, 7.244, 8.158, 9.033, 8.895, 5.933, 2.981, 2.219, 0.0, 3.221, 2.397, 2.415, 2.976, 3.645, 5.539, 5.563, 6.025, 7.432, 11.157, 11.749, 10.943, 10.908, 11.818, 11.022, 10.511, 10.931, 12.445, 12.662, 11.247, 9.981, 10.082, 11.1, 12.365, 13.308, 14.685, 15.597, 15.78, 17.498, 17.873, 17.943, 18.538, 17.08, 15.344, 14.898, 12.498, 9.41, 10.154, 12.193, 11.752, 11.904, 12.667, 13.702, 15.127, 17.092, 18.514, 19.08, 18.551, 18.358, 19.65, 20.17, 20.049, 19.775, 19.596, 19.105, 17.452, 16.036, 15.692, 16.346, 17.859, 17.81, 16.773, 16.553, 18.542, 21.939, 24.53, 25.024, 23.628, 23.042, 23.406, 24.784, 26.262, 26.989, 26.575, 25.455, 24.359, 23.395, 22.424, 23.11, 23.975, 26.108, 27.119, 27.253, 27.762, 28.013, 27.399, 26.978, 27.277, 27.253, 26.712, 24.684, 24.732, 26.119, 26.98, 26.521, 25.811, 26.225, 27.453, 27.76, 27.512, 27.131, 25.477, 23.582, 22.109, 23.028, 23.168, 22.483, 22.564, 24.383, 26.129, 27.483, 26.501, 26.713, 27.798], [5.97, 7.609, 7.845, 9.349, 10.714, 9.747, 9.527, 10.395, 9.891, 8.239, 7.756, 6.951, 5.408, 6.598, 9.095, 9.269, 10.485, 10.674, 10.199, 7.842, 7.701, 9.089, 9.761, 9.919, 11.021, 12.013, 11.685, 8.633, 5.724, 5.331, 3.221, 0.0, 1.691, 4.401, 4.814, 4.23, 5.921, 6.934, 7.827, 10.365, 14.174, 14.443, 13.685, 13.621, 14.419, 13.367, 12.314, 13.278, 15.271, 15.47, 13.907, 12.745, 12.86, 13.956, 15.304, 16.35, 17.562, 18.539, 18.815, 20.51, 20.907, 20.932, 21.66, 20.124, 18.352, 17.957, 15.451, 12.412, 13.17, 15.225, 14.776, 14.903, 15.682, 16.698, 18.09, 20.126, 21.528, 22.122, 21.58, 21.355, 22.614, 23.201, 23.049, 22.738, 22.485, 21.782, 19.973, 18.652, 18.353, 19.303, 20.853, 20.796, 19.673, 19.411, 21.554, 24.948, 27.585, 28.016, 26.586, 26.043, 26.409, 27.857, 29.376, 29.96, 29.482, 28.251, 27.27, 26.499, 25.504, 26.042, 27.022, 29.136, 30.3, 30.225, 30.73, 31.009, 30.417, 29.97, 30.263, 30.251, 29.682, 27.65, 27.641, 29.079, 29.914, 29.477, 28.806, 29.228, 30.513, 30.916, 30.683, 30.297, 28.661, 26.674, 24.914, 25.767, 26.052, 25.512, 25.392, 27.106, 29.033, 30.481, 29.483, 29.644, 30.589], [4.727, 6.347, 6.575, 7.995, 9.349, 8.446, 8.235, 9.127, 8.699, 6.984, 6.549, 5.596, 4.004, 5.371, 7.943, 8.046, 9.214, 9.408, 9.055, 6.622, 6.355, 7.639, 8.405, 8.613, 9.774, 10.753, 10.484, 7.398, 4.564, 4.226, 2.397, 1.691, 0.0, 3.117, 3.455, 2.763, 4.626, 5.597, 6.53, 9.207, 13.016, 13.187, 12.525, 12.404, 13.056, 11.981, 10.938, 11.968, 14.06, 14.21, 12.66, 11.482, 11.618, 12.782, 14.122, 15.112, 16.254, 17.275, 17.459, 19.154, 19.53, 19.628, 20.43, 18.874, 17.076, 16.723, 14.201, 11.046, 11.824, 13.864, 13.411, 13.537, 14.316, 15.388, 16.746, 18.733, 20.265, 20.886, 20.292, 20.096, 21.417, 21.891, 21.767, 21.545, 21.331, 20.568, 18.634, 17.409, 17.128, 18.129, 19.703, 19.637, 18.514, 18.22, 20.319, 23.776, 26.341, 26.718, 25.286, 24.715, 25.116, 26.638, 28.179, 28.748, 28.328, 26.921, 26.107, 25.325, 24.351, 24.879, 25.802, 27.917, 29.12, 29.051, 29.521, 29.806, 29.098, 28.666, 28.891, 29.039, 28.533, 26.32, 26.354, 27.733, 28.64, 28.215, 27.548, 27.881, 29.236, 29.658, 29.404, 29.144, 27.486, 25.523, 23.719, 24.492, 24.874, 24.35, 24.15, 25.791, 27.834, 29.154, 28.19, 28.446, 29.368], [1.711, 3.36, 3.601, 5.066, 6.408, 5.45, 5.376, 6.219, 5.723, 4.039, 3.682, 3.057, 2.171, 2.893, 4.934, 4.964, 6.143, 6.329, 5.943, 3.605, 3.776, 4.965, 5.481, 5.728, 6.851, 7.807, 7.544, 4.854, 2.748, 2.504, 2.415, 4.401, 3.117, 0.0, 0.978, 1.7, 3.278, 3.445, 3.951, 6.137, 9.946, 10.175, 9.465, 9.4, 10.162, 9.165, 8.403, 9.037, 11.055, 11.241, 9.698, 8.538, 8.61, 9.731, 11.038, 12.059, 13.26, 14.277, 14.488, 16.21, 16.575, 16.64, 17.35, 15.781, 14.091, 13.624, 11.226, 8.117, 8.861, 10.916, 10.471, 10.598, 11.376, 12.4, 13.786, 15.793, 17.253, 17.83, 17.254, 17.094, 18.379, 18.913, 18.759, 18.512, 18.244, 17.563, 15.726, 14.439, 14.096, 15.078, 16.594, 16.529, 15.441, 15.145, 17.253, 20.682, 23.281, 23.735, 22.294, 21.763, 22.128, 23.56, 25.087, 25.664, 25.258, 23.984, 23.041, 22.226, 21.25, 21.813, 22.726, 24.857, 26.02, 25.984, 26.496, 26.765, 26.138, 25.699, 25.939, 26.011, 25.447, 23.363, 23.394, 24.785, 25.661, 25.234, 24.523, 24.916, 26.18, 26.584, 26.349, 26.036, 24.387, 22.432, 20.676, 21.504, 21.808, 21.277, 21.13, 22.876, 24.804, 26.2, 25.219, 25.41, 26.353], [1.699, 3.153, 3.394, 4.905, 6.247, 5.265, 5.108, 5.921, 5.458, 3.795, 3.397, 2.789, 2.043, 2.824, 4.803, 4.729, 5.861, 6.07, 5.688, 3.186, 3.504, 4.622, 5.155, 5.411, 6.64, 7.623, 7.305, 4.562, 2.746, 2.653, 2.976, 4.814, 3.455, 0.978, 0.0, 1.638, 2.931, 3.088, 3.456, 5.766, 9.575, 9.8, 9.111, 9.0, 9.719, 8.687, 7.751, 8.637, 10.705, 10.903, 9.367, 8.213, 8.181, 9.337, 10.742, 11.778, 12.947, 14.043, 14.236, 15.97, 16.314, 16.364, 17.075, 15.514, 13.857, 13.431, 11.1, 7.949, 8.663, 10.682, 10.232, 10.426, 11.174, 12.166, 13.543, 15.541, 16.977, 17.55, 16.972, 16.818, 18.092, 18.634, 18.521, 18.201, 17.908, 17.163, 15.277, 14.04, 13.708, 14.684, 16.317, 16.242, 15.115, 14.821, 16.949, 20.388, 22.982, 23.429, 22.03, 21.504, 21.843, 23.27, 24.797, 25.352, 24.935, 23.633, 22.742, 21.951, 20.959, 21.452, 22.432, 24.577, 25.739, 25.682, 26.194, 26.471, 25.848, 25.444, 25.666, 25.72, 25.147, 23.107, 23.129, 24.512, 25.391, 24.949, 24.222, 24.615, 25.885, 26.29, 26.054, 25.751, 24.109, 22.115, 20.279, 21.061, 21.457, 20.929, 20.78, 22.429, 24.472, 25.898, 24.956, 25.018, 25.928], [2.991, 4.379, 4.581, 6.111, 7.463, 6.466, 6.268, 7.089, 6.647, 4.953, 4.548, 3.875, 2.766, 3.89, 6.102, 6.051, 7.156, 7.343, 6.915, 4.384, 4.061, 5.39, 6.294, 6.496, 7.786, 8.792, 8.417, 5.69, 3.968, 3.762, 3.645, 4.23, 2.763, 1.7, 1.638, 0.0, 2.289, 3.188, 4.279, 6.944, 10.76, 11.051, 10.322, 10.154, 10.657, 9.43, 8.327, 9.507, 11.847, 12.026, 10.482, 9.345, 9.333, 10.512, 12.012, 13.031, 14.165, 15.172, 15.415, 17.136, 17.504, 17.549, 18.35, 16.793, 14.988, 14.71, 12.341, 9.136, 9.858, 11.853, 11.399, 11.602, 12.35, 13.321, 14.704, 16.722, 18.151, 18.802, 18.247, 17.989, 19.251, 19.821, 19.679, 19.362, 19.101, 18.341, 16.352, 15.107, 14.905, 15.827, 17.557, 17.477, 16.342, 16.06, 18.205, 21.58, 24.199, 24.569, 23.184, 22.634, 22.995, 24.531, 26.044, 26.576, 26.123, 24.777, 23.935, 23.203, 22.197, 22.648, 23.692, 25.797, 26.986, 26.869, 27.318, 27.634, 27.026, 26.594, 26.816, 26.872, 26.345, 24.251, 24.208, 25.636, 26.465, 26.052, 25.411, 25.803, 27.151, 27.55, 27.327, 26.983, 25.36, 23.316, 21.437, 22.069, 22.64, 22.109, 22.006, 23.408, 25.586, 27.04, 26.066, 26.179, 26.957], [3.774, 4.558, 4.606, 5.936, 7.221, 6.247, 5.808, 6.423, 6.004, 4.384, 4.981, 4.869, 3.911, 4.863, 5.967, 5.912, 6.762, 6.978, 6.436, 3.741, 3.415, 5.008, 5.926, 6.197, 7.41, 8.395, 7.696, 6.198, 5.114, 5.368, 5.539, 5.921, 4.626, 3.278, 2.931, 2.289, 0.0, 2.448, 3.584, 5.997, 10.089, 10.442, 9.557, 9.33, 9.777, 8.413, 7.28, 9.037, 11.238, 11.315, 10.002, 8.9, 8.535, 9.775, 11.357, 12.511, 13.746, 14.747, 15.053, 16.789, 17.157, 17.179, 17.765, 16.375, 14.675, 14.376, 12.142, 9.075, 9.625, 11.553, 11.143, 11.399, 12.143, 13.043, 14.38, 16.411, 17.689, 18.208, 17.77, 17.519, 18.66, 19.386, 19.304, 18.761, 18.239, 17.504, 15.634, 14.195, 13.986, 15.085, 16.894, 16.848, 15.56, 15.465, 17.572, 20.901, 23.572, 24.03, 22.728, 22.197, 22.494, 23.92, 25.359, 25.886, 25.428, 24.311, 23.025, 22.407, 21.397, 21.669, 23.053, 25.238, 26.31, 26.179, 26.599, 26.96, 26.517, 26.157, 26.379, 26.319, 25.339, 23.817, 23.778, 25.165, 25.942, 25.53, 24.88, 25.303, 26.597, 26.955, 26.719, 26.293, 24.696, 22.469, 20.666, 21.118, 21.664, 21.17, 21.415, 22.598, 24.888, 26.479, 25.592, 25.374, 25.892], [3.994, 4.66, 4.502, 4.525, 5.673, 5.076, 4.669,