[[0.0, 1.143, 2.024, 2.782, 1.93, 1.468, 1.419, 1.417, 1.332, 1.312, 1.26, 1.674, 3.031, 5.226, 7.449, 8.524, 7.688, 7.464, 8.465, 10.249, 10.94, 10.379, 11.558, 12.341, 11.931, 11.369, 12.766, 14.525, 15.849, 16.721, 17.005, 16.711, 16.03, 15.581, 14.072, 12.494, 12.492, 13.455, 14.911, 15.2, 14.602, 14.655, 15.393, 16.924, 17.674, 17.306, 16.32, 15.34, 15.397, 15.43, 15.366, 15.709, 17.386, 18.631, 18.06, 16.29, 15.956, 16.106, 15.827, 15.294, 14.182, 12.498, 11.279, 10.276, 9.477, 7.977, 6.043, 5.177, 5.47, 5.535, 5.012, 4.136, 3.756, 4.127, 4.403, 4.615, 3.745, 3.22, 4.263, 5.804, 6.8, 7.818, 8.827, 9.05, 9.101], [1.143, 0.0, 2.394, 3.29, 2.297, 1.595, 1.56, 1.632, 1.611, 1.558, 1.204, 1.812, 3.505, 5.758, 7.969, 9.05, 8.237, 8.003, 9.012, 10.778, 11.456, 10.899, 12.084, 12.863, 12.452, 11.892, 13.289, 15.042, 16.375, 17.247, 17.532, 17.228, 16.547, 16.098, 14.599, 13.011, 13.012, 13.972, 15.44, 15.717, 15.119, 15.18, 15.913, 17.443, 18.202, 17.826, 16.829, 15.867, 15.91, 15.941, 15.883, 16.233, 17.913, 19.149, 18.581, 16.81, 16.482, 16.632, 16.35, 15.815, 14.705, 13.029, 11.785, 10.797, 9.999, 8.506, 6.482, 5.537, 5.832, 5.92, 5.388, 4.484, 4.071, 4.499, 4.897, 5.12, 4.267, 3.798, 4.825, 6.33, 7.319, 8.344, 9.347, 9.569, 9.619], [2.024, 2.394, 0.0, 1.261, 1.258, 1.628, 1.603, 1.429, 1.533, 1.74, 1.762, 1.383, 1.958, 3.492, 5.771, 6.978, 6.102, 5.774, 6.728, 8.42, 9.082, 8.521, 9.709, 10.484, 10.075, 9.515, 10.903, 12.657, 13.997, 14.869, 15.157, 14.839, 14.158, 13.724, 12.216, 10.644, 10.627, 11.597, 13.067, 13.331, 12.741, 12.805, 13.524, 15.055, 15.814, 15.441, 14.441, 13.489, 13.583, 13.648, 13.509, 13.893, 15.542, 16.755, 16.202, 14.431, 14.103, 14.257, 13.971, 13.435, 12.325, 10.655, 9.449, 8.495, 7.665, 6.141, 4.344, 3.657, 3.987, 4.215, 3.709, 2.902, 2.837, 3.246, 3.257, 3.181, 2.931, 2.794, 3.169, 4.152, 4.946, 5.98, 7.021, 7.224, 7.245], [2.782, 3.29, 1.261, 0.0, 1.329, 2.311, 2.335, 2.021, 2.031, 2.278, 2.485, 2.014, 1.545, 2.76, 4.885, 6.033, 5.21, 4.893, 5.81, 7.533, 8.197, 7.643, 8.814, 9.604, 9.211, 8.653, 10.04, 11.771, 13.087, 13.958, 14.254, 13.957, 13.279, 12.863, 11.383, 9.767, 9.756, 10.725, 12.185, 12.461, 11.847, 11.92, 12.662, 14.193, 14.952, 14.575, 13.579, 12.579, 12.656, 12.712, 12.604, 12.949, 14.632, 15.868, 15.291, 13.52, 13.193, 13.349, 13.061, 12.529, 11.415, 9.787, 8.596, 7.587, 6.746, 5.258, 3.527, 3.019, 3.256, 3.537, 3.118, 2.212, 1.984, 2.256, 2.201, 2.145, 1.952, 2.117, 2.256, 3.17, 4.053, 5.101, 6.146, 6.354, 6.384], [1.93, 2.297, 1.258, 1.329, 0.0, 1.38, 1.504, 1.308, 1.42, 1.523, 1.687, 1.557, 1.941, 3.611, 5.855, 6.948, 6.126, 5.879, 6.861, 8.627, 9.328, 8.793, 9.937, 10.68, 10.287, 9.779, 11.19, 12.931, 14.25, 15.053, 15.415, 15.114, 14.44, 13.992, 12.507, 10.901, 10.918, 11.876, 13.335, 13.612, 13.012, 13.039, 13.812, 15.343, 16.102, 15.725, 14.729, 13.674, 13.715, 13.746, 13.717, 14.057, 15.755, 17.033, 16.412, 14.615, 14.288, 14.46, 14.156, 13.62, 12.51, 10.863, 9.7, 8.695, 7.806, 6.33, 4.393, 3.504, 3.793, 3.979, 3.415, 2.599, 2.269, 2.725, 2.937, 3.055, 2.525, 2.466, 2.934, 4.21, 5.209, 6.206, 7.163, 7.397, 7.492], [1.468, 1.595, 1.628, 2.311, 1.38, 0.0, 0.799, 0.937, 1.171, 1.325, 1.248, 1.442, 2.739, 4.701, 6.903, 7.998, 7.177, 6.934, 7.946, 9.77, 10.471, 9.936, 11.08, 11.804, 11.414, 10.907, 12.32, 14.073, 15.386, 16.179, 16.552, 16.254, 15.574, 15.132, 13.637, 12.043, 12.051, 13.019, 14.478, 14.748, 14.148, 14.181, 14.948, 16.471, 17.239, 16.868, 15.866, 14.792, 14.77, 14.818, 14.853, 15.192, 16.891, 18.166, 17.547, 15.685, 15.398, 15.596, 15.292, 14.753, 13.626, 11.99, 10.817, 9.832, 8.934, 7.465, 5.516, 4.452, 4.695, 4.858, 4.19, 3.247, 2.911, 3.527, 3.929, 4.134, 3.563, 3.328, 3.937, 5.283, 6.339, 7.344, 8.274, 8.532, 8.627], [1.419, 1.56, 1.603, 2.335, 1.504, 0.799, 0.0, 0.765, 1.133, 1.297, 1.1, 1.227, 2.568, 4.653, 6.944, 8.045, 7.201, 6.937, 7.924, 9.731, 10.432, 9.894, 11.042, 11.767, 11.367, 10.863, 12.28, 14.036, 15.353, 16.149, 16.519, 16.216, 15.537, 15.091, 13.593, 12.006, 12.014, 12.977, 14.438, 14.702, 14.112, 14.143, 14.901, 16.425, 17.192, 16.821, 15.821, 14.762, 14.77, 14.835, 14.823, 15.183, 16.86, 18.133, 17.517, 15.655, 15.368, 15.566, 15.262, 14.722, 13.596, 11.955, 10.772, 9.791, 8.904, 7.429, 5.476, 4.387, 4.629, 4.809, 4.118, 3.237, 3.006, 3.533, 3.982, 4.172, 3.613, 3.46, 3.991, 5.276, 6.309, 7.306, 8.238, 8.494, 8.588], [1.417, 1.632, 1.429, 2.021, 1.308, 0.937, 0.765, 0.0, 0.795, 1.057, 1.052, 1.033, 2.217, 4.371, 6.592, 7.682, 6.869, 6.627, 7.629, 9.428, 10.129, 9.595, 10.74, 11.473, 11.085, 10.578, 11.99, 13.733, 15.05, 15.846, 16.217, 15.914, 15.243, 14.791, 13.305, 11.703, 11.721, 12.677, 14.137, 14.415, 13.815, 13.84, 14.614, 16.14, 16.904, 16.527, 15.53, 14.459, 14.468, 14.502, 14.52, 14.86, 16.558, 17.825, 17.215, 15.369, 15.066, 15.263, 14.959, 14.42, 13.293, 11.663, 10.494, 9.493, 8.601, 7.13, 5.177, 4.107, 4.334, 4.647, 3.94, 3.011, 2.719, 3.249, 3.641, 3.8, 3.234, 3.119, 3.668, 4.962, 6.01, 7.005, 7.95, 8.196, 8.291], [1.332, 1.611, 1.533, 2.031, 1.42, 1.171, 1.133, 0.795, 0.0, 0.668, 0.986, 1.054, 2.352, 4.416, 6.616, 7.684, 6.851, 6.648, 7.657, 9.426, 10.104, 9.566, 10.72, 11.496, 11.097, 10.54, 11.95, 13.702, 15.016, 15.873, 16.182, 15.888, 15.205, 14.762, 13.262, 11.672, 11.681, 12.648, 14.108, 14.383, 13.777, 13.827, 14.585, 16.115, 16.866, 16.498, 15.501, 14.494, 14.535, 14.566, 14.508, 14.858, 16.547, 17.799, 17.206, 15.435, 15.108, 15.264, 14.976, 14.44, 13.33, 11.659, 10.443, 9.462, 8.626, 7.139, 5.147, 4.21, 4.45, 4.607, 4.045, 3.127, 2.767, 3.216, 3.589, 3.777, 3.175, 3.101, 3.672, 4.975, 5.969, 6.977, 7.965, 8.217, 8.267], [1.312, 1.558, 1.74, 2.278, 1.523, 1.325, 1.297, 1.057, 0.668, 0.0, 0.901, 1.033, 2.419, 4.561, 6.785, 7.848, 6.989, 6.788, 7.805, 9.62, 10.32, 9.779, 10.941, 11.677, 11.266, 10.743, 12.158, 13.918, 15.256, 16.062, 16.41, 16.107, 15.421, 14.971, 13.467, 11.887, 11.889, 12.852, 14.315, 14.586, 13.997, 14.023, 14.778, 16.306, 17.069, 16.703, 15.722, 14.682, 14.724, 14.755, 14.724, 15.063, 16.754, 18.04, 17.418, 15.624, 15.297, 15.461, 15.165, 14.629, 13.519, 11.851, 10.646, 9.693, 8.814, 7.328, 5.385, 4.536, 4.763, 4.81, 4.265, 3.427, 3.037, 3.467, 3.774, 3.947, 3.267, 3.18, 3.787, 5.154, 6.21, 7.206, 8.147, 8.383, 8.472], [1.26, 1.204, 1.762, 2.485, 1.687, 1.248, 1.1, 1.052, 0.986, 0.901, 0.0, 0.868, 2.574, 4.843, 7.042, 8.106, 7.264, 7.05, 8.077, 9.926, 10.626, 10.087, 11.24, 11.98, 11.569, 11.058, 12.472, 14.232, 15.55, 16.355, 16.714, 16.414, 15.734, 15.284, 13.781, 12.203, 12.202, 13.162, 14.625, 14.899, 14.31, 14.339, 15.092, 16.615, 17.38, 17.012, 16.01, 14.969, 14.988, 15.019, 15.036, 15.366, 17.061, 18.326, 17.73, 15.888, 15.576, 15.768, 15.474, 14.936, 13.808, 12.157, 10.959, 9.994, 9.109, 7.632, 5.686, 4.817, 5.083, 5.169, 4.592, 3.712, 3.318, 3.713, 4.024, 4.233, 3.497, 3.321, 4.043, 5.455, 6.501, 7.502, 8.455, 8.688, 8.782], [1.674, 1.812, 1.383, 2.014, 1.557, 1.442, 1.227, 1.033, 1.054, 1.033, 0.868, 0.0, 1.962, 4.144, 6.322, 7.451, 6.553, 6.377, 7.428, 9.229, 9.933, 9.405, 10.558, 11.291, 10.896, 10.376, 11.787, 13.537, 14.863, 15.669, 16.019, 15.718, 15.043, 14.596, 13.093, 11.508, 11.511, 12.472, 13.931, 14.216, 13.616, 13.647, 14.395, 15.918, 16.686, 16.315, 15.314, 14.281, 14.275, 14.307, 14.356, 14.682, 16.379, 17.639, 17.036, 15.187, 14.89, 15.076, 14.784, 14.245, 13.121, 11.477, 10.281, 9.318, 8.427, 6.95, 5.048, 4.206, 4.469, 4.565, 3.982, 3.146, 2.893, 3.331, 3.594, 3.649, 3.235, 3.179, 3.782, 4.908, 5.853, 6.821, 7.771, 7.998, 8.09], [3.031, 3.505, 1.958, 1.545, 1.941, 2.739, 2.568, 2.217, 2.352, 2.419, 2.574, 1.962, 0.0, 2.344, 4.702, 5.879, 5.071, 4.679, 5.579, 7.386, 8.068, 7.54, 8.694, 9.44, 9.038, 8.518, 9.934, 11.668, 13.0, 13.803, 14.164, 13.85, 13.181, 12.731, 11.239, 9.643, 9.648, 10.605, 12.063, 12.353, 11.752, 11.782, 12.527, 14.05, 14.818, 14.466, 13.463, 12.422, 12.522, 12.578, 12.508, 12.849, 14.537, 15.789, 15.188, 13.375, 13.031, 13.217, 12.933, 12.416, 11.26, 9.619, 8.468, 7.513, 6.589, 5.106, 3.4, 2.865, 3.101, 3.286, 3.005, 2.246, 2.235, 2.115, 2.154, 2.102, 2.341, 2.554, 2.815, 3.432, 4.049, 4.969, 5.938, 6.133, 6.26], [5.226, 5.758, 3.492, 2.76, 3.611, 4.701, 4.653, 4.371, 4.416, 4.561, 4.843, 4.144, 2.344, 0.0, 2.742, 4.022, 3.605, 3.155, 3.658, 5.173, 5.809, 5.276, 6.487, 7.182, 6.777, 6.268, 7.687, 9.413, 10.742, 11.53, 11.899, 11.592, 10.923, 10.493, 9.011, 7.42, 7.397, 8.34, 9.79, 10.089, 9.497, 9.518, 10.254, 11.777, 12.545, 12.232, 11.222, 10.172, 10.324, 10.383, 10.302, 10.637, 12.289, 13.55, 12.932, 11.129, 10.752, 10.947, 10.68, 10.189, 8.999, 7.379, 6.29, 5.371, 4.517, 3.493, 2.88, 2.627, 2.77, 2.947, 2.946, 2.682, 2.704, 2.282, 2.115, 1.913, 2.598, 2.655, 2.385, 2.135, 2.241, 2.849, 3.771, 3.983, 4.104], [7.449, 7.969, 5.771, 4.885, 5.855, 6.903, 6.944, 6.592, 6.616, 6.785, 7.042, 6.322, 4.702, 2.742, 0.0, 1.553, 1.833, 1.648, 1.894, 2.982, 3.739, 3.138, 4.309, 5.026, 4.635, 4.159, 5.569, 7.279, 8.588, 9.379, 9.741, 9.438, 8.767, 8.382, 6.932, 5.485, 5.357, 6.207, 7.665, 7.932, 7.334, 7.376, 8.132, 9.655, 10.423, 10.052, 9.055, 7.993, 7.959, 8.031, 8.047, 8.4, 10.085, 11.349, 10.742, 8.893, 8.6, 8.792, 8.49, 7.951, 6.837, 5.289, 4.827, 4.667, 4.486, 3.869, 3.816, 4.325, 3.957, 3.97, 3.926, 4.009, 4.281, 3.775, 3.301, 2.943, 3.877, 4.471, 3.435, 2.215, 1.449, 1.734, 2.41, 2.871, 2.862], [8.524, 9.05, 6.978, 6.033, 6.948, 7.998, 8.045, 7.682, 7.684, 7.848, 8.106, 7.451, 5.879, 4.022, 1.553, 0.0, 1.464, 1.626, 1.175, 1.927, 2.675, 2.501, 3.328, 4.029, 3.919, 3.748, 4.647, 6.228, 7.526, 8.394, 8.8, 8.471, 7.751, 7.319, 5.984, 4.903, 4.754, 5.166, 6.61, 6.883, 6.285, 6.323, 7.079, 8.602, 9.369, 8.999, 8.002, 6.935, 6.899, 6.976, 7.013, 7.331, 9.027, 10.292, 9.684, 7.835, 7.543, 7.734, 7.432, 6.894, 5.771, 4.444, 4.987, 5.163, 4.948, 4.427, 4.805, 5.489, 5.096, 5.119, 5.049, 5.075, 5.279, 4.747, 4.328, 4.047, 4.936, 5.564, 4.528, 3.239, 2.453, 2.202, 2.457, 2.768, 2.721], [7.688, 8.237, 6.102, 5.21, 6.126, 7.177, 7.201, 6.869, 6.851, 6.989, 7.264, 6.553, 5.071, 3.605, 1.833, 1.464, 0.0, 0.785, 1.217, 2.843, 3.596, 3.191, 4.098, 4.86, 4.459, 4.283, 5.416, 7.092, 8.383, 9.192, 9.612, 9.275, 8.576, 8.186, 6.771, 5.489, 5.411, 5.985, 7.443, 7.718, 7.13, 7.161, 7.91, 9.433, 10.199, 9.83, 8.833, 7.796, 7.776, 7.819, 7.864, 8.205, 9.881, 11.154, 10.552, 8.704, 8.405, 8.591, 8.298, 7.768, 6.646, 5.144, 5.273, 5.332, 5.128, 4.692, 5.181, 5.537, 5.392, 5.491, 5.156, 4.68, 4.515, 4.207, 3.998, 3.8, 4.194, 4.75, 3.725, 2.63, 2.133, 2.109, 2.742, 3.07, 3.134], [7.464, 8.003, 5.774, 4.893, 5.879, 6.934, 6.937, 6.627, 6.648, 6.788, 7.05, 6.377, 4.679, 3.155, 1.648, 1.626, 0.785, 0.0, 1.186, 2.973, 3.656, 3.199, 4.26, 4.983, 4.632, 4.401, 5.515, 7.26, 8.551, 9.347, 9.725, 9.413, 8.734, 8.312, 6.87, 5.481, 5.403, 6.13, 7.59, 7.878, 7.29, 7.307, 8.063, 9.588, 10.345, 9.995, 8.991, 7.969, 8.033, 8.065, 8.043, 8.4, 10.06, 11.325, 10.729, 8.886, 8.564, 8.757, 8.467, 7.982, 6.807, 5.275, 5.26, 5.194, 4.982, 4.402, 4.751, 5.111, 4.951, 5.059, 4.775, 4.377, 4.253, 3.918, 3.642, 3.424, 3.972, 4.459, 3.431, 2.313, 1.745, 1.902, 2.723, 3.07, 3.115], [8.465, 9.012, 6.728, 5.81, 6.861, 7.946, 7.924, 7.629, 7.657, 7.805, 8.077, 7.428, 5.579, 3.658, 1.894, 1.175, 1.217, 1.186, 0.0, 2.008, 2.658, 2.535, 3.236, 4.015, 3.684, 3.587, 4.58, 6.227, 7.501, 8.297, 8.755, 8.421, 7.67, 7.315, 5.948, 4.789, 4.595, 5.103, 6.556, 6.828, 6.239, 6.268, 7.023, 8.553, 9.32, 8.97, 7.984, 6.898, 7.051, 7.116, 7.053, 7.364, 9.029, 10.271, 9.691, 7.879, 7.509, 7.708, 7.424, 7.005, 5.778, 4.379, 4.677, 4.866, 4.651, 4.181, 4.785, 5.471, 5.184, 5.114, 5.109, 5.154, 5.218, 4.675, 4.194, 3.97, 4.923, 5.463, 4.337, 3.067, 2.231, 1.873, 2.195, 2.456, 2.534], [10.249, 10.778, 8.42, 7.533, 8.627, 9.77, 9.731, 9.428, 9.426, 9.62, 9.926, 9.229, 7.386, 5.173, 2.982, 1.927, 2.843, 2.973, 2.008, 0.0, 1.523, 1.742, 2.14, 2.795, 2.948, 2.957, 3.425, 4.539, 5.782, 6.681, 7.213, 6.914, 6.048, 5.743, 4.485, 3.877, 3.659, 3.402, 4.712, 5.09, 4.452, 4.436, 5.19, 6.721, 7.482, 7.135, 6.182, 5.121, 5.365, 5.47, 5.297, 5.638, 7.186, 8.433, 7.815, 6.09, 5.745, 5.917, 5.613, 5.299, 4.143, 3.307, 4.404, 4.649, 4.497, 4.184, 5.138, 6.125, 5.77, 5.632, 5.998, 6.759, 7.065, 6.49, 5.972, 5.72, 6.714, 7.307, 6.146, 4.781, 3.733, 2.804, 2.439, 2.355, 2.231], [10.94, 11.456, 9.082, 8.197, 9.328, 10.471, 10.432, 10.129, 10.104, 10.32, 10.626, 9.933, 8.068, 5.809, 3.739, 2.675, 3.596, 3.656, 2.658, 1.523, 0.0, 1.551, 2.627, 2.841, 2.928, 2.66, 3.029, 4.18, 5.316, 6.271, 6.765, 6.487, 5.621, 5.308, 4.165, 3.561, 3.25, 2.892, 4.007, 4.446, 3.84, 3.785, 4.742, 6.347, 7.203, 7.14, 6.502, 5.291, 5.931, 6.111, 5.698, 5.952, 7.062, 8.047, 7.418, 6.083, 5.414, 5.623, 5.501, 5.668, 4.633, 3.631, 4.395, 4.41, 4.463, 4.038, 5.279, 6.378, 6.084, 6.186, 6.532, 7.42, 7.744, 7.181, 6.66, 6.434, 7.397, 7.988, 6.766, 5.296, 4.191, 3.162, 2.953, 3.016, 3.124], [10.379, 10.899, 8.521, 7.643, 8.793, 9.936, 9.894, 9.595, 9.566, 9.779, 10.087, 9.405, 7.54, 5.276, 3.138, 2.501, 3.191, 3.199, 2.535, 1.742, 1.551, 0.0, 2.066, 2.53, 2.409, 2.223, 2.962, 4.52, 5.885, 6.629, 6.843, 6.562, 5.821, 5.873, 4.535, 3.199, 3.005, 3.126, 4.552, 4.836, 4.248, 4.296, 5.145, 6.786, 7.48, 7.4, 6.648, 5.454, 6.038, 6.185, 5.79, 6.198, 7.463, 8.593, 8.021, 6.38, 5.738, 5.917, 5.864, 5.86, 4.705, 3.212, 3.68, 3.655, 3.69, 3.401, 4.762, 5.774, 5.648, 5.576, 6.077, 6.875, 7.205, 6.645, 6.126, 5.885, 6.858, 7.449, 6.238, 4.663, 3.6, 2.622, 2.139, 2.344, 2.557], [11.558, 12.084, 9.709, 8.814, 9.937, 11.08, 11.042, 10.74, 10.72, 10.941, 11.24, 10.558, 8.694, 6.487, 4.309, 3.328, 4.098, 4.26, 3.236, 2.14, 2.627, 2.066, 0.0, 1.385, 1.543, 1.719, 2.026, 3.29, 4.58, 5.422, 5.732, 5.422, 4.662, 4.523, 3.345, 2.491, 2.127, 2.52, 3.657, 4.168, 3.528, 3.353, 4.005, 5.62, 6.295, 6.11, 5.164, 4.07, 4.536, 4.706, 4.496, 4.766, 6.23, 7.393, 6.776, 5.06, 4.447, 4.607, 4.598, 4.451, 3.108, 2.007, 2.71, 3.053, 3.513, 4.333, 6.161, 7.171, 6.803, 6.507, 7.181, 8.029, 8.361, 7.803, 7.272, 7.034, 8.007, 8.599, 7.386, 5.832, 4.781, 3.785, 2.904, 2.678, 2.596], [12.341, 12.863, 10.484, 9.604, 10.68, 11.804, 11.767, 11.473, 11.496, 11.677, 11.98, 11.291, 9.44, 7.182, 5.026, 4.029, 4.86, 4.983, 4.015, 2.795, 2.841, 2.53, 1.385, 0.0, 1.16, 1.66, 1.841, 2.641, 3.667, 4.469, 4.82, 4.566, 3.866, 3.656, 2.542, 2.026, 2.016, 2.649, 3.676, 4.284, 3.629, 3.06, 3.278, 4.818, 5.527, 5.375, 4.736, 3.759, 4.381, 4.622, 4.103, 4.269, 5.431, 6.527, 5.84, 4.227, 3.682, 3.915, 3.828, 3.921, 2.831, 1.28, 2.116, 2.745, 3.435, 4.557, 6.571, 7.799, 7.331, 7.181, 7.825, 8.775, 9.101, 8.538, 7.997, 7.795, 8.765, 9.341, 8.138, 6.687, 5.623, 4.548, 3.542, 3.398, 3.462], [11.931, 12.452, 10.075, 9.211, 10.287, 11.414, 11.367, 11.085, 11.097, 11.266, 11.569, 10.896, 9.038, 6.777, 4.635, 3.919, 4.459, 4.632, 3.684, 2.948, 2.928, 2.409, 1.543, 1.16, 0.0, 1.154, 1.466, 2.885, 4.1, 4.844, 5.23, 4.916, 4.279, 3.951, 2.609, 1.653, 1.672, 2.484, 3.785, 4.673, 4.03, 3.194, 3.73, 5.261, 5.984, 5.906, 5.503, 4.415, 5.06, 5.327, 4.829, 4.937, 5.841, 6.979, 6.373, 5.034, 4.292, 4.47, 4.238, 4.746, 3.373, 1.633, 1.979, 2.437, 2.702, 4.029, 6.132, 7.335, 6.889, 6.71, 7.4, 8.374, 8.701, 8.132, 7.6, 7.401, 8.37, 8.945, 7.723, 6.206, 5.168, 4.132, 3.192, 2.968, 2.983], [11.369, 11.892, 9.515, 8.653, 9.779, 10.907, 10.863, 10.578, 10.54, 10.743, 11.058, 10.376, 8.518, 6.268, 4.159, 3.748, 4.283, 4.401, 3.587, 2.957, 2.66, 2.223, 1.719, 1.66, 1.154, 0.0, 1.632, 3.324, 4.656, 5.521, 5.753, 5.436, 4.783, 4.474, 3.073, 1.928, 1.769, 2.444, 3.788, 4.593, 4.009, 3.487, 4.135, 5.824, 6.666, 6.652, 6.133, 4.954, 5.637, 5.877, 5.439, 5.581, 6.526, 7.537, 6.946, 5.674, 4.989, 5.153, 5.015, 5.391, 3.995, 2.115, 2.084, 2.298, 2.475, 3.491, 5.448, 6.707, 6.357, 6.186, 6.887, 7.86, 8.181, 7.615, 7.093, 6.889, 7.855, 8.431, 7.212, 5.675, 4.612, 3.575, 2.654, 2.505, 2.591], [12.766, 13.289, 10.903, 10.04, 11.19, 12.32, 12.28, 11.99, 11.95, 12.158, 12.472, 11.787, 9.934, 7.687, 5.569, 4.647, 5.416, 5.515, 4.58, 3.425, 3.029, 2.962, 2.026, 1.841, 1.466, 1.632, 0.0, 1.995, 3.456, 4.498, 4.617, 4.116, 3.613, 3.22, 1.994, 1.301, 1.258, 1.639, 2.739, 3.672, 3.238, 2.66, 3.353, 5.039, 5.858, 5.939, 5.547, 4.478, 5.177, 5.443, 4.95, 5.065, 5.745, 6.453, 5.984, 5.105, 4.291, 4.444, 4.319, 4.901, 3.413, 1.95, 2.832, 3.096, 3.545, 4.86, 6.838, 8.107, 7.747, 7.592, 8.277, 9.256, 9.584, 9.034, 8.51, 8.288, 9.255, 9.833, 8.633, 7.051, 5.987, 4.985, 4.05, 3.818, 3.717], [14.525, 15.042, 12.657, 11.771, 12.931, 14.073, 14.036, 13.733, 13.702, 13.918, 14.232, 13.537, 11.668, 9.413, 7.279, 6.228, 7.092, 7.26, 6.227, 4.539, 4.18, 4.52, 3.29, 2.641, 2.885, 3.324, 1.995, 0.0, 1.87, 2.995, 3.341, 2.827, 2.281, 1.71, 1.615, 2.382, 2.611, 2.167, 2.21, 3.029, 2.639, 2.174, 2.179, 3.562, 4.387, 4.445, 4.137, 3.195, 3.857, 4.109, 3.554, 3.706, 4.247, 4.83, 4.39, 3.635, 2.79, 2.959, 2.796, 3.517, 2.133, 2.395, 3.724, 4.302, 5.174, 6.609, 8.581, 9.832, 9.491, 9.335, 10.036, 11.015, 11.34, 10.789, 10.264, 10.008, 10.983, 11.59, 10.371, 8.8, 7.743, 6.737, 5.801, 5.545, 5.472], [15.849, 16.375, 13.997, 13.087, 14.25, 15.386, 15.353, 15.05, 15.016, 15.256, 15.55, 14.863, 13.0, 10.742, 8.588, 7.526, 8.383, 8.551, 7.501, 5.782, 5.316, 5.885, 4.58, 3.667, 4.1, 4.656, 3.456, 1.87, 0.0, 1.473, 2.02, 1.834, 1.41, 1.094, 2.316, 3.945, 4.128, 3.448, 3.121, 3.802, 3.475, 3.0, 2.604, 2.655, 3.166, 3.171, 3.457, 3.37, 3.939, 3.912, 3.274, 3.219, 2.988, 3.199, 2.916, 2.501, 1.829, 2.007, 2.58, 3.186, 2.5, 3.439, 4.838, 5.806, 6.564, 7.955, 9.992, 11.255, 10.833, 10.701, 11.375, 12.344, 12.666, 12.115, 11.585, 11.337, 12.3, 12.907, 11.699, 10.201, 9.088, 8.05, 7.119, 6.914, 6.842], [16.721, 17.247, 14.869, 13.958, 15.053, 16.179, 16.149, 15.846, 15.873, 16.062, 16.355, 15.669, 13.803, 11.53, 9.379, 8.394, 9.192, 9.347, 8.297, 6.681, 6.271, 6.629, 5.422, 4.469, 4.844, 5.521, 4.498, 2.995, 1.473, 0.0, 1.139, 1.569, 1.505, 1.885, 3.451, 4.884, 5.086, 4.382, 4.27, 4.883, 4.47, 3.982, 3.611, 3.327, 3.589, 3.765, 4.384, 4.293, 4.658, 4.61, 4.008, 3.796, 3.341, 3.202, 3.283, 3.174, 2.529, 2.479, 3.255, 3.937, 3.334, 4.257, 5.663, 6.632, 7.313, 8.766, 10.864, 12.098, 11.645, 11.514, 12.179, 13.147, 13.472, 12.92, 12.379, 12.134, 13.106, 13.712, 12.493, 10.973, 9.937, 8.905, 7.915, 7.709, 7.677], [17.005, 17.532, 15.157, 14.254, 15.415, 16.552, 16.519, 16.217, 16.182, 16.41, 16.714, 16.019, 14.164, 11.899, 9.741, 8.8, 9.612, 9.725, 8.755, 7.213, 6.765, 6.843, 5.732, 4.82, 5.23, 5.753, 4.617, 3.341, 2.02, 1.139, 0.0, 1.363, 1.834, 2.245, 3.795, 4.808, 5.012, 4.609, 4.626, 5.251, 4.947, 4.584, 4.294, 3.928, 4.121, 4.414, 5.054, 5.104, 5.427, 5.315, 4.708, 4.502, 3.945, 3.672, 3.786, 3.898, 3.255, 3.069, 3.927, 4.64, 4.105, 4.616, 5.895, 6.819, 7.671, 9.094, 11.122, 12.371, 11.991, 11.835, 12.518, 13.497, 13.823, 13.271, 12.748, 12.491, 13.467, 14.074, 12.861, 11.324, 10.227, 9.217, 8.284, 8.045, 7.975], [16.711, 17.228, 14.839, 13.957, 15.114, 16.254, 16.216, 15.914, 15.888, 16.107, 16.414, 15.718, 13.85, 11.592, 9.438, 8.471, 9.275, 9.413, 8.421, 6.914, 6.487, 6.562, 5.422, 4.566, 4.916, 5.436, 4.116, 2.827, 1.834, 1.569, 1.363, 0.0, 1.453, 1.881, 3.181, 4.362, 4.432, 4.058, 4.192, 4.831, 4.671, 4.394, 4.044, 3.932, 4.111, 4.403, 5.028, 4.998, 5.4, 5.402, 4.722, 4.447, 3.818, 3.544, 3.687, 3.93, 3.217, 3.132, 3.971, 4.723, 3.93, 4.278, 5.492, 6.457, 7.326, 8.799, 10.796, 12.05, 11.671, 11.513, 12.218, 13.197, 13.522, 12.97, 12.445, 12.189, 13.164, 13.771, 12.552, 10.99, 9.92, 8.923, 7.982, 7.739, 7.655], [16.03, 16.547, 14.158, 13.279, 14.44, 15.574, 15.537, 15.243, 15.205, 15.421, 15.734, 15.043, 13.181, 10.923, 8.767, 7.751, 8.576, 8.734, 7.67, 6.048, 5.621, 5.821, 4.662, 3.866, 4.279, 4.783, 3.613, 2.281, 1.41, 1.505, 1.834, 1.453, 0.0, 1.481, 2.639, 3.77, 3.954, 3.265, 3.496, 4.138, 3.883, 3.607, 3.281, 3.36, 3.672, 3.818, 4.312, 4.238, 4.81, 4.794, 4.159, 4.076, 3.687, 3.704, 3.78, 3.354, 2.535, 2.616, 3.513, 4.07, 3.35, 3.59, 4.825, 5.775, 6.646, 8.116, 10.09, 11.353, 10.993, 10.831, 11.54, 12.519, 12.844, 12.292, 11.765, 11.517, 12.49, 13.091, 11.88, 10.303, 9.247, 8.24, 7.303, 7.053, 6.975], [15.581, 16.098, 13.724, 12.863, 13.992, 15.132, 15.091, 14.791, 14.762, 14.971, 15.284, 14.596, 12.731, 10.493, 8.382, 7.319, 8.186, 8.312, 7.315, 5.743, 5.308, 5.873, 4.523, 3.656, 3.951, 4.474, 3.22, 1.71, 1.094, 1.885, 2.245, 1.881, 1.481, 0.0, 1.942, 3.507, 3.754, 3.274, 3.114, 3.826, 3.518, 3.141, 2.762, 2.918, 3.61, 3.507, 3.835, 3.667, 4.229, 4.249, 3.622, 3.6, 3.595, 3.797, 3.663, 3.192, 2.189, 2.56, 2.898, 3.486, 2.635, 3.159, 4.531, 5.46, 6.292, 7.687, 9.719, 11.007, 10.591, 10.406, 11.115, 12.075, 12.407, 11.843, 11.321, 11.109, 12.067, 12.646, 11.428, 9.933, 8.849, 7.795, 6.859, 6.623, 6.572], [14.072, 14.599, 12.216, 11.383, 12.507, 13.637, 13.593, 13.305, 13.262, 13.467, 13.781, 13.093, 11.239, 9.011, 6.932, 5.984, 6.771, 6.87, 5.948, 4.485, 4.165, 4.535, 3.345, 2.542, 2.609, 3.073, 1.994, 1.615, 2.316, 3.451, 3.795, 3.181, 2.639, 1.942, 0.0, 2.124, 2.344, 2.437, 2.934, 3.788, 3.491, 2.966, 2.781, 4.141, 4.945, 4.995, 4.82, 4.183, 4.931, 5.059, 4.499, 4.592, 4.888, 5.383, 4.995, 4.414, 3.513, 3.806, 3.763, 4.297, 3.271, 2.217, 3.31, 3.974, 4.792, 6.187, 8.195, 9.471, 9.086, 8.909, 9.608, 10.562, 10.894, 10.339, 9.826, 9.621, 10.578, 11.147, 9.94, 8.433, 7.375, 6.313, 5.364, 5.125, 5.047], [12.494, 13.011, 10.644, 9.767, 10.901, 12.043, 12.006, 11.703, 11.672, 11.887, 12.203, 11.508, 9.643, 7.42, 5.485, 4.903, 5.489, 5.481, 4.789, 3.877, 3.561, 3.199, 2.491, 2.026, 1.653, 1.928, 1.301, 2.382, 3.945, 4.884, 4.808, 4.362, 3.77, 3.507, 2.124, 0.0, 1.098, 2.166, 3.177, 4.06, 3.601, 3.296, 3.89, 5.581, 6.402, 6.481, 6.086, 4.999, 5.698, 5.959, 5.459, 5.564, 6.264, 7.033, 6.513, 5.628, 4.735, 4.921, 4.85, 5.408, 3.919, 1.917, 2.333, 2.596, 3.185, 4.593, 6.57, 7.825, 7.461, 7.295, 8.006, 8.985, 9.31, 8.758, 8.234, 7.999, 8.956, 9.56, 8.341, 6.775, 5.761, 4.73, 3.816, 3.536, 3.482], [12.492, 13.012, 10.627, 9.756, 10.918, 12.051, 12.014, 11.721, 11.681, 11.889, 12.202, 11.511, 9.648, 7.397, 5.357, 4.754, 5.411, 5.403, 4.595, 3.659, 3.25, 3.005, 2.127, 2.016, 1.672, 1.769, 1.258, 2.611, 4.128, 5.086, 5.012, 4.432, 3.954, 3.754, 2.344, 1.098, 0.0, 1.717, 3.081, 3.946, 3.645, 3.283, 4.051, 5.746, 6.551, 6.647, 6.207, 5.065, 5.752, 6.002, 5.522, 5.686, 6.472, 7.212, 6.737, 5.789, 4.937, 5.103, 5.045, 5.473, 4.076, 2.209, 2.691, 2.766, 3.4, 4.599, 6.559, 7.821, 7.469, 7.299, 8.016, 8.987, 9.312, 8.76, 8.242, 7.994, 8.966, 9.568, 8.357, 6.781, 5.715, 4.718, 3.786, 3.53, 3.437], [13.455, 13.972, 11.597, 10.725, 11.876, 13.019, 12.977, 12.677, 12.648, 12.852, 13.162, 12.472, 10.605, 8.34, 6.207, 5.166, 5.985, 6.13, 5.103, 3.402, 2.892, 3.126, 2.52, 2.649, 2.484, 2.444, 1.639, 2.167, 3.448, 4.382, 4.609, 4.058, 3.265, 3.274, 2.437, 2.166, 1.717, 0.0, 1.987, 2.91, 2.587, 2.482, 3.268, 4.907, 5.717, 5.801, 5.481, 4.392, 5.075, 5.312, 4.876, 4.984, 5.638, 6.349, 5.873, 5.045, 4.147, 4.343, 4.186, 4.832, 3.546, 3.165, 4.032, 4.172, 4.441, 5.618, 7.507, 8.771, 8.443, 8.279, 8.971, 9.949, 10.281, 9.719, 9.208, 8.967, 9.94, 10.532, 9.314, 7.741, 6.682, 5.675, 4.745, 4.489, 4.392], [14.911, 15.44, 13.067, 12.185, 13.335, 14.478, 14.438, 14.137, 14.108, 14.315, 14.625, 13.931, 12.063, 9.79, 7.665, 6.61, 7.443, 7.59, 6.556, 4.712, 4.007, 4.552, 3.657, 3.676, 3.785, 3.788, 2.739, 2.21, 3.121, 4.27, 4.626, 4.192, 3.496, 3.114, 2.934, 3.177, 3.081, 1.987, 0.0, 1.246, 1.073, 1.347, 1.798, 3.418, 4.186, 4.314, 3.846, 2.643, 3.303, 3.442, 3.082, 3.22, 4.019, 4.81, 4.33, 3.412, 2.779, 3.084, 2.868, 3.269, 2.667, 3.773, 5.151, 5.342, 5.96, 7.078, 8.962, 10.217, 9.903, 9.741, 10.433, 11.408, 11.735, 11.18, 10.667, 10.428, 11.401, 11.993, 10.773, 9.201, 8.15, 7.134, 6.205, 5.963, 5.857], [15.2, 15.717, 13.331, 12.461, 13.612, 14.748, 14.702, 14.415, 14.383, 14.586, 14.899, 14.216, 12.353, 10.089, 7.932, 6.883, 7.718, 7.878, 6.828, 5.09, 4.446, 4.836, 4.168, 4.284, 4.673, 4.593, 3.672, 3.029, 3.802, 4.883, 5.251, 4.831, 4.138, 3.826, 3.788, 4.06, 3.946, 2.91, 1.246, 0.0, 1.044, 1.752, 1.967, 3.033, 3.79, 3.9, 3.27, 2.259, 2.753, 2.968, 2.634, 3.0, 3.761, 4.539, 4.054, 3.078, 2.965, 3.236, 2.931, 2.859, 3.012, 4.37, 5.757, 6.098, 6.781, 7.673, 9.404, 10.566, 10.377, 10.268, 10.881, 11.686, 12.013, 11.456, 10.936, 10.692, 11.665, 12.257, 11.056, 9.476, 8.417, 7.412, 6.481, 6.368, 6.322], [14.602, 15.119, 12.741, 11.847, 13.012, 14.148, 14.112, 13.815, 13.777, 13.997, 14.31, 13.616, 11.752, 9.497, 7.334, 6.285, 7.13, 7.29, 6.239, 4.452, 3.84, 4.248, 3.528, 3.629, 4.03, 4.009, 3.238, 2.639, 3.475, 4.47, 4.947, 4.671, 3.883, 3.518, 3.491, 3.601, 3.645, 2.587, 1.073, 1.044, 0.0, 1.271, 1.793, 3.253, 4.02, 4.013, 3.415, 2.224, 2.857, 2.986, 2.655, 2.859, 3.886, 4.905, 4.291, 3.04, 2.592, 2.926, 2.74, 2.752, 2.446, 3.763, 5.209, 5.456, 6.084, 6.994, 8.739, 9.956, 9.68, 9.614, 10.225, 11.094, 11.42, 10.868, 10.341, 10.088, 11.061, 11.667, 10.451, 8.875, 7.809, 6.812, 5.888, 5.786, 5.67], [14.655, 15.18, 12.805, 11.92, 13.039, 14.181, 14.143, 13.84, 13.827, 14.023, 14.339, 13.647, 11.782, 9.518, 7.376, 6.323, 7.161, 7.307, 6.268, 4.436, 3.785, 4.296, 3.353, 3.06, 3.194, 3.487, 2.66, 2.174, 3.0, 3.982, 4.584, 4.394, 3.607, 3.141, 2.966, 3.296, 3.283, 2.482, 1.347, 1.752, 1.271, 0.0, 1.306, 2.919, 3.708, 3.739, 3.153, 2.109, 2.817, 3.043, 2.631, 2.726, 3.608, 4.625, 3.975, 2.858, 2.422, 2.713, 2.58, 2.747, 2.183, 3.291, 4.674, 4.882, 5.52, 6.729, 8.711, 9.941, 9.634, 9.436, 10.147, 11.125, 11.457, 10.894, 10.371, 10.136, 11.109, 11.701, 10.477, 8.906, 7.887, 6.85, 5.908, 5.66, 5.566], [15.393, 15.913, 13.524, 12.662, 13.812, 14.948, 14.901, 14.614, 14.585, 14.778, 15.092, 14.395, 12.527, 10.254, 8.132, 7.079, 7.91, 8.063, 7.023, 5.19, 4.742, 5.145, 4.005, 3.278, 3.73, 4.135, 3.353, 2.179, 2.604, 3.611, 4.294, 4.044, 3.281, 2.762, 2.781, 3.89, 4.051, 3.268, 1.798, 1.967, 1.793, 1.306, 0.0, 1.857, 2.656, 2.725, 2.295, 1.652, 2.316, 2.538, 2.212, 2.246, 2.713, 3.654, 3.107, 2.203, 1.842, 2.271, 2.031, 2.285, 2.118, 3.299, 4.596, 5.393, 6.104, 7.496, 9.451, 10.724, 10.381, 10.203, 10.897, 11.874, 12.199, 11.648, 11.134, 10.892, 11.865, 12.456, 11.25, 9.707, 8.619, 7.611, 6.682, 6.436, 6.344], [16.924, 17.443, 15.055, 14.193, 15.343, 16.471, 16.425, 16.14, 16.115, 16.306, 16.615, 15.918, 14.05, 11.777, 9.655, 8.602, 9.433, 9.588, 8.553, 6.721, 6.347, 6.786, 5.62, 4.818, 5.261, 5.824, 5.039, 3.562, 2.655, 3.327, 3.928, 3.932, 3.36, 2.918, 4.141, 5.581, 5.746, 4.907, 3.418, 3.033, 3.253, 2.919, 1.857, 0.0, 1.154, 1.324, 1.63, 1.979, 2.14, 2.114, 2.034, 1.92, 1.586, 2.302, 1.91, 1.649, 1.787, 1.973, 1.631, 1.924, 2.932, 4.528, 5.943, 7.007, 7.703, 9.058, 11.031, 12.304, 11.915, 11.759, 12.47, 13.397, 13.722, 13.171, 12.657, 12.415, 13.388, 13.98, 12.774, 11.243, 10.153, 9.153, 8.244, 8.013, 7.931], [17.674, 18.202, 15.814, 14.952, 16.102, 17.239, 17.192, 16.904, 16.866, 17.069, 17.38, 16.686, 14.818, 12.545, 10.423, 9.369, 10.199, 10.345, 9.32, 7.482, 7.203, 7.48, 6.295, 5.527, 5.984, 6.666, 5.858, 4.387, 3.166, 3.589, 4.121, 4.111, 3.672, 3.61, 4.945, 6.402, 6.551, 5.717, 4.186, 3.79, 4.02, 3.708, 2.656, 1.154, 0.0, 1.074, 1.745, 2.596, 2.696, 2.713, 2.675, 2.37, 1.534, 1.913, 1.628, 1.87, 2.212, 2.179, 2.243, 2.563, 3.673, 5.297, 6.619, 7.727, 8.425, 9.825, 11.805, 13.05, 12.673, 12.508, 13.191, 14.166, 14.49, 13.936, 13.425, 13.182, 14.155, 14.747, 13.54, 12.013, 10.909, 9.902, 8.972, 8.725, 8.661], [17.306, 17.826, 15.441, 14.575, 15.725, 16.868, 16.821, 16.527, 16.498, 16.703, 17.012, 16.315, 14.466, 12.232, 10.052, 8.999, 9.83, 9.995, 8.97, 7.135, 7.14, 7.4, 6.11, 5.375, 5.906, 6.652, 5.939, 4.445, 3.171, 3.765, 4.414, 4.403, 3.818, 3.507, 4.995, 6.481, 6.647, 5.801, 4.314, 3.9, 4.013, 3.739, 2.725, 1.324, 1.074, 0.0, 1.267, 2.391, 2.375, 2.51, 2.395, 2.322, 1.937, 2.345, 2.141, 1.834, 2.221, 2.357, 2.253, 2.329, 3.402, 5.11, 6.603, 7.769, 8.378, 9.663, 11.594, 12.785, 12.391, 12.235, 12.891, 13.83, 14.125, 13.589, 13.058, 12.818, 13.784, 14.393, 13.198, 11.77, 10.633, 9.558, 8.668, 8.548, 8.435], [16.32, 16.829, 14.441, 13.579, 14.729, 15.866, 15.821, 15.53, 15.501, 15.722, 16.01, 15.314, 13.463, 11.222, 9.055, 8.002, 8.833, 8.991, 7.984, 6.182, 6.502, 6.648, 5.164, 4.736, 5.503, 6.133, 5.547, 4.137, 3.457, 4.384, 5.054, 5.028, 4.312, 3.835, 4.82, 6.086, 6.207, 5.481, 3.846, 3.27, 3.415, 3.153, 2.295, 1.63, 1.745, 1.267, 0.0, 1.509, 1.742, 1.793, 1.913, 1.982, 2.343, 3.167, 2.742, 1.659, 2.139, 2.335, 2.298, 1.674, 2.671, 4.465, 6.076, 7.26, 7.926, 9.039, 10.84, 11.914, 11.536, 11.286, 11.941, 12.83, 13.121, 12.567, 12.061, 11.832, 12.792, 13.378, 12.167, 10.754, 9.61, 8.572, 7.717, 7.586, 7.46], [15.34, 15.867, 13.489, 12.579, 13.674, 14.792, 14.762, 14.459, 14.494, 14.682, 14.969, 14.281, 12.422, 10.172, 7.993, 6.935, 7.796, 7.969, 6.898, 5.121, 5.291, 5.454, 4.07, 3.759, 4.415, 4.954, 4.478, 3.195, 3.37, 4.293, 5.104, 4.998, 4.238, 3.667, 4.183, 4.999, 5.065, 4.392, 2.643, 2.259, 2.224, 2.109, 1.652, 1.979, 2.596, 2.391, 1.509, 0.0, 1.026, 1.331, 1.328, 1.612, 2.694, 3.687, 3.08, 1.712, 1.99, 2.306, 1.878, 1.49, 1.759, 3.442, 5.352, 6.226, 6.773, 7.793, 9.659, 10.782, 10.388, 10.205, 10.862, 11.792, 12.098, 11.534, 10.994, 10.753, 11.719, 12.326, 11.105, 9.654, 8.613, 7.535, 6.577, 6.434, 6.403], [15.397, 15.91, 13.583, 12.656, 13.715, 14.77, 14.77, 14.468, 14.535, 14.724, 14.988, 14.275, 12.522, 10.324, 7.959, 6.899, 7.776, 8.033, 7.051, 5.365, 5.931, 6.038, 4.536, 4.381, 5.06, 5.637, 5.177, 3.857, 3.939, 4.658, 5.427, 5.4, 4.81, 4.229, 4.931, 5.698, 5.752, 5.075, 3.303, 2.753, 2.857, 2.817, 2.316, 2.14, 2.696, 2.375, 1.742, 1.026, 0.0, 0.949, 1.134, 1.435, 2.739, 3.852, 3.141, 1.777, 2.373, 2.542, 1.95, 1.476, 1.98, 4.09, 6.029, 6.937, 7.453, 8.41, 10.245, 11.276, 10.849, 10.543, 11.029, 11.847, 12.121, 11.573, 11.102, 10.849, 11.766, 12.404, 11.286, 9.918, 8.848, 7.824, 6.955, 6.894, 6.747], [15.43, 15.941, 13.648, 12.712, 13.746, 14.818, 14.835, 14.502, 14.566, 14.755, 15.019, 14.307, 12.578, 10.383, 8.031, 6.976, 7.819, 8.065, 7.116, 5.47, 6.111, 6.185, 4.706, 4.622, 5.327, 5.877, 5.443, 4.109, 3.912, 4.61, 5.315, 5.402, 4.794, 4.249, 5.059, 5.959, 6.002, 5.312, 3.442, 2.968, 2.986, 3.043, 2.538, 2.114, 2.713, 2.51, 1.793, 1.331, 0.949, 0.0, 0.993, 1.267, 2.509, 3.658, 3.019, 1.752, 2.36, 2.412, 1.91, 1.408, 2.141, 4.24, 6.181, 7.198, 7.738, 8.626, 10.412, 11.425, 11.049, 10.732, 11.241, 11.925, 12.17, 11.618, 11.147, 10.897, 11.8, 12.452, 11.352, 9.994, 8.923, 7.917, 7.074, 6.958, 6.9], [15.366, 15.883, 13.509, 12.604, 13.717, 14.853, 14.823, 14.52, 14.508, 14.724, 15.036, 14.356, 12.508, 10.302, 8.047, 7.013, 7.864, 8.043, 7.053, 5.297, 5.698, 5.79, 4.496, 4.103, 4.829, 5.439, 4.95, 3.554, 3.274, 4.008, 4.708, 4.722, 4.159, 3.622, 4.499, 5.459, 5.522, 4.876, 3.082, 2.634, 2.655, 2.631, 2.212, 2.034, 2.675, 2.395, 1.913, 1.328, 1.134, 0.993, 0.0, 0.996, 2.253, 3.465, 2.82, 1.342, 1.79, 1.882, 1.463, 1.238, 1.856, 3.714, 5.611, 6.645, 7.259, 8.201, 10.022, 11.111, 10.765, 10.528, 11.098, 11.879, 12.173, 11.628, 11.095, 10.83, 11.792, 12.409, 11.267, 9.86, 8.765, 7.724, 6.918, 6.819, 6.765], [15.709, 16.233, 13.893, 12.949, 14.057, 15.192, 15.183, 14.86, 14.858, 15.063, 15.366, 14.682, 12.849, 10.637, 8.4, 7.331, 8.205, 8.4, 7.364, 5.638, 5.952, 6.198, 4.766, 4.269, 4.937, 5.581, 5.065, 3.706, 3.219, 3.796, 4.502, 4.447, 4.076, 3.6, 4.592, 5.564, 5.686, 4.984, 3.22, 3.0, 2.859, 2.726, 2.246, 1.92, 2.37, 2.322, 1.982, 1.612, 1.435, 1.267, 0.996, 0.0, 1.798, 3.052, 2.467, 1.313, 1.794, 1.696, 1.41, 1.21, 2.015, 3.935, 5.698, 6.795, 7.348, 8.434, 10.336, 11.457, 10.993, 10.749, 11.35, 12.249, 12.518, 11.946, 11.392, 11.163, 12.124, 12.745, 11.586, 10.215, 9.124, 8.115, 7.245, 7.198, 7.034], [17.386, 17.913, 15.542, 14.632, 15.755, 16.891, 16.86, 16.558, 16.547, 16.754, 17.061, 16.379, 14.537, 12.289, 10.085, 9.027, 9.881, 10.06, 9.029, 7.186, 7.062, 7.463, 6.23, 5.431, 5.841, 6.526, 5.745, 4.247, 2.988, 3.341, 3.945, 3.818, 3.687, 3.595, 4.888, 6.264, 6.472, 5.638, 4.019, 3.761, 3.886, 3.608, 2.713, 1.586, 1.534, 1.937, 2.343, 2.694, 2.739, 2.509, 2.253, 1.798, 0.0, 1.445, 1.015, 1.552, 2.075, 1.89, 1.86, 2.288, 3.423, 5.117, 6.644, 7.739, 8.309, 9.647, 11.655, 12.867, 12.48, 12.318, 12.982, 13.899, 14.19, 13.644, 13.091, 12.845, 13.811, 14.424, 13.228, 11.822, 10.73, 9.652, 8.766, 8.639, 8.553], [18.631, 19.149, 16.755, 15.868, 17.033, 18.166, 18.133, 17.825, 17.799, 18.04, 18.326, 17.639, 15.789, 13.55, 11.349, 10.292, 11.154, 11.325, 10.271, 8.433, 8.047, 8.593, 7.393, 6.527, 6.979, 7.537, 6.453, 4.83, 3.199, 3.202, 3.672, 3.544, 3.704, 3.797, 5.383, 7.033, 7.212, 6.349, 4.81, 4.539, 4.905, 4.625, 3.654, 2.302, 1.913, 2.345, 3.167, 3.687, 3.852, 3.658, 3.465, 3.052, 1.445, 0.0, 1.063, 2.617, 3.111, 2.898, 2.936, 3.494, 4.602, 6.283, 7.747, 8.814, 9.444, 10.814, 12.804, 14.094, 13.67, 13.538, 14.224, 15.164, 15.455, 14.891, 14.369, 14.121, 15.077, 15.682, 14.483, 13.046, 11.9, 10.845, 9.928, 9.788, 9.739], [18.06, 18.581, 16.202, 15.291, 16.412, 17.547, 17.517, 17.215, 17.206, 17.418, 17.73, 17.036, 15.188, 12.932, 10.742, 9.684, 10.552, 10.729, 9.691, 7.815, 7.418, 8.021, 6.776, 5.84, 6.373, 6.946, 5.984, 4.39, 2.916, 3.283, 3.786, 3.687, 3.78, 3.663, 4.995, 6.513, 6.737, 5.873, 4.33, 4.054, 4.291, 3.975, 3.107, 1.91, 1.628, 2.141, 2.742, 3.08, 3.141, 3.019, 2.82, 2.467, 1.015, 1.063, 0.0, 1.872, 2.488, 2.252, 2.358, 2.834, 3.988, 5.676, 7.194, 8.197, 8.85, 10.222, 12.298, 13.533, 13.089, 12.953, 13.581, 14.527, 14.845, 14.297, 13.753, 13.51, 14.481, 15.089, 13.908, 12.472, 11.374, 10.278, 9.301, 9.178, 9.142], [16.29, 16.81, 14.431, 13.52, 14.615, 15.685, 15.655, 15.369, 15.435, 15.624, 15.888, 15.187, 13.375, 11.129, 8.893, 7.835, 8.704, 8.886, 7.879, 6.09, 6.083, 6.38, 5.06, 4.227, 5.034, 5.674, 5.105, 3.635, 2.501, 3.174, 3.898, 3.93, 3.354, 3.192, 4.414, 5.628, 5.789, 5.045, 3.412, 3.078, 3.04, 2.858, 2.203, 1.649, 1.87, 1.834, 1.659, 1.712, 1.777, 1.752, 1.342, 1.313, 1.552, 2.617, 1.872, 0.0, 1.15, 1.117, 1.422, 1.423, 2.242, 4.046, 5.736, 6.83, 7.408, 8.59, 10.625, 11.796, 11.363, 11.212, 11.771, 12.688, 12.999, 12.438, 11.952, 11.707, 12.66, 13.265, 12.106, 10.701, 9.63, 8.533, 7.544, 7.469, 7.413], [15.956, 16.482, 14.103, 13.193, 14.288, 15.398, 15.368, 15.066, 15.108, 15.297, 15.576, 14.89, 13.031, 10.752, 8.6, 7.543, 8.405, 8.564, 7.509, 5.745, 5.414, 5.738, 4.447, 3.682, 4.292, 4.989, 4.291, 2.79, 1.829, 2.529, 3.255, 3.217, 2.535, 2.189, 3.513, 4.735, 4.937, 4.147, 2.779, 2.965, 2.592, 2.422, 1.842, 1.787, 2.212, 2.221, 2.139, 1.99, 2.373, 2.36, 1.79, 1.794, 2.075, 3.111, 2.488, 1.15, 0.0, 1.039, 1.555, 1.916, 2.006, 3.543, 4.995, 6.066, 6.693, 8.023, 10.153, 11.342, 10.902, 10.738, 11.391, 12.368, 12.694, 12.142, 11.608, 11.369, 12.327, 12.933, 11.712, 10.212, 9.171, 8.139, 7.17, 6.983, 6.922], [16.106, 16.632, 14.257, 13.349, 14.46, 15.596, 15.566, 15.263, 15.264, 15.461, 15.768, 15.076, 13.217, 10.947, 8.792, 7.734, 8.591, 8.757, 7.708, 5.917, 5.623, 5.917, 4.607, 3.915, 4.47, 5.153, 4.444, 2.959, 2.007, 2.479, 3.069, 3.132, 2.616, 2.56, 3.806, 4.921, 5.103, 4.343, 3.084, 3.236, 2.926, 2.713, 2.271, 1.973, 2.179, 2.357, 2.335, 2.306, 2.542, 2.412, 1.882, 1.696, 1.89, 2.898, 2.252, 1.117, 1.039, 0.0, 1.357, 1.835, 2.172, 3.707, 5.121, 6.206, 6.887, 8.207, 10.314, 11.49, 11.075, 10.888, 11.592, 12.554, 12.88, 12.328, 11.796, 11.543, 12.518, 13.125, 11.909, 10.391, 9.322, 8.301, 7.369, 7.168, 7.061], [15.827, 16.35, 13.971, 13.061, 14.156, 15.292, 15.262, 14.959, 14.976, 15.165, 15.474, 14.784, 12.933, 10.68, 8.49, 7.432, 8.298, 8.467, 7.424, 5.613, 5.501, 5.864, 4.598, 3.828, 4.238, 5.015, 4.319, 2.796, 2.58, 3.255, 3.927, 3.971, 3.513, 2.898, 3.763, 4.85, 5.045, 4.186, 2.868, 2.931, 2.74, 2.58, 2.031, 1.631, 2.243, 2.253, 2.298, 1.878, 1.95, 1.91, 1.463, 1.41, 1.86, 2.936, 2.358, 1.422, 1.555, 1.357, 0.0, 1.422, 1.782, 3.581, 5.258, 6.212, 6.71, 8.021, 10.114, 11.307, 10.849, 10.708, 11.323, 12.277, 12.593, 12.045, 11.492, 11.255, 12.224, 12.835, 11.643, 10.203, 9.13, 8.043, 7.09, 6.992, 6.939], [15.294, 15.815, 13.435, 12.529, 13.62, 14.753, 14.722, 14.42, 14.44, 14.629, 14.936, 14.245, 12.416, 10.189, 7.951, 6.894, 7.768, 7.982, 7.005, 5.299, 5.668, 5.86, 4.451, 3.921, 4.746, 5.391, 4.901, 3.517, 3.186, 3.937, 4.64, 4.723, 4.07, 3.486, 4.297, 5.408, 5.473, 4.832, 3.269, 2.859, 2.752, 2.747, 2.285, 1.924, 2.563, 2.329, 1.674, 1.49, 1.476, 1.408, 1.238, 1.21, 2.288, 3.494, 2.834, 1.423, 1.916, 1.835, 1.422, 0.0, 1.831, 3.671, 5.472, 6.58, 7.156, 8.144, 10.005, 11.107, 10.651, 10.343, 10.907, 11.763, 12.057, 11.504, 10.963, 10.714, 11.687, 12.294, 11.115, 9.745, 8.693, 7.759, 6.874, 6.839, 6.674], [14.182, 14.705, 12.325, 11.415, 12.51, 13.626, 13.596, 13.293, 13.33, 13.519, 13.808, 13.121, 11.26, 8.999, 6.837, 5.771, 6.646, 6.807, 5.778, 4.143, 4.633, 4.705, 3.108, 2.831, 3.373, 3.995, 3.413, 2.133, 2.5, 3.334, 4.105, 3.93, 3.35, 2.635, 3.271, 3.919, 4.076, 3.546, 2.667, 3.012, 2.446, 2.183, 2.118, 2.932, 3.673, 3.402, 2.671, 1.759, 1.98, 2.141, 1.856, 2.015, 3.423, 4.602, 3.988, 2.242, 2.006, 2.172, 1.782, 1.831, 0.0, 2.544, 4.325, 5.214, 5.645, 6.809, 8.712, 9.771, 9.309, 9.063, 9.688, 10.61, 10.924, 10.368, 9.83, 9.595, 10.558, 11.165, 9.956, 8.502, 7.432, 6.394, 5.488, 5.362, 5.266], [12.498, 13.029, 10.655, 9.787, 10.863, 11.99, 11.955, 11.663, 11.659, 11.851, 12.157, 11.477, 9.619, 7.379, 5.289, 4.444, 5.144, 5.275, 4.379, 3.307, 3.631, 3.212, 2.007, 1.28, 1.633, 2.115, 1.95, 2.395, 3.439, 4.257, 4.616, 4.278, 3.59, 3.159, 2.217, 1.917, 2.209, 3.165, 3.773, 4.37, 3.763, 3.291, 3.299, 4.528, 5.297, 5.11, 4.465, 3.442, 4.09, 4.24, 3.714, 3.935, 5.117, 6.283, 5.676, 4.046, 3.543, 3.707, 3.581, 3.671, 2.544, 0.0, 2.132, 3.038, 3.7, 4.701, 6.713, 7.928, 7.52, 7.321, 8.014, 8.967, 9.273, 8.723, 8.185, 7.987, 8.944, 9.518, 8.308, 6.842, 5.823, 4.714, 3.739, 3.569, 3.548], [11.279, 11.785, 9.449, 8.596, 9.7, 10.817, 10.772, 10.494, 10.443, 10.646, 10.959, 10.281, 8.468, 6.29, 4.827, 4.987, 5.273, 5.26, 4.677, 4.404, 4.395, 3.68, 2.71, 2.116, 1.979, 2.084, 2.832, 3.724, 4.838, 5.663, 5.895, 5.492, 4.825, 4.531, 3.31, 2.333, 2.691, 4.032, 5.151, 5.757, 5.209, 4.674, 4.596, 5.943, 6.619, 6.603, 6.076, 5.352, 6.029, 6.181, 5.611, 5.698, 6.644, 7.747, 7.194, 5.736, 4.995, 5.121, 5.258, 5.472, 4.325, 2.132, 0.0, 1.421, 2.16, 3.524, 5.519, 6.698, 6.283, 6.071, 6.785, 7.756, 8.084, 7.522, 7.007, 6.845, 7.783, 8.368, 7.149, 5.717, 4.819, 3.812, 3.021, 2.981, 3.153], [10.276, 10.797, 8.495, 7.587, 8.695, 9.832, 9.791, 9.493, 9.462, 9.693, 9.994, 9.318, 7.513, 5.371, 4.667, 5.163, 5.332, 5.194, 4.866, 4.649, 4.41, 3.655, 3.053, 2.745, 2.437, 2.298, 3.096, 4.302, 5.806, 6.632, 6.819, 6.457, 5.775, 5.46, 3.974, 2.596, 2.766, 4.172, 5.342, 6.098, 5.456, 4.882, 5.393, 7.007, 7.727, 7.769, 7.26, 6.226, 6.937, 7.198, 6.645, 6.795, 7.739, 8.814, 8.197, 6.83, 6.066, 6.206, 6.212, 6.58, 5.214, 3.038, 1.421, 0.0, 1.269, 2.513, 4.432, 5.632, 5.262, 5.1, 5.801, 6.771, 7.102, 6.547, 6.022, 5.84, 6.816, 7.411, 6.215, 5.003, 4.335, 3.471, 2.844, 2.847, 3.098], [9.477, 9.999, 7.665, 6.746, 7.806, 8.934, 8.904, 8.601, 8.626, 8.814, 9.109, 8.427, 6.589, 4.517, 4.486, 4.948, 5.128, 4.982, 4.651, 4.497, 4.463, 3.69, 3.513, 3.435, 2.702, 2.475, 3.545, 5.174, 6.564, 7.313, 7.671, 7.326, 6.646, 6.292, 4.792, 3.185, 3.4, 4.441, 5.96, 6.781, 6.084, 5.52, 6.104, 7.703, 8.425, 8.378, 7.926, 6.773, 7.453, 7.738, 7.259, 7.348, 8.309, 9.444, 8.85, 7.408, 6.693, 6.887, 6.71, 7.156, 5.645, 3.7, 2.16, 1.269, 0.0, 1.621, 3.676, 4.865, 4.397, 4.253, 4.941, 5.9, 6.225, 5.673, 5.134, 4.939, 5.881, 6.5, 5.538, 4.625, 4.184, 3.35, 2.602, 2.611, 2.925], [7.977, 8.506, 6.141, 5.258, 6.33, 7.465, 7.429, 7.13, 7.139, 7.328, 7.632, 6.95, 5.106, 3.493, 3.869, 4.427, 4.692, 4.402, 4.181, 4.184, 4.038, 3.401, 4.333, 4.557, 4.029, 3.491, 4.86, 6.609, 7.955, 8.766, 9.094, 8.799, 8.116, 7.687, 6.187, 4.593, 4.599, 5.618, 7.078, 7.673, 6.994, 6.729, 7.496, 9.058, 9.825, 9.663, 9.039, 7.793, 8.41, 8.626, 8.201, 8.434, 9.647, 10.814, 10.222, 8.59, 8.023, 8.207, 8.021, 8.144, 6.809, 4.701, 3.524, 2.5