[[0.0, 3.76, 3.606, 2.117, 2.816, 3.125, 5.365, 4.913, 3.452, 3.554, 4.81, 5.175, 4.366, 3.707, 3.169, 3.158, 3.49, 4.018, 4.256, 4.241, 5.197, 5.01, 4.032, 3.162, 3.205, 3.419, 3.224, 2.909, 3.494, 4.201, 4.398, 4.916, 4.788, 4.453, 5.322, 5.422, 4.034, 3.982, 4.857, 5.191, 4.685, 3.6, 2.563, 2.347, 2.1, 2.186, 2.071, 2.541, 3.521, 4.324, 4.944, 4.916, 4.473, 4.535, 4.006, 2.672, 2.838, 2.774, 2.757, 3.395, 3.833, 3.457, 3.901, 5.014, 4.726, 2.676, 2.769, 4.668, 4.005, 3.756, 4.102, 3.219, 2.882, 2.804, 2.92, 2.91, 2.423, 2.42, 4.29, 5.833, 5.649, 4.435, 4.178, 4.801, 5.054], [3.76, 0.0, 1.048, 2.597, 4.045, 2.464, 2.314, 2.376, 2.246, 2.242, 2.195, 2.387, 2.346, 2.718, 2.796, 4.132, 5.195, 5.537, 5.295, 5.345, 5.942, 5.757, 4.699, 3.881, 3.708, 4.101, 3.667, 3.531, 4.475, 5.157, 5.73, 6.905, 7.556, 7.906, 8.868, 8.94, 7.087, 6.784, 7.838, 8.613, 7.665, 5.974, 5.354, 5.42, 5.074, 5.104, 5.314, 5.812, 6.905, 7.703, 8.38, 8.334, 7.941, 8.117, 7.591, 6.12, 5.106, 3.991, 3.167, 2.578, 2.62, 2.733, 2.33, 2.828, 2.574, 3.098, 6.171, 8.024, 7.458, 7.243, 7.68, 5.631, 3.377, 2.754, 2.583, 2.319, 2.378, 2.438, 2.273, 2.729, 2.469, 1.941, 1.936, 2.17, 1.931], [3.606, 1.048, 0.0, 2.364, 3.85, 2.164, 2.156, 1.928, 1.775, 1.828, 2.049, 2.118, 1.909, 2.194, 2.379, 3.929, 5.124, 5.424, 4.893, 4.763, 5.542, 5.552, 4.388, 3.326, 3.295, 3.687, 3.313, 3.306, 4.257, 5.005, 5.546, 6.788, 7.376, 7.718, 8.721, 8.811, 7.027, 6.717, 7.752, 8.51, 7.65, 6.122, 5.401, 5.335, 5.037, 5.002, 5.21, 5.736, 6.761, 7.544, 8.196, 8.194, 7.863, 8.012, 7.485, 6.016, 4.985, 3.918, 3.116, 2.539, 2.325, 2.457, 1.995, 2.554, 2.269, 3.037, 6.01, 7.894, 7.285, 7.055, 7.492, 5.442, 3.09, 2.375, 2.256, 2.136, 2.255, 2.453, 2.684, 3.012, 2.827, 2.059, 1.885, 2.029, 2.102], [2.117, 2.597, 2.364, 0.0, 1.682, 1.827, 4.094, 3.694, 2.147, 2.386, 3.664, 4.05, 3.09, 2.36, 1.729, 2.321, 3.166, 3.469, 3.468, 3.534, 4.305, 4.272, 3.17, 2.499, 2.434, 2.392, 2.014, 1.743, 2.343, 3.093, 3.601, 4.693, 5.072, 5.669, 6.647, 6.876, 5.489, 5.569, 6.4, 6.701, 6.334, 5.169, 4.244, 3.979, 3.544, 3.269, 3.063, 3.504, 4.547, 5.33, 6.026, 6.007, 5.536, 5.739, 5.255, 3.768, 2.951, 2.127, 2.036, 1.987, 2.147, 2.081, 2.569, 3.82, 3.388, 1.907, 4.187, 6.07, 5.398, 5.154, 5.355, 3.426, 1.986, 1.672, 1.611, 1.606, 1.258, 2.003, 3.396, 4.616, 4.54, 3.375, 2.937, 3.577, 3.825], [2.816, 4.045, 3.85, 1.682, 0.0, 2.603, 5.019, 4.799, 3.295, 3.479, 4.702, 5.23, 4.342, 3.33, 2.468, 2.416, 2.76, 2.806, 2.966, 3.241, 3.954, 4.034, 3.108, 2.895, 2.8, 2.656, 2.274, 1.869, 2.009, 2.484, 2.961, 4.112, 3.806, 4.631, 5.68, 5.986, 5.397, 5.294, 6.082, 6.372, 5.926, 5.079, 4.158, 3.772, 3.353, 3.155, 2.848, 3.097, 3.666, 4.321, 5.08, 5.069, 4.561, 4.396, 4.09, 2.721, 2.158, 1.836, 2.157, 2.596, 2.687, 2.802, 3.466, 4.721, 4.322, 2.209, 3.539, 5.087, 4.467, 4.445, 4.309, 2.732, 2.15, 2.11, 2.267, 2.34, 2.022, 2.604, 4.227, 5.67, 5.74, 4.466, 4.064, 4.696, 5.023], [3.125, 2.464, 2.164, 1.827, 2.603, 0.0, 2.66, 2.556, 2.08, 1.967, 2.512, 3.073, 2.586, 2.228, 2.297, 3.85, 4.742, 4.594, 4.2, 4.06, 4.535, 4.454, 3.564, 2.649, 2.608, 3.125, 2.74, 2.25, 2.697, 3.756, 4.467, 5.322, 5.86, 6.274, 7.101, 7.17, 5.388, 5.143, 6.078, 6.803, 6.292, 4.91, 4.078, 4.135, 3.698, 3.334, 3.894, 4.915, 6.026, 6.771, 7.535, 7.424, 6.785, 6.332, 5.668, 4.28, 3.604, 3.15, 2.866, 2.616, 2.017, 1.502, 1.667, 2.606, 2.214, 1.824, 4.279, 6.073, 5.455, 5.339, 5.776, 3.827, 2.065, 1.493, 1.333, 1.208, 1.537, 1.921, 2.9, 3.724, 3.914, 3.193, 2.349, 2.734, 3.077], [5.365, 2.314, 2.156, 4.094, 5.019, 2.66, 0.0, 1.174, 2.513, 2.412, 1.695, 1.852, 2.502, 2.886, 3.596, 5.792, 6.935, 6.738, 6.005, 5.725, 6.385, 6.457, 5.639, 4.593, 4.558, 4.983, 4.688, 4.504, 5.181, 6.242, 6.939, 7.88, 8.292, 8.725, 9.59, 9.692, 7.737, 7.19, 8.321, 9.345, 8.425, 6.432, 5.92, 6.58, 6.21, 5.943, 6.46, 7.49, 8.573, 9.291, 10.081, 10.062, 9.42, 8.922, 8.262, 6.857, 6.045, 5.343, 4.719, 3.916, 3.01, 2.861, 2.255, 2.168, 1.968, 3.481, 6.623, 8.288, 7.79, 7.712, 8.172, 6.18, 4.147, 3.26, 2.989, 2.896, 3.309, 3.154, 2.266, 2.318, 2.479, 2.273, 2.119, 2.057, 2.159], [4.913, 2.376, 1.928, 3.694, 4.799, 2.556, 1.174, 0.0, 1.818, 1.703, 1.369, 1.197, 1.777, 2.26, 3.002, 5.343, 6.47, 6.365, 5.675, 5.31, 6.084, 6.157, 5.319, 4.147, 4.174, 4.59, 4.286, 4.151, 4.974, 5.905, 6.592, 7.578, 8.1, 8.486, 9.403, 9.501, 7.547, 7.184, 8.197, 9.103, 8.16, 6.593, 5.909, 6.281, 5.918, 5.681, 6.103, 7.129, 8.212, 8.931, 9.721, 9.702, 9.073, 8.763, 8.148, 6.758, 5.84, 4.98, 4.266, 3.408, 2.576, 2.558, 1.991, 1.964, 1.763, 3.473, 6.509, 8.378, 7.781, 7.61, 8.07, 6.014, 3.883, 2.954, 2.775, 2.734, 3.086, 3.192, 2.887, 2.733, 2.679, 2.282, 1.962, 2.015, 2.146], [3.452, 2.246, 1.775, 2.147, 3.295, 2.08, 2.513, 1.818, 0.0, 0.859, 1.936, 2.094, 1.555, 1.63, 2.034, 3.744, 4.85, 4.794, 4.184, 4.134, 4.867, 4.934, 3.962, 2.961, 3.008, 3.235, 2.904, 2.702, 3.666, 4.654, 5.245, 6.177, 6.669, 6.986, 8.008, 8.141, 6.563, 6.465, 7.323, 7.887, 7.389, 5.973, 5.32, 5.215, 4.764, 4.384, 4.579, 5.566, 6.649, 7.369, 8.157, 8.135, 7.496, 7.338, 6.789, 5.378, 4.395, 3.452, 3.081, 2.635, 2.077, 1.917, 1.92, 2.326, 1.978, 2.309, 5.289, 7.213, 6.547, 6.304, 6.736, 4.694, 2.692, 2.122, 1.89, 1.716, 1.825, 2.422, 3.171, 3.455, 3.466, 2.605, 2.263, 2.649, 2.863], [3.554, 2.242, 1.828, 2.386, 3.479, 1.967, 2.412, 1.703, 0.859, 0.0, 1.622, 2.005, 1.58, 1.694, 1.948, 3.862, 4.993, 4.889, 4.244, 4.093, 4.758, 4.856, 4.038, 2.88, 2.891, 3.277, 2.922, 2.686, 3.625, 4.684, 5.301, 6.191, 6.713, 7.085, 8.056, 8.141, 6.335, 6.101, 7.032, 7.779, 7.048, 5.589, 4.947, 5.019, 4.626, 4.471, 4.795, 5.694, 6.775, 7.496, 8.281, 8.248, 7.632, 7.402, 6.811, 5.414, 4.529, 3.632, 3.352, 2.971, 2.401, 1.866, 1.758, 2.085, 1.97, 2.382, 5.193, 7.099, 6.476, 6.264, 6.73, 4.689, 2.606, 2.069, 1.897, 1.701, 2.219, 2.661, 3.147, 3.359, 3.35, 2.63, 2.295, 2.596, 2.83], [4.81, 2.195, 2.049, 3.664, 4.702, 2.512, 1.695, 1.369, 1.936, 1.622, 0.0, 1.111, 1.49, 1.989, 2.844, 5.221, 6.366, 6.209, 5.499, 5.209, 5.908, 6.069, 5.169, 4.09, 4.124, 4.528, 4.227, 4.029, 4.827, 5.826, 6.527, 7.485, 8.019, 8.409, 9.311, 9.393, 7.458, 7.008, 8.127, 9.034, 8.146, 6.432, 5.908, 6.233, 5.827, 5.587, 6.071, 7.084, 8.177, 8.901, 9.674, 9.641, 9.03, 8.659, 8.03, 6.643, 5.765, 4.952, 4.212, 3.505, 2.577, 2.335, 1.579, 1.66, 1.657, 3.333, 6.402, 8.204, 7.625, 7.512, 7.971, 5.928, 3.753, 2.793, 2.645, 2.659, 3.098, 3.339, 3.226, 2.969, 2.876, 2.6, 2.396, 2.242, 2.25], [5.175, 2.387, 2.118, 4.05, 5.23, 3.073, 1.852, 1.197, 2.094, 2.005, 1.111, 0.0, 1.578, 2.306, 3.256, 5.591, 6.743, 6.651, 6.024, 5.741, 6.534, 6.652, 5.66, 4.505, 4.537, 4.922, 4.648, 4.494, 5.427, 6.3, 6.928, 7.997, 8.607, 8.954, 9.892, 10.007, 7.955, 7.604, 8.689, 9.604, 8.573, 6.898, 6.307, 6.604, 6.303, 6.168, 6.478, 7.495, 8.568, 9.31, 10.062, 10.029, 9.425, 9.252, 8.662, 7.245, 6.264, 5.363, 4.53, 3.574, 2.757, 2.932, 2.061, 1.948, 1.829, 3.911, 7.043, 8.826, 8.285, 8.158, 8.624, 6.551, 4.31, 3.393, 3.286, 3.19, 3.526, 3.624, 3.405, 3.01, 2.619, 2.583, 2.291, 2.113, 2.147], [4.366, 2.346, 1.909, 3.09, 4.342, 2.586, 2.502, 1.777, 1.555, 1.58, 1.49, 1.578, 0.0, 1.241, 2.378, 4.626, 5.782, 5.745, 5.108, 4.898, 5.744, 5.866, 4.744, 3.636, 3.704, 4.016, 3.659, 3.633, 4.592, 5.398, 6.017, 7.136, 7.734, 8.068, 9.071, 9.19, 7.466, 7.407, 8.31, 8.864, 8.281, 6.903, 6.169, 6.102, 5.719, 5.407, 5.62, 6.544, 7.599, 8.353, 9.077, 9.044, 8.49, 8.382, 7.847, 6.406, 5.385, 4.418, 3.602, 2.915, 2.277, 2.369, 1.906, 2.23, 1.76, 3.267, 6.328, 8.22, 7.583, 7.378, 7.826, 5.764, 3.433, 2.585, 2.527, 2.487, 2.77, 3.346, 3.901, 3.843, 3.663, 3.005, 2.562, 2.684, 2.766], [3.707, 2.718, 2.194, 2.36, 3.33, 2.228, 2.886, 2.26, 1.63, 1.694, 1.989, 2.306, 1.241, 0.0, 1.496, 3.594, 4.748, 4.717, 4.11, 3.894, 4.694, 4.827, 3.764, 2.739, 2.827, 2.971, 2.673, 2.575, 3.55, 4.366, 4.985, 6.102, 6.7, 7.028, 8.025, 8.208, 6.782, 6.838, 7.661, 8.1, 7.579, 6.391, 5.573, 5.356, 4.895, 4.571, 4.599, 5.522, 6.568, 7.309, 8.057, 8.024, 7.419, 7.352, 6.794, 5.371, 4.589, 3.703, 3.289, 2.979, 2.368, 2.302, 2.25, 2.692, 2.218, 2.806, 5.408, 7.246, 6.605, 6.426, 6.763, 4.713, 2.564, 1.721, 1.701, 1.96, 2.422, 3.15, 4.222, 4.448, 4.309, 3.591, 3.158, 3.3, 3.457], [3.169, 2.796, 2.379, 1.729, 2.468, 2.297, 3.596, 3.002, 2.034, 1.948, 2.844, 3.256, 2.378, 1.496, 0.0, 2.421, 3.618, 3.662, 3.222, 3.049, 3.821, 4.121, 3.075, 2.321, 2.323, 2.228, 1.829, 1.835, 2.609, 3.275, 3.884, 5.251, 5.684, 6.343, 7.342, 7.571, 6.306, 6.363, 7.184, 7.419, 7.122, 5.974, 5.069, 4.871, 4.354, 4.225, 3.96, 4.352, 5.402, 6.152, 6.894, 6.851, 6.288, 6.331, 5.874, 4.586, 3.864, 3.041, 2.806, 2.611, 2.279, 2.166, 2.526, 3.249, 2.797, 2.876, 4.921, 6.777, 6.107, 5.853, 6.006, 4.066, 1.944, 1.396, 1.688, 1.979, 2.079, 3.139, 4.314, 4.65, 4.485, 3.63, 3.265, 3.557, 3.652], [3.158, 4.132, 3.929, 2.321, 2.416, 3.85, 5.792, 5.343, 3.744, 3.862, 5.221, 5.591, 4.626, 3.594, 2.421, 0.0, 1.537, 2.327, 2.298, 2.555, 3.314, 3.525, 2.82, 2.527, 2.533, 2.276, 2.186, 2.173, 2.432, 2.833, 3.046, 4.101, 4.182, 5.213, 6.43, 6.685, 5.652, 5.743, 6.53, 6.711, 6.315, 5.476, 4.653, 4.003, 3.797, 4.063, 3.524, 3.182, 3.576, 4.023, 4.571, 4.588, 4.484, 4.922, 4.563, 3.899, 3.457, 3.272, 3.583, 3.735, 4.055, 3.969, 4.579, 5.445, 4.973, 3.479, 4.15, 5.762, 5.118, 5.091, 4.839, 3.045, 2.465, 2.94, 3.087, 3.309, 3.205, 3.846, 5.345, 6.324, 6.199, 5.011, 4.867, 5.387, 5.495], [3.49, 5.195, 5.124, 3.166, 2.76, 4.742, 6.935, 6.47, 4.85, 4.993, 6.366, 6.743, 5.782, 4.748, 3.618, 1.537, 0.0, 1.448, 2.073, 2.151, 2.995, 3.092, 2.517, 2.91, 3.272, 2.867, 2.979, 2.863, 2.42, 2.202, 2.276, 3.051, 2.892, 3.937, 5.2, 5.49, 4.965, 5.054, 5.619, 5.702, 5.242, 5.398, 4.612, 3.694, 3.834, 4.382, 3.899, 3.328, 3.229, 3.449, 3.811, 3.553, 3.393, 4.349, 3.969, 3.89, 3.778, 3.622, 4.118, 4.355, 4.823, 4.905, 5.471, 6.566, 6.086, 3.98, 3.545, 4.479, 3.935, 3.975, 3.576, 2.298, 3.015, 3.778, 4.007, 4.19, 3.835, 4.371, 6.006, 7.414, 7.239, 6.021, 5.826, 6.403, 6.639], [4.018, 5.537, 5.424, 3.469, 2.806, 4.594, 6.738, 6.365, 4.794, 4.889, 6.209, 6.651, 5.745, 4.717, 3.662, 2.327, 1.448, 0.0, 1.089, 1.527, 1.948, 2.086, 1.77, 2.909, 3.334, 2.984, 3.018, 2.871, 2.18, 1.85, 1.957, 2.361, 2.254, 3.187, 4.632, 5.174, 5.202, 5.262, 5.57, 5.571, 5.52, 5.639, 5.068, 4.197, 4.259, 4.62, 4.225, 4.315, 4.176, 4.388, 4.726, 4.061, 3.553, 4.389, 4.072, 4.067, 3.945, 3.916, 4.548, 4.63, 4.601, 4.706, 5.317, 6.283, 5.832, 3.892, 3.69, 3.993, 3.872, 4.046, 3.134, 1.994, 2.817, 3.569, 3.8, 3.958, 3.745, 4.437, 5.986, 7.315, 7.188, 6.09, 5.864, 6.387, 6.64], [4.256, 5.295, 4.893, 3.468, 2.966, 4.2, 6.005, 5.675, 4.184, 4.244, 5.499, 6.024, 5.108, 4.11, 3.222, 2.298, 2.073, 1.089, 0.0, 1.116, 1.492, 1.859, 1.364, 2.418, 2.804, 2.474, 2.501, 2.446, 1.911, 2.012, 2.269, 2.633, 2.744, 3.589, 4.952, 5.599, 5.655, 5.572, 5.933, 6.033, 5.956, 5.899, 5.28, 4.507, 4.52, 4.734, 4.394, 4.696, 4.635, 4.892, 5.364, 4.78, 4.225, 4.761, 4.303, 4.097, 4.103, 4.163, 4.748, 4.695, 4.337, 4.138, 4.779, 5.496, 5.085, 3.834, 3.809, 4.335, 4.201, 4.336, 3.459, 1.995, 2.507, 3.167, 3.301, 3.5, 3.643, 4.506, 5.951, 6.736, 6.72, 5.819, 5.518, 5.905, 6.134], [4.241, 5.345, 4.763, 3.534, 3.241, 4.06, 5.725, 5.31, 4.134, 4.093, 5.209, 5.741, 4.898, 3.894, 3.049, 2.555, 2.151, 1.527, 1.116, 0.0, 1.492, 1.771, 1.39, 2.089, 2.642, 2.441, 2.608, 2.5, 1.877, 1.933, 2.156, 2.586, 2.978, 3.68, 4.798, 5.325, 5.318, 5.359, 5.816, 5.772, 5.647, 5.723, 5.064, 4.208, 4.313, 4.736, 4.398, 4.719, 4.702, 4.937, 5.249, 4.702, 4.167, 4.693, 4.297, 4.243, 4.488, 4.362, 4.825, 4.725, 4.36, 4.084, 4.693, 5.44, 5.033, 4.094, 3.752, 4.184, 4.127, 4.218, 3.493, 2.091, 2.741, 3.123, 3.448, 3.765, 3.839, 4.579, 5.98, 6.775, 6.761, 5.825, 5.525, 5.785, 6.074], [5.197, 5.942, 5.542, 4.305, 3.954, 4.535, 6.385, 6.084, 4.867, 4.758, 5.908, 6.534, 5.744, 4.694, 3.821, 3.314, 2.995, 1.948, 1.492, 1.492, 0.0, 0.826, 1.609, 2.661, 3.064, 2.891, 2.971, 2.927, 2.462, 2.195, 2.041, 1.998, 2.492, 3.223, 4.929, 5.988, 6.091, 6.096, 6.44, 6.315, 6.456, 6.559, 5.976, 5.037, 5.078, 5.41, 5.209, 5.704, 5.628, 5.782, 5.925, 5.31, 4.545, 5.096, 4.725, 4.786, 4.881, 4.901, 5.415, 5.321, 5.085, 4.629, 5.265, 6.013, 5.619, 4.625, 4.562, 4.648, 4.786, 4.944, 4.025, 2.676, 3.347, 3.709, 3.919, 4.261, 4.44, 5.107, 6.554, 7.275, 7.332, 6.489, 6.103, 6.395, 6.56], [5.01, 5.757, 5.552, 4.272, 4.034, 4.454, 6.457, 6.157, 4.934, 4.856, 6.069, 6.652, 5.866, 4.827, 4.121, 3.525, 3.092, 2.086, 1.859, 1.771, 0.826, 0.0, 1.629, 2.814, 3.198, 3.087, 3.246, 3.017, 2.557, 2.226, 2.088, 1.855, 2.448, 2.84, 4.698, 5.702, 5.738, 5.774, 6.121, 6.021, 6.118, 6.272, 5.649, 4.752, 4.866, 5.164, 5.122, 5.684, 5.68, 5.857, 5.993, 5.349, 4.616, 5.162, 4.86, 4.865, 5.181, 5.01, 5.419, 5.268, 5.183, 4.676, 5.379, 6.081, 5.705, 4.419, 4.246, 4.316, 4.452, 4.619, 3.943, 2.457, 3.299, 3.726, 3.812, 4.075, 4.367, 4.914, 6.302, 7.164, 7.198, 6.292, 5.991, 6.359, 6.527], [4.032, 4.699, 4.388, 3.17, 3.108, 3.564, 5.639, 5.319, 3.962, 4.038, 5.169, 5.66, 4.744, 3.764, 3.075, 2.82, 2.517, 1.77, 1.364, 1.39, 1.609, 1.629, 0.0, 1.711, 2.125, 2.038, 2.225, 2.093, 1.603, 1.631, 1.965, 2.696, 3.269, 3.662, 4.783, 5.372, 5.269, 5.39, 5.838, 5.774, 5.645, 5.722, 4.986, 3.965, 4.072, 4.382, 4.313, 4.806, 4.969, 5.259, 5.553, 4.824, 4.375, 5.127, 4.623, 4.378, 4.504, 4.089, 4.315, 4.026, 4.062, 3.731, 4.299, 5.29, 4.863, 3.704, 3.769, 4.156, 4.202, 4.288, 3.863, 2.197, 2.291, 2.835, 2.987, 3.295, 3.424, 3.977, 5.543, 6.314, 6.415, 5.504, 4.964, 5.443, 5.586], [3.162, 3.881, 3.326, 2.499, 2.895, 2.649, 4.593, 4.147, 2.961, 2.88, 4.09, 4.505, 3.636, 2.739, 2.321, 2.527, 2.91, 2.909, 2.418, 2.089, 2.661, 2.814, 1.711, 0.0, 1.034, 1.263, 1.524, 1.526, 1.644, 2.679, 2.962, 3.943, 4.668, 5.008, 5.893, 6.04, 5.108, 5.221, 5.871, 5.985, 5.508, 5.129, 4.115, 3.331, 3.305, 3.624, 3.721, 4.169, 4.741, 5.329, 5.873, 5.71, 5.266, 5.378, 4.695, 4.146, 4.202, 3.678, 3.547, 3.477, 3.432, 2.892, 3.414, 4.309, 3.867, 3.054, 3.451, 5.169, 4.541, 4.384, 4.693, 2.657, 1.702, 2.099, 2.327, 2.55, 2.868, 3.237, 4.722, 5.462, 5.502, 4.676, 4.067, 4.425, 4.67], [3.205, 3.708, 3.295, 2.434, 2.8, 2.608, 4.558, 4.174, 3.008, 2.891, 4.124, 4.537, 3.704, 2.827, 2.323, 2.533, 3.272, 3.334, 2.804, 2.642, 3.064, 3.198, 2.125, 1.034, 0.0, 1.096, 1.327, 1.556, 2.093, 2.963, 3.251, 4.315, 5.035, 5.357, 6.257, 6.413, 5.338, 5.423, 6.164, 6.39, 5.732, 5.208, 4.046, 3.383, 3.201, 3.6, 3.721, 4.191, 4.806, 5.545, 6.104, 5.874, 5.54, 5.506, 4.914, 4.09, 4.132, 3.539, 3.383, 3.321, 3.537, 3.068, 3.487, 4.283, 3.901, 3.015, 3.778, 5.512, 4.931, 4.789, 5.065, 3.023, 1.855, 2.217, 2.339, 2.504, 2.9, 3.322, 4.634, 5.28, 5.382, 4.458, 3.928, 4.345, 4.457], [3.419, 4.101, 3.687, 2.392, 2.656, 3.125, 4.983, 4.59, 3.235, 3.277, 4.528, 4.922, 4.016, 2.971, 2.228, 2.276, 2.867, 2.984, 2.474, 2.441, 2.891, 3.087, 2.038, 1.263, 1.096, 0.0, 1.006, 1.284, 1.793, 2.562, 2.921, 4.035, 4.72, 5.202, 6.286, 6.546, 5.797, 5.911, 6.611, 6.695, 6.207, 5.83, 4.726, 3.91, 3.828, 4.075, 3.615, 4.016, 4.513, 5.202, 5.756, 5.526, 5.203, 5.383, 4.744, 3.962, 3.842, 3.25, 3.226, 3.286, 3.605, 3.314, 3.833, 4.694, 4.337, 3.368, 4.053, 5.641, 5.0, 4.963, 4.853, 2.887, 2.18, 2.446, 2.618, 2.91, 3.032, 3.641, 5.094, 5.81, 5.869, 4.84, 4.402, 4.813, 4.962], [3.224, 3.667, 3.313, 2.014, 2.274, 2.74, 4.688, 4.286, 2.904, 2.922, 4.227, 4.648, 3.659, 2.673, 1.829, 2.186, 2.979, 3.018, 2.501, 2.608, 2.971, 3.246, 2.225, 1.524, 1.327, 1.006, 0.0, 0.934, 1.913, 2.499, 3.03, 4.148, 4.803, 5.41, 6.596, 6.886, 6.032, 6.148, 6.895, 7.004, 6.557, 5.93, 4.799, 4.188, 3.912, 3.992, 3.519, 3.946, 4.568, 5.319, 5.876, 5.715, 5.301, 5.279, 4.735, 3.694, 3.333, 2.73, 2.845, 2.79, 3.15, 2.898, 3.46, 4.368, 3.974, 2.992, 4.365, 5.908, 5.292, 5.309, 5.107, 3.083, 1.993, 2.036, 2.178, 2.468, 2.552, 3.258, 4.714, 5.405, 5.529, 4.449, 3.95, 4.452, 4.523], [2.909, 3.531, 3.306, 1.743, 1.869, 2.25, 4.504, 4.151, 2.702, 2.686, 4.029, 4.494, 3.633, 2.575, 1.835, 2.173, 2.863, 2.871, 2.446, 2.5, 2.927, 3.017, 2.093, 1.526, 1.556, 1.284, 0.934, 0.0, 1.44, 2.332, 2.946, 3.772, 4.465, 4.949, 6.005, 6.252, 5.39, 5.488, 6.239, 6.395, 5.946, 5.286, 4.174, 3.665, 3.387, 3.404, 3.087, 3.641, 4.376, 5.137, 5.815, 5.678, 5.101, 4.953, 4.331, 3.336, 3.066, 2.448, 2.729, 2.704, 2.858, 2.409, 3.064, 4.183, 3.741, 2.411, 3.727, 5.287, 4.651, 4.671, 4.575, 2.593, 1.677, 1.665, 1.783, 2.024, 2.159, 2.756, 4.09, 5.07, 5.151, 4.171, 3.591, 4.1, 4.373], [3.494, 4.475, 4.257, 2.343, 2.009, 2.697, 5.181, 4.974, 3.666, 3.625, 4.827, 5.427, 4.592, 3.55, 2.609, 2.432, 2.42, 2.18, 1.911, 1.877, 2.462, 2.557, 1.603, 1.644, 2.093, 1.793, 1.913, 1.44, 0.0, 1.496, 2.129, 3.039, 3.488, 4.144, 5.082, 5.308, 4.848, 4.859, 5.516, 5.672, 5.267, 5.011, 4.174, 3.413, 3.417, 3.464, 3.31, 3.764, 4.175, 4.626, 5.167, 4.957, 4.371, 4.458, 3.797, 3.33, 3.411, 3.025, 3.301, 3.37, 3.204, 2.842, 3.642, 4.878, 4.432, 2.834, 3.111, 4.373, 3.84, 3.806, 3.663, 1.918, 1.707, 2.22, 2.434, 2.723, 2.669, 3.297, 4.803, 5.932, 6.089, 5.076, 4.389, 4.942, 5.306], [4.201, 5.157, 5.005, 3.093, 2.484, 3.756, 6.242, 5.905, 4.654, 4.684, 5.826, 6.3, 5.398, 4.366, 3.275, 2.833, 2.202, 1.85, 2.012, 1.933, 2.195, 2.226, 1.631, 2.679, 2.963, 2.562, 2.499, 2.332, 1.496, 0.0, 1.035, 2.356, 2.647, 3.612, 4.866, 5.455, 5.31, 5.421, 5.935, 5.857, 5.61, 5.747, 5.001, 4.022, 4.102, 4.355, 3.949, 4.14, 4.176, 4.423, 4.566, 4.191, 3.503, 4.316, 4.082, 3.786, 3.722, 3.277, 3.59, 3.609, 3.963, 3.932, 4.654, 5.932, 5.526, 3.94, 3.895, 4.37, 4.227, 4.323, 3.692, 2.05, 2.55, 3.15, 3.498, 3.714, 3.479, 4.17, 5.768, 6.849, 6.863, 5.841, 5.218, 5.828, 6.121], [4.398, 5.73, 5.546, 3.601, 2.961, 4.467, 6.939, 6.592, 5.245, 5.301, 6.527, 6.928, 6.017, 4.985, 3.884, 3.046, 2.276, 1.957, 2.269, 2.156, 2.041, 2.088, 1.965, 2.962, 3.251, 2.921, 3.03, 2.946, 2.129, 1.035, 0.0, 1.827, 2.12, 3.306, 4.709, 5.498, 5.296, 5.458, 5.962, 5.886, 5.593, 5.89, 5.201, 4.168, 4.332, 4.707, 4.27, 4.34, 4.239, 4.391, 4.334, 3.978, 3.174, 4.027, 4.046, 4.058, 3.924, 3.731, 4.075, 4.2, 4.653, 4.639, 5.351, 6.648, 6.238, 4.441, 4.085, 4.351, 4.234, 4.368, 3.677, 2.293, 3.174, 3.857, 4.155, 4.387, 3.981, 4.697, 6.36, 7.51, 7.513, 6.466, 5.874, 6.495, 6.778], [4.916, 6.905, 6.788, 4.693, 4.112, 5.322, 7.88, 7.578, 6.177, 6.191, 7.485, 7.997, 7.136, 6.102, 5.251, 4.101, 3.051, 2.361, 2.633, 2.586, 1.998, 1.855, 2.696, 3.943, 4.315, 4.035, 4.148, 3.772, 3.039, 2.356, 1.827, 0.0, 1.297, 2.343, 3.84, 4.795, 4.926, 5.208, 5.32, 5.079, 5.333, 5.847, 5.196, 4.325, 4.587, 5.059, 4.767, 5.102, 4.746, 4.773, 4.796, 4.002, 3.402, 3.982, 3.874, 4.391, 4.655, 4.75, 5.275, 5.613, 5.859, 5.509, 6.298, 7.59, 7.173, 5.024, 4.014, 3.655, 3.82, 4.125, 3.126, 2.636, 4.233, 4.864, 5.067, 5.255, 4.96, 5.419, 7.109, 8.493, 8.5, 7.452, 6.871, 7.511, 7.837], [4.788, 7.556, 7.376, 5.072, 3.806, 5.86, 8.292, 8.1, 6.669, 6.713, 8.019, 8.607, 7.734, 6.7, 5.684, 4.182, 2.892, 2.254, 2.744, 2.978, 2.492, 2.448, 3.269, 4.668, 5.035, 4.72, 4.803, 4.465, 3.488, 2.647, 2.12, 1.297, 0.0, 1.893, 3.496, 4.559, 4.648, 4.726, 4.857, 4.955, 5.028, 5.444, 4.983, 4.217, 4.415, 4.823, 4.534, 4.624, 4.258, 4.257, 4.217, 3.507, 2.866, 3.272, 3.37, 3.868, 4.02, 4.514, 5.194, 5.961, 6.081, 5.981, 6.715, 7.881, 7.483, 5.087, 3.517, 3.168, 3.28, 3.524, 2.596, 2.384, 4.483, 5.334, 5.415, 5.531, 5.23, 5.554, 7.407, 9.002, 9.041, 7.861, 7.49, 8.103, 8.481], [4.453, 7.906, 7.718, 5.669, 4.631, 6.274, 8.725, 8.486, 6.986, 7.085, 8.409, 8.954, 8.068, 7.028, 6.343, 5.213, 3.937, 3.187, 3.589, 3.68, 3.223, 2.84, 3.662, 5.008, 5.357, 5.202, 5.41, 4.949, 4.144, 3.612, 3.306, 2.343, 1.893, 0.0, 2.379, 3.524, 3.634, 3.63, 3.896, 3.919, 3.969, 4.219, 3.843, 3.218, 3.476, 3.842, 3.56, 3.896, 3.696, 3.84, 3.925, 3.205, 2.709, 3.238, 2.962, 3.358, 4.18, 4.79, 5.758, 6.544, 6.536, 6.382, 7.144, 8.307, 7.938, 5.538, 2.624, 2.244, 2.207, 2.481, 1.76, 2.785, 4.884, 5.757, 5.896, 5.903, 5.711, 5.901, 7.769, 9.371, 9.388, 8.219, 7.797, 8.429, 8.782], [5.322, 8.868, 8.721, 6.647, 5.68, 7.101, 9.59, 9.403, 8.008, 8.056, 9.311, 9.892, 9.071, 8.025, 7.342, 6.43, 5.2, 4.632, 4.952, 4.798, 4.929, 4.698, 4.783, 5.893, 6.257, 6.286, 6.596, 6.005, 5.082, 4.866, 4.709, 3.84, 3.496, 2.379, 0.0, 1.386, 2.324, 2.657, 2.253, 1.789, 2.128, 3.621, 4.08, 3.665, 3.999, 4.123, 4.014, 4.098, 3.753, 3.612, 3.452, 2.972, 2.916, 3.035, 2.921, 3.932, 5.191, 5.782, 6.726, 7.578, 7.57, 7.217, 8.041, 9.247, 8.877, 6.478, 3.074, 1.611, 2.169, 2.443, 2.204, 3.988, 5.872, 6.644, 6.804, 6.874, 6.622, 6.768, 8.635, 10.301, 10.367, 9.173, 8.741, 9.32, 9.732], [5.422, 8.94, 8.811, 6.876, 5.986, 7.17, 9.692, 9.501, 8.141, 8.141, 9.393, 10.007, 9.19, 8.208, 7.571, 6.685, 5.49, 5.174, 5.599, 5.325, 5.988, 5.702, 5.372, 6.04, 6.413, 6.546, 6.886, 6.252, 5.308, 5.455, 5.498, 4.795, 4.559, 3.524, 1.386, 0.0, 2.186, 2.618, 1.758, 1.251, 1.859, 3.674, 4.265, 3.852, 4.209, 4.285, 4.404, 4.469, 4.109, 3.833, 3.9, 3.59, 3.385, 3.314, 3.188, 4.369, 5.572, 6.118, 6.951, 7.805, 7.803, 7.429, 8.198, 9.373, 9.003, 6.619, 3.242, 2.194, 2.424, 2.512, 2.658, 4.488, 6.086, 6.795, 6.968, 7.02, 6.849, 6.878, 8.724, 10.393, 10.459, 9.264, 8.847, 9.427, 9.839], [4.034, 7.087, 7.027, 5.489, 5.397, 5.388, 7.737, 7.547, 6.563, 6.335, 7.458, 7.955, 7.466, 6.782, 6.306, 5.652, 4.965, 5.202, 5.655, 5.318, 6.091, 5.738, 5.269, 5.108, 5.338, 5.797, 6.032, 5.39, 4.848, 5.31, 5.296, 4.926, 4.648, 3.634, 2.324, 2.186, 0.0, 1.004, 1.244, 1.826, 1.321, 1.937, 2.304, 2.376, 2.771, 2.875, 3.31, 3.469, 3.709, 3.681, 3.723, 3.465, 3.237, 3.197, 2.883, 3.746, 4.748, 5.276, 5.914, 6.772, 6.767, 6.085, 6.636, 7.477, 7.15, 5.162, 2.283, 1.928, 1.812, 1.752, 2.549, 4.147, 4.973, 5.638, 5.588, 5.468, 5.568, 5.358, 6.799, 8.367, 8.477, 7.575, 7.046, 7.726, 8.098], [3.982, 6.784, 6.717, 5.569, 5.294, 5.143, 7.19, 7.184, 6.465, 6.101, 7.008, 7.604, 7.407, 6.838, 6.363, 5.743, 5.054, 5.262, 5.572, 5.359, 6.096, 5.774, 5.39, 5.221, 5.423, 5.911, 6.148, 5.488, 4.859, 5.421, 5.458, 5.208, 4.726, 3.63, 2.657, 2.618, 1.004, 0.0, 1.248, 2.327, 1.548, 1.404, 2.102, 2.375, 2.839, 3.129, 3.559, 3.719, 3.978, 3.861, 3.896, 3.857, 3.602, 3.267, 2.987, 3.786, 4.728, 5.44, 6.043, 6.881, 6.653, 5.871, 6.148, 6.902, 6.842, 4.969, 2.095, 2.186, 1.827, 1.666, 2.562, 3.935, 4.765, 5.555, 5.453, 5.297, 5.342, 5.093, 6.408, 7.947, 8.102, 7.172, 6.81, 7.32, 7.701], [4.857, 7.838, 7.752, 6.4, 6.082, 6.078, 8.321, 8.197, 7.323, 7.032, 8.127, 8.689, 8.31, 7.661, 7.184, 6.53, 5.619, 5.57, 5.933, 5.816, 6.44, 6.121, 5.838, 5.871, 6.164, 6.611, 6.895, 6.239, 5.516, 5.935, 5.962, 5.32, 4.857, 3.896, 2.253, 1.758, 1.244, 1.248, 0.0, 1.443, 1.491, 2.339, 3.06, 3.163, 3.594, 3.85, 4.262, 4.408, 4.54, 4.309, 4.371, 4.225, 3.955, 3.741, 3.48, 4.495, 5.48, 6.228, 6.858, 7.704, 7.465, 6.73, 7.203, 7.935, 7.674, 5.761, 2.789, 2.264, 2.135, 2.159, 2.831, 4.544, 5.536, 6.383, 6.291, 6.079, 6.217, 6.092, 7.475, 9.049, 9.138, 8.225, 7.807, 8.37, 8.742], [5.191, 8.613, 8.51, 6.701, 6.372, 6.803, 9.345, 9.103, 7.887, 7.779, 9.034, 9.604, 8.864, 8.1, 7.419, 6.711, 5.702, 5.571, 6.033, 5.772, 6.315, 6.021, 5.774, 5.985, 6.39, 6.695, 7.004, 6.395, 5.672, 5.857, 5.886, 5.079, 4.955, 3.919, 1.789, 1.251, 1.826, 2.327, 1.443, 0.0, 1.554, 3.302, 3.72, 3.546, 3.974, 4.027, 4.261, 4.356, 4.384, 4.089, 4.248, 3.768, 3.655, 3.733, 3.557, 4.772, 5.822, 6.25, 6.985, 7.869, 7.944, 7.241, 7.976, 9.042, 8.683, 6.502, 3.365, 2.304, 2.582, 2.626, 3.06, 4.896, 6.192, 6.835, 6.913, 6.982, 6.772, 6.671, 8.424, 9.995, 10.076, 8.978, 8.48, 9.071, 9.446], [4.685, 7.665, 7.65, 6.334, 5.926, 6.292, 8.425, 8.16, 7.389, 7.048, 8.146, 8.573, 8.281, 7.579, 7.122, 6.315, 5.242, 5.52, 5.956, 5.647, 6.456, 6.118, 5.645, 5.508, 5.732, 6.207, 6.557, 5.946, 5.267, 5.61, 5.593, 5.333, 5.028, 3.969, 2.128, 1.859, 1.321, 1.548, 1.491, 1.554, 0.0, 2.266, 2.609, 2.62, 3.273, 3.634, 3.988, 3.983, 3.826, 3.643, 3.688, 3.612, 3.364, 3.386, 3.189, 4.37, 5.515, 5.847, 6.603, 7.497, 7.552, 7.017, 7.405, 8.15, 8.011, 5.913, 2.771, 2.251, 2.307, 2.169, 3.029, 4.431, 5.693, 6.454, 6.46, 6.317, 6.48, 6.253, 7.519, 8.994, 9.039, 8.165, 7.809, 8.404, 8.735], [3.6, 5.974, 6.122, 5.169, 5.079, 4.91, 6.432, 6.593, 5.973, 5.589, 6.432, 6.898, 6.903, 6.391, 5.974, 5.476, 5.398, 5.639, 5.899, 5.723, 6.559, 6.272, 5.722, 5.129, 5.208, 5.83, 5.93, 5.286, 5.011, 5.747, 5.89, 5.847, 5.444, 4.219, 3.621, 3.674, 1.937, 1.404, 2.339, 3.302, 2.266, 0.0, 1.6, 2.25, 2.529, 2.788, 3.166, 3.421, 3.801, 3.794, 4.093, 4.548, 3.957, 3.451, 3.01, 3.635, 4.477, 5.077, 5.738, 6.53, 6.282, 5.701, 5.786, 6.617, 6.608, 4.826, 2.332, 3.122, 2.715, 2.597, 3.398, 4.293, 4.615, 5.277, 5.225, 5.028, 5.011, 4.609, 5.595, 7.127, 7.118, 6.567, 6.284, 6.739, 6.962], [2.563, 5.354, 5.401, 4.244, 4.158, 4.078, 5.92, 5.909, 5.32, 4.947, 5.908, 6.307, 6.169, 5.573, 5.069, 4.653, 4.612, 5.068, 5.28, 5.064, 5.976, 5.649, 4.986, 4.115, 4.046, 4.726, 4.799, 4.174, 4.174, 5.001, 5.201, 5.196, 4.983, 3.843, 4.08, 4.265, 2.304, 2.102, 3.06, 3.72, 2.609, 1.6, 0.0, 1.384, 1.538, 1.932, 2.194, 2.595, 3.17, 3.605, 4.257, 4.299, 3.729, 3.51, 2.881, 2.64, 3.604, 3.978, 4.639, 5.54, 5.603, 4.873, 5.207, 5.813, 5.81, 3.845, 1.74, 2.953, 2.487, 2.628, 3.131, 3.592, 3.862, 4.473, 4.407, 4.28, 4.371, 4.055, 5.122, 6.618, 6.698, 5.963, 5.649, 6.212, 6.454], [2.347, 5.42, 5.335, 3.979, 3.772, 4.135, 6.58, 6.281, 5.215, 5.019, 6.233, 6.604, 6.102, 5.356, 4.871, 4.003, 3.694, 4.197, 4.507, 4.208, 5.037, 4.752, 3.965, 3.331, 3.383, 3.91, 4.188, 3.665, 3.413, 4.022, 4.168, 4.325, 4.217, 3.218, 3.665, 3.852, 2.376, 2.375, 3.163, 3.546, 2.62, 2.25, 1.384, 0.0, 0.995, 1.923, 2.055, 2.255, 2.834, 3.246, 3.646, 3.561, 3.031, 3.21, 2.578, 2.444, 3.285, 3.403, 4.066, 5.028, 5.415, 4.881, 5.386, 6.315, 6.163, 3.998, 1.472, 2.942, 2.419, 2.332, 2.845, 2.899, 3.608, 4.371, 4.464, 4.303, 4.31, 4.023, 5.508, 7.121, 7.092, 5.954, 5.564, 6.179, 6.4], [2.1, 5.074, 5.037, 3.544, 3.353, 3.698, 6.21, 5.918, 4.764, 4.626, 5.827, 6.303, 5.719, 4.895, 4.354, 3.797, 3.834, 4.259, 4.52, 4.313, 5.078, 4.866, 4.072, 3.305, 3.201, 3.828, 3.912, 3.387, 3.417, 4.102, 4.332, 4.587, 4.415, 3.476, 3.999, 4.209, 2.771, 2.839, 3.594, 3.974, 3.273, 2.529, 1.538, 0.995, 0.0, 1.245, 1.501, 2.008, 2.852, 3.417, 4.058, 4.05, 3.433, 3.291, 2.681, 2.063, 2.637, 2.888, 3.645, 4.63, 4.884, 4.359, 4.891, 5.939, 5.732, 3.595, 1.947, 3.505, 2.954, 2.837, 3.249, 2.962, 3.208, 3.818, 3.956, 3.843, 3.788, 3.565, 5.125, 6.749, 6.714, 5.569, 5.178, 5.763, 6.008], [2.186, 5.104, 5.002, 3.269, 3.155, 3.334, 5.943, 5.681, 4.384, 4.471, 5.587, 6.168, 5.407, 4.571, 4.225, 4.063, 4.382, 4.62, 4.734, 4.736, 5.41, 5.164, 4.382, 3.624, 3.6, 4.075, 3.992, 3.404, 3.464, 4.355, 4.707, 5.059, 4.823, 3.842, 4.123, 4.285, 2.875, 3.129, 3.85, 4.027, 3.634, 2.788, 1.932, 1.923, 1.245, 0.0, 1.002, 1.976, 2.89, 3.552, 4.354, 4.464, 3.74, 3.34, 2.667, 1.832, 2.297, 2.717, 3.417, 4.324, 4.447, 3.894, 4.531, 5.673, 5.311, 3.101, 2.3, 3.619, 3.011, 2.866, 3.42, 3.194, 3.264, 3.428, 3.43, 3.447, 3.334, 3.069, 4.932, 6.563, 6.626, 5.548, 5.027, 5.655, 5.973], [2.071, 5.314, 5.21, 3.063, 2.848, 3.894, 6.46, 6.103, 4.579, 4.795, 6.071, 6.478, 5.62, 4.599, 3.96, 3.524, 3.899, 4.225, 4.394, 4.398, 5.209, 5.122, 4.313, 3.721, 3.721, 3.615, 3.519, 3.087, 3.31, 3.949, 4.27, 4.767, 4.534, 3.56, 4.014, 4.404, 3.31, 3.559, 4.262, 4.261, 3.988, 3.166, 2.194, 2.055, 1.501, 1.002, 0.0, 1.368, 2.274, 3.003, 3.762, 3.86, 3.241, 3.051, 2.477, 1.536, 1.971, 2.266, 3.117, 4.095, 4.392, 4.198, 4.883, 6.18, 5.778, 3.423, 2.474, 3.672, 3.064, 3.074, 3.127, 3.104, 3.418, 3.523, 3.651, 3.812, 3.443, 3.428, 5.375, 7.002, 6.958, 5.744, 5.281, 5.947, 6.273], [2.541, 5.812, 5.736, 3.504, 3.097, 4.915, 7.49, 7.129, 5.566, 5.694, 7.084, 7.495, 6.544, 5.522, 4.352, 3.182, 3.328, 4.315, 4.696, 4.719, 5.704, 5.684, 4.806, 4.169, 4.191, 4.016, 3.946, 3.641, 3.764, 4.14, 4.34, 5.102, 4.624, 3.896, 4.098, 4.469, 3.469, 3.719, 4.408, 4.356, 3.983, 3.421, 2.595, 2.255, 2.008, 1.976, 1.368, 0.0, 1.28, 1.935, 2.724, 2.887, 2.68, 2.921, 2.517, 1.846, 2.512, 2.742, 3.483, 4.598, 5.174, 5.147, 5.907, 7.21, 6.82, 4.447, 2.754, 3.883, 3.259, 3.181, 3.272, 3.632, 3.956, 4.487, 4.709, 4.813, 4.282, 4.477, 6.405, 8.029, 7.955, 6.606, 6.224, 6.943, 7.195], [3.521, 6.905, 6.761, 4.547, 3.666, 6.026, 8.573, 8.212, 6.649, 6.775, 8.177, 8.568, 7.599, 6.568, 5.402, 3.576, 3.229, 4.176, 4.635, 4.702, 5.628, 5.68, 4.969, 4.741, 4.806, 4.513, 4.568, 4.376, 4.175, 4.176, 4.239, 4.746, 4.258, 3.696, 3.753, 4.109, 3.709, 3.978, 4.54, 4.384, 3.826, 3.801, 3.17, 2.834, 2.852, 2.89, 2.274, 1.28, 0.0, 0.972, 1.702, 2.123, 1.986, 2.162, 1.953, 2.237, 3.052, 3.434, 4.467, 5.425, 6.192, 6.258, 6.99, 8.293, 7.893, 5.482, 3.081, 3.646, 3.226, 3.202, 3.055, 3.654, 4.852, 5.512, 5.749, 5.896, 5.365, 5.616, 7.488, 9.107, 9.026, 7.683, 7.321, 8.028, 8.306], [4.324, 7.703, 7.544, 5.33, 4.321, 6.771, 9.291, 8.931, 7.369, 7.496, 8.901, 9.31, 8.353, 7.309, 6.152, 4.023, 3.449, 4.388, 4.892, 4.937, 5.782, 5.857, 5.259, 5.329, 5.545, 5.202, 5.319, 5.137, 4.626, 4.423, 4.391, 4.773, 4.257, 3.84, 3.612, 3.833, 3.681, 3.861, 4.309, 4.089, 3.643, 3.794, 3.605, 3.246, 3.417, 3.552, 3.003, 1.935, 0.972, 0.0, 1.279, 1.957, 1.909, 2.008, 1.987, 2.934, 3.695, 4.213, 5.281, 6.204, 6.91, 7.003, 7.708, 9.011, 8.611, 6.2, 3.254, 3.662, 3.366, 3.359, 3.199, 3.867, 5.486, 6.244, 6.468, 6.614, 6.089, 6.389, 8.252, 9.825, 9.749, 8.407, 8.088, 8.774, 9.052], [4.944, 8.38, 8.196, 6.026, 5.08, 7.535, 10.081, 9.721, 8.157, 8.281, 9.674, 10.062, 9.077, 8.057, 6.894, 4.571, 3.811, 4.726, 5.364, 5.249, 5.925, 5.993, 5.553, 5.873, 6.104, 5.756, 5.876, 5.815, 5.167, 4.566, 4.334, 4.796, 4.217, 3.925, 3.452, 3.9, 3.723, 3.896, 4.371, 4.248, 3.688, 4.093, 4.257, 3.646, 4.058, 4.354, 3.762, 2.724, 1.702, 1.279, 0.0, 1.461, 1.761, 2.305, 2.319, 3.578, 4.31, 4.893, 5.813, 6.78, 7.7, 7.767, 8.498, 9.801, 9.401, 6.99, 3.68, 3.6, 3.489, 3.504, 3.338, 4.35, 6.271, 7.02, 7.257, 7.404, 6.873, 7.079, 8.996, 10.615, 10.534, 9.184, 8.829, 9.536, 9.813], [4.916, 8.334, 8.194, 6.007, 5.069, 7.424, 10.062, 9.702, 8.135, 8.248, 9.641, 10.029, 9.044, 8.024, 6.851, 4.588, 3.553, 4.061, 4.78, 4.702, 5.31, 5.349, 4.824, 5.71, 5.874, 5.526, 5.715, 5.678, 4.957, 4.191, 3.978, 4.002, 3.507, 3.205, 2.972, 3.59, 3.465, 3.857, 4.225, 3.768, 3.612, 4.548, 4.299, 3.561, 4.05, 4.464, 3.86, 2.887, 2.123, 1.957, 1.461, 0.0, 1.443, 2.615, 2.632, 3.685, 4.38, 4.818, 5.688, 6.664, 7.681, 7.714, 8.479, 9.782, 9.373, 6.966, 3.626, 2.652, 2.92, 3.176, 2.582, 4.202, 6.238, 7.001, 7.239, 7.381, 6.841, 7.021, 8.977, 10.596, 10.501, 9.15, 8.778, 9.496, 9.691], [4.473, 7.941, 7.863, 5.536, 4.561, 6.785, 9.42, 9.073, 7.496, 7.632, 9.03, 9.425, 8.49, 7.419, 6.288, 4.484, 3.393, 3.553, 4.225, 4.167, 4.545, 4.616, 4.375, 5.266, 5.54, 5.203, 5.301, 5.101, 4.371, 3.503, 3.174, 3.402, 2.866, 2.709, 2.916, 3.385, 3.237, 3.602, 3.955, 3.655, 3.364, 3.957, 3.729, 3.031, 3.433, 3.74, 3.241, 2.68, 1.986, 1.909, 1.761, 1.443, 0.0, 1.608, 1.688, 2.889, 3.625, 4.26, 5.382, 6.3, 7.039, 7.072, 7.837, 9.14, 8.728, 6.321, 3.039, 2.64, 2.556, 2.717, 2.27, 3.479, 5.594, 6.359, 6.597, 6.737, 6.213, 6.443, 8.336, 9.954, 9.875, 8.589, 8.166, 8.889, 9.093], [4.535, 8.117, 8.012, 5.739, 4.396, 6.332, 8.922, 8.763, 7.338, 7.402, 8.659, 9.252, 8.382, 7.352, 6.331, 4.922, 4.349, 4.389, 4.761, 4.693, 5.096, 5.162, 5.127, 5.378, 5.506, 5.383, 5.279, 4.953, 4.458, 4.316, 4.027, 3.982, 3.272, 3.238, 3.035, 3.314, 3.197, 3.267, 3.741, 3.733, 3.386, 3.451, 3.51, 3.21, 3.291, 3.34, 3.051, 2.921, 2.162, 2.008, 2.305, 2.615, 1.608, 0.0, 1.009, 2.358, 3.272, 4.299, 5.452, 6.51, 6.789, 6.546, 7.389, 8.604, 8.205, 5.793, 2.862, 2.962, 2.616, 2.636, 2.507, 3.621, 5.236, 5.94, 6.101, 6.242, 5.857, 6.095, 7.987, 9.657, 9.727, 8.453, 8.052, 8.679, 8.958], [4.006, 7.591, 7.485, 5.255, 4.09, 5.668, 8.262, 8.148, 6.789, 6.811, 8.03, 8.662, 7.847, 6.794, 5.874, 4.563, 3.969, 4.072, 4.303, 4.297, 4.725, 4.86, 4.623, 4.695, 4.914, 4.744, 4.735, 4.331, 3.797, 4.082, 4.046, 3.874, 3.37, 2.962, 2.921, 3.188, 2.883, 2.987, 3.48, 3.557, 3.189, 3.01, 2.881, 2.578, 2.681, 2.667, 2.477, 2.517, 1.953, 1.987, 2.319, 2.632, 1.688, 1.009, 0.0, 1.819, 2.893, 3.866, 5.079, 6.063, 6.314, 5.839, 6.75, 7.875, 7.475, 5.064, 2.193, 2.585, 2.127, 2.144, 1.962, 2.958, 4.646, 5.299, 5.438, 5.641, 5.355, 5.485, 7.378, 9.034, 9.113, 7.956, 7.508, 8.099, 8.43], [2.672, 6.12, 6.016, 3.768, 2.721, 4.28, 6.857, 6.758, 5.378, 5.414, 6.643, 7.245, 6.406, 5.371, 4.586, 3.899, 3.89, 4.067, 4.097, 4.243, 4.786, 4.865, 4.378, 4.146, 4.09, 3.962, 3.694, 3.336, 3.33, 3.786, 4.058, 4.391, 3.868, 3.358, 3.932, 4.369, 3.746, 3.786, 4.495, 4.772, 4.37, 3.635, 2.64, 2.444, 2.063, 1.832, 1.536, 1.846, 2.237, 2.934, 3.578, 3.685, 2.889, 2.358, 1.819, 0.0, 1.619, 2.354, 3.447, 4.537, 4.87, 4.469, 5.357, 6.462, 6.061, 3.65, 2.387, 3.431, 2.845, 2.988, 2.72, 2.827, 3.799, 3.995, 4.075, 4.227, 3.919, 4.041, 5.962, 7.644, 7.722, 6.533, 6.076, 6.706, 7.024], [2.838, 5.106, 4.985, 2.951, 2.158, 3.604, 6.045, 5.84, 4.395, 4.529, 5.765, 6.264, 5.385, 4.589, 3.864, 3.457, 3.778, 3.945, 4.103, 4.488, 4.881, 5.181, 4.504, 4.202, 4.132, 3.842, 3.333, 3.066, 3.411, 3.722, 3.924, 4.655, 4.02, 4.18, 5.191, 5.572, 4.748, 4.728, 5.48, 5.822, 5.515, 4.477, 3.604, 3.285, 2.637, 2.297, 1.971, 2.512, 3.052, 3.695, 4.31, 4.38, 3.625, 3.272, 2.893, 1.619, 0.0, 1.501, 2.441, 3.449, 3.803, 3.725, 4.462, 5.716, 5.312, 3.017, 3.469, 4.695, 4.083, 4.189, 3.903, 3.169, 3.557, 3.452, 3.494, 3.496, 3.018, 3.212, 5.016, 6.711, 6.76, 5.504, 5.053, 5.734, 6.001], [2.774, 3.991, 3.918, 2.127, 1.836, 3.15, 5.343, 4.98, 3.452, 3.632, 4.952, 5.363, 4.418, 3.703, 3.041, 3.272, 3.622, 3.916, 4.163, 4.362, 4.901, 5.01, 4.089, 3.678, 3.539, 3.25, 2.73, 2.448, 3.025, 3.277, 3.731, 4.75, 4.514, 4.79, 5.782, 6.118, 5.276, 5.44, 6.228, 6.25, 5.847, 5.077, 3.978, 3.403, 2.888, 2.717, 2.266, 2.742, 3.434, 4.213, 4.893, 4.818, 4.26, 4.299, 3.866, 2.354, 1.501, 0.0, 1.424, 2.371, 2.979, 3.045, 3.761, 5.065, 4.644, 2.63, 3.894, 5.285, 4.669, 4.772, 4.541, 3.275, 3.2, 2.927, 2.886, 2.917, 2.454, 2.935, 4.324, 5.892, 5.837, 4.529, 4.089, 4.794, 5.0], [2.757, 3.167, 3.116, 2.036, 2.157, 2.866, 4.719, 4.266, 3.081, 3.352, 4.212, 4.53, 3.602, 3.289, 2.806, 3.583, 4.118, 4.548, 4.748, 4.825, 5.415, 5.419, 4.315, 3.547, 3.383, 3.226, 2.845, 2.729, 3.301, 3.59, 4.075, 5.275, 5.194, 5.758, 6.726, 6.951, 5.914, 6.043, 6.858, 6.985, 6.603, 5.738, 4.639, 4.066, 3.645, 3.417, 3.117, 3.483, 4.467, 5.281, 5.813, 5.688, 5.382, 5.452, 5.079, 3.447, 2.441, 1.424, 0.0, 1.511, 2.261, 2.55, 3.018, 4.259, 3.838, 2.587, 4.499, 6.208, 5.53, 5.419, 5.455, 3.846, 3.173, 2.676, 2.699, 2.683, 2.363, 2.892, 4.14, 5.256, 5.059, 3.924, 3.38, 3.983, 4.169], [3.395, 2.578, 2.539, 1.987, 2.596, 2.616, 3.916, 3.408, 2.635, 2.971, 3.505, 3.574, 2.915, 2.979, 2.611, 3.735, 4.355, 4.63, 4.695, 4.725, 5.321, 5.268, 4.026, 3.477, 3.321, 3.286, 2.79, 2.704, 3.37, 3.609, 4.2, 5.613, 5.961, 6.544, 7.578, 7.805, 6.772, 6.881, 7.704, 7.869, 7.497, 6.53, 5.54, 5.028, 4.63, 4.324, 4.095, 4.598, 5.425, 6.204, 6.78, 6.664, 6.3, 6.51, 6.063, 4.537, 3.449, 2.371, 1.511, 0.0, 1.327, 2.103, 2.258, 3.414, 2.914, 2.701, 5.339, 6.962, 6.325, 6.323, 6.341, 4.428, 2.979, 2.451, 2.476, 2.504, 2.158, 2.923, 3.718, 4.348, 4.16, 3.106, 2.514, 2.964, 3.158], [3.833, 2.62, 2.325, 2.147, 2.687, 2.017, 3.01, 2.576, 2.077, 2.401, 2.577, 2.757, 2.277, 2.368, 2.279, 4.055, 4.823, 4.601, 4.337, 4.36, 5.085, 5.183, 4.062, 3.432, 3.537, 3.605, 3.15, 2.858, 3.204, 3.963, 4.653, 5.859, 6.081, 6.536, 7.57, 7.803, 6.767, 6.653, 7.465, 7.944, 7.552, 6.282, 5.603, 5.415, 4.884, 4.447, 4.392, 5.174, 6.192, 6.91, 7.7, 7.681, 7.039, 6.789, 6.314, 4.87, 3.803, 2.979, 2.261, 1.327, 0.0, 1.32, 1.326, 2.434, 1.889, 2.34, 5.084, 6.968, 6.221, 6.076, 6.262, 4.379, 2.509, 1.932, 1.879, 1.912, 1.799, 2.812, 3.419, 3.768, 3.692, 2.838, 2.134, 2.34, 2.698], [3.457, 2.733, 2.457, 2.081, 2.802, 1.502, 2.861, 2.558, 1.917, 1.866, 2.335, 2.932, 2.369, 2.302, 2.166, 3.969, 4.905, 4.706, 4.138, 4.084, 4.629, 4.676, 3.731, 2.892, 3.068, 3.314, 2.898, 2.409, 2.842, 3.932, 4.639, 5.509, 5.981, 6.382, 7.217, 7.429, 6.085, 5.871, 6.73, 7.241, 7.017, 5.701, 4.873, 4.881, 4.359, 3.894, 4.198, 5.147, 6.258, 7.003, 7.767, 7.714, 7.072, 6.546, 5.839, 4.469, 3.725, 3.045, 2.55, 2.103, 1.32, 0.0, 1.203, 2.258, 1.852, 1.978, 4.577, 6.485, 5.724, 5.476, 5.838, 3.951, 2.175, 1.659, 1.56, 1.476, 1.789, 2.641, 3.357, 3.706, 3.854, 2.983, 2.173, 2.557, 2.998], [3.901, 2.33, 1.995, 2.569, 3.466, 1.667, 2.255, 1.991, 1.92, 1.758, 1.579, 2.061, 1.906, 2.25, 2.526, 4.579, 5.471, 5.317, 4.779, 4.693, 5.265, 5.379, 4.299, 3.414, 3.487, 3.833, 3.46, 3.064, 3.642, 4.654, 5.351, 6.298, 6.715, 7.144, 8.041, 8.198, 6.636, 6.148, 7.203, 7.976, 7.405, 5.786, 5.207, 5.386, 4.891, 4.531, 4.883, 5.907, 6.99, 7.708, 8.498, 8.479, 7.837, 7.389, 6.75, 5.357, 4.462, 3.761, 3.018, 2.258, 1.326, 1.203, 0.0, 1.659, 1.471, 2.499, 5.318, 7.226, 6.551, 6.327, 6.685, 4.703, 2.771, 2.029, 1.816, 1.894, 2.165, 2.655, 3.0, 3.244, 3.229, 2.647, 1.958, 1.904, 2.29], [5.014, 2.828, 2.554, 3.82, 4.721, 2.606, 2.168, 1.964, 2.326, 2.085, 1.66, 1.948, 2.23, 2.692, 3.249, 5.445, 6.566, 6.283, 5.496, 5.44, 6.013, 6.081, 5.29, 4.309, 4.283, 4.694, 4.368, 4.183, 4.878, 5.932, 6.648, 7.59, 7.881, 8.307, 9.247, 9.373, 7.477, 6.902, 7.935, 9.042, 8.15, 6.617, 5.813, 6.315, 5.939, 5.673, 6.18, 7.21, 8.293, 9.011, 9.801, 9.782, 9.14, 8.604, 7.875, 6.462, 5.716, 5.065, 4.259, 3.414, 2.434, 2.258, 1.659, 0.0, 1.058, 2.893, 6.192, 7.836, 7.266, 7.163, 7.64, 5.722, 3.695, 2.916, 2.616, 2.469, 3.211, 3.714, 3.722, 3.497, 3.38, 3.108, 2.831, 2.571, 2.599], [4.726, 2.574, 2.269, 3.388, 4.322, 2.214, 1.968, 1.763, 1.978, 1.97, 1.657, 1.829, 1.76, 2.218, 2.797, 4.973, 6.086, 5.832, 5.085, 5.033, 5.619, 5.705, 4.863, 3.867, 3.901, 4.337, 3.974, 3.741, 4.432, 5.526, 6.238, 7.173, 7.483, 7.938, 8.877, 9.003, 7.15, 6.842, 7.674, 8.683, 8.011, 6.608, 5.81, 6.163, 5.732, 5.311, 5.778, 6.82, 7.893, 8.611, 9.401, 9.373, 8.728, 8.205, 7.475, 6.061, 5.312, 4.644, 3.838, 2.914, 1.889, 1.852, 1.471, 1.058, 0.0, 2.413, 5.822, 7.47, 6.897, 6.799, 7.248, 5.351, 3.282, 2.436, 2.177, 2.103, 2.736, 3.34, 3.496, 3.303, 3.288, 2.873, 2.399, 2.316, 2.506], [2.676, 3.098, 3.037, 1.907, 2.209, 1.824, 3.481, 3.473, 2.309, 2.382, 3.333, 3.911, 3.267, 2.806, 2.876, 3.479, 3.98, 3.892, 3.834, 4.094, 4.625, 4.419, 3.704, 3.054, 3.015, 3.368, 2.992, 2.411, 2.834, 3.94, 4.441, 5.024, 5.087, 5.538, 6.478, 6.619, 5.162, 4.969, 5.761, 6.502, 5.913, 4.826, 3.845, 3.998, 3.595, 3.101, 3.423, 4.447, 5.482, 6.2, 6.99, 6.966, 6.321, 5.793, 5.064, 3.65, 3.017, 2.63, 2.587, 2.701, 2.34, 1.978, 2.499, 2.893, 2.413, 0.0, 3.492, 5.151, 4.504, 4.504, 4.873, 3.02, 2.077, 1.758, 1.401, 1.276, 1.574, 1.889, 2.961, 4.286, 4.4, 3.521, 3.066, 3.608, 4.018], [2.769, 6.171, 6.01, 4.187, 3.539, 4.279, 6.623, 6.509, 5.289, 5.193, 6.402, 7.043, 6.328, 5.408, 4.921, 4.15, 3.545, 3.69, 3.809, 3.752, 4.562, 4.246, 3.769, 3.451, 3.778, 4.053, 4.365, 3.727, 3.111, 3.895, 4.085, 4.014, 3.517, 2.624, 3.074, 3.242, 2.283, 2.095, 2.789, 3.365, 2.771, 2.332, 1.74, 1.472, 1.947, 2.3, 2.474, 2.754, 3.081, 3.254, 3.68, 3.626, 3.039, 2.862, 2.193, 2.387, 3.469, 3.894, 4.499, 5.339, 5.084, 4.577, 5.318, 6.192, 5.822, 3.492, 0.0, 2.057, 1.364, 1.438, 1.803, 2.106, 3.228, 4.068, 4.021, 3.979, 4.118, 4.093, 5.818, 7.376, 7.457, 6.504, 6.014, 6.601, 7.025], [4.668, 8.024, 7.894, 6.07, 5.087, 6.073, 8.288, 8.378, 7.213, 7.099, 8.204, 8.826, 8.22, 7.246, 6.777, 5.762, 4.479, 3.993, 4.335, 4.184, 4.648, 4.316, 4.156, 5.169, 5.512, 5.641, 5.908, 5.287, 4.373, 4.37, 4.351, 3.655, 3.168, 2.244, 1.611, 2.194, 1.928, 2.186, 2.264, 2.304, 2.251, 3.122, 2.953, 2.942, 3.505, 3.619, 3.672, 3.883, 3.646, 3.662, 3.6, 2.652, 2.64, 2.962, 2.585, 3.431, 4.695, 5.285, 6.208, 6.962, 6.968, 6.485, 7.226, 7.836, 7.47, 5.151, 2.057, 0.0, 1.06, 1.759, 1.534, 3.132, 5.198, 5.932, 5.845, 5.937, 6.056, 5.983, 7.651, 9.176, 9.349, 8.366, 7.897, 8.478, 8.909], [4.005, 7.458, 7.285, 5.398, 4.467, 5.455, 7.79, 7.781, 6.547, 6.476, 7.625, 8.285, 7.583, 6.605, 6.107, 5.118, 3.935, 3.872, 4.201, 4.127, 4.786, 4.452, 4.