[[0.0, 1.475, 1.706, 3.086, 5.39, 3.847, 1.471, 5.421, 8.855, 10.548, 11.715, 12.553, 13.382, 13.324, 15.326, 19.433, 22.448, 22.692, 23.447, 25.8, 28.738, 30.108, 31.043, 32.355, 33.243, 33.503, 32.202, 31.888, 33.329, 34.256, 33.766, 33.264, 32.915, 33.217, 34.389, 35.031, 34.62, 34.273, 34.573, 33.954, 31.502, 28.033, 26.087, 26.549, 25.477, 21.786, 18.674, 17.896, 17.775, 15.776, 12.865, 12.691, 13.351, 13.22, 11.199, 12.042, 13.088, 11.46, 7.115, 6.649, 8.161, 9.3, 9.326, 8.348, 7.056, 5.772, 6.219, 6.601, 6.123, 3.953, 1.823, 2.022, 3.678, 4.826, 5.101, 5.08, 5.438, 5.7, 5.624, 4.863, 4.981, 5.953, 6.878, 9.449, 9.602, 10.856, 11.891, 12.539, 13.521, 14.898, 14.656, 14.239, 16.941, 19.521, 19.41, 19.004, 20.012, 21.416, 22.722, 23.657, 21.08, 19.173, 18.572, 18.381, 18.082, 17.853, 17.829, 18.588, 19.11, 20.915, 21.755, 21.832, 20.11, 19.121, 18.475, 17.765, 17.323, 17.38, 16.765, 14.985, 14.726, 16.088, 16.036, 14.898, 14.718, 15.628, 15.465, 14.178, 12.265, 9.822, 9.785, 10.523, 10.943, 10.755, 8.778, 6.428, 5.344, 6.117, 6.403, 3.525, 2.682, 8.903, 19.091, 22.019, 20.803, 19.819, 19.819, 19.396, 19.889, 21.032, 21.76, 21.295, 20.294, 20.145, 20.091, 19.332, 17.95, 16.825, 17.319, 16.878, 15.953, 16.67, 17.82, 17.226, 15.611, 14.769, 14.945, 15.179, 13.449, 10.485, 11.548, 11.854, 10.613, 11.473, 12.851, 10.692, 11.599, 13.963, 14.293, 14.196, 14.274, 14.399, 14.447, 14.13, 12.363, 11.727, 12.102, 10.952, 9.304, 9.397, 11.131, 12.193, 11.622, 11.449, 13.129, 13.102, 11.142, 9.708, 9.707, 10.707, 11.644, 11.845, 12.209, 12.663, 13.533, 13.989], [1.475, 0.0, 1.243, 3.264, 5.432, 4.018, 1.707, 5.583, 9.005, 10.676, 11.822, 12.782, 13.625, 13.469, 15.452, 19.56, 22.549, 22.765, 23.562, 25.876, 28.807, 30.167, 31.109, 32.438, 33.321, 33.575, 32.279, 31.958, 33.421, 34.349, 33.886, 33.378, 33.033, 33.326, 34.52, 35.165, 34.752, 34.395, 34.703, 34.092, 31.651, 28.161, 26.196, 26.663, 25.586, 21.892, 18.805, 18.032, 17.926, 15.926, 12.936, 12.788, 13.328, 13.265, 11.292, 12.043, 13.08, 11.561, 7.369, 6.864, 8.359, 9.399, 9.318, 8.406, 7.173, 5.941, 6.463, 6.839, 6.293, 4.159, 1.961, 2.383, 3.958, 4.995, 5.318, 5.258, 5.553, 5.782, 5.708, 4.637, 4.42, 5.344, 6.91, 9.581, 9.635, 10.847, 11.771, 12.252, 13.477, 15.005, 14.792, 14.346, 17.059, 19.671, 19.407, 19.063, 20.073, 21.516, 22.828, 23.763, 21.186, 19.279, 18.68, 18.513, 18.217, 17.988, 17.949, 18.735, 19.19, 21.048, 21.879, 21.938, 20.268, 19.25, 18.585, 17.911, 17.483, 17.5, 16.916, 15.077, 14.673, 16.161, 16.093, 14.904, 14.781, 15.594, 15.439, 14.229, 12.254, 9.663, 9.222, 10.315, 10.929, 10.897, 8.545, 6.134, 5.308, 5.891, 6.187, 3.277, 2.011, 8.863, 19.22, 22.002, 20.686, 19.709, 19.909, 19.365, 20.008, 21.019, 21.75, 21.28, 20.278, 20.142, 20.111, 19.479, 18.089, 16.919, 17.414, 17.008, 16.102, 16.785, 17.927, 17.319, 15.729, 14.845, 14.977, 15.294, 13.555, 10.536, 11.576, 11.975, 10.692, 11.49, 12.841, 10.702, 11.756, 14.076, 14.409, 14.254, 14.383, 14.499, 14.528, 14.258, 12.518, 11.833, 12.224, 11.049, 9.419, 9.492, 11.216, 12.304, 11.708, 11.59, 13.29, 13.262, 11.224, 9.829, 9.818, 10.861, 11.794, 12.003, 12.305, 12.799, 13.564, 13.991], [1.706, 1.243, 0.0, 3.307, 5.125, 4.258, 2.094, 5.711, 9.093, 10.778, 11.914, 12.807, 13.66, 13.608, 15.566, 19.719, 22.862, 23.083, 23.852, 26.208, 29.127, 30.504, 31.421, 32.702, 33.535, 33.786, 32.499, 32.169, 33.579, 34.536, 33.997, 33.488, 33.161, 33.436, 34.645, 35.27, 34.86, 34.534, 34.81, 34.19, 31.777, 28.334, 26.388, 26.85, 25.805, 22.196, 18.949, 18.182, 18.033, 16.016, 13.157, 12.925, 13.562, 13.398, 11.391, 12.203, 13.289, 11.77, 7.428, 6.957, 8.555, 9.645, 9.57, 8.571, 7.322, 6.076, 6.529, 6.915, 6.421, 4.381, 2.315, 2.747, 4.376, 5.231, 5.597, 5.447, 5.805, 6.081, 5.986, 4.861, 4.303, 5.211, 7.205, 9.784, 9.763, 11.048, 11.888, 12.317, 13.703, 15.197, 15.009, 14.658, 17.377, 19.766, 19.617, 19.237, 20.392, 21.845, 23.094, 24.072, 21.452, 19.481, 18.877, 18.665, 18.352, 18.123, 18.129, 18.833, 19.344, 21.208, 22.065, 22.048, 20.385, 19.431, 18.824, 18.09, 17.626, 17.711, 17.005, 15.209, 14.874, 16.377, 16.314, 15.08, 15.028, 15.896, 15.635, 14.391, 12.461, 9.645, 9.274, 10.585, 11.146, 11.063, 8.822, 6.01, 5.406, 6.046, 6.378, 3.417, 1.855, 9.047, 19.336, 22.157, 20.838, 20.01, 20.059, 19.629, 20.307, 21.292, 21.999, 21.538, 20.48, 20.31, 20.27, 19.603, 18.213, 17.055, 17.527, 17.15, 16.306, 17.033, 18.199, 17.627, 16.028, 15.028, 15.215, 15.558, 13.841, 10.666, 11.743, 12.181, 10.812, 11.654, 13.049, 10.887, 11.863, 14.207, 14.68, 14.507, 14.569, 14.761, 14.76, 14.369, 12.656, 12.046, 12.351, 11.151, 9.579, 9.738, 11.359, 12.54, 12.031, 11.715, 13.385, 13.357, 11.339, 9.929, 10.01, 11.042, 11.916, 12.146, 12.628, 13.057, 13.855, 14.174], [3.086, 3.264, 3.307, 0.0, 2.85, 1.681, 3.641, 8.038, 11.435, 13.082, 14.231, 15.111, 15.994, 15.961, 17.927, 22.061, 25.1, 25.341, 26.085, 28.481, 31.431, 32.79, 33.707, 34.997, 35.886, 36.142, 34.842, 34.54, 35.965, 36.909, 36.387, 35.847, 35.49, 35.801, 37.011, 37.634, 37.226, 36.895, 37.177, 36.54, 34.106, 30.659, 28.704, 29.175, 28.107, 24.417, 21.301, 20.519, 20.355, 18.322, 15.514, 15.29, 15.969, 15.693, 13.769, 14.606, 15.738, 13.954, 9.651, 9.086, 10.796, 11.931, 11.911, 10.917, 9.523, 8.206, 8.795, 9.199, 8.736, 6.693, 3.939, 4.335, 6.344, 7.461, 7.732, 7.703, 8.076, 8.378, 8.316, 7.477, 7.428, 8.349, 9.526, 12.067, 12.257, 13.598, 14.777, 15.321, 16.461, 17.617, 17.305, 16.892, 19.578, 22.108, 21.921, 21.533, 22.701, 24.121, 25.353, 26.308, 23.71, 21.804, 21.202, 21.005, 20.704, 20.471, 20.454, 21.209, 21.611, 23.526, 24.358, 24.385, 22.728, 21.741, 21.104, 20.389, 19.915, 19.981, 19.31, 17.729, 17.432, 18.883, 18.75, 17.602, 17.421, 18.273, 18.066, 16.797, 14.866, 12.623, 12.281, 13.213, 13.589, 13.487, 11.36, 9.107, 8.22, 8.87, 9.175, 6.304, 3.626, 11.65, 21.782, 24.788, 23.638, 22.567, 22.392, 22.098, 22.604, 23.635, 24.329, 23.846, 22.863, 22.66, 22.615, 21.961, 20.556, 19.361, 19.893, 19.499, 18.557, 19.251, 20.447, 19.865, 18.304, 17.452, 17.607, 17.822, 16.079, 13.016, 14.11, 14.615, 13.163, 14.162, 15.446, 13.266, 14.215, 16.527, 16.927, 16.819, 16.922, 17.134, 17.122, 16.744, 14.957, 14.358, 14.677, 13.443, 12.01, 12.215, 13.693, 14.757, 14.257, 14.032, 15.717, 15.702, 13.62, 12.219, 12.206, 13.324, 14.255, 14.456, 14.862, 15.29, 16.09, 16.543], [5.39, 5.432, 5.125, 2.85, 0.0, 2.026, 6.238, 10.67, 14.004, 15.696, 16.82, 17.723, 18.604, 18.578, 20.426, 24.679, 27.765, 27.999, 28.74, 31.095, 34.024, 35.392, 36.32, 37.601, 38.483, 38.744, 37.439, 37.121, 38.522, 39.489, 38.951, 38.348, 38.059, 38.371, 39.586, 40.221, 39.789, 39.496, 39.721, 39.107, 36.733, 33.302, 31.342, 31.811, 30.75, 27.09, 23.911, 23.144, 22.966, 20.893, 18.113, 17.76, 18.409, 18.268, 16.276, 17.08, 18.179, 16.616, 12.283, 11.739, 13.427, 14.532, 14.385, 13.432, 12.115, 10.9, 11.422, 11.822, 11.361, 9.248, 6.562, 7.001, 9.01, 10.106, 10.381, 10.329, 10.712, 10.979, 10.843, 9.707, 9.239, 10.155, 12.067, 14.566, 14.645, 15.93, 16.769, 17.233, 18.657, 20.149, 19.889, 19.555, 22.252, 24.703, 24.487, 24.067, 25.286, 26.745, 27.996, 28.977, 26.357, 24.45, 23.841, 23.607, 23.305, 23.071, 23.09, 23.76, 24.212, 26.155, 27.012, 26.966, 25.33, 24.384, 23.741, 23.012, 22.486, 22.609, 21.872, 20.153, 19.781, 21.313, 21.256, 19.93, 19.95, 20.724, 20.52, 19.345, 17.37, 14.601, 14.207, 15.378, 16.019, 15.853, 13.736, 10.965, 10.326, 10.902, 11.205, 8.326, 5.431, 13.917, 24.218, 27.035, 25.688, 24.795, 24.906, 24.446, 25.185, 26.096, 26.821, 26.412, 25.349, 25.19, 25.138, 24.549, 23.167, 21.966, 22.503, 22.105, 21.195, 21.91, 23.101, 22.53, 20.924, 20.01, 20.159, 20.446, 18.746, 15.545, 16.613, 17.102, 15.682, 16.521, 17.916, 15.786, 16.821, 19.09, 19.571, 19.381, 19.455, 19.656, 19.668, 19.241, 17.515, 17.005, 17.291, 16.026, 14.519, 14.688, 16.285, 17.405, 16.929, 16.682, 18.338, 18.303, 16.191, 14.791, 14.841, 15.952, 16.861, 17.086, 17.534, 17.956, 18.728, 19.068], [3.847, 4.018, 4.258, 1.681, 2.026, 0.0, 4.468, 8.871, 12.283, 13.938, 15.122, 16.048, 16.905, 16.785, 18.705, 22.881, 25.927, 26.168, 26.91, 29.291, 32.23, 33.599, 34.525, 35.808, 36.697, 36.955, 35.658, 35.342, 36.792, 37.716, 37.217, 36.677, 36.322, 36.641, 37.827, 38.468, 38.056, 37.719, 38.01, 37.394, 34.954, 31.484, 29.529, 30.0, 28.929, 25.24, 22.134, 21.354, 21.189, 19.173, 16.286, 16.06, 16.728, 16.582, 14.582, 15.396, 16.51, 14.83, 10.685, 10.149, 11.675, 12.797, 12.753, 11.801, 10.48, 9.289, 9.774, 10.162, 9.662, 7.578, 4.893, 5.344, 7.213, 8.278, 8.553, 8.538, 8.891, 9.153, 9.041, 8.132, 8.145, 9.074, 10.267, 12.821, 12.998, 14.351, 15.467, 15.976, 17.066, 18.393, 18.115, 17.721, 20.403, 22.935, 22.767, 22.362, 23.46, 24.894, 26.174, 27.133, 24.531, 22.625, 22.025, 21.84, 21.54, 21.311, 21.278, 22.024, 22.47, 24.363, 25.2, 25.232, 23.563, 22.563, 21.928, 21.224, 20.763, 20.83, 20.162, 18.46, 18.16, 19.573, 19.506, 18.396, 18.168, 19.018, 18.84, 17.606, 15.637, 13.276, 12.946, 13.944, 14.355, 14.272, 12.089, 9.766, 8.92, 9.564, 9.861, 6.968, 4.306, 12.375, 22.542, 25.526, 24.357, 23.312, 23.224, 22.836, 23.37, 24.417, 25.125, 24.654, 23.651, 23.502, 23.447, 22.782, 21.406, 20.194, 20.747, 20.327, 19.395, 20.077, 21.289, 20.693, 19.078, 18.257, 18.403, 18.632, 16.908, 13.845, 14.912, 15.33, 13.975, 14.934, 16.225, 14.058, 15.048, 17.378, 17.754, 17.597, 17.69, 17.866, 17.875, 17.514, 15.774, 15.179, 15.514, 14.314, 12.78, 12.91, 14.544, 15.581, 15.093, 14.883, 16.57, 16.542, 14.504, 13.071, 13.076, 14.159, 15.091, 15.291, 15.687, 16.127, 16.897, 17.35], [1.471, 1.707, 2.094, 3.641, 6.238, 4.468, 0.0, 4.566, 8.123, 9.761, 11.013, 11.879, 12.661, 12.474, 14.729, 18.638, 21.718, 21.997, 22.777, 25.139, 28.125, 29.48, 30.397, 31.644, 32.366, 32.589, 31.433, 31.122, 32.561, 33.495, 32.939, 32.448, 32.095, 32.401, 33.535, 34.175, 33.767, 33.452, 33.721, 33.123, 30.639, 27.187, 25.267, 25.663, 24.684, 21.093, 17.847, 17.005, 16.915, 14.994, 12.162, 12.051, 12.82, 12.447, 10.504, 11.448, 12.613, 10.915, 6.541, 5.972, 7.629, 8.832, 8.909, 7.861, 6.564, 5.327, 5.626, 5.947, 5.424, 3.604, 1.606, 1.225, 3.11, 3.999, 4.356, 4.412, 4.694, 5.143, 5.232, 4.853, 5.224, 5.971, 6.536, 8.96, 9.201, 10.472, 11.702, 12.478, 13.282, 14.025, 13.974, 13.562, 16.293, 18.781, 18.791, 18.41, 19.447, 20.748, 21.961, 22.954, 20.333, 18.345, 17.735, 17.608, 17.239, 17.011, 16.942, 17.753, 18.45, 20.146, 20.999, 21.114, 19.314, 18.326, 17.703, 17.033, 16.628, 16.699, 15.973, 14.387, 14.473, 15.541, 15.312, 14.713, 14.249, 15.192, 14.888, 13.545, 11.676, 9.685, 10.064, 10.429, 10.427, 10.349, 8.691, 6.331, 5.146, 5.995, 6.434, 3.525, 2.82, 8.609, 18.389, 21.61, 20.569, 19.538, 19.188, 19.025, 19.38, 20.533, 21.206, 20.706, 19.684, 19.361, 19.318, 18.464, 17.169, 16.033, 16.567, 16.093, 15.321, 16.068, 17.2, 16.528, 14.96, 14.099, 14.317, 14.444, 12.738, 9.835, 10.86, 11.266, 9.955, 11.027, 12.268, 10.135, 10.864, 13.31, 13.675, 13.667, 13.711, 13.861, 13.928, 13.484, 11.7, 10.914, 11.415, 10.276, 8.654, 8.846, 10.488, 11.538, 11.001, 10.617, 12.255, 12.246, 10.319, 9.021, 9.15, 10.004, 10.796, 11.13, 11.513, 11.986, 12.983, 13.358], [5.421, 5.583, 5.711, 8.038, 10.67, 8.871, 4.566, 0.0, 3.597, 5.441, 6.775, 7.519, 8.243, 8.892, 11.12, 14.432, 17.503, 17.728, 18.64, 20.987, 23.829, 25.175, 26.065, 27.295, 27.97, 28.227, 27.05, 26.76, 28.137, 29.095, 28.539, 28.028, 27.668, 27.961, 29.074, 29.692, 29.3, 28.987, 29.246, 28.586, 26.104, 22.683, 20.802, 21.184, 20.215, 16.632, 13.421, 12.555, 12.374, 10.439, 8.122, 8.124, 9.001, 8.413, 6.835, 8.067, 9.021, 6.746, 3.033, 2.908, 3.848, 5.095, 5.323, 4.329, 2.952, 1.856, 1.809, 2.517, 2.466, 2.402, 4.484, 4.051, 2.196, 1.688, 1.912, 1.826, 2.255, 2.985, 3.139, 2.9, 4.046, 4.06, 3.756, 5.32, 6.138, 7.202, 8.458, 9.549, 10.27, 11.0, 10.516, 9.639, 11.824, 14.337, 14.851, 14.363, 15.353, 16.503, 17.514, 18.472, 16.015, 13.874, 13.308, 13.087, 12.77, 12.6, 12.553, 13.374, 14.031, 15.628, 16.563, 16.586, 14.771, 13.833, 13.227, 12.499, 12.071, 12.195, 11.593, 10.962, 11.453, 12.156, 11.956, 11.591, 11.071, 11.714, 11.142, 9.825, 8.516, 7.538, 8.401, 8.191, 7.149, 7.154, 6.178, 4.331, 3.096, 3.841, 4.615, 3.326, 6.297, 5.75, 14.749, 18.015, 17.095, 16.016, 15.127, 15.441, 15.822, 16.653, 17.062, 16.649, 15.661, 15.337, 15.387, 14.36, 13.133, 12.453, 12.531, 11.911, 11.271, 11.942, 12.933, 12.431, 11.043, 10.309, 10.644, 10.181, 8.474, 6.243, 6.889, 7.414, 6.508, 7.394, 8.283, 6.324, 6.579, 8.903, 9.618, 10.029, 9.784, 9.864, 10.031, 9.635, 7.865, 6.641, 6.897, 5.936, 4.975, 5.411, 6.92, 7.238, 6.738, 6.282, 7.756, 7.703, 5.939, 4.834, 5.072, 5.66, 6.341, 6.611, 7.111, 7.561, 8.85, 9.392], [8.855, 9.005, 9.093, 11.435, 14.004, 12.283, 8.123, 3.597, 0.0, 2.182, 3.685, 4.39, 5.155, 6.724, 8.456, 11.522, 14.436, 14.656, 15.582, 17.849, 20.56, 21.892, 22.741, 23.954, 24.672, 24.918, 23.715, 23.427, 24.755, 25.746, 25.246, 24.617, 24.317, 24.556, 25.725, 26.333, 25.913, 25.641, 25.841, 25.155, 22.772, 19.311, 17.456, 17.821, 16.823, 13.236, 10.063, 9.287, 8.994, 6.969, 5.284, 5.244, 6.208, 5.697, 4.584, 5.995, 6.466, 3.833, 2.528, 2.739, 1.828, 2.467, 2.683, 2.173, 2.329, 3.27, 2.824, 2.988, 3.435, 5.059, 7.948, 7.499, 5.386, 4.324, 4.073, 3.899, 3.752, 3.532, 3.697, 4.615, 6.259, 5.867, 4.202, 3.949, 5.119, 6.217, 6.875, 8.0, 8.762, 9.279, 8.57, 7.627, 8.547, 11.019, 11.867, 11.248, 12.03, 13.218, 14.151, 15.087, 12.72, 10.496, 10.087, 9.672, 9.464, 9.535, 9.494, 10.111, 10.651, 12.233, 13.222, 13.093, 11.371, 10.473, 9.864, 9.111, 8.612, 8.825, 8.705, 9.003, 9.446, 10.0, 9.873, 9.602, 9.188, 9.491, 8.96, 8.047, 7.17, 7.252, 8.519, 7.632, 6.379, 6.232, 5.712, 5.934, 4.669, 4.864, 5.172, 6.456, 9.601, 4.591, 12.298, 15.397, 14.662, 13.59, 12.267, 12.971, 13.446, 13.921, 13.993, 13.586, 12.62, 12.272, 12.539, 11.739, 10.843, 10.242, 10.258, 9.539, 8.726, 8.876, 10.147, 9.891, 8.123, 7.766, 8.098, 7.417, 5.226, 4.048, 4.791, 5.157, 4.561, 4.906, 5.672, 4.883, 5.325, 6.235, 7.161, 7.671, 6.886, 6.746, 7.144, 6.727, 5.272, 4.105, 3.665, 2.75, 2.842, 3.623, 4.921, 4.652, 3.662, 3.105, 4.393, 4.37, 2.799, 1.735, 1.991, 2.383, 3.052, 3.355, 4.015, 4.579, 5.739, 6.424], [10.548, 10.676, 10.778, 13.082, 15.696, 13.938, 9.761, 5.441, 2.182, 0.0, 1.843, 2.621, 3.499, 4.913, 6.772, 9.771, 12.652, 12.899, 13.786, 16.048, 18.898, 20.208, 21.15, 22.332, 23.019, 23.253, 22.105, 21.827, 23.18, 24.154, 23.545, 22.928, 22.586, 22.839, 24.057, 24.651, 24.231, 23.989, 24.16, 23.579, 21.143, 17.727, 15.867, 16.249, 15.276, 11.654, 8.375, 7.547, 7.357, 5.396, 3.676, 3.96, 4.532, 4.01, 4.301, 4.828, 4.829, 2.247, 3.697, 4.328, 2.51, 1.828, 2.006, 2.635, 3.663, 4.93, 4.546, 4.325, 4.742, 6.748, 9.66, 9.279, 7.105, 6.112, 5.91, 5.723, 5.51, 5.241, 5.239, 6.314, 7.916, 7.547, 5.038, 4.697, 5.619, 6.497, 6.678, 7.705, 7.731, 7.833, 7.29, 6.677, 7.034, 9.323, 10.097, 9.483, 10.294, 11.529, 12.57, 13.517, 11.061, 9.011, 8.398, 8.134, 7.864, 7.848, 7.756, 8.333, 8.933, 10.686, 11.597, 11.52, 9.817, 8.919, 8.308, 7.554, 7.094, 7.345, 7.097, 7.527, 8.014, 8.436, 8.255, 8.593, 8.449, 8.435, 8.103, 7.322, 6.625, 7.41, 9.026, 8.058, 6.556, 6.369, 6.34, 6.683, 5.824, 6.01, 6.132, 8.074, 11.3, 4.85, 10.588, 13.711, 13.123, 12.005, 10.572, 11.391, 11.802, 12.239, 12.289, 11.768, 10.896, 10.458, 10.71, 10.005, 9.377, 8.577, 8.744, 8.048, 7.108, 7.181, 8.481, 8.309, 6.419, 6.144, 6.457, 5.742, 3.88, 4.353, 4.238, 4.413, 4.655, 4.329, 4.197, 5.401, 5.632, 5.172, 5.827, 6.271, 5.203, 5.059, 5.447, 5.024, 3.662, 3.478, 2.382, 2.288, 3.099, 3.936, 3.882, 3.208, 1.969, 1.767, 2.707, 2.816, 1.419, 1.573, 1.545, 1.418, 1.621, 1.821, 2.457, 2.974, 3.894, 4.717], [11.715, 11.822, 11.914, 14.231, 16.82, 15.122, 11.013, 6.775, 3.685, 1.843, 0.0, 1.382, 2.2, 3.774, 5.325, 8.277, 11.365, 11.516, 12.481, 14.804, 17.628, 19.017, 19.863, 21.128, 21.819, 22.071, 20.88, 20.61, 21.947, 22.941, 22.386, 21.746, 21.461, 21.694, 22.851, 23.482, 23.064, 22.813, 22.991, 22.339, 19.979, 16.554, 14.664, 15.077, 14.104, 10.497, 7.2, 6.383, 6.168, 4.217, 3.302, 3.761, 3.987, 3.899, 4.964, 5.149, 4.25, 2.149, 4.944, 5.559, 3.671, 2.579, 2.888, 3.668, 4.774, 6.075, 5.792, 5.466, 5.893, 7.959, 10.866, 10.603, 8.301, 7.371, 7.227, 7.036, 6.819, 6.494, 6.428, 7.516, 9.132, 8.716, 6.045, 5.76, 6.477, 6.935, 6.998, 8.052, 7.76, 7.684, 7.12, 6.653, 6.265, 8.026, 8.516, 7.895, 8.965, 10.256, 11.371, 12.363, 9.77, 7.78, 7.182, 6.949, 6.543, 6.433, 6.396, 7.027, 7.644, 9.496, 10.381, 10.297, 8.597, 7.723, 7.124, 6.372, 5.887, 6.015, 5.801, 6.713, 7.463, 7.572, 7.553, 8.357, 8.326, 8.291, 8.0, 7.23, 6.616, 7.743, 9.593, 8.55, 6.901, 6.749, 6.97, 7.761, 6.926, 7.095, 7.191, 9.243, 12.437, 5.817, 9.342, 12.181, 11.909, 11.013, 9.379, 10.307, 10.447, 10.722, 10.684, 10.24, 9.316, 8.972, 9.143, 8.713, 8.215, 7.826, 7.816, 7.152, 5.956, 6.313, 7.429, 7.1, 5.248, 5.142, 5.57, 4.95, 4.27, 4.992, 4.845, 4.746, 5.156, 4.825, 4.272, 6.139, 6.343, 5.38, 5.604, 5.917, 4.835, 4.215, 4.306, 3.841, 3.327, 4.13, 2.886, 2.898, 3.909, 4.8, 4.193, 3.06, 2.04, 2.109, 2.339, 1.743, 2.009, 2.727, 2.798, 2.55, 2.479, 1.705, 1.612, 1.972, 2.617, 3.231], [12.553, 12.782, 12.807, 15.111, 17.723, 16.048, 11.879, 7.519, 4.39, 2.621, 1.382, 0.0, 1.607, 3.435, 5.257, 7.813, 10.788, 11.007, 11.934, 14.249, 17.044, 18.371, 19.203, 20.442, 21.072, 21.312, 20.15, 19.913, 21.232, 22.201, 21.636, 21.026, 20.723, 20.945, 22.02, 22.709, 22.302, 22.059, 22.147, 21.529, 19.192, 15.757, 13.901, 14.282, 13.289, 9.704, 6.424, 5.686, 5.292, 3.868, 3.76, 4.156, 4.27, 4.426, 5.459, 5.72, 4.609, 2.683, 5.651, 6.337, 4.524, 3.44, 3.902, 4.523, 5.743, 6.952, 6.435, 6.137, 6.657, 8.762, 11.713, 11.269, 9.169, 8.267, 8.07, 7.854, 7.742, 7.483, 7.486, 8.535, 10.192, 9.703, 7.01, 6.492, 7.105, 7.529, 7.508, 8.585, 8.061, 7.713, 7.116, 6.791, 5.8, 7.536, 8.2, 7.566, 8.496, 9.727, 10.638, 11.57, 9.219, 7.137, 6.517, 6.178, 5.937, 5.915, 5.947, 6.476, 7.123, 8.727, 9.706, 9.614, 7.809, 6.945, 6.386, 5.614, 5.151, 5.299, 5.475, 6.416, 7.469, 7.575, 7.697, 8.542, 8.475, 8.448, 8.198, 7.501, 7.029, 8.309, 10.163, 9.152, 7.481, 7.26, 7.528, 8.495, 7.834, 8.034, 8.122, 10.212, 13.447, 6.622, 9.044, 12.102, 11.761, 10.835, 9.182, 10.144, 10.181, 10.617, 10.42, 9.897, 9.179, 8.73, 8.823, 8.387, 7.885, 7.694, 7.615, 6.849, 5.745, 6.124, 7.102, 6.685, 5.009, 4.94, 5.62, 4.954, 4.603, 5.626, 5.395, 5.251, 5.717, 5.342, 4.851, 6.762, 6.734, 5.788, 5.68, 5.984, 4.955, 4.651, 4.687, 4.092, 3.836, 4.527, 3.159, 3.545, 4.744, 5.503, 4.845, 3.352, 2.471, 2.465, 2.333, 1.582, 2.672, 3.65, 3.674, 3.149, 2.834, 2.111, 1.726, 2.198, 2.63, 3.199], [13.382, 13.625, 13.66, 15.994, 18.604, 16.905, 12.661, 8.243, 5.155, 3.499, 2.2, 1.607, 0.0, 2.223, 4.098, 6.991, 9.872, 10.169, 11.031, 13.316, 16.135, 17.382, 18.339, 19.432, 20.114, 20.372, 19.236, 18.948, 20.287, 21.291, 20.699, 20.141, 19.834, 20.122, 21.125, 21.768, 21.371, 21.173, 21.297, 20.668, 18.239, 14.8, 12.971, 13.318, 12.331, 8.739, 5.448, 4.71, 4.46, 3.304, 3.111, 3.546, 3.622, 3.809, 5.041, 5.022, 3.871, 2.65, 6.395, 7.158, 5.364, 4.321, 4.678, 5.47, 6.62, 7.83, 7.266, 6.948, 7.412, 9.519, 12.489, 12.004, 9.951, 8.969, 8.76, 8.567, 8.386, 8.176, 8.201, 9.324, 10.979, 10.555, 7.269, 6.088, 6.506, 6.875, 6.889, 7.974, 7.344, 6.79, 6.172, 5.872, 4.639, 6.55, 7.414, 6.807, 7.593, 8.762, 9.654, 10.596, 8.259, 6.02, 5.552, 5.193, 4.873, 4.918, 4.89, 5.618, 6.3, 7.772, 8.718, 8.79, 6.841, 6.002, 5.507, 4.686, 4.188, 4.388, 4.251, 5.499, 6.502, 6.575, 6.835, 7.716, 7.584, 7.536, 7.392, 6.708, 6.266, 7.623, 9.511, 8.477, 6.801, 6.538, 6.883, 8.779, 8.67, 8.715, 8.535, 11.057, 14.293, 6.42, 7.927, 10.909, 10.58, 9.707, 8.008, 8.931, 9.001, 9.424, 9.538, 9.167, 8.163, 7.823, 7.932, 7.128, 6.62, 6.643, 6.53, 5.659, 4.642, 5.125, 5.963, 5.376, 3.959, 4.018, 4.772, 4.035, 3.952, 5.062, 4.865, 4.496, 5.072, 4.752, 4.196, 6.156, 6.065, 5.066, 4.791, 5.097, 4.213, 4.065, 4.079, 3.484, 3.33, 3.84, 2.752, 3.612, 4.918, 5.279, 4.44, 2.825, 2.863, 3.468, 2.835, 2.169, 3.349, 4.367, 4.689, 3.904, 3.534, 3.044, 2.529, 2.158, 2.766, 2.222], [13.324, 13.469, 13.608, 15.961, 18.578, 16.785, 12.474, 8.892, 6.724, 4.913, 3.774, 3.435, 2.223, 0.0, 2.862, 6.303, 9.395, 9.706, 10.464, 12.839, 15.858, 17.205, 18.132, 19.364, 20.076, 20.29, 19.155, 18.831, 20.215, 21.177, 20.583, 20.078, 19.723, 20.021, 21.146, 21.778, 21.373, 21.106, 21.326, 20.748, 18.26, 14.823, 12.958, 13.345, 12.36, 8.743, 5.51, 4.607, 4.552, 3.83, 3.143, 3.532, 3.368, 3.52, 4.399, 3.597, 2.714, 3.419, 6.995, 8.111, 6.522, 5.187, 5.353, 6.024, 7.032, 8.185, 8.012, 7.081, 7.352, 9.455, 12.376, 12.367, 9.995, 9.152, 9.023, 8.756, 8.265, 7.87, 7.93, 9.126, 10.78, 10.315, 6.97, 5.328, 5.58, 5.74, 5.74, 6.723, 5.728, 4.907, 4.46, 4.28, 4.554, 6.413, 6.484, 6.094, 7.185, 8.463, 9.649, 10.602, 8.041, 6.023, 5.427, 5.229, 4.86, 4.634, 4.61, 5.384, 6.097, 7.775, 8.651, 8.755, 6.935, 6.009, 5.506, 4.753, 4.361, 4.434, 3.732, 3.631, 4.568, 4.597, 4.893, 5.821, 5.568, 5.595, 5.783, 5.065, 4.726, 6.353, 8.381, 7.189, 5.524, 5.179, 5.875, 8.368, 8.574, 8.602, 8.419, 10.958, 14.209, 5.82, 6.29, 9.503, 8.764, 7.794, 7.062, 7.144, 7.276, 8.31, 8.936, 8.421, 7.429, 7.044, 7.034, 6.142, 5.099, 4.595, 4.927, 4.281, 3.455, 4.271, 5.147, 4.344, 3.006, 2.681, 3.393, 3.537, 4.296, 4.41, 4.36, 3.599, 3.877, 3.879, 3.65, 5.496, 5.664, 4.841, 3.935, 3.556, 3.789, 3.823, 3.787, 3.176, 3.146, 3.956, 3.957, 4.819, 4.724, 4.645, 3.82, 3.014, 3.942, 4.824, 4.5, 3.946, 4.747, 5.606, 5.889, 5.386, 5.175, 4.651, 4.179, 3.53, 3.42, 2.192], [15.326, 15.452, 15.566, 17.927, 20.426, 18.705, 14.729, 11.12, 8.456, 6.772, 5.325, 5.257, 4.098, 2.862, 0.0, 4.363, 7.509, 7.753, 8.466, 10.867, 13.838, 15.197, 16.122, 17.351, 18.165, 18.434, 17.156, 16.836, 18.234, 19.197, 18.654, 18.052, 17.746, 18.069, 19.261, 19.888, 19.466, 19.172, 19.399, 18.781, 16.39, 13.001, 11.001, 11.471, 10.45, 6.905, 5.24, 3.593, 3.283, 2.989, 3.627, 3.697, 3.046, 3.443, 5.014, 3.992, 2.72, 4.977, 9.214, 10.173, 8.352, 6.938, 6.946, 7.738, 8.939, 10.294, 10.2, 9.508, 9.685, 11.633, 14.527, 14.828, 12.261, 11.401, 11.211, 11.012, 10.466, 9.862, 9.806, 10.993, 12.512, 12.021, 8.665, 6.119, 6.066, 5.184, 5.089, 5.4, 4.145, 3.54, 3.154, 3.068, 2.759, 4.392, 4.209, 3.859, 5.172, 6.528, 7.737, 8.734, 6.095, 4.126, 3.511, 3.421, 3.552, 3.364, 3.145, 3.619, 3.946, 5.817, 6.681, 6.625, 4.997, 4.052, 3.584, 2.975, 2.832, 2.907, 2.036, 2.348, 3.03, 2.966, 3.292, 3.984, 3.916, 3.723, 3.786, 3.456, 3.662, 6.377, 7.622, 6.044, 5.032, 4.821, 7.003, 10.321, 10.513, 10.379, 10.128, 12.801, 15.943, 6.93, 4.499, 7.131, 6.796, 5.917, 5.114, 5.19, 5.53, 5.996, 6.646, 6.168, 5.118, 4.982, 4.878, 4.532, 3.735, 3.283, 3.527, 2.955, 1.76, 2.504, 3.443, 2.773, 1.712, 1.386, 1.806, 2.574, 4.003, 5.166, 4.832, 4.023, 5.061, 4.332, 3.793, 5.455, 5.446, 3.693, 2.901, 2.569, 2.878, 3.149, 2.774, 2.66, 3.812, 4.969, 5.205, 6.012, 6.434, 6.16, 4.939, 4.231, 5.414, 6.437, 6.01, 5.345, 6.25, 7.077, 7.377, 7.077, 6.876, 6.12, 5.756, 4.695, 4.167, 2.707], [19.433, 19.56, 19.719, 22.061, 24.679, 22.881, 18.638, 14.432, 11.522, 9.771, 8.277, 7.813, 6.991, 6.303, 4.363, 0.0, 3.29, 3.507, 4.378, 6.73, 9.623, 11.013, 11.9, 13.166, 13.908, 14.157, 12.941, 12.632, 14.023, 14.969, 14.476, 13.959, 13.599, 13.877, 15.029, 15.667, 15.264, 14.919, 15.217, 14.558, 12.102, 8.684, 6.735, 7.148, 6.183, 4.997, 5.155, 4.133, 3.687, 5.059, 6.747, 7.18, 6.69, 7.011, 8.679, 7.911, 6.646, 8.409, 12.699, 13.335, 11.591, 10.317, 10.819, 11.519, 12.719, 13.93, 13.576, 13.183, 13.477, 15.638, 18.524, 18.289, 15.927, 14.902, 14.686, 14.583, 14.25, 13.864, 13.926, 15.141, 16.798, 16.243, 12.79, 10.249, 10.227, 9.129, 8.849, 8.952, 6.526, 5.1, 5.078, 5.439, 3.637, 1.721, 2.321, 2.77, 2.889, 2.968, 3.708, 4.704, 2.447, 2.016, 2.115, 3.171, 3.331, 3.13, 3.108, 2.742, 2.43, 2.815, 2.789, 2.735, 2.282, 2.752, 3.459, 3.737, 3.968, 3.298, 3.426, 4.918, 5.54, 4.179, 4.176, 5.208, 5.033, 4.504, 4.698, 5.435, 7.514, 10.375, 11.505, 9.826, 8.994, 8.882, 11.067, 14.484, 14.646, 14.585, 14.443, 17.069, 20.264, 11.075, 3.156, 4.856, 4.975, 4.255, 2.586, 3.331, 3.209, 3.599, 3.531, 2.859, 2.494, 2.126, 2.053, 1.824, 2.102, 3.209, 3.034, 3.21, 3.585, 3.088, 2.082, 2.718, 3.997, 4.78, 4.76, 4.616, 6.639, 9.285, 8.625, 7.71, 9.127, 8.444, 7.605, 9.218, 8.15, 6.117, 5.474, 5.682, 5.618, 5.598, 5.384, 5.689, 7.259, 8.118, 7.949, 9.14, 10.245, 10.117, 8.455, 7.493, 8.188, 8.737, 8.216, 7.779, 9.372, 10.478, 10.434, 9.667, 9.349, 8.465, 8.243, 7.431, 6.583, 5.967], [22.448, 22.549, 22.862, 25.1, 27.765, 25.927, 21.718, 17.503, 14.436, 12.652, 11.365, 10.788, 9.872, 9.395, 7.509, 3.29, 0.0, 0.925, 1.468, 3.655, 6.816, 7.981, 9.043, 10.107, 11.039, 11.288, 10.031, 9.793, 11.198, 12.128, 11.736, 11.299, 10.922, 11.243, 12.271, 12.912, 12.524, 12.279, 12.458, 11.831, 9.359, 5.922, 4.869, 4.666, 4.326, 4.7, 5.976, 5.861, 6.175, 7.743, 9.803, 10.311, 9.822, 10.201, 11.871, 11.118, 9.761, 11.407, 15.663, 16.282, 14.542, 13.339, 13.885, 14.717, 15.767, 16.993, 16.631, 16.183, 16.515, 18.536, 21.327, 21.188, 18.797, 17.798, 17.462, 17.47, 17.075, 16.797, 16.966, 18.198, 19.958, 19.463, 15.881, 13.338, 13.455, 12.329, 12.015, 12.078, 9.548, 7.872, 7.916, 8.255, 6.179, 3.776, 3.605, 3.971, 3.438, 2.849, 2.854, 3.398, 2.315, 4.109, 4.47, 5.294, 5.104, 5.035, 5.105, 4.752, 4.354, 4.075, 3.191, 3.084, 3.942, 4.826, 5.464, 6.171, 6.321, 5.881, 6.315, 7.997, 8.302, 6.772, 6.835, 8.128, 8.06, 7.43, 7.741, 8.604, 10.702, 13.585, 14.663, 12.928, 12.144, 11.962, 14.107, 17.639, 17.852, 17.804, 17.597, 20.286, 23.391, 14.297, 4.84, 4.308, 5.365, 4.989, 3.838, 4.388, 3.846, 3.706, 3.436, 2.993, 3.748, 3.782, 3.512, 3.615, 4.851, 6.158, 5.613, 5.904, 6.624, 5.974, 4.792, 5.301, 6.887, 7.939, 7.785, 7.423, 9.313, 12.485, 11.812, 10.804, 12.339, 11.663, 10.765, 12.352, 11.231, 8.981, 8.284, 8.528, 8.423, 8.36, 8.282, 8.741, 10.316, 10.927, 10.867, 12.173, 13.403, 13.211, 11.61, 10.454, 10.955, 11.582, 10.885, 10.469, 12.398, 13.519, 13.229, 12.244, 11.975, 11.264, 10.587, 10.071, 9.295, 9.118], [22.692, 22.765, 23.083, 25.341, 27.999, 26.168, 21.997, 17.728, 14.656, 12.899, 11.516, 11.007, 10.169, 9.706, 7.753, 3.507, 0.925, 0.0, 1.401, 3.393, 6.322, 7.666, 8.582, 9.844, 10.714, 10.95, 9.682, 9.393, 10.86, 11.792, 11.407, 10.898, 10.539, 10.802, 11.917, 12.559, 12.155, 11.842, 12.105, 11.448, 9.004, 5.692, 4.739, 4.646, 4.407, 4.877, 6.093, 6.109, 6.476, 8.069, 10.004, 10.499, 10.016, 10.408, 12.121, 11.324, 9.97, 11.574, 16.0, 16.604, 14.704, 13.543, 14.08, 14.913, 16.004, 17.25, 16.932, 16.531, 16.84, 18.844, 21.604, 21.557, 19.043, 18.117, 17.847, 17.808, 17.425, 17.052, 17.185, 18.408, 20.154, 19.656, 16.067, 13.576, 13.647, 12.519, 12.198, 12.267, 9.739, 8.164, 8.185, 8.526, 6.458, 4.0, 3.892, 4.204, 3.641, 2.948, 3.077, 3.427, 2.509, 4.434, 4.787, 5.667, 5.477, 5.343, 5.356, 4.902, 4.47, 4.4, 3.343, 3.148, 4.257, 5.131, 5.773, 6.48, 6.684, 6.095, 6.607, 8.192, 8.484, 6.889, 6.997, 8.325, 8.247, 7.627, 7.936, 8.773, 10.904, 13.79, 14.874, 13.13, 12.344, 12.191, 14.323, 17.86, 18.066, 17.998, 17.791, 20.48, 23.585, 14.495, 4.934, 4.239, 5.358, 5.012, 3.844, 4.461, 3.832, 3.573, 3.329, 2.891, 3.789, 3.922, 3.666, 3.803, 5.117, 6.346, 5.782, 6.086, 6.835, 6.162, 4.959, 5.717, 7.149, 8.129, 7.998, 7.643, 9.543, 12.687, 11.991, 11.068, 12.532, 11.872, 10.943, 12.539, 11.42, 9.131, 8.477, 8.711, 8.595, 8.512, 8.452, 8.951, 10.578, 11.298, 11.056, 12.328, 13.639, 13.451, 11.839, 10.71, 11.138, 11.776, 11.131, 10.832, 12.559, 13.685, 13.443, 12.514, 12.312, 11.462, 10.992, 10.45, 9.459, 9.276], [23.447, 23.562, 23.852, 26.085, 28.74, 26.91, 22.777, 18.64, 15.582, 13.786, 12.481, 11.934, 11.031, 10.464, 8.466, 4.378, 1.468, 1.401, 0.0, 2.615, 5.792, 6.916, 7.98, 9.02, 9.922, 10.223, 8.953, 8.712, 10.069, 11.02, 10.633, 10.208, 9.855, 10.141, 11.163, 11.799, 11.425, 11.186, 11.336, 10.742, 8.3, 5.133, 4.829, 4.599, 4.644, 5.558, 6.71, 6.71, 7.268, 8.862, 10.873, 11.326, 10.807, 11.263, 12.846, 12.074, 10.743, 12.467, 16.744, 17.384, 15.615, 14.382, 14.908, 15.736, 16.789, 18.074, 17.733, 17.248, 17.55, 19.539, 22.407, 22.352, 19.925, 18.906, 18.539, 18.544, 18.114, 17.822, 17.946, 19.179, 20.915, 20.407, 16.835, 14.314, 14.407, 13.274, 12.916, 12.968, 10.516, 8.885, 8.921, 9.372, 7.316, 4.883, 4.623, 4.963, 4.29, 3.659, 3.603, 3.53, 3.306, 5.267, 5.547, 6.363, 6.214, 6.149, 6.219, 5.857, 5.37, 4.838, 3.843, 3.797, 4.804, 5.885, 6.417, 7.123, 7.432, 7.024, 7.395, 8.956, 9.202, 7.6, 7.753, 9.016, 8.96, 8.356, 8.659, 9.592, 11.656, 14.555, 15.625, 13.882, 13.088, 12.915, 15.1, 18.616, 18.864, 18.786, 18.529, 21.229, 24.338, 15.254, 5.394, 4.167, 5.756, 5.431, 4.32, 4.939, 4.161, 3.611, 3.397, 3.08, 4.351, 4.498, 4.363, 4.532, 5.876, 7.065, 6.486, 6.902, 7.657, 6.998, 5.868, 6.408, 7.862, 8.906, 8.763, 8.554, 10.411, 13.445, 12.858, 11.876, 13.298, 12.625, 11.806, 13.353, 12.367, 10.092, 9.274, 9.479, 9.391, 9.393, 9.242, 9.678, 11.317, 12.092, 12.023, 13.284, 14.409, 14.235, 12.671, 11.576, 12.103, 12.694, 11.852, 11.58, 13.534, 14.559, 14.255, 13.331, 13.072, 12.394, 11.834, 11.188, 10.277, 10.082], [25.8, 25.876, 26.208, 28.481, 31.095, 29.291, 25.139, 20.987, 17.849, 16.048, 14.804, 14.249, 13.316, 12.839, 10.867, 6.73, 3.655, 3.393, 2.615, 0.0, 3.292, 4.579, 5.561, 6.599, 7.526, 7.772, 6.51, 6.26, 7.685, 8.591, 8.216, 7.749, 7.397, 7.733, 8.777, 9.418, 9.028, 8.772, 8.963, 8.409, 6.475, 5.159, 5.825, 5.482, 5.817, 7.061, 8.795, 8.973, 9.545, 11.139, 13.258, 13.702, 13.197, 13.641, 15.244, 14.45, 13.101, 14.8, 19.151, 19.782, 17.952, 16.771, 17.297, 18.121, 19.19, 20.481, 20.137, 19.671, 19.983, 21.934, 24.76, 24.704, 22.271, 21.287, 20.95, 20.955, 20.525, 20.196, 20.315, 21.522, 23.227, 22.714, 19.179, 16.69, 16.742, 15.596, 15.214, 15.246, 12.813, 11.239, 11.331, 11.722, 9.543, 7.154, 6.986, 7.343, 6.515, 5.74, 5.169, 4.786, 5.486, 7.513, 7.847, 8.663, 8.505, 8.498, 8.507, 8.123, 7.633, 7.093, 6.035, 6.022, 7.147, 8.15, 8.656, 9.418, 9.725, 9.302, 9.776, 11.281, 11.517, 9.912, 10.052, 11.301, 11.279, 10.673, 10.996, 11.961, 14.01, 16.883, 17.941, 16.19, 15.431, 15.286, 17.472, 20.98, 21.18, 21.083, 20.838, 23.561, 26.662, 17.582, 7.308, 5.089, 6.961, 7.142, 6.407, 6.922, 6.03, 5.324, 5.102, 5.127, 6.544, 6.76, 6.678, 6.875, 8.284, 9.432, 8.848, 9.257, 10.044, 9.392, 8.217, 8.771, 10.272, 11.28, 11.155, 10.882, 12.692, 15.849, 15.231, 14.276, 15.688, 14.982, 14.178, 15.736, 14.716, 12.419, 11.674, 11.837, 11.784, 11.741, 11.645, 12.066, 13.726, 14.426, 14.299, 15.591, 16.783, 16.581, 15.06, 13.951, 14.394, 14.977, 14.149, 13.884, 15.805, 16.88, 16.605, 15.611, 15.312, 14.673, 14.081, 13.518, 12.66, 12.451], [28.738, 28.807, 29.127, 31.431, 34.024, 32.23, 28.125, 23.829, 20.56, 18.898, 17.628, 17.044, 16.135, 15.858, 13.838, 9.623, 6.816, 6.322, 5.792, 3.292, 0.0, 1.829, 2.616, 3.702, 4.656, 4.919, 3.735, 3.481, 4.865, 5.584, 5.253, 4.889, 4.942, 5.346, 6.234, 6.518, 6.13, 5.877, 6.24, 6.061, 5.631, 5.429, 6.359, 6.181, 6.711, 8.539, 10.992, 11.577, 12.057, 13.86, 16.128, 16.575, 16.048, 16.549, 18.22, 17.396, 16.037, 17.617, 22.173, 22.803, 20.8, 19.662, 20.094, 21.011, 22.134, 23.38, 23.067, 22.709, 22.979, 24.938, 27.792, 27.728, 25.26, 24.338, 24.057, 23.989, 23.596, 23.148, 23.257, 24.451, 26.075, 25.534, 22.087, 19.64, 19.681, 18.511, 18.095, 18.083, 15.753, 14.293, 14.315, 14.717, 12.344, 9.77, 9.866, 10.189, 8.994, 7.813, 7.121, 6.572, 8.034, 10.288, 10.819, 11.31, 11.454, 11.5, 11.464, 10.839, 10.173, 9.327, 8.016, 7.941, 9.65, 10.556, 11.229, 11.977, 12.377, 11.954, 12.776, 14.228, 14.434, 12.844, 13.0, 14.217, 14.185, 13.553, 13.872, 14.855, 16.922, 19.808, 20.791, 19.069, 18.34, 18.242, 20.404, 23.892, 24.115, 23.965, 23.719, 26.446, 29.535, 20.521, 10.185, 7.449, 9.528, 9.837, 9.254, 9.735, 8.895, 8.17, 7.804, 7.942, 9.32, 9.614, 9.521, 9.872, 11.217, 12.383, 11.758, 12.181, 12.973, 12.268, 11.069, 11.912, 13.264, 14.214, 14.073, 13.82, 15.604, 18.777, 18.026, 17.197, 18.617, 17.922, 16.953, 18.607, 17.52, 15.217, 14.585, 14.764, 14.664, 14.576, 14.515, 14.994, 16.691, 17.488, 17.104, 18.318, 19.731, 19.505, 17.964, 16.837, 17.295, 17.787, 16.647, 16.649, 18.595, 19.671, 19.389, 18.417, 17.858, 17.365, 17.186, 16.532, 15.487, 15.304], [30.108, 30.167, 30.504, 32.79, 35.392, 33.599, 29.48, 25.175, 21.892, 20.208, 19.017, 18.371, 17.382, 17.205, 15.197, 11.013, 7.981, 7.666, 6.916, 4.579, 1.829, 0.0, 1.389, 2.625, 3.91, 4.104, 3.101, 2.939, 4.01, 4.517, 4.268, 4.237, 4.601, 5.099, 5.8, 5.837, 5.47, 5.368, 5.582, 5.844, 5.785, 5.558, 6.451, 6.266, 7.006, 9.508, 12.121, 12.802, 13.286, 15.098, 17.537, 17.96, 17.461, 17.874, 19.58, 18.754, 17.419, 19.014, 23.46, 24.141, 22.223, 21.088, 21.515, 22.418, 23.484, 24.776, 24.392, 24.037, 24.342, 26.271, 29.093, 28.982, 26.581, 25.668, 25.311, 25.275, 24.894, 24.526, 24.641, 25.823, 27.461, 26.931, 23.477, 21.017, 21.065, 19.892, 19.478, 19.478, 17.079, 15.608, 15.663, 16.031, 13.541, 11.12, 11.245, 11.606, 10.429, 9.114, 8.097, 7.501, 9.447, 11.501, 11.983, 12.455, 12.668, 12.766, 12.787, 12.224, 11.589, 10.187, 8.925, 9.102, 10.773, 11.682, 12.329, 13.075, 13.504, 13.256, 14.022, 15.611, 15.813, 14.232, 14.362, 15.552, 15.581, 14.949, 15.26, 16.246, 18.308, 21.166, 22.188, 20.443, 19.732, 19.611, 21.786, 25.274, 25.48, 25.335, 25.093, 27.842, 30.916, 21.883, 11.56, 8.832, 10.897, 11.208, 10.642, 11.143, 10.302, 9.597, 9.249, 9.378, 10.738, 11.001, 10.895, 11.218, 12.568, 13.738, 13.151, 13.546, 14.344, 13.679, 12.497, 13.074, 14.603, 15.602, 15.485, 15.19, 16.933, 20.158, 19.461, 18.606, 20.02, 19.293, 18.382, 20.02, 18.924, 16.633, 15.994, 16.153, 16.074, 16.015, 15.941, 16.385, 18.05, 18.749, 18.458, 19.698, 21.114, 20.901, 19.333, 18.2, 18.66, 19.128, 17.847, 17.796, 19.953, 20.993, 20.742, 19.724, 19.042, 18.708, 18.355, 17.764, 16.926, 16.707], [31.043, 31.109, 31.421, 33.707, 36.32, 34.525, 30.397, 26.065, 22.741, 21.15, 19.863, 19.203, 18.339, 18.132, 16.122, 11.9, 9.043, 8.582, 7.98, 5.561, 2.616, 1.389, 0.0, 1.861, 2.994, 3.165, 2.343, 2.385, 3.082, 3.545, 3.485, 3.339, 3.874, 4.397, 4.943, 4.933, 4.531, 4.345, 4.717, 5.107, 5.104, 5.062, 6.444, 6.326, 7.34, 10.159, 13.127, 13.757, 14.123, 16.029, 18.389, 18.849, 18.324, 18.796, 20.488, 19.679, 18.308, 19.891, 24.41, 25.062, 23.056, 21.943, 22.362, 23.291, 24.382, 25.633, 25.313, 24.989, 25.277, 27.244, 30.085, 29.884, 27.524, 26.595, 26.3, 26.227, 25.864, 25.43, 25.542, 26.744, 28.361, 27.816, 24.387, 21.931, 21.98, 20.81, 20.382, 20.371, 18.044, 16.561, 16.605, 16.976, 14.483, 12.042, 12.137, 12.479, 11.281, 10.069, 9.015, 8.225, 10.326, 12.417, 13.023, 13.362, 13.691, 13.762, 13.739, 13.063, 12.394, 10.93, 9.888, 9.841, 11.79, 12.485, 13.167, 13.935, 14.385, 14.029, 14.993, 16.52, 16.726, 15.122, 15.279, 16.492, 16.467, 15.849, 16.156, 17.1, 19.206, 22.099, 23.078, 21.362, 20.61, 20.54, 22.694, 26.199, 26.388, 26.248, 26.016, 28.756, 31.83, 22.813, 12.477, 9.717, 11.744, 12.102, 11.529, 12.032, 11.19, 10.422, 10.006, 10.226, 11.571, 11.895, 11.784, 12.127, 13.455, 14.665, 14.027, 14.439, 15.215, 14.554, 13.342, 14.131, 15.55, 16.468, 16.362, 16.085, 17.848, 21.063, 20.294, 19.45, 20.907, 20.212, 19.185, 20.881, 19.769, 17.473, 16.865, 17.04, 16.935, 16.84, 16.789, 17.283, 18.958, 19.713, 19.327, 20.583, 22.0, 21.794, 20.221, 19.069, 19.557, 20.033, 18.694, 18.755, 20.836, 21.959, 21.652, 20.685, 20.057, 19.539, 19.397, 18.794, 17.773, 17.577], [32.355, 32.438, 32.702, 34.997, 37.601, 35.808, 31.644, 27.295, 23.954, 22.332, 21.128, 20.442, 19.432, 19.364, 17.351, 13.166, 10.107, 9.844, 9.02, 6.599, 3.702, 2.625, 1.861, 0.0, 1.595, 1.838, 1.322, 1.361, 1.957, 2.371, 2.369, 2.34, 2.871, 3.431, 3.729, 3.596, 3.227, 3.182, 3.497, 3.956, 4.207, 5.119, 7.012, 6.748, 7.875, 11.15, 14.086, 14.859, 15.266, 17.132, 19.666, 20.101, 19.612, 20.02, 21.719, 20.935, 19.58, 21.146, 25.586, 26.226, 24.339, 23.224, 23.663, 24.588, 25.633, 26.915, 26.518, 26.125, 26.451, 28.46, 31.327, 31.062, 28.825, 27.734, 27.411, 27.437, 27.009, 26.721, 26.834, 28.041, 29.677, 29.159, 25.688, 23.181, 23.227, 22.08, 21.663, 21.685, 19.307, 17.727, 17.82, 18.261, 15.697, 13.198, 13.396, 13.741, 12.529, 11.161, 9.932, 9.198, 11.483, 13.521, 14.056, 14.411, 14.693, 14.824, 14.847, 14.319, 13.654, 11.9, 10.881, 11.04, 12.742, 13.613, 14.212, 15.0, 15.456, 15.3, 16.135, 17.784, 17.993, 16.385, 16.556, 17.756, 17.734, 17.13, 17.422, 18.408, 20.487, 23.391, 24.399, 22.648, 21.889, 21.795, 24.013, 27.455, 27.68, 27.543, 27.295, 30.032, 33.119, 24.076, 13.691, 11.038, 13.099, 13.423, 12.787, 13.33, 12.511, 11.741, 11.349, 11.518, 12.87, 13.121, 13.062, 13.326, 14.71, 15.915, 15.316, 15.662, 16.5, 15.839, 14.661, 15.27, 16.808, 17.742, 17.61, 17.31, 19.062, 22.322, 21.591, 20.726, 22.179, 21.473, 20.507, 22.152, 21.062, 18.753, 18.153, 18.323, 18.226, 18.123, 18.078, 18.524, 20.188, 20.837, 20.557, 21.814, 23.257, 23.053, 21.493, 20.354, 20.876, 21.267, 19.822, 19.807, 22.036, 23.103, 22.885, 21.808, 21.091, 20.788, 20.423, 19.876, 19.089, 18.842], [33.243, 33.321, 33.535, 35.886, 38.483, 36.697, 32.366, 27.97, 24.672, 23.019, 21.819, 21.072, 20.114, 20.076, 18.165, 13.908, 11.039, 10.714, 9.922, 7.526, 4.656, 3.91, 2.994, 1.595, 0.0, 1.012, 1.362, 1.545, 1.07, 1.599, 1.684, 1.62, 2.148, 2.695, 2.517, 2.376, 1.988, 1.971, 2.36, 2.92, 3.592, 5.609, 7.493, 7.257, 8.489, 11.833, 14.807, 15.525, 15.851, 17.846, 20.484, 20.859, 20.426, 20.727, 22.48, 21.71, 20.441, 21.999, 26.411, 27.001, 25.165, 24.091, 24.479, 25.326, 26.499, 27.776, 27.307, 26.908, 27.244, 29.352, 32.231, 31.774, 29.705, 28.582, 28.267, 28.299, 27.888, 27.622, 27.723, 28.927, 30.507, 29.875, 26.572, 24.058, 23.995, 22.869, 22.414, 22.485, 20.027, 18.45, 18.688, 19.115, 16.471, 13.963, 14.248, 14.579, 13.36, 12.015, 10.809, 9.96, 12.346, 14.248, 14.847, 15.132, 15.431, 15.59, 15.539, 14.991, 14.412, 12.562, 11.651, 11.721, 13.485, 14.328, 15.025, 15.731, 16.234, 16.044, 16.883, 18.518, 18.85, 17.223, 17.271, 18.646, 18.628, 18.016, 18.249, 19.215, 21.294, 24.12, 25.211, 23.528, 22.733, 22.683, 24.908, 28.213, 28.421, 28.289, 28.141, 30.777, 33.992, 24.835, 14.436, 11.773, 13.921, 14.301, 13.629, 14.214, 13.385, 12.574, 12.127, 12.331, 13.634, 13.844, 13.773, 14.061, 15.468, 16.653, 16.053, 16.46, 17.346, 16.694, 15.525, 16.175, 17.683, 18.548, 18.478, 18.168, 19.914, 23.124, 22.296, 21.537, 22.965, 22.253, 21.235, 22.973, 21.793, 19.563, 19.022, 19.201, 19.082, 18.954, 18.945, 19.334, 21.041, 21.689, 21.317, 22.576, 24.088, 23.883, 22.311, 21.205, 21.725, 21.947, 20.448, 20.46, 22.716, 23.912, 23.752, 22.656, 21.789, 21.53, 21.355, 20.723, 19.937, 19.649], [33.503, 33.575, 33.786, 36.142, 38.744, 36.955, 32.589, 28.227, 24.918, 23.253, 22.071, 21.312, 20.372, 20.29, 18.434, 14.157, 11.288, 10.95, 10.223, 7.772, 4.919, 4.104, 3.165, 1.838, 1.012, 0.0, 1.413, 1.757, 1.172, 1.475, 1.619, 1.627, 1.959, 2.631, 2.511, 2.233, 1.875, 1.809, 2.217, 2.937, 3.55, 5.773, 7.769, 7.503, 8.655, 12.01, 15.059, 15.767, 16.098, 18.121, 20.736, 21.116, 20.68, 20.985, 22.708, 21.952, 20.703, 22.251, 26.686, 27.277, 25.427, 24.339, 24.716, 25.575, 26.766, 28.034, 27.551, 27.177, 27.507, 29.614, 32.474, 31.994, 29.943, 28.809, 28.532, 28.575, 28.161, 27.866, 27.978, 29.189, 30.744, 30.107, 26.826, 24.323, 24.248, 23.131, 22.664, 22.724, 20.261, 18.666, 18.947, 19.374, 16.752, 14.225, 14.499, 14.845, 13.598, 12.218, 11.019, 10.168, 12.546, 14.518, 15.108, 15.373, 15.715, 15.858, 15.824, 15.222, 14.655, 12.818, 11.885, 11.929, 13.75, 14.568, 15.233, 15.99, 16.482, 16.303, 17.16, 18.759, 19.1, 17.475, 17.529, 18.897, 18.875, 18.264, 18.512, 19.458, 21.545, 24.368, 25.448, 23.784, 22.993, 22.947, 25.159, 28.443, 28.667, 28.532, 28.389, 31.02, 34.241, 25.089, 14.671, 11.994, 14.126, 14.529, 13.886, 14.454, 13.636, 12.832, 12.379, 12.582, 13.888, 14.066, 14.01, 14.286, 15.714, 16.876, 16.308, 16.708, 17.614, 16.949, 15.768, 16.398, 17.941, 18.795, 18.734, 18.413, 20.179, 23.375, 22.558, 21.779, 23.211, 22.512, 21.497, 23.231, 22.051, 19.802, 19.278, 19.46, 19.336, 19.195, 19.203, 19.594, 21.319, 21.922, 21.581, 22.833, 24.322, 24.138, 22.569, 21.453, 21.985, 22