[[0.0, 1.297, 2.42, 2.9, 2.326, 1.569, 1.807, 1.892, 2.029, 2.521, 2.74, 3.779, 3.888, 2.727, 2.152, 2.44, 3.358, 3.376, 3.675, 3.987, 3.921, 5.117, 6.821, 6.253, 5.336, 4.092, 3.097, 3.345, 4.216, 5.597, 6.879, 7.565, 8.619, 9.871, 9.278, 8.138, 7.347, 6.607, 6.69, 8.827, 8.693, 7.524, 8.573, 12.223, 12.616, 10.015, 7.433, 5.961, 5.352, 4.476, 3.85, 3.029, 3.204, 2.896, 2.746, 3.293, 3.634, 3.696, 3.908, 4.061, 4.475, 3.846, 4.524, 8.252, 9.404, 7.693, 7.824, 9.493, 11.57, 13.84, 14.512, 14.886, 13.713, 12.308, 12.307, 13.336, 13.74, 14.586, 15.556, 14.961, 12.744, 12.136, 12.498, 11.423, 10.739, 11.999, 12.909, 12.377, 11.153, 9.158, 9.089, 9.5, 9.179, 9.357, 12.075, 13.285, 12.542, 13.037, 14.969, 16.025, 16.716, 16.95, 15.81, 14.238, 14.334, 14.933, 14.164, 13.395, 13.246, 11.96, 9.9, 8.313, 7.817, 7.626, 7.202, 7.434, 7.285, 5.783, 5.386, 3.954, 7.721, 13.579, 14.538, 13.315, 13.794, 16.502, 14.925, 11.616, 12.209, 12.225, 11.608, 11.636, 12.841, 15.184, 15.586, 14.57, 15.528, 15.146, 12.004, 10.089, 9.269, 7.455, 6.969, 6.528, 6.442, 6.216], [1.297, 0.0, 2.222, 2.665, 1.882, 1.25, 1.676, 1.776, 2.124, 2.693, 2.911, 3.723, 3.798, 2.631, 1.931, 2.344, 3.041, 2.805, 3.526, 3.605, 3.404, 5.05, 6.581, 6.024, 5.137, 3.901, 2.893, 3.139, 3.968, 5.366, 6.661, 7.365, 8.414, 9.656, 9.078, 7.999, 7.131, 6.383, 6.45, 8.617, 8.501, 7.334, 8.38, 12.024, 12.408, 9.815, 7.234, 5.762, 5.153, 4.279, 3.511, 2.843, 3.189, 3.073, 2.902, 3.561, 3.901, 3.896, 3.995, 4.054, 4.604, 4.154, 4.765, 8.371, 9.572, 7.878, 8.035, 9.661, 11.792, 13.99, 14.664, 15.036, 13.838, 12.489, 12.538, 13.615, 14.003, 14.783, 15.794, 15.132, 12.992, 12.342, 12.698, 11.646, 10.929, 12.187, 13.092, 12.525, 11.19, 9.092, 9.056, 9.544, 9.227, 9.489, 12.335, 13.48, 12.767, 13.287, 15.189, 16.182, 16.928, 17.183, 15.978, 14.452, 14.567, 15.186, 14.376, 13.573, 13.472, 12.216, 10.119, 8.506, 7.976, 7.647, 7.21, 7.514, 7.252, 5.998, 5.503, 4.184, 7.511, 13.273, 14.374, 13.101, 13.673, 16.369, 14.584, 11.332, 11.969, 12.032, 11.386, 11.324, 12.655, 14.958, 15.399, 14.245, 15.269, 14.956, 11.754, 9.848, 9.061, 7.297, 6.833, 6.375, 6.312, 6.036], [2.42, 2.222, 0.0, 1.272, 1.663, 1.952, 2.679, 3.109, 3.786, 4.646, 4.855, 5.697, 5.651, 4.202, 3.07, 2.794, 2.939, 3.358, 4.054, 3.974, 3.218, 3.561, 4.651, 4.023, 3.137, 2.248, 1.515, 1.518, 2.208, 3.496, 4.755, 5.476, 6.401, 7.649, 7.083, 6.269, 5.216, 4.568, 4.683, 6.609, 6.426, 5.269, 6.371, 9.977, 10.36, 7.78, 5.197, 3.731, 3.21, 2.367, 2.803, 3.273, 3.848, 4.458, 4.64, 5.224, 5.634, 5.515, 5.343, 5.133, 4.834, 4.646, 6.669, 10.307, 11.451, 9.825, 10.095, 11.677, 13.676, 15.786, 16.623, 16.951, 15.754, 14.474, 14.604, 15.644, 15.954, 16.843, 17.814, 17.16, 14.971, 14.36, 14.784, 13.711, 12.986, 14.277, 15.162, 14.378, 12.829, 10.949, 10.961, 11.509, 11.198, 11.519, 14.359, 15.619, 14.781, 15.246, 17.206, 18.19, 18.922, 19.205, 17.972, 16.472, 16.527, 17.144, 16.408, 15.577, 15.453, 14.238, 12.184, 10.606, 9.684, 9.15, 8.89, 9.283, 9.095, 7.742, 7.014, 4.064, 5.601, 11.586, 12.45, 11.154, 11.891, 14.529, 13.03, 10.048, 10.354, 10.419, 9.789, 9.777, 10.711, 12.953, 13.458, 12.739, 13.56, 13.318, 10.222, 8.109, 7.301, 6.703, 6.779, 6.252, 6.303, 6.047], [2.9, 2.665, 1.272, 0.0, 1.741, 2.372, 2.611, 3.162, 4.371, 5.235, 5.433, 6.317, 6.199, 4.758, 3.536, 3.005, 3.202, 3.715, 4.503, 3.788, 3.322, 3.155, 3.991, 3.502, 2.621, 2.019, 1.401, 1.583, 2.135, 3.091, 4.436, 4.903, 5.912, 7.16, 6.532, 5.665, 4.737, 4.034, 4.1, 6.113, 5.899, 4.735, 5.839, 9.398, 9.822, 7.193, 4.618, 3.19, 2.67, 1.949, 2.552, 3.182, 3.798, 4.565, 4.767, 5.342, 5.652, 5.339, 5.364, 5.057, 4.792, 4.525, 7.239, 10.924, 12.105, 10.446, 10.548, 12.233, 14.278, 16.265, 17.083, 17.477, 16.278, 14.997, 15.083, 16.157, 16.471, 17.388, 18.362, 17.747, 15.526, 14.888, 15.255, 14.186, 13.471, 14.818, 15.715, 14.996, 13.41, 11.509, 11.547, 12.083, 11.788, 12.107, 14.857, 16.013, 15.262, 15.771, 17.76, 18.765, 19.478, 19.732, 18.58, 16.997, 17.118, 17.742, 16.942, 16.129, 16.031, 14.715, 12.645, 10.98, 10.169, 9.408, 9.241, 9.42, 9.326, 7.891, 7.205, 4.032, 4.979, 10.925, 11.75, 10.594, 11.488, 14.077, 12.454, 9.916, 9.724, 9.809, 9.514, 9.549, 10.282, 12.48, 12.815, 12.116, 12.907, 12.664, 9.577, 7.513, 6.78, 6.637, 6.972, 6.421, 6.536, 6.164], [2.326, 1.882, 1.663, 1.741, 0.0, 1.291, 1.62, 1.934, 3.083, 3.864, 4.191, 5.111, 5.038, 3.93, 2.91, 2.915, 2.778, 3.512, 4.626, 4.09, 3.499, 3.672, 5.397, 4.781, 3.901, 2.753, 2.2, 2.401, 3.051, 4.268, 5.583, 6.074, 7.103, 8.399, 7.831, 6.62, 5.808, 5.102, 5.168, 7.328, 7.25, 6.069, 7.106, 10.778, 11.157, 8.577, 6.004, 4.629, 4.014, 3.216, 3.283, 3.307, 3.556, 4.375, 4.268, 4.932, 5.305, 5.018, 4.948, 4.687, 4.54, 3.899, 6.127, 9.886, 11.066, 9.335, 9.431, 11.132, 13.31, 15.663, 16.247, 16.487, 15.342, 13.909, 14.043, 15.141, 15.526, 16.232, 17.076, 16.462, 14.356, 13.803, 13.993, 13.09, 12.408, 13.494, 14.44, 14.086, 12.88, 10.487, 10.194, 10.713, 10.402, 10.732, 13.759, 14.946, 14.113, 14.638, 16.496, 17.548, 18.265, 18.481, 17.302, 15.815, 15.865, 16.478, 15.683, 14.927, 14.775, 13.483, 11.373, 9.815, 9.309, 8.951, 8.739, 8.765, 8.638, 7.258, 6.571, 4.198, 6.272, 11.978, 13.057, 11.895, 12.451, 15.002, 13.124, 10.531, 10.546, 10.566, 10.311, 10.356, 11.487, 13.713, 14.124, 12.77, 13.935, 13.589, 10.285, 8.482, 7.861, 7.06, 6.887, 6.545, 6.474, 6.238], [1.569, 1.25, 1.952, 2.372, 1.291, 0.0, 1.376, 1.733, 2.201, 2.897, 3.233, 4.276, 4.33, 3.245, 2.49, 2.804, 2.86, 3.314, 4.323, 4.224, 3.744, 4.581, 6.284, 5.714, 4.848, 3.592, 2.71, 2.829, 3.649, 4.979, 6.299, 6.998, 8.05, 9.331, 8.762, 7.503, 6.752, 6.042, 6.113, 8.267, 8.188, 7.015, 8.053, 11.724, 12.103, 9.524, 6.942, 5.471, 4.866, 4.011, 3.623, 3.306, 3.553, 3.911, 3.687, 4.409, 4.799, 4.656, 4.719, 4.766, 4.959, 4.319, 5.181, 8.991, 10.122, 8.433, 8.596, 10.236, 12.435, 14.805, 15.411, 15.586, 14.435, 13.029, 13.259, 14.359, 14.706, 15.362, 16.14, 15.517, 13.461, 12.95, 13.135, 12.269, 11.541, 12.65, 13.537, 13.194, 12.02, 9.69, 9.386, 9.838, 9.527, 9.781, 12.937, 14.236, 13.25, 13.738, 15.581, 16.614, 17.369, 17.598, 16.363, 14.922, 14.954, 15.596, 14.781, 14.006, 13.898, 12.564, 10.5, 8.999, 8.607, 8.474, 8.085, 8.292, 8.04, 6.704, 6.092, 4.328, 7.198, 12.925, 14.009, 12.78, 13.235, 15.917, 14.017, 10.906, 11.448, 11.486, 10.876, 10.895, 12.328, 14.637, 15.071, 13.675, 14.832, 14.551, 11.247, 9.411, 8.634, 6.806, 6.367, 6.066, 5.968, 5.784], [1.807, 1.676, 2.679, 2.611, 1.62, 1.376, 0.0, 1.054, 2.278, 2.83, 3.42, 4.434, 4.427, 3.56, 3.195, 3.333, 3.299, 3.91, 4.959, 4.448, 4.016, 4.742, 6.502, 5.921, 5.047, 3.778, 2.949, 3.356, 4.167, 5.237, 6.665, 7.199, 8.251, 9.53, 8.959, 7.716, 6.96, 6.241, 6.315, 8.46, 8.38, 7.222, 8.252, 11.928, 12.309, 9.73, 7.15, 5.687, 5.074, 4.208, 3.738, 3.04, 3.087, 3.493, 3.321, 4.056, 4.315, 4.116, 4.157, 4.071, 4.22, 3.738, 5.132, 8.982, 10.064, 8.41, 8.51, 10.223, 12.406, 14.767, 15.347, 15.628, 14.471, 13.005, 13.137, 14.214, 14.637, 15.218, 15.98, 15.39, 13.278, 12.911, 13.12, 12.069, 11.415, 12.483, 13.465, 13.179, 11.993, 9.656, 9.299, 9.752, 9.406, 9.65, 12.797, 14.005, 13.201, 13.741, 15.44, 16.609, 17.352, 17.522, 16.369, 14.92, 14.844, 15.456, 14.66, 13.95, 13.823, 12.428, 10.381, 8.734, 8.321, 8.039, 7.799, 7.829, 7.754, 6.397, 5.763, 3.866, 7.388, 13.104, 14.204, 13.007, 13.552, 16.231, 14.16, 11.325, 11.615, 11.617, 11.326, 11.42, 12.602, 14.836, 15.27, 13.814, 14.975, 14.699, 11.373, 9.599, 8.839, 7.793, 7.344, 7.023, 6.915, 6.614], [1.892, 1.776, 3.109, 3.162, 1.934, 1.733, 1.054, 0.0, 1.817, 2.29, 2.753, 3.819, 3.94, 3.266, 3.046, 3.282, 3.533, 3.757, 4.763, 4.267, 3.983, 5.323, 7.104, 6.527, 5.653, 4.362, 3.487, 3.864, 4.654, 5.835, 7.209, 7.791, 8.858, 10.136, 9.567, 8.321, 7.566, 6.846, 6.922, 9.062, 8.984, 7.826, 8.858, 12.534, 12.914, 10.334, 7.752, 6.291, 5.696, 4.835, 3.904, 3.064, 2.74, 3.03, 2.747, 3.418, 3.757, 3.516, 3.505, 3.394, 4.179, 3.571, 4.522, 8.332, 9.412, 7.755, 7.854, 9.564, 11.761, 14.117, 14.699, 14.97, 13.812, 12.349, 12.485, 13.559, 13.978, 14.576, 15.382, 14.722, 12.658, 12.255, 12.43, 11.413, 10.765, 11.844, 12.793, 12.528, 11.339, 9.097, 8.819, 9.174, 8.814, 9.019, 12.142, 13.358, 12.533, 13.068, 14.824, 15.933, 16.69, 16.88, 15.694, 14.254, 14.2, 14.842, 14.038, 13.283, 13.168, 11.8, 9.702, 8.109, 7.634, 7.414, 7.201, 7.261, 7.122, 6.0, 5.408, 3.846, 7.994, 13.71, 14.808, 13.592, 14.086, 16.757, 14.755, 11.969, 12.202, 12.183, 11.827, 11.938, 13.162, 15.442, 15.876, 14.406, 15.571, 15.308, 11.975, 10.196, 9.447, 8.238, 7.714, 7.418, 7.286, 6.946], [2.029, 2.124, 3.786, 4.371, 3.083, 2.201, 2.278, 1.817, 0.0, 1.219, 1.489, 2.748, 3.126, 2.601, 2.65, 3.263, 4.245, 3.928, 4.543, 4.808, 4.667, 6.541, 8.32, 7.752, 6.875, 5.578, 4.605, 4.818, 5.645, 6.989, 8.318, 9.01, 10.077, 11.356, 10.786, 9.553, 8.792, 8.072, 8.146, 10.281, 10.201, 9.051, 10.077, 13.753, 14.138, 11.559, 8.977, 7.505, 6.892, 6.007, 4.999, 3.969, 3.594, 2.962, 2.692, 3.282, 3.677, 3.747, 3.955, 4.236, 5.315, 4.495, 3.766, 7.366, 8.545, 6.866, 7.236, 8.732, 10.909, 13.329, 14.059, 13.904, 12.788, 11.475, 11.779, 12.952, 13.245, 13.758, 14.334, 13.779, 11.881, 11.535, 11.718, 10.852, 10.27, 11.007, 11.84, 11.643, 10.488, 8.338, 7.74, 8.089, 7.767, 7.964, 11.502, 12.817, 11.627, 12.089, 13.694, 14.904, 15.618, 15.846, 14.651, 13.37, 13.29, 13.734, 12.902, 12.397, 12.137, 10.86, 9.093, 7.669, 7.604, 7.637, 7.172, 7.437, 7.087, 6.062, 5.671, 4.797, 9.213, 14.929, 16.027, 14.805, 15.24, 17.953, 16.034, 12.649, 13.461, 13.477, 12.842, 12.896, 14.338, 16.672, 17.095, 15.695, 16.857, 16.526, 13.194, 11.421, 10.664, 8.472, 7.368, 6.925, 6.977, 6.687], [2.521, 2.693, 4.646, 5.235, 3.864, 2.897, 2.83, 2.29, 1.219, 0.0, 1.155, 2.256, 2.665, 2.31, 2.55, 3.734, 5.094, 4.573, 4.52, 5.005, 5.39, 7.411, 9.178, 8.61, 7.735, 6.442, 5.456, 5.674, 6.511, 7.854, 9.188, 9.881, 10.941, 12.221, 11.649, 10.396, 9.649, 8.929, 9.004, 11.151, 11.063, 9.911, 10.943, 14.619, 14.999, 12.419, 9.837, 8.365, 7.756, 6.867, 5.844, 4.804, 4.355, 3.272, 2.755, 3.186, 3.642, 3.863, 4.024, 4.523, 5.762, 4.969, 3.277, 6.724, 7.828, 6.303, 6.694, 8.067, 10.233, 12.643, 13.427, 13.242, 12.136, 10.827, 11.113, 12.318, 12.57, 13.067, 13.603, 13.065, 11.142, 10.907, 11.076, 10.174, 9.635, 10.409, 11.211, 11.015, 9.874, 7.815, 7.196, 7.484, 7.144, 7.318, 10.863, 12.202, 10.972, 11.387, 13.04, 14.261, 14.961, 15.17, 13.964, 12.704, 12.571, 13.073, 12.204, 11.739, 11.502, 10.219, 8.522, 7.334, 7.525, 7.692, 7.392, 7.672, 7.144, 6.379, 6.072, 5.329, 10.079, 15.795, 16.895, 15.671, 16.109, 18.808, 16.854, 13.529, 14.301, 14.287, 13.7, 13.765, 15.204, 17.527, 17.961, 16.506, 17.67, 17.388, 14.064, 12.29, 11.517, 9.32, 7.421, 7.066, 7.338, 7.26], [2.74, 2.911, 4.855, 5.433, 4.191, 3.233, 3.42, 2.753, 1.489, 1.155, 0.0, 1.758, 2.232, 2.2, 2.44, 3.817, 5.281, 4.594, 4.303, 4.786, 5.552, 7.627, 9.357, 8.784, 7.899, 6.615, 5.659, 5.876, 6.697, 8.049, 9.371, 10.064, 11.123, 12.424, 11.838, 10.605, 9.801, 9.08, 9.196, 11.346, 11.277, 10.105, 11.115, 14.78, 15.159, 12.579, 9.998, 8.526, 7.916, 7.027, 6.042, 4.935, 4.563, 3.477, 2.748, 2.861, 3.282, 3.418, 3.898, 4.458, 5.864, 5.157, 3.447, 6.092, 7.266, 5.765, 6.168, 7.52, 9.645, 12.101, 12.9, 12.644, 11.542, 10.306, 10.568, 11.809, 12.046, 12.556, 13.195, 12.527, 10.732, 10.385, 10.554, 9.749, 9.198, 10.019, 10.725, 10.496, 9.335, 7.315, 6.804, 7.077, 6.746, 6.888, 10.348, 11.678, 10.5, 10.919, 12.571, 13.658, 14.393, 14.678, 13.419, 12.171, 12.072, 12.569, 11.722, 11.189, 10.919, 9.79, 8.102, 6.986, 7.137, 7.198, 6.99, 7.17, 6.688, 5.94, 5.729, 5.471, 10.259, 15.988, 17.072, 15.838, 16.323, 18.99, 17.112, 13.834, 14.546, 14.567, 13.942, 13.968, 15.384, 17.726, 18.129, 16.785, 17.926, 17.608, 14.29, 12.496, 11.728, 9.562, 7.643, 7.258, 7.48, 7.448], [3.779, 3.723, 5.697, 6.317, 5.111, 4.276, 4.434, 3.819, 2.748, 2.256, 1.758, 0.0, 1.076, 2.017, 3.249, 4.695, 6.309, 5.391, 4.573, 5.171, 6.379, 8.592, 10.129, 9.569, 8.732, 7.528, 6.502, 6.704, 7.526, 8.949, 10.251, 10.964, 12.005, 13.246, 12.711, 11.57, 10.731, 9.965, 10.077, 12.207, 12.106, 10.883, 11.905, 15.584, 15.948, 13.363, 10.788, 9.31, 8.728, 7.828, 6.74, 5.673, 5.191, 4.085, 3.116, 3.163, 3.777, 4.032, 4.523, 5.274, 6.486, 5.882, 3.263, 5.118, 6.343, 5.314, 5.596, 6.711, 8.706, 11.099, 12.072, 11.573, 10.444, 9.633, 9.999, 11.072, 11.225, 11.71, 12.486, 11.804, 10.218, 9.735, 9.875, 9.178, 8.789, 9.676, 10.257, 9.57, 8.341, 6.258, 5.782, 6.141, 5.873, 6.093, 9.658, 11.018, 9.947, 10.13, 11.9, 12.853, 13.545, 13.904, 12.702, 11.507, 11.408, 11.735, 11.031, 10.395, 10.193, 9.257, 7.938, 7.32, 7.462, 7.539, 7.607, 7.819, 7.051, 6.648, 6.453, 6.256, 11.086, 16.888, 17.984, 16.678, 17.214, 19.929, 18.064, 14.808, 15.513, 15.576, 14.931, 14.9, 16.186, 18.497, 18.951, 17.778, 18.859, 18.498, 15.298, 13.392, 12.636, 10.557, 8.381, 8.067, 8.261, 8.429], [3.888, 3.798, 5.651, 6.199, 5.038, 4.33, 4.427, 3.94, 3.126, 2.665, 2.232, 1.076, 0.0, 1.611, 3.081, 4.518, 6.083, 5.228, 4.307, 5.086, 6.206, 8.355, 9.971, 9.405, 8.559, 7.382, 6.361, 6.541, 7.4, 8.788, 10.087, 10.786, 11.844, 13.085, 12.554, 11.428, 10.598, 9.848, 9.933, 12.045, 11.94, 10.736, 11.729, 15.421, 15.777, 13.173, 10.645, 9.15, 8.581, 7.63, 6.566, 5.595, 5.506, 4.425, 3.376, 3.408, 4.0, 4.394, 4.793, 5.552, 6.754, 6.043, 3.3, 5.212, 6.419, 5.394, 5.618, 6.708, 8.72, 11.116, 12.089, 11.756, 10.558, 9.661, 10.003, 11.046, 11.227, 11.617, 12.49, 11.839, 10.239, 9.748, 9.888, 9.2, 8.99, 9.809, 10.361, 9.611, 8.347, 6.001, 5.652, 6.112, 5.896, 6.147, 9.593, 10.993, 10.056, 10.217, 12.016, 12.973, 13.637, 13.963, 12.887, 11.519, 11.498, 11.886, 11.11, 10.355, 10.352, 9.472, 8.229, 7.613, 7.799, 7.944, 7.887, 8.11, 7.488, 6.938, 6.702, 6.613, 10.909, 16.663, 17.769, 16.518, 17.012, 19.747, 17.887, 14.559, 15.319, 15.362, 14.727, 14.681, 16.014, 18.336, 18.746, 17.55, 18.697, 18.3, 15.051, 13.245, 12.466, 10.352, 8.19, 7.904, 8.044, 8.235], [2.727, 2.631, 4.202, 4.758, 3.93, 3.245, 3.56, 3.266, 2.601, 2.31, 2.2, 2.017, 1.611, 0.0, 1.768, 3.001, 4.694, 3.917, 3.616, 4.223, 4.723, 6.882, 8.516, 7.96, 7.069, 5.846, 4.958, 5.126, 5.92, 7.272, 8.567, 9.276, 10.313, 11.588, 11.063, 9.956, 9.051, 8.327, 8.418, 10.52, 10.48, 9.271, 10.313, 13.943, 14.322, 11.742, 9.226, 7.773, 7.129, 6.213, 5.153, 4.45, 4.99, 4.013, 3.353, 3.584, 4.262, 4.562, 4.777, 5.31, 6.616, 5.936, 3.442, 6.521, 7.725, 6.334, 6.394, 7.817, 9.911, 12.187, 12.867, 13.149, 11.985, 10.578, 10.776, 11.903, 12.176, 12.892, 13.819, 13.201, 11.146, 10.511, 10.84, 9.905, 9.634, 10.648, 11.375, 10.728, 9.442, 7.121, 7.022, 7.514, 7.229, 7.564, 10.48, 11.811, 11.063, 11.417, 13.281, 14.27, 14.975, 15.249, 14.068, 12.613, 12.684, 13.221, 12.445, 11.635, 11.594, 10.484, 8.939, 8.146, 8.298, 8.332, 8.023, 8.371, 7.897, 7.05, 6.738, 6.219, 9.465, 15.178, 16.249, 15.044, 15.544, 18.24, 16.455, 13.167, 13.851, 13.895, 13.269, 13.181, 14.604, 16.892, 17.324, 16.084, 17.202, 16.889, 13.598, 11.768, 10.969, 8.931, 6.929, 6.644, 6.707, 6.941], [2.152, 1.931, 3.07, 3.536, 2.91, 2.49, 3.195, 3.046, 2.65, 2.55, 2.44, 3.249, 3.081, 1.768, 0.0, 1.675, 3.382, 2.671, 2.645, 3.139, 3.481, 5.476, 7.116, 6.549, 5.669, 4.549, 3.657, 3.802, 4.498, 5.855, 7.149, 7.852, 8.898, 10.183, 9.657, 8.466, 7.616, 6.852, 6.972, 9.118, 9.052, 7.846, 8.884, 12.536, 12.915, 10.335, 7.836, 6.384, 5.749, 4.808, 3.976, 4.096, 4.666, 3.866, 3.45, 3.903, 4.298, 4.484, 4.685, 5.031, 6.204, 5.602, 4.454, 7.869, 9.016, 7.423, 7.526, 9.169, 11.199, 13.515, 14.163, 14.562, 13.383, 11.989, 12.021, 13.108, 13.422, 14.286, 15.226, 14.588, 12.4, 11.789, 12.17, 11.061, 10.541, 11.731, 12.631, 12.001, 10.781, 8.481, 8.461, 8.941, 8.644, 8.972, 11.751, 12.999, 12.314, 12.78, 14.641, 15.626, 16.37, 16.65, 15.431, 13.945, 13.971, 14.593, 13.81, 13.034, 12.936, 11.699, 9.751, 8.481, 8.374, 8.317, 7.895, 8.153, 7.863, 6.731, 6.463, 5.836, 8.074, 13.844, 14.838, 13.625, 14.109, 16.805, 15.031, 11.832, 12.436, 12.487, 11.855, 11.804, 13.177, 15.482, 15.918, 14.721, 15.765, 15.476, 12.231, 10.318, 9.543, 7.548, 5.964, 5.538, 5.563, 5.666], [2.44, 2.344, 2.794, 3.005, 2.915, 2.804, 3.333, 3.282, 3.263, 3.734, 3.817, 4.695, 4.518, 3.001, 1.675, 0.0, 2.254, 1.683, 2.21, 2.312, 2.185, 4.028, 5.655, 5.104, 4.201, 3.522, 2.698, 2.832, 3.277, 4.439, 5.771, 6.374, 7.41, 8.74, 8.18, 7.028, 6.18, 5.419, 5.541, 7.66, 7.581, 6.389, 7.414, 11.043, 11.448, 8.843, 6.413, 4.992, 4.545, 3.486, 2.782, 3.699, 4.519, 3.803, 3.715, 4.11, 4.564, 4.696, 4.877, 5.212, 6.215, 5.569, 5.736, 9.327, 10.481, 8.762, 8.878, 10.589, 12.63, 14.909, 15.547, 15.995, 14.825, 13.461, 13.421, 14.512, 14.792, 15.765, 16.708, 16.086, 13.863, 13.24, 13.607, 12.512, 11.826, 13.182, 14.098, 13.475, 12.19, 9.948, 9.917, 10.405, 10.123, 10.458, 13.17, 14.367, 13.68, 14.211, 16.099, 17.092, 17.797, 18.068, 16.911, 15.359, 15.452, 16.07, 15.285, 14.468, 14.36, 13.062, 10.974, 9.452, 9.042, 8.697, 8.412, 8.629, 8.482, 7.252, 6.884, 5.77, 6.808, 12.399, 13.375, 12.132, 12.693, 15.396, 13.783, 10.723, 11.024, 11.115, 10.536, 10.601, 11.705, 14.026, 14.427, 13.431, 14.344, 14.047, 10.876, 8.885, 8.077, 6.655, 5.661, 5.262, 5.252, 4.928], [3.358, 3.041, 2.939, 3.202, 2.778, 2.86, 3.299, 3.533, 4.245, 5.094, 5.281, 6.309, 6.083, 4.694, 3.382, 2.254, 0.0, 1.597, 3.646, 3.426, 1.768, 2.415, 4.136, 3.645, 3.418, 3.36, 2.75, 2.568, 2.423, 2.961, 4.217, 4.868, 6.038, 7.353, 6.818, 5.91, 5.327, 4.602, 4.344, 6.205, 6.367, 5.573, 6.021, 9.533, 9.926, 7.363, 5.162, 4.46, 4.532, 3.343, 3.223, 4.506, 5.155, 5.597, 5.45, 6.144, 6.522, 6.439, 6.474, 6.376, 6.756, 6.158, 7.26, 11.129, 12.312, 10.539, 10.622, 12.291, 14.474, 16.792, 17.373, 17.69, 16.545, 15.066, 15.204, 16.328, 16.707, 17.394, 18.296, 17.678, 15.589, 14.976, 15.205, 14.32, 13.622, 14.696, 15.629, 15.26, 14.025, 11.663, 11.408, 11.917, 11.628, 11.975, 14.948, 16.141, 15.266, 15.81, 17.686, 18.746, 19.412, 19.667, 18.503, 16.983, 17.143, 17.702, 16.902, 16.115, 15.983, 14.692, 12.649, 11.029, 10.544, 10.146, 9.915, 9.93, 9.794, 8.528, 7.854, 6.257, 6.278, 10.727, 11.814, 10.597, 11.09, 13.808, 11.964, 8.865, 9.379, 9.418, 8.916, 8.888, 10.181, 12.481, 12.897, 11.606, 12.762, 12.4, 9.104, 7.311, 6.532, 5.15, 4.743, 4.368, 4.276, 4.042], [3.376, 2.805, 3.358, 3.715, 3.512, 3.314, 3.91, 3.757, 3.928, 4.573, 4.594, 5.391, 5.228, 3.917, 2.671, 1.683, 1.597, 0.0, 2.325, 2.237, 1.374, 3.293, 4.835, 4.321, 3.949, 3.922, 3.301, 3.035, 3.002, 3.638, 4.924, 5.66, 6.771, 8.125, 7.674, 6.779, 6.18, 5.366, 5.127, 6.965, 7.083, 6.182, 6.762, 10.269, 10.639, 8.093, 5.898, 4.988, 4.937, 3.744, 3.198, 4.281, 5.078, 4.939, 4.489, 5.159, 5.518, 5.376, 5.421, 5.856, 6.953, 6.311, 6.78, 10.19, 11.341, 9.645, 9.796, 11.454, 13.561, 15.804, 16.496, 16.831, 15.656, 14.323, 14.292, 15.361, 15.764, 16.549, 17.582, 16.908, 14.75, 14.124, 14.503, 13.384, 12.668, 13.968, 14.839, 14.273, 12.933, 10.691, 10.662, 11.214, 10.9, 11.236, 14.071, 15.193, 14.529, 15.049, 16.976, 17.959, 18.72, 18.984, 17.785, 16.24, 16.331, 16.96, 16.16, 15.352, 15.249, 13.967, 11.865, 10.215, 9.585, 9.242, 8.862, 9.233, 9.025, 7.895, 7.434, 6.493, 6.944, 11.562, 12.641, 11.36, 11.9, 14.599, 12.859, 9.64, 10.168, 10.237, 9.599, 9.632, 10.855, 13.179, 13.616, 12.517, 13.497, 13.148, 10.007, 8.055, 7.294, 5.699, 5.188, 4.728, 4.665, 4.343], [3.675, 3.526, 4.054, 4.503, 4.626, 4.323, 4.959, 4.763, 4.543, 4.52, 4.303, 4.573, 4.307, 3.616, 2.645, 2.21, 3.646, 2.325, 0.0, 1.702, 2.868, 5.274, 6.424, 5.939, 5.125, 4.64, 3.984, 3.973, 4.265, 5.287, 6.507, 7.259, 8.035, 9.494, 9.145, 8.479, 7.486, 6.787, 6.762, 8.365, 8.298, 7.15, 8.039, 11.46, 11.826, 9.226, 7.142, 5.715, 5.35, 4.096, 3.477, 4.479, 5.27, 4.408, 3.881, 4.025, 4.553, 4.913, 4.934, 5.635, 7.129, 7.0, 6.477, 8.901, 10.014, 8.416, 8.597, 10.242, 12.224, 14.309, 15.13, 15.412, 14.266, 13.054, 13.129, 14.188, 14.475, 15.411, 16.384, 15.741, 13.502, 12.904, 13.302, 12.218, 11.51, 12.84, 13.662, 12.856, 11.269, 9.483, 9.529, 10.064, 9.779, 10.113, 12.887, 14.063, 13.268, 13.738, 15.758, 16.734, 17.469, 17.737, 16.539, 15.004, 15.073, 15.711, 14.958, 14.103, 14.0, 12.755, 10.695, 9.317, 8.777, 8.586, 8.517, 9.1, 8.431, 7.874, 7.516, 6.918, 8.079, 13.336, 14.134, 12.908, 13.712, 16.28, 14.853, 11.594, 12.119, 12.218, 11.529, 11.571, 12.342, 14.449, 15.014, 14.54, 15.264, 15.045, 11.998, 9.871, 8.963, 7.46, 6.379, 5.993, 6.021, 5.804], [3.987, 3.605, 3.974, 3.788, 4.09, 4.224, 4.448, 4.267, 4.808, 5.005, 4.786, 5.171, 5.086, 4.223, 3.139, 2.312, 3.426, 2.237, 1.702, 0.0, 2.232, 4.572, 5.51, 5.328, 4.336, 3.843, 3.454, 3.699, 3.958, 4.735, 6.002, 6.573, 7.466, 8.985, 8.544, 7.725, 6.865, 6.094, 5.953, 7.826, 7.731, 6.611, 7.45, 10.724, 11.16, 8.519, 6.388, 5.051, 4.541, 3.505, 2.852, 3.822, 4.723, 4.538, 3.719, 4.095, 4.671, 4.442, 4.729, 5.215, 6.58, 6.226, 7.14, 9.639, 10.812, 9.154, 9.239, 10.92, 12.987, 14.946, 15.808, 16.064, 14.93, 13.709, 13.748, 14.868, 15.183, 16.069, 17.06, 16.441, 14.248, 13.586, 13.956, 12.902, 12.172, 13.512, 14.392, 13.693, 11.921, 10.185, 10.221, 10.754, 10.47, 10.806, 13.571, 14.66, 13.931, 14.418, 16.456, 17.463, 18.153, 18.428, 17.286, 15.696, 15.833, 16.435, 15.643, 14.829, 14.728, 13.412, 11.347, 9.724, 9.107, 8.443, 8.738, 9.151, 8.415, 7.945, 7.553, 6.268, 7.335, 12.458, 13.283, 12.09, 13.199, 15.886, 14.146, 11.308, 11.389, 11.473, 11.109, 11.134, 11.688, 13.915, 14.308, 13.768, 14.395, 14.172, 11.173, 9.018, 8.166, 7.457, 6.811, 6.448, 6.481, 6.206], [3.921, 3.404, 3.218, 3.322, 3.499, 3.744, 4.016, 3.983, 4.667, 5.39, 5.552, 6.379, 6.206, 4.723, 3.481, 2.185, 1.768, 1.374, 2.868, 2.232, 0.0, 2.746, 4.007, 3.699, 3.358, 3.245, 2.864, 2.94, 2.807, 2.999, 4.257, 4.909, 6.031, 7.506, 7.008, 6.397, 5.657, 4.932, 4.639, 6.331, 6.547, 5.663, 6.132, 9.363, 9.738, 7.331, 5.244, 4.341, 4.279, 3.084, 2.66, 3.951, 4.778, 5.033, 4.789, 5.438, 5.847, 5.688, 5.626, 5.526, 6.6, 6.187, 7.562, 10.99, 12.129, 10.532, 10.653, 12.372, 14.359, 16.538, 17.251, 17.746, 16.532, 15.183, 15.212, 16.307, 16.536, 17.533, 18.452, 17.814, 15.62, 14.994, 15.339, 14.259, 13.528, 14.931, 15.86, 15.127, 13.664, 11.536, 11.56, 12.115, 11.829, 12.163, 14.98, 16.134, 15.462, 15.999, 17.848, 18.818, 19.56, 19.825, 18.639, 17.133, 17.197, 17.84, 17.032, 16.192, 16.117, 14.809, 12.717, 11.061, 10.301, 9.54, 9.341, 9.816, 9.575, 8.348, 7.716, 6.252, 6.433, 10.757, 11.713, 10.452, 11.294, 14.012, 12.257, 9.491, 9.53, 9.619, 9.185, 9.185, 10.023, 12.257, 12.738, 11.882, 12.629, 12.454, 9.303, 7.222, 6.441, 5.771, 5.486, 4.983, 4.99, 4.753], [5.117, 5.05, 3.561, 3.155, 3.672, 4.581, 4.742, 5.323, 6.541, 7.411, 7.627, 8.592, 8.355, 6.882, 5.476, 4.028, 2.415, 3.293, 5.274, 4.572, 2.746, 0.0, 1.961, 1.921, 2.36, 3.014, 2.933, 2.778, 1.879, 1.427, 2.257, 2.766, 4.211, 5.357, 4.899, 4.193, 3.729, 3.209, 2.864, 4.281, 4.721, 3.998, 4.06, 7.232, 7.604, 5.173, 3.369, 3.563, 3.874, 3.039, 3.907, 5.639, 6.266, 7.144, 7.092, 7.819, 8.155, 7.851, 7.774, 7.428, 7.12, 6.618, 9.514, 13.287, 14.452, 12.735, 12.816, 14.551, 16.598, 18.895, 19.524, 19.958, 18.783, 17.356, 17.309, 18.397, 18.742, 19.654, 20.594, 19.99, 17.758, 17.154, 17.515, 16.408, 15.765, 17.014, 17.981, 17.42, 16.064, 13.784, 13.705, 14.236, 13.951, 14.292, 17.087, 18.287, 17.574, 18.106, 20.01, 21.048, 21.74, 21.971, 20.854, 19.27, 19.361, 19.967, 19.186, 18.417, 18.27, 16.961, 14.892, 13.198, 12.456, 11.881, 11.694, 11.834, 11.907, 10.232, 9.607, 6.787, 4.741, 8.511, 9.503, 8.318, 9.063, 11.629, 9.912, 7.456, 7.145, 7.174, 7.109, 7.201, 7.987, 10.164, 10.575, 9.498, 10.448, 10.095, 6.902, 5.007, 4.447, 4.186, 4.283, 3.81, 3.831, 3.632], [6.821, 6.581, 4.651, 3.991, 5.397, 6.284, 6.502, 7.104, 8.32, 9.178, 9.357, 10.129, 9.971, 8.516, 7.116, 5.655, 4.136, 4.835, 6.424, 5.51, 4.007, 1.961, 0.0, 1.34, 2.33, 3.532, 3.897, 3.614, 2.748, 1.662, 1.489, 1.859, 3.168, 4.135, 3.404, 3.207, 2.758, 2.449, 2.164, 3.027, 3.429, 3.178, 2.697, 5.479, 5.899, 3.501, 2.364, 2.883, 3.305, 3.204, 4.782, 6.424, 7.154, 8.069, 8.433, 9.023, 9.281, 8.909, 8.86, 8.41, 7.866, 7.772, 11.149, 14.825, 15.995, 14.344, 14.448, 16.126, 18.176, 20.115, 20.99, 21.296, 20.133, 18.934, 18.972, 20.083, 20.378, 21.293, 22.289, 21.638, 19.457, 18.798, 19.17, 18.116, 17.404, 18.751, 19.602, 18.881, 17.119, 15.429, 15.479, 15.999, 15.717, 16.052, 18.783, 19.855, 19.133, 19.637, 21.665, 22.633, 23.356, 23.638, 22.473, 20.907, 21.044, 21.659, 20.861, 20.014, 19.931, 18.624, 16.532, 14.864, 14.081, 13.188, 12.933, 13.303, 13.118, 11.717, 10.924, 7.294, 3.625, 7.314, 8.009, 6.839, 8.149, 10.6, 8.99, 6.864, 6.276, 6.394, 6.383, 6.388, 6.518, 8.617, 9.048, 8.592, 9.199, 8.958, 5.975, 3.864, 3.296, 4.188, 4.859, 4.524, 4.491, 4.206], [6.253, 6.024, 4.023, 3.502, 4.781, 5.714, 5.921, 6.527, 7.752, 8.61, 8.784, 9.569, 9.405, 7.96, 6.549, 5.104, 3.645, 4.321, 5.939, 5.328, 3.699, 1.921, 1.34, 0.0, 1.721, 2.839, 3.328, 3.139, 2.167, 1.303, 1.943, 2.017, 2.766, 4.089, 3.518, 3.107, 2.323, 1.794, 1.562, 2.97, 3.188, 2.469, 2.708, 6.039, 6.425, 3.925, 1.996, 2.383, 2.849, 2.607, 4.181, 5.884, 6.495, 7.462, 7.887, 8.47, 8.764, 8.481, 8.134, 7.614, 6.922, 7.075, 10.599, 14.262, 15.368, 13.78, 13.88, 15.576, 17.594, 19.65, 20.432, 20.845, 19.651, 18.389, 18.447, 19.501, 19.775, 20.748, 21.734, 21.091, 18.86, 18.265, 18.618, 17.549, 16.836, 18.207, 19.055, 18.283, 16.704, 14.862, 14.912, 15.432, 15.149, 15.485, 18.228, 19.268, 18.606, 19.134, 21.107, 22.082, 22.818, 23.077, 21.895, 20.358, 20.441, 21.087, 20.29, 19.463, 19.375, 18.056, 15.952, 14.297, 13.413, 12.496, 12.341, 12.717, 12.636, 11.147, 10.407, 6.841, 3.221, 7.764, 8.553, 7.501, 8.864, 11.059, 9.516, 7.665, 6.84, 6.949, 7.219, 7.225, 7.212, 9.021, 9.509, 8.996, 9.722, 9.48, 6.402, 4.311, 4.072, 5.053, 5.514, 5.171, 5.136, 4.807], [5.336, 5.137, 3.137, 2.621, 3.901, 4.848, 5.047, 5.653, 6.875, 7.735, 7.899, 8.732, 8.559, 7.069, 5.669, 4.201, 3.418, 3.949, 5.125, 4.336, 3.358, 2.36, 2.33, 1.721, 0.0, 1.725, 2.429, 2.199, 1.732, 2.045, 3.123, 3.321, 3.714, 4.946, 4.425, 3.863, 2.942, 2.293, 2.199, 3.826, 3.695, 2.708, 3.691, 6.906, 7.376, 4.76, 2.621, 1.9, 2.085, 1.623, 2.881, 4.496, 5.194, 6.185, 6.806, 7.492, 7.573, 7.306, 6.901, 6.205, 5.801, 5.975, 9.711, 13.341, 14.505, 12.853, 12.956, 14.645, 16.705, 18.609, 19.53, 19.906, 18.735, 17.498, 17.535, 18.597, 18.888, 19.857, 20.835, 20.194, 17.986, 17.355, 17.716, 16.657, 15.962, 17.318, 18.199, 17.462, 15.7, 13.982, 14.031, 14.558, 14.27, 14.609, 17.296, 18.395, 17.699, 18.234, 20.193, 21.158, 21.873, 22.149, 20.984, 19.439, 19.566, 20.179, 19.39, 18.52, 18.45, 17.137, 15.051, 13.377, 12.556, 11.621, 11.404, 11.83, 11.643, 10.18, 9.399, 5.792, 3.685, 9.052, 9.526, 8.83, 10.285, 12.525, 10.92, 9.005, 8.162, 8.334, 8.514, 8.547, 8.634, 10.054, 10.604, 10.366, 10.757, 10.556, 7.729, 5.699, 5.189, 6.234, 6.506, 5.98, 6.065, 5.756], [4.092, 3.901, 2.248, 2.019, 2.753, 3.592, 3.778, 4.362, 5.578, 6.442, 6.615, 7.528, 7.382, 5.846, 4.549, 3.522, 3.36, 3.922, 4.64, 3.843, 3.245, 3.014, 3.532, 2.839, 1.725, 0.0, 1.384, 1.619, 2.265, 3.071, 4.187, 4.318, 4.755, 5.961, 5.403, 4.769, 3.846, 3.222, 3.327, 4.92, 4.719, 3.66, 4.789, 8.179, 8.608, 5.989, 3.64, 2.598, 2.124, 1.762, 2.409, 3.488, 4.124, 5.013, 5.565, 6.153, 6.47, 6.127, 5.729, 5.071, 4.638, 5.158, 8.423, 12.049, 13.181, 11.558, 11.662, 13.392, 15.398, 17.403, 18.244, 18.696, 17.51, 16.233, 16.268, 17.341, 17.583, 18.619, 19.558, 18.914, 16.689, 16.071, 16.44, 15.371, 14.671, 16.037, 16.959, 16.189, 14.533, 12.706, 12.736, 13.276, 12.984, 13.321, 16.018, 17.142, 16.464, 16.997, 18.91, 19.859, 20.584, 20.858, 19.698, 18.158, 18.256, 18.89, 18.105, 17.227, 17.16, 15.834, 13.747, 12.076, 11.218, 10.303, 10.135, 10.606, 10.429, 8.971, 8.147, 4.99, 4.568, 10.332, 10.756, 9.882, 11.303, 13.51, 12.058, 10.217, 9.323, 9.386, 9.68, 9.657, 9.639, 11.255, 11.83, 11.584, 11.999, 11.921, 8.962, 6.838, 6.326, 7.135, 7.119, 6.637, 6.62, 6.368], [3.097, 2.893, 1.515, 1.401, 2.2, 2.71, 2.949, 3.487, 4.605, 5.456, 5.659, 6.502, 6.361, 4.958, 3.657, 2.698, 2.75, 3.301, 3.984, 3.454, 2.864, 2.933, 3.897, 3.328, 2.429, 1.384, 0.0, 1.048, 1.831, 2.943, 4.239, 4.836, 5.723, 6.976, 6.371, 5.587, 4.656, 3.932, 3.998, 5.929, 5.719, 4.549, 5.613, 9.214, 9.603, 6.967, 4.568, 3.124, 2.741, 1.839, 2.241, 3.19, 3.842, 4.555, 4.839, 5.3, 5.704, 5.488, 5.319, 5.08, 4.812, 4.872, 7.452, 11.129, 12.244, 10.631, 10.736, 12.424, 14.452, 16.484, 17.294, 17.633, 16.474, 15.241, 15.277, 16.347, 16.621, 17.597, 18.581, 17.952, 15.701, 15.089, 15.464, 14.381, 13.68, 15.057, 15.861, 15.11, 13.549, 11.762, 11.8, 12.322, 12.024, 12.329, 15.051, 16.113, 15.441, 15.96, 17.957, 18.942, 19.644, 19.92, 18.768, 17.205, 17.295, 17.924, 17.149, 16.315, 16.218, 14.904, 12.806, 11.138, 10.296, 9.454, 9.221, 9.665, 9.516, 8.044, 7.322, 4.339, 4.962, 10.963, 11.667, 10.486, 11.462, 14.086, 12.558, 9.838, 9.833, 9.921, 9.52, 9.543, 10.036, 12.244, 12.621, 12.182, 12.88, 12.66, 9.621, 7.496, 6.628, 6.729, 6.615, 6.144, 6.097, 5.859], [3.345, 3.139, 1.518, 1.583, 2.401, 2.829, 3.356, 3.864, 4.818, 5.674, 5.876, 6.704, 6.541, 5.126, 3.802, 2.832, 2.568, 3.035, 3.973, 3.699, 2.94, 2.778, 3.614, 3.139, 2.199, 1.619, 1.048, 0.0, 1.362, 2.77, 3.978, 4.688, 5.6, 6.844, 6.27, 5.509, 4.621, 3.884, 3.94, 5.818, 5.572, 4.443, 5.532, 9.001, 9.417, 6.766, 4.398, 2.975, 2.647, 1.832, 2.643, 3.814, 4.516, 5.201, 5.48, 6.005, 6.342, 6.138, 6.096, 5.832, 5.49, 5.488, 7.663, 11.321, 12.47, 10.839, 10.984, 12.657, 14.677, 16.628, 17.51, 17.806, 16.64, 15.439, 15.534, 16.589, 16.904, 17.818, 18.786, 18.142, 15.943, 15.318, 15.691, 14.623, 13.934, 15.249, 16.073, 15.348, 13.614, 11.977, 12.002, 12.516, 12.232, 12.543, 15.294, 16.439, 15.645, 16.137, 18.169, 19.161, 19.889, 20.134, 18.954, 17.418, 17.529, 18.136, 17.37, 16.545, 16.429, 15.188, 13.09, 11.489, 10.624, 10.027, 9.756, 10.036, 9.833, 8.57, 7.77, 4.698, 4.972, 10.741, 11.52, 10.323, 11.107, 13.751, 12.231, 9.364, 9.539, 9.596, 9.058, 8.981, 9.869, 12.1, 12.542, 11.917, 12.75, 12.508, 9.401, 7.302, 6.473, 6.104, 6.13, 5.637, 5.666, 5.379], [4.216, 3.968, 2.208, 2.135, 3.051, 3.649, 4.167, 4.654, 5.645, 6.511, 6.697, 7.526, 7.4, 5.92, 4.498, 3.277, 2.423, 3.002, 4.265, 3.958, 2.807, 1.879, 2.748, 2.167, 1.732, 2.265, 1.831, 1.362, 0.0, 1.736, 2.924, 3.622, 4.579, 5.816, 5.309, 4.596, 3.745, 3.007, 2.98, 4.777, 4.693, 3.596, 4.556, 8.114, 8.518, 5.925, 3.529, 2.462, 2.744, 2.013, 3.167, 4.743, 5.362, 6.094, 6.279, 6.834, 7.318, 7.107, 6.997, 6.648, 6.398, 6.227, 8.54, 12.174, 13.329, 11.705, 11.841, 13.513, 15.543, 17.567, 18.374, 18.796, 17.596, 16.296, 16.408, 17.463, 17.771, 18.698, 19.648, 19.02, 16.807, 16.188, 16.55, 15.481, 14.771, 16.107, 17.014, 16.258, 14.658, 12.765, 12.799, 13.353, 13.061, 13.383, 16.176, 17.378, 16.587, 17.092, 19.053, 20.037, 20.763, 21.009, 19.827, 18.283, 18.38, 19.006, 18.229, 17.407, 17.307, 16.018, 13.926, 12.312, 11.474, 10.848, 10.611, 10.963, 10.699, 9.37, 8.596, 5.666, 4.408, 9.668, 10.521, 9.284, 10.06, 12.688, 11.131, 8.337, 8.465, 8.522, 8.024, 7.989, 8.881, 11.137, 11.549, 10.838, 11.688, 11.456, 8.327, 6.223, 5.48, 5.096, 5.268, 4.791, 4.874, 4.475], [5.597, 5.366, 3.496, 3.091, 4.268, 4.979, 5.237, 5.835, 6.989, 7.854, 8.049, 8.949, 8.788, 7.272, 5.855, 4.439, 2.961, 3.638, 5.287, 4.735, 2.999, 1.427, 1.662, 1.303, 2.045, 3.071, 2.943, 2.77, 1.736, 0.0, 1.722, 2.191, 3.39, 4.819, 4.384, 3.598, 2.882, 2.411, 2.052, 3.561, 3.885, 3.17, 3.401, 6.783, 7.177, 4.652, 2.737, 2.673, 3.083, 2.543, 4.029, 5.711, 6.404, 7.128, 7.291, 7.905, 8.297, 8.098, 7.922, 7.715, 7.23, 7.032, 9.875, 13.554, 14.66, 13.084, 13.203, 14.938, 16.917, 19.16, 19.83, 20.333, 19.131, 17.778, 17.773, 18.855, 19.072, 20.115, 21.019, 20.385, 18.139, 17.556, 17.922, 16.797, 16.087, 17.511, 18.442, 17.694, 16.268, 14.096, 14.121, 14.678, 14.392, 14.726, 17.52, 18.673, 18.045, 18.579, 20.404, 21.388, 22.124, 22.385, 21.19, 19.696, 19.731, 20.396, 19.596, 18.743, 18.681, 17.349, 15.254, 13.583, 12.709, 11.934, 11.782, 12.198, 12.113, 10.499, 9.826, 6.493, 3.916, 8.292, 9.159, 7.892, 8.801, 11.424, 9.736, 7.337, 7.023, 7.118, 6.871, 6.917, 7.524, 9.698, 10.178, 9.357, 10.099, 9.951, 6.822, 4.666, 3.977, 4.361, 4.785, 4.361, 4.432, 4.145], [6.879, 6.661, 4.755, 4.436, 5.583, 6.299, 6.665, 7.209, 8.318, 9.188, 9.371, 10.251, 10.087, 8.567, 7.149, 5.771, 4.217, 4.924, 6.507, 6.002, 4.257, 2.257, 1.489, 1.943, 3.123, 4.187, 4.239, 3.978, 2.924, 1.722, 0.0, 1.628, 3.242, 4.108, 3.37, 3.153, 2.774, 2.73, 2.47, 2.992, 3.646, 3.529, 2.692, 5.447, 5.838, 3.524, 2.965, 3.35, 3.811, 3.743, 5.349, 7.091, 7.792, 8.575, 8.69, 9.251, 9.743, 9.539, 9.33, 9.074, 8.543, 8.419, 11.198, 14.872, 16.0, 14.383, 14.494, 16.231, 18.209, 20.423, 21.098, 21.611, 20.403, 19.052, 19.077, 20.152, 20.408, 21.413, 22.35, 21.709, 19.473, 18.858, 19.232, 18.129, 17.421, 18.812, 19.74, 18.985, 17.528, 15.436, 15.46, 16.013, 15.726, 16.06, 18.814, 19.99, 19.333, 19.863, 21.73, 22.716, 23.429, 23.694, 22.517, 20.994, 21.066, 21.701, 20.925, 20.079, 19.99, 18.697, 16.585, 14.93, 14.074, 13.31, 13.084, 13.608, 13.466, 11.863, 11.151, 7.837, 3.747, 6.982, 7.846, 6.562, 7.382, 10.049, 8.443, 6.373, 5.75, 5.913, 5.76, 5.591, 6.074, 8.369, 8.848, 8.066, 8.828, 8.647, 5.525, 3.457, 2.799, 3.762, 4.286, 4.152, 3.966, 3.849], [7.565, 7.365, 5.476, 4.903, 6.074, 6.998, 7.199, 7.791, 9.01, 9.881, 10.064, 10.964, 10.786, 9.276, 7.852, 6.374, 4.868, 5.66, 7.259, 6.573, 4.909, 2.766, 1.859, 2.017, 3.321, 4.318, 4.836, 4.688, 3.622, 2.191, 1.628, 0.0, 1.825, 2.921, 2.488, 2.043, 2.253, 2.428, 2.108, 1.916, 2.934, 3.118, 2.063, 4.765, 5.145, 2.875, 2.352, 3.368, 3.791, 4.085, 5.693, 7.453, 8.096, 9.018, 9.21, 9.812, 10.196, 9.933, 9.653, 9.276, 8.567, 8.589, 11.906, 15.569, 16.723, 15.09, 15.194, 16.938, 18.899, 21.135, 21.805, 22.319, 21.111, 19.754, 19.756, 20.844, 21.085, 22.11, 23.046, 22.412, 20.167, 19.562, 19.931, 18.821, 18.128, 19.506, 20.437, 19.685, 18.265, 16.127, 16.153, 16.706, 16.419, 16.753, 19.51, 20.677, 20.024, 20.554, 22.426, 23.389, 24.127, 24.394, 23.219, 21.695, 21.755, 22.394, 21.617, 20.759, 20.676, 19.368, 17.282, 15.592, 14.721, 13.948, 13.762, 14.14, 14.114, 12.495, 11.818, 8.355, 2.487, 6.287, 7.084, 5.967, 7.079, 9.457, 7.87, 6.779, 5.528, 5.601, 5.933, 5.705, 5.602, 7.687, 8.118, 7.425, 8.105, 7.931, 4.931, 3.086, 2.83, 4.716, 5.759, 5.562, 5.343, 5.258], [8.619, 8.414, 6.401, 5.912, 7.103, 8.05, 8.251, 8.858, 10.077, 10.941, 11.123, 12.005, 11.844, 10.313, 8.898, 7.41, 6.038, 6.771, 8.035, 7.466, 6.031, 4.211, 3.168, 2.766, 3.714, 4.755, 5.723, 5.6, 4.579, 3.39, 3.242, 1.825, 0.0, 1.857, 2.09, 2.074, 2.266, 2.486, 2.448, 1.765, 2.497, 2.421, 2.14, 3.714, 4.087, 2.38, 2.71, 3.801, 4.157, 4.559, 5.927, 7.771, 8.409, 9.412, 10.051, 10.703, 10.937, 10.713, 9.997, 9.319, 8.572, 9.224, 12.936, 16.575, 17.676, 16.091, 16.205, 17.94, 19.904, 22.039, 22.787, 23.315, 22.12, 20.788, 20.806, 21.884, 22.079, 23.16, 24.078, 23.435, 21.205, 20.602, 20.962, 19.88, 19.175, 20.567, 21.497, 20.726, 19.174, 17.184, 17.234, 17.771, 17.487, 17.823, 20.548, 21.662, 21.043, 21.567, 23.429, 24.364, 25.115, 25.379, 24.21, 22.693, 22.746, 23.395, 22.614, 21.749, 21.678, 20.344, 18.244, 16.584, 15.651, 14.793, 14.63, 15.111, 15.04, 13.437, 12.689, 9.209, 2.02, 5.807, 6.329, 5.829, 7.809, 9.14, 8.591, 8.089, 6.534, 6.632, 7.116, 6.919, 5.621, 6.678, 7.353, 7.195, 7.491, 7.362, 5.262, 3.873, 3.925, 6.182, 7.453, 7.231, 7.031, 6.963], [9.871, 9.656, 7.649, 7.16, 8.399, 9.331, 9.53, 10.136, 11.356, 12.221, 12.424, 13.246, 13.085, 11.588, 10.183, 8.74, 7.353, 8.125, 9.494, 8.985, 7.506, 5.357, 4.135, 4.089, 4.946, 5.961, 6.976, 6.844, 5.816, 4.819, 4.108, 2.921, 1.857, 0.0, 1.535, 2.205, 2.851, 3.439, 3.399, 1.667, 2.106, 2.767, 1.998, 2.695, 2.933, 2.065, 3.361, 4.884, 5.261, 5.907, 7.061, 8.362, 9.007, 10.173, 11.308, 11.963, 12.084, 11.881, 10.797, 9.832, 9.11, 10.355, 14.219, 17.878, 18.955, 17.37, 17.463, 19.177, 21.18, 23.278, 24.041, 24.575, 23.377, 22.042, 22.05, 23.13, 23.381, 24.406, 25.369, 24.727, 22.493, 21.888, 22.257, 21.163, 20.454, 21.827, 22.739, 21.967, 20.398, 18.474, 18.502, 19.046, 18.759, 19.093, 21.834, 22.91, 22.31, 22.831, 24.712, 25.64, 26.362, 26.638, 25.476, 23.932, 24.016, 24.681, 23.899, 23.031, 22.957, 21.603, 19.518, 17.875, 16.875, 15.964, 15.827, 16.368, 16.286, 14.639, 13.882, 10.437, 2.612, 5.737, 5.927, 6.01, 8.063, 9.388, 8.821, 8.507, 6.986, 7.102, 7.582, 7.379, 5.86, 5.862, 6.834, 7.244, 7.254, 6.966, 5.557, 4.479, 4.521, 6.861, 8.289, 8.075, 7.852, 7.635], [9.278, 9.078, 7.083, 6.532, 7.831, 8.762, 8.959, 9.567, 10.786, 11.649, 11.838, 12.711, 12.554, 11.063, 9.657, 8.18, 6.818, 7.674, 9.145, 8.544, 7.008, 4.899, 3.404, 3.518, 4.425, 5.403, 6.371, 6.27, 5.309, 4.384, 3.37, 2.488, 2.09, 1.535, 0.0, 1.643, 2.28, 2.967, 2.944, 1.456, 2.142, 2.682, 1.535, 3.192, 3.486, 1.95, 3.05, 4.541, 4.836, 5.446, 6.733, 8.238, 8.844, 9.761, 10.706, 11.346, 11.494, 11.267, 10.411, 9.372, 8.583, 9.753, 13.633, 17.292, 18.387, 16.787, 16.882, 18.603, 20.601, 22.648, 23.436, 23.953, 22.755, 21.42, 21.463, 22.537, 22.777, 23.813, 24.775, 24.129, 21.902, 21.292, 21.661, 20.582, 19.876, 21.239, 22.154, 21.381, 19.774, 17.905, 17.942, 18.48, 18.189, 18.525, 21.243, 22.319, 21.709, 22.234, 24.128, 25.077, 25.802, 26.081, 24.909, 23.363, 23.455, 24.096, 23.32, 22.458, 22.383, 21.038, 18.948, 17.283, 16.359, 15.44, 15.275, 15.782, 15.687, 14.064, 13.308, 9.798, 2.204, 5.909, 6.108, 6.191, 7.91, 9.551, 8.707, 7.775, 6.259, 6.409, 6.976, 6.767, 5.904, 6.433, 6.95, 7.437, 7.478, 7.107, 5.029, 3.654, 3.689, 6.025, 7.413, 7.228, 6.981, 6.716], [8.138, 7.999, 6.269, 5.665, 6.62, 7.503, 7.716, 8.321, 9.553, 10.396, 10.605, 11.57, 11.428, 9.956, 8.466, 7.028, 5.91, 6.779, 8.479, 7.725, 6.397, 4.193, 3.207, 3.107, 3.863, 4.769, 5.587, 5.509, 4.596, 3.598, 3.153, 2.043, 2.074, 2.205, 1.643, 0.0, 1.366, 1.869, 2.004, 1.872, 2.087, 2.117, 1.37, 4.389, 4.68, 2.463, 2.731, 4.032, 4.297, 4.833, 6.175, 7.645, 8.208, 9.145, 9.664, 10.396, 10.469, 10.251, 9.528, 8.774, 7.825, 8.63, 12.437, 16.161, 17.235, 15.626, 15.722, 17.476, 19.468, 21.781, 22.447, 22.935, 21.759, 20.393, 20.304, 21.382, 21.613, 22.647, 23.551, 22.922, 20.67, 20.122, 20.469, 19.331, 18.634, 20.046, 20.978, 20.313, 19.037, 16.756, 16.737, 17.213, 16.93, 17.265, 20.049, 21.175, 20.607, 21.138, 22.927, 23.902, 24.655, 24.917, 23.731, 22.235, 22.257, 22.926, 22.127, 21.283, 21.21, 19.842, 17.76, 16.089, 15.164, 14.51, 14.288, 14.701, 14.764, 12.973, 12.352, 8.912, 1.86, 6.474, 6.879, 6.923, 8.516, 9.994, 9.216, 8.239, 6.696, 6.852, 7.425, 7.333, 6.594, 7.43, 7.797, 7.881, 7.998, 7.613, 5.572, 3.892, 3.983, 6.081, 7.151, 6.947, 6.738, 6.458], [7.347, 7.131, 5.216, 4.737, 5.808, 6.752, 6.96, 7.566, 8.792, 9.649, 9.801, 10.731, 10.598, 9.051, 7.616, 6.18, 5.327, 6.18, 7.486, 6.865, 5.657, 3.729, 2.758, 2.323, 2.942, 3.846, 4.656, 4.621, 3.745, 2.882, 2.774, 2.253, 2.266, 2.851, 2.28, 1.366, 0.0, 1.218, 1.329, 2.039, 2.028, 1.635, 1.625, 5.022, 5.367, 3.014, 2.104, 2.96, 3.305, 3.827, 5.075, 6.631, 7.182, 8.164, 8.806, 9.496, 9.583, 9.368, 8.585, 7.758, 6.881, 7.824, 11.633, 15.272, 16.365, 14.786, 14.891, 16.619, 18.605, 20.819, 21.526, 22.062, 20.879, 19.548, 19.494, 20.576, 20.778, 21.859, 22.763, 22.128, 19.887, 19.311, 19.651, 18.571, 17.869, 19.269, 20.187, 19.437, 18.036, 15.94, 15.972, 16.465, 16.183, 16.518, 19.239, 20.352, 19.766, 20.291, 22.116, 23.049, 23.792, 24.056, 22.896, 21.376, 21.435, 22.089, 21.295, 20.442, 20.362, 19.018, 16.926, 15.269, 14.324, 13.48, 13.294, 13.839, 13.793, 12.087, 11.394, 7.953, 1.866, 7.31, 7.626, 7.481, 9.062, 10.779, 9.714, 8.572, 7.091, 7.346, 7.905, 7.787, 7.171, 8.058, 8.648, 8.584, 8.765, 8.606, 6.14, 4.275, 4.329, 6.093, 6.973, 6.783, 6.558, 6.28], [6.607, 6.383, 4.568, 4.034, 5.102, 6.042, 6.241, 6.846, 8.072, 8.929, 9.08, 9.965, 9.848, 8.327, 6.852, 5.419, 4.602, 5.366, 6.787, 6.094, 4.932, 3.209, 2.449, 1.794, 2.293, 3.222, 3.932, 3.884, 3.007, 2.411, 2.73, 2.428, 2.486, 3.439, 2.967, 1.869, 1.218, 0.0, 1.21, 2.678, 2.506, 1.705, 2.215, 5.707, 6.095, 3.566, 1.996, 2.492, 2.863, 3.17, 4.503, 6.095, 6.69, 7.634, 8.085, 8.814, 8.887, 8.652, 8.043, 7.445, 6.6