[[0.0, 1.044, 1.522, 2.308, 2.856, 2.797, 4.943, 6.269, 5.812, 5.242, 5.282, 5.808, 5.587, 5.287, 6.632, 8.194, 7.585, 6.892, 6.885, 7.256, 8.593, 9.238, 10.351, 11.557, 13.694, 15.297, 14.994, 13.678, 13.206, 13.383, 13.29, 13.742, 12.859, 10.991, 10.749, 10.933, 11.109, 13.823, 16.407, 16.421, 17.936, 20.706, 17.572, 17.384, 19.496, 20.021, 20.094, 21.742, 21.312, 20.22, 18.619, 17.072, 17.147, 15.68, 15.241, 14.13, 11.899, 12.113, 12.558, 10.748, 9.219, 9.328, 10.336, 10.193, 8.714, 8.798, 9.456, 8.755, 7.918, 7.656, 8.888, 9.01, 5.507, 5.062, 6.152, 6.092, 5.518, 4.975, 4.492, 4.422, 4.565, 5.908, 7.772, 7.108, 8.598, 8.195, 5.605, 4.838, 5.347, 5.444, 5.231, 5.975, 6.176, 7.767, 10.662, 12.556, 13.23, 14.585, 14.896, 14.609, 15.134, 15.3, 16.0, 16.409, 17.439, 17.522, 16.988, 17.359, 18.553, 18.331, 16.112, 14.792, 14.151, 14.11, 12.336, 11.104, 11.726, 11.281, 9.501, 11.037, 12.346, 11.852, 13.167, 14.412, 14.272, 15.357, 15.128, 14.383, 15.269, 15.247, 14.948, 14.917, 15.08, 15.536, 16.138, 17.784, 19.511, 19.881, 19.698, 20.442, 19.707, 19.293, 19.229, 14.974, 13.024, 13.649, 10.755, 6.225, 6.097, 5.613, 5.137, 5.353, 5.05, 5.146, 5.749, 5.952, 5.48, 4.232, 4.205, 4.466, 5.231, 6.523, 5.758, 4.255, 4.695, 6.401, 7.515, 6.694, 3.029, 5.586, 8.356, 6.871, 5.937, 8.334, 10.23, 9.908, 9.887, 10.53, 10.453, 10.178, 10.865, 12.272, 14.687, 15.303, 14.265, 12.365, 12.568, 14.407, 13.005, 9.584, 8.831, 7.792, 8.007, 7.84, 5.904, 6.069, 6.284, 5.886, 5.939, 5.781, 7.476, 8.828, 9.88, 10.023, 9.934], [1.044, 0.0, 1.369, 2.646, 3.042, 3.019, 5.113, 6.431, 6.002, 5.45, 5.474, 5.972, 5.756, 5.437, 6.795, 8.405, 7.796, 6.878, 6.89, 7.364, 8.763, 9.444, 10.562, 11.711, 13.905, 15.507, 15.205, 13.889, 13.418, 13.594, 13.502, 13.953, 13.07, 11.202, 10.96, 11.144, 11.32, 14.011, 16.598, 16.633, 18.144, 20.917, 17.783, 17.595, 19.707, 20.191, 20.264, 21.912, 21.482, 20.39, 18.83, 17.283, 17.317, 15.865, 15.422, 14.271, 12.054, 12.286, 12.764, 10.895, 9.429, 9.512, 10.536, 10.399, 8.859, 8.954, 9.637, 8.963, 8.088, 7.867, 9.099, 9.221, 5.718, 5.274, 6.356, 6.303, 5.715, 5.149, 4.592, 4.608, 4.752, 6.094, 7.886, 7.224, 8.708, 8.372, 5.641, 4.8, 5.418, 5.492, 5.506, 6.127, 6.474, 7.892, 10.844, 12.732, 13.438, 14.766, 15.081, 14.82, 15.346, 15.511, 16.212, 16.579, 17.65, 17.673, 17.148, 17.532, 18.764, 18.542, 16.323, 15.003, 14.362, 14.321, 12.547, 11.315, 11.937, 11.492, 9.69, 11.248, 12.553, 12.022, 13.354, 14.607, 14.441, 15.526, 15.313, 14.595, 15.471, 15.458, 15.151, 15.122, 15.291, 15.747, 16.35, 17.995, 19.722, 20.093, 19.909, 20.653, 19.902, 19.504, 19.44, 15.144, 13.235, 13.861, 10.966, 6.283, 5.7, 5.28, 4.751, 5.127, 4.753, 4.843, 5.453, 5.634, 5.018, 3.804, 3.941, 4.178, 4.978, 6.437, 5.642, 4.133, 4.427, 6.134, 7.004, 6.145, 2.538, 5.755, 8.568, 6.764, 5.978, 8.545, 10.42, 10.12, 10.098, 10.741, 10.664, 10.39, 11.076, 12.483, 14.898, 15.514, 14.476, 12.576, 12.779, 14.618, 13.216, 9.795, 9.042, 7.99, 8.2, 8.051, 6.071, 6.089, 6.396, 6.098, 6.144, 5.987, 7.688, 9.022, 10.028, 10.078, 10.067], [1.522, 1.369, 0.0, 1.792, 2.284, 2.424, 4.447, 5.769, 5.289, 4.687, 4.787, 5.307, 5.085, 4.756, 6.13, 7.688, 7.049, 6.151, 6.229, 6.731, 8.097, 8.741, 9.732, 10.934, 13.056, 14.62, 14.379, 13.105, 12.628, 12.753, 12.69, 13.156, 12.206, 10.345, 10.089, 10.273, 10.59, 13.327, 15.911, 15.732, 17.247, 20.035, 17.042, 16.826, 18.934, 19.525, 19.599, 21.246, 20.817, 19.724, 18.082, 16.547, 16.652, 15.184, 14.745, 13.606, 11.374, 11.553, 11.911, 10.229, 8.67, 8.733, 9.656, 9.501, 8.017, 8.174, 8.742, 8.244, 7.422, 7.148, 8.379, 8.351, 4.98, 4.559, 5.657, 5.498, 4.945, 4.404, 3.781, 3.87, 3.953, 5.292, 7.118, 6.439, 7.972, 7.635, 4.991, 4.192, 4.788, 4.823, 4.831, 5.486, 5.668, 7.262, 10.166, 12.061, 12.709, 14.049, 14.401, 14.087, 14.579, 14.716, 15.419, 15.913, 16.943, 16.897, 16.314, 16.734, 17.942, 17.71, 15.548, 14.281, 13.612, 13.572, 11.674, 10.476, 11.144, 10.628, 9.005, 10.386, 11.851, 11.356, 12.672, 13.916, 13.776, 14.861, 14.632, 13.865, 14.774, 14.584, 14.453, 14.422, 14.504, 14.922, 15.589, 17.177, 18.862, 19.242, 19.16, 19.865, 19.211, 18.782, 18.701, 14.479, 12.495, 13.098, 10.179, 5.564, 6.076, 5.955, 5.311, 5.59, 5.551, 5.701, 6.242, 6.58, 6.028, 4.764, 4.658, 4.87, 5.367, 6.621, 6.101, 4.938, 5.385, 7.025, 7.941, 7.23, 3.292, 5.09, 7.809, 6.38, 5.36, 7.826, 9.734, 9.408, 9.367, 9.952, 9.85, 9.537, 10.307, 11.697, 14.173, 14.766, 13.712, 11.831, 12.02, 13.845, 12.465, 9.035, 8.251, 7.26, 7.501, 7.292, 5.346, 5.473, 5.525, 5.197, 5.443, 5.285, 6.898, 8.256, 9.22, 9.252, 9.271], [2.308, 2.646, 1.792, 0.0, 1.346, 1.904, 3.041, 4.297, 3.832, 3.348, 3.263, 3.805, 3.581, 3.245, 4.534, 6.037, 5.573, 5.226, 5.066, 5.355, 6.574, 7.16, 8.297, 9.639, 11.691, 13.14, 12.836, 11.521, 11.049, 11.225, 11.133, 11.585, 10.702, 8.834, 8.592, 8.776, 8.952, 11.674, 14.248, 14.264, 15.779, 18.549, 15.44, 15.275, 17.338, 17.863, 17.973, 19.596, 19.192, 18.08, 16.464, 14.915, 14.989, 13.544, 13.156, 12.059, 9.876, 10.099, 10.534, 8.705, 7.205, 7.396, 8.337, 8.083, 6.863, 7.073, 7.393, 6.708, 5.777, 5.528, 6.745, 6.853, 3.48, 3.186, 4.004, 3.955, 3.514, 3.051, 2.632, 2.72, 2.745, 4.182, 5.861, 5.144, 6.626, 6.216, 3.866, 3.089, 3.407, 3.773, 3.683, 4.345, 4.608, 5.834, 8.529, 10.418, 11.102, 12.507, 12.738, 12.452, 12.977, 13.143, 13.843, 14.25, 15.339, 15.46, 14.925, 15.327, 16.396, 16.173, 13.955, 12.635, 12.007, 11.957, 10.178, 8.946, 9.569, 9.123, 7.342, 8.894, 10.195, 9.694, 11.044, 12.361, 12.142, 13.198, 12.969, 12.229, 13.111, 13.09, 12.79, 12.759, 12.923, 13.379, 13.981, 15.627, 17.353, 17.724, 17.54, 18.284, 17.548, 17.135, 17.088, 12.816, 10.867, 11.505, 8.615, 5.148, 6.705, 6.476, 5.928, 6.188, 6.431, 6.522, 7.069, 7.527, 7.178, 5.797, 5.257, 5.36, 5.786, 6.719, 6.369, 5.297, 5.874, 7.633, 9.287, 8.428, 4.012, 3.55, 6.212, 5.514, 4.47, 6.177, 8.071, 7.771, 7.73, 8.373, 8.296, 8.021, 8.707, 10.114, 12.529, 13.146, 12.108, 10.208, 10.41, 12.25, 10.848, 7.427, 6.707, 5.733, 5.963, 5.766, 4.254, 4.46, 4.451, 3.855, 3.876, 3.697, 5.389, 6.854, 7.929, 8.162, 8.041], [2.856, 3.042, 2.284, 1.346, 0.0, 1.011, 2.391, 3.828, 3.378, 2.894, 3.037, 3.463, 3.29, 3.31, 4.083, 5.493, 5.015, 4.915, 4.64, 4.984, 6.098, 6.646, 7.716, 9.058, 11.098, 12.513, 12.209, 10.893, 10.422, 10.598, 10.506, 10.957, 10.075, 8.206, 7.964, 8.149, 8.348, 11.111, 13.68, 13.668, 15.152, 17.921, 14.862, 14.747, 16.725, 17.308, 17.442, 19.056, 18.774, 17.546, 15.925, 14.343, 14.537, 13.074, 12.604, 11.546, 9.309, 9.495, 9.919, 8.167, 6.637, 6.856, 7.753, 7.538, 6.308, 6.727, 6.885, 6.121, 5.336, 5.241, 6.156, 6.226, 2.748, 2.401, 3.444, 3.369, 3.0, 2.583, 2.338, 2.266, 2.354, 3.741, 5.315, 4.587, 6.025, 5.627, 3.622, 2.725, 3.124, 3.491, 3.506, 3.798, 4.001, 5.293, 8.08, 9.851, 10.537, 12.031, 12.157, 11.834, 12.35, 12.516, 13.225, 13.661, 14.739, 14.828, 14.293, 14.696, 15.775, 15.546, 13.327, 12.028, 11.389, 11.33, 9.551, 8.319, 8.941, 8.496, 6.772, 8.289, 9.603, 9.141, 10.443, 11.786, 11.575, 12.608, 12.379, 11.642, 12.521, 12.462, 12.2, 12.169, 12.295, 12.751, 13.354, 15.0, 16.726, 17.097, 16.913, 17.657, 16.958, 16.533, 16.515, 12.278, 10.328, 10.9, 8.011, 4.713, 6.248, 6.201, 5.716, 5.958, 6.224, 6.285, 6.873, 7.251, 6.839, 5.492, 5.018, 5.014, 5.316, 6.194, 5.939, 5.205, 5.818, 7.55, 8.951, 8.11, 3.851, 3.104, 5.619, 5.335, 4.299, 5.624, 7.483, 7.221, 7.119, 7.745, 7.669, 7.394, 8.083, 9.487, 11.92, 12.519, 11.48, 9.581, 9.783, 11.622, 10.22, 6.799, 6.123, 5.337, 5.367, 5.183, 3.911, 4.006, 4.168, 3.595, 3.411, 3.146, 4.792, 6.288, 7.346, 7.607, 7.527], [2.797, 3.019, 2.424, 1.904, 1.011, 0.0, 2.265, 3.82, 3.584, 3.197, 3.259, 3.561, 3.518, 3.587, 4.111, 5.513, 5.05, 4.944, 4.656, 4.972, 6.083, 6.63, 7.716, 9.042, 11.114, 12.572, 12.268, 10.952, 10.481, 10.657, 10.565, 11.016, 10.134, 8.265, 8.023, 8.208, 8.386, 11.133, 13.703, 13.749, 15.23, 17.98, 14.964, 14.855, 16.806, 17.315, 17.444, 19.045, 18.795, 17.558, 16.033, 14.444, 14.571, 13.108, 12.575, 11.494, 9.244, 9.473, 9.906, 8.089, 6.658, 6.846, 7.767, 7.614, 6.296, 6.743, 6.943, 6.084, 5.361, 5.35, 6.167, 6.285, 2.783, 2.364, 3.546, 3.509, 3.133, 2.688, 2.465, 2.21, 2.367, 3.69, 5.269, 4.571, 5.999, 5.598, 3.551, 2.673, 3.228, 3.595, 3.551, 3.787, 3.849, 5.293, 8.091, 9.842, 10.596, 12.091, 12.144, 11.888, 12.409, 12.604, 13.305, 13.648, 14.756, 14.854, 14.319, 14.689, 15.853, 15.605, 13.386, 12.066, 11.436, 11.385, 9.61, 8.378, 9.0, 8.555, 6.805, 8.323, 9.624, 9.125, 10.429, 11.746, 11.534, 12.578, 12.379, 11.709, 12.535, 12.521, 12.214, 12.185, 12.354, 12.81, 13.413, 15.058, 16.785, 17.156, 16.972, 17.716, 16.965, 16.591, 16.593, 12.288, 10.436, 10.945, 8.064, 4.398, 5.976, 5.949, 5.513, 5.747, 6.065, 6.14, 6.741, 7.092, 6.695, 5.381, 4.795, 4.758, 5.046, 5.864, 5.677, 5.055, 5.675, 7.402, 8.789, 7.859, 3.794, 3.084, 5.69, 5.244, 4.262, 5.691, 7.483, 7.303, 7.186, 7.804, 7.727, 7.456, 8.146, 9.546, 11.961, 12.578, 11.539, 9.64, 9.842, 11.681, 10.279, 6.858, 6.163, 5.378, 5.34, 5.198, 3.895, 3.99, 4.174, 3.713, 3.422, 3.14, 4.862, 6.323, 7.338, 7.613, 7.519], [4.943, 5.113, 4.447, 3.041, 2.391, 2.265, 0.0, 1.84, 2.289, 2.047, 2.373, 2.36, 2.678, 2.391, 2.426, 3.536, 3.03, 3.289, 3.138, 3.342, 4.065, 4.481, 5.524, 6.857, 8.887, 10.422, 10.119, 8.803, 8.331, 8.508, 8.415, 8.867, 7.984, 6.116, 5.874, 6.058, 6.238, 8.969, 11.546, 11.586, 13.074, 15.831, 12.793, 12.689, 14.642, 15.173, 15.355, 16.87, 16.712, 15.439, 13.906, 12.349, 12.503, 11.116, 10.435, 9.322, 7.06, 7.305, 7.741, 5.921, 4.528, 4.763, 5.625, 5.66, 4.652, 5.15, 4.907, 4.023, 3.609, 3.858, 4.318, 4.135, 1.648, 1.739, 2.35, 2.172, 2.128, 1.661, 1.692, 1.815, 1.596, 2.735, 3.649, 2.683, 3.838, 3.445, 2.339, 1.592, 1.917, 2.565, 3.038, 3.045, 3.066, 3.801, 6.079, 7.754, 8.562, 9.93, 9.995, 9.734, 10.263, 10.458, 11.157, 11.492, 12.601, 12.71, 12.175, 12.554, 13.697, 13.456, 11.237, 9.917, 9.306, 9.264, 7.461, 6.251, 6.851, 6.449, 4.724, 6.178, 7.468, 6.954, 8.269, 9.568, 9.384, 10.428, 10.227, 9.546, 10.385, 10.372, 10.075, 10.036, 10.205, 10.661, 11.263, 12.909, 14.636, 15.006, 14.823, 15.567, 14.816, 14.435, 14.429, 10.109, 8.407, 8.857, 5.927, 3.946, 6.023, 6.227, 5.839, 6.023, 6.728, 7.216, 7.749, 7.969, 7.79, 6.694, 5.375, 5.062, 5.127, 5.759, 5.708, 5.612, 6.152, 7.744, 10.196, 9.241, 4.826, 1.532, 3.656, 4.009, 2.962, 3.66, 5.439, 5.269, 5.194, 5.682, 5.593, 5.481, 6.163, 7.43, 9.811, 10.431, 9.39, 7.49, 7.693, 9.532, 8.13, 4.711, 4.282, 3.452, 3.438, 3.063, 2.444, 2.646, 2.629, 2.322, 1.718, 1.996, 3.275, 4.151, 5.219, 5.576, 5.471], [6.269, 6.431, 5.769, 4.297, 3.828, 3.82, 1.84, 0.0, 1.466, 1.639, 2.064, 1.769, 2.327, 2.079, 1.393, 2.451, 2.197, 2.919, 2.84, 2.578, 3.008, 3.269, 4.249, 5.591, 7.534, 9.086, 8.778, 7.462, 6.991, 7.167, 7.075, 7.526, 6.644, 4.775, 4.533, 4.718, 4.934, 7.584, 10.171, 10.206, 11.721, 14.49, 11.357, 11.168, 13.28, 13.76, 13.889, 15.481, 15.17, 13.976, 12.414, 10.884, 10.993, 9.588, 9.046, 7.925, 5.736, 5.98, 6.421, 4.693, 3.362, 3.542, 4.501, 4.406, 3.651, 4.172, 3.873, 2.766, 2.065, 2.406, 3.003, 2.814, 2.136, 2.12, 1.842, 1.91, 2.444, 2.489, 2.645, 3.002, 2.805, 2.433, 3.459, 2.206, 2.633, 2.388, 2.697, 2.356, 1.718, 2.255, 3.19, 3.041, 3.401, 3.224, 4.633, 6.402, 7.155, 8.43, 8.667, 8.394, 8.919, 9.085, 9.785, 10.151, 11.271, 11.397, 10.862, 11.233, 12.338, 12.115, 9.896, 8.576, 7.949, 7.983, 6.137, 4.89, 5.51, 5.078, 3.308, 4.861, 6.134, 5.598, 6.948, 8.224, 8.067, 9.095, 8.886, 8.168, 9.045, 9.031, 8.724, 8.695, 8.864, 9.321, 9.923, 11.569, 13.295, 13.666, 13.482, 14.226, 13.475, 13.077, 13.014, 8.713, 6.891, 7.501, 4.582, 4.357, 6.788, 7.079, 6.651, 7.101, 8.257, 8.701, 9.029, 9.42, 9.322, 8.218, 6.712, 6.249, 6.194, 6.248, 6.339, 6.744, 7.412, 8.778, 11.742, 10.789, 6.019, 1.351, 2.665, 3.302, 2.465, 2.406, 4.044, 3.763, 3.74, 4.338, 4.238, 4.043, 4.728, 6.074, 8.471, 9.088, 8.049, 6.15, 6.352, 8.192, 6.789, 3.368, 3.273, 2.466, 2.422, 1.955, 2.292, 2.006, 1.878, 1.578, 1.405, 2.099, 2.298, 2.809, 3.999, 4.509, 4.4], [5.812, 6.002, 5.289, 3.832, 3.378, 3.584, 2.289, 1.466, 0.0, 1.147, 1.794, 1.942, 2.256, 1.98, 2.018, 3.119, 2.581, 3.399, 3.156, 3.083, 3.541, 3.777, 4.643, 5.902, 7.918, 9.507, 9.203, 7.887, 7.416, 7.611, 7.5, 7.951, 7.069, 5.235, 5.034, 5.143, 5.318, 8.16, 10.736, 10.756, 12.217, 14.915, 11.977, 11.897, 13.809, 14.439, 14.544, 16.121, 15.919, 14.665, 13.092, 11.498, 11.669, 10.178, 9.657, 8.599, 6.275, 6.437, 6.898, 5.204, 3.953, 3.964, 4.804, 4.85, 4.062, 4.481, 4.136, 3.07, 2.825, 2.578, 3.438, 3.535, 2.618, 2.462, 2.151, 1.963, 2.764, 2.872, 3.063, 3.317, 3.009, 2.643, 3.982, 2.733, 3.214, 2.932, 3.312, 2.442, 1.486, 1.951, 3.087, 2.931, 3.473, 3.09, 5.224, 6.939, 7.664, 9.168, 9.146, 8.859, 9.345, 9.606, 10.31, 10.661, 11.759, 11.835, 11.304, 11.684, 12.818, 12.54, 10.321, 9.001, 8.371, 8.361, 6.551, 5.32, 5.935, 5.504, 3.875, 5.296, 6.632, 6.196, 7.479, 8.765, 8.588, 9.611, 9.376, 8.708, 9.484, 9.456, 9.163, 9.132, 9.289, 9.745, 10.348, 11.994, 13.72, 14.091, 13.907, 14.651, 13.93, 13.573, 13.6, 9.368, 7.466, 7.96, 5.227, 4.958, 7.313, 7.673, 7.322, 7.573, 8.509, 8.635, 9.154, 9.659, 9.347, 8.154, 6.988, 6.713, 6.695, 6.831, 6.911, 7.31, 7.887, 9.247, 11.496, 10.714, 6.374, 2.051, 3.032, 3.863, 3.303, 2.996, 4.485, 4.355, 4.17, 4.773, 4.663, 4.446, 5.108, 6.491, 8.901, 9.513, 8.474, 6.575, 6.777, 8.616, 7.214, 3.8, 3.641, 3.176, 2.929, 2.713, 2.97, 2.316, 2.299, 1.986, 2.161, 2.392, 2.628, 3.312, 4.359, 4.792, 4.734], [5.242, 5.45, 4.687, 3.348, 2.894, 3.197, 2.047, 1.639, 1.147, 0.0, 1.152, 1.356, 1.557, 1.345, 1.934, 3.29, 3.085, 3.75, 3.751, 3.672, 4.137, 4.297, 5.202, 6.532, 8.486, 10.058, 9.754, 8.439, 7.967, 8.143, 8.051, 8.509, 7.62, 5.752, 5.52, 5.694, 5.905, 8.742, 11.309, 11.277, 12.754, 15.467, 12.493, 12.34, 14.334, 14.94, 15.073, 16.688, 16.362, 15.169, 13.531, 11.97, 12.113, 10.624, 10.253, 9.182, 6.896, 7.03, 7.487, 5.845, 4.313, 4.449, 5.383, 5.299, 4.46, 4.966, 4.689, 3.722, 3.002, 2.826, 3.772, 3.78, 2.773, 2.683, 2.554, 2.143, 2.892, 2.65, 2.896, 3.183, 2.78, 2.896, 4.384, 3.008, 3.709, 3.383, 3.53, 2.465, 1.573, 1.29, 2.405, 2.293, 2.857, 2.922, 5.671, 7.475, 8.145, 9.662, 9.757, 9.442, 9.919, 10.115, 10.826, 11.267, 12.378, 12.402, 11.867, 12.25, 13.333, 13.091, 10.873, 9.596, 8.927, 8.926, 7.114, 5.864, 6.487, 6.042, 4.387, 5.873, 7.234, 6.77, 8.09, 9.369, 9.194, 10.224, 9.982, 9.273, 10.107, 10.008, 9.783, 9.742, 9.841, 10.297, 10.904, 12.545, 14.271, 14.642, 14.475, 15.202, 14.541, 14.114, 14.147, 9.909, 7.907, 8.463, 5.584, 5.168, 7.384, 7.662, 7.173, 7.513, 8.229, 8.372, 8.927, 9.361, 9.022, 7.735, 6.689, 6.574, 6.611, 6.896, 7.033, 7.078, 7.734, 9.189, 11.15, 10.318, 6.097, 1.984, 3.669, 4.197, 3.491, 3.428, 5.091, 4.851, 4.748, 5.291, 5.214, 4.939, 5.625, 7.033, 9.488, 10.081, 9.027, 7.159, 7.335, 9.168, 7.779, 4.35, 4.171, 3.268, 3.317, 2.854, 3.11, 2.536, 2.321, 1.903, 2.031, 2.789, 2.754, 3.879, 4.957, 5.419, 5.422], [5.282, 5.474, 4.787, 3.263, 3.037, 3.259, 2.373, 2.064, 1.794, 1.152, 0.0, 0.959, 0.985, 1.027, 1.777, 3.14, 3.663, 4.45, 4.352, 4.026, 4.317, 4.281, 5.334, 6.568, 8.581, 10.04, 9.737, 8.421, 7.95, 8.126, 8.034, 8.488, 7.602, 5.734, 5.608, 5.703, 5.852, 8.593, 11.131, 11.184, 12.721, 15.453, 12.366, 12.215, 14.256, 14.757, 14.875, 16.498, 16.109, 14.983, 13.39, 11.821, 11.885, 10.444, 10.107, 9.019, 6.806, 7.039, 7.476, 5.659, 4.672, 4.678, 5.437, 5.28, 4.768, 5.222, 4.862, 3.952, 2.795, 2.536, 3.705, 3.784, 3.195, 2.978, 2.8, 2.628, 3.084, 2.868, 3.238, 3.588, 3.215, 3.529, 5.087, 3.572, 3.93, 3.901, 3.899, 2.816, 1.715, 1.179, 1.998, 1.939, 2.549, 2.816, 5.487, 7.361, 8.069, 9.52, 9.668, 9.352, 9.878, 10.043, 10.744, 11.163, 12.291, 12.417, 11.882, 12.275, 13.296, 13.074, 10.858, 9.535, 8.904, 8.871, 7.079, 5.847, 6.469, 6.024, 4.259, 5.861, 7.133, 6.597, 7.976, 9.285, 9.085, 10.08, 9.861, 9.182, 10.003, 9.99, 9.683, 9.654, 9.823, 10.279, 10.904, 12.527, 14.254, 14.624, 14.441, 15.185, 14.46, 14.036, 14.014, 9.717, 7.817, 8.472, 5.601, 5.698, 7.89, 8.067, 7.555, 7.927, 8.714, 8.832, 9.397, 9.849, 9.508, 8.157, 7.07, 6.956, 7.024, 7.414, 7.548, 7.446, 8.134, 9.622, 11.629, 10.787, 6.382, 2.159, 4.03, 4.744, 3.913, 3.59, 4.998, 4.721, 4.667, 5.273, 5.196, 4.922, 5.608, 7.015, 9.43, 10.046, 9.008, 7.108, 7.311, 9.15, 7.748, 4.331, 4.631, 3.658, 3.611, 3.029, 3.634, 3.217, 2.749, 2.004, 2.237, 3.034, 2.791, 3.876, 5.035, 5.643, 5.666], [5.808, 5.972, 5.307, 3.805, 3.463, 3.561, 2.36, 1.769, 1.942, 1.356, 0.959, 0.0, 0.948, 1.238, 1.541, 2.808, 3.548, 4.342, 4.22, 3.873, 4.141, 3.992, 4.972, 6.047, 8.048, 9.544, 9.24, 7.925, 7.453, 7.629, 7.537, 7.989, 7.106, 5.238, 5.206, 5.287, 5.356, 8.052, 10.634, 10.668, 12.212, 14.953, 11.819, 11.645, 13.743, 14.219, 14.292, 15.939, 15.531, 14.424, 12.865, 11.319, 11.373, 9.93, 9.553, 8.429, 6.27, 6.519, 6.954, 5.111, 4.312, 4.363, 5.127, 5.042, 4.693, 5.133, 4.667, 3.545, 2.256, 2.093, 3.206, 3.287, 3.032, 2.907, 2.582, 2.446, 2.945, 2.881, 3.28, 3.584, 3.223, 3.461, 4.962, 3.462, 3.623, 3.737, 3.819, 2.764, 1.809, 1.237, 2.046, 1.78, 2.347, 2.347, 4.966, 6.842, 7.56, 8.938, 9.158, 8.856, 9.381, 9.547, 10.247, 10.636, 11.781, 11.907, 11.373, 11.764, 12.8, 12.577, 10.359, 9.039, 8.398, 8.362, 6.583, 5.35, 5.973, 5.527, 3.758, 5.352, 6.625, 6.05, 7.459, 8.766, 8.558, 9.554, 9.352, 8.645, 9.507, 9.494, 9.187, 9.158, 9.327, 9.783, 10.396, 12.031, 13.757, 14.128, 13.944, 14.688, 13.951, 13.539, 13.476, 9.172, 7.303, 7.963, 5.095, 5.631, 7.855, 8.062, 7.549, 7.938, 8.725, 8.853, 9.37, 9.892, 9.608, 8.332, 7.083, 6.99, 7.038, 7.337, 7.504, 7.461, 8.129, 9.633, 11.784, 10.924, 6.289, 2.108, 3.887, 4.646, 3.763, 3.356, 4.489, 4.167, 4.159, 4.777, 4.7, 4.425, 5.111, 6.519, 8.933, 9.55, 8.512, 6.612, 6.814, 8.654, 7.252, 3.868, 4.505, 3.538, 3.458, 2.793, 3.558, 3.158, 2.609, 2.025, 2.128, 2.904, 2.466, 3.444, 4.826, 5.522, 5.461], [5.587, 5.756, 5.085, 3.581, 3.29, 3.518, 2.678, 2.327, 2.256, 1.557, 0.985, 0.948, 0.0, 1.275, 1.951, 3.038, 4.018, 4.706, 4.614, 4.209, 4.478, 4.473, 5.448, 6.36, 8.296, 9.785, 9.481, 8.166, 7.694, 7.87, 7.778, 8.23, 7.347, 5.505, 5.609, 5.688, 5.597, 8.287, 10.875, 10.909, 12.433, 15.194, 12.06, 11.894, 13.983, 14.447, 14.524, 16.162, 15.759, 14.665, 13.107, 11.56, 11.612, 10.152, 9.778, 8.639, 6.508, 6.757, 7.192, 5.301, 4.887, 4.929, 5.565, 5.18, 5.008, 5.386, 5.054, 4.13, 2.499, 2.283, 3.418, 3.528, 3.662, 3.389, 3.228, 3.084, 3.456, 3.022, 3.502, 3.774, 3.438, 3.851, 5.45, 3.962, 4.257, 4.288, 4.147, 3.046, 2.137, 1.444, 1.896, 1.71, 2.174, 2.468, 5.191, 7.063, 7.781, 9.16, 9.379, 9.097, 9.622, 9.788, 10.488, 10.857, 12.007, 12.133, 11.598, 11.988, 13.041, 12.818, 10.6, 9.28, 8.643, 8.598, 6.823, 5.591, 6.214, 5.773, 4.02, 5.573, 6.846, 6.274, 7.684, 9.004, 8.779, 9.791, 9.589, 8.871, 9.748, 9.735, 9.428, 9.399, 9.568, 10.024, 10.626, 12.272, 13.998, 14.369, 14.185, 14.929, 14.179, 13.78, 13.717, 9.394, 7.512, 8.184, 5.383, 5.959, 8.142, 8.325, 7.812, 8.183, 8.875, 8.998, 9.513, 10.024, 9.707, 8.357, 7.198, 7.181, 7.273, 7.695, 7.805, 7.636, 8.306, 9.882, 11.826, 11.008, 6.412, 2.413, 4.402, 5.002, 4.14, 3.55, 4.715, 4.396, 4.38, 5.018, 4.941, 4.666, 5.352, 6.759, 9.174, 9.791, 8.753, 6.853, 7.055, 8.895, 7.493, 4.198, 4.925, 3.915, 4.017, 3.371, 3.937, 3.577, 2.997, 2.277, 2.534, 3.348, 2.986, 4.037, 5.172, 5.915, 5.941], [5.287, 5.437, 4.756, 3.245, 3.31, 3.587, 2.391, 2.079, 1.98, 1.345, 1.027, 1.238, 1.275, 0.0, 1.788, 3.219, 3.5, 3.95, 3.953, 3.723, 4.11, 4.3, 5.4, 6.559, 8.58, 10.073, 9.77, 8.454, 7.982, 8.159, 8.066, 8.518, 7.635, 5.767, 5.679, 5.768, 5.885, 8.626, 11.18, 11.233, 12.716, 15.482, 12.414, 12.25, 14.304, 14.804, 14.921, 16.545, 16.141, 15.029, 13.439, 11.869, 11.904, 10.449, 10.13, 9.037, 6.828, 7.048, 7.501, 5.67, 4.817, 4.761, 5.355, 5.045, 4.301, 4.605, 4.496, 4.048, 2.824, 2.57, 3.72, 3.849, 3.157, 3.042, 2.938, 2.703, 2.946, 2.724, 2.787, 3.131, 2.751, 3.13, 4.868, 3.445, 3.906, 3.852, 3.349, 2.402, 1.849, 1.815, 2.693, 2.606, 3.081, 3.041, 5.495, 7.365, 8.064, 9.511, 9.662, 9.395, 9.91, 10.087, 10.788, 11.158, 12.296, 12.422, 11.887, 12.285, 13.329, 13.106, 10.888, 9.568, 8.938, 8.89, 7.112, 5.879, 6.502, 6.057, 4.255, 5.856, 7.15, 6.643, 7.997, 9.302, 9.084, 10.123, 9.882, 9.204, 10.036, 10.023, 9.716, 9.687, 9.856, 10.312, 10.914, 12.56, 14.287, 14.657, 14.474, 15.217, 14.467, 14.069, 14.063, 9.763, 7.8, 8.468, 5.662, 5.091, 7.304, 7.518, 7.005, 7.396, 8.214, 8.353, 8.918, 9.398, 9.15, 7.941, 6.688, 6.44, 6.491, 6.857, 6.951, 6.926, 7.607, 9.093, 11.359, 10.504, 5.865, 1.938, 3.948, 4.233, 3.396, 3.628, 4.993, 4.751, 4.673, 5.306, 5.229, 4.954, 5.641, 7.048, 9.462, 10.079, 9.041, 7.141, 7.343, 9.183, 7.781, 4.37, 4.395, 3.325, 3.714, 3.124, 3.205, 2.899, 2.228, 1.869, 2.288, 3.031, 2.975, 3.9, 5.03, 5.386, 5.461], [6.632, 6.795, 6.13, 4.534, 4.083, 4.111, 2.426, 1.393, 2.018, 1.934, 1.777, 1.541, 1.951, 1.788, 0.0, 1.947, 2.374, 3.192, 3.024, 2.645, 3.039, 3.041, 4.201, 5.362, 7.309, 8.73, 8.427, 7.111, 6.64, 6.816, 6.74, 7.197, 6.317, 4.477, 4.393, 4.522, 4.542, 7.285, 9.82, 9.855, 11.43, 14.163, 11.02, 10.918, 12.929, 13.396, 13.543, 15.121, 14.864, 13.619, 12.108, 10.565, 10.691, 9.322, 8.811, 7.694, 5.545, 5.795, 6.23, 4.341, 3.394, 3.464, 4.365, 4.052, 3.538, 3.941, 3.571, 2.821, 1.928, 1.97, 2.968, 2.618, 2.591, 2.654, 1.873, 1.928, 2.218, 2.374, 2.903, 3.248, 2.934, 2.662, 3.83, 2.371, 2.696, 2.666, 2.793, 2.551, 1.91, 2.31, 3.309, 2.931, 3.094, 2.925, 4.329, 6.079, 6.837, 8.236, 8.376, 8.042, 8.568, 8.733, 9.434, 9.854, 11.023, 11.149, 10.614, 11.021, 11.986, 11.784, 9.567, 8.225, 7.642, 7.597, 5.776, 4.537, 5.159, 4.714, 2.978, 4.57, 5.862, 5.25, 6.705, 8.041, 7.776, 8.77, 8.57, 7.863, 8.711, 8.68, 8.373, 8.36, 8.513, 8.969, 9.614, 11.217, 12.944, 13.314, 13.131, 13.875, 13.17, 12.726, 12.67, 8.356, 6.611, 7.184, 4.345, 4.603, 6.925, 7.296, 6.938, 7.228, 8.637, 8.943, 9.32, 9.794, 9.699, 8.579, 7.164, 6.283, 6.214, 6.388, 6.516, 6.758, 7.706, 8.899, 12.067, 11.138, 6.22, 1.544, 2.817, 3.471, 2.773, 2.401, 3.709, 3.404, 3.388, 3.963, 3.888, 3.703, 4.359, 5.705, 8.12, 8.736, 7.698, 5.798, 6.001, 7.84, 6.438, 3.098, 3.373, 2.428, 2.356, 1.882, 2.494, 2.178, 1.804, 1.66, 1.602, 2.185, 1.997, 2.687, 3.863, 4.39, 4.421], [8.194, 8.405, 7.688, 6.037, 5.493, 5.513, 3.536, 2.451, 3.119, 3.29, 3.14, 2.808, 3.038, 3.219, 1.947, 0.0, 1.764, 2.69, 3.011, 2.754, 2.545, 2.098, 2.734, 3.748, 5.733, 7.103, 6.799, 5.484, 5.021, 5.274, 5.136, 5.561, 4.716, 2.867, 2.757, 2.829, 2.945, 5.933, 8.48, 8.62, 9.972, 12.516, 9.959, 9.818, 11.672, 12.492, 12.743, 13.968, 14.12, 12.781, 11.23, 9.718, 9.862, 8.659, 7.837, 6.852, 4.534, 4.392, 4.702, 3.091, 2.557, 2.671, 3.161, 2.921, 2.75, 3.043, 2.793, 2.085, 2.162, 2.504, 2.788, 1.695, 3.372, 3.661, 2.833, 2.814, 3.012, 3.322, 4.049, 4.014, 3.807, 3.118, 3.085, 2.153, 1.912, 1.881, 2.967, 3.683, 3.261, 3.43, 4.182, 3.851, 3.84, 3.579, 3.662, 5.233, 6.08, 7.17, 6.965, 6.591, 7.249, 7.664, 8.365, 8.491, 9.617, 9.715, 9.316, 9.778, 10.638, 10.166, 7.999, 6.598, 6.482, 5.954, 4.323, 3.574, 3.857, 3.959, 2.515, 3.094, 4.378, 4.132, 5.314, 6.697, 6.28, 7.277, 7.101, 6.512, 7.102, 7.093, 7.021, 6.807, 6.889, 7.343, 7.963, 9.59, 11.316, 11.687, 11.503, 12.247, 11.707, 11.369, 11.349, 7.384, 5.838, 6.248, 3.154, 4.212, 6.66, 7.891, 7.876, 7.622, 9.251, 10.014, 10.307, 10.713, 10.76, 9.73, 8.032, 6.873, 6.19, 5.63, 6.008, 7.596, 8.324, 9.05, 13.048, 12.297, 7.774, 2.806, 2.662, 3.383, 3.175, 1.77, 3.027, 3.153, 2.979, 2.908, 2.918, 3.305, 4.005, 4.906, 6.801, 7.449, 6.57, 4.299, 4.379, 6.266, 4.978, 2.167, 2.588, 1.818, 2.191, 1.52, 2.664, 2.676, 2.547, 2.683, 2.554, 2.964, 2.197, 2.245, 2.565, 3.563, 3.664], [7.585, 7.796, 7.049, 5.573, 5.015, 5.05, 3.03, 2.197, 2.581, 3.085, 3.663, 3.548, 4.018, 3.5, 2.374, 1.764, 0.0, 1.608, 1.802, 1.725, 1.917, 2.135, 2.863, 4.201, 6.174, 7.712, 7.409, 6.11, 5.669, 5.879, 5.833, 6.243, 5.443, 3.59, 3.178, 3.377, 3.569, 6.646, 9.258, 9.366, 10.623, 13.132, 10.72, 10.59, 12.422, 13.281, 13.532, 14.743, 14.905, 13.568, 11.986, 10.505, 10.641, 9.417, 8.537, 7.552, 5.144, 4.983, 5.205, 3.7, 2.423, 2.473, 3.071, 3.199, 2.158, 2.414, 2.205, 2.156, 2.945, 3.56, 3.8, 2.548, 3.059, 3.322, 2.425, 2.509, 2.58, 3.218, 3.426, 3.357, 3.193, 2.091, 1.928, 1.212, 1.614, 1.167, 2.336, 3.022, 3.038, 3.997, 5.184, 4.913, 4.886, 4.593, 4.376, 5.974, 6.827, 7.904, 7.639, 7.354, 8.01, 8.419, 9.127, 9.25, 10.257, 10.306, 9.941, 10.384, 11.337, 10.856, 8.749, 7.292, 7.175, 6.56, 5.075, 4.274, 4.51, 4.728, 3.216, 3.794, 5.02, 4.91, 5.96, 7.312, 6.874, 7.915, 7.766, 7.208, 7.829, 7.759, 7.824, 7.579, 7.495, 8.005, 8.554, 10.199, 11.926, 12.296, 12.115, 12.869, 12.43, 12.092, 12.026, 8.169, 6.593, 6.943, 3.855, 3.307, 5.941, 7.151, 7.203, 6.977, 8.599, 9.382, 9.649, 10.065, 10.092, 9.052, 7.388, 6.223, 5.622, 4.766, 5.23, 6.978, 7.696, 8.302, 12.364, 11.624, 7.164, 2.388, 1.796, 2.348, 2.202, 1.786, 3.754, 3.829, 3.633, 3.586, 3.669, 4.371, 4.848, 5.645, 7.601, 8.233, 7.292, 5.028, 5.074, 6.978, 5.753, 2.737, 1.829, 1.427, 1.871, 1.46, 1.808, 1.962, 2.071, 2.573, 2.557, 2.556, 2.588, 2.327, 2.497, 2.802, 2.897], [6.892, 6.878, 6.151, 5.226, 4.915, 4.944, 3.289, 2.919, 3.399, 3.75, 4.45, 4.342, 4.706, 3.95, 3.192, 2.69, 1.608, 0.0, 1.133, 1.525, 2.449, 2.96, 3.71, 4.924, 7.046, 8.649, 8.345, 7.03, 6.558, 6.859, 6.724, 7.211, 6.309, 4.453, 4.11, 4.309, 4.521, 7.591, 10.183, 10.285, 11.578, 14.058, 11.541, 11.475, 13.343, 14.117, 14.331, 15.683, 15.687, 14.38, 12.77, 11.22, 11.431, 10.063, 9.267, 8.189, 5.862, 5.818, 6.099, 4.543, 3.097, 3.001, 3.86, 3.775, 2.337, 2.469, 2.876, 2.626, 3.718, 4.57, 4.734, 3.409, 3.241, 3.514, 2.632, 2.683, 2.511, 3.065, 2.97, 2.934, 2.743, 1.554, 1.522, 1.447, 2.127, 1.934, 1.669, 2.553, 3.445, 4.582, 5.825, 5.607, 5.598, 5.398, 5.252, 6.624, 7.415, 8.698, 8.578, 8.286, 8.897, 9.24, 9.902, 10.129, 11.19, 11.043, 10.66, 11.008, 12.156, 11.718, 9.636, 8.237, 7.904, 7.484, 5.877, 4.894, 5.249, 5.251, 3.937, 4.592, 5.986, 5.728, 6.902, 8.185, 7.824, 8.92, 8.766, 8.162, 8.779, 8.669, 8.682, 8.503, 8.446, 8.9, 9.493, 11.136, 12.862, 13.233, 13.057, 13.83, 13.383, 13.041, 13.013, 9.017, 7.275, 7.558, 4.589, 2.133, 4.635, 6.252, 6.297, 6.125, 7.624, 8.418, 8.644, 9.108, 9.102, 8.102, 6.491, 5.273, 4.452, 3.967, 4.39, 6.162, 6.8, 7.501, 11.379, 10.679, 6.258, 2.829, 2.386, 1.708, 1.542, 2.506, 4.422, 4.591, 4.673, 4.446, 4.644, 5.284, 5.912, 6.281, 8.388, 8.851, 8.027, 5.886, 5.975, 7.85, 6.568, 3.592, 2.55, 1.615, 2.071, 1.964, 1.513, 1.862, 2.208, 3.05, 3.04, 2.702, 2.96, 2.964, 3.203, 3.355, 3.41], [6.885, 6.89, 6.229, 5.066, 4.64, 4.656, 3.138, 2.84, 3.156, 3.751, 4.352, 4.22, 4.614, 3.953, 3.024, 3.011, 1.802, 1.133, 0.0, 1.383, 2.387, 2.865, 3.715, 4.878, 7.058, 8.661, 8.358, 7.042, 6.57, 6.87, 6.71, 7.174, 6.306, 4.444, 4.121, 4.298, 4.503, 7.523, 10.112, 10.234, 11.547, 14.087, 11.476, 11.418, 13.292, 14.006, 14.18, 15.609, 15.554, 14.244, 12.665, 11.104, 11.296, 9.871, 9.139, 8.052, 5.668, 5.756, 6.073, 4.464, 3.056, 2.898, 3.804, 3.855, 2.579, 2.81, 2.859, 2.449, 3.565, 4.403, 4.637, 3.485, 2.946, 3.205, 2.316, 2.499, 2.411, 2.869, 2.989, 2.83, 2.78, 1.581, 1.59, 1.694, 2.435, 2.176, 1.939, 2.489, 3.276, 4.484, 5.652, 5.472, 5.467, 5.289, 5.196, 6.503, 7.249, 8.608, 8.509, 8.225, 8.836, 9.165, 9.834, 10.048, 11.121, 11.003, 10.613, 10.957, 12.153, 11.699, 9.558, 8.173, 7.828, 7.476, 5.821, 4.769, 5.173, 5.034, 3.6, 4.546, 5.934, 5.632, 6.834, 8.109, 7.799, 8.88, 8.705, 8.104, 8.728, 8.652, 8.556, 8.426, 8.444, 8.913, 9.503, 11.148, 12.875, 13.245, 13.062, 13.812, 13.308, 12.975, 12.964, 8.91, 7.11, 7.441, 4.547, 2.535, 5.177, 6.43, 6.5, 6.393, 7.754, 8.403, 8.709, 9.152, 9.18, 8.204, 6.649, 5.382, 5.059, 4.611, 4.958, 6.32, 6.929, 7.797, 11.467, 10.729, 6.288, 2.692, 2.175, 1.953, 1.86, 2.47, 4.064, 4.171, 4.396, 4.498, 4.63, 5.329, 5.674, 5.973, 8.301, 8.779, 7.807, 5.811, 5.948, 7.82, 6.479, 3.271, 2.541, 1.945, 1.814, 2.187, 1.845, 2.161, 2.384, 2.967, 2.896, 2.398, 2.729, 2.729, 3.178, 3.299, 3.404], [7.256, 7.364, 6.731, 5.355, 4.984, 4.972, 3.342, 2.578, 3.083, 3.672, 4.026, 3.873, 4.209, 3.723, 2.645, 2.754, 1.725, 1.525, 1.383, 0.0, 1.525, 2.18, 3.296, 4.555, 6.685, 8.207, 7.903, 6.588, 6.116, 6.292, 6.2, 6.652, 5.769, 3.94, 3.681, 3.844, 4.034, 6.709, 9.297, 9.372, 10.846, 13.616, 10.536, 10.484, 12.437, 13.057, 13.197, 14.596, 14.558, 13.323, 11.8, 10.258, 10.415, 9.046, 8.248, 7.087, 4.961, 5.125, 5.538, 3.638, 2.395, 2.55, 3.331, 3.211, 2.357, 2.529, 2.501, 2.158, 3.132, 3.98, 4.574, 3.499, 3.411, 3.534, 2.555, 2.807, 2.526, 3.359, 3.448, 3.548, 3.275, 2.134, 2.019, 1.889, 2.251, 1.894, 2.333, 3.1, 3.257, 4.342, 5.519, 5.223, 5.397, 5.036, 4.509, 5.694, 6.479, 7.7, 7.78, 7.519, 8.136, 8.341, 9.014, 9.276, 10.348, 10.446, 9.987, 10.37, 11.463, 11.245, 9.027, 7.702, 7.189, 7.02, 5.29, 4.166, 4.653, 4.428, 2.916, 3.958, 5.251, 4.722, 6.054, 7.362, 7.148, 8.213, 8.011, 7.293, 8.17, 8.157, 7.943, 7.821, 7.99, 8.446, 9.048, 10.694, 12.42, 12.791, 12.607, 13.351, 12.601, 12.204, 12.142, 7.931, 6.329, 6.783, 3.802, 2.938, 5.667, 7.023, 7.008, 7.134, 8.692, 9.353, 9.661, 10.051, 10.02, 8.867, 7.276, 6.153, 5.47, 5.112, 5.275, 6.813, 7.641, 8.69, 12.434, 11.471, 6.706, 2.58, 1.512, 1.383, 1.888, 1.744, 3.402, 3.576, 4.023, 4.357, 4.346, 4.96, 5.468, 5.542, 7.618, 8.244, 7.274, 5.315, 5.477, 7.317, 5.954, 2.814, 1.966, 1.55, 1.528, 1.737, 2.05, 2.249, 2.457, 2.85, 2.889, 2.758, 2.745, 2.049, 2.89, 3.06, 2.969], [8.593, 8.763, 8.097, 6.574, 6.098, 6.083, 4.065, 3.008, 3.541, 4.137, 4.317, 4.141, 4.478, 4.11, 3.039, 2.545, 1.917, 2.449, 2.387, 1.525, 0.0, 1.169, 1.957, 3.194, 5.249, 6.783, 6.48, 5.204, 4.77, 4.936, 4.784, 5.228, 4.351, 2.804, 2.636, 2.481, 2.711, 5.288, 7.887, 7.999, 9.424, 12.192, 9.248, 9.172, 11.06, 11.742, 11.951, 13.25, 13.324, 12.027, 10.52, 9.027, 9.127, 7.979, 7.103, 5.93, 4.054, 3.898, 4.116, 2.282, 1.709, 1.877, 2.069, 1.998, 1.695, 1.84, 1.489, 1.878, 3.106, 3.868, 4.353, 3.302, 4.272, 4.364, 3.314, 3.482, 3.517, 4.172, 4.607, 4.733, 4.474, 3.263, 2.059, 2.609, 1.665, 1.752, 3.458, 4.125, 3.934, 4.717, 5.869, 5.552, 5.649, 4.983, 3.898, 4.626, 5.36, 6.396, 6.378, 6.102, 6.775, 7.022, 7.687, 7.882, 8.973, 9.138, 8.724, 9.079, 10.088, 9.828, 7.625, 6.278, 5.853, 5.596, 3.928, 3.211, 3.641, 3.566, 2.685, 2.664, 3.827, 3.373, 4.645, 5.936, 5.728, 6.789, 6.588, 5.885, 6.746, 6.733, 6.569, 6.397, 6.661, 7.041, 7.625, 9.27, 10.997, 11.367, 11.184, 11.928, 11.199, 10.817, 10.741, 6.653, 5.147, 5.571, 2.849, 3.442, 6.441, 8.267, 8.305, 8.291, 9.982, 10.68, 10.981, 11.36, 11.345, 10.238, 8.52, 7.417, 6.559, 5.566, 5.799, 8.105, 8.862, 9.77, 13.737, 12.82, 8.094, 3.321, 1.149, 2.271, 3.03, 1.494, 2.857, 3.274, 3.72, 3.99, 3.951, 4.67, 5.179, 5.054, 6.314, 7.002, 6.368, 4.335, 4.16, 5.948, 4.634, 2.197, 1.249, 1.508, 1.616, 1.791, 2.937, 3.129, 3.034, 3.514, 3.393, 3.518, 2.917, 1.486, 1.773, 1.977, 1.894], [9.238, 9.444, 8.741, 7.16, 6.646, 6.63, 4.481, 3.269, 3.777, 4.297, 4.281, 3.992, 4.473, 4.3, 3.041, 2.098, 2.135, 2.96, 2.865, 2.18, 1.169, 0.0, 1.49, 2.561, 4.576, 6.064, 5.76, 4.55, 4.159, 4.266, 4.097, 4.509, 3.661, 2.223, 1.902, 1.833, 2.101, 4.709, 7.287, 7.386, 8.757, 11.479, 8.859, 8.719, 10.448, 11.291, 11.543, 12.749, 12.939, 11.615, 10.107, 8.658, 8.716, 7.632, 6.74, 5.671, 3.661, 3.348, 3.491, 1.803, 1.188, 1.551, 1.703, 1.797, 1.869, 2.039, 1.726, 1.54, 2.813, 3.629, 3.984, 2.766, 4.407, 4.616, 3.491, 3.594, 3.883, 4.492, 5.161, 5.241, 4.985, 3.725, 2.384, 2.929, 1.57, 1.664, 3.985, 4.685, 4.194, 4.505, 5.576, 5.251, 5.33, 4.749, 3.655, 4.341, 4.935, 5.968, 5.826, 5.436, 6.111, 6.524, 7.268, 7.381, 8.348, 8.578, 8.126, 8.615, 9.534, 9.117, 6.904, 5.559, 5.373, 4.972, 3.357, 2.752, 3.159, 3.092, 2.418, 2.151, 3.156, 2.964, 4.082, 5.361, 5.067, 6.151, 5.92, 5.328, 6.034, 6.028, 5.895, 5.734, 5.926, 6.325, 6.915, 8.552, 10.277, 10.648, 10.464, 11.208, 10.519, 10.178, 10.166, 6.242, 4.746, 5.101, 2.165, 3.905, 6.972, 8.832, 8.899, 8.805, 10.505, 11.193, 11.49, 11.877, 11.867, 10.829, 9.112, 7.973, 7.097, 5.846, 6.136, 8.654, 9.408, 10.271, 14.231, 13.367, 8.813, 3.813, 1.481, 2.828, 3.686, 1.483, 2.382, 2.989, 3.428, 3.638, 3.599, 4.333, 4.821, 4.654, 5.771, 6.568, 5.858, 3.799, 3.49, 5.296, 4.041, 1.709, 1.316, 1.669, 1.503, 1.723, 3.509, 3.675, 3.448, 3.687, 3.468, 3.692, 2.492, 1.322, 1.347, 1.92, 2.03], [10.351, 10.562, 9.732, 8.297, 7.716, 7.716, 5.524, 4.249, 4.643, 5.202, 5.334, 4.972, 5.448, 5.4, 4.201, 2.734, 2.863, 3.71, 3.715, 3.296, 1.957, 1.49, 0.0, 1.756, 3.465, 4.959, 4.667, 3.675, 3.321, 3.537, 3.412, 3.68, 2.94, 1.953, 1.453, 1.256, 1.691, 4.173, 6.785, 6.815, 8.069, 10.404, 8.238, 8.147, 9.926, 10.786, 11.036, 12.27, 12.421, 11.084, 9.503, 8.118, 8.175, 7.164, 6.284, 5.267, 3.431, 3.327, 2.818, 1.855, 1.653, 1.863, 1.579, 1.991, 2.301, 2.362, 1.793, 1.794, 3.396, 4.035, 4.15, 2.819, 5.233, 5.599, 4.518, 4.46, 4.925, 5.487, 6.049, 6.011, 5.864, 4.549, 2.971, 3.584, 2.117, 2.502, 5.001, 5.765, 5.222, 5.229, 6.037, 5.789, 5.739, 5.125, 3.753, 4.326, 4.764, 5.467, 5.171, 4.928, 5.52, 5.957, 6.61, 6.804, 7.814, 7.796, 7.285, 7.746, 8.755, 8.136, 6.184, 4.699, 4.665, 4.036, 2.516, 2.37, 2.643, 2.708, 2.685, 1.918, 2.558, 2.441, 3.506, 4.832, 4.336, 5.407, 5.291, 4.735, 5.308, 5.122, 5.324, 5.111, 5.181, 5.487, 5.926, 7.452, 9.186, 9.532, 9.429, 10.207, 9.946, 9.619, 9.552, 5.892, 4.217, 4.367, 1.968, 4.487, 7.807, 9.917, 9.889, 9.617, 11.133, 12.052, 12.266, 12.774, 12.769, 11.779, 10.138, 8.941, 7.983, 6.367, 7.06, 9.711, 10.41, 10.942, 14.994, 14.376, 9.93, 4.881, 2.207, 3.945, 4.784, 2.27, 2.372, 3.099, 3.553, 3.291, 3.374, 4.238, 4.676, 4.488, 5.336, 5.854, 5.347, 3.494, 3.068, 4.526, 3.411, 1.938, 2.002, 2.66, 2.459, 2.617, 4.545, 4.571, 4.371, 4.647, 4.454, 4.686, 3.163, 1.798, 1.182, 1.998, 1.889], [11.557, 11.711, 10.934, 9.639, 9.058, 9.042, 6.857, 5.591, 5.902, 6.532, 6.568, 6.047, 6.36, 6.559, 5.362, 3.748, 4.201, 4.924, 4.878, 4.555, 3.194, 2.561, 1.756, 0.0, 2.26, 3.846, 3.63, 3.199, 2.656, 2.753, 2.471, 2.624, 2.101, 1.949, 2.047, 1.819, 1.564, 3.169, 5.737, 5.762, 7.002, 9.316, 7.512, 7.383, 8.86, 9.835, 10.087, 11.166, 11.485, 10.196, 8.744, 7.496, 7.447, 6.543, 5.659, 4.66, 2.896, 2.614, 2.129, 1.555, 2.537, 2.691, 1.924, 2.562, 3.325, 3.257, 2.724, 3.084, 4.181, 4.649, 4.212, 3.499, 6.692, 7.033, 5.888, 5.867, 6.229, 6.737, 7.274, 7.178, 7.14, 5.809, 4.181, 4.887, 3.246, 3.659, 6.329, 6.941, 6.432, 6.351, 6.784, 5.966, 5.851, 5.136, 3.745, 3.948, 4.293, 4.827, 4.264, 3.891, 4.597, 5.237, 5.846, 6.058, 6.74, 7.062, 6.46, 6.891, 7.844, 7.084, 5.139, 3.702, 3.965, 3.132, 2.021, 2.348, 2.422, 2.743, 3.241, 2.068, 1.934, 2.058, 2.652, 3.659, 3.563, 4.412, 4.248, 3.742, 4.29, 4.072, 4.409, 4.214, 4.447, 4.725, 5.087, 6.487, 8.191, 8.422, 8.344, 9.205, 8.871, 8.512, 8.583, 5.296, 3.571, 3.591, 2.265, 5.536, 8.967, 11.066, 11.085, 10.871, 12.287, 13.201, 13.417, 13.915, 13.899, 12.903, 11.306, 10.1, 9.138, 7.351, 7.913, 10.936, 11.589, 12.099, 16.187, 15.514, 11.079, 6.217, 3.552, 5.246, 6.078, 3.558, 2.587, 3.002, 3.373, 3.208, 3.345, 4.219, 4.463, 4.185, 4.677, 5.326, 4.848, 3.184, 2.626, 3.695, 2.879, 2.858, 3.122, 3.946, 3.746, 3.9, 5.768, 5.796, 5.645, 5.973, 5.812, 6.01, 4.349, 2.856, 2.039, 2.267, 2.447], [13.694, 13.905, 13.056, 11.691, 11.098, 11.114, 8.887, 7.534, 7.918, 8.486, 8.581, 8.048, 8.296, 8.58, 7.309, 5.733, 6.174, 7.046, 7.058, 6.685, 5.249, 4.576, 3.465, 2.26, 0.0, 1.876, 1.755, 2.249, 1.922, 2.04, 1.871, 1.478, 1.885, 3.221, 3.518, 3.39, 2.885, 2.216, 4.221, 4.304, 5.274, 7.36, 6.171, 6.156, 7.401, 8.404, 8.62, 9.609, 10.072, 8.845, 7.418, 6.265, 6.191, 5.369, 4.525, 3.558, 2.416, 2.164, 1.738, 3.158, 4.566, 4.655, 3.698, 4.108, 5.338, 5.185, 4.417, 5.077, 6.056, 6.377, 5.193, 5.055, 8.504, 8.936, 7.882, 7.812, 8.245, 8.779, 9.389, 9.314, 9.228, 7.922, 6.226, 6.915, 5.324, 5.654, 8.405, 9.108, 8.6, 8.461, 8.727, 7.863, 7.575, 6.098, 3.781, 3.424, 3.561, 3.796, 3.009, 2.638, 3.368, 4.054, 4.52, 4.804, 5.482, 5.883, 5.272, 5.753, 6.446, 5.469, 3.974, 2.634, 3.022, 2.33, 2.084, 3.331, 2.979, 3.565, 4.826, 3.254, 2.276, 2.752, 2.438, 2.575, 2.427, 2.839, 2.811, 2.621, 2.664, 2.735, 3.137, 3.051, 3.097, 3.406, 3.493, 4.766, 6.542, 6.465, 6.341, 7.146, 7.426, 6.856, 6.942, 4.121, 2.627, 2.561, 3.945, 7.654, 11.11, 13.261, 13.214, 12.942, 14.356, 15.369, 15.564, 16.096, 16.083, 15.09, 13.478, 12.281, 11.269, 9.184, 10.06, 13.104, 13.747, 14.191, 18.259, 17.7, 13.274, 8.266, 5.494, 7.264, 8.119, 5.587, 3.877, 4.409, 4.449, 3.984, 4.317, 4.534, 4.325, 3.591, 3.636, 4.226, 3.824, 3.279, 2.724, 2.585, 2.378, 4.623, 5.105, 6.01, 5.859, 5.967, 7.923, 7.967, 7.683, 8.024, 7.846, 8.064, 6.314, 4.946, 4.017, 4.027, 4.195], [15.297, 15.507, 14.62, 13.14, 12.513, 12.572, 10.422, 9.086, 9.507, 10.058, 10.04, 9.544, 9.785, 10.073, 8.73, 7.103, 7.712, 8.649, 8.661, 8.207, 6.783, 6.064, 4.959, 3.846, 1.876, 0.0, 1.423, 2.236, 2.514, 2.877, 2.517, 2.091, 2.715, 4.395, 4.656, 4.486, 4.188, 2.491, 3.341, 3.536, 4.124, 6.019, 4.856, 4.807, 6.094, 7.089, 7.332, 8.344, 8.774, 7.547, 6.141, 4.949, 4.901, 4.155, 3.546, 2.769, 3.495, 3.254, 2.85, 4.638, 6.08, 6.204, 5.127, 5.369, 6.672, 6.56, 5.89, 6.546, 7.431, 7.653, 6.491, 6.3, 9.822, 10.283, 9.168, 9.205, 9.794, 10.359, 10.956, 10.9, 10.769, 9.414, 7.722, 8.35, 6.82, 7.162, 9.911, 10.711, 10.127, 10.054, 10.277, 9.457, 9.175, 7.616, 4.702, 3.221, 3.126, 2.954, 2.119, 1.986, 2.379, 2.815, 3.191, 3.507, 4.271, 4.651, 4.086, 4.537, 5.142, 4.371, 3.495, 2.71, 3.157, 2.629, 3.024, 4.498, 4.054, 4.544, 6.022, 4.455, 3.125, 3.702, 3.324, 3.151, 2.775, 2.54, 2.132, 2.465, 2.45, 1.591, 2.343, 1.98, 2.201, 2.325, 2.277, 3.399, 5.185, 5.144, 4.997, 5.811, 6.188, 5.628, 5.587, 3.027, 2.623, 2.274, 4.86, 9.227, 12.683, 14.864, 14.802, 14.505, 15.862, 16.966, 17.175, 17.695, 17.695, 16.704, 15.072, 13.866, 12.822, 10.677, 11.618, 14.619, 15.33, 15.782, 19.823, 19.298, 14.877, 9.781, 6.941, 8.8, 9.68, 6.963, 5.129, 5.614, 5.587, 5.105, 5.358, 5.485, 4.874, 3.753, 2.65, 3.208, 3.05, 4.08, 3.47, 1.829, 2.83, 5.791, 6.471, 7.519, 7.309, 7.457, 9.447, 9.482, 9.206, 9.457, 9.364, 9.522, 7.821, 6.486, 5.528, 5.534, 5.603], [14.994, 15.205, 14.379, 12.836, 12.209, 12.268, 10.119, 8.778, 9.203, 9.754, 9.737, 9.24, 9.481, 9.77, 8.427, 6.799, 7.409, 8.345, 8.358, 7.903, 6.48, 5.76, 4.667, 3.63, 1.755, 1.423, 0.0, 1.594, 1.921, 2.559, 2.195, 2.065, 2.561, 4.033, 4.29, 4.175, 3.885, 2.774, 3.901, 4.02, 4.632, 6.57, 5.625, 5.369, 6.547, 7.544, 7.769, 8.771, 9.266, 8.069, 6.635, 5.395, 5.365, 4.661, 3.954, 3.218, 3.233, 2.933, 2.522, 4.355, 5.819, 6.103, 5.109, 5.079, 6.458, 6.327, 5.649, 6.242, 7.127, 7.337, 6.105, 6.028, 9.486, 9.931, 8.848, 8.902, 9.49, 10.056, 10.653, 10.597, 10.466, 9.111, 7.404, 8.094, 6.517, 6.842, 9.612, 10.407, 9.828, 9.76, 9.945, 9.153, 8.879, 7.313, 4.371, 3.24, 3.296, 3.049, 2.542, 2.023, 2.505, 3.006, 3.676, 3.957, 4.771, 5.109, 4.65, 5.183, 5.851, 5.092, 4.24, 3.147, 3.689, 3.15, 2.934, 3.929, 3.329, 3.828, 5.515, 3.993, 3.248, 3.863, 3.441, 3.418, 3.05, 2.736, 2.651, 2.555, 2.251, 1.9, 2.237, 2.26, 2.092, 2.358, 2.666, 3.894, 5.719, 5.601, 5.287, 6.054, 6.679, 6.013, 5.984, 3.135, 2.437, 2.217, 4.456, 8.927, 12.433, 14.56, 14.536, 14.264, 15.684, 16.671, 16.869, 17.401, 17.386, 16.393, 14.781, 13.572, 12.585, 10.456, 11.334, 14.335, 15.046, 15.464, 19.587, 19.003, 14.573, 9.477, 6.637, 8.497, 9.376, 6.66, 4.785, 5.085, 5.111, 4.464, 4.584, 4.842, 4.257, 3.05, 2.652, 3.16, 2.855, 3.189, 2.65, 1.826, 2.382, 5.41, 6.21, 7.215, 7.005, 7.153, 9.144, 9.178, 8.965, 9.215, 9.061, 9.218, 7.517, 6.183, 5.235, 5.352, 5.6], [13.678, 13.889, 13.105, 11.521, 10.893, 10.952, 8.803, 7.462, 7.887, 8.439, 8.421, 7.925, 8.166, 8.454, 7.111, 5.484, 6.11, 7.03, 7.042, 6.588, 5.204, 4.55, 3.675, 3.199, 2.249, 2.236, 1.594, 0.0, 1.048, 2.316, 1.899, 2.118, 2.064, 2.866, 3.372, 3.338, 2.921, 3.217, 4.091, 4.535, 5.072, 7.288, 5.435, 5.166, 6.727, 7.64, 7.894, 9.062, 9.288, 7.966, 6.443, 5.019, 5.151, 4.25, 3.55, 2.778, 2.31, 1.923, 2.13, 3.546, 4.894, 5.258, 4.456, 4.433, 5.542, 5.286, 4.614, 4.926, 5.812, 6.022, 4.79, 4.757, 8.171, 8.615, 7.533, 7.607, 8.174, 8.74, 9.372, 9.287, 9.163, 7.831, 6.239, 6.87, 5.266, 5.673