[[0.0, 2.315, 2.88, 4.13, 5.772, 4.517, 4.872, 6.579, 7.372, 7.975, 9.159, 9.658, 10.609, 11.145, 11.453, 12.983, 12.657, 10.984, 9.638, 10.29, 10.808, 10.352, 8.62, 6.478, 5.673, 5.529, 3.393, 1.707, 3.629, 4.105, 2.976, 2.216, 1.742, 1.72, 1.982, 1.79, 1.804, 1.814, 2.322, 2.072, 1.775, 1.88, 1.93, 3.378, 4.937, 4.704, 4.372, 4.973, 5.228, 4.129, 1.696, 2.427, 3.141, 2.447, 2.132, 2.056, 2.541, 1.864, 1.475, 3.276, 5.316, 6.782, 7.587, 7.039, 6.291, 6.297, 6.05, 5.865, 5.045, 4.68, 5.072, 6.31, 7.362, 6.608, 5.138, 3.453, 1.953, 3.085, 3.078, 3.123, 4.273, 5.061, 6.023, 6.135, 5.284, 5.631, 6.12, 5.254, 6.116, 8.25, 9.456, 6.936, 4.108, 3.439, 2.86, 3.318, 6.642, 9.967, 9.932, 8.982, 8.008, 9.24, 10.561, 10.761, 10.678, 9.557, 8.518, 8.236, 8.266, 7.978, 7.63, 6.834, 6.012, 5.177, 4.612, 3.488, 1.453, 3.351, 3.176, 2.239, 2.488, 3.869, 5.776, 4.9, 3.604, 3.023, 2.496, 4.058, 6.251, 6.187, 6.151, 7.453, 9.348, 10.073, 10.359, 11.977, 13.9, 13.786, 12.979, 13.545, 14.616, 15.2, 17.759, 18.787, 19.078], [2.315, 0.0, 1.224, 4.853, 6.581, 5.35, 5.238, 7.126, 8.068, 8.661, 9.96, 10.443, 11.425, 11.978, 12.277, 13.797, 13.485, 11.808, 10.464, 11.136, 11.617, 11.162, 9.43, 7.287, 6.488, 6.347, 4.219, 2.819, 3.975, 3.794, 3.88, 3.925, 3.775, 3.27, 3.725, 3.533, 3.145, 3.556, 4.363, 4.017, 3.49, 3.768, 3.879, 5.157, 6.074, 5.726, 5.26, 5.562, 6.008, 4.758, 1.832, 2.457, 4.07, 3.215, 3.475, 4.105, 4.475, 3.887, 3.438, 4.39, 6.212, 7.666, 8.465, 7.949, 7.185, 6.982, 6.741, 6.638, 5.825, 5.583, 6.005, 7.232, 8.018, 7.388, 5.78, 3.853, 2.049, 3.835, 4.346, 4.06, 4.364, 4.76, 6.066, 5.734, 5.342, 5.936, 6.726, 6.081, 7.04, 8.45, 9.624, 7.105, 4.129, 3.017, 1.967, 3.033, 7.451, 10.836, 10.664, 9.642, 8.763, 10.02, 11.458, 11.631, 11.49, 10.358, 9.343, 9.066, 9.0, 8.734, 8.455, 7.649, 6.82, 6.024, 5.478, 4.381, 2.83, 3.955, 3.748, 2.842, 3.18, 4.307, 5.803, 5.095, 3.98, 3.359, 2.771, 4.826, 7.06, 6.986, 6.926, 8.222, 10.187, 10.902, 11.104, 12.674, 14.695, 14.611, 13.804, 14.36, 15.432, 15.982, 18.568, 19.592, 19.87], [2.88, 1.224, 0.0, 4.95, 6.652, 5.48, 5.416, 7.316, 8.173, 9.143, 10.485, 10.948, 11.938, 12.481, 12.792, 14.232, 13.997, 12.322, 10.976, 11.607, 12.143, 11.687, 9.955, 7.82, 7.056, 6.871, 4.769, 3.28, 4.527, 4.128, 4.209, 4.296, 4.325, 3.966, 4.363, 4.232, 3.841, 4.169, 4.915, 4.608, 4.069, 4.039, 4.419, 5.46, 6.481, 6.114, 5.555, 6.053, 6.548, 5.257, 2.473, 3.169, 5.031, 4.168, 4.019, 4.725, 5.148, 4.387, 3.91, 4.825, 6.648, 8.116, 8.881, 8.378, 7.642, 7.438, 7.075, 6.976, 5.974, 5.93, 6.378, 7.605, 8.503, 7.943, 6.311, 4.405, 2.508, 4.101, 4.801, 4.533, 4.487, 4.881, 6.136, 5.791, 5.486, 6.044, 7.061, 6.212, 7.037, 8.623, 9.538, 7.181, 4.243, 3.292, 2.321, 3.46, 7.977, 11.245, 11.103, 10.106, 9.288, 10.537, 11.778, 12.021, 11.979, 10.736, 9.642, 9.473, 9.509, 9.138, 8.913, 8.151, 7.343, 6.483, 5.907, 4.775, 3.55, 4.103, 3.905, 2.966, 3.236, 4.199, 5.606, 5.405, 4.24, 3.753, 3.405, 5.389, 7.598, 7.538, 7.448, 8.747, 10.589, 11.118, 11.223, 13.01, 15.167, 15.128, 14.318, 14.854, 15.923, 16.45, 19.087, 20.074, 20.323], [4.13, 4.853, 4.95, 0.0, 1.913, 1.482, 1.839, 3.018, 3.516, 4.315, 5.63, 6.108, 7.098, 7.641, 7.953, 9.393, 9.158, 7.483, 6.136, 6.767, 7.306, 6.85, 5.118, 3.249, 2.283, 2.321, 2.002, 4.816, 7.424, 7.769, 6.506, 5.342, 4.5, 3.734, 3.721, 3.582, 3.841, 3.466, 3.678, 4.524, 4.69, 4.457, 4.165, 2.893, 2.496, 2.19, 1.585, 1.752, 2.6, 1.827, 3.544, 4.387, 4.036, 3.549, 4.828, 4.361, 3.654, 4.388, 3.851, 2.115, 1.857, 3.279, 4.044, 3.54, 2.868, 2.844, 2.343, 2.284, 1.721, 1.783, 2.323, 3.251, 4.167, 4.008, 3.142, 3.261, 3.948, 6.327, 6.458, 7.08, 8.074, 8.826, 9.849, 9.939, 9.086, 9.329, 9.969, 9.197, 9.447, 12.058, 12.968, 10.389, 7.115, 6.095, 5.343, 3.028, 3.805, 6.587, 6.712, 5.432, 4.457, 5.757, 6.915, 7.182, 7.163, 5.916, 4.806, 4.649, 4.733, 4.366, 4.073, 3.433, 2.624, 2.138, 2.0, 1.848, 3.811, 6.499, 5.796, 4.954, 5.59, 6.999, 9.207, 8.446, 5.773, 5.315, 4.656, 2.113, 2.965, 2.86, 2.647, 3.933, 5.756, 6.248, 6.392, 8.185, 10.325, 10.289, 9.479, 10.012, 11.082, 11.611, 14.247, 15.233, 15.483], [5.772, 6.581, 6.652, 1.913, 0.0, 1.603, 2.44, 2.462, 3.132, 3.506, 4.206, 4.531, 5.357, 5.855, 6.164, 7.637, 7.371, 5.706, 4.405, 5.004, 5.517, 5.061, 3.347, 2.437, 1.664, 1.94, 3.044, 6.559, 9.142, 9.466, 8.051, 6.692, 5.743, 5.062, 4.762, 4.855, 5.088, 4.723, 4.935, 5.897, 6.412, 6.158, 5.601, 3.51, 2.246, 2.026, 1.765, 2.065, 2.405, 2.395, 5.069, 5.466, 4.791, 4.485, 6.33, 5.635, 4.882, 5.759, 5.202, 3.101, 1.43, 1.973, 2.396, 2.466, 2.485, 2.597, 1.578, 1.805, 2.159, 2.194, 2.431, 3.144, 4.065, 4.259, 3.47, 4.068, 5.35, 7.768, 7.837, 8.674, 9.794, 10.577, 11.478, 11.704, 10.855, 11.084, 11.525, 10.782, 10.964, 13.774, 14.715, 11.875, 8.593, 7.521, 6.829, 4.129, 3.623, 5.799, 5.889, 4.776, 3.465, 4.244, 5.182, 5.57, 5.516, 4.484, 3.488, 3.557, 3.792, 2.813, 2.399, 1.937, 2.062, 2.468, 2.612, 2.745, 5.281, 7.867, 7.159, 6.677, 7.128, 8.665, 10.971, 10.082, 7.053, 6.607, 5.853, 3.078, 2.271, 2.026, 1.938, 3.101, 4.336, 4.778, 4.852, 6.586, 8.574, 8.501, 7.69, 8.227, 9.331, 9.894, 12.468, 13.463, 13.712], [4.517, 5.35, 5.48, 1.482, 1.603, 0.0, 1.909, 2.447, 3.324, 3.916, 5.113, 5.587, 6.537, 7.07, 7.382, 8.856, 8.589, 6.922, 5.628, 6.226, 6.731, 6.281, 4.55, 2.99, 2.379, 2.477, 2.624, 5.3, 7.92, 8.22, 7.01, 6.122, 5.263, 4.458, 4.347, 4.103, 4.511, 4.146, 4.228, 5.227, 5.236, 4.964, 4.736, 3.475, 2.625, 2.468, 2.013, 1.829, 2.551, 1.976, 3.932, 4.931, 4.707, 4.219, 5.28, 4.934, 4.395, 5.193, 4.549, 2.685, 1.89, 2.823, 3.481, 3.144, 2.766, 2.715, 2.064, 2.066, 1.632, 1.679, 2.112, 2.967, 3.835, 3.826, 3.069, 3.435, 4.354, 7.016, 7.096, 7.429, 8.527, 9.324, 10.225, 10.449, 9.606, 9.821, 10.404, 9.538, 9.892, 12.491, 13.503, 10.69, 7.378, 6.412, 5.732, 3.349, 3.404, 5.998, 5.923, 5.032, 3.942, 5.163, 6.372, 6.618, 6.594, 5.352, 4.258, 4.171, 4.346, 3.774, 3.513, 2.89, 2.684, 2.587, 2.37, 2.046, 4.091, 6.972, 6.344, 5.553, 5.893, 7.502, 9.76, 9.013, 6.511, 6.193, 5.313, 2.445, 2.277, 2.287, 2.182, 3.603, 5.178, 5.756, 5.946, 7.679, 9.798, 9.726, 8.916, 9.444, 10.511, 11.048, 13.676, 14.676, 14.93], [4.872, 5.238, 5.416, 1.839, 2.44, 1.909, 0.0, 2.163, 3.101, 3.844, 5.126, 5.609, 6.598, 7.133, 7.447, 8.895, 8.655, 6.974, 5.656, 6.265, 6.805, 6.437, 5.1, 3.998, 3.186, 2.774, 3.368, 5.51, 8.07, 8.217, 7.591, 6.722, 5.976, 5.109, 5.263, 4.936, 5.209, 4.898, 5.079, 5.874, 5.614, 5.352, 5.481, 4.496, 3.677, 3.364, 2.85, 1.787, 2.372, 2.471, 4.155, 5.362, 5.103, 4.839, 5.945, 5.763, 5.261, 5.796, 5.267, 3.606, 2.409, 3.336, 3.668, 3.202, 2.642, 2.453, 2.411, 2.329, 1.499, 1.669, 1.953, 2.941, 3.492, 3.338, 2.402, 2.986, 4.902, 7.648, 7.655, 7.83, 8.619, 9.321, 10.473, 10.336, 9.59, 9.81, 10.903, 9.874, 10.307, 12.631, 13.67, 11.164, 7.795, 6.695, 5.778, 3.468, 2.945, 5.873, 5.77, 4.905, 3.949, 5.209, 6.387, 6.693, 6.63, 5.434, 4.318, 4.143, 4.196, 3.818, 3.929, 3.648, 3.116, 2.624, 2.365, 2.754, 4.635, 7.59, 7.019, 5.993, 6.414, 7.85, 9.963, 9.403, 7.127, 6.585, 5.655, 2.48, 2.425, 2.618, 2.651, 3.563, 5.255, 5.77, 5.965, 7.681, 9.836, 9.792, 8.981, 9.511, 10.583, 11.113, 13.738, 14.74, 14.974], [6.579, 7.126, 7.316, 3.018, 2.462, 2.447, 2.163, 0.0, 1.541, 2.072, 3.194, 3.66, 4.635, 5.173, 5.491, 6.935, 6.691, 5.042, 3.901, 4.586, 5.167, 5.227, 4.346, 4.051, 3.458, 3.225, 4.347, 7.158, 9.749, 10.059, 8.921, 8.085, 7.189, 6.36, 6.2, 5.988, 6.359, 6.034, 6.165, 7.175, 7.098, 6.831, 6.665, 5.351, 4.244, 4.027, 3.558, 2.209, 2.332, 2.861, 5.664, 6.515, 5.588, 5.88, 7.157, 6.802, 6.253, 7.169, 6.519, 4.545, 2.858, 2.884, 2.414, 1.934, 2.055, 1.685, 2.067, 2.174, 2.129, 2.388, 2.096, 1.912, 2.039, 2.379, 2.574, 4.299, 6.353, 8.924, 9.053, 9.439, 10.47, 11.186, 12.258, 12.332, 11.437, 11.73, 12.359, 11.563, 11.949, 14.441, 15.418, 12.811, 9.252, 8.099, 7.298, 4.704, 1.994, 4.229, 4.15, 3.04, 2.187, 3.324, 4.546, 4.746, 4.689, 3.45, 2.44, 2.378, 2.545, 2.099, 2.835, 3.078, 3.045, 3.004, 3.093, 3.653, 6.151, 8.977, 8.35, 7.507, 8.024, 9.503, 11.697, 10.894, 8.418, 7.917, 7.001, 3.103, 1.848, 2.263, 2.223, 2.038, 3.349, 3.894, 4.005, 5.715, 7.877, 7.841, 7.017, 7.558, 8.626, 9.158, 11.778, 12.777, 13.019], [7.372, 8.068, 8.173, 3.516, 3.132, 3.324, 3.101, 1.541, 0.0, 1.302, 2.473, 2.955, 3.829, 4.366, 4.701, 6.146, 5.88, 4.278, 3.626, 4.081, 4.828, 5.174, 4.635, 4.391, 4.103, 3.593, 4.866, 8.041, 10.623, 10.945, 9.625, 8.52, 7.481, 6.85, 6.536, 6.567, 6.819, 6.468, 6.706, 7.678, 7.905, 7.67, 7.247, 5.737, 4.836, 4.549, 4.057, 2.725, 2.997, 3.71, 6.538, 7.107, 5.833, 6.164, 7.929, 7.392, 6.626, 7.582, 7.04, 4.934, 3.33, 3.255, 2.556, 2.056, 2.122, 1.767, 2.74, 2.838, 3.077, 2.993, 2.774, 1.982, 1.587, 2.168, 3.037, 5.117, 7.047, 9.473, 9.572, 10.25, 11.294, 12.044, 13.054, 13.211, 12.357, 12.627, 13.132, 12.385, 12.72, 15.285, 16.269, 13.586, 10.08, 8.914, 8.236, 5.573, 1.911, 3.667, 3.767, 2.396, 1.725, 2.762, 3.784, 3.977, 3.918, 2.657, 1.711, 1.688, 2.264, 2.122, 3.021, 3.365, 3.528, 3.349, 3.665, 4.325, 6.922, 9.527, 8.888, 8.247, 8.766, 10.229, 12.567, 11.617, 8.783, 8.303, 7.524, 3.872, 2.647, 2.944, 2.392, 1.848, 2.53, 3.075, 3.159, 4.895, 7.041, 7.04, 6.22, 6.729, 7.8, 8.325, 10.95, 11.947, 12.186], [7.975, 8.661, 9.143, 4.315, 3.506, 3.916, 3.844, 2.072, 1.302, 0.0, 1.536, 2.257, 2.913, 3.449, 3.698, 5.227, 4.944, 3.513, 2.958, 3.48, 4.202, 4.52, 4.231, 4.243, 4.003, 3.667, 5.163, 8.645, 11.226, 11.563, 10.133, 8.906, 7.899, 7.176, 6.892, 6.999, 7.264, 6.899, 7.235, 8.145, 8.547, 8.554, 7.893, 6.319, 4.928, 4.773, 4.345, 3.267, 3.117, 4.152, 7.251, 7.472, 5.94, 6.398, 8.461, 7.867, 6.807, 7.966, 7.576, 5.238, 3.417, 3.154, 2.424, 2.152, 2.211, 2.107, 3.027, 3.167, 3.731, 3.602, 3.285, 2.37, 1.619, 2.121, 3.346, 5.567, 7.481, 9.996, 9.962, 10.752, 12.034, 12.795, 13.746, 13.956, 13.05, 13.372, 13.593, 13.034, 13.463, 15.954, 17.102, 14.285, 10.863, 9.508, 8.903, 6.088, 2.078, 3.143, 3.213, 1.984, 1.334, 2.034, 3.066, 3.13, 3.133, 1.969, 1.517, 1.57, 1.81, 2.002, 2.895, 3.116, 3.269, 3.503, 3.985, 4.764, 7.462, 10.213, 9.587, 9.074, 9.539, 11.151, 13.439, 12.178, 9.393, 8.74, 7.932, 4.158, 2.678, 2.912, 2.4, 1.623, 2.208, 2.587, 2.671, 4.161, 6.108, 6.037, 5.288, 5.754, 6.825, 7.387, 9.951, 10.982, 11.266], [9.159, 9.96, 10.485, 5.63, 4.206, 5.113, 5.126, 3.194, 2.473, 1.536, 0.0, 1.183, 1.681, 2.368, 2.545, 3.95, 3.573, 2.288, 2.203, 2.813, 3.207, 3.713, 4.138, 4.851, 4.401, 4.399, 6.305, 9.953, 12.508, 12.883, 11.294, 10.058, 9.004, 8.291, 7.976, 8.105, 8.447, 8.122, 8.383, 9.337, 9.84, 9.87, 9.161, 7.346, 5.173, 5.286, 5.27, 4.528, 4.206, 5.41, 8.587, 8.73, 6.987, 7.489, 9.67, 9.089, 7.916, 9.1, 8.772, 6.369, 4.262, 3.522, 2.692, 2.965, 3.195, 3.278, 3.768, 3.879, 4.943, 4.838, 4.429, 3.379, 2.422, 3.001, 4.419, 6.692, 8.718, 11.174, 11.116, 11.906, 13.288, 14.098, 15.047, 15.231, 14.326, 14.587, 14.746, 14.224, 14.738, 17.246, 18.403, 15.517, 12.197, 10.841, 10.213, 7.403, 3.037, 2.838, 3.102, 2.324, 1.879, 1.559, 2.313, 2.222, 2.062, 1.523, 1.8, 1.812, 1.879, 2.415, 3.184, 3.679, 4.138, 4.643, 5.125, 5.977, 8.616, 11.439, 10.816, 10.367, 10.856, 12.53, 14.755, 13.402, 10.601, 9.909, 9.086, 5.325, 3.376, 3.579, 3.409, 2.535, 2.206, 2.341, 2.209, 3.076, 4.851, 4.687, 3.934, 4.549, 5.531, 6.169, 8.652, 9.712, 10.009], [9.658, 10.443, 10.948, 6.108, 4.531, 5.587, 5.609, 3.66, 2.955, 2.257, 1.183, 0.0, 1.274, 2.321, 2.09, 3.456, 3.076, 1.814, 1.878, 2.445, 2.69, 3.331, 4.218, 5.169, 4.873, 4.978, 6.789, 10.472, 12.974, 13.386, 11.791, 10.601, 9.529, 8.832, 8.53, 8.614, 8.951, 8.667, 8.882, 9.822, 10.331, 10.363, 9.658, 7.591, 5.364, 5.537, 5.715, 5.048, 4.668, 5.904, 9.07, 9.278, 7.522, 8.043, 10.206, 9.58, 8.498, 9.687, 9.284, 6.918, 4.794, 3.916, 3.029, 3.241, 3.779, 3.843, 4.174, 4.256, 5.409, 5.317, 4.93, 3.703, 2.7, 3.566, 4.923, 7.193, 9.246, 11.672, 11.642, 12.417, 13.793, 14.596, 15.546, 15.753, 14.851, 15.085, 15.259, 14.711, 15.246, 17.747, 18.896, 16.004, 12.673, 11.313, 10.711, 7.914, 3.453, 2.805, 2.977, 2.376, 2.088, 1.461, 2.077, 2.184, 1.659, 1.646, 1.954, 1.965, 1.974, 2.321, 3.227, 3.809, 4.481, 5.052, 5.519, 6.411, 9.113, 11.962, 11.338, 10.851, 11.312, 12.961, 15.253, 13.878, 11.107, 10.446, 9.56, 5.802, 3.795, 3.869, 3.762, 2.954, 2.107, 2.422, 1.984, 2.624, 4.335, 4.196, 3.379, 4.109, 5.078, 5.663, 8.15, 9.212, 9.556], [10.609, 11.425, 11.938, 7.098, 5.357, 6.537, 6.598, 4.635, 3.829, 2.913, 1.681, 1.274, 0.0, 1.573, 1.556, 2.822, 2.51, 1.865, 2.02, 2.593, 2.682, 3.331, 4.335, 5.467, 5.38, 5.522, 7.49, 11.409, 13.955, 14.365, 12.731, 11.34, 10.265, 9.511, 9.273, 9.425, 9.72, 9.428, 9.692, 10.617, 11.297, 11.334, 10.556, 8.498, 6.036, 6.23, 6.587, 6.007, 5.469, 6.777, 10.022, 10.086, 8.104, 8.648, 11.104, 10.447, 9.318, 10.388, 10.048, 7.635, 5.539, 4.346, 3.573, 3.917, 4.579, 4.755, 5.134, 5.242, 6.381, 6.281, 5.841, 4.558, 3.535, 4.176, 5.799, 7.973, 10.096, 12.557, 12.423, 13.341, 14.768, 15.58, 16.51, 16.714, 15.798, 16.066, 16.15, 15.656, 16.121, 18.715, 19.882, 16.925, 13.541, 12.214, 11.646, 8.862, 4.06, 2.708, 2.839, 2.411, 2.726, 1.592, 1.788, 1.808, 1.557, 1.627, 2.398, 2.549, 2.523, 2.952, 3.76, 4.321, 5.019, 5.65, 6.136, 7.171, 10.022, 12.873, 12.2, 11.837, 12.257, 13.904, 16.226, 14.843, 11.965, 11.303, 10.407, 6.654, 4.459, 4.599, 4.595, 3.39, 2.184, 2.074, 1.919, 2.022, 3.504, 3.277, 2.561, 3.235, 4.189, 4.873, 7.243, 8.32, 8.693], [11.145, 11.978, 12.481, 7.641, 5.855, 7.07, 7.133, 5.173, 4.366, 3.449, 2.368, 2.321, 1.573, 0.0, 1.323, 2.667, 2.783, 2.464, 2.535, 2.911, 3.142, 3.749, 4.115, 5.336, 5.632, 5.756, 7.905, 12.009, 14.528, 14.923, 13.223, 11.745, 10.622, 10.07, 9.814, 9.899, 10.18, 9.91, 10.172, 11.0, 11.84, 11.872, 11.106, 8.958, 6.38, 6.714, 7.072, 6.577, 6.081, 7.299, 10.59, 10.656, 8.43, 9.167, 11.68, 10.955, 9.836, 10.775, 10.42, 7.995, 5.9, 4.432, 3.686, 4.248, 5.036, 5.288, 5.682, 5.761, 6.921, 6.8, 6.318, 5.025, 4.081, 4.711, 6.313, 8.496, 10.67, 13.063, 12.987, 13.886, 15.307, 16.118, 17.039, 17.275, 16.365, 16.594, 16.747, 16.136, 16.629, 19.256, 20.421, 17.439, 14.067, 12.742, 12.184, 9.391, 4.652, 3.029, 2.997, 3.018, 3.307, 2.488, 2.119, 1.815, 1.634, 1.97, 2.916, 3.055, 3.296, 3.374, 3.776, 4.496, 5.233, 6.034, 6.584, 7.727, 10.514, 13.37, 12.723, 12.366, 12.78, 14.445, 16.766, 15.372, 12.487, 11.79, 10.899, 7.256, 5.001, 5.138, 5.181, 3.886, 2.452, 2.317, 2.297, 2.08, 3.323, 2.824, 2.695, 2.711, 3.981, 4.728, 6.939, 7.915, 8.336], [11.453, 12.277, 12.792, 7.953, 6.164, 7.382, 7.447, 5.491, 4.701, 3.698, 2.545, 2.09, 1.556, 1.323, 0.0, 2.289, 2.418, 2.314, 2.506, 3.2, 3.289, 4.034, 4.921, 6.09, 6.034, 6.226, 8.186, 12.284, 14.817, 15.218, 13.53, 12.097, 10.962, 10.349, 10.085, 10.185, 10.459, 10.217, 10.48, 11.339, 12.168, 12.19, 11.404, 9.319, 6.875, 7.211, 7.41, 6.862, 6.365, 7.626, 10.88, 10.934, 8.699, 9.47, 11.954, 11.253, 10.178, 11.132, 10.763, 8.317, 6.308, 5.139, 4.26, 4.63, 5.444, 5.627, 5.993, 6.096, 7.227, 7.128, 6.619, 5.356, 4.386, 4.989, 6.632, 8.734, 10.947, 13.372, 13.274, 14.182, 15.615, 16.426, 17.345, 17.566, 16.664, 16.915, 17.027, 16.458, 16.934, 19.581, 20.729, 17.748, 14.389, 13.079, 12.492, 9.7, 4.971, 2.561, 2.67, 3.114, 3.623, 2.357, 1.728, 1.429, 1.423, 2.187, 3.255, 3.409, 3.399, 3.712, 4.125, 4.873, 5.637, 6.373, 6.925, 8.08, 10.841, 13.679, 13.04, 12.673, 13.115, 14.796, 17.072, 15.703, 12.774, 12.101, 11.208, 7.538, 5.296, 5.401, 5.468, 4.288, 2.943, 2.728, 2.343, 1.904, 2.818, 2.529, 2.335, 2.364, 3.51, 4.232, 6.569, 7.629, 8.039], [12.983, 13.797, 14.232, 9.393, 7.637, 8.856, 8.895, 6.935, 6.146, 5.227, 3.95, 3.456, 2.822, 2.667, 2.289, 0.0, 1.434, 2.853, 3.833, 3.446, 3.137, 3.832, 5.472, 7.448, 7.813, 7.828, 10.022, 13.819, 16.334, 16.724, 15.165, 13.721, 12.669, 12.089, 11.751, 11.956, 12.126, 11.71, 12.098, 13.032, 13.702, 13.644, 12.91, 10.721, 8.27, 8.515, 8.892, 8.374, 7.981, 9.127, 12.357, 12.522, 10.605, 11.218, 13.5, 12.773, 11.787, 12.778, 12.367, 9.971, 7.826, 6.448, 5.528, 6.206, 6.954, 7.084, 7.473, 7.621, 8.707, 8.661, 8.25, 6.951, 5.92, 6.663, 8.212, 10.573, 12.543, 14.894, 14.943, 15.819, 17.099, 17.896, 18.825, 19.054, 18.173, 18.414, 18.665, 17.993, 18.432, 21.075, 22.191, 19.276, 15.848, 14.521, 13.97, 11.162, 6.685, 3.652, 3.849, 4.586, 5.216, 3.931, 3.037, 2.866, 2.829, 3.737, 4.745, 4.939, 4.985, 5.161, 5.798, 6.638, 7.389, 8.057, 8.578, 9.578, 12.485, 15.164, 14.544, 14.143, 14.595, 16.227, 18.537, 17.271, 14.308, 13.66, 12.918, 9.168, 7.014, 7.203, 7.051, 5.945, 4.472, 4.024, 3.644, 2.492, 2.24, 2.369, 2.846, 3.172, 3.91, 3.708, 5.059, 5.91, 6.143], [12.657, 13.485, 13.997, 9.158, 7.371, 8.589, 8.655, 6.691, 5.88, 4.944, 3.573, 3.076, 2.51, 2.783, 2.418, 1.434, 0.0, 2.01, 3.123, 2.844, 2.552, 3.179, 4.805, 6.811, 7.044, 7.238, 9.365, 13.468, 16.011, 16.42, 14.736, 13.26, 12.139, 11.484, 11.29, 11.378, 11.651, 11.407, 11.68, 12.512, 13.352, 13.393, 12.612, 10.48, 7.847, 8.199, 8.594, 8.066, 7.515, 8.863, 12.086, 12.131, 9.797, 10.562, 13.153, 12.461, 11.329, 12.273, 11.962, 9.491, 7.403, 6.068, 5.225, 5.733, 6.548, 6.805, 7.185, 7.28, 8.44, 8.319, 7.813, 6.574, 5.642, 6.158, 7.828, 9.828, 12.129, 14.574, 14.431, 15.369, 16.827, 17.639, 18.558, 18.774, 17.858, 18.117, 18.195, 17.646, 18.147, 20.774, 21.941, 18.961, 15.631, 14.283, 13.705, 10.921, 6.198, 4.102, 4.499, 4.556, 4.838, 3.681, 3.302, 3.391, 3.139, 3.578, 4.598, 4.765, 4.774, 4.998, 5.191, 5.965, 6.844, 7.62, 8.236, 9.343, 12.025, 14.906, 14.244, 13.893, 14.314, 15.984, 18.285, 16.89, 13.983, 13.299, 12.402, 8.707, 6.545, 6.633, 6.648, 5.566, 4.381, 4.185, 3.934, 3.257, 3.204, 2.995, 2.842, 3.643, 4.744, 4.621, 5.69, 6.654, 6.956], [10.984, 11.808, 12.322, 7.483, 5.706, 6.922, 6.974, 5.042, 4.278, 3.513, 2.288, 1.814, 1.865, 2.464, 2.314, 2.853, 2.01, 0.0, 1.519, 1.658, 1.72, 2.315, 3.676, 5.103, 5.358, 5.532, 7.638, 11.754, 14.335, 14.731, 13.059, 11.564, 10.438, 9.765, 9.576, 9.666, 9.936, 9.691, 9.965, 10.787, 11.638, 11.694, 10.937, 8.798, 6.195, 6.611, 6.887, 6.352, 5.849, 7.205, 10.38, 10.438, 8.103, 8.843, 11.439, 10.747, 9.615, 10.558, 10.242, 7.758, 5.7, 4.425, 3.538, 4.067, 4.846, 5.095, 5.476, 5.583, 6.752, 6.622, 6.1, 4.945, 4.075, 4.802, 6.238, 8.093, 10.415, 12.864, 12.734, 13.655, 15.121, 15.931, 16.854, 17.064, 16.146, 16.416, 16.476, 15.943, 16.451, 19.06, 20.243, 17.261, 13.97, 12.652, 12.042, 9.262, 4.603, 3.96, 4.308, 3.734, 3.271, 2.587, 2.805, 2.972, 2.666, 2.824, 3.112, 3.234, 3.17, 3.461, 3.552, 4.33, 5.201, 6.023, 6.642, 7.68, 10.35, 13.238, 12.608, 12.214, 12.621, 14.297, 16.588, 15.175, 12.275, 11.584, 10.676, 7.051, 4.957, 5.022, 5.004, 3.99, 3.291, 3.546, 3.261, 3.142, 3.894, 3.624, 2.875, 3.991, 5.237, 5.454, 7.461, 8.436, 8.836], [9.638, 10.464, 10.976, 6.136, 4.405, 5.628, 5.656, 3.901, 3.626, 2.958, 2.203, 1.878, 2.02, 2.535, 2.506, 3.833, 3.123, 1.519, 0.0, 1.359, 1.739, 1.986, 2.807, 4.055, 4.072, 4.201, 6.356, 10.43, 12.994, 13.407, 11.73, 10.237, 9.114, 8.474, 8.252, 8.34, 8.627, 8.366, 8.64, 9.505, 10.33, 10.386, 9.591, 7.451, 4.882, 5.266, 5.562, 5.074, 4.581, 5.949, 9.117, 9.183, 6.857, 7.607, 10.114, 9.422, 8.304, 9.24, 8.936, 6.448, 4.414, 3.128, 2.271, 2.946, 3.591, 3.807, 4.151, 4.258, 5.416, 5.31, 4.786, 3.748, 3.491, 4.151, 5.227, 6.865, 9.094, 11.539, 11.399, 12.342, 13.796, 14.606, 15.529, 15.739, 14.821, 15.091, 15.158, 14.618, 15.126, 17.736, 18.918, 15.944, 12.734, 11.363, 10.753, 7.927, 3.754, 4.182, 4.455, 3.64, 2.529, 2.488, 2.914, 3.092, 2.843, 2.847, 2.634, 2.736, 2.378, 2.314, 2.399, 3.114, 4.029, 4.781, 5.403, 6.451, 9.048, 11.92, 11.298, 10.868, 11.334, 13.047, 15.267, 13.868, 10.953, 10.259, 9.373, 5.733, 3.688, 3.71, 3.683, 2.844, 3.241, 3.613, 3.322, 3.477, 4.791, 4.251, 3.599, 4.307, 5.583, 6.216, 8.49, 9.514, 9.915], [10.29, 11.136, 11.607, 6.767, 5.004, 6.226, 6.265, 4.586, 4.081, 3.48, 2.813, 2.445, 2.593, 2.911, 3.2, 3.446, 2.844, 1.658, 1.359, 0.0, 1.233, 1.583, 2.466, 4.157, 4.728, 4.872, 7.045, 11.167, 13.672, 14.083, 12.383, 10.882, 9.77, 9.231, 8.974, 9.059, 9.326, 9.066, 9.298, 10.134, 10.987, 11.019, 10.243, 8.09, 5.436, 5.841, 6.217, 5.742, 5.246, 6.548, 9.769, 9.82, 7.516, 8.305, 10.839, 10.112, 8.989, 9.883, 9.567, 7.105, 5.035, 3.554, 2.86, 3.51, 4.175, 4.548, 4.831, 4.908, 6.056, 5.947, 5.437, 4.316, 4.182, 4.913, 5.678, 7.586, 9.828, 12.222, 12.146, 13.036, 14.447, 15.271, 16.188, 16.421, 15.512, 15.746, 15.901, 15.272, 15.767, 18.403, 19.56, 16.606, 13.309, 11.94, 11.348, 8.538, 4.502, 4.833, 5.185, 4.371, 3.242, 3.25, 3.61, 3.806, 3.498, 3.483, 3.299, 3.387, 3.126, 2.967, 2.903, 3.655, 4.57, 5.357, 5.975, 7.029, 9.655, 12.518, 11.883, 11.504, 11.947, 13.629, 15.895, 14.519, 11.634, 10.937, 10.048, 6.457, 4.37, 4.437, 4.367, 3.665, 3.825, 4.257, 3.971, 3.948, 4.842, 4.181, 3.876, 4.556, 5.823, 6.061, 8.064, 8.922, 9.361], [10.808, 11.617, 12.143, 7.306, 5.517, 6.731, 6.805, 5.167, 4.828, 4.202, 3.207, 2.69, 2.682, 3.142, 3.289, 3.137, 2.552, 1.72, 1.739, 1.233, 0.0, 1.045, 2.69, 4.793, 5.261, 5.415, 7.524, 11.591, 14.14, 14.558, 12.874, 11.408, 10.285, 9.692, 9.432, 9.546, 9.769, 9.528, 9.819, 10.653, 11.513, 11.537, 10.777, 8.627, 5.985, 6.328, 6.725, 6.193, 5.68, 6.997, 10.214, 10.276, 8.06, 8.788, 11.278, 10.584, 9.495, 10.417, 10.083, 7.648, 5.542, 4.066, 3.433, 4.095, 4.693, 5.131, 5.316, 5.451, 6.632, 6.486, 5.99, 5.01, 4.543, 5.329, 6.126, 8.131, 10.268, 12.702, 12.59, 13.526, 14.958, 15.768, 16.692, 16.902, 15.994, 16.253, 16.363, 15.793, 16.288, 18.909, 20.08, 17.099, 13.772, 12.412, 11.847, 9.066, 4.822, 4.796, 5.141, 4.443, 3.476, 3.32, 3.673, 3.879, 3.559, 3.754, 3.635, 3.713, 3.476, 3.401, 3.394, 4.166, 5.012, 5.73, 6.387, 7.506, 10.207, 13.052, 12.404, 12.042, 12.465, 14.133, 16.426, 15.046, 12.113, 11.452, 10.581, 6.867, 4.623, 4.804, 4.789, 4.034, 4.037, 4.378, 4.048, 3.916, 4.639, 4.14, 3.846, 4.66, 5.884, 5.798, 7.459, 8.29, 8.721], [10.352, 11.162, 11.687, 6.85, 5.061, 6.281, 6.437, 5.227, 5.174, 4.52, 3.713, 3.331, 3.331, 3.749, 4.034, 3.832, 3.179, 2.315, 1.986, 1.583, 1.045, 0.0, 2.013, 4.235, 4.727, 4.917, 7.038, 11.128, 13.684, 14.1, 12.42, 10.952, 9.829, 9.193, 8.967, 9.063, 9.306, 9.069, 9.353, 10.188, 11.03, 11.09, 10.322, 8.167, 5.494, 5.871, 6.268, 5.799, 5.288, 6.53, 9.755, 9.811, 7.519, 8.282, 10.815, 10.127, 9.004, 9.954, 9.634, 7.147, 5.079, 3.643, 3.273, 4.035, 4.443, 4.901, 4.857, 4.966, 6.217, 6.012, 5.55, 4.944, 4.995, 5.551, 6.099, 7.701, 9.788, 12.245, 12.088, 13.035, 14.502, 15.311, 16.235, 16.445, 15.527, 15.796, 15.862, 15.324, 15.831, 18.441, 19.623, 16.651, 13.316, 11.967, 11.401, 8.618, 4.832, 5.6, 5.91, 5.063, 3.93, 3.957, 4.403, 4.544, 4.233, 4.351, 4.155, 4.218, 3.89, 3.555, 3.027, 3.752, 4.615, 5.304, 5.945, 7.085, 9.713, 12.612, 11.964, 11.585, 12.002, 13.682, 15.969, 14.563, 11.656, 10.98, 10.078, 6.361, 4.288, 4.273, 4.371, 3.972, 4.648, 5.012, 4.716, 4.67, 5.366, 4.887, 4.609, 5.376, 6.637, 6.549, 8.091, 8.854, 9.341], [8.62, 9.43, 9.955, 5.118, 3.347, 4.55, 5.1, 4.346, 4.635, 4.231, 4.138, 4.218, 4.335, 4.115, 4.921, 5.472, 4.805, 3.676, 2.807, 2.466, 2.69, 2.013, 0.0, 2.353, 2.982, 3.306, 5.282, 9.405, 11.958, 12.368, 10.681, 9.22, 8.097, 7.424, 7.235, 7.323, 7.588, 7.341, 7.624, 8.461, 9.289, 9.348, 8.589, 6.446, 3.75, 4.141, 4.538, 4.388, 4.037, 4.803, 8.022, 8.072, 5.897, 6.48, 9.09, 8.397, 7.265, 8.216, 7.893, 5.428, 3.393, 2.125, 2.247, 3.099, 3.451, 4.008, 3.287, 3.405, 4.746, 4.487, 4.197, 4.298, 5.096, 5.18, 5.088, 6.148, 8.065, 10.515, 10.369, 11.305, 12.772, 13.581, 14.505, 14.715, 13.797, 14.066, 14.127, 13.594, 14.101, 16.711, 17.893, 14.912, 11.556, 10.223, 9.656, 6.876, 4.341, 6.402, 6.527, 5.454, 3.843, 4.543, 5.21, 5.293, 5.114, 4.605, 4.191, 4.227, 4.196, 3.114, 1.852, 2.124, 2.944, 3.735, 4.247, 5.286, 7.981, 10.863, 10.218, 9.861, 10.283, 11.956, 14.239, 12.826, 9.926, 9.235, 8.338, 4.804, 3.059, 2.965, 3.261, 3.323, 4.734, 5.251, 5.266, 5.726, 6.949, 6.116, 5.835, 6.257, 7.803, 8.065, 9.921, 10.738, 11.223], [6.478, 7.287, 7.82, 3.249, 2.437, 2.99, 3.998, 4.051, 4.391, 4.243, 4.851, 5.169, 5.467, 5.336, 6.09, 7.448, 6.811, 5.103, 4.055, 4.157, 4.793, 4.235, 2.353, 0.0, 1.722, 1.548, 3.178, 7.292, 9.826, 10.226, 8.539, 7.078, 5.955, 5.354, 5.097, 5.182, 5.46, 5.2, 5.475, 6.319, 7.172, 7.211, 6.452, 4.367, 2.642, 2.646, 2.68, 2.874, 2.864, 3.061, 5.907, 5.975, 4.228, 4.436, 6.963, 6.262, 5.139, 6.068, 5.752, 3.288, 2.047, 1.823, 2.672, 2.73, 2.812, 3.601, 3.205, 3.319, 3.608, 3.438, 3.271, 3.975, 5.033, 4.737, 4.059, 4.436, 5.953, 8.38, 8.278, 9.177, 10.631, 11.44, 12.364, 12.576, 11.671, 11.926, 12.028, 11.453, 11.961, 14.588, 15.753, 12.773, 9.48, 8.133, 7.525, 4.825, 4.168, 7.067, 7.007, 5.706, 4.249, 5.287, 6.073, 6.213, 6.292, 5.266, 4.593, 4.668, 4.916, 3.851, 2.383, 1.613, 1.857, 2.42, 2.86, 3.261, 5.843, 8.724, 8.089, 7.728, 8.154, 9.833, 12.098, 10.704, 7.785, 7.103, 6.226, 3.355, 3.131, 2.874, 2.668, 3.343, 5.042, 5.702, 5.989, 7.142, 8.577, 7.896, 7.29, 7.757, 9.002, 9.982, 12.092, 12.946, 13.371], [5.673, 6.488, 7.056, 2.283, 1.664, 2.379, 3.186, 3.458, 4.103, 4.003, 4.401, 4.873, 5.38, 5.632, 6.034, 7.813, 7.044, 5.358, 4.072, 4.728, 5.261, 4.727, 2.982, 1.722, 0.0, 1.281, 2.413, 6.464, 9.045, 9.43, 7.794, 6.273, 5.156, 4.513, 4.288, 4.383, 4.684, 4.397, 4.68, 5.515, 6.357, 6.43, 5.643, 3.652, 1.568, 1.686, 1.76, 2.481, 2.741, 2.703, 5.185, 5.351, 3.806, 3.704, 6.146, 5.449, 4.322, 5.281, 4.957, 2.594, 1.2, 1.635, 2.54, 2.661, 2.664, 3.153, 2.491, 2.461, 2.808, 2.955, 2.987, 3.856, 4.813, 4.653, 3.982, 3.875, 5.116, 7.573, 7.418, 8.363, 9.824, 10.633, 11.557, 11.767, 10.849, 11.118, 11.175, 10.646, 11.153, 13.763, 14.945, 12.022, 8.875, 7.653, 6.907, 4.37, 4.058, 6.722, 6.812, 5.541, 3.916, 4.878, 5.772, 5.84, 6.081, 5.021, 4.242, 4.325, 4.541, 3.587, 2.237, 1.775, 1.453, 2.158, 2.586, 2.846, 5.055, 8.005, 7.386, 6.925, 7.402, 9.112, 11.323, 9.89, 7.016, 6.347, 5.541, 2.806, 2.716, 2.415, 2.4, 3.321, 4.885, 5.484, 5.821, 7.142, 8.676, 8.216, 7.402, 7.995, 9.175, 10.07, 12.358, 13.466, 13.855], [5.529, 6.347, 6.871, 2.321, 1.94, 2.477, 2.774, 3.225, 3.593, 3.667, 4.399, 4.978, 5.522, 5.756, 6.226, 7.828, 7.238, 5.532, 4.201, 4.872, 5.415, 4.917, 3.306, 1.548, 1.281, 0.0, 2.403, 6.319, 8.879, 9.303, 7.627, 6.176, 5.085, 4.444, 4.151, 4.288, 4.593, 4.231, 4.515, 5.407, 6.192, 6.253, 5.534, 3.674, 2.292, 2.087, 1.868, 1.771, 2.006, 2.367, 5.076, 5.197, 3.842, 3.587, 6.019, 5.289, 4.157, 5.151, 4.834, 2.331, 1.254, 1.797, 2.515, 2.281, 2.059, 2.581, 2.55, 2.682, 2.747, 2.367, 2.344, 3.304, 4.347, 4.027, 3.205, 3.156, 5.004, 7.408, 7.297, 8.196, 9.671, 10.476, 11.399, 11.625, 10.72, 10.971, 11.048, 10.492, 11.006, 13.613, 14.798, 11.932, 8.818, 7.615, 6.882, 4.148, 3.617, 6.582, 6.564, 5.186, 3.812, 4.962, 5.961, 5.925, 6.223, 4.92, 4.189, 4.247, 4.509, 3.717, 2.519, 2.035, 1.741, 1.977, 2.369, 2.735, 4.93, 7.872, 7.28, 6.801, 7.267, 8.93, 11.158, 9.725, 6.923, 6.166, 5.28, 2.761, 2.574, 2.346, 2.073, 2.871, 4.753, 5.402, 5.82, 7.252, 8.752, 8.388, 7.61, 8.185, 9.277, 10.201, 12.448, 13.481, 13.863], [3.393, 4.219, 4.769, 2.002, 3.044, 2.624, 3.368, 4.347, 4.866, 5.163, 6.305, 6.789, 7.49, 7.905, 8.186, 10.022, 9.365, 7.638, 6.356, 7.045, 7.524, 7.038, 5.282, 3.178, 2.413, 2.403, 0.0, 4.127, 6.731, 7.148, 5.488, 4.232, 3.301, 2.333, 2.539, 2.346, 2.521, 2.372, 2.863, 3.33, 4.075, 4.107, 3.601, 3.704, 2.955, 2.757, 2.04, 2.436, 2.492, 1.883, 2.884, 3.228, 2.476, 2.041, 3.867, 3.324, 2.881, 3.284, 2.715, 1.153, 2.469, 3.67, 4.612, 4.142, 3.621, 3.981, 3.735, 3.636, 3.211, 2.834, 2.802, 3.965, 5.15, 4.402, 3.414, 2.18, 2.797, 5.292, 5.205, 6.033, 7.508, 8.313, 9.236, 9.473, 8.561, 8.818, 8.856, 8.329, 8.868, 11.45, 12.658, 9.703, 6.541, 5.446, 4.729, 2.591, 4.278, 7.533, 7.663, 6.355, 5.131, 6.233, 7.682, 7.694, 7.947, 6.719, 5.807, 5.539, 5.523, 5.339, 4.423, 3.606, 2.774, 2.195, 2.053, 1.511, 2.929, 5.691, 5.064, 4.635, 5.064, 6.733, 8.995, 7.562, 4.934, 4.333, 3.363, 2.308, 3.575, 3.393, 3.274, 4.485, 6.564, 7.324, 7.641, 9.259, 10.88, 10.513, 9.685, 10.282, 11.434, 12.234, 14.549, 15.676, 16.064], [1.707, 2.819, 3.28, 4.816, 6.559, 5.3, 5.51, 7.158, 8.041, 8.645, 9.953, 10.472, 11.409, 12.009, 12.284, 13.819, 13.468, 11.754, 10.43, 11.167, 11.591, 11.128, 9.405, 7.292, 6.464, 6.319, 4.127, 0.0, 3.017, 3.174, 2.321, 1.872, 2.262, 2.725, 2.857, 2.435, 2.36, 2.578, 2.988, 2.658, 1.708, 1.961, 2.224, 3.792, 5.884, 5.592, 5.154, 5.499, 5.966, 4.767, 2.122, 2.258, 3.786, 3.219, 1.489, 2.134, 3.132, 2.48, 2.09, 4.161, 6.198, 7.661, 8.438, 7.922, 7.148, 6.95, 6.66, 6.574, 5.732, 5.585, 6.028, 7.218, 8.052, 7.439, 6.102, 4.519, 2.573, 2.427, 2.375, 2.577, 3.507, 4.206, 5.332, 5.348, 4.504, 4.839, 5.5, 4.703, 5.375, 7.419, 8.699, 6.31, 3.094, 2.737, 2.437, 4.297, 7.51, 10.849, 10.641, 9.559, 8.731, 10.001, 11.429, 11.63, 11.503, 10.348, 9.331, 9.065, 8.994, 8.738, 8.482, 7.646, 6.822, 6.041, 5.583, 4.51, 2.261, 2.682, 2.519, 1.618, 1.726, 2.993, 5.058, 4.284, 2.952, 2.497, 2.205, 4.859, 7.032, 6.943, 6.835, 8.155, 10.144, 10.847, 11.066, 12.649, 14.714, 14.6, 13.789, 14.377, 15.459, 15.996, 18.573, 19.61, 19.858], [3.629, 3.975, 4.527, 7.424, 9.142, 7.92, 8.07, 9.749, 10.623, 11.226, 12.508, 12.974, 13.955, 14.528, 14.817, 16.334, 16.011, 14.335, 12.994, 13.672, 14.14, 13.684, 11.958, 9.826, 9.045, 8.879, 6.731, 3.017, 0.0, 1.643, 1.88, 3.352, 4.24, 4.776, 4.946, 4.725, 4.46, 4.846, 4.592, 3.759, 3.001, 3.213, 3.799, 6.138, 8.368, 8.159, 7.762, 8.149, 8.565, 7.336, 4.339, 4.143, 6.356, 5.611, 3.415, 3.841, 5.055, 4.271, 4.431, 6.709, 8.735, 10.196, 10.997, 10.503, 9.729, 9.503, 9.324, 9.156, 8.429, 8.105, 8.57, 9.791, 10.661, 9.962, 8.42, 6.488, 4.172, 2.981, 2.153, 1.351, 1.526, 1.886, 2.768, 2.805, 2.122, 2.465, 2.955, 2.61, 3.279, 4.952, 6.263, 4.148, 3.335, 3.868, 3.663, 5.501, 9.973, 13.356, 13.229, 12.189, 11.286, 12.577, 14.02, 14.177, 14.047, 12.903, 11.905, 11.622, 11.561, 11.301, 10.974, 10.175, 9.343, 8.544, 8.007, 6.909, 4.158, 2.375, 3.181, 3.112, 2.931, 2.323, 2.851, 3.164, 3.899, 3.781, 4.144, 7.397, 9.607, 9.547, 9.463, 10.757, 12.71, 13.453, 13.658, 15.237, 17.239, 17.149, 16.338, 16.892, 17.974, 18.524, 21.091, 22.131, 22.384], [4.105, 3.794, 4.128, 7.769, 9.466, 8.22, 8.217, 10.059, 10.945, 11.563, 12.883, 13.386, 14.365, 14.923, 15.218, 16.724, 16.42, 14.731, 13.407, 14.083, 14.558, 14.1, 12.368, 10.226, 9.43, 9.303, 7.148, 3.174, 1.643, 0.0, 2.032, 3.658, 4.83, 5.395, 5.579, 5.16, 4.935, 5.412, 5.194, 4.334, 3.432, 3.566, 4.155, 6.564, 8.909, 8.627, 8.221, 8.47, 8.946, 7.704, 4.527, 4.37, 6.745, 5.99, 3.626, 4.424, 5.696, 4.94, 4.942, 7.17, 9.186, 10.61, 11.394, 10.909, 10.202, 9.98, 9.714, 9.672, 8.782, 8.586, 8.984, 10.213, 10.873, 10.311, 8.742, 6.819, 4.585, 3.333, 2.708, 1.902, 1.468, 1.507, 2.726, 2.613, 1.968, 2.48, 3.203, 2.519, 3.445, 4.952, 6.189, 3.738, 3.144, 3.561, 3.503, 5.996, 10.39, 13.797, 13.58, 12.528, 11.702, 12.929, 14.359, 14.548, 14.416, 13.258, 12.244, 11.988, 11.906, 11.634, 11.415, 10.581, 9.759, 8.985, 8.438, 7.323, 4.491, 1.993, 3.223, 3.382, 2.675, 1.917, 2.544, 2.817, 3.654, 3.805, 4.153, 7.775, 10.0, 9.926, 9.861, 11.16, 13.128, 13.787, 13.978, 15.555, 17.627, 17.56, 16.743, 17.301, 18.369, 18.925, 21.507, 22.521, 22.797], [2.976, 3.88, 4.209, 6.506, 8.051, 7.01, 7.591, 8.921, 9.625, 10.133, 11.294, 11.791, 12.731, 13.223, 13.53, 15.165, 14.736, 13.059, 11.73, 12.383, 12.874, 12.42, 10.681, 8.539, 7.794, 7.627, 5.488, 2.321, 1.88, 2.032, 0.0, 2.005, 3.052, 3.665, 3.845, 3.484, 3.27, 3.756, 3.423, 2.719, 2.422, 2.535, 2.758, 5.131, 7.137, 7.014, 6.631, 7.24, 7.427, 6.452, 3.755, 3.011, 5.104, 4.371, 2.2, 2.826, 3.979, 3.131, 3.271, 5.456, 7.517, 8.916, 9.792, 9.256, 8.492, 8.582, 8.464, 8.302, 7.62, 7.119, 7.403, 8.701, 9.692, 8.894, 7.399, 5.632, 3.382, 1.83, 1.285, 1.559, 2.169, 2.915, 3.853, 4.096, 3.165, 3.457, 3.635, 3.059, 3.79, 6.052, 7.322, 4.706, 2.965, 3.239, 3.404, 5.129, 8.822, 12.277, 12.316, 11.185, 10.174, 11.381, 12.836, 12.938, 12.852, 11.719, 10.78, 10.481, 10.451, 10.171, 9.715, 8.9, 8.112, 7.313, 6.784, 5.791, 3.183, 1.324, 1.918, 2.339, 1.791, 1.799, 3.666, 2.849, 2.541, 2.454, 2.709, 6.385, 8.393, 8.329, 8.334, 9.606, 11.582, 12.359, 12.607, 14.173, 16.048, 15.887, 15.055, 15.613, 16.683, 17.352, 19.842, 20.898, 21.257], [2.216, 3.925, 4.296, 5.342, 6.692, 6.122, 6.722, 8.085, 8.52, 8.906, 10.058, 10.601, 11.34, 11.745, 12.097, 13.721, 13.26, 11.564, 10.237, 10.882, 11.408, 10.952, 9.22, 7.078, 6.273, 6.176, 4.232, 1.872, 3.352, 3.658, 2.005, 0.0, 1.392, 2.236, 2.453, 2.369, 2.095, 2.344, 2.624, 1.829, 2.055, 2.337, 2.074, 3.962, 5.799, 5.522, 5.296, 6.258, 6.519, 5.572, 3.292, 2.63, 3.578, 2.987, 1.521, 1.889, 2.719, 1.454, 1.757, 3.985, 6.038, 7.425, 8.323, 7.8, 7.113, 7.345, 7.258, 7.122, 6.643, 6.144, 6.344, 7.63, 8.837, 8.128, 6.694, 4.995, 3.02, 1.996, 1.709, 2.627, 3.756, 4.503, 5.39, 5.587, 4.692, 4.893, 5.245, 4.478, 5.078, 7.636, 8.837, 6.253, 3.656, 3.647, 3.523, 5.021, 8.047, 11.303, 11.589, 10.336, 9.0, 10.169, 11.235, 11.29, 11.747, 10.377, 9.397, 9.16, 9.364, 9.14, 8.193, 7.438, 6.611, 5.839, 5.675, 4.865, 2.586, 2.351, 2.208, 2.225, 1.951, 3.193, 5.203, 4.228, 2.42, 1.96, 2.32, 5.635, 7.536, 7.449, 7.273, 8.318, 10.302, 10.922, 11.294, 12.894, 14.612, 14.394, 13.576, 14.123, 15.225, 15.925, 18.405, 19.454, 19.844], [1.742, 3.775, 4.325, 4.5, 5.743, 5.263, 5.976, 7.189, 7.481, 7.899, 9.004, 9.529, 10.265, 10.622, 10.962, 12.669, 12.139, 10.438, 9.114, 9.77, 10.285, 9.829, 8.097, 5.955, 5.156, 5.085, 3.301, 2.262, 4.24, 4.83, 3.052, 1.392, 0.0, 1.423, 1.477, 1.655, 1.647, 1.458, 2.041, 1.623, 1.936, 2.274, 1.841, 3.211, 4.734, 4.511, 4.298, 5.238, 5.498, 4.629, 2.975, 2.719, 2.555, 2.037, 2.094, 1.54, 1.985, 1.238, 1.178, 2.942, 5.009, 6.333, 7.283, 6.758, 6.084, 6.303, 6.285, 6.178, 5.741, 5.306, 5.406, 6.686, 7.846, 7.341, 5.978, 4.399, 2.753, 2.654, 2.571, 3.61, 4.859, 5.597, 6.516, 6.664, 5.756, 5.999, 6.289, 5.65, 6.047, 8.725, 10.049, 7.484, 4.823, 4.243, 3.874, 4.696, 7.254, 10.315, 10.664, 9.345, 7.995, 9.185, 10.224, 10.303, 10.667, 9.38, 8.383, 8.147, 8.443, 8.115, 7.119, 6.307, 5.547, 4.843, 4.882, 4.024, 2.147, 3.584, 3.193, 2.691, 3.062, 4.439, 6.394, 5.386, 3.181, 2.713, 2.551, 4.747, 6.589, 6.45, 6.228, 7.307, 9.291, 9.944, 10.289, 11.908, 13.552, 13.292, 12.47, 13.038, 14.133, 14.926, 17.345, 18.393, 18.787], [1.72, 3.27, 3.966, 3.734, 5.062, 4.458, 5.109, 6.36, 6.85, 7.176, 8.291, 8.832, 9.511, 10.07, 10.349, 12.089, 11.484, 9.765, 8.474, 9.231, 9.692, 9.193, 7.424, 5.354, 4.513, 4.444, 2.333, 2.725, 4.776, 5.395, 3.665, 2.236, 1.423, 0.0, 0.895, 1.289, 1.523, 1.254, 1.848, 1.813, 2.345, 2.568, 2.276, 3.425, 4.171, 3.993, 3.644, 4.428, 4.553, 3.807, 2.34, 2.688, 2.324, 1.644, 2.643, 1.87, 1.813, 1.551, 1.333, 2.35, 4.482, 5.829, 6.737, 6.233, 5.503, 5.648, 5.633, 5.514, 4.998, 4.499, 4.665, 5.955, 6.975, 6.23, 5.065, 3.485, 2.06, 3.318, 3.04, 4.083, 5.522, 6.173, 7.103, 7.299, 6.387, 6.651, 6.731, 6.275, 6.743, 9.296, 10.745, 8.217, 5.487, 4.678, 3.996, 3.917, 6.114, 9.596, 9.796, 8.458, 7.191, 8.312, 9.686, 9.786, 9.997, 8.75, 7.806, 7.544, 7.549, 7.392, 6.595, 5.743, 4.944, 4.202, 3.972, 3.19, 2.113, 4.249, 3.939, 3.335, 3.783, 5.151, 7.06, 6.001, 3.905, 3.362, 2.663, 3.698, 5.636, 5.495, 5.408, 6.534, 8.693, 9.421, 9.708, 11.262, 12.948, 12.664, 11.82, 12.436, 13.556, 14.268, 16.663, 17.776, 18.17], [1.982, 3.725, 4.363, 3.721, 4.762, 4.347, 5.263, 6.2, 6.536, 6.892, 7.976, 8.53, 9.273, 9.814, 10.085, 11.751, 11.29, 9.576, 8.252, 8.974, 9.432, 8.967, 7.235, 5.097, 4.288, 4.151, 2.539, 2.857, 4.946, 5.579, 3.845, 2.453, 1.477, 0.895, 0.0, 1.154, 1.526, 1.241, 1.564, 1.894, 2.455, 2.712, 2.138, 2.878, 3.857, 3.637, 3.298, 4.203, 4.449, 3.684, 2.783, 3.168, 2.539, 1.911, 2.902, 1.783, 1.625, 1.692, 1.524, 2.181, 4.18, 5.514, 6.405, 5.859, 5.174, 5.316, 5.416, 5.343, 4.971, 4.486, 4.553, 5.827, 6.889, 6.475, 5.314, 3.892, 2.583, 3.494, 3.296, 4.297, 5.719, 6.373, 7.297, 7.498, 6.616, 6.84, 7.005, 6.451, 6.885, 9.514, 10.926, 8.384, 5.728, 5.0, 4.462, 4.182, 6.397, 9.509, 9.742, 8.285, 7.012, 8.182, 9.412, 9.483, 9.663, 8.422, 7.454, 7.319, 7.542, 7.08, 6.289, 5.446, 4.732, 4.162, 4.115, 3.271, 2.273, 4.453, 4.191, 3.615, 4.053, 5.388, 7.215, 6.29, 4.105, 3.638, 3.155, 3.841, 5.575, 5.463, 5.195, 6.282, 8.352, 9.07, 9.359, 10.917, 12.612, 12.43, 11.606, 12.172, 13.267, 13.965, 16.416, 17.483, 17.833], [1.79, 3.533, 4.232, 3.582, 4.855, 4.103, 4.936, 5.988, 6.567, 6.999, 8.105, 8.614, 9.425, 9.899, 10.185, 11.956, 11.378, 9.666, 8.34, 9.059, 9.546, 9.063, 7.323, 5.182, 4.383, 4.288, 2.346, 2.435, 4.725, 5.16, 3.484, 2.369, 1.655, 1.289, 1.154, 0.0, 1.22, 1.326, 1.371, 1.737, 2.122, 2.285, 1.661, 2.591, 4.015, 3.886, 3.512, 4.136, 4.266, 3.599, 2.572, 2.793, 2.593, 1.964, 2.414, 1.531, 1.693, 1.776, 1.358, 2.297, 4.294, 5.651, 6.586, 5.988, 5.382, 5.544, 5.44, 5.329, 4.796, 4.317, 4.385, 5.638, 6.617, 6.097, 5.046, 3.681, 2.481, 3.426, 3.321, 4.047, 5.461, 6.266, 7.19, 7.401, 6.495, 6.752, 6.873, 6.304, 6.81, 9.414, 10.602, 7.899, 5.074, 4.578, 4.178, 4.033, 6.024, 9.255, 9.446, 8.147, 7.007, 8.11, 9.53, 9.606, 9.728, 8.486, 7.621, 7.324, 7.412, 7.067, 6.425, 5.569, 4.783, 4.137, 3.8, 3.047, 1.802, 3.893, 3.564, 3.095, 3.442, 4.853, 7.006, 5.733, 3.881, 3.518, 2.923, 3.477, 5.348, 5.209, 5.118, 6.389, 8.41, 9.189, 9.481, 11.066, 12.814, 12.518, 11.709, 12.265, 13.381, 14.098, 16.528, 17.639, 18.037], [1.804, 3.145, 3.841, 3.841, 5.088, 4.511, 5.209, 6.359, 6.819, 7.264, 8.447, 8.951, 9.72, 10.18, 10.459, 12.126, 11.651, 9.936, 8.627, 9.326, 9.769, 9.306, 7.588, 5.46, 4.684, 4.593, 2.521, 2.36, 4.46, 4.935, 3.27, 2.095, 1.647, 1.523, 1.526, 1.22, 0.0, 1.221, 1.894, 1.582, 2.389, 2.58, 1.893, 3.014, 4.42, 4.135, 3.753, 4.419, 4.66, 3.804, 2.058, 2.222, 2.565, 1.615, 2.193, 2.015, 2.108, 1.768, 1.429, 2.533, 4.525, 5.85, 6.716, 6.219, 5.601, 5.771, 5.677, 5.606, 5.204, 4.665, 4.715, 5.976, 7.066, 6.52, 5.067, 3.411, 1.966, 3.004, 3.074, 3.864, 5.202, 6.008, 6.931, 7.167, 6.267, 6.513, 6.697, 6.024, 6.565, 9.173, 10.359, 7.49, 4.54, 3.962, 3.588, 3.436, 6.347, 9.564, 9.791, 8.464, 7.298, 8.428, 9.745, 9.797, 10.0, 8.741, 7.852, 7.582, 7.694, 7.357, 6.61, 5.802, 4.995, 4.22, 4.05, 3.218, 1.857, 3.533, 3.06, 2.604, 3.018, 4.515, 6.713, 5.4, 3.223, 2.845, 2.48, 3.898, 5.815, 5.681, 5.354, 6.629, 8.575, 9.353, 9.684, 11.311, 13.003, 12.788, 11.971, 12.545, 13.647, 14.308, 16.768, 17.827, 18.177], [1.814, 3.556, 4.169, 3.466, 4.723, 4.146, 4.898, 6.034, 6.468, 6.899, 8.122, 8.667, 9.428, 9.91, 10.217, 11.71, 11.407, 9.691, 8.366, 9.066, 9.528, 9.069, 7.341, 5.2, 4.397, 4.231, 2.372, 2.578, 4.846, 5.412, 3.756, 2.344, 1.458, 1.254, 1.241, 1.326, 1.221, 0.0, 1.481, 1.61, 2.254, 2.307, 1.825, 2.553, 3.978, 3.557, 3.22, 4.047, 4.418, 3.475, 2.438, 2.624, 2.432, 1.622, 2.301, 1.603, 1.462, 1.488, 1.224, 2.003, 4.175, 5.567, 6.368, 5.933, 5.185, 5.239, 5.214, 5.117, 4.621, 4.212, 4.435, 5.68, 6.754, 6.378, 4.985, 3.583, 2.363, 3.273, 3.377, 4.248, 5.45, 6.245, 7.168, 7.416, 6.538, 6.763, 7.004, 6.351, 6.792, 9.438, 10.638, 8.074, 5.18, 4.462, 4.111, 3.815, 6.179, 9.293, 9.483, 8.18, 6.988, 8.129, 9.476, 9.529, 9.728, 8.494, 7.451, 7.267, 7.392, 7.051, 6.355, 5.57, 4.732, 3.998, 3.944, 2.985, 1.803, 4.084, 3.675, 3.143, 3.51, 4.927, 7.017, 5.847, 3.428, 3.048, 2.846, 3.655, 5.569, 5.42, 5.091, 6.324, 8.285, 9.009, 9.323, 10.925, 12.644, 12.537, 11.732, 12.301, 13.395, 14.035, 16.519, 17.518, 17.747], [2.322, 4.363, 4.915, 3.678, 4.935, 4.228, 5.079, 6.165, 6.706, 7.235, 8.383, 8.882, 9.692, 10.172, 10.48, 12.098, 11.68, 9.965, 8.64, 9.298, 9.819, 9.353, 7.624, 5.475, 4.68, 4.515, 2.863, 2.988, 4.592, 5.194, 3.423, 2.624, 2.041, 1.848, 1.564, 1.371, 1.894, 1.481, 0.0, 1.397, 2.077, 1.985, 1.686, 2.364, 4.107, 3.837, 3.465, 4.327, 4.688, 3.911, 3.341, 3.526, 3.327, 2.678, 2.818, 1.389, 1.289, 1.8, 1.767, 2.486, 4.384, 5.791, 6.658, 6.042, 5.326, 5.552, 5.402, 5.265, 4.729, 4.379, 4.611, 5.808, 7.018, 6.517, 5.361, 4.3, 3.212, 3.562, 3.111, 3.896, 5.17, 6.001, 6.914, 7.143, 6.245, 6.466, 6.704, 5.99, 6.508, 9.15, 10.372, 7.815, 5.516, 5.309, 4.956, 4.637, 6.344, 9.416, 9.607, 8.395, 7.259, 8.365, 9.695, 9.787, 9.954, 8.694, 7.748, 7.481, 7.636, 7.278, 6.601, 5.857, 5.041, 4.26, 3.994, 3.425, 2.245, 3.94, 3.879, 3.736, 3.892, 4