[[0.0, 2.387, 2.14, 1.825, 1.456, 2.15, 3.741, 3.947, 4.177, 2.925, 2.115, 2.433, 2.764, 3.581, 4.148, 3.714, 5.1, 6.626, 6.471, 5.599, 4.422, 4.722, 5.045, 4.92, 4.322, 3.517, 3.954, 3.19, 2.271, 2.843, 3.146, 3.266, 3.903, 4.081, 3.862, 3.293, 3.147, 2.471, 2.142, 2.362, 3.152, 2.59, 3.199, 3.582, 3.073, 4.361, 4.439, 4.741, 5.869, 6.404, 6.234, 6.333, 6.477, 4.95, 3.71, 4.05, 3.722, 4.917, 3.589, 4.237, 4.789, 4.613, 4.752, 5.101, 4.245, 3.639, 3.323, 3.751, 4.275, 5.149, 6.466, 5.856, 5.633, 6.617, 9.244, 9.862, 9.624, 9.885, 10.042, 9.582, 9.892, 9.2, 7.792, 6.079, 4.352, 4.894, 5.409, 5.25, 5.276, 5.473, 5.104, 5.676, 7.384, 10.143, 10.66, 10.055, 9.992, 9.955, 9.866, 9.627, 9.654, 9.135, 10.027, 11.654, 11.794, 10.327, 9.495, 9.225, 8.199, 8.681, 9.598, 10.226, 9.357, 7.747, 6.161, 5.792, 6.222, 6.822, 6.347, 5.337, 4.796, 4.684, 4.849, 5.022, 6.536, 8.06, 8.528, 9.162, 9.353, 9.539, 9.846, 7.574, 4.955, 3.902, 3.153, 3.289, 2.983, 5.027, 4.272, 5.169, 6.117, 6.719, 6.428, 6.124, 8.283, 9.213], [2.387, 0.0, 1.474, 1.91, 1.959, 1.78, 2.026, 2.608, 2.865, 2.517, 3.171, 3.636, 4.209, 4.418, 4.469, 5.139, 6.895, 8.137, 7.536, 6.116, 5.292, 5.002, 4.941, 4.804, 3.963, 3.638, 3.11, 3.057, 2.631, 2.419, 2.787, 3.942, 4.155, 4.306, 4.21, 4.011, 4.332, 3.724, 2.865, 2.605, 2.697, 2.18, 3.076, 3.589, 3.316, 4.373, 4.477, 4.621, 4.913, 5.184, 5.046, 5.16, 5.274, 3.835, 3.31, 3.671, 3.823, 6.219, 4.382, 3.229, 3.658, 3.988, 4.039, 3.976, 3.25, 3.194, 2.968, 2.819, 3.131, 4.142, 5.379, 4.683, 4.435, 5.346, 7.984, 8.488, 8.392, 8.504, 8.565, 8.075, 8.475, 7.803, 6.427, 4.832, 3.905, 4.584, 4.888, 4.682, 4.992, 4.246, 3.861, 4.498, 5.979, 8.619, 9.228, 8.546, 8.506, 8.565, 8.595, 8.306, 8.422, 7.889, 8.743, 10.247, 10.387, 8.903, 8.149, 7.886, 6.848, 7.306, 8.134, 8.766, 7.904, 6.383, 5.01, 4.811, 5.527, 5.8, 5.228, 4.431, 4.818, 5.298, 6.134, 6.397, 8.151, 9.484, 9.94, 10.603, 10.964, 10.957, 11.116, 9.049, 6.405, 5.027, 3.828, 3.518, 4.303, 6.568, 4.594, 4.127, 4.965, 5.508, 5.294, 4.911, 7.058, 7.96], [2.14, 1.474, 0.0, 1.289, 1.626, 1.835, 2.781, 3.474, 3.763, 2.868, 3.138, 3.568, 3.707, 3.889, 4.089, 4.543, 6.193, 7.498, 7.107, 5.717, 4.786, 4.632, 4.579, 4.511, 3.791, 3.159, 3.123, 2.816, 2.363, 2.256, 2.633, 3.484, 3.817, 3.864, 3.85, 3.568, 3.713, 3.074, 2.378, 2.476, 2.922, 1.961, 2.731, 3.232, 2.861, 3.892, 4.006, 4.292, 5.06, 5.978, 5.86, 5.394, 5.637, 4.255, 3.187, 3.375, 3.346, 5.407, 3.616, 3.442, 3.902, 3.873, 3.887, 4.336, 3.37, 2.971, 2.744, 3.05, 3.51, 4.277, 5.611, 5.214, 5.245, 6.116, 8.85, 9.442, 9.244, 9.363, 9.523, 9.053, 9.337, 8.666, 7.269, 5.445, 4.339, 5.039, 5.55, 5.244, 5.114, 4.685, 4.651, 5.17, 6.841, 9.603, 10.116, 9.45, 9.359, 9.259, 9.062, 9.085, 9.235, 8.693, 9.634, 11.126, 11.228, 9.743, 8.936, 8.696, 7.695, 8.105, 9.054, 9.656, 8.825, 7.267, 5.78, 5.155, 5.785, 5.987, 5.912, 4.802, 4.434, 4.71, 5.468, 5.674, 7.335, 8.632, 9.003, 9.76, 10.111, 10.166, 10.25, 8.227, 5.646, 4.407, 3.345, 3.032, 3.663, 5.935, 4.193, 4.261, 5.593, 6.103, 5.574, 5.558, 7.908, 8.727], [1.825, 1.91, 1.289, 0.0, 1.166, 1.808, 3.131, 3.753, 3.998, 2.867, 2.821, 3.15, 3.322, 3.699, 3.887, 4.222, 5.57, 7.212, 6.889, 5.471, 4.563, 4.324, 4.362, 4.265, 3.601, 2.979, 3.155, 2.538, 2.266, 2.423, 2.898, 3.27, 3.467, 3.65, 3.597, 3.399, 3.463, 2.83, 2.221, 2.415, 2.663, 1.922, 2.558, 2.923, 2.583, 3.676, 3.806, 4.05, 5.115, 6.099, 5.974, 5.552, 5.804, 4.341, 3.048, 3.325, 3.083, 5.236, 3.496, 3.547, 4.093, 3.882, 3.997, 4.443, 3.431, 2.941, 2.716, 3.284, 3.7, 4.398, 5.741, 5.356, 5.333, 6.261, 8.974, 9.557, 9.395, 9.529, 9.691, 9.139, 9.447, 8.83, 7.42, 5.576, 4.204, 5.098, 5.506, 5.26, 5.436, 5.12, 4.858, 5.263, 6.954, 9.714, 10.216, 9.551, 9.462, 9.443, 9.479, 9.179, 9.276, 8.704, 9.675, 11.253, 11.323, 9.816, 8.969, 8.7, 7.674, 8.117, 9.125, 9.727, 8.952, 7.419, 5.808, 5.119, 5.682, 6.058, 6.051, 4.802, 4.146, 4.506, 5.023, 5.23, 6.805, 8.431, 8.859, 9.384, 9.676, 9.819, 10.1, 7.826, 5.171, 4.114, 3.116, 2.824, 3.054, 5.235, 3.959, 4.374, 5.731, 6.255, 5.711, 5.713, 7.96, 8.739], [1.456, 1.959, 1.626, 1.166, 0.0, 2.034, 3.42, 3.792, 4.071, 2.782, 2.324, 2.717, 2.931, 3.463, 3.902, 3.936, 5.35, 6.914, 6.586, 5.494, 4.407, 4.528, 4.828, 4.64, 4.114, 3.59, 3.702, 2.975, 2.373, 2.78, 3.067, 3.203, 3.757, 3.823, 3.686, 3.238, 3.292, 2.696, 2.246, 2.52, 3.173, 2.44, 3.116, 3.374, 3.03, 4.253, 4.347, 4.423, 5.613, 6.469, 6.327, 6.035, 6.287, 4.787, 3.552, 3.825, 3.503, 4.834, 3.222, 4.037, 4.601, 4.374, 4.652, 4.983, 4.031, 3.581, 3.1, 3.576, 4.145, 4.94, 6.249, 5.798, 5.7, 6.599, 9.252, 9.898, 9.806, 9.867, 9.98, 9.456, 9.792, 9.23, 7.79, 5.968, 4.376, 4.679, 5.047, 4.893, 5.384, 5.426, 4.997, 5.608, 7.277, 10.004, 10.579, 9.846, 9.8, 9.841, 9.857, 9.547, 9.702, 9.134, 10.054, 11.592, 11.679, 10.186, 9.368, 9.063, 7.979, 8.454, 9.445, 10.04, 9.227, 7.742, 6.163, 5.58, 6.112, 6.554, 6.458, 5.238, 4.526, 4.67, 4.735, 4.834, 6.565, 8.082, 8.523, 9.104, 9.376, 9.449, 9.731, 7.506, 4.903, 3.761, 3.169, 3.089, 2.843, 4.915, 4.052, 4.905, 6.119, 6.651, 6.187, 6.111, 8.324, 9.099], [2.15, 1.78, 1.835, 1.808, 2.034, 0.0, 1.797, 2.194, 2.54, 1.567, 2.072, 2.849, 3.592, 4.089, 4.184, 4.826, 6.574, 7.793, 7.253, 5.82, 5.002, 4.673, 4.492, 4.354, 3.631, 3.312, 3.059, 2.751, 2.558, 2.41, 2.741, 3.632, 3.792, 3.955, 3.874, 3.706, 3.97, 3.387, 2.537, 2.309, 2.363, 2.075, 2.759, 3.188, 3.015, 3.941, 3.972, 4.129, 4.916, 5.469, 5.12, 5.314, 5.54, 3.997, 2.982, 3.278, 3.521, 6.544, 4.487, 3.278, 3.841, 3.751, 3.928, 4.275, 3.364, 2.93, 2.71, 3.07, 3.351, 4.191, 5.512, 4.954, 4.632, 5.616, 7.751, 8.165, 8.15, 8.314, 8.382, 7.66, 8.007, 7.305, 5.904, 4.297, 3.511, 4.73, 5.253, 4.861, 4.784, 4.108, 3.565, 4.206, 5.467, 8.178, 8.711, 8.116, 8.053, 8.181, 8.163, 7.832, 8.138, 7.492, 8.456, 9.737, 9.887, 8.478, 7.735, 7.365, 6.347, 6.748, 7.619, 8.262, 7.603, 6.233, 5.106, 4.875, 5.361, 5.887, 5.382, 4.46, 4.336, 4.892, 6.191, 6.619, 8.23, 9.864, 10.338, 10.888, 11.107, 11.219, 11.546, 9.208, 6.531, 5.077, 3.636, 3.226, 4.136, 6.436, 4.466, 4.2, 5.202, 5.785, 5.458, 5.244, 7.038, 7.461], [3.741, 2.026, 2.781, 3.131, 3.42, 1.797, 0.0, 1.539, 2.156, 2.363, 3.427, 4.344, 5.182, 5.6, 5.471, 6.366, 8.284, 9.388, 8.573, 7.05, 6.432, 5.807, 5.296, 5.142, 4.446, 4.353, 3.484, 3.782, 4.042, 3.423, 3.611, 5.027, 5.031, 5.1, 5.012, 5.082, 5.404, 4.907, 4.038, 3.614, 3.06, 3.014, 3.79, 4.115, 4.266, 4.774, 4.794, 4.952, 5.225, 5.125, 4.864, 5.391, 5.292, 4.041, 3.762, 3.996, 4.605, 7.933, 5.878, 3.56, 3.772, 4.32, 4.312, 4.115, 3.71, 3.679, 3.673, 3.778, 3.341, 4.335, 5.621, 4.834, 4.295, 5.242, 7.22, 7.61, 7.586, 7.681, 7.743, 6.561, 6.847, 6.04, 4.798, 3.516, 3.283, 4.311, 4.816, 4.327, 4.106, 3.123, 2.919, 3.217, 4.362, 6.908, 7.458, 6.857, 6.881, 7.017, 7.136, 7.166, 7.587, 6.89, 7.876, 8.931, 8.996, 7.79, 7.154, 6.657, 5.701, 5.817, 6.485, 7.37, 6.991, 5.689, 4.913, 5.118, 5.849, 6.038, 5.228, 4.742, 5.232, 6.371, 7.678, 8.023, 9.731, 11.247, 11.663, 12.225, 12.558, 12.634, 12.862, 10.575, 7.975, 6.575, 5.032, 4.783, 5.793, 8.105, 5.506, 4.42, 5.197, 5.52, 5.528, 4.871, 6.612, 6.955], [3.947, 2.608, 3.474, 3.753, 3.792, 2.194, 1.539, 0.0, 1.155, 1.512, 2.958, 3.823, 4.592, 5.011, 4.702, 5.914, 7.862, 8.884, 7.753, 6.154, 5.502, 5.248, 4.923, 4.746, 4.062, 3.916, 3.36, 3.638, 3.942, 3.137, 2.987, 4.184, 4.432, 4.409, 4.444, 4.25, 4.687, 4.363, 3.522, 2.999, 2.84, 3.137, 3.394, 3.752, 3.646, 4.584, 4.624, 4.635, 4.908, 4.649, 4.439, 4.983, 5.005, 3.822, 3.529, 3.92, 4.95, 8.502, 6.386, 3.365, 3.508, 4.164, 4.151, 3.884, 3.557, 4.186, 3.655, 3.409, 3.351, 4.177, 5.381, 4.505, 3.987, 4.694, 6.693, 7.017, 7.176, 7.517, 7.381, 6.148, 6.53, 5.906, 4.633, 3.592, 3.274, 4.64, 5.006, 4.599, 4.614, 3.935, 2.993, 3.771, 4.667, 6.546, 7.42, 7.269, 7.073, 7.598, 7.687, 7.302, 7.056, 6.342, 7.3, 8.541, 8.613, 7.33, 6.716, 6.073, 5.235, 5.399, 6.129, 6.917, 6.41, 5.136, 4.633, 4.815, 5.539, 5.823, 4.967, 4.538, 5.132, 6.239, 7.993, 8.51, 10.162, 11.806, 12.295, 12.836, 13.057, 13.151, 13.502, 11.122, 8.458, 6.792, 5.114, 4.494, 5.708, 7.813, 5.476, 4.131, 4.787, 5.066, 5.101, 4.329, 6.002, 6.37], [4.177, 2.865, 3.763, 3.998, 4.071, 2.54, 2.156, 1.155, 0.0, 1.463, 2.884, 3.718, 4.502, 4.669, 4.369, 5.85, 7.922, 8.819, 7.426, 5.562, 5.114, 4.655, 4.405, 4.009, 3.671, 3.382, 3.079, 3.569, 4.144, 3.229, 2.696, 4.071, 3.967, 3.755, 3.804, 4.066, 4.426, 4.144, 3.481, 2.784, 2.742, 3.491, 3.227, 3.308, 3.319, 3.838, 3.913, 3.926, 4.186, 4.009, 3.731, 4.315, 4.547, 3.353, 3.197, 3.73, 5.084, 8.751, 6.626, 3.438, 3.143, 3.763, 3.69, 3.396, 3.89, 4.46, 3.891, 3.469, 3.419, 3.609, 4.756, 3.93, 3.576, 4.323, 6.362, 6.67, 7.0, 7.459, 7.408, 6.22, 6.73, 6.319, 5.241, 4.442, 3.982, 5.45, 5.775, 5.414, 5.529, 4.821, 3.728, 4.673, 5.444, 7.098, 7.844, 7.832, 7.666, 8.123, 8.04, 7.63, 7.0, 5.988, 6.889, 8.19, 8.294, 6.986, 6.395, 5.757, 4.836, 5.084, 5.851, 6.627, 6.005, 4.739, 3.872, 4.097, 4.798, 5.168, 4.269, 4.055, 4.855, 6.373, 8.236, 8.761, 10.411, 12.057, 12.544, 13.084, 13.307, 13.401, 13.751, 11.373, 8.708, 7.043, 5.335, 4.405, 5.907, 7.916, 5.463, 3.776, 4.127, 4.504, 4.519, 4.05, 5.533, 6.012], [2.925, 2.517, 2.868, 2.867, 2.782, 1.567, 2.363, 1.512, 1.463, 0.0, 1.717, 2.607, 3.304, 3.653, 3.488, 4.631, 6.685, 7.675, 6.491, 4.979, 4.237, 4.103, 4.14, 4.006, 3.42, 2.986, 3.043, 2.8, 2.968, 2.439, 2.435, 3.056, 3.267, 3.334, 3.238, 3.052, 3.421, 3.035, 2.358, 2.093, 2.414, 2.859, 2.616, 2.88, 2.562, 3.74, 3.734, 3.778, 4.582, 5.024, 4.714, 4.928, 5.305, 3.796, 2.892, 3.218, 4.126, 7.438, 5.344, 3.252, 3.6, 3.607, 3.805, 4.015, 3.536, 3.94, 3.287, 3.144, 3.522, 4.029, 5.269, 4.6, 4.372, 5.249, 7.297, 7.662, 7.847, 8.336, 8.234, 7.021, 7.466, 7.061, 5.576, 4.493, 3.85, 5.212, 5.487, 5.32, 5.444, 4.893, 3.776, 4.856, 5.793, 7.752, 8.5, 8.349, 8.134, 8.604, 8.576, 8.198, 7.758, 6.956, 7.899, 9.167, 9.263, 7.933, 7.33, 6.719, 5.815, 6.048, 6.858, 7.585, 7.028, 5.691, 4.782, 4.54, 5.066, 5.677, 5.11, 4.322, 4.301, 5.136, 6.925, 7.444, 9.096, 10.74, 11.231, 11.774, 11.992, 12.085, 12.439, 10.057, 7.392, 5.742, 4.105, 3.446, 4.591, 6.672, 4.46, 4.028, 4.78, 5.377, 5.059, 4.921, 6.561, 6.982], [2.115, 3.171, 3.138, 2.821, 2.324, 2.072, 3.427, 2.958, 2.884, 1.717, 0.0, 1.278, 2.016, 2.769, 3.48, 3.419, 5.17, 6.194, 5.603, 4.757, 3.644, 4.169, 4.585, 4.333, 3.985, 3.487, 3.886, 3.023, 2.723, 2.992, 3.24, 2.871, 3.201, 3.407, 3.177, 2.568, 2.66, 2.166, 2.209, 2.257, 2.959, 3.041, 3.03, 3.176, 2.832, 4.056, 4.152, 4.208, 5.439, 6.009, 5.689, 5.868, 6.265, 4.726, 3.569, 3.864, 3.994, 5.935, 4.464, 3.992, 4.514, 4.495, 4.667, 4.939, 4.319, 4.291, 3.485, 3.599, 4.065, 4.914, 6.106, 5.574, 5.226, 6.262, 8.463, 8.967, 9.083, 9.62, 9.616, 8.591, 8.983, 8.516, 6.9, 5.53, 4.426, 5.289, 5.577, 5.611, 5.852, 5.704, 4.753, 5.702, 6.857, 9.203, 9.806, 9.539, 9.379, 9.788, 9.712, 9.208, 8.879, 8.047, 9.045, 10.478, 10.558, 9.17, 8.428, 7.954, 6.939, 7.336, 8.294, 8.932, 8.344, 6.967, 5.672, 5.38, 5.773, 6.417, 5.993, 5.256, 4.642, 4.541, 5.431, 5.928, 7.568, 9.212, 9.705, 10.251, 10.464, 10.567, 10.912, 8.534, 5.873, 4.436, 3.475, 3.583, 3.551, 5.389, 4.077, 4.869, 5.781, 6.325, 6.028, 5.993, 7.645, 8.127], [2.433, 3.636, 3.568, 3.15, 2.717, 2.849, 4.344, 3.823, 3.718, 2.607, 1.278, 0.0, 1.485, 2.63, 3.657, 3.125, 4.713, 5.434, 5.165, 4.691, 3.738, 4.345, 4.995, 4.678, 4.403, 3.865, 4.33, 3.413, 3.101, 3.472, 3.777, 3.245, 3.456, 3.665, 3.396, 2.72, 2.671, 2.221, 2.703, 2.715, 3.382, 3.478, 3.599, 3.652, 3.188, 4.43, 4.535, 4.57, 5.776, 6.406, 6.192, 6.232, 6.682, 5.035, 4.083, 4.404, 4.523, 5.607, 4.694, 4.464, 4.998, 4.973, 5.084, 5.341, 4.794, 4.817, 3.925, 3.892, 4.462, 5.29, 6.507, 5.934, 5.656, 6.741, 9.033, 9.618, 9.742, 10.3, 10.266, 9.396, 9.864, 9.477, 7.798, 6.476, 5.22, 6.025, 6.32, 6.328, 6.512, 6.505, 5.572, 6.487, 7.782, 10.105, 10.651, 10.503, 10.346, 10.684, 10.664, 10.095, 9.59, 8.737, 9.691, 11.321, 11.358, 9.741, 9.1, 8.68, 7.597, 7.97, 8.902, 9.524, 8.814, 7.383, 6.026, 5.649, 6.035, 6.765, 6.493, 5.684, 5.112, 4.635, 5.034, 5.37, 6.93, 8.581, 9.037, 9.556, 9.824, 9.936, 10.245, 7.914, 5.226, 4.339, 3.946, 3.93, 3.766, 5.156, 4.42, 5.378, 6.185, 6.687, 6.422, 6.434, 8.124, 8.74], [2.764, 4.209, 3.707, 3.322, 2.931, 3.592, 5.182, 4.592, 4.502, 3.304, 2.016, 1.485, 0.0, 1.907, 2.938, 2.295, 3.702, 4.46, 4.372, 3.943, 3.154, 3.948, 4.593, 4.324, 4.124, 4.057, 4.343, 3.18, 3.324, 3.734, 3.733, 2.979, 3.165, 3.284, 3.121, 2.248, 2.182, 2.229, 2.703, 2.974, 3.753, 3.424, 3.247, 3.389, 3.214, 4.148, 4.736, 4.783, 6.077, 6.99, 6.803, 6.483, 6.949, 5.537, 4.265, 4.479, 4.062, 4.607, 4.003, 4.716, 5.188, 5.123, 5.181, 5.704, 4.889, 4.783, 4.23, 4.435, 4.931, 5.655, 6.84, 6.409, 6.358, 7.204, 9.745, 10.349, 10.473, 10.947, 10.926, 10.22, 10.681, 10.21, 8.62, 7.29, 5.916, 6.621, 6.917, 6.865, 7.254, 7.35, 6.463, 7.332, 8.574, 10.811, 11.561, 11.298, 11.123, 11.538, 11.404, 10.765, 10.109, 9.504, 10.422, 12.197, 12.317, 10.771, 9.933, 9.514, 8.551, 9.048, 10.013, 10.615, 9.724, 8.216, 6.78, 6.095, 6.417, 7.148, 7.12, 5.994, 4.674, 3.859, 4.139, 4.376, 5.929, 7.574, 8.061, 8.603, 8.824, 8.92, 9.269, 6.893, 4.236, 3.542, 3.485, 3.685, 3.327, 4.123, 4.031, 5.285, 6.625, 7.143, 6.627, 6.822, 8.754, 9.499], [3.581, 4.418, 3.889, 3.699, 3.463, 4.089, 5.6, 5.011, 4.669, 3.653, 2.769, 2.63, 1.907, 0.0, 1.779, 1.846, 3.685, 4.517, 3.385, 2.437, 2.356, 3.066, 3.871, 3.525, 3.412, 3.627, 4.026, 2.992, 3.328, 3.524, 3.51, 2.487, 2.336, 2.406, 2.439, 1.74, 1.742, 2.201, 2.648, 2.943, 3.855, 3.645, 2.948, 2.853, 2.571, 3.352, 4.103, 4.2, 5.353, 6.437, 6.399, 5.88, 6.481, 5.146, 4.102, 4.302, 3.694, 4.498, 3.462, 4.561, 4.783, 4.773, 4.85, 5.399, 4.658, 4.639, 4.156, 4.059, 4.582, 5.095, 6.17, 5.973, 6.11, 7.054, 9.738, 10.377, 10.581, 11.066, 11.218, 10.542, 10.986, 10.614, 8.978, 7.742, 6.628, 7.862, 8.09, 8.11, 8.191, 7.878, 6.908, 7.828, 9.057, 11.302, 11.94, 11.701, 11.56, 11.973, 11.825, 11.199, 10.522, 9.297, 10.243, 12.048, 12.125, 10.689, 9.956, 9.414, 8.427, 8.812, 9.776, 10.415, 9.45, 7.867, 6.347, 5.473, 5.72, 6.39, 6.591, 5.771, 4.341, 2.951, 4.011, 4.497, 6.146, 7.79, 8.282, 8.829, 9.042, 9.135, 9.49, 7.106, 4.591, 3.527, 3.206, 3.398, 3.296, 3.747, 3.375, 5.123, 6.217, 6.615, 6.191, 6.519, 8.581, 9.519], [4.148, 4.469, 4.089, 3.887, 3.902, 4.184, 5.471, 4.702, 4.369, 3.488, 3.48, 3.657, 2.938, 1.779, 0.0, 2.009, 3.702, 4.582, 3.28, 1.976, 2.174, 2.032, 2.694, 2.834, 2.466, 2.839, 3.119, 2.293, 3.284, 3.061, 2.958, 1.989, 1.639, 1.587, 1.698, 1.605, 1.945, 2.369, 2.546, 2.785, 3.393, 3.731, 2.222, 2.236, 2.198, 2.637, 3.477, 3.482, 4.732, 6.058, 5.967, 5.442, 5.909, 4.418, 3.309, 3.395, 2.861, 4.533, 3.297, 3.752, 4.12, 3.844, 3.961, 4.456, 3.885, 3.996, 3.701, 3.555, 3.952, 4.274, 5.471, 5.193, 5.525, 6.602, 9.362, 10.085, 10.159, 10.733, 10.801, 10.166, 10.615, 10.269, 8.713, 7.629, 7.006, 8.33, 8.688, 8.551, 8.663, 8.121, 7.047, 8.132, 8.974, 10.915, 11.705, 11.499, 11.288, 11.698, 11.517, 10.822, 9.784, 9.026, 9.929, 12.035, 12.116, 10.544, 9.671, 9.206, 8.247, 8.743, 9.755, 10.372, 9.484, 7.815, 6.164, 5.044, 5.313, 5.961, 6.091, 4.927, 3.319, 2.506, 4.045, 4.673, 6.191, 7.835, 8.328, 8.874, 9.087, 9.18, 9.536, 7.152, 4.804, 3.641, 2.933, 2.818, 3.497, 3.78, 2.664, 4.122, 5.538, 5.969, 5.284, 5.735, 8.13, 9.059], [3.714, 5.139, 4.543, 4.222, 3.936, 4.826, 6.366, 5.914, 5.85, 4.631, 3.419, 3.125, 2.295, 1.846, 2.009, 0.0, 2.337, 3.403, 2.829, 2.299, 1.836, 2.484, 3.612, 3.997, 3.414, 3.494, 4.096, 3.18, 3.047, 3.587, 3.794, 2.191, 2.386, 2.516, 2.533, 1.955, 2.005, 2.324, 2.744, 3.471, 4.483, 3.927, 3.276, 3.432, 3.179, 3.739, 4.435, 4.637, 5.794, 7.349, 7.378, 6.938, 7.02, 5.44, 4.198, 4.21, 2.968, 2.992, 2.549, 4.65, 5.16, 4.482, 4.766, 5.324, 4.437, 4.391, 3.957, 4.013, 4.545, 5.007, 6.357, 6.301, 6.775, 8.009, 10.857, 11.556, 11.373, 11.893, 12.064, 11.368, 11.833, 11.449, 9.837, 8.454, 7.153, 8.085, 8.448, 8.476, 8.614, 8.601, 7.667, 8.563, 9.82, 12.17, 12.766, 12.55, 12.362, 12.702, 12.598, 11.955, 11.168, 10.497, 11.45, 13.437, 13.475, 11.965, 11.09, 10.75, 9.714, 10.195, 11.229, 11.846, 11.024, 9.372, 7.545, 6.307, 6.605, 6.995, 7.045, 5.755, 3.929, 1.956, 2.546, 3.004, 4.603, 6.255, 6.711, 7.252, 7.497, 7.609, 7.918, 5.588, 2.982, 2.239, 2.605, 3.262, 2.526, 2.549, 2.51, 5.171, 6.723, 7.115, 6.356, 6.75, 9.654, 10.609], [5.1, 6.895, 6.193, 5.57, 5.35, 6.574, 8.284, 7.862, 7.922, 6.685, 5.17, 4.713, 3.702, 3.685, 3.702, 2.337, 0.0, 1.952, 1.983, 3.441, 3.128, 3.946, 5.137, 5.704, 5.199, 5.472, 6.269, 4.945, 4.417, 5.34, 5.968, 4.173, 4.411, 4.472, 4.518, 3.967, 4.13, 4.372, 4.88, 5.616, 6.586, 5.748, 5.226, 5.57, 5.321, 5.901, 6.366, 6.164, 7.389, 9.187, 9.411, 8.998, 9.037, 7.354, 5.973, 5.791, 4.152, 2.124, 3.279, 6.159, 6.964, 6.088, 6.474, 6.929, 5.991, 5.664, 5.292, 5.36, 5.962, 6.753, 8.104, 8.258, 8.831, 10.142, 12.951, 13.631, 13.58, 14.163, 14.19, 13.579, 14.006, 13.549, 11.964, 10.339, 8.465, 9.051, 9.392, 9.39, 9.932, 10.316, 9.566, 10.37, 11.68, 14.122, 14.852, 14.349, 14.242, 14.592, 14.541, 13.862, 13.175, 12.539, 13.5, 15.588, 15.674, 14.125, 13.229, 12.812, 11.855, 12.337, 13.372, 13.987, 13.099, 11.434, 9.708, 8.356, 8.56, 8.995, 8.719, 7.624, 5.482, 3.016, 1.729, 1.801, 2.785, 4.152, 4.644, 5.199, 5.419, 5.544, 5.88, 3.508, 2.209, 2.696, 3.736, 4.118, 3.198, 1.927, 3.585, 6.897, 8.544, 8.731, 8.024, 8.648, 11.696, 12.657], [6.626, 8.137, 7.498, 7.212, 6.914, 7.793, 9.388, 8.884, 8.819, 7.675, 6.194, 5.434, 4.46, 4.517, 4.582, 3.403, 1.952, 0.0, 1.915, 3.846, 3.84, 4.745, 5.958, 6.403, 6.216, 6.547, 7.284, 6.048, 5.66, 6.367, 6.989, 5.191, 5.383, 5.352, 5.402, 4.887, 5.201, 5.414, 5.904, 6.551, 7.494, 6.91, 6.326, 6.6, 6.366, 6.876, 7.376, 6.934, 8.062, 9.967, 10.16, 9.732, 10.007, 8.323, 7.053, 6.715, 5.091, 3.108, 4.37, 7.191, 7.923, 6.906, 7.365, 7.832, 6.891, 6.87, 6.352, 6.184, 6.703, 7.639, 9.079, 9.244, 9.67, 11.103, 13.846, 14.612, 14.656, 15.233, 15.266, 14.631, 15.081, 14.568, 12.942, 11.447, 10.06, 10.749, 11.084, 11.011, 11.44, 11.585, 10.71, 11.558, 12.812, 15.086, 15.853, 15.51, 15.371, 15.742, 15.642, 14.895, 14.029, 13.302, 14.308, 16.513, 16.587, 15.049, 14.197, 13.599, 12.731, 13.141, 14.137, 14.775, 13.85, 12.225, 10.555, 9.158, 9.318, 9.806, 9.585, 8.554, 6.196, 3.61, 2.675, 2.819, 3.025, 3.598, 4.061, 4.694, 4.872, 4.936, 5.306, 3.282, 2.837, 3.619, 4.743, 5.145, 4.453, 2.945, 4.34, 7.664, 9.365, 9.489, 8.582, 9.668, 12.368, 13.443], [6.471, 7.536, 7.107, 6.889, 6.586, 7.253, 8.573, 7.753, 7.426, 6.491, 5.603, 5.165, 4.372, 3.385, 3.28, 2.829, 1.983, 1.915, 0.0, 2.119, 2.75, 3.357, 4.597, 4.872, 4.838, 5.202, 6.049, 5.03, 5.11, 5.331, 5.673, 3.916, 3.867, 3.895, 4.011, 3.756, 3.929, 4.532, 5.162, 5.633, 6.364, 6.562, 5.136, 5.22, 4.86, 5.309, 5.807, 5.439, 6.419, 8.296, 8.513, 8.085, 8.432, 6.832, 5.827, 5.62, 4.216, 3.172, 3.966, 6.088, 6.517, 5.64, 6.072, 6.598, 5.769, 6.061, 5.567, 5.333, 5.751, 6.171, 7.544, 7.791, 8.379, 9.701, 12.455, 13.086, 13.287, 13.901, 14.026, 13.363, 13.837, 13.469, 11.864, 10.686, 9.879, 10.789, 11.144, 11.13, 11.378, 11.112, 10.068, 11.125, 12.086, 14.043, 14.825, 14.629, 14.416, 14.803, 14.647, 13.924, 12.865, 11.578, 12.708, 14.899, 14.976, 13.489, 12.723, 12.017, 11.117, 11.433, 12.514, 13.156, 12.133, 10.509, 8.933, 7.542, 7.666, 8.108, 7.942, 7.225, 5.028, 2.8, 2.548, 2.991, 3.918, 5.256, 5.768, 6.299, 6.561, 6.627, 7.013, 4.638, 3.363, 3.223, 4.0, 4.54, 4.184, 2.682, 3.335, 6.522, 7.763, 7.839, 7.24, 8.255, 10.896, 11.933], [5.599, 6.116, 5.717, 5.471, 5.494, 5.82, 7.05, 6.154, 5.562, 4.979, 4.757, 4.691, 3.943, 2.437, 1.976, 2.299, 3.441, 3.846, 2.119, 0.0, 1.422, 1.539, 2.765, 2.824, 2.893, 3.316, 4.239, 3.466, 3.834, 3.905, 3.857, 2.447, 2.123, 2.085, 2.215, 2.313, 2.719, 3.447, 3.818, 4.186, 4.652, 5.216, 3.461, 3.421, 3.097, 3.232, 3.71, 3.585, 4.387, 6.197, 6.508, 6.004, 6.375, 4.945, 4.019, 3.919, 2.735, 4.131, 3.195, 4.461, 4.664, 3.784, 4.203, 4.698, 4.284, 4.596, 4.24, 3.914, 4.241, 4.197, 5.455, 5.788, 6.502, 7.672, 10.502, 11.054, 11.397, 11.919, 12.085, 11.492, 11.968, 11.639, 10.23, 9.139, 8.608, 9.921, 10.193, 10.177, 10.277, 9.771, 8.686, 9.781, 10.579, 12.357, 13.1, 12.954, 12.698, 13.132, 12.912, 12.187, 11.002, 9.716, 10.609, 12.794, 12.873, 11.393, 10.709, 9.935, 9.012, 9.33, 10.411, 11.053, 10.038, 8.412, 6.83, 5.443, 5.562, 6.037, 5.94, 5.279, 3.281, 1.893, 3.506, 4.043, 5.66, 7.312, 7.797, 8.343, 8.556, 8.664, 9.005, 6.621, 4.078, 2.929, 2.825, 3.171, 3.212, 3.091, 2.163, 4.693, 5.828, 5.789, 5.298, 6.212, 8.837, 9.87], [4.422, 5.292, 4.786, 4.563, 4.407, 5.002, 6.432, 5.502, 5.114, 4.237, 3.644, 3.738, 3.154, 2.356, 2.174, 1.836, 3.128, 3.84, 2.75, 1.422, 0.0, 1.355, 2.335, 2.737, 2.467, 2.8, 3.642, 2.914, 2.895, 3.191, 3.264, 1.586, 1.859, 1.811, 1.965, 1.674, 2.225, 2.629, 2.73, 3.125, 4.096, 4.234, 2.828, 2.942, 2.752, 3.077, 3.587, 3.363, 4.437, 6.237, 6.468, 6.051, 6.246, 4.616, 3.456, 3.422, 2.103, 3.92, 2.598, 3.934, 4.239, 3.338, 3.673, 4.175, 3.641, 3.997, 3.475, 3.283, 3.746, 3.97, 5.284, 5.489, 6.04, 7.329, 10.068, 10.833, 10.919, 11.473, 11.528, 10.919, 11.386, 11.069, 9.593, 8.334, 7.568, 8.757, 9.067, 9.056, 9.159, 8.808, 7.787, 8.809, 9.914, 11.856, 12.528, 12.413, 12.127, 12.578, 12.341, 11.634, 10.453, 9.584, 10.593, 12.745, 12.827, 11.269, 10.393, 9.884, 8.991, 9.423, 10.466, 11.078, 10.185, 8.515, 6.799, 5.428, 5.646, 6.076, 5.88, 4.849, 2.834, 1.97, 3.279, 3.794, 5.445, 7.111, 7.582, 8.128, 8.341, 8.445, 8.79, 6.406, 3.745, 2.177, 2.026, 2.518, 2.192, 2.981, 1.766, 4.147, 5.661, 5.775, 5.027, 5.892, 8.777, 9.813], [4.722, 5.002, 4.632, 4.324, 4.528, 4.673, 5.807, 5.248, 4.655, 4.103, 4.169, 4.345, 3.948, 3.066, 2.032, 2.484, 3.946, 4.745, 3.357, 1.539, 1.355, 0.0, 1.687, 2.076, 1.74, 2.021, 2.87, 2.217, 3.049, 2.782, 2.912, 1.844, 1.396, 1.322, 1.333, 1.979, 2.531, 2.678, 2.896, 3.197, 3.418, 4.084, 2.309, 2.206, 2.25, 2.253, 2.757, 2.582, 3.675, 5.556, 5.779, 5.367, 5.433, 3.735, 2.704, 2.683, 1.67, 4.593, 2.715, 3.245, 3.517, 2.44, 2.89, 3.326, 3.048, 3.325, 3.198, 3.017, 3.181, 2.989, 4.486, 4.625, 5.307, 6.549, 9.379, 10.07, 10.04, 10.597, 10.727, 10.08, 10.565, 10.306, 8.976, 8.043, 7.625, 9.028, 9.341, 9.273, 9.253, 8.64, 7.597, 8.612, 9.295, 11.158, 11.695, 11.633, 11.391, 11.744, 11.545, 10.887, 9.798, 8.965, 9.894, 11.997, 12.022, 10.45, 9.641, 9.206, 8.164, 8.639, 9.673, 10.29, 9.483, 7.831, 6.016, 4.643, 4.883, 5.281, 5.068, 4.003, 2.002, 2.049, 3.963, 4.537, 6.159, 7.811, 8.267, 8.793, 9.053, 9.186, 9.475, 7.144, 4.456, 2.942, 2.172, 2.471, 2.705, 3.766, 1.564, 3.526, 4.922, 5.093, 4.341, 5.071, 8.093, 9.037], [5.045, 4.941, 4.579, 4.362, 4.828, 4.492, 5.296, 4.923, 4.405, 4.14, 4.585, 4.995, 4.593, 3.871, 2.694, 3.612, 5.137, 5.958, 4.597, 2.765, 2.335, 1.687, 0.0, 1.312, 1.347, 2.088, 2.034, 2.056, 3.273, 2.82, 2.896, 2.318, 1.989, 1.644, 1.812, 2.63, 3.353, 3.359, 3.079, 3.047, 2.782, 3.64, 2.031, 1.696, 2.522, 1.65, 1.705, 1.54, 2.432, 4.242, 4.38, 3.934, 4.163, 2.593, 1.826, 1.578, 2.225, 5.98, 3.994, 2.22, 2.414, 1.649, 1.752, 2.315, 2.603, 2.632, 2.8, 2.945, 2.62, 2.146, 3.25, 3.34, 4.009, 5.223, 8.017, 8.727, 8.789, 9.364, 9.437, 8.793, 9.278, 9.167, 8.174, 7.556, 7.551, 8.989, 9.392, 9.097, 9.03, 8.194, 7.547, 8.046, 8.59, 9.949, 10.509, 10.314, 10.239, 10.513, 10.236, 9.496, 8.332, 7.592, 8.57, 10.692, 10.774, 9.168, 8.296, 7.849, 6.949, 7.392, 8.425, 9.044, 8.154, 6.484, 4.787, 3.41, 3.588, 4.011, 3.828, 2.747, 1.263, 3.433, 5.364, 5.873, 7.52, 9.165, 9.657, 10.203, 10.419, 10.525, 10.865, 8.481, 5.817, 4.151, 2.72, 2.377, 3.371, 5.0, 2.449, 2.187, 3.556, 3.697, 2.989, 3.822, 6.696, 7.653], [4.92, 4.804, 4.511, 4.265, 4.64, 4.354, 5.142, 4.746, 4.009, 4.006, 4.333, 4.678, 4.324, 3.525, 2.834, 3.997, 5.704, 6.403, 4.872, 2.824, 2.737, 2.076, 1.312, 0.0, 1.298, 2.13, 1.974, 1.977, 3.313, 2.881, 2.57, 2.444, 2.025, 1.742, 1.832, 2.677, 3.153, 3.071, 2.996, 2.932, 2.556, 3.371, 2.071, 1.657, 2.234, 1.345, 1.396, 1.338, 2.077, 3.609, 3.924, 3.458, 3.729, 2.406, 1.925, 1.786, 2.81, 6.531, 4.529, 2.187, 2.19, 1.861, 1.918, 2.424, 2.696, 2.619, 2.738, 3.011, 2.663, 2.148, 3.055, 3.025, 3.864, 4.884, 7.721, 8.306, 8.705, 9.118, 9.282, 8.711, 9.237, 9.063, 7.946, 7.278, 7.428, 8.828, 9.267, 8.93, 8.765, 7.93, 7.449, 7.792, 8.363, 9.851, 10.465, 10.364, 10.148, 10.547, 10.265, 9.557, 8.241, 7.15, 7.956, 10.164, 10.234, 8.71, 7.906, 7.25, 6.391, 6.738, 7.812, 8.433, 7.474, 5.825, 4.193, 2.817, 2.965, 3.484, 3.504, 2.642, 1.935, 4.07, 5.995, 6.517, 8.169, 9.814, 10.303, 10.845, 11.065, 11.158, 11.511, 9.13, 6.466, 4.8, 3.283, 2.707, 3.884, 5.623, 3.121, 2.049, 3.249, 3.349, 2.909, 3.454, 6.148, 7.214], [4.322, 3.963, 3.791, 3.601, 4.114, 3.631, 4.446, 4.062, 3.671, 3.42, 3.985, 4.403, 4.124, 3.412, 2.466, 3.414, 5.199, 6.216, 4.838, 2.893, 2.467, 1.74, 1.347, 1.298, 0.0, 1.636, 1.501, 1.498, 2.591, 2.072, 1.982, 1.86, 1.566, 1.57, 1.65, 2.288, 2.858, 2.678, 2.368, 2.234, 2.119, 2.68, 1.475, 1.457, 1.871, 1.477, 1.787, 1.777, 2.518, 4.091, 4.369, 3.938, 3.979, 2.431, 1.685, 1.597, 2.223, 5.975, 3.97, 1.888, 2.124, 1.658, 1.848, 2.22, 2.075, 2.125, 2.169, 2.331, 2.144, 2.072, 3.258, 3.184, 4.02, 5.04, 7.934, 8.558, 8.633, 9.107, 9.262, 8.696, 9.169, 8.85, 7.507, 6.61, 6.601, 8.028, 8.427, 8.147, 8.063, 7.241, 6.592, 7.156, 7.822, 9.685, 10.333, 10.216, 9.912, 10.359, 10.141, 9.491, 8.345, 7.557, 8.407, 10.476, 10.573, 9.035, 8.122, 7.709, 6.757, 7.224, 8.278, 8.88, 7.996, 6.352, 4.592, 3.236, 3.458, 3.909, 3.816, 2.711, 1.879, 3.518, 5.45, 5.955, 7.597, 9.255, 9.73, 10.272, 10.493, 10.6, 10.948, 8.566, 5.902, 4.287, 2.598, 2.14, 3.267, 5.206, 2.692, 2.21, 3.542, 3.826, 3.207, 3.591, 6.593, 7.588], [3.517, 3.638, 3.159, 2.979, 3.59, 3.312, 4.353, 3.916, 3.382, 2.986, 3.487, 3.865, 4.057, 3.627, 2.839, 3.494, 5.472, 6.547, 5.202, 3.316, 2.8, 2.021, 2.088, 2.13, 1.636, 0.0, 1.518, 1.759, 2.051, 1.563, 1.605, 1.734, 1.752, 1.73, 1.576, 2.235, 2.327, 2.032, 1.818, 2.002, 2.126, 2.651, 1.455, 1.548, 1.361, 1.729, 1.658, 2.013, 2.82, 4.341, 4.488, 4.081, 3.998, 2.393, 1.361, 1.538, 2.307, 5.918, 3.986, 2.216, 2.268, 1.599, 1.663, 2.169, 2.128, 2.303, 2.213, 2.379, 2.504, 2.118, 3.473, 3.379, 3.912, 5.216, 8.045, 8.688, 8.455, 9.009, 9.205, 8.546, 8.955, 8.771, 7.517, 6.53, 6.189, 7.606, 8.021, 7.885, 7.684, 6.965, 6.067, 6.913, 7.91, 9.789, 10.072, 10.107, 9.901, 10.142, 9.83, 9.309, 8.403, 7.639, 8.572, 10.545, 10.602, 9.092, 8.242, 7.893, 6.843, 7.282, 8.326, 8.928, 8.191, 6.557, 4.664, 3.401, 3.88, 3.988, 3.995, 2.815, 2.128, 3.464, 5.376, 5.999, 7.596, 9.259, 9.683, 10.204, 10.468, 10.662, 10.953, 8.627, 5.963, 4.386, 2.657, 2.373, 3.337, 5.502, 2.828, 2.402, 3.698, 4.125, 3.438, 3.751, 6.82, 7.78], [3.954, 3.11, 3.123, 3.155, 3.702, 3.059, 3.484, 3.36, 3.079, 3.043, 3.886, 4.33, 4.343, 4.026, 3.119, 4.096, 6.269, 7.284, 6.049, 4.239, 3.642, 2.87, 2.034, 1.974, 1.501, 1.518, 0.0, 1.777, 2.576, 1.921, 1.524, 2.44, 2.316, 2.282, 2.238, 2.698, 3.173, 2.808, 2.187, 2.023, 1.551, 1.992, 1.447, 1.47, 1.955, 1.623, 1.751, 1.863, 2.248, 3.564, 3.558, 3.111, 3.227, 1.81, 1.276, 1.394, 2.95, 6.757, 4.688, 1.487, 1.623, 1.414, 1.512, 1.86, 1.771, 1.83, 2.118, 2.314, 1.985, 1.753, 2.907, 2.652, 3.036, 4.203, 7.018, 7.691, 7.542, 8.016, 8.165, 7.511, 7.987, 7.704, 6.51, 5.654, 5.77, 7.177, 7.623, 7.3, 7.119, 6.301, 5.74, 6.161, 6.797, 8.591, 9.106, 8.95, 8.733, 9.058, 8.76, 8.116, 7.269, 6.629, 7.615, 9.568, 9.666, 8.158, 7.258, 6.907, 5.911, 6.379, 7.432, 8.034, 7.191, 5.546, 3.771, 2.545, 3.143, 3.337, 3.428, 2.163, 2.256, 4.357, 6.257, 6.805, 8.421, 10.08, 10.541, 11.077, 11.314, 11.434, 11.753, 9.411, 6.724, 5.132, 3.394, 2.808, 4.016, 6.213, 3.459, 1.665, 3.013, 3.531, 2.86, 3.028, 5.794, 6.77], [3.19, 3.057, 2.816, 2.538, 2.975, 2.751, 3.782, 3.638, 3.569, 2.8, 3.023, 3.413, 3.18, 2.992, 2.293, 3.18, 4.945, 6.048, 5.03, 3.466, 2.914, 2.217, 2.056, 1.977, 1.498, 1.759, 1.777, 0.0, 1.968, 1.595, 1.99, 2.09, 1.718, 1.718, 1.701, 1.995, 2.568, 2.157, 1.773, 1.843, 1.836, 2.085, 1.122, 1.268, 1.467, 1.757, 2.221, 2.302, 3.324, 4.616, 4.687, 4.345, 4.424, 2.818, 1.694, 1.841, 2.089, 5.65, 3.597, 1.927, 2.591, 2.33, 2.429, 2.906, 2.301, 2.114, 2.007, 2.143, 2.305, 2.892, 4.132, 3.708, 4.131, 5.408, 8.197, 8.859, 8.765, 9.323, 9.378, 8.733, 9.143, 8.771, 7.28, 6.117, 5.734, 7.176, 7.517, 7.335, 7.297, 6.576, 5.657, 6.553, 7.264, 9.369, 10.022, 9.715, 9.554, 9.876, 9.843, 9.189, 8.38, 7.771, 8.729, 10.81, 10.865, 9.295, 8.474, 8.034, 7.022, 7.491, 8.543, 9.145, 8.321, 6.677, 4.903, 3.608, 3.923, 4.448, 4.52, 3.29, 2.281, 3.372, 5.125, 5.69, 7.31, 8.965, 9.418, 9.952, 10.204, 10.323, 10.63, 8.301, 5.613, 4.024, 2.3, 1.921, 2.952, 4.961, 2.435, 2.695, 4.089, 4.557, 3.965, 4.149, 6.92, 7.913], [2.271, 2.631, 2.363, 2.266, 2.373, 2.558, 4.042, 3.942, 4.144, 2.968, 2.723, 3.101, 3.324, 3.328, 3.284, 3.047, 4.417, 5.66, 5.11, 3.834, 2.895, 3.049, 3.273, 3.313, 2.591, 2.051, 2.576, 1.968, 0.0, 1.432, 2.219, 2.009, 2.617, 2.78, 2.531, 2.41, 2.903, 2.218, 1.596, 2.231, 2.803, 2.146, 2.1, 2.695, 2.204, 3.203, 3.023, 3.227, 3.915, 5.419, 5.593, 5.314, 5.248, 3.502, 2.249, 2.285, 2.278, 4.739, 3.0, 2.531, 3.32, 2.676, 3.042, 3.342, 2.423, 2.058, 1.646, 1.998, 2.411, 3.39, 4.667, 4.445, 4.983, 6.317, 9.133, 9.787, 9.577, 10.05, 10.18, 9.586, 9.954, 9.384, 7.902, 6.162, 4.986, 6.234, 6.502, 6.501, 6.534, 6.177, 5.428, 6.274, 7.51, 10.106, 10.796, 10.202, 10.029, 10.327, 10.295, 9.701, 9.244, 8.683, 9.699, 11.677, 11.757, 10.254, 9.333, 9.004, 8.046, 8.514, 9.568, 10.17, 9.314, 7.669, 5.862, 4.645, 4.993, 5.23, 4.985, 3.662, 3.134, 3.128, 4.181, 4.691, 6.334, 8.023, 8.472, 8.994, 9.228, 9.355, 9.669, 7.318, 4.605, 3.102, 1.73, 1.577, 1.997, 4.224, 2.587, 3.349, 4.736, 5.106, 4.559, 4.755, 7.906, 8.893], [2.843, 2.419, 2.256, 2.423, 2.78, 2.41, 3.423, 3.137, 3.229, 2.439, 2.992, 3.472, 3.734, 3.524, 3.061, 3.587, 5.34, 6.367, 5.331, 3.905, 3.191, 2.782, 2.82, 2.881, 2.072, 1.563, 1.921, 1.595, 1.432, 0.0, 1.497, 2.181, 2.375, 2.499, 2.403, 2.55, 2.983, 2.292, 1.512, 1.788, 2.083, 1.885, 1.667, 2.127, 1.772, 2.693, 2.514, 2.513, 3.201, 4.37, 4.576, 4.344, 4.165, 2.549, 1.625, 1.793, 2.336, 5.784, 3.865, 1.889, 2.171, 2.035, 2.139, 2.446, 1.723, 1.971, 1.555, 1.646, 1.811, 2.604, 3.86, 3.644, 3.984, 5.301, 8.115, 8.721, 8.544, 8.953, 9.093, 8.548, 8.888, 8.426, 6.946, 5.621, 5.007, 6.383, 6.806, 6.613, 6.579, 5.983, 4.965, 6.005, 6.913, 9.246, 9.788, 9.549, 9.355, 9.608, 9.514, 8.941, 8.321, 7.683, 8.673, 10.605, 10.721, 9.237, 8.309, 7.991, 7.011, 7.478, 8.532, 9.134, 8.295, 6.651, 4.813, 3.785, 4.386, 4.413, 3.988, 2.949, 2.721, 3.344, 5.235, 5.73, 7.35, 9.002, 9.466, 10.012, 10.246, 10.409, 10.689, 8.347, 5.653, 4.091, 2.393, 2.041, 3.089, 5.291, 2.896, 2.755, 3.803, 4.248, 3.792, 3.901, 6.887, 7.874], [3.146, 2.787, 2.633, 2.898, 3.067, 2.741, 3.611, 2.987, 2.696, 2.435, 3.24, 3.777, 3.733, 3.51, 2.958, 3.794, 5.968, 6.989, 5.673, 3.857, 3.264, 2.912, 2.896, 2.57, 1.982, 1.605, 1.524, 1.99, 2.219, 1.497, 0.0, 1.969, 2.358, 2.266, 2.247, 2.435, 2.629, 2.269, 1.59, 1.634, 1.913, 1.938, 1.547, 1.892, 1.685, 2.274, 2.338, 2.54, 2.971, 4.053, 3.974, 3.68, 3.646, 2.404, 1.702, 2.197, 2.946, 6.255, 4.292, 2.198, 2.034, 2.096, 1.956, 2.571, 2.104, 2.328, 2.13, 2.427, 2.622, 2.493, 3.688, 3.313, 3.737, 4.673, 7.543, 8.161, 8.058, 8.355, 8.599, 8.102, 8.491, 8.118, 6.988, 5.682, 5.222, 6.423, 7.001, 6.746, 6.677, 6.212, 5.312, 6.269, 7.245, 9.194, 9.636, 9.478, 9.238, 9.542, 9.262, 8.662, 7.886, 7.171, 8.087, 10.021, 10.141, 8.674, 7.704, 7.392, 6.446, 6.927, 7.96, 8.577, 7.694, 6.042, 4.267, 3.218, 3.825, 3.965, 3.92, 2.744, 2.938, 4.072, 5.85, 6.291, 7.899, 9.551, 10.036, 10.586, 10.795, 10.931, 11.259, 8.904, 6.25, 4.645, 2.984, 2.784, 3.688, 5.918, 3.408, 2.359, 3.559, 4.063, 3.536, 3.625, 6.304, 7.24], [3.266, 3.942, 3.484, 3.27, 3.203, 3.632, 5.027, 4.184, 4.071, 3.056, 2.871, 3.245, 2.979, 2.487, 1.989, 2.191, 4.173, 5.191, 3.916, 2.447, 1.586, 1.844, 2.318, 2.444, 1.86, 1.734, 2.44, 2.09, 2.009, 2.181, 1.969, 0.0, 1.106, 1.414, 1.329, 1.213, 1.716, 1.629, 1.644, 2.278, 3.018, 3.027, 1.824, 1.926, 1.718, 2.479, 2.7, 2.755, 3.933, 5.483, 5.497, 5.091, 5.127, 3.585, 2.286, 2.49, 1.933, 4.741, 2.861, 2.973, 3.239, 2.733, 2.99, 3.588, 2.809, 2.996, 2.721, 2.77, 3.227, 3.25, 4.59, 4.415, 5.126, 6.198, 9.104, 9.683, 9.674, 10.104, 10.279, 9.668, 10.14, 9.735, 8.359, 6.988, 6.336, 7.544, 7.936, 7.832, 7.928, 7.519, 6.448, 7.541, 8.555, 10.571, 11.237, 11.053, 10.78, 11.184, 10.952, 10.213, 9.403, 8.686, 9.648, 11.647, 11.775, 10.247, 9.324, 8.961, 8.008, 8.502, 9.523, 10.14, 9.251, 7.581, 5.862, 4.518, 4.812, 5.184, 5.223, 3.97, 2.533, 2.619, 4.269, 4.747, 6.399, 8.043, 8.535, 9.082, 9.294, 9.388, 9.743, 7.359, 4.695, 3.029, 1.826, 2.137, 2.198, 4.138, 2.139, 3.339, 4.79, 5.149, 4.457, 4.818, 7.827, 8.758], [3.903, 4.155, 3.817, 3.467, 3.757, 3.792, 5.031, 4.432, 3.967, 3.267, 3.201, 3.456, 3.165, 2.336, 1.639, 2.386, 4.411, 5.383, 3.867, 2.123, 1.859, 1.396, 1.989, 2.025, 1.566, 1.752, 2.316, 1.718, 2.617, 2.375, 2.358, 1.106, 0.0, 0.875, 1.023, 1.244, 1.848, 1.814, 2.103, 2.36, 2.77, 3.213, 1.71, 1.603, 1.403, 1.789, 2.328, 2.436, 3.606, 5.039, 5.038, 4.612, 4.772, 3.319, 2.411, 2.44, 1.856, 5.191, 3.157, 2.923, 3.068, 2.757, 2.907, 3.536, 2.952, 3.148, 3.011, 2.888, 3.096, 3.114, 4.338, 4.204, 4.874, 5.929, 8.811, 9.324, 9.477, 10.066, 10.2, 9.561, 10.046, 9.702, 8.182, 7.179, 6.774, 8.196, 8.514, 8.397, 8.47, 7.779, 6.789, 7.747, 8.517, 10.478, 11.156, 11.002, 10.748, 11.183, 10.969, 10.256, 9.244, 8.252, 9.179, 11.22, 11.318, 9.791, 8.943, 8.488, 7.516, 7.997, 9.03, 9.647, 8.759, 7.093, 5.373, 4.093, 4.343, 4.811, 4.901, 3.916, 2.34, 2.762, 4.693, 5.197, 6.849, 8.493, 8.985, 9.531, 9.744, 9.838, 10.193, 7.809, 5.145, 3.521, 2.298, 2.24, 2.767, 4.448, 2.219, 3.247, 4.454, 4.876, 4.345, 4.765, 7.411, 8.368], [4.081, 4.306, 3.864, 3.65, 3.823, 3.955, 5.1, 4.409, 3.755, 3.334, 3.407, 3.665, 3.284, 2.406, 1.587, 2.516, 4.472, 5.352, 3.895, 2.085, 1.811, 1.322, 1.644, 1.742, 1.57, 1.73, 2.282, 1.718, 2.78, 2.499, 2.266, 1.414, 0.875, 0.0, 0.936, 1.267, 1.964, 2.085, 2.213, 2.309, 2.741, 3.352, 1.498, 1.514, 1.535, 1.628, 2.322, 2.36, 3.516, 4.945, 4.98, 4.57, 4.79, 3.269, 2.285, 2.327, 1.97, 5.261, 3.169, 2.914, 2.966, 2.666, 2.77, 3.409, 3.099, 3.252, 2.95, 2.892, 3.134, 3.059, 4.277, 4.154, 4.671, 5.889, 8.673, 9.346, 9.43, 10.029, 10.152, 9.513, 9.972, 9.645, 8.34, 7.25, 6.827, 8.26, 8.641, 8.408, 8.469, 7.868, 6.83, 7.885, 8.692, 10.444, 11.075, 10.942, 10.683, 11.135, 10.888, 10.174, 9.172, 8.183, 9.126, 11.183, 11.269, 9.754, 8.9, 8.402, 7.486, 7.93, 8.964, 9.585, 8.693, 7.023, 5.318, 3.997, 4.178, 4.68, 4.829, 3.816, 2.168, 2.885, 4.763, 5.267, 6.918, 8.563, 9.055, 9.601, 9.814, 9.907, 10.263, 7.879, 5.215, 3.6, 2.412, 2.202, 2.961, 4.505, 2.262, 3.096, 4.372, 4.766, 4.172, 4.698, 7.34, 8.378], [3.862, 4.21, 3.85, 3.597, 3.686, 3.874, 5.012, 4.444, 3.804, 3.238, 3.177, 3.396, 3.121, 2.439, 1.698, 2.533, 4.518, 5.402, 4.011, 2.215, 1.965, 1.333, 1.812, 1.832, 1.65, 1.576, 2.238, 1.701, 2.531, 2.403, 2.247, 1.329, 1.023, 0.936, 0.0, 1.189, 1.907, 1.926, 2.069, 2.399, 2.667, 3.359, 1.598, 1.542, 1.618, 1.86, 2.29, 2.336, 3.462, 4.995, 5.01, 4.622, 4.855, 3.309, 2.23, 2.217, 2.047, 5.274, 3.186, 2.787, 3.096, 2.496, 2.648, 3.248, 2.975, 3.115, 2.971, 2.797, 2.937, 2.909, 4.157, 4.024, 4.563, 5.813, 8.58, 9.324, 9.335, 9.924, 10.018, 9.394, 9.866, 9.567, 8.274, 7.287, 6.777, 8.13, 8.425, 8.407, 8.455, 7.881, 6.818, 7.853, 8.582, 10.342, 10.945, 10.769, 10.613, 10.955, 10.765, 10.096, 9.075, 8.21, 9.134, 11.199, 11.282, 9.692, 8.859, 8.42, 7.475, 7.881, 8.927, 9.559, 8.662, 7.01, 5.345, 3.959, 4.16, 4.693, 4.852, 3.714, 2.132, 2.865, 4.776, 5.293, 6.932, 8.576, 9.069, 9.615, 9.828, 9.923, 10.276, 7.902, 5.228, 3.662, 2.281, 2.103, 2.799, 4.511, 2.19, 3.036, 4.472, 4.766, 4.014, 4.564, 7.332, 8.354], [3.293, 4.011, 3.568, 3.399, 3.238, 3.706, 5.082, 4.25, 4.066, 3.052, 2.568, 2.72, 2.248, 1.74, 1.605, 1.955, 3.967, 4.887, 3.756, 2.313, 1.674, 1.979, 2.63, 2.677, 2.288, 2.235, 2.698, 1.995, 2.41, 2.55, 2.435, 1.213, 1.244, 1.267, 1.189, 0.0, 1.175, 1.66, 1.919, 2.233, 2.837, 3.173, 1.725, 1.942, 1.657, 2.342, 3.102, 3.132, 4.373, 5.745, 5.663, 5.244, 5.501, 3.997, 2.827, 2.867, 2.361, 4.72, 2.922, 3.234, 3.664, 3.346, 3.454, 4.071, 3.355, 3.531, 3.097, 3.05, 3.426, 3.789, 5.014, 4.813, 5.155, 6.292, 9.086, 9.805, 9.778, 10.407, 10.451, 9.802, 10.265, 9.884, 8.294, 7.062, 6.404, 7.643, 7.957, 7.927, 8.017, 7.572, 6.544, 7.592, 8.587, 10.553, 11.188, 11.041, 10.783, 11.238, 11.033, 10.312, 9.562, 8.827, 9.731, 11.685, 11.783, 10.261, 9.398, 9.033, 8.03, 8.52, 9.49, 10.114, 9.219, 7.572, 5.954, 4.716, 4.934, 5.529, 5.665, 4.499, 2.851, 2.595, 4.222, 4.726, 6.378, 8.022, 8.515, 9.061, 9.274, 9.367, 9.723, 7.339, 4.675, 3.134, 2.192, 2.401, 2.491, 3.983, 2.327, 3.743, 5.202, 5.657, 4.923, 5.38, 7.942, 8.961], [3.147, 4.332, 3.713, 3.463, 3.292, 3.97, 5.404, 4.687, 4.426, 3.421, 2.66, 2.671, 2.182, 1.742, 1.945, 2.005, 4.13, 5.201, 3.929, 2.719, 2.225, 2.531, 3.353, 3.153, 2.858, 2.327, 3.173, 2.568, 2.903, 2.983, 2.629, 1.716, 1.848, 1.964, 1.907, 1.175, 0.0, 1.211, 2.051, 2.323, 3.235, 3.35, 2.098, 2.325, 1.656, 2.548, 3.315, 3.549, 4.796, 6.191, 6.059, 5.485, 5.725, 4.188, 3.276, 3.412, 3.08, 4.622, 3.304, 3.889, 4.028, 3.704, 3.665, 4.343, 3.685, 3.887, 3.537, 3.614, 4.178, 4.031, 5.419, 5.182, 5.571, 6.602, 9.491, 10.048, 9.939, 10.482, 10.699, 10.01, 10.446, 10.075, 8.576, 7.268, 6.542, 7.51, 7.968, 7.946, 7.876, 7.526, 6.626, 7.562, 8.931, 11.034, 11.426, 11.451, 11.184, 11.457, 11.274, 10.713, 10.019, 9.15, 10.043, 11.846, 11.919, 10.396, 9.592, 9.289, 8.164, 8.58, 9.59, 10.205, 9.502, 7.864, 6.085, 5.051, 5.331, 5.848, 5.943, 4.923, 3.373, 2.827, 4.08, 4.691, 6.289, 7.96, 8.394, 8.897, 9.176, 9.355, 9.646, 7.32, 4.656, 3.37, 2.818, 3.322, 3.035, 4.227, 3.131, 4.394, 5.596, 6.102, 5.495, 5.787, 8.278, 9.155], [2.471, 3.724, 3.074, 2.83, 2.696, 3.387, 4.907, 4.363, 4.144, 3.035, 2.166, 2.221, 2.229, 2.201, 2.369, 2.324, 4.372, 5.414, 4.532, 3.447, 2.629, 2.678, 3.359, 3.071, 2.678, 2.032, 2.808, 2.157, 2.218, 2.292, 2.269, 1.629, 1.814, 2.085, 1.926, 1.66, 1.211, 0.0, 1.256, 1.742, 2.725, 2.556, 1.956, 2.13, 1.469, 2.598, 2.865, 3.122, 4.4, 5.703, 5.642, 5.201, 5.322, 3.767, 2.772, 3.023, 3.019, 4.893, 3.387, 3.375, 3.53, 3.402, 3.32, 3.892, 3.226, 3.333, 2.839, 3.013, 3.619, 3.702, 5.047, 4.741, 5.141, 6.272, 9.156, 9.736, 9.576, 10.178, 10.4, 9.698, 10.16, 9.753, 8.153, 6.885, 5.812, 6.779, 7.198, 7.09, 7.055, 6.995, 6.132, 6.896, 8.391, 10.676, 11.114, 11.102, 10.869, 11.105, 10.941, 10.402, 9.555, 8.767, 9.701, 11.569, 11.643, 10.113, 9.306, 9.013, 7.883, 8.39, 9.396, 10.007, 9.238, 7.599, 5.736, 4.613, 4.931, 5.41, 5.5, 4.436, 3.326, 3.328, 4.412, 4.944, 6.535, 8.197, 8.622, 9.143, 9.406, 9.6, 9.891, 7.566, 4.902, 3.51, 2.732, 2.843, 2.761, 4.597, 3.222, 4.01, 5.143, 5.669, 5.096, 5.294, 7.911, 8.839], [2.142, 2.865, 2.378, 2.221, 2.246, 2.537, 4.038, 3.522, 3.481, 2.358, 2.209, 2.703, 2.703, 2.648, 2.546, 2.744, 4.88, 5.904, 5.162, 3.818, 2.73, 2.896, 3.079, 2.996, 2.368, 1.818, 2.187, 1.773, 1.596, 1.512, 1.59, 1.644, 2.103, 2.213, 2.069, 1.919, 2.051, 1.256, 0.0, 1.144, 2.137, 1.868, 1.585, 1.915, 1.413, 2.533, 2.598, 2.821, 3.882, 5.075, 5.056, 4.779, 4.741, 3.259, 1.959, 2.354, 2.745, 5.279, 3.429, 2.587, 2.91, 2.738, 2.882, 3.273, 2.596, 2.72, 2.112, 2.378, 2.887, 3.217, 4.499, 4.122, 4.414, 5.666, 8.472, 9.139, 8.917, 9.419, 9.6, 8.988, 9.395, 8.838, 7.329, 6.025, 4.986, 6.221, 6.653, 6.566, 6.516, 6.265, 5.351, 6.202, 7.559, 9.779, 10.321, 10.208, 9.961, 10.263, 10.051, 9.519, 8.765, 8.185, 9.103, 10.971, 11.077, 9.618, 8.709, 8.417, 7.379, 7.889, 8.897, 9.511, 8.654, 7.018, 5.241, 4.088, 4.521, 4.86, 4.86, 3.638, 3.02, 3.483, 4.909, 5.356, 6.938, 8.613, 9.075, 9.628, 9.833, 9.995, 10.314, 7.966, 5.298, 3.793, 2.565, 2.447, 2.712, 4.883, 3.102, 3.307, 4.516, 5.024, 4.462, 4.562, 7.34, 8.316], [2.362, 2.605, 2.476, 2.415, 2.52, 2.309, 3.614, 2.999, 2.784, 2.093, 2.257, 2.715, 2.974, 2.943, 2.785, 3.471, 5.616, 6.551, 5.633, 4.186, 3.125, 3.197, 3.047, 2.932, 2.234, 2.002, 2.023, 1.843, 2.231, 1.788