[[0.0, 1.733, 2.346, 4.194, 6.523, 5.675, 5.316, 5.801, 5.81, 4.678, 4.388, 4.233, 4.094, 3.708, 4.796, 5.739, 6.317, 6.316, 6.458, 6.289, 6.231, 6.035, 6.167, 7.206, 7.571, 7.471, 7.007, 4.071, 2.108, 1.526, 1.391, 3.053, 2.68, 2.038, 2.115, 2.328, 2.775, 3.716, 3.209, 2.61, 1.47, 2.067, 2.17, 2.61, 3.772, 4.413, 4.701, 4.61, 5.162, 4.554, 3.33, 2.668, 2.853, 3.738, 3.446, 5.724, 9.066, 10.433, 9.274, 8.318, 9.086, 10.127, 10.494, 10.465, 8.957, 8.039, 8.469, 9.31, 10.412, 11.068, 11.47, 11.196, 11.198, 11.124, 11.274, 12.415, 11.735, 12.141, 13.12, 12.984, 12.402, 10.24, 7.999, 6.375, 5.644, 5.688, 5.109, 2.979, 3.009, 2.725, 2.878, 3.9, 4.578, 5.061, 5.533, 5.378, 4.008, 1.688, 1.198, 1.315, 1.57, 1.987, 2.736, 4.398, 5.35, 5.657, 6.11, 5.694, 5.207, 4.978, 4.459, 3.393, 4.055, 3.587, 4.972, 6.066, 4.8, 2.032, 3.45, 6.666, 9.413, 10.073, 9.133, 9.226, 10.978, 12.816, 13.971, 14.067, 15.38, 16.312, 16.445, 16.224, 16.536, 16.652, 17.474, 18.599, 19.06, 18.708, 18.274, 18.401, 17.993, 16.438, 16.065, 15.676, 14.135, 10.231, 7.563, 7.651, 8.327, 7.002, 4.827, 4.718, 5.41, 6.48, 7.5, 6.273, 4.831, 4.513, 2.705, 1.352, 1.452, 1.997, 1.859, 2.115, 4.17, 4.431, 3.256, 3.218, 3.079, 2.328, 3.191, 3.453, 2.023, 2.448, 2.126, 2.431, 3.012, 2.524, 2.803, 2.37, 1.405, 2.515, 5.913, 7.139, 6.021, 6.553, 7.247, 5.304, 5.118, 8.795, 13.178, 15.221, 15.942, 15.533, 15.841, 17.669, 19.463, 20.295, 20.199, 20.118, 19.059, 17.596, 17.159, 17.797, 17.694], [1.733, 0.0, 2.228, 3.185, 5.148, 4.383, 3.96, 4.472, 4.54, 3.39, 3.134, 3.004, 2.763, 3.066, 4.762, 5.728, 6.298, 5.984, 6.243, 5.986, 5.827, 5.515, 5.26, 5.861, 6.319, 6.052, 5.611, 3.415, 2.35, 2.313, 1.81, 4.285, 3.851, 1.484, 1.784, 2.468, 1.725, 2.334, 2.116, 2.495, 2.013, 2.878, 3.168, 3.829, 4.949, 5.657, 5.874, 5.918, 6.471, 5.863, 4.654, 3.617, 3.338, 3.759, 3.032, 4.375, 7.637, 8.988, 7.866, 6.905, 7.713, 8.801, 9.101, 9.086, 7.898, 6.875, 7.378, 8.44, 9.628, 10.158, 10.232, 9.968, 9.719, 9.732, 9.902, 10.992, 10.369, 10.725, 11.676, 11.533, 10.932, 8.77, 6.537, 5.018, 4.312, 4.492, 3.698, 2.592, 3.158, 2.595, 2.015, 2.453, 3.174, 3.665, 4.141, 4.164, 2.737, 1.18, 1.917, 2.029, 2.513, 2.437, 2.54, 3.951, 4.929, 4.858, 5.167, 4.842, 4.41, 4.276, 4.082, 2.946, 2.954, 2.367, 3.768, 4.746, 3.613, 1.704, 2.163, 5.365, 7.995, 8.655, 7.701, 8.137, 9.772, 11.367, 12.519, 12.622, 13.959, 14.888, 15.026, 14.78, 15.114, 15.217, 16.054, 17.165, 17.601, 17.27, 16.876, 17.012, 16.555, 15.033, 14.642, 14.28, 12.779, 8.786, 6.155, 6.232, 6.913, 5.613, 3.4, 3.254, 4.013, 5.188, 6.28, 5.007, 3.549, 3.358, 2.035, 1.474, 1.821, 1.657, 1.545, 1.568, 2.734, 3.005, 2.336, 2.582, 2.077, 1.683, 2.079, 2.453, 1.609, 2.073, 2.043, 1.869, 2.101, 2.305, 2.035, 2.052, 2.086, 2.543, 4.534, 5.849, 4.832, 5.235, 5.973, 3.96, 3.905, 7.448, 11.735, 13.888, 14.548, 14.148, 14.377, 16.228, 18.044, 18.865, 18.776, 18.665, 17.619, 16.163, 15.709, 16.371, 16.264], [2.346, 2.228, 0.0, 2.5, 5.506, 4.718, 3.797, 4.595, 4.776, 3.781, 3.527, 3.247, 3.028, 2.587, 3.241, 4.037, 4.385, 4.331, 4.389, 4.181, 4.223, 4.223, 4.802, 5.885, 6.419, 6.041, 5.393, 2.674, 1.958, 1.965, 2.674, 3.996, 3.587, 2.351, 2.402, 2.543, 2.005, 2.82, 2.543, 2.66, 2.221, 2.818, 2.981, 3.488, 4.562, 5.27, 5.488, 5.576, 6.084, 5.476, 4.215, 3.183, 2.449, 1.961, 1.671, 4.473, 7.653, 8.855, 7.807, 6.898, 7.295, 8.16, 8.519, 8.482, 6.975, 6.07, 6.604, 7.43, 8.456, 9.196, 9.751, 9.436, 9.868, 9.957, 10.247, 11.108, 10.625, 10.727, 11.538, 11.336, 10.76, 8.432, 6.721, 5.277, 3.957, 4.093, 3.443, 1.733, 2.106, 1.626, 2.069, 2.917, 2.848, 3.751, 5.005, 4.781, 3.773, 2.188, 2.709, 2.74, 2.653, 3.46, 3.839, 5.309, 6.328, 6.423, 6.631, 6.316, 5.753, 5.716, 5.715, 4.688, 4.241, 3.342, 4.113, 5.108, 4.602, 2.901, 2.818, 5.776, 8.175, 8.797, 7.942, 7.403, 9.032, 11.284, 12.42, 12.552, 13.913, 15.08, 15.09, 14.614, 15.04, 15.581, 16.304, 17.51, 17.88, 17.451, 16.991, 17.27, 16.77, 15.211, 14.677, 14.626, 13.1, 8.946, 6.184, 6.237, 6.872, 5.559, 4.093, 4.329, 4.837, 6.065, 6.917, 5.629, 4.602, 4.47, 2.485, 1.787, 1.979, 1.755, 1.931, 1.403, 3.121, 3.163, 2.12, 1.921, 2.684, 2.468, 3.389, 3.802, 3.038, 3.651, 3.557, 3.34, 3.673, 3.449, 3.69, 3.647, 2.995, 1.866, 4.792, 6.254, 5.497, 6.041, 6.438, 4.309, 4.163, 7.769, 12.049, 14.245, 14.894, 14.244, 14.292, 16.184, 18.2, 18.931, 18.706, 18.927, 17.784, 16.161, 15.558, 16.266, 16.096], [4.194, 3.185, 2.5, 0.0, 3.374, 2.645, 1.684, 2.53, 2.81, 2.013, 1.944, 1.652, 1.564, 1.038, 2.54, 3.338, 3.663, 3.205, 3.399, 3.093, 2.921, 2.866, 2.926, 3.7, 4.215, 3.942, 3.22, 1.293, 3.271, 3.881, 3.719, 6.001, 5.66, 2.96, 2.838, 3.115, 1.986, 2.053, 1.51, 2.258, 3.411, 4.478, 5.152, 5.523, 6.643, 7.416, 7.569, 7.72, 8.165, 7.557, 6.291, 5.254, 4.263, 2.772, 1.538, 2.581, 5.558, 6.711, 5.676, 4.746, 5.043, 5.944, 6.307, 6.284, 4.865, 3.907, 4.389, 5.448, 6.581, 7.226, 7.648, 7.365, 7.74, 7.748, 8.044, 9.041, 8.514, 8.629, 9.435, 9.202, 8.609, 6.242, 4.642, 3.162, 1.847, 1.939, 1.501, 1.931, 3.539, 2.737, 2.342, 2.123, 1.508, 2.087, 3.478, 3.244, 2.526, 3.046, 4.594, 4.232, 4.387, 4.633, 4.004, 4.521, 5.322, 5.444, 5.836, 5.33, 4.538, 4.726, 5.16, 4.99, 3.529, 2.98, 2.837, 3.199, 2.936, 2.775, 2.77, 3.644, 6.096, 6.766, 5.84, 5.453, 6.862, 9.155, 10.276, 10.45, 11.819, 12.925, 12.963, 12.465, 12.936, 13.51, 14.219, 15.399, 15.812, 15.347, 14.869, 15.078, 14.61, 13.042, 12.558, 12.431, 10.89, 6.819, 4.076, 4.084, 4.714, 3.509, 2.863, 3.337, 3.559, 4.421, 5.229, 4.02, 3.285, 3.442, 2.222, 3.169, 3.881, 3.034, 3.081, 2.389, 2.347, 1.964, 1.433, 1.271, 1.957, 2.567, 3.287, 2.968, 3.418, 3.793, 3.571, 2.936, 3.273, 4.188, 4.286, 4.128, 4.43, 2.718, 2.75, 4.092, 3.706, 4.251, 4.518, 2.41, 2.315, 5.568, 9.855, 12.032, 12.699, 12.036, 12.098, 14.085, 16.045, 16.806, 16.593, 16.772, 15.649, 14.102, 13.461, 14.17, 13.97], [6.523, 5.148, 5.506, 3.374, 0.0, 1.267, 2.212, 1.547, 1.499, 2.285, 2.549, 2.419, 2.623, 3.386, 5.091, 5.452, 4.948, 3.808, 4.282, 4.231, 4.209, 4.012, 2.741, 1.941, 1.628, 1.877, 1.974, 3.345, 6.438, 7.022, 6.516, 9.114, 8.698, 5.19, 5.088, 6.244, 4.729, 3.406, 3.666, 4.526, 6.401, 7.628, 8.09, 8.723, 9.843, 10.583, 10.769, 10.867, 11.365, 10.757, 9.489, 8.454, 7.463, 5.998, 4.661, 2.916, 3.278, 4.564, 3.748, 3.377, 4.254, 5.08, 5.421, 5.172, 4.394, 3.607, 3.939, 5.117, 6.331, 6.639, 6.69, 6.47, 5.549, 5.428, 5.704, 6.294, 5.893, 6.158, 7.438, 7.685, 6.814, 4.63, 1.966, 1.682, 2.475, 2.971, 2.727, 4.853, 6.724, 5.753, 4.758, 3.466, 3.313, 2.389, 2.259, 2.312, 2.777, 4.952, 6.114, 6.175, 6.794, 6.819, 5.614, 4.189, 4.239, 4.126, 4.566, 4.08, 3.437, 3.722, 4.597, 4.903, 3.398, 3.36, 2.667, 1.568, 2.037, 4.761, 3.79, 1.231, 3.3, 3.813, 3.305, 4.647, 6.183, 7.293, 8.22, 8.2, 9.089, 9.887, 10.08, 10.128, 10.174, 10.345, 11.156, 12.219, 12.69, 12.3, 11.88, 12.01, 11.555, 10.053, 9.653, 9.271, 7.814, 4.059, 1.96, 2.552, 2.873, 2.266, 2.741, 3.203, 2.955, 2.866, 2.757, 2.327, 2.694, 2.505, 3.984, 5.765, 6.28, 4.934, 5.271, 4.975, 2.938, 3.119, 3.934, 3.853, 3.548, 4.344, 3.706, 3.369, 4.787, 4.699, 4.93, 4.301, 3.91, 4.787, 4.998, 4.825, 6.372, 5.298, 1.843, 1.721, 1.396, 1.734, 1.832, 1.604, 2.189, 2.953, 6.769, 8.868, 9.589, 9.255, 9.82, 11.651, 13.165, 13.935, 14.02, 13.661, 12.644, 11.3, 10.994, 11.456, 11.578], [5.675, 4.383, 4.718, 2.645, 1.267, 0.0, 1.553, 1.083, 1.403, 1.922, 2.043, 1.764, 1.865, 2.548, 4.169, 4.606, 4.807, 4.0, 4.506, 4.353, 4.246, 4.03, 2.664, 1.903, 2.114, 2.186, 2.072, 2.514, 5.531, 6.161, 5.628, 8.227, 7.789, 4.309, 4.286, 5.423, 3.982, 2.678, 2.821, 3.64, 5.516, 6.746, 7.175, 7.811, 8.93, 9.673, 9.855, 9.957, 10.452, 9.844, 8.576, 7.54, 6.602, 5.124, 4.03, 2.359, 3.624, 4.908, 4.048, 3.258, 4.467, 5.462, 5.794, 5.494, 4.841, 3.928, 4.436, 5.606, 6.824, 7.117, 7.178, 6.966, 6.163, 5.902, 6.393, 6.879, 6.578, 6.707, 7.778, 8.153, 7.176, 4.968, 2.464, 1.513, 2.192, 2.456, 2.02, 4.09, 5.941, 5.017, 4.071, 2.777, 2.68, 1.815, 1.929, 1.604, 2.02, 4.231, 5.508, 5.366, 5.907, 5.973, 4.753, 3.487, 3.713, 3.738, 4.237, 3.693, 2.96, 3.322, 4.169, 4.449, 2.893, 2.693, 1.891, 1.395, 1.608, 3.944, 2.94, 1.665, 3.97, 4.642, 3.906, 5.077, 6.667, 7.613, 8.53, 8.575, 9.795, 10.76, 10.859, 10.591, 10.93, 11.213, 12.017, 13.119, 13.567, 13.183, 12.728, 12.87, 12.433, 10.876, 10.494, 10.147, 8.642, 4.706, 2.355, 2.346, 2.963, 2.012, 2.242, 2.537, 2.324, 2.548, 2.964, 1.984, 2.066, 2.076, 3.311, 4.907, 5.49, 4.334, 4.643, 4.216, 2.526, 2.569, 3.299, 3.076, 2.792, 3.618, 3.256, 2.935, 4.205, 4.154, 4.319, 3.487, 3.395, 4.501, 4.187, 4.282, 5.592, 4.463, 2.184, 2.231, 1.459, 2.088, 2.063, 1.526, 2.058, 3.471, 7.628, 9.767, 10.415, 10.011, 10.25, 12.066, 13.848, 14.699, 14.6, 14.547, 13.479, 12.021, 11.531, 12.171, 12.07], [5.316, 3.96, 3.797, 1.684, 2.212, 1.553, 0.0, 1.416, 1.992, 1.731, 1.944, 1.438, 1.418, 1.771, 3.241, 3.906, 4.054, 3.497, 3.873, 3.672, 3.358, 3.301, 2.35, 2.418, 2.865, 2.692, 2.085, 1.787, 4.529, 5.2, 4.949, 7.197, 6.735, 3.443, 3.637, 4.421, 2.951, 1.995, 2.26, 2.96, 4.509, 5.817, 6.387, 6.813, 7.86, 8.647, 8.775, 9.01, 9.329, 8.669, 7.45, 6.39, 5.381, 3.952, 3.037, 1.978, 4.317, 5.433, 4.461, 3.724, 4.103, 5.174, 5.522, 5.42, 4.351, 3.514, 4.005, 5.147, 6.36, 6.767, 6.937, 6.58, 6.449, 6.669, 6.964, 7.878, 7.381, 7.373, 8.202, 7.963, 7.339, 5.078, 3.436, 2.134, 1.588, 1.784, 1.08, 2.991, 4.729, 3.962, 3.225, 2.003, 1.53, 1.159, 2.314, 2.172, 1.878, 3.921, 5.335, 4.87, 5.234, 5.288, 3.979, 3.619, 4.23, 4.569, 5.007, 4.495, 3.724, 4.048, 4.724, 5.029, 3.325, 2.868, 2.088, 2.153, 2.212, 3.453, 2.902, 2.514, 4.982, 5.635, 4.711, 4.952, 6.313, 7.942, 9.083, 9.086, 10.462, 11.552, 11.598, 11.154, 11.582, 12.388, 13.065, 14.235, 14.593, 14.144, 13.689, 13.85, 13.292, 11.745, 11.304, 11.177, 9.72, 5.538, 2.679, 2.809, 3.486, 2.257, 2.181, 2.484, 2.516, 3.347, 4.018, 2.918, 2.464, 2.609, 2.909, 4.231, 4.865, 3.767, 3.854, 3.442, 2.187, 2.303, 2.589, 2.361, 2.431, 3.335, 3.159, 2.989, 4.031, 4.242, 4.056, 3.325, 3.451, 4.52, 4.317, 4.351, 5.243, 3.948, 2.245, 3.039, 2.704, 3.241, 3.264, 1.655, 1.88, 4.456, 8.647, 10.853, 11.497, 10.913, 10.935, 12.723, 14.789, 15.483, 15.273, 15.511, 14.452, 12.91, 12.216, 12.933, 12.745], [5.801, 4.472, 4.595, 2.53, 1.547, 1.083, 1.416, 0.0, 1.292, 1.664, 1.91, 2.014, 1.978, 2.621, 4.345, 4.746, 4.842, 3.925, 4.217, 4.022, 3.863, 3.689, 2.33, 1.852, 2.262, 2.074, 1.83, 2.59, 5.679, 6.205, 5.835, 8.379, 7.964, 4.456, 4.43, 5.471, 3.928, 2.698, 3.053, 3.738, 5.682, 6.885, 7.341, 7.988, 9.108, 9.817, 10.034, 10.078, 10.631, 10.023, 8.754, 7.719, 6.729, 5.194, 3.667, 2.192, 3.61, 4.799, 3.815, 3.011, 4.035, 5.06, 5.403, 5.2, 4.371, 3.552, 3.947, 5.097, 6.31, 6.637, 6.73, 6.482, 5.897, 5.758, 6.035, 6.913, 6.308, 6.605, 7.555, 7.691, 6.889, 4.681, 2.495, 1.327, 1.842, 2.418, 1.968, 4.105, 5.962, 4.949, 4.019, 2.675, 2.485, 1.587, 2.291, 2.088, 2.295, 4.349, 5.67, 5.689, 6.179, 6.274, 5.023, 3.877, 4.298, 4.234, 4.644, 4.128, 3.349, 3.789, 4.568, 4.952, 3.574, 3.261, 2.381, 1.907, 2.045, 4.139, 3.252, 1.407, 3.796, 4.539, 3.669, 4.489, 6.177, 7.346, 8.293, 8.51, 9.792, 10.824, 10.904, 10.521, 10.924, 11.138, 11.98, 13.127, 13.584, 13.222, 12.757, 12.913, 12.508, 10.91, 10.529, 10.206, 8.67, 4.749, 2.148, 2.381, 2.966, 1.926, 2.468, 2.709, 2.573, 3.14, 3.717, 2.62, 2.34, 2.116, 3.277, 5.075, 5.751, 4.495, 4.795, 4.231, 2.533, 2.362, 2.9, 2.965, 2.938, 3.706, 3.35, 3.207, 4.337, 4.4, 4.409, 3.745, 3.887, 4.856, 4.686, 4.704, 5.667, 4.641, 2.116, 2.15, 1.915, 2.594, 2.342, 1.721, 1.913, 3.39, 7.736, 9.792, 10.474, 9.925, 10.155, 12.082, 13.922, 14.757, 14.58, 14.646, 13.56, 12.041, 11.453, 12.148, 12.0], [5.81, 4.54, 4.776, 2.81, 1.499, 1.403, 1.992, 1.292, 0.0, 1.429, 1.799, 2.058, 2.131, 2.794, 4.615, 5.066, 5.165, 4.23, 4.553, 4.349, 4.165, 3.905, 2.686, 2.587, 2.639, 2.776, 2.741, 2.791, 5.909, 6.435, 6.013, 8.609, 8.194, 4.799, 4.728, 5.7, 4.143, 3.124, 3.208, 3.917, 5.887, 7.115, 7.554, 8.216, 9.338, 10.047, 10.264, 10.308, 10.861, 10.253, 8.984, 7.949, 6.959, 5.495, 3.918, 2.562, 3.992, 5.137, 4.404, 3.554, 4.772, 5.815, 6.158, 5.879, 5.09, 4.056, 4.588, 5.658, 6.859, 7.349, 7.404, 7.155, 6.384, 6.23, 6.53, 7.017, 6.578, 6.923, 8.142, 8.397, 7.538, 5.353, 2.611, 1.849, 2.142, 2.658, 2.183, 4.298, 6.157, 5.004, 4.043, 2.888, 2.567, 2.159, 2.537, 2.389, 2.733, 4.417, 5.545, 5.749, 6.349, 6.377, 5.313, 4.272, 4.303, 4.174, 4.523, 3.997, 3.276, 3.611, 4.184, 4.587, 3.258, 3.019, 2.464, 1.953, 2.205, 4.209, 3.451, 1.773, 3.81, 4.484, 4.098, 5.262, 6.888, 8.009, 8.894, 8.936, 9.903, 10.746, 10.801, 10.672, 10.862, 11.022, 11.876, 13.004, 13.468, 13.114, 12.658, 12.801, 12.398, 10.813, 10.436, 10.082, 8.548, 4.911, 2.608, 2.926, 3.38, 2.256, 2.448, 2.983, 3.05, 3.241, 3.628, 2.705, 2.634, 2.443, 3.28, 5.225, 5.868, 4.485, 4.855, 4.327, 2.409, 2.288, 2.992, 3.152, 3.0, 3.634, 3.437, 3.077, 4.225, 4.142, 4.293, 3.814, 3.55, 4.471, 4.834, 4.449, 5.762, 4.739, 2.329, 2.772, 1.875, 2.487, 2.256, 1.592, 1.639, 3.74, 7.762, 9.647, 10.35, 9.895, 10.37, 12.241, 13.826, 14.654, 14.627, 14.524, 13.449, 11.978, 11.562, 12.1, 12.113], [4.678, 3.39, 3.781, 2.013, 2.285, 1.922, 1.731, 1.664, 1.429, 0.0, 0.782, 1.264, 1.346, 1.958, 3.837, 4.498, 4.903, 4.112, 4.414, 4.143, 3.952, 3.755, 2.897, 3.192, 3.527, 3.411, 3.211, 2.264, 4.888, 5.415, 4.973, 7.589, 7.174, 3.87, 3.843, 4.684, 3.147, 2.427, 2.207, 2.909, 4.858, 6.094, 6.529, 7.185, 8.318, 9.027, 9.244, 9.288, 9.84, 9.232, 7.964, 6.929, 5.938, 4.502, 3.022, 2.237, 4.873, 6.24, 5.048, 4.239, 5.35, 6.416, 6.738, 6.628, 5.626, 4.583, 5.101, 6.172, 7.365, 7.883, 7.947, 7.658, 6.917, 6.94, 6.935, 8.103, 7.397, 7.847, 8.942, 8.995, 8.287, 6.161, 3.639, 2.215, 2.184, 2.532, 1.686, 3.277, 5.154, 4.099, 3.081, 2.23, 1.902, 1.717, 2.537, 2.787, 1.966, 3.129, 4.272, 4.629, 5.269, 5.283, 4.423, 4.021, 4.543, 4.259, 4.506, 3.998, 3.29, 3.573, 3.967, 4.237, 2.933, 2.799, 2.578, 2.441, 2.097, 3.17, 2.946, 2.327, 5.049, 5.706, 4.785, 5.858, 7.458, 8.698, 9.792, 9.891, 11.044, 11.933, 12.118, 11.955, 12.235, 12.144, 13.065, 14.1, 14.593, 14.297, 13.922, 14.007, 13.595, 12.095, 11.724, 11.144, 9.73, 5.842, 3.31, 3.576, 4.082, 2.735, 2.158, 2.816, 2.995, 3.635, 4.324, 3.264, 2.609, 2.215, 2.234, 4.195, 4.737, 3.335, 3.7, 3.341, 1.754, 1.662, 2.083, 2.185, 1.85, 2.404, 2.453, 2.279, 3.103, 3.111, 3.028, 2.874, 2.82, 3.66, 4.051, 3.776, 4.627, 3.712, 2.151, 3.085, 2.56, 3.137, 3.112, 1.508, 1.448, 4.481, 8.709, 10.704, 11.418, 11.198, 11.622, 13.395, 15.148, 15.963, 15.897, 15.619, 14.703, 13.276, 12.893, 13.491, 13.409], [4.388, 3.134, 3.527, 1.944, 2.549, 2.043, 1.944, 1.91, 1.799, 0.782, 0.0, 1.342, 1.135, 1.822, 3.942, 4.615, 4.995, 4.404, 4.703, 4.426, 4.225, 3.97, 3.351, 3.457, 3.772, 3.736, 3.515, 2.344, 4.598, 5.133, 4.688, 7.299, 6.883, 3.568, 3.519, 4.4, 2.867, 2.132, 2.031, 2.878, 4.581, 5.804, 6.243, 6.908, 8.028, 8.736, 8.953, 8.997, 9.55, 8.942, 7.674, 6.638, 5.648, 4.169, 2.802, 2.334, 5.18, 6.547, 5.429, 4.571, 5.743, 6.792, 7.133, 6.946, 6.045, 4.994, 5.534, 6.604, 7.805, 8.304, 8.363, 8.099, 7.305, 7.268, 7.327, 8.447, 7.76, 8.201, 9.271, 9.369, 8.607, 6.483, 3.995, 2.544, 2.437, 2.734, 1.854, 3.009, 4.876, 3.873, 2.885, 1.998, 1.894, 1.921, 2.64, 2.857, 1.927, 2.831, 4.043, 4.35, 4.979, 4.992, 4.073, 3.829, 4.506, 4.157, 4.39, 3.888, 3.257, 3.383, 3.636, 3.762, 2.618, 2.405, 2.493, 2.547, 2.142, 2.89, 2.556, 2.733, 5.406, 6.074, 5.142, 6.233, 7.851, 9.038, 10.106, 10.203, 11.404, 12.307, 12.477, 12.298, 12.577, 12.503, 13.437, 14.473, 14.981, 14.676, 14.296, 14.385, 13.966, 12.46, 12.083, 11.439, 10.104, 6.208, 3.721, 3.877, 4.412, 3.057, 2.068, 2.658, 2.961, 3.758, 4.447, 3.364, 2.609, 2.224, 1.95, 3.894, 4.446, 3.085, 3.424, 3.101, 1.7, 1.563, 1.969, 2.02, 1.657, 2.159, 2.167, 2.086, 2.884, 2.791, 2.694, 2.524, 2.505, 3.315, 3.639, 3.394, 4.363, 3.558, 2.464, 3.303, 2.735, 3.236, 3.215, 1.57, 1.706, 4.866, 9.068, 10.962, 11.735, 11.558, 11.96, 13.731, 15.505, 16.321, 16.24, 15.999, 15.062, 13.63, 13.238, 13.85, 13.763], [4.233, 3.004, 3.247, 1.652, 2.419, 1.764, 1.438, 2.014, 2.058, 1.264, 1.342, 0.0, 0.896, 1.437, 3.221, 3.998, 4.564, 3.911, 4.388, 4.072, 3.896, 3.688, 2.738, 3.276, 3.552, 3.543, 3.17, 1.54, 4.094, 4.664, 4.198, 6.766, 6.346, 2.935, 3.015, 3.937, 2.505, 1.792, 1.484, 2.316, 4.076, 5.304, 5.755, 6.369, 7.489, 8.239, 8.415, 8.523, 9.011, 8.403, 7.135, 6.1, 5.148, 3.846, 2.746, 1.995, 5.028, 6.365, 5.212, 4.355, 5.343, 6.426, 6.701, 6.707, 5.462, 4.475, 4.957, 6.011, 7.19, 7.717, 7.804, 7.473, 7.078, 7.125, 7.321, 8.343, 7.777, 8.069, 9.072, 9.039, 8.413, 6.282, 3.866, 2.545, 2.044, 2.276, 1.533, 2.635, 4.461, 3.528, 2.55, 1.785, 1.587, 1.533, 2.339, 2.452, 1.515, 2.784, 4.081, 3.876, 4.453, 4.481, 3.651, 3.371, 4.121, 4.15, 4.511, 4.039, 3.334, 3.401, 3.905, 4.117, 2.499, 2.211, 1.923, 2.237, 1.853, 2.522, 2.478, 2.827, 5.41, 6.05, 5.083, 5.882, 7.387, 8.785, 9.97, 10.042, 11.182, 12.126, 12.252, 12.115, 12.332, 12.654, 13.387, 14.548, 14.954, 14.56, 14.133, 14.245, 13.809, 12.271, 11.869, 11.561, 10.058, 6.047, 3.458, 3.7, 4.247, 2.827, 1.942, 2.475, 2.763, 3.398, 4.047, 2.87, 2.185, 2.248, 1.921, 3.473, 4.061, 2.756, 3.138, 2.755, 1.551, 1.82, 2.093, 1.868, 1.454, 2.14, 2.304, 1.968, 2.778, 3.134, 2.891, 2.574, 2.543, 3.634, 3.564, 3.478, 4.152, 3.078, 2.253, 3.351, 2.642, 3.038, 3.379, 1.448, 1.607, 4.827, 9.037, 11.199, 11.829, 11.434, 11.822, 13.562, 15.293, 16.1, 16.086, 15.934, 14.855, 13.453, 13.063, 13.621, 13.56], [4.094, 2.763, 3.028, 1.564, 2.623, 1.865, 1.418, 1.978, 2.131, 1.346, 1.135, 0.896, 0.0, 1.39, 3.397, 4.263, 4.692, 4.04, 4.471, 4.232, 4.038, 3.787, 2.943, 3.248, 3.628, 3.467, 3.108, 1.693, 3.918, 4.529, 4.05, 6.612, 6.184, 2.801, 2.802, 3.766, 2.289, 1.448, 1.47, 2.384, 3.921, 5.154, 5.598, 6.222, 7.328, 8.063, 8.254, 8.356, 8.851, 8.243, 6.974, 5.939, 4.949, 3.558, 2.512, 1.958, 5.061, 6.371, 5.234, 4.409, 5.38, 6.456, 6.75, 6.698, 5.633, 4.584, 5.127, 6.206, 7.408, 7.891, 7.952, 7.682, 7.235, 7.189, 7.455, 8.428, 7.847, 8.087, 9.097, 9.043, 8.395, 6.262, 4.027, 2.541, 2.091, 2.363, 1.468, 2.4, 4.282, 3.32, 2.33, 1.401, 1.395, 1.509, 2.496, 2.48, 1.596, 2.652, 4.055, 3.796, 4.341, 4.346, 3.341, 3.378, 4.248, 4.276, 4.609, 4.168, 3.546, 3.452, 3.814, 3.931, 2.349, 1.944, 1.938, 2.389, 2.035, 2.368, 2.064, 2.939, 5.501, 6.174, 5.22, 5.951, 7.451, 8.782, 9.956, 10.03, 11.306, 12.308, 12.415, 12.171, 12.473, 12.814, 13.556, 14.71, 15.139, 14.726, 14.251, 14.414, 13.994, 12.404, 12.013, 11.734, 10.216, 6.232, 3.516, 3.614, 4.258, 2.94, 2.009, 2.36, 2.766, 3.571, 4.315, 3.133, 2.407, 2.399, 1.718, 3.256, 3.899, 2.68, 2.917, 2.546, 1.406, 1.343, 1.74, 1.536, 1.405, 2.069, 2.113, 1.99, 2.738, 2.956, 2.826, 2.27, 2.331, 3.358, 3.402, 3.267, 4.021, 3.142, 2.405, 3.435, 2.787, 3.335, 3.6, 1.482, 1.569, 4.909, 9.236, 11.361, 12.008, 11.565, 11.827, 13.616, 15.485, 16.261, 16.122, 16.148, 15.067, 13.537, 13.109, 13.752, 13.652], [3.708, 3.066, 2.587, 1.038, 3.386, 2.548, 1.771, 2.621, 2.794, 1.958, 1.822, 1.437, 1.39, 0.0, 2.494, 3.177, 3.732, 3.23, 3.595, 3.34, 3.15, 2.913, 2.817, 3.704, 4.133, 3.929, 3.418, 1.09, 3.194, 3.925, 3.662, 5.936, 5.51, 2.812, 2.794, 3.212, 2.243, 2.186, 1.493, 1.835, 3.346, 4.538, 5.008, 5.504, 6.594, 7.302, 7.528, 7.608, 8.116, 7.508, 6.24, 5.249, 4.276, 2.919, 1.884, 2.642, 5.622, 6.826, 5.764, 4.879, 5.41, 6.44, 6.81, 6.775, 5.293, 4.383, 4.827, 5.693, 6.837, 7.46, 7.788, 7.593, 7.818, 7.867, 8.162, 9.096, 8.559, 8.665, 9.517, 9.383, 8.743, 6.561, 4.654, 3.21, 1.974, 2.147, 1.733, 2.022, 3.736, 2.858, 2.281, 2.156, 1.728, 2.135, 3.38, 3.103, 2.262, 2.765, 4.224, 3.854, 4.117, 4.274, 3.758, 4.154, 4.93, 5.146, 5.611, 5.106, 4.356, 4.443, 4.836, 4.764, 3.272, 2.779, 2.606, 3.112, 2.873, 2.482, 2.807, 3.673, 6.144, 6.824, 5.891, 5.717, 7.315, 9.223, 10.377, 10.516, 11.883, 12.984, 13.022, 12.613, 13.004, 13.549, 14.23, 15.427, 15.801, 15.366, 14.926, 15.137, 14.669, 13.091, 12.622, 12.467, 10.98, 6.878, 4.102, 4.137, 4.811, 3.534, 2.884, 3.31, 3.575, 4.362, 5.022, 3.887, 3.174, 3.179, 1.98, 2.917, 3.477, 2.866, 2.878, 2.449, 2.416, 2.056, 1.612, 1.247, 1.613, 2.329, 3.159, 2.686, 3.095, 3.508, 3.216, 2.8, 3.097, 4.193, 4.206, 4.048, 4.2, 2.554, 2.725, 4.069, 3.528, 4.147, 4.414, 2.359, 2.332, 5.672, 9.948, 12.121, 12.758, 12.173, 12.288, 14.16, 16.112, 16.866, 16.659, 16.831, 15.714, 14.138, 13.6, 14.26, 14.124], [4.796, 4.762, 3.241, 2.54, 5.091, 4.169, 3.241, 4.345, 4.615, 3.837, 3.942, 3.221, 3.397, 2.494, 0.0, 1.447, 2.214, 2.291, 2.273, 2.465, 2.866, 3.723, 4.388, 5.333, 5.767, 5.479, 4.716, 2.353, 2.886, 3.726, 4.903, 5.165, 4.903, 4.487, 4.156, 3.829, 3.522, 3.793, 3.044, 2.794, 4.244, 3.855, 4.217, 4.438, 4.977, 5.642, 5.695, 6.102, 6.336, 5.681, 4.502, 3.717, 3.319, 2.14, 2.543, 4.663, 7.177, 8.394, 7.306, 6.504, 6.521, 7.138, 7.536, 7.472, 5.828, 4.874, 5.753, 6.553, 7.337, 8.482, 9.222, 8.897, 9.462, 9.595, 9.895, 10.796, 10.356, 10.309, 11.008, 10.847, 10.138, 7.812, 6.394, 5.018, 3.567, 3.168, 2.81, 2.625, 2.731, 2.914, 3.522, 3.87, 3.02, 3.665, 4.711, 4.22, 3.689, 4.289, 5.22, 4.769, 4.668, 5.404, 5.215, 5.404, 6.091, 6.508, 7.013, 6.488, 5.673, 5.883, 6.422, 6.556, 4.968, 4.493, 3.913, 4.509, 4.101, 4.066, 4.342, 5.504, 7.974, 8.592, 7.702, 6.925, 8.296, 10.868, 12.05, 12.033, 13.438, 14.646, 14.632, 13.963, 14.582, 15.379, 16.027, 17.249, 17.573, 17.123, 16.652, 16.872, 16.34, 14.777, 14.256, 14.222, 12.72, 8.488, 5.71, 5.741, 6.372, 5.099, 4.387, 4.804, 4.861, 5.536, 6.197, 5.067, 4.545, 4.651, 3.706, 4.113, 4.368, 3.976, 3.977, 3.689, 4.146, 4.134, 3.616, 2.973, 3.277, 3.896, 4.869, 4.375, 4.7, 5.146, 4.876, 4.321, 4.84, 5.696, 5.927, 5.74, 5.643, 2.701, 4.438, 5.9, 4.99, 5.52, 6.086, 4.205, 4.192, 7.447, 11.67, 13.865, 14.5, 13.897, 13.887, 15.714, 17.778, 18.5, 18.239, 18.491, 17.377, 15.729, 15.105, 15.795, 15.531], [5.739, 5.728, 4.037, 3.338, 5.452, 4.606, 3.906, 4.746, 5.066, 4.498, 4.615, 3.998, 4.263, 3.177, 1.447, 0.0, 1.658, 2.344, 2.101, 2.639, 3.302, 4.078, 4.782, 5.713, 6.133, 5.774, 5.007, 3.025, 3.823, 4.587, 5.954, 6.008, 5.785, 5.438, 5.161, 4.643, 4.552, 4.871, 4.041, 3.864, 5.205, 4.805, 5.108, 5.391, 5.642, 5.71, 6.063, 6.051, 6.694, 5.635, 4.944, 4.434, 4.07, 2.853, 3.363, 5.346, 7.436, 8.726, 7.679, 6.917, 6.828, 7.412, 7.695, 7.741, 5.963, 5.172, 6.169, 6.765, 7.548, 8.741, 9.587, 9.239, 9.818, 9.973, 10.293, 11.096, 10.678, 10.599, 11.189, 11.148, 10.388, 8.119, 6.699, 5.407, 3.974, 3.826, 3.545, 3.599, 3.569, 3.861, 4.402, 4.821, 4.043, 4.568, 5.672, 5.07, 4.768, 5.238, 6.153, 5.738, 5.619, 6.47, 6.22, 6.53, 7.065, 7.562, 8.113, 7.597, 6.784, 7.048, 7.491, 7.535, 5.99, 5.524, 5.052, 5.301, 5.154, 5.07, 5.324, 5.824, 8.295, 8.913, 8.023, 7.246, 8.697, 11.193, 12.349, 12.282, 13.695, 15.013, 14.942, 14.255, 14.903, 15.7, 16.359, 17.566, 17.869, 17.432, 16.99, 17.259, 16.706, 15.143, 14.617, 14.593, 13.111, 8.843, 6.042, 6.179, 6.805, 5.61, 5.508, 5.965, 5.79, 6.337, 6.996, 5.863, 5.622, 5.601, 4.697, 5.056, 5.248, 4.835, 4.962, 4.641, 5.157, 5.009, 4.484, 3.808, 4.261, 4.853, 5.863, 5.384, 5.67, 6.123, 5.893, 5.357, 5.894, 6.686, 6.981, 6.738, 6.541, 3.594, 4.785, 6.22, 5.564, 6.167, 6.449, 4.984, 5.055, 7.802, 12.06, 14.255, 14.888, 14.297, 14.287, 16.063, 18.15, 18.846, 18.59, 18.858, 17.72, 15.967, 15.405, 16.136, 15.749], [6.317, 6.298, 4.385, 3.663, 4.948, 4.807, 4.054, 4.842, 5.165, 4.903, 4.995, 4.564, 4.692, 3.732, 2.214, 1.658, 0.0, 1.787, 1.463, 2.017, 2.567, 3.337, 4.315, 5.002, 5.481, 5.123, 4.444, 3.584, 4.551, 5.094, 6.534, 6.417, 6.131, 6.021, 5.707, 5.225, 4.871, 5.251, 4.713, 4.698, 5.649, 5.388, 5.514, 5.8, 6.317, 6.481, 6.722, 7.098, 7.406, 6.211, 5.616, 4.91, 4.51, 3.138, 3.759, 5.443, 6.704, 8.002, 6.951, 6.437, 6.096, 6.567, 6.942, 6.993, 5.244, 4.632, 5.546, 6.123, 7.002, 8.09, 8.853, 8.493, 9.029, 9.301, 9.472, 10.451, 10.035, 9.906, 10.469, 10.368, 9.464, 7.351, 6.127, 5.293, 3.675, 3.552, 3.797, 3.908, 3.84, 4.168, 4.94, 5.349, 4.318, 4.929, 6.055, 5.764, 5.457, 5.831, 6.744, 6.314, 6.217, 7.127, 6.824, 7.199, 7.858, 8.3, 8.682, 8.171, 7.386, 7.81, 8.288, 8.311, 6.651, 6.202, 5.672, 5.45, 5.682, 5.799, 5.878, 5.4, 7.672, 8.303, 7.415, 6.642, 8.048, 10.526, 11.744, 11.501, 12.8, 14.14, 14.064, 13.466, 14.139, 15.095, 15.723, 16.923, 17.239, 16.777, 16.348, 16.546, 15.87, 14.375, 13.919, 13.81, 12.381, 8.09, 5.365, 5.762, 6.276, 5.805, 5.755, 6.243, 6.083, 6.741, 7.064, 6.388, 6.223, 6.41, 5.299, 5.594, 5.68, 5.188, 5.251, 4.983, 5.562, 5.362, 4.804, 4.188, 4.964, 5.482, 6.509, 6.179, 6.472, 6.834, 6.678, 5.934, 6.52, 6.933, 7.445, 7.171, 7.006, 4.122, 4.192, 5.645, 5.65, 6.276, 6.265, 5.269, 5.284, 7.163, 11.349, 13.426, 14.071, 13.518, 13.57, 15.297, 17.34, 18.034, 17.706, 18.038, 17.071, 15.316, 14.698, 15.434, 15.018], [6.316, 5.984, 4.331, 3.205, 3.808, 4.0, 3.497, 3.925, 4.23, 4.112, 4.404, 3.911, 4.04, 3.23, 2.291, 2.344, 1.787, 0.0, 1.199, 1.531, 2.157, 2.662, 3.354, 4.07, 4.255, 3.89, 3.566, 3.121, 4.703, 5.411, 6.246, 6.778, 6.401, 5.613, 5.238, 5.213, 4.63, 4.76, 4.253, 4.176, 5.769, 5.709, 5.833, 6.343, 6.928, 7.411, 7.655, 7.898, 8.272, 7.536, 6.375, 5.459, 5.062, 3.481, 3.534, 4.593, 5.453, 6.579, 5.903, 5.57, 5.331, 5.707, 6.03, 5.99, 4.43, 3.74, 4.36, 4.889, 5.859, 6.839, 7.442, 7.123, 7.553, 7.737, 8.06, 8.917, 8.5, 8.374, 9.125, 8.913, 8.307, 6.062, 4.78, 4.116, 2.836, 3.014, 3.255, 3.806, 4.209, 4.195, 4.609, 4.824, 3.705, 4.236, 5.48, 5.065, 4.9, 5.716, 6.73, 6.334, 6.272, 6.978, 6.535, 6.684, 7.23, 7.685, 8.137, 7.616, 6.822, 7.19, 7.744, 7.879, 6.166, 5.717, 5.203, 4.728, 5.035, 5.46, 5.518, 4.207, 6.122, 6.741, 5.851, 5.164, 6.78, 8.998, 10.221, 10.117, 11.474, 12.714, 12.661, 12.169, 12.66, 13.528, 14.181, 15.378, 15.673, 15.265, 14.803, 15.017, 14.459, 12.898, 12.412, 12.331, 10.879, 6.579, 4.095, 4.737, 5.159, 4.821, 5.156, 5.71, 5.507, 6.064, 6.06, 5.567, 5.573, 5.65, 4.757, 5.403, 5.658, 5.087, 5.031, 4.803, 4.886, 4.429, 4.111, 3.64, 4.388, 5.273, 6.028, 5.688, 6.131, 6.574, 6.257, 5.717, 6.078, 6.843, 7.064, 6.852, 6.961, 4.096, 2.988, 4.152, 4.455, 5.256, 5.51, 4.648, 4.442, 5.596, 9.827, 12.017, 12.657, 12.073, 12.096, 13.843, 15.898, 16.595, 16.303, 16.58, 15.492, 13.844, 13.198, 13.946, 13.701], [6.458, 6.243, 4.389, 3.399, 4.282, 4.506, 3.873, 4.217, 4.553, 4.414, 4.703, 4.388, 4.471, 3.595, 2.273, 2.101, 1.463, 1.199, 0.0, 1.133, 1.95, 2.74, 3.534, 4.416, 4.704, 4.198, 3.823, 3.423, 4.643, 5.219, 6.6, 6.79, 6.65, 6.1, 5.672, 5.359, 4.973, 5.232, 4.605, 4.499, 5.967, 5.628, 5.988, 6.285, 6.8, 7.093, 7.334, 7.491, 8.089, 7.228, 6.179, 5.48, 5.087, 3.515, 3.366, 4.875, 5.829, 6.988, 6.1, 5.752, 5.547, 5.823, 6.113, 6.15, 4.426, 3.719, 4.427, 5.139, 5.79, 7.009, 7.828, 7.487, 8.044, 8.146, 8.457, 9.272, 8.828, 8.875, 9.575, 9.452, 8.756, 6.415, 5.11, 4.312, 2.987, 3.361, 3.721, 4.02, 4.244, 4.222, 4.862, 5.132, 4.153, 4.758, 6.065, 5.649, 5.312, 5.872, 6.875, 6.65, 6.523, 7.305, 7.148, 7.339, 7.927, 8.217, 8.638, 8.123, 7.319, 7.661, 8.131, 8.238, 6.695, 6.228, 5.73, 5.292, 5.515, 5.727, 5.893, 4.499, 6.425, 7.043, 6.154, 5.395, 6.903, 9.423, 10.553, 10.648, 12.045, 13.251, 13.235, 12.591, 13.184, 13.831, 14.516, 15.702, 16.063, 15.625, 15.169, 15.45, 14.944, 13.384, 12.844, 12.807, 11.29, 7.108, 4.755, 5.111, 5.509, 5.23, 5.678, 6.216, 6.069, 6.656, 6.776, 6.177, 6.062, 6.073, 5.134, 5.675, 5.988, 5.385, 5.433, 4.985, 5.265, 4.588, 4.28, 3.946, 4.731, 5.484, 6.385, 6.072, 6.417, 6.851, 6.611, 6.039, 6.531, 7.102, 7.554, 7.257, 7.111, 4.296, 3.312, 4.524, 5.054, 5.815, 5.925, 5.013, 4.786, 5.964, 10.261, 12.437, 13.077, 12.459, 12.452, 14.311, 16.372, 17.077, 16.855, 17.095, 15.948, 14.279, 13.687, 14.409, 14.14], [6.289, 5.986, 4.181, 3.093, 4.231, 4.353, 3.672, 4.022, 4.349, 4.143, 4.426, 4.072, 4.232, 3.34, 2.465, 2.639, 2.017, 1.531, 1.133, 0.0, 1.255, 1.865, 2.854, 4.089, 4.413, 4.001, 3.742, 3.251, 4.55, 5.176, 6.306, 6.8, 6.578, 5.833, 5.372, 5.25, 4.65, 4.934, 4.309, 4.259, 5.811, 5.471, 5.89, 6.194, 7.053, 7.65, 7.839, 8.008, 8.428, 7.818, 6.568, 5.655, 5.09, 3.483, 3.166, 4.339, 5.283, 6.382, 5.504, 4.996, 4.969, 5.39, 5.713, 5.76, 4.096, 3.364, 3.966, 4.699, 5.368, 6.473, 7.229, 6.935, 7.422, 7.515, 7.81, 8.702, 8.241, 8.278, 9.048, 8.87, 8.254, 5.889, 4.46, 4.056, 2.661, 3.248, 3.628, 3.803, 4.261, 4.006, 4.654, 4.851, 3.801, 4.49, 5.912, 5.558, 5.119, 5.699, 6.709, 6.446, 6.302, 7.055, 6.924, 7.158, 7.802, 8.028, 8.444, 7.929, 7.111, 7.415, 7.93, 7.993, 6.408, 5.937, 5.515, 5.063, 5.271, 5.488, 5.65, 4.275, 5.848, 6.46, 5.612, 4.795, 6.33, 8.813, 9.955, 10.094, 11.476, 12.634, 12.645, 12.114, 12.594, 13.239, 13.914, 15.131, 15.499, 15.038, 14.565, 14.818, 14.322, 12.761, 12.234, 12.162, 10.661, 6.501, 4.376, 4.899, 5.31, 4.944, 5.395, 5.964, 5.9, 6.554, 6.758, 6.081, 5.838, 5.981, 4.902, 5.456, 5.794, 5.18, 5.211, 4.687, 4.869, 4.079, 3.948, 3.696, 4.508, 5.271, 6.149, 5.83, 6.176, 6.614, 6.365, 5.761, 6.264, 6.864, 7.257, 6.927, 6.923, 4.104, 2.977, 4.397, 5.058, 5.744, 5.767, 4.772, 4.412, 5.331, 9.62, 11.806, 12.43, 11.808, 11.819, 13.73, 15.754, 16.486, 16.25, 16.481, 15.337, 13.716, 13.118, 13.815, 13.61], [6.231, 5.827, 4.223, 2.921, 4.209, 4.246, 3.358, 3.863, 4.165, 3.952, 4.225, 3.896, 4.038, 3.15, 2.866, 3.302, 2.567, 2.157, 1.95, 1.255, 0.0, 1.401, 2.241, 3.796, 4.127, 3.683, 3.45, 3.153, 4.745, 5.466, 6.165, 6.925, 6.603, 5.577, 5.316, 5.221, 4.344, 4.667, 4.191, 4.095, 5.576, 5.498, 6.143, 6.432, 7.418, 8.223, 8.31, 8.643, 8.902, 8.239, 7.029, 5.967, 5.193, 3.577, 3.096, 3.837, 5.0, 5.936, 5.005, 4.505, 4.473, 4.783, 5.258, 5.187, 3.661, 3.33, 3.611, 4.282, 5.184, 6.121, 6.764, 6.437, 6.938, 7.096, 7.323, 8.377, 7.847, 7.882, 8.629, 8.34, 7.648, 5.36, 4.217, 3.914, 2.421, 2.716, 3.237, 3.697, 4.332, 3.873, 4.387, 4.562, 3.503, 4.089, 5.491, 5.347, 4.963, 5.602, 6.619, 6.288, 6.283, 6.806, 6.57, 6.844, 7.542, 7.796, 8.136, 7.622, 6.846, 7.274, 7.775, 7.832, 6.145, 5.643, 5.24, 4.845, 5.102, 5.37, 5.509, 4.135, 5.471, 6.143, 5.242, 4.591, 5.95, 8.418, 9.591, 9.64, 10.896, 11.983, 12.041, 11.567, 12.142, 12.899, 13.56, 14.726, 15.07, 14.636, 14.185, 14.342, 13.704, 12.157, 11.774, 11.629, 10.176, 6.023, 4.06, 4.591, 5.098, 4.694, 4.846, 5.381, 5.518, 6.24, 6.558, 5.771, 5.576, 5.815, 4.721, 5.303, 5.649, 5.03, 4.932, 4.587, 4.586, 3.847, 3.773, 3.502, 4.31, 5.161, 5.99, 5.663, 6.032, 6.484, 6.21, 5.577, 5.888, 6.555, 6.843, 6.635, 6.851, 4.213, 2.82, 4.227, 5.121, 5.717, 5.615, 4.611, 4.256, 5.039, 9.245, 11.335, 11.957, 11.378, 11.376, 13.231, 15.225, 15.889, 15.746, 15.936, 14.938, 13.377, 12.718, 13.39, 13.19], [6.035, 5.515, 4.223, 2.866, 4.012, 4.03, 3.301, 3.689, 3.905, 3.755, 3.97, 3.688, 3.787, 2.913, 3.723, 4.078, 3.337, 2.662, 2.74, 1.865, 1.401, 0.0, 1.755, 3.447, 3.832, 3.469, 3.463, 3.043, 4.907, 5.677, 5.887, 7.549, 7.117, 5.326, 5.003, 5.228, 4.218, 4.43, 3.896, 4.019, 5.496, 6.13, 6.598, 7.128, 8.182, 8.989, 9.085, 9.329, 9.667, 9.005, 7.794, 6.707, 5.788, 4.213, 3.238, 3.37, 4.494, 5.242, 4.307, 3.947, 4.264, 4.464, 5.046, 4.959, 3.524, 3.227, 3.439, 3.868, 4.779, 5.62, 6.074, 5.736, 6.135, 6.306, 6.562, 7.583, 7.071, 7.109, 7.941, 7.595, 6.988, 4.76, 3.601, 3.551, 2.25, 2.877, 3.253, 3.585, 4.948, 4.117, 4.26, 4.323, 3.316, 3.898, 5.314, 5.117, 4.742, 5.268, 6.56, 6.17, 6.267, 6.595, 6.323, 6.624, 7.376, 7.635, 7.989, 7.472, 6.68, 7.071, 7.539, 7.549, 5.881, 5.381, 5.033, 4.672, 4.891, 5.059, 5.319, 3.793, 4.773, 5.421, 4.59, 3.926, 5.503, 7.673, 8.854, 8.889, 10.146, 11.228, 11.279, 10.914, 11.369, 12.116, 12.774, 13.935, 14.281, 13.851, 13.396, 13.55, 12.939, 11.395, 11.006, 10.852, 9.389, 5.239, 3.539, 4.306, 4.801, 4.492, 4.655, 5.214, 5.338, 6.019, 6.283, 5.581, 5.424, 5.649, 4.464, 5.145, 5.415, 4.891, 4.799, 4.346, 4.242, 3.506, 3.491, 3.32, 4.067, 4.884, 5.725, 5.407, 5.73, 6.18, 5.938, 5.267, 5.605, 6.244, 6.584, 6.349, 6.586, 4.222, 2.533, 4.019, 4.793, 5.407, 5.427, 4.383, 3.969, 4.298, 8.419, 10.559, 11.183, 10.593, 10.637, 12.477, 14.453, 15.119, 14.994, 15.17, 14.148, 12.621, 11.946, 12.636, 12.479], [6.167, 5.26, 4.802, 2.926, 2.741, 2.664, 2.35, 2.33, 2.686, 2.897, 3.351, 2.738, 2.943, 2.817, 4.388, 4.782, 4.315, 3.354, 3.534, 2.854, 2.241, 1.755, 0.0, 2.43, 2.774, 2.333, 2.376, 2.891, 5.739, 6.368, 6.184, 8.41, 7.97, 4.767, 4.785, 5.728, 4.46, 3.671, 3.609, 3.989, 5.909, 7.004, 7.465, 8.072, 9.106, 9.861, 10.031, 10.176, 10.628, 10.02, 8.752, 7.717, 6.726, 5.192, 3.873, 2.564, 3.566, 4.374, 3.381, 2.848, 3.668, 4.312, 4.562, 4.546, 3.226, 2.869, 2.98, 3.503, 4.608, 5.208, 5.519, 5.195, 5.268, 5.317, 5.637, 6.583, 6.044, 6.167, 7.028, 6.915, 6.335, 4.174, 2.589, 2.269, 1.825, 2.525, 2.652, 4.293, 5.946, 4.866, 4.257, 3.528, 2.973, 2.865, 4.062, 3.862, 3.532, 5.067, 6.481, 6.127, 6.456, 6.615, 5.802, 5.56, 6.064, 6.289, 6.668, 6.151, 5.384, 5.755, 6.419, 6.677, 5.033, 4.575, 3.984, 3.456, 3.689, 4.714, 4.665, 2.538, 3.661, 4.34, 3.429, 3.597, 5.056, 6.774, 7.966, 8.085, 9.355, 10.398, 10.469, 10.134, 10.526, 11.061, 11.738, 12.919, 13.269, 12.836, 12.386, 12.578, 12.081, 10.487, 10.089, 9.929, 8.434, 4.318, 2.637, 3.215, 3.787, 3.214, 3.804, 4.247, 4.229, 4.845, 5.256, 4.357, 4.152, 4.19, 3.807, 5.233, 5.779, 4.813, 4.877, 4.526, 3.347, 2.981, 3.316, 3.392, 3.595, 4.579, 4.788, 4.517, 5.423, 5.789, 5.455, 4.998, 5.121, 6.095, 5.988, 6.017, 6.455, 4.785, 1.884, 2.801, 3.592, 4.212, 4.014, 3.219, 2.97, 3.154, 7.438, 9.604, 10.241, 9.695, 9.85, 11.639, 13.546, 14.317, 14.151, 14.262, 13.175, 11.643, 11.078, 11.736, 11.618], [7.206, 5.861, 5.885, 3.7, 1.941, 1.903, 2.418, 1.852, 2.587, 3.192, 3.457, 3.276, 3.248, 3.704, 5.333, 5.713, 5.002, 4.07, 4.416, 4.089, 3.796, 3.447, 2.43, 0.0, 1.139, 1.332, 1.487, 3.692, 6.704, 7.404, 6.947, 9.316, 8.864, 5.556, 5.603, 6.61, 5.029, 3.673, 4.201, 4.953, 6.504, 7.964, 8.367, 8.899, 10.079, 10.844, 10.999, 11.191, 11.588, 10.948, 9.719, 8.654, 7.678, 6.158, 5.022, 2.819, 2.182, 3.429, 2.575, 2.086, 3.078, 3.832, 4.112, 3.908, 3.495, 3.185, 3.363, 4.55, 5.793, 5.831, 5.858, 5.687, 5.0, 4.647, 5.335, 5.753, 5.913, 5.634, 6.31, 6.635, 5.486, 3.442, 1.825, 1.723, 2.37, 2.949, 2.867, 5.073, 6.97, 6.067, 5.127, 3.809, 3.441, 2.606, 2.718, 2.468, 3.404, 5.8, 7.158, 6.728, 7.185, 7.212, 5.817, 4.1, 4.197, 4.477, 4.798, 4.311, 3.816, 4.703, 5.896, 6.24, 4.556, 4.324, 3.11, 2.39, 3.147, 5.325, 4.305, 1.644, 3.209, 3.486, 2.849, 4.0, 5.507, 6.085, 7.136, 7.16, 8.301, 9.347, 9.381, 9.166, 9.576, 10.224, 10.905, 12.033, 12.402, 11.961, 11.522, 11.72, 11.058, 9.593, 9.175, 8.927, 7.495, 3.323, 1.705, 1.595, 2.14, 1.901, 3.376, 3.326, 2.592, 2.845, 3.117, 2.549, 2.922, 3.292, 4.788, 6.232, 6.779, 5.618, 5.741, 5.383, 3.65, 3.324, 4.245, 4.356, 4.22, 5.217, 4.838, 4.672, 5.813, 5.893, 5.926, 4.958, 5.041, 6.093, 5.507, 5.861, 7.16, 5.839, 2.149, 1.812, 2.44, 2.882, 2.565, 2.884, 3.082, 2.604, 6.549, 8.611, 9.22, 8.718, 8.893, 10.652, 12.462, 13.253, 13.108, 13.186, 12.219, 10.724, 10.126, 10.792, 10.691], [7.571, 6.319, 6.419, 4.215, 1.628, 2.114, 2.865, 2.262, 2.639, 3.527, 3.772, 3.552, 3.628, 4.133, 5.767, 6.133, 5.481, 4.255, 4.704, 4.413, 4.127, 3.832, 2.774, 1.139, 0.0, 1.239, 1.711, 4.161, 7.137, 7.876, 7.444, 9.792, 9.336, 6.005, 6.151, 7.066, 5.642, 4.344, 4.701, 5.422, 7.067, 8.543, 8.967, 9.452, 10.465, 11.267, 11.385, 11.635, 11.959, 11.342, 10.09, 9.044, 8.05, 6.556, 5.502, 3.206, 2.194, 3.228, 2.65, 2.514, 3.495, 3.984, 4.338, 4.022, 3.649, 3.488, 3.354, 4.531, 5.75, 5.833, 5.849, 5.623, 4.896, 4.606, 5.231, 5.336, 5.472, 5.235, 6.284, 6.723, 5.669, 3.45, 1.551, 1.986, 2.902, 3.374, 3.429, 5.573, 7.415, 6.599, 5.569, 4.303, 4.087, 3.185, 2.777, 2.487, 3.717, 6.139, 7.291, 7.028, 7.69, 7.499, 6.232, 4.196, 4.118, 4.359, 4.847, 4.402, 3.796, 4.499, 5.732, 6.086, 4.36, 4.278, 3.032, 2.291, 3.11, 5.718, 4.539, 1.569, 2.666, 2.993, 2.667, 3.969, 5.472, 6.213, 7.171, 6.981, 7.976, 8.903, 8.97, 8.796, 9.002, 9.715, 10.37, 11.563, 11.894, 11.445, 11.015, 11.174, 10.599, 9.08, 8.565, 8.519, 7.051, 2.941, 1.52, 1.933, 2.261, 1.974, 3.515, 3.673, 3.068, 2.75, 2.785, 2.265, 3.123, 3.353, 5.119, 6.679, 7.25, 5.959, 6.035, 5.946, 3.941, 3.842, 4.893, 4.93, 4.626, 5.49, 4.942, 4.662, 5.924, 5.88, 6.109, 5.384, 4.942, 6.031, 5.676, 5.823, 7.514, 6.334, 2.113, 1.579, 2.11, 2.666, 2.298, 2.905, 3.135, 2.274, 6.073, 8.2, 8.829, 8.338, 8.711, 10.284, 12.208, 12.835, 12.792, 12.797, 11.748, 10.238, 9.823, 10.343, 10.313], [7.471, 6.052, 6.041, 3.942, 1.877, 2.186, 2.692, 2.074, 2.776, 3.411, 3.736, 3.543, 3.467, 3.929, 5.479, 5.774, 5.123, 3.89, 4.198, 4.001, 3.683, 3.469, 2.333, 1.332, 1.239, 0.0, 1.208, 3.894, 6.8, 7.469, 7.335, 9.569, 9.116, 5.762, 5.955, 6.674, 5.37, 4.106, 4.514, 5.266, 6.907, 8.312, 8.802, 9.207, 10.19, 10.899, 11.129, 11.36, 11.69, 11.082, 9.813, 8.783, 7.827, 6.308, 5.191, 3.16, 2.319, 3.159, 2.507, 2.469, 3.258, 3.453, 3.771, 3.533, 3.0, 3.033, 2.899, 3.762, 5.035, 5.255, 5.328, 5.129, 4.623, 4.396, 5.021, 5.389, 5.302, 5.056, 5.828, 6.286, 5.143, 2.968, 1.701, 1.916, 2.509, 3.136, 3.099, 5.369, 7.141, 6.227, 5.159, 3.955, 3.668, 2.921, 3.193, 2.871, 3.638, 6.032, 7.38, 6.992, 7.519, 7.425, 6.092, 4.643, 4.968, 5.295, 5.865, 5.343, 4.639, 5.074, 6.141, 6.496, 4.811, 4.536, 3.321, 2.726, 3.452, 5.614, 4.271, 1.578, 2.648, 3.191, 2.463, 3.41, 4.896, 5.731, 6.828, 6.714, 8.041, 9.249, 9.237, 8.803, 9.208, 9.975, 10.634, 11.831, 12.149, 11.693, 11.242, 11.503, 10.957, 9.402, 8.866, 8.826, 7.367, 3.109, 1.597, 1.959, 2.393, 2.227, 3.7, 3.784, 3.369, 3.664, 3.683, 3.177, 3.589, 3.715, 5.018, 6.486, 7.063, 5.794, 6.005, 5.646, 3.879, 3.614, 4.55, 4.695, 4.573, 5.479, 5.047, 4.884, 6.05, 6.081, 6.153, 5.295, 5.393, 6.393, 5.912, 6.1, 7.38, 6.09, 1.946, 1.505, 2.471, 3.126, 2.929, 3.115, 3.232, 2.138, 6.307, 8.502, 9.145, 8.577, 8.7, 10.367, 12.422, 13.104, 12.876, 13.098, 11.989, 10.336, 9.827, 10.501, 10.338], [7.007, 5.611, 5.393, 3.22, 1.974, 2.072, 2.085, 1.83, 2.741, 3.211, 3.515, 3.17, 3.108, 3.418, 4.716, 5.007, 4.444, 3.566, 3.823, 3.742, 3.45, 3.463, 2.376, 1.487, 1.711, 1.208, 0.0, 3.178, 6.079, 6.729, 6.715, 8.812, 8.44, 5.205, 5.36, 5.892, 4.72, 3.558, 3.965, 4.638, 6.139, 7.595, 8.129, 8.459, 9.439, 10.173, 10.376, 10.598, 10.964, 10.342, 9.086, 8.061, 7.069, 5.577, 4.536, 3.081, 2.827, 3.782, 3.002, 2.643, 3.057, 3.586, 3.847, 3.724, 3.108, 2.817, 2.699, 3.728, 5.013, 5.309, 5.527, 5.211, 5.144, 5.048, 5.484, 6.137, 5.952, 5.754, 6.405, 6.567, 5.627, 3.338, 2.268, 1.838, 2.186, 2.531, 2.519, 4.817, 6.411, 5.605, 4.698, 3.629, 3.096, 2.544, 3.133, 2.821, 3.299, 5.628, 7.076, 6.683, 6.924, 7.034, 5.637, 4.627, 4.852, 5.101, 5.647, 5.222, 4.595, 5.058, 6.085, 6.425, 4.808, 4.485, 3.282, 2.688, 3.335, 5.153, 4.14, 1.845, 3.348, 3.934, 3.112, 3.429, 4.9, 6.256, 7.415, 7.397, 8.805, 10.051, 10.02, 9.439, 9.954, 10.715, 11.383, 12.597, 12.913, 12.48, 12.011, 12.286, 11.743, 10.181, 9.65, 9.629, 8.136, 3.884, 1.853, 2.157, 2.708, 2.425, 3.693, 3.817, 3.402, 3.584, 3.828, 3.116, 3.51, 3.546, 4.599, 5.943, 6.59, 5.466, 5.623, 5.111, 3.767, 3.605, 4.029, 4.038, 4.158, 5.06, 4.781, 4.666, 5.737, 5.924, 5.791, 5.015, 5.293, 6.329, 5.828, 6.094, 6.986, 5.582, 2.071, 1.827, 2.67, 3.201, 2.877, 2.998, 3.241, 2.816, 7.085, 9.281, 9.897, 9.29, 9.292, 11.102, 13.185, 13.894, 13.632, 13.896, 12.739, 11.041, 10.468, 11.184, 10.927], [4.071, 3.415, 2.674, 1.293, 3.345, 2.514, 1.787, 2.59, 2.791, 2.264, 2.344, 1.54, 1.693, 1.09, 2.353, 3.025, 3.584, 3.121, 3.423, 3.251, 3.153, 3.043, 2.891, 3.692, 4.161, 3.894, 3.178, 0.0, 3.227, 3.943, 3.886, 6.097, 5.708, 3.087, 3.061, 3.325, 2.468, 2.308, 1.715, 1.991, 3.49, 4.666, 5.063, 5.57, 6.591, 7.339, 7.502, 7.579, 8.099, 7.491, 6.233, 5.263, 4.394, 3.145, 2.142, 2.832, 5.625, 6.8, 5.764, 4.888, 5.22, 6.176, 6.524, 6.51, 5.036, 4.123, 4.579, 5.49, 6.625, 7.25, 7.733, 7.422, 7.807, 7.908, 8.207, 9.047, 8.583, 8.666, 9.486, 9.28, 8.707, 6.373, 4.657, 3.315, 1.936, 2.161, 1.777, 2.236, 3.89, 3.073, 2.563, 2.402, 1.85, 2.326, 3.59, 3.111, 2.359, 3.103, 4.499, 4.144, 4.216, 4.532, 3.915, 4.169, 5.002, 5.324, 5.798, 5.311, 4.557, 4.538, 4.85, 5.004, 3.506, 3.053, 2.587, 3.124, 2.899, 2.722, 2.997, 3.69, 6.161, 6.779, 5.897, 5.431, 7.047, 9.21, 10.331, 10.511, 11.887, 13.011, 13.026, 12.564, 13.004, 13.566, 14.248, 15.461, 15.815, 15.402, 14.947, 15.208, 14.705, 13.146, 12.657, 1