[[0.0, 0.792, 3.157, 4.122, 4.796, 5.43, 6.569, 5.492, 4.69, 5.782, 5.306, 3.826, 3.267, 2.193, 2.423, 3.43, 3.995, 2.644, 3.143, 4.094, 4.89, 3.821, 3.27, 4.645, 7.558, 7.679, 5.967, 6.041, 7.64, 7.585, 5.912, 6.507, 8.666, 6.777, 4.245, 3.701, 3.096, 3.48, 3.512, 6.135, 5.57, 2.891, 1.982, 3.461, 5.846, 5.668, 5.768, 5.575, 5.577, 6.22, 5.701, 6.594, 7.022, 5.482, 5.883, 6.929, 6.636, 5.939, 5.286, 5.192, 4.218, 3.283, 3.511, 3.167, 3.165, 3.511, 3.9, 2.997, 3.12, 6.797, 8.748, 8.871, 8.214, 7.579, 6.669, 6.189, 4.875, 4.166, 2.819, 1.837, 1.389, 1.64, 2.204, 3.043, 2.272, 2.326, 2.296, 3.012, 3.559, 2.997, 3.067, 2.795, 2.117, 2.439, 2.177, 2.136, 3.088, 3.994, 4.128, 5.96, 6.203, 6.217, 6.326, 5.984, 4.676, 3.688, 3.316, 3.793, 4.106, 3.439, 3.408, 4.557, 3.72, 2.224, 2.193, 2.296, 2.279, 2.097, 1.799, 1.723, 3.196, 2.771, 2.472, 2.017, 2.607, 3.921, 4.392, 5.133, 6.19, 9.45, 12.329, 12.719, 13.203, 14.561, 14.424, 12.763, 11.774, 11.145, 12.071, 11.905, 9.314, 8.594, 9.882, 8.401, 6.274, 6.331, 7.106, 5.011, 2.698, 1.308, 1.248, 1.034, 1.895, 2.04, 1.666, 1.795, 2.751, 4.586, 4.826, 4.634, 4.31, 4.02, 4.727, 4.461, 5.171, 5.851, 5.485, 3.895, 4.464, 3.382, 3.273, 2.149, 2.323, 3.301, 3.701, 3.332, 4.691, 5.995, 4.997, 4.336, 3.997, 5.238, 6.473, 6.384, 6.109, 6.387, 5.728, 5.201, 6.235, 8.044, 7.834, 7.423, 8.961, 9.238, 7.508, 5.927, 5.5, 5.203, 4.259, 4.356, 5.988, 7.9, 7.405, 5.426, 3.955, 3.527], [0.792, 0.0, 3.124, 4.073, 4.716, 5.326, 6.533, 5.358, 4.537, 5.707, 5.267, 3.635, 3.039, 1.907, 2.134, 3.132, 3.672, 2.598, 2.816, 3.927, 4.713, 3.671, 3.109, 4.509, 7.442, 7.607, 5.885, 6.059, 7.667, 7.576, 5.856, 6.5, 8.663, 6.756, 3.94, 3.329, 2.798, 3.312, 3.263, 6.028, 5.468, 2.709, 1.608, 3.48, 5.858, 5.781, 5.774, 5.616, 5.617, 6.151, 5.787, 6.621, 7.074, 5.473, 5.988, 7.055, 6.631, 5.848, 5.175, 5.145, 4.139, 3.134, 3.401, 3.033, 3.083, 3.41, 3.823, 2.957, 2.83, 6.632, 8.627, 8.857, 8.028, 7.177, 6.264, 5.855, 4.654, 3.796, 2.486, 1.849, 1.349, 1.308, 2.048, 2.999, 2.168, 2.242, 2.182, 3.028, 3.539, 2.964, 3.098, 2.819, 2.005, 2.224, 2.093, 2.144, 3.06, 4.069, 4.247, 5.96, 6.191, 6.226, 6.339, 5.906, 4.844, 3.755, 3.434, 3.904, 4.194, 3.287, 3.182, 4.35, 3.577, 1.906, 2.011, 2.246, 2.168, 1.891, 1.487, 1.431, 3.111, 2.94, 2.611, 2.068, 2.223, 3.659, 4.326, 5.085, 6.157, 9.428, 12.283, 12.68, 13.16, 14.551, 14.415, 12.739, 11.764, 11.137, 12.073, 11.912, 9.324, 8.621, 9.88, 8.398, 6.282, 6.319, 7.098, 4.91, 2.465, 1.172, 1.279, 1.021, 1.614, 1.816, 1.566, 1.714, 2.816, 4.72, 4.959, 4.787, 4.431, 3.939, 4.593, 4.393, 5.084, 5.777, 5.264, 3.83, 4.388, 3.305, 3.053, 2.29, 2.071, 2.931, 3.499, 3.351, 4.846, 5.881, 5.036, 4.388, 4.017, 5.318, 6.361, 6.384, 6.071, 6.351, 5.827, 5.379, 6.227, 8.038, 7.787, 7.272, 8.953, 9.233, 7.434, 5.827, 5.428, 5.221, 4.24, 4.377, 5.978, 7.889, 7.308, 5.34, 3.944, 3.549], [3.157, 3.124, 0.0, 1.422, 2.132, 2.633, 3.719, 3.607, 2.709, 3.022, 2.684, 1.866, 1.648, 2.257, 2.941, 2.211, 1.885, 1.916, 2.306, 2.73, 3.846, 3.391, 2.689, 2.271, 4.702, 4.832, 3.226, 3.526, 4.657, 4.796, 3.426, 3.576, 5.7, 3.939, 2.227, 1.956, 2.441, 2.485, 2.386, 3.355, 2.653, 1.878, 2.417, 6.573, 8.957, 8.424, 8.048, 8.064, 8.01, 8.321, 8.341, 9.546, 10.095, 8.488, 8.544, 9.575, 8.831, 7.991, 7.322, 6.817, 5.668, 3.996, 3.716, 4.663, 4.118, 3.725, 3.494, 4.064, 1.981, 4.105, 6.114, 6.191, 5.616, 4.958, 4.144, 3.831, 2.936, 2.109, 2.728, 4.42, 3.65, 2.997, 4.08, 4.98, 4.351, 3.502, 4.114, 5.681, 6.529, 5.997, 6.01, 5.682, 4.669, 4.917, 4.695, 3.691, 3.592, 4.105, 3.787, 3.299, 3.504, 3.449, 3.79, 3.535, 3.761, 3.447, 3.082, 2.942, 2.921, 2.58, 2.801, 3.018, 2.861, 3.269, 3.566, 2.333, 2.438, 3.507, 2.679, 4.098, 6.233, 5.888, 5.528, 4.93, 2.514, 1.915, 1.642, 2.161, 3.151, 6.386, 9.252, 9.621, 10.145, 11.536, 11.359, 9.72, 8.76, 8.073, 9.029, 8.823, 6.672, 6.07, 6.841, 5.379, 3.215, 3.261, 4.044, 2.553, 1.451, 3.281, 3.754, 3.601, 2.447, 2.435, 2.87, 3.552, 5.37, 7.45, 7.469, 7.296, 6.96, 5.581, 5.328, 5.698, 6.045, 5.563, 4.336, 3.996, 5.846, 3.713, 2.963, 4.7, 3.983, 2.237, 1.577, 2.144, 2.919, 4.005, 3.869, 3.644, 3.038, 3.87, 4.256, 4.075, 3.679, 3.622, 3.499, 3.319, 3.66, 5.169, 5.372, 5.063, 5.956, 6.41, 4.904, 3.655, 3.134, 2.888, 2.284, 2.134, 3.495, 4.922, 4.585, 3.124, 2.637, 2.324], [4.122, 4.073, 1.422, 0.0, 1.185, 1.996, 2.724, 3.116, 2.304, 2.168, 1.908, 1.981, 2.012, 3.326, 3.926, 2.372, 1.871, 2.525, 2.813, 2.946, 3.804, 4.162, 3.357, 2.008, 3.695, 3.848, 2.572, 2.68, 3.851, 4.237, 3.057, 3.25, 4.75, 3.01, 2.378, 2.399, 3.322, 3.449, 2.989, 2.524, 1.751, 2.349, 3.252, 7.53, 9.91, 9.491, 9.247, 9.145, 9.109, 9.445, 9.342, 10.523, 11.065, 9.47, 9.633, 10.634, 9.987, 9.137, 8.285, 7.75, 6.693, 4.907, 4.655, 5.581, 5.075, 4.186, 4.283, 4.663, 2.36, 3.405, 5.098, 5.314, 4.905, 4.326, 3.704, 3.55, 2.914, 2.381, 3.405, 5.408, 4.752, 4.053, 5.104, 6.138, 5.327, 4.631, 5.313, 6.691, 7.396, 6.924, 6.92, 6.589, 5.55, 5.773, 5.587, 4.348, 3.724, 4.018, 3.521, 2.959, 2.728, 2.896, 3.116, 2.892, 3.409, 3.338, 3.309, 2.681, 2.592, 2.488, 2.804, 2.765, 2.781, 4.193, 4.317, 3.202, 3.498, 4.495, 3.738, 4.944, 7.132, 6.848, 6.479, 5.862, 3.397, 2.04, 1.064, 1.604, 2.517, 5.402, 8.322, 8.682, 9.185, 10.629, 10.397, 8.719, 7.814, 7.123, 8.019, 7.922, 5.863, 5.355, 5.856, 4.461, 2.388, 2.564, 3.216, 2.076, 2.321, 4.225, 4.71, 4.571, 3.558, 3.497, 3.932, 4.659, 6.36, 8.367, 8.569, 8.362, 8.077, 6.722, 6.186, 6.647, 7.044, 5.834, 4.572, 4.59, 6.935, 4.654, 3.763, 5.661, 4.94, 2.603, 1.705, 2.095, 2.662, 3.325, 3.482, 3.369, 2.794, 3.5, 3.802, 3.434, 2.93, 3.071, 3.119, 3.001, 3.342, 4.358, 4.287, 3.907, 4.96, 5.346, 3.73, 2.704, 2.15, 2.552, 1.963, 1.797, 2.636, 3.964, 3.386, 2.469, 2.255, 2.046], [4.796, 4.716, 2.132, 1.185, 0.0, 1.316, 2.392, 2.738, 1.784, 1.535, 1.336, 2.073, 2.4, 3.821, 4.397, 2.793, 2.125, 2.876, 3.054, 2.973, 3.939, 4.659, 3.89, 2.164, 3.017, 3.31, 1.967, 2.201, 3.3, 3.694, 2.667, 2.716, 4.178, 2.57, 2.012, 2.822, 3.69, 3.808, 3.274, 1.926, 1.377, 3.019, 3.823, 8.112, 10.499, 9.96, 9.635, 9.517, 9.563, 9.888, 9.909, 11.129, 11.639, 10.03, 10.005, 11.037, 10.39, 9.576, 8.841, 8.21, 7.166, 5.367, 5.075, 6.149, 5.493, 4.7, 4.773, 5.174, 3.014, 2.713, 4.486, 4.665, 4.12, 3.608, 3.573, 3.554, 3.211, 2.783, 3.942, 5.939, 5.246, 4.61, 5.557, 6.584, 5.85, 5.035, 5.71, 7.201, 7.984, 7.547, 7.532, 7.229, 6.222, 6.362, 6.16, 5.009, 4.22, 4.468, 3.609, 2.398, 2.182, 2.395, 2.571, 2.495, 3.057, 3.72, 4.06, 3.071, 2.448, 2.535, 2.625, 2.611, 2.938, 4.776, 5.026, 3.671, 3.998, 5.059, 4.301, 5.525, 7.7, 7.391, 7.029, 6.471, 3.956, 2.102, 0.932, 1.559, 2.101, 4.776, 7.659, 8.045, 8.512, 9.961, 9.744, 8.036, 7.211, 6.488, 7.454, 7.305, 5.269, 4.852, 5.245, 3.885, 1.911, 2.008, 2.644, 1.973, 2.772, 4.665, 5.274, 5.105, 3.94, 3.884, 4.387, 5.115, 6.852, 8.862, 8.964, 8.763, 8.436, 7.116, 6.571, 7.013, 7.448, 6.021, 4.653, 5.001, 7.387, 5.049, 4.032, 6.045, 5.377, 2.796, 1.827, 2.29, 2.073, 2.815, 3.137, 3.47, 2.959, 3.228, 3.401, 2.96, 2.561, 2.724, 2.649, 2.495, 2.757, 3.877, 3.921, 3.516, 4.358, 4.886, 3.294, 2.457, 1.814, 2.038, 2.042, 1.935, 2.266, 3.399, 3.067, 2.147, 2.173, 2.116], [5.43, 5.326, 2.633, 1.996, 1.316, 0.0, 1.889, 2.662, 2.332, 1.099, 1.301, 2.352, 2.893, 4.432, 4.986, 3.273, 2.196, 3.55, 3.484, 2.905, 4.201, 5.033, 4.268, 1.986, 2.587, 2.647, 2.191, 2.276, 2.702, 3.138, 3.205, 2.882, 3.684, 2.239, 2.245, 3.326, 4.089, 4.308, 3.828, 1.896, 1.659, 3.908, 4.504, 8.757, 11.144, 10.556, 10.0, 9.966, 10.084, 10.284, 10.482, 11.746, 12.283, 10.669, 10.497, 11.502, 10.794, 9.964, 9.356, 8.49, 7.503, 5.784, 5.544, 6.748, 5.862, 4.979, 5.11, 5.741, 3.408, 2.034, 4.019, 4.102, 3.461, 2.927, 3.104, 3.4, 3.559, 3.289, 4.565, 6.597, 5.84, 5.222, 6.135, 7.064, 6.449, 5.436, 6.151, 7.842, 8.62, 8.194, 8.188, 7.853, 6.835, 6.989, 6.794, 5.767, 5.171, 5.354, 4.453, 2.482, 1.84, 2.535, 2.557, 2.61, 3.67, 4.613, 4.926, 3.861, 3.237, 3.25, 3.235, 3.45, 3.831, 5.443, 5.78, 4.243, 4.461, 5.634, 4.843, 6.155, 8.326, 8.005, 7.671, 7.119, 4.61, 2.416, 1.523, 2.014, 2.516, 4.17, 7.049, 7.441, 8.01, 9.386, 9.097, 7.449, 6.686, 5.859, 6.863, 6.696, 4.719, 4.321, 4.77, 3.417, 2.426, 2.369, 2.323, 2.676, 3.268, 5.236, 5.885, 5.714, 4.443, 4.295, 4.762, 5.457, 7.448, 9.49, 9.436, 9.203, 8.902, 7.525, 6.98, 7.402, 7.86, 6.157, 4.414, 5.35, 7.689, 5.368, 4.415, 6.532, 5.971, 3.266, 2.409, 3.18, 2.602, 2.451, 3.552, 4.369, 3.832, 3.777, 3.461, 2.657, 2.489, 2.659, 2.987, 2.833, 2.622, 3.288, 3.55, 3.172, 3.85, 4.475, 3.007, 2.071, 1.533, 1.893, 2.317, 2.21, 1.861, 2.902, 2.659, 2.485, 2.968, 2.808], [6.569, 6.533, 3.719, 2.724, 2.392, 1.889, 0.0, 2.214, 2.731, 1.68, 2.244, 3.719, 4.165, 5.709, 6.449, 4.345, 3.565, 4.687, 4.469, 4.368, 5.442, 6.462, 5.769, 3.207, 1.896, 1.99, 2.6, 2.109, 2.102, 2.652, 3.127, 2.899, 2.492, 1.447, 3.58, 4.629, 5.691, 5.754, 5.257, 2.719, 1.752, 4.405, 5.539, 9.748, 12.206, 11.914, 11.637, 11.623, 11.485, 11.881, 11.791, 12.872, 13.412, 11.807, 12.153, 13.174, 12.413, 11.557, 10.645, 10.19, 9.073, 7.336, 7.05, 8.096, 7.448, 6.629, 6.623, 7.055, 4.575, 2.301, 3.114, 3.427, 3.261, 3.768, 4.237, 4.847, 5.017, 4.676, 5.946, 7.952, 7.093, 6.355, 7.592, 8.518, 7.719, 7.063, 7.683, 9.179, 9.978, 9.327, 9.409, 9.156, 7.988, 8.239, 8.089, 6.728, 5.475, 5.277, 4.367, 2.568, 1.686, 2.359, 2.483, 2.222, 3.56, 4.993, 5.366, 4.237, 3.627, 4.033, 4.157, 3.629, 4.332, 6.391, 6.77, 5.574, 5.802, 6.701, 6.06, 7.397, 9.474, 9.102, 8.792, 8.079, 5.731, 3.626, 2.735, 3.009, 3.018, 3.448, 6.26, 6.619, 7.124, 8.493, 8.289, 6.671, 5.624, 5.016, 5.881, 5.672, 3.824, 3.397, 3.663, 3.026, 2.36, 2.546, 2.293, 3.479, 4.8, 6.72, 7.025, 6.935, 5.961, 5.914, 6.283, 7.019, 8.78, 10.905, 11.028, 10.824, 10.553, 9.154, 8.602, 9.026, 9.503, 7.789, 5.771, 7.033, 9.353, 7.029, 6.057, 8.205, 7.472, 4.911, 3.766, 4.006, 2.749, 1.8, 3.161, 4.269, 3.771, 3.308, 2.78, 2.008, 1.917, 2.166, 2.939, 3.146, 2.29, 2.34, 2.102, 1.707, 2.866, 3.116, 1.702, 1.576, 1.45, 1.816, 2.791, 2.837, 1.526, 1.783, 1.761, 2.286, 3.572, 3.798], [5.492, 5.358, 3.607, 3.116, 2.738, 2.662, 2.214, 0.0, 1.547, 2.267, 2.881, 3.358, 3.745, 4.91, 5.136, 4.797, 4.162, 3.68, 3.402, 4.578, 6.141, 6.598, 5.915, 4.337, 3.607, 3.502, 2.289, 2.384, 3.091, 3.054, 2.424, 2.685, 4.082, 2.319, 3.331, 4.432, 5.657, 5.477, 4.543, 3.854, 2.348, 2.97, 4.357, 8.307, 10.607, 11.085, 11.115, 10.952, 10.953, 11.465, 11.082, 11.766, 12.05, 10.588, 11.321, 12.368, 11.962, 11.156, 10.402, 10.193, 8.978, 7.178, 6.957, 7.471, 7.47, 7.079, 6.667, 6.916, 4.597, 4.038, 4.826, 5.257, 5.05, 5.257, 5.521, 5.919, 5.753, 5.111, 5.377, 6.817, 6.187, 5.711, 6.959, 7.982, 7.122, 6.607, 7.239, 8.291, 8.615, 7.986, 8.339, 7.821, 6.664, 6.687, 6.573, 5.417, 3.701, 3.468, 2.646, 1.987, 1.762, 2.082, 2.132, 1.628, 2.021, 3.269, 3.787, 2.761, 2.006, 2.466, 2.599, 1.825, 2.683, 4.777, 5.178, 4.975, 5.254, 6.024, 5.479, 6.027, 7.922, 7.912, 7.63, 6.868, 4.811, 3.371, 3.033, 3.304, 3.44, 4.977, 7.869, 8.249, 8.756, 10.072, 9.916, 8.288, 7.23, 6.622, 7.559, 7.317, 4.726, 4.003, 5.294, 3.865, 2.776, 2.718, 2.699, 3.46, 4.424, 5.84, 6.166, 5.774, 5.288, 5.343, 5.737, 6.658, 8.096, 9.975, 10.29, 10.077, 9.73, 8.612, 8.512, 8.794, 9.271, 8.49, 6.79, 7.399, 9.106, 7.043, 5.57, 7.191, 6.268, 4.298, 3.172, 2.921, 1.703, 1.568, 1.56, 2.447, 2.198, 1.803, 1.869, 1.832, 1.616, 1.967, 2.049, 1.972, 1.799, 3.456, 3.113, 2.494, 4.427, 4.606, 2.957, 2.701, 2.062, 1.858, 2.327, 2.375, 2.229, 3.385, 2.706, 1.46, 2.126, 2.529], [4.69, 4.537, 2.709, 2.304, 1.784, 2.332, 2.731, 1.547, 0.0, 2.017, 2.289, 2.308, 2.602, 3.889, 4.422, 3.797, 3.243, 2.636, 2.661, 3.663, 5.036, 5.431, 4.757, 3.477, 3.446, 3.536, 1.798, 2.016, 3.247, 3.235, 2.024, 2.379, 4.251, 2.448, 2.194, 3.226, 4.348, 4.229, 3.287, 2.882, 1.698, 2.514, 3.664, 7.732, 10.131, 9.875, 9.826, 9.705, 9.708, 10.227, 9.977, 10.956, 11.276, 9.692, 10.132, 11.19, 10.715, 9.992, 9.319, 9.039, 7.741, 5.897, 5.655, 6.345, 6.244, 6.028, 5.555, 5.81, 3.684, 3.705, 4.917, 5.258, 4.851, 4.742, 4.766, 4.962, 4.678, 3.98, 4.394, 5.705, 5.08, 4.639, 5.742, 6.74, 5.944, 5.277, 5.998, 7.173, 7.883, 7.378, 7.399, 7.21, 6.017, 6.186, 5.984, 4.557, 3.477, 3.586, 2.365, 1.772, 1.966, 1.917, 2.049, 1.777, 1.788, 2.925, 3.536, 2.55, 1.663, 2.182, 2.269, 1.694, 2.244, 4.449, 4.564, 3.792, 4.129, 4.956, 4.329, 5.309, 7.323, 7.022, 6.708, 6.139, 3.97, 2.308, 2.05, 2.364, 2.787, 5.179, 7.989, 8.418, 8.884, 10.156, 10.045, 8.374, 7.373, 6.839, 7.8, 7.517, 4.944, 4.337, 5.505, 3.968, 2.489, 2.378, 2.751, 2.379, 3.247, 4.759, 5.153, 4.76, 4.067, 4.138, 4.625, 5.494, 6.97, 8.871, 9.184, 8.937, 8.534, 7.329, 7.187, 7.465, 8.052, 7.517, 6.026, 6.244, 7.956, 5.779, 4.549, 6.137, 5.452, 3.029, 2.082, 1.878, 1.165, 1.745, 1.853, 2.355, 1.779, 1.866, 2.284, 1.972, 1.797, 2.157, 1.871, 1.612, 1.915, 3.704, 3.498, 3.367, 4.545, 4.876, 3.527, 3.112, 2.037, 1.864, 1.745, 1.831, 2.474, 3.639, 3.046, 1.408, 1.61, 1.894], [5.782, 5.707, 3.022, 2.168, 1.535, 1.099, 1.68, 2.267, 2.017, 0.0, 1.255, 2.513, 3.255, 4.785, 5.33, 3.668, 2.692, 3.837, 3.827, 3.578, 4.778, 5.688, 4.839, 2.51, 2.597, 2.386, 1.587, 1.93, 2.489, 2.712, 2.807, 2.486, 3.509, 1.779, 2.686, 3.703, 4.623, 4.742, 4.189, 2.114, 1.465, 3.861, 4.825, 9.112, 11.5, 10.861, 10.281, 10.198, 10.396, 10.603, 10.749, 12.115, 12.64, 11.025, 10.866, 11.658, 11.097, 10.29, 9.625, 8.968, 8.097, 6.27, 6.086, 7.089, 6.432, 5.491, 5.455, 6.036, 3.87, 2.429, 4.134, 4.299, 3.879, 3.439, 3.606, 3.949, 4.038, 3.906, 4.85, 6.941, 6.161, 5.563, 6.384, 7.412, 6.784, 5.832, 6.487, 8.193, 8.908, 8.522, 8.508, 8.161, 7.174, 7.275, 7.128, 5.916, 4.99, 4.977, 4.016, 1.899, 1.318, 2.017, 2.024, 2.247, 3.245, 4.376, 4.901, 3.803, 3.093, 3.477, 3.531, 3.155, 3.753, 5.772, 5.911, 4.401, 4.804, 5.993, 5.213, 6.5, 8.678, 8.356, 8.02, 7.465, 4.96, 2.889, 1.863, 2.093, 2.27, 3.841, 6.784, 7.146, 7.841, 9.223, 8.842, 7.194, 6.537, 5.577, 6.661, 6.564, 4.243, 3.948, 4.536, 3.298, 2.218, 2.212, 2.078, 2.673, 3.588, 5.521, 6.226, 6.061, 4.78, 4.437, 4.933, 5.773, 7.739, 9.78, 9.683, 9.455, 9.161, 7.791, 7.343, 7.702, 7.983, 6.593, 4.79, 5.836, 7.96, 5.662, 4.539, 6.768, 6.334, 3.571, 2.635, 3.016, 2.123, 2.106, 3.101, 3.971, 3.485, 3.328, 3.058, 2.189, 1.936, 2.356, 2.524, 2.256, 2.062, 3.06, 3.151, 2.844, 3.738, 4.315, 2.865, 2.261, 1.403, 1.746, 2.224, 2.19, 1.75, 2.711, 2.423, 1.971, 2.791, 2.829], [5.306, 5.267, 2.684, 1.908, 1.336, 1.301, 2.244, 2.881, 2.289, 1.255, 0.0, 1.999, 2.8, 4.355, 4.872, 3.14, 2.255, 3.452, 3.441, 3.116, 4.179, 5.204, 4.274, 2.101, 3.234, 2.998, 1.875, 2.373, 3.136, 3.68, 3.393, 3.078, 4.243, 2.5, 2.387, 3.255, 4.148, 4.294, 3.798, 2.079, 1.817, 3.791, 4.435, 8.712, 11.099, 10.504, 9.856, 9.811, 9.967, 10.158, 10.226, 11.669, 12.236, 10.621, 10.437, 11.186, 10.636, 9.806, 9.076, 8.298, 7.607, 5.834, 5.625, 6.702, 5.942, 4.872, 4.87, 5.496, 3.377, 2.479, 4.603, 4.726, 4.093, 3.351, 3.257, 3.468, 3.338, 3.332, 4.31, 6.507, 5.781, 5.123, 5.98, 6.997, 6.372, 5.401, 6.08, 7.806, 8.448, 8.04, 8.021, 7.595, 6.761, 6.877, 6.722, 5.662, 5.012, 5.271, 4.43, 2.56, 2.089, 2.631, 2.624, 2.841, 3.797, 4.527, 4.809, 3.734, 3.194, 3.17, 3.253, 3.477, 3.787, 5.42, 5.693, 4.03, 4.305, 5.59, 4.754, 6.113, 8.291, 7.969, 7.633, 7.061, 4.552, 2.439, 1.452, 2.062, 2.401, 4.502, 7.495, 7.889, 8.547, 9.931, 9.537, 7.881, 7.273, 6.292, 7.245, 7.261, 5.149, 4.887, 5.231, 3.908, 2.575, 2.493, 2.655, 2.751, 3.198, 5.107, 5.819, 5.658, 4.381, 4.049, 4.407, 5.291, 7.266, 9.386, 9.235, 8.983, 8.748, 7.359, 6.852, 7.262, 7.46, 5.969, 4.307, 5.174, 7.317, 5.196, 4.155, 6.328, 5.848, 3.172, 2.268, 3.038, 2.576, 2.988, 3.768, 4.337, 3.782, 3.892, 3.668, 3.09, 2.685, 3.105, 3.024, 2.614, 2.674, 3.981, 3.914, 3.576, 4.462, 5.032, 3.531, 2.327, 1.791, 2.077, 2.174, 2.141, 2.356, 3.445, 3.102, 2.43, 2.777, 2.616], [3.826, 3.635, 1.866, 1.981, 2.073, 2.352, 3.719, 3.358, 2.308, 2.513, 1.999, 0.0, 1.112, 2.693, 3.22, 2.506, 1.792, 1.894, 1.891, 2.337, 3.573, 3.937, 2.92, 2.023, 4.55, 4.477, 2.813, 3.544, 4.593, 4.5, 3.516, 3.445, 5.591, 3.786, 1.491, 1.559, 2.679, 2.796, 2.094, 2.933, 2.677, 2.662, 2.746, 6.877, 9.264, 8.695, 8.137, 8.193, 8.211, 8.48, 8.454, 9.867, 10.411, 8.789, 8.782, 9.601, 8.92, 8.188, 7.533, 6.957, 5.961, 4.354, 4.127, 4.951, 4.425, 4.059, 3.637, 4.37, 2.477, 3.572, 5.808, 5.99, 5.161, 4.096, 3.33, 3.18, 2.845, 2.3, 3.088, 4.73, 3.976, 3.316, 4.185, 5.247, 4.677, 3.803, 4.321, 5.983, 6.673, 6.259, 6.244, 5.897, 4.967, 5.082, 5.038, 4.245, 4.108, 4.515, 4.008, 2.887, 3.295, 3.366, 3.483, 3.501, 3.519, 3.8, 3.713, 2.913, 2.877, 2.391, 2.367, 3.106, 2.87, 3.814, 4.182, 2.789, 2.722, 3.895, 3.0, 4.338, 6.444, 6.122, 5.786, 5.21, 2.955, 1.13, 1.64, 2.155, 3.177, 6.082, 9.023, 9.42, 10.015, 11.462, 11.094, 9.416, 8.666, 7.847, 8.813, 8.749, 6.492, 5.954, 6.662, 5.275, 3.418, 3.189, 3.877, 2.492, 1.89, 3.438, 3.992, 3.868, 2.827, 2.623, 2.892, 3.65, 5.47, 7.571, 7.633, 7.365, 7.113, 5.703, 5.608, 5.903, 6.08, 5.681, 4.155, 4.31, 5.911, 3.841, 3.036, 4.706, 4.147, 1.862, 1.532, 2.141, 2.499, 3.651, 3.577, 3.892, 3.277, 3.692, 4.132, 3.923, 3.569, 3.658, 3.276, 2.8, 3.318, 5.093, 5.311, 4.994, 5.899, 6.412, 4.932, 3.466, 3.069, 2.643, 1.93, 1.995, 3.469, 4.82, 4.458, 2.823, 2.239, 2.002], [3.267, 3.039, 1.648, 2.012, 2.4, 2.893, 4.165, 3.745, 2.602, 3.255, 2.8, 1.112, 0.0, 1.989, 2.754, 2.35, 1.888, 1.715, 1.861, 2.537, 3.686, 3.401, 2.66, 2.394, 5.04, 5.068, 3.492, 3.89, 5.017, 5.068, 3.757, 3.897, 6.019, 4.222, 1.275, 1.36, 2.286, 2.427, 1.856, 3.403, 3.066, 2.201, 2.112, 6.126, 8.512, 7.986, 7.521, 7.647, 7.539, 7.829, 7.883, 9.198, 9.651, 8.055, 8.169, 9.204, 8.346, 7.658, 7.074, 6.582, 5.325, 3.768, 3.497, 4.327, 3.817, 3.731, 3.284, 3.89, 2.1, 4.007, 6.17, 6.35, 5.467, 4.516, 3.806, 3.559, 2.795, 2.068, 2.724, 4.011, 3.221, 2.619, 3.632, 4.532, 3.928, 3.117, 3.711, 5.255, 6.105, 5.646, 5.597, 5.432, 4.341, 4.543, 4.501, 3.625, 3.64, 4.074, 3.528, 3.411, 3.858, 3.771, 4.058, 3.922, 3.594, 3.41, 3.211, 2.84, 2.859, 2.136, 2.109, 2.786, 2.332, 3.162, 3.565, 2.314, 2.094, 3.176, 2.222, 3.721, 5.683, 5.362, 5.026, 4.462, 2.356, 1.318, 1.859, 2.545, 3.578, 6.799, 9.643, 10.053, 10.521, 11.929, 11.687, 10.018, 9.055, 8.498, 9.424, 9.199, 7.041, 6.509, 7.139, 5.726, 3.602, 3.582, 4.385, 2.482, 1.509, 2.983, 3.331, 3.213, 2.189, 2.187, 2.534, 3.102, 4.88, 6.965, 7.127, 6.895, 6.564, 5.123, 5.026, 5.297, 5.702, 5.685, 4.543, 4.088, 5.501, 3.402, 2.924, 4.244, 3.596, 1.48, 1.584, 2.096, 2.809, 4.06, 3.759, 3.467, 2.807, 3.757, 4.55, 4.306, 3.992, 4.081, 3.751, 3.458, 3.917, 5.562, 5.74, 5.395, 6.421, 6.855, 5.332, 3.876, 3.475, 3.039, 2.283, 2.444, 3.932, 5.268, 5.023, 3.302, 2.454, 2.068], [2.193, 1.907, 2.257, 3.326, 3.821, 4.432, 5.709, 4.91, 3.889, 4.785, 4.355, 2.693, 1.989, 0.0, 1.478, 1.925, 2.567, 1.889, 2.194, 2.517, 3.351, 2.584, 2.045, 3.492, 6.561, 6.685, 4.974, 5.19, 6.72, 6.732, 5.261, 5.574, 7.751, 5.877, 2.811, 1.987, 1.7, 1.876, 1.892, 5.092, 4.615, 2.4, 1.616, 4.442, 6.772, 6.423, 6.307, 6.15, 6.161, 6.627, 6.396, 7.447, 7.922, 6.366, 6.633, 7.642, 7.142, 6.342, 5.664, 5.425, 4.273, 2.664, 2.553, 3.16, 2.847, 2.795, 2.738, 2.529, 1.748, 5.607, 7.851, 8.022, 6.995, 5.757, 4.733, 4.238, 2.94, 2.245, 1.292, 2.399, 1.866, 1.29, 2.208, 3.219, 2.445, 1.879, 2.451, 3.69, 4.413, 3.872, 3.933, 3.909, 3.092, 3.358, 3.576, 3.261, 3.788, 4.548, 4.438, 5.091, 5.335, 5.299, 5.507, 5.214, 4.771, 4.029, 3.736, 3.996, 4.044, 3.262, 3.175, 3.884, 3.047, 2.418, 2.945, 2.53, 2.119, 2.351, 1.778, 2.751, 4.157, 3.766, 3.398, 2.901, 1.319, 2.505, 3.385, 4.137, 5.251, 8.492, 11.334, 11.737, 12.18, 13.622, 13.473, 11.796, 10.818, 10.194, 11.161, 10.954, 8.48, 7.826, 8.932, 7.49, 5.306, 5.39, 6.157, 4.155, 1.819, 1.84, 2.081, 1.949, 1.329, 1.786, 1.96, 2.325, 3.427, 5.347, 5.537, 5.335, 4.974, 3.959, 3.897, 4.109, 4.69, 4.963, 3.883, 3.274, 4.369, 2.688, 1.911, 2.827, 2.262, 2.028, 2.535, 3.003, 4.099, 5.313, 4.934, 4.482, 3.963, 4.977, 5.802, 5.639, 5.434, 5.633, 5.139, 4.786, 5.315, 7.17, 7.118, 6.713, 8.035, 8.418, 6.809, 5.254, 4.714, 4.474, 3.594, 3.644, 5.304, 6.982, 6.637, 4.757, 3.681, 3.265], [2.423, 2.134, 2.941, 3.926, 4.397, 4.986, 6.449, 5.136, 4.422, 5.33, 4.872, 3.22, 2.754, 1.478, 0.0, 2.323, 3.133, 2.243, 2.529, 2.884, 3.43, 2.635, 1.925, 4.057, 7.212, 7.342, 5.582, 5.945, 7.481, 7.253, 5.73, 6.152, 8.533, 6.657, 3.407, 2.442, 1.761, 1.968, 2.01, 5.693, 5.318, 2.685, 2.333, 4.096, 6.258, 6.429, 6.185, 6.039, 6.218, 6.653, 6.3, 7.144, 7.572, 6.09, 6.433, 7.33, 7.006, 6.247, 5.679, 5.422, 4.368, 2.667, 2.544, 2.861, 3.007, 2.935, 2.793, 2.634, 2.116, 6.281, 8.604, 8.808, 7.792, 6.241, 5.155, 4.685, 3.188, 2.813, 1.4, 2.241, 2.186, 1.81, 2.173, 3.291, 2.597, 1.999, 2.653, 3.677, 3.935, 3.477, 3.724, 3.383, 3.174, 3.213, 3.502, 3.681, 4.241, 5.001, 4.83, 5.664, 5.874, 6.091, 6.076, 5.791, 5.055, 4.281, 3.955, 4.153, 4.122, 3.355, 3.349, 4.084, 3.266, 2.762, 3.003, 3.397, 3.146, 3.171, 2.49, 2.71, 3.891, 3.708, 3.464, 2.793, 1.496, 3.202, 4.118, 4.745, 5.808, 9.051, 11.946, 12.336, 12.847, 14.281, 14.054, 12.366, 11.568, 10.777, 11.767, 11.647, 9.054, 8.436, 9.611, 8.187, 6.07, 5.972, 6.788, 4.82, 2.58, 2.219, 2.238, 2.259, 1.808, 2.348, 2.463, 2.717, 3.524, 5.185, 5.3, 5.092, 4.727, 3.717, 3.934, 4.18, 4.492, 4.616, 3.861, 3.105, 4.379, 2.515, 1.742, 2.435, 2.355, 2.614, 3.077, 3.373, 4.779, 5.708, 5.032, 4.665, 4.241, 5.317, 6.256, 6.281, 6.029, 6.315, 5.71, 4.996, 5.909, 7.839, 7.728, 7.146, 8.706, 9.161, 7.367, 5.769, 5.343, 5.184, 4.192, 4.284, 5.892, 7.74, 7.211, 5.227, 3.751, 3.344], [3.43, 3.132, 2.211, 2.372, 2.793, 3.273, 4.345, 4.797, 3.797, 3.668, 3.14, 2.506, 2.35, 1.925, 2.323, 0.0, 1.321, 2.004, 2.165, 1.975, 2.45, 2.632, 2.032, 2.169, 5.198, 5.374, 4.19, 4.139, 5.488, 5.985, 4.94, 5.09, 6.472, 4.742, 2.757, 1.796, 1.82, 1.825, 2.097, 3.744, 3.427, 2.884, 2.736, 5.836, 8.152, 7.737, 7.462, 7.345, 7.38, 7.797, 7.666, 8.811, 9.346, 7.712, 7.876, 8.887, 8.263, 7.425, 6.573, 6.207, 5.214, 3.393, 3.163, 4.051, 3.672, 3.056, 3.11, 3.131, 1.167, 4.299, 6.5, 6.711, 5.765, 4.454, 3.417, 2.974, 1.942, 1.636, 1.93, 3.956, 3.285, 2.558, 3.402, 4.426, 3.582, 2.981, 3.73, 5.053, 5.808, 5.305, 5.392, 5.359, 4.431, 4.618, 4.805, 4.526, 4.908, 5.621, 5.39, 4.722, 4.408, 4.744, 4.807, 4.752, 5.15, 4.896, 4.514, 4.392, 4.334, 3.796, 3.707, 4.197, 3.741, 3.659, 4.268, 3.563, 3.106, 3.478, 2.845, 3.868, 5.494, 5.191, 4.828, 4.318, 1.904, 2.333, 2.588, 3.526, 4.505, 7.113, 10.009, 10.395, 10.841, 12.285, 12.104, 10.408, 9.547, 8.837, 9.808, 9.656, 7.404, 6.986, 7.587, 6.347, 4.358, 4.549, 5.188, 4.004, 2.404, 3.069, 3.332, 3.41, 2.395, 2.612, 3.06, 3.367, 4.666, 6.675, 6.768, 6.552, 6.277, 4.97, 4.44, 4.849, 5.351, 4.186, 2.814, 3.236, 5.447, 3.186, 2.121, 4.045, 3.659, 2.391, 2.107, 3.398, 4.158, 4.911, 5.222, 5.192, 4.588, 5.294, 5.574, 5.156, 4.732, 4.963, 4.984, 4.759, 5.037, 6.097, 5.823, 5.475, 6.705, 7.081, 5.486, 3.986, 3.647, 4.111, 3.339, 3.278, 4.325, 5.718, 5.298, 4.271, 3.985, 3.608], [3.995, 3.672, 1.885, 1.871, 2.125, 2.196, 3.565, 4.162, 3.243, 2.692, 2.255, 1.792, 1.888, 2.567, 3.133, 1.321, 0.0, 1.967, 1.999, 1.838, 2.631, 3.281, 2.507, 1.254, 4.342, 4.389, 3.315, 3.385, 4.465, 4.905, 4.321, 4.29, 5.522, 3.828, 2.401, 1.757, 2.272, 2.43, 2.28, 2.739, 2.484, 2.985, 2.969, 6.868, 9.245, 8.734, 8.181, 8.223, 8.218, 8.458, 8.506, 9.854, 10.385, 8.78, 8.751, 9.732, 8.937, 8.092, 7.414, 6.764, 5.76, 3.997, 3.767, 4.829, 4.067, 3.269, 3.323, 3.925, 1.752, 3.42, 5.655, 5.834, 4.962, 3.756, 2.791, 2.325, 2.007, 1.767, 2.668, 4.719, 3.995, 3.31, 4.306, 5.204, 4.536, 3.64, 4.275, 5.966, 6.694, 6.239, 6.234, 5.927, 5.015, 5.166, 5.276, 4.579, 4.9, 5.526, 5.105, 3.861, 3.554, 3.834, 3.961, 4.12, 4.731, 4.811, 4.453, 4.063, 3.962, 3.487, 3.432, 4.028, 3.828, 4.092, 4.581, 3.292, 2.982, 3.976, 3.185, 4.528, 6.484, 6.176, 5.803, 5.241, 2.717, 1.661, 1.762, 2.623, 3.724, 6.046, 8.968, 9.349, 9.828, 11.254, 11.053, 9.343, 8.559, 7.786, 8.75, 8.614, 6.539, 6.153, 6.565, 5.304, 3.476, 3.651, 4.12, 3.3, 2.207, 3.644, 4.083, 4.002, 2.826, 2.836, 3.3, 3.754, 5.521, 7.585, 7.643, 7.424, 7.15, 5.733, 5.185, 5.581, 6.015, 4.5, 2.991, 3.661, 5.874, 3.615, 2.68, 4.818, 4.194, 2.22, 1.74, 3.167, 3.544, 4.146, 4.795, 4.905, 4.34, 4.92, 4.987, 4.37, 3.967, 4.067, 4.242, 3.992, 4.235, 5.088, 5.243, 4.877, 5.758, 6.245, 4.764, 3.321, 2.984, 3.353, 2.752, 2.552, 3.548, 4.731, 4.458, 3.6, 3.504, 3.209], [2.644, 2.598, 1.916, 2.525, 2.876, 3.55, 4.687, 3.68, 2.636, 3.837, 3.452, 1.894, 1.715, 1.889, 2.243, 2.004, 1.967, 0.0, 1.098, 2.555, 3.5, 3.521, 2.93, 2.822, 5.575, 5.801, 4.113, 4.267, 5.721, 5.655, 4.07, 4.621, 6.743, 4.862, 2.276, 1.849, 2.478, 2.37, 1.803, 4.101, 3.677, 1.888, 1.766, 5.291, 7.679, 7.567, 7.606, 7.421, 7.506, 8.12, 7.66, 8.473, 8.843, 7.351, 7.773, 8.803, 8.521, 7.933, 7.285, 7.09, 5.792, 4.038, 3.789, 4.314, 4.386, 4.254, 3.77, 3.969, 1.964, 4.602, 6.69, 6.897, 6.073, 5.287, 4.433, 3.994, 3.175, 2.487, 2.457, 3.391, 2.719, 2.474, 3.616, 4.669, 3.909, 3.318, 3.851, 4.969, 5.454, 4.921, 4.945, 4.892, 3.699, 3.877, 3.759, 3.056, 3.427, 4.034, 3.678, 4.079, 4.251, 4.239, 4.429, 4.089, 3.381, 3.438, 2.96, 2.61, 2.569, 2.25, 2.169, 2.845, 2.255, 2.491, 2.917, 2.607, 2.305, 2.859, 2.273, 3.116, 4.943, 4.653, 4.326, 3.73, 1.937, 1.898, 2.481, 3.338, 4.521, 7.608, 10.424, 10.847, 11.285, 12.624, 12.501, 10.82, 9.812, 9.292, 10.256, 9.944, 7.426, 6.818, 7.956, 6.491, 4.38, 4.415, 5.166, 3.622, 2.104, 2.693, 2.875, 2.574, 2.192, 2.339, 2.706, 3.4, 4.685, 6.458, 6.777, 6.565, 6.151, 5.225, 5.348, 5.634, 6.078, 5.738, 4.419, 4.369, 5.978, 3.908, 2.673, 3.86, 3.159, 1.988, 1.507, 1.964, 2.755, 4.079, 3.511, 3.48, 3.042, 3.653, 4.628, 4.43, 4.228, 4.476, 3.895, 3.302, 4.286, 6.12, 5.932, 5.499, 7.023, 7.344, 5.532, 4.014, 3.53, 3.26, 2.302, 2.469, 4.121, 6.058, 5.478, 3.498, 2.58, 2.117], [3.143, 2.816, 2.306, 2.813, 3.054, 3.484, 4.469, 3.402, 2.661, 3.827, 3.441, 1.891, 1.861, 2.194, 2.529, 2.165, 1.999, 1.098, 0.0, 2.31, 3.451, 3.735, 3.148, 2.749, 5.531, 5.81, 4.153, 4.262, 5.646, 5.637, 4.215, 4.78, 6.693, 4.827, 2.311, 1.809, 2.596, 2.505, 1.694, 4.067, 3.689, 2.076, 2.008, 5.309, 7.794, 7.813, 7.819, 7.702, 7.703, 8.263, 8.014, 8.802, 9.013, 7.486, 8.088, 9.231, 8.711, 8.059, 7.337, 7.151, 5.91, 4.085, 3.895, 4.373, 4.518, 4.496, 3.99, 4.205, 2.096, 4.575, 6.427, 6.732, 5.951, 4.969, 4.131, 3.715, 3.219, 2.524, 2.732, 3.785, 2.971, 2.609, 3.857, 4.813, 3.993, 3.524, 3.995, 5.089, 5.802, 5.213, 5.337, 5.309, 4.065, 4.211, 4.29, 3.647, 3.518, 4.128, 4.021, 4.195, 4.242, 4.192, 4.442, 4.101, 3.584, 3.735, 3.072, 2.615, 2.835, 2.232, 2.003, 2.866, 2.459, 2.635, 3.403, 3.03, 2.566, 2.989, 2.467, 3.434, 5.135, 4.832, 4.519, 3.742, 1.885, 1.564, 2.656, 3.537, 4.768, 7.608, 10.418, 10.847, 11.295, 12.595, 12.487, 10.806, 9.79, 9.268, 10.242, 9.932, 7.352, 6.743, 7.942, 6.428, 4.527, 4.579, 5.137, 3.766, 2.289, 3.121, 3.175, 2.954, 2.35, 2.629, 3.068, 3.629, 4.948, 6.92, 7.207, 7.001, 6.592, 5.359, 5.523, 5.76, 6.145, 5.868, 4.378, 4.628, 6.103, 4.061, 2.875, 4.188, 3.553, 1.756, 1.738, 2.41, 3.078, 4.102, 3.309, 3.656, 3.239, 3.733, 4.378, 4.399, 4.045, 4.238, 4.029, 3.555, 4.326, 6.111, 5.715, 5.297, 6.997, 7.176, 5.263, 3.643, 3.518, 3.112, 2.297, 2.407, 3.927, 5.993, 5.35, 3.383, 2.824, 2.508], [4.094, 3.927, 2.73, 2.946, 2.973, 2.905, 4.368, 4.578, 3.663, 3.578, 3.116, 2.337, 2.537, 2.517, 2.884, 1.975, 1.838, 2.555, 2.31, 0.0, 1.792, 2.474, 1.927, 2.178, 4.92, 5.263, 4.125, 4.383, 5.052, 5.527, 4.905, 4.864, 5.922, 4.377, 2.826, 2.106, 1.848, 1.833, 2.213, 3.367, 3.406, 3.78, 3.698, 6.201, 8.587, 7.985, 7.589, 7.668, 7.578, 7.912, 8.081, 9.348, 9.727, 8.113, 8.132, 9.256, 8.454, 7.698, 7.007, 6.183, 4.973, 3.315, 3.014, 4.331, 3.444, 2.903, 2.884, 3.447, 1.954, 3.973, 6.096, 6.292, 5.35, 3.931, 3.079, 2.829, 2.13, 2.008, 2.467, 4.082, 3.818, 3.191, 3.734, 4.507, 3.907, 2.994, 3.837, 5.308, 6.259, 5.794, 5.807, 5.618, 5.125, 5.333, 5.601, 5.375, 5.672, 6.252, 5.707, 4.486, 4.11, 4.208, 4.554, 4.518, 5.248, 5.565, 5.242, 4.659, 4.563, 4.108, 4.031, 4.671, 4.442, 4.627, 5.132, 4.181, 3.634, 4.062, 3.548, 4.762, 5.987, 5.542, 5.204, 4.59, 2.406, 1.905, 2.492, 3.197, 4.405, 6.74, 9.55, 9.979, 10.459, 11.759, 11.588, 9.946, 8.993, 8.4, 9.394, 9.071, 7.198, 6.766, 7.168, 5.588, 4.078, 4.116, 4.319, 3.71, 3.067, 3.64, 3.661, 3.849, 2.794, 3.34, 3.677, 3.698, 5.109, 7.1, 7.203, 6.977, 6.599, 5.132, 4.571, 4.954, 5.546, 4.125, 2.52, 3.103, 5.391, 2.973, 2.481, 4.29, 4.222, 2.524, 2.358, 3.883, 4.016, 4.64, 5.294, 5.603, 5.046, 5.409, 5.254, 4.761, 4.368, 4.385, 4.788, 4.397, 4.619, 5.709, 5.933, 5.584, 6.26, 6.788, 5.358, 4.057, 3.694, 3.667, 3.113, 3.026, 4.047, 5.283, 5.097, 4.086, 4.157, 3.951], [4.89, 4.713, 3.846, 3.804, 3.939, 4.201, 5.442, 6.141, 5.036, 4.778, 4.179, 3.573, 3.686, 3.351, 3.43, 2.45, 2.631, 3.5, 3.451, 1.792, 0.0, 1.924, 2.003, 2.825, 5.696, 6.208, 5.285, 5.439, 6.021, 7.011, 6.303, 6.161, 6.559, 5.395, 3.857, 2.912, 2.382, 2.04, 2.859, 3.984, 4.375, 4.818, 4.681, 5.843, 8.022, 7.386, 6.891, 7.053, 6.975, 7.191, 7.433, 8.757, 9.164, 7.551, 7.64, 8.667, 7.806, 7.08, 6.324, 5.439, 4.304, 2.823, 2.544, 3.829, 3.075, 2.343, 2.525, 2.86, 2.702, 4.826, 6.719, 6.847, 5.902, 4.356, 3.473, 2.647, 2.063, 2.233, 2.948, 3.923, 4.318, 3.903, 3.501, 4.13, 3.821, 3.181, 4.027, 5.233, 5.88, 5.467, 5.406, 5.576, 5.852, 6.074, 6.385, 6.324, 6.813, 7.454, 7.043, 5.783, 5.508, 5.603, 5.983, 5.974, 6.593, 6.757, 6.377, 5.955, 5.884, 5.419, 5.34, 5.971, 5.599, 5.513, 5.931, 5.186, 4.593, 4.981, 4.42, 5.422, 6.445, 5.859, 5.569, 4.883, 3.052, 3.174, 3.571, 4.138, 5.226, 7.275, 10.085, 10.515, 11.032, 12.365, 12.157, 10.49, 9.536, 8.938, 9.921, 9.685, 8.605, 8.317, 8.016, 6.462, 4.775, 4.964, 5.38, 4.65, 4.071, 4.394, 4.309, 4.669, 3.671, 4.193, 4.41, 4.277, 5.019, 6.505, 6.623, 6.373, 6.005, 4.532, 3.902, 4.313, 4.856, 2.919, 2.053, 3.021, 4.757, 2.846, 2.77, 4.149, 4.828, 3.816, 3.576, 4.974, 5.262, 6.121, 6.639, 6.895, 6.318, 6.757, 6.813, 6.295, 5.887, 5.953, 6.213, 5.952, 6.153, 7.139, 7.046, 6.726, 7.152, 7.56, 6.264, 5.215, 4.884, 5.213, 4.53, 4.45, 5.537, 6.187, 6.129, 5.554, 5.53, 5.265], [3.821, 3.671, 3.391, 4.162, 4.659, 5.033, 6.462, 6.598, 5.431, 5.688, 5.204, 3.937, 3.401, 2.584, 2.635, 2.632, 3.281, 3.521, 3.735, 2.474, 1.924, 0.0, 1.485, 3.987, 7.054, 7.357, 5.971, 6.216, 7.28, 7.754, 6.487, 6.507, 8.134, 6.497, 3.858, 2.857, 1.888, 1.713, 2.674, 5.41, 5.273, 4.184, 3.862, 4.574, 6.401, 5.838, 5.45, 5.526, 5.393, 5.731, 5.848, 7.097, 7.549, 5.949, 6.019, 7.095, 6.275, 5.512, 4.797, 4.053, 2.945, 1.554, 1.208, 2.36, 1.9, 1.703, 1.529, 1.909, 2.447, 6.185, 8.235, 8.403, 7.401, 5.902, 4.729, 4.054, 2.738, 2.291, 2.184, 2.619, 3.286, 3.027, 2.352, 2.755, 2.567, 2.045, 3.01, 3.848, 4.492, 3.938, 3.84, 4.288, 5.039, 5.309, 5.52, 5.539, 6.121, 6.921, 6.714, 6.307, 6.339, 6.262, 6.687, 6.395, 6.729, 6.292, 5.852, 5.932, 5.83, 5.212, 5.197, 5.629, 5.051, 4.655, 5.113, 4.478, 4.104, 4.212, 3.646, 4.504, 5.214, 4.668, 4.298, 3.66, 2.395, 3.504, 4.048, 4.58, 5.717, 8.863, 11.669, 12.093, 12.512, 13.952, 13.794, 12.117, 11.143, 10.555, 11.53, 11.309, 9.493, 8.983, 9.434, 7.805, 5.711, 5.84, 6.477, 4.9, 3.406, 3.483, 3.466, 3.776, 2.902, 3.491, 3.765, 3.482, 3.748, 4.98, 5.046, 4.803, 4.434, 3.029, 2.545, 2.898, 3.392, 2.591, 2.965, 2.266, 3.481, 1.863, 2.438, 3.058, 3.944, 3.629, 3.758, 4.787, 5.659, 6.851, 6.791, 6.595, 5.984, 6.86, 7.234, 6.967, 6.505, 6.483, 6.62, 6.418, 6.72, 7.922, 8.158, 7.754, 8.498, 9.063, 7.591, 6.185, 5.883, 5.787, 4.945, 5.076, 6.342, 7.472, 7.251, 5.999, 5.668, 5.184], [3.27, 3.109, 2.689, 3.357, 3.89, 4.268, 5.769, 5.915, 4.757, 4.839, 4.274, 2.92, 2.66, 2.045, 1.925, 2.032, 2.507, 2.93, 3.148, 1.927, 2.003, 1.485, 0.0, 3.206, 6.443, 6.667, 5.196, 5.685, 6.769, 7.029, 5.773, 5.731, 7.622, 6.008, 3.386, 2.301, 1.322, 1.375, 2.335, 4.875, 4.644, 3.541, 3.289, 4.89, 7.214, 6.697, 6.198, 6.22, 6.218, 6.463, 6.422, 7.807, 8.354, 6.739, 6.793, 7.651, 6.969, 6.128, 5.298, 4.508, 3.535, 1.927, 1.745, 2.793, 1.983, 1.518, 1.625, 1.994, 1.943, 5.549, 7.754, 7.946, 7.031, 5.515, 4.443, 3.755, 2.305, 2.023, 1.661, 2.902, 3.132, 2.453, 2.417, 3.361, 2.721, 2.036, 2.975, 4.122, 4.688, 4.213, 4.222, 4.079, 4.366, 4.52, 4.866, 4.858, 5.538, 6.289, 6.02, 5.552, 5.684, 5.793, 6.087, 5.755, 5.993, 5.559, 5.193, 5.206, 5.174, 4.565, 4.532, 5.081, 4.556, 4.232, 4.552, 3.955, 3.524, 3.621, 3.009, 3.991, 5.179, 4.639, 4.346, 3.638, 1.944, 2.848, 3.505, 3.978, 4.875, 8.135, 11.068, 11.454, 12.033, 13.48, 13.136, 11.434, 10.689, 9.873, 10.821, 10.799, 8.863, 8.39, 8.772, 7.325, 5.209, 5.048, 5.923, 4.169, 2.749, 2.783, 2.844, 3.239, 2.314, 2.669, 2.83, 2.831, 3.703, 5.539, 5.603, 5.369, 5.145, 3.714, 3.278, 3.698, 3.937, 3.208, 2.807, 2.11, 3.747, 1.778, 1.808, 2.891, 3.434, 2.976, 3.358, 4.171, 5.133, 6.23, 6.107, 5.957, 5.288, 6.141, 6.554, 6.409, 5.97, 5.908, 5.897, 5.542, 5.915, 7.312, 7.528, 7.15, 7.888, 8.397, 6.97, 5.612, 5.294, 5.219, 4.355, 4.469, 5.704, 6.914, 6.478, 5.342, 4.729, 4.215], [4.645, 4.509, 2.271, 2.008, 2.164, 1.986, 3.207, 4.337, 3.477, 2.51, 2.101, 2.023, 2.394, 3.492, 4.057, 2.169, 1.254, 2.822, 2.749, 2.178, 2.825, 3.987, 3.206, 0.0, 3.935, 3.857, 3.23, 3.159, 3.971, 4.807, 4.539, 4.239, 4.79, 3.521, 2.761, 2.283, 2.978, 3.32, 3.047, 2.123, 2.434, 3.632, 3.876, 7.844, 10.229, 9.618, 8.885, 9.016, 9.074, 9.163, 9.393, 10.829, 11.369, 9.755, 9.654, 10.552, 9.751, 8.924, 8.177, 7.252, 6.435, 4.876, 4.608, 5.834, 4.819, 3.843, 3.973, 4.615, 2.339, 3.098, 5.187, 5.188, 4.433, 3.287, 2.371, 2.068, 2.069, 2.072, 3.485, 5.687, 4.902, 4.273, 5.135, 6.03, 5.491, 4.503, 4.984, 6.946, 7.671, 7.266, 7.262, 6.849, 5.948, 6.027, 6.076, 5.37, 5.405, 5.87, 5.397, 3.819, 3.502, 3.827, 4.021, 4.296, 4.949, 5.16, 4.876, 4.324, 4.255, 3.926, 3.907, 4.451, 4.41, 4.903, 5.4, 3.876, 3.582, 4.761, 4.106, 5.38, 7.439, 7.129, 6.773, 6.221, 3.695, 2.082, 1.817, 2.23, 3.181, 5.167, 8.091, 8.48, 9.056, 10.463, 10.156, 8.468, 7.744, 6.899, 7.806, 7.813, 6.325, 6.018, 5.992, 4.556, 3.099, 3.269, 3.512, 2.907, 2.729, 4.302, 4.983, 4.839, 3.564, 3.434, 3.686, 4.417, 6.475, 8.568, 8.443, 8.222, 7.984, 6.55, 5.91, 6.324, 6.724, 4.718, 3.017, 3.923, 6.377, 4.061, 3.377, 5.664, 5.054, 2.855, 2.218, 3.458, 3.64, 4.129, 4.993, 5.244, 4.652, 5.123, 5.181, 4.387, 4.077, 4.082, 4.364, 4.001, 4.236, 4.936, 5.037, 4.658, 5.261, 5.909, 4.453, 3.111, 2.822, 3.41, 2.865, 2.704, 3.464, 4.14, 4.15, 3.775, 3.727, 3.487], [7.558, 7.442, 4.702, 3.695, 3.017, 2.587, 1.896, 3.607, 3.446, 2.597, 3.234, 4.55, 5.04, 6.561, 7.212, 5.198, 4.342, 5.575, 5.531, 4.92, 5.696, 7.054, 6.443, 3.935, 0.0, 1.592, 3.445, 3.054, 2.772, 3.404, 4.094, 3.925, 2.337, 2.33, 4.241, 5.349, 6.213, 6.403, 5.932, 2.548, 2.582, 5.56, 6.563, 10.769, 13.124, 12.648, 12.217, 12.228, 12.235, 12.559, 12.652, 13.85, 14.307, 12.673, 12.736, 13.816, 13.05, 12.297, 11.5, 10.79, 9.686, 7.993, 7.764, 8.92, 8.157, 7.217, 7.506, 7.965, 5.565, 1.726, 2.103, 2.258, 2.035, 2.908, 4.067, 4.743, 5.417, 5.228, 6.757, 8.663, 7.95, 7.309, 8.322, 9.186, 8.493, 7.7, 8.315, 9.915, 10.779, 10.289, 10.303, 10.057, 8.924, 9.075, 8.89, 7.639, 6.676, 6.713, 5.472, 3.647, 2.682, 3.551, 3.585, 3.307, 4.707, 6.001, 6.561, 5.601, 4.66, 5.165, 5.226, 4.602, 5.288, 7.447, 7.6, 6.324, 6.709, 7.714, 6.945, 8.255, 10.405, 10.125, 9.736, 9.163, 6.6, 4.528, 3.471, 3.668, 3.628, 2.95, 4.935, 5.364, 5.825, 7.25, 7.054, 5.377, 4.505, 4.003, 4.842, 4.769, 4.085, 3.96, 3.483, 3.551, 3.236, 3.223, 2.937, 3.968, 5.54, 7.509, 8.009, 7.865, 6.75, 6.686, 7.206, 7.898, 9.668, 11.674, 11.768, 11.568, 11.171, 9.727, 9.195, 9.69, 10.156, 8.203, 5.953, 7.447, 10.057, 7.665, 6.885, 8.993, 8.297, 5.559, 4.468, 4.84, 3.695, 2.424, 4.294, 5.438, 4.936, 4.642, 3.931, 2.945, 3.036, 3.405, 4.173, 4.167, 3.294, 2.842, 2.277, 2.107, 2.276, 2.314, 1.547, 2.259, 2.573, 2.976, 4.059, 4.064, 2.802, 1.99, 2.735, 3.594, 4.564, 4.722], [7.679, 7.607, 4.832, 3.848, 3.31, 2.647, 1.99, 3.502, 3.536, 2.386, 2.998, 4.477, 5.068, 6.685, 7.342, 5.374, 4.389, 5.801, 5.81, 5.263, 6.208, 7.357, 6.667, 3.857, 1.592, 0.0, 2.867, 2.713, 2.193, 2.891, 3.713, 3.324, 2.149, 1.923, 4.395, 5.365, 6.379, 6.508, 6.117, 2.778, 2.599, 5.68, 6.796, 11.042, 13.436, 12.752, 11.914, 12.103, 12.218, 12.186, 12.597, 14.05, 14.567, 12.952, 12.771, 13.669, 12.862, 12.065, 11.512, 10.572, 9.845, 8.254, 7.88, 9.074, 8.181, 7.298, 7.36, 8.05, 5.722, 2.047, 2.815, 3.096, 2.971, 3.604, 4.262, 5.026, 5.34, 5.427, 6.828, 8.88, 8.094, 7.449, 8.34, 9.163, 8.692, 7.643, 8.102, 10.126, 10.862, 10.457, 10.442, 10.133, 9.119, 9.318, 9.12, 7.862, 6.863, 6.851, 5.355, 2.945, 2.487, 3.167, 3.153, 3.101, 4.674, 6.178, 6.789, 5.812, 4.805, 5.392, 5.461, 4.874, 5.547, 7.733, 7.831, 6.163, 6.545, 7.958, 7.105, 8.484, 10.669, 10.357, 9.995, 9.427, 6.891, 4.746, 3.509, 3.505, 3.345, 2.679, 4.772, 5.144, 5.69, 7.118, 6.87, 5.167, 4.497, 3.616, 4.553, 4.473, 3.286, 3.339, 3.032, 3.05, 3.168, 3.196, 2.554, 3.89, 5.444, 7.547, 8.224, 8.077, 6.712, 6.391, 6.756, 7.497, 9.696, 11.79, 11.652, 11.405, 11.106, 9.724, 8.948, 9.408, 9.754, 8.067, 6.04, 7.312, 9.607, 7.351, 6.507, 8.832, 8.295, 5.512, 4.545, 4.881, 3.526, 2.265, 4.331, 5.508, 4.934, 4.446, 3.723, 2.879, 2.832, 3.336, 3.797, 4.005, 2.877, 2.393, 2.163, 1.851, 2.061, 2.588, 2.28, 2.505, 2.775, 3.172, 4.238, 4.256, 3.002, 1.766, 2.718, 3.555, 4.597, 4.903], [5.967, 5.885, 3.226, 2.572, 1.967, 2.191, 2.6, 2.289, 1.798, 1.587, 1.875, 2.813, 3.492, 4.974, 5.582, 4.19, 3.315, 4.113, 4.153, 4.125, 5.285, 5.971, 5.196, 3.23, 3.445, 2.867, 0.0, 1.509, 2.305, 2.644, 2.045, 1.789, 3.399, 1.811, 2.913, 3.877, 4.964, 5.02, 4.441, 2.771, 1.725, 3.894, 5.108, 9.352, 11.74, 11.074, 10.434, 10.425, 10.573, 10.7, 10.831, 12.311, 12.872, 11.256, 11.098, 11.87, 11.285, 10.452, 9.792, 9.031, 8.363, 6.777, 6.391, 7.443, 6.73, 5.894, 5.697, 6.37, 4.256, 3.572, 5.145, 5.374, 4.936, 4.442, 4.431, 4.62, 4.409, 4.171, 5.06, 7.161, 6.396, 5.784, 6.613, 7.574, 7.018, 6.115, 6.652, 8.45, 9.088, 8.684, 8.676, 8.209, 7.386, 7.547, 7.401, 6.158, 4.987, 4.67, 3.414, 1.376, 1.591, 1.43, 1.525, 1.886, 2.626, 4.383, 5.107, 4.025, 3.123, 3.685, 3.794, 3.139, 3.831, 6.038, 6.123, 4.524, 4.893, 6.34, 5.518, 6.776, 8.979, 8.665, 8.306, 7.704, 5.238, 3.205, 2.22, 2.198, 2.217, 3.734, 6.654, 7.052, 7.638, 9.113, 8.78, 7.213, 6.431, 5.523, 6.413, 6.438, 4.296, 3.8, 4.413, 3.028, 1.958, 1.896, 2.14, 2.491, 3.821, 5.794, 6.502, 6.359, 5.099, 4.699, 5.068, 5.978, 7.958, 10.035, 9.913, 9.686, 9.408, 8.088, 7.532, 7.915, 8.181, 7.066, 5.453, 6.064, 8.028, 5.932, 4.858, 7.133, 6.525, 3.88, 2.891, 3.082, 1.734, 2.418, 3.015, 3.575, 2.957, 2.589, 2.508, 2.049, 1.853, 1.879, 1.714, 1.929, 1.644, 3.03, 3.178, 3.377, 3.699, 4.36, 3.633, 3.461, 2.398, 2.558, 2.58, 2.569, 2.634, 2.795, 2.384, 1.728, 2.788, 3.092], [6.041, 6.059, 3.526, 2.68, 2.201, 2.276, 2.109, 2.384, 2.016, 1.93, 2.373, 3.544, 3.89, 5.19, 5.945, 4.139, 3.385, 4.267, 4.262, 4.383, 5.439, 6.216, 5.685, 3.159, 3.054, 2.713, 1.509, 0.0, 1.785, 2.516, 2.136, 2.113, 2.842, 1.815, 3.394, 4.359, 5.39, 5.323, 4.754, 2.56, 1.51, 3.963, 5.245, 9.451, 11.835, 11.325, 11.158, 11.02, 10.975, 11.425, 11.325, 12.531, 12.965, 11.375, 11.521, 12.599, 11.965, 11.095, 10.39, 9.951, 8.911, 7.106, 6.713, 7.807, 7.248, 6.419, 6.331, 6.61, 4.394, 3.399, 4.595, 4.811, 4.529, 4.469, 4.45, 4.688, 4.872, 4.61, 5.497, 7.384, 6.567, 6.003, 7.1, 8.048, 7.244, 6.554, 7.217, 8.644, 9.517, 8.993, 8.996, 8.715, 7.646, 7.879, 7.681, 6.251, 5.071, 4.73, 3.292, 1.897, 1.74, 1.647, 1.553, 1.945, 2.684, 4.486, 5.104, 4.093, 3.153, 3.776, 3.861, 3.245, 3.944, 6.148, 6.284, 5.071, 5.358, 6.448, 5.767, 7.052, 9.117, 8.741, 8.383, 7.798, 5.312, 3.376, 2.513, 2.832, 2.981, 3.661, 6.369, 6.754, 7.245, 8.609, 8.456, 6.888, 5.813, 5.178, 6.085, 5.938, 3.683, 3.295, 3.955, 2.804, 2.104, 2.334, 2.579, 3.133, 4.324, 6.198, 6.736, 6.448, 5.327, 5.409, 5.795, 6.663, 8.338, 10.398, 10.437, 10.239, 9.917, 8.662, 8.16, 8.504, 9.075, 7.629, 5.864, 6.853, 9.012, 6.742, 5.509, 7.644, 6.891, 4.277, 3.137, 3.377, 2.001, 2.293, 3.025, 3.565, 2.943, 2.433, 2.425, 2.011, 1.854, 1.707, 1.88, 2.417, 2.16, 2.541, 2.257, 2.587, 3.044, 3.514, 2.957, 2.924, 1.879, 2.668, 2.867, 