[[0.0, 3.471, 6.255, 8.179, 9.336, 10.206, 11.952, 12.701, 13.157, 12.15, 10.644, 9.405, 7.85, 7.111, 7.66, 8.022, 9.068, 8.246, 8.436, 7.894, 7.04, 7.243, 7.558, 7.542, 7.799, 7.581, 6.404, 4.062, 2.416, 2.055, 4.278, 7.731, 8.248, 7.722, 7.179, 5.94, 5.829, 7.43, 8.945, 8.334, 8.622, 10.977, 12.397, 12.35, 11.121, 10.606, 10.909, 11.755, 10.835, 10.836, 11.291, 10.6, 9.92, 11.047, 13.228, 14.841, 10.673, 5.347, 3.357, 2.647, 2.175, 2.862, 4.246, 4.712, 4.996, 5.639, 6.518, 6.586, 6.353, 5.219, 5.168, 4.956, 4.87, 4.274, 2.598, 6.502, 6.993, 7.765, 8.168, 7.962, 8.33, 8.579, 8.277, 7.893, 8.629, 10.541, 11.406, 11.786, 12.205, 12.632, 13.645, 14.294, 14.7, 15.775, 16.866, 16.962, 14.729, 13.01, 11.322, 7.645, 4.494, 4.709, 3.579, 3.056, 1.942, 3.462, 3.502, 3.285, 6.2, 9.586, 11.602, 13.526, 14.078, 14.872, 15.443, 15.449, 15.341, 13.461, 10.56, 12.35, 14.133, 11.706, 10.126, 11.206, 13.075, 14.147, 13.469, 12.318, 12.565, 14.338, 12.257, 6.592, 8.199, 10.546, 8.61, 6.995, 6.723, 5.921, 5.341, 5.948, 5.531, 4.066, 4.378, 5.792, 4.578, 4.804], [3.471, 0.0, 3.407, 5.04, 5.979, 6.935, 8.606, 9.412, 9.825, 8.806, 7.325, 6.261, 4.806, 5.083, 6.259, 5.969, 6.831, 6.458, 5.906, 5.704, 5.636, 4.95, 5.155, 5.435, 5.606, 5.734, 4.733, 2.563, 2.112, 3.88, 7.574, 11.04, 11.564, 11.116, 10.443, 9.06, 8.823, 10.712, 12.154, 10.945, 11.783, 14.034, 15.637, 15.555, 14.453, 13.893, 14.27, 15.097, 14.136, 14.146, 14.672, 13.71, 13.043, 14.411, 16.55, 18.224, 13.887, 8.568, 6.674, 5.467, 3.849, 5.307, 7.527, 7.988, 8.346, 8.869, 9.556, 9.89, 9.267, 8.35, 8.5, 8.028, 7.889, 7.185, 1.937, 3.199, 3.648, 4.457, 4.873, 4.734, 4.982, 5.221, 4.911, 4.558, 5.319, 7.252, 8.067, 8.428, 8.854, 9.28, 10.292, 10.936, 11.322, 12.394, 13.486, 13.591, 11.38, 9.617, 8.033, 5.196, 2.704, 3.158, 2.176, 1.46, 2.283, 1.478, 1.669, 1.938, 3.939, 6.653, 8.741, 10.606, 11.082, 11.723, 12.404, 12.302, 12.096, 10.357, 7.791, 9.039, 10.777, 8.388, 6.85, 7.956, 9.819, 10.909, 10.295, 9.374, 9.448, 11.075, 8.954, 3.583, 5.259, 7.203, 5.422, 4.304, 3.764, 3.175, 2.892, 3.446, 3.155, 2.447, 2.047, 3.206, 2.864, 7.616], [6.255, 3.407, 0.0, 2.123, 3.107, 4.089, 5.762, 6.577, 6.988, 5.979, 4.57, 3.609, 2.43, 3.528, 5.523, 5.102, 5.438, 5.397, 4.16, 4.066, 5.045, 4.095, 3.561, 3.487, 3.061, 2.895, 2.431, 3.01, 4.526, 6.711, 10.392, 13.817, 14.442, 13.977, 13.22, 11.866, 11.617, 13.563, 14.941, 13.881, 14.522, 16.762, 18.408, 18.355, 17.257, 16.67, 17.121, 17.952, 16.97, 16.992, 17.458, 16.505, 15.92, 17.256, 19.358, 21.094, 16.699, 11.377, 9.541, 8.244, 6.587, 8.129, 10.326, 10.765, 11.123, 11.67, 12.284, 12.667, 11.995, 11.117, 11.277, 10.756, 10.661, 9.952, 4.439, 1.955, 1.648, 1.891, 2.006, 1.834, 2.167, 2.445, 2.284, 1.887, 2.525, 4.288, 5.156, 5.539, 5.973, 6.395, 7.411, 8.058, 8.458, 9.523, 10.623, 10.71, 8.495, 6.77, 5.237, 2.266, 2.351, 3.332, 3.563, 3.714, 4.826, 3.578, 3.592, 3.674, 1.569, 3.64, 5.708, 7.667, 8.215, 8.839, 9.494, 9.374, 9.316, 7.56, 4.684, 6.191, 7.924, 5.502, 3.932, 5.02, 6.936, 8.073, 7.55, 6.527, 6.7, 8.318, 6.147, 1.299, 2.206, 4.329, 2.491, 2.236, 1.681, 1.265, 2.051, 1.522, 1.802, 2.931, 2.904, 2.857, 5.005, 10.564], [8.179, 5.04, 2.123, 0.0, 1.476, 2.356, 3.981, 4.836, 5.192, 4.125, 2.862, 1.952, 2.227, 3.634, 5.731, 5.279, 4.89, 5.25, 4.577, 4.513, 5.549, 4.611, 3.978, 3.867, 3.159, 2.81, 2.745, 4.76, 6.431, 8.619, 12.316, 15.628, 16.341, 15.895, 15.073, 13.753, 13.561, 15.476, 16.895, 15.758, 16.383, 18.673, 20.248, 20.274, 19.144, 18.495, 19.038, 19.856, 18.88, 18.902, 19.32, 18.417, 17.88, 19.171, 21.281, 23.012, 18.593, 13.259, 11.456, 10.106, 8.45, 10.046, 12.228, 12.635, 13.008, 13.569, 14.18, 14.549, 13.9, 12.959, 13.118, 12.655, 12.471, 11.801, 5.919, 2.863, 2.243, 1.763, 1.464, 1.18, 1.871, 2.201, 2.012, 1.29, 1.167, 2.464, 3.438, 3.734, 4.076, 4.501, 5.522, 6.169, 6.576, 7.605, 8.71, 8.8, 6.6, 4.98, 3.374, 1.504, 4.043, 5.209, 5.398, 5.638, 6.681, 5.213, 5.215, 5.506, 2.743, 2.2, 4.128, 5.81, 6.387, 7.076, 7.721, 7.728, 7.575, 5.868, 3.325, 4.493, 6.104, 3.622, 2.113, 3.239, 5.023, 6.2, 5.706, 4.868, 4.96, 6.442, 4.255, 2.13, 1.563, 2.909, 1.095, 1.914, 1.903, 2.604, 3.317, 2.533, 3.032, 4.802, 4.386, 3.84, 6.246, 12.409], [9.336, 5.979, 3.107, 1.476, 0.0, 1.449, 2.845, 3.688, 4.014, 3.096, 2.014, 1.563, 2.309, 3.769, 5.81, 5.232, 4.91, 5.216, 4.699, 4.575, 5.647, 4.672, 4.067, 3.925, 3.224, 3.013, 3.508, 5.876, 7.578, 9.766, 13.453, 16.862, 17.495, 17.05, 16.307, 14.9, 14.705, 16.616, 18.038, 16.784, 17.544, 19.766, 21.483, 21.452, 20.354, 19.726, 20.191, 21.005, 20.023, 20.044, 20.555, 19.602, 18.973, 20.313, 22.424, 24.157, 19.702, 14.366, 12.601, 11.337, 9.684, 11.226, 13.425, 13.826, 14.207, 14.764, 15.29, 15.736, 15.017, 14.145, 14.353, 13.76, 13.677, 12.936, 7.013, 3.791, 3.119, 2.161, 1.679, 1.675, 2.249, 2.301, 2.371, 2.004, 1.452, 1.581, 2.356, 2.561, 2.944, 3.343, 4.364, 5.017, 5.447, 6.464, 7.565, 7.658, 5.439, 3.727, 2.283, 2.24, 5.181, 6.202, 6.397, 6.743, 7.78, 6.114, 6.327, 6.593, 3.582, 1.722, 3.177, 4.913, 5.371, 6.028, 6.717, 6.641, 6.478, 4.769, 2.27, 3.2, 4.874, 2.499, 1.203, 2.109, 3.936, 5.151, 4.574, 3.772, 3.822, 5.331, 3.13, 2.816, 1.692, 2.105, 1.25, 2.613, 2.804, 3.653, 4.434, 3.715, 4.164, 5.902, 5.361, 4.715, 7.148, 13.526], [10.206, 6.935, 4.089, 2.356, 1.449, 0.0, 1.916, 2.696, 3.048, 2.027, 1.421, 1.527, 2.834, 3.993, 5.995, 5.532, 5.078, 5.426, 4.841, 4.827, 5.797, 4.825, 4.302, 4.211, 3.541, 3.223, 4.389, 6.762, 8.457, 10.653, 14.335, 17.761, 18.381, 17.895, 17.168, 15.815, 15.6, 17.506, 18.887, 17.788, 18.516, 20.797, 22.366, 22.284, 21.179, 20.618, 21.054, 21.884, 20.91, 20.931, 21.377, 20.455, 19.872, 21.183, 23.304, 25.012, 20.688, 15.368, 13.476, 12.165, 10.498, 12.05, 14.247, 14.716, 15.05, 15.606, 16.302, 16.603, 16.026, 15.084, 15.203, 14.778, 14.62, 13.925, 7.992, 4.509, 3.921, 3.086, 2.59, 2.608, 2.669, 2.513, 2.839, 2.88, 2.322, 1.782, 2.206, 2.149, 2.27, 2.617, 3.544, 4.172, 4.576, 5.61, 6.7, 6.804, 4.603, 3.007, 1.445, 3.222, 6.037, 7.262, 7.449, 7.67, 8.794, 7.115, 7.299, 7.573, 4.477, 1.693, 2.546, 3.999, 4.367, 5.078, 5.894, 5.802, 5.596, 3.978, 2.08, 2.826, 4.063, 1.936, 1.206, 1.623, 3.113, 4.163, 3.635, 3.014, 2.93, 4.274, 2.234, 3.704, 2.325, 1.842, 1.871, 3.528, 3.624, 4.566, 5.267, 4.569, 5.056, 6.926, 6.405, 5.492, 7.932, 14.429], [11.952, 8.606, 5.762, 3.981, 2.845, 1.916, 0.0, 1.128, 1.427, 1.042, 1.677, 2.779, 4.364, 5.456, 7.251, 6.615, 6.055, 6.438, 6.039, 6.003, 7.028, 6.025, 5.498, 5.435, 5.028, 4.784, 6.097, 8.491, 10.185, 12.395, 16.066, 19.467, 20.107, 19.637, 18.907, 17.509, 17.314, 19.234, 20.64, 19.451, 20.182, 22.44, 24.083, 24.058, 22.94, 22.325, 22.788, 23.622, 22.643, 22.663, 23.144, 22.209, 21.603, 22.926, 25.032, 26.754, 22.338, 17.017, 15.203, 13.928, 12.273, 13.809, 16.023, 16.431, 16.8, 17.363, 17.959, 18.331, 17.674, 16.774, 16.946, 16.432, 16.297, 15.588, 9.652, 5.885, 5.51, 4.7, 4.142, 4.229, 3.994, 3.95, 4.13, 4.342, 3.907, 2.421, 2.051, 1.609, 1.744, 2.011, 2.509, 2.494, 2.958, 3.892, 4.978, 5.083, 3.194, 1.371, 1.62, 4.732, 7.784, 8.901, 9.084, 9.388, 10.449, 8.784, 8.955, 9.248, 6.119, 3.116, 2.051, 2.801, 3.077, 3.716, 4.512, 4.419, 4.196, 2.83, 2.483, 2.149, 2.641, 1.372, 2.262, 1.458, 1.71, 2.651, 2.246, 2.095, 1.811, 2.637, 1.159, 5.433, 3.833, 1.912, 3.47, 5.203, 5.378, 6.247, 7.055, 6.341, 6.786, 8.573, 8.042, 7.045, 9.263, 16.164], [12.701, 9.412, 6.577, 4.836, 3.688, 2.696, 1.128, 0.0, 0.747, 1.357, 2.331, 3.491, 5.103, 6.187, 7.868, 7.298, 6.8, 7.053, 6.649, 6.681, 7.577, 6.587, 6.14, 6.106, 5.703, 5.525, 6.896, 9.289, 10.97, 13.198, 16.868, 20.274, 20.881, 20.395, 19.676, 18.359, 18.04, 20.018, 21.401, 20.249, 20.985, 23.231, 24.866, 24.784, 23.684, 23.126, 23.554, 24.397, 23.442, 23.451, 23.896, 22.944, 22.359, 23.701, 25.837, 27.512, 23.185, 17.864, 15.977, 14.695, 13.026, 14.55, 16.801, 17.26, 17.582, 18.119, 18.748, 19.133, 18.483, 17.576, 17.731, 17.215, 17.117, 16.385, 10.496, 6.687, 6.321, 5.534, 4.977, 5.061, 4.636, 4.72, 4.821, 5.135, 4.756, 3.272, 2.601, 2.29, 2.445, 2.484, 2.696, 2.401, 2.624, 3.573, 4.495, 4.617, 3.262, 1.55, 2.303, 5.488, 8.537, 9.723, 9.918, 10.167, 11.232, 9.567, 9.811, 10.027, 6.88, 3.749, 2.411, 2.613, 2.903, 3.418, 4.121, 3.997, 3.768, 2.527, 3.043, 2.498, 2.452, 1.822, 3.058, 2.178, 1.579, 2.109, 1.813, 2.33, 1.936, 2.181, 1.655, 6.207, 4.683, 2.568, 4.272, 6.009, 6.195, 6.996, 7.845, 7.179, 7.593, 9.364, 8.91, 7.911, 10.117, 16.957], [13.157, 9.825, 6.988, 5.192, 4.014, 3.048, 1.427, 0.747, 0.0, 1.435, 2.686, 3.918, 5.558, 6.533, 8.101, 7.373, 6.732, 7.175, 6.776, 6.856, 7.8, 6.826, 6.419, 6.368, 6.019, 5.876, 7.367, 9.749, 11.445, 13.656, 17.336, 20.764, 21.354, 20.868, 20.167, 18.817, 18.52, 20.489, 21.872, 20.639, 21.475, 23.702, 25.357, 25.275, 24.175, 23.617, 24.027, 24.868, 23.914, 23.923, 24.387, 23.435, 22.832, 24.172, 26.308, 27.985, 23.657, 18.335, 16.45, 15.186, 13.517, 15.023, 17.268, 17.727, 18.065, 18.592, 19.226, 19.61, 18.939, 18.066, 18.222, 17.696, 17.594, 16.87, 10.916, 7.007, 6.647, 5.816, 5.355, 5.463, 5.04, 4.868, 5.075, 5.595, 5.036, 3.363, 2.722, 2.294, 2.422, 2.284, 2.455, 1.979, 2.197, 3.106, 4.064, 4.186, 3.028, 1.368, 2.501, 5.978, 9.01, 10.188, 10.332, 10.607, 11.716, 10.028, 10.159, 10.473, 7.299, 4.122, 2.602, 2.689, 2.934, 3.511, 4.155, 3.987, 3.764, 2.598, 3.474, 2.601, 2.248, 2.034, 3.314, 2.453, 1.756, 2.06, 1.958, 2.454, 2.131, 1.977, 1.733, 6.674, 5.156, 2.897, 4.751, 6.499, 6.604, 7.443, 8.199, 7.549, 8.026, 9.837, 9.235, 8.127, 10.394, 17.38], [12.15, 8.806, 5.979, 4.125, 3.096, 2.027, 1.042, 1.357, 1.435, 0.0, 1.789, 2.965, 4.6, 5.654, 7.208, 6.649, 6.075, 6.573, 6.107, 6.063, 7.055, 6.072, 5.47, 5.474, 5.051, 4.835, 6.31, 8.686, 10.38, 12.568, 16.259, 19.59, 20.296, 19.834, 19.029, 17.721, 17.522, 19.445, 20.826, 19.683, 20.376, 22.602, 24.197, 24.2, 23.099, 22.478, 22.977, 23.795, 22.835, 22.852, 23.267, 22.357, 21.808, 23.11, 25.233, 26.951, 22.591, 17.27, 15.397, 14.051, 12.393, 13.985, 16.182, 16.622, 16.957, 17.538, 18.14, 18.512, 17.834, 16.913, 17.055, 16.595, 16.449, 15.75, 9.812, 6.015, 5.615, 4.738, 4.283, 4.414, 4.208, 3.977, 4.291, 4.496, 3.954, 2.759, 2.54, 2.121, 2.147, 2.324, 2.768, 2.569, 2.915, 3.848, 4.886, 5.021, 3.441, 1.588, 1.758, 4.905, 7.976, 9.174, 9.321, 9.594, 10.654, 8.957, 9.082, 9.416, 6.314, 3.3, 2.335, 2.842, 3.282, 3.878, 4.612, 4.632, 4.314, 3.063, 3.135, 2.882, 2.8, 1.823, 2.358, 2.259, 1.951, 2.638, 2.462, 2.656, 2.325, 2.717, 1.743, 5.638, 4.105, 1.952, 3.685, 5.383, 5.554, 6.471, 7.139, 6.48, 6.878, 8.73, 8.117, 7.097, 9.453, 16.358], [10.644, 7.325, 4.57, 2.862, 2.014, 1.421, 1.677, 2.331, 2.686, 1.789, 0.0, 1.596, 3.455, 4.828, 6.954, 6.504, 6.13, 6.416, 5.752, 5.658, 6.65, 5.686, 5.135, 4.958, 4.178, 3.853, 4.793, 7.173, 8.873, 11.061, 14.72, 18.147, 18.77, 18.305, 17.558, 16.174, 15.991, 17.891, 19.289, 18.15, 18.887, 21.15, 22.742, 22.703, 21.605, 21.0, 21.449, 22.279, 21.298, 21.319, 21.806, 20.853, 20.248, 21.583, 23.685, 25.424, 21.02, 15.701, 13.868, 12.588, 10.935, 12.477, 14.696, 15.11, 15.458, 16.015, 16.661, 16.997, 16.383, 15.455, 15.607, 15.133, 14.994, 14.29, 8.38, 4.724, 4.286, 3.561, 3.002, 3.115, 2.905, 2.882, 3.035, 3.281, 2.937, 2.715, 3.087, 2.811, 2.769, 2.871, 3.376, 3.744, 4.146, 5.196, 6.294, 6.378, 4.443, 2.592, 1.69, 3.591, 6.449, 7.614, 7.773, 8.026, 9.15, 7.69, 7.92, 8.15, 5.202, 2.344, 3.018, 4.176, 4.388, 5.133, 5.861, 5.861, 5.586, 4.262, 2.884, 3.412, 4.189, 2.252, 1.87, 2.21, 3.008, 3.908, 3.419, 2.863, 2.808, 3.915, 2.207, 4.156, 2.636, 1.546, 2.535, 3.98, 4.072, 4.927, 5.654, 4.971, 5.435, 7.28, 6.793, 5.791, 7.954, 14.808], [9.405, 6.261, 3.609, 1.952, 1.563, 1.527, 2.779, 3.491, 3.918, 2.965, 1.596, 0.0, 2.283, 3.894, 6.099, 5.693, 5.316, 5.299, 4.747, 4.791, 5.661, 4.783, 4.22, 4.025, 3.181, 2.872, 3.725, 5.911, 7.573, 9.744, 13.513, 17.02, 17.484, 17.038, 16.424, 15.025, 14.865, 16.635, 18.1, 17.076, 17.796, 20.12, 21.623, 21.545, 20.419, 19.873, 20.201, 20.968, 20.045, 20.077, 20.585, 19.753, 19.064, 20.321, 22.503, 24.145, 19.837, 14.507, 12.633, 11.412, 9.72, 11.214, 13.478, 13.988, 14.288, 14.848, 15.611, 15.844, 15.364, 14.368, 14.463, 14.09, 13.888, 13.243, 7.405, 3.904, 3.356, 2.987, 2.251, 2.272, 2.118, 2.221, 2.382, 2.329, 2.027, 2.591, 3.313, 3.224, 3.371, 3.541, 4.413, 5.048, 5.448, 6.524, 7.617, 7.709, 5.514, 3.797, 2.23, 2.447, 5.175, 6.495, 6.674, 6.833, 8.105, 6.677, 6.957, 7.129, 4.203, 2.263, 3.612, 5.043, 5.266, 6.101, 6.743, 6.836, 6.47, 4.904, 2.836, 3.861, 5.181, 3.001, 2.112, 2.64, 4.049, 5.042, 4.296, 3.591, 3.57, 5.023, 3.072, 3.264, 2.32, 2.383, 1.705, 3.056, 3.08, 3.843, 4.4, 3.856, 4.402, 6.259, 5.816, 4.878, 7.02, 13.572], [7.85, 4.806, 2.43, 2.227, 2.309, 2.834, 4.364, 5.103, 5.558, 4.6, 3.455, 2.283, 0.0, 2.278, 4.362, 3.961, 4.123, 3.89, 2.873, 2.984, 3.744, 2.885, 2.338, 2.091, 1.675, 1.93, 2.648, 4.366, 6.034, 8.214, 11.934, 15.403, 15.885, 15.527, 14.809, 13.453, 13.342, 15.049, 16.558, 15.617, 16.187, 18.545, 20.007, 19.982, 18.831, 18.262, 18.668, 19.409, 18.424, 18.494, 19.032, 18.18, 17.516, 18.79, 20.909, 22.634, 18.194, 12.864, 11.078, 9.827, 8.162, 9.703, 11.926, 12.374, 12.706, 13.25, 14.058, 14.254, 13.831, 12.761, 12.86, 12.503, 12.348, 11.662, 6.004, 3.445, 2.978, 3.042, 2.44, 2.305, 2.356, 2.873, 2.913, 2.674, 2.16, 3.184, 3.965, 4.213, 4.577, 4.938, 5.961, 6.591, 6.99, 8.062, 9.16, 9.247, 7.032, 5.29, 3.633, 2.478, 4.017, 4.812, 5.127, 5.315, 6.504, 5.004, 5.322, 5.46, 2.738, 3.027, 4.486, 6.134, 6.534, 7.271, 7.813, 7.938, 7.666, 5.95, 3.6, 4.859, 6.512, 4.288, 3.072, 3.636, 5.387, 6.477, 5.85, 4.843, 5.007, 6.609, 4.624, 2.926, 2.438, 3.606, 2.177, 2.378, 2.192, 2.482, 3.234, 2.627, 2.945, 4.719, 4.373, 4.155, 6.068, 12.161], [7.111, 5.083, 3.528, 3.634, 3.769, 3.993, 5.456, 6.187, 6.533, 5.654, 4.828, 3.894, 2.278, 0.0, 2.358, 2.161, 2.528, 2.047, 2.212, 1.849, 2.19, 1.667, 1.645, 1.59, 1.811, 1.821, 2.477, 3.752, 5.559, 7.499, 11.189, 14.648, 15.259, 14.736, 14.053, 12.686, 12.525, 14.384, 15.749, 14.89, 15.419, 17.742, 19.251, 19.19, 18.074, 17.501, 17.899, 18.728, 17.788, 17.803, 18.234, 17.384, 16.773, 18.033, 20.169, 21.854, 17.569, 12.239, 10.342, 9.034, 7.36, 8.888, 11.092, 11.599, 11.916, 12.499, 13.239, 13.473, 13.004, 11.992, 12.09, 11.704, 11.523, 10.87, 6.128, 5.066, 4.787, 4.56, 3.985, 3.814, 4.02, 4.429, 4.562, 4.235, 3.476, 4.055, 4.861, 5.034, 5.287, 5.801, 6.896, 7.471, 7.884, 8.773, 9.863, 9.984, 7.788, 6.111, 4.558, 3.704, 4.77, 4.454, 4.528, 4.913, 5.977, 4.646, 4.499, 4.489, 3.264, 3.536, 4.717, 6.608, 7.16, 7.87, 8.498, 8.53, 8.436, 6.571, 4.12, 5.677, 7.37, 5.373, 4.344, 4.839, 6.462, 7.208, 6.777, 6.123, 6.258, 7.527, 5.517, 4.426, 3.811, 5.258, 3.758, 2.786, 3.028, 3.357, 3.662, 3.332, 2.944, 4.074, 4.376, 5.707, 7.096, 11.396], [7.66, 6.259, 5.523, 5.731, 5.81, 5.995, 7.251, 7.868, 8.101, 7.208, 6.954, 6.099, 4.362, 2.358, 0.0, 1.984, 2.863, 2.346, 3.199, 2.539, 1.756, 2.405, 2.669, 2.711, 3.338, 3.574, 3.798, 4.541, 6.437, 7.221, 10.474, 13.694, 14.445, 14.11, 13.285, 12.24, 12.038, 13.599, 15.281, 14.697, 14.656, 16.786, 18.38, 18.424, 17.258, 16.596, 17.137, 17.955, 16.978, 17.001, 17.428, 16.656, 16.046, 17.27, 19.383, 21.111, 16.678, 11.341, 9.684, 8.399, 7.323, 8.282, 10.391, 10.737, 11.195, 11.883, 12.381, 12.705, 12.312, 11.261, 11.318, 10.848, 11.045, 10.482, 7.429, 6.808, 6.58, 6.396, 5.847, 5.769, 6.075, 6.442, 6.561, 6.135, 5.356, 5.737, 6.184, 6.379, 6.546, 6.934, 8.047, 8.54, 8.742, 9.565, 10.612, 10.708, 8.659, 7.358, 6.114, 5.713, 6.556, 4.589, 4.937, 5.905, 6.805, 5.687, 5.307, 5.101, 4.907, 5.352, 5.954, 7.708, 8.286, 8.92, 9.56, 9.523, 9.495, 7.678, 5.669, 7.284, 8.613, 7.133, 6.234, 6.744, 7.978, 8.55, 8.554, 8.039, 8.174, 8.964, 7.342, 6.5, 5.801, 7.188, 5.733, 4.716, 5.123, 5.363, 5.759, 5.527, 4.764, 4.578, 5.731, 7.661, 8.702, 11.607], [8.022, 5.969, 5.102, 5.279, 5.232, 5.532, 6.615, 7.298, 7.373, 6.649, 6.504, 5.693, 3.961, 2.161, 1.984, 0.0, 1.561, 1.296, 2.175, 1.835, 1.873, 1.686, 1.991, 2.297, 3.036, 3.351, 4.037, 4.886, 6.741, 8.171, 11.821, 15.115, 15.845, 15.393, 14.583, 13.264, 13.023, 14.981, 16.375, 15.263, 15.826, 17.999, 19.741, 19.749, 18.657, 18.014, 18.545, 19.365, 18.386, 18.413, 18.834, 17.901, 17.34, 18.679, 20.787, 22.503, 18.067, 12.744, 10.966, 9.626, 8.047, 9.559, 11.739, 12.153, 12.524, 13.087, 13.549, 14.066, 13.278, 12.381, 12.625, 11.987, 11.929, 11.203, 7.123, 6.278, 6.024, 5.851, 5.355, 5.287, 5.503, 5.845, 6.0, 5.668, 4.834, 5.096, 5.535, 5.541, 5.655, 5.944, 7.064, 7.609, 7.671, 8.135, 9.205, 9.377, 7.191, 6.48, 5.484, 5.638, 6.553, 5.406, 4.943, 5.851, 6.692, 5.506, 4.962, 5.206, 4.737, 5.179, 5.467, 6.617, 7.214, 7.647, 8.316, 8.217, 8.175, 6.845, 5.597, 6.614, 7.621, 6.57, 5.709, 6.116, 7.205, 7.88, 7.926, 7.444, 7.544, 8.146, 6.802, 6.117, 5.467, 6.634, 5.347, 4.313, 4.577, 4.879, 5.267, 5.018, 4.376, 4.598, 5.207, 7.032, 8.202, 12.016], [9.068, 6.831, 5.438, 4.89, 4.91, 5.078, 6.055, 6.8, 6.732, 6.075, 6.13, 5.316, 4.123, 2.528, 2.863, 1.561, 0.0, 1.273, 2.351, 2.177, 2.689, 2.418, 2.44, 2.828, 3.415, 3.465, 4.152, 5.585, 7.615, 9.319, 13.008, 16.345, 17.044, 16.57, 15.78, 14.477, 14.266, 16.184, 17.593, 16.438, 17.11, 19.351, 20.951, 20.967, 19.852, 19.222, 19.71, 20.534, 19.574, 19.597, 20.019, 19.115, 18.577, 19.855, 21.974, 23.682, 19.324, 14.003, 12.145, 10.799, 9.227, 10.709, 12.915, 13.361, 13.708, 14.289, 14.876, 15.269, 14.586, 13.658, 13.809, 13.343, 13.194, 12.5, 7.731, 6.6, 6.252, 5.732, 5.38, 5.186, 5.36, 5.747, 5.96, 5.544, 4.605, 4.609, 5.112, 5.095, 5.167, 5.414, 6.558, 7.027, 6.933, 7.038, 8.064, 8.233, 6.243, 5.964, 4.917, 5.402, 7.02, 6.265, 6.136, 6.836, 7.745, 6.406, 5.901, 6.275, 5.161, 4.754, 4.769, 5.475, 6.034, 6.456, 7.14, 7.06, 7.009, 5.994, 5.024, 5.996, 7.054, 6.132, 5.339, 5.585, 6.666, 7.164, 7.222, 6.945, 6.993, 7.401, 6.139, 6.265, 5.498, 6.476, 5.033, 4.235, 4.51, 5.199, 5.298, 5.076, 4.932, 5.684, 5.88, 7.222, 8.719, 13.116], [8.246, 6.458, 5.397, 5.25, 5.216, 5.426, 6.438, 7.053, 7.175, 6.573, 6.416, 5.299, 3.89, 2.047, 2.346, 1.296, 1.273, 0.0, 1.985, 1.776, 1.953, 1.904, 2.257, 2.342, 2.885, 3.152, 3.841, 4.813, 6.774, 8.452, 12.177, 15.679, 16.15, 15.692, 15.104, 13.726, 13.586, 15.324, 16.836, 15.91, 16.494, 18.822, 20.311, 20.244, 19.071, 18.551, 18.858, 19.664, 18.727, 18.732, 19.274, 18.454, 17.754, 19.0, 21.159, 22.805, 18.563, 13.229, 11.264, 10.062, 8.429, 9.89, 12.135, 12.637, 12.941, 13.516, 14.328, 14.524, 14.102, 13.069, 13.118, 12.792, 12.621, 11.971, 7.793, 6.947, 6.665, 6.272, 5.73, 5.537, 5.787, 6.215, 6.374, 5.882, 5.128, 5.17, 5.6, 5.526, 5.663, 5.973, 7.113, 7.614, 7.578, 7.998, 9.024, 9.205, 7.11, 6.334, 5.204, 5.259, 6.447, 5.653, 5.517, 6.175, 7.274, 6.179, 5.747, 5.74, 5.07, 4.851, 4.829, 5.934, 6.452, 6.979, 7.486, 7.575, 7.444, 5.993, 4.914, 6.41, 7.519, 6.674, 5.86, 5.992, 7.085, 7.456, 7.322, 6.741, 6.939, 7.66, 6.482, 6.231, 5.541, 6.862, 5.252, 4.503, 4.825, 5.17, 5.242, 5.168, 4.681, 5.242, 5.953, 7.564, 8.742, 12.418], [8.436, 5.906, 4.16, 4.577, 4.699, 4.841, 6.039, 6.649, 6.776, 6.107, 5.752, 4.747, 2.873, 2.212, 3.199, 2.175, 2.351, 1.985, 0.0, 1.292, 2.375, 1.56, 1.666, 1.775, 2.424, 2.84, 3.84, 4.978, 6.621, 8.773, 12.543, 16.019, 16.438, 16.079, 15.427, 14.119, 13.935, 15.642, 17.195, 16.266, 16.81, 19.119, 20.629, 20.572, 19.42, 18.875, 19.235, 19.988, 19.032, 19.087, 19.637, 18.749, 18.077, 19.37, 21.518, 23.186, 18.797, 13.459, 11.649, 10.43, 8.771, 10.258, 12.487, 12.975, 13.315, 13.876, 14.657, 14.863, 14.447, 13.378, 13.468, 13.088, 12.998, 12.275, 6.9, 5.438, 5.309, 5.288, 4.862, 4.608, 4.739, 5.112, 5.409, 5.155, 4.422, 4.797, 5.222, 5.15, 5.279, 5.62, 6.77, 7.232, 7.244, 7.756, 8.781, 8.986, 6.847, 5.961, 4.756, 4.662, 5.201, 5.384, 5.764, 5.913, 7.169, 5.668, 5.718, 5.837, 3.768, 4.053, 4.497, 5.689, 6.234, 6.763, 7.26, 7.351, 7.183, 5.701, 4.489, 6.023, 7.132, 6.254, 5.281, 5.593, 6.696, 7.081, 6.982, 6.415, 6.562, 7.235, 6.094, 4.875, 4.514, 6.171, 4.711, 3.757, 3.666, 3.979, 4.474, 4.115, 3.995, 5.396, 5.451, 6.309, 7.598, 12.769], [7.894, 5.704, 4.066, 4.513, 4.575, 4.827, 6.003, 6.681, 6.856, 6.063, 5.658, 4.791, 2.984, 1.849, 2.539, 1.835, 2.177, 1.776, 1.292, 0.0, 1.943, 1.378, 1.38, 1.486, 2.249, 2.564, 3.425, 4.481, 6.1, 8.249, 11.932, 15.363, 15.98, 15.53, 14.788, 13.591, 13.445, 15.101, 16.61, 15.837, 16.17, 18.509, 19.987, 19.972, 18.833, 18.216, 18.665, 19.486, 18.507, 18.529, 19.034, 18.193, 17.535, 18.793, 20.903, 22.623, 18.206, 12.885, 11.071, 9.824, 8.181, 9.7, 11.897, 12.311, 12.686, 13.344, 14.05, 14.219, 13.858, 12.714, 12.832, 12.486, 12.445, 11.754, 6.546, 5.554, 5.263, 5.148, 4.749, 4.485, 4.611, 4.93, 5.307, 5.054, 4.351, 4.721, 5.154, 5.159, 5.346, 5.622, 6.758, 7.231, 7.276, 8.008, 9.081, 9.183, 6.992, 5.973, 4.707, 4.461, 5.2, 4.959, 5.32, 5.518, 6.636, 5.276, 5.375, 5.355, 3.735, 4.14, 4.698, 6.075, 6.618, 7.179, 7.741, 7.781, 7.679, 6.118, 4.523, 6.082, 7.167, 6.179, 5.206, 5.591, 6.811, 7.227, 7.185, 6.577, 6.825, 7.464, 6.09, 4.839, 4.384, 6.083, 4.62, 3.564, 3.582, 3.97, 4.274, 4.087, 3.64, 4.772, 4.937, 6.169, 7.479, 12.431], [7.04, 5.636, 5.045, 5.549, 5.647, 5.797, 7.028, 7.577, 7.8, 7.055, 6.65, 5.661, 3.744, 2.19, 1.756, 1.873, 2.689, 1.953, 2.375, 1.943, 0.0, 1.309, 1.863, 2.037, 2.783, 3.089, 3.733, 3.687, 5.696, 6.893, 10.465, 13.905, 14.455, 14.018, 13.412, 12.293, 12.119, 13.647, 15.274, 14.551, 14.905, 17.261, 18.659, 18.621, 17.275, 16.773, 17.123, 17.967, 17.008, 17.017, 17.5, 16.869, 16.227, 17.309, 19.424, 21.099, 16.904, 11.619, 9.556, 8.305, 6.856, 8.133, 10.437, 10.911, 11.161, 11.942, 12.799, 12.83, 12.609, 11.443, 11.318, 11.239, 11.17, 10.505, 6.98, 6.384, 6.176, 6.233, 5.756, 5.537, 5.659, 6.108, 6.437, 6.14, 5.444, 5.72, 6.111, 6.181, 6.449, 6.707, 7.812, 8.322, 8.525, 9.527, 10.617, 10.708, 8.488, 7.124, 5.788, 5.179, 5.661, 4.607, 4.622, 5.356, 6.343, 5.416, 5.106, 5.073, 4.538, 5.305, 5.703, 7.305, 7.888, 8.622, 9.209, 9.253, 9.132, 7.339, 5.649, 7.065, 8.309, 7.203, 6.262, 6.604, 7.908, 8.288, 8.122, 7.477, 7.715, 8.541, 7.177, 5.83, 5.456, 7.055, 5.628, 4.506, 4.586, 4.662, 4.891, 4.899, 4.385, 4.448, 5.306, 7.13, 8.041, 11.177], [7.243, 4.95, 4.095, 4.611, 4.672, 4.825, 6.025, 6.587, 6.826, 6.072, 5.686, 4.783, 2.885, 1.667, 2.405, 1.686, 2.418, 1.904, 1.56, 1.378, 1.309, 0.0, 1.01, 1.452, 2.311, 2.683, 3.617, 4.112, 5.729, 7.729, 11.394, 14.831, 15.433, 14.958, 14.235, 12.924, 12.693, 14.556, 15.938, 15.105, 15.582, 17.878, 19.433, 19.318, 18.232, 17.684, 18.101, 18.932, 17.977, 17.981, 18.434, 17.516, 16.923, 18.236, 20.365, 22.077, 17.753, 12.434, 10.521, 9.229, 7.563, 9.105, 11.33, 11.812, 12.113, 12.679, 13.394, 13.662, 13.165, 12.152, 12.273, 11.839, 11.761, 11.059, 6.201, 5.463, 5.276, 5.252, 4.789, 4.56, 4.697, 5.143, 5.445, 5.142, 4.447, 4.716, 5.11, 5.207, 5.491, 5.701, 6.796, 7.325, 7.526, 8.546, 9.642, 9.73, 7.494, 6.156, 4.851, 4.543, 5.135, 4.84, 4.686, 4.979, 6.037, 4.764, 4.809, 4.913, 3.876, 4.465, 4.93, 6.528, 7.083, 7.686, 8.357, 8.311, 8.242, 6.519, 4.812, 6.185, 7.311, 6.218, 5.277, 5.616, 6.97, 7.363, 7.256, 6.686, 6.874, 7.592, 6.217, 4.926, 4.531, 6.101, 4.677, 3.703, 3.69, 3.9, 4.294, 4.093, 3.563, 4.314, 4.702, 6.226, 7.184, 11.665], [7.558, 5.155, 3.561, 3.978, 4.067, 4.302, 5.498, 6.14, 6.419, 5.47, 5.135, 4.22, 2.338, 1.645, 2.669, 1.991, 2.44, 2.257, 1.666, 1.38, 1.863, 1.01, 0.0, 0.984, 1.846, 2.212, 3.162, 4.192, 5.86, 8.038, 11.69, 14.957, 15.741, 15.276, 14.432, 13.139, 12.976, 14.861, 16.276, 15.408, 15.752, 18.037, 19.586, 19.649, 18.519, 17.865, 18.419, 19.25, 18.268, 18.29, 18.689, 17.818, 17.264, 18.554, 20.656, 22.395, 17.965, 12.623, 10.839, 9.481, 7.822, 9.423, 11.635, 12.031, 12.383, 12.949, 13.573, 13.923, 13.308, 12.272, 12.474, 11.998, 11.834, 11.216, 5.993, 4.881, 4.591, 4.58, 4.107, 3.965, 4.175, 4.626, 4.899, 4.469, 3.779, 4.109, 4.496, 4.752, 5.029, 5.276, 6.325, 6.932, 7.156, 8.231, 9.342, 9.412, 7.176, 5.858, 4.435, 3.993, 4.787, 4.702, 4.908, 5.118, 6.129, 4.754, 4.917, 4.934, 3.394, 4.121, 4.66, 6.303, 6.882, 7.532, 8.155, 8.18, 8.062, 6.338, 4.51, 5.832, 6.984, 5.53, 4.639, 5.133, 6.453, 7.027, 6.989, 6.31, 6.43, 7.375, 5.786, 4.422, 3.934, 5.428, 4.045, 3.101, 3.138, 3.427, 3.779, 3.627, 3.078, 4.197, 4.375, 5.597, 6.963, 11.974], [7.542, 5.435, 3.487, 3.867, 3.925, 4.211, 5.435, 6.106, 6.368, 5.474, 4.958, 4.025, 2.091, 1.59, 2.711, 2.297, 2.828, 2.342, 1.775, 1.486, 2.037, 1.452, 0.984, 0.0, 1.256, 1.572, 2.632, 4.228, 5.817, 7.83, 11.485, 14.892, 15.504, 15.083, 14.377, 13.067, 12.99, 14.625, 16.175, 15.372, 15.737, 18.111, 19.579, 19.615, 18.38, 17.76, 18.217, 19.013, 18.031, 18.053, 18.581, 17.817, 17.157, 18.339, 20.45, 22.183, 17.777, 12.455, 10.627, 9.363, 7.723, 9.251, 11.523, 11.895, 12.244, 12.856, 13.629, 13.798, 13.419, 12.319, 12.378, 12.071, 11.958, 11.263, 6.311, 4.985, 4.643, 4.566, 4.058, 3.847, 4.083, 4.501, 4.73, 4.433, 3.749, 4.187, 4.56, 4.763, 5.151, 5.449, 6.487, 7.102, 7.377, 8.453, 9.554, 9.639, 7.413, 5.813, 4.373, 3.764, 4.439, 4.452, 4.86, 5.116, 6.275, 5.084, 5.178, 5.045, 3.202, 3.928, 4.61, 6.355, 6.911, 7.644, 8.175, 8.29, 8.116, 6.334, 4.33, 5.766, 6.997, 5.581, 4.592, 5.123, 6.539, 7.053, 6.851, 6.102, 6.257, 7.341, 5.66, 4.273, 3.781, 5.392, 3.947, 3.03, 3.058, 3.269, 3.583, 3.352, 3.045, 4.333, 4.676, 5.586, 7.055, 11.903], [7.799, 5.606, 3.061, 3.159, 3.224, 3.541, 5.028, 5.703, 6.019, 5.051, 4.178, 3.181, 1.675, 1.811, 3.338, 3.036, 3.415, 2.885, 2.424, 2.249, 2.783, 2.311, 1.846, 1.256, 0.0, 1.02, 2.256, 4.3, 6.021, 7.965, 11.624, 15.124, 15.606, 15.122, 14.572, 13.238, 13.109, 14.799, 16.319, 15.431, 15.977, 18.349, 19.795, 19.737, 18.497, 17.992, 18.297, 19.14, 18.191, 18.195, 18.704, 17.976, 17.278, 18.446, 20.591, 22.23, 18.067, 12.731, 10.678, 9.495, 7.878, 9.334, 11.621, 12.129, 12.384, 13.001, 13.862, 13.976, 13.634, 12.559, 12.541, 12.307, 12.168, 11.489, 6.592, 4.625, 4.125, 3.91, 3.326, 3.134, 3.413, 3.867, 4.052, 3.711, 3.086, 3.725, 4.254, 4.535, 4.971, 5.302, 6.279, 6.903, 7.299, 8.38, 9.472, 9.57, 7.34, 5.641, 4.158, 3.0, 3.982, 4.713, 5.076, 5.326, 6.549, 5.474, 5.43, 5.369, 2.887, 3.335, 4.307, 6.146, 6.726, 7.518, 8.08, 8.114, 7.95, 6.096, 3.867, 5.421, 6.837, 5.018, 3.911, 4.63, 6.221, 6.796, 6.422, 5.58, 5.677, 7.028, 5.305, 3.693, 3.126, 4.642, 3.19, 2.629, 2.689, 2.965, 3.473, 2.906, 3.074, 4.594, 4.972, 5.284, 7.241, 11.968], [7.581, 5.734, 2.895, 2.81, 3.013, 3.223, 4.784, 5.525, 5.876, 4.835, 3.853, 2.872, 1.93, 1.821, 3.574, 3.351, 3.465, 3.152, 2.84, 2.564, 3.089, 2.683, 2.212, 1.572, 1.02, 0.0, 1.931, 4.219, 5.907, 7.847, 11.552, 15.007, 15.59, 15.065, 14.457, 13.18, 13.039, 14.737, 16.177, 15.476, 15.874, 18.245, 19.683, 19.632, 18.398, 17.881, 18.222, 19.05, 18.139, 18.137, 18.566, 17.872, 17.249, 18.34, 20.532, 22.179, 17.982, 12.665, 10.663, 9.372, 7.688, 9.207, 11.477, 12.001, 12.279, 12.895, 13.758, 13.87, 13.545, 12.455, 12.443, 12.203, 12.072, 11.39, 6.55, 4.567, 3.963, 3.517, 3.008, 2.786, 3.198, 3.677, 3.848, 3.365, 2.717, 3.536, 4.085, 4.453, 4.88, 5.294, 6.307, 6.95, 7.35, 8.443, 9.539, 9.628, 7.391, 5.7, 4.097, 2.541, 3.827, 4.657, 5.015, 5.223, 6.403, 5.349, 5.343, 5.206, 2.804, 3.128, 4.3, 6.168, 6.74, 7.552, 8.153, 8.201, 8.094, 6.207, 3.746, 5.236, 6.831, 4.8, 3.648, 4.419, 5.999, 6.821, 6.301, 5.317, 5.525, 7.029, 5.15, 3.528, 2.821, 4.355, 2.9, 2.254, 2.493, 2.979, 3.445, 2.798, 3.078, 4.461, 4.855, 5.338, 7.41, 11.952], [6.404, 4.733, 2.431, 2.745, 3.508, 4.389, 6.097, 6.896, 7.367, 6.31, 4.793, 3.725, 2.648, 2.477, 3.798, 4.037, 4.152, 3.841, 3.84, 3.425, 3.733, 3.617, 3.162, 2.632, 2.256, 1.931, 0.0, 2.897, 4.827, 6.445, 10.001, 13.408, 14.045, 13.587, 12.816, 11.571, 11.429, 13.166, 14.592, 13.97, 14.183, 16.554, 18.01, 18.005, 16.862, 16.261, 16.724, 17.555, 16.573, 16.594, 17.063, 16.214, 15.6, 16.858, 18.96, 20.699, 16.306, 10.983, 9.149, 7.848, 6.376, 7.739, 9.969, 10.387, 10.726, 11.317, 12.082, 12.258, 11.88, 10.749, 10.875, 10.514, 10.502, 9.886, 5.556, 4.105, 3.59, 3.155, 2.732, 2.479, 2.975, 3.545, 3.574, 3.114, 2.832, 4.682, 5.547, 5.932, 6.348, 6.774, 7.787, 8.43, 8.83, 9.92, 11.021, 11.106, 8.871, 7.165, 5.497, 2.53, 3.45, 3.015, 3.545, 4.099, 5.241, 4.32, 4.202, 3.905, 2.336, 3.814, 5.888, 7.823, 8.382, 9.062, 9.667, 9.69, 9.604, 7.77, 4.82, 6.48, 8.3, 5.84, 4.303, 5.378, 7.226, 8.326, 7.839, 6.65, 6.892, 8.589, 6.436, 3.119, 2.737, 4.832, 2.939, 1.688, 1.713, 2.328, 2.709, 2.262, 2.224, 3.099, 3.734, 4.661, 6.358, 10.639], [4.062, 2.563, 3.01, 4.76, 5.876, 6.762, 8.491, 9.289, 9.749, 8.686, 7.173, 5.911, 4.366, 3.752, 4.541, 4.886, 5.585, 4.813, 4.978, 4.481, 3.687, 4.112, 4.192, 4.228, 4.3, 4.219, 2.897, 0.0, 2.575, 3.983, 7.714, 11.222, 11.687, 11.206, 10.663, 9.432, 9.309, 10.869, 12.473, 11.694, 12.104, 14.461, 15.896, 15.823, 14.612, 14.096, 14.391, 15.2, 14.275, 14.276, 14.797, 14.073, 13.353, 14.533, 16.704, 18.305, 14.12, 8.788, 6.786, 5.611, 4.083, 5.428, 7.671, 8.185, 8.491, 9.136, 10.003, 10.072, 9.811, 8.687, 8.658, 8.442, 8.356, 7.733, 3.815, 3.532, 3.732, 4.36, 4.717, 4.521, 4.908, 5.157, 4.951, 4.509, 5.177, 7.099, 7.97, 8.351, 8.765, 9.216, 10.228, 10.864, 11.258, 12.334, 13.421, 13.533, 11.316, 9.555, 7.889, 4.304, 2.324, 1.758, 1.815, 2.268, 3.341, 2.591, 2.383, 2.08, 2.838, 6.161, 8.183, 10.105, 10.659, 11.441, 11.96, 12.021, 11.841, 9.994, 7.099, 8.882, 10.687, 8.27, 6.692, 7.766, 9.643, 10.717, 9.979, 8.844, 9.067, 10.878, 8.803, 3.366, 4.709, 7.073, 5.152, 3.497, 3.249, 2.615, 2.527, 2.985, 2.788, 2.14, 2.559, 4.212, 4.769, 8.186], [2.416, 2.112, 4.526, 6.431, 7.578, 8.457, 10.185, 10.97, 11.445, 10.38, 8.873, 7.573, 6.034, 5.559, 6.437, 6.741, 7.615, 6.774, 6.621, 6.1, 5.696, 5.729, 5.86, 5.817, 6.021, 5.907, 4.827, 2.575, 0.0, 2.368, 6.123, 9.645, 10.042, 9.604, 9.159, 8.05, 7.924, 9.274, 11.045, 10.289, 10.706, 13.027, 14.403, 14.366, 13.0, 12.513, 12.745, 13.531, 12.629, 12.65, 13.206, 12.643, 11.903, 12.907, 15.108, 16.671, 12.531, 7.249, 5.195, 4.16, 2.651, 4.05, 6.17, 6.688, 6.909, 7.728, 8.595, 8.586, 8.419, 7.261, 7.048, 7.028, 6.975, 6.334, 2.034, 4.766, 5.262, 6.058, 6.419, 6.223, 6.61, 6.859, 6.534, 6.139, 6.858, 8.793, 9.667, 10.048, 10.461, 10.918, 11.93, 12.566, 12.96, 14.025, 15.108, 15.228, 13.018, 11.255, 9.591, 5.758, 2.774, 3.174, 2.345, 1.552, 1.736, 2.215, 2.2, 1.896, 4.47, 7.826, 9.834, 11.715, 12.322, 13.079, 13.575, 13.704, 13.49, 11.661, 8.772, 10.566, 12.385, 9.969, 8.39, 9.461, 11.316, 12.416, 11.641, 10.447, 10.713, 12.545, 10.504, 4.818, 6.381, 8.765, 6.836, 5.213, 4.878, 4.144, 3.472, 4.089, 3.713, 2.631, 2.876, 4.312, 3.856, 6.729], [2.055, 3.88, 6.711, 8.619, 9.766, 10.653, 12.395, 13.198, 13.656, 12.568, 11.061, 9.744, 8.214, 7.499, 7.221, 8.171, 9.319, 8.452, 8.773, 8.249, 6.893, 7.729, 8.038, 7.83, 7.965, 7.847, 6.445, 3.983, 2.368, 0.0, 3.919, 7.493, 7.888, 7.554, 7.017, 5.912, 5.836, 7.1, 8.889, 8.395, 8.571, 10.886, 12.246, 12.248, 10.8, 10.37, 10.553, 11.322, 10.365, 10.384, 11.063, 10.523, 9.866, 10.803, 12.891, 14.544, 10.365, 5.392, 3.545, 2.694, 2.237, 2.906, 4.518, 4.829, 4.925, 5.708, 6.682, 6.733, 6.47, 5.178, 4.887, 4.909, 4.943, 4.545, 3.13, 6.968, 7.45, 8.246, 8.607, 8.411, 8.798, 9.047, 8.744, 8.348, 9.06, 10.982, 11.855, 12.238, 12.65, 13.106, 14.118, 14.754, 15.148, 16.22, 17.316, 17.419, 15.206, 13.443, 11.779, 7.869, 4.769, 4.448, 3.498, 3.159, 2.465, 3.897, 3.766, 3.474, 6.533, 10.04, 12.075, 13.931, 14.509, 15.322, 15.798, 15.948, 15.749, 13.906, 10.98, 12.779, 14.589, 12.155, 10.577, 11.655, 13.526, 14.602, 13.891, 12.683, 12.984, 14.741, 12.704, 7.012, 8.594, 10.952, 9.049, 7.349, 7.091, 6.298, 5.589, 6.191, 5.776, 4.177, 4.742, 5.958, 4.422, 4.951], [4.278, 7.574, 10.392, 12.316, 13.453, 14.335, 16.066, 16.868, 17.336, 16.259, 14.72, 13.513, 11.934, 11.189, 10.474, 11.821, 13.008, 12.177, 12.543, 11.932, 10.465, 11.394, 11.69, 11.485, 11.624, 11.552, 10.001, 7.714, 6.123, 3.919, 0.0, 3.674, 4.19, 4.017, 3.491, 2.847, 2.688, 3.364, 5.225, 4.966, 4.869, 7.075, 8.446, 8.487, 7.033, 6.546, 6.79, 7.618, 6.6, 6.62, 7.26, 6.773, 6.163, 7.177, 9.138, 10.739, 6.516, 2.724, 1.969, 2.415, 4.091, 2.814, 2.563, 2.582, 2.132, 2.758, 3.614, 3.471, 3.347, 2.53, 1.798, 1.779, 2.177, 2.823, 6.584, 10.636, 11.098, 11.898, 12.269, 12.059, 12.446, 12.716, 12.42, 12.013, 12.75, 14.672, 15.537, 15.927, 16.338, 16.769, 17.782, 18.425, 18.825, 19.91, 21.009, 21.096, 18.866, 17.126, 15.438, 11.626, 8.503, 7.499, 7.168, 6.871, 5.792, 7.554, 7.448, 7.112, 10.23, 13.719, 15.787, 17.669, 18.227, 19.008, 19.548, 19.652, 19.51, 17.621, 14.714, 16.444, 18.258, 15.83, 14.235, 15.355, 17.211, 18.296, 17.693, 16.442, 16.729, 18.477, 16.382, 10.699, 12.27, 14.625, 12.707, 11.01, 10.772, 9.962, 9.343, 9.861, 9.425, 7.799, 8.412, 9.625, 7.225, 3.25], [7.731, 11.04, 13.817, 15.628, 16.862, 17.761, 19.467, 20.274, 20.764, 19.59, 18.147, 17.02, 15.403, 14.648, 13.694, 15.115, 16.345, 15.679, 16.019, 15.363, 13.905, 14.831, 14.957, 14.892, 15.124, 15.007, 13.408, 11.222, 9.645, 7.493, 3.674, 0.0, 1.572, 2.42, 2.179, 2.561, 2.47, 1.457, 2.483, 3.302, 2.179, 3.971, 5.274, 5.393, 3.913, 3.135, 3.663, 4.41, 3.692, 3.579, 4.021, 3.867, 3.396, 4.183, 6.332, 7.626, 3.432, 2.748, 4.541, 5.774, 7.503, 6.043, 3.844, 3.182, 2.897, 2.519, 2.47, 2.335, 2.539, 2.977, 2.773, 3.232, 3.26, 4.055, 9.892, 13.924, 14.347, 15.165, 15.536, 15.382, 15.804, 16.08, 15.802, 15.297, 16.038, 17.947, 18.81, 19.245, 19.622, 20.036, 21.049, 21.692, 22.092, 23.188, 24.299, 24.369, 22.133, 20.535, 18.852, 15.055, 11.984, 10.84, 10.578, 10.305, 9.089, 10.849, 10.763, 10.4, 13.559, 17.152, 19.215, 21.099, 21.695, 22.424, 23.017, 23.084, 22.982, 21.123, 18.186, 19.839, 21.676, 19.117, 17.554, 18.694, 20.507, 21.647, 21.2, 19.963, 20.226, 21.984, 19.806, 14.165, 15.65, 17.92, 16.038, 14.303, 14.193, 13.351, 12.818, 13.316, 12.747, 11.039, 11.685, 12.969, 10.631, 3.811], [8.248, 11.564, 14.442, 16.341, 17.495, 18.381, 20.107, 20.881, 21.354, 20.296, 18.77, 17.484, 15.885, 15.259, 14.445, 15.845, 17.044, 16.15, 16.438, 15.98, 14.455, 15.433, 15.741, 15.504, 15.606, 15.59, 14.045, 11.687, 10.042, 7.888, 4.19, 1.572, 0.0, 1.444, 1.616, 2.774, 2.901, 1.263, 1.874, 2.264, 1.663, 3.457, 4.739, 4.756, 3.208, 2.753, 2.911, 3.66, 2.791, 2.824, 3.441, 3.188, 2.571, 3.362, 5.602, 6.837, 2.778, 3.401, 4.966, 6.373, 8.041, 6.548, 4.521, 4.014, 3.519, 3.102, 2.977, 2.314, 2.995, 3.594, 3.384, 3.968, 4.0, 4.725, 10.6, 14.67, 15.13, 15.948, 16.317, 16.105, 16.487, 16.758, 16.452, 16.043, 16.776, 18.706, 19.57, 19.953, 20.372, 20.816, 21.828, 22.465, 22.86, 23.942, 25.033, 25.129, 22.915, 21.175, 19.484, 15.636, 12.446, 11.37, 11.099, 10.752, 9.818, 11.588, 11.485, 11.145, 14.256, 17.77, 19.785, 21.709, 22.284, 23.053, 23.538, 23.644, 23.442, 21.62, 18.677, 20.453, 22.299, 19.863, 18.266, 19.373, 21.234, 22.328, 21.633, 20.429, 20.612, 22.441, 20.409, 14.744, 16.284, 18.612, 16.697, 14.994, 14.797, 13.922, 13.246, 13.885, 13.459, 11.822, 12.453, 13.669, 11.181, 4.055], [7.722, 11.116, 13.977, 15.895, 17.05, 17.895, 19.637, 20.395, 20.868, 19.834, 18.305, 17.038, 15.527, 14.736, 14.11, 15.393, 16.57, 15.692, 16.079, 15.53, 14.018, 14.958, 15.276, 15.083, 15.122, 15.065, 13.587, 11.206, 9.604, 7.554, 4.017, 2.42, 1.444, 0.0, 1.395, 2.628, 2.681, 1.764, 1.904, 1.884, 1.832, 3.651, 4.981, 4.969, 3.62, 3.186, 3.331, 4.172, 3.281, 3.282, 3.802, 3.294, 2.66, 3.68, 5.859, 7.157, 3.183, 3.904, 4.666, 6.11, 7.614, 6.08, 4.404, 4.404, 3.654, 3.212, 3.21, 2.489, 2.879, 3.234, 3.144, 3.649, 3.608, 4.315, 10.169, 14.223, 14.671, 15.483, 15.855, 15.64, 16.022, 16.301, 15.991, 15.596, 16.324, 18.258, 19.124, 19.507, 19.925, 20.354, 21.367, 22.01, 22.41, 23.49, 24.58, 24.683, 22.451, 20.722, 19.035, 15.137, 11.894, 11.194, 10.752, 10.42, 9.364, 11.141, 11.014, 10.699, 13.798, 17.267, 19.294, 21.167, 21.769, 22.563, 23.12, 23.149, 23.013, 21.144, 18.241, 20.014, 21.841, 19.417, 17.82, 18.924, 20.783, 21.868, 21.113, 19.988, 20.218, 22.029, 19.965, 14.293, 15.828, 18.183, 16.264, 14.58, 14.354, 13.496, 12.793, 13.412, 12.997, 11.371, 11.997, 13.211, 10.819, 3.672], [7.179, 10.443, 13.22, 15.073, 16.307, 17.168, 18.907, 19.676, 20.167, 19.029, 17.558, 16.424, 14.809, 14.053, 13.285, 14.583, 15.78, 15.104, 15.427, 14.788, 13.412, 14.235, 14.432, 14.377, 14.572, 14.457, 12.816, 10.663, 9.159, 7.017, 3.491, 2.179, 1.616, 1.395, 0.0, 1.878, 1.921, 1.368, 2.135, 1.986, 1.713, 3.873, 5.296, 5.398, 4.117, 3.606, 4.056, 4.913, 3.898, 3.916, 4.433, 3.669, 3.215, 4.353, 6.27, 7.963, 3.638, 3.346, 4.317, 5.374, 6.972, 5.697, 4.288, 3.867, 3.097, 2.659, 2.623, 1.921, 2.069, 2.374, 2.579, 2.882, 2.779, 3.416, 9.337, 13.394, 13.821, 14.639, 15.011, 14.827, 15.213, 15.525, 15.245, 14.767, 15.509, 17.421, 18.284, 18.69, 19.096, 19.51, 20.524, 21.167, 21.566, 22.662, 23.769, 23.844, 21.608, 19.981, 18.297, 14.551, 11.426, 10.387, 9.971, 9.666, 8.534, 10.312, 10.212, 9.873, 12.999, 16.558, 18.641, 20.533, 21.132, 21.846, 22.449, 22.489, 22.388, 20.537, 17.589, 19.278, 21.114, 18.588, 16.993, 18.132, 19.974, 21.071, 20.622, 19.411, 19.658, 21.391, 19.246, 13.568, 15.094, 17.359, 15.477, 13.727, 13.576, 12.732, 12.217, 12.714, 12.162, 10.513, 11.154, 12.414, 10.111, 3.152], [5.94, 9.06, 11.866, 13.753, 14.9, 15.815, 17.509, 18.359, 18.817, 17.721, 16.174, 15.025, 13.453, 12.686, 12.24, 13.264, 14.477, 13.726, 14.119, 13.591, 12.293, 12.924, 13.139, 13.067, 13.238, 13.18, 11.571, 9.432, 8.05, 5.912, 2.847, 2.561, 2.774, 2.628, 1.878, 0.0, 1.091, 2.077, 3.294, 2.933, 2.892, 5.133, 6.679, 6.729, 5.518, 5.023, 5.404, 6.267, 5.251, 5.269, 5.867, 4.968, 4.405, 5.664, 7.576, 9.267, 4.968, 2.763, 3.575, 4.596, 5.912, 4.772, 3.756, 3.389, 2.462, 2.04, 2.276, 2.142, 1.951, 1.661, 1.668, 2.006, 1.63, 2.196, 8.021, 12.075, 12.517, 13.335, 13.707, 13.492, 13.892, 14.154, 13.863, 13.448, 14.189, 16.111, 16.976, 17.364, 17.777, 18.206, 19.22, 19.863, 20.262, 21.349, 22.45, 22.535, 20.304, 18.573, 16.885, 13.395, 10.171, 9.28, 8.583, 8.3, 7.24, 9.036, 8.915, 8.629, 11.813, 15.276, 17.286, 19.239, 19.799, 20.506, 21.062, 21.162, 21.006, 19.157, 16.282, 17.873, 19.71, 17.268, 15.692, 16.811, 18.655, 19.758, 19.213, 18.074, 18.279, 19.996, 17.835, 12.218, 13.732, 16.038, 14.144, 12.449, 12.224, 11.386, 10.83, 11.324, 10.868, 9.244, 9.85, 11.063, 8.703, 1.875], [5.829, 8.823, 11.617, 13.561, 14.705, 15.6, 17.314, 18.04, 18.52, 17.522, 15.991, 14.865, 13.342, 12.525, 12.038, 13.023, 14.266, 13.586, 13.935, 13.445, 12.119, 12.693, 12.976, 12.99, 13.109, 13.039, 11.429, 9.309, 7.924, 5.836, 2.688, 2.47, 2.901, 2.681, 1.921, 1.091, 0.0, 2.092, 3.415, 2.834, 2.979, 5.268, 6.852, 6.819, 5.696, 5.175, 5.601, 6.478, 5.51, 5.517, 6.021, 5.033, 4.508, 5.856, 7.91, 9.516, 5.21, 2.941, 3.476, 4.337, 5.773, 4.61, 3.874, 3.588, 2.601, 2.33, 2.654, 2.599, 1.776, 1.555, 1.525, 1.61, 1.462, 2.033, 7.772, 11.834, 12.268, 13.086, 13.458, 13.243, 13.625, 13.923, 13.635, 13.216, 13.948, 15.868, 16.731, 17.115, 17.536, 17.957, 18.971, 19.614, 20.013, 21.108, 22.201, 22.291, 20.055, 18.378, 16.757, 13.265, 10.05, 9.077, 8.379, 8.086, 7.007, 8.807, 8.688, 8.399, 11.577, 15.055, 17.086, 19.088, 19.665, 20.315, 20.982, 20.864, 20.804, 19.008, 16.035, 17.667, 19.504, 17.027, 15.43, 16.572, 18.44, 19.554, 19.04, 17.96, 18.133, 19.813, 17.676, 12.039, 13.549, 15.798, 13.916, 12.229, 12.005, 11.078, 10.683, 11.152, 10.65, 8.989, 9.601, 10.814, 8.474, 1.651], [7.43, 10.712, 13.563, 15.476, 16.616, 17.506, 19.234, 20.018, 20.489, 19.445, 17.891, 16.635, 15.049, 14.384, 13.599, 14.981, 16.184, 15.324, 15.642, 15.101, 13.647, 14.556, 14.861, 14.625, 14.799, 14.737, 13.166, 10.869, 9.274, 7.1, 3.364, 1.457, 1.263, 1.764, 1.368, 2.077, 2.092, 0.0, 2.266, 2.467, 1.903, 3.946, 5.248, 5.302, 3.911, 3.478, 3.74, 4.488, 3.612, 3.557, 4.166, 3.825, 3.309, 4.149, 6.187, 7.59, 3.34, 3.074, 4.304, 5.59, 7.268, 5.779, 4.278, 3.655, 3.104, 2.723, 2.613, 1.907, 2.401, 2.711, 2.527, 3.056, 3.114, 3.846, 9.73, 13.8, 14.251, 15.069, 15.44, 15.226, 15.608, 15.887, 15.588, 15.173, 15.911, 17.836, 18.7, 19.083, 19.502, 19.94, 20.953, 21.595, 21.99, 23.074, 24.169, 24.259, 22.037, 20.296, 18.605, 14.847, 11.654, 10.55, 10.235, 9.895, 8.939, 10.718, 10.615, 10.275, 13.386, 