[[0.0, 3.869, 6.956, 7.539, 11.173, 14.163, 13.258, 13.703, 12.813, 11.878, 12.208, 11.488, 10.328, 9.509, 9.899, 10.974, 8.944, 6.563, 6.148, 5.481, 3.187, 3.656, 4.044, 1.758, 3.145, 3.365, 3.211, 3.33, 3.697, 3.786, 2.999, 2.743, 3.008, 2.964, 1.646, 1.677, 4.339, 4.205, 4.355, 6.153, 10.986, 15.728, 16.117, 18.082, 18.51, 20.094, 20.337, 21.741, 22.54, 22.247, 24.145, 25.756], [3.869, 0.0, 3.678, 5.048, 7.714, 11.006, 10.123, 10.202, 9.295, 8.444, 8.682, 8.053, 6.546, 5.706, 6.254, 7.421, 5.743, 3.473, 2.631, 1.85, 1.78, 2.318, 1.836, 4.516, 1.968, 2.258, 2.333, 1.769, 1.631, 1.543, 1.876, 2.034, 2.325, 2.259, 4.263, 3.421, 1.839, 1.186, 1.885, 2.744, 7.247, 11.911, 12.287, 14.282, 14.677, 16.561, 16.704, 18.126, 19.184, 18.627, 20.344, 21.937], [6.956, 3.678, 0.0, 2.198, 4.718, 7.776, 6.869, 7.183, 6.169, 5.392, 5.812, 5.219, 4.159, 3.249, 3.512, 4.431, 2.648, 1.961, 2.712, 3.232, 4.979, 5.35, 4.187, 7.373, 4.859, 4.551, 4.652, 4.588, 3.996, 3.675, 4.693, 4.628, 4.406, 4.948, 7.294, 6.021, 3.532, 3.991, 3.23, 3.207, 4.638, 8.996, 9.35, 11.247, 11.673, 13.485, 13.676, 15.045, 15.948, 15.579, 17.322, 18.905], [7.539, 5.048, 2.198, 0.0, 4.317, 7.105, 6.392, 6.836, 5.838, 5.018, 5.459, 4.748, 3.72, 2.935, 3.1, 4.046, 2.985, 3.018, 3.666, 4.43, 6.023, 6.593, 5.262, 7.878, 5.651, 5.208, 5.497, 5.596, 4.767, 4.461, 5.509, 5.607, 4.898, 5.429, 7.677, 6.517, 4.703, 5.089, 3.953, 4.924, 4.47, 8.78, 9.189, 11.061, 11.362, 12.951, 13.126, 14.671, 15.413, 15.04, 16.958, 18.529], [11.173, 7.714, 4.718, 4.317, 0.0, 3.62, 2.964, 2.842, 1.886, 1.288, 1.552, 1.443, 2.488, 2.594, 2.262, 2.043, 3.073, 5.033, 5.577, 6.574, 8.776, 9.026, 7.914, 11.528, 8.723, 8.437, 8.547, 8.593, 8.054, 7.926, 8.64, 8.622, 8.409, 8.969, 11.339, 10.081, 7.347, 7.277, 7.178, 6.122, 2.373, 4.878, 5.183, 7.131, 7.614, 9.054, 9.224, 10.884, 11.828, 11.146, 13.124, 14.73], [14.163, 11.006, 7.776, 7.105, 3.62, 0.0, 1.395, 1.823, 2.952, 2.906, 2.992, 3.647, 5.108, 5.747, 5.165, 4.543, 5.941, 7.839, 9.04, 9.98, 11.884, 12.27, 10.913, 14.272, 11.632, 11.466, 11.649, 11.881, 11.073, 10.939, 11.612, 11.704, 11.334, 11.541, 13.918, 12.861, 10.518, 10.705, 10.179, 9.281, 4.957, 3.251, 4.011, 4.758, 5.862, 6.767, 7.452, 8.414, 9.315, 8.385, 10.458, 12.042], [13.258, 10.123, 6.869, 6.392, 2.964, 1.395, 0.0, 1.631, 2.304, 2.371, 2.559, 3.21, 4.47, 5.167, 4.615, 4.055, 5.374, 7.187, 8.271, 9.249, 11.046, 11.506, 10.225, 13.578, 10.996, 10.732, 10.917, 10.97, 10.257, 9.947, 10.814, 10.987, 10.61, 11.192, 13.544, 12.319, 9.779, 9.965, 9.505, 8.688, 4.422, 3.336, 3.77, 5.102, 5.986, 7.14, 7.679, 8.774, 9.622, 9.142, 11.066, 12.659], [13.703, 10.202, 7.183, 6.836, 2.842, 1.823, 1.631, 0.0, 1.718, 2.338, 1.975, 2.486, 4.052, 4.901, 4.264, 3.289, 5.476, 7.435, 7.813, 8.695, 11.259, 11.467, 10.331, 13.985, 11.143, 10.838, 10.907, 10.914, 10.467, 10.333, 11.066, 11.145, 10.927, 11.462, 13.837, 12.561, 9.741, 9.656, 9.669, 8.316, 3.705, 3.151, 3.546, 4.786, 6.424, 7.047, 7.688, 9.059, 10.161, 8.794, 10.72, 12.263], [12.813, 9.295, 6.169, 5.838, 1.886, 2.952, 2.304, 1.718, 0.0, 1.496, 1.205, 1.772, 3.351, 4.022, 3.39, 2.406, 4.521, 6.597, 6.959, 7.947, 10.381, 10.648, 9.497, 13.119, 10.283, 9.972, 10.044, 10.018, 9.546, 9.382, 10.163, 10.301, 10.086, 10.67, 13.045, 11.768, 8.897, 8.835, 8.845, 7.502, 2.922, 3.483, 3.813, 5.602, 6.996, 8.023, 8.481, 10.118, 11.26, 9.776, 11.664, 13.184], [11.878, 8.444, 5.392, 5.018, 1.288, 2.906, 2.371, 2.338, 1.496, 0.0, 1.089, 1.446, 2.718, 3.163, 2.607, 2.007, 3.54, 5.568, 6.262, 7.268, 9.436, 9.729, 8.537, 12.175, 9.355, 9.049, 9.143, 9.261, 8.681, 8.571, 9.3, 9.341, 9.124, 9.615, 11.946, 10.713, 8.002, 8.034, 7.883, 6.671, 2.418, 4.23, 4.777, 6.436, 7.012, 8.301, 8.72, 10.229, 11.149, 10.383, 12.458, 14.046], [12.208, 8.682, 5.812, 5.459, 1.552, 2.992, 2.559, 1.975, 1.205, 1.089, 0.0, 1.099, 2.649, 3.313, 2.731, 2.134, 4.094, 6.148, 6.518, 7.422, 9.821, 10.009, 8.991, 12.604, 9.731, 9.421, 9.539, 9.475, 9.092, 8.993, 9.7, 9.624, 9.442, 9.961, 12.295, 11.052, 8.173, 8.268, 8.225, 6.778, 2.286, 3.848, 4.303, 6.083, 7.083, 8.185, 8.722, 10.162, 11.411, 10.074, 12.084, 13.674], [11.488, 8.053, 5.219, 4.748, 1.443, 3.647, 3.21, 2.486, 1.772, 1.446, 1.099, 0.0, 1.942, 2.576, 2.108, 1.854, 3.473, 5.502, 5.838, 6.668, 9.107, 9.297, 8.301, 11.882, 9.008, 8.729, 8.862, 8.842, 8.423, 8.33, 8.993, 8.844, 8.696, 9.154, 11.549, 10.269, 7.493, 7.505, 7.458, 5.997, 1.622, 4.494, 4.876, 6.847, 7.689, 8.742, 9.157, 10.899, 12.115, 10.847, 12.834, 14.371], [10.328, 6.546, 4.159, 3.72, 2.488, 5.108, 4.47, 4.052, 3.351, 2.718, 2.649, 1.942, 0.0, 1.758, 2.382, 2.975, 3.702, 4.864, 4.9, 5.207, 8.022, 7.971, 7.296, 10.811, 7.977, 7.685, 7.951, 7.521, 7.336, 7.209, 7.94, 7.732, 7.592, 8.183, 10.535, 9.24, 6.203, 6.29, 6.281, 5.292, 1.84, 5.498, 5.929, 7.877, 8.496, 10.22, 10.275, 12.075, 13.311, 12.353, 13.906, 15.469], [9.509, 5.706, 3.249, 2.935, 2.594, 5.747, 5.167, 4.901, 4.022, 3.163, 3.313, 2.576, 1.758, 0.0, 1.244, 2.489, 2.853, 3.926, 4.329, 4.642, 7.2, 7.179, 6.459, 9.993, 7.156, 6.865, 7.111, 6.723, 6.516, 6.37, 7.125, 6.829, 6.679, 7.271, 9.654, 8.356, 5.354, 5.546, 5.465, 3.941, 1.844, 6.362, 6.81, 8.842, 9.147, 11.016, 11.235, 12.78, 14.02, 13.043, 14.796, 16.319], [9.899, 6.254, 3.512, 3.1, 2.262, 5.165, 4.615, 4.264, 3.39, 2.607, 2.731, 2.108, 2.382, 1.244, 0.0, 1.57, 2.295, 4.105, 4.511, 5.038, 7.576, 7.62, 6.647, 10.369, 7.54, 7.209, 7.368, 7.144, 6.873, 6.651, 7.465, 7.242, 7.03, 7.618, 10.031, 8.724, 5.774, 5.889, 5.855, 4.234, 1.588, 5.962, 6.4, 8.39, 8.896, 10.432, 10.733, 12.272, 13.496, 12.473, 14.372, 15.898], [10.974, 7.421, 4.431, 4.046, 2.043, 4.543, 4.055, 3.289, 2.406, 2.007, 2.134, 1.854, 2.975, 2.489, 1.57, 0.0, 2.72, 4.779, 5.058, 5.944, 8.55, 8.703, 7.562, 11.319, 8.466, 8.163, 8.26, 8.214, 7.814, 7.659, 8.415, 8.301, 8.115, 8.588, 10.981, 9.674, 6.868, 6.888, 6.896, 5.382, 1.837, 5.111, 5.511, 7.425, 8.474, 9.508, 10.0, 11.709, 12.951, 11.543, 13.448, 14.951], [8.944, 5.743, 2.648, 2.985, 3.073, 5.941, 5.374, 5.476, 4.521, 3.54, 4.094, 3.473, 3.702, 2.853, 2.295, 2.72, 0.0, 2.637, 3.645, 4.631, 6.45, 7.075, 5.765, 8.859, 6.125, 5.968, 6.326, 6.577, 5.651, 5.673, 6.225, 6.622, 6.331, 6.549, 8.837, 7.87, 5.381, 5.358, 5.11, 4.157, 3.324, 7.632, 8.007, 9.939, 10.377, 11.69, 12.019, 13.547, 14.509, 13.756, 15.916, 17.508], [6.563, 3.473, 1.961, 3.018, 5.033, 7.839, 7.187, 7.435, 6.597, 5.568, 6.148, 5.502, 4.864, 3.926, 4.105, 4.779, 2.637, 0.0, 1.911, 2.509, 4.286, 4.788, 3.415, 6.622, 3.939, 3.819, 4.015, 4.274, 3.412, 3.327, 3.986, 4.246, 3.901, 4.168, 6.487, 5.386, 3.057, 3.21, 2.652, 2.713, 5.257, 9.671, 10.048, 11.979, 12.388, 13.82, 14.082, 15.626, 16.405, 15.873, 18.008, 19.589], [6.148, 2.631, 2.712, 3.666, 5.577, 9.04, 8.271, 7.813, 6.959, 6.262, 6.518, 5.838, 4.9, 4.329, 4.511, 5.058, 3.645, 1.911, 0.0, 1.42, 3.698, 4.114, 3.009, 6.398, 3.584, 3.292, 3.382, 3.333, 2.882, 2.757, 3.475, 3.65, 3.439, 3.958, 6.28, 5.057, 2.37, 2.322, 2.463, 2.972, 5.405, 9.888, 10.264, 12.196, 12.862, 14.121, 14.39, 16.131, 17.266, 16.293, 18.255, 19.822], [5.481, 1.85, 3.232, 4.43, 6.574, 9.98, 9.249, 8.695, 7.947, 7.268, 7.422, 6.668, 5.207, 4.642, 5.038, 5.944, 4.631, 2.509, 1.42, 0.0, 3.065, 3.226, 2.476, 5.737, 2.904, 2.74, 3.031, 2.556, 2.358, 2.296, 2.879, 2.935, 2.976, 3.216, 5.558, 4.282, 1.85, 1.439, 1.869, 2.133, 5.819, 10.529, 10.954, 12.921, 13.58, 15.041, 15.154, 17.097, 18.254, 17.187, 18.962, 20.541], [3.187, 1.78, 4.979, 6.023, 8.776, 11.884, 11.046, 11.259, 10.381, 9.436, 9.821, 9.107, 8.022, 7.2, 7.576, 8.55, 6.45, 4.286, 3.698, 3.065, 0.0, 1.985, 1.392, 3.557, 1.756, 2.335, 2.218, 1.738, 1.858, 2.138, 1.875, 2.452, 2.718, 2.433, 3.753, 3.424, 2.745, 1.885, 2.7, 3.991, 8.733, 13.419, 13.808, 15.773, 16.198, 17.67, 17.924, 19.38, 20.214, 19.802, 21.797, 23.411], [3.656, 2.318, 5.35, 6.593, 9.026, 12.27, 11.506, 11.467, 10.648, 9.729, 10.009, 9.297, 7.971, 7.179, 7.62, 8.703, 7.075, 4.788, 4.114, 3.226, 1.985, 0.0, 1.962, 3.304, 2.784, 3.364, 2.971, 2.219, 3.002, 3.162, 2.658, 2.884, 3.072, 3.288, 4.3, 3.821, 3.12, 2.223, 3.429, 4.245, 8.67, 13.371, 13.796, 15.796, 16.168, 17.918, 18.069, 19.583, 20.502, 19.998, 21.824, 23.42], [4.044, 1.836, 4.187, 5.262, 7.914, 10.913, 10.225, 10.331, 9.497, 8.537, 8.991, 8.301, 7.296, 6.459, 6.647, 7.562, 5.765, 3.415, 3.009, 2.476, 1.392, 1.962, 0.0, 3.878, 2.028, 2.536, 2.11, 1.75, 1.791, 1.906, 2.065, 2.583, 2.511, 2.352, 4.203, 3.572, 2.377, 1.663, 2.559, 3.749, 7.975, 12.469, 12.905, 14.854, 15.257, 16.774, 16.967, 18.56, 19.329, 18.8, 20.873, 22.468], [1.758, 4.516, 7.373, 7.878, 11.528, 14.272, 13.578, 13.985, 13.119, 12.175, 12.604, 11.882, 10.811, 9.993, 10.369, 11.319, 8.859, 6.622, 6.398, 5.737, 3.557, 3.304, 3.878, 0.0, 3.432, 3.589, 3.429, 3.611, 3.829, 4.12, 3.308, 3.232, 3.513, 2.953, 1.924, 2.24, 4.869, 4.729, 5.016, 6.934, 11.497, 16.246, 16.622, 18.565, 18.984, 20.396, 20.682, 22.202, 22.887, 22.438, 24.602, 26.183], [3.145, 1.968, 4.859, 5.651, 8.723, 11.632, 10.996, 11.143, 10.283, 9.355, 9.731, 9.008, 7.977, 7.156, 7.54, 8.466, 6.125, 3.939, 3.584, 2.904, 1.756, 2.784, 2.028, 3.432, 0.0, 1.393, 1.868, 1.584, 1.546, 1.907, 1.322, 1.892, 1.967, 1.672, 3.09, 2.648, 2.196, 1.875, 2.326, 3.857, 8.578, 13.391, 13.78, 15.745, 16.164, 17.487, 17.872, 19.369, 20.144, 19.558, 21.79, 23.357], [3.365, 2.258, 4.551, 5.208, 8.437, 11.466, 10.732, 10.838, 9.972, 9.049, 9.421, 8.729, 7.685, 6.865, 7.209, 8.163, 5.968, 3.819, 3.292, 2.74, 2.335, 3.364, 2.536, 3.589, 1.393, 0.0, 1.26, 1.535, 1.234, 1.678, 1.183, 1.191, 1.637, 1.633, 3.363, 2.403, 2.045, 2.024, 2.58, 4.185, 8.349, 13.086, 13.475, 15.44, 15.843, 17.19, 17.576, 19.045, 19.858, 19.309, 21.465, 23.027], [3.211, 2.333, 4.652, 5.497, 8.547, 11.649, 10.917, 10.907, 10.044, 9.143, 9.539, 8.862, 7.951, 7.111, 7.368, 8.26, 6.326, 4.015, 3.382, 3.031, 2.218, 2.971, 2.11, 3.429, 1.868, 1.26, 0.0, 1.151, 1.554, 1.917, 1.124, 1.413, 1.877, 1.631, 3.419, 2.362, 1.956, 2.264, 3.071, 4.524, 8.472, 13.143, 13.533, 15.497, 15.906, 17.398, 17.634, 19.142, 20.009, 19.503, 21.54, 23.107], [3.33, 1.769, 4.588, 5.596, 8.593, 11.881, 10.97, 10.914, 10.018, 9.261, 9.475, 8.842, 7.521, 6.723, 7.144, 8.214, 6.577, 4.274, 3.333, 2.556, 1.738, 2.219, 1.75, 3.611, 1.584, 1.535, 1.151, 0.0, 1.379, 1.692, 1.309, 1.631, 1.785, 1.832, 3.613, 2.767, 1.663, 1.784, 2.748, 3.916, 8.121, 12.904, 13.293, 15.258, 15.696, 17.357, 17.534, 19.026, 20.001, 19.449, 21.319, 22.876], [3.697, 1.631, 3.996, 4.767, 8.054, 11.073, 10.257, 10.467, 9.546, 8.681, 9.092, 8.423, 7.336, 6.516, 6.873, 7.814, 5.651, 3.412, 2.882, 2.358, 1.858, 3.002, 1.791, 3.829, 1.546, 1.234, 1.554, 1.379, 0.0, 0.921, 1.333, 1.812, 1.827, 1.633, 3.761, 2.781, 1.925, 1.777, 2.119, 3.817, 8.065, 12.707, 13.097, 15.038, 15.452, 16.882, 17.179, 18.653, 19.442, 18.973, 21.059, 22.654], [3.786, 1.543, 3.675, 4.461, 7.926, 10.939, 9.947, 10.333, 9.382, 8.571, 8.993, 8.33, 7.209, 6.37, 6.651, 7.659, 5.673, 3.327, 2.757, 2.296, 2.138, 3.162, 1.906, 4.12, 1.907, 1.678, 1.917, 1.692, 0.921, 0.0, 1.703, 2.027, 1.972, 1.875, 4.026, 3.031, 2.191, 1.805, 1.96, 3.589, 7.896, 12.462, 12.851, 14.816, 15.198, 16.759, 17.035, 18.466, 19.228, 18.883, 20.822, 22.395], [2.999, 1.876, 4.693, 5.509, 8.64, 11.612, 10.814, 11.066, 10.163, 9.3, 9.7, 8.993, 7.94, 7.125, 7.465, 8.415, 6.225, 3.986, 3.475, 2.879, 1.875, 2.658, 2.065, 3.308, 1.322, 1.183, 1.124, 1.309, 1.333, 1.703, 0.0, 1.357, 1.617, 1.522, 3.189, 2.364, 1.992, 2.06, 2.788, 4.207, 8.597, 13.307, 13.696, 15.645, 16.056, 17.523, 17.812, 19.27, 20.112, 19.62, 21.663, 23.262], [2.743, 2.034, 4.628, 5.607, 8.622, 11.704, 10.987, 11.145, 10.301, 9.341, 9.624, 8.844, 7.732, 6.829, 7.242, 8.301, 6.622, 4.246, 3.65, 2.935, 2.452, 2.884, 2.583, 3.232, 1.892, 1.191, 1.413, 1.631, 1.812, 2.027, 1.357, 0.0, 1.362, 1.502, 2.869, 1.766, 1.943, 1.965, 2.583, 4.055, 8.339, 13.056, 13.442, 15.491, 15.854, 17.488, 17.74, 19.189, 20.046, 19.617, 21.519, 23.096], [3.008, 2.325, 4.406, 4.898, 8.409, 11.334, 10.61, 10.927, 10.086, 9.124, 9.442, 8.696, 7.592, 6.679, 7.03, 8.115, 6.331, 3.901, 3.439, 2.976, 2.718, 3.072, 2.511, 3.513, 1.967, 1.637, 1.877, 1.785, 1.827, 1.972, 1.617, 1.362, 0.0, 1.658, 3.16, 2.055, 1.721, 2.268, 2.345, 4.217, 8.171, 12.817, 13.222, 15.247, 15.614, 17.31, 17.507, 18.98, 19.766, 19.429, 21.272, 22.879], [2.964, 2.259, 4.948, 5.429, 8.969, 11.541, 11.192, 11.462, 10.67, 9.615, 9.961, 9.154, 8.183, 7.271, 7.618, 8.588, 6.549, 4.168, 3.958, 3.216, 2.433, 3.288, 2.352, 2.953, 1.672, 1.633, 1.631, 1.832, 1.633, 1.875, 1.522, 1.502, 1.658, 0.0, 2.504, 1.741, 2.295, 2.213, 2.56, 4.297, 8.747, 13.506, 13.924, 15.938, 16.304, 17.782, 18.072, 19.622, 20.362, 19.797, 21.953, 23.499], [1.646, 4.263, 7.294, 7.677, 11.339, 13.918, 13.544, 13.837, 13.045, 11.946, 12.295, 11.549, 10.535, 9.654, 10.031, 10.981, 8.837, 6.487, 6.28, 5.558, 3.753, 4.3, 4.203, 1.924, 3.09, 3.363, 3.419, 3.613, 3.761, 4.026, 3.189, 2.869, 3.16, 2.504, 0.0, 1.46, 4.544, 4.369, 4.586, 6.336, 11.101, 15.883, 16.299, 18.303, 18.68, 20.094, 20.446, 21.955, 22.675, 22.121, 24.322, 25.891], [1.677, 3.421, 6.021, 6.517, 10.081, 12.861, 12.319, 12.561, 11.768, 10.713, 11.052, 10.269, 9.24, 8.356, 8.724, 9.674, 7.87, 5.386, 5.057, 4.282, 3.424, 3.821, 3.572, 2.24, 2.648, 2.403, 2.362, 2.767, 2.781, 3.031, 2.364, 1.766, 2.055, 1.741, 1.46, 0.0, 3.308, 3.257, 3.485, 5.283, 9.81, 14.591, 15.02, 17.028, 17.39, 18.893, 19.167, 20.713, 21.499, 20.942, 23.04, 24.605], [4.339, 1.839, 3.532, 4.703, 7.347, 10.518, 9.779, 9.741, 8.897, 8.002, 8.173, 7.493, 6.203, 5.354, 5.774, 6.868, 5.381, 3.057, 2.37, 1.85, 2.745, 3.12, 2.377, 4.869, 2.196, 2.045, 1.956, 1.663, 1.925, 2.191, 1.992, 1.943, 1.721, 2.295, 4.544, 3.308, 0.0, 1.937, 2.149, 2.808, 6.679, 11.44, 11.856, 13.837, 14.238, 16.046, 16.248, 17.694, 18.734, 18.148, 19.903, 21.501], [4.205, 1.186, 3.991, 5.089, 7.277, 10.705, 9.965, 9.656, 8.835, 8.034, 8.268, 7.505, 6.29, 5.546, 5.889, 6.888, 5.358, 3.21, 2.322, 1.439, 1.885, 2.223, 1.663, 4.729, 1.875, 2.024, 2.264, 1.784, 1.777, 1.805, 2.06, 1.965, 2.268, 2.213, 4.369, 3.257, 1.937, 0.0, 1.783, 2.519, 6.906, 11.677, 12.116, 14.102, 14.575, 16.128, 16.273, 17.955, 18.942, 18.24, 20.12, 21.724], [4.355, 1.885, 3.23, 3.953, 7.178, 10.179, 9.505, 9.669, 8.845, 7.883, 8.225, 7.458, 6.281, 5.465, 5.855, 6.896, 5.11, 2.652, 2.463, 1.869, 2.7, 3.429, 2.559, 5.016, 2.326, 2.58, 3.071, 2.748, 2.119, 1.96, 2.788, 2.583, 2.345, 2.56, 4.586, 3.485, 2.149, 1.783, 0.0, 2.184, 6.89, 11.682, 12.134, 14.131, 14.5, 16.124, 16.274, 17.843, 18.603, 18.225, 20.126, 21.732], [6.153, 2.744, 3.207, 4.924, 6.122, 9.281, 8.688, 8.316, 7.502, 6.671, 6.778, 5.997, 5.292, 3.941, 4.234, 5.382, 4.157, 2.713, 2.972, 2.133, 3.991, 4.245, 3.749, 6.934, 3.857, 4.185, 4.524, 3.916, 3.817, 3.589, 4.207, 4.055, 4.217, 4.297, 6.336, 5.283, 2.808, 2.519, 2.184, 0.0, 5.106, 9.924, 10.339, 12.376, 12.788, 14.489, 14.705, 16.274, 17.555, 16.584, 18.4, 19.926], [10.986, 7.247, 4.638, 4.47, 2.373, 4.957, 4.422, 3.705, 2.922, 2.418, 2.286, 1.622, 1.84, 1.844, 1.588, 1.837, 3.324, 5.257, 5.405, 5.819, 8.733, 8.67, 7.975, 11.497, 8.578, 8.349, 8.472, 8.121, 8.065, 7.896, 8.597, 8.339, 8.171, 8.747, 11.101, 9.81, 6.679, 6.906, 6.89, 5.106, 0.0, 4.85, 5.262, 7.325, 8.284, 9.916, 10.096, 11.936, 13.323, 12.054, 13.328, 14.909], [15.728, 11.911, 8.996, 8.78, 4.878, 3.251, 3.336, 3.151, 3.483, 4.23, 3.848, 4.494, 5.498, 6.362, 5.962, 5.111, 7.632, 9.671, 9.888, 10.529, 13.419, 13.371, 12.469, 16.246, 13.391, 13.086, 13.143, 12.904, 12.707, 12.462, 13.307, 13.056, 12.817, 13.506, 15.883, 14.591, 11.44, 11.677, 11.682, 9.924, 4.85, 0.0, 1.405, 2.848, 4.744, 6.198, 6.545, 8.324, 9.714, 7.946, 9.1, 10.343], [16.117, 12.287, 9.35, 9.189, 5.183, 4.011, 3.77, 3.546, 3.813, 4.777, 4.303, 4.876, 5.929, 6.81, 6.4, 5.511, 8.007, 10.048, 10.264, 10.954, 13.808, 13.796, 12.905, 16.622, 13.78, 13.475, 13.533, 13.293, 13.097, 12.851, 13.696, 13.442, 13.222, 13.924, 16.299, 15.02, 11.856, 12.116, 12.134, 10.339, 5.262, 1.405, 0.0, 2.366, 4.422, 5.846, 6.185, 7.955, 9.357, 7.651, 8.781, 9.979], [18.082, 14.282, 11.247, 11.061, 7.131, 4.758, 5.102, 4.786, 5.602, 6.436, 6.083, 6.847, 7.877, 8.842, 8.39, 7.425, 9.939, 11.979, 12.196, 12.921, 15.773, 15.796, 14.854, 18.565, 15.745, 15.44, 15.497, 15.258, 15.038, 14.816, 15.645, 15.491, 15.247, 15.938, 18.303, 17.028, 13.837, 14.102, 14.131, 12.376, 7.325, 2.848, 2.366, 0.0, 2.879, 3.827, 4.386, 5.799, 7.139, 5.356, 6.571, 7.885], [18.51, 14.677, 11.673, 11.362, 7.614, 5.862, 5.986, 6.424, 6.996, 7.012, 7.083, 7.689, 8.496, 9.147, 8.896, 8.474, 10.377, 12.388, 12.862, 13.58, 16.198, 16.168, 15.257, 18.984, 16.164, 15.843, 15.906, 15.696, 15.452, 15.198, 16.056, 15.854, 15.614, 16.304, 18.68, 17.39, 14.238, 14.575, 14.5, 12.788, 8.284, 4.744, 4.422, 2.879, 0.0, 2.208, 2.508, 3.839, 5.172, 4.153, 5.693, 7.317], [20.094, 16.561, 13.485, 12.951, 9.054, 6.767, 7.14, 7.047, 8.023, 8.301, 8.185, 8.742, 10.22, 11.016, 10.432, 9.508, 11.69, 13.82, 14.121, 15.041, 17.67, 17.918, 16.774, 20.396, 17.487, 17.19, 17.398, 17.357, 16.882, 16.759, 17.523, 17.488, 17.31, 17.782, 20.094, 18.893, 16.046, 16.128, 16.124, 14.489, 9.916, 6.198, 5.846, 3.827, 2.208, 0.0, 1.175, 2.513, 3.852, 2.429, 4.36, 5.938], [20.337, 16.704, 13.676, 13.126, 9.224, 7.452, 7.679, 7.688, 8.481, 8.72, 8.722, 9.157, 10.275, 11.235, 10.733, 10.0, 12.019, 14.082, 14.39, 15.154, 17.924, 18.069, 16.967, 20.682, 17.872, 17.576, 17.634, 17.534, 17.179, 17.035, 17.812, 17.74, 17.507, 18.072, 20.446, 19.167, 16.248, 16.273, 16.274, 14.705, 10.096, 6.545, 6.185, 4.386, 2.508, 1.175, 0.0, 2.339, 3.615, 2.404, 4.005, 5.593], [21.741, 18.126, 15.045, 14.671, 10.884, 8.414, 8.774, 9.059, 10.118, 10.229, 10.162, 10.899, 12.075, 12.78, 12.272, 11.709, 13.547, 15.626, 16.131, 17.097, 19.38, 19.583, 18.56, 22.202, 19.369, 19.045, 19.142, 19.026, 18.653, 18.466, 19.27, 19.189, 18.98, 19.622, 21.955, 20.713, 17.694, 17.955, 17.843, 16.274, 11.936, 8.324, 7.955, 5.799, 3.839, 2.513, 2.339, 0.0, 1.913, 1.753, 2.536, 4.11], [22.54, 19.184, 15.948, 15.413, 11.828, 9.315, 9.622, 10.161, 11.26, 11.149, 11.411, 12.115, 13.311, 14.02, 13.496, 12.951, 14.509, 16.405, 17.266, 18.254, 20.214, 20.502, 19.329, 22.887, 20.144, 19.858, 20.009, 20.001, 19.442, 19.228, 20.112, 20.046, 19.766, 20.362, 22.675, 21.499, 18.734, 18.942, 18.603, 17.555, 13.323, 9.714, 9.357, 7.139, 5.172, 3.852, 3.615, 1.913, 0.0, 2.685, 2.537, 4.116], [22.247, 18.627, 15.579, 15.04, 11.146, 8.385, 9.142, 8.794, 9.776, 10.383, 10.074, 10.847, 12.353, 13.043, 12.473, 11.543, 13.756, 15.873, 16.293, 17.187, 19.802, 19.998, 18.8, 22.438, 19.558, 19.309, 19.503, 19.449, 18.973, 18.883, 19.62, 19.617, 19.429, 19.797, 22.121, 20.942, 18.148, 18.24, 18.225, 16.584, 12.054, 7.946, 7.651, 5.356, 4.153, 2.429, 2.404, 1.753, 2.685, 0.0, 2.432, 3.887], [24.145, 20.344, 17.322, 16.958, 13.124, 10.458, 11.066, 10.72, 11.664, 12.458, 12.084, 12.834, 13.906, 14.796, 14.372, 13.448, 15.916, 18.008, 18.255, 18.962, 21.797, 21.824, 20.873, 24.602, 21.79, 21.465, 21.54, 21.319, 21.059, 20.822, 21.663, 21.519, 21.272, 21.953, 24.322, 23.04, 19.903, 20.12, 20.126, 18.4, 13.328, 9.1, 8.781, 6.571, 5.693, 4.36, 4.005, 2.536, 2.537, 2.432, 0.0, 1.857], [25.756, 21.937, 18.905, 18.529, 14.73, 12.042, 12.659, 12.263, 13.184, 14.046, 13.674, 14.371, 15.469, 16.319, 15.898, 14.951, 17.508, 19.589, 19.822, 20.541, 23.411, 23.42, 22.468, 26.183, 23.357, 23.027, 23.107, 22.876, 22.654, 22.395, 23.262, 23.096, 22.879, 23.499, 25.891, 24.605, 21.501, 21.724, 21.732, 19.926, 14.909, 10.343, 9.979, 7.885, 7.317, 5.938, 5.593, 4.11, 4.116, 3.887, 1.857, 0.0]]