[[0.0, 1.775, 1.19, 1.372, 1.127, 1.817, 2.258, 2.144, 2.245, 2.295, 2.541, 2.731, 1.774, 1.295, 2.052, 3.521, 3.744, 4.169, 5.349, 5.205, 4.948, 4.249, 4.076, 4.292, 5.173, 4.722, 3.269, 2.697, 4.324, 5.292, 3.324, 3.861, 3.121, 5.0, 9.322, 10.78, 12.824, 13.069, 11.984, 11.838, 12.899, 13.791, 13.928, 14.329, 14.894, 15.223, 15.441, 16.083, 16.871, 17.257, 18.87, 21.404, 21.828, 20.485, 18.552, 15.857, 16.799, 22.087, 24.539, 24.337, 19.462, 16.2, 15.293, 16.758, 19.033, 20.161, 19.051, 18.97, 19.871, 20.57, 20.744, 21.182, 20.069, 18.709, 18.243, 17.544, 16.021, 14.958, 14.315, 12.962, 11.44, 12.291, 11.839, 9.912, 7.872, 8.861, 9.961, 10.017, 9.533, 9.445, 10.686, 11.025, 9.383, 8.946, 10.628, 12.93, 14.225, 14.802, 14.746, 13.452, 10.008, 8.76, 9.341, 9.101, 8.728, 8.235, 7.171, 8.318, 12.538, 16.419, 17.774, 16.941, 17.043, 19.027, 20.185, 20.734, 21.336, 22.38, 22.809, 21.624, 18.771, 18.651, 21.291, 22.963, 22.969, 23.778, 22.742, 21.482, 22.072, 21.324, 19.762, 21.364, 22.777, 21.476, 18.313, 14.542, 12.193, 11.011, 12.547, 13.537, 13.719, 13.569, 12.802, 11.717, 12.358, 11.799], [1.775, 0.0, 1.16, 2.405, 2.099, 2.119, 2.263, 2.008, 1.695, 2.184, 1.891, 1.522, 1.667, 1.567, 1.22, 2.376, 2.78, 3.533, 4.677, 4.635, 5.454, 3.737, 3.485, 3.712, 4.402, 3.697, 2.587, 3.355, 5.599, 6.841, 4.474, 5.146, 4.539, 4.474, 7.828, 9.272, 11.217, 11.656, 10.611, 10.326, 11.428, 12.334, 12.558, 12.95, 13.531, 13.875, 14.04, 14.621, 15.404, 15.744, 17.472, 19.918, 20.249, 18.891, 17.008, 14.27, 15.343, 20.705, 23.099, 22.877, 18.021, 14.796, 13.877, 15.373, 17.57, 18.706, 17.7, 17.59, 18.481, 19.206, 19.393, 19.83, 18.671, 17.3, 16.844, 16.082, 14.47, 13.586, 12.847, 11.368, 9.91, 10.852, 10.355, 8.354, 6.367, 7.512, 8.455, 8.483, 8.021, 7.974, 9.13, 9.457, 7.818, 7.428, 9.124, 11.529, 12.734, 13.377, 13.208, 11.941, 8.439, 7.243, 7.802, 7.711, 7.414, 6.885, 6.432, 7.065, 11.13, 15.008, 16.351, 15.584, 15.664, 17.581, 18.804, 19.38, 19.905, 20.932, 21.316, 20.083, 17.347, 17.095, 19.903, 21.526, 21.534, 22.409, 21.274, 20.036, 20.623, 19.886, 18.358, 19.987, 21.306, 19.929, 16.806, 13.128, 10.758, 9.57, 11.186, 12.103, 12.26, 12.04, 11.332, 10.339, 10.786, 10.221], [1.19, 1.16, 0.0, 1.656, 1.559, 2.069, 2.266, 1.962, 1.862, 2.182, 2.352, 2.3, 1.602, 1.505, 1.64, 3.08, 3.282, 3.645, 4.747, 4.661, 5.04, 3.754, 3.578, 3.751, 4.609, 4.252, 2.728, 2.892, 4.802, 5.902, 3.535, 4.15, 3.561, 4.64, 8.709, 10.195, 12.153, 12.556, 11.522, 11.225, 12.352, 13.247, 13.466, 13.867, 14.449, 14.785, 14.98, 15.622, 16.409, 16.758, 18.397, 20.828, 21.182, 19.824, 17.918, 15.185, 16.273, 21.605, 24.023, 23.868, 18.932, 15.725, 14.785, 16.29, 18.484, 19.616, 18.608, 18.508, 19.388, 20.119, 20.302, 20.74, 19.581, 18.207, 17.764, 17.004, 15.415, 14.499, 13.757, 12.301, 10.828, 11.762, 11.264, 9.26, 7.257, 8.404, 9.365, 9.397, 8.92, 8.868, 10.055, 10.373, 8.716, 8.32, 10.016, 12.415, 13.622, 14.267, 14.106, 12.826, 9.367, 8.157, 8.825, 8.705, 8.298, 7.812, 6.933, 7.959, 12.049, 15.926, 17.261, 16.494, 16.581, 18.491, 19.713, 20.288, 20.823, 21.852, 22.24, 21.024, 18.274, 18.12, 20.83, 22.442, 22.442, 23.317, 22.255, 21.017, 21.603, 20.864, 19.388, 20.889, 22.226, 20.847, 17.728, 14.054, 11.735, 10.564, 12.095, 13.016, 13.168, 12.953, 12.242, 11.192, 11.715, 11.151], [1.372, 2.405, 1.656, 0.0, 1.438, 1.996, 2.424, 2.18, 2.508, 2.638, 2.797, 3.191, 2.467, 2.148, 2.454, 3.946, 3.843, 4.332, 5.409, 5.315, 5.229, 4.431, 4.283, 4.257, 5.652, 5.178, 3.479, 3.042, 4.349, 4.992, 3.264, 3.691, 2.852, 5.423, 9.807, 11.316, 13.366, 13.613, 12.508, 12.367, 13.411, 14.341, 14.42, 14.774, 15.41, 15.755, 15.824, 16.364, 17.155, 17.553, 19.348, 21.99, 22.411, 21.054, 19.125, 16.395, 17.26, 22.604, 25.02, 24.613, 20.025, 16.692, 15.813, 17.265, 19.61, 20.736, 19.574, 19.426, 20.384, 21.097, 21.283, 21.702, 20.629, 19.208, 18.728, 18.078, 16.496, 15.525, 14.9, 13.549, 11.983, 12.874, 12.426, 10.479, 8.417, 9.384, 10.524, 10.597, 10.089, 9.988, 11.269, 11.595, 9.92, 9.453, 11.168, 13.486, 14.803, 15.376, 15.296, 14.007, 10.544, 9.347, 9.72, 9.267, 9.12, 8.536, 7.34, 8.654, 13.0, 16.905, 18.337, 17.494, 17.507, 19.583, 20.742, 21.281, 21.813, 22.863, 23.278, 22.081, 19.272, 19.002, 21.795, 23.526, 23.489, 24.318, 23.082, 21.812, 22.37, 21.662, 20.025, 21.883, 23.359, 21.966, 18.869, 15.003, 12.523, 11.36, 13.093, 14.116, 14.297, 14.152, 13.387, 12.279, 12.941, 12.374], [1.127, 2.099, 1.559, 1.438, 0.0, 1.491, 1.853, 1.764, 1.762, 1.83, 2.336, 2.656, 1.803, 1.364, 2.051, 3.605, 3.717, 4.636, 5.929, 5.676, 5.541, 4.768, 4.622, 4.744, 5.539, 4.905, 3.589, 3.348, 4.655, 5.461, 3.795, 4.355, 3.463, 4.945, 9.28, 10.787, 12.834, 13.11, 12.04, 11.83, 12.903, 13.783, 13.939, 14.314, 14.93, 15.285, 15.382, 15.894, 16.682, 17.026, 18.857, 21.447, 21.879, 20.522, 18.593, 15.87, 16.74, 22.137, 24.472, 24.167, 19.555, 16.209, 15.343, 16.781, 19.089, 20.201, 19.099, 18.951, 19.926, 20.634, 20.818, 21.239, 20.153, 18.741, 18.248, 17.608, 15.973, 15.034, 14.362, 13.006, 11.439, 12.338, 11.883, 9.947, 7.891, 8.906, 9.995, 10.06, 9.545, 9.461, 10.737, 11.056, 9.399, 8.908, 10.657, 12.966, 14.26, 14.834, 14.75, 13.463, 10.019, 8.804, 9.195, 8.81, 8.625, 8.085, 6.713, 8.126, 12.55, 16.445, 17.867, 17.029, 17.048, 19.114, 20.272, 20.816, 21.309, 22.334, 22.756, 21.561, 18.736, 18.463, 21.335, 22.995, 22.943, 23.855, 22.587, 21.36, 21.91, 21.202, 19.503, 21.418, 22.812, 21.452, 18.326, 14.501, 12.083, 10.875, 12.583, 13.623, 13.777, 13.615, 12.859, 11.809, 12.409, 11.842], [1.817, 2.119, 2.069, 1.996, 1.491, 0.0, 1.223, 1.351, 1.518, 1.604, 1.806, 2.485, 1.695, 1.52, 2.156, 3.58, 4.16, 4.956, 6.422, 6.423, 6.445, 5.505, 5.021, 5.168, 5.9, 4.977, 3.907, 4.164, 5.844, 6.321, 4.936, 5.398, 4.365, 4.353, 8.734, 10.261, 12.319, 12.54, 11.411, 11.33, 12.351, 13.28, 13.261, 13.573, 14.274, 14.657, 14.681, 15.253, 16.044, 16.468, 18.276, 20.932, 21.348, 19.99, 18.078, 15.361, 16.184, 21.47, 23.954, 23.363, 18.912, 15.597, 14.712, 16.166, 18.535, 19.67, 18.42, 18.189, 19.252, 19.868, 20.039, 20.562, 19.5, 18.079, 17.627, 17.014, 15.468, 14.457, 13.84, 12.509, 10.944, 11.836, 11.387, 9.46, 7.427, 8.313, 9.477, 9.549, 9.05, 8.969, 10.222, 10.572, 8.926, 8.488, 10.175, 12.459, 13.772, 14.35, 14.29, 13.011, 9.54, 8.308, 8.734, 8.222, 8.033, 7.382, 5.988, 7.549, 11.919, 15.771, 17.217, 16.378, 16.383, 18.468, 19.608, 20.149, 20.739, 21.772, 22.201, 21.058, 18.238, 17.914, 20.665, 22.453, 22.427, 23.064, 21.965, 20.71, 21.194, 20.509, 18.951, 20.757, 22.294, 20.915, 17.802, 13.939, 11.234, 10.263, 11.968, 13.046, 13.224, 13.078, 12.327, 11.188, 11.882, 11.306], [2.258, 2.263, 2.266, 2.424, 1.853, 1.223, 0.0, 1.046, 1.268, 1.351, 1.69, 2.61, 1.944, 1.823, 2.216, 3.651, 3.859, 5.048, 6.472, 6.658, 6.76, 5.756, 5.124, 5.373, 5.945, 5.085, 4.017, 4.549, 6.281, 6.959, 5.381, 5.964, 5.092, 4.066, 8.177, 9.681, 11.746, 11.968, 10.839, 10.754, 11.778, 12.679, 12.689, 12.983, 13.694, 14.085, 14.119, 14.637, 15.347, 15.79, 17.68, 20.359, 20.784, 19.426, 17.505, 14.784, 15.577, 20.916, 23.34, 22.669, 18.377, 15.036, 14.152, 15.574, 17.941, 19.074, 17.848, 17.632, 18.687, 19.338, 19.528, 19.988, 18.948, 17.521, 17.045, 16.445, 14.846, 13.884, 13.266, 11.933, 10.367, 11.258, 10.81, 8.882, 6.975, 7.745, 8.904, 8.977, 8.515, 8.425, 9.649, 9.99, 8.404, 8.005, 9.709, 11.921, 13.205, 13.798, 13.727, 12.491, 8.991, 7.732, 8.104, 7.508, 7.535, 6.696, 5.133, 6.898, 11.341, 15.22, 16.68, 15.798, 15.834, 17.921, 19.05, 19.563, 20.128, 21.166, 21.585, 20.408, 17.607, 17.259, 20.056, 21.85, 21.799, 22.552, 21.281, 20.049, 20.582, 19.73, 18.303, 20.176, 21.71, 20.315, 17.218, 13.324, 10.566, 9.598, 11.359, 12.459, 12.633, 12.514, 11.741, 10.623, 11.318, 10.742], [2.144, 2.008, 1.962, 2.18, 1.764, 1.351, 1.046, 0.0, 1.008, 1.408, 1.5, 2.258, 1.745, 1.776, 1.912, 3.38, 3.742, 4.891, 6.159, 6.32, 6.632, 5.466, 4.869, 5.145, 5.706, 4.805, 3.832, 4.462, 6.188, 6.858, 5.083, 5.601, 4.893, 4.002, 7.956, 9.408, 11.471, 11.703, 10.611, 10.475, 11.514, 12.421, 12.509, 12.825, 13.486, 13.864, 13.884, 14.395, 15.159, 15.572, 17.438, 20.094, 20.516, 19.159, 17.23, 14.506, 15.327, 20.704, 23.101, 22.588, 18.139, 14.794, 13.926, 15.357, 17.7, 18.832, 17.668, 17.486, 18.488, 19.196, 19.385, 19.808, 18.735, 17.31, 16.824, 16.192, 14.586, 13.622, 13.003, 11.652, 10.086, 10.977, 10.529, 8.659, 6.736, 7.548, 8.658, 8.706, 8.33, 8.222, 9.401, 9.757, 8.252, 7.914, 9.629, 11.719, 12.982, 13.579, 13.496, 12.297, 8.828, 7.517, 7.839, 7.394, 7.415, 6.703, 5.461, 6.767, 11.099, 15.006, 16.452, 15.609, 15.613, 17.697, 18.839, 19.379, 19.882, 20.924, 21.343, 20.15, 17.365, 17.049, 19.895, 21.614, 21.571, 22.418, 21.072, 19.841, 20.41, 19.625, 18.122, 19.996, 21.446, 20.057, 16.968, 13.098, 10.538, 9.427, 11.149, 12.209, 12.387, 12.251, 11.491, 10.393, 11.046, 10.479], [2.245, 1.695, 1.862, 2.508, 1.762, 1.518, 1.268, 1.008, 0.0, 1.254, 1.778, 2.08, 1.734, 1.628, 1.778, 3.184, 3.419, 4.642, 5.923, 5.865, 6.539, 5.046, 4.65, 4.774, 5.483, 4.59, 3.618, 4.368, 6.128, 6.994, 5.195, 5.783, 5.005, 4.082, 7.918, 9.384, 11.451, 11.688, 10.628, 10.473, 11.515, 12.415, 12.546, 12.877, 13.537, 13.881, 13.91, 14.424, 15.205, 15.606, 17.429, 20.067, 20.493, 19.136, 17.215, 14.509, 15.305, 20.71, 23.106, 22.633, 18.138, 14.803, 13.926, 15.361, 17.682, 18.811, 17.694, 17.53, 18.51, 19.217, 19.409, 19.824, 18.741, 17.315, 16.836, 16.193, 14.575, 13.628, 12.978, 11.625, 10.064, 10.964, 10.537, 8.654, 6.769, 7.626, 8.639, 8.681, 8.297, 8.184, 9.39, 9.748, 8.263, 7.935, 9.615, 11.675, 12.96, 13.548, 13.476, 12.287, 8.8, 7.527, 7.841, 7.449, 7.512, 6.789, 5.377, 6.741, 11.116, 15.011, 16.451, 15.623, 15.618, 17.699, 18.845, 19.399, 19.848, 20.916, 21.313, 20.134, 17.356, 16.971, 19.917, 21.594, 21.549, 22.434, 21.079, 19.88, 20.459, 19.656, 18.069, 20.012, 21.437, 20.036, 16.949, 13.091, 10.594, 9.442, 11.18, 12.207, 12.369, 12.234, 11.466, 10.396, 11.023, 10.458], [2.295, 2.184, 2.182, 2.638, 1.83, 1.604, 1.351, 1.408, 1.254, 0.0, 1.463, 2.132, 1.679, 1.845, 2.02, 3.115, 3.893, 5.138, 6.466, 6.52, 6.734, 5.59, 5.19, 5.355, 5.848, 4.684, 3.96, 4.523, 6.266, 7.128, 5.392, 5.958, 5.171, 4.213, 8.053, 9.583, 11.65, 11.881, 10.766, 10.651, 11.667, 12.584, 12.618, 12.926, 13.613, 13.994, 14.03, 14.547, 15.297, 15.729, 17.575, 20.254, 20.675, 19.317, 17.4, 14.665, 15.465, 20.823, 23.238, 22.657, 18.281, 14.949, 14.052, 15.46, 17.83, 18.966, 17.75, 17.582, 18.591, 19.272, 19.463, 19.891, 18.849, 17.418, 16.963, 16.338, 14.737, 13.787, 13.152, 11.83, 10.271, 11.171, 10.745, 8.76, 6.835, 7.729, 8.795, 8.872, 8.427, 8.285, 9.534, 9.943, 8.355, 8.05, 9.694, 11.824, 13.14, 13.658, 13.58, 12.335, 8.849, 7.642, 8.027, 7.493, 7.534, 6.802, 5.287, 6.78, 11.221, 15.121, 16.58, 15.697, 15.734, 17.82, 18.959, 19.466, 20.003, 21.071, 21.458, 20.28, 17.502, 17.105, 19.966, 21.742, 21.706, 22.483, 21.171, 19.972, 20.529, 19.7, 18.2, 20.079, 21.608, 20.202, 17.104, 13.219, 10.612, 9.508, 11.284, 12.353, 12.524, 12.404, 11.633, 10.527, 11.204, 10.628], [2.541, 1.891, 2.352, 2.797, 2.336, 1.806, 1.69, 1.5, 1.778, 1.463, 0.0, 1.55, 1.658, 1.873, 1.543, 2.226, 3.479, 4.467, 5.694, 5.956, 6.099, 5.054, 4.466, 4.75, 5.084, 3.867, 3.194, 4.033, 6.45, 7.449, 5.412, 6.043, 5.462, 3.83, 7.285, 8.659, 10.696, 10.934, 9.824, 9.69, 10.757, 11.658, 11.718, 12.052, 12.718, 13.063, 13.126, 13.691, 14.509, 14.872, 16.661, 19.313, 19.741, 18.384, 16.455, 13.725, 14.568, 19.915, 22.334, 21.963, 17.345, 13.999, 13.13, 14.59, 16.933, 18.063, 16.869, 16.711, 17.697, 18.404, 18.593, 19.009, 17.94, 16.524, 16.036, 15.404, 13.864, 12.854, 12.229, 10.88, 9.314, 10.206, 9.757, 7.846, 5.83, 6.709, 7.854, 7.927, 7.42, 7.332, 8.599, 8.927, 7.294, 6.85, 8.632, 10.832, 12.135, 12.705, 12.622, 11.351, 7.93, 6.697, 7.098, 6.639, 6.428, 5.833, 5.374, 6.308, 10.319, 14.231, 15.657, 14.807, 14.82, 16.902, 18.05, 18.584, 19.116, 20.181, 20.585, 19.451, 16.607, 16.383, 19.123, 20.848, 20.816, 21.624, 20.431, 19.147, 19.669, 19.009, 17.458, 19.196, 20.675, 19.312, 16.19, 12.338, 9.856, 8.764, 10.426, 11.447, 11.62, 11.475, 10.718, 9.714, 10.271, 9.703], [2.731, 1.522, 2.3, 3.191, 2.656, 2.485, 2.61, 2.258, 2.08, 2.132, 1.55, 0.0, 1.713, 2.065, 1.119, 1.78, 2.859, 3.652, 4.689, 4.873, 5.956, 4.196, 3.593, 3.98, 4.216, 3.001, 2.642, 4.021, 6.314, 7.676, 5.267, 5.981, 5.361, 3.707, 7.067, 8.46, 10.418, 10.721, 9.693, 9.429, 10.531, 11.456, 11.662, 12.064, 12.639, 12.931, 13.222, 13.812, 14.63, 14.981, 16.61, 19.002, 19.436, 18.083, 16.152, 13.444, 14.528, 19.768, 22.269, 22.11, 17.125, 13.926, 12.994, 14.497, 16.648, 17.765, 16.774, 16.7, 17.564, 18.28, 18.45, 18.888, 17.724, 16.414, 15.982, 15.195, 13.686, 12.658, 11.946, 10.572, 9.067, 9.901, 9.437, 7.539, 5.493, 6.547, 7.567, 7.614, 7.123, 7.034, 8.289, 8.607, 6.915, 6.431, 8.181, 10.498, 11.814, 12.362, 12.265, 10.97, 7.563, 6.358, 7.038, 6.781, 6.349, 5.913, 5.717, 6.33, 10.277, 14.138, 15.406, 14.651, 14.76, 16.668, 17.863, 18.439, 19.007, 20.072, 20.48, 19.308, 16.491, 16.329, 18.998, 20.592, 20.627, 21.457, 20.499, 19.26, 19.817, 19.108, 17.525, 19.104, 20.418, 19.118, 15.962, 12.267, 9.981, 8.772, 10.26, 11.181, 11.334, 11.183, 10.406, 9.387, 9.961, 9.423], [1.774, 1.667, 1.602, 2.467, 1.803, 1.695, 1.944, 1.745, 1.734, 1.679, 1.658, 1.713, 0.0, 1.055, 1.506, 2.506, 3.566, 4.262, 5.596, 5.438, 5.684, 4.511, 4.259, 4.471, 5.141, 4.17, 3.402, 3.612, 5.44, 6.512, 4.389, 5.003, 4.402, 3.966, 8.143, 9.656, 11.648, 11.884, 10.82, 10.659, 11.723, 12.577, 12.683, 13.053, 13.672, 14.03, 14.239, 14.893, 15.646, 16.04, 17.65, 20.247, 20.676, 19.322, 17.395, 14.676, 15.608, 20.91, 23.331, 23.112, 18.325, 15.044, 14.134, 15.567, 17.861, 18.987, 17.855, 17.692, 18.691, 19.392, 19.555, 19.984, 18.922, 17.545, 17.063, 16.407, 14.885, 13.813, 13.167, 11.81, 10.253, 11.133, 10.685, 8.758, 6.679, 7.663, 8.789, 8.862, 8.348, 8.251, 9.534, 9.854, 8.163, 7.65, 9.402, 11.738, 13.062, 13.59, 13.507, 12.21, 8.808, 7.606, 8.235, 7.855, 7.341, 6.86, 6.078, 7.266, 11.38, 15.275, 16.635, 15.774, 15.832, 17.89, 19.026, 19.545, 20.106, 21.153, 21.588, 20.489, 17.601, 17.525, 20.148, 21.797, 21.76, 22.592, 21.492, 20.28, 20.832, 20.063, 18.642, 20.191, 21.621, 20.286, 17.186, 13.323, 10.931, 9.829, 11.29, 12.379, 12.538, 12.409, 11.642, 10.576, 11.206, 10.643], [1.295, 1.567, 1.505, 2.148, 1.364, 1.52, 1.823, 1.776, 1.628, 1.845, 1.873, 2.065, 1.055, 0.0, 1.587, 2.969, 3.67, 4.324, 5.586, 5.383, 5.303, 4.429, 4.307, 4.481, 5.251, 4.484, 3.497, 3.131, 4.812, 5.976, 3.912, 4.562, 3.785, 4.484, 8.666, 10.154, 12.174, 12.42, 11.357, 11.171, 12.26, 13.133, 13.262, 13.656, 14.259, 14.577, 14.825, 15.393, 16.214, 16.537, 18.212, 20.761, 21.193, 19.844, 17.907, 15.203, 16.154, 21.446, 23.86, 23.696, 18.86, 15.596, 14.681, 16.111, 18.395, 19.509, 18.408, 18.301, 19.218, 19.921, 20.094, 20.529, 19.465, 18.069, 17.632, 16.947, 15.398, 14.358, 13.683, 12.322, 10.783, 11.647, 11.199, 9.272, 7.194, 8.221, 9.306, 9.376, 8.867, 8.778, 10.051, 10.368, 8.676, 8.158, 9.924, 12.263, 13.576, 14.106, 14.032, 12.75, 9.324, 8.119, 8.696, 8.379, 7.949, 7.494, 6.524, 7.662, 11.922, 15.812, 17.168, 16.305, 16.403, 18.414, 19.577, 20.093, 20.666, 21.705, 22.143, 21.006, 18.114, 17.966, 20.666, 22.318, 22.294, 23.136, 22.082, 20.874, 21.399, 20.692, 19.063, 20.715, 22.151, 20.815, 17.688, 13.864, 11.565, 10.348, 11.895, 12.928, 13.077, 12.934, 12.159, 11.109, 11.723, 11.163], [2.052, 1.22, 1.64, 2.454, 2.051, 2.156, 2.216, 1.912, 1.778, 2.02, 1.543, 1.119, 1.506, 1.587, 0.0, 1.785, 2.608, 3.411, 4.536, 4.736, 5.37, 3.952, 3.371, 3.703, 4.057, 3.208, 2.372, 3.358, 5.774, 6.997, 4.559, 5.262, 4.815, 4.133, 7.784, 9.19, 11.177, 11.446, 10.373, 10.191, 11.239, 12.18, 12.286, 12.683, 13.255, 13.598, 13.796, 14.384, 15.152, 15.634, 17.215, 19.763, 20.187, 18.844, 16.918, 14.201, 15.171, 20.476, 22.888, 22.624, 17.845, 14.581, 13.667, 15.109, 17.395, 18.527, 17.424, 17.323, 18.203, 18.931, 19.117, 19.555, 18.435, 17.088, 16.625, 15.892, 14.354, 13.331, 12.689, 11.322, 9.804, 10.647, 10.198, 8.293, 6.228, 7.239, 8.326, 8.376, 7.874, 7.788, 9.045, 9.368, 7.676, 7.151, 8.926, 11.251, 12.576, 13.115, 13.019, 11.725, 8.319, 7.119, 7.661, 7.389, 6.933, 6.47, 6.114, 7.019, 10.916, 14.794, 16.134, 15.308, 15.425, 17.395, 18.573, 19.104, 19.716, 20.757, 21.187, 19.962, 17.129, 17.098, 19.626, 21.317, 21.355, 22.115, 21.058, 19.82, 20.34, 19.648, 18.259, 19.715, 21.138, 19.842, 16.66, 12.887, 10.528, 9.372, 10.92, 11.899, 12.091, 11.93, 11.158, 10.079, 10.717, 10.161], [3.521, 2.376, 3.08, 3.946, 3.605, 3.58, 3.651, 3.38, 3.184, 3.115, 2.226, 1.78, 2.506, 2.969, 1.785, 0.0, 2.515, 3.311, 4.215, 4.985, 6.139, 4.489, 3.314, 3.889, 3.684, 2.55, 2.536, 4.252, 7.232, 8.447, 5.945, 6.688, 6.296, 3.429, 6.786, 7.882, 9.718, 9.948, 8.908, 8.767, 9.791, 10.678, 10.761, 11.225, 11.801, 12.104, 12.368, 13.146, 13.92, 14.536, 15.737, 18.303, 18.734, 17.39, 15.456, 12.747, 13.683, 18.973, 21.473, 21.198, 16.375, 13.147, 12.236, 13.603, 15.927, 17.053, 15.908, 15.805, 16.731, 17.414, 17.591, 18.04, 16.981, 15.593, 15.174, 14.456, 12.946, 11.903, 11.216, 9.868, 8.328, 9.193, 8.745, 6.817, 4.741, 5.74, 6.859, 6.921, 6.41, 6.321, 7.602, 7.914, 6.222, 5.697, 7.461, 9.794, 11.122, 11.648, 11.565, 10.268, 6.866, 5.666, 6.429, 6.276, 5.483, 5.178, 5.385, 6.112, 9.532, 13.355, 14.681, 13.8, 13.93, 15.934, 17.095, 17.603, 18.216, 19.258, 19.689, 18.529, 15.651, 15.941, 18.204, 19.901, 19.841, 20.637, 19.589, 18.37, 18.99, 18.198, 17.191, 18.201, 19.693, 18.385, 15.248, 11.399, 9.195, 8.206, 9.453, 10.472, 10.61, 10.475, 9.705, 8.892, 9.265, 8.806], [3.744, 2.78, 3.282, 3.843, 3.717, 4.16, 3.859, 3.742, 3.419, 3.893, 3.479, 2.859, 3.566, 3.67, 2.608, 2.515, 0.0, 1.731, 2.889, 3.67, 5.749, 3.645, 1.9, 2.469, 2.848, 2.349, 2.165, 4.44, 7.093, 7.978, 6.063, 6.614, 6.247, 5.544, 8.22, 9.21, 10.64, 10.888, 9.916, 9.704, 10.687, 11.575, 11.748, 12.026, 12.694, 13.076, 13.165, 13.773, 14.451, 15.057, 16.61, 19.253, 19.685, 18.328, 16.399, 13.669, 14.518, 19.904, 22.283, 21.702, 17.351, 14.01, 13.16, 14.531, 16.856, 17.985, 16.847, 16.679, 17.68, 18.384, 18.571, 18.989, 17.934, 16.514, 16.039, 15.402, 13.758, 12.827, 12.163, 10.814, 9.248, 10.14, 9.691, 7.753, 5.683, 6.684, 7.798, 7.868, 7.354, 7.297, 8.545, 8.86, 7.169, 6.644, 8.408, 10.749, 12.068, 12.601, 12.516, 11.219, 7.817, 6.612, 7.139, 6.934, 6.314, 6.231, 6.75, 7.307, 10.379, 14.241, 15.662, 14.807, 14.813, 16.904, 18.034, 18.563, 19.016, 20.073, 20.472, 19.297, 16.534, 16.474, 19.159, 20.801, 20.701, 21.605, 20.176, 19.034, 19.629, 18.735, 17.837, 19.192, 20.615, 19.255, 16.152, 12.256, 9.879, 9.359, 10.733, 11.682, 11.834, 11.622, 11.174, 10.714, 10.461, 9.719], [4.169, 3.533, 3.645, 4.332, 4.636, 4.956, 5.048, 4.891, 4.642, 5.138, 4.467, 3.652, 4.262, 4.324, 3.411, 3.311, 1.731, 0.0, 1.777, 2.582, 4.729, 2.68, 0.742, 1.378, 2.365, 2.224, 1.843, 3.396, 6.523, 7.717, 5.492, 6.018, 5.882, 6.422, 8.967, 9.892, 10.865, 11.072, 10.148, 10.056, 10.961, 11.804, 11.864, 12.367, 12.977, 13.27, 13.575, 14.587, 15.386, 15.964, 16.869, 19.451, 19.833, 18.513, 16.623, 13.886, 14.939, 19.997, 22.763, 22.351, 17.389, 14.304, 13.415, 14.721, 17.058, 18.143, 16.925, 16.669, 17.739, 18.402, 18.53, 19.006, 17.955, 16.701, 16.32, 15.583, 14.212, 13.04, 12.412, 11.022, 9.422, 10.32, 9.865, 7.946, 5.979, 6.851, 8.023, 8.042, 7.528, 7.56, 8.756, 9.036, 7.343, 6.818, 8.575, 10.883, 12.242, 12.746, 12.681, 11.367, 7.964, 6.79, 8.031, 8.05, 6.788, 7.134, 8.171, 8.218, 10.868, 14.503, 15.689, 14.869, 14.901, 17.051, 18.1, 18.638, 19.28, 20.334, 20.793, 19.707, 16.934, 17.363, 19.409, 21.075, 20.948, 21.595, 20.747, 19.483, 20.162, 19.441, 18.674, 19.402, 20.801, 19.56, 16.529, 12.585, 10.652, 10.289, 11.09, 11.972, 12.166, 11.95, 11.589, 11.17, 10.831, 10.185], [5.349, 4.677, 4.747, 5.409, 5.929, 6.422, 6.472, 6.159, 5.923, 6.466, 5.694, 4.689, 5.596, 5.586, 4.536, 4.215, 2.889, 1.777, 0.0, 1.927, 4.363, 2.563, 1.702, 1.8, 1.939, 2.243, 2.816, 3.71, 6.951, 8.347, 5.782, 6.44, 6.416, 6.957, 9.514, 10.359, 10.623, 11.004, 10.474, 10.072, 10.873, 11.749, 12.173, 12.849, 13.198, 13.624, 14.11, 15.082, 15.901, 16.447, 16.917, 18.728, 19.035, 18.246, 16.243, 13.693, 15.145, 19.841, 22.887, 22.388, 17.232, 14.484, 13.684, 14.59, 16.375, 17.266, 16.402, 16.594, 17.546, 18.191, 18.276, 18.554, 17.493, 16.784, 16.413, 15.31, 14.159, 12.942, 11.995, 10.346, 9.263, 9.929, 9.237, 7.442, 5.76, 6.765, 7.525, 7.702, 7.172, 7.405, 8.506, 8.534, 6.653, 5.879, 7.638, 10.119, 11.35, 11.935, 11.888, 10.555, 7.204, 6.367, 8.422, 8.578, 7.234, 7.922, 9.147, 8.981, 11.285, 14.606, 15.063, 14.44, 14.664, 16.591, 17.715, 18.003, 18.704, 19.791, 20.267, 19.142, 16.961, 17.677, 19.611, 20.922, 20.501, 21.287, 20.575, 19.367, 20.354, 19.824, 19.137, 19.37, 20.288, 19.361, 16.384, 12.806, 11.356, 11.046, 11.512, 11.864, 11.903, 11.804, 11.659, 11.447, 10.871, 10.385], [5.205, 4.635, 4.661, 5.315, 5.676, 6.423, 6.658, 6.32, 5.865, 6.52, 5.956, 4.873, 5.438, 5.383, 4.736, 4.985, 3.67, 2.582, 1.927, 0.0, 2.702, 1.446, 2.38, 2.134, 3.643, 3.826, 3.239, 2.966, 5.389, 6.819, 4.57, 4.996, 5.496, 7.981, 10.854, 11.802, 12.348, 12.757, 12.244, 11.8, 12.623, 13.473, 13.92, 14.621, 14.981, 15.382, 15.88, 16.837, 17.651, 18.161, 18.668, 20.396, 20.654, 19.969, 17.965, 15.406, 16.845, 21.625, 24.611, 24.079, 19.032, 16.274, 15.462, 16.326, 18.113, 18.895, 18.049, 18.287, 19.289, 19.878, 19.96, 20.253, 19.284, 18.56, 18.204, 17.103, 15.897, 14.721, 13.721, 12.001, 10.993, 11.653, 10.954, 9.099, 7.416, 8.548, 9.251, 9.451, 8.914, 9.113, 10.274, 10.297, 8.385, 7.567, 9.225, 11.739, 12.985, 13.549, 13.499, 12.159, 8.866, 8.1, 10.059, 10.241, 8.942, 9.249, 10.222, 10.297, 13.056, 16.391, 16.865, 16.136, 16.346, 18.29, 19.418, 19.641, 20.239, 21.359, 21.869, 20.763, 18.681, 19.401, 21.391, 22.664, 22.208, 23.012, 22.239, 21.1, 22.101, 21.596, 20.902, 21.104, 21.968, 21.065, 18.122, 14.525, 12.99, 12.36, 13.1, 13.508, 13.485, 13.21, 12.894, 12.666, 12.061, 11.935], [4.948, 5.454, 5.04, 5.229, 5.541, 6.445, 6.76, 6.632, 6.539, 6.734, 6.099, 5.956, 5.684, 5.303, 5.37, 6.139, 5.749, 4.729, 4.363, 2.702, 0.0, 2.407, 4.428, 4.138, 6.039, 6.079, 4.593, 2.512, 3.656, 4.797, 3.204, 3.113, 4.337, 9.142, 12.635, 13.64, 14.604, 15.017, 14.334, 13.956, 14.955, 15.709, 15.995, 16.773, 17.204, 17.501, 17.969, 18.902, 19.73, 20.298, 20.978, 22.917, 23.198, 22.319, 20.342, 17.664, 18.938, 23.925, 26.876, 26.544, 21.386, 18.535, 17.653, 18.692, 20.543, 21.401, 20.617, 20.75, 21.67, 22.377, 22.447, 22.71, 21.667, 20.866, 20.533, 19.475, 18.25, 17.016, 16.122, 14.54, 13.272, 13.988, 13.361, 11.598, 9.874, 10.897, 11.654, 11.752, 11.256, 11.272, 12.459, 12.628, 10.767, 9.999, 11.733, 14.304, 15.521, 16.096, 16.041, 14.6, 11.328, 10.39, 12.143, 12.171, 11.082, 10.99, 11.424, 12.108, 15.227, 18.732, 19.263, 18.637, 18.844, 20.843, 21.889, 22.21, 22.844, 23.917, 24.457, 23.34, 20.992, 21.606, 23.624, 24.95, 24.589, 25.369, 24.684, 23.503, 24.469, 23.814, 22.992, 23.49, 24.393, 23.485, 20.42, 16.759, 14.946, 14.194, 14.988, 15.443, 15.345, 15.133, 14.721, 14.116, 13.981, 14.03], [4.249, 3.737, 3.754, 4.431, 4.768, 5.505, 5.756, 5.466, 5.046, 5.59, 5.054, 4.196, 4.511, 4.429, 3.952, 4.489, 3.645, 2.68, 2.563, 1.446, 2.407, 0.0, 2.228, 1.978, 3.955, 3.966, 2.46, 2.026, 4.54, 6.007, 3.454, 3.973, 4.335, 7.595, 10.617, 11.564, 12.326, 12.779, 12.091, 11.648, 12.644, 13.464, 13.739, 14.503, 14.916, 15.291, 15.705, 16.651, 17.472, 18.063, 18.711, 20.792, 21.199, 20.129, 18.113, 15.454, 16.685, 21.706, 24.628, 24.266, 19.065, 16.214, 15.335, 16.425, 18.424, 19.564, 18.563, 18.542, 19.415, 20.129, 20.313, 20.692, 19.529, 18.542, 18.219, 17.143, 15.929, 14.83, 13.879, 12.321, 11.043, 11.784, 11.298, 9.345, 7.594, 8.649, 9.486, 9.566, 8.996, 9.116, 10.438, 10.508, 8.714, 8.148, 9.912, 12.248, 13.584, 14.134, 14.03, 12.763, 9.369, 8.217, 9.873, 9.967, 8.789, 8.993, 9.832, 10.001, 12.923, 16.415, 17.174, 16.449, 16.587, 18.564, 19.73, 20.233, 20.829, 21.897, 22.301, 21.119, 18.744, 19.314, 21.341, 22.75, 22.487, 23.377, 22.434, 21.221, 22.191, 21.522, 20.715, 21.212, 22.241, 21.187, 18.124, 14.489, 12.721, 12.09, 12.888, 13.448, 13.482, 13.255, 12.859, 12.558, 12.123, 11.825], [4.076, 3.485, 3.578, 4.283, 4.622, 5.021, 5.124, 4.869, 4.65, 5.19, 4.466, 3.593, 4.259, 4.307, 3.371, 3.314, 1.9, 0.742, 1.702, 2.38, 4.428, 2.228, 0.0, 1.248, 2.296, 2.144, 1.769, 3.11, 6.278, 7.606, 5.18, 5.785, 5.566, 6.381, 9.025, 9.893, 10.787, 11.043, 10.136, 9.931, 10.933, 11.72, 11.852, 12.487, 12.942, 13.292, 13.651, 14.684, 15.488, 16.066, 16.908, 19.322, 19.723, 18.496, 16.515, 13.82, 14.894, 19.943, 22.73, 22.369, 17.297, 14.264, 13.397, 14.695, 16.961, 18.062, 16.847, 16.74, 17.689, 18.392, 18.539, 18.954, 17.859, 16.655, 16.278, 15.49, 14.204, 13.028, 12.301, 10.876, 9.396, 10.22, 9.751, 7.824, 5.851, 6.74, 7.902, 7.978, 7.458, 7.466, 8.745, 8.92, 7.229, 6.704, 8.465, 10.805, 12.128, 12.658, 12.554, 11.257, 7.855, 6.684, 8.057, 8.079, 6.889, 7.248, 8.324, 8.357, 10.958, 14.484, 15.574, 14.819, 14.867, 16.931, 18.016, 18.571, 19.255, 20.308, 20.738, 19.623, 16.883, 17.434, 19.446, 20.983, 20.867, 21.59, 20.723, 19.438, 20.172, 19.578, 18.727, 19.372, 20.706, 19.484, 16.411, 12.591, 10.773, 10.389, 11.101, 11.857, 12.057, 11.813, 11.585, 11.237, 10.835, 10.146], [4.292, 3.712, 3.751, 4.257, 4.744, 5.168, 5.373, 5.145, 4.774, 5.355, 4.75, 3.98, 4.471, 4.481, 3.703, 3.889, 2.469, 1.378, 1.8, 2.134, 4.138, 1.978, 1.248, 0.0, 2.575, 2.506, 1.99, 2.788, 6.113, 7.344, 5.013, 5.525, 5.39, 7.115, 9.555, 10.466, 11.135, 11.395, 10.566, 10.334, 11.272, 12.112, 12.168, 12.817, 13.382, 13.732, 13.967, 14.996, 15.813, 16.423, 17.148, 19.649, 20.045, 18.851, 16.867, 14.149, 15.146, 20.256, 23.119, 22.626, 17.665, 14.678, 13.766, 14.929, 17.26, 18.383, 17.169, 16.975, 17.982, 18.647, 18.832, 19.261, 18.196, 17.026, 16.698, 15.85, 14.524, 13.41, 12.651, 11.203, 9.682, 10.563, 10.088, 8.154, 6.274, 7.232, 8.261, 8.29, 7.752, 7.81, 9.113, 9.306, 7.567, 7.03, 8.791, 11.099, 12.454, 12.962, 12.88, 11.582, 8.18, 7.037, 8.434, 8.472, 7.198, 7.802, 8.92, 8.894, 11.308, 14.835, 15.901, 15.074, 15.135, 17.281, 18.376, 18.859, 19.472, 20.54, 20.967, 19.839, 17.32, 17.741, 19.796, 21.417, 21.208, 21.907, 20.956, 19.701, 20.513, 19.843, 19.09, 19.682, 21.013, 19.831, 16.866, 12.902, 11.173, 10.985, 11.642, 12.369, 12.466, 12.417, 12.212, 11.921, 11.457, 10.708], [5.173, 4.402, 4.609, 5.652, 5.539, 5.9, 5.945, 5.706, 5.483, 5.848, 5.084, 4.216, 5.141, 5.251, 4.057, 3.684, 2.848, 2.365, 1.939, 3.643, 6.039, 3.955, 2.296, 2.575, 0.0, 1.553, 2.752, 4.736, 8.388, 9.786, 7.05, 7.85, 7.5, 6.491, 8.786, 9.578, 9.557, 9.58, 9.169, 8.754, 9.446, 10.387, 10.928, 11.511, 12.015, 12.335, 12.681, 13.766, 14.544, 14.996, 15.316, 17.136, 17.52, 16.833, 14.96, 12.537, 13.933, 18.326, 21.382, 20.561, 15.698, 13.077, 12.355, 13.16, 14.814, 15.842, 14.752, 14.813, 15.754, 16.383, 16.45, 16.85, 15.984, 15.242, 14.816, 13.772, 12.65, 11.428, 10.392, 8.777, 7.926, 8.562, 7.793, 5.942, 4.107, 5.186, 6.118, 6.29, 5.925, 6.342, 7.28, 7.046, 5.253, 4.674, 6.235, 8.59, 9.89, 10.451, 10.397, 9.069, 5.789, 5.425, 7.465, 7.6, 6.285, 7.137, 8.48, 8.227, 9.995, 12.971, 13.505, 12.686, 12.899, 14.916, 15.956, 16.377, 17.172, 18.227, 18.705, 17.554, 15.368, 16.398, 18.056, 19.425, 19.009, 19.645, 18.819, 17.649, 18.55, 18.335, 17.858, 17.692, 18.67, 17.799, 15.178, 11.701, 10.339, 10.265, 10.64, 11.251, 11.296, 11.221, 11.077, 10.97, 10.363, 9.74], [4.722, 3.697, 4.252, 5.178, 4.905, 4.977, 5.085, 4.805, 4.59, 4.684, 3.867, 3.001, 4.17, 4.484, 3.208, 2.55, 2.349, 2.224, 2.243, 3.826, 6.079, 3.966, 2.144, 2.506, 1.553, 0.0, 2.486, 4.601, 8.234, 9.578, 6.897, 7.684, 7.379, 5.291, 7.709, 8.53, 8.876, 9.116, 8.485, 8.176, 9.066, 9.86, 10.221, 10.876, 11.27, 11.643, 12.062, 13.124, 13.944, 14.487, 15.097, 17.31, 17.673, 16.513, 14.54, 11.9, 13.206, 17.969, 21.006, 20.595, 15.366, 12.51, 11.699, 12.83, 14.912, 15.982, 14.895, 14.86, 15.795, 16.465, 16.525, 16.951, 15.836, 14.818, 14.531, 13.566, 12.385, 11.145, 10.346, 8.9, 7.435, 8.222, 7.711, 5.831, 4.012, 4.963, 5.87, 5.971, 5.474, 5.584, 6.774, 6.934, 5.185, 4.661, 6.377, 8.74, 10.045, 10.618, 10.539, 9.229, 5.796, 4.712, 6.553, 6.665, 5.41, 6.134, 7.359, 7.174, 9.293, 12.695, 13.506, 12.873, 12.944, 14.94, 15.979, 16.53, 17.264, 18.336, 18.787, 17.676, 15.128, 15.741, 17.701, 19.105, 18.887, 19.584, 18.896, 17.611, 18.47, 17.891, 17.173, 17.562, 18.705, 17.622, 14.613, 10.884, 9.416, 9.222, 9.645, 10.243, 10.322, 10.243, 10.093, 9.885, 9.349, 8.634], [3.269, 2.587, 2.728, 3.479, 3.589, 3.907, 4.017, 3.832, 3.618, 3.96, 3.194, 2.642, 3.402, 3.497, 2.372, 2.536, 2.165, 1.843, 2.816, 3.239, 4.593, 2.46, 1.769, 1.99, 2.752, 2.486, 0.0, 2.958, 6.288, 7.53, 5.028, 5.705, 5.402, 5.714, 8.617, 9.611, 10.837, 11.142, 10.189, 10.004, 10.937, 11.867, 11.874, 12.441, 13.024, 13.392, 13.584, 14.559, 15.392, 16.039, 16.888, 19.465, 19.863, 18.582, 16.63, 13.917, 14.874, 20.07, 22.737, 22.276, 17.427, 14.325, 13.417, 14.723, 17.078, 18.227, 17.008, 16.777, 17.753, 18.393, 18.552, 19.086, 18.005, 16.701, 16.338, 15.569, 14.122, 13.105, 12.418, 11.031, 9.47, 10.357, 9.908, 7.963, 5.97, 6.888, 8.048, 8.095, 7.579, 7.538, 8.839, 9.078, 7.386, 6.916, 8.647, 10.965, 12.286, 12.799, 12.733, 11.444, 8.019, 6.815, 7.896, 7.872, 6.793, 6.805, 7.567, 7.819, 10.907, 14.483, 15.732, 14.912, 14.981, 17.027, 18.177, 18.707, 19.357, 20.402, 20.841, 19.632, 16.945, 17.353, 19.404, 21.1, 21.028, 21.589, 20.748, 19.475, 20.152, 19.464, 18.648, 19.355, 20.844, 19.559, 16.465, 12.556, 10.442, 9.959, 11.0, 11.81, 11.916, 11.739, 11.205, 10.74, 10.548, 10.135], [2.697, 3.355, 2.892, 3.042, 3.348, 4.164, 4.549, 4.462, 4.368, 4.523, 4.033, 4.021, 3.612, 3.131, 3.358, 4.252, 4.44, 3.396, 3.71, 2.966, 2.512, 2.026, 3.11, 2.788, 4.736, 4.601, 2.958, 0.0, 3.838, 5.26, 2.653, 3.284, 3.144, 7.031, 10.607, 11.73, 13.126, 13.465, 12.593, 12.406, 13.437, 14.247, 14.377, 15.122, 15.624, 15.796, 16.149, 17.179, 17.992, 18.598, 19.418, 21.647, 21.994, 20.818, 18.939, 16.134, 17.364, 22.342, 25.392, 25.003, 19.723, 16.885, 15.886, 17.214, 19.252, 20.314, 19.239, 19.226, 20.142, 20.845, 20.926, 21.323, 20.204, 19.215, 18.908, 17.937, 16.73, 15.454, 14.73, 13.22, 11.756, 12.549, 12.077, 10.179, 8.403, 9.374, 10.281, 10.252, 9.763, 9.786, 11.06, 11.323, 9.532, 9.011, 10.71, 13.043, 14.368, 14.948, 14.884, 13.56, 10.143, 9.005, 10.407, 10.272, 9.506, 9.186, 9.231, 10.106, 13.421, 17.066, 17.86, 17.188, 17.29, 19.334, 20.334, 20.867, 21.592, 22.665, 23.113, 21.987, 19.504, 19.92, 21.967, 23.494, 23.219, 23.984, 23.271, 21.977, 22.868, 22.15, 21.179, 21.945, 23.024, 22.014, 18.981, 15.216, 13.129, 12.216, 13.146, 13.915, 13.981, 13.845, 13.098, 12.295, 12.649, 12.408], [4.324, 5.599, 4.802, 4.349, 4.655, 5.844, 6.281, 6.188, 6.128, 6.266, 6.45, 6.314, 5.44, 4.812, 5.774, 7.232, 7.093, 6.523, 6.951, 5.389, 3.656, 4.54, 6.278, 6.113, 8.388, 8.234, 6.288, 3.838, 0.0, 1.897, 1.859, 1.334, 2.279, 8.968, 13.156, 14.626, 16.592, 16.961, 15.934, 15.643, 16.769, 17.65, 17.886, 18.311, 18.86, 19.157, 19.449, 20.089, 20.894, 21.22, 22.834, 25.211, 25.603, 24.245, 22.318, 19.615, 20.751, 26.01, 28.497, 28.364, 23.355, 20.15, 19.219, 20.721, 22.877, 23.985, 22.994, 22.932, 23.789, 24.512, 24.678, 25.116, 23.939, 22.653, 22.208, 21.428, 19.908, 18.878, 18.164, 16.722, 15.264, 16.116, 15.643, 13.702, 11.653, 12.77, 13.764, 13.793, 13.313, 13.203, 14.461, 14.768, 13.077, 12.552, 14.316, 16.726, 18.0, 18.581, 18.433, 17.138, 13.734, 12.553, 13.298, 13.044, 12.572, 12.151, 11.23, 12.406, 16.514, 20.361, 21.635, 20.874, 20.999, 22.904, 24.089, 24.664, 25.244, 26.278, 26.679, 25.523, 22.716, 22.532, 25.212, 26.807, 26.844, 27.679, 26.742, 25.509, 26.088, 25.351, 23.721, 25.344, 26.596, 25.303, 22.166, 18.491, 16.222, 15.021, 16.48, 17.409, 17.566, 17.345, 16.631, 15.582, 16.133, 15.586], [5.292, 6.841, 5.902, 4.992, 5.461, 6.321, 6.959, 6.858, 6.994, 7.128, 7.449, 7.676, 6.512, 5.976, 6.997, 8.447, 7.978, 7.717, 8.347, 6.819, 4.797, 6.007, 7.606, 7.344, 9.786, 9.578, 7.53, 5.26, 1.897, 0.0, 3.264, 2.466, 3.3, 9.968, 14.446, 15.968, 18.031, 18.293, 17.226, 17.028, 18.111, 18.972, 19.132, 19.432, 20.121, 20.487, 20.55, 21.079, 21.84, 22.182, 24.041, 26.645, 27.076, 25.719, 23.79, 21.06, 21.886, 27.319, 29.675, 29.326, 24.753, 21.407, 20.541, 21.976, 24.271, 25.389, 24.285, 24.124, 25.12, 25.826, 26.006, 26.423, 25.344, 23.924, 23.443, 22.807, 21.193, 20.233, 19.561, 18.203, 16.637, 17.536, 17.08, 15.144, 13.072, 14.087, 15.192, 15.257, 14.743, 14.651, 15.934, 16.249, 14.558, 14.033, 15.797, 18.155, 19.457, 19.997, 19.909, 18.621, 15.208, 14.001, 14.439, 13.997, 13.742, 13.14, 11.962, 13.412, 17.727, 21.639, 23.066, 22.232, 22.228, 24.313, 25.451, 26.0, 26.457, 27.504, 27.907, 26.778, 23.947, 23.637, 26.533, 28.186, 28.132, 29.039, 27.749, 26.526, 27.101, 26.332, 24.785, 26.62, 28.006, 26.649, 23.526, 19.702, 17.207, 16.048, 17.758, 18.813, 18.961, 18.813, 18.058, 17.008, 17.606, 17.04], [3.324, 4.474, 3.535, 3.264, 3.795, 4.936, 5.381, 5.083, 5.195, 5.392, 5.412, 5.267, 4.389, 3.912, 4.559, 5.945, 6.063, 5.492, 5.782, 4.57, 3.204, 3.454, 5.18, 5.013, 7.05, 6.897, 5.028, 2.653, 1.859, 3.264, 0.0, 1.181, 1.506, 7.733, 11.889, 13.377, 15.12, 15.603, 14.589, 14.272, 15.429, 16.3, 16.546, 16.985, 17.566, 17.787, 18.119, 18.917, 19.676, 20.075, 21.494, 23.764, 24.065, 22.757, 20.903, 18.182, 19.423, 24.653, 27.24, 27.078, 21.946, 18.852, 17.904, 19.381, 21.409, 22.554, 21.623, 21.585, 22.449, 23.167, 23.3, 23.739, 22.527, 21.33, 20.891, 20.033, 18.548, 17.518, 16.735, 15.204, 13.891, 14.756, 14.198, 12.258, 10.302, 11.404, 12.332, 12.338, 11.911, 11.795, 12.92, 13.219, 11.527, 11.006, 12.803, 15.268, 16.54, 17.109, 16.908, 15.631, 12.206, 11.09, 12.111, 11.912, 11.242, 10.87, 10.326, 11.348, 15.218, 19.057, 20.194, 19.522, 19.646, 21.494, 22.708, 23.289, 23.892, 24.928, 25.332, 24.166, 21.399, 21.439, 23.889, 25.428, 25.488, 26.267, 25.416, 24.187, 24.85, 24.04, 22.721, 24.016, 25.238, 23.928, 20.742, 17.151, 14.911, 13.855, 15.112, 15.963, 16.117, 15.875, 15.158, 14.114, 14.595, 14.069], [3.861, 5.146, 4.15, 3.691, 4.355, 5.398, 5.964, 5.601, 5.783, 5.958, 6.043, 5.981, 5.003, 4.562, 5.262, 6.688, 6.614, 6.018, 6.44, 4.996, 3.113, 3.973, 5.785, 5.525, 7.85, 7.684, 5.705, 3.284, 1.334, 2.466, 1.181, 0.0, 1.865, 8.39, 12.623, 14.118, 16.053, 16.39, 15.369, 15.054, 16.198, 17.113, 17.286, 17.739, 18.283, 18.603, 18.856, 19.599, 20.353, 20.73, 22.23, 24.651, 25.058, 23.703, 21.819, 19.066, 20.17, 25.444, 27.949, 27.816, 22.752, 19.578, 18.622, 20.118, 22.308, 23.428, 22.441, 22.333, 23.217, 23.959, 24.125, 24.56, 23.392, 22.104, 21.616, 20.849, 19.303, 18.309, 17.608, 16.193, 14.672, 15.579, 15.077, 13.144, 11.134, 12.239, 13.188, 13.238, 12.724, 12.684, 13.916, 14.233, 12.539, 12.014, 13.778, 16.142, 17.44, 17.992, 17.889, 16.605, 13.189, 11.982, 12.779, 12.582, 11.994, 11.574, 10.888, 11.962, 15.955, 19.779, 21.071, 20.325, 20.4, 22.35, 23.534, 24.108, 24.64, 25.689, 26.084, 24.907, 22.165, 22.136, 24.681, 26.269, 26.27, 27.131, 26.164, 24.939, 25.561, 24.791, 23.361, 24.782, 26.05, 24.709, 21.602, 17.892, 15.639, 14.539, 15.927, 16.828, 16.981, 16.812, 16.053, 15.003, 15.588, 15.025], [3.121, 4.539, 3.561, 2.852, 3.463, 4.365, 5.092, 4.893, 5.005, 5.171, 5.462, 5.361, 4.402, 3.785, 4.815, 6.296, 6.247, 5.882, 6.416, 5.496, 4.337, 4.335, 5.566, 5.39, 7.5, 7.379, 5.402, 3.144, 2.279, 3.3, 1.506, 1.865, 0.0, 7.567, 12.228, 13.723, 15.584, 16.072, 15.042, 14.69, 15.866, 16.761, 16.998, 17.398, 17.972, 18.269, 18.54, 19.105, 19.928, 20.237, 21.946, 24.282, 24.574, 23.228, 21.388, 18.651, 19.818, 25.121, 27.574, 27.416, 22.428, 19.262, 18.33, 19.833, 21.913, 23.075, 22.108, 22.042, 22.898, 23.62, 23.79, 24.228, 23.045, 21.737, 21.315, 20.485, 18.94, 17.993, 17.23, 15.672, 14.358, 15.225, 14.719, 12.745, 10.745, 11.872, 12.825, 12.826, 12.377, 12.298, 13.421, 13.725, 12.026, 11.506, 13.312, 15.752, 17.06, 17.624, 17.417, 16.142, 12.71, 11.592, 12.332, 12.07, 11.668, 11.221, 10.056, 11.324, 15.599, 19.473, 20.715, 19.988, 20.112, 21.962, 23.201, 23.778, 24.356, 25.388, 25.777, 24.581, 21.783, 21.54, 24.314, 25.907, 25.955, 26.783, 25.807, 24.57, 25.113, 24.418, 22.76, 24.42, 25.71, 24.381, 21.188, 17.603, 15.292, 14.074, 15.594, 16.446, 16.631, 16.387, 15.668, 14.618, 15.106, 14.546], [5.0, 4.474, 4.64, 5.423, 4.945, 4.353, 4.066, 4.002, 4.082, 4.213, 3.83, 3.707, 3.966, 4.484, 4.133, 3.429, 5.544, 6.422, 6.957, 7.981, 9.142, 7.595, 6.381, 7.115, 6.491, 5.291, 5.714, 7.031, 8.968, 9.968, 7.733, 8.39, 7.567, 0.0, 4.921, 6.42, 8.3, 8.638, 7.614, 7.339, 8.464, 9.398, 9.569, 9.967, 10.544, 10.813, 11.125, 11.799, 12.575, 12.971, 14.528, 16.817, 17.215, 15.939, 14.032, 11.339, 12.469, 17.676, 20.212, 20.035, 14.973, 11.846, 10.901, 12.405, 14.4, 15.593, 14.645, 14.606, 15.47, 16.184, 16.315, 16.753, 15.547, 14.321, 13.894, 13.047, 11.593, 10.544, 9.802, 8.369, 7.001, 7.83, 7.282, 5.441, 4.558, 4.801, 5.582, 5.648, 5.178, 4.918, 6.025, 6.414, 4.741, 4.844, 5.965, 8.306, 9.659, 10.199, 10.118, 8.797, 5.349, 4.178, 5.045, 4.804, 4.4, 3.941, 2.825, 4.029, 8.188, 12.056, 13.202, 12.547, 12.673, 14.482, 15.73, 16.304, 16.949, 18.015, 18.418, 17.222, 14.425, 14.326, 16.888, 18.468, 18.564, 19.276, 18.432, 17.168, 17.78, 17.027, 15.493, 17.008, 18.34, 17.032, 13.787, 10.2, 7.885, 6.732, 8.146, 8.915, 9.146, 8.97, 8.165, 7.08, 7.73, 7.234], [9.322, 7.828, 8.709, 9.807, 9.28, 8.734, 8.177, 7.956, 7.918, 8.053, 7.285, 7.067, 8.143, 8.666, 7.784, 6.786, 8.22, 8.967, 9.514, 10.854, 12.635, 10.617, 9.025, 9.555, 8.786, 7.709, 8.617, 10.607, 13.156, 14.446, 11.889, 12.623, 12.228, 4.921, 0.0, 1.65, 3.643, 3.989, 2.999, 2.85, 3.801, 4.683, 4.902, 5.266, 5.885, 6.259, 6.423, 7.14, 7.908, 8.33, 9.799, 12.316, 12.657, 11.3, 9.391, 6.715, 7.678, 12.998, 15.48, 15.308, 10.4, 7.161, 6.203, 7.657, 9.932, 11.039, 10.012, 9.874, 10.82, 11.536, 11.714, 12.141, 11.009, 9.656, 9.169, 8.47, 6.875, 5.937, 5.195, 4.148, 2.889, 3.389, 3.355, 4.11, 5.426, 4.667, 4.428, 4.4, 3.857, 2.882, 2.859, 3.21, 4.057, 5.519, 5.226, 5.405, 5.889, 6.162, 6.731, 6.093, 4.068, 3.6, 2.54, 2.479, 2.683, 2.257, 3.551, 1.943, 3.531, 7.289, 8.705, 7.927, 7.935, 9.971, 11.127, 11.694, 12.158, 13.191, 13.574, 12.441, 9.719, 9.571, 12.253, 13.87, 13.834, 14.734, 13.645, 12.431, 13.063, 12.258, 10.914, 12.357, 13.652, 12.229, 9.197, 5.404, 3.228, 2.539, 3.576, 4.566, 4.681, 4.489, 4.486, 4.205, 4.428, 3.681], [10.78, 9.272, 10.195, 11.316, 10.787, 10.261, 9.681, 9.408, 9.384, 9.583, 8.659, 8.46, 9.656, 10.154, 9.19, 7.882, 9.21, 9.892, 10.359, 11.802, 13.64, 11.564, 9.893, 10.466, 9.578, 8.53, 9.611, 11.73, 14.626, 15.968, 13.377, 14.118, 13.723, 6.42, 1.65, 0.0, 2.155, 2.438, 1.806, 2.154, 2.705, 3.213, 3.427, 3.87, 4.44, 4.724, 5.015, 5.701, 6.516, 7.039, 8.304, 10.779, 11.12, 9.764, 7.864, 5.218, 6.243, 11.454, 13.927, 13.81, 8.858, 5.613, 4.667, 6.145, 8.39, 9.488, 8.457, 8.347, 9.247, 9.959, 10.147, 10.581, 9.445, 8.091, 7.607, 6.905, 5.332, 4.356, 3.901, 3.722, 2.842, 2.928, 3.146, 4.393, 6.013, 5.096, 4.661, 4.655, 4.218, 3.391, 3.232, 3.633, 4.786, 6.078, 5.602, 5.356, 5.597, 5.859, 6.511, 6.058, 4.675, 4.263, 3.043, 3.107, 3.533, 3.45, 5.068, 2.979, 2.341, 5.777, 7.161, 6.373, 6.438, 8.437, 9.573, 10.137, 10.662, 11.687, 12.081, 10.935, 8.162, 8.238, 10.732, 12.308, 12.283, 13.175, 12.146, 10.926, 11.53, 10.797, 9.673, 10.819, 12.097, 10.727, 7.662, 3.896, 2.19, 2.037, 2.237, 3.309, 3.353, 3.341, 3.612, 3.673, 3.732, 2.889], [12.824, 11.217, 12.153, 13.366, 12.834, 12.319, 11.746, 11.471, 11.451, 11.65, 10.696, 10.418, 11.648, 12.174, 11.177, 9.718, 10.64, 10.865, 10.623, 12.348, 14.604, 12.326, 10.787, 11.135, 9.557, 8.876, 10.837, 13.126, 16.592, 18.031, 15.12, 16.053, 15.584, 8.3, 3.643, 2.155, 0.0, 1.296, 1.528, 1.804, 1.661, 1.833, 2.211, 2.796, 3.252, 3.602, 4.034, 4.922, 5.621, 6.113, 6.809, 8.821, 9.063, 7.887, 6.026, 3.567, 4.914, 9.667, 12.54, 12.27, 7.029, 4.233, 3.37, 4.509, 6.388, 7.529, 6.581, 6.489, 7.359, 8.079, 8.241, 8.661, 7.487, 6.459, 6.112, 5.045, 3.834, 2.798, 2.363, 2.655, 2.462, 2.114, 2.723, 3.9