[[0.0, 1.215, 1.76, 2.381, 2.732, 3.904, 5.179, 4.033, 2.078, 5.047, 6.713, 6.081, 6.113, 6.264, 8.029, 9.483, 9.535, 9.776, 9.92, 9.147, 9.69, 11.05, 11.587, 11.779, 11.643, 11.128, 9.765, 8.387, 9.648, 11.414, 12.38, 12.674, 13.357, 13.437, 10.504, 6.848, 7.735, 8.193, 9.667, 10.552, 10.24, 9.953, 10.826, 11.17, 11.259, 11.05, 11.456, 12.375, 13.339, 12.264, 10.945, 11.237, 11.695, 10.388, 8.615, 8.949, 8.942, 9.789, 8.887, 8.417, 8.423, 7.508, 4.157, 2.153, 3.531, 4.035, 2.69, 1.763, 2.476, 2.995, 2.244, 1.958, 3.733, 3.396, 2.101, 2.035, 3.366, 4.663, 4.551, 2.952, 2.828, 2.934, 3.032, 2.683, 2.183, 2.162, 4.594, 5.829, 6.11, 5.165, 5.55, 6.532, 7.406, 8.481, 10.106, 9.759, 8.193, 7.558, 8.477, 7.644, 7.053, 6.941, 4.877, 3.73, 4.482, 5.138, 4.273, 3.697, 4.378, 5.017, 5.478, 6.877, 7.692, 9.641, 10.364, 10.15, 9.647, 7.443, 5.461, 5.118, 3.395, 2.281, 3.093, 5.075, 6.7, 7.88, 9.879, 12.501, 14.169, 14.288, 11.944, 11.552, 11.966, 12.476, 11.208, 10.047, 9.684, 9.171, 7.616, 7.005, 8.081, 7.994, 7.571, 8.839, 9.488, 7.99, 7.061, 8.155, 8.388, 7.995, 8.798, 9.43, 9.871, 10.884, 12.418, 12.855, 12.465, 11.676, 11.22, 11.676, 11.806, 11.835, 9.852, 9.224, 9.463, 10.184, 9.658, 8.934, 7.935, 7.808, 8.368, 7.909, 5.165, 3.389, 2.938, 5.52, 5.727, 4.947, 4.102, 4.923, 4.737, 5.474, 4.127, 3.671, 2.578, 3.379, 3.233, 2.263, 2.508, 2.156, 3.515, 8.139, 10.199, 10.431, 9.995, 9.738, 10.642, 11.765, 12.195, 11.532, 10.987, 10.461, 10.054, 10.433, 12.183, 11.209], [1.215, 0.0, 1.504, 2.153, 2.881, 4.235, 5.532, 4.406, 2.055, 4.391, 6.118, 5.667, 5.755, 5.624, 7.269, 8.688, 8.748, 8.988, 9.133, 8.338, 8.887, 10.255, 10.808, 10.96, 10.831, 10.339, 8.945, 7.546, 8.861, 10.627, 11.583, 11.873, 12.554, 12.643, 9.743, 6.244, 7.008, 7.443, 8.93, 9.811, 9.461, 9.155, 10.094, 10.501, 10.499, 10.292, 10.643, 11.562, 12.526, 11.482, 10.2, 10.471, 10.927, 9.664, 7.665, 8.006, 8.105, 8.908, 8.053, 7.603, 7.61, 6.704, 3.345, 2.195, 4.03, 4.461, 2.993, 2.047, 2.214, 2.905, 1.805, 1.375, 2.963, 2.692, 1.826, 1.585, 2.686, 3.905, 3.727, 2.412, 2.263, 2.327, 2.397, 2.293, 1.8, 1.645, 3.797, 5.017, 5.299, 4.354, 4.765, 5.712, 6.553, 7.662, 9.311, 8.945, 7.417, 6.889, 7.707, 6.755, 6.345, 6.119, 4.074, 2.933, 3.7, 4.336, 3.568, 3.217, 3.868, 4.592, 4.876, 6.224, 6.917, 8.747, 9.47, 9.263, 8.752, 6.565, 4.61, 4.38, 2.668, 1.876, 2.414, 4.143, 5.825, 7.078, 9.077, 11.698, 13.382, 13.477, 11.184, 10.765, 11.178, 11.774, 10.542, 9.237, 8.891, 8.386, 6.822, 6.305, 7.429, 7.311, 6.824, 8.026, 8.711, 7.321, 6.262, 7.26, 7.495, 7.259, 7.923, 8.638, 8.922, 9.981, 11.618, 12.012, 11.663, 10.855, 10.297, 10.83, 11.086, 11.166, 9.213, 8.527, 8.927, 9.71, 9.149, 8.451, 7.583, 7.348, 7.625, 7.237, 4.522, 3.548, 2.176, 4.707, 4.85, 4.115, 3.242, 4.132, 3.887, 4.652, 3.471, 3.196, 2.453, 3.825, 3.796, 2.874, 3.167, 2.652, 2.953, 7.326, 9.397, 9.613, 9.16, 8.883, 9.801, 10.982, 11.461, 10.844, 10.246, 9.697, 9.288, 9.65, 11.376, 10.438], [1.76, 1.504, 0.0, 1.246, 2.115, 3.729, 4.871, 3.769, 1.553, 3.645, 5.224, 4.684, 4.769, 5.002, 7.484, 8.957, 9.028, 9.191, 9.329, 8.607, 9.11, 10.49, 11.008, 11.198, 11.129, 10.634, 9.251, 7.858, 9.167, 10.858, 11.827, 12.144, 12.862, 12.843, 9.949, 5.975, 6.419, 7.473, 9.07, 9.993, 9.687, 9.232, 10.293, 10.723, 10.692, 10.561, 10.949, 11.864, 12.822, 11.795, 10.453, 10.686, 11.123, 9.878, 7.819, 8.326, 8.423, 9.244, 8.392, 7.91, 7.923, 7.02, 3.767, 1.947, 3.618, 3.978, 2.558, 1.687, 1.196, 2.154, 1.272, 1.736, 3.574, 3.359, 1.857, 2.251, 2.841, 4.178, 3.986, 2.365, 1.556, 2.158, 2.438, 1.562, 1.389, 2.305, 4.221, 5.231, 5.517, 4.59, 5.02, 5.947, 6.766, 7.858, 9.559, 9.221, 7.693, 7.111, 7.925, 6.979, 6.581, 6.392, 4.435, 3.324, 4.017, 4.657, 3.564, 2.618, 3.031, 3.876, 4.082, 5.481, 6.634, 8.563, 9.192, 9.129, 8.683, 6.427, 4.346, 4.163, 2.423, 1.971, 2.447, 3.868, 6.029, 7.399, 9.398, 12.012, 13.611, 13.686, 11.387, 10.966, 11.373, 11.958, 10.753, 9.401, 9.146, 8.678, 6.996, 6.434, 7.637, 7.484, 6.853, 8.332, 8.983, 7.524, 6.484, 7.447, 7.589, 7.559, 8.022, 8.773, 9.031, 10.065, 11.818, 12.27, 11.889, 11.017, 10.05, 10.429, 10.473, 10.407, 8.477, 7.941, 8.025, 8.75, 8.237, 7.504, 6.585, 6.391, 7.431, 7.132, 3.835, 2.617, 1.929, 5.014, 5.031, 4.252, 2.86, 3.595, 4.096, 4.793, 2.845, 2.668, 2.212, 3.649, 3.834, 2.793, 3.005, 2.506, 2.935, 7.564, 9.696, 9.913, 9.502, 9.174, 10.074, 11.266, 11.711, 11.112, 10.474, 9.902, 9.485, 9.846, 11.676, 10.681], [2.381, 2.153, 1.246, 0.0, 2.147, 4.364, 5.549, 4.387, 1.946, 3.473, 4.875, 4.189, 4.22, 4.478, 6.897, 8.27, 8.352, 8.451, 8.58, 7.901, 8.419, 9.803, 10.274, 10.372, 10.413, 9.914, 8.584, 7.208, 8.476, 10.151, 11.123, 11.423, 12.141, 12.135, 9.289, 5.264, 6.019, 6.825, 8.585, 9.48, 9.152, 8.754, 9.793, 10.179, 10.031, 9.887, 10.223, 11.138, 12.096, 11.109, 9.801, 9.911, 10.408, 9.175, 7.445, 7.741, 7.797, 8.607, 7.696, 7.187, 7.223, 6.611, 3.895, 2.375, 4.182, 4.638, 3.085, 1.971, 1.595, 2.12, 1.67, 2.453, 3.773, 3.541, 2.505, 2.777, 3.077, 3.664, 3.321, 2.072, 1.343, 2.281, 2.58, 1.989, 1.707, 2.872, 4.385, 4.798, 5.049, 4.298, 4.404, 5.394, 6.15, 7.253, 8.866, 8.495, 7.067, 6.563, 7.308, 6.397, 6.069, 5.774, 4.051, 3.243, 3.669, 4.099, 3.19, 2.2, 2.623, 3.347, 3.59, 4.832, 6.33, 8.191, 8.944, 8.901, 8.446, 6.326, 4.518, 4.157, 2.748, 2.552, 2.916, 3.791, 5.372, 6.692, 8.683, 11.294, 12.922, 12.995, 10.757, 10.195, 10.617, 11.421, 10.092, 8.825, 8.591, 7.996, 6.506, 5.899, 7.042, 6.945, 6.471, 7.631, 8.301, 6.922, 5.931, 6.836, 6.941, 6.933, 7.516, 8.391, 8.617, 9.739, 11.358, 11.628, 11.359, 10.539, 9.497, 10.109, 10.181, 10.057, 8.195, 7.658, 7.663, 8.308, 7.841, 7.053, 6.125, 5.955, 7.201, 6.772, 3.432, 2.765, 2.116, 4.349, 4.326, 3.549, 2.652, 3.164, 3.42, 4.158, 2.352, 2.451, 2.418, 4.281, 4.133, 3.091, 3.377, 2.946, 2.96, 6.825, 8.981, 9.171, 8.835, 8.582, 9.457, 10.709, 11.186, 10.591, 9.924, 9.22, 8.824, 9.17, 10.95, 9.99], [2.732, 2.881, 2.115, 2.147, 0.0, 2.442, 3.702, 2.447, 1.642, 3.905, 5.342, 4.54, 4.472, 5.31, 8.525, 10.047, 10.136, 10.174, 10.339, 9.748, 10.203, 11.573, 12.052, 12.275, 12.236, 11.745, 10.396, 9.011, 10.275, 11.962, 12.942, 13.261, 13.965, 13.898, 10.966, 7.097, 7.015, 8.362, 10.05, 10.954, 10.631, 10.222, 11.222, 11.665, 11.661, 11.567, 12.09, 13.0, 13.961, 12.937, 11.493, 11.763, 12.127, 10.808, 8.793, 9.427, 9.573, 10.345, 9.496, 9.065, 9.046, 8.257, 5.149, 2.836, 2.344, 2.722, 1.845, 1.472, 1.533, 1.768, 2.03, 3.222, 5.112, 4.877, 3.258, 3.88, 4.457, 5.425, 5.171, 3.547, 2.69, 3.367, 3.551, 2.352, 1.94, 3.785, 5.782, 6.388, 6.684, 5.733, 6.052, 7.177, 7.91, 8.964, 10.691, 10.357, 8.66, 8.071, 8.902, 7.813, 7.628, 7.528, 5.542, 4.41, 5.181, 5.805, 4.742, 3.587, 3.423, 3.711, 4.443, 5.655, 7.093, 9.065, 9.757, 9.768, 9.128, 6.853, 5.098, 4.94, 3.786, 3.368, 3.76, 4.514, 7.155, 8.611, 10.583, 13.159, 14.741, 14.86, 12.483, 11.967, 12.421, 12.852, 11.65, 10.558, 10.274, 9.818, 8.178, 7.377, 8.55, 8.422, 7.933, 9.472, 10.051, 8.413, 7.629, 8.418, 8.685, 8.519, 9.197, 9.953, 10.019, 11.224, 12.81, 13.369, 12.845, 12.059, 10.738, 10.873, 10.843, 10.556, 8.863, 8.404, 8.145, 8.627, 8.48, 7.48, 6.291, 6.384, 7.965, 7.868, 4.22, 1.79, 2.866, 6.175, 6.14, 5.314, 3.557, 3.821, 5.166, 5.931, 3.902, 2.815, 2.358, 2.786, 2.885, 2.369, 2.418, 2.739, 4.153, 8.67, 10.843, 11.048, 10.556, 10.278, 11.209, 12.407, 12.769, 12.077, 11.464, 10.891, 10.496, 10.838, 12.792, 11.79], [3.904, 4.235, 3.729, 4.364, 2.442, 0.0, 1.891, 1.207, 3.042, 5.618, 6.633, 5.576, 5.513, 7.64, 10.826, 12.361, 12.452, 12.522, 12.677, 12.05, 12.514, 13.888, 14.399, 14.624, 14.552, 14.068, 12.687, 11.311, 12.584, 14.281, 15.258, 15.577, 16.285, 16.229, 13.281, 9.409, 9.131, 10.649, 12.36, 13.285, 12.942, 12.538, 13.564, 14.025, 14.012, 13.899, 14.402, 15.311, 16.272, 15.236, 13.79, 14.075, 14.451, 13.17, 11.026, 11.644, 11.876, 12.643, 11.804, 11.362, 11.36, 10.467, 7.103, 3.764, 2.28, 1.623, 1.877, 3.119, 3.234, 3.187, 3.618, 4.759, 6.672, 6.411, 4.818, 5.118, 6.27, 7.691, 7.439, 5.768, 4.876, 5.442, 5.708, 4.165, 3.421, 4.981, 7.625, 8.68, 8.97, 8.023, 8.339, 9.397, 10.217, 11.256, 13.004, 12.67, 10.991, 10.424, 11.246, 10.085, 9.939, 9.84, 7.849, 6.659, 7.453, 8.11, 7.016, 5.885, 5.626, 5.105, 6.02, 7.229, 8.944, 11.146, 11.832, 11.8, 11.022, 8.72, 7.057, 6.987, 5.575, 5.039, 5.478, 6.233, 9.438, 10.874, 12.865, 15.472, 17.037, 17.142, 14.776, 14.305, 14.759, 15.218, 14.033, 12.838, 12.571, 12.122, 10.473, 9.7, 10.901, 10.774, 10.181, 11.785, 12.371, 10.785, 9.858, 10.771, 11.041, 10.871, 11.418, 12.17, 12.235, 13.449, 15.124, 15.676, 15.17, 14.331, 12.844, 12.539, 12.522, 11.92, 10.979, 10.55, 9.773, 9.724, 10.091, 8.932, 7.169, 8.114, 9.975, 10.207, 6.452, 2.604, 4.889, 8.475, 8.422, 7.652, 5.744, 5.685, 7.496, 8.241, 6.175, 4.111, 3.08, 1.47, 2.018, 2.621, 2.6, 3.194, 6.306, 11.005, 13.145, 13.365, 12.862, 12.608, 13.49, 14.704, 15.064, 14.43, 13.776, 13.212, 12.811, 13.183, 15.109, 14.103], [5.179, 5.532, 4.871, 5.549, 3.702, 1.891, 0.0, 1.678, 4.351, 6.673, 7.591, 6.61, 6.486, 8.779, 11.934, 13.414, 13.528, 13.688, 13.833, 13.13, 13.611, 14.971, 15.518, 15.75, 15.623, 15.139, 13.741, 12.354, 13.654, 15.384, 16.375, 16.666, 17.355, 17.364, 14.44, 10.511, 10.156, 11.715, 13.45, 14.389, 14.095, 13.585, 14.68, 15.121, 15.191, 15.005, 15.449, 16.368, 17.331, 16.279, 14.946, 15.209, 15.624, 14.364, 12.13, 12.666, 12.918, 13.686, 12.857, 12.415, 12.413, 11.521, 8.231, 4.859, 2.829, 1.818, 2.842, 4.175, 4.25, 4.162, 4.729, 6.047, 8.121, 7.8, 6.087, 6.397, 7.449, 8.677, 8.547, 6.886, 6.005, 6.549, 6.813, 5.33, 4.761, 6.165, 8.832, 9.825, 10.069, 9.086, 9.52, 10.626, 11.327, 12.327, 14.064, 13.752, 12.121, 11.516, 12.421, 11.137, 10.942, 10.899, 8.892, 7.794, 8.521, 9.153, 8.071, 6.923, 6.67, 6.255, 7.038, 8.396, 10.05, 12.137, 12.788, 12.597, 11.871, 9.608, 7.95, 7.864, 6.526, 6.317, 6.655, 7.591, 10.46, 11.923, 13.894, 16.515, 18.113, 18.225, 15.907, 15.465, 15.891, 16.386, 15.165, 13.945, 13.573, 13.164, 11.43, 10.857, 12.069, 11.811, 11.176, 12.832, 13.452, 11.922, 10.94, 11.924, 12.13, 11.985, 12.493, 13.134, 13.362, 14.48, 16.219, 16.741, 16.278, 15.472, 13.832, 13.673, 13.483, 12.896, 11.714, 11.398, 10.735, 10.697, 11.112, 9.913, 8.132, 9.073, 10.846, 11.255, 7.464, 3.714, 5.972, 9.52, 9.543, 8.774, 6.854, 6.854, 8.619, 9.355, 7.315, 5.508, 4.369, 2.829, 3.008, 3.972, 3.793, 4.134, 7.348, 12.12, 14.198, 14.407, 13.915, 13.643, 14.545, 15.663, 16.101, 15.495, 14.883, 14.394, 13.985, 14.346, 16.172, 15.201], [4.033, 4.406, 3.769, 4.387, 2.447, 1.207, 1.678, 0.0, 3.094, 5.354, 6.464, 5.524, 5.208, 7.528, 10.791, 12.32, 12.357, 12.488, 12.639, 11.966, 12.484, 13.86, 14.329, 14.512, 14.474, 13.973, 12.599, 11.215, 12.51, 14.195, 15.171, 15.486, 16.208, 16.185, 13.261, 9.325, 8.99, 10.564, 12.274, 13.2, 12.817, 12.438, 13.504, 13.906, 13.923, 13.863, 14.308, 15.223, 16.18, 15.142, 13.719, 13.978, 14.396, 13.095, 10.933, 11.515, 11.771, 12.549, 11.706, 11.264, 11.285, 10.376, 7.075, 3.685, 2.227, 1.387, 1.896, 3.116, 3.148, 3.088, 3.529, 4.859, 6.957, 6.639, 4.929, 5.302, 6.357, 7.584, 7.374, 5.714, 4.778, 5.365, 5.595, 4.071, 3.521, 4.994, 7.715, 8.614, 8.895, 7.97, 8.366, 9.389, 10.148, 11.22, 12.93, 12.58, 10.961, 10.284, 11.175, 10.007, 9.81, 9.747, 7.754, 6.594, 7.373, 8.02, 6.922, 5.786, 5.515, 5.097, 5.922, 7.199, 8.824, 10.815, 11.553, 11.466, 10.678, 8.347, 6.782, 6.732, 5.418, 5.148, 5.432, 6.368, 9.356, 10.771, 12.757, 15.382, 16.973, 17.068, 14.709, 14.272, 14.712, 15.15, 13.923, 12.744, 12.43, 12.018, 10.283, 9.59, 10.812, 10.622, 9.967, 11.691, 12.324, 10.687, 9.783, 10.731, 10.902, 10.738, 11.266, 12.004, 12.153, 13.318, 15.04, 15.652, 15.12, 14.282, 12.697, 12.36, 12.18, 11.752, 10.54, 10.168, 9.456, 9.482, 9.835, 8.633, 6.945, 7.759, 9.546, 10.045, 6.221, 2.462, 4.8, 8.369, 8.368, 7.6, 5.629, 5.641, 7.396, 8.123, 6.075, 4.288, 3.173, 1.668, 2.173, 2.771, 2.686, 3.19, 6.218, 10.897, 13.063, 13.265, 12.764, 12.493, 13.374, 14.553, 14.978, 14.295, 13.732, 13.2, 12.804, 13.153, 15.039, 14.013], [2.078, 2.055, 1.553, 1.946, 1.642, 3.042, 4.351, 3.094, 0.0, 3.505, 4.902, 4.136, 4.195, 4.974, 8.027, 9.53, 9.595, 9.714, 9.862, 9.205, 9.697, 11.064, 11.545, 11.753, 11.707, 11.209, 9.823, 8.442, 9.732, 11.42, 12.396, 12.719, 13.438, 13.398, 10.492, 6.547, 6.535, 7.857, 9.564, 10.459, 10.116, 9.714, 10.79, 11.191, 11.187, 11.091, 11.541, 12.448, 13.406, 12.388, 10.984, 11.234, 11.663, 10.403, 8.202, 8.785, 9.007, 9.784, 8.95, 8.518, 8.517, 7.596, 4.235, 2.205, 2.732, 3.163, 2.221, 1.813, 1.219, 1.699, 1.627, 2.269, 4.11, 3.823, 2.301, 2.887, 3.662, 4.943, 4.687, 3.028, 2.131, 2.645, 2.944, 1.539, 1.501, 2.7, 4.975, 5.918, 6.126, 5.218, 5.64, 6.601, 7.382, 8.425, 10.135, 9.805, 8.21, 7.578, 8.435, 7.292, 7.067, 6.98, 4.984, 3.827, 4.603, 5.292, 4.219, 3.042, 3.107, 3.582, 3.994, 5.332, 6.765, 8.714, 9.343, 9.308, 8.82, 6.599, 4.718, 4.658, 3.074, 2.52, 2.823, 4.129, 6.693, 8.129, 10.064, 12.656, 14.221, 14.342, 11.958, 11.498, 11.944, 12.434, 11.188, 9.982, 9.695, 9.24, 7.621, 6.94, 8.123, 8.003, 7.402, 8.936, 9.545, 7.991, 7.031, 7.97, 8.184, 7.965, 8.53, 9.316, 9.395, 10.576, 12.289, 12.859, 12.373, 11.531, 10.219, 10.461, 10.464, 10.272, 8.459, 8.035, 7.878, 8.323, 8.166, 7.192, 6.047, 6.108, 7.615, 7.427, 3.864, 1.708, 2.124, 5.62, 5.589, 4.827, 3.039, 3.519, 4.637, 5.383, 3.343, 2.257, 1.651, 2.803, 3.243, 2.197, 2.684, 2.489, 3.484, 8.128, 10.29, 10.494, 10.022, 9.775, 10.623, 11.825, 12.2, 11.608, 10.967, 10.418, 10.042, 10.391, 12.26, 11.234], [5.047, 4.391, 3.645, 3.473, 3.905, 5.618, 6.673, 5.354, 3.505, 0.0, 2.368, 2.347, 2.103, 2.724, 5.789, 7.253, 7.332, 7.515, 7.638, 6.952, 7.464, 8.781, 9.32, 9.513, 9.385, 8.852, 7.476, 6.082, 7.414, 9.144, 10.13, 10.422, 11.098, 11.199, 8.265, 4.486, 3.937, 5.473, 7.311, 8.193, 7.849, 7.473, 8.486, 8.922, 8.965, 8.78, 9.246, 10.147, 11.122, 10.063, 8.788, 9.111, 9.524, 8.271, 6.025, 6.405, 6.66, 7.479, 6.659, 6.269, 6.254, 5.494, 3.758, 4.625, 5.694, 5.513, 5.002, 4.381, 3.306, 2.913, 3.072, 3.942, 4.87, 4.4, 3.871, 4.431, 3.336, 3.151, 3.088, 2.867, 3.026, 2.493, 2.606, 2.753, 3.326, 3.886, 4.403, 4.573, 4.695, 3.801, 3.713, 4.698, 5.396, 6.26, 7.864, 7.519, 5.892, 5.32, 6.175, 4.882, 4.726, 4.661, 4.078, 3.212, 3.356, 3.632, 3.005, 2.229, 1.803, 1.768, 2.037, 2.986, 4.098, 6.159, 6.747, 6.657, 5.867, 3.625, 2.674, 2.695, 2.915, 3.698, 2.795, 1.974, 4.681, 6.117, 7.862, 10.429, 12.11, 12.219, 9.823, 9.382, 9.873, 10.311, 9.057, 7.803, 7.458, 6.99, 5.323, 4.873, 6.151, 5.985, 5.306, 6.764, 7.257, 5.881, 4.802, 5.787, 5.952, 5.745, 6.268, 6.935, 7.198, 8.252, 10.0, 10.582, 10.07, 9.251, 7.632, 7.143, 7.162, 7.01, 5.623, 5.193, 4.691, 5.462, 5.152, 4.662, 4.064, 3.715, 4.684, 5.192, 2.29, 3.656, 2.523, 3.401, 3.522, 3.076, 1.59, 1.353, 2.829, 3.341, 1.945, 2.512, 3.638, 5.205, 6.031, 5.389, 6.051, 5.582, 2.71, 5.927, 7.996, 8.208, 7.667, 7.449, 8.38, 9.485, 9.941, 9.346, 8.742, 8.26, 7.94, 8.299, 9.953, 9.007], [6.713, 6.118, 5.224, 4.875, 5.342, 6.633, 7.591, 6.464, 4.902, 2.368, 0.0, 1.57, 2.07, 2.382, 4.538, 6.027, 6.165, 6.291, 6.43, 5.85, 6.322, 7.562, 8.096, 8.308, 8.204, 7.717, 6.39, 5.186, 6.27, 7.944, 8.926, 9.221, 9.941, 9.963, 7.027, 3.767, 2.892, 4.394, 6.046, 6.991, 6.666, 6.175, 7.275, 7.687, 7.756, 7.608, 8.059, 8.957, 9.911, 8.907, 7.577, 7.857, 8.268, 7.035, 4.836, 5.274, 5.525, 6.308, 5.491, 5.243, 5.399, 5.36, 5.351, 6.2, 6.992, 6.918, 6.335, 5.989, 4.633, 4.151, 4.779, 5.486, 6.561, 5.942, 5.388, 6.254, 4.997, 4.445, 4.287, 4.553, 4.643, 4.243, 4.38, 4.368, 4.989, 5.648, 5.774, 5.722, 5.614, 4.825, 4.139, 4.325, 4.517, 5.079, 6.672, 6.313, 4.903, 4.225, 4.981, 3.764, 3.581, 4.213, 5.372, 4.796, 4.927, 5.006, 4.47, 3.654, 2.595, 2.309, 1.59, 1.483, 2.963, 5.004, 5.601, 5.467, 4.856, 3.579, 3.472, 3.963, 4.627, 5.384, 4.464, 2.385, 3.68, 5.323, 6.822, 9.352, 10.908, 10.973, 8.586, 8.141, 8.671, 9.076, 7.816, 6.586, 6.161, 5.765, 4.164, 4.014, 5.485, 5.401, 4.635, 5.619, 6.098, 4.663, 3.684, 4.541, 4.868, 4.711, 5.075, 5.746, 5.961, 7.043, 8.805, 9.364, 8.895, 8.045, 6.472, 6.301, 6.208, 5.802, 4.452, 4.131, 3.547, 3.789, 4.252, 3.656, 3.142, 3.108, 3.748, 3.987, 2.65, 4.67, 4.143, 4.163, 3.946, 3.89, 3.174, 2.688, 3.709, 3.72, 3.393, 3.723, 5.028, 6.394, 6.992, 6.783, 7.486, 7.191, 4.296, 4.701, 6.839, 7.045, 6.518, 6.263, 7.165, 8.281, 8.745, 8.123, 7.487, 7.015, 6.717, 7.061, 8.839, 7.79], [6.081, 5.667, 4.684, 4.189, 4.54, 5.576, 6.61, 5.524, 4.136, 2.347, 1.57, 0.0, 1.117, 2.579, 5.664, 7.168, 7.23, 7.317, 7.461, 6.841, 7.335, 8.701, 9.175, 9.362, 9.331, 8.837, 7.456, 6.077, 7.368, 9.048, 10.032, 10.344, 11.062, 11.034, 8.11, 4.389, 3.892, 5.43, 7.157, 8.103, 7.691, 7.35, 8.367, 8.792, 8.771, 8.69, 9.176, 10.083, 11.041, 10.023, 8.616, 8.863, 9.267, 7.98, 5.836, 6.409, 6.642, 7.419, 6.582, 6.253, 6.43, 6.174, 5.427, 5.727, 6.252, 6.21, 5.551, 5.239, 3.9, 3.497, 4.456, 5.069, 6.297, 5.746, 5.023, 5.918, 4.72, 4.203, 3.971, 4.084, 4.151, 3.962, 4.066, 3.783, 4.473, 5.381, 5.724, 5.71, 5.803, 4.979, 4.458, 4.966, 5.257, 6.091, 7.774, 7.44, 5.826, 5.198, 6.031, 4.836, 4.738, 5.012, 5.457, 4.592, 4.951, 4.896, 4.253, 3.512, 2.442, 1.651, 1.456, 2.266, 3.971, 6.079, 6.598, 6.603, 5.989, 4.44, 3.547, 3.69, 4.253, 4.931, 4.103, 2.826, 4.474, 6.049, 7.747, 10.322, 11.905, 11.998, 9.606, 9.104, 9.612, 10.049, 8.8, 7.617, 7.347, 6.884, 5.218, 4.691, 6.092, 6.178, 5.404, 6.59, 7.158, 5.586, 4.676, 5.552, 5.918, 5.777, 6.146, 6.909, 6.978, 8.182, 9.903, 10.496, 9.98, 9.091, 7.591, 7.492, 7.426, 6.769, 5.7, 5.262, 4.634, 4.6, 4.991, 4.015, 2.882, 3.363, 4.791, 4.957, 2.519, 3.837, 3.907, 4.451, 4.245, 4.067, 3.022, 2.401, 3.504, 3.666, 2.983, 3.042, 4.432, 5.376, 6.14, 5.976, 6.593, 6.413, 4.175, 5.76, 7.937, 8.141, 7.639, 7.379, 8.261, 9.472, 9.865, 9.199, 8.555, 8.031, 7.682, 8.012, 9.897, 8.869], [6.113, 5.755, 4.769, 4.22, 4.472, 5.513, 6.486, 5.208, 4.195, 2.103, 2.07, 1.117, 0.0, 2.756, 6.222, 7.744, 7.832, 7.804, 7.983, 7.451, 7.915, 9.254, 9.714, 9.871, 9.908, 9.43, 8.056, 6.692, 7.957, 9.659, 10.633, 10.916, 11.64, 11.572, 8.673, 4.886, 4.432, 6.006, 7.638, 8.602, 8.241, 7.829, 8.806, 9.248, 9.35, 9.252, 9.797, 10.696, 11.673, 10.666, 9.256, 9.445, 9.837, 8.452, 6.481, 7.018, 7.277, 8.073, 7.219, 6.86, 7.053, 6.699, 5.618, 5.779, 6.013, 5.845, 5.629, 5.35, 3.895, 3.431, 4.416, 5.011, 6.366, 5.88, 4.944, 6.062, 4.988, 4.473, 4.17, 4.189, 4.238, 4.077, 4.132, 3.617, 4.336, 5.554, 6.098, 6.149, 6.202, 5.328, 4.908, 5.593, 5.905, 6.702, 8.388, 8.055, 6.318, 5.646, 6.606, 5.434, 5.272, 5.443, 5.713, 4.872, 5.164, 5.24, 4.544, 3.69, 2.386, 1.489, 1.838, 2.814, 4.35, 6.217, 7.045, 6.953, 6.107, 4.309, 3.53, 3.386, 3.893, 4.774, 3.968, 3.176, 5.209, 6.753, 8.425, 10.984, 12.555, 12.63, 10.252, 9.62, 10.112, 10.452, 9.207, 8.251, 7.907, 7.516, 5.84, 5.194, 6.595, 6.522, 5.793, 7.253, 7.773, 5.976, 5.335, 6.09, 6.442, 6.188, 6.722, 7.441, 7.584, 8.813, 10.514, 11.062, 10.527, 9.658, 8.186, 7.77, 7.508, 6.703, 5.899, 5.401, 4.509, 4.494, 4.948, 3.714, 2.511, 2.987, 4.73, 5.243, 2.209, 3.413, 3.985, 4.786, 4.519, 4.257, 3.19, 2.41, 3.703, 4.216, 3.162, 3.063, 4.452, 5.325, 6.167, 6.068, 6.607, 6.506, 4.253, 6.394, 8.579, 8.785, 8.267, 7.991, 8.885, 10.032, 10.437, 9.745, 9.064, 8.554, 8.233, 8.586, 10.521, 9.515], [6.264, 5.624, 5.002, 4.478, 5.31, 7.64, 8.779, 7.528, 4.974, 2.724, 2.382, 2.579, 2.756, 0.0, 3.674, 5.169, 5.264, 5.235, 5.422, 4.906, 5.359, 6.705, 7.131, 7.345, 7.34, 6.876, 5.523, 4.178, 5.427, 7.099, 8.071, 8.368, 9.088, 9.009, 6.094, 2.812, 2.511, 3.81, 5.095, 6.036, 5.748, 5.283, 6.2, 6.662, 6.788, 6.717, 7.265, 8.162, 9.12, 8.122, 6.718, 6.969, 7.315, 5.927, 4.085, 4.717, 4.786, 5.568, 4.824, 4.973, 5.289, 5.43, 4.697, 5.839, 6.806, 7.733, 6.716, 5.843, 4.777, 4.844, 4.883, 4.822, 5.553, 5.04, 4.709, 5.58, 4.395, 3.807, 3.547, 4.079, 4.171, 3.524, 3.576, 3.955, 4.946, 4.948, 5.114, 5.061, 5.017, 4.228, 3.762, 4.32, 4.354, 4.45, 5.859, 5.515, 3.953, 3.249, 4.085, 2.991, 2.856, 3.594, 4.775, 3.98, 4.147, 4.305, 3.93, 3.318, 2.248, 2.935, 2.285, 2.382, 2.722, 4.576, 5.286, 5.24, 4.963, 4.153, 3.077, 3.424, 4.021, 4.428, 3.627, 2.743, 3.509, 5.233, 6.54, 8.841, 10.426, 10.298, 7.775, 7.167, 7.872, 7.824, 6.695, 5.767, 5.444, 5.037, 3.932, 3.714, 5.095, 5.201, 4.614, 5.196, 5.25, 3.505, 2.902, 3.583, 4.046, 3.813, 4.315, 5.01, 5.225, 6.342, 7.975, 8.523, 7.99, 7.136, 6.083, 6.264, 6.263, 5.73, 4.318, 3.653, 3.717, 4.591, 4.417, 3.675, 3.406, 2.851, 3.269, 2.824, 1.895, 5.385, 3.817, 3.58, 3.344, 3.177, 2.773, 2.312, 2.86, 2.936, 2.764, 4.379, 5.6, 7.501, 7.868, 6.78, 7.163, 6.914, 3.693, 3.999, 6.039, 6.256, 5.716, 5.506, 6.368, 7.51, 7.864, 7.159, 6.482, 6.027, 5.728, 6.086, 8.023, 7.021], [8.029, 7.269, 7.484, 6.897, 8.525, 10.826, 11.934, 10.791, 8.027, 5.789, 4.538, 5.664, 6.222, 3.674, 0.0, 1.701, 1.795, 1.783, 2.091, 1.769, 2.087, 3.128, 3.663, 3.869, 3.798, 3.309, 2.388, 1.907, 2.084, 3.511, 4.489, 4.78, 5.496, 5.459, 2.623, 2.335, 2.591, 2.197, 2.114, 2.898, 3.112, 2.937, 2.947, 3.367, 3.333, 3.201, 3.641, 4.539, 5.503, 4.504, 3.264, 3.737, 3.935, 2.815, 2.36, 2.689, 2.266, 2.862, 2.604, 3.088, 3.344, 3.923, 4.86, 7.848, 10.155, 10.901, 9.702, 8.248, 7.96, 7.955, 7.714, 6.512, 5.749, 5.593, 6.786, 6.643, 5.498, 4.389, 4.274, 5.649, 6.426, 5.628, 5.414, 6.999, 7.749, 6.352, 4.797, 4.739, 4.49, 3.782, 3.072, 3.081, 2.986, 2.588, 2.905, 2.499, 2.311, 1.969, 1.489, 1.633, 1.694, 2.716, 4.334, 4.649, 4.219, 4.254, 4.916, 5.371, 5.316, 6.006, 5.064, 4.032, 2.627, 3.8, 4.5, 4.378, 4.251, 4.915, 5.195, 6.022, 6.483, 6.532, 6.091, 4.768, 2.682, 3.174, 4.183, 6.115, 7.677, 7.388, 4.795, 4.354, 5.084, 5.236, 3.976, 2.828, 2.494, 2.333, 2.613, 2.906, 4.16, 4.143, 3.652, 2.685, 2.225, 1.996, 1.342, 1.751, 2.055, 1.962, 1.776, 2.065, 2.932, 3.957, 5.374, 5.333, 5.282, 4.349, 4.674, 5.292, 5.777, 5.76, 3.886, 3.094, 4.03, 4.941, 4.811, 4.877, 6.035, 4.864, 3.206, 2.468, 5.212, 8.801, 6.269, 3.564, 3.455, 3.726, 5.307, 5.378, 3.891, 3.62, 5.009, 7.284, 8.496, 10.594, 10.723, 9.435, 9.271, 8.84, 4.702, 1.386, 2.694, 2.937, 2.787, 2.68, 3.562, 4.3, 4.576, 4.004, 3.315, 2.781, 2.727, 3.06, 4.763, 3.735], [9.483, 8.688, 8.957, 8.27, 10.047, 12.361, 13.414, 12.32, 9.53, 7.253, 6.027, 7.168, 7.744, 5.169, 1.701, 0.0, 0.936, 0.964, 1.294, 1.535, 1.802, 1.914, 2.385, 2.446, 2.379, 1.949, 1.747, 1.903, 1.618, 2.343, 2.993, 3.276, 3.966, 4.002, 1.643, 3.22, 3.486, 2.419, 1.813, 2.416, 2.924, 2.686, 2.079, 2.439, 2.374, 2.009, 2.213, 3.055, 4.028, 3.163, 2.702, 3.011, 3.068, 2.306, 2.776, 3.029, 2.6, 2.662, 2.544, 3.157, 3.491, 4.0, 5.888, 8.966, 11.709, 12.354, 11.073, 9.521, 9.42, 9.408, 9.137, 8.039, 6.427, 6.712, 8.354, 8.009, 6.649, 5.414, 5.357, 6.853, 7.648, 7.094, 6.86, 8.521, 9.204, 7.764, 5.272, 4.959, 4.615, 4.677, 4.275, 3.759, 3.549, 3.079, 2.581, 2.302, 2.767, 2.571, 1.985, 2.731, 2.996, 3.181, 5.182, 5.979, 5.349, 5.14, 5.926, 6.728, 6.851, 7.46, 6.481, 5.315, 3.836, 4.186, 4.735, 4.635, 4.829, 6.192, 6.637, 7.563, 8.021, 8.107, 7.629, 6.265, 3.715, 3.207, 3.945, 5.481, 7.067, 6.652, 4.565, 3.973, 4.69, 5.035, 3.72, 2.694, 2.508, 2.369, 3.132, 3.795, 4.617, 4.56, 4.342, 2.693, 1.954, 2.827, 2.731, 2.597, 2.605, 2.488, 1.953, 1.829, 2.659, 3.605, 4.938, 4.678, 4.834, 4.233, 4.353, 5.216, 5.975, 6.029, 4.082, 3.533, 4.671, 5.445, 5.321, 5.699, 7.497, 6.23, 4.105, 3.321, 6.72, 10.304, 7.655, 4.417, 4.368, 5.11, 6.708, 6.837, 5.169, 4.671, 6.367, 8.447, 9.656, 12.055, 11.911, 10.563, 10.719, 10.237, 6.19, 2.153, 2.146, 2.291, 2.39, 2.372, 3.053, 3.678, 3.842, 3.21, 2.698, 2.235, 2.401, 2.512, 3.731, 2.854], [9.535, 8.748, 9.028, 8.352, 10.136, 12.452, 13.528, 12.357, 9.595, 7.332, 6.165, 7.23, 7.832, 5.264, 1.795, 0.936, 0.0, 1.01, 1.585, 1.676, 1.982, 1.912, 2.2, 2.425, 2.264, 1.928, 1.706, 1.977, 1.751, 2.539, 3.024, 3.169, 3.94, 3.967, 1.684, 3.359, 3.551, 2.395, 1.66, 2.121, 2.585, 2.446, 1.872, 2.302, 2.188, 1.951, 2.08, 2.945, 3.896, 3.081, 2.982, 3.187, 3.035, 2.25, 2.735, 3.053, 2.649, 2.537, 2.672, 3.517, 3.861, 4.3, 6.016, 9.135, 11.785, 12.458, 11.159, 9.615, 9.541, 9.506, 9.213, 8.124, 6.618, 6.866, 8.394, 8.063, 6.822, 5.562, 5.506, 6.991, 7.792, 7.139, 6.958, 8.618, 9.315, 7.811, 5.439, 5.204, 4.862, 4.71, 4.312, 3.984, 3.745, 3.294, 2.795, 2.622, 2.979, 2.916, 2.258, 2.923, 3.12, 3.374, 5.261, 5.976, 5.529, 5.417, 6.092, 6.84, 6.942, 7.575, 6.56, 5.485, 4.015, 4.03, 4.545, 4.486, 4.889, 6.4, 6.722, 7.65, 8.077, 8.188, 7.703, 6.342, 3.88, 3.579, 4.37, 5.619, 7.11, 6.7, 4.61, 4.088, 4.676, 4.961, 3.553, 2.905, 2.725, 2.605, 3.355, 3.877, 4.955, 4.908, 4.525, 2.859, 2.329, 3.023, 2.826, 2.79, 2.788, 2.668, 2.137, 1.671, 2.439, 3.255, 4.62, 4.472, 4.572, 3.906, 4.036, 4.807, 5.53, 5.657, 3.856, 3.42, 4.698, 5.341, 5.107, 5.798, 7.63, 6.359, 4.109, 3.33, 6.825, 10.401, 7.731, 4.595, 4.535, 5.2, 6.762, 6.934, 5.251, 4.796, 6.49, 8.612, 9.802, 12.118, 12.029, 10.669, 10.816, 10.293, 6.247, 2.272, 1.945, 2.028, 2.176, 2.169, 2.771, 3.352, 3.632, 3.094, 2.385, 1.977, 2.174, 2.218, 3.52, 2.625], [9.776, 8.988, 9.191, 8.451, 10.174, 12.522, 13.688, 12.488, 9.714, 7.515, 6.291, 7.317, 7.804, 5.235, 1.783, 0.964, 1.01, 0.0, 1.064, 1.625, 1.94, 1.815, 2.165, 2.357, 2.436, 2.0, 1.945, 2.343, 1.657, 2.35, 3.058, 3.249, 3.976, 3.87, 1.511, 3.556, 3.821, 2.689, 1.954, 2.295, 2.759, 2.599, 1.952, 2.271, 2.235, 2.103, 2.308, 3.061, 4.012, 3.137, 2.574, 2.836, 2.753, 1.802, 2.724, 3.117, 2.668, 2.655, 2.661, 3.196, 3.564, 3.984, 6.085, 9.31, 11.801, 12.599, 11.4, 9.861, 9.592, 9.704, 9.44, 8.205, 6.565, 6.747, 8.364, 8.25, 6.953, 5.697, 5.672, 7.231, 7.845, 7.374, 7.117, 8.608, 9.288, 8.041, 5.647, 5.09, 4.777, 4.734, 4.276, 3.789, 3.541, 3.137, 2.687, 2.453, 2.832, 2.797, 1.974, 2.847, 3.056, 3.392, 5.283, 6.162, 5.565, 5.382, 6.216, 7.07, 7.05, 7.739, 6.779, 5.64, 3.909, 3.975, 4.574, 4.544, 4.764, 6.131, 6.652, 7.519, 8.026, 8.108, 7.749, 6.45, 3.745, 3.278, 4.032, 5.492, 6.993, 6.56, 4.432, 3.748, 4.377, 4.724, 3.426, 2.703, 2.456, 2.365, 3.177, 3.585, 4.32, 4.312, 4.223, 2.713, 1.917, 2.525, 2.88, 2.481, 2.667, 2.575, 2.038, 1.744, 2.45, 3.584, 4.916, 4.713, 4.764, 4.111, 4.41, 5.205, 5.828, 5.735, 4.018, 3.407, 4.559, 5.386, 5.271, 5.694, 7.534, 6.294, 4.085, 3.253, 6.715, 10.338, 7.973, 4.826, 4.481, 5.177, 6.948, 7.008, 5.363, 4.812, 6.552, 8.832, 10.035, 12.331, 12.282, 10.904, 10.846, 10.4, 6.431, 2.189, 1.987, 2.14, 2.366, 2.321, 2.895, 3.506, 3.714, 3.099, 2.361, 1.803, 1.931, 2.021, 3.516, 2.57], [9.92, 9.133, 9.329, 8.58, 10.339, 12.677, 13.833, 12.639, 9.862, 7.638, 6.43, 7.461, 7.983, 5.422, 2.091, 1.294, 1.585, 1.064, 0.0, 1.347, 1.75, 1.76, 2.109, 2.338, 2.461, 2.087, 1.943, 2.338, 1.348, 1.976, 2.83, 3.08, 3.765, 3.734, 1.251, 3.614, 4.07, 3.115, 2.599, 2.818, 3.272, 3.115, 2.289, 2.44, 2.552, 2.429, 2.308, 2.904, 3.771, 3.102, 2.456, 2.71, 2.841, 2.029, 3.097, 3.44, 2.97, 3.054, 2.877, 2.817, 3.082, 3.48, 5.962, 9.314, 11.971, 12.751, 11.515, 9.957, 9.729, 9.841, 9.579, 8.373, 6.542, 6.683, 8.585, 8.347, 7.018, 5.683, 5.699, 7.294, 7.939, 7.521, 7.268, 8.807, 9.447, 8.147, 5.604, 4.742, 4.344, 4.846, 4.391, 3.562, 3.292, 2.913, 2.621, 2.292, 2.69, 2.855, 2.167, 2.894, 3.094, 3.201, 5.266, 6.302, 5.544, 5.114, 6.206, 7.17, 7.203, 7.888, 6.911, 5.71, 4.195, 4.429, 5.058, 5.019, 5.127, 6.154, 6.883, 7.78, 8.268, 8.35, 7.911, 6.62, 3.684, 2.775, 3.436, 5.158, 6.7, 6.295, 4.551, 3.778, 4.469, 4.915, 3.758, 2.615, 2.376, 2.214, 3.017, 3.385, 3.996, 3.997, 4.044, 2.674, 1.698, 2.411, 3.002, 2.721, 2.755, 2.657, 2.232, 2.187, 2.866, 4.007, 5.326, 5.033, 5.171, 4.656, 4.981, 5.8, 6.367, 6.347, 4.503, 3.828, 5.107, 6.018, 5.744, 6.079, 7.788, 6.515, 4.426, 3.592, 6.957, 10.566, 8.106, 4.789, 4.598, 5.26, 7.06, 7.193, 5.457, 4.779, 6.673, 8.887, 10.125, 12.479, 12.373, 10.987, 10.988, 10.54, 6.569, 2.31, 2.244, 2.412, 2.821, 2.827, 3.301, 3.804, 3.942, 3.312, 2.628, 2.136, 2.224, 2.392, 3.377, 2.472], [9.147, 8.338, 8.607, 7.901, 9.748, 12.05, 13.13, 11.966, 9.205, 6.952, 5.85, 6.841, 7.451, 4.906, 1.769, 1.535, 1.676, 1.625, 1.347, 0.0, 1.108, 2.055, 2.806, 2.85, 3.117, 2.679, 2.1, 2.033, 1.645, 2.801, 3.475, 3.721, 4.41, 4.512, 1.886, 2.78, 3.411, 2.73, 2.72, 3.256, 3.57, 3.52, 2.901, 3.167, 3.284, 2.816, 2.946, 3.443, 4.359, 3.863, 3.171, 3.455, 3.782, 2.652, 3.312, 3.524, 3.04, 3.403, 3.179, 3.098, 3.384, 3.792, 5.132, 8.614, 11.402, 12.062, 10.69, 9.147, 9.1, 9.104, 8.784, 7.731, 6.217, 6.111, 8.006, 7.55, 6.168, 4.796, 4.817, 6.453, 7.273, 6.746, 6.554, 8.231, 8.882, 7.394, 4.978, 4.482, 4.148, 4.251, 3.827, 3.642, 3.611, 3.421, 3.206, 2.766, 2.895, 2.459, 2.364, 2.601, 2.799, 2.745, 4.569, 5.54, 4.79, 4.352, 5.317, 6.359, 6.547, 7.193, 6.13, 4.978, 4.067, 4.755, 5.318, 5.267, 5.47, 6.242, 6.351, 7.294, 7.703, 7.796, 7.314, 5.999, 3.519, 2.666, 3.889, 5.518, 7.144, 6.754, 5.298, 4.661, 5.289, 5.699, 4.519, 3.32, 2.941, 2.729, 3.364, 3.823, 4.714, 4.808, 4.635, 3.183, 2.124, 2.37, 2.606, 3.012, 2.783, 2.94, 2.603, 2.47, 3.351, 4.422, 5.837, 5.606, 5.766, 4.965, 5.081, 5.839, 6.523, 6.607, 4.622, 3.974, 5.038, 5.782, 5.389, 5.695, 7.205, 5.952, 3.894, 3.249, 6.421, 10.018, 7.324, 3.999, 4.086, 4.689, 6.373, 6.57, 4.79, 3.99, 5.989, 8.067, 9.247, 11.752, 11.519, 10.173, 10.335, 9.815, 5.85, 2.132, 2.28, 2.642, 2.842, 2.964, 3.852, 4.467, 4.693, 4.055, 3.401, 2.816, 2.728, 3.191, 4.034, 3.08], [9.69, 8.887, 9.11, 8.419, 10.203, 12.514, 13.611, 12.484, 9.697, 7.464, 6.322, 7.335, 7.915, 5.359, 2.087, 1.802, 1.982, 1.94, 1.75, 1.108, 0.0, 1.628, 2.475, 2.753, 3.145, 2.589, 2.631, 2.701, 2.336, 2.909, 3.252, 3.522, 4.199, 4.164, 1.76, 3.244, 3.674, 2.76, 2.637, 3.331, 3.657, 3.554, 2.782, 3.045, 3.136, 2.491, 2.831, 3.24, 4.185, 3.893, 3.219, 3.317, 3.56, 2.73, 3.697, 3.919, 3.404, 3.643, 3.662, 3.703, 3.973, 4.416, 5.708, 9.091, 11.864, 12.563, 11.272, 9.715, 9.569, 9.607, 9.336, 8.195, 6.6, 6.553, 8.462, 8.106, 6.749, 5.368, 5.379, 7.035, 7.772, 7.292, 7.069, 8.687, 9.357, 7.935, 5.472, 4.773, 4.505, 4.848, 4.416, 4.293, 4.169, 3.845, 3.5, 3.15, 3.244, 2.923, 2.69, 3.217, 3.449, 3.203, 5.126, 6.074, 5.325, 4.825, 5.884, 6.927, 7.02, 7.673, 6.668, 5.482, 4.344, 4.923, 5.38, 5.341, 5.805, 6.74, 6.83, 7.74, 8.19, 8.252, 7.793, 6.433, 4.158, 3.101, 4.109, 5.426, 6.793, 6.385, 5.3, 4.686, 5.122, 5.662, 4.546, 3.469, 3.217, 3.077, 3.993, 4.374, 5.042, 5.076, 5.125, 3.558, 2.239, 2.811, 3.025, 3.472, 3.363, 3.465, 3.084, 2.689, 3.541, 4.616, 6.0, 5.737, 5.855, 5.002, 5.166, 5.998, 6.592, 6.579, 4.787, 4.21, 4.958, 5.667, 5.351, 5.85, 7.612, 6.347, 3.963, 3.497, 6.854, 10.467, 7.87, 4.58, 4.573, 5.214, 6.883, 7.033, 5.3, 4.558, 6.513, 8.578, 9.828, 12.273, 12.102, 10.731, 10.817, 10.329, 6.332, 2.589, 2.36, 2.892, 2.977, 3.112, 3.92, 4.445, 4.718, 4.013, 3.501, 2.842, 2.798, 3.226, 3.92, 3.079], [11.05, 10.255, 10.49, 9.803, 11.573, 13.888, 14.971, 13.86, 11.064, 8.781, 7.562, 8.701, 9.254, 6.705, 3.128, 1.914, 1.912, 1.815, 1.76, 2.055, 1.628, 0.0, 1.372, 1.861, 2.164, 1.881, 2.715, 3.496, 2.483, 2.199, 2.094, 2.215, 2.899, 2.762, 1.425, 4.619, 4.978, 3.599, 2.724, 2.8, 3.231, 3.224, 2.26, 2.102, 2.379, 2.111, 1.734, 2.049, 2.781, 2.698, 2.724, 2.756, 2.557, 2.434, 3.701, 3.945, 3.548, 3.201, 3.351, 3.603, 4.032, 4.468, 7.067, 10.455, 13.238, 13.922, 12.64, 11.083, 10.953, 10.966, 10.704, 9.571, 7.559, 7.94, 9.836, 9.475, 8.118, 6.73, 6.753, 8.404, 9.156, 8.652, 8.428, 10.055, 10.73, 9.294, 6.554, 5.416, 5.046, 5.941, 5.583, 4.841, 4.174, 3.759, 2.844, 2.83, 3.296, 3.909, 3.161, 4.084, 4.305, 4.177, 6.356, 7.402, 6.657, 6.175, 7.252, 8.295, 8.379, 9.032, 8.037, 6.797, 5.23, 4.848, 5.309, 5.313, 5.774, 7.49, 8.144, 9.069, 9.566, 9.626, 9.169, 7.79, 4.935, 3.515, 3.724, 4.489, 5.777, 5.337, 4.399, 3.863, 4.255, 4.763, 3.754, 2.87, 2.673, 2.719, 4.117, 4.66, 4.824, 4.817, 5.123, 3.1, 2.076, 3.571, 4.181, 3.926, 3.88, 3.938, 3.395, 2.684, 3.077, 4.019, 5.357, 5.02, 5.188, 4.678, 4.97, 5.757, 6.407, 6.484, 4.837, 4.657, 5.777, 6.37, 6.203, 7.153, 9.011, 7.746, 5.275, 4.659, 8.225, 11.83, 9.235, 5.842, 5.808, 6.53, 8.248, 8.385, 6.69, 5.945, 7.898, 9.945, 11.202, 13.624, 13.469, 12.102, 12.192, 11.694, 7.694, 3.344, 2.243, 2.371, 2.72, 2.818, 3.083, 3.195, 3.396, 2.998, 2.608, 2.333, 2.398, 2.305, 2.702, 1.996], [11.587, 10.808, 11.008, 10.274, 12.052, 14.399, 15.518, 14.329, 11.545, 9.32, 8.096, 9.175, 9.714, 7.131, 3.663, 2.385, 2.2, 2.165, 2.109, 2.806, 2.475, 1.372, 0.0, 1.604, 2.057, 1.743, 2.674, 3.751, 2.508, 2.206, 2.047, 2.153, 2.662, 2.351, 1.453, 5.244, 5.487, 4.077, 2.706, 2.344, 2.692, 2.645, 1.842, 1.987, 1.944, 2.042, 1.457, 1.452, 2.327, 2.488, 2.829, 2.944, 2.593, 2.36, 3.835, 4.082, 3.694, 3.341, 3.657, 4.11, 4.606, 5.032, 7.744, 11.108, 13.679, 14.465, 13.224, 11.687, 11.429, 11.521, 11.269, 10.079, 8.079, 8.527, 10.318, 10.064, 8.774, 7.459, 7.47, 9.05, 9.656, 9.187, 8.957, 10.525, 11.236, 9.877, 7.214, 6.097, 5.787, 6.496, 6.133, 5.236, 4.682, 4.002, 3.228, 3.195, 3.881, 4.364, 3.281, 4.497, 4.723, 4.778, 6.94, 7.95, 7.233, 6.84, 7.996, 8.892, 8.94, 9.58, 8.605, 7.467, 5.72, 4.61, 4.964, 5.092, 5.838, 7.616, 8.591, 9.459, 9.98, 10.073, 9.593, 8.334, 5.268, 4.153, 4.225, 4.765, 5.76, 5.322, 4.42, 3.886, 4.269, 4.671, 3.839, 3.117, 2.936, 3.229, 4.475, 5.1, 5.098, 5.031, 5.335, 3.586, 2.296, 3.984, 4.705, 3.911, 3.856, 3.874, 3.305, 2.588, 2.877, 3.376, 4.678, 4.48, 4.513, 4.029, 4.557, 5.337, 5.844, 6.077, 4.8, 4.767, 6.108, 6.611, 6.423, 7.554, 9.454, 8.187, 5.676, 5.063, 8.637, 12.306, 9.796, 6.588, 6.408, 7.044, 8.752, 8.939, 7.183, 6.589, 8.376, 10.652, 11.86, 14.161, 14.097, 12.701, 12.675, 12.221, 8.222, 3.685, 2.31, 2.227, 2.691, 2.601, 2.866, 3.051, 3.173, 2.733, 2.241, 2.102, 2.372, 2.08, 2.752, 2.068], [11.779, 10.96, 11.198, 10.372, 12.275, 14.624, 15.75, 14.512, 11.753, 9.513, 8.308, 9.362, 9.871, 7.345, 3.869, 2.446, 2.425, 2.357, 2.338, 2.85, 2.753, 1.861, 1.604, 0.0, 1.276, 1.292, 2.368, 3.576, 2.291, 2.032, 1.66, 1.535, 2.162, 2.339, 1.832, 5.273, 5.662, 4.118, 2.645, 2.2, 2.719, 3.012, 1.952, 2.015, 1.879, 2.024, 1.444, 1.741, 2.578, 2.79, 3.204, 3.165, 2.864, 2.509, 3.898, 3.964, 3.539, 3.41, 3.657, 4.029, 4.445, 4.952, 7.795, 11.291, 13.905, 14.665, 13.306, 11.755, 11.599, 11.724, 11.391, 10.299, 8.202, 8.597, 10.545, 10.163, 8.715, 7.319, 7.342, 9.018, 9.827, 9.367, 9.164, 10.756, 11.449, 10.011, 7.232, 6.283, 6.052, 6.685, 6.351, 5.449, 4.952, 4.219, 3.217, 2.958, 4.422, 4.513, 3.548, 4.667, 4.93, 4.934, 7.02, 8.122, 7.377, 6.811, 7.885, 8.946, 9.157, 9.818, 8.746, 7.499, 5.955, 4.96, 5.481, 5.582, 5.988, 7.716, 8.836, 9.627, 10.14, 10.277, 9.767, 8.551, 5.356, 4.258, 4.299, 5.234, 6.785, 6.248, 5.011, 4.307, 4.674, 5.27, 4.064, 3.322, 3.194, 3.4, 4.548, 5.422, 5.483, 5.461, 5.505, 3.669, 2.704, 4.321, 4.906, 3.971, 3.675, 3.957, 3.315, 2.898, 2.923, 3.541, 4.724, 4.411, 4.38, 3.888, 4.605, 5.559, 6.065, 6.426, 4.84, 4.97, 6.442, 6.775, 6.516, 7.652, 9.605, 8.364, 5.888, 5.2, 8.805, 12.458, 9.925, 6.458, 6.397, 7.106, 8.93, 9.134, 7.224, 6.501, 8.49, 10.675, 11.822, 14.341, 14.118, 12.83, 12.903, 12.423, 8.444, 3.671, 2.256, 2.325, 2.759, 3.036, 3.121, 3.325, 3.51, 3.139, 2.612, 2.457, 2.663, 2.618, 2.999, 2.421], [11.643, 10.831, 11.129, 10.413, 12.236, 14.552, 15.623, 14.474, 11.707, 9.385, 8.204, 9.331, 9.908, 7.34, 3.798, 2.379, 2.264, 2.436, 2.461, 3.117, 3.145, 2.164, 2.057, 1.276, 0.0, 1.096, 2.282, 3.44, 2.299, 2.075, 1.831, 1.539, 1.962, 2.272, 2.178, 5.219, 5.535, 3.985, 2.484, 1.787, 2.465, 2.698, 1.712, 1.76, 1.475, 1.602, 1.337, 2.012, 2.821, 3.09, 3.489, 3.558, 3.159, 2.788, 3.932, 4.021, 3.604, 3.194, 3.475, 4.055, 4.374, 4.931, 7.834, 11.151, 13.876, 14.54, 13.18, 11.646, 11.597, 11.602, 11.267, 10.238, 8.474, 8.737, 10.531, 10.111, 8.694, 7.29, 7.278, 8.929, 9.821, 9.257, 9.035, 10.712, 11.384, 9.909, 7.252, 6.652, 6.318, 6.689, 6.342, 5.321, 4.959, 4.318, 3.381, 3.101, 4.375, 4.592, 3.509, 4.563, 4.832, 5.084, 7.051, 8.092, 7.419, 7.009, 7.805, 8.831, 9.048, 9.673, 8.62, 7.418, 5.86, 5.012, 5.382, 5.483, 6.008, 7.72, 8.775, 9.672, 10.191, 10.307, 9.821, 8.431, 5.29, 4.463, 4.572, 5.662, 7.109, 6.629, 5.139, 4.568, 4.985, 5.352, 4.193, 3.484, 3.31, 3.41, 4.464, 5.353, 5.75, 5.633, 5.534, 3.641, 3.2, 4.644, 4.772, 4.04, 3.752, 3.922, 3.273, 2.692, 2.788, 2.939, 4.052, 3.657, 3.639, 3.226, 3.883, 4.854, 5.459, 6.052, 4.812, 4.934, 6.295, 6.597, 6.506, 7.671, 9.584, 8.369, 5.779, 5.221, 8.852, 12.491, 9.801, 6.312, 6.452, 7.179, 8.87, 9.025, 7.294, 6.541, 8.534, 10.552, 11.712, 14.218, 13.983, 12.691, 12.898, 12.387, 8.342, 3.682, 2.133, 1.979, 2.343, 2.656, 2.813, 3.073, 3.19, 2.89, 2.316, 2.262, 2.569, 2.49, 2.953, 2.774], [11.128, 10.339, 10.634, 9.914, 11.745, 14.068, 15.139, 13.973, 11.209, 8.852, 7.717, 8.837, 9.43, 6.876, 3.309, 1.949, 1.928, 2.0, 2.087, 2.679, 2.589, 1.881, 1.743, 1.292, 1.096, 0.0, 1.755, 2.859, 1.875, 1.738, 1.889, 1.895, 2.37, 2.646, 1.611, 4.721, 5.048, 3.479, 2.247, 2.039, 2.677, 2.623, 1.616, 1.43, 1.523, 1.41, 1.298, 1.91, 2.839, 2.865, 3.049, 3.212, 2.998, 2.659, 3.747, 3.876, 3.39, 3.216, 3.379, 3.68, 4.145, 4.531, 7.208, 10.656, 13.4, 14.042, 12.628, 11.119, 11.117, 11.109, 10.713, 9.737, 7.758, 8.176, 10.026, 9.5, 8.08, 6.659, 6.775, 8.398, 9.302, 8.752, 8.537, 10.24, 10.913, 9.422, 6.62, 5.919, 5.692, 6.124, 5.807, 4.899, 4.325, 3.816, 3.051, 2.91, 3.756, 4.11, 3.05, 4.028, 4.312, 4.533, 6.419, 7.466, 6.839, 6.476, 7.238, 8.262, 8.563, 9.181, 8.142, 6.917, 5.438, 5.015, 5.39, 5.476, 5.904, 7.351, 8.325, 9.235, 9.697, 9.797, 9.308, 7.956, 4.787, 3.877, 4.108, 5.509, 7.043, 6.547, 4.973, 4.416, 4.841, 5.264, 4.122, 3.189, 2.884, 2.885, 3.838, 4.892, 5.194, 5.1, 5.174, 3.164, 2.616, 4.053, 4.237, 3.75, 3.436, 3.449, 2.846, 2.254, 2.7, 3.294, 4.492, 4.137, 4.141, 3.647, 4.089, 4.978, 5.72, 6.128, 4.59, 4.525, 5.881, 6.185, 6.139, 7.243, 9.143, 7.905, 5.316, 4.777, 8.371, 12.017, 9.258, 5.768, 5.962, 6.665, 8.37, 8.554, 6.767, 6.012, 8.006, 10.051, 11.147, 13.67, 13.509, 12.12, 12.369, 11.808, 7.847, 3.209, 1.999, 1.962, 2.265, 2.511, 2.874, 3.03, 3.317, 2.967, 2.394, 2.264, 2.475, 2.401, 2.918, 2.665], [9.765, 8.945, 9.251, 8.584, 10.396, 12.687, 13.741, 12.599, 9.823, 7.476, 6.39, 7.456, 8.056, 5.523, 2.388, 1.747, 1.706, 1.945, 1.943, 2.1, 2.631, 2.715, 2.674, 2.368, 2.282, 1.755, 0.0, 1.727, 1.379, 2.15, 2.831, 3.061, 3.753, 3.944, 1.757, 3.789, 3.842, 2.707, 2.25, 2.232, 2.646, 2.518, 2.038, 2.467, 2.337, 2.413, 2.153, 3.031, 3.863, 3.358, 3.336, 3.655, 3.505, 2.813, 3.16, 3.144, 2.632, 2.7, 2.837, 3.365, 3.746, 4.171, 6.264, 9.515, 12.04, 12.657, 11.203, 9.753, 9.717, 9.729, 9.321, 8.392, 7.036, 7.225, 8.703, 8.213, 6.889, 5.734, 5.73, 7.044, 8.069, 7.375, 7.214, 8.866, 9.55, 8.064, 5.863, 5.695, 5.374, 5.108, 4.72, 3.918, 3.662, 3.149, 3.137, 2.777, 3.132, 3.311, 2.131, 2.744, 3.108, 3.866, 5.619, 6.252, 5.904, 5.707, 6.341, 6.899, 7.203, 7.811, 6.738, 5.608, 4.492, 4.403, 4.882, 4.839, 5.143, 6.374, 6.963, 7.876, 8.329, 8.476, 7.946, 6.627, 3.762, 3.588, 4.436, 6.137, 7.813, 7.289, 5.291, 4.765, 5.338, 5.631, 4.181, 3.261, 3.076, 2.78, 3.255, 3.867, 4.875, 4.9, 4.295, 3.111, 2.787, 3.442, 3.092, 3.088, 2.91, 2.687, 2.238, 1.769, 2.539, 3.269, 4.409, 4.095, 4.277, 3.867, 4.131, 5.059, 5.864, 6.201, 4.179, 3.843, 5.085, 5.722, 5.32, 6.169, 7.83, 6.597, 4.212, 3.625, 7.042, 10.637, 7.863, 4.664, 4.729, 5.375, 6.999, 7.202, 5.464, 5.146, 6.728, 8.774, 9.789, 12.296, 12.158, 10.871, 11.175, 10.619, 6.62, 2.396, 2.238, 2.179, 2.299, 2.424, 3.023, 3.601, 4.009, 3.549, 2.848, 2.576, 2.657, 2.643, 3.93, 3.218], [8.387, 7.546, 7.858, 7.208, 9.011, 11.311, 12.354, 11.215, 8.442, 6.082, 5.186, 6.077, 6.692, 4.178, 1.907, 1.903, 1.977, 2.343, 2.338, 2.033, 2.701, 3.496, 3.751, 3.576, 3.44, 2.859, 1.727, 0.0, 1.642, 3.16, 4.101, 4.388, 5.063, 5.196, 2.795, 2.935, 3.251, 2.739, 2.547, 3.173, 3.518, 3.473, 3.039, 3.296, 3.197, 2.872, 3.292, 4.17, 5.131, 4.328, 3.965, 4.475, 4.46, 3.672, 3.368, 3.582, 3.323, 3.349, 3.384, 3.559, 3.967, 4.278, 5.154, 8.223, 10.651, 11.264, 9.896, 8.426, 8.368, 8.327, 7.957, 7.072, 5.837, 6.091, 7.43, 7.097, 5.809, 4.73, 4.653, 5.85, 6.762, 6.032, 5.805, 7.485, 8.173, 6.659, 4.757, 4.617, 4.454, 4.054, 3.666, 3.552, 3.37, 3.06, 3.44, 3.003, 2.498, 2.358, 2.52, 2.369, 2.578, 2.971, 4.527, 4.995, 4.66, 4.565, 5.295, 5.639, 5.808, 6.407