[[0.0, 1.904, 1.664, 2.155, 3.009, 8.126, 8.751, 7.765, 10.641, 13.919, 13.26, 11.455, 11.22, 13.318, 14.379, 12.275, 12.896, 14.403, 15.51, 15.383, 15.421, 15.835, 15.286, 13.166, 12.77, 13.337, 14.421, 14.784, 11.899, 10.888, 11.183, 10.815, 10.892, 9.019, 8.069, 12.015, 16.177, 17.35, 17.216, 17.359, 17.866, 16.909, 16.709, 16.649, 15.669, 12.902, 11.913, 13.917, 15.526, 17.151, 17.321, 16.972, 16.623, 17.774, 17.882, 19.209, 19.349, 17.628, 18.977, 19.38, 18.379, 19.771, 22.199, 21.627, 20.701, 22.234, 21.522, 22.336, 22.944, 19.917, 18.822, 20.503, 19.88, 19.832, 20.88, 21.442, 21.139, 22.002, 22.483, 21.876, 20.648, 19.151, 17.73, 14.831, 13.886, 14.305, 16.087, 16.584, 12.155, 5.66, 5.058, 5.103, 4.617, 4.213, 3.063, 2.91, 4.068, 3.062, 2.967], [1.904, 0.0, 1.984, 2.59, 2.429, 6.949, 7.597, 6.849, 9.499, 12.742, 12.137, 10.311, 10.065, 12.14, 13.202, 11.117, 11.746, 13.238, 14.312, 14.207, 14.239, 14.677, 14.143, 12.02, 11.544, 12.143, 13.15, 13.586, 10.683, 9.705, 9.993, 9.636, 9.727, 7.824, 6.838, 10.793, 15.025, 16.205, 16.046, 16.226, 16.693, 15.723, 15.537, 15.451, 14.538, 11.717, 10.76, 12.779, 14.354, 15.972, 16.139, 15.804, 15.485, 16.634, 16.744, 18.047, 18.196, 16.456, 17.804, 18.235, 17.204, 18.612, 21.066, 20.451, 19.561, 21.103, 20.366, 21.205, 21.757, 18.732, 17.632, 19.334, 18.697, 18.665, 19.702, 20.246, 19.971, 20.832, 21.31, 20.704, 19.512, 18.002, 16.583, 13.617, 12.755, 13.169, 14.928, 15.444, 11.11, 6.236, 6.1, 5.973, 4.836, 3.939, 3.743, 3.14, 3.399, 3.63, 3.922], [1.664, 1.984, 0.0, 1.387, 2.238, 7.896, 8.55, 7.656, 10.411, 13.747, 13.052, 11.25, 11.042, 13.121, 14.211, 12.108, 12.622, 14.192, 15.318, 15.189, 15.215, 15.573, 15.112, 12.951, 12.478, 12.976, 14.022, 14.506, 11.464, 10.409, 10.784, 10.396, 10.5, 8.778, 7.818, 11.566, 15.984, 17.151, 17.02, 17.175, 17.667, 16.658, 16.46, 16.452, 15.484, 12.73, 11.684, 13.745, 15.257, 16.938, 17.1, 16.706, 16.438, 17.59, 17.711, 19.052, 19.197, 17.466, 18.823, 19.234, 18.224, 19.615, 22.01, 21.462, 20.518, 22.07, 21.319, 22.06, 22.767, 19.716, 18.609, 20.319, 19.693, 19.626, 20.683, 21.25, 20.98, 21.846, 22.316, 21.709, 20.432, 18.975, 17.506, 14.606, 13.714, 14.078, 15.902, 16.399, 11.93, 5.84, 4.938, 5.054, 4.689, 3.992, 3.097, 3.157, 3.985, 3.212, 2.979], [2.155, 2.59, 1.387, 0.0, 2.982, 8.757, 9.419, 8.547, 11.314, 14.596, 13.915, 12.098, 11.897, 13.98, 15.063, 12.964, 13.54, 15.047, 16.174, 16.035, 16.067, 16.459, 15.969, 13.814, 13.349, 13.856, 14.88, 15.364, 12.338, 11.37, 11.718, 11.347, 11.502, 9.651, 8.689, 12.507, 16.84, 18.01, 17.878, 18.021, 18.53, 17.537, 17.325, 17.306, 16.33, 13.589, 12.558, 14.588, 16.149, 17.807, 17.952, 17.579, 17.282, 18.43, 18.554, 19.893, 20.035, 18.308, 19.656, 20.074, 19.051, 20.461, 22.861, 22.316, 21.373, 22.915, 22.173, 22.96, 23.626, 20.582, 19.471, 21.182, 20.559, 20.501, 21.564, 22.119, 21.834, 22.686, 23.179, 22.553, 21.308, 19.826, 18.379, 15.477, 14.564, 14.955, 16.758, 17.249, 12.824, 6.292, 4.938, 5.254, 5.487, 4.797, 3.756, 4.144, 4.938, 4.14, 3.731], [3.009, 2.429, 2.238, 2.982, 0.0, 6.052, 6.813, 5.998, 8.653, 11.978, 11.267, 9.469, 9.272, 11.343, 12.436, 10.335, 10.836, 12.407, 13.536, 13.414, 13.406, 13.774, 13.333, 11.164, 10.662, 11.19, 12.16, 12.754, 9.659, 8.516, 8.959, 8.553, 8.771, 7.023, 6.061, 9.755, 14.192, 15.366, 15.225, 15.4, 15.869, 14.84, 14.667, 14.674, 13.707, 10.952, 9.912, 11.972, 13.461, 15.147, 15.292, 14.898, 14.665, 15.817, 15.937, 17.279, 17.422, 15.691, 17.047, 17.46, 16.448, 17.842, 20.236, 19.689, 18.749, 20.296, 19.533, 20.266, 20.99, 17.933, 16.817, 18.546, 17.912, 17.819, 18.91, 19.477, 19.208, 20.071, 20.541, 19.935, 18.66, 17.197, 15.722, 12.81, 11.94, 12.297, 14.108, 14.635, 10.162, 4.881, 4.685, 4.415, 3.811, 2.698, 2.802, 2.68, 2.704, 2.782, 3.251], [8.126, 6.949, 7.896, 8.757, 6.052, 0.0, 1.723, 2.246, 3.236, 5.995, 5.963, 3.703, 3.522, 5.354, 6.424, 4.425, 5.221, 6.507, 7.626, 7.448, 7.652, 7.935, 7.433, 5.424, 5.455, 6.565, 7.244, 7.485, 5.383, 4.179, 3.827, 3.819, 4.557, 2.672, 2.253, 5.358, 8.226, 9.461, 9.392, 9.565, 10.009, 9.126, 8.798, 8.668, 7.971, 5.182, 4.184, 6.118, 7.891, 9.555, 9.506, 9.413, 8.767, 9.894, 10.083, 11.318, 11.456, 9.704, 11.078, 11.517, 10.494, 11.846, 14.338, 13.783, 12.91, 14.365, 13.645, 14.48, 15.116, 12.143, 10.804, 12.538, 11.975, 11.902, 13.03, 13.488, 13.252, 14.076, 14.572, 13.95, 12.834, 11.316, 9.967, 6.849, 6.104, 6.571, 8.177, 8.702, 5.498, 4.153, 6.272, 4.998, 4.86, 4.545, 6.286, 5.841, 4.51, 6.551, 7.374], [8.751, 7.597, 8.55, 9.419, 6.813, 1.723, 0.0, 2.075, 2.537, 5.269, 5.12, 2.97, 2.579, 4.71, 5.781, 3.729, 4.525, 5.788, 6.942, 6.705, 7.072, 7.348, 6.707, 4.686, 4.79, 5.69, 6.513, 6.748, 4.469, 3.28, 3.182, 3.048, 3.618, 2.049, 1.836, 4.436, 7.542, 8.763, 8.841, 8.886, 9.417, 8.739, 8.213, 7.99, 7.351, 4.427, 3.441, 5.322, 7.232, 8.783, 8.902, 8.715, 8.03, 9.141, 9.355, 10.572, 10.685, 8.959, 10.337, 10.763, 9.751, 11.105, 13.603, 13.04, 12.187, 13.609, 12.896, 13.911, 14.447, 11.531, 10.11, 11.815, 11.258, 11.305, 12.357, 12.788, 12.519, 13.322, 13.86, 13.192, 12.081, 10.649, 9.289, 6.282, 5.372, 5.886, 7.526, 7.911, 4.759, 4.21, 6.896, 5.461, 5.185, 5.089, 6.825, 6.472, 5.138, 7.242, 8.067], [7.765, 6.849, 7.656, 8.547, 5.998, 2.246, 2.075, 0.0, 3.531, 6.641, 6.524, 4.446, 3.974, 6.123, 7.01, 5.039, 5.932, 7.199, 8.348, 8.024, 8.614, 8.953, 8.196, 6.258, 6.383, 7.29, 8.198, 8.43, 5.925, 4.752, 4.821, 4.669, 4.974, 3.051, 2.493, 5.931, 9.109, 10.338, 10.454, 10.279, 11.037, 10.303, 9.735, 9.202, 8.839, 5.814, 4.98, 6.599, 8.828, 10.378, 10.525, 10.354, 9.382, 10.4, 10.717, 11.712, 11.749, 10.156, 11.36, 11.805, 10.709, 12.243, 14.843, 14.365, 13.589, 14.904, 14.393, 15.526, 15.88, 13.021, 11.556, 13.06, 12.684, 12.848, 13.741, 14.036, 13.706, 14.434, 15.045, 14.332, 13.383, 12.08, 10.823, 7.812, 6.775, 7.422, 9.038, 9.166, 5.311, 3.398, 5.487, 4.388, 3.852, 4.163, 5.985, 5.628, 4.288, 6.429, 7.249], [10.641, 9.499, 10.411, 11.314, 8.653, 3.236, 2.537, 3.531, 0.0, 3.729, 3.925, 2.043, 2.123, 3.084, 4.184, 2.202, 2.879, 4.127, 5.239, 5.301, 5.518, 5.818, 5.076, 3.56, 3.79, 4.754, 5.535, 5.831, 3.346, 2.578, 2.388, 2.45, 2.497, 2.541, 3.188, 3.329, 6.203, 7.178, 7.448, 7.083, 7.848, 7.511, 6.912, 6.501, 5.667, 2.832, 2.052, 3.626, 5.827, 7.749, 7.738, 7.571, 6.272, 7.317, 7.394, 8.712, 8.849, 7.126, 8.495, 8.913, 7.907, 9.254, 11.628, 11.13, 10.209, 11.708, 11.559, 12.299, 12.484, 9.769, 8.784, 10.183, 9.494, 9.755, 10.592, 10.965, 10.67, 11.557, 12.026, 11.37, 10.076, 8.732, 7.459, 4.963, 3.816, 4.178, 5.738, 6.629, 3.715, 5.691, 8.403, 7.137, 6.597, 6.93, 8.811, 8.422, 7.082, 9.167, 9.967], [13.919, 12.742, 13.747, 14.596, 11.978, 5.995, 5.269, 6.641, 3.729, 0.0, 2.573, 2.706, 2.827, 1.42, 1.709, 2.083, 2.035, 1.547, 2.211, 2.141, 2.41, 2.896, 2.405, 1.792, 2.266, 2.574, 2.643, 2.65, 2.752, 3.809, 3.189, 3.69, 3.566, 5.254, 6.173, 2.955, 2.738, 3.813, 3.954, 3.773, 4.584, 4.154, 3.382, 2.929, 2.773, 1.681, 2.49, 1.335, 2.853, 4.616, 4.461, 4.268, 2.912, 4.024, 4.211, 5.479, 5.595, 3.885, 5.197, 5.642, 4.657, 5.971, 8.456, 7.845, 6.99, 8.446, 8.105, 9.016, 9.253, 6.47, 5.212, 6.715, 6.151, 6.371, 7.222, 7.621, 7.312, 8.169, 8.675, 8.04, 6.921, 5.494, 4.261, 1.774, 1.387, 1.774, 2.519, 3.017, 3.803, 8.82, 11.572, 10.237, 9.693, 10.176, 11.988, 11.682, 10.229, 12.33, 13.129], [13.26, 12.137, 13.052, 13.915, 11.267, 5.963, 5.12, 6.524, 3.925, 2.573, 0.0, 3.402, 3.639, 3.156, 3.098, 3.025, 3.301, 3.141, 3.48, 3.428, 3.25, 3.593, 3.504, 2.346, 1.992, 1.668, 1.894, 2.218, 2.178, 3.201, 3.684, 3.819, 2.928, 4.717, 5.463, 2.615, 3.062, 4.186, 4.063, 4.285, 4.895, 4.362, 3.617, 3.539, 2.811, 2.053, 3.294, 2.312, 2.625, 4.199, 4.563, 4.149, 3.628, 4.803, 4.861, 6.257, 6.365, 4.671, 5.986, 6.441, 5.607, 6.798, 9.135, 8.504, 7.588, 9.108, 8.335, 9.189, 9.788, 6.778, 5.631, 7.376, 6.717, 6.65, 7.747, 8.308, 8.036, 8.914, 9.375, 8.763, 7.546, 6.005, 4.597, 2.526, 2.455, 2.339, 3.173, 3.733, 2.588, 8.28, 11.54, 10.047, 9.769, 9.638, 11.273, 11.037, 9.517, 11.571, 12.362], [11.455, 10.311, 11.25, 12.098, 9.469, 3.703, 2.97, 4.446, 2.043, 2.706, 3.402, 0.0, 1.389, 2.667, 3.741, 1.853, 1.997, 3.307, 4.343, 4.378, 4.408, 4.947, 4.509, 3.025, 3.476, 3.804, 4.269, 4.613, 3.039, 2.803, 2.514, 2.39, 2.958, 2.829, 3.833, 2.712, 4.977, 6.04, 6.15, 5.977, 6.69, 6.374, 5.678, 5.338, 4.601, 2.544, 2.133, 2.782, 4.634, 6.511, 6.515, 6.299, 5.245, 6.414, 6.508, 7.926, 8.077, 6.297, 7.678, 8.08, 7.148, 8.507, 10.835, 10.268, 9.346, 10.857, 10.324, 11.13, 11.594, 8.711, 7.578, 9.182, 8.543, 8.652, 9.551, 10.061, 9.812, 10.651, 11.125, 10.514, 9.277, 7.768, 6.407, 3.686, 2.731, 3.076, 4.694, 5.448, 3.423, 6.383, 9.316, 7.998, 7.575, 7.761, 9.549, 9.22, 7.827, 9.881, 10.674], [11.22, 10.065, 11.042, 11.897, 9.272, 3.522, 2.579, 3.974, 2.123, 2.827, 3.639, 1.389, 0.0, 2.576, 3.603, 1.939, 2.401, 3.58, 4.613, 4.373, 4.8, 5.116, 4.507, 2.705, 3.265, 3.938, 4.345, 4.578, 3.028, 2.481, 2.009, 1.992, 2.816, 2.665, 3.499, 2.883, 5.184, 6.404, 6.513, 6.475, 7.101, 6.488, 5.845, 5.529, 5.097, 2.704, 2.116, 2.989, 5.045, 6.583, 6.647, 6.482, 5.626, 6.738, 6.957, 8.104, 8.245, 6.543, 7.87, 8.314, 7.273, 8.625, 11.191, 10.612, 9.763, 11.207, 10.55, 11.582, 12.043, 9.131, 7.737, 9.315, 8.804, 8.919, 9.893, 10.369, 10.039, 10.852, 11.421, 10.743, 9.678, 8.251, 6.929, 3.922, 3.152, 3.637, 5.166, 5.457, 3.756, 6.138, 9.076, 7.613, 7.274, 7.436, 9.261, 8.959, 7.538, 9.638, 10.445], [13.318, 12.14, 13.121, 13.98, 11.343, 5.354, 4.71, 6.123, 3.084, 1.42, 3.156, 2.667, 2.576, 0.0, 1.631, 1.776, 1.818, 1.895, 2.646, 2.587, 2.921, 3.169, 2.751, 2.264, 2.679, 3.349, 3.454, 3.589, 2.871, 3.456, 2.684, 3.163, 3.387, 4.772, 5.61, 3.162, 3.498, 4.462, 4.678, 4.583, 5.122, 4.616, 4.14, 3.761, 3.436, 1.684, 2.06, 1.758, 3.788, 5.472, 5.122, 5.104, 3.779, 4.745, 4.901, 6.19, 6.306, 4.542, 5.928, 6.366, 5.263, 6.619, 9.172, 8.59, 7.726, 9.19, 9.008, 9.664, 9.927, 7.046, 6.026, 7.406, 6.782, 6.889, 7.767, 8.29, 7.973, 8.845, 9.336, 8.786, 7.658, 6.152, 4.854, 2.592, 2.267, 2.222, 3.175, 3.951, 3.967, 8.192, 11.036, 9.703, 9.266, 9.54, 11.399, 11.063, 9.609, 11.71, 12.516], [14.379, 13.202, 14.211, 15.063, 12.436, 6.424, 5.781, 7.01, 4.184, 1.709, 3.098, 3.741, 3.603, 1.631, 0.0, 2.428, 2.545, 1.926, 1.945, 1.845, 2.217, 2.396, 2.236, 2.399, 2.764, 3.251, 3.194, 3.13, 3.615, 4.63, 3.947, 4.427, 4.647, 6.074, 6.827, 4.111, 2.843, 3.679, 3.94, 3.879, 4.465, 4.018, 3.614, 2.973, 2.97, 2.129, 3.176, 1.673, 3.337, 4.971, 4.534, 4.5, 2.881, 3.734, 3.808, 4.933, 5.075, 3.406, 4.696, 5.141, 4.083, 5.436, 8.007, 7.473, 6.661, 8.053, 8.366, 8.91, 8.91, 6.259, 5.189, 6.445, 5.835, 6.14, 7.036, 7.327, 6.884, 7.771, 8.349, 7.624, 6.514, 5.247, 4.089, 2.66, 2.757, 2.642, 2.487, 3.189, 4.819, 9.377, 11.99, 10.673, 10.088, 10.611, 12.446, 12.131, 10.731, 12.841, 13.657], [12.275, 11.117, 12.108, 12.964, 10.335, 4.425, 3.729, 5.039, 2.202, 2.083, 3.025, 1.853, 1.939, 1.776, 2.428, 0.0, 1.556, 2.362, 3.501, 3.35, 3.769, 4.192, 3.572, 2.307, 2.913, 3.506, 3.926, 4.109, 2.691, 2.727, 2.41, 2.789, 2.837, 3.983, 4.805, 2.681, 4.353, 5.424, 5.62, 5.312, 6.127, 5.707, 5.121, 4.593, 4.014, 1.67, 1.582, 1.999, 4.245, 6.118, 5.941, 5.889, 4.481, 5.585, 5.789, 6.995, 7.137, 5.438, 6.776, 7.18, 6.245, 7.556, 9.996, 9.458, 8.584, 10.04, 9.76, 10.62, 10.889, 8.107, 6.873, 8.322, 7.806, 8.043, 8.85, 9.203, 8.954, 9.784, 10.264, 9.639, 8.492, 7.081, 5.846, 3.296, 2.208, 2.518, 4.039, 4.678, 3.552, 7.274, 9.916, 8.673, 8.175, 8.533, 10.434, 10.015, 8.71, 10.803, 11.616], [12.896, 11.746, 12.622, 13.54, 10.836, 5.221, 4.525, 5.932, 2.879, 2.035, 3.301, 1.997, 2.401, 1.818, 2.545, 1.556, 0.0, 1.918, 3.006, 3.098, 3.216, 3.773, 3.555, 2.796, 3.299, 3.384, 3.436, 3.824, 2.941, 3.127, 2.686, 2.996, 3.182, 4.562, 5.452, 2.458, 3.738, 4.675, 4.845, 4.713, 5.441, 5.155, 4.723, 4.037, 3.46, 2.24, 1.87, 2.144, 3.672, 5.612, 5.396, 5.231, 4.076, 5.149, 5.207, 6.536, 6.75, 5.248, 6.345, 6.744, 5.888, 7.122, 9.446, 8.882, 7.946, 9.502, 9.25, 9.726, 10.241, 7.321, 6.304, 7.85, 7.196, 7.31, 8.174, 8.7, 8.419, 9.321, 9.748, 9.166, 7.855, 6.408, 4.968, 2.868, 2.083, 2.024, 3.375, 4.207, 3.554, 7.994, 10.814, 9.533, 9.065, 9.284, 11.089, 10.74, 9.315, 11.4, 12.221], [14.403, 13.238, 14.192, 15.047, 12.407, 6.507, 5.788, 7.199, 4.127, 1.547, 3.141, 3.307, 3.58, 1.895, 1.926, 2.362, 1.918, 0.0, 1.755, 1.754, 1.961, 2.756, 2.572, 2.239, 3.007, 3.062, 2.795, 2.619, 3.479, 4.383, 3.782, 4.334, 4.384, 5.963, 6.845, 3.153, 2.363, 3.293, 3.585, 3.416, 4.105, 3.881, 3.295, 2.603, 2.65, 2.316, 2.958, 1.77, 2.71, 4.214, 3.961, 3.853, 2.636, 3.61, 3.772, 4.916, 5.147, 3.765, 4.785, 5.115, 4.277, 5.494, 7.961, 7.469, 6.593, 7.989, 7.75, 8.524, 8.845, 6.002, 4.803, 6.265, 5.694, 5.885, 6.856, 7.198, 6.922, 7.723, 8.299, 7.562, 6.456, 5.046, 3.726, 1.686, 1.918, 1.933, 2.047, 2.757, 4.102, 9.379, 12.067, 10.819, 10.459, 10.616, 12.504, 12.137, 10.822, 12.908, 13.707], [15.51, 14.312, 15.318, 16.174, 13.536, 7.626, 6.942, 8.348, 5.239, 2.211, 3.48, 4.343, 4.613, 2.646, 1.945, 3.501, 3.006, 1.755, 0.0, 1.049, 1.434, 1.735, 1.945, 2.618, 3.287, 3.371, 3.099, 2.526, 4.38, 5.554, 4.886, 5.427, 5.47, 7.035, 7.873, 4.404, 2.23, 2.505, 2.441, 2.724, 2.958, 3.144, 2.79, 2.139, 2.485, 2.973, 3.969, 2.26, 2.855, 3.958, 3.35, 3.514, 2.477, 2.658, 2.72, 3.849, 3.989, 2.637, 3.607, 4.064, 3.398, 4.419, 6.889, 6.309, 5.449, 6.911, 6.892, 7.346, 7.627, 4.807, 3.803, 5.165, 4.715, 4.873, 5.588, 6.065, 5.731, 6.569, 7.132, 6.47, 5.375, 3.874, 2.967, 2.478, 2.986, 2.85, 1.679, 2.492, 5.171, 10.465, 13.264, 11.968, 11.477, 11.792, 13.551, 13.276, 11.864, 13.985, 14.798], [15.383, 14.207, 15.189, 16.035, 13.414, 7.448, 6.705, 8.024, 5.301, 2.141, 3.428, 4.378, 4.373, 2.587, 1.845, 3.35, 3.098, 1.754, 1.049, 0.0, 1.498, 1.87, 2.169, 2.583, 3.179, 3.361, 3.135, 2.584, 4.359, 5.471, 4.796, 5.326, 5.443, 6.95, 7.759, 4.418, 2.211, 2.626, 2.775, 3.003, 3.297, 3.21, 2.847, 2.202, 2.836, 3.007, 3.99, 2.222, 3.042, 4.119, 3.466, 3.674, 2.49, 2.845, 3.091, 3.994, 4.184, 2.708, 3.767, 4.186, 3.477, 4.551, 7.093, 6.52, 5.69, 7.103, 7.011, 7.593, 7.975, 5.078, 3.802, 5.262, 5.012, 5.216, 5.83, 6.245, 5.907, 6.691, 7.303, 6.622, 5.572, 4.184, 3.179, 2.423, 2.939, 2.917, 2.021, 2.128, 5.089, 10.332, 13.0, 11.702, 11.302, 11.635, 13.45, 13.138, 11.75, 13.859, 14.664], [15.421, 14.239, 15.215, 16.067, 13.406, 7.652, 7.072, 8.614, 5.518, 2.41, 3.25, 4.408, 4.8, 2.921, 2.217, 3.769, 3.216, 1.961, 1.434, 1.498, 0.0, 1.424, 1.827, 2.683, 3.03, 3.101, 2.47, 2.203, 4.248, 5.412, 4.7, 5.129, 5.234, 6.699, 7.688, 4.138, 1.97, 2.118, 2.327, 2.614, 2.924, 2.504, 2.383, 1.901, 1.955, 3.15, 4.129, 2.455, 2.078, 3.487, 2.969, 2.88, 1.925, 2.637, 2.638, 4.003, 4.209, 2.709, 3.808, 4.157, 3.212, 4.577, 6.947, 6.348, 5.455, 6.957, 6.853, 7.192, 7.628, 4.667, 3.675, 5.233, 4.593, 4.641, 5.612, 6.146, 5.89, 6.735, 7.212, 6.598, 5.39, 3.856, 2.585, 2.419, 3.093, 2.837, 1.651, 2.31, 5.093, 10.498, 13.453, 12.13, 11.717, 11.856, 13.466, 13.277, 11.72, 13.766, 14.571], [15.835, 14.677, 15.573, 16.459, 13.774, 7.935, 7.348, 8.953, 5.818, 2.896, 3.593, 4.947, 5.116, 3.169, 2.396, 4.192, 3.773, 2.756, 1.735, 1.87, 1.424, 0.0, 1.426, 2.86, 3.422, 3.659, 3.177, 2.506, 4.592, 5.692, 4.983, 5.477, 5.613, 7.203, 8.132, 4.914, 2.564, 2.323, 2.277, 2.419, 2.629, 2.25, 2.109, 1.913, 1.859, 3.577, 4.37, 2.865, 2.324, 3.352, 2.799, 2.796, 2.009, 2.369, 2.39, 3.656, 3.769, 2.23, 3.425, 3.859, 2.995, 4.182, 6.502, 5.98, 5.031, 6.576, 6.597, 6.635, 7.312, 4.331, 3.358, 4.853, 4.282, 4.283, 5.217, 5.769, 5.513, 6.39, 6.829, 6.24, 4.925, 3.549, 2.336, 3.143, 3.774, 3.531, 2.195, 2.88, 5.825, 10.788, 13.816, 12.402, 12.094, 12.124, 13.904, 13.554, 12.114, 14.17, 14.953], [15.286, 14.143, 15.112, 15.969, 13.333, 7.433, 6.707, 8.196, 5.076, 2.405, 3.504, 4.509, 4.507, 2.751, 2.236, 3.572, 3.555, 2.572, 1.945, 2.169, 1.827, 1.426, 0.0, 2.266, 2.909, 3.569, 3.186, 2.527, 4.186, 5.184, 4.528, 5.051, 5.094, 6.674, 7.538, 4.87, 2.709, 2.927, 2.833, 2.399, 3.01, 2.669, 2.199, 2.112, 1.924, 2.798, 3.743, 2.374, 2.523, 3.444, 3.063, 3.136, 2.198, 2.672, 2.738, 4.076, 4.179, 2.581, 3.831, 4.26, 3.337, 4.598, 7.04, 6.438, 5.54, 7.037, 6.91, 7.45, 7.781, 4.938, 3.859, 5.316, 4.672, 4.839, 5.744, 6.235, 5.932, 6.805, 7.301, 6.655, 5.488, 3.994, 2.874, 3.106, 3.378, 3.324, 2.087, 3.2, 5.669, 10.199, 13.04, 11.698, 11.264, 11.56, 13.327, 13.046, 11.624, 13.677, 14.471], [13.166, 12.02, 12.951, 13.814, 11.164, 5.424, 4.686, 6.258, 3.56, 1.792, 2.346, 3.025, 2.705, 2.264, 2.399, 2.307, 2.796, 2.239, 2.618, 2.583, 2.683, 2.86, 2.266, 0.0, 1.282, 2.336, 2.492, 2.384, 2.474, 3.07, 2.516, 2.896, 2.994, 4.533, 5.435, 2.921, 3.244, 4.254, 4.282, 4.342, 4.925, 4.198, 3.716, 3.587, 2.803, 1.81, 2.421, 1.82, 2.865, 4.403, 4.451, 4.266, 3.641, 4.776, 4.896, 6.252, 6.358, 4.605, 6.013, 6.429, 5.445, 6.775, 9.152, 8.574, 7.66, 9.175, 8.41, 9.3, 9.913, 6.96, 5.719, 7.449, 6.805, 6.821, 7.834, 8.365, 8.111, 8.987, 9.426, 8.836, 7.598, 6.066, 4.724, 2.578, 2.184, 2.619, 3.007, 3.714, 4.217, 8.066, 11.207, 9.739, 9.487, 9.439, 11.215, 10.856, 9.449, 11.502, 12.29], [12.77, 11.544, 12.478, 13.349, 10.662, 5.455, 4.79, 6.383, 3.79, 2.266, 1.992, 3.476, 3.265, 2.679, 2.764, 2.913, 3.299, 3.007, 3.287, 3.179, 3.03, 3.422, 2.909, 1.282, 0.0, 1.488, 2.0, 2.5, 1.678, 2.567, 2.452, 2.54, 2.461, 4.001, 4.91, 2.355, 3.731, 4.884, 4.651, 4.937, 5.364, 4.323, 4.108, 4.151, 3.146, 1.862, 2.979, 2.268, 3.139, 4.753, 4.889, 4.548, 4.274, 5.439, 5.532, 6.914, 7.031, 5.236, 6.632, 7.07, 6.048, 7.417, 9.79, 9.125, 8.22, 9.792, 9.032, 9.774, 10.398, 7.315, 6.274, 8.012, 7.353, 7.262, 8.33, 8.929, 8.672, 9.55, 9.989, 9.425, 8.19, 6.656, 5.208, 2.805, 2.499, 2.785, 3.576, 4.219, 3.839, 8.08, 11.457, 9.992, 9.668, 9.545, 11.031, 10.722, 8.865, 10.927, 11.791], [13.337, 12.143, 12.976, 13.856, 11.19, 6.565, 5.69, 7.29, 4.754, 2.574, 1.668, 3.804, 3.938, 3.349, 3.251, 3.506, 3.384, 3.062, 3.371, 3.361, 3.101, 3.659, 3.569, 2.336, 1.488, 0.0, 1.367, 1.88, 1.773, 3.068, 3.459, 3.356, 2.936, 4.599, 5.505, 2.003, 3.359, 4.493, 4.26, 4.56, 5.111, 4.378, 3.83, 3.791, 2.973, 2.438, 3.844, 2.507, 2.821, 4.359, 4.656, 4.154, 3.99, 5.198, 5.178, 6.534, 6.675, 5.075, 6.28, 6.705, 5.916, 7.099, 9.402, 8.725, 7.82, 9.393, 8.621, 9.375, 9.999, 6.933, 5.874, 7.619, 6.96, 6.869, 7.937, 8.536, 8.279, 9.157, 9.596, 9.026, 7.791, 6.257, 4.809, 2.492, 2.332, 2.367, 3.222, 3.898, 3.279, 8.998, 12.459, 10.924, 10.574, 10.445, 11.762, 11.265, 9.388, 11.441, 12.277], [14.421, 13.15, 14.022, 14.88, 12.16, 7.244, 6.513, 8.198, 5.535, 2.643, 1.894, 4.269, 4.345, 3.454, 3.194, 3.926, 3.436, 2.795, 3.099, 3.135, 2.47, 3.177, 3.186, 2.492, 2.0, 1.367, 0.0, 1.181, 2.637, 3.905, 3.76, 3.951, 3.887, 5.565, 6.522, 2.631, 2.412, 3.376, 3.161, 3.425, 4.03, 3.381, 2.877, 2.726, 2.129, 3.024, 4.215, 2.549, 1.8, 3.286, 3.573, 3.03, 2.859, 4.092, 4.12, 5.457, 5.636, 4.275, 5.253, 5.63, 4.834, 5.959, 8.294, 7.649, 6.744, 8.299, 7.527, 8.281, 8.928, 5.858, 4.81, 6.554, 5.895, 5.805, 6.873, 7.471, 7.215, 8.092, 8.531, 7.942, 6.697, 5.163, 3.715, 2.144, 2.626, 2.403, 2.511, 3.105, 3.679, 9.805, 13.266, 11.787, 11.487, 11.317, 12.764, 12.35, 10.497, 12.441, 13.361], [14.784, 13.586, 14.506, 15.364, 12.754, 7.485, 6.748, 8.43, 5.831, 2.65, 2.218, 4.613, 4.578, 3.589, 3.13, 4.109, 3.824, 2.619, 2.526, 2.584, 2.203, 2.506, 2.527, 2.384, 2.5, 1.88, 1.181, 0.0, 3.149, 4.547, 4.292, 4.575, 4.478, 6.07, 6.974, 3.402, 2.149, 2.932, 2.79, 3.005, 3.587, 2.89, 2.269, 2.325, 2.123, 3.234, 4.398, 2.771, 1.797, 2.853, 3.103, 2.724, 2.495, 3.478, 3.55, 4.926, 5.025, 3.556, 4.675, 5.08, 4.252, 5.413, 7.817, 7.183, 6.306, 7.829, 7.061, 7.872, 8.529, 5.555, 4.326, 6.07, 5.419, 5.344, 6.45, 6.987, 6.731, 7.608, 8.053, 7.462, 6.255, 4.731, 3.357, 2.294, 2.982, 3.013, 2.26, 2.891, 4.286, 10.1, 13.524, 12.035, 11.718, 11.567, 13.133, 12.478, 10.869, 12.946, 13.704], [11.899, 10.683, 11.464, 12.338, 9.659, 5.383, 4.469, 5.925, 3.346, 2.752, 2.178, 3.039, 3.028, 2.871, 3.615, 2.691, 2.941, 3.479, 4.38, 4.359, 4.248, 4.592, 4.186, 2.474, 1.678, 1.773, 2.637, 3.149, 0.0, 1.619, 2.405, 2.252, 1.514, 3.307, 4.123, 1.398, 4.778, 5.936, 5.746, 5.961, 6.475, 5.589, 5.237, 5.284, 4.293, 2.055, 2.667, 2.83, 4.096, 5.794, 6.028, 5.523, 5.311, 6.477, 6.576, 7.97, 8.077, 6.323, 7.733, 8.148, 7.207, 8.492, 10.804, 10.249, 9.288, 10.864, 10.091, 10.81, 11.528, 8.457, 7.409, 9.154, 8.495, 8.404, 9.472, 10.07, 9.814, 10.692, 11.131, 10.541, 9.226, 7.736, 6.244, 3.47, 2.786, 2.915, 4.656, 5.217, 3.28, 7.55, 11.041, 9.517, 9.18, 9.0, 10.4, 9.885, 8.007, 9.96, 10.869], [10.888, 9.705, 10.409, 11.37, 8.516, 4.179, 3.28, 4.752, 2.578, 3.809, 3.201, 2.803, 2.481, 3.456, 4.63, 2.727, 3.127, 4.383, 5.554, 5.471, 5.412, 5.692, 5.184, 3.07, 2.567, 3.068, 3.905, 4.547, 1.619, 0.0, 1.621, 1.386, 1.154, 2.314, 3.106, 1.701, 5.941, 7.099, 6.909, 7.124, 7.675, 6.668, 6.405, 6.45, 5.398, 3.01, 2.521, 3.948, 5.254, 6.974, 7.2, 6.674, 6.493, 7.649, 7.736, 9.15, 9.253, 7.485, 8.895, 9.311, 8.414, 9.672, 11.969, 11.414, 10.454, 12.03, 11.257, 11.95, 12.693, 9.623, 8.574, 10.319, 9.66, 9.569, 10.637, 11.236, 10.979, 11.857, 12.296, 11.707, 10.375, 8.901, 7.407, 4.531, 3.647, 3.975, 5.821, 6.378, 3.819, 6.407, 9.874, 8.352, 8.013, 7.836, 9.241, 8.877, 7.058, 8.983, 9.929], [11.183, 9.993, 10.784, 11.718, 8.959, 3.827, 3.182, 4.821, 2.388, 3.189, 3.684, 2.514, 2.009, 2.684, 3.947, 2.41, 2.686, 3.782, 4.886, 4.796, 4.7, 4.983, 4.528, 2.516, 2.452, 3.459, 3.76, 4.292, 2.405, 1.621, 0.0, 1.129, 1.839, 2.607, 3.419, 2.213, 5.398, 6.556, 6.369, 6.581, 7.064, 6.102, 5.905, 5.909, 4.949, 2.775, 1.881, 3.431, 4.745, 6.512, 6.57, 6.202, 5.93, 7.097, 7.194, 8.595, 8.699, 6.943, 8.353, 8.769, 7.779, 9.118, 11.429, 10.873, 9.913, 11.489, 10.728, 11.409, 12.153, 9.082, 8.034, 9.779, 9.12, 9.029, 10.097, 10.695, 10.439, 11.317, 11.756, 11.166, 9.834, 8.361, 6.867, 4.06, 3.296, 3.579, 5.281, 5.838, 4.262, 6.469, 9.844, 8.373, 8.107, 7.922, 9.443, 9.167, 7.4, 9.375, 10.285], [10.815, 9.636, 10.396, 11.347, 8.553, 3.819, 3.048, 4.669, 2.45, 3.69, 3.819, 2.39, 1.992, 3.163, 4.427, 2.789, 2.996, 4.334, 5.427, 5.326, 5.129, 5.477, 5.051, 2.896, 2.54, 3.356, 3.951, 4.575, 2.252, 1.386, 1.129, 0.0, 1.677, 2.082, 2.994, 2.132, 5.9, 7.058, 6.868, 7.083, 7.565, 6.564, 6.345, 6.391, 5.328, 3.138, 2.418, 3.883, 5.209, 6.931, 7.067, 6.632, 6.431, 7.599, 7.695, 9.105, 9.208, 7.444, 8.854, 9.27, 8.28, 9.627, 11.925, 11.356, 10.395, 11.971, 11.198, 11.891, 12.635, 9.564, 8.516, 10.261, 9.602, 9.511, 10.579, 11.177, 10.921, 11.799, 12.238, 11.648, 10.316, 8.843, 7.349, 4.474, 3.634, 3.959, 5.763, 6.32, 4.238, 6.327, 9.761, 8.227, 7.928, 7.73, 9.139, 8.807, 7.008, 8.976, 9.892], [10.892, 9.727, 10.5, 11.502, 8.771, 4.557, 3.618, 4.974, 2.497, 3.566, 2.928, 2.958, 2.816, 3.387, 4.647, 2.837, 3.182, 4.384, 5.47, 5.443, 5.234, 5.613, 5.094, 2.994, 2.461, 2.936, 3.887, 4.478, 1.514, 1.154, 1.839, 1.677, 0.0, 2.337, 3.145, 1.718, 5.74, 6.898, 6.708, 6.923, 7.431, 6.618, 6.224, 6.25, 5.276, 2.796, 2.286, 3.773, 5.107, 6.852, 7.087, 6.499, 6.296, 7.465, 7.582, 9.002, 9.106, 7.322, 8.729, 9.147, 8.19, 9.525, 11.788, 11.2, 10.24, 11.816, 11.043, 11.736, 12.479, 9.409, 8.361, 10.106, 9.447, 9.356, 10.424, 11.022, 10.766, 11.644, 12.083, 11.493, 10.161, 8.688, 7.194, 4.328, 3.461, 3.782, 5.608, 6.165, 3.498, 6.624, 10.061, 8.584, 8.152, 8.023, 9.266, 8.844, 7.055, 9.049, 9.94], [9.019, 7.824, 8.778, 9.651, 7.023, 2.672, 2.049, 3.051, 2.541, 5.254, 4.717, 2.829, 2.665, 4.772, 6.074, 3.983, 4.562, 5.963, 7.035, 6.95, 6.699, 7.203, 6.674, 4.533, 4.001, 4.599, 5.565, 6.07, 3.307, 2.314, 2.607, 2.082, 2.337, 0.0, 1.285, 3.328, 7.463, 8.621, 8.444, 8.685, 9.129, 8.201, 7.898, 7.947, 6.965, 4.488, 3.494, 5.435, 6.91, 8.544, 8.673, 8.254, 7.998, 9.163, 9.274, 10.694, 10.797, 9.014, 10.421, 10.834, 9.844, 11.217, 13.545, 12.923, 11.993, 13.521, 12.748, 13.554, 14.216, 11.162, 10.066, 11.811, 11.152, 11.061, 12.175, 12.737, 12.471, 13.349, 13.803, 13.198, 11.951, 10.42, 9.002, 6.026, 5.176, 5.565, 7.313, 7.87, 4.144, 4.73, 8.111, 6.638, 6.196, 6.076, 7.331, 6.89, 5.162, 7.159, 8.013], [8.069, 6.838, 7.818, 8.689, 6.061, 2.253, 1.836, 2.493, 3.188, 6.173, 5.463, 3.833, 3.499, 5.61, 6.827, 4.805, 5.452, 6.845, 7.873, 7.759, 7.688, 8.132, 7.538, 5.435, 4.91, 5.505, 6.522, 6.974, 4.123, 3.106, 3.419, 2.994, 3.145, 1.285, 0.0, 4.161, 8.396, 9.596, 9.412, 9.695, 10.093, 9.058, 8.854, 8.895, 8.001, 5.347, 4.431, 6.405, 7.895, 9.464, 9.57, 9.264, 9.007, 10.168, 10.238, 11.584, 11.7, 9.949, 11.327, 11.761, 10.753, 12.102, 14.571, 13.923, 13.048, 14.569, 13.794, 14.609, 15.213, 12.159, 11.025, 12.765, 12.106, 12.015, 13.172, 13.734, 13.425, 14.303, 14.8, 14.163, 13.006, 11.465, 10.057, 7.023, 6.22, 6.62, 8.354, 8.856, 4.623, 4.115, 7.158, 5.711, 5.248, 5.171, 6.385, 5.916, 4.155, 6.174, 7.055], [12.015, 10.793, 11.566, 12.507, 9.755, 5.358, 4.436, 5.931, 3.329, 2.955, 2.615, 2.712, 2.883, 3.162, 4.111, 2.681, 2.458, 3.153, 4.404, 4.418, 4.138, 4.914, 4.87, 2.921, 2.355, 2.003, 2.631, 3.402, 1.398, 1.701, 2.213, 2.132, 1.718, 3.328, 4.161, 0.0, 4.608, 5.764, 5.591, 5.789, 6.327, 5.543, 5.259, 5.14, 4.211, 2.756, 2.968, 3.264, 3.974, 5.627, 5.854, 5.348, 5.138, 6.338, 6.451, 7.812, 7.987, 6.525, 7.626, 7.998, 7.067, 8.327, 10.651, 10.096, 9.154, 10.712, 9.939, 10.632, 11.375, 8.305, 7.256, 9.001, 8.342, 8.251, 9.319, 9.918, 9.661, 10.539, 10.978, 10.389, 9.057, 7.583, 6.09, 3.233, 2.511, 2.708, 4.514, 5.06, 2.939, 7.563, 11.054, 9.522, 9.195, 9.016, 10.36, 9.977, 8.149, 10.076, 11.018], [16.177, 15.025, 15.984, 16.84, 14.192, 8.226, 7.542, 9.109, 6.203, 2.738, 3.062, 4.977, 5.184, 3.498, 2.843, 4.353, 3.738, 2.363, 2.23, 2.211, 1.97, 2.564, 2.709, 3.244, 3.731, 3.359, 2.412, 2.149, 4.778, 5.941, 5.398, 5.9, 5.74, 7.463, 8.396, 4.608, 0.0, 1.431, 1.711, 2.251, 3.235, 3.026, 2.233, 1.399, 2.249, 3.662, 4.499, 2.945, 2.045, 2.845, 2.803, 2.603, 1.854, 2.691, 3.066, 4.073, 4.389, 3.164, 3.887, 4.28, 3.473, 4.478, 6.773, 6.075, 5.242, 6.262, 5.98, 6.478, 7.013, 4.081, 2.846, 4.428, 3.865, 3.853, 4.931, 5.431, 5.157, 5.947, 6.514, 5.798, 4.732, 3.262, 1.958, 1.784, 2.742, 2.362, 1.33, 1.57, 4.359, 11.108, 13.995, 12.608, 12.344, 12.388, 14.198, 13.901, 12.486, 14.546, 15.345], [17.35, 16.205, 17.151, 18.01, 15.366, 9.461, 8.763, 10.338, 7.178, 3.813, 4.186, 6.04, 6.404, 4.462, 3.679, 5.424, 4.675, 3.293, 2.505, 2.626, 2.118, 2.323, 2.927, 4.254, 4.884, 4.493, 3.376, 2.932, 5.936, 7.099, 6.556, 7.058, 6.898, 8.621, 9.596, 5.764, 1.431, 0.0, 1.398, 1.973, 2.605, 2.697, 2.326, 1.682, 2.484, 4.702, 5.595, 3.871, 2.354, 2.747, 2.489, 2.367, 1.894, 1.861, 2.294, 3.29, 3.669, 2.482, 3.226, 3.431, 2.781, 3.561, 5.669, 5.034, 4.178, 4.977, 5.072, 5.258, 5.745, 2.848, 1.97, 3.25, 2.749, 2.851, 3.661, 4.187, 3.898, 4.776, 5.252, 4.625, 3.428, 2.297, 1.362, 2.879, 3.782, 3.325, 1.767, 1.822, 5.53, 12.259, 15.18, 13.792, 13.447, 13.595, 15.388, 15.069, 13.664, 15.718, 16.503], [17.216, 16.046, 17.02, 17.878, 15.225, 9.392, 8.841, 10.454, 7.448, 3.954, 4.063, 6.15, 6.513, 4.678, 3.94, 5.62, 4.845, 3.585, 2.441, 2.775, 2.327, 2.277, 2.833, 4.282, 4.651, 4.26, 3.161, 2.79, 5.746, 6.909, 6.369, 6.868, 6.708, 8.444, 9.412, 5.591, 1.711, 1.398, 0.0, 1.691, 2.116, 2.406, 2.152, 1.806, 2.29, 4.824, 5.703, 4.134, 2.26, 2.699, 2.478, 2.28, 2.01, 2.008, 2.161, 3.112, 3.429, 2.41, 2.933, 3.342, 3.03, 3.575, 5.767, 4.924, 4.102, 5.175, 5.034, 5.251, 5.803, 2.859, 2.044, 3.52, 3.152, 3.102, 3.762, 4.335, 4.07, 4.948, 5.39, 4.807, 3.594, 2.217, 1.398, 2.885, 3.994, 3.506, 1.955, 2.244, 5.52, 12.276, 15.359, 13.935, 13.592, 13.646, 15.245, 15.047, 13.449, 15.529, 16.333], [17.359, 16.226, 17.175, 18.021, 15.4, 9.565, 8.886, 10.279, 7.083, 3.773, 4.285, 5.977, 6.475, 4.583, 3.879, 5.312, 4.713, 3.416, 2.724, 3.003, 2.614, 2.419, 2.399, 4.342, 4.937, 4.56, 3.425, 3.005, 5.961, 7.124, 6.581, 7.083, 6.923, 8.685, 9.695, 5.789, 2.251, 1.973, 1.691, 0.0, 1.562, 2.063, 1.52, 1.605, 1.967, 4.608, 5.698, 3.86, 2.214, 1.938, 1.721, 1.745, 1.417, 1.241, 1.551, 2.427, 2.805, 2.43, 2.473, 2.747, 2.318, 2.818, 5.014, 4.409, 3.605, 4.935, 4.836, 5.457, 5.687, 2.967, 1.942, 3.389, 2.928, 3.12, 3.764, 4.224, 3.896, 4.802, 5.218, 4.635, 3.384, 2.328, 1.764, 3.348, 4.021, 3.613, 2.382, 2.832, 5.864, 12.267, 15.19, 13.847, 13.289, 13.685, 15.475, 15.166, 13.706, 15.76, 16.55], [17.866, 16.693, 17.667, 18.53, 15.869, 10.009, 9.417, 11.037, 7.848, 4.584, 4.895, 6.69, 7.101, 5.122, 4.465, 6.127, 5.441, 4.105, 2.958, 3.297, 2.924, 2.629, 3.01, 4.925, 5.364, 5.111, 4.03, 3.587, 6.475, 7.675, 7.064, 7.565, 7.431, 9.129, 10.093, 6.327, 3.235, 2.605, 2.116, 1.562, 0.0, 1.593, 1.89, 2.522, 2.58, 5.404, 6.36, 4.632, 2.917, 2.134, 1.471, 1.936, 2.505, 1.665, 1.737, 2.179, 2.435, 2.89, 2.588, 2.921, 2.87, 2.272, 4.534, 3.873, 3.098, 4.501, 4.404, 4.706, 5.173, 2.395, 1.838, 2.894, 2.677, 2.548, 3.125, 3.851, 3.544, 4.292, 4.749, 4.279, 3.523, 2.904, 2.551, 4.125, 5.068, 4.654, 3.177, 3.822, 6.758, 12.898, 15.886, 14.517, 14.134, 14.245, 15.885, 15.65, 14.13, 16.194, 17.001], [16.909, 15.723, 16.658, 17.537, 14.84, 9.126, 8.739, 10.303, 7.511, 4.154, 4.362, 6.374, 6.488, 4.616, 4.018, 5.707, 5.155, 3.881, 3.144, 3.21, 2.504, 2.25, 2.669, 4.198, 4.323, 4.378, 3.381, 2.89, 5.589, 6.668, 6.102, 6.564, 6.618, 8.201, 9.058, 5.543, 3.026, 2.697, 2.406, 2.063, 1.593, 0.0, 1.372, 2.32, 2.278, 4.977, 5.931, 4.463, 2.464, 1.899, 1.229, 1.443, 2.213, 2.114, 2.595, 3.262, 3.627, 3.279, 3.702, 3.779, 2.819, 3.194, 5.636, 4.992, 4.262, 5.653, 5.224, 5.673, 6.275, 3.284, 2.566, 3.854, 3.327, 3.096, 4.14, 4.93, 4.588, 5.348, 5.776, 5.406, 4.649, 3.79, 2.692, 3.863, 4.936, 4.596, 3.274, 3.561, 6.31, 12.123, 15.276, 13.847, 13.476, 13.505, 15.033, 14.779, 13.047, 15.148, 15.947], [16.709, 15.537, 16.46, 17.325, 14.667, 8.798, 8.213, 9.735, 6.912, 3.382, 3.617, 5.678, 5.845, 4.14, 3.614, 5.121, 4.723, 3.295, 2.79, 2.847, 2.383, 2.109, 2.199, 3.716, 4.108, 3.83, 2.877, 2.269, 5.237, 6.405, 5.905, 6.345, 6.224, 7.898, 8.854, 5.259, 2.233, 2.326, 2.152, 1.52, 1.89, 1.372, 0.0, 1.527, 1.87, 4.352, 5.347, 3.638, 1.952, 1.803, 1.604, 1.454, 1.589, 1.861, 2.145, 3.166, 3.32, 2.67, 3.118, 3.388, 2.546, 3.411, 5.856, 5.243, 4.371, 5.835, 5.281, 5.979, 6.553, 3.592, 2.373, 3.995, 3.366, 3.291, 4.364, 4.978, 4.608, 5.486, 5.983, 5.428, 4.453, 3.311, 2.187, 3.016, 3.952, 3.823, 2.569, 2.949, 5.414, 11.635, 14.735, 13.287, 12.97, 12.988, 14.748, 14.379, 12.922, 15.023, 15.822], [16.649, 15.451, 16.452, 17.306, 14.674, 8.668, 7.99, 9.202, 6.501, 2.929, 3.539, 5.338, 5.529, 3.761, 2.973, 4.593, 4.037, 2.603, 2.139, 2.202, 1.901, 1.913, 2.112, 3.587, 4.151, 3.791, 2.726, 2.325, 5.284, 6.45, 5.909, 6.391, 6.25, 7.947, 8.895, 5.14, 1.399, 1.682, 1.806, 1.605, 2.522, 2.32, 1.527, 0.0, 1.605, 3.959, 4.916, 3.067, 1.763, 2.585, 2.411, 2.324, 1.217, 1.851, 2.281, 3.236, 3.394, 2.354, 2.928, 3.278, 2.48, 3.544, 5.962, 5.425, 4.575, 5.913, 5.695, 6.36, 6.724, 3.845, 2.487, 4.006, 3.547, 3.706, 4.621, 4.99, 4.716, 5.466, 6.086, 5.392, 4.387, 3.095, 1.758, 2.411, 3.282, 3.006, 1.563, 1.989, 5.011, 11.557, 14.153, 12.943, 12.565, 12.861, 14.699, 14.376, 12.969, 15.07, 15.869], [15.669, 14.538, 15.484, 16.33, 13.707, 7.971, 7.351, 8.839, 5.667, 2.773, 2.811, 4.601, 5.097, 3.436, 2.97, 4.014, 3.46, 2.65, 2.485, 2.836, 1.955, 1.859, 1.924, 2.803, 3.146, 2.973, 2.129, 2.123, 4.293, 5.398, 4.949, 5.328, 5.276, 6.965, 8.001, 4.211, 2.249, 2.484, 2.29, 1.967, 2.58, 2.278, 1.87, 1.605, 0.0, 3.225, 4.312, 2.715, 1.232, 2.816, 2.647, 2.447, 1.479, 2.335, 2.592, 3.947, 4.06, 2.944, 3.706, 3.993, 3.081, 4.376, 6.661, 6.047, 5.113, 6.663, 6.439, 6.875, 7.328, 4.36, 3.495, 4.993, 4.341, 4.428, 5.295, 5.869, 5.613, 6.49, 6.929, 6.34, 5.058, 3.731, 2.186, 2.681, 3.0, 2.603, 2.046, 3.107, 4.839, 10.719, 13.706, 12.349, 11.94, 12.138, 13.811, 13.586, 11.972, 14.019, 14.843], [12.902, 11.717, 12.73, 13.589, 10.952, 5.182, 4.427, 5.814, 2.832, 1.681, 2.053, 2.544, 2.704, 1.684, 2.129, 1.67, 2.24, 2.316, 2.973, 3.007, 3.15, 3.577, 2.798, 1.81, 1.862, 2.438, 3.024, 3.234, 2.055, 3.01, 2.775, 3.138, 2.796, 4.488, 5.347, 2.756, 3.662, 4.702, 4.824, 4.608, 5.404, 4.977, 4.352, 3.959, 3.225, 0.0, 1.827, 1.414, 3.327, 5.121, 5.154, 5.001, 3.836, 4.989, 5.083, 6.423, 6.582, 4.8, 6.161, 6.594, 5.689, 6.994, 9.398, 8.795, 7.934, 9.415, 8.999, 9.865, 10.115, 7.292, 6.241, 7.742, 7.119, 7.244, 8.126, 8.596, 8.314, 9.182, 9.624, 9.029, 7.855, 6.341, 5.087, 2.664, 1.949, 2.03, 3.316, 4.062, 3.489, 7.928, 10.78, 9.504, 8.952, 9.273, 11.07, 10.712, 9.308, 11.425, 12.229], [11.913, 10.76, 11.684, 12.558, 9.912, 4.184, 3.441, 4.98, 2.052, 2.49, 3.294, 2.133, 2.116, 2.06, 3.176, 1.582, 1.87, 2.958, 3.969, 3.99, 4.129, 4.37, 3.743, 2.421, 2.979, 3.844, 4.215, 4.398, 2.667, 2.521, 1.881, 2.418, 2.286, 3.494, 4.431, 2.968, 4.499, 5.595, 5.703, 5.698, 6.36, 5.931, 5.347, 4.916, 4.312, 1.827, 0.0, 2.475, 4.323, 6.347, 6.206, 6.02, 4.91, 5.998, 6.144, 7.466, 7.621, 5.856, 7.225, 7.69, 6.788, 8.077, 10.375, 9.894, 8.931, 10.41, 10.08, 10.623, 11.178, 8.263, 7.093, 8.716, 8.11, 8.155, 9.111, 9.595, 9.353, 10.18, 10.662, 10.057, 8.793, 7.354, 5.95, 3.615, 2.669, 2.741, 4.286, 5.029, 3.89, 6.975, 9.903, 8.558, 8.209, 8.258, 10.124, 9.748, 8.376, 10.46, 11.251], [13.917, 12.779, 13.745, 14.588, 11.972, 6.118, 5.322, 6.599, 3.626, 1.335, 2.312, 2.782, 2.989, 1.758, 1.673, 1.999, 2.144, 1.77, 2.26, 2.222, 2.455, 2.865, 2.374, 1.82, 2.268, 2.507, 2.549, 2.771, 2.83, 3.948, 3.431, 3.883, 3.773, 5.435, 6.405, 3.264, 2.945, 3.871, 4.134, 3.86, 4.632, 4.463, 3.638, 3.067, 2.715, 1.414, 2.475, 0.0, 2.716, 4.616, 4.545, 4.391, 3.015, 3.998, 4.233, 5.425, 5.552, 3.81, 5.154, 5.608, 4.666, 6.0, 8.372, 7.902, 7.03, 8.393, 8.243, 9.061, 9.378, 6.581, 5.342, 6.71, 6.261, 6.489, 7.321, 7.645, 7.32, 8.151, 8.662, 8.028, 6.875, 5.541, 4.285, 2.356, 1.902, 2.017, 2.558, 3.375, 4.074, 8.928, 11.547, 10.336, 9.851, 10.207, 12.101, 11.726, 10.399, 12.483, 13.274], [15.526, 14.354, 15.257, 16.149, 13.461, 7.891, 7.232, 8.828, 5.827, 2.853, 2.625, 4.634, 5.045, 3.788, 3.337, 4.245, 3.672, 2.71, 2.855, 3.042, 2.078, 2.324, 2.523, 2.865, 3.139, 2.821, 1.8, 1.797, 4.096, 5.254, 4.745, 5.209, 5.107, 6.91, 7.895, 3.974, 2.045, 2.354, 2.26, 2.214, 2.917, 2.464, 1.952, 1.763, 1.232, 3.327, 4.323, 2.716, 0.0, 2.37, 2.587, 2.234, 1.683, 2.689, 2.931, 4.256, 4.477, 3.302, 4.121, 4.355, 3.577, 4.665, 6.939, 6.398, 5.422, 6.885, 6.354, 6.961, 7.564, 4.568, 3.531, 5.183, 4.512, 4.546, 5.497, 6.077, 5.808, 6.693, 7.131, 6.556, 5.244, 4.005, 2.494, 2.291, 2.906, 2.669, 2.225, 3.034, 4.559, 10.716, 13.779, 12.394, 12.062, 12.077, 13.646, 13.493, 11.851, 13.904, 14.713], [17.151, 15.972, 16.938, 17.807, 15.147, 9.555, 8.783, 10.378, 7.749, 4.616, 4.199, 6.511, 6.583, 5.472, 4.971, 6.118, 5.612, 4.214, 3.958, 4.119, 3.487, 3.352, 3.444, 4.403, 4.753, 4.359, 3.286, 2.853, 5.794, 6.974, 6.512, 6.931, 6.852, 8.544, 9.464, 5.627, 2.845, 2.747, 2.699, 1.938, 2.134, 1.899, 1.803, 2.585, 2.816, 5.121, 6.347, 4.616, 2.37, 0.0, 1.08, 1.212, 2.492, 2.531, 3.056, 3.534, 4.063, 4.064, 4.047, 4.228, 3.618, 3.667, 5.634, 5.108, 4.669, 5.271, 4.481, 5.336, 5.908, 2.973, 2.387, 3.475, 2.854, 2.867, 3.84, 4.617, 4.323, 4.978, 5.432, 5.179, 4.406, 3.806, 2.86, 3.635, 4.689, 4.542, 3.45, 3.818, 5.756, 12.238, 15.483, 14.033, 13.683, 13.611, 15.24, 14.943, 13.431, 15.537, 16.342], [17.321, 16.139, 17.1, 17.952, 15.292, 9.506, 8.902, 10.525, 7.738, 4.461, 4.563, 6.515, 6.647, 5.122, 4.534, 5.941, 5.396, 3.961, 3.35, 3.466, 2.969, 2.799, 3.063, 4.451, 4.889, 4.656, 3.573, 3.103, 6.028, 7.2, 6.57, 7.067, 7.087, 8.673, 9.57, 5.854, 2.803, 2.489, 2.478, 1.721, 1.471, 1.229, 1.604, 2.411, 2.647, 5.154, 6.206, 4.545, 2.587, 1.08, 0.0, 1.01, 2.248, 2.082, 2.661, 3.056, 3.607, 3.63, 3.703, 3.775, 3.091, 3.101, 5.322, 4.793, 4.208, 5.084, 4.496, 5.196, 5.783, 2.923, 2.103, 3.299, 2.893, 2.743, 3.73, 4.471, 4.162, 4.83, 5.329, 4.874, 4.204, 3.569, 2.631, 3.907, 4.983, 4.679, 3.403, 3.551, 6.251, 12.397, 15.469, 14.061, 13.77, 13.74, 15.338, 15.118, 13.615, 15.68, 16.487], [16.972, 15.804, 16.706, 17.579, 14.898, 9.413, 8.715, 10.354, 7.571, 4.268, 4.149, 6.299, 6.482, 5.104, 4.5, 5.889, 5.231, 3.853, 3.514, 3.674, 2.88, 2.796, 3.136, 4.266, 4.548, 4.154, 3.03, 2.724, 5.523, 6.674, 6.202, 6.632, 6.499, 8.254, 9.264, 5.348, 2.603, 2.367, 2.28, 1.745, 1.936, 1.443, 1.454, 2.324, 2.447, 5.001, 6.02, 4.391, 2.234, 1.212, 1.01, 0.0, 1.929, 2.15, 2.692, 3.266, 3.806, 3.609, 3.778, 3.816, 3.153, 3.527, 5.681, 5.11, 4.334, 5.438, 4.748, 5.472, 6.132, 3.211, 2.238, 3.709, 3.198, 3.081, 4.098, 4.754, 4.457, 5.234, 5.711, 5.149, 4.191, 3.449, 2.357, 3.585, 4.567, 4.3, 3.181, 3.315, 5.782, 12.09, 15.385, 13.937, 13.644, 13.475, 15.082, 14.814, 13.264, 15.318, 16.111], [16.623, 15.485, 16.438, 17.282, 14.665, 8.767, 8.03, 9.382, 6.272, 2.912, 3.628, 5.245, 5.626, 3.779, 2.881, 4.481, 4.076, 2.636, 2.477, 2.49, 1.925, 2.009, 2.198, 3.641, 4.274, 3.99, 2.859, 2.495, 5.311, 6.493, 5.93, 6.431, 6.296, 7.998, 9.007, 5.138, 1.854, 1.894, 2.01, 1.417, 2.505, 2.213, 1.589, 1.217, 1.479, 3.836, 4.91, 3.015, 1.683, 2.492, 2.248, 1.929, 0.0, 1.456, 1.95, 2.964, 3.266, 2.352, 2.926, 3.195, 2.345, 3.476, 5.738, 5.23, 4.417, 5.656, 5.67, 6.384, 6.588, 3.914, 2.718, 4.159, 3.619, 3.847, 4.654, 5.02, 4.63, 5.563, 6.023, 5.37, 4.161, 3.077, 1.765, 2.754, 3.39, 3.148, 1.982, 2.418, 5.27, 11.54, 14.326, 13.015, 12.468, 12.87, 14.747, 14.395, 13.04, 15.094, 15.887], [17.774, 16.634, 17.59, 18.43, 15.817, 9.894, 9.141, 10.4, 7.317, 4.024, 4.803, 6.414, 6.738, 4.745, 3.734, 5.585, 5.149, 3.61, 2.658, 2.845, 2.637, 2.369, 2.672, 4.776, 5.439, 5.198, 4.092, 3.478, 6.477, 7.649, 7.097, 7.599, 7.465, 9.163, 10.168, 6.338, 2.691, 1.861, 2.008, 1.241, 1.665, 2.114, 1.861, 1.851, 2.335, 4.989, 5.998, 3.998, 2.689, 2.531, 2.082, 2.15, 1.456, 0.0, 1.352, 2.067, 2.384, 1.928, 2.135, 2.143, 1.723, 2.373, 4.579, 4.169, 3.462, 4.554, 4.945, 5.395, 5.57, 2.872, 1.817, 3.017, 2.798, 3.04, 3.609, 3.885, 3.529, 4.378, 4.878, 4.201, 3.056, 2.368, 1.964, 4.004, 4.69, 4.408, 2.744, 2.915, 6.573, 12.707, 15.357, 14.112, 13.592, 14.003, 15.909, 15.547, 14.204, 16.258, 17.051], [17.882, 16.744, 17.711, 18.554, 15.937, 10.083, 9.355, 10.717, 7.394, 4.211, 4.861, 6.508, 6.957, 4.901, 3.808, 5.789, 5.207, 3.772, 2.72, 3.091, 2.638, 2.39, 2.738, 4.896, 5.532, 5.178, 4.12, 3.55, 6.576, 7.736, 7.194, 7.695, 7.582, 9.274, 10.238, 6.451, 3.066, 2.294, 2.161, 1.551, 1.737, 2.595, 2.145, 2.281, 2.592, 5.083, 6.144, 4.233, 2.931, 3.056, 2.661, 2.692, 1.95, 1.352, 0.0, 1.579, 1.76, 1.565, 1.562, 2.022, 1.884, 2.152, 4.448, 3.874, 2.973, 4.554, 5.376, 5.341, 5.217, 2.743, 2.222, 3.15, 2.68, 2.876, 3.479, 3.966, 3.421, 4.333, 4.904, 4.131, 2.909, 2.129, 2.057, 4.048, 4.667, 4.408, 2.723, 3.041, 6.696, 12.838, 15.658, 14.343, 13.76, 14.191, 15.979, 15.678, 14.286, 16.34, 17.133], [19.209, 18.047, 19.052, 19.893, 17.279, 11.318, 10.572, 11.712, 8.712, 5.479, 6.257, 7.926, 8.104, 6.19, 4.933, 6.995, 6.536, 4.916, 3.849, 3.994, 4.003, 3.656, 4.076, 6.252, 6.914, 6.534, 5.457, 4.926, 7.97, 9.15, 8.595, 9.105, 9.002, 10.694, 11.584, 7.812, 4.073, 3.29, 3.112, 2.427, 2.179, 3.262, 3.166, 3.236, 3.947, 6.423, 7.466, 5.425, 4.256, 3.534, 3.056, 3.266, 2.964, 2.067, 1.579, 0.0, 1.029, 1.944, 1.359, 1.52, 2.059, 1.168, 3.314, 2.879, 2.286, 3.718, 5.132, 4.82, 4.401, 2.571, 2.147, 2.375, 2.734, 2.732, 2.866, 3.401, 2.668, 3.162, 4.027, 3.138, 2.396, 2.305, 3.111, 5.248, 5.974, 5.652, 3.922, 3.611, 7.787, 14.193, 16.728, 15.539, 14.944, 15.48, 17.313, 17.002, 15.638, 17.714, 18.522], [19.349, 18.196, 19.197, 20.035, 17.422, 11.456, 10.685, 11.749, 8.849, 5.595, 6.365, 8.077, 8.245, 6.306, 5.075, 7.137, 6.75, 5.147, 3.989, 4.184, 4.209, 3.769, 4.179, 6.358, 7.031, 6.675, 5.636, 5.025, 8.077, 9.253, 8.699, 9.208, 9.106, 10.797, 11.7, 7.987, 4.389, 3.669, 3.429, 2.805, 2.435, 3.627, 3.32, 3.394, 4.06, 6.582, 7.621, 5.552, 4.477, 4.063, 3.607, 3.806, 3.266, 2.384, 1.76, 1.029, 0.0, 1.97, 1.1, 1.457, 2.034, 1.68, 3.3, 3.028, 2.414, 3.946, 5.38, 5.12, 4.642, 3.077, 2.564, 3.025, 3.3, 3.367, 3.32, 3.595, 2.905, 3.415, 4.251, 3.311, 2.513, 2.611, 3.45, 5.463, 6.145, 5.