[[0.0, 4.737, 5.566, 7.378, 7.201, 6.794, 8.274, 9.35, 7.977, 9.022, 11.092, 11.889, 11.838, 11.888, 11.729, 12.292, 13.211, 13.953, 14.231, 14.953, 14.972, 14.601, 14.834, 15.696, 16.872, 17.926, 19.191, 20.215, 19.93, 19.886, 19.228, 17.566, 15.59, 16.323, 17.967, 17.637, 17.197, 15.495, 16.094, 16.994, 16.606, 16.03, 14.035, 12.217, 12.656, 13.123, 11.502, 13.047, 16.542, 19.976, 21.541, 20.9, 17.51, 14.574, 13.379, 15.034, 15.891, 16.06, 16.01, 17.14, 17.539, 16.364, 15.198, 14.588, 15.358, 15.969, 15.329, 16.11, 16.418, 15.167, 14.322, 13.163, 11.734, 9.237, 5.15, 3.692, 5.122, 4.032, 3.784, 6.322, 10.453, 12.264, 12.91, 13.551, 14.748, 14.855, 15.118, 16.853, 18.4, 19.462, 19.499, 18.423, 17.523, 17.888, 18.95, 22.031, 24.227, 24.432, 26.36, 27.889, 28.872, 29.091, 28.75, 28.611, 27.876, 26.405, 24.538, 21.632, 18.299, 15.256, 12.296, 10.856, 10.394, 10.069, 10.387, 11.159, 9.805, 9.321, 7.496, 5.392, 4.447, 1.645, 1.939, 5.282, 7.867, 8.639, 9.347, 11.059, 11.888, 11.142, 10.372, 9.892, 10.201, 11.322, 12.563, 13.304, 15.131, 15.637, 15.579, 18.653, 20.497, 20.954, 19.811, 18.247, 17.732, 16.588], [4.737, 0.0, 1.466, 3.319, 3.341, 2.464, 4.078, 4.948, 3.749, 4.514, 6.617, 7.972, 7.953, 7.949, 7.857, 8.011, 8.997, 9.727, 9.829, 10.359, 10.407, 10.021, 10.281, 11.292, 12.357, 13.318, 14.578, 15.604, 15.318, 15.306, 14.76, 13.035, 11.293, 11.837, 13.362, 13.028, 12.58, 10.915, 11.487, 12.378, 11.989, 11.413, 9.421, 7.698, 8.662, 9.231, 7.204, 8.605, 12.068, 15.388, 16.925, 16.283, 12.945, 9.978, 8.763, 10.418, 11.274, 11.468, 11.41, 12.527, 12.936, 11.779, 10.825, 10.112, 10.741, 11.353, 10.775, 11.494, 11.884, 10.588, 9.765, 8.591, 7.319, 5.121, 1.867, 2.57, 1.948, 2.225, 2.451, 2.161, 5.861, 7.674, 8.342, 9.01, 10.34, 10.488, 10.59, 12.314, 13.834, 15.007, 14.951, 13.889, 12.956, 13.292, 14.355, 17.455, 19.643, 19.824, 21.766, 23.305, 24.264, 24.483, 24.142, 24.013, 23.263, 21.788, 19.925, 17.016, 13.683, 10.64, 7.68, 6.493, 5.841, 5.491, 5.775, 6.577, 5.273, 4.785, 2.963, 1.467, 1.588, 3.616, 3.5, 2.048, 3.534, 4.023, 4.793, 6.434, 7.312, 6.526, 5.756, 5.28, 5.781, 6.893, 8.091, 8.706, 10.532, 11.099, 11.006, 14.04, 15.892, 16.365, 15.198, 13.634, 13.116, 11.988], [5.566, 1.466, 0.0, 2.273, 2.277, 1.626, 3.184, 4.064, 3.532, 3.84, 5.934, 7.627, 7.72, 7.665, 7.482, 7.385, 8.077, 8.802, 8.891, 9.506, 9.526, 9.222, 9.46, 10.381, 11.487, 12.488, 13.74, 14.768, 14.48, 14.438, 13.861, 12.248, 10.543, 10.951, 12.561, 12.254, 11.75, 10.048, 10.647, 11.548, 11.159, 10.583, 8.589, 7.029, 8.385, 8.732, 6.837, 7.742, 11.171, 14.53, 16.095, 15.453, 12.033, 9.128, 8.237, 9.588, 10.444, 10.616, 10.56, 11.689, 12.089, 10.94, 9.926, 9.218, 9.911, 10.523, 9.909, 10.663, 11.018, 9.725, 8.891, 7.794, 6.734, 4.527, 2.122, 3.062, 2.375, 2.704, 2.841, 1.865, 5.006, 6.815, 7.433, 8.083, 9.395, 9.55, 9.704, 11.453, 13.0, 14.117, 14.113, 13.039, 12.118, 12.447, 13.509, 16.585, 18.804, 18.971, 20.906, 22.466, 23.412, 23.631, 23.289, 23.152, 22.425, 20.958, 19.087, 16.186, 12.853, 9.809, 6.849, 5.582, 4.942, 4.68, 5.084, 5.805, 4.464, 3.996, 2.21, 1.697, 2.138, 4.602, 4.407, 1.694, 2.686, 3.3, 4.054, 5.634, 6.529, 5.705, 4.925, 4.452, 4.846, 5.962, 7.23, 7.871, 9.702, 10.222, 10.141, 13.201, 15.046, 15.509, 14.36, 12.796, 12.286, 11.158], [7.378, 3.319, 2.273, 0.0, 1.391, 1.331, 1.885, 3.098, 2.987, 3.32, 5.02, 6.623, 6.592, 6.641, 6.733, 6.087, 6.568, 6.977, 7.017, 7.632, 7.657, 7.375, 7.891, 8.397, 9.563, 10.945, 11.946, 12.887, 12.628, 12.567, 11.941, 10.523, 8.788, 9.133, 10.923, 10.76, 9.875, 8.186, 8.772, 9.672, 9.283, 8.708, 6.98, 6.627, 7.466, 7.416, 6.718, 6.699, 9.302, 12.745, 14.457, 13.621, 10.167, 7.793, 7.437, 7.858, 8.608, 8.73, 8.687, 9.81, 10.209, 9.041, 8.097, 7.513, 8.049, 8.647, 8.131, 8.925, 9.125, 7.847, 6.999, 6.893, 6.456, 4.4, 3.556, 4.405, 3.359, 4.272, 4.654, 3.125, 3.188, 4.98, 5.536, 6.243, 7.477, 7.582, 7.969, 9.809, 11.116, 12.162, 12.19, 11.106, 10.202, 10.563, 11.626, 14.712, 16.919, 17.112, 19.041, 20.583, 21.553, 21.772, 21.431, 21.292, 20.547, 19.081, 17.208, 14.31, 10.977, 7.934, 4.993, 3.7, 3.218, 3.11, 3.277, 3.941, 2.601, 2.229, 1.386, 2.782, 3.431, 6.358, 6.191, 2.642, 1.82, 1.964, 2.372, 3.81, 4.86, 4.151, 3.083, 3.109, 3.521, 4.378, 5.32, 6.278, 7.824, 8.358, 8.27, 11.345, 13.167, 13.625, 12.482, 10.918, 10.41, 9.258], [7.201, 3.341, 2.277, 1.391, 0.0, 1.413, 1.756, 2.965, 2.9, 3.169, 4.851, 6.433, 6.361, 6.343, 6.533, 5.97, 6.481, 7.157, 7.394, 7.933, 7.947, 7.74, 8.001, 8.719, 9.882, 11.097, 12.199, 13.19, 12.93, 12.889, 12.212, 10.73, 9.008, 9.35, 11.047, 10.866, 10.172, 8.48, 9.069, 9.97, 9.581, 9.005, 7.012, 6.341, 7.404, 7.303, 6.293, 6.369, 9.522, 12.951, 14.552, 13.875, 10.58, 7.657, 7.287, 8.021, 8.866, 9.049, 9.011, 10.122, 10.528, 9.339, 8.24, 7.701, 8.333, 8.945, 8.305, 9.091, 9.412, 8.148, 7.351, 6.745, 6.194, 3.966, 3.482, 4.019, 3.1, 4.105, 4.32, 3.149, 3.578, 5.385, 5.983, 6.702, 7.893, 7.949, 8.186, 9.882, 11.409, 12.462, 12.498, 11.426, 10.532, 10.88, 11.938, 15.034, 17.229, 17.434, 19.363, 20.891, 21.875, 22.094, 21.752, 21.613, 20.856, 19.38, 17.527, 14.625, 11.275, 8.231, 5.271, 3.837, 3.513, 3.126, 3.494, 4.197, 2.909, 2.418, 1.891, 2.829, 3.433, 6.115, 5.913, 2.364, 1.801, 1.801, 2.316, 4.027, 5.13, 4.284, 3.401, 3.154, 3.553, 4.449, 5.617, 6.317, 8.176, 8.613, 8.574, 11.651, 13.515, 13.987, 12.8, 11.23, 10.707, 9.577], [6.794, 2.464, 1.626, 1.331, 1.413, 0.0, 2.031, 3.088, 2.706, 3.075, 4.969, 6.67, 6.653, 6.612, 6.675, 6.351, 6.943, 7.571, 7.658, 8.209, 8.226, 7.975, 8.262, 9.074, 10.189, 11.365, 12.462, 13.469, 13.207, 13.165, 12.514, 11.001, 9.297, 9.661, 11.346, 11.124, 10.451, 8.749, 9.348, 10.249, 9.86, 9.284, 7.289, 6.336, 7.608, 7.656, 6.427, 6.527, 9.824, 13.23, 14.823, 14.154, 10.856, 7.848, 7.388, 8.295, 9.145, 9.327, 9.29, 10.401, 10.807, 9.618, 8.58, 8.017, 8.612, 9.224, 8.584, 9.364, 9.695, 8.422, 7.612, 6.846, 6.2, 4.057, 2.571, 3.638, 2.623, 3.464, 3.751, 2.154, 3.836, 5.644, 6.256, 6.962, 8.157, 8.247, 8.451, 10.159, 11.682, 12.778, 12.774, 11.721, 10.793, 11.155, 12.217, 15.31, 17.505, 17.71, 19.639, 21.167, 22.151, 22.37, 22.029, 21.89, 21.135, 19.659, 17.806, 14.886, 11.554, 8.51, 5.55, 4.201, 3.764, 3.364, 3.778, 4.501, 3.158, 2.717, 1.194, 2.006, 2.745, 5.69, 5.577, 2.014, 1.673, 2.006, 2.672, 4.325, 5.361, 4.538, 3.626, 3.229, 3.78, 4.732, 5.935, 6.573, 8.45, 8.892, 8.852, 11.92, 13.775, 14.248, 13.079, 11.509, 10.986, 9.856], [8.274, 4.078, 3.184, 1.885, 1.756, 2.031, 0.0, 1.518, 1.829, 1.954, 3.491, 5.153, 5.074, 5.149, 5.329, 4.663, 5.148, 5.805, 6.099, 6.7, 6.72, 6.523, 6.682, 7.508, 8.701, 9.792, 10.959, 11.963, 11.729, 11.649, 10.964, 9.532, 7.722, 8.203, 9.811, 9.527, 8.945, 7.249, 7.842, 8.742, 8.353, 7.777, 5.785, 5.089, 6.04, 5.957, 5.241, 5.068, 8.291, 11.724, 13.289, 12.647, 9.313, 6.395, 5.871, 6.819, 7.638, 7.815, 7.79, 8.895, 9.295, 8.111, 6.976, 6.45, 7.105, 7.717, 7.077, 7.858, 8.196, 6.928, 6.078, 5.347, 4.944, 2.897, 3.892, 5.087, 3.828, 4.73, 4.993, 3.166, 2.337, 4.076, 4.727, 5.404, 6.585, 6.648, 6.903, 8.62, 10.149, 11.236, 11.26, 10.186, 9.274, 9.642, 10.701, 13.794, 15.99, 16.195, 18.123, 19.652, 20.636, 20.854, 20.513, 20.374, 19.629, 18.153, 16.294, 13.38, 10.047, 7.013, 4.098, 2.692, 2.302, 2.106, 2.888, 3.496, 2.172, 1.945, 2.254, 3.484, 4.272, 7.214, 7.095, 3.498, 1.266, 1.36, 2.247, 3.327, 3.857, 3.003, 2.308, 2.091, 2.175, 3.158, 4.452, 5.053, 6.904, 7.385, 7.327, 10.408, 12.253, 12.71, 11.567, 10.003, 9.48, 8.344], [9.35, 4.948, 4.064, 3.098, 2.965, 3.088, 1.518, 0.0, 1.789, 1.607, 2.385, 4.402, 4.308, 4.414, 4.568, 3.73, 4.34, 4.979, 5.116, 5.694, 5.738, 5.515, 5.66, 6.629, 7.716, 8.708, 9.941, 10.956, 10.701, 10.647, 10.024, 8.556, 6.826, 7.258, 8.829, 8.492, 7.938, 6.255, 6.835, 7.736, 7.347, 6.771, 4.835, 4.053, 4.994, 5.128, 4.424, 4.192, 7.352, 10.717, 12.282, 11.641, 8.299, 5.513, 4.727, 5.784, 6.632, 6.808, 6.785, 7.888, 8.287, 7.105, 6.083, 5.508, 6.099, 6.72, 6.071, 6.851, 7.193, 5.908, 5.088, 4.412, 4.147, 2.318, 4.71, 6.117, 4.839, 5.754, 6.009, 4.06, 1.894, 3.084, 3.699, 4.363, 5.558, 5.654, 5.976, 7.618, 9.18, 10.289, 10.266, 9.192, 8.287, 8.624, 9.685, 12.785, 14.98, 15.185, 17.114, 18.642, 19.625, 19.841, 19.504, 19.365, 18.622, 17.146, 15.286, 12.373, 9.04, 6.029, 3.189, 1.965, 1.627, 1.628, 2.678, 3.281, 2.496, 2.217, 3.405, 4.515, 5.335, 8.31, 8.191, 4.499, 1.847, 1.892, 2.576, 2.67, 3.05, 2.134, 1.843, 1.746, 1.528, 2.198, 3.466, 4.096, 5.888, 6.378, 6.334, 9.407, 11.245, 11.707, 10.559, 8.995, 8.473, 7.336], [7.977, 3.749, 3.532, 2.987, 2.9, 2.706, 1.829, 1.789, 0.0, 1.494, 3.242, 4.696, 4.62, 4.563, 4.74, 4.553, 5.627, 6.359, 6.5, 7.133, 7.153, 6.79, 7.014, 7.998, 9.077, 10.115, 11.384, 12.395, 12.123, 12.087, 11.425, 9.811, 7.976, 8.576, 10.189, 9.817, 9.377, 7.675, 8.275, 9.175, 8.786, 8.21, 6.216, 4.566, 5.294, 5.913, 4.5, 5.207, 8.747, 12.156, 13.722, 13.08, 9.772, 6.755, 5.559, 7.215, 8.071, 8.252, 8.217, 9.327, 9.731, 8.544, 7.446, 6.825, 7.538, 8.15, 7.51, 8.29, 8.619, 7.348, 6.502, 5.343, 4.364, 2.529, 3.844, 4.835, 3.498, 4.532, 5.16, 3.612, 2.905, 4.553, 5.172, 5.861, 7.054, 7.106, 7.36, 9.053, 10.578, 11.721, 11.697, 10.625, 9.708, 10.076, 11.133, 14.233, 16.428, 16.633, 18.562, 20.09, 21.073, 21.29, 20.951, 20.812, 20.062, 18.585, 16.73, 13.813, 10.48, 7.437, 4.48, 3.136, 2.808, 2.761, 3.65, 4.275, 3.376, 2.968, 3.218, 3.387, 3.929, 6.866, 6.765, 3.292, 2.119, 2.621, 3.488, 4.103, 4.165, 3.532, 3.031, 2.361, 2.626, 3.612, 4.829, 5.475, 7.364, 7.818, 7.76, 10.845, 12.689, 13.147, 12.004, 10.435, 9.913, 8.78], [9.022, 4.514, 3.84, 3.32, 3.169, 3.075, 1.954, 1.607, 1.494, 0.0, 2.682, 4.277, 4.45, 4.428, 4.57, 4.147, 4.877, 5.634, 5.73, 6.087, 5.966, 5.918, 5.935, 7.039, 8.151, 9.029, 10.201, 11.255, 10.932, 10.904, 10.565, 8.893, 7.22, 7.587, 8.997, 8.772, 8.227, 6.725, 7.154, 7.981, 7.584, 7.04, 5.118, 3.79, 5.302, 5.602, 4.05, 4.566, 7.755, 10.971, 12.593, 11.878, 8.773, 5.634, 4.673, 6.012, 6.869, 7.071, 7.014, 8.125, 8.531, 7.465, 6.51, 5.847, 6.336, 6.947, 6.448, 7.124, 7.628, 6.304, 5.422, 4.255, 3.423, 1.705, 4.154, 5.728, 4.5, 5.474, 5.611, 3.544, 2.447, 3.612, 4.186, 4.96, 6.284, 6.397, 6.469, 8.046, 9.55, 10.621, 10.599, 9.524, 8.693, 9.01, 10.05, 13.08, 15.303, 15.469, 17.396, 18.976, 19.905, 20.127, 19.787, 19.632, 18.866, 17.383, 15.542, 12.61, 9.277, 6.275, 3.487, 2.52, 2.192, 2.218, 3.191, 3.859, 2.98, 2.583, 3.123, 3.713, 4.77, 7.716, 7.597, 3.913, 2.247, 2.394, 3.366, 3.505, 3.433, 2.798, 2.417, 1.717, 2.107, 2.775, 3.737, 4.543, 6.323, 6.841, 6.638, 9.748, 11.531, 12.046, 10.822, 9.283, 8.813, 7.62], [11.092, 6.617, 5.934, 5.02, 4.851, 4.969, 3.491, 2.385, 3.242, 2.682, 0.0, 2.318, 2.353, 2.455, 2.623, 1.958, 2.642, 3.341, 3.373, 3.911, 3.995, 3.627, 3.827, 4.868, 5.898, 6.895, 8.175, 9.173, 8.901, 8.873, 8.276, 6.647, 4.914, 5.445, 6.991, 6.625, 6.155, 4.509, 5.052, 5.953, 5.564, 4.988, 3.003, 1.975, 2.905, 3.193, 2.422, 2.473, 5.61, 8.934, 10.499, 9.858, 6.571, 3.616, 2.585, 3.992, 4.849, 5.033, 5.024, 6.105, 6.51, 5.322, 4.357, 3.679, 4.316, 4.932, 4.299, 5.068, 5.424, 4.143, 3.535, 2.547, 2.5, 2.807, 6.308, 7.692, 6.393, 7.312, 7.696, 5.886, 3.293, 2.405, 2.321, 2.688, 3.873, 4.007, 4.211, 5.859, 7.38, 8.554, 8.518, 7.433, 6.543, 6.871, 7.928, 11.014, 13.209, 13.414, 15.343, 16.871, 17.852, 18.068, 17.732, 17.593, 16.839, 15.363, 13.509, 10.628, 7.274, 4.435, 3.059, 2.906, 2.655, 3.157, 4.1, 4.759, 4.312, 4.255, 5.326, 6.195, 6.978, 9.958, 9.834, 6.142, 3.645, 3.828, 4.249, 3.734, 2.891, 2.356, 3.414, 2.865, 2.185, 1.907, 2.116, 2.635, 4.155, 4.619, 4.551, 7.703, 9.545, 10.004, 8.814, 7.213, 6.69, 5.559], [11.889, 7.972, 7.627, 6.623, 6.433, 6.67, 5.153, 4.402, 4.696, 4.277, 2.318, 0.0, 1.106, 1.113, 1.401, 1.816, 2.414, 3.061, 3.175, 3.632, 3.578, 3.144, 3.221, 3.974, 5.01, 6.108, 7.463, 8.458, 8.084, 8.054, 7.5, 6.0, 3.957, 4.556, 6.114, 5.772, 5.338, 3.701, 4.274, 5.137, 4.781, 4.466, 2.459, 1.85, 1.75, 2.108, 2.45, 2.34, 4.927, 8.124, 9.672, 9.051, 5.812, 3.289, 2.424, 3.383, 4.022, 4.225, 4.397, 5.313, 5.751, 4.512, 3.395, 2.859, 3.814, 4.161, 3.791, 4.586, 4.712, 4.06, 3.669, 2.919, 3.19, 4.617, 8.041, 8.463, 7.097, 8.13, 9.121, 7.674, 5.323, 4.128, 3.271, 3.368, 3.569, 3.389, 3.556, 5.09, 6.558, 7.636, 7.706, 6.648, 5.772, 6.224, 7.288, 10.345, 12.39, 12.595, 14.524, 16.055, 17.036, 17.255, 16.913, 16.771, 16.012, 14.536, 12.7, 10.061, 7.198, 4.675, 4.641, 4.433, 4.572, 5.032, 5.882, 6.158, 6.29, 6.169, 7.105, 7.431, 7.938, 10.683, 10.597, 7.452, 5.436, 5.707, 6.256, 5.024, 3.599, 3.901, 5.252, 4.518, 4.115, 3.645, 3.209, 3.412, 3.972, 4.027, 3.889, 7.14, 8.993, 9.382, 8.338, 6.594, 6.059, 4.795], [11.838, 7.953, 7.72, 6.592, 6.361, 6.653, 5.074, 4.308, 4.62, 4.45, 2.353, 1.106, 0.0, 0.82, 1.166, 1.429, 2.033, 2.813, 2.952, 3.722, 3.464, 3.172, 3.748, 4.254, 5.248, 6.352, 7.693, 8.695, 8.321, 8.241, 7.647, 6.295, 4.29, 4.809, 6.307, 5.98, 5.531, 3.909, 4.531, 5.31, 5.056, 4.863, 2.823, 1.984, 1.993, 2.068, 2.43, 2.261, 5.128, 8.324, 9.801, 9.268, 6.032, 3.103, 2.271, 3.466, 4.191, 4.362, 4.553, 5.504, 5.993, 4.72, 3.619, 3.2, 4.056, 4.403, 3.848, 4.644, 4.996, 4.096, 3.793, 2.94, 3.101, 4.799, 8.223, 8.521, 7.047, 8.11, 9.216, 7.852, 5.307, 4.17, 3.338, 3.406, 3.569, 3.514, 3.488, 5.115, 6.666, 7.787, 7.878, 6.884, 6.03, 6.518, 7.581, 10.55, 12.546, 12.75, 14.641, 16.162, 17.134, 17.353, 17.03, 16.877, 16.122, 14.725, 12.891, 10.409, 7.564, 5.026, 4.891, 4.563, 4.598, 5.096, 5.987, 6.531, 6.34, 6.218, 7.186, 7.597, 7.995, 10.825, 10.646, 7.593, 5.483, 5.72, 6.282, 5.367, 4.136, 3.97, 5.3, 4.611, 4.031, 3.641, 3.294, 3.359, 3.919, 4.143, 4.172, 7.46, 9.292, 9.695, 8.672, 6.908, 6.361, 5.076], [11.888, 7.949, 7.665, 6.641, 6.343, 6.612, 5.149, 4.414, 4.563, 4.428, 2.455, 1.113, 0.82, 0.0, 0.87, 1.349, 2.044, 2.856, 3.051, 3.835, 3.52, 3.235, 3.812, 4.245, 5.247, 6.338, 7.659, 8.699, 8.276, 8.181, 7.628, 6.238, 4.237, 4.851, 6.328, 5.988, 5.558, 3.943, 4.558, 5.333, 5.06, 4.876, 2.899, 1.829, 1.945, 2.127, 2.243, 2.237, 5.174, 8.344, 9.852, 9.285, 6.054, 3.218, 2.422, 3.57, 4.201, 4.376, 4.578, 5.506, 5.982, 4.817, 3.633, 3.2, 4.123, 4.448, 3.908, 4.729, 4.973, 4.196, 3.921, 3.004, 3.136, 4.738, 8.16, 8.496, 7.033, 8.056, 9.148, 7.795, 5.439, 4.28, 3.424, 3.411, 3.629, 3.498, 3.454, 5.121, 6.651, 7.724, 7.855, 6.824, 5.94, 6.445, 7.508, 10.519, 12.514, 12.719, 14.627, 16.157, 17.136, 17.353, 17.022, 16.878, 16.144, 14.7, 12.848, 10.464, 7.644, 5.131, 5.1, 4.775, 4.732, 5.223, 6.179, 6.679, 6.474, 6.352, 7.196, 7.531, 7.997, 10.802, 10.696, 7.518, 5.592, 5.854, 6.428, 5.484, 4.227, 4.13, 5.434, 4.565, 4.062, 3.707, 3.321, 3.43, 3.986, 4.194, 4.187, 7.415, 9.259, 9.655, 8.614, 6.881, 6.37, 5.035], [11.729, 7.857, 7.482, 6.733, 6.533, 6.675, 5.329, 4.568, 4.74, 4.57, 2.623, 1.401, 1.166, 0.87, 0.0, 1.523, 2.192, 2.911, 3.019, 3.861, 3.62, 3.298, 3.87, 4.395, 5.422, 6.52, 7.843, 8.866, 8.471, 8.41, 7.818, 6.425, 4.366, 4.966, 6.429, 6.134, 5.698, 4.122, 4.715, 5.491, 5.201, 4.98, 2.985, 1.739, 2.043, 2.176, 1.967, 2.226, 5.329, 8.49, 9.976, 9.444, 6.129, 3.297, 2.476, 3.691, 4.364, 4.566, 4.699, 5.642, 6.163, 4.951, 3.83, 3.289, 4.188, 4.6, 4.034, 4.831, 5.123, 4.292, 4.053, 3.067, 2.952, 4.687, 8.123, 8.486, 7.014, 8.058, 9.238, 7.741, 5.555, 4.415, 3.559, 3.404, 3.64, 3.505, 3.607, 5.286, 6.808, 7.937, 8.054, 7.014, 6.165, 6.614, 7.672, 10.66, 12.705, 12.891, 14.811, 16.317, 17.294, 17.51, 17.178, 17.042, 16.302, 14.878, 13.023, 10.565, 7.731, 5.385, 5.333, 5.023, 4.87, 5.431, 6.427, 6.936, 6.674, 6.557, 7.327, 7.546, 7.977, 10.778, 10.617, 7.542, 5.761, 6.055, 6.663, 5.747, 4.503, 4.353, 5.63, 4.727, 4.222, 3.914, 3.516, 3.48, 4.065, 4.343, 4.345, 7.578, 9.428, 9.823, 8.762, 7.018, 6.488, 5.23], [12.292, 8.011, 7.385, 6.087, 5.97, 6.351, 4.663, 3.73, 4.553, 4.147, 1.958, 1.816, 1.429, 1.349, 1.523, 0.0, 1.477, 2.046, 2.293, 3.204, 3.058, 2.767, 3.267, 3.886, 4.847, 5.985, 7.327, 8.336, 7.871, 7.816, 7.292, 5.901, 3.991, 4.389, 5.857, 5.586, 5.091, 3.501, 4.112, 4.871, 4.611, 4.433, 2.445, 1.984, 2.3, 2.307, 2.306, 2.099, 4.705, 7.855, 9.358, 8.817, 5.55, 2.758, 2.093, 3.052, 3.777, 4.003, 4.186, 5.127, 5.629, 4.393, 3.214, 2.759, 3.573, 3.994, 3.433, 4.219, 4.586, 3.789, 3.55, 3.03, 3.127, 4.503, 7.936, 8.918, 7.527, 8.441, 9.045, 7.556, 4.593, 3.456, 2.661, 2.685, 3.135, 3.08, 3.05, 4.693, 6.219, 7.352, 7.504, 6.468, 5.6, 6.106, 7.171, 10.148, 12.126, 12.306, 14.224, 15.719, 16.703, 16.92, 16.58, 16.45, 15.698, 14.278, 12.445, 10.001, 7.183, 4.661, 4.208, 3.912, 3.961, 4.439, 5.345, 5.869, 5.674, 5.553, 6.753, 7.512, 8.319, 11.239, 11.145, 7.525, 5.076, 5.135, 5.641, 4.745, 3.644, 3.297, 4.657, 4.179, 3.497, 2.998, 2.694, 2.741, 3.309, 3.727, 3.772, 7.038, 8.891, 9.275, 8.25, 6.496, 5.96, 4.694], [13.211, 8.997, 8.077, 6.568, 6.481, 6.943, 5.148, 4.34, 5.627, 4.877, 2.642, 2.414, 2.033, 2.044, 2.192, 1.477, 0.0, 1.33, 1.61, 2.442, 2.152, 2.147, 2.68, 2.953, 3.919, 5.043, 6.358, 7.344, 6.83, 6.789, 6.342, 5.078, 3.276, 3.551, 5.055, 4.737, 4.198, 2.728, 3.111, 3.978, 3.837, 3.848, 1.947, 2.236, 2.568, 1.992, 2.694, 2.065, 3.727, 6.837, 8.372, 7.751, 4.579, 2.02, 1.835, 2.247, 2.87, 3.287, 3.402, 4.221, 4.671, 3.61, 2.333, 2.09, 2.814, 3.014, 2.516, 3.255, 3.632, 3.062, 3.195, 2.973, 3.273, 5.043, 8.765, 9.802, 8.451, 9.305, 9.679, 8.125, 4.606, 3.449, 2.714, 2.372, 2.662, 2.312, 2.251, 3.768, 5.255, 6.303, 6.546, 5.503, 4.622, 5.203, 6.344, 9.249, 11.154, 11.313, 13.226, 14.748, 15.718, 15.937, 15.595, 15.508, 14.734, 13.289, 11.561, 9.132, 6.386, 4.224, 4.119, 3.776, 4.094, 4.585, 5.206, 5.8, 5.695, 5.715, 7.053, 8.477, 9.234, 12.161, 12.029, 8.45, 5.7, 5.451, 5.705, 4.771, 3.683, 3.321, 4.804, 4.524, 3.765, 3.071, 2.478, 2.212, 2.695, 2.754, 2.782, 6.071, 7.904, 8.306, 7.279, 5.525, 4.973, 3.699], [13.953, 9.727, 8.802, 6.977, 7.157, 7.571, 5.805, 4.979, 6.359, 5.634, 3.341, 3.061, 2.813, 2.856, 2.911, 2.046, 1.33, 0.0, 0.929, 1.694, 1.509, 1.465, 2.186, 2.3, 3.224, 4.392, 5.585, 6.526, 6.066, 5.997, 5.506, 4.38, 2.699, 2.823, 4.36, 4.164, 3.591, 2.331, 2.679, 3.43, 3.48, 3.474, 2.195, 3.01, 3.121, 2.277, 3.321, 2.455, 2.936, 6.16, 7.772, 7.032, 3.742, 2.129, 2.186, 1.785, 2.512, 2.7, 2.941, 3.559, 3.918, 3.056, 1.989, 1.811, 2.16, 2.397, 1.944, 2.513, 2.883, 2.662, 3.143, 3.519, 3.983, 5.757, 9.53, 10.59, 9.223, 10.107, 10.526, 8.866, 4.675, 3.196, 2.477, 2.167, 2.019, 1.918, 2.051, 3.41, 4.791, 5.559, 5.745, 4.703, 4.021, 4.642, 5.655, 8.479, 10.328, 10.525, 12.437, 13.963, 14.947, 15.166, 14.824, 14.693, 13.945, 12.478, 10.847, 8.455, 5.75, 3.863, 3.851, 3.81, 4.482, 5.011, 5.044, 5.335, 5.692, 5.903, 7.585, 9.234, 9.998, 12.933, 12.824, 9.207, 6.443, 5.998, 5.973, 4.443, 3.642, 3.685, 5.081, 5.048, 4.364, 3.337, 2.393, 2.212, 1.923, 2.017, 2.13, 5.304, 7.098, 7.528, 6.522, 4.767, 4.196, 2.943], [14.231, 9.829, 8.891, 7.017, 7.394, 7.658, 6.099, 5.116, 6.5, 5.73, 3.373, 3.175, 2.952, 3.051, 3.019, 2.293, 1.61, 0.929, 0.0, 1.225, 1.192, 1.013, 1.888, 2.225, 2.87, 4.102, 5.251, 6.159, 5.766, 5.719, 5.137, 4.051, 2.386, 2.54, 4.124, 3.915, 3.216, 2.068, 2.347, 3.124, 3.05, 2.978, 2.041, 2.846, 3.075, 2.293, 3.205, 2.297, 2.741, 5.916, 7.593, 6.738, 3.367, 2.103, 2.128, 1.577, 2.336, 2.451, 2.496, 3.178, 3.548, 2.651, 2.089, 1.549, 1.77, 2.18, 1.722, 2.238, 2.525, 2.329, 2.872, 3.281, 3.857, 5.877, 9.59, 10.9, 9.533, 10.417, 10.796, 8.958, 4.673, 3.113, 2.383, 2.054, 1.765, 1.772, 2.092, 3.509, 4.65, 5.345, 5.385, 4.324, 3.663, 4.168, 5.235, 8.068, 10.04, 10.266, 12.171, 13.699, 14.683, 14.902, 14.56, 14.426, 13.676, 12.208, 10.506, 7.965, 5.241, 3.446, 3.838, 3.987, 4.465, 5.078, 4.991, 5.218, 5.727, 5.972, 7.652, 9.358, 10.216, 13.192, 13.071, 9.38, 6.564, 6.108, 6.045, 4.44, 3.585, 3.741, 5.068, 5.179, 4.438, 3.413, 2.376, 2.123, 1.847, 1.697, 1.946, 4.879, 6.709, 7.116, 6.075, 4.326, 3.782, 2.55], [14.953, 10.359, 9.506, 7.632, 7.933, 8.209, 6.7, 5.694, 7.133, 6.087, 3.911, 3.632, 3.722, 3.835, 3.861, 3.204, 2.442, 1.694, 1.225, 0.0, 0.936, 1.13, 1.792, 2.07, 2.738, 3.782, 4.629, 5.291, 5.156, 4.984, 4.644, 3.837, 2.422, 2.387, 3.911, 3.709, 2.64, 2.034, 1.854, 2.593, 2.492, 2.366, 1.95, 3.212, 3.725, 2.869, 3.697, 2.592, 2.463, 5.402, 7.223, 6.221, 2.874, 2.141, 2.384, 1.373, 2.104, 1.953, 1.979, 2.648, 2.79, 2.234, 2.426, 1.803, 1.205, 1.779, 1.463, 1.838, 2.099, 2.06, 2.493, 3.34, 4.023, 5.865, 9.958, 11.48, 10.175, 11.09, 11.314, 9.069, 4.676, 3.031, 2.323, 1.927, 1.578, 1.684, 2.22, 3.25, 4.199, 4.812, 4.692, 3.623, 3.092, 3.514, 4.499, 7.226, 9.355, 9.534, 11.446, 12.998, 13.957, 14.177, 13.836, 13.687, 12.928, 11.452, 9.69, 7.001, 4.31, 2.718, 3.408, 4.196, 4.629, 5.057, 4.932, 4.68, 5.391, 5.914, 7.7, 9.766, 10.753, 13.727, 13.536, 9.841, 7.139, 6.392, 6.007, 4.207, 3.66, 3.884, 4.925, 5.378, 4.963, 3.768, 2.575, 2.038, 1.272, 1.271, 1.599, 3.948, 5.75, 6.148, 5.119, 3.373, 2.84, 1.775], [14.972, 10.407, 9.526, 7.657, 7.947, 8.226, 6.72, 5.738, 7.153, 5.966, 3.995, 3.578, 3.464, 3.52, 3.62, 3.058, 2.152, 1.509, 1.192, 0.936, 0.0, 1.231, 1.948, 1.972, 2.806, 3.859, 4.581, 5.406, 5.174, 4.97, 4.692, 3.934, 2.486, 2.391, 3.846, 3.735, 2.805, 1.965, 1.932, 2.62, 2.52, 2.517, 1.859, 2.986, 3.568, 2.715, 3.495, 2.441, 2.367, 5.302, 7.189, 6.19, 3.042, 1.831, 2.16, 1.406, 1.835, 1.901, 1.984, 2.548, 2.833, 2.216, 2.17, 1.654, 1.369, 1.492, 1.227, 1.768, 2.079, 1.939, 2.397, 3.111, 3.817, 5.938, 9.939, 11.479, 10.086, 11.027, 11.257, 9.045, 4.797, 3.194, 2.474, 2.159, 1.814, 1.651, 1.932, 3.105, 4.085, 4.73, 4.721, 3.68, 3.285, 3.717, 4.665, 7.264, 9.391, 9.56, 11.472, 13.04, 13.955, 14.179, 13.842, 13.682, 12.928, 11.448, 9.744, 7.247, 4.561, 3.147, 3.616, 4.248, 4.681, 5.065, 4.993, 4.978, 5.466, 5.854, 7.634, 9.641, 10.72, 13.666, 13.52, 9.836, 7.12, 6.412, 6.123, 4.271, 3.788, 3.948, 4.947, 5.245, 5.037, 3.766, 2.492, 2.183, 1.448, 1.288, 1.494, 4.164, 5.921, 6.381, 5.254, 3.554, 3.064, 1.895], [14.601, 10.021, 9.222, 7.375, 7.74, 7.975, 6.523, 5.515, 6.79, 5.918, 3.627, 3.144, 3.172, 3.235, 3.298, 2.767, 2.147, 1.465, 1.013, 1.13, 1.231, 0.0, 1.519, 2.242, 2.708, 3.788, 4.897, 5.724, 5.404, 5.327, 4.84, 3.752, 2.282, 2.335, 3.832, 3.601, 2.873, 2.018, 2.289, 2.743, 2.654, 2.628, 2.113, 2.979, 3.453, 2.641, 3.493, 2.687, 2.769, 5.748, 7.474, 6.567, 3.199, 2.482, 2.283, 1.459, 2.307, 2.065, 2.093, 2.821, 3.116, 2.431, 2.188, 1.516, 1.479, 2.254, 1.902, 2.271, 2.409, 2.445, 3.011, 3.541, 4.255, 6.058, 9.694, 11.139, 9.766, 10.675, 11.11, 9.137, 4.914, 3.231, 2.462, 2.022, 1.764, 2.009, 2.443, 3.577, 4.61, 5.108, 5.022, 3.984, 3.251, 3.811, 4.818, 7.627, 9.672, 9.865, 11.788, 13.33, 14.299, 14.518, 14.177, 14.04, 13.28, 11.804, 10.076, 7.561, 4.847, 3.118, 3.77, 4.22, 4.758, 5.233, 4.97, 5.002, 5.611, 6.098, 7.828, 9.508, 10.42, 13.421, 13.257, 9.562, 6.861, 6.302, 6.249, 4.317, 3.367, 3.914, 5.209, 5.321, 4.827, 3.778, 2.518, 2.268, 2.001, 1.64, 1.925, 4.441, 6.283, 6.689, 5.646, 3.891, 3.346, 2.154], [14.834, 10.281, 9.46, 7.891, 8.001, 8.262, 6.682, 5.66, 7.014, 5.935, 3.827, 3.221, 3.748, 3.812, 3.87, 3.267, 2.68, 2.186, 1.888, 1.792, 1.948, 1.519, 0.0, 2.185, 2.751, 3.349, 4.492, 5.507, 5.12, 5.093, 4.789, 3.355, 2.235, 2.369, 3.409, 3.183, 2.811, 1.979, 2.02, 2.611, 2.482, 2.466, 2.122, 3.208, 3.489, 2.955, 3.808, 2.94, 2.851, 5.155, 6.795, 6.066, 2.997, 2.789, 2.601, 1.735, 2.069, 2.364, 2.545, 2.695, 3.094, 2.528, 1.98, 1.597, 1.528, 2.381, 2.099, 2.5, 2.751, 3.062, 3.341, 3.698, 4.338, 6.061, 9.795, 11.363, 10.011, 10.981, 11.157, 9.065, 5.34, 3.791, 3.067, 2.728, 2.507, 2.38, 2.881, 3.659, 4.564, 4.887, 4.806, 3.779, 3.189, 3.731, 4.79, 7.41, 9.521, 9.708, 11.618, 13.146, 14.094, 14.314, 13.973, 13.82, 13.048, 11.59, 9.956, 7.336, 4.606, 3.207, 4.207, 4.557, 5.059, 5.318, 5.284, 5.331, 6.126, 6.253, 7.89, 9.562, 10.581, 13.528, 13.387, 9.7, 6.997, 6.544, 6.515, 4.787, 3.217, 4.024, 5.516, 5.416, 5.025, 4.024, 2.882, 2.642, 2.606, 1.94, 1.932, 4.124, 5.912, 6.356, 5.261, 3.588, 3.107, 2.321], [15.696, 11.292, 10.381, 8.397, 8.719, 9.074, 7.508, 6.629, 7.998, 7.039, 4.868, 3.974, 4.254, 4.245, 4.395, 3.886, 2.953, 2.3, 2.225, 2.07, 1.972, 2.242, 2.185, 0.0, 1.659, 2.884, 3.853, 4.6, 4.332, 4.229, 3.683, 2.842, 1.952, 1.633, 2.959, 2.881, 2.312, 1.333, 1.617, 2.291, 2.517, 2.189, 2.282, 3.787, 3.352, 2.757, 4.344, 3.014, 2.181, 4.586, 6.379, 5.448, 2.32, 2.501, 3.324, 2.225, 1.719, 2.22, 2.47, 2.22, 2.138, 1.538, 1.37, 1.865, 2.195, 1.513, 1.993, 2.532, 2.015, 2.396, 2.571, 3.727, 4.678, 7.12, 10.929, 12.231, 10.929, 11.863, 12.15, 10.272, 5.913, 4.548, 3.694, 3.379, 2.792, 1.935, 2.196, 3.085, 3.202, 3.885, 3.895, 2.861, 2.403, 2.965, 3.868, 6.584, 8.591, 8.798, 10.693, 12.236, 13.204, 13.422, 13.082, 12.934, 12.182, 10.726, 9.09, 6.483, 3.786, 3.858, 4.858, 5.075, 5.752, 6.224, 6.337, 6.217, 6.767, 7.144, 8.862, 10.625, 11.513, 14.484, 14.322, 10.626, 8.01, 7.394, 7.26, 5.487, 4.219, 5.03, 6.178, 6.413, 6.028, 4.758, 3.596, 3.356, 2.321, 1.856, 1.186, 3.345, 5.041, 5.476, 4.531, 2.935, 2.721, 2.025], [16.872, 12.357, 11.487, 9.563, 9.882, 10.189, 8.701, 7.716, 9.077, 8.151, 5.898, 5.01, 5.248, 5.247, 5.422, 4.847, 3.919, 3.224, 2.87, 2.738, 2.806, 2.708, 2.751, 1.659, 0.0, 1.747, 2.729, 3.547, 3.173, 3.136, 2.629, 1.934, 1.871, 1.569, 1.944, 1.771, 2.216, 1.878, 2.214, 2.522, 2.849, 2.804, 3.384, 4.826, 4.415, 3.856, 5.425, 4.074, 1.712, 3.433, 5.201, 4.279, 2.086, 3.253, 4.221, 2.881, 2.308, 2.741, 2.722, 1.836, 2.063, 1.938, 2.193, 2.551, 3.002, 2.147, 2.624, 2.622, 1.843, 2.385, 3.216, 4.253, 5.634, 8.283, 12.007, 13.379, 12.025, 12.952, 13.294, 11.383, 7.048, 5.461, 4.651, 4.317, 3.599, 2.879, 2.66, 2.715, 2.74, 2.911, 2.766, 2.069, 2.216, 2.383, 3.06, 5.486, 7.406, 7.601, 9.521, 11.056, 12.033, 12.252, 11.91, 11.769, 11.01, 9.537, 7.828, 5.389, 3.243, 4.433, 5.889, 6.281, 6.945, 7.401, 7.235, 7.135, 7.882, 8.287, 10.011, 11.798, 12.669, 15.664, 15.512, 11.82, 9.091, 8.528, 8.409, 6.561, 5.225, 6.15, 7.384, 7.537, 7.033, 5.909, 4.648, 4.385, 3.221, 2.307, 1.959, 2.395, 4.077, 4.492, 3.503, 2.581, 2.386, 2.507], [17.926, 13.318, 12.488, 10.945, 11.097, 11.365, 9.792, 8.708, 10.115, 9.029, 6.895, 6.108, 6.352, 6.338, 6.52, 5.985, 5.043, 4.392, 4.102, 3.782, 3.859, 3.788, 3.349, 2.884, 1.747, 0.0, 1.795, 2.839, 2.248, 2.306, 2.008, 1.394, 2.505, 1.979, 1.202, 1.214, 2.702, 3.185, 3.473, 3.233, 3.558, 3.282, 4.401, 5.762, 5.47, 4.932, 6.461, 5.077, 2.234, 2.616, 4.12, 3.34, 2.085, 3.994, 4.973, 3.909, 3.376, 3.708, 3.343, 2.516, 2.298, 2.746, 3.151, 3.553, 3.693, 3.065, 3.256, 2.744, 2.219, 3.361, 4.467, 5.006, 6.437, 9.05, 12.918, 14.441, 13.068, 13.99, 14.305, 12.133, 8.286, 6.582, 5.886, 5.415, 4.527, 4.043, 3.598, 2.96, 2.688, 2.514, 1.955, 1.959, 2.534, 2.723, 2.858, 4.613, 6.532, 6.794, 8.584, 10.023, 10.978, 11.198, 10.885, 10.719, 10.026, 8.658, 7.245, 4.864, 3.357, 5.06, 7.022, 7.59, 8.032, 8.387, 8.19, 8.085, 8.933, 9.368, 10.993, 12.719, 13.713, 16.687, 16.49, 12.799, 10.103, 9.574, 9.565, 7.635, 6.256, 6.957, 8.434, 8.433, 7.982, 7.082, 5.85, 5.448, 4.034, 3.096, 2.987, 1.703, 3.032, 3.473, 2.731, 2.448, 2.389, 3.202], [19.191, 14.578, 13.74, 11.946, 12.199, 12.462, 10.959, 9.941, 11.384, 10.201, 8.175, 7.463, 7.693, 7.659, 7.843, 7.327, 6.358, 5.585, 5.251, 4.629, 4.581, 4.897, 4.492, 3.853, 2.729, 1.795, 0.0, 1.878, 1.174, 1.697, 1.6, 1.963, 3.643, 3.031, 1.783, 2.003, 3.142, 4.124, 4.295, 3.887, 4.2, 3.989, 5.32, 7.054, 6.779, 6.203, 7.71, 6.224, 3.053, 1.812, 3.126, 2.201, 2.854, 5.028, 6.125, 4.742, 4.063, 4.44, 4.018, 2.955, 2.753, 3.615, 4.276, 4.715, 4.386, 3.852, 4.171, 3.566, 3.189, 4.192, 5.209, 6.098, 7.49, 10.047, 14.149, 15.711, 14.313, 15.271, 15.501, 13.104, 9.091, 7.368, 6.708, 6.217, 5.395, 4.784, 4.589, 3.684, 2.937, 2.401, 1.704, 2.305, 3.365, 3.316, 2.822, 3.537, 5.278, 5.534, 7.261, 8.807, 9.709, 9.931, 9.602, 9.436, 8.729, 7.341, 5.745, 3.614, 3.544, 5.632, 7.749, 8.466, 8.913, 9.228, 8.996, 8.783, 9.666, 10.08, 11.772, 13.892, 14.96, 17.91, 17.756, 14.071, 11.358, 10.619, 10.387, 8.434, 7.349, 8.083, 9.159, 9.325, 9.1, 8.0, 6.698, 6.298, 4.916, 4.064, 3.874, 1.822, 2.114, 2.894, 2.307, 2.971, 3.187, 3.939], [20.215, 15.604, 14.768, 12.887, 13.19, 13.469, 11.963, 10.956, 12.395, 11.255, 9.173, 8.458, 8.695, 8.699, 8.866, 8.336, 7.344, 6.526, 6.159, 5.291, 5.406, 5.724, 5.507, 4.6, 3.547, 2.839, 1.878, 0.0, 2.096, 1.842, 1.875, 2.91, 4.654, 3.994, 3.04, 3.31, 3.933, 4.952, 4.437, 3.772, 4.115, 4.367, 6.267, 8.042, 7.785, 7.201, 8.713, 7.216, 3.844, 2.657, 3.424, 2.997, 3.61, 5.961, 7.2, 5.74, 4.943, 4.641, 4.576, 3.55, 2.961, 4.038, 5.197, 5.703, 5.207, 4.645, 5.059, 4.398, 3.968, 5.055, 5.893, 7.171, 8.57, 11.015, 15.142, 16.721, 15.315, 16.27, 16.5, 14.191, 9.78, 7.957, 7.392, 6.783, 5.606, 5.49, 5.521, 4.564, 3.53, 2.354, 2.02, 2.403, 3.109, 3.153, 3.171, 3.262, 4.272, 4.656, 6.267, 7.745, 8.708, 8.927, 8.592, 8.439, 7.673, 6.274, 4.798, 2.922, 3.743, 5.358, 7.992, 9.359, 9.872, 10.194, 10.007, 9.156, 10.46, 10.984, 12.844, 14.948, 15.963, 18.909, 18.781, 15.094, 12.363, 11.603, 10.949, 9.213, 8.331, 9.122, 9.932, 10.45, 10.11, 8.947, 7.697, 6.992, 5.304, 4.764, 4.735, 2.562, 2.285, 2.473, 2.179, 2.616, 3.231, 3.836], [19.93, 15.318, 14.48, 12.628, 12.93, 13.207, 11.729, 10.701, 12.123, 10.932, 8.901, 8.084, 8.321, 8.276, 8.471, 7.871, 6.83, 6.066, 5.766, 5.156, 5.174, 5.404, 5.12, 4.332, 3.173, 2.248, 1.174, 2.096, 0.0, 1.449, 1.766, 2.505, 4.362, 3.702, 2.421, 2.564, 3.449, 4.533, 4.613, 4.114, 4.57, 4.486, 5.975, 7.733, 7.461, 6.927, 8.451, 6.981, 3.495, 1.505, 2.474, 1.494, 2.741, 5.413, 6.638, 5.047, 4.372, 4.766, 4.625, 3.544, 3.2, 4.07, 4.794, 5.381, 4.864, 4.258, 4.713, 3.986, 3.58, 4.849, 5.785, 6.791, 8.222, 10.791, 14.88, 16.459, 15.06, 16.04, 16.238, 13.765, 9.714, 8.019, 7.249, 6.707, 5.926, 5.532, 5.044, 3.784, 2.78, 2.004, 1.538, 2.573, 3.734, 3.79, 3.242, 3.593, 4.764, 5.093, 6.652, 8.066, 8.974, 9.197, 8.871, 8.744, 8.112, 6.817, 5.662, 3.66, 3.949, 6.096, 8.277, 9.184, 9.655, 9.946, 9.645, 9.303, 10.241, 10.828, 12.511, 14.622, 15.699, 18.647, 18.495, 14.81, 12.097, 11.394, 11.036, 9.048, 8.065, 8.828, 9.748, 10.051, 9.86, 8.721, 7.397, 6.944, 5.289, 4.47, 4.442, 2.004, 1.948, 2.617, 2.362, 3.312, 3.36, 4.362], [19.886, 15.306, 14.438, 12.567, 12.889, 13.165, 11.649, 10.647, 12.087, 10.904, 8.873, 8.054, 8.241, 8.181, 8.41, 7.816, 6.789, 5.997, 5.719, 4.984, 4.97, 5.327, 5.093, 4.229, 3.136, 2.306, 1.697, 1.842, 1.449, 0.0, 1.383, 2.388, 4.331, 3.61, 2.272, 2.777, 3.19, 4.443, 4.236, 3.454, 3.996, 3.968, 5.891, 7.705, 7.424, 6.886, 8.421, 6.917, 3.383, 1.84, 3.473, 2.34, 2.58, 5.353, 6.643, 5.102, 4.269, 4.15, 4.072, 3.066, 2.673, 3.671, 4.729, 5.345, 4.719, 4.036, 4.602, 3.894, 3.507, 4.762, 5.624, 6.816, 8.194, 10.697, 14.853, 16.422, 15.026, 15.981, 16.211, 13.804, 9.481, 7.709, 7.101, 6.491, 5.352, 5.222, 4.823, 3.588, 2.393, 1.633, 1.556, 2.114, 3.135, 3.028, 2.719, 3.528, 4.758, 5.131, 6.698, 8.089, 9.001, 9.224, 8.906, 8.734, 8.169, 6.907, 5.719, 3.758, 3.466, 5.424, 7.906, 9.06, 9.539, 9.864, 9.641, 8.949, 10.121, 10.653, 12.458, 14.595, 15.671, 18.62, 18.467, 14.782, 12.069, 11.312, 10.745, 8.875, 8.038, 8.784, 9.642, 10.041, 9.792, 8.604, 7.343, 6.678, 4.883, 4.299, 4.347, 1.761, 1.711, 2.424, 1.97, 2.583, 2.796, 3.795], [19.228, 14.76, 13.861, 11.941, 12.212, 12.514, 10.964, 10.024, 11.425, 10.565, 8.276, 7.5, 7.647, 7.628, 7.818, 7.292, 6.342, 5.506, 5.137, 4.644, 4.692, 4.84, 4.789, 3.683, 2.629, 2.008, 1.6, 1.875, 1.766, 1.383, 0.0, 1.868, 3.728, 3.131, 2.314, 2.51, 3.287, 4.104, 4.184, 3.63, 4.013, 3.934, 5.603, 7.264, 6.766, 6.204, 7.851, 6.329, 2.995, 2.109, 3.655, 2.684, 2.538, 5.252, 6.648, 5.258, 4.452, 4.271, 4.037, 2.997, 2.563, 3.416, 4.386, 4.848, 4.628, 3.945, 4.269, 3.878, 3.046, 4.353, 5.334, 6.619, 7.969, 10.493, 14.448, 15.784, 14.405, 15.31, 15.676, 13.703, 9.044, 7.265, 6.694, 6.064, 4.946, 4.708, 4.545, 3.81, 2.705, 1.785, 1.754, 2.21, 3.095, 3.039, 2.983, 4.04, 5.568, 5.965, 7.443, 8.711, 9.685, 9.901, 9.595, 9.441, 8.78, 7.352, 6.163, 4.156, 3.672, 5.407, 7.681, 8.469, 9.141, 9.655, 9.421, 8.717, 9.897, 10.36, 12.27, 14.222, 15.111, 18.094, 17.964, 14.265, 11.468, 10.804, 10.277, 8.551, 7.678, 8.456, 9.51, 9.831, 9.243, 8.017, 6.968, 6.283, 4.631, 3.904, 4.048, 1.491, 1.781, 2.236, 1.747, 2.603, 2.681, 3.677], [17.566, 13.035, 12.248, 10.523, 10.73, 11.001, 9.532, 8.556, 9.811, 8.893, 6.647, 6.0, 6.295, 6.238, 6.425, 5.901, 5.078, 4.38, 4.051, 3.837, 3.934, 3.752, 3.355, 2.842, 1.934, 1.394, 1.963, 2.91, 2.505, 2.388, 1.868, 0.0, 2.192, 1.886, 1.734, 1.937, 3.478, 3.23, 3.726, 3.677, 3.968, 3.444, 4.413, 5.755, 5.273, 4.64, 6.114, 4.917, 2.029, 2.749, 4.306, 3.538, 2.203, 4.086, 5.205, 4.065, 3.621, 4.001, 3.596, 2.811, 2.438, 2.957, 3.088, 3.456, 3.867, 3.268, 3.274, 2.84, 2.163, 3.275, 4.299, 4.973, 6.389, 9.028, 12.691, 14.105, 12.728, 13.693, 14.067, 12.126, 8.145, 6.447, 5.76, 5.308, 4.6, 4.001, 3.678, 3.005, 2.477, 2.343, 2.574, 2.567, 3.162, 3.333, 3.582, 5.102, 6.967, 7.279, 9.012, 10.345, 11.32, 11.539, 11.2, 11.059, 10.338, 8.863, 7.542, 5.159, 3.949, 5.149, 6.958, 7.267, 7.884, 8.259, 8.079, 8.038, 8.879, 9.175, 10.861, 12.464, 13.366, 16.352, 16.207, 12.523, 9.861, 9.312, 9.328, 7.495, 5.97, 6.928, 8.39, 8.271, 7.796, 6.775, 5.556, 5.352, 4.198, 3.109, 2.992, 1.721, 3.114, 3.602, 2.79, 2.485, 2.739, 3.384], [15.59, 11.293, 10.543, 8.788, 9.008, 9.297, 7.722, 6.826, 7.976, 7.22, 4.914, 3.957, 4.29, 4.237, 4.366, 3.991, 3.276, 2.699, 2.386, 2.422, 2.486, 2.282, 2.235, 1.952, 1.871, 2.505, 3.643, 4.654, 4.362, 4.331, 3.728, 2.192, 0.0, 1.278, 2.555, 2.306, 2.931, 2.208, 2.747, 3.118, 3.326, 2.99, 2.807, 3.972, 3.25, 2.648, 4.308, 3.181, 1.685, 4.472, 6.095, 5.38, 2.274, 2.666, 3.535, 2.553, 2.491, 2.795, 2.522, 2.532, 2.763, 2.312, 2.081, 1.974, 2.641, 2.069, 2.047, 1.976, 1.601, 2.109, 2.836, 3.435, 4.76, 7.454, 10.987, 12.097, 10.74, 11.696, 12.252, 10.503, 6.607, 4.987, 4.329, 3.857, 3.226, 2.421, 2.296, 2.707, 3.631, 4.073, 3.991, 3.429, 3.112, 3.217, 4.171, 6.521, 8.696, 8.917, 10.813, 12.338, 13.318, 13.536, 13.205, 13.051, 12.309, 10.845, 9.079, 6.504, 3.944, 4.129, 5.516, 5.596, 6.343, 6.722, 6.637, 6.634, 7.47, 7.623, 9.301, 10.641, 11.402, 14.366, 14.235, 10.642, 8.096, 7.751, 7.754, 6.043, 4.481, 5.346, 6.895, 6.715, 6.166, 5.155, 4.002, 3.825, 2.909, 1.885, 1.814, 3.282, 5.126, 5.549, 4.417, 2.804, 2.567, 2.279], [16.323, 11.837, 10.951, 9.133, 9.35, 9.661, 8.203, 7.258, 8.576, 7.587, 5.445, 4.556, 4.809, 4.851, 4.966, 4.389, 3.551, 2.823, 2.54, 2.387, 2.391, 2.335, 2.369, 1.633, 1.569, 1.979, 3.031, 3.994, 3.702, 3.61, 3.131, 1.886, 1.278, 0.0, 1.912, 1.938, 2.438, 1.85, 2.44, 2.551, 2.743, 2.303, 2.853, 4.307, 3.86, 3.326, 4.892, 3.624, 1.604, 3.92, 5.619, 4.782, 1.834, 2.698, 3.778, 2.5, 2.226, 2.517, 2.25, 1.974, 1.852, 1.625, 1.716, 1.976, 2.355, 1.857, 2.016, 1.999, 1.656, 2.389, 3.013, 3.968, 5.116, 7.735, 11.458, 12.862, 11.496, 12.418, 12.745, 10.859, 6.748, 5.05, 4.333, 3.941, 3.121, 2.518, 2.374, 2.757, 3.091, 3.468, 3.4, 2.572, 2.349, 2.623, 3.465, 5.932, 7.959, 8.185, 10.08, 11.615, 12.59, 12.808, 12.467, 12.322, 11.558, 10.104, 8.487, 5.915, 3.567, 3.944, 5.535, 5.805, 6.483, 6.908, 6.692, 6.605, 7.451, 7.772, 9.498, 11.163, 12.084, 15.062, 14.91, 11.223, 8.574, 8.017, 7.98, 6.111, 4.727, 5.646, 6.988, 7.047, 6.674, 5.486, 4.202, 3.996, 2.821, 1.826, 1.605, 2.71, 4.512, 4.942, 3.95, 2.639, 2.288, 1.962], [17.967, 13.362, 12.561, 10.923, 11.047, 11.346, 9.811, 8.829, 10.189, 8.997, 6.991, 6.114, 6.307, 6.328, 6.429, 5.857, 5.055, 4.36, 4.124, 3.911, 3.846, 3.832, 3.409, 2.959, 1.944, 1.202, 1.783, 3.04, 2.421, 2.272, 2.314, 1.734, 2.555, 1.912, 0.0, 1.074, 2.265, 3.206, 3.503, 2.961, 3.297, 3.146, 4.361, 5.863, 5.499, 4.951, 6.48, 5.166, 2.628, 2.862, 4.283, 3.431, 2.293, 3.989, 4.946, 3.803, 3.254, 3.67, 3.125, 2.332, 2.086, 2.728, 3.095, 3.533, 3.659, 3.144, 3.418, 3.031, 2.678, 3.551, 4.516, 5.064, 6.432, 9.097, 12.965, 14.477, 13.084, 14.022, 14.349, 12.106, 8.386, 6.677, 6.007, 5.568, 4.667, 4.193, 3.711, 3.452, 3.322, 2.97, 2.276, 2.069, 2.551, 2.483, 2.443, 4.379, 6.423, 6.575, 8.483, 10.064, 10.968, 11.186, 10.85, 10.687, 9.949, 8.505, 6.867, 4.52, 2.907, 4.83, 7.058, 7.585, 8.08, 8.363, 8.146, 8.081, 8.942, 9.287, 10.905, 12.641, 13.714, 16.661, 16.514, 12.831, 10.199, 9.549, 9.621, 7.647, 6.231, 7.068, 8.471, 8.381, 8.166, 7.122, 5.784, 5.563, 4.344, 3.366, 3.04, 1.967, 3.13, 3.679, 2.852, 2.546, 2.637, 3.288], [17.637, 13.028, 12.254, 10.76, 10.866, 11.124, 9.527, 8.492, 9.817, 8.772, 6.625, 5.772, 5.98, 5.988, 6.134, 5.586, 4.737, 4.164, 3.915, 3.709, 3.735, 3.601, 3.183, 2.881, 1.771, 1.214, 2.003, 3.31, 2.564, 2.777, 2.51, 1.937, 2.306, 1.938, 1.074, 0.0, 2.24, 2.908, 3.27, 3.005, 3.413, 3.187, 4.115, 5.445, 5.169, 4.622, 6.14, 4.825, 2.526, 2.902, 4.288, 3.499, 2.178, 3.827, 4.626, 3.633, 3.102, 3.531, 3.262, 2.401, 2.227, 2.514, 2.868, 3.303, 3.734, 3.211, 3.307, 2.911, 2.599, 3.319, 4.249, 4.731, 6.16, 8.852, 12.608, 14.143, 12.745, 13.692, 13.98, 11.895, 8.142, 6.436, 5.733, 5.317, 4.5, 3.913, 3.552, 3.352, 3.314, 3.169, 2.39, 2.302, 2.499, 2.611, 2.573, 4.706, 6.662, 6.868, 8.776, 10.315, 11.284, 11.502, 11.165, 11.015, 10.244, 8.804, 7.084, 4.693, 2.905, 4.89, 6.905, 7.406, 7.908, 8.169, 8.001, 7.947, 8.794, 9.128, 10.766, 12.398, 13.385, 16.331, 16.211, 12.524, 9.822, 9.364, 9.346, 7.462, 5.978, 6.787, 8.295, 8.242, 7.782, 6.868, 5.689, 5.283, 4.237, 3.191, 2.914, 2.165, 3.458, 4.005, 3.125, 2.715, 2.675, 3.227], [17.197, 12.58, 11.75, 9.875, 10.172, 10.451, 8.945, 7.938, 9.377, 8.227, 6.155, 5.338, 5.531, 5.558, 5.698, 5.091, 4.198, 3.591, 3.216, 2.64, 2.805, 2.873, 2.811, 2.312, 2.216, 2.702, 3.142, 3.933, 3.449, 3.19, 3.287, 3.478, 2.931, 2.438, 2.265, 2.24, 0.0, 2.013, 1.945, 1.232, 1.641, 2.135, 3.215, 4.991, 4.913, 4.263, 5.697, 4.278, 3.256, 4.11, 5.617, 4.535, 2.319, 3.631, 4.196, 2.586, 1.846, 2.022, 1.856, 1.666, 1.85, 1.662, 2.546, 2.643, 2.41, 2.515, 3.04, 2.934, 2.983, 3.241, 3.325, 4.537, 5.552, 7.981, 12.124, 13.708, 12.315, 13.259, 13.482, 11.114, 6.831, 5.116, 4.401, 3.884, 2.915, 2.738, 3.295, 3.967, 4.075, 3.95, 3.077, 2.376, 1.689, 1.723, 2.301, 5.181, 7.116, 7.307, 9.216, 10.761, 11.726, 11.946, 11.619, 11.457, 10.684, 9.231, 7.489, 5.054, 2.332, 2.951, 5.376, 6.359, 6.85, 7.142, 6.961, 6.383, 7.432, 8.036, 9.808, 11.92, 12.944, 15.891, 15.749, 12.062, 9.345, 8.583, 8.166, 6.247, 5.318, 6.069, 6.933, 7.438, 7.144, 5.98, 4.702, 4.189, 3.193, 2.712, 2.372, 2.548, 3.915, 4.363, 3.391, 2.32, 1.897, 1.983], [15.495, 10.915, 10.048, 8.186, 8.48, 8.749, 7.249, 6.255, 7.675, 6.725, 4.509, 3.701, 3.909, 3.943, 4.122, 3.501, 2.728, 2.331, 2.068, 2.034, 1.965, 2.018, 1.979, 1.333, 1.878, 3.185, 4.124, 4.952, 4.533, 4.443, 4.104, 3.23, 2.208, 1.85, 3.206, 2.908, 2.013, 0.0, 1.539, 1.778, 1.892, 1.665, 1.799, 3.468, 3.118, 2.843, 4.306, 2.861, 2.329, 4.665, 6.437, 5.482, 2.275, 2.758, 3.364, 1.797, 1.168, 1.542, 1.929, 2.032, 2.277, 1.314, 1.13, 1.347, 1.872, 1.883, 2.206, 2.539, 2.282, 2.403, 2.371, 3.71, 4.421, 6.663, 10.605, 12.037, 10.713, 11.608, 11.914, 9.833, 5.435, 3.82, 3.14, 2.784, 2.291, 1.771, 2.429, 3.281, 3.583, 4.118, 4.212, 3.14, 2.287, 2.832, 3.913, 6.93, 8.79, 8.963, 10.905, 12.436, 13.404, 13.623, 13.281, 13.147, 12.386, 10.915, 9.218, 6.677, 3.893, 3.093, 4.352, 4.781, 5.339, 5.794, 5.736, 5.598, 6.296, 6.66, 8.427, 10.409, 11.325, 14.326, 14.162, 10.467, 7.704, 6.956, 6.779, 4.947, 3.825, 4.591, 5.759, 6.029, 5.604, 4.339, 3.226, 3.08, 2.722, 1.882, 1.61, 3.698, 5.489, 5.916, 4.939, 3.241, 2.863, 2.089], [16.094, 11.487, 10.647, 8.772, 9.069, 9.348, 7.842, 6.835, 8.275, 7.154, 5.052, 4.274, 4.531, 4.558, 4.715, 4.112, 3.111, 2.679, 2.347, 1.854, 1.932, 2.289, 2.02, 1.617, 2.214, 3.473, 4.295, 4.437, 4.613, 4.236, 4.184, 3.726, 2.747, 2.44, 3.503, 3.27, 1.945, 1.539, 0.0, 1.519, 1.757, 2.15, 2.313, 4.022, 4.055, 3.4, 4.605, 3.303, 2.769, 4.594, 6.444, 5.563, 2.588, 2.706, 3.117, 1.716, 1.332, 1.558, 2.41, 2.117, 2.191, 1.756, 2.064, 2.121, 1.773, 1.873, 2.206, 2.498, 2.689, 2.768, 2.755, 3.908, 4.778, 6.895, 11.05, 12.6, 11.252, 12.225, 12.407, 10.08, 5.726, 4.135, 3.596, 3.212, 2.329, 2.011, 2.613, 3.413, 3.642, 4.054, 4.002, 2.738, 2.103, 2.41, 3.703, 6.29, 8.216, 8.389, 10.317, 11