[[0.0, 2.995, 3.609, 3.246, 2.957, 3.0, 4.398, 4.159, 3.959, 5.018, 5.633, 6.149, 6.436, 6.44, 5.788, 6.155, 6.277, 6.04, 5.458, 4.753, 3.895, 4.466, 6.112, 6.924, 6.749, 6.448, 4.514, 3.02, 3.742, 4.709, 4.48, 4.892, 4.967, 3.61, 2.325, 2.378, 2.726, 2.352, 2.192, 3.054, 2.93, 1.521, 2.154, 3.778, 3.587, 2.846, 2.746, 4.214, 3.455, 3.019, 2.219, 1.947, 2.522, 3.642, 4.565, 5.625, 6.279, 7.326, 6.64, 6.634, 8.27, 9.129, 8.262, 7.545, 7.479, 7.239, 7.729, 8.452, 9.352, 9.575, 9.299, 6.686, 6.148, 6.91, 6.11, 5.601, 5.211, 3.999, 3.186, 4.044, 4.179, 3.432, 3.068, 3.677, 3.707, 4.309, 5.969, 7.563, 9.57, 11.973, 11.865, 10.625, 10.967, 12.61, 12.824, 11.608, 13.911, 16.412, 15.144, 14.824, 13.247, 9.945, 8.743, 9.148, 10.425, 11.256, 12.942, 13.676, 12.541, 10.744, 9.633, 9.849, 10.382, 9.244, 9.396, 9.62, 9.67, 9.017, 9.599, 8.638, 7.631, 8.183, 8.53, 7.689, 6.419, 8.112, 8.164, 5.491, 4.969, 6.37, 6.569, 5.953, 5.764, 6.039, 6.359, 5.73, 4.893, 4.501, 4.253, 4.397, 4.411, 4.972, 4.554, 5.542, 6.322, 5.905, 6.1, 5.643, 5.062, 5.215, 4.909, 5.451, 5.649, 5.92, 6.576, 9.281, 9.134, 8.156, 8.32, 8.396, 7.435, 6.472, 5.921, 4.375, 3.577, 1.958, 2.454, 2.596, 1.176, 1.817, 4.153, 5.634, 6.215, 7.223, 8.699, 8.839, 7.561, 7.106, 7.444, 7.151, 7.204, 6.239, 4.926, 3.803, 3.077, 2.647, 3.84, 4.668, 5.79, 6.016, 5.104, 2.454, 2.221, 3.573, 3.519, 3.419, 4.082, 6.114, 5.745, 5.343, 6.025, 7.537, 8.147, 8.979, 9.905, 9.713], [2.995, 0.0, 1.275, 1.546, 2.466, 2.99, 4.751, 4.993, 3.694, 3.575, 4.068, 4.227, 4.251, 5.019, 4.18, 3.74, 3.839, 3.747, 3.57, 2.928, 1.979, 2.844, 3.793, 4.544, 4.368, 4.16, 3.384, 3.567, 3.487, 3.59, 3.104, 3.357, 3.159, 2.608, 2.777, 2.591, 2.888, 3.047, 3.092, 4.776, 5.373, 4.003, 4.759, 6.327, 6.18, 5.396, 5.36, 6.687, 5.831, 5.01, 4.801, 4.263, 4.305, 5.93, 6.907, 7.995, 8.846, 8.702, 7.61, 7.795, 10.144, 10.656, 10.135, 9.479, 9.655, 9.589, 10.098, 10.643, 10.445, 10.673, 10.821, 7.853, 7.421, 8.817, 8.253, 8.101, 7.909, 6.6, 5.719, 6.357, 6.362, 5.563, 5.463, 6.311, 6.416, 7.109, 8.517, 10.162, 12.143, 14.598, 14.604, 13.295, 13.573, 15.294, 15.559, 14.332, 16.483, 18.979, 17.712, 17.44, 15.867, 12.654, 11.381, 11.789, 13.06, 13.927, 15.712, 16.468, 15.247, 13.517, 12.364, 12.572, 12.946, 11.659, 11.75, 11.514, 11.817, 11.54, 12.367, 11.347, 10.331, 10.915, 11.246, 10.461, 9.187, 10.879, 10.814, 8.226, 7.736, 9.105, 9.279, 8.559, 8.364, 8.569, 7.785, 7.368, 6.936, 6.369, 6.232, 6.31, 6.274, 7.185, 7.229, 8.142, 8.933, 8.259, 8.283, 7.639, 6.889, 6.867, 6.7, 6.903, 7.017, 7.703, 9.04, 11.938, 11.602, 9.909, 10.42, 10.954, 9.98, 9.242, 8.6, 6.992, 5.203, 3.516, 2.186, 1.893, 2.696, 1.821, 2.387, 3.44, 4.107, 5.211, 6.316, 6.462, 5.009, 4.57, 4.913, 5.273, 5.003, 3.679, 3.019, 3.947, 4.105, 2.437, 2.521, 3.633, 4.438, 4.703, 3.556, 2.359, 4.36, 4.522, 3.81, 3.681, 3.474, 3.648, 3.507, 3.175, 3.492, 4.808, 5.723, 6.319, 7.325, 7.01], [3.609, 1.275, 0.0, 1.703, 2.786, 3.32, 5.129, 5.271, 4.126, 3.681, 3.662, 3.983, 4.149, 5.044, 4.15, 3.579, 3.318, 3.159, 3.247, 2.509, 1.744, 2.337, 3.259, 3.977, 3.796, 3.687, 3.309, 3.693, 3.632, 3.565, 3.509, 3.569, 2.907, 2.825, 3.014, 2.873, 3.271, 3.421, 3.484, 5.217, 5.631, 4.578, 5.386, 7.056, 6.857, 6.036, 6.077, 7.263, 6.584, 5.81, 5.51, 4.905, 4.929, 6.314, 7.515, 8.755, 9.218, 9.1, 7.986, 8.117, 10.484, 11.01, 10.407, 9.818, 9.961, 9.932, 10.413, 10.941, 10.794, 11.073, 11.149, 8.255, 7.822, 9.141, 8.606, 8.39, 8.433, 7.135, 6.17, 6.859, 6.71, 5.954, 5.924, 6.636, 6.886, 7.645, 9.22, 10.878, 12.84, 15.271, 15.177, 13.955, 14.241, 15.933, 16.238, 14.977, 17.183, 19.718, 18.425, 18.126, 16.557, 13.338, 12.062, 12.318, 13.687, 14.497, 16.277, 17.025, 15.94, 14.008, 12.91, 13.061, 13.247, 12.057, 12.194, 12.045, 12.279, 12.089, 12.935, 11.82, 10.826, 11.443, 11.892, 11.029, 9.794, 11.389, 11.528, 8.841, 8.203, 9.75, 9.908, 9.138, 9.009, 8.96, 8.215, 7.728, 7.209, 6.664, 6.602, 6.65, 6.638, 7.532, 7.656, 8.565, 9.356, 8.561, 8.634, 8.026, 7.327, 7.237, 6.981, 7.261, 7.403, 8.018, 9.305, 12.346, 12.102, 10.293, 10.781, 11.64, 10.672, 9.862, 9.326, 7.694, 5.936, 4.25, 2.774, 2.492, 3.278, 2.394, 1.876, 2.919, 3.503, 4.579, 5.649, 5.864, 4.502, 4.028, 4.332, 4.731, 4.535, 2.98, 2.64, 3.847, 4.346, 2.692, 2.343, 3.515, 4.119, 4.261, 3.134, 2.556, 5.079, 4.971, 4.004, 3.634, 3.458, 3.285, 2.991, 2.845, 2.902, 4.236, 5.129, 5.754, 6.699, 6.631], [3.246, 1.546, 1.703, 0.0, 1.801, 2.55, 4.069, 4.496, 3.317, 2.76, 3.265, 3.382, 3.491, 4.046, 3.193, 3.079, 3.431, 3.576, 3.26, 2.59, 2.294, 2.809, 3.965, 4.406, 4.121, 3.724, 2.601, 3.125, 3.716, 3.533, 3.651, 3.988, 3.537, 2.556, 2.505, 1.926, 2.3, 2.408, 2.671, 4.451, 4.905, 4.235, 5.182, 6.852, 6.616, 5.698, 5.814, 6.815, 6.225, 5.513, 5.118, 4.487, 4.393, 5.683, 6.97, 8.518, 8.644, 7.838, 6.761, 7.257, 9.461, 9.95, 9.477, 8.809, 9.013, 9.039, 9.545, 10.176, 9.632, 9.836, 10.296, 7.049, 6.575, 8.034, 7.484, 7.52, 7.708, 6.527, 5.716, 6.503, 6.307, 5.465, 5.499, 6.239, 6.301, 7.171, 8.987, 10.621, 12.615, 15.053, 14.857, 13.682, 14.038, 15.678, 15.696, 14.655, 16.976, 19.469, 18.212, 17.9, 16.294, 12.964, 11.779, 12.08, 13.446, 14.166, 15.849, 16.374, 15.545, 13.337, 12.185, 12.352, 12.444, 11.304, 11.499, 11.408, 11.587, 11.626, 12.293, 11.201, 10.023, 10.67, 11.521, 10.748, 9.231, 10.729, 11.223, 8.451, 7.684, 9.165, 9.319, 8.566, 8.631, 8.299, 7.223, 6.625, 6.276, 5.728, 5.63, 5.613, 5.536, 6.668, 7.105, 7.834, 8.552, 7.7, 7.522, 7.012, 6.423, 6.109, 6.011, 6.142, 6.301, 6.975, 8.509, 11.658, 11.612, 9.941, 10.196, 11.101, 10.272, 9.221, 8.921, 7.263, 5.626, 4.015, 2.613, 2.12, 2.83, 2.169, 2.704, 3.668, 4.692, 5.666, 6.534, 6.715, 5.316, 4.591, 4.543, 4.557, 4.257, 3.533, 3.31, 3.61, 3.764, 2.008, 1.616, 3.015, 3.984, 4.089, 3.441, 2.515, 4.84, 4.777, 4.147, 4.062, 3.976, 3.994, 3.537, 2.958, 3.806, 5.297, 6.324, 6.84, 7.537, 7.667], [2.957, 2.466, 2.786, 1.801, 0.0, 2.36, 3.521, 3.883, 3.039, 3.286, 4.111, 4.044, 4.279, 4.217, 3.664, 3.974, 4.476, 4.817, 4.674, 3.56, 3.653, 3.89, 5.095, 5.451, 5.211, 4.755, 3.791, 3.833, 4.734, 4.727, 4.63, 5.128, 4.791, 3.733, 2.962, 2.449, 2.002, 1.837, 1.918, 3.689, 4.094, 3.483, 4.662, 6.037, 5.834, 5.034, 5.082, 6.105, 5.596, 4.962, 4.377, 3.813, 3.577, 4.842, 6.214, 7.73, 7.93, 7.025, 5.612, 6.285, 8.676, 9.047, 8.53, 8.12, 8.322, 8.292, 8.785, 9.298, 8.436, 8.913, 9.573, 6.193, 5.673, 7.273, 6.724, 6.804, 7.044, 5.627, 4.903, 5.689, 5.467, 4.687, 4.69, 5.332, 5.565, 6.362, 8.221, 9.845, 11.829, 14.287, 14.031, 12.907, 13.242, 14.915, 15.106, 13.931, 16.177, 18.682, 17.441, 17.108, 15.521, 12.237, 11.019, 11.285, 12.668, 13.354, 15.073, 15.749, 14.893, 12.653, 11.579, 11.751, 11.833, 10.655, 10.833, 10.82, 10.951, 10.973, 11.704, 10.606, 9.326, 9.997, 10.811, 9.979, 8.491, 10.029, 10.502, 7.688, 6.847, 8.493, 8.696, 7.942, 7.933, 7.501, 6.305, 5.662, 5.267, 4.826, 4.76, 4.835, 4.777, 5.836, 6.436, 7.18, 7.889, 6.935, 6.901, 6.375, 5.739, 5.312, 5.213, 5.187, 5.444, 6.134, 7.762, 10.986, 10.973, 9.152, 9.415, 10.512, 9.593, 8.561, 8.243, 6.635, 4.893, 3.206, 3.16, 2.774, 2.727, 2.716, 4.163, 5.041, 5.739, 6.885, 7.757, 7.827, 6.294, 5.545, 5.544, 5.843, 5.284, 4.629, 4.754, 4.376, 4.18, 2.526, 2.738, 3.963, 5.21, 5.425, 4.68, 3.332, 4.077, 5.446, 5.11, 5.017, 5.237, 5.188, 4.516, 3.71, 4.738, 6.278, 7.392, 7.711, 8.428, 8.644], [3.0, 2.99, 3.32, 2.55, 2.36, 0.0, 1.895, 2.197, 1.853, 2.952, 3.487, 3.974, 4.249, 4.246, 3.654, 4.022, 4.246, 4.266, 3.871, 3.301, 3.489, 3.15, 4.595, 4.863, 4.603, 4.234, 2.737, 2.254, 3.125, 3.47, 3.504, 4.075, 3.837, 2.663, 2.082, 1.631, 1.263, 1.589, 1.962, 3.576, 4.027, 3.573, 4.596, 5.947, 5.768, 4.862, 4.948, 5.96, 5.398, 4.678, 4.237, 3.789, 3.919, 4.873, 6.089, 7.602, 7.82, 7.368, 6.625, 6.842, 8.769, 9.3, 8.628, 8.138, 8.267, 8.239, 8.749, 9.276, 9.181, 9.519, 9.563, 6.59, 6.096, 7.355, 6.79, 6.755, 6.933, 5.526, 4.809, 5.606, 5.374, 4.538, 4.528, 5.204, 5.482, 6.293, 8.098, 9.762, 11.755, 14.17, 13.955, 12.824, 13.14, 14.802, 14.996, 13.815, 16.097, 18.603, 17.331, 17.029, 15.441, 12.147, 10.938, 11.211, 12.554, 13.279, 14.967, 15.639, 14.779, 12.545, 11.469, 11.641, 11.758, 10.551, 10.729, 10.711, 10.841, 10.861, 11.595, 10.494, 9.225, 9.892, 10.699, 9.879, 8.381, 9.923, 10.387, 7.583, 6.764, 8.392, 8.586, 7.832, 7.81, 7.409, 6.497, 5.897, 5.422, 4.904, 4.8, 4.869, 4.892, 5.804, 6.326, 7.084, 7.79, 6.896, 6.949, 6.345, 5.666, 5.415, 5.264, 5.633, 5.786, 6.244, 7.693, 10.88, 10.863, 9.105, 9.34, 10.401, 9.483, 8.451, 8.129, 6.528, 4.856, 3.404, 2.709, 2.189, 2.646, 2.959, 3.659, 4.403, 5.277, 6.202, 7.195, 7.36, 6.004, 5.557, 5.513, 5.095, 5.111, 4.542, 4.048, 2.886, 2.757, 1.891, 2.631, 2.892, 4.148, 4.414, 3.924, 2.393, 3.744, 4.579, 4.257, 4.347, 4.626, 4.634, 4.079, 3.798, 4.628, 5.943, 6.869, 7.453, 8.289, 8.356], [4.398, 4.751, 5.129, 4.069, 3.521, 1.895, 0.0, 1.203, 1.928, 3.272, 3.8, 4.377, 4.595, 4.526, 4.055, 4.757, 5.271, 5.369, 5.218, 4.763, 5.014, 4.607, 5.332, 5.347, 5.173, 4.913, 3.353, 2.923, 3.953, 4.025, 4.118, 4.635, 4.558, 3.884, 3.232, 2.932, 2.224, 2.359, 2.761, 3.339, 3.873, 4.272, 5.573, 5.918, 5.786, 4.992, 5.1, 5.701, 5.568, 4.784, 4.288, 4.075, 4.171, 4.839, 5.787, 7.33, 7.532, 6.994, 6.508, 7.067, 8.322, 8.926, 8.255, 7.684, 7.862, 7.848, 8.331, 8.969, 9.009, 9.353, 9.389, 6.477, 5.885, 6.792, 6.248, 6.345, 6.579, 5.241, 4.507, 5.317, 5.117, 4.247, 4.319, 5.056, 5.314, 6.069, 7.866, 9.515, 11.513, 13.936, 13.715, 12.583, 12.91, 14.567, 14.612, 13.549, 15.861, 18.358, 17.097, 16.788, 15.192, 11.874, 10.656, 10.967, 12.311, 13.014, 14.73, 15.289, 14.45, 12.214, 11.091, 11.263, 11.336, 10.198, 10.365, 10.355, 10.482, 10.532, 11.211, 10.112, 8.851, 9.522, 10.427, 9.649, 8.118, 9.622, 10.119, 7.334, 6.505, 8.038, 8.234, 7.476, 7.488, 7.149, 6.261, 5.459, 5.078, 4.586, 4.456, 4.374, 4.678, 5.67, 6.106, 6.769, 7.42, 6.523, 6.473, 5.958, 5.346, 4.874, 4.78, 5.461, 5.694, 5.783, 7.372, 10.532, 10.521, 8.918, 9.093, 10.019, 9.166, 8.121, 7.842, 6.314, 4.86, 3.993, 4.189, 3.695, 3.983, 4.496, 5.196, 5.547, 6.628, 7.247, 8.192, 8.383, 7.098, 6.8, 6.642, 6.093, 6.211, 5.943, 5.2, 3.604, 3.386, 3.24, 3.768, 3.734, 4.658, 5.078, 5.007, 3.832, 4.118, 5.562, 5.408, 5.656, 5.961, 5.438, 4.81, 4.844, 5.741, 6.68, 7.48, 8.088, 8.869, 8.962], [4.159, 4.993, 5.271, 4.496, 3.883, 2.197, 1.203, 0.0, 1.822, 3.212, 3.656, 4.218, 4.435, 4.403, 3.982, 4.898, 5.349, 5.34, 5.292, 4.897, 5.0, 4.601, 5.251, 5.211, 4.944, 4.792, 3.489, 2.709, 3.549, 3.79, 3.525, 4.036, 4.287, 3.815, 3.07, 3.004, 2.508, 2.583, 3.089, 3.852, 4.112, 4.114, 5.369, 6.053, 5.995, 5.16, 5.252, 5.986, 5.562, 4.744, 4.358, 4.149, 4.605, 5.127, 6.185, 7.652, 7.901, 7.893, 7.429, 7.865, 9.01, 9.715, 8.932, 8.393, 8.456, 8.359, 8.676, 9.374, 9.786, 10.178, 9.972, 7.312, 6.725, 7.449, 6.894, 6.771, 6.931, 5.54, 4.87, 5.795, 5.661, 4.841, 4.725, 5.403, 5.604, 6.344, 8.206, 9.829, 11.804, 14.242, 14.026, 12.884, 13.217, 14.873, 14.947, 13.858, 16.166, 18.676, 17.405, 17.096, 15.5, 12.157, 10.964, 11.268, 12.616, 13.328, 15.012, 15.628, 14.799, 12.502, 11.448, 11.616, 11.809, 10.68, 10.84, 10.979, 11.019, 10.896, 11.541, 10.461, 9.187, 9.843, 10.727, 9.943, 8.402, 9.949, 10.421, 7.643, 6.798, 8.328, 8.567, 7.874, 7.821, 7.469, 6.981, 6.236, 5.74, 5.279, 5.111, 5.002, 5.346, 6.242, 6.42, 7.094, 7.772, 7.027, 7.14, 6.716, 5.988, 5.652, 5.326, 6.208, 6.465, 6.436, 7.722, 10.922, 11.034, 9.515, 9.668, 10.359, 9.542, 8.474, 8.155, 6.645, 5.351, 4.253, 4.151, 3.972, 3.804, 4.366, 5.106, 5.416, 6.291, 6.971, 8.099, 8.271, 7.094, 6.823, 6.594, 6.056, 6.354, 6.083, 4.998, 3.387, 3.091, 3.464, 4.134, 3.905, 4.273, 4.859, 4.627, 3.868, 4.008, 5.416, 5.216, 5.386, 5.705, 5.416, 4.832, 5.176, 5.909, 6.59, 6.913, 7.648, 8.513, 8.518], [3.959, 3.694, 4.126, 3.317, 3.039, 1.853, 1.928, 1.822, 0.0, 2.121, 2.84, 3.244, 3.375, 3.346, 2.777, 3.684, 4.114, 4.156, 4.088, 3.669, 4.027, 3.596, 3.952, 4.245, 4.013, 3.649, 2.565, 2.601, 3.389, 2.866, 2.786, 3.27, 3.25, 2.952, 2.634, 2.538, 2.269, 2.395, 2.671, 4.462, 5.032, 4.527, 5.688, 7.018, 6.816, 5.932, 6.022, 6.999, 6.427, 5.634, 5.156, 4.564, 4.512, 5.715, 7.069, 8.613, 8.852, 8.413, 7.357, 7.738, 9.876, 10.509, 9.868, 9.124, 9.259, 9.217, 9.738, 10.305, 10.108, 10.274, 10.522, 7.509, 7.021, 8.399, 7.844, 7.755, 7.881, 6.55, 5.782, 6.632, 6.425, 5.591, 5.509, 6.232, 6.507, 7.34, 9.159, 10.808, 12.806, 15.229, 15.008, 13.866, 14.204, 15.859, 15.905, 14.842, 17.153, 19.65, 18.39, 18.087, 16.484, 13.161, 11.964, 12.261, 13.604, 14.311, 16.021, 16.594, 15.749, 13.5, 12.391, 12.567, 12.716, 11.503, 11.636, 11.641, 11.789, 11.835, 12.504, 11.416, 10.141, 10.784, 11.715, 10.931, 9.404, 10.917, 11.414, 8.626, 7.819, 9.305, 9.532, 8.767, 8.775, 8.459, 7.48, 7.125, 6.665, 6.124, 5.912, 5.911, 5.9, 6.961, 7.307, 7.97, 8.708, 7.912, 7.963, 7.383, 6.579, 6.524, 6.332, 6.574, 6.76, 7.34, 8.798, 11.839, 11.835, 10.192, 10.429, 11.32, 10.452, 9.422, 9.079, 7.472, 5.833, 4.248, 3.594, 3.167, 3.364, 3.779, 4.264, 4.363, 5.32, 6.027, 6.889, 6.985, 5.711, 5.399, 5.252, 5.2, 5.089, 4.702, 4.055, 3.009, 3.043, 2.663, 3.285, 2.819, 3.555, 4.025, 3.772, 3.477, 4.77, 5.369, 4.92, 5.129, 5.122, 4.264, 3.474, 3.771, 4.518, 5.26, 5.857, 6.359, 7.238, 7.231], [5.018, 3.575, 3.681, 2.76, 3.286, 2.952, 3.272, 3.212, 2.121, 0.0, 1.545, 1.873, 2.021, 2.489, 1.908, 2.741, 3.335, 3.718, 3.768, 3.199, 3.537, 3.314, 3.639, 3.707, 3.405, 2.866, 2.217, 3.324, 3.491, 2.67, 2.584, 3.049, 3.056, 3.079, 3.366, 2.917, 3.385, 3.54, 4.22, 6.14, 6.659, 6.069, 7.104, 8.703, 8.485, 7.533, 7.663, 8.666, 8.08, 7.221, 6.828, 6.181, 6.095, 7.39, 8.728, 10.298, 10.48, 9.416, 7.956, 8.922, 11.17, 11.572, 11.131, 10.561, 10.785, 10.811, 11.298, 11.927, 10.954, 11.172, 12.098, 8.699, 8.036, 9.667, 9.176, 9.314, 9.543, 8.231, 7.436, 8.257, 8.055, 7.204, 7.156, 7.872, 8.152, 9.019, 10.844, 12.49, 14.484, 16.914, 16.71, 15.552, 15.889, 17.545, 17.56, 16.525, 18.839, 21.336, 20.076, 19.769, 18.163, 14.834, 13.632, 13.942, 15.289, 15.992, 17.689, 18.24, 17.416, 15.162, 14.032, 14.21, 14.276, 13.153, 13.298, 13.274, 13.431, 13.485, 14.157, 13.059, 11.797, 12.463, 13.39, 12.618, 11.064, 12.568, 13.092, 10.296, 9.468, 10.981, 11.188, 10.423, 10.451, 10.086, 8.915, 8.221, 7.905, 7.41, 7.352, 7.321, 7.234, 8.441, 8.949, 9.662, 10.34, 9.457, 9.337, 8.821, 8.222, 7.627, 7.624, 7.64, 7.868, 8.58, 10.269, 13.478, 13.477, 11.803, 12.039, 12.968, 12.131, 11.068, 10.742, 9.133, 7.474, 5.787, 3.98, 3.436, 4.487, 4.256, 3.816, 4.026, 4.993, 5.623, 6.332, 6.464, 5.105, 4.66, 4.501, 4.392, 4.253, 4.1, 3.811, 3.454, 3.966, 3.174, 2.515, 2.762, 3.254, 3.595, 3.479, 3.753, 6.251, 5.739, 4.815, 5.054, 4.877, 3.71, 3.126, 2.778, 3.975, 4.792, 5.085, 5.481, 6.138, 6.313], [5.633, 4.068, 3.662, 3.265, 4.111, 3.487, 3.8, 3.656, 2.84, 1.545, 0.0, 1.591, 1.795, 2.684, 2.002, 2.318, 2.934, 3.224, 3.114, 2.848, 3.261, 2.749, 3.118, 3.067, 2.731, 2.24, 1.969, 3.414, 3.241, 2.473, 2.716, 2.95, 2.5, 2.79, 3.691, 3.547, 3.902, 4.139, 4.938, 6.785, 7.243, 6.745, 7.69, 9.377, 9.149, 8.242, 8.336, 9.33, 8.78, 7.929, 7.55, 6.915, 6.815, 8.051, 9.405, 10.993, 11.182, 10.093, 8.613, 9.568, 11.819, 12.204, 11.731, 11.263, 11.466, 11.422, 11.891, 12.482, 11.381, 11.678, 12.692, 9.294, 8.533, 10.286, 9.78, 9.928, 10.245, 8.886, 8.117, 8.955, 8.725, 7.897, 7.867, 8.526, 8.815, 9.688, 11.516, 13.173, 15.148, 17.586, 17.367, 16.228, 16.561, 18.217, 18.287, 17.208, 19.515, 22.02, 20.749, 20.442, 18.844, 15.498, 14.306, 14.606, 15.964, 16.672, 18.356, 18.974, 18.149, 15.836, 14.761, 14.944, 14.991, 13.869, 14.002, 14.007, 14.155, 14.174, 14.878, 13.791, 12.488, 13.15, 14.077, 13.287, 11.737, 13.283, 13.771, 10.972, 10.132, 11.651, 11.902, 11.134, 11.158, 10.775, 9.454, 8.729, 8.496, 8.067, 7.985, 7.875, 7.762, 9.098, 9.655, 10.311, 11.052, 10.145, 10.0, 9.554, 8.864, 8.131, 8.141, 8.157, 8.408, 9.149, 10.932, 14.204, 14.206, 12.479, 12.703, 13.701, 12.845, 11.801, 11.461, 9.866, 8.152, 6.464, 4.401, 3.692, 5.228, 4.952, 3.461, 3.547, 4.449, 5.158, 5.936, 6.063, 4.604, 4.005, 3.739, 3.47, 3.494, 3.629, 3.319, 3.303, 4.008, 3.433, 2.388, 2.6, 2.552, 2.866, 2.851, 3.803, 6.863, 6.141, 4.813, 4.587, 4.366, 3.191, 2.567, 2.405, 3.361, 4.252, 4.8, 5.208, 5.805, 6.015], [6.149, 4.227, 3.983, 3.382, 4.044, 3.974, 4.377, 4.218, 3.244, 1.873, 1.591, 0.0, 0.986, 1.664, 1.115, 1.592, 2.248, 2.562, 2.851, 2.57, 3.457, 2.961, 2.705, 2.812, 2.586, 2.166, 1.804, 3.737, 3.179, 1.968, 2.649, 2.873, 2.366, 2.747, 4.174, 4.072, 4.419, 4.674, 5.416, 7.311, 7.707, 7.239, 8.128, 9.808, 9.61, 8.769, 8.864, 9.807, 9.308, 8.454, 8.075, 7.44, 7.323, 8.576, 9.931, 11.523, 11.708, 10.642, 9.048, 10.04, 12.28, 12.614, 12.228, 11.789, 11.991, 11.964, 12.416, 12.972, 11.789, 12.293, 13.218, 9.81, 9.143, 10.828, 10.314, 10.468, 10.781, 9.421, 8.653, 9.489, 9.249, 8.427, 8.395, 9.004, 9.225, 10.14, 12.043, 13.616, 15.622, 18.12, 17.824, 16.719, 17.075, 18.744, 18.812, 17.737, 20.01, 22.467, 21.274, 20.932, 19.303, 15.996, 14.724, 15.078, 16.498, 17.103, 18.889, 19.499, 18.675, 16.362, 15.287, 15.469, 15.517, 14.395, 14.528, 14.533, 14.681, 14.7, 15.403, 14.317, 13.014, 13.676, 14.605, 13.805, 12.263, 13.811, 14.298, 11.483, 10.66, 12.177, 12.428, 11.659, 11.684, 11.306, 9.897, 9.208, 8.924, 8.578, 8.534, 8.419, 8.33, 9.628, 10.181, 10.837, 11.577, 10.67, 10.526, 10.08, 9.389, 8.815, 8.763, 8.631, 8.994, 9.62, 11.445, 14.729, 14.732, 12.918, 13.226, 14.227, 13.371, 12.327, 11.997, 10.392, 8.678, 6.958, 4.764, 4.216, 5.68, 5.238, 3.613, 3.011, 3.795, 4.471, 5.147, 5.223, 3.713, 3.319, 3.051, 3.18, 3.056, 2.932, 2.832, 3.023, 4.018, 3.72, 2.776, 2.475, 2.296, 2.578, 2.467, 4.275, 7.352, 6.686, 5.371, 5.037, 4.328, 2.579, 2.384, 2.287, 3.114, 3.577, 4.118, 4.461, 5.143, 5.358], [6.436, 4.251, 4.149, 3.491, 4.279, 4.249, 4.595, 4.435, 3.375, 2.021, 1.795, 0.986, 0.0, 1.322, 0.983, 1.269, 2.399, 2.685, 3.033, 3.008, 3.671, 3.273, 2.751, 2.862, 2.706, 2.204, 2.182, 4.006, 3.515, 2.305, 2.835, 3.022, 2.59, 3.042, 4.456, 4.363, 4.752, 4.974, 5.707, 7.602, 8.067, 7.558, 8.491, 10.177, 9.963, 9.048, 9.148, 10.144, 9.586, 8.738, 8.358, 7.727, 7.603, 8.867, 10.215, 11.799, 11.989, 10.911, 9.053, 10.308, 12.643, 13.039, 12.563, 12.08, 12.283, 12.265, 12.73, 13.333, 12.036, 12.527, 13.511, 10.11, 9.388, 11.125, 10.595, 10.754, 11.06, 9.69, 8.923, 9.758, 9.539, 8.704, 8.673, 9.339, 9.634, 10.502, 12.329, 13.987, 15.962, 18.396, 18.171, 17.042, 17.37, 19.028, 19.103, 18.014, 20.317, 22.831, 21.557, 21.253, 19.658, 16.314, 15.122, 15.419, 16.771, 17.486, 19.17, 19.784, 18.955, 16.651, 15.576, 15.758, 15.808, 14.68, 14.819, 14.822, 14.967, 14.987, 15.695, 14.607, 13.305, 13.967, 14.884, 14.1, 12.544, 14.09, 14.578, 11.786, 10.941, 12.468, 12.714, 11.948, 11.967, 11.59, 10.303, 9.658, 9.341, 8.891, 8.83, 8.749, 8.649, 9.908, 10.466, 11.128, 11.868, 10.964, 10.817, 10.369, 9.68, 9.131, 9.083, 9.009, 9.316, 9.99, 11.757, 15.015, 15.015, 13.285, 13.517, 14.516, 13.652, 12.608, 12.274, 10.676, 8.958, 7.274, 5.146, 4.475, 5.949, 5.325, 3.858, 3.181, 3.935, 4.537, 5.231, 5.291, 3.868, 3.23, 3.088, 3.345, 3.032, 3.001, 2.959, 3.263, 4.298, 4.045, 3.077, 2.824, 2.537, 2.797, 2.8, 4.598, 7.683, 6.953, 5.754, 5.617, 4.698, 2.874, 2.56, 2.753, 3.237, 3.744, 4.162, 4.393, 4.789, 5.021], [6.44, 5.019, 5.044, 4.046, 4.217, 4.246, 4.526, 4.403, 3.346, 2.489, 2.684, 1.664, 1.322, 0.0, 1.18, 1.863, 3.126, 3.444, 3.893, 3.646, 4.597, 4.15, 3.544, 3.563, 3.468, 3.029, 2.757, 4.066, 4.02, 2.733, 3.386, 3.72, 3.481, 3.661, 4.477, 4.479, 4.832, 4.995, 5.721, 7.63, 8.131, 7.541, 8.446, 10.134, 9.945, 9.011, 9.121, 10.135, 9.543, 8.701, 8.327, 7.692, 7.594, 8.859, 10.206, 11.746, 11.963, 10.929, 8.919, 10.296, 12.687, 13.073, 12.607, 12.082, 12.316, 12.292, 12.791, 13.379, 12.102, 12.573, 13.584, 10.154, 9.452, 11.178, 10.668, 10.808, 11.044, 9.669, 8.895, 9.741, 9.534, 8.662, 8.631, 9.34, 9.632, 10.486, 12.298, 13.958, 15.942, 18.361, 18.144, 17.019, 17.333, 19.0, 19.081, 17.983, 20.288, 22.797, 21.526, 21.22, 19.637, 16.303, 15.1, 15.397, 16.738, 17.459, 19.154, 19.754, 18.922, 16.637, 15.56, 15.734, 15.815, 14.667, 14.817, 14.798, 14.95, 14.961, 15.679, 14.581, 13.317, 13.982, 14.861, 14.077, 12.547, 14.087, 14.552, 11.763, 10.937, 12.465, 12.697, 11.924, 11.934, 11.586, 10.361, 9.672, 9.366, 8.921, 8.826, 8.812, 8.73, 9.922, 10.436, 11.161, 11.884, 10.966, 10.872, 10.358, 9.73, 9.119, 9.109, 9.083, 9.33, 10.083, 11.789, 14.99, 14.985, 13.259, 13.521, 14.488, 13.62, 12.596, 12.242, 10.643, 8.935, 7.249, 5.473, 4.786, 5.939, 5.729, 4.746, 3.902, 4.558, 5.093, 5.52, 5.562, 4.309, 3.905, 3.864, 4.072, 3.76, 3.644, 3.774, 3.444, 4.292, 4.084, 3.921, 3.229, 3.408, 3.626, 3.545, 4.956, 7.641, 7.202, 6.255, 6.242, 5.518, 3.703, 3.335, 3.563, 3.958, 4.379, 4.595, 4.722, 5.016, 5.274], [5.788, 4.18, 4.15, 3.193, 3.664, 3.654, 4.055, 3.982, 2.777, 1.908, 2.002, 1.115, 0.983, 1.18, 0.0, 1.443, 2.357, 2.746, 3.025, 2.83, 3.671, 3.304, 2.85, 3.05, 2.778, 2.266, 1.886, 3.34, 3.19, 2.075, 2.869, 3.245, 2.751, 2.696, 3.733, 3.73, 4.09, 4.356, 4.974, 6.897, 7.396, 6.9, 7.857, 9.553, 9.316, 8.355, 8.49, 9.482, 8.902, 8.038, 7.645, 6.998, 6.907, 8.167, 9.54, 11.123, 11.303, 10.214, 8.529, 9.648, 12.035, 12.462, 11.977, 11.346, 11.559, 11.539, 12.002, 12.662, 11.57, 11.941, 12.851, 9.383, 8.666, 10.469, 9.971, 10.034, 10.344, 9.05, 8.269, 9.101, 8.883, 8.027, 7.976, 8.698, 8.968, 9.838, 11.674, 13.321, 15.315, 17.75, 17.541, 16.383, 16.728, 18.376, 18.369, 17.35, 19.677, 22.169, 20.91, 20.6, 18.994, 15.651, 14.459, 14.773, 16.121, 16.84, 18.516, 19.057, 18.232, 15.965, 14.844, 15.027, 15.074, 13.952, 14.099, 14.09, 14.243, 14.302, 14.961, 13.874, 12.571, 13.233, 14.215, 13.447, 11.878, 13.382, 13.919, 11.141, 10.3, 11.773, 11.995, 11.24, 11.268, 10.902, 9.638, 9.065, 8.71, 8.261, 8.115, 8.047, 8.003, 9.242, 9.765, 10.405, 11.135, 10.235, 10.095, 9.637, 8.958, 8.549, 8.507, 8.448, 8.779, 9.449, 11.107, 14.295, 14.294, 12.641, 12.862, 13.784, 12.948, 11.884, 11.575, 9.949, 8.297, 6.618, 4.612, 4.014, 5.331, 4.893, 3.753, 3.237, 4.061, 4.762, 5.421, 5.487, 4.095, 3.448, 3.277, 3.64, 3.24, 3.096, 3.003, 2.803, 3.689, 3.41, 2.983, 2.362, 2.584, 2.768, 2.764, 4.124, 7.093, 6.486, 5.394, 5.366, 4.626, 2.976, 2.541, 2.631, 3.285, 3.878, 4.526, 4.82, 5.37, 5.579], [6.155, 3.74, 3.579, 3.079, 3.974, 4.022, 4.757, 4.898, 3.684, 2.741, 2.318, 1.592, 1.269, 1.863, 1.443, 0.0, 1.64, 2.081, 2.559, 2.516, 3.078, 2.918, 2.379, 2.694, 2.643, 2.334, 1.97, 3.818, 3.442, 2.664, 3.568, 3.648, 2.753, 2.782, 4.098, 4.018, 4.441, 4.658, 5.318, 7.262, 7.774, 7.266, 8.224, 9.919, 9.683, 8.72, 8.855, 9.845, 9.267, 8.403, 8.01, 7.347, 7.272, 8.532, 9.905, 11.488, 11.668, 10.556, 8.759, 9.999, 12.361, 12.783, 12.293, 11.691, 11.897, 11.859, 12.343, 13.013, 11.802, 12.221, 13.22, 9.732, 9.038, 10.759, 10.287, 10.392, 10.69, 9.424, 8.64, 9.479, 9.254, 8.393, 8.341, 9.064, 9.333, 10.205, 12.039, 13.688, 15.682, 18.115, 17.908, 16.749, 17.093, 18.741, 18.714, 17.715, 20.043, 22.536, 21.275, 20.967, 19.361, 16.016, 14.813, 15.139, 16.486, 17.206, 18.881, 19.403, 18.597, 16.33, 15.188, 15.371, 15.419, 14.3, 14.464, 14.434, 14.608, 14.667, 15.305, 14.231, 12.931, 13.579, 14.58, 13.812, 12.243, 13.747, 14.284, 11.508, 10.667, 12.139, 12.36, 11.605, 11.633, 11.267, 9.989, 9.345, 9.03, 8.613, 8.457, 8.381, 8.305, 9.606, 10.13, 10.782, 11.498, 10.605, 10.44, 9.982, 9.342, 8.822, 8.797, 8.776, 9.06, 9.769, 11.47, 14.66, 14.659, 13.008, 13.226, 14.128, 13.313, 12.244, 11.942, 10.304, 8.662, 6.984, 4.868, 4.202, 5.709, 4.869, 3.116, 2.402, 3.167, 4.222, 4.878, 4.889, 3.504, 2.718, 2.913, 3.377, 2.823, 2.312, 2.421, 3.128, 4.124, 3.806, 2.723, 2.523, 2.662, 2.795, 2.453, 4.298, 7.502, 6.804, 5.434, 5.295, 4.273, 2.522, 2.348, 2.501, 2.484, 3.451, 4.481, 4.646, 5.071, 5.292], [6.277, 3.839, 3.318, 3.431, 4.476, 4.246, 5.271, 5.349, 4.114, 3.335, 2.934, 2.248, 2.399, 3.126, 2.357, 1.64, 0.0, 1.291, 1.911, 1.894, 2.657, 2.252, 1.706, 2.068, 1.9, 1.869, 2.368, 4.016, 3.615, 2.94, 3.845, 3.874, 2.885, 2.873, 4.195, 4.15, 4.661, 4.843, 5.428, 7.36, 7.877, 7.361, 8.328, 10.029, 9.783, 8.814, 8.949, 9.942, 9.362, 8.497, 8.104, 7.454, 7.366, 8.637, 9.999, 11.583, 11.762, 10.982, 9.602, 10.456, 12.5, 13.1, 12.44, 11.772, 11.967, 11.98, 12.475, 13.149, 12.494, 12.627, 13.368, 10.081, 9.497, 10.91, 10.446, 10.529, 10.801, 9.558, 8.751, 9.606, 9.366, 8.527, 8.442, 9.175, 9.442, 10.306, 12.134, 13.79, 15.78, 18.209, 18.009, 16.845, 17.187, 18.836, 18.808, 17.81, 20.138, 22.637, 21.37, 21.063, 19.46, 16.11, 14.918, 15.239, 16.58, 17.312, 18.976, 19.498, 18.692, 16.424, 15.277, 15.436, 15.489, 14.394, 14.559, 14.546, 14.702, 14.761, 15.369, 14.326, 13.025, 13.642, 14.675, 13.907, 12.337, 13.841, 14.378, 11.623, 10.782, 12.254, 12.454, 11.699, 11.727, 11.362, 10.321, 9.672, 9.226, 8.744, 8.633, 8.561, 8.475, 9.717, 10.225, 10.884, 11.593, 10.713, 10.532, 10.114, 9.463, 9.054, 8.966, 9.082, 9.299, 9.904, 11.545, 14.754, 14.754, 13.116, 13.321, 14.198, 13.407, 12.338, 12.057, 10.398, 8.788, 7.096, 4.991, 4.454, 5.836, 4.979, 2.579, 1.479, 2.074, 3.017, 3.685, 3.763, 2.486, 2.216, 2.425, 2.616, 2.296, 1.528, 2.013, 3.509, 4.333, 4.029, 2.704, 2.263, 2.228, 2.124, 1.896, 4.415, 7.64, 6.984, 5.202, 4.789, 3.644, 1.855, 2.023, 2.622, 2.386, 2.756, 3.415, 3.887, 4.717, 4.784], [6.04, 3.747, 3.159, 3.576, 4.817, 4.266, 5.369, 5.34, 4.156, 3.718, 3.224, 2.562, 2.685, 3.444, 2.746, 2.081, 1.291, 0.0, 1.312, 1.712, 2.399, 1.913, 1.284, 1.535, 1.636, 1.718, 2.383, 3.785, 3.348, 2.538, 3.578, 3.381, 2.159, 2.628, 3.964, 4.092, 4.88, 5.039, 5.37, 7.258, 7.794, 7.126, 8.088, 9.783, 9.549, 8.58, 8.715, 9.707, 9.127, 8.271, 7.877, 7.266, 7.134, 8.432, 9.767, 11.348, 11.529, 11.274, 10.078, 10.53, 12.643, 13.312, 12.601, 11.834, 12.016, 11.961, 12.503, 13.124, 12.991, 13.177, 13.355, 10.378, 9.947, 11.173, 10.664, 10.498, 10.612, 9.368, 8.531, 9.355, 9.134, 8.272, 8.206, 8.941, 9.22, 10.071, 11.899, 13.551, 15.546, 17.974, 17.773, 16.61, 16.952, 18.601, 18.631, 17.575, 19.904, 22.4, 21.135, 20.828, 19.226, 15.877, 14.679, 15.003, 16.346, 17.077, 18.741, 19.279, 18.457, 16.24, 15.101, 15.275, 15.399, 14.178, 14.396, 14.343, 14.489, 14.555, 15.228, 14.135, 12.928, 13.56, 14.44, 13.672, 12.107, 13.611, 14.143, 11.372, 10.542, 12.066, 12.239, 11.5, 11.493, 11.179, 10.496, 9.881, 9.403, 8.887, 8.654, 8.662, 8.658, 9.693, 10.005, 10.733, 11.468, 10.667, 10.676, 10.119, 9.398, 9.332, 9.065, 9.386, 9.578, 10.144, 11.509, 14.543, 14.521, 12.934, 13.132, 14.037, 13.173, 12.104, 11.809, 10.168, 8.548, 6.849, 4.824, 4.252, 5.601, 4.731, 2.217, 1.133, 1.784, 2.318, 3.242, 3.401, 2.168, 1.829, 1.933, 2.224, 2.034, 1.447, 1.443, 3.116, 4.079, 3.857, 3.017, 2.268, 2.02, 1.633, 1.229, 4.176, 7.424, 6.806, 4.979, 4.563, 3.26, 1.618, 1.38, 2.536, 2.027, 2.168, 2.908, 3.599, 4.479, 4.48], [5.458, 3.57, 3.247, 3.26, 4.674, 3.871, 5.218, 5.292, 4.088, 3.768, 3.114, 2.851, 3.033, 3.893, 3.025, 2.559, 1.911, 1.312, 0.0, 1.551, 2.261, 1.795, 1.669, 1.979, 2.062, 1.813, 2.321, 3.455, 3.091, 2.563, 3.574, 3.497, 2.139, 2.251, 3.426, 3.728, 4.433, 4.605, 4.842, 6.803, 7.35, 6.553, 7.516, 9.211, 8.975, 8.006, 8.141, 9.148, 8.553, 7.689, 7.296, 6.647, 6.634, 8.012, 9.212, 10.774, 11.044, 10.716, 9.798, 10.036, 12.166, 12.793, 12.238, 11.382, 11.517, 11.467, 12.0, 12.665, 12.608, 12.725, 12.917, 9.808, 9.352, 10.691, 10.179, 10.011, 10.093, 8.857, 7.972, 8.781, 8.587, 7.801, 7.656, 8.437, 8.724, 9.533, 11.325, 12.98, 14.972, 17.401, 17.201, 16.036, 16.379, 18.027, 18.0, 17.001, 19.33, 21.828, 20.561, 20.254, 18.652, 15.302, 14.105, 14.431, 15.772, 16.548, 18.167, 18.743, 17.884, 15.727, 14.532, 14.681, 14.859, 13.733, 13.816, 13.725, 13.936, 13.954, 14.571, 13.553, 12.422, 12.975, 13.867, 13.098, 11.57, 13.144, 13.57, 10.801, 10.083, 11.454, 11.68, 10.898, 10.919, 10.745, 9.872, 9.432, 9.037, 8.486, 8.266, 8.175, 8.149, 9.288, 9.426, 10.23, 10.982, 10.273, 10.189, 9.579, 8.863, 8.9, 8.715, 8.939, 9.13, 9.727, 11.091, 14.059, 13.952, 12.324, 12.637, 13.389, 12.599, 11.563, 11.235, 9.59, 7.988, 6.272, 4.199, 3.576, 5.007, 4.374, 2.223, 1.375, 2.011, 2.853, 3.809, 4.037, 2.698, 2.263, 2.363, 2.417, 2.187, 1.905, 1.654, 2.943, 3.835, 3.255, 2.552, 1.801, 1.88, 1.487, 1.318, 3.574, 6.82, 6.177, 4.417, 3.85, 2.743, 1.839, 1.723, 2.352, 2.169, 2.61, 3.54, 4.148, 4.977, 4.975], [4.753, 2.928, 2.509, 2.59, 3.56, 3.301, 4.763, 4.897, 3.669, 3.199, 2.848, 2.57, 3.008, 3.646, 2.83, 2.516, 1.894, 1.712, 1.551, 0.0, 1.63, 1.222, 1.988, 2.451, 2.35, 2.101, 2.128, 3.001, 2.897, 2.548, 3.422, 3.61, 2.544, 1.973, 2.949, 3.149, 3.762, 3.807, 4.175, 6.067, 6.511, 5.825, 6.79, 8.485, 8.247, 7.355, 7.45, 8.406, 7.895, 7.043, 6.661, 6.049, 5.918, 7.248, 8.526, 10.109, 10.315, 10.087, 8.898, 9.246, 11.358, 12.031, 11.327, 10.679, 10.827, 10.825, 11.342, 11.822, 11.696, 11.999, 12.09, 9.205, 8.776, 10.013, 9.506, 9.337, 9.453, 8.133, 7.256, 8.115, 7.848, 7.06, 6.99, 7.627, 7.948, 8.777, 10.629, 12.253, 14.244, 16.708, 16.473, 15.308, 15.662, 17.33, 17.445, 16.323, 18.602, 21.101, 19.86, 19.526, 17.924, 14.582, 13.382, 13.703, 15.084, 15.79, 17.475, 18.106, 17.261, 15.013, 13.928, 14.089, 14.22, 13.023, 13.182, 13.179, 13.31, 13.311, 14.042, 12.944, 11.773, 12.405, 13.191, 12.391, 10.857, 12.424, 12.884, 10.086, 9.294, 10.84, 11.043, 10.279, 10.27, 9.956, 9.193, 8.635, 8.126, 7.624, 7.473, 7.558, 7.509, 8.45, 8.779, 9.54, 10.303, 9.459, 9.521, 8.949, 8.236, 8.151, 7.884, 8.13, 8.358, 8.857, 10.247, 13.351, 13.321, 11.617, 11.859, 12.851, 11.957, 10.916, 10.6, 8.98, 7.28, 5.578, 3.587, 3.202, 4.309, 3.797, 1.784, 1.731, 2.461, 3.631, 4.571, 4.702, 3.32, 2.947, 3.185, 3.226, 3.004, 2.136, 1.999, 2.82, 3.405, 2.657, 2.085, 1.814, 2.385, 2.277, 1.522, 2.893, 6.073, 5.641, 3.91, 3.205, 2.366, 2.197, 1.509, 1.759, 1.934, 3.233, 4.055, 4.748, 5.656, 5.672], [3.895, 1.979, 1.744, 2.294, 3.653, 3.489, 5.014, 5.0, 4.027, 3.537, 3.261, 3.457, 3.671, 4.597, 3.671, 3.078, 2.657, 2.399, 2.261, 1.63, 0.0, 1.328, 2.434, 3.171, 3.126, 2.949, 2.592, 2.798, 2.834, 2.884, 3.248, 3.176, 2.508, 1.985, 2.537, 2.828, 3.652, 3.59, 4.043, 5.608, 6.133, 4.999, 5.904, 7.595, 7.363, 6.428, 6.547, 7.611, 6.96, 6.118, 5.742, 5.19, 5.16, 6.713, 7.744, 9.179, 9.73, 10.022, 8.954, 9.243, 11.222, 12.034, 11.226, 10.453, 10.536, 10.45, 10.873, 11.515, 11.787, 11.989, 11.973, 9.173, 8.732, 9.785, 9.165, 8.884, 8.696, 7.403, 6.616, 7.408, 7.354, 6.569, 6.336, 7.089, 7.309, 8.015, 9.75, 11.37, 13.361, 15.799, 15.654, 14.47, 14.774, 16.433, 16.484, 15.42, 17.723, 20.216, 18.959, 18.647, 17.045, 13.721, 12.56, 12.923, 14.22, 15.027, 16.65, 17.335, 16.323, 14.294, 13.123, 13.344, 13.753, 12.501, 12.551, 12.538, 12.668, 12.533, 13.178, 12.151, 11.108, 11.689, 12.3, 11.537, 10.056, 11.703, 11.977, 9.249, 8.639, 9.922, 10.169, 9.433, 9.379, 9.404, 9.092, 8.625, 8.043, 7.539, 7.26, 7.293, 7.343, 8.229, 8.09, 8.913, 9.69, 9.126, 9.188, 8.729, 7.931, 8.052, 7.657, 8.072, 8.306, 8.756, 9.849, 12.778, 12.594, 11.245, 11.47, 11.897, 11.029, 10.084, 9.661, 8.043, 6.615, 4.94, 2.945, 2.595, 3.436, 2.651, 1.03, 2.032, 2.735, 3.651, 4.965, 5.129, 3.865, 3.591, 3.861, 4.077, 3.868, 2.612, 1.824, 3.274, 3.493, 2.354, 1.833, 2.625, 2.964, 3.068, 1.974, 2.198, 5.147, 4.695, 3.155, 2.853, 2.234, 2.766, 2.315, 2.485, 2.501, 3.975, 4.566, 5.387, 6.274, 6.13], [4.466, 2.844, 2.337, 2.809, 3.89, 3.15, 4.607, 4.601, 3.596, 3.314, 2.749, 2.961, 3.273, 4.15, 3.304, 2.918, 2.252, 1.913, 1.795, 1.222, 1.328, 0.0, 1.991, 2.65, 2.499, 2.125, 2.176, 2.669, 2.529, 2.533, 2.959, 2.964, 2.14, 1.708, 2.668, 3.112, 3.924, 3.883, 4.361, 6.021, 6.437, 5.545, 6.413, 8.092, 7.898, 7.072, 7.149, 8.156, 7.593, 6.805, 6.417, 5.844, 5.69, 7.019, 8.343, 9.795, 10.148, 10.341, 9.189, 9.363, 11.564, 12.266, 11.379, 10.796, 10.908, 10.813, 11.248, 11.797, 11.958, 12.236, 12.246, 9.43, 9.002, 10.09, 9.526, 9.24, 9.188, 7.838, 7.064, 7.867, 7.712, 6.966, 6.757, 7.417, 7.79, 8.529, 10.322, 11.95, 13.891, 16.346, 16.104, 15.012, 15.298, 17.005, 17.204, 16.024, 18.254, 20.789, 19.514, 19.192, 17.629, 14.337, 13.126, 13.37, 14.758, 15.498, 17.182, 17.935, 16.988, 14.805, 13.727, 13.905, 14.186, 12.898, 13.019, 13.114, 13.155, 13.107, 13.84, 12.746, 11.584, 12.21, 12.909, 12.063, 10.605, 12.209, 12.597, 9.778, 9.034, 10.598, 10.798, 10.086, 10.02, 9.777, 9.359, 8.823, 8.194, 7.723, 7.554, 7.638, 7.675, 8.493, 8.579, 9.374, 10.153, 9.443, 9.593, 9.12, 8.294, 8.341, 7.958, 8.323, 8.552, 8.998, 10.229, 13.215, 13.15, 11.55, 11.806, 12.614, 11.702, 10.685, 10.334, 8.731, 7.199, 5.449, 3.376, 2.994, 3.992, 3.532, 1.503, 1.8, 2.408, 3.43, 4.63, 4.751, 3.518, 3.162, 3.277, 3.227, 3.141, 2.427, 1.742, 2.818, 3.249, 2.562, 2.149, 1.999, 2.331, 2.322, 1.458, 2.715, 5.675, 5.336, 3.567, 2.97, 2.298, 2.275, 1.755, 1.94, 2.077, 3.414, 4.111, 4.916, 5.837, 5.851], [6.112, 3.793, 3.259, 3.965, 5.095, 4.595, 5.332, 5.251, 3.952, 3.639, 3.118, 2.705, 2.751, 3.544, 2.85, 2.379, 1.706, 1.284, 1.669, 1.988, 2.434, 1.991, 0.0, 1.264, 1.425, 1.41, 2.607, 3.777, 3.203, 2.588, 3.297, 3.205, 2.184, 2.824, 4.16, 4.537, 5.355, 5.512, 5.763, 7.625, 8.19, 7.266, 8.118, 9.797, 9.658, 8.682, 8.792, 9.864, 9.203, 8.384, 8.003, 7.407, 7.379, 8.767, 10.004, 11.415, 11.773, 11.648, 10.433, 10.772, 13.127, 13.685, 13.114, 12.373, 12.52, 12.453, 12.925, 13.557, 13.317, 13.538, 13.715, 10.807, 10.351, 11.697, 11.163, 10.918, 10.903, 9.586, 8.622, 9.502, 9.337, 8.466, 8.328, 9.147, 9.459, 10.284, 11.966, 13.614, 15.638, 18.036, 17.884, 16.693, 16.993, 18.687, 18.814, 17.665, 19.967, 22.474, 21.211, 20.884, 19.317, 16.015, 14.767, 15.096, 16.405, 17.229, 18.9, 19.511, 18.554, 16.529, 15.395, 15.542, 15.778, 14.566, 14.669, 14.613, 14.764, 14.741, 15.458, 14.348, 13.296, 13.914, 14.567, 13.767, 12.347, 13.907, 14.229, 11.489, 10.781, 12.289, 12.476, 11.732, 11.611, 11.52, 10.827, 10.416, 9.92, 9.361, 9.175, 9.233, 9.207, 10.186, 10.175, 11.056, 11.831, 11.115, 11.203, 10.615, 9.864, 9.826, 9.554, 9.925, 10.038, 10.656, 11.913, 14.836, 14.697, 13.075, 13.442, 14.229, 13.278, 12.36, 11.941, 10.296, 8.651, 7.018, 4.797, 4.397, 5.631, 4.85, 2.453, 1.333, 1.713, 2.318, 3.246, 3.313, 2.286, 1.83, 2.246, 2.712, 2.358, 1.9, 1.67, 3.062, 4.076, 4.097, 3.397, 2.276, 1.819, 1.858, 1.447, 4.27, 7.324, 6.617, 4.891, 4.489, 3.179, 1.406, 1.298, 2.402, 1.842, 1.88, 2.712, 3.213, 4.067, 4.046], [6.924, 4.544, 3.977, 4.406, 5.451, 4.863, 5.347, 5.211, 4.245, 3.707, 3.067, 2.812, 2.862, 3.563, 3.05, 2.694, 2.068, 1.535, 1.979, 2.451, 3.171, 2.65, 1.264, 0.0, 0.891, 1.38, 3.011, 4.483, 3.987, 3.118, 3.884, 3.734, 2.605, 3.512, 4.917, 4.952, 5.494, 5.781, 6.365, 8.166, 8.693, 8.037, 8.942, 10.638, 10.458, 9.49, 9.605, 10.638, 10.027, 9.207, 8.812, 8.212, 8.071, 9.324, 10.724, 12.236, 12.46, 12.01, 10.853, 11.382, 13.449, 13.998, 13.298, 12.779, 12.893, 12.797, 13.285, 13.908, 13.644, 13.879, 14.183, 11.203, 10.64, 11.924, 11.362, 11.309, 11.547, 10.168, 9.4, 10.231, 10.051, 9.184, 9.116, 9.856, 10.156, 10.991, 12.785, 14.45, 16.452, 18.861, 18.652, 17.499, 17.827, 19.491, 19.605, 18.479, 20.787, 23.282, 22.024, 21.725, 20.131, 16.823, 15.614, 15.908, 17.233, 17.951, 19.657, 20.249, 19.39, 17.192, 16.084, 16.254, 16.338, 15.164, 15.342, 15.333, 15.456, 15.508, 16.204, 15.105, 13.828, 14.499, 15.355, 14.565, 13.041, 14.535, 15.046, 12.267, 11.431, 13.019, 13.2, 12.463, 12.432, 12.054, 11.171, 10.5, 10.09, 9.607, 9.396, 9.366, 9.318, 10.517, 10.954, 11.686, 12.388, 11.47, 11.574, 11.014, 10.313, 9.916, 9.699, 10.052, 10.187, 10.889, 12.365, 15.495, 15.485, 13.837, 14.037, 15.013, 14.1, 13.066, 12.739, 11.133, 9.481, 7.777, 5.623, 5.066, 6.413, 5.626, 3.112, 1.847, 2.054, 2.343, 3.169, 3.329, 2.427, 2.092, 2.1, 2.369, 2.244, 2.254, 2.411, 3.719, 4.78, 4.67, 3.578, 2.589, 1.789, 1.859, 2.083, 5.056, 8.143, 7.43, 5.697, 5.188, 3.919, 1.788, 1.646, 3.107, 2.347, 1.771, 2.321, 3.039, 3.837, 3.847], [6.749, 4.368, 3.796, 4.121, 5.211, 4.603, 5.173, 4.944, 4.013, 3.405, 2.731, 2.586, 2.706, 3.468, 2.778, 2.643, 1.9, 1.636, 2.062, 2.35, 3.126, 2.499, 1.425, 0.891, 0.0, 0.987, 2.744, 4.375, 3.808, 2.923, 3.628, 3.552, 2.574, 3.329, 4.796, 4.782, 5.251, 5.515, 6.212, 8.035, 8.509, 7.859, 8.773, 10.457, 10.275, 9.36, 9.444, 10.465, 9.885, 9.082, 8.696, 8.09, 7.942, 9.177, 10.566, 12.082, 12.313, 11.728, 10.61, 11.037, 13.164, 13.667, 12.995, 12.565, 12.706, 12.663, 13.154, 13.716, 13.375, 13.633, 14.021, 10.923, 10.37, 11.699, 11.128, 11.182, 11.422, 10.011, 9.241, 10.064, 9.844, 9.003, 8.979, 9.654, 9.983, 10.8, 12.61, 14.275, 16.27, 18.679, 18.47, 17.333, 17.651, 19.315, 19.489, 18.314, 20.606, 23.118, 21.846, 21.544, 19.953, 16.653, 15.451, 15.726, 17.053, 17.788, 19.47, 20.132, 19.276, 17.036, 15.962, 16.134, 16.211, 15.038, 15.216, 15.217, 15.334, 15.356, 16.088, 14.989, 13.704, 14.375, 15.195, 14.39, 12.874, 14.412, 14.886, 12.088, 11.237, 12.87, 13.08, 12.325, 12.303, 11.886, 10.881, 10.233, 9.78, 9.287, 9.161, 9.202, 9.14, 10.238, 10.819, 11.562, 12.266, 11.312, 11.335, 10.79, 10.121, 9.743, 9.573, 9.752, 9.896, 10.612, 12.169, 15.369, 15.356, 13.606, 13.816, 14.895, 13.976, 12.944, 12.615, 11.018, 9.329, 7.585, 5.444, 4.85, 6.252, 5.48, 2.944, 2.043, 2.286, 2.605, 3.48, 3.638, 2.577, 2.345, 2.231, 2.464, 2.317, 2.448, 2.371, 3.687, 4.68, 4.45, 3.355, 2.465, 2.013, 1.725, 2.056, 4.878, 7.975, 7.324, 5.578, 4.999, 3.763, 1.59, 1.529, 2.818, 2.316, 1.883, 2.546, 3.121, 3.927, 4.011], [6.448, 4.16, 3.687, 3.724, 4.755, 4.234, 4.913, 4.792, 3.649, 2.866, 2.24, 2.166, 2.204, 3.029, 2.266, 2.334, 1.869, 1.718, 1.813, 2.101, 2.949, 2.125, 1.41, 1.38, 0.987, 0.0, 2.501, 4.088, 3.536, 2.669, 3.275, 3.271, 2.364, 3.06, 4.486, 4.515, 5.078, 5.316, 5.85, 7.738, 8.243, 7.553, 8.45, 10.141, 9.961, 9.046, 9.135, 10.166, 9.567, 8.766, 8.385, 7.78, 7.633, 8.899, 10.257, 11.765, 12.004, 11.261, 10.032, 10.488, 12.932, 13.337, 12.795, 12.307, 12.431, 12.448, 12.945, 13.498, 12.839, 13.137, 13.695, 10.481, 9.931, 11.513, 10.945, 10.953, 11.135, 9.726, 8.928, 9.759, 9.532, 8.703, 8.67, 9.347, 9.682, 10.494, 12.3, 13.966, 15.955, 18.364, 18.165, 17.028, 17.336, 19.001, 19.178, 17.999, 20.29, 22.805, 21.527, 21.229, 19.645, 16.352, 15.142, 15.411, 16.738, 17.478, 19.162, 19.823, 18.963, 16.732, 15.657, 15.829, 15.933, 14.736, 14.913, 14.894, 15.027, 15.045, 15.777, 14.678, 13.418, 14.085, 14.883, 14.079, 12.57, 14.106, 14.577, 11.787, 10.94, 12.561, 12.771, 12.016, 11.99, 11.592, 10.504, 10.008, 9.595, 9.046, 8.949, 9.035, 8.973, 9.954, 10.51, 11.266, 11.966, 11.075, 11.101, 10.489, 9.841, 9.563, 9.42, 9.565, 9.691, 10.414, 11.887, 15.071, 15.046, 13.267, 13.521, 14.586, 13.665, 12.639, 12.306, 10.706, 8.966, 7.255, 5.109, 4.46, 5.956, 5.298, 3.065, 2.184, 2.456, 3.099, 3.949, 4.061, 2.789, 2.254, 2.19, 2.535, 2.076, 2.385, 2.32, 3.481, 4.436, 4.12, 3.11, 2.273, 1.911, 1.638, 1.928, 4.569, 7.64, 7.031, 5.293, 4.738, 3.527, 1.626, 1.465, 2.279, 2.043, 2.259, 3.03, 3.404, 4.099, 4.228], [4.514, 3.384, 3.309, 2.601, 3.791, 2.737, 3.353, 3.489, 2.565, 2.217, 1.969, 1.804, 2.182, 2.757, 1.886, 1.97, 2.368, 2.383, 2.321, 2.128, 2.592, 2.176, 2.607, 3.011, 2.744, 2.501, 0.0, 2.088, 1.899, 1.447, 2.457, 2.723, 2.101, 1.465, 2.511, 2.524, 3.235, 3.355, 3.994, 5.837, 6.2, 5.603, 6.551, 8.247, 8.019, 7.068, 7.197, 8.188, 7.614, 6.758, 6.365, 5.715, 5.723, 6.973, 8.277, 9.834, 10.056, 9.593, 8.675, 9.083, 10.924, 11.631, 10.904, 10.17, 10.4, 10.413, 10.924, 11.553, 11.428, 11.574, 11.911, 8.769, 8.221, 9.479, 8.892, 8.901, 9.092, 7.827, 7.0, 7.807, 7.589, 6.755, 6.695, 7.421, 7.739, 8.568, 10.38, 12.024, 14.018, 16.456, 16.245, 15.086, 15.431, 17.082, 17.087, 16.059, 18.38, 20.873, 19.616, 19.304, 17.697, 14.365, 13.156, 13.476, 14.828, 15.576, 17.235, 17.801, 16.949, 14.708, 13.572, 13.763, 13.838, 12.706, 12.864, 12.848, 12.98, 13.026, 13.69, 12.603, 11.412, 12.046, 12.925, 12.152, 10.616, 12.119, 12.626, 9.847, 9.025, 10.502, 10.725, 9.965, 9.987, 9.713, 8.919, 8.179, 7.672, 7.212, 7.017, 7.008, 6.98, 8.065, 8.502, 9.172, 9.948, 9.139, 8.909, 8.462, 7.801, 7.655, 7.534, 7.585, 7.973, 8.419, 9.956, 13.061, 13.014, 11.475, 11.599, 12.5, 11.662, 10.616, 10.294, 8.66, 7.171, 5.405, 3.411, 2.686, 4.078, 3.828, 2.635, 2.571, 3.59, 4.236, 5.308, 5.507, 4.165, 3.767, 3.773, 3.355, 3.354, 