[[0.0, 1.81, 1.608, 1.743, 3.632, 1.776, 3.212, 1.911, 1.407, 5.927, 10.335, 12.078, 12.726, 14.076, 15.431, 16.148, 16.007, 16.305, 16.838, 16.479, 16.263, 16.424, 15.256, 14.883, 14.904, 13.743, 11.362, 10.754, 10.437, 9.264, 8.357, 7.206, 5.854, 4.996, 4.693, 2.948, 3.527, 5.851, 6.128, 4.776, 5.261, 4.707, 4.17, 5.096, 5.835, 4.711, 4.31, 4.467, 4.96, 4.612, 3.876, 2.63, 2.567, 2.497, 2.137, 2.123, 2.204, 2.241, 2.731, 2.543, 3.196, 3.73, 5.138, 6.575, 6.776, 5.367, 4.872, 4.51, 4.715, 3.075, 1.751, 3.293, 2.933, 2.87, 3.784, 2.453, 2.896, 2.724, 3.127, 2.644, 2.471, 3.119, 2.767, 2.729, 3.214, 4.215, 4.515, 7.135, 9.259, 9.518, 10.003, 10.897, 11.265, 9.64, 8.481, 9.023, 9.18, 9.209, 9.874, 11.048, 12.72, 13.43, 13.19, 12.428, 11.773, 11.612, 12.064, 11.187, 9.069, 9.246, 12.286, 13.431, 12.311, 10.008, 9.811, 8.689, 7.456, 6.95, 7.713, 7.817, 8.279, 8.441, 7.529, 6.856, 5.59, 5.312, 4.615, 3.865, 3.098, 2.782, 4.485, 5.125, 4.355, 4.153, 6.08, 7.6, 7.993, 7.907, 8.934, 9.78, 9.511, 9.391, 9.975, 10.592, 10.267, 9.252, 9.072, 9.021, 9.633, 10.538, 10.666, 10.766, 11.304, 11.638, 11.028, 9.512, 6.222, 4.996, 6.531, 6.542, 5.133, 5.726, 7.907, 8.732, 8.542, 8.293, 8.291, 8.45, 8.248, 9.083, 12.228, 15.788, 18.584, 19.628, 19.693, 19.556, 18.501, 18.665, 20.65, 23.658, 25.628, 25.944, 25.64, 25.957, 26.786, 26.598, 26.077, 26.045, 26.563, 25.654, 24.535, 23.353, 21.218, 20.107, 20.28, 18.924, 16.588, 15.489, 11.704, 8.749, 7.64, 7.855, 7.083, 6.579, 6.299, 4.599], [1.81, 0.0, 0.741, 3.07, 5.097, 3.205, 3.419, 2.41, 2.577, 5.554, 9.741, 11.391, 11.802, 12.978, 14.496, 15.016, 14.798, 15.222, 15.869, 15.659, 15.441, 15.482, 14.324, 13.836, 13.915, 12.855, 10.728, 10.03, 9.692, 8.825, 8.026, 6.76, 5.574, 5.213, 4.987, 3.413, 4.852, 7.185, 7.198, 5.876, 6.404, 5.747, 5.062, 6.478, 7.317, 6.231, 5.702, 5.893, 6.195, 6.137, 5.42, 4.243, 3.937, 3.488, 3.098, 3.391, 3.272, 3.327, 3.873, 3.647, 4.563, 5.103, 6.612, 8.113, 8.241, 6.935, 6.428, 6.085, 6.315, 4.645, 3.258, 4.827, 3.79, 3.379, 5.031, 3.673, 2.98, 3.471, 4.252, 3.904, 3.75, 4.567, 4.03, 3.519, 4.458, 5.202, 5.139, 6.96, 8.853, 8.916, 9.631, 10.511, 10.86, 9.152, 8.343, 8.684, 8.781, 8.892, 9.681, 10.644, 12.225, 12.838, 12.667, 11.939, 11.423, 11.506, 11.815, 11.009, 8.819, 8.897, 11.614, 12.598, 11.519, 9.756, 10.212, 9.111, 8.167, 7.658, 8.251, 8.035, 7.917, 7.889, 6.707, 6.265, 5.02, 5.002, 4.432, 4.535, 4.058, 3.924, 5.129, 5.733, 5.455, 5.284, 6.541, 8.076, 8.61, 8.407, 9.085, 9.748, 9.269, 8.983, 9.526, 10.405, 9.883, 9.36, 9.38, 9.248, 9.961, 10.714, 10.398, 10.293, 10.746, 11.071, 10.872, 9.458, 6.152, 4.806, 6.235, 6.399, 5.411, 6.211, 8.349, 8.972, 8.791, 8.387, 8.319, 8.252, 8.231, 8.79, 11.928, 15.358, 17.868, 18.766, 18.433, 18.312, 17.425, 17.738, 19.66, 22.77, 24.748, 25.065, 24.771, 25.162, 25.981, 25.809, 25.295, 24.922, 25.343, 24.517, 23.355, 22.344, 20.373, 19.285, 19.343, 18.304, 16.615, 15.547, 11.754, 8.594, 7.699, 7.979, 7.489, 6.955, 6.334, 4.818], [1.608, 0.741, 0.0, 2.755, 4.782, 3.012, 3.735, 2.691, 2.38, 5.821, 10.039, 11.677, 12.048, 13.221, 14.76, 15.298, 15.108, 15.467, 16.144, 15.918, 15.652, 15.701, 14.596, 14.114, 14.207, 13.121, 10.983, 10.25, 9.934, 9.064, 8.247, 7.002, 5.826, 5.505, 5.283, 3.526, 4.689, 7.035, 7.302, 5.946, 6.452, 5.933, 5.315, 6.337, 7.05, 6.006, 5.621, 5.734, 6.16, 5.911, 5.172, 3.89, 3.712, 3.367, 3.039, 3.179, 3.185, 3.333, 3.934, 3.732, 4.374, 4.911, 6.388, 7.85, 7.977, 6.652, 6.152, 5.822, 6.027, 4.361, 2.976, 4.563, 3.444, 3.349, 5.017, 3.752, 3.18, 3.733, 4.414, 3.902, 3.606, 4.325, 3.94, 3.665, 4.504, 5.236, 5.47, 7.182, 9.084, 9.205, 9.875, 10.749, 11.153, 9.436, 8.594, 8.946, 9.074, 9.17, 9.906, 10.869, 12.468, 13.124, 12.904, 12.176, 11.648, 11.735, 12.037, 11.236, 9.071, 9.177, 11.905, 12.863, 11.78, 10.04, 10.47, 9.384, 8.464, 7.939, 8.569, 8.259, 8.147, 8.126, 6.938, 6.507, 5.315, 5.281, 4.717, 4.866, 4.122, 4.052, 5.468, 6.068, 5.611, 5.42, 6.865, 8.378, 8.922, 8.719, 9.313, 10.033, 9.55, 9.26, 9.824, 10.683, 10.156, 9.613, 9.677, 9.541, 10.196, 10.964, 10.663, 10.536, 10.983, 11.369, 11.097, 9.683, 6.375, 5.028, 6.456, 6.623, 5.64, 6.475, 8.612, 9.233, 9.104, 8.612, 8.599, 8.531, 8.492, 9.069, 12.155, 15.647, 18.158, 19.027, 18.733, 18.622, 17.684, 17.995, 19.923, 22.992, 24.993, 25.328, 25.035, 25.408, 26.188, 26.024, 25.515, 25.174, 25.615, 24.794, 23.617, 22.62, 20.638, 19.562, 19.605, 18.551, 16.839, 15.776, 11.984, 8.82, 7.978, 8.204, 7.799, 7.3, 6.613, 5.107], [1.743, 3.07, 2.755, 0.0, 2.235, 1.575, 4.083, 2.647, 2.093, 6.636, 11.169, 13.012, 14.002, 15.448, 16.679, 17.454, 17.313, 17.663, 18.082, 17.555, 17.526, 17.701, 16.542, 16.18, 16.018, 14.838, 12.313, 11.789, 11.594, 10.189, 9.061, 8.161, 6.676, 5.713, 5.351, 3.584, 3.409, 5.501, 6.105, 5.05, 5.283, 4.987, 4.802, 5.395, 5.386, 4.536, 4.302, 4.423, 4.881, 3.971, 3.024, 2.072, 1.891, 2.213, 2.509, 2.567, 2.785, 2.811, 3.046, 2.764, 3.38, 3.361, 4.011, 5.287, 5.543, 4.495, 4.003, 3.327, 3.463, 1.968, 1.226, 1.899, 2.609, 3.257, 3.791, 2.749, 3.586, 3.419, 3.517, 2.834, 2.714, 2.828, 2.854, 3.377, 3.746, 4.788, 5.274, 7.767, 9.943, 10.336, 10.732, 11.608, 11.959, 10.428, 9.095, 9.871, 10.105, 9.847, 10.482, 11.797, 13.678, 14.263, 13.963, 13.262, 12.672, 12.219, 12.686, 11.804, 9.785, 10.085, 13.169, 14.43, 13.263, 10.71, 10.528, 9.363, 8.213, 7.71, 8.469, 8.485, 9.014, 9.378, 8.852, 7.971, 6.327, 5.933, 5.319, 4.557, 3.675, 3.432, 5.228, 5.89, 4.927, 4.736, 6.794, 8.334, 8.739, 8.636, 9.542, 10.339, 10.145, 10.134, 10.583, 11.188, 10.912, 9.881, 9.703, 9.647, 10.313, 11.172, 11.423, 11.74, 12.231, 12.428, 11.701, 10.191, 6.878, 5.82, 7.281, 7.172, 5.845, 6.476, 8.641, 9.385, 9.14, 8.93, 8.884, 9.006, 8.823, 9.79, 13.02, 16.636, 19.527, 20.79, 21.066, 20.959, 19.882, 19.816, 21.989, 24.945, 26.772, 27.056, 26.587, 27.024, 27.887, 27.655, 27.293, 27.456, 27.929, 26.976, 25.862, 24.633, 22.353, 21.119, 21.392, 19.912, 17.191, 16.119, 12.329, 9.404, 8.231, 8.469, 7.779, 7.247, 6.852, 5.177], [3.632, 5.097, 4.782, 2.235, 0.0, 2.469, 5.983, 4.126, 3.5, 8.176, 13.126, 14.892, 16.14, 17.499, 18.787, 19.496, 19.417, 19.813, 20.225, 19.518, 19.637, 19.778, 18.667, 18.083, 18.005, 16.761, 14.071, 13.641, 13.501, 11.95, 10.775, 9.975, 8.42, 7.378, 6.894, 4.918, 3.147, 4.027, 4.685, 4.995, 4.819, 4.702, 5.164, 4.98, 4.571, 3.856, 4.229, 4.346, 3.825, 3.024, 2.71, 2.436, 2.392, 3.065, 3.441, 3.234, 3.594, 3.439, 3.143, 2.657, 3.088, 2.325, 2.239, 3.411, 3.774, 2.834, 2.374, 1.838, 1.689, 1.734, 2.383, 1.616, 3.582, 4.46, 3.664, 3.426, 5.293, 4.619, 3.985, 3.106, 2.619, 2.23, 2.612, 3.969, 4.13, 5.056, 5.989, 9.224, 11.547, 12.194, 12.276, 13.163, 13.646, 12.295, 10.906, 11.703, 12.039, 11.636, 12.067, 13.583, 15.441, 16.043, 15.639, 15.06, 14.459, 13.788, 14.098, 13.269, 11.399, 11.855, 14.927, 16.27, 15.107, 12.301, 11.34, 10.499, 9.007, 8.222, 8.815, 9.488, 10.566, 11.108, 11.005, 10.042, 8.071, 7.4, 6.978, 5.431, 4.137, 3.89, 5.681, 6.319, 5.013, 5.004, 7.631, 9.194, 9.473, 9.716, 10.741, 11.493, 11.648, 11.88, 12.37, 12.867, 12.539, 11.15, 10.801, 10.658, 11.324, 12.344, 13.315, 13.476, 13.964, 14.222, 13.347, 11.756, 8.405, 7.627, 9.133, 8.808, 6.817, 7.164, 9.303, 10.303, 10.332, 10.26, 10.372, 10.411, 10.382, 11.601, 14.804, 18.484, 21.403, 22.786, 23.212, 23.103, 22.024, 21.97, 24.072, 27.059, 28.812, 29.106, 28.417, 28.825, 29.755, 29.613, 29.333, 29.587, 30.054, 29.051, 28.039, 26.786, 24.375, 23.099, 23.319, 21.806, 18.631, 17.117, 13.766, 11.032, 9.625, 9.678, 8.631, 8.115, 8.25, 6.497], [1.776, 3.205, 3.012, 1.575, 2.469, 0.0, 3.663, 2.205, 1.552, 6.243, 10.995, 12.735, 13.973, 15.358, 16.56, 17.208, 17.171, 17.647, 18.013, 17.337, 17.475, 17.629, 16.432, 15.821, 15.786, 14.493, 12.045, 11.578, 11.374, 9.926, 8.816, 7.936, 6.419, 5.385, 4.889, 3.243, 3.139, 5.274, 5.59, 4.555, 5.023, 4.365, 4.236, 4.689, 5.116, 4.122, 3.886, 4.189, 4.423, 3.662, 3.078, 2.402, 2.397, 2.41, 2.41, 2.184, 2.139, 2.151, 2.275, 2.14, 2.791, 2.712, 4.028, 5.486, 5.784, 4.468, 3.916, 3.52, 3.628, 2.162, 1.278, 2.448, 2.535, 2.86, 3.549, 2.221, 3.161, 2.875, 2.81, 2.012, 1.884, 2.412, 2.365, 2.801, 3.085, 4.181, 4.691, 7.465, 9.681, 10.077, 10.479, 11.354, 11.675, 10.195, 8.851, 9.616, 9.848, 9.54, 10.196, 11.543, 13.424, 14.008, 13.714, 13.021, 12.414, 11.917, 12.403, 11.535, 9.535, 9.774, 12.909, 14.146, 12.981, 10.427, 9.987, 8.921, 7.621, 7.14, 7.888, 7.998, 8.758, 9.121, 8.859, 7.927, 6.1, 5.565, 5.037, 3.999, 3.088, 2.855, 4.611, 5.313, 4.053, 3.983, 6.256, 7.782, 8.149, 8.087, 9.146, 9.87, 9.764, 9.746, 10.233, 10.886, 10.649, 9.439, 9.213, 9.132, 9.795, 10.733, 11.25, 11.446, 11.961, 12.145, 11.473, 9.927, 6.617, 5.6, 7.045, 6.904, 5.334, 5.913, 8.084, 8.861, 8.735, 8.575, 8.518, 8.695, 8.541, 9.537, 12.766, 16.395, 19.23, 20.541, 20.989, 20.954, 19.857, 19.795, 21.875, 24.904, 26.642, 26.895, 26.261, 26.747, 27.664, 27.51, 27.212, 27.439, 27.895, 26.896, 25.88, 24.605, 22.181, 20.853, 21.146, 19.691, 16.866, 15.67, 11.986, 9.142, 7.863, 8.099, 7.152, 6.59, 6.39, 4.732], [3.212, 3.419, 3.735, 4.083, 5.983, 3.663, 0.0, 2.019, 2.992, 3.001, 7.52, 9.242, 10.347, 11.748, 12.928, 13.603, 13.525, 14.019, 14.367, 13.79, 13.836, 13.992, 12.818, 12.241, 12.212, 10.969, 8.584, 8.048, 7.867, 6.513, 5.481, 4.471, 3.026, 2.088, 2.002, 2.86, 5.479, 7.847, 7.384, 5.685, 6.536, 5.514, 4.552, 6.757, 8.007, 6.839, 6.227, 6.382, 6.693, 6.833, 6.116, 4.832, 4.479, 3.457, 3.262, 3.506, 3.014, 3.032, 3.74, 4.076, 4.996, 5.726, 7.263, 8.876, 8.92, 7.69, 7.125, 6.729, 7.047, 5.336, 3.925, 5.483, 4.428, 3.591, 5.581, 3.806, 1.921, 2.717, 4.04, 4.169, 3.927, 5.088, 4.638, 3.465, 4.255, 4.699, 2.508, 4.16, 6.338, 6.659, 7.106, 7.989, 8.293, 6.746, 5.522, 6.175, 6.34, 6.199, 6.937, 8.141, 9.971, 10.595, 10.334, 9.59, 8.994, 8.675, 9.144, 8.326, 6.192, 6.373, 9.485, 10.648, 9.506, 7.05, 6.99, 5.844, 5.108, 4.75, 5.063, 4.923, 5.456, 5.732, 5.297, 4.459, 2.855, 2.492, 1.933, 2.247, 3.56, 3.552, 2.674, 2.988, 3.86, 3.896, 3.524, 4.847, 5.377, 5.167, 6.028, 6.764, 6.433, 6.344, 6.876, 7.562, 7.306, 6.328, 6.142, 6.069, 6.749, 7.617, 7.8, 7.958, 8.536, 8.718, 8.101, 6.579, 3.314, 2.35, 3.638, 3.611, 2.621, 3.127, 5.139, 5.862, 5.615, 5.355, 5.229, 5.442, 5.297, 6.138, 9.336, 12.921, 15.729, 16.94, 17.365, 17.329, 16.233, 16.179, 18.246, 21.296, 23.017, 23.289, 22.772, 23.257, 24.114, 23.945, 23.612, 23.827, 24.249, 23.266, 22.247, 20.985, 18.568, 17.279, 17.636, 16.192, 13.681, 12.59, 8.798, 5.816, 4.807, 5.022, 4.284, 3.615, 3.214, 2.453], [1.911, 2.41, 2.691, 2.647, 4.126, 2.205, 2.019, 0.0, 1.424, 4.543, 9.195, 10.975, 12.164, 13.545, 14.782, 15.41, 15.381, 15.864, 16.229, 15.68, 15.685, 15.853, 14.62, 14.032, 14.086, 12.833, 10.377, 9.92, 9.741, 8.288, 7.216, 6.341, 4.836, 3.787, 3.31, 2.126, 3.749, 6.1, 5.775, 4.153, 4.932, 4.08, 3.229, 5.072, 6.189, 5.107, 4.49, 4.65, 4.967, 5.093, 4.343, 3.08, 2.775, 2.001, 1.738, 1.906, 1.634, 1.529, 2.25, 2.418, 3.34, 3.997, 5.529, 7.102, 7.224, 5.917, 5.381, 5.042, 5.283, 3.618, 2.257, 3.713, 3.115, 2.576, 3.845, 2.215, 1.792, 1.762, 2.549, 2.591, 2.275, 3.291, 2.814, 1.838, 2.758, 3.651, 3.057, 5.827, 8.047, 8.412, 8.837, 9.711, 10.025, 8.501, 7.208, 8.01, 8.202, 7.942, 8.616, 9.923, 11.758, 12.36, 12.066, 11.357, 10.762, 10.313, 10.812, 10.027, 7.971, 8.129, 11.25, 12.484, 11.318, 8.781, 8.331, 7.364, 6.117, 5.556, 6.196, 6.444, 7.231, 7.55, 7.155, 6.213, 4.564, 4.061, 3.532, 2.644, 2.391, 2.138, 3.033, 3.629, 3.452, 3.334, 4.592, 6.072, 6.589, 6.456, 7.586, 8.317, 8.138, 8.09, 8.573, 9.248, 9.016, 7.858, 7.645, 7.567, 8.231, 9.173, 9.521, 9.771, 10.299, 10.475, 9.805, 8.29, 4.952, 4.038, 5.404, 5.32, 3.895, 4.243, 6.446, 7.348, 7.247, 7.014, 6.888, 7.082, 6.922, 7.886, 11.101, 14.681, 17.527, 18.705, 19.173, 19.142, 18.039, 18.004, 20.078, 23.112, 24.885, 25.134, 24.584, 25.091, 25.964, 25.766, 25.387, 25.63, 26.104, 25.13, 24.092, 22.806, 20.459, 19.141, 19.516, 18.021, 15.275, 14.102, 10.394, 7.527, 6.4, 6.658, 5.614, 5.05, 4.827, 3.268], [1.407, 2.577, 2.38, 2.093, 3.5, 1.552, 2.992, 1.424, 0.0, 5.31, 10.108, 12.027, 12.911, 14.433, 15.75, 16.339, 16.267, 16.722, 17.129, 16.656, 16.62, 16.803, 15.523, 14.991, 15.103, 13.903, 11.468, 11.016, 10.799, 9.37, 8.243, 7.418, 5.935, 4.804, 4.325, 2.626, 3.292, 5.611, 5.804, 4.347, 4.965, 4.409, 3.739, 4.59, 5.563, 4.706, 4.337, 4.436, 4.859, 4.467, 3.753, 2.545, 2.385, 2.013, 1.781, 1.566, 1.391, 1.342, 2.259, 2.249, 2.85, 3.404, 4.898, 6.51, 6.659, 5.332, 4.787, 4.423, 4.67, 3.02, 1.733, 3.15, 2.911, 2.666, 3.676, 2.302, 2.748, 2.277, 2.9, 2.372, 1.888, 2.809, 2.58, 2.233, 2.69, 3.537, 3.864, 6.801, 9.009, 9.455, 9.807, 10.666, 11.017, 9.564, 8.26, 9.112, 9.276, 8.98, 9.628, 11.027, 12.85, 13.467, 13.13, 12.401, 11.86, 11.301, 11.806, 10.991, 8.997, 9.207, 12.326, 13.547, 12.394, 9.762, 9.173, 8.206, 6.786, 6.273, 7.061, 7.322, 8.231, 8.632, 7.941, 7.052, 5.583, 5.021, 4.552, 3.355, 2.472, 2.296, 3.834, 4.501, 3.756, 3.652, 5.457, 6.935, 7.31, 7.306, 8.436, 9.125, 9.068, 9.071, 9.52, 10.212, 9.956, 8.726, 8.503, 8.406, 9.092, 10.049, 10.597, 10.798, 11.328, 11.527, 10.822, 9.299, 5.951, 5.084, 6.498, 6.334, 4.761, 5.181, 7.344, 8.211, 8.144, 7.979, 7.871, 8.033, 7.889, 8.988, 12.186, 15.74, 18.541, 19.633, 19.941, 19.893, 18.823, 18.904, 20.925, 23.973, 25.836, 26.089, 25.575, 26.115, 26.958, 26.768, 26.256, 26.42, 26.936, 26.029, 24.903, 23.683, 21.41, 20.132, 20.491, 19.026, 16.154, 14.9, 11.3, 8.558, 7.351, 7.538, 6.469, 5.932, 5.796, 4.114], [5.927, 5.554, 5.821, 6.636, 8.176, 6.243, 3.001, 4.543, 5.31, 0.0, 5.116, 7.044, 8.22, 9.715, 10.975, 11.612, 11.547, 12.018, 12.371, 11.762, 11.858, 12.015, 10.766, 10.191, 10.217, 9.006, 6.41, 6.005, 5.879, 4.387, 3.172, 2.476, 1.715, 2.387, 2.748, 4.784, 7.654, 10.037, 9.108, 7.328, 8.301, 7.262, 6.105, 8.882, 10.136, 9.07, 8.418, 8.635, 8.849, 9.091, 8.384, 7.101, 6.761, 5.777, 5.497, 5.678, 5.229, 5.059, 5.886, 6.293, 7.245, 7.983, 9.543, 11.103, 11.16, 9.919, 9.399, 9.024, 9.309, 7.606, 6.253, 7.758, 6.427, 5.605, 7.81, 5.898, 3.806, 4.771, 6.182, 6.348, 6.2, 7.364, 6.851, 5.677, 6.475, 6.936, 4.046, 1.917, 3.86, 4.457, 4.599, 5.441, 5.838, 4.605, 3.578, 4.138, 4.333, 3.976, 4.559, 5.973, 7.783, 8.393, 7.975, 7.378, 6.848, 6.417, 6.647, 5.897, 4.014, 4.162, 7.229, 8.542, 7.391, 4.937, 5.974, 5.155, 5.095, 5.413, 5.084, 3.632, 3.033, 3.519, 3.282, 2.463, 1.321, 1.424, 2.017, 4.063, 5.822, 5.797, 4.0, 4.052, 5.333, 4.999, 4.277, 4.682, 4.817, 4.195, 4.305, 4.477, 4.057, 4.21, 4.658, 5.143, 5.025, 4.644, 4.892, 5.033, 5.252, 5.726, 5.738, 5.809, 6.226, 6.461, 5.838, 4.334, 1.348, 2.037, 1.667, 1.61, 2.438, 3.794, 3.974, 4.455, 4.425, 3.932, 3.505, 3.126, 3.24, 4.26, 7.138, 10.682, 13.574, 14.838, 15.268, 15.206, 14.155, 14.114, 16.173, 19.193, 20.963, 21.212, 20.596, 21.075, 21.981, 21.778, 21.443, 21.69, 22.21, 21.228, 20.169, 18.911, 16.536, 15.209, 15.548, 14.037, 11.647, 10.297, 6.895, 3.647, 2.89, 3.435, 3.618, 3.372, 2.795, 3.43], [10.335, 9.741, 10.039, 11.169, 13.126, 10.995, 7.52, 9.195, 10.108, 5.116, 0.0, 2.174, 3.169, 4.705, 5.926, 6.633, 6.538, 6.956, 7.323, 6.757, 6.803, 6.972, 5.705, 5.284, 5.2, 4.007, 1.692, 1.922, 1.782, 1.71, 2.885, 4.156, 5.224, 6.252, 7.112, 9.344, 12.451, 14.821, 13.669, 11.851, 13.061, 11.953, 10.821, 13.72, 14.974, 13.855, 13.238, 13.415, 13.613, 13.884, 13.172, 11.89, 11.519, 10.411, 10.226, 10.487, 9.965, 9.824, 10.631, 11.05, 12.007, 12.885, 14.41, 15.958, 15.988, 14.739, 14.157, 13.752, 14.065, 12.4, 10.967, 12.569, 11.222, 10.404, 12.63, 10.663, 8.343, 9.523, 10.907, 11.121, 11.036, 12.221, 11.735, 10.543, 11.268, 11.62, 8.627, 4.983, 2.282, 2.065, 1.988, 1.779, 1.592, 1.909, 2.731, 2.019, 1.835, 2.496, 2.635, 1.918, 2.881, 3.466, 3.246, 2.593, 2.494, 2.625, 2.868, 3.248, 3.493, 2.309, 2.296, 3.55, 2.427, 2.604, 4.651, 4.812, 7.041, 8.584, 8.322, 6.744, 4.186, 3.368, 3.614, 4.144, 5.235, 5.912, 6.441, 8.742, 10.589, 10.574, 8.623, 8.401, 9.587, 9.062, 7.59, 6.737, 6.101, 4.82, 4.059, 3.476, 2.643, 2.332, 2.343, 2.449, 2.676, 3.039, 4.187, 4.48, 3.739, 3.113, 2.403, 2.106, 1.611, 1.855, 2.308, 2.761, 5.348, 6.294, 4.549, 4.887, 7.085, 8.394, 7.863, 5.997, 4.473, 3.747, 3.792, 3.599, 3.574, 2.521, 2.896, 5.976, 8.594, 9.897, 10.2, 10.124, 9.112, 9.058, 11.17, 14.138, 15.949, 16.175, 15.667, 16.071, 16.985, 16.754, 16.436, 16.617, 17.135, 16.178, 15.093, 13.857, 11.514, 10.207, 10.542, 9.053, 8.324, 6.864, 3.829, 3.686, 4.428, 4.977, 6.163, 6.249, 5.528, 7.591], [12.078, 11.391, 11.677, 13.012, 14.892, 12.735, 9.242, 10.975, 12.027, 7.044, 2.174, 0.0, 1.834, 2.9, 4.052, 4.798, 4.641, 5.088, 5.426, 4.795, 4.895, 5.038, 3.892, 3.382, 3.313, 2.32, 1.788, 2.67, 2.484, 3.293, 4.689, 5.882, 6.959, 8.034, 8.822, 11.146, 14.247, 16.624, 15.427, 13.602, 14.812, 13.701, 12.587, 15.482, 16.773, 15.662, 15.045, 15.222, 15.42, 15.696, 14.996, 13.72, 13.319, 12.218, 12.047, 12.307, 11.755, 11.702, 12.378, 12.926, 13.818, 14.692, 16.251, 17.747, 17.79, 16.556, 15.963, 15.559, 15.873, 14.199, 12.801, 14.431, 13.048, 12.211, 14.436, 12.483, 10.114, 11.33, 12.71, 12.936, 12.823, 14.049, 13.504, 12.365, 13.101, 13.426, 10.384, 6.724, 3.992, 3.513, 3.688, 2.89, 2.335, 3.357, 4.411, 3.667, 3.411, 4.168, 4.265, 2.836, 2.348, 2.713, 2.48, 2.39, 2.103, 3.001, 3.635, 4.673, 5.256, 3.79, 2.212, 2.513, 2.031, 3.885, 5.835, 6.335, 8.748, 10.308, 10.019, 8.515, 5.965, 4.885, 5.185, 5.659, 6.999, 7.714, 8.255, 10.556, 12.411, 12.386, 10.397, 10.104, 11.383, 10.839, 9.199, 8.339, 7.757, 6.439, 5.617, 4.96, 4.072, 3.315, 3.114, 3.15, 3.007, 4.139, 5.794, 6.14, 5.09, 3.774, 2.64, 2.606, 2.061, 1.683, 2.779, 4.273, 7.147, 7.996, 6.244, 6.678, 8.885, 10.2, 9.669, 7.804, 6.256, 5.527, 5.526, 5.308, 5.327, 4.184, 2.018, 4.42, 6.685, 8.016, 8.388, 8.338, 7.287, 7.202, 9.222, 12.278, 13.999, 14.261, 13.697, 14.136, 15.006, 14.849, 14.554, 14.807, 15.27, 14.247, 13.254, 11.986, 9.562, 8.357, 8.573, 7.289, 7.011, 5.562, 3.373, 5.367, 6.249, 6.779, 7.996, 8.105, 7.37, 9.404], [12.726, 11.802, 12.048, 14.002, 16.14, 13.973, 10.347, 12.164, 12.911, 8.22, 3.169, 1.834, 0.0, 1.922, 3.149, 3.865, 3.605, 3.918, 4.423, 3.992, 3.883, 4.07, 2.89, 2.712, 2.776, 2.048, 2.524, 3.547, 3.38, 4.454, 5.877, 6.89, 8.144, 9.23, 10.061, 12.365, 15.477, 17.86, 16.656, 14.86, 16.031, 14.921, 13.813, 16.679, 17.969, 16.872, 16.255, 16.433, 16.63, 16.97, 16.297, 14.965, 14.535, 13.426, 13.202, 13.511, 13.052, 12.914, 13.656, 14.17, 15.102, 16.015, 17.556, 18.998, 19.0, 17.801, 17.193, 16.769, 17.108, 15.422, 14.097, 15.724, 14.28, 13.428, 15.698, 13.782, 11.411, 12.589, 13.938, 14.192, 14.127, 15.35, 14.753, 13.666, 14.402, 14.668, 11.593, 7.959, 5.18, 4.588, 4.688, 4.041, 3.281, 4.462, 5.611, 4.793, 4.44, 5.386, 5.475, 3.764, 2.409, 2.876, 2.757, 2.749, 3.027, 4.092, 4.722, 5.678, 6.474, 5.067, 2.741, 2.313, 2.39, 5.146, 7.063, 7.528, 9.921, 11.508, 11.223, 9.725, 7.023, 5.606, 5.368, 6.265, 8.247, 9.001, 9.522, 11.778, 13.646, 13.618, 11.642, 11.344, 12.62, 12.056, 10.435, 9.545, 8.982, 7.675, 6.842, 6.22, 5.309, 4.562, 4.337, 4.335, 4.222, 5.336, 7.006, 7.369, 6.335, 5.027, 4.039, 3.8, 3.169, 2.969, 3.728, 5.373, 8.372, 9.215, 7.43, 7.912, 10.143, 11.425, 10.88, 9.016, 7.485, 6.772, 6.822, 6.54, 6.551, 5.396, 3.229, 4.567, 6.236, 7.141, 7.187, 7.045, 6.037, 6.152, 8.146, 11.183, 13.059, 13.436, 13.089, 13.434, 14.245, 14.132, 13.634, 13.566, 14.152, 13.202, 12.033, 10.867, 8.703, 7.651, 7.721, 6.996, 7.497, 6.28, 4.746, 6.616, 7.482, 7.999, 9.303, 9.406, 8.671, 10.712], [14.076, 12.978, 13.221, 15.448, 17.499, 15.358, 11.748, 13.545, 14.433, 9.715, 4.705, 2.9, 1.922, 0.0, 1.699, 2.378, 2.077, 2.394, 2.947, 2.879, 2.614, 2.728, 1.867, 1.756, 1.691, 2.046, 3.947, 4.868, 4.582, 5.879, 7.311, 8.365, 9.599, 10.691, 11.532, 13.823, 16.899, 19.277, 18.134, 16.339, 17.512, 16.393, 15.244, 18.175, 19.478, 18.341, 17.739, 17.899, 18.094, 18.44, 17.733, 16.346, 15.995, 14.882, 14.664, 14.902, 14.436, 14.318, 15.078, 15.581, 16.545, 17.394, 18.935, 20.458, 20.442, 19.211, 18.643, 18.233, 18.553, 16.849, 15.468, 17.118, 15.723, 14.91, 17.172, 15.171, 12.805, 14.068, 15.408, 15.646, 15.52, 16.727, 16.101, 15.044, 15.832, 16.144, 13.044, 9.322, 6.608, 6.054, 6.111, 5.507, 4.803, 5.939, 7.075, 6.263, 5.91, 6.829, 6.929, 5.181, 3.16, 3.017, 3.439, 3.819, 4.181, 5.276, 6.011, 7.15, 7.927, 6.495, 4.063, 2.927, 3.627, 6.598, 8.519, 9.039, 11.44, 12.989, 12.696, 11.201, 8.473, 7.042, 6.798, 7.726, 9.634, 10.388, 10.907, 13.24, 15.084, 15.037, 13.02, 12.773, 14.038, 13.503, 11.874, 10.975, 10.394, 9.134, 8.291, 7.693, 6.782, 5.981, 5.696, 5.724, 5.624, 6.793, 8.487, 8.858, 7.734, 6.238, 4.666, 4.484, 4.477, 4.084, 4.694, 6.864, 9.744, 10.656, 8.871, 9.356, 11.529, 12.876, 12.344, 10.493, 8.961, 8.149, 8.262, 8.025, 8.004, 6.876, 3.87, 3.576, 5.105, 5.894, 5.75, 5.619, 4.703, 4.801, 6.816, 9.812, 11.813, 12.133, 11.9, 12.256, 13.033, 12.881, 12.475, 12.122, 12.575, 11.666, 10.562, 9.422, 7.478, 6.564, 6.386, 6.008, 6.573, 5.644, 5.704, 8.029, 8.951, 9.455, 10.726, 10.803, 10.052, 12.104], [15.431, 14.496, 14.76, 16.679, 18.787, 16.56, 12.928, 14.782, 15.75, 10.975, 5.926, 4.052, 3.149, 1.699, 0.0, 1.35, 1.637, 1.937, 1.785, 1.982, 1.779, 1.676, 1.453, 1.959, 1.833, 2.64, 5.079, 6.027, 5.794, 7.055, 8.492, 9.49, 10.713, 11.785, 12.61, 14.947, 18.023, 20.4, 19.219, 17.394, 18.605, 17.499, 16.376, 19.284, 20.572, 19.464, 18.863, 19.023, 19.218, 19.476, 18.769, 17.488, 17.119, 16.001, 15.842, 16.14, 15.581, 15.577, 16.16, 16.668, 17.597, 18.531, 20.037, 21.554, 21.567, 20.332, 19.767, 19.357, 19.677, 17.978, 16.614, 18.187, 16.847, 16.004, 18.223, 16.258, 13.904, 15.116, 16.491, 16.719, 16.643, 17.827, 17.311, 16.14, 16.87, 17.216, 14.176, 10.507, 7.741, 7.135, 7.243, 6.639, 5.868, 7.027, 8.183, 7.36, 6.97, 7.873, 8.053, 6.304, 4.142, 3.795, 4.522, 4.916, 5.305, 6.4, 7.134, 8.273, 9.039, 7.531, 4.942, 3.503, 4.281, 7.656, 9.651, 10.169, 12.57, 14.119, 13.823, 12.325, 9.596, 8.095, 8.145, 9.033, 10.757, 11.559, 12.018, 14.343, 16.187, 16.161, 14.165, 13.903, 15.159, 14.63, 13.004, 12.089, 11.505, 10.265, 9.423, 8.728, 7.857, 7.123, 6.767, 6.723, 6.656, 7.939, 9.584, 9.937, 8.853, 7.36, 5.761, 5.594, 5.626, 5.126, 5.833, 7.987, 10.905, 11.786, 9.996, 10.48, 12.675, 13.999, 13.467, 11.598, 10.048, 9.294, 9.307, 9.098, 9.115, 7.959, 4.929, 2.95, 3.681, 4.534, 4.552, 4.544, 3.505, 3.515, 5.494, 8.538, 10.398, 10.645, 10.425, 10.759, 11.607, 11.435, 11.163, 10.957, 11.376, 10.363, 9.381, 8.128, 6.078, 5.319, 5.182, 5.313, 6.096, 5.412, 6.816, 9.153, 10.025, 10.579, 11.763, 11.868, 11.143, 13.188], [16.148, 15.016, 15.298, 17.454, 19.496, 17.208, 13.603, 15.41, 16.339, 11.612, 6.633, 4.798, 3.865, 2.378, 1.35, 0.0, 1.184, 1.683, 1.502, 1.78, 1.727, 1.504, 1.168, 1.878, 2.036, 3.272, 5.95, 6.882, 6.601, 7.894, 9.325, 10.38, 11.604, 12.676, 13.501, 15.838, 18.913, 21.291, 20.109, 18.28, 19.496, 18.386, 17.263, 20.171, 21.459, 20.355, 19.754, 19.914, 20.108, 20.365, 19.649, 18.361, 18.009, 16.846, 16.641, 16.924, 16.287, 16.19, 17.031, 17.5, 18.488, 19.258, 20.808, 22.409, 22.453, 21.223, 20.657, 20.248, 20.568, 18.862, 17.411, 19.013, 17.738, 16.895, 19.114, 17.105, 14.662, 16.007, 17.382, 17.567, 17.411, 18.606, 18.119, 16.923, 17.725, 18.107, 15.063, 11.345, 8.627, 8.022, 8.129, 7.525, 6.74, 7.914, 9.073, 8.251, 7.847, 8.764, 8.944, 7.195, 5.029, 4.561, 5.402, 5.788, 6.195, 7.291, 8.025, 9.164, 9.93, 8.419, 5.819, 4.123, 5.122, 8.542, 10.538, 11.046, 13.447, 15.002, 14.71, 13.216, 10.487, 8.986, 8.87, 9.783, 11.606, 12.353, 12.875, 15.234, 17.078, 17.052, 15.035, 14.788, 16.05, 15.518, 13.881, 12.966, 12.391, 11.142, 10.31, 9.588, 8.666, 7.867, 7.519, 7.548, 7.501, 8.761, 10.465, 10.824, 9.739, 8.247, 6.624, 6.407, 6.488, 6.0, 6.708, 8.878, 11.759, 12.675, 10.886, 11.37, 13.544, 14.89, 14.358, 12.489, 10.939, 10.164, 10.164, 9.975, 10.002, 8.85, 5.817, 3.914, 3.926, 3.918, 3.799, 3.793, 2.91, 3.28, 4.936, 7.884, 9.877, 10.133, 9.932, 10.372, 11.139, 11.024, 10.661, 10.248, 10.709, 9.744, 8.703, 7.487, 6.065, 5.429, 5.436, 6.095, 7.08, 6.484, 7.68, 10.044, 10.916, 11.47, 12.637, 12.686, 11.941, 13.987], [16.007, 14.798, 15.108, 17.313, 19.417, 17.171, 13.525, 15.381, 16.267, 11.547, 6.538, 4.641, 3.605, 2.077, 1.637, 1.184, 0.0, 1.507, 1.362, 1.591, 1.47, 1.436, 1.439, 1.917, 2.045, 3.163, 5.75, 6.667, 6.462, 7.746, 9.135, 10.168, 11.392, 12.464, 13.29, 15.627, 18.702, 21.08, 19.898, 18.061, 19.285, 18.174, 17.04, 19.947, 21.235, 20.144, 19.54, 19.703, 19.897, 20.154, 19.443, 18.15, 17.798, 16.708, 16.536, 16.814, 16.201, 16.165, 16.82, 17.322, 18.277, 19.161, 20.669, 22.212, 22.242, 21.012, 20.446, 20.037, 20.357, 18.651, 17.289, 18.831, 17.523, 16.683, 18.903, 16.901, 14.525, 15.796, 17.17, 17.347, 17.251, 18.457, 17.949, 16.772, 17.541, 17.896, 14.839, 11.132, 8.403, 7.798, 7.905, 7.301, 6.488, 7.69, 8.862, 8.04, 7.653, 8.553, 8.732, 6.984, 4.818, 4.351, 5.191, 5.564, 5.984, 7.08, 7.814, 8.953, 9.718, 8.208, 5.601, 3.889, 4.903, 8.318, 10.314, 10.811, 13.213, 14.778, 14.488, 13.004, 10.276, 8.777, 8.719, 9.667, 11.438, 12.214, 12.686, 15.023, 16.866, 16.841, 14.824, 14.579, 15.846, 15.306, 13.661, 12.732, 12.167, 10.914, 10.086, 9.356, 8.468, 7.698, 7.259, 7.249, 7.255, 8.58, 10.241, 10.6, 9.52, 8.029, 6.413, 6.21, 6.27, 5.767, 6.513, 8.657, 11.547, 12.465, 10.697, 11.16, 13.385, 14.679, 14.147, 12.278, 10.727, 9.952, 9.967, 9.749, 9.778, 8.638, 5.607, 4.087, 4.076, 4.304, 3.997, 3.889, 3.206, 3.507, 5.166, 8.212, 10.145, 10.405, 10.233, 10.689, 11.443, 11.31, 11.031, 10.411, 10.743, 9.816, 8.798, 7.681, 6.017, 5.509, 5.467, 6.248, 7.292, 6.549, 7.426, 9.833, 10.705, 11.258, 12.449, 12.514, 11.784, 13.829], [16.305, 15.222, 15.467, 17.663, 19.813, 17.647, 14.019, 15.864, 16.722, 12.018, 6.956, 5.088, 3.918, 2.394, 1.937, 1.683, 1.507, 0.0, 1.458, 2.215, 1.61, 1.868, 1.615, 2.064, 2.258, 3.565, 6.051, 6.754, 6.544, 7.946, 9.32, 10.251, 11.662, 12.775, 13.573, 15.776, 18.939, 21.314, 20.152, 18.389, 19.519, 18.425, 17.275, 20.134, 21.482, 20.266, 19.625, 19.836, 20.057, 20.495, 19.844, 18.427, 17.953, 16.98, 16.782, 17.069, 16.699, 16.633, 17.257, 17.752, 18.644, 19.675, 21.168, 22.597, 22.538, 21.328, 20.632, 20.191, 20.499, 18.981, 17.74, 19.305, 17.728, 16.909, 19.225, 17.369, 15.036, 16.091, 17.484, 17.824, 17.773, 18.951, 18.331, 17.259, 17.989, 18.19, 15.048, 11.447, 8.683, 8.096, 8.157, 7.476, 6.817, 7.977, 9.121, 8.331, 7.981, 8.923, 8.915, 7.067, 5.005, 4.701, 5.336, 5.661, 6.067, 7.233, 7.969, 9.047, 9.98, 8.596, 5.821, 4.274, 5.228, 8.638, 10.393, 10.886, 13.293, 14.922, 14.652, 13.087, 10.452, 9.038, 8.93, 9.873, 11.837, 12.658, 13.101, 15.312, 17.204, 17.154, 15.104, 14.832, 16.16, 15.507, 13.764, 12.807, 12.247, 10.994, 10.231, 9.748, 8.923, 8.199, 7.719, 7.602, 7.56, 8.907, 10.551, 10.86, 9.694, 8.257, 6.736, 6.631, 6.44, 6.112, 6.596, 8.75, 11.857, 12.6, 10.8, 11.304, 13.625, 14.852, 14.304, 12.468, 10.982, 10.239, 10.372, 10.085, 10.079, 8.894, 5.764, 3.845, 4.159, 4.302, 3.846, 3.645, 3.182, 3.308, 5.147, 7.785, 9.941, 10.332, 10.291, 10.56, 11.194, 11.106, 10.758, 10.03, 10.481, 9.446, 8.41, 7.405, 6.22, 5.685, 5.327, 5.944, 6.682, 5.853, 7.507, 9.976, 11.013, 11.429, 12.863, 12.979, 12.267, 14.305], [16.838, 15.869, 16.144, 18.082, 20.225, 18.013, 14.367, 16.229, 17.129, 12.371, 7.323, 5.426, 4.423, 2.947, 1.785, 1.502, 1.362, 1.458, 0.0, 1.383, 1.173, 1.365, 1.808, 2.515, 2.588, 3.857, 6.461, 7.326, 7.171, 8.499, 9.896, 10.823, 12.047, 13.127, 13.945, 16.281, 19.403, 21.746, 20.553, 18.733, 19.94, 18.829, 17.695, 20.585, 21.869, 20.794, 20.177, 20.354, 20.552, 20.839, 20.132, 18.842, 18.483, 17.413, 17.2, 17.536, 17.043, 17.011, 17.565, 18.063, 18.944, 20.002, 21.473, 22.962, 22.954, 21.667, 21.118, 20.691, 21.008, 19.377, 18.083, 19.611, 18.183, 17.338, 19.571, 17.671, 15.358, 16.467, 17.825, 18.123, 18.089, 19.259, 18.735, 17.567, 18.303, 18.551, 15.508, 11.879, 9.055, 8.433, 8.544, 7.94, 7.121, 8.337, 9.531, 8.728, 8.343, 9.228, 9.387, 7.627, 5.51, 5.005, 5.838, 6.208, 6.639, 7.742, 8.465, 9.598, 10.373, 8.894, 6.256, 4.559, 5.568, 8.964, 10.939, 11.43, 13.831, 15.413, 15.143, 13.647, 10.931, 9.449, 9.518, 10.416, 12.185, 12.997, 13.425, 15.678, 17.543, 17.525, 15.516, 15.284, 16.51, 15.961, 14.308, 13.352, 12.798, 11.536, 10.721, 10.053, 9.213, 8.502, 8.015, 7.88, 7.948, 9.309, 10.9, 11.255, 10.174, 8.702, 7.079, 6.978, 6.963, 6.42, 7.223, 9.322, 12.301, 13.148, 11.4, 11.857, 14.064, 15.343, 14.802, 12.933, 11.382, 10.679, 10.665, 10.401, 10.455, 9.294, 6.243, 3.574, 3.299, 3.286, 3.257, 3.143, 2.406, 2.579, 4.305, 7.122, 9.021, 9.322, 9.228, 9.628, 10.374, 10.237, 10.05, 9.616, 9.963, 8.957, 8.009, 6.66, 5.14, 4.758, 4.686, 5.496, 6.737, 6.109, 8.056, 10.486, 11.366, 11.941, 13.147, 13.281, 12.574, 14.611], [16.479, 15.659, 15.918, 17.555, 19.518, 17.337, 13.79, 15.68, 16.656, 11.762, 6.757, 4.795, 3.992, 2.879, 1.982, 1.78, 1.591, 2.215, 1.383, 0.0, 1.336, 1.548, 1.842, 2.567, 2.364, 3.311, 5.627, 6.551, 6.555, 7.746, 9.195, 10.119, 11.33, 12.394, 13.134, 15.447, 18.534, 20.907, 19.734, 17.937, 19.113, 18.003, 16.868, 19.758, 21.038, 19.955, 19.339, 19.516, 19.714, 20.042, 19.335, 17.998, 17.686, 16.727, 16.605, 16.876, 16.407, 16.436, 16.77, 17.487, 18.147, 19.214, 20.64, 22.113, 22.094, 20.84, 20.274, 19.864, 20.195, 18.517, 17.377, 18.775, 17.354, 16.511, 18.774, 16.815, 14.541, 15.67, 17.009, 17.293, 17.335, 18.412, 17.868, 16.708, 17.446, 17.746, 14.664, 10.98, 8.244, 7.66, 7.708, 7.096, 6.338, 7.531, 8.781, 7.967, 7.669, 8.431, 8.558, 6.806, 4.646, 4.184, 5.016, 5.366, 5.796, 6.891, 7.627, 8.76, 9.546, 8.126, 5.435, 3.838, 4.813, 8.166, 10.105, 10.596, 12.994, 14.572, 14.306, 12.808, 10.104, 8.715, 9.096, 9.909, 11.521, 12.264, 12.701, 14.85, 16.694, 16.668, 14.675, 14.428, 15.712, 15.24, 13.47, 12.517, 11.96, 10.77, 9.893, 9.215, 8.364, 7.798, 7.281, 7.035, 7.16, 8.568, 10.065, 10.45, 9.348, 7.853, 6.45, 6.143, 6.093, 5.656, 6.514, 8.524, 11.535, 12.391, 10.672, 11.081, 13.307, 14.494, 13.963, 12.099, 10.563, 9.835, 9.859, 9.622, 9.605, 8.477, 5.433, 3.699, 3.444, 3.818, 4.047, 3.935, 2.953, 3.371, 4.909, 7.839, 9.537, 9.839, 9.408, 9.74, 10.655, 10.502, 10.351, 10.37, 10.756, 9.678, 8.766, 7.51, 5.535, 4.895, 5.117, 5.537, 6.8, 6.148, 7.222, 9.647, 10.553, 11.086, 12.367, 12.453, 11.73, 13.805], [16.263, 15.441, 15.652, 17.526, 19.637, 17.475, 13.836, 15.685, 16.62, 11.858, 6.803, 4.895, 3.883, 2.614, 1.779, 1.727, 1.47, 1.61, 1.173, 1.336, 0.0, 1.015, 1.611, 2.468, 2.314, 3.277, 5.79, 6.413, 6.441, 7.807, 9.174, 9.882, 11.317, 12.373, 13.12, 15.315, 18.686, 20.969, 19.721, 17.965, 19.031, 17.99, 16.898, 19.637, 21.013, 19.799, 19.191, 19.357, 19.575, 20.008, 19.397, 18.081, 17.646, 16.793, 16.573, 16.906, 16.505, 16.482, 16.974, 17.529, 18.244, 19.455, 20.903, 22.325, 22.232, 20.904, 20.261, 19.699, 20.114, 18.698, 17.545, 19.006, 17.369, 16.42, 18.795, 17.05, 14.798, 15.622, 17.055, 17.565, 17.54, 18.673, 18.095, 16.927, 17.691, 17.707, 14.766, 11.19, 8.345, 7.653, 7.759, 7.095, 6.387, 7.582, 8.788, 8.073, 7.715, 8.463, 8.427, 6.639, 4.665, 4.187, 4.882, 5.25, 5.714, 6.842, 7.497, 8.608, 9.497, 8.174, 5.362, 3.869, 4.84, 8.189, 9.968, 10.462, 12.866, 14.475, 14.16, 12.668, 9.995, 8.771, 8.889, 9.752, 11.63, 12.452, 12.867, 14.918, 16.861, 16.792, 14.776, 14.552, 15.861, 15.178, 13.316, 12.373, 11.816, 10.563, 9.763, 9.386, 8.629, 7.978, 7.495, 7.256, 7.276, 8.702, 10.142, 10.371, 9.208, 7.861, 6.342, 6.379, 6.171, 5.678, 6.435, 8.433, 11.625, 12.37, 10.651, 11.106, 13.434, 14.45, 13.81, 11.974, 10.599, 9.963, 9.981, 9.765, 9.728, 8.421, 5.386, 3.566, 3.75, 4.11, 4.169, 4.045, 3.065, 3.103, 4.991, 7.874, 9.763, 10.132, 9.972, 10.251, 10.997, 10.892, 10.549, 10.383, 10.839, 9.703, 8.762, 7.474, 5.678, 5.235, 5.145, 5.4, 6.731, 5.878, 7.075, 9.487, 10.61, 11.082, 12.572, 12.681, 11.988, 14.049], [16.424, 15.482, 15.701, 17.701, 19.778, 17.629, 13.992, 15.853, 16.803, 12.015, 6.972, 5.038, 4.07, 2.728, 1.676, 1.504, 1.436, 1.868, 1.365, 1.548, 1.015, 0.0, 1.777, 2.558, 2.531, 3.416, 5.931, 6.456, 6.488, 7.922, 9.305, 9.939, 11.466, 12.562, 13.322, 15.483, 18.823, 21.149, 19.932, 18.168, 19.243, 18.196, 17.064, 19.816, 21.223, 19.899, 19.296, 19.487, 19.8, 20.239, 19.616, 18.262, 17.77, 16.931, 16.729, 17.047, 16.644, 16.65, 17.12, 17.684, 18.428, 19.589, 21.052, 22.475, 22.384, 21.101, 20.437, 19.846, 20.264, 18.848, 17.679, 19.157, 17.553, 16.636, 18.995, 17.216, 14.937, 15.844, 17.258, 17.693, 17.675, 18.828, 18.224, 17.093, 17.851, 17.939, 14.894, 11.328, 8.496, 7.842, 7.932, 7.277, 6.581, 7.746, 8.932, 8.208, 7.85, 8.684, 8.622, 6.794, 4.829, 4.393, 5.088, 5.402, 5.831, 6.987, 7.664, 8.754, 9.722, 8.373, 5.54, 4.088, 5.045, 8.4, 10.054, 10.608, 13.018, 14.654, 14.323, 12.81, 10.186, 8.895, 9.061, 9.936, 11.765, 12.588, 13.002, 15.103, 17.021, 16.959, 14.935, 14.702, 16.014, 15.313, 13.415, 12.466, 11.908, 10.654, 9.866, 9.546, 8.784, 8.113, 7.631, 7.44, 7.419, 8.837, 10.337, 10.581, 9.417, 8.054, 6.545, 6.513, 6.27, 5.863, 6.526, 8.521, 11.76, 12.441, 10.754, 11.221, 13.549, 14.641, 13.998, 12.175, 10.765, 10.11, 10.16, 9.917, 9.894, 8.65, 5.574, 3.371, 3.574, 4.13, 4.079, 3.955, 3.0, 2.934, 4.964, 7.822, 9.756, 10.116, 9.958, 10.227, 10.958, 10.86, 10.484, 10.257, 10.732, 9.546, 8.635, 7.423, 5.496, 4.983, 4.958, 5.288, 6.468, 5.863, 7.17, 9.618, 10.798, 11.224, 12.723, 12.839, 12.145, 14.186], [15.256, 14.324, 14.596, 16.542, 18.667, 16.432, 12.818, 14.62, 15.523, 10.766, 5.705, 3.892, 2.89, 1.867, 1.453, 1.168, 1.439, 1.615, 1.808, 1.842, 1.611, 1.777, 0.0, 1.317, 1.45, 2.435, 5.0, 5.925, 5.645, 6.966, 8.405, 9.429, 10.653, 11.725, 12.551, 14.888, 17.969, 20.354, 19.159, 17.322, 18.546, 17.435, 16.31, 19.202, 20.49, 19.405, 18.795, 18.964, 19.158, 19.415, 18.721, 17.457, 17.059, 15.895, 15.696, 15.988, 15.505, 15.386, 16.141, 16.6, 17.554, 18.469, 19.997, 21.485, 21.521, 20.295, 19.707, 19.298, 19.618, 17.932, 16.521, 18.159, 16.787, 15.944, 18.164, 16.24, 13.867, 15.057, 16.431, 16.662, 16.589, 17.796, 17.269, 16.112, 16.835, 17.157, 14.098, 10.467, 7.673, 7.053, 7.161, 6.557, 5.742, 6.945, 8.123, 7.301, 6.897, 7.831, 7.993, 6.245, 4.079, 3.614, 4.452, 4.819, 5.243, 6.341, 7.075, 8.214, 8.979, 7.475, 4.862, 3.181, 4.168, 7.573, 9.567, 10.06, 12.461, 14.033, 13.749, 12.265, 9.537, 8.035, 7.92, 8.8, 10.726, 11.48, 11.995, 14.284, 16.139, 16.11, 14.134, 13.838, 15.113, 14.567, 12.922, 11.98, 11.422, 10.169, 9.341, 8.626, 7.772, 7.011, 6.675, 6.64, 6.573, 7.805, 9.497, 9.861, 8.781, 7.29, 5.685, 5.537, 5.519, 5.036, 5.758, 7.913, 10.868, 11.726, 9.935, 10.42, 12.621, 13.94, 13.408, 11.539, 9.988, 9.268, 9.246, 9.007, 9.048, 7.899, 4.868, 4.099, 4.468, 4.638, 4.598, 4.543, 3.617, 3.832, 5.633, 8.563, 10.524, 10.817, 10.678, 11.008, 11.79, 11.674, 11.28, 11.031, 11.562, 10.557, 9.476, 8.213, 6.63, 6.047, 5.904, 6.405, 7.275, 6.359, 6.696, 9.094, 9.965, 10.519, 11.719, 11.833, 11.115, 13.13], [14.883, 13.836, 14.114, 16.18, 18.083, 15.821, 12.241, 14.032, 14.991, 10.191, 5.284, 3.382, 2.712, 1.756, 1.959, 1.878, 1.917, 2.064, 2.515, 2.567, 2.468, 2.558, 1.317, 0.0, 1.193, 1.927, 4.565, 5.481, 5.192, 6.509, 7.959, 8.993, 10.219, 11.296, 12.117, 14.45, 17.508, 19.89, 18.725, 16.887, 18.111, 17.001, 15.867, 18.757, 20.041, 18.965, 18.348, 18.526, 18.723, 18.981, 18.264, 16.96, 16.622, 15.466, 15.305, 15.563, 14.915, 14.82, 15.647, 16.151, 17.103, 17.848, 19.41, 21.024, 21.068, 19.839, 19.267, 18.862, 19.175, 17.477, 16.01, 17.629, 16.332, 15.51, 17.729, 15.72, 13.263, 14.622, 15.997, 16.149, 16.021, 17.203, 16.726, 15.517, 16.34, 16.722, 13.663, 9.928, 7.209, 6.604, 6.711, 6.107, 5.318, 6.509, 7.689, 6.867, 6.462, 7.379, 7.556, 5.798, 3.672, 3.485, 4.027, 4.397, 4.796, 5.901, 6.637, 7.77, 8.545, 7.035, 4.432, 2.731, 3.737, 7.124, 9.12, 9.632, 12.033, 13.584, 13.315, 11.818, 9.096, 7.597, 7.642, 8.458, 10.222, 10.952, 11.491, 13.849, 15.693, 15.667, 13.627, 13.403, 14.665, 14.133, 12.495, 11.552, 10.973, 9.728, 8.892, 8.164, 7.252, 6.447, 6.108, 6.166, 6.099, 7.35, 9.06, 9.426, 8.347, 6.856, 5.273, 5.001, 5.071, 4.583, 5.324, 7.467, 10.376, 11.261, 9.49, 9.961, 12.15, 13.504, 12.973, 11.104, 9.554, 8.759, 8.771, 8.585, 8.604, 7.465, 4.426, 4.534, 5.013, 5.254, 5.298, 5.205, 4.555, 4.57, 6.519, 9.285, 11.153, 11.445, 11.34, 11.768, 12.443, 12.437, 12.117, 11.794, 12.145, 11.148, 10.187, 8.887, 7.359, 6.637, 6.386, 6.946, 7.617, 6.551, 6.262, 8.657, 9.531, 10.082, 11.253, 11.301, 10.552, 12.602], [14.904, 13.915, 14.207, 16.018, 18.005, 15.786, 12.212, 14.086, 15.103, 10.217, 5.2, 3.313, 2.776, 1.691, 1.833, 2.036, 2.045, 2.258, 2.588, 2.364, 2.314, 2.531, 1.45, 1.193, 0.0, 1.606, 4.146, 4.999, 4.962, 6.258, 7.708, 8.572, 9.805, 10.838, 11.596, 13.932, 17.038, 19.386, 18.204, 16.366, 17.59, 16.495, 15.349, 18.256, 19.545, 18.45, 17.848, 18.009, 18.203, 18.471, 17.764, 16.455, 16.164, 15.189, 15.074, 15.381, 14.823, 14.849, 15.264, 15.887, 16.588, 17.667, 19.105, 20.62, 20.596, 19.318, 18.752, 18.342, 18.683, 17.028, 15.813, 17.209, 15.832, 14.989, 17.208, 15.268, 12.997, 14.102, 15.476, 15.789, 15.793, 16.881, 16.386, 15.146, 15.929, 16.201, 13.154, 9.509, 6.762, 6.141, 6.215, 5.611, 4.845, 6.024, 7.244, 6.459, 6.106, 6.86, 7.038, 5.29, 3.145, 2.983, 3.597, 3.945, 4.29, 5.386, 6.12, 7.259, 8.024, 6.544, 3.913, 2.396, 3.233, 6.628, 8.624, 9.138, 11.539, 13.088, 12.796, 11.31, 8.582, 7.203, 7.552, 8.379, 9.969, 10.742, 11.171, 13.34, 15.191, 15.146, 13.13, 12.954, 14.212, 13.721, 11.976, 11.058, 10.477, 9.276, 8.396, 7.707, 6.878, 6.3, 5.918, 5.734, 5.791, 7.152, 8.553, 8.91, 7.826, 6.335, 4.885, 4.691, 4.663, 4.108, 5.015, 7.008, 10.008, 10.857, 9.178, 9.57, 11.797, 12.985, 12.453, 10.584, 9.041, 8.285, 8.289, 8.119, 8.097, 6.944, 3.92, 3.911, 4.898, 5.557, 5.59, 5.516, 4.769, 4.587, 6.695, 9.511, 11.312, 11.487, 11.298, 11.712, 12.526, 12.426, 12.338, 11.993, 12.287, 11.235, 10.361, 9.071, 7.292, 6.52, 6.125, 6.416, 7.0, 6.002, 5.783, 8.139, 9.01, 9.573, 10.827, 10.892, 10.198, 12.255], [13.743, 12.855, 13.121, 14.838, 16.761, 14.493, 10.969, 12.833, 13.903, 9.006, 4.007, 2.32, 2.048, 2.046, 2.64, 3.272, 3.163, 3.565, 3.857, 3.311, 3.277, 3.416, 2.435, 1.927, 1.606, 0.0, 2.942, 3.8, 3.779, 5.014, 6.465, 7.325, 8.553, 9.505, 10.265, 12.591, 15.801, 18.037, 16.875, 15.14, 16.249, 15.254, 14.05, 16.928, 18.216, 17.086, 16.484, 16.645, 16.846, 17.096, 16.38, 15.143, 14.92, 13.966, 13.839, 14.138, 13.546, 13.59, 14.035, 14.66, 15.305, 16.391, 17.824, 19.397, 19.368, 17.985, 17.426, 17.027, 17.391, 15.806, 14.562, 15.966, 14.515, 13.672, 15.844, 14.01, 11.718, 12.779, 14.148, 14.597, 14.537, 15.58, 15.168, 13.827, 14.635, 14.848, 11.959, 8.269, 5.547, 4.853, 4.978, 4.353, 3.666, 4.795, 6.006, 5.24, 4.87, 5.508, 5.674, 3.926, 2.085, 2.288, 2.392, 2.604, 3.065, 4.028, 4.756, 5.895, 6.66, 5.232, 2.682, 1.633, 2.201, 5.348, 7.331, 7.893, 10.234, 11.807, 11.489, 9.946, 7.223, 5.979, 6.391, 7.204, 8.743, 9.515, 9.938, 12.084, 13.953, 13.871, 11.845, 11.754, 12.99, 12.495, 10.672, 9.789, 9.186, 8.045, 7.177, 6.479, 5.66, 5.096, 4.862, 4.639, 4.725, 5.995, 7.279, 7.6, 6.54, 5.049, 3.95, 3.869, 3.501, 3.009, 3.859, 5.804, 8.748, 9.645, 7.954, 8.353, 10.581, 11.631, 11.089, 9.22, 7.769, 7.043, 6.966, 6.938, 6.883, 5.601, 2.936, 4.253, 5.625, 6.727, 6.999, 6.944, 5.927, 5.663, 7.871, 10.844, 12.58, 12.741, 12.421, 12.783, 13.684, 13.53, 13.426, 13.356, 13.695, 12.646, 11.752, 10.456, 8.063, 7.137, 7.007, 6.608, 7.349, 6.108, 4.61, 6.825, 7.68, 8.318, 9.572, 9.608, 8.905, 10.99], [11.362, 10.728, 10.983, 12.313, 14.071, 12.045, 8.584, 10.377, 11.468, 6.41, 1.692, 1.788, 2.524, 3.947, 5.079, 5.95, 5.75, 6.051, 6.461, 5.627, 5.79, 5.931, 5.0, 4.565, 4.146, 2.942, 0.0, 1.847, 2.128, 2.297, 3.652, 4.778, 5.806, 7.018, 7.654, 9.888, 13.002, 15.379, 14.189, 12.425, 13.575, 12.462, 11.361, 14.246, 15.549, 14.405, 13.804, 13.964, 14.158, 14.51, 13.833, 12.504, 12.188, 11.239, 11.124, 11.344, 10.988, 11.014, 11.305, 12.106, 12.639, 13.685, 15.131, 16.55, 16.534, 15.32, 14.711, 14.298, 14.655, 13.018, 11.916, 13.36, 11.794, 10.963, 13.226, 11.344, 9.067, 10.134, 11.474, 11.864, 11.831, 12.917, 12.335, 11.233, 11.956, 12.206, 9.141, 5.541, 2.799, 2.562, 2.382, 1.894, 1.493, 2.297, 3.379, 2.543, 2.579, 