[[0.0, 0.864, 1.04, 1.361, 1.714, 1.994, 2.488, 4.189, 5.265, 5.522, 5.416, 5.304, 4.833, 4.704, 4.856, 5.836, 7.235, 8.66, 9.225, 9.603, 9.622, 9.406, 9.999, 12.1, 13.765, 12.741, 12.506, 14.107, 14.478, 14.694, 14.329, 14.134, 14.078, 14.469, 14.625, 14.834, 15.359, 15.455, 15.644, 15.471, 14.722, 13.554, 12.719, 13.082, 13.304, 12.676, 12.579, 12.453, 12.501, 12.223, 11.3, 10.535, 10.234, 10.109, 10.519, 11.31, 11.231, 9.173, 7.151, 7.704, 7.083, 5.33, 5.161, 5.244, 4.566, 4.276, 4.556, 3.634, 3.272, 3.265, 2.795, 2.721, 2.511, 2.517, 3.162, 3.691, 4.253, 5.559, 7.476, 9.828, 11.478, 11.427, 10.113, 9.032, 8.655, 8.787], [0.864, 0.0, 0.985, 1.36, 1.65, 1.939, 2.584, 4.322, 5.258, 5.523, 5.608, 5.46, 4.931, 4.864, 5.051, 6.05, 7.467, 8.873, 9.428, 9.803, 9.807, 9.643, 10.214, 12.279, 13.981, 12.941, 12.722, 14.335, 14.671, 14.923, 14.54, 14.304, 14.255, 14.669, 14.819, 15.026, 15.559, 15.666, 15.864, 15.703, 14.933, 13.771, 12.936, 13.285, 13.509, 12.882, 12.78, 12.644, 12.719, 12.437, 11.517, 10.748, 10.439, 10.315, 10.734, 11.513, 11.449, 9.388, 7.249, 7.786, 7.179, 5.505, 5.37, 5.417, 4.615, 4.352, 4.716, 3.762, 3.325, 3.278, 2.545, 2.652, 2.467, 2.51, 3.067, 3.652, 4.125, 5.522, 7.67, 10.007, 11.658, 11.608, 10.297, 9.238, 8.867, 8.979], [1.04, 0.985, 0.0, 0.851, 1.176, 1.558, 2.318, 4.056, 5.076, 5.367, 5.396, 5.203, 4.632, 4.731, 5.007, 6.002, 7.424, 8.839, 9.372, 9.78, 9.801, 9.502, 10.138, 12.256, 13.928, 12.788, 12.514, 14.113, 14.391, 14.691, 14.308, 14.243, 14.213, 14.579, 14.682, 14.885, 15.502, 15.508, 15.701, 15.52, 14.733, 13.609, 12.823, 13.187, 13.392, 12.759, 12.684, 12.541, 12.56, 12.319, 11.427, 10.626, 10.339, 10.211, 10.656, 11.446, 11.27, 9.228, 7.115, 7.766, 7.097, 5.345, 5.3, 5.387, 4.552, 4.201, 4.667, 3.84, 3.404, 3.448, 2.788, 2.662, 2.443, 2.459, 2.954, 3.514, 4.126, 5.57, 7.645, 10.031, 11.664, 11.615, 10.293, 9.178, 8.832, 8.969], [1.361, 1.36, 0.851, 0.0, 0.662, 1.056, 1.993, 3.765, 4.926, 5.197, 5.197, 4.815, 4.146, 4.336, 4.641, 5.637, 7.053, 8.513, 9.078, 9.471, 9.465, 9.123, 9.765, 11.855, 13.55, 12.418, 12.095, 13.661, 13.923, 14.246, 13.938, 13.863, 13.859, 14.166, 14.295, 14.507, 15.124, 15.15, 15.342, 15.133, 14.323, 13.221, 12.421, 12.796, 12.998, 12.365, 12.292, 12.221, 12.188, 11.944, 11.065, 10.239, 9.933, 9.799, 10.255, 11.07, 10.869, 8.857, 6.743, 7.395, 6.724, 4.965, 4.934, 4.996, 4.137, 3.832, 4.272, 3.529, 3.287, 3.456, 2.791, 2.38, 2.114, 2.071, 2.565, 3.09, 3.739, 5.2, 7.278, 9.664, 11.298, 11.248, 9.921, 8.786, 8.457, 8.592], [1.714, 1.65, 1.176, 0.662, 0.0, 0.871, 2.052, 3.864, 5.02, 5.363, 5.349, 4.906, 4.196, 4.428, 4.72, 5.711, 7.132, 8.608, 9.14, 9.548, 9.537, 9.194, 9.815, 11.931, 13.632, 12.481, 12.181, 13.666, 13.908, 14.279, 14.045, 13.95, 13.94, 14.247, 14.328, 14.543, 15.178, 15.2, 15.409, 15.175, 14.354, 13.285, 12.472, 12.846, 13.05, 12.415, 12.35, 12.287, 12.265, 12.012, 11.115, 10.309, 10.008, 9.874, 10.331, 11.134, 10.9, 8.887, 6.802, 7.454, 6.779, 5.025, 5.007, 5.081, 4.114, 3.902, 4.341, 3.799, 3.611, 3.751, 3.072, 2.497, 2.052, 1.901, 2.359, 2.908, 3.632, 5.259, 7.349, 9.734, 11.365, 11.315, 9.988, 8.856, 8.508, 8.659], [1.994, 1.939, 1.558, 1.056, 0.871, 0.0, 1.622, 3.353, 4.633, 4.957, 4.959, 4.411, 3.718, 3.886, 4.095, 5.104, 6.585, 8.048, 8.686, 9.013, 9.002, 8.623, 9.174, 11.324, 12.983, 11.85, 11.618, 13.003, 13.231, 13.619, 13.458, 13.385, 13.351, 13.648, 13.704, 13.908, 14.559, 14.599, 14.762, 14.539, 13.738, 12.642, 11.829, 12.187, 12.389, 11.754, 11.701, 11.655, 11.62, 11.342, 10.493, 9.667, 9.398, 9.267, 9.724, 10.488, 10.234, 8.228, 6.147, 6.804, 6.128, 4.43, 4.377, 4.479, 3.535, 3.263, 3.776, 3.556, 3.541, 3.675, 3.041, 2.285, 1.756, 1.531, 1.863, 2.346, 3.012, 4.617, 6.719, 9.086, 10.758, 10.681, 9.387, 8.252, 7.86, 8.061], [2.488, 2.584, 2.318, 1.993, 2.052, 1.622, 0.0, 2.022, 3.244, 3.611, 3.544, 3.122, 2.61, 2.792, 2.968, 3.935, 5.28, 6.733, 7.348, 7.716, 7.744, 7.419, 8.027, 10.191, 11.827, 10.717, 10.416, 11.927, 12.246, 12.481, 12.247, 12.184, 12.145, 12.508, 12.579, 12.764, 13.422, 13.453, 13.63, 13.407, 12.632, 11.516, 10.708, 11.01, 11.215, 10.581, 10.501, 10.479, 10.475, 10.216, 9.362, 8.533, 8.271, 8.133, 8.586, 9.348, 9.075, 7.049, 5.089, 5.725, 5.041, 3.319, 3.244, 3.434, 2.647, 2.31, 2.795, 2.92, 2.693, 2.948, 2.518, 2.023, 1.966, 2.071, 1.954, 2.049, 2.478, 3.649, 5.608, 7.935, 9.604, 9.53, 8.234, 7.136, 6.695, 6.908], [4.189, 4.322, 4.056, 3.765, 3.864, 3.353, 2.022, 0.0, 1.529, 1.869, 1.995, 1.721, 1.482, 1.769, 1.887, 2.385, 3.728, 5.102, 5.763, 6.064, 6.108, 5.79, 6.36, 8.514, 10.15, 9.027, 8.713, 10.28, 10.576, 10.862, 10.573, 10.514, 10.477, 10.833, 10.934, 11.126, 11.757, 11.737, 11.908, 11.723, 10.978, 9.831, 9.027, 9.399, 9.603, 8.975, 8.888, 8.737, 8.763, 8.531, 7.684, 6.87, 6.599, 6.476, 6.925, 7.675, 7.477, 5.451, 3.812, 4.21, 3.53, 2.209, 2.163, 2.271, 2.299, 2.009, 2.218, 2.754, 2.778, 3.158, 3.095, 3.005, 3.608, 3.742, 3.29, 2.912, 2.423, 2.527, 3.951, 6.262, 7.941, 7.864, 6.57, 5.466, 5.076, 5.249], [5.265, 5.258, 5.076, 4.926, 5.02, 4.633, 3.244, 1.529, 0.0, 0.738, 1.096, 1.366, 1.621, 1.809, 1.827, 1.662, 2.804, 4.262, 4.835, 5.207, 5.216, 4.912, 5.538, 7.675, 9.33, 8.193, 7.852, 9.378, 9.674, 9.961, 9.696, 9.639, 9.635, 9.998, 10.055, 10.233, 10.872, 10.887, 11.092, 10.881, 10.098, 9.016, 8.201, 8.538, 8.747, 8.113, 8.038, 7.923, 7.946, 7.712, 6.843, 6.023, 5.754, 5.625, 6.08, 6.854, 6.581, 4.576, 3.583, 3.81, 3.064, 3.032, 2.931, 3.059, 3.426, 3.063, 2.862, 3.192, 2.983, 3.319, 3.812, 4.229, 4.939, 5.022, 4.628, 4.3, 3.78, 2.746, 3.305, 5.448, 7.1, 7.036, 5.768, 4.74, 4.345, 4.551], [5.522, 5.523, 5.367, 5.197, 5.363, 4.957, 3.611, 1.869, 0.738, 0.0, 0.92, 1.366, 1.671, 1.778, 1.813, 1.485, 2.56, 4.03, 4.579, 4.945, 4.963, 4.665, 5.285, 7.429, 9.084, 7.951, 7.665, 9.231, 9.494, 9.818, 9.471, 9.384, 9.372, 9.752, 9.846, 10.029, 10.607, 10.636, 10.839, 10.641, 9.904, 8.775, 7.949, 8.317, 8.536, 7.907, 7.818, 7.68, 7.696, 7.468, 6.596, 5.783, 5.511, 5.38, 5.856, 6.622, 6.428, 4.482, 3.563, 3.698, 3.085, 3.293, 3.088, 3.264, 3.633, 3.297, 3.079, 3.372, 3.177, 3.445, 4.052, 4.511, 5.227, 5.349, 4.931, 4.564, 3.994, 2.955, 3.119, 5.189, 6.853, 6.814, 5.521, 4.513, 4.152, 4.333], [5.416, 5.608, 5.396, 5.197, 5.349, 4.959, 3.544, 1.995, 1.096, 0.92, 0.0, 1.172, 1.631, 1.621, 1.679, 1.281, 2.153, 3.549, 4.06, 4.423, 4.449, 4.161, 4.784, 6.937, 8.589, 7.478, 7.256, 8.793, 9.108, 9.372, 9.035, 8.942, 8.911, 9.256, 9.382, 9.59, 10.187, 10.201, 10.38, 10.201, 9.451, 8.271, 7.472, 7.833, 8.052, 7.424, 7.333, 7.226, 7.233, 6.974, 6.107, 5.284, 5.035, 4.896, 5.363, 6.11, 5.971, 4.084, 3.18, 3.342, 2.755, 2.997, 2.78, 2.969, 3.418, 3.062, 2.876, 3.097, 2.955, 3.209, 3.819, 4.319, 5.057, 5.181, 4.785, 4.364, 3.768, 2.572, 2.714, 4.706, 6.357, 6.332, 5.049, 4.052, 3.733, 3.878], [5.304, 5.46, 5.203, 4.815, 4.906, 4.411, 3.122, 1.721, 1.366, 1.366, 1.172, 0.0, 1.222, 1.499, 1.528, 1.496, 2.538, 3.996, 4.688, 4.881, 4.869, 4.488, 5.064, 7.169, 8.848, 7.714, 7.403, 9.017, 9.275, 9.612, 9.258, 9.152, 9.13, 9.485, 9.617, 9.824, 10.431, 10.437, 10.639, 10.452, 9.655, 8.538, 7.73, 8.106, 8.325, 7.696, 7.6, 7.493, 7.485, 7.221, 6.338, 5.54, 5.247, 5.109, 5.572, 6.371, 6.21, 4.279, 2.886, 3.197, 2.564, 2.557, 2.223, 2.41, 2.633, 2.327, 2.254, 2.726, 2.929, 3.024, 3.495, 3.906, 4.594, 4.779, 4.008, 3.557, 3.024, 2.185, 2.732, 4.963, 6.595, 6.568, 5.284, 4.175, 3.851, 3.966], [4.833, 4.931, 4.632, 4.146, 4.196, 3.718, 2.61, 1.482, 1.621, 1.671, 1.631, 1.222, 0.0, 0.868, 1.007, 1.729, 3.18, 4.561, 5.25, 5.497, 5.53, 5.201, 5.766, 7.839, 9.568, 8.413, 8.105, 9.629, 9.872, 10.239, 9.969, 9.879, 9.873, 10.148, 10.273, 10.482, 11.138, 11.147, 11.33, 11.115, 10.308, 9.222, 8.421, 8.793, 8.998, 8.366, 8.293, 8.226, 8.198, 7.924, 7.045, 6.241, 5.92, 5.788, 6.243, 7.073, 6.858, 4.901, 3.35, 3.642, 2.95, 2.405, 2.192, 2.612, 2.403, 2.126, 1.842, 2.147, 2.316, 2.451, 2.903, 3.258, 3.971, 4.077, 3.585, 3.213, 2.835, 2.541, 3.308, 5.673, 7.311, 7.275, 5.96, 4.824, 4.49, 4.609], [4.704, 4.864, 4.731, 4.336, 4.428, 3.886, 2.792, 1.769, 1.809, 1.778, 1.621, 1.499, 0.868, 0.0, 0.733, 1.462, 2.992, 4.352, 4.972, 5.326, 5.331, 5.018, 5.473, 7.575, 9.297, 8.25, 8.078, 9.592, 9.976, 10.209, 9.905, 9.652, 9.603, 9.912, 10.084, 10.303, 10.901, 10.957, 11.151, 10.953, 10.16, 9.019, 8.18, 8.561, 8.782, 8.154, 8.074, 8.014, 8.008, 7.714, 6.788, 6.017, 5.65, 5.529, 5.981, 6.813, 6.694, 4.679, 3.193, 3.355, 2.782, 2.141, 2.121, 2.436, 2.294, 1.953, 1.714, 1.895, 2.083, 2.245, 2.775, 3.102, 3.768, 3.954, 3.711, 3.198, 2.636, 2.389, 3.014, 5.357, 6.999, 6.974, 5.646, 4.513, 4.185, 4.302], [4.856, 5.051, 5.007, 4.641, 4.72, 4.095, 2.968, 1.887, 1.827, 1.813, 1.679, 1.528, 1.007, 0.733, 0.0, 1.361, 2.861, 4.183, 4.892, 5.204, 5.185, 4.896, 5.205, 7.341, 8.986, 8.035, 7.906, 9.388, 9.808, 10.016, 9.749, 9.482, 9.364, 9.711, 9.852, 10.058, 10.635, 10.75, 10.939, 10.723, 9.946, 8.757, 7.922, 8.278, 8.501, 7.873, 7.813, 7.796, 7.788, 7.489, 6.561, 5.769, 5.463, 5.341, 5.762, 6.522, 6.431, 4.387, 3.102, 3.195, 2.612, 2.19, 1.958, 2.346, 2.262, 1.988, 1.62, 1.954, 2.258, 2.33, 2.994, 3.192, 3.877, 4.15, 3.893, 3.326, 2.623, 2.181, 2.749, 5.041, 6.706, 6.657, 5.353, 4.29, 3.944, 4.116], [5.836, 6.05, 6.002, 5.637, 5.711, 5.104, 3.935, 2.385, 1.662, 1.485, 1.281, 1.496, 1.729, 1.462, 1.361, 0.0, 1.719, 3.208, 3.836, 4.03, 4.057, 3.731, 4.197, 6.318, 7.967, 6.933, 6.802, 8.291, 8.682, 8.933, 8.615, 8.364, 8.313, 8.661, 8.803, 9.016, 9.612, 9.677, 9.861, 9.672, 8.91, 7.735, 6.9, 7.255, 7.477, 6.85, 6.786, 6.684, 6.697, 6.426, 5.497, 4.716, 4.421, 4.3, 4.728, 5.485, 5.412, 3.511, 2.909, 2.989, 2.493, 2.712, 2.596, 2.724, 3.136, 2.776, 2.493, 2.873, 3.132, 3.366, 4.007, 4.302, 4.98, 5.235, 4.665, 4.122, 3.439, 2.306, 2.291, 4.03, 5.698, 5.648, 4.495, 3.498, 3.195, 3.382], [7.235, 7.467, 7.424, 7.053, 7.132, 6.585, 5.28, 3.728, 2.804, 2.56, 2.153, 2.538, 3.18, 2.992, 2.861, 1.719, 0.0, 1.76, 2.552, 2.616, 2.633, 2.559, 2.889, 5.025, 6.646, 5.663, 5.525, 6.941, 7.372, 7.498, 7.306, 7.08, 7.023, 7.393, 7.487, 7.677, 8.248, 8.391, 8.586, 8.368, 7.601, 6.434, 5.561, 5.854, 6.076, 5.503, 5.447, 5.377, 5.391, 5.163, 4.232, 3.452, 3.14, 3.062, 3.489, 4.219, 4.034, 2.933, 3.796, 3.503, 3.423, 4.188, 3.998, 4.057, 4.622, 4.286, 3.971, 4.359, 4.506, 4.676, 5.358, 5.618, 6.427, 6.686, 6.12, 5.626, 4.964, 3.49, 2.412, 3.083, 4.498, 4.485, 3.67, 3.131, 3.011, 3.362], [8.66, 8.873, 8.839, 8.513, 8.608, 8.048, 6.733, 5.102, 4.262, 4.03, 3.549, 3.996, 4.561, 4.352, 4.183, 3.208, 1.76, 0.0, 1.219, 1.34, 1.359, 1.34, 1.537, 3.607, 5.211, 4.325, 4.178, 5.626, 6.066, 6.183, 5.971, 5.757, 5.639, 5.978, 6.073, 6.266, 6.838, 7.033, 7.224, 6.989, 6.208, 5.035, 4.152, 4.459, 4.679, 4.082, 3.986, 4.04, 4.053, 3.778, 2.901, 2.206, 2.055, 2.074, 2.436, 3.034, 2.942, 3.705, 5.174, 4.845, 4.697, 5.454, 5.216, 5.264, 5.843, 5.583, 5.182, 5.581, 5.791, 6.009, 6.712, 6.889, 7.75, 7.997, 7.523, 6.989, 6.214, 4.756, 3.507, 2.927, 3.637, 3.597, 3.309, 3.499, 3.726, 4.037], [9.225, 9.428, 9.372, 9.078, 9.14, 8.686, 7.348, 5.763, 4.835, 4.579, 4.06, 4.688, 5.25, 4.972, 4.892, 3.836, 2.552, 1.219, 0.0, 0.896, 1.132, 1.27, 1.426, 2.958, 4.616, 3.69, 3.584, 5.07, 5.482, 5.676, 5.36, 5.131, 5.019, 5.277, 5.432, 5.643, 6.234, 6.379, 6.562, 6.348, 5.55, 4.378, 3.535, 3.88, 4.097, 3.475, 3.442, 3.621, 3.551, 3.17, 2.323, 2.142, 2.243, 2.33, 2.253, 2.85, 2.886, 4.491, 5.971, 5.665, 5.559, 6.298, 6.025, 6.084, 6.685, 6.44, 6.037, 6.241, 6.294, 6.555, 7.269, 7.59, 8.334, 8.59, 8.398, 7.864, 7.024, 5.617, 4.182, 3.632, 3.897, 3.62, 3.872, 4.235, 4.57, 4.79], [9.603, 9.803, 9.78, 9.471, 9.548, 9.013, 7.716, 6.064, 5.207, 4.945, 4.423, 4.881, 5.497, 5.326, 5.204, 4.03, 2.616, 1.34, 0.896, 0.0, 0.942, 1.152, 1.271, 2.642, 4.275, 3.416, 3.332, 4.773, 5.196, 5.359, 5.11, 4.86, 4.738, 4.952, 5.1, 5.311, 5.898, 6.1, 6.28, 6.052, 5.206, 4.015, 3.154, 3.495, 3.711, 3.2, 3.157, 3.249, 3.204, 2.933, 2.171, 1.82, 2.017, 2.136, 2.214, 2.607, 2.66, 4.111, 5.723, 5.418, 5.361, 6.221, 5.952, 5.998, 6.643, 6.476, 6.068, 6.51, 6.692, 6.965, 7.652, 7.888, 8.608, 8.944, 8.531, 7.827, 6.938, 5.613, 4.02, 3.278, 3.544, 3.44, 3.572, 3.982, 4.341, 4.611], [9.622, 9.807, 9.801, 9.465, 9.537, 9.002, 7.744, 6.108, 5.216, 4.963, 4.449, 4.869, 5.53, 5.331, 5.185, 4.057, 2.633, 1.359, 1.132, 0.942, 0.0, 0.888, 1.143, 2.746, 4.439, 3.534, 3.418, 4.883, 5.305, 5.304, 5.197, 4.913, 4.786, 5.143, 5.298, 5.507, 6.07, 6.213, 6.394, 6.169, 5.385, 4.198, 3.329, 3.621, 3.864, 3.337, 3.37, 3.391, 3.289, 2.98, 2.263, 1.905, 1.911, 2.021, 2.092, 2.678, 2.567, 3.978, 5.452, 5.265, 5.311, 6.193, 5.965, 5.928, 6.616, 6.496, 6.117, 6.516, 6.694, 6.885, 7.582, 7.937, 8.717, 8.96, 8.523, 7.797, 6.946, 5.566, 3.888, 3.116, 3.413, 3.388, 3.477, 3.867, 4.204, 4.402], [9.406, 9.643, 9.502, 9.123, 9.194, 8.623, 7.419, 5.79, 4.912, 4.665, 4.161, 4.488, 5.201, 5.018, 4.896, 3.731, 2.559, 1.34, 1.27, 1.152, 0.888, 0.0, 0.905, 2.978, 4.641, 3.688, 3.591, 4.986, 5.423, 5.453, 5.331, 5.157, 5.033, 5.29, 5.426, 5.635, 6.269, 6.338, 6.494, 6.263, 5.508, 4.316, 3.452, 3.757, 3.995, 3.458, 3.394, 3.482, 3.322, 3.04, 2.259, 1.754, 1.904, 1.901, 1.979, 2.581, 2.499, 3.877, 5.201, 5.023, 4.886, 5.636, 5.425, 5.478, 6.085, 5.971, 5.653, 6.22, 6.534, 6.724, 7.456, 7.71, 8.383, 8.654, 8.103, 7.328, 6.493, 5.188, 3.703, 3.185, 3.417, 3.413, 3.449, 3.761, 4.068, 4.259], [9.999, 10.214, 10.138, 9.765, 9.815, 9.174, 8.027, 6.36, 5.538, 5.285, 4.784, 5.064, 5.766, 5.473, 5.205, 4.197, 2.889, 1.537, 1.426, 1.271, 1.143, 0.905, 0.0, 2.353, 3.974, 3.115, 3.074, 4.408, 4.862, 4.968, 4.901, 4.614, 4.44, 4.695, 4.802, 5.009, 5.617, 5.777, 5.955, 5.685, 4.87, 3.706, 2.85, 3.118, 3.356, 2.851, 2.8, 2.937, 2.834, 2.528, 1.764, 1.277, 1.394, 1.523, 1.525, 2.129, 2.003, 3.49, 5.069, 4.805, 4.764, 5.768, 5.56, 5.466, 6.209, 6.206, 5.862, 6.612, 7.093, 7.276, 8.005, 8.163, 8.814, 9.192, 8.566, 7.727, 6.75, 5.299, 3.488, 2.76, 3.017, 2.867, 3.109, 3.472, 3.791, 4.08], [12.1, 12.279, 12.256, 11.855, 11.931, 11.324, 10.191, 8.514, 7.675, 7.429, 6.937, 7.169, 7.839, 7.575, 7.341, 6.318, 5.025, 3.607, 2.958, 2.642, 2.746, 2.978, 2.353, 0.0, 1.954, 1.563, 1.59, 2.682, 3.168, 3.497, 3.382, 2.969, 2.487, 2.552, 2.734, 2.907, 3.568, 3.796, 3.991, 3.786, 2.857, 1.758, 1.484, 1.613, 1.667, 1.495, 1.854, 2.322, 1.977, 1.662, 1.492, 1.905, 2.241, 2.358, 2.095, 2.227, 2.221, 4.195, 6.324, 6.031, 6.114, 7.346, 7.175, 6.952, 8.04, 8.192, 7.781, 8.59, 9.091, 9.233, 9.983, 10.343, 10.931, 11.377, 10.686, 9.853, 8.853, 6.993, 4.834, 3.223, 2.949, 3.003, 3.571, 4.215, 4.677, 4.736], [13.765, 13.981, 13.928, 13.55, 13.632, 12.983, 11.827, 10.15, 9.33, 9.084, 8.589, 8.848, 9.568, 9.297, 8.986, 7.967, 6.646, 5.211, 4.616, 4.275, 4.439, 4.641, 3.974, 1.954, 0.0, 1.48, 1.679, 1.548, 2.172, 2.681, 2.567, 2.084, 1.603, 1.558, 1.619, 1.816, 2.216, 2.215, 2.48, 2.399, 1.781, 1.358, 1.77, 1.57, 1.55, 1.909, 1.937, 2.405, 2.042, 2.022, 2.582, 3.386, 3.757, 3.863, 3.392, 2.843, 3.293, 5.303, 7.613, 7.125, 7.466, 8.824, 8.795, 8.688, 9.67, 9.815, 9.517, 10.308, 10.857, 10.995, 11.766, 11.94, 12.622, 13.042, 12.37, 11.529, 10.55, 8.562, 6.443, 4.502, 3.623, 3.718, 4.57, 5.372, 5.778, 5.821], [12.741, 12.941, 12.788, 12.418, 12.481, 11.85, 10.717, 9.027, 8.193, 7.951, 7.478, 7.714, 8.413, 8.25, 8.035, 6.933, 5.663, 4.325, 3.69, 3.416, 3.534, 3.688, 3.115, 1.563, 1.48, 0.0, 1.036, 2.115, 2.951, 3.553, 3.338, 2.94, 2.495, 2.628, 2.794, 3.057, 3.499, 3.249, 3.531, 3.522, 2.851, 2.131, 2.186, 2.353, 2.138, 2.23, 2.631, 3.037, 2.564, 2.231, 1.836, 2.421, 2.88, 2.958, 2.549, 2.174, 2.345, 4.396, 6.735, 6.361, 6.64, 7.864, 7.859, 7.817, 8.676, 8.754, 8.714, 9.464, 9.905, 10.107, 10.803, 11.116, 11.734, 12.004, 11.253, 10.388, 9.591, 7.741, 5.593, 3.741, 2.888, 2.991, 3.841, 4.615, 5.033, 5.056], [12.506, 12.722, 12.514, 12.095, 12.181, 11.618, 10.416, 8.713, 7.852, 7.665, 7.256, 7.403, 8.105, 8.078, 7.906, 6.802, 5.525, 4.178, 3.584, 3.332, 3.418, 3.591, 3.074, 1.59, 1.679, 1.036, 0.0, 2.008, 2.595, 3.188, 2.996, 2.701, 2.334, 2.512, 2.68, 2.983, 3.523, 3.359, 3.607, 3.494, 2.728, 1.994, 2.154, 2.167, 2.088, 2.289, 2.494, 2.67, 2.275, 2.032, 2.007, 2.587, 2.949, 3.03, 2.717, 2.447, 2.489, 4.488, 6.917, 6.648, 6.821, 7.962, 7.938, 7.783, 8.651, 8.684, 8.625, 9.377, 9.738, 9.94, 10.611, 11.007, 11.658, 11.82, 10.997, 10.185, 9.549, 7.813, 5.638, 4.024, 3.254, 3.39, 4.166, 4.905, 5.279, 5.328], [14.107, 14.335, 14.113, 13.661, 13.666, 13.003, 11.927, 10.28, 9.378, 9.231, 8.793, 9.017, 9.629, 9.592, 9.388, 8.291, 6.941, 5.626, 5.07, 4.773, 4.883, 4.986, 4.408, 2.682, 1.548, 2.115, 2.008, 0.0, 1.133, 1.632, 1.546, 1.258, 1.247, 1.482, 1.496, 1.791, 2.145, 1.979, 2.203, 1.951, 1.294, 1.754, 2.367, 2.211, 2.321, 2.749, 2.401, 2.383, 2.154, 2.426, 3.199, 4.003, 4.363, 4.429, 4.257, 4.019, 4.053, 5.858, 8.42, 8.203, 8.288, 9.496, 9.374, 9.324, 10.121, 10.152, 10.063, 10.857, 11.302, 11.495, 12.173, 12.416, 13.044, 13.293, 12.524, 11.685, 10.976, 9.175, 7.037, 5.616, 4.891, 4.992, 5.84, 6.601, 6.866, 6.996], [14.478, 14.671, 14.391, 13.923, 13.908, 13.231, 12.246, 10.576, 9.674, 9.494, 9.108, 9.275, 9.872, 9.976, 9.808, 8.682, 7.372, 6.066, 5.482, 5.196, 5.305, 5.423, 4.862, 3.168, 2.172, 2.951, 2.595, 1.133, 0.0, 1.063, 1.074, 1.341, 1.685, 1.884, 1.782, 1.805, 1.894, 1.984, 2.033, 1.767, 1.318, 2.237, 2.86, 2.626, 2.826, 3.246, 2.862, 2.58, 2.436, 2.914, 3.783, 4.577, 4.917, 4.993, 4.845, 4.691, 4.682, 6.517, 9.07, 8.85, 8.901, 10.046, 9.933, 9.808, 10.615, 10.593, 10.537, 11.301, 11.689, 11.889, 12.554, 12.865, 13.508, 13.69, 12.794, 12.059, 11.426, 9.746, 7.567, 6.227, 5.612, 5.741, 6.471, 7.206, 7.51, 7.627], [14.694, 14.923, 14.691, 14.246, 14.279, 13.619, 12.481, 10.862, 9.961, 9.818, 9.372, 9.612, 10.239, 10.209, 10.016, 8.933, 7.498, 6.183, 5.676, 5.359, 5.304, 5.453, 4.968, 3.497, 2.681, 3.553, 3.188, 1.632, 1.063, 0.0, 0.925, 1.517, 1.884, 2.12, 2.061, 2.059, 2.09, 2.135, 2.01, 1.73, 1.707, 2.599, 3.085, 2.722, 2.973, 3.477, 3.041, 2.729, 2.782, 3.333, 4.257, 4.936, 5.356, 5.481, 5.322, 5.224, 4.963, 6.903, 9.194, 9.081, 9.172, 10.395, 10.267, 10.102, 10.963, 10.883, 10.755, 11.526, 11.899, 12.095, 12.778, 12.954, 13.685, 13.91, 13.099, 12.308, 11.642, 10.046, 7.925, 6.541, 6.188, 6.306, 6.979, 7.538, 7.913, 8.103], [14.329, 14.54, 14.308, 13.938, 14.045, 13.458, 12.247, 10.573, 9.696, 9.471, 9.035, 9.258, 9.969, 9.905, 9.749, 8.615, 7.306, 5.971, 5.36, 5.11, 5.197, 5.331, 4.901, 3.382, 2.567, 3.338, 2.996, 1.546, 1.074, 0.925, 0.0, 1.014, 1.498, 1.837, 1.816, 1.822, 1.832, 1.775, 1.813, 1.614, 1.457, 2.456, 3.005, 2.821, 3.069, 3.484, 3.029, 2.649, 2.676, 3.196, 4.097, 4.812, 5.174, 5.321, 5.166, 5.102, 5.116, 6.988, 9.349, 9.174, 9.184, 10.22, 10.094, 9.943, 10.772, 10.699, 10.548, 11.283, 11.557, 11.755, 12.425, 12.801, 13.475, 13.637, 12.813, 12.034, 11.419, 9.903, 7.791, 6.459, 6.039, 6.17, 6.829, 7.429, 7.853, 7.962], [14.134, 14.304, 14.243, 13.863, 13.95, 13.385, 12.184, 10.514, 9.639, 9.384, 8.942, 9.152, 9.879, 9.652, 9.482, 8.364, 7.08, 5.757, 5.131, 4.86, 4.913, 5.157, 4.614, 2.969, 2.084, 2.94, 2.701, 1.258, 1.341, 1.517, 1.014, 0.0, 0.815, 1.234, 1.321, 1.495, 1.831, 1.733, 1.943, 1.776, 1.538, 2.201, 2.812, 2.628, 2.849, 3.224, 2.794, 2.424, 2.407, 2.825, 3.692, 4.537, 4.781, 4.904, 4.738, 4.702, 4.879, 6.649, 9.128, 8.846, 8.92, 10.05, 9.877, 9.631, 10.533, 10.488, 10.211, 10.91, 11.262, 11.455, 12.137, 12.569, 13.252, 13.514, 12.695, 11.891, 11.121, 9.589, 7.449, 6.095, 5.527, 5.655, 6.348, 7.097, 7.49, 7.516], [14.078, 14.255, 14.213, 13.859, 13.94, 13.351, 12.145, 10.477, 9.635, 9.372, 8.911, 9.13, 9.873, 9.603, 9.364, 8.313, 7.023, 5.639, 5.019, 4.738, 4.786, 5.033, 4.44, 2.487, 1.603, 2.495, 2.334, 1.247, 1.685, 1.884, 1.498, 0.815, 0.0, 0.854, 1.089, 1.426, 1.883, 1.774, 1.976, 1.827, 1.58, 1.993, 2.517, 2.33, 2.491, 2.85, 2.586, 2.378, 2.348, 2.591, 3.304, 4.076, 4.445, 4.529, 4.271, 4.201, 4.364, 6.255, 8.603, 8.322, 8.418, 9.604, 9.454, 9.207, 10.215, 10.223, 10.043, 10.758, 11.176, 11.354, 12.061, 12.437, 13.124, 13.397, 12.68, 11.85, 10.949, 9.194, 7.053, 5.556, 4.991, 5.108, 5.843, 6.581, 6.967, 7.017], [14.469, 14.669, 14.579, 14.166, 14.247, 13.648, 12.508, 10.833, 9.998, 9.752, 9.256, 9.485, 10.148, 9.912, 9.711, 8.661, 7.393, 5.978, 5.277, 4.952, 5.143, 5.29, 4.695, 2.552, 1.558, 2.628, 2.512, 1.482, 1.884, 2.12, 1.837, 1.234, 0.854, 0.0, 0.619, 1.011, 1.487, 1.469, 1.654, 1.612, 1.288, 1.828, 2.422, 2.176, 2.249, 2.64, 2.395, 2.683, 2.561, 2.701, 3.308, 4.052, 4.402, 4.509, 4.163, 3.967, 4.154, 6.064, 8.429, 8.137, 8.253, 9.536, 9.425, 9.333, 10.267, 10.461, 10.121, 10.987, 11.467, 11.653, 12.405, 12.704, 13.231, 13.677, 13.014, 12.163, 11.194, 9.35, 7.086, 5.437, 4.785, 4.897, 5.652, 6.365, 6.777, 6.822], [14.625, 14.819, 14.682, 14.295, 14.328, 13.704, 12.579, 10.934, 10.055, 9.846, 9.382, 9.617, 10.273, 10.084, 9.852, 8.803, 7.487, 6.073, 5.432, 5.1, 5.298, 5.426, 4.802, 2.734, 1.619, 2.794, 2.68, 1.496, 1.782, 2.061, 1.816, 1.321, 1.089, 0.619, 0.0, 0.656, 1.327, 1.311, 1.521, 1.4, 1.094, 1.691, 2.28, 2.128, 2.197, 2.566, 2.368, 2.644, 2.523, 2.702, 3.387, 4.152, 4.517, 4.646, 4.271, 4.051, 4.091, 6.007, 8.401, 8.107, 8.194, 9.493, 9.524, 9.527, 10.435, 10.567, 10.255, 11.166, 11.675, 11.86, 12.605, 12.814, 13.333, 13.735, 13.068, 12.262, 11.343, 9.491, 7.256, 5.467, 4.839, 4.929, 5.702, 6.423, 6.749, 6.873], [14.834, 15.026, 14.885, 14.507, 14.543, 13.908, 12.764, 11.126, 10.233, 10.029, 9.59, 9.824, 10.482, 10.303, 10.058, 9.016, 7.677, 6.266, 5.643, 5.311, 5.507, 5.635, 5.009, 2.907, 1.816, 3.057, 2.983, 1.791, 1.805, 2.059, 1.822, 1.495, 1.426, 1.011, 0.656, 0.0, 1.077, 1.214, 1.391, 1.236, 1.105, 1.7, 2.392, 2.13, 2.117, 2.529, 2.417, 2.697, 2.616, 2.817, 3.586, 4.356, 4.7, 4.827, 4.443, 4.14, 4.167, 6.262, 8.449, 8.128, 8.29, 9.666, 9.737, 9.728, 10.642, 10.762, 10.468, 11.382, 11.894, 12.081, 12.82, 13.007, 13.521, 13.951, 13.277, 12.477, 11.551, 9.705, 7.462, 5.518, 4.997, 5.071, 5.727, 6.436, 6.739, 6.903], [15.359, 15.559, 15.502, 15.124, 15.178, 14.559, 13.422, 11.757, 10.872, 10.607, 10.187, 10.431, 11.138, 10.901, 10.635, 9.612, 8.248, 6.838, 6.234, 5.898, 6.07, 6.269, 5.617, 3.568, 2.216, 3.499, 3.523, 2.145, 1.894, 2.09, 1.832, 1.831, 1.883, 1.487, 1.327, 1.077, 0.0, 0.811, 0.904, 0.863, 1.29, 2.451, 3.148, 2.897, 2.949, 3.426, 3.1, 3.187, 3.222, 3.499, 4.252, 5.057, 5.402, 5.522, 5.161, 4.677, 5.031, 7.047, 9.344, 8.921, 9.202, 10.509, 10.446, 10.371, 11.336, 11.465, 11.09, 11.95, 12.451, 12.626, 13.361, 13.593, 14.168, 14.606, 13.94, 13.14, 12.181, 10.333, 8.111, 6.307, 5.485, 5.573, 6.437, 7.228, 7.546, 7.61], [15.455, 15.666, 15.508, 15.15, 15.2, 14.599, 13.453, 11.737, 10.887, 10.636, 10.201, 10.437, 11.147, 10.957, 10.75, 9.677, 8.391, 7.033, 6.379, 6.1, 6.213, 6.338, 5.777, 3.796, 2.215, 3.249, 3.359, 1.979, 1.984, 2.135, 1.775, 1.733, 1.774, 1.469, 1.311, 1.214, 0.811, 0.0, 0.55, 0.854, 1.384, 2.505, 3.273, 3.086, 3.116, 3.573, 3.249, 3.206, 3.156, 3.471, 4.262, 5.128, 5.499, 5.566, 5.255, 4.797, 5.119, 7.081, 9.469, 9.126, 9.361, 10.546, 10.554, 10.53, 11.39, 11.477, 11.339, 12.151, 12.62, 12.807, 13.521, 13.826, 14.38, 14.716, 13.985, 13.142, 12.302, 10.454, 8.292, 6.493, 5.593, 5.684, 6.631, 7.409, 7.755, 7.811], [15.644, 15.864, 15.701, 15.342, 15.409, 14.762, 13.63, 11.908, 11.092, 10.839, 10.38, 10.639, 11.33, 11.151, 10.939, 9.861, 8.586, 7.224, 6.562, 6.28, 6.394, 6.494, 5.955, 3.991, 2.48, 3.531, 3.607, 2.203, 2.033, 2.01, 1.813, 1.943, 1.976, 1.654, 1.521, 1.391, 0.904, 0.55, 0.0, 0.632, 1.577, 2.68, 3.467, 3.229, 3.266, 3.722, 3.415, 3.347, 3.315, 3.613, 4.468, 5.3, 5.684, 5.76, 5.445, 5.02, 5.321, 7.284, 9.635, 9.321, 9.527, 10.704, 10.727, 10.717, 11.612, 11.638, 11.539, 12.34, 12.819, 13.006, 13.718, 14.016, 14.568, 14.896, 14.166, 13.34, 12.481, 10.625, 8.478, 6.668, 5.851, 5.926, 6.85, 7.627, 7.966, 8.01], [15.471, 15.703, 15.52, 15.133, 15.175, 14.539, 13.407, 11.723, 10.881, 10.641, 10.201, 10.452, 11.115, 10.953, 10.723, 9.672, 8.368, 6.989, 6.348, 6.052, 6.169, 6.263, 5.685, 3.786, 2.399, 3.522, 3.494, 1.951, 1.767, 1.73, 1.614, 1.776, 1.827, 1.612, 1.4, 1.236, 0.863, 0.854, 0.632, 0.0, 1.242, 2.461, 3.225, 2.989, 3.099, 3.545, 3.2, 3.209, 3.164, 3.453, 4.288, 5.093, 5.389, 5.533, 5.278, 4.975, 5.144, 6.992, 9.46, 9.214, 9.318, 10.473, 10.497, 10.535, 11.371, 11.455, 11.284, 12.126, 12.611, 12.8, 13.529, 13.756, 14.303, 14.633, 13.947, 13.127, 12.248, 10.43, 8.273, 6.58, 5.847, 5.942, 6.778, 7.541, 7.839, 7.93], [14.722, 14.933, 14.733, 14.323, 14.354, 13.738, 12.632, 10.978, 10.098, 9.904, 9.451, 9.655, 10.308, 10.16, 9.946, 8.91, 7.601, 6.208, 5.55, 5.206, 5.385, 5.508, 4.87, 2.857, 1.781, 2.851, 2.728, 1.294, 1.318, 1.707, 1.457, 1.538, 1.58, 1.288, 1.094, 1.105, 1.29, 1.384, 1.577, 1.242, 0.0, 1.514, 2.302, 2.103, 2.189, 2.623, 2.431, 2.524, 2.398, 2.639, 3.561, 4.31, 4.641, 4.749, 4.493, 4.331, 4.27, 6.166, 8.547, 8.324, 8.406, 9.71, 9.667, 9.667, 10.523, 10.668, 10.361, 11.281, 11.79, 11.98, 12.709, 12.939, 13.436, 13.799, 13.132, 12.301, 11.412, 9.629, 7.401, 5.69, 5.062, 5.183, 5.887, 6.626, 6.952, 7.039], [13.554, 13.771, 13.609, 13.221, 13.285, 12.642, 11.516, 9.831, 9.016, 8.775, 8.271, 8.538, 9.222, 9.019, 8.757, 7.735, 6.434, 5.035, 4.378, 4.015, 4.198, 4.316, 3.706, 1.758, 1.358, 2.131, 1.994, 1.754, 2.237, 2.599, 2.456, 2.201, 1.993, 1.828, 1.691, 1.7, 2.451, 2.505, 2.68, 2.461, 1.514, 0.0, 1.02, 1.114, 1.012, 1.284, 1.248, 1.756, 1.506, 1.518, 2.396, 3.073, 3.439, 3.601, 3.28, 3.122, 3.092, 5.113, 7.19, 6.895, 7.025, 8.468, 8.456, 8.464, 9.348, 9.494, 9.222, 10.127, 10.641, 10.831, 11.572, 11.772, 12.281, 12.698, 12.053, 11.189, 10.234, 8.4, 6.214, 4.319, 3.84, 3.869, 4.558, 5.239, 5.596, 5.684], [12.719, 12.936, 12.823, 12.421, 12.472, 11.829, 10.708, 9.027, 8.201, 7.949, 7.472, 7.73, 8.421, 8.18, 7.922, 6.9, 5.561, 4.152, 3.535, 3.154, 3.329, 3.452, 2.85, 1.484, 1.77, 2.186, 2.154, 2.367, 2.86, 3.085, 3.005, 2.812, 2.517, 2.422, 2.28, 2.392, 3.148, 3.273, 3.467, 3.225, 2.302, 1.02, 0.0, 0.911, 0.973, 0.925, 0.919, 1.475, 1.226, 1.151, 1.814, 2.349, 2.781, 2.967, 2.704, 2.584, 2.602, 4.632, 6.542, 6.301, 6.361, 7.631, 7.64, 7.673, 8.492, 8.681, 8.37, 9.294, 9.809, 9.994, 10.731, 10.883, 11.441, 11.89, 11.244, 10.405, 9.41, 7.525, 5.505, 3.737, 3.714, 3.579, 4.114, 4.641, 5.054, 5.219], [13.082, 13.285, 13.187, 12.796, 12.846, 12.187, 11.01, 9.399, 8.538, 8.317, 7.833, 8.106, 8.793, 8.561, 8.278, 7.255, 5.854, 4.459, 3.88, 3.495, 3.621, 3.757, 3.118, 1.613, 1.57, 2.353, 2.167, 2.211, 2.626, 2.722, 2.821, 2.628, 2.33, 2.176, 2.128, 2.13, 2.897, 3.086, 3.229, 2.989, 2.103, 1.114, 0.911, 0.0, 0.749, 0.937, 1.016, 1.63, 1.371, 1.274, 2.033, 2.657, 3.026, 3.221, 3.042, 2.857, 2.864, 4.891, 6.719, 6.478, 6.592, 8.053, 7.996, 8.008, 8.891, 9.02, 8.718, 9.625, 10.14, 10.325, 11.078, 11.12, 11.736, 12.218, 11.588, 10.757, 9.771, 7.879, 5.722, 4.108, 4.12, 4.011, 4.485, 5.019, 5.313, 5.585], [13.304, 13.509, 13.392, 12.998, 13.05, 12.389, 11.215, 9.603, 8.747, 8.536, 8.052, 8.325, 8.998, 8.782, 8.501, 7.477, 6.076, 4.679, 4.097, 3.711, 3.864, 3.995, 3.356, 1.667, 1.55, 2.138, 2.088, 2.321, 2.826, 2.973, 3.069, 2.849, 2.491, 2.249, 2.197, 2.117, 2.949, 3.116, 3.266, 3.099, 2.189, 1.012, 0.973, 0.749, 0.0, 0.853, 1.249, 1.914, 1.67, 1.499, 2.174, 2.836, 3.219, 3.458, 3.101, 2.801, 2.715, 4.863, 6.611, 6.242, 6.493, 8.162, 8.161, 8.179, 9.087, 9.231, 8.857, 9.826, 10.359, 10.534, 11.299, 11.33, 11.952, 12.428, 11.793, 10.968, 9.986, 8.074, 5.872, 3.867, 3.642, 3.579, 4.159, 4.78, 5.076, 5.289], [12.676, 12.882, 12.759, 12.365, 12.415, 11.754, 10.581, 8.975, 8.113, 7.907, 7.424, 7.696, 8.366, 8.154, 7.873, 6.85, 5.503, 4.082, 3.475, 3.2, 3.337, 3.458, 2.851, 1.495, 1.909, 2.23, 2.289, 2.749, 3.246, 3.477, 3.484, 3.224, 2.85, 2.64, 2.566, 2.529, 3.426, 3.573, 3.722, 3.545, 2.623, 1.284, 0.925, 0.937, 0.853, 0.0, 0.95, 1.823, 1.585, 1.251, 1.716, 2.343, 2.714, 2.919, 2.608, 2.408, 2.635, 4.751, 6.191, 5.852, 5.949, 7.539, 7.553, 7.585, 8.466, 8.599, 8.252, 9.196, 9.729, 9.907, 10.671, 10.756, 11.332, 11.794, 11.159, 10.334, 9.364, 7.472, 5.316, 3.69, 3.622, 3.45, 3.854, 4.316, 4.63, 4.897], [12.579, 12.78, 12.684, 12.292, 12.35, 11.701, 10.501, 8.888, 8.038, 7.818, 7.333, 7.6, 8.293, 8.074, 7.813, 6.786, 5.447, 3.986, 3.442, 3.157, 3.37, 3.394, 2.8, 1.854, 1.937, 2.631, 2.494, 2.401, 2.862, 3.041, 3.029, 2.794, 2.586, 2.395, 2.368, 2.417, 3.1, 3.249, 3.415, 3.2, 2.431, 1.248, 0.919, 1.016, 1.249, 0.95, 0.0, 1.153, 1.138, 1.149, 1.868, 2.528, 2.937, 3.153, 2.915, 2.817, 3.153, 5.113, 6.762, 6.404, 6.4, 7.708, 7.581, 7.576, 8.462, 8.6, 8.257, 9.137, 9.632, 9.822, 10.575, 10.665, 11.283, 11.755, 11.09, 10.286, 9.317, 7.463, 5.369, 4.218, 4.331, 4.156, 4.552, 4.986, 5.252, 5.602], [12.453, 12.644, 12.541, 12.221, 12.287, 11.655, 10.479, 8.737, 7.923, 7.68, 7.226, 7.493, 8.226, 8.014, 7.796, 6.684, 5.377, 4.04, 3.621, 3.249, 3.391, 3.482, 2.937, 2.322, 2.405, 3.037, 2.67, 2.383, 2.58, 2.729, 2.649, 2.424, 2.378, 2.683, 2.644, 2.697, 3.187, 3.206, 3.347, 3.209, 2.524, 1.756, 1.475, 1.63, 1.914, 1.823, 1.153, 0.0, 0.833, 1.341, 2.136, 2.835, 3.233, 3.395, 3.326, 3.256, 3.667, 5.488, 7.283, 7.054, 7.092, 8.13, 7.943, 7.81, 8.674, 8.62, 8.537, 9.28, 9.683, 9.878, 10.55, 10.837, 11.556, 11.845, 11.026, 10.237, 9.447, 7.681, 5.712, 4.627, 4.766, 4.583, 4.978, 5.457, 5.833, 6.101], [12.501, 12.719, 12.56, 12.188, 12.265, 11.62, 10.475, 8.763, 7.946, 7.696, 7.233, 7.485, 8.198, 8.008, 7.788, 6.697, 5.391, 4.053, 3.551, 3.204, 3.289, 3.322, 2.834, 1.977, 2.042, 2.564, 2.275, 2.154, 2.436, 2.782, 2.676, 2.407, 2.348, 2.561, 2.523, 2.616, 3.222, 3.156, 3.315, 3.164, 2.398, 1.506, 1.226, 1.371, 1.67, 1.585, 1.138, 0.833, 0.0, 0.916, 1.881, 2.64, 3.023, 3.044, 2.974, 2.895, 3.214, 5.053, 7.111, 6.885, 6.949, 8.072, 7.895, 7.793, 8.603, 8.575, 8.48, 9.235, 9.688, 9.881, 10.572, 10.838, 11.492, 11.772, 11.021, 10.186, 9.377, 7.642, 5.578, 4.438, 4.422, 4.246, 4.672, 5.29, 5.626, 5.758], [12.223, 12.437, 12.319, 11.944, 12.012, 11.342, 10.216, 8.531, 7.712, 7.468, 6.974, 7.221, 7.924, 7.714, 7.489, 6.426, 5.163, 3.778, 3.17, 2.933, 2.98, 3.04, 2.528, 1.662, 2.022, 2.231, 2.032, 2.426, 2.914, 3.333, 3.196, 2.825, 2.591, 2.701, 2.702, 2.817, 3.499, 3.471, 3.613, 3.453, 2.639, 1.518, 1.151, 1.274, 1.499, 1.251, 1.149, 1.341, 0.916, 0.0, 1.261, 2.197, 2.422, 2.467, 2.37, 2.364, 2.795, 4.637, 6.431, 6.173, 6.233, 7.477, 7.327, 7.307, 8.226, 8.224, 8.087, 8.873, 9.373, 9.561, 10.28, 10.536, 11.123, 11.49, 10.763, 9.932, 9.019, 7.156, 5.03, 3.864, 3.883, 3.699, 4.038, 4.623, 4.91, 5.033], [11.3, 11.517, 11.427, 11.065, 11.115, 10.493, 9.362, 7.684, 6.843, 6.596, 6.107, 6.338, 7.045, 6.788, 6.561, 5.497, 4.232, 2.901, 2.323, 2.171, 2.263, 2.259, 1.764, 1.492, 2.582, 1.836, 2.007, 3.199, 3.783, 4.257, 4.097, 3.692, 3.304, 3.308, 3.387, 3.586, 4.252, 4.262, 4.468, 4.288, 3.561, 2.396, 1.814, 2.033, 2.174, 1.716, 1.868, 2.136, 1.881, 1.261, 0.0, 1.254, 1.448, 1.549, 1.412, 1.637, 1.972, 3.767, 5.532, 5.217, 5.325, 6.495, 6.402, 6.371, 7.232, 7.3, 7.131, 7.944, 8.45, 8.628, 9.348, 9.649, 10.223, 10.596, 9.855, 9.037, 8.154, 6.259, 4.1, 2.948, 2.96, 2.788, 3.03, 3.612, 3.855, 4.087], [10.535, 10.748, 10.626, 10.239, 10.309, 9.667, 8.533, 6.87, 6.023, 5.783, 5.284, 5.54, 6.241, 6.017, 5.769, 4.716, 3.452, 2.206, 2.142, 1.82, 1.905, 1.754, 1.277, 1.905, 3.386, 2.421, 2.587, 4.003, 4.577, 4.936, 4.812, 4.537, 4.076, 4.052, 4.152, 4.356, 5.057, 5.128, 5.3, 5.093, 4.31, 3.073, 2.349, 2.657, 2.836, 2.343, 2.528, 2.835, 2.64, 2.197, 1.254, 0.0, 0.717, 0.885, 0.929, 1.569, 1.555, 2.861, 4.707, 4.498, 4.504, 5.62, 5.519, 5.531, 6.351, 6.485, 6.316, 7.136, 7.63, 7.818, 8.566, 8.801, 9.337, 9.718, 9.068, 8.212, 7.259, 5.453, 3.301, 2.018, 2.213, 2.233, 2.309, 2.791, 3.188, 3.374], [10.234, 10.439, 10.339, 9.933, 10.008, 9.398, 8.271, 6.599, 5.754, 5.511, 5.035, 5.247, 5.92, 5.65, 5.463, 4.421, 3.14, 2.055, 2.243, 2.017, 1.911, 1.904, 1.394, 2.241, 3.757, 2.88, 2.949, 4.363, 4.917, 5.356, 5.174, 4.781, 4.445, 4.402, 4.517, 4.7, 5.402, 5.499, 5.684, 5.389, 4.641, 3.439, 2.781, 3.026, 3.219, 2.714, 2.937, 3.233, 3.023, 2.422, 1.448, 0.717, 0.0, 0.492, 0.909, 1.73, 1.709, 2.562, 4.415, 4.142, 4.21, 5.344, 5.29, 5.233, 6.038, 6.219, 5.936, 6.8, 7.285, 7.476, 8.222, 8.5, 9.06, 9.447, 8.763, 7.944, 6.996, 5.161, 2.982, 1.81, 2.256, 2.259, 2.088, 2.455, 2.811, 3.031], [10.109, 10.315, 10.211, 9.799, 9.874, 9.267, 8.133, 6.476, 5.625, 5.38, 4.896, 5.109, 5.788, 5.529, 5.341, 4.3, 3.062, 2.074, 2.33, 2.136, 2.021, 1.901, 1.523, 2.358, 3.863, 2.958, 3.03, 4.429, 4.993, 5.481, 5.321, 4.904, 4.529, 4.509, 4.646, 4.827, 5.522, 5.566, 5.76, 5.533, 4.749, 3.601, 2.967, 3.221, 3.458, 2.919, 3.153, 3.395, 3.044, 2.467, 1.549, 0.885, 0.492, 0.0, 0.842, 1.677, 1.672, 2.504, 4.332, 4.047, 4.114, 5.246, 5.165, 5.081, 5.956, 6.127, 5.844, 6.679, 7.164, 7.354, 8.1, 8.401, 8.97, 9.32, 8.645, 7.807, 6.887, 5.032, 2.85, 1.807, 2.206, 2.196, 1.966, 2.352, 2.692, 2.849], [10.519, 10.734, 10.656, 10.255, 10.331, 9.724, 8.586, 6.925, 6.08, 5.856, 5.363, 5.572, 6.243, 5.981, 5.762, 4.728, 3.489, 2.436, 2.253, 2.214, 2.092, 1.979, 1.525, 2.095, 3.392, 2.549, 2.717, 4.257, 4.845, 5.322, 5.166, 4.738, 4.271, 4.163, 4.271, 4.443, 5.161, 5.255, 5.445, 5.278, 4.493, 3.28, 2.704, 3.042, 3.101, 2.608, 2.915, 3.326, 2.974, 2.37, 1.412, 0.929, 0.909, 0.842, 0.0, 1.182, 1.249, 2.68, 4.452, 4.155, 4.295, 5.523, 5.519, 5.38, 6.324, 6.546, 6.223, 7.064, 7.572, 7.744, 8.503, 8.781, 9.375, 9.781, 9.089, 8.266, 7.284, 5.393, 3.225, 1.826, 1.938, 1.732, 1.894, 2.425, 2.83, 2.886], [11.31, 11.513, 11.446, 11.07, 11.134, 10.488, 9.348, 7.675, 6.854, 6.622, 6.11, 6.371, 7.073, 6.813, 6.522, 5.485, 4.219, 3.034, 2.85, 2.607, 2.678, 2.581, 2.129, 2.227, 2.843, 2.174, 2.447, 4.019, 4.691, 5.224, 5.102, 4.702, 4.201, 3.967, 4.051, 4.14, 4.677, 4.797, 5.02, 4.975, 4.331, 3.122, 2.584, 2.857, 2.801, 2.408, 2.817, 3.256, 2.895, 2.364, 1.637, 1.569, 1.73, 1.677, 1.182, 0.0, 1.204, 3.077, 4.995, 4.505, 4.831, 6.216, 6.225, 6.193, 7.135, 7.289, 6.986, 7.831, 8.359, 8.537, 9.323, 9.497, 10.073, 10.541, 9.9, 9.024, 8.022, 6.113, 3.911, 2.143, 1.779, 1.563, 2.062, 2.793, 3.212, 3.26], [11.231, 11.449, 11.27, 10.869, 10.9, 10.234, 9.075, 7.477, 6.581, 6.428, 5.971, 6.21, 6.858, 6.694, 6.431, 5.412, 4.034, 2.942, 2.886, 2.66, 2.567, 2.499, 2.003, 2.221, 3.293, 2.345, 2.489, 4.053, 4.682, 4.963, 5.116, 4.879, 4.364, 4.154, 4.091, 4.167, 5.031, 5.119, 5.321, 5.144, 4.27, 3.092, 2.602, 2.864, 2.715, 2.635, 3.153, 3.667, 3.214, 2.795, 1.972, 1.555, 1.709, 1.672, 1.249, 1.204, 0.0, 2.377, 4.513, 4.26, 4.528, 5.985, 6.081, 6.109, 6.974, 7.143, 6.878, 7.809, 8.319, 8.504, 9.24, 9.304, 9.893, 10.298, 9.641, 8.817, 7.899, 6.031, 3.831, 1.924, 1.789, 1.616, 2.117, 2.809, 3.104, 3.243], [9.173, 9.388, 9.228, 8.857, 8.887, 8.228, 7.049, 5.451, 4.576, 4.482, 4.084, 4.279, 4.901, 4.679, 4.387, 3.511, 2.933, 3.705, 4.491, 4.111, 3.978, 3.877, 3.49, 4.195, 5.303, 4.396, 4.488, 5.858, 6.517, 6.903, 6.988, 6.649, 6.255, 6.064, 6.007, 6.262, 7.047, 7.081, 7.284, 6.992, 6.166, 5.113, 4.632, 4.891, 4.863, 4.751, 5.113, 5.488, 5.053, 4.637, 3.767, 2.861, 2.562, 2.504, 2.68, 3.077, 2.377, 0.0, 2.647, 2.46, 2.686, 4.024, 4.153, 4.201, 4.933, 5.099, 4.923, 5.862, 6.358, 6.556, 7.285, 7.252, 7.838, 8.236, 7.584, 6.794, 5.838, 3.968, 1.972, 1.721, 2.857, 2.891, 2.16, 1.749, 1.698, 1.784], [7.151, 7.249, 7.115, 6.743, 6.802, 6.147, 5.089, 3.812, 3.583, 3.563, 3.18, 2.886, 3.35, 3.193, 3.102, 2.909, 3.796, 5.174, 5.971, 5.723, 5.452, 5.201, 5.069, 6.324, 7.613, 6.735, 6.917, 8.42, 9.07, 9.194, 9.349, 9.128, 8.603, 8.429, 8.401, 8.449, 9.344, 9.469, 9.635, 9.46, 8.547, 7.19, 6.542, 6.719, 6.611, 6.191, 6.762, 7.283, 7.111, 6.431, 5.532, 4.707, 4.415, 4.332, 4.452, 4.995, 4.513, 2.647, 0.0, 0.946, 1.001, 2.245, 2.619, 2.525, 3.068, 3.144, 3.324, 4.401, 4.995, 5.011, 5.368, 5.245, 5.725, 6.252, 5.582, 4.722, 3.72, 2.009, 1.928, 3.452, 4.948, 4.885, 3.602, 2.567, 2.207, 2.347], [7.704, 7.786, 7.766, 7.395, 7.454, 6.804, 5.725, 4.21, 3.81, 3.698, 3.342, 3.197, 3.642, 3.355, 3.195, 2.989, 3.503, 4.845, 5.665, 5.418, 5.265, 5.023, 4.805, 6.031, 7.125, 6.361, 6.648, 8.203, 8.85, 9.081, 9.174, 8.846, 8.322, 8.137, 8.107, 8.128, 8.921, 9.126, 9.321, 9.214, 8.324, 6.895, 6.301, 6.478, 6.242, 5.852, 6.404, 7.054, 6.885, 6.173, 5.217, 4.498, 4.142, 4.047, 4.155, 4.505, 4.26, 2.46, 0.946, 0.0, 0.892, 2.67, 3.03, 2.954, 3.627, 3.727, 3.516, 4.577, 5.175, 5.217, 5.851, 5.694, 6.316, 6.869, 6.219, 5.366, 4.317, 2.413, 1.559, 2.964, 4.272, 4.236, 2.98, 2.059, 1.736, 1.802], [7.083, 7.179, 7.097, 6.724, 6.779, 6.128, 5.041, 3.53, 3.064, 3.085, 2.755, 2.564, 2.95, 2.782, 2.612, 2.493, 3.423, 4.697, 5.559, 5.361, 5.311, 4.886, 4.764, 6.114, 7.466, 6.64, 6.821, 8.288, 8.901, 9.172, 9.184, 8.92, 8.418, 8.253, 8.194, 8.29, 9.202, 9.361, 9.527, 9.318, 8.406, 7.025, 6.361, 6.592, 6.493, 5.949, 6.4, 7.092, 6.949, 6.233, 5.325, 4.504, 4.21, 4.114, 4.295, 4.831, 4.528, 2.686, 1.001, 0.892, 0.0, 1.951, 2.294, 2.272, 2.908, 2.99, 2.827, 3.891, 4.46, 4.541, 5.166, 5.051, 5.62, 6.145, 5.507, 4.67, 3.657, 1.801, 1.516, 3.252, 4.737, 4.67, 3.436, 2.411, 1.981, 2.148], [5.33, 5.505, 5.345, 4.965, 5.025, 4.43, 3.319, 2.209, 3.032, 3.293, 2.997, 2.557, 2.405, 2.141, 2.19, 2.712, 4.188, 5.454, 6.298, 6.221, 6.193, 5.636, 5.768, 7.346, 8.824, 7.864, 7.962, 9.496, 10.046, 10.395, 10.22, 10.05, 9.604, 9.536, 9.493, 9.666, 10.509, 10.546, 10.704, 10.473, 9.71, 8.468, 7.631, 8.053, 8.162, 7.539, 7.708, 8.13, 8.072, 7.477, 6.495, 5.62, 5.344, 5.246, 5.523, 6.216, 5.985, 4.024, 2.245, 2.67, 1.951, 0.0, 0.907, 1.283, 1.331, 1.375, 1.786, 2.82, 3.383, 3.651, 3.71, 3.604, 4.056, 4.425, 3.761, 2.921, 2.091, 1.614, 2.796, 4.75, 6.344, 6.306, 4.985, 3.898, 3.534, 3.66], [5.161, 5.37, 5.3, 4.934, 5.007, 4.377, 3.244, 2.163, 2.931, 3.088, 2.78, 2.223, 2.192, 2.121, 1.958, 2.596, 3.998, 5.216, 6.025, 5.952, 5.965, 5.425, 5.56, 7.175, 8.795, 7.859, 7.938, 9.374, 9.933, 10.267, 10.094, 9.877, 9.454, 9.425, 9.524, 9.737, 10.446, 10.554, 10.727, 10.497, 9.667, 8.456, 7.64, 7.996, 8.161, 7.553, 7.581, 7.943, 7.895, 7.327, 6.402, 5.519, 5.29, 5.165, 5.519, 6.225, 6.081, 4.153, 2.619, 3.03, 2.294, 0.907, 0.0, 0.943, 1.154, 1.287, 1.428, 2.547, 3.131, 3.387, 3.433, 3.435, 3.933, 4.378, 3.742, 2.876, 1.911, 1.571, 2.725, 4.734, 6.404, 6.349, 5.093, 4.018, 3.64, 3.76], [5.244, 5.417, 5.387, 4.996, 5.081, 4.479, 3.434, 2.271, 3.059, 3.264, 2.969, 2.41, 2.612, 2.436, 2.346, 2.724, 4.057, 5.264, 6.084, 5.998, 5.928, 5.478, 5.466, 6.952, 8.688, 7.817, 7.783, 9.324, 9.808, 10.102, 9.943, 9.631, 9.207, 9.333, 9.527, 9.728, 10.371, 10.53, 10.717, 10.535, 9.667, 8.464, 7.673, 8.008, 8.179, 7.585, 7.576, 7.81, 7.793, 7.307, 6.371, 5.531, 5.233, 5.081, 5.38, 6.193, 6.109, 4.201, 2.525, 2.954, 2.272, 1.283, 0.943, 0.0, 1.26, 1.348, 1.821, 2.983, 3.516, 3.723, 3.635, 3.532, 4.086, 4.49, 3.843, 2.979, 1.99, 1.575, 2.607, 4.714, 6.339, 6.306, 4.997, 3.909, 3.592, 3.673], [4.566, 4.615, 4.552, 4.137, 4.114, 3.535, 2.647, 2.299, 3.426, 3.633, 3.418, 2.633, 2.403, 2.294, 2.262, 3.136, 4.622, 5.843, 6.685, 6.643, 6.616, 6.085, 6.209, 8.04, 9.67, 8.676, 8.651, 10.121, 10.615, 10.963, 10.772, 10.533, 10.215, 10.267, 10.435, 10.642, 11.336, 11.39, 11.612, 11.371, 10.523, 9.348, 8.492, 8.891, 9.087, 8.466, 8.462, 8.674, 8.603, 8.226, 7.232, 6.351, 6.038, 5.956, 6.324, 7.135, 6.974, 4.933, 3.068, 3.627, 2.908, 1.331, 1.154, 1.26, 0.0, 0.859, 1.751, 2.78, 3.273, 3.494, 3.098, 2.652, 3.134, 3.482, 2.828, 1.987, 1.199, 1.67, 3.41, 5.703, 7.333, 7.295, 5.969, 4.815, 4.494, 4.637], [4.276, 4.352, 4.201, 3.832, 3.902, 3.263, 2.31, 2.009, 3.063, 3.297, 3.062, 2.327, 2.126, 1.953, 1.988, 2.776, 4.286, 5.583, 6.44, 6.476, 6.496, 5.971, 6.206, 8.192, 9.815, 8.754, 8.684, 10.152, 10.593, 10.883, 10.699, 10.488, 10.223, 10.461, 10.567, 10.762, 11.465, 11.477, 11.638, 11.455, 10.668, 9.494, 8.681, 9.02, 9.231, 8.599, 8.6, 8.62, 8.575, 8.224, 7.3, 6.485, 6.219, 6.127, 6.546, 7.289, 7.143, 5.099, 3.144, 3.727, 2.99, 1.375, 1.287, 1.348, 0.859, 0.0, 1.646, 2.449, 2.957, 3.164, 2.827, 2.489, 3.031, 3.331, 2.631,