[[0.0, 0.987, 1.735, 1.669, 1.518, 1.549, 2.278, 2.605, 1.903, 1.463, 2.219, 3.237, 3.947, 3.793, 2.776, 2.328, 2.794, 3.103, 3.266, 2.42, 1.52, 4.359, 5.916, 7.074, 6.738, 6.381, 7.074, 8.303, 8.492, 7.834, 6.858, 7.404, 7.345, 7.391, 7.605, 8.177, 8.536, 8.436, 8.829, 9.381, 9.643, 9.216, 9.127, 8.94, 9.184, 9.794, 9.49, 9.146, 8.13, 7.203, 7.243, 7.783, 7.949, 7.74, 6.747, 4.753, 3.797, 3.533, 5.377, 8.122, 8.513, 7.703, 7.507, 7.145, 4.561, 4.176, 4.994, 5.273, 5.002, 3.954, 5.133, 5.328, 5.451, 5.118, 4.558, 4.14, 3.376, 3.039, 3.975, 4.989, 4.627, 4.124, 3.804, 3.783, 4.297, 4.559], [0.987, 0.0, 0.919, 1.017, 1.26, 1.387, 1.81, 2.246, 1.993, 1.486, 1.694, 2.617, 3.294, 3.121, 2.138, 2.048, 2.532, 2.656, 2.619, 2.065, 1.988, 5.013, 6.592, 7.758, 7.419, 7.062, 7.755, 8.983, 9.24, 8.598, 7.566, 8.163, 8.084, 8.122, 8.334, 8.847, 9.24, 9.134, 9.497, 10.051, 10.323, 9.897, 9.785, 9.589, 9.833, 10.486, 10.17, 9.826, 8.846, 7.897, 7.937, 8.494, 8.622, 8.422, 7.409, 5.493, 4.446, 4.138, 6.005, 8.798, 9.195, 8.361, 8.157, 7.791, 5.18, 4.815, 5.644, 5.892, 5.57, 4.582, 5.789, 6.015, 6.129, 5.796, 5.227, 4.693, 3.808, 3.657, 4.661, 5.662, 5.313, 4.835, 4.412, 4.381, 4.928, 5.306], [1.735, 0.919, 0.0, 0.813, 1.347, 1.531, 1.712, 2.352, 2.477, 1.812, 1.663, 2.232, 2.815, 2.627, 1.962, 2.15, 2.489, 2.451, 2.285, 1.925, 2.543, 5.556, 7.147, 8.303, 7.967, 7.61, 8.303, 9.523, 9.784, 9.175, 8.126, 8.75, 8.682, 8.725, 8.924, 9.436, 9.83, 9.714, 10.025, 10.606, 10.88, 10.451, 10.289, 10.112, 10.364, 11.065, 10.741, 10.392, 9.421, 8.484, 8.522, 9.04, 9.133, 8.973, 7.964, 6.096, 4.988, 4.627, 6.526, 9.343, 9.725, 8.91, 8.661, 8.294, 5.676, 5.312, 6.158, 6.413, 6.094, 5.106, 6.29, 6.517, 6.665, 6.332, 5.763, 5.25, 4.347, 4.179, 5.203, 6.201, 5.895, 5.4, 4.987, 4.943, 5.485, 5.877], [1.669, 1.017, 0.813, 0.0, 0.965, 1.328, 1.862, 2.568, 2.543, 1.974, 1.861, 2.471, 3.022, 2.867, 2.256, 2.377, 2.656, 2.559, 2.36, 1.99, 2.522, 5.519, 7.0, 8.155, 7.807, 7.507, 8.211, 9.371, 9.57, 8.999, 7.991, 8.578, 8.527, 8.613, 8.813, 9.376, 9.708, 9.574, 9.965, 10.518, 10.786, 10.377, 10.276, 10.082, 10.336, 10.945, 10.606, 10.24, 9.24, 8.312, 8.306, 8.865, 8.991, 8.867, 7.952, 5.929, 4.874, 4.522, 6.518, 9.256, 9.581, 8.755, 8.499, 8.137, 5.534, 5.169, 6.08, 6.339, 6.091, 5.119, 6.271, 6.42, 6.55, 6.225, 5.625, 5.122, 4.29, 4.149, 5.021, 6.087, 5.81, 5.216, 4.782, 4.695, 5.24, 5.649], [1.518, 1.26, 1.347, 0.965, 0.0, 0.854, 1.869, 2.564, 2.283, 1.873, 2.026, 2.597, 3.174, 3.016, 2.388, 2.103, 2.288, 2.096, 2.162, 1.541, 2.49, 5.53, 7.053, 8.208, 7.862, 7.503, 8.205, 9.423, 9.616, 9.032, 8.019, 8.61, 8.542, 8.65, 8.852, 9.422, 9.74, 9.606, 9.968, 10.525, 10.787, 10.374, 10.268, 10.086, 10.359, 10.979, 10.649, 10.291, 9.283, 8.395, 8.409, 8.921, 9.024, 8.873, 7.973, 5.871, 4.854, 4.497, 6.502, 9.25, 9.627, 8.792, 8.528, 8.164, 5.561, 5.195, 6.072, 6.321, 6.065, 5.048, 6.233, 6.413, 6.561, 6.228, 5.683, 5.168, 4.343, 4.132, 5.043, 5.958, 5.779, 5.166, 4.755, 4.647, 5.206, 5.583], [1.549, 1.387, 1.531, 1.328, 0.854, 0.0, 1.617, 2.299, 1.943, 1.688, 2.097, 2.572, 3.203, 2.975, 2.288, 1.796, 1.911, 2.06, 2.32, 1.607, 2.419, 5.499, 7.049, 8.204, 7.859, 7.501, 8.194, 9.423, 9.612, 8.994, 8.004, 8.585, 8.49, 8.584, 8.803, 9.375, 9.739, 9.606, 9.934, 10.501, 10.777, 10.357, 10.216, 10.054, 10.304, 10.968, 10.643, 10.301, 9.285, 8.393, 8.405, 8.927, 9.016, 8.869, 7.911, 5.819, 4.752, 4.452, 6.408, 9.234, 9.621, 8.782, 8.467, 8.106, 5.489, 5.142, 6.052, 6.289, 5.981, 4.971, 6.172, 6.41, 6.549, 6.214, 5.654, 5.149, 4.249, 4.044, 5.007, 5.893, 5.692, 5.083, 4.695, 4.579, 5.156, 5.548], [2.278, 1.81, 1.712, 1.862, 1.869, 1.617, 0.0, 1.191, 1.679, 1.746, 1.922, 1.816, 2.463, 2.217, 1.426, 1.326, 1.528, 1.698, 1.952, 1.826, 3.342, 6.416, 8.018, 9.172, 8.833, 8.476, 9.169, 10.39, 10.587, 9.925, 8.934, 9.499, 9.39, 9.506, 9.711, 10.278, 10.685, 10.543, 10.885, 11.475, 11.751, 11.326, 11.164, 10.995, 11.23, 11.908, 11.608, 11.246, 10.223, 9.337, 9.333, 9.898, 9.987, 9.844, 8.834, 6.694, 5.731, 5.344, 7.373, 10.209, 10.592, 9.771, 9.419, 9.092, 6.364, 6.067, 6.977, 7.226, 6.91, 5.959, 7.144, 7.378, 7.518, 7.185, 6.623, 6.088, 5.182, 5.019, 5.957, 6.895, 6.648, 6.055, 5.621, 5.512, 6.058, 6.436], [2.605, 2.246, 2.352, 2.568, 2.564, 2.299, 1.191, 0.0, 1.291, 1.997, 2.056, 1.962, 2.246, 2.163, 1.37, 1.407, 1.775, 2.094, 2.418, 2.223, 3.522, 6.475, 8.079, 9.234, 8.889, 8.531, 9.224, 10.452, 10.642, 9.932, 8.995, 9.517, 9.366, 9.439, 9.657, 10.225, 10.644, 10.561, 10.948, 11.517, 11.803, 11.383, 11.236, 11.07, 11.298, 11.927, 11.645, 11.303, 10.262, 9.331, 9.339, 9.929, 10.046, 9.895, 8.862, 6.646, 5.816, 5.407, 7.43, 10.264, 10.65, 9.85, 9.499, 9.176, 6.432, 6.145, 7.05, 7.302, 6.986, 6.049, 7.233, 7.451, 7.594, 7.254, 6.688, 6.141, 5.265, 5.109, 6.042, 6.964, 6.708, 5.987, 5.671, 5.483, 5.995, 6.419], [1.903, 1.993, 2.477, 2.543, 2.283, 1.943, 1.679, 1.291, 0.0, 1.463, 2.269, 2.434, 2.808, 2.673, 1.926, 1.495, 1.818, 2.331, 2.933, 2.025, 2.612, 5.579, 7.152, 8.307, 7.966, 7.608, 8.302, 9.53, 9.719, 9.011, 8.068, 8.588, 8.476, 8.537, 8.758, 9.329, 9.714, 9.627, 10.057, 10.61, 10.877, 10.454, 10.343, 10.173, 10.401, 10.998, 10.723, 10.38, 9.333, 8.402, 8.402, 9.011, 9.127, 8.97, 7.967, 5.736, 4.918, 4.487, 6.539, 9.35, 9.732, 8.923, 8.613, 8.272, 5.612, 5.258, 6.116, 6.377, 6.091, 5.144, 6.335, 6.523, 6.67, 6.337, 5.768, 5.217, 4.34, 4.2, 5.129, 6.052, 5.806, 5.068, 4.806, 4.678, 5.126, 5.456], [1.463, 1.486, 1.812, 1.974, 1.873, 1.688, 1.746, 1.997, 1.463, 0.0, 1.379, 2.358, 3.044, 2.807, 1.933, 1.502, 1.993, 2.184, 2.377, 1.699, 2.44, 5.278, 6.87, 8.044, 7.706, 7.355, 8.039, 9.27, 9.462, 8.741, 7.802, 8.313, 8.096, 8.224, 8.407, 8.94, 9.423, 9.358, 9.762, 10.321, 10.61, 10.181, 10.054, 9.862, 10.092, 10.731, 10.457, 10.113, 9.06, 8.104, 8.116, 8.743, 8.855, 8.704, 7.678, 5.411, 4.681, 4.456, 6.328, 9.074, 9.472, 8.646, 8.43, 8.062, 5.55, 5.179, 6.026, 6.274, 6.019, 4.823, 5.983, 6.231, 6.37, 6.033, 5.476, 4.924, 4.016, 3.845, 4.884, 5.765, 5.525, 4.892, 4.785, 4.524, 4.806, 5.118], [2.219, 1.694, 1.663, 1.861, 2.026, 2.097, 1.922, 2.056, 2.269, 1.379, 0.0, 1.717, 2.431, 2.229, 1.669, 1.711, 2.175, 2.103, 2.093, 1.985, 2.943, 5.988, 7.539, 8.714, 8.378, 8.022, 8.733, 9.945, 10.132, 9.436, 8.48, 9.01, 8.887, 8.949, 9.169, 9.735, 10.113, 10.04, 10.482, 11.038, 11.288, 10.87, 10.771, 10.564, 10.809, 11.409, 11.133, 10.788, 9.737, 8.786, 8.793, 9.426, 9.53, 9.381, 8.388, 6.206, 5.361, 5.051, 7.007, 9.779, 10.147, 9.32, 9.063, 8.679, 6.119, 5.768, 6.644, 6.832, 6.616, 5.482, 6.653, 6.877, 7.018, 6.683, 6.122, 5.578, 4.665, 4.536, 5.523, 6.455, 6.186, 5.462, 5.235, 4.887, 5.311, 5.719], [3.237, 2.617, 2.232, 2.471, 2.597, 2.572, 1.816, 1.962, 2.434, 2.358, 1.717, 0.0, 1.126, 0.93, 1.264, 1.792, 1.948, 1.47, 1.776, 2.082, 4.35, 7.444, 9.071, 10.246, 9.902, 9.553, 10.245, 11.466, 11.658, 10.942, 10.004, 10.515, 10.344, 10.426, 10.625, 11.195, 11.652, 11.568, 11.943, 12.536, 12.814, 12.39, 12.226, 12.019, 12.264, 12.928, 12.654, 12.309, 11.256, 10.318, 10.318, 10.947, 11.049, 10.903, 9.844, 7.597, 6.829, 6.522, 8.491, 11.282, 11.668, 10.853, 10.589, 10.198, 7.606, 7.253, 8.111, 8.294, 8.04, 6.972, 8.135, 8.409, 8.549, 8.215, 7.654, 7.11, 6.194, 6.029, 7.05, 7.957, 7.647, 6.98, 6.705, 6.389, 6.864, 7.27], [3.947, 3.294, 2.815, 3.022, 3.174, 3.203, 2.463, 2.246, 2.808, 3.044, 2.431, 1.126, 0.0, 0.916, 1.574, 2.225, 2.269, 1.976, 2.034, 2.573, 5.083, 8.187, 9.781, 10.955, 10.616, 10.262, 10.955, 12.181, 12.372, 11.652, 10.713, 11.226, 11.089, 11.149, 11.371, 11.937, 12.358, 12.273, 12.68, 13.246, 13.529, 13.1, 12.97, 12.763, 13.008, 13.645, 13.368, 13.024, 11.97, 11.021, 11.027, 11.661, 11.764, 11.621, 10.587, 8.327, 7.513, 7.174, 9.176, 11.992, 12.382, 11.547, 11.248, 10.878, 8.243, 7.915, 8.773, 8.969, 8.697, 7.681, 8.87, 9.12, 9.259, 8.925, 8.364, 7.82, 6.902, 6.733, 7.735, 8.642, 8.369, 7.657, 7.368, 7.098, 7.56, 7.973], [3.793, 3.121, 2.627, 2.867, 3.016, 2.975, 2.217, 2.163, 2.673, 2.807, 2.229, 0.93, 0.916, 0.0, 1.182, 1.812, 1.788, 1.588, 1.84, 2.298, 4.859, 8.019, 9.642, 10.817, 10.473, 10.117, 10.804, 12.038, 12.229, 11.513, 10.575, 11.075, 10.819, 10.981, 11.143, 11.658, 12.169, 12.125, 12.487, 13.082, 13.378, 12.949, 12.794, 12.588, 12.832, 13.499, 13.225, 12.881, 11.827, 10.87, 10.884, 11.506, 11.614, 11.466, 10.419, 8.161, 7.369, 7.032, 9.033, 11.841, 12.236, 11.41, 11.129, 10.756, 8.12, 7.763, 8.646, 8.825, 8.527, 7.535, 8.731, 8.98, 9.12, 8.786, 8.225, 7.681, 6.765, 6.606, 7.592, 8.498, 8.215, 7.5, 7.23, 6.974, 7.384, 7.798], [2.776, 2.138, 1.962, 2.256, 2.388, 2.288, 1.426, 1.37, 1.926, 1.933, 1.669, 1.264, 1.574, 1.182, 0.0, 0.956, 1.268, 1.312, 1.508, 1.821, 3.857, 7.006, 8.631, 9.806, 9.462, 9.106, 9.793, 11.027, 11.218, 10.503, 9.564, 10.075, 9.812, 9.971, 10.121, 10.633, 11.158, 11.103, 11.489, 12.075, 12.367, 11.938, 11.781, 11.574, 11.818, 12.488, 12.214, 11.87, 10.816, 9.859, 9.873, 10.494, 10.605, 10.454, 9.406, 7.15, 6.37, 5.99, 8.035, 10.832, 11.226, 10.41, 10.123, 9.782, 7.098, 6.768, 7.614, 7.829, 7.498, 6.557, 7.747, 7.978, 8.128, 7.797, 7.225, 6.681, 5.779, 5.627, 6.602, 7.504, 7.214, 6.523, 6.23, 6.028, 6.453, 6.822], [2.328, 2.048, 2.15, 2.377, 2.103, 1.796, 1.326, 1.407, 1.495, 1.502, 1.711, 1.792, 2.225, 1.812, 0.956, 0.0, 0.761, 1.241, 1.633, 1.511, 3.37, 6.515, 8.15, 9.324, 8.979, 8.623, 9.31, 10.542, 10.735, 10.021, 9.082, 9.581, 9.305, 9.489, 9.608, 10.143, 10.674, 10.623, 10.981, 11.577, 11.881, 11.455, 11.285, 11.085, 11.327, 12.005, 11.731, 11.387, 10.333, 9.376, 9.39, 10.007, 10.116, 9.968, 8.914, 6.668, 5.902, 5.511, 7.561, 10.353, 10.745, 9.943, 9.642, 9.275, 6.591, 6.279, 7.133, 7.328, 7.015, 6.07, 7.238, 7.491, 7.63, 7.294, 6.736, 6.189, 5.276, 5.119, 6.122, 7.036, 6.74, 6.033, 5.735, 5.492, 5.903, 6.32], [2.794, 2.532, 2.489, 2.656, 2.288, 1.911, 1.528, 1.775, 1.818, 1.993, 2.175, 1.948, 2.269, 1.788, 1.268, 0.761, 0.0, 1.078, 1.614, 1.587, 3.597, 6.759, 8.403, 9.577, 9.231, 8.875, 9.562, 10.794, 10.987, 10.274, 9.335, 9.837, 9.559, 9.742, 9.853, 10.394, 10.927, 10.881, 11.237, 11.833, 12.133, 11.707, 11.53, 11.338, 11.58, 12.257, 11.983, 11.638, 10.585, 9.627, 9.642, 10.259, 10.367, 10.22, 9.159, 6.921, 6.14, 5.762, 7.805, 10.599, 10.992, 10.169, 9.87, 9.5, 6.816, 6.518, 7.386, 7.565, 7.258, 6.289, 7.475, 7.741, 7.881, 7.547, 6.986, 6.442, 5.525, 5.357, 6.365, 7.267, 6.97, 6.264, 5.965, 5.713, 6.167, 6.564], [3.103, 2.656, 2.451, 2.559, 2.096, 2.06, 1.698, 2.094, 2.331, 2.184, 2.103, 1.47, 1.976, 1.588, 1.312, 1.241, 1.078, 0.0, 1.077, 1.266, 4.095, 7.246, 8.896, 10.07, 9.723, 9.367, 10.054, 11.287, 11.479, 10.767, 9.828, 10.337, 10.062, 10.235, 10.352, 10.893, 11.433, 11.374, 11.745, 12.338, 12.628, 12.199, 12.018, 11.832, 12.074, 12.749, 12.475, 12.131, 11.077, 10.119, 10.134, 10.752, 10.86, 10.719, 9.646, 7.414, 6.649, 6.293, 8.305, 11.096, 11.485, 10.686, 10.411, 10.031, 7.385, 7.037, 7.899, 8.065, 7.769, 6.789, 7.959, 8.233, 8.374, 8.04, 7.479, 6.935, 6.021, 5.864, 6.867, 7.78, 7.486, 6.781, 6.477, 6.218, 6.628, 7.052], [3.266, 2.619, 2.285, 2.36, 2.162, 2.32, 1.952, 2.418, 2.933, 2.377, 2.093, 1.776, 2.034, 1.84, 1.508, 1.633, 1.614, 1.077, 0.0, 1.39, 4.311, 7.477, 9.133, 10.305, 9.959, 9.603, 10.29, 11.522, 11.715, 11.003, 10.065, 10.561, 10.277, 10.472, 10.585, 11.108, 11.653, 11.596, 11.972, 12.57, 12.861, 12.435, 12.248, 12.068, 12.31, 12.985, 12.711, 12.366, 11.313, 10.355, 10.37, 10.987, 11.096, 10.955, 9.877, 7.651, 6.854, 6.483, 8.52, 11.327, 11.725, 10.897, 10.586, 10.232, 7.548, 7.233, 8.115, 8.318, 8.0, 7.037, 8.235, 8.48, 8.619, 8.282, 7.725, 7.173, 6.262, 6.108, 7.084, 7.982, 7.699, 6.978, 6.698, 6.458, 6.881, 7.289], [2.42, 2.065, 1.925, 1.99, 1.541, 1.607, 1.826, 2.223, 2.025, 1.699, 1.985, 2.082, 2.573, 2.298, 1.821, 1.511, 1.587, 1.266, 1.39, 0.0, 3.44, 6.572, 8.189, 9.364, 9.021, 8.665, 9.356, 10.586, 10.777, 10.06, 9.122, 9.63, 9.397, 9.528, 9.71, 10.23, 10.715, 10.659, 11.05, 11.643, 11.926, 11.497, 11.351, 11.144, 11.389, 12.047, 11.773, 11.429, 10.375, 9.418, 9.432, 10.057, 10.166, 10.02, 8.972, 6.708, 5.918, 5.521, 7.584, 10.4, 10.787, 9.971, 9.628, 9.297, 6.595, 6.284, 7.172, 7.368, 7.06, 6.101, 7.285, 7.527, 7.668, 7.333, 6.772, 6.228, 5.314, 5.157, 6.129, 7.053, 6.772, 6.055, 5.752, 5.54, 5.905, 6.326], [1.52, 1.988, 2.543, 2.522, 2.49, 2.419, 3.342, 3.522, 2.612, 2.44, 2.943, 4.35, 5.083, 4.859, 3.857, 3.37, 3.597, 4.095, 4.311, 3.44, 0.0, 3.197, 4.841, 6.003, 5.657, 5.308, 5.99, 7.221, 7.46, 6.812, 5.795, 6.383, 6.217, 6.329, 6.459, 7.007, 7.48, 7.374, 7.699, 8.283, 8.562, 8.133, 7.959, 7.792, 8.05, 8.726, 8.416, 8.105, 7.084, 6.144, 6.188, 6.734, 6.882, 6.655, 5.606, 3.869, 2.75, 2.51, 4.273, 7.025, 7.423, 6.619, 6.404, 6.066, 3.529, 3.127, 3.968, 4.232, 3.954, 2.918, 4.045, 4.23, 4.353, 4.021, 3.474, 3.061, 2.368, 1.915, 2.933, 3.96, 3.595, 3.111, 2.831, 2.802, 3.273, 3.586], [4.359, 5.013, 5.556, 5.519, 5.53, 5.499, 6.416, 6.475, 5.579, 5.278, 5.988, 7.444, 8.187, 8.019, 7.006, 6.515, 6.759, 7.246, 7.477, 6.572, 3.197, 0.0, 1.818, 2.913, 2.613, 2.355, 2.988, 4.131, 4.517, 3.933, 2.971, 3.565, 3.427, 3.489, 3.692, 4.177, 4.571, 4.367, 4.661, 5.221, 5.462, 5.045, 4.91, 4.79, 5.09, 5.835, 5.581, 5.35, 4.424, 3.567, 3.712, 4.266, 4.402, 4.026, 2.859, 1.747, 1.547, 1.953, 2.062, 3.98, 4.348, 3.751, 3.612, 3.303, 2.065, 1.93, 2.003, 2.016, 1.92, 1.556, 2.014, 2.182, 2.068, 1.999, 2.093, 2.097, 2.127, 1.975, 1.33, 1.715, 1.478, 1.65, 1.664, 1.785, 1.74, 1.659], [5.916, 6.592, 7.147, 7.0, 7.053, 7.049, 8.018, 8.079, 7.152, 6.87, 7.539, 9.071, 9.781, 9.642, 8.631, 8.15, 8.403, 8.896, 9.133, 8.189, 4.841, 1.818, 0.0, 1.303, 1.167, 1.157, 1.575, 2.408, 2.929, 2.614, 2.024, 2.347, 2.335, 2.19, 2.37, 2.773, 3.016, 2.82, 3.137, 3.651, 3.859, 3.438, 3.418, 3.39, 3.803, 4.417, 4.136, 3.897, 3.08, 2.336, 2.389, 2.806, 2.897, 2.54, 1.849, 1.63, 2.297, 2.78, 1.319, 2.511, 2.759, 2.3, 2.183, 1.848, 2.175, 2.304, 1.847, 1.597, 1.783, 2.383, 1.704, 1.833, 1.619, 1.815, 1.887, 2.26, 2.963, 3.108, 2.392, 2.394, 2.428, 2.693, 2.89, 3.056, 2.877, 2.597], [7.074, 7.758, 8.303, 8.155, 8.208, 8.204, 9.172, 9.234, 8.307, 8.044, 8.714, 10.246, 10.955, 10.817, 9.806, 9.324, 9.577, 10.07, 10.305, 9.364, 6.003, 2.913, 1.303, 0.0, 0.851, 1.149, 1.202, 1.538, 2.102, 1.877, 1.827, 2.07, 2.085, 1.922, 1.82, 2.032, 2.202, 2.014, 2.2, 2.644, 2.748, 2.315, 2.563, 2.651, 3.409, 3.984, 3.713, 3.399, 2.7, 2.071, 2.091, 2.383, 2.358, 2.092, 1.764, 2.713, 3.472, 3.849, 2.047, 1.692, 1.753, 1.677, 1.577, 1.351, 3.128, 3.296, 2.578, 2.382, 2.641, 3.437, 2.664, 2.603, 2.355, 2.566, 2.854, 3.365, 4.099, 4.3, 3.37, 2.808, 2.871, 3.429, 3.747, 3.959, 3.676, 3.356], [6.738, 7.419, 7.967, 7.807, 7.862, 7.859, 8.833, 8.889, 7.966, 7.706, 8.378, 9.902, 10.616, 10.473, 9.462, 8.979, 9.231, 9.723, 9.959, 9.021, 5.657, 2.613, 1.167, 0.851, 0.0, 0.674, 1.1, 1.8, 2.447, 2.117, 1.435, 1.643, 1.735, 1.749, 1.765, 2.26, 2.38, 2.243, 2.456, 2.841, 3.029, 2.653, 2.886, 3.122, 3.809, 4.262, 4.06, 3.812, 3.041, 2.426, 2.401, 2.716, 2.774, 2.453, 2.153, 2.568, 3.141, 3.519, 1.758, 2.009, 2.147, 2.198, 2.037, 1.747, 2.854, 2.952, 2.3, 2.176, 2.292, 3.107, 2.649, 2.652, 2.452, 2.71, 2.787, 3.061, 3.811, 4.039, 3.07, 2.44, 2.648, 3.185, 3.432, 3.635, 3.447, 3.13], [6.381, 7.062, 7.61, 7.507, 7.503, 7.501, 8.476, 8.531, 7.608, 7.355, 8.022, 9.553, 10.262, 10.117, 9.106, 8.623, 8.875, 9.367, 9.603, 8.665, 5.308, 2.355, 1.157, 1.149, 0.674, 0.0, 1.19, 2.102, 2.67, 2.235, 1.442, 1.766, 1.802, 1.939, 2.014, 2.455, 2.706, 2.515, 2.673, 3.116, 3.329, 2.925, 3.008, 3.148, 3.69, 4.362, 4.134, 3.828, 3.035, 2.437, 2.481, 2.786, 2.818, 2.491, 2.125, 2.372, 2.858, 3.206, 1.727, 2.271, 2.459, 2.482, 2.321, 2.016, 2.518, 2.753, 2.197, 2.032, 2.104, 2.783, 2.523, 2.597, 2.432, 2.597, 2.758, 2.929, 3.568, 3.83, 2.998, 2.294, 2.459, 2.993, 3.225, 3.457, 3.221, 2.92], [7.074, 7.755, 8.303, 8.211, 8.205, 8.194, 9.169, 9.224, 8.302, 8.039, 8.733, 10.245, 10.955, 10.804, 9.793, 9.31, 9.562, 10.054, 10.29, 9.356, 5.99, 2.988, 1.575, 1.202, 1.1, 1.19, 0.0, 1.455, 2.139, 1.729, 1.347, 1.535, 1.619, 1.543, 1.601, 1.787, 2.147, 1.881, 2.063, 2.442, 2.631, 2.213, 2.392, 2.468, 3.146, 3.779, 3.515, 3.336, 2.501, 2.116, 2.123, 2.284, 2.312, 2.007, 1.927, 2.902, 3.484, 3.865, 2.066, 1.647, 1.786, 1.628, 1.653, 1.721, 3.195, 3.28, 2.535, 2.497, 2.548, 3.354, 2.911, 2.977, 2.746, 2.945, 3.195, 3.462, 4.187, 4.408, 3.533, 2.887, 3.01, 3.576, 3.807, 4.036, 3.77, 3.441], [8.303, 8.983, 9.523, 9.371, 9.423, 9.423, 10.39, 10.452, 9.53, 9.27, 9.945, 11.466, 12.181, 12.038, 11.027, 10.542, 10.794, 11.287, 11.522, 10.586, 7.221, 4.131, 2.408, 1.538, 1.8, 2.102, 1.455, 0.0, 1.093, 1.195, 1.583, 1.676, 1.84, 1.746, 1.591, 1.415, 1.366, 1.169, 1.401, 1.736, 1.739, 1.501, 2.11, 2.26, 3.025, 3.38, 3.216, 2.976, 2.341, 2.26, 2.15, 2.214, 2.376, 2.072, 2.228, 3.892, 4.703, 5.076, 3.09, 1.355, 1.235, 1.604, 1.563, 1.884, 4.403, 4.494, 3.647, 3.452, 3.746, 4.707, 3.563, 3.572, 3.395, 3.674, 3.928, 4.427, 5.286, 5.466, 4.492, 3.607, 3.844, 4.579, 4.886, 5.148, 4.735, 4.31], [8.492, 9.24, 9.784, 9.57, 9.616, 9.612, 10.587, 10.642, 9.719, 9.462, 10.132, 11.658, 12.372, 12.229, 11.218, 10.735, 10.987, 11.479, 11.715, 10.777, 7.46, 4.517, 2.929, 2.102, 2.447, 2.67, 2.139, 1.093, 0.0, 0.847, 1.804, 1.584, 1.82, 1.676, 1.595, 1.501, 1.236, 1.338, 1.577, 1.872, 1.773, 1.639, 2.296, 2.236, 2.874, 3.307, 3.13, 2.839, 2.24, 2.342, 2.331, 2.43, 2.617, 2.365, 2.388, 4.095, 4.907, 5.477, 3.735, 1.902, 1.828, 2.105, 2.011, 2.523, 4.928, 5.157, 4.439, 4.254, 4.523, 5.183, 4.137, 4.148, 4.002, 4.143, 4.449, 4.972, 5.627, 5.782, 4.706, 3.875, 4.083, 4.774, 5.103, 5.353, 5.086, 4.663], [7.834, 8.598, 9.175, 8.999, 9.032, 8.994, 9.925, 9.932, 9.011, 8.741, 9.436, 10.942, 11.652, 11.513, 10.503, 10.021, 10.274, 10.767, 11.003, 10.06, 6.812, 3.933, 2.614, 1.877, 2.117, 2.235, 1.729, 1.195, 0.847, 0.0, 1.298, 1.26, 1.379, 1.357, 1.282, 1.214, 1.32, 1.307, 1.668, 2.016, 2.222, 2.0, 2.505, 2.56, 3.151, 3.686, 3.626, 3.245, 2.48, 2.333, 2.372, 2.661, 2.891, 2.567, 2.263, 3.388, 4.356, 4.985, 3.244, 1.952, 1.91, 2.074, 1.978, 2.439, 4.51, 4.805, 4.025, 3.892, 4.086, 4.693, 3.97, 4.094, 3.909, 4.021, 4.112, 4.469, 5.142, 5.327, 4.211, 3.365, 3.433, 4.107, 4.472, 4.712, 4.427, 3.991], [6.858, 7.566, 8.126, 7.991, 8.019, 8.004, 8.934, 8.995, 8.068, 7.802, 8.48, 10.004, 10.713, 10.575, 9.564, 9.082, 9.335, 9.828, 10.065, 9.122, 5.795, 2.971, 2.024, 1.827, 1.435, 1.442, 1.347, 1.583, 1.804, 1.298, 0.0, 0.993, 1.17, 1.48, 1.509, 1.724, 1.956, 1.861, 2.311, 2.674, 2.928, 2.683, 3.069, 3.142, 3.757, 4.357, 4.253, 3.856, 3.001, 2.749, 2.7, 3.065, 3.199, 2.874, 2.482, 2.947, 3.42, 3.786, 2.374, 2.238, 2.236, 2.368, 2.099, 2.248, 3.483, 3.584, 3.1, 2.993, 2.974, 3.689, 3.441, 3.626, 3.508, 3.654, 3.521, 3.452, 4.087, 4.43, 3.31, 2.411, 2.454, 3.138, 3.471, 3.718, 3.411, 2.978], [7.404, 8.163, 8.75, 8.578, 8.61, 8.585, 9.499, 9.517, 8.588, 8.313, 9.01, 10.515, 11.226, 11.075, 10.075, 9.581, 9.837, 10.337, 10.561, 9.63, 6.383, 3.565, 2.347, 2.07, 1.643, 1.766, 1.535, 1.676, 1.584, 1.26, 0.993, 0.0, 0.745, 0.913, 1.061, 1.397, 1.543, 1.609, 1.928, 2.126, 2.403, 2.309, 2.539, 2.811, 3.427, 3.835, 3.834, 3.538, 2.856, 2.77, 2.681, 3.052, 3.182, 2.835, 2.58, 3.254, 4.012, 4.451, 2.822, 2.415, 2.409, 2.54, 2.48, 2.716, 4.082, 4.201, 3.596, 3.513, 3.51, 4.294, 3.808, 3.959, 3.766, 3.955, 3.846, 3.964, 4.703, 5.023, 3.945, 3.113, 3.23, 3.83, 4.146, 4.339, 4.092, 3.673], [7.345, 8.084, 8.682, 8.527, 8.542, 8.49, 9.39, 9.366, 8.476, 8.096, 8.887, 10.344, 11.089, 10.819, 9.812, 9.305, 9.559, 10.062, 10.277, 9.397, 6.217, 3.427, 2.335, 2.085, 1.735, 1.802, 1.619, 1.84, 1.82, 1.379, 1.17, 0.745, 0.0, 0.888, 0.965, 1.278, 1.67, 1.74, 2.052, 2.404, 2.644, 2.585, 2.622, 2.915, 3.456, 3.977, 3.979, 3.658, 2.919, 2.783, 2.702, 3.112, 3.239, 2.896, 2.484, 3.016, 3.881, 4.403, 2.8, 2.465, 2.422, 2.505, 2.5, 2.704, 4.08, 4.244, 3.631, 3.523, 3.522, 4.27, 3.789, 3.967, 3.771, 3.938, 3.861, 3.973, 4.666, 4.982, 3.877, 3.1, 3.156, 3.721, 4.066, 4.257, 3.985, 3.579], [7.391, 8.122, 8.725, 8.613, 8.65, 8.584, 9.506, 9.439, 8.537, 8.224, 8.949, 10.426, 11.149, 10.981, 9.971, 9.489, 9.742, 10.235, 10.472, 9.528, 6.329, 3.489, 2.19, 1.922, 1.749, 1.939, 1.543, 1.746, 1.676, 1.357, 1.48, 0.913, 0.888, 0.0, 0.609, 1.09, 1.365, 1.434, 1.776, 2.173, 2.413, 2.284, 2.253, 2.561, 3.141, 3.475, 3.512, 3.338, 2.635, 2.552, 2.457, 2.839, 2.959, 2.576, 2.315, 2.91, 3.943, 4.502, 2.675, 2.315, 2.343, 2.363, 2.301, 2.527, 4.101, 4.194, 3.512, 3.373, 3.479, 4.237, 3.518, 3.674, 3.451, 3.613, 3.589, 3.946, 4.678, 4.886, 3.945, 3.371, 3.378, 3.875, 4.197, 4.359, 4.18, 3.81], [7.605, 8.334, 8.924, 8.813, 8.852, 8.803, 9.711, 9.657, 8.758, 8.407, 9.169, 10.625, 11.371, 11.143, 10.121, 9.608, 9.853, 10.352, 10.585, 9.71, 6.459, 3.692, 2.37, 1.82, 1.765, 2.014, 1.601, 1.591, 1.595, 1.282, 1.509, 1.061, 0.965, 0.609, 0.0, 0.964, 1.255, 1.277, 1.612, 2.089, 2.351, 2.096, 2.218, 2.501, 3.176, 3.581, 3.626, 3.414, 2.685, 2.621, 2.518, 2.898, 3.004, 2.592, 2.348, 3.152, 4.162, 4.672, 2.68, 2.196, 2.192, 2.26, 2.237, 2.392, 4.238, 4.379, 3.481, 3.366, 3.524, 4.458, 3.697, 3.8, 3.621, 3.791, 3.824, 4.051, 4.891, 5.128, 4.164, 3.485, 3.499, 3.977, 4.338, 4.505, 4.195, 3.851], [8.177, 8.847, 9.436, 9.376, 9.422, 9.375, 10.278, 10.225, 9.329, 8.94, 9.735, 11.195, 11.937, 11.658, 10.633, 10.143, 10.394, 10.893, 11.108, 10.23, 7.007, 4.177, 2.773, 2.032, 2.26, 2.455, 1.787, 1.415, 1.501, 1.214, 1.724, 1.397, 1.278, 1.09, 0.964, 0.0, 0.991, 1.01, 1.21, 1.712, 2.018, 1.898, 2.162, 2.336, 2.976, 3.419, 3.438, 3.249, 2.72, 2.707, 2.639, 2.909, 3.126, 2.811, 2.606, 3.711, 4.721, 5.207, 3.226, 2.318, 2.199, 2.236, 2.327, 2.54, 4.715, 4.861, 4.035, 3.866, 4.098, 4.949, 4.158, 4.259, 4.072, 4.246, 4.291, 4.582, 5.405, 5.599, 4.583, 3.934, 3.835, 4.428, 4.864, 5.048, 4.572, 4.147], [8.536, 9.24, 9.83, 9.708, 9.74, 9.739, 10.685, 10.644, 9.714, 9.423, 10.113, 11.652, 12.358, 12.169, 11.158, 10.674, 10.927, 11.433, 11.653, 10.715, 7.48, 4.571, 3.016, 2.202, 2.38, 2.706, 2.147, 1.366, 1.236, 1.32, 1.956, 1.543, 1.67, 1.365, 1.255, 0.991, 0.0, 0.646, 1.062, 1.233, 1.458, 1.413, 1.956, 2.18, 2.887, 3.073, 3.137, 3.148, 2.717, 2.771, 2.659, 2.899, 3.07, 2.791, 2.717, 4.129, 5.081, 5.526, 3.455, 2.052, 1.903, 2.206, 2.32, 2.566, 5.012, 5.103, 4.183, 3.998, 4.288, 5.28, 4.24, 4.285, 4.12, 4.383, 4.473, 4.818, 5.688, 5.892, 4.879, 4.155, 4.212, 4.791, 5.173, 5.415, 4.958, 4.545], [8.436, 9.134, 9.714, 9.574, 9.606, 9.606, 10.543, 10.561, 9.627, 9.358, 10.04, 11.568, 12.273, 12.125, 11.103, 10.623, 10.881, 11.374, 11.596, 10.659, 7.374, 4.367, 2.82, 2.014, 2.243, 2.515, 1.881, 1.169, 1.338, 1.307, 1.861, 1.609, 1.74, 1.434, 1.277, 1.01, 0.646, 0.0, 0.863, 1.228, 1.453, 1.28, 1.832, 2.05, 2.683, 2.98, 3.0, 2.905, 2.44, 2.563, 2.547, 2.656, 2.848, 2.599, 2.548, 4.041, 4.925, 5.348, 3.261, 1.775, 1.677, 1.96, 2.195, 2.458, 4.833, 4.925, 3.996, 3.782, 4.1, 5.098, 4.025, 4.069, 3.885, 4.152, 4.286, 4.66, 5.517, 5.71, 4.729, 4.023, 4.036, 4.731, 5.038, 5.299, 4.889, 4.455], [8.829, 9.497, 10.025, 9.965, 9.968, 9.934, 10.885, 10.948, 10.057, 9.762, 10.482, 11.943, 12.68, 12.487, 11.489, 10.981, 11.237, 11.745, 11.972, 11.05, 7.699, 4.661, 3.137, 2.2, 2.456, 2.673, 2.063, 1.401, 1.577, 1.668, 2.311, 1.928, 2.052, 1.776, 1.612, 1.21, 1.062, 0.863, 0.0, 0.878, 1.202, 1.069, 1.417, 1.616, 2.412, 2.775, 2.701, 2.722, 2.506, 2.833, 2.773, 2.653, 2.919, 2.652, 2.767, 4.441, 5.231, 5.668, 3.573, 1.931, 1.743, 1.974, 2.448, 2.709, 5.076, 5.191, 4.278, 4.065, 4.344, 5.306, 4.314, 4.356, 4.173, 4.412, 4.598, 5.004, 5.891, 6.085, 5.153, 4.333, 4.454, 5.177, 5.488, 5.758, 5.323, 4.912], [9.381, 10.051, 10.606, 10.518, 10.525, 10.501, 11.475, 11.517, 10.61, 10.321, 11.038, 12.536, 13.246, 13.082, 12.075, 11.577, 11.833, 12.338, 12.57, 11.643, 8.283, 5.221, 3.651, 2.644, 2.841, 3.116, 2.442, 1.736, 1.872, 2.016, 2.674, 2.126, 2.404, 2.173, 2.089, 1.712, 1.233, 1.228, 0.878, 0.0, 0.777, 1.115, 1.541, 1.826, 2.657, 2.878, 2.838, 3.0, 3.062, 3.41, 3.348, 3.195, 3.31, 3.071, 3.381, 4.974, 5.78, 6.187, 4.152, 2.123, 1.949, 2.345, 2.77, 3.062, 5.546, 5.595, 4.643, 4.464, 4.729, 5.709, 4.671, 4.614, 4.466, 4.741, 5.09, 5.554, 6.417, 6.587, 5.669, 4.7, 4.977, 5.708, 6.003, 6.285, 5.88, 5.447], [9.643, 10.323, 10.88, 10.786, 10.787, 10.777, 11.751, 11.803, 10.877, 10.61, 11.288, 12.814, 13.529, 13.378, 12.367, 11.881, 12.133, 12.628, 12.861, 11.926, 8.562, 5.462, 3.859, 2.748, 3.029, 3.329, 2.631, 1.739, 1.773, 2.222, 2.928, 2.403, 2.644, 2.413, 2.351, 2.018, 1.458, 1.453, 1.202, 0.777, 0.0, 0.908, 1.575, 1.734, 2.521, 2.715, 2.649, 2.756, 2.806, 3.246, 3.219, 3.029, 3.027, 2.86, 3.268, 5.222, 6.054, 6.426, 4.406, 1.863, 1.696, 2.324, 2.774, 3.041, 5.756, 5.809, 4.811, 4.639, 4.928, 5.911, 4.753, 4.619, 4.44, 4.746, 5.282, 5.783, 6.633, 6.815, 5.88, 4.963, 5.252, 5.988, 6.25, 6.53, 6.172, 5.74], [9.216, 9.897, 10.451, 10.377, 10.374, 10.357, 11.326, 11.383, 10.454, 10.181, 10.87, 12.39, 13.1, 12.949, 11.938, 11.455, 11.707, 12.199, 12.435, 11.497, 8.133, 5.045, 3.438, 2.315, 2.653, 2.925, 2.213, 1.501, 1.639, 2.0, 2.683, 2.309, 2.585, 2.284, 2.096, 1.898, 1.413, 1.28, 1.069, 1.115, 0.908, 0.0, 1.054, 1.218, 2.01, 2.348, 2.226, 2.274, 2.269, 2.753, 2.741, 2.522, 2.574, 2.425, 2.841, 4.802, 5.625, 6.009, 4.02, 1.651, 1.359, 2.01, 2.49, 2.767, 5.344, 5.396, 4.4, 4.248, 4.534, 5.519, 4.395, 4.304, 4.116, 4.423, 4.91, 5.42, 6.214, 6.386, 5.54, 4.731, 4.945, 5.575, 5.892, 6.142, 5.768, 5.381], [9.127, 9.785, 10.289, 10.276, 10.268, 10.216, 11.164, 11.236, 10.343, 10.054, 10.771, 12.226, 12.97, 12.794, 11.781, 11.285, 11.53, 12.018, 12.248, 11.351, 7.959, 4.91, 3.418, 2.563, 2.886, 3.008, 2.392, 2.11, 2.296, 2.505, 3.069, 2.539, 2.622, 2.253, 2.218, 2.162, 1.956, 1.832, 1.417, 1.541, 1.575, 1.054, 0.0, 0.909, 1.48, 1.912, 1.862, 1.989, 2.087, 2.694, 2.695, 2.376, 2.47, 2.346, 2.782, 4.704, 5.52, 5.962, 4.078, 1.96, 1.634, 2.224, 2.773, 3.097, 5.312, 5.38, 4.629, 4.467, 4.626, 5.431, 4.439, 4.471, 4.317, 4.51, 4.896, 5.425, 6.181, 6.291, 5.553, 4.888, 5.087, 5.735, 5.948, 6.188, 5.965, 5.632], [8.94, 9.589, 10.112, 10.082, 10.086, 10.054, 10.995, 11.07, 10.173, 9.862, 10.564, 12.019, 12.763, 12.588, 11.574, 11.085, 11.338, 11.832, 12.068, 11.144, 7.792, 4.79, 3.39, 2.651, 3.122, 3.148, 2.468, 2.26, 2.236, 2.56, 3.142, 2.811, 2.915, 2.561, 2.501, 2.336, 2.18, 2.05, 1.616, 1.826, 1.734, 1.218, 0.909, 0.0, 1.084, 1.612, 1.464, 1.602, 1.687, 2.229, 2.253, 2.005, 2.141, 2.022, 2.455, 4.505, 5.322, 5.808, 3.955, 2.101, 1.838, 2.35, 2.822, 3.166, 5.096, 5.274, 4.548, 4.375, 4.585, 5.311, 4.193, 4.161, 3.998, 4.165, 4.646, 5.238, 5.986, 6.09, 5.36, 4.976, 5.05, 5.638, 5.893, 6.074, 5.748, 5.476], [9.184, 9.833, 10.364, 10.336, 10.359, 10.304, 11.23, 11.298, 10.401, 10.092, 10.809, 12.264, 13.008, 12.832, 11.818, 11.327, 11.58, 12.074, 12.31, 11.389, 8.05, 5.09, 3.803, 3.409, 3.809, 3.69, 3.146, 3.025, 2.874, 3.151, 3.757, 3.427, 3.456, 3.141, 3.176, 2.976, 2.887, 2.683, 2.412, 2.657, 2.521, 2.01, 1.48, 1.084, 0.0, 1.063, 1.049, 1.212, 1.549, 2.236, 2.385, 2.016, 2.153, 2.11, 2.586, 4.742, 5.606, 6.16, 4.386, 2.813, 2.611, 3.025, 3.519, 3.91, 5.545, 5.761, 5.151, 4.932, 5.139, 5.739, 4.7, 4.509, 4.408, 4.558, 5.003, 5.534, 6.317, 6.403, 5.727, 5.611, 5.592, 6.145, 6.353, 6.487, 6.199, 5.923], [9.794, 10.486, 11.065, 10.945, 10.979, 10.968, 11.908, 11.927, 10.998, 10.731, 11.409, 12.928, 13.645, 13.499, 12.488, 12.005, 12.257, 12.749, 12.985, 12.047, 8.726, 5.835, 4.417, 3.984, 4.262, 4.362, 3.779, 3.38, 3.307, 3.686, 4.357, 3.835, 3.977, 3.475, 3.581, 3.419, 3.073, 2.98, 2.775, 2.878, 2.715, 2.348, 1.912, 1.612, 1.063, 0.0, 0.735, 1.13, 1.821, 2.685, 2.704, 2.223, 2.428, 2.506, 3.261, 5.418, 6.365, 6.877, 5.098, 3.348, 3.139, 3.769, 4.249, 4.585, 6.374, 6.321, 5.824, 5.571, 5.817, 6.395, 5.184, 4.916, 4.858, 5.136, 5.589, 6.186, 7.077, 7.059, 6.533, 6.354, 6.331, 6.884, 7.096, 7.259, 7.038, 6.761], [9.49, 10.17, 10.741, 10.606, 10.649, 10.643, 11.608, 11.645, 10.723, 10.457, 11.133, 12.654, 13.368, 13.225, 12.214, 11.731, 11.983, 12.475, 12.711, 11.773, 8.416, 5.581, 4.136, 3.713, 4.06, 4.134, 3.515, 3.216, 3.13, 3.626, 4.253, 3.834, 3.979, 3.512, 3.626, 3.438, 3.137, 3.0, 2.701, 2.838, 2.649, 2.226, 1.862, 1.464, 1.049, 0.735, 0.0, 0.921, 1.653, 2.474, 2.468, 1.938, 2.058, 2.17, 3.027, 5.24, 6.067, 6.58, 4.949, 3.169, 2.849, 3.462, 3.896, 4.235, 6.032, 6.047, 5.61, 5.322, 5.571, 6.018, 4.825, 4.599, 4.563, 4.796, 5.35, 5.988, 6.79, 6.738, 6.294, 6.039, 6.129, 6.7, 6.912, 7.043, 6.872, 6.613], [9.146, 9.826, 10.392, 10.24, 10.291, 10.301, 11.246, 11.303, 10.38, 10.113, 10.788, 12.309, 13.024, 12.881, 11.87, 11.387, 11.638, 12.131, 12.366, 11.429, 8.105, 5.35, 3.897, 3.399, 3.812, 3.828, 3.336, 2.976, 2.839, 3.245, 3.856, 3.538, 3.658, 3.338, 3.414, 3.249, 3.148, 2.905, 2.722, 3.0, 2.756, 2.274, 1.989, 1.602, 1.212, 1.13, 0.921, 0.0, 1.293, 2.185, 2.209, 1.65, 1.884, 2.074, 2.746, 4.868, 5.768, 6.285, 4.825, 3.0, 2.637, 3.156, 3.658, 4.078, 5.783, 5.877, 5.582, 5.313, 5.558, 5.781, 4.702, 4.502, 4.502, 4.649, 5.174, 5.873, 6.509, 6.47, 5.977, 5.647, 5.753, 6.325, 6.559, 6.701, 6.519, 6.247], [8.13, 8.846, 9.421, 9.24, 9.283, 9.285, 10.223, 10.262, 9.333, 9.06, 9.737, 11.256, 11.97, 11.827, 10.816, 10.333, 10.585, 11.077, 11.313, 10.375, 7.084, 4.424, 3.08, 2.7, 3.041, 3.035, 2.501, 2.341, 2.24, 2.48, 3.001, 2.856, 2.919, 2.635, 2.685, 2.72, 2.717, 2.44, 2.506, 3.062, 2.806, 2.269, 2.087, 1.687, 1.549, 1.821, 1.653, 1.293, 0.0, 1.138, 1.185, 0.899, 1.233, 1.308, 1.787, 3.827, 4.823, 5.382, 3.808, 2.303, 2.112, 2.572, 2.929, 3.311, 4.975, 5.001, 4.632, 4.371, 4.629, 4.855, 3.687, 3.57, 3.562, 3.734, 4.199, 4.836, 5.588, 5.454, 5.024, 4.811, 4.814, 5.391, 5.612, 5.776, 5.583, 5.313], [7.203, 7.897, 8.484, 8.312, 8.395, 8.393, 9.337, 9.331, 8.402, 8.104, 8.786, 10.318, 11.021, 10.87, 9.859, 9.376, 9.627, 10.119, 10.355, 9.418, 6.144, 3.567, 2.336, 2.071, 2.426, 2.437, 2.116, 2.26, 2.342, 2.333, 2.749, 2.77, 2.783, 2.552, 2.621, 2.707, 2.771, 2.563, 2.833, 3.41, 3.246, 2.753, 2.694, 2.229, 2.236, 2.685, 2.474, 2.185, 1.138, 0.0, 0.61, 0.963, 1.247, 1.028, 0.968, 2.925, 3.938, 4.546, 2.974, 2.208, 2.319, 2.398, 2.36, 2.574, 4.02, 4.131, 3.878, 3.587, 3.801, 3.943, 2.926, 2.785, 2.754, 2.9, 3.322, 3.96, 4.728, 4.574, 4.208, 4.102, 4.048, 4.596, 4.835, 4.96, 4.75, 4.492], [7.243, 7.937, 8.522, 8.306, 8.409, 8.405, 9.333, 9.339, 8.402, 8.116, 8.793, 10.318, 11.027, 10.884, 9.873, 9.39, 9.642, 10.134, 10.37, 9.432, 6.188, 3.712, 2.389, 2.091, 2.401, 2.481, 2.123, 2.15, 2.331, 2.372, 2.7, 2.681, 2.702, 2.457, 2.518, 2.639, 2.659, 2.547, 2.773, 3.348, 3.219, 2.741, 2.695, 2.253, 2.385, 2.704, 2.468, 2.209, 1.185, 0.61, 0.0, 0.849, 1.149, 0.99, 1.164, 3.03, 3.982, 4.538, 3.019, 2.278, 2.235, 2.428, 2.4, 2.578, 4.097, 4.107, 3.913, 3.583, 3.804, 3.958, 2.844, 2.691, 2.73, 2.876, 3.241, 3.862, 4.731, 4.615, 4.331, 4.21, 4.173, 4.674, 4.935, 5.049, 4.851, 4.593], [7.783, 8.494, 9.04, 8.865, 8.921, 8.927, 9.898, 9.929, 9.011, 8.743, 9.426, 10.947, 11.661, 11.506, 10.494, 10.007, 10.259, 10.752, 10.987, 10.057, 6.734, 4.266, 2.806, 2.383, 2.716, 2.786, 2.284, 2.214, 2.43, 2.661, 3.065, 3.052, 3.112, 2.839, 2.898, 2.909, 2.899, 2.656, 2.653, 3.195, 3.029, 2.522, 2.376, 2.005, 2.016, 2.223, 1.938, 1.65, 0.899, 0.963, 0.849, 0.0, 0.771, 0.967, 1.574, 3.759, 4.487, 4.955, 3.512, 2.263, 2.128, 2.514, 2.701, 2.99, 4.496, 4.524, 4.319, 3.989, 4.212, 4.33, 3.196, 3.032, 3.114, 3.257, 3.754, 4.443, 5.203, 5.073, 4.894, 4.693, 4.786, 5.346, 5.561, 5.707, 5.515, 5.257], [7.949, 8.622, 9.133, 8.991, 9.024, 9.016, 9.987, 10.046, 9.127, 8.855, 9.53, 11.049, 11.764, 11.614, 10.605, 10.116, 10.367, 10.86, 11.096, 10.166, 6.882, 4.402, 2.897, 2.358, 2.774, 2.818, 2.312, 2.376, 2.617, 2.891, 3.199, 3.182, 3.239, 2.959, 3.004, 3.126, 3.07, 2.848, 2.919, 3.31, 3.027, 2.574, 2.47, 2.141, 2.153, 2.428, 2.058, 1.884, 1.233, 1.247, 1.149, 0.771, 0.0, 0.784, 1.792, 3.92, 4.584, 4.962, 3.615, 2.348, 2.181, 2.638, 2.61, 2.807, 4.424, 4.389, 4.172, 3.882, 4.061, 4.221, 3.174, 2.902, 3.02, 3.171, 3.839, 4.527, 5.256, 5.238, 5.014, 4.766, 4.936, 5.474, 5.69, 5.837, 5.623, 5.362], [7.74, 8.422, 8.973, 8.867, 8.873, 8.869, 9.844, 9.895, 8.97, 8.704, 9.381, 10.903, 11.621, 11.466, 10.454, 9.968, 10.22, 10.719, 10.955, 10.02, 6.655, 4.026, 2.54, 2.092, 2.453, 2.491, 2.007, 2.072, 2.365, 2.567, 2.874, 2.835, 2.896, 2.576, 2.592, 2.811, 2.791, 2.599, 2.652, 3.071, 2.86, 2.425, 2.346, 2.022, 2.11, 2.506, 2.17, 2.074, 1.308, 1.028, 0.99, 0.967, 0.784, 0.0, 1.45, 3.551, 4.246, 4.715, 3.156, 2.167, 2.033, 2.276, 2.185, 2.461, 4.101, 4.046, 3.754, 3.488, 3.645, 4.012, 2.975, 2.679, 2.637, 2.795, 3.515, 4.18, 4.943, 4.939, 4.649, 4.418, 4.583, 5.109, 5.317, 5.481, 5.238, 4.964], [6.747, 7.409, 7.964, 7.952, 7.973, 7.911, 8.834, 8.862, 7.967, 7.678, 8.388, 9.844, 10.587, 10.419, 9.406, 8.914, 9.159, 9.646, 9.877, 8.972, 5.606, 2.859, 1.849, 1.764, 2.153, 2.125, 1.927, 2.228, 2.388, 2.263, 2.482, 2.58, 2.484, 2.315, 2.348, 2.606, 2.717, 2.548, 2.767, 3.381, 3.268, 2.841, 2.782, 2.455, 2.586, 3.261, 3.027, 2.746, 1.787, 0.968, 1.164, 1.574, 1.792, 1.45, 0.0, 2.397, 3.369, 3.946, 2.455, 2.216, 2.455, 2.181, 2.11, 2.208, 3.566, 3.677, 3.286, 2.975, 3.177, 3.4, 2.376, 2.327, 2.281, 2.41, 2.851, 3.435, 4.153, 4.036, 3.68, 3.697, 3.625, 4.124, 4.306, 4.393, 4.173, 3.915], [4.753, 5.493, 6.096, 5.929, 5.871, 5.819, 6.694, 6.646, 5.736, 5.411, 6.206, 7.597, 8.327, 8.161, 7.15, 6.668, 6.921, 7.414, 7.651, 6.708, 3.869, 1.747, 1.63, 2.713, 2.568, 2.372, 2.902, 3.892, 4.095, 3.388, 2.947, 3.254, 3.016, 2.91, 3.152, 3.711, 4.129, 4.041, 4.441, 4.974, 5.222, 4.802, 4.704, 4.505, 4.742, 5.418, 5.24, 4.868, 3.827, 2.925, 3.03, 3.759, 3.92, 3.551, 2.397, 0.0, 1.749, 2.58, 1.655, 3.771, 4.134, 3.535, 3.418, 3.118, 2.306, 2.406, 2.041, 1.917, 2.183, 2.04, 1.689, 1.908, 1.878, 1.926, 1.908, 2.224, 2.789, 2.729, 2.108, 2.53, 2.462, 2.478, 2.746, 2.61, 2.39, 2.157], [3.797, 4.446, 4.988, 4.874, 4.854, 4.752, 5.731, 5.816, 4.918, 4.681, 5.361, 6.829, 7.513, 7.369, 6.37, 5.902, 6.14, 6.649, 6.854, 5.918, 2.75, 1.547, 2.297, 3.472, 3.141, 2.858, 3.484, 4.703, 4.907, 4.356, 3.42, 4.012, 3.881, 3.943, 4.162, 4.721, 5.081, 4.925, 5.231, 5.78, 6.054, 5.625, 5.52, 5.322, 5.606, 6.365, 6.067, 5.768, 4.823, 3.938, 3.982, 4.487, 4.584, 4.246, 3.369, 1.749, 0.0, 1.153, 1.773, 4.509, 4.906, 4.061, 3.817, 3.478, 1.238, 1.24, 1.669, 1.779, 1.572, 1.202, 1.943, 2.11, 2.016, 1.826, 1.476, 1.457, 1.424, 1.517, 1.443, 2.053, 2.02, 1.904, 1.946, 2.02, 1.956, 1.865], [3.533, 4.138, 4.627, 4.522, 4.497, 4.452, 5.344, 5.407, 4.487, 4.456, 5.051, 6.522, 7.174, 7.032, 5.99, 5.511, 5.762, 6.293, 6.483, 5.521, 2.51, 1.953, 2.78, 3.849, 3.519, 3.206, 3.865, 5.076, 5.477, 4.985, 3.786, 4.451, 4.403, 4.502, 4.672, 5.207, 5.526, 5.348, 5.668, 6.187, 6.426, 6.009, 5.962, 5.808, 6.16, 6.877, 6.58, 6.285, 5.382, 4.546, 4.538, 4.955, 4.962, 4.715, 3.946, 2.58, 1.153, 0.0, 2.175, 4.91, 5.305, 4.49, 4.284, 3.854, 1.45, 1.047, 1.721, 1.939, 1.749, 1.397, 2.312, 2.397, 2.429, 2.108, 1.69, 1.52, 1.403, 1.635, 1.837, 2.552, 2.438, 2.033, 1.856, 2.057, 1.952, 2.008], [5.377, 6.005, 6.526, 6.518, 6.502, 6.408, 7.373, 7.43, 6.539, 6.328, 7.007, 8.491, 9.176, 9.033, 8.035, 7.561, 7.805, 8.305, 8.52, 7.584, 4.273, 2.062, 1.319, 2.047, 1.758, 1.727, 2.066, 3.09, 3.735, 3.244, 2.374, 2.822, 2.8, 2.675, 2.68, 3.226, 3.455, 3.261, 3.573, 4.152, 4.406, 4.02, 4.078, 3.955, 4.386, 5.098, 4.949, 4.825, 3.808, 2.974, 3.019, 3.512, 3.615, 3.156, 2.455, 1.655, 1.773, 2.175, 0.0, 2.869, 3.382, 2.656, 2.502, 2.006, 1.691, 1.793, 1.145, 1.013, 1.285, 1.951, 1.763, 1.946, 1.841, 2.061, 1.906, 1.96, 2.605, 2.851, 2.172, 2.499, 2.47, 2.413, 2.587, 2.772, 2.402, 2.211], [8.122, 8.798, 9.343, 9.256, 9.25, 9.234, 10.209, 10.264, 9.35, 9.074, 9.779, 11.282, 11.992, 11.841, 10.832, 10.353, 10.599, 11.096, 11.327, 10.4, 7.025, 3.98, 2.511, 1.692, 2.009, 2.271, 1.647, 1.355, 1.902, 1.952, 2.238, 2.415, 2.465, 2.315, 2.196, 2.318, 2.052, 1.775, 1.931, 2.123, 1.863, 1.651, 1.96, 2.101, 2.813, 3.348, 3.169, 3.0, 2.303, 2.208, 2.278, 2.263, 2.348, 2.167, 2.216, 3.771, 4.509, 4.91, 2.869, 0.0, 0.904, 1.362, 1.637, 1.744, 4.253, 4.311, 3.367, 3.184, 3.418, 4.389, 3.38, 3.431, 3.314, 3.56, 3.977, 4.362, 5.121, 5.272, 4.364, 3.467, 3.749, 4.498, 4.753, 5.031, 4.739, 4.311], [8.513, 9.195, 9.725, 9.581, 9.627, 9.621, 10.592, 10.65, 9.732, 9.472, 10.147, 11.668, 12.382, 12.236, 11.226, 10.745, 10.992, 11.485, 11.725, 10.787, 7.423, 4.348, 2.759, 1.753, 2.147, 2.459, 1.786, 1.235, 1.828, 1.91, 2.236, 2.409, 2.422, 2.343, 2.192, 2.199, 1.903, 1.677, 1.743, 1.949, 1.696, 1.359, 1.634, 1.838, 2.611, 3.139, 2.849, 2.637, 2.112, 2.319, 2.235, 2.128, 2.181, 2.033, 2.455, 4.134, 4.906, 5.305, 3.382, 0.904, 0.0, 1.104, 1.494, 1.777, 4.488, 4.592, 3.788, 3.645, 3.875, 4.767, 3.826, 3.841, 3.65, 3.886, 4.283, 4.721, 5.516, 5.669, 4.706, 3.863, 4.119, 4.812, 5.096, 5.356, 5.018, 4.602], [7.703, 8.361, 8.91, 8.755, 8.792, 8.782, 9.771, 9.85, 8.923, 8.646, 9.32, 10.853, 11.547, 11.41, 10.41, 9.943, 10.169, 10.686, 10.897, 9.971, 6.619, 3.751, 2.3, 1.677, 2.198, 2.482, 1.628, 1.604, 2.105, 2.074, 2.368, 2.54, 2.505, 2.363, 2.26, 2.236, 2.206, 1.96, 1.974, 2.345, 2.324, 2.01, 2.224, 2.35, 3.025, 3.769, 3.462, 3.156, 2.572, 2.398, 2.428, 2.514, 2.638, 2.276, 2.181, 3.535, 4.061, 4.49, 2.656, 1.362, 1.104, 0.0, 0.843, 1.141, 3.586, 3.815, 3.143, 3.042, 3.19, 3.909, 3.37, 3.426, 3.288, 3.442, 3.803, 4.188, 4.732, 4.896, 3.858, 3.36, 3.478, 3.98, 4.251, 4.507, 4.23, 3.817], [7.507, 8.157, 8.661, 8.499, 8.528, 8.467, 9.419, 9.499, 8.613, 8.43, 9.063, 10.589, 11.248, 11.129, 10.123, 9.642, 9.87, 10.411, 10.586, 9.628, 6.404, 3.612, 2.183, 1.577, 2.037, 2.321, 1.653, 1.563, 2.011, 1.978, 2.099, 2.48, 2.5, 2.301, 2.237, 2.327, 2.32, 2.195, 2.448, 2.77, 2.774, 2.49, 2.773, 2.822, 3.519, 4.249, 3.896, 3.658, 2.929, 2.36, 2.4, 2.701, 2.61, 2.185, 2.11, 3.418, 3.817, 4.284, 2.502, 1.637, 1.494, 0.843, 0.0, 0.78, 3.262, 3.532, 2.965, 2.846, 3.013, 3.675, 3.182, 3.268, 3.123, 3.26, 3.692, 4.105, 4.649, 4.718, 3.589, 2.957, 3.153, 3.686, 3.985, 4.298, 4.093, 3.685], [7.145, 7.791, 8.294, 8.137, 8.164, 8.106, 9.092, 9.176, 8.272, 8.062, 8.679, 10.198, 10.878, 10.756, 9.782, 9.275, 9.5, 10.031, 10.232, 9.297, 6.066, 3.303, 1.848, 1.351, 1.747, 2.016, 1.721, 1.884, 2.523, 2.439, 2.248, 2.716, 2.704, 2.527, 2.392, 2.54, 2.566, 2.458, 2.709, 3.062, 3.041, 2.767, 3.097, 3.166, 3.91, 4.585, 4.235, 4.078, 3.311, 2.574, 2.578, 2.99, 2.807, 2.461, 2.208, 3.118, 3.478, 3.854, 2.006, 1.744, 1.777, 1.141, 0.78, 0.0, 2.855, 3.067, 2.391, 2.248, 2.448, 3.317, 2.785, 2.863, 2.7, 2.913, 3.277, 3.65, 4.265, 4.376, 3.274, 2.73, 2.834, 3.343, 3.612, 3.89, 3.631, 3.235], [4.561, 5.18, 5.676, 5.534, 5.561, 5.489, 6.364, 6.432, 5.612, 5.55, 6.119, 7.606, 8.243, 8.12, 7.098, 6.591, 6.816, 7.385, 7.548, 6.595, 3.529, 2.065, 2.175, 3.128, 2.854, 2.518, 3.195, 4.403, 4.928, 4.51, 3.483, 4.082, 4.08, 4.101, 4.238, 4.715, 5.012, 4.833, 5.076, 5.546, 5.756, 5.344, 5.312, 5.096, 5.545, 6.374, 6.032, 5.783, 4.975, 4.02, 4.097, 4.496, 4.424, 4.101, 3.566, 2.306, 1.238, 1.45, 1.691, 4.253, 4.488, 3.586, 3.262, 2.855, 0.0, 0.951, 1.358, 1.354, 1.312, 1.523, 2.077, 2.082, 1.886, 1.797, 1.705, 1.701, 2.069, 2.261, 2.114, 2.655, 2.641, 2.329, 2.268, 2.423, 2.427, 2.331], [4.176, 4.815, 5.312, 5.169, 5.195, 5.142, 6.067, 6.145, 5.258, 5.179, 5.768, 7.253, 7.915, 7.763, 6.768, 6.279, 6.518, 7.037, 7.233, 6.284, 3.127, 1.93, 2.304, 3.296, 2.952, 2.753, 3.28, 4.494, 5.157, 4.805, 3.584, 4.201, 4.244, 4.194, 4.379, 4.861, 5.103, 4.925, 5.191, 5.595, 5.809, 5.396, 5.38, 5.274, 5.761, 6.321, 6.047, 5.877, 5.001, 4.131, 4.107, 4.524, 4.389, 4.046, 3.677, 2.406, 1.24, 1.047, 1.793, 4.311, 4.592, 3.815, 3.532, 3.067, 0.951, 0.0, 1.13, 1.423, 1.198, 1.129, 1.931, 1.974, 1.828, 1.809, 1.465, 1.525, 1.722, 1.898, 1.998, 2.604, 2.629, 2.296, 2.223, 2.358, 2.356, 2.251], [4.994, 5.644, 6.158, 6.08, 6.072, 6.052, 6.977, 7.05, 6.116, 6.026, 6.644, 8.111, 8.773, 8.646, 7.614, 7.133, 7.386, 7.899, 8.115, 7.172, 3.968, 2.003, 1.847, 2.