[[0.0, 0.917, 1.147, 1.217, 0.899, 0.994, 1.021, 2.248, 3.894, 3.778, 3.454, 3.262, 3.491, 3.507, 4.835, 5.523, 5.525, 5.964, 6.167, 5.677, 5.527, 6.429, 6.472, 6.198, 5.844, 4.915, 4.388, 4.026, 3.809, 3.755, 3.854, 3.159, 2.501, 2.892, 3.318, 3.549, 3.675, 3.746, 4.042, 4.057, 4.437, 3.475, 2.12, 1.803, 2.627, 2.872, 2.642, 2.567, 2.45, 2.696, 3.297, 3.089, 3.946, 5.081, 5.002, 4.39, 4.273, 5.073, 5.556, 5.144, 5.631, 6.994, 7.06, 7.182, 6.667, 6.365, 6.285, 6.16, 5.777, 5.641, 5.702, 5.368, 4.651, 3.922, 3.479, 3.209, 3.415, 3.246, 3.476, 4.622, 5.245, 5.027, 4.134, 3.839, 3.822, 4.734], [0.917, 0.0, 0.618, 1.154, 0.891, 1.296, 1.287, 2.863, 4.565, 4.412, 4.118, 3.864, 4.102, 4.126, 5.48, 6.078, 6.108, 6.589, 6.769, 6.3, 6.174, 7.025, 7.12, 6.749, 6.398, 5.312, 4.594, 4.416, 4.117, 3.994, 4.249, 3.663, 2.988, 3.447, 3.825, 4.115, 4.212, 4.207, 4.597, 4.727, 5.084, 4.096, 2.514, 2.371, 3.163, 3.523, 3.128, 3.09, 2.881, 3.18, 4.004, 3.748, 4.605, 5.746, 5.664, 4.937, 4.855, 5.611, 6.061, 5.555, 6.107, 7.581, 7.746, 7.825, 7.267, 6.914, 6.928, 6.804, 6.402, 6.264, 6.423, 6.089, 5.379, 4.65, 4.121, 3.825, 4.087, 3.911, 4.14, 5.286, 5.896, 5.593, 4.829, 4.482, 4.408, 5.34], [1.147, 0.618, 0.0, 1.055, 1.129, 1.587, 1.497, 3.197, 4.898, 4.749, 4.427, 4.183, 4.395, 4.301, 5.659, 6.358, 6.385, 6.872, 7.049, 6.567, 6.413, 7.295, 7.32, 7.008, 6.593, 5.537, 4.764, 4.393, 4.186, 4.109, 4.483, 3.928, 3.207, 3.671, 4.167, 4.452, 4.545, 4.558, 4.915, 5.053, 5.343, 4.405, 2.75, 2.627, 3.406, 3.659, 3.303, 3.248, 3.082, 3.466, 4.285, 4.032, 4.86, 6.001, 5.937, 5.154, 4.8, 5.637, 6.346, 5.857, 6.46, 7.903, 8.063, 8.133, 7.599, 7.246, 7.217, 7.136, 6.733, 6.591, 6.594, 6.261, 5.557, 4.881, 4.426, 4.127, 4.368, 4.216, 4.445, 5.591, 6.193, 5.804, 5.096, 4.805, 4.744, 5.609], [1.217, 1.154, 1.055, 0.0, 1.138, 1.594, 1.707, 3.009, 4.635, 4.543, 4.169, 3.962, 4.285, 4.154, 5.525, 6.184, 6.156, 6.573, 6.751, 6.266, 6.096, 7.028, 7.085, 6.787, 6.381, 5.274, 4.668, 4.223, 4.108, 4.013, 4.347, 3.674, 3.06, 3.51, 3.943, 4.193, 4.405, 4.433, 4.708, 4.775, 5.097, 4.138, 2.572, 2.401, 3.277, 3.493, 3.155, 3.047, 2.89, 3.198, 4.083, 3.729, 4.606, 5.696, 5.633, 5.025, 4.785, 5.502, 6.163, 5.698, 6.284, 7.694, 7.822, 7.899, 7.388, 7.057, 6.988, 6.895, 6.505, 6.32, 6.405, 6.055, 5.371, 4.642, 4.109, 3.845, 4.079, 3.942, 4.16, 5.274, 5.86, 5.66, 4.87, 4.514, 4.503, 5.472], [0.899, 0.891, 1.129, 1.138, 0.0, 0.84, 1.034, 2.552, 4.222, 4.069, 3.789, 3.613, 3.918, 3.887, 5.237, 5.875, 5.887, 6.211, 6.422, 5.926, 5.784, 6.674, 6.779, 6.56, 6.197, 5.157, 4.625, 4.347, 4.095, 3.978, 4.132, 3.481, 2.813, 3.171, 3.562, 3.856, 4.071, 4.111, 4.312, 4.422, 4.66, 3.706, 2.245, 2.021, 2.951, 3.223, 2.952, 2.816, 2.706, 2.844, 3.689, 3.446, 4.299, 5.381, 5.34, 4.782, 4.806, 5.604, 5.994, 5.482, 5.941, 7.299, 7.373, 7.479, 6.978, 6.735, 6.58, 6.463, 6.082, 5.937, 6.07, 5.744, 5.06, 4.331, 3.822, 3.56, 3.786, 3.592, 3.762, 4.909, 5.557, 5.399, 4.513, 4.108, 4.095, 5.109], [0.994, 1.296, 1.587, 1.594, 0.84, 0.0, 0.973, 2.005, 3.636, 3.49, 3.17, 2.977, 3.298, 3.288, 4.649, 5.26, 5.353, 5.666, 5.822, 5.356, 5.263, 6.223, 6.401, 6.051, 5.847, 4.946, 4.431, 4.216, 3.974, 3.883, 3.872, 3.107, 2.305, 2.604, 3.095, 3.264, 3.431, 3.525, 3.822, 3.877, 4.174, 3.428, 2.184, 1.701, 2.452, 2.747, 2.664, 2.606, 2.456, 2.476, 3.127, 3.103, 4.029, 4.938, 4.751, 4.347, 4.499, 5.22, 5.622, 5.11, 5.373, 6.672, 6.777, 6.87, 6.377, 6.099, 5.943, 5.86, 5.535, 5.436, 5.519, 5.198, 4.494, 3.763, 3.23, 2.958, 3.2, 3.056, 3.181, 4.34, 4.973, 4.761, 3.89, 3.465, 3.485, 4.505], [1.021, 1.287, 1.497, 1.707, 1.034, 0.973, 0.0, 2.158, 3.937, 3.786, 3.499, 3.336, 3.57, 3.645, 5.04, 5.608, 5.626, 6.032, 6.205, 5.744, 5.692, 6.529, 6.768, 6.396, 6.062, 5.221, 4.784, 4.508, 4.288, 4.125, 4.169, 3.403, 2.711, 3.025, 3.375, 3.665, 3.72, 3.828, 4.089, 4.152, 4.56, 3.705, 2.626, 2.145, 2.822, 2.99, 2.849, 2.767, 2.646, 2.839, 3.437, 3.392, 4.292, 5.315, 5.074, 4.692, 4.804, 5.596, 5.866, 5.448, 5.687, 6.992, 7.103, 7.211, 6.681, 6.521, 6.348, 6.179, 5.797, 5.687, 5.784, 5.458, 4.774, 4.045, 3.55, 3.306, 3.492, 3.37, 3.584, 4.715, 5.277, 5.129, 4.255, 3.895, 3.838, 4.792], [2.248, 2.863, 3.197, 3.009, 2.552, 2.005, 2.158, 0.0, 2.221, 2.291, 2.139, 2.169, 2.423, 2.627, 4.16, 4.418, 4.575, 4.566, 4.634, 4.321, 4.673, 5.601, 6.028, 5.532, 5.223, 4.688, 4.39, 4.113, 4.061, 3.645, 3.621, 2.948, 2.296, 2.25, 2.441, 2.337, 2.236, 2.563, 3.282, 3.257, 3.577, 3.154, 2.335, 1.863, 2.168, 2.499, 2.119, 1.991, 1.913, 1.906, 2.469, 2.595, 3.453, 4.306, 4.156, 4.008, 4.259, 4.958, 5.371, 4.895, 4.692, 5.409, 5.608, 6.097, 5.538, 5.634, 5.264, 4.967, 4.711, 4.573, 4.499, 4.28, 3.455, 2.638, 1.987, 2.013, 2.13, 2.346, 2.563, 3.084, 3.612, 3.726, 3.108, 2.881, 2.6, 3.316], [3.894, 4.565, 4.898, 4.635, 4.222, 3.636, 3.937, 2.221, 0.0, 0.806, 1.13, 1.224, 1.433, 1.69, 2.543, 3.019, 3.063, 2.715, 2.931, 3.043, 3.502, 4.071, 4.324, 4.018, 3.806, 3.455, 3.209, 2.957, 3.187, 2.699, 2.453, 2.166, 2.297, 1.764, 1.749, 1.732, 1.611, 1.502, 1.638, 2.042, 2.367, 2.245, 2.35, 2.417, 1.9, 1.908, 2.072, 2.056, 2.124, 1.693, 1.591, 1.756, 1.67, 2.583, 2.88, 2.935, 2.89, 3.459, 3.815, 3.417, 3.278, 3.743, 3.753, 4.227, 3.783, 4.023, 3.779, 3.286, 3.129, 2.965, 2.933, 2.621, 2.132, 1.801, 1.685, 1.917, 1.657, 1.946, 1.831, 1.485, 2.229, 2.386, 1.729, 1.411, 1.279, 1.527], [3.778, 4.412, 4.749, 4.543, 4.069, 3.49, 3.786, 2.291, 0.806, 0.0, 0.687, 1.039, 1.248, 1.563, 2.308, 2.995, 3.335, 2.995, 3.197, 3.117, 3.564, 4.085, 4.231, 4.033, 3.91, 3.432, 3.192, 2.974, 3.212, 2.834, 2.383, 2.159, 2.265, 1.765, 1.895, 1.903, 1.741, 1.73, 1.602, 2.042, 2.315, 2.178, 2.239, 2.247, 1.861, 1.855, 2.07, 2.237, 2.311, 1.676, 1.642, 1.733, 1.666, 2.415, 2.77, 2.91, 2.821, 3.308, 3.7, 3.314, 3.281, 3.684, 3.711, 3.916, 3.596, 3.812, 3.59, 3.131, 3.032, 2.92, 2.924, 2.55, 2.126, 1.961, 1.838, 1.962, 1.905, 1.97, 1.868, 1.365, 1.917, 1.967, 1.311, 1.29, 1.069, 1.424], [3.454, 4.118, 4.427, 4.169, 3.789, 3.17, 3.499, 2.139, 1.13, 0.687, 0.0, 0.674, 1.224, 1.625, 2.54, 3.243, 3.665, 3.34, 3.472, 3.548, 3.898, 4.359, 4.51, 4.279, 4.181, 3.641, 3.359, 3.17, 3.413, 3.096, 2.577, 2.192, 1.911, 1.615, 1.961, 1.912, 1.766, 1.823, 1.73, 2.142, 2.661, 2.513, 2.232, 2.109, 1.882, 1.994, 1.97, 2.205, 2.229, 1.57, 1.733, 1.815, 2.049, 2.777, 3.032, 3.126, 2.988, 3.494, 3.885, 3.515, 3.539, 3.938, 4.067, 4.3, 3.946, 4.037, 3.829, 3.534, 3.312, 3.222, 3.261, 2.937, 2.408, 2.065, 1.709, 1.859, 1.871, 2.074, 1.961, 1.697, 2.031, 1.855, 1.299, 1.284, 1.361, 1.761], [3.262, 3.864, 4.183, 3.962, 3.613, 2.977, 3.336, 2.169, 1.224, 1.039, 0.674, 0.0, 1.045, 1.419, 2.402, 3.037, 3.366, 3.303, 3.494, 3.471, 3.682, 4.209, 4.402, 4.098, 4.053, 3.43, 3.065, 2.9, 3.122, 2.812, 2.334, 1.834, 1.606, 1.33, 1.644, 1.716, 1.582, 1.668, 1.592, 1.998, 2.569, 2.387, 2.117, 1.901, 1.644, 1.755, 1.835, 2.173, 2.202, 1.524, 1.586, 1.706, 2.087, 2.843, 2.863, 2.801, 2.681, 3.227, 3.603, 3.278, 3.293, 3.94, 4.151, 4.366, 3.841, 3.952, 3.776, 3.515, 3.216, 3.133, 3.152, 2.871, 2.235, 1.92, 1.533, 1.754, 1.757, 1.823, 1.71, 1.891, 2.319, 2.061, 1.347, 1.248, 1.223, 1.848], [3.491, 4.102, 4.395, 4.285, 3.918, 3.298, 3.57, 2.423, 1.433, 1.248, 1.224, 1.045, 0.0, 0.879, 1.975, 2.542, 2.91, 3.005, 3.133, 2.975, 3.296, 3.9, 4.112, 3.59, 3.407, 2.955, 2.652, 2.509, 2.708, 2.283, 1.893, 1.505, 1.655, 1.278, 1.339, 1.517, 1.338, 1.373, 1.574, 1.807, 2.028, 2.06, 2.161, 2.04, 1.47, 1.527, 1.807, 2.13, 2.214, 1.683, 1.283, 1.444, 1.863, 2.415, 2.463, 2.376, 2.281, 2.876, 3.353, 2.952, 2.928, 3.659, 3.943, 4.187, 3.48, 3.55, 3.336, 3.105, 3.099, 2.867, 2.793, 2.479, 1.858, 1.437, 1.388, 1.497, 1.461, 1.335, 1.356, 1.531, 2.051, 1.855, 1.178, 1.316, 0.875, 1.43], [3.507, 4.126, 4.301, 4.154, 3.887, 3.288, 3.645, 2.627, 1.69, 1.563, 1.625, 1.419, 0.879, 0.0, 1.811, 2.372, 2.626, 2.852, 2.922, 2.647, 2.811, 3.675, 3.94, 3.362, 3.164, 2.443, 2.108, 1.984, 2.235, 1.974, 1.493, 1.281, 1.478, 1.169, 1.162, 1.381, 1.231, 1.263, 1.437, 1.502, 1.755, 1.733, 2.189, 2.015, 1.251, 1.135, 1.614, 1.883, 2.002, 1.583, 1.336, 1.328, 1.851, 2.269, 2.048, 1.883, 2.007, 2.618, 3.131, 2.677, 2.725, 3.792, 3.991, 4.169, 3.532, 3.419, 3.346, 3.119, 3.036, 2.834, 2.627, 2.291, 1.638, 1.199, 1.358, 1.618, 1.607, 1.326, 1.134, 1.597, 2.193, 2.014, 1.535, 1.435, 1.059, 1.658], [4.835, 5.48, 5.659, 5.525, 5.237, 4.649, 5.04, 4.16, 2.543, 2.308, 2.54, 2.402, 1.975, 1.811, 0.0, 1.362, 1.697, 1.86, 1.965, 1.888, 1.924, 2.392, 2.333, 2.052, 1.963, 1.53, 1.524, 1.974, 2.216, 2.308, 1.561, 2.123, 2.986, 2.478, 2.33, 2.406, 2.41, 2.167, 1.498, 1.461, 1.239, 2.213, 3.503, 3.335, 2.597, 2.335, 3.056, 3.407, 3.528, 2.994, 2.376, 2.283, 1.945, 1.268, 1.209, 1.349, 1.569, 1.549, 1.61, 1.302, 1.723, 2.445, 2.574, 2.749, 2.227, 2.086, 2.047, 1.78, 1.792, 1.734, 1.543, 1.486, 1.575, 2.143, 2.79, 3.085, 2.819, 2.236, 1.97, 1.961, 2.467, 2.379, 1.859, 1.822, 1.756, 1.621], [5.523, 6.078, 6.358, 6.184, 5.875, 5.26, 5.608, 4.418, 3.019, 2.995, 3.243, 3.037, 2.542, 2.372, 1.362, 0.0, 1.059, 1.283, 1.286, 1.133, 1.265, 1.63, 1.956, 1.34, 1.346, 1.388, 1.943, 2.402, 2.547, 2.684, 2.018, 2.727, 3.408, 2.877, 2.565, 2.584, 2.578, 2.393, 2.104, 1.763, 1.69, 2.66, 4.074, 3.946, 3.113, 2.984, 3.585, 3.818, 3.918, 3.374, 2.725, 2.832, 2.629, 1.923, 1.119, 1.517, 2.045, 1.859, 1.608, 1.229, 0.989, 1.965, 2.047, 2.369, 1.731, 1.649, 1.543, 1.346, 1.54, 1.496, 1.404, 1.51, 1.82, 2.499, 3.067, 3.372, 3.15, 2.652, 2.414, 2.507, 3.145, 3.091, 2.674, 2.51, 2.24, 2.269], [5.525, 6.108, 6.385, 6.156, 5.887, 5.353, 5.626, 4.575, 3.063, 3.335, 3.665, 3.366, 2.91, 2.626, 1.697, 1.059, 0.0, 0.913, 1.077, 1.206, 1.162, 1.508, 1.875, 1.406, 1.161, 1.417, 1.992, 2.306, 2.519, 2.563, 2.18, 2.653, 3.505, 2.992, 2.619, 2.786, 2.806, 2.545, 2.334, 1.982, 1.934, 2.684, 4.013, 4.02, 3.293, 2.93, 3.4, 3.519, 3.636, 3.404, 2.81, 2.822, 2.653, 2.108, 1.557, 1.785, 2.173, 2.01, 1.83, 1.549, 1.416, 2.222, 2.381, 2.709, 2.029, 2.092, 2.064, 1.719, 1.549, 1.578, 1.362, 1.436, 1.935, 2.541, 3.196, 3.521, 3.198, 2.794, 2.513, 2.701, 3.44, 3.49, 3.125, 2.736, 2.606, 2.405], [5.964, 6.589, 6.872, 6.573, 6.211, 5.666, 6.032, 4.566, 2.715, 2.995, 3.34, 3.303, 3.005, 2.852, 1.86, 1.283, 0.913, 0.0, 0.656, 1.223, 1.492, 1.579, 1.817, 1.531, 1.546, 1.784, 2.368, 2.711, 2.997, 3.079, 2.499, 3.125, 3.917, 3.344, 2.918, 2.943, 3.009, 2.686, 2.309, 2.113, 1.99, 2.995, 4.353, 4.369, 3.705, 3.293, 3.802, 3.91, 3.919, 3.541, 2.911, 3.02, 2.54, 2.111, 1.855, 2.371, 2.592, 2.318, 2.277, 1.936, 1.759, 2.028, 2.07, 2.474, 1.937, 2.166, 2.058, 1.725, 1.661, 1.527, 1.422, 1.503, 1.94, 2.575, 3.144, 3.574, 3.17, 2.951, 2.623, 2.348, 3.1, 3.311, 2.979, 2.609, 2.577, 2.247], [6.167, 6.769, 7.049, 6.751, 6.422, 5.822, 6.205, 4.634, 2.931, 3.197, 3.472, 3.494, 3.133, 2.922, 1.965, 1.286, 1.077, 0.656, 0.0, 1.163, 1.545, 1.63, 1.898, 1.608, 1.641, 1.914, 2.552, 2.9, 3.13, 3.233, 2.738, 3.341, 3.962, 3.461, 3.037, 2.973, 3.02, 2.706, 2.506, 2.403, 2.319, 3.316, 4.581, 4.538, 3.828, 3.494, 4.04, 4.118, 4.059, 3.674, 3.239, 3.345, 2.998, 2.223, 1.972, 2.504, 2.794, 2.486, 2.448, 2.083, 1.821, 2.044, 2.159, 2.496, 1.968, 2.104, 2.025, 1.757, 1.846, 1.765, 1.645, 1.698, 2.131, 2.602, 3.174, 3.54, 3.194, 3.123, 2.876, 2.522, 3.227, 3.439, 3.058, 2.878, 2.706, 2.486], [5.677, 6.3, 6.567, 6.266, 5.926, 5.356, 5.744, 4.321, 3.043, 3.117, 3.548, 3.471, 2.975, 2.647, 1.888, 1.133, 1.206, 1.223, 1.163, 0.0, 1.037, 1.788, 2.154, 1.644, 1.517, 1.739, 2.271, 2.6, 2.643, 2.844, 2.462, 2.915, 3.607, 3.137, 2.695, 2.72, 2.89, 2.664, 2.492, 2.175, 2.017, 2.744, 4.076, 4.1, 3.446, 3.129, 3.728, 3.647, 3.938, 3.534, 2.955, 2.947, 2.909, 2.033, 1.617, 1.994, 2.583, 2.412, 2.353, 1.966, 1.812, 2.436, 2.519, 2.923, 2.295, 2.333, 2.133, 1.895, 2.038, 1.988, 1.816, 1.678, 1.906, 2.36, 3.045, 3.192, 3.118, 2.636, 2.422, 2.509, 3.32, 3.459, 3.06, 2.843, 2.519, 2.495], [5.527, 6.174, 6.413, 6.096, 5.784, 5.263, 5.692, 4.673, 3.502, 3.564, 3.898, 3.682, 3.296, 2.811, 1.924, 1.265, 1.162, 1.492, 1.545, 1.037, 0.0, 1.359, 1.619, 1.225, 1.212, 1.379, 2.014, 2.281, 2.485, 2.762, 2.297, 2.669, 3.637, 3.168, 2.905, 3.025, 3.13, 3.014, 2.566, 2.262, 1.977, 2.57, 3.927, 3.983, 3.384, 3.036, 3.684, 3.865, 4.059, 3.579, 3.141, 2.936, 2.967, 2.16, 1.447, 1.743, 2.382, 2.275, 1.924, 1.625, 1.546, 2.576, 2.534, 2.818, 2.293, 2.125, 2.033, 1.938, 1.955, 2.082, 1.928, 1.914, 2.371, 2.839, 3.467, 3.886, 3.637, 2.988, 2.573, 3.196, 3.888, 3.979, 3.471, 2.937, 2.894, 3.13], [6.429, 7.025, 7.295, 7.028, 6.674, 6.223, 6.529, 5.601, 4.071, 4.085, 4.359, 4.209, 3.9, 3.675, 2.392, 1.63, 1.508, 1.579, 1.63, 1.788, 1.359, 0.0, 0.813, 0.782, 1.095, 1.888, 2.654, 3.115, 3.331, 3.581, 2.92, 3.655, 4.567, 4.004, 3.604, 3.776, 3.938, 3.634, 3.045, 2.669, 2.421, 3.369, 4.915, 4.947, 4.363, 3.923, 4.466, 4.679, 4.834, 4.219, 3.617, 3.638, 3.138, 2.53, 1.915, 2.561, 3.02, 2.393, 1.904, 1.689, 1.445, 1.892, 1.863, 1.97, 1.548, 1.524, 1.597, 1.56, 1.619, 1.811, 1.868, 2.216, 2.909, 3.662, 4.35, 4.778, 4.47, 3.865, 3.408, 3.491, 4.032, 4.119, 3.75, 3.503, 3.499, 3.452], [6.472, 7.12, 7.32, 7.085, 6.779, 6.401, 6.768, 6.028, 4.324, 4.231, 4.51, 4.402, 4.112, 3.94, 2.333, 1.956, 1.875, 1.817, 1.898, 2.154, 1.619, 0.813, 0.0, 0.869, 1.337, 2.078, 2.819, 3.116, 3.419, 3.734, 3.005, 3.768, 4.955, 4.411, 4.103, 4.269, 4.394, 4.04, 3.227, 3.062, 2.609, 3.548, 5.008, 5.06, 4.551, 4.166, 4.825, 5.16, 5.315, 4.696, 4.061, 3.789, 3.098, 2.463, 2.18, 2.651, 2.912, 2.256, 1.91, 1.727, 1.807, 1.937, 1.904, 1.825, 1.579, 1.619, 1.613, 1.665, 1.902, 2.05, 2.094, 2.486, 3.303, 4.077, 4.742, 5.115, 4.802, 4.167, 3.697, 3.714, 4.25, 4.299, 3.804, 3.639, 3.741, 3.621], [6.198, 6.749, 7.008, 6.787, 6.56, 6.051, 6.396, 5.532, 4.018, 4.033, 4.279, 4.098, 3.59, 3.362, 2.052, 1.34, 1.406, 1.531, 1.608, 1.644, 1.225, 0.782, 0.869, 0.0, 0.846, 1.602, 2.361, 2.836, 3.044, 3.288, 2.62, 3.348, 4.317, 3.845, 3.494, 3.634, 3.694, 3.391, 2.913, 2.581, 2.338, 3.219, 4.768, 4.764, 4.016, 3.732, 4.248, 4.581, 4.707, 4.23, 3.53, 3.417, 3.021, 2.331, 1.746, 2.144, 2.631, 2.115, 1.715, 1.557, 1.337, 1.819, 1.95, 2.133, 1.579, 1.479, 1.677, 1.643, 1.809, 1.888, 1.826, 2.113, 2.749, 3.495, 4.166, 4.537, 4.255, 3.629, 3.27, 3.413, 3.973, 3.954, 3.591, 3.413, 3.344, 3.243], [5.844, 6.398, 6.593, 6.381, 6.197, 5.847, 6.062, 5.223, 3.806, 3.91, 4.181, 4.053, 3.407, 3.164, 1.963, 1.346, 1.161, 1.546, 1.641, 1.517, 1.212, 1.095, 1.337, 0.846, 0.0, 1.171, 2.002, 2.357, 2.603, 2.792, 2.313, 3.011, 4.032, 3.519, 3.044, 3.311, 3.469, 3.207, 2.796, 2.389, 2.053, 2.907, 4.378, 4.513, 3.889, 3.345, 3.696, 3.949, 4.062, 3.753, 3.111, 3.136, 2.831, 2.247, 1.482, 2.003, 2.452, 2.066, 1.58, 1.32, 1.193, 2.069, 2.22, 2.54, 1.971, 1.9, 1.947, 1.7, 1.644, 1.696, 1.575, 1.896, 2.498, 3.093, 3.85, 4.285, 4.01, 3.47, 3.091, 3.203, 3.824, 3.87, 3.484, 3.388, 3.19, 3.015], [4.915, 5.312, 5.537, 5.274, 5.157, 4.946, 5.221, 4.688, 3.455, 3.432, 3.641, 3.43, 2.955, 2.443, 1.53, 1.388, 1.417, 1.784, 1.914, 1.739, 1.379, 1.888, 2.078, 1.602, 1.171, 0.0, 0.891, 1.384, 1.606, 1.885, 1.434, 2.167, 3.196, 2.733, 2.422, 2.62, 2.829, 2.711, 2.113, 1.822, 1.585, 2.094, 3.507, 3.615, 3.044, 2.624, 3.021, 3.301, 3.441, 3.002, 2.663, 2.417, 2.386, 1.984, 1.242, 1.357, 1.733, 1.773, 1.614, 1.166, 1.505, 2.927, 3.02, 3.219, 2.631, 2.337, 2.316, 2.154, 1.833, 1.792, 1.815, 1.87, 2.138, 2.667, 3.376, 3.831, 3.623, 2.947, 2.471, 2.976, 3.596, 3.527, 3.007, 2.744, 2.659, 2.764], [4.388, 4.594, 4.764, 4.668, 4.625, 4.431, 4.784, 4.39, 3.209, 3.192, 3.359, 3.065, 2.652, 2.108, 1.524, 1.943, 1.992, 2.368, 2.552, 2.271, 2.014, 2.654, 2.819, 2.361, 2.002, 0.891, 0.0, 0.995, 1.11, 1.367, 1.059, 1.705, 2.649, 2.282, 2.019, 2.246, 2.413, 2.286, 1.818, 1.606, 1.546, 1.824, 2.998, 3.128, 2.551, 2.175, 2.692, 2.934, 3.002, 2.615, 2.386, 2.123, 2.238, 2.171, 1.663, 1.358, 1.545, 1.856, 1.983, 1.553, 2.142, 3.673, 3.798, 3.953, 3.368, 2.918, 2.964, 2.896, 2.574, 2.479, 2.512, 2.32, 2.2, 2.376, 3.096, 3.525, 3.341, 2.657, 2.161, 2.816, 3.446, 3.276, 2.747, 2.487, 2.351, 2.564], [4.026, 4.416, 4.393, 4.223, 4.347, 4.216, 4.508, 4.113, 2.957, 2.974, 3.17, 2.9, 2.509, 1.984, 1.974, 2.402, 2.306, 2.711, 2.9, 2.6, 2.281, 3.115, 3.116, 2.836, 2.357, 1.384, 0.995, 0.0, 0.789, 1.058, 1.098, 1.495, 2.55, 2.124, 1.918, 2.133, 2.241, 2.115, 1.886, 1.847, 1.932, 1.915, 2.639, 2.814, 2.406, 1.991, 2.442, 2.642, 2.79, 2.504, 2.426, 2.064, 2.137, 2.427, 2.043, 1.587, 1.532, 2.057, 2.579, 2.036, 2.654, 4.135, 4.214, 4.348, 3.836, 3.481, 3.4, 3.32, 3.006, 2.893, 2.925, 2.666, 2.3, 2.207, 2.826, 3.214, 2.966, 2.369, 2.076, 2.741, 3.368, 3.297, 2.607, 2.282, 2.229, 2.592], [3.809, 4.117, 4.186, 4.108, 4.095, 3.974, 4.288, 4.061, 3.187, 3.212, 3.413, 3.122, 2.708, 2.235, 2.216, 2.547, 2.519, 2.997, 3.13, 2.643, 2.485, 3.331, 3.419, 3.044, 2.603, 1.606, 1.11, 0.789, 0.0, 0.764, 1.336, 1.696, 2.398, 2.074, 1.862, 2.006, 2.233, 2.134, 2.091, 2.02, 2.039, 1.749, 2.38, 2.653, 2.269, 2.068, 2.607, 2.563, 2.652, 2.572, 2.506, 2.278, 2.387, 2.654, 2.302, 1.737, 1.835, 2.419, 2.828, 2.304, 2.83, 4.286, 4.393, 4.569, 3.99, 3.695, 3.616, 3.506, 3.19, 3.085, 3.162, 2.892, 2.653, 2.485, 3.021, 3.185, 3.05, 2.416, 2.19, 3.05, 3.709, 3.625, 2.933, 2.596, 2.455, 2.797], [3.755, 3.994, 4.109, 4.013, 3.978, 3.883, 4.125, 3.645, 2.699, 2.834, 3.096, 2.812, 2.283, 1.974, 2.308, 2.684, 2.563, 3.079, 3.233, 2.844, 2.762, 3.581, 3.734, 3.288, 2.792, 1.885, 1.367, 1.058, 0.764, 0.0, 1.296, 1.501, 2.222, 1.795, 1.527, 1.795, 1.865, 1.805, 1.978, 1.929, 1.956, 1.585, 2.169, 2.41, 2.024, 1.868, 2.179, 2.222, 2.253, 2.249, 2.101, 1.912, 2.069, 2.56, 2.392, 1.786, 1.839, 2.492, 2.937, 2.456, 2.838, 4.233, 4.341, 4.621, 3.919, 3.809, 3.719, 3.469, 3.21, 3.052, 3.138, 2.865, 2.571, 2.293, 2.603, 2.803, 2.747, 2.144, 1.998, 2.692, 3.376, 3.444, 2.856, 2.399, 2.117, 2.452], [3.854, 4.249, 4.483, 4.347, 4.132, 3.872, 4.169, 3.621, 2.453, 2.383, 2.577, 2.334, 1.893, 1.493, 1.561, 2.018, 2.18, 2.499, 2.738, 2.462, 2.297, 2.92, 3.005, 2.62, 2.313, 1.434, 1.059, 1.098, 1.336, 1.296, 0.0, 1.138, 2.194, 1.771, 1.406, 1.647, 1.727, 1.517, 1.336, 1.226, 1.272, 1.474, 2.412, 2.492, 1.919, 1.594, 2.112, 2.485, 2.607, 2.099, 1.888, 1.495, 1.588, 1.846, 1.629, 1.103, 1.161, 1.682, 2.102, 1.517, 2.051, 3.529, 3.712, 3.834, 3.248, 2.931, 2.909, 2.764, 2.456, 2.316, 2.453, 2.204, 1.799, 1.78, 2.369, 2.784, 2.646, 1.921, 1.438, 2.088, 2.783, 2.65, 2.065, 1.745, 1.62, 2.068], [3.159, 3.663, 3.928, 3.674, 3.481, 3.107, 3.403, 2.948, 2.166, 2.159, 2.192, 1.834, 1.505, 1.281, 2.123, 2.727, 2.653, 3.125, 3.341, 2.915, 2.669, 3.655, 3.768, 3.348, 3.011, 2.167, 1.705, 1.495, 1.696, 1.501, 1.138, 0.0, 1.345, 1.126, 1.105, 1.477, 1.3, 1.47, 1.563, 1.702, 1.884, 1.492, 1.758, 1.81, 1.421, 1.1, 1.508, 1.779, 1.836, 1.544, 1.459, 1.111, 1.862, 2.405, 2.243, 1.683, 1.727, 2.541, 2.85, 2.393, 2.808, 4.232, 4.407, 4.487, 3.93, 3.679, 3.581, 3.481, 3.11, 2.963, 3.037, 2.664, 2.068, 1.604, 1.774, 2.072, 2.11, 1.685, 1.379, 2.225, 2.745, 2.467, 1.896, 1.474, 1.494, 2.145], [2.501, 2.988, 3.207, 3.06, 2.813, 2.305, 2.711, 2.296, 2.297, 2.265, 1.911, 1.606, 1.655, 1.478, 2.986, 3.408, 3.505, 3.917, 3.962, 3.607, 3.637, 4.567, 4.955, 4.317, 4.032, 3.196, 2.649, 2.55, 2.398, 2.222, 2.194, 1.345, 0.0, 0.865, 1.477, 1.66, 1.572, 1.654, 2.103, 2.197, 2.648, 2.173, 1.717, 1.446, 1.378, 1.39, 1.438, 1.481, 1.285, 1.19, 1.571, 1.579, 2.606, 3.332, 2.956, 2.553, 2.777, 3.552, 3.93, 3.484, 3.48, 4.93, 5.109, 5.299, 4.705, 4.5, 4.428, 4.259, 3.82, 3.694, 3.638, 3.27, 2.575, 1.933, 1.826, 1.893, 1.993, 1.908, 1.815, 2.669, 3.197, 2.746, 2.231, 1.983, 1.9, 2.649], [2.892, 3.447, 3.671, 3.51, 3.171, 2.604, 3.025, 2.25, 1.764, 1.765, 1.615, 1.33, 1.278, 1.169, 2.478, 2.877, 2.992, 3.344, 3.461, 3.137, 3.168, 4.004, 4.411, 3.845, 3.519, 2.733, 2.282, 2.124, 2.074, 1.795, 1.771, 1.126, 0.865, 0.0, 0.872, 1.096, 1.122, 1.223, 1.743, 1.781, 2.118, 1.796, 1.613, 1.426, 1.136, 1.112, 1.371, 1.47, 1.343, 1.027, 1.1, 1.263, 2.149, 2.874, 2.398, 2.18, 2.363, 3.12, 3.561, 3.056, 3.043, 4.3, 4.476, 4.682, 4.098, 4.0, 3.84, 3.634, 3.234, 3.117, 3.054, 2.776, 2.088, 1.486, 1.419, 1.658, 1.666, 1.466, 1.325, 2.161, 2.723, 2.436, 1.701, 1.461, 1.348, 2.028], [3.318, 3.825, 4.167, 3.943, 3.562, 3.095, 3.375, 2.441, 1.749, 1.895, 1.961, 1.644, 1.339, 1.162, 2.33, 2.565, 2.619, 2.918, 3.037, 2.695, 2.905, 3.604, 4.103, 3.494, 3.044, 2.422, 2.019, 1.918, 1.862, 1.527, 1.406, 1.105, 1.477, 0.872, 0.0, 0.721, 0.891, 1.031, 1.364, 1.429, 1.814, 1.442, 1.847, 1.833, 1.431, 1.164, 1.627, 1.646, 1.664, 1.275, 1.214, 1.407, 2.035, 2.551, 2.167, 1.932, 2.172, 2.908, 3.202, 2.711, 2.563, 3.79, 4.054, 4.337, 3.706, 3.704, 3.532, 3.251, 2.77, 2.578, 2.701, 2.479, 1.851, 1.2, 1.366, 1.688, 1.671, 1.294, 1.039, 1.859, 2.537, 2.495, 1.86, 1.541, 1.34, 1.872], [3.549, 4.115, 4.452, 4.193, 3.856, 3.264, 3.665, 2.337, 1.732, 1.903, 1.912, 1.716, 1.517, 1.381, 2.406, 2.584, 2.786, 2.943, 2.973, 2.72, 3.025, 3.776, 4.269, 3.634, 3.311, 2.62, 2.246, 2.133, 2.006, 1.795, 1.647, 1.477, 1.66, 1.096, 0.721, 0.0, 0.652, 1.02, 1.565, 1.534, 1.897, 1.562, 2.034, 2.012, 1.551, 1.461, 2.042, 1.934, 1.935, 1.533, 1.4, 1.698, 2.307, 2.631, 2.204, 2.063, 2.378, 3.042, 3.383, 2.92, 2.669, 3.627, 3.969, 4.335, 3.763, 3.744, 3.504, 3.256, 2.86, 2.721, 2.708, 2.522, 1.763, 1.157, 1.323, 1.68, 1.587, 1.409, 1.199, 1.819, 2.36, 2.387, 1.855, 1.735, 1.56, 2.005], [3.675, 4.212, 4.545, 4.405, 4.071, 3.431, 3.72, 2.236, 1.611, 1.741, 1.766, 1.582, 1.338, 1.231, 2.41, 2.578, 2.806, 3.009, 3.02, 2.89, 3.13, 3.938, 4.394, 3.694, 3.469, 2.829, 2.413, 2.241, 2.233, 1.865, 1.727, 1.3, 1.572, 1.122, 0.891, 0.652, 0.0, 0.813, 1.58, 1.642, 2.049, 1.835, 2.206, 2.145, 1.398, 1.545, 1.982, 2.02, 1.939, 1.571, 1.405, 1.676, 2.297, 2.749, 2.322, 2.017, 2.276, 3.028, 3.349, 3.01, 2.761, 3.622, 4.018, 4.396, 3.782, 3.771, 3.552, 3.308, 2.999, 2.889, 2.834, 2.627, 1.867, 1.104, 1.148, 1.555, 1.497, 1.481, 1.342, 1.766, 2.213, 2.168, 1.788, 1.66, 1.448, 1.827], [3.746, 4.207, 4.558, 4.433, 4.111, 3.525, 3.828, 2.563, 1.502, 1.73, 1.823, 1.668, 1.373, 1.263, 2.167, 2.393, 2.545, 2.686, 2.706, 2.664, 3.014, 3.634, 4.04, 3.391, 3.207, 2.711, 2.286, 2.115, 2.134, 1.805, 1.517, 1.47, 1.654, 1.223, 1.031, 1.02, 0.813, 0.0, 1.216, 1.364, 1.906, 1.871, 2.335, 2.192, 1.487, 1.505, 1.991, 2.033, 1.98, 1.668, 1.626, 1.785, 1.866, 2.396, 2.233, 1.839, 1.936, 2.698, 3.084, 2.63, 2.574, 3.522, 3.794, 4.166, 3.554, 3.445, 3.383, 3.113, 2.786, 2.5, 2.596, 2.323, 1.796, 1.287, 1.387, 1.533, 1.331, 1.399, 1.286, 1.579, 2.297, 2.314, 1.79, 1.534, 1.338, 1.661], [4.042, 4.597, 4.915, 4.708, 4.312, 3.822, 4.089, 3.282, 1.638, 1.602, 1.73, 1.592, 1.574, 1.437, 1.498, 2.104, 2.334, 2.309, 2.506, 2.492, 2.566, 3.045, 3.227, 2.913, 2.796, 2.113, 1.818, 1.886, 2.091, 1.978, 1.336, 1.563, 2.103, 1.743, 1.364, 1.565, 1.58, 1.216, 0.0, 0.842, 1.373, 1.497, 2.545, 2.564, 1.978, 1.607, 2.262, 2.544, 2.602, 1.927, 1.846, 1.842, 1.547, 1.687, 1.756, 1.659, 1.72, 2.23, 2.46, 2.007, 2.122, 3.182, 3.215, 3.37, 2.921, 2.846, 2.77, 2.526, 2.135, 2.018, 2.246, 1.877, 1.598, 1.707, 2.085, 2.353, 2.1, 1.758, 1.349, 1.532, 2.249, 2.329, 1.711, 1.372, 1.407, 1.775], [4.057, 4.727, 5.053, 4.775, 4.422, 3.877, 4.152, 3.257, 2.042, 2.042, 2.142, 1.998, 1.807, 1.502, 1.461, 1.763, 1.982, 2.113, 2.403, 2.175, 2.262, 2.669, 3.062, 2.581, 2.389, 1.822, 1.606, 1.847, 2.02, 1.929, 1.226, 1.702, 2.197, 1.781, 1.429, 1.534, 1.642, 1.364, 0.842, 0.0, 0.962, 1.367, 2.661, 2.556, 2.005, 1.625, 2.305, 2.483, 2.603, 2.083, 1.614, 1.709, 1.56, 1.745, 1.368, 1.329, 1.7, 2.021, 2.159, 1.798, 1.826, 2.989, 3.11, 3.359, 2.814, 2.6, 2.525, 2.282, 1.988, 1.803, 1.991, 1.783, 1.457, 1.609, 2.129, 2.528, 2.26, 1.775, 1.3, 1.556, 2.251, 2.331, 1.91, 1.596, 1.573, 1.841], [4.437, 5.084, 5.343, 5.097, 4.66, 4.174, 4.56, 3.577, 2.367, 2.315, 2.661, 2.569, 2.028, 1.755, 1.239, 1.69, 1.934, 1.99, 2.319, 2.017, 1.977, 2.421, 2.609, 2.338, 2.053, 1.585, 1.546, 1.932, 2.039, 1.956, 1.272, 1.884, 2.648, 2.118, 1.814, 1.897, 2.049, 1.906, 1.373, 0.962, 0.0, 1.383, 2.792, 2.821, 2.306, 1.921, 2.597, 2.866, 3.016, 2.427, 1.685, 1.733, 1.442, 1.272, 1.161, 1.281, 1.791, 1.88, 1.948, 1.431, 1.655, 2.755, 2.772, 2.994, 2.545, 2.451, 2.154, 1.877, 1.7, 1.632, 1.689, 1.694, 1.616, 1.873, 2.43, 2.884, 2.687, 1.962, 1.416, 1.741, 2.413, 2.62, 2.156, 1.956, 1.703, 1.953], [3.475, 4.096, 4.405, 4.138, 3.706, 3.428, 3.705, 3.154, 2.245, 2.178, 2.513, 2.387, 2.06, 1.733, 2.213, 2.66, 2.684, 2.995, 3.316, 2.744, 2.57, 3.369, 3.548, 3.219, 2.907, 2.094, 1.824, 1.915, 1.749, 1.585, 1.474, 1.492, 2.173, 1.796, 1.442, 1.562, 1.835, 1.871, 1.497, 1.367, 1.383, 0.0, 1.787, 2.045, 1.775, 1.443, 2.191, 2.194, 2.306, 1.934, 1.49, 1.428, 1.485, 2.195, 2.044, 1.596, 1.991, 2.595, 2.718, 2.36, 2.544, 3.803, 3.816, 3.944, 3.447, 3.374, 3.174, 2.863, 2.532, 2.539, 2.735, 2.611, 2.352, 2.03, 2.355, 2.615, 2.494, 1.925, 1.437, 2.157, 2.828, 3.045, 2.552, 2.001, 1.801, 2.286], [2.12, 2.514, 2.75, 2.572, 2.245, 2.184, 2.626, 2.335, 2.35, 2.239, 2.232, 2.117, 2.161, 2.189, 3.503, 4.074, 4.013, 4.353, 4.581, 4.076, 3.927, 4.915, 5.008, 4.768, 4.378, 3.507, 2.998, 2.639, 2.38, 2.169, 2.412, 1.758, 1.717, 1.613, 1.847, 2.034, 2.206, 2.335, 2.545, 2.661, 2.792, 1.787, 0.0, 0.919, 1.4, 1.517, 1.61, 1.487, 1.552, 1.52, 1.829, 1.616, 2.366, 3.458, 3.572, 2.988, 3.004, 3.822, 4.277, 3.8, 4.119, 5.379, 5.399, 5.572, 5.036, 4.945, 4.746, 4.481, 4.12, 4.055, 4.219, 3.872, 3.217, 2.519, 2.37, 2.399, 2.511, 2.118, 1.94, 3.021, 3.783, 3.751, 2.856, 2.334, 2.253, 3.249], [1.803, 2.371, 2.627, 2.401, 2.021, 1.701, 2.145, 1.863, 2.417, 2.247, 2.109, 1.901, 2.04, 2.015, 3.335, 3.946, 4.02, 4.369, 4.538, 4.1, 3.983, 4.947, 5.06, 4.764, 4.513, 3.615, 3.128, 2.814, 2.653, 2.41, 2.492, 1.81, 1.446, 1.426, 1.833, 2.012, 2.145, 2.192, 2.564, 2.556, 2.821, 2.045, 0.919, 0.0, 1.142, 1.421, 1.517, 1.513, 1.48, 1.572, 1.85, 1.745, 2.561, 3.582, 3.426, 2.889, 3.074, 3.834, 4.285, 3.842, 4.084, 5.372, 5.469, 5.571, 5.046, 4.847, 4.702, 4.543, 4.244, 4.075, 4.159, 3.884, 3.209, 2.503, 2.032, 1.999, 2.185, 1.843, 1.976, 3.03, 3.69, 3.578, 2.713, 2.305, 2.213, 3.18], [2.627, 3.163, 3.406, 3.277, 2.951, 2.452, 2.822, 2.168, 1.9, 1.861, 1.882, 1.644, 1.47, 1.251, 2.597, 3.113, 3.293, 3.705, 3.828, 3.446, 3.384, 4.363, 4.551, 4.016, 3.889, 3.044, 2.551, 2.406, 2.269, 2.024, 1.919, 1.421, 1.378, 1.136, 1.431, 1.551, 1.398, 1.487, 1.978, 2.005, 2.306, 1.775, 1.4, 1.142, 0.0, 0.91, 1.502, 1.569, 1.625, 1.63, 1.541, 1.512, 2.162, 2.986, 2.753, 2.173, 2.388, 3.166, 3.641, 3.26, 3.34, 4.619, 4.786, 4.93, 4.313, 4.167, 4.068, 3.876, 3.705, 3.554, 3.464, 3.197, 2.462, 1.855, 1.692, 1.745, 1.792, 1.547, 1.439, 2.312, 2.963, 2.805, 2.183, 1.881, 1.664, 2.443], [2.872, 3.523, 3.659, 3.493, 3.223, 2.747, 2.99, 2.499, 1.908, 1.855, 1.994, 1.755, 1.527, 1.135, 2.335, 2.984, 2.93, 3.293, 3.494, 3.129, 3.036, 3.923, 4.166, 3.732, 3.345, 2.624, 2.175, 1.991, 2.068, 1.868, 1.594, 1.1, 1.39, 1.112, 1.164, 1.461, 1.545, 1.505, 1.607, 1.625, 1.921, 1.443, 1.517, 1.421, 0.91, 0.0, 1.119, 1.306, 1.419, 1.452, 1.288, 1.258, 1.795, 2.619, 2.412, 2.091, 2.167, 2.946, 3.335, 2.828, 3.081, 4.415, 4.564, 4.653, 4.112, 3.952, 3.783, 3.627, 3.304, 3.134, 3.044, 2.722, 2.099, 1.7, 1.769, 1.936, 1.955, 1.694, 1.207, 2.045, 2.722, 2.696, 2.037, 1.774, 1.498, 2.239], [2.642, 3.128, 3.303, 3.155, 2.952, 2.664, 2.849, 2.119, 2.072, 2.07, 1.97, 1.835, 1.807, 1.614, 3.056, 3.585, 3.4, 3.802, 4.04, 3.728, 3.684, 4.466, 4.825, 4.248, 3.696, 3.021, 2.692, 2.442, 2.607, 2.179, 2.112, 1.508, 1.438, 1.371, 1.627, 2.042, 1.982, 1.991, 2.262, 2.305, 2.597, 2.191, 1.61, 1.517, 1.502, 1.119, 0.0, 0.755, 1.043, 1.267, 1.643, 1.396, 2.193, 3.139, 3.111, 2.773, 2.766, 3.593, 3.923, 3.421, 3.631, 4.964, 5.136, 5.356, 4.689, 4.642, 4.538, 4.223, 3.906, 3.689, 3.603, 3.157, 2.532, 2.061, 1.773, 1.985, 2.023, 1.868, 1.867, 2.563, 3.255, 3.067, 2.53, 2.19, 1.893, 2.622], [2.567, 3.09, 3.248, 3.047, 2.816, 2.606, 2.767, 1.991, 2.056, 2.237, 2.205, 2.173, 2.13, 1.883, 3.407, 3.818, 3.519, 3.91, 4.118, 3.647, 3.865, 4.679, 5.16, 4.581, 3.949, 3.301, 2.934, 2.642, 2.563, 2.222, 2.485, 1.779, 1.481, 1.47, 1.646, 1.934, 2.02, 2.033, 2.544, 2.483, 2.866, 2.194, 1.487, 1.513, 1.569, 1.306, 0.755, 0.0, 0.859, 1.266, 1.735, 1.67, 2.426, 3.452, 3.367, 3.061, 3.202, 4.025, 4.32, 3.813, 3.955, 5.148, 5.267, 5.629, 4.997, 4.992, 4.821, 4.457, 4.134, 3.869, 3.737, 3.315, 2.689, 2.125, 1.917, 1.988, 1.968, 1.882, 1.975, 2.673, 3.455, 3.356, 2.803, 2.468, 2.186, 2.799], [2.45, 2.881, 3.082, 2.89, 2.706, 2.456, 2.646, 1.913, 2.124, 2.311, 2.229, 2.202, 2.214, 2.002, 3.528, 3.918, 3.636, 3.919, 4.059, 3.938, 4.059, 4.834, 5.315, 4.707, 4.062, 3.441, 3.002, 2.79, 2.652, 2.253, 2.607, 1.836, 1.285, 1.343, 1.664, 1.935, 1.939, 1.98, 2.602, 2.603, 3.016, 2.306, 1.552, 1.48, 1.625, 1.419, 1.043, 0.859, 0.0, 1.01, 1.665, 1.741, 2.64, 3.592, 3.458, 3.14, 3.256, 4.094, 4.45, 3.93, 4.047, 5.1, 5.39, 5.691, 5.032, 5.064, 4.924, 4.575, 4.185, 3.925, 3.864, 3.616, 3.005, 2.191, 1.924, 2.043, 2.106, 2.22, 2.186, 2.796, 3.49, 3.418, 2.911, 2.563, 2.244, 2.834], [2.696, 3.18, 3.466, 3.198, 2.844, 2.476, 2.839, 1.906, 1.693, 1.676, 1.57, 1.524, 1.683, 1.583, 2.994, 3.374, 3.404, 3.541, 3.674, 3.534, 3.579, 4.219, 4.696, 4.23, 3.753, 3.002, 2.615, 2.504, 2.572, 2.249, 2.099, 1.544, 1.19, 1.027, 1.275, 1.533, 1.571, 1.668, 1.927, 2.083, 2.427, 1.934, 1.52, 1.572, 1.63, 1.452, 1.267, 1.266, 1.01, 0.0, 1.237, 1.338, 2.188, 3.103, 2.83, 2.702, 2.798, 3.577, 3.944, 3.362, 3.378, 4.529, 4.732, 5.026, 4.464, 4.432, 4.256, 3.943, 3.443, 3.295, 3.422, 3.134, 2.51, 1.863, 1.719, 2.046, 2.078, 1.971, 1.732, 2.375, 2.924, 2.879, 2.226, 1.853, 1.644, 2.376], [3.297, 4.004, 4.285, 4.083, 3.689, 3.127, 3.437, 2.469, 1.591, 1.642, 1.733, 1.586, 1.283, 1.336, 2.376, 2.725, 2.81, 2.911, 3.239, 2.955, 3.141, 3.617, 4.061, 3.53, 3.111, 2.663, 2.386, 2.426, 2.506, 2.101, 1.888, 1.459, 1.571, 1.1, 1.214, 1.4, 1.405, 1.626, 1.846, 1.614, 1.685, 1.49, 1.829, 1.85, 1.541, 1.288, 1.643, 1.735, 1.665, 1.237, 0.0, 0.909, 1.604, 2.495, 2.233, 2.255, 2.428, 2.874, 3.263, 2.85, 2.814, 3.779, 3.913, 4.225, 3.616, 3.628, 3.469, 3.106, 2.802, 2.614, 2.607, 2.547, 1.9, 1.448, 1.608, 1.919, 1.924, 1.731, 1.411, 1.666, 2.264, 2.241, 1.644, 1.527, 1.199, 1.704], [3.089, 3.748, 4.032, 3.729, 3.446, 3.103, 3.392, 2.595, 1.756, 1.733, 1.815, 1.706, 1.444, 1.328, 2.283, 2.832, 2.822, 3.02, 3.345, 2.947, 2.936, 3.638, 3.789, 3.417, 3.136, 2.417, 2.123, 2.064, 2.278, 1.912, 1.495, 1.111, 1.579, 1.263, 1.407, 1.698, 1.676, 1.785, 1.842, 1.709, 1.733, 1.428, 1.616, 1.745, 1.512, 1.258, 1.396, 1.67, 1.741, 1.338, 0.909, 0.0, 1.259, 2.224, 2.279, 2.051, 2.104, 2.658, 3.153, 2.681, 3.0, 4.116, 4.149, 4.372, 3.753, 3.714, 3.608, 3.224, 3.058, 2.886, 2.871, 2.589, 1.969, 1.625, 1.747, 2.076, 2.061, 1.661, 1.229, 1.804, 2.542, 2.473, 1.827, 1.44, 1.135, 1.907], [3.946, 4.605, 4.86, 4.606, 4.299, 4.029, 4.292, 3.453, 1.67, 1.666, 2.049, 2.087, 1.863, 1.851, 1.945, 2.629, 2.653, 2.54, 2.998, 2.909, 2.967, 3.138, 3.098, 3.021, 2.831, 2.386, 2.238, 2.137, 2.387, 2.069, 1.588, 1.862, 2.606, 2.149, 2.035, 2.307, 2.297, 1.866, 1.547, 1.56, 1.442, 1.485, 2.366, 2.561, 2.162, 1.795, 2.193, 2.426, 2.64, 2.188, 1.604, 1.259, 0.0, 1.692, 2.191, 1.931, 1.898, 2.235, 2.622, 2.18, 2.665, 3.51, 3.397, 3.624, 3.127, 3.205, 3.164, 2.691, 2.534, 2.252, 2.487, 2.246, 2.152, 2.233, 2.412, 2.636, 2.424, 2.135, 1.67, 1.468, 2.234, 2.343, 1.932, 1.504, 1.456, 1.519], [5.081, 5.746, 6.001, 5.696, 5.381, 4.938, 5.315, 4.306, 2.583, 2.415, 2.777, 2.843, 2.415, 2.269, 1.268, 1.923, 2.108, 2.111, 2.223, 2.033, 2.16, 2.53, 2.463, 2.331, 2.247, 1.984, 2.171, 2.427, 2.654, 2.56, 1.846, 2.405, 3.332, 2.874, 2.551, 2.631, 2.749, 2.396, 1.687, 1.745, 1.272, 2.195, 3.458, 3.582, 2.986, 2.619, 3.139, 3.452, 3.592, 3.103, 2.495, 2.224, 1.692, 0.0, 1.485, 1.699, 1.971, 1.834, 1.969, 1.599, 2.1, 2.439, 2.3, 2.518, 2.321, 2.444, 2.357, 1.819, 1.728, 1.603, 1.662, 1.529, 1.809, 2.248, 2.852, 3.131, 2.92, 2.371, 1.983, 1.868, 2.157, 2.315, 2.141, 2.024, 2.141, 1.909], [5.002, 5.664, 5.937, 5.633, 5.34, 4.751, 5.074, 4.156, 2.88, 2.77, 3.032, 2.863, 2.463, 2.048, 1.209, 1.119, 1.557, 1.855, 1.972, 1.617, 1.447, 1.915, 2.18, 1.746, 1.482, 1.242, 1.663, 2.043, 2.302, 2.392, 1.629, 2.243, 2.956, 2.398, 2.167, 2.204, 2.322, 2.233, 1.756, 1.368, 1.161, 2.044, 3.572, 3.426, 2.753, 2.412, 3.111, 3.367, 3.458, 2.83, 2.233, 2.279, 2.191, 1.485, 0.0, 1.064, 1.716, 1.71, 1.548, 1.095, 1.022, 2.18, 2.278, 2.452, 1.96, 1.868, 1.703, 1.418, 1.47, 1.504, 1.315, 1.405, 1.509, 2.08, 2.774, 3.245, 2.969, 2.447, 1.968, 2.239, 2.882, 2.927, 2.384, 2.216, 2.061, 2.162], [4.39, 4.937, 5.154, 5.025, 4.782, 4.347, 4.692, 4.008, 2.935, 2.91, 3.126, 2.801, 2.376, 1.883, 1.349, 1.517, 1.785, 2.371, 2.504, 1.994, 1.743, 2.561, 2.651, 2.144, 2.003, 1.357, 1.358, 1.587, 1.737, 1.786, 1.103, 1.683, 2.553, 2.18, 1.932, 2.063, 2.017, 1.839, 1.659, 1.329, 1.281, 1.596, 2.988, 2.889, 2.173, 2.091, 2.773, 3.061, 3.14, 2.702, 2.255, 2.051, 1.931, 1.699, 1.064, 0.0, 1.122, 1.469, 1.66, 1.353, 1.577, 2.973, 3.111, 3.27, 2.652, 2.35, 2.374, 2.196, 2.033, 1.985, 1.917, 1.915, 1.879, 2.089, 2.691, 3.037, 2.864, 2.15, 1.77, 2.468, 3.101, 2.912, 2.53, 2.106, 2.102, 2.251], [4.273, 4.855, 4.8, 4.785, 4.806, 4.499, 4.804, 4.259, 2.89, 2.821, 2.988, 2.681, 2.281, 2.007, 1.569, 2.045, 2.173, 2.592, 2.794, 2.583, 2.382, 3.02, 2.912, 2.631, 2.452, 1.733, 1.545, 1.532, 1.835, 1.839, 1.161, 1.727, 2.777, 2.363, 2.172, 2.378, 2.276, 1.936, 1.72, 1.7, 1.791, 1.991, 3.004, 3.074, 2.388, 2.167, 2.766, 3.202, 3.256, 2.798, 2.428, 2.104, 1.898, 1.971, 1.716, 1.122, 0.0, 1.259, 1.98, 1.586, 2.188, 3.489, 3.593, 3.701, 3.15, 2.779, 2.805, 2.693, 2.465, 2.274, 2.267, 1.997, 1.991, 2.293, 2.848, 3.194, 2.999, 2.39, 2.038, 2.482, 3.15, 2.819, 2.366, 2.099, 2.093, 2.287], [5.073, 5.611, 5.637, 5.502, 5.604, 5.22, 5.596, 4.958, 3.459, 3.308, 3.494, 3.227, 2.876, 2.618, 1.549, 1.859, 2.01, 2.318, 2.486, 2.412, 2.275, 2.393, 2.256, 2.115, 2.066, 1.773, 1.856, 2.057, 2.419, 2.492, 1.682, 2.541, 3.552, 3.12, 2.908, 3.042, 3.028, 2.698, 2.23, 2.021, 1.88, 2.595, 3.822, 3.834, 3.166, 2.946, 3.593, 4.025, 4.094, 3.577, 2.874, 2.658, 2.235, 1.834, 1.71, 1.469, 1.259, 0.0, 1.151, 1.203, 1.908, 2.816, 2.909, 2.96, 2.548, 2.134, 2.246, 2.14, 1.914, 1.981, 1.96, 2.025, 2.311, 2.841, 3.583, 3.946, 3.662, 3.024, 2.639, 2.721, 3.173, 3.017, 2.626, 2.605, 2.646, 2.574], [5.556, 6.061, 6.346, 6.163, 5.994, 5.622, 5.866, 5.371, 3.815, 3.7, 3.885, 3.603, 3.353, 3.131, 1.61, 1.608, 1.83, 2.277, 2.448, 2.353, 1.924, 1.904, 1.91, 1.715, 1.58, 1.614, 1.983, 2.579, 2.828, 2.937, 2.102, 2.85, 3.93, 3.561, 3.202, 3.383, 3.349, 3.084, 2.46, 2.159, 1.948, 2.718, 4.277, 4.285, 3.641, 3.335, 3.923, 4.32, 4.45, 3.944, 3.263, 3.153, 2.622, 1.969, 1.548, 1.66, 1.98, 1.151, 0.0, 0.831, 1.348, 2.288, 2.309, 2.398, 2.132, 1.753, 1.833, 1.694, 1.551, 1.693, 1.778, 2.104, 2.646, 3.369, 4.09, 4.507, 4.218, 3.564, 3.114, 3.264, 3.46, 3.301, 3.014, 3.028, 3.15, 2.96], [5.144, 5.555, 5.857, 5.698, 5.482, 5.11, 5.448, 4.895, 3.417, 3.314, 3.515, 3.278, 2.952, 2.677, 1.302, 1.229, 1.549, 1.936, 2.083, 1.966, 1.625, 1.689, 1.727, 1.557, 1.32, 1.166, 1.553, 2.036, 2.304, 2.456, 1.517, 2.393, 3.484, 3.056, 2.711, 2.92, 3.01, 2.63, 2.007, 1.798, 1.431, 2.36, 3.8, 3.842, 3.26, 2.828, 3.421, 3.813, 3.93, 3.362, 2.85, 2.681, 2.18, 1.599, 1.095, 1.353, 1.586, 1.203, 0.831, 0.0, 1.045, 2.331, 2.406, 2.523, 2.054, 1.729, 1.751, 1.611, 1.431, 1.472, 1.581, 1.727, 2.163, 2.909, 3.586, 3.999, 3.734, 3.06, 2.576, 2.772, 3.338, 3.223, 2.769, 2.622, 2.639, 2.639], [5.631, 6.107, 6.46, 6.284, 5.941, 5.373, 5.687, 4.692, 3.278, 3.281, 3.539, 3.293, 2.928, 2.725, 1.723, 0.989, 1.416, 1.759, 1.821, 1.812, 1.546, 1.445, 1.807, 1.337, 1.193, 1.505, 2.142, 2.654, 2.83, 2.838, 2.051, 2.808, 3.48, 3.043, 2.563, 2.669, 2.761, 2.574, 2.122, 1.826, 1.655, 2.544, 4.119, 4.084, 3.34, 3.081, 3.631, 3.955, 4.047, 3.378, 2.814, 3.0, 2.665, 2.1, 1.022, 1.577, 2.188, 1.908, 1.348, 1.045, 0.0, 1.615, 1.764, 2.012, 1.431, 1.38, 1.401, 1.164, 1.14, 1.18, 1.304, 1.583, 2.117, 2.779, 3.436, 3.882, 3.642, 3.117, 2.697, 2.818, 3.42, 3.369, 2.972, 2.751, 2.647, 2.646], [6.994, 7.581, 7.903, 7.694, 7.299, 6.672, 6.992, 5.409, 3.743, 3.684, 3.938, 3.94, 3.659, 3.792, 2.445, 1.965, 2.222, 2.028, 2.044, 2.436, 2.576, 1.892, 1.937, 1.819, 2.069, 2.927, 3.673, 4.135, 4.286, 4.233, 3.529, 4.232, 4.93, 4.3, 3.79, 3.627, 3.622, 3.522, 3.182, 2.989, 2.755, 3.803, 5.379, 5.372, 4.619, 4.415, 4.964, 5.148, 5.1, 4.529, 3.779, 4.116, 3.51, 2.439, 2.18, 2.973, 3.489, 2.816, 2.288, 2.331, 1.615, 0.0, 0.89, 1.061, 1.095, 1.523, 1.391, 1.241, 1.543, 1.68, 1.663, 2.266, 2.895, 3.501, 4.019, 4.365, 4.1, 3.967, 3.73, 3.062, 3.228, 3.418, 3.282, 3.538, 3.405, 2.862], [7.06, 7.746, 8.063, 7.822, 7.373, 6.777, 7.103, 5.608, 3.753, 3.711, 4.067, 4.151, 3.943, 3.991, 2.574, 2.047, 2.381, 2.07, 2.159, 2.519, 2.534, 1.863, 1.904, 1.95, 2.22, 3.02, 3.798, 4.214, 4.393, 4.341, 3.712, 4.407, 5.109, 4.476, 4.054, 3.969, 4.018, 3.794, 3.215, 3.11, 2.772, 3.816, 5.399, 5.469, 4.786, 4.564, 5.136, 5.267, 5.39, 4.732, 3.913, 4.149, 3.397, 2.3, 2.278, 3.111, 3.593, 2.909, 2.309, 2.406, 1.764, 0.89, 0.0, 0.849, 1.186, 1.595, 1.427, 1.165, 1.607, 1.75, 1.834, 2.261, 2.961, 3.782, 4.36, 4.656, 4.363, 4.057, 3.718, 3.201, 3.376, 3.579, 3.46, 3.502, 3.554, 3.048], [7.182, 7.825, 8.133, 7.899, 7.479, 6.87, 7.211, 6.097, 4.227, 3.916, 4.3, 4.366, 4.187, 4.169, 2.749, 2.369, 2.709, 2.474, 2.496, 2.923, 2.818, 1.97, 1.825, 2.133, 2.54, 3.219, 3.953, 4.348, 4.569, 4.621, 3.834, 4.487, 5.299, 4.682, 4.337, 4.335, 4.396, 4.166, 3.37, 3.359, 2.994, 3.944, 5.572, 5.571, 4.93, 4.653, 5.356, 5.629, 5.691, 5.026, 4.225, 4.372, 3.624, 2.518, 2.452, 3.27, 3.701, 2.96, 2.398, 2.523, 2.012, 1.061, 0.849, 0.0, 0.986, 1.324, 1.295, 1.28, 1.68, 1.908, 2.055, 2.569, 3.369, 4.145, 4.778, 5.027, 4.808, 4.326, 3.947, 3.551, 3.58, 3.734, 3.591, 3.569, 3.744, 3.312], [6.667, 7.267, 7.599, 7.388, 6.978, 6.377, 6.681, 5.538, 3.783, 3.596, 3.946, 3.841, 3.48, 3.532, 2.227, 1.731, 2.029, 1.937, 1.968, 2.295, 2.293, 1.548, 1.579, 1.579, 1.971, 2.631, 3.368, 3.836, 3.99, 3.919, 3.248, 3.93, 4.705, 4.098, 3.706, 3.763, 3.782, 3.554, 2.921, 2.814, 2.545, 3.447, 5.036, 5.046, 4.313, 4.112, 4.689, 4.997, 5.032, 4.464, 3.616, 3.753, 3.127, 2.321, 1.96, 2.652, 3.15, 2.548, 2.132, 2.054, 1.431, 1.095, 1.186, 0.986, 0.0, 0.897, 1.026, 0.972, 1.458, 1.596, 1.675, 2.112, 2.784, 3.582, 4.183, 4.333, 4.155, 3.661, 3.396, 3.013, 3.583, 3.664, 3.357, 3.207, 3.077, 2.927], [6.365, 6.914, 7.246, 7.057, 6.735, 6.099, 6.521, 5.634, 4.023, 3.812, 4.037, 3.952, 3.55, 3.419, 2.086, 1.649, 2.092, 2.166, 2.104, 2.333, 2.125, 1.524, 1.619, 1.479, 1.9, 2.337, 2.918, 3.481, 3.695, 3.809, 2.931, 3.679, 4.5, 4.0, 3.704, 3.744, 3.771, 3.445, 2.846, 2.6, 2.451, 3.374, 4.945, 4.847, 4.167, 3.952, 4.642, 4.992, 5.064, 4.432, 3.628, 3.714, 3.205, 2.444, 1.868, 2.35, 2.779, 2.134, 1.753, 1.729, 1.38, 1.523, 1.595, 1.324, 0.897, 0.0, 0.752, 1.159, 1.668, 1.784, 1.907, 2.267, 2.907, 3.64, 4.279, 4.478, 4.304, 3.676, 3.374, 3.242, 3.813, 3.711, 3.271, 3.198, 3.196, 3.263], [6.285, 6.928, 7.217, 6.988, 6.58, 5.943, 6.348, 5.264, 3.779, 3.59, 3.829, 3.776, 3.336, 3.346, 2.047, 1.543, 2.064, 2.058, 2.025, 2.133, 2.033, 1.597, 1.613, 1.677, 1.947, 2.316, 2.964, 3.4, 3.616, 3.719, 2.909, 3.581, 4.428, 3.84, 3.532, 3.504, 3.552, 3.383, 2.77, 2.525, 2.154, 3.174, 4.746, 4.702, 4.068, 3.783, 4.538, 4.821, 4.924, 4.256, 3.469, 3.608, 3.164, 2.357, 1.703, 2.374, 2.805, 2.246, 1.833, 1.751, 1.401, 1.391, 1.427, 1.295, 1.026, 0.752, 0.0, 0.914, 1.419, 1.661, 1.663, 2.129, 2.711, 3.425, 3.977, 4.246, 4.012, 3.557, 3.17, 3.065, 3.579, 3.601, 3.081, 3.123, 2.994, 3.119], [6.16, 6.804, 7.136, 6.895, 6.463, 5.86, 6.179, 4.967, 3.286, 3.131, 3.534, 3.515, 3.105, 3.119, 1.78, 1.346, 1.719, 1.725, 1.757, 1.895, 1.938, 1.56, 1.665, 1.643, 1.7, 2.154, 2.896, 3.32, 3.506, 3.469, 2.764, 3.481, 4.259, 3.634, 3.251, 3.256, 3.308, 3.113, 2.526, 2.282, 1.877, 2.863, 4.481, 4.543, 3.87