[[0.0, 1.185, 1.479, 1.673, 1.448, 2.362, 3.086, 2.62, 2.65, 2.819, 3.103, 3.073, 2.663, 2.742, 3.071, 3.352, 3.578, 3.199, 2.934, 3.343, 3.677, 3.293, 3.066, 3.508, 4.73, 4.35, 2.87, 1.851, 2.186, 2.636, 2.509, 1.746, 1.436, 1.262, 1.894, 2.454, 3.695, 4.416, 4.507, 3.723, 3.462, 3.971, 4.397, 4.16, 3.095, 3.193, 3.444, 3.52, 3.595, 3.133, 3.278, 2.843, 2.564, 2.766, 2.977, 3.087, 2.928, 2.567, 2.338, 2.655, 2.307, 2.583, 2.999, 3.013, 3.054, 3.079, 2.962, 2.941, 3.053, 3.632, 5.312, 7.874, 8.052, 7.528, 7.758, 7.857, 7.246, 6.665, 6.872, 6.52, 4.172, 3.02, 2.911, 2.851, 3.036, 3.309], [1.185, 0.0, 0.81, 0.965, 1.206, 2.433, 3.059, 2.573, 2.583, 2.68, 2.972, 2.901, 2.55, 2.632, 2.97, 3.046, 3.393, 2.951, 2.723, 2.796, 3.136, 2.87, 2.662, 3.23, 4.569, 4.154, 2.673, 1.844, 2.018, 2.473, 2.405, 1.904, 1.701, 1.627, 2.252, 2.389, 3.582, 4.193, 4.308, 3.605, 3.499, 4.02, 4.287, 4.055, 3.012, 3.374, 3.742, 3.893, 4.029, 3.709, 3.475, 3.229, 3.104, 3.098, 3.18, 3.18, 2.818, 2.41, 2.603, 3.034, 2.893, 3.214, 3.613, 3.662, 3.623, 3.632, 3.511, 3.501, 3.521, 4.212, 5.666, 7.933, 8.107, 7.855, 8.007, 8.036, 7.397, 6.767, 7.116, 6.535, 4.574, 3.573, 3.357, 3.283, 3.461, 3.774], [1.479, 0.81, 0.0, 0.484, 1.179, 2.391, 3.062, 2.655, 2.69, 2.783, 3.055, 3.0, 2.73, 2.781, 3.099, 3.194, 3.467, 2.997, 2.915, 2.912, 2.958, 2.697, 2.957, 3.413, 4.729, 4.381, 2.936, 1.87, 2.058, 2.557, 2.593, 2.036, 1.694, 1.727, 2.453, 2.765, 3.781, 4.431, 4.506, 3.721, 3.652, 4.165, 4.466, 4.289, 3.327, 3.736, 4.168, 4.343, 4.493, 4.244, 3.977, 3.764, 3.618, 3.543, 3.526, 3.485, 3.137, 2.73, 2.897, 3.342, 3.203, 3.467, 3.694, 3.873, 3.893, 3.928, 3.729, 3.765, 3.937, 4.657, 6.16, 8.24, 8.464, 8.173, 8.204, 8.128, 7.436, 7.099, 7.66, 6.808, 4.849, 3.841, 3.64, 3.489, 3.793, 4.064], [1.673, 0.965, 0.484, 0.0, 1.186, 2.476, 3.096, 2.805, 2.797, 2.94, 3.107, 3.004, 2.711, 2.782, 3.082, 3.182, 3.513, 3.03, 2.938, 2.971, 2.948, 2.849, 3.119, 3.508, 4.821, 4.453, 3.049, 1.964, 2.103, 2.618, 2.69, 2.144, 1.752, 1.8, 2.52, 2.818, 3.879, 4.512, 4.588, 3.804, 3.656, 4.255, 4.555, 4.373, 3.373, 3.745, 4.186, 4.368, 4.515, 4.308, 4.049, 3.825, 3.655, 3.57, 3.562, 3.483, 3.159, 2.787, 2.928, 3.407, 3.237, 3.509, 3.777, 3.932, 3.956, 3.97, 3.764, 3.81, 3.953, 4.691, 6.206, 8.252, 8.506, 8.257, 8.228, 8.235, 7.381, 7.187, 7.707, 6.826, 4.936, 3.879, 3.691, 3.514, 3.833, 4.093], [1.448, 1.206, 1.179, 1.186, 0.0, 1.948, 2.594, 2.316, 2.333, 2.495, 2.501, 2.411, 2.058, 1.961, 2.232, 2.46, 2.812, 2.418, 2.568, 2.808, 3.143, 2.838, 2.849, 3.036, 4.391, 3.975, 2.512, 1.489, 1.705, 2.061, 2.335, 1.896, 1.259, 1.333, 2.182, 2.494, 3.491, 4.071, 4.167, 3.436, 3.156, 3.796, 4.164, 3.825, 2.89, 3.118, 3.573, 3.739, 3.929, 3.796, 3.725, 3.384, 3.112, 2.969, 2.938, 2.826, 2.547, 2.244, 2.314, 2.774, 2.584, 2.791, 3.177, 3.391, 3.348, 3.36, 3.172, 3.191, 3.392, 4.446, 6.173, 8.574, 8.803, 8.24, 8.544, 8.514, 7.85, 7.34, 7.703, 7.153, 4.965, 3.757, 3.423, 3.366, 3.583, 3.973], [2.362, 2.433, 2.391, 2.476, 1.948, 0.0, 1.347, 1.406, 1.43, 1.301, 1.417, 1.478, 1.439, 1.865, 1.978, 2.195, 2.576, 2.376, 2.409, 2.758, 3.049, 2.638, 2.395, 2.129, 2.983, 2.586, 1.647, 1.476, 1.463, 1.504, 1.562, 1.545, 1.734, 2.023, 2.714, 2.652, 2.645, 2.846, 2.829, 2.358, 2.445, 2.635, 2.974, 3.014, 2.485, 3.118, 3.683, 3.871, 4.138, 4.309, 4.863, 4.434, 3.514, 3.385, 3.26, 2.787, 2.268, 1.864, 2.168, 2.725, 2.791, 3.058, 3.389, 3.384, 3.105, 3.1, 2.891, 2.932, 3.784, 5.277, 7.323, 10.172, 10.341, 9.556, 9.925, 10.06, 9.516, 8.95, 9.043, 8.825, 6.423, 4.409, 4.093, 3.918, 4.268, 4.819], [3.086, 3.059, 3.062, 3.096, 2.594, 1.347, 0.0, 0.899, 1.086, 0.879, 1.128, 1.28, 1.545, 1.945, 1.929, 1.995, 2.411, 2.158, 2.229, 2.501, 2.512, 2.121, 1.967, 1.62, 2.523, 2.118, 1.667, 1.875, 1.934, 1.716, 1.806, 2.06, 2.126, 2.577, 3.157, 3.037, 2.829, 2.951, 2.903, 2.561, 2.713, 2.948, 2.839, 2.917, 2.56, 3.288, 3.834, 4.108, 4.534, 4.892, 5.512, 5.097, 4.081, 3.643, 3.523, 3.044, 2.577, 2.266, 2.515, 3.222, 3.294, 3.515, 3.695, 3.432, 3.29, 3.229, 3.016, 3.136, 4.175, 5.843, 8.04, 10.912, 11.072, 10.33, 10.601, 10.737, 10.237, 9.687, 9.802, 9.563, 7.121, 4.882, 4.428, 4.319, 4.663, 5.308], [2.62, 2.573, 2.655, 2.805, 2.316, 1.406, 0.899, 0.0, 0.699, 0.969, 1.313, 1.362, 1.309, 1.614, 1.637, 1.775, 2.123, 1.848, 1.876, 2.139, 2.305, 1.773, 1.429, 1.444, 2.629, 2.317, 1.544, 1.665, 1.853, 1.746, 1.775, 1.959, 2.02, 2.375, 3.297, 3.208, 3.057, 3.168, 3.112, 2.776, 2.996, 3.252, 3.155, 3.117, 2.702, 3.403, 3.931, 4.102, 4.336, 4.421, 4.991, 4.576, 3.748, 3.721, 3.647, 3.155, 2.666, 2.3, 2.542, 3.178, 3.039, 3.253, 3.422, 3.557, 3.435, 3.407, 3.2, 3.245, 3.952, 5.421, 7.547, 10.392, 10.552, 9.839, 10.112, 10.228, 9.711, 9.167, 9.282, 9.043, 6.592, 4.824, 4.486, 4.454, 4.715, 5.27], [2.65, 2.583, 2.69, 2.797, 2.333, 1.43, 1.086, 0.699, 0.0, 1.017, 1.442, 1.394, 1.222, 1.583, 1.654, 1.682, 2.131, 1.809, 1.817, 2.063, 2.202, 1.611, 1.214, 1.308, 2.478, 2.161, 1.342, 1.623, 1.845, 1.693, 1.791, 1.966, 2.19, 2.485, 3.411, 3.345, 3.106, 3.202, 3.125, 2.848, 3.103, 3.293, 3.188, 3.212, 2.845, 3.498, 4.048, 4.233, 4.359, 4.369, 4.914, 4.483, 3.705, 3.839, 3.738, 3.284, 2.758, 2.292, 2.508, 3.117, 3.015, 3.225, 3.511, 3.731, 3.665, 3.584, 3.371, 3.39, 3.996, 5.498, 7.526, 10.312, 10.476, 9.82, 10.111, 10.216, 9.667, 9.09, 9.21, 8.965, 6.536, 4.87, 4.617, 4.476, 4.805, 5.242], [2.819, 2.68, 2.783, 2.94, 2.495, 1.301, 0.879, 0.969, 1.017, 0.0, 0.781, 0.926, 1.257, 1.743, 1.874, 1.995, 2.41, 2.114, 2.171, 2.351, 2.646, 2.219, 1.685, 1.472, 2.39, 1.894, 1.35, 1.684, 1.768, 1.609, 1.796, 1.876, 2.122, 2.597, 2.857, 2.82, 2.543, 2.688, 2.568, 2.23, 2.521, 2.616, 2.545, 2.656, 2.311, 3.057, 3.603, 3.801, 4.127, 4.464, 5.087, 4.673, 3.684, 3.416, 3.299, 2.82, 2.312, 1.919, 2.208, 2.926, 3.104, 3.49, 3.804, 3.618, 3.336, 3.31, 3.058, 3.081, 3.822, 5.389, 7.581, 10.512, 10.698, 10.08, 10.471, 10.585, 9.992, 9.366, 9.37, 9.163, 6.872, 4.716, 4.242, 4.156, 4.454, 5.11], [3.103, 2.972, 3.055, 3.107, 2.501, 1.417, 1.128, 1.313, 1.442, 0.781, 0.0, 0.755, 1.176, 1.609, 1.752, 1.879, 2.378, 2.202, 2.377, 2.579, 2.947, 2.691, 2.239, 1.81, 2.579, 2.131, 1.721, 1.783, 1.595, 1.517, 1.91, 2.026, 2.148, 2.599, 2.777, 2.874, 2.546, 2.741, 2.64, 2.193, 2.353, 2.523, 2.487, 2.574, 2.184, 2.982, 3.517, 3.734, 4.181, 4.628, 5.248, 4.852, 3.795, 3.31, 3.142, 2.692, 2.223, 1.843, 2.234, 2.873, 3.172, 3.585, 3.935, 3.752, 3.355, 3.303, 2.978, 3.025, 3.812, 5.539, 7.775, 10.715, 10.926, 10.204, 10.698, 10.8, 10.201, 9.563, 9.573, 9.366, 7.089, 4.895, 4.247, 4.134, 4.458, 5.215], [3.073, 2.901, 3.0, 3.004, 2.411, 1.478, 1.28, 1.362, 1.394, 0.926, 0.755, 0.0, 0.849, 1.324, 1.404, 1.62, 2.077, 1.956, 2.149, 2.439, 2.803, 2.546, 2.109, 1.657, 2.585, 2.032, 1.695, 1.772, 1.725, 1.746, 2.173, 2.161, 2.133, 2.613, 2.915, 3.005, 2.827, 3.087, 3.032, 2.511, 2.519, 2.804, 2.823, 2.888, 2.47, 3.183, 3.716, 3.886, 4.202, 4.495, 5.067, 4.696, 3.693, 3.473, 3.362, 2.875, 2.358, 2.004, 2.278, 2.978, 3.257, 3.603, 3.936, 3.884, 3.587, 3.598, 3.322, 3.351, 3.847, 5.472, 7.611, 10.547, 10.808, 10.111, 10.638, 10.762, 10.156, 9.512, 9.392, 9.238, 7.032, 4.98, 4.448, 4.318, 4.595, 5.265], [2.663, 2.55, 2.73, 2.711, 2.058, 1.439, 1.545, 1.309, 1.222, 1.257, 1.176, 0.849, 0.0, 0.777, 0.977, 1.231, 1.743, 1.572, 1.773, 2.103, 2.55, 2.247, 1.859, 1.67, 2.829, 2.501, 1.689, 1.603, 1.633, 1.801, 2.176, 2.067, 2.016, 2.348, 3.156, 3.116, 3.312, 3.565, 3.516, 3.034, 2.885, 3.256, 3.315, 3.244, 2.752, 3.307, 3.854, 4.036, 4.194, 4.188, 4.741, 4.338, 3.527, 3.576, 3.527, 3.007, 2.543, 2.254, 2.34, 2.947, 2.885, 3.164, 3.552, 3.735, 3.588, 3.575, 3.336, 3.322, 3.833, 5.353, 7.378, 10.165, 10.346, 9.673, 10.125, 10.249, 9.656, 9.044, 9.053, 8.826, 6.533, 4.783, 4.449, 4.343, 4.547, 5.047], [2.742, 2.632, 2.781, 2.782, 1.961, 1.865, 1.945, 1.614, 1.583, 1.743, 1.609, 1.324, 0.777, 0.0, 0.603, 1.034, 1.33, 1.23, 1.508, 1.895, 2.428, 2.217, 1.936, 2.03, 3.292, 3.047, 2.223, 1.78, 1.87, 2.199, 2.584, 2.451, 2.292, 2.565, 3.518, 3.657, 3.888, 4.206, 4.164, 3.656, 3.46, 3.892, 3.953, 3.834, 3.348, 3.698, 4.155, 4.343, 4.463, 4.297, 4.63, 4.232, 3.757, 3.857, 3.891, 3.388, 2.968, 2.712, 2.696, 3.287, 2.998, 3.087, 3.437, 3.757, 3.754, 3.793, 3.623, 3.579, 4.054, 5.443, 7.365, 9.926, 10.099, 9.44, 9.796, 9.909, 9.3, 8.707, 8.919, 8.577, 6.234, 4.863, 4.631, 4.627, 4.794, 5.156], [3.071, 2.97, 3.099, 3.082, 2.232, 1.978, 1.929, 1.637, 1.654, 1.874, 1.752, 1.404, 0.977, 0.603, 0.0, 0.839, 1.179, 1.228, 1.5, 1.793, 2.415, 2.36, 2.148, 2.035, 3.162, 2.99, 2.33, 1.953, 2.041, 2.306, 2.665, 2.665, 2.392, 2.584, 3.703, 3.847, 4.011, 4.303, 4.204, 3.69, 3.527, 3.97, 3.994, 3.844, 3.357, 3.643, 4.055, 4.242, 4.409, 4.34, 4.804, 4.4, 3.865, 3.864, 3.893, 3.516, 3.056, 2.662, 2.78, 3.252, 3.018, 3.077, 3.406, 3.674, 3.632, 3.681, 3.514, 3.499, 4.139, 5.544, 7.465, 10.138, 10.302, 9.554, 9.931, 10.04, 9.486, 8.916, 9.052, 8.791, 6.409, 4.956, 4.624, 4.617, 4.843, 5.29], [3.352, 3.046, 3.194, 3.182, 2.46, 2.195, 1.995, 1.775, 1.682, 1.995, 1.879, 1.62, 1.231, 1.034, 0.839, 0.0, 0.987, 1.068, 1.334, 1.466, 2.048, 2.133, 2.166, 2.022, 3.074, 2.945, 2.309, 2.121, 2.085, 2.288, 2.683, 2.835, 2.722, 2.831, 4.059, 4.106, 4.24, 4.442, 4.294, 3.87, 3.818, 4.195, 4.127, 3.99, 3.506, 3.863, 4.27, 4.438, 4.573, 4.608, 4.987, 4.644, 4.1, 4.108, 4.16, 3.811, 3.313, 2.832, 3.029, 3.44, 3.117, 3.088, 3.505, 3.826, 3.817, 3.798, 3.751, 3.735, 4.348, 5.923, 7.85, 10.259, 10.438, 9.838, 10.051, 10.221, 9.594, 9.056, 9.365, 8.912, 6.714, 5.25, 4.92, 4.952, 5.178, 5.506], [3.578, 3.393, 3.467, 3.513, 2.812, 2.576, 2.411, 2.123, 2.131, 2.41, 2.378, 2.077, 1.743, 1.33, 1.179, 0.987, 0.0, 0.79, 1.308, 1.568, 2.011, 2.339, 2.419, 2.411, 3.281, 3.278, 2.717, 2.45, 2.566, 2.814, 3.211, 3.307, 3.11, 3.251, 4.438, 4.608, 4.811, 4.955, 4.783, 4.423, 4.316, 4.654, 4.596, 4.355, 3.881, 4.184, 4.581, 4.715, 4.92, 4.787, 5.118, 4.801, 4.445, 4.497, 4.572, 4.173, 3.749, 3.372, 3.384, 3.798, 3.471, 3.373, 3.607, 3.981, 4.026, 4.047, 4.047, 4.068, 4.754, 6.098, 8.028, 10.501, 10.676, 10.034, 10.223, 10.324, 9.796, 9.277, 9.547, 9.153, 6.775, 5.592, 5.366, 5.341, 5.557, 5.867], [3.199, 2.951, 2.997, 3.03, 2.418, 2.376, 2.158, 1.848, 1.809, 2.114, 2.202, 1.956, 1.572, 1.23, 1.228, 1.068, 0.79, 0.0, 0.905, 1.226, 1.595, 1.819, 1.969, 2.189, 3.194, 3.092, 2.52, 2.157, 2.338, 2.483, 2.918, 3.036, 2.892, 3.049, 4.195, 4.324, 4.543, 4.673, 4.538, 4.187, 4.086, 4.422, 4.323, 4.137, 3.658, 4.002, 4.454, 4.612, 4.678, 4.503, 4.779, 4.513, 4.135, 4.337, 4.372, 3.932, 3.482, 3.149, 3.138, 3.633, 3.276, 3.207, 3.45, 3.865, 3.936, 3.916, 3.832, 3.866, 4.472, 5.802, 7.655, 10.121, 10.298, 9.652, 9.916, 9.906, 9.337, 8.893, 9.189, 8.739, 6.387, 5.344, 5.232, 5.194, 5.396, 5.645], [2.934, 2.723, 2.915, 2.938, 2.568, 2.409, 2.229, 1.876, 1.817, 2.171, 2.377, 2.149, 1.773, 1.508, 1.5, 1.334, 1.308, 0.905, 0.0, 0.925, 1.324, 1.562, 1.911, 2.351, 3.478, 3.262, 2.569, 2.142, 2.353, 2.527, 2.835, 2.948, 2.944, 3.068, 4.107, 4.289, 4.545, 4.673, 4.529, 4.166, 4.033, 4.4, 4.231, 4.079, 3.601, 3.983, 4.394, 4.562, 4.578, 4.111, 4.27, 4.05, 3.88, 4.235, 4.289, 3.88, 3.403, 3.069, 3.088, 3.586, 3.225, 3.198, 3.418, 3.688, 3.818, 3.839, 3.768, 3.871, 4.367, 5.352, 7.171, 9.486, 9.665, 9.157, 9.265, 9.346, 8.811, 8.263, 8.65, 8.136, 5.95, 5.259, 5.205, 5.201, 5.407, 5.498], [3.343, 2.796, 2.912, 2.971, 2.808, 2.758, 2.501, 2.139, 2.063, 2.351, 2.579, 2.439, 2.103, 1.895, 1.793, 1.466, 1.568, 1.226, 0.925, 0.0, 0.984, 1.401, 2.099, 2.466, 3.519, 3.296, 2.735, 2.456, 2.649, 2.726, 3.014, 3.196, 3.345, 3.432, 4.426, 4.602, 4.725, 4.882, 4.773, 4.406, 4.353, 4.701, 4.491, 4.315, 3.828, 4.249, 4.708, 4.837, 4.948, 4.628, 4.53, 4.484, 4.362, 4.564, 4.556, 4.211, 3.698, 3.214, 3.391, 3.858, 3.611, 3.615, 3.811, 4.167, 4.128, 4.091, 4.092, 4.175, 4.808, 5.837, 7.581, 9.39, 9.668, 9.402, 9.526, 9.576, 8.869, 8.295, 9.005, 8.037, 6.419, 5.577, 5.518, 5.457, 5.666, 5.964], [3.677, 3.136, 2.958, 2.948, 3.143, 3.049, 2.512, 2.305, 2.202, 2.646, 2.947, 2.803, 2.55, 2.428, 2.415, 2.048, 2.011, 1.595, 1.324, 0.984, 0.0, 1.187, 2.332, 2.614, 3.634, 3.44, 2.857, 2.683, 2.942, 2.913, 3.167, 3.376, 3.656, 3.929, 4.761, 4.941, 4.904, 4.993, 4.949, 4.677, 4.655, 4.913, 4.597, 4.366, 3.95, 4.589, 5.122, 5.248, 5.396, 5.047, 4.992, 4.943, 4.827, 5.017, 4.926, 4.509, 3.997, 3.535, 3.697, 4.242, 4.153, 4.144, 4.282, 4.537, 4.532, 4.434, 4.429, 4.617, 5.406, 6.37, 8.221, 9.932, 10.309, 10.165, 10.015, 9.942, 9.116, 8.871, 9.588, 8.544, 6.775, 6.147, 6.052, 5.966, 6.217, 6.468], [3.293, 2.87, 2.697, 2.849, 2.838, 2.638, 2.121, 1.773, 1.611, 2.219, 2.691, 2.546, 2.247, 2.217, 2.36, 2.133, 2.339, 1.819, 1.562, 1.401, 1.187, 0.0, 1.39, 1.914, 3.147, 2.872, 2.448, 2.476, 2.645, 2.561, 2.719, 3.067, 3.387, 3.688, 4.647, 4.666, 4.385, 4.358, 4.403, 4.278, 4.483, 4.57, 4.303, 4.333, 3.911, 4.641, 5.205, 5.381, 5.518, 5.153, 5.118, 5.006, 4.841, 5.047, 4.948, 4.462, 3.976, 3.573, 3.752, 4.282, 4.059, 4.07, 4.222, 4.559, 4.626, 4.595, 4.443, 4.541, 5.224, 6.344, 8.204, 10.145, 10.395, 10.063, 10.054, 10.02, 9.375, 9.02, 9.694, 8.737, 6.856, 6.11, 6.015, 5.909, 6.175, 6.42], [3.066, 2.662, 2.957, 3.119, 2.849, 2.395, 1.967, 1.429, 1.214, 1.685, 2.239, 2.109, 1.859, 1.936, 2.148, 2.166, 2.419, 1.969, 1.911, 2.099, 2.332, 1.39, 0.0, 1.283, 2.458, 2.135, 1.817, 2.31, 2.521, 2.427, 2.49, 2.707, 3.114, 3.324, 4.198, 3.968, 3.765, 3.639, 3.743, 3.643, 3.882, 3.953, 3.822, 3.826, 3.375, 4.029, 4.535, 4.726, 4.842, 4.612, 4.914, 4.601, 4.223, 4.37, 4.347, 3.907, 3.379, 2.986, 3.184, 3.719, 3.565, 3.715, 4.088, 4.289, 4.284, 4.279, 4.167, 4.057, 4.492, 5.771, 7.645, 10.152, 10.344, 9.941, 10.262, 10.277, 9.678, 9.04, 9.242, 8.824, 6.74, 5.498, 5.303, 5.286, 5.454, 5.806], [3.508, 3.23, 3.413, 3.508, 3.036, 2.129, 1.62, 1.444, 1.308, 1.472, 1.81, 1.657, 1.67, 2.03, 2.035, 2.022, 2.411, 2.189, 2.351, 2.466, 2.614, 1.914, 1.283, 0.0, 1.482, 1.174, 1.552, 2.239, 2.255, 2.065, 2.172, 2.504, 3.054, 3.305, 3.941, 3.812, 3.184, 3.199, 3.205, 3.204, 3.461, 3.491, 3.444, 3.587, 3.213, 4.026, 4.598, 4.71, 4.97, 5.128, 5.72, 5.269, 4.513, 4.437, 4.313, 3.837, 3.321, 2.835, 3.119, 3.664, 3.688, 3.935, 4.406, 4.599, 4.399, 4.286, 4.1, 4.126, 4.743, 6.312, 8.334, 11.063, 11.245, 10.705, 11.043, 11.148, 10.559, 9.897, 9.964, 9.71, 7.484, 5.75, 5.217, 5.153, 5.431, 6.006], [4.73, 4.569, 4.729, 4.821, 4.391, 2.983, 2.523, 2.629, 2.478, 2.39, 2.579, 2.585, 2.829, 3.292, 3.162, 3.074, 3.281, 3.194, 3.478, 3.519, 3.634, 3.147, 2.458, 1.482, 0.0, 0.967, 2.308, 3.454, 3.273, 2.579, 2.716, 3.213, 3.964, 4.232, 4.787, 4.46, 3.167, 3.027, 3.192, 3.491, 3.908, 3.573, 3.604, 3.935, 3.699, 4.626, 5.154, 5.252, 5.734, 6.238, 6.903, 6.507, 5.489, 5.041, 4.796, 4.45, 3.881, 3.496, 3.89, 4.114, 4.621, 5.158, 5.599, 5.496, 5.163, 4.936, 4.719, 4.748, 5.782, 7.396, 9.527, 12.33, 12.501, 12.067, 12.346, 12.387, 11.838, 11.187, 11.221, 11.004, 8.662, 6.55, 5.799, 5.579, 5.894, 6.67], [4.35, 4.154, 4.381, 4.453, 3.975, 2.586, 2.118, 2.317, 2.161, 1.894, 2.131, 2.032, 2.501, 3.047, 2.99, 2.945, 3.278, 3.092, 3.262, 3.296, 3.44, 2.872, 2.135, 1.174, 0.967, 0.0, 1.859, 3.04, 2.915, 2.341, 2.35, 2.912, 3.635, 3.909, 4.056, 3.8, 2.793, 2.705, 2.807, 2.891, 3.178, 3.153, 3.101, 3.289, 3.125, 3.972, 4.499, 4.722, 5.224, 5.748, 6.412, 6.066, 5.02, 4.366, 4.135, 3.723, 3.195, 2.812, 3.342, 3.658, 4.273, 4.816, 5.276, 5.104, 4.679, 4.433, 4.198, 4.24, 5.256, 6.873, 8.978, 11.896, 12.153, 11.624, 12.022, 12.13, 11.521, 10.865, 10.745, 10.574, 8.385, 6.166, 5.341, 5.159, 5.407, 6.146], [2.87, 2.673, 2.936, 3.049, 2.512, 1.647, 1.667, 1.544, 1.342, 1.35, 1.721, 1.695, 1.689, 2.223, 2.33, 2.309, 2.717, 2.52, 2.569, 2.735, 2.857, 2.448, 1.817, 1.552, 2.308, 1.859, 0.0, 1.691, 1.74, 1.34, 1.508, 1.738, 2.371, 2.573, 3.053, 2.709, 2.617, 2.592, 2.388, 2.166, 2.416, 2.66, 2.638, 2.486, 2.081, 2.891, 3.428, 3.537, 3.91, 4.234, 4.846, 4.5, 3.608, 3.283, 3.19, 2.743, 2.153, 1.85, 2.081, 2.6, 2.914, 3.391, 3.894, 3.905, 3.662, 3.387, 3.226, 3.273, 3.901, 5.517, 7.553, 10.242, 10.552, 10.168, 10.567, 10.57, 9.979, 9.302, 9.169, 8.982, 6.839, 4.919, 4.207, 4.056, 4.286, 4.797], [1.851, 1.844, 1.87, 1.964, 1.489, 1.476, 1.875, 1.665, 1.623, 1.684, 1.783, 1.772, 1.603, 1.78, 1.953, 2.121, 2.45, 2.157, 2.142, 2.456, 2.683, 2.476, 2.31, 2.239, 3.454, 3.04, 1.691, 0.0, 0.832, 1.292, 1.383, 1.09, 1.379, 1.622, 2.372, 2.713, 3.076, 3.362, 3.321, 2.542, 2.349, 2.792, 3.056, 2.842, 2.014, 2.631, 3.144, 3.305, 3.523, 3.534, 3.997, 3.618, 3.006, 2.93, 2.812, 2.403, 1.974, 1.507, 1.607, 2.104, 2.126, 2.339, 2.574, 2.927, 2.9, 2.807, 2.545, 2.664, 3.321, 4.712, 6.685, 9.264, 9.446, 8.891, 9.149, 9.239, 8.647, 8.082, 8.241, 7.914, 5.539, 4.172, 3.727, 3.648, 3.885, 4.228], [2.186, 2.018, 2.058, 2.103, 1.705, 1.463, 1.934, 1.853, 1.845, 1.768, 1.595, 1.725, 1.633, 1.87, 2.041, 2.085, 2.566, 2.338, 2.353, 2.649, 2.942, 2.645, 2.521, 2.255, 3.273, 2.915, 1.74, 0.832, 0.0, 0.974, 1.189, 1.142, 1.568, 1.847, 2.492, 2.762, 3.052, 3.26, 3.088, 2.399, 2.383, 2.714, 2.91, 2.833, 2.157, 2.758, 3.277, 3.437, 3.678, 3.838, 4.341, 3.924, 3.303, 3.081, 2.928, 2.535, 2.096, 1.668, 1.763, 2.169, 2.293, 2.629, 2.988, 3.26, 3.082, 2.987, 2.721, 2.852, 3.544, 5.082, 7.085, 9.54, 9.744, 9.132, 9.447, 9.587, 8.967, 8.38, 8.533, 8.192, 5.926, 4.465, 3.891, 3.773, 4.025, 4.422], [2.636, 2.473, 2.557, 2.618, 2.061, 1.504, 1.716, 1.746, 1.693, 1.609, 1.517, 1.746, 1.801, 2.199, 2.306, 2.288, 2.814, 2.483, 2.527, 2.726, 2.913, 2.561, 2.427, 2.065, 2.579, 2.341, 1.34, 1.292, 0.974, 0.0, 0.872, 1.345, 2.078, 2.332, 2.989, 2.996, 2.723, 2.639, 2.479, 2.083, 2.355, 2.446, 2.475, 2.593, 2.187, 3.046, 3.572, 3.72, 4.071, 4.296, 4.849, 4.494, 3.74, 3.332, 3.117, 2.711, 2.19, 1.805, 2.171, 2.369, 2.653, 3.105, 3.543, 3.759, 3.438, 3.245, 2.966, 3.106, 3.987, 5.625, 7.687, 10.239, 10.487, 9.793, 10.222, 10.307, 9.707, 9.078, 9.234, 8.874, 6.607, 5.008, 4.311, 4.143, 4.382, 4.988], [2.509, 2.405, 2.593, 2.69, 2.335, 1.562, 1.806, 1.775, 1.791, 1.796, 1.91, 2.173, 2.176, 2.584, 2.665, 2.683, 3.211, 2.918, 2.835, 3.014, 3.167, 2.719, 2.49, 2.172, 2.716, 2.35, 1.508, 1.383, 1.189, 0.872, 0.0, 1.071, 2.046, 2.238, 2.802, 2.796, 2.571, 2.573, 2.548, 1.977, 2.204, 2.439, 2.505, 2.577, 2.217, 2.942, 3.44, 3.602, 4.015, 4.242, 4.794, 4.407, 3.619, 3.083, 2.839, 2.547, 2.02, 1.73, 2.061, 2.106, 2.54, 3.053, 3.439, 3.51, 3.175, 2.975, 2.639, 2.883, 3.962, 5.465, 7.612, 10.158, 10.359, 9.743, 10.047, 10.174, 9.546, 8.944, 9.09, 8.808, 6.463, 4.736, 4.032, 3.816, 4.088, 4.753], [1.746, 1.904, 2.036, 2.144, 1.896, 1.545, 2.06, 1.959, 1.966, 1.876, 2.026, 2.161, 2.067, 2.451, 2.665, 2.835, 3.307, 3.036, 2.948, 3.196, 3.376, 3.067, 2.707, 2.504, 3.213, 2.912, 1.738, 1.09, 1.142, 1.345, 1.071, 0.0, 1.311, 1.465, 2.094, 2.266, 2.616, 2.938, 3.004, 2.328, 2.243, 2.631, 2.824, 2.813, 1.994, 2.49, 2.879, 3.053, 3.401, 3.642, 4.145, 3.744, 2.858, 2.464, 2.427, 2.192, 1.826, 1.531, 1.576, 1.799, 1.978, 2.555, 2.925, 2.965, 2.749, 2.583, 2.28, 2.35, 3.207, 4.619, 6.726, 9.361, 9.529, 9.001, 9.239, 9.327, 8.734, 8.147, 8.318, 8.013, 5.605, 3.895, 3.239, 3.09, 3.363, 3.869], [1.436, 1.701, 1.694, 1.752, 1.259, 1.734, 2.126, 2.02, 2.19, 2.122, 2.148, 2.133, 2.016, 2.292, 2.392, 2.722, 3.11, 2.892, 2.944, 3.345, 3.656, 3.387, 3.114, 3.054, 3.964, 3.635, 2.371, 1.379, 1.568, 2.078, 2.046, 1.311, 0.0, 0.724, 1.686, 2.099, 3.015, 3.668, 3.692, 2.91, 2.613, 3.21, 3.604, 3.381, 2.269, 2.49, 2.839, 3.014, 3.295, 3.498, 3.863, 3.402, 2.542, 2.233, 2.26, 2.26, 1.984, 1.641, 1.73, 2.148, 2.089, 2.512, 2.791, 2.602, 2.513, 2.528, 2.281, 2.298, 2.788, 4.083, 6.167, 8.986, 9.161, 8.426, 8.727, 8.844, 8.307, 7.762, 7.917, 7.638, 5.179, 3.227, 2.786, 2.66, 2.958, 3.517], [1.262, 1.627, 1.727, 1.8, 1.333, 2.023, 2.577, 2.375, 2.485, 2.597, 2.599, 2.613, 2.348, 2.565, 2.584, 2.831, 3.251, 3.049, 3.068, 3.432, 3.929, 3.688, 3.324, 3.305, 4.232, 3.909, 2.573, 1.622, 1.847, 2.332, 2.238, 1.465, 0.724, 0.0, 1.561, 2.125, 3.287, 4.015, 4.068, 3.257, 2.852, 3.492, 3.911, 3.647, 2.514, 2.537, 2.888, 2.945, 3.239, 3.445, 3.771, 3.306, 2.523, 2.16, 2.248, 2.47, 2.274, 1.881, 1.848, 2.15, 1.962, 2.439, 2.791, 2.671, 2.544, 2.513, 2.375, 2.352, 2.783, 3.947, 5.819, 8.6, 8.76, 8.011, 8.344, 8.448, 7.922, 7.375, 7.536, 7.251, 4.801, 2.949, 2.427, 2.397, 2.624, 3.145], [1.894, 2.252, 2.453, 2.52, 2.182, 2.714, 3.157, 3.297, 3.411, 2.857, 2.777, 2.915, 3.156, 3.518, 3.703, 4.059, 4.438, 4.195, 4.107, 4.426, 4.761, 4.647, 4.198, 3.941, 4.787, 4.056, 3.053, 2.372, 2.492, 2.989, 2.802, 2.094, 1.686, 1.561, 0.0, 1.713, 2.874, 3.588, 3.723, 2.852, 2.372, 3.006, 3.321, 3.092, 2.128, 2.041, 2.325, 2.327, 2.815, 3.338, 3.701, 3.289, 2.286, 1.631, 1.724, 1.93, 1.888, 1.694, 1.604, 1.971, 2.332, 2.983, 3.332, 2.888, 2.435, 2.411, 2.124, 2.252, 2.343, 3.524, 5.529, 8.404, 8.801, 8.236, 8.654, 8.79, 8.117, 7.441, 7.196, 7.105, 5.008, 2.86, 2.195, 2.162, 2.323, 2.932], [2.454, 2.389, 2.765, 2.818, 2.494, 2.652, 3.037, 3.208, 3.345, 2.82, 2.874, 3.005, 3.116, 3.657, 3.847, 4.106, 4.608, 4.324, 4.289, 4.602, 4.941, 4.666, 3.968, 3.812, 4.46, 3.8, 2.709, 2.713, 2.762, 2.996, 2.796, 2.266, 2.099, 2.125, 1.713, 0.0, 1.944, 2.251, 2.638, 1.863, 1.56, 1.965, 2.467, 2.097, 1.699, 1.636, 2.109, 2.698, 3.252, 3.935, 4.487, 3.968, 2.928, 1.706, 1.623, 1.6, 1.499, 1.914, 2.143, 2.788, 3.114, 3.847, 4.34, 3.802, 3.353, 2.98, 2.749, 2.75, 3.131, 4.49, 6.558, 9.424, 9.887, 9.494, 9.89, 9.868, 9.317, 8.598, 8.09, 8.206, 6.18, 3.79, 2.991, 2.912, 2.954, 3.607], [3.695, 3.582, 3.781, 3.879, 3.491, 2.645, 2.829, 3.057, 3.106, 2.543, 2.546, 2.827, 3.312, 3.888, 4.011, 4.24, 4.811, 4.543, 4.545, 4.725, 4.904, 4.385, 3.765, 3.184, 3.167, 2.793, 2.617, 3.076, 3.052, 2.723, 2.571, 2.616, 3.015, 3.287, 2.874, 1.944, 0.0, 1.253, 1.712, 1.505, 1.699, 1.572, 1.696, 2.022, 2.158, 2.615, 3.098, 3.633, 4.382, 5.091, 5.638, 5.177, 3.967, 2.882, 2.495, 2.336, 2.125, 2.21, 2.775, 3.311, 4.187, 4.84, 5.324, 4.871, 4.39, 4.082, 3.708, 3.724, 4.266, 5.744, 8.021, 10.875, 11.353, 10.949, 11.352, 11.333, 10.782, 10.063, 9.596, 9.671, 7.64, 5.221, 4.183, 4.036, 4.294, 5.114], [4.416, 4.193, 4.431, 4.512, 4.071, 2.846, 2.951, 3.168, 3.202, 2.688, 2.741, 3.087, 3.565, 4.206, 4.303, 4.442, 4.955, 4.673, 4.673, 4.882, 4.993, 4.358, 3.639, 3.199, 3.027, 2.705, 2.592, 3.362, 3.26, 2.639, 2.573, 2.938, 3.668, 4.015, 3.588, 2.251, 1.253, 0.0, 1.298, 1.489, 1.666, 1.314, 1.616, 1.767, 2.267, 2.615, 3.161, 3.785, 4.477, 5.38, 6.123, 5.52, 4.522, 3.174, 2.679, 2.335, 2.143, 2.532, 3.052, 3.582, 4.422, 5.074, 5.568, 5.142, 4.585, 4.132, 3.77, 3.898, 4.686, 6.419, 8.713, 11.591, 12.065, 11.654, 12.059, 12.044, 11.493, 10.772, 10.261, 10.385, 8.35, 5.943, 4.923, 4.741, 4.867, 5.752], [4.507, 4.308, 4.506, 4.588, 4.167, 2.829, 2.903, 3.112, 3.125, 2.568, 2.64, 3.032, 3.516, 4.164, 4.204, 4.294, 4.783, 4.538, 4.529, 4.773, 4.949, 4.403, 3.743, 3.205, 3.192, 2.807, 2.388, 3.321, 3.088, 2.479, 2.548, 3.004, 3.692, 4.068, 3.723, 2.638, 1.712, 1.298, 0.0, 1.118, 1.608, 1.255, 1.486, 1.747, 2.45, 3.009, 3.709, 4.264, 4.928, 5.633, 6.351, 5.982, 4.838, 3.389, 2.751, 2.364, 2.28, 2.666, 3.215, 3.663, 4.465, 5.068, 5.509, 5.185, 4.665, 4.178, 3.794, 4.013, 4.76, 6.606, 8.852, 11.814, 12.21, 11.751, 12.206, 12.247, 11.656, 10.965, 10.582, 10.606, 8.509, 6.119, 5.051, 4.755, 5.004, 5.992], [3.723, 3.605, 3.721, 3.804, 3.436, 2.358, 2.561, 2.776, 2.848, 2.23, 2.193, 2.511, 3.034, 3.656, 3.69, 3.87, 4.423, 4.187, 4.166, 4.406, 4.677, 4.278, 3.643, 3.204, 3.491, 2.891, 2.166, 2.542, 2.399, 2.083, 1.977, 2.328, 2.91, 3.257, 2.852, 1.863, 1.505, 1.489, 1.118, 0.0, 0.813, 0.942, 1.128, 1.307, 1.836, 2.331, 2.955, 3.516, 4.231, 4.993, 5.689, 5.309, 4.167, 2.696, 2.104, 1.799, 1.559, 2.012, 2.607, 3.029, 3.791, 4.402, 4.819, 4.523, 3.991, 3.53, 3.105, 3.322, 4.028, 5.812, 8.046, 11.04, 11.459, 10.947, 11.41, 11.482, 10.891, 10.192, 9.786, 9.861, 7.739, 5.361, 4.247, 4.004, 4.263, 5.263], [3.462, 3.499, 3.652, 3.656, 3.156, 2.445, 2.713, 2.996, 3.103, 2.521, 2.353, 2.519, 2.885, 3.46, 3.527, 3.818, 4.316, 4.086, 4.033, 4.353, 4.655, 4.483, 3.882, 3.461, 3.908, 3.178, 2.416, 2.349, 2.383, 2.355, 2.204, 2.243, 2.613, 2.852, 2.372, 1.56, 1.699, 1.666, 1.608, 0.813, 0.0, 0.888, 1.34, 1.193, 1.522, 1.826, 2.451, 3.023, 3.738, 4.497, 5.177, 4.775, 3.652, 2.174, 1.617, 1.242, 1.198, 1.767, 2.165, 2.572, 3.333, 3.975, 4.407, 4.064, 3.522, 3.081, 2.647, 2.855, 3.59, 5.297, 7.565, 10.546, 10.966, 10.483, 10.903, 10.98, 10.387, 9.691, 9.275, 9.358, 7.237, 4.866, 3.752, 3.549, 3.767, 4.767], [3.971, 4.02, 4.165, 4.255, 3.796, 2.635, 2.948, 3.252, 3.293, 2.616, 2.523, 2.804, 3.256, 3.892, 3.97, 4.195, 4.654, 4.422, 4.4, 4.701, 4.913, 4.57, 3.953, 3.491, 3.573, 3.153, 2.66, 2.792, 2.714, 2.446, 2.439, 2.631, 3.21, 3.492, 3.006, 1.965, 1.572, 1.314, 1.255, 0.942, 0.888, 0.0, 1.013, 1.197, 1.867, 2.231, 2.856, 3.425, 4.17, 4.948, 5.653, 5.222, 4.113, 2.665, 2.035, 1.673, 1.713, 2.255, 2.613, 3.031, 3.841, 4.496, 4.969, 4.571, 4.023, 3.581, 3.167, 3.351, 4.137, 5.886, 8.205, 11.101, 11.536, 11.126, 11.525, 11.56, 10.971, 10.278, 9.81, 9.919, 7.821, 5.436, 4.375, 4.152, 4.325, 5.312], [4.397, 4.287, 4.466, 4.555, 4.164, 2.974, 2.839, 3.155, 3.188, 2.545, 2.487, 2.823, 3.315, 3.953, 3.994, 4.127, 4.596, 4.323, 4.231, 4.491, 4.597, 4.303, 3.822, 3.444, 3.604, 3.101, 2.638, 3.056, 2.91, 2.475, 2.505, 2.824, 3.604, 3.911, 3.321, 2.467, 1.696, 1.616, 1.486, 1.128, 1.34, 1.013, 0.0, 1.003, 1.905, 2.415, 2.951, 3.574, 4.348, 5.167, 5.9, 5.469, 4.375, 2.952, 2.345, 2.073, 1.902, 2.345, 2.854, 3.313, 4.187, 4.846, 5.216, 4.827, 4.254, 3.802, 3.426, 3.727, 4.493, 6.2, 8.632, 11.448, 11.921, 11.498, 11.912, 11.977, 11.322, 10.626, 10.162, 10.266, 8.168, 5.903, 4.88, 4.613, 4.833, 5.719], [4.16, 4.055, 4.289, 4.373, 3.825, 3.014, 2.917, 3.117, 3.212, 2.656, 2.574, 2.888, 3.244, 3.834, 3.844, 3.99, 4.355, 4.137, 4.079, 4.315, 4.366, 4.333, 3.826, 3.587, 3.935, 3.289, 2.486, 2.842, 2.833, 2.593, 2.577, 2.813, 3.381, 3.647, 3.092, 2.097, 2.022, 1.767, 1.747, 1.307, 1.193, 1.197, 1.003, 0.0, 1.336, 1.731, 2.29, 2.867, 3.666, 4.576, 5.372, 4.93, 3.9, 2.471, 1.863, 1.572, 1.518, 2.09, 2.441, 2.874, 3.785, 4.45, 4.826, 4.448, 3.781, 3.314, 3.046, 3.314, 4.17, 5.866, 8.285, 11.052, 11.593, 11.165, 11.554, 11.568, 10.956, 10.231, 9.656, 9.848, 7.79, 5.503, 4.477, 4.321, 4.433, 5.304], [3.095, 3.012, 3.327, 3.373, 2.89, 2.485, 2.56, 2.702, 2.845, 2.311, 2.184, 2.47, 2.752, 3.348, 3.357, 3.506, 3.881, 3.658, 3.601, 3.828, 3.95, 3.911, 3.375, 3.213, 3.699, 3.125, 2.081, 2.014, 2.157, 2.187, 2.217, 1.994, 2.269, 2.514, 2.128, 1.699, 2.158, 2.267, 2.45, 1.836, 1.522, 1.867, 1.905, 1.336, 0.0, 1.09, 1.718, 2.125, 2.773, 3.463, 4.237, 3.862, 2.822, 1.831, 1.594, 1.395, 1.186, 1.193, 1.527, 2.071, 2.681, 3.381, 3.756, 3.318, 2.684, 2.399, 2.143, 2.344, 3.066, 4.677, 7.175, 9.872, 10.407, 9.984, 10.364, 10.391, 9.766, 9.04, 8.534, 8.674, 6.593, 4.445, 3.556, 3.422, 3.555, 4.334], [3.193, 3.374, 3.736, 3.745, 3.118, 3.118, 3.288, 3.403, 3.498, 3.057, 2.982, 3.183, 3.307, 3.698, 3.643, 3.863, 4.184, 4.002, 3.983, 4.249, 4.589, 4.641, 4.029, 4.026, 4.626, 3.972, 2.891, 2.631, 2.758, 3.046, 2.942, 2.49, 2.49, 2.537, 2.041, 1.636, 2.615, 2.615, 3.009, 2.331, 1.826, 2.231, 2.415, 1.731, 1.09, 0.0, 0.98, 1.607, 2.179, 3.033, 3.835, 3.341, 2.39, 1.284, 1.143, 1.26, 1.351, 1.549, 1.391, 1.949, 2.38, 3.105, 3.513, 3.007, 2.365, 2.063, 1.933, 1.983, 2.668, 4.347, 6.77, 9.512, 10.034, 9.642, 10.019, 10.026, 9.42, 8.685, 8.14, 8.304, 6.243, 3.98, 3.229, 3.222, 3.243, 3.814], [3.444, 3.742, 4.168, 4.186, 3.573, 3.683, 3.834, 3.931, 4.048, 3.603, 3.517, 3.716, 3.854, 4.155, 4.055, 4.27, 4.581, 4.454, 4.394, 4.708, 5.122, 5.205, 4.535, 4.598, 5.154, 4.499, 3.428, 3.144, 3.277, 3.572, 3.44, 2.879, 2.839, 2.888, 2.325, 2.109, 3.098, 3.161, 3.709, 2.955, 2.451, 2.856, 2.951, 2.29, 1.718, 0.98, 0.0, 0.91, 1.604, 2.562, 3.383, 2.842, 2.115, 1.309, 1.647, 1.845, 1.949, 2.043, 1.861, 2.037, 2.248, 2.784, 3.164, 2.61, 2.039, 2.009, 1.908, 1.896, 2.205, 3.896, 6.311, 9.055, 9.591, 9.187, 9.579, 9.585, 8.978, 8.244, 7.677, 7.855, 5.802, 3.617, 2.938, 3.165, 3.172, 3.586], [3.52, 3.893, 4.343, 4.368, 3.739, 3.871, 4.108, 4.102, 4.233, 3.801, 3.734, 3.886, 4.036, 4.343, 4.242, 4.438, 4.715, 4.612, 4.562, 4.837, 5.248, 5.381, 4.726, 4.71, 5.252, 4.722, 3.537, 3.305, 3.437, 3.72, 3.602, 3.053, 3.014, 2.945, 2.327, 2.698, 3.633, 3.785, 4.264, 3.516, 3.023, 3.425, 3.574, 2.867, 2.125, 1.607, 0.91, 0.0, 0.875, 1.894, 2.797, 2.407, 1.778, 1.576, 2.071, 2.417, 2.421, 2.325, 1.942, 1.908, 2.055, 2.356, 2.534, 2.308, 1.887, 2.016, 2.028, 1.93, 1.663, 3.179, 5.571, 8.317, 8.854, 8.456, 8.846, 8.851, 8.245, 7.51, 6.933, 7.118, 5.068, 3.257, 2.706, 2.963, 3.036, 3.376], [3.595, 4.029, 4.493, 4.515, 3.929, 4.138, 4.534, 4.336, 4.359, 4.127, 4.181, 4.202, 4.194, 4.463, 4.409, 4.573, 4.92, 4.678, 4.578, 4.948, 5.396, 5.518, 4.842, 4.97, 5.734, 5.224, 3.91, 3.523, 3.678, 4.071, 4.015, 3.401, 3.295, 3.239, 2.815, 3.252, 4.382, 4.477, 4.928, 4.231, 3.738, 4.17, 4.348, 3.666, 2.773, 2.179, 1.604, 0.875, 0.0, 1.282, 2.214, 1.862, 1.486, 2.158, 2.763, 3.123, 3.006, 2.75, 2.319, 2.098, 1.84, 1.955, 2.003, 2.01, 1.868, 2.117, 2.314, 2.095, 1.356, 2.556, 4.835, 7.553, 8.088, 7.707, 8.078, 8.083, 7.477, 6.743, 6.156, 6.352, 4.31, 2.934, 2.79, 3.165, 3.121, 3.122], [3.133, 3.709, 4.244, 4.308, 3.796, 4.309, 4.892, 4.421, 4.369, 4.464, 4.628, 4.495, 4.188, 4.297, 4.34, 4.608, 4.787, 4.503, 4.111, 4.628, 5.047, 5.153, 4.612, 5.128, 6.238, 5.748, 4.234, 3.534, 3.838, 4.296, 4.242, 3.642, 3.498, 3.445, 3.338, 3.935, 5.091, 5.38, 5.633, 4.993, 4.497, 4.948, 5.167, 4.576, 3.463, 3.033, 2.562, 1.894, 1.282, 0.0, 1.14, 1.01, 1.289, 2.797, 3.389, 3.747, 3.65, 3.26, 2.647, 2.46, 2.003, 1.867, 1.89, 2.02, 2.201, 2.656, 2.899, 2.597, 1.626, 1.919, 4.054, 6.567, 7.096, 6.783, 7.1, 7.067, 6.458, 5.728, 5.222, 5.35, 3.376, 2.934, 3.166, 3.521, 3.444, 3.294], [3.278, 3.475, 3.977, 4.049, 3.725, 4.863, 5.512, 4.991, 4.914, 5.087, 5.248, 5.067, 4.741, 4.63, 4.804, 4.987, 5.118, 4.779, 4.27, 4.53, 4.992, 5.118, 4.914, 5.72, 6.903, 6.412, 4.846, 3.997, 4.341, 4.849, 4.794, 4.145, 3.863, 3.771, 3.701, 4.487, 5.638, 6.123, 6.351, 5.689, 5.177, 5.653, 5.9, 5.372, 4.237, 3.835, 3.383, 2.797, 2.214, 1.14, 0.0, 0.935, 1.778, 3.204, 3.814, 4.227, 4.189, 3.847, 3.293, 3.047, 2.575, 2.319, 2.472, 2.622, 2.795, 3.234, 3.474, 3.16, 2.174, 1.953, 3.686, 5.834, 6.378, 6.215, 6.409, 6.338, 5.64, 4.976, 4.828, 4.55, 3.079, 3.193, 3.463, 3.85, 3.731, 3.552], [2.843, 3.229, 3.764, 3.825, 3.384, 4.434, 5.097, 4.576, 4.483, 4.673, 4.852, 4.696, 4.338, 4.232, 4.4, 4.644, 4.801, 4.513, 4.05, 4.484, 4.943, 5.006, 4.601, 5.269, 6.507, 6.066, 4.5, 3.618, 3.924, 4.494, 4.407, 3.744, 3.402, 3.306, 3.289, 3.968, 5.177, 5.52, 5.982, 5.309, 4.775, 5.222, 5.469, 4.93, 3.862, 3.341, 2.842, 2.407, 1.862, 1.01, 0.935, 0.0, 1.279, 2.816, 3.455, 3.914, 3.874, 3.515, 2.881, 2.672, 2.305, 2.165, 2.401, 2.495, 2.557, 2.973, 3.218, 2.915, 2.087, 2.059, 4.053, 6.327, 6.842, 6.611, 6.846, 6.844, 6.165, 5.479, 5.136, 5.108, 3.231, 2.933, 2.992, 3.364, 3.241, 3.056], [2.564, 3.104, 3.618, 3.655, 3.112, 3.514, 4.081, 3.748, 3.705, 3.684, 3.795, 3.693, 3.527, 3.757, 3.865, 4.1, 4.445, 4.135, 3.88, 4.362, 4.827, 4.841, 4.223, 4.513, 5.489, 5.02, 3.608, 3.006, 3.303, 3.74, 3.619, 2.858, 2.542, 2.523, 2.286, 2.928, 3.967, 4.522, 4.838, 4.167, 3.652, 4.113, 4.375, 3.9, 2.822, 2.39, 2.115, 1.778, 1.486, 1.289, 1.778, 1.279, 0.0, 1.78, 2.439, 2.801, 2.708, 2.405, 1.857, 1.878, 1.758, 2.001, 2.251, 2.055, 1.957, 2.194, 2.427, 2.123, 1.615, 2.254, 4.562, 7.217, 7.73, 7.359, 7.711, 7.729, 7.105, 6.38, 5.957, 6.008, 3.952, 2.703, 2.482, 2.805, 2.805, 2.701], [2.766, 3.098, 3.543, 3.57, 2.969, 3.385, 3.643, 3.721, 3.839, 3.416, 3.31, 3.473, 3.576, 3.857, 3.864, 4.108, 4.497, 4.337, 4.235, 4.564, 5.017, 5.047, 4.37, 4.437, 5.041, 4.366, 3.283, 2.93, 3.081, 3.332, 3.083, 2.464, 2.233, 2.16, 1.631, 1.706, 2.882, 3.174, 3.389, 2.696, 2.174, 2.665, 2.952, 2.471, 1.831, 1.284, 1.309, 1.576, 2.158, 2.797, 3.204, 2.816, 1.78, 0.0, 0.855, 1.295, 1.335, 1.807, 1.597, 1.727, 2.066, 2.822, 3.216, 2.603, 1.998, 1.742, 1.678, 1.76, 2.128, 3.578, 5.972, 8.719, 9.217, 8.757, 9.129, 9.158, 8.528, 7.817, 7.443, 7.444, 5.369, 3.143, 2.224, 2.415, 2.403, 3.028], [2.977, 3.18, 3.526, 3.562, 2.938, 3.26, 3.523, 3.647, 3.738, 3.299, 3.142, 3.362, 3.527, 3.891, 3.893, 4.16, 4.572, 4.372, 4.289, 4.556, 4.926, 4.948, 4.347, 4.313, 4.796, 4.135, 3.19, 2.812, 2.928, 3.117, 2.839, 2.427, 2.26, 2.248, 1.724, 1.623, 2.495, 2.679, 2.751, 2.104, 1.617, 2.035, 2.345, 1.863, 1.594, 1.143, 1.647, 2.071, 2.763, 3.389, 3.814, 3.455, 2.439, 0.855, 0.0, 0.881, 1.168, 1.663, 1.604, 1.84, 2.525, 3.333, 3.729, 3.138, 2.51, 2.147, 1.937, 2.122, 2.629, 4.253, 6.681, 9.426, 9.863, 9.405, 9.779, 9.801, 9.183, 8.462, 8.147, 8.092, 6.015, 3.751, 2.777, 2.703, 2.77, 3.629], [3.087, 3.18, 3.485, 3.483, 2.826, 2.787, 3.044, 3.155, 3.284, 2.82, 2.692, 2.875, 3.007, 3.388, 3.516, 3.811, 4.173, 3.932, 3.88, 4.211, 4.509, 4.462, 3.907, 3.837, 4.45, 3.723, 2.743, 2.403, 2.535, 2.711, 2.547, 2.192, 2.26, 2.47, 1.93, 1.6, 2.336, 2.335, 2.364, 1.799, 1.242, 1.673, 2.073, 1.572, 1.395, 1.26, 1.845, 2.417, 3.123, 3.747, 4.227, 3.914, 2.801, 1.295, 0.881, 0.0, 0.809, 1.507, 1.639, 2.009, 2.636, 3.404, 3.798, 3.301, 2.704, 2.292, 1.994, 2.195, 2.909, 4.634, 7.069, 9.85, 10.287, 9.78, 10.158, 10.232, 9.575, 8.882, 8.627, 8.549, 6.411, 4.178, 3.206, 3.148, 3.2, 4.093], [2.928, 2.818, 3.137, 3.159, 2.547, 2.268, 2.577, 2.666, 2.758, 2.312, 2.223, 2.358, 2.543, 2.968, 3.056, 3.313, 3.749, 3.482, 3.403, 3.698, 3.997, 3.976, 3.379, 3.321, 3.881, 3.195, 2.153, 1.974, 2.096, 2.19, 2.02, 1.826, 1.984, 2.274, 1.888, 1.499, 2.125, 2.143, 2.28, 1.559, 1.198, 1.713, 1.902, 1.518, 1.186, 1.351, 1.949, 2.421, 3.006, 3.65, 4.189, 3.874, 2.708, 1.335, 1.168, 0.809, 0.0, 1.028, 1.372, 1.878, 2.574, 3.304, 3.701, 3.223, 2.674, 2.29, 2.032, 2.132, 2.965, 4.561, 6.933, 9.74, 10.213, 9.75, 10.139, 10.177, 9.541, 8.827, 8.535, 8.5, 6.403, 4.119, 3.173, 3.086, 3.136, 4.024], [2.567, 2.41, 2.73, 2.787, 2.244, 1.864, 2.266, 2.3, 2.292, 1.919, 1.843, 2.004, 2.254, 2.712, 2.662, 2.832, 3.372, 3.149, 3.069, 3.214, 3.535, 3.573, 2.986, 2.835, 3.496, 2.812, 1.85, 1.507, 1.668, 1.805, 1.73, 1.531, 1.641, 1.881, 1.694, 1.914, 2.21, 2.532, 2.666, 2.012, 1.767, 2.255, 2.345, 2.09, 1.193, 1.549, 2.043, 2.325, 2.75, 3.26, 3.847, 3.515, 2.405, 1.807, 1.663, 1.507, 1.028, 0.0, 1.078, 1.639, 2.229, 2.883, 3.281, 2.915, 2.431, 2.314, 2.119, 2.132, 2.694, 4.159, 6.51, 9.354, 9.78, 9.321, 9.706, 9.78, 9.121, 8.424, 8.155, 8.105, 5.972, 3.856, 3.143, 3.072, 3.238, 3.846], [2.338, 2.603, 2.897, 2.928, 2.314, 2.168, 2.515, 2.542, 2.508, 2.208, 2.234, 2.278, 2.34, 2.696, 2.78, 3.029, 3.384, 3.138, 3.088, 3.391, 3.697, 3.752, 3.184, 3.119, 3.89, 3.342, 2.081, 1.607, 1.763, 2.171, 2.061, 1.576, 1.73, 1.848, 1.604, 2.143, 2.775, 3.052, 3.215, 2.607, 2.165, 2.613, 2.854, 2.441, 1.527, 1.391, 1.861, 1.942, 2.319, 2.647, 3.293, 2.881, 1.857, 1.597, 1.604, 1.639, 1.372, 1.078, 0.0, 1.182, 1.747, 2.336, 2.684, 2.316, 1.987, 1.91, 1.74, 1.782, 2.437, 3.948, 6.217, 8.782, 9.246, 8.898, 9.226, 9.229, 8.614, 7.891, 7.615, 7.531, 5.45, 3.313, 2.8, 2.708, 2.826, 3.262], [2.655, 3.034, 3.342, 3.407, 2.774, 2.725, 3.222, 3.178, 3.117, 2.926, 2.873, 2.978, 2.947, 3.287, 3.252, 3.44, 3.798, 3.633, 3.586, 3.858, 4.242, 4.282, 3.719, 3.664, 4.114, 3.658, 2.6, 2.104, 2.169, 2.369, 2.106, 1.799, 2.148, 2.15, 1.971, 2.788, 3.311, 3.582, 3.663, 3.029, 2.572, 3.031, 3.313, 2.874, 2.071, 1.949, 2.037, 1.908, 2.098, 2.46, 3.047, 2.672, 1.878, 1.727, 1.84, 2.009, 1.878, 1.639, 1.182, 0.0, 1.062, 1.78, 2.22, 1.99, 1.606, 1.488, 1.332, 1.278, 2.189, 3.746, 5.982, 8.567, 8.878, 8.469, 8.76, 8.761, 8.173, 7.493, 7.443, 7.23, 5.035, 3.049, 2.401, 2.357, 2.379, 2.996], [2.307, 2.893, 3.203, 3.237, 2.584, 2.791, 3.294, 3.039, 3.015, 3.104, 3.172, 3.257, 2.885, 2.998, 3.018, 3.117, 3.471, 3.276, 3.225, 3.611, 4.153, 4.059, 3.565, 3.688, 4.621, 4.273, 2.914, 2.126, 2.293, 2.653, 2.54, 1.978, 2.089, 1.962, 2.332, 3.114, 4.187, 4.422, 4.465, 3.791, 3.333, 3.841, 4.187, 3.785, 2.681, 2.38, 2.248, 2.055, 1.84, 2.003, 2.575, 2.305, 1.758, 2.066, 2.525, 2.636, 2.574, 2.229, 1.747, 1.062, 0.0, 0.919, 1.395, 1.321, 1.185, 1.224, 1.286, 1.118, 1.652, 3.237, 5.371, 8.045, 8.227, 7.639, 7.915, 8.039, 7.45, 6.836, 6.979, 6.698, 4.338, 2.578, 2.371, 2.619, 2.573, 2.803], [2.583, 3.214, 3.467, 3.509, 2.791, 3.058, 3.515, 3.253, 3.225, 3.49, 3.585, 3.603, 3.164, 3.087, 3.077, 3.088, 3.373, 3.207, 3.198, 3.615, 4.144, 4.07, 3.715, 3.935, 5.158, 4.816, 3.391, 2.339, 2.629, 3.105, 3.053, 2.555, 2.512, 2.439, 2.983, 3.847, 4.84, 5.074, 5.068, 4.402, 3.975, 4.496, 4.846, 4.45, 3.381, 3.105, 2.784, 2.356, 1.955, 1.867, 2.319, 2.165, 2.001, 2.822, 3.333, 3.404, 3.304, 2.883, 2.336, 1.78, 0.919, 0.0, 0.798, 1.124, 1.37, 1.658, 1.811, 1.519, 1.615, 3.023, 5.084, 7.663, 7.83, 7.268, 7.472, 7.566, 6.988, 6.439, 6.64, 6.311, 3.946, 2.667, 2.897, 3.285, 3.316, 3.325], [2.999, 3.613, 3.694, 3.777, 3.177, 3.389, 3.695, 3.422, 3.511, 3.804, 3.935, 3.936, 3.552, 3.437, 3.406, 3.505, 3.607, 3.45, 3.418, 3.811, 4.282, 4.222, 4.088, 4.406, 5.599, 5.276, 3.894, 2.574, 2.988, 3.543, 3.439, 2.925, 2.791, 2.791, 3.332, 4.34, 5.324, 5.568, 5.509, 4.819, 4.407, 4.969, 5.216, 4.826, 3.756, 3.513, 3.164, 2.534, 2.003, 1.89, 2.472, 2.401, 2.251, 3.216, 3.729, 3.798, 3.701, 3.281, 2.684, 2.22, 1.395, 0.798, 0.0, 0.987, 1.456, 1.831, 2.053, 1.888, 1.679, 2.753, 4.896, 7.502, 7.695, 7.039, 7.184, 7.314, 6.771, 6.273, 6.478, 6.145, 3.673, 2.796, 3.265, 3.64, 3.684, 3.558], [3.013, 3.662, 3.873, 3.932, 3.391, 3.384, 3.432, 3.557, 3.731, 3.618, 3.752, 3.884, 3.735, 3.757, 3.674, 3.826, 3.981, 3.865, 3.688, 4.167, 4.537, 4.559, 4.289, 4.599, 5.496, 5.104, 3.905, 2.927, 3.26, 3.759, 3.51, 2.965, 2.602, 2.671, 2.888, 3.802, 4.871, 5.142, 5.185, 4.523, 4.064, 4.571, 4.827, 4.448, 3.318, 3.007, 2.61, 2.308, 2.01, 2.02, 2.622, 2.495, 2.055, 2.603, 3.138, 3.301, 3.223, 2.915, 2.316, 1.99, 1.321, 1.124, 0.987, 0.0, 0.87, 1.311, 1.551, 1.417, 1.512, 2.748, 5.06, 7.755, 7.947, 7.362, 7.464, 7.571, 7.061, 6.531, 6.678, 6.404, 3.923, 2.134, 2.69, 3.057, 3.078, 3.057], [3.054, 3.623, 3.893, 3.956, 3.348, 3.105, 3.29, 3.435, 3.665, 3.336, 3.355, 3.587, 3.588, 3.754, 3.632, 3.817, 4.026, 3.936, 3.818, 4.128, 4.532, 4.626, 4.284, 4.399, 5.163, 4.679, 3.662, 2.9, 3.082, 3.438, 3.175, 2.749, 2.513, 2.544, 2.435, 3.353, 4.39, 4.585, 4.665, 3.991, 3.522, 4.023, 4.254, 3.781, 2.684, 2.365, 2.039, 1.887, 1.868, 2.201, 2.795, 2.557, 1.957, 1.998, 2.51, 2.704, 2.674, 2.431, 1.987, 1.606, 1.185, 1.37, 1.456, 0.87, 0.0, 0.736, 0.998, 0.921, 1.542, 3.097, 5.498, 8.22, 8.509, 7.867, 8.062, 8.189, 7.599, 7.012, 7.08, 6.877, 4.473, 2.331, 2.377, 2.692, 2.671, 3.152], [3.079, 3.632, 3.928, 3.97, 3.36, 3.1, 3.229, 3.407, 3.584, 3.31, 3.303, 3.598, 3.575, 3.793, 3.681, 3.798, 4.047, 3.916, 3.839, 4.091, 4.434, 4.595, 4.279, 4.286, 4.936, 4.433, 3.387, 2.807, 2.987, 3.245, 2.975, 2.583, 2.528, 2.513, 2.411, 2.98, 4.082, 4.132, 4.178, 3.53, 3.081, 3.581, 3.802, 3.314, 2.399, 2.063, 2.009, 2.016, 2.117, 2.656, 3.234, 2.973, 2.194, 1.742, 2.147, 2.292, 2.29, 2.314, 1.91, 1.488, 1.224, 1.658, 1.831, 1.311, 0.736, 0.0, 0.764, 0.814, 1.948, 3.567, 5.976, 8.712, 8.99, 8.388, 8.569, 8.669, 8.079, 7.499, 7.552, 7.364, 4.947, 2.751, 2.438, 2.587, 2.538, 3.143], [2.962, 3.511, 3.729, 3.764, 3.172, 2.891, 3.016, 3.2, 3.371, 3.058, 2.978, 3.322, 3.336, 3.623, 3.514, 3.751, 4.047, 3.832, 3.768, 4.092, 4.429, 4.443, 4.167, 4.1, 4.719, 4.198, 3.226, 2.545, 2.721, 2.966, 2.639, 2.28, 2.281, 2.375, 2.124, 2.749, 3.708, 3.77, 3.794, 3.105, 2.647, 3.167, 3.426, 3.046, 2.143, 1.933, 1.908, 2.028, 2.314, 2.899, 3.474, 3.218, 2.427, 1.678, 1.937, 1.994, 2.032, 2.119, 1.74, 1.332, 1.286, 1.811, 2.053, 1.551, 0.998, 0.764, 0.0, 0.691, 1.996, 3.739, 6.154, 8.957, 9.174, 8.531, 8.763, 8.889, 8.304, 7.742, 7.823, 7.608, 5.201, 2.974, 2.518, 2.598, 2.66, 3.41], [2.941, 3.501, 3.765, 3.81, 3.191, 2.932, 3.136, 3.