[[0.0, 1.077, 1.801, 1.892, 2.385, 2.485, 2.914, 3.185, 3.014, 3.064, 3.445, 4.207, 4.573, 4.539, 3.946, 3.01, 2.351, 2.164, 2.255, 2.608, 2.688, 2.496, 2.624, 3.003, 3.816, 4.595, 7.555, 9.719, 7.709, 6.339, 5.708, 4.148, 3.406, 3.88, 4.156, 4.082, 4.046, 4.446, 4.205, 4.063, 3.536, 3.364, 3.351, 3.602, 4.072, 3.779, 3.991, 4.091, 4.36, 7.781, 11.265, 12.182, 11.762, 11.24, 11.165, 11.082, 11.161, 11.381, 12.333, 13.538, 14.286, 14.773, 15.343, 15.247, 15.737, 15.765, 15.737, 15.754, 16.052, 15.96, 15.69, 15.247, 15.343, 15.945, 15.823, 15.702, 15.223, 14.783, 14.041, 13.065, 12.823, 12.726, 11.837, 8.47, 4.811, 3.262], [1.077, 0.0, 0.936, 1.215, 1.827, 1.844, 2.157, 2.444, 2.29, 2.312, 2.779, 3.444, 3.819, 3.768, 3.179, 2.289, 1.87, 2.031, 1.866, 2.029, 2.064, 1.797, 1.918, 2.249, 3.076, 3.822, 6.794, 8.768, 6.924, 5.582, 4.863, 3.454, 2.952, 3.23, 3.386, 3.391, 3.618, 3.946, 3.976, 3.907, 3.463, 3.364, 3.42, 3.565, 4.12, 3.984, 4.27, 4.307, 4.8, 8.717, 12.184, 13.147, 12.537, 12.052, 11.95, 11.86, 11.946, 12.224, 13.215, 14.429, 15.143, 15.686, 16.202, 16.233, 16.505, 16.505, 16.589, 16.617, 16.926, 16.867, 16.64, 16.195, 16.303, 16.877, 16.732, 16.513, 16.018, 15.561, 14.819, 13.963, 13.765, 13.626, 12.6, 9.421, 5.749, 3.852], [1.801, 0.936, 0.0, 0.831, 1.409, 1.483, 1.649, 1.908, 1.86, 1.969, 2.484, 2.876, 3.229, 3.134, 2.587, 1.998, 1.788, 2.384, 2.112, 1.672, 1.639, 1.494, 1.556, 1.767, 2.414, 3.169, 6.103, 8.058, 6.272, 4.923, 4.185, 2.88, 2.375, 2.573, 2.779, 2.795, 3.176, 3.462, 3.653, 3.663, 3.292, 3.255, 3.333, 3.451, 3.981, 3.982, 4.246, 4.359, 5.107, 9.4, 12.844, 13.812, 13.152, 12.698, 12.569, 12.493, 12.603, 12.873, 13.872, 15.078, 15.829, 16.353, 16.818, 16.875, 17.145, 17.184, 17.24, 17.277, 17.569, 17.506, 17.313, 16.873, 16.972, 17.551, 17.438, 17.209, 16.69, 16.228, 15.503, 14.668, 14.47, 14.291, 13.269, 10.084, 6.42, 4.384], [1.892, 1.215, 0.831, 0.0, 0.985, 1.159, 1.287, 1.647, 1.575, 1.67, 2.24, 2.642, 2.97, 2.846, 2.226, 1.788, 1.648, 2.112, 1.94, 1.463, 1.284, 1.521, 1.453, 1.43, 2.195, 2.794, 5.819, 7.961, 5.952, 4.571, 3.921, 2.407, 2.064, 2.514, 2.862, 2.906, 3.34, 3.705, 3.905, 3.936, 3.527, 3.407, 3.566, 3.713, 4.186, 4.254, 4.464, 4.578, 5.582, 9.504, 12.965, 13.924, 13.473, 12.987, 12.881, 12.8, 12.885, 13.112, 14.075, 15.272, 15.995, 16.504, 17.082, 17.045, 17.487, 17.524, 17.497, 17.565, 17.803, 17.711, 17.449, 17.028, 17.138, 17.703, 17.585, 17.466, 17.018, 16.585, 15.84, 14.863, 14.612, 14.511, 13.581, 10.109, 6.433, 4.361], [2.385, 1.827, 1.409, 0.985, 0.0, 0.544, 0.922, 1.143, 1.097, 1.289, 1.599, 2.146, 2.503, 2.332, 1.763, 1.419, 1.164, 1.788, 1.633, 1.114, 0.976, 1.226, 1.143, 1.281, 2.001, 2.323, 5.428, 7.647, 5.612, 4.142, 3.576, 2.175, 2.348, 2.936, 3.211, 3.435, 3.798, 4.27, 4.444, 4.417, 3.985, 3.861, 3.998, 4.204, 4.633, 4.714, 4.836, 4.974, 5.99, 9.989, 13.41, 14.372, 13.973, 13.457, 13.357, 13.281, 13.368, 13.594, 14.542, 15.722, 16.452, 16.945, 17.522, 17.488, 17.973, 18.028, 18.001, 18.039, 18.282, 18.157, 17.882, 17.461, 17.529, 18.136, 18.028, 17.93, 17.508, 17.08, 16.335, 15.349, 15.09, 14.988, 14.086, 10.539, 6.738, 4.653], [2.485, 1.844, 1.483, 1.159, 0.544, 0.0, 0.808, 1.052, 0.935, 1.153, 1.461, 1.964, 2.27, 2.182, 1.619, 1.351, 1.227, 1.934, 1.728, 1.169, 1.035, 1.198, 1.235, 1.32, 1.976, 2.237, 5.313, 7.504, 5.474, 4.027, 3.502, 2.144, 2.45, 3.051, 3.288, 3.583, 3.968, 4.436, 4.618, 4.58, 4.168, 4.054, 4.193, 4.368, 4.806, 4.87, 5.003, 5.13, 6.16, 10.169, 13.597, 14.58, 14.177, 13.679, 13.589, 13.513, 13.597, 13.833, 14.766, 15.934, 16.664, 17.165, 17.756, 17.642, 18.129, 18.186, 18.159, 18.15, 18.458, 18.382, 18.107, 17.69, 17.745, 18.371, 18.252, 18.116, 17.622, 17.198, 16.454, 15.463, 15.233, 15.133, 14.26, 10.811, 6.925, 4.792], [2.914, 2.157, 1.649, 1.287, 0.922, 0.808, 0.0, 0.8, 0.901, 1.07, 1.351, 1.647, 1.857, 1.801, 1.424, 1.361, 1.445, 2.214, 1.918, 1.424, 1.136, 1.177, 1.305, 1.196, 1.844, 1.892, 4.962, 7.218, 5.169, 3.687, 3.095, 1.976, 2.349, 3.01, 3.231, 3.547, 4.0, 4.414, 4.63, 4.616, 4.243, 4.122, 4.269, 4.454, 4.909, 4.951, 5.09, 5.228, 6.366, 10.533, 13.963, 14.905, 14.539, 14.016, 13.93, 13.854, 13.927, 14.17, 15.032, 16.246, 16.936, 17.455, 18.025, 17.972, 18.538, 18.605, 18.582, 18.543, 18.78, 18.706, 18.437, 18.003, 18.087, 18.715, 18.596, 18.432, 18.021, 17.601, 16.871, 15.863, 15.607, 15.528, 14.688, 11.099, 7.19, 5.08], [3.185, 2.444, 1.908, 1.647, 1.143, 1.052, 0.8, 0.0, 0.671, 1.289, 1.395, 1.675, 1.791, 1.801, 1.622, 1.614, 1.533, 2.417, 2.011, 1.563, 1.447, 1.514, 1.47, 1.509, 1.968, 2.081, 5.035, 7.298, 5.258, 3.788, 3.213, 2.071, 2.487, 3.065, 3.224, 3.551, 3.992, 4.424, 4.637, 4.641, 4.294, 4.168, 4.323, 4.496, 4.921, 4.991, 5.102, 5.224, 6.613, 10.751, 14.1, 15.07, 14.706, 14.192, 14.064, 13.989, 14.072, 14.334, 15.177, 16.377, 17.072, 17.591, 18.152, 18.128, 18.698, 18.752, 18.726, 18.692, 18.931, 18.846, 18.578, 18.14, 18.22, 18.846, 18.721, 18.569, 18.196, 17.79, 17.064, 16.035, 15.745, 15.711, 14.88, 11.196, 7.233, 5.082], [3.014, 2.29, 1.86, 1.575, 1.097, 0.935, 0.901, 0.671, 0.0, 0.931, 1.12, 1.681, 1.975, 1.903, 1.563, 1.527, 1.338, 2.162, 1.859, 1.428, 1.394, 1.355, 1.354, 1.567, 2.2, 2.222, 5.172, 7.444, 5.397, 3.897, 3.435, 2.226, 2.679, 3.284, 3.419, 3.79, 4.223, 4.668, 4.88, 4.799, 4.417, 4.283, 4.426, 4.604, 5.067, 5.096, 5.215, 5.329, 6.439, 10.55, 13.907, 14.868, 14.492, 13.989, 13.862, 13.785, 13.879, 14.131, 14.978, 16.167, 16.862, 17.38, 17.941, 17.926, 18.495, 18.561, 18.534, 18.533, 18.772, 18.636, 18.365, 17.933, 18.01, 18.638, 18.513, 18.39, 18.026, 17.62, 16.876, 15.866, 15.585, 15.527, 14.693, 10.983, 6.998, 4.86], [3.064, 2.312, 1.969, 1.67, 1.289, 1.153, 1.07, 1.289, 0.931, 0.0, 0.812, 1.355, 1.707, 1.673, 1.167, 1.088, 1.4, 2.184, 2.049, 1.531, 1.36, 1.213, 1.402, 1.69, 2.188, 2.096, 4.816, 7.069, 5.015, 3.529, 3.069, 2.062, 2.733, 3.343, 3.532, 3.897, 4.349, 4.768, 4.996, 4.919, 4.524, 4.381, 4.484, 4.642, 5.154, 5.107, 5.299, 5.352, 6.519, 10.613, 14.035, 14.979, 14.624, 14.104, 14.03, 13.953, 14.03, 14.254, 15.14, 16.336, 17.031, 17.552, 18.118, 18.065, 18.622, 18.689, 18.671, 18.688, 18.922, 18.806, 18.535, 18.1, 18.193, 18.815, 18.701, 18.593, 18.163, 17.744, 17.0, 16.012, 15.755, 15.659, 14.802, 11.185, 7.256, 5.119], [3.445, 2.779, 2.484, 2.24, 1.599, 1.461, 1.351, 1.395, 1.12, 0.812, 0.0, 0.942, 1.335, 1.258, 1.002, 1.105, 1.593, 2.512, 2.341, 2.006, 1.765, 1.56, 1.845, 2.076, 2.347, 2.298, 4.465, 6.744, 4.692, 3.246, 2.827, 2.428, 3.097, 3.666, 3.822, 4.197, 4.569, 5.049, 5.249, 5.172, 4.695, 4.545, 4.614, 4.799, 5.288, 5.233, 5.422, 5.463, 6.764, 10.962, 14.407, 15.351, 14.995, 14.512, 14.409, 14.334, 14.408, 14.632, 15.505, 16.713, 17.404, 17.926, 18.489, 18.468, 19.01, 19.075, 19.044, 19.097, 19.331, 19.178, 18.913, 18.497, 18.608, 19.195, 19.117, 19.008, 18.573, 18.136, 17.393, 16.421, 16.167, 16.067, 15.162, 11.554, 7.67, 5.536], [4.207, 3.444, 2.876, 2.642, 2.146, 1.964, 1.647, 1.675, 1.681, 1.355, 0.942, 0.0, 0.766, 0.718, 0.885, 1.54, 2.271, 3.267, 3.082, 2.554, 2.205, 2.068, 2.236, 2.254, 2.185, 2.083, 3.664, 5.925, 3.93, 2.556, 2.11, 2.365, 3.118, 3.67, 3.839, 4.26, 4.703, 5.099, 5.303, 5.316, 4.901, 4.74, 4.811, 4.97, 5.509, 5.526, 5.717, 5.832, 7.542, 11.694, 15.222, 16.098, 15.799, 15.347, 15.242, 15.118, 15.213, 15.439, 16.263, 17.472, 18.153, 18.754, 19.251, 19.281, 19.826, 19.893, 19.854, 19.917, 20.156, 19.981, 19.672, 19.332, 19.447, 19.997, 19.958, 19.849, 19.396, 18.966, 18.222, 17.25, 16.997, 16.894, 15.981, 12.375, 8.495, 6.323], [4.573, 3.819, 3.229, 2.97, 2.503, 2.27, 1.857, 1.791, 1.975, 1.707, 1.335, 0.766, 0.0, 0.628, 1.061, 1.947, 2.687, 3.711, 3.485, 2.991, 2.605, 2.412, 2.542, 2.536, 2.407, 2.048, 3.458, 5.686, 3.631, 2.37, 1.884, 2.409, 3.256, 3.855, 4.013, 4.428, 4.921, 5.291, 5.548, 5.517, 5.141, 5.065, 5.136, 5.292, 5.823, 5.861, 6.056, 6.239, 8.007, 12.198, 15.64, 16.584, 16.243, 15.71, 15.628, 15.557, 15.628, 15.859, 16.723, 17.928, 18.618, 19.146, 19.683, 19.644, 20.222, 20.298, 20.279, 20.234, 20.468, 20.396, 20.133, 19.702, 19.784, 20.414, 20.303, 20.131, 19.716, 19.291, 18.562, 17.561, 17.306, 17.226, 16.399, 12.699, 8.74, 6.538], [4.539, 3.768, 3.134, 2.846, 2.332, 2.182, 1.801, 1.801, 1.903, 1.673, 1.258, 0.718, 0.628, 0.0, 0.856, 1.797, 2.598, 3.618, 3.403, 2.856, 2.426, 2.328, 2.477, 2.334, 2.327, 2.042, 3.406, 5.652, 3.638, 2.372, 2.021, 2.344, 3.187, 3.734, 3.936, 4.341, 4.799, 5.168, 5.409, 5.455, 5.061, 4.939, 5.046, 5.24, 5.752, 5.833, 5.982, 6.181, 7.896, 12.098, 15.565, 16.483, 16.145, 15.672, 15.55, 15.458, 15.532, 15.764, 16.62, 17.829, 18.516, 19.064, 19.582, 19.627, 20.169, 20.234, 20.194, 20.258, 20.494, 20.294, 20.031, 19.64, 19.753, 20.316, 20.263, 20.155, 19.736, 19.312, 18.568, 17.588, 17.336, 17.234, 16.325, 12.646, 8.765, 6.564], [3.946, 3.179, 2.587, 2.226, 1.763, 1.619, 1.424, 1.622, 1.563, 1.167, 1.002, 0.885, 1.061, 0.856, 0.0, 1.274, 2.174, 3.143, 2.988, 2.335, 1.905, 1.921, 2.068, 2.004, 2.103, 1.983, 3.804, 6.055, 4.007, 2.544, 2.253, 1.978, 2.747, 3.297, 3.508, 3.892, 4.352, 4.751, 5.003, 5.024, 4.651, 4.541, 4.676, 4.854, 5.344, 5.441, 5.604, 5.743, 7.297, 11.539, 14.987, 15.925, 15.575, 15.092, 14.998, 14.924, 14.999, 15.219, 16.114, 17.3, 18.006, 18.518, 19.089, 19.044, 19.581, 19.644, 19.626, 19.668, 19.903, 19.762, 19.498, 19.076, 19.192, 19.785, 19.702, 19.592, 19.145, 18.715, 17.97, 16.998, 16.745, 16.641, 15.727, 12.106, 8.24, 6.104], [3.01, 2.289, 1.998, 1.788, 1.419, 1.351, 1.361, 1.614, 1.527, 1.088, 1.105, 1.54, 1.947, 1.797, 1.274, 0.0, 1.147, 2.175, 2.059, 1.593, 1.363, 1.329, 1.631, 1.929, 2.279, 2.215, 4.721, 6.927, 4.957, 3.482, 2.94, 2.139, 2.642, 3.275, 3.481, 3.823, 4.223, 4.641, 4.807, 4.769, 4.361, 4.142, 4.173, 4.345, 4.863, 4.876, 5.11, 5.112, 6.313, 10.516, 14.019, 14.927, 14.562, 14.118, 14.002, 13.873, 13.97, 14.21, 15.06, 16.241, 16.963, 17.548, 18.066, 18.131, 18.613, 18.667, 18.64, 18.69, 18.929, 18.767, 18.482, 18.133, 18.284, 18.817, 18.725, 18.607, 18.167, 17.732, 16.988, 16.03, 15.779, 15.659, 14.729, 11.173, 7.473, 5.369], [2.351, 1.87, 1.788, 1.648, 1.164, 1.227, 1.445, 1.533, 1.338, 1.4, 1.593, 2.271, 2.687, 2.598, 2.174, 1.147, 0.0, 1.26, 1.181, 1.074, 1.176, 1.017, 1.34, 1.617, 2.273, 2.635, 5.707, 7.927, 5.949, 4.444, 3.852, 2.583, 2.883, 3.471, 3.551, 3.856, 4.197, 4.629, 4.755, 4.701, 4.213, 3.988, 4.001, 4.196, 4.667, 4.614, 4.796, 4.838, 5.708, 9.691, 13.143, 14.036, 13.711, 13.25, 13.122, 12.997, 13.089, 13.331, 14.141, 15.364, 16.046, 16.646, 17.14, 17.217, 17.752, 17.804, 17.754, 17.827, 18.067, 17.882, 17.576, 17.221, 17.371, 17.903, 17.82, 17.718, 17.311, 16.906, 16.161, 15.151, 14.883, 14.813, 13.897, 10.203, 6.554, 4.575], [2.164, 2.031, 2.384, 2.112, 1.788, 1.934, 2.214, 2.417, 2.162, 2.184, 2.512, 3.267, 3.711, 3.618, 3.143, 2.175, 1.26, 0.0, 0.763, 1.221, 1.593, 1.649, 1.695, 2.127, 3.015, 3.546, 6.756, 9.037, 7.048, 5.488, 4.955, 3.502, 3.747, 4.324, 4.384, 4.531, 4.705, 4.985, 5.048, 5.002, 4.508, 4.36, 4.462, 4.56, 4.857, 4.658, 4.873, 4.951, 5.153, 8.786, 12.171, 13.075, 12.725, 12.272, 12.105, 11.971, 12.074, 12.343, 13.14, 14.379, 15.063, 15.649, 16.188, 16.257, 16.778, 16.792, 16.741, 16.819, 17.068, 16.874, 16.553, 16.192, 16.299, 16.842, 16.786, 16.697, 16.321, 15.919, 15.174, 14.159, 13.87, 13.82, 12.895, 9.246, 5.959, 4.108], [2.255, 1.866, 2.112, 1.94, 1.633, 1.728, 1.918, 2.011, 1.859, 2.049, 2.341, 3.082, 3.485, 3.403, 2.988, 2.059, 1.181, 0.763, 0.0, 1.051, 1.407, 1.46, 1.493, 1.798, 2.719, 3.369, 6.599, 8.881, 6.895, 5.332, 4.765, 3.435, 3.551, 4.123, 4.128, 4.28, 4.476, 4.769, 4.803, 4.737, 4.317, 4.167, 4.291, 4.329, 4.663, 4.52, 4.702, 4.748, 5.295, 9.05, 12.504, 13.373, 13.04, 12.581, 12.422, 12.293, 12.411, 12.661, 13.46, 14.671, 15.353, 15.948, 16.439, 16.557, 17.089, 17.135, 17.085, 17.158, 17.399, 17.179, 16.86, 16.51, 16.617, 17.163, 17.107, 17.011, 16.641, 16.235, 15.494, 14.479, 14.211, 14.14, 13.219, 9.591, 6.279, 4.438], [2.608, 2.029, 1.672, 1.463, 1.114, 1.169, 1.424, 1.563, 1.428, 1.531, 2.006, 2.554, 2.991, 2.856, 2.335, 1.593, 1.074, 1.221, 1.051, 0.0, 0.792, 1.38, 1.313, 1.584, 2.243, 2.75, 5.965, 8.207, 6.237, 4.702, 4.145, 2.689, 2.911, 3.464, 3.463, 3.712, 3.963, 4.25, 4.358, 4.35, 3.871, 3.771, 3.954, 3.997, 4.307, 4.344, 4.444, 4.567, 5.591, 9.515, 12.94, 13.843, 13.504, 13.058, 12.884, 12.755, 12.867, 13.136, 13.94, 15.134, 15.83, 16.414, 16.96, 17.027, 17.553, 17.592, 17.541, 17.615, 17.857, 17.651, 17.332, 16.981, 17.107, 17.638, 17.579, 17.486, 17.118, 16.712, 15.968, 14.956, 14.667, 14.617, 13.693, 10.082, 6.787, 4.884], [2.688, 2.064, 1.639, 1.284, 0.976, 1.035, 1.136, 1.447, 1.394, 1.36, 1.765, 2.205, 2.605, 2.426, 1.905, 1.363, 1.176, 1.593, 1.407, 0.792, 0.0, 1.174, 1.152, 1.229, 1.918, 2.313, 5.408, 7.609, 5.691, 4.204, 3.608, 2.47, 2.673, 3.197, 3.285, 3.498, 3.795, 4.185, 4.331, 4.358, 3.95, 3.815, 3.895, 4.026, 4.508, 4.581, 4.77, 4.901, 5.965, 9.926, 13.427, 14.297, 13.901, 13.437, 13.287, 13.158, 13.273, 13.522, 14.415, 15.583, 16.331, 16.917, 17.418, 17.485, 17.95, 17.996, 17.945, 18.023, 18.264, 18.086, 17.786, 17.433, 17.517, 18.041, 17.991, 17.888, 17.495, 17.09, 16.345, 15.335, 15.069, 14.995, 14.07, 10.554, 6.976, 5.03], [2.496, 1.797, 1.494, 1.521, 1.226, 1.198, 1.177, 1.514, 1.355, 1.213, 1.56, 2.068, 2.412, 2.328, 1.921, 1.329, 1.017, 1.649, 1.46, 1.38, 1.174, 0.0, 0.806, 1.317, 2.014, 2.387, 5.435, 7.662, 5.717, 4.235, 3.585, 2.526, 2.836, 3.426, 3.518, 3.708, 4.13, 4.54, 4.694, 4.663, 4.261, 4.176, 4.249, 4.401, 4.919, 4.881, 5.136, 5.151, 5.975, 10.015, 13.436, 14.362, 13.897, 13.411, 13.267, 13.217, 13.332, 13.572, 14.447, 15.668, 16.389, 16.91, 17.42, 17.389, 17.956, 17.995, 17.943, 18.019, 18.265, 18.092, 17.888, 17.433, 17.526, 18.107, 18.054, 17.945, 17.505, 17.095, 16.33, 15.396, 15.127, 15.007, 14.092, 10.527, 6.763, 4.718], [2.624, 1.918, 1.556, 1.453, 1.143, 1.235, 1.305, 1.47, 1.354, 1.402, 1.845, 2.236, 2.542, 2.477, 2.068, 1.631, 1.34, 1.695, 1.493, 1.313, 1.152, 0.806, 0.0, 1.326, 2.156, 2.478, 5.591, 7.818, 5.877, 4.391, 3.72, 2.632, 2.869, 3.416, 3.482, 3.731, 4.211, 4.599, 4.813, 4.771, 4.4, 4.305, 4.383, 4.558, 5.092, 5.117, 5.339, 5.433, 6.231, 10.168, 13.462, 14.418, 13.931, 13.457, 13.256, 13.204, 13.342, 13.603, 14.459, 15.654, 16.366, 16.89, 17.426, 17.438, 18.0, 17.995, 17.937, 18.023, 18.274, 18.061, 17.853, 17.393, 17.483, 18.056, 18.003, 17.905, 17.549, 17.149, 16.384, 15.435, 15.141, 15.056, 14.132, 10.397, 6.561, 4.491], [3.003, 2.249, 1.767, 1.43, 1.281, 1.32, 1.196, 1.509, 1.567, 1.69, 2.076, 2.254, 2.536, 2.334, 2.004, 1.929, 1.617, 2.127, 1.798, 1.584, 1.229, 1.317, 1.326, 0.0, 1.292, 1.893, 4.967, 7.232, 5.245, 3.705, 3.153, 2.139, 2.761, 3.145, 3.255, 3.376, 3.801, 4.1, 4.385, 4.591, 4.331, 4.122, 4.253, 4.481, 5.015, 5.119, 5.306, 5.434, 6.519, 10.418, 13.914, 14.779, 14.444, 13.983, 13.849, 13.72, 13.823, 14.07, 14.889, 16.121, 16.811, 17.383, 17.859, 17.962, 18.494, 18.543, 18.498, 18.567, 18.81, 18.61, 18.298, 17.942, 18.056, 18.605, 18.561, 18.454, 18.042, 17.627, 16.883, 15.89, 15.637, 15.54, 14.611, 10.904, 7.07, 5.08], [3.816, 3.076, 2.414, 2.195, 2.001, 1.976, 1.844, 1.968, 2.2, 2.188, 2.347, 2.185, 2.407, 2.327, 2.103, 2.279, 2.273, 3.015, 2.719, 2.243, 1.918, 2.014, 2.156, 1.292, 0.0, 1.296, 4.177, 6.43, 4.427, 2.911, 2.548, 2.215, 2.818, 3.089, 3.297, 3.342, 3.703, 4.012, 4.308, 4.524, 4.335, 4.159, 4.184, 4.46, 4.989, 5.079, 5.281, 5.439, 7.016, 11.152, 14.689, 15.596, 15.244, 14.82, 14.7, 14.571, 14.669, 14.911, 15.773, 16.945, 17.67, 18.257, 18.777, 18.787, 19.256, 19.318, 19.272, 19.342, 19.629, 19.452, 19.138, 18.811, 18.917, 19.455, 19.405, 19.301, 18.816, 18.384, 17.641, 16.663, 16.419, 16.321, 15.364, 11.807, 7.935, 5.953], [4.595, 3.822, 3.169, 2.794, 2.323, 2.237, 1.892, 2.081, 2.222, 2.096, 2.298, 2.083, 2.048, 2.042, 1.983, 2.215, 2.635, 3.546, 3.369, 2.75, 2.313, 2.387, 2.478, 1.893, 1.296, 0.0, 3.308, 5.623, 3.615, 2.095, 1.959, 2.124, 3.213, 3.704, 3.976, 4.247, 4.725, 5.091, 5.419, 5.663, 5.471, 5.306, 5.305, 5.591, 6.137, 6.215, 6.42, 6.567, 8.031, 12.113, 15.616, 16.499, 16.17, 15.714, 15.576, 15.446, 15.549, 15.802, 16.605, 17.82, 18.502, 19.103, 19.615, 19.687, 20.22, 20.273, 20.224, 20.297, 20.535, 20.338, 20.02, 19.672, 19.782, 20.329, 20.276, 20.176, 19.772, 19.355, 18.61, 17.615, 17.352, 17.261, 16.327, 12.61, 8.499, 6.289], [7.555, 6.794, 6.103, 5.819, 5.428, 5.313, 4.962, 5.035, 5.172, 4.816, 4.465, 3.664, 3.458, 3.406, 3.804, 4.721, 5.707, 6.756, 6.599, 5.965, 5.408, 5.435, 5.591, 4.967, 4.177, 3.308, 0.0, 2.772, 1.638, 1.634, 2.503, 3.993, 5.154, 5.579, 5.853, 6.077, 6.592, 6.994, 7.211, 7.516, 7.384, 7.319, 7.28, 7.559, 8.171, 8.163, 8.477, 8.794, 10.788, 15.036, 18.622, 19.491, 19.13, 18.699, 18.592, 18.467, 18.566, 18.79, 19.643, 20.847, 21.576, 22.176, 22.634, 22.638, 23.155, 23.221, 23.18, 23.245, 23.508, 23.335, 23.072, 22.688, 22.797, 23.348, 23.34, 23.216, 22.722, 22.273, 21.536, 20.598, 20.338, 20.224, 19.259, 15.786, 11.727, 9.532], [9.719, 8.768, 8.058, 7.961, 7.647, 7.504, 7.218, 7.298, 7.444, 7.069, 6.744, 5.925, 5.686, 5.652, 6.055, 6.927, 7.927, 9.037, 8.881, 8.207, 7.609, 7.662, 7.818, 7.232, 6.43, 5.623, 2.772, 0.0, 2.228, 3.919, 4.156, 5.852, 6.613, 6.223, 6.287, 6.563, 7.133, 7.32, 7.524, 7.527, 7.761, 7.922, 7.7, 7.92, 8.518, 8.946, 9.393, 9.807, 12.614, 17.14, 20.695, 21.603, 21.059, 20.634, 20.524, 20.416, 20.543, 20.775, 21.773, 22.952, 23.668, 24.273, 24.673, 24.719, 25.028, 25.099, 25.165, 25.188, 25.458, 25.402, 25.189, 24.819, 24.937, 25.467, 25.445, 25.212, 24.658, 24.155, 23.426, 22.643, 22.435, 22.274, 21.248, 18.0, 14.012, 11.817], [7.709, 6.924, 6.272, 5.952, 5.612, 5.474, 5.169, 5.258, 5.397, 5.015, 4.692, 3.93, 3.631, 3.638, 4.007, 4.957, 5.949, 7.048, 6.895, 6.237, 5.691, 5.717, 5.877, 5.245, 4.427, 3.615, 1.638, 2.228, 0.0, 2.094, 2.573, 3.867, 4.674, 4.9, 5.092, 5.357, 5.896, 6.17, 6.509, 6.652, 6.496, 6.518, 6.445, 6.717, 7.316, 7.524, 7.832, 8.211, 10.856, 15.223, 18.719, 19.687, 19.324, 18.854, 18.761, 18.697, 18.765, 18.973, 19.917, 21.067, 21.784, 22.305, 22.875, 22.811, 23.276, 23.351, 23.338, 23.367, 23.648, 23.512, 23.266, 22.869, 23.004, 23.585, 23.486, 23.376, 22.865, 22.414, 21.677, 20.724, 20.487, 20.389, 19.438, 15.945, 11.943, 9.748], [6.339, 5.582, 4.923, 4.571, 4.142, 4.027, 3.687, 3.788, 3.897, 3.529, 3.246, 2.556, 2.37, 2.372, 2.544, 3.482, 4.444, 5.488, 5.332, 4.702, 4.204, 4.235, 4.391, 3.705, 2.911, 2.095, 1.634, 3.919, 2.094, 0.0, 1.629, 2.838, 4.054, 4.42, 4.672, 4.91, 5.415, 5.801, 5.986, 6.296, 6.19, 6.081, 6.082, 6.36, 6.954, 6.961, 7.211, 7.507, 9.581, 13.802, 17.363, 18.258, 17.938, 17.507, 17.402, 17.28, 17.373, 17.594, 18.466, 19.63, 20.35, 20.936, 21.443, 21.449, 21.967, 22.036, 21.998, 22.058, 22.313, 22.139, 21.831, 21.5, 21.607, 22.161, 22.127, 22.016, 21.543, 21.092, 20.355, 19.398, 19.144, 19.043, 18.078, 14.523, 10.434, 8.269], [5.708, 4.863, 4.185, 3.921, 3.576, 3.502, 3.095, 3.213, 3.435, 3.069, 2.827, 2.11, 1.884, 2.021, 2.253, 2.94, 3.852, 4.955, 4.765, 4.145, 3.608, 3.585, 3.72, 3.153, 2.548, 1.959, 2.503, 4.156, 2.573, 1.629, 0.0, 1.923, 3.21, 3.476, 3.682, 3.917, 4.431, 4.842, 5.008, 5.275, 5.218, 5.272, 5.231, 5.472, 6.151, 6.083, 6.508, 6.897, 8.956, 13.26, 16.737, 17.665, 17.225, 16.76, 16.657, 16.576, 16.649, 16.867, 17.758, 18.975, 19.679, 20.238, 20.725, 20.767, 21.246, 21.313, 21.33, 21.337, 21.571, 21.451, 21.253, 20.816, 20.971, 21.531, 21.426, 21.265, 20.817, 20.367, 19.629, 18.726, 18.469, 18.326, 17.363, 13.857, 9.857, 7.684], [4.148, 3.454, 2.88, 2.407, 2.175, 2.144, 1.976, 2.071, 2.226, 2.062, 2.428, 2.365, 2.409, 2.344, 1.978, 2.139, 2.583, 3.502, 3.435, 2.689, 2.47, 2.526, 2.632, 2.139, 2.215, 2.124, 3.993, 5.852, 3.867, 2.838, 1.923, 0.0, 1.501, 1.966, 2.253, 2.452, 2.937, 3.344, 3.682, 3.805, 3.678, 3.657, 3.658, 3.937, 4.537, 4.56, 4.853, 5.25, 7.501, 11.737, 15.204, 16.14, 15.802, 15.29, 15.227, 15.157, 15.228, 15.443, 16.317, 17.524, 18.21, 18.737, 19.287, 19.205, 19.785, 19.867, 19.853, 19.843, 20.077, 19.983, 19.723, 19.297, 19.384, 20.016, 19.908, 19.778, 19.328, 18.879, 18.138, 17.182, 16.928, 16.826, 15.941, 12.284, 8.169, 5.974], [3.406, 2.952, 2.375, 2.064, 2.348, 2.45, 2.349, 2.487, 2.679, 2.733, 3.097, 3.118, 3.256, 3.187, 2.747, 2.642, 2.883, 3.747, 3.551, 2.911, 2.673, 2.836, 2.869, 2.761, 2.818, 3.213, 5.154, 6.613, 4.674, 4.054, 3.21, 1.501, 0.0, 1.196, 1.686, 1.692, 2.126, 2.449, 2.805, 2.821, 2.635, 2.449, 2.543, 2.71, 3.224, 3.456, 3.678, 3.943, 6.389, 10.726, 14.235, 15.199, 14.772, 14.274, 14.212, 14.144, 14.214, 14.424, 15.369, 16.539, 17.278, 17.803, 18.329, 18.245, 18.731, 18.815, 18.807, 18.806, 19.074, 18.974, 18.772, 18.33, 18.432, 19.046, 18.912, 18.785, 18.297, 17.846, 17.107, 16.163, 15.905, 15.801, 14.883, 11.431, 7.402, 5.218], [3.88, 3.23, 2.573, 2.514, 2.936, 3.051, 3.01, 3.065, 3.284, 3.343, 3.666, 3.67, 3.855, 3.734, 3.297, 3.275, 3.471, 4.324, 4.123, 3.464, 3.197, 3.426, 3.416, 3.145, 3.089, 3.704, 5.579, 6.223, 4.9, 4.42, 3.476, 1.966, 1.196, 0.0, 0.866, 0.931, 1.389, 1.751, 2.033, 2.025, 2.012, 2.012, 1.895, 2.152, 2.803, 3.09, 3.405, 3.921, 6.552, 11.136, 14.652, 15.609, 15.056, 14.608, 14.498, 14.439, 14.526, 14.75, 15.775, 16.953, 17.668, 18.226, 18.683, 18.691, 18.994, 19.071, 19.142, 19.163, 19.429, 19.39, 19.202, 18.766, 18.886, 19.449, 19.396, 19.159, 18.629, 18.089, 17.376, 16.591, 16.386, 16.232, 15.212, 11.961, 7.97, 5.852], [4.156, 3.386, 2.779, 2.862, 3.211, 3.288, 3.231, 3.224, 3.419, 3.532, 3.822, 3.839, 4.013, 3.936, 3.508, 3.481, 3.551, 4.384, 4.128, 3.463, 3.285, 3.518, 3.482, 3.255, 3.297, 3.976, 5.853, 6.287, 5.092, 4.672, 3.682, 2.253, 1.686, 0.866, 0.0, 0.823, 1.242, 1.62, 1.948, 1.931, 1.86, 1.953, 1.767, 2.004, 2.702, 3.114, 3.502, 4.009, 6.677, 11.286, 14.784, 15.748, 15.183, 14.682, 14.598, 14.573, 14.676, 14.929, 15.937, 17.106, 17.81, 18.354, 18.863, 18.784, 19.158, 19.173, 19.261, 19.285, 19.576, 19.521, 19.336, 18.932, 19.045, 19.61, 19.552, 19.307, 18.743, 18.24, 17.483, 16.763, 16.568, 16.396, 15.349, 12.134, 8.289, 6.323], [4.082, 3.391, 2.795, 2.906, 3.435, 3.583, 3.547, 3.551, 3.79, 3.897, 4.197, 4.26, 4.428, 4.341, 3.892, 3.823, 3.856, 4.531, 4.28, 3.712, 3.498, 3.708, 3.731, 3.376, 3.342, 4.247, 6.077, 6.563, 5.357, 4.91, 3.917, 2.452, 1.692, 0.931, 0.823, 0.0, 1.023, 1.204, 1.487, 1.641, 1.664, 1.74, 1.692, 1.818, 2.569, 2.92, 3.302, 3.806, 6.345, 11.011, 14.514, 15.479, 14.891, 14.357, 14.277, 14.252, 14.388, 14.634, 15.66, 16.814, 17.533, 18.088, 18.568, 18.501, 18.85, 18.89, 18.99, 18.99, 19.271, 19.253, 19.063, 18.643, 18.752, 19.336, 19.244, 18.984, 18.419, 17.858, 17.125, 16.446, 16.255, 16.096, 15.071, 11.863, 8.054, 6.134], [4.046, 3.618, 3.176, 3.34, 3.798, 3.968, 4.0, 3.992, 4.223, 4.349, 4.569, 4.703, 4.921, 4.799, 4.352, 4.223, 4.197, 4.705, 4.476, 3.963, 3.795, 4.13, 4.211, 3.801, 3.703, 4.725, 6.592, 7.133, 5.896, 5.415, 4.431, 2.937, 2.126, 1.389, 1.242, 1.023, 0.0, 0.895, 1.435, 1.617, 1.639, 1.575, 1.494, 1.704, 2.133, 2.815, 3.153, 3.641, 6.178, 10.781, 14.268, 15.236, 14.697, 14.234, 14.136, 14.083, 14.172, 14.435, 15.444, 16.603, 17.309, 17.844, 18.366, 18.328, 18.64, 18.663, 18.761, 18.769, 19.065, 19.009, 18.823, 18.414, 18.537, 19.109, 19.054, 18.809, 18.251, 17.742, 16.998, 16.271, 16.078, 15.91, 14.878, 11.657, 7.931, 6.152], [4.446, 3.946, 3.462, 3.705, 4.27, 4.436, 4.414, 4.424, 4.668, 4.768, 5.049, 5.099, 5.291, 5.168, 4.751, 4.641, 4.629, 4.985, 4.769, 4.25, 4.185, 4.54, 4.599, 4.1, 4.012, 5.091, 6.994, 7.32, 6.17, 5.801, 4.842, 3.344, 2.449, 1.751, 1.62, 1.204, 0.895, 0.0, 1.215, 1.504, 1.598, 1.576, 1.476, 1.585, 1.955, 2.812, 3.153, 3.613, 6.09, 10.726, 14.228, 15.187, 14.626, 14.153, 14.026, 13.961, 14.104, 14.36, 15.381, 16.536, 17.244, 17.799, 18.282, 18.304, 18.59, 18.644, 18.715, 18.745, 19.032, 18.946, 18.768, 18.375, 18.501, 19.048, 19.011, 18.743, 18.199, 17.604, 16.926, 16.231, 16.038, 15.871, 14.817, 11.643, 8.207, 6.496], [4.205, 3.976, 3.653, 3.905, 4.444, 4.618, 4.63, 4.637, 4.88, 4.996, 5.249, 5.303, 5.548, 5.409, 5.003, 4.807, 4.755, 5.048, 4.803, 4.358, 4.331, 4.694, 4.813, 4.385, 4.308, 5.419, 7.211, 7.524, 6.509, 5.986, 5.008, 3.682, 2.805, 2.033, 1.948, 1.487, 1.435, 1.215, 0.0, 0.929, 1.115, 1.255, 1.376, 1.22, 1.623, 2.193, 2.519, 2.933, 5.493, 10.166, 13.688, 14.624, 14.04, 13.563, 13.452, 13.362, 13.516, 13.769, 14.785, 15.949, 16.671, 17.257, 17.686, 17.716, 18.03, 18.072, 18.156, 18.197, 18.462, 18.39, 18.203, 17.817, 17.944, 18.473, 18.434, 18.159, 17.614, 17.023, 16.332, 15.656, 15.464, 15.3, 14.244, 11.094, 8.06, 6.52], [4.063, 3.907, 3.663, 3.936, 4.417, 4.58, 4.616, 4.641, 4.799, 4.919, 5.172, 5.316, 5.517, 5.455, 5.024, 4.769, 4.701, 5.002, 4.737, 4.35, 4.358, 4.663, 4.771, 4.591, 4.524, 5.663, 7.516, 7.527, 6.652, 6.296, 5.275, 3.805, 2.821, 2.025, 1.931, 1.641, 1.617, 1.504, 0.929, 0.0, 0.898, 1.256, 1.106, 0.981, 1.452, 2.086, 2.47, 2.896, 5.525, 10.166, 13.682, 14.637, 14.027, 13.526, 13.429, 13.385, 13.553, 13.801, 14.802, 15.981, 16.697, 17.254, 17.724, 17.66, 18.006, 18.062, 18.149, 18.13, 18.421, 18.407, 18.221, 17.8, 17.882, 18.492, 18.395, 18.126, 17.563, 17.005, 16.278, 15.593, 15.393, 15.224, 14.228, 11.042, 7.927, 6.402], [3.536, 3.463, 3.292, 3.527, 3.985, 4.168, 4.243, 4.294, 4.417, 4.524, 4.695, 4.901, 5.141, 5.061, 4.651, 4.361, 4.213, 4.508, 4.317, 3.871, 3.95, 4.261, 4.4, 4.331, 4.335, 5.471, 7.384, 7.761, 6.496, 6.19, 5.218, 3.678, 2.635, 2.012, 1.86, 1.664, 1.639, 1.598, 1.115, 0.898, 0.0, 0.813, 0.891, 0.8, 1.283, 1.687, 2.054, 2.44, 5.091, 9.744, 13.26, 14.219, 13.679, 13.177, 13.089, 13.029, 13.138, 13.387, 14.385, 15.568, 16.258, 16.827, 17.32, 17.284, 17.622, 17.642, 17.741, 17.754, 18.038, 17.984, 17.798, 17.382, 17.483, 18.065, 17.989, 17.74, 17.178, 16.663, 15.926, 15.198, 15.002, 14.833, 13.795, 10.627, 7.591, 6.202], [3.364, 3.364, 3.255, 3.407, 3.861, 4.054, 4.122, 4.168, 4.283, 4.381, 4.545, 4.74, 5.065, 4.939, 4.541, 4.142, 3.988, 4.36, 4.167, 3.771, 3.815, 4.176, 4.305, 4.122, 4.159, 5.306, 7.319, 7.922, 6.518, 6.081, 5.272, 3.657, 2.449, 2.012, 1.953, 1.74, 1.575, 1.576, 1.255, 1.256, 0.813, 0.0, 0.81, 0.876, 1.24, 1.734, 1.911, 2.253, 4.976, 9.544, 13.103, 14.012, 13.593, 13.164, 13.059, 12.947, 13.029, 13.291, 14.24, 15.377, 16.079, 16.668, 17.192, 17.215, 17.57, 17.603, 17.641, 17.711, 17.99, 17.866, 17.591, 17.277, 17.412, 17.932, 17.878, 17.693, 17.165, 16.655, 15.918, 15.086, 14.898, 14.779, 13.743, 10.478, 7.294, 5.834], [3.351, 3.42, 3.333, 3.566, 3.998, 4.193, 4.269, 4.323, 4.426, 4.484, 4.614, 4.811, 5.136, 5.046, 4.676, 4.173, 4.001, 4.462, 4.291, 3.954, 3.895, 4.249, 4.383, 4.253, 4.184, 5.305, 7.28, 7.7, 6.445, 6.082, 5.231, 3.658, 2.543, 1.895, 1.767, 1.692, 1.494, 1.476, 1.376, 1.106, 0.891, 0.81, 0.0, 0.7, 1.301, 1.818, 2.108, 2.604, 5.367, 9.918, 13.492, 14.399, 13.951, 13.522, 13.416, 13.304, 13.388, 13.651, 14.585, 15.733, 16.449, 17.066, 17.551, 17.587, 17.93, 17.96, 18.009, 18.061, 18.351, 18.234, 17.981, 17.646, 17.771, 18.297, 18.247, 18.053, 17.528, 17.012, 16.276, 15.457, 15.266, 15.138, 14.101, 10.845, 7.386, 5.914], [3.602, 3.565, 3.451, 3.713, 4.204, 4.368, 4.454, 4.496, 4.604, 4.642, 4.799, 4.97, 5.292, 5.24, 4.854, 4.345, 4.196, 4.56, 4.329, 3.997, 4.026, 4.401, 4.558, 4.481, 4.46, 5.591, 7.559, 7.92, 6.717, 6.36, 5.472, 3.937, 2.71, 2.152, 2.004, 1.818, 1.704, 1.585, 1.22, 0.981, 0.8, 0.876, 0.7, 0.0, 1.086, 1.746, 2.062, 2.505, 5.147, 9.764, 13.341, 14.245, 13.775, 13.324, 13.218, 13.107, 13.208, 13.486, 14.414, 15.576, 16.273, 16.902, 17.379, 17.434, 17.761, 17.778, 17.855, 17.886, 18.174, 18.076, 17.821, 17.492, 17.614, 18.141, 18.09, 17.855, 17.33, 16.8, 16.063, 15.309, 15.112, 14.974, 13.905, 10.71, 7.503, 6.095], [4.072, 4.12, 3.981, 4.186, 4.633, 4.806, 4.909, 4.921, 5.067, 5.154, 5.288, 5.509, 5.823, 5.752, 5.344, 4.863, 4.667, 4.857, 4.663, 4.307, 4.508, 4.919, 5.092, 5.015, 4.989, 6.137, 8.171, 8.518, 7.316, 6.954, 6.151, 4.537, 3.224, 2.803, 2.702, 2.569, 2.133, 1.955, 1.623, 1.452, 1.283, 1.24, 1.301, 1.086, 0.0, 1.587, 1.757, 2.013, 4.842, 9.318, 12.894, 13.798, 13.41, 12.99, 12.88, 12.772, 12.85, 13.096, 14.028, 15.171, 15.863, 16.466, 16.995, 17.009, 17.362, 17.42, 17.421, 17.493, 17.787, 17.643, 17.372, 17.06, 17.197, 17.716, 17.672, 17.521, 16.999, 16.502, 15.766, 14.891, 14.703, 14.592, 13.579, 10.398, 7.75, 6.459], [3.779, 3.984, 3.982, 4.254, 4.714, 4.87, 4.951, 4.991, 5.096, 5.107, 5.233, 5.526, 5.861, 5.833, 5.441, 4.876, 4.614, 4.658, 4.52, 4.344, 4.581, 4.881, 5.117, 5.119, 5.079, 6.215, 8.163, 8.946, 7.524, 6.961, 6.083, 4.56, 3.456, 3.09, 3.114, 2.92, 2.815, 2.812, 2.193, 2.086, 1.687, 1.734, 1.818, 1.746, 1.587, 0.0, 0.807, 1.217, 3.846, 8.276, 11.857, 12.759, 12.326, 11.895, 11.791, 11.679, 11.763, 11.982, 12.915, 14.081, 14.791, 15.422, 15.888, 15.931, 16.276, 16.351, 16.374, 16.404, 16.689, 16.587, 16.338, 15.999, 16.113, 16.648, 16.594, 16.422, 15.894, 15.431, 14.694, 13.796, 13.611, 13.476, 12.455, 9.751, 7.527, 6.451], [3.991, 4.27, 4.246, 4.464, 4.836, 5.003, 5.09, 5.102, 5.215, 5.299, 5.422, 5.717, 6.056, 5.982, 5.604, 5.11, 4.796, 4.873, 4.702, 4.444, 4.77, 5.136, 5.339, 5.306, 5.281, 6.42, 8.477, 9.393, 7.832, 7.211, 6.508, 4.853, 3.678, 3.405, 3.502, 3.302, 3.153, 3.153, 2.519, 2.47, 2.054, 1.911, 2.108, 2.062, 1.757, 0.807, 0.0, 0.803, 3.541, 7.934, 11.521, 12.418, 12.056, 11.622, 11.518, 11.406, 11.49, 11.713, 12.647, 13.801, 14.506, 15.105, 15.621, 15.613, 16.004, 16.067, 16.062, 16.143, 16.426, 16.293, 15.994, 15.673, 15.798, 16.324, 16.288, 16.149, 15.623, 15.142, 14.415, 13.505, 13.318, 13.223, 12.187, 9.752, 7.723, 6.689], [4.091, 4.307, 4.359, 4.578, 4.974, 5.13, 5.228, 5.224, 5.329, 5.352, 5.463, 5.832, 6.239, 6.181, 5.743, 5.112, 4.838, 4.951, 4.748, 4.567, 4.901, 5.151, 5.433, 5.434, 5.439, 6.567, 8.794, 9.807, 8.211, 7.507, 6.897, 5.25, 3.943, 3.921, 4.009, 3.806, 3.641, 3.613, 2.933, 2.896, 2.44, 2.253, 2.604, 2.505, 2.013, 1.217, 0.803, 0.0, 3.135, 7.504, 11.076, 11.992, 11.616, 11.187, 11.081, 10.967, 11.053, 11.28, 12.204, 13.361, 14.062, 14.66, 15.178, 15.19, 15.565, 15.637, 15.626, 15.7, 15.986, 15.849, 15.565, 15.249, 15.371, 15.897, 15.847, 15.711, 15.192, 14.72, 13.99, 13.055, 12.874, 12.782, 11.764, 9.558, 7.534, 6.525], [4.36, 4.8, 5.107, 5.582, 5.99, 6.16, 6.366, 6.613, 6.439, 6.519, 6.764, 7.542, 8.007, 7.896, 7.297, 6.313, 5.708, 5.153, 5.295, 5.591, 5.965, 5.975, 6.231, 6.519, 7.016, 8.031, 10.788, 12.614, 10.856, 9.581, 8.956, 7.501, 6.389, 6.552, 6.677, 6.345, 6.178, 6.09, 5.493, 5.525, 5.091, 4.976, 5.367, 5.147, 4.842, 3.846, 3.541, 3.135, 0.0, 4.798, 8.284, 9.247, 8.691, 8.244, 8.127, 8.049, 8.132, 8.4, 9.372, 10.535, 11.257, 11.811, 12.37, 12.368, 12.702, 12.695, 12.776, 12.835, 13.114, 13.019, 12.797, 12.404, 12.528, 13.075, 12.993, 12.767, 12.25, 11.708, 11.015, 10.317, 10.184, 10.064, 9.452, 8.055, 6.426, 5.826], [7.781, 8.717, 9.4, 9.504, 9.989, 10.169, 10.533, 10.751, 10.55, 10.613, 10.962, 11.694, 12.198, 12.098, 11.539, 10.516, 9.691, 8.786, 9.05, 9.515, 9.926, 10.015, 10.168, 10.418, 11.152, 12.113, 15.036, 17.14, 15.223, 13.802, 13.26, 11.737, 10.726, 11.136, 11.286, 11.011, 10.781, 10.726, 10.166, 10.166, 9.744, 9.544, 9.918, 9.764, 9.318, 8.276, 7.934, 7.504, 4.798, 0.0, 3.629, 4.543, 4.254, 3.928, 3.866, 3.863, 3.972, 4.375, 5.076, 5.979, 6.683, 7.24, 7.811, 7.808, 8.221, 8.322, 8.269, 8.302, 8.598, 8.412, 8.14, 7.795, 7.997, 8.507, 8.585, 8.584, 8.313, 8.039, 7.499, 6.746, 6.708, 6.676, 6.454, 5.788, 6.479, 6.773], [11.265, 12.184, 12.844, 12.965, 13.41, 13.597, 13.963, 14.1, 13.907, 14.035, 14.407, 15.222, 15.64, 15.565, 14.987, 14.019, 13.143, 12.171, 12.504, 12.94, 13.427, 13.436, 13.462, 13.914, 14.689, 15.616, 18.622, 20.695, 18.719, 17.363, 16.737, 15.204, 14.235, 14.652, 14.784, 14.514, 14.268, 14.228, 13.688, 13.682, 13.26, 13.103, 13.492, 13.341, 12.894, 11.857, 11.521, 11.076, 8.284, 3.629, 0.0, 1.336, 1.307, 1.703, 1.966, 2.228, 2.174, 2.518, 2.556, 2.907, 3.456, 3.829, 4.56, 4.583, 4.93, 4.909, 4.805, 4.837, 5.099, 5.003, 4.864, 4.503, 4.801, 5.301, 5.356, 5.418, 5.305, 5.124, 4.649, 3.989, 4.012, 4.062, 4.069, 4.402, 7.849, 9.876], [12.182, 13.147, 13.812, 13.924, 14.372, 14.58, 14.905, 15.07, 14.868, 14.979, 15.351, 16.098, 16.584, 16.483, 15.925, 14.927, 14.036, 13.075, 13.373, 13.843, 14.297, 14.362, 14.418, 14.779, 15.596, 16.499, 19.491, 21.603, 19.687, 18.258, 17.665, 16.14, 15.199, 15.609, 15.748, 15.479, 15.236, 15.187, 14.624, 14.637, 14.219, 14.012, 14.399, 14.245, 13.798, 12.759, 12.418, 11.992, 9.247, 4.543, 1.336, 0.0, 0.921, 1.496, 1.818, 1.787, 1.55, 1.753, 1.677, 1.943, 2.402, 2.789, 3.344, 3.479, 3.834, 3.886, 3.855, 3.879, 4.148, 3.997, 3.8, 3.482, 3.727, 4.15, 4.258, 4.303, 4.146, 3.992, 3.578, 3.047, 3.164, 3.214, 3.159, 4.571, 8.778, 10.837], [11.762, 12.537, 13.152, 13.473, 13.973, 14.177, 14.539, 14.706, 14.492, 14.624, 14.995, 15.799, 16.243, 16.145, 15.575, 14.562, 13.711, 12.725, 13.04, 13.504, 13.901, 13.897, 13.931, 14.444, 15.244, 16.17, 19.13, 21.059, 19.324, 17.938, 17.225, 15.802, 14.772, 15.056, 15.183, 14.891, 14.697, 14.626, 14.04, 14.027, 13.679, 13.593, 13.951, 13.775, 13.41, 12.326, 12.056, 11.616, 8.691, 4.254, 1.307, 0.921, 0.0, 0.835, 1.147, 1.331, 1.196, 1.465, 1.581, 2.303, 2.957, 3.382, 3.873, 4.015, 4.252, 4.239, 4.272, 4.317, 4.586, 4.616, 4.502, 4.032, 4.139, 4.586, 4.641, 4.513, 4.326, 4.105, 3.627, 3.201, 3.255, 3.232, 3.068, 4.237, 8.34, 10.409], [11.24, 12.052, 12.698, 12.987, 13.457, 13.679, 14.016, 14.192, 13.989, 14.104, 14.512, 15.347, 15.71, 15.672, 15.092, 14.118, 13.25, 12.272, 12.581, 13.058, 13.437, 13.411, 13.457, 13.983, 14.82, 15.714, 18.699, 20.634, 18.854, 17.507, 16.76, 15.29, 14.274, 14.608, 14.682, 14.357, 14.234, 14.153, 13.563, 13.526, 13.177, 13.164, 13.522, 13.324, 12.99, 11.895, 11.622, 11.187, 8.244, 3.928, 1.703, 1.496, 0.835, 0.0, 0.741, 0.987, 0.938, 1.254, 1.76, 2.826, 3.558, 3.944, 4.372, 4.399, 4.844, 4.766, 4.835, 4.834, 5.051, 5.12, 4.948, 4.474, 4.509, 5.104, 5.08, 4.865, 4.608, 4.357, 3.846, 3.307, 3.316, 3.259, 3.045, 3.905, 7.817, 9.893], [11.165, 11.95, 12.569, 12.881, 13.357, 13.589, 13.93, 14.064, 13.862, 14.03, 14.409, 15.242, 15.628, 15.55, 14.998, 14.002, 13.122, 12.105, 12.422, 12.884, 13.287, 13.267, 13.256, 13.849, 14.7, 15.576, 18.592, 20.524, 18.761, 17.402, 16.657, 15.227, 14.212, 14.498, 14.598, 14.277, 14.136, 14.026, 13.452, 13.429, 13.089, 13.059, 13.416, 13.218, 12.88, 11.791, 11.518, 11.081, 8.127, 3.866, 1.966, 1.818, 1.147, 0.741, 0.0, 0.727, 0.89, 1.24, 1.84, 2.902, 3.621, 4.021, 4.548, 4.684, 5.009, 4.909, 4.96, 4.998, 5.236, 5.162, 5.008, 4.547, 4.656, 5.195, 5.199, 5.001, 4.844, 4.54, 4.024, 3.439, 3.38, 3.35, 3.074, 3.833, 7.703, 9.738], [11.082, 11.86, 12.493, 12.8, 13.281, 13.513, 13.854, 13.989, 13.785, 13.953, 14.334, 15.118, 15.557, 15.458, 14.924, 13.873, 12.997, 11.971, 12.293, 12.755, 13.158, 13.217, 13.204, 13.72, 14.571, 15.446, 18.467, 20.416, 18.697, 17.28, 16.576, 15.157, 14.144, 14.439, 14.573, 14.252, 14.083, 13.961, 13.362, 13.385, 13.029, 12.947, 13.304, 13.107, 12.772, 11.679, 11.406, 10.967, 8.049, 3.863, 2.228, 1.787, 1.331, 0.987, 0.727, 0.0, 0.68, 1.074, 1.764, 2.942, 3.68, 4.15, 4.629, 4.805, 5.121, 5.003, 5.037, 5.088, 5.32, 5.248, 5.029, 4.621, 4.726, 5.24, 5.262, 5.081, 4.835, 4.512, 4.01, 3.422, 3.372, 3.316, 3.035, 3.642, 7.57, 9.641], [11.161, 11.946, 12.603, 12.885, 13.368, 13.597, 13.927, 14.072, 13.879, 14.03, 14.408, 15.213, 15.628, 15.532, 14.999, 13.97, 13.089, 12.074, 12.411, 12.867, 13.273, 13.332, 13.342, 13.823, 14.669, 15.549, 18.566, 20.543, 18.765, 17.373, 16.649, 15.228, 14.214, 14.526, 14.676, 14.388, 14.172, 14.104, 13.516, 13.553, 13.138, 13.029, 13.388, 13.208, 12.85, 11.763, 11.49, 11.053, 8.132, 3.972, 2.174, 1.55, 1.196, 0.938, 0.89, 0.68, 0.0, 0.689, 1.479, 2.66, 3.392, 3.869, 4.361, 4.54, 4.837, 4.781, 4.813, 4.851, 5.086, 5.035, 4.89, 4.422, 4.495, 4.996, 5.018, 4.836, 4.575, 4.298, 3.722, 3.074, 3.045, 3.021, 2.737, 3.642, 7.713, 9.775], [11.381, 12.224, 12.873, 13.112, 13.594, 13.833, 14.17, 14.334, 14.131, 14.254, 14.632, 15.439, 15.859, 15.764, 15.219, 14.21, 13.331, 12.343, 12.661, 13.136, 13.522, 13.572, 13.603, 14.07, 14.911, 15.802, 18.79, 20.775, 18.973, 17.594, 16.867, 15.443, 14.424, 14.75, 14.929, 14.634, 14.435, 14.36, 13.769, 13.801, 13.387, 13.291, 13.651, 13.486, 13.096, 11.982, 11.713, 11.28, 8.4, 4.375, 2.518, 1.753, 1.465, 1.254, 1.24, 1.074, 0.689, 0.0, 1.118, 2.409, 3.145, 3.613, 4.049, 4.263, 4.528, 4.541, 4.56, 4.62, 4.811, 4.804, 4.682, 4.219, 4.23, 4.76, 4.694, 4.499, 4.142, 3.839, 3.274, 2.673, 2.711, 2.669, 2.461, 3.777, 7.924, 10.03], [12.333, 13.215, 13.872, 14.075, 14.542, 14.766, 15.032, 15.177, 14.978, 15.14, 15.505, 16.263, 16.723, 16.62, 16.114, 15.06, 14.141, 13.14, 13.46, 13.94, 14.415, 14.447, 14.459, 14.889, 15.773, 16.605, 19.643, 21.773, 19.917, 18.466, 17.758, 16.317, 15.369, 15.775, 15.937, 15.66, 15.444, 15.381, 14.785, 14.802, 14.385, 14.24, 14.585, 14.414, 14.028, 12.915, 12.647, 12.204, 9.372, 5.076, 2.556, 1.677, 1.581, 1.76, 1.84, 1.764, 1.479, 1.118, 0.0, 1.421, 2.079, 2.676, 3.124, 3.446, 3.757, 3.787, 3.754, 3.801, 4.038, 3.988, 3.882, 3.454, 3.464, 3.924, 3.822, 3.713, 3.418, 3.219, 2.805, 2.351, 2.383, 2.358, 2.228, 4.56, 8.803, 10.88], [13.538, 14.429, 15.078, 15.272, 15.722, 15.934, 16.246, 16.377, 16.167, 16.336, 16.713, 17.472, 17.928, 17.829, 17.3, 16.241, 15.364, 14.379, 14.671, 15.134, 15.583, 15.668, 15.654, 16.121, 16.945, 17.82, 20.847, 22.952, 21.067, 19.63, 18.975, 17.524, 16.539, 16.953, 17.106, 16.814, 16.603, 16.536, 15.949, 15.981, 15.568, 15.377, 15.733, 15.576, 15.171, 14.081, 13.801, 13.361, 10.535, 5.979, 2.907, 1.943, 2.303, 2.826, 2.902, 2.942, 2.66, 2.409, 1.421, 0.0, 0.876, 1.422, 2.111, 2.485, 2.799, 2.722, 2.733, 2.885, 3.114, 2.903, 2.82, 2.453, 2.554, 2.992, 2.92, 2.852, 2.719, 2.56, 2.269, 2.133, 2.164, 2.224, 2.551, 5.79, 10.037, 12.085], [14.286, 15.143, 15.829, 15.995, 16.452, 16.664, 16.936, 17.072, 16.862, 17.031, 17.404, 18.153, 18.618, 18.516, 18.006, 16.963, 16.046, 15.063, 15.353, 15.83, 16.331, 16.389, 16.366, 16.811, 17.67, 18.502, 21.576, 23.668, 21.784, 20.35, 19.679, 18.21, 17.278, 17.668, 17.81, 17.533, 17.309, 17.244, 16.671, 16.697, 16.258, 16.079, 16.449, 16.273, 15.863, 14.791, 14.506, 14.062, 11.257, 6.683, 3.456, 2.402, 2.957, 3.558, 3.621, 3.68, 3.392, 3.145, 2.079, 0.876, 0.0, 0.811, 1.478, 1.991, 2.287, 2.253, 2.239, 2.35, 2.493, 2.271, 2.232, 1.964, 2.13, 2.493, 2.46, 2.392, 2.451, 2.326, 2.194, 2.317, 2.396, 2.462, 3.218, 6.506, 10.736, 12.781], [14.773, 15.686, 16.353, 16.504, 16.945, 17.165, 17.455, 17.591, 17.38, 17.552, 17.926, 18.754, 19.146, 19.064, 18.518, 17.548, 16.646, 15.649, 15.948, 16.414, 16.917, 16.91, 16.89, 17.383, 18.257, 19.103, 22.176, 24.273, 22.305, 20.936, 20.238, 18.737, 17.803, 18.226, 18.354, 18.088, 17.844, 17.799, 17.257, 17.254, 16.827, 16.668, 17.066, 16.902, 16.466, 15.422, 15.105, 14.66, 11.811, 7.24, 3.829, 2.789, 3.382, 3.944, 4.021, 4.15, 3.869, 3.613, 2.676, 1.422, 0.811, 0.0, 1.04, 1.536, 1.945, 1.693, 1.649, 1.781, 1.969, 1.72, 1.702, 1.483, 1.639, 2.049, 1.995, 2.005, 2.039, 1.947, 1.971, 2.267, 2.436, 2.564, 3.55, 6.773, 11.087, 13.205], [15.343, 16.202, 16.818, 17.082, 17.522, 17.756, 18.025, 18.152, 17.941, 18.118, 18.489, 19.251, 19.683, 19.582, 19.089, 18.066, 17.14, 16.188, 16.439, 16.96, 17.418, 17.42, 17.426, 17.859, 18.777, 19.615, 22.634, 24.673, 22.875, 21.443, 20.725, 19.287, 18.329, 18.683, 18.863, 18.568, 18.366, 18.282, 17.686, 17.724, 17.32, 17.192, 17.551, 17.379, 16.995, 15.888, 15.621, 15.178, 12.37, 7.811, 4.56, 3.344, 3.873, 4.372, 4.548, 4.629, 4.361, 4.049, 3.124, 2.111, 1.478, 1.04, 0.0, 1.062, 1.31, 1.305, 1.262, 1.283, 1.352, 1.286, 1.232, 1.098, 1.222, 1.553, 1.564, 1.612, 1.789, 1.774, 1.884, 2.505, 2.762, 2.805, 3.891, 7.379, 11.753, 13.868], [15.247, 16.233, 16.875, 17.045, 17.488, 17.642, 17.972, 18.128, 17.926, 18.065, 18.468, 19.281, 19.644, 19.627, 19.044, 18.131, 17.217, 16.257, 16.557, 17.027, 17.485, 17.389, 17.438, 17.962, 18.787, 19.687, 22.638, 24.719, 22.811, 21.449, 20.767, 19.205, 18.245, 18.