[[0.0, 1.909, 2.956, 3.317, 2.476, 1.766, 2.13, 2.944, 3.571, 3.95, 3.644, 3.024, 2.735, 2.928, 3.206, 3.672, 4.543, 4.956, 4.86, 4.71, 4.899, 4.815, 4.523, 4.167, 3.932, 4.029, 4.216, 4.205, 4.194, 3.942, 3.808, 4.061, 4.109, 3.879, 3.5, 3.116, 3.664, 3.783, 2.554, 1.586, 1.94, 3.097, 4.518, 5.158, 5.137, 5.975, 7.25, 8.047, 8.748, 10.358, 11.628, 11.79, 12.395, 12.45, 12.864, 12.855, 12.415, 12.228, 12.284, 12.78, 12.415, 11.766, 12.203, 12.505, 12.298, 11.815, 10.714, 9.062, 7.327, 6.124, 5.554, 5.676, 6.258, 5.647, 5.032, 4.718, 5.637, 7.554, 7.865, 7.38, 7.072, 6.659, 6.242, 6.247, 6.474, 6.479], [1.909, 0.0, 1.346, 1.725, 1.192, 1.615, 1.86, 2.246, 2.933, 3.227, 3.064, 2.896, 3.035, 3.343, 3.56, 3.423, 3.749, 3.934, 3.837, 3.967, 4.189, 4.126, 3.886, 3.681, 3.692, 3.789, 3.831, 3.749, 3.652, 3.397, 3.169, 3.379, 3.537, 3.332, 2.719, 2.135, 2.178, 2.131, 1.313, 1.667, 2.717, 4.4, 5.882, 6.534, 6.621, 7.449, 8.766, 9.773, 10.511, 12.112, 13.326, 13.359, 14.043, 14.221, 14.491, 14.568, 14.122, 13.935, 13.99, 14.442, 14.014, 13.354, 13.844, 14.157, 14.016, 13.435, 12.441, 10.74, 8.73, 7.48, 6.998, 7.367, 7.907, 7.291, 6.656, 6.426, 7.307, 9.278, 9.615, 9.152, 8.854, 8.435, 7.99, 7.972, 8.221, 8.24], [2.956, 1.346, 0.0, 0.699, 1.225, 2.105, 2.312, 2.543, 2.977, 3.102, 2.893, 2.91, 3.215, 3.669, 3.864, 3.475, 3.69, 3.641, 3.589, 3.816, 4.041, 3.955, 3.779, 3.71, 3.715, 3.804, 3.807, 3.76, 3.669, 3.405, 3.193, 3.41, 3.607, 3.383, 2.71, 1.929, 1.669, 1.533, 1.435, 2.384, 3.709, 5.443, 6.838, 7.365, 7.38, 8.324, 9.656, 10.678, 11.487, 13.091, 14.373, 14.466, 15.205, 15.296, 15.517, 15.601, 15.091, 15.042, 15.138, 15.625, 15.055, 14.447, 14.987, 15.337, 15.131, 14.571, 13.502, 11.779, 9.849, 8.478, 7.801, 8.465, 8.926, 8.292, 7.558, 7.376, 8.25, 10.334, 10.661, 10.166, 9.81, 9.378, 8.952, 8.886, 9.162, 9.255], [3.317, 1.725, 0.699, 0.0, 1.2, 2.186, 2.391, 2.551, 2.918, 2.994, 2.821, 2.952, 3.263, 3.718, 3.91, 3.475, 3.567, 3.479, 3.457, 3.71, 3.949, 3.875, 3.688, 3.583, 3.611, 3.693, 3.685, 3.62, 3.53, 3.27, 3.054, 3.278, 3.509, 3.299, 2.579, 1.847, 1.556, 1.404, 1.668, 2.749, 3.944, 5.663, 6.996, 7.489, 7.586, 8.548, 9.984, 10.911, 11.866, 13.449, 14.606, 14.836, 15.562, 15.584, 15.783, 15.894, 15.457, 15.425, 15.493, 16.021, 15.347, 14.812, 15.372, 15.727, 15.524, 14.93, 13.839, 12.165, 10.237, 8.835, 8.191, 8.838, 9.248, 8.601, 7.815, 7.682, 8.662, 10.694, 11.039, 10.522, 10.169, 9.718, 9.306, 9.29, 9.466, 9.569], [2.476, 1.192, 1.225, 1.2, 0.0, 1.355, 1.598, 1.99, 2.716, 2.953, 2.685, 2.524, 2.628, 3.001, 3.238, 3.114, 3.527, 3.502, 3.487, 3.703, 3.941, 3.871, 3.665, 3.504, 3.49, 3.588, 3.631, 3.543, 3.443, 3.189, 2.994, 3.166, 3.319, 3.076, 2.513, 1.881, 1.784, 1.866, 1.532, 2.183, 3.251, 4.862, 6.217, 6.731, 6.745, 7.764, 9.198, 10.104, 11.008, 12.637, 13.773, 14.036, 14.746, 14.758, 14.968, 15.098, 14.636, 14.6, 14.683, 15.162, 14.429, 13.902, 14.481, 14.842, 14.691, 14.117, 13.041, 11.273, 9.418, 7.993, 7.354, 8.039, 8.395, 7.737, 6.982, 6.814, 7.783, 9.79, 10.165, 9.656, 9.296, 8.882, 8.433, 8.458, 8.718, 8.784], [1.766, 1.615, 2.105, 2.186, 1.355, 0.0, 0.837, 1.683, 2.401, 2.646, 2.37, 2.173, 2.231, 2.458, 2.725, 2.799, 3.413, 3.793, 3.649, 3.562, 3.764, 3.624, 3.395, 3.213, 3.212, 3.294, 3.297, 3.215, 3.118, 2.88, 2.729, 2.943, 3.142, 2.917, 2.472, 2.136, 2.707, 2.883, 2.075, 1.891, 2.753, 3.797, 5.156, 5.667, 5.783, 6.779, 8.218, 9.231, 10.156, 11.716, 12.769, 13.091, 13.828, 13.832, 14.022, 14.172, 13.722, 13.693, 13.768, 14.293, 13.591, 13.057, 13.627, 14.012, 13.811, 13.19, 12.112, 10.426, 8.484, 7.073, 6.419, 7.123, 7.534, 6.902, 6.115, 6.004, 6.96, 8.973, 9.351, 8.842, 8.482, 8.045, 7.612, 7.607, 7.803, 7.859], [2.13, 1.86, 2.312, 2.391, 1.598, 0.837, 0.0, 1.233, 2.019, 2.291, 1.97, 1.778, 1.938, 2.294, 2.494, 2.312, 2.938, 3.429, 3.261, 3.195, 3.519, 3.327, 3.119, 2.894, 2.751, 2.795, 2.792, 2.653, 2.593, 2.324, 2.273, 2.429, 2.64, 2.501, 2.114, 2.098, 2.747, 2.966, 2.274, 1.861, 2.783, 4.122, 5.436, 5.92, 6.069, 7.075, 8.515, 9.621, 10.537, 12.082, 13.082, 13.387, 14.124, 14.138, 14.395, 14.563, 14.085, 13.989, 14.063, 14.604, 13.901, 13.362, 13.937, 14.319, 14.109, 13.501, 12.441, 10.772, 8.778, 7.344, 6.66, 7.419, 7.936, 7.307, 6.512, 6.401, 7.306, 9.284, 9.687, 9.159, 8.828, 8.387, 7.926, 7.996, 8.168, 8.158], [2.944, 2.246, 2.543, 2.551, 1.99, 1.683, 1.233, 0.0, 1.162, 1.42, 1.248, 1.154, 1.445, 1.813, 1.899, 1.572, 2.047, 2.472, 2.344, 2.261, 2.505, 2.33, 2.157, 1.986, 1.889, 1.859, 1.799, 1.748, 1.762, 1.619, 1.617, 1.698, 1.944, 1.731, 1.387, 1.628, 2.257, 2.701, 2.438, 2.305, 3.258, 4.651, 6.087, 6.667, 6.896, 7.808, 9.358, 10.434, 11.329, 12.87, 13.864, 14.028, 14.762, 14.857, 15.105, 15.25, 14.875, 14.723, 14.743, 15.313, 14.71, 14.114, 14.707, 15.034, 14.864, 14.206, 13.188, 11.565, 9.433, 8.022, 7.411, 8.116, 8.713, 8.083, 7.323, 7.21, 8.131, 10.097, 10.486, 9.992, 9.674, 9.207, 8.759, 8.812, 8.983, 8.946], [3.571, 2.933, 2.977, 2.918, 2.716, 2.401, 2.019, 1.162, 0.0, 0.652, 0.786, 1.031, 1.341, 1.681, 1.64, 0.997, 1.352, 1.83, 1.702, 1.491, 1.757, 1.715, 1.563, 1.381, 1.318, 1.277, 1.255, 1.201, 1.274, 1.469, 1.502, 1.375, 1.2, 1.187, 1.132, 1.74, 2.188, 2.704, 2.909, 2.868, 3.906, 5.233, 6.778, 7.36, 7.566, 8.519, 10.027, 11.11, 12.004, 13.538, 14.491, 14.703, 15.433, 15.533, 15.784, 15.919, 15.547, 15.397, 15.412, 15.998, 15.368, 14.795, 15.385, 15.71, 15.536, 14.881, 13.867, 12.243, 10.121, 8.695, 8.108, 8.796, 9.394, 8.765, 7.986, 7.889, 8.808, 10.77, 11.171, 10.676, 10.355, 9.887, 9.442, 9.493, 9.663, 9.62], [3.95, 3.227, 3.102, 2.994, 2.953, 2.646, 2.291, 1.42, 0.652, 0.0, 0.716, 1.338, 1.667, 1.991, 1.935, 1.188, 1.295, 1.588, 1.496, 1.36, 1.499, 1.484, 1.42, 1.475, 1.496, 1.412, 1.296, 1.278, 1.344, 1.496, 1.591, 1.457, 1.256, 1.165, 1.411, 1.877, 2.254, 2.717, 3.052, 3.19, 4.332, 5.682, 7.204, 7.736, 7.92, 8.859, 10.384, 11.471, 12.388, 13.918, 14.872, 15.136, 15.852, 15.895, 16.147, 16.282, 15.926, 15.781, 15.816, 16.403, 15.742, 15.196, 15.759, 16.136, 15.922, 15.302, 14.233, 12.625, 10.551, 9.126, 8.452, 9.194, 9.782, 9.153, 8.36, 8.261, 9.19, 11.145, 11.54, 11.042, 10.712, 10.241, 9.792, 9.873, 10.031, 9.998], [3.644, 3.064, 2.893, 2.821, 2.685, 2.37, 1.97, 1.248, 0.786, 0.716, 0.0, 1.126, 1.354, 1.789, 1.801, 1.158, 1.51, 1.952, 1.786, 1.652, 1.84, 1.709, 1.529, 1.448, 1.442, 1.379, 1.374, 1.326, 1.391, 1.475, 1.52, 1.455, 1.281, 1.247, 1.259, 1.867, 2.251, 2.725, 3.012, 2.872, 3.934, 5.38, 6.844, 7.377, 7.509, 8.463, 10.01, 11.076, 11.958, 13.496, 14.511, 14.779, 15.496, 15.524, 15.73, 15.857, 15.5, 15.42, 15.458, 16.038, 15.396, 14.834, 15.386, 15.771, 15.558, 14.948, 13.848, 12.211, 10.197, 8.778, 8.108, 8.836, 9.358, 8.729, 7.956, 7.855, 8.765, 10.782, 11.145, 10.637, 10.273, 9.821, 9.382, 9.422, 9.588, 9.612], [3.024, 2.896, 2.91, 2.952, 2.524, 2.173, 1.778, 1.154, 1.031, 1.338, 1.126, 0.0, 0.824, 1.239, 1.266, 1.109, 2.069, 2.465, 2.323, 2.198, 2.423, 2.274, 2.058, 1.745, 1.468, 1.534, 1.645, 1.739, 1.903, 1.876, 1.918, 1.838, 1.623, 1.416, 1.471, 2.092, 2.446, 2.909, 2.996, 2.622, 3.296, 4.718, 6.15, 6.71, 6.862, 7.782, 9.325, 10.409, 11.323, 12.862, 13.825, 14.092, 14.821, 14.833, 15.077, 15.23, 14.869, 14.739, 14.778, 15.353, 14.7, 14.154, 14.706, 15.093, 14.872, 14.26, 13.166, 11.55, 9.508, 8.084, 7.397, 8.152, 8.711, 8.084, 7.302, 7.204, 8.114, 10.099, 10.468, 9.969, 9.646, 9.186, 8.73, 8.802, 8.981, 8.936], [2.735, 3.035, 3.215, 3.263, 2.628, 2.231, 1.938, 1.445, 1.341, 1.667, 1.354, 0.824, 0.0, 0.782, 0.857, 1.304, 2.199, 2.737, 2.618, 2.289, 2.413, 2.377, 2.144, 1.844, 1.61, 1.655, 1.874, 1.981, 2.222, 2.173, 2.162, 2.263, 1.922, 1.817, 1.787, 2.263, 2.781, 3.256, 3.175, 2.487, 2.952, 4.329, 5.73, 6.29, 6.431, 7.381, 8.888, 9.975, 10.868, 12.402, 13.405, 13.634, 14.35, 14.396, 14.648, 14.762, 14.406, 14.276, 14.312, 14.899, 14.261, 13.719, 14.254, 14.633, 14.412, 13.803, 12.715, 11.106, 9.095, 7.672, 7.02, 7.692, 8.28, 7.635, 6.859, 6.743, 7.671, 9.636, 10.018, 9.517, 9.184, 8.72, 8.273, 8.355, 8.494, 8.463], [2.928, 3.343, 3.669, 3.718, 3.001, 2.458, 2.294, 1.813, 1.681, 1.991, 1.789, 1.239, 0.782, 0.0, 0.603, 1.506, 2.43, 2.979, 2.88, 2.403, 2.421, 2.458, 2.22, 1.856, 1.754, 1.817, 2.026, 2.341, 2.634, 2.574, 2.556, 2.683, 2.319, 2.088, 2.249, 2.741, 3.245, 3.734, 3.602, 2.782, 2.81, 4.087, 5.5, 6.018, 6.184, 7.135, 8.631, 9.655, 10.553, 12.087, 13.093, 13.326, 14.027, 14.074, 14.349, 14.477, 14.091, 13.95, 13.987, 14.572, 13.944, 13.41, 13.944, 14.321, 14.1, 13.49, 12.404, 10.796, 8.795, 7.39, 6.751, 7.372, 7.975, 7.338, 6.559, 6.433, 7.359, 9.316, 9.737, 9.246, 8.92, 8.454, 8.011, 8.074, 8.209, 8.147], [3.206, 3.56, 3.864, 3.91, 3.238, 2.725, 2.494, 1.899, 1.64, 1.935, 1.801, 1.266, 0.857, 0.603, 0.0, 1.288, 2.342, 2.826, 2.719, 2.264, 2.29, 2.223, 1.994, 1.773, 1.644, 1.719, 1.939, 2.236, 2.523, 2.497, 2.517, 2.601, 2.171, 1.978, 2.201, 2.789, 3.338, 3.839, 3.749, 2.883, 2.853, 4.196, 5.502, 6.086, 6.298, 7.251, 8.773, 9.82, 10.696, 12.243, 13.241, 13.4, 14.135, 14.229, 14.497, 14.639, 14.247, 14.092, 14.107, 14.676, 14.073, 13.492, 14.083, 14.405, 14.239, 13.576, 12.558, 10.93, 8.84, 7.442, 6.835, 7.482, 8.092, 7.451, 6.706, 6.577, 7.497, 9.495, 9.891, 9.397, 9.067, 8.62, 8.173, 8.229, 8.373, 8.337], [3.672, 3.423, 3.475, 3.475, 3.114, 2.799, 2.312, 1.572, 0.997, 1.188, 1.158, 1.109, 1.304, 1.506, 1.288, 0.0, 1.29, 1.806, 1.7, 1.44, 1.544, 1.624, 1.42, 1.241, 1.09, 1.063, 1.092, 1.246, 1.555, 1.67, 1.701, 1.709, 1.362, 1.295, 1.545, 2.222, 2.76, 3.259, 3.452, 2.804, 3.605, 5.136, 6.406, 6.983, 7.232, 8.146, 9.69, 10.761, 11.634, 13.171, 14.201, 14.337, 15.067, 15.178, 15.423, 15.555, 15.177, 15.024, 15.044, 15.616, 15.035, 14.43, 15.007, 15.334, 15.161, 14.517, 13.49, 11.876, 9.743, 8.326, 7.715, 8.419, 9.018, 8.391, 7.647, 7.526, 8.438, 10.414, 10.812, 10.318, 9.978, 9.547, 9.083, 9.133, 9.292, 9.264], [4.543, 3.749, 3.69, 3.567, 3.527, 3.413, 2.938, 2.047, 1.352, 1.295, 1.51, 2.069, 2.199, 2.43, 2.342, 1.29, 0.0, 0.796, 0.799, 0.773, 1.182, 1.312, 1.315, 1.421, 1.396, 1.268, 1.166, 1.16, 1.328, 1.551, 1.617, 1.577, 1.309, 1.528, 1.575, 1.908, 2.523, 2.972, 3.392, 3.621, 4.72, 6.234, 7.618, 8.182, 8.431, 9.336, 10.873, 11.981, 12.843, 14.377, 15.429, 15.544, 16.272, 16.384, 16.624, 16.734, 16.383, 16.238, 16.246, 16.834, 16.262, 15.678, 16.231, 16.551, 16.367, 15.723, 14.697, 13.094, 10.954, 9.544, 8.929, 9.624, 10.257, 9.605, 8.851, 8.731, 9.652, 11.62, 12.014, 11.524, 11.182, 10.713, 10.277, 10.335, 10.476, 10.469], [4.956, 3.934, 3.641, 3.479, 3.502, 3.793, 3.429, 2.472, 1.83, 1.588, 1.952, 2.465, 2.737, 2.979, 2.826, 1.806, 0.796, 0.0, 0.579, 0.94, 1.246, 1.433, 1.575, 1.871, 1.9, 1.766, 1.666, 1.695, 1.734, 1.932, 2.007, 1.848, 1.638, 1.739, 1.888, 2.002, 2.241, 2.684, 3.157, 4.122, 5.217, 6.724, 8.118, 8.696, 8.934, 9.839, 11.398, 12.505, 13.367, 14.902, 15.945, 16.061, 16.8, 16.907, 17.146, 17.272, 16.91, 16.767, 16.78, 17.365, 16.772, 16.189, 16.757, 17.084, 16.896, 16.24, 15.221, 13.609, 11.469, 10.067, 9.438, 10.152, 10.765, 10.131, 9.365, 9.246, 10.181, 12.135, 12.529, 12.042, 11.709, 11.239, 10.816, 10.857, 11.022, 11.014], [4.86, 3.837, 3.589, 3.457, 3.487, 3.649, 3.261, 2.344, 1.702, 1.496, 1.786, 2.323, 2.618, 2.88, 2.719, 1.7, 0.799, 0.579, 0.0, 0.672, 1.079, 1.172, 1.426, 1.734, 1.736, 1.596, 1.549, 1.508, 1.51, 1.658, 1.777, 1.62, 1.468, 1.665, 1.756, 1.887, 2.215, 2.629, 3.102, 3.993, 5.094, 6.6, 7.996, 8.559, 8.808, 9.701, 11.271, 12.382, 13.25, 14.775, 15.808, 15.944, 16.668, 16.782, 17.021, 17.145, 16.778, 16.642, 16.654, 17.248, 16.649, 16.065, 16.637, 16.964, 16.769, 16.124, 15.105, 13.493, 11.353, 9.945, 9.315, 10.032, 10.643, 10.012, 9.244, 9.13, 10.064, 12.02, 12.427, 11.931, 11.599, 11.132, 10.691, 10.756, 10.925, 10.902], [4.71, 3.967, 3.816, 3.71, 3.703, 3.562, 3.195, 2.261, 1.491, 1.36, 1.652, 2.198, 2.289, 2.403, 2.264, 1.44, 0.773, 0.94, 0.672, 0.0, 0.678, 0.883, 1.047, 1.241, 1.271, 1.205, 1.175, 1.332, 1.466, 1.511, 1.64, 1.631, 1.508, 1.647, 1.629, 1.955, 2.51, 2.942, 3.391, 3.646, 4.659, 6.11, 7.523, 8.068, 8.319, 9.21, 10.778, 11.874, 12.766, 14.283, 15.281, 15.453, 16.18, 16.265, 16.507, 16.638, 16.294, 16.158, 16.165, 16.764, 16.149, 15.579, 16.158, 16.487, 16.283, 15.633, 14.606, 13.009, 10.869, 9.447, 8.826, 9.544, 10.155, 9.52, 8.74, 8.646, 9.581, 11.543, 11.941, 11.447, 11.112, 10.645, 10.211, 10.282, 10.449, 10.432], [4.899, 4.189, 4.041, 3.949, 3.941, 3.764, 3.519, 2.505, 1.757, 1.499, 1.84, 2.423, 2.413, 2.421, 2.29, 1.544, 1.182, 1.246, 1.079, 0.678, 0.0, 0.679, 0.816, 1.085, 1.253, 1.206, 1.102, 1.321, 1.48, 1.63, 1.753, 1.72, 1.595, 1.721, 1.938, 2.217, 2.755, 3.196, 3.618, 3.721, 4.618, 6.051, 7.38, 7.889, 8.132, 9.066, 10.607, 11.683, 12.579, 14.08, 15.064, 15.249, 15.975, 16.055, 16.305, 16.435, 16.099, 15.963, 15.964, 16.569, 15.954, 15.377, 15.962, 16.291, 16.089, 15.43, 14.404, 12.814, 10.669, 9.244, 8.635, 9.342, 9.952, 9.322, 8.536, 8.451, 9.385, 11.364, 11.758, 11.273, 10.941, 10.489, 10.048, 10.111, 10.297, 10.284], [4.815, 4.126, 3.955, 3.875, 3.871, 3.624, 3.327, 2.33, 1.715, 1.484, 1.709, 2.274, 2.377, 2.458, 2.223, 1.624, 1.312, 1.433, 1.172, 0.883, 0.679, 0.0, 0.62, 0.995, 1.166, 1.151, 1.137, 1.211, 1.313, 1.363, 1.474, 1.405, 1.424, 1.554, 1.695, 2.112, 2.654, 3.073, 3.516, 3.669, 4.576, 5.983, 7.364, 7.937, 8.173, 9.101, 10.646, 11.717, 12.61, 14.108, 15.065, 15.27, 15.998, 16.083, 16.332, 16.478, 16.126, 15.983, 15.983, 16.588, 15.976, 15.397, 15.981, 16.31, 16.116, 15.456, 14.434, 12.833, 10.688, 9.263, 8.642, 9.361, 9.971, 9.341, 8.555, 8.475, 9.413, 11.396, 11.798, 11.318, 10.982, 10.528, 10.083, 10.142, 10.342, 10.328], [4.523, 3.886, 3.779, 3.688, 3.665, 3.395, 3.119, 2.157, 1.563, 1.42, 1.529, 2.058, 2.144, 2.22, 1.994, 1.42, 1.315, 1.575, 1.426, 1.047, 0.816, 0.62, 0.0, 0.659, 0.981, 1.012, 1.008, 1.205, 1.349, 1.328, 1.342, 1.418, 1.448, 1.522, 1.454, 1.962, 2.479, 2.906, 3.354, 3.338, 4.204, 5.584, 6.874, 7.466, 7.703, 8.63, 10.187, 11.239, 12.137, 13.676, 14.601, 14.822, 15.565, 15.646, 15.908, 16.054, 15.683, 15.539, 15.546, 16.126, 15.516, 14.934, 15.517, 15.847, 15.67, 15.0, 13.971, 12.37, 10.232, 8.806, 8.203, 8.917, 9.512, 8.878, 8.117, 8.012, 8.951, 10.913, 11.321, 10.853, 10.52, 10.062, 9.613, 9.665, 9.861, 9.847], [4.167, 3.681, 3.71, 3.583, 3.504, 3.213, 2.894, 1.986, 1.381, 1.475, 1.448, 1.745, 1.844, 1.856, 1.773, 1.241, 1.421, 1.871, 1.734, 1.241, 1.085, 0.995, 0.659, 0.0, 0.571, 0.779, 0.894, 1.172, 1.368, 1.285, 1.199, 1.342, 1.402, 1.509, 1.208, 1.904, 2.533, 2.995, 3.405, 2.997, 3.762, 5.114, 6.468, 7.085, 7.313, 8.209, 9.77, 10.846, 11.752, 13.254, 14.221, 14.426, 15.149, 15.234, 15.489, 15.616, 15.279, 15.135, 15.136, 15.741, 15.13, 14.549, 15.132, 15.463, 15.271, 14.602, 13.578, 11.986, 9.842, 8.421, 7.826, 8.514, 9.124, 8.494, 7.708, 7.628, 8.566, 10.521, 10.923, 10.462, 10.129, 9.66, 9.22, 9.272, 9.447, 9.43], [3.932, 3.692, 3.715, 3.611, 3.49, 3.212, 2.751, 1.889, 1.318, 1.496, 1.442, 1.468, 1.61, 1.754, 1.644, 1.09, 1.396, 1.9, 1.736, 1.271, 1.253, 1.166, 0.981, 0.571, 0.0, 0.389, 0.686, 0.996, 1.253, 1.203, 1.256, 1.292, 1.203, 1.397, 1.255, 2.001, 2.637, 3.091, 3.477, 2.881, 3.661, 5.066, 6.403, 7.011, 7.265, 8.157, 9.721, 10.804, 11.684, 13.193, 14.228, 14.362, 15.088, 15.201, 15.441, 15.554, 15.208, 15.072, 15.076, 15.678, 15.071, 14.479, 15.073, 15.402, 15.197, 14.543, 13.516, 11.923, 9.782, 8.361, 7.736, 8.454, 9.064, 8.435, 7.649, 7.56, 8.494, 10.455, 10.857, 10.393, 10.061, 9.598, 9.158, 9.219, 9.375, 9.358], [4.029, 3.789, 3.804, 3.693, 3.588, 3.294, 2.795, 1.859, 1.277, 1.412, 1.379, 1.534, 1.655, 1.817, 1.719, 1.063, 1.268, 1.766, 1.596, 1.205, 1.206, 1.151, 1.012, 0.779, 0.389, 0.0, 0.464, 0.81, 1.059, 1.163, 1.219, 1.257, 1.116, 1.371, 1.324, 2.071, 2.708, 3.144, 3.565, 2.973, 3.785, 5.189, 6.583, 7.18, 7.432, 8.334, 9.89, 10.967, 11.847, 13.361, 14.388, 14.527, 15.254, 15.36, 15.598, 15.712, 15.366, 15.23, 15.237, 15.836, 15.235, 14.639, 15.231, 15.56, 15.36, 14.706, 13.676, 12.082, 9.942, 8.524, 7.9, 8.617, 9.224, 8.593, 7.816, 7.719, 8.654, 10.624, 11.03, 10.557, 10.224, 9.763, 9.321, 9.38, 9.537, 9.522], [4.216, 3.831, 3.807, 3.685, 3.631, 3.297, 2.792, 1.799, 1.255, 1.296, 1.374, 1.645, 1.874, 2.026, 1.939, 1.092, 1.166, 1.666, 1.549, 1.175, 1.102, 1.137, 1.008, 0.894, 0.686, 0.464, 0.0, 0.612, 0.928, 1.118, 1.167, 1.201, 1.097, 1.41, 1.334, 2.048, 2.683, 3.135, 3.539, 3.101, 4.002, 5.32, 6.805, 7.388, 7.63, 8.56, 10.103, 11.14, 12.038, 13.556, 14.533, 14.712, 15.438, 15.521, 15.787, 15.905, 15.552, 15.415, 15.422, 16.021, 15.401, 14.823, 15.42, 15.746, 15.567, 14.891, 13.861, 12.267, 10.127, 8.701, 8.081, 8.802, 9.409, 8.777, 7.986, 7.904, 8.838, 10.826, 11.247, 10.774, 10.438, 9.982, 9.539, 9.587, 9.737, 9.719], [4.205, 3.749, 3.76, 3.62, 3.543, 3.215, 2.653, 1.748, 1.201, 1.278, 1.326, 1.739, 1.981, 2.341, 2.236, 1.246, 1.16, 1.695, 1.508, 1.332, 1.321, 1.211, 1.205, 1.172, 0.996, 0.81, 0.612, 0.0, 0.473, 0.794, 0.939, 0.842, 0.854, 1.304, 1.297, 2.026, 2.664, 3.098, 3.491, 3.238, 4.325, 5.637, 7.125, 7.697, 7.932, 8.862, 10.395, 11.423, 12.322, 13.832, 14.779, 14.985, 15.711, 15.797, 16.068, 16.185, 15.823, 15.684, 15.691, 16.29, 15.669, 15.099, 15.7, 16.027, 15.848, 15.166, 14.133, 12.54, 10.4, 8.974, 8.372, 9.075, 9.681, 9.05, 8.265, 8.177, 9.111, 11.109, 11.539, 11.066, 10.732, 10.281, 9.842, 9.887, 10.047, 9.995], [4.194, 3.652, 3.669, 3.53, 3.443, 3.118, 2.593, 1.762, 1.274, 1.344, 1.391, 1.903, 2.222, 2.634, 2.523, 1.555, 1.328, 1.734, 1.51, 1.466, 1.48, 1.313, 1.349, 1.368, 1.253, 1.059, 0.928, 0.473, 0.0, 0.593, 0.779, 0.584, 0.856, 1.246, 1.215, 1.96, 2.543, 2.966, 3.412, 3.423, 4.527, 5.827, 7.283, 7.88, 8.118, 9.045, 10.577, 11.608, 12.507, 14.026, 14.966, 15.18, 15.907, 15.991, 16.262, 16.38, 16.019, 15.878, 15.885, 16.484, 15.867, 15.293, 15.895, 16.222, 16.043, 15.36, 14.329, 12.735, 10.595, 9.169, 8.55, 9.27, 9.877, 9.246, 8.454, 8.372, 9.307, 11.292, 11.724, 11.251, 10.918, 10.464, 10.028, 10.08, 10.238, 10.177], [3.942, 3.397, 3.405, 3.27, 3.189, 2.88, 2.324, 1.619, 1.469, 1.496, 1.475, 1.876, 2.173, 2.574, 2.497, 1.67, 1.551, 1.932, 1.658, 1.511, 1.63, 1.363, 1.328, 1.285, 1.203, 1.163, 1.118, 0.794, 0.593, 0.0, 0.462, 0.507, 1.137, 1.316, 1.06, 1.705, 2.269, 2.64, 3.097, 3.142, 4.234, 5.566, 6.986, 7.602, 7.843, 8.761, 10.294, 11.333, 12.232, 13.748, 14.715, 14.896, 15.622, 15.724, 15.984, 16.107, 15.735, 15.593, 15.6, 16.199, 15.584, 15.015, 15.616, 15.943, 15.764, 15.082, 14.054, 12.451, 10.311, 8.885, 8.276, 8.986, 9.592, 8.961, 8.169, 8.088, 9.028, 11.003, 11.44, 10.976, 10.642, 10.18, 9.743, 9.789, 9.951, 9.89], [3.808, 3.169, 3.193, 3.054, 2.994, 2.729, 2.273, 1.617, 1.502, 1.591, 1.52, 1.918, 2.162, 2.556, 2.517, 1.701, 1.617, 2.007, 1.777, 1.64, 1.753, 1.474, 1.342, 1.199, 1.256, 1.219, 1.167, 0.939, 0.779, 0.462, 0.0, 0.61, 1.248, 1.386, 1.01, 1.577, 2.131, 2.512, 2.948, 2.959, 4.076, 5.42, 6.834, 7.503, 7.698, 8.606, 10.152, 11.177, 12.07, 13.604, 14.565, 14.739, 15.474, 15.574, 15.826, 15.963, 15.587, 15.439, 15.451, 16.037, 15.42, 14.849, 15.451, 15.777, 15.607, 14.927, 13.891, 12.288, 10.153, 8.786, 8.191, 8.828, 9.432, 8.799, 8.02, 7.925, 8.866, 10.85, 11.286, 10.814, 10.481, 10.024, 9.587, 9.639, 9.79, 9.733], [4.061, 3.379, 3.41, 3.278, 3.166, 2.943, 2.429, 1.698, 1.375, 1.457, 1.455, 1.838, 2.263, 2.683, 2.601, 1.709, 1.577, 1.848, 1.62, 1.631, 1.72, 1.405, 1.418, 1.342, 1.292, 1.257, 1.201, 0.842, 0.584, 0.507, 0.61, 0.0, 0.901, 1.103, 1.005, 1.838, 2.3, 2.724, 3.177, 3.351, 4.453, 5.749, 7.228, 7.851, 8.087, 9.002, 10.538, 11.577, 12.475, 13.993, 14.941, 15.144, 15.87, 15.961, 16.226, 16.349, 15.984, 15.843, 15.85, 16.449, 15.828, 15.257, 15.858, 16.185, 16.006, 15.327, 14.302, 12.699, 10.559, 9.133, 8.513, 9.234, 9.841, 9.209, 8.418, 8.336, 9.273, 11.254, 11.691, 11.218, 10.885, 10.425, 9.988, 10.032, 10.189, 10.14], [4.109, 3.537, 3.607, 3.509, 3.319, 3.142, 2.64, 1.944, 1.2, 1.256, 1.281, 1.623, 1.922, 2.319, 2.171, 1.362, 1.309, 1.638, 1.468, 1.508, 1.595, 1.424, 1.448, 1.402, 1.203, 1.116, 1.097, 0.854, 0.856, 1.137, 1.248, 0.901, 0.0, 0.745, 1.227, 2.152, 2.615, 3.056, 3.443, 3.54, 4.512, 5.787, 7.291, 7.915, 8.15, 9.06, 10.602, 11.653, 12.555, 14.079, 15.021, 15.234, 15.96, 16.044, 16.31, 16.428, 16.073, 15.934, 15.941, 16.54, 15.919, 15.346, 15.943, 16.269, 16.09, 15.413, 14.383, 12.789, 10.649, 9.223, 8.603, 9.324, 9.931, 9.3, 8.508, 8.426, 9.361, 11.323, 11.76, 11.288, 10.955, 10.488, 10.051, 10.093, 10.256, 10.217], [3.879, 3.332, 3.383, 3.299, 3.076, 2.917, 2.501, 1.731, 1.187, 1.165, 1.247, 1.416, 1.817, 2.088, 1.978, 1.295, 1.528, 1.739, 1.665, 1.647, 1.721, 1.554, 1.522, 1.509, 1.397, 1.371, 1.41, 1.304, 1.246, 1.316, 1.386, 1.103, 0.745, 0.0, 1.248, 2.253, 2.486, 2.95, 3.292, 3.344, 4.303, 5.658, 7.117, 7.681, 7.924, 8.867, 10.395, 11.461, 12.347, 13.876, 14.84, 15.051, 15.765, 15.861, 16.113, 16.251, 15.876, 15.743, 15.745, 16.34, 15.71, 15.139, 15.74, 16.064, 15.877, 15.216, 14.202, 12.588, 10.468, 9.041, 8.422, 9.128, 9.732, 9.1, 8.317, 8.223, 9.159, 11.127, 11.534, 11.055, 10.722, 10.261, 9.824, 9.877, 10.039, 10.008], [3.5, 2.719, 2.71, 2.579, 2.513, 2.472, 2.114, 1.387, 1.132, 1.411, 1.259, 1.471, 1.787, 2.249, 2.201, 1.545, 1.575, 1.888, 1.756, 1.629, 1.938, 1.695, 1.454, 1.208, 1.255, 1.324, 1.334, 1.297, 1.215, 1.06, 1.01, 1.005, 1.227, 1.248, 0.0, 1.19, 1.546, 2.015, 2.436, 2.707, 3.835, 5.243, 6.681, 7.322, 7.515, 8.426, 9.984, 11.069, 11.984, 13.506, 14.452, 14.671, 15.399, 15.479, 15.725, 15.899, 15.513, 15.37, 15.383, 15.976, 15.357, 14.778, 15.373, 15.702, 15.506, 14.851, 13.823, 12.222, 10.077, 8.658, 8.046, 8.753, 9.36, 8.729, 7.946, 7.864, 8.794, 10.757, 11.133, 10.653, 10.322, 9.866, 9.409, 9.48, 9.651, 9.633], [3.116, 2.135, 1.929, 1.847, 1.881, 2.136, 2.098, 1.628, 1.74, 1.877, 1.867, 2.092, 2.263, 2.741, 2.789, 2.222, 1.908, 2.002, 1.887, 1.955, 2.217, 2.112, 1.962, 1.904, 2.001, 2.071, 2.048, 2.026, 1.96, 1.705, 1.577, 1.838, 2.152, 2.253, 1.19, 0.0, 1.092, 1.5, 1.581, 2.347, 3.464, 5.079, 6.454, 7.094, 7.243, 8.178, 9.692, 10.832, 11.669, 13.209, 14.26, 14.374, 15.104, 15.219, 15.465, 15.614, 15.22, 15.064, 15.093, 15.658, 15.093, 14.476, 15.048, 15.379, 15.202, 14.563, 13.549, 11.903, 9.792, 8.376, 7.797, 8.457, 9.057, 8.436, 7.706, 7.574, 8.483, 10.458, 10.824, 10.335, 10.012, 9.575, 9.1, 9.137, 9.342, 9.336], [3.664, 2.178, 1.669, 1.556, 1.784, 2.707, 2.747, 2.257, 2.188, 2.254, 2.251, 2.446, 2.781, 3.245, 3.338, 2.76, 2.523, 2.241, 2.215, 2.51, 2.755, 2.654, 2.479, 2.533, 2.637, 2.708, 2.683, 2.664, 2.543, 2.269, 2.131, 2.3, 2.615, 2.486, 1.546, 1.092, 0.0, 0.698, 1.413, 2.988, 4.158, 5.882, 7.241, 7.84, 7.943, 8.835, 10.363, 11.471, 12.326, 13.885, 14.945, 15.05, 15.784, 15.897, 16.127, 16.302, 15.877, 15.72, 15.742, 16.296, 15.713, 15.11, 15.692, 16.033, 15.833, 15.209, 14.193, 12.543, 10.459, 9.07, 8.453, 9.102, 9.696, 9.071, 8.35, 8.21, 9.118, 11.102, 11.471, 10.984, 10.668, 10.217, 9.769, 9.8, 10.016, 10.005], [3.783, 2.131, 1.533, 1.404, 1.866, 2.883, 2.966, 2.701, 2.704, 2.717, 2.725, 2.909, 3.256, 3.734, 3.839, 3.259, 2.972, 2.684, 2.629, 2.942, 3.196, 3.073, 2.906, 2.995, 3.091, 3.144, 3.135, 3.098, 2.966, 2.64, 2.512, 2.724, 3.056, 2.95, 2.015, 1.5, 0.698, 0.0, 1.376, 3.065, 4.383, 6.188, 7.56, 8.053, 8.157, 9.078, 10.504, 11.635, 12.448, 14.029, 15.122, 15.26, 16.005, 16.093, 16.338, 16.495, 16.036, 15.856, 15.964, 16.395, 15.832, 15.226, 15.744, 16.129, 15.945, 15.38, 14.345, 12.625, 10.614, 9.178, 8.547, 9.279, 9.8, 9.183, 8.496, 8.327, 9.195, 11.201, 11.568, 11.079, 10.78, 10.358, 9.859, 9.906, 10.171, 10.164], [2.554, 1.313, 1.435, 1.668, 1.532, 2.075, 2.274, 2.438, 2.909, 3.052, 3.012, 2.996, 3.175, 3.602, 3.749, 3.452, 3.392, 3.157, 3.102, 3.391, 3.618, 3.516, 3.354, 3.405, 3.477, 3.565, 3.539, 3.491, 3.412, 3.097, 2.948, 3.177, 3.443, 3.292, 2.436, 1.581, 1.413, 1.376, 0.0, 1.807, 3.244, 5.002, 6.423, 7.001, 7.082, 7.951, 9.281, 10.396, 11.137, 12.744, 13.931, 13.964, 14.715, 14.858, 15.105, 15.226, 14.751, 14.572, 14.674, 15.1, 14.606, 13.954, 14.44, 14.803, 14.659, 14.086, 13.073, 11.303, 9.321, 8.022, 7.481, 7.98, 8.502, 7.891, 7.236, 7.038, 7.899, 9.902, 10.26, 9.783, 9.49, 9.082, 8.609, 8.622, 8.912, 8.907], [1.586, 1.667, 2.384, 2.749, 2.183, 1.891, 1.861, 2.305, 2.868, 3.19, 2.872, 2.622, 2.487, 2.782, 2.883, 2.804, 3.621, 4.122, 3.993, 3.646, 3.721, 3.669, 3.338, 2.997, 2.881, 2.973, 3.101, 3.238, 3.423, 3.142, 2.959, 3.351, 3.54, 3.344, 2.707, 2.347, 2.988, 3.065, 1.807, 0.0, 1.729, 3.411, 4.775, 5.338, 5.512, 6.329, 7.651, 8.756, 9.48, 11.117, 12.318, 12.336, 13.087, 13.249, 13.495, 13.614, 13.114, 12.964, 13.054, 13.474, 12.936, 12.249, 12.817, 13.131, 13.045, 12.456, 11.463, 9.662, 7.696, 6.444, 5.892, 6.362, 6.884, 6.254, 5.57, 5.356, 6.229, 8.215, 8.581, 8.095, 7.815, 7.41, 6.934, 6.951, 7.267, 7.269], [1.94, 2.717, 3.709, 3.944, 3.251, 2.753, 2.783, 3.258, 3.906, 4.332, 3.934, 3.296, 2.952, 2.81, 2.853, 3.605, 4.72, 5.217, 5.094, 4.659, 4.618, 4.576, 4.204, 3.762, 3.661, 3.785, 4.002, 4.325, 4.527, 4.234, 4.076, 4.453, 4.512, 4.303, 3.835, 3.464, 4.158, 4.383, 3.244, 1.729, 0.0, 1.927, 3.573, 4.374, 4.494, 5.084, 6.362, 7.39, 8.253, 9.809, 10.865, 11.007, 11.723, 11.817, 12.062, 12.253, 11.807, 11.65, 11.701, 12.239, 11.649, 11.062, 11.63, 11.941, 11.773, 11.13, 10.14, 8.552, 6.462, 5.497, 4.898, 5.063, 5.649, 5.01, 4.289, 4.17, 5.055, 7.035, 7.405, 6.914, 6.601, 6.144, 5.674, 5.723, 5.942, 5.932], [3.097, 4.4, 5.443, 5.663, 4.862, 3.797, 4.122, 4.651, 5.233, 5.682, 5.38, 4.718, 4.329, 4.087, 4.196, 5.136, 6.234, 6.724, 6.6, 6.11, 6.051, 5.983, 5.584, 5.114, 5.066, 5.189, 5.32, 5.637, 5.827, 5.566, 5.42, 5.749, 5.787, 5.658, 5.243, 5.079, 5.882, 6.188, 5.002, 3.411, 1.927, 0.0, 2.035, 2.923, 3.111, 3.702, 5.004, 5.978, 6.869, 8.403, 9.355, 9.62, 10.297, 10.382, 10.662, 10.785, 10.411, 10.268, 10.281, 10.869, 10.246, 9.669, 10.261, 10.588, 10.396, 9.744, 8.743, 7.228, 5.075, 4.16, 3.57, 3.692, 4.265, 3.656, 2.931, 2.841, 3.689, 5.637, 6.033, 5.557, 5.237, 4.756, 4.322, 4.373, 4.537, 4.529], [4.518, 5.882, 6.838, 6.996, 6.217, 5.156, 5.436, 6.087, 6.778, 7.204, 6.844, 6.15, 5.73, 5.5, 5.502, 6.406, 7.618, 8.118, 7.996, 7.523, 7.38, 7.364, 6.874, 6.468, 6.403, 6.583, 6.805, 7.125, 7.283, 6.986, 6.834, 7.228, 7.291, 7.117, 6.681, 6.454, 7.241, 7.56, 6.423, 4.775, 3.573, 2.035, 0.0, 1.24, 1.275, 1.894, 3.378, 4.453, 5.306, 6.866, 7.86, 8.007, 8.752, 8.835, 9.121, 9.27, 8.864, 8.708, 8.732, 9.303, 8.692, 8.105, 8.706, 9.029, 8.864, 8.18, 7.172, 5.556, 3.454, 2.262, 1.953, 2.576, 3.273, 3.061, 2.471, 2.495, 2.694, 4.082, 4.491, 4.032, 3.713, 3.244, 2.836, 2.873, 3.021, 3.078], [5.158, 6.534, 7.365, 7.489, 6.731, 5.667, 5.92, 6.667, 7.36, 7.736, 7.377, 6.71, 6.29, 6.018, 6.086, 6.983, 8.182, 8.696, 8.559, 8.068, 7.889, 7.937, 7.466, 7.085, 7.011, 7.18, 7.388, 7.697, 7.88, 7.602, 7.503, 7.851, 7.915, 7.681, 7.322, 7.094, 7.84, 8.053, 7.001, 5.338, 4.374, 2.923, 1.24, 0.0, 0.859, 1.472, 2.767, 3.856, 4.737, 6.267, 7.324, 7.522, 8.253, 8.305, 8.568, 8.724, 8.273, 8.16, 8.219, 8.772, 8.119, 7.526, 8.144, 8.483, 8.267, 7.647, 6.634, 4.994, 2.946, 1.822, 1.839, 2.58, 3.133, 3.401, 3.063, 2.998, 2.767, 3.637, 3.901, 3.396, 3.064, 2.611, 2.241, 2.313, 2.541, 2.751], [5.137, 6.621, 7.38, 7.586, 6.745, 5.783, 6.069, 6.896, 7.566, 7.92, 7.509, 6.862, 6.431, 6.184, 6.298, 7.232, 8.431, 8.934, 8.808, 8.319, 8.132, 8.173, 7.703, 7.313, 7.265, 7.432, 7.63, 7.932, 8.118, 7.843, 7.698, 8.087, 8.15, 7.924, 7.515, 7.243, 7.943, 8.157, 7.082, 5.512, 4.494, 3.111, 1.275, 0.859, 0.0, 1.144, 2.536, 3.628, 4.535, 6.069, 7.119, 7.395, 8.129, 8.122, 8.368, 8.549, 8.074, 8.009, 8.08, 8.629, 7.929, 7.377, 7.969, 8.341, 8.113, 7.506, 6.429, 4.768, 2.805, 1.512, 1.605, 2.404, 2.935, 3.241, 2.812, 2.712, 2.412, 3.386, 3.671, 3.188, 2.862, 2.395, 2.006, 2.167, 2.363, 2.643], [5.975, 7.449, 8.324, 8.548, 7.764, 6.779, 7.075, 7.808, 8.519, 8.859, 8.463, 7.782, 7.381, 7.135, 7.251, 8.146, 9.336, 9.839, 9.701, 9.21, 9.066, 9.101, 8.63, 8.209, 8.157, 8.334, 8.56, 8.862, 9.045, 8.761, 8.606, 9.002, 9.06, 8.867, 8.426, 8.178, 8.835, 9.078, 7.951, 6.329, 5.084, 3.702, 1.894, 1.472, 1.144, 0.0, 1.636, 2.729, 3.62, 5.115, 6.164, 6.375, 7.108, 7.121, 7.351, 7.538, 7.136, 7.033, 7.071, 7.65, 7.008, 6.453, 7.002, 7.387, 7.146, 6.523, 5.421, 3.84, 1.909, 1.27, 1.429, 1.895, 2.494, 3.053, 2.655, 2.59, 2.093, 2.465, 2.767, 2.313, 2.02, 1.623, 1.452, 1.584, 1.717, 1.979], [7.25, 8.766, 9.656, 9.984, 9.198, 8.218, 8.515, 9.358, 10.027, 10.384, 10.01, 9.325, 8.888, 8.631, 8.773, 9.69, 10.873, 11.398, 11.271, 10.778, 10.607, 10.646, 10.187, 9.77, 9.721, 9.89, 10.103, 10.395, 10.577, 10.294, 10.152, 10.538, 10.602, 10.395, 9.984, 9.692, 10.363, 10.504, 9.281, 7.651, 6.362, 5.004, 3.378, 2.767, 2.536, 1.636, 0.0, 1.291, 2.181, 3.616, 4.755, 4.902, 5.643, 5.689, 5.938, 6.117, 5.617, 5.529, 5.626, 6.159, 5.489, 4.933, 5.5, 5.875, 5.631, 5.022, 3.973, 2.628, 1.521, 2.033, 2.525, 2.614, 2.929, 3.512, 3.268, 3.468, 2.838, 1.967, 1.843, 1.586, 1.548, 1.467, 1.618, 1.71, 1.764, 1.97], [8.047, 9.773, 10.678, 10.911, 10.104, 9.231, 9.621, 10.434, 11.11, 11.471, 11.076, 10.409, 9.975, 9.655, 9.82, 10.761, 11.981, 12.505, 12.382, 11.874, 11.683, 11.717, 11.239, 10.846, 10.804, 10.967, 11.14, 11.423, 11.608, 11.333, 11.177, 11.577, 11.653, 11.461, 11.069, 10.832, 11.471, 11.635, 10.396, 8.756, 7.39, 5.978, 4.453, 3.856, 3.628, 2.729, 1.291, 0.0, 1.249, 2.645, 3.862, 4.286, 4.765, 4.721, 5.092, 5.118, 4.672, 4.572, 4.674, 5.185, 4.626, 4.065, 4.564, 4.921, 4.703, 4.183, 3.274, 2.213, 2.151, 3.136, 3.64, 3.189, 3.139, 3.788, 3.666, 3.813, 3.171, 2.22, 1.773, 1.6, 1.611, 1.738, 2.069, 2.07, 2.062, 2.299], [8.748, 10.511, 11.487, 11.866, 11.008, 10.156, 10.537, 11.329, 12.004, 12.388, 11.958, 11.323, 10.868, 10.553, 10.696, 11.634, 12.843, 13.367, 13.25, 12.766, 12.579, 12.61, 12.137, 11.752, 11.684, 11.847, 12.038, 12.322, 12.507, 12.232, 12.07, 12.475, 12.555, 12.347, 11.984, 11.669, 12.326, 12.448, 11.137, 9.48, 8.253, 6.869, 5.306, 4.737, 4.535, 3.62, 2.181, 1.249, 0.0, 1.728, 3.418, 3.857, 4.168, 4.047, 4.635, 4.5, 4.095, 3.96, 4.117, 4.455, 4.287, 3.717, 4.104, 4.201, 4.011, 3.915, 3.182, 2.089, 2.719, 3.917, 4.447, 3.745, 3.245, 3.916, 4.414, 4.446, 3.625, 1.899, 1.542, 1.773, 2.026, 2.349, 2.754, 2.675, 2.543, 2.569], [10.358, 12.112, 13.091, 13.449, 12.637, 11.716, 12.082, 12.87, 13.538, 13.918, 13.496, 12.862, 12.402, 12.087, 12.243, 13.171, 14.377, 14.902, 14.775, 14.283, 14.08, 14.108, 13.676, 13.254, 13.193, 13.361, 13.556, 13.832, 14.026, 13.748, 13.604, 13.993, 14.079, 13.876, 13.506, 13.209, 13.885, 14.029, 12.744, 11.117, 9.809, 8.403, 6.866, 6.267, 6.069, 5.115, 3.616, 2.645, 1.728, 0.0, 2.335, 2.611, 2.817, 2.566, 3.108, 3.228, 2.699, 2.949, 3.077, 3.394, 3.141, 2.715, 3.076, 3.235, 3.024, 2.906, 2.632, 2.494, 3.971, 5.236, 5.789, 5.141, 4.521, 5.226, 5.859, 5.917, 5.161, 3.151, 2.933, 3.31, 3.577, 3.941, 4.376, 4.318, 4.082, 4.066], [11.628, 13.326, 14.373, 14.606, 13.773, 12.769, 13.082, 13.864, 14.491, 14.872, 14.511, 13.825, 13.405, 13.093, 13.241, 14.201, 15.429, 15.945, 15.808, 15.281, 15.064, 15.065, 14.601, 14.221, 14.228, 14.388, 14.533, 14.779, 14.966, 14.715, 14.565, 14.941, 15.021, 14.84, 14.452, 14.26, 14.945, 15.122, 13.931, 12.318, 10.865, 9.355, 7.86, 7.324, 7.119, 6.164, 4.755, 3.862, 3.418, 2.335, 0.0, 1.192, 1.302, 1.361, 1.695, 1.723, 1.646, 1.804, 1.719, 1.898, 1.549, 1.587, 1.944, 1.906, 1.744, 1.586, 2.036, 3.05, 4.83, 6.136, 6.674, 6.258, 5.798, 6.42, 6.937, 7.325, 6.548, 4.765, 4.582, 4.877, 5.054, 5.336, 5.675, 5.773, 5.519, 5.487], [11.79, 13.359, 14.466, 14.836, 14.036, 13.091, 13.387, 14.028, 14.703, 15.136, 14.779, 14.092, 13.634, 13.326, 13.4, 14.337, 15.544, 16.061, 15.944, 15.453, 15.249, 15.27, 14.822, 14.426, 14.362, 14.527, 14.712, 14.985, 15.18, 14.896, 14.739, 15.144, 15.234, 15.051, 14.671, 14.374, 15.05, 15.26, 13.964, 12.336, 11.007, 9.62, 8.007, 7.522, 7.395, 6.375, 4.902, 4.286, 3.857, 2.611, 1.192, 0.0, 1.035, 1.467, 1.568, 1.525, 1.494, 1.857, 1.578, 1.727, 1.509, 1.58, 1.834, 1.624, 1.784, 1.513, 1.713, 3.148, 4.699, 6.124, 6.78, 6.222, 6.255, 6.87, 7.237, 7.576, 6.839, 5.179, 4.953, 5.226, 5.37, 5.661, 6.035, 6.095, 5.863, 6.009], [12.395, 14.043, 15.205, 15.562, 14.746, 13.828, 14.124, 14.762, 15.433, 15.852, 15.496, 14.821, 14.35, 14.027, 14.135, 15.067, 16.272, 16.8, 16.668, 16.18, 15.975, 15.998, 15.565, 15.149, 15.088, 15.254, 15.438, 15.711, 15.907, 15.622, 15.474, 15.87, 15.96, 15.765, 15.399, 15.104, 15.784, 16.005, 14.715, 13.087, 11.723, 10.297, 8.752, 8.253, 8.129, 7.108, 5.643, 4.765, 4.168, 2.817, 1.302, 1.035, 0.0, 0.887, 0.852, 0.987, 0.952, 1.331, 1.155, 1.295, 1.222, 1.553, 1.581, 1.429, 1.299, 1.197, 2.054, 3.733, 5.523, 6.908, 7.548, 6.917, 6.623, 7.234, 7.868, 8.07, 7.297, 5.454, 5.297, 5.615, 5.794, 6.116, 6.499, 6.538, 6.27, 6.296], [12.45, 14.221, 15.296, 15.584, 14.758, 13.832, 14.138, 14.857, 15.533, 15.895, 15.524, 14.833, 14.396, 14.074, 14.229, 15.178, 16.384, 16.907, 16.782, 16.265, 16.055, 16.083, 15.646, 15.234, 15.201, 15.36, 15.521, 15.797, 15.991, 15.724, 15.574, 15.961, 16.044, 15.861, 15.479, 15.219, 15.897, 16.093, 14.858, 13.249, 11.817, 10.382, 8.835, 8.305, 8.122, 7.121, 5.689, 4.721, 4.047, 2.566, 1.361, 1.467, 0.887, 0.0, 0.928, 1.361, 1.009, 1.247, 1.137, 1.276, 1.182, 1.501, 1.477, 1.423, 1.204, 1.304, 2.107, 3.804, 5.747, 7.075, 7.627, 7.105, 6.62, 7.225, 7.936, 8.169, 7.376, 5.358, 5.274, 5.63, 5.817, 6.132, 6.501, 6.564, 6.282, 6.159], [12.864, 14.491, 15.517, 15.783, 14.968, 14.022, 14.395, 15.105, 15.784, 16.147, 15.73, 15.077, 14.648, 14.349, 14.497, 15.423, 16.624, 17.146, 17.021, 16.507, 16.305, 16.332, 15.908, 15.489, 15.441, 15.598, 15.787, 16.068, 16.262, 15.984, 15.826, 16.226, 16.31, 16.113, 15.725, 15.465, 16.127, 16.338, 15.105, 13.495, 12.062, 10.662, 9.121, 8.568, 8.368, 7.351, 5.938, 5.092, 4.635, 3.108, 1.695, 1.568, 0.852, 0.928, 0.0, 1.241, 0.982, 1.658, 1.419, 1.574, 1.364, 1.908, 1.873, 1.69, 1.573, 1.588, 2.52, 4.259, 6.035, 7.37, 7.915, 7.49, 7.07, 7.621, 8.191, 8.603, 7.858, 6.005, 5.905, 6.198, 6.318, 6.604, 6.953, 7.02, 6.739, 6.782], [12.855, 14.568, 15.601, 15.894, 15.098, 14.172, 14.563, 15.25, 15.919, 16.282, 15.857, 15.23, 14.762, 14.477, 14.639, 15.555, 16.734, 17.272, 17.145, 16.638, 16.435, 16.478, 16.054, 15.616, 15.554, 15.712, 15.905, 16.185, 16.38, 16.107, 15.963, 16.349, 16.428, 16.251, 15.899, 15.614, 16.302, 16.495, 15.226, 13.614, 12.253, 10.785, 9.27, 8.724, 8.549, 7.538, 6.117, 5.118, 4.5, 3.228, 1.723, 1.525, 0.987, 1.361, 1.241, 0.0, 1.316, 1.726, 1.561, 1.429, 1.572, 1.96, 2.059, 1.878, 1.627, 1.731, 2.527, 4.165, 6.136, 7.539, 8.086, 7.527, 7.025, 7.685, 8.322, 8.471, 7.723, 5.936, 5.726, 6.026, 6.172, 6.523, 6.962, 6.914, 6.619, 6.693], [12.415, 14.122, 15.091, 15.457, 14.636, 13.722, 14.085, 14.875, 15.547, 15.926, 15.5, 14.869, 14.406, 14.091, 14.247, 15.177, 16.383, 16.91, 16.778, 16.294, 16.099, 16.126, 15.683, 15.279, 15.208, 15.366, 15.552, 15.823, 16.019, 15.735, 15.587, 15.984, 16.073, 15.876, 15.513, 15.22, 15.877, 16.036, 14.751, 13.114, 11.807, 10.411, 8.864, 8.273, 8.074, 7.136, 5.617, 4.672, 4.095, 2.699, 1.646, 1.494, 0.952, 1.009, 0.982, 1.316, 0.0, 1.088, 1.008, 1.209, 0.837, 1.233, 1.217, 1.319, 0.983, 1.012, 1.923, 3.697, 5.752, 7.097, 7.62, 7.104, 6.642, 7.221, 7.857, 8.095, 7.349, 5.492, 5.389, 5.672, 5.787, 6.117, 6.479, 6.48, 6.223, 6.285], [12.228, 13.935, 15.042, 15.425, 14.6, 13.693, 13.989, 14.723, 15.397, 15.781, 15.42, 14.739, 14.276, 13.95, 14.092, 15.024, 16.238, 16.767, 16.642, 16.158, 15.963, 15.983, 15.539, 15.135, 15.072, 15.23, 15.415, 15.684, 15.878, 15.593, 15.439, 15.843, 15.934, 15.743, 15.37, 15.064, 15.72, 15.856, 14.572, 12.964, 11.65, 10.268, 8.708, 8.16, 8.009, 7.033, 5.529, 4.572, 3.96, 2.949, 1.804, 1.857, 1.331, 1.247, 1.658, 1.726, 1.088, 0.0, 0.752, 1.104, 1.228, 1.221, 0.966, 1.047, 0.778, 0.943, 1.84, 3.56, 5.558, 6.931, 7.49, 6.915, 6.721, 7.355, 7.85, 7.944, 7.142, 5.383, 5.012, 5.313, 5.535, 5.924, 6.311, 6.277, 6.091, 6.09], [12.284, 13.99, 15.138, 15.493, 14.683, 13.768, 14.063, 14.743, 15.412, 15.816, 15.458, 14.778, 14.312, 13.987, 14.107, 15.044, 16.246, 16.78, 16.654, 16.165, 15.964, 15.983, 15.546, 15.136, 15.076, 15.237, 15.422, 15.691, 15.885, 15.6, 15.451, 15.85, 15.941, 15.745, 15.383, 15.093, 15.742, 15.964, 14.674, 13.054, 11.701, 10.281, 8.732, 8.219, 8.08, 7.071, 5.626, 4.674, 4.117, 3.077, 1.719, 1.578, 1.155, 1.137, 1.419, 1.561, 1.008, 0.752, 0.0, 0.868, 1.057, 1.288, 1.047, 0.961, 0.787, 0.896, 1.907, 3.668, 5.591, 6.996, 7.589, 6.907, 6.869, 7.507, 7.952, 8.034, 7.255, 5.538, 5.194, 5.472, 5.627, 5.983, 6.396, 6.408, 6.141, 6.266], [12.78, 14.442, 15.625, 16.021, 15.162, 14.293, 14.604, 15.313, 15.998, 16.403, 16.038, 15.353, 14.899, 14.572, 14.676, 15.616, 16.834, 17.365, 17.248, 16.764, 16.569, 16.588, 16.126, 15.741, 15.678, 15.836, 16.021, 16.29, 16.484, 16.199, 16.037, 16.449, 16.54, 16.34, 15.976, 15.658, 16.296, 16.395, 15.1, 13.474, 12.239, 10.869, 9.303, 8.772, 8.629, 7.65, 6.159, 5.185, 4.455, 3.394, 1.898, 1.727, 1.295, 1.276, 1.574, 1.429, 1.209, 1.104, 0.868, 0.0, 1.077, 1.467, 1.286, 1.078, 0.91, 1.271, 2.364, 4.061, 6.036, 7.412, 8.039, 7.435, 7.128, 7.802, 8.416, 8.513, 7.662, 5.841, 5.504, 5.839, 6.078, 6.494, 6.878, 6.833, 6.679, 6.702], [12.415, 14.014, 15.055, 15.347, 14.429, 13.591, 13.901, 14.71, 15.368, 15.742, 15.396, 14.7, 14.261, 13.944, 14.073, 15.035, 16.262, 16.772, 16.649, 16.149, 15.954, 15.976, 15.516, 15.13, 15.071, 15.235, 15.401, 15.669, 15.867, 15.584, 15.42, 15.828, 15.919, 15.71, 15.357, 15.093, 15.713, 15.832, 14.606, 12.936, 11.649, 10.246, 8.692, 8.119, 7.929, 7.008, 5.489, 4.626, 4.287, 3.141, 1.549, 1.509, 1.222, 1.182, 1.364, 1.572, 0.837, 1.228, 1.057, 1.077, 0.0, 0.871, 1.085, 1.108, 1.04, 1.015, 1.932, 3.667, 5.625, 6.936, 7.48, 7.096, 6.779, 7.361, 7.691, 8.066, 7.301, 5.575, 5.395, 5.627, 5.79, 6.078, 6.384, 6.501, 6.321, 6.425], [11.766, 13.354, 14.447, 14.812, 13.902, 13.057, 13.362, 14.114, 14.795, 15.196, 14.834, 14.154, 13.719, 13.41, 13.492, 14.43, 15.678, 16.189, 16.065, 15.579, 15.377, 15.397, 14.934, 14.549, 14.479, 14.639, 14.823, 15.099, 15.293, 15.015, 14.849, 15.257, 15.346, 15.139, 14.778, 14.476, 15.11, 15.226, 13.954, 12.249, 11.062, 9.669, 8.105, 7.526, 7.377, 6.453, 4.933, 4.065, 3.717, 2.715, 1.587, 1.58, 1.553, 1.501, 1.908, 1.96, 1.233, 1.221, 1.288, 1.467, 0.871, 0.0, 0.916, 1.184, 1.162, 0.974, 1.405, 2.985, 4.948, 6.303, 6.884, 6.412, 6.207, 6.841, 7.149, 7.431, 6.635, 5.071, 4.76, 4.981, 5.154, 5.479, 5.774, 5.826, 5.763, 5.886], [12.203, 13.844, 14.987, 15.372, 14.481, 13.627, 13.937, 14.707, 15.385, 15.759, 15.386, 14.706, 14.254, 13.944, 14.083, 15.007, 16.231, 16.757, 16.637, 16.158, 15.962, 15.981, 15.517, 15.132, 15.073, 15.231, 15.42, 15.7, 15.895, 15.616, 15.451, 15.858, 15.943, 15.74, 15.373, 15.048, 15.692, 15.744, 14.44, 12.817, 11.63, 10.261, 8.706, 8.144, 7.969, 7.002, 5.5, 4.564, 4.104, 3.076, 1.944, 1.834, 1.581, 1.477, 1.873, 2.059, 1.217, 0.966, 1.047, 1.286, 1.085, 0.916, 0.0, 0.924, 0.919, 1.049, 1.695, 3.352, 5.432, 6.821, 7.385, 6.867, 6.662, 7.344, 7.759, 7.853, 6.948, 5.477, 5.111, 5.326, 5.531, 5.92, 6.264, 6.245, 6.194, 6.295], [12.505, 14.157, 15.337, 15.727, 14.842, 14.012, 14.319, 15.034, 15.71, 16.136, 15.771, 15.093, 14.633, 14.321, 14.405, 15.334, 16.551, 17.084, 16.964, 16.487, 16.291, 16.31, 15.847, 15.463, 15.402, 15.56, 15.746, 16.027, 16.222, 15.943, 15.777, 16.185, 16.269, 16.064, 15.702, 15.379, 16.033, 16.129, 14.803, 13.131, 11.941, 10.588, 9.029, 8.483, 8.341, 7.387, 5.875, 4.921, 4.201, 3.235, 1.906, 1.624, 1.429, 1.423, 1.69, 1.878, 1.319, 1.047, 0.961, 1.078, 1.108, 1.184, 0.924, 0.0, 0.892, 1.215, 2.046, 3.724, 5.723, 7.123, 7.771, 7.13, 6.806, 7.481, 8.103, 8.173, 7.331, 5.502, 5.285, 5.549, 5.787, 6.175, 6.588, 6.544, 6.414, 6.499], [12.298, 14.016, 15.131, 15.524, 14.691, 13.811, 14.109, 14.864, 15.536, 15.922, 15.558, 14.872, 14.412, 14.1, 14.239, 15.161, 16.367, 16.896, 16.769, 16.283, 16.089, 16.116, 15.67, 15.271, 15.197, 15.36, 15.567, 15.848, 16