[[0.0, 0.647, 0.889, 1.313, 1.299, 1.683, 1.711, 1.755, 1.85, 1.936, 2.41, 3.279, 3.571, 4.003, 4.098, 3.357, 3.52, 3.34, 3.751, 3.75, 3.375, 3.32, 3.165, 2.892, 3.831, 5.935, 6.089, 6.175, 5.742, 4.034, 3.922, 3.95, 2.615, 1.619, 2.144, 2.076, 1.623, 1.838, 1.744, 1.699, 1.976, 2.547, 2.992, 2.925, 2.243, 1.465, 1.66, 2.102, 2.262, 2.222, 1.909, 2.075, 2.072, 2.375, 2.404, 2.583, 2.716, 3.399, 3.993, 4.161, 4.347, 5.343, 4.647, 2.565, 2.944, 3.013, 1.728, 2.26, 3.723, 4.048, 3.6, 3.236, 3.718, 4.314, 5.297, 3.802, 2.033, 1.297, 1.403, 1.652, 1.529, 2.135, 2.209, 2.461, 2.298, 2.098], [0.647, 0.0, 0.658, 1.176, 1.375, 1.649, 1.672, 1.55, 1.668, 1.786, 2.367, 3.62, 3.944, 4.324, 4.43, 3.787, 3.636, 3.631, 3.931, 3.715, 3.171, 3.043, 2.929, 2.706, 3.544, 5.619, 5.772, 5.857, 5.426, 3.725, 3.673, 3.645, 2.254, 1.486, 2.51, 2.427, 1.885, 1.976, 1.729, 1.876, 2.098, 2.884, 3.343, 3.236, 2.566, 1.524, 1.288, 1.76, 2.026, 2.179, 1.889, 1.98, 2.128, 2.52, 2.429, 2.473, 2.81, 3.756, 4.301, 4.495, 4.677, 5.659, 4.963, 2.875, 3.272, 3.345, 1.616, 2.048, 3.359, 3.683, 3.243, 2.899, 3.379, 3.967, 4.971, 3.46, 1.713, 1.009, 1.072, 1.293, 1.711, 2.378, 2.485, 2.846, 2.627, 2.346], [0.889, 0.658, 0.0, 1.15, 1.236, 1.553, 1.556, 1.47, 1.59, 1.721, 2.228, 3.415, 3.757, 4.084, 4.367, 3.616, 3.474, 3.443, 3.745, 3.568, 3.041, 2.926, 2.806, 2.646, 3.416, 5.49, 5.655, 5.744, 5.297, 3.633, 3.521, 3.53, 2.123, 1.608, 2.525, 2.447, 1.991, 2.123, 1.91, 1.865, 2.153, 2.985, 3.44, 3.325, 2.693, 1.695, 1.194, 1.729, 1.98, 2.097, 1.89, 2.015, 2.205, 2.554, 2.345, 2.566, 2.887, 3.705, 4.383, 4.553, 4.714, 5.741, 5.039, 3.033, 3.366, 3.495, 1.765, 1.981, 3.227, 3.54, 3.116, 2.795, 3.251, 3.808, 4.813, 3.329, 1.582, 1.077, 1.158, 1.463, 1.888, 2.553, 2.673, 3.029, 2.843, 2.555], [1.313, 1.176, 1.15, 0.0, 0.972, 1.34, 1.421, 1.259, 1.42, 1.68, 1.726, 2.96, 3.325, 3.662, 3.854, 3.256, 3.241, 3.246, 3.498, 3.116, 2.775, 3.021, 2.89, 2.732, 3.763, 5.865, 6.014, 6.11, 5.693, 3.955, 3.887, 3.888, 2.317, 1.295, 1.982, 1.965, 1.487, 1.676, 1.49, 1.466, 1.786, 2.523, 2.952, 2.826, 2.193, 1.287, 1.393, 1.75, 1.879, 1.789, 1.501, 1.512, 1.676, 2.1, 1.952, 2.002, 2.438, 3.342, 3.92, 3.967, 4.149, 5.201, 4.536, 2.589, 2.912, 3.047, 1.26, 2.029, 3.578, 3.917, 3.492, 3.274, 3.741, 4.197, 5.198, 3.817, 2.12, 1.346, 1.368, 1.712, 1.858, 2.18, 2.361, 2.683, 2.516, 2.355], [1.299, 1.375, 1.236, 0.972, 0.0, 0.772, 0.872, 1.184, 1.497, 1.812, 1.861, 2.704, 3.06, 3.369, 3.638, 2.895, 2.874, 2.803, 3.141, 2.905, 3.002, 3.488, 3.342, 3.179, 4.289, 6.409, 6.559, 6.647, 6.232, 4.483, 4.378, 4.411, 2.802, 1.5, 1.734, 1.608, 1.262, 1.458, 1.398, 1.192, 1.303, 2.03, 2.476, 2.368, 1.718, 1.265, 1.668, 1.932, 1.898, 1.715, 1.266, 1.379, 1.403, 1.754, 1.552, 1.673, 2.059, 2.874, 3.44, 3.566, 3.749, 4.779, 4.077, 2.041, 2.411, 2.555, 1.083, 2.36, 4.134, 4.464, 3.986, 3.599, 4.121, 4.733, 5.738, 4.213, 2.341, 1.513, 1.44, 1.9, 1.739, 2.016, 2.099, 2.299, 2.268, 2.223], [1.683, 1.649, 1.553, 1.34, 0.772, 0.0, 0.603, 1.163, 1.462, 1.771, 1.961, 2.713, 3.077, 3.408, 3.711, 2.981, 2.756, 2.732, 3.051, 2.674, 2.838, 3.448, 3.301, 3.16, 4.237, 6.342, 6.491, 6.579, 6.17, 4.415, 4.326, 4.343, 2.775, 1.673, 2.033, 1.915, 1.607, 1.724, 1.701, 1.576, 1.582, 2.203, 2.669, 2.509, 1.908, 1.449, 1.757, 1.87, 1.836, 1.641, 1.354, 1.507, 1.468, 1.859, 1.444, 1.536, 2.079, 2.963, 3.557, 3.673, 3.905, 4.917, 4.223, 2.217, 2.557, 2.719, 1.176, 2.333, 4.053, 4.411, 3.936, 3.523, 4.08, 4.691, 5.702, 4.245, 2.406, 1.708, 1.721, 2.162, 2.086, 2.401, 2.52, 2.68, 2.628, 2.599], [1.711, 1.672, 1.556, 1.421, 0.872, 0.603, 0.0, 0.898, 1.228, 1.56, 2.034, 2.79, 3.18, 3.566, 3.829, 2.992, 2.741, 2.787, 3.197, 2.645, 2.665, 3.212, 3.056, 2.917, 3.988, 6.105, 6.254, 6.342, 5.933, 4.196, 4.054, 4.106, 2.536, 1.677, 2.165, 2.05, 1.717, 1.885, 1.815, 1.685, 1.764, 2.411, 2.881, 2.794, 2.071, 1.552, 1.629, 1.692, 1.649, 1.53, 1.439, 1.616, 1.639, 2.033, 1.601, 1.801, 2.252, 3.191, 3.827, 3.97, 4.207, 5.219, 4.524, 2.407, 2.846, 2.959, 1.251, 2.222, 3.85, 4.173, 3.716, 3.297, 3.857, 4.451, 5.462, 4.012, 2.272, 1.531, 1.642, 2.24, 2.209, 2.522, 2.514, 2.71, 2.732, 2.682], [1.755, 1.55, 1.47, 1.259, 1.184, 1.163, 0.898, 0.0, 0.65, 1.03, 1.895, 2.996, 3.376, 3.714, 3.99, 3.249, 2.994, 3.025, 3.425, 2.83, 2.357, 2.645, 2.524, 2.341, 3.363, 5.48, 5.63, 5.718, 5.308, 3.551, 3.436, 3.483, 2.061, 1.526, 2.454, 2.363, 1.953, 2.222, 1.931, 2.02, 2.225, 3.002, 3.453, 3.333, 2.621, 1.779, 1.454, 1.548, 1.607, 1.646, 1.703, 1.769, 1.895, 2.402, 2.089, 2.157, 2.769, 3.668, 4.396, 4.546, 4.751, 5.802, 5.109, 3.007, 3.425, 3.516, 1.524, 1.744, 3.203, 3.55, 3.093, 2.906, 3.463, 3.853, 4.863, 3.627, 1.902, 1.477, 1.607, 2.048, 2.393, 2.779, 2.84, 3.115, 3.099, 3.005], [1.85, 1.668, 1.59, 1.42, 1.497, 1.462, 1.228, 0.65, 0.0, 0.616, 1.746, 2.854, 3.26, 3.674, 3.926, 3.144, 2.872, 2.876, 3.298, 2.709, 2.096, 2.308, 2.18, 1.968, 2.992, 5.094, 5.244, 5.332, 4.922, 3.175, 3.069, 3.173, 1.964, 1.78, 2.713, 2.65, 2.308, 2.522, 2.277, 2.362, 2.513, 3.306, 3.763, 3.67, 2.95, 2.096, 1.687, 1.695, 1.777, 1.763, 2.011, 2.039, 2.275, 2.742, 2.413, 2.486, 3.068, 3.963, 4.722, 4.871, 5.076, 6.126, 5.434, 3.325, 3.744, 3.826, 1.82, 1.673, 2.869, 3.181, 2.733, 2.737, 3.265, 3.537, 4.554, 3.429, 1.956, 1.559, 1.835, 2.364, 2.672, 3.104, 3.181, 3.423, 3.371, 3.265], [1.936, 1.786, 1.721, 1.68, 1.812, 1.771, 1.56, 1.03, 0.616, 0.0, 1.691, 2.828, 3.269, 3.723, 3.962, 3.15, 2.858, 2.859, 3.222, 2.706, 1.908, 2.043, 1.905, 1.655, 2.676, 4.781, 4.984, 5.049, 4.652, 2.921, 2.766, 2.93, 2.093, 2.033, 3.023, 2.948, 2.584, 2.808, 2.543, 2.61, 2.822, 3.622, 4.08, 4.016, 3.313, 2.348, 1.912, 1.973, 2.08, 2.004, 2.334, 2.4, 2.681, 3.12, 2.803, 2.881, 3.4, 4.314, 5.072, 5.21, 5.412, 6.463, 5.771, 3.679, 4.081, 4.134, 2.178, 1.713, 2.696, 2.984, 2.577, 2.762, 3.245, 3.405, 4.391, 3.379, 2.071, 1.758, 2.05, 2.583, 2.826, 3.3, 3.411, 3.726, 3.641, 3.504], [2.41, 2.367, 2.228, 1.726, 1.861, 1.961, 2.034, 1.895, 1.746, 1.691, 0.0, 1.556, 1.975, 2.442, 2.702, 1.91, 1.87, 1.967, 2.135, 1.768, 1.809, 2.496, 2.283, 2.359, 3.267, 5.386, 5.824, 5.833, 5.058, 3.564, 3.393, 3.709, 2.773, 1.795, 2.425, 2.573, 2.353, 2.527, 2.464, 2.482, 2.641, 3.233, 3.64, 3.583, 2.921, 2.391, 2.527, 2.712, 2.59, 2.393, 2.077, 2.096, 2.257, 2.628, 2.47, 2.53, 2.981, 3.864, 4.629, 4.757, 4.972, 6.002, 5.306, 3.285, 3.63, 3.731, 2.309, 2.864, 3.727, 3.903, 3.699, 3.858, 4.444, 4.327, 5.357, 4.51, 3.152, 2.523, 2.689, 2.919, 2.915, 3.024, 3.198, 3.415, 3.365, 3.348], [3.279, 3.62, 3.415, 2.96, 2.704, 2.713, 2.79, 2.996, 2.854, 2.828, 1.556, 0.0, 0.84, 1.477, 2.001, 1.163, 1.589, 1.546, 1.672, 1.543, 2.812, 3.497, 3.356, 3.556, 4.362, 6.438, 6.962, 6.955, 6.173, 4.798, 4.526, 5.033, 4.04, 2.735, 2.301, 2.609, 2.938, 3.132, 3.21, 2.832, 2.886, 2.96, 3.216, 3.15, 2.7, 3.366, 3.799, 3.911, 3.762, 3.525, 2.961, 2.927, 2.758, 2.878, 2.582, 2.971, 2.91, 3.353, 4.16, 4.314, 4.526, 5.565, 4.867, 2.999, 3.207, 3.256, 2.98, 4.146, 4.997, 5.192, 4.996, 5.13, 5.677, 5.58, 6.675, 5.855, 4.43, 3.857, 3.947, 4.137, 3.675, 3.662, 3.768, 3.62, 3.649, 3.76], [3.571, 3.944, 3.757, 3.325, 3.06, 3.077, 3.18, 3.376, 3.26, 3.269, 1.975, 0.84, 0.0, 1.041, 1.474, 1.004, 1.534, 1.469, 1.383, 1.361, 3.294, 3.984, 3.856, 4.032, 4.839, 6.879, 7.416, 7.412, 6.641, 5.226, 4.973, 5.467, 4.453, 3.086, 2.334, 2.757, 3.141, 3.27, 3.462, 3.077, 3.083, 2.864, 2.869, 2.767, 2.77, 3.643, 4.18, 4.301, 4.157, 3.914, 3.304, 3.149, 3.016, 3.051, 2.825, 3.045, 2.572, 2.784, 3.546, 3.737, 3.974, 4.924, 4.224, 2.866, 2.729, 2.743, 3.285, 4.568, 5.429, 5.603, 5.408, 5.595, 6.128, 6.059, 7.097, 6.33, 4.86, 4.28, 4.29, 4.45, 3.906, 3.828, 3.931, 3.77, 3.793, 3.956], [4.003, 4.324, 4.084, 3.662, 3.369, 3.408, 3.566, 3.714, 3.674, 3.723, 2.442, 1.477, 1.041, 0.0, 0.977, 1.29, 1.719, 1.43, 1.147, 1.557, 3.605, 4.331, 4.142, 4.355, 5.227, 7.364, 7.869, 7.842, 7.107, 5.725, 5.412, 6.024, 4.956, 3.605, 2.92, 3.273, 3.713, 3.798, 3.961, 3.402, 3.417, 3.15, 3.078, 3.028, 3.19, 4.118, 4.605, 4.817, 4.708, 4.453, 3.819, 3.661, 3.473, 3.459, 3.157, 3.278, 2.769, 2.541, 3.391, 3.573, 3.823, 4.556, 3.914, 3.067, 2.879, 2.873, 3.701, 5.019, 6.023, 6.183, 5.997, 6.165, 6.704, 6.617, 7.667, 6.859, 5.349, 4.658, 4.658, 4.888, 4.399, 4.41, 4.55, 4.354, 4.339, 4.538], [4.098, 4.43, 4.367, 3.854, 3.638, 3.711, 3.829, 3.99, 3.926, 3.962, 2.702, 2.001, 1.474, 0.977, 0.0, 1.459, 2.257, 1.883, 1.574, 2.105, 4.061, 4.836, 4.611, 4.728, 5.626, 7.76, 8.212, 8.211, 7.467, 6.012, 5.746, 6.289, 5.217, 3.721, 2.889, 3.245, 3.754, 3.843, 3.987, 3.529, 3.452, 2.911, 2.732, 2.921, 3.208, 4.215, 4.911, 5.078, 4.969, 4.714, 4.043, 3.833, 3.657, 3.594, 3.378, 3.228, 2.55, 1.968, 2.872, 3.112, 3.303, 3.754, 3.225, 2.992, 2.784, 2.626, 3.821, 5.353, 6.285, 6.446, 6.253, 6.434, 6.966, 6.878, 7.948, 7.094, 5.584, 4.886, 4.798, 4.948, 4.355, 4.334, 4.512, 4.296, 4.285, 4.531], [3.357, 3.787, 3.616, 3.256, 2.895, 2.981, 2.992, 3.249, 3.144, 3.15, 1.91, 1.163, 1.004, 1.29, 1.459, 0.0, 1.204, 1.127, 1.384, 1.592, 2.949, 3.736, 3.495, 3.675, 4.564, 6.656, 7.166, 7.158, 6.442, 4.953, 4.684, 5.219, 4.26, 2.98, 2.483, 2.7, 3.07, 3.343, 3.575, 3.115, 3.135, 2.819, 2.747, 2.706, 2.697, 3.601, 4.157, 4.218, 4.03, 3.793, 3.203, 3.257, 3.167, 3.225, 2.938, 3.082, 2.692, 2.809, 3.546, 3.827, 3.962, 4.89, 4.207, 2.715, 2.727, 2.794, 3.305, 4.46, 5.253, 5.382, 5.144, 5.348, 5.899, 5.79, 6.822, 5.991, 4.622, 4.032, 4.092, 4.368, 3.825, 3.712, 3.7, 3.439, 3.462, 3.711], [3.52, 3.636, 3.474, 3.241, 2.874, 2.756, 2.741, 2.994, 2.872, 2.858, 1.87, 1.589, 1.534, 1.719, 2.257, 1.204, 0.0, 0.854, 1.113, 1.055, 2.239, 3.113, 2.887, 3.07, 3.941, 6.061, 6.539, 6.521, 5.84, 4.511, 4.254, 4.829, 3.998, 3.079, 3.097, 3.43, 3.474, 3.748, 3.837, 3.414, 3.416, 3.654, 3.797, 3.673, 3.569, 3.846, 4.051, 4.06, 3.743, 3.559, 3.16, 3.294, 3.419, 3.562, 3.047, 3.24, 3.053, 3.709, 4.532, 4.762, 4.936, 5.864, 5.172, 3.569, 3.603, 3.629, 3.341, 4.259, 4.973, 5.001, 4.818, 5.048, 5.602, 5.461, 6.379, 5.661, 4.367, 3.863, 4.047, 4.442, 4.175, 4.265, 4.157, 3.992, 4.058, 4.177], [3.34, 3.631, 3.443, 3.246, 2.803, 2.732, 2.787, 3.025, 2.876, 2.859, 1.967, 1.546, 1.469, 1.43, 1.883, 1.127, 0.854, 0.0, 0.875, 1.288, 2.624, 3.405, 3.244, 3.311, 4.205, 6.461, 6.84, 6.804, 6.241, 4.824, 4.556, 5.113, 4.239, 3.128, 2.869, 3.181, 3.381, 3.602, 3.694, 3.147, 3.155, 3.234, 3.39, 3.285, 3.259, 3.773, 4.077, 4.158, 4.001, 3.748, 3.32, 3.369, 3.327, 3.405, 2.904, 3.06, 2.777, 3.217, 4.077, 4.366, 4.561, 5.305, 4.628, 3.163, 3.158, 3.177, 3.254, 4.262, 5.077, 5.194, 4.986, 5.234, 5.785, 5.641, 6.635, 5.886, 4.505, 3.926, 4.026, 4.398, 3.946, 4.05, 4.032, 3.895, 4.012, 4.11], [3.751, 3.931, 3.745, 3.498, 3.141, 3.051, 3.197, 3.425, 3.298, 3.222, 2.135, 1.672, 1.383, 1.147, 1.574, 1.384, 1.113, 0.875, 0.0, 1.084, 3.074, 3.944, 3.732, 3.919, 4.826, 6.952, 7.455, 7.428, 6.727, 5.352, 5.079, 5.676, 4.811, 3.611, 3.211, 3.62, 3.804, 3.84, 3.859, 3.405, 3.313, 3.346, 3.379, 3.339, 3.49, 4.186, 4.543, 4.722, 4.572, 4.319, 3.806, 3.67, 3.551, 3.582, 3.255, 3.339, 2.808, 3.039, 3.84, 4.049, 4.226, 4.924, 4.277, 3.281, 3.145, 3.158, 3.519, 4.709, 5.61, 5.732, 5.515, 5.794, 6.358, 6.204, 7.208, 6.374, 5.002, 4.405, 4.447, 4.734, 4.307, 4.416, 4.517, 4.426, 4.525, 4.689], [3.75, 3.715, 3.568, 3.116, 2.905, 2.674, 2.645, 2.83, 2.709, 2.706, 1.768, 1.543, 1.361, 1.557, 2.105, 1.592, 1.055, 1.288, 1.084, 0.0, 2.498, 3.385, 3.231, 3.342, 4.221, 6.291, 6.784, 6.778, 6.033, 4.648, 4.41, 5.015, 4.14, 3.196, 3.19, 3.582, 3.676, 3.843, 3.802, 3.525, 3.539, 3.682, 3.728, 3.634, 3.532, 3.818, 3.935, 4.042, 3.895, 3.627, 3.282, 3.21, 3.298, 3.442, 2.964, 3.167, 2.98, 3.478, 4.273, 4.412, 4.646, 5.611, 4.925, 3.505, 3.568, 3.585, 3.254, 4.157, 4.961, 5.077, 4.868, 5.17, 5.736, 5.573, 6.518, 5.776, 4.447, 3.854, 4.041, 4.472, 4.396, 4.514, 4.562, 4.475, 4.535, 4.671], [3.375, 3.171, 3.041, 2.775, 3.002, 2.838, 2.665, 2.357, 2.096, 1.908, 1.809, 2.812, 3.294, 3.605, 4.061, 2.949, 2.239, 2.624, 3.074, 2.498, 0.0, 1.086, 1.112, 1.34, 1.931, 3.99, 4.459, 4.432, 3.833, 2.54, 2.434, 2.824, 2.281, 2.38, 3.852, 3.969, 3.506, 3.879, 3.764, 3.884, 4.125, 4.813, 5.253, 5.192, 4.463, 3.325, 2.986, 2.472, 2.225, 2.348, 2.875, 3.15, 3.608, 4.187, 3.876, 3.918, 4.543, 5.414, 6.225, 6.381, 6.593, 7.618, 6.92, 4.803, 5.197, 5.267, 3.497, 2.685, 3.143, 3.161, 3.003, 3.255, 3.685, 3.588, 4.41, 3.776, 2.892, 2.861, 3.217, 3.708, 4.031, 4.354, 4.293, 4.466, 4.163, 4.048], [3.32, 3.043, 2.926, 3.021, 3.488, 3.448, 3.212, 2.645, 2.308, 2.043, 2.496, 3.497, 3.984, 4.331, 4.836, 3.736, 3.113, 3.405, 3.944, 3.385, 1.086, 0.0, 0.664, 0.955, 1.213, 3.262, 3.671, 3.619, 3.247, 1.917, 1.816, 2.069, 1.718, 2.818, 4.384, 4.52, 4.034, 4.382, 4.181, 4.251, 4.557, 5.352, 5.817, 5.756, 5.007, 3.63, 2.849, 2.419, 2.388, 2.646, 3.372, 3.682, 4.158, 4.738, 4.426, 4.456, 5.093, 5.97, 6.789, 6.94, 7.157, 8.193, 7.501, 5.373, 5.786, 5.844, 3.828, 2.244, 2.4, 2.413, 2.254, 2.494, 2.969, 2.828, 3.726, 3.037, 2.492, 2.687, 3.142, 3.441, 4.235, 4.757, 4.69, 4.962, 4.653, 4.404], [3.165, 2.929, 2.806, 2.89, 3.342, 3.301, 3.056, 2.524, 2.18, 1.905, 2.283, 3.356, 3.856, 4.142, 4.611, 3.495, 2.887, 3.244, 3.732, 3.231, 1.112, 0.664, 0.0, 0.729, 1.251, 3.285, 3.745, 3.742, 3.247, 1.847, 1.678, 2.095, 1.82, 2.595, 4.212, 4.344, 3.869, 4.261, 4.012, 4.072, 4.377, 5.173, 5.638, 5.579, 4.824, 3.513, 2.787, 2.42, 2.368, 2.546, 3.266, 3.538, 3.974, 4.551, 4.243, 4.285, 4.925, 5.807, 6.603, 6.764, 6.974, 8.015, 7.318, 5.206, 5.607, 5.67, 3.673, 2.171, 2.444, 2.453, 2.29, 2.59, 3.106, 2.923, 3.775, 3.078, 2.399, 2.527, 3.087, 3.425, 4.088, 4.591, 4.563, 4.821, 4.538, 4.364], [2.892, 2.706, 2.646, 2.732, 3.179, 3.16, 2.917, 2.341, 1.968, 1.655, 2.359, 3.556, 4.032, 4.355, 4.728, 3.675, 3.07, 3.311, 3.919, 3.342, 1.34, 0.955, 0.729, 0.0, 1.206, 3.404, 3.569, 3.575, 3.236, 1.717, 1.665, 1.943, 1.947, 2.486, 4.031, 4.153, 3.688, 4.106, 3.847, 3.9, 4.206, 5.0, 5.465, 5.408, 4.651, 3.376, 2.641, 2.281, 2.237, 2.325, 3.059, 3.327, 3.783, 4.363, 4.066, 4.109, 4.745, 5.613, 6.429, 6.583, 6.792, 7.844, 7.151, 5.026, 5.462, 5.5, 3.504, 2.082, 2.263, 2.269, 2.167, 2.526, 3.004, 2.835, 3.588, 2.974, 2.241, 2.378, 2.957, 3.337, 3.969, 4.458, 4.397, 4.717, 4.481, 4.263], [3.831, 3.544, 3.416, 3.763, 4.289, 4.237, 3.988, 3.363, 2.992, 2.676, 3.267, 4.362, 4.839, 5.227, 5.626, 4.564, 3.941, 4.205, 4.826, 4.221, 1.931, 1.213, 1.251, 1.206, 0.0, 2.365, 2.696, 2.66, 2.197, 1.215, 1.311, 1.303, 1.958, 3.517, 5.079, 5.204, 4.741, 5.101, 4.884, 4.968, 5.275, 6.065, 6.53, 6.471, 5.713, 4.366, 3.351, 3.005, 3.062, 3.298, 4.052, 4.353, 4.829, 5.409, 5.126, 5.166, 5.802, 6.676, 7.482, 7.646, 7.855, 8.907, 8.213, 6.158, 6.525, 6.568, 4.566, 2.375, 1.775, 1.695, 1.619, 1.985, 2.404, 2.261, 2.895, 2.381, 2.336, 3.198, 3.82, 3.972, 5.002, 5.478, 5.411, 5.685, 5.364, 5.115], [5.935, 5.619, 5.49, 5.865, 6.409, 6.342, 6.105, 5.48, 5.094, 4.781, 5.386, 6.438, 6.879, 7.364, 7.76, 6.656, 6.061, 6.461, 6.952, 6.291, 3.99, 3.262, 3.285, 3.404, 2.365, 0.0, 0.77, 0.845, 1.39, 2.087, 2.195, 2.081, 3.676, 5.541, 7.164, 7.298, 6.83, 7.189, 6.978, 7.064, 7.367, 8.155, 8.62, 8.561, 7.803, 6.426, 5.394, 5.035, 5.098, 5.378, 6.135, 6.435, 6.908, 7.488, 7.211, 7.251, 7.888, 8.766, 9.567, 9.736, 9.945, 11.016, 10.328, 8.278, 8.6, 8.664, 6.642, 4.21, 2.377, 2.065, 2.6, 2.886, 2.439, 1.923, 1.656, 2.492, 4.206, 5.282, 5.843, 6.026, 7.101, 7.588, 7.49, 7.743, 7.36, 7.107], [6.089, 5.772, 5.655, 6.014, 6.559, 6.491, 6.254, 5.63, 5.244, 4.984, 5.824, 6.962, 7.416, 7.869, 8.212, 7.166, 6.539, 6.84, 7.455, 6.784, 4.459, 3.671, 3.745, 3.569, 2.696, 0.77, 0.0, 0.544, 1.42, 2.309, 2.542, 2.217, 3.845, 5.763, 7.342, 7.468, 7.005, 7.36, 7.151, 7.235, 7.541, 8.329, 8.794, 8.735, 7.977, 6.6, 5.561, 5.2, 5.276, 5.547, 6.313, 6.613, 7.086, 7.665, 7.389, 7.425, 8.062, 8.94, 9.745, 9.91, 10.119, 11.174, 10.481, 8.428, 8.786, 8.835, 6.827, 4.384, 2.506, 2.199, 2.737, 3.014, 2.533, 1.894, 1.356, 2.443, 4.381, 5.432, 5.974, 6.17, 7.259, 7.745, 7.671, 7.924, 7.55, 7.274], [6.175, 5.857, 5.744, 6.11, 6.647, 6.579, 6.342, 5.718, 5.332, 5.049, 5.833, 6.955, 7.412, 7.842, 8.211, 7.158, 6.521, 6.804, 7.428, 6.778, 4.432, 3.619, 3.742, 3.575, 2.66, 0.845, 0.544, 0.0, 1.292, 2.345, 2.538, 2.299, 3.923, 5.869, 7.44, 7.566, 7.101, 7.456, 7.247, 7.331, 7.637, 8.425, 8.89, 8.831, 8.074, 6.696, 5.658, 5.296, 5.374, 5.644, 6.411, 6.71, 7.183, 7.763, 7.487, 7.521, 8.159, 9.036, 9.843, 10.007, 10.215, 11.272, 10.578, 8.516, 8.884, 8.931, 6.925, 4.48, 2.618, 2.283, 2.834, 3.097, 2.653, 1.981, 1.552, 2.547, 4.476, 5.52, 6.062, 6.258, 7.348, 7.835, 7.768, 8.032, 7.65, 7.374], [5.742, 5.426, 5.297, 5.693, 6.232, 6.17, 5.933, 5.308, 4.922, 4.652, 5.058, 6.173, 6.641, 7.107, 7.467, 6.442, 5.84, 6.241, 6.727, 6.033, 3.833, 3.247, 3.247, 3.236, 2.197, 1.39, 1.42, 1.292, 0.0, 1.784, 1.979, 1.887, 3.479, 5.408, 7.032, 7.157, 6.693, 7.045, 6.835, 6.92, 7.227, 8.017, 8.482, 8.423, 7.665, 6.288, 5.25, 4.896, 4.965, 5.236, 6.002, 6.302, 6.775, 7.355, 7.078, 7.113, 7.75, 8.628, 9.434, 9.598, 9.807, 10.856, 10.159, 8.106, 8.439, 8.516, 6.497, 4.096, 2.331, 2.145, 2.505, 2.758, 2.525, 2.153, 2.083, 2.589, 4.059, 5.103, 5.652, 5.839, 6.92, 7.398, 7.34, 7.627, 7.252, 6.986], [4.034, 3.725, 3.633, 3.955, 4.483, 4.415, 4.196, 3.551, 3.175, 2.921, 3.564, 4.798, 5.226, 5.725, 6.012, 4.953, 4.511, 4.824, 5.352, 4.648, 2.54, 1.917, 1.847, 1.717, 1.215, 2.087, 2.309, 2.345, 1.784, 0.0, 0.907, 0.937, 1.89, 3.726, 5.34, 5.439, 4.985, 5.327, 5.111, 5.195, 5.502, 6.294, 6.759, 6.7, 5.942, 4.569, 3.574, 3.224, 3.352, 3.593, 4.3, 4.588, 5.057, 5.637, 5.358, 5.39, 6.027, 6.904, 7.717, 7.875, 8.084, 9.134, 8.437, 6.349, 6.731, 6.795, 4.773, 2.499, 1.366, 1.359, 1.565, 1.956, 2.141, 1.875, 2.282, 2.369, 2.68, 3.4, 3.964, 4.16, 5.188, 5.694, 5.705, 6.015, 5.705, 5.384], [3.922, 3.673, 3.521, 3.887, 4.378, 4.326, 4.054, 3.436, 3.069, 2.766, 3.393, 4.526, 4.973, 5.412, 5.746, 4.684, 4.254, 4.556, 5.079, 4.41, 2.434, 1.816, 1.678, 1.665, 1.311, 2.195, 2.542, 2.538, 1.979, 0.907, 0.0, 0.939, 2.057, 3.66, 5.242, 5.315, 4.878, 5.266, 4.985, 5.063, 5.37, 6.162, 6.627, 6.568, 5.81, 4.51, 3.556, 3.269, 3.313, 3.577, 4.294, 4.516, 4.924, 5.503, 5.227, 5.26, 5.897, 6.796, 7.583, 7.743, 7.952, 8.995, 8.3, 6.227, 6.599, 6.663, 4.64, 2.448, 1.451, 1.338, 1.471, 1.867, 2.054, 1.796, 2.391, 2.223, 2.538, 3.34, 3.981, 4.135, 5.094, 5.601, 5.603, 5.929, 5.656, 5.417], [3.95, 3.645, 3.53, 3.888, 4.411, 4.343, 4.106, 3.483, 3.173, 2.93, 3.709, 5.033, 5.467, 6.024, 6.289, 5.219, 4.829, 5.113, 5.676, 5.015, 2.824, 2.069, 2.095, 1.943, 1.303, 2.081, 2.217, 2.299, 1.887, 0.937, 0.939, 0.0, 1.782, 3.704, 5.248, 5.357, 4.893, 5.243, 5.029, 5.113, 5.42, 6.209, 6.674, 6.615, 5.857, 4.486, 3.484, 3.162, 3.236, 3.517, 4.241, 4.519, 4.97, 5.55, 5.273, 5.305, 5.942, 6.837, 7.63, 7.79, 7.999, 9.051, 8.363, 6.28, 6.669, 6.713, 4.71, 2.343, 1.143, 1.176, 1.323, 1.481, 1.643, 1.479, 1.982, 1.836, 2.332, 3.293, 3.896, 4.063, 5.115, 5.632, 5.598, 5.842, 5.519, 5.235], [2.615, 2.254, 2.123, 2.317, 2.802, 2.775, 2.536, 2.061, 1.964, 2.093, 2.773, 4.04, 4.453, 4.956, 5.217, 4.26, 3.998, 4.239, 4.811, 4.14, 2.281, 1.718, 1.82, 1.947, 1.958, 3.676, 3.845, 3.923, 3.479, 1.89, 2.057, 1.782, 0.0, 2.049, 3.649, 3.744, 3.276, 3.605, 3.395, 3.482, 3.783, 4.571, 5.036, 4.977, 4.225, 2.868, 1.963, 1.616, 1.7, 2.129, 2.67, 2.941, 3.371, 3.948, 3.637, 3.679, 4.319, 5.21, 6.0, 6.166, 6.393, 7.43, 6.736, 4.643, 5.027, 5.085, 3.073, 1.446, 1.922, 2.049, 1.832, 1.673, 1.975, 2.279, 3.276, 2.114, 1.646, 1.943, 2.301, 2.527, 3.518, 4.012, 3.991, 4.265, 3.957, 3.623], [1.619, 1.486, 1.608, 1.295, 1.5, 1.673, 1.677, 1.526, 1.78, 2.033, 1.795, 2.735, 3.086, 3.605, 3.721, 2.98, 3.079, 3.128, 3.611, 3.196, 2.38, 2.818, 2.595, 2.486, 3.517, 5.541, 5.763, 5.869, 5.408, 3.726, 3.66, 3.704, 2.049, 0.0, 1.752, 1.834, 1.431, 1.79, 1.648, 1.912, 2.052, 2.682, 3.105, 3.044, 2.313, 1.412, 1.704, 1.577, 1.433, 1.555, 1.206, 1.318, 1.546, 2.123, 1.969, 2.002, 2.388, 3.303, 4.037, 4.207, 4.437, 5.48, 4.792, 2.758, 3.074, 3.152, 1.633, 2.266, 3.617, 3.806, 3.578, 3.199, 3.621, 4.113, 5.121, 3.853, 2.12, 1.713, 1.763, 1.845, 2.121, 2.336, 2.225, 2.468, 2.263, 2.188], [2.144, 2.51, 2.525, 1.982, 1.734, 2.033, 2.165, 2.454, 2.713, 3.023, 2.425, 2.301, 2.334, 2.92, 2.889, 2.483, 3.097, 2.869, 3.211, 3.19, 3.852, 4.384, 4.212, 4.031, 5.079, 7.164, 7.342, 7.44, 7.032, 5.34, 5.242, 5.248, 3.649, 1.752, 0.0, 0.788, 1.123, 1.298, 1.65, 1.629, 1.699, 1.524, 1.683, 1.608, 1.179, 1.949, 2.72, 2.916, 2.8, 2.539, 1.796, 1.66, 1.555, 1.636, 1.818, 1.943, 1.788, 2.205, 2.45, 2.596, 2.813, 3.877, 3.19, 1.561, 1.704, 1.749, 1.69, 3.587, 5.014, 5.356, 4.992, 4.666, 5.114, 5.644, 6.596, 5.311, 3.482, 2.806, 2.61, 2.64, 1.99, 1.784, 1.801, 1.662, 1.704, 1.819], [2.076, 2.427, 2.447, 1.965, 1.608, 1.915, 2.05, 2.363, 2.65, 2.948, 2.573, 2.609, 2.757, 3.273, 3.245, 2.7, 3.43, 3.181, 3.62, 3.582, 3.969, 4.52, 4.344, 4.153, 5.204, 7.298, 7.468, 7.566, 7.157, 5.439, 5.315, 5.357, 3.744, 1.834, 0.788, 0.0, 0.885, 1.104, 1.495, 1.553, 1.666, 1.533, 1.659, 1.54, 1.105, 1.706, 2.48, 2.779, 2.718, 2.465, 1.771, 1.694, 1.437, 1.687, 1.822, 1.975, 2.038, 2.319, 2.447, 2.482, 2.697, 3.741, 3.06, 1.38, 1.677, 1.715, 1.538, 3.49, 5.094, 5.451, 4.991, 4.615, 5.092, 5.74, 6.681, 5.277, 3.424, 2.598, 2.229, 2.245, 1.61, 1.34, 1.441, 1.305, 1.39, 1.471], [1.623, 1.885, 1.991, 1.487, 1.262, 1.607, 1.717, 1.953, 2.308, 2.584, 2.353, 2.938, 3.141, 3.713, 3.754, 3.07, 3.474, 3.381, 3.804, 3.676, 3.506, 4.034, 3.869, 3.688, 4.741, 6.83, 7.005, 7.101, 6.693, 4.985, 4.878, 4.893, 3.276, 1.431, 1.123, 0.885, 0.0, 0.738, 0.996, 1.252, 1.367, 1.668, 1.956, 1.841, 1.24, 1.101, 1.849, 2.045, 2.019, 1.83, 1.307, 1.336, 1.281, 1.627, 1.689, 1.811, 1.952, 2.713, 2.883, 2.925, 3.256, 4.323, 3.627, 1.725, 1.97, 2.016, 1.257, 2.897, 4.602, 4.901, 4.323, 4.06, 4.528, 5.201, 6.169, 4.715, 2.785, 1.928, 1.7, 1.749, 1.335, 1.215, 1.198, 1.399, 1.39, 1.344], [1.838, 1.976, 2.123, 1.676, 1.458, 1.724, 1.885, 2.222, 2.522, 2.808, 2.527, 3.132, 3.27, 3.798, 3.843, 3.343, 3.748, 3.602, 3.84, 3.843, 3.879, 4.382, 4.261, 4.106, 5.101, 7.189, 7.36, 7.456, 7.045, 5.327, 5.266, 5.243, 3.605, 1.79, 1.298, 1.104, 0.738, 0.0, 0.949, 1.201, 1.2, 1.399, 1.782, 1.606, 1.027, 1.142, 1.959, 2.228, 2.186, 1.982, 1.356, 1.287, 1.126, 1.328, 1.441, 1.566, 1.803, 2.783, 2.737, 2.844, 3.179, 4.064, 3.337, 1.593, 1.83, 1.846, 1.265, 3.151, 4.901, 5.229, 4.632, 4.384, 4.862, 5.528, 6.486, 5.026, 3.047, 2.104, 1.859, 1.793, 1.425, 1.237, 1.338, 1.506, 1.564, 1.563], [1.744, 1.729, 1.91, 1.49, 1.398, 1.701, 1.815, 1.931, 2.277, 2.543, 2.464, 3.21, 3.462, 3.961, 3.987, 3.575, 3.837, 3.694, 3.859, 3.802, 3.764, 4.181, 4.012, 3.847, 4.884, 6.978, 7.151, 7.247, 6.835, 5.111, 4.985, 5.029, 3.395, 1.648, 1.65, 1.495, 0.996, 0.949, 0.0, 0.864, 0.937, 1.497, 1.884, 1.813, 1.28, 1.058, 1.678, 2.019, 2.056, 2.05, 1.649, 1.522, 1.11, 1.369, 1.444, 1.522, 1.798, 2.846, 2.954, 3.097, 3.378, 4.264, 3.533, 1.699, 1.847, 1.884, 0.932, 2.835, 4.694, 5.019, 4.421, 4.176, 4.654, 5.308, 6.26, 4.78, 2.806, 1.878, 1.533, 1.477, 1.328, 1.49, 1.59, 1.84, 1.924, 1.858], [1.699, 1.876, 1.865, 1.466, 1.192, 1.576, 1.685, 2.02, 2.362, 2.61, 2.482, 2.832, 3.077, 3.402, 3.529, 3.115, 3.414, 3.147, 3.405, 3.525, 3.884, 4.251, 4.072, 3.9, 4.968, 7.064, 7.235, 7.331, 6.92, 5.195, 5.063, 5.113, 3.482, 1.912, 1.629, 1.553, 1.252, 1.201, 0.864, 0.0, 0.674, 1.197, 1.723, 1.647, 1.128, 1.215, 1.855, 2.111, 2.164, 1.972, 1.61, 1.515, 1.169, 1.337, 1.122, 1.296, 1.633, 2.457, 2.774, 2.945, 3.211, 4.126, 3.406, 1.573, 1.708, 1.748, 0.955, 2.922, 4.776, 5.102, 4.507, 4.262, 4.739, 5.399, 6.354, 4.861, 2.887, 1.935, 1.774, 2.003, 1.588, 1.844, 1.953, 2.036, 2.104, 2.055], [1.976, 2.098, 2.153, 1.786, 1.303, 1.582, 1.764, 2.225, 2.513, 2.822, 2.641, 2.886, 3.083, 3.417, 3.452, 3.135, 3.416, 3.155, 3.313, 3.539, 4.125, 4.557, 4.377, 4.206, 5.275, 7.367, 7.541, 7.637, 7.227, 5.502, 5.37, 5.42, 3.783, 2.052, 1.699, 1.666, 1.367, 1.2, 0.937, 0.674, 0.0, 0.963, 1.462, 1.458, 1.144, 1.255, 2.105, 2.374, 2.42, 2.156, 1.681, 1.54, 1.147, 1.259, 1.045, 1.043, 1.315, 2.317, 2.558, 2.802, 2.972, 3.867, 3.176, 1.502, 1.556, 1.571, 1.041, 3.226, 5.083, 5.405, 4.807, 4.563, 5.04, 5.709, 6.66, 5.155, 3.205, 2.279, 2.047, 2.113, 1.791, 1.962, 2.048, 2.141, 2.313, 2.266], [2.547, 2.884, 2.985, 2.523, 2.03, 2.203, 2.411, 3.002, 3.306, 3.622, 3.233, 2.96, 2.864, 3.15, 2.911, 2.819, 3.654, 3.234, 3.346, 3.682, 4.813, 5.352, 5.173, 5.0, 6.065, 8.155, 8.329, 8.425, 8.017, 6.294, 6.162, 6.209, 4.571, 2.682, 1.524, 1.533, 1.668, 1.399, 1.497, 1.197, 0.963, 0.0, 0.701, 0.997, 0.89, 1.948, 2.854, 3.178, 3.151, 2.844, 2.147, 1.883, 1.474, 1.378, 1.349, 1.296, 1.202, 1.757, 1.955, 2.253, 2.381, 3.088, 2.387, 1.061, 1.096, 0.965, 1.644, 4.061, 5.872, 6.193, 5.596, 5.351, 5.828, 6.495, 7.454, 5.944, 3.995, 3.029, 2.712, 2.731, 2.14, 2.081, 2.23, 2.072, 2.146, 2.388], [2.992, 3.343, 3.44, 2.952, 2.476, 2.669, 2.881, 3.453, 3.763, 4.08, 3.64, 3.216, 2.869, 3.078, 2.732, 2.747, 3.797, 3.39, 3.379, 3.728, 5.253, 5.817, 5.638, 5.465, 6.53, 8.62, 8.794, 8.89, 8.482, 6.759, 6.627, 6.674, 5.036, 3.105, 1.683, 1.659, 1.956, 1.782, 1.884, 1.723, 1.462, 0.701, 0.0, 0.743, 1.102, 2.388, 3.251, 3.65, 3.676, 3.37, 2.634, 2.363, 1.984, 1.809, 1.832, 1.762, 1.329, 1.559, 1.539, 1.823, 1.89, 2.614, 1.94, 1.037, 0.872, 0.699, 2.095, 4.512, 6.338, 6.66, 6.062, 5.818, 6.295, 6.955, 7.925, 6.419, 4.452, 3.466, 3.059, 3.072, 2.436, 2.244, 2.366, 2.118, 2.208, 2.535], [2.925, 3.236, 3.325, 2.826, 2.368, 2.509, 2.794, 3.333, 3.67, 4.016, 3.583, 3.15, 2.767, 3.028, 2.921, 2.706, 3.673, 3.285, 3.339, 3.634, 5.192, 5.756, 5.579, 5.408, 6.471, 8.561, 8.735, 8.831, 8.423, 6.7, 6.568, 6.615, 4.977, 3.044, 1.608, 1.54, 1.841, 1.606, 1.813, 1.647, 1.458, 0.997, 0.743, 0.0, 0.901, 2.187, 3.184, 3.594, 3.611, 3.29, 2.53, 2.279, 1.826, 1.609, 1.655, 1.78, 1.482, 1.758, 1.439, 1.646, 1.901, 2.72, 2.024, 1.049, 0.839, 0.808, 2.0, 4.378, 6.28, 6.601, 6.003, 5.758, 6.237, 6.914, 7.888, 6.375, 4.41, 3.424, 3.076, 3.008, 2.316, 2.039, 2.179, 1.931, 2.035, 2.397], [2.243, 2.566, 2.693, 2.193, 1.718, 1.908, 2.071, 2.621, 2.95, 3.313, 2.921, 2.7, 2.77, 3.19, 3.208, 2.697, 3.569, 3.259, 3.49, 3.532, 4.463, 5.007, 4.824, 4.651, 5.713, 7.803, 7.977, 8.074, 7.665, 5.942, 5.81, 5.857, 4.225, 2.313, 1.179, 1.105, 1.24, 1.027, 1.28, 1.128, 1.144, 0.89, 1.102, 0.901, 0.0, 1.469, 2.46, 2.793, 2.75, 2.478, 1.78, 1.583, 1.201, 1.194, 1.276, 1.512, 1.613, 2.069, 2.092, 2.232, 2.571, 3.498, 2.774, 1.023, 1.263, 1.24, 1.376, 3.671, 5.523, 5.852, 5.269, 5.008, 5.482, 6.155, 7.124, 5.653, 3.7, 2.741, 2.464, 2.434, 1.854, 1.603, 1.7, 1.536, 1.62, 1.861], [1.465, 1.524, 1.695, 1.287, 1.265, 1.449, 1.552, 1.779, 2.096, 2.348, 2.391, 3.366, 3.643, 4.118, 4.215, 3.601, 3.846, 3.773, 4.186, 3.818, 3.325, 3.63, 3.513, 3.376, 4.366, 6.426, 6.6, 6.696, 6.288, 4.569, 4.51, 4.486, 2.868, 1.412, 1.949, 1.706, 1.101, 1.142, 1.058, 1.215, 1.255, 1.948, 2.388, 2.187, 1.469, 0.0, 1.233, 1.483, 1.616, 1.454, 1.07, 1.157, 1.23, 1.566, 1.605, 1.635, 2.148, 3.092, 3.392, 3.56, 3.915, 4.852, 4.156, 2.147, 2.401, 2.461, 1.131, 2.46, 4.182, 4.514, 3.945, 3.653, 4.152, 4.823, 5.789, 4.346, 2.41, 1.542, 1.32, 1.389, 1.401, 1.739, 1.76, 2.032, 1.844, 1.728], [1.66, 1.288, 1.194, 1.393, 1.668, 1.757, 1.629, 1.454, 1.687, 1.912, 2.527, 3.799, 4.18, 4.605, 4.911, 4.157, 4.051, 4.077, 4.543, 3.935, 2.986, 2.849, 2.787, 2.641, 3.351, 5.394, 5.561, 5.658, 5.25, 3.574, 3.556, 3.484, 1.963, 1.704, 2.72, 2.48, 1.849, 1.959, 1.678, 1.855, 2.105, 2.854, 3.251, 3.184, 2.46, 1.233, 0.0, 0.826, 1.266, 1.399, 1.497, 1.585, 1.815, 2.224, 2.09, 2.16, 2.804, 3.853, 4.361, 4.459, 4.759, 5.844, 5.149, 3.127, 3.371, 3.405, 1.59, 1.81, 3.167, 3.494, 2.94, 2.644, 3.136, 3.808, 4.777, 3.341, 1.518, 0.828, 1.02, 1.338, 2.049, 2.523, 2.574, 2.935, 2.769, 2.474], [2.102, 1.76, 1.729, 1.75, 1.932, 1.87, 1.692, 1.548, 1.695, 1.973, 2.712, 3.911, 4.301, 4.817, 5.078, 4.218, 4.06, 4.158, 4.722, 4.042, 2.472, 2.419, 2.42, 2.281, 3.005, 5.035, 5.2, 5.296, 4.896, 3.224, 3.269, 3.162, 1.616, 1.577, 2.916, 2.779, 2.045, 2.228, 2.019, 2.111, 2.374, 3.178, 3.65, 3.594, 2.793, 1.483, 0.826, 0.0, 0.674, 0.9, 1.371, 1.516, 1.973, 2.51, 2.236, 2.277, 3.008, 4.143, 4.689, 4.813, 5.172, 6.181, 5.485, 3.416, 3.728, 3.757, 1.909, 1.718, 2.936, 3.24, 2.704, 2.359, 2.837, 3.552, 4.495, 3.067, 1.447, 1.145, 1.49, 1.701, 2.458, 2.776, 2.729, 3.119, 2.953, 2.663], [2.262, 2.026, 1.98, 1.879, 1.898, 1.836, 1.649, 1.607, 1.777, 2.08, 2.59, 3.762, 4.157, 4.708, 4.969, 4.03, 3.743, 4.001, 4.572, 3.895, 2.225, 2.388, 2.368, 2.237, 3.062, 5.098, 5.276, 5.374, 4.965, 3.352, 3.313, 3.236, 1.7, 1.433, 2.8, 2.718, 2.019, 2.186, 2.056, 2.164, 2.42, 3.151, 3.676, 3.611, 2.75, 1.616, 1.266, 0.674, 0.0, 0.694, 1.232, 1.473, 1.904, 2.412, 2.135, 2.195, 2.939, 4.093, 4.684, 4.822, 5.189, 6.164, 5.415, 3.345, 3.717, 3.718, 1.965, 1.823, 3.233, 3.481, 2.933, 2.54, 3.038, 3.74, 4.633, 3.228, 1.68, 1.461, 1.895, 2.073, 2.575, 2.769, 2.645, 2.89, 2.759, 2.622], [2.222, 2.179, 2.097, 1.789, 1.715, 1.641, 1.53, 1.646, 1.763, 2.004, 2.393, 3.525, 3.914, 4.453, 4.714, 3.793, 3.559, 3.748, 4.319, 3.627, 2.348, 2.646, 2.546, 2.325, 3.298, 5.378, 5.547, 5.644, 5.236, 3.593, 3.577, 3.517, 2.129, 1.555, 2.539, 2.465, 1.83, 1.982, 2.05, 1.972, 2.156, 2.844, 3.37, 3.29, 2.478, 1.454, 1.399, 0.9, 0.694, 0.0, 0.944, 1.209, 1.603, 2.135, 1.844, 1.927, 2.678, 3.843, 4.428, 4.552, 4.941, 5.903, 5.205, 3.135, 3.471, 3.504, 1.833, 1.99, 3.478, 3.739, 3.174, 2.809, 3.321, 4.02, 4.936, 3.513, 1.898, 1.602, 2.006, 2.374, 2.547, 2.647, 2.528, 2.762, 2.678, 2.6], [1.909, 1.889, 1.89, 1.501, 1.266, 1.354, 1.439, 1.703, 2.011, 2.334, 2.077, 2.961, 3.304, 3.819, 4.043, 3.203, 3.16, 3.32, 3.806, 3.282, 2.875, 3.372, 3.266, 3.059, 4.052, 6.135, 6.313, 6.411, 6.002, 4.3, 4.294, 4.241, 2.67, 1.206, 1.796, 1.771, 1.307, 1.356, 1.649, 1.61, 1.681, 2.147, 2.634, 2.53, 1.78, 1.07, 1.497, 1.371, 1.232, 0.944, 0.0, 0.556, 1.013, 1.421, 1.345, 1.374, 1.965, 3.09, 3.696, 3.797, 4.198, 5.174, 4.473, 2.417, 2.736, 2.769, 1.451, 2.539, 4.138, 4.411, 3.871, 3.501, 3.991, 4.698, 5.626, 4.216, 2.329, 1.701, 1.815, 2.102, 2.196, 2.209, 2.073, 2.157, 2.071, 2.122], [2.075, 1.98, 2.015, 1.512, 1.379, 1.507, 1.616, 1.769, 2.039, 2.4, 2.096, 2.927, 3.149, 3.661, 3.833, 3.257, 3.294, 3.369, 3.67, 3.21, 3.15, 3.682, 3.538, 3.327, 4.353, 6.435, 6.613, 6.71, 6.302, 4.588, 4.516, 4.519, 2.941, 1.318, 1.66, 1.694, 1.336, 1.287, 1.522, 1.515, 1.54, 1.883, 2.363, 2.279, 1.583, 1.157, 1.585, 1.516, 1.473, 1.209, 0.556, 0.0, 0.788, 1.176, 1.2, 1.237, 1.745, 2.861, 3.426, 3.516, 3.916, 4.899, 4.204, 2.191, 2.471, 2.509, 1.351, 2.675, 4.317, 4.642, 4.105, 3.766, 4.255, 4.96, 5.893, 4.477, 2.574, 1.855, 1.894, 2.081, 2.203, 2.135, 2.17, 2.265, 2.204, 2.341], [2.072, 2.128, 2.205, 1.676, 1.403, 1.468, 1.639, 1.895, 2.275, 2.681, 2.257, 2.758, 3.016, 3.473, 3.657, 3.167, 3.419, 3.327, 3.551, 3.298, 3.608, 4.158, 3.974, 3.783, 4.829, 6.908, 7.086, 7.183, 6.775, 5.057, 4.924, 4.97, 3.371, 1.546, 1.555, 1.437, 1.281, 1.126, 1.11, 1.169, 1.147, 1.474, 1.984, 1.826, 1.201, 1.23, 1.815, 1.973, 1.904, 1.603, 1.013, 0.788, 0.0, 0.727, 0.799, 1.046, 1.469, 2.54, 2.977, 3.087, 3.486, 4.422, 3.718, 1.872, 2.053, 2.148, 1.13, 2.858, 4.718, 5.052, 4.492, 4.199, 4.698, 5.372, 6.31, 4.887, 2.961, 2.164, 2.153, 2.113, 2.032, 2.01, 2.114, 2.167, 2.306, 2.416], [2.375, 2.52, 2.554, 2.1, 1.754, 1.859, 2.033, 2.402, 2.742, 3.12, 2.628, 2.878, 3.051, 3.459, 3.594, 3.225, 3.562, 3.405, 3.582, 3.442, 4.187, 4.738, 4.551, 4.363, 5.409, 7.488, 7.665, 7.763, 7.355, 5.637, 5.503, 5.55, 3.948, 2.123, 1.636, 1.687, 1.627, 1.328, 1.369, 1.337, 1.259, 1.378, 1.809, 1.609, 1.194, 1.566, 2.224, 2.51, 2.412, 2.135, 1.421, 1.176, 0.727, 0.0, 0.822, 1.248, 1.471, 2.434, 2.68, 2.862, 3.184, 4.005, 3.264, 1.722, 1.903, 1.969, 1.482, 3.394, 5.296, 5.613, 5.053, 4.777, 5.276, 5.948, 6.886, 5.445, 3.515, 2.615, 2.534, 2.473, 2.173, 2.133, 2.26, 2.21, 2.393, 2.57], [2.404, 2.429, 2.345, 1.952, 1.552, 1.444, 1.601, 2.089, 2.413, 2.803, 2.47, 2.582, 2.825, 3.157, 3.378, 2.938, 3.047, 2.904, 3.255, 2.964, 3.876, 4.426, 4.243, 4.066, 5.126, 7.211, 7.389, 7.487, 7.078, 5.358, 5.227, 5.273, 3.637, 1.969, 1.818, 1.822, 1.689, 1.441, 1.444, 1.122, 1.045, 1.349, 1.832, 1.655, 1.276, 1.605, 2.09, 2.236, 2.135, 1.844, 1.345, 1.2, 0.799, 0.822, 0.0, 0.878, 1.282, 2.302, 2.767, 2.924, 3.292, 4.197, 3.448, 1.718, 1.872, 1.931, 1.317, 3.121, 4.954, 5.279, 4.71, 4.442, 4.933, 5.603, 6.545, 5.093, 3.212, 2.371, 2.415, 2.513, 2.338, 2.366, 2.479, 2.464, 2.656, 2.711], [2.583, 2.473, 2.566, 2.002, 1.673, 1.536, 1.801, 2.157, 2.486, 2.881, 2.53, 2.971, 3.045, 3.278, 3.228, 3.082, 3.24, 3.06, 3.339, 3.167, 3.918, 4.456, 4.285, 4.109, 5.166, 7.251, 7.425, 7.521, 7.113, 5.39, 5.26, 5.305, 3.679, 2.002, 1.943, 1.975, 1.811, 1.566, 1.522, 1.296, 1.043, 1.296, 1.762, 1.78, 1.512, 1.635, 2.16, 2.277, 2.195, 1.927, 1.374, 1.237, 1.046, 1.248, 0.878, 0.0, 1.014, 2.168, 2.703, 3.096, 3.344, 4.043, 3.307, 1.879, 1.888, 1.829, 1.271, 3.205, 5.003, 5.316, 4.756, 4.486, 4.983, 5.654, 6.607, 5.135, 3.205, 2.421, 2.394, 2.51, 2.502, 2.451, 2.567, 2.58, 2.812, 2.888], [2.716, 2.81, 2.887, 2.438, 2.059, 2.079, 2.252, 2.769, 3.068, 3.4, 2.981, 2.91, 2.572, 2.769, 2.55, 2.692, 3.053, 2.777, 2.808, 2.98, 4.543, 5.093, 4.925, 4.745, 5.802, 7.888, 8.062, 8.159, 7.75, 6.027, 5.897, 5.942, 4.319, 2.388, 1.788, 2.038, 1.952, 1.803, 1.798, 1.633, 1.315, 1.202, 1.329, 1.482, 1.613, 2.148, 2.804, 3.008, 2.939, 2.678, 1.965, 1.745, 1.469, 1.471, 1.282, 1.014, 0.0, 1.543, 2.21, 2.592, 2.796, 3.393, 2.765, 1.858, 1.541, 1.405, 1.767, 3.854, 5.625, 5.939, 5.374, 5.122, 5.605, 6.275, 7.231, 5.735, 3.826, 3.024, 2.884, 3.01, 2.71, 2.735, 2.814, 2.739, 2.907, 3.076], [3.399, 3.756, 3.705, 3.342, 2.874, 2.963, 3.191, 3.668, 3.963, 4.314, 3.864, 3.353, 2.784, 2.541, 1.968, 2.809, 3.709, 3.217, 3.039, 3.478, 5.414, 5.97, 5.807, 5.613, 6.676, 8.766, 8.94, 9.036, 8.628, 6.904, 6.796, 6.837, 5.21, 3.303, 2.205, 2.319, 2.713, 2.783, 2.846, 2.457, 2.317, 1.757, 1.559, 1.758, 2.069, 3.092, 3.853, 4.143, 4.093, 3.843, 3.09, 2.861, 2.54, 2.434, 2.302, 2.168, 1.543, 0.0, 1.296, 1.581, 1.667, 2.328, 1.753, 2.084, 1.686, 1.537, 2.772, 4.742, 6.487, 6.821, 6.317, 5.994, 6.46, 7.138, 8.098, 6.643, 4.769, 4.006, 3.903, 3.982, 3.411, 3.378, 3.477, 3.22, 3.198, 3.487], [3.993, 4.301, 4.383, 3.92, 3.44, 3.557, 3.827, 4.396, 4.722, 5.072, 4.629, 4.16, 3.546, 3.391, 2.872, 3.546, 4.532, 4.077, 3.84, 4.273, 6.225, 6.789, 6.603, 6.429, 7.482, 9.567, 9.745, 9.843, 9.434, 7.717, 7.583, 7.63, 6.0, 4.037, 2.45, 2.447, 2.883, 2.737, 2.954, 2.774, 2.558, 1.955, 1.539, 1.439, 2.092, 3.392, 4.361, 4.689, 4.684, 4.428, 3.696, 3.426, 2.977, 2.68, 2.767, 2.703, 2.21, 1.296, 0.0, 0.973, 1.046, 1.679, 1.314, 1.94, 1.609, 1.464, 3.093, 5.454, 7.307, 7.628, 7.085, 6.796, 7.269, 7.931, 8.87, 7.369, 5.434, 4.46, 4.163, 4.084, 3.411, 3.028, 3.119, 2.897, 3.049, 3.361], [4.161, 4.495, 4.553, 3.967, 3.566, 3.673, 3.97, 4.546, 4.871, 5.21, 4.757, 4.314, 3.737, 3.573, 3.112, 3.827, 4.762, 4.366, 4.049, 4.412, 6.381, 6.94, 6.764, 6.583, 7.646, 9.736, 9.91, 10.007, 9.598, 7.875, 7.743, 7.79, 6.166, 4.207, 2.596, 2.482, 2.925, 2.844, 3.097, 2.945, 2.802, 2.253, 1.823, 1.646, 2.232, 3.56, 4.459, 4.813, 4.822, 4.552, 3.797, 3.516, 3.087, 2.862, 2.924, 3.096, 2.592, 1.581, 0.973, 0.0, 0.748, 1.424, 1.165, 2.051, 1.734, 1.714, 3.196, 5.564, 7.462, 7.778, 7.213, 6.95, 7.435, 8.106, 9.07, 7.576, 5.638, 4.671, 4.17, 4.096, 3.407, 2.915, 2.992, 2.764, 2.997, 3.213], [4.347, 4.677, 4.714, 4.149, 3.749, 3.905, 4.207, 4.751, 5.076, 5.412, 4.972, 4.526, 3.974, 3.823, 3.303, 3.962, 4.936, 4.561, 4.226, 4.646, 6.593, 7.157, 6.974, 6.792, 7.855, 9.945, 10.119, 10.215, 9.807, 8.084, 7.952, 7.999, 6.393, 4.437, 2.813, 2.697, 3.256, 3.179, 3.378, 3.211, 2.972, 2.381, 1.89, 1.901, 2.571, 3.915, 4.759, 5.172, 5.189, 4.941, 4.198, 3.916, 3.486, 3.184, 3.292, 3.344, 2.796, 1.667, 1.046, 0.748, 0.0, 1.158, 1.094, 2.253, 1.854, 1.811, 3.451, 5.846, 7.662, 7.984, 7.477, 7.162, 7.629, 8.293, 9.278, 7.759, 5.807, 4.838, 4.337, 4.309, 3.565, 3.054, 3.057, 2.837, 3.014, 3.192], [5.343, 5.659, 5.741, 5.201, 4.779, 4.917, 5.219, 5.802, 6.126, 6.463, 6.002, 5.565, 4.924, 4.556, 3.754, 4.89, 5.864, 5.305, 4.924, 5.611, 7.618, 8.193, 8.015, 7.844, 8.907, 11.016, 11.174, 11.272, 10.856, 9.134, 8.995, 9.051, 7.43, 5.48, 3.877, 3.741, 4.323, 4.064, 4.264, 4.126, 3.867, 3.088, 2.614, 2.72, 3.498, 4.852, 5.844, 6.181, 6.164, 5.903, 5.174, 4.899, 4.422, 4.005, 4.197, 4.043, 3.393, 2.328, 1.679, 1.424, 1.158, 0.0, 1.007, 2.984, 2.55, 2.54, 4.463, 6.917, 8.713, 9.065, 8.568, 8.197, 8.709, 9.343, 10.307, 8.798, 6.848, 5.828, 5.331, 5.14, 4.32, 3.749, 3.808, 3.63, 3.873, 4.039], [4.647, 4.963, 5.039, 4.536, 4.077, 4.223, 4.524, 5.109, 5.434, 5.771, 5.306, 4.867, 4.224, 3.914, 3.225, 4.207, 5.172, 4.628, 4.277, 4.925, 6.92, 7.501, 7.318, 7.151, 8.213, 10.328, 10.481, 10.578, 10.159, 8.437, 8.3, 8.363, 6.736, 4.792, 3.19, 3.06, 3.627, 3.337, 3.533, 3.406, 3.176, 2.387, 1.94, 2.024, 2.774, 4.156, 5.149, 5.485, 5.415, 5.205, 4.473, 4.204, 3.718, 3.264, 3.448, 3.307, 2.765, 1.753, 1.314, 1.165, 1.094, 1.007, 0.0, 2.166, 1.858, 1.835, 3.773, 6.231, 8.027, 8.378, 7.88, 7.499, 8.023, 8.641, 9.623, 8.106, 6.148, 5.126, 4.63, 4.426, 3.476, 2.864, 3.027, 2.879, 3.11, 3.425], [2.565, 2.875, 3.033, 2.589, 2.041, 2.217, 2.407, 3.007, 3.325, 3.679, 3.285, 2.999, 2.866, 3.067, 2.992, 2.715, 3.569, 3.163, 3.281, 3.505, 4.803, 5.373, 5.206, 5.026, 6.158, 8.278, 8.428, 8.516, 8.106, 6.349, 6.227, 6.28, 4.643, 2.758, 1.561, 1.38, 1.725, 1.593, 1.699, 1.573, 1.502, 1.061, 1.037, 1.049, 1.023, 2.147, 3.127, 3.416, 3.345, 3.135, 2.417, 2.191, 1.872, 1.722, 1.718, 1.879, 1.858, 2.084, 1.94, 2.051, 2.253, 2.984, 2.166, 0.0, 0.933, 0.91, 1.846, 4.294, 5.985, 6.332, 5.834, 5.432, 5.977, 6.581, 7.564, 6.017, 4.095, 3.013, 2.566, 2.491, 1.818, 1.615, 1.79, 1.673, 1.762, 2.138], [2.944, 3.272, 3.366, 2.912, 2.411, 2.557, 2.846, 3.425, 3.744, 4.081, 3.63, 3.207, 2.729, 2.879, 2.784, 2.727, 3.603, 3.158, 3.145, 3.568, 5.197, 5.786, 5.607, 5.462, 6.525, 8.6, 8.786, 8.884, 8.439, 6.731, 6.599, 6.669, 5.027, 3.074, 1.704, 1.677, 1.97, 1.83, 1.847, 1.708, 1.556, 1.096, 0.872, 0.839, 1.263, 2.401, 3.371, 3.728, 3.717, 3.471, 2.736, 2.471, 2.053, 1.903, 1.872, 1.888, 1.541, 1.686, 1.609, 1.734, 1.854, 2.55, 1.858, 0.933, 0.0, 0.555, 1.997, 4.489, 6.311, 6.637, 6.095, 5.816, 6.287, 6.93, 7.896, 6.428, 4.431, 3.443, 2.949, 2.813, 2.09, 2.001, 2.115, 1.966, 1.996, 2.265], [3.013, 3.345, 3.495, 3.047, 2.555, 2.719, 2.959, 3.516, 3.826, 4.134, 3.731, 3.256, 2.743, 2.873, 2.626, 2.794, 3.629, 3.177, 3.158, 3.585, 5.267, 5.844, 5.67, 5.5, 6.568, 8.664, 8.835, 8.931, 8.516, 6.795, 6.663, 6.713, 5.085, 3.152, 1.749, 1.715, 2.016, 1.846, 1.884, 1.748, 1.571, 0.965, 0.699, 0.808, 1.24, 2.461, 3.405, 3.757, 3.718, 3.504, 2.769, 2.509, 2.148, 1.969, 1.931, 1.829, 1.405, 1.537, 1.464, 1.714, 1.811, 2.54, 1.835, 0.91, 0.555, 0.0, 2.082, 4.564, 6.378, 6.703, 6.129, 5.884, 6.354, 6.992, 7.969, 6.476, 4.515, 3.528, 3.091, 3.012, 2.312, 2.125, 2.229, 2.01, 2.082, 2.417], [1.728, 1.616, 1.765, 1.26, 1.083, 1.176, 1.251, 1.524, 1.82, 2.178, 2.309, 2.98, 3.285, 3.701, 3.821, 3.305, 3.341, 3.254, 3.519, 3.254, 3.497, 3.828, 3.673, 3.504, 4.566, 6.642, 6.827, 6.925, 6.497, 4.773, 4.64, 4.71, 3.073, 1.633, 1.69, 1.538, 1.257, 1.265, 0.932, 0.955, 1.041, 1.644, 2.095, 2.0, 1.376, 1.131, 1.59, 1.909, 1.965, 1.833, 1.451, 1.351, 1.13, 1.482, 1.317, 1.271, 1.767, 2.772, 3.093, 3.196, 3.451, 4.463, 3.773, 1.846, 1.997, 2.082, 0.0, 2.512, 4.365, 4.695, 4.146, 3.877, 4.342, 5.013, 5.988, 4.52, 2.551, 1.661, 1.437, 1.761, 1.741, 1.988, 2.003, 2.07, 2.177, 2.148], [2.26, 2.048, 1.981, 2.029, 2.36, 2.333, 2.222, 1.744, 1.673, 1.713, 2.864, 4.146, 4.568, 5.019, 5.353, 4.46, 4.259, 4.262, 4.709, 4.157, 2.685, 2.244, 2.171, 2.082, 2.375, 4.21, 4.384, 4.48, 4.096, 2.499, 2.448, 2.343, 1.446, 2.266, 3.587, 3.49, 2.897, 3.151, 2.835, 2.922, 3.226, 4.061, 4.512, 4.378, 3.671, 