[[0.0, 0.785, 1.026, 1.232, 1.033, 1.898, 1.636, 1.505, 1.985, 1.916, 1.897, 1.62, 1.511, 1.312, 1.952, 3.117, 4.449, 5.26, 5.69, 5.82, 5.279, 4.695, 5.214, 5.203, 5.569, 6.784, 7.455, 7.788, 7.791, 6.965, 6.979, 7.661, 7.749, 7.478, 7.438, 7.171, 7.287, 6.968, 5.732, 5.443, 6.434, 6.661, 6.168, 6.683, 6.825, 6.913, 7.016, 7.947, 7.923, 6.357, 6.156, 7.328, 7.357, 7.073, 7.555, 7.927, 8.121, 7.951, 7.907, 7.438, 7.205, 7.682, 7.887, 8.235, 8.235, 8.891, 9.513, 9.356, 8.986, 8.518, 8.248, 8.198, 8.136, 7.893, 8.37, 8.053, 8.026, 7.976, 7.824, 7.511, 6.654, 5.811, 6.004, 7.314, 7.322, 6.837], [0.785, 0.0, 0.798, 1.15, 0.888, 1.53, 1.424, 1.303, 1.714, 1.676, 1.762, 1.363, 1.175, 1.08, 1.585, 2.713, 4.124, 4.897, 5.412, 5.508, 5.02, 4.321, 4.91, 4.884, 5.288, 6.546, 7.24, 7.472, 7.346, 6.531, 6.573, 7.241, 7.35, 7.081, 7.043, 6.768, 6.909, 6.594, 5.411, 5.085, 6.044, 6.253, 5.782, 6.307, 6.438, 6.581, 6.68, 7.552, 7.555, 6.06, 5.827, 6.984, 7.029, 6.703, 7.157, 7.557, 7.754, 7.612, 7.661, 7.232, 6.96, 7.441, 7.639, 7.987, 7.912, 8.59, 9.162, 8.993, 8.719, 8.247, 7.963, 7.864, 7.848, 7.647, 8.087, 7.769, 7.743, 7.725, 7.573, 7.244, 6.406, 5.557, 5.666, 6.979, 6.93, 6.449], [1.026, 0.798, 0.0, 0.748, 0.967, 1.755, 1.614, 1.559, 1.798, 1.632, 1.62, 1.122, 1.03, 1.288, 1.85, 2.823, 4.359, 5.189, 5.662, 5.761, 5.272, 4.551, 5.217, 5.131, 5.553, 6.77, 7.443, 7.643, 7.5, 6.644, 6.691, 7.38, 7.418, 7.139, 7.085, 6.917, 6.891, 6.589, 5.181, 4.951, 5.969, 6.208, 5.644, 6.024, 6.178, 6.253, 6.4, 7.353, 7.249, 5.675, 5.536, 6.702, 6.798, 6.563, 6.995, 7.289, 7.643, 7.521, 7.228, 6.798, 6.438, 6.899, 7.093, 7.445, 7.522, 8.218, 8.906, 8.862, 8.453, 7.84, 7.64, 7.624, 7.487, 7.127, 7.596, 7.263, 7.249, 7.215, 7.065, 6.75, 5.859, 5.005, 5.406, 6.688, 6.843, 6.443], [1.232, 1.15, 0.748, 0.0, 1.228, 2.139, 2.048, 1.942, 1.94, 1.845, 1.95, 1.48, 1.258, 1.439, 1.977, 3.032, 4.552, 5.411, 5.941, 6.012, 5.457, 4.827, 5.491, 5.443, 5.813, 6.933, 7.681, 7.79, 7.699, 6.838, 6.86, 7.579, 7.613, 7.315, 7.289, 7.112, 7.065, 6.682, 5.262, 4.985, 6.052, 6.422, 5.841, 5.968, 6.241, 6.21, 6.447, 7.391, 7.252, 5.703, 5.517, 6.608, 6.886, 6.635, 7.082, 7.418, 7.754, 7.708, 7.237, 6.722, 6.286, 6.784, 6.992, 7.327, 7.346, 8.254, 8.965, 8.962, 8.605, 7.937, 7.8, 7.719, 7.581, 7.054, 7.522, 7.217, 7.191, 7.115, 6.931, 6.648, 5.743, 4.92, 5.584, 6.896, 7.026, 6.665], [1.033, 0.888, 0.967, 1.228, 0.0, 1.28, 1.169, 1.1, 1.434, 1.459, 1.441, 1.278, 1.146, 1.412, 1.718, 2.539, 3.991, 4.712, 5.15, 5.209, 4.759, 4.088, 4.708, 4.711, 5.129, 6.308, 6.965, 7.296, 7.185, 6.36, 6.418, 7.071, 7.148, 6.889, 6.808, 6.616, 6.689, 6.397, 5.179, 4.726, 5.859, 6.027, 5.53, 6.073, 6.206, 6.333, 6.449, 7.316, 7.311, 5.754, 5.625, 6.786, 6.829, 6.477, 6.924, 7.307, 7.565, 7.383, 7.223, 6.857, 6.519, 6.985, 7.199, 7.563, 7.654, 8.324, 8.952, 8.806, 8.487, 7.94, 7.667, 7.647, 7.554, 7.205, 7.692, 7.372, 7.344, 7.286, 7.128, 6.828, 5.959, 5.127, 5.399, 6.705, 6.705, 6.227], [1.898, 1.53, 1.755, 2.139, 1.28, 0.0, 0.75, 0.753, 1.028, 1.223, 1.292, 1.491, 1.706, 1.996, 2.223, 1.592, 2.959, 3.719, 4.179, 4.275, 3.799, 3.158, 3.737, 3.691, 4.048, 5.281, 5.984, 6.265, 6.128, 5.33, 5.414, 6.039, 6.126, 5.89, 5.837, 5.58, 5.722, 5.418, 4.279, 3.878, 4.925, 5.068, 4.607, 5.162, 5.294, 5.443, 5.526, 6.401, 6.413, 4.922, 4.705, 5.872, 5.91, 5.546, 6.014, 6.415, 6.625, 6.481, 6.504, 6.102, 5.802, 6.286, 6.49, 6.839, 6.76, 7.456, 8.004, 7.833, 7.596, 7.085, 6.821, 6.731, 6.71, 6.485, 6.902, 6.563, 6.553, 6.556, 6.405, 6.073, 5.257, 4.408, 4.529, 5.834, 5.733, 5.268], [1.636, 1.424, 1.614, 2.048, 1.169, 0.75, 0.0, 0.58, 0.81, 1.135, 1.034, 1.363, 1.721, 1.871, 1.961, 1.684, 3.015, 3.847, 4.247, 4.417, 3.895, 3.299, 3.778, 3.697, 4.069, 5.368, 6.036, 6.368, 6.308, 5.467, 5.526, 6.183, 6.269, 6.025, 5.991, 5.682, 5.85, 5.551, 4.548, 4.198, 5.076, 5.314, 4.844, 5.428, 5.539, 5.747, 5.822, 6.632, 6.685, 5.222, 4.995, 6.14, 6.189, 5.822, 6.276, 6.715, 6.853, 6.73, 6.736, 6.269, 6.026, 6.514, 6.722, 7.072, 7.06, 7.755, 8.293, 8.116, 7.816, 7.362, 7.112, 7.014, 6.986, 6.722, 7.197, 6.879, 6.858, 6.806, 6.659, 6.35, 5.489, 4.659, 4.834, 6.128, 5.935, 5.478], [1.505, 1.303, 1.559, 1.942, 1.1, 0.753, 0.58, 0.0, 0.853, 1.244, 1.154, 1.371, 1.659, 1.838, 2.132, 1.871, 3.145, 3.934, 4.299, 4.443, 3.905, 3.359, 3.885, 3.85, 4.202, 5.38, 6.103, 6.439, 6.483, 5.688, 5.754, 6.408, 6.492, 6.248, 6.214, 5.901, 6.069, 5.754, 4.591, 4.222, 5.221, 5.435, 4.976, 5.554, 5.672, 5.854, 5.929, 6.774, 6.805, 5.331, 5.101, 6.246, 6.294, 5.947, 6.395, 6.821, 6.982, 6.859, 6.911, 6.439, 6.206, 6.683, 6.889, 7.237, 7.173, 7.864, 8.4, 8.22, 7.931, 7.474, 7.227, 7.127, 7.111, 6.897, 7.36, 7.043, 7.017, 6.975, 6.825, 6.503, 5.655, 4.814, 4.94, 6.242, 6.092, 5.631], [1.985, 1.714, 1.798, 1.94, 1.434, 1.028, 0.81, 0.853, 0.0, 0.853, 1.096, 1.263, 1.685, 1.879, 1.92, 1.428, 2.858, 3.772, 4.329, 4.446, 3.828, 3.33, 3.843, 3.807, 4.143, 5.202, 5.961, 6.034, 6.066, 5.21, 5.272, 5.99, 6.026, 5.768, 5.73, 5.418, 5.607, 5.272, 4.139, 3.702, 4.765, 5.132, 4.559, 5.116, 5.234, 5.42, 5.495, 6.333, 6.372, 4.912, 4.67, 5.816, 5.864, 5.558, 5.952, 6.391, 6.552, 6.489, 6.592, 6.145, 5.882, 6.351, 6.545, 6.893, 6.785, 7.445, 7.979, 7.751, 7.504, 7.057, 6.814, 6.692, 6.751, 6.613, 7.152, 6.831, 6.791, 6.717, 6.538, 6.266, 5.331, 4.512, 4.538, 5.816, 5.635, 5.21], [1.916, 1.676, 1.632, 1.845, 1.459, 1.223, 1.135, 1.244, 0.853, 0.0, 0.8, 1.071, 1.562, 1.916, 2.049, 1.772, 3.113, 4.101, 4.657, 4.806, 4.14, 3.653, 4.097, 4.074, 4.4, 5.418, 6.223, 6.321, 6.401, 5.543, 5.596, 6.325, 6.347, 6.065, 6.061, 5.73, 5.895, 5.546, 4.21, 3.995, 5.006, 5.36, 4.757, 5.191, 5.339, 5.44, 5.515, 6.479, 6.429, 4.924, 4.692, 5.853, 5.899, 5.637, 6.091, 6.448, 6.645, 6.554, 6.574, 6.1, 5.872, 6.343, 6.54, 6.888, 6.793, 7.454, 8.013, 7.795, 7.511, 7.063, 6.826, 6.734, 6.746, 6.56, 7.024, 6.699, 6.673, 6.664, 6.498, 6.17, 5.333, 4.513, 4.577, 5.866, 5.862, 5.47], [1.897, 1.762, 1.62, 1.95, 1.441, 1.292, 1.034, 1.154, 1.096, 0.8, 0.0, 1.042, 1.483, 1.991, 2.323, 2.049, 3.326, 4.294, 4.823, 4.993, 4.359, 3.822, 4.268, 4.193, 4.507, 5.513, 6.308, 6.533, 6.613, 5.802, 5.859, 6.537, 6.588, 6.332, 6.32, 5.967, 6.145, 5.821, 4.487, 4.316, 5.305, 5.538, 5.01, 5.479, 5.63, 5.658, 5.761, 6.778, 6.709, 5.148, 4.914, 6.088, 6.125, 5.905, 6.387, 6.74, 6.932, 6.767, 6.569, 6.088, 5.842, 6.322, 6.539, 6.908, 6.966, 7.646, 8.25, 8.076, 7.674, 7.211, 7.001, 6.943, 6.869, 6.55, 7.009, 6.684, 6.67, 6.637, 6.474, 6.166, 5.33, 4.593, 4.846, 6.088, 6.144, 5.708], [1.62, 1.363, 1.122, 1.48, 1.278, 1.491, 1.363, 1.371, 1.263, 1.071, 1.042, 0.0, 0.995, 1.792, 2.253, 2.431, 3.945, 4.766, 5.395, 5.46, 4.941, 4.356, 4.837, 4.787, 5.15, 6.207, 6.92, 7.124, 7.111, 6.249, 6.304, 7.035, 7.048, 6.785, 6.78, 6.444, 6.614, 6.263, 4.911, 4.605, 5.697, 6.025, 5.461, 5.876, 5.996, 6.041, 6.136, 7.16, 7.089, 5.506, 5.268, 6.481, 6.519, 6.301, 6.78, 7.111, 7.344, 7.189, 6.904, 6.371, 6.152, 6.64, 6.855, 7.226, 7.354, 8.008, 8.635, 8.484, 8.046, 7.509, 7.353, 7.347, 7.254, 6.846, 7.255, 6.915, 6.909, 6.904, 6.76, 6.432, 5.666, 4.89, 5.256, 6.509, 6.587, 6.191], [1.511, 1.175, 1.03, 1.258, 1.146, 1.706, 1.721, 1.659, 1.685, 1.562, 1.483, 0.995, 0.0, 1.333, 1.949, 2.731, 4.38, 5.131, 5.726, 5.787, 5.311, 4.71, 5.23, 5.167, 5.544, 6.738, 7.447, 7.578, 7.406, 6.537, 6.607, 7.321, 7.334, 7.056, 7.055, 6.798, 6.864, 6.479, 5.191, 4.851, 5.938, 6.291, 5.682, 6.018, 6.17, 6.199, 6.305, 7.328, 7.252, 5.678, 5.44, 6.658, 6.69, 6.46, 6.95, 7.292, 7.564, 7.45, 7.032, 6.547, 6.274, 6.749, 6.972, 7.364, 7.51, 8.165, 8.795, 8.675, 8.314, 7.727, 7.586, 7.585, 7.455, 6.97, 7.356, 7.027, 7.021, 7.01, 6.864, 6.537, 5.742, 4.999, 5.439, 6.739, 6.769, 6.491], [1.312, 1.08, 1.288, 1.439, 1.412, 1.996, 1.871, 1.838, 1.879, 1.916, 1.991, 1.792, 1.333, 0.0, 1.231, 2.432, 4.095, 5.132, 5.678, 5.823, 5.323, 4.619, 5.156, 4.973, 5.274, 6.586, 7.367, 7.433, 7.133, 6.156, 6.292, 6.968, 6.908, 6.647, 6.656, 6.431, 6.537, 6.24, 5.307, 5.079, 5.968, 6.109, 5.481, 5.836, 5.987, 6.066, 6.131, 7.086, 7.072, 5.638, 5.385, 6.553, 6.556, 6.225, 6.668, 7.066, 7.257, 7.305, 7.311, 7.069, 6.611, 7.076, 7.252, 7.577, 7.454, 8.085, 8.617, 8.45, 8.318, 7.833, 7.645, 7.519, 7.618, 7.34, 7.856, 7.507, 7.481, 7.397, 7.252, 6.991, 6.088, 5.246, 5.309, 6.641, 6.508, 6.262], [1.952, 1.585, 1.85, 1.977, 1.718, 2.223, 1.961, 2.132, 1.92, 2.049, 2.323, 2.253, 1.949, 1.231, 0.0, 1.942, 3.18, 4.319, 4.883, 5.021, 4.536, 3.846, 4.364, 4.147, 4.491, 5.719, 6.502, 6.411, 6.135, 5.218, 5.391, 6.083, 6.114, 5.898, 5.768, 5.587, 5.756, 5.52, 4.87, 4.636, 5.409, 5.672, 5.029, 5.499, 5.545, 5.873, 5.919, 6.57, 6.65, 5.38, 5.161, 6.205, 6.226, 6.025, 6.424, 6.883, 6.897, 7.127, 7.263, 6.956, 6.519, 6.964, 7.139, 7.488, 7.317, 7.903, 8.459, 8.227, 8.131, 7.646, 7.407, 7.239, 7.45, 7.341, 7.896, 7.576, 7.516, 7.477, 7.268, 7.03, 6.02, 5.158, 5.069, 6.215, 6.03, 5.747], [3.117, 2.713, 2.823, 3.032, 2.539, 1.592, 1.684, 1.871, 1.428, 1.772, 2.049, 2.431, 2.731, 2.432, 1.942, 0.0, 1.837, 2.853, 3.455, 3.628, 3.121, 2.469, 2.923, 2.76, 3.023, 4.318, 5.12, 5.1, 4.855, 3.942, 4.058, 4.726, 4.734, 4.485, 4.485, 4.148, 4.372, 4.09, 3.212, 2.954, 3.763, 4.016, 3.408, 3.921, 4.011, 4.302, 4.326, 5.108, 5.14, 3.859, 3.583, 4.662, 4.691, 4.521, 4.847, 5.375, 5.42, 5.676, 5.865, 5.676, 5.079, 5.538, 5.714, 6.038, 5.894, 6.427, 6.934, 6.609, 6.584, 6.091, 5.908, 5.808, 6.017, 6.152, 6.829, 6.451, 6.329, 6.411, 6.157, 5.785, 4.6, 3.667, 3.586, 4.676, 4.403, 4.168], [4.449, 4.124, 4.359, 4.552, 3.991, 2.959, 3.015, 3.145, 2.858, 3.113, 3.326, 3.945, 4.38, 4.095, 3.18, 1.837, 0.0, 1.372, 1.825, 2.028, 1.636, 1.192, 1.441, 1.499, 1.675, 2.622, 3.445, 3.533, 3.544, 2.78, 2.966, 3.602, 3.65, 3.44, 3.386, 3.053, 3.39, 3.139, 2.363, 2.214, 2.941, 3.205, 2.687, 3.246, 3.316, 3.685, 3.678, 4.327, 4.459, 3.328, 3.17, 3.984, 4.017, 3.944, 4.348, 4.916, 4.984, 5.312, 5.545, 5.285, 4.801, 5.216, 5.275, 5.575, 5.569, 6.007, 6.478, 6.117, 6.177, 5.724, 5.475, 5.435, 5.552, 5.994, 6.732, 6.329, 6.162, 6.293, 6.026, 5.579, 4.365, 3.362, 3.12, 3.97, 3.738, 3.343], [5.26, 4.897, 5.189, 5.411, 4.712, 3.719, 3.847, 3.934, 3.772, 4.101, 4.294, 4.766, 5.131, 5.132, 4.319, 2.853, 1.372, 0.0, 0.807, 0.894, 0.732, 1.081, 1.286, 1.602, 1.758, 1.895, 2.477, 2.84, 2.93, 2.366, 2.421, 2.937, 3.047, 2.789, 2.844, 2.601, 3.001, 2.735, 2.119, 2.068, 2.506, 2.656, 2.536, 3.0, 3.279, 3.788, 3.621, 4.229, 4.419, 3.866, 3.712, 3.813, 3.849, 3.944, 4.548, 5.066, 5.232, 5.54, 5.971, 5.734, 5.272, 5.632, 5.482, 5.775, 5.919, 6.291, 6.68, 6.305, 6.518, 6.102, 5.924, 5.886, 5.969, 6.526, 7.307, 6.945, 6.717, 6.836, 6.545, 6.073, 4.845, 3.866, 3.486, 3.755, 3.432, 3.017], [5.69, 5.412, 5.662, 5.941, 5.15, 4.179, 4.247, 4.299, 4.329, 4.657, 4.823, 5.395, 5.726, 5.678, 4.883, 3.455, 1.825, 0.807, 0.0, 0.594, 0.813, 1.257, 1.314, 1.634, 1.863, 1.757, 2.115, 2.615, 2.813, 2.467, 2.306, 2.81, 2.937, 2.673, 2.731, 2.467, 2.846, 2.593, 2.142, 2.106, 2.41, 2.493, 2.556, 2.922, 3.239, 3.719, 3.57, 4.209, 4.435, 4.125, 4.008, 3.815, 3.74, 3.95, 4.496, 5.014, 5.184, 5.501, 5.97, 5.816, 5.276, 5.613, 5.444, 5.727, 5.867, 6.25, 6.635, 6.272, 6.5, 6.059, 5.982, 5.93, 6.012, 6.623, 7.45, 7.101, 6.857, 6.933, 6.636, 6.185, 5.002, 3.981, 3.555, 3.627, 3.292, 2.852], [5.82, 5.508, 5.761, 6.012, 5.209, 4.275, 4.417, 4.443, 4.446, 4.806, 4.993, 5.46, 5.787, 5.823, 5.021, 3.628, 2.028, 0.894, 0.594, 0.0, 0.97, 1.487, 1.453, 1.813, 1.976, 1.788, 2.03, 2.501, 2.696, 2.44, 2.16, 2.635, 2.778, 2.504, 2.601, 2.415, 2.741, 2.51, 2.158, 2.029, 2.341, 2.413, 2.541, 2.9, 3.277, 3.749, 3.596, 4.181, 4.42, 4.201, 4.059, 3.82, 3.694, 3.896, 4.517, 5.035, 5.197, 5.515, 5.986, 5.827, 5.299, 5.634, 5.451, 5.735, 5.887, 6.242, 6.646, 6.317, 6.539, 6.098, 5.982, 5.938, 6.027, 6.621, 7.443, 7.107, 6.847, 6.931, 6.636, 6.202, 5.046, 4.046, 3.553, 3.624, 3.216, 2.789], [5.279, 5.02, 5.272, 5.457, 4.759, 3.799, 3.895, 3.905, 3.828, 4.14, 4.359, 4.941, 5.311, 5.323, 4.536, 3.121, 1.636, 0.732, 0.813, 0.97, 0.0, 1.02, 1.423, 1.715, 1.881, 1.788, 2.569, 3.024, 3.28, 2.702, 2.791, 3.287, 3.397, 3.159, 3.238, 3.009, 3.381, 3.113, 2.469, 2.396, 2.883, 3.05, 2.97, 3.403, 3.621, 4.085, 3.966, 4.638, 4.848, 4.187, 4.05, 4.218, 4.234, 4.391, 4.9, 5.44, 5.614, 5.937, 6.277, 6.042, 5.578, 5.94, 5.872, 6.16, 6.272, 6.671, 7.071, 6.732, 6.874, 6.423, 6.229, 6.191, 6.275, 6.835, 7.619, 7.25, 7.026, 7.145, 6.853, 6.382, 5.138, 4.124, 3.77, 4.107, 3.805, 3.369], [4.695, 4.321, 4.551, 4.827, 4.088, 3.158, 3.299, 3.359, 3.33, 3.653, 3.822, 4.356, 4.71, 4.619, 3.846, 2.469, 1.192, 1.081, 1.257, 1.487, 1.02, 0.0, 1.117, 1.345, 1.652, 2.288, 3.044, 3.433, 3.546, 2.825, 3.02, 3.553, 3.657, 3.402, 3.464, 3.183, 3.576, 3.32, 2.525, 2.479, 3.032, 3.213, 2.96, 3.461, 3.629, 4.071, 3.996, 4.569, 4.738, 3.766, 3.66, 4.287, 4.348, 4.341, 4.702, 5.283, 5.402, 5.725, 5.943, 5.664, 5.125, 5.589, 5.692, 5.983, 5.969, 6.42, 6.887, 6.512, 6.587, 6.102, 5.855, 5.789, 5.961, 6.253, 6.981, 6.59, 6.417, 6.546, 6.285, 5.87, 4.643, 3.637, 3.452, 4.241, 3.955, 3.519], [5.214, 4.91, 5.217, 5.491, 4.708, 3.737, 3.778, 3.885, 3.843, 4.097, 4.268, 4.837, 5.23, 5.156, 4.364, 2.923, 1.441, 1.286, 1.314, 1.453, 1.423, 1.117, 0.0, 0.859, 1.174, 1.798, 2.644, 3.063, 3.204, 2.43, 2.651, 3.262, 3.429, 3.088, 3.179, 2.838, 3.097, 2.874, 2.55, 2.571, 2.7, 2.77, 2.719, 3.037, 3.138, 3.584, 3.512, 4.079, 4.227, 3.36, 3.437, 3.792, 3.83, 3.787, 4.104, 4.624, 4.769, 5.098, 5.39, 5.144, 4.671, 5.071, 5.043, 5.331, 5.406, 5.813, 6.229, 5.912, 6.007, 5.559, 5.317, 5.285, 5.39, 5.844, 6.569, 6.162, 6.007, 6.132, 5.893, 5.537, 4.327, 3.385, 2.825, 3.742, 3.461, 3.025], [5.203, 4.884, 5.131, 5.443, 4.711, 3.691, 3.697, 3.85, 3.807, 4.074, 4.193, 4.787, 5.167, 4.973, 4.147, 2.76, 1.499, 1.602, 1.634, 1.813, 1.715, 1.345, 0.859, 0.0, 0.782, 1.805, 2.717, 3.144, 3.265, 2.525, 2.779, 3.453, 3.631, 3.295, 3.385, 3.097, 3.276, 3.058, 2.79, 2.878, 3.063, 3.143, 3.084, 3.348, 3.333, 3.77, 3.616, 4.179, 4.317, 3.221, 3.224, 3.886, 3.915, 3.806, 4.151, 4.655, 4.739, 5.061, 5.293, 5.013, 4.505, 4.957, 5.033, 5.342, 5.319, 5.756, 6.242, 5.884, 5.928, 5.45, 5.215, 5.165, 5.3, 5.666, 6.381, 5.976, 5.833, 5.947, 5.694, 5.274, 4.033, 3.052, 2.853, 3.832, 3.556, 3.128], [5.569, 5.288, 5.553, 5.813, 5.129, 4.048, 4.069, 4.202, 4.143, 4.4, 4.507, 5.15, 5.544, 5.274, 4.491, 3.023, 1.675, 1.758, 1.863, 1.976, 1.881, 1.652, 1.174, 0.782, 0.0, 1.532, 2.491, 2.926, 2.956, 2.226, 2.768, 3.404, 3.522, 3.177, 3.308, 3.116, 3.266, 3.046, 2.887, 3.026, 3.169, 3.24, 3.21, 3.374, 3.298, 3.719, 3.468, 3.828, 3.967, 3.11, 3.155, 3.715, 3.634, 3.474, 3.779, 4.352, 4.435, 4.743, 4.963, 4.717, 4.242, 4.625, 4.726, 5.048, 4.985, 5.443, 5.939, 5.559, 5.597, 5.218, 4.91, 4.888, 5.039, 5.393, 6.109, 5.704, 5.551, 5.67, 5.414, 4.973, 3.739, 3.051, 2.735, 3.554, 3.24, 2.961], [6.784, 6.546, 6.77, 6.933, 6.308, 5.281, 5.368, 5.38, 5.202, 5.418, 5.513, 6.207, 6.738, 6.586, 5.719, 4.318, 2.622, 1.895, 1.757, 1.788, 1.788, 2.288, 1.798, 1.805, 1.532, 0.0, 1.303, 1.821, 2.087, 1.902, 2.465, 2.936, 3.069, 2.763, 2.926, 2.831, 2.973, 2.777, 2.66, 2.931, 2.852, 2.95, 3.083, 3.213, 3.113, 3.576, 3.178, 3.436, 3.646, 3.675, 3.838, 3.357, 3.194, 3.274, 3.614, 4.161, 4.304, 4.63, 5.013, 4.791, 4.35, 4.681, 4.579, 4.887, 5.015, 5.363, 5.752, 5.407, 5.583, 5.153, 4.959, 4.921, 5.011, 5.586, 6.399, 6.044, 5.806, 5.896, 5.636, 5.259, 4.156, 3.959, 3.065, 2.995, 2.673, 2.432], [7.455, 7.24, 7.443, 7.681, 6.965, 5.984, 6.036, 6.103, 5.961, 6.223, 6.308, 6.92, 7.447, 7.367, 6.502, 5.12, 3.445, 2.477, 2.115, 2.03, 2.569, 3.044, 2.644, 2.717, 2.491, 1.303, 0.0, 0.996, 1.442, 2.297, 2.091, 2.266, 2.413, 2.152, 2.42, 2.42, 2.547, 2.589, 2.978, 3.186, 2.698, 2.529, 3.041, 3.196, 3.364, 3.663, 3.427, 3.393, 3.57, 4.172, 4.408, 3.46, 3.066, 3.438, 3.778, 3.97, 4.142, 4.451, 4.952, 4.923, 4.532, 4.646, 4.424, 4.676, 4.831, 5.181, 5.58, 5.22, 5.478, 5.023, 4.968, 4.912, 4.994, 5.609, 6.461, 6.195, 5.882, 5.943, 5.977, 5.774, 4.952, 4.681, 3.456, 2.651, 2.233, 1.99], [7.788, 7.472, 7.643, 7.79, 7.296, 6.265, 6.368, 6.439, 6.034, 6.321, 6.533, 7.124, 7.578, 7.433, 6.411, 5.1, 3.533, 2.84, 2.615, 2.501, 3.024, 3.433, 3.063, 3.144, 2.926, 1.821, 0.996, 0.0, 1.129, 2.134, 1.975, 1.926, 1.966, 1.813, 1.972, 2.041, 2.12, 2.291, 2.793, 3.172, 2.407, 2.329, 2.621, 2.863, 3.067, 3.313, 3.165, 3.131, 3.372, 3.948, 4.163, 3.306, 2.943, 3.303, 3.426, 3.458, 3.468, 3.796, 4.571, 4.744, 4.335, 4.174, 3.92, 4.091, 4.142, 4.434, 4.88, 4.576, 4.884, 4.567, 4.488, 4.45, 4.533, 5.16, 6.175, 5.916, 5.581, 5.61, 5.783, 5.589, 4.8, 4.494, 3.23, 2.331, 1.952, 1.803], [7.791, 7.346, 7.5, 7.699, 7.185, 6.128, 6.308, 6.483, 6.066, 6.401, 6.613, 7.111, 7.406, 7.133, 6.135, 4.855, 3.544, 2.93, 2.813, 2.696, 3.28, 3.546, 3.204, 3.265, 2.956, 2.087, 1.442, 1.129, 0.0, 1.46, 1.399, 1.66, 1.645, 1.56, 1.596, 1.629, 1.691, 1.802, 2.607, 2.969, 2.184, 2.155, 2.402, 2.468, 2.514, 2.787, 2.595, 2.507, 2.64, 3.42, 3.644, 2.726, 2.17, 2.493, 2.819, 3.06, 3.081, 3.362, 3.879, 4.07, 3.669, 3.537, 3.341, 3.55, 3.688, 3.967, 4.422, 4.087, 4.469, 4.176, 4.122, 4.015, 4.02, 4.534, 5.459, 5.186, 4.86, 4.891, 4.989, 4.809, 4.019, 3.94, 2.739, 1.713, 1.498, 1.445], [6.965, 6.531, 6.644, 6.838, 6.36, 5.33, 5.467, 5.688, 5.21, 5.543, 5.802, 6.249, 6.537, 6.156, 5.218, 3.942, 2.78, 2.366, 2.467, 2.44, 2.702, 2.825, 2.43, 2.525, 2.226, 1.902, 2.297, 2.134, 1.46, 0.0, 1.266, 2.115, 1.975, 1.776, 1.613, 1.682, 1.69, 1.463, 2.112, 2.562, 2.227, 2.369, 2.391, 2.154, 1.652, 2.076, 1.752, 2.106, 2.306, 2.246, 2.43, 1.924, 1.994, 2.183, 2.728, 3.405, 3.33, 3.594, 3.857, 3.71, 3.494, 3.551, 3.421, 3.65, 3.713, 4.1, 4.482, 4.314, 4.629, 4.574, 4.392, 4.295, 4.222, 4.502, 5.147, 4.782, 4.55, 4.658, 4.426, 4.135, 3.154, 2.615, 1.889, 2.135, 2.092, 1.932], [6.979, 6.573, 6.691, 6.86, 6.418, 5.414, 5.526, 5.754, 5.272, 5.596, 5.859, 6.304, 6.607, 6.292, 5.391, 4.058, 2.966, 2.421, 2.306, 2.16, 2.791, 3.02, 2.651, 2.779, 2.768, 2.465, 2.091, 1.975, 1.399, 1.266, 0.0, 1.333, 1.316, 1.11, 1.112, 1.143, 1.073, 1.004, 1.832, 2.102, 1.571, 1.66, 1.874, 1.834, 1.996, 2.447, 2.323, 2.721, 2.944, 3.054, 3.194, 2.432, 2.158, 2.593, 3.159, 3.643, 3.676, 3.944, 4.482, 4.399, 4.041, 4.095, 3.922, 4.157, 4.307, 4.627, 5.099, 4.788, 5.094, 4.9, 4.719, 4.617, 4.625, 5.163, 5.983, 5.678, 5.389, 5.456, 5.288, 5.01, 4.027, 3.203, 2.338, 2.274, 1.987, 1.707], [7.661, 7.241, 7.38, 7.579, 7.071, 6.039, 6.183, 6.408, 5.99, 6.325, 6.537, 7.035, 7.321, 6.968, 6.083, 4.726, 3.602, 2.937, 2.81, 2.635, 3.287, 3.553, 3.262, 3.453, 3.404, 2.936, 2.266, 1.926, 1.66, 2.115, 1.333, 0.0, 0.687, 1.02, 1.214, 1.389, 1.505, 1.706, 2.589, 2.853, 1.812, 1.699, 2.063, 2.339, 2.851, 3.107, 3.164, 3.571, 3.838, 3.968, 4.026, 3.379, 3.085, 3.509, 3.797, 4.019, 4.105, 4.521, 5.211, 5.303, 4.773, 4.751, 4.564, 4.721, 4.823, 5.012, 5.512, 5.266, 5.704, 5.331, 5.276, 5.247, 5.339, 5.873, 6.811, 6.538, 6.214, 6.248, 6.182, 5.978, 5.066, 4.312, 3.161, 2.938, 2.386, 2.087], [7.749, 7.35, 7.418, 7.613, 7.148, 6.126, 6.269, 6.492, 6.026, 6.347, 6.588, 7.048, 7.334, 6.908, 6.114, 4.734, 3.65, 3.047, 2.937, 2.778, 3.397, 3.657, 3.429, 3.631, 3.522, 3.069, 2.413, 1.966, 1.645, 1.975, 1.316, 0.687, 0.0, 0.8, 0.956, 1.193, 1.33, 1.564, 2.518, 2.842, 1.794, 1.714, 1.984, 2.183, 2.532, 2.713, 2.766, 3.266, 3.539, 3.652, 3.638, 3.096, 2.8, 3.161, 3.53, 3.814, 3.815, 4.182, 4.897, 5.045, 4.526, 4.406, 4.266, 4.37, 4.442, 4.691, 5.177, 4.91, 5.346, 5.125, 5.071, 4.986, 5.061, 5.554, 6.51, 6.225, 5.913, 5.937, 5.82, 5.576, 4.743, 4.094, 2.925, 2.721, 2.293, 2.022], [7.478, 7.081, 7.139, 7.315, 6.889, 5.89, 6.025, 6.248, 5.768, 6.065, 6.332, 6.785, 7.056, 6.647, 5.898, 4.485, 3.44, 2.789, 2.673, 2.504, 3.159, 3.402, 3.088, 3.295, 3.177, 2.763, 2.152, 1.813, 1.56, 1.776, 1.11, 1.02, 0.8, 0.0, 0.776, 1.061, 1.18, 1.271, 2.309, 2.603, 1.622, 1.533, 1.808, 1.751, 2.289, 2.387, 2.47, 2.911, 3.235, 3.351, 3.411, 2.806, 2.462, 2.781, 3.176, 3.433, 3.516, 3.911, 4.494, 4.752, 4.17, 4.114, 3.958, 4.033, 4.216, 4.422, 4.926, 4.686, 5.134, 4.891, 4.811, 4.747, 4.838, 5.32, 6.199, 5.878, 5.591, 5.563, 5.44, 5.215, 4.366, 3.799, 2.61, 2.426, 1.916, 1.686], [7.438, 7.043, 7.085, 7.289, 6.808, 5.837, 5.991, 6.214, 5.73, 6.061, 6.32, 6.78, 7.055, 6.656, 5.768, 4.485, 3.386, 2.844, 2.731, 2.601, 3.238, 3.464, 3.179, 3.385, 3.308, 2.926, 2.42, 1.972, 1.596, 1.613, 1.112, 1.214, 0.956, 0.776, 0.0, 0.739, 0.906, 1.077, 2.191, 2.481, 1.509, 1.422, 1.753, 1.738, 2.088, 2.296, 2.409, 2.741, 3.04, 3.181, 3.303, 2.656, 2.33, 2.749, 3.17, 3.424, 3.345, 3.676, 4.334, 4.525, 4.098, 3.919, 3.659, 3.795, 3.948, 4.241, 4.731, 4.449, 4.909, 4.765, 4.67, 4.527, 4.513, 4.973, 5.958, 5.666, 5.341, 5.353, 5.339, 5.148, 4.251, 3.577, 2.447, 2.175, 1.879, 1.601], [7.171, 6.768, 6.917, 7.112, 6.616, 5.58, 5.682, 5.901, 5.418, 5.73, 5.967, 6.444, 6.798, 6.431, 5.587, 4.148, 3.053, 2.601, 2.467, 2.415, 3.009, 3.183, 2.838, 3.097, 3.116, 2.831, 2.42, 2.041, 1.629, 1.682, 1.143, 1.389, 1.193, 1.061, 0.739, 0.0, 0.81, 1.031, 2.015, 2.325, 1.424, 1.32, 1.651, 1.774, 2.098, 2.362, 2.508, 2.897, 3.145, 3.3, 3.349, 2.712, 2.415, 2.896, 3.385, 3.561, 3.45, 3.687, 4.406, 4.593, 4.245, 4.025, 3.748, 3.938, 4.016, 4.325, 4.778, 4.419, 4.787, 4.749, 4.66, 4.57, 4.568, 5.054, 6.022, 5.76, 5.414, 5.444, 5.506, 5.293, 4.284, 3.544, 2.493, 2.174, 1.887, 1.592], [7.287, 6.909, 6.891, 7.065, 6.689, 5.722, 5.85, 6.069, 5.607, 5.895, 6.145, 6.614, 6.864, 6.537, 5.756, 4.372, 3.39, 3.001, 2.846, 2.741, 3.381, 3.576, 3.097, 3.276, 3.266, 2.973, 2.547, 2.12, 1.691, 1.69, 1.073, 1.505, 1.33, 1.18, 0.906, 0.81, 0.0, 0.742, 1.937, 2.277, 1.219, 1.09, 1.472, 1.554, 1.71, 2.188, 2.239, 2.449, 2.685, 2.928, 3.156, 2.281, 2.04, 2.594, 2.991, 3.269, 3.12, 3.386, 4.048, 4.134, 3.854, 3.603, 3.435, 3.572, 3.662, 4.034, 4.522, 4.225, 4.608, 4.664, 4.512, 4.398, 4.357, 4.777, 5.665, 5.385, 5.062, 5.077, 5.01, 4.797, 3.903, 3.16, 2.151, 1.888, 1.727, 1.388], [6.968, 6.594, 6.589, 6.682, 6.397, 5.418, 5.551, 5.754, 5.272, 5.546, 5.821, 6.263, 6.479, 6.24, 5.52, 4.09, 3.139, 2.735, 2.593, 2.51, 3.113, 3.32, 2.874, 3.058, 3.046, 2.777, 2.589, 2.291, 1.802, 1.463, 1.004, 1.706, 1.564, 1.271, 1.077, 1.031, 0.742, 0.0, 1.577, 1.915, 1.16, 1.375, 1.498, 1.321, 1.365, 1.757, 1.794, 2.14, 2.445, 2.553, 2.656, 1.938, 1.819, 2.28, 2.762, 3.235, 3.155, 3.431, 3.906, 3.891, 3.629, 3.461, 3.313, 3.484, 3.621, 3.989, 4.428, 4.127, 4.573, 4.605, 4.463, 4.272, 4.235, 4.703, 5.474, 5.182, 4.89, 4.908, 4.73, 4.49, 3.56, 2.792, 1.904, 1.815, 1.649, 1.409], [5.732, 5.411, 5.181, 5.262, 5.179, 4.279, 4.548, 4.591, 4.139, 4.21, 4.487, 4.911, 5.191, 5.307, 4.87, 3.212, 2.363, 2.119, 2.142, 2.158, 2.469, 2.525, 2.55, 2.79, 2.887, 2.66, 2.978, 2.793, 2.607, 2.112, 1.832, 2.589, 2.518, 2.309, 2.191, 2.015, 1.937, 1.577, 0.0, 0.904, 1.186, 1.691, 1.239, 1.33, 1.522, 2.031, 1.898, 2.69, 2.635, 2.469, 2.507, 2.025, 2.067, 2.3, 2.794, 3.317, 3.471, 3.784, 4.091, 3.98, 3.514, 3.75, 3.561, 3.823, 3.968, 4.472, 4.9, 4.624, 4.9, 4.511, 4.387, 4.24, 4.254, 4.767, 5.628, 5.296, 5.046, 5.128, 4.804, 4.41, 3.377, 2.55, 1.832, 2.026, 2.109, 1.806], [5.443, 5.085, 4.951, 4.985, 4.726, 3.878, 4.198, 4.222, 3.702, 3.995, 4.316, 4.605, 4.851, 5.079, 4.636, 2.954, 2.214, 2.068, 2.106, 2.029, 2.396, 2.479, 2.571, 2.878, 3.026, 2.931, 3.186, 3.172, 2.969, 2.562, 2.102, 2.853, 2.842, 2.603, 2.481, 2.325, 2.277, 1.915, 0.904, 0.0, 1.268, 1.728, 1.27, 1.632, 2.01, 2.457, 2.418, 3.11, 3.2, 2.844, 2.843, 2.559, 2.502, 2.604, 3.057, 3.594, 3.832, 4.184, 4.586, 4.492, 3.908, 4.179, 3.981, 4.221, 4.38, 4.837, 5.309, 5.016, 5.404, 4.915, 4.847, 4.711, 4.723, 5.237, 6.069, 5.729, 5.489, 5.579, 5.251, 4.789, 3.708, 2.865, 2.263, 2.598, 2.36, 2.028], [6.434, 6.044, 5.969, 6.052, 5.859, 4.925, 5.076, 5.221, 4.765, 5.006, 5.305, 5.697, 5.938, 5.968, 5.409, 3.763, 2.941, 2.506, 2.41, 2.341, 2.883, 3.032, 2.7, 3.063, 3.169, 2.852, 2.698, 2.407, 2.184, 2.227, 1.571, 1.812, 1.794, 1.622, 1.509, 1.424, 1.219, 1.16, 1.186, 1.268, 0.0, 0.795, 0.841, 1.137, 1.662, 2.082, 2.157, 2.638, 2.803, 2.837, 2.933, 2.289, 2.133, 2.496, 2.727, 3.105, 3.28, 3.661, 4.201, 4.188, 3.71, 3.706, 3.531, 3.725, 3.874, 4.288, 4.764, 4.462, 4.867, 4.467, 4.4, 4.262, 4.278, 4.829, 5.8, 5.52, 5.203, 5.234, 5.099, 4.83, 3.968, 3.192, 2.138, 2.029, 1.61, 1.32], [6.661, 6.253, 6.208, 6.422, 6.027, 5.068, 5.314, 5.435, 5.132, 5.36, 5.538, 6.025, 6.291, 6.109, 5.672, 4.016, 3.205, 2.656, 2.493, 2.413, 3.05, 3.213, 2.77, 3.143, 3.24, 2.95, 2.529, 2.329, 2.155, 2.369, 1.66, 1.699, 1.714, 1.533, 1.422, 1.32, 1.09, 1.375, 1.691, 1.728, 0.795, 0.0, 0.957, 1.335, 2.031, 2.399, 2.507, 2.866, 3.025, 3.135, 3.37, 2.549, 2.365, 2.795, 3.015, 3.205, 3.311, 3.65, 4.335, 4.39, 3.963, 3.896, 3.643, 3.808, 3.878, 4.289, 4.793, 4.489, 4.862, 4.491, 4.364, 4.309, 4.372, 4.924, 5.961, 5.699, 5.378, 5.417, 5.355, 5.151, 4.346, 3.563, 2.414, 2.061, 1.616, 1.215], [6.168, 5.782, 5.644, 5.841, 5.53, 4.607, 4.844, 4.976, 4.559, 4.757, 5.01, 5.461, 5.682, 5.481, 5.029, 3.408, 2.687, 2.536, 2.556, 2.541, 2.97, 2.96, 2.719, 3.084, 3.21, 3.083, 3.041, 2.621, 2.402, 2.391, 1.874, 2.063, 1.984, 1.808, 1.753, 1.651, 1.472, 1.498, 1.239, 1.27, 0.841, 0.957, 0.0, 1.021, 1.675, 2.087, 2.236, 2.765, 2.824, 2.806, 2.979, 2.396, 2.279, 2.491, 2.706, 3.005, 3.184, 3.497, 4.132, 4.176, 3.702, 3.646, 3.446, 3.587, 3.748, 4.127, 4.652, 4.374, 4.774, 4.337, 4.241, 4.2, 4.263, 4.744, 5.736, 5.47, 5.153, 5.196, 5.048, 4.763, 3.897, 3.102, 1.962, 2.004, 1.666, 1.35], [6.683, 6.307, 6.024, 5.968, 6.073, 5.162, 5.428, 5.554, 5.116, 5.191, 5.479, 5.876, 6.018, 5.836, 5.499, 3.921, 3.246, 3.0, 2.922, 2.9, 3.403, 3.461, 3.037, 3.348, 3.374, 3.213, 3.196, 2.863, 2.468, 2.154, 1.834, 2.339, 2.183, 1.751, 1.738, 1.774, 1.554, 1.321, 1.33, 1.632, 1.137, 1.335, 1.021, 0.0, 1.183, 1.428, 1.561, 2.181, 2.181, 2.267, 2.43, 1.709, 1.78, 2.012, 2.38, 2.699, 3.019, 3.345, 3.515, 3.652, 3.021, 3.039, 2.836, 2.963, 3.162, 3.742, 4.267, 4.125, 4.612, 4.221, 4.243, 4.067, 4.022, 4.29, 5.076, 4.757, 4.484, 4.502, 4.279, 4.021, 3.203, 2.538, 1.728, 1.852, 1.734, 1.589], [6.825, 6.438, 6.178, 6.241, 6.206, 5.294, 5.539, 5.672, 5.234, 5.339, 5.63, 5.996, 6.17, 5.987, 5.545, 4.011, 3.316, 3.279, 3.239, 3.277, 3.621, 3.629, 3.138, 3.333, 3.298, 3.113, 3.364, 3.067, 2.514, 1.652, 1.996, 2.851, 2.532, 2.289, 2.088, 2.098, 1.71, 1.365, 1.522, 2.01, 1.662, 2.031, 1.675, 1.183, 0.0, 0.963, 1.019, 1.557, 1.549, 1.56, 1.805, 1.279, 1.531, 1.754, 2.124, 2.742, 2.881, 3.124, 3.044, 3.008, 2.794, 2.652, 2.578, 2.652, 2.804, 3.363, 3.762, 3.737, 4.09, 4.219, 4.101, 3.906, 3.726, 3.881, 4.343, 4.097, 3.88, 3.929, 3.536, 3.358, 2.607, 2.013, 1.294, 1.584, 1.962, 1.847], [6.913, 6.581, 6.253, 6.21, 6.333, 5.443, 5.747, 5.854, 5.42, 5.44, 5.658, 6.041, 6.199, 6.066, 5.873, 4.302, 3.685, 3.788, 3.719, 3.749, 4.085, 4.071, 3.584, 3.77, 3.719, 3.576, 3.663, 3.313, 2.787, 2.076, 2.447, 3.107, 2.713, 2.387, 2.296, 2.362, 2.188, 1.757, 2.031, 2.457, 2.082, 2.399, 2.087, 1.428, 0.963, 0.0, 0.962, 1.819, 1.801, 1.458, 1.575, 1.376, 1.612, 1.76, 2.145, 2.599, 2.834, 3.023, 2.69, 2.852, 2.579, 2.341, 2.306, 2.249, 2.406, 2.812, 3.408, 3.564, 3.883, 3.899, 3.874, 3.774, 3.498, 3.609, 4.102, 3.795, 3.615, 3.586, 3.283, 3.068, 2.459, 1.977, 1.39, 1.766, 2.153, 2.116], [7.016, 6.68, 6.4, 6.447, 6.449, 5.526, 5.822, 5.929, 5.495, 5.515, 5.761, 6.136, 6.305, 6.131, 5.919, 4.326, 3.678, 3.621, 3.57, 3.596, 3.966, 3.996, 3.512, 3.616, 3.468, 3.178, 3.427, 3.165, 2.595, 1.752, 2.323, 3.164, 2.766, 2.47, 2.409, 2.508, 2.239, 1.794, 1.898, 2.418, 2.157, 2.507, 2.236, 1.561, 1.019, 0.962, 0.0, 1.405, 1.452, 1.3, 1.396, 1.048, 1.142, 1.265, 1.808, 2.449, 2.652, 2.903, 2.785, 2.728, 2.376, 2.375, 2.265, 2.386, 2.507, 2.956, 3.392, 3.425, 3.855, 3.757, 3.752, 3.655, 3.401, 3.627, 4.049, 3.667, 3.504, 3.502, 3.271, 3.012, 2.418, 2.068, 1.548, 1.618, 1.978, 2.002], [7.947, 7.552, 7.353, 7.391, 7.316, 6.401, 6.632, 6.774, 6.333, 6.479, 6.778, 7.16, 7.328, 7.086, 6.57, 5.108, 4.327, 4.229, 4.209, 4.181, 4.638, 4.569, 4.079, 4.179, 3.828, 3.436, 3.393, 3.131, 2.507, 2.106, 2.721, 3.571, 3.266, 2.911, 2.741, 2.897, 2.449, 2.14, 2.69, 3.11, 2.638, 2.866, 2.765, 2.181, 1.557, 1.819, 1.405, 0.0, 0.823, 1.795, 2.035, 1.312, 1.334, 1.381, 1.734, 2.27, 2.312, 2.554, 2.475, 2.504, 2.306, 2.171, 1.988, 1.994, 2.021, 2.618, 3.023, 3.089, 3.564, 3.729, 3.608, 3.458, 3.262, 3.517, 3.634, 3.321, 3.178, 3.158, 3.094, 3.197, 2.932, 2.827, 2.193, 1.799, 2.043, 2.176], [7.923, 7.555, 7.249, 7.252, 7.311, 6.413, 6.685, 6.805, 6.372, 6.429, 6.709, 7.089, 7.252, 7.072, 6.65, 5.14, 4.459, 4.419, 4.435, 4.42, 4.848, 4.738, 4.227, 4.317, 3.967, 3.646, 3.57, 3.372, 2.64, 2.306, 2.944, 3.838, 3.539, 3.235, 3.04, 3.145, 2.685, 2.445, 2.635, 3.2, 2.803, 3.025, 2.824, 2.181, 1.549, 1.801, 1.452, 0.823, 0.0, 1.656, 1.977, 1.077, 1.272, 1.335, 1.709, 2.068, 2.178, 2.387, 2.174, 2.115, 2.05, 1.867, 1.669, 1.747, 1.875, 2.488, 2.866, 2.957, 3.384, 3.459, 3.333, 3.16, 2.949, 3.079, 3.187, 2.965, 2.733, 2.79, 2.817, 2.921, 2.771, 2.656, 2.067, 1.502, 1.943, 2.261], [6.357, 6.06, 5.675, 5.703, 5.754, 4.922, 5.222, 5.331, 4.912, 4.924, 5.148, 5.506, 5.678, 5.638, 5.38, 3.859, 3.328, 3.866, 4.125, 4.201, 4.187, 3.766, 3.36, 3.221, 3.11, 3.675, 4.172, 3.948, 3.42, 2.246, 3.054, 3.968, 3.652, 3.351, 3.181, 3.3, 2.928, 2.553, 2.469, 2.844, 2.837, 3.135, 2.806, 2.267, 1.56, 1.458, 1.3, 1.795, 1.656, 0.0, 0.754, 1.336, 1.778, 1.701, 2.104, 2.734, 2.923, 3.0, 2.608, 2.313, 2.169, 2.214, 2.27, 2.447, 2.461, 3.068, 3.66, 3.761, 3.856, 3.842, 3.549, 3.539, 3.248, 3.228, 3.488, 3.16, 3.001, 3.119, 2.84, 2.705, 2.069, 1.531, 1.431, 2.217, 2.777, 2.767], [6.156, 5.827, 5.536, 5.517, 5.625, 4.705, 4.995, 5.101, 4.67, 4.692, 4.914, 5.268, 5.44, 5.385, 5.161, 3.583, 3.17, 3.712, 4.008, 4.059, 4.05, 3.66, 3.437, 3.224, 3.155, 3.838, 4.408, 4.163, 3.644, 2.43, 3.194, 4.026, 3.638, 3.411, 3.303, 3.349, 3.156, 2.656, 2.507, 2.843, 2.933, 3.37, 2.979, 2.43, 1.805, 1.575, 1.396, 2.035, 1.977, 0.754, 0.0, 1.596, 2.054, 1.89, 2.472, 3.104, 3.241, 3.397, 2.997, 2.622, 2.385, 2.546, 2.595, 2.796, 2.725, 3.334, 3.91, 4.073, 4.166, 4.102, 3.887, 3.783, 3.565, 3.57, 3.712, 3.323, 3.184, 3.223, 3.057, 2.778, 2.106, 1.63, 1.774, 2.619, 3.043, 3.039], [7.328, 6.984, 6.702, 6.608, 6.786, 5.872, 6.14, 6.246, 5.816, 5.853, 6.088, 6.481, 6.658, 6.553, 6.205, 4.662, 3.984, 3.813, 3.815, 3.82, 4.218, 4.287, 3.792, 3.886, 3.715, 3.357, 3.46, 3.306, 2.726, 1.924, 2.432, 3.379, 3.096, 2.806, 2.656, 2.712, 2.281, 1.938, 2.025, 2.559, 2.289, 2.549, 2.396, 1.709, 1.279, 1.376, 1.048, 1.312, 1.077, 1.336, 1.596, 0.0, 0.926, 1.422, 1.962, 2.517, 2.634, 2.754, 2.583, 2.336, 2.266, 2.288, 2.087, 2.232, 2.317, 2.895, 3.355, 3.437, 3.767, 3.815, 3.681, 3.46, 3.249, 3.392, 3.778, 3.428, 3.272, 3.34, 3.107, 3.151, 2.743, 2.235, 1.755, 1.545, 2.086, 2.127], [7.357, 7.029, 6.798, 6.886, 6.829, 5.91, 6.189, 6.294, 5.864, 5.899, 6.125, 6.519, 6.69, 6.556, 6.226, 4.691, 4.017, 3.849, 3.74, 3.694, 4.234, 4.348, 3.83, 3.915, 3.634, 3.194, 3.066, 2.943, 2.17, 1.994, 2.158, 3.085, 2.8, 2.462, 2.33, 2.415, 2.04, 1.819, 2.067, 2.502, 2.133, 2.365, 2.279, 1.78, 1.531, 1.612, 1.142, 1.334, 1.272, 1.778, 2.054, 0.926, 0.0, 0.966, 1.584, 1.989, 2.135, 2.378, 2.549, 2.498, 2.083, 2.166, 1.978, 2.188, 2.388, 2.643, 3.15, 2.993, 3.417, 3.308, 3.211, 3.038, 2.877, 3.298, 3.999, 3.679, 3.438, 3.495, 3.39, 3.501, 2.887, 2.647, 1.868, 1.294, 1.578, 1.605], [7.073, 6.703, 6.563, 6.635, 6.477, 5.546, 5.822, 5.947, 5.558, 5.637, 5.905, 6.301, 6.46, 6.225, 6.025, 4.521, 3.944, 3.944, 3.95, 3.896, 4.391, 4.341, 3.787, 3.806, 3.474, 3.274, 3.438, 3.303, 2.493, 2.183, 2.593, 3.509, 3.161, 2.781, 2.749, 2.896, 2.594, 2.28, 2.3, 2.604, 2.496, 2.795, 2.491, 2.012, 1.754, 1.76, 1.265, 1.381, 1.335, 1.701, 1.89, 1.422, 0.966, 0.0, 1.276, 1.789, 2.099, 2.272, 2.389, 2.373, 1.889, 1.983, 1.835, 1.941, 2.231, 2.66, 3.102, 3.065, 3.486, 3.245, 3.107, 3.064, 2.847, 3.197, 3.737, 3.427, 3.175, 3.193, 2.985, 2.966, 2.406, 2.415, 1.784, 1.736, 1.855, 2.049], [7.555, 7.157, 6.995, 7.082, 6.924, 6.014, 6.276, 6.395, 5.952, 6.091, 6.387, 6.78, 6.95, 6.668, 6.424, 4.847, 4.348, 4.548, 4.496, 4.517, 4.9, 4.702, 4.104, 4.151, 3.779, 3.614, 3.778, 3.426, 2.819, 2.728, 3.159, 3.797, 3.53, 3.176, 3.17, 3.385, 2.991, 2.762, 2.794, 3.057, 2.727, 3.015, 2.706, 2.38, 2.124, 2.145, 1.808, 1.734, 1.709, 2.104, 2.472, 1.962, 1.584, 1.276, 0.0, 1.085, 1.641, 1.987, 2.146, 2.366, 1.865, 1.895, 1.688, 1.843, 2.183, 2.317, 2.736, 2.767, 3.226, 2.866, 2.824, 2.739, 2.638, 2.802, 3.589, 3.287, 3.058, 3.14, 2.945, 2.966, 2.54, 2.804, 2.042, 2.005, 2.086, 2.356], [7.927, 7.557, 7.289, 7.418, 7.307, 6.415, 6.715, 6.821, 6.391, 6.448, 6.74, 7.111, 7.292, 7.066, 6.883, 5.375, 4.916, 5.066, 5.014, 5.035, 5.44, 5.283, 4.624, 4.655, 4.352, 4.161, 3.97, 3.458, 3.06, 3.405, 3.643, 4.019, 3.814, 3.433, 3.424, 3.561, 3.269, 3.235, 3.317, 3.594, 3.105, 3.205, 3.005, 2.699, 2.742, 2.599, 2.449, 2.27, 2.068, 2.734, 3.104, 2.517, 1.989, 1.789, 1.085, 0.0, 0.999, 1.3, 1.706, 2.416, 1.884, 1.75, 1.567, 1.681, 2.043, 1.756, 2.071, 2.053, 2.425, 2.022, 2.092, 2.025, 1.952, 2.25, 3.295, 3.08, 2.665, 2.761, 3.025, 3.138, 2.973, 3.377, 2.353, 2.005, 2.083, 2.493], [8.121, 7.754, 7.643, 7.754, 7.565, 6.625, 6.853, 6.982, 6.552, 6.645, 6.932, 7.344, 7.564, 7.257, 6.897, 5.42, 4.984, 5.232, 5.184, 5.197, 5.614, 5.402, 4.769, 4.739, 4.435, 4.304, 4.142, 3.468, 3.081, 3.33, 3.676, 4.105, 3.815, 3.516, 3.345, 3.45, 3.12, 3.155, 3.471, 3.832, 3.28, 3.311, 3.184, 3.019, 2.881, 2.834, 2.652, 2.312, 2.178, 2.923, 3.241, 2.634, 2.135, 2.099, 1.641, 0.999, 0.0, 0.775, 1.48, 2.336, 2.167, 1.815, 1.68, 1.873, 1.854, 1.526, 1.747, 1.595, 1.971, 1.962, 1.912, 1.693, 1.729, 2.169, 3.319, 3.069, 2.556, 2.714, 3.106, 3.378, 3.313, 3.683, 2.493, 2.132, 2.242, 2.687], [7.951, 7.612, 7.521, 7.708, 7.383, 6.481, 6.73, 6.859, 6.489, 6.554, 6.767, 7.189, 7.45, 7.305, 7.127, 5.676, 5.312, 5.54, 5.501, 5.515, 5.937, 5.725, 5.098, 5.061, 4.743, 4.63, 4.451, 3.796, 3.362, 3.594, 3.944, 4.521, 4.182, 3.911, 3.676, 3.687, 3.386, 3.431, 3.784, 4.184, 3.661, 3.65, 3.497, 3.345, 3.124, 3.023, 2.903, 2.554, 2.387, 3.0, 3.397, 2.754, 2.378, 2.272, 1.987, 1.3, 0.775, 0.0, 1.224, 2.031, 2.064, 1.637, 1.586, 1.718, 1.724, 1.631, 1.802, 1.623, 1.709, 1.932, 1.878, 1.737, 1.555, 1.914, 2.966, 2.752, 2.291, 2.452, 2.874, 3.153, 3.22, 3.657, 2.614, 2.321, 2.596, 2.992], [7.907, 7.661, 7.228, 7.237, 7.223, 6.504, 6.736, 6.911, 6.592, 6.574, 6.569, 6.904, 7.032, 7.311, 7.263, 5.865, 5.545, 5.971, 5.97, 5.986, 6.277, 5.943, 5.39, 5.293, 4.963, 5.013, 4.952, 4.571, 3.879, 3.857, 4.482, 5.211, 4.897, 4.494, 4.334, 4.406, 4.048, 3.906, 4.091, 4.586, 4.201, 4.335, 4.132, 3.515, 3.044, 2.69, 2.785, 2.475, 2.174, 2.608, 2.997, 2.583, 2.549, 2.389, 2.146, 1.706, 1.48, 1.224, 0.0, 1.208, 1.445, 1.142, 1.322, 1.461, 1.582, 1.76, 2.156, 2.311, 2.151, 2.228, 2.182, 2.05, 1.627, 1.448, 2.119, 1.89, 1.483, 1.657, 1.926, 2.239, 2.436, 2.958, 2.694, 2.586, 3.066, 3.596], [7.438, 7.232, 6.798, 6.722, 6.857, 6.102, 6.269, 6.439, 6.145, 6.1, 6.088, 6.371, 6.547, 7.069, 6.956, 5.676, 5.285, 5.734, 5.816, 5.827, 6.042, 5.664, 5.144, 5.013, 4.717, 4.791, 4.923, 4.744, 4.07, 3.71, 4.399, 5.303, 5.045, 4.752, 4.525, 4.593, 4.134, 3.891, 3.98, 4.492, 4.188, 4.39, 4.176, 3.652, 3.008, 2.852, 2.728, 2.504, 2.115, 2.313, 2.622, 2.336, 2.498, 2.373, 2.366, 2.416, 2.336, 2.031, 1.208, 0.0, 1.252, 1.098, 1.389, 1.737, 1.923, 2.533, 3.083, 3.275, 2.97, 2.954, 2.801, 2.601, 2.244, 1.665, 1.777, 1.572, 1.363, 1.446, 1.593, 1.868, 2.131, 2.637, 2.658, 2.877, 3.479, 3.722], [7.205, 6.96, 6.438, 6.286, 6.519, 5.802, 6.026, 6.206, 5.882, 5.872, 5.842, 6.152, 6.274, 6.611, 6.519, 5.079, 4.801, 5.272, 5.276, 5.299, 5.578, 5.125, 4.671, 4.505, 4.242, 4.35, 4.532, 4.335, 3.669, 3.494, 4.041, 4.773, 4.526, 4.17, 4.098, 4.245, 3.854, 3.629, 3.514, 3.908, 3.71, 3.963, 3.702, 3.021, 2.794, 2.579, 2.376, 2.306, 2.05, 2.169, 2.385, 2.266, 2.083, 1.889, 1.865, 1.884, 2.167, 2.064, 1.445, 1.252, 0.0, 0.85, 1.168, 1.497, 1.803, 2.534, 3.172, 3.291, 3.107, 2.569, 2.592, 2.438, 2.088, 1.786, 2.305, 2.012, 1.806, 1.9, 1.915, 2.144, 1.898, 2.303, 2.376, 2.542, 2.901, 3.171], [7.682, 7.441, 6.899, 6.784, 6.985, 6.286, 6.514, 6.683, 6.351, 6.343, 6.322, 6.64, 6.749, 7.076, 6.964, 5.538, 5.216, 5.632, 5.613, 5.634, 5.94, 5.589, 5.071, 4.957, 4.625, 4.681, 4.646, 4.174, 3.537, 3.551, 4.095, 4.751, 4.406, 4.114, 3.919, 4.025, 3.603, 3.461, 3.75, 4.179, 3.706, 3.896, 3.646, 3.039, 2.652, 2.341, 2.375, 2.171, 1.867, 2.214, 2.546, 2.288, 2.166, 1.983, 1.895, 1.75, 1.815, 1.637, 1.142, 1.098, 0.85, 0.0, 0.729, 1.019, 1.421, 2.109, 2.775, 2.854, 2.701, 2.544, 2.591, 2.427, 2.034, 1.687, 2.151, 1.932, 1.67, 1.759, 1.912, 2.175, 1.879, 2.466, 2.331, 2.282, 2.79, 3.147], [7.887, 7.639, 7.093, 6.992, 7.199, 6.49, 6.722, 6.889, 6.545, 6.54, 6.539, 6.855, 6.972, 7.252, 7.139, 5.714, 5.275, 5.482, 5.444, 5.451, 5.872, 5.692, 5.043, 5.033, 4.726, 4.579, 4.424, 3.92, 3.341, 3.421, 3.922, 4.564, 4.266, 3.958, 3.659, 3.748, 3.435, 3.313, 3.561, 3.981, 3.531, 3.643, 3.446, 2.836, 2.578, 2.306, 2.265, 1.988, 1.669, 2.27, 2.595, 2.087, 1.978, 1.835, 1.688, 1.567, 1.68, 1.586, 1.322, 1.389, 1.168, 0.729, 0.0, 0.767, 1.367, 1.973, 2.57, 2.744, 2.796, 2.607, 2.654, 2.539, 2.057, 1.835, 2.4, 2.23, 1.909, 2.015, 2.212, 2.401, 2.187, 2.583, 2.349, 2.058, 2.493, 2.892], [8.235, 7.987, 7.445, 7.327, 7.563, 6.839, 7.072, 7.237, 6.893, 6.888, 6.908, 7.226, 7.364, 7.577, 7.488, 6.038, 5.575, 5.775, 5.727, 5.735, 6.16, 5.983, 5.331, 5.342, 5.048, 4.887, 4.676, 4.091, 3.55, 3.65, 4.157, 4.721, 4.37, 4.033, 3.795, 3.938, 3.572, 3.484, 3.823, 4.221, 3.725, 3.808, 3.587, 2.963, 2.652, 2.249, 2.386, 1.994, 1.747, 2.447, 2.796, 2.232, 2.188, 1.941, 1.843, 1.681, 1.873, 1.718, 1.461, 1.737, 1.497, 1.019, 0.767, 0.0, 1.076, 1.797, 2.396, 2.765, 2.9, 2.949, 3.02, 2.921, 2.445, 2.193, 2.53, 2.518, 2.295, 2.359, 2.235, 2.483, 2.452, 2.812, 2.561, 2.282, 2.815, 3.114], [8.235, 7.912, 7.522, 7.346, 7.654, 6.76, 7.06, 7.173, 6.785, 6.793, 6.966, 7.354, 7.51, 7.454, 7.317, 5.894, 5.569, 5.919, 5.867, 5.887, 6.272, 5.969, 5.406, 5.319, 4.985, 5.015, 4.831, 4.142, 3.688, 3.713, 4.307, 4.823, 4.442, 4.216, 3.948, 4.016, 3.662, 3.621, 3.968, 4.38, 3.874, 3.878, 3.748, 3.162, 2.804, 2.406, 2.507, 2.021, 1.875, 2.461, 2.725, 2.317, 2.388, 2.231, 2.183, 2.043, 1.854, 1.724, 1.582, 1.923, 1.803, 1.421, 1.367, 1.076, 0.0, 1.61, 2.227, 2.561, 2.651, 2.9, 2.909, 2.7, 2.414, 2.303, 2.637, 2.569, 2.35, 2.465, 2.459, 2.692, 2.771, 2.929, 2.717, 2.434, 2.891, 3.308], [8.891, 8.59, 8.218, 8.254, 8.324, 7.456, 7.755, 7.864, 7.445, 7.454, 7.646, 8.008, 8.165, 8.085, 7.903, 6.427, 6.007, 6.291, 6.25, 6.242, 6.671, 6.42, 5.813, 5.756, 5.443, 5.363, 5.181, 4.434, 3.967, 4.1, 4.627, 5.012, 4.691, 4.422, 4.241, 4.325, 4.034, 3.989, 4.472, 4.837, 4.288, 4.289, 4.127, 3.742, 3.363, 2.812, 2.956, 2.618, 2.488, 3.068, 3.334, 2.895, 2.643, 2.66, 2.317, 1.756, 1.526, 1.631, 1.76, 2.533, 2.534, 2.109, 1.973, 1.797, 1.61, 0.0, 1.134, 1.711, 1.982, 2.21, 2.215, 2.18, 1.911, 2.328, 3.271, 3.102, 2.694, 2.855, 3.041, 3.339, 3.487, 3.8, 3.255, 2.815, 3.15, 3.603], [9.513, 9.162, 8.906, 8.965, 8.952, 8.004, 8.293, 8.4, 7.979, 8.013, 8.25, 8.635, 8.795, 8.617, 8.459, 6.934, 6.478, 6.68, 6.635, 6.646, 7.071, 6.887, 6.229, 6.242, 5.939, 5.752, 5.58, 4.88, 4.422, 4.482, 5.099, 5.512, 5.177, 4.926, 4.731, 4.778, 4.522, 4.428, 4.9, 5.309, 4.764, 4.793, 4.652, 4.267, 3.762, 3.408, 3.392, 3.023, 2.866, 3.66, 3.91, 3.355, 3.15, 3.102, 2.736, 2.071, 1.747, 1.802, 2.156, 3.083, 3.172, 2.775, 2.57, 2.396, 2.227, 1.134, 0.0, 0.968, 1.454, 1.782, 1.894, 1.811, 1.74, 2.514, 3.604, 3.383, 2.858, 3.02, 3.431, 3.874, 4.193, 4.417, 3.755, 3.273, 3.595, 4.083], [9.356, 8.993, 8.862, 8.962, 8.806, 7.833, 8.116, 8.22, 7.751, 7.795, 8.076, 8.484, 8.675, 8.45, 8.227, 6.609, 6.117, 6.305, 6.272, 6.317, 6.732, 6.512, 5.912, 5.884, 5.559, 5.407, 5.22, 4.576, 4.087, 4.314, 4.788, 5.266, 4.91, 4.686, 4.449, 4.419, 4.225, 4.127, 4.624, 5.016, 4.462, 4.489, 4.374, 4.125, 3.737, 3.564, 3.425, 3.089, 2.957, 