[[0.0, 0.583, 0.674, 1.288, 1.781, 1.429, 1.218, 1.307, 1.159, 1.122, 1.271, 1.975, 2.055, 1.631, 1.851, 2.172, 2.146, 2.234, 2.183, 2.032, 2.103, 1.936, 2.437, 2.674, 2.29, 2.365, 2.701, 2.706, 2.615, 2.442, 2.342, 2.294, 2.034, 1.918, 1.359, 1.425, 1.829, 2.116, 2.151, 2.017, 1.674, 1.903, 1.826, 1.749, 1.775, 2.375, 2.809, 1.976, 1.856, 2.136, 1.983, 2.747, 2.927, 3.033, 3.153, 3.752, 4.68, 5.462, 4.544, 3.426, 2.744, 3.096, 3.2, 3.22, 2.828, 2.578, 1.919, 1.622, 1.742, 1.841, 2.37, 2.968, 2.772, 1.961, 1.962, 1.874, 2.712, 3.159, 2.994, 2.327, 2.007, 1.786, 2.35, 2.901, 2.965, 2.717], [0.583, 0.0, 0.661, 1.138, 1.742, 1.337, 1.066, 1.221, 1.269, 1.13, 1.287, 1.927, 2.041, 1.754, 1.929, 2.359, 2.282, 2.318, 2.184, 1.973, 2.049, 1.887, 2.373, 2.718, 2.278, 2.318, 2.795, 2.804, 2.567, 2.34, 2.379, 2.298, 1.942, 1.899, 1.516, 1.715, 2.001, 2.258, 2.325, 2.217, 1.742, 1.802, 1.8, 1.715, 1.862, 2.576, 2.974, 2.155, 1.906, 2.107, 2.001, 2.716, 2.886, 2.95, 3.002, 3.728, 4.572, 5.329, 4.467, 3.32, 2.683, 2.967, 3.077, 3.093, 2.658, 2.404, 1.855, 1.58, 1.641, 1.743, 2.276, 2.878, 2.636, 1.867, 1.887, 1.84, 2.567, 3.067, 2.991, 2.422, 2.031, 2.047, 2.298, 2.852, 2.924, 2.72], [0.674, 0.661, 0.0, 1.08, 1.689, 1.334, 1.201, 1.315, 1.241, 1.179, 1.324, 2.042, 2.154, 1.802, 2.166, 2.5, 2.496, 2.477, 2.401, 2.188, 2.269, 2.093, 2.539, 2.814, 2.377, 2.548, 3.012, 2.984, 2.805, 2.533, 2.648, 2.524, 2.138, 2.109, 1.652, 1.748, 2.02, 2.449, 2.536, 2.424, 1.863, 1.99, 1.992, 2.025, 2.005, 2.695, 3.11, 2.23, 1.858, 2.065, 1.922, 2.664, 2.963, 2.909, 3.205, 3.76, 4.653, 5.447, 4.462, 3.319, 2.717, 2.904, 2.993, 3.044, 2.695, 2.423, 1.86, 1.615, 1.754, 1.836, 2.427, 2.838, 2.629, 1.948, 1.994, 1.796, 2.421, 2.94, 2.901, 2.283, 1.967, 1.861, 2.167, 2.876, 2.943, 2.708], [1.288, 1.138, 1.08, 0.0, 0.998, 0.834, 1.168, 1.361, 1.165, 1.334, 1.946, 2.551, 2.62, 2.293, 2.456, 2.855, 2.795, 2.932, 2.662, 2.502, 2.511, 2.462, 3.161, 3.553, 3.131, 3.185, 3.529, 3.515, 3.278, 2.98, 2.93, 2.851, 2.574, 2.328, 1.956, 2.281, 2.641, 2.872, 2.951, 2.815, 2.17, 1.937, 1.957, 2.036, 2.181, 2.932, 3.356, 2.304, 2.118, 2.223, 1.938, 2.569, 2.705, 2.651, 2.729, 2.992, 3.89, 4.684, 3.712, 2.595, 1.975, 2.278, 2.428, 2.541, 2.285, 2.025, 1.571, 1.389, 1.415, 1.804, 2.247, 2.756, 2.385, 1.561, 1.865, 1.569, 1.795, 2.289, 2.205, 1.935, 1.731, 1.834, 1.745, 2.125, 2.22, 2.412], [1.781, 1.742, 1.689, 0.998, 0.0, 0.984, 1.351, 1.46, 1.419, 1.717, 2.212, 2.81, 2.861, 2.6, 2.79, 3.148, 3.085, 3.268, 3.107, 2.851, 2.861, 2.867, 3.738, 4.255, 3.869, 3.787, 4.225, 4.287, 4.024, 3.54, 3.467, 3.288, 2.996, 2.825, 2.525, 2.595, 2.955, 3.367, 3.395, 3.327, 2.547, 2.281, 2.085, 2.331, 2.485, 3.315, 3.739, 2.598, 2.3, 2.393, 2.086, 2.489, 2.346, 2.448, 2.37, 2.498, 3.387, 4.172, 3.157, 2.056, 1.901, 1.956, 2.033, 2.07, 1.931, 1.723, 1.474, 1.68, 1.509, 1.717, 2.219, 2.784, 2.218, 1.407, 2.131, 1.882, 1.727, 2.137, 2.023, 1.78, 2.012, 2.125, 1.916, 1.86, 2.012, 2.457], [1.429, 1.337, 1.334, 0.834, 0.984, 0.0, 0.989, 1.029, 0.905, 1.122, 1.798, 2.411, 2.471, 2.238, 2.293, 2.701, 2.667, 2.8, 2.53, 2.403, 2.596, 2.474, 3.3, 3.827, 3.438, 3.418, 3.767, 3.815, 3.573, 3.173, 3.109, 2.924, 2.664, 2.585, 2.268, 2.296, 2.487, 2.763, 2.838, 2.71, 2.14, 1.959, 1.912, 1.895, 1.925, 2.717, 3.16, 2.079, 1.817, 2.118, 1.925, 2.515, 2.617, 2.516, 2.35, 2.697, 3.729, 4.524, 3.578, 2.511, 1.801, 2.315, 2.459, 2.373, 2.07, 1.729, 1.508, 1.538, 1.564, 1.849, 2.256, 2.922, 2.424, 1.327, 1.736, 1.518, 2.014, 2.492, 2.431, 1.96, 1.699, 1.963, 1.847, 1.96, 1.973, 2.092], [1.218, 1.066, 1.201, 1.168, 1.351, 0.989, 0.0, 0.75, 1.111, 0.952, 1.137, 1.683, 1.735, 1.61, 1.753, 2.215, 2.098, 2.505, 2.295, 1.991, 2.107, 2.02, 2.902, 3.395, 2.973, 3.064, 3.448, 3.476, 3.188, 2.63, 2.625, 2.258, 1.849, 1.827, 1.616, 2.014, 2.101, 2.587, 2.657, 2.505, 2.077, 1.991, 1.763, 1.808, 1.96, 2.699, 3.151, 2.177, 1.704, 1.786, 1.617, 2.25, 2.432, 2.441, 2.342, 3.073, 4.416, 5.174, 3.964, 2.75, 2.422, 2.562, 2.634, 2.557, 2.262, 2.0, 1.614, 1.509, 1.544, 1.521, 1.812, 2.463, 2.151, 1.5, 1.993, 1.902, 2.524, 2.839, 2.797, 2.535, 2.196, 2.234, 2.185, 2.46, 2.456, 2.498], [1.307, 1.221, 1.315, 1.361, 1.46, 1.029, 0.75, 0.0, 0.822, 0.742, 1.125, 1.662, 1.736, 1.68, 1.824, 2.307, 2.256, 2.612, 2.404, 1.998, 2.207, 2.088, 2.966, 3.48, 3.09, 3.156, 3.58, 3.621, 3.317, 2.802, 2.741, 2.3, 1.872, 1.907, 1.766, 2.102, 2.16, 2.682, 2.711, 2.594, 2.065, 1.913, 1.807, 1.869, 1.991, 2.731, 3.176, 2.398, 1.675, 1.788, 1.531, 2.108, 2.308, 2.382, 2.374, 3.056, 4.465, 5.235, 4.048, 2.817, 2.476, 2.774, 2.699, 2.515, 2.298, 2.005, 1.508, 1.379, 1.53, 1.392, 1.613, 2.282, 2.011, 1.478, 2.168, 2.022, 2.632, 2.928, 2.896, 2.561, 2.305, 2.272, 2.304, 2.564, 2.507, 2.589], [1.159, 1.269, 1.241, 1.165, 1.419, 0.905, 1.111, 0.822, 0.0, 0.765, 1.463, 2.085, 2.126, 1.987, 2.012, 2.346, 2.359, 2.476, 2.27, 2.111, 2.242, 2.012, 2.874, 3.36, 2.971, 2.966, 3.387, 3.414, 3.193, 2.808, 2.787, 2.558, 2.275, 2.246, 1.856, 1.915, 2.111, 2.455, 2.484, 2.394, 1.836, 1.738, 1.841, 1.829, 1.805, 2.496, 2.96, 2.169, 1.714, 2.098, 1.818, 2.316, 2.521, 2.561, 2.583, 3.125, 4.19, 4.964, 4.028, 2.92, 2.254, 2.774, 2.799, 2.719, 2.357, 2.053, 1.407, 1.258, 1.394, 1.523, 1.879, 2.611, 2.33, 1.454, 1.9, 1.786, 2.436, 2.777, 2.736, 2.158, 1.914, 1.911, 2.037, 2.483, 2.434, 2.39], [1.122, 1.13, 1.179, 1.334, 1.717, 1.122, 0.952, 0.742, 0.765, 0.0, 0.961, 1.548, 1.633, 1.517, 1.543, 1.973, 1.89, 2.13, 1.964, 1.724, 1.947, 1.846, 2.606, 3.078, 2.694, 2.736, 3.076, 3.091, 2.838, 2.407, 2.398, 2.055, 1.729, 1.781, 1.495, 1.758, 1.871, 2.226, 2.291, 2.142, 1.804, 1.876, 1.965, 1.906, 1.934, 2.634, 3.078, 2.309, 1.773, 2.075, 1.849, 2.39, 2.689, 2.783, 2.734, 3.348, 4.61, 5.363, 4.251, 3.129, 2.623, 3.022, 3.068, 2.978, 2.649, 2.35, 1.759, 1.348, 1.536, 1.598, 1.754, 2.672, 2.5, 1.781, 2.141, 2.173, 2.849, 3.116, 3.116, 2.648, 2.29, 2.266, 2.395, 2.699, 2.731, 2.625], [1.271, 1.287, 1.324, 1.946, 2.212, 1.798, 1.137, 1.125, 1.463, 0.961, 0.0, 0.959, 1.061, 0.918, 1.263, 1.724, 1.644, 1.985, 1.935, 1.612, 1.877, 1.647, 2.288, 2.715, 2.335, 2.489, 2.89, 2.916, 2.662, 2.297, 2.232, 1.897, 1.373, 1.541, 1.397, 1.596, 1.645, 2.113, 2.137, 2.032, 1.887, 2.175, 2.129, 2.117, 2.079, 2.747, 3.264, 2.616, 1.755, 1.975, 1.822, 2.447, 2.877, 2.906, 3.01, 3.822, 5.231, 5.973, 4.733, 3.48, 3.26, 3.367, 3.213, 3.072, 2.795, 2.586, 2.104, 1.767, 1.986, 1.747, 1.805, 2.672, 2.537, 2.284, 2.632, 2.6, 3.248, 3.542, 3.639, 3.167, 2.885, 2.727, 2.976, 3.224, 3.245, 3.159], [1.975, 1.927, 2.042, 2.551, 2.81, 2.411, 1.683, 1.662, 2.085, 1.548, 0.959, 0.0, 0.665, 1.042, 1.279, 1.79, 1.644, 2.122, 2.04, 1.759, 2.033, 1.847, 2.451, 2.896, 2.45, 2.623, 3.035, 3.054, 2.863, 2.422, 2.298, 1.827, 1.314, 1.32, 1.675, 1.842, 1.87, 2.213, 2.242, 2.259, 2.473, 2.746, 2.59, 2.554, 2.636, 3.137, 3.683, 3.148, 2.319, 2.328, 2.022, 2.349, 2.884, 2.913, 3.142, 4.147, 5.819, 6.516, 5.288, 3.929, 3.868, 3.918, 3.677, 3.521, 3.313, 3.125, 2.762, 2.444, 2.605, 2.24, 1.769, 2.477, 2.702, 2.842, 3.335, 3.31, 3.877, 4.184, 4.234, 3.9, 3.614, 3.458, 3.651, 3.826, 3.833, 3.815], [2.055, 2.041, 2.154, 2.62, 2.861, 2.471, 1.735, 1.736, 2.126, 1.633, 1.061, 0.665, 0.0, 0.957, 1.17, 1.589, 1.45, 1.893, 1.838, 1.613, 1.878, 1.746, 2.325, 2.767, 2.342, 2.502, 2.888, 2.92, 2.723, 2.297, 2.177, 1.751, 1.3, 1.54, 1.652, 1.834, 1.851, 2.135, 2.089, 2.177, 2.553, 2.787, 2.675, 2.582, 2.539, 3.042, 3.594, 3.121, 2.242, 2.26, 2.069, 2.587, 3.152, 3.145, 3.344, 4.175, 5.754, 6.492, 5.28, 4.005, 3.876, 3.963, 3.724, 3.488, 3.296, 3.049, 2.772, 2.47, 2.615, 2.327, 1.906, 2.666, 2.732, 2.891, 3.396, 3.36, 3.911, 4.217, 4.288, 3.935, 3.663, 3.488, 3.702, 3.861, 3.773, 3.783], [1.631, 1.754, 1.802, 2.293, 2.6, 2.238, 1.61, 1.68, 1.987, 1.517, 0.918, 1.042, 0.957, 0.0, 0.879, 1.294, 1.341, 1.696, 1.693, 1.513, 1.77, 1.784, 2.245, 2.637, 2.201, 2.308, 2.56, 2.586, 2.563, 2.254, 2.026, 1.685, 1.425, 1.457, 1.245, 1.346, 1.499, 1.784, 1.781, 1.699, 1.986, 2.295, 2.314, 2.2, 2.133, 2.642, 3.177, 2.635, 2.06, 2.12, 2.175, 2.827, 3.222, 3.238, 3.367, 4.157, 5.597, 6.38, 5.199, 3.963, 3.577, 3.747, 3.754, 3.505, 3.338, 3.097, 2.58, 2.163, 2.409, 2.357, 2.044, 2.889, 2.842, 2.752, 2.832, 2.942, 3.539, 3.92, 3.918, 3.473, 3.139, 2.904, 3.255, 3.631, 3.622, 3.523], [1.851, 1.929, 2.166, 2.456, 2.79, 2.293, 1.753, 1.824, 2.012, 1.543, 1.263, 1.279, 1.17, 0.879, 0.0, 0.76, 0.84, 1.217, 1.231, 1.295, 1.512, 1.604, 2.027, 2.378, 1.979, 2.11, 2.279, 2.281, 2.342, 1.927, 1.508, 1.247, 1.328, 1.543, 1.104, 1.416, 1.301, 1.378, 1.395, 1.531, 2.054, 2.343, 2.365, 2.09, 2.115, 2.351, 2.838, 2.566, 2.45, 2.712, 2.712, 3.288, 3.591, 3.67, 3.578, 4.139, 5.481, 6.242, 5.204, 4.039, 3.522, 3.908, 4.052, 3.855, 3.555, 3.238, 2.734, 2.262, 2.571, 2.466, 2.275, 3.433, 3.42, 2.847, 2.999, 3.101, 3.831, 4.131, 4.043, 3.63, 3.202, 2.983, 3.318, 3.635, 3.511, 3.406], [2.172, 2.359, 2.5, 2.855, 3.148, 2.701, 2.215, 2.307, 2.346, 1.973, 1.724, 1.79, 1.589, 1.294, 0.76, 0.0, 0.798, 1.163, 1.188, 1.502, 1.703, 1.741, 2.039, 2.269, 1.999, 1.982, 2.166, 2.088, 2.3, 1.957, 1.296, 1.134, 1.597, 2.013, 1.375, 1.491, 1.364, 1.284, 1.355, 1.545, 2.202, 2.53, 2.633, 2.368, 2.268, 2.248, 2.742, 2.574, 2.806, 3.197, 3.225, 3.774, 4.04, 4.172, 3.995, 4.301, 5.525, 6.302, 5.528, 4.415, 3.772, 4.337, 4.504, 4.338, 4.02, 3.698, 3.03, 2.599, 3.068, 2.862, 2.783, 3.968, 3.965, 3.232, 3.204, 3.369, 4.264, 4.522, 4.338, 3.827, 3.346, 3.066, 3.526, 3.962, 3.819, 3.596], [2.146, 2.282, 2.496, 2.795, 3.085, 2.667, 2.098, 2.256, 2.359, 1.89, 1.644, 1.644, 1.45, 1.341, 0.84, 0.798, 0.0, 0.933, 1.054, 1.113, 1.257, 1.454, 1.775, 2.12, 1.837, 1.826, 1.973, 2.007, 2.087, 1.683, 1.288, 1.178, 1.338, 1.789, 1.361, 1.477, 1.497, 1.419, 1.337, 1.589, 2.223, 2.452, 2.476, 2.285, 2.23, 2.415, 3.013, 2.678, 2.723, 3.039, 2.99, 3.456, 3.721, 3.857, 3.703, 4.163, 5.521, 6.252, 5.382, 4.186, 3.682, 4.109, 4.254, 4.157, 3.77, 3.515, 2.993, 2.528, 2.864, 2.602, 2.528, 3.725, 3.82, 3.224, 3.267, 3.451, 4.201, 4.387, 4.161, 3.771, 3.408, 3.164, 3.537, 3.735, 3.677, 3.488], [2.234, 2.318, 2.477, 2.932, 3.268, 2.8, 2.505, 2.612, 2.476, 2.13, 1.985, 2.122, 1.893, 1.696, 1.217, 1.163, 0.933, 0.0, 0.728, 1.029, 1.12, 1.213, 1.327, 1.635, 1.41, 1.278, 1.47, 1.565, 1.593, 1.356, 1.114, 1.307, 1.917, 2.431, 1.762, 1.544, 1.434, 1.383, 1.398, 1.765, 2.14, 2.421, 2.504, 2.307, 2.187, 2.406, 3.0, 2.742, 3.088, 3.559, 3.527, 4.091, 4.368, 4.52, 4.347, 4.792, 5.552, 6.345, 5.725, 4.732, 3.878, 4.507, 4.751, 4.641, 4.215, 3.855, 3.208, 2.76, 3.139, 2.982, 3.062, 4.269, 4.321, 3.42, 3.182, 3.513, 4.411, 4.773, 4.581, 3.827, 3.274, 3.126, 3.738, 4.139, 4.036, 3.684], [2.183, 2.184, 2.401, 2.662, 3.107, 2.53, 2.295, 2.404, 2.27, 1.964, 1.935, 2.04, 1.838, 1.693, 1.231, 1.188, 1.054, 0.728, 0.0, 0.675, 0.835, 0.936, 1.139, 1.547, 1.345, 1.342, 1.711, 1.712, 1.649, 1.466, 1.184, 1.177, 1.738, 2.242, 1.73, 1.606, 1.653, 1.478, 1.437, 1.704, 2.337, 2.523, 2.585, 2.444, 2.372, 2.667, 3.173, 2.849, 3.078, 3.452, 3.306, 3.894, 4.196, 4.307, 4.189, 4.626, 5.632, 6.425, 5.609, 4.555, 3.684, 4.315, 4.545, 4.475, 4.054, 3.717, 2.967, 2.433, 2.881, 2.847, 2.849, 4.041, 4.116, 3.255, 3.186, 3.289, 4.143, 4.543, 4.374, 3.748, 3.335, 3.325, 3.467, 4.005, 3.928, 3.79], [2.032, 1.973, 2.188, 2.502, 2.851, 2.403, 1.991, 1.998, 2.111, 1.724, 1.612, 1.759, 1.613, 1.513, 1.295, 1.502, 1.113, 1.029, 0.675, 0.0, 0.622, 0.788, 1.3, 1.808, 1.472, 1.455, 1.962, 1.945, 1.815, 1.519, 1.396, 1.321, 1.516, 1.973, 1.785, 1.609, 1.729, 1.851, 1.757, 1.865, 2.337, 2.48, 2.417, 2.396, 2.398, 2.945, 3.486, 2.943, 2.756, 3.069, 2.823, 3.389, 3.701, 3.803, 3.759, 4.406, 5.535, 6.322, 5.256, 4.112, 3.513, 3.931, 4.067, 3.969, 3.562, 3.235, 2.588, 2.109, 2.47, 2.384, 2.438, 3.592, 3.662, 2.971, 3.225, 3.162, 3.825, 4.154, 4.077, 3.59, 3.367, 3.295, 3.304, 3.701, 3.644, 3.673], [2.103, 2.049, 2.269, 2.511, 2.861, 2.596, 2.107, 2.207, 2.242, 1.947, 1.877, 2.033, 1.878, 1.77, 1.512, 1.703, 1.257, 1.12, 0.835, 0.622, 0.0, 0.68, 1.285, 1.754, 1.461, 1.436, 1.853, 1.821, 1.666, 1.34, 1.352, 1.33, 1.669, 2.111, 1.791, 1.645, 1.858, 1.859, 1.779, 1.922, 2.298, 2.366, 2.306, 2.414, 2.495, 3.004, 3.56, 3.054, 2.961, 3.185, 2.919, 3.446, 3.699, 3.842, 3.761, 4.407, 5.429, 6.2, 5.256, 4.149, 3.465, 3.809, 4.052, 3.988, 3.571, 3.293, 2.643, 2.123, 2.424, 2.3, 2.424, 3.601, 3.75, 3.038, 3.242, 3.228, 3.879, 4.116, 3.938, 3.514, 3.304, 3.259, 3.194, 3.682, 3.651, 3.671], [1.936, 1.887, 2.093, 2.462, 2.867, 2.474, 2.02, 2.088, 2.012, 1.846, 1.647, 1.847, 1.746, 1.784, 1.604, 1.741, 1.454, 1.213, 0.936, 0.788, 0.68, 0.0, 1.066, 1.565, 1.285, 1.374, 1.87, 1.841, 1.558, 1.357, 1.438, 1.41, 1.741, 2.299, 1.964, 1.734, 1.908, 2.054, 1.961, 2.129, 2.448, 2.539, 2.566, 2.674, 2.708, 3.209, 3.764, 3.232, 2.923, 3.178, 2.932, 3.487, 3.816, 3.908, 3.944, 4.686, 5.658, 6.417, 5.438, 4.328, 3.692, 4.097, 4.105, 4.112, 3.661, 3.405, 2.667, 2.26, 2.589, 2.337, 2.474, 3.561, 3.57, 2.834, 3.128, 3.002, 3.822, 4.171, 4.063, 3.502, 3.3, 3.265, 3.357, 3.875, 3.931, 3.788], [2.437, 2.373, 2.539, 3.161, 3.738, 3.3, 2.902, 2.966, 2.874, 2.606, 2.288, 2.451, 2.325, 2.245, 2.027, 2.039, 1.775, 1.327, 1.139, 1.3, 1.285, 1.066, 0.0, 0.639, 0.71, 1.012, 1.461, 1.512, 1.359, 1.526, 1.598, 1.718, 2.074, 2.73, 2.207, 1.916, 2.054, 2.065, 1.984, 2.316, 2.823, 3.032, 3.222, 3.118, 3.077, 3.246, 3.845, 3.563, 3.549, 3.583, 3.551, 4.296, 4.657, 4.646, 4.872, 5.622, 6.469, 7.246, 6.303, 5.203, 4.445, 4.911, 4.903, 4.859, 4.447, 4.185, 3.371, 2.959, 3.355, 3.183, 3.354, 4.351, 4.277, 3.792, 3.628, 3.521, 4.387, 4.96, 4.891, 4.087, 3.882, 3.905, 4.075, 4.733, 4.832, 4.587], [2.674, 2.718, 2.814, 3.553, 4.255, 3.827, 3.395, 3.48, 3.36, 3.078, 2.715, 2.896, 2.767, 2.637, 2.378, 2.269, 2.12, 1.635, 1.547, 1.808, 1.754, 1.565, 0.639, 0.0, 0.648, 0.933, 1.3, 1.32, 1.299, 1.539, 1.592, 1.835, 2.25, 2.949, 2.367, 2.132, 2.314, 2.286, 2.125, 2.505, 3.157, 3.494, 3.662, 3.54, 3.472, 3.346, 3.951, 3.78, 3.97, 3.991, 3.991, 4.836, 5.174, 5.174, 5.394, 6.149, 6.988, 7.758, 6.848, 5.746, 4.978, 5.374, 5.375, 5.392, 4.978, 4.721, 3.924, 3.319, 3.773, 3.629, 3.781, 4.636, 4.724, 4.286, 3.847, 3.805, 4.7, 5.33, 5.241, 4.509, 4.089, 4.053, 4.491, 5.261, 5.357, 5.093], [2.29, 2.278, 2.377, 3.131, 3.869, 3.438, 2.973, 3.09, 2.971, 2.694, 2.335, 2.45, 2.342, 2.201, 1.979, 1.999, 1.837, 1.41, 1.345, 1.472, 1.461, 1.285, 0.71, 0.648, 0.0, 0.872, 1.303, 1.239, 1.322, 1.466, 1.482, 1.633, 1.957, 2.555, 2.011, 1.915, 2.038, 1.956, 1.921, 2.233, 2.785, 3.205, 3.345, 3.175, 3.12, 3.122, 3.719, 3.491, 3.638, 3.68, 3.713, 4.498, 4.843, 4.841, 5.06, 5.827, 6.671, 7.434, 6.52, 5.4, 4.671, 5.012, 5.041, 5.083, 4.665, 4.407, 3.594, 2.988, 3.422, 3.303, 3.387, 4.249, 4.336, 3.907, 3.568, 3.536, 4.335, 5.006, 4.943, 4.201, 3.745, 3.689, 4.139, 4.936, 5.024, 4.773], [2.365, 2.318, 2.548, 3.185, 3.787, 3.418, 3.064, 3.156, 2.966, 2.736, 2.489, 2.623, 2.502, 2.308, 2.11, 1.982, 1.826, 1.278, 1.342, 1.455, 1.436, 1.374, 1.012, 0.933, 0.872, 0.0, 0.863, 1.051, 1.181, 1.119, 1.277, 1.592, 2.121, 2.63, 2.095, 1.796, 1.96, 1.89, 1.819, 2.241, 2.485, 2.779, 3.026, 2.79, 2.744, 2.864, 3.467, 3.34, 3.689, 3.871, 3.801, 4.589, 4.82, 4.947, 4.979, 5.673, 6.285, 7.004, 6.464, 5.36, 4.564, 5.008, 5.13, 5.135, 4.712, 4.442, 3.657, 2.954, 3.395, 3.324, 3.425, 4.455, 4.618, 3.956, 3.373, 3.544, 4.482, 5.056, 4.845, 4.019, 3.521, 3.447, 4.125, 4.836, 4.904, 4.543], [2.701, 2.795, 3.012, 3.529, 4.225, 3.767, 3.448, 3.58, 3.387, 3.076, 2.89, 3.035, 2.888, 2.56, 2.279, 2.166, 1.973, 1.47, 1.711, 1.962, 1.853, 1.87, 1.461, 1.3, 1.303, 0.863, 0.0, 0.688, 1.024, 1.209, 1.387, 1.798, 2.551, 3.002, 2.388, 2.126, 2.245, 2.064, 2.045, 2.399, 2.805, 3.116, 3.455, 3.047, 3.056, 2.896, 3.518, 3.541, 4.152, 4.354, 4.336, 5.094, 5.341, 5.456, 5.432, 6.024, 6.619, 7.334, 6.87, 5.792, 4.91, 5.404, 5.646, 5.622, 5.202, 4.911, 4.171, 3.467, 3.855, 3.803, 3.809, 4.869, 5.113, 4.405, 3.7, 4.032, 5.018, 5.552, 5.39, 4.498, 3.918, 3.741, 4.555, 5.237, 5.278, 4.911], [2.706, 2.804, 2.984, 3.515, 4.287, 3.815, 3.476, 3.621, 3.414, 3.091, 2.916, 3.054, 2.92, 2.586, 2.281, 2.088, 2.007, 1.565, 1.712, 1.945, 1.821, 1.841, 1.512, 1.32, 1.239, 1.051, 0.688, 0.0, 0.805, 1.147, 1.323, 1.717, 2.479, 2.923, 2.301, 2.19, 2.223, 2.051, 2.065, 2.431, 2.938, 3.329, 3.531, 3.269, 3.201, 3.157, 3.771, 3.593, 4.14, 4.364, 4.354, 5.104, 5.361, 5.481, 5.455, 6.074, 6.808, 7.559, 6.909, 5.815, 4.947, 5.413, 5.638, 5.645, 5.225, 4.936, 4.167, 3.432, 3.837, 3.829, 3.884, 4.873, 5.131, 4.43, 3.812, 4.083, 4.959, 5.47, 5.309, 4.537, 3.964, 3.807, 4.585, 5.24, 5.296, 4.942], [2.615, 2.567, 2.805, 3.278, 4.024, 3.573, 3.188, 3.317, 3.193, 2.838, 2.662, 2.863, 2.723, 2.563, 2.342, 2.3, 2.087, 1.593, 1.649, 1.815, 1.666, 1.558, 1.359, 1.299, 1.322, 1.181, 1.024, 0.805, 0.0, 0.924, 1.322, 1.786, 2.412, 2.865, 2.402, 2.293, 2.445, 2.443, 2.465, 2.793, 3.192, 3.349, 3.488, 3.46, 3.42, 3.697, 4.338, 3.961, 4.031, 4.186, 4.072, 4.817, 5.084, 5.185, 5.199, 5.93, 6.776, 7.565, 6.699, 5.586, 4.806, 5.193, 5.323, 5.327, 4.936, 4.692, 3.948, 3.293, 3.628, 3.595, 3.581, 4.493, 4.717, 4.129, 3.891, 3.911, 4.734, 5.267, 5.129, 4.445, 4.054, 4.021, 4.459, 5.064, 5.155, 4.88], [2.442, 2.34, 2.533, 2.98, 3.54, 3.173, 2.63, 2.802, 2.808, 2.407, 2.297, 2.422, 2.297, 2.254, 1.927, 1.957, 1.683, 1.356, 1.466, 1.519, 1.34, 1.357, 1.526, 1.539, 1.466, 1.119, 1.209, 1.147, 0.924, 0.0, 0.936, 1.343, 1.87, 2.427, 2.039, 2.078, 2.114, 2.286, 2.354, 2.661, 2.934, 3.001, 2.965, 2.992, 3.107, 3.44, 4.075, 3.75, 3.697, 3.818, 3.584, 4.259, 4.53, 4.646, 4.621, 5.308, 6.175, 6.955, 6.126, 5.002, 4.4, 4.61, 4.819, 4.835, 4.462, 4.154, 3.551, 2.95, 3.203, 3.031, 3.041, 3.953, 4.215, 3.634, 3.663, 3.726, 4.407, 4.735, 4.566, 4.127, 3.691, 3.586, 4.066, 4.515, 4.571, 4.315], [2.342, 2.379, 2.648, 2.93, 3.467, 3.109, 2.625, 2.741, 2.787, 2.398, 2.232, 2.298, 2.177, 2.026, 1.508, 1.296, 1.288, 1.114, 1.184, 1.396, 1.352, 1.438, 1.598, 1.592, 1.482, 1.277, 1.387, 1.323, 1.322, 0.936, 0.0, 0.931, 1.644, 2.232, 1.738, 1.9, 1.95, 1.961, 1.973, 2.364, 2.739, 2.898, 2.797, 2.744, 2.901, 3.055, 3.622, 3.399, 3.65, 3.79, 3.596, 4.276, 4.509, 4.664, 4.587, 5.074, 6.013, 6.791, 6.089, 4.957, 4.239, 4.577, 4.807, 4.831, 4.46, 4.193, 3.544, 2.928, 3.186, 3.064, 3.059, 4.11, 4.266, 3.627, 3.659, 3.745, 4.467, 4.809, 4.605, 4.129, 3.637, 3.386, 4.042, 4.46, 4.4, 4.235], [2.294, 2.298, 2.524, 2.851, 3.288, 2.924, 2.258, 2.3, 2.558, 2.055, 1.897, 1.827, 1.751, 1.685, 1.247, 1.134, 1.178, 1.307, 1.177, 1.321, 1.33, 1.41, 1.718, 1.835, 1.633, 1.592, 1.798, 1.717, 1.786, 1.343, 0.931, 0.0, 1.13, 1.836, 1.48, 1.828, 1.713, 1.835, 1.827, 2.108, 2.681, 2.917, 2.807, 2.67, 2.769, 2.917, 3.513, 3.271, 3.256, 3.344, 3.151, 3.768, 4.038, 4.173, 4.055, 4.692, 6.024, 6.795, 5.73, 4.522, 4.032, 4.396, 4.474, 4.397, 4.16, 3.861, 3.16, 2.702, 3.0, 2.856, 2.64, 3.746, 3.957, 3.373, 3.637, 3.697, 4.329, 4.493, 4.316, 4.098, 3.689, 3.597, 3.779, 4.194, 4.196, 4.083], [2.034, 1.942, 2.138, 2.574, 2.996, 2.664, 1.849, 1.872, 2.275, 1.729, 1.373, 1.314, 1.3, 1.425, 1.328, 1.597, 1.338, 1.917, 1.738, 1.516, 1.669, 1.741, 2.074, 2.25, 1.957, 2.121, 2.551, 2.479, 2.412, 1.87, 1.644, 1.13, 0.0, 1.08, 1.207, 1.792, 1.797, 2.115, 2.067, 2.118, 2.509, 2.672, 2.416, 2.477, 2.607, 2.898, 3.514, 3.203, 2.674, 2.636, 2.294, 2.814, 3.094, 3.208, 3.238, 4.056, 5.737, 6.415, 5.208, 3.826, 3.763, 3.809, 3.626, 3.598, 3.396, 3.216, 2.676, 2.266, 2.377, 2.04, 1.806, 2.806, 3.08, 3.023, 3.496, 3.297, 3.733, 3.957, 3.917, 3.758, 3.487, 3.382, 3.502, 3.762, 3.763, 3.82], [1.918, 1.899, 2.109, 2.328, 2.825, 2.585, 1.827, 1.907, 2.246, 1.781, 1.541, 1.32, 1.54, 1.457, 1.543, 2.013, 1.789, 2.431, 2.242, 1.973, 2.111, 2.299, 2.73, 2.949, 2.555, 2.63, 3.002, 2.923, 2.865, 2.427, 2.232, 1.836, 1.08, 0.0, 1.03, 1.676, 1.924, 2.302, 2.357, 2.296, 2.306, 2.443, 2.215, 2.292, 2.431, 2.848, 3.344, 2.975, 2.551, 2.41, 2.055, 2.405, 2.675, 2.772, 2.797, 3.816, 5.609, 6.262, 5.106, 3.699, 3.651, 3.613, 3.493, 3.501, 3.286, 3.161, 2.651, 2.02, 2.192, 1.954, 1.561, 2.214, 2.789, 2.943, 3.258, 3.135, 3.44, 3.719, 3.602, 3.412, 3.261, 3.119, 3.329, 3.602, 3.625, 3.654], [1.359, 1.516, 1.652, 1.956, 2.525, 2.268, 1.616, 1.766, 1.856, 1.495, 1.397, 1.675, 1.652, 1.245, 1.104, 1.375, 1.361, 1.762, 1.73, 1.785, 1.791, 1.964, 2.207, 2.367, 2.011, 2.095, 2.388, 2.301, 2.402, 2.039, 1.738, 1.48, 1.207, 1.03, 0.0, 1.066, 1.214, 1.561, 1.627, 1.635, 1.697, 1.98, 1.962, 1.837, 1.866, 2.062, 2.602, 2.293, 2.192, 2.314, 2.276, 3.038, 3.278, 3.401, 3.374, 4.039, 5.302, 6.07, 4.989, 3.753, 3.303, 3.443, 3.588, 3.575, 3.25, 3.008, 2.369, 1.726, 2.055, 1.917, 1.928, 2.886, 3.107, 2.623, 2.644, 2.66, 3.297, 3.471, 3.334, 3.045, 2.658, 2.461, 2.901, 3.351, 3.366, 3.183], [1.425, 1.715, 1.748, 2.281, 2.595, 2.296, 2.014, 2.102, 1.915, 1.758, 1.596, 1.842, 1.834, 1.346, 1.416, 1.491, 1.477, 1.544, 1.606, 1.609, 1.645, 1.734, 1.916, 2.132, 1.915, 1.796, 2.126, 2.19, 2.293, 2.078, 1.9, 1.828, 1.792, 1.676, 1.066, 0.0, 0.811, 1.166, 1.28, 1.355, 1.485, 1.807, 1.879, 1.812, 1.749, 2.059, 2.599, 2.103, 2.203, 2.346, 2.39, 3.177, 3.412, 3.484, 3.558, 4.234, 5.208, 5.995, 5.062, 3.957, 3.248, 3.627, 3.735, 3.74, 3.308, 3.068, 2.267, 1.813, 2.206, 2.125, 2.277, 3.308, 3.316, 2.7, 2.527, 2.638, 3.343, 3.732, 3.511, 2.849, 2.701, 2.519, 2.905, 3.416, 3.457, 3.215], [1.829, 2.001, 2.02, 2.641, 2.955, 2.487, 2.101, 2.16, 2.111, 1.871, 1.645, 1.87, 1.851, 1.499, 1.301, 1.364, 1.497, 1.434, 1.653, 1.729, 1.858, 1.908, 2.054, 2.314, 2.038, 1.96, 2.245, 2.223, 2.445, 2.114, 1.95, 1.713, 1.797, 1.924, 1.214, 0.811, 0.0, 0.874, 1.146, 1.233, 1.519, 1.953, 2.052, 1.802, 1.634, 1.766, 2.295, 1.951, 2.148, 2.597, 2.654, 3.238, 3.567, 3.668, 3.574, 4.243, 5.167, 5.957, 5.01, 3.914, 3.298, 3.764, 3.906, 3.778, 3.368, 3.019, 2.323, 2.038, 2.469, 2.215, 2.457, 3.645, 3.681, 2.836, 2.708, 2.805, 3.804, 3.922, 3.855, 3.194, 2.859, 2.669, 2.952, 3.463, 3.484, 3.119], [2.116, 2.258, 2.449, 2.872, 3.367, 2.763, 2.587, 2.682, 2.455, 2.226, 2.113, 2.213, 2.135, 1.784, 1.378, 1.284, 1.419, 1.383, 1.478, 1.851, 1.859, 2.054, 2.065, 2.286, 1.956, 1.89, 2.064, 2.051, 2.443, 2.286, 1.961, 1.835, 2.115, 2.302, 1.561, 1.166, 0.874, 0.0, 0.552, 0.753, 1.431, 1.92, 2.199, 1.783, 1.561, 1.463, 1.928, 1.774, 2.481, 3.079, 3.142, 3.676, 3.988, 4.1, 3.921, 4.254, 5.009, 5.782, 5.258, 4.294, 3.325, 4.078, 4.371, 4.208, 3.799, 3.499, 2.811, 2.305, 2.869, 2.822, 3.018, 4.247, 4.273, 3.345, 2.822, 3.143, 4.193, 4.449, 4.263, 3.553, 3.019, 2.863, 3.19, 3.653, 3.581, 3.234], [2.151, 2.325, 2.536, 2.951, 3.395, 2.838, 2.657, 2.711, 2.484, 2.291, 2.137, 2.242, 2.089, 1.781, 1.395, 1.355, 1.337, 1.398, 1.437, 1.757, 1.779, 1.961, 1.984, 2.125, 1.921, 1.819, 2.045, 2.065, 2.465, 2.354, 1.973, 1.827, 2.067, 2.357, 1.627, 1.28, 1.146, 0.552, 0.0, 0.689, 1.518, 2.041, 2.33, 1.88, 1.641, 1.444, 1.944, 1.86, 2.557, 3.185, 3.249, 3.777, 4.057, 4.179, 4.014, 4.435, 5.227, 5.976, 5.376, 4.414, 3.499, 4.24, 4.472, 4.3, 3.856, 3.552, 2.911, 2.384, 2.95, 2.943, 3.111, 4.33, 4.351, 3.481, 2.804, 3.115, 4.253, 4.556, 4.341, 3.622, 3.082, 2.952, 3.38, 3.765, 3.722, 3.391], [2.017, 2.217, 2.424, 2.815, 3.327, 2.71, 2.505, 2.594, 2.394, 2.142, 2.032, 2.259, 2.177, 1.699, 1.531, 1.545, 1.589, 1.765, 1.704, 1.865, 1.922, 2.129, 2.316, 2.505, 2.233, 2.241, 2.399, 2.431, 2.793, 2.661, 2.364, 2.108, 2.118, 2.296, 1.635, 1.355, 1.233, 0.753, 0.689, 0.0, 1.418, 1.814, 2.094, 1.72, 1.523, 1.263, 1.679, 1.506, 2.31, 2.889, 2.973, 3.503, 3.794, 3.903, 3.721, 4.201, 5.044, 5.784, 5.101, 4.104, 3.16, 3.886, 4.204, 4.025, 3.691, 3.401, 2.73, 2.237, 2.798, 2.78, 2.943, 4.167, 4.193, 3.286, 2.657, 2.914, 4.069, 4.355, 4.092, 3.501, 2.978, 2.815, 3.041, 3.454, 3.461, 3.176], [1.674, 1.742, 1.863, 2.17, 2.547, 2.14, 2.077, 2.065, 1.836, 1.804, 1.887, 2.473, 2.553, 1.986, 2.054, 2.202, 2.223, 2.14, 2.337, 2.337, 2.298, 2.448, 2.823, 3.157, 2.785, 2.485, 2.805, 2.938, 3.192, 2.934, 2.739, 2.681, 2.509, 2.306, 1.697, 1.485, 1.519, 1.431, 1.518, 1.418, 0.0, 0.769, 1.076, 0.838, 0.941, 1.275, 1.668, 1.313, 1.736, 2.181, 2.269, 2.882, 3.029, 3.193, 3.086, 3.522, 4.042, 4.738, 4.462, 3.425, 2.507, 3.154, 3.418, 3.271, 2.883, 2.624, 1.96, 1.566, 2.059, 2.062, 2.514, 3.405, 3.367, 2.461, 1.806, 2.23, 3.179, 3.459, 3.196, 2.465, 1.892, 1.761, 2.314, 2.736, 2.729, 2.342], [1.903, 1.802, 1.99, 1.937, 2.281, 1.959, 1.991, 1.913, 1.738, 1.876, 2.175, 2.746, 2.787, 2.295, 2.343, 2.53, 2.452, 2.421, 2.523, 2.48, 2.366, 2.539, 3.032, 3.494, 3.205, 2.779, 3.116, 3.329, 3.349, 3.001, 2.898, 2.917, 2.672, 2.443, 1.98, 1.807, 1.953, 1.92, 2.041, 1.814, 0.769, 0.0, 0.805, 0.812, 0.953, 1.484, 1.913, 1.482, 1.688, 1.907, 1.95, 2.601, 2.635, 2.782, 2.666, 3.072, 3.594, 4.281, 3.993, 2.967, 2.047, 2.674, 2.979, 2.841, 2.504, 2.288, 1.662, 1.459, 1.793, 1.854, 2.269, 2.974, 2.931, 2.056, 1.676, 2.043, 2.7, 3.009, 2.715, 2.111, 1.706, 1.67, 1.958, 2.271, 2.256, 1.93], [1.826, 1.8, 1.992, 1.957, 2.085, 1.912, 1.763, 1.807, 1.841, 1.965, 2.129, 2.59, 2.675, 2.314, 2.365, 2.633, 2.476, 2.504, 2.585, 2.417, 2.306, 2.566, 3.222, 3.662, 3.345, 3.026, 3.455, 3.531, 3.488, 2.965, 2.797, 2.807, 2.416, 2.215, 1.962, 1.879, 2.052, 2.199, 2.33, 2.094, 1.076, 0.805, 0.0, 0.856, 1.052, 1.78, 2.128, 1.458, 1.596, 1.833, 1.728, 2.434, 2.429, 2.489, 2.349, 2.83, 3.532, 4.198, 3.747, 2.691, 1.948, 2.347, 2.593, 2.569, 2.234, 2.061, 1.576, 1.652, 1.76, 1.697, 2.193, 2.757, 2.588, 1.845, 1.891, 2.116, 2.614, 2.867, 2.55, 2.172, 1.798, 1.776, 2.051, 2.11, 2.044, 1.986], [1.749, 1.715, 2.025, 2.036, 2.331, 1.895, 1.808, 1.869, 1.829, 1.906, 2.117, 2.554, 2.582, 2.2, 2.09, 2.368, 2.285, 2.307, 2.444, 2.396, 2.414, 2.674, 3.118, 3.54, 3.175, 2.79, 3.047, 3.269, 3.46, 2.992, 2.744, 2.67, 2.477, 2.292, 1.837, 1.812, 1.802, 1.783, 1.88, 1.72, 0.838, 0.812, 0.856, 0.0, 0.618, 1.205, 1.619, 1.253, 1.617, 2.026, 2.036, 2.733, 2.847, 2.864, 2.688, 3.173, 3.679, 4.358, 4.092, 3.068, 2.218, 2.807, 3.098, 2.972, 2.614, 2.326, 1.793, 1.767, 2.009, 2.009, 2.623, 3.31, 3.144, 2.175, 1.908, 2.268, 2.96, 3.278, 2.95, 2.456, 1.942, 1.829, 2.238, 2.389, 2.383, 2.114], [1.775, 1.862, 2.005, 2.181, 2.485, 1.925, 1.96, 1.991, 1.805, 1.934, 2.079, 2.636, 2.539, 2.133, 2.115, 2.268, 2.23, 2.187, 2.372, 2.398, 2.495, 2.708, 3.077, 3.472, 3.12, 2.744, 3.056, 3.201, 3.42, 3.107, 2.901, 2.769, 2.607, 2.431, 1.866, 1.749, 1.634, 1.561, 1.641, 1.523, 0.941, 0.953, 1.052, 0.618, 0.0, 0.934, 1.407, 1.07, 1.463, 2.049, 2.224, 2.905, 3.069, 3.107, 2.828, 3.223, 3.752, 4.467, 4.123, 3.239, 2.355, 3.046, 3.331, 3.152, 2.794, 2.472, 1.933, 1.875, 2.24, 2.246, 2.816, 3.558, 3.374, 2.381, 2.001, 2.35, 3.202, 3.472, 3.16, 2.515, 2.041, 1.921, 2.352, 2.551, 2.484, 2.056], [2.375, 2.576, 2.695, 2.932, 3.315, 2.717, 2.699, 2.731, 2.496, 2.634, 2.747, 3.137, 3.042, 2.642, 2.351, 2.248, 2.415, 2.406, 2.667, 2.945, 3.004, 3.209, 3.246, 3.346, 3.122, 2.864, 2.896, 3.157, 3.697, 3.44, 3.055, 2.917, 2.898, 2.848, 2.062, 2.059, 1.766, 1.463, 1.444, 1.263, 1.275, 1.484, 1.78, 1.205, 0.934, 0.0, 0.76, 1.151, 2.201, 2.884, 3.042, 3.687, 3.879, 3.937, 3.684, 3.958, 4.352, 5.046, 4.934, 4.065, 3.082, 3.853, 4.197, 4.018, 3.66, 3.342, 2.728, 2.477, 3.019, 3.016, 3.417, 4.287, 4.214, 3.234, 2.356, 2.841, 4.012, 4.315, 4.024, 3.312, 2.617, 2.4, 3.012, 3.392, 3.302, 2.829], [2.809, 2.974, 3.11, 3.356, 3.739, 3.16, 3.151, 3.176, 2.96, 3.078, 3.264, 3.683, 3.594, 3.177, 2.838, 2.742, 3.013, 3.0, 3.173, 3.486, 3.56, 3.764, 3.845, 3.951, 3.719, 3.467, 3.518, 3.771, 4.338, 4.075, 3.622, 3.513, 3.514, 3.344, 2.602, 2.599, 2.295, 1.928, 1.944, 1.679, 1.668, 1.913, 2.128, 1.619, 1.407, 0.76, 0.0, 1.33, 2.566, 3.262, 3.454, 4.003, 4.249, 4.309, 4.069, 4.232, 4.58, 5.232, 5.278, 4.423, 3.379, 4.208, 4.574, 4.395, 4.037, 3.72, 3.112, 2.882, 3.419, 3.426, 3.899, 4.669, 4.613, 3.597, 2.652, 3.186, 4.385, 4.699, 4.414, 3.696, 2.943, 2.702, 3.374, 3.783, 3.595, 3.126], [1.976, 2.155, 2.23, 2.304, 2.598, 2.079, 2.177, 2.398, 2.169, 2.309, 2.616, 3.148, 3.121, 2.635, 2.566, 2.574, 2.678, 2.742, 2.849, 2.943, 3.054, 3.232, 3.563, 3.78, 3.491, 3.34, 3.541, 3.593, 3.961, 3.75, 3.399, 3.271, 3.203, 2.975, 2.293, 2.103, 1.951, 1.774, 1.86, 1.506, 1.313, 1.482, 1.458, 1.253, 1.07, 1.151, 1.33, 0.0, 1.48, 2.12, 2.481, 3.084, 3.199, 3.175, 2.824, 3.017, 3.794, 4.536, 3.99, 3.118, 2.102, 2.923, 3.288, 3.108, 2.747, 2.423, 2.075, 2.072, 2.447, 2.622, 3.228, 3.896, 3.613, 2.421, 1.805, 2.049, 3.169, 3.401, 3.119, 2.462, 1.926, 1.845, 2.176, 2.487, 2.34, 1.897], [1.856, 1.906, 1.858, 2.118, 2.3, 1.817, 1.704, 1.675, 1.714, 1.773, 1.755, 2.319, 2.242, 2.06, 2.45, 2.806, 2.723, 3.088, 3.078, 2.756, 2.961, 2.923, 3.549, 3.97, 3.638, 3.689, 4.152, 4.14, 4.031, 3.697, 3.65, 3.256, 2.674, 2.551, 2.192, 2.203, 2.148, 2.481, 2.557, 2.31, 1.736, 1.688, 1.596, 1.617, 1.463, 2.201, 2.566, 1.48, 0.0, 1.019, 1.253, 1.974, 2.285, 2.087, 2.047, 2.732, 4.0, 4.704, 3.52, 2.463, 2.046, 2.277, 2.236, 1.986, 1.755, 1.536, 1.385, 1.675, 1.82, 1.949, 2.424, 2.643, 2.295, 1.756, 2.062, 1.97, 2.576, 2.619, 2.654, 2.305, 2.097, 2.005, 1.937, 2.076, 1.979, 1.825], [2.136, 2.107, 2.065, 2.223, 2.393, 2.118, 1.786, 1.788, 2.098, 2.075, 1.975, 2.328, 2.26, 2.12, 2.712, 3.197, 3.039, 3.559, 3.452, 3.069, 3.185, 3.178, 3.583, 3.991, 3.68, 3.871, 4.354, 4.364, 4.186, 3.818, 3.79, 3.344, 2.636, 2.41, 2.314, 2.346, 2.597, 3.079, 3.185, 2.889, 2.181, 1.907, 1.833, 2.026, 2.049, 2.884, 3.262, 2.12, 1.019, 0.0, 0.981, 1.867, 2.201, 2.024, 2.268, 3.053, 4.566, 5.28, 4.01, 2.734, 2.453, 2.495, 2.328, 2.078, 2.083, 1.936, 1.731, 1.993, 2.066, 2.106, 2.329, 2.302, 1.846, 2.099, 2.425, 2.352, 2.688, 2.868, 2.815, 2.6, 2.541, 2.501, 2.432, 2.549, 2.51, 2.418], [1.983, 2.001, 1.922, 1.938, 2.086, 1.925, 1.617, 1.531, 1.818, 1.849, 1.822, 2.022, 2.069, 2.175, 2.712, 3.225, 2.99, 3.527, 3.306, 2.823, 2.919, 2.932, 3.551, 3.991, 3.713, 3.801, 4.336, 4.354, 4.072, 3.584, 3.596, 3.151, 2.294, 2.055, 2.276, 2.39, 2.654, 3.142, 3.249, 2.973, 2.269, 1.95, 1.728, 2.036, 2.224, 3.042, 3.454, 2.481, 1.253, 0.981, 0.0, 1.188, 1.621, 1.526, 2.001, 2.751, 4.352, 4.964, 3.771, 2.413, 2.364, 2.212, 1.972, 1.832, 1.86, 1.724, 1.484, 1.687, 1.605, 1.61, 1.81, 1.91, 1.635, 2.038, 2.724, 2.463, 2.631, 2.779, 2.681, 2.649, 2.669, 2.614, 2.367, 2.392, 2.322, 2.522], [2.747, 2.716, 2.664, 2.569, 2.489, 2.515, 2.25, 2.108, 2.316, 2.39, 2.447, 2.349, 2.587, 2.827, 3.288, 3.774, 3.456, 4.091, 3.894, 3.389, 3.446, 3.487, 4.296, 4.836, 4.498, 4.589, 5.094, 5.104, 4.817, 4.259, 4.276, 3.768, 2.814, 2.405, 3.038, 3.177, 3.238, 3.676, 3.777, 3.503, 2.882, 2.601, 2.434, 2.733, 2.905, 3.687, 4.003, 3.084, 1.974, 1.867, 1.188, 0.0, 1.001, 1.204, 1.7, 2.54, 4.536, 5.062, 3.865, 2.48, 2.54, 2.494, 2.242, 2.059, 2.126, 2.023, 1.841, 2.028, 1.881, 1.695, 1.754, 1.684, 1.806, 2.451, 3.442, 3.24, 3.128, 3.278, 3.285, 3.245, 3.386, 3.306, 2.868, 2.704, 2.551, 2.996], [2.927, 2.886, 2.963, 2.705, 2.346, 2.617, 2.432, 2.308, 2.521, 2.689, 2.877, 2.884, 3.152, 3.222, 3.591, 4.04, 3.721, 4.368, 4.196, 3.701, 3.699, 3.816, 4.657, 5.174, 4.843, 4.82, 5.341, 5.361, 5.084, 4.53, 4.509, 4.038, 3.094, 2.675, 3.278, 3.412, 3.567, 3.988, 4.057, 3.794, 3.029, 2.635, 2.429, 2.847, 3.069, 3.879, 4.249, 3.199, 2.285, 2.201, 1.621, 1.001, 0.0, 0.772, 1.072, 1.946, 4.073, 4.509, 3.437, 2.204, 2.31, 2.058, 1.775, 1.636, 1.78, 1.857, 1.647, 2.147, 1.704, 1.745, 1.673, 1.631, 1.702, 2.264, 3.284, 3.131, 2.799, 2.959, 2.995, 2.995, 3.266, 3.179, 2.596, 2.298, 2.466, 3.017], [3.033, 2.95, 2.909, 2.651, 2.448, 2.516, 2.441, 2.382, 2.561, 2.783, 2.906, 2.913, 3.145, 3.238, 3.67, 4.172, 3.857, 4.52, 4.307, 3.803, 3.842, 3.908, 4.646, 5.174, 4.841, 4.947, 5.456, 5.481, 5.185, 4.646, 4.664, 4.173, 3.208, 2.772, 3.401, 3.484, 3.668, 4.1, 4.179, 3.903, 3.193, 2.782, 2.489, 2.864, 3.107, 3.937, 4.309, 3.175, 2.087, 2.024, 1.526, 1.204, 0.772, 0.0, 0.928, 1.914, 4.165, 4.62, 3.508, 2.254, 2.239, 2.064, 1.725, 1.596, 1.604, 1.716, 1.7, 2.307, 1.993, 1.913, 1.799, 1.632, 1.62, 2.23, 3.26, 2.976, 2.744, 2.953, 3.015, 3.014, 3.122, 3.246, 2.708, 2.419, 2.48, 2.904], [3.153, 3.002, 3.205, 2.729, 2.37, 2.35, 2.342, 2.374, 2.583, 2.734, 3.01, 3.142, 3.344, 3.367, 3.578, 3.995, 3.703, 4.347, 4.189, 3.759, 3.761, 3.944, 4.872, 5.394, 5.06, 4.979, 5.432, 5.455, 5.199, 4.621, 4.587, 4.055, 3.238, 2.797, 3.374, 3.558, 3.574, 3.921, 4.014, 3.721, 3.086, 2.666, 2.349, 2.688, 2.828, 3.684, 4.069, 2.824, 2.047, 2.268, 2.001, 1.7, 1.072, 0.928, 0.0, 1.338, 3.648, 4.048, 2.998, 1.846, 1.825, 1.727, 1.55, 1.33, 1.294, 1.473, 1.841, 2.347, 2.106, 2.046, 1.922, 2.005, 2.012, 1.908, 2.726, 2.617, 2.61, 2.716, 2.706, 2.748, 2.736, 3.056, 2.485, 1.925, 1.967, 2.388], [3.752, 3.728, 3.76, 2.992, 2.498, 2.697, 3.073, 3.056, 3.125, 3.348, 3.822, 4.147, 4.175, 4.157, 4.139, 4.301, 4.163, 4.792, 4.626, 4.406, 4.407, 4.686, 5.622, 6.149, 5.827, 5.673, 6.024, 6.074, 5.93, 5.308, 5.074, 4.692, 4.056, 3.816, 4.039, 4.234, 4.243, 4.254, 4.435, 4.201, 3.522, 3.072, 2.83, 3.173, 3.223, 3.958, 4.232, 3.017, 2.732, 3.053, 2.751, 2.54, 1.946, 1.914, 1.338, 0.0, 2.375, 2.844, 2.176, 1.3, 1.448, 1.36, 1.43, 1.23, 1.461, 1.74, 2.311, 2.935, 2.61, 2.648, 2.707, 2.91, 2.471, 2.162, 2.899, 2.677, 2.334, 2.297, 2.279, 2.293, 2.625, 2.858, 2.265, 1.519, 1.429, 1.822], [4.68, 4.572, 4.653, 3.89, 3.387, 3.729, 4.416, 4.465, 4.19, 4.61, 5.231, 5.819, 5.754, 5.597, 5.481, 5.525, 5.521, 5.552, 5.632, 5.535, 5.429, 5.658, 6.469, 6.988, 6.671, 6.285, 6.619, 6.808, 6.776, 6.175, 6.013, 6.024, 5.737, 5.609, 5.302, 5.208, 5.167, 5.009, 5.227, 5.044, 4.042, 3.594, 3.532, 3.679, 3.752, 4.352, 4.58, 3.794, 4.0, 4.566, 4.352, 4.536, 4.073, 4.165, 3.648, 2.375, 0.0, 1.155, 1.611, 2.115, 2.326, 2.406, 2.839, 2.924, 2.915, 2.9, 3.408, 4.025, 3.574, 3.89, 4.581, 5.017, 4.319, 3.209, 3.561, 3.434, 2.725, 2.469, 2.507, 2.723, 3.085, 3.308, 2.811, 2.171, 2.242, 2.47], [5.462, 5.329, 5.447, 4.684, 4.172, 4.524, 5.174, 5.235, 4.964, 5.363, 5.973, 6.516, 6.492, 6.38, 6.242, 6.302, 6.252, 6.345, 6.425, 6.322, 6.2, 6.417, 7.246, 7.758, 7.434, 7.004, 7.334, 7.559, 7.565, 6.955, 6.791, 6.795, 6.415, 6.262, 6.07, 5.995, 5.957, 5.782, 5.976, 5.784, 4.738, 4.281, 4.198, 4.358, 4.467, 5.046, 5.232, 4.536, 4.704, 5.28, 4.964, 5.062, 4.509, 4.62, 4.048, 2.844, 1.155, 0.0, 1.381, 2.676, 3.003, 2.905, 3.297, 3.408, 3.449, 3.615, 4.198, 4.818, 4.357, 4.562, 5.143, 5.5, 4.893, 3.96, 4.263, 4.223, 3.49, 3.096, 3.106, 3.477, 3.846, 4.064, 3.565, 2.833, 2.913, 3.133], [4.544, 4.467, 4.462, 3.712, 3.157, 3.578, 3.964, 4.048, 4.028, 4.251, 4.733, 5.288, 5.28, 5.199, 5.204, 5.528, 5.382, 5.725, 5.609, 5.256, 5.256, 5.438, 6.303, 6.848, 6.52, 6.464, 6.87, 6.909, 6.699, 6.126, 6.089, 5.73, 5.208, 5.106, 4.989, 5.062, 5.01, 5.258, 5.376, 5.101, 4.462, 3.993, 3.747, 4.092, 4.123, 4.934, 5.278, 3.99, 3.52, 4.01, 3.771, 3.865, 3.437, 3.508, 2.998, 2.176, 1.611, 1.381, 0.0, 1.525, 2.104, 1.866, 2.173, 2.247, 2.368, 2.516, 3.002, 3.785, 3.315, 3.49, 3.997, 4.371, 3.76, 2.849, 3.731, 3.324, 2.518, 2.027, 2.195, 2.783, 3.472, 3.76, 2.728, 1.901, 2.064, 2.452], [3.426, 3.32, 3.319, 2.595, 2.056, 2.511, 2.75, 2.817, 2.92, 3.129, 3.48, 3.929, 4.005, 3.963, 4.039, 4.415, 4.186, 4.732, 4.555, 4.112, 4.149, 4.328, 5.203, 5.746, 5.4, 5.36, 5.792, 5.815, 5.586, 5.002, 4.957, 4.522, 3.826, 3.699, 3.753, 3.957, 3.914, 4.294, 4.414, 4.104, 3.425, 2.967, 2.691, 3.068, 3.239, 4.065, 4.423, 3.118, 2.463, 2.734, 2.413, 2.48, 2.204, 2.254, 1.846, 1.3, 2.115, 2.676, 1.525, 0.0, 1.235, 0.978, 1.204, 1.199, 1.452, 1.523, 1.934, 2.608, 2.229, 2.247, 2.671, 3.125, 2.472, 1.876, 2.702, 2.288, 1.618, 1.432, 1.555, 1.802, 2.51, 2.762, 1.89, 1.108, 1.117, 1.654], [2.744, 2.683, 2.717, 1.975, 1.901, 1.801, 2.422, 2.476, 2.254, 2.623, 3.26, 3.868, 3.876, 3.577, 3.522, 3.772, 3.682, 3.878, 3.684, 3.513, 3.465, 3.692, 4.445, 4.978, 4.671, 4.564, 4.91, 4.947, 4.806, 4.4, 4.239, 4.032, 3.763, 3.651, 3.303, 3.248, 3.298, 3.325, 3.499, 3.16, 2.507, 2.047, 1.948, 2.218, 2.355, 3.082, 3.379, 2.102, 2.046, 2.453, 2.364, 2.54, 2.31, 2.239, 1.825, 1.448, 2.326, 3.003, 2.104, 1.235, 0.0, 0.999, 1.557, 1.418, 1.388, 1.355, 1.408, 1.956, 1.793, 2.129, 2.691, 3.147, 2.678, 1.431, 1.873, 1.706, 1.687, 1.925, 1.848, 1.64, 1.798, 2.103, 1.507, 1.1, 0.898, 1.217], [3.096, 2.967, 2.904, 2.278, 1.956, 2.315, 2.562, 2.774, 2.774, 3.022, 3.367, 3.918, 3.963, 3.747, 3.908, 4.337, 4.109, 4.507, 4.315, 3.931, 3.809, 4.097, 4.911, 5.374, 5.012, 5.008, 5.404, 5.413, 5.193, 4.61, 4.577, 4.396, 3.809, 3.613, 3.443, 3.627, 3.764, 4.078, 4.24, 3.886, 3.154, 2.674, 2.347, 2.807, 3.046, 3.853, 4.208, 2.923, 2.277, 2.495, 2.212, 2.494, 2.058, 2.064, 1.727, 1.36, 2.406, 2.905, 1.866, 0.978, 0.999, 0.0, 0.84, 0.856, 1.03, 1.185, 1.739, 2.348, 1.825, 2.098, 2.583, 2.782, 2.259, 1.712, 2.413, 2.111, 1.423, 1.506, 1.712, 1.762, 2.226, 2.473, 1.702, 1.14, 1.2, 1.734], [3.2, 3.077, 2.993, 2.428, 2.033, 2.459, 2.634, 2.699, 2.799, 3.068, 3.213, 3.677, 3.724, 3.754, 4.052, 4.504, 4.254, 4.751, 4.545, 4.067, 4.052, 4.105, 4.903, 5.375, 5.041, 5.13, 5.646, 5.638, 5.323, 4.819, 4.807, 4.474, 3.626, 3.493, 3.588, 3.735, 3.906, 4.371, 4.472, 4.204, 3.418, 2.979, 2.593, 3.098, 3.331, 4.197, 4.574, 3.288, 2.236, 2.328, 1.972, 2.242, 1.775, 1.725, 1.55, 1.43, 2.839, 3.297, 2.173, 1.204, 1.557, 0.84, 0.0, 0.619, 0.921, 1.23, 1.683, 2.468, 1.898, 2.019, 2.428, 2.353, 1.839, 1.75, 2.704, 2.243, 1.461, 1.483, 1.783, 1.995, 2.489, 2.746, 1.825, 1.335, 1.662, 2.286], [3.22, 3.093, 3.044, 2.541, 2.07, 2.373, 2.557, 2.515, 2.719, 2.978, 3.072, 3.521, 3.488, 3.505, 3.855, 4.338, 4.157, 4.641, 4.475, 3.969, 3.988, 4.112, 4.859, 5.392, 5.083, 5.135, 5.622, 5.645, 5.327, 4.835, 4.831, 4.397, 3.598, 3.501, 3.575, 3.74, 3.778, 4.208, 4.3, 4.025, 3.271, 2.841, 2.569, 2.972, 3.152, 4.018, 4.395, 3.108, 1.986, 2.078, 1.832, 2.059, 1.636, 1.596, 1.33, 1.23, 2.924, 3.408, 2.247, 1.199, 1.418, 0.856, 0.619, 0.0, 0.733, 0.992, 1.638, 2.367, 1.842, 2.052, 2.34, 2.283, 1.718, 1.676, 2.646, 2.191, 1.721, 1.784, 2.057, 2.013, 2.421, 2.692, 1.922, 1.295, 1.513, 2.097], [2.828, 2.658, 2.695, 2.285, 1.931, 2.07, 2.262, 2.298, 2.357, 2.649, 2.795, 3.313, 3.296, 3.338, 3.555, 4.02, 3.77, 4.215, 4.054, 3.562, 3.571, 3.661, 4.447, 4.978, 4.665, 4.712, 5.202, 5.225, 4.936, 4.462, 4.46, 4.16, 3.396, 3.286, 3.25, 3.308, 3.368, 3.799, 3.856, 3.691, 2.883, 2.504, 2.234, 2.614, 2.794, 3.66, 4.037, 2.747, 1.755, 2.083, 1.86, 2.126, 1.78, 1.604, 1.294, 1.461, 2.915, 3.449, 2.368, 1.452, 1.388, 1.03, 0.921, 0.733, 0.0, 0.619, 1.315, 2.042, 1.63, 1.673, 2.126, 2.201, 1.678, 1.397, 2.368, 2.022, 1.693, 1.818, 2.104, 1.937, 2.171, 2.479, 1.92, 1.366, 1.537, 1.98], [2.578, 2.404, 2.423, 2.025, 1.723, 1.729, 2.0, 2.005, 2.053, 2.35, 2.586, 3.125, 3.049, 3.097, 3.238, 3.698, 3.515, 3.855, 3.717, 3.235, 3.293, 3.405, 4.185, 4.721, 4.407, 4.442, 4.911, 4.936, 4.692, 4.154, 4.193, 3.861, 3.216, 3.161, 3.008, 3.068, 3.019, 3.499, 3.552, 3.401, 2.624, 2.288, 2.061, 2.326, 2.472, 3.342, 3.72, 2.423, 1.536, 1.936, 1.724, 2.023, 1.857, 1.716, 1.473, 1.74, 2.9, 3.615, 2.516, 1.523, 1.355, 1.185, 1.23, 0.992, 0.619, 0.0, 1.042, 1.765, 1.34, 1.458, 2.048, 2.288, 1.683, 1.214, 2.184, 1.886, 1.655, 1.809, 2.212, 1.98, 2.017, 2.256, 1.725, 1.303, 1.476, 1.9], [1.919, 1.855, 1.86, 1.571, 1.474, 1.508, 1.614, 1.508, 1.407, 1.759, 2.104, 2.762, 2.772, 2.58, 2.734, 3.03, 2.993, 3.208, 2.967, 2.588, 2.643, 2.667, 3.371, 3.924, 3.594, 3.657, 4.171, 4.167, 3.948, 3.551, 3.544, 3.16, 2.676, 2.651, 2.369, 2.267, 2.323, 2.811, 2.911, 2.73, 1.96, 1.662, 1.576, 1.793, 1.933, 2.728, 3.112, 2.075, 1.385, 1.731, 1.484, 1.841, 1.647, 1.7, 1.841, 2.311, 3.408, 4.198, 3.002, 1.934, 1.408, 1.739, 1.683, 1.638, 1.315, 1.042, 0.0, 1.027, 0.917, 1.047, 1.727, 2.189, 1.713, 1.07, 1.938, 1.843, 1.841, 1.999, 2.24, 1.89, 2.001, 2.028, 1.498, 1.675, 1.86, 2.142], [1.622, 1.58, 1.615, 1.389, 1.68, 1.538, 1.509, 1.379, 1.258, 1.348, 1.767, 2.444, 2.47, 2.163, 2.262, 2.599, 2.528, 2.76, 2.433, 2.109, 2.123, 2.26, 2.959, 3.319, 2.988, 2.954, 3.467, 3.432, 3.293, 2.95, 2.928, 2.702, 2.266, 2.02, 1.726, 1.813, 2.038, 2.305, 2.384, 2.237, 1.566, 1.459, 1.652, 1.76