[[0.0, 0.613, 1.115, 1.662, 1.626, 3.374, 4.82, 4.989, 4.962, 5.414, 5.259, 5.618, 9.233, 11.245, 11.394, 11.571, 11.759, 12.266, 12.762, 12.585, 11.723, 10.478, 10.235, 11.12, 13.295, 14.617, 13.337, 12.196, 11.693, 14.177, 15.73, 15.897, 16.297, 16.465, 16.604, 16.851, 17.232, 17.034, 16.565, 15.819, 15.911, 16.459, 16.781, 16.662, 16.677, 17.133, 18.405, 17.803, 16.573, 16.098, 16.643, 16.24, 15.805, 15.3, 15.791, 15.757, 15.401, 16.068, 15.918, 16.164, 16.963, 18.477, 19.423, 18.675, 18.967, 20.703, 21.914, 21.988, 21.139, 19.567, 18.135, 18.483, 19.297, 19.869, 20.451, 21.094, 21.351, 21.342, 20.725, 20.166, 19.416, 18.656, 18.483, 17.106, 15.582, 15.819], [0.613, 0.0, 0.955, 1.605, 1.51, 3.285, 4.627, 4.782, 4.788, 5.28, 5.195, 5.546, 9.241, 11.318, 11.416, 11.634, 11.824, 12.349, 12.827, 12.65, 11.765, 10.512, 10.27, 11.155, 13.335, 14.659, 13.379, 12.217, 11.728, 14.261, 15.813, 15.98, 16.381, 16.549, 16.687, 16.935, 17.313, 17.115, 16.646, 15.9, 15.992, 16.493, 16.819, 16.699, 16.709, 17.17, 18.428, 17.863, 16.65, 16.138, 16.719, 16.3, 15.882, 15.377, 15.852, 15.835, 15.461, 16.128, 15.987, 16.232, 17.006, 18.552, 19.462, 18.741, 19.027, 20.729, 21.955, 22.026, 21.179, 19.626, 18.161, 18.507, 19.335, 19.885, 20.455, 21.129, 21.392, 21.349, 20.762, 20.191, 19.425, 18.649, 18.488, 17.14, 15.63, 15.883], [1.115, 0.955, 0.0, 1.024, 1.138, 2.891, 4.148, 4.271, 4.189, 4.773, 4.644, 5.077, 8.694, 10.709, 10.901, 11.147, 11.336, 11.867, 12.321, 12.144, 11.263, 10.053, 9.804, 10.684, 12.866, 14.11, 12.873, 11.725, 11.229, 13.773, 15.325, 15.493, 15.893, 16.061, 16.2, 16.447, 16.822, 16.624, 16.155, 15.409, 15.501, 15.968, 16.293, 16.142, 16.167, 16.645, 17.877, 17.366, 16.159, 15.611, 16.235, 15.801, 15.391, 14.887, 15.344, 15.344, 14.954, 15.62, 15.442, 15.624, 16.438, 18.052, 18.941, 18.153, 18.493, 20.169, 21.431, 21.497, 20.602, 19.02, 17.575, 17.897, 18.745, 19.295, 19.843, 20.509, 20.778, 20.749, 20.148, 19.574, 18.796, 18.026, 17.847, 16.635, 15.032, 15.326], [1.662, 1.605, 1.024, 0.0, 0.827, 2.354, 3.427, 3.569, 3.505, 3.987, 3.795, 4.326, 7.891, 9.878, 10.046, 10.264, 10.465, 10.997, 11.438, 11.272, 10.403, 9.21, 8.962, 9.837, 12.004, 13.296, 12.038, 10.884, 10.387, 12.89, 14.443, 14.61, 15.011, 15.179, 15.317, 15.565, 15.94, 15.742, 15.273, 14.527, 14.619, 15.119, 15.442, 15.305, 15.32, 15.794, 17.05, 16.487, 15.284, 14.758, 15.347, 14.924, 14.516, 14.004, 14.465, 14.462, 14.075, 14.742, 14.546, 14.801, 15.598, 17.18, 18.083, 17.31, 17.626, 19.345, 20.568, 20.647, 19.768, 18.188, 16.717, 17.087, 17.902, 18.485, 19.083, 19.731, 19.973, 19.965, 19.335, 18.73, 17.98, 17.265, 17.047, 15.752, 14.209, 14.448], [1.626, 1.51, 1.138, 0.827, 0.0, 2.253, 3.443, 3.648, 3.732, 4.124, 4.065, 4.455, 8.119, 10.199, 10.259, 10.452, 10.58, 11.127, 11.583, 11.406, 10.565, 9.336, 9.088, 9.988, 12.188, 13.512, 12.234, 11.061, 10.535, 13.039, 14.591, 14.759, 15.159, 15.327, 15.466, 15.713, 16.088, 15.89, 15.421, 14.675, 14.767, 15.328, 15.637, 15.553, 15.563, 15.989, 17.274, 16.646, 15.438, 14.959, 15.506, 15.078, 14.669, 14.165, 14.617, 14.622, 14.226, 14.906, 14.869, 15.108, 15.875, 17.345, 18.275, 17.622, 17.879, 19.576, 20.788, 20.846, 20.051, 18.542, 17.117, 17.437, 18.263, 18.806, 19.329, 19.994, 20.266, 20.226, 19.651, 19.151, 18.397, 17.6, 17.457, 16.09, 14.498, 14.753], [3.374, 3.285, 2.891, 2.354, 2.253, 0.0, 1.876, 2.004, 2.305, 2.65, 2.506, 2.865, 6.571, 8.674, 8.705, 8.846, 8.971, 9.427, 9.963, 9.786, 8.965, 7.719, 7.476, 8.399, 10.626, 11.958, 10.678, 9.484, 8.947, 11.318, 12.871, 13.038, 13.439, 13.606, 13.761, 13.993, 14.386, 14.185, 13.715, 12.967, 13.058, 13.762, 14.066, 14.001, 14.01, 14.415, 15.701, 15.06, 13.782, 13.408, 13.83, 13.447, 13.007, 12.485, 13.0, 12.959, 12.626, 13.309, 13.331, 13.568, 14.349, 15.681, 16.679, 16.084, 16.341, 18.004, 19.217, 19.253, 18.501, 17.02, 15.597, 15.935, 16.747, 17.289, 17.799, 18.46, 18.733, 18.697, 18.122, 17.634, 16.885, 16.096, 15.951, 14.56, 12.96, 13.214], [4.82, 4.627, 4.148, 3.427, 3.443, 1.876, 0.0, 0.879, 1.252, 1.3, 1.112, 1.271, 4.929, 7.064, 7.103, 7.41, 7.571, 8.125, 8.551, 8.374, 7.495, 6.216, 5.995, 6.916, 9.21, 10.337, 9.077, 7.847, 7.417, 10.036, 11.588, 11.756, 12.156, 12.324, 12.463, 12.704, 13.078, 12.88, 12.412, 11.666, 11.757, 12.198, 12.512, 12.418, 12.438, 12.814, 14.053, 13.667, 12.44, 11.89, 12.535, 12.056, 11.646, 11.143, 11.595, 11.621, 11.196, 11.826, 11.85, 11.98, 12.805, 14.318, 15.209, 14.481, 14.802, 16.352, 17.66, 17.68, 16.888, 15.396, 13.989, 14.285, 15.107, 15.657, 16.181, 16.827, 17.114, 17.065, 16.508, 15.996, 15.252, 14.436, 14.308, 13.082, 11.41, 11.689], [4.989, 4.782, 4.271, 3.569, 3.648, 2.004, 0.879, 0.0, 1.091, 1.195, 1.221, 1.165, 4.868, 6.966, 7.078, 7.418, 7.579, 8.132, 8.559, 8.382, 7.503, 6.224, 6.003, 6.924, 9.158, 10.269, 9.026, 7.776, 7.354, 10.044, 11.594, 11.764, 12.164, 12.332, 12.471, 12.701, 13.076, 12.878, 12.409, 11.663, 11.755, 12.118, 12.424, 12.32, 12.342, 12.745, 13.972, 13.633, 12.413, 11.785, 12.505, 12.051, 11.637, 11.14, 11.592, 11.598, 11.16, 11.799, 11.797, 11.92, 12.741, 14.3, 15.201, 14.342, 14.688, 16.322, 17.613, 17.609, 16.75, 15.29, 13.86, 14.145, 14.964, 15.518, 16.037, 16.723, 16.988, 16.93, 16.4, 15.918, 15.13, 14.304, 14.218, 13.02, 11.368, 11.609], [4.962, 4.788, 4.189, 3.505, 3.732, 2.305, 1.252, 1.091, 0.0, 1.206, 1.18, 1.448, 4.97, 6.957, 7.247, 7.564, 7.725, 8.279, 8.705, 8.528, 7.65, 6.378, 6.15, 7.07, 9.264, 10.392, 9.153, 7.944, 7.506, 10.186, 11.73, 11.9, 12.31, 12.479, 12.607, 12.837, 13.212, 13.014, 12.545, 11.799, 11.891, 12.214, 12.531, 12.36, 12.383, 12.877, 14.15, 13.752, 12.549, 11.9, 12.605, 12.184, 11.78, 11.276, 11.733, 11.734, 11.313, 11.95, 11.776, 11.935, 12.807, 14.436, 15.327, 14.371, 14.747, 16.483, 17.715, 17.689, 16.799, 15.263, 13.79, 14.031, 14.882, 15.442, 16.059, 16.785, 17.027, 16.982, 16.357, 15.831, 14.939, 14.162, 14.066, 13.015, 11.381, 11.627], [5.414, 5.28, 4.773, 3.987, 4.124, 2.65, 1.3, 1.195, 1.206, 0.0, 1.027, 1.096, 4.22, 6.292, 6.445, 6.723, 6.884, 7.438, 7.864, 7.687, 6.812, 5.634, 5.394, 6.245, 8.434, 9.624, 8.363, 7.143, 6.705, 9.346, 10.89, 11.06, 11.47, 11.638, 11.767, 11.997, 12.372, 12.174, 11.705, 10.959, 11.051, 11.417, 11.735, 11.57, 11.585, 12.081, 13.369, 12.945, 11.711, 11.099, 11.78, 11.382, 10.942, 10.436, 10.922, 10.894, 10.477, 11.118, 11.022, 11.22, 12.053, 13.609, 14.534, 13.655, 13.975, 15.722, 16.944, 16.918, 16.068, 14.616, 13.145, 13.433, 14.219, 14.761, 15.369, 16.08, 16.338, 16.289, 15.713, 15.234, 14.391, 13.586, 13.511, 12.264, 10.644, 10.86], [5.259, 5.195, 4.644, 3.795, 4.065, 2.506, 1.112, 1.221, 1.18, 1.027, 0.0, 0.916, 4.314, 6.343, 6.548, 6.85, 7.011, 7.565, 7.991, 7.814, 6.935, 5.7, 5.462, 6.356, 8.55, 9.717, 8.456, 7.245, 6.807, 9.468, 11.012, 11.182, 11.593, 11.765, 11.89, 12.119, 12.494, 12.296, 11.827, 11.081, 11.173, 11.514, 11.836, 11.631, 11.664, 12.183, 13.461, 13.042, 11.831, 11.198, 11.898, 11.479, 11.063, 10.558, 11.031, 11.016, 10.601, 11.241, 11.1, 11.279, 12.154, 13.728, 14.633, 13.714, 14.057, 15.808, 17.041, 16.987, 16.155, 14.686, 13.275, 13.546, 14.302, 14.861, 15.496, 16.184, 16.406, 16.395, 15.766, 15.328, 14.482, 13.753, 13.613, 12.398, 10.699, 10.953], [5.618, 5.546, 5.077, 4.326, 4.455, 2.865, 1.271, 1.165, 1.448, 1.096, 0.916, 0.0, 3.887, 5.964, 6.106, 6.445, 6.606, 7.16, 7.586, 7.409, 6.531, 5.252, 5.031, 5.952, 8.171, 9.276, 8.032, 6.758, 6.381, 9.07, 10.615, 10.784, 11.192, 11.36, 11.492, 11.721, 12.096, 11.898, 11.429, 10.683, 10.775, 11.106, 11.402, 11.275, 11.304, 11.718, 12.968, 12.637, 11.433, 10.804, 11.509, 11.073, 10.655, 10.16, 10.613, 10.618, 10.169, 10.824, 10.779, 10.899, 11.738, 13.318, 14.219, 13.297, 13.677, 15.343, 16.628, 16.58, 15.681, 14.288, 12.872, 13.113, 13.919, 14.487, 15.052, 15.695, 15.954, 15.907, 15.39, 14.923, 14.109, 13.272, 13.234, 12.034, 10.353, 10.597], [9.233, 9.241, 8.694, 7.891, 8.119, 6.571, 4.929, 4.868, 4.97, 4.22, 4.314, 3.887, 0.0, 2.189, 2.323, 2.608, 2.871, 3.36, 3.748, 3.57, 2.691, 1.519, 1.684, 2.179, 4.373, 5.437, 4.19, 3.036, 2.611, 5.232, 6.784, 6.952, 7.352, 7.52, 7.659, 7.894, 8.269, 8.071, 7.602, 6.856, 6.948, 7.339, 7.668, 7.522, 7.547, 7.987, 9.235, 8.847, 7.613, 7.013, 7.713, 7.301, 6.838, 6.333, 6.785, 6.808, 6.421, 6.999, 6.979, 7.111, 7.94, 9.498, 10.387, 9.589, 9.915, 11.542, 12.806, 12.862, 12.044, 10.614, 9.242, 9.519, 10.295, 10.848, 11.396, 12.078, 12.304, 12.294, 11.772, 11.217, 10.543, 9.886, 9.546, 8.557, 7.035, 6.851], [11.245, 11.318, 10.709, 9.878, 10.199, 8.674, 7.064, 6.966, 6.957, 6.292, 6.343, 5.964, 2.189, 0.0, 1.26, 1.556, 1.714, 2.013, 2.24, 1.875, 1.497, 1.827, 2.172, 1.947, 2.593, 3.632, 2.578, 1.92, 1.406, 3.388, 4.947, 5.097, 5.493, 5.661, 5.799, 6.037, 6.411, 6.214, 5.745, 4.999, 5.102, 5.502, 5.778, 5.685, 5.688, 6.104, 7.326, 6.952, 5.773, 5.166, 5.873, 5.548, 5.071, 4.528, 4.928, 5.02, 4.666, 5.256, 5.116, 5.121, 6.017, 7.655, 8.516, 7.566, 7.999, 9.671, 10.931, 10.975, 10.151, 8.78, 7.513, 7.575, 8.429, 8.987, 9.607, 10.131, 10.365, 10.413, 9.805, 9.292, 8.691, 8.136, 7.832, 7.008, 5.723, 5.35], [11.394, 11.416, 10.901, 10.046, 10.259, 8.705, 7.103, 7.078, 7.247, 6.445, 6.548, 6.106, 2.323, 1.26, 0.0, 1.061, 1.23, 1.487, 1.652, 1.474, 1.42, 1.774, 2.252, 1.944, 2.604, 3.417, 2.514, 1.772, 1.267, 3.012, 4.542, 4.703, 5.093, 5.259, 5.393, 5.633, 6.008, 5.81, 5.341, 4.599, 4.738, 5.108, 5.472, 5.371, 5.354, 5.766, 7.027, 6.647, 5.414, 4.852, 5.509, 5.244, 4.907, 4.193, 4.527, 4.614, 4.382, 4.878, 5.017, 5.239, 5.991, 7.316, 8.16, 7.519, 7.809, 9.43, 10.63, 10.7, 10.067, 8.923, 7.78, 8.023, 8.786, 9.292, 9.925, 10.307, 10.478, 10.575, 10.144, 9.602, 9.075, 8.487, 8.161, 7.021, 5.8, 5.209], [11.571, 11.634, 11.147, 10.264, 10.452, 8.846, 7.41, 7.418, 7.564, 6.723, 6.85, 6.445, 2.608, 1.556, 1.061, 0.0, 0.873, 1.068, 1.447, 1.252, 1.102, 1.56, 1.8, 1.602, 2.698, 3.691, 2.612, 1.631, 1.257, 2.866, 4.515, 4.653, 4.906, 5.151, 5.209, 5.301, 5.712, 5.504, 5.039, 4.292, 4.529, 5.12, 5.501, 5.389, 5.364, 5.765, 7.045, 6.623, 5.382, 4.923, 5.495, 5.331, 4.947, 4.036, 4.295, 4.529, 4.548, 4.884, 5.144, 5.525, 6.182, 7.245, 7.985, 7.702, 7.979, 9.586, 10.722, 10.721, 10.31, 9.193, 8.062, 8.302, 9.062, 9.577, 10.191, 10.615, 10.759, 10.851, 10.435, 9.886, 9.37, 8.746, 8.38, 7.033, 5.832, 5.188], [11.759, 11.824, 11.336, 10.465, 10.58, 8.971, 7.571, 7.579, 7.725, 6.884, 7.011, 6.606, 2.871, 1.714, 1.23, 0.873, 0.0, 0.776, 1.166, 1.102, 1.11, 1.705, 1.769, 1.387, 2.445, 3.35, 2.295, 1.613, 1.063, 2.564, 4.182, 4.332, 4.616, 4.85, 4.929, 5.139, 5.524, 5.323, 4.846, 4.1, 4.251, 4.913, 5.299, 5.214, 5.195, 5.545, 6.865, 6.381, 5.111, 4.686, 5.21, 4.901, 4.593, 3.723, 4.055, 4.189, 4.107, 4.541, 4.839, 5.23, 5.918, 6.949, 7.748, 7.474, 7.724, 9.346, 10.484, 10.451, 10.037, 8.801, 7.696, 7.993, 8.754, 9.257, 9.878, 10.262, 10.452, 10.534, 10.071, 9.571, 8.996, 8.325, 8.003, 6.556, 5.348, 4.848], [12.266, 12.349, 11.867, 10.997, 11.127, 9.427, 8.125, 8.132, 8.279, 7.438, 7.565, 7.16, 3.36, 2.013, 1.487, 1.068, 0.776, 0.0, 0.963, 0.89, 1.294, 2.108, 2.212, 1.69, 2.347, 3.067, 2.296, 1.591, 1.225, 2.138, 3.769, 3.906, 4.177, 4.427, 4.479, 4.633, 5.015, 4.81, 4.311, 3.566, 3.828, 4.58, 4.964, 4.87, 4.852, 5.213, 6.523, 6.035, 4.733, 4.355, 4.796, 4.583, 4.23, 3.266, 3.668, 3.801, 3.813, 4.23, 4.532, 4.926, 5.608, 6.569, 7.382, 7.157, 7.413, 9.027, 10.163, 10.123, 9.73, 8.526, 7.405, 7.677, 8.445, 8.951, 9.571, 9.973, 10.14, 10.23, 9.78, 9.265, 8.707, 8.048, 7.725, 6.334, 5.544, 4.897], [12.762, 12.827, 12.321, 11.438, 11.583, 9.963, 8.551, 8.559, 8.705, 7.864, 7.991, 7.586, 3.748, 2.24, 1.652, 1.447, 1.166, 0.963, 0.0, 0.769, 1.594, 2.587, 2.692, 2.046, 2.127, 2.893, 2.142, 1.781, 1.623, 1.964, 3.486, 3.6, 3.861, 4.146, 4.129, 4.199, 4.622, 4.416, 3.912, 3.182, 3.45, 4.178, 4.578, 4.461, 4.433, 4.833, 6.11, 5.692, 4.43, 3.979, 4.536, 4.237, 3.914, 2.909, 3.275, 3.524, 3.482, 3.915, 4.279, 4.557, 5.254, 6.249, 7.021, 6.775, 7.035, 8.646, 9.785, 9.725, 9.366, 8.278, 7.087, 7.328, 8.066, 8.582, 9.206, 9.619, 9.773, 9.851, 9.455, 8.887, 8.377, 7.847, 7.504, 6.346, 5.509, 4.842], [12.585, 12.65, 12.144, 11.272, 11.406, 9.786, 8.374, 8.382, 8.528, 7.687, 7.814, 7.409, 3.57, 1.875, 1.474, 1.252, 1.102, 0.89, 0.769, 0.0, 1.15, 2.24, 2.466, 1.895, 2.037, 2.97, 1.85, 1.313, 1.251, 2.123, 3.777, 3.884, 4.119, 4.368, 4.351, 4.427, 4.849, 4.624, 4.102, 3.352, 3.742, 4.434, 4.792, 4.685, 4.647, 5.056, 6.336, 5.916, 4.669, 4.227, 4.786, 4.61, 4.233, 3.22, 3.503, 3.887, 3.873, 4.262, 4.666, 4.883, 5.549, 6.47, 7.244, 6.996, 7.316, 8.912, 10.017, 9.977, 9.685, 8.68, 7.502, 7.682, 8.429, 8.957, 9.595, 9.991, 10.126, 10.217, 9.859, 9.261, 8.762, 8.263, 7.914, 6.731, 5.984, 5.263], [11.723, 11.765, 11.263, 10.403, 10.565, 8.965, 7.495, 7.503, 7.65, 6.812, 6.935, 6.531, 2.691, 1.497, 1.42, 1.102, 1.11, 1.294, 1.594, 1.15, 0.0, 1.388, 1.637, 1.196, 2.355, 3.351, 2.01, 1.174, 0.902, 2.643, 4.37, 4.497, 4.778, 4.902, 4.987, 5.237, 5.6, 5.409, 4.943, 4.255, 4.43, 4.999, 5.333, 5.287, 5.203, 5.542, 6.885, 6.43, 5.218, 4.753, 5.384, 5.203, 4.83, 3.955, 4.21, 4.489, 4.417, 4.79, 5.125, 5.393, 6.064, 7.028, 7.793, 7.48, 7.817, 9.428, 10.49, 10.5, 10.193, 9.184, 8.004, 8.196, 8.953, 9.468, 10.088, 10.503, 10.65, 10.737, 10.357, 9.782, 9.261, 8.765, 8.382, 7.153, 6.144, 5.459], [10.478, 10.512, 10.053, 9.21, 9.336, 7.719, 6.216, 6.224, 6.378, 5.634, 5.7, 5.252, 1.519, 1.827, 1.774, 1.56, 1.705, 2.108, 2.587, 2.24, 1.388, 0.0, 0.937, 1.269, 3.341, 4.406, 2.988, 1.875, 1.527, 3.834, 5.46, 5.621, 5.958, 6.138, 6.247, 6.494, 6.867, 6.669, 6.2, 5.475, 5.569, 6.091, 6.428, 6.369, 6.352, 6.716, 8.024, 7.571, 6.339, 5.832, 6.43, 6.204, 5.868, 5.091, 5.421, 5.529, 5.375, 5.793, 6.018, 6.35, 7.062, 8.195, 9.036, 8.568, 8.888, 10.477, 11.619, 11.614, 11.175, 9.996, 8.871, 9.141, 9.907, 10.414, 11.033, 11.438, 11.603, 11.693, 11.246, 10.727, 10.176, 9.536, 9.187, 7.85, 6.467, 5.959], [10.235, 10.27, 9.804, 8.962, 9.088, 7.476, 5.995, 6.003, 6.15, 5.394, 5.462, 5.031, 1.684, 2.172, 2.252, 1.8, 1.769, 2.212, 2.692, 2.466, 1.637, 0.937, 0.0, 1.222, 3.64, 4.727, 3.326, 2.19, 1.799, 4.118, 5.676, 5.833, 6.181, 6.411, 6.498, 6.715, 7.089, 6.89, 6.421, 5.675, 5.781, 6.385, 6.769, 6.691, 6.674, 7.018, 8.335, 7.905, 6.644, 6.159, 6.722, 6.304, 5.995, 5.196, 5.631, 5.706, 5.557, 6.014, 6.232, 6.565, 7.259, 8.468, 9.266, 8.914, 9.173, 10.732, 11.929, 11.912, 11.41, 10.158, 8.947, 9.252, 10.016, 10.533, 11.111, 11.52, 11.742, 11.8, 11.324, 10.842, 10.25, 9.591, 9.252, 7.835, 6.49, 6.152], [11.12, 11.155, 10.684, 9.837, 9.988, 8.399, 6.916, 6.924, 7.07, 6.245, 6.356, 5.952, 2.179, 1.947, 1.944, 1.602, 1.387, 1.69, 2.046, 1.895, 1.196, 1.269, 1.222, 0.0, 2.495, 3.624, 2.347, 1.486, 1.043, 3.136, 4.691, 4.847, 5.24, 5.428, 5.547, 5.794, 6.171, 5.973, 5.505, 4.759, 4.868, 5.374, 5.709, 5.619, 5.622, 6.03, 7.318, 6.798, 5.56, 5.069, 5.637, 5.257, 4.972, 4.267, 4.703, 4.727, 4.461, 5.019, 5.125, 5.463, 6.148, 7.46, 8.327, 7.823, 8.066, 9.7, 10.868, 10.923, 10.315, 9.061, 7.904, 8.214, 8.971, 9.475, 10.1, 10.467, 10.666, 10.754, 10.285, 9.785, 9.207, 8.591, 8.197, 6.848, 5.821, 5.328], [13.295, 13.335, 12.866, 12.004, 12.188, 10.626, 9.21, 9.158, 9.264, 8.434, 8.55, 8.171, 4.373, 2.593, 2.604, 2.698, 2.445, 2.347, 2.127, 2.037, 2.355, 3.341, 3.64, 2.495, 0.0, 1.524, 1.226, 1.945, 2.15, 1.577, 2.758, 2.937, 3.259, 3.248, 3.444, 3.91, 4.342, 4.216, 3.926, 3.344, 3.561, 3.839, 3.93, 3.857, 3.814, 4.275, 5.17, 4.568, 3.606, 3.151, 3.664, 3.509, 3.189, 2.822, 2.691, 2.841, 2.911, 3.374, 3.5, 3.608, 4.079, 5.285, 6.169, 5.482, 5.853, 7.613, 8.729, 8.805, 8.238, 7.206, 6.051, 6.138, 6.843, 7.358, 8.033, 8.473, 8.576, 8.617, 8.329, 7.717, 7.244, 7.115, 6.757, 5.814, 5.687, 5.069], [14.617, 14.659, 14.11, 13.296, 13.512, 11.958, 10.337, 10.269, 10.392, 9.624, 9.717, 9.276, 5.437, 3.632, 3.417, 3.691, 3.35, 3.067, 2.893, 2.97, 3.351, 4.406, 4.727, 3.624, 1.524, 0.0, 1.724, 2.89, 3.136, 1.691, 2.453, 2.672, 2.792, 2.778, 3.055, 3.689, 4.156, 3.872, 3.769, 3.35, 3.55, 3.846, 3.88, 3.723, 3.599, 4.003, 4.344, 4.07, 3.27, 3.135, 3.274, 3.357, 3.316, 2.961, 2.445, 2.728, 2.944, 3.147, 3.492, 3.542, 3.898, 4.739, 5.128, 4.571, 5.047, 6.515, 7.498, 7.584, 7.477, 6.865, 5.743, 5.734, 6.271, 6.426, 7.058, 7.387, 7.519, 7.675, 7.708, 7.202, 6.744, 6.975, 6.554, 5.89, 5.945, 5.305], [13.337, 13.379, 12.873, 12.038, 12.234, 10.678, 9.077, 9.026, 9.153, 8.363, 8.456, 8.032, 4.19, 2.578, 2.514, 2.612, 2.295, 2.296, 2.142, 1.85, 2.01, 2.988, 3.326, 2.347, 1.226, 1.724, 0.0, 1.421, 1.853, 2.09, 3.397, 3.501, 3.555, 3.51, 3.705, 4.276, 4.485, 4.2, 3.925, 3.687, 4.143, 4.176, 4.268, 4.102, 4.099, 4.633, 5.153, 5.02, 4.049, 3.607, 4.07, 4.226, 3.949, 3.026, 2.913, 3.278, 3.724, 3.989, 4.374, 4.445, 4.908, 5.705, 6.314, 5.818, 6.23, 8.052, 8.907, 8.944, 8.824, 8.027, 6.863, 6.829, 7.452, 7.957, 8.63, 8.925, 9.049, 9.111, 9.016, 8.478, 7.833, 7.928, 7.624, 6.795, 6.345, 5.627], [12.196, 12.217, 11.725, 10.884, 11.061, 9.484, 7.847, 7.776, 7.944, 7.143, 7.245, 6.758, 3.036, 1.92, 1.772, 1.631, 1.613, 1.591, 1.781, 1.313, 1.174, 1.875, 2.19, 1.486, 1.945, 2.89, 1.421, 0.0, 1.085, 2.542, 4.15, 4.314, 4.558, 4.692, 4.781, 5.014, 5.407, 5.226, 4.803, 4.141, 4.469, 4.554, 4.878, 4.799, 4.751, 5.062, 6.307, 6.141, 4.944, 4.322, 5.098, 4.996, 4.625, 3.74, 3.918, 4.217, 4.181, 4.546, 4.853, 5.041, 5.666, 6.803, 7.53, 6.923, 7.334, 8.992, 10.081, 10.047, 9.639, 8.727, 7.554, 7.63, 8.379, 8.94, 9.612, 9.988, 10.117, 10.187, 9.902, 9.324, 8.78, 8.277, 8.059, 7.056, 6.507, 5.757], [11.693, 11.728, 11.229, 10.387, 10.535, 8.947, 7.417, 7.354, 7.506, 6.705, 6.807, 6.381, 2.611, 1.406, 1.267, 1.257, 1.063, 1.225, 1.623, 1.251, 0.902, 1.527, 1.799, 1.043, 2.15, 3.136, 1.853, 1.085, 0.0, 2.728, 4.309, 4.445, 4.819, 4.99, 5.117, 5.349, 5.724, 5.526, 5.064, 4.339, 4.479, 4.832, 5.129, 5.088, 5.095, 5.477, 6.759, 6.356, 5.132, 4.502, 5.217, 4.966, 4.68, 3.95, 4.244, 4.342, 4.07, 4.568, 4.803, 5.058, 5.803, 7.038, 7.89, 7.253, 7.518, 9.235, 10.352, 10.38, 9.822, 8.6, 7.503, 7.772, 8.534, 9.036, 9.66, 10.052, 10.231, 10.315, 9.862, 9.41, 8.781, 8.142, 7.9, 6.697, 5.742, 5.093], [14.177, 14.261, 13.773, 12.89, 13.039, 11.318, 10.036, 10.044, 10.186, 9.346, 9.468, 9.07, 5.232, 3.388, 3.012, 2.866, 2.564, 2.138, 1.964, 2.123, 2.643, 3.834, 4.118, 3.136, 1.577, 1.691, 2.09, 2.542, 2.728, 0.0, 1.88, 2.063, 2.304, 2.355, 2.452, 2.865, 3.443, 3.319, 3.077, 2.441, 2.565, 3.216, 3.2, 3.314, 3.103, 3.389, 4.506, 3.967, 2.84, 2.573, 2.901, 2.876, 2.662, 2.284, 1.834, 2.136, 2.188, 2.502, 2.897, 3.171, 3.718, 4.549, 5.413, 5.117, 5.476, 7.089, 8.13, 8.139, 7.876, 6.898, 5.715, 5.886, 6.619, 7.148, 7.806, 8.18, 8.317, 8.406, 8.073, 7.456, 7.019, 6.635, 6.114, 5.147, 5.16, 4.503], [15.73, 15.813, 15.325, 14.443, 14.591, 12.871, 11.588, 11.594, 11.73, 10.89, 11.012, 10.615, 6.784, 4.947, 4.542, 4.515, 4.182, 3.769, 3.486, 3.777, 4.37, 5.46, 5.676, 4.691, 2.758, 2.453, 3.397, 4.15, 4.309, 1.88, 0.0, 0.527, 0.844, 0.969, 1.239, 1.544, 2.373, 2.234, 2.012, 1.528, 1.547, 2.259, 2.448, 2.263, 2.156, 2.377, 3.046, 2.474, 1.538, 1.719, 1.534, 1.701, 1.545, 1.691, 1.346, 1.184, 1.415, 1.434, 1.991, 2.03, 2.188, 2.924, 3.867, 3.487, 3.761, 5.384, 6.518, 6.547, 6.193, 5.302, 4.179, 4.176, 4.899, 5.511, 6.131, 6.464, 6.598, 6.63, 6.353, 5.795, 5.42, 5.395, 4.908, 4.173, 4.486, 3.93], [15.897, 15.98, 15.493, 14.61, 14.759, 13.038, 11.756, 11.764, 11.9, 11.06, 11.182, 10.784, 6.952, 5.097, 4.703, 4.653, 4.332, 3.906, 3.6, 3.884, 4.497, 5.621, 5.833, 4.847, 2.937, 2.672, 3.501, 4.314, 4.445, 2.063, 0.527, 0.0, 0.641, 0.877, 1.153, 1.345, 2.092, 1.944, 1.738, 1.449, 1.431, 2.125, 2.275, 2.114, 1.971, 2.208, 2.89, 2.396, 1.374, 1.684, 1.397, 1.672, 1.52, 1.736, 1.401, 1.272, 1.545, 1.515, 2.064, 2.093, 2.154, 2.781, 3.748, 3.416, 3.646, 5.343, 6.428, 6.466, 6.13, 5.259, 4.106, 4.142, 4.8, 5.415, 6.042, 6.372, 6.457, 6.519, 6.329, 5.773, 5.241, 5.226, 4.809, 4.027, 4.525, 3.979], [16.297, 16.381, 15.893, 15.011, 15.159, 13.439, 12.156, 12.164, 12.31, 11.47, 11.593, 11.192, 7.352, 5.493, 5.093, 4.906, 4.616, 4.177, 3.861, 4.119, 4.778, 5.958, 6.181, 5.24, 3.259, 2.792, 3.555, 4.558, 4.819, 2.304, 0.844, 0.641, 0.0, 0.681, 1.0, 1.119, 1.749, 1.499, 1.377, 1.261, 1.331, 1.918, 2.047, 1.907, 1.754, 1.987, 2.532, 2.145, 1.383, 1.756, 1.203, 1.707, 1.599, 1.7, 1.324, 1.236, 1.652, 1.435, 2.043, 2.042, 2.118, 2.611, 3.347, 3.148, 3.401, 5.143, 6.145, 6.107, 6.032, 5.241, 4.06, 4.016, 4.674, 5.227, 5.85, 6.152, 6.281, 6.313, 6.234, 5.667, 5.104, 5.212, 4.78, 4.028, 4.52, 4.043], [16.465, 16.549, 16.061, 15.179, 15.327, 13.606, 12.324, 12.332, 12.479, 11.638, 11.765, 11.36, 7.52, 5.661, 5.259, 5.151, 4.85, 4.427, 4.146, 4.368, 4.902, 6.138, 6.411, 5.428, 3.248, 2.778, 3.51, 4.692, 4.99, 2.355, 0.969, 0.877, 0.681, 0.0, 0.771, 1.134, 1.648, 1.453, 1.346, 1.472, 1.444, 2.054, 2.011, 1.94, 1.69, 1.917, 2.305, 1.863, 1.295, 1.724, 1.203, 1.557, 1.557, 1.74, 1.155, 1.203, 1.582, 1.387, 2.019, 2.075, 2.058, 2.406, 3.148, 2.972, 3.29, 5.098, 5.94, 5.984, 5.957, 5.193, 4.003, 4.017, 4.625, 5.21, 5.852, 6.137, 6.23, 6.269, 6.187, 5.606, 5.076, 5.272, 4.825, 4.092, 4.54, 4.026], [16.604, 16.687, 16.2, 15.317, 15.466, 13.761, 12.463, 12.471, 12.607, 11.767, 11.89, 11.492, 7.659, 5.799, 5.393, 5.209, 4.929, 4.479, 4.129, 4.351, 4.987, 6.247, 6.498, 5.547, 3.444, 3.055, 3.705, 4.781, 5.117, 2.452, 1.239, 1.153, 1.0, 0.771, 0.0, 1.163, 1.546, 1.586, 1.517, 1.533, 1.508, 2.184, 2.146, 2.064, 1.752, 2.003, 2.434, 1.913, 1.503, 1.845, 1.429, 1.83, 1.706, 1.711, 1.305, 1.323, 1.771, 1.512, 2.141, 2.26, 2.201, 2.584, 3.225, 3.246, 3.558, 5.342, 6.202, 6.181, 6.214, 5.377, 4.246, 4.202, 4.84, 5.437, 6.091, 6.407, 6.521, 6.538, 6.415, 5.848, 5.318, 5.379, 4.937, 4.295, 4.696, 4.156], [16.851, 16.935, 16.447, 15.565, 15.713, 13.993, 12.704, 12.701, 12.837, 11.997, 12.119, 11.721, 7.894, 6.037, 5.633, 5.301, 5.139, 4.633, 4.199, 4.427, 5.237, 6.494, 6.715, 5.794, 3.91, 3.689, 4.276, 5.014, 5.349, 2.865, 1.544, 1.345, 1.119, 1.134, 1.163, 0.0, 1.122, 1.19, 1.167, 1.282, 1.155, 1.54, 1.551, 1.424, 1.278, 1.44, 2.223, 1.807, 1.32, 1.585, 1.274, 1.662, 1.532, 1.942, 1.673, 1.711, 1.946, 1.594, 1.988, 1.888, 1.812, 2.26, 3.029, 2.913, 3.248, 4.958, 5.895, 5.856, 5.79, 4.926, 3.76, 3.786, 4.49, 5.136, 5.734, 6.055, 6.18, 6.244, 6.02, 5.428, 4.93, 4.746, 4.39, 3.661, 4.191, 3.805], [17.232, 17.313, 16.822, 15.94, 16.088, 14.386, 13.078, 13.076, 13.212, 12.372, 12.494, 12.096, 8.269, 6.411, 6.008, 5.712, 5.524, 5.015, 4.622, 4.849, 5.6, 6.867, 7.089, 6.171, 4.342, 4.156, 4.485, 5.407, 5.724, 3.443, 2.373, 2.092, 1.749, 1.648, 1.546, 1.122, 0.0, 0.661, 0.923, 1.684, 1.502, 1.444, 1.356, 1.288, 1.232, 1.176, 1.822, 1.493, 1.57, 1.95, 1.665, 1.915, 1.852, 2.123, 2.036, 2.147, 2.418, 2.059, 2.299, 2.149, 1.893, 1.949, 2.553, 2.602, 2.919, 4.708, 5.569, 5.544, 5.529, 4.698, 3.582, 3.546, 4.222, 4.773, 5.447, 5.737, 5.865, 5.908, 5.781, 5.173, 4.578, 4.515, 4.224, 3.664, 4.159, 3.907], [17.034, 17.115, 16.624, 15.742, 15.89, 14.185, 12.88, 12.878, 13.014, 12.174, 12.296, 11.898, 8.071, 6.214, 5.81, 5.504, 5.323, 4.81, 4.416, 4.624, 5.409, 6.669, 6.89, 5.973, 4.216, 3.872, 4.2, 5.226, 5.526, 3.319, 2.234, 1.944, 1.499, 1.453, 1.586, 1.19, 0.661, 0.0, 0.636, 1.453, 1.364, 1.499, 1.514, 1.371, 1.267, 1.418, 1.983, 1.76, 1.596, 1.989, 1.608, 1.956, 1.911, 1.976, 1.889, 2.006, 2.331, 2.108, 2.38, 2.243, 2.173, 2.288, 2.83, 2.825, 3.168, 4.939, 5.746, 5.731, 5.85, 5.087, 3.897, 3.85, 4.485, 4.966, 5.624, 5.902, 6.011, 6.072, 6.06, 5.494, 4.848, 4.878, 4.624, 3.783, 4.192, 3.945], [16.565, 16.646, 16.155, 15.273, 15.421, 13.715, 12.412, 12.409, 12.545, 11.705, 11.827, 11.429, 7.602, 5.745, 5.341, 5.039, 4.846, 4.311, 3.912, 4.102, 4.943, 6.2, 6.421, 5.505, 3.926, 3.769, 3.925, 4.803, 5.064, 3.077, 2.012, 1.738, 1.377, 1.346, 1.517, 1.167, 0.923, 0.636, 0.0, 1.016, 1.142, 1.457, 1.614, 1.414, 1.315, 1.67, 2.484, 2.116, 1.761, 1.885, 1.611, 1.937, 1.77, 1.663, 1.68, 1.832, 2.127, 1.974, 2.28, 2.196, 2.342, 2.63, 3.324, 3.273, 3.584, 5.403, 6.247, 6.224, 6.253, 5.441, 4.249, 4.239, 4.901, 5.431, 6.107, 6.403, 6.534, 6.568, 6.474, 5.883, 5.26, 5.222, 4.979, 3.936, 4.026, 3.687], [15.819, 15.9, 15.409, 14.527, 14.675, 12.967, 11.666, 11.663, 11.799, 10.959, 11.081, 10.683, 6.856, 4.999, 4.599, 4.292, 4.1, 3.566, 3.182, 3.352, 4.255, 5.475, 5.675, 4.759, 3.344, 3.35, 3.687, 4.141, 4.339, 2.441, 1.528, 1.449, 1.261, 1.472, 1.533, 1.282, 1.684, 1.453, 1.016, 0.0, 0.938, 1.654, 2.04, 1.789, 1.685, 2.144, 3.258, 2.827, 1.96, 1.776, 1.797, 1.913, 1.577, 1.472, 1.529, 1.687, 1.797, 1.836, 2.218, 2.294, 2.647, 3.324, 4.132, 3.957, 4.269, 5.94, 6.967, 6.905, 6.765, 5.856, 4.679, 4.744, 5.49, 6.01, 6.682, 7.028, 7.177, 7.245, 6.98, 6.362, 5.848, 5.557, 5.315, 4.166, 3.963, 3.449], [15.911, 15.992, 15.501, 14.619, 14.767, 13.058, 11.757, 11.755, 11.891, 11.051, 11.173, 10.775, 6.948, 5.102, 4.738, 4.529, 4.251, 3.828, 3.45, 3.742, 4.43, 5.569, 5.781, 4.868, 3.561, 3.55, 4.143, 4.469, 4.479, 2.565, 1.547, 1.431, 1.331, 1.444, 1.508, 1.155, 1.502, 1.364, 1.142, 0.938, 0.0, 1.312, 1.663, 1.473, 1.329, 1.677, 2.924, 2.417, 1.532, 1.498, 1.432, 1.393, 1.201, 1.506, 1.537, 1.454, 1.518, 1.464, 1.776, 1.75, 2.069, 2.899, 3.761, 3.504, 3.811, 5.385, 6.546, 6.521, 6.197, 5.252, 4.099, 4.178, 4.919, 5.448, 6.113, 6.481, 6.624, 6.706, 6.388, 5.788, 5.275, 4.918, 4.667, 3.517, 3.392, 2.969], [16.459, 16.493, 15.968, 15.119, 15.328, 13.762, 12.198, 12.118, 12.214, 11.417, 11.514, 11.106, 7.339, 5.502, 5.108, 5.12, 4.913, 4.58, 4.178, 4.434, 4.999, 6.091, 6.385, 5.374, 3.839, 3.846, 4.176, 4.554, 4.832, 3.216, 2.259, 2.125, 1.918, 2.054, 2.184, 1.54, 1.444, 1.499, 1.457, 1.654, 1.312, 0.0, 0.8, 0.709, 0.794, 0.941, 2.035, 1.801, 1.595, 1.259, 1.569, 1.65, 1.457, 2.063, 2.081, 1.911, 1.885, 1.748, 1.647, 1.491, 1.662, 2.468, 3.192, 2.645, 2.963, 4.676, 5.727, 5.681, 5.309, 4.463, 3.28, 3.328, 4.055, 4.578, 5.237, 5.664, 5.796, 5.865, 5.589, 5.025, 4.391, 4.078, 3.898, 3.025, 3.176, 2.867], [16.781, 16.819, 16.293, 15.442, 15.637, 14.066, 12.512, 12.424, 12.531, 11.735, 11.836, 11.402, 7.668, 5.778, 5.472, 5.501, 5.299, 4.964, 4.578, 4.792, 5.333, 6.428, 6.769, 5.709, 3.93, 3.88, 4.268, 4.878, 5.129, 3.2, 2.448, 2.275, 2.047, 2.011, 2.146, 1.551, 1.356, 1.514, 1.614, 2.04, 1.663, 0.8, 0.0, 0.738, 0.873, 0.866, 1.751, 1.571, 1.589, 1.375, 1.621, 1.683, 1.655, 2.427, 2.177, 2.099, 1.929, 1.815, 1.654, 1.462, 1.55, 2.202, 2.9, 2.353, 2.695, 4.49, 5.458, 5.379, 5.089, 4.266, 3.094, 3.158, 3.834, 4.359, 5.044, 5.438, 5.553, 5.629, 5.405, 4.825, 4.209, 3.884, 3.601, 2.986, 3.337, 3.062], [16.662, 16.699, 16.142, 15.305, 15.553, 14.001, 12.418, 12.32, 12.36, 11.57, 11.631, 11.275, 7.522, 5.685, 5.371, 5.389, 5.214, 4.87, 4.461, 4.685, 5.287, 6.369, 6.691, 5.619, 3.857, 3.723, 4.102, 4.799, 5.088, 3.314, 2.263, 2.114, 1.907, 1.94, 2.064, 1.424, 1.288, 1.371, 1.414, 1.789, 1.473, 0.709, 0.738, 0.0, 0.549, 1.026, 1.913, 1.747, 1.513, 1.267, 1.503, 1.666, 1.537, 2.167, 2.022, 1.914, 1.939, 1.762, 1.673, 1.507, 1.614, 2.4, 3.146, 2.511, 2.896, 4.671, 5.7, 5.563, 5.223, 4.433, 3.248, 3.263, 3.92, 4.416, 5.164, 5.553, 5.696, 5.76, 5.526, 4.97, 4.306, 4.119, 3.923, 3.251, 3.472, 3.134], [16.677, 16.709, 16.167, 15.32, 15.563, 14.01, 12.438, 12.342, 12.383, 11.585, 11.664, 11.304, 7.547, 5.688, 5.354, 5.364, 5.195, 4.852, 4.433, 4.647, 5.203, 6.352, 6.674, 5.622, 3.814, 3.599, 4.099, 4.751, 5.095, 3.103, 2.156, 1.971, 1.754, 1.69, 1.752, 1.278, 1.232, 1.267, 1.315, 1.685, 1.329, 0.794, 0.873, 0.549, 0.0, 0.921, 1.913, 1.737, 1.429, 1.324, 1.532, 1.703, 1.631, 2.19, 1.915, 1.843, 1.837, 1.605, 1.635, 1.502, 1.677, 2.477, 3.173, 2.614, 3.009, 4.781, 5.761, 5.67, 5.362, 4.582, 3.393, 3.398, 4.081, 4.593, 5.31, 5.727, 5.853, 5.917, 5.689, 5.126, 4.464, 4.215, 4.036, 3.252, 3.66, 3.277], [17.133, 17.17, 16.645, 15.794, 15.989, 14.415, 12.814, 12.745, 12.877, 12.081, 12.183, 11.718, 7.987, 6.104, 5.766, 5.765, 5.545, 5.213, 4.833, 5.056, 5.542, 6.716, 7.018, 6.03, 4.275, 4.003, 4.633, 5.062, 5.477, 3.389, 2.377, 2.208, 1.987, 1.917, 2.003, 1.44, 1.176, 1.418, 1.67, 2.144, 1.677, 0.941, 0.866, 1.026, 0.921, 0.0, 1.424, 1.316, 1.413, 1.656, 1.704, 1.819, 1.893, 2.551, 2.31, 2.167, 2.153, 1.684, 1.772, 1.565, 1.446, 1.867, 2.553, 2.063, 2.475, 4.117, 5.145, 5.071, 4.827, 3.978, 2.849, 2.878, 3.607, 4.138, 4.831, 5.214, 5.328, 5.385, 5.109, 4.535, 3.974, 3.615, 3.444, 3.035, 3.742, 3.492], [18.405, 18.428, 17.877, 17.05, 17.274, 15.701, 14.053, 13.972, 14.15, 13.369, 13.461, 12.968, 9.235, 7.326, 7.027, 7.045, 6.865, 6.523, 6.11, 6.336, 6.885, 8.024, 8.335, 7.318, 5.17, 4.344, 5.153, 6.307, 6.759, 4.506, 3.046, 2.89, 2.532, 2.305, 2.434, 2.223, 1.822, 1.983, 2.484, 3.258, 2.924, 2.035, 1.751, 1.913, 1.913, 1.424, 0.0, 1.106, 2.037, 2.498, 2.124, 2.53, 2.848, 3.473, 2.909, 2.812, 3.125, 2.517, 2.61, 2.424, 1.723, 1.262, 1.536, 1.226, 1.523, 3.2, 4.049, 4.024, 3.937, 3.308, 2.71, 2.491, 2.727, 3.25, 3.872, 4.144, 4.212, 4.207, 4.215, 3.686, 3.336, 3.558, 3.358, 3.651, 4.639, 4.421], [17.803, 17.863, 17.366, 16.487, 16.646, 15.06, 13.667, 13.633, 13.752, 12.945, 13.042, 12.637, 8.847, 6.952, 6.647, 6.623, 6.381, 6.035, 5.692, 5.916, 6.43, 7.571, 7.905, 6.798, 4.568, 4.07, 5.02, 6.141, 6.356, 3.967, 2.474, 2.396, 2.145, 1.863, 1.913, 1.807, 1.493, 1.76, 2.116, 2.827, 2.417, 1.801, 1.571, 1.747, 1.737, 1.316, 1.106, 0.0, 1.546, 2.124, 1.617, 1.918, 2.263, 3.061, 2.567, 2.366, 2.556, 2.057, 2.146, 2.058, 1.387, 1.162, 1.828, 1.659, 1.89, 3.625, 4.506, 4.564, 4.359, 3.596, 2.687, 2.653, 3.142, 3.731, 4.411, 4.729, 4.839, 4.811, 4.587, 4.004, 3.844, 4.03, 3.484, 3.278, 4.215, 4.01], [16.573, 16.65, 16.159, 15.284, 15.438, 13.782, 12.44, 12.413, 12.549, 11.711, 11.831, 11.433, 7.613, 5.773, 5.414, 5.382, 5.111, 4.733, 4.43, 4.669, 5.218, 6.339, 6.644, 5.56, 3.606, 3.27, 4.049, 4.944, 5.132, 2.84, 1.538, 1.374, 1.383, 1.295, 1.503, 1.32, 1.57, 1.596, 1.761, 1.96, 1.532, 1.595, 1.589, 1.513, 1.429, 1.413, 2.037, 1.546, 0.0, 1.064, 0.878, 1.115, 1.217, 1.908, 1.65, 1.419, 1.729, 1.529, 1.869, 1.81, 1.785, 2.078, 2.914, 2.516, 2.822, 4.473, 5.473, 5.539, 5.298, 4.459, 3.302, 3.305, 3.993, 4.508, 5.11, 5.492, 5.619, 5.72, 5.452, 4.903, 4.312, 4.29, 4.008, 3.387, 3.932, 3.398], [16.098, 16.138, 15.611, 14.758, 14.959, 13.408, 11.89, 11.785, 11.9, 11.099, 11.198, 10.804, 7.013, 5.166, 4.852, 4.923, 4.686, 4.355, 3.979, 4.227, 4.753, 5.832, 6.159, 5.069, 3.151, 3.135, 3.607, 4.322, 4.502, 2.573, 1.719, 1.684, 1.756, 1.724, 1.845, 1.585, 1.95, 1.989, 1.885, 1.776, 1.498, 1.259, 1.375, 1.267, 1.324, 1.656, 2.498, 2.124, 1.064, 0.0, 1.046, 1.121, 1.07, 1.828, 1.642, 1.489, 1.455, 1.59, 1.677, 1.631, 1.849, 2.754, 3.526, 2.923, 3.234, 4.988, 5.983, 5.975, 5.587, 4.69, 3.539, 3.615, 4.354, 4.841, 5.496, 5.874, 6.021, 6.094, 5.797, 5.237, 4.684, 4.443, 4.169, 3.351, 3.415, 2.854], [16.643, 16.719, 16.235, 15.347, 15.506, 13.83, 12.535, 12.505, 12.605, 11.78, 11.898, 11.509, 7.713, 5.873, 5.509, 5.495, 5.21, 4.796, 4.536, 4.786, 5.384, 6.43, 6.722, 5.637, 3.664, 3.274, 4.07, 5.098, 5.217, 2.901, 1.534, 1.397, 1.203, 1.203, 1.429, 1.274, 1.665, 1.608, 1.611, 1.797, 1.432, 1.569, 1.621, 1.503, 1.532, 1.704, 2.124, 1.617, 0.878, 1.046, 0.0, 0.89, 1.091, 1.832, 1.538, 1.233, 1.594, 1.344, 1.585, 1.532, 1.561, 2.069, 2.953, 2.524, 2.768, 4.502, 5.467, 5.503, 5.223, 4.412, 3.288, 3.299, 3.893, 4.369, 5.042, 5.338, 5.497, 5.587, 5.402, 4.842, 4.219, 4.354, 3.988, 3.172, 3.555, 3.169], [16.24, 16.3, 15.801, 14.924, 15.078, 13.447, 12.056, 12.051, 12.184, 11.382, 11.479, 11.073, 7.301, 5.548, 5.244, 5.331, 4.901, 4.583, 4.237, 4.61, 5.203, 6.204, 6.304, 5.257, 3.509, 3.357, 4.226, 4.996, 4.966, 2.876, 1.701, 1.672, 1.707, 1.557, 1.83, 1.662, 1.915, 1.956, 1.937, 1.913, 1.393, 1.65, 1.683, 1.666, 1.703, 1.819, 2.53, 1.918, 1.115, 1.121, 0.89, 0.0, 0.768, 1.806, 1.652, 1.325, 1.279, 1.258, 1.415, 1.421, 1.544, 2.372, 3.3, 2.879, 3.07, 4.672, 5.855, 5.862, 5.303, 4.301, 3.136, 3.352, 3.993, 4.464, 5.109, 5.443, 5.646, 5.71, 5.365, 4.805, 4.282, 4.212, 3.868, 2.982, 3.173, 2.826], [15.805, 15.882, 15.391, 14.516, 14.669, 13.007, 11.646, 11.637, 11.78, 10.942, 11.063, 10.655, 6.838, 5.071, 4.907, 4.947, 4.593, 4.23, 3.914, 4.233, 4.83, 5.868, 5.995, 4.972, 3.189, 3.316, 3.949, 4.625, 4.68, 2.662, 1.545, 1.52, 1.599, 1.557, 1.706, 1.532, 1.852, 1.911, 1.77, 1.577, 1.201, 1.457, 1.655, 1.537, 1.631, 1.893, 2.848, 2.263, 1.217, 1.07, 1.091, 0.768, 0.0, 1.382, 1.485, 1.215, 1.21, 1.313, 1.442, 1.297, 1.724, 2.709, 3.706, 3.278, 3.479, 5.105, 6.301, 6.302, 5.761, 4.702, 3.504, 3.613, 4.326, 4.835, 5.506, 5.889, 6.074, 6.125, 5.799, 5.195, 4.647, 4.467, 4.183, 3.214, 3.194, 2.816], [15.3, 15.377, 14.887, 14.004, 14.165, 12.485, 11.143, 11.14, 11.276, 10.436, 10.558, 10.16, 6.333, 4.528, 4.193, 4.036, 3.723, 3.266, 2.909, 3.22, 3.955, 5.091, 5.196, 4.267, 2.822, 2.961, 3.026, 3.74, 3.95, 2.284, 1.691, 1.736, 1.7, 1.74, 1.711, 1.942, 2.123, 1.976, 1.663, 1.472, 1.506, 2.063, 2.427, 2.167, 2.19, 2.551, 3.473, 3.061, 1.908, 1.828, 1.832, 1.806, 1.382, 0.0, 1.045, 1.2, 1.644, 1.782, 2.191, 2.347, 2.749, 3.516, 4.344, 4.066, 4.336, 6.021, 7.088, 7.089, 6.822, 6.006, 4.811, 4.769, 5.447, 5.972, 6.644, 6.946, 7.086, 7.178, 7.015, 6.443, 5.807, 5.737, 5.501, 4.387, 3.962, 3.305], [15.791, 15.852, 15.344, 14.465, 14.617, 13.0, 11.595, 11.592, 11.733, 10.922, 11.031, 10.613, 6.785, 4.928, 4.527, 4.295, 4.055, 3.668, 3.275, 3.503, 4.21, 5.421, 5.631, 4.703, 2.691, 2.445, 2.913, 3.918, 4.244, 1.834, 1.346, 1.401, 1.324, 1.155, 1.305, 1.673, 2.036, 1.889, 1.68, 1.529, 1.537, 2.081, 2.177, 2.022, 1.915, 2.31, 2.909, 2.567, 1.65, 1.642, 1.538, 1.652, 1.485, 1.045, 0.0, 0.85, 1.382, 1.409, 1.992, 2.155, 2.509, 3.088, 3.78, 3.618, 3.898, 5.676, 6.593, 6.601, 6.505, 5.724, 4.551, 4.58, 5.194, 5.7, 6.378, 6.678, 6.801, 6.877, 6.744, 6.142, 5.555, 5.678, 5.304, 4.39, 4.425, 3.768], [15.757, 15.835, 15.344, 14.462, 14.622, 12.959, 11.621, 11.598, 11.734, 10.894, 11.016, 10.618, 6.808, 5.02, 4.614, 4.529, 4.189, 3.801, 3.524, 3.887, 4.489, 5.529, 5.706, 4.727, 2.841, 2.728, 3.278, 4.217, 4.342, 2.136, 1.184, 1.272, 1.236, 1.203, 1.323, 1.711, 2.147, 2.006, 1.832, 1.687, 1.454, 1.911, 2.099, 1.914, 1.843, 2.167, 2.812, 2.366, 1.419, 1.489, 1.233, 1.325, 1.215, 1.2, 0.85, 0.0, 0.964, 1.052, 1.51, 1.719, 2.125, 2.896, 3.743, 3.385, 3.647, 5.337, 6.404, 6.417, 6.088, 5.226, 4.01, 4.051, 4.727, 5.199, 5.87, 6.22, 6.375, 6.461, 6.206, 5.662, 5.072, 5.191, 4.79, 3.952, 3.941, 3.406], [15.401, 15.461, 14.954, 14.075, 14.226, 12.626, 11.196, 11.16, 11.313, 10.477, 10.601, 10.169, 6.421, 4.666, 4.382, 4.548, 4.107, 3.813, 3.482, 3.873, 4.417, 5.375, 5.557, 4.461, 2.911, 2.944, 3.724, 4.181, 4.07, 2.188, 1.415, 1.545, 1.652, 1.582, 1.771, 1.946, 2.418, 2.331, 2.127, 1.797, 1.518, 1.885, 1.929, 1.939, 1.837, 2.153, 3.125, 2.556, 1.729, 1.455, 1.594, 1.279, 1.21, 1.644, 1.382, 0.964, 0.0, 0.96, 1.176, 1.357, 1.97, 3.187, 4.109, 3.538, 3.755, 5.433, 6.625, 6.66, 6.03, 4.878, 3.7, 3.993, 4.714, 5.206, 5.842, 6.189, 6.407, 6.46, 6.044, 5.526, 5.027, 4.66, 4.189, 3.366, 3.333, 2.898], [16.068, 16.128, 15.62, 14.742, 14.906, 13.309, 11.826, 11.799, 11.95, 11.118, 11.241, 10.824, 6.999, 5.256, 4.878, 4.884, 4.541, 4.23, 3.915, 4.262, 4.79, 5.793, 6.014, 5.019, 3.374, 3.147, 3.989, 4.546, 4.568, 2.502, 1.434, 1.515, 1.435, 1.387, 1.512, 1.594, 2.059, 2.108, 1.974, 1.836, 1.464, 1.748, 1.815, 1.762, 1.605, 1.684, 2.517, 2.057, 1.529, 1.59, 1.344, 1.258, 1.313, 1.782, 1.409, 1.052, 0.96, 0.0, 1.008, 1.248, 1.565, 2.585, 3.461, 2.989, 3.217, 4.844, 6.008, 6.012, 5.539, 4.453, 3.317, 3.57, 4.317, 4.843, 5.457, 5.876, 5.991, 6.066, 5.655, 5.125, 4.699, 4.438, 3.972, 3.282, 3.535, 2.981], [15.918, 15.987, 15.442, 14.546, 14.869, 13.331, 11.85, 11.797, 11.776, 11.022, 11.1, 10.779, 6.979, 5.116, 5.017, 5.144, 4.839, 4.532, 4.279, 4.666, 5.125, 6.018, 6.232, 5.125, 3.5, 3.492, 4.374, 4.853, 4.803, 2.897, 1.991, 2.064, 2.043, 2.019, 2.141, 1.988, 2.299, 2.38, 2.28, 2.218, 1.776, 1.647, 1.654, 1.673, 1.635, 1.772, 2.61, 2.146, 1.869, 1.677, 1.585, 1.415, 1.442, 2.191, 1.992, 1.51, 1.176, 1.008, 0.0, 0.696, 1.22, 2.73, 3.6, 2.787, 3.138, 4.877, 6.089, 6.169, 5.35, 4.111, 2.966, 3.205, 3.976, 4.483, 5.179, 5.583, 5.689, 5.801, 5.304, 4.761, 4.3, 3.916, 3.393, 2.62, 2.876, 2.549], [16.164, 16.232, 15.624, 14.801, 15.108, 13.568, 11.98, 11.92, 11.935, 11.22, 11.279, 10.899, 7.111, 5.121, 5.239, 5.525, 5.23, 4.926, 4.557, 4.883, 5.393, 6.35, 6.565, 5.463, 3.608, 3.542, 4.445, 5.041, 5.058, 3.171, 2.03, 2.093, 2.042, 2.075, 2.26, 1.888, 2.149, 2.243, 2.196, 2.294, 1.75, 1.491, 1.462, 1.507, 1.502, 1.565, 2.424, 2.058, 1.81, 1.631, 1.532, 1.421, 1.297, 2.347, 2.155, 1.719, 1.357, 1.248, 0.696, 0.0, 1.076, 2.631, 3.501, 2.546, 2.985, 4.674, 5.904, 5.973, 5.146, 3.891, 2.779, 2.856, 3.635, 4.143, 4.818, 5.263, 5.414, 5.475, 5.025, 4.44, 3.943, 3.608, 3.231, 2.618, 2.904, 2.802], [16.963, 17.006, 16.438, 15.598, 15.875, 14.349, 12.805, 12.741, 12.807, 12.053, 12.154, 11.738, 7.94, 6.017, 5.991, 6.182, 5.918, 5.608, 5.254, 5.549, 6.064, 7.062, 7.259, 6.148, 4.079, 3.898, 4.908, 5.666, 5.803, 3.718, 2.188, 2.154, 2.118, 2.058, 2.201, 1.812, 1.893, 2.173, 2.342, 2.647, 2.069, 1.662, 1.55, 1.614, 1.677, 1.446, 1.723, 1.387, 1.785, 1.849, 1.561, 1.544, 1.724, 2.749, 2.509, 2.125, 1.97, 1.565, 1.22, 1.076, 0.0, 1.71, 2.577, 1.782, 2.096, 3.815, 5.028, 5.108, 4.357, 3.336, 2.233, 2.232, 2.972, 3.604, 4.251, 4.644, 4.714, 4.735, 4.447, 3.843, 3.438, 3.396, 2.93, 2.497, 3.374, 3.255], [18.477, 18.552, 18.052, 17.18, 17.345, 15.681, 14.318, 14.3, 14.436, 13.609, 13.728, 13.318, 9.498, 7.655, 7.316, 7.245, 6.949, 6.569, 6.249, 6.47, 7.028, 8.195, 8.468, 7.46, 5.285, 4.739, 5.705, 6.803, 7.038, 4.549, 2.924, 2.781, 2.611, 2.406, 2.584, 2.26, 1.949, 2.288, 2.63, 3.324, 2.899, 2.468, 2.202, 2.4, 2.477, 1.867, 1.262, 1.162, 2.078, 2.754, 2.069, 2.372, 2.709, 3.516, 3.088, 2.896, 3.187, 2.585, 2.73, 2.631, 1.71, 0.0, 1.075, 1.198, 1.283, 2.858, 3.727, 3.762, 3.668, 2.891, 2.439, 2.243, 2.497, 3.235, 3.877, 4.123, 4.21, 4.106, 3.932, 3.389, 3.305, 3.564, 3.153, 3.369, 4.623, 4.406], [19.423, 19.462, 18.941, 18.083, 18.275, 16.679, 15.209, 15.201, 15.327, 14.534, 14.633, 14.219, 10.387, 8.516, 8.16, 7.985, 7.748, 7.382, 7.021, 7.244, 7.793, 9.036, 9.266, 8.327, 6.169, 5.128, 6.314, 7.53, 7.89, 5.413, 3.867, 3.748, 3.347, 3.148, 3.225, 3.029, 2.553, 2.83, 3.324, 4.132, 3.761, 3.192, 2.9, 3.146, 3.173, 2.553, 1.536, 1.828, 2.914, 3.526, 2.953, 3.3, 3.706, 4.344, 3.78, 3.743, 4.109, 3.461, 3.6, 3.501, 2.577, 1.075, 0.0, 1.266, 1.324, 2.265, 3.049, 3.039, 3.343, 2.878, 2.919, 2.561, 2.601, 2.906, 3.505, 3.695, 3.759, 3.663, 3.74, 3.278, 3.3, 3.68, 3.621, 4.036, 5.366, 5.131], [18.675, 18.741, 18.153, 17.31, 17.622, 16.084, 14.481, 14.342, 14.371, 13.655, 13.714, 13.297, 9.589, 7.566, 7.519, 7.702, 7.474, 7.157, 6.775, 6.996, 7.48, 8.568, 8.914, 7.823, 5.482, 4.571, 5.818, 6.923, 7.253, 5.117, 3.487, 3.416, 3.148, 2.972, 3.246, 2.913, 2.602, 2.825, 3.273, 3.957, 3.504, 2.645, 2.353, 2.511, 2.614, 2.063, 1.226, 1.659, 2.516, 2.923, 2.524, 2.879, 3.278, 4.066, 3.618, 3.385, 3.538, 2.989, 2.787, 2.546, 1.782, 1.198, 1.266, 0.0, 0.959, 2.566, 3.564, 3.577, 3.195, 2.54, 2.232, 1.84, 2.112, 2.694, 3.312, 3.559, 3.601, 3.585, 3.491, 3.018, 2.783, 3.113, 2.946, 3.483, 4.678, 4.42], [18.967, 19.027, 18.493, 17.626, 17.879, 16.341, 14.802, 14.688, 14.747, 13.975, 14.057, 13.677, 9.915, 7.999, 7.809, 7.979, 7.724, 7.413, 7.035, 7.316, 7.817, 8.888, 9.173, 8.066, 5.853, 5.047, 6.23, 7.334, 7.518, 5.476, 3.761, 3.646, 3.401, 3.29, 3.558, 3.248, 2.919, 3.168, 3.584, 4.269, 3.811, 2.963, 2.695, 2.896, 3.009, 2.475, 1.523, 1.89, 2.822, 3.234, 2.768, 3.07, 3.479, 4.336, 3.898, 3.647, 3.755, 3.217, 3.138, 2.985, 2.096, 1.283, 1.324, 0.959, 0.0, 2.11, 3.078, 3.164, 2.729, 2.257, 2.161, 1.87, 1.862, 2.565, 3.0, 3.188, 3.236, 3.161, 2.974, 2.551, 2.534, 2.913, 2.82, 3.294, 4.577, 4.323], [20.703, 20.729, 20.169, 19.345, 19.576, 18.004, 16.352, 16.322, 16.483, 15.722, 15.808, 15.343, 11.542, 9.671, 9.43, 9.586, 9.346, 9.027, 8.646, 8.912, 