[[0.0, 0.823, 0.862, 0.708, 0.789, 2.267, 1.204, 1.216, 1.704, 1.897, 1.794, 2.198, 3.482, 3.383, 3.868, 4.042, 3.48, 4.118, 4.163, 4.397, 4.944, 5.009, 5.062, 5.105, 5.766, 7.173, 8.983, 11.918, 13.354, 13.426, 13.28, 10.937, 9.334, 9.314, 9.597, 10.329, 8.494, 5.237, 3.959, 4.537, 4.073, 3.4, 3.919, 4.258, 4.007, 3.953, 3.94, 3.821, 3.872, 3.561, 3.54, 3.205, 2.805, 2.977, 2.765, 2.049, 1.889, 1.783, 2.111, 2.106, 1.754, 1.475, 1.689, 1.76, 2.18, 1.149, 3.571, 4.797, 4.891, 4.958, 6.029, 7.031, 7.719, 8.904, 9.993, 10.569, 9.768, 9.317, 9.293, 9.016, 8.319, 7.46, 7.47, 7.241, 6.381, 6.171], [0.823, 0.0, 0.486, 0.672, 1.157, 2.708, 1.667, 1.645, 1.87, 1.984, 1.77, 2.546, 3.824, 3.756, 4.232, 4.386, 3.831, 4.468, 4.525, 4.755, 5.302, 5.367, 5.421, 5.455, 6.085, 7.507, 9.313, 12.255, 13.69, 13.764, 13.61, 11.258, 9.66, 9.64, 9.923, 10.655, 8.82, 5.563, 4.285, 4.855, 4.398, 3.718, 4.237, 4.576, 4.325, 4.271, 4.258, 4.14, 4.189, 3.808, 3.893, 3.581, 3.107, 3.281, 3.119, 2.502, 2.321, 2.079, 2.513, 2.3, 1.893, 1.544, 1.734, 1.785, 2.1, 1.376, 3.956, 5.136, 5.282, 5.287, 6.356, 7.401, 8.029, 9.222, 10.312, 10.887, 10.087, 9.635, 9.611, 9.334, 8.637, 7.785, 7.795, 7.566, 6.699, 6.49], [0.862, 0.486, 0.0, 0.55, 1.098, 2.513, 1.545, 1.731, 2.039, 2.23, 1.946, 2.371, 3.562, 3.521, 3.931, 4.088, 3.55, 4.142, 4.239, 4.446, 4.97, 5.044, 5.101, 5.137, 5.791, 7.157, 8.967, 11.904, 13.34, 13.413, 13.265, 10.924, 9.343, 9.318, 9.602, 10.362, 8.498, 5.267, 4.011, 4.573, 4.098, 3.431, 3.903, 4.274, 4.019, 3.937, 3.965, 3.818, 3.885, 3.546, 3.612, 3.322, 2.871, 2.954, 2.879, 2.317, 2.28, 2.135, 2.438, 2.392, 1.986, 1.713, 1.841, 1.965, 2.33, 1.287, 3.73, 4.838, 5.018, 4.988, 6.124, 7.113, 7.739, 8.888, 9.977, 10.553, 9.752, 9.34, 9.316, 9.032, 8.335, 7.496, 7.506, 7.277, 6.371, 6.155], [0.708, 0.672, 0.55, 0.0, 1.005, 2.325, 1.373, 1.582, 1.917, 2.154, 1.974, 2.285, 3.55, 3.384, 3.841, 3.991, 3.433, 4.012, 4.086, 4.292, 4.855, 4.931, 4.967, 5.015, 5.712, 7.107, 8.921, 11.859, 13.292, 13.364, 13.219, 10.875, 9.272, 9.232, 9.526, 10.291, 8.422, 5.222, 3.924, 4.531, 4.014, 3.373, 3.868, 4.252, 3.986, 3.891, 3.932, 3.759, 3.817, 3.483, 3.508, 3.2, 2.785, 2.911, 2.766, 2.211, 2.228, 2.093, 2.354, 2.398, 2.025, 1.771, 1.9, 2.019, 2.335, 1.216, 3.579, 4.762, 4.91, 4.921, 5.991, 6.995, 7.653, 8.842, 9.932, 10.507, 9.707, 9.311, 9.286, 9.009, 8.312, 7.453, 7.435, 7.206, 6.348, 6.11], [0.789, 1.157, 1.098, 1.005, 0.0, 1.67, 0.858, 1.327, 2.08, 2.393, 2.013, 1.899, 3.076, 2.985, 3.429, 3.671, 3.246, 3.843, 3.963, 4.057, 4.552, 4.619, 4.626, 4.684, 5.299, 6.606, 8.421, 11.349, 12.79, 12.868, 12.708, 10.381, 8.78, 8.756, 9.038, 9.799, 7.935, 4.705, 3.433, 4.026, 3.5, 2.798, 3.314, 3.686, 3.42, 3.348, 3.367, 3.229, 3.341, 3.083, 2.988, 2.622, 2.25, 2.368, 2.211, 1.537, 1.459, 1.348, 1.631, 1.715, 1.496, 1.428, 1.559, 1.759, 2.38, 0.913, 3.022, 4.275, 4.311, 4.364, 5.473, 6.461, 7.128, 8.319, 9.388, 9.964, 9.168, 8.777, 8.754, 8.444, 7.747, 6.933, 6.944, 6.714, 5.796, 5.566], [2.267, 2.708, 2.513, 2.325, 1.67, 0.0, 1.348, 2.444, 3.003, 3.388, 2.784, 1.745, 2.258, 2.047, 2.388, 2.743, 2.514, 2.968, 3.125, 3.255, 3.532, 3.653, 3.63, 3.615, 4.284, 5.172, 6.914, 9.929, 11.314, 11.361, 11.263, 8.958, 7.483, 7.366, 7.647, 8.411, 6.543, 3.317, 2.182, 2.653, 1.97, 1.774, 1.952, 2.353, 2.073, 1.96, 1.97, 2.042, 2.228, 2.187, 1.896, 1.686, 1.288, 1.345, 1.21, 1.136, 1.418, 1.374, 1.184, 1.656, 2.081, 2.426, 2.214, 2.851, 3.714, 1.607, 1.76, 2.934, 2.76, 2.787, 3.912, 4.909, 5.605, 6.754, 7.823, 8.457, 7.749, 7.398, 7.366, 7.007, 6.345, 5.545, 5.556, 5.33, 4.433, 4.126], [1.204, 1.667, 1.545, 1.373, 0.858, 1.348, 0.0, 1.342, 1.919, 2.234, 1.855, 1.51, 2.674, 2.539, 2.983, 3.224, 2.803, 3.368, 3.492, 3.638, 4.08, 4.182, 4.166, 4.236, 4.863, 6.189, 7.957, 10.893, 12.334, 12.4, 12.275, 9.956, 8.393, 8.35, 8.647, 9.412, 7.544, 4.318, 3.067, 3.678, 3.11, 2.46, 2.899, 3.303, 3.034, 2.931, 2.967, 2.934, 3.019, 2.835, 2.648, 2.337, 1.873, 1.995, 1.782, 1.223, 1.226, 1.073, 1.249, 1.391, 1.358, 1.485, 1.561, 1.926, 2.594, 1.016, 2.753, 3.87, 3.894, 3.945, 5.098, 6.033, 6.723, 7.92, 8.967, 9.543, 8.764, 8.39, 8.366, 8.04, 7.346, 6.546, 6.554, 6.327, 5.409, 5.148], [1.216, 1.645, 1.731, 1.582, 1.327, 2.444, 1.342, 0.0, 0.947, 1.296, 1.205, 2.495, 3.782, 3.675, 4.106, 4.312, 3.771, 4.301, 4.373, 4.686, 5.177, 5.257, 5.254, 5.274, 6.003, 7.363, 9.179, 12.136, 13.555, 13.623, 13.518, 11.199, 9.66, 9.603, 9.915, 10.679, 8.811, 5.585, 4.313, 4.875, 4.287, 3.637, 4.146, 4.529, 4.263, 4.157, 4.21, 4.022, 4.098, 3.802, 3.757, 3.411, 2.985, 3.16, 2.979, 2.285, 2.017, 1.77, 2.106, 1.712, 1.223, 1.205, 1.576, 1.405, 1.671, 1.479, 3.742, 5.027, 5.081, 5.155, 6.189, 7.22, 7.907, 9.101, 10.19, 10.777, 10.011, 9.657, 9.634, 9.287, 8.613, 7.813, 7.824, 7.594, 6.676, 6.392], [1.704, 1.87, 2.039, 1.917, 2.08, 3.003, 1.919, 0.947, 0.0, 0.655, 1.192, 2.818, 4.134, 4.024, 4.48, 4.602, 4.022, 4.599, 4.658, 4.96, 5.528, 5.601, 5.634, 5.644, 6.382, 7.85, 9.667, 12.626, 14.038, 14.11, 13.964, 11.624, 10.088, 10.03, 10.342, 11.107, 9.239, 6.013, 4.741, 5.302, 4.777, 4.127, 4.636, 5.019, 4.753, 4.647, 4.7, 4.505, 4.55, 4.152, 4.253, 3.889, 3.47, 3.643, 3.463, 2.745, 2.361, 2.139, 2.615, 1.999, 1.45, 1.452, 1.754, 1.672, 1.639, 1.946, 4.313, 5.516, 5.581, 5.642, 6.681, 7.707, 8.394, 9.588, 10.677, 11.253, 10.459, 10.085, 10.061, 9.777, 9.079, 8.241, 8.251, 8.022, 7.116, 6.857], [1.897, 1.984, 2.23, 2.154, 2.393, 3.388, 2.234, 1.296, 0.655, 0.0, 1.304, 3.062, 4.441, 4.281, 4.757, 4.812, 4.213, 4.861, 4.923, 5.227, 5.82, 5.893, 5.935, 5.944, 6.673, 8.23, 10.046, 12.982, 14.418, 14.489, 14.344, 12.0, 10.38, 10.359, 10.643, 11.39, 9.54, 6.321, 5.068, 5.623, 5.137, 4.463, 4.983, 5.341, 5.075, 5.017, 5.022, 4.885, 4.93, 4.5, 4.596, 4.268, 3.85, 4.025, 3.921, 3.124, 2.705, 2.491, 2.972, 2.374, 1.638, 1.564, 1.912, 1.684, 1.565, 2.264, 4.736, 5.892, 5.949, 6.022, 7.056, 8.087, 8.774, 9.968, 11.057, 11.632, 10.832, 10.4, 10.375, 10.099, 9.401, 8.543, 8.534, 8.305, 7.445, 7.235], [1.794, 1.77, 1.946, 1.974, 2.013, 2.784, 1.855, 1.205, 1.192, 1.304, 0.0, 2.101, 3.34, 3.36, 3.78, 3.796, 3.222, 3.944, 4.039, 4.27, 4.824, 4.946, 4.98, 4.994, 5.704, 7.324, 9.074, 12.026, 13.385, 13.493, 13.319, 10.922, 9.337, 9.316, 9.6, 10.331, 8.496, 5.244, 4.309, 4.698, 4.279, 3.548, 4.022, 4.397, 4.183, 4.109, 4.059, 3.987, 4.042, 3.748, 3.786, 3.523, 3.089, 3.297, 3.381, 2.656, 2.283, 1.982, 2.36, 1.759, 1.4, 1.52, 1.899, 1.798, 2.124, 1.881, 3.981, 5.219, 5.279, 5.179, 6.266, 7.199, 7.863, 9.08, 10.112, 10.636, 9.773, 9.286, 9.331, 9.016, 8.341, 7.483, 7.463, 7.278, 6.506, 6.247], [2.198, 2.546, 2.371, 2.285, 1.899, 1.745, 1.51, 2.495, 2.818, 3.062, 2.101, 0.0, 1.532, 1.573, 2.023, 2.191, 1.84, 2.488, 2.634, 2.677, 3.178, 3.287, 3.235, 3.267, 3.912, 5.389, 7.11, 10.06, 11.482, 11.553, 11.408, 9.064, 7.427, 7.422, 7.68, 8.394, 6.581, 3.643, 2.758, 3.073, 2.566, 1.843, 2.181, 2.537, 2.299, 2.243, 2.274, 2.414, 2.588, 2.62, 2.502, 2.205, 1.864, 1.789, 2.03, 1.56, 1.589, 1.539, 1.078, 1.635, 2.304, 2.648, 2.557, 3.037, 3.67, 1.964, 2.942, 3.796, 3.564, 3.389, 4.674, 5.532, 6.094, 7.192, 8.216, 8.737, 7.896, 7.416, 7.391, 7.115, 6.417, 5.559, 5.528, 5.342, 4.722, 4.432], [3.482, 3.824, 3.562, 3.55, 3.076, 2.258, 2.674, 3.782, 4.134, 4.441, 3.34, 1.532, 0.0, 1.234, 1.417, 1.456, 1.541, 2.002, 2.09, 2.103, 2.322, 2.507, 2.447, 2.444, 3.195, 4.433, 6.039, 8.87, 10.149, 10.253, 10.079, 7.747, 6.158, 6.12, 6.403, 7.134, 5.311, 2.724, 2.413, 2.281, 1.969, 1.761, 1.861, 2.228, 2.242, 2.127, 2.188, 2.721, 2.949, 3.028, 2.928, 2.759, 2.257, 2.111, 2.078, 2.151, 2.544, 2.674, 2.162, 2.727, 3.58, 3.919, 3.769, 4.291, 4.963, 3.017, 2.7, 3.076, 2.796, 2.692, 3.916, 4.664, 5.192, 6.215, 7.277, 7.718, 6.669, 6.176, 6.126, 5.891, 5.205, 4.375, 4.427, 4.428, 3.657, 3.501], [3.383, 3.756, 3.521, 3.384, 2.985, 2.047, 2.539, 3.675, 4.024, 4.281, 3.36, 1.573, 1.234, 0.0, 0.848, 1.31, 1.435, 1.472, 1.618, 1.664, 2.121, 2.219, 2.074, 2.07, 2.799, 4.138, 5.834, 8.765, 10.178, 10.25, 10.104, 7.76, 6.15, 6.129, 6.413, 7.145, 5.31, 2.46, 2.385, 2.052, 1.965, 2.056, 2.075, 2.295, 2.395, 2.239, 2.403, 2.748, 3.149, 3.248, 3.075, 2.839, 2.382, 2.241, 2.114, 2.155, 2.538, 2.63, 2.121, 2.63, 3.48, 3.845, 3.707, 4.208, 4.828, 2.909, 2.489, 2.589, 2.328, 2.231, 3.399, 4.281, 4.874, 5.946, 6.979, 7.457, 6.592, 6.141, 6.116, 5.872, 5.142, 4.283, 4.302, 4.099, 3.328, 3.12], [3.868, 4.232, 3.931, 3.841, 3.429, 2.388, 2.983, 4.106, 4.48, 4.757, 3.78, 2.023, 1.417, 0.848, 0.0, 1.091, 1.392, 1.257, 1.467, 1.46, 1.91, 1.914, 1.899, 1.899, 2.416, 3.704, 5.415, 8.362, 9.734, 9.829, 9.66, 7.339, 5.754, 5.733, 6.017, 6.754, 4.956, 2.227, 2.645, 2.019, 1.878, 1.971, 2.041, 2.105, 2.206, 2.181, 2.295, 2.684, 2.935, 3.055, 2.909, 2.925, 2.58, 2.483, 2.31, 2.52, 2.954, 3.058, 2.532, 3.101, 3.954, 4.304, 4.141, 4.665, 5.286, 3.326, 2.55, 2.462, 2.131, 2.015, 3.043, 3.765, 4.387, 5.51, 6.52, 6.989, 6.148, 5.732, 5.73, 5.413, 4.719, 4.001, 3.919, 3.907, 3.213, 2.745], [4.042, 4.386, 4.088, 3.991, 3.671, 2.743, 3.224, 4.312, 4.602, 4.812, 3.796, 2.191, 1.456, 1.31, 1.091, 0.0, 0.973, 1.071, 1.268, 1.023, 1.345, 1.57, 1.609, 1.581, 2.252, 3.786, 5.502, 8.431, 9.759, 9.86, 9.691, 7.367, 5.782, 5.761, 6.045, 6.776, 5.074, 2.732, 2.838, 2.374, 2.358, 2.212, 2.173, 2.128, 2.275, 2.266, 2.445, 2.915, 3.112, 3.304, 3.183, 3.285, 3.0, 2.753, 2.731, 2.851, 3.297, 3.38, 2.855, 3.401, 4.24, 4.577, 4.531, 4.953, 5.503, 3.703, 2.84, 3.099, 2.775, 2.557, 3.598, 4.182, 4.563, 5.571, 6.646, 7.058, 6.207, 5.768, 5.772, 5.407, 4.835, 4.278, 4.312, 4.242, 3.703, 3.245], [3.48, 3.831, 3.55, 3.433, 3.246, 2.514, 2.803, 3.771, 4.022, 4.213, 3.222, 1.84, 1.541, 1.435, 1.392, 0.973, 0.0, 1.24, 1.359, 1.405, 1.815, 1.916, 1.973, 1.981, 2.694, 4.357, 6.083, 9.036, 10.42, 10.503, 10.383, 8.064, 6.479, 6.458, 6.742, 7.473, 5.764, 3.325, 2.927, 2.827, 2.337, 2.061, 2.052, 2.158, 2.194, 2.195, 2.371, 2.863, 3.066, 3.217, 3.112, 3.194, 2.852, 2.65, 2.577, 2.656, 2.991, 3.014, 2.495, 2.952, 3.763, 4.166, 4.156, 4.505, 5.028, 3.391, 3.18, 3.603, 3.212, 3.041, 4.003, 4.597, 5.06, 6.153, 7.171, 7.657, 6.872, 6.398, 6.381, 6.029, 5.372, 4.916, 4.791, 4.808, 4.245, 3.69], [4.118, 4.468, 4.142, 4.012, 3.843, 2.968, 3.368, 4.301, 4.599, 4.861, 3.944, 2.488, 2.002, 1.472, 1.257, 1.071, 1.24, 0.0, 0.6, 0.974, 1.374, 1.329, 1.381, 1.327, 2.063, 3.563, 5.319, 8.422, 9.736, 9.823, 9.758, 7.471, 5.943, 5.889, 6.199, 6.959, 5.377, 2.9, 3.3, 2.77, 2.492, 2.627, 2.681, 2.628, 2.673, 2.737, 2.919, 3.255, 3.38, 3.563, 3.454, 3.592, 3.199, 2.945, 2.955, 3.166, 3.574, 3.585, 3.023, 3.449, 4.259, 4.7, 4.578, 4.923, 5.416, 3.96, 3.289, 3.191, 2.838, 2.604, 3.578, 4.061, 4.408, 5.375, 6.514, 7.016, 6.297, 5.943, 5.909, 5.573, 5.054, 4.628, 4.658, 4.572, 3.943, 3.399], [4.163, 4.525, 4.239, 4.086, 3.963, 3.125, 3.492, 4.373, 4.658, 4.923, 4.039, 2.634, 2.09, 1.618, 1.467, 1.268, 1.359, 0.6, 0.0, 0.883, 1.308, 1.29, 1.348, 1.308, 1.951, 3.552, 5.222, 8.212, 9.618, 9.66, 9.581, 7.284, 5.76, 5.702, 6.01, 6.779, 5.285, 2.982, 3.401, 2.802, 2.606, 2.805, 2.783, 2.716, 2.812, 2.828, 3.069, 3.439, 3.55, 3.721, 3.624, 3.767, 3.377, 3.121, 3.129, 3.364, 3.737, 3.752, 3.187, 3.576, 4.356, 4.798, 4.763, 5.098, 5.568, 4.108, 3.26, 3.22, 2.826, 2.622, 3.632, 4.153, 4.362, 5.322, 6.427, 6.972, 6.11, 5.757, 5.738, 5.486, 4.959, 4.483, 4.587, 4.453, 3.792, 3.367], [4.397, 4.755, 4.446, 4.292, 4.057, 3.255, 3.638, 4.686, 4.96, 5.227, 4.27, 2.677, 2.103, 1.664, 1.46, 1.023, 1.405, 0.974, 0.883, 0.0, 0.941, 1.122, 1.325, 1.327, 1.675, 3.298, 4.939, 7.906, 9.287, 9.358, 9.213, 6.873, 5.327, 5.269, 5.581, 6.346, 4.781, 2.655, 3.168, 2.512, 2.666, 2.771, 2.678, 2.538, 2.725, 2.67, 2.923, 3.264, 3.436, 3.725, 3.57, 3.693, 3.481, 3.246, 3.262, 3.411, 3.797, 3.845, 3.293, 3.782, 4.61, 4.99, 4.994, 5.349, 5.922, 4.246, 2.984, 2.964, 2.506, 2.355, 3.368, 3.846, 4.147, 5.072, 6.193, 6.593, 5.701, 5.324, 5.3, 5.058, 4.528, 4.051, 4.145, 3.974, 3.396, 2.968], [4.944, 5.302, 4.97, 4.855, 4.552, 3.532, 4.08, 5.177, 5.528, 5.82, 4.824, 3.178, 2.322, 2.121, 1.91, 1.345, 1.815, 1.374, 1.308, 0.941, 0.0, 0.874, 1.167, 1.089, 1.541, 2.986, 4.565, 7.542, 8.753, 8.863, 8.763, 6.487, 4.913, 4.852, 5.15, 5.915, 4.486, 2.945, 3.536, 2.881, 2.858, 3.04, 2.885, 2.824, 3.034, 2.914, 3.183, 3.408, 3.608, 3.902, 3.735, 3.897, 3.676, 3.432, 3.467, 3.7, 4.134, 4.201, 3.668, 4.193, 5.041, 5.436, 5.314, 5.677, 6.252, 4.666, 3.269, 3.243, 2.663, 2.503, 3.195, 3.594, 3.926, 4.737, 5.995, 6.304, 5.39, 5.022, 5.01, 4.71, 4.254, 3.791, 3.889, 3.793, 3.279, 2.899], [5.009, 5.367, 5.044, 4.931, 4.619, 3.653, 4.182, 5.257, 5.601, 5.893, 4.946, 3.287, 2.507, 2.219, 1.914, 1.57, 1.916, 1.329, 1.29, 1.122, 0.874, 0.0, 0.597, 0.716, 1.416, 2.995, 4.625, 7.324, 8.614, 8.701, 8.636, 6.536, 4.913, 4.767, 5.079, 5.896, 4.693, 3.165, 3.761, 3.121, 3.005, 3.187, 3.044, 2.97, 3.147, 3.082, 3.371, 3.636, 3.779, 4.052, 3.921, 4.097, 3.848, 3.591, 3.635, 3.862, 4.305, 4.352, 3.757, 4.248, 5.101, 5.521, 5.382, 5.741, 6.306, 4.797, 3.732, 3.58, 2.968, 2.877, 3.418, 3.741, 4.001, 4.727, 6.065, 6.368, 5.278, 4.936, 4.949, 4.762, 4.461, 4.053, 4.25, 4.013, 3.468, 3.17], [5.062, 5.421, 5.101, 4.967, 4.626, 3.63, 4.166, 5.254, 5.634, 5.935, 4.98, 3.235, 2.447, 2.074, 1.899, 1.609, 1.973, 1.381, 1.348, 1.325, 1.167, 0.597, 0.0, 0.538, 1.289, 2.921, 4.531, 7.231, 8.541, 8.606, 8.54, 6.392, 4.8, 4.671, 4.983, 5.757, 4.555, 3.264, 3.775, 3.227, 3.0, 3.18, 3.032, 3.008, 3.153, 3.099, 3.416, 3.701, 3.881, 4.123, 3.989, 4.119, 3.842, 3.61, 3.637, 3.84, 4.269, 4.327, 3.758, 4.258, 5.099, 5.508, 5.358, 5.745, 6.333, 4.73, 3.85, 3.627, 3.134, 3.035, 3.325, 3.674, 3.878, 4.592, 5.95, 6.25, 5.182, 4.82, 4.822, 4.647, 4.372, 3.958, 4.116, 3.875, 3.33, 3.044], [5.105, 5.455, 5.137, 5.015, 4.684, 3.615, 4.236, 5.274, 5.644, 5.944, 4.994, 3.267, 2.444, 2.07, 1.899, 1.581, 1.981, 1.327, 1.308, 1.327, 1.089, 0.716, 0.538, 0.0, 1.278, 2.874, 4.433, 7.288, 8.569, 8.656, 8.614, 6.413, 4.877, 4.721, 5.035, 5.85, 4.582, 3.235, 3.68, 3.135, 2.915, 3.127, 2.976, 2.961, 3.022, 2.978, 3.277, 3.554, 3.734, 3.984, 3.849, 4.01, 3.741, 3.467, 3.543, 3.851, 4.333, 4.403, 3.799, 4.309, 5.161, 5.563, 5.384, 5.782, 6.326, 4.735, 3.69, 3.573, 3.048, 2.92, 3.269, 3.571, 3.799, 4.604, 5.888, 6.257, 5.251, 4.886, 4.865, 4.715, 4.359, 3.947, 4.147, 3.91, 3.327, 3.033], [5.766, 6.085, 5.791, 5.712, 5.299, 4.284, 4.863, 6.003, 6.382, 6.673, 5.704, 3.912, 3.195, 2.799, 2.416, 2.252, 2.694, 2.063, 1.951, 1.675, 1.541, 1.416, 1.289, 1.278, 0.0, 1.933, 3.522, 6.456, 7.797, 7.862, 7.754, 5.456, 3.959, 3.874, 4.186, 4.965, 4.183, 3.323, 4.283, 3.604, 3.572, 3.78, 3.638, 3.538, 3.627, 3.619, 3.928, 4.255, 4.434, 4.709, 4.569, 4.688, 4.45, 4.204, 4.222, 4.459, 4.892, 4.952, 4.393, 4.919, 5.79, 6.138, 6.049, 6.492, 7.144, 5.393, 4.093, 3.586, 3.278, 3.243, 3.153, 2.881, 2.941, 3.675, 4.869, 5.235, 4.284, 3.941, 3.94, 3.754, 3.797, 3.812, 3.77, 3.4, 2.978, 2.702], [7.173, 7.507, 7.157, 7.107, 6.606, 5.172, 6.189, 7.363, 7.85, 8.23, 7.324, 5.389, 4.433, 4.138, 3.704, 3.786, 4.357, 3.563, 3.552, 3.298, 2.986, 2.995, 2.921, 2.874, 1.933, 0.0, 2.007, 4.992, 6.341, 6.432, 6.35, 4.064, 2.539, 2.486, 2.812, 3.721, 3.286, 3.761, 4.747, 3.993, 4.023, 4.302, 4.283, 4.169, 4.256, 4.276, 4.401, 4.526, 4.67, 5.02, 4.887, 5.182, 5.034, 4.694, 4.851, 5.514, 6.086, 6.185, 5.549, 6.112, 6.942, 7.388, 7.101, 7.67, 8.479, 6.506, 4.228, 3.428, 3.448, 3.344, 2.519, 1.623, 1.527, 1.935, 3.203, 3.717, 2.897, 2.546, 2.54, 2.623, 2.812, 3.022, 2.711, 2.397, 2.284, 2.292], [8.983, 9.313, 8.967, 8.921, 8.421, 6.914, 7.957, 9.179, 9.667, 10.046, 9.074, 7.11, 6.039, 5.834, 5.415, 5.502, 6.083, 5.319, 5.222, 4.939, 4.565, 4.625, 4.531, 4.433, 3.522, 2.007, 0.0, 3.138, 4.472, 4.539, 4.458, 2.262, 1.334, 1.49, 1.665, 2.449, 2.947, 4.55, 5.665, 5.073, 5.374, 5.755, 5.48, 5.417, 5.627, 5.565, 5.661, 5.773, 5.93, 6.29, 6.148, 6.339, 6.455, 6.191, 6.386, 7.105, 7.662, 7.799, 7.189, 7.765, 8.642, 9.132, 8.846, 9.454, 10.253, 8.308, 5.536, 4.436, 4.413, 4.238, 3.354, 2.183, 1.448, 1.107, 1.641, 2.177, 1.453, 1.554, 1.48, 1.966, 2.166, 2.804, 2.651, 2.32, 3.123, 3.115], [11.918, 12.255, 11.904, 11.859, 11.349, 9.929, 10.893, 12.136, 12.626, 12.982, 12.026, 10.06, 8.87, 8.765, 8.362, 8.431, 9.036, 8.422, 8.212, 7.906, 7.542, 7.324, 7.231, 7.288, 6.456, 4.992, 3.138, 0.0, 1.62, 1.67, 1.715, 2.116, 3.151, 3.328, 3.452, 3.722, 4.976, 7.243, 8.462, 7.762, 8.262, 8.727, 8.303, 8.156, 8.418, 8.377, 8.46, 8.719, 8.822, 9.172, 9.037, 9.185, 9.44, 9.253, 9.38, 10.131, 10.665, 10.794, 10.182, 10.758, 11.603, 12.113, 11.883, 12.53, 13.327, 11.26, 8.441, 7.293, 7.245, 7.184, 6.168, 5.123, 4.37, 3.329, 2.558, 2.632, 2.812, 3.187, 3.255, 3.805, 4.363, 5.109, 5.295, 5.146, 5.919, 6.027], [13.354, 13.69, 13.34, 13.292, 12.79, 11.314, 12.334, 13.555, 14.038, 14.418, 13.385, 11.482, 10.149, 10.178, 9.734, 9.759, 10.42, 9.736, 9.618, 9.287, 8.753, 8.614, 8.541, 8.569, 7.797, 6.341, 4.472, 1.62, 0.0, 0.904, 1.43, 3.238, 4.458, 4.457, 4.575, 4.903, 6.162, 8.598, 9.884, 9.16, 9.698, 10.217, 9.755, 9.584, 9.862, 9.808, 9.872, 10.036, 10.133, 10.485, 10.356, 10.457, 10.746, 10.602, 10.701, 11.444, 11.987, 12.13, 11.622, 12.174, 13.037, 13.489, 13.25, 13.873, 14.659, 12.679, 9.91, 8.747, 8.661, 8.542, 7.526, 6.45, 5.769, 4.646, 3.885, 3.665, 4.08, 4.424, 4.523, 5.078, 5.679, 6.387, 6.554, 6.48, 7.277, 7.37], [13.426, 13.764, 13.413, 13.364, 12.868, 11.361, 12.4, 13.623, 14.11, 14.489, 13.493, 11.553, 10.253, 10.25, 9.829, 9.86, 10.503, 9.823, 9.66, 9.358, 8.863, 8.701, 8.606, 8.656, 7.862, 6.432, 4.539, 1.67, 0.904, 0.0, 0.956, 3.13, 4.454, 4.534, 4.603, 4.785, 6.028, 8.649, 9.929, 9.189, 9.704, 10.242, 9.778, 9.549, 9.85, 9.798, 9.858, 10.103, 10.185, 10.556, 10.418, 10.517, 10.838, 10.688, 10.806, 11.522, 12.09, 12.223, 11.662, 12.221, 13.083, 13.564, 13.314, 13.955, 14.751, 12.751, 9.956, 8.793, 8.709, 8.598, 7.6, 6.534, 5.809, 4.716, 3.794, 3.484, 4.033, 4.44, 4.536, 4.911, 5.571, 6.357, 6.577, 6.572, 7.37, 7.467], [13.28, 13.61, 13.265, 13.219, 12.708, 11.263, 12.275, 13.518, 13.964, 14.344, 13.319, 11.408, 10.079, 10.104, 9.66, 9.691, 10.383, 9.758, 9.581, 9.213, 8.763, 8.636, 8.54, 8.614, 7.754, 6.35, 4.458, 1.715, 1.43, 0.956, 0.0, 2.69, 4.221, 4.45, 4.381, 4.208, 5.53, 8.435, 9.746, 8.996, 9.589, 10.126, 9.662, 9.359, 9.648, 9.64, 9.689, 9.954, 10.004, 10.383, 10.253, 10.401, 10.727, 10.583, 10.696, 11.39, 11.929, 12.076, 11.556, 12.126, 12.998, 13.424, 13.237, 13.889, 14.673, 12.63, 9.86, 8.697, 8.604, 8.507, 7.512, 6.464, 5.705, 4.612, 3.535, 3.032, 3.695, 4.209, 4.296, 4.635, 5.216, 6.07, 6.324, 6.36, 7.158, 7.271], [10.937, 11.258, 10.924, 10.875, 10.381, 8.958, 9.956, 11.199, 11.624, 12.0, 10.922, 9.064, 7.747, 7.76, 7.339, 7.367, 8.064, 7.471, 7.284, 6.873, 6.487, 6.536, 6.392, 6.413, 5.456, 4.064, 2.262, 2.116, 3.238, 3.13, 2.69, 0.0, 1.918, 2.429, 2.403, 2.041, 3.223, 6.021, 7.373, 6.661, 7.211, 7.754, 7.311, 7.153, 7.454, 7.414, 7.459, 7.753, 7.859, 8.224, 8.088, 8.183, 8.462, 8.276, 8.42, 9.103, 9.595, 9.759, 9.223, 9.803, 10.68, 11.124, 10.95, 11.602, 12.381, 10.308, 7.536, 6.376, 6.306, 6.213, 5.231, 4.202, 3.404, 2.408, 1.802, 1.477, 1.575, 1.986, 2.069, 2.501, 3.029, 3.881, 3.98, 3.983, 4.724, 4.931], [9.334, 9.66, 9.343, 9.272, 8.78, 7.483, 8.393, 9.66, 10.088, 10.38, 9.337, 7.427, 6.158, 6.15, 5.754, 5.782, 6.479, 5.943, 5.76, 5.327, 4.913, 4.913, 4.8, 4.877, 3.959, 2.539, 1.334, 3.151, 4.458, 4.454, 4.221, 1.918, 0.0, 1.009, 1.051, 1.874, 2.302, 4.534, 5.786, 5.09, 5.677, 6.16, 5.77, 5.581, 5.872, 5.878, 5.897, 6.248, 6.343, 6.707, 6.571, 6.668, 6.976, 6.762, 6.87, 7.578, 8.071, 8.239, 7.679, 8.315, 9.18, 9.633, 9.455, 10.072, 10.847, 8.754, 5.996, 4.851, 4.828, 4.765, 3.78, 2.714, 2.268, 1.607, 2.024, 2.443, 1.282, 0.979, 1.054, 1.677, 1.888, 2.367, 2.329, 2.401, 3.188, 3.429], [9.314, 9.64, 9.318, 9.232, 8.756, 7.366, 8.35, 9.603, 10.03, 10.359, 9.316, 7.422, 6.12, 6.129, 5.733, 5.761, 6.458, 5.889, 5.702, 5.269, 4.852, 4.767, 4.671, 4.721, 3.874, 2.486, 1.49, 3.328, 4.457, 4.534, 4.45, 2.429, 1.009, 0.0, 1.109, 2.092, 2.728, 4.698, 5.915, 5.251, 5.728, 6.122, 5.766, 5.662, 5.827, 5.808, 5.944, 6.176, 6.34, 6.708, 6.544, 6.732, 6.843, 6.689, 6.813, 7.508, 7.995, 8.164, 7.59, 8.219, 9.092, 9.541, 9.368, 10.02, 10.795, 8.702, 5.951, 4.864, 4.824, 4.758, 3.845, 2.684, 2.316, 1.709, 2.555, 2.871, 1.505, 1.31, 1.365, 2.146, 2.395, 2.724, 2.542, 2.437, 3.063, 3.312], [9.597, 9.923, 9.602, 9.526, 9.038, 7.647, 8.647, 9.915, 10.342, 10.643, 9.6, 7.68, 6.403, 6.413, 6.017, 6.045, 6.742, 6.199, 6.01, 5.581, 5.15, 5.079, 4.983, 5.035, 4.186, 2.812, 1.665, 3.452, 4.575, 4.603, 4.381, 2.403, 1.051, 1.109, 0.0, 1.516, 2.277, 4.532, 5.812, 5.179, 5.787, 6.372, 5.829, 5.531, 5.812, 5.847, 5.875, 6.218, 6.295, 6.665, 6.526, 6.665, 7.072, 6.97, 7.115, 7.813, 8.303, 8.469, 7.878, 8.497, 9.377, 9.823, 9.659, 10.328, 11.103, 9.007, 6.213, 5.042, 4.941, 4.917, 3.961, 2.951, 2.405, 1.76, 2.368, 2.688, 1.36, 1.125, 1.285, 1.717, 2.084, 2.408, 2.376, 2.525, 3.251, 3.527], [10.329, 10.655, 10.362, 10.291, 9.799, 8.411, 9.412, 10.679, 11.107, 11.39, 10.331, 8.394, 7.134, 7.145, 6.754, 6.776, 7.473, 6.959, 6.779, 6.346, 5.915, 5.896, 5.757, 5.85, 4.965, 3.721, 2.449, 3.722, 4.903, 4.785, 4.208, 2.041, 1.874, 2.092, 1.516, 0.0, 1.998, 5.094, 6.439, 5.837, 6.526, 7.133, 6.579, 6.189, 6.443, 6.557, 6.547, 6.852, 6.903, 7.286, 7.167, 7.407, 7.837, 7.732, 7.87, 8.573, 9.063, 9.229, 8.638, 9.257, 10.137, 10.583, 10.419, 11.088, 11.863, 9.767, 6.97, 5.785, 5.704, 5.682, 4.714, 3.672, 3.04, 2.614, 2.522, 2.275, 1.284, 1.581, 1.621, 1.651, 2.157, 2.913, 2.949, 3.131, 4.003, 4.288], [8.494, 8.82, 8.498, 8.422, 7.935, 6.543, 7.544, 8.811, 9.239, 9.54, 8.496, 6.581, 5.311, 5.31, 4.956, 5.074, 5.764, 5.377, 5.285, 4.781, 4.486, 4.693, 4.555, 4.582, 4.183, 3.286, 2.947, 4.976, 6.162, 6.028, 5.53, 3.223, 2.302, 2.728, 2.277, 1.998, 0.0, 3.257, 4.626, 4.002, 4.658, 5.338, 4.741, 4.485, 4.893, 4.824, 4.726, 4.989, 5.097, 5.453, 5.328, 5.538, 5.968, 5.866, 6.006, 6.726, 7.221, 7.385, 6.774, 7.393, 8.274, 8.719, 8.556, 9.224, 9.999, 7.904, 5.11, 3.939, 3.835, 3.814, 2.848, 2.562, 3.118, 3.233, 3.241, 3.168, 2.332, 2.095, 2.072, 1.614, 1.112, 1.478, 1.468, 1.798, 2.182, 2.43], [5.237, 5.563, 5.267, 5.222, 4.705, 3.317, 4.318, 5.585, 6.013, 6.321, 5.244, 3.643, 2.724, 2.46, 2.227, 2.732, 3.325, 2.9, 2.982, 2.655, 2.945, 3.165, 3.264, 3.235, 3.323, 3.761, 4.55, 7.243, 8.598, 8.649, 8.435, 6.021, 4.534, 4.698, 4.532, 5.094, 3.257, 0.0, 1.46, 0.985, 1.878, 2.585, 2.213, 2.227, 2.608, 2.574, 2.225, 2.417, 2.638, 2.91, 2.786, 2.649, 2.881, 2.706, 2.886, 3.532, 4.024, 4.168, 3.726, 4.237, 5.105, 5.525, 5.403, 6.063, 6.857, 4.693, 2.24, 1.503, 1.241, 1.274, 2.127, 3.194, 3.897, 4.584, 5.239, 5.674, 4.782, 4.33, 4.364, 4.021, 3.351, 2.5, 2.784, 2.895, 2.391, 1.932], [3.959, 4.285, 4.011, 3.924, 3.433, 2.182, 3.067, 4.313, 4.741, 5.068, 4.309, 2.758, 2.413, 2.385, 2.645, 2.838, 2.927, 3.3, 3.401, 3.168, 3.536, 3.761, 3.775, 3.68, 4.283, 4.747, 5.665, 8.462, 9.884, 9.929, 9.746, 7.373, 5.786, 5.915, 5.812, 6.439, 4.626, 1.46, 0.0, 1.186, 1.534, 1.921, 1.606, 1.893, 2.111, 1.952, 1.613, 1.807, 2.092, 2.247, 2.107, 1.797, 1.931, 1.644, 1.699, 2.353, 2.958, 3.06, 2.78, 3.155, 3.87, 4.269, 4.149, 4.809, 5.604, 3.425, 1.936, 1.968, 1.918, 1.848, 3.109, 4.186, 4.893, 5.683, 6.409, 6.943, 6.127, 5.607, 5.544, 5.294, 4.625, 3.717, 3.888, 3.843, 3.307, 3.02], [4.537, 4.855, 4.573, 4.531, 4.026, 2.653, 3.678, 4.875, 5.302, 5.623, 4.698, 3.073, 2.281, 2.052, 2.019, 2.374, 2.827, 2.77, 2.802, 2.512, 2.881, 3.121, 3.227, 3.135, 3.604, 3.993, 5.073, 7.762, 9.16, 9.189, 8.996, 6.661, 5.09, 5.251, 5.179, 5.837, 4.002, 0.985, 1.186, 0.0, 1.179, 1.927, 1.589, 1.516, 1.956, 1.869, 1.504, 1.734, 1.999, 2.214, 2.139, 2.019, 2.157, 2.105, 2.138, 2.941, 3.468, 3.593, 3.087, 3.626, 4.445, 4.876, 4.762, 5.442, 6.241, 4.026, 1.764, 1.684, 1.285, 1.266, 2.34, 3.301, 4.062, 4.84, 5.643, 6.221, 5.404, 4.922, 4.873, 4.552, 3.889, 2.994, 3.094, 3.231, 2.738, 2.347], [4.073, 4.398, 4.098, 4.014, 3.5, 1.97, 3.11, 4.287, 4.777, 5.137, 4.279, 2.566, 1.969, 1.965, 1.878, 2.358, 2.337, 2.492, 2.606, 2.666, 2.858, 3.005, 3.0, 2.915, 3.572, 4.023, 5.374, 8.262, 9.698, 9.704, 9.589, 7.211, 5.677, 5.728, 5.787, 6.526, 4.658, 1.878, 1.534, 1.179, 0.0, 1.136, 1.001, 1.209, 1.434, 1.282, 1.062, 1.496, 1.743, 1.793, 1.793, 1.684, 1.655, 1.566, 1.661, 2.366, 2.896, 3.014, 2.34, 2.99, 3.841, 4.313, 4.1, 4.754, 5.611, 3.455, 2.131, 2.272, 1.718, 1.644, 2.557, 3.567, 4.263, 5.199, 6.138, 6.785, 5.991, 5.584, 5.538, 5.169, 4.552, 3.735, 3.706, 3.768, 3.175, 2.699], [3.4, 3.718, 3.431, 3.373, 2.798, 1.774, 2.46, 3.637, 4.127, 4.463, 3.548, 1.843, 1.761, 2.056, 1.971, 2.212, 2.061, 2.627, 2.805, 2.771, 3.04, 3.187, 3.18, 3.127, 3.78, 4.302, 5.755, 8.727, 10.217, 10.242, 10.126, 7.754, 6.16, 6.122, 6.372, 7.133, 5.338, 2.585, 1.921, 1.927, 1.136, 0.0, 0.871, 1.221, 1.235, 1.152, 1.076, 1.402, 1.683, 1.65, 1.68, 1.621, 1.264, 1.197, 1.434, 1.724, 2.235, 2.35, 1.749, 2.35, 3.218, 3.658, 3.441, 4.07, 4.927, 2.765, 2.366, 2.843, 2.395, 2.206, 3.26, 4.043, 4.642, 5.683, 6.712, 7.367, 6.56, 6.122, 6.088, 5.737, 5.093, 4.422, 4.346, 4.4, 3.776, 3.242], [3.919, 4.237, 3.903, 3.868, 3.314, 1.952, 2.899, 4.146, 4.636, 4.983, 4.022, 2.181, 1.861, 2.075, 2.041, 2.173, 2.052, 2.681, 2.783, 2.678, 2.885, 3.044, 3.032, 2.976, 3.638, 4.283, 5.48, 8.303, 9.755, 9.778, 9.662, 7.311, 5.77, 5.766, 5.829, 6.579, 4.741, 2.213, 1.606, 1.589, 1.001, 0.871, 0.0, 0.835, 1.008, 0.737, 0.813, 1.214, 1.553, 1.573, 1.513, 1.423, 1.364, 1.264, 1.55, 2.181, 2.657, 2.788, 2.123, 2.74, 3.608, 4.118, 3.865, 4.518, 5.325, 3.27, 2.426, 2.845, 2.144, 2.073, 3.084, 3.897, 4.601, 5.363, 6.3, 6.854, 6.048, 5.628, 5.575, 5.227, 4.608, 3.852, 3.805, 3.854, 3.296, 2.882], [4.258, 4.576, 4.274, 4.252, 3.686, 2.353, 3.303, 4.529, 5.019, 5.341, 4.397, 2.537, 2.228, 2.295, 2.105, 2.128, 2.158, 2.628, 2.716, 2.538, 2.824, 2.97, 3.008, 2.961, 3.538, 4.169, 5.417, 8.156, 9.584, 9.549, 9.359, 7.153, 5.581, 5.662, 5.531, 6.189, 4.485, 2.227, 1.893, 1.516, 1.209, 1.221, 0.835, 0.0, 0.716, 0.695, 0.731, 1.258, 1.4, 1.551, 1.525, 1.661, 1.725, 1.736, 2.012, 2.626, 3.084, 3.217, 2.625, 3.228, 3.992, 4.505, 4.292, 4.971, 5.771, 3.656, 2.537, 2.952, 2.297, 2.163, 3.19, 3.814, 4.491, 5.216, 5.987, 6.548, 5.837, 5.415, 5.316, 4.916, 4.272, 3.742, 3.632, 3.951, 3.509, 2.985], [4.007, 4.325, 4.019, 3.986, 3.42, 2.073, 3.034, 4.263, 4.753, 5.075, 4.183, 2.299, 2.242, 2.395, 2.206, 2.275, 2.194, 2.673, 2.812, 2.725, 3.034, 3.147, 3.153, 3.022, 3.627, 4.256, 5.627, 8.418, 9.862, 9.85, 9.648, 7.454, 5.872, 5.827, 5.812, 6.443, 4.893, 2.608, 2.111, 1.956, 1.434, 1.235, 1.008, 0.716, 0.0, 0.629, 0.821, 1.198, 1.262, 1.469, 1.406, 1.619, 1.556, 1.536, 1.722, 2.386, 2.84, 2.954, 2.309, 2.947, 3.733, 4.244, 4.045, 4.725, 5.525, 3.395, 2.555, 3.187, 2.654, 2.503, 3.535, 4.002, 4.594, 5.378, 6.218, 6.806, 6.112, 5.708, 5.616, 5.257, 4.653, 4.259, 4.129, 4.318, 3.849, 3.332], [3.953, 4.271, 3.937, 3.891, 3.348, 1.96, 2.931, 4.157, 4.647, 5.017, 4.109, 2.243, 2.127, 2.239, 2.181, 2.266, 2.195, 2.737, 2.828, 2.67, 2.914, 3.082, 3.099, 2.978, 3.619, 4.276, 5.565, 8.377, 9.808, 9.798, 9.64, 7.414, 5.878, 5.808, 5.847, 6.557, 4.824, 2.574, 1.952, 1.869, 1.282, 1.152, 0.737, 0.695, 0.629, 0.0, 0.667, 1.1, 1.29, 1.429, 1.327, 1.432, 1.355, 1.424, 1.662, 2.279, 2.707, 2.835, 2.197, 2.843, 3.619, 4.129, 3.891, 4.57, 5.37, 3.281, 2.513, 3.066, 2.363, 2.277, 3.267, 3.913, 4.619, 5.406, 6.269, 6.841, 6.06, 5.728, 5.649, 5.295, 4.637, 4.107, 3.976, 4.122, 3.626, 3.058], [3.94, 4.258, 3.965, 3.932, 3.367, 1.97, 2.967, 4.21, 4.7, 5.022, 4.059, 2.274, 2.188, 2.403, 2.295, 2.445, 2.371, 2.919, 3.069, 2.923, 3.183, 3.371, 3.416, 3.277, 3.928, 4.401, 5.661, 8.46, 9.872, 9.858, 9.689, 7.459, 5.897, 5.944, 5.875, 6.547, 4.726, 2.225, 1.613, 1.504, 1.062, 1.076, 0.813, 0.731, 0.821, 0.667, 0.0, 0.872, 1.091, 1.188, 1.143, 1.198, 1.349, 1.36, 1.659, 2.296, 2.736, 2.875, 2.249, 2.886, 3.704, 4.183, 3.963, 4.616, 5.456, 3.334, 2.312, 2.787, 2.255, 2.062, 3.142, 3.9, 4.608, 5.439, 6.224, 6.87, 6.137, 5.725, 5.639, 5.27, 4.584, 3.921, 3.856, 4.087, 3.638, 3.083], [3.821, 4.14, 3.818, 3.759, 3.229, 2.042, 2.934, 4.022, 4.505, 4.885, 3.987, 2.414, 2.721, 2.748, 2.684, 2.915, 2.863, 3.255, 3.439, 3.264, 3.408, 3.636, 3.701, 3.554, 4.255, 4.526, 5.773, 8.719, 10.036, 10.103, 9.954, 7.753, 6.248, 6.176, 6.218, 6.852, 4.989, 2.417, 1.807, 1.734, 1.496, 1.402, 1.214, 1.258, 1.198, 1.1, 0.872, 0.0, 0.672, 0.869, 0.74, 0.93, 1.27, 1.274, 1.713, 2.341, 2.694, 2.849, 2.293, 2.825, 3.504, 3.977, 3.715, 4.371, 5.191, 3.166, 2.178, 2.776, 2.216, 1.99, 3.03, 3.94, 4.724, 5.505, 6.458, 7.095, 6.442, 6.082, 5.995, 5.681, 4.952, 4.225, 4.22, 4.221, 3.705, 3.173], [3.872, 4.189, 3.885, 3.817, 3.341, 2.228, 3.019, 4.098, 4.55, 4.93, 4.042, 2.588, 2.949, 3.149, 2.935, 3.112, 3.066, 3.38, 3.55, 3.436, 3.608, 3.779, 3.881, 3.734, 4.434, 4.67, 5.93, 8.822, 10.133, 10.185, 10.004, 7.859, 6.343, 6.34, 6.295, 6.903, 5.097, 2.638, 2.092, 1.999, 1.743, 1.683, 1.553, 1.4, 1.262, 1.29, 1.091, 0.672, 0.0, 0.558, 0.529, 1.014, 1.47, 1.565, 1.973, 2.584, 2.998, 3.075, 2.533, 3.078, 3.56, 4.026, 3.756, 4.388, 5.209, 3.215, 2.431, 3.019, 2.481, 2.272, 3.311, 4.058, 4.961, 5.685, 6.497, 7.135, 6.521, 6.195, 6.107, 5.751, 5.011, 4.437, 4.386, 4.669, 4.189, 3.487], [3.561, 3.808, 3.546, 3.483, 3.083, 2.187, 2.835, 3.802, 4.152, 4.5, 3.748, 2.62, 3.028, 3.248, 3.055, 3.304, 3.217, 3.563, 3.721, 3.725, 3.902, 4.052, 4.123, 3.984, 4.709, 5.02, 6.29, 9.172, 10.485, 10.556, 10.383, 8.224, 6.707, 6.708, 6.665, 7.286, 5.453, 2.91, 2.247, 2.214, 1.793, 1.65, 1.573, 1.551, 1.469, 1.429, 1.188, 0.869, 0.558, 0.0, 0.601, 0.864, 1.368, 1.58, 1.904, 2.465, 2.807, 2.853, 2.393, 2.89, 3.255, 3.624, 3.381, 4.013, 4.82, 2.828, 2.603, 3.294, 2.701, 2.545, 3.551, 4.275, 5.254, 6.01, 6.869, 7.509, 6.891, 6.56, 6.474, 6.122, 5.385, 4.774, 4.692, 4.983, 4.464, 3.761], [3.54, 3.893, 3.612, 3.508, 2.988, 1.896, 2.648, 3.757, 4.253, 4.596, 3.786, 2.502, 2.928, 3.075, 2.909, 3.183, 3.112, 3.454, 3.624, 3.57, 3.735, 3.921, 3.989, 3.849, 4.569, 4.887, 6.148, 9.037, 10.356, 10.418, 10.253, 8.088, 6.571, 6.544, 6.526, 7.167, 5.328, 2.786, 2.107, 2.139, 1.793, 1.68, 1.513, 1.525, 1.406, 1.327, 1.143, 0.74, 0.529, 0.601, 0.0, 0.735, 1.312, 1.527, 1.82, 2.331, 2.701, 2.683, 2.231, 2.811, 3.207, 3.668, 3.386, 4.003, 4.82, 2.858, 2.281, 3.132, 2.463, 2.365, 3.389, 4.154, 5.12, 5.921, 6.763, 7.382, 6.753, 6.424, 6.335, 5.981, 5.261, 4.594, 4.539, 4.754, 4.203, 3.516], [3.205, 3.581, 3.322, 3.2, 2.622, 1.686, 2.337, 3.411, 3.889, 4.268, 3.523, 2.205, 2.759, 2.839, 2.925, 3.285, 3.194, 3.592, 3.767, 3.693, 3.897, 4.097, 4.119, 4.01, 4.688, 5.182, 6.339, 9.185, 10.457, 10.517, 10.401, 8.183, 6.668, 6.732, 6.665, 7.407, 5.538, 2.649, 1.797, 2.019, 1.684, 1.621, 1.423, 1.661, 1.619, 1.432, 1.198, 0.93, 1.014, 0.864, 0.735, 0.0, 1.008, 1.191, 1.409, 1.791, 2.152, 2.186, 1.803, 2.328, 2.895, 3.341, 3.118, 3.756, 4.547, 2.53, 2.147, 2.952, 2.339, 2.336, 3.428, 4.396, 5.353, 6.143, 6.99, 7.524, 6.858, 6.519, 6.447, 6.101, 5.42, 4.607, 4.68, 4.707, 4.031, 3.635], [2.805, 3.107, 2.871, 2.785, 2.25, 1.288, 1.873, 2.985, 3.47, 3.85, 3.089, 1.864, 2.257, 2.382, 2.58, 3.0, 2.852, 3.199, 3.377, 3.481, 3.676, 3.848, 3.842, 3.741, 4.45, 5.034, 6.455, 9.44, 10.746, 10.838, 10.727, 8.462, 6.976, 6.843, 7.072, 7.837, 5.968, 2.881, 1.931, 2.157, 1.655, 1.264, 1.364, 1.725, 1.556, 1.355, 1.349, 1.27, 1.47, 1.368, 1.312, 1.008, 0.0, 0.809, 0.988, 1.284, 1.687, 1.886, 1.481, 1.938, 2.528, 2.922, 2.684, 3.337, 4.131, 2.115, 2.125, 2.841, 2.515, 2.428, 3.577, 4.53, 5.29, 6.225, 7.297, 7.897, 7.213, 6.845, 6.791, 6.454, 5.777, 4.971, 4.981, 4.799, 4.009, 3.736], [2.977, 3.281, 2.954, 2.911, 2.368, 1.345, 1.995, 3.16, 3.643, 4.025, 3.297, 1.789, 2.111, 2.241, 2.483, 2.753, 2.65, 2.945, 3.121, 3.246, 3.432, 3.591, 3.61, 3.467, 4.204, 4.694, 6.191, 9.253, 10.602, 10.688, 10.583, 8.276, 6.762, 6.689, 6.97, 7.732, 5.866, 2.706, 1.644, 2.105, 1.566, 1.197, 1.264, 1.736, 1.536, 1.424, 1.36, 1.274, 1.565, 1.58, 1.527, 1.191, 0.809, 0.0, 0.856, 1.34, 1.849, 1.946, 1.627, 1.943, 2.649, 3.101, 2.818, 3.454, 4.272, 2.286, 1.998, 2.607, 2.523, 2.309, 3.591, 4.51, 5.142, 6.063, 7.163, 7.768, 7.066, 6.712, 6.685, 6.33, 5.678, 4.869, 4.946, 4.662, 3.884, 3.654], [2.765, 3.119, 2.879, 2.766, 2.211, 1.21, 1.782, 2.979, 3.463, 3.921, 3.381, 2.03, 2.078, 2.114, 2.31, 2.731, 2.577, 2.955, 3.129, 3.262, 3.467, 3.635, 3.637, 3.543, 4.222, 4.851, 6.386, 9.38, 10.701, 10.806, 10.696, 8.42, 6.87, 6.813, 7.115, 7.87, 6.006, 2.886, 1.699, 2.138, 1.661, 1.434, 1.55, 2.012, 1.722, 1.662, 1.659, 1.713, 1.973, 1.904, 1.82, 1.409, 0.988, 0.856, 0.0, 1.082, 1.716, 1.873, 1.61, 2.013, 2.626, 2.942, 2.744, 3.335, 4.109, 2.145, 1.8, 2.482, 2.441, 2.385, 3.51, 4.389, 5.182, 6.249, 7.355, 7.923, 7.22, 6.867, 6.843, 6.477, 5.823, 5.01, 5.006, 4.821, 3.956, 3.754], [2.049, 2.502, 2.317, 2.211, 1.537, 1.136, 1.223, 2.285, 2.745, 3.124, 2.656, 1.56, 2.151, 2.155, 2.52, 2.851, 2.656, 3.166, 3.364, 3.411, 3.7, 3.862, 3.84, 3.851, 4.459, 5.514, 7.105, 10.131, 11.444, 11.522, 11.39, 9.103, 7.578, 7.508, 7.813, 8.573, 6.726, 3.532, 2.353, 2.941, 2.366, 1.724, 2.181, 2.626, 2.386, 2.279, 2.296, 2.341, 2.584, 2.465, 2.331, 1.791, 1.284, 1.34, 1.082, 0.0, 0.721, 0.938, 1.071, 1.332, 1.832, 2.127, 2.003, 2.594, 3.37, 1.469, 2.408, 3.188, 3.109, 3.132, 4.276, 5.195, 5.884, 7.095, 8.143, 8.651, 7.929, 7.575, 7.557, 7.223, 6.531, 5.731, 5.709, 5.512, 4.594, 4.309], [1.889, 2.321, 2.28, 2.228, 1.459, 1.418, 1.226, 2.017, 2.361, 2.705, 2.283, 1.589, 2.544, 2.538, 2.954, 3.297, 2.991, 3.574, 3.737, 3.797, 4.134, 4.305, 4.269, 4.333, 4.892, 6.086, 7.662, 10.665, 11.987, 12.09, 11.929, 9.595, 8.071, 7.995, 8.303, 9.063, 7.221, 4.024, 2.958, 3.468, 2.896, 2.235, 2.657, 3.084, 2.84, 2.707, 2.736, 2.694, 2.998, 2.807, 2.701, 2.152, 1.687, 1.849, 1.716, 0.721, 0.0, 0.562, 1.011, 1.156, 1.552, 1.74, 1.686, 2.244, 3.054, 1.381, 2.827, 3.757, 3.643, 3.704, 4.806, 5.735, 6.449, 7.665, 8.698, 9.222, 8.421, 8.067, 8.09, 7.727, 7.06, 6.239, 6.213, 6.004, 5.086, 4.816], [1.783, 2.079, 2.135, 2.093, 1.348, 1.374, 1.073, 1.77, 2.139, 2.491, 1.982, 1.539, 2.674, 2.63, 3.058, 3.38, 3.014, 3.585, 3.752, 3.845, 4.201, 4.352, 4.327, 4.403, 4.952, 6.185, 7.799, 10.794, 12.13, 12.223, 12.076, 9.759, 8.239, 8.164, 8.469, 9.229, 7.385, 4.168, 3.06, 3.593, 3.014, 2.35, 2.788, 3.217, 2.954, 2.835, 2.875, 2.849, 3.075, 2.853, 2.683, 2.186, 1.886, 1.946, 1.873, 0.938, 0.562, 0.0, 0.894, 0.873, 1.212, 1.487, 1.473, 2.0, 2.768, 1.338, 2.803, 3.925, 3.765, 3.826, 4.963, 5.876, 6.582, 7.798, 8.831, 9.359, 8.585, 8.231, 8.23, 7.869, 7.2, 6.387, 6.365, 6.168, 5.25, 4.965], [2.111, 2.513, 2.438, 2.354, 1.631, 1.184, 1.249, 2.106, 2.615, 2.972, 2.36, 1.078, 2.162, 2.121, 2.532, 2.855, 2.495, 3.023, 3.187, 3.293, 3.668, 3.757, 3.758, 3.799, 4.393, 5.549, 7.189, 10.182, 11.622, 11.662, 11.556, 9.223, 7.679, 7.59, 7.878, 8.638, 6.774, 3.726, 2.78, 3.087, 2.34, 1.749, 2.123, 2.625, 2.309, 2.197, 2.249, 2.293, 2.533, 2.393, 2.231, 1.803, 1.481, 1.627, 1.61, 1.071, 1.011, 0.894, 0.0, 1.013, 1.705, 2.064, 1.996, 2.521, 3.302, 1.743, 2.565, 3.562, 3.141, 3.19, 4.36, 5.279, 5.957, 7.138, 8.173, 8.789, 8.021, 7.641, 7.609, 7.266, 6.614, 5.786, 5.774, 5.57, 4.712, 4.391], [2.106, 2.3, 2.392, 2.398, 1.715, 1.656, 1.391, 1.712, 1.999, 2.374, 1.759, 1.635, 2.727, 2.63, 3.101, 3.401, 2.952, 3.449, 3.576, 3.782, 4.193, 4.248, 4.258, 4.309, 4.919, 6.112, 7.765, 10.758, 12.174, 12.221, 12.126, 9.803, 8.315, 8.219, 8.497, 9.257, 7.393, 4.237, 3.155, 3.626, 2.99, 2.35, 2.74, 3.228, 2.947, 2.843, 2.886, 2.825, 3.078, 2.89, 2.811, 2.328, 1.938, 1.943, 2.013, 1.332, 1.156, 0.873, 1.013, 0.0, 1.02, 1.484, 1.581, 1.91, 2.652, 1.757, 2.978, 3.936, 3.734, 3.749, 4.982, 5.87, 6.583, 7.759, 8.78, 9.379, 8.616, 8.257, 8.218, 7.892, 7.219, 6.397, 6.393, 6.185, 5.303, 5.017], [1.754, 1.893, 1.986, 2.025, 1.496, 2.081, 1.358, 1.223, 1.45, 1.638, 1.4, 2.304, 3.58, 3.48, 3.954, 4.24, 3.763, 4.259, 4.356, 4.61, 5.041, 5.101, 5.099, 5.161, 5.79, 6.942, 8.642, 11.603, 13.037, 13.083, 12.998, 10.68, 9.18, 9.092, 9.377, 10.137, 8.274, 5.105, 3.87, 4.445, 3.841, 3.218, 3.608, 3.992, 3.733, 3.619, 3.704, 3.504, 3.56, 3.255, 3.207, 2.895, 2.528, 2.649, 2.626, 1.832, 1.552, 1.212, 1.705, 1.02, 0.0, 0.817, 0.934, 1.118, 1.807, 1.45, 3.496, 4.593, 4.547, 4.616, 5.809, 6.742, 7.416, 8.604, 9.663, 10.258, 9.489, 9.132, 9.122, 8.766, 8.101, 7.284, 7.274, 7.047, 6.16, 5.895], [1.475, 1.544, 1.713, 1.771, 1.428, 2.426, 1.485, 1.205, 1.452, 1.564, 1.52, 2.648, 3.919, 3.845, 4.304, 4.577, 4.166, 4.7, 4.798, 4.99, 5.436, 5.521, 5.508, 5.563, 6.138, 7.388, 9.132, 12.113, 13.489, 13.564, 13.424, 11.124, 9.633, 9.541, 9.823, 10.583, 8.719, 5.525, 4.269, 4.876, 4.313, 3.658, 4.118, 4.505, 4.244, 4.129, 4.183, 3.977, 4.026, 3.624, 3.668, 3.341, 2.922, 3.101, 2.942, 2.127, 1.74, 1.487, 2.064, 1.484, 0.817, 0.0, 0.631, 0.828, 1.456, 1.265, 3.838, 5.068, 5.049, 5.093, 6.256, 7.194, 7.89, 9.072, 10.129, 10.702, 9.939, 9.573, 9.57, 9.252, 8.558, 7.745, 7.719, 7.514, 6.599, 6.34], [1.689, 1.734, 1.841, 1.9, 1.559, 2.214, 1.561, 1.576, 1.754, 1.912, 1.899, 2.557, 3.769, 3.707, 4.141, 4.531, 4.156, 4.578, 4.763, 4.994, 5.314, 5.382, 5.358, 5.384, 6.049, 7.101, 8.846, 11.883, 13.25, 13.314, 13.237, 10.95, 9.455, 9.368, 9.659, 10.419, 8.556, 5.403, 4.149, 4.762, 4.1, 3.441, 3.865, 4.292, 4.045, 3.891, 3.963, 3.715, 3.756, 3.381, 3.386, 3.118, 2.684, 2.818, 2.744, 2.003, 1.686, 1.473, 1.996, 1.581, 0.934, 0.631, 0.0, 0.886, 1.594, 1.21, 3.652, 4.842, 4.79, 4.81, 5.999, 6.937, 7.659, 8.825, 9.899, 10.478, 9.762, 9.394, 9.357, 9.04, 8.352, 7.549, 7.555, 7.334, 6.419, 6.189], [1.76, 1.785, 1.965, 2.019, 1.759, 2.851, 1.926, 1.405, 1.672, 1.684, 1.798, 3.037, 4.291, 4.208, 4.665, 4.953, 4.505, 4.923, 5.098, 5.349, 5.677, 5.741, 5.745, 5.782, 6.492, 7.67, 9.454, 12.53, 13.873, 13.955, 13.889, 11.602, 10.072, 10.02, 10.328, 11.088, 9.224, 6.063, 4.809, 5.442, 4.754, 4.07, 4.518, 4.971, 4.725, 4.57, 4.616, 4.371, 4.388, 4.013, 4.003, 3.756, 3.337, 3.454, 3.335, 2.594, 2.244, 2.0, 2.521, 1.91, 1.118, 0.828, 0.886, 0.0, 0.969, 1.662, 4.327, 5.491, 5.445, 5.472, 6.631, 7.556, 8.325, 9.488, 10.561, 11.131, 10.428, 10.059, 10.026, 9.693, 9.012, 8.217, 8.224, 8.012, 7.091, 6.849], [2.18, 2.1, 2.33, 2.335, 2.38, 3.714, 2.594, 1.671, 1.639, 1.565, 2.124, 3.67, 4.963, 4.828, 5.286, 5.503, 5.028, 5.416, 5.568, 5.922, 6.252, 6.306, 6.333, 6.326, 7.144, 8.479, 10.253, 13.327, 14.659, 14.751, 14.673, 12.381, 10.847, 10.795, 11.103, 11.863, 9.999, 6.857, 5.604, 6.241, 5.611, 4.927, 5.325, 5.771, 5.525, 5.37, 5.456, 5.191, 5.209, 4.82, 4.82, 4.547, 4.131, 4.272, 4.109, 3.37, 3.054, 2.768, 3.302, 2.652, 1.807, 1.456, 1.594, 0.969, 0.0, 2.291, 5.105, 6.338, 6.302, 6.32, 7.488, 8.363, 9.149, 10.31, 11.383, 11.927, 11.204, 10.833, 10.811, 10.482, 9.788, 8.992, 8.999, 8.791, 7.87, 7.643], [1.149, 1.376, 1.287, 1.216, 0.913, 1.607, 1.016, 1.479, 1.946, 2.264, 1.881, 1.964, 3.017, 2.909, 3.326, 3.703, 3.391, 3.96, 4.108, 4.246, 4.666, 4.797, 4.73, 4.735, 5.393, 6.506, 8.308, 11.26, 12.679, 12.751, 12.63, 10.308, 8.754, 8.702, 9.007, 9.767, 7.904, 4.693, 3.425, 4.026, 3.455, 2.765, 3.27, 3.656, 3.395, 3.281, 3.334, 3.166, 3.215, 2.828, 2.858, 2.53, 2.115, 2.286, 2.145, 1.469, 1.381, 1.338, 1.743, 1.757, 1.45, 1.265, 1.21, 1.662, 2.291, 0.0, 2.909, 4.205, 4.234, 4.283, 5.384, 6.348, 7.044, 8.261, 9.318, 9.894, 9.119, 8.761, 8.741, 8.411, 7.721, 6.921, 6.903, 6.681, 5.784, 5.504], [3.571, 3.956, 3.73, 3.579, 3.022, 1.76, 2.753, 3.742, 4.313, 4.736, 3.981, 2.942, 2.7, 2.489, 2.55, 2.84, 3.18, 3.289, 3.26, 2.984, 3.269, 3.732, 3.85, 3.69, 4.093, 4.228, 5.536, 8.441, 9.91, 9.956, 9.86, 7.536, 5.996, 5.951, 6.213, 6.97, 5.11, 2.24, 1.936, 1.764, 2.131, 2.366, 2.426, 2.537, 2.555, 2.513, 2.312, 2.178, 2.431, 2.603, 2.281, 2.147, 2.125, 1.998, 1.8, 2.408, 2.827, 2.803, 2.565, 2.978, 3.496, 3.838, 3.652, 4.327, 5.105, 2.909, 0.0, 1.496, 1.682, 1.572, 2.579, 3.693, 4.407, 5.427, 6.493, 7.114, 6.343, 5.948, 5.925, 5.566