[[0.0, 1.054, 1.576, 2.138, 2.9, 3.39, 2.777, 1.203, 2.366, 3.693, 4.172, 4.875, 4.491, 4.054, 4.689, 5.35, 5.945, 6.678, 7.306, 7.394, 6.42, 5.666, 4.852, 4.984, 5.494, 6.232, 6.956, 7.051, 6.283, 5.232, 4.339, 4.522, 4.474, 4.062, 4.685, 6.06, 6.228, 5.913, 6.692, 6.721, 6.493, 6.783, 7.01, 6.175, 6.784, 7.709, 7.537, 7.044, 6.656, 5.619, 3.68, 2.794, 2.1, 1.582, 1.39, 1.683, 1.659, 1.747, 1.928, 2.313, 1.902, 1.371, 1.352, 1.437, 1.612, 1.745, 1.975, 3.074, 4.54, 5.249, 5.064, 4.916, 4.807, 4.308, 4.25, 5.145, 4.497, 3.793, 4.151, 4.273, 4.036, 3.735, 2.982, 2.812, 2.315, 2.358], [1.054, 0.0, 0.965, 1.995, 2.876, 3.584, 2.829, 1.228, 2.202, 3.324, 3.788, 4.475, 4.046, 3.558, 4.097, 4.85, 5.476, 6.203, 6.831, 6.946, 5.966, 5.204, 4.377, 4.526, 5.042, 5.758, 6.502, 6.625, 5.962, 4.98, 4.092, 4.015, 3.913, 3.569, 4.243, 5.618, 5.786, 5.471, 6.251, 6.28, 6.048, 6.344, 6.571, 5.735, 6.333, 7.268, 7.095, 6.605, 6.216, 5.18, 3.22, 2.313, 1.94, 1.419, 1.549, 2.125, 2.24, 2.134, 2.28, 2.289, 1.974, 1.781, 1.902, 1.809, 1.923, 2.373, 2.639, 3.737, 5.157, 5.861, 5.693, 5.571, 5.455, 4.931, 4.888, 5.79, 5.169, 4.377, 4.677, 4.843, 4.398, 4.236, 3.624, 3.431, 2.793, 2.435], [1.576, 0.965, 0.0, 1.746, 2.613, 3.371, 2.696, 1.373, 2.306, 3.358, 3.764, 4.434, 4.003, 3.517, 4.03, 4.808, 5.435, 6.163, 6.788, 6.903, 5.929, 5.171, 4.35, 4.511, 5.005, 5.728, 6.484, 6.625, 5.894, 4.946, 4.151, 3.933, 3.728, 3.514, 4.2, 5.576, 5.754, 5.438, 6.218, 6.226, 6.025, 6.309, 6.533, 5.698, 6.301, 7.23, 7.052, 6.564, 6.179, 5.142, 3.18, 2.422, 2.106, 1.628, 2.072, 2.463, 2.687, 2.625, 2.765, 2.702, 2.43, 2.367, 2.3, 1.805, 2.11, 2.767, 2.977, 3.96, 5.234, 5.935, 5.711, 5.535, 5.413, 4.977, 4.994, 5.858, 5.136, 4.362, 4.721, 4.971, 4.409, 4.256, 3.705, 3.511, 2.896, 2.489], [2.138, 1.995, 1.746, 0.0, 1.16, 1.878, 1.421, 1.868, 3.276, 4.413, 4.791, 5.505, 5.021, 4.494, 4.986, 5.787, 6.433, 7.169, 7.904, 8.026, 6.995, 6.263, 5.422, 5.593, 6.055, 6.731, 7.484, 7.673, 6.934, 5.862, 4.928, 4.918, 4.698, 4.428, 5.218, 6.569, 6.798, 6.484, 7.254, 7.259, 7.102, 7.318, 7.532, 6.699, 7.3, 8.226, 8.045, 7.557, 7.177, 6.139, 4.286, 3.599, 2.802, 2.388, 2.209, 2.638, 3.029, 3.102, 3.281, 3.856, 3.423, 3.092, 2.566, 2.021, 2.517, 2.918, 2.946, 3.656, 4.541, 5.095, 4.714, 4.529, 4.455, 4.096, 4.157, 4.935, 4.114, 3.243, 3.735, 4.041, 3.435, 3.341, 2.758, 2.632, 2.115, 1.728], [2.9, 2.876, 2.613, 1.16, 0.0, 1.252, 1.023, 2.495, 4.047, 5.141, 5.3, 5.858, 5.538, 4.931, 5.438, 6.219, 6.867, 7.6, 8.256, 8.383, 7.392, 6.629, 5.795, 5.953, 6.44, 7.153, 7.924, 8.172, 7.532, 6.379, 5.46, 5.436, 5.162, 4.85, 5.674, 7.016, 7.204, 6.93, 7.698, 7.781, 7.5, 7.796, 7.967, 7.161, 7.723, 8.648, 8.467, 7.979, 7.6, 6.561, 4.718, 4.213, 3.587, 3.243, 2.776, 3.206, 3.656, 3.88, 4.082, 4.747, 4.305, 3.886, 3.246, 2.71, 3.122, 3.401, 3.267, 3.859, 4.359, 4.842, 4.483, 4.238, 4.114, 3.76, 3.989, 4.47, 3.575, 2.726, 3.256, 3.57, 2.982, 2.89, 2.453, 2.416, 2.207, 1.801], [3.39, 3.584, 3.371, 1.878, 1.252, 0.0, 1.001, 3.214, 4.835, 5.949, 6.361, 7.032, 6.542, 6.045, 6.552, 7.336, 7.984, 8.697, 9.408, 9.555, 8.514, 7.767, 6.94, 7.095, 7.563, 8.271, 9.02, 9.227, 8.529, 7.343, 6.393, 6.481, 6.238, 5.972, 6.79, 8.125, 8.317, 8.034, 8.797, 8.854, 8.631, 8.9, 9.073, 8.258, 8.841, 9.77, 9.589, 9.101, 8.718, 7.683, 5.84, 5.209, 4.232, 3.915, 3.145, 3.182, 4.005, 4.351, 4.657, 5.467, 5.053, 4.465, 3.691, 3.126, 3.369, 3.239, 3.123, 3.494, 3.731, 4.125, 3.838, 3.586, 3.299, 2.969, 3.379, 3.452, 2.514, 1.817, 2.2, 2.584, 2.019, 2.023, 2.038, 2.033, 2.096, 2.229], [2.777, 2.829, 2.696, 1.421, 1.023, 1.001, 0.0, 2.654, 4.264, 5.488, 5.814, 6.503, 6.114, 5.62, 6.129, 6.912, 7.557, 8.27, 8.87, 9.025, 8.028, 7.265, 6.461, 6.616, 7.097, 7.823, 8.588, 8.793, 8.09, 6.953, 6.022, 6.025, 5.769, 5.51, 6.353, 7.677, 7.844, 7.563, 8.348, 8.38, 8.15, 8.443, 8.624, 7.799, 8.392, 9.321, 9.153, 8.658, 8.27, 7.233, 5.304, 4.549, 3.601, 3.265, 2.538, 2.754, 3.43, 3.648, 3.963, 4.669, 4.181, 3.743, 3.04, 2.487, 2.82, 2.83, 2.636, 3.177, 3.686, 4.111, 3.803, 3.559, 3.448, 3.05, 3.408, 3.74, 2.911, 2.091, 2.515, 2.822, 2.231, 2.105, 1.892, 1.975, 1.786, 1.53], [1.203, 1.228, 1.373, 1.868, 2.495, 3.214, 2.654, 0.0, 1.907, 3.072, 3.463, 4.173, 3.751, 3.295, 3.856, 4.621, 5.231, 5.993, 6.635, 6.708, 5.725, 4.97, 4.132, 4.294, 4.766, 5.519, 6.259, 6.433, 5.663, 4.634, 3.783, 3.772, 3.684, 3.293, 3.983, 5.324, 5.512, 5.22, 6.016, 6.071, 5.835, 6.12, 6.312, 5.491, 6.062, 6.98, 6.799, 6.311, 5.939, 4.893, 3.0, 2.436, 1.935, 1.486, 1.542, 1.616, 1.861, 1.989, 2.154, 2.536, 2.096, 1.988, 2.099, 1.782, 2.071, 2.492, 2.725, 3.856, 5.21, 5.945, 5.534, 5.395, 5.334, 4.958, 4.963, 5.799, 4.983, 4.182, 4.631, 4.933, 4.377, 4.276, 3.62, 3.477, 2.882, 2.326], [2.366, 2.202, 2.306, 3.276, 4.047, 4.835, 4.264, 1.907, 0.0, 1.424, 2.015, 2.688, 2.182, 2.108, 2.933, 3.438, 3.945, 4.696, 5.169, 5.225, 4.346, 3.521, 2.713, 2.788, 3.264, 4.039, 4.714, 4.879, 4.132, 3.092, 2.317, 2.501, 2.549, 2.1, 2.62, 3.786, 4.045, 3.794, 4.589, 4.592, 4.38, 4.601, 4.756, 4.036, 4.53, 5.421, 5.203, 4.707, 4.359, 3.405, 1.792, 1.592, 1.408, 1.627, 2.632, 2.609, 2.293, 2.228, 1.935, 1.516, 1.807, 2.662, 3.163, 2.907, 3.022, 3.64, 3.9, 5.044, 6.597, 7.374, 6.969, 6.844, 6.758, 6.319, 6.31, 7.174, 6.487, 5.698, 6.137, 6.373, 5.871, 5.707, 5.044, 4.9, 4.219, 3.615], [3.693, 3.324, 3.358, 4.413, 5.141, 5.949, 5.488, 3.072, 1.424, 0.0, 0.943, 1.477, 1.27, 1.773, 2.385, 2.704, 3.143, 4.015, 4.164, 4.066, 3.177, 2.389, 1.802, 1.827, 2.354, 2.977, 3.425, 3.651, 2.881, 1.918, 1.571, 1.802, 1.973, 1.75, 1.783, 2.601, 3.116, 2.8, 3.499, 3.454, 3.26, 3.573, 3.836, 3.215, 3.503, 4.448, 4.042, 3.61, 3.478, 2.754, 1.692, 1.803, 2.303, 2.66, 3.813, 3.804, 3.481, 3.425, 3.014, 2.314, 2.68, 3.705, 4.345, 4.105, 4.163, 4.766, 5.059, 6.197, 7.781, 8.61, 8.237, 8.112, 7.999, 7.543, 7.492, 8.446, 7.788, 6.991, 7.368, 7.64, 7.086, 6.94, 6.248, 6.116, 5.436, 4.751], [4.172, 3.788, 3.764, 4.791, 5.3, 6.361, 5.814, 3.463, 2.015, 0.943, 0.0, 1.005, 1.374, 2.061, 2.494, 2.666, 3.081, 3.956, 3.913, 3.721, 2.866, 2.244, 1.752, 1.813, 2.362, 2.998, 3.117, 3.142, 2.474, 1.638, 1.62, 1.838, 2.083, 2.004, 1.86, 2.407, 3.089, 2.596, 3.06, 2.994, 2.8, 3.27, 3.723, 3.097, 3.338, 4.204, 3.759, 3.39, 3.37, 2.893, 1.868, 1.821, 2.604, 3.03, 4.284, 4.194, 3.935, 3.884, 3.474, 2.695, 3.03, 4.094, 4.77, 4.503, 4.558, 5.203, 5.445, 6.592, 8.171, 8.99, 8.703, 8.56, 8.426, 7.963, 7.975, 8.895, 8.198, 7.315, 7.754, 8.026, 7.436, 7.307, 6.622, 6.509, 5.876, 5.074], [4.875, 4.475, 4.434, 5.505, 5.858, 7.032, 6.503, 4.173, 2.688, 1.477, 1.005, 0.0, 1.114, 1.982, 2.264, 2.25, 2.584, 3.384, 3.39, 3.229, 2.317, 1.678, 1.35, 1.359, 1.808, 2.426, 2.453, 2.656, 2.321, 1.617, 1.76, 1.793, 1.848, 1.984, 1.688, 1.934, 2.554, 2.14, 2.476, 2.4, 2.168, 2.631, 3.165, 2.602, 2.8, 3.542, 3.156, 2.784, 2.804, 2.429, 1.812, 2.265, 3.37, 3.774, 4.984, 4.95, 4.629, 4.596, 4.186, 3.301, 3.752, 4.846, 5.533, 5.272, 5.281, 5.879, 6.181, 7.317, 8.883, 9.708, 9.369, 9.245, 9.153, 8.69, 8.685, 9.638, 8.955, 8.049, 8.502, 8.781, 8.184, 8.034, 7.352, 7.252, 6.572, 5.737], [4.491, 4.046, 4.003, 5.021, 5.538, 6.542, 6.114, 3.751, 2.182, 1.27, 1.374, 1.114, 0.0, 1.34, 1.64, 1.928, 2.412, 3.257, 3.533, 3.503, 2.49, 1.786, 1.312, 1.309, 1.77, 2.407, 2.636, 3.113, 2.775, 1.94, 1.949, 1.765, 1.679, 1.684, 1.539, 1.932, 2.416, 1.986, 2.622, 2.599, 2.363, 2.638, 2.947, 2.346, 2.659, 3.525, 3.153, 2.747, 2.555, 1.889, 1.283, 2.013, 3.021, 3.432, 4.62, 4.655, 4.355, 4.32, 3.937, 3.126, 3.53, 4.599, 5.277, 4.989, 5.044, 5.655, 5.93, 7.069, 8.633, 9.411, 9.011, 8.873, 8.84, 8.402, 8.415, 9.339, 8.588, 7.689, 8.157, 8.448, 7.835, 7.731, 7.086, 6.979, 6.3, 5.457], [4.054, 3.558, 3.517, 4.494, 4.931, 6.045, 5.62, 3.295, 2.108, 1.773, 2.061, 1.982, 1.34, 0.0, 1.153, 1.859, 2.431, 3.185, 3.926, 4.021, 2.951, 2.017, 1.453, 1.631, 2.009, 2.422, 3.198, 3.96, 3.829, 2.632, 2.132, 1.862, 1.542, 1.24, 1.472, 2.385, 2.762, 2.525, 3.22, 3.298, 3.054, 3.2, 3.374, 2.641, 2.893, 3.802, 3.59, 3.128, 2.796, 1.867, 1.196, 1.573, 2.636, 3.04, 4.228, 4.365, 4.157, 4.05, 3.853, 3.358, 3.576, 4.484, 4.968, 4.693, 4.855, 5.473, 5.706, 6.86, 8.356, 9.105, 8.694, 8.554, 8.494, 8.081, 8.077, 8.955, 8.129, 7.274, 7.784, 8.089, 7.491, 7.424, 6.779, 6.636, 5.959, 5.156], [4.689, 4.097, 4.03, 4.986, 5.438, 6.552, 6.129, 3.856, 2.933, 2.385, 2.494, 2.264, 1.64, 1.153, 0.0, 1.245, 2.05, 2.545, 3.211, 3.385, 2.293, 1.652, 1.426, 1.627, 1.796, 1.936, 2.902, 3.913, 3.872, 2.868, 2.479, 2.26, 1.929, 1.809, 1.621, 2.102, 2.26, 1.937, 2.556, 2.66, 2.482, 2.803, 2.967, 2.201, 2.492, 3.431, 3.194, 2.782, 2.567, 1.888, 1.689, 2.262, 3.244, 3.693, 4.852, 5.115, 4.977, 4.839, 4.699, 4.194, 4.471, 5.341, 5.668, 5.398, 5.639, 6.238, 6.48, 7.61, 8.987, 9.712, 9.301, 9.162, 9.102, 8.742, 8.746, 9.585, 8.716, 7.898, 8.407, 8.71, 8.123, 8.032, 7.394, 7.256, 6.651, 5.862], [5.35, 4.85, 4.808, 5.787, 6.219, 7.336, 6.912, 4.621, 3.438, 2.704, 2.666, 2.25, 1.928, 1.859, 1.245, 0.0, 1.06, 1.683, 2.188, 2.405, 1.395, 1.218, 1.407, 1.448, 1.416, 1.438, 2.019, 3.216, 3.416, 2.695, 2.549, 2.468, 2.349, 2.426, 1.674, 1.554, 1.593, 1.323, 1.873, 1.996, 1.81, 2.027, 2.376, 1.809, 1.757, 2.718, 2.418, 2.043, 1.924, 1.719, 2.075, 2.836, 3.949, 4.346, 5.534, 5.721, 5.528, 5.409, 5.194, 4.635, 4.923, 5.83, 6.319, 6.048, 6.225, 6.842, 7.077, 8.217, 9.71, 10.467, 10.056, 9.917, 9.866, 9.45, 9.439, 10.294, 9.501, 8.659, 9.149, 9.452, 8.846, 8.787, 8.142, 7.999, 7.318, 6.51], [5.945, 5.476, 5.435, 6.433, 6.867, 7.984, 7.557, 5.231, 3.945, 3.143, 3.081, 2.584, 2.412, 2.431, 2.05, 1.06, 0.0, 1.179, 1.632, 1.763, 1.15, 1.43, 1.888, 1.788, 1.81, 1.544, 1.953, 2.842, 3.145, 2.715, 2.798, 2.76, 2.83, 2.999, 2.19, 1.695, 1.881, 1.653, 2.078, 2.164, 2.139, 1.895, 2.183, 2.0, 1.55, 2.213, 1.96, 1.806, 1.898, 1.922, 2.593, 3.386, 4.536, 4.934, 6.133, 6.271, 6.015, 5.921, 5.687, 5.108, 5.374, 6.354, 6.905, 6.625, 6.745, 7.37, 7.605, 8.788, 10.278, 11.029, 10.618, 10.483, 10.45, 10.041, 10.03, 10.885, 10.11, 9.258, 9.734, 10.016, 9.432, 9.348, 8.704, 8.56, 7.882, 7.074], [6.678, 6.203, 6.163, 7.169, 7.6, 8.697, 8.27, 5.993, 4.696, 4.015, 3.956, 3.384, 3.257, 3.185, 2.545, 1.683, 1.179, 0.0, 1.093, 1.297, 1.362, 2.001, 2.503, 2.461, 2.267, 1.7, 2.425, 3.38, 3.837, 3.362, 3.465, 3.455, 3.45, 3.53, 2.826, 2.216, 1.915, 1.996, 1.897, 2.141, 2.409, 1.996, 1.965, 2.133, 1.749, 1.868, 1.941, 2.227, 2.161, 2.349, 3.282, 4.091, 5.242, 5.638, 6.831, 6.954, 6.702, 6.616, 6.404, 5.857, 6.124, 7.062, 7.586, 7.297, 7.414, 8.041, 8.295, 9.459, 10.969, 11.736, 11.331, 11.2, 11.159, 10.732, 10.722, 11.583, 10.857, 10.001, 10.477, 10.744, 10.166, 10.048, 9.397, 9.254, 8.573, 7.743], [7.306, 6.831, 6.788, 7.904, 8.256, 9.408, 8.87, 6.635, 5.169, 4.164, 3.913, 3.39, 3.533, 3.926, 3.211, 2.188, 1.632, 1.093, 0.0, 0.678, 1.424, 2.204, 2.916, 2.819, 2.55, 2.008, 2.301, 3.145, 3.607, 3.379, 3.97, 3.997, 4.066, 4.156, 3.126, 2.387, 2.181, 2.082, 1.863, 2.1, 2.473, 2.05, 1.919, 2.394, 1.993, 1.848, 2.004, 2.292, 2.375, 2.678, 3.699, 4.642, 5.808, 6.215, 7.435, 7.453, 7.193, 7.128, 6.766, 6.091, 6.409, 7.441, 8.046, 7.808, 7.865, 8.497, 8.753, 9.912, 11.463, 12.28, 11.941, 11.813, 11.691, 11.245, 11.22, 12.108, 11.433, 10.563, 11.032, 11.294, 10.723, 10.587, 9.917, 9.774, 9.099, 8.263], [7.394, 6.946, 6.903, 8.026, 8.383, 9.555, 9.025, 6.708, 5.225, 4.066, 3.721, 3.229, 3.503, 4.021, 3.385, 2.405, 1.763, 1.297, 0.678, 0.0, 1.287, 2.211, 3.022, 2.884, 2.651, 2.057, 2.228, 2.97, 3.397, 3.205, 3.881, 3.91, 4.025, 4.165, 3.095, 2.322, 2.167, 2.142, 1.819, 1.983, 2.39, 1.967, 1.895, 2.428, 2.036, 1.903, 2.006, 2.296, 2.377, 2.702, 3.787, 4.72, 5.896, 6.304, 7.534, 7.516, 7.203, 7.151, 6.736, 6.037, 6.327, 7.411, 8.055, 7.823, 7.874, 8.473, 8.762, 9.907, 11.491, 12.325, 12.005, 11.877, 11.748, 11.281, 11.244, 12.143, 11.508, 10.628, 11.095, 11.358, 10.789, 10.652, 9.928, 9.789, 9.113, 8.286], [6.42, 5.966, 5.929, 6.995, 7.392, 8.514, 8.028, 5.725, 4.346, 3.177, 2.866, 2.317, 2.49, 2.951, 2.293, 1.395, 1.15, 1.362, 1.424, 1.287, 0.0, 1.281, 1.919, 1.921, 1.713, 1.325, 1.618, 2.675, 3.062, 2.599, 2.898, 2.871, 2.951, 3.087, 2.157, 1.611, 1.716, 1.165, 1.636, 1.533, 1.675, 1.787, 1.96, 1.813, 1.526, 2.159, 1.84, 1.793, 1.882, 2.072, 2.838, 3.748, 4.924, 5.314, 6.513, 6.529, 6.213, 6.15, 5.769, 5.091, 5.383, 6.44, 7.083, 6.828, 6.858, 7.447, 7.758, 8.903, 10.47, 11.288, 10.935, 10.81, 10.714, 10.269, 10.238, 11.187, 10.518, 9.624, 10.079, 10.347, 9.76, 9.624, 8.933, 8.813, 8.132, 7.303], [5.666, 5.204, 5.171, 6.263, 6.629, 7.767, 7.265, 4.97, 3.521, 2.389, 2.244, 1.678, 1.786, 2.017, 1.652, 1.218, 1.43, 2.001, 2.204, 2.211, 1.281, 0.0, 1.102, 1.059, 0.902, 1.155, 1.541, 2.754, 2.812, 2.024, 2.144, 2.087, 2.041, 2.162, 1.639, 1.331, 1.547, 1.35, 1.838, 1.813, 1.701, 2.051, 2.262, 1.644, 1.729, 2.652, 2.282, 1.856, 1.888, 1.664, 2.082, 2.986, 4.171, 4.557, 5.779, 5.744, 5.437, 5.414, 5.014, 4.347, 4.611, 5.68, 6.336, 6.081, 6.101, 6.696, 6.999, 8.141, 9.732, 10.561, 10.214, 10.088, 9.985, 9.532, 9.491, 10.422, 9.766, 8.853, 9.316, 9.587, 9.003, 8.861, 8.159, 8.023, 7.338, 6.515], [4.852, 4.377, 4.35, 5.422, 5.795, 6.94, 6.461, 4.132, 2.713, 1.802, 1.752, 1.35, 1.312, 1.453, 1.426, 1.407, 1.888, 2.503, 2.916, 3.022, 1.919, 1.102, 0.0, 0.625, 1.008, 1.564, 2.196, 2.971, 2.783, 1.819, 1.552, 1.519, 1.467, 1.603, 1.475, 1.648, 2.041, 1.756, 2.412, 2.445, 2.237, 2.565, 2.785, 2.047, 2.158, 3.145, 2.902, 2.488, 2.384, 1.89, 1.54, 2.23, 3.351, 3.751, 4.95, 4.954, 4.665, 4.612, 4.331, 3.654, 3.926, 4.944, 5.559, 5.278, 5.314, 5.93, 6.198, 7.365, 8.876, 9.684, 9.328, 9.224, 9.151, 8.698, 8.688, 9.635, 8.916, 8.0, 8.472, 8.746, 8.154, 7.958, 7.306, 7.217, 6.531, 5.708], [4.984, 4.526, 4.511, 5.593, 5.953, 7.095, 6.616, 4.294, 2.788, 1.827, 1.813, 1.359, 1.309, 1.631, 1.627, 1.448, 1.788, 2.461, 2.819, 2.884, 1.921, 1.059, 0.625, 0.0, 0.997, 1.594, 2.091, 2.919, 2.758, 1.787, 1.631, 1.598, 1.511, 1.709, 1.533, 1.521, 1.871, 1.675, 2.269, 2.337, 2.118, 2.369, 2.636, 1.927, 2.001, 2.957, 2.751, 2.341, 2.245, 1.799, 1.605, 2.415, 3.511, 3.914, 5.109, 5.112, 4.797, 4.757, 4.429, 3.653, 4.032, 5.068, 5.718, 5.436, 5.477, 6.1, 6.356, 7.529, 9.031, 9.85, 9.484, 9.383, 9.306, 8.85, 8.843, 9.791, 9.077, 8.166, 8.63, 8.907, 8.314, 8.117, 7.459, 7.37, 6.684, 5.849], [5.494, 5.042, 5.005, 6.055, 6.44, 7.563, 7.097, 4.766, 3.264, 2.354, 2.362, 1.808, 1.77, 2.009, 1.796, 1.416, 1.81, 2.267, 2.55, 2.651, 1.713, 0.902, 1.008, 0.997, 0.0, 1.073, 1.678, 3.108, 3.145, 2.24, 2.005, 1.855, 1.843, 1.959, 1.412, 1.381, 1.516, 1.406, 1.974, 1.94, 1.831, 2.264, 2.237, 1.568, 1.699, 2.618, 2.355, 1.923, 1.804, 1.533, 1.992, 2.998, 4.048, 4.427, 5.604, 5.592, 5.271, 5.259, 4.841, 4.11, 4.474, 5.484, 6.182, 5.922, 5.933, 6.529, 6.824, 7.976, 9.531, 10.358, 9.969, 9.883, 9.806, 9.351, 9.316, 10.255, 9.575, 8.672, 9.138, 9.403, 8.829, 8.647, 7.938, 7.85, 7.164, 6.332], [6.232, 5.758, 5.728, 6.731, 7.153, 8.271, 7.823, 5.519, 4.039, 2.977, 2.998, 2.426, 2.407, 2.422, 1.936, 1.438, 1.544, 1.7, 2.008, 2.057, 1.325, 1.155, 1.564, 1.594, 1.073, 0.0, 1.486, 3.329, 3.37, 2.576, 2.424, 2.303, 2.231, 2.397, 1.717, 1.209, 1.284, 1.178, 1.549, 1.452, 1.605, 1.736, 1.761, 1.355, 1.214, 2.06, 1.858, 1.567, 1.438, 1.633, 2.716, 3.622, 4.766, 5.112, 6.317, 6.295, 5.989, 5.978, 5.542, 4.905, 5.145, 6.172, 6.879, 6.62, 6.635, 7.186, 7.536, 8.665, 10.263, 11.085, 10.712, 10.626, 10.547, 10.087, 10.047, 10.981, 10.311, 9.394, 9.857, 10.131, 9.543, 9.36, 8.656, 8.546, 7.875, 7.056], [6.956, 6.502, 6.484, 7.484, 7.924, 9.02, 8.588, 6.259, 4.714, 3.425, 3.117, 2.453, 2.636, 3.198, 2.902, 2.019, 1.953, 2.425, 2.301, 2.228, 1.618, 1.541, 2.196, 2.091, 1.678, 1.486, 0.0, 2.006, 2.184, 2.229, 2.819, 2.733, 2.92, 3.227, 2.428, 1.415, 1.764, 1.779, 1.943, 1.807, 1.735, 1.93, 2.063, 1.866, 1.622, 2.405, 2.054, 1.734, 1.868, 2.102, 3.365, 4.274, 5.443, 5.861, 7.065, 7.085, 6.701, 6.65, 6.173, 5.216, 5.598, 6.79, 7.512, 7.323, 7.35, 7.905, 8.203, 9.365, 10.971, 11.81, 11.468, 11.365, 11.262, 10.791, 10.731, 11.689, 11.031, 10.13, 10.578, 10.838, 10.245, 10.128, 9.369, 9.272, 8.604, 7.785], [7.051, 6.625, 6.625, 7.673, 8.172, 9.227, 8.793, 6.433, 4.879, 3.651, 3.142, 2.656, 3.113, 3.96, 3.913, 3.216, 2.842, 3.38, 3.145, 2.97, 2.675, 2.754, 2.971, 2.919, 3.108, 3.329, 2.006, 0.0, 1.041, 2.189, 3.14, 3.223, 3.521, 3.996, 3.402, 2.837, 3.203, 3.212, 3.19, 2.92, 2.795, 2.997, 3.52, 3.476, 3.125, 3.569, 3.329, 3.251, 3.5, 3.784, 3.896, 4.54, 5.624, 6.034, 7.145, 7.203, 6.788, 6.746, 6.226, 5.17, 5.659, 6.813, 7.605, 7.404, 7.396, 7.945, 8.257, 9.41, 11.02, 11.852, 11.531, 11.421, 11.341, 10.857, 10.811, 11.78, 11.157, 10.28, 10.634, 10.902, 10.347, 10.165, 9.451, 9.359, 8.693, 7.904], [6.283, 5.962, 5.894, 6.934, 7.532, 8.529, 8.09, 5.663, 4.132, 2.881, 2.474, 2.321, 2.775, 3.829, 3.872, 3.416, 3.145, 3.837, 3.607, 3.397, 3.062, 2.812, 2.783, 2.758, 3.145, 3.37, 2.184, 1.041, 0.0, 1.487, 2.446, 2.84, 3.257, 3.73, 3.372, 2.916, 3.444, 3.385, 3.466, 3.235, 3.159, 3.339, 3.843, 3.578, 3.338, 3.964, 3.756, 3.485, 3.719, 3.926, 3.622, 4.061, 4.884, 5.294, 6.407, 6.376, 5.978, 5.978, 5.484, 4.53, 4.936, 6.072, 6.796, 6.605, 6.627, 7.174, 7.474, 8.624, 10.245, 11.077, 10.73, 10.632, 10.514, 10.05, 10.007, 10.969, 10.346, 9.568, 9.885, 10.141, 9.641, 9.417, 8.65, 8.566, 7.907, 7.307], [5.232, 4.98, 4.946, 5.862, 6.379, 7.343, 6.953, 4.634, 3.092, 1.918, 1.638, 1.617, 1.94, 2.632, 2.868, 2.695, 2.715, 3.362, 3.379, 3.205, 2.599, 2.024, 1.819, 1.787, 2.24, 2.576, 2.229, 2.189, 1.487, 0.0, 1.146, 1.664, 2.08, 2.498, 2.352, 2.131, 2.8, 2.688, 3.15, 2.984, 2.863, 3.147, 3.574, 2.964, 2.867, 3.837, 3.507, 3.158, 3.272, 3.121, 2.726, 3.036, 3.817, 4.232, 5.4, 5.328, 4.963, 4.967, 4.473, 3.561, 3.957, 5.083, 5.805, 5.629, 5.626, 6.18, 6.477, 7.641, 9.255, 10.087, 9.74, 9.632, 9.537, 9.069, 9.007, 9.962, 9.327, 8.417, 8.868, 9.135, 8.542, 8.418, 7.663, 7.558, 6.893, 6.264], [4.339, 4.092, 4.151, 4.928, 5.46, 6.393, 6.022, 3.783, 2.317, 1.571, 1.62, 1.76, 1.949, 2.132, 2.479, 2.549, 2.798, 3.465, 3.97, 3.881, 2.898, 2.144, 1.552, 1.631, 2.005, 2.424, 2.819, 3.14, 2.446, 1.146, 0.0, 0.965, 1.416, 1.762, 1.979, 2.307, 2.721, 2.803, 3.568, 3.411, 3.186, 3.367, 3.649, 2.993, 3.104, 4.098, 3.784, 3.306, 3.287, 2.956, 2.227, 2.286, 2.939, 3.302, 4.444, 4.362, 4.002, 4.043, 3.597, 2.951, 3.22, 4.229, 4.862, 4.66, 4.671, 5.224, 5.522, 6.685, 8.294, 9.131, 8.783, 8.672, 8.577, 8.109, 8.044, 8.995, 8.352, 7.458, 7.913, 8.18, 7.592, 7.46, 6.708, 6.6, 5.957, 5.348], [4.522, 4.015, 3.933, 4.918, 5.436, 6.481, 6.025, 3.772, 2.501, 1.802, 1.838, 1.793, 1.765, 1.862, 2.26, 2.468, 2.76, 3.455, 3.997, 3.91, 2.871, 2.087, 1.519, 1.598, 1.855, 2.303, 2.733, 3.223, 2.84, 1.664, 0.965, 0.0, 0.793, 1.252, 1.785, 2.175, 2.668, 2.715, 3.518, 3.375, 3.117, 3.26, 3.467, 2.881, 3.032, 3.995, 3.652, 3.165, 3.101, 2.716, 1.956, 2.35, 3.223, 3.478, 4.549, 4.507, 4.189, 4.302, 3.911, 3.132, 3.449, 4.438, 5.033, 4.763, 4.773, 5.331, 5.646, 6.796, 8.389, 9.226, 8.88, 8.767, 8.667, 8.2, 8.135, 9.078, 8.44, 7.556, 8.006, 8.272, 7.691, 7.558, 6.8, 6.692, 6.027, 5.201], [4.474, 3.913, 3.728, 4.698, 5.162, 6.238, 5.769, 3.684, 2.549, 1.973, 2.083, 1.848, 1.679, 1.542, 1.929, 2.349, 2.83, 3.45, 4.066, 4.025, 2.951, 2.041, 1.467, 1.511, 1.843, 2.231, 2.92, 3.521, 3.257, 2.08, 1.416, 0.793, 0.0, 0.839, 1.563, 2.171, 2.503, 2.538, 3.322, 3.266, 2.936, 3.077, 3.278, 2.656, 2.994, 3.887, 3.602, 3.07, 2.866, 2.363, 1.772, 2.242, 3.2, 3.373, 4.413, 4.407, 4.193, 4.27, 3.956, 3.348, 3.606, 4.477, 4.968, 4.631, 4.639, 5.204, 5.547, 6.674, 8.26, 9.092, 8.726, 8.613, 8.512, 8.049, 7.991, 8.922, 8.269, 7.377, 7.843, 8.109, 7.536, 7.404, 6.659, 6.528, 5.862, 5.041], [4.062, 3.569, 3.514, 4.428, 4.85, 5.972, 5.51, 3.293, 2.1, 1.75, 2.004, 1.984, 1.684, 1.24, 1.809, 2.426, 2.999, 3.53, 4.156, 4.165, 3.087, 2.162, 1.603, 1.709, 1.959, 2.397, 3.227, 3.996, 3.73, 2.498, 1.762, 1.252, 0.839, 0.0, 1.388, 2.435, 2.705, 2.565, 3.384, 3.378, 3.097, 3.223, 3.391, 2.73, 3.122, 3.995, 3.698, 3.17, 2.885, 2.263, 1.618, 1.852, 2.731, 2.922, 4.04, 4.134, 3.896, 3.89, 3.63, 3.102, 3.299, 4.232, 4.734, 4.429, 4.465, 5.053, 5.368, 6.512, 8.072, 8.894, 8.504, 8.391, 8.3, 7.858, 7.813, 8.713, 8.03, 7.156, 7.63, 7.887, 7.318, 7.186, 6.491, 6.354, 5.672, 4.852], [4.685, 4.243, 4.2, 5.218, 5.674, 6.79, 6.353, 3.983, 2.62, 1.783, 1.86, 1.688, 1.539, 1.472, 1.621, 1.674, 2.19, 2.826, 3.126, 3.095, 2.157, 1.639, 1.475, 1.533, 1.412, 1.717, 2.428, 3.402, 3.372, 2.352, 1.979, 1.785, 1.563, 1.388, 0.0, 1.547, 2.034, 1.834, 2.479, 2.42, 2.246, 2.62, 2.914, 2.221, 2.496, 3.474, 3.151, 2.656, 2.566, 1.857, 1.464, 2.285, 3.259, 3.614, 4.806, 4.842, 4.533, 4.48, 4.076, 3.491, 3.775, 4.761, 5.359, 5.142, 5.216, 5.801, 6.099, 7.237, 8.826, 9.653, 9.306, 9.178, 9.05, 8.586, 8.549, 9.45, 8.829, 7.955, 8.403, 8.676, 8.1, 7.983, 7.271, 7.137, 6.462, 5.654], [6.06, 5.618, 5.576, 6.569, 7.016, 8.125, 7.677, 5.324, 3.786, 2.601, 2.407, 1.934, 1.932, 2.385, 2.102, 1.554, 1.695, 2.216, 2.387, 2.322, 1.611, 1.331, 1.648, 1.521, 1.381, 1.209, 1.415, 2.837, 2.916, 2.131, 2.307, 2.175, 2.171, 2.435, 1.547, 0.0, 1.118, 1.235, 1.538, 1.415, 1.332, 1.442, 1.835, 1.338, 1.515, 2.357, 1.968, 1.648, 1.623, 1.481, 2.513, 3.442, 4.564, 4.974, 6.166, 6.173, 5.835, 5.771, 5.289, 4.378, 4.853, 5.932, 6.639, 6.455, 6.497, 7.055, 7.365, 8.505, 10.128, 10.966, 10.628, 10.5, 10.372, 9.901, 9.848, 10.806, 10.157, 9.279, 9.737, 10.012, 9.422, 9.305, 8.565, 8.458, 7.792, 6.963], [6.228, 5.786, 5.754, 6.798, 7.204, 8.317, 7.844, 5.512, 4.045, 3.116, 3.089, 2.554, 2.416, 2.762, 2.26, 1.593, 1.881, 1.915, 2.181, 2.167, 1.716, 1.547, 2.041, 1.871, 1.516, 1.284, 1.764, 3.203, 3.444, 2.8, 2.721, 2.668, 2.503, 2.705, 2.034, 1.118, 0.0, 1.133, 1.36, 1.469, 1.218, 1.289, 1.448, 1.118, 1.418, 2.037, 1.766, 1.46, 1.217, 1.421, 2.743, 3.659, 4.741, 5.152, 6.344, 6.396, 6.044, 5.979, 5.527, 4.629, 5.077, 6.157, 6.848, 6.661, 6.712, 7.268, 7.602, 8.726, 10.35, 11.185, 10.846, 10.72, 10.599, 10.125, 10.055, 10.983, 10.358, 9.47, 9.937, 10.21, 9.633, 9.516, 8.776, 8.656, 7.984, 7.167], [5.913, 5.471, 5.438, 6.484, 6.93, 8.034, 7.563, 5.22, 3.794, 2.8, 2.596, 2.14, 1.986, 2.525, 1.937, 1.323, 1.653, 1.996, 2.082, 2.142, 1.165, 1.35, 1.756, 1.675, 1.406, 1.178, 1.779, 3.212, 3.385, 2.688, 2.803, 2.715, 2.538, 2.565, 1.834, 1.235, 1.133, 0.0, 1.125, 1.038, 1.063, 1.527, 1.643, 1.101, 1.282, 2.09, 1.913, 1.598, 1.467, 1.491, 2.426, 3.244, 4.401, 4.822, 6.019, 6.092, 5.787, 5.726, 5.356, 4.525, 4.905, 6.025, 6.659, 6.41, 6.455, 7.06, 7.353, 8.487, 10.061, 10.875, 10.488, 10.378, 10.307, 9.857, 9.827, 10.721, 10.045, 9.127, 9.6, 9.88, 9.293, 9.181, 8.489, 8.355, 7.68, 6.841], [6.692, 6.251, 6.218, 7.254, 7.698, 8.797, 8.348, 6.016, 4.589, 3.499, 3.06, 2.476, 2.622, 3.22, 2.556, 1.873, 2.078, 1.897, 1.863, 1.819, 1.636, 1.838, 2.412, 2.269, 1.974, 1.549, 1.943, 3.19, 3.466, 3.15, 3.568, 3.518, 3.322, 3.384, 2.479, 1.538, 1.36, 1.125, 0.0, 0.59, 0.916, 1.182, 1.323, 1.26, 1.394, 1.533, 1.664, 1.671, 1.496, 1.805, 3.238, 4.064, 5.215, 5.629, 6.827, 6.918, 6.584, 6.548, 6.222, 5.372, 5.812, 6.888, 7.513, 7.224, 7.294, 7.922, 8.177, 9.341, 10.892, 11.678, 11.295, 11.182, 11.131, 10.668, 10.659, 11.536, 10.815, 9.929, 10.395, 10.682, 10.087, 9.989, 9.274, 9.144, 8.463, 7.653], [6.721, 6.28, 6.226, 7.259, 7.781, 8.854, 8.38, 6.071, 4.592, 3.454, 2.994, 2.4, 2.599, 3.298, 2.66, 1.996, 2.164, 2.141, 2.1, 1.983, 1.533, 1.813, 2.445, 2.337, 1.94, 1.452, 1.807, 2.92, 3.235, 2.984, 3.411, 3.375, 3.266, 3.378, 2.42, 1.415, 1.469, 1.038, 0.59, 0.0, 0.832, 1.276, 1.506, 1.361, 1.501, 1.813, 1.708, 1.691, 1.609, 1.994, 3.265, 4.04, 5.211, 5.626, 6.834, 6.885, 6.597, 6.502, 6.13, 5.263, 5.69, 6.802, 7.433, 7.156, 7.249, 7.844, 8.12, 9.267, 10.839, 11.646, 11.315, 11.172, 11.073, 10.606, 10.601, 11.495, 10.878, 9.928, 10.401, 10.658, 10.084, 9.955, 9.241, 9.121, 8.448, 7.63], [6.493, 6.048, 6.025, 7.102, 7.5, 8.631, 8.15, 5.835, 4.38, 3.26, 2.8, 2.168, 2.363, 3.054, 2.482, 1.81, 2.139, 2.409, 2.473, 2.39, 1.675, 1.701, 2.237, 2.118, 1.831, 1.605, 1.735, 2.795, 3.159, 2.863, 3.186, 3.117, 2.936, 3.097, 2.246, 1.332, 1.218, 1.063, 0.916, 0.832, 0.0, 1.266, 1.625, 1.31, 1.486, 2.02, 1.797, 1.522, 1.526, 1.724, 2.98, 3.842, 5.02, 5.413, 6.608, 6.654, 6.295, 6.239, 5.856, 4.963, 5.394, 6.5, 7.164, 6.915, 6.964, 7.583, 7.851, 8.993, 10.561, 11.385, 11.026, 10.921, 10.832, 10.362, 10.348, 11.284, 10.612, 9.706, 10.161, 10.428, 9.838, 9.704, 8.971, 8.872, 8.197, 7.374], [6.783, 6.344, 6.309, 7.318, 7.796, 8.9, 8.443, 6.12, 4.601, 3.573, 3.27, 2.631, 2.638, 3.2, 2.803, 2.027, 1.895, 1.996, 2.05, 1.967, 1.787, 2.051, 2.565, 2.369, 2.264, 1.736, 1.93, 2.997, 3.339, 3.147, 3.367, 3.26, 3.077, 3.223, 2.62, 1.442, 1.289, 1.527, 1.182, 1.276, 1.266, 0.0, 0.906, 1.332, 1.558, 1.583, 1.455, 1.478, 1.263, 1.797, 3.259, 4.145, 5.287, 5.69, 6.891, 6.922, 6.603, 6.568, 6.112, 5.214, 5.634, 6.742, 7.457, 7.204, 7.226, 7.819, 8.127, 9.275, 10.848, 11.676, 11.316, 11.202, 11.105, 10.647, 10.614, 11.548, 10.902, 10.003, 10.456, 10.716, 10.134, 9.992, 9.265, 9.161, 8.499, 7.661], [7.01, 6.571, 6.533, 7.532, 7.967, 9.073, 8.624, 6.312, 4.756, 3.836, 3.723, 3.165, 2.947, 3.374, 2.967, 2.376, 2.183, 1.965, 1.919, 1.895, 1.96, 2.262, 2.785, 2.636, 2.237, 1.761, 2.063, 3.52, 3.843, 3.574, 3.649, 3.467, 3.278, 3.391, 2.914, 1.835, 1.448, 1.643, 1.323, 1.506, 1.625, 0.906, 0.0, 1.183, 1.435, 1.15, 1.283, 1.27, 1.119, 1.683, 3.451, 4.399, 5.549, 5.915, 7.118, 7.131, 6.776, 6.749, 6.336, 5.466, 5.871, 6.993, 7.666, 7.411, 7.455, 8.063, 8.329, 9.505, 11.076, 11.91, 11.549, 11.436, 11.335, 10.873, 10.835, 11.756, 11.103, 10.224, 10.682, 10.949, 10.359, 10.227, 9.479, 9.365, 8.705, 7.878], [6.175, 5.735, 5.698, 6.699, 7.161, 8.258, 7.799, 5.491, 4.036, 3.215, 3.097, 2.602, 2.346, 2.641, 2.201, 1.809, 2.0, 2.133, 2.394, 2.428, 1.813, 1.644, 2.047, 1.927, 1.568, 1.355, 1.866, 3.476, 3.578, 2.964, 2.993, 2.881, 2.656, 2.73, 2.221, 1.338, 1.118, 1.101, 1.26, 1.361, 1.31, 1.332, 1.183, 0.0, 1.105, 1.757, 1.674, 1.391, 1.076, 1.208, 2.662, 3.562, 4.688, 5.079, 6.285, 6.292, 5.989, 5.929, 5.564, 4.694, 5.114, 6.193, 6.871, 6.606, 6.657, 7.284, 7.507, 8.705, 10.2, 11.023, 10.677, 10.574, 10.473, 10.042, 10.029, 10.952, 10.279, 9.35, 9.811, 10.071, 9.477, 9.355, 8.637, 8.548, 7.885, 7.05], [6.784, 6.333, 6.301, 7.3, 7.723, 8.841, 8.392, 6.062, 4.53, 3.503, 3.338, 2.8, 2.659, 2.893, 2.492, 1.757, 1.55, 1.749, 1.993, 2.036, 1.526, 1.729, 2.158, 2.001, 1.699, 1.214, 1.622, 3.125, 3.338, 2.867, 3.104, 3.032, 2.994, 3.122, 2.496, 1.515, 1.418, 1.282, 1.394, 1.501, 1.486, 1.558, 1.435, 1.105, 0.0, 1.271, 1.261, 1.157, 1.205, 1.631, 3.246, 4.146, 5.304, 5.719, 6.926, 6.934, 6.61, 6.571, 6.247, 5.385, 5.791, 6.859, 7.543, 7.251, 7.321, 7.947, 8.17, 9.358, 10.852, 11.615, 11.249, 11.166, 11.116, 10.681, 10.698, 11.61, 10.852, 9.927, 10.383, 10.688, 10.05, 9.92, 9.259, 9.174, 8.506, 7.667], [7.709, 7.268, 7.23, 8.226, 8.648, 9.77, 9.321, 6.98, 5.421, 4.448, 4.204, 3.542, 3.525, 3.802, 3.431, 2.718, 2.213, 1.868, 1.848, 1.903, 2.159, 2.652, 3.145, 2.957, 2.618, 2.06, 2.405, 3.569, 3.964, 3.837, 4.098, 3.995, 3.887, 3.995, 3.474, 2.357, 2.037, 2.09, 1.533, 1.813, 2.02, 1.583, 1.15, 1.757, 1.271, 0.0, 0.829, 1.124, 1.32, 2.208, 4.131, 5.053, 6.208, 6.626, 7.828, 7.828, 7.52, 7.476, 7.131, 6.268, 6.702, 7.773, 8.448, 8.143, 8.227, 8.841, 9.089, 10.255, 11.8, 12.588, 12.221, 12.097, 12.041, 11.594, 11.597, 12.518, 11.791, 10.864, 11.318, 11.613, 11.01, 10.918, 10.217, 10.119, 9.444, 8.614], [7.537, 7.095, 7.052, 8.045, 8.467, 9.589, 9.153, 6.799, 5.203, 4.042, 3.759, 3.156, 3.153, 3.59, 3.194, 2.418, 1.96, 1.941, 2.004, 2.006, 1.84, 2.282, 2.902, 2.751, 2.355, 1.858, 2.054, 3.329, 3.756, 3.507, 3.784, 3.652, 3.602, 3.698, 3.151, 1.968, 1.766, 1.913, 1.664, 1.708, 1.797, 1.455, 1.283, 1.674, 1.261, 0.829, 0.0, 0.751, 1.015, 2.003, 3.93, 4.868, 6.022, 6.446, 7.641, 7.648, 7.328, 7.302, 6.882, 5.986, 6.425, 7.529, 8.235, 7.985, 7.993, 8.585, 8.888, 10.028, 11.591, 12.41, 12.048, 11.94, 11.859, 11.417, 11.398, 12.32, 11.615, 10.729, 11.204, 11.469, 10.897, 10.751, 10.038, 9.933, 9.256, 8.431], [7.044, 6.605, 6.564, 7.557, 7.979, 9.101, 8.658, 6.311, 4.707, 3.61, 3.39, 2.784, 2.747, 3.128, 2.782, 2.043, 1.806, 2.227, 2.292, 2.296, 1.793, 1.856, 2.488, 2.341, 1.923, 1.567, 1.734, 3.251, 3.485, 3.158, 3.306, 3.165, 3.07, 3.17, 2.656, 1.648, 1.46, 1.598, 1.671, 1.691, 1.522, 1.478, 1.27, 1.391, 1.157, 1.124, 0.751, 0.0, 0.705, 1.474, 3.426, 4.362, 5.531, 5.958, 7.153, 7.156, 6.797, 6.777, 6.343, 5.44, 5.883, 7.003, 7.696, 7.457, 7.476, 8.051, 8.357, 9.5, 11.112, 11.941, 11.571, 11.47, 11.389, 10.923, 10.891, 11.802, 11.142, 10.257, 10.72, 10.992, 10.411, 10.275, 9.522, 9.39, 8.711, 7.904], [6.656, 6.216, 6.179, 7.177, 7.6, 8.718, 8.27, 5.939, 4.359, 3.478, 3.37, 2.804, 2.555, 2.796, 2.567, 1.924, 1.898, 2.161, 2.375, 2.377, 1.882, 1.888, 2.384, 2.245, 1.804, 1.438, 1.868, 3.5, 3.719, 3.272, 3.287, 3.101, 2.866, 2.885, 2.566, 1.623, 1.217, 1.467, 1.496, 1.609, 1.526, 1.263, 1.119, 1.076, 1.205, 1.32, 1.015, 0.705, 0.0, 1.144, 3.082, 4.044, 5.167, 5.585, 6.782, 6.787, 6.432, 6.404, 5.988, 5.137, 5.547, 6.661, 7.335, 7.089, 7.105, 7.708, 7.993, 9.143, 10.718, 11.547, 11.184, 11.084, 11.003, 10.544, 10.518, 11.446, 10.759, 9.869, 10.327, 10.598, 10.019, 9.868, 9.137, 9.021, 8.334, 7.524], [5.619, 5.18, 5.142, 6.139, 6.561, 7.683, 7.233, 4.893, 3.405, 2.754, 2.893, 2.429, 1.889, 1.867, 1.888, 1.719, 1.922, 2.349, 2.678, 2.702, 2.072, 1.664, 1.89, 1.799, 1.533, 1.633, 2.102, 3.784, 3.926, 3.121, 2.956, 2.716, 2.363, 2.263, 1.857, 1.481, 1.421, 1.491, 1.805, 1.994, 1.724, 1.797, 1.683, 1.208, 1.631, 2.208, 2.003, 1.474, 1.144, 0.0, 2.073, 3.016, 4.14, 4.539, 5.739, 5.732, 5.422, 5.387, 5.038, 4.301, 4.626, 5.704, 6.327, 6.063, 6.101, 6.73, 6.988, 8.157, 9.702, 10.528, 10.136, 10.034, 9.957, 9.499, 9.48, 10.419, 9.728, 8.83, 9.284, 9.555, 8.971, 8.831, 8.149, 8.011, 7.331, 6.498], [3.68, 3.22, 3.18, 4.286, 4.718, 5.84, 5.304, 3.0, 1.792, 1.692, 1.868, 1.812, 1.283, 1.196, 1.689, 2.075, 2.593, 3.282, 3.699, 3.787, 2.838, 2.082, 1.54, 1.605, 1.992, 2.716, 3.365, 3.896, 3.622, 2.726, 2.227, 1.956, 1.772, 1.618, 1.464, 2.513, 2.743, 2.426, 3.238, 3.265, 2.98, 3.259, 3.451, 2.662, 3.246, 4.131, 3.93, 3.426, 3.082, 2.073, 0.0, 1.206, 2.147, 2.563, 3.787, 3.773, 3.555, 3.454, 3.208, 2.793, 2.92, 3.863, 4.391, 4.126, 4.218, 4.866, 5.096, 6.263, 7.792, 8.604, 8.282, 8.14, 8.016, 7.566, 7.551, 8.434, 7.746, 6.89, 7.346, 7.616, 7.041, 6.919, 6.266, 6.123, 5.455, 4.617], [2.794, 2.313, 2.422, 3.599, 4.213, 5.209, 4.549, 2.436, 1.592, 1.803, 1.821, 2.265, 2.013, 1.573, 2.262, 2.836, 3.386, 4.091, 4.642, 4.72, 3.748, 2.986, 2.23, 2.415, 2.998, 3.622, 4.274, 4.54, 4.061, 3.036, 2.286, 2.35, 2.242, 1.852, 2.285, 3.442, 3.659, 3.244, 4.064, 4.04, 3.842, 4.145, 4.399, 3.562, 4.146, 5.053, 4.868, 4.362, 4.044, 3.016, 1.206, 0.0, 1.316, 1.697, 2.885, 3.264, 3.063, 2.815, 2.697, 2.286, 2.391, 3.154, 3.539, 3.349, 3.501, 4.099, 4.341, 5.498, 6.949, 7.747, 7.536, 7.382, 7.254, 6.77, 6.674, 7.548, 7.002, 6.024, 6.461, 6.686, 6.12, 6.007, 5.395, 5.292, 4.531, 3.78], [2.1, 1.94, 2.106, 2.802, 3.587, 4.232, 3.601, 1.935, 1.408, 2.303, 2.604, 3.37, 3.021, 2.636, 3.244, 3.949, 4.536, 5.242, 5.808, 5.896, 4.924, 4.171, 3.351, 3.511, 4.048, 4.766, 5.443, 5.624, 4.884, 3.817, 2.939, 3.223, 3.2, 2.731, 3.259, 4.564, 4.741, 4.401, 5.215, 5.211, 5.02, 5.287, 5.549, 4.688, 5.304, 6.208, 6.022, 5.531, 5.167, 4.14, 2.147, 1.316, 0.0, 0.957, 1.988, 2.284, 2.274, 2.111, 2.012, 2.028, 2.061, 2.69, 2.568, 2.309, 2.562, 3.179, 3.343, 4.528, 5.845, 6.62, 6.458, 6.285, 6.16, 5.674, 5.644, 6.501, 5.809, 4.917, 5.301, 5.532, 4.991, 4.85, 4.228, 4.124, 3.729, 3.266], [1.582, 1.419, 1.628, 2.388, 3.243, 3.915, 3.265, 1.486, 1.627, 2.66, 3.03, 3.774, 3.432, 3.04, 3.693, 4.346, 4.934, 5.638, 6.215, 6.304, 5.314, 4.557, 3.751, 3.914, 4.427, 5.112, 5.861, 6.034, 5.294, 4.232, 3.302, 3.478, 3.373, 2.922, 3.614, 4.974, 5.152, 4.822, 5.629, 5.626, 5.413, 5.69, 5.915, 5.079, 5.719, 6.626, 6.446, 5.958, 5.585, 4.539, 2.563, 1.697, 0.957, 0.0, 1.491, 1.966, 1.953, 1.816, 1.837, 1.994, 1.817, 2.134, 2.19, 1.928, 2.125, 2.807, 2.982, 4.12, 5.512, 6.276, 6.162, 6.008, 5.866, 5.313, 5.265, 6.1, 5.5, 4.619, 4.976, 5.203, 4.601, 4.484, 3.953, 3.796, 3.159, 2.679], [1.39, 1.549, 2.072, 2.209, 2.776, 3.145, 2.538, 1.542, 2.632, 3.813, 4.284, 4.984, 4.62, 4.228, 4.852, 5.534, 6.133, 6.831, 7.435, 7.534, 6.513, 5.779, 4.95, 5.109, 5.604, 6.317, 7.065, 7.145, 6.407, 5.4, 4.444, 4.549, 4.413, 4.04, 4.806, 6.166, 6.344, 6.019, 6.827, 6.834, 6.608, 6.891, 7.118, 6.285, 6.926, 7.828, 7.641, 7.153, 6.782, 5.739, 3.787, 2.885, 1.988, 1.491, 0.0, 1.433, 1.436, 1.515, 1.717, 2.492, 2.261, 1.83, 1.62, 1.285, 1.37, 1.553, 1.844, 2.866, 4.235, 4.969, 4.793, 4.738, 4.639, 4.047, 3.938, 4.834, 4.51, 3.875, 4.122, 4.24, 3.891, 3.639, 3.022, 2.681, 2.236, 2.31], [1.683, 2.125, 2.463, 2.638, 3.206, 3.182, 2.754, 1.616, 2.609, 3.804, 4.194, 4.95, 4.655, 4.365, 5.115, 5.721, 6.271, 6.954, 7.453, 7.516, 6.529, 5.744, 4.954, 5.112, 5.592, 6.295, 7.085, 7.203, 6.376, 5.328, 4.362, 4.507, 4.407, 4.134, 4.842, 6.173, 6.396, 6.092, 6.918, 6.885, 6.654, 6.922, 7.131, 6.292, 6.934, 7.828, 7.648, 7.156, 6.787, 5.732, 3.773, 3.264, 2.284, 1.966, 1.433, 0.0, 1.205, 1.614, 1.897, 2.855, 2.302, 2.04, 1.687, 1.478, 1.284, 1.343, 1.532, 2.6, 4.1, 4.913, 4.624, 4.468, 4.336, 3.876, 3.884, 4.763, 4.083, 3.41, 3.633, 3.89, 3.656, 3.332, 2.716, 2.587, 2.458, 2.477], [1.659, 2.24, 2.687, 3.029, 3.656, 4.005, 3.43, 1.861, 2.293, 3.481, 3.935, 4.629, 4.355, 4.157, 4.977, 5.528, 6.015, 6.702, 7.193, 7.203, 6.213, 5.437, 4.665, 4.797, 5.271, 5.989, 6.701, 6.788, 5.978, 4.963, 4.002, 4.189, 4.193, 3.896, 4.533, 5.835, 6.044, 5.787, 6.584, 6.597, 6.295, 6.603, 6.776, 5.989, 6.61, 7.52, 7.328, 6.797, 6.432, 5.422, 3.555, 3.063, 2.274, 1.953, 1.436, 1.205, 0.0, 0.734, 1.056, 2.043, 1.56, 1.585, 1.545, 1.459, 1.476, 1.578, 1.781, 2.79, 4.345, 5.161, 4.858, 4.713, 4.65, 4.2, 4.136, 5.051, 4.601, 4.239, 4.493, 4.632, 4.517, 4.177, 3.115, 2.884, 2.626, 2.832], [1.747, 2.134, 2.625, 3.102, 3.88, 4.351, 3.648, 1.989, 2.228, 3.425, 3.884, 4.596, 4.32, 4.05, 4.839, 5.409, 5.921, 6.616, 7.128, 7.151, 6.15, 5.414, 4.612, 4.757, 5.259, 5.978, 6.65, 6.746, 5.978, 4.967, 4.043, 4.302, 4.27, 3.89, 4.48, 5.771, 5.979, 5.726, 6.548, 6.502, 6.239, 6.568, 6.749, 5.929, 6.571, 7.476, 7.302, 6.777, 6.404, 5.387, 3.454, 2.815, 2.111, 1.816, 1.515, 1.614, 0.734, 0.0, 0.903, 1.906, 1.544, 1.539, 1.655, 1.622, 1.697, 1.891, 2.09, 2.899, 4.399, 5.216, 4.946, 4.883, 4.962, 4.468, 4.282, 5.13, 4.905, 4.564, 4.856, 4.988, 4.814, 4.498, 3.471, 3.205, 2.877, 3.045], [1.928, 2.28, 2.765, 3.281, 4.082, 4.657, 3.963, 2.154, 1.935, 3.014, 3.474, 4.186, 3.937, 3.853, 4.699, 5.194, 5.687, 6.404, 6.766, 6.736, 5.769, 5.014, 4.331, 4.429, 4.841, 5.542, 6.173, 6.226, 5.484, 4.473, 3.597, 3.911, 3.956, 3.63, 4.076, 5.289, 5.527, 5.356, 6.222, 6.13, 5.856, 6.112, 6.336, 5.564, 6.247, 7.131, 6.882, 6.343, 5.988, 5.038, 3.208, 2.697, 2.012, 1.837, 1.717, 1.897, 1.056, 0.903, 0.0, 1.385, 1.33, 1.392, 1.863, 1.791, 1.755, 2.006, 2.406, 3.276, 4.871, 5.71, 5.549, 5.508, 5.449, 4.884, 4.67, 5.613, 5.48, 4.908, 5.195, 5.293, 5.065, 4.763, 3.895, 3.571, 3.147, 3.251], [2.313, 2.289, 2.702, 3.856, 4.747, 5.467, 4.669, 2.536, 1.516, 2.314, 2.695, 3.301, 3.126, 3.358, 4.194, 4.635, 5.108, 5.857, 6.091, 6.037, 5.091, 4.347, 3.654, 3.653, 4.11, 4.905, 5.216, 5.17, 4.53, 3.561, 2.951, 3.132, 3.348, 3.102, 3.491, 4.378, 4.629, 4.525, 5.372, 5.263, 4.963, 5.214, 5.466, 4.694, 5.385, 6.268, 5.986, 5.44, 5.137, 4.301, 2.793, 2.286, 2.028, 1.994, 2.492, 2.855, 2.043, 1.906, 1.385, 0.0, 1.059, 1.957, 2.61, 2.63, 2.599, 2.932, 3.29, 4.331, 5.948, 6.762, 6.612, 6.593, 6.491, 5.883, 5.724, 6.723, 6.442, 5.714, 6.012, 6.121, 5.831, 5.532, 4.675, 4.417, 3.838, 3.61], [1.902, 1.974, 2.43, 3.423, 4.305, 5.053, 4.181, 2.096, 1.807, 2.68, 3.03, 3.752, 3.53, 3.576, 4.471, 4.923, 5.374, 6.124, 6.409, 6.327, 5.383, 4.611, 3.926, 4.032, 4.474, 5.145, 5.598, 5.659, 4.936, 3.957, 3.22, 3.449, 3.606, 3.299, 3.775, 4.853, 5.077, 4.905, 5.812, 5.69, 5.394, 5.634, 5.871, 5.114, 5.791, 6.702, 6.425, 5.883, 5.547, 4.626, 2.92, 2.391, 2.061, 1.817, 2.261, 2.302, 1.56, 1.544, 1.33, 1.059, 0.0, 1.356, 2.103, 2.208, 2.302, 2.599, 2.756, 3.912, 5.502, 6.336, 6.123, 6.015, 5.902, 5.424, 5.304, 6.255, 5.705, 5.167, 5.47, 5.63, 5.366, 5.031, 4.02, 3.924, 3.452, 3.153], [1.371, 1.781, 2.367, 3.092, 3.886, 4.465, 3.743, 1.988, 2.662, 3.705, 4.094, 4.846, 4.599, 4.484, 5.341, 5.83, 6.354, 7.062, 7.441, 7.411, 6.44, 5.68, 4.944, 5.068, 5.484, 6.172, 6.79, 6.813, 6.072, 5.083, 4.229, 4.438, 4.477, 4.232, 4.761, 5.932, 6.157, 6.025, 6.888, 6.802, 6.5, 6.742, 6.993, 6.193, 6.859, 7.773, 7.529, 7.003, 6.661, 5.704, 3.863, 3.154, 2.69, 2.134, 1.83, 2.04, 1.585, 1.539, 1.392, 1.957, 1.356, 0.0, 1.242, 1.648, 1.649, 1.734, 1.987, 2.897, 4.424, 5.284, 5.264, 5.212, 5.125, 4.515, 4.276, 5.244, 4.986, 4.426, 4.71, 4.801, 4.539, 4.212, 3.319, 3.172, 2.718, 2.707], [1.352, 1.902, 2.3, 2.566, 3.246, 3.691, 3.04, 2.099, 3.163, 4.345, 4.77, 5.533, 5.277, 4.968, 5.668, 6.319, 6.905, 7.586, 8.046, 8.055, 7.083, 6.336, 5.559, 5.718, 6.182, 6.879, 7.512, 7.605, 6.796, 5.805, 4.862, 5.033, 4.968, 4.734, 5.359, 6.639, 6.848, 6.659, 7.513, 7.433, 7.164, 7.457, 7.666, 6.871, 7.543, 8.448, 8.235, 7.696, 7.335, 6.327, 4.391, 3.539, 2.568, 2.19, 1.62, 1.687, 1.545, 1.655, 1.863, 2.61, 2.103, 1.242, 0.0, 1.096, 1.284, 1.329, 1.409, 2.228, 3.735, 4.579, 4.497, 4.424, 4.276, 3.657, 3.483, 4.411, 4.126, 3.55, 3.818, 3.869, 3.791, 3.421, 2.512, 2.295, 2.189, 2.255], [1.437, 1.809, 1.805, 2.021, 2.71, 3.126, 2.487, 1.782, 2.907, 4.105, 4.503, 5.272, 4.989, 4.693, 5.398, 6.048, 6.625, 7.297, 7.808, 7.823, 6.828, 6.081, 5.278, 5.436, 5.922, 6.62, 7.323, 7.404, 6.605, 5.629, 4.66, 4.763, 4.631, 4.429, 5.142, 6.455, 6.661, 6.41, 7.224, 7.156, 6.915, 7.204, 7.411, 6.606, 7.251, 8.143, 7.985, 7.457, 7.089, 6.063, 4.126, 3.349, 2.309, 1.928, 1.285, 1.478, 1.459, 1.622, 1.791, 2.63, 2.208, 1.648, 1.096, 0.0, 0.829, 1.344, 1.487, 2.356, 3.792, 4.565, 4.465, 4.319, 4.16, 3.563, 3.548, 4.477, 4.034, 3.377, 3.67, 3.766, 3.46, 3.149, 2.376, 2.144, 1.826, 1.862], [1.612, 1.923, 2.11, 2.517, 3.122, 3.369, 2.82, 2.071, 3.022, 4.163, 4.558, 5.281, 5.044, 4.855, 5.639, 6.225, 6.745, 7.414, 7.865, 7.874, 6.858, 6.101, 5.314, 5.477, 5.933, 6.635, 7.35, 7.396, 6.627, 5.626, 4.671, 4.773, 4.639, 4.465, 5.216, 6.497, 6.712, 6.455, 7.294, 7.249, 6.964, 7.226, 7.455, 6.657, 7.321, 8.227, 7.993, 7.476, 7.105, 6.101, 4.218, 3.501, 2.562, 2.125, 1.37, 1.284, 1.476, 1.697, 1.755, 2.599, 2.302, 1.649, 1.284, 0.829, 0.0, 1.049, 1.287, 2.205, 3.766, 4.524, 4.532, 4.462, 4.294, 3.635, 3.568, 4.573, 4.222, 3.483, 3.733, 3.772, 3.527, 3.105, 2.426, 2.301, 1.956, 2.149], [1.745, 2.373, 2.767, 2.918, 3.401, 3.239, 2.83, 2.492, 3.64, 4.766, 5.203, 5.879, 5.655, 5.473, 6.238, 6.842, 7.37, 8.041, 8.497, 8.473, 7.447, 6.696, 5.93, 6.1, 6.529, 7.186, 7.905, 7.945, 7.174, 6.18, 5.224, 5.331, 5.204, 5.053, 5.801, 7.055, 7.268, 7.06, 7.922, 7.844, 7.583, 7.819, 8.063, 7.284, 7.947, 8.841, 8.585, 8.051, 7.708, 6.73, 4.866, 4.099, 3.179, 2.807, 1.553, 1.343, 1.578, 1.891, 2.006, 2.932, 2.599, 1.734, 1.329, 1.344, 1.049, 0.0, 0.809, 1.58, 3.203, 3.994, 3.91, 3.879, 3.763, 3.141, 2.969, 3.995, 3.774, 3.201, 3.433, 3.447, 3.385, 2.964, 2.14, 1.976, 1.911, 2.431], [1.975, 2.639, 2.977, 2.946, 3.267, 3.123, 2.636, 2.725, 3.9, 5.059, 5.445, 6.181, 5.93, 5.706, 6.48, 7.077, 7.605, 8.295, 8.753, 8.762, 7.758, 6.999, 6.198, 6.356, 6.824, 7.536, 8.203, 8.257, 7.474, 6.477, 5.522, 5.646, 5.547, 5.368, 6.099, 7.365, 7.602, 7.353, 8.177, 8.12, 7.851, 8.127, 8.329, 7.507, 8.17, 9.089, 8.888, 8.357, 7.993, 6.988, 5.096, 4.341, 3.343, 2.982, 1.844, 1.532, 1.781, 2.09, 2.406, 3.29, 2.756, 1.987, 1.409, 1.487, 1.287, 0.809, 0.0, 1.404, 2.911, 3.706, 3.622, 3.526, 3.36, 2.76, 2.721, 3.667, 3.293, 2.816, 3.101, 3.175, 3.194, 2.724, 1.811, 1.772, 1.882, 2.311], [3.074, 3.737, 3.96, 3.656, 3.859, 3.494, 3.1