[[0.0, 1.587, 2.157, 3.113, 2.85, 2.507, 2.823, 2.472, 1.653, 1.724, 2.925, 3.874, 3.751, 3.785, 3.891, 4.005, 3.327, 3.99, 4.44, 3.605, 2.588, 2.103, 2.147, 2.052, 1.854, 1.712, 1.644, 2.182, 1.972, 1.191, 1.266, 1.277, 1.754, 2.435, 2.91, 3.279, 2.776, 1.617, 2.49, 2.562, 2.313, 1.975, 2.13, 2.979, 2.833, 2.455, 2.657, 2.44, 2.028, 1.853, 2.464, 3.409, 4.319, 4.589, 4.636, 4.462, 3.572, 2.954, 2.985, 2.938, 2.695, 2.556, 2.184, 3.3, 3.218, 2.186, 2.764, 3.85, 4.533, 4.929, 4.394, 4.379, 5.299, 5.359, 4.84, 5.046, 4.833, 4.885, 4.856, 6.075, 7.534, 8.259, 8.196, 7.853, 8.147, 9.032], [1.587, 0.0, 1.844, 3.447, 3.362, 3.071, 3.399, 3.1, 2.315, 1.802, 2.452, 3.419, 3.16, 2.937, 3.022, 3.108, 2.914, 3.661, 3.991, 3.132, 2.612, 2.844, 3.004, 2.825, 2.634, 2.652, 2.626, 3.011, 2.821, 2.025, 1.949, 2.245, 2.692, 3.385, 3.775, 4.046, 3.664, 2.686, 3.364, 3.19, 2.743, 2.59, 2.881, 3.891, 3.688, 3.289, 3.52, 3.161, 2.864, 2.655, 3.272, 3.968, 4.923, 5.22, 5.37, 5.286, 4.414, 3.782, 3.888, 3.818, 3.605, 3.412, 2.981, 4.098, 4.089, 2.653, 3.219, 4.32, 5.008, 5.527, 5.077, 4.958, 5.827, 5.824, 5.274, 5.528, 5.285, 5.352, 5.29, 6.515, 7.988, 8.712, 8.655, 8.293, 8.65, 9.593], [2.157, 1.844, 0.0, 2.613, 2.509, 2.042, 2.65, 2.467, 2.106, 1.626, 1.914, 3.197, 3.192, 3.426, 3.665, 3.559, 3.781, 4.564, 4.954, 4.07, 3.018, 3.297, 3.384, 3.267, 3.088, 3.228, 3.31, 3.187, 3.046, 2.217, 2.222, 2.655, 2.698, 3.239, 3.542, 3.829, 3.396, 3.391, 4.206, 4.23, 3.787, 3.55, 3.545, 4.697, 4.51, 3.986, 3.787, 3.405, 2.887, 2.745, 3.009, 3.376, 4.044, 4.684, 4.844, 4.678, 3.861, 3.421, 3.448, 3.39, 3.218, 3.109, 2.582, 3.519, 3.475, 1.888, 2.542, 3.371, 4.221, 4.72, 4.569, 4.406, 4.855, 4.711, 4.786, 4.799, 4.521, 4.46, 4.669, 5.388, 6.771, 7.511, 7.559, 7.388, 7.882, 8.754], [3.113, 3.447, 2.613, 0.0, 0.802, 1.373, 1.342, 1.69, 2.239, 2.883, 4.022, 5.209, 5.227, 5.539, 5.805, 5.688, 5.857, 6.621, 7.024, 6.147, 4.912, 4.473, 4.196, 4.363, 4.407, 4.157, 3.312, 2.796, 2.855, 2.755, 2.834, 3.151, 2.825, 2.656, 2.963, 3.249, 3.258, 3.78, 4.696, 5.065, 4.749, 3.826, 3.742, 4.579, 4.529, 3.987, 3.215, 2.669, 2.283, 2.515, 2.793, 2.181, 2.294, 2.734, 2.643, 2.523, 2.067, 1.627, 1.751, 2.075, 2.139, 2.03, 2.225, 2.478, 1.769, 1.523, 1.796, 2.569, 2.982, 3.188, 3.677, 3.789, 3.886, 3.999, 3.938, 3.701, 3.582, 3.693, 3.627, 4.126, 4.808, 5.408, 5.56, 5.215, 5.499, 6.446], [2.85, 3.362, 2.509, 0.802, 0.0, 1.099, 0.929, 1.385, 2.087, 2.828, 4.043, 5.128, 5.239, 5.601, 5.753, 5.576, 5.716, 6.475, 6.946, 6.138, 4.827, 4.283, 4.046, 4.238, 4.237, 3.921, 2.897, 2.394, 2.382, 2.293, 2.388, 2.644, 2.327, 2.144, 2.45, 2.734, 2.798, 3.291, 4.223, 4.601, 4.449, 3.4, 3.289, 4.177, 4.12, 3.58, 2.862, 2.256, 1.84, 2.084, 2.342, 1.809, 1.96, 2.576, 2.478, 2.29, 1.703, 1.497, 1.493, 1.791, 1.89, 1.833, 1.789, 1.994, 1.447, 1.08, 1.545, 2.206, 2.586, 2.767, 3.238, 3.467, 3.539, 3.644, 3.714, 3.467, 3.361, 3.466, 3.322, 3.881, 4.85, 5.566, 5.59, 5.301, 5.555, 6.633], [2.507, 3.071, 2.042, 1.373, 1.099, 0.0, 1.093, 1.501, 1.785, 2.361, 3.605, 4.679, 4.765, 5.127, 5.205, 5.053, 5.19, 6.005, 6.471, 5.667, 4.358, 3.772, 3.54, 3.729, 3.635, 3.408, 3.038, 2.522, 2.372, 2.197, 2.283, 2.542, 2.242, 2.11, 2.481, 2.732, 2.686, 3.146, 4.063, 4.574, 4.224, 3.34, 3.268, 4.372, 4.179, 3.563, 3.11, 2.62, 2.118, 2.21, 2.459, 2.126, 2.559, 3.322, 3.204, 3.025, 2.254, 2.067, 1.948, 1.908, 1.752, 1.66, 1.548, 2.098, 1.926, 1.089, 1.539, 2.191, 2.673, 3.218, 3.473, 3.786, 3.832, 3.904, 4.193, 3.997, 3.859, 3.946, 3.791, 4.481, 5.462, 6.128, 6.32, 5.834, 6.259, 7.366], [2.823, 3.399, 2.65, 1.342, 0.929, 1.093, 0.0, 0.879, 1.723, 2.612, 4.136, 5.208, 5.269, 5.579, 5.651, 5.503, 5.69, 6.487, 6.944, 6.156, 4.805, 4.192, 3.844, 4.059, 3.955, 3.643, 2.693, 1.992, 1.945, 2.013, 2.229, 2.519, 2.192, 1.872, 2.04, 2.276, 2.375, 3.13, 4.037, 4.546, 4.363, 3.143, 2.965, 3.973, 3.911, 3.357, 2.809, 2.271, 1.816, 1.988, 2.206, 1.752, 2.251, 2.686, 2.576, 2.45, 1.826, 1.773, 1.628, 1.677, 1.729, 1.692, 1.527, 1.595, 1.518, 1.116, 1.236, 1.782, 2.133, 2.398, 2.597, 2.996, 3.215, 3.343, 3.417, 3.241, 3.07, 3.217, 2.966, 3.752, 4.934, 5.652, 5.63, 5.218, 5.538, 6.593], [2.472, 3.1, 2.467, 1.69, 1.385, 1.501, 0.879, 0.0, 1.317, 2.346, 3.845, 4.911, 4.977, 5.231, 5.33, 5.23, 5.305, 6.148, 6.59, 5.792, 4.459, 3.837, 3.463, 3.696, 3.589, 3.352, 2.323, 1.753, 1.72, 1.721, 2.008, 2.252, 1.971, 1.878, 1.971, 2.068, 2.134, 2.911, 3.818, 4.265, 3.99, 2.849, 2.706, 3.648, 3.623, 3.084, 2.549, 2.048, 1.62, 1.748, 1.922, 1.897, 2.784, 2.974, 2.951, 2.802, 2.081, 1.953, 1.819, 1.855, 1.86, 1.888, 1.525, 1.826, 1.776, 1.091, 1.138, 1.992, 2.658, 2.719, 2.351, 2.703, 3.225, 3.199, 3.192, 3.13, 2.865, 2.992, 2.818, 3.882, 5.292, 5.984, 5.923, 5.563, 5.9, 6.853], [1.653, 2.315, 2.106, 2.239, 2.087, 1.785, 1.723, 1.317, 0.0, 1.287, 2.979, 4.089, 3.93, 4.18, 4.277, 4.234, 4.143, 4.924, 5.359, 4.567, 3.241, 2.603, 2.317, 2.568, 2.403, 2.221, 1.882, 1.992, 1.863, 1.52, 1.47, 1.538, 1.879, 2.167, 2.359, 2.531, 2.349, 2.365, 3.297, 3.577, 3.249, 2.772, 2.572, 3.674, 3.478, 2.785, 2.629, 2.265, 1.723, 1.5, 2.09, 2.782, 3.808, 3.965, 4.003, 3.794, 2.932, 2.397, 2.459, 2.365, 2.228, 2.124, 1.798, 2.551, 2.601, 1.532, 1.821, 2.887, 3.558, 3.905, 3.306, 3.435, 4.325, 4.278, 3.942, 4.141, 3.832, 3.905, 3.731, 5.023, 6.504, 7.206, 7.163, 6.779, 7.117, 8.065], [1.724, 1.802, 1.626, 2.883, 2.828, 2.361, 2.612, 2.346, 1.287, 0.0, 2.089, 3.252, 2.981, 3.167, 3.379, 3.43, 3.339, 4.065, 4.44, 3.619, 2.314, 2.229, 2.176, 2.151, 2.063, 2.159, 2.428, 2.785, 2.526, 1.848, 1.836, 1.951, 2.406, 2.869, 3.159, 3.364, 3.056, 2.724, 3.672, 3.85, 3.445, 3.126, 3.089, 4.216, 4.011, 3.424, 3.381, 3.033, 2.521, 2.235, 2.912, 3.611, 4.592, 4.787, 4.834, 4.737, 3.871, 3.328, 3.472, 3.378, 3.194, 3.062, 2.651, 3.545, 3.597, 2.215, 2.451, 3.605, 4.211, 4.801, 4.338, 4.278, 5.192, 5.126, 4.657, 4.892, 4.643, 4.709, 4.5, 5.794, 7.243, 7.974, 7.934, 7.591, 7.96, 8.938], [2.925, 2.452, 1.914, 4.022, 4.043, 3.605, 4.136, 3.845, 2.979, 2.089, 0.0, 1.52, 1.424, 1.689, 1.955, 1.913, 2.079, 2.814, 3.179, 2.438, 2.245, 2.706, 2.964, 2.819, 2.906, 3.414, 3.898, 4.19, 4.142, 3.328, 3.238, 3.584, 3.739, 4.417, 4.75, 5.003, 4.627, 4.321, 5.184, 5.146, 4.623, 4.571, 4.716, 5.832, 5.614, 4.911, 4.704, 4.332, 3.685, 3.505, 4.23, 4.836, 5.649, 6.052, 6.227, 6.116, 5.237, 4.701, 4.836, 4.726, 4.498, 4.316, 3.875, 4.922, 4.938, 3.404, 3.841, 4.898, 5.699, 6.219, 5.918, 5.739, 6.44, 6.343, 6.002, 6.127, 5.864, 5.926, 5.912, 7.023, 8.496, 9.226, 9.187, 8.954, 9.386, 10.289], [3.874, 3.419, 3.197, 5.209, 5.128, 4.679, 5.208, 4.911, 4.089, 3.252, 1.52, 0.0, 0.627, 0.975, 1.012, 1.107, 1.593, 1.764, 1.965, 2.12, 2.363, 2.819, 3.254, 3.131, 3.355, 4.024, 4.72, 5.085, 5.136, 4.35, 4.257, 4.505, 4.69, 5.357, 5.711, 6.003, 5.54, 5.222, 6.076, 5.986, 5.461, 5.461, 5.584, 6.709, 6.5, 5.842, 5.635, 5.287, 4.676, 4.48, 5.137, 5.857, 6.801, 7.138, 7.224, 7.061, 6.176, 5.605, 5.74, 5.628, 5.4, 5.214, 4.776, 5.84, 5.848, 4.577, 5.024, 6.195, 6.854, 7.356, 6.881, 6.833, 7.658, 7.694, 7.416, 7.425, 7.217, 7.298, 7.29, 8.383, 9.846, 10.58, 10.507, 10.171, 10.477, 11.443], [3.751, 3.16, 3.192, 5.227, 5.239, 4.765, 5.269, 4.977, 3.93, 2.981, 1.424, 0.627, 0.0, 0.751, 0.899, 1.092, 1.396, 1.779, 1.964, 1.911, 2.165, 2.763, 3.097, 3.004, 3.198, 3.846, 4.567, 5.045, 5.055, 4.272, 4.165, 4.384, 4.729, 5.432, 5.788, 5.955, 5.662, 5.08, 5.918, 5.832, 5.256, 5.284, 5.47, 6.558, 6.349, 5.668, 5.574, 5.247, 4.655, 4.411, 5.262, 5.962, 6.895, 7.268, 7.307, 7.198, 6.303, 5.733, 5.868, 5.756, 5.531, 5.354, 4.928, 5.983, 5.996, 4.615, 5.012, 6.188, 6.899, 7.462, 6.995, 6.834, 7.742, 7.72, 7.231, 7.446, 7.201, 7.227, 7.208, 8.351, 9.823, 10.569, 10.5, 10.143, 10.535, 11.421], [3.785, 2.937, 3.426, 5.539, 5.601, 5.127, 5.579, 5.231, 4.18, 3.167, 1.689, 0.975, 0.751, 0.0, 0.659, 1.045, 1.234, 1.442, 1.623, 1.554, 2.175, 2.616, 2.965, 2.746, 2.988, 3.716, 4.495, 5.262, 5.18, 4.395, 4.189, 4.444, 5.025, 5.747, 6.087, 6.294, 6.019, 5.033, 5.791, 5.655, 5.063, 5.121, 5.381, 6.405, 6.211, 5.639, 5.835, 5.477, 4.945, 4.713, 5.624, 6.283, 7.23, 7.526, 7.705, 7.603, 6.716, 6.098, 6.233, 6.13, 5.906, 5.711, 5.305, 6.37, 6.375, 4.937, 5.34, 6.419, 7.173, 7.741, 7.318, 7.146, 7.992, 7.911, 7.376, 7.664, 7.419, 7.486, 7.425, 8.575, 10.046, 10.789, 10.723, 10.431, 10.841, 11.752], [3.891, 3.022, 3.665, 5.805, 5.753, 5.205, 5.651, 5.33, 4.277, 3.379, 1.955, 1.012, 0.899, 0.659, 0.0, 0.78, 1.065, 1.28, 1.546, 1.572, 2.314, 2.822, 3.112, 3.005, 3.222, 3.942, 4.762, 5.339, 5.322, 4.525, 4.414, 4.602, 5.093, 5.817, 6.161, 6.364, 6.083, 5.263, 5.94, 5.721, 5.102, 5.195, 5.462, 6.519, 6.324, 5.853, 5.927, 5.546, 5.014, 4.779, 5.674, 6.36, 7.325, 7.659, 7.757, 7.65, 6.755, 6.141, 6.278, 6.175, 5.951, 5.765, 5.357, 6.414, 6.434, 5.059, 5.581, 6.681, 7.303, 7.863, 7.393, 7.312, 8.234, 8.176, 7.69, 7.974, 7.728, 7.791, 7.666, 8.893, 10.366, 11.1, 11.027, 10.682, 11.019, 12.011], [4.005, 3.108, 3.559, 5.688, 5.576, 5.053, 5.503, 5.23, 4.234, 3.43, 1.913, 1.107, 1.092, 1.045, 0.78, 0.0, 1.268, 1.474, 1.833, 1.516, 2.298, 2.946, 3.299, 3.109, 3.33, 3.939, 4.764, 5.268, 5.331, 4.549, 4.444, 4.598, 4.936, 5.632, 5.924, 6.225, 5.785, 5.282, 5.987, 5.759, 5.145, 5.23, 5.479, 6.551, 6.373, 5.865, 5.8, 5.507, 4.927, 4.648, 5.366, 6.227, 7.177, 7.542, 7.58, 7.337, 6.455, 5.833, 5.964, 5.858, 5.622, 5.45, 5.011, 6.097, 6.115, 4.963, 5.441, 6.591, 7.18, 7.717, 7.142, 7.182, 8.13, 8.074, 7.807, 7.933, 7.639, 7.695, 7.571, 8.788, 10.26, 10.993, 10.924, 10.552, 10.885, 11.87], [3.327, 2.914, 3.781, 5.857, 5.716, 5.19, 5.69, 5.305, 4.143, 3.339, 2.079, 1.593, 1.396, 1.234, 1.065, 1.268, 0.0, 1.18, 1.669, 1.333, 1.933, 2.389, 2.713, 2.549, 2.634, 3.245, 4.161, 5.055, 4.902, 4.017, 3.966, 3.945, 4.542, 5.297, 5.799, 6.13, 5.665, 4.581, 5.269, 4.981, 4.452, 4.681, 5.021, 5.8, 5.599, 5.377, 5.604, 5.342, 4.899, 4.641, 5.423, 6.357, 7.279, 7.566, 7.597, 7.415, 6.515, 5.852, 5.924, 5.851, 5.614, 5.48, 5.105, 6.227, 6.137, 5.11, 5.651, 6.763, 7.385, 7.778, 7.251, 7.278, 8.224, 8.267, 7.729, 7.967, 7.732, 7.796, 7.763, 8.986, 10.459, 11.185, 11.107, 10.763, 11.048, 11.973], [3.99, 3.661, 4.564, 6.621, 6.475, 6.005, 6.487, 6.148, 4.924, 4.065, 2.814, 1.764, 1.779, 1.442, 1.28, 1.474, 1.18, 0.0, 0.848, 1.13, 2.215, 2.637, 3.141, 2.874, 3.034, 3.432, 4.675, 5.864, 5.657, 4.808, 4.57, 4.652, 5.279, 5.942, 6.406, 6.736, 6.273, 4.771, 5.334, 5.092, 4.567, 5.151, 5.421, 6.111, 5.734, 5.666, 6.109, 6.02, 5.666, 5.406, 6.173, 7.221, 8.148, 8.477, 8.476, 8.133, 7.267, 6.567, 6.572, 6.519, 6.294, 6.132, 5.819, 6.879, 6.943, 5.932, 6.367, 7.524, 8.169, 8.602, 8.055, 8.031, 8.988, 9.01, 8.488, 8.73, 8.5, 8.546, 8.536, 9.73, 11.202, 11.925, 11.852, 11.499, 11.782, 12.728], [4.44, 3.991, 4.954, 7.024, 6.946, 6.471, 6.944, 6.59, 5.359, 4.44, 3.179, 1.965, 1.964, 1.623, 1.546, 1.833, 1.669, 0.848, 0.0, 1.285, 2.578, 2.945, 3.33, 3.037, 3.228, 3.685, 5.174, 6.431, 6.224, 5.352, 5.036, 5.214, 5.824, 6.49, 6.951, 7.355, 6.884, 5.259, 5.499, 5.335, 4.726, 5.424, 5.872, 6.493, 6.032, 6.056, 6.565, 6.485, 6.078, 5.824, 6.691, 7.688, 8.648, 8.978, 8.987, 8.679, 7.836, 7.119, 7.147, 7.092, 6.853, 6.701, 6.335, 7.45, 7.479, 6.376, 6.744, 7.935, 8.602, 9.163, 8.585, 8.525, 9.505, 9.441, 8.914, 9.2, 8.957, 9.025, 8.933, 10.125, 11.598, 12.331, 12.266, 11.906, 12.268, 13.213], [3.605, 3.132, 4.07, 6.147, 6.138, 5.667, 6.156, 5.792, 4.567, 3.619, 2.438, 2.12, 1.911, 1.554, 1.572, 1.516, 1.333, 1.13, 1.285, 0.0, 1.541, 2.304, 2.694, 2.445, 2.591, 3.191, 4.433, 5.643, 5.437, 4.547, 4.249, 4.401, 5.012, 5.683, 6.159, 6.552, 6.081, 4.535, 5.131, 4.927, 4.3, 4.703, 5.03, 5.759, 5.52, 5.225, 5.687, 5.626, 5.251, 4.958, 5.83, 6.842, 7.805, 8.141, 8.166, 7.869, 7.014, 6.263, 6.282, 6.24, 6.006, 5.857, 5.496, 6.641, 6.66, 5.553, 5.89, 7.099, 7.798, 8.374, 7.796, 7.72, 8.684, 8.628, 8.075, 8.364, 8.127, 8.166, 8.104, 9.25, 10.714, 11.46, 11.4, 11.063, 11.463, 12.352], [2.588, 2.612, 3.018, 4.912, 4.827, 4.358, 4.805, 4.459, 3.241, 2.314, 2.245, 2.363, 2.165, 2.175, 2.314, 2.298, 1.933, 2.215, 2.578, 1.541, 0.0, 1.432, 1.703, 1.601, 1.769, 2.505, 3.368, 4.375, 4.104, 3.214, 3.026, 3.243, 3.808, 4.511, 4.936, 5.326, 4.868, 3.766, 4.605, 4.502, 3.94, 4.038, 4.287, 5.242, 5.016, 4.391, 4.54, 4.425, 3.98, 3.685, 4.604, 5.529, 6.505, 6.829, 6.877, 6.638, 5.782, 5.085, 5.164, 5.092, 4.864, 4.692, 4.276, 5.412, 5.396, 4.234, 4.581, 5.811, 6.435, 7.024, 6.453, 6.413, 7.399, 7.335, 6.801, 7.084, 6.853, 6.89, 6.718, 7.974, 9.424, 10.138, 10.117, 9.764, 10.156, 11.075], [2.103, 2.844, 3.297, 4.473, 4.283, 3.772, 4.192, 3.837, 2.603, 2.229, 2.706, 2.819, 2.763, 2.616, 2.822, 2.946, 2.389, 2.637, 2.945, 2.304, 1.432, 0.0, 0.865, 0.986, 1.041, 1.581, 2.388, 3.613, 3.337, 2.655, 2.486, 2.522, 3.199, 3.849, 4.271, 4.611, 4.228, 3.045, 3.74, 3.837, 3.377, 3.229, 3.707, 4.406, 4.09, 3.735, 4.082, 3.834, 3.427, 3.219, 3.945, 4.968, 5.873, 6.172, 6.186, 5.909, 5.042, 4.393, 4.483, 4.424, 4.164, 3.975, 3.588, 4.646, 4.67, 3.708, 4.227, 5.314, 5.892, 6.332, 5.761, 5.832, 6.727, 6.799, 6.291, 6.519, 6.299, 6.363, 6.288, 7.545, 9.033, 9.729, 9.656, 9.285, 9.583, 10.483], [2.147, 3.004, 3.384, 4.196, 4.046, 3.54, 3.844, 3.463, 2.317, 2.176, 2.964, 3.254, 3.097, 2.965, 3.112, 3.299, 2.713, 3.141, 3.33, 2.694, 1.703, 0.865, 0.0, 0.606, 0.857, 1.479, 2.306, 3.451, 3.263, 2.696, 2.562, 2.462, 3.335, 3.831, 4.15, 4.478, 4.208, 2.949, 3.461, 3.734, 3.252, 3.09, 3.639, 4.178, 3.855, 3.535, 3.952, 3.742, 3.268, 3.057, 3.892, 4.755, 5.743, 6.033, 6.055, 5.846, 4.933, 4.353, 4.446, 4.361, 4.125, 3.962, 3.589, 4.569, 4.61, 3.5, 3.895, 4.928, 5.575, 6.046, 5.464, 5.496, 6.454, 6.433, 5.913, 6.196, 5.952, 6.025, 5.904, 7.162, 8.649, 9.358, 9.285, 8.927, 9.238, 10.218], [2.052, 2.825, 3.267, 4.363, 4.238, 3.729, 4.059, 3.696, 2.568, 2.151, 2.819, 3.131, 3.004, 2.746, 3.005, 3.109, 2.549, 2.874, 3.037, 2.445, 1.601, 0.986, 0.606, 0.0, 0.704, 1.336, 2.413, 3.605, 3.434, 2.746, 2.611, 2.568, 3.409, 3.987, 4.343, 4.689, 4.387, 2.907, 3.441, 3.587, 3.105, 3.086, 3.651, 4.213, 3.832, 3.682, 4.152, 3.971, 3.487, 3.241, 4.114, 4.989, 5.968, 6.28, 6.315, 6.101, 5.2, 4.584, 4.667, 4.587, 4.352, 4.184, 3.743, 4.829, 4.831, 3.672, 4.039, 5.102, 5.767, 6.279, 5.712, 5.664, 6.615, 6.563, 6.069, 6.355, 6.112, 6.176, 6.065, 7.284, 8.77, 9.481, 9.408, 9.058, 9.399, 10.373], [1.854, 2.634, 3.088, 4.407, 4.237, 3.635, 3.955, 3.589, 2.403, 2.063, 2.906, 3.355, 3.198, 2.988, 3.222, 3.33, 2.634, 3.034, 3.228, 2.591, 1.769, 1.041, 0.857, 0.704, 0.0, 0.934, 2.22, 3.481, 3.319, 2.512, 2.357, 2.406, 3.174, 3.739, 4.131, 4.503, 4.132, 2.694, 3.108, 3.185, 2.687, 2.921, 3.417, 3.983, 3.582, 3.443, 3.945, 3.775, 3.329, 3.11, 3.962, 4.914, 5.887, 6.204, 6.217, 5.954, 5.068, 4.401, 4.426, 4.367, 4.116, 3.962, 3.565, 4.634, 4.669, 3.642, 4.084, 5.106, 5.664, 6.174, 5.579, 5.647, 6.608, 6.563, 6.069, 6.352, 6.108, 6.181, 6.021, 7.319, 8.805, 9.505, 9.425, 9.06, 9.391, 10.365], [1.712, 2.652, 3.228, 4.157, 3.921, 3.408, 3.643, 3.352, 2.221, 2.159, 3.414, 4.024, 3.846, 3.716, 3.942, 3.939, 3.245, 3.432, 3.685, 3.191, 2.505, 1.581, 1.479, 1.336, 0.934, 0.0, 1.783, 3.06, 2.877, 2.234, 2.025, 1.94, 2.739, 3.328, 3.667, 4.012, 3.653, 2.2, 2.509, 2.616, 2.137, 2.441, 2.991, 3.526, 2.99, 2.99, 3.477, 3.316, 2.968, 2.69, 3.504, 4.539, 5.49, 5.83, 5.816, 5.467, 4.585, 3.946, 3.963, 3.875, 3.665, 3.481, 3.097, 4.166, 4.256, 3.348, 3.818, 4.82, 5.39, 5.776, 5.19, 5.341, 6.307, 6.289, 5.758, 6.041, 5.801, 5.87, 5.717, 7.045, 8.531, 9.227, 9.15, 8.754, 9.067, 10.055], [1.644, 2.626, 3.31, 3.312, 2.897, 3.038, 2.693, 2.323, 1.882, 2.428, 3.898, 4.72, 4.567, 4.495, 4.762, 4.764, 4.161, 4.675, 5.174, 4.433, 3.368, 2.388, 2.306, 2.413, 2.22, 1.783, 0.0, 1.559, 1.573, 1.621, 1.602, 1.343, 1.943, 2.501, 2.831, 2.936, 2.735, 1.836, 2.664, 2.842, 2.541, 1.795, 2.172, 2.675, 2.456, 1.975, 2.101, 1.881, 1.563, 1.491, 2.121, 3.072, 3.887, 4.124, 4.139, 3.805, 2.95, 2.812, 2.698, 2.906, 2.841, 2.674, 2.245, 2.886, 2.716, 2.55, 3.05, 3.988, 4.532, 4.231, 3.692, 3.866, 4.756, 4.84, 4.303, 4.553, 4.319, 4.393, 4.285, 5.619, 7.104, 7.777, 7.695, 7.302, 7.587, 8.515], [2.182, 3.011, 3.187, 2.796, 2.394, 2.522, 1.992, 1.753, 1.992, 2.785, 4.19, 5.085, 5.045, 5.262, 5.339, 5.268, 5.055, 5.864, 6.431, 5.643, 4.375, 3.613, 3.451, 3.605, 3.481, 3.06, 1.559, 0.0, 1.038, 1.61, 1.918, 1.648, 1.657, 1.832, 1.944, 1.947, 1.865, 2.0, 3.003, 3.451, 3.372, 1.849, 1.805, 2.431, 2.46, 2.092, 1.81, 1.469, 1.318, 1.385, 1.501, 1.907, 2.641, 2.845, 2.883, 2.594, 2.037, 2.336, 2.003, 2.173, 2.144, 2.196, 1.636, 1.856, 1.666, 1.982, 2.219, 2.946, 3.382, 2.982, 2.541, 2.738, 3.664, 3.665, 3.144, 3.356, 3.133, 3.192, 3.08, 4.414, 5.9, 6.604, 6.503, 6.098, 6.372, 7.302], [1.972, 2.821, 3.046, 2.855, 2.382, 2.372, 1.945, 1.72, 1.863, 2.526, 4.142, 5.136, 5.055, 5.18, 5.322, 5.331, 4.902, 5.657, 6.224, 5.437, 4.104, 3.337, 3.263, 3.434, 3.319, 2.877, 1.573, 1.038, 0.0, 1.055, 1.356, 1.316, 1.509, 1.678, 1.815, 1.866, 1.769, 1.855, 2.841, 3.296, 3.216, 1.715, 1.592, 2.484, 2.482, 2.183, 2.087, 1.789, 1.665, 1.594, 1.6, 2.182, 2.934, 3.047, 3.018, 2.791, 2.236, 2.426, 2.156, 2.311, 2.29, 2.281, 1.706, 1.872, 1.94, 1.755, 2.054, 2.784, 3.369, 3.184, 2.661, 2.935, 3.7, 3.803, 3.31, 3.512, 3.287, 3.379, 3.27, 4.597, 6.085, 6.791, 6.687, 6.279, 6.558, 7.505], [1.191, 2.025, 2.217, 2.755, 2.293, 2.197, 2.013, 1.721, 1.52, 1.848, 3.328, 4.35, 4.272, 4.395, 4.525, 4.549, 4.017, 4.808, 5.352, 4.547, 3.214, 2.655, 2.696, 2.746, 2.512, 2.234, 1.621, 1.61, 1.055, 0.0, 0.735, 0.984, 1.289, 1.685, 2.074, 2.397, 2.038, 1.691, 2.621, 2.851, 2.653, 1.899, 1.849, 2.859, 2.755, 2.389, 2.4, 2.104, 1.883, 1.717, 1.889, 2.67, 3.535, 3.819, 3.836, 3.648, 2.862, 2.434, 2.348, 2.41, 2.352, 2.208, 1.731, 2.528, 2.524, 1.598, 2.207, 3.135, 3.78, 3.924, 3.424, 3.601, 4.503, 4.541, 4.039, 4.249, 4.025, 4.106, 4.005, 5.317, 6.805, 7.513, 7.419, 7.022, 7.308, 8.289], [1.266, 1.949, 2.222, 2.834, 2.388, 2.283, 2.229, 2.008, 1.47, 1.836, 3.238, 4.257, 4.165, 4.189, 4.414, 4.444, 3.966, 4.57, 5.036, 4.249, 3.026, 2.486, 2.562, 2.611, 2.357, 2.025, 1.602, 1.918, 1.356, 0.735, 0.0, 1.006, 1.394, 1.892, 2.206, 2.511, 2.16, 1.691, 2.553, 2.611, 2.402, 1.916, 1.905, 2.91, 2.806, 2.392, 2.414, 2.109, 1.855, 1.657, 2.043, 2.903, 3.811, 4.102, 4.087, 3.823, 2.997, 2.638, 2.6, 2.603, 2.502, 2.327, 1.777, 2.617, 2.68, 1.771, 2.406, 3.381, 3.978, 4.202, 3.665, 3.902, 4.785, 4.836, 4.325, 4.535, 4.315, 4.401, 4.262, 5.56, 7.033, 7.77, 7.679, 7.295, 7.587, 8.537], [1.277, 2.245, 2.655, 3.151, 2.644, 2.542, 2.519, 2.252, 1.538, 1.951, 3.584, 4.505, 4.384, 4.444, 4.602, 4.598, 3.945, 4.652, 5.214, 4.401, 3.243, 2.522, 2.462, 2.568, 2.406, 1.94, 1.343, 1.648, 1.316, 0.984, 1.006, 0.0, 1.126, 1.753, 2.096, 2.333, 1.961, 1.204, 2.134, 2.332, 2.333, 1.526, 1.665, 2.444, 2.251, 1.9, 2.087, 1.826, 1.654, 1.52, 1.697, 2.809, 3.75, 4.004, 4.008, 3.608, 2.779, 2.474, 2.44, 2.388, 2.302, 2.116, 1.577, 2.492, 2.507, 1.982, 2.75, 3.466, 4.056, 4.186, 3.682, 3.942, 4.883, 4.917, 4.393, 4.628, 4.4, 4.465, 4.352, 5.654, 7.127, 7.853, 7.776, 7.392, 7.664, 8.642], [1.754, 2.692, 2.698, 2.825, 2.327, 2.242, 2.192, 1.971, 1.879, 2.406, 3.739, 4.69, 4.729, 5.025, 5.093, 4.936, 4.542, 5.279, 5.824, 5.012, 3.808, 3.199, 3.335, 3.409, 3.174, 2.739, 1.943, 1.657, 1.509, 1.289, 1.394, 1.126, 0.0, 1.026, 1.448, 1.845, 1.54, 1.536, 2.586, 2.876, 2.846, 2.011, 1.854, 2.71, 2.591, 2.071, 1.688, 1.369, 1.379, 1.388, 1.302, 2.126, 3.04, 3.297, 3.343, 2.994, 2.248, 2.052, 1.83, 1.863, 1.787, 1.615, 1.131, 1.815, 1.931, 1.701, 2.418, 3.009, 3.54, 3.578, 3.116, 3.641, 4.286, 4.35, 4.048, 4.043, 3.853, 3.995, 3.822, 5.051, 6.517, 7.245, 7.172, 6.788, 7.061, 8.02], [2.435, 3.385, 3.239, 2.656, 2.144, 2.11, 1.872, 1.878, 2.167, 2.869, 4.417, 5.357, 5.432, 5.747, 5.817, 5.632, 5.297, 5.942, 6.49, 5.683, 4.511, 3.849, 3.831, 3.987, 3.739, 3.328, 2.501, 1.832, 1.678, 1.685, 1.892, 1.753, 1.026, 0.0, 0.909, 1.417, 1.363, 1.828, 2.946, 3.509, 3.549, 2.212, 1.84, 2.674, 2.763, 2.078, 1.855, 1.611, 1.71, 1.857, 1.406, 1.587, 2.403, 2.603, 2.641, 2.447, 2.053, 2.046, 1.62, 1.632, 1.598, 1.698, 1.401, 1.318, 1.426, 1.738, 2.113, 2.437, 2.644, 2.783, 2.608, 3.172, 3.585, 3.77, 3.505, 3.434, 3.256, 3.469, 3.213, 4.261, 5.675, 6.399, 6.326, 5.942, 6.218, 7.207], [2.91, 3.775, 3.542, 2.963, 2.45, 2.481, 2.04, 1.971, 2.359, 3.159, 4.75, 5.711, 5.788, 6.087, 6.161, 5.924, 5.799, 6.406, 6.951, 6.159, 4.936, 4.271, 4.15, 4.343, 4.131, 3.667, 2.831, 1.944, 1.815, 2.074, 2.206, 2.096, 1.448, 0.909, 0.0, 1.073, 1.144, 2.122, 3.194, 3.878, 3.881, 2.44, 1.844, 2.799, 2.985, 2.284, 1.934, 1.774, 2.06, 2.081, 1.541, 1.669, 2.464, 2.43, 2.428, 2.283, 2.18, 2.285, 1.988, 1.8, 1.858, 1.971, 1.523, 1.173, 1.712, 2.004, 1.965, 2.26, 2.325, 2.461, 2.115, 2.71, 3.192, 3.236, 2.989, 2.914, 2.752, 2.955, 2.7, 3.825, 5.302, 6.026, 5.954, 5.57, 5.87, 6.87], [3.279, 4.046, 3.829, 3.249, 2.734, 2.732, 2.276, 2.068, 2.531, 3.364, 5.003, 6.003, 5.955, 6.294, 6.364, 6.225, 6.13, 6.736, 7.355, 6.552, 5.326, 4.611, 4.478, 4.689, 4.503, 4.012, 2.936, 1.947, 1.866, 2.397, 2.511, 2.333, 1.845, 1.417, 1.073, 0.0, 1.108, 2.278, 3.337, 3.984, 4.048, 2.498, 1.833, 2.614, 2.858, 2.307, 2.044, 1.88, 2.134, 2.157, 1.619, 1.707, 2.619, 2.474, 2.34, 2.481, 2.312, 2.622, 2.344, 2.001, 2.198, 2.341, 1.942, 1.26, 1.928, 2.207, 2.29, 2.442, 2.473, 2.339, 1.901, 2.328, 2.922, 3.013, 2.682, 2.784, 2.591, 2.746, 2.572, 3.65, 5.123, 5.854, 5.775, 5.391, 5.671, 6.685], [2.776, 3.664, 3.396, 3.258, 2.798, 2.686, 2.375, 2.134, 2.349, 3.056, 4.627, 5.54, 5.662, 6.019, 6.083, 5.785, 5.665, 6.273, 6.884, 6.081, 4.868, 4.228, 4.208, 4.387, 4.132, 3.653, 2.735, 1.865, 1.769, 2.038, 2.16, 1.961, 1.54, 1.363, 1.144, 1.108, 0.0, 1.859, 2.98, 3.574, 3.619, 2.175, 1.569, 2.337, 2.591, 2.025, 1.907, 1.991, 2.247, 2.124, 1.134, 1.75, 2.628, 2.607, 2.695, 2.466, 2.304, 2.454, 2.172, 1.898, 1.959, 2.066, 1.606, 1.484, 1.874, 2.188, 2.351, 2.715, 2.933, 2.838, 2.33, 2.675, 3.404, 3.485, 3.345, 3.286, 3.039, 3.198, 3.12, 4.152, 5.601, 6.335, 6.262, 5.879, 6.151, 7.115], [1.617, 2.686, 3.391, 3.78, 3.291, 3.146, 3.13, 2.911, 2.365, 2.724, 4.321, 5.222, 5.08, 5.033, 5.263, 5.282, 4.581, 4.771, 5.259, 4.535, 3.766, 3.045, 2.949, 2.907, 2.694, 2.2, 1.836, 2.0, 1.855, 1.691, 1.691, 1.204, 1.536, 1.828, 2.122, 2.278, 1.859, 0.0, 1.479, 2.105, 2.082, 1.285, 1.225, 1.728, 1.508, 1.345, 1.927, 1.868, 2.141, 2.018, 1.717, 2.751, 3.725, 3.969, 3.923, 3.641, 3.045, 2.971, 2.69, 2.606, 2.494, 2.42, 2.066, 2.531, 2.782, 2.592, 3.23, 3.782, 4.187, 4.244, 3.723, 3.985, 4.956, 4.969, 4.441, 4.702, 4.458, 4.531, 4.404, 5.704, 7.167, 7.897, 7.828, 7.444, 7.72, 8.716], [2.49, 3.364, 4.206, 4.696, 4.223, 4.063, 4.037, 3.818, 3.297, 3.672, 5.184, 6.076, 5.918, 5.791, 5.94, 5.987, 5.269, 5.334, 5.499, 5.131, 4.605, 3.74, 3.461, 3.441, 3.108, 2.509, 2.664, 3.003, 2.841, 2.621, 2.553, 2.134, 2.586, 2.946, 3.194, 3.337, 2.98, 1.479, 0.0, 0.988, 1.367, 1.634, 1.941, 1.939, 1.358, 2.348, 2.851, 2.871, 3.053, 2.895, 2.896, 3.931, 4.893, 5.178, 5.202, 4.766, 4.027, 3.929, 3.69, 3.506, 3.484, 3.243, 2.893, 3.62, 3.788, 3.52, 4.151, 4.776, 5.278, 5.46, 4.898, 5.132, 6.104, 6.1, 5.58, 5.849, 5.605, 5.678, 5.532, 6.829, 8.294, 9.029, 8.956, 8.579, 8.863, 9.863], [2.562, 3.19, 4.23, 5.065, 4.601, 4.574, 4.546, 4.265, 3.577, 3.85, 5.146, 5.986, 5.832, 5.655, 5.721, 5.759, 4.981, 5.092, 5.335, 4.927, 4.502, 3.837, 3.734, 3.587, 3.185, 2.616, 2.842, 3.451, 3.296, 2.851, 2.611, 2.332, 2.876, 3.509, 3.878, 3.984, 3.574, 2.105, 0.988, 0.0, 1.165, 2.047, 2.476, 2.372, 1.827, 2.965, 3.449, 3.352, 3.348, 3.149, 3.429, 4.578, 5.499, 5.808, 5.827, 5.391, 4.553, 4.277, 4.215, 4.075, 4.045, 3.776, 3.384, 4.274, 4.359, 3.925, 4.738, 5.507, 6.077, 6.116, 5.593, 5.826, 6.797, 6.825, 6.301, 6.543, 6.311, 6.375, 6.26, 7.561, 9.022, 9.75, 9.684, 9.3, 9.573, 10.557], [2.313, 2.743, 3.787, 4.749, 4.449, 4.224, 4.363, 3.99, 3.249, 3.445, 4.623, 5.461, 5.256, 5.063, 5.102, 5.145, 4.452, 4.567, 4.726, 4.3, 3.94, 3.377, 3.252, 3.105, 2.687, 2.137, 2.541, 3.372, 3.216, 2.653, 2.402, 2.333, 2.846, 3.549, 3.881, 4.048, 3.619, 2.082, 1.367, 1.165, 0.0, 1.996, 2.487, 2.744, 2.156, 2.784, 3.302, 3.181, 3.15, 2.932, 3.338, 4.465, 5.436, 5.762, 5.788, 5.365, 4.44, 4.088, 4.034, 3.941, 3.85, 3.646, 3.382, 4.24, 4.366, 3.813, 4.45, 5.506, 6.097, 6.094, 5.556, 5.816, 6.787, 6.78, 6.257, 6.533, 6.289, 6.362, 6.215, 7.511, 8.977, 9.71, 9.638, 9.255, 9.547, 10.547], [1.975, 2.59, 3.55, 3.826, 3.4, 3.34, 3.143, 2.849, 2.772, 3.126, 4.571, 5.461, 5.284, 5.121, 5.195, 5.23, 4.681, 5.151, 5.424, 4.703, 4.038, 3.229, 3.09, 3.086, 2.921, 2.441, 1.795, 1.849, 1.715, 1.899, 1.916, 1.526, 2.011, 2.212, 2.44, 2.498, 2.175, 1.285, 1.634, 2.047, 1.996, 0.0, 1.125, 1.489, 1.296, 1.524, 2.009, 2.014, 2.178, 2.052, 1.867, 2.732, 3.651, 3.979, 4.016, 3.625, 3.058, 3.115, 2.867, 2.777, 2.751, 2.677, 2.128, 2.614, 2.644, 2.705, 3.21, 3.828, 4.407, 4.274, 3.74, 3.995, 4.946, 4.94, 4.418, 4.69, 4.446, 4.519, 4.375, 5.672, 7.138, 7.87, 7.799, 7.415, 7.704, 8.712], [2.13, 2.881, 3.545, 3.742, 3.289, 3.268, 2.965, 2.706, 2.572, 3.089, 4.716, 5.584, 5.47, 5.381, 5.462, 5.479, 5.021, 5.421, 5.872, 5.03, 4.287, 3.707, 3.639, 3.651, 3.417, 2.991, 2.172, 1.805, 1.592, 1.849, 1.905, 1.665, 1.854, 1.84, 1.844, 1.833, 1.569, 1.225, 1.941, 2.476, 2.487, 1.125, 0.0, 1.373, 1.497, 1.5, 1.874, 1.962, 2.343, 2.123, 1.628, 2.375, 3.259, 3.441, 3.509, 3.192, 2.91, 3.006, 2.603, 2.506, 2.527, 2.613, 2.109, 2.114, 2.428, 2.576, 2.892, 3.493, 3.867, 3.761, 3.207, 3.419, 4.387, 4.392, 3.877, 4.115, 3.885, 3.949, 3.827, 5.129, 6.589, 7.324, 7.251, 6.867, 7.149, 8.129], [2.979, 3.891, 4.697, 4.579, 4.177, 4.372, 3.973, 3.648, 3.674, 4.216, 5.832, 6.709, 6.558, 6.405, 6.519, 6.551, 5.8, 6.111, 6.493, 5.759, 5.242, 4.406, 4.178, 4.213, 3.983, 3.526, 2.675, 2.431, 2.484, 2.859, 2.91, 2.444, 2.71, 2.674, 2.799, 2.614, 2.337, 1.728, 1.939, 2.372, 2.744, 1.489, 1.373, 0.0, 0.999, 1.645, 2.165, 2.513, 3.016, 2.938, 2.18, 2.788, 3.579, 3.739, 3.872, 3.54, 3.169, 3.406, 3.187, 2.963, 3.071, 3.33, 3.134, 3.068, 3.112, 3.681, 4.052, 4.625, 4.877, 4.417, 3.879, 3.956, 4.937, 4.914, 4.375, 4.603, 4.372, 4.435, 4.329, 5.621, 7.08, 7.803, 7.741, 7.358, 7.63, 8.589], [2.833, 3.688, 4.51, 4.529, 4.12, 4.179, 3.911, 3.623, 3.478, 4.011, 5.614, 6.5, 6.349, 6.211, 6.324, 6.373, 5.599, 5.734, 6.032, 5.52, 5.016, 4.09, 3.855, 3.832, 3.582, 2.99, 2.456, 2.46, 2.482, 2.755, 2.806, 2.251, 2.591, 2.763, 2.985, 2.858, 2.591, 1.508, 1.358, 1.827, 2.156, 1.296, 1.497, 0.999, 0.0, 1.603, 2.085, 2.339, 2.839, 2.68, 2.166, 3.0, 3.812, 4.173, 4.195, 3.813, 3.327, 3.452, 3.132, 3.014, 3.058, 3.152, 2.892, 3.156, 3.166, 3.544, 4.029, 4.682, 5.1, 4.693, 4.203, 4.316, 5.29, 5.29, 4.76, 5.012, 4.777, 4.841, 4.726, 6.026, 7.487, 8.217, 8.148, 7.765, 8.041, 9.026], [2.455, 3.289, 3.986, 3.987, 3.58, 3.563, 3.357, 3.084, 2.785, 3.424, 4.911, 5.842, 5.668, 5.639, 5.853, 5.865, 5.377, 5.666, 6.056, 5.225, 4.391, 3.735, 3.535, 3.682, 3.443, 2.99, 1.975, 2.092, 2.183, 2.389, 2.392, 1.9, 2.071, 2.078, 2.284, 2.307, 2.025, 1.345, 2.348, 2.965, 2.784, 1.524, 1.5, 1.645, 1.603, 0.0, 1.254, 1.666, 2.116, 1.881, 1.591, 2.287, 3.131, 3.351, 3.638, 3.498, 3.191, 3.201, 2.774, 2.773, 2.772, 2.815, 2.436, 2.639, 2.743, 2.965, 3.453, 3.999, 4.225, 4.063, 3.437, 3.368, 4.247, 4.194, 3.702, 4.074, 3.785, 3.879, 3.715, 4.914, 6.383, 7.118, 7.045, 6.665, 6.98, 7.979], [2.657, 3.52, 3.787, 3.215, 2.862, 3.11, 2.809, 2.549, 2.629, 3.381, 4.704, 5.635, 5.574, 5.835, 5.927, 5.8, 5.604, 6.109, 6.565, 5.687, 4.54, 4.082, 3.952, 4.152, 3.945, 3.477, 2.101, 1.81, 2.087, 2.4, 2.414, 2.087, 1.688, 1.855, 1.934, 2.044, 1.907, 1.927, 2.851, 3.449, 3.302, 2.009, 1.874, 2.165, 2.085, 1.254, 0.0, 0.879, 1.366, 1.383, 1.319, 1.834, 2.453, 2.842, 3.008, 2.679, 2.261, 2.311, 2.073, 2.089, 2.195, 2.207, 1.933, 2.265, 2.199, 2.532, 2.982, 3.679, 3.835, 3.412, 2.993, 3.169, 3.927, 3.793, 3.365, 3.514, 3.274, 3.393, 3.167, 4.446, 5.916, 6.651, 6.58, 6.198, 6.517, 7.514], [2.44, 3.161, 3.405, 2.669, 2.256, 2.62, 2.271, 2.048, 2.265, 3.033, 4.332, 5.287, 5.247, 5.477, 5.546, 5.507, 5.342, 6.02, 6.485, 5.626, 4.425, 3.834, 3.742, 3.971, 3.775, 3.316, 1.881, 1.469, 1.789, 2.104, 2.109, 1.826, 1.369, 1.611, 1.774, 1.88, 1.991, 1.868, 2.871, 3.352, 3.181, 2.014, 1.962, 2.513, 2.339, 1.666, 0.879, 0.0, 0.852, 1.06, 1.181, 1.579, 2.307, 2.7, 2.756, 2.491, 1.915, 1.845, 1.718, 1.893, 1.978, 1.871, 1.61, 1.809, 1.726, 2.071, 2.616, 3.346, 3.544, 3.096, 2.757, 3.276, 3.888, 3.858, 3.392, 3.537, 3.275, 3.469, 3.204, 4.443, 5.909, 6.641, 6.57, 6.186, 6.475, 7.475], [2.028, 2.864, 2.887, 2.283, 1.84, 2.118, 1.816, 1.62, 1.723, 2.521, 3.685, 4.676, 4.655, 4.945, 5.014, 4.927, 4.899, 5.666, 6.078, 5.251, 3.98, 3.427, 3.268, 3.487, 3.329, 2.968, 1.563, 1.318, 1.665, 1.883, 1.855, 1.654, 1.379, 1.71, 2.06, 2.134, 2.247, 2.141, 3.053, 3.348, 3.15, 2.178, 2.343, 3.016, 2.839, 2.116, 1.366, 0.852, 0.0, 0.697, 1.441, 1.742, 2.645, 2.939, 2.98, 2.736, 1.896, 1.832, 1.738, 1.887, 1.937, 1.793, 1.437, 1.929, 1.641, 1.636, 2.092, 3.043, 3.496, 3.237, 2.915, 3.36, 3.984, 3.96, 3.627, 3.716, 3.489, 3.666, 3.375, 4.574, 6.037, 6.772, 6.699, 6.317, 6.633, 7.632], [1.853, 2.655, 2.745, 2.515, 2.084, 2.21, 1.988, 1.748, 1.5, 2.235, 3.505, 4.48, 4.411, 4.713, 4.779, 4.648, 4.641, 5.406, 5.824, 4.958, 3.685, 3.219, 3.057, 3.241, 3.11, 2.69, 1.491, 1.385, 1.594, 1.717, 1.657, 1.52, 1.388, 1.857, 2.081, 2.157, 2.124, 2.018, 2.895, 3.149, 2.932, 2.052, 2.123, 2.938, 2.68, 1.881, 1.383, 1.06, 0.697, 0.0, 1.306, 1.961, 2.901, 3.264, 3.288, 3.051, 2.32, 2.178, 2.129, 2.18, 2.14, 1.945, 1.437, 2.044, 1.937, 1.65, 2.214, 3.188, 3.662, 3.574, 3.072, 3.434, 4.186, 4.129, 3.723, 3.935, 3.663, 3.789, 3.546, 4.838, 6.308, 7.043, 6.97, 6.587, 6.905, 7.908], [2.464, 3.272, 3.009, 2.793, 2.342, 2.459, 2.206, 1.922, 2.09, 2.912, 4.23, 5.137, 5.262, 5.624, 5.674, 5.366, 5.423, 6.173, 6.691, 5.83, 4.604, 3.945, 3.892, 4.114, 3.962, 3.504, 2.121, 1.501, 1.6, 1.889, 2.043, 1.697, 1.302, 1.406, 1.541, 1.619, 1.134, 1.717, 2.896, 3.429, 3.338, 1.867, 1.628, 2.18, 2.166, 1.591, 1.319, 1.181, 1.441, 1.306, 0.0, 1.242, 2.181, 2.446, 2.519, 2.342, 1.883, 1.967, 1.703, 1.653, 1.687, 1.76, 1.372, 1.483, 1.501, 1.867, 2.395, 2.912, 3.211, 2.899, 2.425, 2.783, 3.555, 3.632, 3.491, 3.417, 3.182, 3.263, 3.171, 4.316, 5.77, 6.501, 6.431, 6.048, 6.331, 7.277], [3.409, 3.968, 3.376, 2.181, 1.809, 2.126, 1.752, 1.897, 2.782, 3.611, 4.836, 5.857, 5.962, 6.283, 6.36, 6.227, 6.357, 7.221, 7.688, 6.842, 5.529, 4.968, 4.755, 4.989, 4.914, 4.539, 3.072, 1.907, 2.182, 2.67, 2.903, 2.809, 2.126, 1.587, 1.669, 1.707, 1.75, 2.751, 3.931, 4.578, 4.465, 2.732, 2.375, 2.788, 3.0, 2.287, 1.834, 1.579, 1.742, 1.961, 1.242, 0.0, 1.167, 1.515, 1.742, 1.786, 1.745, 2.157, 1.667, 1.683, 1.887, 2.059, 1.768, 1.301, 1.08, 1.756, 2.12, 2.248, 2.311, 1.977, 2.092, 2.451, 2.72, 2.816, 2.912, 2.698, 2.533, 2.653, 2.468, 3.336, 4.602, 5.328, 5.293, 4.898, 5.19, 6.246], [4.319, 4.923, 4.044, 2.294, 1.96, 2.559, 2.251, 2.784, 3.808, 4.592, 5.649, 6.801, 6.895, 7.23, 7.325, 7.177, 7.279, 8.148, 8.648, 7.805, 6.505, 5.873, 5.743, 5.968, 5.887, 5.49, 3.887, 2.641, 2.934, 3.535, 3.811, 3.75, 3.04, 2.403, 2.464, 2.619, 2.628, 3.725, 4.893, 5.499, 5.436, 3.651, 3.259, 3.579, 3.812, 3.131, 2.453, 2.307, 2.645, 2.901, 2.181, 1.167, 0.0, 1.145, 1.35, 1.361, 1.699, 2.309, 2.033, 2.222, 2.445, 2.629, 2.609, 1.936, 1.527, 2.488, 2.828, 2.757, 2.682, 2.182, 2.845, 3.102, 2.87, 2.935, 3.075, 2.642, 2.648, 2.655, 2.461, 2.969, 3.813, 4.525, 4.691, 4.286, 4.623, 5.691], [4.589, 5.22, 4.684, 2.734, 2.576, 3.322, 2.686, 2.974, 3.965, 4.787, 6.052, 7.138, 7.268, 7.526, 7.659, 7.542, 7.566, 8.477, 8.978, 8.141, 6.829, 6.172, 6.033, 6.28, 6.204, 5.83, 4.124, 2.845, 3.047, 3.819, 4.102, 4.004, 3.297, 2.603, 2.43, 2.474, 2.607, 3.969, 5.178, 5.808, 5.762, 3.979, 3.441, 3.739, 4.173, 3.351, 2.842, 2.7, 2.939, 3.264, 2.446, 1.515, 1.145, 0.0, 0.922, 1.086, 1.86, 2.453, 2.294, 2.642, 2.794, 3.039, 2.995, 2.064, 1.79, 2.993, 2.942, 3.018, 2.808, 2.227, 2.609, 2.823, 2.674, 2.872, 2.744, 2.345, 2.371, 2.41, 2.214, 2.782, 3.571, 4.264, 4.186, 4.038, 4.206, 5.141], [4.636, 5.37, 4.844, 2.643, 2.478, 3.204, 2.576, 2.951, 4.003, 4.834, 6.227, 7.224, 7.307, 7.705, 7.757, 7.58, 7.597, 8.476, 8.987, 8.166, 6.877, 6.186, 6.055, 6.315, 6.217, 5.816, 4.139, 2.883, 3.018, 3.836, 4.087, 4.008, 3.343, 2.641, 2.428, 2.34, 2.695, 3.923, 5.202, 5.827, 5.788, 4.016, 3.509, 3.872, 4.195, 3.638, 3.008, 2.756, 2.98, 3.288, 2.519, 1.742, 1.35, 0.922, 0.0, 1.116, 1.823, 2.46, 2.236, 2.475, 2.679, 2.837, 2.985, 1.922, 1.765, 3.073, 2.926, 2.877, 2.523, 2.091, 2.514, 2.874, 2.963, 3.193, 3.082, 2.675, 2.736, 2.811, 2.602, 3.171, 3.541, 4.243, 4.315, 3.983, 4.158, 5.026], [4.462, 5.286, 4.678, 2.523, 2.29, 3.025, 2.45, 2.802, 3.794, 4.737, 6.116, 7.061, 7.198, 7.603, 7.65, 7.337, 7.415, 8.133, 8.679, 7.869, 6.638, 5.909, 5.846, 6.101, 5.954, 5.467, 3.805, 2.594, 2.791, 3.648, 3.823, 3.608, 2.994, 2.447, 2.283, 2.481, 2.466, 3.641, 4.766, 5.391, 5.365, 3.625, 3.192, 3.54, 3.813, 3.498, 2.679, 2.491, 2.736, 3.051, 2.342, 1.786, 1.361, 1.086, 1.116, 0.0, 1.247, 1.899, 1.835, 2.077, 2.207, 2.466, 2.526, 1.755, 1.41, 2.902, 2.917, 3.059, 3.093, 2.539, 2.938, 3.304, 3.333, 3.556, 3.514, 3.093, 3.063, 3.117, 2.874, 3.515, 4.18, 4.836, 4.804, 4.639, 4.704, 5.63], [3.572, 4.414, 3.861, 2.067, 1.703, 2.254, 1.826, 2.081, 2.932, 3.871, 5.237, 6.176, 6.303, 6.716, 6.755, 6.455, 6.515, 7.267, 7.836, 7.014, 5.782, 5.042, 4.933, 5.2, 5.068, 4.585, 2.95, 2.037, 2.236, 2.862, 2.997, 2.779, 2.248, 2.053, 2.18, 2.312, 2.304, 3.045, 4.027, 4.553, 4.44, 3.058, 2.91, 3.169, 3.327, 3.191, 2.261, 1.915, 1.896, 2.32, 1.883, 1.745, 1.699, 1.86, 1.823, 1.247, 0.0, 1.188, 1.156, 1.373, 1.454, 1.659, 1.779, 1.555, 1.193, 2.268, 2.473, 2.969, 3.125, 2.655, 2.999, 3.502, 3.602, 3.84, 3.735, 3.386, 3.309, 3.404, 3.168, 3.924, 5.033, 5.762, 5.755, 5.356, 5.587, 6.529], [2.954, 3.782, 3.421, 1.627, 1.497, 2.067, 1.773, 1.953, 2.397, 3.328, 4.701, 5.605, 5.733, 6.098, 6.141, 5.833, 5.852, 6.567, 7.119, 6.263, 5.085, 4.393, 4.353, 4.584, 4.401, 3.946, 2.812, 2.336, 2.426, 2.434, 2.638, 2.474, 2.052, 2.046, 2.285, 2.622, 2.454, 2.971, 3.929, 4.277, 4.088, 3.115, 3.006, 3.406, 3.452, 3.201, 2.311, 1.845, 1.832, 2.178, 1.967, 2.157, 2.309, 2.453, 2.46, 1.899, 1.188, 0.0, 0.814, 1.107, 1.105, 1.241, 1.717, 2.006, 1.609, 2.162, 2.381, 3.347, 3.561, 3.29, 3.532, 4.165, 4.408, 4.63, 4.433, 4.151, 4.041, 4.214, 3.939, 4.732, 5.743, 6.423, 6.367, 6.15, 6.222, 7.165], [2.985, 3.888, 3.448, 1.751, 1.493, 1.948, 1.628, 1.819, 2.459, 3.472, 4.836, 5.74, 5.868, 6.233, 6.278, 5.964, 5.924, 6.572, 7.147, 6.282, 5.164, 4.483, 4.446, 4.667, 4.426, 3.963, 2.698, 2.003, 2.156, 2.348, 2.6, 2.44, 1.83, 1.62, 1.988, 2.344, 2.172, 2.69, 3.69, 4.215, 4.034, 2.867, 2.603, 3.187, 3.132, 2.774, 2.073, 1.718, 1.738, 2.129, 1.703, 1.667, 2.033, 2.294, 2.236, 1.835, 1.156, 0.814, 0.0, 0.78, 0.894, 1.055, 1.408, 1.61, 1.132, 2.003, 2.278, 2.888, 3.104, 2.892, 3.098, 3.707, 3.964, 4.164, 4.058, 3.858, 3.693, 3.861, 3.64, 4.49, 5.483, 6.181, 6.173, 5.867, 5.997, 6.927], [2.938, 3.818, 3.39, 2.075, 1.791, 1.908, 1.677, 1.855, 2.365, 3.378, 4.726, 5.628, 5.756, 6.13, 6.175, 5.858, 5.851, 6.519, 7.092, 6.24, 5.092, 4.424, 4.361, 4.587, 4.367, 3.875, 2.906, 2.173, 2.311, 2.41, 2.603, 2.388, 1.863, 1.632, 1.8, 2.001, 1.898, 2.606, 3.506, 4.075, 3.941, 2.777, 2.506, 2.963, 3.014, 2.773, 2.089, 1.893, 1.887, 2.18, 1.653, 1.683, 2.222, 2.642, 2.475, 2.077, 1.373, 1.107, 0.78, 0.0, 0.492, 0.83, 1.268, 1.561, 1.372, 2.054, 2.273, 2.731, 3.048, 3.001, 3.097, 3.717, 4.032, 4.193, 4.134, 3.924, 3.763, 3.906, 3.711, 4.615, 5.755, 6.473, 6.488, 6.077, 6.289, 7.25], [2.695, 3.605, 3.218, 2.139, 1.89, 1.752, 1.729, 1.86, 2.228, 3.194, 4.498, 5.4, 5.531, 5.906, 5.951, 5.622, 5.614, 6.294, 6.853, 6.006, 4.864, 4.164, 4.125, 4.352, 4.116, 3.665, 2.841, 2.144, 2.29, 2.352, 2.502, 2.302, 1.787, 1.598, 1.858, 2.198, 1.959, 2.494, 3.484, 4.045, 3.85, 2.751, 2.527, 3.071, 3.058, 2.772, 2.195, 1.978, 1.937, 2.14, 1.687, 1.887, 2.445, 2.794, 2.679, 2.207, 1.454, 1.105, 0.894, 0.492, 0.0, 0.673, 1.131, 1.559, 1.459, 2.019, 2.186, 2.798, 3.115, 3.234, 3.304, 3.904, 4.167, 4.414, 4.374, 4.177, 4.011, 4.158, 3.964, 4.845, 5.984, 6.715, 6.713, 6.345, 6.53, 7.455], [2.556, 3.412, 3.109, 2.03, 1.833, 1.66, 1.692, 1.888, 2.124, 3.062, 4.316, 5.214, 5.354, 5.711, 5.765, 5.45, 5.48, 6.132, 6.701, 5.857, 4.692, 3.975, 3.962, 4.184, 3.962, 3.481, 2.674, 2.196, 2.281, 2.208, 2.327, 2.116, 1.615, 1.698, 1.971, 2.341, 2.066, 2.42, 3.243, 3.776, 3.646, 2.677, 2.613, 3.33, 3.152, 2.815, 2.207, 1.871, 1.793, 1.945, 1.76, 2.059, 2.629, 3.039, 2.837, 2.466, 1.659, 1.241, 1.055, 0.83, 0.673, 0.0, 1.023, 1.664, 1.611, 1.914, 2.26, 2.884, 3.227, 3.453, 3.459, 4.086, 4.373, 4.61, 4.608, 4.397, 4.232, 4.369, 4.18, 5.106, 6.054, 6.78, 6.854, 6.481, 6.613, 7.516], [2.184, 2.981, 2.582, 2.225, 1.789, 1.548, 1.527, 1.525, 1.798, 2.651, 3.875, 4.776, 4.928, 5.305, 5.357, 5.011, 5.105, 5.819, 6.335, 5.496, 4.276, 3.588, 3.589, 3.743, 3.565, 3.097, 2.245, 1.636, 1.706, 1.731, 1.777, 1.577, 1.131, 1.401, 1.523, 1.942, 1.606, 2.066, 2.893, 3.384, 3.382, 2.128, 2.109, 3.134, 2.892, 2.436, 1.933, 1.61, 1.437, 1.437, 1.372, 1.768, 2.609, 2.995, 2.985, 2.526, 1.779, 1.717, 1.408, 1.268, 1.131, 1.023, 0.0, 1.328, 1.376, 1.327, 1.898, 2.458, 3.006, 3.164, 2.854, 3.453, 3.888, 4.02, 4.034, 3.849, 3.662, 3.767, 3.647, 4.656, 6.009, 6.732, 6.711, 6.288, 6.566, 7.507], [3.3, 4.098, 3.519, 2.478, 1.994, 2.098, 1.595, 1.826, 2.551, 3.545, 4.922, 5.84, 5.983, 6.37, 6.414, 6.097, 6.227, 6.879, 7.45, 6.641, 5.412, 4.646, 4.569, 4.829, 4.634, 4.166, 2.886, 1.856, 1.872, 2.528, 2.617, 2.492, 1.815, 1.318, 1.173, 1.26, 1.484, 2.531, 3.62, 4.274, 4.24, 2.614, 2.114, 3.068, 3.156, 2.639, 2.265, 1.809, 1.929, 2.044, 1.483, 1.301, 1.936, 2.064, 1.922, 1.755, 1.555, 2.006, 1.61, 1.561, 1.559, 1.664, 1.328, 0.0, 1.047, 1.873, 1.926, 1.938, 2.153, 2.071, 2.027, 2.633, 2.848, 3.163, 3.14, 2.906, 2.761, 2.91, 2.705, 3.574, 4.892, 5.617, 5.57, 5.18, 5.455, 6.395], [3.218, 4.089, 3.475, 1.769, 1.447, 1.926, 1.518, 1.776, 2.601, 3.597, 4.938, 5.848, 5.996, 6.375, 6.434, 6.115, 6.137, 6.943, 7.479, 6.66, 5.396, 4.67, 4.61, 4.831, 4.669, 4.256, 2.716, 1.666, 1.94, 2.524, 2.68, 2.507, 1.931, 1.426, 1.712, 1.928, 1.874, 2.782, 3.788, 4.359, 4.366, 2.644, 2.428, 3.112, 3.166, 2.743, 2.199, 1.726, 1.641, 1.937, 1.501, 1.08, 1.527, 1.79, 1.765, 1.41, 1.193, 1.609, 1.132, 1.372, 1.459, 1.611, 1.376, 1.047, 0.0, 1.833, 2.138, 2.381, 2.492, 2.211, 2.482, 3.018, 3.224, 3.45, 3.491, 3.255, 3.111, 3.25, 3.063, 3.765, 4.792, 5.505, 5.504, 5.114, 5.363, 6.341], [2.186, 2.653, 1.888, 1.523, 1.08, 1.089, 1.116, 1.091, 1.532, 2.215, 3.404, 4.577, 4.615, 4.937, 5.059, 4.963, 5.11, 5.932, 6.376, 5.553, 4.234, 3.708, 3.5, 3.672, 3.642, 3.348, 2.55, 1.982, 1.755, 1.598, 1.771, 1.982, 1.701, 1.738, 2.004, 2.207, 2.188, 2.592, 3.52, 3.925, 3.813, 2.705, 2.576, 3.681, 3.544, 2.965, 2.532, 2.071, 1.636, 1.65, 1.867, 1.756, 2.488, 2.993, 3.073, 2.902, 2.268, 2.162, 2.003, 2.054, 2.019, 1.914, 1.327, 1.873, 1.833, 0.0, 1.212, 1.926, 2.692, 2.981, 2.894, 3.023, 3.352, 3.339, 3.486, 3.395, 3.136, 3.19, 3.108, 4.105, 5.463, 6.183, 6.188, 5.824, 6.185, 7.258], [2.764, 3.219, 2.542, 1.796, 1.545, 1.539, 1.236, 1.138, 1.821, 2.451, 3.841, 5.024, 5.012, 5.34, 5.581, 5.441, 5.651, 6.367, 6.744, 5.89, 4.581, 4.227, 3.895, 4.039, 4.084, 3.818, 3.05, 2.219, 2.054, 2.207, 2.406, 2.75, 2.418, 2.113, 1.965, 2.29, 2.351, 3.23, 4.151, 4.738, 4.45, 3.21, 2.892, 4.052, 4.029, 3.453, 2.982, 2.616, 2.092, 2.214, 2.395, 2.12, 2.828, 2.942, 2.926, 2.917, 2.473, 2.381, 2.278, 2.273, 2.186, 2.26, 1.898, 1.926, 2.138, 1.212, 0.0, 1.476, 2.23, 2.618, 2.463, 2.606, 2.879, 2.954, 2.882, 2.738, 2.593, 2.685, 2.517, 3.436, 4.873, 5.597, 5.584, 5.29, 5.728, 6.643], [3.85, 4.32, 3.371, 2.569, 2.206, 2.191, 1.782, 1.992, 2.887, 3.605, 4.898, 6.195, 6.188, 6.419, 6.681, 6.591, 6.763, 7.524, 7.935, 7.099, 5.811, 5.314, 4.928, 5.102, 5.106, 4.82, 3.988, 2.946, 2.784, 