[[0.0, 0.649, 0.928, 1.429, 2.933, 5.663, 5.862, 4.768, 5.506, 4.322, 1.79, 3.275, 4.757, 5.547, 5.218, 5.431, 5.953, 6.136, 6.345, 6.149, 5.462, 5.2, 4.982, 4.555, 4.773, 4.884, 4.649, 4.654, 4.844, 4.533, 3.79, 4.607, 5.208, 5.496, 5.559, 5.705, 5.428, 5.096, 5.286, 5.105, 4.793, 4.399, 4.318, 4.305, 3.937, 5.286, 6.276, 5.792, 5.236, 5.07, 4.807, 4.626, 4.661, 4.768, 4.87, 5.0, 4.94, 4.165, 3.398, 3.791, 4.149, 3.612, 3.592, 3.4, 4.062, 6.145, 9.104, 10.167, 10.509, 9.965, 8.927, 8.245, 7.967, 7.237, 7.15, 5.511, 4.253, 4.119, 5.359, 8.286, 12.251, 13.216, 13.489, 14.182, 13.511, 12.23], [0.649, 0.0, 0.695, 1.272, 2.809, 5.493, 5.72, 4.624, 5.368, 4.095, 1.724, 3.358, 4.95, 5.669, 5.325, 5.561, 6.095, 6.288, 6.495, 6.286, 5.572, 5.253, 5.105, 4.697, 4.88, 5.003, 4.895, 4.954, 5.139, 4.806, 3.983, 4.749, 5.535, 5.771, 5.841, 5.871, 5.636, 5.229, 5.44, 5.374, 5.035, 4.643, 4.561, 4.359, 3.924, 5.166, 6.159, 5.641, 5.104, 4.913, 4.681, 4.495, 4.537, 4.652, 4.735, 4.869, 4.804, 4.041, 3.337, 3.688, 3.997, 3.506, 3.471, 3.28, 3.928, 6.014, 8.977, 10.043, 10.379, 9.833, 8.785, 8.107, 7.833, 7.116, 7.011, 5.403, 4.175, 4.023, 5.278, 8.15, 12.128, 13.096, 13.362, 14.056, 13.394, 12.106], [0.928, 0.695, 0.0, 0.78, 2.307, 5.058, 5.239, 4.166, 4.935, 3.669, 1.81, 3.866, 5.448, 6.176, 5.789, 6.048, 6.567, 6.754, 6.981, 6.767, 6.042, 5.707, 5.574, 5.146, 5.348, 5.451, 5.342, 5.393, 5.572, 5.252, 4.263, 4.916, 5.797, 6.141, 6.098, 6.09, 5.844, 5.399, 5.735, 5.567, 5.195, 4.796, 4.717, 4.485, 3.758, 4.661, 5.65, 5.167, 4.627, 4.394, 4.188, 4.028, 4.063, 4.233, 4.26, 4.393, 4.34, 3.61, 2.914, 3.264, 3.538, 3.015, 3.006, 2.807, 3.425, 5.533, 8.497, 9.538, 9.889, 9.35, 8.297, 7.606, 7.328, 6.642, 6.542, 4.991, 3.809, 3.65, 4.766, 7.655, 11.626, 12.589, 12.857, 13.552, 12.885, 11.625], [1.429, 1.272, 0.78, 0.0, 1.676, 4.453, 4.621, 3.55, 4.31, 3.17, 2.002, 4.47, 6.051, 6.806, 6.433, 6.657, 7.204, 7.379, 7.604, 7.373, 6.641, 6.305, 6.17, 5.757, 5.922, 6.05, 5.853, 5.918, 6.102, 5.781, 4.872, 5.278, 6.335, 6.738, 6.57, 6.503, 6.198, 5.838, 6.136, 5.948, 5.505, 5.096, 4.994, 4.742, 3.701, 4.156, 5.018, 4.534, 4.029, 3.795, 3.63, 3.467, 3.493, 3.686, 3.657, 3.78, 3.848, 3.236, 2.666, 2.839, 2.934, 2.47, 2.453, 2.248, 2.819, 4.892, 7.848, 8.908, 9.251, 8.71, 7.67, 6.98, 6.711, 6.056, 5.97, 4.585, 3.571, 3.413, 4.161, 7.036, 10.995, 11.956, 12.226, 12.921, 12.249, 10.982], [2.933, 2.809, 2.307, 1.676, 0.0, 2.994, 3.086, 2.003, 2.935, 2.381, 3.184, 5.997, 7.604, 8.372, 7.984, 8.218, 8.715, 8.903, 9.16, 8.916, 8.142, 7.8, 7.679, 7.205, 7.47, 7.596, 7.346, 7.156, 7.364, 7.149, 6.076, 6.547, 7.54, 7.882, 7.705, 7.487, 7.047, 6.857, 7.125, 6.81, 6.125, 5.834, 5.744, 5.478, 3.354, 2.916, 3.557, 3.32, 2.701, 2.718, 2.382, 2.551, 2.83, 2.75, 2.47, 2.591, 2.841, 2.505, 2.233, 2.065, 1.84, 1.51, 1.835, 1.658, 1.937, 3.348, 6.306, 7.34, 7.688, 7.158, 6.102, 5.433, 5.197, 4.589, 4.543, 3.47, 2.923, 2.704, 2.825, 5.475, 9.436, 10.407, 10.688, 11.35, 10.722, 9.427], [5.663, 5.493, 5.058, 4.453, 2.994, 0.0, 1.044, 1.262, 1.15, 1.997, 5.81, 8.733, 10.299, 11.087, 10.725, 10.939, 11.43, 11.563, 11.865, 11.596, 10.839, 10.456, 10.373, 9.862, 10.113, 10.233, 9.988, 9.732, 9.92, 9.654, 8.713, 9.182, 10.12, 10.439, 10.296, 9.983, 9.45, 9.306, 9.635, 9.439, 8.666, 8.293, 8.234, 7.758, 4.778, 2.74, 1.973, 1.601, 1.878, 1.954, 1.581, 1.639, 2.107, 2.191, 2.187, 2.0, 1.94, 2.467, 2.905, 2.625, 2.298, 2.784, 3.169, 3.099, 2.297, 1.304, 3.597, 4.635, 4.989, 4.476, 3.441, 2.764, 2.533, 2.176, 2.189, 2.034, 2.843, 2.563, 1.827, 2.991, 6.758, 7.667, 7.95, 8.643, 7.987, 6.734], [5.862, 5.72, 5.239, 4.621, 3.086, 1.044, 0.0, 1.372, 1.391, 2.453, 6.033, 8.921, 10.517, 11.338, 10.955, 11.161, 11.688, 11.817, 12.115, 11.846, 11.08, 10.696, 10.598, 10.082, 10.328, 10.439, 10.172, 9.899, 10.124, 9.825, 8.917, 9.386, 10.375, 10.71, 10.568, 10.26, 9.669, 9.574, 9.815, 9.62, 8.903, 8.528, 8.498, 7.955, 4.934, 2.692, 1.97, 1.948, 2.178, 2.24, 1.892, 1.778, 2.249, 2.324, 2.377, 2.229, 2.272, 2.754, 3.224, 2.775, 2.494, 2.871, 3.38, 3.277, 2.466, 1.461, 3.337, 4.457, 4.737, 4.219, 3.238, 2.653, 2.442, 2.176, 2.283, 2.379, 3.0, 2.731, 1.945, 2.612, 6.481, 7.415, 7.707, 8.372, 7.695, 6.451], [4.768, 4.624, 4.166, 3.55, 2.003, 1.262, 1.372, 0.0, 1.448, 1.969, 4.904, 7.806, 9.384, 10.209, 9.826, 10.024, 10.564, 10.712, 11.006, 10.731, 9.968, 9.585, 9.476, 8.962, 9.213, 9.328, 9.055, 8.817, 9.079, 8.833, 7.871, 8.294, 9.381, 9.681, 9.544, 9.245, 8.714, 8.622, 8.786, 8.548, 7.889, 7.535, 7.484, 6.96, 4.224, 2.164, 2.083, 1.725, 1.567, 1.751, 1.348, 1.436, 1.944, 1.824, 1.761, 1.603, 1.936, 2.302, 2.52, 2.103, 1.529, 1.988, 2.435, 2.37, 1.815, 1.695, 4.383, 5.475, 5.846, 5.315, 4.296, 3.635, 3.401, 2.972, 2.972, 2.375, 2.481, 2.263, 1.794, 3.657, 7.608, 8.554, 8.825, 9.488, 8.864, 7.547], [5.506, 5.368, 4.935, 4.31, 2.935, 1.15, 1.391, 1.448, 0.0, 1.74, 5.568, 8.478, 10.045, 10.904, 10.517, 10.726, 11.259, 11.4, 11.695, 11.429, 10.662, 10.307, 10.184, 9.685, 9.936, 10.054, 9.76, 9.511, 9.857, 9.578, 8.625, 8.974, 10.02, 10.38, 10.26, 9.959, 9.382, 9.361, 9.549, 9.298, 8.611, 8.254, 8.202, 7.69, 4.463, 3.01, 2.619, 1.939, 2.268, 2.505, 1.763, 1.199, 1.637, 1.699, 1.778, 1.592, 1.659, 2.203, 2.813, 2.344, 1.984, 2.407, 2.815, 2.666, 1.901, 1.462, 3.722, 4.868, 5.241, 4.721, 3.729, 2.992, 2.814, 2.141, 2.073, 1.858, 2.69, 2.389, 1.667, 3.284, 6.974, 7.898, 8.163, 8.817, 8.174, 6.852], [4.322, 4.095, 3.669, 3.17, 2.381, 1.997, 2.453, 1.969, 1.74, 0.0, 4.21, 7.221, 8.798, 9.572, 9.192, 9.396, 9.928, 10.107, 10.345, 10.091, 9.326, 8.986, 8.872, 8.389, 8.633, 8.769, 8.569, 8.606, 8.88, 8.56, 7.577, 7.827, 8.992, 9.485, 9.303, 8.973, 8.516, 8.179, 8.388, 8.252, 7.595, 7.223, 7.133, 6.404, 3.715, 2.655, 3.408, 2.309, 2.171, 2.347, 1.93, 1.706, 1.865, 2.182, 2.112, 1.987, 2.012, 1.878, 2.12, 1.854, 1.945, 2.099, 2.379, 2.259, 1.701, 2.384, 5.06, 6.186, 6.611, 6.06, 5.086, 4.362, 4.156, 3.423, 3.366, 2.284, 2.34, 2.035, 2.284, 4.501, 8.297, 9.202, 9.473, 10.161, 9.5, 8.208], [1.79, 1.724, 1.81, 2.002, 3.184, 5.81, 6.033, 4.904, 5.568, 4.21, 0.0, 3.472, 5.099, 5.59, 5.218, 5.603, 6.029, 6.184, 6.259, 6.033, 5.291, 4.968, 5.015, 4.673, 4.915, 4.998, 5.012, 5.142, 5.422, 5.118, 4.599, 5.272, 6.098, 6.356, 6.229, 6.518, 6.11, 5.635, 5.653, 5.759, 5.534, 5.143, 5.027, 4.763, 3.539, 5.374, 6.405, 5.752, 5.239, 5.099, 4.906, 4.899, 5.017, 5.222, 5.05, 5.127, 5.181, 4.566, 3.857, 4.123, 4.283, 3.84, 3.957, 3.853, 4.309, 6.258, 9.174, 10.276, 10.613, 10.08, 9.033, 8.34, 8.069, 7.366, 7.3, 5.677, 4.357, 4.44, 5.684, 8.39, 12.376, 13.336, 13.593, 14.283, 13.625, 12.349], [3.275, 3.358, 3.866, 4.47, 5.997, 8.733, 8.921, 7.806, 8.478, 7.221, 3.472, 0.0, 2.018, 2.675, 2.52, 2.559, 2.985, 3.178, 3.307, 3.089, 2.433, 2.337, 2.174, 2.028, 2.344, 2.43, 2.225, 2.256, 2.564, 2.711, 3.616, 4.24, 4.096, 4.584, 5.091, 5.197, 5.114, 4.68, 4.602, 4.632, 4.376, 4.099, 4.139, 4.058, 4.768, 8.341, 9.364, 8.752, 8.252, 8.148, 7.881, 7.685, 7.62, 7.771, 7.877, 8.015, 7.934, 7.162, 6.323, 6.819, 7.203, 6.677, 6.648, 6.458, 7.114, 9.217, 12.128, 13.24, 13.585, 13.04, 11.993, 11.303, 11.022, 10.314, 10.223, 8.525, 6.929, 6.993, 8.443, 11.359, 15.329, 16.293, 16.564, 17.251, 16.582, 15.306], [4.757, 4.95, 5.448, 6.051, 7.604, 10.299, 10.517, 9.384, 10.045, 8.798, 5.099, 2.018, 0.0, 1.123, 1.132, 1.213, 1.491, 1.674, 1.86, 1.887, 1.491, 1.365, 0.987, 1.214, 1.245, 1.186, 1.319, 1.594, 1.591, 2.185, 3.361, 3.714, 3.575, 4.009, 4.67, 4.829, 4.84, 4.556, 4.275, 4.182, 4.106, 4.041, 4.094, 4.118, 6.121, 9.894, 10.906, 10.327, 9.807, 9.748, 9.422, 9.239, 9.168, 9.315, 9.421, 9.558, 9.474, 8.698, 7.861, 8.364, 8.746, 8.224, 8.192, 7.993, 8.665, 10.771, 13.685, 14.792, 15.138, 14.594, 13.545, 12.859, 12.566, 11.86, 11.765, 10.089, 8.484, 8.539, 9.984, 12.911, 16.88, 17.85, 18.114, 18.801, 18.135, 16.857], [5.547, 5.669, 6.176, 6.806, 8.372, 11.087, 11.338, 10.209, 10.904, 9.572, 5.59, 2.675, 1.123, 0.0, 0.845, 1.037, 1.039, 1.147, 1.326, 1.423, 1.214, 1.23, 1.146, 1.694, 1.473, 1.412, 1.705, 1.951, 1.905, 2.515, 3.659, 3.987, 3.871, 4.304, 4.938, 5.14, 5.122, 4.737, 4.405, 4.462, 4.503, 4.464, 4.527, 4.465, 6.988, 10.767, 11.772, 11.145, 10.63, 10.477, 10.288, 10.12, 10.041, 10.18, 10.286, 10.426, 10.344, 9.568, 8.727, 9.226, 9.605, 9.092, 9.055, 8.865, 9.538, 11.643, 14.557, 15.67, 16.006, 15.459, 14.413, 13.715, 13.429, 12.727, 12.634, 10.933, 9.326, 9.384, 10.844, 13.778, 17.758, 18.723, 18.987, 19.678, 19.014, 17.738], [5.218, 5.325, 5.789, 6.433, 7.984, 10.725, 10.955, 9.826, 10.517, 9.192, 5.218, 2.52, 1.132, 0.845, 0.0, 0.748, 1.111, 1.227, 1.421, 1.412, 1.097, 1.031, 1.125, 1.442, 1.31, 1.217, 1.416, 1.713, 1.611, 2.061, 3.144, 3.536, 3.461, 3.894, 4.529, 4.726, 4.717, 4.316, 4.029, 4.011, 4.018, 3.943, 3.989, 3.891, 6.601, 10.375, 11.392, 10.758, 10.244, 10.111, 9.914, 9.734, 9.659, 9.793, 9.897, 10.033, 9.958, 9.196, 8.35, 8.842, 9.217, 8.709, 8.665, 8.491, 9.155, 11.247, 14.17, 15.274, 15.602, 15.062, 14.02, 13.324, 13.044, 12.334, 12.245, 10.55, 8.953, 9.014, 10.458, 13.385, 17.364, 18.335, 18.601, 19.281, 18.636, 17.346], [5.431, 5.561, 6.048, 6.657, 8.218, 10.939, 11.161, 10.024, 10.726, 9.396, 5.603, 2.559, 1.213, 1.037, 0.748, 0.0, 0.769, 0.932, 1.187, 1.201, 1.009, 1.083, 1.111, 1.396, 1.28, 1.239, 1.448, 1.727, 1.575, 1.995, 3.045, 3.502, 3.344, 3.783, 4.415, 4.633, 4.625, 4.215, 3.937, 3.922, 4.013, 3.934, 3.972, 3.848, 6.805, 10.571, 11.579, 10.961, 10.442, 10.341, 10.115, 9.923, 9.863, 9.99, 10.102, 10.238, 10.168, 9.409, 8.566, 9.039, 9.41, 8.906, 8.866, 8.69, 9.365, 11.434, 14.361, 15.46, 15.796, 15.253, 14.219, 13.525, 13.241, 12.537, 12.446, 10.763, 9.156, 9.212, 10.671, 13.584, 17.55, 18.524, 18.797, 19.472, 18.823, 17.532], [5.953, 6.095, 6.567, 7.204, 8.715, 11.43, 11.688, 10.564, 11.259, 9.928, 6.029, 2.985, 1.491, 1.039, 1.111, 0.769, 0.0, 0.438, 0.845, 1.19, 1.198, 1.249, 1.285, 1.778, 1.586, 1.492, 1.791, 2.047, 1.901, 2.367, 3.406, 3.845, 3.748, 4.126, 4.753, 4.953, 4.997, 4.48, 4.295, 4.301, 4.379, 4.277, 4.321, 4.219, 7.347, 11.141, 12.142, 11.505, 11.006, 10.858, 10.675, 10.491, 10.422, 10.58, 10.7, 10.831, 10.753, 10.002, 9.166, 9.653, 10.019, 9.482, 9.451, 9.267, 9.925, 12.006, 14.897, 16.023, 16.377, 15.838, 14.795, 14.1, 13.819, 13.112, 13.025, 11.334, 9.718, 9.775, 11.213, 14.152, 18.119, 19.075, 19.354, 20.041, 19.354, 18.083], [6.136, 6.288, 6.754, 7.379, 8.903, 11.563, 11.817, 10.712, 11.4, 10.107, 6.184, 3.178, 1.674, 1.147, 1.227, 0.932, 0.438, 0.0, 0.822, 1.127, 1.26, 1.298, 1.423, 1.934, 1.702, 1.55, 1.896, 2.149, 2.005, 2.447, 3.489, 3.965, 3.866, 4.228, 4.85, 5.048, 5.116, 4.598, 4.372, 4.409, 4.499, 4.377, 4.394, 4.343, 7.5, 11.29, 12.29, 11.646, 11.151, 11.006, 10.842, 10.66, 10.567, 10.733, 10.855, 10.994, 10.918, 10.183, 9.36, 9.838, 10.201, 9.653, 9.623, 9.467, 10.118, 12.162, 15.027, 16.164, 16.53, 15.994, 14.954, 14.251, 13.975, 13.275, 13.191, 11.512, 9.905, 9.95, 11.374, 14.308, 18.267, 19.211, 19.5, 20.184, 19.492, 18.216], [6.345, 6.495, 6.981, 7.604, 9.16, 11.865, 12.115, 11.006, 11.695, 10.345, 6.259, 3.307, 1.86, 1.326, 1.421, 1.187, 0.845, 0.822, 0.0, 0.79, 1.201, 1.513, 1.594, 2.133, 1.908, 1.814, 2.09, 2.418, 2.245, 2.707, 3.684, 4.161, 4.025, 4.382, 5.022, 5.193, 5.281, 4.764, 4.566, 4.592, 4.68, 4.62, 4.678, 4.643, 7.774, 11.576, 12.576, 11.942, 11.439, 11.295, 11.11, 10.927, 10.846, 11.003, 11.119, 11.256, 11.177, 10.426, 9.586, 10.083, 10.456, 9.917, 9.889, 9.699, 10.36, 12.441, 15.34, 16.463, 16.813, 16.274, 15.23, 14.537, 14.256, 13.548, 13.459, 11.769, 10.154, 10.213, 11.654, 14.592, 18.556, 19.513, 19.79, 20.478, 19.797, 18.525], [6.149, 6.286, 6.767, 7.373, 8.916, 11.596, 11.846, 10.731, 11.429, 10.091, 6.033, 3.089, 1.887, 1.423, 1.412, 1.201, 1.19, 1.127, 0.79, 0.0, 0.903, 1.377, 1.549, 1.885, 1.668, 1.591, 1.845, 2.171, 2.056, 2.526, 3.592, 4.201, 4.101, 4.527, 5.151, 5.354, 5.344, 4.901, 4.674, 4.697, 4.735, 4.629, 4.672, 4.601, 7.505, 11.313, 12.307, 11.676, 11.175, 11.022, 10.856, 10.669, 10.584, 10.742, 10.855, 10.996, 10.925, 10.186, 9.361, 9.844, 10.205, 9.661, 9.636, 9.484, 10.13, 12.179, 15.07, 16.196, 16.549, 16.011, 14.974, 14.277, 13.997, 13.289, 13.21, 11.534, 9.923, 9.972, 11.421, 14.324, 18.288, 19.244, 19.524, 20.212, 19.527, 18.256], [5.462, 5.572, 6.042, 6.641, 8.142, 10.839, 11.08, 9.968, 10.662, 9.326, 5.291, 2.433, 1.491, 1.214, 1.097, 1.009, 1.198, 1.26, 1.201, 0.903, 0.0, 0.634, 0.88, 1.233, 1.13, 1.145, 1.389, 1.677, 1.659, 2.17, 3.339, 4.004, 3.918, 4.356, 4.979, 5.184, 5.145, 4.717, 4.459, 4.495, 4.519, 4.379, 4.402, 4.108, 6.75, 10.554, 11.549, 10.917, 10.417, 10.27, 10.099, 9.914, 9.823, 9.989, 10.1, 10.242, 10.168, 9.431, 8.637, 9.093, 9.448, 8.905, 8.879, 8.727, 9.373, 11.417, 14.295, 15.428, 15.786, 15.248, 14.208, 13.515, 13.236, 12.534, 12.453, 10.776, 9.166, 9.207, 10.65, 13.562, 17.521, 18.476, 18.757, 19.445, 18.756, 17.484], [5.2, 5.253, 5.707, 6.305, 7.8, 10.456, 10.696, 9.585, 10.307, 8.986, 4.968, 2.337, 1.365, 1.23, 1.031, 1.083, 1.249, 1.298, 1.513, 1.377, 0.634, 0.0, 0.641, 1.109, 1.093, 1.029, 1.348, 1.7, 1.622, 2.142, 3.335, 3.995, 3.893, 4.334, 4.958, 5.163, 5.139, 4.694, 4.462, 4.485, 4.526, 4.374, 4.385, 4.086, 6.42, 10.183, 11.186, 10.532, 10.039, 9.902, 9.736, 9.557, 9.457, 9.641, 9.741, 9.881, 9.818, 9.111, 8.328, 8.764, 9.106, 8.558, 8.527, 8.385, 9.032, 11.046, 13.905, 15.044, 15.409, 14.881, 13.838, 13.142, 12.874, 12.174, 12.086, 10.416, 8.805, 8.862, 10.272, 13.193, 17.152, 18.087, 18.381, 19.062, 18.371, 17.092], [4.982, 5.105, 5.574, 6.17, 7.679, 10.373, 10.598, 9.476, 10.184, 8.872, 5.015, 2.174, 0.987, 1.146, 1.125, 1.111, 1.285, 1.423, 1.594, 1.549, 0.88, 0.641, 0.0, 0.87, 0.837, 0.81, 1.087, 1.482, 1.445, 1.961, 3.268, 3.915, 3.835, 4.267, 4.896, 5.074, 5.027, 4.613, 4.387, 4.364, 4.342, 4.193, 4.215, 3.964, 6.3, 10.063, 11.073, 10.419, 9.929, 9.798, 9.617, 9.428, 9.341, 9.511, 9.625, 9.76, 9.682, 8.955, 8.15, 8.627, 8.98, 8.43, 8.4, 8.242, 8.895, 10.93, 13.82, 14.945, 15.299, 14.769, 13.727, 13.029, 12.759, 12.06, 11.972, 10.29, 8.673, 8.728, 10.153, 13.078, 17.041, 17.989, 18.271, 18.957, 18.275, 17.0], [4.555, 4.697, 5.146, 5.757, 7.205, 9.862, 10.082, 8.962, 9.685, 8.389, 4.673, 2.028, 1.214, 1.694, 1.442, 1.396, 1.778, 1.934, 2.133, 1.885, 1.233, 1.109, 0.87, 0.0, 0.838, 0.919, 0.854, 1.141, 1.197, 1.488, 2.817, 3.593, 3.356, 3.806, 4.428, 4.584, 4.569, 4.123, 3.954, 3.891, 3.772, 3.613, 3.648, 3.47, 5.804, 9.508, 10.546, 9.889, 9.367, 9.236, 9.058, 8.928, 8.868, 8.95, 9.069, 9.216, 9.14, 8.428, 7.643, 8.088, 8.409, 7.869, 7.852, 7.694, 8.355, 10.392, 13.281, 14.403, 14.741, 14.205, 13.162, 12.469, 12.193, 11.493, 11.415, 9.749, 8.12, 8.156, 9.629, 12.521, 16.5, 17.454, 17.721, 18.404, 17.73, 16.468], [4.773, 4.88, 5.348, 5.922, 7.47, 10.113, 10.328, 9.213, 9.936, 8.633, 4.915, 2.344, 1.245, 1.473, 1.31, 1.28, 1.586, 1.702, 1.908, 1.668, 1.13, 1.093, 0.837, 0.838, 0.0, 0.52, 0.863, 1.202, 1.342, 1.557, 2.827, 3.494, 3.426, 3.854, 4.484, 4.674, 4.654, 4.243, 4.068, 3.971, 3.944, 3.787, 3.794, 3.545, 6.01, 9.769, 10.781, 10.164, 9.65, 9.507, 9.327, 9.151, 9.118, 9.23, 9.342, 9.48, 9.427, 8.738, 7.958, 8.381, 8.689, 8.145, 8.116, 7.99, 8.644, 10.645, 13.529, 14.659, 15.014, 14.479, 13.438, 12.739, 12.47, 11.77, 11.691, 10.035, 8.407, 8.458, 9.903, 12.79, 16.751, 17.707, 17.986, 18.676, 17.985, 16.72], [4.884, 5.003, 5.451, 6.05, 7.596, 10.233, 10.439, 9.328, 10.054, 8.769, 4.998, 2.43, 1.186, 1.412, 1.217, 1.239, 1.492, 1.55, 1.814, 1.591, 1.145, 1.029, 0.81, 0.919, 0.52, 0.0, 0.834, 1.189, 1.312, 1.497, 2.77, 3.421, 3.353, 3.785, 4.42, 4.595, 4.548, 4.141, 3.938, 3.9, 3.892, 3.75, 3.765, 3.553, 6.139, 9.877, 10.885, 10.257, 9.746, 9.619, 9.456, 9.267, 9.235, 9.357, 9.46, 9.597, 9.546, 8.851, 8.068, 8.502, 8.814, 8.276, 8.239, 8.111, 8.765, 10.747, 13.635, 14.76, 15.123, 14.594, 13.554, 12.851, 12.587, 11.889, 11.814, 10.143, 8.52, 8.572, 10.0, 12.906, 16.87, 17.811, 18.091, 18.778, 18.088, 16.816], [4.649, 4.895, 5.342, 5.853, 7.346, 9.988, 10.172, 9.055, 9.76, 8.569, 5.012, 2.225, 1.319, 1.705, 1.416, 1.448, 1.791, 1.896, 2.09, 1.845, 1.389, 1.348, 1.087, 0.854, 0.863, 0.834, 0.0, 0.742, 0.877, 1.117, 2.503, 3.209, 3.006, 3.461, 4.101, 4.233, 4.237, 3.908, 3.744, 3.581, 3.433, 3.266, 3.27, 3.225, 5.854, 9.601, 10.61, 9.984, 9.486, 9.39, 9.172, 8.987, 8.9, 9.068, 9.186, 9.315, 9.275, 8.587, 7.811, 8.242, 8.541, 8.002, 7.967, 7.833, 8.489, 10.472, 13.365, 14.481, 14.84, 14.315, 13.275, 12.57, 12.306, 11.61, 11.525, 9.858, 8.244, 8.296, 9.723, 12.624, 16.59, 17.531, 17.811, 18.493, 17.815, 16.542], [4.654, 4.954, 5.393, 5.918, 7.156, 9.732, 9.899, 8.817, 9.511, 8.606, 5.142, 2.256, 1.594, 1.951, 1.713, 1.727, 2.047, 2.149, 2.418, 2.171, 1.677, 1.7, 1.482, 1.141, 1.202, 1.189, 0.742, 0.0, 0.577, 1.196, 2.491, 3.37, 2.996, 3.326, 4.051, 4.174, 4.087, 3.897, 3.815, 3.604, 3.305, 3.151, 3.214, 3.22, 5.623, 9.262, 10.334, 9.886, 9.226, 9.224, 8.856, 8.708, 8.713, 8.7, 8.808, 8.947, 8.926, 8.222, 7.441, 7.873, 8.16, 7.628, 7.593, 7.458, 8.12, 10.141, 13.067, 14.178, 14.49, 13.945, 12.914, 12.219, 11.936, 11.233, 11.155, 9.501, 7.869, 7.93, 9.381, 12.274, 16.256, 17.212, 17.482, 18.156, 17.498, 16.23], [4.844, 5.139, 5.572, 6.102, 7.364, 9.92, 10.124, 9.079, 9.857, 8.88, 5.422, 2.564, 1.591, 1.905, 1.611, 1.575, 1.901, 2.005, 2.245, 2.056, 1.659, 1.622, 1.445, 1.197, 1.342, 1.312, 0.877, 0.577, 0.0, 1.056, 2.353, 3.198, 2.802, 3.177, 3.874, 4.023, 3.941, 3.751, 3.642, 3.445, 3.236, 3.103, 3.146, 3.214, 5.894, 9.54, 10.596, 10.187, 9.527, 9.429, 9.098, 8.98, 9.027, 9.026, 9.084, 9.219, 9.16, 8.433, 7.661, 8.114, 8.432, 7.888, 7.864, 7.75, 8.385, 10.396, 13.38, 14.427, 14.746, 14.205, 13.16, 12.478, 12.211, 11.487, 11.394, 9.731, 8.135, 8.201, 9.621, 12.525, 16.512, 17.484, 17.735, 18.423, 17.771, 16.486], [4.533, 4.806, 5.252, 5.781, 7.149, 9.654, 9.825, 8.833, 9.578, 8.56, 5.118, 2.711, 2.185, 2.515, 2.061, 1.995, 2.367, 2.447, 2.707, 2.526, 2.17, 2.142, 1.961, 1.488, 1.557, 1.497, 1.117, 1.196, 1.056, 0.0, 1.739, 2.501, 2.14, 2.54, 3.156, 3.335, 3.258, 3.046, 2.946, 2.728, 2.599, 2.511, 2.543, 2.655, 5.617, 9.254, 10.277, 9.885, 9.302, 9.082, 8.839, 8.736, 8.744, 8.772, 8.836, 8.949, 8.889, 8.184, 7.409, 7.852, 8.169, 7.703, 7.634, 7.542, 8.14, 10.11, 13.032, 14.115, 14.467, 13.921, 12.88, 12.2, 11.909, 11.227, 11.137, 9.473, 7.866, 7.933, 9.34, 12.232, 16.208, 17.162, 17.432, 18.131, 17.478, 16.202], [3.79, 3.983, 4.263, 4.872, 6.076, 8.713, 8.917, 7.871, 8.625, 7.577, 4.599, 3.616, 3.361, 3.659, 3.144, 3.045, 3.406, 3.489, 3.684, 3.592, 3.339, 3.335, 3.268, 2.817, 2.827, 2.77, 2.503, 2.491, 2.353, 1.739, 0.0, 1.427, 2.114, 2.284, 2.304, 2.344, 2.163, 1.92, 2.048, 1.946, 1.765, 1.611, 1.618, 1.791, 4.649, 8.353, 9.395, 8.939, 8.354, 8.206, 7.9, 7.775, 7.82, 7.835, 7.931, 8.063, 7.981, 7.184, 6.382, 6.839, 7.222, 6.672, 6.656, 6.519, 7.14, 9.232, 12.19, 13.235, 13.57, 13.038, 11.981, 11.3, 11.023, 10.312, 10.223, 8.531, 6.932, 6.989, 8.435, 11.34, 15.323, 16.292, 16.558, 17.243, 16.593, 15.315], [4.607, 4.749, 4.916, 5.278, 6.547, 9.182, 9.386, 8.294, 8.974, 7.827, 5.272, 4.24, 3.714, 3.987, 3.536, 3.502, 3.845, 3.965, 4.161, 4.201, 4.004, 3.995, 3.915, 3.593, 3.494, 3.421, 3.209, 3.37, 3.198, 2.501, 1.427, 0.0, 1.637, 1.953, 1.924, 1.81, 1.678, 1.448, 1.474, 1.282, 1.171, 1.173, 1.269, 1.717, 4.899, 8.713, 9.672, 9.312, 8.79, 8.702, 8.285, 8.075, 8.101, 8.165, 8.249, 8.381, 8.282, 7.448, 6.609, 7.124, 7.528, 6.981, 6.99, 6.793, 7.426, 9.595, 12.568, 13.544, 13.855, 13.304, 12.309, 11.658, 11.343, 10.575, 10.463, 8.894, 7.322, 7.373, 8.73, 11.768, 15.675, 16.693, 16.896, 17.562, 16.884, 15.669], [5.208, 5.535, 5.797, 6.335, 7.54, 10.12, 10.375, 9.381, 10.02, 8.992, 6.098, 4.096, 3.575, 3.871, 3.461, 3.344, 3.748, 3.866, 4.025, 4.101, 3.918, 3.893, 3.835, 3.356, 3.426, 3.353, 3.006, 2.996, 2.802, 2.14, 2.114, 1.637, 0.0, 1.039, 1.658, 1.72, 1.848, 1.826, 1.802, 1.655, 1.84, 2.202, 2.256, 2.828, 5.955, 9.648, 10.632, 10.36, 9.712, 9.594, 9.227, 9.115, 9.211, 9.133, 9.146, 9.286, 9.207, 8.384, 7.527, 8.011, 8.48, 7.961, 7.914, 7.715, 8.355, 10.563, 13.523, 14.481, 14.753, 14.189, 13.113, 12.44, 12.171, 11.393, 11.333, 9.636, 8.088, 8.218, 9.652, 12.697, 16.597, 17.6, 17.84, 18.487, 17.842, 16.61], [5.496, 5.771, 6.141, 6.738, 7.882, 10.439, 10.71, 9.681, 10.38, 9.485, 6.356, 4.584, 4.009, 4.304, 3.894, 3.783, 4.126, 4.228, 4.382, 4.527, 4.356, 4.334, 4.267, 3.806, 3.854, 3.785, 3.461, 3.326, 3.177, 2.54, 2.284, 1.953, 1.039, 0.0, 1.064, 1.259, 1.658, 1.775, 1.917, 1.711, 2.103, 2.419, 2.509, 3.228, 6.313, 9.847, 10.917, 10.826, 10.094, 9.853, 9.507, 9.512, 9.613, 9.476, 9.43, 9.555, 9.496, 8.547, 7.731, 8.256, 8.708, 8.264, 8.107, 8.021, 8.664, 10.785, 13.867, 14.717, 14.812, 14.208, 13.128, 12.528, 12.205, 11.463, 11.386, 9.741, 8.147, 8.238, 9.668, 12.688, 16.647, 17.825, 17.899, 18.661, 18.086, 16.931], [5.559, 5.841, 6.098, 6.57, 7.705, 10.296, 10.568, 9.544, 10.26, 9.303, 6.229, 5.091, 4.67, 4.938, 4.529, 4.415, 4.753, 4.85, 5.022, 5.151, 4.979, 4.958, 4.896, 4.428, 4.484, 4.42, 4.101, 4.051, 3.874, 3.156, 2.304, 1.924, 1.658, 1.064, 0.0, 0.859, 1.437, 1.533, 1.671, 1.644, 2.113, 2.406, 2.465, 3.172, 6.199, 9.721, 10.779, 10.681, 9.959, 9.664, 9.374, 9.396, 9.511, 9.388, 9.346, 9.473, 9.408, 8.452, 7.622, 8.168, 8.618, 8.17, 7.979, 7.926, 8.546, 10.675, 13.75, 14.622, 14.675, 14.057, 12.939, 12.308, 12.005, 11.285, 11.177, 9.491, 8.004, 8.081, 9.47, 12.48, 16.396, 17.669, 17.711, 18.509, 17.991, 16.821], [5.705, 5.871, 6.09, 6.503, 7.487, 9.983, 10.26, 9.245, 9.959, 8.973, 6.518, 5.197, 4.829, 5.14, 4.726, 4.633, 4.953, 5.048, 5.193, 5.354, 5.184, 5.163, 5.074, 4.584, 4.674, 4.595, 4.233, 4.174, 4.023, 3.335, 2.344, 1.81, 1.72, 1.259, 0.859, 0.0, 1.042, 1.376, 1.758, 1.696, 1.888, 2.19, 2.243, 2.773, 5.918, 9.435, 10.518, 10.363, 9.639, 9.35, 9.08, 9.097, 9.209, 9.097, 9.052, 9.176, 9.111, 8.159, 7.327, 7.878, 8.319, 7.88, 7.713, 7.645, 8.25, 10.376, 13.449, 14.321, 14.37, 13.785, 12.646, 11.956, 11.651, 10.923, 10.734, 9.075, 7.7, 7.767, 9.116, 12.149, 16.041, 17.366, 17.41, 18.204, 17.686, 16.52], [5.428, 5.636, 5.844, 6.198, 7.047, 9.45, 9.669, 8.714, 9.382, 8.516, 6.11, 5.114, 4.84, 5.122, 4.717, 4.625, 4.997, 5.116, 5.281, 5.344, 5.145, 5.139, 5.027, 4.569, 4.654, 4.548, 4.237, 4.087, 3.941, 3.258, 2.163, 1.678, 1.848, 1.658, 1.437, 1.042, 0.0, 1.052, 1.517, 1.506, 1.573, 1.803, 1.868, 2.383, 5.348, 8.848, 9.976, 9.889, 9.169, 8.884, 8.578, 8.572, 8.694, 8.572, 8.519, 8.664, 8.651, 7.733, 6.857, 7.356, 7.807, 7.35, 7.238, 7.121, 7.717, 9.825, 12.899, 13.761, 13.927, 13.359, 12.239, 11.523, 11.192, 10.451, 10.308, 8.598, 7.146, 7.3, 8.655, 11.765, 15.663, 16.827, 17.016, 17.737, 17.177, 15.96], [5.096, 5.229, 5.399, 5.838, 6.857, 9.306, 9.574, 8.622, 9.361, 8.179, 5.635, 4.68, 4.556, 4.737, 4.316, 4.215, 4.48, 4.598, 4.764, 4.901, 4.717, 4.694, 4.613, 4.123, 4.243, 4.141, 3.908, 3.897, 3.751, 3.046, 1.92, 1.448, 1.826, 1.775, 1.533, 1.376, 1.052, 0.0, 0.943, 1.168, 1.258, 1.405, 1.516, 1.98, 5.249, 8.861, 9.825, 9.599, 8.98, 8.594, 8.441, 8.495, 8.566, 8.539, 8.558, 8.683, 8.564, 7.667, 6.849, 7.413, 7.797, 7.327, 7.287, 7.167, 7.713, 9.874, 12.874, 13.804, 13.993, 13.416, 12.279, 11.61, 11.322, 10.603, 10.517, 8.781, 7.185, 7.311, 8.697, 11.802, 15.741, 16.865, 17.046, 17.785, 17.18, 15.997], [5.286, 5.44, 5.735, 6.136, 7.125, 9.635, 9.815, 8.786, 9.549, 8.388, 5.653, 4.602, 4.275, 4.405, 4.029, 3.937, 4.295, 4.372, 4.566, 4.674, 4.459, 4.462, 4.387, 3.954, 4.068, 3.938, 3.744, 3.815, 3.642, 2.946, 2.048, 1.474, 1.802, 1.917, 1.671, 1.758, 1.517, 0.943, 0.0, 0.802, 1.344, 1.783, 1.793, 2.121, 5.485, 9.13, 10.148, 9.806, 9.21, 8.98, 8.768, 8.673, 8.743, 8.73, 8.82, 8.948, 8.843, 8.021, 7.158, 7.687, 8.113, 7.536, 7.551, 7.373, 7.983, 10.14, 13.107, 14.112, 14.371, 13.798, 12.706, 12.059, 11.759, 11.058, 10.986, 9.221, 7.624, 7.766, 9.153, 12.234, 16.185, 17.188, 17.451, 18.106, 17.452, 16.223], [5.105, 5.374, 5.567, 5.948, 6.81, 9.439, 9.62, 8.548, 9.298, 8.252, 5.759, 4.632, 4.182, 4.462, 4.011, 3.922, 4.301, 4.409, 4.592, 4.697, 4.495, 4.485, 4.364, 3.891, 3.971, 3.9, 3.581, 3.604, 3.445, 2.728, 1.946, 1.282, 1.655, 1.711, 1.644, 1.696, 1.506, 1.168, 0.802, 0.0, 1.061, 1.595, 1.564, 1.96, 5.25, 8.876, 9.928, 9.647, 9.001, 8.804, 8.551, 8.419, 8.521, 8.474, 8.556, 8.698, 8.622, 7.808, 6.937, 7.421, 7.843, 7.291, 7.294, 7.123, 7.725, 9.879, 12.871, 13.856, 14.104, 13.543, 12.498, 11.802, 11.506, 10.805, 10.727, 9.022, 7.443, 7.534, 9.015, 12.002, 15.942, 16.951, 17.221, 17.851, 17.217, 15.976], [4.793, 5.035, 5.195, 5.505, 6.125, 8.666, 8.903, 7.889, 8.611, 7.595, 5.534, 4.376, 4.106, 4.503, 4.018, 4.013, 4.379, 4.499, 4.68, 4.735, 4.519, 4.526, 4.342, 3.772, 3.944, 3.892, 3.433, 3.305, 3.236, 2.599, 1.765, 1.171, 1.84, 2.103, 2.113, 1.888, 1.573, 1.258, 1.344, 1.061, 0.0, 0.8, 0.882, 1.455, 4.653, 8.283, 9.207, 8.984, 8.307, 8.122, 7.752, 7.748, 7.853, 7.795, 7.836, 7.964, 7.855, 7.01, 6.135, 6.645, 7.074, 6.598, 6.552, 6.39, 6.974, 9.124, 12.122, 13.09, 13.39, 12.858, 11.782, 11.109, 10.833, 10.114, 10.019, 8.328, 6.729, 6.796, 8.281, 11.166, 15.142, 16.18, 16.393, 17.114, 16.515, 15.247], [4.399, 4.643, 4.796, 5.096, 5.834, 8.293, 8.528, 7.535, 8.254, 7.223, 5.143, 4.099, 4.041, 4.464, 3.943, 3.934, 4.277, 4.377, 4.62, 4.629, 4.379, 4.374, 4.193, 3.613, 3.787, 3.75, 3.266, 3.151, 3.103, 2.511, 1.611, 1.173, 2.202, 2.419, 2.406, 2.19, 1.803, 1.405, 1.783, 1.595, 0.8, 0.0, 0.496, 1.156, 4.236, 7.89, 8.791, 8.567, 7.951, 7.818, 7.384, 7.392, 7.442, 7.433, 7.496, 7.624, 7.5, 6.681, 5.856, 6.355, 6.762, 6.271, 6.228, 6.105, 6.65, 8.765, 11.749, 12.73, 13.021, 12.48, 11.444, 10.757, 10.478, 9.756, 9.646, 7.977, 6.4, 6.462, 7.859, 10.853, 14.747, 15.826, 16.025, 16.739, 16.106, 14.885], [4.318, 4.561, 4.717, 4.994, 5.744, 8.234, 8.498, 7.484, 8.202, 7.133, 5.027, 4.139, 4.094, 4.527, 3.989, 3.972, 4.321, 4.394, 4.678, 4.672, 4.402, 4.385, 4.215, 3.648, 3.794, 3.765, 3.27, 3.214, 3.146, 2.543, 1.618, 1.269, 2.256, 2.509, 2.465, 2.243, 1.868, 1.516, 1.793, 1.564, 0.882, 0.496, 0.0, 1.188, 4.21, 7.901, 8.78, 8.467, 7.893, 7.766, 7.336, 7.331, 7.379, 7.374, 7.437, 7.556, 7.447, 6.643, 5.82, 6.311, 6.72, 6.228, 6.177, 6.075, 6.631, 8.721, 11.694, 12.682, 13.017, 12.465, 11.454, 10.76, 10.491, 9.747, 9.638, 7.985, 6.387, 6.478, 7.861, 10.835, 14.743, 15.756, 15.971, 16.699, 16.085, 14.822], [4.305, 4.359, 4.485, 4.742, 5.478, 7.758, 7.955, 6.96, 7.69, 6.404, 4.763, 4.058, 4.118, 4.465, 3.891, 3.848, 4.219, 4.343, 4.643, 4.601, 4.108, 4.086, 3.964, 3.47, 3.545, 3.553, 3.225, 3.22, 3.214, 2.655, 1.791, 1.717, 2.828, 3.228, 3.172, 2.773, 2.383, 1.98, 2.121, 1.96, 1.455, 1.156, 1.188, 0.0, 3.624, 7.328, 8.37, 7.894, 7.345, 7.198, 6.862, 6.822, 6.842, 6.869, 6.961, 7.101, 7.018, 6.245, 5.448, 5.887, 6.245, 5.731, 5.735, 5.591, 6.166, 8.25, 11.209, 12.219, 12.519, 11.975, 10.959, 10.239, 9.96, 9.237, 9.163, 7.496, 5.901, 5.953, 7.405, 10.39, 14.296, 15.296, 15.56, 16.219, 15.549, 14.334], [3.937, 3.924, 3.758, 3.701, 3.354, 4.778, 4.934, 4.224, 4.463, 3.715, 3.539, 4.768, 6.121, 6.988, 6.601, 6.805, 7.347, 7.5, 7.774, 7.505, 6.75, 6.42, 6.3, 5.804, 6.01, 6.139, 5.854, 5.623, 5.894, 5.617, 4.649, 4.899, 5.955, 6.313, 6.199, 5.918, 5.348, 5.249, 5.485, 5.25, 4.653, 4.236, 4.21, 3.624, 0.0, 4.28, 5.483, 5.029, 4.462, 4.487, 4.055, 3.842, 4.144, 4.14, 4.022, 4.089, 4.189, 3.57, 3.046, 3.334, 3.651, 3.249, 3.306, 3.179, 3.392, 4.957, 7.791, 8.798, 9.133, 8.54, 7.575, 6.864, 6.579, 5.819, 5.79, 4.276, 3.245, 3.27, 4.29, 7.101, 10.921, 11.89, 12.16, 12.809, 12.128, 10.902], [5.286, 5.166, 4.661, 4.156, 2.916, 2.74, 2.692, 2.164, 3.01, 2.655, 5.374, 8.341, 9.894, 10.767, 10.375, 10.571, 11.141, 11.29, 11.576, 11.313, 10.554, 10.183, 10.063, 9.508, 9.769, 9.877, 9.601, 9.262, 9.54, 9.254, 8.353, 8.713, 9.648, 9.847, 9.721, 9.435, 8.848, 8.861, 9.13, 8.876, 8.283, 7.89, 7.901, 7.328, 4.28, 0.0, 2.048, 1.994, 1.588, 1.729, 2.008, 2.951, 3.57, 3.36, 2.977, 2.931, 3.415, 3.125, 3.005, 2.54, 2.365, 2.601, 2.755, 2.844, 2.529, 2.209, 4.199, 5.032, 5.307, 4.777, 4.057, 3.715, 3.522, 3.441, 3.47, 3.122, 3.111, 3.024, 2.772, 3.503, 7.109, 8.14, 8.369, 8.991, 8.385, 7.153], [6.276, 6.159, 5.65, 5.018, 3.557, 1.973, 1.97, 2.083, 2.619, 3.408, 6.405, 9.364, 10.906, 11.772, 11.392, 11.579, 12.142, 12.29, 12.576, 12.307, 11.549, 11.186, 11.073, 10.546, 10.781, 10.885, 10.61, 10.334, 10.596, 10.277, 9.395, 9.672, 10.632, 10.917, 10.779, 10.518, 9.976, 9.825, 10.148, 9.928, 9.207, 8.791, 8.78, 8.37, 5.483, 2.048, 0.0, 1.373, 1.702, 1.815, 1.82, 2.742, 3.19, 3.234, 3.242, 3.131, 3.327, 3.758, 3.979, 3.686, 3.002, 3.417, 3.966, 3.953, 3.392, 1.923, 3.182, 4.086, 4.354, 3.83, 3.169, 2.815, 2.686, 2.706, 2.899, 3.07, 3.774, 3.611, 2.892, 2.755, 6.085, 7.176, 7.367, 8.072, 7.434, 6.211], [5.792, 5.641, 5.167, 4.534, 3.32, 1.601, 1.948, 1.725, 1.939, 2.309, 5.752, 8.752, 10.327, 11.145, 10.758, 10.961, 11.505, 11.646, 11.942, 11.676, 10.917, 10.532, 10.419, 9.889, 10.164, 10.257, 9.984, 9.886, 10.187, 9.885, 8.939, 9.312, 10.36, 10.826, 10.681, 10.363, 9.889, 9.599, 9.806, 9.647, 8.984, 8.567, 8.467, 7.894, 5.029, 1.994, 1.373, 0.0, 1.028, 1.283, 1.462, 2.045, 2.416, 2.721, 2.862, 2.604, 2.774, 3.219, 3.505, 3.126, 2.718, 3.089, 3.554, 3.486, 2.936, 1.759, 3.548, 4.585, 4.953, 4.427, 3.699, 3.302, 3.003, 2.72, 2.819, 2.752, 3.42, 3.161, 2.723, 3.153, 6.689, 7.605, 7.896, 8.571, 7.907, 6.616], [5.236, 5.104, 4.627, 4.029, 2.701, 1.878, 2.178, 1.567, 2.268, 2.171, 5.239, 8.252, 9.807, 10.63, 10.244, 10.442, 11.006, 11.151, 11.439, 11.175, 10.417, 10.039, 9.929, 9.367, 9.65, 9.746, 9.486, 9.226, 9.527, 9.302, 8.354, 8.79, 9.712, 10.094, 9.959, 9.639, 9.169, 8.98, 9.21, 9.001, 8.307, 7.951, 7.893, 7.345, 4.462, 1.588, 1.702, 1.028, 0.0, 0.79, 1.148, 2.135, 2.636, 2.534, 2.478, 2.313, 2.651, 2.849, 2.928, 2.724, 2.1, 2.387, 2.874, 2.87, 2.334, 1.783, 4.06, 5.117, 5.444, 4.927, 4.11, 3.663, 3.399, 3.03, 3.079, 2.763, 2.967, 2.793, 2.622, 3.414, 7.207, 8.165, 8.398, 9.068, 8.419, 7.152], [5.07, 4.913, 4.394, 3.795, 2.718, 1.954, 2.24, 1.751, 2.505, 2.347, 5.099, 8.148, 9.748, 10.477, 10.111, 10.341, 10.858, 11.006, 11.295, 11.022, 10.27, 9.902, 9.798, 9.236, 9.507, 9.619, 9.39, 9.224, 9.429, 9.082, 8.206, 8.702, 9.594, 9.853, 9.664, 9.35, 8.884, 8.594, 8.98, 8.804, 8.122, 7.818, 7.766, 7.198, 4.487, 1.729, 1.815, 1.283, 0.79, 0.0, 1.121, 2.341, 2.824, 2.801, 2.69, 2.533, 2.765, 2.921, 2.962, 2.777, 2.221, 2.498, 2.998, 3.037, 2.37, 1.924, 4.372, 5.254, 5.575, 5.042, 4.157, 3.715, 3.431, 3.093, 3.146, 2.741, 2.938, 2.792, 2.573, 3.497, 7.297, 8.317, 8.543, 9.253, 8.629, 7.432], [4.807, 4.681, 4.188, 3.63, 2.382, 1.581, 1.892, 1.348, 1.763, 1.93, 4.906, 7.881, 9.422, 10.288, 9.914, 10.115, 10.675, 10.842, 11.11, 10.856, 10.099, 9.736, 9.617, 9.058, 9.327, 9.456, 9.172, 8.856, 9.098, 8.839, 7.9, 8.285, 9.227, 9.507, 9.374, 9.08, 8.578, 8.441, 8.768, 8.551, 7.752, 7.384, 7.336, 6.862, 4.055, 2.008, 1.82, 1.462, 1.148, 1.121, 0.0, 1.575, 2.25, 2.191, 2.101, 1.94, 2.179, 2.314, 2.403, 2.173, 1.531, 1.885, 2.327, 2.376, 1.815, 1.71, 4.471, 5.405, 5.776, 5.219, 4.225, 3.643, 3.312, 2.773, 2.789, 2.115, 2.36, 2.252, 2.019, 3.682, 7.495, 8.517, 8.736, 9.431, 8.805, 7.58], [4.626, 4.495, 4.028, 3.467, 2.551, 1.639, 1.778, 1.436, 1.199, 1.706, 4.899, 7.685, 9.239, 10.12, 9.734, 9.923, 10.491, 10.66, 10.927, 10.669, 9.914, 9.557, 9.428, 8.928, 9.151, 9.267, 8.987, 8.708, 8.98, 8.736, 7.775, 8.075, 9.115, 9.512, 9.396, 9.097, 8.572, 8.495, 8.673, 8.419, 7.748, 7.392, 7.331, 6.822, 3.842, 2.951, 2.742, 2.045, 2.135, 2.341, 1.575, 0.0, 1.039, 1.216, 1.423, 1.159, 1.29, 1.493, 1.926, 1.594, 1.413, 1.722, 2.064, 1.908, 1.383, 1.982, 4.603, 5.605, 6.065, 5.509, 4.552, 3.827, 3.614, 2.792, 2.814, 1.824, 2.004, 1.678, 1.709, 4.054, 7.754, 8.722, 8.971, 9.604, 8.967, 7.644], [4.661, 4.537, 4.063, 3.493, 2.83, 2.107, 2.249, 1.944, 1.637, 1.865, 5.017, 7.62, 9.168, 10.041, 9.659, 9.863, 10.422, 10.567, 10.846, 10.584, 9.823, 9.457, 9.341, 8.868, 9.118, 9.235, 8.9, 8.713, 9.027, 8.744, 7.82, 8.101, 9.211, 9.613, 9.511, 9.209, 8.694, 8.566, 8.743, 8.521, 7.853, 7.442, 7.379, 6.842, 4.144, 3.57, 3.19, 2.416, 2.636, 2.824, 2.25, 1.039, 0.0, 1.012, 1.346, 1.16, 1.084, 1.488, 2.03, 1.976, 1.973, 2.115, 2.425, 2.13, 1.621, 2.399, 4.755, 5.755, 6.363, 5.822, 4.898, 4.208, 4.033, 3.178, 3.049, 2.312, 2.354, 1.98, 1.994, 4.437, 8.04, 8.915, 9.089, 9.699, 9.013, 7.789], [4.768, 4.652, 4.233, 3.686, 2.75, 2.191, 2.324, 1.824, 1.699, 2.182, 5.222, 7.771, 9.315, 10.18, 9.793, 9.99, 10.58, 10.733, 11.003, 10.742, 9.989, 9.641, 9.511, 8.95, 9.23, 9.357, 9.068, 8.7, 9.026, 8.772, 7.835, 8.165, 9.133, 9.476, 9.388, 9.097, 8.572, 8.539, 8.73, 8.474, 7.795, 7.433, 7.374, 6.869, 4.14, 3.36, 3.234, 2.721, 2.534, 2.801, 2.191, 1.216, 1.012, 0.0, 0.865, 0.925, 1.038, 1.364, 1.965, 1.757, 1.521, 1.785, 2.081, 1.917, 1.404, 2.215, 4.638, 5.627, 6.17, 5.676, 4.705, 4.091, 3.936, 3.067, 3.038, 2.367, 2.333, 2.009, 2.016, 4.228, 7.884, 8.837, 9.007, 9.65, 8.945, 7.67], [4.87, 4.735, 4.26, 3.657, 2.47, 2.187, 2.377, 1.761, 1.778, 2.112, 5.05, 7.877, 9.421, 10.286, 9.897, 10.102, 10.7, 10.855, 11.119, 10.855, 10.1, 9.741, 9.625, 9.069, 9.342, 9.46, 9.186, 8.808, 9.084, 8.836, 7.931, 8.249, 9.146, 9.43, 9.346, 9.052, 8.519, 8.558, 8.82, 8.556, 7.836, 7.496, 7.437, 6.961, 4.022, 2.977, 3.242, 2.862, 2.478, 2.69, 2.101, 1.423, 1.346, 0.865, 0.0, 0.678, 1.092, 1.3, 1.904, 1.586, 1.21, 1.656, 1.808, 1.687, 1.137, 2.131, 4.668, 5.531, 6.074, 5.547, 4.624, 4.021, 3.857, 2.974, 2.943, 2.288, 2.101, 1.92, 1.85, 4.118, 7.822, 8.769, 8.914, 9.563, 8.927, 7.656], [5.0, 4.869, 4.393, 3.78, 2.591, 2.0, 2.229, 1.603, 1.592, 1.987, 5.127, 8.015, 9.558, 10.426, 10.033, 10.238, 10.831, 10.994, 11.256, 10.996, 10.242, 9.881, 9.76, 9.216, 9.48, 9.597, 9.315, 8.947, 9.219, 8.949, 8.063, 8.381, 9.286, 9.555, 9.473, 9.176, 8.664, 8.683, 8.948, 8.698, 7.964, 7.624, 7.556, 7.101, 4.089, 2.931, 3.131, 2.604, 2.313, 2.533, 1.94, 1.159, 1.16, 0.925, 0.678, 0.0, 0.818, 1.362, 1.96, 1.601, 1.291, 1.695, 1.946, 1.854, 1.204, 1.918, 4.534, 5.436, 5.963, 5.401, 4.487, 3.843, 3.642, 2.79, 2.713, 1.985, 2.031, 1.803, 1.621, 3.954, 7.704, 8.651, 8.804, 9.446, 8.757, 7.524], [4.94, 4.804, 4.34, 3.848, 2.841, 1.94, 2.272, 1.936, 1.659, 2.012, 5.181, 7.934, 9.474, 10.344, 9.958, 10.168, 10.753, 10.918, 11.177, 10.925, 10.168, 9.818, 9.682, 9.14, 9.427, 9.546, 9.275, 8.926, 9.16, 8.889, 7.981, 8.282, 9.207, 9.496, 9.408, 9.111, 8.651, 8.564, 8.843, 8.622, 7.855, 7.5, 7.447, 7.018, 4.189, 3.415, 3.327, 2.774, 2.651, 2.765, 2.179, 1.29, 1.084, 1.038, 1.092, 0.818, 0.0, 1.107, 1.864, 1.615, 1.682, 2.05, 2.368, 2.14, 1.509, 2.115, 4.64, 5.614, 6.025, 5.466, 4.612, 3.964, 3.736, 2.931, 2.801, 2.18, 2.146, 1.844, 1.764, 4.103, 7.866, 8.766, 8.894, 9.562, 8.862, 7.655], [4.165, 4.041, 3.61, 3.236, 2.505, 2.467, 2.754, 2.302, 2.203, 1.878, 4.566, 7.162, 8.698, 9.568, 9.196, 9.409, 10.002, 10.183, 10.426, 10.186, 9.431, 9.111, 8.955, 8.428, 8.738, 8.851, 8.587, 8.222, 8.433, 8.184, 7.184, 7.448, 8.384, 8.547, 8.452, 8.159, 7.733, 7.667, 8.021, 7.808, 7.01, 6.681, 6.643, 6.245, 3.57, 3.125, 3.758, 3.219, 2.849, 2.921, 2.314, 1.493, 1.488, 1.364, 1.3, 1.362, 1.107, 0.0, 0.951, 0.975, 1.425, 1.647, 1.802, 1.585, 1.251, 2.738, 5.508, 6.439, 6.679, 6.211, 5.115, 4.501, 4.268, 3.456, 3.327, 2.311, 1.708, 1.392, 2.041, 4.617, 8.439, 9.466, 9.574, 10.298, 9.679, 8.507], [3.398, 3.337, 2.914, 2.666, 2.233, 2.905, 3.224, 2.52, 2.813, 2.12, 3.857, 6.323, 7.861, 8.727, 8.35, 8.566, 9.166, 9.36, 9.586, 9.361, 8.637, 8.328, 8.15, 7.643, 7.958, 8.068, 7.811, 7.441, 7.661, 7.409, 6.382, 6.609, 7.527, 7.731, 7.622, 7.327, 6.857, 6.849, 7.158, 6.937, 6.135, 5.856, 5.82, 5.448, 3.046, 3.005, 3.979, 3.505, 2.928, 2.962, 2.403, 1.926, 2.03, 1.965, 1.904, 1.96, 1.864, 0.951, 0.0, 0.913, 1.521, 1.557, 1.543, 1.323, 1.343, 3.317, 6.237, 7.142, 7.484, 6.94, 5.913, 5.23, 4.985, 4.181, 4.044, 2.741, 1.687, 1.555, 2.573, 5.349, 9.229, 10.23, 10.401, 11.113, 10.503, 9.276], [3.791, 3.688, 3.264, 2.839, 2.065, 2.625, 2.775, 2.103, 2.344, 1.854, 4.123, 6.819, 8.364, 9.226, 8.842, 9.039, 9.653, 9.838, 10.083, 9.844, 9.093, 8.764, 8.627, 8.088, 8.381, 8.502, 8.242, 7.873, 8.114, 7.852, 6.839, 7.124, 8.011, 8.256, 8.168, 7.878, 7.356, 7.413, 7.687, 7.421, 6.645, 6.355, 6.311, 5.887, 3.334, 2.54, 3.686, 3.126, 2.724, 2.777, 2.173, 1.594, 1.976, 1.757, 1.586, 1.601, 1.615, 0.975, 0.913, 0.0, 1.035, 1.167, 1.368, 1.189, 1.081, 2.75, 5.69, 6.615, 6.91, 6.367, 5.349, 4.704, 4.417, 3.674, 3.633, 2.387, 1.723, 1.632, 2.187, 4.799, 8.704, 9.705, 9.914, 10.595, 10.019, 8.712], [4.149, 3.997, 3.538, 2.934, 1.84, 2.298, 2.494, 1.529, 1.984, 1.945, 4.283, 7.203, 8.746, 9.605, 9.217, 9.41, 10.019, 10.201, 10.456, 10.205, 9.448, 9.106, 8.98, 8.409, 8.689, 8.814, 8.541, 8.16, 8.432, 8.169, 7.222, 7.528, 8.48, 8.708, 8.618, 8.319, 7.807, 7.797, 8.113, 7.843, 7.074, 6.762, 6.72, 6.245, 3.651, 2.365, 3.002, 2.718, 2.1, 2.221, 1.531, 1.413, 1.973, 1.521, 1.21, 1.291, 1.682, 1.425, 1.521, 1.035, 0.0, 0.825, 1.192, 1.214, 0.873, 2.319, 5.234, 6.148, 6.534, 5.945, 5.005, 4.354, 4.1, 3.372, 3.363, 2.306, 1.963, 1.881, 1.933, 4.421, 8.311, 9.318, 9.545, 10.2, 9.574, 8.308], [3.612, 3.506, 3.015, 2.47, 1.51, 2.784, 2.871, 1.988, 2.407, 2.099, 3.84, 6.677, 8.224, 9.092, 8.709, 8.906, 9.482, 9.653, 9.917, 9.661, 8.905, 8.558, 8.43, 7.869, 8.145, 8.276, 8.002, 7.628, 7.888, 7.703, 6.672, 6.981, 7.961, 8.264, 8.17, 7.88, 7.35, 7.327, 7.536, 7.291, 6.598, 6.271, 6.228, 5.731, 3.249, 2.601, 3.417, 3.089, 2.387, 2.498, 1.885, 1.722, 2.115, 1.785, 1.656, 1.695, 2.05, 1.647, 1.557, 1.167, 0.825, 0.0, 0.989, 1.026, 1.029, 2.766, 5.702, 6.648, 7.023, 6.448, 5.522, 4.868, 4.549, 3.822, 3.784, 2.677, 2.098, 2.02, 2.201, 4.944, 8.836, 9.805, 10.032, 10.671, 9.999, 8.76], [3.592, 3.471, 3.006, 2.453, 1.835, 3.169, 3.38, 2.435, 2.815, 2.379, 3.957, 6.648, 8.192, 9.055, 8.665, 8.866, 9.451, 9.623, 9.889, 9.636, 8.879, 8.527, 8.4, 7.852, 8.116, 8.239, 7.967, 7.593, 7.864, 7.634, 6.656, 6.99, 7.914, 8.107, 7.979, 7.713, 7.238, 7.287, 7.551, 7.294, 6.552, 6.228, 6.177, 5.735, 3.306, 2.755, 3.966, 3.554, 2.874, 2.998, 2.327, 2.064, 2.425, 2.081, 1.808, 1.946, 2.368, 1.802, 1.543, 1.368, 1.192, 0.989, 0.0, 0.745, 1.255, 3.046, 6.112, 6.892, 7.064, 6.55, 5.638, 4.909, 4.676, 3.867, 3.856, 2.639, 2.099, 2.082, 2.454, 5.103, 8.97, 10.05, 10.255, 10.799, 10.342, 8.985], [3.4, 3.28, 2.807, 2.248, 1.658, 3.099, 3.277, 2.37, 2.666, 2.259, 3.853, 6.458, 7.993, 8.865, 8.491, 8.69, 9.267, 9.467, 9.699, 9.484, 8.727, 8.385, 8.242, 7.694, 7.99, 8.111, 7.833, 7.458, 7.75, 7.542, 6.519, 6.793, 7.715, 8.021, 7.926, 7.645, 7.121, 7.167, 7.373, 7.123, 6.39, 6.105, 6.075, 5.591, 3.179, 2.844, 3.953, 3.486, 2.87, 3.037, 2.376, 1.908, 2.13, 1.917, 1.687, 1.854, 2.14, 1.585, 1.323, 1.189, 1.214, 1.026, 0.745, 0.0, 1.056, 3.051, 6.069, 6.933, 7.269, 6.723, 5.77, 5.066, 4.817, 4.03, 3.949, 2.741, 2.08, 1.992, 2.501, 5.237, 9.11, 10.067, 10.345, 10.962, 10.396, 8.994], [4.062, 3.928, 3.425, 2.819, 1.937, 2.297, 2.466, 1.815, 1.901, 1.701, 4.309, 7.114, 8.665, 9.538, 9.155, 9.365, 9.925, 10.118, 10.36, 10.13, 9.373, 9.032, 8.895, 8.355, 8.644, 8.765, 8.489, 8.12, 8.385, 8.14, 7.14, 7.426, 8.355, 8.664, 8.546, 8.25, 7.717, 7.713, 7.983, 7.725, 6.974, 6.65, 6.631, 6.166, 3.392, 2.529, 3.392, 2.936, 2.334, 2.37, 1.815, 1.383, 1.621, 1.404, 1.137, 1.204, 1.509, 1.251, 1.343, 1.081, 0.873, 1.029, 1.255, 1.056, 0.0, 2.404, 5.282, 6.167, 6.607, 6.097, 5.08, 4.347, 4.156, 3.315, 3.237, 2.052, 1.698, 1.489, 1.807, 4.524, 8.314, 9.305, 9.561, 10.183, 9.576, 8.323], [6.145, 6.014, 5.533, 4.892, 3.348, 1.304, 1.461, 1.695, 1.462, 2.384, 6.258, 9.217, 10.771, 11.643, 11.247, 11.434, 12.006, 12.162, 12.441, 12.179, 11.417, 11.046, 10.93, 10.392, 10.645, 10.747, 10.472, 10.141, 10.396, 10.11, 9.232, 9.595, 10.563, 10.785, 10.675, 10.376, 9.825, 9.874, 10.14, 9.879, 9.124, 8.765, 8.721, 8.25, 4.957, 2.209, 1.923, 1.759, 1.783, 1.924, 1.71, 1.982, 2.399, 2.215, 2.131, 1.918, 2.115, 2.738, 3.317, 2.75, 2.319, 2.766, 3.046, 3.051, 2.404, 0.0, 3.167, 4.077, 4.388, 3.857, 2.921, 2.45,