[[0.0, 0.884, 1.347, 1.468, 1.684, 1.869, 3.768, 4.322, 4.578, 4.569, 4.601, 4.371, 4.374, 4.421, 4.668, 4.014, 4.272, 4.574, 4.452, 4.667, 4.197, 3.748, 3.579, 3.907, 4.146, 3.122, 2.472, 1.92, 1.409, 1.68, 2.355, 2.433, 3.841, 6.003, 7.141, 8.158, 8.068, 7.915, 7.986, 9.47, 11.229, 11.057, 10.339, 9.385, 9.027, 9.452, 10.196, 10.743, 9.461, 7.354, 5.515, 4.52, 4.192, 4.202, 4.92, 5.017, 5.19, 4.753, 4.883, 4.628, 4.02, 3.771, 4.166, 4.382, 4.269, 4.746, 5.514, 5.654, 5.476, 5.4, 5.372, 6.252, 6.411, 5.919, 5.504, 4.668, 3.442, 2.826, 2.941, 2.898, 2.417, 1.949, 2.642, 3.481, 3.54, 3.428], [0.884, 0.0, 1.051, 1.692, 1.891, 2.481, 4.535, 5.039, 5.324, 5.305, 5.363, 5.143, 5.037, 5.127, 5.451, 4.787, 5.082, 5.385, 5.254, 5.459, 4.95, 4.244, 3.943, 4.233, 4.462, 3.398, 2.679, 2.21, 1.837, 1.925, 2.461, 2.427, 3.202, 5.32, 6.439, 7.433, 7.344, 7.198, 7.268, 8.753, 10.512, 10.34, 9.618, 8.667, 8.31, 8.744, 9.488, 10.035, 8.744, 6.624, 4.844, 3.892, 3.579, 3.563, 4.243, 4.347, 4.645, 4.258, 4.466, 4.202, 3.671, 3.544, 4.162, 4.404, 4.579, 5.406, 6.135, 6.306, 6.213, 6.143, 6.128, 7.016, 7.178, 6.69, 6.267, 5.383, 4.004, 3.345, 3.335, 3.348, 2.694, 1.83, 2.158, 2.781, 2.849, 2.739], [1.347, 1.051, 0.0, 1.094, 1.391, 2.907, 4.973, 5.474, 5.733, 5.751, 5.786, 5.566, 5.335, 5.463, 5.881, 5.211, 5.531, 5.833, 5.702, 5.913, 5.377, 4.449, 4.228, 4.511, 4.746, 3.702, 2.97, 2.553, 1.967, 1.787, 2.175, 2.137, 3.14, 5.234, 6.369, 7.186, 7.068, 6.913, 7.023, 8.402, 10.147, 9.992, 9.298, 8.346, 7.974, 8.407, 9.153, 9.687, 8.379, 6.403, 4.791, 3.905, 3.578, 3.562, 4.197, 4.317, 4.688, 4.347, 4.653, 4.427, 4.362, 4.132, 4.662, 4.87, 4.868, 5.687, 6.44, 6.647, 6.653, 6.55, 6.538, 7.414, 7.573, 7.092, 6.702, 5.827, 4.345, 3.605, 3.581, 3.605, 3.174, 2.696, 2.216, 2.655, 2.581, 2.455], [1.468, 1.692, 1.094, 0.0, 0.748, 2.711, 4.796, 5.287, 5.526, 5.579, 5.58, 5.352, 5.277, 5.32, 5.651, 4.987, 5.285, 5.587, 5.457, 5.684, 5.151, 4.664, 4.502, 4.855, 5.15, 4.14, 3.428, 2.936, 2.185, 2.2, 2.422, 2.581, 3.396, 5.421, 6.583, 7.364, 7.194, 7.022, 7.143, 8.527, 10.274, 10.106, 9.402, 8.443, 8.079, 8.492, 9.226, 9.78, 8.511, 6.533, 5.07, 4.262, 3.899, 3.846, 4.395, 4.543, 5.12, 4.921, 5.271, 5.172, 5.134, 4.914, 5.29, 5.5, 5.274, 5.708, 6.433, 6.618, 6.453, 6.337, 6.298, 7.229, 7.404, 6.907, 6.502, 5.629, 4.385, 3.809, 3.991, 3.989, 3.531, 3.146, 2.869, 2.799, 2.719, 2.632], [1.684, 1.891, 1.391, 0.748, 0.0, 2.421, 4.527, 5.024, 5.204, 5.184, 5.137, 4.944, 4.989, 5.002, 5.332, 4.666, 5.012, 5.315, 5.189, 5.33, 4.892, 4.552, 4.337, 4.737, 5.11, 4.121, 3.461, 2.96, 2.26, 2.265, 2.598, 2.705, 3.731, 5.691, 6.784, 7.597, 7.463, 7.309, 7.431, 8.839, 10.598, 10.426, 9.723, 8.764, 8.396, 8.816, 9.55, 10.098, 8.83, 6.789, 5.269, 4.437, 4.085, 4.032, 4.616, 4.753, 5.31, 5.113, 5.466, 5.339, 5.277, 5.059, 5.448, 5.624, 5.282, 5.482, 6.289, 6.389, 6.178, 6.053, 6.127, 7.0, 7.147, 6.703, 6.242, 5.422, 4.349, 3.842, 4.133, 4.084, 3.777, 3.347, 3.103, 3.071, 2.989, 2.876], [1.869, 2.481, 2.907, 2.711, 2.421, 0.0, 2.409, 3.133, 3.216, 3.127, 3.151, 3.037, 3.034, 3.12, 3.275, 2.723, 2.735, 2.994, 2.949, 3.161, 2.83, 3.008, 2.864, 3.239, 3.629, 3.121, 2.985, 2.693, 2.274, 2.614, 3.661, 3.882, 5.318, 7.521, 8.662, 9.682, 9.593, 9.453, 9.523, 11.008, 12.767, 12.595, 11.887, 10.947, 10.586, 11.025, 11.769, 12.316, 10.999, 8.89, 6.991, 5.979, 5.656, 5.674, 6.344, 6.437, 6.619, 6.22, 6.422, 6.174, 5.569, 5.258, 5.273, 5.093, 4.097, 3.962, 4.668, 4.622, 4.452, 4.388, 4.362, 4.9, 4.936, 4.465, 4.195, 3.673, 3.434, 3.371, 3.464, 3.512, 3.127, 3.245, 4.228, 5.006, 5.049, 4.939], [3.768, 4.535, 4.973, 4.796, 4.527, 2.409, 0.0, 1.023, 1.161, 1.309, 1.424, 1.33, 1.367, 1.539, 1.429, 1.322, 1.327, 1.626, 1.235, 1.189, 1.178, 1.957, 2.599, 2.918, 3.29, 3.856, 3.979, 3.671, 3.598, 4.183, 5.132, 5.335, 7.088, 9.447, 10.611, 11.643, 11.554, 11.413, 11.484, 12.98, 14.765, 14.604, 13.907, 12.968, 12.607, 13.045, 13.79, 14.342, 13.05, 10.935, 8.978, 7.92, 7.593, 7.651, 8.29, 8.378, 8.404, 7.839, 7.89, 7.496, 6.348, 5.862, 5.553, 5.329, 3.684, 2.568, 2.695, 2.689, 2.513, 2.454, 2.319, 2.693, 2.774, 2.578, 2.579, 2.4, 3.037, 3.363, 3.73, 3.667, 3.271, 4.178, 5.988, 6.901, 6.977, 6.89], [4.322, 5.039, 5.474, 5.287, 5.024, 3.133, 1.023, 0.0, 0.595, 1.057, 1.253, 1.296, 1.39, 1.346, 1.144, 1.346, 1.56, 1.809, 1.385, 1.311, 1.232, 2.039, 2.749, 3.022, 3.446, 4.073, 4.216, 3.962, 3.889, 4.507, 5.457, 5.634, 7.448, 9.847, 10.982, 12.018, 11.929, 11.797, 11.885, 13.402, 15.182, 15.009, 14.303, 13.344, 12.992, 13.418, 14.182, 14.761, 13.451, 11.365, 9.403, 8.348, 8.017, 8.074, 8.724, 8.791, 8.84, 8.237, 8.227, 7.693, 6.511, 6.01, 5.686, 5.423, 3.716, 2.51, 2.268, 2.446, 2.337, 2.4, 2.29, 2.459, 2.424, 2.643, 2.611, 2.24, 3.014, 3.445, 3.842, 3.774, 3.444, 4.5, 6.348, 7.252, 7.363, 7.301], [4.578, 5.324, 5.733, 5.526, 5.204, 3.216, 1.161, 0.595, 0.0, 0.92, 1.181, 1.25, 1.323, 1.094, 0.822, 1.114, 1.434, 1.754, 1.293, 1.141, 1.077, 2.037, 2.772, 2.976, 3.466, 4.127, 4.337, 4.078, 4.021, 4.647, 5.551, 5.801, 7.673, 10.07, 11.148, 12.173, 12.085, 11.962, 12.05, 13.555, 15.336, 15.165, 14.45, 13.496, 13.143, 13.569, 14.331, 14.905, 13.595, 11.513, 9.547, 8.486, 8.157, 8.225, 8.862, 8.945, 8.973, 8.367, 8.322, 7.733, 6.507, 5.987, 5.631, 5.398, 3.716, 2.482, 2.241, 2.358, 2.423, 2.397, 2.346, 2.431, 2.443, 2.684, 2.688, 2.344, 3.078, 3.407, 3.808, 3.743, 3.568, 4.652, 6.499, 7.404, 7.52, 7.452], [4.569, 5.305, 5.751, 5.579, 5.184, 3.127, 1.309, 1.057, 0.92, 0.0, 0.7, 0.964, 1.111, 0.959, 1.095, 1.241, 1.498, 1.719, 1.351, 1.102, 0.899, 1.873, 2.756, 3.005, 3.457, 4.069, 4.272, 4.072, 4.091, 4.671, 5.585, 5.844, 7.732, 10.113, 11.191, 12.209, 12.12, 12.002, 12.082, 13.602, 15.382, 15.197, 14.475, 13.542, 13.185, 13.611, 14.378, 14.951, 13.642, 11.56, 9.593, 8.533, 8.204, 8.271, 8.909, 8.988, 9.012, 8.388, 8.331, 7.727, 6.465, 5.928, 5.425, 5.18, 3.428, 2.213, 2.154, 2.319, 2.221, 2.251, 2.191, 2.308, 2.192, 2.395, 2.34, 2.1, 2.717, 3.162, 3.567, 3.436, 3.388, 4.667, 6.573, 7.448, 7.563, 7.493], [4.601, 5.363, 5.786, 5.58, 5.137, 3.151, 1.424, 1.253, 1.181, 0.7, 0.0, 0.668, 1.059, 1.128, 1.248, 1.515, 1.607, 1.868, 1.483, 1.306, 0.979, 1.924, 2.807, 3.139, 3.467, 3.985, 4.181, 4.017, 4.087, 4.656, 5.533, 5.766, 7.693, 10.051, 11.112, 12.156, 12.07, 11.921, 12.014, 13.524, 15.304, 15.147, 14.425, 13.475, 13.118, 13.547, 14.299, 14.873, 13.563, 11.483, 9.52, 8.455, 8.127, 8.207, 8.854, 8.932, 8.947, 8.319, 8.256, 7.643, 6.385, 5.849, 5.276, 5.015, 3.193, 2.082, 2.137, 2.244, 2.11, 2.116, 2.188, 2.387, 2.255, 2.151, 2.12, 1.937, 2.574, 2.999, 3.415, 3.209, 3.289, 4.678, 6.552, 7.384, 7.484, 7.43], [4.371, 5.143, 5.566, 5.352, 4.944, 3.037, 1.33, 1.296, 1.25, 0.964, 0.668, 0.0, 0.774, 1.167, 1.495, 1.611, 1.744, 2.107, 1.667, 1.482, 0.882, 1.774, 2.703, 3.086, 3.364, 3.837, 3.998, 3.839, 3.883, 4.44, 5.35, 5.579, 7.488, 9.82, 10.93, 11.969, 11.887, 11.738, 11.821, 13.345, 15.123, 14.963, 14.244, 13.295, 12.936, 13.368, 14.117, 14.691, 13.381, 11.304, 9.34, 8.276, 7.948, 8.011, 8.664, 8.751, 8.768, 8.142, 8.109, 7.524, 6.275, 5.743, 5.168, 4.853, 2.977, 1.724, 1.906, 1.961, 1.808, 1.8, 1.803, 2.285, 2.369, 2.034, 1.985, 1.528, 2.194, 2.822, 3.205, 3.055, 3.1, 4.499, 6.357, 7.203, 7.302, 7.262], [4.374, 5.037, 5.335, 5.277, 4.989, 3.034, 1.367, 1.39, 1.323, 1.111, 1.059, 0.774, 0.0, 0.858, 1.545, 1.6, 1.667, 2.033, 1.638, 1.436, 0.928, 1.557, 2.532, 2.807, 3.197, 3.78, 3.934, 3.784, 3.756, 4.331, 5.226, 5.439, 7.293, 9.662, 10.796, 11.846, 11.747, 11.624, 11.712, 13.219, 14.999, 14.836, 14.119, 13.165, 12.813, 13.238, 14.003, 14.568, 13.258, 11.177, 9.21, 8.149, 7.821, 7.895, 8.537, 8.64, 8.64, 8.045, 8.011, 7.446, 6.196, 5.671, 5.105, 4.814, 2.964, 1.738, 2.019, 2.153, 2.07, 2.065, 2.052, 2.522, 2.612, 2.488, 2.53, 1.873, 2.25, 2.773, 3.148, 2.99, 3.027, 4.471, 6.196, 7.073, 7.184, 7.128], [4.421, 5.127, 5.463, 5.32, 5.002, 3.12, 1.539, 1.346, 1.094, 0.959, 1.128, 1.167, 0.858, 0.0, 1.124, 1.029, 1.34, 1.739, 1.427, 1.262, 0.851, 1.511, 2.464, 2.586, 3.088, 3.718, 3.942, 3.733, 3.727, 4.297, 5.137, 5.348, 7.31, 9.657, 10.699, 11.73, 11.631, 11.508, 11.593, 13.109, 14.883, 14.727, 13.993, 13.05, 12.698, 13.124, 13.886, 14.455, 13.146, 11.064, 9.1, 8.037, 7.713, 7.775, 8.425, 8.517, 8.531, 7.931, 7.904, 7.34, 6.121, 5.599, 5.063, 4.79, 3.094, 2.012, 2.15, 2.347, 2.42, 2.375, 2.392, 2.52, 2.72, 2.877, 2.901, 2.295, 2.644, 2.889, 3.229, 2.98, 3.118, 4.378, 6.146, 6.968, 7.071, 7.05], [4.668, 5.451, 5.881, 5.651, 5.332, 3.275, 1.429, 1.144, 0.822, 1.095, 1.248, 1.495, 1.545, 1.124, 0.0, 0.9, 1.292, 1.716, 1.32, 1.274, 1.162, 2.205, 2.873, 3.029, 3.649, 4.293, 4.474, 4.155, 4.135, 4.828, 5.536, 5.866, 7.733, 10.191, 11.193, 12.087, 12.063, 11.837, 11.94, 13.457, 15.232, 15.134, 14.314, 13.38, 13.031, 13.434, 14.192, 14.779, 13.509, 11.376, 9.421, 8.35, 8.027, 8.131, 8.842, 8.881, 8.849, 8.265, 8.26, 7.778, 6.552, 6.035, 5.625, 5.368, 3.711, 2.712, 2.499, 2.623, 2.82, 2.743, 2.711, 2.751, 2.719, 2.998, 3.026, 2.528, 3.38, 3.596, 3.92, 3.741, 3.652, 4.674, 6.502, 7.332, 7.384, 7.363], [4.014, 4.787, 5.211, 4.987, 4.666, 2.723, 1.322, 1.346, 1.114, 1.241, 1.515, 1.611, 1.6, 1.029, 0.9, 0.0, 1.125, 1.52, 1.203, 1.233, 1.196, 1.945, 2.381, 2.433, 3.084, 3.693, 3.804, 3.519, 3.475, 4.206, 4.907, 5.21, 7.065, 9.521, 10.555, 11.481, 11.439, 11.239, 11.321, 12.847, 14.622, 14.528, 13.71, 12.793, 12.382, 12.82, 13.572, 14.133, 12.87, 10.754, 8.809, 7.722, 7.4, 7.519, 8.193, 8.263, 8.206, 7.645, 7.63, 7.14, 5.977, 5.502, 5.26, 5.102, 3.665, 2.674, 2.651, 2.754, 2.786, 2.769, 2.743, 2.856, 3.036, 3.226, 3.23, 2.601, 3.323, 3.363, 3.52, 3.6, 3.372, 4.088, 5.839, 6.714, 6.781, 6.702], [4.272, 5.082, 5.531, 5.285, 5.012, 2.735, 1.327, 1.56, 1.434, 1.498, 1.607, 1.744, 1.667, 1.34, 1.292, 1.125, 0.0, 0.697, 0.643, 0.959, 1.264, 2.211, 2.649, 2.749, 3.358, 4.018, 4.158, 3.788, 3.762, 4.536, 5.264, 5.56, 7.416, 9.876, 10.925, 11.829, 11.792, 11.636, 11.699, 13.261, 15.025, 14.898, 14.072, 13.149, 12.798, 13.196, 13.95, 14.524, 13.232, 11.194, 9.172, 8.105, 7.78, 7.867, 8.532, 8.575, 8.599, 7.976, 7.967, 7.475, 6.324, 5.874, 5.617, 5.399, 3.828, 2.84, 3.136, 3.176, 3.023, 3.086, 2.906, 2.906, 3.028, 3.059, 3.057, 2.684, 3.428, 3.537, 3.86, 3.784, 3.508, 4.343, 6.157, 7.037, 7.133, 7.086], [4.574, 5.385, 5.833, 5.587, 5.315, 2.994, 1.626, 1.809, 1.754, 1.719, 1.868, 2.107, 2.033, 1.739, 1.716, 1.52, 0.697, 0.0, 0.679, 1.161, 1.692, 2.654, 3.098, 3.154, 3.778, 4.361, 4.475, 4.147, 4.129, 4.86, 5.671, 5.91, 7.741, 10.18, 11.27, 12.242, 12.159, 12.065, 12.124, 13.684, 15.448, 15.302, 14.46, 13.568, 13.221, 13.609, 14.346, 14.92, 13.626, 11.617, 9.595, 8.525, 8.178, 8.29, 8.934, 8.995, 9.004, 8.377, 8.353, 7.841, 6.749, 6.36, 6.117, 5.907, 4.333, 3.323, 3.496, 3.55, 3.339, 3.467, 3.224, 3.1, 3.182, 3.318, 3.232, 3.105, 3.804, 3.938, 4.336, 4.272, 3.95, 4.679, 6.509, 7.425, 7.529, 7.467], [4.452, 5.254, 5.702, 5.457, 5.189, 2.949, 1.235, 1.385, 1.293, 1.351, 1.483, 1.667, 1.638, 1.427, 1.32, 1.203, 0.643, 0.679, 0.0, 0.703, 1.325, 2.306, 2.86, 2.966, 3.522, 4.204, 4.299, 4.005, 3.977, 4.709, 5.505, 5.748, 7.587, 10.027, 11.117, 12.1, 12.019, 11.924, 11.982, 13.545, 15.308, 15.163, 14.337, 13.431, 13.084, 13.476, 14.238, 14.806, 13.518, 11.477, 9.456, 8.39, 8.065, 8.152, 8.795, 8.858, 8.882, 8.263, 8.203, 7.683, 6.51, 6.046, 5.774, 5.576, 3.977, 2.906, 2.993, 3.046, 2.873, 2.973, 2.718, 2.785, 2.786, 2.906, 2.918, 2.591, 3.424, 3.617, 3.961, 3.953, 3.583, 4.552, 6.4, 7.314, 7.421, 7.359], [4.667, 5.459, 5.913, 5.684, 5.33, 3.161, 1.189, 1.311, 1.141, 1.102, 1.306, 1.482, 1.436, 1.262, 1.274, 1.233, 0.959, 1.161, 0.703, 0.0, 1.063, 2.082, 2.759, 2.914, 3.448, 4.169, 4.327, 4.037, 4.048, 4.789, 5.575, 5.892, 7.757, 10.173, 11.242, 12.177, 12.11, 12.021, 12.083, 13.647, 15.41, 15.264, 14.437, 13.529, 13.182, 13.575, 14.336, 14.9, 13.617, 11.579, 9.557, 8.492, 8.167, 8.25, 8.896, 8.961, 8.981, 8.363, 8.266, 7.641, 6.417, 5.899, 5.525, 5.293, 3.663, 2.532, 2.625, 2.64, 2.506, 2.569, 2.481, 2.627, 2.547, 2.669, 2.726, 2.368, 3.157, 3.35, 3.743, 3.706, 3.507, 4.614, 6.545, 7.409, 7.52, 7.459], [4.197, 4.95, 5.377, 5.151, 4.892, 2.83, 1.178, 1.232, 1.077, 0.899, 0.979, 0.882, 0.928, 0.851, 1.162, 1.196, 1.264, 1.692, 1.325, 1.063, 0.0, 1.318, 2.245, 2.53, 2.982, 3.659, 3.865, 3.592, 3.545, 4.258, 5.087, 5.389, 7.264, 9.67, 10.723, 11.716, 11.64, 11.514, 11.602, 13.119, 14.899, 14.729, 13.991, 13.07, 12.719, 13.137, 13.893, 14.468, 13.179, 11.077, 9.114, 8.049, 7.721, 7.791, 8.442, 8.533, 8.541, 7.917, 7.853, 7.223, 5.973, 5.453, 4.937, 4.672, 2.965, 1.851, 2.142, 2.163, 2.203, 2.058, 2.018, 2.531, 2.579, 2.534, 2.485, 1.889, 2.473, 2.717, 3.113, 2.95, 2.904, 4.218, 6.108, 6.98, 7.078, 7.035], [3.748, 4.244, 4.449, 4.664, 4.552, 3.008, 1.957, 2.039, 2.037, 1.873, 1.924, 1.774, 1.557, 1.511, 2.205, 1.945, 2.211, 2.654, 2.306, 2.082, 1.318, 0.0, 1.124, 1.516, 1.793, 2.46, 2.738, 2.667, 2.723, 3.208, 3.935, 4.247, 6.251, 8.536, 9.566, 10.564, 10.486, 10.361, 10.45, 11.965, 13.745, 13.574, 12.838, 11.915, 11.566, 11.983, 12.739, 13.314, 12.023, 9.923, 7.96, 6.898, 6.567, 6.639, 7.29, 7.376, 7.388, 6.76, 6.697, 6.037, 4.806, 4.283, 3.806, 3.604, 2.084, 1.637, 2.192, 2.481, 2.686, 2.45, 2.518, 3.473, 3.645, 3.49, 3.276, 2.383, 2.242, 2.026, 2.089, 2.152, 2.308, 3.51, 5.062, 5.9, 5.988, 5.941], [3.579, 3.943, 4.228, 4.502, 4.337, 2.864, 2.599, 2.749, 2.772, 2.756, 2.807, 2.703, 2.532, 2.464, 2.873, 2.381, 2.649, 3.098, 2.86, 2.759, 2.245, 1.124, 0.0, 1.014, 1.236, 1.755, 2.07, 2.101, 2.4, 2.863, 3.129, 3.546, 5.678, 7.934, 8.901, 9.756, 9.74, 9.508, 9.573, 11.169, 12.896, 12.822, 11.978, 11.035, 10.75, 11.125, 11.877, 12.462, 11.25, 9.066, 7.086, 6.048, 5.694, 5.756, 6.5, 6.556, 6.531, 5.901, 5.815, 5.144, 3.907, 3.481, 3.324, 3.171, 2.083, 2.253, 2.888, 3.126, 3.487, 3.193, 3.322, 4.293, 4.474, 4.241, 4.011, 3.048, 2.711, 2.326, 2.14, 2.353, 2.509, 2.975, 4.51, 5.183, 5.126, 5.2], [3.907, 4.233, 4.511, 4.855, 4.737, 3.239, 2.918, 3.022, 2.976, 3.005, 3.139, 3.086, 2.807, 2.586, 3.029, 2.433, 2.749, 3.154, 2.966, 2.914, 2.53, 1.516, 1.014, 0.0, 1.171, 1.879, 2.247, 2.312, 2.793, 2.868, 3.207, 3.6, 5.79, 7.959, 8.816, 9.656, 9.651, 9.433, 9.532, 11.059, 12.828, 12.742, 11.859, 10.942, 10.639, 10.994, 11.756, 12.347, 11.094, 8.991, 6.976, 5.914, 5.589, 5.685, 6.392, 6.413, 6.411, 5.851, 5.695, 4.976, 3.995, 3.618, 3.485, 3.348, 2.148, 2.506, 2.978, 3.408, 3.701, 3.475, 3.533, 4.368, 4.613, 4.532, 4.423, 3.473, 3.227, 2.729, 2.508, 2.794, 2.971, 3.264, 4.563, 5.177, 5.105, 5.305], [4.146, 4.462, 4.746, 5.15, 5.11, 3.629, 3.29, 3.446, 3.466, 3.457, 3.467, 3.364, 3.197, 3.088, 3.649, 3.084, 3.358, 3.778, 3.522, 3.448, 2.982, 1.793, 1.236, 1.171, 0.0, 1.388, 2.01, 2.375, 3.07, 3.093, 3.095, 3.311, 5.76, 7.494, 8.224, 9.083, 9.044, 8.909, 9.0, 10.539, 12.296, 12.173, 11.337, 10.404, 10.065, 10.472, 11.233, 11.816, 10.538, 8.474, 6.544, 5.594, 5.169, 5.277, 5.824, 5.883, 5.889, 5.273, 5.18, 4.49, 3.304, 2.933, 2.752, 2.562, 1.946, 2.763, 3.367, 3.794, 4.035, 3.782, 3.898, 4.883, 5.119, 4.887, 4.698, 3.732, 3.22, 2.689, 2.411, 2.828, 2.814, 3.217, 4.645, 5.36, 5.177, 5.485], [3.122, 3.398, 3.702, 4.14, 4.121, 3.121, 3.856, 4.073, 4.127, 4.069, 3.985, 3.837, 3.78, 3.718, 4.293, 3.693, 4.018, 4.361, 4.204, 4.169, 3.659, 2.46, 1.755, 1.879, 1.388, 0.0, 0.912, 1.426, 2.134, 2.115, 2.222, 2.227, 4.556, 6.441, 7.347, 8.33, 8.256, 8.116, 8.216, 9.728, 11.498, 11.358, 10.588, 9.663, 9.301, 9.718, 10.479, 11.067, 9.759, 7.678, 5.725, 4.721, 4.402, 4.453, 5.058, 5.145, 5.157, 4.552, 4.51, 3.955, 2.839, 2.481, 2.502, 2.353, 2.165, 3.485, 4.209, 4.542, 4.675, 4.492, 4.677, 5.661, 5.878, 5.437, 5.121, 4.186, 3.122, 2.291, 2.092, 2.439, 2.314, 2.166, 3.507, 4.316, 4.249, 4.428], [2.472, 2.679, 2.97, 3.428, 3.461, 2.985, 3.979, 4.216, 4.337, 4.272, 4.181, 3.998, 3.934, 3.942, 4.474, 3.804, 4.158, 4.475, 4.299, 4.327, 3.865, 2.738, 2.07, 2.247, 2.01, 0.912, 0.0, 0.936, 1.497, 1.573, 1.747, 1.862, 3.917, 6.072, 7.126, 8.088, 8.023, 7.923, 7.989, 9.546, 11.31, 11.173, 10.374, 9.429, 9.067, 9.494, 10.261, 10.831, 9.553, 7.47, 5.496, 4.46, 4.143, 4.189, 4.816, 4.907, 4.933, 4.334, 4.296, 3.773, 2.82, 2.532, 2.662, 2.647, 2.449, 3.845, 4.568, 4.842, 4.885, 4.758, 4.898, 5.852, 6.05, 5.569, 5.198, 4.293, 3.031, 2.099, 2.091, 2.41, 2.085, 1.734, 2.862, 3.715, 3.694, 3.81], [1.92, 2.21, 2.553, 2.936, 2.96, 2.693, 3.671, 3.962, 4.078, 4.072, 4.017, 3.839, 3.784, 3.733, 4.155, 3.519, 3.788, 4.147, 4.005, 4.037, 3.592, 2.667, 2.101, 2.312, 2.375, 1.426, 0.936, 0.0, 1.033, 1.3, 1.845, 2.099, 4.006, 6.334, 7.346, 8.291, 8.228, 8.124, 8.187, 9.749, 11.508, 11.373, 10.526, 9.621, 9.274, 9.652, 10.414, 10.982, 9.72, 7.669, 5.66, 4.601, 4.275, 4.364, 5.01, 5.071, 5.113, 4.528, 4.529, 4.028, 3.012, 2.741, 2.947, 3.026, 2.555, 3.676, 4.409, 4.597, 4.715, 4.553, 4.686, 5.65, 5.894, 5.386, 4.987, 3.985, 2.752, 1.82, 1.999, 2.179, 1.757, 1.407, 2.691, 3.569, 3.611, 3.617], [1.409, 1.837, 1.967, 2.185, 2.26, 2.274, 3.598, 3.889, 4.021, 4.091, 4.087, 3.883, 3.756, 3.727, 4.135, 3.475, 3.762, 4.129, 3.977, 4.048, 3.545, 2.723, 2.4, 2.793, 3.07, 2.134, 1.497, 1.033, 0.0, 1.079, 1.691, 1.971, 3.833, 6.239, 7.277, 8.239, 8.18, 8.049, 8.126, 9.666, 11.431, 11.292, 10.515, 9.586, 9.234, 9.644, 10.401, 10.978, 9.711, 7.594, 5.643, 4.574, 4.242, 4.314, 4.965, 5.057, 5.097, 4.476, 4.516, 4.124, 3.467, 3.259, 3.485, 3.625, 3.189, 3.765, 4.564, 4.708, 4.833, 4.685, 4.773, 5.714, 5.897, 5.439, 5.054, 4.045, 2.667, 1.918, 2.126, 2.18, 1.948, 1.78, 2.624, 3.494, 3.605, 3.552], [1.68, 1.925, 1.787, 2.2, 2.265, 2.614, 4.183, 4.507, 4.647, 4.671, 4.656, 4.44, 4.331, 4.297, 4.828, 4.206, 4.536, 4.86, 4.709, 4.789, 4.258, 3.208, 2.863, 2.868, 3.093, 2.115, 1.573, 1.3, 1.079, 0.0, 1.298, 1.506, 3.385, 5.584, 6.536, 7.547, 7.471, 7.346, 7.434, 8.95, 10.731, 10.552, 9.827, 8.896, 8.544, 8.969, 9.725, 10.303, 9.003, 6.911, 4.945, 3.905, 3.593, 3.637, 4.273, 4.361, 4.46, 3.927, 4.003, 3.683, 3.402, 3.19, 3.471, 3.489, 3.237, 4.314, 5.081, 5.382, 5.539, 5.36, 5.527, 6.468, 6.661, 6.19, 5.785, 4.786, 3.376, 2.448, 2.357, 2.471, 2.25, 2.006, 2.224, 2.906, 2.926, 3.049], [2.355, 2.461, 2.175, 2.422, 2.598, 3.661, 5.132, 5.457, 5.551, 5.585, 5.533, 5.35, 5.226, 5.137, 5.536, 4.907, 5.264, 5.671, 5.505, 5.575, 5.087, 3.935, 3.129, 3.207, 3.095, 2.222, 1.747, 1.845, 1.691, 1.298, 0.0, 0.881, 2.949, 4.934, 5.85, 6.684, 6.658, 6.457, 6.54, 8.088, 9.844, 9.739, 8.931, 8.001, 7.68, 8.08, 8.836, 9.409, 8.154, 6.01, 4.048, 3.008, 2.68, 2.773, 3.409, 3.48, 3.507, 2.996, 3.097, 2.895, 2.784, 2.553, 2.95, 3.156, 3.334, 5.035, 5.785, 6.093, 6.335, 6.146, 6.336, 7.281, 7.469, 7.01, 6.592, 5.549, 4.105, 3.13, 2.888, 3.053, 2.845, 2.162, 2.014, 2.531, 2.337, 2.632], [2.433, 2.427, 2.137, 2.581, 2.705, 3.882, 5.335, 5.634, 5.801, 5.844, 5.766, 5.579, 5.439, 5.348, 5.866, 5.21, 5.56, 5.91, 5.748, 5.892, 5.389, 4.247, 3.546, 3.6, 3.311, 2.227, 1.862, 2.099, 1.971, 1.506, 0.881, 0.0, 2.654, 4.439, 5.433, 6.448, 6.381, 6.219, 6.312, 7.807, 9.573, 9.444, 8.681, 7.752, 7.4, 7.826, 8.588, 9.161, 7.868, 5.753, 3.804, 2.803, 2.432, 2.547, 3.141, 3.204, 3.287, 2.833, 3.023, 2.728, 2.751, 2.536, 3.011, 3.257, 3.766, 5.408, 6.175, 6.499, 6.624, 6.467, 6.627, 7.577, 7.745, 7.261, 6.854, 5.816, 4.35, 3.392, 3.07, 3.256, 3.016, 2.152, 1.718, 2.433, 2.336, 2.544], [3.841, 3.202, 3.14, 3.396, 3.731, 5.318, 7.088, 7.448, 7.673, 7.732, 7.693, 7.488, 7.293, 7.31, 7.733, 7.065, 7.416, 7.741, 7.587, 7.757, 7.264, 6.251, 5.678, 5.79, 5.76, 4.556, 3.917, 4.006, 3.833, 3.385, 2.949, 2.654, 0.0, 2.495, 3.626, 4.652, 4.541, 4.401, 4.512, 6.015, 7.781, 7.634, 6.901, 5.953, 5.599, 6.03, 6.787, 7.36, 6.067, 3.953, 2.152, 1.636, 1.86, 1.563, 1.71, 1.806, 2.243, 2.918, 3.513, 3.529, 4.178, 4.505, 5.299, 5.469, 6.005, 7.505, 8.261, 8.481, 8.515, 8.408, 8.432, 9.387, 9.564, 9.074, 8.662, 7.696, 6.194, 5.34, 5.214, 5.372, 4.714, 3.332, 1.87, 1.371, 1.684, 1.472], [6.003, 5.32, 5.234, 5.421, 5.691, 7.521, 9.447, 9.847, 10.07, 10.113, 10.051, 9.82, 9.662, 9.657, 10.191, 9.521, 9.876, 10.18, 10.027, 10.173, 9.67, 8.536, 7.934, 7.959, 7.494, 6.441, 6.072, 6.334, 6.239, 5.584, 4.934, 4.439, 2.495, 0.0, 1.594, 2.505, 2.412, 2.185, 2.389, 3.608, 5.365, 5.179, 4.463, 3.539, 3.186, 3.612, 4.374, 4.947, 3.684, 1.687, 1.984, 2.917, 3.234, 3.016, 2.321, 2.439, 2.755, 3.895, 4.551, 4.57, 5.522, 5.98, 6.797, 7.092, 8.186, 9.83, 10.591, 10.882, 10.912, 10.808, 10.886, 11.838, 12.005, 11.526, 11.121, 10.143, 8.625, 7.705, 7.396, 7.616, 7.178, 5.747, 3.916, 3.351, 3.525, 3.465], [7.141, 6.439, 6.369, 6.583, 6.784, 8.662, 10.611, 10.982, 11.148, 11.191, 11.112, 10.93, 10.796, 10.699, 11.193, 10.555, 10.925, 11.27, 11.117, 11.242, 10.723, 9.566, 8.901, 8.816, 8.224, 7.347, 7.126, 7.346, 7.277, 6.536, 5.85, 5.433, 3.626, 1.594, 0.0, 1.194, 1.257, 1.236, 1.241, 2.444, 4.222, 4.061, 3.48, 2.617, 2.188, 2.544, 3.28, 3.808, 2.524, 1.365, 2.557, 3.692, 3.992, 3.751, 3.036, 3.112, 3.449, 4.5, 5.099, 5.224, 6.249, 6.743, 7.506, 7.757, 9.033, 10.752, 11.494, 11.835, 11.982, 11.812, 11.986, 12.924, 13.104, 12.626, 12.229, 11.217, 9.703, 8.751, 8.414, 8.596, 8.265, 6.799, 4.925, 4.297, 4.402, 4.419], [8.158, 7.433, 7.186, 7.364, 7.597, 9.682, 11.643, 12.018, 12.173, 12.209, 12.156, 11.969, 11.846, 11.73, 12.087, 11.481, 11.829, 12.242, 12.1, 12.177, 11.716, 10.564, 9.756, 9.656, 9.083, 8.33, 8.088, 8.291, 8.239, 7.547, 6.684, 6.448, 4.652, 2.505, 1.194, 0.0, 0.804, 1.214, 1.245, 1.527, 3.241, 3.101, 2.544, 1.676, 1.61, 1.616, 2.232, 2.846, 1.959, 1.693, 3.152, 4.316, 4.624, 4.395, 3.637, 3.568, 3.794, 4.814, 5.39, 5.643, 6.825, 7.373, 8.127, 8.313, 9.727, 11.611, 12.344, 12.697, 12.932, 12.751, 12.938, 13.884, 14.078, 13.607, 13.187, 12.157, 10.69, 9.725, 9.367, 9.506, 9.226, 7.732, 5.854, 5.001, 4.988, 5.071], [8.068, 7.344, 7.068, 7.194, 7.463, 9.593, 11.554, 11.929, 12.085, 12.12, 12.07, 11.887, 11.747, 11.631, 12.063, 11.439, 11.792, 12.159, 12.019, 12.11, 11.64, 10.486, 9.74, 9.651, 9.044, 8.256, 8.023, 8.228, 8.18, 7.471, 6.658, 6.381, 4.541, 2.412, 1.257, 0.804, 0.0, 0.983, 1.112, 1.813, 3.314, 3.192, 2.585, 1.659, 1.505, 1.725, 2.418, 3.029, 2.031, 1.654, 3.065, 4.196, 4.525, 4.297, 3.393, 3.459, 3.584, 4.549, 5.084, 5.382, 6.712, 7.266, 7.986, 8.135, 9.715, 11.575, 12.303, 12.655, 12.874, 12.688, 12.878, 13.817, 14.006, 13.535, 13.125, 12.126, 10.609, 9.646, 9.332, 9.461, 9.171, 7.643, 5.806, 4.938, 4.934, 4.956], [7.915, 7.198, 6.913, 7.022, 7.309, 9.453, 11.413, 11.797, 11.962, 12.002, 11.921, 11.738, 11.624, 11.508, 11.837, 11.239, 11.636, 12.065, 11.924, 12.021, 11.514, 10.361, 9.508, 9.433, 8.909, 8.116, 7.923, 8.124, 8.049, 7.346, 6.457, 6.219, 4.401, 2.185, 1.236, 1.214, 0.983, 0.0, 0.686, 2.02, 3.463, 3.593, 2.774, 1.868, 1.684, 1.926, 2.556, 3.21, 2.171, 1.158, 2.686, 3.784, 4.15, 3.945, 3.358, 3.316, 3.455, 4.292, 4.857, 5.198, 6.256, 6.807, 7.506, 7.849, 9.433, 11.423, 12.153, 12.497, 12.768, 12.582, 12.771, 13.695, 13.897, 13.429, 13.014, 11.962, 10.516, 9.548, 9.179, 9.305, 9.049, 7.555, 5.645, 4.725, 4.616, 4.751], [7.986, 7.268, 7.023, 7.143, 7.431, 9.523, 11.484, 11.885, 12.05, 12.082, 12.014, 11.821, 11.712, 11.593, 11.94, 11.321, 11.699, 12.124, 11.982, 12.083, 11.602, 10.45, 9.573, 9.532, 9.0, 8.216, 7.989, 8.187, 8.126, 7.434, 6.54, 6.312, 4.512, 2.389, 1.241, 1.245, 1.112, 0.686, 0.0, 2.069, 3.53, 3.638, 3.058, 2.133, 1.926, 2.149, 2.603, 3.203, 2.113, 1.431, 2.798, 3.85, 4.231, 4.022, 3.545, 3.55, 3.73, 4.511, 5.032, 5.482, 6.3, 6.837, 7.593, 8.026, 9.521, 11.494, 12.216, 12.561, 12.834, 12.65, 12.839, 13.762, 13.965, 13.493, 13.078, 12.051, 10.578, 9.611, 9.266, 9.389, 9.108, 7.613, 5.721, 4.827, 4.745, 4.865], [9.47, 8.753, 8.402, 8.527, 8.839, 11.008, 12.98, 13.402, 13.555, 13.602, 13.524, 13.345, 13.219, 13.109, 13.457, 12.847, 13.261, 13.684, 13.545, 13.647, 13.119, 11.965, 11.169, 11.059, 10.539, 9.728, 9.546, 9.749, 9.666, 8.95, 8.088, 7.807, 6.015, 3.608, 2.444, 1.527, 1.813, 2.02, 2.069, 0.0, 2.007, 1.99, 2.167, 1.411, 1.447, 1.317, 1.5, 1.617, 1.234, 2.373, 4.406, 5.581, 5.905, 5.687, 4.913, 4.836, 4.968, 5.986, 6.621, 6.882, 8.181, 8.736, 9.463, 9.625, 11.122, 13.064, 13.798, 14.152, 14.394, 14.208, 14.397, 15.325, 15.523, 15.051, 14.635, 13.58, 12.135, 11.17, 10.791, 10.905, 10.672, 9.162, 7.262, 6.339, 6.227, 6.326], [11.229, 10.512, 10.147, 10.274, 10.598, 12.767, 14.765, 15.182, 15.336, 15.382, 15.304, 15.123, 14.999, 14.883, 15.232, 14.622, 15.025, 15.448, 15.308, 15.41, 14.899, 13.745, 12.896, 12.828, 12.296, 11.498, 11.31, 11.508, 11.431, 10.731, 9.844, 9.573, 7.781, 5.365, 4.222, 3.241, 3.314, 3.463, 3.53, 2.007, 0.0, 0.963, 1.608, 2.062, 2.423, 2.091, 1.528, 1.815, 2.254, 3.964, 6.0, 7.102, 7.46, 7.253, 6.556, 6.533, 6.579, 7.295, 7.777, 8.281, 9.678, 10.232, 10.925, 11.149, 12.828, 14.813, 15.532, 15.887, 16.152, 15.97, 16.158, 17.083, 17.286, 16.813, 16.402, 15.354, 13.902, 12.935, 12.565, 12.677, 12.436, 10.926, 9.026, 8.104, 7.969, 8.097], [11.057, 10.34, 9.992, 10.106, 10.426, 12.595, 14.604, 15.009, 15.165, 15.197, 15.147, 14.963, 14.836, 14.727, 15.134, 14.528, 14.898, 15.302, 15.163, 15.264, 14.729, 13.574, 12.822, 12.742, 12.173, 11.358, 11.173, 11.373, 11.292, 10.552, 9.739, 9.444, 7.634, 5.179, 4.061, 3.101, 3.192, 3.593, 3.638, 1.99, 0.963, 0.0, 1.325, 2.076, 2.34, 2.091, 1.69, 2.124, 2.412, 4.006, 6.085, 7.221, 7.557, 7.315, 6.435, 6.437, 6.572, 7.409, 7.865, 8.343, 9.81, 10.365, 11.06, 11.229, 12.802, 14.707, 15.434, 15.77, 16.021, 15.835, 16.024, 16.954, 17.15, 16.686, 16.249, 15.235, 13.759, 12.794, 12.455, 12.561, 12.295, 10.78, 8.915, 7.992, 7.934, 8.008], [10.339, 9.618, 9.298, 9.402, 9.723, 11.887, 13.907, 14.303, 14.45, 14.475, 14.425, 14.244, 14.119, 13.993, 14.314, 13.71, 14.072, 14.46, 14.337, 14.437, 13.991, 12.838, 11.978, 11.859, 11.337, 10.588, 10.374, 10.526, 10.515, 9.827, 8.931, 8.681, 6.901, 4.463, 3.48, 2.544, 2.585, 2.774, 3.058, 2.167, 1.608, 1.325, 0.0, 1.193, 1.632, 1.401, 1.268, 2.173, 2.278, 3.034, 5.084, 6.174, 6.485, 6.346, 5.645, 5.585, 5.583, 6.38, 6.765, 7.275, 8.716, 9.285, 9.971, 10.148, 11.807, 13.812, 14.54, 14.889, 15.15, 14.994, 15.156, 16.092, 16.355, 15.867, 15.413, 14.353, 12.899, 11.935, 11.577, 11.674, 11.45, 9.93, 8.052, 7.118, 6.99, 7.109], [9.385, 8.667, 8.346, 8.443, 8.764, 10.947, 12.968, 13.344, 13.496, 13.542, 13.475, 13.295, 13.165, 13.05, 13.38, 12.793, 13.149, 13.568, 13.431, 13.529, 13.07, 11.915, 11.035, 10.942, 10.404, 9.663, 9.429, 9.621, 9.586, 8.896, 8.001, 7.752, 5.953, 3.539, 2.617, 1.676, 1.659, 1.868, 2.133, 1.411, 2.062, 2.076, 1.193, 0.0, 0.871, 0.731, 1.357, 2.105, 1.695, 2.151, 4.218, 5.334, 5.663, 5.415, 4.703, 4.676, 4.737, 5.551, 5.975, 6.45, 7.9, 8.467, 9.175, 9.349, 10.953, 12.923, 13.639, 14.0, 14.26, 14.08, 14.266, 15.198, 15.424, 14.925, 14.522, 13.447, 12.012, 11.045, 10.673, 10.798, 10.553, 9.034, 7.117, 6.192, 6.093, 6.207], [9.027, 8.31, 7.974, 8.079, 8.396, 10.586, 12.607, 12.992, 13.143, 13.185, 13.118, 12.936, 12.813, 12.698, 13.031, 12.382, 12.798, 13.221, 13.084, 13.182, 12.719, 11.566, 10.75, 10.639, 10.065, 9.301, 9.067, 9.274, 9.234, 8.544, 7.68, 7.4, 5.599, 3.186, 2.188, 1.61, 1.505, 1.684, 1.926, 1.447, 2.423, 2.34, 1.632, 0.871, 0.0, 0.704, 1.549, 2.198, 1.267, 1.89, 3.973, 5.101, 5.428, 5.202, 4.367, 4.352, 4.455, 5.44, 5.871, 6.214, 7.666, 8.233, 8.951, 9.086, 10.676, 12.585, 13.313, 13.673, 13.91, 13.724, 13.912, 14.838, 15.051, 14.569, 14.159, 13.073, 11.664, 10.688, 10.263, 10.447, 10.205, 8.686, 6.764, 5.847, 5.794, 5.791], [9.452, 8.744, 8.407, 8.492, 8.816, 11.025, 13.045, 13.418, 13.569, 13.611, 13.547, 13.368, 13.238, 13.124, 13.434, 12.82, 13.196, 13.609, 13.476, 13.575, 13.137, 11.983, 11.125, 10.994, 10.472, 9.718, 9.494, 9.652, 9.644, 8.969, 8.08, 7.826, 6.03, 3.612, 2.544, 1.616, 1.725, 1.926, 2.149, 1.317, 2.091, 2.091, 1.401, 0.731, 0.704, 0.0, 1.097, 1.741, 1.323, 2.221, 4.293, 5.397, 5.725, 5.552, 4.843, 4.722, 4.825, 5.757, 6.283, 6.555, 7.938, 8.505, 9.245, 9.397, 10.994, 12.951, 13.673, 14.038, 14.291, 14.117, 14.297, 15.223, 15.482, 14.98, 14.556, 13.465, 12.052, 11.077, 10.677, 10.834, 10.593, 9.074, 7.159, 6.232, 6.14, 6.198], [10.196, 9.488, 9.153, 9.226, 9.55, 11.769, 13.79, 14.182, 14.331, 14.378, 14.299, 14.117, 14.003, 13.886, 14.192, 13.572, 13.95, 14.346, 14.238, 14.336, 13.893, 12.739, 11.877, 11.756, 11.233, 10.479, 10.261, 10.414, 10.401, 9.725, 8.836, 8.588, 6.787, 4.374, 3.28, 2.232, 2.418, 2.556, 2.603, 1.5, 1.528, 1.69, 1.268, 1.357, 1.549, 1.097, 0.0, 1.189, 1.401, 2.927, 4.961, 6.051, 6.382, 6.201, 5.584, 5.484, 5.553, 6.479, 7.052, 7.348, 8.608, 9.193, 9.906, 10.062, 11.677, 13.685, 14.415, 14.754, 15.018, 14.886, 15.026, 15.985, 16.254, 15.752, 15.28, 14.214, 12.78, 11.803, 11.466, 11.555, 11.314, 9.795, 7.896, 6.972, 6.843, 6.944], [10.743, 10.035, 9.687, 9.78, 10.098, 12.316, 14.342, 14.761, 14.905, 14.951, 14.873, 14.691, 14.568, 14.455, 14.779, 14.133, 14.524, 14.92, 14.806, 14.9, 14.468, 13.314, 12.462, 12.347, 11.816, 11.067, 10.831, 10.982, 10.978, 10.303, 9.409, 9.161, 7.36, 4.947, 3.808, 2.846, 3.029, 3.21, 3.203, 1.617, 1.815, 2.124, 2.173, 2.105, 2.198, 1.741, 1.189, 0.0, 1.552, 3.497, 5.557, 6.668, 6.965, 6.816, 6.147, 6.052, 6.15, 7.191, 7.689, 7.933, 9.21, 9.747, 10.474, 10.617, 12.264, 14.275, 15.0, 15.339, 15.597, 15.457, 15.602, 16.544, 16.817, 16.315, 15.845, 14.803, 13.345, 12.375, 12.018, 12.133, 11.896, 10.373, 8.486, 7.563, 7.435, 7.499], [9.461, 8.744, 8.379, 8.511, 8.83, 10.999, 13.05, 13.451, 13.595, 13.642, 13.563, 13.381, 13.258, 13.146, 13.509, 12.87, 13.232, 13.626, 13.518, 13.617, 13.179, 12.023, 11.25, 11.094, 10.538, 9.759, 9.553, 9.72, 9.711, 9.003, 8.154, 7.868, 6.067, 3.684, 2.524, 1.959, 2.031, 2.171, 2.113, 1.234, 2.254, 2.412, 2.278, 1.695, 1.267, 1.323, 1.401, 1.552, 0.0, 2.368, 4.416, 5.566, 5.827, 5.685, 4.914, 4.846, 5.102, 6.243, 6.762, 6.922, 8.164, 8.742, 9.469, 9.607, 11.002, 12.919, 13.659, 14.02, 14.308, 14.186, 14.275, 15.281, 15.543, 15.041, 14.558, 13.504, 12.039, 11.034, 10.774, 10.81, 10.56, 9.038, 7.15, 6.238, 6.215, 6.225], [7.354, 6.624, 6.403, 6.533, 6.789, 8.89, 10.935, 11.365, 11.513, 11.56, 11.483, 11.304, 11.177, 11.064, 11.376, 10.754, 11.194, 11.617, 11.477, 11.579, 11.077, 9.923, 9.066, 8.991, 8.474, 7.678, 7.47, 7.669, 7.594, 6.911, 6.01, 5.753, 3.953, 1.687, 1.365, 1.693, 1.654, 1.158, 1.431, 2.373, 3.964, 4.006, 3.034, 2.151, 1.89, 2.221, 2.927, 3.497, 2.368, 0.0, 2.234, 3.384, 3.673, 3.466, 2.87, 2.846, 3.073, 4.19, 4.742, 4.945, 6.009, 6.553, 7.295, 7.495, 8.994, 10.988, 11.726, 12.062, 12.313, 12.132, 12.319, 13.245, 13.447, 12.975, 12.563, 11.499, 10.064, 9.095, 8.694, 8.836, 8.605, 7.09, 5.195, 4.324, 4.188, 4.265], [5.515, 4.844, 4.791, 5.07, 5.269, 6.991, 8.978, 9.403, 9.547, 9.593, 9.52, 9.34, 9.21, 9.1, 9.421, 8.809, 9.172, 9.595, 9.456, 9.557, 9.114, 7.96, 7.086, 6.976, 6.544, 5.725, 5.496, 5.66, 5.643, 4.945, 4.048, 3.804, 2.152, 1.984, 2.557, 3.152, 3.065, 2.686, 2.798, 4.406, 6.0, 6.085, 5.084, 4.218, 3.973, 4.293, 4.961, 5.557, 4.416, 2.234, 0.0, 1.223, 1.61, 1.511, 1.295, 1.343, 1.414, 2.467, 3.059, 3.182, 4.098, 4.528, 5.205, 5.488, 6.957, 8.956, 9.7, 10.029, 10.285, 10.111, 10.296, 11.222, 11.475, 10.973, 10.54, 9.474, 8.044, 7.076, 6.705, 6.815, 6.583, 5.071, 3.232, 2.635, 2.569, 2.673], [4.52, 3.892, 3.905, 4.262, 4.437, 5.979, 7.92, 8.348, 8.486, 8.533, 8.455, 8.276, 8.149, 8.037, 8.35, 7.722, 8.105, 8.525, 8.39, 8.492, 8.049, 6.898, 6.048, 5.914, 5.594, 4.721, 4.46, 4.601, 4.574, 3.905, 3.008, 2.803, 1.636, 2.917, 3.692, 4.316, 4.196, 3.784, 3.85, 5.581, 7.102, 7.221, 6.174, 5.334, 5.101, 5.397, 6.051, 6.668, 5.566, 3.384, 1.223, 0.0, 0.722, 0.824, 1.114, 1.341, 1.281, 1.839, 2.38, 2.54, 3.122, 3.489, 4.228, 4.52, 5.876, 7.874, 8.602, 8.954, 9.21, 9.04, 9.219, 10.145, 10.406, 9.904, 9.471, 8.403, 6.971, 6.001, 5.625, 5.745, 5.513, 4.003, 2.433, 1.845, 1.752, 1.863], [4.192, 3.579, 3.578, 3.899, 4.085, 5.656, 7.593, 8.017, 8.157, 8.204, 8.127, 7.948, 7.821, 7.713, 8.027, 7.4, 7.78, 8.178, 8.065, 8.167, 7.721, 6.567, 5.694, 5.589, 5.169, 4.402, 4.143, 4.275, 4.242, 3.593, 2.68, 2.432, 1.86, 3.234, 3.992, 4.624, 4.525, 4.15, 4.231, 5.905, 7.46, 7.557, 6.485, 5.663, 5.428, 5.725, 6.382, 6.965, 5.827, 3.673, 1.61, 0.722, 0.0, 0.637, 1.301, 1.453, 1.538, 1.977, 2.415, 2.581, 2.993, 3.226, 3.922, 4.184, 5.529, 7.529, 8.259, 8.607, 8.859, 8.711, 8.869, 9.797, 10.081, 9.579, 9.124, 8.056, 6.625, 5.654, 5.294, 5.398, 5.166, 3.77, 2.472, 1.785, 1.484, 1.739], [4.202, 3.563, 3.562, 3.846, 4.032, 5.674, 7.651, 8.074, 8.225, 8.271, 8.207, 8.011, 7.895, 7.775, 8.131, 7.519, 7.867, 8.29, 8.152, 8.25, 7.791, 6.639, 5.756, 5.685, 5.277, 4.453, 4.189, 4.364, 4.314, 3.637, 2.773, 2.547, 1.563, 3.016, 3.751, 4.395, 4.297, 3.945, 4.022, 5.687, 7.253, 7.315, 6.346, 5.415, 5.202, 5.552, 6.201, 6.816, 5.685, 3.466, 1.511, 0.824, 0.637, 0.0, 1.108, 1.39, 1.577, 2.132, 2.688, 2.835, 3.261, 3.54, 4.233, 4.398, 5.688, 7.655, 8.388, 8.732, 8.992, 8.812, 9.0, 9.93, 10.147, 9.658, 9.25, 8.218, 6.75, 5.778, 5.429, 5.539, 5.276, 3.821, 2.519, 1.665, 1.463, 1.633], [4.92, 4.243, 4.197, 4.395, 4.616, 6.344, 8.29, 8.724, 8.862, 8.909, 8.854, 8.664, 8.537, 8.425, 8.842, 8.193, 8.532, 8.934, 8.795, 8.896, 8.442, 7.29, 6.5, 6.392, 5.824, 5.058, 4.816, 5.01, 4.965, 4.273, 3.409, 3.141, 1.71, 2.321, 3.036, 3.637, 3.393, 3.358, 3.545, 4.913, 6.556, 6.435, 5.645, 4.703, 4.367, 4.843, 5.584, 6.147, 4.914, 2.87, 1.295, 1.114, 1.301, 1.108, 0.0, 0.929, 1.264, 1.992, 2.649, 2.66, 3.694, 4.166, 4.862, 4.962, 6.48, 8.344, 9.084, 9.41, 9.656, 9.472, 9.66, 10.588, 10.806, 10.313, 9.886, 8.88, 7.392, 6.427, 6.096, 6.201, 5.933, 4.412, 2.837, 2.002, 2.052, 2.094], [5.017, 4.347, 4.317, 4.543, 4.753, 6.437, 8.378, 8.791, 8.945, 8.988, 8.932, 8.751, 8.64, 8.517, 8.881, 8.263, 8.575, 8.995, 8.858, 8.961, 8.533, 7.376, 6.556, 6.413, 5.883, 5.145, 4.907, 5.071, 5.057, 4.361, 3.48, 3.204, 1.806, 2.439, 3.112, 3.568, 3.459, 3.316, 3.55, 4.836, 6.533, 6.437, 5.585, 4.676, 4.352, 4.722, 5.484, 6.052, 4.846, 2.846, 1.343, 1.341, 1.453, 1.39, 0.929, 0.0, 0.886, 1.737, 2.403, 2.472, 3.553, 4.106, 4.844, 4.981, 6.474, 8.384, 9.112, 9.469, 9.708, 9.533, 9.711, 10.642, 10.888, 10.386, 9.933, 8.884, 7.448, 6.483, 6.138, 6.225, 5.983, 4.485, 2.83, 2.153, 2.177, 2.319], [5.19, 4.645, 4.688, 5.12, 5.31, 6.619, 8.404, 8.84, 8.973, 9.012, 8.947, 8.768, 8.64, 8.531, 8.849, 8.206, 8.599, 9.004, 8.882, 8.981, 8.541, 7.388, 6.531, 6.411, 5.889, 5.157, 4.933, 5.113, 5.097, 4.46, 3.507, 3.287, 2.243, 2.755, 3.449, 3.794, 3.584, 3.455, 3.73, 4.968, 6.579, 6.572, 5.583, 4.737, 4.455, 4.825, 5.553, 6.15, 5.102, 3.073, 1.414, 1.281, 1.538, 1.577, 1.264, 0.886, 0.0, 1.425, 2.029, 2.14, 3.362, 3.925, 4.631, 4.761, 6.38, 8.367, 9.11, 9.453, 9.703, 9.544, 9.708, 10.634, 10.901, 10.401, 9.937, 8.872, 7.452, 6.487, 6.102, 6.228, 5.988, 4.486, 2.902, 2.67, 2.609, 2.724], [4.753, 4.258, 4.347, 4.921, 5.113, 6.22, 7.839, 8.237, 8.367, 8.388, 8.319, 8.142, 8.045, 7.931, 8.265, 7.645, 7.976, 8.377, 8.263, 8.363, 7.917, 6.76, 5.901, 5.851, 5.273, 4.552, 4.334, 4.528, 4.476, 3.927, 2.996, 2.833, 2.918, 3.895, 4.5, 4.814, 4.549, 4.292, 4.511, 5.986, 7.295, 7.409, 6.38, 5.551, 5.44, 5.757, 6.479, 7.191, 6.243, 4.19, 2.467, 1.839, 1.977, 2.132, 1.992, 1.737, 1.425, 0.0, 0.988, 1.449, 2.568, 3.084, 3.745, 4.036, 5.734, 7.722, 8.451, 8.791, 9.065, 8.927, 9.068, 10.011, 10.286, 9.783, 9.294, 8.236, 6.81, 5.846, 5.536, 5.602, 5.347, 3.861, 2.595, 2.749, 2.774, 3.085], [4.883, 4.466, 4.653, 5.271, 5.466, 6.422, 7.89, 8.227, 8.322, 8.331, 8.256, 8.109, 8.011, 7.904, 8.26, 7.63, 7.967, 8.353, 8.203, 8.266, 7.853, 6.697, 5.815, 5.695, 5.18, 4.51, 4.296, 4.529, 4.516, 4.003, 3.097, 3.023, 3.513, 4.551, 5.099, 5.39, 5.084, 4.857, 5.032, 6.621, 7.777, 7.865, 6.765, 5.975, 5.871, 6.283, 7.052, 7.689, 6.762, 4.742, 3.059, 2.38, 2.415, 2.688, 2.649, 2.403, 2.029, 0.988, 0.0, 1.099, 2.245, 2.772, 3.427, 3.703, 5.578, 7.581, 8.316, 8.659, 8.932, 8.807, 8.932, 9.903, 10.16, 9.684, 9.199, 8.148, 6.702, 5.738, 5.379, 5.504, 5.252, 3.844, 2.834, 3.26, 3.295, 3.59], [4.628, 4.202, 4.427, 5.172, 5.339, 6.174, 7.496, 7.693, 7.733, 7.727, 7.643, 7.524, 7.446, 7.34, 7.778, 7.14, 7.475, 7.841, 7.683, 7.641, 7.223, 6.037, 5.144, 4.976, 4.49, 3.955, 3.773, 4.028, 4.124, 3.683, 2.895, 2.728, 3.529, 4.57, 5.224, 5.643, 5.382, 5.198, 5.482, 6.882, 8.281, 8.343, 7.275, 6.45, 6.214, 6.555, 7.348, 7.933, 6.922, 4.945, 3.182, 2.54, 2.581, 2.835, 2.66, 2.472, 2.14, 1.449, 1.099, 0.0, 1.656, 2.18, 2.884, 3.027, 4.818, 6.79, 7.498, 7.88, 8.171, 8.037, 8.152, 9.151, 9.39, 8.923, 8.481, 7.421, 5.951, 4.944, 4.622, 4.774, 4.677, 3.404, 2.495, 3.277, 3.369, 3.677], [4.02, 3.671, 4.362, 5.134, 5.277, 5.569, 6.348, 6.511, 6.507, 6.465, 6.385, 6.275, 6.196, 6.121, 6.552, 5.977, 6.324, 6.749, 6.51, 6.417, 5.973, 4.806, 3.907, 3.995, 3.304, 2.839, 2.82, 3.012, 3.467, 3.402, 2.784, 2.751, 4.178, 5.522, 6.249, 6.825, 6.712, 6.256, 6.3, 8.181, 9.678, 9.81, 8.716, 7.9, 7.666, 7.938, 8.608, 9.21, 8.164, 6.009, 4.098, 3.122, 2.993, 3.261, 3.694, 3.553, 3.362, 2.568, 2.245, 1.656, 0.0, 0.721, 1.499, 1.855, 3.605, 5.591, 6.3, 6.634, 6.915, 6.755, 6.905, 7.861, 8.108, 7.612, 7.187, 6.112, 4.68, 3.71, 3.309, 3.516, 3.537, 2.439, 2.963, 3.846, 3.812, 4.145], [3.771, 3.544, 4.132, 4.914, 5.059, 5.258, 5.862, 6.01, 5.987, 5.928, 5.849, 5.743, 5.671, 5.599, 6.035, 5.502, 5.874, 6.36, 6.046, 5.899, 5.453, 4.283, 3.481, 3.618, 2.933, 2.481, 2.532, 2.741, 3.259, 3.19, 2.553, 2.536, 4.505, 5.98, 6.743, 7.373, 7.266, 6.807, 6.837, 8.736, 10.232, 10.365, 9.285, 8.467, 8.233, 8.505, 9.193, 9.747, 8.742, 6.553, 4.528, 3.489, 3.226, 3.54, 4.166, 4.106, 3.925, 3.084, 2.772, 2.18, 0.721, 0.0, 0.985, 1.482, 3.064, 5.048, 5.744, 6.074, 6.368, 6.187, 6.35, 7.307, 7.55, 7.045, 6.631, 5.575, 4.143, 3.166, 2.742, 2.966, 3.019, 2.407, 3.336, 4.11, 3.903, 4.231], [4.166, 4.162, 4.662, 5.29, 5.448, 5.273, 5.553, 5.686, 5.631, 5.425, 5.276, 5.168, 5.105, 5.063, 5.625, 5.26, 5.617, 6.117, 5.774, 5.525, 4.937, 3.806, 3.324, 3.485, 2.752, 2.502, 2.662, 2.947, 3.485, 3.471, 2.95, 3.011, 5.299, 6.797, 7.506, 8.127, 7.986, 7.506, 7.593, 9.463, 10.925, 11.06, 9.971, 9.175, 8.951, 9.245, 9.906, 10.474, 9.469, 7.295, 5.205, 4.228, 3.922, 4.233, 4.862, 4.844, 4.631, 3.745, 3.427, 2.884, 1.499, 0.985, 0.0, 0.98, 2.451, 4.372, 5.066, 5.421, 5.691, 5.506, 5.674, 6.586, 6.84, 6.323, 5.893, 4.881, 3.512, 2.528, 2.132, 2.317, 2.537, 2.777, 4.131, 4.816, 4.594, 4.938], [4.382, 4.404, 4.87, 5.5, 5.624, 5.093, 5.329, 5.423, 5.398, 5.18, 5.015, 4.853, 4.814, 4.79, 5.368, 5.102, 5.399, 5.907, 5.576, 5.293, 4.672, 3.604, 3.171, 3.348, 2.562, 2.353, 2.647, 3.026, 3.625, 3.489, 3.156, 3.257, 5.469, 7.092, 7.757, 8.313, 8.135, 7.849, 8.026, 9.625, 11.149, 11.229, 10.148, 9.349, 9.086, 9.397, 10.062, 10.617, 9.607, 7.495, 5.488, 4.52, 4.184, 4.398, 4.962, 4.981, 4.761, 4.036, 3.703, 3.027, 1.855, 1.482, 0.98, 0.0, 2.078, 4.069, 4.746, 5.109, 5.36, 5.258, 5.386, 6.356, 6.597, 6.093, 5.634, 4.585, 3.211, 2.389, 2.099, 2.21, 2.292, 2.871, 4.252, 5.003, 4.856, 5.187], [4.269, 4.579, 4.868, 5.274, 5.282, 4.097, 3.684, 3.716, 3.716, 3.428, 3.193, 2.977, 2.964, 3.094, 3.711, 3.665, 3.828, 4.333, 3.977, 3.663, 2.965, 2.084, 2.083, 2.148, 1.946, 2.165, 2.449, 2.555, 3.189, 3.237, 3.334, 3.766, 6.005, 8.186, 9.033, 9.727, 9.715, 9.433, 9.521, 11.122, 12.828, 12.802, 11.807, 10.953, 10.676, 10.994, 11.677, 12.264, 11.002, 8.994, 6.957, 5.876, 5.529, 5.688, 6.48, 6.474, 6.38, 5.734, 5.578, 4.818, 3.605, 3.064, 2.451, 2.078, 0.0, 2.082, 2.808, 3.162, 3.476, 3.352, 3.439, 4.481, 4.729, 4.259, 3.795, 2.745, 1.795, 1.715, 1.748, 1.744, 2.098, 3.279, 4.78, 5.368, 5.202, 5.519], [4.746, 5.406, 5.687, 5.708, 5.482, 3.962, 2.568, 2.51, 2.482, 2.213, 2.082, 1.724, 1.738, 2.012, 2.712, 2.674, 2.84, 3.323, 2.906, 2.532, 1.851, 1.637, 2.253, 2.506, 2.763, 3.485, 3.845, 3.676, 3.765, 4.314, 5.035, 5.408, 7.505, 9.83, 10.752, 11.611, 11.575, 11.423, 11.494, 13.064, 14.813, 14.707, 13.812, 12.923, 12.585, 12.951, 13.685, 14.275, 12.919, 10.988, 8.956, 7.874, 7.529, 7.655, 8.344, 8.384, 8.367, 7.722, 7.581, 6.79, 5.591, 5.048, 4.372, 4.069, 2.082, 0.0, 1.012, 1.324, 1