[[0.0, 0.675, 0.77, 0.981, 1.949, 2.135, 2.421, 2.6, 2.63, 4.224, 6.505, 7.465, 6.94, 7.196, 7.742, 7.987, 8.595, 8.582, 8.353, 7.411, 6.411, 6.358, 5.805, 5.424, 5.18, 4.179, 3.824, 4.475, 4.431, 4.237, 4.147, 4.39, 4.744, 4.831, 4.958, 5.019, 5.358, 5.904, 5.426, 4.604, 4.939, 5.087, 5.731, 5.274, 4.991, 5.403, 6.024, 5.451, 5.146, 5.013, 5.035, 5.356, 4.894, 4.202, 4.358, 5.026, 4.97, 5.063, 6.418, 8.036, 9.168, 9.274, 8.092, 6.723, 6.818, 7.037, 7.388, 6.938, 6.458, 6.445, 6.56, 7.896, 8.94, 8.945, 8.738, 8.824, 8.971, 9.891, 10.46, 10.196, 9.887, 10.202, 10.304, 10.74, 10.51, 9.799], [0.675, 0.0, 0.613, 1.194, 1.965, 2.017, 2.517, 2.725, 2.562, 4.008, 6.242, 7.218, 6.802, 7.003, 7.514, 7.754, 8.336, 8.356, 8.102, 7.151, 6.175, 6.137, 5.663, 5.288, 5.049, 4.101, 3.724, 4.288, 4.228, 4.027, 3.911, 4.131, 4.491, 4.579, 4.704, 4.767, 5.109, 5.658, 5.176, 4.41, 4.863, 4.944, 5.542, 5.082, 4.874, 5.352, 6.141, 5.565, 5.275, 5.215, 5.21, 5.493, 5.042, 4.295, 4.085, 4.766, 4.73, 4.799, 6.155, 7.772, 8.905, 9.017, 7.84, 6.474, 6.561, 6.792, 7.128, 6.711, 6.24, 6.223, 6.36, 7.67, 8.695, 8.681, 8.475, 8.561, 8.708, 9.627, 10.197, 9.933, 9.623, 9.939, 10.041, 10.485, 10.261, 9.557], [0.77, 0.613, 0.0, 0.911, 1.855, 1.926, 2.401, 2.578, 2.427, 3.978, 6.158, 7.16, 6.77, 6.983, 7.496, 7.726, 8.302, 8.311, 8.033, 7.074, 6.156, 6.121, 5.632, 5.264, 5.023, 4.051, 3.665, 4.27, 4.202, 4.007, 3.878, 4.056, 4.429, 4.522, 4.657, 4.724, 5.034, 5.6, 5.114, 4.367, 4.842, 4.887, 5.486, 5.07, 4.842, 5.434, 6.245, 5.646, 5.353, 5.205, 5.223, 5.556, 5.092, 4.373, 4.18, 4.746, 4.703, 4.706, 6.061, 7.679, 8.814, 8.952, 7.788, 6.414, 6.491, 6.739, 7.107, 6.662, 6.232, 6.216, 6.343, 7.659, 8.638, 8.607, 8.41, 8.467, 8.614, 9.534, 10.113, 9.849, 9.539, 9.852, 9.955, 10.41, 10.197, 9.499], [0.981, 1.194, 0.911, 0.0, 1.358, 1.579, 1.898, 2.016, 2.08, 3.816, 6.063, 7.015, 6.526, 6.746, 7.3, 7.554, 8.145, 8.154, 7.908, 6.952, 5.957, 5.925, 5.405, 5.02, 4.773, 3.785, 3.407, 4.036, 4.02, 3.787, 3.694, 3.921, 4.275, 4.364, 4.49, 4.552, 4.902, 5.46, 4.983, 4.189, 4.682, 4.722, 5.332, 4.949, 4.892, 5.537, 6.301, 5.709, 5.426, 5.209, 5.271, 5.601, 5.143, 4.47, 4.327, 4.64, 4.594, 4.629, 5.99, 7.602, 8.734, 8.825, 7.639, 6.273, 6.358, 6.58, 6.929, 6.461, 6.006, 5.999, 6.152, 7.475, 8.506, 8.511, 8.303, 8.391, 8.537, 9.457, 10.022, 9.758, 9.453, 9.768, 9.871, 10.304, 10.065, 9.356], [1.949, 1.965, 1.855, 1.358, 0.0, 0.962, 1.112, 1.364, 1.322, 3.217, 5.443, 6.351, 5.843, 6.195, 6.686, 6.962, 7.512, 7.556, 7.392, 6.395, 5.427, 5.394, 4.768, 4.361, 4.166, 3.135, 2.72, 3.358, 3.416, 3.139, 3.164, 3.427, 3.599, 3.694, 3.811, 3.871, 4.222, 4.845, 4.379, 3.528, 3.978, 4.153, 4.699, 4.357, 4.327, 5.145, 6.02, 5.41, 5.378, 5.186, 5.062, 5.278, 4.857, 4.176, 3.926, 4.206, 4.072, 4.184, 5.418, 7.031, 8.133, 8.202, 6.967, 5.702, 5.687, 5.889, 6.26, 5.846, 5.314, 5.311, 5.495, 6.808, 7.859, 7.901, 7.771, 7.762, 7.932, 8.839, 9.4, 9.149, 8.839, 9.138, 9.264, 9.687, 9.469, 8.846], [2.135, 2.017, 1.926, 1.579, 0.962, 0.0, 0.919, 1.264, 0.925, 2.543, 4.689, 5.563, 5.073, 5.485, 5.908, 6.155, 6.712, 6.788, 6.637, 5.65, 4.796, 4.644, 3.935, 3.597, 3.461, 2.488, 2.055, 2.672, 2.706, 2.389, 2.472, 2.728, 2.874, 2.97, 3.078, 3.113, 3.442, 4.095, 3.698, 2.757, 3.364, 3.413, 3.92, 3.605, 3.737, 4.752, 5.46, 4.939, 5.013, 4.816, 4.722, 4.89, 4.352, 3.787, 3.403, 3.493, 3.38, 3.397, 4.801, 6.268, 7.361, 7.43, 6.202, 4.938, 4.919, 5.112, 5.507, 5.068, 4.599, 4.581, 4.684, 6.03, 7.089, 7.163, 7.029, 6.993, 7.151, 8.048, 8.65, 8.368, 8.117, 8.366, 8.486, 8.912, 8.714, 8.119], [2.421, 2.517, 2.401, 1.898, 1.112, 0.919, 0.0, 0.795, 0.761, 2.591, 4.701, 5.46, 5.063, 5.514, 5.891, 6.113, 6.686, 6.735, 6.641, 5.694, 4.866, 4.903, 4.062, 3.662, 3.605, 2.89, 2.413, 2.914, 2.866, 2.601, 2.716, 2.964, 3.034, 3.133, 3.255, 3.216, 3.458, 4.095, 3.746, 2.725, 3.487, 3.46, 3.868, 3.617, 3.784, 5.019, 5.703, 5.307, 5.299, 5.035, 5.021, 5.156, 4.854, 4.207, 3.707, 3.643, 3.44, 3.698, 4.882, 6.249, 7.296, 7.392, 6.125, 4.898, 4.976, 5.121, 5.493, 5.176, 4.639, 4.624, 4.69, 5.976, 7.017, 7.063, 6.946, 6.893, 7.082, 7.972, 8.547, 8.301, 8.047, 8.271, 8.432, 8.87, 8.699, 8.104], [2.6, 2.725, 2.578, 2.016, 1.364, 1.264, 0.795, 0.0, 0.915, 2.952, 4.984, 5.671, 5.315, 5.742, 6.098, 6.272, 6.858, 6.929, 6.836, 5.943, 5.268, 5.352, 4.475, 4.049, 4.028, 3.355, 2.866, 3.344, 3.335, 3.035, 3.187, 3.393, 3.489, 3.612, 3.726, 3.63, 3.811, 4.435, 4.173, 3.076, 3.673, 3.685, 4.076, 3.787, 4.083, 5.125, 5.752, 5.56, 5.427, 5.13, 5.214, 5.351, 5.103, 4.446, 3.934, 3.866, 3.648, 4.11, 5.286, 6.46, 7.472, 7.58, 6.364, 5.271, 5.202, 5.375, 5.906, 5.566, 4.924, 5.008, 5.065, 6.163, 7.25, 7.269, 7.151, 7.096, 7.277, 8.198, 8.873, 8.68, 8.308, 8.444, 8.61, 9.065, 8.909, 8.296], [2.63, 2.562, 2.427, 2.08, 1.322, 0.925, 0.761, 0.915, 0.0, 2.302, 4.443, 5.245, 4.904, 5.282, 5.687, 5.923, 6.465, 6.44, 6.37, 5.427, 4.676, 4.778, 3.938, 3.533, 3.458, 2.726, 2.269, 2.714, 2.826, 2.521, 2.652, 2.906, 2.962, 3.105, 3.203, 3.137, 3.24, 3.779, 3.542, 2.561, 3.258, 3.23, 3.661, 3.332, 3.527, 4.672, 5.379, 5.036, 5.038, 4.76, 4.794, 4.854, 4.592, 3.92, 3.342, 3.332, 3.147, 3.472, 4.673, 6.016, 7.122, 7.205, 5.93, 4.731, 4.72, 4.861, 5.316, 4.986, 4.375, 4.397, 4.486, 5.742, 6.811, 6.811, 6.674, 6.703, 6.902, 7.781, 8.322, 8.08, 7.77, 8.093, 8.246, 8.687, 8.442, 7.853], [4.224, 4.008, 3.978, 3.816, 3.217, 2.543, 2.591, 2.952, 2.302, 0.0, 2.401, 3.354, 3.184, 3.541, 3.821, 4.049, 4.548, 4.496, 4.41, 3.488, 2.846, 2.985, 2.27, 1.775, 1.837, 1.504, 1.288, 1.285, 1.361, 1.296, 1.466, 1.786, 1.817, 1.705, 1.768, 1.618, 1.572, 1.974, 1.834, 1.523, 2.094, 2.11, 2.062, 1.972, 2.378, 3.616, 4.689, 4.461, 4.48, 4.421, 4.493, 4.34, 4.113, 3.307, 2.707, 2.368, 2.146, 2.003, 2.617, 3.927, 5.079, 5.209, 4.001, 2.828, 2.789, 3.014, 3.567, 3.196, 2.497, 2.521, 2.729, 3.788, 4.81, 4.771, 4.608, 4.641, 4.847, 5.735, 6.311, 6.121, 5.751, 6.049, 6.2, 6.66, 6.451, 5.92], [6.505, 6.242, 6.158, 6.063, 5.443, 4.689, 4.701, 4.984, 4.443, 2.401, 0.0, 1.686, 1.624, 1.787, 2.139, 2.288, 2.421, 2.407, 2.331, 1.912, 1.759, 1.788, 1.622, 1.586, 1.795, 2.731, 3.088, 2.345, 2.376, 2.563, 2.635, 2.503, 2.34, 2.278, 2.233, 2.107, 1.945, 1.66, 2.037, 2.611, 2.966, 2.886, 2.25, 2.51, 2.538, 3.459, 4.451, 4.963, 4.98, 5.177, 5.526, 5.257, 5.082, 4.408, 3.339, 2.724, 2.633, 2.471, 1.747, 1.991, 2.785, 2.953, 1.92, 1.3, 0.907, 1.302, 1.911, 1.734, 1.306, 1.473, 1.458, 1.999, 2.992, 2.884, 2.712, 2.459, 2.591, 3.423, 4.209, 4.224, 3.709, 3.823, 3.897, 4.356, 4.212, 3.751], [7.465, 7.218, 7.16, 7.015, 6.351, 5.563, 5.46, 5.671, 5.245, 3.354, 1.686, 0.0, 1.032, 1.345, 1.478, 1.308, 1.546, 1.759, 1.722, 1.362, 1.479, 1.604, 2.012, 2.348, 2.565, 3.556, 3.875, 3.206, 3.276, 3.369, 3.512, 3.528, 3.327, 3.13, 2.968, 2.841, 2.562, 2.27, 2.554, 3.104, 3.193, 3.117, 2.447, 2.496, 2.851, 3.38, 4.306, 4.902, 5.175, 5.701, 5.964, 5.541, 5.421, 4.645, 3.492, 2.791, 2.733, 2.926, 2.246, 1.721, 2.147, 2.015, 1.211, 1.447, 1.436, 1.366, 1.624, 2.121, 2.206, 2.272, 2.138, 1.912, 1.966, 2.037, 1.909, 1.777, 1.88, 2.944, 3.603, 3.591, 3.11, 3.159, 3.284, 3.595, 3.553, 2.977], [6.94, 6.802, 6.77, 6.526, 5.843, 5.073, 5.063, 5.315, 4.904, 3.184, 1.624, 1.032, 0.0, 0.961, 1.381, 1.504, 1.799, 2.027, 1.99, 1.47, 1.256, 1.256, 1.521, 1.857, 1.99, 2.97, 3.339, 2.832, 3.081, 3.149, 3.271, 3.37, 3.137, 2.971, 2.834, 2.768, 2.594, 2.271, 2.579, 2.882, 2.956, 2.95, 2.459, 2.43, 2.532, 3.134, 3.979, 4.378, 4.622, 5.044, 5.454, 5.096, 4.912, 4.289, 3.245, 2.704, 2.632, 2.809, 2.157, 1.861, 2.52, 2.543, 1.415, 1.234, 1.338, 1.341, 1.562, 1.811, 1.927, 2.015, 1.98, 1.79, 2.407, 2.356, 2.211, 2.149, 2.361, 3.34, 4.044, 4.01, 3.487, 3.537, 3.612, 4.017, 3.849, 3.223], [7.196, 7.003, 6.983, 6.746, 6.195, 5.485, 5.514, 5.742, 5.282, 3.541, 1.787, 1.345, 0.961, 0.0, 0.917, 1.205, 1.585, 1.918, 2.194, 1.757, 1.551, 1.659, 2.051, 2.333, 2.357, 3.419, 3.789, 3.198, 3.517, 3.577, 3.635, 3.773, 3.599, 3.452, 3.299, 3.246, 3.049, 2.709, 3.03, 3.321, 3.346, 3.368, 2.774, 2.789, 2.97, 3.155, 3.992, 4.626, 4.718, 5.247, 5.822, 5.419, 5.346, 4.692, 3.584, 3.013, 2.98, 3.243, 2.565, 2.281, 2.542, 2.639, 1.807, 1.54, 1.651, 1.799, 2.1, 2.265, 2.295, 2.433, 2.441, 2.377, 2.794, 2.677, 2.371, 2.314, 2.365, 3.477, 4.367, 4.428, 3.781, 3.73, 3.643, 3.792, 3.501, 3.046], [7.742, 7.514, 7.496, 7.3, 6.686, 5.908, 5.891, 6.098, 5.687, 3.821, 2.139, 1.478, 1.381, 0.917, 0.0, 0.803, 1.322, 1.945, 1.973, 1.874, 1.949, 2.013, 2.476, 2.753, 2.875, 3.866, 4.236, 3.549, 3.809, 3.925, 4.067, 4.117, 3.969, 3.798, 3.658, 3.586, 3.337, 3.02, 3.29, 3.663, 3.752, 3.746, 3.068, 3.088, 3.32, 3.082, 3.717, 4.704, 5.142, 5.736, 6.274, 5.85, 5.695, 5.078, 3.914, 3.091, 3.177, 3.385, 2.868, 2.433, 2.222, 2.202, 1.927, 1.871, 1.981, 2.179, 2.441, 2.746, 2.775, 2.916, 2.842, 2.645, 2.737, 2.577, 2.15, 1.786, 1.826, 2.935, 3.824, 3.883, 3.317, 3.19, 3.129, 3.287, 3.029, 2.672], [7.987, 7.754, 7.726, 7.554, 6.962, 6.155, 6.113, 6.272, 5.923, 4.049, 2.288, 1.308, 1.504, 1.205, 0.803, 0.0, 0.871, 1.532, 1.552, 1.6, 2.074, 2.187, 2.641, 2.988, 3.1, 4.118, 4.496, 3.789, 4.012, 4.13, 4.257, 4.248, 4.107, 3.959, 3.81, 3.736, 3.457, 3.168, 3.448, 3.838, 3.912, 3.888, 3.186, 3.22, 3.56, 3.173, 3.746, 5.004, 5.398, 5.981, 6.536, 6.13, 5.975, 5.319, 4.116, 3.294, 3.39, 3.547, 3.031, 2.26, 1.873, 1.811, 1.832, 2.016, 2.142, 2.287, 2.454, 2.921, 3.016, 3.124, 3.008, 2.65, 2.441, 2.227, 2.003, 1.528, 1.437, 2.586, 3.543, 3.612, 3.064, 2.876, 2.797, 2.978, 2.894, 2.428], [8.595, 8.336, 8.302, 8.145, 7.512, 6.712, 6.686, 6.858, 6.465, 4.548, 2.421, 1.546, 1.799, 1.585, 1.322, 0.871, 0.0, 1.091, 1.178, 1.561, 2.251, 2.428, 3.07, 3.438, 3.603, 4.685, 5.057, 4.286, 4.336, 4.488, 4.564, 4.477, 4.297, 4.232, 4.072, 3.966, 3.698, 3.342, 3.657, 4.394, 4.54, 4.513, 3.768, 3.791, 4.109, 3.755, 4.345, 5.631, 6.048, 6.594, 7.109, 6.699, 6.557, 5.877, 4.681, 3.83, 3.904, 4.025, 3.195, 2.048, 1.477, 1.505, 1.654, 2.199, 2.255, 2.244, 2.283, 2.824, 3.046, 3.094, 3.004, 2.345, 2.067, 1.822, 1.62, 1.201, 1.346, 2.15, 3.038, 3.139, 2.601, 2.388, 2.293, 2.483, 2.347, 2.052], [8.582, 8.356, 8.311, 8.154, 7.556, 6.788, 6.735, 6.929, 6.44, 4.496, 2.407, 1.759, 2.027, 1.918, 1.945, 1.532, 1.091, 0.0, 1.104, 1.688, 2.316, 2.449, 3.049, 3.513, 3.654, 4.746, 5.077, 4.371, 4.481, 4.615, 4.535, 4.453, 4.203, 4.164, 4.029, 3.976, 3.706, 3.169, 3.567, 4.497, 4.808, 4.761, 4.003, 4.036, 4.171, 4.107, 4.842, 5.848, 6.127, 6.653, 7.146, 6.736, 6.564, 5.895, 4.578, 3.965, 3.915, 3.969, 3.109, 1.87, 1.749, 1.682, 1.615, 2.169, 2.184, 2.092, 2.178, 2.724, 2.844, 2.908, 2.857, 2.305, 1.908, 1.594, 1.305, 1.391, 1.698, 2.158, 2.698, 2.837, 2.238, 2.25, 2.198, 2.424, 2.213, 1.918], [8.353, 8.102, 8.033, 7.908, 7.392, 6.637, 6.641, 6.836, 6.37, 4.41, 2.331, 1.722, 1.99, 2.194, 1.973, 1.552, 1.178, 1.104, 0.0, 1.118, 2.069, 2.278, 2.965, 3.335, 3.44, 4.616, 4.998, 4.213, 4.308, 4.479, 4.393, 4.268, 4.123, 4.067, 3.928, 3.817, 3.54, 3.03, 3.412, 4.401, 4.867, 4.768, 4.057, 4.039, 4.126, 3.694, 4.429, 5.481, 5.853, 6.439, 7.025, 6.621, 6.492, 5.807, 4.467, 3.678, 3.768, 3.762, 2.89, 1.722, 1.445, 1.475, 1.647, 2.012, 2.125, 2.053, 2.126, 2.672, 2.857, 2.872, 2.836, 2.402, 1.835, 1.444, 1.249, 1.244, 1.461, 1.841, 2.37, 2.349, 1.828, 1.98, 2.048, 2.485, 2.315, 1.659], [7.411, 7.151, 7.074, 6.952, 6.395, 5.65, 5.694, 5.943, 5.427, 3.488, 1.912, 1.362, 1.47, 1.757, 1.874, 1.6, 1.561, 1.688, 1.118, 0.0, 1.101, 1.381, 2.007, 2.421, 2.5, 3.619, 4.003, 3.257, 3.419, 3.562, 3.508, 3.428, 3.205, 3.137, 2.973, 2.873, 2.624, 2.157, 2.536, 3.5, 4.135, 4.022, 3.513, 3.343, 3.306, 3.402, 4.363, 4.803, 5.211, 5.851, 6.144, 5.644, 5.571, 4.847, 3.544, 2.802, 2.826, 2.863, 1.985, 1.369, 1.865, 1.963, 1.457, 1.497, 1.716, 1.449, 1.654, 1.981, 2.017, 2.031, 2.006, 2.114, 1.998, 1.734, 1.594, 1.674, 1.876, 2.602, 3.215, 3.1, 2.665, 2.886, 3.006, 3.447, 3.253, 2.618], [6.411, 6.175, 6.156, 5.957, 5.427, 4.796, 4.866, 5.268, 4.676, 2.846, 1.759, 1.479, 1.256, 1.551, 1.949, 2.074, 2.251, 2.316, 2.069, 1.101, 0.0, 0.856, 1.316, 1.801, 1.737, 2.673, 3.149, 2.425, 2.742, 2.821, 2.845, 2.925, 2.724, 2.555, 2.383, 2.324, 2.185, 1.857, 2.023, 2.823, 3.576, 3.409, 3.041, 2.839, 2.806, 3.346, 4.53, 4.424, 4.595, 5.221, 5.394, 4.975, 4.82, 3.984, 2.907, 2.412, 2.352, 2.278, 1.533, 1.898, 2.844, 2.929, 1.854, 1.312, 1.585, 1.362, 1.521, 1.629, 1.74, 1.639, 1.597, 2.11, 2.631, 2.648, 2.429, 2.508, 2.739, 3.55, 4.123, 3.928, 3.535, 3.857, 3.954, 4.429, 4.214, 3.574], [6.358, 6.137, 6.121, 5.925, 5.394, 4.644, 4.903, 5.352, 4.778, 2.985, 1.788, 1.604, 1.256, 1.659, 2.013, 2.187, 2.428, 2.449, 2.278, 1.381, 0.856, 0.0, 1.122, 1.7, 1.801, 2.674, 3.146, 2.466, 2.63, 2.828, 2.808, 2.839, 2.614, 2.478, 2.322, 2.372, 2.283, 1.879, 2.094, 2.95, 3.614, 3.445, 3.073, 2.903, 2.812, 3.447, 4.486, 4.373, 4.75, 5.349, 5.369, 4.964, 4.642, 3.818, 2.897, 2.49, 2.495, 2.271, 1.658, 1.925, 2.931, 3.017, 1.901, 1.27, 1.568, 1.363, 1.488, 1.675, 1.735, 1.556, 1.443, 2.121, 2.712, 2.771, 2.642, 2.595, 2.807, 3.64, 4.231, 3.978, 3.695, 3.956, 4.062, 4.497, 4.312, 3.714], [5.805, 5.663, 5.632, 5.405, 4.768, 3.935, 4.062, 4.475, 3.938, 2.27, 1.622, 2.012, 1.521, 2.051, 2.476, 2.641, 3.07, 3.049, 2.965, 2.007, 1.316, 1.122, 0.0, 0.904, 1.116, 1.924, 2.38, 1.754, 1.998, 2.079, 2.219, 2.247, 1.942, 1.756, 1.654, 1.663, 1.567, 1.347, 1.565, 2.161, 2.79, 2.694, 2.454, 2.26, 2.266, 3.379, 4.274, 4.185, 4.448, 4.869, 4.879, 4.413, 4.088, 3.494, 2.553, 2.271, 2.141, 2.052, 1.521, 2.562, 3.603, 3.702, 2.443, 1.421, 1.528, 1.565, 1.966, 1.821, 1.519, 1.354, 1.403, 2.341, 3.342, 3.39, 3.28, 3.221, 3.469, 4.266, 4.878, 4.63, 4.364, 4.576, 4.742, 5.184, 4.988, 4.42], [5.424, 5.288, 5.264, 5.02, 4.361, 3.597, 3.662, 4.049, 3.533, 1.775, 1.586, 2.348, 1.857, 2.333, 2.753, 2.988, 3.438, 3.513, 3.335, 2.421, 1.801, 1.7, 0.904, 0.0, 0.719, 1.479, 1.897, 1.363, 1.56, 1.649, 1.781, 1.88, 1.766, 1.543, 1.52, 1.416, 1.374, 1.363, 1.747, 1.719, 2.128, 2.156, 1.981, 1.999, 2.13, 3.463, 4.304, 4.39, 4.447, 4.587, 4.629, 4.294, 4.033, 3.536, 2.883, 2.304, 2.209, 2.243, 1.944, 2.969, 3.997, 4.091, 2.83, 1.681, 1.609, 1.828, 2.309, 1.964, 1.414, 1.471, 1.687, 2.692, 3.764, 3.864, 3.731, 3.657, 3.805, 4.732, 5.305, 5.139, 4.809, 5.029, 5.155, 5.575, 5.423, 4.828], [5.18, 5.049, 5.023, 4.773, 4.166, 3.461, 3.605, 4.028, 3.458, 1.837, 1.795, 2.565, 1.99, 2.357, 2.875, 3.1, 3.603, 3.654, 3.44, 2.5, 1.737, 1.801, 1.116, 0.719, 0.0, 1.233, 1.736, 1.299, 1.641, 1.71, 1.735, 1.949, 1.965, 1.772, 1.808, 1.677, 1.598, 1.716, 2.051, 1.967, 2.306, 2.368, 2.354, 2.328, 2.46, 3.609, 4.497, 4.486, 4.495, 4.583, 4.663, 4.413, 4.182, 3.615, 2.986, 2.607, 2.547, 2.408, 2.105, 3.146, 4.214, 4.281, 3.091, 1.814, 1.907, 2.043, 2.429, 2.061, 1.606, 1.665, 1.807, 2.944, 3.998, 4.053, 3.86, 3.881, 4.078, 4.938, 5.555, 5.351, 4.98, 5.25, 5.366, 5.764, 5.553, 4.897], [4.179, 4.101, 4.051, 3.785, 3.135, 2.488, 2.89, 3.355, 2.726, 1.504, 2.731, 3.556, 2.97, 3.419, 3.866, 4.118, 4.685, 4.746, 4.616, 3.619, 2.673, 2.674, 1.924, 1.479, 1.233, 0.0, 0.848, 1.057, 1.367, 1.374, 1.378, 1.802, 1.873, 1.767, 1.871, 1.734, 1.926, 2.233, 2.318, 1.909, 2.086, 2.265, 2.434, 2.44, 2.595, 3.739, 4.744, 4.427, 4.527, 4.536, 4.264, 4.198, 3.842, 3.207, 2.923, 2.776, 2.707, 2.387, 2.81, 4.261, 5.361, 5.409, 4.156, 2.93, 2.908, 3.072, 3.451, 3.063, 2.51, 2.535, 2.685, 3.982, 5.069, 5.115, 4.982, 4.972, 5.159, 6.051, 6.63, 6.394, 6.049, 6.349, 6.492, 6.912, 6.702, 6.069], [3.824, 3.724, 3.665, 3.407, 2.72, 2.055, 2.413, 2.866, 2.269, 1.288, 3.088, 3.875, 3.339, 3.789, 4.236, 4.496, 5.057, 5.077, 4.998, 4.003, 3.149, 3.146, 2.38, 1.897, 1.736, 0.848, 0.0, 1.069, 1.317, 1.256, 1.365, 1.703, 1.745, 1.695, 1.824, 1.698, 1.894, 2.442, 2.176, 1.523, 1.871, 1.989, 2.287, 2.158, 2.308, 3.656, 4.412, 4.099, 4.258, 4.168, 3.942, 3.821, 3.514, 2.921, 2.514, 2.512, 2.381, 2.21, 3.232, 4.67, 5.74, 5.795, 4.526, 3.297, 3.27, 3.451, 3.822, 3.425, 2.841, 2.839, 3.014, 4.311, 5.42, 5.448, 5.314, 5.329, 5.539, 6.424, 6.975, 6.739, 6.383, 6.705, 6.874, 7.291, 7.078, 6.46], [4.475, 4.288, 4.27, 4.036, 3.358, 2.672, 2.914, 3.344, 2.714, 1.285, 2.345, 3.206, 2.832, 3.198, 3.549, 3.789, 4.286, 4.371, 4.213, 3.257, 2.425, 2.466, 1.754, 1.363, 1.299, 1.057, 1.069, 0.0, 0.957, 0.91, 1.159, 1.272, 1.237, 1.177, 1.23, 1.168, 1.255, 1.717, 1.523, 1.475, 2.174, 2.107, 2.091, 1.966, 2.268, 3.562, 4.371, 4.129, 4.289, 4.337, 4.19, 3.96, 3.637, 3.051, 2.459, 2.256, 2.128, 1.745, 2.412, 3.901, 4.981, 5.026, 3.786, 2.553, 2.594, 2.754, 3.081, 2.697, 2.23, 2.222, 2.336, 3.634, 4.702, 4.743, 4.626, 4.619, 4.783, 5.707, 6.249, 6.017, 5.674, 6.002, 6.112, 6.536, 6.311, 5.725], [4.431, 4.228, 4.202, 4.02, 3.416, 2.706, 2.866, 3.335, 2.826, 1.361, 2.376, 3.276, 3.081, 3.517, 3.809, 4.012, 4.336, 4.481, 4.308, 3.419, 2.742, 2.63, 1.998, 1.56, 1.641, 1.367, 1.317, 0.957, 0.0, 0.672, 0.789, 1.073, 1.139, 1.035, 1.092, 0.937, 1.376, 1.836, 1.616, 1.822, 2.48, 2.489, 2.308, 2.435, 2.776, 4.208, 4.963, 4.745, 4.91, 4.827, 4.673, 4.605, 4.131, 3.554, 3.028, 2.849, 2.679, 2.239, 2.562, 3.937, 4.945, 5.027, 3.814, 2.627, 2.668, 2.806, 3.12, 2.797, 2.348, 2.319, 2.369, 3.615, 4.703, 4.768, 4.687, 4.625, 4.741, 5.692, 6.232, 6.007, 5.735, 5.983, 6.11, 6.504, 6.354, 5.795], [4.237, 4.027, 4.007, 3.787, 3.139, 2.389, 2.601, 3.035, 2.521, 1.296, 2.563, 3.369, 3.149, 3.577, 3.925, 4.13, 4.488, 4.615, 4.479, 3.562, 2.821, 2.828, 2.079, 1.649, 1.71, 1.374, 1.256, 0.91, 0.672, 0.0, 0.687, 0.97, 1.031, 1.067, 1.195, 1.054, 1.446, 1.928, 1.741, 1.739, 2.406, 2.341, 2.308, 2.393, 2.741, 4.181, 4.954, 4.712, 4.91, 4.755, 4.57, 4.516, 4.12, 3.507, 2.998, 2.796, 2.66, 2.261, 2.705, 4.141, 5.183, 5.232, 3.963, 2.785, 2.79, 2.93, 3.285, 2.912, 2.415, 2.422, 2.524, 3.789, 4.875, 4.945, 4.864, 4.807, 4.991, 5.879, 6.433, 6.159, 5.898, 6.179, 6.314, 6.732, 6.554, 5.945], [4.147, 3.911, 3.878, 3.694, 3.164, 2.472, 2.716, 3.187, 2.652, 1.466, 2.635, 3.512, 3.271, 3.635, 4.067, 4.257, 4.564, 4.535, 4.393, 3.508, 2.845, 2.808, 2.219, 1.781, 1.735, 1.378, 1.365, 1.159, 0.789, 0.687, 0.0, 0.754, 1.108, 1.296, 1.406, 1.3, 1.601, 1.986, 1.922, 2.137, 2.566, 2.543, 2.633, 2.694, 3.005, 4.319, 5.222, 4.994, 5.14, 5.015, 4.939, 4.845, 4.443, 3.79, 3.151, 3.032, 2.956, 2.386, 2.776, 4.084, 5.154, 5.244, 4.028, 2.708, 2.854, 2.98, 3.295, 2.881, 2.442, 2.457, 2.581, 3.877, 4.914, 4.952, 4.777, 4.883, 5.036, 5.888, 6.476, 6.255, 5.907, 6.182, 6.274, 6.727, 6.517, 5.856], [4.39, 4.131, 4.056, 3.921, 3.427, 2.728, 2.964, 3.393, 2.906, 1.786, 2.503, 3.528, 3.37, 3.773, 4.117, 4.248, 4.477, 4.453, 4.268, 3.428, 2.925, 2.839, 2.247, 1.88, 1.949, 1.802, 1.703, 1.272, 1.073, 0.97, 0.754, 0.0, 0.809, 1.094, 1.278, 1.268, 1.352, 1.823, 1.658, 2.19, 2.873, 2.688, 2.74, 2.674, 3.088, 4.45, 5.199, 5.073, 5.204, 5.231, 5.134, 4.959, 4.516, 3.921, 3.083, 2.908, 2.837, 2.124, 2.636, 3.846, 4.888, 4.986, 3.793, 2.671, 2.794, 2.861, 3.27, 2.852, 2.475, 2.426, 2.519, 3.751, 4.809, 4.767, 4.609, 4.651, 4.76, 5.643, 6.244, 5.993, 5.707, 5.94, 6.05, 6.483, 6.393, 5.719], [4.744, 4.491, 4.429, 4.275, 3.599, 2.874, 3.034, 3.489, 2.962, 1.817, 2.34, 3.327, 3.137, 3.599, 3.969, 4.107, 4.297, 4.203, 4.123, 3.205, 2.724, 2.614, 1.942, 1.766, 1.965, 1.873, 1.745, 1.237, 1.139, 1.031, 1.108, 0.809, 0.0, 0.722, 0.836, 1.016, 1.27, 1.615, 1.493, 2.084, 2.889, 2.778, 2.609, 2.515, 3.005, 4.387, 5.128, 4.905, 5.093, 5.238, 5.105, 4.795, 4.471, 3.804, 3.021, 2.788, 2.681, 2.17, 2.334, 3.623, 4.61, 4.675, 3.437, 2.497, 2.496, 2.507, 2.986, 2.64, 2.304, 2.159, 2.208, 3.393, 4.451, 4.491, 4.326, 4.276, 4.501, 5.304, 5.914, 5.646, 5.389, 5.633, 5.778, 6.212, 6.123, 5.545], [4.831, 4.579, 4.522, 4.364, 3.694, 2.97, 3.133, 3.612, 3.105, 1.705, 2.278, 3.13, 2.971, 3.452, 3.798, 3.959, 4.232, 4.164, 4.067, 3.137, 2.555, 2.478, 1.756, 1.543, 1.772, 1.767, 1.695, 1.177, 1.035, 1.067, 1.296, 1.094, 0.722, 0.0, 0.502, 0.612, 1.081, 1.449, 1.343, 1.711, 2.632, 2.623, 2.345, 2.342, 2.823, 4.226, 5.006, 4.727, 4.931, 4.951, 4.74, 4.559, 4.128, 3.466, 2.828, 2.627, 2.502, 1.976, 2.261, 3.56, 4.568, 4.634, 3.358, 2.432, 2.384, 2.422, 2.928, 2.606, 2.225, 2.088, 2.11, 3.276, 4.325, 4.428, 4.31, 4.23, 4.448, 5.292, 5.808, 5.546, 5.328, 5.571, 5.79, 6.22, 6.105, 5.543], [4.958, 4.704, 4.657, 4.49, 3.811, 3.078, 3.255, 3.726, 3.203, 1.768, 2.233, 2.968, 2.834, 3.299, 3.658, 3.81, 4.072, 4.029, 3.928, 2.973, 2.383, 2.322, 1.654, 1.52, 1.808, 1.871, 1.824, 1.23, 1.092, 1.195, 1.406, 1.278, 0.836, 0.502, 0.0, 0.504, 1.076, 1.343, 1.114, 1.699, 2.701, 2.659, 2.246, 2.163, 2.729, 4.078, 4.88, 4.563, 4.763, 4.876, 4.691, 4.474, 3.991, 3.361, 2.676, 2.455, 2.3, 1.855, 2.053, 3.481, 4.489, 4.552, 3.23, 2.306, 2.235, 2.279, 2.826, 2.591, 2.232, 2.13, 2.109, 3.174, 4.202, 4.345, 4.211, 4.14, 4.322, 5.188, 5.709, 5.452, 5.215, 5.475, 5.666, 6.111, 6.007, 5.409], [5.019, 4.767, 4.724, 4.552, 3.871, 3.113, 3.216, 3.63, 3.137, 1.618, 2.107, 2.841, 2.768, 3.246, 3.586, 3.736, 3.966, 3.976, 3.817, 2.873, 2.324, 2.372, 1.663, 1.416, 1.677, 1.734, 1.698, 1.168, 0.937, 1.054, 1.3, 1.268, 1.016, 0.612, 0.504, 0.0, 0.836, 1.267, 1.135, 1.52, 2.485, 2.447, 2.083, 2.111, 2.59, 4.066, 4.856, 4.632, 4.831, 4.725, 4.544, 4.414, 3.982, 3.366, 2.731, 2.499, 2.311, 1.953, 2.064, 3.433, 4.432, 4.497, 3.155, 2.25, 2.135, 2.229, 2.755, 2.504, 2.104, 2.048, 2.023, 3.061, 4.114, 4.254, 4.169, 4.103, 4.281, 5.138, 5.683, 5.438, 5.19, 5.402, 5.631, 6.055, 5.934, 5.364], [5.358, 5.109, 5.034, 4.902, 4.222, 3.442, 3.458, 3.811, 3.24, 1.572, 1.945, 2.562, 2.594, 3.049, 3.337, 3.457, 3.698, 3.706, 3.54, 2.624, 2.185, 2.283, 1.567, 1.374, 1.598, 1.926, 1.894, 1.255, 1.376, 1.446, 1.601, 1.352, 1.27, 1.081, 1.076, 0.836, 0.0, 0.904, 0.904, 1.412, 2.319, 2.247, 2.014, 1.795, 2.199, 3.642, 4.463, 4.438, 4.516, 4.517, 4.519, 4.141, 3.907, 3.254, 2.485, 2.009, 1.891, 1.667, 1.789, 3.093, 4.087, 4.149, 2.918, 2.029, 1.978, 2.168, 2.663, 2.522, 2.034, 1.998, 1.992, 2.858, 3.783, 3.945, 3.832, 3.761, 3.978, 4.816, 5.316, 5.064, 4.82, 5.065, 5.291, 5.723, 5.681, 5.089], [5.904, 5.658, 5.6, 5.46, 4.845, 4.095, 4.095, 4.435, 3.779, 1.974, 1.66, 2.27, 2.271, 2.709, 3.02, 3.168, 3.342, 3.169, 3.03, 2.157, 1.857, 1.879, 1.347, 1.363, 1.716, 2.233, 2.442, 1.717, 1.836, 1.928, 1.986, 1.823, 1.615, 1.449, 1.343, 1.267, 0.904, 0.0, 0.861, 1.952, 2.71, 2.598, 2.257, 2.062, 2.301, 3.525, 4.553, 4.547, 4.656, 4.946, 5.016, 4.48, 4.279, 3.491, 2.561, 2.001, 1.964, 1.726, 1.287, 2.441, 3.538, 3.618, 2.473, 1.73, 1.756, 1.847, 2.318, 2.25, 1.708, 1.704, 1.687, 2.396, 3.26, 3.307, 3.166, 3.246, 3.515, 4.26, 4.682, 4.382, 4.161, 4.521, 4.713, 5.212, 5.134, 4.573], [5.426, 5.176, 5.114, 4.983, 4.379, 3.698, 3.746, 4.173, 3.542, 1.834, 2.037, 2.554, 2.579, 3.03, 3.29, 3.448, 3.657, 3.567, 3.412, 2.536, 2.023, 2.094, 1.565, 1.747, 2.051, 2.318, 2.176, 1.523, 1.616, 1.741, 1.922, 1.658, 1.493, 1.343, 1.114, 1.135, 0.904, 0.861, 0.0, 1.694, 2.8, 2.586, 2.185, 1.902, 2.231, 3.414, 4.332, 4.08, 4.246, 4.678, 4.602, 4.129, 3.765, 3.053, 2.04, 1.725, 1.615, 1.399, 1.519, 2.939, 4.001, 4.112, 2.892, 2.022, 2.123, 2.282, 2.697, 2.674, 2.231, 2.135, 2.13, 2.799, 3.691, 3.781, 3.65, 3.657, 3.862, 4.704, 5.157, 4.826, 4.622, 4.966, 5.164, 5.626, 5.487, 4.953], [4.604, 4.41, 4.367, 4.189, 3.528, 2.757, 2.725, 3.076, 2.561, 1.523, 2.611, 3.104, 2.882, 3.321, 3.663, 3.838, 4.394, 4.497, 4.401, 3.5, 2.823, 2.95, 2.161, 1.719, 1.967, 1.909, 1.523, 1.475, 1.822, 1.739, 2.137, 2.19, 2.084, 1.711, 1.699, 1.52, 1.412, 1.952, 1.694, 0.0, 1.541, 1.546, 1.463, 1.266, 1.676, 3.116, 3.826, 3.715, 3.763, 3.763, 3.787, 3.491, 3.197, 2.687, 2.034, 1.652, 1.445, 1.825, 2.854, 4.043, 4.971, 4.987, 3.678, 2.676, 2.626, 2.801, 3.316, 3.096, 2.571, 2.681, 2.701, 3.432, 4.538, 4.79, 4.732, 4.622, 4.723, 5.625, 6.248, 5.982, 5.761, 5.938, 6.151, 6.532, 6.454, 5.833], [4.939, 4.863, 4.842, 4.682, 3.978, 3.364, 3.487, 3.673, 3.258, 2.094, 2.966, 3.193, 2.956, 3.346, 3.752, 3.912, 4.54, 4.808, 4.867, 4.135, 3.576, 3.614, 2.79, 2.128, 2.306, 2.086, 1.871, 2.174, 2.48, 2.406, 2.566, 2.873, 2.889, 2.632, 2.701, 2.485, 2.319, 2.71, 2.8, 1.541, 0.0, 0.917, 1.318, 1.278, 1.772, 3.145, 3.979, 4.282, 4.224, 4.158, 4.322, 4.044, 3.852, 3.257, 2.864, 2.57, 2.528, 2.854, 3.731, 4.534, 5.078, 4.945, 3.951, 3.277, 3.016, 3.271, 3.891, 3.54, 2.974, 3.195, 3.289, 3.643, 4.74, 5.051, 4.889, 4.868, 4.886, 5.999, 6.71, 6.616, 6.201, 6.227, 6.336, 6.642, 6.609, 6.037], [5.087, 4.944, 4.887, 4.722, 4.153, 3.413, 3.46, 3.685, 3.23, 2.11, 2.886, 3.117, 2.95, 3.368, 3.746, 3.888, 4.513, 4.761, 4.768, 4.022, 3.409, 3.445, 2.694, 2.156, 2.368, 2.265, 1.989, 2.107, 2.489, 2.341, 2.543, 2.688, 2.778, 2.623, 2.659, 2.447, 2.247, 2.598, 2.586, 1.546, 0.917, 0.0, 1.19, 1.262, 1.69, 3.202, 4.116, 4.187, 4.254, 4.279, 4.312, 4.0, 3.782, 3.17, 2.693, 2.336, 2.332, 2.686, 3.564, 4.477, 5.05, 4.897, 3.906, 3.108, 2.971, 3.208, 3.719, 3.423, 2.902, 3.048, 3.117, 3.569, 4.577, 4.868, 4.767, 4.813, 4.845, 5.95, 6.587, 6.406, 6.075, 6.165, 6.294, 6.6, 6.576, 5.994], [5.731, 5.542, 5.486, 5.332, 4.699, 3.92, 3.868, 4.076, 3.661, 2.062, 2.25, 2.447, 2.459, 2.774, 3.068, 3.186, 3.768, 4.003, 4.057, 3.513, 3.041, 3.073, 2.454, 1.981, 2.354, 2.434, 2.287, 2.091, 2.308, 2.308, 2.633, 2.74, 2.609, 2.345, 2.246, 2.083, 2.014, 2.257, 2.185, 1.463, 1.318, 1.19, 0.0, 1.21, 1.874, 3.247, 4.087, 4.299, 4.303, 4.345, 4.493, 4.219, 4.045, 3.453, 2.864, 2.333, 2.181, 2.531, 3.171, 3.802, 4.315, 4.179, 3.19, 2.526, 2.302, 2.753, 3.283, 3.023, 2.561, 2.827, 2.839, 2.888, 3.988, 4.277, 4.157, 4.057, 4.086, 5.175, 5.926, 5.826, 5.433, 5.483, 5.575, 5.863, 5.837, 5.286], [5.274, 5.082, 5.07, 4.949, 4.357, 3.605, 3.617, 3.787, 3.332, 1.972, 2.51, 2.496, 2.43, 2.789, 3.088, 3.22, 3.791, 4.036, 4.039, 3.343, 2.839, 2.903, 2.26, 1.999, 2.328, 2.44, 2.158, 1.966, 2.435, 2.393, 2.694, 2.674, 2.515, 2.342, 2.163, 2.111, 1.795, 2.062, 1.902, 1.266, 1.278, 1.262, 1.21, 0.0, 1.315, 2.665, 3.515, 3.717, 3.76, 4.073, 4.301, 3.834, 3.585, 2.856, 2.002, 1.656, 1.543, 1.851, 2.812, 3.654, 4.312, 4.358, 3.182, 2.49, 2.407, 2.597, 3.185, 3.07, 2.775, 2.831, 2.745, 2.958, 3.958, 4.153, 4.049, 4.026, 4.1, 5.205, 5.831, 5.788, 5.332, 5.397, 5.536, 5.891, 5.84, 5.272], [4.991, 4.874, 4.842, 4.892, 4.327, 3.737, 3.784, 4.083, 3.527, 2.378, 2.538, 2.851, 2.532, 2.97, 3.32, 3.56, 4.109, 4.171, 4.126, 3.306, 2.806, 2.812, 2.266, 2.13, 2.46, 2.595, 2.308, 2.268, 2.776, 2.741, 3.005, 3.088, 3.005, 2.823, 2.729, 2.59, 2.199, 2.301, 2.231, 1.676, 1.772, 1.69, 1.874, 1.315, 0.0, 1.887, 2.786, 3.02, 3.108, 3.462, 3.476, 2.947, 2.822, 2.168, 1.543, 1.588, 1.567, 2.105, 2.933, 3.751, 4.672, 4.773, 3.527, 2.484, 2.56, 2.933, 3.341, 3.165, 2.734, 2.826, 2.819, 3.303, 4.272, 4.356, 4.265, 4.266, 4.472, 5.366, 5.848, 5.774, 5.399, 5.64, 5.823, 6.231, 6.09, 5.536], [5.403, 5.352, 5.434, 5.537, 5.145, 4.752, 5.019, 5.125, 4.672, 3.616, 3.459, 3.38, 3.134, 3.155, 3.082, 3.173, 3.755, 4.107, 3.694, 3.402, 3.346, 3.447, 3.379, 3.463, 3.609, 3.739, 3.656, 3.562, 4.208, 4.181, 4.319, 4.45, 4.387, 4.226, 4.078, 4.066, 3.642, 3.525, 3.414, 3.116, 3.145, 3.202, 3.247, 2.665, 1.887, 0.0, 1.391, 2.094, 2.392, 3.137, 3.607, 3.239, 3.111, 2.313, 1.859, 1.888, 2.123, 2.951, 3.694, 4.174, 4.49, 4.404, 3.902, 3.234, 3.283, 3.873, 4.257, 4.409, 4.035, 4.146, 4.189, 4.425, 4.715, 4.52, 4.297, 3.969, 4.092, 5.037, 5.783, 5.757, 5.231, 5.391, 5.429, 5.842, 5.647, 5.041], [6.024, 6.141, 6.245, 6.301, 6.02, 5.46, 5.703, 5.752, 5.379, 4.689, 4.451, 4.306, 3.979, 3.992, 3.717, 3.746, 4.345, 4.842, 4.429, 4.363, 4.53, 4.486, 4.274, 4.304, 4.497, 4.744, 4.412, 4.371, 4.963, 4.954, 5.222, 5.199, 5.128, 5.006, 4.88, 4.856, 4.463, 4.553, 4.332, 3.826, 3.979, 4.116, 4.087, 3.515, 2.786, 1.391, 0.0, 1.737, 2.163, 2.76, 3.355, 2.94, 2.767, 2.355, 2.623, 2.754, 2.954, 3.835, 4.94, 5.15, 5.163, 4.985, 4.758, 4.202, 4.288, 4.804, 5.137, 5.337, 5.047, 5.125, 5.127, 5.371, 5.604, 5.437, 5.135, 4.531, 4.457, 5.371, 6.116, 6.194, 5.834, 5.834, 5.864, 6.125, 5.95, 5.337], [5.451, 5.565, 5.646, 5.709, 5.41, 4.939, 5.307, 5.56, 5.036, 4.461, 4.963, 4.902, 4.378, 4.626, 4.704, 5.004, 5.631, 5.848, 5.481, 4.803, 4.424, 4.373, 4.185, 4.39, 4.486, 4.427, 4.099, 4.129, 4.745, 4.712, 4.994, 5.073, 4.905, 4.727, 4.563, 4.632, 4.438, 4.547, 4.08, 3.715, 4.282, 4.187, 4.299, 3.717, 3.02, 2.094, 1.737, 0.0, 0.937, 1.648, 1.776, 1.487, 1.368, 1.793, 2.311, 2.643, 2.838, 3.552, 4.791, 5.549, 6.184, 6.296, 5.414, 4.488, 4.788, 5.111, 5.257, 5.42, 5.234, 5.118, 5.126, 5.709, 6.066, 6.051, 5.792, 5.804, 5.979, 6.868, 7.447, 7.186, 6.87, 7.182, 7.3, 7.743, 7.501, 6.89], [5.146, 5.275, 5.353, 5.426, 5.378, 5.013, 5.299, 5.427, 5.038, 4.48, 4.98, 5.175, 4.622, 4.718, 5.142, 5.398, 6.048, 6.127, 5.853, 5.211, 4.595, 4.75, 4.448, 4.447, 4.495, 4.527, 4.258, 4.289, 4.91, 4.91, 5.14, 5.204, 5.093, 4.931, 4.763, 4.831, 4.516, 4.656, 4.246, 3.763, 4.224, 4.254, 4.303, 3.76, 3.108, 2.392, 2.163, 0.937, 0.0, 1.094, 1.526, 1.359, 1.467, 1.907, 2.703, 3.031, 3.049, 3.996, 5.069, 5.884, 6.684, 6.758, 5.728, 4.633, 4.841, 5.28, 5.634, 5.61, 5.278, 5.321, 5.381, 5.952, 6.549, 6.573, 6.294, 6.344, 6.48, 7.408, 8.027, 7.868, 7.448, 7.734, 7.816, 8.229, 8.003, 7.278], [5.013, 5.215, 5.205, 5.209, 5.186, 4.816, 5.035, 5.13, 4.76, 4.421, 5.177, 5.701, 5.044, 5.247, 5.736, 5.981, 6.594, 6.653, 6.439, 5.851, 5.221, 5.349, 4.869, 4.587, 4.583, 4.536, 4.168, 4.337, 4.827, 4.755, 5.015, 5.231, 5.238, 4.951, 4.876, 4.725, 4.517, 4.946, 4.678, 3.763, 4.158, 4.279, 4.345, 4.073, 3.462, 3.137, 2.76, 1.648, 1.094, 0.0, 1.014, 1.388, 1.714, 2.204, 3.251, 3.664, 3.654, 4.518, 5.617, 6.437, 7.31, 7.359, 6.192, 4.959, 5.023, 5.608, 5.964, 5.842, 5.463, 5.607, 5.673, 6.281, 7.177, 7.18, 6.905, 6.918, 7.065, 7.999, 8.601, 8.482, 8.025, 8.315, 8.409, 8.843, 8.595, 7.884], [5.035, 5.21, 5.223, 5.271, 5.062, 4.722, 5.021, 5.214, 4.794, 4.493, 5.526, 5.964, 5.454, 5.822, 6.274, 6.536, 7.109, 7.146, 7.025, 6.144, 5.394, 5.369, 4.879, 4.629, 4.663, 4.264, 3.942, 4.19, 4.673, 4.57, 4.939, 5.134, 5.105, 4.74, 4.691, 4.544, 4.519, 5.016, 4.602, 3.787, 4.322, 4.312, 4.493, 4.301, 3.476, 3.607, 3.355, 1.776, 1.526, 1.014, 0.0, 0.926, 1.5, 2.03, 3.218, 3.721, 3.706, 4.46, 5.681, 6.806, 7.806, 7.85, 6.57, 5.371, 5.441, 5.931, 6.138, 5.979, 5.462, 5.546, 5.621, 6.51, 7.508, 7.509, 7.405, 7.372, 7.585, 8.471, 9.01, 8.758, 8.412, 8.755, 8.917, 9.354, 9.13, 8.518], [5.356, 5.493, 5.556, 5.601, 5.278, 4.89, 5.156, 5.351, 4.854, 4.34, 5.257, 5.541, 5.096, 5.419, 5.85, 6.13, 6.699, 6.736, 6.621, 5.644, 4.975, 4.964, 4.413, 4.294, 4.413, 4.198, 3.821, 3.96, 4.605, 4.516, 4.845, 4.959, 4.795, 4.559, 4.474, 4.414, 4.141, 4.48, 4.129, 3.491, 4.044, 4.0, 4.219, 3.834, 2.947, 3.239, 2.94, 1.487, 1.359, 1.388, 0.926, 0.0, 1.08, 1.658, 2.745, 3.248, 3.184, 4.128, 5.255, 6.41, 7.394, 7.436, 6.235, 4.984, 5.171, 5.595, 5.852, 5.644, 5.15, 5.141, 5.233, 6.071, 6.949, 7.0, 6.853, 6.975, 7.192, 8.074, 8.536, 8.258, 7.984, 8.358, 8.524, 8.948, 8.724, 8.103], [4.894, 5.042, 5.092, 5.143, 4.857, 4.352, 4.854, 5.103, 4.592, 4.113, 5.082, 5.421, 4.912, 5.346, 5.695, 5.975, 6.557, 6.564, 6.492, 5.571, 4.82, 4.642, 4.088, 4.033, 4.182, 3.842, 3.514, 3.637, 4.131, 4.12, 4.443, 4.516, 4.471, 4.128, 3.991, 3.982, 3.907, 4.279, 3.765, 3.197, 3.852, 3.782, 4.045, 3.585, 2.822, 3.111, 2.767, 1.368, 1.467, 1.714, 1.5, 1.08, 0.0, 1.293, 2.382, 3.055, 3.052, 3.614, 4.98, 6.256, 7.199, 7.251, 5.969, 4.852, 4.865, 5.372, 5.671, 5.456, 5.02, 5.033, 5.053, 5.865, 6.731, 6.835, 6.716, 6.792, 6.985, 7.888, 8.323, 8.067, 7.836, 8.164, 8.352, 8.758, 8.558, 7.955], [4.202, 4.295, 4.373, 4.47, 4.176, 3.787, 4.207, 4.446, 3.92, 3.307, 4.408, 4.645, 4.289, 4.692, 5.078, 5.319, 5.877, 5.895, 5.807, 4.847, 3.984, 3.818, 3.494, 3.536, 3.615, 3.207, 2.921, 3.051, 3.554, 3.507, 3.79, 3.921, 3.804, 3.466, 3.361, 3.366, 3.254, 3.491, 3.053, 2.687, 3.257, 3.17, 3.453, 2.856, 2.168, 2.313, 2.355, 1.793, 1.907, 2.204, 2.03, 1.658, 1.293, 0.0, 1.664, 2.305, 2.338, 2.844, 4.159, 5.443, 6.489, 6.572, 5.373, 4.176, 4.346, 4.69, 4.94, 4.808, 4.461, 4.379, 4.356, 5.255, 6.118, 6.136, 5.984, 6.07, 6.29, 7.167, 7.643, 7.389, 7.135, 7.453, 7.63, 8.055, 7.832, 7.302], [4.358, 4.085, 4.18, 4.327, 3.926, 3.403, 3.707, 3.934, 3.342, 2.707, 3.339, 3.492, 3.245, 3.584, 3.914, 4.116, 4.681, 4.578, 4.467, 3.544, 2.907, 2.897, 2.553, 2.883, 2.986, 2.923, 2.514, 2.459, 3.028, 2.998, 3.151, 3.083, 3.021, 2.828, 2.676, 2.731, 2.485, 2.561, 2.04, 2.034, 2.864, 2.693, 2.864, 2.002, 1.543, 1.859, 2.623, 2.311, 2.703, 3.251, 3.218, 2.745, 2.382, 1.664, 0.0, 1.206, 1.294, 1.607, 2.849, 4.084, 5.19, 5.319, 4.128, 3.043, 3.359, 3.556, 3.809, 3.865, 3.616, 3.459, 3.401, 4.183, 4.909, 4.872, 4.677, 4.791, 4.998, 5.857, 6.365, 6.104, 5.822, 6.157, 6.324, 6.788, 6.544, 5.959], [5.026, 4.766, 4.746, 4.64, 4.206, 3.493, 3.643, 3.866, 3.332, 2.368, 2.724, 2.791, 2.704, 3.013, 3.091, 3.294, 3.83, 3.965, 3.678, 2.802, 2.412, 2.49, 2.271, 2.304, 2.607, 2.776, 2.512, 2.256, 2.849, 2.796, 3.032, 2.908, 2.788, 2.627, 2.455, 2.499, 2.009, 2.001, 1.725, 1.652, 2.57, 2.336, 2.333, 1.656, 1.588, 1.888, 2.754, 2.643, 3.031, 3.664, 3.721, 3.248, 3.055, 2.305, 1.206, 0.0, 0.738, 1.48, 2.492, 3.408, 4.307, 4.41, 3.322, 2.502, 2.706, 2.944, 3.301, 3.369, 2.991, 2.972, 3.007, 3.54, 4.039, 4.072, 3.95, 3.911, 4.108, 4.993, 5.518, 5.214, 4.958, 5.281, 5.457, 5.897, 5.747, 5.158], [4.97, 4.73, 4.703, 4.594, 4.072, 3.38, 3.44, 3.648, 3.147, 2.146, 2.633, 2.733, 2.632, 2.98, 3.177, 3.39, 3.904, 3.915, 3.768, 2.826, 2.352, 2.495, 2.141, 2.209, 2.547, 2.707, 2.381, 2.128, 2.679, 2.66, 2.956, 2.837, 2.681, 2.502, 2.3, 2.311, 1.891, 1.964, 1.615, 1.445, 2.528, 2.332, 2.181, 1.543, 1.567, 2.123, 2.954, 2.838, 3.049, 3.654, 3.706, 3.184, 3.052, 2.338, 1.294, 0.738, 0.0, 1.374, 2.416, 3.41, 4.396, 4.51, 3.306, 2.435, 2.531, 2.8, 3.248, 3.264, 2.879, 2.843, 2.888, 3.346, 4.055, 4.145, 4.031, 3.981, 4.17, 5.073, 5.616, 5.402, 5.061, 5.37, 5.549, 5.973, 5.789, 5.27], [5.063, 4.799, 4.706, 4.629, 4.184, 3.397, 3.698, 4.11, 3.472, 2.003, 2.471, 2.926, 2.809, 3.243, 3.385, 3.547, 4.025, 3.969, 3.762, 2.863, 2.278, 2.271, 2.052, 2.243, 2.408, 2.387, 2.21, 1.745, 2.239, 2.261, 2.386, 2.124, 2.17, 1.976, 1.855, 1.953, 1.667, 1.726, 1.399, 1.825, 2.854, 2.686, 2.531, 1.851, 2.105, 2.951, 3.835, 3.552, 3.996, 4.518, 4.46, 4.128, 3.614, 2.844, 1.607, 1.48, 1.374, 0.0, 1.877, 3.04, 4.257, 4.498, 3.345, 2.505, 2.725, 2.75, 3.049, 3.105, 2.917, 2.681, 2.633, 3.493, 4.208, 4.125, 3.927, 3.962, 4.122, 4.921, 5.469, 5.213, 4.948, 5.214, 5.378, 5.898, 5.874, 5.279], [6.418, 6.155, 6.061, 5.99, 5.418, 4.801, 4.882, 5.286, 4.673, 2.617, 1.747, 2.246, 2.157, 2.565, 2.868, 3.031, 3.195, 3.109, 2.89, 1.985, 1.533, 1.658, 1.521, 1.944, 2.105, 2.81, 3.232, 2.412, 2.562, 2.705, 2.776, 2.636, 2.334, 2.261, 2.053, 2.064, 1.789, 1.287, 1.519, 2.854, 3.731, 3.564, 3.171, 2.812, 2.933, 3.694, 4.94, 4.791, 5.069, 5.617, 5.681, 5.255, 4.98, 4.159, 2.849, 2.492, 2.416, 1.877, 0.0, 1.724, 3.006, 3.332, 2.343, 1.748, 1.838, 1.847, 2.208, 2.24, 1.999, 1.844, 1.851, 2.526, 3.182, 3.117, 2.946, 3.009, 3.219, 3.901, 4.275, 4.067, 3.778, 4.171, 4.339, 4.947, 4.942, 4.423], [8.036, 7.772, 7.679, 7.602, 7.031, 6.268, 6.249, 6.46, 6.016, 3.927, 1.991, 1.721, 1.861, 2.281, 2.433, 2.26, 2.048, 1.87, 1.722, 1.369, 1.898, 1.925, 2.562, 2.969, 3.146, 4.261, 4.67, 3.901, 3.937, 4.141, 4.084, 3.846, 3.623, 3.56, 3.481, 3.433, 3.093, 2.441, 2.939, 4.043, 4.534, 4.477, 3.802, 3.654, 3.751, 4.174, 5.15, 5.549, 5.884, 6.437, 6.806, 6.41, 6.256, 5.443, 4.084, 3.408, 3.41, 3.04, 1.724, 0.0, 1.428, 1.774, 1.414, 1.888, 2.028, 1.574, 1.681, 2.111, 2.193, 2.234, 2.164, 1.828, 1.825, 1.69, 1.593, 1.705, 2.064, 2.417, 2.933, 2.849, 2.488, 2.673, 2.766, 3.404, 3.451, 2.965], [9.168, 8.905, 8.814, 8.734, 8.133, 7.361, 7.296, 7.472, 7.122, 5.079, 2.785, 2.147, 2.52, 2.542, 2.222, 1.873, 1.477, 1.749, 1.445, 1.865, 2.844, 2.931, 3.603, 3.997, 4.214, 5.361, 5.74, 4.981, 4.945, 5.183, 5.154, 4.888, 4.61, 4.568, 4.489, 4.432, 4.087, 3.538, 4.001, 4.971, 5.078, 5.05, 4.315, 4.312, 4.672, 4.49, 5.163, 6.184, 6.684, 7.31, 7.806, 7.394, 7.199, 6.489, 5.19, 4.307, 4.396, 4.257, 3.006, 1.428, 0.0, 1.061, 1.592, 2.633, 2.737, 2.439, 2.394, 2.882, 3.2, 3.215, 3.102, 2.211, 1.552, 1.237, 1.159, 1.209, 1.299, 1.521, 2.179, 2.178, 1.761, 1.689, 1.66, 2.103, 2.325, 1.982], [9.274, 9.017, 8.952, 8.825, 8.202, 7.43, 7.392, 7.58, 7.205, 5.209, 2.953, 2.015, 2.543, 2.639, 2.202, 1.811, 1.505, 1.682, 1.475, 1.963, 2.929, 3.017, 3.702, 4.091, 4.281, 5.409, 5.795, 5.026, 5.027, 5.232, 5.244, 4.986, 4.675, 4.634, 4.552, 4.497, 4.149, 3.618, 4.112, 4.987, 4.945, 4.897, 4.179, 4.358, 4.773, 4.404, 4.985, 6.296, 6.758, 7.359, 7.85, 7.436, 7.251, 6.572, 5.319, 4.41, 4.51, 4.498, 3.332, 1.774, 1.061, 0.0, 1.494, 2.621, 2.655, 2.449, 2.269, 2.794, 3.201, 3.186, 3.101, 2.079, 1.413, 1.37, 1.299, 1.092, 1.37, 1.643, 2.22, 2.274, 1.885, 1.81, 1.756, 2.166, 2.391, 2.052], [8.092, 7.84, 7.788, 7.639, 6.967, 6.202, 6.125, 6.364, 5.93, 4.001, 1.92, 1.211, 1.415, 1.807, 1.927, 1.832, 1.654, 1.615, 1.647, 1.457, 1.854, 1.901, 2.443, 2.83, 3.091, 4.156, 4.526, 3.786, 3.814, 3.963, 4.028, 3.793, 3.437, 3.358, 3.23, 3.155, 2.918, 2.473, 2.892, 3.678, 3.951, 3.906, 3.19, 3.182, 3.527, 3.902, 4.758, 5.414, 5.728, 6.192, 6.57, 6.235, 5.969, 5.373, 4.128, 3.322, 3.306, 3.345, 2.343, 1.414, 1.592, 1.494, 0.0, 1.496, 1.434, 1.227, 1.299, 1.681, 1.993, 1.985, 1.9, 1.308, 1.462, 1.565, 1.503, 1.499, 1.835, 2.28, 2.939, 2.916, 2.412, 2.49, 2.568, 2.978, 3.039, 2.636], [6.723, 6.474, 6.414, 6.273, 5.702, 4.938, 4.898, 5.271, 4.731, 2.828, 1.3, 1.447, 1.234, 1.54, 1.871, 2.016, 2.199, 2.169, 2.012, 1.497, 1.312, 1.27, 1.421, 1.681, 1.814, 2.93, 3.297, 2.553, 2.627, 2.785, 2.708, 2.671, 2.497, 2.432, 2.306, 2.25, 2.029, 1.73, 2.022, 2.676, 3.277, 3.108, 2.526, 2.49, 2.484, 3.234, 4.202, 4.488, 4.633, 4.959, 5.371, 4.984, 4.852, 4.176, 3.043, 2.502, 2.435, 2.505, 1.748, 1.888, 2.633, 2.621, 1.496, 0.0, 0.916, 1.25, 1.487, 1.448, 1.442, 1.447, 1.379, 1.686, 2.51, 2.477, 2.359, 2.308, 2.538, 3.326, 3.912, 3.788, 3.42, 3.637, 3.709, 4.119, 3.958, 3.311], [6.818, 6.561, 6.491, 6.358, 5.687, 4.919, 4.976, 5.202, 4.72, 2.789, 0.907, 1.436, 1.338, 1.651, 1.981, 2.142, 2.255, 2.184, 2.125, 1.716, 1.585, 1.568, 1.528, 1.609, 1.907, 2.908, 3.27, 2.594, 2.668, 2.79, 2.854, 2.794, 2.496, 2.384, 2.235, 2.135, 1.978, 1.756, 2.123, 2.626, 3.016, 2.971, 2.302, 2.407, 2.56, 3.283, 4.288, 4.788, 4.841, 5.023, 5.441, 5.171, 4.865, 4.346, 3.359, 2.706, 2.531, 2.725, 1.838, 2.028, 2.737, 2.655, 1.434, 0.916, 0.0, 1.061, 1.643, 1.558, 1.332, 1.483, 1.465, 1.731, 2.59, 2.689, 2.504, 2.308, 2.485, 3.325, 3.99, 3.988, 3.478, 3.671, 3.776, 4.174, 4.013, 3.464], [7.037, 6.792, 6.739, 6.58, 5.889, 5.112, 5.121, 5.375, 4.861, 3.014, 1.302, 1.366, 1.341, 1.799, 2.179, 2.287, 2.244, 2.092, 2.053, 1.449, 1.362, 1.363, 1.565, 1.828, 2.043, 3.072, 3.451, 2.754, 2.806, 2.93, 2.98, 2.861, 2.507, 2.422, 2.279, 2.229, 2.168, 1.847, 2.282, 2.801, 3.271, 3.208, 2.753, 2.597, 2.933, 3.873, 4.804, 5.111, 5.28, 5.608, 5.931, 5.595, 5.372, 4.69, 3.556, 2.944, 2.8, 2.75, 1.847, 1.574, 2.439, 2.449, 1.227, 1.25, 1.061, 0.0, 0.945, 1.148, 1.231, 1.231, 1.111, 1.392, 2.131, 2.286, 2.148, 2.123, 2.5, 3.085, 3.671, 3.6, 3.145, 3.352, 3.533, 3.949, 3.818, 3.269], [7.388, 7.128, 7.107, 6.929, 6.26, 5.507, 5.493, 5.906, 5.316, 3.567, 1.911, 1.624, 1.562, 2.1, 2.441, 2.454, 2.283, 2.178, 2.126, 1.654, 1.521, 1.488, 1.966, 2.309, 2.429, 3.451, 3.822, 3.081, 3.12, 3.285, 3.295, 3.27, 2.986, 2.928, 2.826, 2.755, 2.663, 2.318, 2.697, 3.316, 3.891, 3.719, 3.283, 3.185, 3.341, 4.257, 5.137, 5.257, 5.634, 5.964, 6.138, 5.852, 5.671, 4.94, 3.809, 3.301, 3.248, 3.049, 2.208, 1.681, 2.394, 2.269, 1.299, 1.487, 1.643, 0.945, 0.0, 0.959, 1.437, 1.268, 1.13, 1.322, 1.814, 1.986, 2.117, 2.239, 2.726, 3.026, 3.27, 3.095, 2.737, 2.974, 3.226, 3.667, 3.597, 3.262], [6.938, 6.711, 6.662, 6.461, 5.846, 5.068, 5.176, 5.566, 4.986, 3.196, 1.734, 2.121, 1.811, 2.265, 2.746, 2.921, 2.824, 2.724, 2.672, 1.981, 1.629, 1.675, 1.821, 1.964, 2.061, 3.063, 3.425, 2.697, 2.797, 2.912, 2.881, 2.852, 2.64, 2.606, 2.