[[0.0, 1.032, 0.86, 0.921, 1.231, 1.451, 0.986, 1.052, 1.37, 1.348, 1.451, 1.415, 1.345, 2.052, 2.24, 1.881, 1.982, 2.414, 3.306, 3.167, 2.736, 2.607, 2.028, 1.93, 1.522, 3.129, 3.512, 3.209, 3.394, 2.619, 1.707, 1.83, 2.322, 2.109, 2.071, 2.406, 2.883, 2.596, 2.308, 2.239, 2.097, 2.544, 2.549, 2.743, 2.996, 3.774, 3.888, 4.539, 4.374, 4.248, 4.193, 4.243, 4.515, 4.608, 5.369, 5.152, 5.643, 4.304, 3.917, 4.225, 4.698, 3.557, 3.48, 4.18, 4.993, 4.596, 4.224, 2.704, 1.718, 1.69, 1.809, 2.231, 2.739, 3.043, 3.32, 2.796, 2.471, 1.76, 1.375, 1.315, 1.868, 2.197, 2.254, 1.486, 1.808, 1.67], [1.032, 0.0, 0.773, 1.227, 1.666, 2.058, 1.369, 1.559, 1.09, 1.215, 1.466, 1.355, 1.112, 1.593, 1.864, 2.3, 2.501, 2.938, 3.845, 3.742, 3.301, 3.155, 2.569, 2.498, 1.593, 2.528, 2.872, 2.75, 2.881, 2.38, 1.812, 1.985, 2.067, 1.673, 1.629, 1.825, 2.34, 1.936, 1.743, 1.775, 1.759, 2.437, 2.713, 2.734, 3.093, 3.825, 4.02, 4.615, 4.307, 3.995, 4.109, 4.142, 4.276, 4.558, 5.046, 4.673, 5.168, 3.817, 3.425, 3.666, 3.966, 2.856, 2.861, 3.471, 4.356, 3.936, 3.529, 2.086, 1.536, 1.301, 1.524, 1.893, 2.211, 2.406, 2.721, 2.134, 1.844, 1.259, 1.392, 1.157, 1.419, 1.635, 1.666, 1.491, 1.693, 1.568], [0.86, 0.773, 0.0, 0.894, 1.153, 1.607, 0.997, 1.262, 0.98, 0.963, 1.136, 1.131, 0.992, 1.855, 2.064, 2.253, 2.34, 2.712, 3.444, 3.352, 2.918, 2.827, 2.321, 2.284, 1.738, 2.912, 3.32, 2.988, 3.241, 2.441, 1.622, 1.842, 2.147, 1.976, 1.907, 2.106, 2.67, 2.337, 2.098, 2.061, 1.721, 2.153, 2.216, 2.354, 2.646, 3.399, 3.568, 4.186, 3.916, 3.747, 3.745, 3.8, 3.965, 4.158, 4.858, 4.798, 5.263, 3.907, 3.521, 3.894, 4.412, 3.262, 3.179, 3.886, 4.738, 4.352, 3.959, 2.469, 1.518, 1.377, 1.535, 1.925, 2.473, 2.823, 3.103, 2.478, 2.179, 1.422, 1.189, 0.981, 1.496, 1.852, 1.938, 1.423, 1.668, 1.449], [0.921, 1.227, 0.894, 0.0, 1.008, 1.193, 0.718, 0.882, 1.356, 1.252, 1.41, 1.326, 1.569, 2.249, 2.294, 1.972, 2.036, 2.326, 2.999, 3.034, 2.507, 2.389, 2.209, 2.114, 1.819, 3.495, 3.823, 3.402, 3.671, 2.983, 1.908, 2.139, 2.642, 2.49, 2.278, 2.619, 3.228, 2.891, 2.645, 2.557, 1.954, 2.4, 2.368, 2.557, 2.819, 3.56, 3.734, 4.315, 4.151, 4.073, 4.022, 4.086, 4.287, 4.346, 5.131, 5.267, 5.679, 4.321, 3.941, 4.31, 4.94, 3.822, 3.751, 4.455, 5.3, 4.746, 4.528, 3.089, 2.006, 1.92, 2.106, 2.403, 2.922, 3.34, 3.689, 3.072, 2.799, 1.896, 1.427, 1.392, 1.922, 2.38, 2.485, 1.621, 2.046, 1.972], [1.231, 1.666, 1.153, 1.008, 0.0, 0.926, 0.978, 1.003, 1.423, 1.128, 1.158, 1.29, 1.703, 2.403, 2.503, 2.317, 2.374, 2.524, 2.786, 2.827, 2.442, 2.556, 2.334, 2.236, 2.008, 3.463, 3.948, 3.503, 3.736, 3.08, 1.791, 2.011, 2.786, 2.534, 2.469, 2.799, 3.263, 3.04, 2.74, 2.456, 2.026, 1.935, 1.854, 1.999, 2.237, 3.072, 3.205, 3.896, 3.773, 3.797, 3.849, 3.784, 3.98, 4.023, 4.976, 5.434, 5.806, 4.414, 3.999, 4.462, 5.082, 3.97, 3.89, 4.612, 5.383, 4.938, 4.683, 3.151, 2.115, 2.104, 2.116, 2.51, 3.077, 3.379, 3.691, 3.197, 2.928, 2.052, 1.446, 1.381, 2.047, 2.539, 2.644, 1.958, 2.285, 2.078], [1.451, 2.058, 1.607, 1.193, 0.926, 0.0, 1.025, 1.115, 1.964, 1.716, 1.565, 1.642, 2.277, 3.007, 2.998, 2.297, 2.256, 2.307, 2.548, 2.635, 2.267, 2.375, 2.144, 2.083, 2.357, 3.901, 4.169, 3.72, 3.992, 3.337, 1.949, 2.164, 3.309, 3.057, 3.072, 3.414, 3.823, 3.613, 3.302, 3.016, 2.367, 2.342, 2.171, 2.278, 2.505, 3.095, 3.179, 3.918, 3.865, 3.933, 3.95, 4.033, 4.19, 4.234, 5.138, 5.601, 5.994, 4.594, 4.174, 4.736, 5.304, 4.207, 4.068, 4.847, 5.621, 5.152, 4.921, 3.483, 2.527, 2.544, 2.545, 2.961, 3.561, 3.824, 4.146, 3.727, 3.482, 2.575, 1.894, 1.954, 2.443, 2.796, 2.937, 2.04, 2.385, 2.435], [0.986, 1.369, 0.997, 0.718, 0.978, 1.025, 0.0, 0.884, 1.549, 1.339, 1.486, 1.416, 1.616, 2.374, 2.39, 1.991, 2.046, 2.402, 2.82, 2.898, 2.424, 2.471, 2.23, 1.955, 1.804, 3.473, 3.881, 3.457, 3.695, 2.996, 1.866, 2.118, 2.667, 2.41, 2.432, 2.747, 3.177, 2.895, 2.575, 2.513, 1.96, 2.203, 2.271, 2.459, 2.754, 3.53, 3.566, 4.271, 4.158, 4.075, 4.116, 4.162, 4.324, 4.41, 5.209, 5.372, 5.787, 4.393, 3.992, 4.457, 5.012, 3.928, 3.891, 4.579, 5.347, 4.898, 4.642, 3.126, 2.107, 2.023, 2.035, 2.464, 3.026, 3.361, 3.663, 3.033, 2.804, 1.943, 1.518, 1.417, 2.077, 2.514, 2.622, 1.793, 2.181, 2.092], [1.052, 1.559, 1.262, 0.882, 1.003, 1.115, 0.884, 0.0, 1.417, 1.297, 1.336, 1.382, 1.629, 2.216, 2.142, 1.511, 1.611, 1.838, 2.688, 2.731, 2.228, 2.163, 1.946, 1.747, 1.849, 3.566, 4.099, 3.665, 3.885, 3.228, 1.913, 2.151, 2.874, 2.628, 2.384, 2.695, 3.264, 2.994, 2.714, 2.618, 2.426, 2.552, 2.669, 2.813, 2.984, 3.881, 4.01, 4.721, 4.593, 4.395, 4.432, 4.519, 4.69, 4.802, 5.647, 5.776, 6.211, 4.828, 4.445, 4.8, 5.284, 4.153, 4.1, 4.776, 5.544, 5.103, 4.863, 3.343, 2.311, 2.235, 2.316, 2.7, 3.246, 3.566, 3.87, 3.3, 3.003, 2.152, 1.492, 1.566, 2.26, 2.732, 2.851, 1.957, 2.351, 2.261], [1.37, 1.09, 0.98, 1.356, 1.423, 1.964, 1.549, 1.417, 0.0, 0.72, 0.962, 1.179, 0.955, 1.514, 1.817, 2.354, 2.521, 2.814, 3.666, 3.566, 3.093, 2.989, 2.509, 2.551, 1.933, 2.611, 3.026, 2.593, 2.838, 2.378, 1.78, 1.935, 2.095, 1.808, 1.438, 1.63, 2.275, 1.925, 1.74, 1.687, 1.551, 1.771, 2.261, 2.288, 2.396, 3.217, 3.449, 4.096, 3.86, 3.585, 3.723, 3.742, 3.924, 4.167, 4.685, 4.827, 5.269, 3.919, 3.53, 3.836, 4.155, 3.048, 3.066, 3.673, 4.436, 3.978, 3.757, 2.355, 1.642, 1.488, 1.394, 1.783, 2.131, 2.45, 2.764, 2.156, 1.842, 1.116, 0.95, 1.141, 1.456, 1.781, 1.889, 1.817, 2.11, 1.737], [1.348, 1.215, 0.963, 1.252, 1.128, 1.716, 1.339, 1.297, 0.72, 0.0, 0.709, 0.948, 0.975, 1.806, 2.072, 2.333, 2.457, 2.705, 3.385, 3.232, 2.797, 2.778, 2.227, 2.25, 1.696, 2.697, 3.227, 2.74, 2.957, 2.477, 1.558, 1.755, 2.099, 1.898, 1.621, 1.855, 2.348, 2.046, 1.765, 1.661, 1.57, 1.77, 2.062, 2.152, 2.315, 3.197, 3.351, 4.045, 3.86, 3.638, 3.688, 3.746, 3.843, 4.082, 4.753, 4.93, 5.379, 4.007, 3.627, 3.918, 4.302, 3.19, 3.172, 3.836, 4.606, 4.112, 3.924, 2.457, 1.552, 1.456, 1.462, 1.821, 2.235, 2.587, 2.922, 2.3, 2.074, 1.267, 0.977, 0.93, 1.561, 1.843, 1.971, 1.636, 2.007, 1.705], [1.451, 1.466, 1.136, 1.41, 1.158, 1.565, 1.486, 1.336, 0.962, 0.709, 0.0, 0.768, 1.173, 1.937, 2.216, 2.384, 2.467, 2.553, 3.116, 2.958, 2.553, 2.543, 2.036, 2.201, 1.939, 2.952, 3.539, 3.037, 3.244, 2.681, 1.581, 1.709, 2.362, 2.207, 1.899, 2.143, 2.646, 2.355, 2.041, 1.935, 1.827, 1.806, 2.069, 1.962, 2.092, 2.939, 3.13, 3.841, 3.761, 3.599, 3.551, 3.757, 3.974, 4.106, 4.914, 5.236, 5.708, 4.293, 3.918, 4.229, 4.575, 3.47, 3.443, 4.124, 4.893, 4.419, 4.235, 2.688, 1.707, 1.688, 1.667, 2.038, 2.499, 2.898, 3.215, 2.551, 2.344, 1.552, 1.062, 1.162, 1.67, 2.098, 2.221, 1.856, 2.049, 1.69], [1.415, 1.355, 1.131, 1.326, 1.29, 1.642, 1.416, 1.382, 1.179, 0.948, 0.768, 0.0, 0.968, 1.907, 2.037, 2.139, 2.126, 2.277, 3.014, 2.951, 2.52, 2.425, 1.813, 1.95, 1.849, 3.066, 3.634, 3.13, 3.362, 2.766, 1.46, 1.632, 2.347, 2.235, 1.961, 2.065, 2.581, 2.169, 2.067, 2.042, 2.065, 2.132, 2.276, 2.325, 2.519, 3.387, 3.469, 4.227, 4.159, 3.954, 3.977, 4.087, 4.298, 4.416, 5.271, 5.532, 5.968, 4.535, 4.169, 4.468, 4.766, 3.64, 3.714, 4.292, 5.064, 4.548, 4.347, 2.826, 1.867, 1.751, 1.778, 2.146, 2.639, 3.011, 3.314, 2.562, 2.31, 1.578, 1.031, 1.096, 1.891, 2.219, 2.319, 1.827, 2.091, 1.845], [1.345, 1.112, 0.992, 1.569, 1.703, 2.277, 1.616, 1.629, 0.955, 0.975, 1.173, 0.968, 0.0, 1.117, 1.448, 1.959, 2.177, 2.636, 3.795, 3.709, 3.231, 3.106, 2.247, 2.067, 1.547, 2.263, 2.877, 2.504, 2.708, 2.113, 1.52, 1.615, 1.713, 1.52, 1.269, 1.329, 1.968, 1.601, 1.565, 1.78, 1.991, 2.342, 2.609, 2.598, 2.877, 3.678, 3.922, 4.572, 4.353, 4.113, 4.178, 4.226, 4.354, 4.61, 5.264, 4.994, 5.55, 4.208, 3.842, 4.041, 4.035, 2.868, 3.087, 3.538, 4.266, 3.851, 3.565, 2.036, 1.322, 1.182, 1.284, 1.537, 1.968, 2.278, 2.603, 1.903, 1.572, 1.05, 0.948, 0.892, 1.373, 1.608, 1.585, 1.359, 1.597, 1.276], [2.052, 1.593, 1.855, 2.249, 2.403, 3.007, 2.374, 2.216, 1.514, 1.806, 1.937, 1.907, 1.117, 0.0, 1.08, 2.0, 2.355, 2.912, 4.386, 4.491, 3.843, 3.696, 2.945, 2.563, 1.777, 2.223, 2.77, 2.713, 2.75, 2.457, 2.411, 2.413, 2.1, 1.612, 1.25, 1.22, 1.747, 1.392, 1.621, 2.019, 2.618, 3.047, 3.579, 3.458, 3.598, 4.382, 4.747, 5.38, 5.081, 4.792, 4.898, 4.99, 5.046, 5.354, 5.739, 5.159, 5.736, 4.356, 4.008, 4.179, 3.85, 2.815, 3.21, 3.555, 4.166, 3.797, 3.474, 1.977, 1.841, 1.897, 1.988, 1.992, 2.038, 2.156, 2.546, 1.888, 1.556, 1.481, 1.63, 1.639, 1.887, 2.074, 1.864, 2.182, 2.079, 1.887], [2.24, 1.864, 2.064, 2.294, 2.503, 2.998, 2.39, 2.142, 1.817, 2.072, 2.216, 2.037, 1.448, 1.08, 0.0, 1.733, 2.037, 2.497, 4.08, 4.223, 3.556, 3.407, 2.672, 2.289, 1.888, 2.866, 3.482, 3.104, 3.244, 3.007, 2.551, 2.579, 2.601, 2.106, 1.689, 1.607, 2.161, 1.918, 2.101, 2.419, 2.88, 3.431, 3.925, 3.812, 4.078, 4.909, 5.115, 5.776, 5.534, 5.258, 5.398, 5.511, 5.64, 5.903, 6.321, 5.895, 6.424, 5.102, 4.74, 4.896, 4.708, 3.641, 3.903, 4.368, 4.986, 4.35, 4.25, 2.675, 2.329, 2.319, 2.466, 2.474, 2.62, 2.846, 3.163, 2.458, 2.197, 1.918, 1.935, 1.982, 2.254, 2.571, 2.404, 2.498, 2.367, 2.246], [1.881, 2.3, 2.253, 1.972, 2.317, 2.297, 1.991, 1.511, 2.354, 2.333, 2.384, 2.139, 1.959, 2.0, 1.733, 0.0, 0.781, 1.483, 3.047, 3.217, 2.721, 2.61, 2.019, 1.274, 1.837, 3.637, 4.201, 3.681, 3.861, 3.388, 2.453, 2.548, 2.998, 2.661, 2.353, 2.547, 3.142, 2.796, 2.866, 3.207, 3.47, 3.895, 4.073, 4.149, 4.36, 5.259, 5.315, 6.06, 5.954, 5.754, 5.802, 5.865, 6.004, 6.182, 6.97, 6.671, 7.162, 5.89, 5.531, 5.681, 5.396, 4.267, 4.489, 4.926, 5.672, 5.112, 4.972, 3.433, 2.687, 2.744, 2.828, 2.962, 3.313, 3.594, 3.898, 3.147, 2.914, 2.481, 1.9, 2.229, 2.946, 3.286, 3.132, 2.467, 2.62, 2.515], [1.982, 2.501, 2.34, 2.036, 2.374, 2.256, 2.046, 1.611, 2.521, 2.457, 2.467, 2.126, 2.177, 2.355, 2.037, 0.781, 0.0, 0.966, 2.49, 2.743, 2.219, 2.134, 1.665, 1.22, 2.272, 4.255, 4.749, 4.212, 4.388, 3.881, 2.723, 2.87, 3.466, 3.167, 2.85, 2.936, 3.495, 3.155, 3.231, 3.394, 3.535, 3.891, 4.107, 4.215, 4.409, 5.287, 5.343, 6.099, 6.019, 5.826, 5.868, 5.935, 6.117, 6.272, 7.073, 6.824, 7.422, 6.081, 5.73, 5.959, 5.969, 4.827, 4.836, 5.473, 6.237, 5.682, 5.573, 4.044, 3.173, 3.16, 3.155, 3.441, 3.862, 4.204, 4.47, 3.709, 3.471, 2.894, 2.261, 2.546, 3.321, 3.698, 3.617, 2.835, 3.075, 2.969], [2.414, 2.938, 2.712, 2.326, 2.524, 2.307, 2.402, 1.838, 2.814, 2.705, 2.553, 2.277, 2.636, 2.912, 2.497, 1.483, 0.966, 0.0, 1.812, 2.099, 1.576, 1.546, 1.24, 1.537, 2.866, 4.872, 5.366, 4.719, 4.969, 4.499, 3.002, 3.017, 4.079, 3.743, 3.428, 3.557, 4.125, 3.704, 3.675, 3.694, 3.804, 4.024, 4.244, 4.278, 4.455, 5.341, 5.307, 6.138, 6.111, 5.954, 5.945, 6.107, 6.336, 6.43, 7.295, 7.275, 7.836, 6.475, 6.113, 6.395, 6.6, 5.448, 5.469, 6.114, 6.857, 6.273, 6.183, 4.663, 3.654, 3.584, 3.522, 3.963, 4.474, 4.823, 5.089, 4.309, 4.09, 3.385, 2.543, 2.871, 3.665, 4.113, 4.156, 3.273, 3.637, 3.549], [3.306, 3.845, 3.444, 2.999, 2.786, 2.548, 2.82, 2.688, 3.666, 3.385, 3.116, 3.014, 3.795, 4.386, 4.08, 3.047, 2.49, 1.812, 0.0, 0.714, 0.922, 1.136, 1.831, 2.441, 3.888, 5.937, 6.431, 5.784, 6.034, 5.564, 3.998, 4.032, 5.144, 4.808, 4.561, 4.64, 5.027, 4.717, 4.542, 4.46, 4.174, 4.076, 4.231, 4.015, 4.16, 5.015, 4.923, 5.698, 5.713, 5.951, 5.994, 6.154, 6.365, 6.447, 7.347, 7.984, 8.373, 6.971, 6.533, 7.033, 7.588, 6.504, 6.375, 7.156, 7.922, 7.362, 7.29, 5.769, 4.727, 4.661, 4.591, 5.036, 5.58, 5.929, 6.196, 5.407, 5.22, 4.453, 3.627, 3.8, 4.665, 5.157, 5.262, 4.36, 4.743, 4.655], [3.167, 3.742, 3.352, 3.034, 2.827, 2.635, 2.898, 2.731, 3.566, 3.232, 2.958, 2.951, 3.709, 4.491, 4.223, 3.217, 2.743, 2.099, 0.714, 0.0, 0.965, 1.173, 1.769, 2.5, 3.77, 5.743, 6.236, 5.589, 5.839, 5.369, 3.804, 3.838, 4.986, 4.689, 4.464, 4.576, 4.904, 4.661, 4.382, 4.311, 4.085, 3.973, 4.048, 3.838, 3.909, 4.876, 4.698, 5.413, 5.414, 5.84, 5.919, 6.01, 6.13, 6.224, 7.268, 7.863, 8.251, 6.83, 6.417, 6.911, 7.432, 6.339, 6.208, 6.987, 7.753, 7.193, 7.121, 5.6, 4.558, 4.492, 4.463, 4.908, 5.434, 5.76, 6.026, 5.303, 5.127, 4.299, 3.513, 3.673, 4.496, 4.988, 5.093, 4.191, 4.603, 4.486], [2.736, 3.301, 2.918, 2.507, 2.442, 2.267, 2.424, 2.228, 3.093, 2.797, 2.553, 2.52, 3.231, 3.843, 3.556, 2.721, 2.219, 1.576, 0.922, 0.965, 0.0, 0.475, 1.251, 2.074, 3.347, 5.298, 5.787, 5.14, 5.39, 4.92, 3.354, 3.392, 4.528, 4.202, 3.943, 4.02, 4.368, 4.172, 3.943, 3.868, 3.704, 3.621, 3.917, 3.671, 3.819, 4.702, 4.701, 5.514, 5.461, 5.485, 5.528, 5.78, 5.917, 6.054, 6.923, 7.42, 7.839, 6.393, 6.018, 6.444, 6.989, 5.902, 5.814, 6.544, 7.309, 6.749, 6.677, 5.157, 4.115, 4.048, 4.026, 4.475, 4.991, 5.317, 5.59, 4.876, 4.698, 3.87, 3.077, 3.218, 4.053, 4.545, 4.651, 3.751, 4.13, 4.043], [2.607, 3.155, 2.827, 2.389, 2.556, 2.375, 2.471, 2.163, 2.989, 2.778, 2.543, 2.425, 3.106, 3.696, 3.407, 2.61, 2.134, 1.546, 1.136, 1.173, 0.475, 0.0, 1.121, 2.025, 3.252, 5.254, 5.748, 5.101, 5.351, 4.88, 3.318, 3.349, 4.461, 4.14, 3.854, 3.92, 4.258, 4.041, 3.861, 3.84, 3.731, 3.737, 4.051, 3.809, 3.967, 4.854, 4.838, 5.653, 5.603, 5.619, 5.556, 5.888, 6.063, 6.179, 7.026, 7.376, 7.848, 6.431, 6.066, 6.414, 6.957, 5.858, 5.76, 6.493, 7.259, 6.699, 6.627, 5.106, 4.065, 3.998, 3.983, 4.428, 4.939, 5.267, 5.533, 4.786, 4.564, 3.79, 2.949, 3.135, 4.002, 4.494, 4.608, 3.707, 4.084, 3.992], [2.028, 2.569, 2.321, 2.209, 2.334, 2.144, 2.23, 1.946, 2.509, 2.227, 2.036, 1.813, 2.247, 2.945, 2.672, 2.019, 1.665, 1.24, 1.831, 1.769, 1.251, 1.121, 0.0, 1.2, 2.296, 4.252, 4.746, 4.099, 4.349, 3.879, 2.328, 2.35, 3.463, 3.191, 2.977, 3.033, 3.29, 3.03, 2.975, 3.102, 3.332, 3.484, 3.731, 3.689, 3.858, 4.755, 4.721, 5.552, 5.526, 5.434, 5.381, 5.572, 5.781, 5.882, 6.749, 6.725, 7.35, 5.971, 5.606, 5.894, 5.948, 4.85, 4.828, 5.501, 6.255, 5.68, 5.606, 4.085, 3.135, 3.07, 3.065, 3.398, 3.914, 4.245, 4.512, 3.765, 3.565, 2.778, 2.095, 2.354, 3.183, 3.653, 3.613, 2.82, 3.14, 3.02], [1.93, 2.498, 2.284, 2.114, 2.236, 2.083, 1.955, 1.747, 2.551, 2.25, 2.201, 1.95, 2.067, 2.563, 2.289, 1.274, 1.22, 1.537, 2.441, 2.5, 2.074, 2.025, 1.2, 0.0, 1.586, 3.605, 4.099, 3.459, 3.702, 3.232, 2.017, 2.126, 2.845, 2.531, 2.416, 2.527, 2.817, 2.651, 2.683, 2.921, 3.197, 3.558, 3.766, 3.881, 4.076, 4.936, 4.98, 5.748, 5.678, 5.52, 5.544, 5.594, 5.819, 5.971, 6.727, 6.531, 7.159, 5.819, 5.499, 5.714, 5.473, 4.366, 4.507, 5.127, 5.832, 5.193, 5.04, 3.523, 2.757, 2.756, 2.71, 2.776, 3.281, 3.691, 3.859, 3.158, 3.062, 2.404, 1.994, 2.153, 2.957, 3.322, 3.148, 2.51, 2.675, 2.593], [1.522, 1.593, 1.738, 1.819, 2.008, 2.357, 1.804, 1.849, 1.933, 1.696, 1.939, 1.849, 1.547, 1.777, 1.888, 1.837, 2.272, 2.866, 3.888, 3.77, 3.347, 3.252, 2.296, 1.586, 0.0, 2.076, 2.575, 2.327, 2.323, 2.07, 1.609, 1.766, 1.826, 1.312, 1.346, 1.58, 1.754, 1.763, 1.872, 2.158, 2.436, 3.053, 3.357, 3.408, 3.689, 4.572, 4.701, 5.386, 5.201, 4.998, 5.073, 5.115, 5.21, 5.462, 6.08, 5.575, 6.082, 4.834, 4.492, 4.663, 4.241, 3.131, 3.293, 3.84, 4.515, 4.007, 3.768, 2.127, 2.071, 1.965, 2.073, 1.984, 2.07, 2.324, 2.439, 1.885, 1.914, 1.546, 1.663, 1.609, 2.209, 2.498, 2.18, 1.859, 2.011, 1.879], [3.129, 2.528, 2.912, 3.495, 3.463, 3.901, 3.473, 3.566, 2.611, 2.697, 2.952, 3.066, 2.263, 2.223, 2.866, 3.637, 4.255, 4.872, 5.937, 5.743, 5.298, 5.254, 4.252, 3.605, 2.076, 0.0, 1.126, 1.659, 1.511, 1.472, 2.214, 2.224, 1.763, 1.596, 1.798, 1.731, 1.765, 1.859, 1.885, 1.887, 2.526, 3.049, 3.467, 3.407, 3.444, 4.066, 4.401, 5.039, 4.714, 4.405, 4.545, 4.654, 4.73, 5.016, 5.391, 4.537, 4.772, 3.61, 3.286, 3.453, 2.688, 1.638, 1.968, 2.29, 2.883, 2.731, 2.171, 1.068, 2.043, 1.983, 2.002, 1.699, 1.447, 1.046, 1.148, 1.293, 1.507, 1.944, 2.571, 2.361, 2.027, 1.974, 1.73, 2.502, 2.524, 2.074], [3.512, 2.872, 3.32, 3.823, 3.948, 4.169, 3.881, 4.099, 3.026, 3.227, 3.539, 3.634, 2.877, 2.77, 3.482, 4.201, 4.749, 5.366, 6.431, 6.236, 5.787, 5.748, 4.746, 4.099, 2.575, 1.126, 0.0, 1.035, 0.919, 1.126, 2.514, 2.577, 1.694, 1.814, 2.121, 2.161, 1.909, 2.065, 2.028, 2.149, 2.519, 3.155, 3.715, 3.827, 3.806, 3.667, 4.042, 4.52, 4.126, 3.828, 4.056, 4.093, 4.144, 4.437, 4.839, 3.931, 4.319, 3.12, 2.813, 2.9, 2.289, 1.463, 1.907, 1.976, 2.521, 2.152, 1.737, 1.457, 2.323, 2.332, 2.087, 1.804, 1.706, 1.354, 1.483, 1.616, 1.684, 2.133, 3.006, 2.854, 2.277, 2.009, 1.899, 2.702, 2.736, 2.47], [3.209, 2.75, 2.988, 3.402, 3.503, 3.72, 3.457, 3.665, 2.593, 2.74, 3.037, 3.13, 2.504, 2.713, 3.104, 3.681, 4.212, 4.719, 5.784, 5.589, 5.14, 5.101, 4.099, 3.459, 2.327, 1.659, 1.035, 0.0, 0.75, 1.017, 2.07, 2.155, 1.477, 1.777, 1.915, 2.117, 2.092, 2.114, 1.891, 1.789, 2.065, 2.584, 3.361, 3.371, 3.321, 3.154, 3.435, 3.978, 3.686, 3.386, 3.58, 3.623, 3.713, 3.971, 4.474, 4.136, 4.647, 3.365, 3.031, 3.146, 2.692, 1.991, 2.328, 2.447, 2.936, 2.386, 2.213, 1.763, 2.15, 2.075, 1.65, 1.474, 1.587, 1.706, 1.788, 1.625, 1.501, 1.84, 2.573, 2.504, 2.101, 1.842, 1.876, 2.461, 2.563, 2.278], [3.394, 2.881, 3.241, 3.671, 3.736, 3.992, 3.695, 3.885, 2.838, 2.957, 3.244, 3.362, 2.708, 2.75, 3.244, 3.861, 4.388, 4.969, 6.034, 5.839, 5.39, 5.351, 4.349, 3.702, 2.323, 1.511, 0.919, 0.75, 0.0, 1.113, 2.333, 2.422, 1.491, 1.718, 1.921, 2.108, 2.074, 2.106, 1.919, 1.926, 2.273, 2.764, 3.627, 3.627, 3.551, 3.553, 3.812, 4.336, 4.046, 3.767, 3.945, 3.975, 4.061, 4.329, 4.879, 4.283, 4.76, 3.52, 3.19, 3.283, 2.763, 2.059, 2.52, 2.567, 3.032, 2.444, 2.282, 1.76, 2.327, 2.288, 1.908, 1.62, 1.5, 1.644, 1.739, 1.579, 1.554, 2.013, 2.755, 2.733, 2.411, 2.125, 2.082, 2.715, 2.787, 2.469], [2.619, 2.38, 2.441, 2.983, 3.08, 3.337, 2.996, 3.228, 2.378, 2.477, 2.681, 2.766, 2.113, 2.457, 3.007, 3.388, 3.881, 4.499, 5.564, 5.369, 4.92, 4.88, 3.879, 3.232, 2.07, 1.472, 1.126, 1.017, 1.113, 0.0, 1.583, 1.686, 1.063, 1.478, 1.696, 1.96, 2.031, 2.061, 1.863, 1.987, 2.107, 2.502, 2.895, 3.126, 3.089, 3.369, 3.762, 4.19, 3.846, 3.578, 3.712, 3.767, 3.857, 4.066, 4.772, 4.366, 4.897, 3.61, 3.264, 3.416, 2.932, 1.962, 2.449, 2.628, 3.299, 2.896, 2.46, 1.48, 1.526, 1.546, 1.321, 1.177, 1.56, 1.694, 1.886, 1.735, 1.59, 1.631, 2.144, 2.087, 1.786, 1.423, 1.432, 1.847, 1.912, 1.611], [1.707, 1.812, 1.622, 1.908, 1.791, 1.949, 1.866, 1.913, 1.78, 1.558, 1.581, 1.46, 1.52, 2.411, 2.551, 2.453, 2.723, 3.002, 3.998, 3.804, 3.354, 3.318, 2.328, 2.017, 1.609, 2.214, 2.514, 2.07, 2.333, 1.583, 0.0, 0.585, 1.618, 1.58, 1.688, 2.022, 2.479, 2.315, 2.14, 2.155, 2.189, 2.327, 2.346, 2.505, 2.751, 3.477, 3.579, 4.306, 4.155, 3.939, 4.04, 4.141, 4.265, 4.377, 5.238, 5.188, 5.776, 4.431, 4.054, 4.299, 4.067, 2.994, 3.298, 3.761, 4.429, 3.957, 3.597, 2.128, 1.504, 1.441, 1.409, 1.555, 2.2, 2.44, 2.635, 2.341, 2.148, 1.445, 1.122, 1.249, 1.57, 1.842, 1.738, 1.534, 1.744, 1.408], [1.83, 1.985, 1.842, 2.139, 2.011, 2.164, 2.118, 2.151, 1.935, 1.755, 1.709, 1.632, 1.615, 2.413, 2.579, 2.548, 2.87, 3.017, 4.032, 3.838, 3.392, 3.349, 2.35, 2.126, 1.766, 2.224, 2.577, 2.155, 2.422, 1.686, 0.585, 0.0, 1.513, 1.532, 1.651, 2.008, 2.508, 2.277, 2.174, 2.319, 2.415, 2.591, 2.55, 2.701, 2.846, 3.639, 3.662, 4.47, 4.358, 4.152, 4.198, 4.381, 4.526, 4.604, 5.499, 5.364, 5.921, 4.575, 4.244, 4.396, 4.116, 3.073, 3.43, 3.835, 4.432, 3.996, 3.574, 2.062, 1.481, 1.437, 1.518, 1.561, 2.173, 2.415, 2.65, 2.324, 2.077, 1.465, 1.225, 1.313, 1.681, 1.895, 1.775, 1.646, 1.849, 1.471], [2.322, 2.067, 2.147, 2.642, 2.786, 3.309, 2.667, 2.874, 2.095, 2.099, 2.362, 2.347, 1.713, 2.1, 2.601, 2.998, 3.466, 4.079, 5.144, 4.986, 4.528, 4.461, 3.463, 2.845, 1.826, 1.763, 1.694, 1.477, 1.491, 1.063, 1.618, 1.513, 0.0, 0.996, 1.199, 1.534, 1.778, 1.78, 1.853, 2.099, 2.257, 2.673, 3.16, 3.369, 3.253, 3.871, 4.029, 4.673, 4.45, 4.184, 4.286, 4.328, 4.372, 4.573, 5.335, 4.893, 5.429, 4.136, 3.798, 3.919, 3.466, 2.569, 3.058, 3.238, 3.777, 3.33, 2.835, 1.781, 1.467, 1.522, 1.382, 1.177, 1.335, 1.78, 1.944, 1.548, 1.328, 1.26, 1.732, 1.749, 2.07, 1.918, 1.804, 2.083, 2.115, 1.826], [2.109, 1.673, 1.976, 2.49, 2.534, 3.057, 2.41, 2.628, 1.808, 1.898, 2.207, 2.235, 1.52, 1.612, 2.106, 2.661, 3.167, 3.743, 4.808, 4.689, 4.202, 4.14, 3.191, 2.531, 1.312, 1.596, 1.814, 1.777, 1.718, 1.478, 1.58, 1.532, 0.996, 0.0, 0.786, 1.06, 1.351, 1.354, 1.581, 1.865, 2.24, 2.912, 3.212, 3.346, 3.548, 4.337, 4.509, 5.197, 4.955, 4.664, 4.836, 4.88, 4.937, 5.183, 5.774, 5.099, 5.571, 4.342, 4.008, 4.092, 3.633, 2.583, 2.964, 3.369, 3.891, 3.399, 3.082, 1.699, 1.631, 1.619, 1.697, 1.574, 1.581, 1.851, 1.962, 1.569, 1.489, 1.11, 1.639, 1.65, 1.934, 2.042, 1.718, 2.132, 2.074, 1.777], [2.071, 1.629, 1.907, 2.278, 2.469, 3.072, 2.432, 2.384, 1.438, 1.621, 1.899, 1.961, 1.269, 1.25, 1.689, 2.353, 2.85, 3.428, 4.561, 4.464, 3.943, 3.854, 2.977, 2.416, 1.346, 1.798, 2.121, 1.915, 1.921, 1.696, 1.688, 1.651, 1.199, 0.786, 0.0, 0.607, 1.27, 1.181, 1.432, 1.714, 2.22, 2.782, 3.273, 3.333, 3.448, 4.268, 4.479, 5.159, 4.93, 4.639, 4.817, 4.864, 4.922, 5.177, 5.721, 5.1, 5.64, 4.331, 3.991, 4.129, 3.768, 2.747, 3.158, 3.533, 4.072, 3.465, 3.261, 1.903, 1.681, 1.731, 1.746, 1.551, 1.692, 1.923, 2.093, 1.568, 1.459, 1.052, 1.411, 1.641, 1.967, 2.063, 1.83, 2.153, 2.191, 1.902], [2.406, 1.825, 2.106, 2.619, 2.799, 3.414, 2.747, 2.695, 1.63, 1.855, 2.143, 2.065, 1.329, 1.22, 1.607, 2.547, 2.936, 3.557, 4.64, 4.576, 4.02, 3.92, 3.033, 2.527, 1.58, 1.731, 2.161, 2.117, 2.108, 1.96, 2.022, 2.008, 1.534, 1.06, 0.607, 0.0, 0.95, 0.909, 1.356, 1.745, 2.456, 2.999, 3.595, 3.512, 3.677, 4.501, 4.747, 5.429, 5.164, 4.867, 5.057, 5.128, 5.198, 5.455, 5.901, 5.117, 5.582, 4.291, 3.965, 4.082, 3.686, 2.677, 3.031, 3.475, 4.023, 3.431, 3.248, 1.924, 2.031, 2.055, 2.047, 1.883, 1.899, 1.902, 2.056, 1.499, 1.551, 1.32, 1.699, 1.864, 2.132, 2.305, 2.005, 2.466, 2.496, 2.168], [2.883, 2.34, 2.67, 3.228, 3.263, 3.823, 3.177, 3.264, 2.275, 2.348, 2.646, 2.581, 1.968, 1.747, 2.161, 3.142, 3.495, 4.125, 5.027, 4.904, 4.368, 4.258, 3.29, 2.817, 1.754, 1.765, 1.909, 2.092, 2.074, 2.031, 2.479, 2.508, 1.778, 1.351, 1.27, 0.95, 0.0, 0.666, 1.253, 1.867, 2.711, 3.073, 3.985, 3.924, 4.044, 4.717, 5.002, 5.642, 5.253, 4.955, 5.205, 5.245, 5.272, 5.585, 5.964, 5.01, 5.297, 4.095, 3.811, 3.877, 3.371, 2.497, 2.993, 3.038, 3.622, 3.09, 2.919, 1.983, 2.489, 2.464, 2.277, 2.153, 1.948, 1.607, 1.645, 1.507, 1.816, 1.749, 2.321, 2.388, 2.617, 2.734, 2.51, 2.984, 2.982, 2.656], [2.596, 1.936, 2.337, 2.891, 3.04, 3.613, 2.895, 2.994, 1.925, 2.046, 2.355, 2.169, 1.601, 1.392, 1.918, 2.796, 3.155, 3.704, 4.717, 4.661, 4.172, 4.041, 3.03, 2.651, 1.763, 1.859, 2.065, 2.114, 2.106, 2.061, 2.315, 2.277, 1.78, 1.354, 1.181, 0.909, 0.666, 0.0, 0.94, 1.505, 2.314, 2.799, 3.642, 3.578, 3.73, 4.432, 4.688, 5.35, 5.029, 4.734, 4.962, 4.99, 5.051, 5.341, 5.746, 4.828, 5.131, 3.931, 3.641, 3.69, 3.257, 2.306, 2.786, 2.977, 3.613, 3.049, 2.824, 1.835, 2.215, 2.11, 1.963, 1.923, 1.803, 1.577, 1.789, 1.347, 1.457, 1.43, 1.923, 2.054, 2.341, 2.38, 2.176, 2.696, 2.782, 2.388], [2.308, 1.743, 2.098, 2.645, 2.74, 3.302, 2.575, 2.714, 1.74, 1.765, 2.041, 2.067, 1.565, 1.621, 2.101, 2.866, 3.231, 3.675, 4.542, 4.382, 3.943, 3.861, 2.975, 2.683, 1.872, 1.885, 2.028, 1.891, 1.919, 1.863, 2.14, 2.174, 1.853, 1.581, 1.432, 1.356, 1.253, 0.94, 0.0, 0.82, 1.63, 2.17, 3.024, 2.951, 3.042, 3.727, 3.994, 4.659, 4.268, 3.97, 4.226, 4.266, 4.288, 4.607, 4.98, 4.277, 4.719, 3.48, 3.146, 3.239, 3.218, 2.308, 2.644, 2.853, 3.58, 2.991, 2.887, 1.89, 1.95, 1.691, 1.455, 1.623, 1.746, 1.58, 1.905, 1.376, 1.274, 1.345, 1.835, 1.854, 1.92, 1.912, 1.898, 2.373, 2.627, 2.166], [2.239, 1.775, 2.061, 2.557, 2.456, 3.016, 2.513, 2.618, 1.687, 1.661, 1.935, 2.042, 1.78, 2.019, 2.419, 3.207, 3.394, 3.694, 4.46, 4.311, 3.868, 3.84, 3.102, 2.921, 2.158, 1.887, 2.149, 1.789, 1.926, 1.987, 2.155, 2.319, 2.099, 1.865, 1.714, 1.745, 1.867, 1.505, 0.82, 0.0, 1.209, 1.821, 2.612, 2.542, 2.55, 3.129, 3.367, 4.041, 3.755, 3.492, 3.659, 3.702, 3.817, 4.049, 4.505, 3.975, 4.382, 3.071, 2.706, 2.932, 3.264, 2.307, 2.394, 2.876, 3.608, 3.047, 2.985, 1.972, 1.943, 1.702, 1.449, 1.678, 1.947, 1.845, 2.057, 1.633, 1.503, 1.56, 2.049, 1.928, 1.923, 1.812, 1.886, 2.333, 2.666, 2.199], [2.097, 1.759, 1.721, 1.954, 2.026, 2.367, 1.96, 2.426, 1.551, 1.57, 1.827, 2.065, 1.991, 2.618, 2.88, 3.47, 3.535, 3.804, 4.174, 4.085, 3.704, 3.731, 3.332, 3.197, 2.436, 2.526, 2.519, 2.065, 2.273, 2.107, 2.189, 2.415, 2.257, 2.24, 2.22, 2.456, 2.711, 2.314, 1.63, 1.209, 0.0, 1.33, 1.689, 1.817, 1.832, 2.355, 2.623, 3.212, 2.983, 2.928, 3.099, 3.079, 3.209, 3.35, 3.832, 3.855, 4.303, 2.918, 2.526, 3.087, 3.674, 2.655, 2.526, 3.286, 4.059, 3.497, 3.417, 2.37, 1.973, 1.682, 1.518, 1.733, 2.15, 2.411, 2.68, 2.2, 1.905, 1.635, 2.107, 1.909, 1.827, 1.875, 1.988, 2.252, 2.638, 2.167], [2.544, 2.437, 2.153, 2.4, 1.935, 2.342, 2.203, 2.552, 1.771, 1.77, 1.806, 2.132, 2.342, 3.047, 3.431, 3.895, 3.891, 4.024, 4.076, 3.973, 3.621, 3.737, 3.484, 3.558, 3.053, 3.049, 3.155, 2.584, 2.764, 2.502, 2.327, 2.591, 2.673, 2.912, 2.782, 2.999, 3.073, 2.799, 2.17, 1.821, 1.33, 0.0, 1.377, 1.238, 1.225, 1.79, 1.985, 2.587, 2.339, 2.57, 2.681, 2.808, 3.058, 2.973, 3.528, 4.112, 4.632, 3.31, 2.951, 3.528, 4.133, 3.326, 3.298, 3.765, 4.531, 4.029, 3.899, 2.906, 2.479, 2.25, 1.676, 2.143, 2.574, 2.681, 2.992, 2.612, 2.504, 2.188, 2.297, 2.228, 2.275, 2.304, 2.625, 2.77, 3.167, 2.693], [2.549, 2.713, 2.216, 2.368, 1.854, 2.171, 2.271, 2.669, 2.261, 2.062, 2.069, 2.276, 2.609, 3.579, 3.925, 4.073, 4.107, 4.244, 4.231, 4.048, 3.917, 4.051, 3.731, 3.766, 3.357, 3.467, 3.715, 3.361, 3.627, 2.895, 2.346, 2.55, 3.16, 3.212, 3.273, 3.595, 3.985, 3.642, 3.024, 2.612, 1.689, 1.377, 0.0, 0.915, 1.007, 1.588, 1.834, 2.304, 2.354, 3.244, 3.233, 3.241, 3.359, 3.043, 3.873, 4.607, 5.149, 3.905, 3.481, 4.133, 4.788, 3.733, 3.584, 4.385, 5.151, 4.819, 4.523, 3.188, 2.468, 2.334, 2.273, 2.682, 3.341, 3.554, 3.889, 3.559, 3.217, 2.611, 2.43, 2.302, 2.371, 2.547, 2.742, 2.672, 2.999, 2.569], [2.743, 2.734, 2.354, 2.557, 1.999, 2.278, 2.459, 2.813, 2.288, 2.152, 1.962, 2.325, 2.598, 3.458, 3.812, 4.149, 4.215, 4.278, 4.015, 3.838, 3.671, 3.809, 3.689, 3.881, 3.408, 3.407, 3.827, 3.371, 3.627, 3.126, 2.505, 2.701, 3.369, 3.346, 3.333, 3.512, 3.924, 3.578, 2.951, 2.542, 1.817, 1.238, 0.915, 0.0, 0.748, 1.34, 1.79, 2.278, 2.161, 3.161, 3.064, 3.242, 3.439, 3.125, 3.869, 4.673, 5.248, 3.934, 3.518, 4.17, 4.824, 3.778, 3.656, 4.474, 5.207, 4.823, 4.634, 3.189, 2.664, 2.582, 2.392, 2.812, 3.308, 3.477, 3.854, 3.453, 3.162, 2.751, 2.6, 2.386, 2.461, 2.64, 2.788, 2.882, 3.211, 2.733], [2.996, 3.093, 2.646, 2.819, 2.237, 2.505, 2.754, 2.984, 2.396, 2.315, 2.092, 2.519, 2.877, 3.598, 4.078, 4.36, 4.409, 4.455, 4.16, 3.909, 3.819, 3.967, 3.858, 4.076, 3.689, 3.444, 3.806, 3.321, 3.551, 3.089, 2.751, 2.846, 3.253, 3.548, 3.448, 3.677, 4.044, 3.73, 3.042, 2.55, 1.832, 1.225, 1.007, 0.748, 0.0, 1.135, 1.471, 1.984, 1.993, 3.061, 2.947, 3.174, 3.259, 2.94, 3.736, 4.555, 5.137, 3.77, 3.374, 4.058, 4.688, 3.75, 3.644, 4.402, 5.132, 4.782, 4.563, 3.302, 2.695, 2.733, 2.374, 2.687, 3.195, 3.428, 3.771, 3.403, 3.1, 2.819, 2.705, 2.683, 2.739, 2.842, 3.032, 3.121, 3.347, 2.924], [3.774, 3.825, 3.399, 3.56, 3.072, 3.095, 3.53, 3.881, 3.217, 3.197, 2.939, 3.387, 3.678, 4.382, 4.909, 5.259, 5.287, 5.341, 5.015, 4.876, 4.702, 4.854, 4.755, 4.936, 4.572, 4.066, 3.667, 3.154, 3.553, 3.369, 3.477, 3.639, 3.871, 4.337, 4.268, 4.501, 4.717, 4.432, 3.727, 3.129, 2.355, 1.79, 1.588, 1.34, 1.135, 0.0, 1.096, 1.373, 1.382, 2.368, 2.229, 2.474, 2.668, 2.414, 2.99, 3.83, 4.421, 3.109, 2.703, 3.42, 4.039, 3.519, 3.281, 3.954, 4.523, 4.243, 4.125, 3.787, 3.266, 3.392, 2.961, 3.195, 3.577, 3.9, 4.142, 3.84, 3.575, 3.552, 3.583, 3.478, 3.274, 3.051, 3.398, 3.526, 3.755, 3.446], [3.888, 4.02, 3.568, 3.734, 3.205, 3.179, 3.566, 4.01, 3.449, 3.351, 3.13, 3.469, 3.922, 4.747, 5.115, 5.315, 5.343, 5.307, 4.923, 4.698, 4.701, 4.838, 4.721, 4.98, 4.701, 4.401, 4.042, 3.435, 3.812, 3.762, 3.579, 3.662, 4.029, 4.509, 4.479, 4.747, 5.002, 4.688, 3.994, 3.367, 2.623, 1.985, 1.834, 1.79, 1.471, 1.096, 0.0, 0.978, 1.258, 2.302, 2.228, 2.583, 2.751, 2.416, 3.184, 4.026, 4.52, 3.445, 2.875, 3.467, 4.258, 4.055, 3.703, 4.323, 4.747, 4.355, 4.455, 4.222, 3.62, 3.656, 3.107, 3.42, 3.876, 4.163, 4.296, 4.04, 3.773, 3.72, 3.665, 3.645, 3.671, 3.529, 3.948, 3.934, 4.131, 3.79], [4.539, 4.615, 4.186, 4.315, 3.896, 3.918, 4.271, 4.721, 4.096, 4.045, 3.841, 4.227, 4.572, 5.38, 5.776, 6.06, 6.099, 6.138, 5.698, 5.413, 5.514, 5.653, 5.552, 5.748, 5.386, 5.039, 4.52, 3.978, 4.336, 4.19, 4.306, 4.47, 4.673, 5.197, 5.159, 5.429, 5.642, 5.35, 4.659, 4.041, 3.212, 2.587, 2.304, 2.278, 1.984, 1.373, 0.978, 0.0, 0.997, 2.222, 2.131, 2.472, 2.676, 2.356, 3.093, 3.935, 4.431, 3.447, 2.916, 3.4, 4.308, 4.37, 4.017, 4.493, 4.832, 4.437, 4.56, 4.771, 4.105, 4.197, 3.708, 3.928, 4.364, 4.702, 4.848, 4.612, 4.38, 4.346, 4.379, 4.315, 4.125, 3.868, 4.301, 4.287, 4.582, 4.218], [4.374, 4.307, 3.916, 4.151, 3.773, 3.865, 4.158, 4.593, 3.86, 3.86, 3.761, 4.159, 4.353, 5.081, 5.534, 5.954, 6.019, 6.111, 5.713, 5.414, 5.461, 5.603, 5.526, 5.678, 5.201, 4.714, 4.126, 3.686, 4.046, 3.846, 4.155, 4.358, 4.45, 4.955, 4.93, 5.164, 5.253, 5.029, 4.268, 3.755, 2.983, 2.339, 2.354, 2.161, 1.993, 1.382, 1.258, 0.997, 0.0, 1.602, 1.636, 1.847, 2.007, 1.804, 2.37, 3.227, 3.69, 2.718, 2.391, 2.742, 3.685, 3.898, 3.583, 3.819, 4.211, 3.875, 3.824, 4.439, 3.899, 3.923, 3.502, 3.726, 3.998, 4.277, 4.373, 4.318, 4.093, 4.158, 4.267, 4.115, 3.791, 3.464, 3.9, 4.036, 4.299, 3.989], [4.248, 3.995, 3.747, 4.073, 3.797, 3.933, 4.075, 4.395, 3.585, 3.638, 3.599, 3.954, 4.113, 4.792, 5.258, 5.754, 5.826, 5.954, 5.951, 5.84, 5.485, 5.619, 5.434, 5.52, 4.998, 4.405, 3.828, 3.386, 3.767, 3.578, 3.939, 4.152, 4.184, 4.664, 4.639, 4.867, 4.955, 4.734, 3.97, 3.492, 2.928, 2.57, 3.244, 3.161, 3.061, 2.368, 2.302, 2.222, 1.602, 0.0, 0.77, 0.955, 1.288, 1.562, 1.819, 2.316, 2.777, 2.063, 1.89, 1.753, 2.855, 3.335, 2.952, 3.243, 3.484, 3.182, 3.18, 4.075, 3.624, 3.491, 3.249, 3.477, 3.714, 3.993, 4.052, 4.05, 3.819, 3.897, 4.071, 3.858, 3.375, 2.982, 3.432, 3.666, 3.762, 3.696], [4.193, 4.109, 3.745, 4.022, 3.849, 3.95, 4.116, 4.432, 3.723, 3.688, 3.551, 3.977, 4.178, 4.898, 5.398, 5.802, 5.868, 5.945, 5.994, 5.919, 5.528, 5.556, 5.381, 5.544, 5.073, 4.545, 4.056, 3.58, 3.945, 3.712, 4.04, 4.198, 4.286, 4.836, 4.817, 5.057, 5.205, 4.962, 4.226, 3.659, 3.099, 2.681, 3.233, 3.064, 2.947, 2.229, 2.228, 2.131, 1.636, 0.77, 0.0, 0.898, 1.404, 1.464, 1.789, 2.253, 2.937, 2.068, 1.968, 1.875, 3.016, 3.353, 2.9, 3.31, 3.606, 3.351, 3.347, 4.079, 3.564, 3.438, 3.325, 3.535, 3.79, 4.196, 4.274, 4.187, 3.968, 4.012, 4.119, 3.91, 3.434, 3.068, 3.525, 3.691, 3.704, 3.628], [4.243, 4.142, 3.8, 4.086, 3.784, 4.033, 4.162, 4.519, 3.742, 3.746, 3.757, 4.087, 4.226, 4.99, 5.511, 5.865, 5.935, 6.107, 6.154, 6.01, 5.78, 5.888, 5.572, 5.594, 5.115, 4.654, 4.093, 3.623, 3.975, 3.767, 4.141, 4.381, 4.328, 4.88, 4.864, 5.128, 5.245, 4.99, 4.266, 3.702, 3.079, 2.808, 3.241, 3.242, 3.174, 2.474, 2.583, 2.472, 1.847, 0.955, 0.898, 0.0, 0.869, 0.995, 1.638, 2.156, 2.802, 2.231, 2.09, 1.993, 3.198, 3.428, 3.005, 3.354, 3.763, 3.477, 3.389, 4.195, 3.721, 3.516, 3.401, 3.636, 3.94, 4.315, 4.385, 4.302, 4.022, 4.052, 4.208, 3.982, 3.488, 3.146, 3.595, 3.768, 3.868, 3.822], [4.515, 4.276, 3.965, 4.287, 3.98, 4.19, 4.324, 4.69, 3.924, 3.843, 3.974, 4.298, 4.354, 5.046, 5.64, 6.004, 6.117, 6.336, 6.365, 6.13, 5.917, 6.063, 5.781, 5.819, 5.21, 4.73, 4.144, 3.713, 4.061, 3.857, 4.265, 4.526, 4.372, 4.937, 4.922, 5.198, 5.272, 5.051, 4.288, 3.817, 3.209, 3.058, 3.359, 3.439, 3.259, 2.668, 2.751, 2.676, 2.007, 1.288, 1.404, 0.869, 0.0, 0.854, 1.579, 2.279, 2.804, 2.243, 1.986, 2.021, 3.22, 3.47, 3.128, 3.408, 3.953, 3.68, 3.521, 4.223, 3.791, 3.596, 3.577, 3.741, 4.042, 4.362, 4.435, 4.436, 4.132, 4.166, 4.382, 4.116, 3.624, 3.279, 3.677, 3.863, 3.913, 3.936], [4.608, 4.558, 4.158, 4.346, 4.023, 4.234, 4.41, 4.802, 4.167, 4.082, 4.106, 4.416, 4.61, 5.354, 5.903, 6.182, 6.272, 6.43, 6.447, 6.224, 6.054, 6.179, 5.882, 5.971, 5.462, 5.016, 4.437, 3.971, 4.329, 4.066, 4.377, 4.604, 4.573, 5.183, 5.177, 5.455, 5.585, 5.341, 4.607, 4.049, 3.35, 2.973, 3.043, 3.125, 2.94, 2.414, 2.416, 2.356, 1.804, 1.562, 1.464, 0.995, 0.854, 0.0, 1.477, 2.223, 2.702, 2.528, 2.246, 2.308, 3.544, 3.801, 3.406, 3.79, 4.315, 4.066, 3.885, 4.566, 4.017, 3.848, 3.815, 3.999, 4.315, 4.697, 4.793, 4.711, 4.416, 4.431, 4.494, 4.303, 3.884, 3.538, 3.961, 4.08, 4.123, 4.159], [5.369, 5.046, 4.858, 5.131, 4.976, 5.138, 5.209, 5.647, 4.685, 4.753, 4.914, 5.271, 5.264, 5.739, 6.321, 6.97, 7.073, 7.295, 7.347, 7.268, 6.923, 7.026, 6.749, 6.727, 6.08, 5.391, 4.839, 4.474, 4.879, 4.772, 5.238, 5.499, 5.335, 5.774, 5.721, 5.901, 5.964, 5.746, 4.98, 4.505, 3.832, 3.528, 3.873, 3.869, 3.736, 2.99, 3.184, 3.093, 2.37, 1.819, 1.789, 1.638, 1.579, 1.477, 0.0, 1.594, 2.025, 2.4, 2.414, 2.457, 3.773, 4.208, 3.82, 4.008, 4.174, 3.947, 4.039, 4.856, 4.66, 4.492, 4.441, 4.67, 4.794, 5.011, 5.018, 5.099, 4.861, 4.998, 5.365, 5.009, 4.338, 4.01, 4.399, 4.81, 4.822, 4.825], [5.152, 4.673, 4.798, 5.267, 5.434, 5.601, 5.372, 5.776, 4.827, 4.93, 5.236, 5.532, 4.994, 5.159, 5.895, 6.671, 6.824, 7.275, 7.984, 7.863, 7.42, 7.376, 6.725, 6.531, 5.575, 4.537, 3.931, 4.136, 4.283, 4.366, 5.188, 5.364, 4.893, 5.099, 5.1, 5.117, 5.01, 4.828, 4.277, 3.975, 3.855, 4.112, 4.607, 4.673, 4.555, 3.83, 4.026, 3.935, 3.227, 2.316, 2.253, 2.156, 2.279, 2.223, 1.594, 0.0, 1.228, 1.731, 1.931, 1.6, 2.629, 3.249, 2.963, 2.955, 2.804, 2.617, 3.036, 4.215, 4.386, 4.283, 4.273, 4.307, 4.213, 4.063, 4.067, 4.332, 4.319, 4.627, 5.313, 5.056, 4.278, 3.813, 3.918, 4.515, 4.467, 4.496], [5.643, 5.168, 5.263, 5.679, 5.806, 5.994, 5.787, 6.211, 5.269, 5.379, 5.708, 5.968, 5.55, 5.736, 6.424, 7.162, 7.422, 7.836, 8.373, 8.251, 7.839, 7.848, 7.35, 7.159, 6.082, 4.772, 4.319, 4.647, 4.76, 4.897, 5.776, 5.921, 5.429, 5.571, 5.64, 5.582, 5.297, 5.131, 4.719, 4.382, 4.303, 4.632, 5.149, 5.248, 5.137, 4.421, 4.52, 4.431, 3.69, 2.777, 2.937, 2.802, 2.804, 2.702, 2.025, 1.228, 0.0, 1.918, 2.213, 1.837, 2.662, 3.52, 3.289, 3.022, 2.667, 2.587, 3.095, 4.749, 4.947, 4.936, 4.839, 4.881, 4.657, 4.301, 4.166, 4.703, 4.794, 5.175, 5.873, 5.557, 4.885, 4.418, 4.531, 5.06, 5.115, 5.064], [4.304, 3.817, 3.907, 4.321, 4.414, 4.594, 4.393, 4.828, 3.919, 4.007, 4.293, 4.535, 4.208, 4.356, 5.102, 5.89, 6.081, 6.475, 6.971, 6.83, 6.393, 6.431, 5.971, 5.819, 4.834, 3.61, 3.12, 3.365, 3.52, 3.61, 4.431, 4.575, 4.136, 4.342, 4.331, 4.291, 4.095, 3.931, 3.48, 3.071, 2.918, 3.31, 3.905, 3.934, 3.77, 3.109, 3.445, 3.447, 2.718, 2.063, 2.068, 2.231, 2.243, 2.528, 2.4, 1.731, 1.918, 0.0, 0.892, 1.084, 1.755, 2.316, 2.118, 1.805, 2.114, 1.868, 1.976, 3.295, 3.514, 3.428, 3.509, 3.561, 3.443, 3.148, 3.016, 3.518, 3.552, 3.824, 4.519, 4.145, 3.407, 2.945, 3.241, 3.77, 3.72, 3.708], [3.917, 3.425, 3.521, 3.941, 3.999, 4.174, 3.992, 4.445, 3.53, 3.627, 3.918, 4.169, 3.842, 4.008, 4.74, 5.531, 5.73, 6.113, 6.533, 6.417, 6.018, 6.066, 5.606, 5.499, 4.492, 3.286, 2.813, 3.031, 3.19, 3.264, 4.054, 4.244, 3.798, 4.008, 3.991, 3.965, 3.811, 3.641, 3.146, 2.706, 2.526, 2.951, 3.481, 3.518, 3.374, 2.703, 2.875, 2.916, 2.391, 1.89, 1.968, 2.09, 1.986, 2.246, 2.414, 1.931, 2.213, 0.892, 0.0, 1.049, 1.798, 2.08, 1.88, 1.931, 2.548, 2.32, 2.194, 2.942, 3.169, 3.107, 3.157, 3.208, 3.099, 2.842, 2.821, 3.17, 3.195, 3.468, 4.128, 3.765, 3.031, 2.605, 2.844, 3.397, 3.388, 3.3], [4.225, 3.666, 3.894, 4.31, 4.462, 4.736, 4.457, 4.8, 3.836, 3.918, 4.229, 4.468, 4.041, 4.179, 4.896, 5.681, 5.959, 6.395, 7.033, 6.911, 6.444, 6.414, 5.894, 5.714, 4.663, 3.453, 2.9, 3.146, 3.283, 3.416, 4.299, 4.396, 3.919, 4.092, 4.129, 4.082, 3.877, 3.69, 3.239, 2.932, 3.087, 3.528, 4.133, 4.17, 4.058, 3.42, 3.467, 3.4, 2.742, 1.753, 1.875, 1.993, 2.021, 2.308, 2.457, 1.6, 1.837, 1.084, 1.049, 0.0, 1.584, 2.296, 2.11, 1.925, 2.235, 1.985, 1.964, 3.229, 3.388, 3.369, 3.326, 3.383, 3.194, 2.936, 2.906, 3.296, 3.284, 3.651, 4.356, 4.005, 3.277, 2.821, 3.021, 3.607, 3.587, 3.561], [4.698, 3.966, 4.412, 4.94, 5.082, 5.304, 5.012, 5.284, 4.155, 4.302, 4.575, 4.766, 4.035, 3.85, 4.708, 5.396, 5.969, 6.6, 7.588, 7.432, 6.989, 6.957, 5.948, 5.473, 4.241, 2.688, 2.289, 2.692, 2.763, 2.932, 4.067, 4.116, 3.466, 3.633, 3.768, 3.686, 3.371, 3.257, 3.218, 3.264, 3.674, 4.133, 4.788, 4.824, 4.688, 4.039, 4.258, 4.308, 3.685, 2.855, 3.016, 3.198, 3.22, 3.544, 3.773, 2.629, 2.662, 1.755, 1.798, 1.584, 0.0, 1.393, 1.592, 1.091, 1.41, 1.467, 1.268, 2.684, 3.242, 3.306, 3.173, 2.989, 2.586, 2.225, 2.169, 2.733, 2.833, 3.375, 4.181, 4.004, 3.286, 2.832, 2.705, 3.544, 3.287, 3.355], [3.557, 2.856, 3.262, 3.822, 3.97, 4.207, 3.928, 4.153, 3.048, 3.19, 3.47, 3.64, 2.868, 2.815, 3.641, 4.267, 4.827, 5.448, 6.504, 6.339, 5.902, 5.858, 4.85, 4.366, 3.131, 1.638, 1.463, 1.991, 2.059, 1.962, 2.994, 3.073, 2.569, 2.583, 2.747, 2.677, 2.497, 2.306, 2.308, 2.307, 2.655, 3.326, 3.733, 3.778, 3.75, 3.519, 4.055, 4.37, 3.898, 3.335, 3.353, 3.428, 3.47, 3.801, 4.208, 3.249, 3.52, 2.316, 2.08, 2.296, 1.393, 0.0, 0.792, 1.149, 2.075, 1.972, 1.286, 1.509, 2.156, 2.12, 2.178, 2.086, 2.008, 1.558, 1.744, 1.949, 1.918, 2.331, 3.096, 2.917, 2.111, 1.747, 1.636, 2.405, 2.279, 2.227], [3.48, 2.861, 3.179, 3.751, 3.89, 4.068, 3.891, 4.1, 3.066, 3.172, 3.443, 3.714, 3.087, 3.21, 3.903, 4.489, 4.836, 5.469, 6.375, 6.208, 5.814, 5.76, 4.828, 4.507, 3.293, 1.968, 1.907, 2.328, 2.52, 2.449, 3.298, 3.43, 3.058, 2.964, 3.158, 3.031, 2.993, 2.786, 2.644, 2.394, 2.526, 3.298, 3.584, 3.656, 3.644, 3.281, 3.703, 4.017, 3.583, 2.952, 2.9, 3.005, 3.128, 3.406, 3.82, 2.963, 3.289, 2.118, 1.88, 2.11, 1.592, 0.792, 0.0, 1.301, 2.267, 2.32, 1.684, 1.867, 2.479, 2.358, 2.531, 2.493, 2.439, 2.047, 2.184, 2.302, 2.382, 2.693, 3.397, 3.176, 2.392, 1.982, 1.955, 2.63, 2.477, 2.437], [4.18, 3.471, 3.886, 4.455, 4.612, 4.847, 4.579, 4.776, 3.673, 3.836, 4.124, 4.292, 3.538, 3.555, 4.368, 4.926, 5.473, 6.114, 7.156, 6.987, 6.544, 6.493, 5.501, 5.127, 3.84, 2.29, 1.976, 2.447, 2.567, 2.628, 3.761, 3.835, 3.238, 3.369, 3.533, 3.475, 3.038, 2.977, 2.853, 2.876, 3.286, 3.765, 4.385, 4.474, 4.402, 3.954, 4.323, 4.493, 3.819, 3.243, 3.31, 3.354, 3.408, 3.79, 4.008, 2.955, 3.022, 1.805, 1.931, 1.925, 1.091, 1.149, 1.301, 0.0, 1.485, 1.496, 0.974, 2.232, 2.948, 2.771, 2.793, 2.686, 2.369, 1.894, 1.737, 2.399, 2.516, 3.055, 3.824, 3.604, 2.803, 2.392, 2.455, 3.111, 3.037, 2.971], [4.993, 4.356, 4.738, 5.3, 5.383, 5.621, 5.347, 5.544, 4.436, 4.606, 4.893, 5.064, 4.266, 4.166, 4.986, 5.672, 6.237, 6.857, 7.922, 7.753, 7.309, 7.259, 6.255, 5.832, 4.515, 2.883, 2.521, 2.936, 3.032, 3.299, 4.429, 4.432, 3.777, 3.891, 4.072, 4.023, 3.622, 3.613, 3.58, 3.608, 4.059, 4.531, 5.151, 5.207, 5.132, 4.523, 4.747, 4.832, 4.211, 3.484, 3.606, 3.763, 3.953, 4.315, 4.174, 2.804, 2.667, 2.114, 2.548, 2.235, 1.41, 2.075, 2.267, 1.485, 0.0, 0.969, 1.454, 2.923, 3.706, 3.78, 3.591, 3.37, 2.967, 2.43, 2.375, 3.008, 3.048, 3.694, 4.543, 4.261, 3.681, 3.275, 3.196, 3.95, 3.967, 3.78], [4.596, 3.936, 4.352, 4.746, 4.938, 5.152, 4.898, 5.103, 3.978, 4.112, 4.419, 4.548, 3.851, 3.797, 4.35, 5.112, 5.682, 6.273, 7.362, 7.193, 6.749, 6.699, 5.68, 5.193, 4.007, 2.731, 2.152, 2.386, 2.444, 2.896, 3.957, 3.996, 3.33, 3.399, 3.465, 3.431, 3.09, 3.049, 2.991, 3.047, 3.497, 4.029, 4.819, 4.823, 4.782, 4.243, 4.355, 4.437, 3.875, 3.182, 3.351, 3.477, 3.68, 4.066, 3.947, 2.617, 2.587, 1.868, 2.32, 1.985, 1.467, 1.972, 2.32, 1.496, 0.969, 0.0, 1.297, 2.692, 3.315, 3.396, 3.12, 2.79, 2.535, 2.164, 2.045, 2.57, 2.59, 3.136, 4.007, 3.88, 3.279, 2.961, 2.868, 3.545, 3.617, 3.452], [4.224, 3.529, 3.959, 4.528, 4.683, 4.921, 4.642, 4.863, 3.757, 3.924, 4.235, 4.347, 3.565, 3.474, 4.25, 4.972, 5.573, 6.183, 7.29, 7.121, 6.677, 6.627, 5.606, 5.04, 3.768, 2.171, 1.737, 2.213, 2.282, 2.46, 3.597, 3.574, 2.835, 3.082, 3.261, 3.248, 2.919, 2.824, 2.887, 2.985, 3.417, 3.899, 4.523, 4.634, 4.563, 4.125, 4.455, 4.56, 3.824, 3.18, 3.347, 3.389, 3.521, 3.885, 4.039, 3.036, 3.095, 1.976, 2.194, 1.964, 1.268, 1.286, 1.684, 0.974, 1.454, 1.297, 0.0, 2.045, 2.849, 2.801, 2.754, 2.415, 2.105, 1.66, 1.59, 2.182, 2.176, 2.865, 3.737, 3.538, 2.746, 2.299, 2.306, 3.096, 3.046, 2.966], [2.704, 2.086, 2.469, 3.089, 3.151, 3.483, 3.126, 3.343, 2.355, 2.457, 2.688, 2.826, 2.036, 1.977, 2.675, 3.433, 4.044, 4.663, 5.769, 5.6, 5.157, 5.106, 4.085, 3.523, 2.127, 1.068, 1.457, 1.763, 1.76, 1.48, 2.128, 2.062, 1.781, 1.699, 1.903, 1.924, 1.983, 1.835, 1.89, 1.972, 2.37, 2.906, 3.188, 