[[0.0, 0.737, 1.005, 0.888, 1.34, 1.098, 1.365, 1.293, 1.337, 1.445, 1.566, 2.648, 3.438, 4.128, 4.628, 4.141, 3.141, 3.354, 4.207, 5.756, 6.547, 6.325, 6.464, 6.034, 5.044, 4.152, 4.264, 5.486, 5.782, 6.494, 6.215, 6.063, 5.813, 6.808, 8.298, 8.381, 7.82, 7.487, 6.575, 6.203, 6.348, 6.363, 6.56, 7.322, 7.823, 7.758, 7.913, 8.447, 8.675, 8.621, 8.664, 8.839, 8.014, 5.977, 4.09, 2.809, 2.286, 2.187, 2.496, 2.37, 2.252, 2.25, 2.159, 2.12, 2.452, 2.717, 2.346, 2.5, 2.1, 2.121, 2.677, 2.739, 3.944, 4.889, 7.119, 9.317, 9.171, 8.336, 7.535, 6.21, 5.899, 6.276, 7.1, 8.111, 8.672, 9.408], [0.737, 0.0, 0.743, 1.008, 1.464, 1.304, 1.641, 1.583, 1.611, 1.693, 1.61, 2.431, 3.29, 3.868, 4.384, 3.977, 3.173, 3.524, 4.342, 5.924, 6.501, 6.399, 6.541, 6.02, 4.977, 4.139, 4.097, 5.185, 5.584, 6.376, 6.159, 6.144, 6.028, 6.6, 8.03, 8.113, 7.593, 7.333, 6.392, 6.009, 6.172, 6.184, 6.303, 7.022, 7.55, 7.494, 7.638, 8.142, 8.371, 8.316, 8.372, 8.613, 7.713, 5.646, 3.849, 2.541, 2.13, 1.885, 2.133, 2.047, 2.007, 2.038, 2.041, 1.822, 2.294, 2.443, 2.162, 2.493, 2.116, 2.14, 2.379, 2.545, 3.616, 4.562, 6.801, 9.008, 8.858, 8.014, 7.213, 5.886, 5.577, 5.973, 6.788, 7.803, 8.364, 9.104], [1.005, 0.743, 0.0, 1.081, 1.811, 1.572, 1.726, 1.678, 1.51, 1.533, 1.477, 2.35, 3.124, 3.768, 4.248, 3.861, 3.059, 3.462, 4.389, 5.83, 6.483, 6.33, 6.489, 5.966, 5.02, 4.186, 3.945, 5.099, 5.505, 6.262, 6.133, 6.142, 6.018, 6.469, 7.905, 7.988, 7.494, 7.207, 6.28, 5.966, 6.046, 6.073, 6.203, 6.903, 7.45, 7.395, 7.525, 7.994, 8.197, 8.143, 8.261, 8.514, 7.597, 5.544, 3.965, 2.757, 2.387, 2.103, 2.246, 2.182, 2.078, 2.096, 2.237, 2.017, 2.373, 2.511, 2.041, 2.314, 2.06, 2.131, 2.269, 2.472, 3.471, 4.408, 6.663, 8.862, 8.713, 7.866, 7.065, 5.732, 5.429, 5.833, 6.641, 7.658, 8.227, 8.951], [0.888, 1.008, 1.081, 0.0, 1.26, 1.015, 1.508, 1.47, 1.528, 1.281, 1.697, 2.905, 3.695, 4.387, 4.912, 4.534, 3.339, 3.694, 4.463, 5.99, 6.714, 6.565, 6.768, 6.209, 5.213, 4.244, 4.437, 5.701, 6.051, 6.694, 6.352, 6.218, 6.117, 7.071, 8.547, 8.633, 8.155, 7.874, 6.924, 6.515, 6.713, 6.758, 6.859, 7.559, 8.106, 8.051, 8.181, 8.637, 8.865, 8.81, 8.916, 9.17, 8.333, 6.283, 4.42, 3.138, 2.676, 2.452, 2.687, 2.625, 2.328, 2.53, 2.386, 2.406, 2.798, 2.999, 2.378, 2.345, 1.931, 2.388, 2.93, 2.999, 4.199, 5.144, 7.391, 9.608, 9.448, 8.598, 7.797, 6.468, 6.161, 6.561, 7.376, 8.408, 8.969, 9.693], [1.34, 1.464, 1.811, 1.26, 0.0, 1.037, 1.608, 1.541, 1.809, 1.704, 2.127, 3.257, 4.104, 4.717, 5.255, 4.915, 3.76, 3.927, 4.83, 6.346, 7.107, 6.829, 7.066, 6.537, 5.503, 4.44, 4.769, 6.076, 6.37, 6.992, 6.79, 6.493, 6.363, 7.399, 8.881, 8.966, 8.501, 8.26, 7.37, 6.969, 7.093, 7.105, 7.196, 7.896, 8.443, 8.388, 8.518, 8.97, 9.197, 9.152, 9.253, 9.507, 8.648, 6.602, 4.575, 2.916, 2.291, 2.114, 2.526, 2.381, 2.108, 2.507, 2.183, 2.137, 2.939, 3.279, 2.892, 2.979, 2.44, 2.691, 3.313, 3.32, 4.495, 5.44, 7.688, 9.899, 9.746, 8.895, 8.094, 6.764, 6.458, 6.861, 7.678, 8.706, 9.27, 9.996], [1.098, 1.304, 1.572, 1.015, 1.037, 0.0, 1.074, 1.281, 1.45, 1.282, 1.829, 2.918, 3.782, 4.384, 4.893, 4.573, 3.51, 3.64, 4.404, 5.94, 6.708, 6.403, 6.646, 6.065, 4.919, 3.992, 4.35, 5.692, 5.933, 6.6, 6.308, 6.016, 5.864, 7.016, 8.488, 8.573, 8.117, 7.907, 7.004, 6.592, 6.727, 6.74, 6.813, 7.512, 8.06, 8.005, 8.135, 8.577, 8.755, 8.707, 8.87, 9.123, 8.241, 6.172, 4.118, 2.958, 2.614, 2.512, 2.577, 2.625, 2.41, 2.611, 2.39, 2.242, 2.554, 2.889, 2.717, 2.744, 2.333, 2.284, 2.995, 2.923, 3.957, 4.914, 7.181, 9.411, 9.224, 8.371, 7.569, 6.233, 5.93, 6.349, 7.158, 8.216, 8.8, 9.474], [1.365, 1.641, 1.726, 1.508, 1.608, 1.074, 0.0, 0.928, 0.985, 1.074, 1.46, 2.381, 3.155, 3.742, 4.195, 3.88, 2.893, 2.988, 3.834, 5.185, 6.029, 5.649, 5.945, 5.415, 4.654, 3.45, 3.782, 5.064, 5.382, 5.955, 5.669, 5.389, 5.265, 6.363, 7.854, 7.936, 7.424, 7.175, 6.288, 5.954, 5.994, 6.006, 6.133, 6.856, 7.38, 7.324, 7.46, 7.98, 8.209, 8.16, 8.218, 8.443, 7.576, 5.549, 3.945, 2.893, 2.89, 2.781, 2.871, 2.914, 2.824, 3.058, 2.742, 2.433, 2.358, 2.727, 3.075, 3.209, 2.526, 2.098, 2.569, 2.446, 3.496, 4.436, 6.676, 8.876, 8.728, 7.885, 7.084, 5.759, 5.448, 5.845, 6.658, 7.675, 8.239, 8.977], [1.293, 1.583, 1.678, 1.47, 1.541, 1.281, 0.928, 0.0, 0.758, 1.057, 1.481, 2.534, 3.229, 3.647, 4.17, 4.003, 2.877, 2.775, 4.102, 5.333, 6.302, 5.831, 5.961, 5.622, 4.957, 3.721, 3.861, 5.305, 5.62, 5.957, 5.958, 5.589, 5.539, 6.47, 7.744, 7.878, 7.341, 7.195, 6.339, 6.257, 6.055, 5.874, 6.138, 6.874, 7.355, 7.203, 7.348, 7.839, 8.143, 8.167, 8.071, 8.304, 7.544, 5.469, 3.666, 2.707, 2.435, 2.345, 2.417, 2.446, 2.325, 2.573, 2.26, 2.156, 1.956, 2.294, 2.458, 2.697, 2.094, 1.723, 2.26, 2.315, 3.385, 4.292, 6.521, 8.728, 8.598, 7.753, 6.971, 5.692, 5.323, 5.739, 6.63, 7.627, 8.145, 8.849], [1.337, 1.611, 1.51, 1.528, 1.809, 1.45, 0.985, 0.758, 0.0, 0.893, 1.344, 2.38, 3.063, 3.544, 4.111, 3.869, 2.784, 2.732, 3.984, 5.228, 6.206, 5.743, 5.854, 5.534, 4.912, 3.694, 3.783, 5.184, 5.537, 5.86, 5.866, 5.548, 5.48, 6.341, 7.698, 7.815, 7.284, 7.085, 6.217, 6.116, 5.945, 5.85, 6.036, 6.768, 7.273, 7.161, 7.307, 7.824, 8.06, 8.107, 8.054, 8.269, 7.503, 5.475, 3.979, 3.015, 2.736, 2.557, 2.884, 2.807, 2.596, 2.65, 2.559, 2.426, 2.238, 2.544, 2.562, 2.738, 2.022, 1.673, 2.258, 2.336, 3.362, 4.283, 6.513, 8.718, 8.602, 7.73, 6.953, 5.618, 5.302, 5.719, 6.591, 7.584, 8.134, 8.837], [1.445, 1.693, 1.533, 1.281, 1.704, 1.282, 1.074, 1.057, 0.893, 0.0, 1.085, 2.388, 3.202, 3.825, 4.356, 4.048, 2.882, 3.014, 4.097, 5.4, 6.299, 5.906, 6.167, 5.624, 4.774, 3.679, 3.867, 5.253, 5.505, 6.098, 5.917, 5.604, 5.479, 6.508, 7.989, 8.075, 7.595, 7.38, 6.498, 6.234, 6.208, 6.22, 6.304, 7.004, 7.551, 7.496, 7.626, 8.079, 8.252, 8.218, 8.361, 8.615, 7.714, 5.645, 4.059, 3.265, 3.049, 2.785, 2.926, 2.888, 2.689, 3.016, 2.803, 2.593, 2.264, 2.601, 2.619, 2.758, 1.971, 1.877, 2.355, 2.407, 3.506, 4.443, 6.688, 8.907, 8.746, 7.896, 7.093, 5.757, 5.453, 5.862, 6.687, 7.721, 8.299, 9.0], [1.566, 1.61, 1.477, 1.697, 2.127, 1.829, 1.46, 1.481, 1.344, 1.085, 0.0, 1.448, 2.309, 2.872, 3.445, 3.125, 2.061, 2.28, 3.318, 4.793, 5.515, 5.226, 5.395, 4.885, 3.844, 2.981, 2.892, 4.3, 4.606, 5.194, 5.162, 4.983, 4.855, 5.544, 7.006, 7.091, 6.667, 6.469, 5.585, 5.248, 5.284, 5.297, 5.348, 6.06, 6.588, 6.533, 6.663, 7.106, 7.289, 7.269, 7.398, 7.651, 6.803, 4.743, 3.444, 2.976, 2.946, 2.701, 2.753, 2.713, 2.727, 2.966, 2.709, 2.397, 1.924, 2.266, 2.704, 2.978, 2.146, 1.659, 1.862, 1.838, 2.706, 3.5, 5.743, 7.944, 7.798, 6.942, 6.142, 4.806, 4.518, 4.965, 5.738, 6.748, 7.327, 8.046], [2.648, 2.431, 2.35, 2.905, 3.257, 2.918, 2.381, 2.534, 2.38, 2.388, 1.448, 0.0, 1.153, 1.595, 2.155, 1.894, 1.263, 1.596, 2.295, 3.754, 4.4, 4.069, 4.222, 3.721, 2.86, 2.104, 1.913, 2.953, 3.37, 4.042, 4.001, 3.969, 3.935, 4.326, 5.719, 5.804, 5.319, 5.097, 4.207, 3.939, 3.939, 3.936, 4.028, 4.735, 5.275, 5.22, 5.35, 5.838, 6.067, 6.023, 6.109, 6.338, 5.443, 3.919, 3.522, 3.422, 3.735, 3.42, 3.27, 3.398, 3.484, 3.663, 3.536, 2.914, 2.398, 2.488, 3.405, 3.778, 2.933, 2.257, 1.965, 2.008, 2.306, 2.786, 4.602, 6.73, 6.584, 5.734, 4.978, 3.676, 3.397, 3.811, 4.56, 5.544, 6.107, 6.834], [3.438, 3.29, 3.124, 3.695, 4.104, 3.782, 3.155, 3.229, 3.063, 3.202, 2.309, 1.153, 0.0, 0.984, 1.548, 1.3, 1.13, 1.405, 1.636, 2.808, 3.657, 3.45, 3.598, 3.107, 2.394, 1.862, 1.7, 2.493, 2.857, 3.389, 3.317, 3.302, 3.273, 3.534, 5.002, 5.088, 4.583, 4.247, 3.402, 3.41, 3.27, 3.285, 3.426, 4.028, 4.541, 4.484, 4.615, 5.141, 5.369, 5.338, 5.391, 5.603, 4.779, 3.936, 3.987, 4.093, 4.323, 4.047, 3.937, 4.063, 4.032, 4.227, 4.08, 3.552, 2.929, 3.105, 3.929, 4.3, 3.508, 2.732, 2.481, 2.382, 2.503, 2.726, 4.211, 6.069, 5.913, 5.148, 4.462, 3.483, 3.405, 3.767, 4.173, 4.894, 5.445, 6.15], [4.128, 3.868, 3.768, 4.387, 4.717, 4.384, 3.742, 3.647, 3.544, 3.825, 2.872, 1.595, 0.984, 0.0, 0.976, 1.128, 1.32, 1.358, 1.663, 2.776, 3.597, 3.221, 3.293, 2.884, 2.322, 1.964, 1.671, 2.114, 2.664, 2.987, 3.3, 3.236, 3.287, 3.03, 4.206, 4.367, 3.928, 3.762, 3.058, 3.319, 2.829, 2.618, 2.802, 3.359, 3.862, 3.763, 3.856, 4.345, 4.573, 4.599, 4.589, 4.79, 4.157, 3.588, 3.788, 3.936, 4.372, 4.112, 3.839, 4.069, 4.097, 4.261, 4.126, 3.556, 2.914, 3.0, 3.947, 4.349, 3.693, 2.797, 2.392, 2.481, 2.309, 2.329, 3.549, 5.287, 5.149, 4.333, 3.707, 3.044, 2.949, 3.319, 3.569, 4.237, 4.703, 5.414], [4.628, 4.384, 4.248, 4.912, 5.255, 4.893, 4.195, 4.17, 4.111, 4.356, 3.445, 2.155, 1.548, 0.976, 0.0, 1.053, 1.739, 1.663, 1.647, 2.55, 3.344, 3.009, 3.142, 2.723, 2.306, 2.16, 1.923, 1.974, 2.469, 2.888, 3.096, 3.005, 3.045, 2.723, 3.726, 3.948, 3.55, 3.341, 2.865, 3.18, 2.541, 2.268, 2.453, 3.142, 3.54, 3.441, 3.454, 3.95, 4.139, 4.122, 4.123, 4.312, 3.599, 3.372, 3.741, 3.993, 4.552, 4.3, 4.076, 4.268, 4.297, 4.34, 4.259, 3.691, 3.019, 3.181, 4.166, 4.615, 4.211, 3.225, 2.676, 2.62, 2.395, 2.231, 3.28, 4.795, 4.663, 3.868, 3.28, 2.901, 2.76, 3.116, 3.298, 3.784, 4.257, 4.934], [4.141, 3.977, 3.861, 4.534, 4.915, 4.573, 3.88, 4.003, 3.869, 4.048, 3.125, 1.894, 1.3, 1.128, 1.053, 0.0, 1.32, 1.477, 1.636, 2.74, 3.599, 3.473, 3.635, 3.22, 2.501, 2.187, 1.98, 2.226, 2.911, 3.508, 3.443, 3.419, 3.344, 3.262, 4.331, 4.45, 3.969, 3.504, 2.891, 2.961, 2.587, 2.637, 2.816, 3.643, 3.942, 3.932, 3.997, 4.598, 4.727, 4.653, 4.696, 4.857, 4.171, 3.491, 3.713, 4.038, 4.442, 4.229, 3.936, 4.181, 4.329, 4.294, 4.278, 3.738, 2.959, 3.082, 4.148, 4.6, 4.068, 3.197, 2.659, 2.593, 2.362, 2.368, 3.706, 5.375, 5.234, 4.422, 3.773, 3.012, 2.96, 3.32, 3.562, 4.269, 4.767, 5.485], [3.141, 3.173, 3.059, 3.339, 3.76, 3.51, 2.893, 2.877, 2.784, 2.882, 2.061, 1.263, 1.13, 1.32, 1.739, 1.32, 0.0, 0.762, 1.913, 3.148, 4.055, 3.901, 4.077, 3.635, 2.877, 2.001, 1.878, 2.778, 3.387, 3.909, 3.895, 3.713, 3.678, 3.896, 5.319, 5.419, 4.864, 4.55, 3.677, 3.605, 3.45, 3.53, 3.685, 4.416, 4.898, 4.847, 4.991, 5.525, 5.753, 5.705, 5.742, 5.902, 5.18, 3.846, 3.799, 3.858, 3.991, 3.804, 3.683, 3.814, 3.61, 3.876, 3.596, 3.246, 2.606, 2.874, 3.604, 3.791, 3.003, 2.347, 2.406, 2.231, 2.431, 2.809, 4.572, 6.46, 6.31, 5.475, 4.7, 3.583, 3.457, 3.805, 4.385, 5.296, 5.846, 6.56], [3.354, 3.524, 3.462, 3.694, 3.927, 3.64, 2.988, 2.775, 2.732, 3.014, 2.28, 1.596, 1.405, 1.358, 1.663, 1.477, 0.762, 0.0, 1.826, 3.007, 4.04, 3.679, 3.802, 3.543, 2.932, 1.89, 1.841, 2.922, 3.402, 3.699, 3.882, 3.543, 3.558, 3.831, 5.127, 5.275, 4.697, 4.479, 3.696, 3.79, 3.399, 3.344, 3.597, 4.332, 4.819, 4.693, 4.822, 5.355, 5.569, 5.579, 5.55, 5.714, 5.055, 3.668, 3.697, 3.894, 4.05, 3.855, 3.734, 3.85, 3.653, 3.901, 3.596, 3.289, 2.601, 2.856, 3.617, 3.778, 2.952, 2.147, 2.313, 2.185, 2.323, 2.487, 4.265, 6.246, 6.113, 5.264, 4.529, 3.383, 3.229, 3.603, 4.202, 5.15, 5.666, 6.367], [4.207, 4.342, 4.389, 4.463, 4.83, 4.404, 3.834, 4.102, 3.984, 4.097, 3.318, 2.295, 1.636, 1.663, 1.647, 1.636, 1.913, 1.826, 0.0, 1.655, 2.506, 2.329, 2.511, 2.238, 1.696, 1.425, 1.857, 2.098, 2.116, 2.634, 2.342, 2.176, 2.007, 2.98, 4.427, 4.526, 3.963, 3.619, 2.93, 2.886, 2.785, 2.855, 2.925, 3.622, 4.051, 3.967, 4.122, 4.665, 4.875, 4.808, 4.846, 5.024, 4.472, 4.283, 4.872, 5.292, 5.722, 5.495, 5.361, 5.468, 5.36, 5.523, 5.289, 4.799, 4.171, 4.421, 5.239, 5.481, 4.504, 3.657, 3.626, 3.333, 3.353, 3.129, 3.946, 5.56, 5.428, 4.702, 4.013, 3.563, 3.552, 3.914, 4.038, 4.509, 4.958, 5.684], [5.756, 5.924, 5.83, 5.99, 6.346, 5.94, 5.185, 5.333, 5.228, 5.4, 4.793, 3.754, 2.808, 2.776, 2.55, 2.74, 3.148, 3.007, 1.655, 0.0, 1.502, 1.42, 1.697, 1.637, 1.896, 2.307, 2.501, 2.234, 1.701, 1.78, 1.501, 1.577, 1.449, 1.925, 3.304, 3.391, 2.948, 2.715, 2.217, 2.594, 2.578, 2.587, 2.561, 2.958, 3.201, 3.041, 3.171, 3.638, 3.838, 3.842, 3.839, 3.986, 4.068, 4.667, 5.682, 6.457, 6.963, 6.733, 6.576, 6.695, 6.603, 6.734, 6.517, 6.041, 5.397, 5.631, 6.456, 6.698, 5.731, 4.877, 4.794, 4.409, 4.366, 3.986, 3.784, 4.551, 4.442, 4.193, 3.729, 3.864, 3.976, 4.226, 4.125, 3.985, 4.241, 4.721], [6.547, 6.501, 6.483, 6.714, 7.107, 6.708, 6.029, 6.302, 6.206, 6.299, 5.515, 4.4, 3.657, 3.597, 3.344, 3.599, 4.055, 4.04, 2.506, 1.502, 0.0, 1.191, 1.388, 1.6, 2.29, 2.999, 3.117, 2.59, 1.869, 1.643, 1.222, 1.248, 1.366, 1.637, 2.488, 2.666, 2.431, 2.154, 2.224, 2.32, 2.367, 2.676, 2.391, 2.38, 2.584, 2.484, 2.584, 2.863, 3.067, 3.103, 2.939, 3.058, 3.744, 5.032, 6.431, 7.265, 7.847, 7.601, 7.405, 7.537, 7.457, 7.6, 7.453, 6.899, 6.258, 6.456, 7.308, 7.612, 6.645, 5.84, 5.598, 5.246, 5.135, 4.724, 4.251, 4.159, 4.409, 4.386, 4.18, 4.487, 4.629, 4.849, 4.691, 4.394, 4.43, 4.651], [6.325, 6.399, 6.33, 6.565, 6.829, 6.403, 5.649, 5.831, 5.743, 5.906, 5.226, 4.069, 3.45, 3.221, 3.009, 3.473, 3.901, 3.679, 2.329, 1.42, 1.191, 0.0, 0.698, 0.883, 1.901, 2.599, 2.627, 2.112, 1.238, 0.999, 1.041, 1.125, 1.171, 1.444, 2.385, 2.387, 2.124, 2.212, 2.156, 2.482, 2.061, 2.138, 1.92, 2.041, 2.208, 2.135, 2.252, 2.587, 2.834, 2.879, 2.839, 2.999, 3.386, 4.383, 5.687, 6.817, 7.502, 7.259, 7.032, 7.196, 7.104, 7.259, 7.08, 6.557, 5.916, 6.083, 6.965, 7.255, 6.253, 5.433, 5.254, 4.915, 4.772, 4.292, 3.65, 3.699, 3.787, 3.731, 3.518, 3.923, 4.109, 4.288, 4.078, 3.678, 3.727, 3.988], [6.464, 6.541, 6.489, 6.768, 7.066, 6.646, 5.945, 5.961, 5.854, 6.167, 5.395, 4.222, 3.598, 3.293, 3.142, 3.635, 4.077, 3.802, 2.511, 1.697, 1.388, 0.698, 0.0, 0.869, 2.068, 2.851, 2.707, 2.228, 1.354, 0.891, 1.309, 1.34, 1.474, 1.573, 2.271, 2.173, 1.99, 1.985, 2.015, 2.418, 1.964, 1.825, 1.688, 1.818, 1.915, 1.831, 1.97, 2.269, 2.565, 2.636, 2.536, 2.679, 3.136, 4.15, 5.541, 6.802, 7.498, 7.244, 7.017, 7.181, 7.088, 7.244, 7.065, 6.554, 5.9, 6.068, 6.95, 7.256, 6.323, 5.535, 5.356, 5.013, 4.767, 4.307, 3.57, 3.527, 3.635, 3.488, 3.325, 3.828, 4.043, 4.168, 3.903, 3.515, 3.549, 3.833], [6.034, 6.02, 5.966, 6.209, 6.537, 6.065, 5.415, 5.622, 5.534, 5.624, 4.885, 3.721, 3.107, 2.884, 2.723, 3.22, 3.635, 3.543, 2.238, 1.637, 1.6, 0.883, 0.869, 0.0, 1.522, 2.354, 2.324, 1.868, 1.07, 1.092, 1.276, 1.224, 1.394, 1.662, 2.758, 2.591, 2.168, 2.146, 2.107, 2.477, 2.093, 1.907, 1.757, 1.861, 2.162, 2.097, 2.226, 2.662, 2.918, 2.932, 2.935, 3.108, 3.02, 3.767, 5.331, 6.5, 7.155, 6.912, 6.692, 6.866, 6.795, 6.913, 6.756, 6.215, 5.574, 5.747, 6.652, 7.02, 6.056, 5.24, 5.055, 4.74, 4.622, 4.224, 3.654, 3.902, 3.927, 3.455, 3.299, 3.92, 4.137, 4.282, 4.043, 3.635, 3.669, 4.022], [5.044, 4.977, 5.02, 5.213, 5.503, 4.919, 4.654, 4.957, 4.912, 4.774, 3.844, 2.86, 2.394, 2.322, 2.306, 2.501, 2.877, 2.932, 1.696, 1.896, 2.29, 1.901, 2.068, 1.522, 0.0, 1.497, 1.604, 1.609, 1.377, 1.943, 1.847, 1.81, 1.683, 2.405, 3.705, 3.779, 3.359, 3.153, 2.469, 2.386, 2.247, 2.146, 2.247, 2.8, 3.302, 3.232, 3.362, 3.801, 3.955, 3.945, 4.101, 4.351, 3.655, 3.692, 4.757, 5.736, 6.282, 6.041, 5.779, 5.927, 5.853, 5.946, 5.788, 5.248, 4.608, 4.85, 5.704, 6.028, 5.1, 4.327, 4.123, 3.923, 3.847, 3.544, 3.382, 4.697, 4.617, 4.019, 3.42, 3.603, 3.756, 4.022, 3.916, 4.081, 4.424, 4.878], [4.152, 4.139, 4.186, 4.244, 4.44, 3.992, 3.45, 3.721, 3.694, 3.679, 2.981, 2.104, 1.862, 1.964, 2.16, 2.187, 2.001, 1.89, 1.425, 2.307, 2.999, 2.599, 2.851, 2.354, 1.497, 0.0, 1.024, 1.959, 2.338, 2.82, 2.727, 2.372, 2.401, 3.337, 4.695, 4.812, 4.353, 4.044, 3.216, 3.062, 2.878, 2.988, 3.024, 3.66, 4.229, 4.152, 4.282, 4.771, 5.059, 5.013, 5.051, 5.337, 4.597, 3.372, 4.049, 4.912, 5.422, 5.16, 5.005, 5.147, 5.079, 5.222, 4.988, 4.506, 3.864, 4.129, 4.971, 5.277, 4.326, 3.504, 3.481, 3.255, 3.307, 3.054, 3.798, 5.812, 5.648, 4.813, 4.068, 3.398, 3.423, 3.798, 4.112, 4.737, 5.223, 5.913], [4.264, 4.097, 3.945, 4.437, 4.769, 4.35, 3.782, 3.861, 3.783, 3.867, 2.892, 1.913, 1.7, 1.671, 1.923, 1.98, 1.878, 1.841, 1.857, 2.501, 3.117, 2.627, 2.707, 2.324, 1.604, 1.024, 0.0, 1.573, 2.076, 2.435, 2.815, 2.77, 2.739, 2.93, 4.138, 4.234, 3.842, 3.627, 2.826, 2.761, 2.419, 2.481, 2.483, 3.217, 3.713, 3.658, 3.788, 4.227, 4.46, 4.472, 4.523, 4.796, 4.072, 2.806, 3.369, 4.376, 5.027, 4.757, 4.495, 4.675, 4.627, 4.825, 4.627, 4.053, 3.462, 3.642, 4.525, 4.89, 4.009, 3.234, 3.027, 2.944, 2.826, 2.509, 3.192, 5.214, 5.067, 4.197, 3.496, 2.823, 2.842, 3.163, 3.508, 4.166, 4.624, 5.306], [5.486, 5.185, 5.099, 5.701, 6.076, 5.692, 5.064, 5.305, 5.184, 5.253, 4.3, 2.953, 2.493, 2.114, 1.974, 2.226, 2.778, 2.922, 2.098, 2.234, 2.59, 2.112, 2.228, 1.868, 1.609, 1.959, 1.573, 0.0, 1.453, 2.039, 2.329, 2.497, 2.426, 2.389, 2.975, 3.059, 2.608, 2.301, 1.842, 1.766, 1.417, 1.677, 1.583, 2.025, 2.536, 2.507, 2.556, 3.087, 3.399, 3.376, 3.42, 3.624, 3.034, 2.889, 3.931, 5.287, 6.121, 5.882, 5.516, 5.831, 5.851, 5.905, 5.85, 5.208, 4.535, 4.595, 5.639, 6.069, 5.354, 4.567, 3.941, 3.878, 3.418, 3.0, 2.556, 4.114, 4.025, 3.381, 2.756, 2.623, 2.796, 3.052, 3.13, 3.413, 3.752, 4.315], [5.782, 5.584, 5.505, 6.051, 6.37, 5.933, 5.382, 5.62, 5.537, 5.505, 4.606, 3.37, 2.857, 2.664, 2.469, 2.911, 3.387, 3.402, 2.116, 1.701, 1.869, 1.238, 1.354, 1.07, 1.377, 2.338, 2.076, 1.453, 0.0, 1.061, 1.296, 1.595, 1.506, 1.795, 2.73, 2.731, 2.34, 2.351, 2.074, 2.317, 2.051, 1.971, 1.881, 2.122, 2.314, 2.236, 2.345, 2.791, 3.062, 3.065, 3.141, 3.343, 3.185, 3.665, 4.878, 6.143, 6.883, 6.584, 6.309, 6.497, 6.445, 6.588, 6.455, 5.873, 5.227, 5.365, 6.279, 6.623, 5.717, 4.921, 4.597, 4.316, 4.034, 3.584, 2.995, 3.83, 3.65, 3.286, 2.899, 3.247, 3.447, 3.614, 3.472, 3.249, 3.431, 3.934], [6.494, 6.376, 6.262, 6.694, 6.992, 6.6, 5.955, 5.957, 5.86, 6.098, 5.194, 4.042, 3.389, 2.987, 2.888, 3.508, 3.909, 3.699, 2.634, 1.78, 1.643, 0.999, 0.891, 1.092, 1.943, 2.82, 2.435, 2.039, 1.061, 0.0, 1.139, 1.447, 1.676, 1.325, 2.047, 2.035, 1.893, 2.162, 2.075, 2.498, 2.021, 1.883, 1.603, 1.815, 1.769, 1.691, 1.796, 2.206, 2.45, 2.554, 2.466, 2.755, 3.111, 4.082, 5.337, 6.502, 7.198, 6.918, 6.691, 6.855, 6.767, 6.917, 6.783, 6.225, 5.574, 5.742, 6.623, 6.937, 6.037, 5.25, 5.006, 4.728, 4.363, 3.913, 3.322, 3.507, 3.348, 3.397, 3.179, 3.567, 3.783, 3.957, 3.748, 3.4, 3.398, 3.681], [6.215, 6.159, 6.133, 6.352, 6.79, 6.308, 5.669, 5.958, 5.866, 5.917, 5.162, 4.001, 3.317, 3.3, 3.096, 3.443, 3.895, 3.882, 2.342, 1.501, 1.222, 1.041, 1.309, 1.276, 1.847, 2.727, 2.815, 2.329, 1.296, 1.139, 0.0, 1.048, 1.044, 1.433, 2.605, 2.734, 2.485, 2.547, 2.32, 2.488, 2.448, 2.449, 2.29, 2.35, 2.341, 2.334, 2.454, 2.891, 3.097, 3.046, 3.056, 3.325, 3.648, 4.65, 5.953, 6.895, 7.52, 7.265, 7.038, 7.202, 7.11, 7.267, 7.11, 6.563, 5.922, 6.089, 6.971, 7.278, 6.325, 5.528, 5.256, 4.885, 4.736, 4.374, 3.949, 4.105, 3.97, 4.048, 3.893, 4.208, 4.356, 4.574, 4.474, 4.113, 4.061, 4.289], [6.063, 6.144, 6.142, 6.218, 6.493, 6.016, 5.389, 5.589, 5.548, 5.604, 4.983, 3.969, 3.302, 3.236, 3.005, 3.419, 3.713, 3.543, 2.176, 1.577, 1.248, 1.125, 1.34, 1.224, 1.81, 2.372, 2.77, 2.497, 1.595, 1.447, 1.048, 0.0, 0.767, 1.554, 2.826, 2.975, 2.636, 2.541, 2.47, 2.712, 2.536, 2.53, 2.324, 2.258, 2.593, 2.589, 2.678, 3.02, 3.351, 3.273, 3.274, 3.498, 3.687, 4.746, 6.01, 6.824, 7.33, 7.094, 6.962, 7.062, 6.964, 7.08, 6.846, 6.408, 5.742, 6.017, 6.83, 7.028, 6.045, 5.214, 5.145, 4.663, 4.63, 4.341, 3.985, 4.105, 4.264, 4.096, 3.921, 4.208, 4.304, 4.574, 4.594, 4.248, 4.243, 4.497], [5.813, 6.028, 6.018, 6.117, 6.363, 5.864, 5.265, 5.539, 5.48, 5.479, 4.855, 3.935, 3.273, 3.287, 3.045, 3.344, 3.678, 3.558, 2.007, 1.449, 1.366, 1.171, 1.474, 1.394, 1.683, 2.401, 2.739, 2.426, 1.506, 1.676, 1.044, 0.767, 0.0, 1.736, 3.021, 3.179, 2.859, 2.673, 2.505, 2.672, 2.627, 2.646, 2.528, 2.447, 2.824, 2.814, 2.899, 3.238, 3.526, 3.457, 3.45, 3.64, 3.832, 4.742, 5.932, 6.841, 7.344, 7.075, 6.943, 7.057, 6.974, 7.092, 6.866, 6.412, 5.722, 5.998, 6.811, 6.996, 6.021, 5.186, 5.151, 4.658, 4.611, 4.294, 3.942, 4.276, 4.315, 4.07, 3.874, 4.188, 4.314, 4.548, 4.486, 4.218, 4.237, 4.626], [6.808, 6.6, 6.469, 7.071, 7.399, 7.016, 6.363, 6.47, 6.341, 6.508, 5.544, 4.326, 3.534, 3.03, 2.723, 3.262, 3.896, 3.831, 2.98, 1.925, 1.637, 1.444, 1.573, 1.662, 2.405, 3.337, 2.93, 2.389, 1.795, 1.325, 1.433, 1.554, 1.736, 0.0, 1.628, 1.784, 2.084, 2.272, 2.463, 2.948, 2.38, 2.228, 1.956, 1.951, 1.9, 1.923, 1.973, 2.218, 2.282, 2.306, 2.276, 2.496, 3.399, 4.392, 5.658, 6.482, 7.102, 6.859, 6.645, 6.798, 6.724, 6.859, 6.736, 6.168, 5.516, 5.692, 6.565, 6.868, 6.221, 5.359, 4.882, 4.58, 4.296, 3.916, 3.435, 3.4, 3.325, 3.423, 3.317, 3.666, 3.782, 4.004, 3.846, 3.467, 3.362, 3.453], [8.298, 8.03, 7.905, 8.547, 8.881, 8.488, 7.854, 7.744, 7.698, 7.989, 7.006, 5.719, 5.002, 4.206, 3.726, 4.331, 5.319, 5.127, 4.427, 3.304, 2.488, 2.385, 2.271, 2.758, 3.705, 4.695, 4.138, 2.975, 2.73, 2.047, 2.605, 2.826, 3.021, 1.628, 0.0, 0.927, 1.526, 1.94, 2.702, 3.121, 2.437, 2.371, 2.049, 1.705, 1.538, 1.559, 1.47, 1.49, 1.603, 1.669, 1.434, 1.645, 2.881, 4.186, 5.447, 6.879, 7.718, 7.569, 7.073, 7.362, 7.526, 7.475, 7.474, 6.997, 6.221, 6.133, 7.3, 7.744, 7.468, 6.497, 5.807, 5.722, 4.727, 3.922, 2.779, 2.405, 2.519, 2.802, 2.922, 3.38, 3.394, 3.595, 3.472, 3.094, 2.963, 2.888], [8.381, 8.113, 7.988, 8.633, 8.966, 8.573, 7.936, 7.878, 7.815, 8.075, 7.091, 5.804, 5.088, 4.367, 3.948, 4.45, 5.419, 5.275, 4.526, 3.391, 2.666, 2.387, 2.173, 2.591, 3.779, 4.812, 4.234, 3.059, 2.731, 2.035, 2.734, 2.975, 3.179, 1.784, 0.927, 0.0, 1.133, 1.565, 2.616, 3.103, 2.358, 2.314, 1.946, 1.474, 1.027, 1.151, 1.09, 0.997, 1.063, 1.237, 1.202, 1.36, 2.448, 3.827, 5.422, 7.171, 8.027, 7.861, 7.4, 7.699, 7.806, 7.799, 7.8, 7.253, 6.47, 6.459, 7.611, 7.992, 7.584, 6.661, 6.028, 5.852, 4.964, 4.233, 3.125, 2.516, 2.57, 2.676, 2.661, 3.486, 3.653, 3.77, 3.47, 2.931, 2.723, 2.717], [7.82, 7.593, 7.494, 8.155, 8.501, 8.117, 7.424, 7.341, 7.284, 7.595, 6.667, 5.319, 4.583, 3.928, 3.55, 3.969, 4.864, 4.697, 3.963, 2.948, 2.431, 2.124, 1.99, 2.168, 3.359, 4.353, 3.842, 2.608, 2.34, 1.893, 2.485, 2.636, 2.859, 2.084, 1.526, 1.133, 0.0, 1.039, 2.058, 2.531, 1.891, 1.879, 1.527, 1.078, 0.922, 0.875, 0.883, 1.245, 1.455, 1.628, 1.525, 1.422, 1.842, 3.313, 5.163, 6.859, 7.79, 7.622, 7.178, 7.502, 7.655, 7.638, 7.646, 7.054, 6.314, 6.307, 7.459, 7.817, 7.279, 6.412, 5.689, 5.53, 4.834, 4.106, 3.066, 2.815, 2.861, 2.562, 2.489, 3.289, 3.53, 3.617, 3.413, 2.923, 2.848, 3.018], [7.487, 7.333, 7.207, 7.874, 8.26, 7.907, 7.175, 7.195, 7.085, 7.38, 6.469, 5.097, 4.247, 3.762, 3.341, 3.504, 4.55, 4.479, 3.619, 2.715, 2.154, 2.212, 1.985, 2.146, 3.153, 4.044, 3.627, 2.301, 2.351, 2.162, 2.547, 2.541, 2.673, 2.272, 1.94, 1.565, 1.039, 0.0, 1.399, 1.81, 1.435, 1.605, 1.417, 1.03, 1.121, 1.185, 1.189, 1.548, 1.748, 1.859, 1.762, 1.804, 1.834, 3.264, 5.092, 6.744, 7.671, 7.499, 7.065, 7.379, 7.496, 7.508, 7.508, 6.904, 6.167, 6.166, 7.297, 7.681, 7.118, 6.223, 5.519, 5.324, 4.802, 4.25, 3.333, 3.215, 3.442, 3.017, 2.779, 3.549, 3.79, 3.87, 3.558, 3.207, 3.319, 3.604], [6.575, 6.392, 6.28, 6.924, 7.37, 7.004, 6.288, 6.339, 6.217, 6.498, 5.585, 4.207, 3.402, 3.058, 2.865, 2.891, 3.677, 3.696, 2.93, 2.217, 2.224, 2.156, 2.015, 2.107, 2.469, 3.216, 2.826, 1.842, 2.074, 2.075, 2.32, 2.47, 2.505, 2.463, 2.702, 2.616, 2.058, 1.399, 0.0, 0.996, 1.071, 1.423, 1.437, 1.488, 2.094, 1.959, 2.051, 2.611, 2.882, 2.803, 2.804, 2.952, 2.589, 3.368, 4.853, 6.33, 7.094, 6.852, 6.567, 6.776, 6.789, 6.861, 6.827, 6.195, 5.511, 5.623, 6.597, 6.993, 6.358, 5.558, 4.914, 4.928, 4.603, 4.177, 3.497, 3.966, 4.089, 3.7, 3.32, 3.737, 3.972, 4.085, 3.905, 3.836, 4.024, 4.376], [6.203, 6.009, 5.966, 6.515, 6.969, 6.592, 5.954, 6.257, 6.116, 6.234, 5.248, 3.939, 3.41, 3.319, 3.18, 2.961, 3.605, 3.79, 2.886, 2.594, 2.32, 2.482, 2.418, 2.477, 2.386, 3.062, 2.761, 1.766, 2.317, 2.498, 2.488, 2.712, 2.672, 2.948, 3.121, 3.103, 2.531, 1.81, 0.996, 0.0, 1.276, 1.804, 1.674, 1.979, 2.555, 2.494, 2.613, 3.127, 3.358, 3.296, 3.231, 3.325, 2.939, 3.449, 4.748, 6.253, 7.09, 6.868, 6.514, 6.775, 6.829, 6.899, 6.856, 6.237, 5.568, 5.598, 6.684, 7.086, 6.399, 5.711, 5.112, 5.134, 4.724, 4.309, 3.731, 4.51, 4.628, 4.215, 3.757, 3.893, 4.151, 4.294, 4.252, 4.387, 4.597, 4.944], [6.348, 6.172, 6.046, 6.713, 7.093, 6.727, 5.994, 6.055, 5.945, 6.208, 5.284, 3.939, 3.27, 2.829, 2.541, 2.587, 3.45, 3.399, 2.785, 2.578, 2.367, 2.061, 1.964, 2.093, 2.247, 2.878, 2.419, 1.417, 2.051, 2.021, 2.448, 2.536, 2.627, 2.38, 2.437, 2.358, 1.891, 1.435, 1.071, 1.276, 0.0, 1.086, 1.043, 1.489, 1.91, 1.892, 1.95, 2.484, 2.749, 2.759, 2.679, 2.866, 2.336, 2.952, 4.349, 5.817, 6.687, 6.471, 6.082, 6.371, 6.417, 6.495, 6.45, 5.822, 5.136, 5.145, 6.231, 6.593, 6.003, 5.19, 4.52, 4.537, 4.025, 3.602, 3.042, 3.761, 3.824, 3.364, 2.897, 3.21, 3.458, 3.663, 3.488, 3.549, 3.756, 4.126], [6.363, 6.184, 6.073, 6.758, 7.105, 6.74, 6.006, 5.874, 5.85, 6.22, 5.297, 3.936, 3.285, 2.618, 2.268, 2.637, 3.53, 3.344, 2.855, 2.587, 2.676, 2.138, 1.825, 1.907, 2.146, 2.988, 2.481, 1.677, 1.971, 1.883, 2.449, 2.53, 2.646, 2.228, 2.371, 2.314, 1.879, 1.605, 1.423, 1.804, 1.086, 0.0, 0.979, 1.527, 1.874, 1.739, 1.782, 2.228, 2.602, 2.604, 2.456, 2.585, 2.106, 2.554, 4.136, 5.46, 6.268, 6.03, 5.709, 5.944, 5.988, 6.054, 6.009, 5.408, 4.78, 4.77, 5.796, 6.193, 5.79, 4.831, 4.135, 4.227, 3.746, 3.128, 2.586, 3.461, 3.437, 2.776, 2.503, 3.04, 3.153, 3.359, 3.187, 3.18, 3.286, 3.618], [6.56, 6.303, 6.203, 6.859, 7.196, 6.813, 6.133, 6.138, 6.036, 6.304, 5.348, 4.028, 3.426, 2.802, 2.453, 2.816, 3.685, 3.597, 2.925, 2.561, 2.391, 1.92, 1.688, 1.757, 2.247, 3.024, 2.483, 1.583, 1.881, 1.603, 2.29, 2.324, 2.528, 1.956, 2.049, 1.946, 1.527, 1.417, 1.437, 1.674, 1.043, 0.979, 0.0, 1.155, 1.397, 1.376, 1.475, 2.072, 2.332, 2.386, 2.28, 2.457, 2.111, 2.979, 4.356, 5.786, 6.625, 6.41, 6.034, 6.31, 6.402, 6.431, 6.394, 5.789, 5.09, 5.108, 6.216, 6.563, 6.003, 5.178, 4.542, 4.495, 3.931, 3.47, 2.786, 3.478, 3.458, 2.85, 2.554, 3.04, 3.26, 3.406, 3.263, 3.212, 3.331, 3.664], [7.322, 7.022, 6.903, 7.559, 7.896, 7.512, 6.856, 6.874, 6.768, 7.004, 6.06, 4.735, 4.028, 3.359, 3.142, 3.643, 4.416, 4.332, 3.622, 2.958, 2.38, 2.041, 1.818, 1.861, 2.8, 3.66, 3.217, 2.025, 2.122, 1.815, 2.35, 2.258, 2.447, 1.951, 1.705, 1.474, 1.078, 1.03, 1.488, 1.979, 1.489, 1.527, 1.155, 0.0, 0.953, 1.052, 1.011, 1.299, 1.635, 1.691, 1.656, 1.823, 1.823, 3.162, 4.794, 6.526, 7.426, 7.194, 6.802, 7.094, 7.153, 7.188, 7.178, 6.561, 5.85, 5.857, 6.941, 7.361, 6.759, 5.898, 5.194, 5.112, 4.546, 4.094, 3.168, 3.009, 3.191, 2.713, 2.651, 3.385, 3.623, 3.686, 3.421, 3.111, 3.08, 3.29], [7.823, 7.55, 7.45, 8.106, 8.443, 8.06, 7.38, 7.355, 7.273, 7.551, 6.588, 5.275, 4.541, 3.862, 3.54, 3.942, 4.898, 4.819, 4.051, 3.201, 2.584, 2.208, 1.915, 2.162, 3.302, 4.229, 3.713, 2.536, 2.314, 1.769, 2.341, 2.593, 2.824, 1.9, 1.538, 1.027, 0.922, 1.121, 2.094, 2.555, 1.91, 1.874, 1.397, 0.953, 0.0, 0.563, 0.554, 0.893, 1.179, 1.399, 1.314, 1.292, 1.859, 3.197, 5.028, 6.78, 7.617, 7.442, 7.019, 7.322, 7.47, 7.451, 7.459, 6.889, 6.123, 6.141, 7.273, 7.666, 7.2, 6.321, 5.661, 5.467, 4.756, 4.242, 3.3, 2.801, 2.839, 2.629, 2.488, 3.496, 3.746, 3.76, 3.378, 2.826, 2.647, 2.848], [7.758, 7.494, 7.395, 8.051, 8.388, 8.005, 7.324, 7.203, 7.161, 7.496, 6.533, 5.22, 4.484, 3.763, 3.441, 3.932, 4.847, 4.693, 3.967, 3.041, 2.484, 2.135, 1.831, 2.097, 3.232, 4.152, 3.658, 2.507, 2.236, 1.691, 2.334, 2.589, 2.814, 1.923, 1.559, 1.151, 0.875, 1.185, 1.959, 2.494, 1.892, 1.739, 1.376, 1.052, 0.563, 0.0, 0.434, 0.95, 1.341, 1.563, 1.416, 1.339, 1.919, 3.199, 5.049, 6.642, 7.486, 7.305, 6.896, 7.185, 7.33, 7.314, 7.315, 6.76, 5.992, 5.987, 7.129, 7.517, 7.083, 6.218, 5.554, 5.434, 4.71, 4.084, 3.215, 2.869, 2.86, 2.661, 2.507, 3.481, 3.668, 3.717, 3.416, 2.857, 2.677, 2.872], [7.913, 7.638, 7.525, 8.181, 8.518, 8.135, 7.46, 7.348, 7.307, 7.626, 6.663, 5.35, 4.615, 3.856, 3.454, 3.997, 4.991, 4.822, 4.122, 3.171, 2.584, 2.252, 1.97, 2.226, 3.362, 4.282, 3.788, 2.556, 2.345, 1.796, 2.454, 2.678, 2.899, 1.973, 1.47, 1.09, 0.883, 1.189, 2.051, 2.613, 1.95, 1.782, 1.475, 1.011, 0.554, 0.434, 0.0, 0.808, 1.215, 1.421, 1.294, 1.224, 1.828, 3.242, 5.053, 6.686, 7.514, 7.332, 6.919, 7.216, 7.352, 7.333, 7.334, 6.763, 6.009, 6.011, 7.157, 7.566, 7.195, 6.249, 5.612, 5.476, 4.697, 4.097, 3.178, 2.829, 2.859, 2.633, 2.508, 3.455, 3.635, 3.708, 3.404, 2.881, 2.7, 2.882], [8.447, 8.142, 7.994, 8.637, 8.97, 8.577, 7.98, 7.839, 7.824, 8.079, 7.106, 5.838, 5.141, 4.345, 3.95, 4.598, 5.525, 5.355, 4.665, 3.638, 2.863, 2.587, 2.269, 2.662, 3.801, 4.771, 4.227, 3.087, 2.791, 2.206, 2.891, 3.02, 3.238, 2.218, 1.49, 0.997, 1.245, 1.548, 2.611, 3.127, 2.484, 2.228, 2.072, 1.299, 0.893, 0.95, 0.808, 0.0, 0.761, 1.083, 1.121, 1.024, 1.77, 3.264, 5.165, 7.05, 7.98, 7.762, 7.331, 7.633, 7.707, 7.723, 7.725, 7.13, 6.47, 6.39, 7.51, 7.969, 7.648, 6.7, 6.009, 5.968, 5.117, 4.457, 3.322, 2.603, 2.721, 2.626, 2.654, 3.666, 3.861, 3.847, 3.475, 2.859, 2.58, 2.62], [8.675, 8.371, 8.197, 8.865, 9.197, 8.755, 8.209, 8.143, 8.06, 8.252, 7.289, 6.067, 5.369, 4.573, 4.139, 4.727, 5.753, 5.569, 4.875, 3.838, 3.067, 2.834, 2.565, 2.918, 3.955, 5.059, 4.46, 3.399, 3.062, 2.45, 3.097, 3.351, 3.526, 2.282, 1.603, 1.063, 1.455, 1.748, 2.882, 3.358, 2.749, 2.602, 2.332, 1.635, 1.179, 1.341, 1.215, 0.761, 0.0, 0.746, 0.953, 1.027, 1.754, 3.37, 5.333, 7.188, 8.119, 7.942, 7.386, 7.681, 7.92, 7.814, 7.841, 7.344, 6.575, 6.508, 7.715, 8.182, 7.83, 6.87, 6.15, 6.144, 5.279, 4.613, 3.484, 2.651, 2.765, 2.724, 2.797, 3.788, 4.046, 4.011, 3.497, 2.819, 2.565, 2.485], [8.621, 8.316, 8.143, 8.81, 9.152, 8.707, 8.16, 8.167, 8.107, 8.218, 7.269, 6.023, 5.338, 4.599, 4.122, 4.653, 5.705, 5.579, 4.808, 3.842, 3.103, 2.879, 2.636, 2.932, 3.945, 5.013, 4.472, 3.376, 3.065, 2.554, 3.046, 3.273, 3.457, 2.306, 1.669, 1.237, 1.628, 1.859, 2.803, 3.296, 2.759, 2.604, 2.386, 1.691, 1.399, 1.563, 1.421, 1.083, 0.746, 0.0, 0.683, 1.114, 1.934, 3.461, 5.327, 7.103, 8.107, 7.962, 7.397, 7.722, 8.058, 7.883, 7.948, 7.475, 6.709, 6.643, 7.852, 8.316, 7.926, 6.949, 6.213, 6.161, 5.416, 4.761, 3.445, 2.73, 2.837, 2.88, 3.01, 3.849, 4.088, 4.114, 3.644, 2.921, 2.716, 2.663], [8.664, 8.372, 8.261, 8.916, 9.253, 8.87, 8.218, 8.071, 8.054, 8.361, 7.398, 6.109, 5.391, 4.589, 4.123, 4.696, 5.742, 5.55, 4.846, 3.839, 2.939, 2.839, 2.536, 2.935, 4.101, 5.051, 4.523, 3.42, 3.141, 2.466, 3.056, 3.274, 3.45, 2.276, 1.434, 1.202, 1.525, 1.762, 2.804, 3.231, 2.679, 2.456, 2.28, 1.656, 1.314, 1.416, 1.294, 1.121, 0.953, 0.683, 0.0, 0.958, 2.133, 3.631, 5.358, 6.996, 8.001, 7.823, 7.331, 7.66, 7.971, 7.816, 7.866, 7.406, 6.662, 6.567, 7.791, 8.253, 7.925, 6.951, 6.242, 6.261, 5.391, 4.627, 3.38, 2.672, 2.798, 2.89, 3.052, 3.851, 3.989, 4.08, 3.649, 3.031, 2.762, 2.752], [8.839, 8.613, 8.514, 9.17, 9.507, 9.123, 8.443, 8.304, 8.269, 8.615, 7.651, 6.338, 5.603, 4.79, 4.312, 4.857, 5.902, 5.714, 5.024, 3.986, 3.058, 2.999, 2.679, 3.108, 4.351, 5.337, 4.796, 3.624, 3.343, 2.755, 3.325, 3.498, 3.64, 2.496, 1.645, 1.36, 1.422, 1.804, 2.952, 3.325, 2.866, 2.585, 2.457, 1.823, 1.292, 1.339, 1.224, 1.024, 1.027, 1.114, 0.958, 0.0, 1.888, 3.653, 5.52, 7.157, 8.051, 7.911, 7.453, 7.781, 8.085, 7.956, 8.0, 7.585, 6.816, 6.685, 7.9, 8.356, 8.17, 7.209, 6.517, 6.468, 5.537, 4.708, 3.477, 2.787, 2.947, 2.886, 3.045, 4.034, 4.165, 4.173, 3.78, 3.148, 2.867, 2.869], [8.014, 7.713, 7.597, 8.333, 8.648, 8.241, 7.576, 7.544, 7.503, 7.714, 6.803, 5.443, 4.779, 4.157, 3.599, 4.171, 5.18, 5.055, 4.472, 4.068, 3.744, 3.386, 3.136, 3.02, 3.655, 4.597, 4.072, 3.034, 3.185, 3.111, 3.648, 3.687, 3.832, 3.399, 2.881, 2.448, 1.842, 1.834, 2.589, 2.939, 2.336, 2.106, 2.111, 1.823, 1.859, 1.919, 1.828, 1.77, 1.754, 1.934, 2.133, 1.888, 0.0, 2.297, 4.599, 6.5, 7.458, 7.338, 6.841, 7.176, 7.516, 7.408, 7.425, 6.931, 6.225, 6.119, 7.335, 7.808, 7.498, 6.51, 5.806, 5.818, 5.12, 4.465, 3.215, 3.192, 3.294, 2.538, 2.548, 3.606, 3.917, 3.818, 3.398, 2.858, 2.83, 3.057], [5.977, 5.646, 5.544, 6.283, 6.602, 6.172, 5.549, 5.469, 5.475, 5.645, 4.743, 3.919, 3.936, 3.588, 3.372, 3.491, 3.846, 3.668, 4.283, 4.667, 5.032, 4.383, 4.15, 3.767, 3.692, 3.372, 2.806, 2.889, 3.665, 4.082, 4.65, 4.746, 4.742, 4.392, 4.186, 3.827, 3.313, 3.264, 3.368, 3.449, 2.952, 2.554, 2.979, 3.162, 3.197, 3.199, 3.242, 3.264, 3.37, 3.461, 3.631, 3.653, 2.297, 0.0, 2.461, 4.616, 5.562, 5.33, 4.846, 5.23, 5.514, 5.426, 5.459, 4.891, 4.187, 4.124, 5.358, 5.856, 5.547, 4.617, 4.024, 4.103, 3.437, 3.006, 2.826, 4.257, 4.161, 2.954, 2.513, 2.82, 3.037, 2.966, 2.992, 3.218, 3.367, 3.909], [4.09, 3.849, 3.965, 4.42, 4.575, 4.118, 3.945, 3.666, 3.979, 4.059, 3.444, 3.522, 3.987, 3.788, 3.741, 3.713, 3.799, 3.697, 4.872, 5.682, 6.431, 5.687, 5.541, 5.331, 4.757, 4.049, 3.369, 3.931, 4.878, 5.337, 5.953, 6.01, 5.932, 5.658, 5.447, 5.422, 5.163, 5.092, 4.853, 4.748, 4.349, 4.136, 4.356, 4.794, 5.028, 5.049, 5.053, 5.165, 5.333, 5.327, 5.358, 5.52, 4.599, 2.461, 0.0, 2.381, 3.306, 3.138, 2.625, 3.046, 3.431, 3.42, 3.401, 2.795, 2.444, 2.31, 3.366, 3.965, 3.961, 3.202, 2.902, 3.057, 2.519, 2.704, 3.593, 5.415, 5.277, 4.395, 3.767, 2.67, 2.633, 2.675, 3.36, 4.336, 4.834, 5.499], [2.809, 2.541, 2.757, 3.138, 2.916, 2.958, 2.893, 2.707, 3.015, 3.265, 2.976, 3.422, 4.093, 3.936, 3.993, 4.038, 3.858, 3.894, 5.292, 6.457, 7.265, 6.817, 6.802, 6.5, 5.736, 4.912, 4.376, 5.287, 6.143, 6.502, 6.895, 6.824, 6.841, 6.482, 6.879, 7.171, 6.859, 6.744, 6.33, 6.253, 5.817, 5.46, 5.786, 6.526, 6.78, 6.642, 6.686, 7.05, 7.188, 7.103, 6.996, 7.157, 6.5, 4.616, 2.381, 0.0, 1.178, 1.284, 1.192, 1.449, 2.001, 1.888, 1.921, 1.425, 1.803, 1.747, 2.226, 2.794, 2.892, 2.724, 2.418, 2.643, 2.825, 3.283, 5.067, 7.191, 7.156, 6.282, 6.076, 4.861, 4.36, 4.791, 5.621, 6.45, 6.879, 7.508], [2.286, 2.13, 2.387, 2.676, 2.291, 2.614, 2.89, 2.435, 2.736, 3.049, 2.946, 3.735, 4.323, 4.372, 4.552, 4.442, 3.991, 4.05, 5.722, 6.963, 7.847, 7.502, 7.498, 7.155, 6.282, 5.422, 5.027, 6.121, 6.883, 7.198, 7.52, 7.33, 7.344, 7.102, 7.718, 8.027, 7.79, 7.671, 7.094, 7.09, 6.687, 6.268, 6.625, 7.426, 7.617, 7.486, 7.514, 7.98, 8.119, 8.107, 8.001, 8.051, 7.458, 5.562, 3.306, 1.178, 0.0, 0.724, 1.162, 0.977, 1.365, 1.155, 1.154, 1.206, 1.834, 1.936, 1.899, 2.217, 2.555, 2.517, 2.671, 2.87, 3.452, 4.097, 5.932, 8.119, 8.14, 7.245, 6.985, 5.779, 5.27, 5.689, 6.551, 7.392, 7.865, 8.466], [2.187, 1.885, 2.103, 2.452, 2.114, 2.512, 2.781, 2.345, 2.557, 2.785, 2.701, 3.42, 4.047, 4.112, 4.3, 4.229, 3.804, 3.855, 5.495, 6.733, 7.601, 7.259, 7.244, 6.912, 6.041, 5.16, 4.757, 5.882, 6.584, 6.918, 7.265, 7.094, 7.075, 6.859, 7.569, 7.861, 7.622, 7.499, 6.852, 6.868, 6.471, 6.03, 6.41, 7.194, 7.442, 7.305, 7.332, 7.762, 7.942, 7.962, 7.823, 7.911, 7.338, 5.33, 3.138, 1.284, 0.724, 0.0, 0.974, 0.858, 1.096, 0.944, 1.019, 0.946, 1.591, 1.698, 1.501, 1.921, 2.244, 2.24, 2.32, 2.571, 3.202, 3.891, 5.946, 8.169, 8.082, 7.226, 6.781, 5.575, 5.066, 5.495, 6.382, 7.261, 7.755, 8.377], [2.496, 2.133, 2.246, 2.687, 2.526, 2.577, 2.871, 2.417, 2.884, 2.926, 2.753, 3.27, 3.937, 3.839, 4.076, 3.936, 3.683, 3.734, 5.361, 6.576, 7.405, 7.032, 7.017, 6.692, 5.779, 5.005, 4.495, 5.516, 6.309, 6.691, 7.038, 6.962, 6.943, 6.645, 7.073, 7.4, 7.178, 7.065, 6.567, 6.514, 6.082, 5.709, 6.034, 6.802, 7.019, 6.896, 6.919, 7.331, 7.386, 7.397, 7.331, 7.453, 6.841, 4.846, 2.625, 1.192, 1.162, 0.974, 0.0, 0.712, 1.226, 1.198, 1.214, 1.027, 1.339, 1.223, 1.43, 1.911, 2.269, 2.205, 2.019, 2.408, 2.619, 3.26, 5.332, 7.523, 7.372, 6.537, 6.098, 4.88, 4.377, 4.814, 5.629, 6.609, 7.124, 7.662], [2.37, 2.047, 2.182, 2.625, 2.381, 2.625, 2.914, 2.446, 2.807, 2.888, 2.713, 3.398, 4.063, 4.069, 4.268, 4.181, 3.814, 3.85, 5.468, 6.695, 7.537, 7.196, 7.181, 6.866, 5.927, 5.147, 4.675, 5.831, 6.497, 6.855, 7.202, 7.062, 7.057, 6.798, 7.362, 7.699, 7.502, 7.379, 6.776, 6.775, 6.371, 5.944, 6.31, 7.094, 7.322, 7.185, 7.216, 7.633, 7.681, 7.722, 7.66, 7.781, 7.176, 5.23, 3.046, 1.449, 0.977, 0.858, 0.712, 0.0, 0.98, 0.833, 0.856, 0.941, 1.464, 1.437, 1.357, 1.828, 2.187, 2.25, 2.114, 2.446, 2.941, 3.581, 5.649, 7.797, 7.749, 6.876, 6.502, 5.277, 4.767, 5.129, 6.09, 6.966, 7.495, 8.036], [2.252, 2.007, 2.078, 2.328, 2.108, 2.41, 2.824, 2.325, 2.596, 2.689, 2.727, 3.484, 4.032, 4.097, 4.297, 4.329, 3.61, 3.653, 5.36, 6.603, 7.457, 7.104, 7.088, 6.795, 5.853, 5.079, 4.627, 5.851, 6.445, 6.767, 7.11, 6.964, 6.974, 6.724, 7.526, 7.806, 7.655, 7.496, 6.789, 6.829, 6.417, 5.988, 6.402, 7.153, 7.47, 7.33, 7.352, 7.707, 7.92, 8.058, 7.971, 8.085, 7.516, 5.514, 3.431, 2.001, 1.365, 1.096, 1.226, 0.98, 0.0, 0.877, 0.797, 0.924, 1.59, 1.739, 1.395, 1.612, 1.887, 1.974, 2.165, 2.436, 3.127, 3.883, 6.123, 8.31, 8.208, 7.342, 6.766, 5.548, 5.051, 5.487, 6.392, 7.361, 7.871, 8.475], [2.25, 2.038, 2.096, 2.53, 2.507, 2.611, 3.058, 2.573, 2.65, 3.016, 2.966, 3.663, 4.227, 4.261, 4.34, 4.294, 3.876, 3.901, 5.523, 6.734, 7.6, 7.259, 7.244, 6.913, 5.946, 5.222, 4.825, 5.905, 6.588, 6.917, 7.267, 7.08, 7.092, 6.859, 7.475, 7.799, 7.638, 7.508, 6.861, 6.899, 6.495, 6.054, 6.431, 7.188, 7.451, 7.314, 7.333, 7.723, 7.814, 7.883, 7.816, 7.956, 7.408, 5.426, 3.42, 1.888, 1.155, 0.944, 1.198, 0.833, 0.877, 0.0, 0.738, 1.04, 1.499, 1.597, 1.176, 1.542, 2.084, 2.118, 2.233, 2.489, 3.043, 3.759, 5.854, 8.013, 7.958, 7.089, 6.662, 5.436, 4.928, 5.305, 6.268, 7.145, 7.711, 8.24], [2.159, 2.041, 2.237, 2.386, 2.183, 2.39, 2.742, 2.26, 2.559, 2.803, 2.709, 3.536, 4.08, 4.126, 4.259, 4.278, 3.596, 3.596, 5.289, 6.517, 7.453, 7.08, 7.065, 6.756, 5.788, 4.988, 4.627, 5.85, 6.455, 6.783, 7.11, 6.846, 6.866, 6.736, 7.474, 7.8, 7.646, 7.508, 6.827, 6.856, 6.45, 6.009, 6.394, 7.178, 7.459, 7.315, 7.334, 7.725, 7.841, 7.948, 7.866, 8.0, 7.425, 5.459, 3.401, 1.921, 1.154, 1.019, 1.214, 0.856, 0.797, 0.738, 0.0, 0.964, 1.459, 1.603, 1.382, 1.713, 2.07, 1.925, 2.227, 2.356, 3.068, 3.784, 5.966, 8.122, 8.05, 7.18, 6.72, 5.494, 4.988, 5.359, 6.332, 7.215, 7.754, 8.34], [2.12, 1.822, 2.017, 2.406, 2.137, 2.242, 2.433, 2.156, 2.426, 2.593, 2.397, 2.914, 3.552, 3.556, 3.691, 3.738, 3.246, 3.289, 4.799, 6.041, 6.899, 6.557, 6.554, 6.215, 5.248, 4.506, 4.053, 5.208, 5.873, 6.225, 6.563, 6.408, 6.412, 6.168, 6.997, 7.253, 7.054, 6.904, 6.195, 6.237, 5.822, 5.408, 5.789, 6.561, 6.889, 6.76, 6.763, 7.13, 7.344, 7.475, 7.406, 7.585, 6.931, 4.891, 2.795, 1.425, 1.206, 0.946, 1.027, 0.941, 0.924, 1.04, 0.964, 0.0, 1.069, 1.342, 1.257, 1.689, 1.839, 1.702, 1.68, 1.897, 2.591, 3.403, 5.638, 7.828, 7.714, 6.843, 6.214, 4.986, 4.514, 4.949, 5.864, 6.844, 7.353, 7.996], [2.452, 2.294, 2.373, 2.798, 2.939, 2.554, 2.358, 1.956, 2.238, 2.264, 1.924, 2.398, 2.929, 2.914, 3.019, 2.959, 2.606, 2.601, 4.171, 5.397, 6.258, 5.916, 5.9, 5.574, 4.608, 3.864, 3.462, 4.535, 5.227, 5.574, 5.922, 5.742, 5.722, 5.516, 6.221, 6.47, 6.314, 6.167, 5.511, 5.568, 5.136, 4.78, 5.09, 5.85, 6.123, 5.992, 6.009, 6.47, 6.575, 6.709, 6.662, 6.816, 6.225, 4.187, 2.444, 1.803, 1.834, 1.591, 1.339, 1.464, 1.59, 1.499, 1.459, 1.069, 0.0, 0.731, 1.333, 1.936, 1.947, 1.239, 1.143, 1.268, 1.748, 2.547, 4.831, 7.016, 6.883, 6.03, 5.36, 4.123, 3.679, 4.085, 4.988, 6.002, 6.549, 7.167], [2.717, 2.443, 2.511, 2.999, 3.279, 2.889, 2.727, 2.294, 2.544, 2.601, 2.266, 2.488, 3.105, 3.0, 3.181, 3.082, 2.874, 2.856, 4.421, 5.631, 6.456, 6.083, 6.068, 5.747, 4.85, 4.129, 3.642, 4.595, 5.365, 5.742, 6.089, 6.017, 5.998, 5.692, 6.133, 6.459, 6.307, 6.166, 5.623, 5.598, 5.145, 4.77, 5.108, 5.857, 6.141, 5.987, 6.011, 6.39, 6.508, 6.643, 6.567, 6.685, 6.119, 4.124, 2.31, 1.747, 1.936, 1.698, 1.223, 1.437, 1.739, 1.597, 1.603, 1.342, 0.731, 0.0, 1.33, 1.911, 2.118, 1.424, 1.102, 1.453, 1.728, 2.375, 4.564, 6.772, 6.62, 5.752, 5.243, 4.029, 3.512, 3.968, 4.859, 5.884, 6.415, 6.905], [2.346, 2.162, 2.041, 2.378, 2.892, 2.717, 3.075, 2.458, 2.562, 2.619, 2.704, 3.405, 3.929, 3.947, 4.166, 4.148, 3.604, 3.617, 5.239, 6.456, 7.308, 6.965, 6.95, 6.652, 5.704, 4.971, 4.525, 5.639, 6.279, 6.623, 6.971, 6.83, 6.811, 6.565, 7.3, 7.611, 7.459, 7.297, 6.597, 6.684, 6.231, 5.796, 6.216, 6.941, 7.273, 7.129, 7.157, 7.51, 7.715, 7.852, 7.791, 7.9, 7.335, 5.358, 3.366, 2.226, 1.899, 1.501, 1.43, 1.357, 1.395, 1.176, 1.382, 1.257, 1.333, 1.33, 0.0, 0.944, 1.48, 1.754, 1.904, 2.268, 2.854, 3.587, 5.766, 7.965, 7.809, 6.906, 6.403, 5.207, 4.693, 5.134, 6.081, 7.073, 7.643, 8.115], [2.5, 2.493, 2.314, 2.345, 2.979, 2.744, 3.209, 2.697, 2.738, 2.758, 2.978, 3.778, 4.3, 4.349, 4.615, 4.6, 3.791, 3.778, 5.481, 6.698, 7.612, 7.255, 7.256, 7.02, 6.028, 5.277, 4.89, 6.069, 6.623, 6.937, 7.278, 7.028, 6.996, 6.868, 7.744, 7.992, 7.817, 7.681, 6.993, 7.086, 6.593, 6.193, 6.563, 7.361, 7