[[0.0, 1.303, 2.155, 3.351, 4.307, 4.561, 4.751, 4.955, 4.871, 4.756, 4.859, 5.004, 4.509, 4.492, 4.732, 4.941, 4.883, 4.903, 5.51, 6.025, 6.05, 6.249, 6.306, 6.331, 5.802, 4.838, 4.773, 4.49, 5.131, 6.454, 7.081, 6.897, 6.082, 6.198, 6.184, 5.913, 5.376, 5.125, 5.086, 5.432, 5.858, 5.848, 5.713, 6.009, 6.847, 6.992, 6.682, 6.906, 7.337, 7.445, 7.313, 7.503, 7.877, 8.344, 8.795, 9.315, 9.302, 9.163, 8.998, 8.702, 8.205, 8.39, 8.022, 6.381, 3.917, 3.137, 3.359, 3.621, 3.885, 4.444, 4.802, 4.997, 5.131, 5.532, 5.583, 5.759, 5.765, 5.282, 5.051, 5.235, 5.35, 4.156, 2.762, 2.569, 2.539, 2.49], [1.303, 0.0, 1.348, 2.47, 3.374, 3.521, 3.827, 4.068, 3.941, 3.739, 3.859, 4.021, 3.527, 3.533, 3.771, 3.969, 3.91, 3.919, 4.493, 5.01, 5.067, 5.266, 5.323, 5.338, 4.826, 4.3, 4.549, 3.87, 4.152, 5.435, 6.068, 5.863, 5.05, 5.15, 5.159, 4.897, 4.412, 4.11, 4.148, 4.455, 4.836, 4.866, 4.753, 5.04, 5.884, 6.02, 5.705, 5.891, 6.292, 6.424, 6.351, 6.567, 6.846, 7.307, 7.907, 8.427, 8.394, 8.254, 8.046, 7.662, 7.171, 7.356, 6.997, 5.349, 2.95, 2.487, 2.431, 2.624, 2.876, 3.485, 3.829, 4.061, 4.378, 4.769, 4.692, 4.927, 4.856, 4.33, 4.046, 4.376, 4.528, 3.429, 2.147, 1.841, 1.986, 2.033], [2.155, 1.348, 0.0, 1.449, 2.294, 2.584, 2.745, 2.905, 2.844, 2.891, 3.206, 3.431, 2.995, 3.25, 3.523, 3.622, 3.503, 3.496, 3.821, 4.287, 4.497, 4.691, 4.716, 4.766, 4.495, 4.323, 4.547, 3.833, 3.72, 4.809, 5.412, 5.07, 4.399, 4.46, 4.444, 4.425, 4.24, 4.008, 4.062, 4.138, 4.319, 4.303, 4.251, 4.743, 5.545, 5.826, 5.323, 5.219, 5.576, 5.532, 5.37, 5.575, 5.982, 6.374, 6.744, 7.266, 7.245, 7.149, 6.98, 6.726, 6.321, 6.464, 6.035, 4.509, 2.769, 2.453, 2.22, 2.183, 2.66, 3.209, 3.457, 3.95, 4.41, 4.714, 4.549, 4.892, 4.627, 4.098, 3.776, 4.267, 4.437, 3.384, 2.132, 2.299, 2.434, 2.299], [3.351, 2.47, 1.449, 0.0, 1.142, 1.479, 1.578, 1.758, 1.556, 1.614, 2.109, 2.523, 1.926, 2.391, 2.647, 2.62, 2.527, 2.42, 2.589, 3.134, 3.361, 3.571, 3.507, 3.671, 3.405, 3.66, 4.106, 3.551, 2.6, 3.708, 4.323, 3.966, 3.452, 3.406, 3.417, 3.471, 3.398, 3.143, 3.341, 3.385, 3.472, 3.39, 3.367, 3.861, 4.577, 4.733, 4.282, 4.153, 4.37, 4.279, 4.241, 4.449, 4.705, 5.112, 5.622, 6.075, 5.99, 5.894, 5.682, 5.404, 5.01, 5.22, 4.719, 3.199, 2.217, 2.502, 1.916, 1.803, 2.017, 2.276, 2.667, 3.215, 3.699, 3.975, 3.764, 4.17, 3.931, 3.277, 3.128, 3.579, 3.766, 2.824, 2.562, 2.884, 3.09, 3.105], [4.307, 3.374, 2.294, 1.142, 0.0, 0.773, 0.816, 0.978, 1.201, 1.378, 1.84, 2.2, 1.894, 2.769, 3.052, 2.909, 2.713, 2.728, 2.529, 2.718, 2.936, 3.029, 3.145, 3.235, 3.333, 4.102, 4.691, 4.159, 2.654, 3.035, 3.662, 3.211, 3.018, 2.774, 2.873, 3.172, 3.234, 3.237, 3.375, 3.36, 3.429, 3.413, 3.318, 3.757, 4.295, 4.322, 3.905, 3.559, 3.719, 3.513, 3.362, 3.603, 3.886, 4.192, 4.689, 5.141, 5.037, 4.964, 4.728, 4.496, 4.219, 4.247, 3.788, 2.613, 2.915, 3.209, 2.615, 2.333, 2.483, 2.596, 2.865, 3.274, 3.764, 4.061, 3.734, 3.913, 3.707, 2.973, 2.879, 3.402, 3.596, 3.047, 3.369, 3.665, 3.838, 3.877], [4.561, 3.521, 2.584, 1.479, 0.773, 0.0, 0.803, 1.156, 1.2, 1.21, 1.721, 2.146, 1.786, 2.455, 2.736, 2.606, 2.525, 2.493, 2.371, 2.478, 2.811, 2.916, 3.055, 3.142, 3.272, 3.98, 4.43, 3.915, 2.569, 2.889, 3.745, 3.116, 3.083, 2.805, 2.799, 3.099, 3.236, 3.176, 3.417, 3.344, 3.352, 3.39, 3.312, 3.799, 4.286, 4.292, 3.916, 3.439, 3.652, 3.545, 3.516, 3.755, 3.733, 4.023, 4.924, 5.274, 5.17, 4.937, 4.601, 4.209, 3.966, 3.979, 3.554, 2.376, 2.852, 3.127, 2.554, 2.34, 2.555, 2.732, 2.987, 3.389, 3.791, 4.091, 3.922, 4.102, 3.834, 3.124, 2.959, 3.519, 3.638, 3.066, 3.169, 3.511, 3.658, 3.745], [4.751, 3.827, 2.745, 1.578, 0.816, 0.803, 0.0, 0.907, 1.018, 1.295, 1.898, 2.224, 2.046, 2.88, 3.144, 2.99, 2.853, 2.818, 2.676, 2.68, 2.965, 3.075, 3.202, 3.283, 3.474, 4.286, 4.769, 4.258, 2.75, 2.864, 3.576, 2.974, 2.919, 2.728, 2.842, 3.221, 3.419, 3.368, 3.548, 3.528, 3.523, 3.593, 3.483, 3.984, 4.387, 4.36, 3.944, 3.631, 3.526, 3.258, 3.114, 3.272, 3.49, 3.796, 4.483, 4.958, 4.764, 4.659, 4.31, 4.098, 3.795, 3.833, 3.433, 2.346, 3.109, 3.421, 2.869, 2.58, 2.755, 2.868, 3.196, 3.561, 4.052, 4.345, 4.048, 4.117, 3.895, 3.096, 2.982, 3.607, 3.837, 3.385, 3.552, 3.828, 4.01, 4.15], [4.955, 4.068, 2.905, 1.758, 0.978, 1.156, 0.907, 0.0, 0.938, 1.32, 1.953, 2.29, 2.032, 2.99, 3.282, 3.139, 2.894, 2.942, 2.82, 2.845, 3.149, 3.109, 3.216, 3.386, 3.446, 4.375, 4.913, 4.403, 2.865, 3.173, 3.911, 3.343, 3.151, 2.885, 2.875, 3.205, 3.428, 3.339, 3.584, 3.513, 3.476, 3.523, 3.397, 3.948, 4.47, 4.497, 4.098, 3.61, 3.7, 3.399, 3.174, 3.362, 3.607, 3.887, 4.315, 4.743, 4.657, 4.609, 4.333, 4.12, 3.897, 3.914, 3.425, 2.559, 3.173, 3.597, 3.022, 2.66, 2.706, 2.764, 3.107, 3.451, 3.941, 4.231, 4.017, 4.173, 3.992, 3.22, 3.083, 3.679, 3.774, 3.432, 3.862, 4.186, 4.305, 4.452], [4.871, 3.941, 2.844, 1.556, 1.201, 1.2, 1.018, 0.938, 0.0, 0.972, 1.578, 1.884, 1.724, 2.622, 2.868, 2.711, 2.592, 2.568, 2.487, 2.477, 2.858, 2.742, 2.754, 2.976, 3.082, 4.135, 4.515, 4.056, 2.42, 2.891, 3.623, 3.069, 2.914, 2.638, 2.675, 3.018, 3.18, 3.1, 3.311, 3.301, 3.267, 3.318, 3.216, 3.758, 4.232, 4.233, 3.816, 3.394, 3.553, 3.295, 3.189, 3.375, 3.46, 3.789, 4.539, 4.969, 4.681, 4.652, 4.151, 3.942, 3.696, 3.868, 3.237, 2.198, 2.665, 3.3, 2.696, 2.399, 2.448, 2.512, 2.933, 3.291, 3.738, 4.036, 3.885, 4.037, 3.796, 3.068, 2.943, 3.471, 3.658, 3.456, 3.545, 3.823, 4.003, 4.204], [4.756, 3.739, 2.891, 1.614, 1.378, 1.21, 1.295, 1.32, 0.972, 0.0, 1.298, 1.553, 1.283, 2.065, 2.357, 2.193, 2.088, 2.028, 1.971, 2.006, 2.422, 2.368, 2.389, 2.602, 2.723, 3.586, 4.047, 3.53, 2.014, 2.62, 3.433, 2.862, 2.809, 2.557, 2.58, 2.737, 2.914, 2.771, 3.043, 3.005, 2.906, 2.883, 2.867, 3.355, 3.869, 3.866, 3.544, 3.021, 3.238, 3.281, 3.37, 3.58, 3.462, 3.93, 4.861, 5.29, 4.935, 4.903, 4.452, 4.028, 3.565, 3.735, 3.357, 2.103, 2.254, 2.84, 2.141, 1.9, 1.926, 2.186, 2.626, 2.88, 3.274, 3.611, 3.625, 3.823, 3.586, 2.867, 2.707, 3.304, 3.347, 2.944, 3.147, 3.486, 3.677, 3.814], [4.859, 3.859, 3.206, 2.109, 1.84, 1.721, 1.898, 1.953, 1.578, 1.298, 0.0, 0.813, 1.004, 1.72, 1.983, 1.874, 1.748, 1.64, 1.536, 1.579, 1.784, 1.799, 1.773, 1.848, 2.135, 3.311, 3.869, 3.346, 1.512, 1.977, 3.12, 2.69, 2.464, 2.249, 1.891, 1.928, 2.028, 1.941, 2.192, 2.154, 2.162, 2.2, 2.084, 2.471, 2.898, 2.935, 2.527, 2.324, 2.95, 3.506, 3.671, 3.83, 3.743, 4.168, 5.21, 5.617, 5.451, 5.317, 4.937, 4.381, 3.689, 3.963, 3.642, 2.229, 1.759, 2.383, 1.904, 1.657, 1.692, 1.742, 1.834, 2.087, 2.524, 2.794, 2.649, 2.733, 2.5, 1.894, 1.757, 2.38, 2.518, 2.374, 2.729, 3.123, 3.372, 3.38], [5.004, 4.021, 3.431, 2.523, 2.2, 2.146, 2.224, 2.29, 1.884, 1.553, 0.813, 0.0, 1.047, 1.951, 2.125, 2.021, 1.88, 1.944, 1.917, 1.976, 1.979, 1.788, 1.773, 1.885, 2.113, 3.377, 4.029, 3.467, 1.683, 2.104, 3.176, 2.778, 2.55, 2.358, 2.006, 1.868, 1.938, 1.919, 2.017, 1.985, 2.07, 2.01, 1.91, 2.213, 2.659, 2.719, 2.335, 2.293, 3.099, 3.575, 3.698, 3.782, 3.76, 4.243, 5.144, 5.62, 5.467, 5.216, 4.872, 4.33, 3.758, 3.878, 3.657, 2.278, 2.237, 2.58, 2.354, 1.953, 1.895, 1.938, 1.916, 2.043, 2.456, 2.766, 2.565, 2.65, 2.486, 1.924, 1.587, 2.349, 2.373, 2.503, 3.145, 3.443, 3.707, 3.603], [4.509, 3.527, 2.995, 1.926, 1.894, 1.786, 2.046, 2.032, 1.724, 1.283, 1.004, 1.047, 0.0, 1.327, 1.575, 1.438, 1.275, 1.304, 1.553, 1.85, 1.814, 1.913, 1.903, 2.12, 1.955, 2.802, 3.401, 2.829, 1.188, 2.365, 3.576, 3.106, 2.741, 2.638, 2.302, 1.863, 1.925, 1.875, 2.035, 2.063, 2.061, 1.981, 1.866, 2.409, 2.962, 3.046, 2.65, 2.831, 3.621, 3.862, 3.971, 4.159, 4.071, 4.56, 5.487, 5.863, 5.734, 5.525, 5.137, 4.648, 4.131, 4.278, 4.045, 2.38, 1.628, 2.184, 1.755, 1.415, 1.465, 1.657, 1.784, 2.063, 2.391, 2.7, 2.728, 2.96, 2.701, 2.153, 1.841, 2.478, 2.47, 2.113, 2.576, 2.897, 3.109, 3.196], [4.492, 3.533, 3.25, 2.391, 2.769, 2.455, 2.88, 2.99, 2.622, 2.065, 1.72, 1.951, 1.327, 0.0, 0.601, 0.811, 0.871, 0.869, 1.399, 1.823, 1.906, 2.039, 2.112, 2.233, 1.693, 2.129, 2.496, 1.988, 1.395, 3.26, 4.603, 4.047, 3.699, 3.664, 2.916, 2.015, 1.776, 1.65, 1.96, 2.08, 2.03, 2.047, 1.879, 2.283, 2.811, 2.936, 2.774, 3.205, 4.405, 4.947, 5.111, 5.287, 5.086, 5.55, 6.612, 6.941, 6.695, 6.281, 5.894, 5.392, 4.92, 4.827, 4.582, 3.039, 1.654, 1.814, 1.588, 1.707, 1.828, 2.054, 2.175, 2.116, 2.16, 2.458, 2.901, 3.23, 2.931, 2.642, 2.183, 2.449, 2.432, 1.666, 2.066, 2.474, 2.742, 3.005], [4.732, 3.771, 3.523, 2.647, 3.052, 2.736, 3.144, 3.282, 2.868, 2.357, 1.983, 2.125, 1.575, 0.601, 0.0, 0.66, 0.982, 0.958, 1.475, 1.93, 1.746, 1.932, 2.038, 2.278, 1.45, 1.897, 2.184, 1.724, 1.318, 3.494, 4.792, 4.303, 3.971, 3.915, 3.249, 2.297, 1.961, 1.676, 1.899, 2.059, 2.072, 2.087, 2.005, 2.31, 2.669, 2.729, 2.885, 3.385, 4.675, 5.244, 5.424, 5.599, 5.39, 5.82, 6.934, 7.259, 6.796, 6.296, 5.929, 5.51, 5.121, 4.993, 4.688, 3.249, 1.854, 1.902, 1.791, 1.938, 2.047, 2.262, 2.315, 2.111, 2.099, 2.323, 2.892, 3.267, 3.043, 2.9, 2.371, 2.442, 2.356, 1.745, 2.188, 2.562, 2.838, 3.081], [4.941, 3.969, 3.622, 2.62, 2.909, 2.606, 2.99, 3.139, 2.711, 2.193, 1.874, 2.021, 1.438, 0.811, 0.66, 0.0, 0.587, 0.776, 1.306, 1.707, 1.495, 1.669, 1.853, 2.075, 1.335, 1.962, 2.198, 1.771, 1.244, 3.331, 4.669, 4.133, 3.875, 3.769, 3.107, 2.115, 1.902, 1.762, 2.007, 2.165, 2.09, 2.058, 1.95, 2.34, 2.722, 2.734, 2.734, 3.228, 4.529, 5.08, 5.249, 5.429, 5.225, 5.664, 6.78, 7.123, 6.633, 6.166, 5.775, 5.333, 4.96, 4.887, 4.51, 3.104, 1.905, 2.002, 1.879, 1.986, 2.116, 2.36, 2.437, 2.238, 2.296, 2.546, 3.056, 3.424, 3.115, 2.956, 2.427, 2.562, 2.523, 1.834, 2.299, 2.698, 2.974, 3.116], [4.883, 3.91, 3.503, 2.527, 2.713, 2.525, 2.853, 2.894, 2.592, 2.088, 1.748, 1.88, 1.275, 0.871, 0.982, 0.587, 0.0, 0.771, 1.155, 1.586, 1.48, 1.568, 1.773, 1.98, 1.375, 1.858, 2.315, 1.834, 1.326, 3.225, 4.569, 4.032, 3.801, 3.692, 3.018, 2.006, 1.896, 1.907, 2.118, 2.257, 1.998, 2.045, 1.896, 2.189, 2.587, 2.653, 2.632, 3.061, 4.413, 4.917, 5.083, 5.248, 5.068, 5.526, 6.58, 6.947, 6.619, 6.221, 5.774, 5.311, 4.828, 4.677, 4.541, 3.116, 1.934, 1.956, 1.844, 1.877, 2.072, 2.334, 2.398, 2.253, 2.292, 2.547, 3.019, 3.428, 3.07, 2.844, 2.305, 2.523, 2.487, 1.707, 2.329, 2.772, 2.991, 3.071], [4.903, 3.919, 3.496, 2.42, 2.728, 2.493, 2.818, 2.942, 2.568, 2.028, 1.64, 1.944, 1.304, 0.869, 0.958, 0.776, 0.771, 0.0, 0.97, 1.385, 1.381, 1.579, 1.721, 1.844, 1.348, 1.973, 2.28, 1.844, 1.104, 3.144, 4.437, 3.929, 3.667, 3.593, 2.928, 1.93, 1.832, 1.681, 1.975, 2.044, 1.894, 1.842, 1.696, 2.152, 2.695, 2.743, 2.67, 3.088, 4.322, 4.904, 5.061, 5.234, 5.027, 5.473, 6.594, 6.91, 6.464, 6.061, 5.632, 5.164, 4.732, 4.753, 4.446, 2.848, 1.833, 2.086, 1.712, 1.724, 1.809, 2.065, 2.264, 2.24, 2.229, 2.492, 3.058, 3.358, 2.935, 2.766, 2.331, 2.529, 2.49, 1.86, 2.286, 2.678, 2.939, 3.186], [5.51, 4.493, 3.821, 2.589, 2.529, 2.371, 2.676, 2.82, 2.487, 1.971, 1.536, 1.917, 1.553, 1.399, 1.475, 1.306, 1.155, 0.97, 0.0, 0.85, 1.073, 1.278, 1.318, 1.447, 1.469, 2.3, 2.749, 2.278, 1.509, 2.969, 4.15, 3.686, 3.533, 3.297, 2.713, 1.995, 2.104, 2.149, 2.388, 2.36, 1.9, 2.021, 1.944, 2.212, 2.624, 2.591, 2.652, 2.626, 3.877, 4.448, 4.635, 4.802, 4.631, 5.06, 6.113, 6.464, 6.01, 5.478, 5.058, 4.665, 4.255, 4.23, 3.985, 2.452, 2.244, 2.742, 2.272, 2.066, 2.117, 2.27, 2.53, 2.582, 2.652, 2.835, 3.286, 3.528, 3.083, 2.866, 2.606, 2.912, 2.874, 2.324, 2.954, 3.297, 3.604, 3.748], [6.025, 5.01, 4.287, 3.134, 2.718, 2.478, 2.68, 2.845, 2.477, 2.006, 1.579, 1.976, 1.85, 1.823, 1.93, 1.707, 1.586, 1.385, 0.85, 0.0, 1.039, 1.196, 1.473, 1.433, 1.589, 2.546, 2.925, 2.562, 1.754, 2.824, 4.075, 3.489, 3.414, 3.121, 2.739, 2.251, 2.294, 2.368, 2.649, 2.655, 2.144, 2.201, 2.148, 2.466, 2.724, 2.649, 2.841, 2.771, 3.884, 4.342, 4.504, 4.647, 4.476, 4.902, 5.984, 6.383, 5.885, 5.457, 4.914, 4.496, 4.107, 4.134, 3.882, 2.514, 2.558, 3.228, 2.765, 2.594, 2.583, 2.633, 2.889, 2.924, 2.975, 3.162, 3.649, 3.741, 3.323, 3.105, 2.875, 3.223, 3.202, 2.823, 3.398, 3.708, 3.968, 4.215], [6.05, 5.067, 4.497, 3.361, 2.936, 2.811, 2.965, 3.149, 2.858, 2.422, 1.784, 1.979, 1.814, 1.906, 1.746, 1.495, 1.48, 1.381, 1.073, 1.039, 0.0, 0.783, 1.161, 1.238, 1.389, 2.284, 2.708, 2.228, 1.686, 2.974, 4.2, 3.736, 3.598, 3.5, 2.88, 2.155, 2.335, 2.374, 2.604, 2.52, 2.155, 2.254, 2.199, 2.231, 2.369, 2.266, 2.551, 2.835, 4.035, 4.573, 4.802, 4.972, 4.752, 5.184, 6.277, 6.641, 6.111, 5.602, 5.098, 4.797, 4.413, 4.324, 4.043, 2.824, 2.712, 3.147, 2.808, 2.688, 2.684, 2.665, 2.785, 2.639, 2.732, 2.953, 3.331, 3.394, 3.038, 2.889, 2.482, 2.782, 2.764, 2.615, 3.336, 3.643, 3.991, 4.083], [6.249, 5.266, 4.691, 3.571, 3.029, 2.916, 3.075, 3.109, 2.742, 2.368, 1.799, 1.788, 1.913, 2.039, 1.932, 1.669, 1.568, 1.579, 1.278, 1.196, 0.783, 0.0, 0.862, 1.12, 1.231, 2.325, 2.744, 2.285, 1.839, 2.97, 4.16, 3.704, 3.647, 3.429, 2.812, 2.079, 2.188, 2.296, 2.48, 2.486, 2.092, 2.172, 2.02, 2.264, 2.407, 2.335, 2.599, 2.735, 3.985, 4.475, 4.674, 4.851, 4.681, 5.094, 6.219, 6.579, 6.055, 5.538, 4.954, 4.708, 4.351, 4.177, 3.983, 2.802, 2.831, 3.235, 2.974, 2.835, 2.663, 2.553, 2.624, 2.58, 2.607, 2.844, 3.363, 3.527, 3.164, 2.954, 2.569, 2.815, 2.832, 2.702, 3.534, 3.873, 4.175, 4.2], [6.306, 5.323, 4.716, 3.507, 3.145, 3.055, 3.202, 3.216, 2.754, 2.389, 1.773, 1.773, 1.903, 2.112, 2.038, 1.853, 1.773, 1.721, 1.318, 1.473, 1.161, 0.862, 0.0, 0.846, 1.222, 2.664, 2.994, 2.605, 1.827, 2.729, 3.913, 3.47, 3.356, 3.137, 2.511, 1.826, 2.134, 2.259, 2.342, 2.24, 1.858, 1.98, 1.907, 2.103, 2.302, 2.194, 2.315, 2.423, 3.657, 4.186, 4.385, 4.555, 4.38, 4.816, 5.897, 6.264, 5.713, 5.1, 4.586, 4.383, 4.038, 3.915, 3.64, 2.289, 2.777, 3.329, 3.013, 2.836, 2.63, 2.306, 2.372, 2.39, 2.48, 2.677, 3.13, 3.25, 2.868, 2.681, 2.512, 2.804, 2.785, 2.852, 3.59, 3.95, 4.284, 4.31], [6.331, 5.338, 4.766, 3.671, 3.235, 3.142, 3.283, 3.386, 2.976, 2.602, 1.848, 1.885, 2.12, 2.233, 2.278, 2.075, 1.98, 1.844, 1.447, 1.433, 1.238, 1.12, 0.846, 0.0, 1.394, 2.908, 3.273, 2.909, 2.058, 2.407, 3.591, 3.165, 2.96, 2.868, 2.421, 1.734, 2.167, 2.382, 2.477, 2.329, 1.881, 2.03, 1.916, 2.033, 2.197, 1.983, 2.141, 2.345, 3.472, 4.03, 4.234, 4.393, 4.211, 4.643, 5.711, 6.06, 5.525, 4.97, 4.477, 4.218, 3.862, 3.796, 3.511, 2.226, 2.866, 3.56, 3.069, 2.909, 2.671, 2.263, 2.313, 2.439, 2.531, 2.706, 3.085, 3.098, 2.73, 2.377, 2.331, 2.791, 2.787, 2.993, 3.731, 4.141, 4.501, 4.607], [5.802, 4.826, 4.495, 3.405, 3.333, 3.272, 3.474, 3.446, 3.082, 2.723, 2.135, 2.113, 1.955, 1.693, 1.45, 1.335, 1.375, 1.348, 1.469, 1.589, 1.389, 1.231, 1.222, 1.394, 0.0, 1.911, 2.36, 1.971, 1.568, 3.172, 4.39, 3.965, 3.729, 3.685, 3.096, 2.013, 1.809, 1.876, 1.971, 2.034, 1.803, 1.768, 1.683, 1.815, 1.941, 1.934, 2.366, 2.952, 4.307, 4.864, 5.064, 5.221, 5.064, 5.486, 6.547, 6.881, 6.436, 5.771, 5.331, 5.092, 4.7, 4.621, 4.36, 2.796, 2.62, 2.923, 2.721, 2.721, 2.413, 2.185, 2.357, 2.151, 2.141, 2.36, 2.947, 3.101, 2.833, 2.689, 2.269, 2.322, 2.239, 2.283, 3.188, 3.549, 3.892, 4.024], [4.838, 4.3, 4.323, 3.66, 4.102, 3.98, 4.286, 4.375, 4.135, 3.586, 3.311, 3.377, 2.802, 2.129, 1.897, 1.962, 1.858, 1.973, 2.3, 2.546, 2.284, 2.325, 2.664, 2.908, 1.911, 0.0, 1.022, 1.24, 2.323, 4.783, 6.059, 5.586, 5.27, 5.263, 4.563, 3.444, 2.906, 2.713, 2.632, 2.932, 2.914, 2.786, 2.834, 2.958, 3.208, 3.268, 3.914, 4.533, 5.963, 6.499, 6.677, 6.841, 6.682, 7.097, 8.158, 8.491, 8.121, 7.56, 7.094, 6.773, 6.336, 6.186, 6.045, 4.466, 2.663, 2.294, 2.583, 2.767, 2.646, 3.062, 3.227, 2.647, 2.219, 2.528, 3.667, 4.083, 3.953, 3.972, 3.422, 3.054, 2.608, 1.644, 2.562, 3.316, 3.663, 3.678], [4.773, 4.549, 4.547, 4.106, 4.691, 4.43, 4.769, 4.913, 4.515, 4.047, 3.869, 4.029, 3.401, 2.496, 2.184, 2.198, 2.315, 2.28, 2.749, 2.925, 2.708, 2.744, 2.994, 3.273, 2.36, 1.022, 0.0, 1.018, 2.725, 5.308, 6.618, 6.054, 5.643, 5.652, 5.044, 3.939, 3.48, 3.282, 3.289, 3.556, 3.444, 3.408, 3.464, 3.591, 3.85, 3.869, 4.505, 5.094, 6.497, 6.984, 7.172, 7.352, 7.139, 7.572, 8.723, 9.058, 8.434, 7.829, 7.203, 7.074, 6.804, 6.62, 6.288, 4.795, 2.932, 2.465, 2.775, 3.122, 3.159, 3.605, 3.831, 3.306, 2.868, 3.165, 4.33, 4.721, 4.58, 4.597, 4.082, 3.702, 3.282, 2.177, 2.643, 3.331, 3.676, 3.747], [4.49, 3.87, 3.833, 3.551, 4.159, 3.915, 4.258, 4.403, 4.056, 3.53, 3.346, 3.467, 2.829, 1.988, 1.724, 1.771, 1.834, 1.844, 2.278, 2.562, 2.228, 2.285, 2.605, 2.909, 1.971, 1.24, 1.018, 0.0, 2.494, 4.802, 6.09, 5.548, 5.257, 5.251, 4.569, 3.471, 3.122, 2.924, 2.883, 3.145, 2.98, 3.052, 3.02, 3.201, 3.596, 3.563, 4.069, 4.603, 5.988, 6.47, 6.639, 6.831, 6.65, 7.075, 8.177, 8.508, 7.989, 7.399, 6.861, 6.649, 6.286, 6.145, 5.873, 4.401, 2.385, 1.827, 2.011, 2.473, 2.603, 3.137, 3.362, 2.966, 2.798, 3.105, 4.144, 4.46, 4.157, 4.127, 3.582, 3.518, 3.351, 2.173, 2.031, 2.612, 2.993, 3.147], [5.131, 4.152, 3.72, 2.6, 2.654, 2.569, 2.75, 2.865, 2.42, 2.014, 1.512, 1.683, 1.188, 1.395, 1.318, 1.244, 1.326, 1.104, 1.509, 1.754, 1.686, 1.839, 1.827, 2.058, 1.568, 2.323, 2.725, 2.494, 0.0, 2.763, 4.105, 3.548, 3.179, 3.111, 2.639, 1.914, 1.766, 1.595, 1.659, 1.609, 1.811, 1.75, 1.716, 2.074, 2.467, 2.546, 2.464, 3.043, 4.012, 4.559, 4.727, 4.88, 4.691, 5.121, 6.237, 6.622, 6.21, 6.017, 5.56, 5.087, 4.506, 4.698, 4.331, 2.695, 1.748, 2.143, 1.95, 1.932, 1.836, 1.882, 1.918, 1.782, 2.051, 2.244, 2.457, 2.77, 2.517, 2.373, 2.106, 2.214, 2.106, 2.129, 2.49, 2.824, 3.027, 3.231], [6.454, 5.435, 4.809, 3.708, 3.035, 2.889, 2.864, 3.173, 2.891, 2.62, 1.977, 2.104, 2.365, 3.26, 3.494, 3.331, 3.225, 3.144, 2.969, 2.824, 2.974, 2.97, 2.729, 2.407, 3.172, 4.783, 5.308, 4.802, 2.763, 0.0, 1.53, 1.342, 1.527, 1.606, 1.458, 1.942, 2.556, 2.741, 2.784, 2.524, 2.466, 2.522, 2.428, 2.452, 2.376, 2.18, 1.756, 1.891, 1.835, 2.213, 2.454, 2.48, 2.239, 2.498, 3.609, 3.983, 3.754, 3.552, 3.164, 2.632, 2.065, 2.285, 2.248, 2.026, 3.0, 3.976, 3.396, 3.113, 2.889, 2.425, 2.158, 2.642, 3.086, 3.058, 2.484, 2.247, 2.033, 1.693, 2.273, 2.789, 3.105, 4.033, 4.382, 4.803, 4.995, 5.12], [7.081, 6.068, 5.412, 4.323, 3.662, 3.745, 3.576, 3.911, 3.623, 3.433, 3.12, 3.176, 3.576, 4.603, 4.792, 4.669, 4.569, 4.437, 4.15, 4.075, 4.2, 4.16, 3.913, 3.591, 4.39, 6.059, 6.618, 6.09, 4.105, 1.53, 0.0, 1.006, 1.71, 1.764, 2.237, 3.195, 3.75, 4.011, 4.02, 3.744, 3.763, 3.811, 3.716, 3.59, 3.298, 2.917, 2.274, 2.03, 1.378, 1.381, 1.705, 1.654, 1.451, 1.527, 2.429, 2.822, 2.555, 2.45, 2.267, 2.007, 1.58, 1.855, 2.353, 2.837, 4.035, 5.152, 4.42, 4.068, 3.816, 3.283, 3.154, 3.787, 4.31, 4.17, 3.138, 2.672, 2.721, 2.528, 3.398, 3.845, 4.301, 5.229, 5.636, 5.986, 6.281, 6.29], [6.897, 5.863, 5.07, 3.966, 3.211, 3.116, 2.974, 3.343, 3.069, 2.862, 2.69, 2.778, 3.106, 4.047, 4.303, 4.133, 4.032, 3.929, 3.686, 3.489, 3.736, 3.704, 3.47, 3.165, 3.965, 5.586, 6.054, 5.548, 3.548, 1.342, 1.006, 0.0, 1.135, 1.245, 1.55, 2.572, 3.186, 3.456, 3.483, 3.197, 3.111, 3.249, 3.173, 3.165, 2.887, 2.553, 1.926, 1.605, 1.205, 1.215, 1.406, 1.515, 1.404, 1.745, 2.867, 3.291, 3.039, 2.911, 2.551, 2.097, 1.608, 1.772, 1.808, 2.091, 3.67, 4.774, 4.081, 3.787, 3.558, 3.05, 2.872, 3.367, 3.878, 3.788, 2.782, 2.319, 2.308, 2.139, 3.004, 3.446, 3.894, 4.801, 5.184, 5.512, 5.676, 5.833], [6.082, 5.05, 4.399, 3.452, 3.018, 3.083, 2.919, 3.151, 2.914, 2.809, 2.464, 2.55, 2.741, 3.699, 3.971, 3.875, 3.801, 3.667, 3.533, 3.414, 3.598, 3.647, 3.356, 2.96, 3.729, 5.27, 5.643, 5.257, 3.179, 1.527, 1.71, 1.135, 0.0, 0.904, 1.348, 2.067, 2.642, 2.876, 2.955, 2.62, 2.635, 2.828, 2.746, 2.799, 2.901, 2.611, 2.114, 1.935, 1.842, 1.877, 1.871, 2.018, 2.171, 2.581, 3.453, 3.975, 3.737, 3.737, 3.349, 2.807, 2.334, 2.591, 2.35, 2.017, 3.203, 4.311, 3.724, 3.411, 3.17, 2.611, 2.325, 2.961, 3.488, 3.527, 2.466, 2.199, 2.07, 1.917, 2.592, 3.121, 3.461, 4.309, 4.805, 4.972, 5.08, 5.272], [6.198, 5.15, 4.46, 3.406, 2.774, 2.805, 2.728, 2.885, 2.638, 2.557, 2.249, 2.358, 2.638, 3.664, 3.915, 3.769, 3.692, 3.593, 3.297, 3.121, 3.5, 3.429, 3.137, 2.868, 3.685, 5.263, 5.652, 5.251, 3.111, 1.606, 1.764, 1.245, 0.904, 0.0, 1.104, 2.014, 2.612, 2.799, 2.93, 2.597, 2.542, 2.75, 2.73, 2.858, 3.003, 2.845, 2.314, 1.834, 1.758, 1.93, 1.99, 2.121, 2.158, 2.582, 3.552, 4.102, 3.803, 3.782, 3.313, 2.882, 2.473, 2.621, 2.344, 2.009, 3.217, 4.264, 3.726, 3.358, 3.116, 2.657, 2.336, 2.937, 3.492, 3.516, 2.412, 2.19, 2.118, 2.015, 2.729, 3.172, 3.478, 4.284, 4.766, 4.948, 5.012, 5.161], [6.184, 5.159, 4.444, 3.417, 2.873, 2.799, 2.842, 2.875, 2.675, 2.58, 1.891, 2.006, 2.302, 2.916, 3.249, 3.107, 3.018, 2.928, 2.713, 2.739, 2.88, 2.812, 2.511, 2.421, 3.096, 4.563, 5.044, 4.569, 2.639, 1.458, 2.237, 1.55, 1.348, 1.104, 0.0, 1.379, 1.986, 2.17, 2.258, 1.966, 1.933, 2.052, 1.977, 2.135, 2.363, 2.325, 1.794, 1.423, 2.046, 2.452, 2.517, 2.656, 2.561, 2.953, 4.092, 4.579, 4.457, 4.253, 3.751, 3.194, 2.635, 2.623, 2.483, 1.934, 2.991, 3.715, 3.36, 3.143, 2.97, 2.496, 1.984, 2.325, 2.78, 2.784, 1.888, 1.767, 1.596, 1.659, 2.226, 2.55, 2.814, 3.661, 4.167, 4.38, 4.535, 4.66], [5.913, 4.897, 4.425, 3.471, 3.172, 3.099, 3.221, 3.205, 3.018, 2.737, 1.928, 1.868, 1.863, 2.015, 2.297, 2.115, 2.006, 1.93, 1.995, 2.251, 2.155, 2.079, 1.826, 1.734, 2.013, 3.444, 3.939, 3.471, 1.914, 1.942, 3.195, 2.572, 2.067, 2.014, 1.379, 0.0, 0.998, 1.214, 1.429, 1.172, 0.935, 1.114, 0.979, 1.108, 1.68, 1.811, 1.486, 1.814, 2.989, 3.503, 3.579, 3.722, 3.594, 4.061, 5.075, 5.585, 5.382, 5.098, 4.617, 4.116, 3.559, 3.542, 3.305, 2.156, 2.606, 3.123, 2.972, 2.885, 2.642, 2.145, 1.688, 1.685, 1.896, 2.174, 1.971, 2.024, 1.63, 1.686, 1.769, 2.086, 2.098, 2.557, 3.518, 3.778, 4.012, 4.145], [5.376, 4.412, 4.24, 3.398, 3.234, 3.236, 3.419, 3.428, 3.18, 2.914, 2.028, 1.938, 1.925, 1.776, 1.961, 1.902, 1.896, 1.832, 2.104, 2.294, 2.335, 2.188, 2.134, 2.167, 1.809, 2.906, 3.48, 3.122, 1.766, 2.556, 3.75, 3.186, 2.642, 2.612, 1.986, 0.998, 0.0, 0.753, 0.883, 1.133, 1.284, 1.283, 0.972, 1.241, 1.829, 1.935, 1.925, 2.411, 3.584, 4.166, 4.173, 4.306, 4.282, 4.726, 5.685, 6.196, 6.123, 5.758, 5.41, 4.873, 4.287, 4.288, 4.133, 2.65, 2.342, 2.673, 2.792, 2.814, 2.443, 2.189, 1.826, 1.605, 1.669, 2.039, 1.896, 1.969, 1.658, 1.787, 1.861, 1.858, 1.944, 2.119, 3.294, 3.503, 3.712, 3.918], [5.125, 4.11, 4.008, 3.143, 3.237, 3.176, 3.368, 3.339, 3.1, 2.771, 1.941, 1.919, 1.875, 1.65, 1.676, 1.762, 1.907, 1.681, 2.149, 2.368, 2.374, 2.296, 2.259, 2.382, 1.876, 2.713, 3.282, 2.924, 1.595, 2.741, 4.011, 3.456, 2.876, 2.799, 2.17, 1.214, 0.753, 0.0, 0.767, 0.976, 1.222, 1.247, 1.1, 1.384, 2.158, 2.245, 2.276, 2.685, 3.817, 4.413, 4.481, 4.606, 4.517, 4.981, 5.954, 6.46, 6.326, 6.062, 5.693, 5.132, 4.493, 4.61, 4.303, 2.775, 2.125, 2.437, 2.503, 2.54, 2.213, 2.007, 1.732, 1.524, 1.587, 1.901, 1.914, 2.137, 1.915, 1.986, 1.984, 1.919, 1.879, 1.976, 2.992, 3.183, 3.39, 3.633], [5.086, 4.148, 4.062, 3.341, 3.375, 3.417, 3.548, 3.584, 3.311, 3.043, 2.192, 2.017, 2.035, 1.96, 1.899, 2.007, 2.118, 1.975, 2.388, 2.649, 2.604, 2.48, 2.342, 2.477, 1.971, 2.632, 3.289, 2.883, 1.659, 2.784, 4.02, 3.483, 2.955, 2.93, 2.258, 1.429, 0.883, 0.767, 0.0, 0.762, 1.265, 1.229, 1.059, 1.311, 2.073, 2.209, 2.232, 2.738, 3.852, 4.444, 4.5, 4.635, 4.573, 5.004, 5.98, 6.473, 6.407, 6.068, 5.733, 5.177, 4.567, 4.645, 4.398, 2.916, 2.149, 2.296, 2.587, 2.575, 2.165, 1.929, 1.596, 1.231, 1.304, 1.653, 1.815, 2.009, 1.754, 1.941, 1.931, 1.736, 1.719, 1.872, 2.971, 3.231, 3.46, 3.615], [5.432, 4.455, 4.138, 3.385, 3.36, 3.344, 3.528, 3.513, 3.301, 3.005, 2.154, 1.985, 2.063, 2.08, 2.059, 2.165, 2.257, 2.044, 2.36, 2.655, 2.52, 2.486, 2.24, 2.329, 2.034, 2.932, 3.556, 3.145, 1.609, 2.524, 3.744, 3.197, 2.62, 2.597, 1.966, 1.172, 1.133, 0.976, 0.762, 0.0, 0.964, 1.036, 1.079, 1.235, 1.915, 2.078, 1.993, 2.466, 3.559, 4.163, 4.229, 4.365, 4.264, 4.726, 5.705, 6.208, 6.049, 5.758, 5.378, 4.832, 4.213, 4.313, 4.068, 2.705, 2.335, 2.65, 2.667, 2.644, 2.363, 1.973, 1.448, 1.165, 1.334, 1.781, 1.816, 2.069, 1.772, 1.89, 1.929, 1.932, 1.814, 2.198, 3.168, 3.311, 3.538, 3.623], [5.858, 4.836, 4.319, 3.472, 3.429, 3.352, 3.523, 3.476, 3.267, 2.906, 2.162, 2.07, 2.061, 2.03, 2.072, 2.09, 1.998, 1.894, 1.9, 2.144, 2.155, 2.092, 1.858, 1.881, 1.803, 2.914, 3.444, 2.98, 1.811, 2.466, 3.763, 3.111, 2.635, 2.542, 1.933, 0.935, 1.284, 1.222, 1.265, 0.964, 0.0, 0.812, 0.911, 1.126, 1.752, 1.917, 1.963, 2.215, 3.507, 4.011, 4.099, 4.262, 4.13, 4.59, 5.564, 6.072, 5.843, 5.49, 5.03, 4.554, 4.067, 3.935, 3.833, 2.649, 2.634, 3.04, 2.895, 2.758, 2.562, 2.129, 1.626, 1.606, 1.69, 2.099, 2.154, 2.354, 2.0, 2.131, 2.224, 2.339, 2.143, 2.427, 3.407, 3.647, 3.859, 4.039], [5.848, 4.866, 4.303, 3.39, 3.413, 3.39, 3.593, 3.523, 3.318, 2.883, 2.2, 2.01, 1.981, 2.047, 2.087, 2.058, 2.045, 1.842, 2.021, 2.201, 2.254, 2.172, 1.98, 2.03, 1.768, 2.786, 3.408, 3.052, 1.75, 2.522, 3.811, 3.249, 2.828, 2.75, 2.052, 1.114, 1.283, 1.247, 1.229, 1.036, 0.812, 0.0, 0.783, 1.209, 1.731, 2.026, 2.043, 2.262, 3.556, 4.122, 4.194, 4.358, 4.247, 4.709, 5.684, 6.127, 5.98, 5.62, 5.233, 4.698, 4.178, 4.116, 3.883, 2.645, 2.574, 2.969, 2.841, 2.646, 2.524, 2.123, 1.594, 1.471, 1.539, 1.95, 2.198, 2.462, 2.099, 2.216, 2.279, 2.273, 2.102, 2.357, 3.421, 3.663, 3.866, 3.97], [5.713, 4.753, 4.251, 3.367, 3.318, 3.312, 3.483, 3.397, 3.216, 2.867, 2.084, 1.91, 1.866, 1.879, 2.005, 1.95, 1.896, 1.696, 1.944, 2.148, 2.199, 2.02, 1.907, 1.916, 1.683, 2.834, 3.464, 3.02, 1.716, 2.428, 3.716, 3.173, 2.746, 2.73, 1.977, 0.979, 0.972, 1.1, 1.059, 1.079, 0.911, 0.783, 0.0, 0.943, 1.611, 1.952, 1.838, 2.244, 3.494, 4.068, 4.167, 4.314, 4.217, 4.659, 5.647, 6.075, 5.979, 5.63, 5.267, 4.725, 4.145, 4.129, 3.925, 2.547, 2.411, 2.775, 2.735, 2.566, 2.356, 1.897, 1.55, 1.522, 1.567, 1.839, 1.998, 2.17, 1.777, 1.868, 1.886, 1.937, 1.886, 2.177, 3.318, 3.605, 3.802, 3.975], [6.009, 5.04, 4.743, 3.861, 3.757, 3.799, 3.984, 3.948, 3.758, 3.355, 2.471, 2.213, 2.409, 2.283, 2.31, 2.34, 2.189, 2.152, 2.212, 2.466, 2.231, 2.264, 2.103, 2.033, 1.815, 2.958, 3.591, 3.201, 2.074, 2.452, 3.59, 3.165, 2.799, 2.858, 2.135, 1.108, 1.241, 1.384, 1.311, 1.235, 1.126, 1.209, 0.943, 0.0, 0.969, 1.284, 1.461, 1.97, 3.315, 3.983, 4.118, 4.255, 4.159, 4.619, 5.553, 6.011, 5.802, 5.448, 5.072, 4.591, 4.063, 3.957, 3.875, 2.783, 2.7, 3.05, 3.085, 2.979, 2.715, 2.247, 1.797, 1.511, 1.549, 1.845, 1.726, 1.855, 1.611, 1.87, 1.808, 1.828, 1.656, 2.458, 3.679, 3.942, 4.299, 4.378], [6.847, 5.884, 5.545, 4.577, 4.295, 4.286, 4.387, 4.47, 4.232, 3.869, 2.898, 2.659, 2.962, 2.811, 2.669, 2.722, 2.587, 2.695, 2.624, 2.724, 2.369, 2.407, 2.302, 2.197, 1.941, 3.208, 3.85, 3.596, 2.467, 2.376, 3.298, 2.887, 2.901, 3.003, 2.363, 1.68, 1.829, 2.158, 2.073, 1.915, 1.752, 1.731, 1.611, 0.969, 0.0, 0.755, 1.132, 1.753, 3.037, 3.702, 3.905, 4.087, 3.9, 4.323, 5.381, 5.704, 5.39, 5.002, 4.593, 4.208, 3.747, 3.519, 3.554, 2.987, 3.328, 3.753, 3.724, 3.573, 3.358, 2.869, 2.358, 2.043, 1.995, 2.093, 2.01, 1.909, 1.766, 2.021, 2.189, 2.053, 2.038, 3.084, 4.363, 4.77, 5.102, 5.121], [6.992, 6.02, 5.826, 4.733, 4.322, 4.292, 4.36, 4.497, 4.233, 3.866, 2.935, 2.719, 3.046, 2.936, 2.729, 2.734, 2.653, 2.743, 2.591, 2.649, 2.266, 2.335, 2.194, 1.983, 1.934, 3.268, 3.869, 3.563, 2.546, 2.18, 2.917, 2.553, 2.611, 2.845, 2.325, 1.811, 1.935, 2.245, 2.209, 2.078, 1.917, 2.026, 1.952, 1.284, 0.755, 0.0, 0.902, 1.694, 2.822, 3.432, 3.673, 3.803, 3.613, 4.03, 5.081, 5.424, 5.014, 4.566, 4.153, 3.787, 3.35, 3.197, 3.213, 2.77, 3.33, 3.911, 3.803, 3.796, 3.419, 2.911, 2.482, 2.214, 2.18, 2.164, 2.082, 1.885, 1.765, 2.002, 2.319, 2.219, 2.269, 3.263, 4.471, 4.877, 5.281, 5.317], [6.682, 5.705, 5.323, 4.282, 3.905, 3.916, 3.944, 4.098, 3.816, 3.544, 2.527, 2.335, 2.65, 2.774, 2.885, 2.734, 2.632, 2.67, 2.652, 2.841, 2.551, 2.599, 2.315, 2.141, 2.366, 3.914, 4.505, 4.069, 2.464, 1.756, 2.274, 1.926, 2.114, 2.314, 1.794, 1.486, 1.925, 2.276, 2.232, 1.993, 1.963, 2.043, 1.838, 1.461, 1.132, 0.902, 0.0, 1.311, 2.209, 2.829, 3.052, 3.211, 2.974, 3.4, 4.462, 4.813, 4.528, 4.221, 3.869, 3.35, 2.792, 2.817, 2.82, 2.523, 3.026, 3.638, 3.481, 3.407, 3.136, 2.575, 2.052, 2.065, 2.273, 2.251, 1.864, 1.569, 1.4, 1.591, 1.929, 2.15, 2.455, 3.192, 4.145, 4.583, 4.961, 4.97], [6.906, 5.891, 5.219, 4.153, 3.559, 3.439, 3.631, 3.61, 3.394, 3.021, 2.324, 2.293, 2.831, 3.205, 3.385, 3.228, 3.061, 3.088, 2.626, 2.771, 2.835, 2.735, 2.423, 2.345, 2.952, 4.533, 5.094, 4.603, 3.043, 1.891, 2.03, 1.605, 1.935, 1.834, 1.423, 1.814, 2.411, 2.685, 2.738, 2.466, 2.215, 2.262, 2.244, 1.97, 1.753, 1.694, 1.311, 0.0, 1.536, 2.208, 2.409, 2.575, 2.383, 2.843, 3.878, 4.227, 3.942, 3.682, 3.371, 2.832, 2.314, 2.342, 2.428, 2.277, 3.45, 4.113, 3.772, 3.427, 3.314, 2.838, 2.471, 2.567, 2.765, 2.752, 2.328, 2.088, 1.861, 2.134, 2.552, 2.794, 2.897, 3.711, 4.602, 4.995, 5.303, 5.345], [7.337, 6.292, 5.576, 4.37, 3.719, 3.652, 3.526, 3.7, 3.553, 3.238, 2.95, 3.099, 3.621, 4.405, 4.675, 4.529, 4.413, 4.322, 3.877, 3.884, 4.035, 3.985, 3.657, 3.472, 4.307, 5.963, 6.497, 5.988, 4.012, 1.835, 1.378, 1.205, 1.842, 1.758, 2.046, 2.989, 3.584, 3.817, 3.852, 3.559, 3.507, 3.556, 3.494, 3.315, 3.037, 2.822, 2.209, 1.536, 0.0, 0.954, 1.232, 1.33, 1.169, 1.575, 2.565, 2.936, 2.785, 2.716, 2.486, 2.003, 1.327, 1.727, 2.087, 2.625, 4.079, 4.924, 4.354, 4.054, 3.854, 3.364, 3.124, 3.541, 3.975, 3.934, 2.932, 2.546, 2.564, 2.524, 3.202, 3.635, 3.982, 4.896, 5.47, 5.876, 6.122, 6.153], [7.445, 6.424, 5.532, 4.279, 3.513, 3.545, 3.258, 3.399, 3.295, 3.281, 3.506, 3.575, 3.862, 4.947, 5.244, 5.08, 4.917, 4.904, 4.448, 4.342, 4.573, 4.475, 4.186, 4.03, 4.864, 6.499, 6.984, 6.47, 4.559, 2.213, 1.381, 1.215, 1.877, 1.93, 2.452, 3.503, 4.166, 4.413, 4.444, 4.163, 4.011, 4.122, 4.068, 3.983, 3.702, 3.432, 2.829, 2.208, 0.954, 0.0, 0.622, 0.748, 0.766, 1.172, 1.978, 2.331, 2.154, 2.194, 2.02, 1.585, 1.154, 1.536, 1.896, 2.63, 4.477, 5.573, 4.873, 4.471, 4.27, 3.782, 3.568, 4.193, 4.71, 4.625, 3.541, 3.099, 3.173, 3.002, 3.855, 4.314, 4.698, 5.61, 6.049, 6.413, 6.635, 6.722], [7.313, 6.351, 5.37, 4.241, 3.362, 3.516, 3.114, 3.174, 3.189, 3.37, 3.671, 3.698, 3.971, 5.111, 5.424, 5.249, 5.083, 5.061, 4.635, 4.504, 4.802, 4.674, 4.385, 4.234, 5.064, 6.677, 7.172, 6.639, 4.727, 2.454, 1.705, 1.406, 1.871, 1.99, 2.517, 3.579, 4.173, 4.481, 4.5, 4.229, 4.099, 4.194, 4.167, 4.118, 3.905, 3.673, 3.052, 2.409, 1.232, 0.622, 0.0, 0.507, 0.906, 1.24, 1.88, 2.3, 2.228, 2.252, 2.121, 1.722, 1.4, 1.674, 1.901, 2.712, 4.672, 5.739, 5.102, 4.703, 4.488, 3.975, 3.701, 4.333, 4.848, 4.813, 3.652, 3.195, 3.24, 3.069, 3.968, 4.374, 4.807, 5.723, 6.208, 6.487, 6.637, 6.76], [7.503, 6.567, 5.575, 4.449, 3.603, 3.755, 3.272, 3.362, 3.375, 3.58, 3.83, 3.782, 4.159, 5.287, 5.599, 5.429, 5.248, 5.234, 4.802, 4.647, 4.972, 4.851, 4.555, 4.393, 5.221, 6.841, 7.352, 6.831, 4.88, 2.48, 1.654, 1.515, 2.018, 2.121, 2.656, 3.722, 4.306, 4.606, 4.635, 4.365, 4.262, 4.358, 4.314, 4.255, 4.087, 3.803, 3.211, 2.575, 1.33, 0.748, 0.507, 0.0, 0.812, 1.178, 1.701, 2.121, 2.028, 2.027, 2.003, 1.644, 1.33, 1.677, 2.0, 2.919, 4.873, 5.876, 5.307, 4.886, 4.68, 4.173, 3.928, 4.463, 5.035, 5.004, 3.809, 3.357, 3.401, 3.209, 4.054, 4.513, 4.939, 5.905, 6.402, 6.632, 6.792, 6.927], [7.877, 6.846, 5.982, 4.705, 3.886, 3.733, 3.49, 3.607, 3.46, 3.462, 3.743, 3.76, 4.071, 5.086, 5.39, 5.225, 5.068, 5.027, 4.631, 4.476, 4.752, 4.681, 4.38, 4.211, 5.064, 6.682, 7.139, 6.65, 4.691, 2.239, 1.451, 1.404, 2.171, 2.158, 2.561, 3.594, 4.282, 4.517, 4.573, 4.264, 4.13, 4.247, 4.217, 4.159, 3.9, 3.613, 2.974, 2.383, 1.169, 0.766, 0.906, 0.812, 0.0, 0.745, 1.757, 2.144, 1.938, 1.876, 1.628, 1.3, 0.964, 1.3, 1.695, 2.74, 4.858, 5.887, 5.253, 4.868, 4.656, 4.174, 3.956, 4.425, 4.887, 4.861, 3.89, 3.408, 3.421, 3.293, 3.998, 4.553, 4.907, 5.811, 6.297, 6.615, 6.77, 6.95], [8.344, 7.307, 6.374, 5.112, 4.192, 4.023, 3.796, 3.887, 3.789, 3.93, 4.168, 4.243, 4.56, 5.55, 5.82, 5.664, 5.526, 5.473, 5.06, 4.902, 5.184, 5.094, 4.816, 4.643, 5.486, 7.097, 7.572, 7.075, 5.121, 2.498, 1.527, 1.745, 2.581, 2.582, 2.953, 4.061, 4.726, 4.981, 5.004, 4.726, 4.59, 4.709, 4.659, 4.619, 4.323, 4.03, 3.4, 2.843, 1.575, 1.172, 1.24, 1.178, 0.745, 0.0, 1.387, 1.765, 1.546, 1.59, 1.508, 1.171, 1.075, 1.248, 1.87, 3.131, 5.251, 6.265, 5.654, 5.306, 5.099, 4.615, 4.413, 4.828, 5.35, 5.298, 4.292, 3.789, 3.851, 3.701, 4.463, 4.959, 5.347, 6.266, 6.678, 6.988, 7.19, 7.376], [8.795, 7.907, 6.744, 5.622, 4.689, 4.924, 4.483, 4.315, 4.539, 4.861, 5.21, 5.144, 5.487, 6.612, 6.934, 6.78, 6.58, 6.594, 6.113, 5.984, 6.277, 6.219, 5.897, 5.711, 6.547, 8.158, 8.723, 8.177, 6.237, 3.609, 2.429, 2.867, 3.453, 3.552, 4.092, 5.075, 5.685, 5.954, 5.98, 5.705, 5.564, 5.684, 5.647, 5.553, 5.381, 5.081, 4.462, 3.878, 2.565, 1.978, 1.88, 1.701, 1.757, 1.387, 0.0, 0.766, 1.048, 1.759, 2.019, 2.037, 2.07, 2.269, 2.892, 4.22, 6.255, 7.275, 6.665, 6.256, 6.046, 5.513, 5.337, 5.83, 6.359, 6.358, 5.224, 4.74, 4.839, 4.635, 5.363, 5.943, 6.287, 7.224, 7.798, 8.051, 8.255, 8.344], [9.315, 8.427, 7.266, 6.075, 5.141, 5.274, 4.958, 4.743, 4.969, 5.29, 5.617, 5.62, 5.863, 6.941, 7.259, 7.123, 6.947, 6.91, 6.464, 6.383, 6.641, 6.579, 6.264, 6.06, 6.881, 8.491, 9.058, 8.508, 6.622, 3.983, 2.822, 3.291, 3.975, 4.102, 4.579, 5.585, 6.196, 6.46, 6.473, 6.208, 6.072, 6.127, 6.075, 6.011, 5.704, 5.424, 4.813, 4.227, 2.936, 2.331, 2.3, 2.121, 2.144, 1.765, 0.766, 0.0, 1.01, 1.743, 2.259, 2.219, 2.384, 2.597, 3.179, 4.527, 6.628, 7.72, 7.017, 6.591, 6.367, 5.857, 5.703, 6.261, 6.713, 6.677, 5.719, 5.238, 5.316, 5.124, 5.876, 6.426, 6.751, 7.651, 8.244, 8.604, 8.819, 8.92], [9.302, 8.394, 7.245, 5.99, 5.037, 5.17, 4.764, 4.657, 4.681, 4.935, 5.451, 5.467, 5.734, 6.695, 6.796, 6.633, 6.619, 6.464, 6.01, 5.885, 6.111, 6.055, 5.713, 5.525, 6.436, 8.121, 8.434, 7.989, 6.21, 3.754, 2.555, 3.039, 3.737, 3.803, 4.457, 5.382, 6.123, 6.326, 6.407, 6.049, 5.843, 5.98, 5.979, 5.802, 5.39, 5.014, 4.528, 3.942, 2.785, 2.154, 2.228, 2.028, 1.938, 1.546, 1.048, 1.01, 0.0, 1.189, 1.519, 1.568, 2.028, 2.202, 2.586, 4.038, 6.301, 7.59, 6.759, 6.315, 6.114, 5.599, 5.588, 6.092, 6.551, 6.465, 5.616, 5.137, 5.214, 5.025, 5.787, 6.345, 6.583, 7.555, 7.989, 8.367, 8.6, 8.73], [9.163, 8.254, 7.149, 5.894, 4.964, 4.937, 4.659, 4.609, 4.652, 4.903, 5.317, 5.216, 5.525, 6.281, 6.296, 6.166, 6.221, 6.061, 5.478, 5.457, 5.602, 5.538, 5.1, 4.97, 5.771, 7.56, 7.829, 7.399, 6.017, 3.552, 2.45, 2.911, 3.737, 3.782, 4.253, 5.098, 5.758, 6.062, 6.068, 5.758, 5.49, 5.62, 5.63, 5.448, 5.002, 4.566, 4.221, 3.682, 2.716, 2.194, 2.252, 2.027, 1.876, 1.59, 1.759, 1.743, 1.189, 0.0, 0.998, 1.281, 1.852, 1.953, 2.365, 3.594, 6.259, 7.426, 6.643, 6.174, 5.916, 5.335, 5.476, 5.934, 6.322, 6.167, 5.519, 5.024, 5.066, 4.867, 5.506, 6.16, 6.379, 7.265, 7.9, 8.258, 8.498, 8.642], [8.998, 8.046, 6.98, 5.682, 4.728, 4.601, 4.31, 4.333, 4.151, 4.452, 4.937, 4.872, 5.137, 5.894, 5.929, 5.775, 5.774, 5.632, 5.058, 4.914, 5.098, 4.954, 4.586, 4.477, 5.331, 7.094, 7.203, 6.861, 5.56, 3.164, 2.267, 2.551, 3.349, 3.313, 3.751, 4.617, 5.41, 5.693, 5.733, 5.378, 5.03, 5.233, 5.267, 5.072, 4.593, 4.153, 3.869, 3.371, 2.486, 2.02, 2.121, 2.003, 1.628, 1.508, 2.019, 2.259, 1.519, 0.998, 0.0, 0.902, 1.419, 1.44, 1.916, 3.235, 5.922, 7.105, 6.322, 5.918, 5.647, 5.113, 5.192, 5.581, 5.96, 5.808, 5.194, 4.711, 4.727, 4.573, 5.151, 5.83, 6.031, 6.891, 7.462, 7.789, 8.002, 8.223], [8.702, 7.662, 6.726, 5.404, 4.496, 4.209, 4.098, 4.12, 3.942, 4.028, 4.381, 4.33, 4.648, 5.392, 5.51, 5.333, 5.311, 5.164, 4.665, 4.496, 4.797, 4.708, 4.383, 4.218, 5.092, 6.773, 7.074, 6.649, 5.087, 2.632, 2.007, 2.097, 2.807, 2.882, 3.194, 4.116, 4.873, 5.132, 5.177, 4.832, 4.554, 4.698, 4.725, 4.591, 4.208, 3.787, 3.35, 2.832, 2.003, 1.585, 1.722, 1.644, 1.3, 1.171, 2.037, 2.219, 1.568, 1.281, 0.902, 0.0, 0.866, 1.181, 1.542, 2.858, 5.385, 6.576, 5.786, 5.373, 5.11, 4.616, 4.64, 5.023, 5.405, 5.259, 4.674, 4.159, 4.168, 4.038, 4.612, 5.275, 5.492, 6.371, 6.922, 7.251, 7.464, 7.661], [8.205, 7.171, 6.321, 5.01, 4.219, 3.966, 3.795, 3.897, 3.696, 3.565, 3.689, 3.758, 4.131, 4.92, 5.121, 4.96, 4.828, 4.732, 4.255, 4.107, 4.413, 4.351, 4.038, 3.862, 4.7, 6.336, 6.804, 6.286, 4.506, 2.065, 1.58, 1.608, 2.334, 2.473, 2.635, 3.559, 4.287, 4.493, 4.567, 4.213, 4.067, 4.178, 4.145, 4.063, 3.747, 3.35, 2.792, 2.314, 1.327, 1.154, 1.4, 1.33, 0.964, 1.075, 2.07, 2.384, 2.028, 1.852, 1.419, 0.866, 0.0, 1.061, 1.682, 2.596, 4.79, 5.862, 5.156, 4.845, 4.557, 4.053, 3.989, 4.326, 4.779, 4.578, 3.941, 3.462, 3.46, 3.373, 4.003, 4.545, 4.843, 5.724, 6.218, 6.56, 6.755, 6.947], [8.39, 7.356, 6.464, 5.22, 4.247, 3.979, 3.833, 3.914, 3.868, 3.735, 3.963, 3.878, 4.278, 4.827, 4.993, 4.887, 4.677, 4.753, 4.23, 4.134, 4.324, 4.177, 3.915, 3.796, 4.621, 6.186, 6.62, 6.145, 4.698, 2.285, 1.855, 1.772, 2.591, 2.621, 2.623, 3.542, 4.288, 4.61, 4.645, 4.313, 3.935, 4.116, 4.129, 3.957, 3.519, 3.197, 2.817, 2.342, 1.727, 1.536, 1.674, 1.677, 1.3, 1.248, 2.269, 2.597, 2.202, 1.953, 1.44, 1.181, 1.061, 0.0, 1.253, 2.651, 5.026, 6.063, 5.346, 5.016, 4.82, 4.364, 4.2, 4.474, 4.832, 4.749, 4.085, 3.606, 3.619, 3.556, 4.091, 4.736, 4.939, 5.747, 6.452, 6.783, 6.997, 7.174], [8.022, 6.997, 6.035, 4.719, 3.788, 3.554, 3.433, 3.425, 3.237, 3.357, 3.642, 3.657, 4.045, 4.582, 4.688, 4.51, 4.541, 4.446, 3.985, 3.882, 4.043, 3.983, 3.64, 3.511, 4.36, 6.045, 6.288, 5.873, 4.331, 2.248, 2.353, 1.808, 2.35, 2.344, 2.483, 3.305, 4.133, 4.303, 4.398, 4.068, 3.833, 3.883, 3.925, 3.875, 3.554, 3.213, 2.82, 2.428, 2.087, 1.896, 1.901, 2.0, 1.695, 1.87, 2.892, 3.179, 2.586, 2.365, 1.916, 1.542, 1.682, 1.253, 0.0, 2.057, 4.687, 5.83, 5.074, 4.744, 4.505, 4.049, 3.968, 4.244, 4.652, 4.541, 3.963, 3.513, 3.47, 3.372, 3.914, 4.52, 4.736, 5.617, 6.165, 6.499, 6.697, 6.901], [6.381, 5.349, 4.509, 3.199, 2.613, 2.376, 2.346, 2.559, 2.198, 2.103, 2.229, 2.278, 2.38, 3.039, 3.249, 3.104, 3.116, 2.848, 2.452, 2.514, 2.824, 2.802, 2.289, 2.226, 2.796, 4.466, 4.795, 4.401, 2.695, 2.026, 2.837, 2.091, 2.017, 2.009, 1.934, 2.156, 2.65, 2.775, 2.916, 2.705, 2.649, 2.645, 2.547, 2.783, 2.987, 2.77, 2.523, 2.277, 2.625, 2.63, 2.712, 2.919, 2.74, 3.131, 4.22, 4.527, 4.038, 3.594, 3.235, 2.858, 2.596, 2.651, 2.057, 0.0, 3.028, 4.215, 3.436, 3.103, 2.781, 2.352, 2.649, 2.92, 3.297, 3.338, 3.213, 3.093, 2.922, 2.606, 2.921, 3.563, 3.585, 4.093, 4.585, 4.946, 5.184, 5.335], [3.917, 2.95, 2.769, 2.217, 2.915, 2.852, 3.109, 3.173, 2.665, 2.254, 1.759, 2.237, 1.628, 1.654, 1.854, 1.905, 1.934, 1.833, 2.244, 2.558, 2.712, 2.831, 2.777, 2.866, 2.62, 2.663, 2.932, 2.385, 1.748, 3.0, 4.035, 3.67, 3.203, 3.217, 2.991, 2.606, 2.342, 2.125, 2.149, 2.335, 2.634, 2.574, 2.411, 2.7, 3.328, 3.33, 3.026, 3.45, 4.079, 4.477, 4.672, 4.873, 4.858, 5.251, 6.255, 6.628, 6.301, 6.259, 5.922, 5.385, 4.79, 5.026, 4.687, 3.028, 0.0, 1.47, 0.992, 1.145, 1.109, 1.418, 1.593, 1.91, 2.318, 2.465, 2.609, 2.991, 2.831, 2.39, 2.519, 2.881, 2.975, 2.19, 1.975, 2.451, 2.802, 2.932], [3.137, 2.487, 2.453, 2.502, 3.209, 3.127, 3.421, 3.597, 3.3, 2.84, 2.383, 2.58, 2.184, 1.814, 1.902, 2.002, 1.956, 2.086, 2.742, 3.228, 3.147, 3.235, 3.329, 3.56, 2.923, 2.294, 2.465, 1.827, 2.143, 3.976, 5.152, 4.774, 4.311, 4.264, 3.715, 3.123, 2.673, 2.437, 2.296, 2.65, 3.04, 2.969, 2.775, 3.05, 3.753, 3.911, 3.638, 4.113, 4.924, 5.573, 5.739, 5.876, 5.887, 6.265, 7.275, 7.72, 7.59, 7.426, 7.105, 6.576, 5.862, 6.063, 5.83, 4.215, 1.47, 0.0, 0.942, 1.452, 1.737, 2.303, 2.302, 2.069, 2.238, 2.617, 2.984, 3.349, 3.216, 2.907, 2.689, 2.691, 2.771, 1.736, 1.172, 1.784, 2.15, 2.087], [3.359, 2.431, 2.22, 1.916, 2.615, 2.554, 2.869, 3.022, 2.696, 2.141, 1.904, 2.354, 1.755, 1.588, 1.791, 1.879, 1.844, 1.712, 2.272, 2.765, 2.808, 2.974, 3.013, 3.069, 2.721, 2.583, 2.775, 2.011, 1.95, 3.396, 4.42, 4.081, 3.724, 3.726, 3.36, 2.972, 2.792, 2.503, 2.587, 2.667, 2.895, 2.841, 2.735, 3.085, 3.724, 3.803, 3.481, 3.772, 4.354, 4.873, 5.102, 5.307, 5.253, 5.654, 6.665, 7.017, 6.759, 6.643, 6.322, 5.786, 5.156, 5.346, 5.074, 3.436, 0.992, 0.942, 0.0, 0.799, 1.138, 1.742, 1.992, 2.165, 2.556, 2.849, 3.101, 3.511, 3.28, 2.668, 2.625, 3.036, 3.127, 2.145, 1.511, 1.967, 2.304, 2.393], [3.621, 2.624, 2.183, 1.803, 2.333, 2.34, 2.58, 2.66, 2.399, 1.9, 1.657, 1.953, 1.415, 1.707, 1.938, 1.986, 1.877, 1.724, 2.066, 2.594, 2.688, 2.835, 2.836, 2.909, 2.721, 2.767, 3.122, 2.473, 1.932, 3.113, 4.068, 3.787, 3.411, 3.358, 3.143, 2.885, 2.814, 2.54, 2.575, 2.644, 2.758, 2.646, 2.566, 2.979, 3.573, 3.796, 3.407, 3.427, 4.0