[[0.0, 0.545, 1.003, 1.477, 1.858, 2.194, 2.503, 2.782, 2.9, 2.655, 2.688, 3.604, 4.685, 5.314, 5.488, 6.052, 5.335, 2.82, 2.601, 2.378, 2.668, 2.104, 1.345, 1.352, 1.89, 1.898, 1.839, 1.566, 1.345, 1.394, 1.971, 1.828, 1.193, 1.937, 2.975, 3.112, 2.761, 2.888, 2.488, 1.918, 1.919, 2.258, 2.094, 1.956, 2.016, 2.051, 2.135, 2.886, 2.972, 2.938, 2.854, 2.688, 2.659, 2.882, 2.6, 2.797, 2.472, 3.438, 3.968, 4.061, 5.041, 4.395, 3.737, 3.609, 3.544, 3.852, 4.075, 3.896, 3.474, 3.907, 4.67, 5.635, 5.094, 4.463, 4.339, 4.513, 4.48, 3.686, 3.016, 2.587, 2.772, 2.383, 2.831, 3.911, 3.9, 3.992], [0.545, 0.0, 0.855, 1.383, 1.754, 2.147, 2.442, 2.712, 2.942, 2.717, 2.801, 3.788, 4.852, 5.449, 5.63, 6.203, 5.489, 2.995, 2.592, 2.286, 2.561, 1.981, 1.222, 1.303, 1.917, 1.917, 1.861, 1.562, 1.331, 1.4, 1.911, 1.783, 1.151, 1.827, 2.876, 3.014, 2.644, 2.74, 2.333, 1.849, 2.102, 2.28, 2.063, 1.943, 1.936, 1.994, 1.998, 2.698, 2.805, 2.765, 2.678, 2.511, 2.49, 2.762, 2.556, 2.753, 2.398, 3.328, 3.793, 3.911, 4.877, 4.174, 3.561, 3.487, 3.379, 3.762, 3.979, 3.8, 3.343, 3.811, 4.801, 5.759, 5.228, 4.634, 4.521, 4.689, 4.67, 3.886, 3.197, 2.722, 2.923, 2.631, 3.017, 4.092, 4.079, 4.172], [1.003, 0.855, 0.0, 1.086, 1.471, 2.03, 2.301, 2.76, 3.014, 2.855, 3.082, 4.268, 5.38, 6.018, 6.179, 6.702, 6.01, 3.517, 2.659, 2.09, 2.299, 1.614, 1.09, 1.507, 2.0, 2.074, 2.222, 1.951, 1.651, 1.469, 1.61, 1.628, 1.374, 1.618, 2.508, 2.636, 2.361, 2.307, 2.045, 1.619, 2.059, 2.476, 2.425, 2.262, 2.324, 2.21, 1.88, 2.662, 2.792, 2.471, 2.43, 2.334, 2.326, 2.644, 2.77, 3.038, 2.427, 2.922, 3.362, 3.488, 4.466, 3.902, 3.368, 3.446, 3.571, 3.898, 4.068, 3.898, 3.397, 4.049, 5.328, 6.37, 5.888, 5.174, 4.979, 5.071, 5.061, 4.305, 3.63, 3.065, 3.224, 2.962, 3.481, 4.548, 4.548, 4.639], [1.477, 1.383, 1.086, 0.0, 0.953, 1.358, 1.663, 2.632, 2.906, 2.781, 3.075, 4.351, 5.518, 6.222, 6.403, 7.016, 6.309, 3.672, 2.221, 1.695, 1.649, 1.08, 1.389, 1.846, 2.271, 2.146, 2.301, 1.897, 1.574, 1.238, 1.238, 1.343, 1.402, 1.566, 2.037, 2.145, 1.945, 1.697, 1.349, 1.344, 2.058, 2.525, 2.469, 2.285, 2.418, 2.288, 1.397, 2.096, 2.355, 2.398, 2.303, 1.836, 2.119, 2.752, 3.023, 3.335, 2.75, 3.09, 3.634, 3.636, 4.576, 4.007, 3.543, 3.563, 3.409, 3.633, 3.722, 3.684, 3.449, 4.004, 5.55, 6.617, 6.082, 5.408, 5.174, 5.076, 4.968, 4.282, 3.638, 2.935, 3.027, 2.877, 3.549, 4.719, 4.715, 4.802], [1.858, 1.754, 1.471, 0.953, 0.0, 1.032, 1.351, 2.147, 2.465, 2.417, 2.819, 4.128, 5.313, 5.964, 6.172, 6.779, 6.045, 3.464, 2.02, 1.551, 1.539, 1.139, 1.773, 2.27, 2.707, 2.682, 2.575, 2.148, 1.732, 1.467, 1.528, 1.412, 1.33, 1.525, 1.738, 1.71, 1.57, 1.547, 1.527, 1.704, 2.304, 2.763, 2.624, 2.361, 2.438, 2.288, 1.681, 2.387, 2.826, 2.968, 2.896, 2.095, 2.084, 2.648, 2.845, 3.251, 3.204, 3.664, 4.134, 4.118, 5.045, 4.425, 3.889, 3.912, 3.652, 3.501, 3.635, 3.627, 3.246, 3.79, 5.309, 6.356, 5.875, 5.213, 4.917, 4.825, 4.489, 3.785, 3.238, 2.542, 2.925, 2.774, 3.588, 4.637, 4.458, 4.542], [2.194, 2.147, 2.03, 1.358, 1.032, 0.0, 0.924, 1.796, 2.141, 2.182, 2.626, 4.102, 5.28, 5.949, 6.135, 6.778, 6.057, 3.453, 1.999, 1.43, 1.638, 1.577, 2.132, 2.677, 3.022, 2.934, 2.758, 2.303, 1.865, 1.434, 1.633, 1.551, 1.569, 1.768, 1.799, 1.662, 1.831, 1.848, 1.78, 1.549, 2.11, 2.584, 2.344, 2.134, 2.326, 2.313, 1.64, 2.465, 2.858, 3.18, 3.251, 2.02, 2.061, 2.626, 3.081, 3.451, 3.323, 4.095, 4.764, 4.734, 5.701, 4.914, 4.416, 4.237, 3.985, 3.457, 3.495, 3.424, 3.157, 3.682, 5.321, 6.257, 5.68, 5.1, 4.914, 4.724, 4.376, 3.685, 3.111, 2.491, 2.618, 2.544, 3.601, 4.735, 4.485, 4.607], [2.503, 2.442, 2.301, 1.663, 1.351, 0.924, 0.0, 1.384, 1.836, 1.986, 2.578, 4.133, 5.338, 6.0, 6.172, 6.801, 6.075, 3.462, 2.024, 1.506, 1.618, 1.564, 2.38, 3.073, 3.461, 3.305, 2.95, 2.488, 2.126, 1.863, 1.799, 1.708, 1.811, 1.762, 1.76, 1.574, 1.704, 1.827, 1.7, 1.573, 2.263, 2.821, 2.451, 2.264, 2.382, 2.528, 1.937, 2.556, 3.119, 3.451, 3.362, 1.864, 2.117, 2.687, 3.144, 3.459, 3.35, 4.478, 5.075, 5.017, 5.958, 5.291, 4.715, 4.554, 4.333, 3.699, 3.574, 3.554, 3.3, 3.862, 5.315, 6.241, 5.77, 5.107, 4.912, 4.823, 4.466, 3.734, 3.183, 2.546, 2.581, 2.626, 3.643, 4.728, 4.5, 4.605], [2.782, 2.712, 2.76, 2.632, 2.147, 1.796, 1.384, 0.0, 0.839, 1.132, 1.672, 3.05, 4.296, 5.046, 5.278, 5.813, 5.118, 2.634, 1.998, 1.512, 1.93, 2.31, 3.037, 3.644, 4.122, 4.115, 3.446, 2.884, 2.641, 2.703, 2.271, 2.034, 1.912, 1.813, 2.09, 1.926, 2.06, 2.659, 2.726, 1.981, 2.466, 2.965, 2.599, 2.515, 2.44, 2.603, 2.881, 3.768, 4.341, 4.637, 4.412, 2.688, 2.324, 2.513, 2.721, 2.963, 3.421, 5.441, 5.975, 6.023, 7.01, 6.376, 5.732, 5.589, 5.234, 4.583, 4.358, 3.748, 3.675, 3.417, 4.317, 5.318, 5.326, 4.462, 4.122, 4.102, 3.631, 3.162, 2.766, 2.222, 2.31, 2.272, 3.204, 3.892, 3.624, 3.687], [2.9, 2.942, 3.014, 2.906, 2.465, 2.141, 1.836, 0.839, 0.0, 0.768, 1.254, 2.519, 3.799, 4.651, 4.796, 5.312, 4.703, 2.235, 2.163, 1.655, 2.001, 2.496, 3.248, 3.866, 4.416, 4.386, 3.712, 3.159, 2.955, 3.005, 2.461, 2.251, 2.098, 1.98, 2.389, 2.242, 2.336, 2.89, 2.904, 2.151, 2.142, 2.742, 2.535, 2.611, 2.392, 2.346, 3.17, 4.013, 4.579, 4.877, 4.679, 2.899, 2.464, 2.571, 2.741, 2.928, 3.701, 5.796, 6.298, 6.247, 7.2, 6.587, 6.003, 5.882, 5.461, 4.894, 4.652, 3.958, 3.958, 3.499, 3.819, 4.86, 4.961, 4.092, 3.796, 3.643, 3.124, 2.705, 2.394, 1.884, 1.974, 2.02, 2.758, 3.576, 3.31, 3.365], [2.655, 2.717, 2.855, 2.781, 2.417, 2.182, 1.986, 1.132, 0.768, 0.0, 0.844, 2.318, 3.518, 4.424, 4.555, 4.987, 4.336, 1.919, 1.931, 1.559, 2.009, 2.602, 3.066, 3.542, 4.113, 4.037, 3.361, 2.843, 2.773, 2.861, 2.308, 2.063, 2.037, 1.955, 2.451, 2.322, 2.418, 3.108, 3.025, 2.098, 2.033, 2.603, 2.382, 2.458, 2.276, 2.344, 3.124, 4.098, 4.639, 4.932, 4.704, 2.964, 2.178, 2.3, 2.48, 2.616, 3.334, 5.583, 5.978, 6.007, 7.066, 6.524, 5.903, 5.726, 5.316, 4.757, 4.533, 3.848, 3.886, 3.51, 3.67, 4.781, 4.626, 3.739, 3.338, 3.259, 3.022, 2.595, 2.244, 1.673, 1.702, 1.714, 2.393, 3.191, 2.893, 2.982], [2.688, 2.801, 3.082, 3.075, 2.819, 2.626, 2.578, 1.672, 1.254, 0.844, 0.0, 1.787, 3.113, 4.055, 4.092, 4.424, 3.894, 1.709, 2.21, 1.877, 2.427, 3.116, 3.34, 3.614, 4.102, 3.999, 3.258, 2.885, 2.863, 3.084, 2.702, 2.447, 2.412, 2.461, 3.079, 2.983, 3.069, 3.625, 3.531, 2.512, 2.383, 2.659, 2.607, 2.721, 2.51, 2.406, 3.395, 4.372, 4.892, 5.185, 4.967, 3.357, 2.378, 2.488, 2.653, 2.839, 3.492, 5.734, 6.159, 6.238, 7.324, 6.743, 6.102, 5.912, 5.527, 4.954, 4.727, 4.011, 4.116, 3.662, 3.192, 4.264, 4.176, 3.33, 3.006, 2.983, 2.73, 2.417, 1.958, 1.546, 1.715, 1.69, 2.308, 2.891, 2.622, 2.696], [3.604, 3.788, 4.268, 4.351, 4.128, 4.102, 4.133, 3.05, 2.519, 2.318, 1.787, 0.0, 1.661, 2.656, 2.803, 3.224, 2.658, 1.339, 2.495, 3.135, 3.667, 4.355, 4.434, 4.363, 4.483, 4.31, 3.498, 3.287, 3.55, 3.914, 3.845, 3.656, 3.691, 3.806, 4.467, 4.428, 4.568, 5.195, 5.074, 3.976, 3.397, 3.4, 3.299, 3.41, 3.287, 3.22, 4.469, 5.486, 5.928, 6.22, 6.145, 4.512, 3.309, 3.069, 3.173, 3.034, 4.048, 6.566, 6.895, 6.869, 7.904, 7.299, 6.552, 6.361, 5.876, 5.395, 5.168, 4.45, 4.499, 3.736, 2.395, 2.881, 3.098, 2.301, 2.086, 2.055, 1.955, 1.923, 2.038, 2.27, 2.597, 2.52, 1.859, 1.979, 1.809, 1.992], [4.685, 4.852, 5.38, 5.518, 5.313, 5.28, 5.338, 4.296, 3.799, 3.518, 3.113, 1.661, 0.0, 1.296, 1.362, 1.899, 1.299, 1.975, 3.697, 4.276, 4.796, 5.505, 5.521, 5.264, 5.285, 5.021, 3.746, 3.975, 4.368, 4.888, 4.966, 4.813, 4.874, 4.98, 5.635, 5.609, 5.75, 6.389, 6.257, 5.181, 4.59, 4.506, 4.418, 4.541, 4.361, 4.216, 5.589, 6.539, 6.879, 7.121, 7.036, 5.361, 4.202, 3.78, 3.706, 3.494, 4.495, 6.996, 7.37, 7.181, 8.18, 7.628, 6.623, 6.427, 5.958, 5.418, 5.125, 4.444, 4.434, 3.765, 2.143, 1.595, 1.66, 1.261, 1.156, 1.534, 1.86, 2.272, 2.867, 3.44, 3.713, 3.65, 2.353, 1.693, 1.719, 1.807], [5.314, 5.449, 6.018, 6.222, 5.964, 5.949, 6.0, 5.046, 4.651, 4.424, 4.055, 2.656, 1.296, 0.0, 0.727, 1.142, 0.827, 2.918, 4.603, 5.05, 5.539, 6.259, 6.148, 5.873, 5.636, 5.44, 4.239, 4.574, 4.941, 5.489, 5.748, 5.665, 5.561, 5.827, 6.512, 6.456, 6.53, 7.088, 6.907, 5.867, 5.233, 5.108, 5.005, 5.133, 4.956, 4.807, 6.145, 7.075, 7.363, 7.595, 7.508, 5.8, 4.815, 4.288, 4.195, 3.847, 4.875, 7.256, 7.649, 7.478, 8.421, 7.725, 6.673, 6.392, 5.937, 5.357, 5.064, 4.474, 4.462, 3.941, 2.254, 1.37, 1.355, 1.341, 1.686, 2.139, 2.47, 2.875, 3.467, 4.217, 4.457, 4.35, 3.164, 2.158, 2.33, 2.221], [5.488, 5.63, 6.179, 6.403, 6.172, 6.135, 6.172, 5.278, 4.796, 4.555, 4.092, 2.803, 1.362, 0.727, 0.0, 0.863, 0.809, 3.049, 4.831, 5.253, 5.767, 6.425, 6.391, 6.117, 5.892, 5.697, 4.454, 4.79, 5.164, 5.714, 5.915, 5.811, 5.702, 5.961, 6.654, 6.584, 6.692, 7.29, 7.124, 6.025, 5.444, 5.331, 5.22, 5.357, 5.18, 5.031, 6.361, 7.3, 7.576, 7.815, 7.673, 6.015, 4.921, 4.392, 4.315, 3.938, 4.95, 7.326, 7.688, 7.516, 8.481, 7.797, 6.751, 6.456, 6.002, 5.418, 5.14, 4.613, 4.591, 4.025, 2.263, 1.303, 1.41, 1.315, 1.718, 2.02, 2.441, 3.028, 3.609, 4.383, 4.63, 4.517, 3.297, 2.359, 2.513, 2.452], [6.052, 6.203, 6.702, 7.016, 6.779, 6.778, 6.801, 5.813, 5.312, 4.987, 4.424, 3.224, 1.899, 1.142, 0.863, 0.0, 0.92, 3.72, 5.481, 5.774, 6.433, 7.073, 7.027, 6.751, 6.49, 6.316, 5.065, 5.422, 5.788, 6.341, 6.484, 6.418, 6.286, 6.563, 7.254, 7.176, 7.28, 7.905, 7.774, 6.622, 6.076, 5.958, 5.845, 5.978, 5.808, 5.656, 6.986, 7.926, 8.195, 8.426, 8.229, 6.649, 5.473, 4.948, 4.816, 4.477, 5.438, 7.81, 8.162, 8.043, 9.042, 8.38, 7.28, 6.96, 6.52, 5.929, 5.623, 5.138, 5.155, 4.441, 2.595, 1.538, 1.524, 1.833, 2.23, 2.462, 2.95, 3.606, 4.195, 4.945, 5.202, 5.048, 3.934, 2.928, 3.085, 2.981], [5.335, 5.489, 6.01, 6.309, 6.045, 6.057, 6.075, 5.118, 4.703, 4.336, 3.894, 2.658, 1.299, 0.827, 0.809, 0.92, 0.0, 2.911, 4.687, 5.058, 5.687, 6.263, 6.299, 6.023, 5.769, 5.587, 4.351, 4.696, 5.077, 5.627, 5.782, 5.671, 5.563, 5.806, 6.482, 6.462, 6.573, 7.181, 7.04, 5.908, 5.356, 5.245, 5.133, 5.262, 5.09, 4.953, 6.276, 7.215, 7.473, 7.714, 7.503, 5.921, 4.817, 4.282, 4.153, 3.779, 4.862, 7.243, 7.611, 7.48, 8.45, 7.809, 6.779, 6.529, 6.069, 5.499, 5.188, 4.598, 4.571, 4.07, 2.213, 1.387, 1.315, 1.266, 1.496, 1.88, 2.529, 3.0, 3.467, 4.233, 4.493, 4.35, 3.15, 2.168, 2.317, 2.274], [2.82, 2.995, 3.517, 3.672, 3.464, 3.453, 3.462, 2.634, 2.235, 1.919, 1.709, 1.339, 1.975, 2.918, 3.049, 3.72, 2.911, 0.0, 1.912, 2.606, 3.029, 3.628, 3.695, 3.508, 3.658, 3.503, 2.645, 2.364, 2.611, 3.079, 3.092, 2.898, 2.999, 3.048, 3.728, 3.785, 3.874, 4.552, 4.421, 3.305, 2.784, 2.811, 2.619, 2.74, 2.547, 2.421, 3.771, 4.731, 5.137, 5.41, 5.298, 3.683, 2.521, 2.156, 2.094, 2.044, 2.912, 5.524, 5.832, 5.744, 6.801, 6.272, 5.404, 5.22, 4.758, 4.252, 4.032, 3.394, 3.374, 3.034, 2.395, 3.38, 3.193, 2.513, 2.231, 2.401, 2.627, 2.279, 2.056, 1.916, 2.247, 2.07, 1.489, 1.906, 1.588, 1.714], [2.601, 2.592, 2.659, 2.221, 2.02, 1.999, 2.024, 1.998, 2.163, 1.931, 2.21, 2.495, 3.697, 4.603, 4.831, 5.481, 4.687, 1.912, 0.0, 1.196, 1.623, 2.221, 2.747, 2.96, 3.131, 2.944, 2.607, 2.006, 1.996, 2.126, 2.042, 1.794, 2.481, 2.282, 2.415, 2.503, 2.795, 3.099, 2.949, 2.482, 2.613, 2.953, 2.422, 2.286, 2.318, 2.622, 2.637, 3.341, 3.815, 4.121, 4.024, 2.491, 1.75, 2.006, 2.361, 2.685, 2.824, 4.543, 4.889, 4.809, 5.803, 5.291, 4.65, 4.429, 4.023, 3.549, 3.363, 3.234, 3.134, 2.818, 3.894, 5.077, 4.917, 4.132, 3.732, 3.781, 3.734, 3.208, 2.875, 2.472, 2.927, 2.615, 2.621, 3.25, 2.904, 3.023], [2.378, 2.286, 2.09, 1.695, 1.551, 1.43, 1.506, 1.512, 1.655, 1.559, 1.877, 3.135, 4.276, 5.05, 5.253, 5.774, 5.058, 2.606, 1.196, 0.0, 1.126, 1.581, 2.359, 2.971, 3.329, 3.167, 2.826, 2.143, 1.954, 1.957, 1.74, 1.596, 2.0, 1.709, 1.912, 1.85, 2.123, 2.394, 2.226, 1.938, 2.467, 2.831, 2.516, 2.366, 2.298, 2.299, 2.113, 2.784, 3.292, 3.574, 3.422, 1.875, 1.502, 1.95, 2.339, 2.686, 2.912, 4.217, 4.694, 4.638, 5.676, 5.1, 4.57, 4.482, 4.101, 3.564, 3.296, 3.235, 3.091, 2.957, 4.344, 5.463, 5.32, 4.504, 4.122, 4.162, 3.993, 3.475, 2.987, 2.47, 2.788, 2.613, 3.103, 3.945, 3.628, 3.666], [2.668, 2.561, 2.299, 1.649, 1.539, 1.638, 1.618, 1.93, 2.001, 2.009, 2.427, 3.667, 4.796, 5.539, 5.767, 6.433, 5.687, 3.029, 1.623, 1.126, 0.0, 1.222, 2.35, 3.05, 3.503, 3.306, 3.024, 2.278, 2.171, 2.063, 1.583, 1.618, 2.068, 1.525, 1.468, 1.651, 1.786, 1.838, 1.739, 1.719, 2.147, 2.664, 2.563, 2.453, 2.317, 2.164, 1.723, 2.368, 2.951, 3.279, 3.188, 1.841, 1.784, 2.237, 2.616, 2.941, 3.085, 4.295, 4.745, 4.62, 5.362, 4.884, 4.662, 4.549, 4.21, 3.78, 3.611, 3.467, 3.38, 3.5, 4.898, 6.034, 5.72, 5.048, 4.631, 4.528, 4.239, 3.717, 3.263, 2.609, 2.923, 2.831, 3.206, 4.109, 4.032, 4.118], [2.104, 1.981, 1.614, 1.08, 1.139, 1.577, 1.564, 2.31, 2.496, 2.602, 3.116, 4.355, 5.505, 6.259, 6.425, 7.073, 6.263, 3.628, 2.221, 1.581, 1.222, 0.0, 1.802, 2.453, 3.001, 2.858, 2.788, 2.237, 1.952, 1.738, 1.464, 1.468, 1.504, 1.057, 1.294, 1.54, 1.399, 1.403, 1.259, 1.516, 2.518, 2.921, 2.78, 2.554, 2.532, 2.263, 1.647, 2.048, 2.645, 2.851, 2.686, 1.805, 2.148, 2.71, 3.021, 3.297, 3.219, 3.773, 4.253, 4.117, 4.921, 4.496, 4.141, 4.051, 3.749, 3.817, 3.949, 4.044, 3.514, 4.043, 5.498, 6.694, 6.336, 5.591, 5.016, 4.926, 4.861, 4.268, 3.729, 3.029, 3.243, 3.081, 3.474, 4.587, 4.592, 4.699], [1.345, 1.222, 1.09, 1.389, 1.773, 2.132, 2.38, 3.037, 3.248, 3.066, 3.34, 4.434, 5.521, 6.148, 6.391, 7.027, 6.299, 3.695, 2.747, 2.359, 2.35, 1.802, 0.0, 0.953, 1.643, 1.633, 2.177, 1.918, 1.684, 1.522, 1.78, 1.726, 1.649, 2.086, 2.832, 2.896, 2.661, 2.486, 2.111, 1.888, 2.207, 2.497, 2.326, 2.176, 2.21, 2.145, 1.909, 2.714, 2.922, 2.484, 2.785, 2.675, 2.7, 3.047, 3.177, 3.453, 2.711, 3.273, 3.573, 3.666, 4.485, 4.014, 3.57, 3.575, 3.476, 3.873, 4.074, 3.973, 3.612, 3.974, 5.513, 6.577, 5.989, 5.371, 5.092, 5.134, 5.014, 4.497, 3.793, 3.291, 3.408, 3.243, 3.534, 4.689, 4.69, 4.789], [1.352, 1.303, 1.507, 1.846, 2.27, 2.677, 3.073, 3.644, 3.866, 3.542, 3.614, 4.363, 5.264, 5.873, 6.117, 6.751, 6.023, 3.508, 2.96, 2.971, 3.05, 2.453, 0.953, 0.0, 1.17, 1.27, 1.934, 1.841, 1.762, 1.778, 2.5, 2.404, 2.146, 2.751, 3.628, 3.683, 3.306, 3.117, 2.878, 2.554, 2.512, 2.662, 2.373, 2.258, 2.417, 2.431, 2.214, 2.986, 2.972, 2.555, 2.85, 2.973, 3.091, 3.389, 3.251, 3.416, 2.748, 3.126, 3.523, 3.686, 4.443, 3.981, 3.4, 3.357, 3.384, 3.789, 4.036, 4.014, 3.708, 3.997, 5.23, 6.269, 5.696, 5.145, 5.079, 5.298, 5.148, 4.648, 3.945, 3.514, 3.623, 3.393, 3.584, 4.645, 4.615, 4.706], [1.89, 1.917, 2.0, 2.271, 2.707, 3.022, 3.461, 4.122, 4.416, 4.113, 4.102, 4.483, 5.285, 5.636, 5.892, 6.49, 5.769, 3.658, 3.131, 3.329, 3.503, 3.001, 1.643, 1.17, 0.0, 0.705, 1.823, 1.799, 1.826, 2.008, 2.843, 2.854, 2.687, 3.341, 4.075, 4.124, 3.879, 3.561, 3.278, 3.064, 3.05, 3.227, 2.935, 2.811, 3.043, 3.098, 2.643, 3.265, 3.259, 2.658, 3.007, 2.975, 3.161, 3.249, 3.156, 3.273, 2.45, 2.873, 3.226, 3.551, 4.366, 3.87, 3.137, 3.224, 3.164, 3.543, 3.789, 3.726, 3.426, 3.673, 4.959, 5.981, 5.45, 5.155, 5.266, 5.499, 5.399, 4.866, 4.242, 3.916, 4.081, 3.616, 3.818, 4.754, 4.679, 4.771], [1.898, 1.917, 2.074, 2.146, 2.682, 2.934, 3.305, 4.115, 4.386, 4.037, 3.999, 4.31, 5.021, 5.44, 5.697, 6.316, 5.587, 3.503, 2.944, 3.167, 3.306, 2.858, 1.633, 1.27, 0.705, 0.0, 1.467, 1.647, 1.738, 1.865, 2.663, 2.738, 2.645, 3.239, 3.921, 3.983, 3.865, 3.606, 3.148, 2.981, 2.993, 3.232, 2.906, 2.779, 3.022, 3.006, 2.617, 3.196, 3.201, 2.803, 3.139, 2.873, 3.03, 3.085, 3.026, 3.134, 2.266, 2.9, 3.275, 3.518, 4.423, 3.857, 3.218, 3.099, 2.904, 3.328, 3.555, 3.515, 3.259, 3.541, 4.778, 5.777, 5.263, 4.935, 5.001, 5.241, 5.179, 4.706, 4.104, 3.82, 4.012, 3.514, 3.593, 4.502, 4.419, 4.515], [1.839, 1.861, 2.222, 2.301, 2.575, 2.758, 2.95, 3.446, 3.712, 3.361, 3.258, 3.498, 3.746, 4.239, 4.454, 5.065, 4.351, 2.645, 2.607, 2.826, 3.024, 2.788, 2.177, 1.934, 1.823, 1.467, 0.0, 1.12, 1.367, 1.644, 2.366, 2.246, 2.428, 2.779, 3.529, 3.601, 3.405, 3.518, 3.254, 2.501, 2.822, 2.955, 2.419, 2.232, 2.435, 2.476, 2.463, 3.284, 3.465, 3.741, 3.719, 2.763, 2.618, 2.593, 2.363, 2.408, 1.945, 3.523, 4.017, 3.951, 4.942, 4.361, 3.505, 3.229, 2.937, 2.873, 3.041, 2.898, 2.565, 2.844, 3.731, 4.603, 4.084, 3.581, 3.642, 4.055, 4.287, 3.743, 3.357, 3.097, 3.312, 2.74, 2.642, 3.283, 3.122, 3.267], [1.566, 1.562, 1.951, 1.897, 2.148, 2.303, 2.488, 2.884, 3.159, 2.843, 2.885, 3.287, 3.975, 4.574, 4.79, 5.422, 4.696, 2.364, 2.006, 2.143, 2.278, 2.237, 1.918, 1.841, 1.799, 1.647, 1.12, 0.0, 0.795, 1.171, 1.768, 1.748, 1.981, 2.408, 3.055, 3.133, 3.075, 3.142, 2.757, 2.236, 2.412, 2.59, 2.168, 2.003, 2.06, 2.103, 2.197, 3.02, 3.354, 3.614, 3.588, 2.445, 2.371, 2.489, 2.277, 2.357, 1.897, 3.746, 4.139, 4.066, 5.091, 4.335, 3.563, 3.357, 2.964, 3.007, 3.147, 3.092, 2.843, 2.856, 3.963, 5.016, 4.439, 3.841, 3.636, 3.881, 4.012, 3.463, 2.95, 2.664, 2.94, 2.336, 2.202, 3.251, 3.242, 3.33], [1.345, 1.331, 1.651, 1.574, 1.732, 1.865, 2.126, 2.641, 2.955, 2.773, 2.863, 3.55, 4.368, 4.941, 5.164, 5.788, 5.077, 2.611, 1.996, 1.954, 2.171, 1.952, 1.684, 1.762, 1.826, 1.738, 1.367, 0.795, 0.0, 0.761, 1.725, 1.645, 1.623, 2.118, 2.779, 2.808, 2.747, 2.727, 2.444, 2.068, 2.223, 2.427, 1.989, 1.862, 1.841, 1.976, 1.926, 2.621, 2.972, 3.26, 3.237, 2.192, 2.335, 2.47, 2.247, 2.38, 2.018, 3.522, 3.939, 3.898, 4.931, 4.152, 3.368, 3.127, 2.815, 2.774, 3.041, 3.061, 2.669, 2.954, 4.315, 5.329, 4.766, 4.218, 4.067, 4.18, 4.221, 3.66, 3.088, 2.753, 3.033, 2.532, 2.502, 3.663, 3.642, 3.731], [1.394, 1.4, 1.469, 1.238, 1.467, 1.434, 1.863, 2.703, 3.005, 2.861, 3.084, 3.914, 4.888, 5.489, 5.714, 6.341, 5.627, 3.079, 2.126, 1.957, 2.063, 1.738, 1.522, 1.778, 2.008, 1.865, 1.644, 1.171, 0.761, 0.0, 1.468, 1.452, 1.636, 2.011, 2.607, 2.637, 2.551, 2.502, 2.239, 1.791, 1.89, 2.13, 1.801, 1.616, 1.763, 1.778, 1.551, 2.338, 2.67, 2.903, 2.995, 2.136, 2.375, 2.558, 2.603, 2.777, 2.262, 3.433, 3.992, 3.92, 4.928, 4.075, 3.441, 3.137, 2.89, 2.869, 3.122, 3.023, 2.716, 3.221, 4.821, 5.773, 5.145, 4.599, 4.483, 4.431, 4.411, 3.845, 3.252, 2.897, 3.059, 2.683, 2.896, 4.068, 4.077, 4.17], [1.971, 1.911, 1.61, 1.238, 1.528, 1.633, 1.799, 2.271, 2.461, 2.308, 2.702, 3.845, 4.966, 5.748, 5.915, 6.484, 5.782, 3.092, 2.042, 1.74, 1.583, 1.464, 1.78, 2.5, 2.843, 2.663, 2.366, 1.768, 1.725, 1.468, 0.0, 0.896, 1.582, 1.694, 1.983, 2.13, 2.082, 2.183, 1.878, 1.149, 1.732, 2.088, 1.994, 1.824, 1.898, 1.889, 1.85, 2.862, 3.193, 3.328, 3.248, 2.21, 1.92, 2.11, 2.393, 2.758, 2.209, 3.681, 4.079, 3.999, 5.037, 4.547, 4.139, 4.153, 3.925, 3.784, 3.766, 3.375, 3.337, 3.759, 5.017, 6.164, 5.658, 4.89, 4.468, 4.344, 4.214, 3.518, 2.851, 2.22, 2.49, 2.164, 2.756, 3.948, 3.976, 4.083], [1.828, 1.783, 1.628, 1.343, 1.412, 1.551, 1.708, 2.034, 2.251, 2.063, 2.447, 3.656, 4.813, 5.665, 5.811, 6.418, 5.671, 2.898, 1.794, 1.596, 1.618, 1.468, 1.726, 2.404, 2.854, 2.738, 2.246, 1.748, 1.645, 1.452, 0.896, 0.0, 1.357, 1.391, 1.859, 2.004, 1.917, 2.245, 2.041, 1.454, 1.969, 2.349, 2.079, 1.879, 1.932, 2.04, 1.911, 3.03, 3.445, 3.622, 3.546, 2.327, 1.929, 2.368, 2.464, 2.837, 2.436, 4.128, 4.454, 4.367, 5.409, 4.918, 4.443, 4.247, 3.915, 3.84, 3.927, 3.75, 3.447, 3.658, 4.945, 6.123, 5.63, 4.915, 4.422, 4.223, 4.127, 3.438, 2.809, 2.066, 2.322, 2.067, 2.684, 3.868, 3.788, 3.881], [1.193, 1.151, 1.374, 1.402, 1.33, 1.569, 1.811, 1.912, 2.098, 2.037, 2.412, 3.691, 4.874, 5.561, 5.702, 6.286, 5.563, 2.999, 2.481, 2.0, 2.068, 1.504, 1.649, 2.146, 2.687, 2.645, 2.428, 1.981, 1.623, 1.636, 1.582, 1.357, 0.0, 1.167, 2.078, 2.191, 1.92, 2.134, 1.898, 1.585, 1.952, 2.383, 2.204, 2.067, 1.983, 1.959, 2.082, 2.937, 3.357, 3.398, 3.22, 2.531, 2.483, 2.741, 2.587, 2.833, 2.898, 4.024, 4.49, 4.493, 5.508, 4.841, 4.26, 4.277, 3.892, 4.082, 4.221, 3.989, 3.524, 4.006, 4.919, 5.948, 5.433, 4.679, 4.393, 4.364, 4.193, 3.429, 2.795, 2.147, 2.406, 2.061, 2.843, 3.953, 3.96, 4.064], [1.937, 1.827, 1.618, 1.566, 1.525, 1.768, 1.762, 1.813, 1.98, 1.955, 2.461, 3.806, 4.98, 5.827, 5.961, 6.563, 5.806, 3.048, 2.282, 1.709, 1.525, 1.057, 2.086, 2.751, 3.341, 3.239, 2.779, 2.408, 2.118, 2.011, 1.694, 1.391, 1.167, 0.0, 1.243, 1.497, 1.33, 1.824, 1.722, 1.474, 2.175, 2.772, 2.621, 2.441, 2.417, 2.108, 2.003, 2.653, 3.157, 3.404, 3.196, 2.131, 2.154, 2.51, 2.479, 2.896, 3.013, 4.169, 4.604, 4.551, 5.534, 5.088, 4.668, 4.665, 4.272, 4.274, 4.365, 4.172, 3.596, 4.082, 5.156, 6.331, 5.982, 5.156, 4.574, 4.589, 4.617, 3.985, 3.382, 2.577, 2.753, 2.589, 3.091, 3.993, 3.932, 4.041], [2.975, 2.876, 2.508, 2.037, 1.738, 1.799, 1.76, 2.09, 2.389, 2.451, 3.079, 4.467, 5.635, 6.512, 6.654, 7.254, 6.482, 3.728, 2.415, 1.912, 1.468, 1.294, 2.832, 3.628, 4.075, 3.921, 3.529, 3.055, 2.779, 2.607, 1.983, 1.859, 2.078, 1.243, 0.0, 0.691, 0.886, 1.218, 1.54, 1.926, 3.044, 3.664, 3.519, 3.293, 3.292, 3.056, 2.253, 2.569, 3.224, 3.592, 3.256, 2.248, 2.42, 2.99, 3.158, 3.706, 3.726, 4.541, 4.919, 4.853, 5.677, 5.351, 5.158, 5.22, 4.884, 4.553, 4.508, 4.374, 3.982, 4.451, 5.82, 7.019, 6.738, 5.888, 5.325, 5.243, 5.072, 4.435, 3.914, 3.096, 3.36, 3.275, 3.888, 4.7, 4.567, 4.66], [3.112, 3.014, 2.636, 2.145, 1.71, 1.662, 1.574, 1.926, 2.242, 2.322, 2.983, 4.428, 5.609, 6.456, 6.584, 7.176, 6.462, 3.785, 2.503, 1.85, 1.651, 1.54, 2.896, 3.683, 4.124, 3.983, 3.601, 3.133, 2.808, 2.637, 2.13, 2.004, 2.191, 1.497, 0.691, 0.0, 0.648, 1.192, 1.714, 2.082, 3.097, 3.76, 3.529, 3.274, 3.328, 3.138, 2.341, 2.669, 3.319, 3.725, 3.444, 2.269, 2.313, 2.96, 3.381, 3.859, 3.899, 4.75, 5.157, 5.028, 5.837, 5.474, 5.315, 5.326, 4.971, 4.544, 4.45, 4.258, 3.93, 4.327, 5.737, 6.888, 6.603, 5.795, 5.303, 5.141, 4.954, 4.341, 3.889, 3.105, 3.327, 3.29, 4.05, 5.057, 4.793, 4.858], [2.761, 2.644, 2.361, 1.945, 1.57, 1.831, 1.704, 2.06, 2.336, 2.418, 3.069, 4.568, 5.75, 6.53, 6.692, 7.28, 6.573, 3.874, 2.795, 2.123, 1.786, 1.399, 2.661, 3.306, 3.879, 3.865, 3.405, 3.075, 2.747, 2.551, 2.082, 1.917, 1.92, 1.33, 0.886, 0.648, 0.0, 1.057, 1.62, 1.922, 2.891, 3.511, 3.352, 3.1, 3.123, 2.874, 2.269, 2.544, 3.251, 3.575, 3.304, 2.335, 2.503, 3.116, 3.328, 3.688, 3.851, 4.581, 5.002, 4.902, 5.72, 5.31, 5.134, 5.129, 4.829, 4.574, 4.641, 4.493, 4.096, 4.588, 5.839, 6.97, 6.602, 5.801, 5.356, 5.232, 5.036, 4.336, 3.85, 3.053, 3.237, 3.143, 3.96, 4.969, 4.807, 4.902], [2.888, 2.74, 2.307, 1.697, 1.547, 1.848, 1.827, 2.659, 2.89, 3.108, 3.625, 5.195, 6.389, 7.088, 7.29, 7.905, 7.181, 4.552, 3.099, 2.394, 1.838, 1.403, 2.486, 3.117, 3.561, 3.606, 3.518, 3.142, 2.727, 2.502, 2.183, 2.245, 2.134, 1.824, 1.218, 1.192, 1.057, 0.0, 1.239, 2.072, 3.001, 3.623, 3.497, 3.248, 3.297, 3.003, 2.085, 2.151, 2.843, 3.076, 2.77, 2.296, 2.91, 3.547, 3.926, 4.261, 4.159, 4.168, 4.699, 4.622, 5.269, 4.868, 4.665, 4.616, 4.602, 4.509, 4.537, 4.489, 4.235, 4.823, 6.455, 7.508, 7.012, 6.261, 6.018, 5.843, 5.419, 4.83, 4.252, 3.526, 3.631, 3.57, 4.484, 5.616, 5.501, 5.609], [2.488, 2.333, 2.045, 1.349, 1.527, 1.78, 1.7, 2.726, 2.904, 3.025, 3.531, 5.074, 6.257, 6.907, 7.124, 7.774, 7.04, 4.421, 2.949, 2.226, 1.739, 1.259, 2.111, 2.878, 3.278, 3.148, 3.254, 2.757, 2.444, 2.239, 1.878, 2.041, 1.898, 1.722, 1.54, 1.714, 1.62, 1.239, 0.0, 1.697, 2.679, 3.337, 3.223, 3.022, 3.151, 2.877, 1.884, 1.778, 2.249, 2.345, 2.19, 1.746, 2.704, 3.336, 3.724, 4.084, 3.693, 3.562, 3.98, 3.895, 4.778, 4.222, 4.258, 4.421, 4.315, 4.38, 4.405, 4.358, 4.137, 4.767, 6.361, 7.435, 6.846, 6.149, 5.838, 5.734, 5.483, 4.809, 4.089, 3.416, 3.446, 3.424, 4.239, 5.425, 5.374, 5.48], [1.918, 1.849, 1.619, 1.344, 1.704, 1.549, 1.573, 1.981, 2.151, 2.098, 2.512, 3.976, 5.181, 5.867, 6.025, 6.622, 5.908, 3.305, 2.482, 1.938, 1.719, 1.516, 1.888, 2.554, 3.064, 2.981, 2.501, 2.236, 2.068, 1.791, 1.149, 1.454, 1.585, 1.474, 1.926, 2.082, 1.922, 2.072, 1.697, 0.0, 1.321, 1.918, 1.899, 1.753, 1.888, 1.788, 1.556, 2.494, 2.78, 3.052, 2.911, 1.98, 2.046, 2.433, 2.72, 2.954, 2.614, 3.872, 4.468, 4.439, 5.402, 4.835, 4.414, 4.441, 4.242, 4.018, 3.972, 3.49, 3.486, 4.049, 5.163, 6.174, 5.654, 4.933, 4.785, 4.757, 4.534, 3.804, 3.181, 2.517, 2.447, 2.418, 3.166, 4.298, 4.247, 4.355], [1.919, 2.102, 2.059, 2.058, 2.304, 2.11, 2.263, 2.466, 2.142, 2.033, 2.383, 3.397, 4.59, 5.233, 5.444, 6.076, 5.356, 2.784, 2.613, 2.467, 2.147, 2.518, 2.207, 2.512, 3.05, 2.993, 2.822, 2.412, 2.223, 1.89, 1.732, 1.969, 1.952, 2.175, 3.044, 3.097, 2.891, 3.001, 2.679, 1.321, 0.0, 1.06, 1.396, 1.472, 1.382, 1.472, 1.939, 3.159, 3.431, 3.537, 3.781, 2.784, 2.48, 2.574, 2.687, 2.722, 2.674, 4.336, 5.02, 5.078, 5.97, 5.268, 4.805, 4.582, 4.461, 4.211, 4.028, 3.434, 3.524, 3.963, 4.589, 5.527, 4.921, 4.358, 4.266, 4.195, 3.834, 3.31, 2.793, 2.259, 2.267, 2.048, 2.663, 3.802, 3.782, 3.883], [2.258, 2.28, 2.476, 2.525, 2.763, 2.584, 2.821, 2.965, 2.742, 2.603, 2.659, 3.4, 4.506, 5.108, 5.331, 5.958, 5.245, 2.811, 2.953, 2.831, 2.664, 2.921, 2.497, 2.662, 3.227, 3.232, 2.955, 2.59, 2.427, 2.13, 2.088, 2.349, 2.383, 2.772, 3.664, 3.76, 3.511, 3.623, 3.337, 1.918, 1.06, 0.0, 0.99, 1.197, 1.005, 1.288, 2.111, 3.176, 3.485, 3.793, 4.2, 3.276, 2.936, 2.87, 2.878, 2.803, 2.945, 4.681, 5.377, 5.42, 6.258, 5.561, 5.051, 4.659, 4.443, 4.052, 4.034, 3.488, 3.687, 4.096, 4.425, 5.309, 4.688, 4.216, 4.193, 4.2, 3.893, 3.402, 2.948, 2.631, 2.626, 2.441, 2.829, 3.734, 3.705, 3.851], [2.094, 2.063, 2.425, 2.469, 2.624, 2.344, 2.451, 2.599, 2.535, 2.382, 2.607, 3.299, 4.418, 5.005, 5.22, 5.845, 5.133, 2.619, 2.422, 2.516, 2.563, 2.78, 2.326, 2.373, 2.935, 2.906, 2.419, 2.168, 1.989, 1.801, 1.994, 2.079, 2.204, 2.621, 3.519, 3.529, 3.352, 3.497, 3.223, 1.899, 1.396, 0.99, 0.0, 0.543, 0.688, 1.207, 1.948, 3.009, 3.375, 3.856, 4.078, 2.931, 2.586, 2.419, 2.407, 2.553, 2.533, 4.643, 5.239, 5.22, 6.107, 5.352, 4.746, 4.283, 3.908, 3.533, 3.48, 2.948, 3.087, 3.476, 4.304, 5.194, 4.614, 4.113, 4.134, 4.21, 3.93, 3.425, 2.826, 2.453, 2.519, 2.31, 2.619, 3.68, 3.596, 3.697], [1.956, 1.943, 2.262, 2.285, 2.361, 2.134, 2.264, 2.515, 2.611, 2.458, 2.721, 3.41, 4.541, 5.133, 5.357, 5.978, 5.262, 2.74, 2.286, 2.366, 2.453, 2.554, 2.176, 2.258, 2.811, 2.779, 2.232, 2.003, 1.862, 1.616, 1.824, 1.879, 2.067, 2.441, 3.293, 3.274, 3.1, 3.248, 3.022, 1.753, 1.472, 1.197, 0.543, 0.0, 0.693, 1.254, 1.824, 2.811, 3.221, 3.776, 3.9, 2.709, 2.426, 2.36, 2.415, 2.592, 2.45, 4.513, 5.069, 5.036, 5.943, 5.182, 4.549, 4.062, 3.724, 3.276, 3.273, 2.871, 2.926, 3.324, 4.433, 5.394, 4.747, 4.243, 4.255, 4.337, 4.022, 3.519, 2.929, 2.519, 2.648, 2.344, 2.772, 3.836, 3.711, 3.817], [2.016, 1.936, 2.324, 2.418, 2.438, 2.326, 2.382, 2.44, 2.392, 2.276, 2.51, 3.287, 4.361, 4.956, 5.18, 5.808, 5.09, 2.547, 2.318, 2.298, 2.317, 2.532, 2.21, 2.417, 3.043, 3.022, 2.435, 2.06, 1.841, 1.763, 1.898, 1.932, 1.983, 2.417, 3.292, 3.328, 3.123, 3.297, 3.151, 1.888, 1.382, 1.005, 0.688, 0.693, 0.0, 1.025, 1.926, 2.832, 3.374, 3.887, 4.068, 2.784, 2.473, 2.343, 2.237, 2.389, 2.569, 4.632, 5.167, 5.158, 6.034, 5.258, 4.64, 4.197, 3.786, 3.42, 3.397, 2.948, 2.989, 3.364, 4.257, 5.173, 4.608, 4.117, 4.054, 4.111, 3.895, 3.371, 2.796, 2.393, 2.595, 2.315, 2.532, 3.612, 3.542, 3.656], [2.051, 1.994, 2.21, 2.288, 2.288, 2.313, 2.528, 2.603, 2.346, 2.344, 2.406, 3.22, 4.216, 4.807, 5.031, 5.656, 4.953, 2.421, 2.622, 2.299, 2.164, 2.263, 2.145, 2.431, 3.098, 3.006, 2.476, 2.103, 1.976, 1.778, 1.889, 2.04, 1.959, 2.108, 3.056, 3.138, 2.874, 3.003, 2.877, 1.788, 1.472, 1.288, 1.207, 1.254, 1.025, 0.0, 1.744, 2.711, 3.317, 3.696, 3.779, 2.71, 2.433, 2.24, 2.189, 2.368, 2.699, 4.375, 4.958, 4.876, 5.733, 4.985, 4.554, 4.194, 3.891, 3.496, 3.532, 3.039, 3.09, 3.562, 4.13, 5.082, 4.469, 3.949, 3.947, 3.994, 3.849, 3.339, 2.746, 2.418, 2.656, 2.435, 2.52, 3.512, 3.439, 3.54], [2.135, 1.998, 1.88, 1.397, 1.681, 1.64, 1.937, 2.881, 3.17, 3.124, 3.395, 4.469, 5.589, 6.145, 6.361, 6.986, 6.276, 3.771, 2.637, 2.113, 1.723, 1.647, 1.909, 2.214, 2.643, 2.617, 2.463, 2.197, 1.926, 1.551, 1.85, 1.911, 2.082, 2.003, 2.253, 2.341, 2.269, 2.085, 1.884, 1.556, 1.939, 2.111, 1.948, 1.824, 1.926, 1.744, 0.0, 1.496, 1.895, 2.32, 2.563, 1.825, 1.991, 2.586, 2.914, 3.257, 2.997, 3.477, 4.184, 4.136, 4.883, 4.199, 4.068, 3.836, 3.647, 3.228, 3.291, 3.127, 3.007, 3.769, 5.442, 6.341, 5.762, 5.335, 5.37, 5.331, 5.074, 4.568, 3.926, 3.344, 3.439, 3.346, 3.893, 4.958, 4.886, 4.981], [2.886, 2.698, 2.662, 2.096, 2.387, 2.465, 2.556, 3.768, 4.013, 4.098, 4.372, 5.486, 6.539, 7.075, 7.3, 7.926, 7.215, 4.731, 3.341, 2.784, 2.368, 2.048, 2.714, 2.986, 3.265, 3.196, 3.284, 3.02, 2.621, 2.338, 2.862, 3.03, 2.937, 2.653, 2.569, 2.669, 2.544, 2.151, 1.778, 2.494, 3.159, 3.176, 3.009, 2.811, 2.832, 2.711, 1.496, 0.0, 0.972, 1.677, 1.678, 1.694, 2.872, 3.437, 3.821, 4.125, 3.909, 3.337, 3.848, 3.703, 4.287, 3.814, 4.112, 3.952, 3.814, 3.705, 3.768, 3.868, 3.739, 4.552, 6.376, 7.254, 6.672, 6.318, 6.397, 6.459, 6.22, 5.675, 5.054, 4.523, 4.54, 4.5, 4.873, 5.947, 5.897, 5.993], [2.972, 2.805, 2.792, 2.355, 2.826, 2.858, 3.119, 4.341, 4.579, 4.639, 4.892, 5.928, 6.879, 7.363, 7.576, 8.195, 7.473, 5.137, 3.815, 3.292, 2.951, 2.645, 2.922, 2.972, 3.259, 3.201, 3.465, 3.354, 2.972, 2.67, 3.193, 3.445, 3.357, 3.157, 3.224, 3.319, 3.251, 2.843, 2.249, 2.78, 3.431, 3.485, 3.375, 3.221, 3.374, 3.317, 1.895, 0.972, 0.0, 1.164, 1.164, 2.017, 3.203, 3.729, 4.111, 4.37, 3.917, 2.788, 3.292, 3.186, 3.684, 3.348, 3.746, 3.91, 3.901, 3.994, 4.107, 4.17, 3.973, 4.866, 6.651, 7.499, 6.931, 6.718, 6.828, 6.966, 6.774, 6.192, 5.564, 4.967, 4.947, 4.89, 5.334, 6.38, 6.32, 6.419], [2.938, 2.765, 2.471, 2.398, 2.968, 3.18, 3.451, 4.637, 4.877, 4.932, 5.185, 6.22, 7.121, 7.595, 7.815, 8.426, 7.714, 5.41, 4.121, 3.574, 3.279, 2.851, 2.484, 2.555, 2.658, 2.803, 3.741, 3.614, 3.26, 2.903, 3.328, 3.622, 3.398, 3.404, 3.592, 3.725, 3.575, 3.076, 2.345, 3.052, 3.537, 3.793, 3.856, 3.776, 3.887, 3.696, 2.32, 1.677, 1.164, 0.0, 1.043, 2.241, 3.441, 3.914, 4.315, 4.577, 3.857, 2.548, 2.785, 2.887, 3.147, 3.182, 3.398, 3.932, 4.149, 4.38, 4.462, 4.569, 4.359, 5.226, 6.903, 7.751, 7.19, 6.964, 7.089, 7.186, 7.116, 6.442, 5.791, 5.215, 5.229, 5.153, 5.599, 6.637, 6.572, 6.672], [2.854, 2.678, 2.43, 2.303, 2.896, 3.251, 3.362, 4.412, 4.679, 4.704, 4.967, 6.145, 7.036, 7.508, 7.673, 8.229, 7.503, 5.298, 4.024, 3.422, 3.188, 2.686, 2.785, 2.85, 3.007, 3.139, 3.719, 3.588, 3.237, 2.995, 3.248, 3.546, 3.22, 3.196, 3.256, 3.444, 3.304, 2.77, 2.19, 2.911, 3.781, 4.2, 4.078, 3.9, 4.068, 3.779, 2.563, 1.678, 1.164, 1.043, 0.0, 2.025, 3.268, 3.716, 4.086, 4.349, 3.73, 2.2, 2.478, 2.546, 2.943, 2.903, 3.263, 3.861, 4.065, 4.409, 4.489, 4.588, 4.386, 5.158, 6.739, 7.687, 7.246, 6.877, 6.94, 7.155, 7.13, 6.393, 5.668, 5.068, 5.068, 4.959, 5.5, 6.499, 6.437, 6.536], [2.688, 2.511, 2.334, 1.836, 2.095, 2.02, 1.864, 2.688, 2.899, 2.964, 3.357, 4.512, 5.361, 5.8, 6.015, 6.649, 5.921, 3.683, 2.491, 1.875, 1.841, 1.805, 2.675, 2.973, 2.975, 2.873, 2.763, 2.445, 2.192, 2.136, 2.21, 2.327, 2.531, 2.131, 2.248, 2.269, 2.335, 2.296, 1.746, 1.98, 2.784, 3.276, 2.931, 2.709, 2.784, 2.71, 1.825, 1.694, 2.017, 2.241, 2.025, 0.0, 1.64, 2.169, 2.626, 2.91, 2.721, 3.188, 3.58, 3.496, 4.416, 3.826, 3.702, 3.832, 3.572, 3.362, 3.195, 3.235, 3.004, 3.564, 5.12, 6.178, 5.812, 5.373, 5.401, 5.497, 5.456, 4.805, 4.199, 3.547, 3.592, 3.522, 3.958, 4.987, 4.863, 4.96], [2.659, 2.49, 2.326, 2.119, 2.084, 2.061, 2.117, 2.324, 2.464, 2.178, 2.378, 3.309, 4.202, 4.815, 4.921, 5.473, 4.817, 2.521, 1.75, 1.502, 1.784, 2.148, 2.7, 3.091, 3.161, 3.03, 2.618, 2.371, 2.335, 2.375, 1.92, 1.929, 2.483, 2.154, 2.42, 2.313, 2.503, 2.91, 2.704, 2.046, 2.48, 2.936, 2.586, 2.426, 2.473, 2.433, 1.991, 2.872, 3.203, 3.441, 3.268, 1.64, 0.0, 0.905, 1.802, 2.128, 2.185, 3.678, 4.073, 4.002, 5.039, 4.494, 4.072, 4.08, 3.803, 3.18, 2.919, 2.671, 2.502, 2.735, 3.908, 5.102, 4.896, 4.426, 4.27, 4.314, 4.418, 3.936, 3.496, 2.779, 2.978, 2.983, 3.327, 4.169, 3.875, 4.005], [2.882, 2.762, 2.644, 2.752, 2.648, 2.626, 2.687, 2.513, 2.571, 2.3, 2.488, 3.069, 3.78, 4.288, 4.392, 4.948, 4.282, 2.156, 2.006, 1.95, 2.237, 2.71, 3.047, 3.389, 3.249, 3.085, 2.593, 2.489, 2.47, 2.558, 2.11, 2.368, 2.741, 2.51, 2.99, 2.96, 3.116, 3.547, 3.336, 2.433, 2.574, 2.87, 2.419, 2.36, 2.343, 2.24, 2.586, 3.437, 3.729, 3.914, 3.716, 2.169, 0.905, 0.0, 1.18, 1.535, 1.795, 3.631, 4.008, 3.973, 5.011, 4.451, 3.94, 3.941, 3.566, 2.941, 2.727, 2.272, 2.17, 2.465, 3.312, 4.485, 4.355, 3.944, 3.834, 3.997, 4.2, 3.765, 3.301, 2.817, 3.131, 2.98, 2.973, 3.755, 3.441, 3.569], [2.6, 2.556, 2.77, 3.023, 2.845, 3.081, 3.144, 2.721, 2.741, 2.48, 2.653, 3.173, 3.706, 4.195, 4.315, 4.816, 4.153, 2.094, 2.361, 2.339, 2.616, 3.021, 3.177, 3.251, 3.156, 3.026, 2.363, 2.277, 2.247, 2.603, 2.393, 2.464, 2.587, 2.479, 3.158, 3.381, 3.328, 3.926, 3.724, 2.72, 2.687, 2.878, 2.407, 2.415, 2.237, 2.189, 2.914, 3.821, 4.111, 4.315, 4.086, 2.626, 1.802, 1.18, 0.0, 0.913, 1.349, 3.537, 3.874, 3.847, 4.873, 4.353, 3.722, 3.678, 3.285, 2.77, 2.61, 2.04, 2.046, 2.393, 2.992, 4.318, 4.329, 3.884, 3.759, 4.167, 4.398, 3.794, 3.221, 2.755, 3.306, 2.91, 2.591, 3.253, 3.012, 3.087], [2.797, 2.753, 3.038, 3.335, 3.251, 3.451, 3.459, 2.963, 2.928, 2.616, 2.839, 3.034, 3.494, 3.847, 3.938, 4.477, 3.779, 2.044, 2.685, 2.686, 2.941, 3.297, 3.453, 3.416, 3.273, 3.134, 2.408, 2.357, 2.38, 2.777, 2.758, 2.837, 2.833, 2.896, 3.706, 3.859, 3.688, 4.261, 4.084, 2.954, 2.722, 2.803, 2.553, 2.592, 2.389, 2.368, 3.257, 4.125, 4.37, 4.577, 4.349, 2.91, 2.128, 1.535, 0.913, 0.0, 1.399, 3.691, 4.071, 4.076, 5.115, 4.46, 3.698, 3.638, 3.224, 2.811, 2.699, 2.167, 2.07, 2.285, 2.543, 3.894, 3.983, 3.549, 3.385, 3.912, 4.16, 3.643, 3.264, 2.952, 3.216, 2.703, 2.418, 3.039, 2.878, 2.943], [2.472, 2.398, 2.427, 2.75, 3.204, 3.323, 3.35, 3.421, 3.701, 3.334, 3.492, 4.048, 4.495, 4.875, 4.95, 5.438, 4.862, 2.912, 2.824, 2.912, 3.085, 3.219, 2.711, 2.748, 2.45, 2.266, 1.945, 1.897, 2.018, 2.262, 2.209, 2.436, 2.898, 3.013, 3.726, 3.899, 3.851, 4.159, 3.693, 2.614, 2.674, 2.945, 2.533, 2.45, 2.569, 2.699, 2.997, 3.909, 3.917, 3.857, 3.73, 2.721, 2.185, 1.795, 1.349, 1.399, 0.0, 2.8, 3.064, 3.121, 4.18, 3.714, 3.013, 2.864, 2.624, 2.548, 2.54, 2.139, 2.162, 2.41, 3.55, 4.85, 4.826, 4.463, 4.397, 4.868, 5.192, 4.544, 3.866, 3.394, 3.66, 3.131, 3.044, 3.848, 3.72, 3.809], [3.438, 3.328, 2.922, 3.09, 3.664, 4.095, 4.478, 5.441, 5.796, 5.583, 5.734, 6.566, 6.996, 7.256, 7.326, 7.81, 7.243, 5.524, 4.543, 4.217, 4.295, 3.773, 3.273, 3.126, 2.873, 2.9, 3.523, 3.746, 3.522, 3.433, 3.681, 4.128, 4.024, 4.169, 4.541, 4.75, 4.581, 4.168, 3.562, 3.872, 4.336, 4.681, 4.643, 4.513, 4.632, 4.375, 3.477, 3.337, 2.788, 2.548, 2.2, 3.188, 3.678, 3.631, 3.537, 3.691, 2.8, 0.0, 0.996, 1.221, 2.12, 1.688, 2.162, 2.655, 3.04, 3.446, 3.503, 3.631, 3.525, 4.295, 5.749, 7.091, 7.127, 6.771, 6.826, 7.47, 7.704, 7.013, 6.271, 5.762, 5.877, 5.55, 5.614, 6.305, 6.226, 6.314], [3.968, 3.793, 3.362, 3.634, 4.134, 4.764, 5.075, 5.975, 6.298, 5.978, 6.159, 6.895, 7.37, 7.649, 7.688, 8.162, 7.611, 5.832, 4.889, 4.694, 4.745, 4.253, 3.573, 3.523, 3.226, 3.275, 4.017, 4.139, 3.939, 3.992, 4.079, 4.454, 4.49, 4.604, 4.919, 5.157, 5.002, 4.699, 3.98, 4.468, 5.02, 5.377, 5.239, 5.069, 5.167, 4.958, 4.184, 3.848, 3.292, 2.785, 2.478, 3.58, 4.073, 4.008, 3.874, 4.071, 3.064, 0.996, 0.0, 0.839, 1.631, 1.447, 2.259, 3.037, 3.348, 3.816, 3.928, 4.135, 3.912, 4.623, 6.103, 7.497, 7.564, 7.253, 7.252, 7.804, 8.108, 7.433, 6.72, 6.112, 6.408, 5.98, 5.959, 6.621, 6.534, 6.607], [4.061, 3.911, 3.488, 3.636, 4.118, 4.734, 5.017, 6.023, 6.247, 6.007, 6.238, 6.869, 7.181, 7.478, 7.516, 8.043, 7.48, 5.744, 4.809, 4.638, 4.62, 4.117, 3.666, 3.686, 3.551, 3.518, 3.951, 4.066, 3.898, 3.92, 3.999, 4.367, 4.493, 4.551, 4.853, 5.028, 4.902, 4.622, 3.895, 4.439, 5.078, 5.42, 5.22, 5.036, 5.158, 4.876, 4.136, 3.703, 3.186, 2.887, 2.546, 3.496, 4.002, 3.973, 3.847, 4.076, 3.121, 1.221, 0.839, 0.0, 1.314, 1.189, 2.354, 2.936, 3.238, 3.72, 3.826, 3.988, 3.81, 4.512, 5.958, 7.344, 7.391, 7.105, 7.153, 7.683, 8.055, 7.413, 6.778, 6.155, 6.397, 6.066, 5.825, 6.488, 6.389, 6.472], [5.041, 4.877, 4.466, 4.576, 5.045, 5.701, 5.958, 7.01, 7.2, 7.066, 7.324, 7.904, 8.18, 8.421, 8.481, 9.042, 8.45, 6.801, 5.803, 5.676, 5.362, 4.921, 4.485, 4.443, 4.366, 4.423, 4.942, 5.091, 4.931, 4.928, 5.037, 5.409, 5.508, 5.534, 5.677, 5.837, 5.72, 5.269, 4.778, 5.402, 5.97, 6.258, 6.107, 5.943, 6.034, 5.733, 4.883, 4.287, 3.684, 3.147, 2.943, 4.416, 5.039, 5.011, 4.873, 5.115, 4.18, 2.12, 1.631, 1.314, 0.0, 1.327, 2.962, 3.647, 3.996, 4.455, 4.561, 4.804, 4.698, 5.417, 6.88, 8.297, 8.37, 8.091, 8.156, 8.723, 9.015, 8.425, 7.79, 7.192, 7.457, 7.147, 6.847, 7.508, 7.447, 7.509], [4.395, 4.174, 3.902, 4.007, 4.425, 4.914, 5.291, 6.376, 6.587, 6.524, 6.743, 7.299, 7.628, 7.725, 7.797, 8.38, 7.809, 6.272, 5.291, 5.1, 4.884, 4.496, 4.014, 3.981, 3.87, 3.857, 4.361, 4.335, 4.152, 4.075, 4.547, 4.918, 4.841, 5.088, 5.351, 5.474, 5.31, 4.868, 4.222, 4.835, 5.268, 5.561, 5.352, 5.182, 5.258, 4.985, 4.199, 3.814, 3.348, 3.182, 2.903, 3.826, 4.494, 4.451, 4.353, 4.46, 3.714, 1.688, 1.447, 1.189, 1.327, 0.0, 2.053, 2.608, 2.869, 3.421, 3.628, 3.873, 3.696, 4.479, 6.19, 7.543, 7.532, 7.463, 7.623, 8.149, 8.244, 7.687, 7.126, 6.675, 6.909, 6.563, 6.339, 7.011, 6.958, 7.012], [3.737, 3.561, 3.368, 3.543, 3.889, 4.416, 4.715, 5.732, 6.003, 5.903, 6.102, 6.552, 6.623, 6.673, 6.751, 7.28, 6.779, 5.404, 4.65, 4.57, 4.662, 4.141, 3.57, 3.4, 3.137, 3.218, 3.505, 3.563, 3.368, 3.441, 4.139, 4.443, 4.26, 4.668, 5.158, 5.315, 5.134, 4.665, 4.258, 4.414, 4.805, 5.051, 4.746, 4.549, 4.64, 4.554, 4.068, 4.112, 3.746, 3.398, 3.263, 3.702, 4.072, 3.94, 3.722, 3.698, 3.013, 2.162, 2.259, 2.354, 2.962, 2.053, 0.0, 1.178, 1.435, 2.04, 2.315, 2.832, 2.594, 3.315, 5.052, 6.297, 6.472, 6.35, 6.597, 7.272, 7.48, 6.882, 6.368, 6.027, 6.254, 5.781, 5.47, 5.982, 5.929, 5.985], [3.609, 3.487, 3.446, 3.563, 3.912, 4.237, 4.554, 5.589, 5.882, 5.726, 5.912, 6.361, 6.427, 6.392, 6.456, 6.96, 6.529, 5.22, 4.429, 4.482, 4.549, 4.051, 3.575, 3.357, 3.224, 3.099, 3.229, 3.357, 3.127, 3.137, 4.153, 4.247, 4.277, 4.665, 5.22, 5.326, 5.129, 4.616, 4.421, 4.441, 4.582, 4.659, 4.283, 4.062, 4.197, 4.194, 3.836, 3.952, 3.91, 3.932, 3.861, 3.832, 4.08, 3.941, 3.678, 3.638, 2.864, 2.655, 3.037, 2.936, 3.647, 2.608, 1.178, 0.0, 0.988, 1.529, 1.914, 2.54, 2.341, 2.943, 4.793, 6.081, 6.175, 6.08, 6.38, 7.077, 7.123, 6.675, 6.168, 5.831, 6.037, 5.601, 5.297, 5.769, 5.709, 5.703], [3.544, 3.379, 3.571, 3.409, 3.652, 3.985, 4.333, 5.234, 5.461, 5.316, 5.527, 5.876, 5.958, 5.937, 6.002, 6.52, 6.069, 4.758, 4.023, 4.101, 4.21, 3.749, 3.476, 3.384, 3.164, 2.904, 2.937, 2.964, 2.815, 2.89, 3.925, 3.915, 3.892, 4.272, 4.884, 4.971, 4.829, 4.602, 4.315, 4.242, 4.461, 4.443, 3.908, 3.724, 3.786, 3.891, 3.647, 3.814, 3.901, 4.149, 4.065, 3.572, 3.803, 3.566, 3.285, 3.224, 2.624, 3.04, 3.348, 3.238, 3.996, 2.869, 1.435, 0.988, 0.0, 1.16, 1.647, 2.208, 2.011, 2.404, 4.326, 5.67, 5.815, 5.686, 5.917, 6.603, 6.634, 6.212, 5.731, 5.464, 5.755, 5.211, 4.824, 5.307, 5.236, 5.248], [3.852, 3.762, 3.898, 3.633, 3.501, 3.457, 3.699, 4.583, 4.894, 4.757, 4.954, 5.395, 5.418, 5.357, 5.418, 5.929, 5.499, 4.252, 3.549, 3.564, 3.78, 3.817, 3.873, 3.789, 3.543, 3.328, 2.873, 3.007, 2.774, 2.869, 3.784, 3.84, 4.082, 4.274, 4.553, 4.544, 4.574, 4.509, 4.38, 4.018, 4.211, 4.052, 3.533, 3.276, 3.42, 3.496, 3.228, 3.705, 3.994, 4.38, 4.409, 3.362, 3.18, 2.941, 2.77, 2.811, 2.548, 3.446, 3.816, 3.72, 4.455, 3.421, 2.04, 1.529, 1.16, 0.0, 0.757, 1.447, 1.352, 1.856, 3.784, 5.006, 5.09, 5.05, 5.391, 6.079, 6.107, 5.675, 5.235, 4.959, 5.386, 4.916, 4.617, 4.942, 4.701, 4.665], [4.075, 3.979, 4.068, 3.722, 3.635, 3.495, 3.574, 4.358, 4.652, 4.533, 4.727, 5.168, 5.125, 5.064, 5.14, 5.623, 5.188, 4.032, 3.363, 3.296, 3.611, 3.949, 4.074, 4.036, 3.789, 3.555, 3.041, 3.147, 3.041, 3.122, 3.766, 3.927, 4.221, 4.365, 4.508, 4.45, 4.641, 4.537, 4.405, 3.972, 4.028, 4.034, 3.48, 3.273, 3.397, 3.532, 3.291, 3.768, 4.107, 4.462, 4.489, 3.195, 2.919, 2.727, 2.61, 2.699, 2.54, 3.503, 3.928, 3.826, 4.561, 3.628, 2.315, 1.914, 1.647, 0.757, 0.0, 1.06, 1.141, 1.566, 3.505, 4.699, 4.876, 4.754, 5.147, 5.883, 5.862, 5.441, 4.998, 4.854, 5.267, 4.815, 4.57, 4.785, 4.45, 4.399], [3.896, 3.8, 3.898, 3.684, 3.627, 3.424, 3.554, 3.748, 3.958, 3.848, 4.011, 4.45, 4.444, 4.474, 4.613, 5.138, 4.598, 3.394, 3.234, 3.235, 3.467, 4.044, 3.973, 4.014, 3.726, 3.515, 2.898, 3.092, 3.061, 3.023, 3.375, 3.75, 3.989, 4.172, 4.374, 4.258, 4.493, 4.489, 4.358, 3.49, 3.434, 3.488, 2.