[[0.0, 1.008, 1.312, 1.888, 2.047, 2.037, 1.747, 1.758, 1.745, 2.058, 2.276, 2.41, 2.471, 2.434, 2.676, 3.286, 3.936, 4.111, 4.507, 4.956, 4.349, 4.429, 4.636, 4.984, 5.36, 5.296, 5.388, 6.369, 6.886, 6.422, 6.338, 6.934, 7.322, 7.592, 8.333, 9.034, 8.215, 8.301, 8.885, 8.41, 8.669, 9.075, 9.539, 9.94, 9.991, 9.666, 7.664, 6.059, 5.973, 6.29, 6.41, 6.115, 6.313, 6.228, 6.708, 7.403, 6.788, 5.086, 3.658, 3.158, 2.845, 3.165, 3.697, 4.544, 4.677, 4.626, 4.733, 4.751, 4.718, 4.128, 4.001, 3.871, 3.868, 4.116, 3.785, 3.262, 2.754, 3.038, 3.138, 3.104, 3.223, 4.115, 4.69, 4.925, 4.549, 4.858], [1.008, 0.0, 0.886, 1.457, 1.692, 1.787, 1.524, 1.467, 1.52, 1.893, 1.935, 2.03, 2.166, 2.245, 2.753, 3.116, 4.039, 4.213, 4.629, 5.071, 4.502, 4.53, 4.738, 5.08, 5.467, 5.521, 5.302, 6.162, 6.66, 6.109, 6.088, 6.874, 7.029, 7.461, 8.124, 8.796, 7.909, 8.038, 8.649, 8.214, 8.462, 8.858, 9.235, 9.679, 9.72, 9.364, 7.41, 5.738, 5.606, 6.293, 6.417, 6.258, 6.262, 6.11, 6.45, 7.084, 6.367, 4.781, 3.365, 2.763, 2.539, 2.819, 3.378, 4.272, 4.415, 4.344, 4.487, 4.432, 4.358, 3.899, 3.846, 3.727, 3.704, 3.87, 3.535, 3.023, 2.742, 2.749, 2.875, 3.271, 3.359, 4.195, 4.66, 4.86, 4.572, 4.741], [1.312, 0.886, 0.0, 0.872, 1.145, 1.274, 1.179, 1.117, 1.158, 1.49, 1.636, 1.677, 1.72, 1.934, 2.482, 2.88, 3.922, 4.091, 4.493, 4.93, 4.328, 4.414, 4.619, 4.969, 5.356, 5.28, 5.041, 5.644, 6.045, 5.622, 5.696, 6.538, 6.713, 7.139, 7.77, 8.212, 7.607, 7.508, 8.132, 7.75, 7.902, 8.291, 8.64, 9.062, 9.131, 8.736, 6.999, 5.351, 5.231, 6.004, 6.189, 6.023, 5.975, 5.789, 6.032, 6.571, 5.975, 4.254, 2.671, 2.238, 1.9, 2.262, 2.741, 3.648, 3.799, 3.948, 3.887, 3.813, 3.877, 3.59, 3.556, 3.267, 3.124, 3.233, 2.959, 2.597, 2.451, 2.378, 2.584, 3.066, 3.128, 3.948, 4.287, 4.522, 4.275, 4.392], [1.888, 1.457, 0.872, 0.0, 0.817, 1.06, 1.081, 1.214, 1.171, 1.267, 1.51, 1.501, 1.456, 1.633, 2.146, 2.617, 3.679, 3.826, 4.242, 4.656, 4.059, 4.134, 4.337, 4.68, 5.107, 4.983, 4.668, 5.231, 5.529, 5.043, 5.239, 6.12, 6.33, 6.788, 7.337, 7.698, 7.193, 7.081, 7.51, 7.133, 7.349, 7.742, 8.04, 8.481, 8.542, 8.182, 6.49, 4.952, 4.803, 5.616, 5.798, 5.646, 5.602, 5.358, 5.633, 6.127, 5.516, 3.807, 2.352, 1.866, 1.558, 1.902, 2.468, 3.092, 3.236, 3.41, 3.458, 3.471, 3.498, 3.243, 3.181, 2.929, 2.72, 2.787, 2.496, 2.199, 2.226, 2.176, 2.33, 2.791, 2.811, 3.577, 3.931, 4.103, 3.879, 3.969], [2.047, 1.692, 1.145, 0.817, 0.0, 0.75, 0.959, 1.207, 1.143, 1.282, 1.389, 1.26, 1.275, 1.403, 1.889, 2.169, 3.115, 3.266, 3.69, 4.101, 3.481, 3.556, 3.744, 4.09, 4.586, 4.547, 4.352, 5.172, 5.504, 5.033, 5.167, 6.04, 6.254, 6.663, 7.193, 7.711, 7.044, 6.947, 7.607, 7.229, 7.365, 7.711, 8.115, 8.535, 8.605, 8.231, 6.401, 4.829, 4.742, 5.508, 5.641, 5.485, 5.439, 5.267, 5.575, 6.077, 5.484, 3.772, 2.185, 1.804, 1.525, 1.863, 2.445, 3.187, 3.384, 3.494, 3.405, 3.397, 3.431, 3.106, 3.05, 2.739, 2.612, 2.722, 2.458, 2.023, 1.832, 1.707, 1.896, 2.35, 2.443, 3.225, 3.616, 3.867, 3.61, 3.74], [2.037, 1.787, 1.274, 1.06, 0.75, 0.0, 0.701, 1.067, 0.787, 0.991, 1.153, 1.051, 1.172, 1.187, 1.668, 1.846, 2.865, 3.04, 3.426, 3.887, 3.311, 3.37, 3.563, 3.917, 4.291, 4.203, 4.099, 4.988, 5.468, 4.954, 5.026, 5.863, 6.073, 6.503, 7.136, 7.666, 6.868, 6.98, 7.552, 7.155, 7.374, 7.72, 8.176, 8.595, 8.627, 8.298, 6.384, 4.652, 4.498, 5.268, 5.391, 5.323, 5.309, 5.101, 5.358, 5.855, 5.232, 3.604, 2.105, 1.659, 1.529, 1.84, 2.371, 3.187, 3.383, 3.485, 3.409, 3.349, 3.284, 2.931, 2.863, 2.667, 2.507, 2.676, 2.388, 1.792, 1.532, 1.437, 1.578, 2.055, 2.139, 3.015, 3.38, 3.52, 3.291, 3.372], [1.747, 1.524, 1.179, 1.081, 0.959, 0.701, 0.0, 0.675, 0.697, 1.032, 1.085, 1.19, 1.401, 1.175, 1.728, 2.087, 3.136, 3.311, 3.708, 4.157, 3.535, 3.619, 3.815, 4.161, 4.55, 4.417, 4.404, 5.362, 5.835, 5.281, 5.329, 6.086, 6.284, 6.73, 7.394, 8.043, 7.149, 7.289, 7.85, 7.442, 7.661, 8.059, 8.53, 8.933, 8.992, 8.651, 6.664, 4.943, 4.839, 5.489, 5.593, 5.515, 5.535, 5.338, 5.679, 6.284, 5.586, 3.991, 2.495, 1.937, 1.886, 2.179, 2.705, 3.547, 3.74, 3.702, 3.741, 3.666, 3.563, 3.176, 3.074, 2.901, 2.853, 3.126, 2.815, 2.116, 1.805, 1.862, 1.836, 2.238, 2.361, 3.34, 3.782, 3.882, 3.567, 3.76], [1.758, 1.467, 1.117, 1.214, 1.207, 1.067, 0.675, 0.0, 0.715, 1.105, 0.998, 1.264, 1.393, 1.405, 1.867, 2.203, 3.321, 3.502, 3.896, 4.301, 3.682, 3.755, 3.961, 4.307, 4.718, 4.689, 4.741, 5.575, 6.076, 5.534, 5.7, 6.441, 6.632, 7.064, 7.789, 8.415, 7.555, 7.619, 8.106, 7.688, 7.937, 8.351, 8.783, 9.194, 9.273, 8.898, 6.976, 5.213, 5.138, 5.735, 5.954, 5.821, 5.807, 5.646, 5.862, 6.544, 5.832, 4.237, 2.759, 2.072, 1.958, 2.313, 2.882, 3.754, 3.926, 3.981, 3.993, 3.899, 3.863, 3.537, 3.437, 3.242, 3.14, 3.299, 2.987, 2.355, 1.964, 1.994, 2.023, 2.484, 2.623, 3.679, 4.012, 4.072, 3.815, 3.984], [1.745, 1.52, 1.158, 1.171, 1.143, 0.787, 0.697, 0.715, 0.0, 0.784, 0.924, 1.024, 1.219, 1.327, 1.822, 1.941, 3.016, 3.194, 3.595, 4.043, 3.449, 3.526, 3.732, 4.084, 4.427, 4.375, 4.282, 5.299, 5.841, 5.275, 5.416, 6.198, 6.433, 6.785, 7.519, 8.154, 7.17, 7.374, 7.858, 7.47, 7.671, 8.096, 8.575, 8.968, 9.007, 8.682, 6.662, 4.939, 4.8, 5.438, 5.554, 5.462, 5.456, 5.378, 5.561, 6.155, 5.477, 4.009, 2.502, 1.905, 1.779, 2.086, 2.654, 3.529, 3.732, 3.716, 3.791, 3.66, 3.523, 3.235, 3.037, 2.931, 2.834, 3.09, 2.75, 2.066, 1.626, 1.612, 1.721, 2.137, 2.243, 3.198, 3.57, 3.689, 3.4, 3.586], [2.058, 1.893, 1.49, 1.267, 1.282, 0.991, 1.032, 1.105, 0.784, 0.0, 0.931, 1.221, 1.5, 1.54, 1.98, 1.942, 2.665, 2.827, 3.237, 3.657, 3.058, 3.125, 3.33, 3.682, 4.098, 3.996, 4.126, 5.421, 6.01, 5.438, 5.523, 6.309, 6.5, 6.877, 7.727, 8.301, 7.297, 7.568, 8.015, 7.611, 7.893, 8.305, 8.72, 9.148, 9.202, 8.843, 6.855, 5.065, 4.864, 5.49, 5.654, 5.558, 5.469, 5.398, 5.678, 6.182, 5.486, 4.063, 2.613, 2.136, 1.911, 2.257, 2.8, 3.669, 3.873, 3.883, 3.936, 3.813, 3.731, 3.319, 3.238, 3.162, 3.063, 3.221, 2.855, 2.188, 1.535, 1.605, 1.535, 1.759, 1.865, 2.821, 3.109, 3.261, 3.165, 3.132], [2.276, 1.935, 1.636, 1.51, 1.389, 1.153, 1.085, 0.998, 0.924, 0.931, 0.0, 0.834, 1.306, 1.465, 1.905, 2.015, 2.982, 3.146, 3.533, 4.023, 3.353, 3.36, 3.57, 3.942, 4.344, 4.458, 4.557, 5.421, 5.953, 5.462, 5.547, 6.412, 6.666, 7.185, 8.048, 8.544, 7.655, 7.85, 8.057, 7.68, 8.089, 8.539, 8.922, 9.336, 9.424, 9.063, 7.123, 5.418, 5.229, 5.824, 5.936, 5.863, 5.912, 5.804, 5.881, 6.258, 5.429, 4.034, 2.64, 1.971, 1.911, 2.151, 2.714, 3.598, 3.876, 4.031, 4.152, 4.073, 3.991, 3.636, 3.512, 3.404, 3.283, 3.205, 2.871, 2.302, 1.714, 1.787, 1.794, 2.227, 2.316, 3.413, 3.75, 3.697, 3.638, 3.612], [2.41, 2.03, 1.677, 1.501, 1.26, 1.051, 1.19, 1.264, 1.024, 1.221, 0.834, 0.0, 0.909, 1.122, 1.668, 1.838, 2.843, 3.017, 3.418, 3.91, 3.316, 3.302, 3.508, 3.863, 4.284, 4.376, 4.298, 4.92, 5.432, 4.994, 5.075, 5.928, 6.258, 6.775, 7.596, 8.066, 7.189, 7.352, 7.584, 7.227, 7.606, 8.023, 8.396, 8.81, 8.914, 8.543, 6.639, 4.957, 4.734, 5.437, 5.519, 5.451, 5.519, 5.381, 5.41, 5.673, 4.906, 3.582, 2.212, 1.703, 1.657, 1.877, 2.328, 3.084, 3.408, 3.593, 3.676, 3.601, 3.525, 3.261, 3.062, 2.958, 2.813, 2.743, 2.41, 1.911, 1.549, 1.638, 1.673, 2.12, 2.188, 3.186, 3.551, 3.54, 3.458, 3.5], [2.471, 2.166, 1.72, 1.456, 1.275, 1.172, 1.401, 1.393, 1.219, 1.5, 1.306, 0.909, 0.0, 0.839, 1.364, 1.732, 2.798, 2.976, 3.377, 3.867, 3.346, 3.319, 3.536, 3.9, 4.222, 4.279, 4.159, 4.411, 4.963, 4.331, 4.54, 5.453, 5.746, 6.235, 6.942, 7.464, 6.744, 6.781, 7.021, 6.712, 7.025, 7.455, 7.844, 8.221, 8.381, 7.956, 6.117, 4.463, 4.372, 4.971, 5.182, 5.07, 5.098, 4.858, 4.97, 5.438, 4.832, 3.13, 1.898, 1.44, 1.352, 1.539, 1.971, 2.652, 2.861, 3.057, 3.017, 2.957, 3.034, 2.929, 2.73, 2.471, 2.159, 2.209, 1.927, 1.578, 1.493, 1.487, 1.627, 2.135, 2.13, 3.062, 3.373, 3.412, 3.191, 3.376], [2.434, 2.245, 1.934, 1.633, 1.403, 1.187, 1.175, 1.405, 1.327, 1.54, 1.465, 1.122, 0.839, 0.0, 0.923, 1.472, 2.562, 2.741, 3.122, 3.663, 3.101, 3.084, 3.298, 3.643, 3.956, 3.997, 4.011, 4.677, 5.111, 4.587, 4.756, 5.442, 5.753, 6.161, 6.84, 7.393, 6.632, 6.61, 7.118, 6.66, 6.987, 7.398, 7.809, 8.209, 8.322, 7.949, 6.011, 4.418, 4.327, 4.884, 5.063, 4.891, 4.979, 4.733, 5.027, 5.697, 5.012, 3.393, 2.103, 1.643, 1.708, 1.855, 2.339, 2.946, 3.065, 3.015, 3.073, 3.094, 3.104, 2.856, 2.724, 2.482, 2.388, 2.536, 2.183, 1.512, 1.392, 1.541, 1.472, 1.931, 1.931, 2.961, 3.403, 3.423, 3.165, 3.357], [2.676, 2.753, 2.482, 2.146, 1.889, 1.668, 1.728, 1.867, 1.822, 1.98, 1.905, 1.668, 1.364, 0.923, 0.0, 1.164, 2.229, 2.383, 2.766, 3.29, 2.747, 2.667, 2.874, 3.239, 3.423, 3.474, 3.75, 4.571, 5.043, 4.546, 4.683, 5.338, 5.683, 6.009, 6.755, 7.324, 6.535, 6.541, 7.047, 6.586, 6.884, 7.298, 7.662, 8.08, 8.174, 7.801, 5.838, 4.359, 4.211, 4.576, 4.753, 4.476, 4.64, 4.488, 4.901, 5.598, 5.007, 3.46, 2.484, 2.214, 2.263, 2.307, 2.653, 3.189, 3.289, 3.261, 3.264, 3.2, 3.186, 3.006, 2.827, 2.58, 2.474, 2.65, 2.255, 1.543, 1.503, 1.68, 1.59, 1.87, 1.771, 2.634, 2.978, 3.027, 2.806, 2.961], [3.286, 3.116, 2.88, 2.617, 2.169, 1.846, 2.087, 2.203, 1.941, 1.942, 2.015, 1.838, 1.732, 1.472, 1.164, 0.0, 1.4, 1.57, 1.99, 2.552, 2.284, 2.112, 2.283, 2.637, 2.738, 2.69, 2.912, 4.387, 5.062, 4.551, 4.647, 5.376, 5.543, 5.937, 6.743, 7.362, 6.261, 6.506, 7.063, 6.601, 6.839, 7.227, 7.624, 7.99, 8.012, 7.681, 5.731, 4.044, 3.851, 4.388, 4.463, 4.214, 4.353, 4.346, 4.656, 5.21, 4.479, 3.272, 2.395, 2.271, 2.267, 2.295, 2.573, 3.239, 3.308, 3.283, 3.237, 3.04, 2.925, 2.538, 2.394, 2.389, 2.346, 2.485, 1.996, 1.37, 1.011, 1.102, 1.107, 1.489, 1.228, 1.787, 2.272, 2.333, 2.245, 2.243], [3.936, 4.039, 3.922, 3.679, 3.115, 2.865, 3.136, 3.321, 3.016, 2.665, 2.982, 2.843, 2.798, 2.562, 2.229, 1.4, 0.0, 0.524, 0.834, 1.457, 1.298, 1.136, 1.331, 1.413, 1.607, 1.79, 3.033, 4.993, 5.682, 5.171, 5.249, 5.974, 6.118, 6.522, 7.327, 7.969, 6.782, 7.06, 7.683, 7.221, 7.457, 7.837, 8.222, 8.611, 8.564, 8.281, 6.27, 4.635, 4.457, 4.923, 4.894, 4.491, 4.794, 4.938, 5.276, 5.803, 5.041, 3.961, 3.099, 2.954, 3.059, 3.161, 3.369, 3.998, 3.997, 3.938, 3.915, 3.693, 3.546, 2.97, 2.875, 2.937, 2.983, 3.145, 2.685, 2.413, 1.91, 1.803, 1.663, 1.446, 1.397, 1.561, 2.122, 2.318, 2.513, 2.379], [4.111, 4.213, 4.091, 3.826, 3.266, 3.04, 3.311, 3.502, 3.194, 2.827, 3.146, 3.017, 2.976, 2.741, 2.383, 1.57, 0.524, 0.0, 0.819, 1.291, 1.214, 1.041, 1.169, 1.266, 1.562, 1.758, 3.25, 5.219, 5.894, 5.383, 5.469, 6.203, 6.347, 6.751, 7.538, 8.194, 6.994, 7.272, 7.895, 7.433, 7.669, 8.049, 8.419, 8.823, 8.756, 8.474, 6.467, 4.847, 4.669, 5.135, 5.106, 4.698, 4.998, 5.15, 5.488, 6.015, 5.253, 4.207, 3.366, 3.171, 3.236, 3.396, 3.638, 4.273, 4.279, 4.209, 4.198, 3.974, 3.797, 3.217, 3.111, 3.187, 3.219, 3.376, 2.906, 2.553, 2.073, 1.966, 1.813, 1.446, 1.396, 1.678, 2.218, 2.373, 2.756, 2.564], [4.507, 4.629, 4.493, 4.242, 3.69, 3.426, 3.708, 3.896, 3.595, 3.237, 3.533, 3.418, 3.377, 3.122, 2.766, 1.99, 0.834, 0.819, 0.0, 1.01, 1.157, 0.987, 1.225, 1.153, 1.484, 1.738, 3.221, 5.22, 5.909, 5.398, 5.47, 6.204, 6.348, 6.752, 7.531, 8.199, 7.008, 7.287, 7.91, 7.448, 7.684, 8.064, 8.431, 8.838, 8.741, 8.475, 6.447, 4.862, 4.684, 5.15, 5.121, 4.717, 5.013, 5.165, 5.503, 6.03, 5.268, 4.431, 3.703, 3.516, 3.656, 3.785, 3.992, 4.596, 4.589, 4.51, 4.491, 4.217, 4.013, 3.428, 3.354, 3.395, 3.427, 3.599, 3.219, 3.04, 2.548, 2.392, 2.31, 1.9, 1.759, 1.859, 2.171, 2.478, 2.856, 2.57], [4.956, 5.071, 4.93, 4.656, 4.101, 3.887, 4.157, 4.301, 4.043, 3.657, 4.023, 3.91, 3.867, 3.663, 3.29, 2.552, 1.457, 1.291, 1.01, 0.0, 0.862, 1.001, 1.007, 0.911, 1.536, 1.973, 3.873, 5.88, 6.56, 6.033, 6.098, 6.832, 6.976, 7.38, 8.159, 8.827, 7.636, 7.92, 8.556, 8.095, 8.331, 8.709, 9.09, 9.494, 9.401, 9.135, 7.107, 5.499, 5.33, 5.804, 5.762, 5.364, 5.648, 5.797, 6.143, 6.672, 5.928, 4.956, 4.22, 3.995, 4.11, 4.277, 4.481, 5.064, 5.1, 5.029, 4.994, 4.753, 4.576, 3.953, 3.856, 3.929, 3.971, 4.197, 3.833, 3.556, 3.032, 2.877, 2.769, 2.32, 2.163, 2.5, 2.714, 2.833, 3.414, 3.205], [4.349, 4.502, 4.328, 4.059, 3.481, 3.311, 3.535, 3.682, 3.449, 3.058, 3.353, 3.316, 3.346, 3.101, 2.747, 2.284, 1.298, 1.214, 1.157, 0.862, 0.0, 0.739, 0.94, 1.007, 1.624, 2.05, 3.922, 5.916, 6.574, 6.036, 6.101, 6.835, 6.979, 7.422, 8.162, 8.864, 7.664, 7.942, 8.579, 8.119, 8.36, 8.731, 9.112, 9.58, 9.526, 9.238, 7.102, 5.518, 5.339, 5.803, 5.775, 5.429, 5.669, 5.821, 6.158, 6.685, 5.963, 4.77, 3.915, 3.609, 3.695, 3.913, 4.175, 4.8, 4.855, 4.79, 4.77, 4.581, 4.441, 3.837, 3.746, 3.811, 3.861, 4.034, 3.659, 3.207, 2.722, 2.607, 2.384, 1.922, 1.919, 2.343, 2.682, 2.797, 3.374, 3.192], [4.429, 4.53, 4.414, 4.134, 3.556, 3.37, 3.619, 3.755, 3.526, 3.125, 3.36, 3.302, 3.319, 3.084, 2.667, 2.112, 1.136, 1.041, 0.987, 1.001, 0.739, 0.0, 0.664, 0.838, 1.519, 1.982, 3.7, 5.694, 6.34, 5.8, 5.862, 6.596, 6.74, 7.179, 7.923, 8.625, 7.428, 7.709, 8.335, 7.875, 8.116, 8.487, 8.881, 9.343, 9.296, 9.009, 6.881, 5.286, 5.116, 5.563, 5.548, 5.215, 5.451, 5.603, 5.923, 6.46, 5.74, 4.671, 3.855, 3.537, 3.628, 3.84, 4.121, 4.734, 4.778, 4.71, 4.691, 4.485, 4.316, 3.692, 3.587, 3.662, 3.694, 3.872, 3.493, 3.108, 2.644, 2.54, 2.345, 1.988, 1.812, 2.156, 2.469, 2.58, 3.189, 2.987], [4.636, 4.738, 4.619, 4.337, 3.744, 3.563, 3.815, 3.961, 3.732, 3.33, 3.57, 3.508, 3.536, 3.298, 2.874, 2.283, 1.331, 1.169, 1.225, 1.007, 0.94, 0.664, 0.0, 0.691, 1.622, 2.034, 3.896, 5.89, 6.546, 6.017, 6.07, 6.804, 6.948, 7.364, 8.131, 8.834, 7.637, 7.918, 8.531, 8.07, 8.305, 8.688, 9.069, 9.528, 9.481, 9.194, 7.089, 5.503, 5.325, 5.775, 5.753, 5.396, 5.67, 5.811, 6.131, 6.668, 5.941, 4.911, 4.169, 3.793, 3.87, 4.101, 4.406, 5.031, 5.044, 4.982, 4.966, 4.695, 4.506, 3.887, 3.788, 3.847, 3.875, 4.039, 3.611, 3.344, 2.887, 2.766, 2.577, 2.207, 2.019, 2.298, 2.688, 2.831, 3.398, 3.214], [4.984, 5.08, 4.969, 4.68, 4.09, 3.917, 4.161, 4.307, 4.084, 3.682, 3.942, 3.863, 3.9, 3.643, 3.239, 2.637, 1.413, 1.266, 1.153, 0.911, 1.007, 0.838, 0.691, 0.0, 1.186, 1.641, 3.57, 5.546, 6.212, 5.701, 5.769, 6.468, 6.612, 7.037, 7.795, 8.498, 7.301, 7.582, 8.194, 7.734, 7.974, 8.352, 8.739, 9.201, 9.155, 8.867, 6.751, 5.166, 4.99, 5.456, 5.425, 5.066, 5.328, 5.471, 5.806, 6.333, 5.649, 4.773, 4.263, 4.05, 4.211, 4.366, 4.565, 5.133, 5.132, 4.986, 4.89, 4.591, 4.354, 3.764, 3.683, 3.73, 3.733, 3.988, 3.746, 3.626, 3.182, 3.097, 2.853, 2.405, 2.313, 2.403, 2.515, 2.677, 3.204, 2.941], [5.36, 5.467, 5.356, 5.107, 4.586, 4.291, 4.55, 4.718, 4.427, 4.098, 4.344, 4.284, 4.222, 3.956, 3.423, 2.738, 1.607, 1.562, 1.484, 1.536, 1.624, 1.519, 1.622, 1.186, 0.0, 0.898, 2.71, 4.672, 5.348, 4.837, 4.91, 5.613, 5.757, 6.172, 6.943, 7.643, 6.448, 6.726, 7.339, 6.878, 7.113, 7.501, 7.871, 8.336, 8.283, 7.995, 5.904, 4.303, 4.144, 4.658, 4.598, 4.242, 4.488, 4.657, 4.949, 5.492, 4.881, 4.302, 4.179, 4.356, 4.477, 4.508, 4.482, 4.872, 4.901, 4.783, 4.593, 4.188, 3.997, 3.357, 3.152, 3.294, 3.518, 3.868, 3.641, 3.655, 3.264, 3.193, 2.92, 2.491, 2.538, 2.316, 2.246, 2.321, 2.722, 2.475], [5.296, 5.521, 5.28, 4.983, 4.547, 4.203, 4.417, 4.689, 4.375, 3.996, 4.458, 4.376, 4.279, 3.997, 3.474, 2.69, 1.79, 1.758, 1.738, 1.973, 2.05, 1.982, 2.034, 1.641, 0.898, 0.0, 1.975, 3.952, 4.635, 4.124, 4.189, 4.913, 5.057, 5.465, 6.24, 6.935, 5.735, 6.013, 6.636, 6.175, 6.41, 6.79, 7.158, 7.616, 7.563, 7.274, 5.177, 3.596, 3.478, 4.003, 3.866, 3.495, 3.761, 3.918, 4.232, 4.769, 4.149, 3.894, 3.833, 4.358, 4.41, 4.302, 4.287, 4.589, 4.501, 4.378, 4.184, 3.777, 3.559, 2.933, 2.763, 2.939, 3.248, 3.559, 3.366, 3.295, 3.116, 3.15, 2.816, 2.441, 2.377, 1.879, 1.731, 1.954, 2.315, 1.909], [5.388, 5.302, 5.041, 4.668, 4.352, 4.099, 4.404, 4.741, 4.282, 4.126, 4.557, 4.298, 4.159, 4.011, 3.75, 2.912, 3.033, 3.25, 3.221, 3.873, 3.922, 3.7, 3.896, 3.57, 2.71, 1.975, 0.0, 2.03, 2.702, 2.185, 2.28, 3.02, 3.158, 3.568, 4.311, 4.989, 3.796, 4.075, 4.697, 4.235, 4.471, 4.851, 5.219, 5.658, 5.605, 5.316, 3.254, 1.931, 1.947, 2.544, 2.537, 2.328, 2.48, 2.556, 2.652, 3.249, 2.844, 2.768, 3.381, 4.303, 4.134, 4.025, 3.931, 3.827, 3.465, 3.282, 3.038, 2.628, 2.388, 1.935, 1.951, 2.25, 2.623, 2.79, 2.718, 2.88, 3.178, 3.291, 3.239, 3.631, 3.186, 1.992, 1.941, 2.049, 1.478, 1.48], [6.369, 6.162, 5.644, 5.231, 5.172, 4.988, 5.362, 5.575, 5.299, 5.421, 5.421, 4.92, 4.411, 4.677, 4.571, 4.387, 4.993, 5.219, 5.22, 5.88, 5.916, 5.694, 5.89, 5.546, 4.672, 3.952, 2.03, 0.0, 0.951, 0.867, 1.035, 1.449, 1.771, 2.112, 2.956, 3.364, 2.711, 2.756, 2.88, 2.592, 2.92, 3.321, 3.699, 4.048, 4.214, 3.777, 2.136, 1.236, 1.487, 1.879, 2.036, 1.851, 1.801, 1.657, 1.448, 1.957, 1.886, 2.179, 3.575, 4.433, 4.339, 4.061, 3.739, 3.501, 3.008, 2.74, 2.385, 2.122, 2.183, 2.812, 2.723, 2.785, 2.778, 2.709, 2.934, 3.575, 4.418, 4.583, 4.627, 5.375, 4.884, 3.67, 3.294, 3.167, 2.669, 2.786], [6.886, 6.66, 6.045, 5.529, 5.504, 5.468, 5.835, 6.076, 5.841, 6.01, 5.953, 5.432, 4.963, 5.111, 5.043, 5.062, 5.682, 5.894, 5.909, 6.56, 6.574, 6.34, 6.546, 6.212, 5.348, 4.635, 2.702, 0.951, 0.0, 1.013, 1.367, 1.438, 1.924, 2.261, 2.873, 3.091, 2.953, 2.655, 2.603, 2.286, 2.549, 2.974, 3.287, 3.658, 3.84, 3.408, 2.256, 1.725, 2.06, 2.422, 2.57, 2.367, 2.285, 2.049, 1.864, 2.279, 2.214, 2.645, 3.74, 4.582, 4.56, 4.269, 3.873, 3.425, 2.959, 3.011, 2.681, 2.467, 2.648, 3.273, 3.283, 3.283, 3.254, 3.056, 3.371, 4.07, 5.087, 5.237, 5.255, 6.021, 5.546, 4.33, 3.965, 3.819, 3.293, 3.458], [6.422, 6.109, 5.622, 5.043, 5.033, 4.954, 5.281, 5.534, 5.275, 5.438, 5.462, 4.994, 4.331, 4.587, 4.546, 4.551, 5.171, 5.383, 5.398, 6.033, 6.036, 5.8, 6.017, 5.701, 4.837, 4.124, 2.185, 0.867, 1.013, 0.0, 0.69, 1.364, 1.707, 2.281, 2.836, 3.277, 2.812, 2.742, 2.888, 2.564, 2.879, 3.308, 3.69, 4.065, 4.22, 3.799, 2.201, 1.196, 1.512, 2.143, 2.32, 2.227, 2.139, 1.958, 1.844, 2.267, 2.17, 2.171, 3.448, 4.24, 4.152, 3.837, 3.615, 3.092, 2.625, 2.513, 2.275, 2.132, 2.175, 2.711, 2.732, 2.784, 2.735, 2.649, 3.007, 3.585, 4.597, 4.766, 4.738, 5.493, 5.044, 3.807, 3.376, 3.272, 2.693, 2.905], [6.338, 6.088, 5.696, 5.239, 5.167, 5.026, 5.329, 5.7, 5.416, 5.523, 5.547, 5.075, 4.54, 4.756, 4.683, 4.647, 5.249, 5.469, 5.47, 6.098, 6.101, 5.862, 6.07, 5.769, 4.91, 4.189, 2.28, 1.035, 1.367, 0.69, 0.0, 1.137, 1.482, 2.039, 2.734, 3.29, 2.753, 2.774, 2.965, 2.666, 2.993, 3.431, 3.812, 4.204, 4.349, 3.937, 2.311, 1.356, 1.351, 2.009, 2.273, 2.135, 2.084, 1.92, 1.799, 2.194, 2.172, 2.128, 3.692, 4.448, 4.395, 4.031, 3.749, 3.285, 2.837, 2.491, 2.282, 2.238, 2.247, 2.842, 2.855, 2.91, 2.939, 2.905, 3.182, 3.739, 4.683, 4.877, 4.854, 5.558, 5.113, 3.881, 3.435, 3.363, 2.77, 2.964], [6.934, 6.874, 6.538, 6.12, 6.04, 5.863, 6.086, 6.441, 6.198, 6.309, 6.412, 5.928, 5.453, 5.442, 5.338, 5.376, 5.974, 6.203, 6.204, 6.832, 6.835, 6.596, 6.804, 6.468, 5.613, 4.913, 3.02, 1.449, 1.438, 1.364, 1.137, 0.0, 0.88, 1.331, 2.087, 2.689, 2.13, 2.196, 2.331, 1.904, 2.319, 2.748, 3.113, 3.548, 3.66, 3.314, 1.765, 1.517, 1.743, 1.827, 2.017, 1.972, 1.755, 1.716, 1.499, 2.06, 2.067, 2.789, 4.533, 5.423, 5.361, 4.972, 4.596, 4.011, 3.447, 2.974, 2.855, 2.927, 2.971, 3.58, 3.611, 3.706, 3.771, 3.841, 4.072, 4.524, 5.399, 5.733, 5.621, 6.292, 5.822, 4.607, 4.241, 4.112, 3.516, 3.781], [7.322, 7.029, 6.713, 6.33, 6.254, 6.073, 6.284, 6.632, 6.433, 6.5, 6.666, 6.258, 5.746, 5.753, 5.683, 5.543, 6.118, 6.347, 6.348, 6.976, 6.979, 6.74, 6.948, 6.612, 5.757, 5.057, 3.158, 1.771, 1.924, 1.707, 1.482, 0.88, 0.0, 1.015, 1.672, 2.266, 1.649, 1.731, 1.993, 1.594, 1.919, 2.329, 2.71, 3.113, 3.237, 2.898, 1.492, 1.673, 1.834, 1.456, 1.634, 1.884, 1.63, 1.726, 1.476, 1.719, 1.879, 3.201, 4.882, 5.68, 5.648, 5.344, 4.958, 4.454, 3.91, 3.291, 3.159, 3.126, 3.136, 3.648, 3.8, 4.02, 4.158, 4.115, 4.357, 4.8, 5.569, 5.957, 5.782, 6.437, 5.995, 4.782, 4.428, 4.307, 3.664, 3.97], [7.592, 7.461, 7.139, 6.788, 6.663, 6.503, 6.73, 7.064, 6.785, 6.877, 7.185, 6.775, 6.235, 6.161, 6.009, 5.937, 6.522, 6.751, 6.752, 7.38, 7.422, 7.179, 7.364, 7.037, 6.172, 5.465, 3.568, 2.112, 2.261, 2.281, 2.039, 1.331, 1.015, 0.0, 1.045, 1.61, 1.316, 1.249, 1.5, 1.168, 1.3, 1.719, 2.159, 2.494, 2.604, 2.222, 1.242, 2.058, 2.214, 1.769, 1.951, 2.155, 1.913, 1.929, 1.612, 1.867, 2.404, 3.725, 5.426, 6.335, 6.243, 5.993, 5.673, 5.122, 4.501, 3.77, 3.612, 3.601, 3.566, 4.208, 4.221, 4.305, 4.488, 4.654, 4.854, 5.235, 6.021, 6.271, 6.177, 6.897, 6.47, 5.205, 4.796, 4.781, 4.109, 4.388], [8.333, 8.124, 7.77, 7.337, 7.193, 7.136, 7.394, 7.789, 7.519, 7.727, 8.048, 7.596, 6.942, 6.84, 6.755, 6.743, 7.327, 7.538, 7.531, 8.159, 8.162, 7.923, 8.131, 7.795, 6.943, 6.24, 4.311, 2.956, 2.873, 2.836, 2.734, 2.087, 1.672, 1.045, 0.0, 0.89, 1.131, 1.076, 1.198, 1.065, 0.903, 1.115, 1.66, 1.849, 1.836, 1.523, 1.244, 2.778, 3.004, 2.508, 2.486, 2.89, 2.545, 2.487, 2.301, 2.23, 3.01, 4.482, 6.094, 6.908, 6.822, 6.568, 6.311, 5.641, 5.024, 4.338, 4.162, 4.185, 4.192, 4.809, 4.884, 4.936, 5.081, 5.298, 5.552, 5.976, 6.94, 7.018, 7.011, 7.742, 7.34, 6.046, 5.653, 5.69, 4.939, 5.265], [9.034, 8.796, 8.212, 7.698, 7.711, 7.666, 8.043, 8.415, 8.154, 8.301, 8.544, 8.066, 7.464, 7.393, 7.324, 7.362, 7.969, 8.194, 8.199, 8.827, 8.864, 8.625, 8.834, 8.498, 7.643, 6.935, 4.989, 3.364, 3.091, 3.277, 3.29, 2.689, 2.266, 1.61, 0.89, 0.0, 1.291, 1.113, 0.913, 1.128, 0.912, 0.779, 1.175, 1.194, 1.203, 0.897, 1.762, 3.368, 3.564, 3.116, 3.103, 3.497, 3.196, 3.072, 2.809, 2.617, 3.468, 4.91, 6.443, 7.252, 7.233, 7.016, 6.717, 5.943, 5.337, 4.829, 4.642, 4.695, 4.718, 5.46, 5.568, 5.537, 5.61, 5.646, 5.923, 6.489, 7.513, 7.579, 7.609, 8.359, 7.934, 6.654, 6.213, 6.249, 5.625, 5.816], [8.215, 7.909, 7.607, 7.193, 7.044, 6.868, 7.149, 7.555, 7.17, 7.297, 7.655, 7.189, 6.744, 6.632, 6.535, 6.261, 6.782, 6.994, 7.008, 7.636, 7.664, 7.428, 7.637, 7.301, 6.448, 5.735, 3.796, 2.711, 2.953, 2.812, 2.753, 2.13, 1.649, 1.316, 1.131, 1.291, 0.0, 0.814, 1.39, 1.285, 1.315, 1.39, 1.944, 2.187, 2.065, 1.83, 0.985, 2.445, 2.631, 2.333, 2.115, 2.514, 2.18, 2.18, 1.972, 1.989, 2.643, 4.253, 5.88, 6.797, 6.701, 6.442, 6.146, 5.614, 5.024, 4.24, 4.15, 4.058, 3.901, 4.465, 4.497, 4.683, 4.929, 5.149, 5.323, 5.682, 6.505, 6.579, 6.546, 7.224, 6.821, 5.53, 5.169, 5.217, 4.547, 4.781], [8.301, 8.038, 7.508, 7.081, 6.947, 6.98, 7.289, 7.619, 7.374, 7.568, 7.85, 7.352, 6.781, 6.61, 6.541, 6.506, 7.06, 7.272, 7.287, 7.92, 7.942, 7.709, 7.918, 7.582, 6.726, 6.013, 4.075, 2.756, 2.655, 2.742, 2.774, 2.196, 1.731, 1.249, 1.076, 1.113, 0.814, 0.0, 1.114, 1.116, 1.023, 1.133, 1.607, 1.797, 1.896, 1.515, 1.058, 2.532, 2.787, 2.38, 2.3, 2.592, 2.303, 2.29, 2.055, 2.08, 2.802, 4.25, 5.737, 6.598, 6.507, 6.28, 5.968, 5.329, 4.714, 4.18, 3.918, 3.96, 3.958, 4.601, 4.686, 4.738, 4.899, 4.955, 5.27, 5.729, 6.707, 6.747, 6.747, 7.446, 7.039, 5.747, 5.405, 5.442, 4.783, 5.032], [8.885, 8.649, 8.132, 7.51, 7.607, 7.552, 7.85, 8.106, 7.858, 8.015, 8.057, 7.584, 7.021, 7.118, 7.047, 7.063, 7.683, 7.895, 7.91, 8.556, 8.579, 8.335, 8.531, 8.194, 7.339, 6.636, 4.697, 2.88, 2.603, 2.888, 2.965, 2.331, 1.993, 1.5, 1.198, 0.913, 1.39, 1.114, 0.0, 0.716, 0.775, 1.002, 1.175, 1.386, 1.508, 1.158, 1.55, 3.161, 3.342, 2.797, 2.824, 3.199, 2.976, 2.847, 2.459, 2.198, 2.95, 4.495, 6.125, 6.885, 6.819, 6.593, 6.323, 5.564, 4.986, 4.558, 4.431, 4.469, 4.465, 5.26, 5.293, 5.274, 5.317, 5.192, 5.431, 6.106, 7.126, 7.297, 7.277, 8.033, 7.595, 6.35, 5.958, 5.862, 5.3, 5.459], [8.41, 8.214, 7.75, 7.133, 7.229, 7.155, 7.442, 7.688, 7.47, 7.611, 7.68, 7.227, 6.712, 6.66, 6.586, 6.601, 7.221, 7.433, 7.448, 8.095, 8.119, 7.875, 8.07, 7.734, 6.878, 6.175, 4.235, 2.592, 2.286, 2.564, 2.666, 1.904, 1.594, 1.168, 1.065, 1.128, 1.285, 1.116, 0.716, 0.0, 0.659, 1.03, 1.309, 1.685, 1.8, 1.462, 1.197, 2.727, 2.911, 2.341, 2.376, 2.737, 2.516, 2.401, 2.014, 1.955, 2.614, 4.179, 5.797, 6.627, 6.546, 6.32, 6.032, 5.256, 4.588, 4.078, 4.052, 4.12, 4.092, 4.826, 4.839, 4.892, 4.991, 4.945, 5.155, 5.646, 6.65, 6.873, 6.817, 7.565, 7.113, 5.879, 5.51, 5.407, 4.845, 5.07], [8.669, 8.462, 7.902, 7.349, 7.365, 7.374, 7.661, 7.937, 7.671, 7.893, 8.089, 7.606, 7.025, 6.987, 6.884, 6.839, 7.457, 7.669, 7.684, 8.331, 8.36, 8.116, 8.305, 7.974, 7.113, 6.41, 4.471, 2.92, 2.549, 2.879, 2.993, 2.319, 1.919, 1.3, 0.903, 0.912, 1.315, 1.023, 0.775, 0.659, 0.0, 0.866, 1.192, 1.33, 1.456, 1.161, 1.326, 2.949, 3.176, 2.613, 2.615, 2.982, 2.756, 2.669, 2.363, 2.217, 2.989, 4.564, 6.091, 6.88, 6.851, 6.64, 6.326, 5.52, 4.883, 4.39, 4.256, 4.277, 4.257, 5.026, 5.078, 5.071, 5.183, 5.226, 5.467, 5.998, 6.993, 7.083, 7.076, 7.837, 7.41, 6.135, 5.786, 5.784, 5.131, 5.39], [9.075, 8.858, 8.291, 7.742, 7.711, 7.72, 8.059, 8.351, 8.096, 8.305, 8.539, 8.023, 7.455, 7.398, 7.298, 7.227, 7.837, 8.049, 8.064, 8.709, 8.731, 8.487, 8.688, 8.352, 7.501, 6.79, 4.851, 3.321, 2.974, 3.308, 3.431, 2.748, 2.329, 1.719, 1.115, 0.779, 1.39, 1.133, 1.002, 1.03, 0.866, 0.0, 0.844, 0.975, 1.011, 0.851, 1.654, 3.337, 3.569, 3.033, 3.032, 3.401, 3.129, 3.054, 2.781, 2.609, 3.434, 4.983, 6.504, 7.325, 7.265, 7.051, 6.766, 5.999, 5.381, 4.871, 4.677, 4.689, 4.702, 5.42, 5.469, 5.466, 5.539, 5.626, 5.911, 6.42, 7.416, 7.445, 7.512, 8.248, 7.846, 6.556, 6.189, 6.196, 5.558, 5.787], [9.539, 9.235, 8.64, 8.04, 8.115, 8.176, 8.53, 8.783, 8.575, 8.72, 8.922, 8.396, 7.844, 7.809, 7.662, 7.624, 8.222, 8.419, 8.431, 9.09, 9.112, 8.881, 9.069, 8.739, 7.871, 7.158, 5.219, 3.699, 3.287, 3.69, 3.812, 3.113, 2.71, 2.159, 1.66, 1.175, 1.944, 1.607, 1.175, 1.309, 1.192, 0.844, 0.0, 0.751, 0.774, 0.817, 2.073, 3.762, 3.942, 3.472, 3.5, 3.806, 3.539, 3.432, 3.144, 2.954, 3.805, 5.374, 6.852, 7.647, 7.626, 7.414, 7.093, 6.305, 5.63, 5.29, 5.101, 5.107, 5.166, 5.886, 5.934, 5.95, 6.001, 6.001, 6.249, 6.811, 7.803, 7.823, 7.885, 8.64, 8.219, 6.953, 6.569, 6.545, 5.981, 6.105], [9.94, 9.679, 9.062, 8.481, 8.535, 8.595, 8.933, 9.194, 8.968, 9.148, 9.336, 8.81, 8.221, 8.209, 8.08, 7.99, 8.611, 8.823, 8.838, 9.494, 9.58, 9.343, 9.528, 9.201, 8.336, 7.616, 5.658, 4.048, 3.658, 4.065, 4.204, 3.548, 3.113, 2.494, 1.849, 1.194, 2.187, 1.797, 1.386, 1.685, 1.33, 0.975, 0.751, 0.0, 0.636, 0.707, 2.497, 4.187, 4.371, 3.878, 3.877, 4.151, 3.972, 3.878, 3.564, 3.343, 4.205, 5.754, 7.228, 8.021, 8.002, 7.79, 7.468, 6.645, 5.959, 5.646, 5.462, 5.483, 5.543, 6.314, 6.357, 6.337, 6.377, 6.369, 6.635, 7.208, 8.166, 8.214, 8.282, 9.058, 8.577, 7.334, 6.973, 6.96, 6.399, 6.575], [9.991, 9.72, 9.131, 8.542, 8.605, 8.627, 8.992, 9.273, 9.007, 9.202, 9.424, 8.914, 8.381, 8.322, 8.174, 8.012, 8.564, 8.756, 8.741, 9.401, 9.526, 9.296, 9.481, 9.155, 8.283, 7.563, 5.605, 4.214, 3.84, 4.22, 4.349, 3.66, 3.237, 2.604, 1.836, 1.203, 2.065, 1.896, 1.508, 1.8, 1.456, 1.011, 0.774, 0.636, 0.0, 0.654, 2.428, 4.253, 4.414, 3.952, 3.947, 4.218, 3.987, 3.928, 3.662, 3.495, 4.289, 5.902, 7.419, 8.208, 8.192, 7.98, 7.655, 6.801, 6.188, 5.752, 5.62, 5.63, 5.614, 6.332, 6.375, 6.376, 6.469, 6.545, 6.754, 7.303, 8.276, 8.144, 8.356, 9.123, 8.662, 7.397, 7.034, 7.065, 6.49, 6.628], [9.666, 9.364, 8.736, 8.182, 8.231, 8.298, 8.651, 8.898, 8.682, 8.843, 9.063, 8.543, 7.956, 7.949, 7.801, 7.681, 8.281, 8.474, 8.475, 9.135, 9.238, 9.009, 9.194, 8.867, 7.995, 7.274, 5.316, 3.777, 3.408, 3.799, 3.937, 3.314, 2.898, 2.222, 1.523, 0.897, 1.83, 1.515, 1.158, 1.462, 1.161, 0.851, 0.817, 0.707, 0.654, 0.0, 2.14, 3.891, 4.065, 3.589, 3.629, 3.899, 3.671, 3.585, 3.305, 3.073, 3.933, 5.481, 6.981, 7.782, 7.743, 7.531, 7.227, 6.454, 5.841, 5.401, 5.204, 5.206, 5.244, 6.023, 6.07, 6.044, 6.07, 6.097, 6.355, 6.941, 7.903, 7.854, 7.996, 8.762, 8.301, 7.072, 6.692, 6.702, 6.117, 6.275], [7.664, 7.41, 6.999, 6.49, 6.401, 6.384, 6.664, 6.976, 6.662, 6.855, 7.123, 6.639, 6.117, 6.011, 5.838, 5.731, 6.27, 6.467, 6.447, 7.107, 7.102, 6.881, 7.089, 6.751, 5.904, 5.177, 3.254, 2.136, 2.256, 2.201, 2.311, 1.765, 1.492, 1.242, 1.244, 1.762, 0.985, 1.058, 1.55, 1.197, 1.326, 1.654, 2.073, 2.497, 2.428, 2.14, 0.0, 1.954, 2.22, 1.848, 1.705, 2.035, 1.706, 1.635, 1.485, 1.649, 2.095, 3.672, 5.299, 6.176, 6.066, 5.804, 5.566, 4.889, 4.291, 3.627, 3.486, 3.475, 3.395, 4.023, 4.035, 4.102, 4.243, 4.413, 4.591, 5.019, 5.966, 5.97, 6.009, 6.739, 6.333, 5.036, 4.672, 4.707, 4.106, 4.274], [6.059, 5.738, 5.351, 4.952, 4.829, 4.652, 4.943, 5.213, 4.939, 5.065, 5.418, 4.957, 4.463, 4.418, 4.359, 4.044, 4.635, 4.847, 4.862, 5.499, 5.518, 5.286, 5.503, 5.166, 4.303, 3.596, 1.931, 1.236, 1.725, 1.196, 1.356, 1.517, 1.673, 2.058, 2.778, 3.368, 2.445, 2.532, 3.161, 2.727, 2.949, 3.337, 3.762, 4.187, 4.253, 3.891, 1.954, 0.0, 0.906, 1.468, 1.494, 1.483, 1.276, 1.295, 1.188, 1.904, 1.713, 2.061, 3.613, 4.53, 4.417, 4.154, 3.871, 3.372, 2.764, 2.377, 2.047, 2.056, 1.799, 2.282, 2.333, 2.567, 2.731, 2.843, 3.101, 3.476, 4.21, 4.35, 4.305, 5.001, 4.599, 3.335, 2.976, 2.987, 2.35, 2.553], [5.973, 5.606, 5.231, 4.803, 4.742, 4.498, 4.839, 5.138, 4.8, 4.864, 5.229, 4.734, 4.372, 4.327, 4.211, 3.851, 4.457, 4.669, 4.684, 5.33, 5.339, 5.116, 5.325, 4.99, 4.144, 3.478, 1.947, 1.487, 2.06, 1.512, 1.351, 1.743, 1.834, 2.214, 3.004, 3.564, 2.631, 2.787, 3.342, 2.911, 3.176, 3.569, 3.942, 4.371, 4.414, 4.065, 2.22, 0.906, 0.0, 1.056, 1.292, 1.22, 1.164, 1.242, 1.125, 1.616, 1.514, 1.909, 3.517, 4.425, 4.337, 4.068, 3.767, 3.245, 2.675, 2.154, 1.876, 1.767, 1.616, 2.166, 2.234, 2.506, 2.621, 2.775, 2.97, 3.342, 4.065, 4.175, 4.161, 4.848, 4.442, 3.169, 2.713, 2.81, 2.177, 2.309], [6.29, 6.293, 6.004, 5.616, 5.508, 5.268, 5.489, 5.735, 5.438, 5.49, 5.824, 5.437, 4.971, 4.884, 4.576, 4.388, 4.923, 5.135, 5.15, 5.804, 5.803, 5.563, 5.775, 5.456, 4.658, 4.003, 2.544, 1.879, 2.422, 2.143, 2.009, 1.827, 1.456, 1.769, 2.508, 3.116, 2.333, 2.38, 2.797, 2.341, 2.613, 3.033, 3.472, 3.878, 3.952, 3.589, 1.848, 1.468, 1.056, 0.0, 0.781, 0.975, 0.923, 1.176, 1.04, 1.307, 1.34, 2.543, 4.229, 5.147, 5.019, 4.772, 4.443, 3.909, 3.305, 2.573, 2.462, 2.359, 2.28, 2.848, 2.843, 3.062, 3.208, 3.388, 3.608, 3.939, 4.485, 4.862, 4.74, 5.276, 4.873, 3.647, 3.324, 3.339, 2.616, 2.893], [6.41, 6.417, 6.189, 5.798, 5.641, 5.391, 5.593, 5.954, 5.554, 5.654, 5.936, 5.519, 5.182, 5.063, 4.753, 4.463, 4.894, 5.106, 5.121, 5.762, 5.775, 5.548, 5.753, 5.425, 4.598, 3.866, 2.537, 2.036, 2.57, 2.32, 2.273, 2.017, 1.634, 1.951, 2.486, 3.103, 2.115, 2.3, 2.824, 2.376, 2.615, 3.032, 3.5, 3.877, 3.947, 3.629, 1.705, 1.494, 1.292, 0.781, 0.0, 0.825, 0.772, 1.044, 1.002, 1.151, 1.17, 2.731, 4.4, 5.316, 5.197, 4.939, 4.651, 4.106, 3.52, 2.87, 2.707, 2.63, 2.426, 2.855, 2.882, 3.228, 3.453, 3.58, 3.805, 4.091, 4.564, 4.958, 4.827, 5.293, 4.881, 3.621, 3.373, 3.422, 2.695, 3.007], [6.115, 6.258, 6.023, 5.646, 5.485, 5.323, 5.515, 5.821, 5.462, 5.558, 5.863, 5.451, 5.07, 4.891, 4.476, 4.214, 4.491, 4.698, 4.717, 5.364, 5.429, 5.215, 5.396, 5.066, 4.242, 3.495, 2.328, 1.851, 2.367, 2.227, 2.135, 1.972, 1.884, 2.155, 2.89, 3.497, 2.514, 2.592, 3.199, 2.737, 2.982, 3.401, 3.806, 4.151, 4.218, 3.899, 2.035, 1.483, 1.22, 0.975, 0.825, 0.0, 0.738, 0.928, 0.939, 1.59, 1.424, 2.632, 4.32, 5.242, 5.113, 4.866, 4.531, 4.016, 3.424, 2.648, 2.572, 2.469, 2.33, 2.777, 2.792, 3.077, 3.305, 3.463, 3.602, 3.923, 4.348, 4.693, 4.663, 4.935, 4.513, 3.356, 3.184, 3.258, 2.572, 2.84], [6.313, 6.262, 5.975, 5.602, 5.439, 5.309, 5.535, 5.807, 5.456, 5.469, 5.912, 5.519, 5.098, 4.979, 4.64, 4.353, 4.794, 4.998, 5.013, 5.648, 5.669, 5.451, 5.67, 5.328, 4.488, 3.761, 2.48, 1.801, 2.285, 2.139, 2.084, 1.755, 1.63, 1.913, 2.545, 3.196, 2.18, 2.303, 2.976, 2.516, 2.756, 3.129, 3.539, 3.972, 3.987, 3.671, 1.706, 1.276, 1.164, 0.923, 0.772, 0.738, 0.0, 0.758, 0.779, 1.367, 1.341, 2.642, 4.329, 5.251, 5.125, 4.88, 4.545, 4.005, 3.412, 2.667, 2.562, 2.451, 2.306, 2.834, 2.849, 3.056, 3.292, 3.514, 3.697, 4.006, 4.561, 4.757, 4.759, 5.215, 4.81, 3.536, 3.169, 3.274, 2.606, 2.807], [6.228, 6.11, 5.789, 5.358, 5.267, 5.101, 5.338, 5.646, 5.378, 5.398, 5.804, 5.381, 4.858, 4.733, 4.488, 4.346, 4.938, 5.15, 5.165, 5.797, 5.821, 5.603, 5.811, 5.471, 4.657, 3.918, 2.556, 1.657, 2.049, 1.958, 1.92, 1.716, 1.726, 1.929, 2.487, 3.072, 2.18, 2.29, 2.847, 2.401, 2.669, 3.054, 3.432, 3.878, 3.928, 3.585, 1.635, 1.295, 1.242, 1.176, 1.044, 0.928, 0.758, 0.0, 0.71, 1.379, 1.46, 2.436, 4.071, 4.969, 4.867, 4.617, 4.305, 3.824, 3.184, 2.558, 2.386, 2.266, 2.209, 2.75, 2.793, 2.971, 3.086, 3.253, 3.442, 3.808, 4.509, 4.791, 4.698, 5.315, 4.913, 3.648, 3.277, 3.338, 2.674, 2.845], [6.708, 6.45, 6.032, 5.633, 5.575, 5.358, 5.679, 5.862, 5.561, 5.678, 5.881, 5.41, 4.97, 5.027, 4.901, 4.656, 5.276, 5.488, 5.503, 6.143, 6.158, 5.923, 6.131, 5.806, 4.949, 4.232, 2.652, 1.448, 1.864, 1.844, 1.799, 1.499, 1.476, 1.612, 2.301, 2.809, 1.972, 2.055, 2.459, 2.014, 2.363, 2.781, 3.144, 3.564, 3.662, 3.305, 1.485, 1.188, 1.125, 1.04, 1.002, 0.939, 0.779, 0.71, 0.0, 1.005, 1.235, 2.519, 4.218, 5.14, 5.009, 4.764, 4.43, 3.903, 3.293, 2.673, 2.519, 2.454, 2.374, 3.055, 3.015, 3.178, 3.297, 3.364, 3.557, 3.986, 4.732, 4.948, 4.92, 5.622, 5.18, 3.941, 3.526, 3.472, 2.92, 3.087], [7.403, 7.084, 6.571, 6.127, 6.077, 5.855, 6.284, 6.544, 6.155, 6.182, 6.258, 5.673, 5.438, 5.697, 5.598, 5.21, 5.803, 6.015, 6.03, 6.672, 6.685, 6.46, 6.668, 6.333, 5.492, 4.769, 3.249, 1.957, 2.279, 2.267, 2.194, 2.06, 1.719, 1.867, 2.23, 2.617, 1.989, 2.08, 2.198, 1.955, 2.217, 2.609, 2.954, 3.343, 3.495, 3.073, 1.649, 1.904, 1.616, 1.307, 1.151, 1.59, 1.367, 1.379, 1.005, 0.0, 1.094, 2.753, 4.494, 5.34, 5.308, 4.957, 4.609, 4.081, 3.674, 3.297, 3.053, 3.001, 2.936, 3.621, 3.602, 3.843, 3.83, 3.686, 4.006, 4.584, 5.356, 5.437, 5.434, 6.149, 5.679, 4.462, 4.055, 3.969, 3.493, 3.562], [6.788, 6.367, 5.975, 5.516, 5.484, 5.232, 5.586, 5.832, 5.477, 5.486, 5.429, 4.906, 4.832, 5.012, 5.007, 4.479, 5.041, 5.253, 5.268, 5.928, 5.963, 5.74, 5.941, 5.649, 4.881, 4.149, 2.844, 1.886, 2.214, 2.17, 2.172, 2.067, 1.879, 2.404, 3.01, 3.468, 2.643, 2.802, 2.95, 2.614, 2.989, 3.434, 3.805, 4.205, 4.289, 3.933, 2.095, 1.713, 1.514, 1.34, 1.17, 1.424, 1.341, 1.46, 1.235, 1.094, 0.0, 2.064, 3.783, 4.679, 4.625, 4.272, 3.922, 3.414, 2.955, 2.633, 2.445, 2.397, 2.281, 2.818, 2.89, 3.187, 3.295, 3.081, 3.298, 3.874, 4.619, 4.801, 4.698, 5.409, 4.914, 3.722, 3.356, 3.301, 2.799, 2.889], [5.086, 4.781, 4.254, 3.807, 3.772, 3.604, 3.991, 4.237, 4.009, 4.063, 4.034, 3.582, 3.13, 3.393, 3.46, 3.272, 3.961, 4.207, 4.431, 4.956, 4.77, 4.671, 4.911, 4.773, 4.302, 3.894, 2.768, 2.179, 2.645, 2.171, 2.128, 2.789, 3.201, 3.725, 4.482, 4.91, 4.253, 4.25, 4.495, 4.179, 4.564, 4.983, 5.374, 5.754, 5.902, 5.481, 3.672, 2.061, 1.909, 2.543, 2.731, 2.632, 2.642, 2.436, 2.519, 2.753, 2.064, 0.0, 1.984, 2.977, 2.868, 2.552, 2.193, 1.756, 1.354, 1.446, 1.079, 1.283, 1.318, 1.686, 1.778, 1.793, 1.794, 1.551, 1.799, 2.318, 3.219, 3.406, 3.412, 4.172, 3.783, 2.749, 2.573, 2.414, 2.077, 2.237], [3.658, 3.365, 2.671, 2.352, 2.185, 2.105, 2.495, 2.759, 2.502, 2.613, 2.64, 2.212, 1.898, 2.103, 2.484, 2.395, 3.099, 3.366, 3.703, 4.22, 3.915, 3.855, 4.169, 4.263, 4.179, 3.833, 3.381, 3.575, 3.74, 3.448, 3.692, 4.533, 4.882, 5.426, 6.094, 6.443, 5.88, 5.737, 6.125, 5.797, 6.091, 6.504, 6.852, 7.228, 7.419, 6.981, 5.299, 3.613, 3.517, 4.229, 4.4, 4.32, 4.329, 4.071, 4.218, 4.494, 3.783, 1.984, 0.0, 1.308, 1.182, 1.082, 1.047, 1.465, 1.714, 2.121, 2.003, 2.004, 2.133, 2.0, 1.963, 1.7, 1.532, 1.341, 1.332, 1.505, 1.882, 2.094, 2.113, 2.926, 2.8, 2.41, 2.636, 2.691, 2.506, 2.633], [3.158, 2.763, 2.238, 1.866, 1.804, 1.659, 1.937, 2.072, 1.905, 2.136, 1.971, 1.703, 1.44, 1.643, 2.214, 2.271, 2.954, 3.171, 3.516, 3.995, 3.609, 3.537, 3.793, 4.05, 4.356, 4.358, 4.303, 4.433, 4.582, 4.24, 4.448, 5.423, 5.68, 6.335, 6.908, 7.252, 6.797, 6.598, 6.885, 6.627, 6.88, 7.325, 7.647, 8.021, 8.208, 7.782, 6.176, 4.53, 4.425, 5.147, 5.316, 5.242, 5.251, 4.969, 5.14, 5.34, 4.679, 2.977, 1.308, 0.0, 0.698, 0.867, 1.297, 1.987, 2.48, 2.904, 2.828, 2.883, 3.043, 2.766, 2.723, 2.455, 2.103, 1.954, 1.903, 1.812, 1.852, 1.891, 1.992, 2.837, 2.646, 3.212, 3.512, 3.484, 3.326, 3.417], [2.845, 2.539, 1.9, 1.558, 1.525, 1.529, 1.886, 1.958, 1.779, 1.911, 1.911, 1.657, 1.352, 1.708, 2.263, 2.267, 3.059, 3.236, 3.656, 4.11, 3.695, 3.628, 3.87, 4.211, 4.477, 4.41, 4.134, 4.339, 4.56, 4.152, 4.395, 5.361, 5.648, 6.243, 6.822, 7.233, 6.701, 6.507, 6.819, 6.546, 6.851, 7.265, 7.626, 8.002, 8.192, 7.743, 6.066, 4.417, 4.337, 5.019, 5.197, 5.113, 5.125, 4.867, 5.009, 5.308, 4.625, 2.868, 1.182, 0.698, 0.0, 0.698, 1.271, 1.999, 2.442, 2.797, 2.721, 2.774, 2.898, 2.659, 2.589, 2.241, 1.949, 1.807, 1.681, 1.677, 1.689, 1.819, 1.931, 2.712, 2.551, 2.985, 3.32, 3.431, 3.176, 3.331], [3.165, 2.819, 2.262, 1.902, 1.863, 1.84, 2.179, 2.313, 2.086, 2.257, 2.151, 1.877, 1.539, 1.855, 2.307, 2.295, 3.161, 3.396, 3.785, 4.277, 3.913, 3.84, 4.101, 4.366, 4.508, 4.302, 4.025, 4.061, 4.269, 3.837, 4.031, 4.972, 5.344, 5.993, 6.568, 7.016, 6.442, 6.28, 6.593, 6.32, 6.64, 7.051, 7.414, 7.79, 7.98, 7.531, 5.804, 4.154, 4.068, 4.772, 4.939, 4.866, 4.88, 4.617, 4.764, 4.957, 4.272, 2.552, 1.082, 0.867, 0.698, 0.0, 0.88, 1.677, 2.12, 2.522, 2.491, 2.554, 2.709, 2.44, 2.34, 2.106, 1.731, 1.647, 1.636, 1.633, 1.715, 1.881, 2.004, 2.772, 2.612, 2.868, 3.2, 3.29, 3.059, 3.216], [3.697, 3.378, 2.741, 2.468, 2.445, 2.371, 2.705, 2.882, 2.654, 2.8, 2.714, 2.328, 1.971, 2.339, 2.653, 2.573, 3.369, 3.638, 3.992, 4.481, 4.175, 4.121, 4.406, 4.565, 4.482, 4.287, 3.931, 3.739, 3.873, 3.615, 3.749, 4.596, 4.958, 5.673, 6.311, 6.717, 6.146, 5.968, 6.323, 6.032, 6.326, 6.766, 7.093, 7.468, 7.655, 7.227, 5.566, 3.871, 3.767, 4.443, 4.651, 4.531, 4.545, 4.305, 4.43, 4.609, 3.922, 2.193, 1.047, 1.297, 1.271, 0.88, 0.0, 1.138, 1.712, 2.265, 2.211, 2.167, 2.367, 2.206, 2.11, 1.878, 1.548, 1.424, 1.528, 1.834, 2.104, 2.234, 2.316, 3.195, 2.922, 2.869, 3.116, 3.214, 2.988, 3.161], [4.544, 4.272, 3.648, 3.092, 3.187, 3.187, 3.547, 3.754, 3.529, 3.669, 3.598, 3.084, 2.652, 2.946, 3.189, 3.239, 3.998, 4.273, 4.596, 5.064, 4.8, 4.734, 5.031, 5.133, 4.872, 4.589, 3.827, 3.501, 3.425, 3.092, 3.285, 4.011, 4.454, 5.122, 5.641, 5.943, 5.614, 5.329, 5.564, 5.256, 5.52, 5.999, 6.305, 6.645, 6.801, 6.454, 4.889, 3.372, 3.245, 3.909, 4.106, 4.016, 4.005, 3.824, 3.903, 4.081, 3.414, 1.756, 1.465, 1.987, 1.999, 1.677, 1.138, 0.0, 1.046, 1.729, 1.722, 1.896, 2.071, 2.204, 2.128, 1.937, 1.623, 1.342, 1.633, 2.09, 2.794, 2.953, 3.016, 3.859, 3.613, 3.091, 3.29, 3.176, 2.909, 3.153], [4.677, 4.415, 3.799, 3.236, 3.384, 3.383, 3.74, 3.926, 3.732, 3.873, 3.876, 3.408, 2.861, 3.065, 3.289, 3.308, 3.997, 4.279, 4.589, 5.1, 4.855, 4.778, 5.044, 5.132, 4.901, 4.501, 3.465, 3.008, 2.959, 2.625, 2.837, 3.447, 3.91, 4.501, 5.024, 5.337, 5.024, 4.714, 4.986, 4.588, 4.883, 5.381, 5.63, 5.959, 6.188, 5.841, 4.291, 2.764, 2.675, 3.305, 3.52, 3.424, 3.412, 3.184, 3.293, 3.674, 2.955, 1.354, 1.714, 2.48, 2.442, 2.12, 1.712, 1.046, 0.0, 1.123, 1.109, 1.382, 1.457, 1.804, 1.934, 1.863, 1.718, 1.433, 1.685, 2.056, 3.013, 3.12, 3.2, 4.03, 3.703, 2.875, 2.844, 2.746, 2.463, 2.763], [4.626, 4.344, 3.948, 3.41, 3.494, 3.485, 3.702, 3.981, 3.716, 3.883, 4.031, 3.593, 3.057, 3.015, 3.261, 3.283, 3.938, 4.209, 4.51, 5.029, 4.79, 4.71, 4.982, 4.986, 4.783, 4.378, 3.282, 2.74, 3.011, 2.513, 2.491, 2.974, 3.291, 3.77, 4.338, 4.829, 4.24, 4.18, 4.558, 4.078, 4.39, 4.871, 5.29, 5.646, 5.752, 5.401, 3.627, 2.377, 2.154, 2.573, 2.87, 2.648, 2.667, 2.558, 2.673, 3.297, 2.633, 1.446, 2.121, 2.904, 2.797, 2.522, 2.265, 1.729, 1.123, 0.0, 0.804, 1.216, 1.173, 1.748, 1.863, 1.803, 1.82, 1.759, 1.924, 2.182, 3.046, 3.194, 3.188, 3.977, 3.692, 2.816, 2.805, 2.764, 2.29, 2.756], [4.733, 4.487, 3.887, 3.458, 3.405, 3.409, 3.741, 3.993, 3.791, 3.936, 4.152, 3.676, 3.017, 3.073, 3.264, 3.237, 3.915, 4.198, 4.491, 4.994, 4.77, 4.691, 4.966, 4.89, 4.593, 4.184, 3.038, 2.385, 2.681, 2.275, 2.282, 2.855, 3.159, 3.612, 4.162, 4.642, 4.15, 3.918, 4.431, 4.052, 4.256, 4.677, 5.101, 5.462, 5.62, 5.204, 3.486, 2.047, 1.876, 2.462, 2.707, 2.572, 2.562, 2.386, 2.519, 3.053, 2.445, 1.079, 2.003, 2.828, 2.721, 2.491, 2.211, 1.722, 1.109, 0.804, 0.0, 0.776, 0.958, 1.588, 1.735, 1.654, 1.64, 1.573, 1.851, 2.159, 3.114, 3.22, 3.227, 4.044, 3.696, 2.809, 2.693, 2.635, 2.098, 2.574], [4.751, 4.432, 3.813, 3.471, 3.397, 3.349, 3.666, 3.899, 3.66, 3.813, 4.073, 3.601, 2.957, 3.094, 3.2, 3.04, 3.693, 3.974, 4.217, 4.753, 4.581, 4.485, 4.695, 4.591, 4.188, 3.777, 2.628, 2.122, 2.467, 2.132, 2.238, 2.927, 3.126, 3.601, 4.185, 4.695, 4.058, 3.96, 4.469, 4.12, 4.277, 4.689, 5.107, 5.483, 5.63,