[[0.0, 0.965, 1.512, 2.366, 2.517, 3.182, 2.959, 3.06, 2.971, 2.765, 2.444, 1.836, 1.859, 1.962, 2.333, 2.802, 3.009, 2.806, 3.32, 3.817, 3.899, 3.753, 3.723, 4.006, 4.63, 5.327, 5.052, 3.708, 3.525, 4.038, 4.108, 3.491, 3.172, 3.22, 3.521, 3.211, 2.952, 3.089, 2.881, 2.944, 3.469, 4.049, 4.33, 4.231, 3.409, 2.826, 2.355, 2.024, 2.562, 2.183, 3.16, 2.549, 2.432, 3.064, 3.896, 3.893, 3.251, 2.025, 1.778, 1.4, 1.683, 2.248, 2.432, 2.625, 2.589, 2.189, 1.951, 2.196, 1.952, 1.77, 1.437, 1.732, 2.288, 2.531, 2.478, 2.594, 2.199, 2.104, 2.938, 3.269, 3.93, 4.185, 3.074, 2.876, 3.34, 2.963], [0.965, 0.0, 1.211, 2.141, 2.393, 3.22, 3.034, 3.141, 3.138, 3.046, 2.455, 1.819, 1.689, 1.699, 1.985, 2.476, 2.77, 2.517, 3.027, 3.546, 3.814, 3.682, 3.543, 3.629, 4.254, 4.923, 4.748, 3.33, 3.176, 3.73, 3.852, 3.554, 2.968, 2.766, 3.003, 2.764, 2.585, 2.796, 2.578, 2.611, 3.052, 3.64, 3.882, 3.882, 3.126, 2.563, 2.093, 1.805, 2.404, 2.102, 2.932, 2.185, 1.862, 2.562, 3.635, 3.8, 2.817, 1.784, 1.492, 1.51, 1.965, 2.484, 2.707, 2.941, 2.908, 2.416, 2.165, 2.401, 2.067, 1.897, 1.745, 1.94, 2.604, 2.898, 2.832, 2.963, 2.571, 2.351, 3.256, 3.675, 4.309, 4.591, 3.363, 3.229, 3.646, 3.295], [1.512, 1.211, 0.0, 1.32, 1.845, 2.677, 2.605, 2.83, 2.926, 2.899, 2.238, 1.754, 1.572, 2.001, 2.483, 2.638, 3.006, 3.231, 3.676, 4.353, 4.566, 4.422, 4.392, 4.26, 4.731, 5.324, 5.027, 3.563, 3.37, 3.994, 4.52, 4.272, 3.436, 3.312, 3.32, 3.017, 3.113, 3.551, 3.198, 3.0, 3.481, 4.142, 4.372, 4.066, 3.256, 2.575, 2.028, 1.106, 1.608, 1.433, 2.113, 2.041, 2.043, 3.157, 4.464, 4.736, 3.517, 1.969, 1.54, 2.151, 2.832, 3.435, 3.606, 3.835, 3.786, 3.228, 3.008, 3.304, 2.933, 2.399, 2.182, 2.629, 3.486, 3.787, 3.66, 3.769, 3.344, 3.176, 4.065, 4.493, 5.2, 5.479, 4.174, 3.928, 4.404, 4.016], [2.366, 2.141, 1.32, 0.0, 1.157, 1.84, 2.018, 2.408, 2.692, 2.774, 1.937, 1.989, 2.283, 2.707, 3.306, 3.521, 3.926, 4.153, 4.641, 5.321, 5.555, 5.356, 5.337, 5.192, 5.596, 6.153, 5.628, 4.17, 4.158, 4.87, 5.412, 5.115, 4.329, 4.195, 4.155, 3.682, 4.005, 4.488, 4.16, 3.93, 4.074, 4.659, 4.975, 4.686, 3.945, 3.028, 2.693, 1.315, 1.353, 1.381, 1.429, 1.884, 2.719, 4.032, 5.44, 5.7, 4.437, 2.897, 2.621, 3.241, 3.865, 4.451, 4.636, 4.86, 4.798, 4.296, 4.084, 4.343, 3.945, 3.186, 3.067, 3.577, 4.488, 4.794, 4.665, 4.786, 4.352, 4.189, 5.029, 5.476, 6.181, 6.462, 5.166, 4.918, 5.404, 5.045], [2.517, 2.393, 1.845, 1.157, 0.0, 1.149, 1.368, 1.711, 2.021, 2.092, 1.552, 2.19, 2.521, 2.778, 3.44, 3.491, 4.004, 4.338, 4.721, 5.486, 5.55, 5.346, 5.385, 5.304, 5.698, 6.239, 5.816, 4.363, 4.136, 4.864, 5.469, 5.161, 4.341, 4.326, 4.392, 3.926, 4.104, 4.634, 4.201, 3.996, 4.347, 4.943, 5.191, 4.801, 3.937, 3.286, 2.582, 1.486, 1.165, 1.426, 1.818, 2.269, 3.14, 4.342, 5.648, 5.884, 4.673, 3.142, 2.841, 3.388, 3.986, 4.506, 4.737, 4.955, 4.912, 4.441, 4.18, 4.458, 3.985, 3.074, 3.19, 3.616, 4.471, 4.809, 4.729, 4.862, 4.467, 4.323, 5.202, 5.588, 6.18, 6.489, 5.342, 5.159, 5.608, 5.274], [3.182, 3.22, 2.677, 1.84, 1.149, 0.0, 0.959, 1.374, 1.566, 1.762, 1.546, 2.22, 2.518, 2.832, 3.601, 3.557, 4.184, 4.431, 4.733, 5.524, 5.491, 5.204, 5.316, 5.265, 5.595, 6.107, 5.48, 4.137, 4.048, 4.723, 5.332, 5.092, 4.3, 4.253, 4.442, 4.109, 4.36, 4.833, 4.504, 4.368, 4.69, 5.187, 5.401, 4.845, 4.15, 3.486, 2.932, 2.163, 1.778, 1.837, 2.064, 2.646, 3.711, 4.512, 5.808, 5.969, 4.998, 3.795, 3.461, 4.06, 4.545, 4.899, 5.074, 5.227, 5.163, 4.808, 4.641, 4.903, 4.413, 3.644, 3.722, 4.162, 5.004, 5.28, 5.235, 5.345, 4.966, 4.884, 5.794, 6.042, 6.492, 6.718, 5.923, 5.79, 6.197, 5.935], [2.959, 3.034, 2.605, 2.018, 1.368, 0.959, 0.0, 0.626, 0.889, 1.083, 1.069, 1.687, 1.976, 2.195, 2.924, 2.871, 3.415, 3.687, 3.962, 4.705, 4.7, 4.479, 4.509, 4.436, 4.823, 5.351, 4.887, 3.559, 3.382, 4.03, 4.555, 4.318, 3.553, 3.524, 3.737, 3.587, 3.796, 4.256, 3.957, 3.87, 4.301, 4.795, 4.945, 4.445, 3.867, 3.327, 2.728, 2.17, 2.041, 2.043, 2.516, 2.673, 3.321, 3.863, 5.025, 5.262, 4.535, 3.51, 3.408, 3.818, 4.227, 4.561, 4.806, 4.941, 4.844, 4.466, 4.261, 4.545, 4.06, 3.26, 3.398, 4.03, 4.815, 5.015, 4.983, 5.056, 4.67, 4.541, 5.396, 5.603, 6.05, 6.325, 5.575, 5.52, 5.889, 5.599], [3.06, 3.141, 2.83, 2.408, 1.711, 1.374, 0.626, 0.0, 0.63, 0.877, 1.204, 1.752, 1.972, 2.2, 2.654, 2.572, 3.054, 3.289, 3.539, 4.285, 4.235, 4.011, 4.048, 4.022, 4.428, 4.98, 4.54, 3.347, 3.131, 3.653, 4.118, 3.874, 3.15, 3.222, 3.448, 3.404, 3.549, 3.928, 3.67, 3.684, 4.186, 4.681, 4.79, 4.308, 3.748, 3.365, 2.843, 2.465, 2.305, 2.377, 2.881, 2.99, 3.376, 3.628, 4.653, 4.957, 4.352, 3.58, 3.543, 3.854, 4.141, 4.413, 4.689, 4.872, 4.709, 4.349, 4.124, 4.404, 3.91, 3.212, 3.456, 4.123, 4.876, 4.995, 4.967, 4.964, 4.635, 4.438, 5.207, 5.381, 5.823, 6.162, 5.613, 5.575, 5.865, 5.577], [2.971, 3.138, 2.926, 2.692, 2.021, 1.566, 0.889, 0.63, 0.0, 0.748, 1.316, 1.796, 2.055, 2.25, 2.637, 2.468, 2.975, 3.112, 3.434, 4.158, 4.036, 3.835, 3.952, 4.009, 4.372, 4.982, 4.486, 3.362, 3.031, 3.554, 4.075, 3.729, 2.967, 3.248, 3.507, 3.465, 3.548, 3.832, 3.668, 3.74, 4.253, 4.758, 4.863, 4.337, 3.71, 3.459, 2.925, 2.588, 2.472, 2.339, 2.971, 3.072, 3.455, 3.664, 4.544, 4.86, 4.418, 3.668, 3.451, 3.745, 4.04, 4.313, 4.567, 4.724, 4.569, 4.238, 3.987, 4.329, 3.826, 3.15, 3.347, 4.007, 4.758, 4.883, 4.855, 4.884, 4.515, 4.316, 5.064, 5.251, 5.69, 6.084, 5.534, 5.501, 5.744, 5.461], [2.765, 3.046, 2.899, 2.774, 2.092, 1.762, 1.083, 0.877, 0.748, 0.0, 1.076, 1.728, 1.87, 2.266, 2.554, 2.518, 2.912, 3.142, 3.497, 4.217, 4.054, 3.92, 3.953, 4.12, 4.571, 5.254, 4.858, 3.641, 3.238, 3.765, 4.225, 3.698, 3.088, 3.413, 3.589, 3.615, 3.619, 3.865, 3.642, 3.823, 4.372, 4.929, 5.032, 4.558, 3.932, 3.683, 2.953, 2.678, 2.479, 2.441, 3.059, 3.238, 3.574, 3.672, 4.621, 4.876, 4.357, 3.684, 3.377, 3.502, 3.828, 4.12, 4.432, 4.601, 4.438, 4.08, 3.804, 4.153, 3.649, 2.986, 3.133, 3.74, 4.501, 4.655, 4.653, 4.652, 4.291, 4.089, 4.772, 5.046, 5.457, 5.872, 5.377, 5.339, 5.591, 5.311], [2.444, 2.455, 2.238, 1.937, 1.552, 1.546, 1.069, 1.204, 1.316, 1.076, 0.0, 1.031, 1.537, 2.033, 2.41, 2.522, 3.025, 3.215, 3.699, 4.398, 4.566, 4.368, 4.362, 4.342, 4.831, 5.524, 5.25, 3.834, 3.513, 4.102, 4.561, 4.148, 3.437, 3.491, 3.519, 3.402, 3.522, 3.827, 3.601, 3.671, 4.168, 4.78, 4.923, 4.616, 4.01, 3.53, 2.75, 1.952, 1.746, 1.817, 2.462, 2.756, 3.147, 3.458, 4.569, 4.849, 3.954, 3.097, 3.049, 3.366, 3.803, 4.242, 4.582, 4.695, 4.576, 4.243, 3.949, 4.246, 3.73, 2.759, 2.927, 3.553, 4.295, 4.554, 4.548, 4.587, 4.198, 3.884, 4.685, 4.95, 5.453, 5.797, 5.102, 5.042, 5.283, 4.994], [1.836, 1.819, 1.754, 1.989, 2.19, 2.22, 1.687, 1.752, 1.796, 1.728, 1.031, 0.0, 0.863, 1.294, 1.77, 2.109, 2.59, 2.577, 3.067, 3.773, 3.963, 3.728, 3.723, 3.654, 4.26, 4.901, 4.655, 3.21, 2.962, 3.506, 3.932, 3.482, 2.81, 2.757, 2.874, 2.746, 2.781, 3.13, 2.973, 2.964, 3.514, 4.11, 4.231, 4.019, 3.421, 2.892, 2.464, 1.949, 2.183, 1.925, 2.759, 2.484, 2.344, 2.725, 3.923, 4.112, 3.18, 2.444, 2.441, 2.687, 3.082, 3.517, 3.861, 3.987, 3.85, 3.517, 3.222, 3.513, 2.995, 2.282, 2.353, 3.028, 3.749, 3.938, 3.953, 3.977, 3.582, 3.247, 4.066, 4.308, 4.812, 5.147, 4.503, 4.44, 4.665, 4.355], [1.859, 1.689, 1.572, 2.283, 2.521, 2.518, 1.976, 1.972, 2.055, 1.87, 1.537, 0.863, 0.0, 1.077, 1.51, 1.88, 2.495, 2.522, 2.854, 3.556, 3.723, 3.483, 3.452, 3.307, 3.787, 4.537, 4.322, 2.843, 2.603, 3.228, 3.647, 3.412, 2.668, 2.403, 2.475, 2.394, 2.619, 2.938, 2.697, 2.724, 3.108, 3.705, 3.825, 3.581, 3.037, 2.524, 2.202, 2.164, 2.513, 2.138, 2.929, 2.227, 1.916, 2.478, 3.735, 3.872, 2.861, 2.201, 2.284, 2.52, 2.892, 3.233, 3.575, 3.708, 3.571, 3.223, 2.945, 3.284, 2.758, 2.243, 2.278, 2.809, 3.545, 3.715, 3.715, 3.748, 3.364, 3.129, 3.9, 4.189, 4.617, 4.936, 4.321, 4.289, 4.512, 4.196], [1.962, 1.699, 2.001, 2.707, 2.778, 2.832, 2.195, 2.2, 2.25, 2.266, 2.033, 1.294, 1.077, 0.0, 0.957, 1.449, 1.941, 1.912, 2.301, 2.982, 3.168, 2.902, 2.871, 2.82, 3.464, 3.995, 3.807, 2.398, 2.205, 2.733, 3.086, 2.778, 2.072, 1.884, 2.164, 2.047, 2.005, 2.44, 2.234, 2.16, 2.685, 3.245, 3.336, 3.228, 2.693, 2.247, 1.856, 2.508, 2.986, 2.51, 3.437, 2.113, 1.691, 2.047, 3.208, 3.41, 2.571, 1.841, 1.987, 2.215, 2.513, 2.853, 3.195, 3.326, 3.202, 2.828, 2.546, 2.875, 2.365, 1.769, 1.891, 2.466, 3.096, 3.331, 3.324, 3.399, 3.015, 2.745, 3.526, 3.716, 4.197, 4.514, 3.835, 3.793, 4.062, 3.769], [2.333, 1.985, 2.483, 3.306, 3.44, 3.601, 2.924, 2.654, 2.637, 2.554, 2.41, 1.77, 1.51, 0.957, 0.0, 0.843, 1.413, 1.314, 1.721, 2.412, 2.584, 2.309, 2.315, 2.309, 2.933, 3.595, 3.428, 2.043, 1.866, 2.321, 2.582, 2.274, 1.714, 1.564, 1.826, 1.701, 1.653, 1.949, 1.713, 1.874, 2.335, 2.882, 3.006, 2.896, 2.426, 2.126, 2.152, 3.102, 3.468, 3.074, 4.045, 2.847, 1.593, 1.508, 2.491, 2.77, 2.073, 1.482, 2.3, 2.348, 2.436, 2.461, 2.779, 2.96, 2.755, 2.552, 2.418, 2.57, 1.912, 1.456, 2.064, 2.557, 2.892, 2.901, 2.884, 2.921, 2.74, 2.419, 2.996, 3.109, 3.533, 3.927, 3.528, 3.578, 3.652, 3.369], [2.802, 2.476, 2.638, 3.521, 3.491, 3.557, 2.871, 2.572, 2.468, 2.518, 2.522, 2.109, 1.88, 1.449, 0.843, 0.0, 1.114, 1.29, 1.653, 2.319, 2.382, 2.243, 2.269, 2.238, 2.689, 3.321, 2.973, 1.84, 1.481, 1.904, 2.416, 2.295, 1.742, 1.568, 1.521, 1.485, 1.46, 1.795, 1.553, 1.614, 2.124, 2.726, 2.869, 2.489, 1.949, 1.859, 2.156, 3.145, 3.548, 3.188, 4.217, 3.022, 1.734, 1.533, 2.496, 2.776, 2.165, 1.541, 2.247, 2.715, 2.667, 2.469, 2.763, 2.955, 2.775, 2.639, 2.536, 2.7, 2.071, 1.651, 2.422, 2.983, 3.049, 2.948, 2.988, 2.986, 2.825, 2.616, 3.133, 3.02, 3.478, 3.888, 3.602, 3.691, 3.669, 3.461], [3.009, 2.77, 3.006, 3.926, 4.004, 4.184, 3.415, 3.054, 2.975, 2.912, 3.025, 2.59, 2.495, 1.941, 1.413, 1.114, 0.0, 1.025, 1.33, 1.969, 1.998, 1.848, 1.926, 2.037, 2.452, 3.106, 2.76, 1.901, 1.58, 1.664, 2.063, 1.854, 1.699, 1.712, 1.706, 1.698, 1.521, 1.597, 1.476, 1.657, 2.255, 2.861, 2.99, 2.582, 2.143, 2.305, 2.634, 3.609, 4.143, 3.781, 4.737, 3.504, 2.205, 1.417, 2.275, 2.628, 2.175, 2.104, 2.603, 2.897, 2.836, 2.745, 2.966, 3.127, 2.919, 2.891, 2.73, 2.851, 2.261, 1.888, 2.664, 3.286, 3.415, 3.347, 3.356, 3.387, 3.225, 2.923, 3.076, 2.774, 3.466, 3.917, 3.741, 3.885, 3.904, 3.757], [2.806, 2.517, 3.231, 4.153, 4.338, 4.431, 3.687, 3.289, 3.112, 3.142, 3.215, 2.577, 2.522, 1.912, 1.314, 1.29, 1.025, 0.0, 0.879, 1.526, 1.555, 1.58, 1.688, 1.804, 2.229, 2.815, 2.542, 1.633, 1.358, 1.514, 1.75, 1.499, 1.276, 1.362, 1.543, 1.554, 1.173, 1.283, 1.448, 1.575, 2.071, 2.616, 2.726, 2.542, 2.322, 2.411, 2.833, 3.854, 4.527, 4.087, 5.101, 3.706, 2.087, 1.214, 1.808, 2.198, 1.927, 2.102, 2.66, 2.697, 2.587, 2.481, 2.705, 2.868, 2.648, 2.583, 2.43, 2.575, 1.93, 1.995, 2.715, 3.254, 3.353, 3.264, 3.304, 3.332, 3.184, 2.863, 3.142, 2.79, 3.375, 3.885, 3.705, 3.87, 3.855, 3.666], [3.32, 3.027, 3.676, 4.641, 4.721, 4.733, 3.962, 3.539, 3.434, 3.497, 3.699, 3.067, 2.854, 2.301, 1.721, 1.653, 1.33, 0.879, 0.0, 1.039, 1.08, 1.313, 1.468, 1.606, 1.754, 2.161, 1.904, 1.313, 1.16, 1.128, 1.334, 1.391, 1.315, 1.438, 1.711, 1.743, 1.38, 1.345, 1.405, 1.505, 1.921, 2.359, 2.425, 2.287, 2.179, 2.523, 3.041, 4.353, 4.936, 4.568, 5.551, 4.154, 2.408, 1.388, 1.619, 1.864, 1.908, 2.432, 3.116, 3.18, 2.986, 2.764, 2.959, 3.15, 2.922, 2.9, 2.872, 2.946, 2.313, 2.469, 3.224, 3.714, 3.779, 3.746, 3.784, 3.76, 3.63, 3.4, 3.748, 3.119, 3.409, 3.986, 4.204, 4.405, 4.379, 4.243], [3.817, 3.546, 4.353, 5.321, 5.486, 5.524, 4.705, 4.285, 4.158, 4.217, 4.398, 3.773, 3.556, 2.982, 2.412, 2.319, 1.969, 1.526, 1.039, 0.0, 0.835, 1.425, 1.397, 1.396, 1.531, 1.566, 1.638, 1.841, 1.706, 1.361, 1.277, 1.815, 1.902, 1.691, 1.851, 2.029, 1.799, 1.682, 1.792, 1.84, 2.105, 2.261, 2.286, 2.306, 2.472, 3.1, 3.764, 5.058, 5.684, 5.247, 6.217, 4.823, 2.958, 1.639, 1.389, 1.558, 1.809, 2.982, 3.739, 3.85, 3.378, 3.016, 3.169, 3.366, 3.184, 3.178, 3.191, 3.251, 2.941, 3.211, 4.055, 4.472, 4.242, 4.085, 4.108, 4.066, 3.964, 3.732, 4.005, 3.335, 3.449, 4.002, 4.454, 4.613, 4.562, 4.416], [3.899, 3.814, 4.566, 5.555, 5.55, 5.491, 4.7, 4.235, 4.036, 4.054, 4.566, 3.963, 3.723, 3.168, 2.584, 2.382, 1.998, 1.555, 1.08, 0.835, 0.0, 0.938, 0.969, 1.238, 1.364, 1.615, 1.552, 1.724, 1.638, 1.253, 1.139, 1.368, 1.563, 1.666, 1.982, 2.26, 1.864, 1.757, 1.792, 1.926, 2.309, 2.608, 2.586, 2.458, 2.408, 2.997, 3.728, 5.267, 5.845, 5.419, 6.467, 5.033, 3.195, 1.902, 1.901, 2.12, 2.246, 3.165, 3.762, 3.678, 3.241, 2.771, 2.866, 3.081, 2.927, 2.909, 2.981, 2.985, 2.655, 3.206, 3.866, 4.241, 4.03, 3.837, 3.842, 3.784, 3.721, 3.69, 3.96, 3.263, 3.475, 4.039, 4.367, 4.566, 4.525, 4.413], [3.753, 3.682, 4.422, 5.356, 5.346, 5.204, 4.479, 4.011, 3.835, 3.92, 4.368, 3.728, 3.483, 2.902, 2.309, 2.243, 1.848, 1.58, 1.313, 1.425, 0.938, 0.0, 0.727, 1.3, 1.634, 2.008, 2.029, 1.761, 1.743, 1.568, 1.354, 1.136, 1.452, 1.585, 2.05, 2.385, 1.99, 2.039, 2.082, 2.267, 2.833, 3.259, 3.234, 2.917, 2.651, 2.782, 3.51, 5.069, 5.637, 5.23, 6.264, 4.83, 3.024, 2.145, 2.471, 2.622, 2.713, 3.149, 3.64, 3.463, 3.204, 2.835, 2.951, 3.172, 2.924, 2.933, 2.98, 2.955, 2.419, 2.798, 3.541, 3.972, 4.005, 3.843, 3.856, 3.851, 3.785, 3.633, 3.977, 3.507, 3.956, 4.431, 4.515, 4.715, 4.693, 4.537], [3.723, 3.543, 4.392, 5.337, 5.385, 5.316, 4.509, 4.048, 3.952, 3.953, 4.362, 3.723, 3.452, 2.871, 2.315, 2.269, 1.926, 1.688, 1.468, 1.397, 0.969, 0.727, 0.0, 0.95, 1.434, 1.915, 2.128, 1.956, 1.916, 1.76, 1.517, 1.483, 1.631, 1.472, 1.887, 2.292, 1.937, 2.004, 1.986, 2.217, 2.77, 3.174, 3.165, 2.92, 2.671, 2.949, 3.552, 5.066, 5.636, 5.226, 6.239, 4.815, 3.039, 2.048, 2.41, 2.614, 2.585, 3.0, 3.667, 3.576, 3.247, 2.864, 3.043, 3.226, 2.986, 2.924, 2.948, 3.014, 2.578, 2.972, 3.748, 4.117, 3.999, 3.91, 3.871, 3.857, 3.742, 3.679, 3.974, 3.546, 4.031, 4.47, 4.434, 4.622, 4.63, 4.405], [4.006, 3.629, 4.26, 5.192, 5.304, 5.265, 4.436, 4.022, 4.009, 4.12, 4.342, 3.654, 3.307, 2.82, 2.309, 2.238, 2.037, 1.804, 1.606, 1.396, 1.238, 1.3, 0.95, 0.0, 0.881, 1.574, 1.849, 1.92, 1.955, 1.785, 1.637, 1.92, 1.818, 1.263, 1.235, 1.697, 1.751, 1.813, 1.87, 2.009, 2.291, 2.692, 2.693, 2.523, 2.512, 2.919, 3.534, 4.987, 5.58, 5.156, 6.028, 4.567, 2.768, 1.708, 2.129, 2.37, 2.059, 2.809, 3.758, 3.917, 3.477, 2.891, 2.998, 3.153, 2.985, 3.137, 3.199, 3.199, 2.979, 3.197, 4.114, 4.53, 4.285, 4.074, 3.985, 3.919, 3.908, 3.916, 3.946, 3.497, 3.979, 4.444, 4.291, 4.499, 4.485, 4.275], [4.63, 4.254, 4.731, 5.596, 5.698, 5.595, 4.823, 4.428, 4.372, 4.571, 4.831, 4.26, 3.787, 3.464, 2.933, 2.689, 2.452, 2.229, 1.754, 1.531, 1.364, 1.634, 1.434, 0.881, 0.0, 1.204, 1.583, 1.955, 1.931, 1.753, 1.806, 2.286, 2.306, 1.798, 1.536, 2.013, 2.14, 2.005, 2.194, 2.248, 2.267, 2.587, 2.574, 2.348, 2.526, 3.15, 3.968, 5.376, 5.972, 5.627, 6.426, 4.97, 3.277, 2.077, 2.038, 2.224, 2.173, 3.33, 4.306, 4.568, 4.074, 3.423, 3.342, 3.436, 3.366, 3.64, 3.817, 3.779, 3.596, 3.845, 4.765, 5.189, 4.896, 4.61, 4.493, 4.413, 4.477, 4.551, 4.35, 3.564, 3.907, 4.427, 4.586, 4.81, 4.751, 4.616], [5.327, 4.923, 5.324, 6.153, 6.239, 6.107, 5.351, 4.98, 4.982, 5.254, 5.524, 4.901, 4.537, 3.995, 3.595, 3.321, 3.106, 2.815, 2.161, 1.566, 1.615, 2.008, 1.915, 1.574, 1.204, 0.0, 1.058, 2.101, 2.28, 1.77, 1.702, 2.697, 2.684, 2.312, 2.256, 2.599, 2.512, 2.399, 2.525, 2.515, 2.302, 2.163, 2.001, 2.06, 2.731, 3.618, 4.469, 5.969, 6.626, 6.223, 7.001, 5.549, 3.824, 2.557, 1.945, 2.003, 2.36, 3.865, 4.847, 5.165, 4.754, 4.049, 3.91, 4.048, 4.059, 4.284, 4.447, 4.388, 4.163, 4.468, 5.335, 5.747, 5.533, 5.284, 5.126, 5.019, 5.138, 5.189, 5.122, 4.321, 3.968, 4.583, 5.319, 5.586, 5.479, 5.464], [5.052, 4.748, 5.027, 5.628, 5.816, 5.48, 4.887, 4.54, 4.486, 4.858, 5.25, 4.655, 4.322, 3.807, 3.428, 2.973, 2.76, 2.542, 1.904, 1.638, 1.552, 2.029, 2.128, 1.849, 1.583, 1.058, 0.0, 1.645, 1.883, 1.357, 1.479, 2.434, 2.385, 2.196, 2.116, 2.292, 2.303, 2.186, 2.278, 2.278, 2.146, 2.234, 2.124, 1.849, 2.185, 3.047, 4.089, 5.575, 6.293, 5.718, 6.527, 5.106, 3.65, 2.457, 2.17, 2.259, 2.485, 3.675, 4.499, 4.818, 4.436, 3.79, 3.714, 3.84, 3.817, 3.982, 4.122, 4.072, 3.834, 4.206, 5.019, 5.417, 5.194, 4.985, 4.829, 4.722, 4.82, 4.864, 4.957, 4.163, 4.077, 4.688, 5.213, 5.45, 5.36, 5.369], [3.708, 3.33, 3.563, 4.17, 4.363, 4.137, 3.559, 3.347, 3.362, 3.641, 3.834, 3.21, 2.843, 2.398, 2.043, 1.84, 1.901, 1.633, 1.313, 1.841, 1.724, 1.761, 1.956, 1.92, 1.955, 2.101, 1.645, 0.0, 0.786, 1.073, 1.47, 1.653, 1.451, 1.262, 1.579, 1.484, 1.612, 1.862, 1.7, 1.513, 1.705, 2.066, 2.089, 1.726, 1.759, 1.912, 2.669, 4.141, 4.822, 4.349, 5.051, 3.588, 2.185, 1.767, 2.371, 2.519, 2.161, 2.465, 3.35, 3.611, 3.436, 3.154, 3.275, 3.478, 3.213, 3.201, 3.261, 3.284, 2.687, 2.848, 3.644, 4.126, 4.235, 4.183, 4.198, 4.169, 4.081, 3.886, 4.294, 3.7, 3.988, 4.562, 4.785, 4.986, 4.968, 4.776], [3.525, 3.176, 3.37, 4.158, 4.136, 4.048, 3.382, 3.131, 3.031, 3.238, 3.513, 2.962, 2.603, 2.205, 1.866, 1.481, 1.58, 1.358, 1.16, 1.706, 1.638, 1.743, 1.916, 1.955, 1.931, 2.28, 1.883, 0.786, 0.0, 0.872, 1.515, 1.639, 1.368, 1.3, 1.516, 1.416, 1.386, 1.583, 1.466, 1.341, 1.776, 2.228, 2.244, 1.779, 1.457, 1.804, 2.433, 3.884, 4.49, 4.026, 4.969, 3.566, 2.106, 1.635, 2.217, 2.376, 2.027, 2.447, 3.004, 3.408, 3.212, 2.939, 3.069, 3.254, 3.009, 2.985, 3.008, 3.061, 2.439, 2.528, 3.402, 3.908, 4.032, 3.952, 3.972, 3.985, 3.858, 3.686, 4.031, 3.457, 3.722, 4.275, 4.551, 4.752, 4.727, 4.549], [4.038, 3.73, 3.994, 4.87, 4.864, 4.723, 4.03, 3.653, 3.554, 3.765, 4.102, 3.506, 3.228, 2.733, 2.321, 1.904, 1.664, 1.514, 1.128, 1.361, 1.253, 1.568, 1.76, 1.785, 1.753, 1.77, 1.357, 1.073, 0.872, 0.0, 0.923, 1.485, 1.386, 1.478, 1.583, 1.724, 1.462, 1.619, 1.547, 1.51, 1.923, 2.174, 2.172, 1.786, 1.737, 2.37, 3.067, 4.565, 5.258, 4.841, 5.75, 4.36, 2.653, 1.745, 1.945, 2.146, 2.033, 2.735, 3.396, 3.752, 3.512, 2.992, 3.042, 3.268, 3.066, 3.12, 3.213, 3.224, 2.725, 3.038, 3.839, 4.281, 4.224, 4.099, 4.049, 3.984, 3.966, 3.949, 4.186, 3.493, 3.613, 4.214, 4.612, 4.814, 4.783, 4.663], [4.108, 3.852, 4.52, 5.412, 5.469, 5.332, 4.555, 4.118, 4.075, 4.225, 4.561, 3.932, 3.647, 3.086, 2.582, 2.416, 2.063, 1.75, 1.334, 1.277, 1.139, 1.354, 1.517, 1.637, 1.806, 1.702, 1.479, 1.47, 1.515, 0.923, 0.0, 1.224, 1.495, 1.585, 2.047, 2.363, 1.867, 1.799, 1.764, 1.908, 2.315, 2.469, 2.454, 2.161, 2.215, 2.928, 3.637, 5.136, 5.829, 5.451, 6.314, 4.906, 3.124, 1.92, 1.856, 2.117, 2.131, 3.132, 3.909, 3.803, 3.482, 3.023, 2.977, 3.227, 3.081, 3.147, 3.272, 3.269, 2.779, 3.294, 3.953, 4.318, 4.17, 4.063, 4.057, 3.974, 3.951, 3.957, 4.229, 3.501, 3.467, 4.069, 4.643, 4.842, 4.792, 4.738], [3.491, 3.554, 4.272, 5.115, 5.161, 5.092, 4.318, 3.874, 3.729, 3.698, 4.148, 3.482, 3.412, 2.778, 2.274, 2.295, 1.854, 1.499, 1.391, 1.815, 1.368, 1.136, 1.483, 1.92, 2.286, 2.697, 2.434, 1.653, 1.639, 1.485, 1.224, 0.0, 0.966, 1.632, 2.166, 2.473, 2.022, 2.068, 2.147, 2.316, 2.874, 3.331, 3.317, 3.015, 2.766, 2.94, 3.348, 4.816, 5.429, 5.009, 6.007, 4.621, 2.987, 2.22, 2.594, 2.739, 2.78, 3.22, 3.697, 3.044, 2.84, 2.64, 2.696, 2.878, 2.666, 2.706, 2.74, 2.711, 2.094, 2.636, 2.959, 3.422, 3.525, 3.483, 3.508, 3.478, 3.428, 3.289, 3.636, 3.094, 3.606, 4.095, 4.185, 4.386, 4.362, 4.306], [3.172, 2.968, 3.436, 4.329, 4.341, 4.3, 3.553, 3.15, 2.967, 3.088, 3.437, 2.81, 2.668, 2.072, 1.714, 1.742, 1.699, 1.276, 1.315, 1.902, 1.563, 1.452, 1.631, 1.818, 2.306, 2.684, 2.385, 1.451, 1.368, 1.386, 1.495, 0.966, 0.0, 1.069, 1.753, 2.048, 1.692, 1.921, 1.942, 2.072, 2.695, 3.142, 3.12, 2.84, 2.504, 2.369, 2.627, 4.045, 4.661, 4.233, 5.22, 3.826, 2.379, 2.041, 2.689, 2.961, 2.644, 2.651, 3.018, 2.868, 2.835, 2.773, 2.869, 3.04, 2.802, 2.8, 2.761, 2.701, 2.072, 2.423, 2.779, 3.253, 3.634, 3.586, 3.602, 3.61, 3.497, 3.28, 3.669, 3.507, 4.037, 4.457, 4.309, 4.509, 4.512, 4.384], [3.22, 2.766, 3.312, 4.195, 4.326, 4.253, 3.524, 3.222, 3.248, 3.413, 3.491, 2.757, 2.403, 1.884, 1.564, 1.568, 1.712, 1.362, 1.438, 1.691, 1.666, 1.585, 1.472, 1.263, 1.798, 2.312, 2.196, 1.262, 1.3, 1.478, 1.585, 1.632, 1.069, 0.0, 1.034, 1.31, 1.329, 1.741, 1.637, 1.611, 2.094, 2.541, 2.534, 2.408, 2.125, 2.062, 2.578, 3.985, 4.618, 4.204, 5.019, 3.537, 1.898, 1.464, 2.386, 2.623, 2.007, 2.121, 2.933, 3.116, 2.899, 2.698, 2.886, 3.061, 2.816, 2.729, 2.634, 2.693, 2.244, 2.445, 3.285, 3.702, 3.802, 3.646, 3.662, 3.703, 3.527, 3.325, 3.662, 3.529, 4.017, 4.445, 4.222, 4.425, 4.402, 4.163], [3.521, 3.003, 3.32, 4.155, 4.392, 4.442, 3.737, 3.448, 3.507, 3.589, 3.519, 2.874, 2.475, 2.164, 1.826, 1.521, 1.706, 1.543, 1.711, 1.851, 1.982, 2.05, 1.887, 1.235, 1.536, 2.256, 2.116, 1.579, 1.516, 1.583, 2.047, 2.166, 1.753, 1.034, 0.0, 0.934, 1.263, 1.508, 1.509, 1.475, 1.716, 2.246, 2.231, 1.939, 1.81, 2.147, 2.72, 3.939, 4.601, 4.159, 4.972, 3.526, 1.856, 1.182, 1.973, 2.249, 1.497, 2.096, 2.968, 3.383, 3.081, 2.568, 2.674, 2.811, 2.689, 2.823, 2.835, 2.866, 2.611, 2.627, 3.559, 4.081, 3.896, 3.73, 3.604, 3.593, 3.573, 3.445, 3.436, 3.086, 3.666, 4.076, 3.76, 3.949, 3.929, 3.7], [3.211, 2.764, 3.017, 3.682, 3.926, 4.109, 3.587, 3.404, 3.465, 3.615, 3.402, 2.746, 2.394, 2.047, 1.701, 1.485, 1.698, 1.554, 1.743, 2.029, 2.26, 2.385, 2.292, 1.697, 2.013, 2.599, 2.292, 1.484, 1.416, 1.724, 2.363, 2.473, 2.048, 1.31, 0.934, 0.0, 0.907, 1.265, 1.232, 1.129, 1.248, 1.797, 1.918, 1.726, 1.604, 1.847, 2.445, 3.633, 4.277, 3.781, 4.467, 3.052, 1.652, 1.096, 2.169, 2.333, 1.489, 1.753, 2.734, 3.144, 2.837, 2.501, 2.687, 2.852, 2.68, 2.667, 2.64, 2.647, 2.39, 2.452, 3.333, 3.824, 3.619, 3.478, 3.389, 3.372, 3.338, 3.132, 3.32, 3.027, 3.624, 4.054, 3.729, 3.907, 3.968, 3.713], [2.952, 2.585, 3.113, 4.005, 4.104, 4.36, 3.796, 3.549, 3.548, 3.619, 3.522, 2.781, 2.619, 2.005, 1.653, 1.46, 1.521, 1.173, 1.38, 1.799, 1.864, 1.99, 1.937, 1.751, 2.14, 2.512, 2.303, 1.612, 1.386, 1.462, 1.867, 2.022, 1.692, 1.329, 1.263, 0.907, 0.0, 0.762, 0.846, 0.784, 1.243, 1.76, 1.91, 1.762, 1.445, 1.958, 2.441, 3.769, 4.453, 4.035, 4.91, 3.526, 1.823, 0.962, 1.854, 2.024, 1.437, 1.732, 2.533, 2.774, 2.535, 2.115, 2.232, 2.371, 2.304, 2.358, 2.344, 2.4, 1.923, 2.087, 2.899, 3.389, 3.263, 3.17, 3.064, 3.008, 2.993, 2.884, 3.087, 2.598, 3.07, 3.546, 3.367, 3.573, 3.558, 3.462], [3.089, 2.796, 3.551, 4.488, 4.634, 4.833, 4.256, 3.928, 3.832, 3.865, 3.827, 3.13, 2.938, 2.44, 1.949, 1.795, 1.597, 1.283, 1.345, 1.682, 1.757, 2.039, 2.004, 1.813, 2.005, 2.399, 2.186, 1.862, 1.583, 1.619, 1.799, 2.068, 1.921, 1.741, 1.508, 1.265, 0.762, 0.0, 0.824, 0.983, 1.205, 1.588, 1.681, 1.486, 1.529, 2.315, 2.918, 4.231, 4.884, 4.451, 5.384, 3.984, 2.222, 0.979, 1.402, 1.65, 1.161, 2.121, 2.794, 2.962, 2.624, 2.169, 2.195, 2.3, 2.334, 2.45, 2.477, 2.496, 2.116, 2.362, 3.139, 3.588, 3.394, 3.257, 3.129, 3.036, 3.072, 2.928, 3.057, 2.357, 2.649, 3.114, 3.236, 3.459, 3.369, 3.434], [2.881, 2.578, 3.198, 4.16, 4.201, 4.504, 3.957, 3.67, 3.668, 3.642, 3.601, 2.973, 2.697, 2.234, 1.713, 1.553, 1.476, 1.448, 1.405, 1.792, 1.792, 2.082, 1.986, 1.87, 2.194, 2.525, 2.278, 1.7, 1.466, 1.547, 1.764, 2.147, 1.942, 1.637, 1.509, 1.232, 0.846, 0.824, 0.0, 0.623, 1.069, 1.522, 1.682, 1.498, 1.193, 1.903, 2.558, 3.894, 4.514, 4.156, 5.051, 3.694, 1.984, 0.864, 1.762, 1.908, 1.035, 1.778, 2.609, 2.744, 2.454, 2.049, 2.145, 2.29, 2.199, 2.288, 2.322, 2.356, 1.93, 2.097, 2.931, 3.345, 3.137, 3.022, 2.913, 2.826, 2.853, 2.767, 2.962, 2.362, 2.621, 3.053, 3.229, 3.468, 3.396, 3.348], [2.944, 2.611, 3.0, 3.93, 3.996, 4.368, 3.87, 3.684, 3.74, 3.823, 3.671, 2.964, 2.724, 2.16, 1.874, 1.614, 1.657, 1.575, 1.505, 1.84, 1.926, 2.267, 2.217, 2.009, 2.248, 2.515, 2.278, 1.513, 1.341, 1.51, 1.908, 2.316, 2.072, 1.611, 1.475, 1.129, 0.784, 0.983, 0.623, 0.0, 0.841, 1.421, 1.594, 1.424, 0.941, 1.616, 2.324, 3.613, 4.336, 3.945, 4.745, 3.382, 1.711, 0.966, 1.958, 2.064, 1.092, 1.556, 2.494, 2.807, 2.542, 2.185, 2.287, 2.454, 2.331, 2.428, 2.44, 2.47, 2.001, 2.077, 2.962, 3.443, 3.251, 3.184, 3.098, 3.023, 2.983, 2.887, 3.117, 2.442, 2.78, 3.296, 3.402, 3.614, 3.55, 3.461], [3.469, 3.052, 3.481, 4.074, 4.347, 4.69, 4.301, 4.186, 4.253, 4.372, 4.168, 3.514, 3.108, 2.685, 2.335, 2.124, 2.255, 2.071, 1.921, 2.105, 2.309, 2.833, 2.77, 2.291, 2.267, 2.302, 2.146, 1.705, 1.776, 1.923, 2.315, 2.874, 2.695, 2.094, 1.716, 1.248, 1.243, 1.205, 1.069, 0.841, 0.0, 0.811, 1.13, 1.063, 1.131, 1.876, 2.792, 3.996, 4.667, 4.187, 4.918, 3.497, 2.075, 1.261, 1.784, 1.963, 1.025, 2.003, 3.053, 3.356, 3.042, 2.489, 2.516, 2.655, 2.639, 2.839, 2.889, 2.878, 2.558, 2.691, 3.493, 3.99, 3.768, 3.552, 3.411, 3.311, 3.376, 3.332, 3.4, 2.667, 2.668, 3.242, 3.556, 3.852, 3.724, 3.718], [4.049, 3.64, 4.142, 4.659, 4.943, 5.187, 4.795, 4.681, 4.758, 4.929, 4.78, 4.11, 3.705, 3.245, 2.882, 2.726, 2.861, 2.616, 2.359, 2.261, 2.608, 3.259, 3.174, 2.692, 2.587, 2.163, 2.234, 2.066, 2.228, 2.174, 2.469, 3.331, 3.142, 2.541, 2.246, 1.797, 1.76, 1.588, 1.522, 1.421, 0.811, 0.0, 0.51, 0.836, 1.666, 2.387, 3.342, 4.659, 5.318, 4.816, 5.445, 4.045, 2.686, 1.846, 1.538, 1.794, 1.309, 2.63, 3.695, 3.946, 3.561, 2.972, 2.971, 3.076, 3.12, 3.349, 3.423, 3.354, 3.088, 3.265, 4.112, 4.532, 4.274, 4.039, 3.898, 3.793, 3.877, 3.924, 3.905, 3.127, 2.519, 3.172, 3.938, 4.253, 4.144, 4.169], [4.33, 3.882, 4.372, 4.975, 5.191, 5.401, 4.945, 4.79, 4.863, 5.032, 4.923, 4.231, 3.825, 3.336, 3.006, 2.869, 2.99, 2.726, 2.425, 2.286, 2.586, 3.234, 3.165, 2.693, 2.574, 2.001, 2.124, 2.089, 2.244, 2.172, 2.454, 3.317, 3.12, 2.534, 2.231, 1.918, 1.91, 1.681, 1.682, 1.594, 1.13, 0.51, 0.0, 0.839, 1.826, 2.604, 3.522, 4.945, 5.608, 5.131, 5.742, 4.29, 2.793, 1.986, 1.589, 1.702, 1.463, 2.874, 3.914, 4.208, 3.838, 3.243, 3.229, 3.332, 3.36, 3.582, 3.638, 3.587, 3.284, 3.524, 4.372, 4.802, 4.581, 4.36, 4.191, 4.097, 4.177, 4.217, 4.219, 3.384, 2.769, 3.41, 4.207, 4.529, 4.411, 4.45], [4.231, 3.882, 4.066, 4.686, 4.801, 4.845, 4.445, 4.308, 4.337, 4.558, 4.616, 4.019, 3.581, 3.228, 2.896, 2.489, 2.582, 2.542, 2.287, 2.306, 2.458, 2.917, 2.92, 2.523, 2.348, 2.06, 1.849, 1.726, 1.779, 1.786, 2.161, 3.015, 2.84, 2.408, 1.939, 1.726, 1.762, 1.486, 1.498, 1.424, 1.063, 0.836, 0.839, 0.0, 1.228, 2.091, 3.071, 4.542, 5.241, 4.778, 5.444, 4.035, 2.699, 1.951, 1.777, 1.985, 1.459, 2.719, 3.565, 3.977, 3.643, 2.971, 2.95, 3.065, 3.095, 3.334, 3.449, 3.422, 3.053, 3.295, 4.138, 4.577, 4.405, 4.185, 4.025, 3.933, 4.007, 4.038, 4.024, 3.199, 2.74, 3.262, 4.05, 4.374, 4.256, 4.34], [3.409, 3.126, 3.256, 3.945, 3.937, 4.15, 3.867, 3.748, 3.71, 3.932, 4.01, 3.421, 3.037, 2.693, 2.426, 1.949, 2.143, 2.322, 2.179, 2.472, 2.408, 2.651, 2.671, 2.512, 2.526, 2.731, 2.185, 1.759, 1.457, 1.737, 2.215, 2.766, 2.504, 2.125, 1.81, 1.604, 1.445, 1.529, 1.193, 0.941, 1.131, 1.666, 1.826, 1.228, 0.0, 1.209, 2.06, 3.567, 4.241, 3.773, 4.632, 3.273, 2.031, 1.65, 2.54, 2.623, 1.5, 1.943, 2.58, 3.082, 2.854, 2.268, 2.279, 2.505, 2.427, 2.586, 2.686, 2.717, 2.225, 2.328, 3.153, 3.671, 3.536, 3.388, 3.207, 3.127, 3.141, 3.166, 3.36, 2.854, 3.014, 3.456, 3.581, 3.799, 3.738, 3.738], [2.826, 2.563, 2.575, 3.028, 3.286, 3.486, 3.327, 3.365, 3.459, 3.683, 3.53, 2.892, 2.524, 2.247, 2.126, 1.859, 2.305, 2.411, 2.523, 3.1, 2.997, 2.782, 2.949, 2.919, 3.15, 3.618, 3.047, 1.912, 1.804, 2.37, 2.928, 2.94, 2.369, 2.062, 2.147, 1.847, 1.958, 2.315, 1.903, 1.616, 1.876, 2.387, 2.604, 2.091, 1.209, 0.0, 1.339, 2.776, 3.468, 2.984, 3.733, 2.408, 1.428, 2.226, 3.496, 3.555, 2.349, 1.495, 1.963, 2.475, 2.426, 2.187, 2.325, 2.581, 2.359, 2.348, 2.436, 2.389, 1.754, 1.738, 2.464, 3.029, 3.251, 3.057, 2.995, 3.002, 2.876, 2.743, 3.409, 3.471, 3.924, 4.127, 3.588, 3.723, 3.711, 3.516], [2.355, 2.093, 2.028, 2.693, 2.582, 2.932, 2.728, 2.843, 2.925, 2.953, 2.75, 2.464, 2.202, 1.856, 2.152, 2.156, 2.634, 2.833, 3.041, 3.764, 3.728, 3.51, 3.552, 3.534, 3.968, 4.469, 4.089, 2.669, 2.433, 3.067, 3.637, 3.348, 2.627, 2.578, 2.72, 2.445, 2.441, 2.918, 2.558, 2.324, 2.792, 3.342, 3.522, 3.071, 2.06, 1.339, 0.0, 1.803, 2.482, 2.165, 3.01, 1.701, 1.593, 2.886, 4.161, 4.221, 3.044, 1.622, 1.634, 1.98, 2.264, 2.435, 2.745, 2.995, 2.88, 2.456, 2.459, 2.496, 2.048, 1.526, 1.866, 2.6, 3.066, 3.064, 2.973, 3.044, 2.786, 2.679, 3.652, 4.083, 4.565, 4.762, 3.527, 3.5, 3.771, 3.458], [2.024, 1.805, 1.106, 1.315, 1.486, 2.163, 2.17, 2.465, 2.588, 2.678, 1.952, 1.949, 2.164, 2.508, 3.102, 3.145, 3.609, 3.854, 4.353, 5.058, 5.267, 5.069, 5.066, 4.987, 5.376, 5.969, 5.575, 4.141, 3.884, 4.565, 5.136, 4.816, 4.045, 3.985, 3.939, 3.633, 3.769, 4.231, 3.894, 3.613, 3.996, 4.659, 4.945, 4.542, 3.567, 2.776, 1.803, 0.0, 0.999, 0.959, 1.487, 1.731, 2.716, 3.942, 5.22, 5.466, 4.169, 2.496, 1.823, 2.456, 3.277, 3.88, 4.152, 4.417, 4.369, 3.838, 3.622, 3.858, 3.457, 2.603, 2.472, 3.048, 3.897, 4.174, 4.051, 4.1, 3.677, 3.494, 4.587, 5.137, 5.714, 5.906, 4.465, 4.22, 4.678, 4.314], [2.562, 2.404, 1.608, 1.353, 1.165, 1.778, 2.041, 2.305, 2.472, 2.479, 1.746, 2.183, 2.513, 2.986, 3.468, 3.548, 4.143, 4.527, 4.936, 5.684, 5.845, 5.637, 5.636, 5.58, 5.972, 6.626, 6.293, 4.822, 4.49, 5.258, 5.829, 5.429, 4.661, 4.618, 4.601, 4.277, 4.453, 4.884, 4.514, 4.336, 4.667, 5.318, 5.608, 5.241, 4.241, 3.468, 2.482, 0.999, 0.0, 1.032, 1.233, 2.169, 3.315, 4.521, 5.796, 6.011, 4.755, 2.952, 2.421, 3.077, 3.918, 4.503, 4.764, 5.011, 4.949, 4.434, 4.21, 4.412, 4.074, 3.081, 2.889, 3.421, 4.267, 4.567, 4.445, 4.505, 4.073, 3.95, 4.951, 5.535, 6.103, 6.346, 4.983, 4.678, 5.154, 4.76], [2.183, 2.102, 1.433, 1.381, 1.426, 1.837, 2.043, 2.377, 2.339, 2.441, 1.817, 1.925, 2.138, 2.51, 3.074, 3.188, 3.781, 4.087, 4.568, 5.247, 5.419, 5.23, 5.226, 5.156, 5.627, 6.223, 5.718, 4.349, 4.026, 4.841, 5.451, 5.009, 4.233, 4.204, 4.159, 3.781, 4.035, 4.451, 4.156, 3.945, 4.187, 4.816, 5.131, 4.778, 3.773, 2.984, 2.165, 0.959, 1.032, 0.0, 1.192, 1.62, 2.804, 4.074, 5.33, 5.593, 4.341, 2.678, 2.262, 2.83, 3.572, 4.183, 4.39, 4.628, 4.577, 4.042, 3.821, 4.128, 3.705, 2.718, 2.621, 3.192, 4.065, 4.372, 4.247, 4.331, 3.905, 3.762, 4.793, 5.222, 5.781, 6.041, 4.816, 4.43, 4.939, 4.545], [3.16, 2.932, 2.113, 1.429, 1.818, 2.064, 2.516, 2.881, 2.971, 3.059, 2.462, 2.759, 2.929, 3.437, 4.045, 4.217, 4.737, 5.101, 5.551, 6.217, 6.467, 6.264, 6.239, 6.028, 6.426, 7.001, 6.527, 5.051, 4.969, 5.75, 6.314, 6.007, 5.22, 5.019, 4.972, 4.467, 4.91, 5.384, 5.051, 4.745, 4.918, 5.445, 5.742, 5.444, 4.632, 3.733, 3.01, 1.487, 1.233, 1.192, 0.0, 1.824, 3.406, 4.952, 6.376, 6.577, 5.219, 3.477, 3.053, 3.73, 4.557, 5.142, 5.359, 5.63, 5.567, 5.083, 4.863, 5.099, 4.718, 3.681, 3.577, 4.091, 4.971, 5.277, 5.153, 5.225, 4.797, 4.64, 5.583, 6.157, 6.806, 7.058, 5.724, 5.335, 5.835, 5.472], [2.549, 2.185, 2.041, 1.884, 2.269, 2.646, 2.673, 2.99, 3.072, 3.238, 2.756, 2.484, 2.227, 2.113, 2.847, 3.022, 3.504, 3.706, 4.154, 4.823, 5.033, 4.83, 4.815, 4.567, 4.97, 5.549, 5.106, 3.588, 3.566, 4.36, 4.906, 4.621, 3.826, 3.537, 3.526, 3.052, 3.526, 3.984, 3.694, 3.382, 3.497, 4.045, 4.29, 4.035, 3.273, 2.408, 1.701, 1.731, 2.169, 1.62, 1.824, 0.0, 1.882, 3.572, 4.977, 5.171, 3.822, 2.448, 2.307, 2.752, 3.185, 3.73, 4.026, 4.287, 4.246, 3.735, 3.561, 3.738, 3.274, 2.517, 2.579, 3.24, 3.903, 4.21, 4.111, 4.157, 3.768, 3.532, 4.589, 5.116, 5.696, 5.965, 4.591, 4.421, 4.812, 4.461], [2.432, 1.862, 2.043, 2.719, 3.14, 3.711, 3.321, 3.376, 3.455, 3.574, 3.147, 2.344, 1.916, 1.691, 1.593, 1.734, 2.205, 2.087, 2.408, 2.958, 3.195, 3.024, 3.039, 2.768, 3.277, 3.824, 3.65, 2.185, 2.106, 2.653, 3.124, 2.987, 2.379, 1.898, 1.856, 1.652, 1.823, 2.222, 1.984, 1.711, 2.075, 2.686, 2.793, 2.699, 2.031, 1.428, 1.593, 2.716, 3.315, 2.804, 3.406, 1.882, 0.0, 1.817, 3.215, 3.35, 2.114, 1.211, 1.905, 2.364, 2.343, 2.373, 2.574, 2.753, 2.675, 2.448, 2.411, 2.502, 1.916, 1.651, 2.37, 2.889, 3.072, 3.057, 3.076, 3.217, 2.981, 2.769, 3.487, 3.615, 4.213, 4.506, 3.562, 3.613, 3.698, 3.436], [3.064, 2.562, 3.157, 4.032, 4.342, 4.512, 3.863, 3.628, 3.664, 3.672, 3.458, 2.725, 2.478, 2.047, 1.508, 1.533, 1.417, 1.214, 1.388, 1.639, 1.902, 2.145, 2.048, 1.708, 2.077, 2.557, 2.457, 1.767, 1.635, 1.745, 1.92, 2.22, 2.041, 1.464, 1.182, 1.096, 0.962, 0.979, 0.864, 0.966, 1.261, 1.846, 1.986, 1.951, 1.65, 2.226, 2.886, 3.942, 4.521, 4.074, 4.952, 3.572, 1.817, 0.0, 1.508, 1.8, 0.983, 1.848, 2.825, 2.984, 2.746, 2.323, 2.405, 2.592, 2.497, 2.588, 2.587, 2.672, 2.252, 2.306, 3.154, 3.625, 3.439, 3.326, 3.235, 3.167, 3.161, 2.981, 3.171, 2.568, 3.037, 3.459, 3.493, 3.639, 3.569, 3.47], [3.896, 3.635, 4.464, 5.44, 5.648, 5.808, 5.025, 4.653, 4.544, 4.621, 4.569, 3.923, 3.735, 3.208, 2.491, 2.496, 2.275, 1.808, 1.619, 1.389, 1.901, 2.471, 2.41, 2.129, 2.038, 1.945, 2.17, 2.371, 2.217, 1.945, 1.856, 2.594, 2.689, 2.386, 1.973, 2.169, 1.854, 1.402, 1.762, 1.958, 1.784, 1.538, 1.589, 1.777, 2.54, 3.496, 4.161, 5.22, 5.796, 5.33, 6.376, 4.977, 3.215, 1.508, 0.0, 0.879, 1.372, 3.101, 4.014, 3.982, 3.495, 2.929, 2.931, 3.012, 3.076, 3.293, 3.392, 3.384, 3.178, 3.312, 4.153, 4.565, 4.214, 4.027, 3.907, 3.81, 3.893, 3.852, 3.71, 2.855, 2.437, 3.025, 3.726, 4.014, 3.867, 3.89], [3.893, 3.8, 4.736, 5.7, 5.884, 5.969, 5.262, 4.957, 4.86, 4.876, 4.849, 4.112, 3.872, 3.41, 2.77, 2.776, 2.628, 2.198, 1.864, 1.558, 2.12, 2.622, 2.614, 2.37, 2.224, 2.003, 2.259, 2.519, 2.376, 2.146, 2.117, 2.739, 2.961, 2.623, 2.249, 2.333, 2.024, 1.65, 1.908, 2.064, 1.963, 1.794, 1.702, 1.985, 2.623, 3.555, 4.221, 5.466, 6.011, 5.593, 6.577, 5.171, 3.35, 1.8, 0.879, 0.0, 1.52, 3.295, 4.195, 3.988, 3.245, 2.698, 2.706, 2.669, 2.716, 3.033, 3.187, 3.081, 2.984, 3.429, 4.185, 4.51, 4.086, 3.788, 3.761, 3.667, 3.776, 3.822, 3.433, 2.619, 2.322, 2.932, 3.621, 3.869, 3.737, 3.676], [3.251, 2.817, 3.517, 4.437, 4.673, 4.998, 4.535, 4.352, 4.418, 4.357, 3.954, 3.18, 2.861, 2.571, 2.073, 2.165, 2.175, 1.927, 1.908, 1.809, 2.246, 2.713, 2.585, 2.059, 2.173, 2.36, 2.485, 2.161, 2.027, 2.033, 2.131, 2.78, 2.644, 2.007, 1.497, 1.489, 1.437, 1.161, 1.035, 1.092, 1.025, 1.309, 1.463, 1.459, 1.5, 2.349, 3.044, 4.169, 4.755, 4.341, 5.219, 3.822, 2.114, 0.983, 1.372, 1.52, 0.0, 1.983, 3.071, 3.194, 2.818, 2.258, 2.239, 2.355, 2.375, 2.638, 2.723, 2.676, 2.382, 2.536, 3.391, 3.839, 3.575, 3.385, 3.25, 3.166, 3.229, 3.124, 3.057, 2.327, 2.408, 2.834, 3.228, 3.467, 3.331, 3.306], [2.025, 1.784, 1.969, 2.897, 3.142, 3.795, 3.51, 3.58, 3.668, 3.684, 3.097, 2.444, 2.201, 1.841, 1.482, 1.541, 2.104, 2.102, 2.432, 2.982, 3.165, 3.149, 3.0, 2.809, 3.33, 3.865, 3.675, 2.465, 2.447, 2.735, 3.132, 3.22, 2.651, 2.121, 2.096, 1.753, 1.732, 2.121, 1.778, 1.556, 2.003, 2.63, 2.874, 2.719, 1.943, 1.495, 1.622, 2.496, 2.952, 2.678, 3.477, 2.448, 1.211, 1.848, 3.101, 3.295, 1.983, 0.0, 1.511, 1.866, 1.9, 1.919, 2.049, 2.269, 2.216, 2.007, 2.014, 2.182, 1.674, 1.279, 1.89, 2.331, 2.283, 2.252, 2.137, 2.204, 2.016, 2.006, 2.728, 2.846, 3.393, 3.721, 2.814, 2.693, 2.871, 2.556], [1.778, 1.492, 1.54, 2.621, 2.841, 3.461, 3.408, 3.543, 3.451, 3.377, 3.049, 2.441, 2.284, 1.987, 2.3, 2.247, 2.603, 2.66, 3.116, 3.739, 3.762, 3.64, 3.667, 3.758, 4.306, 4.847, 4.499, 3.35, 3.004, 3.396, 3.909, 3.697, 3.018, 2.933, 2.968, 2.734, 2.533, 2.794, 2.609, 2.494, 3.053, 3.695, 3.914, 3.565, 2.58, 1.963, 1.634, 1.823, 2.421, 2.262, 3.053, 2.307, 1.905, 2.825, 4.014, 4.195, 3.071, 1.511, 0.0, 1.222, 1.815, 2.307, 2.577, 2.847, 2.803, 2.237, 2.059, 2.305, 2.01, 1.689, 1.643, 2.081, 2.469, 2.677, 2.552, 2.624, 2.217, 2.16, 3.122, 3.644, 4.231, 4.434, 3.112, 2.765, 3.28, 2.92], [1.4, 1.51, 2.151, 3.241, 3.388, 4.06, 3.818, 3.854, 3.745, 3.502, 3.366, 2.687, 2.52, 2.215, 2.348, 2.715, 2.897, 2.697, 3.18, 3.85, 3.678, 3.463, 3.576, 3.917, 4.568, 5.165, 4.818, 3.611, 3.408, 3.752, 3.803, 3.044, 2.868, 3.116, 3.383, 3.144, 2.774, 2.962, 2.744, 2.807, 3.356, 3.946, 4.208, 3.977, 3.082, 2.475, 1.98, 2.456, 3.077, 2.83, 3.73, 2.752, 2.364, 2.984, 3.982, 3.988, 3.194, 1.866, 1.222, 0.0, 1.039, 1.705, 1.871, 2.103, 2.071, 1.592, 1.407, 1.633, 1.314, 1.584, 0.951, 1.357, 1.807, 1.977, 1.883, 1.915, 1.487, 1.416, 2.464, 2.994, 3.583, 3.815, 2.516, 2.258, 2.735, 2.424], [1.683, 1.965, 2.832, 3.865, 3.986, 4.545, 4.227, 4.141, 4.04, 3.828, 3.803, 3.082, 2.892, 2.513, 2.436, 2.667, 2.836, 2.587, 2.986, 3.378, 3.241, 3.204, 3.247, 3.477, 4.074, 4.754, 4.436, 3.436, 3.212, 3.512, 3.482, 2.84, 2.835, 2.899, 3.081, 2.837, 2.535, 2.624, 2.454, 2.542, 3.042, 3.561, 3.838, 3.643, 2.854, 2.426, 2.264, 3.277, 3.918, 3.572, 4.557, 3.185, 2.343, 2.746, 3.495, 3.245, 2.818, 1.9, 1.815, 1.039, 0.0, 0.909, 1.123, 1.254, 1.172, 0.78, 0.816, 0.836, 0.926, 1.602, 1.378, 1.619, 1.484, 1.435, 1.388, 1.326, 1.111, 1.139, 1.762, 2.213, 2.818, 3.107, 1.958, 1.877, 2.189, 1.907], [2.248, 2.484, 3.435, 4.451, 4.506, 4.899, 4.561, 4.413, 4.313, 4.12, 4.242, 3.517, 3.233, 2.853, 2.461, 2.469, 2.745, 2.481, 2.764, 3.016, 2.771, 2.835, 2.864, 2.891, 3.423, 4.049, 3.79, 3.154, 2.939, 2.992, 3.023, 2.64, 2.773, 2.698, 2.568, 2.501, 2.115, 2.169, 2.049, 2.185, 2.489, 2.972, 3.243, 2.971, 2.268, 2.187, 2.435, 3.88, 4.503, 4.183, 5.142, 3.73, 2.373, 2.323, 2.929, 2.698, 2.258, 1.919, 2.307, 1.705, 0.909, 0.0, 0.618, 0.884, 0.769, 0.7, 0.961, 0.852, 0.934, 1.735, 1.911, 2.031, 1.656, 1.433, 1.351, 1.311, 1.369, 1.443, 1.74, 1.866, 2.375, 2.653, 1.77, 1.92, 1.947, 1.785], [2.432, 2.707, 3.606, 4.636, 4.737, 5.074, 4.806, 4.689, 4.567, 4.432, 4.582, 3.861, 3.575, 3.195, 2.779, 2.763, 2.966, 2.705, 2.959, 3.169, 2.866, 2.951, 3.043, 2.998, 3.342, 3.91, 3.714, 3.275, 3.069, 3.042, 2.977, 2.696, 2.869, 2.886, 2.674, 2.687, 2.232, 2.195, 2.145, 2.287, 2.516, 2.971, 3.229, 2.95, 2.279, 2.325, 2.745, 4.152, 4.764, 4.39, 5.359, 4.026, 2.574, 2.405, 2.931, 2.706, 2.239, 2.049, 2.577, 1.871, 1.123, 0.618, 0.0, 0.503, 0.623, 0.799, 1.101, 0.966, 1.089, 1.988, 2.11, 2.132, 1.832, 1.515, 1.341, 1.242, 1.406, 1.671, 1.842, 1.805, 2.248, 2.529, 1.862, 1.888, 1.976, 1.886], [2.625, 2.941, 3.835, 4.86, 4.955, 5.227, 4.941, 4.872, 4.724, 4.601, 4.695, 3.987, 3.708, 3.326, 2.96, 2.955, 3.127, 2.868, 3.15, 3.366, 3.081, 3.172, 3.226, 3.153, 3.436, 4.048, 3.84, 3.478, 3.254, 3.268, 3.227, 2.878, 3.04, 3.061, 2.811, 2.852, 2.371, 2.3, 2.29, 2.454, 2.655, 3.076, 3.332, 3.065, 2.505, 2.581, 2.995, 4.417, 5.011, 4.628, 5.63, 4.287, 2.753, 2.592, 3.012, 2.669, 2.355, 2.269, 2.847, 2.103, 1.254, 0.884, 0.503, 0.0, 0.499, 0.953, 1.205, 1.072, 1.299, 2.233, 2.268, 2.27, 1.816, 1.433, 1.331, 1.28, 1.49, 1.792, 1.697, 1.566, 2.011, 2.261, 1.627, 1.726, 1.738, 1.736], [2.589, 2.908, 3.786, 4.798, 4.912, 5.163, 4.844, 4.709, 4.569, 4.438, 4.576, 3.85, 3.571, 3.202, 2.755, 2.775, 2.919, 2.648, 2.922, 3.184, 2.927, 2.924, 2.986, 2.985, 3.366, 4.059, 3.817, 3.213, 3.009, 3.066, 3.081, 2.666, 2.802, 2.816, 2.689, 2.68, 2.304, 2.334, 2.199, 2.331, 2.639, 3.12, 3.36, 3.095, 2.427, 2.359, 2.88, 4.369, 4.949, 4.577, 5.567, 4.246, 2.675, 2.497, 3.076, 2.716, 2.375, 2.216, 2.803, 2.071, 1.172, 0.769, 0.623, 0.499, 0.0, 0.754, 0.99, 0.813, 1.081, 2.083, 2.206, 2.243, 1.785, 1.441, 1.346, 1.334, 1.489, 1.687, 1.561, 1.564, 2.055, 2.366, 1.76, 1.893, 1.91, 1.816], [2.189, 2.416, 3.228, 4.296, 4.441, 4.808, 4.466, 4.349, 4.238, 4.08, 4.243, 3.517, 3.223, 2.828, 2.552, 2.639, 2.891, 2.583, 2.9, 3.178, 2.909, 2.933, 2.924, 3.137, 3.64, 4.284, 3.982, 3.201, 2.985, 3.12, 3.147, 2.706, 2.8, 2.729, 2.823, 2.667, 2.358, 2.45, 2.288, 2.428, 2.839, 3.349, 3.582, 3.334, 2.586, 2.348, 2.456, 3.838, 4.434, 4.042, 5.083, 3.735, 2.448, 2.588, 3.293, 3.033, 2.638, 2.007, 2.237, 1.592, 0.78, 0.7, 0.799, 0.953, 0.754, 0.0, 0.613, 0.616, 0.918, 1.873, 1.865, 1.976, 1.61, 1.437, 1.302, 1.227, 1.218, 1.435, 1.883, 2.145, 2.601, 2.929, 1.933, 1.828, 2.111, 1.838], [1.951, 2.165, 3.008, 4.084, 4.18, 4.641, 4.261, 4.124, 3.987, 3.804, 3.949, 3.222, 2.945, 2.546, 2.418, 2.536, 2.73, 2.43, 2.872, 3.191, 2.981, 2.98, 2.948, 3.199, 3.817, 4.447, 4.122, 3.261, 3.008, 3.213, 3.272, 2.74, 2.761, 2.634, 2.835, 2.64, 2.344, 2.477, 2.322, 2.44, 2.889, 3.423, 3.638, 3.449, 2.686, 2.436, 2.459, 3.622, 4.21, 3.821, 4.863, 3.561, 2.411, 2.587, 3.392, 3.187, 2.723, 2.014, 2.059, 1.407, 0.816, 0.961, 1.101, 1.205, 0.99, 0.613, 0.0, 0.63, 0.975, 1.773, 1.689, 1.797, 1.654, 1.579, 1.454, 1.405, 1.258, 1.285, 1.839, 2.255, 2.678, 3.016, 2.043, 1.972, 2.257, 1.947], [2.196, 2.401, 3.304, 4.343, 4.458, 4.903, 4.545, 4.404, 4.329, 4.153, 4.246, 3.513, 3.284, 2.875, 2.57, 2.7, 2.851, 2.575, 2.946, 3.251, 2.985, 2.955, 3.014, 3.199, 3.779, 4.388, 4.072, 3.284, 3.061, 3.224, 3.269, 2.711, 2.701, 2.693, 2.866, 2.647, 2.4