[[0.0, 0.815, 0.903, 1.606, 2.77, 3.005, 2.961, 3.359, 4.767, 8.034, 9.405, 9.135, 9.032, 8.694, 8.749, 8.277, 8.158, 8.421, 8.461, 9.045, 10.061, 9.855, 9.142, 8.54, 8.799, 8.448, 8.725, 10.246, 10.323, 10.335, 11.249, 9.657, 6.835, 6.4, 6.33, 6.533, 6.388, 6.494, 6.56, 7.109, 7.287, 7.176, 7.698, 7.024, 6.654, 6.8, 6.63, 6.186, 5.952, 6.618, 5.962, 4.868, 5.298, 5.272, 4.853, 4.86, 4.463, 4.001, 3.9, 3.869, 3.723, 2.925, 2.665, 2.622, 2.531, 2.287, 2.928, 3.038, 3.439, 3.774, 3.986, 3.926, 3.825, 3.884, 3.802, 3.63, 3.321, 3.115, 3.129, 3.356, 3.671, 3.331, 3.616, 3.687, 4.681, 5.474], [0.815, 0.0, 0.712, 1.378, 2.819, 3.019, 3.028, 3.402, 4.767, 7.859, 9.385, 9.166, 9.009, 8.543, 8.494, 8.229, 8.185, 8.348, 8.273, 8.904, 10.111, 9.906, 9.252, 8.481, 8.666, 8.387, 8.772, 10.114, 10.233, 10.192, 11.171, 9.408, 6.643, 6.317, 6.324, 6.429, 6.321, 6.374, 6.407, 6.919, 7.338, 7.223, 7.693, 7.053, 6.615, 6.699, 6.547, 6.251, 5.897, 6.498, 5.95, 4.693, 5.212, 5.153, 4.75, 4.77, 4.404, 3.938, 3.851, 3.805, 3.676, 2.918, 2.701, 2.766, 2.681, 2.363, 2.789, 2.9, 3.341, 3.559, 3.709, 3.738, 3.662, 3.704, 3.599, 3.486, 3.133, 2.973, 3.082, 3.399, 3.687, 3.227, 3.567, 3.624, 4.66, 5.407], [0.903, 0.712, 0.0, 1.011, 2.507, 2.71, 2.791, 3.132, 4.466, 7.575, 9.013, 8.822, 8.696, 8.232, 8.241, 7.847, 7.814, 7.959, 7.913, 8.496, 9.663, 9.467, 8.847, 8.123, 8.355, 8.071, 8.393, 9.712, 9.808, 9.806, 10.806, 9.182, 6.507, 6.194, 6.112, 6.227, 6.077, 6.173, 6.221, 6.715, 6.868, 6.742, 7.279, 6.615, 6.186, 6.321, 6.19, 5.802, 5.5, 6.302, 5.799, 4.527, 5.045, 4.956, 4.535, 4.564, 4.162, 3.768, 3.643, 3.573, 3.449, 2.818, 2.719, 2.831, 2.844, 2.318, 2.66, 2.606, 2.977, 3.274, 3.482, 3.493, 3.386, 3.389, 3.335, 3.183, 2.967, 2.752, 2.779, 3.022, 3.328, 2.902, 3.29, 3.356, 4.353, 5.071], [1.606, 1.378, 1.011, 0.0, 1.741, 2.217, 2.773, 3.026, 4.066, 6.986, 8.543, 8.314, 8.158, 7.635, 7.646, 7.246, 7.176, 7.256, 7.203, 7.828, 9.132, 8.928, 8.311, 7.561, 7.833, 7.67, 7.906, 8.96, 9.184, 8.926, 9.863, 8.451, 6.201, 5.94, 5.985, 6.111, 5.975, 6.008, 5.988, 6.327, 6.388, 6.208, 6.782, 6.073, 5.812, 5.958, 5.864, 5.474, 5.082, 6.133, 5.68, 4.383, 4.856, 4.794, 4.489, 4.397, 4.047, 3.69, 3.531, 3.498, 3.358, 2.84, 2.685, 2.933, 3.03, 2.506, 2.472, 2.33, 2.526, 2.601, 2.907, 2.955, 2.865, 2.669, 2.846, 2.903, 2.705, 2.382, 2.406, 2.556, 2.856, 2.447, 2.705, 2.712, 3.823, 4.505], [2.77, 2.819, 2.507, 1.741, 0.0, 1.536, 2.409, 2.552, 3.502, 6.208, 7.548, 7.316, 7.275, 6.992, 7.021, 6.605, 6.326, 6.375, 6.602, 7.406, 8.266, 8.074, 7.526, 6.786, 7.226, 7.003, 7.082, 7.945, 8.17, 7.984, 8.702, 7.692, 6.013, 5.795, 5.838, 6.011, 5.813, 5.834, 5.79, 6.139, 5.738, 5.252, 5.788, 5.724, 5.643, 5.788, 5.696, 5.216, 4.902, 5.99, 5.416, 4.185, 4.7, 4.649, 4.327, 4.303, 3.97, 3.69, 3.525, 3.432, 3.29, 3.043, 2.946, 3.52, 3.85, 2.752, 2.527, 2.11, 2.216, 2.39, 2.59, 2.752, 2.533, 2.581, 2.77, 2.825, 2.84, 2.424, 2.278, 2.153, 2.234, 2.179, 2.1, 2.043, 2.754, 3.458], [3.005, 3.019, 2.71, 2.217, 1.536, 0.0, 1.42, 1.699, 2.577, 5.455, 7.1, 6.877, 6.568, 6.201, 6.396, 6.112, 5.912, 6.173, 6.191, 6.962, 7.888, 7.704, 6.968, 6.131, 6.261, 5.971, 6.392, 8.031, 8.186, 8.174, 8.949, 7.172, 5.004, 4.865, 4.978, 5.188, 4.977, 5.121, 5.063, 5.355, 5.348, 5.311, 5.635, 5.01, 4.651, 4.836, 4.928, 4.531, 4.029, 5.097, 4.452, 3.334, 3.771, 3.792, 3.514, 3.467, 3.149, 2.859, 2.717, 2.626, 2.536, 2.566, 2.762, 3.476, 3.758, 2.504, 2.076, 1.645, 1.704, 2.416, 2.524, 2.559, 2.631, 2.715, 2.445, 2.658, 2.551, 2.285, 2.051, 2.144, 2.141, 2.0, 2.219, 2.32, 2.488, 3.023], [2.961, 3.028, 2.791, 2.773, 2.409, 1.42, 0.0, 0.84, 2.432, 5.956, 7.593, 7.37, 7.181, 6.875, 6.934, 6.671, 6.485, 6.809, 6.788, 7.456, 8.385, 8.197, 7.464, 6.748, 6.745, 6.298, 6.893, 8.675, 8.757, 8.788, 9.682, 7.738, 4.895, 4.424, 4.122, 4.269, 4.232, 4.437, 4.483, 5.118, 5.534, 5.598, 6.135, 5.463, 4.908, 5.012, 4.991, 4.612, 4.118, 4.627, 3.875, 2.877, 3.408, 3.404, 2.953, 2.998, 2.541, 2.148, 1.94, 1.872, 1.697, 1.702, 2.07, 2.842, 3.138, 1.831, 1.912, 1.992, 2.361, 3.216, 3.411, 3.288, 3.39, 3.594, 3.166, 3.239, 2.902, 2.79, 2.58, 2.838, 2.888, 2.8, 3.099, 3.311, 3.234, 3.683], [3.359, 3.402, 3.132, 3.026, 2.552, 1.699, 0.84, 0.0, 1.813, 5.382, 6.986, 6.761, 6.491, 6.162, 6.23, 5.978, 5.81, 6.105, 6.08, 6.778, 7.784, 7.57, 6.859, 6.063, 6.167, 5.792, 6.287, 7.957, 8.072, 8.095, 8.968, 7.048, 4.445, 4.028, 3.737, 3.796, 3.772, 3.901, 3.936, 4.55, 4.937, 4.975, 5.5, 4.827, 4.316, 4.441, 4.39, 3.996, 3.534, 4.205, 3.49, 2.487, 3.006, 2.981, 2.529, 2.583, 2.145, 1.969, 1.823, 1.545, 1.692, 2.311, 2.695, 3.488, 3.785, 2.398, 2.291, 2.293, 2.404, 3.112, 3.288, 3.277, 3.506, 3.721, 3.311, 3.393, 3.225, 2.916, 2.818, 2.96, 2.945, 2.907, 3.14, 3.322, 3.217, 3.032], [4.767, 4.767, 4.466, 4.066, 3.502, 2.577, 2.432, 1.813, 0.0, 3.601, 5.279, 5.069, 4.835, 4.495, 4.637, 4.338, 4.088, 4.393, 4.417, 5.2, 6.11, 5.933, 5.237, 4.408, 4.466, 4.157, 4.638, 6.358, 6.507, 6.498, 7.308, 5.491, 2.965, 2.626, 2.589, 2.853, 2.614, 2.723, 2.835, 3.125, 3.296, 3.419, 3.875, 3.223, 2.774, 2.976, 2.934, 2.531, 2.177, 2.774, 2.458, 2.205, 2.332, 2.201, 2.176, 2.134, 2.13, 2.518, 2.473, 2.104, 2.903, 3.917, 4.353, 5.147, 5.444, 4.021, 3.177, 3.056, 3.026, 3.075, 3.138, 3.302, 3.507, 3.628, 3.355, 3.576, 3.492, 3.153, 3.132, 3.069, 3.006, 2.977, 3.292, 3.391, 3.066, 2.22], [8.034, 7.859, 7.575, 6.986, 6.208, 5.455, 5.956, 5.382, 3.601, 0.0, 1.888, 1.765, 1.92, 1.927, 1.99, 1.791, 1.564, 1.663, 1.643, 2.271, 2.782, 2.641, 2.276, 1.426, 1.503, 1.569, 1.719, 3.035, 3.178, 3.17, 3.996, 2.481, 2.308, 3.042, 3.398, 3.45, 3.409, 3.418, 3.409, 2.758, 2.695, 2.857, 2.196, 2.066, 1.97, 1.93, 2.317, 2.712, 2.961, 3.14, 3.961, 4.77, 4.694, 4.33, 4.592, 4.631, 4.963, 5.463, 5.408, 5.141, 5.96, 7.01, 7.41, 8.296, 8.562, 7.183, 5.888, 5.386, 4.814, 4.644, 4.479, 4.359, 4.523, 4.62, 4.495, 4.75, 5.127, 5.187, 5.095, 4.902, 4.615, 4.883, 5.213, 4.982, 4.096, 2.911], [9.405, 9.385, 9.013, 8.543, 7.548, 7.1, 7.593, 6.986, 5.279, 1.888, 0.0, 0.616, 1.253, 1.594, 1.762, 1.674, 1.599, 1.765, 1.889, 1.681, 1.246, 1.421, 1.411, 1.383, 1.414, 1.64, 1.282, 1.76, 1.712, 1.662, 2.501, 1.728, 3.524, 4.307, 4.615, 4.488, 4.342, 4.35, 4.428, 3.724, 3.12, 3.264, 2.47, 2.802, 3.249, 3.317, 3.36, 3.814, 4.162, 4.41, 5.525, 6.416, 6.322, 5.954, 6.192, 6.258, 6.614, 7.093, 7.02, 6.74, 7.569, 8.652, 9.197, 10.062, 10.337, 8.861, 7.612, 6.949, 6.3, 6.107, 6.138, 5.984, 5.973, 6.148, 6.09, 6.236, 6.65, 6.75, 6.628, 6.286, 5.919, 6.36, 6.686, 6.473, 5.267, 4.347], [9.135, 9.166, 8.822, 8.314, 7.316, 6.877, 7.37, 6.761, 5.069, 1.765, 0.616, 0.0, 0.902, 1.434, 1.632, 1.52, 1.435, 1.676, 1.836, 1.604, 1.304, 1.399, 1.267, 1.331, 1.42, 1.592, 1.139, 1.723, 1.756, 1.78, 2.517, 1.597, 3.435, 4.246, 4.518, 4.527, 4.392, 4.353, 4.426, 3.733, 3.215, 3.357, 2.512, 2.705, 3.101, 3.206, 3.256, 3.62, 4.072, 4.38, 5.409, 6.311, 6.24, 5.872, 6.11, 6.161, 6.521, 7.021, 6.934, 6.654, 7.495, 8.549, 9.057, 9.88, 10.14, 8.697, 7.487, 6.858, 6.164, 5.89, 5.913, 5.797, 5.809, 5.949, 5.883, 6.078, 6.504, 6.495, 6.42, 6.017, 5.758, 6.151, 6.381, 6.197, 5.193, 4.105], [9.032, 9.009, 8.696, 8.158, 7.275, 6.568, 7.181, 6.491, 4.835, 1.92, 1.253, 0.902, 0.0, 0.936, 1.09, 1.312, 1.461, 1.599, 1.64, 1.472, 1.809, 1.665, 1.193, 1.222, 1.2, 1.322, 1.069, 1.94, 2.142, 2.119, 2.696, 1.374, 3.405, 4.235, 4.5, 4.356, 4.257, 4.219, 4.255, 3.485, 3.27, 3.458, 2.549, 2.493, 3.089, 3.122, 3.127, 3.623, 4.04, 4.306, 5.357, 6.257, 6.196, 5.828, 6.078, 6.132, 6.482, 6.964, 6.892, 6.625, 7.463, 8.5, 8.906, 9.703, 9.982, 8.616, 7.404, 6.789, 6.122, 5.771, 5.701, 5.72, 5.846, 6.009, 5.816, 5.936, 6.452, 6.349, 6.339, 5.943, 5.853, 6.11, 6.254, 6.054, 5.214, 4.077], [8.694, 8.543, 8.232, 7.635, 6.992, 6.201, 6.875, 6.162, 4.495, 1.927, 1.594, 1.434, 0.936, 0.0, 0.591, 0.872, 1.142, 1.215, 1.218, 1.441, 2.142, 1.937, 1.203, 1.051, 1.032, 1.063, 1.061, 2.226, 2.37, 2.329, 3.009, 1.506, 2.956, 3.782, 4.047, 3.817, 3.738, 3.738, 3.682, 2.851, 2.822, 3.127, 2.204, 2.052, 2.644, 2.676, 2.704, 3.229, 3.613, 3.813, 4.98, 5.827, 5.773, 5.406, 5.657, 5.706, 6.046, 6.527, 6.455, 6.191, 7.034, 8.064, 8.451, 9.248, 9.543, 8.209, 6.929, 6.472, 5.935, 5.547, 5.37, 5.608, 5.77, 5.767, 5.678, 5.808, 6.15, 6.011, 6.14, 5.918, 5.837, 5.881, 6.08, 5.971, 5.331, 4.102], [8.749, 8.494, 8.241, 7.646, 7.021, 6.396, 6.934, 6.23, 4.637, 1.99, 1.762, 1.632, 1.09, 0.591, 0.0, 0.952, 1.385, 1.339, 1.223, 1.427, 2.275, 2.011, 1.274, 1.096, 1.087, 1.112, 1.137, 2.1, 2.338, 2.292, 2.963, 1.456, 3.06, 3.899, 4.151, 3.944, 3.877, 3.872, 3.808, 2.896, 3.039, 3.29, 2.245, 2.173, 2.772, 2.781, 2.758, 3.373, 3.784, 3.854, 5.022, 5.878, 5.825, 5.457, 5.699, 5.757, 6.096, 6.578, 6.505, 6.241, 7.084, 8.114, 8.511, 9.288, 9.595, 8.267, 6.962, 6.476, 5.99, 5.487, 5.395, 5.564, 5.767, 5.809, 5.701, 5.758, 6.122, 6.017, 6.126, 5.958, 5.92, 5.989, 6.166, 6.008, 5.404, 4.142], [8.277, 8.229, 7.847, 7.246, 6.605, 6.112, 6.671, 5.978, 4.338, 1.791, 1.674, 1.52, 1.312, 0.872, 0.952, 0.0, 0.794, 0.75, 0.856, 1.301, 2.128, 1.958, 1.302, 0.917, 1.114, 1.109, 1.105, 2.255, 2.385, 2.288, 3.16, 1.874, 2.776, 3.584, 3.834, 3.62, 3.552, 3.529, 3.518, 2.678, 2.377, 2.605, 1.686, 1.67, 2.352, 2.394, 2.337, 2.793, 3.34, 3.543, 4.73, 5.573, 5.49, 5.122, 5.402, 5.421, 5.773, 6.274, 6.2, 5.923, 6.759, 7.813, 8.287, 9.141, 9.399, 8.009, 6.664, 6.177, 5.596, 5.169, 5.261, 5.375, 5.41, 5.554, 5.55, 5.542, 5.947, 5.766, 5.841, 5.496, 5.446, 5.516, 5.701, 5.59, 5.091, 3.819], [8.158, 8.185, 7.814, 7.176, 6.326, 5.912, 6.485, 5.81, 4.088, 1.564, 1.599, 1.435, 1.461, 1.142, 1.385, 0.794, 0.0, 0.7, 0.937, 1.543, 2.231, 2.111, 1.469, 1.091, 1.382, 1.274, 1.337, 2.494, 2.65, 2.542, 3.344, 2.186, 2.51, 3.331, 3.584, 3.433, 3.329, 3.268, 3.262, 2.597, 2.17, 2.325, 1.674, 1.645, 2.166, 2.222, 2.206, 2.593, 3.116, 3.412, 4.552, 5.39, 5.303, 4.931, 5.225, 5.222, 5.572, 6.064, 5.998, 5.718, 6.56, 7.613, 8.049, 8.903, 9.161, 7.811, 6.47, 6.061, 5.491, 5.198, 5.136, 5.315, 5.336, 5.316, 5.4, 5.484, 5.83, 5.704, 5.766, 5.376, 5.187, 5.363, 5.543, 5.489, 4.803, 3.666], [8.421, 8.348, 7.959, 7.256, 6.375, 6.173, 6.809, 6.105, 4.393, 1.663, 1.765, 1.676, 1.599, 1.215, 1.339, 0.75, 0.7, 0.0, 0.831, 1.513, 2.217, 2.109, 1.479, 0.955, 1.338, 1.384, 1.376, 2.291, 2.426, 2.276, 3.048, 2.11, 2.783, 3.578, 3.812, 3.583, 3.513, 3.442, 3.394, 2.64, 2.21, 2.247, 1.343, 1.683, 2.43, 2.467, 2.411, 2.855, 3.386, 3.658, 4.836, 5.672, 5.592, 5.22, 5.515, 5.513, 5.855, 6.351, 6.28, 6.0, 6.843, 7.891, 8.318, 9.184, 9.451, 8.08, 6.748, 6.303, 5.612, 5.311, 5.194, 5.435, 5.437, 5.494, 5.634, 5.665, 6.125, 5.937, 5.957, 5.561, 5.393, 5.5, 5.646, 5.535, 5.061, 3.792], [8.461, 8.273, 7.913, 7.203, 6.602, 6.191, 6.788, 6.08, 4.417, 1.643, 1.889, 1.836, 1.64, 1.218, 1.223, 0.856, 0.937, 0.831, 0.0, 1.113, 2.105, 2.047, 1.506, 1.004, 1.244, 1.317, 1.377, 2.276, 2.489, 2.243, 3.103, 2.017, 2.77, 3.608, 3.846, 3.485, 3.481, 3.397, 3.353, 2.493, 2.218, 2.518, 1.558, 1.687, 2.309, 2.361, 2.31, 2.829, 3.294, 3.498, 4.835, 5.669, 5.572, 5.2, 5.494, 5.46, 5.761, 6.275, 6.191, 5.897, 6.739, 7.786, 8.272, 9.154, 9.427, 8.102, 6.646, 6.214, 5.538, 5.028, 5.153, 5.269, 5.269, 5.301, 5.414, 5.483, 5.947, 5.816, 5.899, 5.458, 5.293, 5.492, 5.755, 5.582, 4.995, 3.693], [9.045, 8.904, 8.496, 7.828, 7.406, 6.962, 7.456, 6.778, 5.2, 2.271, 1.681, 1.604, 1.472, 1.441, 1.427, 1.301, 1.543, 1.513, 1.113, 0.0, 1.483, 1.657, 1.367, 1.411, 1.376, 1.632, 1.438, 1.829, 2.017, 1.695, 2.601, 1.433, 3.409, 4.198, 4.398, 4.062, 4.028, 3.989, 4.015, 3.025, 2.778, 3.148, 2.174, 2.219, 2.8, 2.84, 2.762, 3.331, 3.784, 4.039, 5.409, 6.296, 6.067, 5.701, 5.995, 5.962, 6.269, 6.85, 6.757, 6.415, 7.215, 8.36, 8.956, 9.846, 10.119, 8.761, 7.193, 6.727, 6.011, 5.644, 5.841, 5.797, 5.936, 5.994, 5.975, 5.918, 6.528, 6.43, 6.461, 6.081, 6.054, 6.25, 6.53, 6.296, 5.752, 4.36], [10.061, 10.111, 9.663, 9.132, 8.266, 7.888, 8.385, 7.784, 6.11, 2.782, 1.246, 1.304, 1.809, 2.142, 2.275, 2.128, 2.231, 2.217, 2.105, 1.483, 0.0, 0.739, 1.215, 1.912, 1.906, 2.317, 1.673, 1.26, 1.364, 1.314, 1.879, 1.858, 4.259, 5.003, 5.179, 5.033, 4.938, 4.937, 5.015, 3.988, 3.108, 3.446, 2.64, 3.094, 3.627, 3.708, 3.732, 4.11, 4.489, 4.76, 6.131, 7.058, 6.804, 6.436, 6.739, 6.703, 7.025, 7.611, 7.478, 7.137, 7.919, 9.124, 9.861, 10.714, 10.996, 9.633, 8.16, 7.566, 6.905, 6.84, 6.879, 6.776, 6.725, 6.803, 6.884, 6.945, 7.399, 7.496, 7.371, 6.949, 6.612, 7.141, 7.395, 7.181, 6.079, 5.087], [9.855, 9.906, 9.467, 8.928, 8.074, 7.704, 8.197, 7.57, 5.933, 2.641, 1.421, 1.399, 1.665, 1.937, 2.011, 1.958, 2.111, 2.109, 2.047, 1.657, 0.739, 0.0, 0.968, 1.654, 1.685, 2.092, 1.361, 1.239, 1.287, 1.303, 2.005, 1.838, 4.046, 4.82, 5.007, 4.967, 4.879, 4.879, 4.967, 3.979, 3.061, 3.363, 2.538, 2.921, 3.54, 3.604, 3.639, 3.998, 4.419, 4.593, 5.915, 6.891, 6.668, 6.273, 6.584, 6.534, 6.955, 7.45, 7.314, 7.021, 7.868, 8.973, 9.693, 10.546, 10.828, 9.465, 8.01, 7.43, 6.75, 6.632, 6.676, 6.588, 6.567, 6.633, 6.687, 6.739, 7.221, 7.287, 7.169, 6.743, 6.417, 6.944, 7.193, 7.0, 5.937, 4.902], [9.142, 9.252, 8.847, 8.311, 7.526, 6.968, 7.464, 6.859, 5.237, 2.276, 1.411, 1.267, 1.193, 1.203, 1.274, 1.302, 1.469, 1.479, 1.506, 1.367, 1.215, 0.968, 0.0, 1.04, 1.091, 1.384, 0.818, 1.655, 1.773, 1.702, 2.438, 1.669, 3.461, 4.195, 4.371, 4.359, 4.199, 4.267, 4.32, 3.313, 2.645, 3.015, 1.988, 2.342, 3.016, 3.089, 3.106, 3.489, 3.909, 4.112, 5.344, 6.249, 6.112, 5.723, 6.019, 6.02, 6.408, 6.914, 6.796, 6.519, 7.361, 8.413, 9.07, 9.887, 10.153, 8.775, 7.441, 6.797, 6.128, 6.021, 6.026, 5.959, 5.958, 6.152, 6.101, 6.138, 6.536, 6.595, 6.463, 6.071, 5.851, 6.278, 6.506, 6.35, 5.493, 4.404], [8.54, 8.481, 8.123, 7.561, 6.786, 6.131, 6.748, 6.063, 4.408, 1.426, 1.383, 1.331, 1.222, 1.051, 1.096, 0.917, 1.091, 0.955, 1.004, 1.411, 1.912, 1.654, 1.04, 0.0, 0.712, 0.978, 0.685, 2.114, 2.235, 2.177, 2.982, 1.679, 2.873, 3.675, 3.904, 3.706, 3.637, 3.677, 3.65, 2.838, 2.485, 2.787, 1.748, 1.9, 2.447, 2.557, 2.599, 3.041, 3.412, 3.639, 4.789, 5.656, 5.585, 5.217, 5.465, 5.512, 5.858, 6.357, 6.291, 6.007, 6.846, 7.904, 8.335, 9.189, 9.448, 8.036, 6.772, 6.168, 5.478, 5.184, 5.14, 5.093, 5.207, 5.329, 5.294, 5.488, 5.863, 5.807, 5.752, 5.432, 5.228, 5.436, 5.727, 5.542, 4.68, 3.535], [8.799, 8.666, 8.355, 7.833, 7.226, 6.261, 6.745, 6.167, 4.466, 1.503, 1.414, 1.42, 1.2, 1.032, 1.087, 1.114, 1.382, 1.338, 1.244, 1.376, 1.906, 1.685, 1.091, 0.712, 0.0, 0.642, 0.769, 2.255, 2.352, 2.305, 3.123, 1.606, 2.796, 3.597, 3.874, 3.746, 3.649, 3.778, 3.801, 2.934, 2.717, 3.104, 2.103, 2.09, 2.625, 2.613, 2.783, 3.281, 3.447, 3.492, 4.688, 5.547, 5.475, 5.107, 5.357, 5.413, 5.742, 6.246, 6.196, 5.937, 6.739, 7.803, 8.188, 9.076, 9.343, 7.949, 6.772, 6.131, 5.622, 5.501, 5.364, 5.302, 5.511, 5.579, 5.33, 5.555, 5.867, 5.997, 5.915, 5.738, 5.514, 5.739, 6.128, 5.985, 4.92, 3.972], [8.448, 8.387, 8.071, 7.67, 7.003, 5.971, 6.298, 5.792, 4.157, 1.569, 1.64, 1.592, 1.322, 1.063, 1.112, 1.109, 1.274, 1.384, 1.317, 1.632, 2.317, 2.092, 1.384, 0.978, 0.642, 0.0, 0.901, 2.723, 2.766, 2.767, 3.599, 1.775, 2.484, 3.305, 3.576, 3.594, 3.488, 3.588, 3.624, 2.818, 2.731, 3.052, 2.177, 1.99, 2.334, 2.3, 2.456, 3.028, 3.205, 3.211, 4.326, 5.187, 5.103, 4.736, 4.989, 5.042, 5.418, 5.897, 5.845, 5.602, 6.387, 7.451, 7.93, 8.749, 9.015, 7.654, 6.484, 5.821, 5.481, 5.413, 5.283, 5.233, 5.436, 5.554, 5.274, 5.372, 5.54, 5.735, 5.611, 5.572, 5.426, 5.652, 5.983, 5.883, 4.858, 3.939], [8.725, 8.772, 8.393, 7.906, 7.082, 6.392, 6.893, 6.287, 4.638, 1.719, 1.282, 1.139, 1.069, 1.061, 1.137, 1.105, 1.337, 1.376, 1.377, 1.438, 1.673, 1.361, 0.818, 0.685, 0.769, 0.901, 0.0, 1.935, 1.975, 1.99, 2.868, 1.6, 3.144, 3.966, 4.215, 4.139, 4.016, 4.087, 4.149, 3.288, 2.785, 3.062, 2.067, 2.127, 2.656, 2.763, 2.807, 3.262, 3.639, 3.84, 4.963, 5.836, 5.75, 5.382, 5.631, 5.686, 6.065, 6.545, 6.471, 6.189, 7.024, 8.083, 8.601, 9.433, 9.691, 8.266, 7.026, 6.38, 5.706, 5.505, 5.508, 5.385, 5.462, 5.66, 5.543, 5.696, 6.051, 6.097, 5.993, 5.613, 5.427, 5.759, 6.036, 5.829, 4.907, 3.857], [10.246, 10.114, 9.712, 8.96, 7.945, 8.031, 8.675, 7.957, 6.358, 3.035, 1.76, 1.723, 1.94, 2.226, 2.1, 2.255, 2.494, 2.291, 2.276, 1.829, 1.26, 1.239, 1.655, 2.114, 2.255, 2.723, 1.935, 0.0, 0.751, 0.806, 1.268, 1.827, 4.722, 5.577, 5.838, 5.499, 5.535, 5.476, 5.441, 4.476, 3.949, 3.79, 2.991, 3.445, 4.132, 4.167, 4.089, 4.578, 5.118, 5.322, 6.678, 7.499, 7.386, 7.024, 7.321, 7.274, 7.545, 8.083, 8.013, 7.692, 8.518, 9.611, 10.093, 10.983, 11.257, 9.919, 8.438, 8.003, 7.214, 6.769, 6.777, 6.754, 6.771, 6.782, 6.995, 7.108, 7.743, 7.606, 7.601, 7.136, 6.943, 7.24, 7.34, 7.01, 6.272, 5.112], [10.323, 10.233, 9.808, 9.184, 8.17, 8.186, 8.757, 8.072, 6.507, 3.178, 1.712, 1.756, 2.142, 2.37, 2.338, 2.385, 2.65, 2.426, 2.489, 2.017, 1.364, 1.287, 1.773, 2.235, 2.352, 2.766, 1.975, 0.751, 0.0, 0.936, 1.37, 1.994, 4.757, 5.608, 5.86, 5.604, 5.616, 5.567, 5.581, 4.657, 4.05, 3.782, 3.086, 3.508, 4.227, 4.264, 4.184, 4.672, 5.183, 5.394, 6.758, 7.576, 7.469, 7.105, 7.402, 7.352, 7.643, 8.164, 8.089, 7.773, 8.613, 9.687, 10.223, 11.113, 11.387, 10.046, 8.556, 8.094, 7.311, 6.927, 7.006, 6.957, 6.874, 7.005, 7.135, 7.209, 7.832, 7.728, 7.7, 7.226, 7.031, 7.374, 7.558, 7.232, 6.399, 5.256], [10.335, 10.192, 9.806, 8.926, 7.984, 8.174, 8.788, 8.095, 6.498, 3.17, 1.662, 1.78, 2.119, 2.329, 2.292, 2.288, 2.542, 2.276, 2.243, 1.695, 1.314, 1.303, 1.702, 2.177, 2.305, 2.767, 1.99, 0.806, 0.936, 0.0, 1.227, 1.812, 4.719, 5.529, 5.783, 5.44, 5.45, 5.4, 5.375, 4.348, 3.872, 3.813, 2.935, 3.483, 4.226, 4.261, 4.199, 4.658, 5.189, 5.39, 6.761, 7.608, 7.48, 7.118, 7.407, 7.372, 7.661, 8.177, 8.103, 7.791, 8.633, 9.706, 10.249, 11.139, 11.413, 10.054, 8.532, 8.099, 7.292, 6.768, 6.912, 6.846, 6.823, 6.915, 7.132, 7.205, 7.843, 7.692, 7.676, 7.213, 7.065, 7.365, 7.45, 7.109, 6.425, 5.263], [11.249, 11.171, 10.806, 9.863, 8.702, 8.949, 9.682, 8.968, 7.308, 3.996, 2.501, 2.517, 2.696, 3.009, 2.963, 3.16, 3.344, 3.048, 3.103, 2.601, 1.879, 2.005, 2.438, 2.982, 3.123, 3.599, 2.868, 1.268, 1.37, 1.227, 0.0, 2.117, 5.583, 6.42, 6.61, 6.291, 6.219, 6.157, 6.069, 4.948, 4.801, 4.714, 3.78, 4.484, 5.309, 5.359, 5.299, 5.744, 6.27, 6.487, 7.732, 8.542, 8.476, 8.106, 8.403, 8.395, 8.739, 9.216, 9.153, 8.891, 9.734, 10.76, 11.135, 11.997, 12.259, 10.947, 9.559, 9.069, 8.268, 7.675, 7.674, 7.731, 7.727, 7.761, 8.007, 8.174, 8.758, 8.605, 8.589, 8.13, 7.964, 8.283, 8.242, 7.821, 7.243, 6.091], [9.657, 9.408, 9.182, 8.451, 7.692, 7.172, 7.738, 7.048, 5.491, 2.481, 1.728, 1.597, 1.374, 1.506, 1.456, 1.874, 2.186, 2.11, 2.017, 1.433, 1.858, 1.838, 1.669, 1.679, 1.606, 1.775, 1.6, 1.827, 1.994, 1.812, 2.117, 0.0, 3.741, 4.578, 4.771, 4.511, 4.4, 4.384, 4.376, 3.585, 3.818, 4.089, 3.051, 3.146, 3.692, 3.639, 3.667, 4.277, 4.606, 4.705, 5.872, 6.682, 6.632, 6.263, 6.541, 6.566, 6.909, 7.386, 7.324, 7.066, 7.904, 8.928, 9.305, 10.106, 10.408, 9.075, 7.734, 7.249, 6.638, 6.21, 5.964, 6.119, 6.324, 6.409, 6.347, 6.427, 6.945, 6.821, 6.861, 6.647, 6.613, 6.781, 6.775, 6.523, 5.922, 4.649], [6.835, 6.643, 6.507, 6.201, 6.013, 5.004, 4.895, 4.445, 2.965, 2.308, 3.524, 3.435, 3.405, 2.956, 3.06, 2.776, 2.51, 2.783, 2.77, 3.409, 4.259, 4.046, 3.461, 2.873, 2.796, 2.484, 3.144, 4.722, 4.757, 4.719, 5.583, 3.741, 0.0, 0.94, 1.52, 1.941, 1.965, 1.787, 1.972, 2.069, 2.486, 2.851, 2.888, 2.248, 1.718, 1.562, 1.631, 1.893, 2.076, 1.844, 2.459, 3.106, 2.997, 2.761, 3.093, 2.981, 3.264, 3.741, 3.65, 3.495, 4.213, 5.268, 5.792, 6.647, 6.939, 5.719, 4.272, 4.576, 4.531, 4.611, 4.448, 4.534, 4.802, 4.807, 4.622, 4.572, 4.397, 4.667, 4.713, 4.742, 4.537, 4.656, 5.189, 5.17, 4.416, 3.396], [6.4, 6.317, 6.194, 5.94, 5.795, 4.865, 4.424, 4.028, 2.626, 3.042, 4.307, 4.246, 4.235, 3.782, 3.899, 3.584, 3.331, 3.578, 3.608, 4.198, 5.003, 4.82, 4.195, 3.675, 3.597, 3.305, 3.966, 5.577, 5.608, 5.529, 6.42, 4.578, 0.94, 0.0, 1.135, 1.725, 1.603, 1.494, 1.809, 2.135, 2.625, 2.994, 3.195, 2.587, 2.126, 2.08, 2.026, 2.033, 2.056, 1.633, 1.748, 2.553, 2.301, 2.26, 2.532, 2.367, 2.599, 3.029, 2.938, 2.995, 3.469, 4.532, 5.109, 5.87, 6.167, 5.104, 3.902, 4.35, 4.458, 4.596, 4.561, 4.61, 4.848, 4.937, 4.719, 4.603, 4.331, 4.617, 4.619, 4.654, 4.423, 4.622, 5.183, 5.196, 4.591, 3.504], [6.33, 6.324, 6.112, 5.985, 5.838, 4.978, 4.122, 3.737, 2.589, 3.398, 4.615, 4.518, 4.5, 4.047, 4.151, 3.834, 3.584, 3.812, 3.846, 4.398, 5.179, 5.007, 4.371, 3.904, 3.874, 3.576, 4.215, 5.838, 5.86, 5.783, 6.61, 4.771, 1.52, 1.135, 0.0, 1.023, 0.947, 0.988, 1.281, 1.904, 2.244, 2.53, 3.105, 2.452, 2.242, 2.299, 2.187, 1.843, 1.766, 1.27, 1.741, 2.685, 2.602, 2.262, 2.429, 2.398, 2.649, 2.957, 2.877, 2.793, 3.364, 4.26, 4.937, 5.724, 6.004, 4.769, 4.194, 4.517, 4.755, 4.959, 4.998, 5.125, 5.317, 5.445, 5.229, 5.143, 4.805, 4.957, 4.919, 4.986, 4.854, 4.975, 5.568, 5.616, 5.124, 4.096], [6.533, 6.429, 6.227, 6.111, 6.011, 5.188, 4.269, 3.796, 2.853, 3.45, 4.488, 4.527, 4.356, 3.817, 3.944, 3.62, 3.433, 3.583, 3.485, 4.062, 5.033, 4.967, 4.359, 3.706, 3.746, 3.594, 4.139, 5.499, 5.604, 5.44, 6.291, 4.511, 1.941, 1.725, 1.023, 0.0, 0.681, 0.753, 0.845, 1.57, 2.034, 2.376, 3.003, 2.447, 2.392, 2.512, 2.199, 2.09, 1.992, 1.437, 2.318, 3.173, 3.181, 2.831, 2.954, 2.979, 3.125, 3.364, 3.294, 3.114, 3.781, 4.595, 5.108, 6.001, 6.279, 5.004, 4.465, 4.905, 5.097, 5.277, 5.281, 5.458, 5.688, 5.77, 5.568, 5.569, 5.352, 5.265, 5.318, 5.439, 5.337, 5.261, 5.859, 5.902, 5.525, 4.433], [6.388, 6.321, 6.077, 5.975, 5.813, 4.977, 4.232, 3.772, 2.614, 3.409, 4.342, 4.392, 4.257, 3.738, 3.877, 3.552, 3.329, 3.513, 3.481, 4.028, 4.938, 4.879, 4.199, 3.637, 3.649, 3.488, 4.016, 5.535, 5.616, 5.45, 6.219, 4.4, 1.965, 1.603, 0.947, 0.681, 0.0, 0.545, 0.785, 1.435, 1.984, 2.273, 2.827, 2.351, 2.327, 2.462, 2.129, 2.003, 1.83, 1.493, 2.099, 3.059, 2.992, 2.618, 2.799, 2.839, 3.038, 3.374, 3.226, 3.096, 3.772, 4.775, 5.294, 6.176, 6.443, 5.081, 4.397, 4.603, 4.796, 5.075, 5.08, 5.29, 5.448, 5.59, 5.355, 5.281, 5.103, 5.001, 5.03, 5.137, 5.074, 5.056, 5.647, 5.684, 5.303, 4.207], [6.494, 6.374, 6.173, 6.008, 5.834, 5.121, 4.437, 3.901, 2.723, 3.418, 4.35, 4.353, 4.219, 3.738, 3.872, 3.529, 3.268, 3.442, 3.397, 3.989, 4.937, 4.879, 4.267, 3.677, 3.778, 3.588, 4.087, 5.476, 5.567, 5.4, 6.157, 4.384, 1.787, 1.494, 0.988, 0.753, 0.545, 0.0, 0.642, 1.436, 2.03, 2.374, 2.82, 2.315, 2.234, 2.318, 2.029, 1.912, 1.93, 1.51, 2.123, 3.092, 3.059, 2.738, 2.964, 2.883, 3.108, 3.433, 3.246, 3.149, 3.856, 4.818, 5.329, 6.181, 6.461, 5.192, 4.402, 4.785, 4.926, 5.057, 5.079, 5.308, 5.472, 5.624, 5.423, 5.296, 5.227, 5.061, 5.164, 5.167, 5.078, 5.139, 5.668, 5.705, 5.383, 4.167], [6.56, 6.407, 6.221, 5.988, 5.79, 5.063, 4.483, 3.936, 2.835, 3.409, 4.428, 4.426, 4.255, 3.682, 3.808, 3.518, 3.262, 3.394, 3.353, 4.015, 5.015, 4.967, 4.32, 3.65, 3.801, 3.624, 4.149, 5.441, 5.581, 5.375, 6.069, 4.376, 1.972, 1.809, 1.281, 0.845, 0.785, 0.642, 0.0, 1.401, 2.107, 2.405, 2.899, 2.439, 2.408, 2.534, 2.225, 2.162, 2.026, 1.604, 2.16, 3.245, 3.126, 2.887, 3.095, 2.982, 3.222, 3.552, 3.361, 3.303, 3.953, 4.91, 5.326, 6.229, 6.496, 5.278, 4.47, 4.853, 4.979, 5.249, 5.207, 5.468, 5.665, 5.765, 5.563, 5.577, 5.47, 5.207, 5.277, 5.405, 5.337, 5.227, 5.719, 5.771, 5.632, 4.407], [7.109, 6.919, 6.715, 6.327, 6.139, 5.355, 5.118, 4.55, 3.125, 2.758, 3.724, 3.733, 3.485, 2.851, 2.896, 2.678, 2.597, 2.64, 2.493, 3.025, 3.988, 3.979, 3.313, 2.838, 2.934, 2.818, 3.288, 4.476, 4.657, 4.348, 4.948, 3.585, 2.069, 2.135, 1.904, 1.57, 1.435, 1.436, 1.401, 0.0, 1.518, 2.082, 2.062, 1.743, 1.987, 2.078, 1.879, 2.011, 2.205, 1.857, 3.111, 3.941, 3.881, 3.486, 3.779, 3.748, 4.068, 4.547, 4.473, 4.209, 5.037, 6.085, 6.553, 7.428, 7.695, 6.318, 5.187, 5.154, 5.162, 5.089, 5.167, 5.255, 5.568, 5.621, 5.469, 5.458, 5.379, 5.266, 5.317, 5.385, 5.252, 5.177, 5.699, 5.777, 5.421, 4.196], [7.287, 7.338, 6.868, 6.388, 5.738, 5.348, 5.534, 4.937, 3.296, 2.695, 3.12, 3.215, 3.27, 2.822, 3.039, 2.377, 2.17, 2.21, 2.218, 2.778, 3.108, 3.061, 2.645, 2.485, 2.717, 2.731, 2.785, 3.949, 4.05, 3.872, 4.801, 3.818, 2.486, 2.625, 2.244, 2.034, 1.984, 2.03, 2.107, 1.518, 0.0, 0.995, 1.288, 1.289, 1.79, 2.015, 1.803, 1.652, 1.721, 1.904, 3.253, 4.191, 4.038, 3.579, 3.863, 3.83, 4.163, 4.751, 4.617, 4.266, 5.072, 6.269, 7.006, 7.859, 8.141, 6.778, 5.504, 5.061, 4.83, 5.036, 5.193, 5.402, 5.406, 5.457, 5.519, 5.493, 5.624, 5.397, 5.235, 4.978, 4.704, 4.964, 5.419, 5.488, 5.082, 3.931], [7.176, 7.223, 6.742, 6.208, 5.252, 5.311, 5.598, 4.975, 3.419, 2.857, 3.264, 3.357, 3.458, 3.127, 3.29, 2.605, 2.325, 2.247, 2.518, 3.148, 3.446, 3.363, 3.015, 2.787, 3.104, 3.052, 3.062, 3.79, 3.782, 3.813, 4.714, 4.089, 2.851, 2.994, 2.53, 2.376, 2.273, 2.374, 2.405, 2.082, 0.995, 0.0, 1.336, 1.438, 2.091, 2.306, 2.057, 1.861, 1.963, 2.274, 3.463, 4.275, 4.103, 3.655, 3.889, 3.903, 4.319, 4.797, 4.686, 4.374, 5.196, 6.349, 7.057, 7.91, 8.192, 6.829, 5.638, 5.053, 4.883, 5.1, 5.222, 5.49, 5.371, 5.538, 5.673, 5.579, 5.787, 5.481, 5.334, 5.009, 4.746, 5.074, 5.448, 5.401, 5.076, 3.96], [7.698, 7.693, 7.279, 6.782, 5.788, 5.635, 6.135, 5.5, 3.875, 2.196, 2.47, 2.512, 2.549, 2.204, 2.245, 1.686, 1.674, 1.343, 1.558, 2.174, 2.64, 2.538, 1.988, 1.748, 2.103, 2.177, 2.067, 2.991, 3.086, 2.935, 3.78, 3.051, 2.888, 3.195, 3.105, 3.003, 2.827, 2.82, 2.899, 2.062, 1.288, 1.336, 0.0, 0.932, 1.94, 2.221, 2.131, 2.209, 2.642, 2.835, 4.0, 4.942, 4.83, 4.451, 4.687, 4.752, 5.109, 5.611, 5.514, 5.237, 6.079, 7.13, 7.765, 8.622, 8.898, 7.413, 6.192, 5.515, 5.06, 4.926, 5.13, 5.298, 5.2, 5.557, 5.585, 5.437, 5.749, 5.453, 5.301, 4.918, 4.723, 5.055, 5.381, 5.272, 4.981, 3.744], [7.024, 7.053, 6.615, 6.073, 5.724, 5.01, 5.463, 4.827, 3.223, 2.066, 2.802, 2.705, 2.493, 2.052, 2.173, 1.67, 1.645, 1.683, 1.687, 2.219, 3.094, 2.921, 2.342, 1.9, 2.09, 1.99, 2.127, 3.445, 3.508, 3.483, 4.484, 3.146, 2.248, 2.587, 2.452, 2.447, 2.351, 2.315, 2.439, 1.743, 1.289, 1.438, 0.932, 0.0, 1.242, 1.505, 1.443, 1.494, 1.883, 2.055, 3.361, 4.249, 4.073, 3.693, 3.983, 3.949, 4.322, 4.828, 4.703, 4.422, 5.263, 6.321, 6.948, 7.822, 8.096, 6.738, 5.383, 4.914, 4.618, 4.561, 4.826, 5.058, 5.089, 5.237, 5.157, 5.039, 5.272, 4.992, 4.942, 4.641, 4.584, 4.702, 5.165, 5.156, 4.972, 3.655], [6.654, 6.615, 6.186, 5.812, 5.643, 4.651, 4.908, 4.316, 2.774, 1.97, 3.249, 3.101, 3.089, 2.644, 2.772, 2.352, 2.166, 2.43, 2.309, 2.8, 3.627, 3.54, 3.016, 2.447, 2.625, 2.334, 2.656, 4.132, 4.227, 4.226, 5.309, 3.692, 1.718, 2.126, 2.242, 2.392, 2.327, 2.234, 2.408, 1.987, 1.79, 2.091, 1.94, 1.242, 0.0, 0.582, 0.737, 0.91, 1.327, 1.821, 2.736, 3.675, 3.388, 2.99, 3.29, 3.255, 3.622, 4.223, 4.09, 3.745, 4.504, 5.7, 6.402, 7.255, 7.537, 6.174, 4.692, 4.415, 4.017, 4.171, 4.299, 4.421, 4.572, 4.613, 4.517, 4.46, 4.486, 4.401, 4.381, 4.237, 4.109, 4.266, 4.787, 4.778, 4.367, 3.104], [6.8, 6.699, 6.321, 5.958, 5.788, 4.836, 5.012, 4.441, 2.976, 1.93, 3.317, 3.206, 3.122, 2.676, 2.781, 2.394, 2.222, 2.467, 2.361, 2.84, 3.708, 3.604, 3.089, 2.557, 2.613, 2.3, 2.763, 4.167, 4.264, 4.261, 5.359, 3.639, 1.562, 2.08, 2.299, 2.512, 2.462, 2.318, 2.534, 2.078, 2.015, 2.306, 2.221, 1.505, 0.582, 0.0, 0.689, 1.04, 1.408, 1.895, 2.77, 3.697, 3.405, 2.988, 3.286, 3.271, 3.644, 4.244, 4.111, 3.766, 4.526, 5.726, 6.452, 7.305, 7.587, 6.224, 4.717, 4.466, 4.148, 4.294, 4.283, 4.345, 4.506, 4.682, 4.47, 4.315, 4.476, 4.461, 4.494, 4.409, 4.288, 4.437, 4.896, 4.866, 4.376, 3.104], [6.63, 6.547, 6.19, 5.864, 5.696, 4.928, 4.991, 4.39, 2.934, 2.317, 3.36, 3.256, 3.127, 2.704, 2.758, 2.337, 2.206, 2.411, 2.31, 2.762, 3.732, 3.639, 3.106, 2.599, 2.783, 2.456, 2.807, 4.089, 4.184, 4.199, 5.299, 3.667, 1.631, 2.026, 2.187, 2.199, 2.129, 2.029, 2.225, 1.879, 1.803, 2.057, 2.131, 1.443, 0.737, 0.689, 0.0, 0.87, 1.353, 1.732, 2.806, 3.72, 3.446, 3.032, 3.328, 3.301, 3.663, 4.264, 4.13, 3.788, 4.545, 5.74, 6.445, 7.299, 7.58, 6.216, 4.727, 4.578, 4.27, 4.335, 4.387, 4.515, 4.665, 4.79, 4.668, 4.478, 4.66, 4.605, 4.633, 4.435, 4.324, 4.505, 4.977, 4.886, 4.529, 3.212], [6.186, 6.251, 5.802, 5.474, 5.216, 4.531, 4.612, 3.996, 2.531, 2.712, 3.814, 3.62, 3.623, 3.229, 3.373, 2.793, 2.593, 2.855, 2.829, 3.331, 4.11, 3.998, 3.489, 3.041, 3.281, 3.028, 3.262, 4.578, 4.672, 4.658, 5.744, 4.277, 1.893, 2.033, 1.843, 2.09, 2.003, 1.912, 2.162, 2.011, 1.652, 1.861, 2.209, 1.494, 0.91, 1.04, 0.87, 0.0, 0.964, 1.556, 2.415, 3.36, 3.061, 2.615, 2.907, 2.904, 3.29, 3.89, 3.757, 3.412, 4.173, 5.367, 6.092, 6.947, 7.227, 5.863, 4.367, 4.304, 3.957, 4.029, 4.271, 4.497, 4.542, 4.663, 4.583, 4.486, 4.551, 4.325, 4.325, 4.076, 4.014, 4.144, 4.574, 4.591, 4.405, 3.129], [5.952, 5.897, 5.5, 5.082, 4.902, 4.029, 4.118, 3.534, 2.177, 2.961, 4.162, 4.072, 4.04, 3.613, 3.784, 3.34, 3.116, 3.386, 3.294, 3.784, 4.489, 4.419, 3.909, 3.412, 3.447, 3.205, 3.639, 5.118, 5.183, 5.189, 6.27, 4.606, 2.076, 2.056, 1.766, 1.992, 1.83, 1.93, 2.026, 2.205, 1.721, 1.963, 2.642, 1.883, 1.327, 1.408, 1.353, 0.964, 0.0, 1.549, 1.978, 2.796, 2.572, 2.075, 2.343, 2.334, 2.728, 3.323, 3.19, 2.856, 3.617, 4.816, 5.553, 6.406, 6.689, 5.325, 3.985, 3.68, 3.581, 4.077, 4.245, 4.371, 4.535, 4.666, 4.465, 4.49, 4.371, 4.194, 4.009, 4.036, 3.908, 4.033, 4.542, 4.635, 4.358, 3.373], [6.618, 6.498, 6.302, 6.133, 5.99, 5.097, 4.627, 4.205, 2.774, 3.14, 4.41, 4.38, 4.306, 3.813, 3.854, 3.543, 3.412, 3.658, 3.498, 4.039, 4.76, 4.593, 4.112, 3.639, 3.492, 3.211, 3.84, 5.322, 5.394, 5.39, 6.487, 4.705, 1.844, 1.633, 1.27, 1.437, 1.493, 1.51, 1.604, 1.857, 1.904, 2.274, 2.835, 2.055, 1.821, 1.895, 1.732, 1.556, 1.549, 0.0, 1.484, 2.476, 2.333, 1.995, 2.284, 2.167, 2.517, 3.103, 3.043, 2.889, 3.465, 4.637, 5.314, 6.103, 6.381, 5.31, 4.187, 4.523, 4.793, 5.051, 5.084, 5.227, 5.419, 5.538, 5.329, 5.2, 4.88, 5.036, 5.003, 5.083, 4.894, 5.063, 5.668, 5.713, 5.197, 4.175], [5.962, 5.95, 5.799, 5.68, 5.416, 4.452, 3.875, 3.49, 2.458, 3.961, 5.525, 5.409, 5.357, 4.98, 5.022, 4.73, 4.552, 4.836, 4.835, 5.409, 6.131, 5.915, 5.344, 4.789, 4.688, 4.326, 4.963, 6.678, 6.758, 6.761, 7.732, 5.872, 2.459, 1.748, 1.741, 2.318, 2.099, 2.123, 2.16, 3.111, 3.253, 3.463, 4.0, 3.361, 2.736, 2.77, 2.806, 2.415, 1.978, 1.484, 0.0, 1.683, 1.383, 1.32, 1.494, 1.479, 1.928, 2.318, 2.379, 2.48, 2.914, 4.019, 4.65, 5.202, 5.504, 4.509, 3.67, 4.022, 4.424, 4.825, 4.867, 4.955, 5.159, 5.442, 5.072, 4.998, 4.597, 4.651, 4.581, 4.725, 4.581, 4.706, 5.249, 5.326, 4.945, 4.026], [4.868, 4.693, 4.527, 4.383, 4.185, 3.334, 2.877, 2.487, 2.205, 4.77, 6.416, 6.311, 6.257, 5.827, 5.878, 5.573, 5.39, 5.672, 5.669, 6.296, 7.058, 6.891, 6.249, 5.656, 5.547, 5.187, 5.836, 7.499, 7.576, 7.608, 8.542, 6.682, 3.106, 2.553, 2.685, 3.173, 3.059, 3.092, 3.245, 3.941, 4.191, 4.275, 4.942, 4.249, 3.675, 3.697, 3.72, 3.36, 2.796, 2.476, 1.683, 0.0, 0.912, 1.071, 1.054, 1.139, 1.136, 1.469, 1.615, 1.458, 1.925, 3.074, 3.618, 4.192, 4.488, 3.544, 2.645, 2.89, 3.294, 3.811, 4.017, 4.016, 4.238, 4.439, 4.062, 4.069, 3.537, 3.694, 3.562, 3.765, 3.589, 3.739, 4.206, 4.34, 4.086, 3.416], [5.298, 5.212, 5.045, 4.856, 4.7, 3.771, 3.408, 3.006, 2.332, 4.694, 6.322, 6.24, 6.196, 5.773, 5.825, 5.49, 5.303, 5.592, 5.572, 6.067, 6.804, 6.668, 6.112, 5.585, 5.475, 5.103, 5.75, 7.386, 7.469, 7.48, 8.476, 6.632, 2.997, 2.301, 2.602, 3.181, 2.992, 3.059, 3.126, 3.881, 4.038, 4.103, 4.83, 4.073, 3.388, 3.405, 3.446, 3.061, 2.572, 2.333, 1.383, 0.912, 0.0, 0.821, 1.053, 1.031, 1.288, 1.761, 1.88, 1.787, 2.144, 3.421, 4.042, 4.622, 4.934, 4.025, 2.828, 3.12, 3.486, 4.011, 4.158, 4.205, 4.419, 4.625, 4.287, 4.201, 3.773, 3.905, 3.818, 3.956, 3.813, 3.95, 4.504, 4.573, 4.291, 3.487], [5.272, 5.153, 4.956, 4.794, 4.649, 3.792, 3.404, 2.981, 2.201, 4.33, 5.954, 5.872, 5.828, 5.406, 5.457, 5.122, 4.931, 5.22, 5.2, 5.701, 6.436, 6.273, 5.723, 5.217, 5.107, 4.736, 5.382, 7.024, 7.105, 7.118, 8.106, 6.263, 2.761, 2.26, 2.262, 2.831, 2.618, 2.738, 2.887, 3.486, 3.579, 3.655, 4.451, 3.693, 2.99, 2.988, 3.032, 2.615, 2.075, 1.995, 1.32, 1.071, 0.821, 0.0, 0.636, 0.838, 1.288, 1.765, 1.917, 1.839, 2.29, 3.527, 4.172, 4.761, 5.066, 4.087, 2.92, 3.116, 3.456, 4.044, 4.157, 4.22, 4.444, 4.647, 4.326, 4.235, 3.793, 3.942, 3.808, 3.982, 3.836, 3.984, 4.481, 4.582, 4.312, 3.489], [4.853, 4.75, 4.535, 4.489, 4.327, 3.514, 2.953, 2.529, 2.176, 4.592, 6.192, 6.11, 6.078, 5.657, 5.699, 5.402, 5.225, 5.515, 5.494, 5.995, 6.739, 6.584, 6.019, 5.465, 5.357, 4.989, 5.631, 7.321, 7.402, 7.407, 8.403, 6.541, 3.093, 2.532, 2.429, 2.954, 2.799, 2.964, 3.095, 3.779, 3.863, 3.889, 4.687, 3.983, 3.29, 3.286, 3.328, 2.907, 2.343, 2.284, 1.494, 1.054, 1.053, 0.636, 0.0, 0.639, 1.006, 1.368, 1.549, 1.451, 1.988, 3.168, 3.814, 4.453, 4.724, 3.671, 2.757, 2.893, 3.318, 3.993, 4.155, 4.183, 4.4, 4.659, 4.263, 4.171, 3.727, 3.878, 3.725, 3.925, 3.78, 3.921, 4.393, 4.527, 4.288, 3.495], [4.86, 4.77, 4.564, 4.397, 4.303, 3.467, 2.998, 2.583, 2.134, 4.631, 6.258, 6.161, 6.132, 5.706, 5.757, 5.421, 5.222, 5.513, 5.46, 5.962, 6.703, 6.534, 6.02, 5.512, 5.413, 5.042, 5.686, 7.274, 7.352, 7.372, 8.395, 6.566, 2.981, 2.367, 2.398, 2.979, 2.839, 2.883, 2.982, 3.748, 3.83, 3.903, 4.752, 3.949, 3.255, 3.271, 3.301, 2.904, 2.334, 2.167, 1.479, 1.139, 1.031, 0.838, 0.639, 0.0, 0.779, 1.296, 1.399, 1.264, 1.817, 2.999, 3.659, 4.335, 4.585, 3.617, 2.437, 2.79, 3.192, 3.979, 4.103, 4.17, 4.383, 4.542, 4.246, 4.155, 3.712, 3.862, 3.716, 3.906, 3.778, 3.91, 4.377, 4.51, 4.269, 3.467], [4.463, 4.404, 4.162, 4.047, 3.97, 3.149, 2.541, 2.145, 2.13, 4.963, 6.614, 6.521, 6.482, 6.046, 6.096, 5.773, 5.572, 5.855, 5.761, 6.269, 7.025, 6.955, 6.408, 5.858, 5.742, 5.418, 6.065, 7.545, 7.643, 7.661, 8.739, 6.909, 3.264, 2.599, 2.649, 3.125, 3.038, 3.108, 3.222, 4.068, 4.163, 4.319, 5.109, 4.322, 3.622, 3.644, 3.663, 3.29, 2.728, 2.517, 1.928, 1.136, 1.288, 1.288, 1.006, 0.779, 0.0, 0.93, 1.023, 0.928, 1.276, 2.517, 3.172, 3.806, 4.114, 3.165, 2.072, 2.496, 2.907, 3.746, 3.952, 3.935, 4.138, 4.278, 3.953, 3.865, 3.406, 3.588, 3.414, 3.635, 3.515, 3.645, 4.115, 4.243, 4.064, 3.409], [4.001, 3.938, 3.768, 3.69, 3.69, 2.859, 2.148, 1.969, 2.518, 5.463, 7.093, 7.021, 6.964, 6.527, 6.578, 6.274, 6.064, 6.351, 6.275, 6.85, 7.611, 7.45, 6.914, 6.357, 6.246, 5.897, 6.545, 8.083, 8.164, 8.177, 9.216, 7.386, 3.741, 3.029, 2.957, 3.364, 3.374, 3.433, 3.552, 4.547, 4.751, 4.797, 5.611, 4.828, 4.223, 4.244, 4.264, 3.89, 3.323, 3.103, 2.318, 1.469, 1.761, 1.765, 1.368, 1.296, 0.93, 0.0, 0.878, 1.041, 1.27, 1.951, 2.564, 3.16, 3.511, 2.513, 2.074, 2.445, 3.068, 4.005, 4.212, 4.182, 4.376, 4.517, 4.154, 4.11, 3.594, 3.826, 3.631, 3.882, 3.758, 3.882, 4.36, 4.48, 4.316, 3.704], [3.9, 3.851, 3.643, 3.531, 3.525, 2.717, 1.94, 1.823, 2.473, 5.408, 7.02, 6.934, 6.892, 6.455, 6.505, 6.2, 5.998, 6.28, 6.191, 6.757, 7.478, 7.314, 6.796, 6.291, 6.196, 5.845, 6.471, 8.013, 8.089, 8.103, 9.153, 7.324, 3.65, 2.938, 2.877, 3.294, 3.226, 3.246, 3.361, 4.473, 4.617, 4.686, 5.514, 4.703, 4.09, 4.111, 4.13, 3.757, 3.19, 3.043, 2.379, 1.615, 1.88, 1.917, 1.549, 1.399, 1.023, 0.878, 0.0, 0.703, 1.037, 1.796, 2.489, 3.256, 3.574, 2.445, 1.821, 2.321, 2.85, 3.746, 3.984, 3.924, 4.088, 4.222, 3.878, 3.804, 3.366, 3.535, 3.336, 3.578, 3.486, 3.587, 4.063, 4.196, 4.068, 3.561], [3.869, 3.805, 3.573, 3.498, 3.432, 2.626, 1.872, 1.545, 2.104, 5.141, 6.74, 6.654, 6.625, 6.191, 6.241, 5.923, 5.718, 6.0, 5.897, 6.415, 7.137, 7.021, 6.519, 6.007, 5.937, 5.602, 6.189, 7.692, 7.773, 7.791, 8.891, 7.066, 3.495, 2.995, 2.793, 3.114, 3.096, 3.149, 3.303, 4.209, 4.266, 4.374, 5.237, 4.422, 3.745, 3.766, 3.788, 3.412, 2.856, 2.889, 2.48, 1.458, 1.787, 1.839, 1.451, 1.264, 0.928, 1.041, 0.703, 0.0, 1.002, 2.028, 2.762, 3.607, 3.889, 2.618, 1.78, 2.181, 2.588, 3.419, 3.657, 3.613, 3.804, 3.951, 3.629, 3.537, 3.124, 3.255, 3.089, 3.308, 3.177, 3.309, 3.78, 3.916, 3.706, 3.217], [3.723, 3.676, 3.449, 3.358, 3.29, 2.536, 1.697, 1.692, 2.903, 5.96, 7.569, 7.495, 7.463, 7.034, 7.084, 6.759, 6.56, 6.843, 6.739, 7.215, 7.919, 7.868, 7.361, 6.846, 6.739, 6.387, 7.024, 8.518, 8.613, 8.633, 9.734, 7.904, 4.213, 3.469, 3.364, 3.781, 3.772, 3.856, 3.953, 5.037, 5.072, 5.196, 6.079, 5.263, 4.504, 4.526, 4.545, 4.173, 3.617, 3.465, 2.914, 1.925, 2.144, 2.29, 1.988, 1.817, 1.276, 1.27, 1.037, 1.002, 0.0, 1.431, 2.121, 2.876, 3.191, 2.105, 1.442, 2.007, 2.476, 3.472, 3.711, 3.587, 3.71, 3.838, 3.554, 3.409, 2.948, 3.151, 2.963, 3.2, 3.094, 3.212, 3.711, 3.844, 3.663, 3.895], [2.925, 2.918, 2.818, 2.84, 3.043, 2.566, 1.702, 2.311, 3.917, 7.01, 8.652, 8.549, 8.5, 8.064, 8.114, 7.813, 7.613, 7.891, 7.786, 8.36, 9.124, 8.973, 8.413, 7.904, 7.803, 7.451, 8.083, 9.611, 9.687, 9.706, 10.76, 8.928, 5.268, 4.532, 4.26, 4.595, 4.775, 4.818, 4.91, 6.085, 6.269, 6.349, 7.13, 6.321, 5.7, 5.726, 5.74, 5.367, 4.816, 4.637, 4.019, 3.074, 3.421, 3.527, 3.168, 2.999, 2.517, 1.951, 1.796, 2.028, 1.431, 0.0, 0.853, 1.603, 1.896, 0.943, 1.703, 2.228, 2.89, 3.905, 4.069, 3.952, 3.915, 3.967, 3.761, 3.564, 3.117, 3.301, 3.036, 3.374, 3.434, 3.392, 3.958, 4.112, 4.186, 4.915], [2.665, 2.701, 2.719, 2.685, 2.946, 2.762, 2.07, 2.695, 4.353, 7.41, 9.197, 9.057, 8.906, 8.451, 8.511, 8.287, 8.049, 8.318, 8.272, 8.956, 9.861, 9.693, 9.07, 8.335, 8.188, 7.93, 8.601, 10.093, 10.223, 10.249, 11.135, 9.305, 5.792, 5.109, 4.937, 5.108, 5.294, 5.329, 5.326, 6.553, 7.006, 7.057, 7.765, 6.948, 6.402, 6.452, 6.445, 6.092, 5.553, 5.314, 4.65, 3.618, 4.042, 4.172, 3.814, 3.659, 3.172, 2.564, 2.489, 2.762, 2.121, 0.853, 0.0, 1.008, 1.292, 1.07, 2.08, 2.649, 3.273, 4.058, 4.088, 4.071, 4.055, 3.888, 3.824, 3.786, 3.185, 3.309, 3.202, 3.594, 3.752, 3.613, 4.02, 4.153, 4.405, 5.312], [2.622, 2.766, 2.831, 2.933, 3.52, 3.476, 2.842, 3.488, 5.147, 8.296, 10.062, 9.88, 9.703, 9.248, 9.288, 9.141, 8.903, 9.184, 9.154, 9.846, 10.714, 10.546, 9.887, 9.189, 9.076, 8.749, 9.433, 10.983, 11.113, 11.139, 11.997, 10.106, 6.647, 5.87, 5.724, 6.001, 6.176, 6.181, 6.229, 7.428, 7.859, 7.91, 8.622, 7.822, 7.255, 7.305, 7.299, 6.947, 6.406, 6.103, 5.202, 4.192, 4.622, 4.761, 4.453, 4.335, 3.806, 3.16, 3.256, 3.607, 2.876, 1.603, 1.008, 0.0, 0.672, 1.364, 2.764, 3.341, 4.047, 4.7, 4.624, 4.614, 4.655, 4.464, 4.384, 4.41, 3.729, 3.881, 3.849, 4.288, 4.448, 4.203, 4.525, 4.687, 5.045, 6.045], [2.531, 2.681, 2.844, 3.03, 3.85, 3.758, 3.138, 3.785, 5.444, 8.562, 10.337, 10.14, 9.982, 9.543, 9.595, 9.399, 9.161, 9.451, 9.427, 10.119, 10.996, 10.828, 10.153, 9.448, 9.343, 9.015, 9.691, 11.257, 11.387, 11.413, 12.259, 10.408, 6.939, 6.167, 6.004, 6.279, 6.443, 6.461, 6.496, 7.695, 8.141, 8.192, 8.898, 8.096, 7.537, 7.587, 7.58, 7.227, 6.689, 6.381, 5.504, 4.488, 4.934, 5.066, 4.724, 4.585, 4.114, 3.511, 3.574, 3.889, 3.191, 1.896, 1.292, 0.672, 0.0, 1.565, 3.054, 3.62, 4.323, 4.903, 4.826, 4.833, 4.875, 4.684, 4.615, 4.631, 3.919, 4.08, 4.06, 4.534, 4.688, 4.378, 4.753, 4.87, 5.357, 6.387], [2.287, 2.363, 2.318, 2.506, 2.752, 2.504, 1.831, 2.398, 4.021, 7.183, 8.861, 8.697, 8.616, 8.209, 8.267, 8.009, 7.811, 8.08, 8.102, 8.761, 9.633, 9.465, 8.775, 8.036, 7.949, 7.654, 8.266, 9.919, 10.046, 10.054, 10.947, 9.075, 5.719, 5.104, 4.769, 5.004, 5.081, 5.192, 5.278, 6.318, 6.778, 6.829, 7.413, 6.738, 6.174, 6.224, 6.216, 5.863, 5.325, 5.31, 4.509, 3.544, 4.025, 4.087, 3.671, 3.617, 3.165, 2.513, 2.445, 2.618, 2.105, 0.943, 1.07, 1.364, 1.565, 0.0, 1.894, 2.21, 2.947, 3.602, 3.705, 3.616, 3.704, 3.795, 3.441, 3.347, 2.837, 2.929, 2.805, 3.209, 3.291, 3.051, 3.575, 3.684, 4.047, 5.071], [2.928, 2.789, 2.66, 2.472, 2.527, 2.076, 1.912, 2.291, 3.177, 5.888, 7.612, 7.487, 7.404, 6.929, 6.962, 6.664, 6.47, 6.748, 6.646, 7.193, 8.16, 8.01, 7.441, 6.772, 6.772, 6.484, 7.026, 8.438, 8.556, 8.532, 9.559, 7.734, 4.272, 3.902, 4.194, 4.465, 4.397, 4.402, 4.47, 5.187, 5.504, 5.638, 6.192, 5.383, 4.692, 4.717, 4.727, 4.367, 3.985, 4.187, 3.67, 2.645, 2.828, 2.92, 2.757, 2.437, 2.072, 2.074, 1.821, 1.78, 1.442, 1.703, 2.08, 2.764, 3.054, 1.894, 0.0, 1.167, 1.698, 2.516, 2.653, 2.565, 2.634, 2.73, 2.407, 2.261, 1.933, 1.965, 1.823, 2.223, 2.354, 2.065, 2.523, 2.703, 3.065, 3.814], [3.038, 2.9, 2.606, 2.33, 2.11, 1.645, 1.992, 2.293, 3.056, 5.386, 6.949, 6.858, 6.789, 6.472, 6.476, 6.177, 6.061, 6.303, 6.214, 6.727, 7.566, 7.43, 6.797, 6.168, 6.131, 5.821, 6.38, 8.003, 8.094, 8.099, 9.0