[[0.0, 0.663, 1.385, 2.31, 2.73, 3.162, 3.653, 3.505, 3.446, 2.879, 3.338, 4.437, 4.818, 5.515, 6.016, 6.033, 4.408, 3.587, 3.48, 3.089, 3.058, 3.122, 3.162, 2.829, 2.711, 3.048, 3.44, 3.531, 3.52, 3.088, 2.679, 2.72, 2.609, 2.674, 2.366, 2.984, 2.895, 2.296, 2.081, 1.914, 1.802, 1.611, 1.894, 1.867, 2.924, 3.405, 3.199, 4.263, 5.308, 4.994, 4.094, 5.951, 7.096, 6.392, 7.093, 7.614, 8.25, 8.196, 8.084, 8.612, 8.854, 9.144, 9.541, 10.02, 9.926, 9.891, 9.829, 9.961, 9.951, 9.434, 9.222, 7.759, 7.722, 6.428, 3.557, 3.066, 2.181, 2.419, 3.68, 4.823, 4.06, 3.354, 2.631, 2.615, 3.081, 4.951], [0.663, 0.0, 1.311, 2.446, 2.723, 3.17, 3.728, 3.473, 3.456, 2.823, 3.116, 4.109, 4.524, 5.21, 5.682, 5.679, 4.054, 3.212, 3.178, 2.885, 2.867, 2.871, 2.934, 2.59, 2.462, 2.644, 3.018, 3.137, 3.212, 2.702, 2.436, 2.532, 2.437, 2.528, 2.348, 3.052, 2.776, 2.08, 1.846, 1.696, 1.975, 1.701, 2.013, 1.967, 3.187, 3.699, 3.491, 4.536, 5.601, 5.212, 4.352, 6.161, 7.332, 6.533, 7.199, 7.776, 8.468, 8.497, 8.353, 8.767, 9.009, 9.346, 9.807, 10.274, 10.2, 10.224, 10.168, 10.294, 10.248, 9.743, 9.508, 8.019, 7.94, 6.605, 3.673, 3.189, 2.021, 2.273, 3.471, 4.489, 3.789, 2.929, 2.217, 2.247, 2.633, 4.603], [1.385, 1.311, 0.0, 2.285, 2.599, 2.932, 3.363, 2.82, 3.058, 2.48, 2.439, 3.627, 4.405, 5.184, 5.689, 5.692, 4.077, 2.879, 2.596, 2.179, 2.204, 2.212, 2.236, 2.079, 1.873, 2.443, 2.971, 3.04, 3.164, 2.543, 2.01, 1.807, 1.844, 1.926, 2.123, 3.047, 2.636, 1.53, 1.394, 1.656, 1.962, 1.616, 1.745, 2.106, 3.095, 3.504, 3.328, 4.404, 5.488, 5.172, 4.313, 6.137, 7.301, 6.567, 7.355, 7.795, 8.474, 8.54, 8.373, 8.815, 9.066, 9.362, 9.812, 10.287, 10.18, 10.133, 10.101, 10.248, 10.254, 9.824, 9.593, 8.043, 8.127, 6.698, 3.725, 3.361, 1.834, 2.407, 3.47, 4.499, 3.709, 2.835, 1.969, 2.145, 2.561, 4.61], [2.31, 2.446, 2.285, 0.0, 0.766, 1.064, 1.66, 1.645, 1.462, 1.129, 3.209, 5.448, 6.331, 7.141, 7.634, 7.681, 6.096, 4.493, 4.143, 2.799, 2.341, 2.924, 2.397, 2.609, 3.425, 4.434, 4.899, 4.805, 5.087, 4.352, 3.136, 2.835, 2.718, 2.5, 2.008, 2.242, 2.224, 2.204, 2.074, 1.992, 1.395, 1.541, 1.895, 2.116, 1.697, 1.743, 1.632, 2.449, 3.454, 3.288, 3.306, 4.993, 5.854, 5.818, 6.747, 7.154, 7.66, 7.312, 7.521, 8.131, 8.281, 8.344, 8.379, 8.855, 9.178, 8.654, 8.35, 8.512, 8.506, 8.128, 7.8, 6.509, 6.937, 5.537, 3.063, 2.713, 3.37, 4.054, 5.312, 6.454, 5.81, 4.883, 3.977, 3.959, 4.591, 6.66], [2.73, 2.723, 2.599, 0.766, 0.0, 0.782, 1.453, 1.409, 1.161, 1.024, 3.501, 5.733, 6.616, 7.426, 7.914, 7.966, 6.381, 4.779, 4.428, 3.06, 2.643, 3.224, 2.722, 2.911, 3.722, 4.721, 5.183, 5.09, 5.362, 4.628, 3.416, 3.107, 3.012, 2.823, 2.288, 2.246, 2.075, 2.383, 2.374, 2.313, 1.875, 2.006, 2.259, 2.264, 1.533, 1.603, 1.57, 2.131, 3.174, 2.931, 3.217, 4.87, 5.668, 5.745, 6.679, 7.086, 7.579, 7.175, 7.441, 8.054, 8.198, 8.196, 8.26, 8.661, 9.082, 8.476, 8.077, 8.262, 8.235, 7.893, 7.495, 6.366, 6.904, 5.447, 2.999, 2.684, 3.677, 4.38, 5.608, 6.716, 6.122, 5.18, 4.274, 4.259, 4.876, 6.945], [3.162, 3.17, 2.932, 1.064, 0.782, 0.0, 0.891, 0.935, 0.729, 0.956, 3.825, 6.041, 6.941, 7.741, 8.232, 8.248, 6.658, 5.06, 4.71, 3.364, 2.762, 3.485, 2.992, 3.314, 4.056, 5.006, 5.509, 5.426, 5.689, 4.951, 3.744, 3.413, 3.342, 2.969, 2.195, 2.008, 1.936, 2.728, 2.744, 2.574, 2.206, 2.323, 2.547, 2.541, 1.811, 1.729, 1.892, 2.17, 2.9, 2.655, 3.157, 4.715, 5.45, 5.702, 6.584, 7.057, 7.47, 7.084, 7.319, 7.963, 8.072, 8.02, 8.146, 8.484, 8.952, 8.316, 7.766, 7.994, 7.942, 7.65, 7.319, 6.254, 6.836, 5.428, 3.305, 3.059, 3.939, 4.632, 5.893, 7.017, 6.391, 5.506, 4.607, 4.65, 5.194, 7.24], [3.653, 3.728, 3.363, 1.66, 1.453, 0.891, 0.0, 0.9, 0.877, 1.471, 4.307, 6.442, 7.342, 8.142, 8.622, 8.627, 7.049, 5.414, 5.124, 3.685, 3.075, 3.872, 3.474, 3.815, 4.545, 5.468, 5.975, 5.924, 6.173, 5.43, 4.231, 3.888, 3.822, 3.433, 2.463, 1.958, 1.995, 3.207, 3.237, 3.065, 2.621, 2.72, 2.925, 2.872, 2.375, 2.348, 2.528, 2.61, 2.715, 2.601, 3.25, 4.63, 5.113, 5.745, 6.504, 6.934, 7.323, 6.999, 7.192, 7.817, 7.904, 7.866, 7.999, 8.282, 8.735, 8.099, 7.419, 7.522, 7.479, 7.282, 7.053, 5.982, 6.671, 5.296, 3.437, 3.365, 4.135, 4.837, 6.118, 7.326, 6.786, 5.976, 5.09, 5.112, 5.618, 7.64], [3.505, 3.473, 2.82, 1.645, 1.409, 0.935, 0.9, 0.0, 0.759, 0.987, 3.669, 5.816, 6.72, 7.504, 7.992, 7.99, 6.423, 4.776, 4.47, 3.014, 2.41, 3.223, 2.835, 3.165, 3.906, 4.83, 5.342, 5.298, 5.532, 4.793, 3.59, 3.251, 3.194, 2.797, 2.21, 2.377, 2.119, 2.591, 2.634, 2.739, 2.661, 2.673, 2.755, 2.932, 2.484, 2.455, 2.588, 2.75, 3.27, 3.038, 3.601, 5.02, 5.656, 6.11, 7.032, 7.402, 7.832, 7.533, 7.753, 8.356, 8.402, 8.336, 8.508, 8.849, 9.335, 8.67, 7.981, 8.182, 8.13, 7.883, 7.649, 6.597, 7.257, 5.797, 3.72, 3.516, 3.749, 4.347, 5.53, 6.667, 6.175, 5.338, 4.452, 4.473, 4.981, 7.003], [3.446, 3.456, 3.058, 1.462, 1.161, 0.729, 0.877, 0.759, 0.0, 0.959, 3.903, 6.081, 6.98, 7.781, 8.261, 8.269, 6.687, 5.081, 4.745, 3.358, 2.748, 3.5, 3.07, 3.389, 4.14, 5.077, 5.574, 5.519, 5.737, 5.006, 3.791, 3.447, 3.398, 3.018, 2.109, 2.021, 1.864, 2.753, 2.813, 2.736, 2.371, 2.421, 2.612, 2.666, 2.089, 1.993, 2.161, 2.381, 2.94, 2.699, 3.238, 4.699, 5.349, 5.779, 6.634, 7.088, 7.505, 7.154, 7.351, 7.992, 8.081, 8.015, 8.139, 8.448, 8.916, 8.256, 7.722, 7.977, 7.926, 7.632, 7.286, 6.204, 6.842, 5.491, 3.476, 3.272, 3.834, 4.519, 5.816, 7.012, 6.432, 5.572, 4.686, 4.725, 5.235, 7.279], [2.879, 2.823, 2.48, 1.129, 1.024, 0.956, 1.471, 0.987, 0.959, 0.0, 3.114, 5.369, 6.252, 7.062, 7.551, 7.603, 6.005, 4.415, 4.065, 2.699, 2.127, 2.832, 2.264, 2.507, 3.324, 4.355, 4.814, 4.706, 4.893, 4.186, 2.934, 2.63, 2.51, 2.175, 1.689, 2.177, 1.848, 1.934, 1.98, 2.092, 2.03, 1.969, 2.166, 2.393, 2.062, 2.166, 2.258, 2.782, 3.654, 3.293, 3.364, 5.002, 5.84, 5.892, 6.772, 7.282, 7.731, 7.267, 7.534, 8.188, 8.343, 8.328, 8.403, 8.805, 9.215, 8.586, 8.275, 8.479, 8.406, 8.045, 7.706, 6.558, 7.011, 5.582, 3.414, 3.092, 3.418, 4.063, 5.257, 6.386, 5.729, 4.776, 3.848, 3.901, 4.513, 6.582], [3.338, 3.116, 2.439, 3.209, 3.501, 3.825, 4.307, 3.669, 3.903, 3.114, 0.0, 2.337, 3.212, 3.98, 4.513, 4.534, 2.974, 1.564, 1.249, 1.462, 2.017, 1.673, 1.42, 1.28, 0.988, 1.429, 1.848, 1.993, 2.24, 1.71, 1.459, 1.693, 1.81, 1.997, 3.166, 4.162, 3.816, 2.302, 2.079, 2.117, 3.061, 2.882, 3.225, 3.723, 4.263, 4.672, 4.466, 5.497, 6.629, 6.139, 5.394, 6.929, 7.973, 7.714, 8.608, 9.001, 9.52, 9.385, 9.407, 9.953, 10.193, 10.352, 10.537, 10.954, 11.134, 11.059, 11.126, 11.314, 11.252, 10.739, 10.544, 9.039, 9.232, 7.654, 5.013, 4.626, 3.342, 3.705, 3.804, 4.179, 3.507, 2.581, 1.875, 2.021, 1.935, 3.567], [4.437, 4.109, 3.627, 5.448, 5.733, 6.041, 6.442, 5.816, 6.081, 5.369, 2.337, 0.0, 1.166, 1.862, 2.287, 2.458, 1.662, 1.86, 1.816, 3.014, 3.775, 3.194, 3.336, 3.13, 2.175, 1.811, 1.838, 2.081, 2.134, 2.099, 2.999, 3.45, 3.638, 3.83, 4.926, 5.977, 5.556, 3.751, 3.973, 4.052, 4.974, 4.708, 4.903, 5.269, 6.392, 6.916, 6.694, 7.697, 8.858, 8.385, 7.366, 8.859, 9.943, 9.217, 10.155, 10.419, 11.192, 11.477, 11.206, 11.509, 11.671, 12.111, 12.541, 13.004, 13.11, 13.309, 13.411, 13.603, 13.544, 13.024, 12.855, 11.282, 11.283, 9.716, 6.701, 6.228, 3.976, 4.153, 3.822, 3.487, 2.873, 2.62, 2.61, 2.372, 2.096, 2.154], [4.818, 4.524, 4.405, 6.331, 6.616, 6.941, 7.342, 6.72, 6.98, 6.252, 3.212, 1.166, 0.0, 0.914, 1.585, 1.807, 1.384, 2.313, 2.515, 3.95, 4.681, 4.04, 4.269, 4.042, 3.043, 2.288, 2.064, 2.235, 2.132, 2.65, 3.867, 4.18, 4.374, 4.688, 5.804, 6.825, 6.364, 4.609, 4.802, 4.893, 5.838, 5.572, 5.659, 5.898, 7.28, 7.803, 7.569, 8.596, 9.742, 9.268, 8.262, 9.677, 10.774, 9.928, 10.83, 11.098, 12.005, 12.315, 11.936, 12.157, 12.337, 12.983, 13.406, 13.853, 13.999, 14.184, 14.284, 14.476, 14.423, 13.919, 13.728, 12.167, 12.168, 10.601, 7.554, 7.054, 4.445, 4.211, 3.645, 2.981, 2.444, 2.836, 3.124, 2.913, 2.478, 1.549], [5.515, 5.21, 5.184, 7.141, 7.426, 7.741, 8.142, 7.504, 7.781, 7.062, 3.98, 1.862, 0.914, 0.0, 1.05, 1.635, 1.703, 2.952, 3.231, 4.69, 5.432, 4.679, 4.991, 4.785, 3.783, 2.92, 2.701, 2.811, 2.576, 3.283, 4.528, 4.84, 5.028, 5.337, 6.472, 7.47, 7.017, 5.296, 5.447, 5.536, 6.509, 6.335, 6.447, 6.64, 8.058, 8.582, 8.38, 9.397, 10.553, 10.078, 9.005, 10.351, 11.514, 10.602, 11.504, 11.78, 12.639, 13.061, 12.652, 12.826, 12.991, 13.628, 14.17, 14.581, 14.695, 14.966, 15.075, 15.267, 15.209, 14.689, 14.519, 12.944, 12.849, 11.27, 8.208, 7.719, 5.083, 4.757, 4.012, 2.952, 2.627, 3.441, 3.758, 3.565, 3.054, 1.551], [6.016, 5.682, 5.689, 7.634, 7.914, 8.232, 8.622, 7.992, 8.261, 7.551, 4.513, 2.287, 1.585, 1.05, 0.0, 1.185, 1.747, 3.507, 3.598, 5.169, 5.952, 5.211, 5.357, 5.197, 4.288, 3.322, 2.898, 3.054, 2.894, 3.596, 4.878, 5.232, 5.343, 5.677, 6.888, 7.863, 7.342, 5.782, 5.859, 5.899, 7.026, 6.866, 6.98, 7.173, 8.583, 9.106, 8.886, 9.877, 11.04, 10.567, 9.538, 10.817, 12.056, 10.9, 11.782, 12.149, 12.967, 13.547, 13.102, 13.047, 13.22, 14.185, 14.676, 15.124, 15.203, 15.5, 15.61, 15.794, 15.74, 15.215, 15.045, 13.473, 13.274, 11.702, 8.547, 8.18, 5.276, 4.623, 3.673, 2.702, 2.641, 3.306, 3.957, 3.839, 3.249, 1.438], [6.033, 5.679, 5.692, 7.681, 7.966, 8.248, 8.627, 7.99, 8.269, 7.603, 4.534, 2.458, 1.807, 1.635, 1.185, 0.0, 1.64, 3.364, 3.541, 5.126, 5.813, 5.059, 5.393, 5.249, 4.302, 3.333, 2.902, 3.063, 2.909, 3.614, 4.903, 5.194, 5.331, 5.729, 6.94, 7.889, 7.349, 5.82, 5.88, 5.92, 7.047, 6.888, 7.008, 7.194, 8.577, 9.102, 8.907, 9.922, 11.092, 10.619, 9.56, 10.777, 11.985, 10.878, 11.754, 12.006, 12.931, 13.567, 13.066, 12.902, 13.007, 14.141, 14.689, 15.107, 15.205, 15.518, 15.627, 15.818, 15.753, 15.241, 15.071, 13.474, 13.314, 11.754, 8.623, 8.258, 5.267, 4.497, 3.326, 1.846, 2.373, 3.184, 3.958, 3.871, 3.25, 1.357], [4.408, 4.054, 4.077, 6.096, 6.381, 6.658, 7.049, 6.423, 6.687, 6.005, 2.974, 1.662, 1.384, 1.703, 1.747, 1.64, 0.0, 1.951, 2.097, 3.603, 4.329, 3.618, 3.904, 3.744, 2.793, 1.804, 1.524, 1.551, 1.456, 2.047, 3.348, 3.708, 3.843, 4.166, 5.336, 6.289, 5.786, 4.224, 4.257, 4.298, 5.422, 5.279, 5.399, 5.582, 6.962, 7.478, 7.307, 8.323, 9.496, 9.035, 7.942, 9.18, 10.44, 9.362, 10.247, 10.6, 11.392, 11.972, 11.52, 11.572, 11.734, 12.554, 13.113, 13.503, 13.6, 13.897, 14.007, 14.198, 14.14, 13.619, 13.449, 11.886, 11.72, 10.155, 7.04, 6.675, 3.751, 3.252, 2.613, 2.131, 1.558, 1.962, 2.406, 2.295, 1.743, 0.838], [3.587, 3.212, 2.879, 4.493, 4.779, 5.06, 5.414, 4.776, 5.081, 4.415, 1.564, 1.86, 2.313, 2.952, 3.507, 3.364, 1.951, 0.0, 0.863, 2.124, 2.724, 2.174, 2.502, 2.305, 1.578, 1.323, 1.352, 1.42, 1.635, 1.457, 2.166, 2.553, 2.727, 2.88, 4.115, 5.195, 4.863, 3.079, 3.144, 3.194, 4.069, 4.012, 3.845, 4.166, 5.385, 5.911, 5.719, 6.735, 7.904, 7.431, 6.441, 7.781, 8.82, 8.383, 9.383, 9.518, 10.301, 10.504, 10.329, 10.612, 10.65, 11.198, 11.515, 11.92, 12.164, 12.327, 12.43, 12.628, 12.558, 12.052, 11.88, 10.335, 10.481, 8.824, 5.879, 5.389, 3.146, 3.098, 2.777, 2.952, 2.511, 2.006, 1.791, 1.787, 1.474, 2.445], [3.48, 3.178, 2.596, 4.143, 4.428, 4.71, 5.124, 4.47, 4.745, 4.065, 1.249, 1.816, 2.515, 3.231, 3.598, 3.541, 2.097, 0.863, 0.0, 1.8, 2.483, 1.949, 2.112, 1.958, 1.341, 1.234, 1.363, 1.499, 1.842, 1.365, 1.764, 2.017, 2.158, 2.485, 3.751, 4.818, 4.485, 2.749, 2.72, 2.772, 3.679, 3.668, 3.553, 4.029, 5.05, 5.576, 5.381, 6.384, 7.554, 7.081, 6.091, 7.421, 8.546, 7.928, 8.896, 9.132, 9.922, 10.13, 9.798, 10.253, 10.374, 10.912, 11.261, 11.65, 11.768, 12.019, 12.114, 12.304, 12.248, 11.712, 11.543, 9.993, 10.069, 8.403, 5.492, 5.072, 2.91, 3.161, 2.995, 3.182, 2.609, 1.818, 1.49, 1.64, 1.463, 2.676], [3.089, 2.885, 2.179, 2.799, 3.06, 3.364, 3.685, 3.014, 3.358, 2.699, 1.462, 3.014, 3.95, 4.69, 5.169, 5.126, 3.603, 2.124, 1.8, 0.0, 1.002, 0.862, 0.986, 1.194, 1.452, 2.293, 2.833, 2.932, 3.06, 2.38, 1.479, 1.382, 1.391, 1.488, 2.65, 3.704, 3.352, 1.765, 1.746, 1.971, 2.596, 2.657, 2.745, 3.304, 3.814, 4.23, 4.058, 4.943, 6.125, 5.634, 4.931, 6.34, 7.324, 6.982, 8.028, 8.183, 8.875, 8.939, 8.911, 9.298, 9.441, 9.706, 9.996, 10.381, 10.584, 10.68, 10.681, 10.874, 10.82, 10.317, 10.132, 8.675, 8.872, 7.095, 4.296, 3.902, 2.493, 3.024, 3.42, 4.401, 3.774, 2.769, 1.906, 2.032, 2.253, 4.114], [3.058, 2.867, 2.204, 2.341, 2.643, 2.762, 3.075, 2.41, 2.748, 2.127, 2.017, 3.775, 4.681, 5.432, 5.952, 5.813, 4.329, 2.724, 2.483, 1.002, 0.0, 0.974, 1.233, 1.686, 2.234, 3.096, 3.62, 3.634, 3.761, 2.992, 1.915, 1.594, 1.617, 1.517, 2.254, 3.157, 2.808, 1.739, 1.642, 1.814, 2.412, 2.463, 2.69, 3.223, 3.574, 3.784, 3.765, 4.365, 5.53, 5.039, 4.395, 5.673, 6.638, 6.452, 7.516, 7.739, 8.273, 8.336, 8.339, 8.735, 8.805, 9.008, 9.25, 9.745, 10.06, 10.037, 10.079, 10.271, 10.218, 9.719, 9.523, 8.005, 8.222, 6.53, 4.091, 3.708, 2.511, 3.029, 3.744, 4.68, 4.304, 3.33, 2.457, 2.614, 3.006, 4.8], [3.122, 2.871, 2.212, 2.924, 3.224, 3.485, 3.872, 3.223, 3.5, 2.832, 1.673, 3.194, 4.04, 4.679, 5.211, 5.059, 3.618, 2.174, 1.949, 0.862, 0.974, 0.0, 1.018, 1.458, 1.682, 2.408, 2.951, 3.061, 3.151, 2.379, 1.512, 1.435, 1.465, 1.403, 2.564, 3.571, 3.218, 1.814, 1.739, 1.955, 2.507, 2.643, 2.795, 3.317, 3.939, 4.296, 4.207, 5.131, 6.323, 5.863, 4.839, 6.145, 7.234, 6.831, 7.852, 8.015, 8.667, 8.897, 8.726, 9.046, 9.169, 9.52, 9.922, 10.318, 10.547, 10.698, 10.8, 10.992, 10.929, 10.414, 10.244, 8.706, 8.815, 7.158, 4.418, 3.983, 2.637, 3.128, 3.372, 4.327, 3.686, 2.659, 1.84, 2.121, 2.266, 4.053], [3.162, 2.934, 2.236, 2.397, 2.722, 2.992, 3.474, 2.835, 3.07, 2.264, 1.42, 3.336, 4.269, 4.991, 5.357, 5.393, 3.904, 2.502, 2.112, 0.986, 1.233, 1.018, 0.0, 0.972, 1.397, 2.422, 2.998, 3.069, 3.196, 2.469, 1.429, 1.503, 1.536, 1.368, 2.465, 3.504, 3.154, 1.723, 1.833, 2.073, 2.495, 2.573, 2.713, 3.231, 3.55, 3.905, 3.785, 4.65, 5.766, 5.28, 4.691, 6.361, 7.347, 7.075, 8.005, 8.381, 8.972, 8.71, 8.831, 9.384, 9.601, 9.727, 9.865, 10.301, 10.517, 10.352, 10.354, 10.532, 10.47, 9.949, 9.77, 8.33, 8.552, 6.932, 4.321, 3.95, 3.041, 3.538, 3.834, 4.743, 4.02, 2.89, 2.064, 2.123, 2.417, 4.447], [2.829, 2.59, 2.079, 2.609, 2.911, 3.314, 3.815, 3.165, 3.389, 2.507, 1.28, 3.13, 4.042, 4.785, 5.197, 5.249, 3.744, 2.305, 1.958, 1.194, 1.686, 1.458, 0.972, 0.0, 1.137, 2.229, 2.767, 2.837, 2.976, 2.349, 1.496, 1.692, 1.705, 1.859, 2.913, 3.905, 3.529, 1.947, 1.919, 2.147, 2.763, 2.445, 2.937, 3.501, 3.839, 4.195, 3.971, 4.924, 5.96, 5.56, 5.101, 6.856, 7.901, 7.575, 8.468, 8.896, 9.438, 9.15, 9.293, 9.884, 10.075, 10.167, 10.365, 10.883, 11.022, 10.762, 10.672, 10.793, 10.761, 10.264, 9.975, 8.541, 8.747, 7.316, 4.715, 4.321, 3.148, 3.492, 3.91, 4.741, 3.933, 2.822, 1.924, 1.946, 2.259, 4.283], [2.711, 2.462, 1.873, 3.425, 3.722, 4.056, 4.545, 3.906, 4.14, 3.324, 0.988, 2.175, 3.043, 3.783, 4.288, 4.302, 2.793, 1.578, 1.341, 1.452, 2.234, 1.682, 1.397, 1.137, 0.0, 1.21, 1.766, 1.952, 2.103, 1.597, 1.452, 1.718, 1.825, 1.972, 3.028, 4.082, 3.729, 1.96, 2.1, 2.281, 3.015, 2.736, 2.962, 3.439, 4.37, 4.901, 4.668, 5.721, 6.839, 6.348, 5.465, 7.264, 8.35, 7.713, 8.523, 8.959, 9.62, 9.601, 9.478, 9.981, 10.174, 10.46, 10.826, 11.356, 11.321, 11.346, 11.375, 11.553, 11.491, 10.998, 10.805, 9.239, 9.319, 7.79, 4.858, 4.428, 2.852, 3.21, 3.444, 4.007, 3.262, 2.254, 1.47, 1.604, 1.576, 3.352], [3.048, 2.644, 2.443, 4.434, 4.721, 5.006, 5.468, 4.83, 5.077, 4.355, 1.429, 1.811, 2.288, 2.92, 3.322, 3.333, 1.804, 1.323, 1.234, 2.293, 3.096, 2.408, 2.422, 2.229, 1.21, 0.0, 0.82, 1.248, 1.406, 1.119, 1.925, 2.297, 2.438, 2.536, 3.654, 4.665, 4.222, 2.593, 2.638, 2.783, 3.722, 3.565, 3.675, 3.943, 5.301, 5.811, 5.658, 6.67, 7.84, 7.367, 6.261, 7.806, 9.057, 8.193, 8.95, 9.42, 10.105, 10.343, 10.095, 10.388, 10.599, 11.114, 11.668, 12.047, 11.979, 12.26, 12.339, 12.522, 12.46, 11.94, 11.762, 10.241, 10.086, 8.517, 5.431, 5.047, 2.807, 2.975, 2.949, 3.232, 2.639, 1.835, 1.257, 1.41, 1.11, 2.377], [3.44, 3.018, 2.971, 4.899, 5.183, 5.509, 5.975, 5.342, 5.574, 4.814, 1.848, 1.838, 2.064, 2.701, 2.898, 2.902, 1.524, 1.352, 1.363, 2.833, 3.62, 2.951, 2.998, 2.767, 1.766, 0.82, 0.0, 0.806, 1.066, 0.955, 2.181, 2.551, 2.631, 2.942, 4.121, 5.087, 4.723, 3.058, 3.067, 3.082, 4.161, 4.041, 4.116, 4.365, 5.806, 6.336, 6.174, 7.205, 8.321, 7.835, 6.709, 8.214, 9.517, 8.39, 9.153, 9.664, 10.358, 10.726, 10.343, 10.491, 10.726, 11.61, 12.088, 12.469, 12.425, 12.723, 12.753, 12.951, 12.899, 12.37, 12.197, 10.702, 10.547, 8.956, 5.87, 5.464, 3.134, 2.884, 2.683, 2.79, 2.108, 1.473, 1.475, 1.5, 1.07, 1.955], [3.531, 3.137, 3.04, 4.805, 5.09, 5.426, 5.924, 5.298, 5.519, 4.706, 1.993, 2.081, 2.235, 2.811, 3.054, 3.063, 1.551, 1.42, 1.499, 2.932, 3.634, 3.061, 3.069, 2.837, 1.952, 1.248, 0.806, 0.0, 0.896, 0.955, 2.105, 2.494, 2.521, 2.814, 4.014, 5.061, 4.746, 3.073, 2.975, 3.005, 4.025, 4.02, 3.994, 4.235, 5.699, 6.238, 6.101, 7.128, 8.205, 7.736, 6.634, 8.154, 9.454, 8.425, 9.231, 9.725, 10.354, 10.609, 10.291, 10.588, 10.814, 11.56, 12.033, 12.406, 12.357, 12.602, 12.635, 12.806, 12.741, 12.205, 12.032, 10.579, 10.441, 8.845, 5.848, 5.445, 3.368, 3.105, 2.677, 2.656, 2.009, 1.588, 1.666, 1.534, 1.298, 2.042], [3.52, 3.212, 3.164, 5.087, 5.362, 5.689, 6.173, 5.532, 5.737, 4.893, 2.24, 2.134, 2.132, 2.576, 2.894, 2.909, 1.456, 1.635, 1.842, 3.06, 3.761, 3.151, 3.196, 2.976, 2.103, 1.406, 1.066, 0.896, 0.0, 1.027, 2.174, 2.63, 2.723, 2.935, 4.142, 5.136, 4.802, 3.092, 3.121, 3.227, 4.251, 4.14, 4.259, 4.487, 5.96, 6.496, 6.362, 7.379, 8.476, 8.018, 6.855, 8.405, 9.67, 8.666, 9.358, 9.903, 10.575, 10.774, 10.521, 10.843, 11.079, 11.705, 12.205, 12.603, 12.517, 12.759, 12.788, 12.958, 12.894, 12.365, 12.185, 10.761, 10.587, 9.05, 6.106, 5.685, 3.514, 3.23, 2.778, 2.584, 1.984, 1.784, 1.766, 1.718, 1.431, 1.895], [3.088, 2.702, 2.543, 4.352, 4.628, 4.951, 5.43, 4.793, 5.006, 4.186, 1.71, 2.099, 2.65, 3.283, 3.596, 3.614, 2.047, 1.457, 1.365, 2.38, 2.992, 2.379, 2.469, 2.349, 1.597, 1.119, 0.955, 0.955, 1.027, 0.0, 1.352, 1.851, 1.931, 2.204, 3.409, 4.395, 4.122, 2.434, 2.403, 2.502, 3.526, 3.475, 3.543, 3.848, 5.229, 5.759, 5.624, 6.641, 7.741, 7.28, 6.138, 7.64, 8.92, 7.924, 8.685, 9.141, 9.768, 10.006, 9.7, 10.112, 10.334, 10.978, 11.434, 11.804, 11.765, 11.999, 12.056, 12.236, 12.181, 11.642, 11.473, 10.007, 9.836, 8.339, 5.384, 4.951, 2.907, 2.873, 2.683, 2.874, 2.257, 1.463, 1.261, 1.295, 1.16, 2.569], [2.679, 2.436, 2.01, 3.136, 3.416, 3.744, 4.231, 3.59, 3.791, 2.934, 1.459, 2.999, 3.867, 4.528, 4.878, 4.903, 3.348, 2.166, 1.764, 1.479, 1.915, 1.512, 1.429, 1.496, 1.452, 1.925, 2.181, 2.105, 2.174, 1.352, 0.0, 0.894, 0.923, 1.145, 2.435, 3.493, 3.237, 1.772, 1.45, 1.504, 2.484, 2.55, 2.753, 3.319, 4.013, 4.551, 4.417, 5.434, 6.523, 6.072, 5.082, 6.51, 7.719, 7.064, 7.911, 8.305, 8.88, 8.908, 8.751, 9.294, 9.536, 9.918, 10.269, 10.571, 10.673, 10.8, 10.825, 10.969, 10.912, 10.373, 10.185, 8.813, 8.787, 7.227, 4.52, 4.172, 2.596, 2.821, 3.054, 4.01, 3.169, 2.054, 1.36, 1.578, 1.887, 3.879], [2.72, 2.532, 1.807, 2.835, 3.107, 3.413, 3.888, 3.251, 3.447, 2.63, 1.693, 3.45, 4.18, 4.84, 5.232, 5.194, 3.708, 2.553, 2.017, 1.382, 1.594, 1.435, 1.503, 1.692, 1.718, 2.297, 2.551, 2.494, 2.63, 1.851, 0.894, 0.0, 0.582, 1.016, 2.07, 3.055, 2.844, 1.361, 1.17, 1.288, 2.109, 2.314, 2.404, 2.972, 3.747, 4.215, 4.082, 5.098, 6.222, 5.741, 4.675, 6.011, 7.277, 6.483, 7.36, 7.738, 8.344, 8.445, 8.16, 8.695, 8.932, 9.428, 9.797, 10.161, 10.292, 10.412, 10.493, 10.639, 10.585, 10.07, 9.889, 8.469, 8.339, 6.854, 4.108, 3.802, 2.288, 2.773, 3.436, 4.38, 3.507, 2.361, 1.537, 1.983, 2.307, 4.228], [2.609, 2.437, 1.844, 2.718, 3.012, 3.342, 3.822, 3.194, 3.398, 2.51, 1.81, 3.638, 4.374, 5.028, 5.343, 5.331, 3.843, 2.727, 2.158, 1.391, 1.617, 1.465, 1.536, 1.705, 1.825, 2.438, 2.631, 2.521, 2.723, 1.931, 0.923, 0.582, 0.0, 0.947, 1.921, 2.976, 2.751, 1.317, 0.992, 1.229, 2.03, 2.073, 2.347, 2.913, 3.647, 4.14, 4.01, 5.014, 6.108, 5.652, 4.612, 6.027, 7.277, 6.408, 7.254, 7.65, 8.293, 8.417, 8.153, 8.623, 8.86, 9.454, 9.814, 10.161, 10.207, 10.378, 10.432, 10.576, 10.508, 9.948, 9.779, 8.376, 8.27, 6.747, 3.986, 3.679, 2.359, 2.789, 3.46, 4.485, 3.591, 2.452, 1.634, 2.052, 2.419, 4.367], [2.674, 2.528, 1.926, 2.5, 2.823, 2.969, 3.433, 2.797, 3.018, 2.175, 1.997, 3.83, 4.688, 5.337, 5.677, 5.729, 4.166, 2.88, 2.485, 1.488, 1.517, 1.403, 1.368, 1.859, 1.972, 2.536, 2.942, 2.814, 2.935, 2.204, 1.145, 1.016, 0.947, 0.0, 1.404, 2.551, 2.342, 1.334, 1.272, 1.516, 1.886, 2.19, 2.251, 2.741, 3.524, 3.893, 3.877, 4.671, 5.714, 5.26, 4.164, 5.745, 6.998, 6.265, 7.046, 7.492, 8.07, 8.086, 7.954, 8.491, 8.712, 9.078, 9.479, 9.875, 9.793, 9.983, 10.052, 10.197, 10.126, 9.583, 9.378, 8.008, 7.896, 6.344, 3.711, 3.345, 2.566, 3.064, 3.664, 4.729, 3.918, 2.814, 1.93, 2.197, 2.627, 4.655], [2.366, 2.348, 2.123, 2.008, 2.288, 2.195, 2.463, 2.21, 2.109, 1.689, 3.166, 4.926, 5.804, 6.472, 6.888, 6.94, 5.336, 4.115, 3.751, 2.65, 2.254, 2.564, 2.465, 2.913, 3.028, 3.654, 4.121, 4.014, 4.142, 3.409, 2.435, 2.07, 1.921, 1.404, 0.0, 1.316, 1.261, 1.542, 1.454, 1.652, 1.33, 1.558, 1.778, 1.987, 2.709, 3.028, 3.085, 3.819, 4.557, 4.091, 3.107, 4.845, 5.969, 5.275, 5.932, 6.532, 7.017, 7.013, 6.781, 7.415, 7.628, 8.014, 8.448, 8.798, 8.655, 8.842, 8.883, 9.011, 8.945, 8.394, 8.187, 6.811, 6.632, 5.259, 2.814, 2.499, 2.559, 3.225, 4.487, 5.754, 4.955, 3.943, 3.053, 3.311, 3.797, 5.827], [2.984, 3.052, 3.047, 2.242, 2.246, 2.008, 1.958, 2.377, 2.021, 2.177, 4.162, 5.977, 6.825, 7.47, 7.863, 7.889, 6.289, 5.195, 4.818, 3.704, 3.157, 3.571, 3.504, 3.905, 4.082, 4.665, 5.087, 5.061, 5.136, 4.395, 3.493, 3.055, 2.976, 2.551, 1.316, 0.0, 1.065, 2.439, 2.385, 2.343, 1.646, 1.882, 2.251, 2.227, 2.487, 2.637, 2.987, 3.352, 3.682, 3.084, 2.337, 3.953, 4.972, 4.558, 5.038, 5.712, 6.05, 6.043, 5.766, 6.411, 6.675, 6.969, 7.46, 7.743, 7.634, 7.727, 7.756, 7.94, 7.888, 7.384, 7.193, 5.734, 5.632, 4.33, 2.359, 2.23, 3.382, 4.056, 5.347, 6.684, 5.913, 4.981, 4.093, 4.384, 4.811, 6.812], [2.895, 2.776, 2.636, 2.224, 2.075, 1.936, 1.995, 2.119, 1.864, 1.848, 3.816, 5.556, 6.364, 7.017, 7.342, 7.349, 5.786, 4.863, 4.485, 3.352, 2.808, 3.218, 3.154, 3.529, 3.729, 4.222, 4.723, 4.746, 4.802, 4.122, 3.237, 2.844, 2.751, 2.342, 1.261, 1.065, 0.0, 1.96, 1.975, 2.243, 1.89, 2.014, 2.416, 2.423, 2.788, 2.992, 3.28, 3.683, 4.075, 3.654, 2.748, 4.387, 5.418, 4.879, 5.473, 6.162, 6.587, 6.613, 6.393, 6.879, 7.119, 7.482, 7.96, 8.237, 8.226, 8.307, 8.329, 8.5, 8.445, 7.923, 7.748, 6.202, 6.118, 4.914, 2.704, 2.622, 3.09, 3.749, 4.971, 6.167, 5.521, 4.527, 3.729, 3.972, 4.383, 6.294], [2.296, 2.08, 1.53, 2.204, 2.383, 2.728, 3.207, 2.591, 2.753, 1.934, 2.302, 3.751, 4.609, 5.296, 5.782, 5.82, 4.224, 3.079, 2.749, 1.765, 1.739, 1.814, 1.723, 1.947, 1.96, 2.593, 3.058, 3.073, 3.092, 2.434, 1.772, 1.361, 1.317, 1.334, 1.542, 2.439, 1.96, 0.0, 0.968, 1.556, 1.694, 1.806, 1.933, 2.29, 3.167, 3.57, 3.447, 4.375, 5.442, 5.033, 4.025, 5.733, 6.845, 6.017, 6.812, 7.267, 7.964, 8.078, 7.879, 8.299, 8.5, 8.821, 9.292, 9.816, 9.722, 9.928, 9.938, 10.094, 10.049, 9.478, 9.291, 7.716, 7.601, 6.15, 3.361, 2.893, 2.358, 2.945, 3.834, 4.752, 4.072, 3.033, 2.144, 2.139, 2.73, 4.798], [2.081, 1.846, 1.394, 2.074, 2.374, 2.744, 3.237, 2.634, 2.813, 1.98, 2.079, 3.973, 4.802, 5.447, 5.859, 5.88, 4.257, 3.144, 2.72, 1.746, 1.642, 1.739, 1.833, 1.919, 2.1, 2.638, 3.067, 2.975, 3.121, 2.403, 1.45, 1.17, 0.992, 1.272, 1.454, 2.385, 1.975, 0.968, 0.0, 0.88, 1.424, 1.401, 1.8, 2.33, 3.062, 3.506, 3.367, 4.383, 5.46, 5.046, 3.993, 5.586, 6.792, 6.022, 6.826, 7.319, 7.938, 7.937, 7.798, 8.242, 8.484, 8.85, 9.333, 9.735, 9.692, 9.864, 9.867, 10.007, 9.978, 9.42, 9.229, 7.749, 7.615, 6.106, 3.365, 3.069, 2.164, 2.729, 3.797, 4.784, 4.015, 2.98, 2.07, 2.307, 2.782, 4.798], [1.914, 1.696, 1.656, 1.992, 2.313, 2.574, 3.065, 2.739, 2.736, 2.092, 2.117, 4.052, 4.893, 5.536, 5.899, 5.92, 4.298, 3.194, 2.772, 1.971, 1.814, 1.955, 2.073, 2.147, 2.281, 2.783, 3.082, 3.005, 3.227, 2.502, 1.504, 1.288, 1.229, 1.516, 1.652, 2.343, 2.243, 1.556, 0.88, 0.0, 1.34, 1.401, 1.831, 2.281, 2.946, 3.364, 3.222, 4.248, 5.36, 4.883, 3.877, 5.287, 6.542, 5.839, 6.693, 7.158, 7.724, 7.817, 7.647, 8.051, 8.299, 8.703, 9.092, 9.502, 9.595, 9.696, 9.736, 9.928, 9.866, 9.34, 9.17, 7.722, 7.617, 6.018, 3.19, 2.99, 2.032, 2.503, 3.712, 4.749, 4.003, 2.983, 2.102, 2.459, 2.802, 4.838], [1.802, 1.975, 1.962, 1.395, 1.875, 2.206, 2.621, 2.661, 2.371, 2.03, 3.061, 4.974, 5.838, 6.509, 7.026, 7.047, 5.422, 4.069, 3.679, 2.596, 2.412, 2.507, 2.495, 2.763, 3.015, 3.722, 4.161, 4.025, 4.251, 3.526, 2.484, 2.109, 2.03, 1.886, 1.33, 1.646, 1.89, 1.694, 1.424, 1.34, 0.0, 0.901, 1.124, 1.455, 1.907, 2.318, 2.203, 3.162, 4.239, 3.839, 2.863, 4.553, 5.741, 5.125, 5.984, 6.407, 6.966, 6.901, 6.807, 7.375, 7.626, 7.838, 8.267, 8.691, 8.662, 8.746, 8.721, 8.852, 8.838, 8.279, 8.095, 6.622, 6.543, 5.087, 2.299, 1.985, 2.445, 3.141, 4.524, 5.837, 5.062, 4.113, 3.211, 3.345, 3.904, 5.965], [1.611, 1.701, 1.616, 1.541, 2.006, 2.323, 2.72, 2.673, 2.421, 1.969, 2.882, 4.708, 5.572, 6.335, 6.866, 6.888, 5.279, 4.012, 3.668, 2.657, 2.463, 2.643, 2.573, 2.445, 2.736, 3.565, 4.041, 4.02, 4.14, 3.475, 2.55, 2.314, 2.073, 2.19, 1.558, 1.882, 2.014, 1.806, 1.401, 1.401, 0.901, 0.0, 1.209, 1.554, 2.153, 2.526, 2.382, 3.379, 4.414, 4.034, 3.14, 4.992, 6.148, 5.509, 6.305, 6.772, 7.366, 7.273, 7.173, 7.751, 7.97, 8.222, 8.623, 9.095, 9.068, 8.988, 8.932, 9.059, 9.04, 8.523, 8.305, 6.863, 6.826, 5.492, 2.748, 2.404, 2.32, 2.955, 4.292, 5.683, 4.902, 3.953, 3.026, 3.222, 3.754, 5.805], [1.894, 2.013, 1.745, 1.895, 2.259, 2.547, 2.925, 2.755, 2.612, 2.166, 3.225, 4.903, 5.659, 6.447, 6.98, 7.008, 5.399, 3.845, 3.553, 2.745, 2.69, 2.795, 2.713, 2.937, 2.962, 3.675, 4.116, 3.994, 4.259, 3.543, 2.753, 2.404, 2.347, 2.251, 1.778, 2.251, 2.416, 1.933, 1.8, 1.831, 1.124, 1.209, 0.0, 0.788, 1.798, 2.303, 2.213, 3.165, 4.261, 3.798, 2.868, 4.675, 5.806, 5.334, 6.142, 6.601, 7.186, 7.003, 6.985, 7.579, 7.827, 8.076, 8.347, 8.752, 8.756, 8.71, 8.712, 8.847, 8.82, 8.324, 8.131, 6.657, 6.832, 5.261, 2.465, 2.073, 2.074, 2.823, 4.388, 5.802, 5.016, 4.077, 3.198, 3.356, 3.858, 5.919], [1.867, 1.967, 2.106, 2.116, 2.264, 2.541, 2.872, 2.932, 2.666, 2.393, 3.723, 5.269, 5.898, 6.64, 7.173, 7.194, 5.582, 4.166, 4.029, 3.304, 3.223, 3.317, 3.231, 3.501, 3.439, 3.943, 4.365, 4.235, 4.487, 3.848, 3.319, 2.972, 2.913, 2.741, 1.987, 2.227, 2.423, 2.29, 2.33, 2.281, 1.455, 1.554, 0.788, 0.0, 1.677, 2.129, 2.171, 3.051, 4.051, 3.603, 2.658, 4.471, 5.608, 5.124, 5.924, 6.372, 6.975, 6.836, 6.786, 7.368, 7.593, 7.838, 8.139, 8.572, 8.509, 8.514, 8.531, 8.654, 8.645, 8.144, 7.96, 6.45, 6.59, 5.047, 2.216, 1.786, 2.388, 3.01, 4.571, 5.986, 5.208, 4.418, 3.634, 3.68, 4.1, 6.112], [2.924, 3.187, 3.095, 1.697, 1.533, 1.811, 2.375, 2.484, 2.089, 2.062, 4.263, 6.392, 7.28, 8.058, 8.583, 8.577, 6.962, 5.385, 5.05, 3.814, 3.574, 3.939, 3.55, 3.839, 4.37, 5.301, 5.806, 5.699, 5.96, 5.229, 4.013, 3.747, 3.647, 3.524, 2.709, 2.487, 2.788, 3.167, 3.062, 2.946, 1.907, 2.153, 1.798, 1.677, 0.0, 0.875, 1.139, 1.681, 2.585, 2.324, 2.193, 3.906, 4.895, 4.722, 5.613, 5.957, 6.526, 6.289, 6.44, 6.962, 7.162, 7.275, 7.453, 7.788, 8.072, 7.661, 7.338, 7.57, 7.519, 7.182, 6.807, 5.637, 6.079, 4.558, 1.884, 1.652, 3.586, 4.35, 5.953, 7.366, 6.675, 5.803, 4.897, 4.961, 5.491, 7.537], [3.405, 3.699, 3.504, 1.743, 1.603, 1.729, 2.348, 2.455, 1.993, 2.166, 4.672, 6.916, 7.803, 8.582, 9.106, 9.102, 7.478, 5.911, 5.576, 4.23, 3.784, 4.296, 3.905, 4.195, 4.901, 5.811, 6.336, 6.238, 6.496, 5.759, 4.551, 4.215, 4.14, 3.893, 3.028, 2.637, 2.992, 3.57, 3.506, 3.364, 2.318, 2.526, 2.303, 2.129, 0.875, 0.0, 0.876, 1.262, 2.151, 2.058, 2.246, 3.892, 4.844, 4.775, 5.684, 6.044, 6.535, 6.32, 6.466, 7.015, 7.198, 7.293, 7.427, 7.77, 8.092, 7.619, 7.177, 7.345, 7.363, 7.093, 6.732, 5.618, 6.051, 4.576, 2.093, 2.043, 4.114, 4.892, 6.478, 7.892, 7.185, 6.318, 5.438, 5.524, 6.0, 8.047], [3.199, 3.491, 3.328, 1.632, 1.57, 1.892, 2.528, 2.588, 2.161, 2.258, 4.466, 6.694, 7.569, 8.38, 8.886, 8.907, 7.307, 5.719, 5.381, 4.058, 3.765, 4.207, 3.785, 3.971, 4.668, 5.658, 6.174, 6.101, 6.362, 5.624, 4.417, 4.082, 4.01, 3.877, 3.085, 2.987, 3.28, 3.447, 3.367, 3.222, 2.203, 2.382, 2.213, 2.171, 1.139, 0.876, 0.0, 1.183, 2.481, 2.463, 2.875, 4.53, 5.4, 5.348, 6.3, 6.634, 7.184, 6.903, 7.075, 7.64, 7.809, 7.885, 7.961, 8.361, 8.709, 8.19, 7.682, 7.835, 7.862, 7.611, 7.266, 6.127, 6.572, 5.133, 2.528, 2.286, 3.982, 4.778, 6.283, 7.697, 7.009, 6.123, 5.242, 5.281, 5.817, 7.886], [4.263, 4.536, 4.404, 2.449, 2.131, 2.17, 2.61, 2.75, 2.381, 2.782, 5.497, 7.697, 8.596, 9.397, 9.877, 9.922, 8.323, 6.735, 6.384, 4.943, 4.365, 5.131, 4.65, 4.924, 5.721, 6.67, 7.205, 7.128, 7.379, 6.641, 5.434, 5.098, 5.014, 4.671, 3.819, 3.352, 3.683, 4.375, 4.383, 4.248, 3.162, 3.379, 3.165, 3.051, 1.681, 1.262, 1.183, 0.0, 1.505, 1.541, 2.439, 3.824, 4.562, 4.795, 5.762, 6.19, 6.606, 6.248, 6.479, 7.094, 7.224, 7.125, 7.252, 7.61, 8.086, 7.435, 6.8, 6.912, 6.943, 6.733, 6.409, 5.339, 5.926, 4.506, 2.407, 2.406, 4.853, 5.626, 7.219, 8.633, 8.033, 7.176, 6.296, 6.271, 6.849, 8.901], [5.308, 5.601, 5.488, 3.454, 3.174, 2.9, 2.715, 3.27, 2.94, 3.654, 6.629, 8.858, 9.742, 10.553, 11.04, 11.092, 9.496, 7.904, 7.554, 6.125, 5.53, 6.323, 5.766, 5.96, 6.839, 7.84, 8.321, 8.205, 8.476, 7.741, 6.523, 6.222, 6.108, 5.714, 4.557, 3.682, 4.075, 5.442, 5.46, 5.36, 4.239, 4.414, 4.261, 4.051, 2.585, 2.151, 2.481, 1.505, 0.0, 0.92, 2.136, 3.128, 3.575, 4.186, 4.811, 5.392, 5.751, 5.284, 5.519, 6.211, 6.364, 6.295, 6.341, 6.665, 7.106, 6.398, 5.639, 5.649, 5.706, 5.507, 5.199, 4.206, 4.83, 3.544, 2.643, 3.088, 6.012, 6.775, 8.378, 9.792, 9.195, 8.297, 7.391, 7.326, 8.002, 10.071], [4.994, 5.212, 5.172, 3.288, 2.931, 2.655, 2.601, 3.038, 2.699, 3.293, 6.139, 8.385, 9.268, 10.078, 10.567, 10.619, 9.035, 7.431, 7.081, 5.634, 5.039, 5.863, 5.28, 5.56, 6.348, 7.367, 7.835, 7.736, 8.018, 7.28, 6.072, 5.741, 5.652, 5.26, 4.091, 3.084, 3.654, 5.033, 5.046, 4.883, 3.839, 4.034, 3.798, 3.603, 2.324, 2.058, 2.463, 1.541, 0.92, 0.0, 1.662, 2.843, 3.384, 3.929, 4.521, 5.152, 5.436, 4.925, 5.137, 5.856, 6.107, 6.006, 6.031, 6.301, 6.766, 6.088, 5.469, 5.603, 5.575, 5.333, 5.005, 3.984, 4.576, 3.181, 2.198, 2.545, 5.508, 6.272, 7.878, 9.293, 8.721, 7.806, 6.908, 6.894, 7.529, 9.598], [4.094, 4.352, 4.313, 3.306, 3.217, 3.157, 3.25, 3.601, 3.238, 3.364, 5.394, 7.366, 8.262, 9.005, 9.538, 9.56, 7.942, 6.441, 6.091, 4.931, 4.395, 4.839, 4.691, 5.101, 5.465, 6.261, 6.709, 6.634, 6.855, 6.138, 5.082, 4.675, 4.612, 4.164, 3.107, 2.337, 2.748, 4.025, 3.993, 3.877, 2.863, 3.14, 2.868, 2.658, 2.193, 2.246, 2.875, 2.439, 2.136, 1.662, 0.0, 1.991, 3.055, 2.826, 3.568, 4.117, 4.496, 4.29, 4.268, 4.93, 5.128, 5.304, 5.573, 6.002, 6.013, 6.048, 6.08, 6.291, 6.227, 5.715, 5.557, 4.044, 4.184, 2.621, 1.388, 1.692, 4.569, 5.333, 6.936, 8.349, 7.574, 6.695, 5.786, 5.982, 6.417, 8.477], [5.951, 6.161, 6.137, 4.993, 4.87, 4.715, 4.63, 5.02, 4.699, 5.002, 6.929, 8.859, 9.677, 10.351, 10.817, 10.777, 9.18, 7.781, 7.421, 6.34, 5.673, 6.145, 6.361, 6.856, 7.264, 7.806, 8.214, 8.154, 8.405, 7.64, 6.51, 6.011, 6.027, 5.745, 4.845, 3.953, 4.387, 5.733, 5.586, 5.287, 4.553, 4.992, 4.675, 4.471, 3.906, 3.892, 4.53, 3.824, 3.128, 2.843, 1.991, 0.0, 1.338, 1.36, 2.209, 2.532, 2.951, 3.032, 2.908, 3.404, 3.518, 3.727, 4.124, 4.401, 4.787, 4.822, 4.878, 5.07, 5.008, 4.491, 4.335, 2.836, 3.012, 1.529, 2.896, 3.338, 5.869, 6.6, 8.154, 9.557, 8.862, 8.093, 7.261, 7.574, 7.875, 9.692], [7.096, 7.332, 7.301, 5.854, 5.668, 5.45, 5.113, 5.656, 5.349, 5.84, 7.973, 9.943, 10.774, 11.514, 12.056, 11.985, 10.44, 8.82, 8.546, 7.324, 6.638, 7.234, 7.347, 7.901, 8.35, 9.057, 9.517, 9.454, 9.67, 8.92, 7.719, 7.277, 7.277, 6.998, 5.969, 4.972, 5.418, 6.845, 6.792, 6.542, 5.741, 6.148, 5.806, 5.608, 4.895, 4.844, 5.4, 4.562, 3.575, 3.384, 3.055, 1.338, 0.0, 1.651, 1.92, 2.18, 2.346, 2.242, 2.422, 2.783, 2.822, 2.972, 3.141, 3.426, 4.001, 3.776, 3.678, 3.867, 3.805, 3.317, 3.138, 1.816, 2.223, 1.333, 4.09, 4.497, 7.068, 7.803, 9.354, 10.753, 10.154, 9.396, 8.565, 8.791, 9.142, 10.974], [6.392, 6.533, 6.567, 5.818, 5.745, 5.702, 5.745, 6.11, 5.779, 5.892, 7.714, 9.217, 9.928, 10.602, 10.9, 10.878, 9.362, 8.383, 7.928, 6.982, 6.452, 6.831, 7.075, 7.575, 7.713, 8.193, 8.39, 8.425, 8.666, 7.924, 7.064, 6.483, 6.408, 6.265, 5.275, 4.558, 4.879, 6.017, 6.022, 5.839, 5.125, 5.509, 5.334, 5.124, 4.722, 4.775, 5.348, 4.795, 4.186, 3.929, 2.826, 1.36, 1.651, 0.0, 1.205, 1.566, 2.216, 2.779, 2.265, 2.407, 2.589, 3.374, 3.84, 4.281, 4.428, 4.666, 4.775, 4.968, 4.911, 4.389, 4.226, 2.814, 2.583, 1.682, 3.206, 3.736, 6.054, 6.719, 8.234, 9.659, 9.001, 8.213, 7.495, 7.829, 8.153, 9.896], [7.093, 7.199, 7.355, 6.747, 6.679, 6.584, 6.504, 7.032, 6.634, 6.772, 8.608, 10.155, 10.83, 11.504, 11.782, 11.754, 10.247, 9.383, 8.896, 8.028, 7.516, 7.852, 8.005, 8.468, 8.523, 8.95, 9.153, 9.231, 9.358, 8.685, 7.911, 7.36, 7.254, 7.046, 5.932, 5.038, 5.473, 6.812, 6.826, 6.693, 5.984, 6.305, 6.142, 5.924, 5.613, 5.684, 6.3, 5.762, 4.811, 4.521, 3.568, 2.209, 1.92, 1.205, 0.0, 1.111, 1.582, 1.925, 1.444, 1.724, 1.907, 2.757, 3.165, 3.523, 3.574, 3.843, 3.901, 4.095, 4.033, 3.512, 3.391, 2.273, 1.908, 1.708, 4.127, 4.541, 6.897, 7.56, 9.117, 10.558, 9.83, 8.899, 8.158, 8.64, 8.95, 10.75], [7.614, 7.776, 7.795, 7.154, 7.086, 7.057, 6.934, 7.402, 7.088, 7.282, 9.001, 10.419, 11.098, 11.78, 12.149, 12.006, 10.6, 9.518, 9.132, 8.183, 7.739, 8.015, 8.381, 8.896, 8.959, 9.42, 9.664, 9.725, 9.903, 9.141, 8.305, 7.738, 7.65, 7.492, 6.532, 5.712, 6.162, 7.267, 7.319, 7.158, 6.407, 6.772, 6.601, 6.372, 5.957, 6.044, 6.634, 6.19, 5.392, 5.152, 4.117, 2.532, 2.18, 1.566, 1.111, 0.0, 1.074, 1.685, 1.341, 1.491, 1.466, 2.247, 2.823, 3.206, 3.286, 3.623, 3.674, 3.892, 3.858, 3.437, 3.319, 2.507, 2.199, 2.309, 4.514, 5.025, 7.27, 7.942, 9.387, 10.806, 10.217, 9.44, 8.759, 9.098, 9.412, 11.07], [8.25, 8.468, 8.474, 7.66, 7.579, 7.47, 7.323, 7.832, 7.505, 7.731, 9.52, 11.192, 12.005, 12.639, 12.967, 12.931, 11.392, 10.301, 9.922, 8.875, 8.273, 8.667, 8.972, 9.438, 9.62, 10.105, 10.358, 10.354, 10.575, 9.768, 8.88, 8.344, 8.293, 8.07, 7.017, 6.05, 6.587, 7.964, 7.938, 7.724, 6.966, 7.366, 7.186, 6.975, 6.526, 6.535, 7.184, 6.606, 5.751, 5.436, 4.496, 2.951, 2.346, 2.216, 1.582, 1.074, 0.0, 1.094, 0.951, 1.108, 1.065, 1.551, 2.055, 2.341, 2.42, 2.693, 2.839, 3.109, 3.135, 2.778, 2.729, 2.024, 1.672, 2.406, 5.19, 5.702, 8.141, 8.828, 10.304, 11.718, 11.054, 10.261, 9.464, 9.79, 10.088, 11.867], [8.196, 8.497, 8.54, 7.312, 7.175, 7.084, 6.999, 7.533, 7.154, 7.267, 9.385, 11.477, 12.315, 13.061, 13.547, 13.567, 11.972, 10.504, 10.13, 8.939, 8.336, 8.897, 8.71, 9.15, 9.601, 10.343, 10.726, 10.609, 10.774, 10.006, 8.908, 8.445, 8.417, 8.086, 7.013, 6.043, 6.613, 8.078, 7.937, 7.817, 6.901, 7.273, 7.003, 6.836, 6.289, 6.32, 6.903, 6.248, 5.284, 4.925, 4.29, 3.032, 2.242, 2.779, 1.925, 1.685, 1.094, 0.0, 1.011, 1.549, 1.688, 1.607, 1.846, 2.006, 2.222, 2.093, 2.145, 2.482, 2.431, 2.004, 2.005, 1.487, 1.458, 2.269, 5.398, 5.735, 8.604, 9.332, 10.914, 12.346, 11.6, 10.672, 9.763, 10.027, 10.514, 12.506], [8.084, 8.353, 8.373, 7.521, 7.441, 7.319, 7.192, 7.753, 7.351, 7.534, 9.407, 11.206, 11.936, 12.652, 13.102, 13.066, 11.52, 10.329, 9.798, 8.911, 8.339, 8.726, 8.831, 9.293, 9.478, 10.095, 10.343, 10.291, 10.521, 9.7, 8.751, 8.16, 8.153, 7.954, 6.781, 5.766, 6.393, 7.879, 7.798, 7.647, 6.807, 7.173, 6.985, 6.786, 6.44, 6.466, 7.075, 6.479, 5.519, 5.137, 4.268, 2.908, 2.422, 2.265, 1.444, 1.341, 0.951, 1.011, 0.0, 1.166, 1.388, 1.904, 2.23, 2.366, 2.358, 2.544, 2.654, 2.929, 2.954, 2.55, 2.516, 2.013, 1.651, 2.279, 5.181, 5.589, 8.208, 8.89, 10.389, 11.874, 11.059, 10.13, 9.361, 9.8, 10.183, 12.065], [8.612, 8.767, 8.815, 8.131, 8.054, 7.963, 7.817, 8.356, 7.992, 8.188, 9.953, 11.509, 12.157, 12.826, 13.047, 12.902, 11.572, 10.612, 10.253, 9.298, 8.735, 9.046, 9.384, 9.884, 9.981, 10.388, 10.491, 10.588, 10.843, 10.112, 9.294, 8.695, 8.623, 8.491, 7.415, 6.411, 6.879, 8.299, 8.242, 8.051, 7.375, 7.751, 7.579, 7.368, 6.962, 7.015, 7.64, 7.094, 6.211, 5.856, 4.93, 3.404, 2.783, 2.407, 1.724, 1.491, 1.108, 1.549, 1.166, 0.0, 0.784, 1.783, 2.23, 2.551, 2.698, 3.004, 3.302, 3.632, 3.625, 3.296, 3.3, 2.637, 2.192, 2.821, 5.492, 6.036, 8.295, 8.84, 10.08, 11.776, 10.828, 10.138, 9.668, 10.112, 10.345, 11.949], [8.854, 9.009, 9.066, 8.281, 8.198, 8.072, 7.904, 8.402, 8.081, 8.343, 10.193, 11.671, 12.337, 12.991, 13.22, 13.007, 11.734, 10.65, 10.374, 9.441, 8.805, 9.169, 9.601, 10.075, 10.174, 10.599, 10.726, 10.814, 11.079, 10.334, 9.536, 8.932, 8.86, 8.712, 7.628, 6.675, 7.119, 8.5, 8.484, 8.299, 7.626, 7.97, 7.827, 7.593, 7.162, 7.198, 7.809, 7.224, 6.364, 6.107, 5.128, 3.518, 2.822, 2.589, 1.907, 1.466, 1.065, 1.688, 1.388, 0.784, 0.0, 1.438, 1.951, 2.356, 2.47, 2.81, 3.285, 3.564, 3.605, 3.311, 3.335, 2.739, 2.288, 3.035, 5.688, 6.225, 8.448, 8.987, 10.248, 11.846, 11.16, 10.423, 9.912, 10.318, 10.576, 12.097], [9.144, 9.346, 9.362, 8.344, 8.196, 8.02, 7.866, 8.336, 8.015, 8.328, 10.352, 12.111, 12.983, 13.628, 14.185, 14.141, 12.554, 11.198, 10.912, 9.706, 9.008, 9.52, 9.727, 10.167, 10.46, 11.114, 11.61, 11.56, 11.705, 10.978, 9.918, 9.428, 9.454, 9.078, 8.014, 6.969, 7.482, 8.821, 8.85, 8.703, 7.838, 8.222, 8.076, 7.838, 7.275, 7.293, 7.885, 7.125, 6.295, 6.006, 5.304, 3.727, 2.972, 3.374, 2.757, 2.247, 1.551, 1.607, 1.904, 1.783, 1.438, 0.0, 1.01, 1.483, 1.607, 1.857, 2.587, 2.847, 2.91, 2.573, 2.623, 2.419, 2.114, 3.199, 6.107, 6.567, 9.165, 9.975, 11.484, 12.889, 12.291, 11.52, 10.668, 10.845, 11.218, 13.09], [9.541, 9.807, 9.812, 8.379, 8.26, 8.146, 7.999, 8.508, 8.139, 8.403, 10.537, 12.541, 13.406, 14.17, 14.676, 14.689, 13.113, 11.515, 11.261, 9.996, 9.25, 9.922, 9.865, 10.365, 10.826, 11.668, 12.088, 12.033, 12.205, 11.434, 10.269, 9.797, 9.814, 9.479, 8.448, 7.46, 7.96, 9.292, 9.333, 9.092, 8.267, 8.623, 8.347, 8.139, 7.453, 7.427, 7.961, 7.252, 6.341, 6.031, 5.573, 4.124, 3.141, 3.84, 3.165, 2.823, 2.055, 1.846, 2.23, 2.23, 1.951, 1.01, 0.0, 0.975, 1.351, 1.502, 2.207, 2.43, 2.444, 2.187, 2.329, 2.545, 2.35, 3.478, 6.573, 6.978, 9.681, 10.405, 11.964, 13.408, 12.792, 11.977, 11.135, 11.27, 11.734, 13.646], [10.02, 10.274, 10.287, 8.855, 8.661, 8.484, 8.282, 8.849, 8.448, 8.805, 10.954, 13.004, 13.853, 14.581, 15.124, 15.107, 13.503, 11.92, 11.65, 10.381, 9.745, 10.318, 10.301, 10.883, 11.356, 12.047, 12.469, 12.406, 12.603, 11.804, 10.571, 10.161, 10.161, 9.875, 8.798, 7.743, 8.237, 9.816, 9.735, 9.502, 8.691, 9.095, 8.752, 8.572, 7.788, 7.77, 8.361, 7.61, 6.665, 6.301, 6.002, 4.401, 3.426, 4.281, 3.523, 3.206, 2.341, 2.006, 2.366, 2.551, 2.356, 1.483, 0.975, 0.0, 0.981, 1.085, 1.86, 2.023, 1.972, 1.788, 2.094, 2.746, 2.652, 3.968, 7.099, 7.504, 10.156, 10.874, 12.415, 13.878, 13.157, 12.349, 11.523, 11.779, 12.147, 14.011], [9.926, 10.2, 10.18, 9.178, 9.082, 8.952, 8.735, 9.335, 8.916, 9.215, 11.134, 13.11, 13.999, 14.695, 15.203, 15.205, 13.6, 12.164, 11.768, 10.584, 10.06, 10.547, 10.517, 11.022, 11.321, 11.979, 12.425, 12.357, 12.517, 11.765, 10.673, 10.292, 10.207, 9.793, 8.655, 7.634, 8.226, 9.722, 9.692, 9.595, 8.662, 9.068, 8.756, 8.509, 8.072, 8.092, 8.709, 8.086, 7.106, 6.766, 6.013, 4.787, 4.001, 4.428, 3.574, 3.286, 2.42, 2.222, 2.358, 2.698, 2.47, 1.607, 1.351, 0.981, 0.0, 1.006, 1.994, 2.164, 2.049, 1.929, 2.296, 2.965, 2.677, 3.986, 7.04, 7.448, 10.213, 10.997, 12.551, 13.968, 13.241, 12.387, 11.502, 11.728, 12.111, 14.132], [9.891, 10.224, 10.133, 8.654, 8.476, 8.316, 8.099, 8.67, 8.256, 8.586, 11.059, 13.309, 14.184, 14.966, 15.5, 15.518, 13.897, 12.327, 12.019, 10.68, 10.037, 10.698, 10.352, 10.762, 11.346, 12.26, 12.723, 12.602, 12.759, 11.999, 10.8, 10.412, 10.378, 9.983, 8.842, 7.727, 8.307, 9.928, 9.864, 9.696, 8.746, 8.988, 8.71, 8.514, 7.661, 7.619, 8.19, 7.435, 6.398, 6.088, 6.048, 4.822, 3.776, 4.666, 3.843, 3.623, 2.693, 2.093, 2.544, 3.004, 2.81, 1.857, 1.502, 1.085, 1.006, 0.0, 1.384, 1.602, 1.514, 1.454, 1.732, 2.477, 2.611, 4.096, 7.244, 7.666, 10.5, 11.268, 12.861, 14.29, 13.546, 12.619, 11.747, 11.996, 12.421, 14.445], [9.829, 10.168, 10.101, 8.35, 8.077, 7.766, 7.419, 7.981, 7.722, 8.275, 11.126, 13.411, 14.284, 15.075, 15.61, 15.627, 14.007, 12.43, 12.114, 10.681, 10.079, 10.8, 10.354, 10.672, 11.375, 12.339, 12.753, 12.635, 12.788, 12.056, 10.825, 10.493, 10.43