[[0.0, 0.937, 1.639, 1.921, 2.249, 2.435, 2.798, 2.623, 2.551, 4.392, 5.24, 5.001, 5.46, 6.126, 6.374, 6.37, 7.574, 7.967, 8.388, 8.343, 8.594, 8.755, 8.879, 8.659, 8.662, 8.68, 7.852, 6.581, 6.019, 5.821, 6.592, 9.162, 11.603, 12.014, 12.353, 11.756, 11.127, 10.974, 9.831, 9.141, 10.254, 10.525, 10.1, 10.256, 10.314, 9.768, 7.981, 7.276, 7.38, 6.159, 4.73, 3.704, 3.237, 3.542, 3.513, 2.376, 2.241, 2.65, 2.812, 2.408, 2.169, 1.884, 1.844, 1.737, 1.789, 1.756, 1.811, 2.089, 1.921, 1.674, 1.6, 2.068, 2.147, 2.216, 2.232, 2.446, 2.38, 2.422, 2.501, 3.21, 4.615, 4.995, 5.304, 5.305, 5.055, 5.002], [0.937, 0.0, 1.056, 1.339, 1.564, 1.732, 2.11, 2.144, 2.058, 3.897, 4.73, 4.509, 4.926, 5.486, 5.634, 5.652, 6.728, 7.134, 7.545, 7.499, 7.755, 7.915, 8.038, 7.818, 7.821, 7.839, 7.008, 5.734, 5.203, 4.995, 5.752, 8.33, 10.758, 11.166, 11.507, 10.932, 10.291, 10.143, 8.992, 8.298, 9.414, 9.704, 9.29, 9.436, 9.483, 8.935, 7.142, 6.464, 6.566, 5.349, 3.965, 2.962, 2.731, 2.971, 3.04, 2.064, 2.164, 2.796, 3.021, 2.673, 2.608, 2.22, 2.152, 2.187, 1.986, 2.058, 2.123, 2.533, 2.33, 1.794, 1.725, 1.823, 2.077, 2.085, 2.003, 2.102, 2.136, 2.274, 2.36, 2.896, 3.874, 4.246, 4.672, 4.633, 4.339, 4.314], [1.639, 1.056, 0.0, 0.794, 1.091, 1.341, 1.43, 1.55, 1.613, 3.153, 3.912, 3.683, 4.17, 4.784, 4.952, 4.963, 6.023, 6.456, 6.875, 6.83, 7.082, 7.242, 7.373, 7.164, 7.166, 7.175, 6.344, 5.105, 4.608, 4.313, 5.07, 7.639, 10.085, 10.494, 10.834, 10.231, 9.609, 9.483, 8.33, 7.626, 8.758, 9.044, 8.641, 8.817, 8.891, 8.358, 6.565, 5.888, 5.99, 4.77, 3.398, 2.675, 2.447, 2.665, 2.697, 2.036, 2.652, 3.542, 3.711, 3.463, 3.292, 2.741, 2.875, 2.564, 2.43, 2.51, 2.596, 3.086, 2.897, 2.191, 2.131, 2.035, 2.146, 2.134, 1.989, 1.86, 1.92, 2.129, 2.183, 2.484, 3.24, 3.588, 3.943, 4.01, 3.773, 3.768], [1.921, 1.339, 0.794, 0.0, 0.915, 1.072, 1.197, 1.433, 1.555, 2.902, 3.61, 3.362, 3.741, 4.352, 4.559, 4.544, 5.812, 6.248, 6.674, 6.618, 6.871, 7.061, 7.233, 7.024, 7.026, 7.035, 6.133, 4.913, 4.493, 4.161, 4.881, 7.449, 9.874, 10.285, 10.622, 10.052, 9.398, 9.259, 8.108, 7.406, 8.529, 8.875, 8.465, 8.605, 8.641, 8.108, 6.315, 5.637, 5.739, 4.578, 3.175, 2.485, 2.401, 2.468, 2.617, 2.052, 2.866, 3.791, 3.95, 3.646, 3.463, 2.919, 3.019, 2.518, 2.182, 2.303, 2.453, 3.008, 2.86, 2.067, 1.956, 1.802, 1.788, 1.84, 1.765, 1.74, 1.738, 1.774, 1.836, 2.319, 3.014, 3.398, 3.703, 3.722, 3.642, 3.608], [2.249, 1.564, 1.091, 0.915, 0.0, 0.673, 1.137, 1.768, 1.836, 3.253, 3.924, 3.707, 3.988, 4.487, 4.561, 4.567, 5.487, 5.816, 6.194, 6.138, 6.391, 6.581, 6.753, 6.547, 6.549, 6.555, 5.659, 4.551, 4.023, 3.75, 4.439, 6.947, 9.394, 9.802, 10.143, 9.54, 8.918, 8.779, 7.628, 6.913, 8.049, 8.395, 7.994, 8.178, 8.188, 7.639, 5.85, 5.176, 5.271, 4.109, 2.812, 2.143, 2.45, 2.414, 2.741, 2.199, 3.119, 4.198, 4.389, 4.059, 3.947, 3.419, 3.549, 2.97, 2.607, 2.77, 2.807, 3.406, 3.24, 2.339, 2.219, 1.714, 1.811, 1.749, 1.858, 1.75, 1.789, 1.794, 2.007, 2.469, 2.86, 3.047, 3.401, 3.404, 3.155, 3.15], [2.435, 1.732, 1.341, 1.072, 0.673, 0.0, 1.034, 1.735, 1.742, 3.077, 3.682, 3.461, 3.746, 4.231, 4.327, 4.296, 5.306, 5.678, 6.076, 6.037, 6.304, 6.506, 6.656, 6.432, 6.424, 6.43, 5.522, 4.368, 3.876, 3.558, 4.245, 6.793, 9.239, 9.647, 9.988, 9.385, 8.797, 8.689, 7.556, 6.816, 7.978, 8.373, 7.975, 8.125, 8.15, 7.591, 5.813, 5.138, 5.233, 4.131, 2.832, 2.168, 2.364, 2.288, 2.663, 2.269, 3.245, 4.361, 4.557, 4.162, 4.067, 3.56, 3.639, 3.062, 2.642, 2.828, 2.852, 3.499, 3.28, 2.365, 2.175, 1.685, 1.684, 1.742, 1.774, 1.751, 1.728, 1.736, 1.951, 2.438, 2.773, 2.929, 3.241, 3.319, 3.093, 3.088], [2.798, 2.11, 1.43, 1.197, 1.137, 1.034, 0.0, 1.0, 1.137, 2.338, 2.987, 2.727, 3.088, 3.703, 3.809, 3.787, 4.908, 5.319, 5.795, 5.784, 6.069, 6.262, 6.315, 6.093, 6.135, 6.141, 5.339, 4.394, 4.069, 3.6, 4.228, 6.623, 9.03, 9.459, 9.789, 9.225, 8.603, 8.436, 7.332, 6.693, 7.79, 8.062, 7.666, 7.927, 8.017, 7.403, 5.627, 4.946, 5.017, 3.892, 2.732, 2.11, 2.278, 2.152, 2.365, 1.988, 3.287, 4.595, 4.739, 4.547, 4.367, 3.738, 3.951, 3.396, 2.922, 2.938, 2.831, 3.566, 3.394, 2.614, 2.317, 2.009, 2.06, 2.064, 2.033, 1.94, 1.849, 2.013, 2.152, 2.483, 2.652, 2.836, 3.17, 3.378, 3.274, 3.307], [2.623, 2.144, 1.55, 1.433, 1.768, 1.735, 1.0, 0.0, 0.814, 2.303, 3.01, 2.661, 3.137, 3.934, 4.099, 4.137, 5.409, 5.833, 6.306, 6.305, 6.581, 6.746, 6.724, 6.502, 6.507, 6.53, 5.818, 4.941, 4.716, 4.189, 4.751, 7.149, 9.549, 9.976, 10.305, 9.763, 9.125, 8.949, 7.86, 7.228, 8.3, 8.496, 8.092, 8.392, 8.511, 7.902, 6.139, 5.476, 5.546, 4.357, 3.338, 2.7, 2.34, 2.369, 2.287, 1.711, 2.905, 4.222, 4.403, 4.3, 4.065, 3.269, 3.439, 2.964, 2.672, 2.591, 2.436, 3.027, 2.934, 2.296, 2.301, 2.538, 2.789, 2.732, 2.545, 2.456, 2.487, 2.652, 2.718, 2.813, 3.148, 3.5, 3.915, 4.116, 4.008, 4.058], [2.551, 2.058, 1.613, 1.555, 1.836, 1.742, 1.137, 0.814, 0.0, 2.06, 2.859, 2.598, 3.078, 3.954, 4.226, 4.2, 5.457, 5.885, 6.32, 6.292, 6.565, 6.731, 6.879, 6.656, 6.711, 6.693, 5.888, 4.969, 4.701, 4.185, 4.797, 7.166, 9.565, 9.995, 10.324, 9.761, 9.146, 8.979, 7.83, 7.21, 8.288, 8.571, 8.198, 8.478, 8.547, 7.903, 6.117, 5.447, 5.532, 4.403, 3.355, 2.68, 2.313, 2.157, 2.075, 1.528, 2.695, 4.015, 4.19, 4.05, 3.833, 3.127, 3.323, 2.826, 2.408, 2.404, 2.313, 2.98, 2.804, 2.013, 2.027, 2.577, 2.642, 2.67, 2.395, 2.268, 2.238, 2.481, 2.584, 2.613, 3.138, 3.452, 3.92, 4.108, 3.946, 3.997], [4.392, 3.897, 3.153, 2.902, 3.253, 3.077, 2.338, 2.303, 2.06, 0.0, 1.158, 1.07, 1.506, 2.41, 2.647, 2.705, 4.032, 4.437, 4.89, 4.949, 5.226, 5.376, 5.478, 5.304, 5.405, 5.421, 4.626, 4.117, 4.237, 3.548, 3.656, 5.781, 8.03, 8.457, 8.785, 8.249, 7.739, 7.653, 6.479, 5.841, 6.888, 7.213, 6.982, 7.429, 7.408, 6.628, 4.838, 4.31, 4.418, 3.551, 2.888, 2.962, 3.024, 2.798, 2.415, 2.88, 4.151, 5.611, 5.77, 5.67, 5.434, 4.746, 4.925, 4.404, 3.872, 3.924, 3.905, 4.634, 4.397, 3.681, 3.753, 3.755, 3.474, 3.389, 2.944, 2.708, 2.63, 2.707, 2.761, 2.345, 2.487, 2.671, 3.088, 3.383, 3.487, 3.574], [5.24, 4.73, 3.912, 3.61, 3.924, 3.682, 2.987, 3.01, 2.859, 1.158, 0.0, 0.606, 0.767, 1.577, 1.783, 1.836, 3.173, 3.622, 4.074, 4.177, 4.433, 4.586, 4.626, 4.423, 4.546, 4.557, 3.811, 3.699, 3.908, 3.288, 3.03, 5.004, 7.134, 7.576, 7.882, 7.427, 6.932, 6.78, 5.692, 5.097, 6.126, 6.373, 6.163, 6.629, 6.666, 5.835, 4.054, 3.654, 3.774, 3.118, 3.009, 3.555, 3.616, 3.344, 3.114, 3.625, 5.038, 6.462, 6.649, 6.576, 6.374, 5.77, 5.873, 5.375, 4.876, 4.931, 4.742, 5.511, 5.275, 4.417, 4.574, 4.441, 4.031, 3.968, 3.5, 3.233, 3.313, 3.318, 3.236, 2.546, 2.018, 2.306, 2.663, 3.071, 3.127, 3.213], [5.001, 4.509, 3.683, 3.362, 3.707, 3.461, 2.727, 2.661, 2.598, 1.07, 0.606, 0.0, 0.794, 1.765, 1.997, 2.031, 3.328, 3.802, 4.281, 4.347, 4.627, 4.795, 4.805, 4.601, 4.701, 4.731, 4.007, 3.713, 3.902, 3.283, 3.126, 5.158, 7.403, 7.86, 8.149, 7.664, 7.165, 7.013, 5.868, 5.274, 6.328, 6.54, 6.318, 6.781, 6.823, 6.031, 4.266, 3.755, 3.86, 3.166, 2.903, 3.384, 3.423, 3.258, 3.044, 3.534, 5.01, 6.462, 6.654, 6.545, 6.262, 5.471, 5.647, 5.149, 4.695, 4.772, 4.552, 5.26, 5.073, 4.298, 4.296, 4.261, 3.828, 3.755, 3.283, 3.115, 3.166, 3.094, 3.025, 2.436, 2.033, 2.321, 2.661, 3.039, 3.132, 3.219], [5.46, 4.926, 4.17, 3.741, 3.988, 3.746, 3.088, 3.137, 3.078, 1.506, 0.767, 0.794, 0.0, 1.293, 1.551, 1.696, 3.002, 3.528, 3.948, 4.005, 4.288, 4.502, 4.569, 4.342, 4.444, 4.443, 3.815, 3.974, 4.153, 3.517, 3.207, 4.81, 6.983, 7.422, 7.703, 7.277, 6.802, 6.65, 5.573, 5.205, 6.255, 6.401, 6.218, 6.641, 6.631, 5.735, 4.171, 3.793, 3.917, 3.432, 3.135, 3.638, 3.828, 3.548, 3.463, 3.877, 5.374, 6.812, 6.949, 6.836, 6.571, 5.948, 6.029, 5.529, 5.044, 5.064, 4.882, 5.642, 5.496, 4.732, 4.699, 4.536, 4.145, 4.064, 3.676, 3.52, 3.587, 3.401, 3.404, 2.833, 2.197, 2.498, 2.851, 3.302, 3.39, 3.472], [6.126, 5.486, 4.784, 4.352, 4.487, 4.231, 3.703, 3.934, 3.954, 2.41, 1.577, 1.765, 1.293, 0.0, 0.783, 1.178, 2.322, 2.884, 3.295, 3.264, 3.508, 3.735, 3.89, 3.75, 3.843, 3.791, 3.443, 3.952, 4.118, 3.571, 3.042, 4.031, 5.909, 6.304, 6.585, 6.144, 5.832, 5.647, 4.722, 4.502, 5.636, 5.789, 5.665, 6.023, 5.975, 4.946, 3.597, 3.419, 3.54, 3.415, 3.372, 4.082, 4.448, 4.206, 4.263, 4.685, 6.241, 7.785, 7.96, 7.768, 7.583, 6.901, 7.125, 6.647, 6.172, 6.206, 6.029, 6.765, 6.565, 5.736, 5.492, 5.069, 4.72, 4.587, 4.272, 4.147, 4.301, 4.047, 4.068, 3.637, 2.257, 2.44, 2.739, 3.335, 3.388, 3.453], [6.374, 5.634, 4.952, 4.559, 4.561, 4.327, 3.809, 4.099, 4.226, 2.647, 1.783, 1.997, 1.551, 0.783, 0.0, 0.772, 1.97, 2.46, 2.869, 2.851, 3.097, 3.295, 3.426, 3.251, 3.356, 3.313, 3.015, 3.487, 3.681, 3.073, 2.603, 3.662, 5.602, 6.029, 6.33, 5.88, 5.48, 5.286, 4.363, 4.169, 5.226, 5.337, 5.177, 5.554, 5.559, 4.548, 3.174, 3.033, 3.143, 2.977, 3.43, 4.187, 4.572, 4.394, 4.419, 4.919, 6.421, 7.971, 8.13, 8.045, 7.917, 7.224, 7.441, 6.955, 6.464, 6.458, 6.309, 7.031, 6.837, 6.003, 5.777, 5.172, 4.943, 4.762, 4.516, 4.407, 4.543, 4.304, 4.337, 3.865, 2.263, 2.289, 2.391, 2.88, 2.942, 3.012], [6.37, 5.652, 4.963, 4.544, 4.567, 4.296, 3.787, 4.137, 4.2, 2.705, 1.836, 2.031, 1.696, 1.178, 0.772, 0.0, 1.572, 2.081, 2.541, 2.555, 2.78, 3.028, 3.157, 2.949, 3.085, 3.056, 2.45, 2.962, 3.178, 2.588, 2.048, 3.369, 5.577, 6.007, 6.328, 5.834, 5.352, 5.135, 4.142, 3.815, 4.811, 5.034, 4.775, 5.171, 5.075, 4.133, 2.765, 2.651, 2.767, 2.776, 3.396, 4.147, 4.593, 4.347, 4.435, 4.938, 6.438, 8.002, 8.163, 8.009, 7.828, 7.135, 7.355, 6.88, 6.381, 6.422, 6.291, 7.032, 6.85, 5.985, 5.716, 5.123, 4.848, 4.696, 4.408, 4.356, 4.434, 4.183, 4.224, 3.738, 2.075, 2.068, 2.054, 2.444, 2.53, 2.619], [7.574, 6.728, 6.023, 5.812, 5.487, 5.306, 4.908, 5.409, 5.457, 4.032, 3.173, 3.328, 3.002, 2.322, 1.97, 1.572, 0.0, 0.893, 1.304, 1.31, 1.623, 1.729, 1.971, 2.095, 2.092, 2.175, 2.253, 2.926, 3.096, 2.621, 1.958, 2.073, 4.245, 4.685, 4.995, 4.515, 4.163, 3.93, 2.906, 2.701, 3.474, 3.659, 3.477, 3.777, 3.674, 2.841, 1.752, 2.089, 2.409, 3.067, 4.149, 4.965, 5.579, 5.316, 5.464, 5.954, 7.501, 9.087, 9.289, 9.176, 9.038, 8.42, 8.605, 8.175, 7.676, 7.746, 7.591, 8.328, 8.139, 7.217, 6.981, 6.206, 5.989, 5.811, 5.61, 5.479, 5.6, 5.441, 5.471, 4.974, 3.008, 2.817, 2.556, 2.666, 2.878, 2.909], [7.967, 7.134, 6.456, 6.248, 5.816, 5.678, 5.319, 5.833, 5.885, 4.437, 3.622, 3.802, 3.528, 2.884, 2.46, 2.081, 0.893, 0.0, 0.843, 1.114, 1.39, 1.265, 1.357, 1.507, 1.575, 1.839, 2.218, 2.903, 3.083, 2.736, 2.134, 1.63, 3.794, 4.207, 4.55, 4.012, 3.61, 3.321, 2.279, 2.165, 2.979, 3.004, 2.873, 3.206, 3.191, 2.311, 1.5, 2.305, 2.596, 3.297, 4.459, 5.275, 5.907, 5.666, 5.792, 6.326, 7.819, 9.449, 9.639, 9.593, 9.518, 8.902, 9.088, 8.657, 8.158, 8.162, 8.007, 8.744, 8.552, 7.648, 7.417, 6.691, 6.457, 6.297, 6.092, 5.931, 6.058, 5.903, 5.941, 5.456, 3.488, 3.264, 3.003, 3.039, 3.247, 3.265], [8.388, 7.545, 6.875, 6.674, 6.194, 6.076, 5.795, 6.306, 6.32, 4.89, 4.074, 4.281, 3.948, 3.295, 2.869, 2.541, 1.304, 0.843, 0.0, 0.662, 0.812, 0.868, 1.153, 1.184, 1.122, 1.283, 1.732, 2.467, 2.732, 2.756, 2.083, 1.119, 3.304, 3.711, 4.056, 3.538, 3.164, 2.872, 1.866, 1.795, 2.493, 2.647, 2.527, 2.84, 2.764, 1.838, 1.406, 2.258, 2.574, 3.397, 4.663, 5.533, 6.235, 5.974, 6.135, 6.679, 8.128, 9.85, 10.02, 9.983, 9.943, 9.339, 9.528, 9.082, 8.583, 8.595, 8.481, 9.218, 9.026, 8.063, 7.849, 7.111, 6.859, 6.698, 6.517, 6.341, 6.482, 6.315, 6.364, 5.881, 3.914, 3.661, 3.408, 3.374, 3.544, 3.556], [8.343, 7.499, 6.83, 6.618, 6.138, 6.037, 5.784, 6.305, 6.292, 4.949, 4.177, 4.347, 4.005, 3.264, 2.851, 2.555, 1.31, 1.114, 0.662, 0.0, 0.535, 0.898, 1.341, 1.167, 1.111, 1.234, 1.531, 2.32, 2.669, 2.662, 2.11, 1.198, 3.399, 3.829, 4.183, 3.626, 3.225, 2.898, 1.988, 1.984, 2.587, 2.747, 2.576, 2.9, 2.799, 1.802, 1.526, 2.191, 2.524, 3.287, 4.497, 5.346, 6.064, 5.794, 5.958, 6.554, 8.019, 9.786, 9.965, 9.925, 9.886, 9.285, 9.47, 9.026, 8.526, 8.548, 8.437, 9.175, 8.983, 8.007, 7.794, 7.034, 6.802, 6.642, 6.46, 6.285, 6.426, 6.259, 6.307, 5.825, 3.861, 3.626, 3.389, 3.308, 3.483, 3.524], [8.594, 7.755, 7.082, 6.871, 6.391, 6.304, 6.069, 6.581, 6.565, 5.226, 4.433, 4.627, 4.288, 3.508, 3.097, 2.78, 1.623, 1.39, 0.812, 0.535, 0.0, 0.756, 1.171, 0.971, 0.976, 1.091, 1.306, 2.248, 2.687, 2.924, 2.209, 1.019, 3.176, 3.645, 4.002, 3.485, 3.071, 2.659, 1.819, 1.854, 2.269, 2.495, 2.31, 2.632, 2.519, 1.529, 1.306, 2.022, 2.341, 3.199, 4.464, 5.377, 6.14, 5.868, 6.028, 6.758, 8.223, 10.017, 10.195, 10.166, 10.126, 9.518, 9.706, 9.265, 8.766, 8.8, 8.682, 9.419, 9.227, 8.258, 8.045, 7.287, 7.042, 6.881, 6.7, 6.524, 6.665, 6.498, 6.547, 6.07, 4.099, 3.873, 3.633, 3.548, 3.707, 3.727], [8.755, 7.915, 7.242, 7.061, 6.581, 6.506, 6.262, 6.746, 6.731, 5.376, 4.586, 4.795, 4.502, 3.735, 3.295, 3.028, 1.729, 1.265, 0.868, 0.898, 0.756, 0.0, 0.982, 1.182, 1.118, 1.365, 1.746, 2.664, 3.012, 3.126, 2.486, 1.243, 3.055, 3.467, 3.826, 3.342, 2.891, 2.477, 1.483, 1.588, 2.092, 2.205, 2.098, 2.379, 2.388, 1.677, 1.457, 2.349, 2.733, 3.431, 4.695, 5.591, 6.307, 6.099, 6.2, 6.991, 8.375, 10.183, 10.346, 10.37, 10.327, 9.725, 9.914, 9.466, 8.967, 8.973, 8.86, 9.589, 9.391, 8.419, 8.237, 7.466, 7.243, 7.082, 6.901, 6.725, 6.866, 6.699, 6.748, 6.267, 4.311, 4.086, 3.838, 3.748, 3.907, 3.926], [8.879, 8.038, 7.373, 7.233, 6.753, 6.656, 6.315, 6.724, 6.879, 5.478, 4.626, 4.805, 4.569, 3.89, 3.426, 3.157, 1.971, 1.357, 1.153, 1.341, 1.171, 0.982, 0.0, 0.877, 0.965, 1.272, 1.964, 2.979, 3.311, 3.358, 2.583, 1.412, 3.224, 3.685, 4.042, 3.53, 3.162, 2.672, 1.827, 1.812, 2.31, 2.347, 2.036, 2.41, 2.547, 1.851, 1.594, 2.414, 2.741, 3.325, 4.675, 5.523, 6.135, 6.05, 6.1, 7.008, 8.492, 10.266, 10.476, 10.515, 10.491, 9.875, 10.06, 9.627, 9.131, 9.119, 8.951, 9.633, 9.42, 8.538, 8.376, 7.638, 7.397, 7.246, 7.065, 6.889, 7.03, 6.863, 6.912, 6.429, 4.489, 4.265, 3.998, 3.911, 4.048, 4.087], [8.659, 7.818, 7.164, 7.024, 6.547, 6.432, 6.093, 6.502, 6.656, 5.304, 4.423, 4.601, 4.342, 3.75, 3.251, 2.949, 2.095, 1.507, 1.184, 1.167, 0.971, 1.182, 0.877, 0.0, 0.645, 0.948, 1.556, 2.544, 2.928, 3.06, 2.43, 1.334, 3.454, 3.917, 4.276, 3.782, 3.428, 2.93, 2.066, 2.078, 2.508, 2.58, 2.206, 2.635, 2.671, 1.869, 1.518, 2.239, 2.532, 3.218, 4.545, 5.349, 5.983, 5.905, 5.894, 6.802, 8.296, 10.024, 10.265, 10.303, 10.272, 9.658, 9.848, 9.404, 8.918, 8.906, 8.746, 9.425, 9.212, 8.319, 8.17, 7.415, 7.175, 7.028, 6.852, 6.677, 6.813, 6.651, 6.699, 6.217, 4.281, 4.062, 3.789, 3.701, 3.871, 3.907], [8.662, 7.821, 7.166, 7.026, 6.549, 6.424, 6.135, 6.507, 6.711, 5.405, 4.546, 4.701, 4.444, 3.843, 3.356, 3.085, 2.092, 1.575, 1.122, 1.111, 0.976, 1.118, 0.965, 0.645, 0.0, 0.702, 1.419, 2.435, 2.845, 3.061, 2.363, 1.224, 3.384, 3.834, 4.192, 3.659, 3.298, 2.813, 1.976, 2.077, 2.446, 2.462, 2.153, 2.492, 2.554, 1.764, 1.529, 2.272, 2.576, 3.214, 4.526, 5.407, 6.074, 5.994, 5.983, 6.807, 8.308, 10.034, 10.26, 10.306, 10.277, 9.663, 9.851, 9.41, 8.921, 8.909, 8.759, 9.43, 9.218, 8.321, 8.171, 7.412, 7.18, 7.034, 6.855, 6.679, 6.816, 6.654, 6.702, 6.219, 4.282, 4.074, 3.802, 3.704, 3.857, 3.879], [8.68, 7.839, 7.175, 7.035, 6.555, 6.43, 6.141, 6.53, 6.693, 5.421, 4.557, 4.731, 4.443, 3.791, 3.313, 3.056, 2.175, 1.839, 1.283, 1.234, 1.091, 1.365, 1.272, 0.948, 0.702, 0.0, 1.287, 2.361, 2.811, 3.081, 2.326, 1.197, 3.404, 3.78, 4.15, 3.749, 3.421, 2.855, 2.121, 2.34, 2.428, 2.473, 2.12, 2.443, 2.529, 1.675, 1.64, 2.021, 2.208, 2.926, 4.349, 5.389, 6.058, 5.951, 6.0, 6.881, 8.311, 10.063, 10.278, 10.317, 10.292, 9.676, 9.861, 9.427, 8.932, 8.92, 8.772, 9.44, 9.227, 8.339, 8.183, 7.43, 7.198, 7.047, 6.866, 6.69, 6.831, 6.664, 6.713, 6.23, 4.274, 4.059, 3.802, 3.701, 3.858, 3.888], [7.852, 7.008, 6.344, 6.133, 5.659, 5.522, 5.339, 5.818, 5.888, 4.626, 3.811, 4.007, 3.815, 3.443, 3.015, 2.45, 2.253, 2.218, 1.732, 1.531, 1.306, 1.746, 1.964, 1.556, 1.419, 1.287, 0.0, 1.409, 1.881, 2.16, 1.485, 1.851, 3.913, 4.404, 4.754, 4.249, 3.843, 3.382, 2.527, 2.434, 2.734, 2.98, 2.723, 3.006, 2.931, 2.248, 1.727, 1.878, 1.946, 2.427, 3.675, 4.639, 5.376, 5.121, 5.293, 5.999, 7.49, 9.284, 9.46, 9.425, 9.381, 8.765, 8.95, 8.52, 8.02, 8.056, 7.916, 8.653, 8.461, 7.521, 7.303, 6.548, 6.297, 6.136, 5.955, 5.779, 5.92, 5.753, 5.802, 5.319, 3.377, 3.177, 2.976, 2.947, 3.043, 3.048], [6.581, 5.734, 5.105, 4.913, 4.551, 4.368, 4.394, 4.941, 4.969, 4.117, 3.699, 3.713, 3.974, 3.952, 3.487, 2.962, 2.926, 2.903, 2.467, 2.32, 2.248, 2.664, 2.979, 2.544, 2.435, 2.361, 1.409, 0.0, 0.789, 1.103, 1.211, 2.696, 5.048, 5.44, 5.785, 5.253, 4.744, 4.507, 3.524, 2.964, 3.737, 4.172, 3.792, 3.933, 3.885, 3.382, 2.491, 2.272, 2.328, 2.086, 2.965, 3.775, 4.511, 4.328, 4.461, 5.05, 6.424, 8.074, 8.189, 8.154, 8.054, 7.448, 7.633, 7.193, 6.711, 6.809, 6.72, 7.463, 7.266, 6.269, 6.032, 5.215, 4.97, 4.812, 4.647, 4.488, 4.62, 4.451, 4.484, 4.027, 2.539, 2.41, 2.271, 1.985, 2.023, 2.01], [6.019, 5.203, 4.608, 4.493, 4.023, 3.876, 4.069, 4.716, 4.701, 4.237, 3.908, 3.902, 4.153, 4.118, 3.681, 3.178, 3.096, 3.083, 2.732, 2.669, 2.687, 3.012, 3.311, 2.928, 2.845, 2.811, 1.881, 0.789, 0.0, 0.957, 1.5, 3.17, 5.596, 6.001, 6.35, 5.743, 5.248, 5.027, 4.011, 3.363, 4.286, 4.672, 4.288, 4.417, 4.423, 3.902, 2.734, 2.669, 2.68, 2.276, 2.981, 3.448, 4.154, 4.015, 4.348, 4.652, 6.055, 7.587, 7.722, 7.6, 7.527, 6.934, 7.12, 6.689, 6.224, 6.293, 6.209, 6.938, 6.745, 5.765, 5.502, 4.767, 4.461, 4.3, 4.127, 3.968, 4.101, 3.932, 3.96, 3.506, 2.378, 2.27, 2.179, 1.676, 1.592, 1.56], [5.821, 4.995, 4.313, 4.161, 3.75, 3.558, 3.6, 4.189, 4.185, 3.548, 3.288, 3.283, 3.517, 3.571, 3.073, 2.588, 2.621, 2.736, 2.756, 2.662, 2.924, 3.126, 3.358, 3.06, 3.061, 3.081, 2.16, 1.103, 0.957, 0.0, 1.121, 3.381, 5.789, 6.219, 6.538, 5.94, 5.355, 5.312, 4.177, 3.441, 4.556, 4.989, 4.596, 4.778, 4.686, 4.164, 2.632, 2.511, 2.562, 2.06, 2.78, 3.334, 4.046, 3.852, 4.121, 4.464, 5.916, 7.461, 7.548, 7.416, 7.272, 6.691, 6.896, 6.4, 5.915, 6.081, 6.0, 6.75, 6.545, 5.586, 5.301, 4.493, 4.174, 4.018, 3.841, 3.674, 3.802, 3.641, 3.674, 3.234, 2.015, 1.815, 1.685, 1.337, 1.258, 1.307], [6.592, 5.752, 5.07, 4.881, 4.439, 4.245, 4.228, 4.751, 4.797, 3.656, 3.03, 3.126, 3.207, 3.042, 2.603, 2.048, 1.958, 2.134, 2.083, 2.11, 2.209, 2.486, 2.583, 2.43, 2.363, 2.326, 1.485, 1.211, 1.5, 1.121, 0.0, 2.658, 5.048, 5.467, 5.789, 5.237, 4.632, 4.581, 3.544, 2.819, 3.842, 4.292, 3.908, 4.142, 4.013, 3.433, 2.032, 1.907, 2.028, 2.061, 3.073, 3.95, 4.667, 4.439, 4.594, 5.122, 6.539, 8.159, 8.241, 8.182, 8.023, 7.454, 7.656, 7.149, 6.673, 6.83, 6.756, 7.505, 7.3, 6.295, 6.05, 5.167, 4.926, 4.769, 4.611, 4.439, 4.569, 4.41, 4.429, 3.946, 2.101, 1.894, 1.709, 1.714, 1.771, 1.776], [9.162, 8.33, 7.639, 7.449, 6.947, 6.793, 6.623, 7.149, 7.166, 5.781, 5.004, 5.158, 4.81, 4.031, 3.662, 3.369, 2.073, 1.63, 1.119, 1.198, 1.019, 1.243, 1.412, 1.334, 1.224, 1.197, 1.851, 2.696, 3.17, 3.381, 2.658, 0.0, 2.525, 2.927, 3.27, 2.858, 2.611, 2.248, 1.441, 1.641, 1.947, 2.14, 2.008, 2.284, 2.104, 1.243, 1.712, 2.486, 2.754, 3.719, 5.05, 6.132, 6.95, 6.666, 6.838, 7.456, 8.958, 10.68, 10.806, 10.736, 10.628, 10.025, 10.217, 9.778, 9.283, 9.411, 9.325, 10.062, 9.87, 8.879, 8.627, 7.826, 7.547, 7.388, 7.215, 7.039, 7.18, 7.013, 7.049, 6.566, 4.596, 4.348, 4.086, 4.037, 4.185, 4.237], [11.603, 10.758, 10.085, 9.874, 9.394, 9.239, 9.03, 9.549, 9.565, 8.03, 7.134, 7.403, 6.983, 5.909, 5.602, 5.577, 4.245, 3.794, 3.304, 3.399, 3.176, 3.055, 3.224, 3.454, 3.384, 3.404, 3.913, 5.048, 5.596, 5.789, 5.048, 2.525, 0.0, 0.942, 1.154, 1.15, 1.448, 1.346, 1.869, 2.499, 1.817, 1.801, 2.33, 2.302, 2.404, 2.225, 3.898, 4.703, 4.797, 6.03, 7.366, 8.477, 9.257, 8.974, 9.145, 9.791, 11.325, 13.075, 13.22, 13.175, 13.038, 12.465, 12.654, 12.177, 11.691, 11.816, 11.731, 12.468, 12.276, 11.28, 11.061, 10.21, 9.954, 9.793, 9.614, 9.45, 9.58, 9.421, 9.459, 8.976, 7.034, 6.735, 6.476, 6.447, 6.595, 6.634], [12.014, 11.166, 10.494, 10.285, 9.802, 9.647, 9.459, 9.976, 9.995, 8.457, 7.576, 7.86, 7.422, 6.304, 6.029, 6.007, 4.685, 4.207, 3.711, 3.829, 3.645, 3.467, 3.685, 3.917, 3.834, 3.78, 4.404, 5.44, 6.001, 6.219, 5.467, 2.927, 0.942, 0.0, 0.794, 0.822, 1.259, 1.391, 2.245, 2.897, 2.152, 2.073, 2.682, 2.798, 2.935, 2.814, 4.362, 5.188, 5.268, 6.474, 7.824, 8.916, 9.761, 9.477, 9.649, 10.289, 11.727, 13.506, 13.615, 13.587, 13.469, 12.876, 13.066, 12.608, 12.116, 12.243, 12.157, 12.894, 12.702, 11.699, 11.465, 10.626, 10.385, 10.224, 10.05, 9.875, 10.016, 9.849, 9.89, 9.407, 7.442, 7.165, 6.906, 6.878, 7.026, 7.072], [12.353, 11.507, 10.834, 10.622, 10.143, 9.988, 9.789, 10.305, 10.324, 8.785, 7.882, 8.149, 7.703, 6.585, 6.33, 6.328, 4.995, 4.55, 4.056, 4.183, 4.002, 3.826, 4.042, 4.276, 4.192, 4.15, 4.754, 5.785, 6.35, 6.538, 5.789, 3.27, 1.154, 0.794, 0.0, 0.803, 1.268, 1.542, 2.581, 3.242, 2.475, 2.467, 3.057, 3.171, 3.281, 3.158, 4.716, 5.537, 5.616, 6.842, 8.194, 9.275, 10.124, 9.84, 10.012, 10.608, 12.096, 13.835, 13.957, 13.925, 13.791, 13.215, 13.404, 12.93, 12.434, 12.573, 12.488, 13.225, 13.033, 12.036, 11.807, 10.951, 10.707, 10.546, 10.368, 10.2, 10.333, 10.171, 10.212, 9.729, 7.782, 7.488, 7.229, 7.2, 7.348, 7.387], [11.756, 10.932, 10.231, 10.052, 9.54, 9.385, 9.225, 9.763, 9.761, 8.249, 7.427, 7.664, 7.277, 6.144, 5.88, 5.834, 4.515, 4.012, 3.538, 3.626, 3.485, 3.342, 3.53, 3.782, 3.659, 3.749, 4.249, 5.253, 5.743, 5.94, 5.237, 2.858, 1.15, 0.822, 0.803, 0.0, 0.92, 1.132, 2.152, 2.646, 2.08, 2.17, 2.693, 2.974, 3.069, 2.831, 4.294, 5.084, 5.269, 6.435, 7.78, 8.791, 9.623, 9.34, 9.511, 10.042, 11.554, 13.288, 13.419, 13.331, 13.19, 12.618, 12.81, 12.338, 11.849, 12.015, 11.929, 12.666, 12.474, 11.492, 11.231, 10.405, 10.111, 9.951, 9.773, 9.603, 9.738, 9.574, 9.611, 9.128, 7.18, 6.89, 6.628, 6.599, 6.756, 6.795], [11.127, 10.291, 9.609, 9.398, 8.918, 8.797, 8.603, 9.125, 9.146, 7.739, 6.932, 7.165, 6.802, 5.832, 5.48, 5.352, 4.163, 3.61, 3.164, 3.225, 3.071, 2.891, 3.162, 3.428, 3.298, 3.421, 3.843, 4.744, 5.248, 5.355, 4.632, 2.611, 1.448, 1.259, 1.268, 0.92, 0.0, 0.812, 1.726, 2.139, 1.845, 1.854, 2.398, 2.789, 2.913, 2.665, 3.995, 4.8, 5.079, 6.098, 7.394, 8.379, 9.182, 8.927, 9.07, 9.596, 11.061, 12.69, 12.763, 12.732, 12.59, 12.01, 12.201, 11.706, 11.208, 11.337, 11.265, 12.04, 11.835, 10.805, 10.595, 9.74, 9.488, 9.342, 9.16, 8.987, 9.108, 8.945, 8.988, 8.505, 6.578, 6.308, 6.038, 5.989, 6.15, 6.195], [10.974, 10.143, 9.483, 9.259, 8.779, 8.689, 8.436, 8.949, 8.979, 7.653, 6.78, 7.013, 6.65, 5.647, 5.286, 5.135, 3.93, 3.321, 2.872, 2.898, 2.659, 2.477, 2.672, 2.93, 2.813, 2.855, 3.382, 4.507, 5.027, 5.312, 4.581, 2.248, 1.346, 1.391, 1.542, 1.132, 0.812, 0.0, 1.316, 2.001, 1.454, 1.402, 1.813, 2.216, 2.444, 2.17, 3.441, 4.267, 4.534, 5.479, 6.802, 7.827, 8.623, 8.353, 8.536, 9.175, 10.656, 12.415, 12.591, 12.547, 12.501, 11.885, 12.076, 11.64, 11.141, 11.178, 11.018, 11.753, 11.56, 10.664, 10.425, 9.669, 9.417, 9.257, 9.075, 8.899, 9.04, 8.874, 8.93, 8.455, 6.476, 6.245, 6.015, 5.925, 6.078, 6.106], [9.831, 8.992, 8.33, 8.108, 7.628, 7.556, 7.332, 7.86, 7.83, 6.479, 5.692, 5.868, 5.573, 4.722, 4.363, 4.142, 2.906, 2.279, 1.866, 1.988, 1.819, 1.483, 1.827, 2.066, 1.976, 2.121, 2.527, 3.524, 4.011, 4.177, 3.544, 1.441, 1.869, 2.245, 2.581, 2.152, 1.726, 1.316, 0.0, 1.083, 1.312, 1.254, 1.576, 1.747, 1.9, 1.637, 2.455, 3.429, 3.72, 4.578, 5.798, 6.798, 7.634, 7.371, 7.536, 8.142, 9.622, 11.298, 11.472, 11.425, 11.377, 10.754, 10.967, 10.504, 10.026, 10.047, 9.926, 10.671, 10.475, 9.532, 9.297, 8.567, 8.281, 8.121, 7.95, 7.763, 7.904, 7.738, 7.792, 7.321, 5.342, 5.108, 4.877, 4.788, 4.939, 4.975], [9.141, 8.298, 7.626, 7.406, 6.913, 6.816, 6.693, 7.228, 7.21, 5.841, 5.097, 5.274, 5.205, 4.502, 4.169, 3.815, 2.701, 2.165, 1.795, 1.984, 1.854, 1.588, 1.812, 2.078, 2.077, 2.34, 2.434, 2.964, 3.363, 3.441, 2.819, 1.641, 2.499, 2.897, 3.242, 2.646, 2.139, 2.001, 1.083, 0.0, 1.352, 1.851, 1.669, 2.201, 2.431, 2.224, 2.289, 3.144, 3.448, 4.309, 5.568, 6.463, 7.254, 7.0, 7.161, 7.67, 9.135, 10.751, 10.846, 10.729, 10.602, 9.991, 10.197, 9.741, 9.251, 9.37, 9.284, 10.032, 9.833, 8.871, 8.593, 7.81, 7.547, 7.405, 7.194, 7.013, 7.153, 6.979, 7.022, 6.54, 4.584, 4.322, 4.092, 4.03, 4.248, 4.268], [10.254, 9.414, 8.758, 8.529, 8.049, 7.978, 7.79, 8.3, 8.288, 6.888, 6.126, 6.328, 6.255, 5.636, 5.226, 4.811, 3.474, 2.979, 2.493, 2.587, 2.269, 2.092, 2.31, 2.508, 2.446, 2.428, 2.734, 3.737, 4.286, 4.556, 3.842, 1.947, 1.817, 2.152, 2.475, 2.08, 1.845, 1.454, 1.312, 1.352, 0.0, 0.928, 1.096, 1.589, 1.706, 1.917, 2.494, 3.221, 3.42, 4.437, 5.776, 6.887, 7.712, 7.451, 7.614, 8.435, 9.859, 11.686, 11.845, 11.827, 11.738, 11.127, 11.312, 10.877, 10.378, 10.458, 10.352, 11.089, 10.897, 9.918, 9.705, 8.886, 8.654, 8.494, 8.312, 8.136, 8.277, 8.111, 8.169, 7.686, 5.707, 5.481, 5.251, 5.176, 5.326, 5.361], [10.525, 9.704, 9.044, 8.875, 8.395, 8.373, 8.062, 8.496, 8.571, 7.213, 6.373, 6.54, 6.401, 5.789, 5.337, 5.034, 3.659, 3.004, 2.647, 2.747, 2.495, 2.205, 2.347, 2.58, 2.462, 2.473, 2.98, 4.172, 4.672, 4.989, 4.292, 2.14, 1.801, 2.073, 2.467, 2.17, 1.854, 1.402, 1.254, 1.851, 0.928, 0.0, 0.897, 1.297, 1.675, 1.783, 2.766, 3.578, 3.706, 4.597, 5.979, 7.123, 7.781, 7.633, 7.716, 8.673, 10.143, 11.957, 12.123, 12.161, 12.137, 11.521, 11.706, 11.276, 10.777, 10.769, 10.614, 11.309, 11.075, 10.188, 10.028, 9.28, 9.048, 8.892, 8.711, 8.535, 8.676, 8.509, 8.571, 8.102, 6.125, 5.909, 5.677, 5.585, 5.736, 5.77], [10.1, 9.29, 8.641, 8.465, 7.994, 7.975, 7.666, 8.092, 8.198, 6.982, 6.163, 6.318, 6.218, 5.665, 5.177, 4.775, 3.477, 2.873, 2.527, 2.576, 2.31, 2.098, 2.036, 2.206, 2.153, 2.12, 2.723, 3.792, 4.288, 4.596, 3.908, 2.008, 2.33, 2.682, 3.057, 2.693, 2.398, 1.813, 1.576, 1.669, 1.096, 0.897, 0.0, 1.205, 1.689, 1.805, 2.492, 3.149, 3.233, 4.058, 5.51, 6.58, 7.229, 7.05, 7.169, 8.281, 9.733, 11.498, 11.697, 11.731, 11.707, 11.091, 11.276, 10.846, 10.346, 10.346, 10.203, 10.906, 10.673, 9.783, 9.604, 8.854, 8.623, 8.462, 8.281, 8.105, 8.246, 8.079, 8.15, 7.678, 5.7, 5.516, 5.283, 5.184, 5.344, 5.378], [10.256, 9.436, 8.817, 8.605, 8.178, 8.125, 7.927, 8.392, 8.478, 7.429, 6.629, 6.781, 6.641, 6.023, 5.554, 5.171, 3.777, 3.206, 2.84, 2.9, 2.632, 2.379, 2.41, 2.635, 2.492, 2.443, 3.006, 3.933, 4.417, 4.778, 4.142, 2.284, 2.302, 2.798, 3.171, 2.974, 2.789, 2.216, 1.747, 2.201, 1.589, 1.297, 1.205, 0.0, 1.016, 1.542, 2.808, 3.398, 3.413, 4.326, 5.636, 6.699, 7.335, 7.126, 7.283, 8.415, 9.865, 11.649, 11.841, 11.858, 11.81, 11.202, 11.377, 10.966, 10.471, 10.476, 10.296, 11.01, 10.797, 9.907, 9.735, 8.98, 8.72, 8.56, 8.407, 8.205, 8.341, 8.191, 8.276, 7.806, 5.849, 5.713, 5.455, 5.309, 5.468, 5.513], [10.314, 9.483, 8.891, 8.641, 8.188, 8.15, 8.017, 8.511, 8.547, 7.408, 6.666, 6.823, 6.631, 5.975, 5.559, 5.075, 3.674, 3.191, 2.764, 2.799, 2.519, 2.388, 2.547, 2.671, 2.554, 2.529, 2.931, 3.885, 4.423, 4.686, 4.013, 2.104, 2.404, 2.935, 3.281, 3.069, 2.913, 2.444, 1.9, 2.431, 1.706, 1.675, 1.689, 1.016, 0.0, 1.365, 2.743, 3.358, 3.311, 4.472, 5.755, 6.908, 7.683, 7.384, 7.526, 8.491, 9.951, 11.737, 11.926, 11.886, 11.765, 11.167, 11.352, 10.905, 10.412, 10.498, 10.375, 11.115, 10.915, 9.947, 9.736, 8.892, 8.658, 8.498, 8.325, 8.152, 8.291, 8.13, 8.195, 7.729, 5.784, 5.638, 5.379, 5.24, 5.387, 5.432], [9.768, 8.935, 8.358, 8.108, 7.639, 7.591, 7.403, 7.902, 7.903, 6.628, 5.835, 6.031, 5.735, 4.946, 4.548, 4.133, 2.841, 2.311, 1.838, 1.802, 1.529, 1.677, 1.851, 1.869, 1.764, 1.675, 2.248, 3.382, 3.902, 4.164, 3.433, 1.243, 2.225, 2.814, 3.158, 2.831, 2.665, 2.17, 1.637, 2.224, 1.917, 1.783, 1.805, 1.542, 1.365, 0.0, 2.062, 2.66, 2.8, 3.896, 5.215, 6.353, 7.136, 6.83, 7.007, 7.932, 9.407, 11.196, 11.391, 11.352, 11.242, 10.633, 10.818, 10.376, 9.876, 9.954, 9.829, 10.569, 10.37, 9.412, 9.202, 8.363, 8.131, 7.97, 7.796, 7.621, 7.762, 7.59, 7.649, 7.18, 5.211, 5.012, 4.789, 4.676, 4.837, 4.882], [7.981, 7.142, 6.565, 6.315, 5.85, 5.813, 5.627, 6.139, 6.117, 4.838, 4.054, 4.266, 4.171, 3.597, 3.174, 2.765, 1.752, 1.5, 1.406, 1.526, 1.306, 1.457, 1.594, 1.518, 1.529, 1.64, 1.727, 2.491, 2.734, 2.632, 2.032, 1.712, 3.898, 4.362, 4.716, 4.294, 3.995, 3.441, 2.455, 2.289, 2.494, 2.766, 2.492, 2.808, 2.743, 2.062, 0.0, 1.167, 1.416, 2.291, 3.543, 4.651, 5.442, 5.16, 5.338, 6.175, 7.66, 9.426, 9.612, 9.565, 9.515, 8.91, 9.08, 8.645, 8.146, 8.168, 8.05, 8.79, 8.592, 7.627, 7.416, 6.641, 6.412, 6.251, 6.068, 5.892, 6.033, 5.867, 5.917, 5.443, 3.479, 3.288, 3.064, 2.936, 3.103, 3.149], [7.276, 6.464, 5.888, 5.637, 5.176, 5.138, 4.946, 5.476, 5.447, 4.31, 3.654, 3.755, 3.793, 3.419, 3.033, 2.651, 2.089, 2.305, 2.258, 2.191, 2.022, 2.349, 2.414, 2.239, 2.272, 2.021, 1.878, 2.272, 2.669, 2.511, 1.907, 2.486, 4.703, 5.188, 5.537, 5.084, 4.8, 4.267, 3.429, 3.144, 3.221, 3.578, 3.149, 3.398, 3.358, 2.66, 1.167, 0.0, 0.701, 1.483, 2.756, 3.811, 4.606, 4.328, 4.523, 5.466, 6.928, 8.732, 8.921, 8.881, 8.789, 8.156, 8.328, 7.898, 7.399, 7.48, 7.356, 8.096, 7.902, 6.944, 6.73, 5.904, 5.679, 5.518, 5.336, 5.16, 5.301, 5.135, 5.185, 4.716, 2.755, 2.575, 2.38, 2.393, 2.435, 2.495], [7.38, 6.566, 5.99, 5.739, 5.271, 5.233, 5.017, 5.546, 5.532, 4.418, 3.774, 3.86, 3.917, 3.54, 3.143, 2.767, 2.409, 2.596, 2.574, 2.524, 2.341, 2.733, 2.741, 2.532, 2.576, 2.208, 1.946, 2.328, 2.68, 2.562, 2.028, 2.754, 4.797, 5.268, 5.616, 5.269, 5.079, 4.534, 3.72, 3.448, 3.42, 3.706, 3.233, 3.413, 3.311, 2.8, 1.416, 0.701, 0.0, 1.524, 2.83, 3.96, 4.724, 4.425, 4.586, 5.522, 7.032, 8.846, 9.027, 8.981, 8.909, 8.262, 8.45, 8.02, 7.521, 7.583, 7.436, 8.173, 7.982, 7.047, 6.834, 6.033, 5.801, 5.641, 5.458, 5.282, 5.423, 5.257, 5.306, 4.836, 2.87, 2.688, 2.487, 2.467, 2.566, 2.614], [6.159, 5.349, 4.77, 4.578, 4.109, 4.131, 3.892, 4.357, 4.403, 3.551, 3.118, 3.166, 3.432, 3.415, 2.977, 2.776, 3.067, 3.297, 3.397, 3.287, 3.199, 3.431, 3.325, 3.218, 3.214, 2.926, 2.427, 2.086, 2.276, 2.06, 2.061, 3.719, 6.03, 6.474, 6.842, 6.435, 6.098, 5.479, 4.578, 4.309, 4.437, 4.597, 4.058, 4.326, 4.472, 3.896, 2.291, 1.483, 1.524, 0.0, 1.602, 2.621, 3.32, 3.126, 3.286, 4.35, 5.784, 7.612, 7.803, 7.828, 7.789, 7.159, 7.347, 6.917, 6.418, 6.407, 6.25, 6.97, 6.746, 5.827, 5.671, 4.903, 4.686, 4.538, 4.355, 4.179, 4.32, 4.154, 4.204, 3.735, 2.141, 1.929, 2.014, 1.961, 1.847, 1.898], [4.73, 3.965, 3.398, 3.175, 2.812, 2.832, 2.732, 3.338, 3.355, 2.888, 3.009, 2.903, 3.135, 3.372, 3.43, 3.396, 4.149, 4.459, 4.663, 4.497, 4.464, 4.695, 4.675, 4.545, 4.526, 4.349, 3.675, 2.965, 2.981, 2.78, 3.073, 5.05, 7.366, 7.824, 8.194, 7.78, 7.394, 6.802, 5.798, 5.568, 5.776, 5.979, 5.51, 5.636, 5.755, 5.215, 3.543, 2.756, 2.83, 1.602, 0.0, 1.246, 2.017, 1.856, 2.048, 2.982, 4.423, 6.189, 6.369, 6.352, 6.3, 5.655, 5.843, 5.436, 4.92, 4.936, 4.842, 5.577, 5.355, 4.425, 4.202, 3.444, 3.195, 3.066, 2.89, 2.737, 2.819, 2.744, 2.868, 2.823, 2.03, 2.213, 2.573, 2.56, 2.393, 2.469], [3.704, 2.962, 2.675, 2.485, 2.143, 2.168, 2.11, 2.7, 2.68, 2.962, 3.555, 3.384, 3.638, 4.082, 4.187, 4.147, 4.965, 5.275, 5.533, 5.346, 5.377, 5.591, 5.523, 5.349, 5.407, 5.389, 4.639, 3.775, 3.448, 3.334, 3.95, 6.132, 8.477, 8.916, 9.275, 8.791, 8.379, 7.827, 6.798, 6.463, 6.887, 7.123, 6.58, 6.699, 6.908, 6.353, 4.651, 3.811, 3.96, 2.621, 1.246, 0.0, 1.04, 1.021, 1.499, 2.097, 3.387, 5.17, 5.35, 5.333, 5.271, 4.631, 4.819, 4.401, 3.891, 3.909, 3.802, 4.537, 4.319, 3.4, 3.169, 2.576, 2.594, 2.53, 2.478, 2.356, 2.279, 2.098, 2.396, 2.561, 2.566, 2.851, 3.242, 3.116, 2.714, 2.787], [3.237, 2.731, 2.447, 2.401, 2.45, 2.364, 2.278, 2.34, 2.313, 3.024, 3.616, 3.423, 3.828, 4.448, 4.572, 4.593, 5.579, 5.907, 6.235, 6.064, 6.14, 6.307, 6.135, 5.983, 6.074, 6.058, 5.376, 4.511, 4.154, 4.046, 4.667, 6.95, 9.257, 9.761, 10.124, 9.623, 9.182, 8.623, 7.634, 7.254, 7.712, 7.781, 7.229, 7.335, 7.683, 7.136, 5.442, 4.606, 4.724, 3.32, 2.017, 1.04, 0.0, 0.859, 1.172, 1.658, 2.84, 4.635, 4.816, 4.861, 4.796, 4.166, 4.353, 3.924, 3.528, 3.438, 3.273, 3.954, 3.73, 2.964, 2.92, 2.825, 2.637, 2.763, 2.504, 2.434, 2.287, 2.234, 2.496, 2.59, 3.121, 3.437, 3.872, 3.754, 3.405, 3.466], [3.542, 2.971, 2.665, 2.468, 2.414, 2.288, 2.152, 2.369, 2.157, 2.798, 3.344, 3.258, 3.548, 4.206, 4.394, 4.347, 5.316, 5.666, 5.974, 5.794, 5.868, 6.099, 6.05, 5.905, 5.994, 5.951, 5.121, 4.328, 4.015, 3.852, 4.439, 6.666, 8.974, 9.477, 9.84, 9.34, 8.927, 8.353, 7.371, 7.0, 7.451, 7.633, 7.05, 7.126, 7.384, 6.83, 5.16, 4.328, 4.425, 3.126, 1.856, 1.021, 0.859, 0.0, 0.928, 1.548, 2.95, 4.777, 4.958, 4.94, 4.889, 4.267, 4.436, 4.007, 3.523, 3.526, 3.362, 4.115, 3.906, 3.002, 3.0, 2.971, 2.795, 2.905, 2.776, 2.528, 2.367, 2.324, 2.648, 2.758, 2.937, 3.185, 3.629, 3.585, 3.266, 3.331], [3.513, 3.04, 2.697, 2.617, 2.741, 2.663, 2.365, 2.287, 2.075, 2.415, 3.114, 3.044, 3.463, 4.263, 4.419, 4.435, 5.464, 5.792, 6.135, 5.958, 6.028, 6.2, 6.1, 5.894, 5.983, 6.0, 5.293, 4.461, 4.348, 4.121, 4.594, 6.838, 9.145, 9.649, 10.012, 9.511, 9.07, 8.536, 7.536, 7.161, 7.614, 7.716, 7.169, 7.283, 7.526, 7.007, 5.338, 4.523, 4.586, 3.286, 2.048, 1.499, 1.172, 0.928, 0.0, 1.397, 2.794, 4.531, 4.777, 4.817, 4.772, 4.189, 4.329, 3.893, 3.424, 3.399, 3.207, 3.926, 3.702, 2.938, 3.077, 3.25, 3.163, 3.279, 3.037, 2.838, 2.67, 2.761, 2.985, 2.985, 3.122, 3.384, 3.856, 3.837, 3.621, 3.737], [2.376, 2.064, 2.036, 2.052, 2.199, 2.269, 1.988, 1.711, 1.528, 2.88, 3.625, 3.534, 3.877, 4.685, 4.919, 4.938, 5.954, 6.326, 6.679, 6.554, 6.758, 6.991, 7.008, 6.802, 6.807, 6.881, 5.999, 5.05, 4.652, 4.464, 5.122, 7.456, 9.791, 10.289, 10.608, 10.042, 9.596, 9.175, 8.142, 7.67, 8.435, 8.673, 8.281, 8.415, 8.491, 7.932, 6.175, 5.466, 5.522, 4.35, 2.982, 2.097, 1.658, 1.548, 1.397, 0.0, 1.729, 3.417, 3.607, 3.59, 3.552, 2.984, 3.117, 2.701, 2.449, 2.382, 2.098, 2.73, 2.536, 2.146, 2.389, 2.868, 2.816, 2.899, 2.707, 2.426, 2.33, 2.546, 2.746, 2.83, 3.465, 3.802, 4.249, 4.223, 3.893, 3.961], [2.241, 2.164, 2.652, 2.866, 3.119, 3.245, 3.287, 2.905, 2.695, 4.151, 5.038, 5.01, 5.374, 6.241, 6.421, 6.438, 7.501, 7.819, 8.128, 8.019, 8.223, 8.375, 8.492, 8.296, 8.308, 8.311, 7.49, 6.424, 6.055, 5.916, 6.539, 8.958, 11.325, 11.727, 12.096, 11.554, 11.061, 10.656, 9.622, 9.135, 9.859, 10.143, 9.733, 9.865, 9.951, 9.407, 7.66, 6.928, 7.032, 5.784, 4.423, 3.387, 2.84, 2.95, 2.794, 1.729, 0.0, 1.946, 2.152, 2.164, 2.204, 1.654, 1.683, 1.866, 2.033, 1.798, 1.833, 2.032, 2.103, 2.464, 2.832, 3.343, 3.416, 3.466, 3.309, 3.063, 3.018, 3.335, 3.494, 3.637, 4.91, 5.309, 5.758, 5.677, 5.312, 5.302], [2.65, 2.796, 3.542, 3.791, 4.198, 4.361, 4.595, 4.222, 4.015, 5.611, 6.462, 6.462, 6.812, 7.785, 7.971, 8.002, 9.087, 9.449, 9.85, 9.786, 10.017, 10.183, 10.266, 10.024, 10.034, 10.063, 9.284, 8.074, 7.587, 7.461, 8.159, 10.68, 13.075, 13.506, 13.835, 13.288, 12.69, 12.415, 11.298, 10.751, 11.686, 11.957, 11.498, 11.649, 11.737, 11.196, 9.426, 8.732, 8.846, 7.612, 6.189, 5.17, 4.635, 4.777, 4.531, 3.417, 1.946, 0.0, 0.65, 0.745, 1.133, 1.711, 1.619, 2.429, 2.728, 2.55, 2.607, 2.325, 2.516, 3.061, 3.435, 3.909, 4.165, 4.273, 4.21, 4.324, 4.295, 4.582, 4.708, 4.978, 6.404, 6.827, 7.289, 7.204, 6.843, 6.83], [2.812, 3.021, 3.711, 3.95, 4.389, 4.557, 4.739, 4.403, 4.19, 5.77, 6.649, 6.654, 6.949, 7.96, 8.13, 8.163, 9.289, 9.639, 10.02, 9.965, 10.195, 10.346, 10.476, 10.265, 10.26, 10.278, 9.46, 8.189, 7.722, 7.548, 8.241, 10.806, 13.22, 13.615, 13.957, 13.419, 12.763, 12.591, 11.472, 10.846, 11.845, 12.123, 11.697, 11.841, 11.926, 11.391, 9.612, 8.921, 9.027, 7.803, 6.369, 5.35, 4.816, 4.958, 4.777, 3.607, 2.152, 0.65, 0.0, 0.733, 1.257, 1.835, 1.814, 2.613, 2.977, 2.829, 2.939, 2.696, 2.838, 3.352, 3.694, 4.137, 4.433, 4.524, 4.441, 4.516, 4.504, 4.776, 4.856, 5.085, 6.517, 6.936, 7.379, 7.294, 6.937, 6.92], [2.408, 2.673, 3.463, 3.646, 4.059, 4.162, 4.547, 4.3, 4.05, 5.67, 6.576, 6.545, 6.836, 7.768, 8.045, 8.009, 9.176, 9.593, 9.983, 9.925, 10.166, 10.37, 10.515, 10.303, 10.306, 10.317, 9.425, 8.154, 7.6, 7.416, 8.182, 10.736, 13.175, 13.587, 13.925, 13.331, 12.732, 12.547, 11.425, 10.729, 11.827, 12.161, 11.731, 11.858, 11.886, 11.352, 9.565, 8.881, 8.981, 7.828, 6.352, 5.333, 4.861, 4.94, 4.817, 3.59, 2.164, 0.745, 0.733, 0.0, 0.785, 1.512, 1.486, 2.234, 2.541, 2.475, 2.596, 2.374, 2.623, 3.085, 3.31, 3.806, 3.945, 4.052, 3.926, 4.128, 4.081, 4.386, 4.489, 4.82, 6.281, 6.703, 7.142, 7.078, 6.756, 6.73], [2.169, 2.608, 3.292, 3.463, 3.947, 4.067, 4.367, 4.065, 3.833, 5.434, 6.374, 6.262, 6.571, 7.583, 7.917, 7.828, 9.038, 9.518, 9.943, 9.886, 10.126, 10.327, 10.491, 10.272, 10.277, 10.292, 9.381, 8.054, 7.527, 7.272, 8.023, 10.628, 13.038, 13.469, 13.791, 13.19, 12.59, 12.501, 11.377, 10.602, 11.738, 12.137, 11.707, 11.81, 11.765, 11.242, 9.515, 8.789, 8.909, 7.789, 6.3, 5.271, 4.796, 4.889, 4.772, 3.552, 2.204, 1.133, 1.257, 0.785, 0.0, 1.034, 1.203, 1.882, 2.227, 2.258, 2.344, 2.265, 2.402, 2.827, 3.077, 3.571, 3.644, 3.72, 3.601, 3.771, 3.683, 3.968, 3.982, 4.333, 6.099, 6.426, 6.774, 6.716, 6.508, 6.477], [1.884, 2.22, 2.741, 2.919, 3.419, 3.56, 3.738, 3.269, 3.127, 4.746, 5.77, 5.471, 5.948, 6.901, 7.224, 7.135, 8.42, 8.902, 9.339, 9.285, 9.518, 9.725, 9.875, 9.658, 9.663, 9.676, 8.765, 7.448, 6.934, 6.691, 7.454, 10.025, 12.465, 12.876, 13.215, 12.618, 12.01, 11.885, 10.754, 9.991, 11.127, 11.521, 11.091, 11.202, 11.167, 10.633, 8.91, 8.156, 8.262, 7.159, 5.655, 4.631, 4.166, 4.267, 4.189, 2.984, 1.654, 1.711, 1.835, 1.512, 1.034, 0.0, 0.796, 1.349, 1.696, 1.741, 1.818, 1.767, 2.036, 2.453, 2.633, 3.328, 3.363, 3.441, 3.242, 3.209, 3.134, 3.403, 3.491, 3.712, 5.473, 5.868, 6.17, 6.106, 5.922, 5.875], [1.844, 2.152, 2.875, 3.019, 3.549, 3.639, 3.951, 3.439, 3.323, 4.925, 5.873, 5.647, 6.029, 7.125, 7.441, 7.355, 8.605, 9.088, 9.528, 9.47, 9.706, 9.914, 10.06, 9.848, 9.851, 9.861, 8.95, 7.633, 7.12, 6.896, 7.656, 10.217, 12.654, 13.066, 13.404, 12.81, 12.201, 12.076, 10.967, 10.197, 11.312, 11.706, 11.276, 11.377, 11.352, 10.818, 9.08, 8.328, 8.45, 7.347, 5.843, 4.819, 4.353, 4.436, 4.329, 3.117, 1.683, 1.619, 1.814, 1.486, 1.203, 0.796, 0.0, 1.125, 1.539, 1.64, 1.713, 1.513, 1.831, 2.398, 2.689, 3.302, 3.395, 3.494, 3.266, 3.357, 3.293, 3.58, 3.767, 3.972, 5.653, 6.088, 6.432, 6.367, 6.17, 6.118], [1.737, 2.187, 2.564, 2.518, 2.97, 3.062, 3.396, 2.964, 2.826, 4.404, 5.375, 5.149, 5.529, 6.647, 6.955, 6.88, 8.175, 8.657, 9.082, 9.026, 9.265, 9.466, 9.627, 9.404, 9.41, 9.427, 8.52, 7.193, 6.689, 6.4, 7.149, 9.778, 12.177, 12.608, 12.93, 12.338, 11.706, 11.64, 10.504, 9.741, 10.877, 11.276, 10.846, 10.966, 10.905, 10.376, 8.645, 7.898, 8.02, 6.917, 5.436, 4.401, 3.924, 4.007, 3.893, 2.701, 1.866, 2.429, 2.613, 2.234, 1.882, 1.349, 1.125, 0.0, 0.896, 1.142, 1.279, 1.26, 1.491, 2.062, 2.315, 2.827, 2.91, 2.959, 2.805, 2.908, 2.817, 3.07, 3.147, 3.332, 5.21, 5.514, 5.754, 5.764, 5.598, 5.549], [1.789, 1.986, 2.43, 2.182, 2.607, 2.642, 2.922, 2.672, 2.408, 3.872, 4.876, 4.695, 5.044, 6.172, 6.464, 6.381, 7.676, 8.158, 8.583, 8.526, 8.766, 8.967, 9.131, 8.918, 8.921, 8.932, 8.02, 6.711, 6.224, 5.915, 6.673, 9.283, 11.691, 12.116, 12.434, 11.849, 11.208, 11.141, 10.026, 9.251, 10.378, 10.777, 10.346, 10.471, 10.412, 9.876, 8.146, 7.399, 7.521, 6.418, 4.92, 3.891, 3.528, 3.523, 3.424, 2.449, 2.033, 2.728, 2.977, 2.541, 2.227, 1.696, 1.539, 0.896, 0.0, 0.732, 1.033, 1.32, 1.432, 1.448, 1.658, 2.257, 2.324, 2.393, 2.232, 2.387, 2.277, 2.542, 2.631, 2.933, 4.725, 5.108, 5.36, 5.332, 5.176, 5.107], [1.756, 2.058, 2.51, 2.303, 2.77, 2.828, 2.938, 2.591, 2.404, 3.924, 4.931, 4.772, 5.064, 6.206, 6.458, 6.422, 7.746, 8.162, 8.595, 8.548, 8.8, 8.973, 9.119, 8.906, 8.909, 8.92, 8.056, 6.809, 6.293, 6.081, 6.83, 9.411, 11.816, 12.243, 12.573, 12.015, 11.337, 11.178, 10.047, 9.37, 10.458, 10.769, 10.346, 10.476, 10.498, 9.954, 8.168, 7.48, 7.583, 6.407, 4.936, 3.909, 3.438, 3.526, 3.399, 2.382, 1.798, 2.55, 2.829, 2.475, 2.258, 1.741, 1.64, 1.142, 0.732, 0.0, 0.706, 1.071, 1.164, 1.343, 1.548, 2.316, 2.387, 2.512, 2.438, 2.579, 2.48, 2.723, 2.839, 3.129, 4.855, 5.266, 5.552, 5.5, 5.344, 5.275], [1.811, 2.123, 2.596, 2.453, 2.807, 2.852, 2.831, 2.436, 2.313, 3.905, 4.742, 4.552, 4.882, 6.029, 6.309, 6.291, 7.591, 8.007, 8.481, 8.437, 8.682, 8.86, 8.951, 8.746, 8.759, 8.772, 7.916, 6.72, 6.209, 6.0, 6.756, 9.325, 11.731, 12.157, 12.488, 11.929, 11.265, 11.018, 9.926, 9.284, 10.352, 10.614, 10.203, 10.296, 10.375, 9.829, 8.05, 7.356, 7.436, 6.25, 4.842, 3.802, 3.273, 3.362, 3.207, 2.098, 1.833, 2.607, 2.939, 2.596, 2.3