[[0.0, 0.868, 1.486, 1.97, 2.276, 2.719, 2.723, 2.691, 2.315, 2.417, 2.788, 4.295, 5.22, 5.308, 6.497, 6.731, 5.946, 5.712, 6.04, 5.795, 5.704, 4.663, 4.538, 4.413, 4.825, 6.444, 7.204, 7.609, 7.368, 4.802, 3.279, 3.473, 4.23, 3.603, 3.443, 3.136, 3.686, 3.75, 3.816, 3.461, 3.8, 4.295, 4.209, 4.243, 4.239, 4.309, 4.348, 4.771, 5.45, 4.925, 4.097, 4.141, 4.386, 4.647, 4.078, 3.915, 4.689, 5.78, 6.653, 6.02, 5.552, 5.686, 4.274, 2.831, 2.754, 2.502, 3.395, 4.037, 3.629, 3.548, 4.192, 4.259, 4.298, 4.146, 3.957, 3.347, 3.113, 3.143, 3.23, 3.285, 3.179, 3.179, 3.658, 4.038, 4.261, 4.868], [0.868, 0.0, 1.131, 1.648, 2.019, 2.383, 2.289, 2.282, 2.091, 2.349, 2.75, 4.204, 5.095, 5.205, 6.324, 6.474, 5.785, 5.55, 5.886, 5.611, 5.533, 4.487, 4.37, 4.36, 4.645, 6.268, 6.966, 7.491, 7.238, 4.803, 3.421, 3.513, 4.095, 3.478, 3.238, 3.279, 3.89, 4.022, 4.141, 3.845, 4.123, 4.536, 4.413, 4.443, 4.455, 4.425, 4.406, 4.784, 5.445, 4.922, 4.091, 4.206, 4.466, 4.694, 4.168, 4.041, 4.818, 5.844, 6.597, 5.961, 5.531, 5.671, 4.217, 2.821, 2.752, 2.55, 3.449, 4.093, 3.644, 3.494, 4.187, 4.254, 4.329, 4.082, 4.045, 3.383, 3.152, 3.201, 3.19, 3.164, 3.206, 3.287, 3.606, 3.936, 4.171, 4.838], [1.486, 1.131, 0.0, 1.031, 1.342, 1.511, 1.545, 1.439, 1.334, 1.674, 2.046, 3.435, 4.333, 4.415, 5.485, 5.597, 4.995, 4.765, 5.085, 4.786, 4.647, 3.74, 3.669, 3.623, 3.872, 5.45, 6.169, 6.688, 6.462, 4.142, 2.781, 2.799, 3.179, 2.624, 2.423, 2.83, 3.369, 3.514, 3.674, 3.448, 3.96, 4.419, 4.21, 4.357, 4.418, 4.851, 5.121, 5.429, 6.09, 5.565, 4.672, 4.703, 4.973, 5.161, 4.595, 4.234, 4.903, 6.422, 7.325, 6.699, 6.262, 6.405, 4.773, 3.28, 3.0, 2.902, 3.756, 4.401, 4.183, 4.138, 4.821, 4.917, 4.829, 4.65, 4.328, 3.461, 2.881, 2.743, 2.593, 2.506, 2.582, 2.7, 2.966, 3.308, 3.542, 4.202], [1.97, 1.648, 1.031, 0.0, 0.907, 1.237, 1.407, 1.711, 1.467, 1.911, 2.327, 3.786, 4.667, 4.723, 5.84, 5.952, 5.373, 5.124, 5.391, 5.089, 4.976, 4.012, 3.796, 3.912, 4.185, 5.812, 6.45, 6.989, 6.77, 4.338, 2.994, 2.935, 3.239, 2.699, 2.392, 2.787, 3.169, 3.308, 3.642, 3.475, 3.844, 4.094, 3.803, 4.046, 4.004, 4.588, 4.795, 5.244, 5.949, 5.51, 4.51, 4.52, 4.772, 5.0, 4.387, 4.016, 4.654, 6.322, 7.19, 6.489, 6.184, 6.293, 4.658, 3.093, 2.825, 2.92, 3.596, 4.214, 4.053, 4.037, 4.637, 4.711, 4.637, 4.411, 4.111, 3.285, 2.676, 2.466, 2.2, 2.169, 2.474, 2.731, 3.095, 3.3, 3.47, 4.085], [2.276, 2.019, 1.342, 0.907, 0.0, 0.917, 1.018, 1.355, 1.387, 1.716, 2.222, 3.486, 4.363, 4.44, 5.572, 5.672, 5.083, 4.841, 5.085, 4.756, 4.663, 3.73, 3.479, 3.678, 3.861, 5.513, 6.176, 6.691, 6.475, 3.948, 3.118, 3.011, 3.165, 2.567, 2.325, 2.739, 3.252, 3.399, 3.742, 3.6, 4.018, 4.255, 4.083, 4.329, 4.357, 4.884, 5.113, 5.509, 6.226, 5.726, 4.804, 4.822, 5.092, 5.292, 4.725, 4.363, 4.979, 6.602, 7.486, 6.763, 6.512, 6.619, 4.949, 3.376, 3.079, 3.211, 3.916, 4.563, 4.313, 4.315, 4.909, 5.003, 4.934, 4.711, 4.437, 3.586, 2.924, 2.737, 2.312, 2.207, 2.508, 2.804, 3.156, 3.275, 3.458, 4.086], [2.719, 2.383, 1.511, 1.237, 0.917, 0.0, 0.766, 1.056, 1.201, 1.638, 1.893, 2.87, 3.647, 3.699, 4.82, 4.921, 4.349, 4.117, 4.394, 4.084, 3.929, 3.377, 3.213, 3.421, 3.406, 4.742, 5.354, 5.925, 5.703, 3.821, 3.209, 3.085, 3.074, 2.646, 2.479, 3.097, 3.54, 3.688, 4.018, 3.827, 4.441, 4.692, 4.54, 4.806, 4.921, 5.583, 5.892, 6.305, 6.962, 6.526, 5.56, 5.586, 5.858, 6.05, 5.463, 5.004, 5.625, 7.329, 8.248, 7.562, 7.264, 7.385, 5.73, 4.159, 3.853, 3.921, 4.574, 5.26, 5.079, 5.058, 5.691, 5.805, 5.728, 5.523, 5.235, 4.362, 3.675, 3.341, 2.836, 2.62, 2.92, 3.142, 3.488, 3.689, 3.834, 4.445], [2.723, 2.289, 1.545, 1.407, 1.018, 0.766, 0.0, 0.84, 1.095, 1.507, 1.761, 2.701, 3.545, 3.63, 4.689, 4.792, 4.241, 3.975, 4.206, 4.009, 3.888, 3.273, 3.057, 3.228, 3.229, 4.623, 5.287, 5.823, 5.577, 3.559, 2.882, 2.762, 2.857, 2.361, 2.171, 2.773, 3.289, 3.455, 3.766, 3.769, 4.414, 4.751, 4.685, 4.868, 5.029, 5.689, 5.957, 6.305, 6.984, 6.49, 5.579, 5.594, 5.855, 6.067, 5.474, 5.018, 5.647, 7.277, 8.203, 7.574, 7.232, 7.332, 5.695, 4.15, 3.782, 3.829, 4.569, 5.268, 5.07, 5.027, 5.692, 5.779, 5.698, 5.496, 5.212, 4.295, 3.555, 3.184, 2.668, 2.452, 2.532, 2.82, 3.137, 3.288, 3.425, 4.073], [2.691, 2.282, 1.439, 1.711, 1.355, 1.056, 0.84, 0.0, 0.815, 1.108, 1.365, 2.321, 3.148, 3.208, 4.304, 4.402, 3.835, 3.57, 3.846, 3.578, 3.448, 2.748, 2.643, 2.795, 2.812, 4.246, 4.94, 5.471, 5.227, 3.162, 2.692, 2.442, 2.561, 2.046, 1.881, 2.684, 3.418, 3.67, 3.92, 3.936, 4.707, 5.196, 5.136, 5.326, 5.491, 6.165, 6.384, 6.735, 7.421, 6.88, 5.998, 6.017, 6.277, 6.486, 5.884, 5.424, 6.048, 7.696, 8.566, 7.93, 7.5, 7.637, 5.998, 4.506, 4.175, 4.152, 4.979, 5.658, 5.499, 5.427, 6.099, 6.183, 6.084, 5.856, 5.583, 4.636, 3.89, 3.52, 2.982, 2.596, 2.653, 2.745, 2.937, 3.135, 3.23, 3.937], [2.315, 2.091, 1.334, 1.467, 1.387, 1.201, 1.095, 0.815, 0.0, 0.795, 1.126, 2.431, 3.316, 3.382, 4.564, 4.695, 4.097, 3.851, 4.094, 3.865, 3.754, 2.95, 2.835, 2.805, 2.964, 4.52, 5.138, 5.669, 5.457, 3.186, 2.734, 2.501, 2.534, 2.037, 1.859, 2.486, 3.277, 3.521, 3.731, 3.649, 4.296, 4.931, 4.867, 5.058, 5.154, 5.814, 6.115, 6.528, 7.214, 6.707, 5.77, 5.782, 6.06, 6.285, 5.664, 5.255, 5.872, 7.464, 8.477, 7.84, 7.412, 7.54, 5.899, 4.421, 4.033, 3.935, 4.792, 5.479, 5.278, 5.252, 5.969, 6.054, 5.945, 5.726, 5.462, 4.573, 3.783, 3.406, 2.897, 2.437, 2.634, 2.709, 2.978, 3.102, 3.209, 3.894], [2.417, 2.349, 1.674, 1.911, 1.716, 1.638, 1.507, 1.108, 0.795, 0.0, 0.673, 2.146, 3.069, 3.155, 4.323, 4.549, 3.831, 3.599, 3.911, 3.7, 3.543, 2.826, 2.74, 2.652, 2.838, 4.301, 5.051, 5.449, 5.208, 2.957, 2.741, 2.435, 2.49, 1.961, 1.821, 2.391, 3.277, 3.504, 3.713, 3.704, 4.42, 5.158, 5.068, 5.327, 5.453, 6.074, 6.329, 6.779, 7.461, 6.937, 6.027, 6.001, 6.263, 6.511, 5.843, 5.236, 5.949, 7.658, 8.732, 8.081, 7.654, 7.768, 6.138, 4.689, 4.33, 4.191, 4.954, 5.583, 5.515, 5.503, 6.222, 6.299, 6.206, 5.993, 5.686, 4.786, 4.043, 3.542, 3.01, 2.452, 2.605, 2.651, 2.863, 2.929, 3.114, 3.761], [2.788, 2.75, 2.046, 2.327, 2.222, 1.893, 1.761, 1.365, 1.126, 0.673, 0.0, 1.631, 2.665, 2.803, 4.03, 4.18, 3.507, 3.165, 3.608, 3.515, 3.314, 2.633, 2.654, 2.444, 2.537, 3.864, 4.632, 5.042, 4.774, 2.866, 2.841, 2.487, 2.413, 2.154, 2.041, 2.613, 3.46, 3.707, 3.923, 3.93, 4.768, 5.492, 5.435, 5.764, 5.917, 6.581, 6.858, 7.307, 7.99, 7.456, 6.544, 6.512, 6.774, 7.027, 6.36, 5.738, 6.414, 8.189, 9.262, 8.609, 8.152, 8.291, 6.663, 5.197, 4.865, 4.724, 5.459, 6.094, 6.045, 6.031, 6.747, 6.827, 6.729, 6.527, 6.204, 5.312, 4.527, 3.994, 3.401, 2.766, 2.869, 2.931, 3.1, 3.164, 3.359, 3.966], [4.295, 4.204, 3.435, 3.786, 3.486, 2.87, 2.701, 2.321, 2.431, 2.146, 1.631, 0.0, 1.356, 1.683, 2.586, 2.703, 2.292, 2.173, 2.856, 2.822, 2.402, 2.144, 2.387, 2.227, 1.907, 2.484, 3.215, 3.54, 3.275, 2.711, 3.265, 2.818, 2.279, 2.413, 2.435, 3.233, 4.066, 4.29, 4.608, 4.839, 5.947, 6.82, 6.851, 7.254, 7.44, 8.13, 8.391, 8.756, 9.44, 8.909, 8.0, 7.963, 8.226, 8.476, 7.81, 7.179, 7.825, 9.634, 10.712, 10.069, 9.621, 9.752, 8.125, 6.652, 6.316, 6.173, 6.907, 7.541, 7.496, 7.478, 8.187, 8.268, 8.183, 7.984, 7.663, 6.762, 5.975, 5.422, 4.738, 3.862, 3.583, 3.745, 3.844, 3.671, 3.795, 4.444], [5.22, 5.095, 4.333, 4.667, 4.363, 3.647, 3.545, 3.148, 3.316, 3.069, 2.665, 1.356, 0.0, 1.04, 1.71, 1.953, 1.672, 1.648, 2.185, 2.172, 1.669, 1.653, 1.911, 1.923, 1.52, 1.718, 2.454, 2.65, 2.709, 2.308, 3.537, 2.93, 2.28, 2.747, 3.046, 3.773, 4.363, 4.821, 5.211, 5.651, 6.836, 7.708, 7.739, 8.141, 8.307, 9.022, 9.3, 9.669, 10.336, 9.824, 8.902, 8.873, 9.144, 9.378, 8.702, 8.067, 8.7, 10.529, 11.603, 10.986, 10.525, 10.663, 9.041, 7.57, 7.205, 7.067, 7.786, 8.428, 8.395, 8.388, 9.099, 9.181, 9.094, 8.876, 8.56, 7.673, 6.867, 6.311, 5.613, 4.716, 4.278, 4.263, 4.353, 4.007, 4.006, 4.386], [5.308, 5.205, 4.415, 4.723, 4.44, 3.699, 3.63, 3.208, 3.382, 3.155, 2.803, 1.683, 1.04, 0.0, 1.321, 1.631, 1.258, 1.255, 1.602, 1.459, 1.121, 1.289, 1.554, 1.595, 1.321, 1.312, 2.138, 2.571, 2.204, 2.06, 3.602, 2.928, 2.176, 2.764, 3.078, 3.782, 4.403, 4.822, 5.287, 5.711, 6.874, 7.755, 7.805, 8.218, 8.372, 9.102, 9.394, 9.753, 10.406, 9.889, 8.977, 8.947, 9.218, 9.444, 8.774, 8.124, 8.758, 10.597, 11.664, 11.055, 10.598, 10.736, 9.114, 7.644, 7.257, 7.123, 7.851, 8.503, 8.461, 8.462, 9.167, 9.248, 9.167, 8.944, 8.628, 7.737, 6.932, 6.371, 5.672, 4.772, 4.329, 4.373, 4.405, 4.066, 3.973, 3.963], [6.497, 6.324, 5.485, 5.84, 5.572, 4.82, 4.689, 4.304, 4.564, 4.323, 4.03, 2.586, 1.71, 1.321, 0.0, 0.663, 1.227, 1.502, 1.746, 1.647, 1.543, 2.335, 2.595, 2.583, 2.26, 1.412, 1.877, 2.063, 1.887, 2.685, 4.638, 4.015, 3.162, 3.782, 4.108, 4.899, 5.491, 5.925, 6.437, 6.865, 8.043, 8.897, 8.947, 9.361, 9.514, 10.222, 10.5, 10.842, 11.436, 10.935, 10.045, 9.981, 10.251, 10.473, 9.811, 9.174, 9.823, 11.63, 12.702, 12.09, 11.639, 11.771, 10.153, 8.674, 8.302, 8.153, 8.92, 9.562, 9.508, 9.504, 10.222, 10.291, 10.212, 10.04, 9.722, 8.789, 7.984, 7.423, 6.727, 5.839, 5.417, 5.451, 5.402, 5.072, 4.997, 4.857], [6.731, 6.474, 5.597, 5.952, 5.672, 4.921, 4.792, 4.402, 4.695, 4.549, 4.18, 2.703, 1.953, 1.631, 0.663, 0.0, 1.109, 1.457, 1.83, 1.952, 1.833, 2.403, 2.687, 2.794, 2.461, 1.609, 1.895, 2.196, 2.071, 2.973, 4.741, 4.157, 3.438, 4.066, 4.409, 5.176, 5.744, 6.168, 6.632, 7.035, 8.188, 9.0, 9.051, 9.464, 9.636, 10.345, 10.608, 10.943, 11.536, 11.024, 10.131, 10.045, 10.309, 10.555, 9.91, 9.268, 9.916, 11.695, 12.795, 12.159, 11.714, 11.853, 10.227, 8.742, 8.382, 8.234, 8.998, 9.631, 9.581, 9.587, 10.308, 10.379, 10.306, 10.155, 9.846, 8.886, 8.072, 7.504, 6.807, 5.918, 5.525, 5.56, 5.548, 5.289, 5.22, 5.117], [5.946, 5.785, 4.995, 5.373, 5.083, 4.349, 4.241, 3.835, 4.097, 3.831, 3.507, 2.292, 1.672, 1.258, 1.227, 1.109, 0.0, 1.064, 1.633, 1.76, 1.542, 1.878, 2.275, 2.275, 2.218, 1.563, 2.237, 2.566, 2.222, 2.926, 4.242, 3.64, 3.028, 3.518, 3.848, 4.548, 5.191, 5.624, 6.074, 6.488, 7.627, 8.406, 8.407, 8.823, 9.011, 9.702, 9.974, 10.315, 10.929, 10.417, 9.54, 9.471, 9.725, 9.967, 9.292, 8.637, 9.323, 11.111, 12.18, 11.568, 11.135, 11.268, 9.627, 8.145, 7.808, 7.665, 8.407, 9.044, 8.991, 8.965, 9.641, 9.723, 9.688, 9.538, 9.162, 8.216, 7.452, 6.887, 6.224, 5.372, 4.916, 5.001, 5.065, 4.763, 4.709, 4.71], [5.712, 5.55, 4.765, 5.124, 4.841, 4.117, 3.975, 3.57, 3.851, 3.599, 3.165, 2.173, 1.648, 1.255, 1.502, 1.457, 1.064, 0.0, 1.026, 1.333, 1.104, 1.558, 1.886, 1.758, 1.796, 1.259, 2.037, 2.593, 2.301, 2.481, 3.879, 3.27, 2.656, 3.139, 3.476, 4.175, 4.819, 5.265, 5.765, 6.175, 7.373, 8.146, 8.168, 8.585, 8.762, 9.493, 9.771, 10.115, 10.727, 10.215, 9.321, 9.258, 9.517, 9.76, 9.091, 8.427, 9.085, 10.906, 11.985, 11.366, 10.924, 11.053, 9.424, 7.943, 7.572, 7.433, 8.178, 8.827, 8.766, 8.763, 9.445, 9.52, 9.479, 9.322, 8.968, 8.022, 7.252, 6.677, 6.001, 5.105, 4.66, 4.721, 4.741, 4.413, 4.339, 4.323], [6.04, 5.886, 5.085, 5.391, 5.085, 4.394, 4.206, 3.846, 4.094, 3.911, 3.608, 2.856, 2.185, 1.602, 1.746, 1.83, 1.633, 1.026, 0.0, 0.936, 1.155, 1.91, 2.077, 2.06, 2.137, 1.384, 1.962, 2.447, 2.259, 2.21, 4.242, 3.624, 2.824, 3.209, 3.625, 4.213, 4.944, 5.426, 5.972, 6.349, 7.501, 8.358, 8.409, 8.822, 9.004, 9.737, 10.022, 10.428, 11.086, 10.571, 9.634, 9.604, 9.862, 10.089, 9.451, 8.791, 9.425, 11.251, 12.33, 11.71, 11.272, 11.409, 9.767, 8.288, 7.917, 7.777, 8.493, 9.146, 9.11, 9.118, 9.794, 9.875, 9.841, 9.654, 9.29, 8.376, 7.598, 7.029, 6.322, 5.425, 4.984, 4.964, 4.999, 4.587, 4.351, 4.2], [5.795, 5.611, 4.786, 5.089, 4.756, 4.084, 4.009, 3.578, 3.865, 3.7, 3.515, 2.822, 2.172, 1.459, 1.647, 1.952, 1.76, 1.333, 0.936, 0.0, 0.844, 1.478, 1.803, 1.76, 1.73, 1.339, 1.989, 2.571, 2.233, 1.87, 3.957, 3.278, 2.319, 2.865, 3.245, 3.94, 4.598, 5.093, 5.646, 6.032, 7.2, 8.035, 8.087, 8.505, 8.688, 9.421, 9.7, 10.105, 10.768, 10.256, 9.32, 9.287, 9.547, 9.782, 9.138, 8.481, 9.118, 10.943, 12.019, 11.396, 10.973, 11.099, 9.458, 7.972, 7.602, 7.462, 8.176, 8.831, 8.795, 8.798, 9.484, 9.573, 9.523, 9.336, 8.985, 8.065, 7.284, 6.728, 6.019, 5.11, 4.683, 4.683, 4.679, 4.295, 4.028, 3.84], [5.704, 5.533, 4.647, 4.976, 4.663, 3.929, 3.888, 3.448, 3.754, 3.543, 3.314, 2.402, 1.669, 1.121, 1.543, 1.833, 1.542, 1.104, 1.155, 0.844, 0.0, 1.443, 1.792, 1.702, 1.44, 1.307, 2.174, 2.652, 2.394, 2.271, 3.798, 3.141, 2.214, 2.812, 3.171, 3.897, 4.566, 5.086, 5.613, 6.033, 7.233, 8.008, 8.016, 8.427, 8.612, 9.35, 9.613, 9.954, 10.607, 10.089, 9.175, 9.14, 9.398, 9.634, 8.976, 8.332, 8.957, 10.794, 11.871, 11.248, 10.811, 10.969, 9.308, 7.823, 7.454, 7.322, 8.046, 8.686, 8.648, 8.642, 9.334, 9.431, 9.362, 9.17, 8.835, 7.92, 7.136, 6.579, 5.873, 4.968, 4.521, 4.642, 4.599, 4.161, 3.98, 3.901], [4.663, 4.487, 3.74, 4.012, 3.73, 3.377, 3.273, 2.748, 2.95, 2.826, 2.633, 2.144, 1.653, 1.289, 2.335, 2.403, 1.878, 1.558, 1.91, 1.478, 1.443, 0.0, 0.893, 0.964, 1.109, 1.965, 2.685, 3.341, 3.019, 1.833, 2.896, 2.259, 1.588, 2.103, 2.464, 3.009, 3.697, 4.231, 4.756, 5.119, 6.284, 7.023, 6.999, 7.413, 7.579, 8.299, 8.575, 8.975, 9.618, 9.106, 8.187, 8.169, 8.404, 8.645, 7.981, 7.312, 7.959, 9.803, 10.868, 10.243, 9.814, 9.964, 8.306, 6.815, 6.468, 6.36, 7.084, 7.738, 7.638, 7.661, 8.304, 8.421, 8.39, 8.203, 7.823, 6.898, 6.115, 5.55, 4.868, 4.011, 3.552, 3.567, 3.696, 3.334, 3.165, 3.323], [4.538, 4.37, 3.669, 3.796, 3.479, 3.213, 3.057, 2.643, 2.835, 2.74, 2.654, 2.387, 1.911, 1.554, 2.595, 2.687, 2.275, 1.886, 2.077, 1.803, 1.792, 0.893, 0.0, 0.981, 1.147, 2.306, 2.893, 3.494, 3.385, 1.556, 2.707, 2.069, 1.547, 2.006, 2.315, 2.819, 3.386, 3.962, 4.488, 4.877, 5.957, 6.639, 6.585, 7.024, 7.202, 8.021, 8.3, 8.748, 9.389, 8.94, 7.964, 7.947, 8.189, 8.441, 7.759, 7.101, 7.772, 9.605, 10.644, 10.027, 9.608, 9.754, 8.11, 6.595, 6.251, 6.161, 6.875, 7.538, 7.429, 7.427, 8.076, 8.217, 8.172, 7.964, 7.621, 6.684, 5.909, 5.334, 4.657, 3.807, 3.375, 3.407, 3.553, 3.16, 3.064, 3.195], [4.413, 4.36, 3.623, 3.912, 3.678, 3.421, 3.228, 2.795, 2.805, 2.652, 2.444, 2.227, 1.923, 1.595, 2.583, 2.794, 2.275, 1.758, 2.06, 1.76, 1.702, 0.964, 0.981, 0.0, 0.867, 2.189, 2.945, 3.485, 3.264, 1.741, 2.651, 2.061, 1.497, 1.908, 2.279, 2.777, 3.433, 3.927, 4.447, 4.791, 5.934, 6.678, 6.694, 7.13, 7.331, 8.087, 8.398, 8.803, 9.459, 8.945, 8.034, 8.01, 8.247, 8.496, 7.835, 7.129, 7.798, 9.627, 10.69, 10.078, 9.639, 9.777, 8.138, 6.653, 6.279, 6.141, 6.853, 7.52, 7.474, 7.491, 8.121, 8.234, 8.221, 8.028, 7.628, 6.712, 5.938, 5.374, 4.681, 3.84, 3.388, 3.399, 3.534, 3.18, 3.021, 3.171], [4.825, 4.645, 3.872, 4.185, 3.861, 3.406, 3.229, 2.812, 2.964, 2.838, 2.537, 1.907, 1.52, 1.321, 2.26, 2.461, 2.218, 1.796, 2.137, 1.73, 1.44, 1.109, 1.147, 0.867, 0.0, 1.864, 2.601, 3.095, 2.993, 1.756, 2.894, 2.242, 1.457, 2.016, 2.316, 3.064, 3.681, 4.202, 4.646, 5.05, 6.225, 7.018, 7.06, 7.502, 7.69, 8.427, 8.749, 9.091, 9.754, 9.249, 8.33, 8.295, 8.549, 8.784, 8.121, 7.436, 8.074, 9.946, 11.011, 10.4, 9.97, 10.107, 8.466, 6.975, 6.597, 6.462, 7.171, 7.833, 7.799, 7.795, 8.449, 8.558, 8.517, 8.307, 7.955, 7.039, 6.259, 5.695, 4.994, 4.108, 3.661, 3.697, 3.757, 3.38, 3.304, 3.586], [6.444, 6.268, 5.45, 5.812, 5.513, 4.742, 4.623, 4.246, 4.52, 4.301, 3.864, 2.484, 1.718, 1.312, 1.412, 1.609, 1.563, 1.259, 1.384, 1.339, 1.307, 1.965, 2.306, 2.189, 1.864, 0.0, 1.315, 1.826, 1.534, 2.194, 4.567, 3.889, 2.827, 3.471, 3.859, 4.568, 5.321, 5.783, 6.32, 6.738, 7.899, 8.742, 8.789, 9.232, 9.417, 10.154, 10.476, 10.818, 11.449, 10.935, 10.026, 9.987, 10.244, 10.472, 9.816, 9.125, 9.759, 11.631, 12.698, 12.092, 11.655, 11.79, 10.151, 8.669, 8.291, 8.157, 8.866, 9.528, 9.492, 9.493, 10.139, 10.239, 10.212, 10.025, 9.647, 8.726, 7.954, 7.39, 6.689, 5.792, 5.352, 5.391, 5.319, 4.88, 4.721, 4.515], [7.204, 6.966, 6.169, 6.45, 6.176, 5.354, 5.287, 4.94, 5.138, 5.051, 4.632, 3.215, 2.454, 2.138, 1.877, 1.895, 2.237, 2.037, 1.962, 1.989, 2.174, 2.685, 2.893, 2.945, 2.601, 1.315, 0.0, 0.952, 1.012, 2.595, 5.327, 4.647, 3.57, 4.228, 4.591, 5.197, 5.937, 6.452, 7.013, 7.401, 8.51, 9.343, 9.391, 9.833, 10.02, 10.796, 11.124, 11.529, 12.187, 11.711, 10.773, 10.728, 10.984, 11.218, 10.556, 9.87, 10.504, 12.377, 13.444, 12.834, 12.408, 12.545, 10.9, 9.41, 9.032, 8.897, 9.606, 10.268, 10.234, 10.23, 10.883, 10.985, 10.963, 10.76, 10.393, 9.467, 8.698, 8.13, 7.429, 6.532, 6.111, 6.064, 6.063, 5.618, 5.321, 5.084], [7.609, 7.491, 6.688, 6.989, 6.691, 5.925, 5.823, 5.471, 5.669, 5.449, 5.042, 3.54, 2.65, 2.571, 2.063, 2.196, 2.566, 2.593, 2.447, 2.571, 2.652, 3.341, 3.494, 3.485, 3.095, 1.826, 0.952, 0.0, 0.989, 3.038, 5.871, 5.183, 4.105, 4.756, 5.128, 5.769, 6.514, 6.965, 7.486, 7.909, 9.045, 9.942, 9.982, 10.415, 10.61, 11.337, 11.654, 12.052, 12.723, 12.207, 11.291, 11.264, 11.527, 11.754, 11.09, 10.42, 11.049, 12.913, 13.98, 13.369, 12.927, 13.072, 11.428, 9.952, 9.574, 9.44, 10.149, 10.811, 10.776, 10.775, 11.428, 11.528, 11.484, 11.28, 10.911, 10.009, 9.237, 8.68, 7.972, 7.075, 6.634, 6.614, 6.607, 6.151, 5.844, 5.561], [7.368, 7.238, 6.462, 6.77, 6.475, 5.703, 5.577, 5.227, 5.457, 5.208, 4.774, 3.275, 2.709, 2.204, 1.887, 2.071, 2.222, 2.301, 2.259, 2.233, 2.394, 3.019, 3.385, 3.264, 2.993, 1.534, 1.012, 0.989, 0.0, 2.998, 5.631, 4.911, 3.815, 4.465, 4.843, 5.526, 6.284, 6.738, 7.257, 7.689, 8.827, 9.712, 9.752, 10.193, 10.388, 11.112, 11.434, 11.778, 12.449, 11.935, 11.007, 10.984, 11.246, 11.473, 10.82, 10.131, 10.765, 12.636, 13.7, 13.091, 12.659, 12.782, 11.151, 9.672, 9.294, 9.16, 9.873, 10.531, 10.496, 10.491, 11.145, 11.245, 11.205, 11.003, 10.63, 9.729, 8.957, 8.392, 7.692, 6.798, 6.355, 6.397, 6.349, 5.865, 5.601, 5.333], [4.802, 4.803, 4.142, 4.338, 3.948, 3.821, 3.559, 3.162, 3.186, 2.957, 2.866, 2.711, 2.308, 2.06, 2.685, 2.973, 2.926, 2.481, 2.21, 1.87, 2.271, 1.833, 1.556, 1.741, 1.756, 2.194, 2.595, 3.038, 2.998, 0.0, 2.99, 2.348, 1.717, 1.949, 2.411, 2.889, 3.624, 4.088, 4.611, 5.029, 6.192, 7.058, 7.11, 7.532, 7.714, 8.449, 8.753, 9.17, 9.846, 9.34, 8.401, 8.376, 8.638, 8.865, 8.214, 7.552, 8.195, 10.041, 11.095, 10.484, 10.051, 10.181, 8.581, 7.064, 6.687, 6.552, 7.276, 7.936, 7.891, 7.888, 8.553, 8.647, 8.602, 8.402, 8.034, 7.127, 6.351, 5.808, 5.112, 4.239, 3.752, 3.749, 3.723, 3.282, 3.057, 2.931], [3.279, 3.421, 2.781, 2.994, 3.118, 3.209, 2.882, 2.692, 2.734, 2.741, 2.841, 3.265, 3.537, 3.602, 4.638, 4.741, 4.242, 3.879, 4.242, 3.957, 3.798, 2.896, 2.707, 2.651, 2.894, 4.567, 5.327, 5.871, 5.631, 2.99, 0.0, 0.98, 2.073, 1.739, 1.882, 1.643, 1.291, 1.743, 2.123, 2.574, 3.767, 4.444, 4.422, 4.835, 5.005, 5.744, 6.046, 6.39, 6.925, 6.452, 5.546, 5.457, 5.705, 5.944, 5.297, 4.585, 5.239, 7.11, 8.159, 7.556, 7.306, 7.285, 5.936, 4.194, 3.742, 3.614, 4.339, 4.991, 4.929, 4.956, 5.62, 5.744, 5.741, 5.584, 5.222, 4.217, 3.501, 3.061, 2.468, 2.095, 1.208, 1.289, 1.469, 1.665, 1.859, 2.384], [3.473, 3.513, 2.799, 2.935, 3.011, 3.085, 2.762, 2.442, 2.501, 2.435, 2.487, 2.818, 2.93, 2.928, 4.015, 4.157, 3.64, 3.27, 3.624, 3.278, 3.141, 2.259, 2.069, 2.061, 2.242, 3.889, 4.647, 5.183, 4.911, 2.348, 0.98, 0.0, 1.245, 1.259, 1.497, 1.658, 1.837, 2.291, 2.739, 3.232, 4.417, 5.04, 5.013, 5.426, 5.609, 6.375, 6.667, 7.011, 7.584, 7.118, 6.175, 6.128, 6.37, 6.618, 5.947, 5.273, 5.911, 7.807, 8.846, 8.229, 7.892, 7.984, 6.437, 4.802, 4.414, 4.301, 4.998, 5.644, 5.608, 5.62, 6.292, 6.429, 6.405, 6.219, 5.847, 4.894, 4.121, 3.606, 2.908, 2.229, 1.595, 1.65, 1.676, 1.628, 1.818, 2.264], [4.23, 4.095, 3.179, 3.239, 3.165, 3.074, 2.857, 2.561, 2.534, 2.49, 2.413, 2.279, 2.28, 2.176, 3.162, 3.438, 3.028, 2.656, 2.824, 2.319, 2.214, 1.588, 1.547, 1.497, 1.457, 2.827, 3.57, 4.105, 3.815, 1.717, 2.073, 1.245, 0.0, 0.967, 1.35, 2.113, 2.605, 3.122, 3.692, 4.215, 5.383, 6.039, 6.017, 6.442, 6.632, 7.383, 7.689, 8.031, 8.656, 8.195, 7.226, 7.202, 7.44, 7.691, 7.028, 6.333, 6.967, 8.846, 9.918, 9.301, 8.906, 9.064, 7.423, 5.865, 5.49, 5.384, 6.085, 6.72, 6.684, 6.692, 7.342, 7.468, 7.446, 7.259, 6.856, 5.957, 5.198, 4.594, 3.895, 3.027, 2.6, 2.678, 2.681, 2.274, 2.279, 2.625], [3.603, 3.478, 2.624, 2.699, 2.567, 2.646, 2.361, 2.046, 2.037, 1.961, 2.154, 2.413, 2.747, 2.764, 3.782, 4.066, 3.518, 3.139, 3.209, 2.865, 2.812, 2.103, 2.006, 1.908, 2.016, 3.471, 4.228, 4.756, 4.465, 1.949, 1.739, 1.259, 0.967, 0.0, 0.68, 1.417, 2.135, 2.54, 3.094, 3.549, 4.634, 5.36, 5.372, 5.789, 5.98, 6.706, 7.014, 7.356, 7.998, 7.498, 6.563, 6.538, 6.786, 7.018, 6.365, 5.682, 6.33, 8.188, 9.247, 8.639, 8.249, 8.377, 6.764, 5.219, 4.844, 4.702, 5.42, 6.07, 6.034, 6.038, 6.683, 6.796, 6.765, 6.578, 6.189, 5.276, 4.497, 3.944, 3.251, 2.465, 2.035, 2.145, 2.155, 1.721, 1.728, 2.307], [3.443, 3.238, 2.423, 2.392, 2.325, 2.479, 2.171, 1.881, 1.859, 1.821, 2.041, 2.435, 3.046, 3.078, 4.108, 4.409, 3.848, 3.476, 3.625, 3.245, 3.171, 2.464, 2.315, 2.279, 2.316, 3.859, 4.591, 5.128, 4.843, 2.411, 1.882, 1.497, 1.35, 0.68, 0.0, 1.169, 2.026, 2.385, 2.908, 3.259, 4.217, 4.988, 4.982, 5.413, 5.607, 6.301, 6.619, 6.961, 7.616, 7.131, 6.211, 6.169, 6.42, 6.646, 5.987, 5.307, 5.948, 7.806, 8.873, 8.262, 7.884, 8.007, 6.408, 4.869, 4.499, 4.38, 5.051, 5.718, 5.671, 5.658, 6.312, 6.413, 6.378, 6.174, 5.824, 4.896, 4.157, 3.583, 2.891, 2.113, 1.795, 2.023, 2.075, 1.752, 1.79, 2.414], [3.136, 3.279, 2.83, 2.787, 2.739, 3.097, 2.773, 2.684, 2.486, 2.391, 2.613, 3.233, 3.773, 3.782, 4.899, 5.176, 4.548, 4.175, 4.213, 3.94, 3.897, 3.009, 2.819, 2.777, 3.064, 4.568, 5.197, 5.769, 5.526, 2.889, 1.643, 1.658, 2.113, 1.417, 1.169, 0.0, 1.502, 1.966, 2.559, 2.75, 3.573, 4.307, 4.298, 4.733, 4.908, 5.652, 5.97, 6.395, 7.061, 6.559, 5.62, 5.602, 5.847, 6.091, 5.426, 4.744, 5.415, 7.271, 8.318, 7.713, 7.376, 7.454, 5.914, 4.414, 4.039, 3.905, 4.519, 5.162, 5.14, 5.11, 5.753, 5.883, 5.839, 5.63, 5.265, 4.359, 3.607, 3.07, 2.52, 2.097, 1.508, 1.573, 1.888, 1.559, 1.647, 2.203], [3.686, 3.89, 3.369, 3.169, 3.252, 3.54, 3.289, 3.418, 3.277, 3.277, 3.46, 4.066, 4.363, 4.403, 5.491, 5.744, 5.191, 4.819, 4.944, 4.598, 4.566, 3.697, 3.386, 3.433, 3.681, 5.321, 5.937, 6.514, 6.284, 3.624, 1.291, 1.837, 2.605, 2.135, 2.026, 1.502, 0.0, 0.954, 1.477, 1.998, 2.903, 3.566, 3.51, 3.979, 4.149, 4.916, 5.271, 5.733, 6.394, 5.963, 4.993, 4.94, 5.164, 5.429, 4.771, 4.074, 4.743, 6.606, 7.656, 7.031, 6.988, 6.874, 5.683, 3.94, 3.462, 3.352, 3.858, 4.478, 4.437, 4.43, 5.087, 5.224, 5.178, 4.969, 4.616, 3.801, 3.153, 2.886, 2.494, 2.258, 1.423, 1.326, 1.581, 1.526, 1.548, 2.032], [3.75, 4.022, 3.514, 3.308, 3.399, 3.688, 3.455, 3.67, 3.521, 3.504, 3.707, 4.29, 4.821, 4.822, 5.925, 6.168, 5.624, 5.265, 5.426, 5.093, 5.086, 4.231, 3.962, 3.927, 4.202, 5.783, 6.452, 6.965, 6.738, 4.088, 1.743, 2.291, 3.122, 2.54, 2.385, 1.966, 0.954, 0.0, 0.905, 1.554, 2.433, 3.025, 3.044, 3.499, 3.671, 4.377, 4.699, 5.144, 5.822, 5.349, 4.388, 4.408, 4.604, 4.831, 4.196, 3.563, 4.17, 6.028, 7.102, 6.548, 6.616, 6.421, 5.389, 3.871, 3.162, 3.094, 3.403, 3.91, 3.865, 3.926, 4.563, 4.616, 4.576, 4.378, 4.039, 3.38, 2.854, 2.809, 2.443, 2.435, 1.67, 1.75, 1.925, 1.984, 1.93, 2.297], [3.816, 4.141, 3.674, 3.642, 3.742, 4.018, 3.766, 3.92, 3.731, 3.713, 3.923, 4.608, 5.211, 5.287, 6.437, 6.632, 6.074, 5.765, 5.972, 5.646, 5.613, 4.756, 4.488, 4.447, 4.646, 6.32, 7.013, 7.486, 7.257, 4.611, 2.123, 2.739, 3.692, 3.094, 2.908, 2.559, 1.477, 0.905, 0.0, 0.874, 1.826, 2.542, 2.603, 3.022, 3.195, 3.894, 4.214, 4.65, 5.3, 4.841, 3.989, 4.114, 4.33, 4.426, 3.803, 3.212, 3.676, 5.504, 6.567, 6.282, 6.468, 6.241, 5.243, 4.072, 3.113, 3.106, 3.226, 3.532, 3.432, 3.607, 4.375, 4.327, 4.172, 4.023, 3.805, 3.367, 3.068, 3.151, 2.786, 2.767, 2.071, 2.094, 2.342, 2.539, 2.521, 2.948], [3.461, 3.845, 3.448, 3.475, 3.6, 3.827, 3.769, 3.936, 3.649, 3.704, 3.93, 4.839, 5.651, 5.711, 6.865, 7.035, 6.488, 6.175, 6.349, 6.032, 6.033, 5.119, 4.877, 4.791, 5.05, 6.738, 7.401, 7.909, 7.689, 5.029, 2.574, 3.232, 4.215, 3.549, 3.259, 2.75, 1.998, 1.554, 0.874, 0.0, 1.313, 2.065, 2.162, 2.579, 2.742, 3.476, 3.83, 4.339, 4.946, 4.472, 3.728, 3.864, 4.086, 4.159, 3.521, 3.014, 3.385, 5.161, 6.202, 6.011, 6.198, 5.964, 4.965, 3.886, 2.878, 2.831, 2.971, 3.291, 3.175, 3.384, 4.148, 4.099, 3.896, 3.799, 3.641, 3.252, 3.089, 3.213, 2.841, 2.83, 2.498, 2.492, 2.863, 3.113, 3.075, 3.506], [3.8, 4.123, 3.96, 3.844, 4.018, 4.441, 4.414, 4.707, 4.296, 4.42, 4.768, 5.947, 6.836, 6.874, 8.043, 8.188, 7.627, 7.373, 7.501, 7.2, 7.233, 6.284, 5.957, 5.934, 6.225, 7.899, 8.51, 9.045, 8.827, 6.192, 3.767, 4.417, 5.383, 4.634, 4.217, 3.573, 2.903, 2.433, 1.826, 1.313, 0.0, 1.134, 1.194, 1.514, 1.681, 2.523, 2.894, 3.354, 3.986, 3.559, 2.878, 2.985, 3.208, 3.316, 2.665, 2.352, 2.493, 4.22, 5.216, 5.126, 5.584, 5.128, 4.422, 3.885, 2.752, 2.592, 2.466, 2.591, 2.448, 2.705, 3.471, 3.378, 3.358, 3.261, 3.085, 2.855, 2.887, 3.035, 2.932, 3.311, 3.351, 3.328, 3.544, 3.746, 3.817, 4.168], [4.295, 4.536, 4.419, 4.094, 4.255, 4.692, 4.751, 5.196, 4.931, 5.158, 5.492, 6.82, 7.708, 7.755, 8.897, 9.0, 8.406, 8.146, 8.358, 8.035, 8.008, 7.023, 6.639, 6.678, 7.018, 8.742, 9.343, 9.942, 9.712, 7.058, 4.444, 5.04, 6.039, 5.36, 4.988, 4.307, 3.566, 3.025, 2.542, 2.065, 1.134, 0.0, 0.705, 0.96, 1.053, 1.73, 2.166, 2.673, 3.275, 3.1, 2.557, 2.462, 2.533, 2.638, 2.32, 2.238, 1.993, 3.455, 4.489, 4.652, 5.472, 4.787, 4.388, 3.873, 3.024, 2.827, 2.193, 2.017, 2.051, 2.695, 2.905, 2.774, 2.589, 2.576, 2.512, 2.572, 2.771, 2.905, 3.119, 3.735, 3.912, 3.904, 4.107, 4.401, 4.514, 4.762], [4.209, 4.413, 4.21, 3.803, 4.083, 4.54, 4.685, 5.136, 4.867, 5.068, 5.435, 6.851, 7.739, 7.805, 8.947, 9.051, 8.407, 8.168, 8.409, 8.087, 8.016, 6.999, 6.585, 6.694, 7.06, 8.789, 9.391, 9.982, 9.752, 7.11, 4.422, 5.013, 6.017, 5.372, 4.982, 4.298, 3.51, 3.044, 2.603, 2.162, 1.194, 0.705, 0.0, 0.62, 0.892, 1.589, 2.032, 2.411, 3.08, 2.815, 2.336, 2.217, 2.329, 2.478, 2.087, 2.033, 1.777, 3.315, 4.303, 4.325, 5.175, 4.402, 4.15, 3.726, 2.678, 2.547, 1.941, 1.845, 1.893, 2.433, 2.709, 2.572, 2.521, 2.411, 2.26, 2.17, 2.404, 2.577, 2.997, 3.641, 3.836, 3.794, 4.004, 4.319, 4.488, 4.743], [4.243, 4.443, 4.357, 4.046, 4.329, 4.806, 4.868, 5.326, 5.058, 5.327, 5.764, 7.254, 8.141, 8.218, 9.361, 9.464, 8.823, 8.585, 8.822, 8.505, 8.427, 7.413, 7.024, 7.13, 7.502, 9.232, 9.833, 10.415, 10.193, 7.532, 4.835, 5.426, 6.442, 5.789, 5.413, 4.733, 3.979, 3.499, 3.022, 2.579, 1.514, 0.96, 0.62, 0.0, 0.725, 1.182, 1.648, 2.055, 2.654, 2.446, 2.121, 2.031, 2.128, 2.221, 1.915, 1.926, 1.483, 2.86, 3.813, 4.06, 4.979, 4.164, 3.967, 3.805, 2.806, 2.554, 1.988, 1.791, 1.864, 2.253, 2.57, 2.464, 2.41, 2.386, 2.233, 2.271, 2.568, 2.833, 3.367, 4.068, 4.245, 4.215, 4.385, 4.73, 4.897, 5.151], [4.239, 4.455, 4.418, 4.004, 4.357, 4.921, 5.029, 5.491, 5.154, 5.453, 5.917, 7.44, 8.307, 8.372, 9.514, 9.636, 9.011, 8.762, 9.004, 8.688, 8.612, 7.579, 7.202, 7.331, 7.69, 9.417, 10.02, 10.61, 10.388, 7.714, 5.005, 5.609, 6.632, 5.98, 5.607, 4.908, 4.149, 3.671, 3.195, 2.742, 1.681, 1.053, 0.892, 0.725, 0.0, 1.088, 1.562, 2.087, 2.626, 2.607, 2.082, 1.959, 2.05, 2.098, 1.775, 1.946, 1.548, 2.745, 3.767, 4.151, 4.996, 4.262, 4.011, 3.656, 2.74, 2.606, 1.868, 1.564, 1.765, 2.252, 2.373, 2.207, 2.104, 2.094, 2.05, 2.205, 2.55, 2.802, 3.333, 4.111, 4.385, 4.323, 4.519, 4.866, 5.029, 5.298], [4.309, 4.425, 4.851, 4.588, 4.884, 5.583, 5.689, 6.165, 5.814, 6.074, 6.581, 8.13, 9.022, 9.102, 10.222, 10.345, 9.702, 9.493, 9.737, 9.421, 9.35, 8.299, 8.021, 8.087, 8.427, 10.154, 10.796, 11.337, 11.112, 8.449, 5.744, 6.375, 7.383, 6.706, 6.301, 5.652, 4.916, 4.377, 3.894, 3.476, 2.523, 1.73, 1.589, 1.182, 1.088, 0.0, 0.892, 1.432, 1.848, 1.992, 1.733, 1.636, 1.68, 1.685, 1.638, 1.959, 1.602, 2.008, 2.924, 3.61, 4.634, 3.752, 3.667, 3.577, 2.855, 2.607, 2.016, 1.594, 1.542, 1.978, 2.061, 1.889, 1.92, 1.923, 1.936, 2.361, 2.917, 3.382, 3.926, 4.746, 4.983, 4.894, 5.096, 5.466, 5.643, 5.918], [4.348, 4.406, 5.121, 4.795, 5.113, 5.892, 5.957, 6.384, 6.115, 6.329, 6.858, 8.391, 9.3, 9.394, 10.5, 10.608, 9.974, 9.771, 10.022, 9.7, 9.613, 8.575, 8.3, 8.398, 8.749, 10.476, 11.124, 11.654, 11.434, 8.753, 6.046, 6.667, 7.689, 7.014, 6.619, 5.97, 5.271, 4.699, 4.214, 3.83, 2.894, 2.166, 2.032, 1.648, 1.562, 0.892, 0.0, 1.173, 1.604, 1.639, 1.615, 1.646, 1.7, 1.774, 1.728, 2.158, 1.76, 1.859, 2.631, 3.22, 4.23, 3.44, 3.409, 3.435, 2.748, 2.608, 2.178, 1.603, 1.488, 1.728, 1.825, 1.731, 1.937, 2.068, 2.082, 2.488, 3.118, 3.617, 4.116, 4.971, 5.225, 5.16, 5.351, 5.702, 5.892, 6.18], [4.771, 4.784, 5.429, 5.244, 5.509, 6.305, 6.305, 6.735, 6.528, 6.779, 7.307, 8.756, 9.669, 9.753, 10.842, 10.943, 10.315, 10.115, 10.428, 10.105, 9.954, 8.975, 8.748, 8.803, 9.091, 10.818, 11.529, 12.052, 11.778, 9.17, 6.39, 7.011, 8.031, 7.356, 6.961, 6.395, 5.733, 5.144, 4.65, 4.339, 3.354, 2.673, 2.411, 2.055, 2.087, 1.432, 1.173, 0.0, 1.001, 1.014, 1.269, 1.384, 1.43, 1.365, 1.487, 2.129, 1.646, 1.786, 2.218, 2.441, 3.614, 2.72, 3.176, 3.432, 3.043, 2.934, 2.172, 1.926, 1.647, 1.714, 1.402, 1.582, 1.966, 1.974, 1.967, 2.569, 3.245, 3.868, 4.418, 5.291, 5.569, 5.573, 5.703, 6.048, 6.293, 6.588], [5.45, 5.445, 6.09, 5.949, 6.226, 6.962, 6.984, 7.421, 7.214, 7.461, 7.99, 9.44, 10.336, 10.406, 11.436, 11.536, 10.929, 10.727, 11.086, 10.768, 10.607, 9.618, 9.389, 9.459, 9.754, 11.449, 12.187, 12.723, 12.449, 9.846, 6.925, 7.584, 8.656, 7.998, 7.616, 7.061, 6.394, 5.822, 5.3, 4.946, 3.986, 3.275, 3.08, 2.654, 2.626, 1.848, 1.604, 1.001, 0.0, 0.732, 1.6, 1.846, 1.905, 1.726, 2.038, 2.688, 1.904, 1.512, 1.445, 1.979, 3.183, 2.457, 3.343, 3.709, 3.431, 3.451, 2.696, 2.362, 2.12, 2.066, 1.798, 2.239, 2.541, 2.677, 2.636, 3.0, 3.707, 4.291, 4.895, 5.758, 6.108, 6.156, 6.187, 6.624, 6.93, 7.227], [4.925, 4.922, 5.565, 5.51, 5.726, 6.526, 6.49, 6.88, 6.707, 6.937, 7.456, 8.909, 9.824, 9.889, 10.935, 11.024, 10.417, 10.215, 10.571, 10.256, 10.089, 9.106, 8.94, 8.945, 9.249, 10.935, 11.711, 12.207, 11.935, 9.34, 6.452, 7.118, 8.195, 7.498, 7.131, 6.559, 5.963, 5.349, 4.841, 4.472, 3.559, 3.1, 2.815, 2.446, 2.607, 1.992, 1.639, 1.014, 0.732, 0.0, 1.315, 1.89, 2.056, 1.918, 1.966, 2.576, 1.91, 1.617, 1.896, 2.015, 3.069, 2.417, 3.209, 3.541, 3.078, 3.024, 2.347, 2.403, 1.887, 1.836, 1.882, 2.309, 2.695, 2.765, 2.701, 2.847, 3.372, 4.056, 4.596, 5.416, 5.653, 5.701, 5.765, 6.125, 6.408, 6.706], [4.097, 4.091, 4.672, 4.51, 4.804, 5.56, 5.579, 5.998, 5.77, 6.027, 6.544, 8.0, 8.902, 8.977, 10.045, 10.131, 9.54, 9.321, 9.634, 9.32, 9.175, 8.187, 7.964, 8.034, 8.33, 10.026, 10.773, 11.291, 11.007, 8.401, 5.546, 6.175, 7.226, 6.563, 6.211, 5.62, 4.993, 4.388, 3.989, 3.728, 2.878, 2.557, 2.336, 2.121, 2.082, 1.733, 1.615, 1.269, 1.6, 1.315, 0.0, 0.924, 1.216, 1.039, 0.912, 1.49, 1.512, 2.29, 2.936, 2.44, 3.13, 2.585, 2.723, 2.8, 2.245, 2.159, 1.449, 1.453, 1.114, 1.19, 1.19, 1.525, 1.871, 1.795, 1.746, 2.028, 2.531, 3.054, 3.555, 4.419, 4.724, 4.729, 4.833, 5.19, 5.486, 5.789], [4.141, 4.206, 4.703, 4.52, 4.822, 5.586, 5.594, 6.017, 5.782, 6.001, 6.512, 7.963, 8.873, 8.947, 9.981, 10.045, 9.471, 9.258, 9.604, 9.287, 9.14, 8.169, 7.947, 8.01, 8.295, 9.987, 10.728, 11.264, 10.984, 8.376, 5.457, 6.128, 7.202, 6.538, 6.169, 5.602, 4.94, 4.408, 4.114, 3.864, 2.985, 2.462, 2.217, 2.031, 1.959, 1.636, 1.646, 1.384, 1.846, 1.89, 0.924, 0.0, 0.626, 0.879, 0.846, 1.338, 1.662, 2.521, 3.126, 2.716, 3.553, 2.942, 2.67, 2.644, 2.128, 2.084, 1.516, 1.268, 1.19, 1.358, 1.181, 1.204, 1.494, 1.409, 1.318, 1.699, 2.305, 2.825, 3.408, 4.296, 4.672, 4.72, 4.712, 5.17, 5.452, 5.749], [4.386, 4.466, 4.973, 4.772, 5.092, 5.858, 5.855, 6.277, 6.06, 6.263, 6.774, 8.226, 9.144, 9.218, 10.251, 10.309, 9.725, 9.517, 9.862, 9.547, 9.398, 8.404, 8.189, 8.247, 8.549, 10.244, 10.984, 11.527, 11.246, 8.638, 5.705, 6.37, 7.44, 6.786, 6.42, 5.847, 5.164, 4.604, 4.33, 4.086, 3.208, 2.533, 2.329, 2.128, 2.05, 1.68, 1.7, 1.43, 1.905, 2.056, 1.216, 0.626, 0.0, 0.723, 0.966, 1.373, 1.571, 2.47, 3.129, 2.85, 3.737, 3.191, 2.907, 2.897, 2.415, 2.33, 1.675, 1.218, 1.272, 1.641, 1.293, 1.198, 1.363, 1.296, 1.253, 1.854, 2.498, 2.945, 3.593, 4.475, 4.918, 4.965, 4.978, 5.43, 5.726, 6.022], [4.647, 4.694, 5.161, 5.0, 5.292, 6.05, 6.067, 6.486, 6.285, 6.511, 7.027, 8.476, 9.378, 9.444, 10.473, 10.555, 9.967, 9.76, 10.089, 9.782, 9.634, 8.645, 8.441, 8.496, 8.784, 10.472, 11.218, 11.754, 11.473, 8.865, 5.944, 6.618, 7.691, 7.018, 6.646, 6.091, 5.429, 4.831, 4.426, 4.159, 3.316, 2.638, 2.478, 2.221, 2.098, 1.685, 1.774, 1.365, 1.726, 1.918, 1.039, 0.879, 0.723, 0.0, 0.846, 1.423, 1.524, 2.241, 2.868, 2.862, 3.777, 3.263, 3.265, 3.222, 2.741, 2.6, 1.901, 1.318, 1.434, 1.616, 1.21, 1.208, 1.235, 1.306, 1.394, 2.109, 2.745, 3.283, 3.888, 4.77, 5.155, 5.203, 5.199, 5.663, 5.971, 6.262], [4.078, 4.168, 4.595, 4.387, 4.725, 5.463, 5.474, 5.884, 5.664, 5.843, 6.36, 7.81, 8.702, 8.774, 9.811, 9.91, 9.292, 9.091, 9.451, 9.138, 8.976, 7.981, 7.759, 7.835, 8.121, 9.816, 10.556, 11.09, 10.82, 8.214, 5.297, 5.947, 7.028, 6.365, 5.987, 5.426, 4.771, 4.196, 3.803, 3.521, 2.665, 2.32, 2.087, 1.915, 1.775, 1.638, 1.728, 1.487, 2.038, 1.966, 0.912, 0.846, 0.966, 0.846, 0.0, 0.942, 1.236, 2.434, 3.33, 2.958, 3.716, 3.131, 3.011, 2.891, 2.348, 2.142, 1.451, 1.231, 1.185, 1.303, 1.265, 1.264, 1.518, 1.468, 1.501, 1.979, 2.513, 2.871, 3.32, 4.156, 4.476, 4.527, 4.582, 5.004, 5.31, 5.607], [3.915, 4.041, 4.234, 4.016, 4.363, 5.004, 5.018, 5.424, 5.255, 5.236, 5.738, 7.179, 8.067, 8.124, 9.174, 9.268, 8.637, 8.427, 8.791, 8.481, 8.332, 7.312, 7.101, 7.129, 7.436, 9.125, 9.87, 10.42, 10.131, 7.552, 4.585, 5.273, 6.333, 5.682, 5.307, 4.744, 4.074, 3.563, 3.212, 3.014, 2.352, 2.238, 2.033, 1.926, 1.946, 1.959, 2.158, 2.129, 2.688, 2.576, 1.49, 1.338, 1.373, 1.423, 0.942, 0.0, 1.185, 3.013, 3.903, 3.391, 3.965, 3.647, 2.962, 2.778, 2.164, 2.02, 1.483, 1.174, 1.418, 1.363, 1.613, 1.691, 2.06, 1.937, 1.904, 2.142, 2.522, 2.643, 2.77, 3.487, 3.865, 3.969, 4.01, 4.436, 4.718, 5.034], [4.689, 4.818, 4.903, 4.654, 4.979, 5.625, 5.647, 6.048, 5.872, 5.949, 6.414, 7.825, 8.7, 8.758, 9.823, 9.916, 9.323, 9.085, 9.425, 9.118, 8.957, 7.959, 7.772, 7.798, 8.074, 9.759, 10.504, 11.049, 10.765, 8.195, 5.239, 5.911, 6.967, 6.33, 5.948, 5.415, 4.743, 4.17, 3.676, 3.385, 2.493, 1.993, 1.777, 1.483, 1.548, 1.602, 1.76, 1.646, 1.904, 1.91, 1.512, 1.662, 1.571, 1.524, 1.236, 1.185, 0.0, 2.283, 3.202, 3.023, 4.137, 3.515, 3.549, 3.532, 2.874, 2.7, 1.812, 1.437, 1.578, 1.895, 1.926, 2.223, 2.38, 2.426, 2.44, 2.533, 2.846, 2.958, 3.388, 4.104, 4.541, 4.618, 4.618, 5.086, 5.372, 5.668], [5.78, 5.844, 6.422, 6.322, 6.602, 7.329, 7.277, 7.696, 7.464, 7.658, 8.189, 9.634, 10.529, 10.597, 11.63, 11.695, 11.111, 10.906, 11.251, 10.943, 10.794, 9.803, 9.605, 9.627, 9.946, 11.631, 12.377, 12.913, 12.636, 10.041, 7.11, 7.807, 8.846, 8.188, 7.806, 7.271, 6.606, 6.028, 5.504, 5.161, 4.22, 3.455, 3.315, 2.86, 2.745, 2.008, 1.859, 1.786, 1.512, 1.617, 2.29, 2.521, 2.47, 2.241, 2.434, 3.013, 2.283, 0.0, 1.653, 2.984, 4.245, 3.682, 4.511, 4.788, 4.124, 3.861, 3.052, 2.68, 2.639, 2.857, 2.64, 2.704, 2.954, 3.169, 3.114, 3.537, 4.18, 4.718, 5.317, 6.046, 6.357, 6.406, 6.436, 6.853, 7.14, 7.437], [6.653, 6.597, 7.325, 7.19, 7.486, 8.248, 8.203, 8.566, 8.477, 8.732, 9.262, 10.712, 11.603, 11.664, 12.702, 12.795, 12.18, 11.985, 12.33, 12.019, 11.871, 10.868, 10.644, 10.69, 11.011, 12.698, 13.444, 13.98, 13.7, 11.095, 8.159, 8.846, 9.918, 9.247, 8.873, 8.318, 7.656, 7.102, 6.567, 6.202, 5.216, 4.489, 4.303, 3.813, 3.767, 2.924, 2.631, 2.218, 1.445, 1.896, 2.936, 3.126, 3.129, 2.868, 3.33, 3.903, 3.202, 1.653, 0.0, 2.034, 3.268, 3.008, 4.163, 4.631, 4.584, 4.651, 3.965, 3.531, 3.437, 3.289, 2.896, 3.106, 3.466, 3.641, 3.657, 4.059, 4.853, 5.496, 6.158, 7.013, 7.383, 7.426, 7.432, 7.897, 8.208, 8.5], [6.02, 5.961, 6.699, 6.489, 6.763, 7.562, 7.574, 7.93, 7.84, 8.081, 8.609, 10.069, 10.986, 11.055, 12.09, 12.159, 11.568, 11.366, 11.71, 11.396, 11.248, 10.243, 10.027, 10.078, 10.4, 12.092, 12.834, 13.369, 13.091, 10.484, 7.556, 8.229, 9.301, 8.639, 8.262, 7.713, 7.031, 6.548, 6.282, 6.011, 5.126, 4.652, 4.325, 4.06, 4.151, 3.61, 3.22, 2.441, 1.979, 2.015, 2.44, 2.716, 2.85, 2.862, 2.958, 3.391, 3.023, 2.984, 2.034, 0.0, 1.586, 1.516, 2.491, 3.529, 3.851, 3.98, 3.427, 3.23, 2.965, 2.838, 2.583, 3.161, 3.755, 3.655, 3.657, 3.75, 4.359, 4.818, 5.429, 6.325, 6.763, 6.798, 6.813, 7.268, 7.565, 7.859], [5.552, 5.531, 6.262, 6.184, 6.512, 7.264, 7.232, 7.5, 7.412, 7.654, 8.152, 9.621, 10.525, 10.598, 11.639, 11.714, 11.135, 10.924, 11.272, 10.973, 10.811, 9.814, 9.608, 9.639, 9.97, 11.655, 12.408, 12.927, 12.659, 10.051, 7.306, 7.892, 8.906, 8.249, 7.884, 7.376, 6.988, 6.616, 6.468, 6.198, 5.584, 5.472, 5.175, 4.979, 4.996, 4.634, 4.23, 3.614, 3.183, 3.069, 3.13, 3.553, 3.737, 3.777, 3.716, 3.965, 4.137, 4.245, 3.268, 1.586, 0.0, 1.284, 1.852, 3.399, 3.623, 3.724, 3.701, 3.92, 3.649, 3.177, 3.287, 3.91, 4.558, 4.417, 4.352, 4.187, 4.62, 5.025, 5.503, 6.122, 6.493, 6.597, 6.587, 7.13, 7.627, 7.999], [5.686, 5.671, 6.405, 6.293, 6.619, 7.385, 7.332, 7.637, 7.54, 7.768, 8.291, 9.752, 10.663, 10.736, 11.771, 11.853, 11.268, 11.053, 11.409, 11.099, 10.969, 9.964, 9.754, 9.777, 10.107, 11.79, 12.545, 13.072, 12.782, 10.181, 7.285, 7.984, 9.064, 8.377, 8.007, 7.454, 6.874, 6.421, 6.241, 5.964, 5.128, 4.787, 4.402, 4.164, 4.262, 3.752, 3.44, 2.72, 2.457, 2.417, 2.585, 2.942, 3.191, 3.263, 3.131, 3.647, 3.515, 3.682, 3.008, 1.516, 1.284, 0.0, 1.975, 3.491, 3.783, 3.81, 3.321, 3.63, 3.183, 2.953, 2.873, 3.363, 3.978, 3.866, 3.808, 3.779, 4.263, 4.887, 5.465, 6.188, 6.508, 6.551, 6.552, 6.985, 7.343, 7.697], [4.274, 4.217, 4.773, 4.658, 4.949, 5.73, 5.695, 5.998, 5.899, 6.138, 6.663, 8.125, 9.041, 9.114, 10.153, 10.227, 9.627, 9.424, 9.767, 9.458, 9.308, 8.306, 8.11, 8.138, 8.466, 10.151, 10.9, 11.428, 11.151, 8.581, 5.936, 6.437, 7.423, 6.764, 6.408, 5.914, 5.683, 5.389, 5.243, 4.965, 4.422, 4.388, 4.15, 3.967, 4.011, 3.667, 3.409, 3.176, 3.343, 3.209, 2.723, 2.67, 2.907, 3.265, 3.011, 2.962, 3.549, 4.511, 4.163, 2.491, 1.852, 1.975, 0.0, 2.004, 2.332, 2.494, 2.867, 3.035, 2.722, 2.394, 2.757, 3.142, 3.717, 3.519, 3.391, 3.221, 3.503, 3.844, 4.151, 4.726, 5.102, 5.205, 5.315, 5.791, 6.322, 6.739], [2.831, 2.821, 3.28, 3.093, 3.376, 4.159, 4.15, 4.506, 4.421, 4.689, 5.197, 6.652, 7.57, 7.644, 8.674, 8.742, 8.145, 7.943, 8.288, 7.972, 7.823, 6.815, 6.595, 6.653, 6.975, 8.669, 9.41, 9.952, 9.672, 7.064, 4.194, 4.802, 5.865, 5.219, 4.869, 4.414, 3.94, 3.871, 4.072, 3.886, 3.885, 3.873, 3.726, 3.805, 3.656, 3.577, 3.435, 3.432, 3.709, 3.541, 2.8, 2.644, 2.897, 3.222, 2.891, 2.778, 3.532, 4.788, 4.631, 3.529, 3.399, 3.491, 2.004, 0.0, 1.492, 1.699, 2.39, 2.772, 2.428, 2.217, 2.484, 2.771, 2.947, 2.754, 2.643, 2.053, 2.119, 2.355, 2.519, 2.993, 3.374, 3.483, 3.767, 4.129, 4.566, 5.113], [2.754, 2.752, 3.0, 2.825, 3.079, 3.853, 3.782, 4.175, 4.033, 4.33, 4.865, 6.316, 7.205, 7.257, 8.302, 8.382, 7.808, 7.572, 7.917, 7.602, 7.454, 6.468, 6.251, 6.279, 6.597, 8.291, 9.032, 9.574, 9.294, 6.687, 3.742, 4.414, 5.49, 4.844, 4.499, 4.039, 3.462, 3.162, 3.113, 2.878, 2.752, 3.024, 2.678, 2.806, 2.74, 2.855, 2.748, 3.043, 3.431, 3.078, 2.245, 2.128, 2.415, 2.741, 2.348, 2.164, 2.874, 4.124, 4.584, 3.851, 3.623, 3.783, 2.332, 1.492, 0.0, 0.763, 1.583, 2.08, 1.654, 1.544, 2.209, 2.409, 2.513, 2.372, 2.096, 1.605, 1.753, 2.169, 2.274, 2.706, 3.023, 3.156, 3.286, 3.724, 4.124, 4.586], [2.502, 2.55, 2.902, 2.92, 3.211, 3.921, 3.829, 4.152, 3.935, 4.191, 4.724, 6.173, 7.067, 7.123, 8.153, 8.234, 7.665, 7.433, 7.777, 7.462, 7.322, 6.36, 6.161, 6.141, 6.462, 8.157, 8.897, 9.44, 9.16, 6.552, 3.614, 4.301, 5.384, 4.702, 4.38, 3.905, 3.352, 3.094, 3.106, 2.831, 2.592, 2.827, 2.547, 2.554, 2.606, 2.607, 2.608, 2.934, 3.451, 3.024, 2.159, 2.084, 2.33, 2.6, 2.142, 2.02, 2.7, 3.861, 4.651, 3.98, 3.724, 3.81, 2.494, 1.699, 0.763, 0.0, 1.342, 1.871, 1.478, 1.582, 2.179, 2.367, 2.435, 2.328, 2.133, 1.683, 1.774, 2.162, 2.365, 2.696, 2.941, 3.02, 3.104, 3.57, 4.018, 4.416], [3.395, 3.449, 3.756, 3.596, 3.916, 4.574, 4.569, 4.979, 4.792, 4.954, 5.459, 6.907, 7.786, 7.851, 8.92, 8.998, 8.407, 8.178, 8.493, 8.176, 8.046, 7.084, 6.875, 6.853, 7.171, 8.866, 9.606, 10.149, 9.873, 7.276, 4.339, 4.998, 6.085, 5.42, 5.051, 4.519, 3.858, 3.403, 3.226, 2.971, 2.466, 2.193, 1.941, 1.988, 1.868, 2.016, 2.178, 2.172, 2.696, 2.347, 1.449, 1.516, 1.675, 1.901, 1.451, 1.483, 1.812, 3.052, 3.965, 3.427, 3.701, 3.321, 2.867, 2.39, 1.583, 1.342, 0.0, 1.064, 0.986, 1.438,