[[0.0, 1.904, 2.555, 2.335, 2.278, 2.072, 2.067, 2.087, 1.887, 2.014, 1.798, 2.282, 2.7, 2.841, 3.96, 4.384, 4.057, 4.25, 3.771, 3.214, 2.701, 3.44, 4.171, 3.725, 3.204, 3.18, 3.887, 3.787, 3.294, 3.257, 2.918, 3.241, 5.189, 6.273, 4.95, 2.949, 3.112, 3.75, 4.032, 4.093, 4.286, 3.526, 4.034, 5.395, 4.901, 2.438, 2.049, 2.297, 2.676, 2.487, 2.077, 2.414, 2.929, 3.227, 3.631, 2.529, 2.043, 2.153, 1.821, 1.557, 2.169, 3.448, 3.728, 3.774, 3.333, 2.637, 2.148, 1.846, 1.589, 1.786, 1.404, 1.53, 1.955, 2.101, 1.955, 1.83, 1.859, 2.042, 2.116, 2.544, 2.649, 3.147, 3.423, 3.808, 3.637, 3.796], [1.904, 0.0, 1.08, 0.972, 0.793, 0.919, 1.821, 2.193, 1.914, 2.569, 2.723, 1.916, 1.599, 1.473, 2.314, 2.727, 2.421, 2.597, 2.127, 1.842, 1.629, 2.309, 3.06, 2.802, 2.415, 2.268, 2.453, 2.358, 1.836, 1.793, 2.028, 1.701, 3.534, 4.609, 3.28, 1.797, 2.41, 2.498, 2.576, 2.515, 2.799, 2.239, 2.605, 3.794, 3.41, 1.818, 2.789, 3.505, 3.804, 3.535, 3.072, 3.371, 3.793, 3.308, 3.423, 2.308, 2.84, 3.076, 2.952, 2.403, 3.165, 4.43, 4.735, 4.748, 4.284, 3.665, 3.186, 2.651, 2.077, 1.734, 1.537, 1.683, 2.243, 2.707, 2.26, 2.241, 2.456, 2.532, 3.042, 3.849, 4.125, 4.659, 4.967, 5.277, 5.094, 5.23], [2.555, 1.08, 0.0, 0.724, 1.018, 1.299, 2.234, 2.482, 2.166, 2.861, 3.008, 1.79, 1.264, 1.166, 1.524, 1.917, 1.693, 1.968, 1.713, 1.563, 1.537, 1.77, 2.56, 2.245, 2.007, 1.86, 1.977, 1.75, 1.527, 1.643, 2.136, 1.367, 2.879, 3.868, 2.524, 1.289, 1.939, 2.041, 1.914, 1.955, 2.286, 1.773, 1.965, 3.074, 2.665, 1.415, 3.296, 4.162, 4.431, 4.095, 3.516, 3.709, 3.972, 3.365, 3.213, 2.541, 3.454, 3.661, 3.615, 2.84, 3.656, 4.967, 5.306, 5.318, 4.836, 4.267, 3.733, 3.204, 2.582, 2.047, 2.123, 2.347, 2.827, 3.235, 2.856, 2.799, 3.003, 3.084, 3.564, 4.396, 4.772, 5.329, 5.621, 5.906, 5.729, 5.847], [2.335, 0.972, 0.724, 0.0, 0.587, 0.96, 2.006, 2.334, 2.065, 2.762, 2.938, 1.889, 1.411, 1.262, 1.804, 2.136, 1.929, 2.194, 1.834, 1.694, 1.534, 1.993, 2.841, 2.547, 2.312, 2.217, 2.231, 2.034, 1.789, 1.847, 2.271, 1.474, 3.05, 4.117, 2.792, 1.429, 1.995, 2.029, 2.055, 1.911, 2.155, 1.718, 2.025, 3.192, 2.815, 1.487, 3.042, 3.938, 4.199, 3.784, 3.247, 3.442, 3.756, 3.209, 3.079, 2.318, 3.164, 3.453, 3.376, 2.627, 3.496, 4.701, 4.964, 4.961, 4.548, 4.025, 3.445, 2.933, 2.397, 1.867, 1.804, 2.095, 2.6, 3.009, 2.645, 2.522, 2.732, 2.814, 3.302, 4.205, 4.52, 5.1, 5.359, 5.634, 5.414, 5.539], [2.278, 0.793, 1.018, 0.587, 0.0, 0.746, 1.783, 2.111, 1.821, 2.607, 2.725, 1.859, 1.455, 1.259, 1.898, 2.301, 2.025, 2.25, 1.883, 1.667, 1.462, 2.127, 2.918, 2.684, 2.432, 2.283, 2.339, 2.212, 1.91, 1.88, 2.164, 1.471, 3.191, 4.256, 2.926, 1.533, 2.178, 2.181, 2.089, 1.976, 2.18, 1.874, 2.173, 3.308, 3.018, 1.703, 2.874, 3.812, 4.038, 3.546, 3.076, 3.323, 3.759, 3.265, 3.23, 2.234, 2.953, 3.311, 3.219, 2.5, 3.302, 4.553, 4.826, 4.82, 4.315, 3.824, 3.26, 2.745, 2.24, 1.773, 1.658, 1.92, 2.419, 2.868, 2.5, 2.391, 2.592, 2.675, 3.164, 4.052, 4.383, 4.958, 5.22, 5.501, 5.277, 5.382], [2.072, 0.919, 1.299, 0.96, 0.746, 0.0, 1.222, 1.609, 1.318, 2.115, 2.224, 1.574, 1.485, 1.365, 2.381, 2.782, 2.506, 2.739, 2.31, 1.868, 1.594, 2.286, 3.039, 2.774, 2.415, 2.183, 2.531, 2.479, 2.086, 1.966, 1.922, 1.762, 3.678, 4.737, 3.376, 1.734, 2.515, 2.672, 2.608, 2.48, 2.727, 2.168, 2.483, 3.765, 3.439, 1.956, 2.579, 3.338, 3.74, 3.419, 2.983, 3.417, 3.861, 3.421, 3.513, 2.381, 2.695, 2.88, 2.796, 2.412, 3.231, 4.438, 4.676, 4.675, 4.193, 3.671, 3.015, 2.501, 2.219, 1.86, 1.396, 1.486, 1.921, 2.385, 1.993, 1.917, 2.12, 2.187, 2.664, 3.545, 3.884, 4.459, 4.724, 5.02, 4.788, 4.912], [2.067, 1.821, 2.234, 2.006, 1.783, 1.222, 0.0, 0.752, 0.886, 1.403, 1.763, 1.855, 2.175, 2.266, 3.412, 3.822, 3.532, 3.766, 3.305, 2.7, 2.21, 2.93, 3.698, 3.395, 2.923, 2.791, 3.412, 3.388, 2.956, 2.916, 2.419, 2.77, 4.736, 5.764, 4.382, 2.458, 3.111, 3.581, 3.6, 3.486, 3.818, 3.176, 3.513, 4.776, 4.422, 2.495, 2.522, 3.081, 3.528, 3.445, 3.166, 3.695, 4.133, 3.796, 4.117, 2.827, 2.546, 2.478, 2.554, 2.577, 3.349, 4.418, 4.435, 4.411, 4.011, 3.495, 2.516, 2.254, 2.48, 2.334, 1.717, 1.457, 1.202, 1.478, 1.341, 1.434, 1.369, 1.312, 1.612, 2.434, 2.83, 3.424, 3.685, 4.016, 3.805, 3.89], [2.087, 2.193, 2.482, 2.334, 2.111, 1.609, 0.752, 0.0, 0.817, 1.086, 1.572, 1.636, 2.295, 2.517, 3.597, 3.975, 3.659, 3.886, 3.446, 2.828, 2.419, 3.031, 3.768, 3.395, 2.93, 2.878, 3.533, 3.541, 3.095, 3.129, 2.462, 2.888, 5.028, 5.943, 4.566, 2.647, 3.183, 3.732, 3.678, 3.812, 4.082, 3.399, 3.885, 5.07, 4.57, 2.695, 2.407, 2.958, 3.386, 3.319, 3.062, 3.578, 4.087, 3.909, 4.301, 3.037, 2.412, 2.326, 2.394, 2.457, 3.223, 4.279, 4.29, 4.255, 3.872, 3.358, 2.338, 2.074, 2.495, 2.389, 1.788, 1.455, 1.228, 1.416, 1.25, 1.389, 1.279, 1.254, 1.544, 2.324, 2.717, 3.351, 3.621, 3.882, 3.667, 3.752], [1.887, 1.914, 2.166, 2.065, 1.821, 1.318, 0.886, 0.817, 0.0, 1.097, 1.303, 1.471, 1.975, 2.117, 3.17, 3.544, 3.237, 3.464, 3.077, 2.375, 1.974, 2.625, 3.394, 3.036, 2.539, 2.467, 3.163, 3.184, 2.74, 2.731, 2.203, 2.583, 4.633, 5.483, 4.091, 2.208, 2.82, 3.395, 3.228, 3.459, 3.725, 3.101, 3.586, 4.698, 4.141, 2.292, 2.278, 2.863, 3.313, 3.171, 2.817, 3.345, 3.782, 3.549, 3.934, 2.67, 2.309, 2.303, 2.31, 2.23, 2.966, 4.09, 4.231, 4.246, 3.856, 3.262, 2.331, 1.92, 2.122, 1.959, 1.491, 1.278, 1.353, 1.679, 1.339, 1.445, 1.459, 1.622, 1.908, 2.694, 3.098, 3.673, 3.935, 4.23, 4.031, 4.156], [2.014, 2.569, 2.861, 2.762, 2.607, 2.115, 1.403, 1.086, 1.097, 0.0, 1.122, 1.96, 2.701, 2.883, 4.025, 4.337, 3.959, 4.097, 3.632, 3.127, 2.659, 3.216, 3.955, 3.606, 3.197, 3.144, 3.871, 3.886, 3.493, 3.579, 2.842, 3.203, 5.296, 6.145, 4.799, 2.876, 3.222, 3.936, 4.039, 4.213, 4.507, 3.809, 4.291, 5.405, 4.755, 2.683, 1.928, 2.356, 2.672, 2.626, 2.537, 2.896, 3.619, 3.719, 4.261, 3.096, 1.805, 1.699, 1.715, 1.879, 2.535, 3.53, 3.572, 3.573, 3.191, 2.597, 1.632, 1.51, 2.138, 2.29, 1.884, 1.631, 1.24, 1.536, 1.492, 1.51, 1.419, 1.458, 1.565, 2.129, 2.493, 3.057, 3.308, 3.62, 3.428, 3.569], [1.798, 2.723, 3.008, 2.938, 2.725, 2.224, 1.763, 1.572, 1.303, 1.122, 0.0, 1.928, 2.694, 2.859, 3.889, 4.296, 3.974, 4.235, 3.884, 3.135, 2.772, 3.461, 4.076, 3.647, 3.192, 3.172, 3.907, 3.89, 3.441, 3.422, 2.729, 3.358, 5.35, 6.177, 4.858, 3.066, 3.68, 4.296, 4.047, 4.272, 4.545, 4.027, 4.444, 5.616, 5.087, 3.01, 2.068, 2.175, 2.53, 2.464, 2.431, 2.863, 3.615, 3.996, 4.547, 3.425, 1.927, 1.993, 1.759, 1.844, 2.357, 3.328, 3.49, 3.507, 3.111, 2.478, 1.696, 1.651, 2.297, 2.569, 2.218, 1.904, 1.621, 1.815, 1.913, 1.884, 1.895, 1.97, 1.998, 2.182, 2.382, 2.918, 3.215, 3.504, 3.32, 3.414], [2.282, 1.916, 1.79, 1.889, 1.859, 1.574, 1.855, 1.636, 1.471, 1.96, 1.928, 0.0, 1.082, 1.307, 2.487, 2.819, 2.515, 2.688, 2.372, 1.769, 1.631, 1.892, 2.555, 2.165, 1.727, 1.704, 2.387, 2.417, 1.955, 2.047, 1.51, 1.707, 3.906, 4.789, 3.505, 1.952, 2.997, 3.481, 3.145, 3.029, 3.465, 2.999, 3.232, 4.287, 3.827, 2.628, 2.66, 3.575, 4.004, 3.568, 3.007, 3.278, 3.744, 3.659, 4.026, 2.807, 2.921, 3.147, 3.064, 2.508, 3.272, 4.546, 4.84, 4.816, 4.281, 3.806, 3.214, 2.748, 2.409, 2.302, 2.133, 2.017, 2.283, 2.614, 2.285, 2.183, 2.323, 2.458, 2.849, 3.698, 4.101, 4.664, 4.878, 5.152, 4.962, 4.999], [2.7, 1.599, 1.264, 1.411, 1.455, 1.485, 2.175, 2.295, 1.975, 2.701, 2.694, 1.082, 0.0, 0.523, 1.635, 2.008, 1.765, 1.906, 1.7, 1.332, 1.223, 1.361, 1.891, 1.769, 1.466, 1.289, 1.706, 1.815, 1.33, 1.303, 1.277, 0.998, 2.981, 3.95, 2.637, 1.632, 2.666, 2.872, 2.549, 2.487, 2.884, 2.433, 2.63, 3.524, 3.26, 2.33, 3.283, 4.293, 4.497, 4.066, 3.438, 3.628, 3.93, 3.469, 3.762, 2.586, 3.415, 3.72, 3.697, 2.939, 3.696, 4.981, 5.276, 5.257, 4.769, 4.283, 3.735, 3.295, 2.651, 2.424, 2.264, 2.401, 2.878, 3.312, 2.947, 2.794, 2.999, 3.052, 3.602, 4.476, 4.879, 5.443, 5.657, 5.917, 5.735, 5.804], [2.841, 1.473, 1.166, 1.262, 1.259, 1.365, 2.266, 2.517, 2.117, 2.883, 2.859, 1.307, 0.523, 0.0, 1.488, 1.897, 1.646, 1.753, 1.574, 1.175, 1.146, 1.394, 1.915, 1.858, 1.709, 1.47, 1.675, 1.789, 1.364, 1.265, 1.465, 0.894, 2.748, 3.772, 2.492, 1.548, 2.474, 2.587, 2.335, 2.222, 2.616, 2.175, 2.349, 3.329, 3.094, 2.121, 3.377, 4.383, 4.571, 4.083, 3.525, 3.613, 3.895, 3.417, 3.536, 2.498, 3.46, 3.799, 3.779, 2.917, 3.669, 4.911, 5.227, 5.229, 4.733, 4.236, 3.772, 3.32, 2.653, 2.276, 2.284, 2.474, 2.964, 3.397, 3.028, 2.9, 3.094, 3.165, 3.705, 4.562, 4.965, 5.528, 5.745, 6.005, 5.844, 5.914], [3.96, 2.314, 1.524, 1.804, 1.898, 2.381, 3.412, 3.597, 3.17, 4.025, 3.889, 2.487, 1.635, 1.488, 0.0, 0.914, 0.946, 1.147, 1.499, 1.677, 2.024, 1.777, 1.767, 1.673, 1.765, 1.651, 1.319, 1.313, 1.425, 1.847, 2.394, 1.242, 1.766, 2.61, 1.476, 1.671, 2.307, 2.13, 1.658, 1.705, 2.037, 2.059, 2.113, 2.386, 2.512, 2.325, 4.591, 5.548, 5.681, 5.115, 4.64, 4.641, 4.467, 3.856, 3.625, 3.159, 4.487, 4.952, 4.923, 3.962, 4.661, 5.916, 6.254, 6.275, 5.818, 5.284, 4.804, 4.465, 3.776, 3.262, 3.423, 3.627, 4.108, 4.571, 4.189, 4.116, 4.312, 4.387, 4.869, 5.708, 6.111, 6.684, 6.955, 7.218, 7.024, 7.134], [4.384, 2.727, 1.917, 2.136, 2.301, 2.782, 3.822, 3.975, 3.544, 4.337, 4.296, 2.819, 2.008, 1.897, 0.914, 0.0, 0.854, 1.148, 1.535, 1.803, 2.227, 1.95, 1.777, 1.873, 2.11, 2.116, 1.681, 1.538, 1.804, 2.301, 2.842, 1.652, 1.423, 2.098, 1.022, 1.85, 2.089, 1.563, 1.14, 1.148, 1.456, 1.67, 1.668, 1.842, 1.804, 2.586, 5.035, 6.001, 6.093, 5.458, 4.99, 4.951, 4.647, 3.95, 3.591, 3.422, 4.84, 5.345, 5.297, 4.338, 5.003, 6.217, 6.527, 6.548, 6.103, 5.578, 5.179, 4.878, 4.214, 3.679, 3.818, 4.003, 4.492, 5.007, 4.597, 4.515, 4.711, 4.783, 5.278, 6.15, 6.536, 7.132, 7.404, 7.658, 7.451, 7.572], [4.057, 2.421, 1.693, 1.929, 2.025, 2.506, 3.532, 3.659, 3.237, 3.959, 3.974, 2.515, 1.765, 1.646, 0.946, 0.854, 0.0, 0.741, 1.07, 1.345, 1.8, 1.368, 1.428, 1.448, 1.743, 1.718, 1.359, 1.238, 1.37, 1.945, 2.423, 1.398, 1.703, 2.4, 1.469, 1.587, 2.035, 1.696, 1.408, 1.596, 1.776, 1.766, 1.939, 2.221, 2.0, 2.294, 4.78, 5.703, 5.8, 5.199, 4.776, 4.686, 4.229, 3.506, 3.23, 3.16, 4.566, 5.057, 5.021, 4.072, 4.719, 5.929, 6.175, 6.183, 5.773, 5.245, 4.896, 4.574, 3.919, 3.417, 3.586, 3.719, 4.167, 4.721, 4.333, 4.287, 4.483, 4.555, 5.04, 5.87, 6.254, 6.846, 7.143, 7.415, 7.209, 7.325], [4.25, 2.597, 1.968, 2.194, 2.25, 2.739, 3.766, 3.886, 3.464, 4.097, 4.235, 2.688, 1.906, 1.753, 1.147, 1.148, 0.741, 0.0, 0.742, 1.314, 1.772, 1.213, 1.505, 1.556, 1.838, 1.77, 1.42, 1.303, 1.437, 2.044, 2.56, 1.362, 1.635, 2.369, 1.658, 1.816, 2.313, 2.013, 1.737, 1.951, 2.123, 2.186, 2.329, 2.415, 2.192, 2.588, 5.013, 5.918, 6.003, 5.421, 4.982, 4.9, 4.263, 3.528, 3.327, 3.279, 4.787, 5.278, 5.219, 4.31, 4.957, 6.109, 6.225, 6.173, 5.77, 5.348, 5.085, 4.772, 4.148, 3.665, 3.824, 3.906, 4.354, 4.952, 4.572, 4.526, 4.722, 4.794, 5.279, 6.104, 6.487, 7.078, 7.377, 7.648, 7.447, 7.558], [3.771, 2.127, 1.713, 1.834, 1.883, 2.31, 3.305, 3.446, 3.077, 3.632, 3.884, 2.372, 1.7, 1.574, 1.499, 1.535, 1.07, 0.742, 0.0, 0.924, 1.374, 1.171, 1.778, 1.834, 1.898, 1.874, 1.664, 1.393, 1.464, 1.968, 2.527, 1.386, 1.948, 2.771, 1.994, 1.703, 2.131, 1.95, 1.766, 2.041, 2.187, 2.136, 2.309, 2.666, 2.305, 2.278, 4.553, 5.452, 5.542, 4.96, 4.524, 4.446, 3.941, 3.363, 3.234, 2.869, 4.334, 4.824, 4.757, 3.851, 4.505, 5.656, 5.777, 5.726, 5.317, 4.908, 4.628, 4.311, 3.689, 3.202, 3.362, 3.417, 3.862, 4.491, 4.106, 4.06, 4.257, 4.329, 4.813, 5.643, 6.027, 6.617, 6.916, 7.188, 6.985, 7.097], [3.214, 1.842, 1.563, 1.694, 1.667, 1.868, 2.7, 2.828, 2.375, 3.127, 3.135, 1.769, 1.332, 1.175, 1.677, 1.803, 1.345, 1.314, 0.924, 0.0, 0.904, 0.989, 1.834, 1.848, 1.762, 1.678, 1.802, 1.787, 1.524, 1.695, 1.968, 1.309, 2.538, 3.341, 2.349, 1.459, 2.143, 2.337, 2.161, 2.317, 2.606, 2.234, 2.467, 3.228, 2.893, 2.11, 3.923, 4.828, 4.908, 4.332, 3.89, 3.926, 3.758, 3.216, 3.208, 2.473, 3.711, 4.201, 4.129, 3.232, 3.877, 5.033, 5.2, 5.183, 4.704, 4.247, 4.006, 3.675, 3.126, 2.641, 2.743, 2.808, 3.261, 3.852, 3.47, 3.424, 3.62, 3.692, 4.183, 5.008, 5.391, 5.982, 6.281, 6.552, 6.345, 6.462], [2.701, 1.629, 1.537, 1.534, 1.462, 1.594, 2.21, 2.419, 1.974, 2.659, 2.772, 1.631, 1.223, 1.146, 2.024, 2.227, 1.8, 1.772, 1.374, 0.904, 0.0, 1.063, 2.088, 2.136, 2.002, 1.811, 2.11, 2.218, 1.778, 1.837, 1.993, 1.434, 3.002, 3.816, 2.727, 1.279, 2.12, 2.49, 2.387, 2.451, 2.774, 2.32, 2.646, 3.475, 3.198, 1.945, 3.418, 4.323, 4.402, 3.744, 3.318, 3.322, 3.466, 2.899, 3.043, 2.036, 3.116, 3.607, 3.548, 2.711, 3.356, 4.552, 4.715, 4.704, 4.213, 3.679, 3.481, 3.165, 2.542, 2.183, 2.251, 2.454, 2.817, 3.367, 3.004, 2.952, 3.087, 3.17, 3.656, 4.498, 4.881, 5.472, 5.771, 6.042, 5.835, 5.956], [3.44, 2.309, 1.77, 1.993, 2.127, 2.286, 2.93, 3.031, 2.625, 3.216, 3.461, 1.892, 1.361, 1.394, 1.777, 1.95, 1.368, 1.213, 1.171, 0.989, 1.063, 0.0, 1.335, 1.462, 1.54, 1.519, 1.652, 1.865, 1.62, 2.009, 2.076, 1.402, 2.677, 3.331, 2.435, 1.588, 2.256, 2.492, 2.282, 2.521, 2.751, 2.274, 2.546, 3.29, 2.784, 2.335, 4.169, 5.082, 5.165, 4.514, 4.069, 3.982, 3.633, 3.002, 3.161, 2.526, 3.888, 4.386, 4.351, 3.415, 4.057, 5.204, 5.301, 5.272, 4.822, 4.376, 4.244, 3.941, 3.295, 2.947, 3.027, 3.07, 3.538, 4.091, 3.678, 3.634, 3.824, 3.898, 4.406, 5.247, 5.631, 6.221, 6.52, 6.792, 6.585, 6.71], [4.171, 3.06, 2.56, 2.841, 2.918, 3.039, 3.698, 3.768, 3.394, 3.955, 4.076, 2.555, 1.891, 1.915, 1.767, 1.777, 1.428, 1.505, 1.778, 1.834, 2.088, 1.335, 0.0, 0.9, 1.341, 1.275, 1.22, 1.544, 1.606, 1.923, 1.956, 1.763, 2.23, 2.911, 1.832, 2.16, 2.519, 2.537, 2.371, 2.478, 2.731, 2.369, 2.564, 3.1, 2.782, 3.106, 4.905, 5.81, 5.897, 5.29, 4.863, 4.797, 4.392, 3.861, 3.875, 3.43, 4.684, 5.126, 5.058, 4.153, 4.823, 6.081, 6.294, 6.297, 5.9, 5.36, 5.004, 4.654, 4.061, 3.823, 3.81, 3.733, 4.2, 4.83, 4.417, 4.367, 4.564, 4.642, 5.145, 5.986, 6.37, 6.96, 7.259, 7.531, 7.324, 7.459], [3.725, 2.802, 2.245, 2.547, 2.684, 2.774, 3.395, 3.395, 3.036, 3.606, 3.647, 2.165, 1.769, 1.858, 1.673, 1.873, 1.448, 1.556, 1.834, 1.848, 2.136, 1.462, 0.9, 0.0, 0.69, 0.78, 1.077, 1.316, 1.356, 1.803, 1.905, 1.656, 2.393, 3.265, 2.079, 2.083, 2.673, 2.758, 2.55, 2.592, 2.908, 2.538, 2.682, 3.294, 2.887, 2.802, 4.55, 5.392, 5.601, 5.236, 4.734, 4.765, 4.42, 3.867, 3.918, 3.444, 4.617, 4.858, 4.776, 3.903, 4.739, 6.035, 6.36, 6.381, 5.945, 5.369, 4.832, 4.317, 3.763, 3.442, 3.515, 3.4, 3.857, 4.433, 4.103, 4.062, 4.239, 4.355, 4.78, 5.579, 5.959, 6.55, 6.849, 7.12, 6.928, 7.04], [3.204, 2.415, 2.007, 2.312, 2.432, 2.415, 2.923, 2.93, 2.539, 3.197, 3.192, 1.727, 1.466, 1.709, 1.765, 2.11, 1.743, 1.838, 1.898, 1.762, 2.002, 1.54, 1.341, 0.69, 0.0, 0.602, 1.145, 1.277, 1.167, 1.543, 1.627, 1.56, 2.722, 3.576, 2.346, 1.89, 2.752, 2.998, 2.73, 2.725, 3.101, 2.71, 2.873, 3.622, 3.13, 2.693, 4.103, 4.899, 5.203, 4.981, 4.384, 4.56, 4.339, 3.956, 4.087, 3.25, 4.327, 4.486, 4.354, 3.648, 4.482, 5.851, 6.202, 6.221, 5.734, 5.155, 4.51, 3.979, 3.446, 3.106, 3.106, 2.976, 3.401, 3.963, 3.63, 3.641, 3.801, 3.919, 4.287, 5.082, 5.459, 6.049, 6.348, 6.62, 6.438, 6.542], [3.18, 2.268, 1.86, 2.217, 2.283, 2.183, 2.791, 2.878, 2.467, 3.144, 3.172, 1.704, 1.289, 1.47, 1.651, 2.116, 1.718, 1.77, 1.874, 1.678, 1.811, 1.519, 1.275, 0.78, 0.602, 0.0, 0.984, 1.175, 0.962, 1.342, 1.47, 1.403, 2.749, 3.67, 2.326, 1.817, 2.836, 3.07, 2.822, 2.783, 3.195, 2.733, 2.921, 3.649, 3.185, 2.62, 4.11, 4.899, 5.197, 4.966, 4.375, 4.578, 4.576, 4.023, 4.182, 3.234, 4.294, 4.442, 4.336, 3.704, 4.517, 5.904, 6.242, 6.254, 5.736, 5.134, 4.481, 3.969, 3.414, 3.07, 2.965, 2.926, 3.386, 3.928, 3.573, 3.562, 3.762, 3.804, 4.269, 5.057, 5.432, 6.023, 6.328, 6.593, 6.415, 6.525], [3.887, 2.453, 1.977, 2.231, 2.339, 2.531, 3.412, 3.533, 3.163, 3.871, 3.907, 2.387, 1.706, 1.675, 1.319, 1.681, 1.359, 1.42, 1.664, 1.802, 2.11, 1.652, 1.22, 1.077, 1.145, 0.984, 0.0, 0.796, 0.909, 1.437, 2.018, 1.344, 2.274, 3.118, 1.781, 2.046, 2.735, 2.805, 2.384, 2.32, 2.736, 2.528, 2.762, 3.224, 2.861, 2.661, 4.817, 5.597, 5.906, 5.57, 5.025, 5.118, 5.0, 4.383, 4.248, 3.654, 4.93, 5.162, 5.033, 4.216, 5.067, 6.402, 6.75, 6.772, 6.302, 5.724, 5.122, 4.612, 4.033, 3.468, 3.586, 3.67, 4.102, 4.652, 4.285, 4.266, 4.459, 4.449, 4.92, 5.735, 6.114, 6.709, 7.013, 7.344, 7.132, 7.218], [3.787, 2.358, 1.75, 2.034, 2.212, 2.479, 3.388, 3.541, 3.184, 3.886, 3.89, 2.417, 1.815, 1.789, 1.313, 1.538, 1.238, 1.303, 1.393, 1.787, 2.218, 1.865, 1.544, 1.316, 1.277, 1.175, 0.796, 0.0, 0.806, 1.381, 2.098, 1.528, 2.231, 3.078, 1.752, 1.914, 2.619, 2.577, 2.164, 2.167, 2.497, 2.545, 2.634, 3.045, 2.578, 2.486, 4.839, 5.596, 5.931, 5.684, 5.084, 5.243, 5.069, 4.466, 4.255, 3.753, 5.037, 5.194, 5.075, 4.322, 5.186, 6.524, 6.868, 6.887, 6.425, 5.848, 5.219, 4.682, 4.131, 3.537, 3.594, 3.689, 4.097, 4.623, 4.266, 4.247, 4.44, 4.409, 4.874, 5.68, 6.037, 6.643, 6.939, 7.286, 7.087, 7.155], [3.294, 1.836, 1.527, 1.789, 1.91, 2.086, 2.956, 3.095, 2.74, 3.493, 3.441, 1.955, 1.33, 1.364, 1.425, 1.804, 1.37, 1.437, 1.464, 1.524, 1.778, 1.62, 1.606, 1.356, 1.167, 0.962, 0.909, 0.806, 0.0, 0.924, 1.528, 1.261, 2.582, 3.424, 2.089, 1.666, 2.636, 2.692, 2.363, 2.317, 2.749, 2.505, 2.716, 3.363, 2.863, 2.379, 4.361, 5.142, 5.478, 5.168, 4.623, 4.779, 4.772, 4.176, 4.141, 3.392, 4.542, 4.723, 4.603, 3.924, 4.733, 6.105, 6.443, 6.455, 5.939, 5.328, 4.727, 4.183, 3.616, 3.114, 3.139, 3.231, 3.665, 4.219, 3.858, 3.835, 4.027, 4.03, 4.51, 5.298, 5.621, 6.237, 6.559, 6.866, 6.688, 6.777], [3.257, 1.793, 1.643, 1.847, 1.88, 1.966, 2.916, 3.129, 2.731, 3.579, 3.422, 2.047, 1.303, 1.265, 1.847, 2.301, 1.945, 2.044, 1.968, 1.695, 1.837, 2.009, 1.923, 1.803, 1.543, 1.342, 1.437, 1.381, 0.924, 0.0, 1.093, 1.337, 2.87, 3.689, 2.439, 2.026, 3.133, 3.214, 2.939, 2.833, 3.277, 2.937, 3.13, 3.867, 3.491, 2.655, 4.331, 5.094, 5.422, 5.137, 4.583, 4.753, 5.014, 4.489, 4.533, 3.54, 4.482, 4.684, 4.567, 3.881, 4.713, 6.057, 6.395, 6.408, 5.9, 5.31, 4.69, 4.138, 3.57, 3.114, 3.103, 3.191, 3.624, 4.175, 3.811, 3.788, 3.981, 3.988, 4.472, 5.26, 5.583, 6.199, 6.517, 6.818, 6.641, 6.735], [2.918, 2.028, 2.136, 2.271, 2.164, 1.922, 2.419, 2.462, 2.203, 2.842, 2.729, 1.51, 1.277, 1.465, 2.394, 2.842, 2.423, 2.56, 2.527, 1.968, 1.993, 2.076, 1.956, 1.905, 1.627, 1.47, 2.018, 2.098, 1.528, 1.093, 0.0, 1.528, 3.597, 4.304, 3.112, 2.487, 3.614, 3.76, 3.462, 3.425, 3.847, 3.376, 3.625, 4.52, 4.086, 3.248, 3.64, 4.474, 4.802, 4.557, 4.06, 4.456, 4.899, 4.584, 4.91, 3.567, 3.858, 4.014, 3.884, 3.399, 4.194, 5.515, 5.837, 5.85, 5.354, 4.716, 4.054, 3.551, 3.226, 3.095, 2.765, 2.553, 3.022, 3.528, 3.179, 3.115, 3.302, 3.39, 3.859, 4.647, 4.984, 5.593, 5.901, 6.169, 5.997, 6.116], [3.241, 1.701, 1.367, 1.474, 1.471, 1.762, 2.77, 2.888, 2.583, 3.203, 3.358, 1.707, 0.998, 0.894, 1.242, 1.652, 1.398, 1.362, 1.386, 1.309, 1.434, 1.402, 1.763, 1.656, 1.56, 1.403, 1.344, 1.528, 1.261, 1.337, 1.528, 0.0, 2.458, 3.43, 2.184, 1.844, 2.566, 2.649, 2.29, 2.24, 2.632, 2.25, 2.467, 3.094, 2.949, 2.37, 3.967, 4.89, 5.104, 4.602, 4.174, 4.199, 4.353, 3.816, 3.854, 2.935, 3.975, 4.369, 4.309, 3.369, 4.11, 5.419, 5.762, 5.783, 5.324, 4.769, 4.286, 3.822, 3.138, 2.697, 2.804, 3.014, 3.494, 3.947, 3.57, 3.512, 3.708, 3.78, 4.265, 5.061, 5.436, 6.024, 6.313, 6.578, 6.399, 6.522], [5.189, 3.534, 2.879, 3.05, 3.191, 3.678, 4.736, 5.028, 4.633, 5.296, 5.35, 3.906, 2.981, 2.748, 1.766, 1.423, 1.703, 1.635, 1.948, 2.538, 3.002, 2.677, 2.23, 2.393, 2.722, 2.749, 2.274, 2.231, 2.582, 2.87, 3.597, 2.458, 0.0, 1.382, 1.436, 2.901, 3.02, 2.085, 2.004, 2.042, 2.046, 2.315, 2.301, 1.991, 2.354, 3.474, 5.957, 6.862, 6.97, 6.464, 6.038, 5.955, 5.303, 4.578, 4.086, 4.402, 5.8, 6.282, 6.196, 5.309, 5.987, 7.183, 7.332, 7.25, 6.903, 6.479, 6.097, 5.707, 5.083, 4.601, 4.775, 4.846, 5.297, 5.9, 5.532, 5.486, 5.682, 5.754, 6.239, 7.041, 7.422, 8.013, 8.312, 8.583, 8.394, 8.496], [6.273, 4.609, 3.868, 4.117, 4.256, 4.737, 5.764, 5.943, 5.483, 6.145, 6.177, 4.789, 3.95, 3.772, 2.61, 2.098, 2.4, 2.369, 2.771, 3.341, 3.816, 3.331, 2.911, 3.265, 3.576, 3.67, 3.118, 3.078, 3.424, 3.689, 4.304, 3.43, 1.382, 0.0, 1.669, 3.646, 3.725, 2.806, 2.609, 2.581, 2.629, 3.106, 2.858, 2.059, 2.176, 4.454, 7.018, 7.924, 8.003, 7.389, 6.944, 6.858, 6.113, 5.325, 4.809, 5.218, 6.763, 7.253, 7.194, 6.286, 6.92, 8.061, 8.144, 7.956, 7.623, 7.279, 7.083, 6.77, 6.146, 5.641, 5.811, 5.866, 6.315, 6.946, 6.554, 6.508, 6.705, 6.777, 7.266, 8.102, 8.497, 9.076, 9.375, 9.646, 9.44, 9.559], [4.95, 3.28, 2.524, 2.792, 2.926, 3.376, 4.382, 4.566, 4.091, 4.799, 4.858, 3.505, 2.637, 2.492, 1.476, 1.022, 1.469, 1.658, 1.994, 2.349, 2.727, 2.435, 1.832, 2.079, 2.346, 2.326, 1.781, 1.752, 2.089, 2.439, 3.112, 2.184, 1.436, 1.669, 0.0, 2.212, 2.422, 1.974, 1.626, 1.706, 1.955, 2.181, 2.036, 1.981, 1.7, 3.044, 5.626, 6.531, 6.621, 5.977, 5.511, 5.483, 5.177, 4.508, 4.155, 3.962, 5.372, 5.747, 5.705, 4.807, 5.496, 6.83, 7.096, 7.116, 6.631, 6.058, 5.721, 5.363, 4.734, 4.208, 4.375, 4.429, 4.904, 5.537, 5.112, 5.042, 5.237, 5.327, 5.835, 6.698, 7.111, 7.671, 7.958, 8.265, 8.081, 8.237], [2.949, 1.797, 1.289, 1.429, 1.533, 1.734, 2.458, 2.647, 2.208, 2.876, 3.066, 1.952, 1.632, 1.548, 1.671, 1.85, 1.587, 1.816, 1.703, 1.459, 1.279, 1.588, 2.16, 2.083, 1.89, 1.817, 2.046, 1.914, 1.666, 2.026, 2.487, 1.844, 2.901, 3.646, 2.212, 0.0, 1.351, 1.827, 1.737, 1.799, 2.194, 1.802, 1.951, 2.843, 2.359, 1.48, 3.576, 4.499, 4.57, 3.986, 3.44, 3.627, 3.571, 2.995, 2.749, 2.16, 3.313, 3.651, 3.594, 2.794, 3.535, 4.981, 5.272, 5.233, 4.712, 4.117, 3.701, 3.32, 2.706, 2.201, 2.318, 2.607, 3.013, 3.534, 3.112, 3.02, 3.21, 3.318, 3.791, 4.658, 5.098, 5.65, 5.917, 6.228, 6.045, 6.199], [3.112, 2.41, 1.939, 1.995, 2.178, 2.515, 3.111, 3.183, 2.82, 3.222, 3.68, 2.997, 2.666, 2.474, 2.307, 2.089, 2.035, 2.313, 2.131, 2.143, 2.12, 2.256, 2.519, 2.673, 2.752, 2.836, 2.735, 2.619, 2.636, 3.133, 3.614, 2.566, 3.02, 3.725, 2.422, 1.351, 0.0, 1.164, 1.499, 1.826, 2.009, 1.56, 1.868, 2.86, 2.296, 1.107, 3.503, 4.43, 4.471, 3.818, 3.344, 3.381, 3.048, 2.418, 2.042, 1.934, 3.224, 3.609, 3.55, 2.767, 3.34, 4.661, 4.95, 4.961, 4.509, 3.947, 3.624, 3.228, 2.586, 2.085, 2.378, 2.783, 3.276, 3.71, 3.291, 3.199, 3.313, 3.485, 3.915, 4.686, 5.051, 5.655, 5.858, 6.16, 6.011, 6.122], [3.75, 2.498, 2.041, 2.029, 2.181, 2.672, 3.581, 3.732, 3.395, 3.936, 4.296, 3.481, 2.872, 2.587, 2.13, 1.563, 1.696, 2.013, 1.95, 2.337, 2.49, 2.492, 2.537, 2.758, 2.998, 3.07, 2.805, 2.577, 2.692, 3.214, 3.76, 2.649, 2.085, 2.806, 1.974, 1.827, 1.164, 0.0, 0.839, 1.166, 1.131, 1.008, 1.229, 1.923, 1.597, 1.775, 4.331, 5.268, 5.315, 4.692, 4.259, 4.231, 3.698, 3.012, 2.495, 2.659, 4.021, 4.503, 4.416, 3.543, 4.208, 5.48, 5.652, 5.636, 5.243, 4.74, 4.411, 4.045, 3.4, 2.888, 3.076, 3.236, 3.74, 4.3, 3.846, 3.791, 4.009, 4.086, 4.59, 5.424, 5.863, 6.449, 6.675, 6.973, 6.821, 6.944], [4.032, 2.576, 1.914, 2.055, 2.089, 2.608, 3.6, 3.678, 3.228, 4.039, 4.047, 3.145, 2.549, 2.335, 1.658, 1.14, 1.408, 1.737, 1.766, 2.161, 2.387, 2.282, 2.371, 2.55, 2.73, 2.822, 2.384, 2.164, 2.363, 2.939, 3.462, 2.29, 2.004, 2.609, 1.626, 1.737, 1.499, 0.839, 0.0, 0.837, 0.839, 1.042, 1.185, 1.754, 1.431, 2.095, 4.583, 5.507, 5.646, 5.01, 4.578, 4.533, 4.072, 3.399, 2.969, 2.967, 4.352, 4.783, 4.735, 3.845, 4.516, 5.785, 5.989, 5.993, 5.576, 5.049, 4.758, 4.351, 3.657, 3.123, 3.327, 3.55, 4.062, 4.526, 4.077, 4.019, 4.25, 4.326, 4.807, 5.656, 6.121, 6.653, 6.925, 7.228, 7.054, 7.218], [4.093, 2.515, 1.955, 1.911, 1.976, 2.48, 3.486, 3.812, 3.459, 4.213, 4.272, 3.029, 2.487, 2.222, 1.705, 1.148, 1.596, 1.951, 2.041, 2.317, 2.451, 2.521, 2.478, 2.592, 2.725, 2.783, 2.32, 2.167, 2.317, 2.833, 3.425, 2.24, 2.042, 2.581, 1.706, 1.799, 1.826, 1.166, 0.837, 0.0, 0.692, 1.1, 0.941, 1.538, 1.456, 2.259, 4.658, 5.635, 5.809, 5.109, 4.68, 4.643, 4.348, 3.688, 3.233, 3.115, 4.531, 4.966, 4.903, 3.983, 4.723, 6.007, 6.245, 6.236, 5.759, 5.337, 4.95, 4.488, 3.828, 3.248, 3.369, 3.662, 4.187, 4.674, 4.215, 4.099, 4.305, 4.369, 4.836, 5.759, 6.208, 6.771, 7.014, 7.352, 7.118, 7.248], [4.286, 2.799, 2.286, 2.155, 2.18, 2.727, 3.818, 4.082, 3.725, 4.507, 4.545, 3.465, 2.884, 2.616, 2.037, 1.456, 1.776, 2.123, 2.187, 2.606, 2.774, 2.751, 2.731, 2.908, 3.101, 3.195, 2.736, 2.497, 2.749, 3.277, 3.847, 2.632, 2.046, 2.629, 1.955, 2.194, 2.009, 1.131, 0.839, 0.692, 0.0, 1.053, 0.93, 1.382, 1.388, 2.486, 4.793, 5.786, 5.952, 5.24, 4.805, 4.753, 4.274, 3.626, 3.138, 3.197, 4.613, 5.135, 5.073, 4.14, 4.882, 6.113, 6.314, 6.269, 5.844, 5.456, 5.085, 4.643, 3.954, 3.403, 3.52, 3.818, 4.337, 4.798, 4.393, 4.276, 4.495, 4.557, 5.018, 5.942, 6.358, 6.921, 7.17, 7.495, 7.27, 7.414], [3.526, 2.239, 1.773, 1.718, 1.874, 2.168, 3.176, 3.399, 3.101, 3.809, 4.027, 2.999, 2.433, 2.175, 2.059, 1.67, 1.766, 2.186, 2.136, 2.234, 2.32, 2.274, 2.369, 2.538, 2.71, 2.733, 2.528, 2.545, 2.505, 2.937, 3.376, 2.25, 2.315, 3.106, 2.181, 1.802, 1.56, 1.008, 1.042, 1.1, 1.053, 0.0, 0.887, 2.023, 1.793, 1.924, 4.073, 5.03, 5.17, 4.544, 4.103, 4.048, 3.585, 2.928, 2.539, 2.532, 3.897, 4.383, 4.329, 3.491, 4.128, 5.378, 5.571, 5.555, 5.134, 4.721, 4.445, 3.995, 3.182, 2.681, 2.792, 3.069, 3.68, 4.104, 3.68, 3.574, 3.768, 3.924, 4.391, 5.243, 5.655, 6.158, 6.406, 6.726, 6.527, 6.702], [4.034, 2.605, 1.965, 2.025, 2.173, 2.483, 3.513, 3.885, 3.586, 4.291, 4.444, 3.232, 2.63, 2.349, 2.113, 1.668, 1.939, 2.329, 2.309, 2.467, 2.646, 2.546, 2.564, 2.682, 2.873, 2.921, 2.762, 2.634, 2.716, 3.13, 3.625, 2.467, 2.301, 2.858, 2.036, 1.951, 1.868, 1.229, 1.185, 0.941, 0.93, 0.887, 0.0, 1.521, 1.39, 2.296, 4.525, 5.543, 5.668, 4.967, 4.548, 4.498, 4.103, 3.46, 2.99, 2.967, 4.402, 4.86, 4.81, 3.875, 4.615, 5.887, 6.1, 6.064, 5.628, 5.23, 4.916, 4.466, 3.662, 3.155, 3.268, 3.574, 4.133, 4.604, 4.149, 4.03, 4.27, 4.357, 4.829, 5.71, 6.142, 6.679, 6.936, 7.25, 7.046, 7.184], [5.395, 3.794, 3.074, 3.192, 3.308, 3.765, 4.776, 5.07, 4.698, 5.405, 5.616, 4.287, 3.524, 3.329, 2.386, 1.842, 2.221, 2.415, 2.666, 3.228, 3.475, 3.29, 3.1, 3.294, 3.622, 3.649, 3.224, 3.045, 3.363, 3.867, 4.52, 3.094, 1.991, 2.059, 1.981, 2.843, 2.86, 1.923, 1.754, 1.538, 1.382, 2.023, 1.521, 0.0, 1.185, 3.436, 5.929, 6.934, 7.036, 6.275, 5.85, 5.802, 5.226, 4.505, 3.956, 4.247, 5.632, 6.165, 6.129, 5.173, 5.899, 7.179, 7.322, 7.232, 6.875, 6.494, 6.168, 5.776, 5.093, 4.577, 4.692, 4.919, 5.417, 5.945, 5.523, 5.402, 5.621, 5.699, 6.172, 7.094, 7.532, 8.098, 8.337, 8.653, 8.435, 8.562], [4.901, 3.41, 2.665, 2.815, 3.018, 3.439, 4.422, 4.57, 4.141, 4.755, 5.087, 3.827, 3.26, 3.094, 2.512, 1.804, 2.0, 2.192, 2.305, 2.893, 3.198, 2.784, 2.782, 2.887, 3.13, 3.185, 2.861, 2.578, 2.863, 3.491, 4.086, 2.949, 2.354, 2.176, 1.7, 2.359, 2.296, 1.597, 1.431, 1.456, 1.388, 1.793, 1.39, 1.185, 0.0, 2.93, 5.576, 6.429, 6.59, 5.909, 5.474, 5.472, 4.986, 4.244, 3.79, 3.918, 5.29, 5.678, 5.611, 4.687, 5.515, 6.848, 7.048, 7.025, 6.612, 6.086, 5.765, 5.313, 4.62, 4.112, 4.304, 4.424, 4.913, 5.427, 5.013, 4.932, 5.16, 5.231, 5.748, 6.606, 7.016, 7.578, 7.868, 8.182, 7.996, 8.137], [2.438, 1.818, 1.415, 1.487, 1.703, 1.956, 2.495, 2.695, 2.292, 2.683, 3.01, 2.628, 2.33, 2.121, 2.325, 2.586, 2.294, 2.588, 2.278, 2.11, 1.945, 2.335, 3.106, 2.802, 2.693, 2.62, 2.661, 2.486, 2.379, 2.655, 3.248, 2.37, 3.474, 4.454, 3.044, 1.48, 1.107, 1.775, 2.095, 2.259, 2.486, 1.924, 2.296, 3.436, 2.93, 0.0, 2.694, 3.582, 3.701, 3.329, 2.766, 2.86, 2.851, 2.233, 2.123, 1.687, 2.73, 2.901, 2.836, 2.318, 2.948, 4.203, 4.566, 4.573, 4.086, 3.542, 3.052, 2.547, 1.906, 1.364, 1.738, 2.227, 2.65, 3.027, 2.603, 2.496, 2.737, 2.857, 3.242, 3.904, 4.185, 4.796, 5.028, 5.34, 5.167, 5.296], [2.049, 2.789, 3.296, 3.042, 2.874, 2.579, 2.522, 2.407, 2.278, 1.928, 2.068, 2.66, 3.283, 3.377, 4.591, 5.035, 4.78, 5.013, 4.553, 3.923, 3.418, 4.169, 4.905, 4.55, 4.103, 4.11, 4.817, 4.839, 4.361, 4.331, 3.64, 3.967, 5.957, 7.018, 5.626, 3.576, 3.503, 4.331, 4.583, 4.658, 4.793, 4.073, 4.525, 5.929, 5.576, 2.694, 0.0, 1.192, 1.611, 1.477, 1.25, 1.574, 2.077, 2.503, 3.089, 2.495, 1.504, 1.471, 1.465, 1.611, 1.834, 2.249, 2.48, 2.531, 2.082, 1.902, 1.776, 1.182, 1.294, 1.6, 1.639, 1.834, 2.215, 2.254, 1.967, 1.739, 1.813, 2.099, 2.321, 2.704, 2.776, 3.045, 2.743, 2.978, 3.016, 2.952], [2.297, 3.505, 4.162, 3.938, 3.812, 3.338, 3.081, 2.958, 2.863, 2.356, 2.175, 3.575, 4.293, 4.383, 5.548, 6.001, 5.703, 5.918, 5.452, 4.828, 4.323, 5.082, 5.81, 5.392, 4.899, 4.899, 5.597, 5.596, 5.142, 5.094, 4.474, 4.89, 6.862, 7.924, 6.531, 4.499, 4.43, 5.268, 5.507, 5.635, 5.786, 5.03, 5.543, 6.934, 6.429, 3.582, 1.192, 0.0, 1.214, 1.705, 1.877, 2.065, 2.737, 3.511, 4.006, 3.418, 1.836, 1.603, 1.475, 2.23, 2.024, 1.909, 2.002, 2.319, 2.054, 1.851, 1.697, 1.539, 2.093, 2.483, 2.381, 2.404, 2.405, 2.346, 2.414, 2.418, 2.367, 2.617, 2.595, 2.673, 2.427, 2.292, 2.022, 2.262, 2.401, 2.494], [2.676, 3.804, 4.431, 4.199, 4.038, 3.74, 3.528, 3.386, 3.313, 2.672, 2.53, 4.004, 4.497, 4.571, 5.681, 6.093, 5.8, 6.003, 5.542, 4.908, 4.402, 5.165, 5.897, 5.601, 5.203, 5.197, 5.906, 5.931, 5.478, 5.422, 4.802, 5.104, 6.97, 8.003, 6.621, 4.57, 4.471, 5.315, 5.646, 5.809, 5.952, 5.17, 5.668, 7.036, 6.59, 3.701, 1.611, 1.214, 0.0, 1.244, 1.641, 1.898, 2.542, 3.523, 4.094, 3.388, 1.806, 1.57, 1.392, 2.122, 1.522, 1.326, 1.36, 1.541, 1.656, 1.347, 1.479, 1.676, 2.222, 2.762, 2.682, 2.779, 2.715, 2.531, 2.928, 2.835, 2.819, 2.995, 2.79, 2.742, 2.309, 1.963, 1.781, 2.17, 2.103, 2.335], [2.487, 3.535, 4.095, 3.784, 3.546, 3.419, 3.445, 3.319, 3.171, 2.626, 2.464, 3.568, 4.066, 4.083, 5.115, 5.458, 5.199, 5.421, 4.96, 4.332, 3.744, 4.514, 5.29, 5.236, 4.981, 4.966, 5.57, 5.684, 5.168, 5.137, 4.557, 4.602, 6.464, 7.389, 5.977, 3.986, 3.818, 4.692, 5.01, 5.109, 5.24, 4.544, 4.967, 6.275, 5.909, 3.329, 1.477, 1.705, 1.244, 0.0, 1.009, 1.176, 1.89, 2.683, 3.229, 2.545, 1.303, 1.701, 1.446, 1.527, 1.086, 1.45, 1.609, 1.672, 1.429, 1.265, 1.664, 1.488, 1.779, 2.283, 2.351, 2.574, 2.765, 2.745, 2.731, 2.562, 2.552, 2.856, 2.924, 3.043, 2.715, 2.704, 2.619, 2.957, 2.886, 3.012], [2.077, 3.072, 3.516, 3.247, 3.076, 2.983, 3.166, 3.062, 2.817, 2.537, 2.431, 3.007, 3.438, 3.525, 4.64, 4.99, 4.776, 4.982, 4.524, 3.89, 3.318, 4.069, 4.863, 4.734, 4.384, 4.375, 5.025, 5.084, 4.623, 4.583, 4.06, 4.174, 6.038, 6.944, 5.511, 3.44, 3.344, 4.259, 4.578, 4.68, 4.805, 4.103, 4.548, 5.85, 5.474, 2.766, 1.25, 1.877, 1.641, 1.009, 0.0, 1.104, 1.66, 2.222, 2.702, 2.011, 1.276, 1.603, 1.46, 1.37, 1.376, 2.094, 2.23, 2.253, 1.899, 1.536, 1.847, 1.521, 1.418, 1.81, 1.872, 2.196, 2.597, 2.625, 2.446, 2.074, 2.205, 2.589, 2.778, 3.103, 3.027, 3.189, 2.952, 3.235, 3.207, 3.344], [2.414, 3.371, 3.709, 3.442, 3.323, 3.417, 3.695, 3.578, 3.345, 2.896, 2.863, 3.278, 3.628, 3.613, 4.641, 4.951, 4.686, 4.9, 4.446, 3.926, 3.322, 3.982, 4.797, 4.765, 4.56, 4.578, 5.118, 5.243, 4.779, 4.753, 4.456, 4.199, 5.955, 6.858, 5.483, 3.627, 3.381, 4.231, 4.533, 4.643, 4.753, 4.048, 4.498, 5.802, 5.472, 2.86, 1.574, 2.065, 1.898, 1.176, 1.104, 0.0, 1.171, 1.865, 2.438, 1.915, 1.629, 1.84, 1.831, 1.573, 1.364, 1.843, 2.116, 2.106, 1.578, 1.518, 2.03, 1.811, 1.407, 1.947, 2.287, 2.729, 3.06, 3.096, 2.902, 2.602, 2.688, 3.034, 3.206, 3.518, 3.45, 3.31, 3.183, 3.514, 3.584, 3.75], [2.929, 3.793, 3.972, 3.756, 3.759, 3.861, 4.133, 4.087, 3.782, 3.619, 3.615, 3.744, 3.93, 3.895, 4.467, 4.647, 4.229, 4.263, 3.941, 3.758, 3.466, 3.633, 4.392, 4.42, 4.339, 4.576, 5.0, 5.069, 4.772, 5.014, 4.899, 4.353, 5.303, 6.113, 5.177, 3.571, 3.048, 3.698, 4.072, 4.348, 4.274, 3.585, 4.103, 5.226, 4.986, 2.851, 2.077, 2.737, 2.542, 1.89, 1.66, 1.171, 0.0, 1.159, 1.695, 1.773, 2.327, 2.595, 2.545, 2.202, 2.021, 2.441, 2.397, 2.461, 2.141, 2.083, 2.87, 2.524, 1.849, 2.317, 2.691, 3.234, 3.827, 3.883, 3.478, 3.196, 3.339, 3.735, 3.962, 4.306, 4.281, 4.099, 3.943, 4.23, 4.262, 4.482], [3.227, 3.308, 3.365, 3.209, 3.265, 3.421, 3.796, 3.909, 3.549, 3.719, 3.996, 3.659, 3.469, 3.417, 3.856, 3.95, 3.506, 3.528, 3.363, 3.216, 2.899, 3.002, 3.861, 3.867, 3.956, 4.023, 4.383, 4.466, 4.176, 4.489, 4.584, 3.816, 4.578, 5.325, 4.508, 2.995, 2.418, 3.012, 3.399, 3.688, 3.626, 2.928, 3.46, 4.505, 4.244, 2.233, 2.503, 3.511, 3.523, 2.683, 2.222, 1.865, 1.159, 0.0, 1.056, 1.431, 2.576, 2.808, 3.028, 2.578, 2.74, 3.365, 3.3, 3.084, 2.69, 2.743, 3.349, 2.975, 1.999, 2.012, 2.395, 3.115, 3.824, 3.909, 3.37, 3.118, 3.347, 3.611, 4.008, 4.599, 4.714, 4.834, 4.688, 5.047, 5.018, 5.161], [3.631, 3.423, 3.213, 3.079, 3.23, 3.513, 4.117, 4.301, 3.934, 4.261, 4.547, 4.026, 3.762, 3.536, 3.625, 3.591, 3.23, 3.327, 3.234, 3.208, 3.043, 3.161, 3.875, 3.918, 4.087, 4.182, 4.248, 4.255, 4.141, 4.533, 4.91, 3.854, 4.086, 4.809, 4.155, 2.749, 2.042, 2.495, 2.969, 3.233, 3.138, 2.539, 2.99, 3.956, 3.79, 2.123, 3.089, 4.006, 4.094, 3.229, 2.702, 2.438, 1.695, 1.056, 0.0, 1.511, 2.991, 3.25, 3.456, 3.14, 3.091, 3.888, 3.79, 3.692, 3.235, 3.238, 3.888, 3.331, 2.428, 2.103, 2.639, 3.426, 4.189, 4.253, 3.772, 3.506, 3.713, 3.975, 4.424, 5.084, 5.274, 5.38, 5.313, 5.689, 5.677, 5.823], [2.529, 2.308, 2.541, 2.318, 2.234, 2.381, 2.827, 3.037, 2.67, 3.096, 3.425, 2.807, 2.586, 2.498, 3.159, 3.422, 3.16, 3.279, 2.869, 2.473, 2.036, 2.526, 3.43, 3.444, 3.25, 3.234, 3.654, 3.753, 3.392, 3.54, 3.567, 2.935, 4.402, 5.218, 3.962, 2.16, 1.934, 2.659, 2.967, 3.115, 3.197, 2.532, 2.967, 4.247, 3.918, 1.687, 2.495, 3.418, 3.388, 2.545, 2.011, 1.915, 1.773, 1.431, 1.511, 0.0, 1.972, 2.436, 2.466, 2.054, 2.151, 3.365, 3.491, 3.544, 2.961, 2.468, 2.934, 2.614, 1.512, 1.419, 1.587, 2.137, 2.847, 3.021, 2.59, 2.317, 2.623, 2.86, 3.25, 4.01, 4.314, 4.393, 4.623, 4.962, 4.779, 5.203], [2.043, 2.84, 3.454, 3.164, 2.953, 2.695, 2.546, 2.412, 2.309, 1.805, 1.927, 2.921, 3.415, 3.46, 4.487, 4.84, 4.566, 4.787, 4.334, 3.711, 3.116, 3.888, 4.684, 4.617, 4.327, 4.294, 4.93, 5.037, 4.542, 4.482, 3.858, 3.975, 5.8, 6.763, 5.372, 3.313, 3.224, 4.021, 4.352, 4.531, 4.613, 3.897, 4.402, 5.632, 5.29, 2.73, 1.504, 1.836, 1.806, 1.303, 1.276, 1.629, 2.327, 2.576, 2.991, 1.972, 0.0, 0.991, 0.849, 1.24, 1.307, 2.16, 2.195, 2.174, 1.677, 1.167, 1.228, 1.185, 1.389, 1.7, 1.606, 1.752, 1.826, 1.835, 1.86, 1.706, 1.708, 1.934, 2.015, 2.34, 2.476, 2.802, 2.95, 3.269, 3.13, 3.409], [2.153, 3.076, 3.661, 3.453, 3.311, 2.88, 2.478, 2.326, 2.303, 1.699, 1.993, 3.147, 3.72, 3.799, 4.952, 5.345, 5.057, 5.278, 4.824, 4.201, 3.607, 4.386, 5.126, 4.858, 4.486, 4.442, 5.162, 5.194, 4.723, 4.684, 4.014, 4.369, 6.282, 7.253, 5.747, 3.651, 3.609, 4.503, 4.783, 4.966, 5.135, 4.383, 4.86, 6.165, 5.678, 2.901, 1.471, 1.603, 1.57, 1.701, 1.603, 1.84, 2.595, 2.808, 3.25, 2.436, 0.991, 0.0, 0.779, 1.579, 1.652, 2.363, 2.266, 2.181, 1.864, 1.388, 1.136, 1.145, 1.469, 1.903, 1.749, 1.769, 1.7, 1.612, 1.733, 1.64, 1.633, 1.767, 1.687, 2.052, 2.192, 2.286, 2.38, 2.79, 2.719, 3.042], [1.821, 2.952, 3.615, 3.376, 3.219, 2.796, 2.554, 2.394, 2.31, 1.715, 1.759, 3.064, 3.697, 3.779, 4.923, 5.297, 5.021, 5.219, 4.757, 4.129, 3.548, 4.351, 5.058, 4.776, 4.354, 4.336, 5.033, 5.075, 4.603, 4.567, 3.884, 4.309, 6.196, 7.194, 5.705, 3.594, 3.55, 4.416, 4.735, 4.903, 5.073, 4.329, 4.81, 6.129, 5.611, 2.836, 1.465, 1.475, 1.392, 1.446, 1.46, 1.831, 2.545, 3.028, 3.456, 2.466, 0.849, 0.779, 0.0, 1.266, 1.335, 2.17, 2.232, 2.26, 1.829, 1.254, 1.122, 1.088, 1.523, 1.918, 1.685, 1.699, 1.689, 1.707, 1.829, 1.703, 1.72, 1.916, 1.879, 2.086, 2.129, 2.311, 2.519, 2.868, 2.698, 3.09], [1.557, 2.403, 2.84, 2.627, 2.5, 2.412, 2.577, 2.457, 2.23, 1.879, 1.844, 2.508, 2.939, 2.917, 3.962, 4.338, 4.072, 4.31, 3.851, 3.232, 2.711, 3.415, 4.153, 3.903, 3.648, 3.704, 4.216, 4.322, 3.924, 3.881, 3.399, 3.369, 5.309, 6.286, 4.807, 2.794, 2.767, 3.543, 3.845, 3.983, 4.14, 3.491, 3.875, 5.173, 4.687, 2.318, 1.611, 2.23, 2.122, 1.527, 1.37, 1.573, 2.202, 2.578, 3.14, 2.054, 1.24, 1.579, 1.266, 0.0, 1.11, 2.387, 2.686, 2.671, 2.208, 1.698, 1.643, 1.342, 1.221, 1.528, 1.611, 1.75, 2.066, 2.185, 2.08, 1.84, 1.889, 2.086, 2.206, 2.595, 2.759, 3.186, 3.375, 3.732, 3.602, 3.794], [2.169, 3.165, 3.656, 3.496, 3.302, 3.231, 3.349, 3.223, 2.966, 2.535, 2.357, 3.272, 3.696, 3.669, 4.661, 5.003, 4.719, 4.957, 4.505, 3.877, 3.356, 4.057, 4.823, 4.739, 4.482, 4.517, 5.067, 5.186, 4.733, 4.713, 4.194, 4.11, 5.987, 6.92, 5.496, 3.535, 3.34, 4.208, 4.516, 4.723, 4.882, 4.128, 4.615, 5.899, 5.515, 2.948, 1.834, 2.024, 1.522, 1.086, 1.376, 1.364, 2.021, 2.74, 3.091, 2.151, 1.307, 1.652, 1.335, 1.11, 0.0, 1.512, 1.866, 2.052, 1.671, 1.132, 1.713, 1.657, 1.414, 1.898, 2.084, 2.339, 2.67, 2.617, 2.594, 2.392, 2.415, 2.753, 2.826, 2.948, 2.736, 2.61, 2.779, 3.121, 3.036, 3.464], [3.448, 4.43, 4.967, 4.701, 4.553, 4.438, 4.418, 4.279, 4.09, 3.53, 3.328, 4.546, 4.981, 4.911, 5.916, 6.217, 5.929, 6.109, 5.656, 5.033, 4.552, 5.204, 6.081, 6.035, 5.851, 5.904, 6.402, 6.524, 6.105, 6.057, 5.515, 5.419, 7.183, 8.061, 6.83, 4.981, 4.661, 5.48, 5.785, 6.007, 6.113, 5.378, 5.887, 7.179, 6.848, 4.203, 2.249, 1.909, 1.326, 1.45, 2.094, 1.843, 2.441, 3.365, 3.888, 3.365, 2.16, 2.363, 2.17, 2.387, 1.512, 0.0, 0.964, 1.377, 1.476, 1.415, 2.186, 2.322, 2.536, 3.145, 3.289, 3.533, 3.635, 3.471, 3.608, 3.466, 3.503, 3.772, 3.727, 3.601, 3.181, 2.369, 2.295, 2.648, 2.71, 2.95], [3.728, 4.735, 5.306, 4.964, 4.826, 4.676, 4.435, 4.29, 4.231, 3.572, 3.49, 4.84, 5.276, 5.227, 6.254, 6.527, 6.175, 6.225, 5.777, 5.2, 4.715, 5.301, 6.294, 6.36, 6.202, 6.242, 6.75, 6.868, 6.443, 6.395, 5.837, 5.762, 7.332, 8.144, 7.096, 5.272, 4.95, 5.652, 5.989, 6.245, 6.314, 5.571, 6.1, 7.322, 7.048, 4.566, 2.48, 2.002, 1.36, 1.609, 2.23, 2.116, 2.397, 3.3, 3.79, 3.491, 2.195, 2.266, 2.232, 2.686, 1.866, 0.964, 0.0, 0.911, 1.293, 1.359, 2.172, 2.494, 2.9, 3.465, 3.562, 3.735, 3.676, 3.452, 3.739, 3.563, 3.582, 3.742, 3.671, 3.502, 3.055, 2.294, 2.01, 2.346, 2.378, 2.619], [3.774, 4.748, 5.318, 4.961, 4.82, 4.675, 4.411, 4.255, 4.246, 3.573, 3.507, 4.816, 5.257, 5.229, 6.275, 6.548, 6.183, 6.173, 5.726, 5.183, 4.704, 5.272, 6.297, 6.381, 6.221, 6.254, 6.772, 6.887, 6.455, 6.408, 5.85, 5.783, 7.25, 7.956, 7.116, 5.233, 4.961, 5.636, 5.993, 6.236, 6.269, 5.555, 6.064, 7.232, 7.025, 4.573, 2.531, 2.319, 1.541, 1.672, 2.253, 2.106, 2.461, 3.084, 3.692, 3.544, 2.174, 2.181, 2.26, 2.671, 2.052, 1.377, 0.911, 0.0, 0.994, 1.462, 2.059, 2.465, 2.941, 3.483, 3.612, 3.783, 3.667, 3.415, 3.754, 3.57, 3.582, 3.692, 3.531, 3.283, 2.85, 2.572, 2.23, 2.541, 2.6, 2.69], [3.333, 4.284, 4.836, 4.548, 4.315, 4.193, 4.011, 3.872, 3.856, 3.191, 3.111, 4.281, 4.769, 4.733, 5.818, 6.103, 5.773, 5.77, 5.317, 4.704, 4.213, 4.822, 5.9, 5.945, 5.734, 5.736, 6.302, 6.425, 5.939, 5.9, 5.354, 5.324, 6.903, 7.623, 6.631, 4.712, 4.509, 5.243, 5.576, 5.759, 5.844, 5.134, 5.628, 6.875, 6.612, 4.086, 2.082, 2.054, 1.656, 1.429, 1.899, 1.578, 2.141, 2.69, 3.235, 2.961, 1.677, 1.864, 1.829, 2.208, 1.671, 1.476, 1.293, 0.994, 0.0, 1.036, 1.803, 2.06, 2.392, 2.974, 3.116, 3.345, 3.273, 3.083, 3.364, 3.174, 3.194, 3.317, 3.269, 3.256, 2.978, 2.946, 2.754, 3.082, 3.176, 3.26], [2.637, 3.665, 4.267, 4.025, 3.824, 3.671, 3.495, 3.358, 3.262, 2.597, 2.478, 3.806, 4.283, 4.236, 5.284, 5.578, 5.245, 5.348, 4.908, 4.247, 3.679, 4.376, 5.36, 5.369, 5.155, 5.134, 5.724, 5.848, 5.328, 5.31, 4.716, 4.769, 6.479, 7.279, 6.058, 4.117, 3.947, 4.74, 5.049, 5.337, 5.456, 4.721, 5.23, 6.494, 6.086, 3.542, 1.902, 1.851, 1.347, 1.265, 1.536, 1.518, 2.083, 2.743, 3.238, 2.468, 1.167, 1.388, 1.254, 1.698, 1.132, 1.415, 1.359, 1.462, 1.036, 0.0, 1.388, 1.742, 1.853, 2.464, 2.506, 2.702, 2.692, 2.563, 2.782, 2.643, 2.657, 2.828, 2.782, 2.86, 2.657, 2.446, 2.607, 2.909, 2.826, 3.209], [2.148, 3.186, 3.733, 3.445, 3.26, 3.015, 2.516, 2.338, 2.331, 1.632, 1.696, 3.214, 3.735, 3.772, 4.804, 5.179, 4.896, 5.085, 4.628, 4.006, 3.481, 4.244, 5.004, 4.832, 4.51, 4.481, 5.122, 5.219, 4.727, 4.69, 4.054, 4.286, 6.097, 7.083, 5.721, 3.701, 3.624, 4.411, 4.758, 4.95, 5.085, 4.445, 4.916, 6.168, 5.765, 3.052, 1.776, 1.697, 1.479, 1.664, 1.847, 2.03, 2.87, 3.349, 3.888, 2.934, 1.228, 1.136, 1.122, 1.643, 1.713, 2.186, 2.172, 2.059, 1.803, 1.388, 0.0, 1.134, 1.93, 2.363, 2.192, 2.113, 1.725, 1.586, 2.069, 2.003, 1.978, 2.045, 1.862, 1.87, 1.765, 2.215, 2.417, 2.699, 2.547, 2.738], [1.846, 2.651, 3.204, 2.933, 2.745, 2.501, 2.254, 2.074, 1.92, 1.51, 1.651, 2.748, 3.295, 3.32, 4.465, 4.878, 4.574, 4.772, 4.311, 3.675, 3.165, 3.941, 4.654, 4.317, 3.979, 3.969, 4.612, 4.682, 4.183, 4.138, 3.551, 3.822, 5.707, 6.77, 5.363, 3.32, 3.228, 4.045, 4.351, 4.488, 4.643, 3.995, 4.466, 5.776, 5.313, 2.54