[[0.0, 1.335, 2.171, 2.129, 2.196, 2.416, 2.077, 2.062, 1.729, 1.743, 1.748, 1.898, 2.102, 1.963, 1.677, 1.62, 1.736, 1.615, 1.806, 2.088, 3.057, 3.599, 3.726, 3.603, 4.214, 5.373, 5.565, 5.559, 5.466, 5.257, 5.608, 6.58, 6.548, 6.165, 6.477, 7.048, 6.162, 5.822, 6.065, 6.406, 6.144, 6.113, 6.006, 6.351, 6.48, 6.045, 6.048, 6.837, 8.277, 8.252, 8.183, 8.525, 9.021, 9.506, 8.657, 7.742, 7.577, 7.46, 7.959, 7.481, 7.197, 6.906, 6.318, 6.467, 6.473, 5.973, 5.763, 5.686, 5.582, 6.238, 6.126, 6.198, 6.113, 5.76, 6.16, 5.79, 5.342, 5.227, 5.166, 5.232, 5.014, 4.819, 5.329, 4.907, 4.429, 4.38], [1.335, 0.0, 1.049, 1.034, 1.192, 2.061, 1.916, 1.805, 1.721, 2.18, 2.157, 2.244, 2.109, 2.217, 2.381, 2.634, 2.517, 2.432, 2.658, 3.104, 4.111, 4.658, 4.814, 4.59, 4.987, 5.97, 6.108, 6.142, 6.049, 5.786, 6.129, 7.115, 7.052, 6.668, 6.958, 7.574, 6.743, 6.309, 6.364, 6.201, 5.703, 5.689, 6.001, 6.416, 6.564, 6.001, 5.903, 6.499, 7.538, 7.688, 7.86, 7.914, 8.305, 8.602, 7.741, 7.235, 7.081, 7.056, 7.273, 6.942, 6.954, 7.131, 6.596, 6.735, 6.788, 6.339, 6.243, 6.188, 5.89, 6.799, 6.711, 6.699, 6.681, 6.297, 6.621, 6.109, 5.542, 5.7, 5.751, 5.814, 5.586, 5.312, 5.732, 5.244, 4.757, 4.997], [2.171, 1.049, 0.0, 0.567, 0.907, 1.887, 2.056, 1.891, 1.933, 2.429, 2.41, 2.401, 2.199, 2.49, 2.847, 3.16, 3.09, 2.941, 3.188, 3.648, 4.648, 5.104, 5.291, 5.074, 5.47, 6.328, 6.533, 6.585, 6.476, 6.105, 6.545, 7.427, 7.365, 6.998, 7.266, 7.81, 7.085, 6.654, 6.575, 6.132, 5.61, 5.646, 5.996, 6.445, 6.596, 6.045, 5.898, 6.567, 7.35, 7.61, 7.724, 7.738, 8.12, 8.136, 7.274, 6.979, 6.863, 6.994, 7.244, 7.001, 7.048, 7.236, 6.832, 6.97, 6.977, 6.636, 6.592, 6.537, 6.135, 7.114, 7.089, 6.972, 6.929, 6.512, 6.789, 6.266, 5.662, 5.878, 6.064, 6.207, 5.972, 5.616, 5.864, 5.521, 5.004, 5.381], [2.129, 1.034, 0.567, 0.0, 0.679, 1.904, 2.096, 1.898, 1.887, 2.395, 2.408, 2.376, 2.278, 2.603, 2.808, 3.041, 2.974, 2.804, 3.003, 3.51, 4.466, 4.875, 5.062, 4.887, 5.3, 6.103, 6.349, 6.389, 6.288, 5.913, 6.349, 7.258, 7.2, 6.813, 7.104, 7.629, 6.911, 6.505, 6.538, 6.14, 5.531, 5.56, 5.882, 6.314, 6.425, 5.866, 5.729, 6.406, 7.303, 7.701, 7.778, 7.726, 8.075, 8.253, 7.37, 7.108, 6.982, 6.92, 7.128, 6.865, 6.894, 7.222, 6.787, 6.888, 6.951, 6.513, 6.413, 6.368, 6.055, 6.942, 6.891, 6.801, 6.764, 6.317, 6.59, 6.067, 5.484, 5.677, 5.837, 6.012, 5.776, 5.43, 5.686, 5.348, 4.821, 5.171], [2.196, 1.192, 0.907, 0.679, 0.0, 1.62, 1.861, 1.528, 1.651, 2.187, 2.172, 2.077, 2.103, 2.661, 2.819, 2.989, 2.978, 2.742, 2.843, 3.549, 4.409, 4.774, 4.974, 4.952, 5.412, 6.121, 6.417, 6.418, 6.309, 5.936, 6.378, 7.236, 7.179, 6.815, 7.116, 7.577, 6.905, 6.487, 6.525, 6.128, 5.589, 5.582, 5.966, 6.406, 6.458, 5.976, 5.75, 6.418, 7.303, 7.77, 7.837, 7.741, 8.165, 8.311, 7.38, 7.061, 7.0, 6.954, 7.091, 6.896, 6.896, 7.155, 6.728, 6.804, 6.894, 6.473, 6.412, 6.357, 6.025, 6.933, 6.91, 6.786, 6.732, 6.246, 6.581, 6.056, 5.512, 5.661, 5.854, 6.037, 5.793, 5.435, 5.705, 5.357, 4.881, 5.248], [2.416, 2.061, 1.887, 1.904, 1.62, 0.0, 1.034, 0.875, 1.245, 1.807, 1.725, 1.582, 2.225, 2.903, 3.074, 3.283, 3.155, 3.048, 2.916, 3.842, 4.578, 4.93, 5.149, 5.356, 5.899, 6.665, 7.003, 7.02, 6.91, 6.507, 6.985, 7.829, 7.771, 7.398, 7.672, 8.144, 7.49, 7.057, 6.904, 6.509, 6.198, 6.149, 6.277, 6.809, 6.888, 6.447, 6.27, 7.064, 7.964, 8.245, 8.164, 8.399, 9.001, 9.133, 8.201, 7.336, 7.467, 7.498, 8.091, 7.685, 7.461, 7.637, 7.233, 7.373, 7.378, 7.041, 6.994, 6.937, 6.502, 7.519, 7.502, 7.365, 7.333, 6.846, 7.071, 6.556, 6.035, 6.212, 6.447, 6.642, 6.392, 6.039, 6.227, 5.923, 5.421, 5.886], [2.077, 1.916, 2.056, 2.096, 1.861, 1.034, 0.0, 0.795, 1.182, 1.774, 1.614, 1.384, 2.011, 2.638, 2.911, 3.109, 2.987, 2.832, 2.68, 3.56, 4.245, 4.486, 4.948, 5.171, 5.788, 6.63, 6.87, 6.907, 6.798, 6.465, 6.878, 7.844, 7.788, 7.404, 7.693, 8.14, 7.439, 7.006, 7.009, 6.974, 6.704, 6.623, 6.835, 7.353, 7.446, 6.992, 6.813, 7.473, 8.434, 8.565, 8.574, 8.835, 9.414, 9.49, 8.575, 7.823, 7.871, 7.869, 8.415, 7.939, 7.833, 7.726, 7.235, 7.398, 7.397, 7.071, 6.962, 6.9, 6.595, 7.515, 7.41, 7.442, 7.348, 6.898, 7.31, 6.897, 6.439, 6.379, 6.368, 6.542, 6.3, 6.074, 6.495, 6.035, 5.49, 5.736], [2.062, 1.805, 1.891, 1.898, 1.528, 0.875, 0.795, 0.0, 0.71, 1.408, 1.331, 1.104, 1.753, 2.442, 2.669, 2.92, 2.8, 2.634, 2.553, 3.368, 4.07, 4.453, 4.699, 4.909, 5.509, 6.354, 6.647, 6.656, 6.543, 6.172, 6.66, 7.522, 7.486, 7.107, 7.382, 7.809, 7.14, 6.707, 6.696, 6.543, 6.251, 6.167, 6.374, 6.89, 6.998, 6.54, 6.339, 7.023, 7.947, 8.168, 8.178, 8.38, 8.975, 9.036, 8.079, 7.318, 7.432, 7.42, 7.951, 7.513, 7.381, 7.415, 6.908, 7.101, 7.088, 6.767, 6.671, 6.605, 6.27, 7.188, 7.159, 7.138, 7.019, 6.576, 6.961, 6.483, 6.031, 6.039, 6.093, 6.283, 6.037, 5.797, 6.145, 5.715, 5.146, 5.5], [1.729, 1.721, 1.933, 1.887, 1.651, 1.245, 1.182, 0.71, 0.0, 0.976, 1.145, 1.176, 1.582, 2.044, 2.195, 2.448, 2.365, 2.255, 2.233, 2.98, 3.719, 4.237, 4.336, 4.416, 4.978, 6.001, 6.256, 6.314, 6.212, 5.874, 6.28, 7.253, 7.203, 6.815, 7.105, 7.553, 6.872, 6.438, 6.411, 6.384, 6.062, 6.009, 6.141, 6.681, 6.751, 6.317, 6.128, 6.834, 7.806, 8.105, 8.014, 8.293, 8.869, 8.941, 8.076, 7.246, 7.292, 7.256, 7.8, 7.357, 7.189, 7.128, 6.632, 6.81, 6.816, 6.483, 6.376, 6.317, 5.989, 6.933, 6.83, 6.859, 6.758, 6.298, 6.658, 6.2, 5.79, 5.734, 5.777, 5.951, 5.719, 5.473, 5.871, 5.438, 4.834, 5.066], [1.743, 2.18, 2.429, 2.395, 2.187, 1.807, 1.774, 1.408, 0.976, 0.0, 1.021, 1.311, 1.751, 1.75, 1.868, 2.19, 2.221, 2.138, 2.131, 2.805, 3.54, 4.076, 4.11, 4.166, 4.623, 5.825, 6.112, 6.16, 6.063, 5.775, 6.156, 7.157, 7.106, 6.72, 7.017, 7.448, 6.75, 6.316, 6.324, 6.456, 6.243, 6.209, 6.222, 6.701, 6.809, 6.431, 6.278, 7.024, 8.129, 8.258, 8.106, 8.354, 9.007, 9.266, 8.333, 7.482, 7.692, 7.545, 8.1, 7.632, 7.356, 7.175, 6.657, 6.791, 6.742, 6.39, 6.273, 6.208, 5.902, 6.823, 6.7, 6.762, 6.655, 6.204, 6.541, 6.129, 5.833, 5.64, 5.657, 5.812, 5.597, 5.378, 5.793, 5.459, 4.857, 4.886], [1.748, 2.157, 2.41, 2.408, 2.172, 1.725, 1.614, 1.331, 1.145, 1.021, 0.0, 0.895, 1.377, 1.599, 1.837, 2.08, 2.013, 1.876, 1.903, 2.557, 3.153, 3.652, 3.872, 3.954, 4.5, 5.608, 6.003, 5.879, 5.846, 5.81, 6.181, 7.049, 7.025, 6.668, 7.052, 7.413, 6.576, 6.131, 6.316, 6.645, 6.495, 6.487, 6.473, 6.951, 7.059, 6.69, 6.544, 7.234, 8.321, 8.468, 8.321, 8.563, 9.235, 9.459, 8.472, 7.611, 7.821, 7.756, 8.327, 7.844, 7.643, 7.237, 6.747, 6.656, 6.627, 6.352, 6.266, 6.14, 5.9, 6.695, 6.578, 6.694, 6.531, 6.118, 6.603, 6.376, 6.032, 5.628, 5.517, 5.674, 5.434, 5.296, 5.9, 5.633, 5.042, 4.62], [1.898, 2.244, 2.401, 2.376, 2.077, 1.582, 1.384, 1.104, 1.176, 1.311, 0.895, 0.0, 1.341, 1.921, 2.154, 2.404, 2.327, 2.104, 2.059, 2.775, 3.388, 3.75, 4.033, 4.171, 4.775, 5.705, 6.157, 6.002, 5.931, 5.702, 6.179, 6.978, 6.944, 6.599, 6.941, 7.372, 6.585, 6.131, 6.306, 6.519, 6.425, 6.442, 6.349, 6.841, 6.944, 6.566, 6.502, 7.197, 8.35, 8.321, 8.167, 8.555, 9.159, 9.366, 8.4, 7.62, 7.803, 7.748, 8.33, 7.827, 7.575, 7.148, 6.647, 6.692, 6.605, 6.316, 6.241, 6.103, 5.861, 6.615, 6.557, 6.628, 6.459, 6.058, 6.585, 6.299, 5.92, 5.575, 5.459, 5.628, 5.391, 5.24, 5.834, 5.516, 4.96, 4.814], [2.102, 2.109, 2.199, 2.278, 2.103, 2.225, 2.011, 1.753, 1.582, 1.751, 1.377, 1.341, 0.0, 1.423, 2.067, 2.364, 2.324, 2.141, 2.387, 2.911, 3.533, 4.082, 4.245, 4.047, 4.325, 5.171, 5.691, 5.533, 5.482, 5.266, 5.738, 6.475, 6.436, 6.119, 6.518, 6.937, 6.106, 5.579, 5.807, 6.216, 5.889, 5.858, 5.953, 6.443, 6.538, 6.15, 6.035, 6.691, 7.761, 7.689, 7.731, 8.195, 8.71, 8.625, 7.833, 7.175, 7.058, 7.07, 7.631, 7.162, 7.006, 6.703, 6.235, 6.104, 6.098, 5.844, 5.795, 5.648, 5.393, 6.069, 6.045, 6.109, 5.882, 5.569, 6.104, 5.87, 5.524, 5.078, 4.955, 5.092, 4.863, 4.736, 5.385, 5.12, 4.551, 4.257], [1.963, 2.217, 2.49, 2.603, 2.661, 2.903, 2.638, 2.442, 2.044, 1.75, 1.599, 1.921, 1.423, 0.0, 1.125, 2.026, 2.216, 2.136, 2.342, 2.655, 3.495, 4.152, 4.216, 3.879, 3.596, 4.424, 4.779, 4.643, 4.595, 4.582, 4.959, 5.802, 5.777, 5.431, 5.83, 6.307, 5.324, 4.872, 5.093, 5.558, 5.381, 5.299, 5.317, 5.797, 5.897, 5.519, 5.449, 6.13, 7.381, 7.183, 7.174, 7.598, 8.181, 8.433, 7.525, 6.748, 6.707, 6.584, 7.18, 6.661, 6.463, 6.103, 5.582, 5.52, 5.468, 5.141, 5.043, 4.9, 4.68, 5.439, 5.328, 5.452, 5.296, 4.984, 5.447, 5.223, 4.825, 4.465, 4.321, 4.429, 4.182, 4.049, 4.703, 4.406, 3.883, 3.437], [1.677, 2.381, 2.847, 2.808, 2.819, 3.074, 2.911, 2.669, 2.195, 1.868, 1.837, 2.154, 2.067, 1.125, 0.0, 1.202, 1.478, 1.331, 1.626, 2.095, 3.01, 3.556, 3.563, 3.198, 3.221, 4.422, 4.993, 4.844, 4.828, 4.813, 5.18, 6.066, 6.037, 5.68, 6.082, 6.472, 5.548, 5.2, 5.433, 5.899, 5.718, 5.686, 5.444, 5.94, 6.01, 5.642, 5.668, 6.461, 7.792, 7.94, 7.673, 8.14, 8.62, 8.988, 8.196, 7.304, 7.262, 7.077, 7.579, 7.109, 6.816, 6.493, 5.981, 5.973, 5.849, 5.458, 5.282, 5.138, 4.942, 5.705, 5.574, 5.69, 5.529, 5.144, 5.53, 5.339, 5.059, 4.64, 4.516, 4.692, 4.426, 4.308, 4.895, 4.657, 4.063, 3.584], [1.62, 2.634, 3.16, 3.041, 2.989, 3.283, 3.109, 2.92, 2.448, 2.19, 2.08, 2.404, 2.364, 2.026, 1.202, 0.0, 0.854, 0.782, 0.968, 1.311, 2.158, 2.665, 2.653, 2.497, 2.998, 4.464, 5.29, 5.044, 5.058, 5.199, 5.523, 6.238, 6.192, 5.956, 6.653, 6.922, 5.996, 5.776, 6.222, 6.859, 6.648, 6.617, 6.309, 6.436, 6.61, 6.333, 6.455, 7.357, 8.781, 9.004, 8.757, 9.126, 9.614, 10.051, 9.247, 8.366, 8.26, 8.068, 8.476, 8.069, 7.754, 7.41, 6.905, 6.748, 6.622, 6.227, 5.934, 5.646, 5.604, 5.817, 5.675, 5.838, 5.593, 5.373, 5.917, 5.792, 5.653, 5.067, 4.822, 4.947, 4.509, 4.501, 5.325, 5.169, 4.567, 3.714], [1.736, 2.517, 3.09, 2.974, 2.978, 3.155, 2.987, 2.8, 2.365, 2.221, 2.013, 2.327, 2.324, 2.216, 1.478, 0.854, 0.0, 0.574, 0.97, 1.27, 2.045, 2.456, 2.482, 2.495, 3.152, 4.532, 5.55, 5.363, 5.362, 5.532, 5.891, 6.477, 6.403, 6.279, 7.026, 7.336, 6.373, 6.053, 6.441, 7.149, 6.917, 6.913, 6.565, 6.849, 6.951, 6.763, 6.892, 7.696, 9.087, 9.219, 8.998, 9.461, 9.943, 10.307, 9.501, 8.63, 8.509, 8.295, 8.761, 8.295, 8.006, 7.653, 7.165, 7.036, 6.863, 6.519, 6.272, 5.95, 5.83, 6.082, 5.884, 6.035, 5.768, 5.764, 6.281, 6.152, 6.011, 5.414, 5.156, 5.289, 4.777, 4.756, 5.661, 5.52, 4.917, 4.068], [1.615, 2.432, 2.941, 2.804, 2.742, 3.048, 2.832, 2.634, 2.255, 2.138, 1.876, 2.104, 2.141, 2.136, 1.331, 0.782, 0.574, 0.0, 0.777, 1.324, 2.105, 2.466, 2.586, 2.567, 3.278, 4.671, 5.538, 5.335, 5.338, 5.415, 5.811, 6.479, 6.41, 6.248, 6.854, 7.137, 6.214, 5.993, 6.395, 6.96, 6.864, 6.805, 6.458, 6.706, 6.89, 6.6, 6.777, 7.525, 8.951, 9.115, 8.844, 9.28, 9.767, 10.16, 9.344, 8.467, 8.397, 8.201, 8.72, 8.204, 7.919, 7.57, 7.076, 6.938, 6.814, 6.444, 6.16, 5.874, 5.775, 6.085, 5.896, 6.039, 5.777, 5.668, 6.221, 6.04, 5.836, 5.261, 5.002, 5.181, 4.764, 4.741, 5.588, 5.363, 4.754, 3.989], [1.806, 2.658, 3.188, 3.003, 2.843, 2.916, 2.68, 2.553, 2.233, 2.131, 1.903, 2.059, 2.387, 2.342, 1.626, 0.968, 0.97, 0.777, 0.0, 1.235, 2.076, 2.495, 2.612, 2.629, 3.24, 4.806, 5.681, 5.43, 5.44, 5.522, 5.904, 6.594, 6.531, 6.329, 6.976, 7.216, 6.32, 6.081, 6.63, 7.2, 7.089, 7.042, 6.732, 6.937, 7.055, 6.795, 6.887, 7.698, 9.196, 9.404, 9.127, 9.462, 9.961, 10.468, 9.632, 8.691, 8.638, 8.454, 8.911, 8.444, 8.137, 7.736, 7.241, 7.081, 6.968, 6.556, 6.249, 5.952, 5.962, 6.187, 6.016, 6.172, 5.913, 5.743, 6.345, 6.181, 5.941, 5.411, 5.104, 5.268, 4.846, 4.838, 5.672, 5.494, 4.92, 4.081], [2.088, 3.104, 3.648, 3.51, 3.549, 3.842, 3.56, 3.368, 2.98, 2.805, 2.557, 2.775, 2.911, 2.655, 2.095, 1.311, 1.27, 1.324, 1.235, 0.0, 1.33, 1.766, 1.877, 1.818, 2.469, 4.086, 5.288, 5.179, 5.271, 5.515, 5.638, 6.106, 6.037, 6.041, 7.07, 7.356, 6.398, 6.295, 6.847, 7.619, 7.453, 7.437, 7.123, 7.193, 7.422, 6.966, 7.256, 8.093, 9.655, 9.662, 9.486, 9.916, 10.376, 10.898, 10.073, 9.18, 8.943, 8.751, 9.248, 8.768, 8.461, 7.999, 7.489, 7.328, 7.195, 6.796, 6.393, 6.15, 6.194, 5.652, 5.422, 5.499, 5.235, 5.515, 6.188, 6.08, 6.013, 5.375, 5.107, 5.143, 4.505, 4.499, 5.501, 5.377, 4.931, 4.034], [3.057, 4.111, 4.648, 4.466, 4.409, 4.578, 4.245, 4.07, 3.719, 3.54, 3.153, 3.388, 3.533, 3.495, 3.01, 2.158, 2.045, 2.105, 2.076, 1.33, 0.0, 0.955, 1.176, 1.385, 2.027, 4.091, 5.82, 5.731, 5.839, 6.098, 5.986, 6.186, 6.226, 6.38, 7.626, 7.993, 7.057, 6.946, 7.557, 8.391, 8.154, 8.177, 7.867, 7.906, 8.093, 7.718, 7.811, 8.806, 10.427, 10.402, 10.258, 10.689, 11.148, 11.671, 10.847, 9.984, 9.706, 9.451, 9.784, 9.353, 9.087, 8.561, 8.125, 7.963, 7.813, 7.333, 6.861, 6.671, 6.843, 5.67, 5.468, 5.6, 5.39, 5.727, 6.397, 6.436, 6.429, 5.623, 5.319, 5.299, 4.54, 4.681, 5.672, 5.876, 5.624, 4.697], [3.599, 4.658, 5.104, 4.875, 4.774, 4.93, 4.486, 4.453, 4.237, 4.076, 3.652, 3.75, 4.082, 4.152, 3.556, 2.665, 2.456, 2.466, 2.495, 1.766, 0.955, 0.0, 0.748, 1.103, 1.95, 4.119, 6.42, 6.353, 6.48, 6.693, 6.557, 6.628, 6.747, 6.977, 8.267, 8.54, 7.697, 7.59, 8.21, 8.995, 8.699, 8.699, 8.39, 8.428, 8.615, 8.24, 8.333, 9.328, 10.95, 11.035, 10.836, 11.258, 11.692, 12.193, 11.418, 10.606, 10.316, 10.017, 10.344, 9.897, 9.623, 9.204, 8.807, 8.647, 8.488, 7.972, 7.498, 7.312, 7.484, 6.179, 5.885, 5.952, 5.705, 6.148, 6.915, 6.965, 6.989, 6.153, 5.823, 5.846, 5.039, 5.265, 6.176, 6.544, 6.219, 5.284], [3.726, 4.814, 5.291, 5.062, 4.974, 5.149, 4.948, 4.699, 4.336, 4.11, 3.872, 4.033, 4.245, 4.216, 3.563, 2.653, 2.482, 2.586, 2.612, 1.877, 1.176, 0.748, 0.0, 0.884, 1.699, 4.099, 6.539, 6.473, 6.6, 6.812, 6.676, 6.733, 6.866, 7.087, 8.387, 8.659, 7.817, 7.706, 8.318, 9.093, 8.746, 8.768, 8.458, 8.497, 8.684, 8.309, 8.402, 9.447, 11.018, 11.155, 10.956, 11.377, 11.811, 12.279, 11.517, 10.693, 10.415, 10.116, 10.392, 9.985, 9.7, 9.303, 8.906, 8.745, 8.587, 8.07, 7.617, 7.432, 7.604, 6.281, 5.854, 5.963, 5.699, 6.211, 6.963, 7.02, 7.109, 6.224, 5.942, 5.882, 5.132, 5.365, 6.296, 6.631, 6.306, 5.372], [3.603, 4.59, 5.074, 4.887, 4.952, 5.356, 5.171, 4.909, 4.416, 4.166, 3.954, 4.171, 4.047, 3.879, 3.198, 2.497, 2.495, 2.567, 2.629, 1.818, 1.385, 1.103, 0.884, 0.0, 1.231, 3.521, 5.884, 5.817, 5.944, 6.156, 6.02, 6.077, 6.21, 6.431, 7.731, 8.004, 7.161, 7.068, 7.688, 8.473, 8.135, 8.134, 7.811, 7.853, 8.036, 7.663, 7.754, 8.791, 10.371, 10.499, 10.3, 10.721, 11.155, 11.623, 10.897, 10.098, 9.799, 9.497, 9.78, 9.364, 9.072, 8.683, 8.286, 8.125, 7.967, 7.45, 6.969, 6.776, 6.948, 5.626, 5.246, 5.374, 5.09, 5.59, 6.358, 6.401, 6.468, 5.568, 5.286, 5.228, 4.476, 4.71, 5.64, 6.037, 5.712, 4.777], [4.214, 4.987, 5.47, 5.3, 5.412, 5.899, 5.788, 5.509, 4.978, 4.623, 4.5, 4.775, 4.325, 3.596, 3.221, 2.998, 3.152, 3.278, 3.24, 2.469, 2.027, 1.95, 1.699, 1.231, 0.0, 2.629, 4.911, 4.845, 4.971, 5.184, 5.048, 5.106, 5.238, 5.459, 6.758, 7.031, 6.21, 6.119, 6.738, 7.523, 7.168, 7.169, 6.85, 6.887, 7.049, 6.706, 6.766, 7.819, 9.382, 9.532, 9.328, 9.749, 10.183, 10.651, 9.947, 9.169, 8.87, 8.568, 8.831, 8.418, 8.141, 7.733, 7.336, 7.175, 7.017, 6.5, 6.019, 5.804, 5.982, 4.653, 4.313, 4.48, 4.186, 4.656, 5.413, 5.448, 5.518, 4.632, 4.333, 4.267, 3.504, 3.737, 4.681, 5.113, 4.783, 3.848], [5.373, 5.97, 6.328, 6.103, 6.121, 6.665, 6.63, 6.354, 6.001, 5.825, 5.608, 5.705, 5.171, 4.424, 4.422, 4.464, 4.532, 4.671, 4.806, 4.086, 4.091, 4.119, 4.099, 3.521, 2.629, 0.0, 2.543, 2.411, 2.551, 2.723, 2.686, 2.764, 2.822, 3.027, 4.296, 4.569, 3.76, 3.669, 4.289, 5.074, 4.719, 4.723, 4.464, 4.5, 4.656, 4.388, 4.507, 5.525, 6.96, 7.2, 6.976, 7.287, 7.721, 8.248, 7.641, 6.854, 6.5, 6.183, 6.446, 6.032, 5.784, 5.324, 4.89, 4.73, 4.567, 4.057, 3.57, 3.355, 3.578, 2.366, 2.313, 2.455, 2.187, 2.608, 3.134, 3.068, 3.185, 2.337, 2.025, 1.989, 1.417, 1.603, 2.515, 2.988, 2.665, 1.967], [5.565, 6.108, 6.533, 6.349, 6.417, 7.003, 6.87, 6.647, 6.256, 6.112, 6.003, 6.157, 5.691, 4.779, 4.993, 5.29, 5.55, 5.538, 5.681, 5.288, 5.82, 6.42, 6.539, 5.884, 4.911, 2.543, 0.0, 0.909, 1.011, 1.136, 0.91, 1.345, 1.425, 1.374, 2.101, 2.434, 1.708, 1.954, 2.085, 2.996, 3.066, 3.128, 2.487, 2.4, 2.515, 2.43, 2.855, 3.453, 4.808, 4.923, 4.728, 4.965, 5.41, 6.028, 5.423, 4.618, 4.263, 3.97, 4.367, 3.881, 3.67, 3.178, 2.696, 2.645, 2.382, 1.915, 1.488, 1.422, 1.682, 1.642, 1.587, 2.255, 2.325, 1.772, 2.34, 2.206, 2.145, 1.934, 1.496, 1.65, 2.051, 2.015, 2.175, 2.118, 1.8, 1.676], [5.559, 6.142, 6.585, 6.389, 6.418, 7.02, 6.907, 6.656, 6.314, 6.16, 5.879, 6.002, 5.533, 4.643, 4.844, 5.044, 5.363, 5.335, 5.43, 5.179, 5.731, 6.353, 6.473, 5.817, 4.845, 2.411, 0.909, 0.0, 0.635, 0.899, 0.959, 1.349, 1.364, 1.132, 2.033, 2.568, 1.644, 1.632, 2.057, 2.991, 2.944, 2.95, 2.495, 2.472, 2.643, 2.601, 2.844, 3.638, 4.994, 5.077, 4.913, 5.136, 5.581, 6.19, 5.6, 4.828, 4.484, 4.152, 4.483, 4.002, 3.812, 3.246, 2.784, 2.593, 2.327, 1.867, 1.454, 1.259, 1.659, 1.551, 1.738, 2.436, 2.448, 1.746, 2.495, 2.437, 2.338, 1.806, 1.361, 1.403, 1.78, 1.841, 2.31, 2.177, 1.914, 1.477], [5.466, 6.049, 6.476, 6.288, 6.309, 6.91, 6.798, 6.543, 6.212, 6.063, 5.846, 5.931, 5.482, 4.595, 4.828, 5.058, 5.362, 5.338, 5.44, 5.271, 5.839, 6.48, 6.6, 5.944, 4.971, 2.551, 1.011, 0.635, 0.0, 1.019, 1.129, 1.452, 1.45, 1.14, 2.01, 2.488, 1.511, 1.689, 2.025, 2.985, 2.957, 2.892, 2.333, 2.309, 2.482, 2.524, 2.79, 3.517, 4.809, 4.915, 4.729, 4.947, 5.392, 6.012, 5.416, 4.671, 4.339, 4.018, 4.4, 3.941, 3.727, 3.154, 2.688, 2.558, 2.306, 1.876, 1.415, 1.16, 1.744, 1.835, 1.828, 2.635, 2.625, 2.005, 2.807, 2.663, 2.462, 2.094, 1.617, 1.716, 2.059, 2.118, 2.584, 2.468, 2.056, 1.63], [5.257, 5.786, 6.105, 5.913, 5.936, 6.507, 6.465, 6.172, 5.874, 5.775, 5.81, 5.702, 5.266, 4.582, 4.813, 5.199, 5.532, 5.415, 5.522, 5.515, 6.098, 6.693, 6.812, 6.156, 5.184, 2.723, 1.136, 0.899, 1.019, 0.0, 0.995, 1.496, 1.464, 1.158, 1.791, 2.245, 1.552, 1.638, 1.964, 2.505, 2.407, 2.481, 1.992, 2.036, 2.187, 2.067, 2.39, 3.176, 4.515, 4.648, 4.435, 4.649, 5.085, 5.694, 5.122, 4.329, 4.01, 3.76, 4.09, 3.638, 3.447, 2.9, 2.474, 2.508, 2.249, 1.752, 1.362, 1.216, 1.454, 1.619, 1.878, 2.513, 2.393, 1.588, 2.288, 1.959, 1.779, 1.492, 1.194, 1.317, 1.921, 1.929, 1.97, 1.764, 1.536, 1.679], [5.608, 6.129, 6.545, 6.349, 6.378, 6.985, 6.878, 6.66, 6.28, 6.156, 6.181, 6.179, 5.738, 4.959, 5.18, 5.523, 5.891, 5.811, 5.904, 5.638, 5.986, 6.557, 6.676, 6.02, 5.048, 2.686, 0.91, 0.959, 1.129, 0.995, 0.0, 1.131, 1.223, 1.133, 1.977, 2.296, 1.62, 1.79, 1.903, 2.772, 2.784, 2.863, 2.23, 2.174, 2.366, 2.25, 2.673, 3.403, 4.699, 4.778, 4.616, 4.892, 5.351, 5.889, 5.303, 4.503, 4.19, 3.889, 4.312, 3.821, 3.581, 3.07, 2.605, 2.476, 2.3, 1.807, 1.301, 1.189, 1.464, 1.321, 1.45, 2.148, 2.207, 1.422, 2.131, 1.902, 1.917, 1.693, 1.314, 1.336, 1.754, 1.796, 1.905, 1.908, 1.7, 1.894], [6.58, 7.115, 7.427, 7.258, 7.236, 7.829, 7.844, 7.522, 7.253, 7.157, 7.049, 6.978, 6.475, 5.802, 6.066, 6.238, 6.477, 6.479, 6.594, 6.106, 6.186, 6.628, 6.733, 6.077, 5.106, 2.764, 1.345, 1.349, 1.452, 1.496, 1.131, 0.0, 0.578, 0.818, 1.74, 2.199, 1.569, 1.773, 1.999, 3.05, 3.154, 3.194, 2.477, 2.3, 2.496, 2.571, 2.702, 3.447, 4.81, 4.899, 4.73, 4.942, 5.384, 5.977, 5.417, 4.619, 4.314, 3.98, 4.251, 3.81, 3.634, 3.039, 2.66, 2.381, 2.128, 1.719, 1.287, 1.243, 1.837, 1.165, 1.391, 1.97, 2.02, 1.534, 2.373, 2.408, 2.332, 1.911, 1.661, 1.652, 1.913, 1.933, 2.193, 2.452, 2.502, 2.609], [6.548, 7.052, 7.365, 7.2, 7.179, 7.771, 7.788, 7.486, 7.203, 7.106, 7.025, 6.944, 6.436, 5.777, 6.037, 6.192, 6.403, 6.41, 6.531, 6.037, 6.226, 6.747, 6.866, 6.21, 5.238, 2.822, 1.425, 1.364, 1.45, 1.464, 1.223, 0.578, 0.0, 0.798, 1.665, 2.12, 1.587, 1.807, 2.033, 3.038, 3.122, 3.099, 2.398, 2.247, 2.496, 2.647, 2.768, 3.458, 4.725, 4.815, 4.643, 4.855, 5.283, 5.88, 5.33, 4.571, 4.278, 3.906, 4.165, 3.726, 3.552, 2.956, 2.662, 2.371, 2.188, 1.85, 1.385, 1.337, 1.94, 1.458, 1.697, 2.176, 2.289, 1.814, 2.559, 2.549, 2.491, 2.039, 1.731, 1.789, 2.07, 1.992, 2.354, 2.525, 2.583, 2.57], [6.165, 6.668, 6.998, 6.813, 6.815, 7.398, 7.404, 7.107, 6.815, 6.72, 6.668, 6.599, 6.119, 5.431, 5.68, 5.956, 6.279, 6.248, 6.329, 6.041, 6.38, 6.977, 7.087, 6.431, 5.459, 3.027, 1.374, 1.132, 1.14, 1.158, 1.133, 0.818, 0.798, 0.0, 1.324, 1.833, 1.257, 1.52, 1.761, 2.678, 2.753, 2.747, 2.005, 1.892, 2.12, 2.336, 2.444, 3.124, 4.37, 4.487, 4.29, 4.524, 4.959, 5.557, 4.977, 4.267, 3.952, 3.565, 3.836, 3.398, 3.221, 2.64, 2.246, 2.092, 1.905, 1.473, 1.038, 0.923, 1.688, 1.637, 1.863, 2.485, 2.579, 1.762, 2.476, 2.457, 2.302, 1.706, 1.566, 1.606, 2.141, 1.932, 2.237, 2.348, 2.209, 2.32], [6.477, 6.958, 7.266, 7.104, 7.116, 7.672, 7.693, 7.382, 7.105, 7.017, 7.052, 6.941, 6.518, 5.83, 6.082, 6.653, 7.026, 6.854, 6.976, 7.07, 7.626, 8.267, 8.387, 7.731, 6.758, 4.296, 2.101, 2.033, 2.01, 1.791, 1.977, 1.74, 1.665, 1.324, 0.0, 1.074, 1.057, 1.496, 1.539, 2.395, 2.644, 2.695, 1.908, 1.559, 1.642, 2.198, 2.386, 2.322, 3.424, 3.463, 3.251, 3.381, 3.76, 4.441, 3.928, 3.369, 3.096, 2.705, 2.9, 2.38, 2.332, 1.772, 1.491, 1.462, 1.367, 1.109, 1.105, 1.247, 1.734, 2.45, 2.708, 3.075, 3.218, 2.532, 2.976, 2.765, 2.418, 2.401, 2.445, 2.544, 3.294, 3.096, 2.868, 2.578, 2.682, 3.207], [7.048, 7.574, 7.81, 7.629, 7.577, 8.144, 8.14, 7.809, 7.553, 7.448, 7.413, 7.372, 6.937, 6.307, 6.472, 6.922, 7.336, 7.137, 7.216, 7.356, 7.993, 8.54, 8.659, 8.004, 7.031, 4.569, 2.434, 2.568, 2.488, 2.245, 2.296, 2.199, 2.12, 1.833, 1.074, 0.0, 1.243, 1.91, 1.817, 2.458, 2.864, 2.943, 2.277, 1.841, 1.74, 2.293, 2.644, 2.175, 3.002, 3.269, 2.928, 3.053, 3.445, 4.111, 3.543, 2.981, 2.885, 2.487, 2.773, 2.255, 2.136, 1.707, 1.499, 1.548, 1.562, 1.649, 1.785, 1.873, 2.183, 2.605, 2.948, 3.06, 3.148, 2.58, 2.74, 2.597, 2.622, 2.769, 2.763, 3.019, 3.731, 3.568, 3.012, 2.889, 3.122, 3.502], [6.162, 6.743, 7.085, 6.911, 6.905, 7.49, 7.439, 7.14, 6.872, 6.75, 6.576, 6.585, 6.106, 5.324, 5.548, 5.996, 6.373, 6.214, 6.32, 6.398, 7.057, 7.697, 7.817, 7.161, 6.21, 3.76, 1.708, 1.644, 1.511, 1.552, 1.62, 1.569, 1.587, 1.257, 1.057, 1.243, 0.0, 0.868, 1.182, 2.094, 2.273, 2.391, 1.702, 1.52, 1.528, 1.817, 2.159, 2.45, 3.631, 3.733, 3.533, 3.788, 4.195, 4.828, 4.2, 3.54, 3.269, 2.906, 3.256, 2.786, 2.563, 2.047, 1.636, 1.521, 1.349, 1.129, 0.975, 0.958, 1.38, 1.928, 2.136, 2.548, 2.587, 2.07, 2.52, 2.343, 2.072, 2.122, 1.997, 2.188, 2.891, 2.869, 2.525, 2.291, 2.468, 2.587], [5.822, 6.309, 6.654, 6.505, 6.487, 7.057, 7.006, 6.707, 6.438, 6.316, 6.131, 6.131, 5.579, 4.872, 5.2, 5.776, 6.053, 5.993, 6.081, 6.295, 6.946, 7.59, 7.706, 7.068, 6.119, 3.669, 1.954, 1.632, 1.689, 1.638, 1.79, 1.773, 1.807, 1.52, 1.496, 1.91, 0.868, 0.0, 0.991, 1.888, 1.907, 2.033, 1.73, 1.805, 1.853, 1.966, 2.004, 2.551, 3.723, 3.816, 3.668, 3.884, 4.332, 4.912, 4.276, 3.595, 3.297, 2.907, 3.259, 2.794, 2.58, 2.08, 1.643, 1.439, 1.341, 1.151, 1.124, 1.057, 1.165, 1.879, 2.249, 2.671, 2.632, 2.103, 2.651, 2.444, 2.195, 2.143, 1.96, 2.105, 2.77, 2.835, 2.586, 2.284, 2.519, 2.479], [6.065, 6.364, 6.575, 6.538, 6.525, 6.904, 7.009, 6.696, 6.411, 6.324, 6.316, 6.306, 5.807, 5.093, 5.433, 6.222, 6.441, 6.395, 6.63, 6.847, 7.557, 8.21, 8.318, 7.688, 6.738, 4.289, 2.085, 2.057, 2.025, 1.964, 1.903, 1.999, 2.033, 1.761, 1.539, 1.817, 1.182, 0.991, 0.0, 1.412, 1.669, 1.775, 1.502, 1.684, 1.789, 1.861, 1.994, 2.353, 3.385, 3.378, 3.213, 3.505, 3.968, 4.449, 3.799, 3.197, 3.002, 2.643, 3.078, 2.539, 2.391, 2.062, 1.851, 1.745, 1.485, 1.266, 1.333, 1.335, 0.933, 2.289, 2.644, 2.7, 2.885, 2.368, 2.477, 2.286, 2.188, 2.33, 2.521, 2.671, 3.353, 3.039, 2.517, 2.303, 2.586, 3.022], [6.406, 6.201, 6.132, 6.14, 6.128, 6.509, 6.974, 6.543, 6.384, 6.456, 6.645, 6.519, 6.216, 5.558, 5.899, 6.859, 7.149, 6.96, 7.2, 7.619, 8.391, 8.995, 9.093, 8.473, 7.523, 5.074, 2.996, 2.991, 2.985, 2.505, 2.772, 3.05, 3.038, 2.678, 2.395, 2.458, 2.094, 1.888, 1.412, 0.0, 1.003, 1.175, 1.169, 1.536, 1.524, 1.356, 1.546, 1.879, 2.536, 2.65, 2.356, 2.549, 3.078, 3.582, 2.87, 2.273, 2.343, 2.295, 2.749, 2.281, 2.153, 2.389, 2.338, 2.591, 2.442, 2.283, 2.349, 2.3, 1.838, 3.091, 3.587, 3.5, 3.618, 2.955, 2.735, 2.218, 2.082, 2.91, 3.197, 3.415, 4.208, 3.923, 2.845, 2.541, 2.836, 3.783], [6.144, 5.703, 5.61, 5.531, 5.589, 6.198, 6.704, 6.251, 6.062, 6.243, 6.495, 6.425, 5.889, 5.381, 5.718, 6.648, 6.917, 6.864, 7.089, 7.453, 8.154, 8.699, 8.746, 8.135, 7.168, 4.719, 3.066, 2.944, 2.957, 2.407, 2.784, 3.154, 3.122, 2.753, 2.644, 2.864, 2.273, 1.907, 1.669, 1.003, 0.0, 0.718, 1.211, 1.631, 1.586, 1.348, 1.205, 1.811, 2.465, 2.738, 2.703, 2.767, 3.197, 3.67, 3.002, 2.515, 2.304, 2.131, 2.505, 2.146, 1.977, 2.442, 2.244, 2.476, 2.414, 2.295, 2.357, 2.299, 1.842, 3.064, 3.572, 3.585, 3.675, 2.958, 2.766, 2.207, 2.133, 2.648, 2.996, 3.243, 3.973, 3.685, 2.708, 2.391, 2.71, 3.559], [6.113, 5.689, 5.646, 5.56, 5.582, 6.149, 6.623, 6.167, 6.009, 6.209, 6.487, 6.442, 5.858, 5.299, 5.686, 6.617, 6.913, 6.805, 7.042, 7.437, 8.177, 8.699, 8.768, 8.134, 7.169, 4.723, 3.128, 2.95, 2.892, 2.481, 2.863, 3.194, 3.099, 2.747, 2.695, 2.943, 2.391, 2.033, 1.775, 1.175, 0.718, 0.0, 1.175, 1.801, 1.814, 1.526, 1.312, 1.977, 2.465, 2.81, 2.801, 2.842, 3.246, 3.674, 3.077, 2.616, 2.414, 2.239, 2.624, 2.267, 2.213, 2.733, 2.494, 2.718, 2.672, 2.449, 2.421, 2.393, 1.946, 3.301, 3.736, 3.838, 3.867, 3.097, 2.998, 2.475, 2.342, 2.803, 3.068, 3.354, 3.989, 3.761, 2.906, 2.626, 2.83, 3.609], [6.006, 6.001, 5.996, 5.882, 5.966, 6.277, 6.835, 6.374, 6.141, 6.222, 6.473, 6.349, 5.953, 5.317, 5.444, 6.309, 6.565, 6.458, 6.732, 7.123, 7.867, 8.39, 8.458, 7.811, 6.85, 4.464, 2.487, 2.495, 2.333, 1.992, 2.23, 2.477, 2.398, 2.005, 1.908, 2.277, 1.702, 1.73, 1.502, 1.169, 1.211, 1.175, 0.0, 0.922, 0.988, 0.95, 1.161, 1.784, 2.715, 2.905, 2.62, 3.017, 3.513, 3.927, 3.259, 2.622, 2.456, 2.146, 2.62, 2.205, 1.981, 2.238, 2.047, 2.253, 2.131, 1.925, 1.729, 1.634, 1.571, 2.871, 3.073, 3.37, 3.417, 2.636, 2.778, 2.241, 1.864, 2.387, 2.651, 2.929, 3.696, 3.433, 2.524, 2.284, 2.392, 3.218], [6.351, 6.416, 6.445, 6.314, 6.406, 6.809, 7.353, 6.89, 6.681, 6.701, 6.951, 6.841, 6.443, 5.797, 5.94, 6.436, 6.849, 6.706, 6.937, 7.193, 7.906, 8.428, 8.497, 7.853, 6.887, 4.5, 2.4, 2.472, 2.309, 2.036, 2.174, 2.3, 2.247, 1.892, 1.559, 1.841, 1.52, 1.805, 1.684, 1.536, 1.631, 1.801, 0.922, 0.0, 0.704, 1.101, 1.41, 1.694, 2.713, 2.881, 2.662, 2.977, 3.441, 3.907, 3.276, 2.63, 2.404, 2.095, 2.477, 2.105, 1.82, 1.992, 1.757, 1.899, 1.796, 1.634, 1.579, 1.623, 1.705, 2.667, 2.875, 3.157, 3.287, 2.515, 2.663, 2.162, 1.782, 2.357, 2.742, 2.972, 3.726, 3.443, 2.519, 2.259, 2.344, 3.243], [6.48, 6.564, 6.596, 6.425, 6.458, 6.888, 7.446, 6.998, 6.751, 6.809, 7.059, 6.944, 6.538, 5.897, 6.01, 6.61, 6.951, 6.89, 7.055, 7.422, 8.093, 8.615, 8.684, 8.036, 7.049, 4.656, 2.515, 2.643, 2.482, 2.187, 2.366, 2.496, 2.496, 2.12, 1.642, 1.74, 1.528, 1.853, 1.789, 1.524, 1.586, 1.814, 0.988, 0.704, 0.0, 1.095, 1.286, 1.463, 2.493, 2.709, 2.484, 2.806, 3.263, 3.748, 3.123, 2.429, 2.192, 1.869, 2.283, 1.928, 1.643, 1.688, 1.554, 1.709, 1.678, 1.511, 1.64, 1.648, 1.739, 2.709, 3.039, 3.092, 3.303, 2.672, 2.537, 2.03, 1.772, 2.497, 2.867, 3.119, 3.882, 3.599, 2.616, 2.36, 2.595, 3.445], [6.045, 6.001, 6.045, 5.866, 5.976, 6.447, 6.992, 6.54, 6.317, 6.431, 6.69, 6.566, 6.15, 5.519, 5.642, 6.333, 6.763, 6.6, 6.795, 6.966, 7.718, 8.24, 8.309, 7.663, 6.706, 4.388, 2.43, 2.601, 2.524, 2.067, 2.25, 2.571, 2.647, 2.336, 2.198, 2.293, 1.817, 1.966, 1.861, 1.356, 1.348, 1.526, 0.95, 1.101, 1.095, 0.0, 0.904, 1.601, 2.807, 2.99, 2.805, 3.164, 3.598, 4.067, 3.358, 2.568, 2.347, 2.225, 2.677, 2.281, 2.0, 2.4, 2.167, 2.339, 2.292, 1.916, 1.868, 1.94, 1.717, 2.484, 2.745, 2.833, 2.972, 2.258, 2.196, 1.723, 1.449, 2.154, 2.498, 2.79, 3.601, 3.286, 2.185, 1.933, 2.167, 3.118], [6.048, 5.903, 5.898, 5.729, 5.75, 6.27, 6.813, 6.339, 6.128, 6.278, 6.544, 6.502, 6.035, 5.449, 5.668, 6.455, 6.892, 6.777, 6.887, 7.256, 7.811, 8.333, 8.402, 7.754, 6.766, 4.507, 2.855, 2.844, 2.79, 2.39, 2.673, 2.702, 2.768, 2.444, 2.386, 2.644, 2.159, 2.004, 1.994, 1.546, 1.205, 1.312, 1.161, 1.41, 1.286, 0.904, 0.0, 1.398, 2.707, 2.963, 2.836, 3.039, 3.532, 3.974, 3.294, 2.526, 2.364, 2.22, 2.59, 2.235, 1.966, 2.352, 2.145, 2.349, 2.339, 1.918, 1.88, 1.966, 1.911, 2.747, 2.937, 3.117, 3.257, 2.381, 2.571, 2.176, 1.799, 2.324, 2.625, 2.932, 3.684, 3.352, 2.266, 2.154, 2.509, 3.386], [6.837, 6.499, 6.567, 6.406, 6.418, 7.064, 7.473, 7.023, 6.834, 7.024, 7.234, 7.197, 6.691, 6.13, 6.461, 7.357, 7.696, 7.525, 7.698, 8.093, 8.806, 9.328, 9.447, 8.791, 7.819, 5.525, 3.453, 3.638, 3.517, 3.176, 3.403, 3.447, 3.458, 3.124, 2.322, 2.175, 2.45, 2.551, 2.353, 1.879, 1.811, 1.977, 1.784, 1.694, 1.463, 1.601, 1.398, 0.0, 1.675, 1.91, 1.851, 1.96, 2.464, 2.883, 2.215, 1.49, 1.341, 1.284, 1.582, 1.227, 0.965, 1.494, 1.602, 1.815, 1.754, 2.031, 2.428, 2.583, 2.485, 3.577, 3.816, 3.751, 4.006, 3.343, 2.837, 2.692, 2.549, 3.32, 3.567, 3.884, 4.626, 4.282, 3.248, 2.979, 3.286, 4.216], [8.277, 7.538, 7.35, 7.303, 7.303, 7.964, 8.434, 7.947, 7.806, 8.129, 8.321, 8.35, 7.761, 7.381, 7.792, 8.781, 9.087, 8.951, 9.196, 9.655, 10.427, 10.95, 11.018, 10.371, 9.382, 6.96, 4.808, 4.994, 4.809, 4.515, 4.699, 4.81, 4.725, 4.37, 3.424, 3.002, 3.631, 3.723, 3.385, 2.536, 2.465, 2.465, 2.715, 2.713, 2.493, 2.807, 2.707, 1.675, 0.0, 0.987, 0.878, 0.942, 1.268, 1.588, 1.074, 1.05, 1.185, 1.336, 1.32, 1.431, 1.41, 2.089, 2.445, 2.632, 2.851, 3.349, 3.783, 3.885, 3.75, 5.026, 5.373, 5.294, 5.515, 4.918, 4.098, 4.006, 4.024, 4.832, 5.144, 5.402, 6.186, 5.894, 4.829, 4.577, 4.837, 5.754], [8.252, 7.688, 7.61, 7.701, 7.77, 8.245, 8.565, 8.168, 8.105, 8.258, 8.468, 8.321, 7.689, 7.183, 7.94, 9.004, 9.219, 9.115, 9.404, 9.662, 10.402, 11.035, 11.155, 10.499, 9.532, 7.2, 4.923, 5.077, 4.915, 4.648, 4.778, 4.899, 4.815, 4.487, 3.463, 3.269, 3.733, 3.816, 3.378, 2.65, 2.738, 2.81, 2.905, 2.881, 2.709, 2.99, 2.963, 1.91, 0.987, 0.0, 0.812, 0.989, 1.288, 1.601, 1.011, 1.089, 1.193, 1.383, 1.527, 1.59, 1.55, 2.054, 2.471, 2.769, 2.928, 3.419, 3.854, 3.961, 3.769, 5.061, 5.355, 5.269, 5.571, 5.063, 4.246, 4.189, 4.08, 4.931, 5.275, 5.447, 6.249, 5.946, 4.864, 4.551, 4.899, 5.86], [8.183, 7.86, 7.724, 7.778, 7.837, 8.164, 8.574, 8.178, 8.014, 8.106, 8.321, 8.167, 7.731, 7.174, 7.673, 8.757, 8.998, 8.844, 9.127, 9.486, 10.258, 10.836, 10.956, 10.3, 9.328, 6.976, 4.728, 4.913, 4.729, 4.435, 4.616, 4.73, 4.643, 4.29, 3.251, 2.928, 3.533, 3.668, 3.213, 2.356, 2.703, 2.801, 2.62, 2.662, 2.484, 2.805, 2.836, 1.851, 0.878, 0.812, 0.0, 0.931, 1.242, 1.732, 1.262, 1.184, 1.299, 1.462, 1.771, 1.789, 1.53, 1.988, 2.356, 2.684, 2.802, 3.287, 3.696, 3.799, 3.604, 4.907, 5.204, 5.125, 5.346, 4.82, 4.069, 3.974, 3.857, 4.752, 5.052, 5.274, 6.06, 5.767, 4.66, 4.408, 4.7, 5.628], [8.525, 7.914, 7.738, 7.726, 7.741, 8.399, 8.835, 8.38, 8.293, 8.354, 8.563, 8.555, 8.195, 7.598, 8.14, 9.126, 9.461, 9.28, 9.462, 9.916, 10.689, 11.258, 11.377, 10.721, 9.749, 7.287, 4.965, 5.136, 4.947, 4.649, 4.892, 4.942, 4.855, 4.524, 3.381, 3.053, 3.788, 3.884, 3.505, 2.549, 2.767, 2.842, 3.017, 2.977, 2.806, 3.164, 3.039, 1.96, 0.942, 0.989, 0.931, 0.0, 0.865, 1.662, 1.231, 1.182, 1.519, 1.667, 1.743, 1.765, 1.763, 2.263, 2.655, 2.903, 3.089, 3.528, 3.952, 4.073, 3.959, 5.273, 5.635, 5.555, 5.776, 5.212, 4.465, 4.358, 4.286, 5.153, 5.435, 5.661, 6.409, 6.134, 5.09, 4.838, 5.122, 6.049], [9.021, 8.305, 8.12, 8.075, 8.165, 9.001, 9.414, 8.975, 8.869, 9.007, 9.235, 9.159, 8.71, 8.181, 8.62, 9.614, 9.943, 9.767, 9.961, 10.376, 11.148, 11.692, 11.811, 11.155, 10.183, 7.721, 5.41, 5.581, 5.392, 5.085, 5.351, 5.384, 5.283, 4.959, 3.76, 3.445, 4.195, 4.332, 3.968, 3.078, 3.197, 3.246, 3.513, 3.441, 3.263, 3.598, 3.532, 2.464, 1.268, 1.288, 1.242, 0.865, 0.0, 1.235, 1.297, 1.767, 1.952, 2.047, 1.871, 2.123, 2.194, 2.751, 3.139, 3.397, 3.588, 4.013, 4.407, 4.552, 4.457, 5.732, 6.094, 6.015, 6.236, 5.659, 4.899, 4.792, 4.745, 5.587, 5.869, 6.121, 6.868, 6.593, 5.55, 5.297, 5.556, 6.483], [9.506, 8.602, 8.136, 8.253, 8.311, 9.133, 9.49, 9.036, 8.941, 9.266, 9.459, 9.366, 8.625, 8.433, 8.988, 10.051, 10.307, 10.16, 10.468, 10.898, 11.671, 12.193, 12.279, 11.623, 10.651, 8.248, 6.028, 6.19, 6.012, 5.694, 5.889, 5.977, 5.88, 5.557, 4.441, 4.111, 4.828, 4.912, 4.449, 3.582, 3.67, 3.674, 3.927, 3.907, 3.748, 4.067, 3.974, 2.883, 1.588, 1.601, 1.732, 1.662, 1.235, 0.0, 1.234, 2.048, 2.129, 2.28, 2.025, 2.386, 2.588, 3.159, 3.623, 3.86, 4.054, 4.557, 4.981, 5.126, 4.93, 6.267, 6.617, 6.537, 6.758, 6.161, 5.367, 5.28, 5.28, 6.075, 6.395, 6.661, 7.432, 7.13, 6.072, 5.82, 6.078, 7.013], [8.657, 7.741, 7.274, 7.37, 7.38, 8.201, 8.575, 8.079, 8.076, 8.333, 8.472, 8.4, 7.833, 7.525, 8.196, 9.247, 9.501, 9.344, 9.632, 10.073, 10.847, 11.418, 11.517, 10.897, 9.947, 7.641, 5.423, 5.6, 5.416, 5.122, 5.303, 5.417, 5.33, 4.977, 3.928, 3.543, 4.2, 4.276, 3.799, 2.87, 3.002, 3.077, 3.259, 3.276, 3.123, 3.358, 3.294, 2.215, 1.074, 1.011, 1.262, 1.231, 1.297, 1.234, 0.0, 1.09, 1.403, 1.564, 1.426, 1.709, 1.891, 2.425, 2.91, 3.14, 3.34, 3.886, 4.354, 4.486, 4.286, 5.604, 5.806, 5.713, 5.934, 5.336, 4.61, 4.58, 4.546, 5.367, 5.682, 5.977, 6.789, 6.474, 5.33, 5.013, 5.255, 6.223], [7.742, 7.235, 6.979, 7.108, 7.061, 7.336, 7.823, 7.318, 7.246, 7.482, 7.611, 7.62, 7.175, 6.748, 7.304, 8.366, 8.63, 8.467, 8.691, 9.18, 9.984, 10.606, 10.693, 10.098, 9.169, 6.854, 4.618, 4.828, 4.671, 4.329, 4.503, 4.619, 4.571, 4.267, 3.369, 2.981, 3.54, 3.595, 3.197, 2.273, 2.515, 2.616, 2.622, 2.63, 2.429, 2.568, 2.526, 1.49, 1.05, 1.089, 1.184, 1.182, 1.767, 2.048, 1.09, 0.0, 0.743, 1.129, 1.5, 1.451, 1.259, 1.722, 2.121, 2.349, 2.561, 3.063, 3.551, 3.727, 3.487, 4.776, 4.943, 4.833, 5.029, 4.516, 3.8, 3.793, 3.713, 4.56, 4.886, 5.149, 5.961, 5.646, 4.498, 4.138, 4.386, 5.352], [7.577, 7.081, 6.863, 6.982, 7.0, 7.467, 7.871, 7.432, 7.292, 7.692, 7.821, 7.803, 7.058, 6.707, 7.262, 8.26, 8.509, 8.397, 8.638, 8.943, 9.706, 10.316, 10.415, 9.799, 8.87, 6.5, 4.263, 4.484, 4.339, 4.01, 4.19, 4.314, 4.278, 3.952, 3.096, 2.885, 3.269, 3.297, 3.002, 2.343, 2.304, 2.414, 2.456, 2.404, 2.192, 2.347, 2.364, 1.341, 1.185, 1.193, 1.299, 1.519, 1.952, 2.129, 1.403, 0.743, 0.0, 0.721, 1.198, 1.217, 1.085, 1.545, 1.86, 2.072, 2.265, 2.734, 3.213, 3.401, 3.155, 4.451, 4.643, 4.539, 4.783, 4.262, 3.533, 3.46, 3.399, 4.248, 4.58, 4.819, 5.607, 5.323, 4.199, 3.872, 4.153, 5.075], [7.46, 7.056, 6.994, 6.92, 6.954, 7.498, 7.869, 7.42, 7.256, 7.545, 7.756, 7.748, 7.07, 6.584, 7.077, 8.068, 8.295, 8.201, 8.454, 8.751, 9.451, 10.017, 10.116, 9.497, 8.568, 6.183, 3.97, 4.152, 4.018, 3.76, 3.889, 3.98, 3.906, 3.565, 2.705, 2.487, 2.906, 2.907, 2.643, 2.295, 2.131, 2.239, 2.146, 2.095, 1.869, 2.225, 2.22, 1.284, 1.336, 1.383, 1.462, 1.667, 2.047, 2.28, 1.564, 1.129, 0.721, 0.0, 0.95, 0.859, 0.792, 1.249, 1.528, 1.764, 1.937, 2.438, 2.906, 3.055, 2.868, 4.169, 4.404, 4.308, 4.607, 4.052, 3.399, 3.239, 3.216, 3.936, 4.293, 4.562, 5.349, 5.065, 3.942, 3.617, 3.943, 4.786], [7.959, 7.273, 7.244, 7.128, 7.091, 8.091, 8.415, 7.951, 7.8, 8.1, 8.327, 8.33, 7.631, 7.18, 7.579, 8.476, 8.761, 8.72, 8.911, 9.248, 9.784, 10.344, 10.392, 9.78, 8.831, 6.446, 4.367, 4.483, 4.4, 4.09, 4.312, 4.251, 4.165, 3.836, 2.9, 2.773, 3.256, 3.259, 3.078, 2.749, 2.505, 2.624, 2.62, 2.477, 2.283, 2.677, 2.59, 1.582, 1.32, 1.527, 1.771, 1.743, 1.871, 2.025, 1.426, 1.5, 1.198, 0.95, 0.0, 0.74, 0.93, 1.455, 1.934, 2.165, 2.354, 2.743, 3.192, 3.403, 3.343, 4.49, 4.748, 4.649, 4.974, 4.404, 3.515, 3.596, 3.658, 4.245, 4.616, 4.885, 5.672, 5.388, 4.335, 4.01, 4.423, 5.253], [7.481, 6.942, 7.001, 6.865, 6.896, 7.685, 7.939, 7.513, 7.357, 7.632, 7.844, 7.827, 7.162, 6.661, 7.109, 8.069, 8.295, 8.204, 8.444, 8.768, 9.353, 9.897, 9.985, 9.364, 8.418, 6.032, 3.881, 4.002, 3.941, 3.638, 3.821, 3.81, 3.726, 3.398, 2.38, 2.255, 2.786, 2.794, 2.539, 2.281, 2.146, 2.267, 2.205, 2.105, 1.928, 2.281, 2.235, 1.227, 1.431, 1.59, 1.789, 1.765, 2.123, 2.386, 1.709, 1.451, 1.217, 0.859, 0.74, 0.0, 0.72, 1.1, 1.487, 1.724, 1.918, 2.269, 2.749, 2.938, 2.851, 4.027, 4.299, 4.213, 4.536, 3.969, 3.308, 3.172, 3.212, 3.801, 4.154, 4.423, 5.21, 4.926, 3.828, 3.54, 3.943, 4.786], [7.197, 6.954, 7.048, 6.894, 6.896, 7.461, 7.833, 7.381, 7.189, 7.356, 7.643, 7.575, 7.006, 6.463, 6.816, 7.754, 8.006, 7.919, 8.137, 8.461, 9.087, 9.623, 9.7, 9.072, 8.141, 5.784, 3.67, 3.812, 3.727, 3.447, 3.581, 3.634, 3.552, 3.221, 2.332, 2.136, 2.563, 2.58, 2.391, 2.153, 1.977, 2.213, 1.981, 1.82, 1.643, 2.0, 1.966, 0.965, 1.41, 1.55, 1.53, 1.763, 2.194, 2.588, 1.891, 1.259, 1.085, 0.792, 0.93, 0.72, 0.0, 0.996, 1.305, 1.586, 1.741, 2.118, 2.564, 2.689, 2.63, 3.777, 4.046, 3.953, 4.262, 3.698, 2.979, 2.874, 2.904, 3.525, 3.896, 4.171, 4.977, 4.675, 3.599, 3.244, 3.651, 4.475], [6.906, 7.131, 7.236, 7.222, 7.155, 7.637, 7.726, 7.415, 7.128, 7.175, 7.237, 7.148, 6.703, 6.103, 6.493, 7.41, 7.653, 7.57, 7.736, 7.999, 8.561, 9.204, 9.303, 8.683, 7.733, 5.324, 3.178, 3.246, 3.154, 2.9, 3.07, 3.039, 2.956, 2.64, 1.772, 1.707, 2.047, 2.08, 2.062, 2.389, 2.442, 2.733, 2.238, 1.992, 1.688, 2.4, 2.352, 1.494, 2.089, 2.054, 1.988, 2.263, 2.751, 3.159, 2.425, 1.722, 1.545, 1.249, 1.455, 1.1, 0.996, 0.0, 0.742, 0.992, 1.122, 1.498, 1.993, 2.121, 2.153, 3.225, 3.507, 3.488, 3.785, 3.255, 2.852, 2.846, 2.828, 3.166, 3.42, 3.613, 4.4, 4.123, 3.411, 2.966, 3.429, 4.073], [6.318, 6.596, 6.832, 6.787, 6.728, 7.233, 7.235, 6.908, 6.632, 6.657, 6.747, 6.647, 6.235, 5.582, 5.981, 6.905, 7.165, 7.076, 7.241, 7.489, 8.125, 8.807, 8.906, 8.286, 7.336, 4.89, 2.696, 2.784, 2.688, 2.474, 2.605, 2.66, 2.662, 2.246, 1.491, 1.499, 1.636, 1.643, 1.851, 2.338, 2.244, 2.494, 2.047, 1.757, 1.554, 2.167, 2.145, 1.602, 2.445, 2.471, 2.356, 2.655, 3.139, 3.623, 2.91, 2.121, 1.86, 1.528, 1.934, 1.487, 1.305, 0.742, 0.0, 0.571, 0.915, 1.129, 1.592, 1.698, 1.937, 2.904, 3.07, 3.278, 3.544, 2.979, 3.035, 2.827, 2.651, 2.945, 3.003, 3.167, 3.961, 3.784, 3.278, 2.744, 2.984, 3.595], [6.467, 6.735, 6.97, 6.888, 6.804, 7.373, 7.398, 7.101, 6.81, 6.791, 6.656, 6.692, 6.104, 5.52, 5.973, 6.748, 7.036, 6.938, 7.081, 7.328, 7.963, 8.647, 8.745, 8.125, 7.175, 4.73, 2.645, 2.593, 2.558, 2.508, 2.476, 2.381, 2.371, 2.092, 1.462, 1.548, 1.521, 1.439, 1.745, 2.591, 2.476, 2.718, 2.253, 1.899, 1.709, 2.339, 2.349, 1.815, 2.632, 2.769, 2.684, 2.903, 3.397, 3.86, 3.14, 2.349, 2.072, 1.764, 2.165, 1.724, 1.586, 0.992, 0.571, 0.0, 0.705, 0.992, 1.461, 1.554, 1.824, 2.642, 2.905, 3.097, 3.381, 2.829, 2.989, 2.928, 2.751, 2.801, 2.859, 2.964, 3.722, 3.551, 3.302, 2.921, 3.116, 3.432], [6.473, 6.788, 6.977, 6.951, 6.894, 7.378, 7.397, 7.088, 6.816, 6.742, 6.627, 6.605, 6.098, 5.468, 5.849, 6.622, 6.863, 6.814, 6.968, 7.195, 7.813, 8.488, 8.587, 7.967, 7.017, 4.567, 2.382, 2.327, 2.306, 2.249, 2.3, 2.128, 2.188, 1.905, 1.367, 1.562, 1.349, 1.341, 1.485, 2.442, 2.414, 2.672, 2.131, 1.796, 1.678, 2.292, 2.339, 1.754, 2.851, 2.928, 2.802, 3.089, 3.588, 4.054, 3.34, 2.561, 2.265, 1.937, 2.354, 1.918, 1.741, 1.122, 0.915, 0.705, 0.0, 0.762, 1.218, 1.375, 1.537, 2.479, 2.771, 2.965, 3.208, 2.644, 2.723, 2.811, 2.652, 2.685, 2.711, 2.811, 3.563, 3.386, 3.091, 2.794, 3.009, 3.32], [5.973, 6.339, 6.636, 6.513, 6.473, 7.041, 7.071, 6.767, 6.483, 6.39, 6.352, 6.316, 5.844, 5.141, 5.458, 6.227, 6.519, 6.444, 6.556, 6.796, 7.333, 7.972, 8.07, 7.45, 6.5, 4.057, 1.915, 1.867, 1.876, 1.752, 1.807, 1.719, 1.85, 1.473, 1.109, 1.649, 1.129, 1.151, 1.266, 2.283, 2.295, 2.449, 1.925, 1.634, 1.511, 1.916, 1.918, 2.031, 3.349, 3.419, 3.287, 3.528, 4.013, 4.557, 3.886, 3.063, 2.734, 2.438, 2.743, 2.269, 2.118, 1.498, 1.129, 0.992, 0.762, 0.0, 0.695, 0.962, 1.176, 2.117, 2.346, 2.63, 2.884, 2.181, 2.479, 2.454, 2.157, 2.131, 2.199, 2.302, 3.091, 2.846, 2.586, 2.328, 2.491, 2.896], [5.763, 6.243, 6.592, 6.413, 6.412, 6.994, 6.962, 6.671, 6.376, 6.273, 6.266, 6.241, 5.795, 5.043, 5.282, 5.934, 6.272, 6.16, 6.249, 6.393, 6.861, 7.498, 7.617, 6.969, 6.019, 3.57, 1.488, 1.454, 1.415, 1.362, 1.301, 1.287, 1.385, 1.038, 1.105, 1.785, 0.975, 1.124, 1.333, 2.349, 2.357, 2.421, 1.729, 1.579, 1.64, 1.868, 1.88, 2.428, 3.783, 3.854, 3.696, 3.952, 4.407, 4.981, 4.354, 3.551, 3.213, 2.906, 3.192, 2.749, 2.564, 1.993, 1.592, 1.461, 1.218, 0.695, 0.0, 0.582, 1.113, 1.899, 2.022, 2.615, 2.742, 2.001, 2.474, 2.363, 1.969, 1.86, 1.728, 1.858, 2.59, 2.448, 2.339, 2.215, 2.196, 2.481], [5.686, 6.188, 6.537, 6.368, 6.357, 6.937, 6.9, 6.605, 6.317, 6.208, 6.14, 6.103, 5.648, 4.9, 5.138, 5.646, 5.95, 5.874, 5.952, 6.15, 6.671, 7.312, 7.432, 6.776, 5.804, 3.355, 1.422, 1.259, 1.16, 1.216, 1.189, 1.243, 1.337, 0.923, 1.247, 1.873, 0.958, 1.05