[[0.0, 0.606, 1.006, 1.632, 2.323, 2.458, 2.831, 3.497, 3.454, 3.553, 3.723, 3.936, 3.961, 3.929, 4.172, 3.7, 2.437, 2.074, 2.595, 3.07, 6.243, 9.243, 10.917, 10.883, 10.904, 10.078, 8.818, 7.901, 8.118, 8.098, 7.782, 7.424, 7.859, 8.131, 7.357, 7.536, 7.314, 7.778, 7.973, 7.812, 7.85, 7.392, 7.86, 8.686, 8.853, 7.041, 5.197, 4.659, 4.215, 4.145, 4.304, 4.282, 4.255, 4.095, 3.713, 3.627, 3.012, 3.473, 4.647, 5.142, 4.99, 3.945, 3.092, 1.915, 1.732, 1.764, 1.74, 1.897, 1.963, 2.117, 2.391, 2.234, 2.12, 2.128, 2.301, 2.882, 2.728, 2.08, 1.867, 1.809, 2.037, 2.329, 3.25, 3.455, 3.118, 3.319], [0.606, 0.0, 0.62, 1.496, 2.246, 2.351, 2.768, 3.317, 3.291, 3.402, 3.567, 3.792, 3.802, 3.77, 4.014, 3.543, 2.28, 1.987, 2.52, 2.939, 6.138, 9.137, 10.812, 10.777, 10.799, 9.972, 8.696, 7.781, 7.999, 7.993, 7.677, 7.318, 7.754, 8.025, 7.196, 7.413, 7.206, 7.667, 7.868, 7.707, 7.742, 7.278, 7.754, 8.571, 8.733, 6.92, 5.072, 4.525, 4.082, 3.997, 4.175, 4.15, 4.097, 3.93, 3.557, 3.463, 2.879, 3.371, 4.547, 5.047, 4.84, 3.784, 2.958, 1.798, 1.846, 1.809, 1.813, 1.937, 1.976, 2.044, 2.438, 2.235, 2.103, 2.015, 2.088, 2.753, 2.727, 2.066, 1.82, 1.858, 2.0, 2.299, 3.192, 3.373, 2.996, 3.278], [1.006, 0.62, 0.0, 1.565, 2.444, 2.536, 2.973, 3.445, 3.372, 3.474, 3.586, 3.8, 3.789, 3.785, 4.032, 3.509, 2.195, 1.816, 2.311, 2.96, 6.2, 9.227, 10.873, 10.839, 10.86, 10.034, 8.754, 7.837, 8.061, 8.054, 7.738, 7.38, 7.816, 8.087, 7.258, 7.475, 7.275, 7.725, 7.929, 7.768, 7.803, 7.329, 7.788, 8.592, 8.787, 6.977, 5.105, 4.542, 4.089, 4.017, 4.195, 4.17, 4.112, 3.941, 3.58, 3.427, 2.761, 3.118, 4.288, 4.896, 4.777, 3.787, 2.833, 2.084, 2.06, 2.071, 2.071, 2.265, 2.289, 2.298, 2.665, 2.52, 2.431, 2.255, 2.296, 2.946, 2.966, 2.353, 2.083, 2.275, 2.355, 2.618, 3.541, 3.658, 3.302, 3.596], [1.632, 1.496, 1.565, 0.0, 1.503, 1.683, 1.901, 2.195, 2.051, 2.147, 2.38, 2.619, 2.498, 2.444, 2.677, 2.33, 1.436, 1.441, 1.859, 1.811, 4.954, 7.982, 9.664, 9.593, 9.615, 8.788, 7.482, 6.517, 6.749, 6.809, 6.493, 6.134, 6.57, 6.841, 6.134, 6.24, 6.02, 6.434, 6.684, 6.523, 6.558, 6.05, 6.532, 7.345, 7.535, 5.695, 3.9, 3.467, 3.0, 3.065, 3.065, 2.905, 2.825, 2.73, 2.41, 2.567, 2.047, 2.356, 3.421, 3.9, 3.61, 2.517, 1.995, 2.288, 2.795, 2.761, 2.794, 2.838, 2.781, 2.6, 2.655, 2.43, 2.138, 2.258, 1.982, 2.039, 2.462, 2.186, 2.291, 2.562, 2.368, 2.606, 3.676, 3.715, 3.31, 3.542], [2.323, 2.246, 2.444, 1.503, 0.0, 0.801, 0.924, 1.758, 1.932, 2.048, 2.422, 2.325, 2.203, 2.206, 2.374, 1.866, 1.401, 1.459, 1.821, 1.746, 4.824, 7.907, 9.53, 9.463, 9.493, 8.71, 7.347, 6.414, 6.665, 6.705, 6.397, 6.093, 6.552, 6.873, 6.186, 6.316, 6.085, 6.389, 6.613, 6.377, 6.503, 5.981, 6.43, 7.288, 7.422, 5.569, 3.762, 3.284, 2.886, 2.98, 2.67, 2.491, 2.48, 2.344, 1.969, 2.046, 1.662, 1.915, 2.938, 3.443, 3.112, 2.196, 1.811, 2.064, 2.535, 2.491, 2.619, 2.528, 2.312, 1.977, 1.835, 1.658, 1.61, 1.87, 1.851, 1.837, 1.902, 1.947, 2.128, 2.337, 2.213, 2.177, 3.254, 3.229, 2.805, 2.987], [2.458, 2.351, 2.536, 1.683, 0.801, 0.0, 0.874, 1.759, 2.032, 2.169, 2.577, 2.499, 2.216, 2.193, 2.383, 1.973, 1.422, 1.386, 1.642, 1.822, 4.8, 7.864, 9.496, 9.399, 9.437, 8.612, 7.25, 6.355, 6.561, 6.634, 6.386, 6.165, 6.649, 6.959, 6.4, 6.448, 6.15, 6.481, 6.594, 6.298, 6.461, 5.961, 6.363, 7.244, 7.344, 5.462, 3.712, 3.09, 2.623, 2.581, 2.495, 2.274, 2.224, 2.12, 1.724, 1.929, 1.687, 1.983, 2.968, 3.405, 3.098, 2.229, 1.943, 1.864, 2.489, 2.455, 2.569, 2.444, 2.232, 2.06, 1.746, 1.651, 1.676, 1.848, 1.823, 1.989, 1.888, 1.829, 2.086, 2.241, 2.179, 2.253, 3.269, 3.279, 2.872, 3.043], [2.831, 2.768, 2.973, 1.901, 0.924, 0.874, 0.0, 1.276, 1.744, 1.822, 2.316, 2.167, 2.001, 2.057, 2.264, 1.831, 1.806, 1.864, 2.044, 1.682, 4.46, 7.424, 9.116, 8.998, 9.103, 8.449, 6.984, 6.098, 6.384, 6.467, 6.182, 6.005, 6.514, 6.785, 6.176, 6.308, 6.075, 6.351, 6.461, 6.109, 6.328, 5.832, 6.273, 7.087, 7.148, 5.268, 3.418, 3.007, 2.51, 2.577, 2.401, 2.277, 2.163, 2.054, 1.727, 2.104, 1.925, 2.082, 2.901, 3.293, 2.866, 2.207, 2.032, 2.3, 2.945, 2.878, 2.943, 2.846, 2.548, 2.24, 1.822, 1.907, 1.93, 2.135, 2.18, 2.096, 2.138, 2.188, 2.385, 2.595, 2.458, 2.477, 3.515, 3.532, 3.112, 3.285], [3.497, 3.317, 3.445, 2.195, 1.758, 1.759, 1.276, 0.0, 0.853, 0.922, 1.378, 1.566, 1.636, 1.472, 1.537, 1.532, 2.261, 2.475, 2.6, 1.385, 3.325, 6.252, 7.978, 7.879, 8.041, 7.385, 5.915, 5.034, 5.334, 5.43, 5.134, 4.9, 5.449, 5.693, 5.119, 5.259, 5.022, 5.233, 5.383, 5.05, 5.308, 4.819, 5.204, 6.074, 6.129, 4.188, 2.491, 2.343, 2.35, 2.536, 1.86, 1.699, 1.928, 2.14, 1.725, 1.832, 2.161, 2.122, 2.389, 2.737, 2.195, 1.493, 1.862, 3.077, 3.991, 3.9, 3.888, 3.785, 3.303, 2.968, 2.504, 2.667, 2.625, 2.755, 2.63, 2.545, 2.574, 2.895, 3.317, 3.473, 3.273, 3.138, 3.623, 3.577, 3.173, 3.409], [3.454, 3.291, 3.372, 2.051, 1.932, 2.032, 1.744, 0.853, 0.0, 0.605, 0.974, 1.395, 1.774, 1.548, 1.489, 1.665, 2.207, 2.421, 2.584, 1.307, 3.215, 6.156, 7.949, 7.799, 8.001, 7.341, 5.895, 5.024, 5.311, 5.36, 4.989, 4.62, 5.183, 5.426, 4.95, 4.931, 4.769, 4.999, 5.235, 4.968, 5.191, 4.702, 5.096, 5.984, 6.077, 4.174, 2.432, 2.381, 2.49, 2.663, 2.02, 1.651, 2.185, 2.433, 1.899, 1.834, 2.052, 2.083, 2.43, 2.66, 2.13, 1.359, 1.55, 3.068, 3.971, 3.886, 3.852, 3.755, 3.266, 2.973, 2.603, 2.718, 2.659, 2.797, 2.616, 2.591, 2.647, 2.984, 3.37, 3.549, 3.242, 3.136, 3.615, 3.586, 3.072, 3.458], [3.553, 3.402, 3.474, 2.147, 2.048, 2.169, 1.822, 0.922, 0.605, 0.0, 0.868, 1.212, 1.709, 1.501, 1.432, 1.694, 2.289, 2.392, 2.661, 1.439, 3.21, 6.131, 7.888, 7.789, 7.942, 7.288, 5.858, 4.977, 5.263, 5.31, 4.947, 4.593, 5.107, 5.297, 4.771, 4.85, 4.674, 4.908, 5.218, 4.925, 5.166, 4.657, 5.039, 5.937, 6.027, 4.126, 2.526, 2.651, 2.771, 2.906, 2.243, 1.853, 2.378, 2.575, 2.059, 1.977, 2.052, 2.117, 2.353, 2.482, 2.003, 1.369, 1.763, 3.246, 4.051, 3.941, 3.979, 3.891, 3.425, 3.144, 2.75, 2.883, 2.877, 3.034, 2.813, 2.797, 2.843, 3.12, 3.572, 3.727, 3.443, 3.341, 3.86, 3.836, 3.314, 3.654], [3.723, 3.567, 3.586, 2.38, 2.422, 2.577, 2.316, 1.378, 0.974, 0.868, 0.0, 1.034, 1.613, 1.324, 1.341, 1.63, 2.417, 2.717, 2.898, 1.567, 2.919, 5.87, 7.607, 7.465, 7.592, 6.935, 5.497, 4.617, 4.903, 4.953, 4.583, 4.205, 4.746, 4.912, 4.383, 4.397, 4.3, 4.573, 4.828, 4.566, 4.767, 4.269, 4.678, 5.564, 5.665, 3.766, 2.593, 2.74, 2.934, 3.127, 2.439, 1.972, 2.5, 2.736, 2.314, 2.048, 2.189, 2.283, 2.24, 2.287, 1.674, 1.287, 1.726, 3.312, 4.249, 4.172, 4.121, 4.022, 3.555, 3.282, 3.026, 3.159, 3.065, 3.206, 2.985, 3.007, 3.056, 3.42, 3.78, 3.913, 3.628, 3.476, 3.942, 3.946, 3.468, 3.847], [3.936, 3.792, 3.8, 2.619, 2.325, 2.499, 2.167, 1.566, 1.395, 1.212, 1.034, 0.0, 1.276, 1.08, 1.336, 1.308, 2.199, 2.564, 2.632, 1.632, 3.223, 5.912, 7.696, 7.551, 7.712, 7.058, 5.602, 4.722, 5.008, 5.065, 4.699, 4.395, 4.904, 5.14, 4.664, 4.659, 4.518, 4.717, 4.948, 4.679, 4.88, 4.366, 4.808, 5.672, 5.771, 3.94, 3.079, 3.163, 3.101, 3.2, 2.68, 2.261, 2.583, 2.459, 2.177, 2.014, 2.055, 2.016, 2.03, 2.107, 1.66, 1.47, 1.938, 3.59, 4.414, 4.313, 4.33, 4.222, 3.871, 3.522, 3.175, 3.359, 3.437, 3.636, 3.414, 3.447, 3.567, 3.717, 4.106, 4.237, 4.009, 3.853, 4.651, 4.579, 4.066, 4.355], [3.961, 3.802, 3.789, 2.498, 2.203, 2.216, 2.001, 1.636, 1.774, 1.709, 1.613, 1.276, 0.0, 0.707, 1.043, 0.92, 1.95, 2.491, 2.298, 1.728, 3.165, 6.017, 7.706, 7.584, 7.607, 6.923, 5.519, 4.603, 4.86, 4.966, 4.718, 4.575, 5.102, 5.472, 5.072, 5.002, 5.103, 4.994, 5.007, 4.685, 4.875, 4.394, 4.82, 5.638, 5.648, 3.836, 2.995, 2.746, 2.548, 2.591, 2.023, 1.931, 1.924, 1.703, 1.603, 1.528, 2.105, 1.847, 1.574, 1.672, 1.42, 1.419, 2.008, 3.764, 4.4, 4.369, 4.484, 4.384, 4.106, 3.691, 3.302, 3.245, 3.484, 3.711, 3.433, 3.42, 3.623, 3.666, 4.001, 4.235, 4.061, 3.888, 4.8, 4.751, 4.284, 4.5], [3.929, 3.77, 3.785, 2.444, 2.206, 2.193, 2.057, 1.472, 1.548, 1.501, 1.324, 1.08, 0.707, 0.0, 0.689, 0.877, 1.974, 2.525, 2.438, 1.602, 2.995, 5.972, 7.628, 7.527, 7.602, 6.919, 5.449, 4.585, 4.854, 4.925, 4.546, 4.359, 4.89, 5.183, 4.858, 4.759, 4.857, 4.756, 4.88, 4.539, 4.741, 4.213, 4.641, 5.513, 5.618, 3.753, 2.9, 2.651, 2.532, 2.579, 1.989, 1.668, 1.851, 1.825, 1.47, 1.422, 2.085, 1.884, 1.643, 1.871, 1.434, 1.155, 1.846, 3.581, 4.368, 4.34, 4.416, 4.272, 3.905, 3.556, 3.186, 3.195, 3.268, 3.495, 3.214, 3.175, 3.312, 3.4, 3.832, 4.037, 3.896, 3.689, 4.5, 4.43, 4.006, 4.198], [4.172, 4.014, 4.032, 2.677, 2.374, 2.383, 2.264, 1.537, 1.489, 1.432, 1.341, 1.336, 1.043, 0.689, 0.0, 0.954, 2.33, 2.832, 2.781, 1.888, 2.775, 5.667, 7.269, 7.224, 7.245, 6.543, 5.114, 4.202, 4.478, 4.549, 4.172, 4.19, 4.667, 5.062, 4.651, 4.629, 4.725, 4.602, 4.59, 4.186, 4.36, 3.872, 4.289, 5.148, 5.242, 3.38, 2.508, 2.435, 2.474, 2.549, 1.857, 1.424, 1.762, 1.896, 1.47, 1.539, 2.428, 2.234, 1.759, 1.703, 1.262, 1.162, 2.05, 3.824, 4.618, 4.594, 4.657, 4.52, 4.16, 3.852, 3.516, 3.398, 3.427, 3.628, 3.345, 3.298, 3.382, 3.564, 3.996, 4.232, 4.067, 3.888, 4.527, 4.476, 3.948, 4.25], [3.7, 3.543, 3.509, 2.33, 1.866, 1.973, 1.831, 1.532, 1.665, 1.694, 1.63, 1.308, 0.92, 0.877, 0.954, 0.0, 1.621, 2.17, 2.103, 1.55, 3.326, 6.387, 7.997, 7.941, 7.984, 7.24, 5.784, 4.909, 5.175, 5.245, 4.978, 4.843, 5.289, 5.685, 5.231, 5.177, 5.24, 5.183, 5.188, 4.878, 5.057, 4.531, 5.004, 5.836, 5.938, 4.052, 2.937, 2.597, 2.459, 2.59, 1.934, 1.551, 1.746, 1.568, 1.265, 1.243, 1.812, 1.553, 1.571, 1.868, 1.487, 1.153, 1.655, 3.348, 4.033, 4.039, 4.147, 4.058, 3.779, 3.367, 3.016, 3.001, 3.186, 3.424, 3.127, 3.097, 3.259, 3.34, 3.71, 3.948, 3.853, 3.62, 4.502, 4.44, 3.946, 4.196], [2.437, 2.28, 2.195, 1.436, 1.401, 1.422, 1.806, 2.261, 2.207, 2.289, 2.417, 2.199, 1.95, 1.974, 2.33, 1.621, 0.0, 0.985, 1.098, 1.64, 4.77, 7.928, 9.557, 9.422, 9.43, 8.545, 7.247, 6.317, 6.506, 6.565, 6.328, 6.036, 6.483, 6.909, 6.316, 6.267, 6.009, 6.357, 6.487, 6.28, 6.327, 5.807, 6.289, 7.11, 7.292, 5.452, 3.821, 3.268, 2.676, 2.748, 2.679, 2.376, 2.112, 1.837, 1.729, 1.639, 1.079, 1.333, 2.343, 2.81, 2.733, 1.928, 1.534, 2.286, 2.762, 2.803, 2.93, 2.925, 2.832, 2.619, 2.545, 2.521, 2.58, 2.668, 2.334, 2.327, 2.653, 2.388, 2.663, 2.946, 2.864, 3.077, 4.139, 4.198, 3.822, 4.019], [2.074, 1.987, 1.816, 1.441, 1.459, 1.386, 1.864, 2.475, 2.421, 2.392, 2.717, 2.564, 2.491, 2.525, 2.832, 2.17, 0.985, 0.0, 0.973, 1.967, 5.291, 8.413, 10.041, 9.95, 9.958, 9.169, 7.808, 6.873, 7.107, 7.163, 6.856, 6.496, 6.919, 7.225, 6.582, 6.657, 6.442, 6.764, 7.052, 6.848, 6.978, 6.451, 6.89, 7.745, 7.884, 6.021, 4.24, 3.601, 3.122, 3.026, 2.997, 2.865, 2.711, 2.431, 2.108, 2.053, 1.324, 1.536, 2.682, 3.303, 3.236, 2.53, 1.797, 2.141, 2.457, 2.573, 2.682, 2.75, 2.728, 2.463, 2.233, 2.292, 2.416, 2.571, 2.29, 2.443, 2.631, 2.271, 2.445, 2.825, 2.728, 2.954, 4.029, 4.073, 3.683, 3.869], [2.595, 2.52, 2.311, 1.859, 1.821, 1.642, 2.044, 2.6, 2.584, 2.661, 2.898, 2.632, 2.298, 2.438, 2.781, 2.103, 1.098, 0.973, 0.0, 1.923, 4.929, 8.116, 9.735, 9.588, 9.597, 8.729, 7.425, 6.505, 6.684, 6.799, 6.62, 6.261, 6.729, 7.116, 6.696, 6.571, 6.387, 6.574, 6.745, 6.501, 6.667, 6.182, 6.567, 7.438, 7.491, 5.657, 3.84, 3.288, 2.794, 2.803, 2.763, 2.709, 2.43, 2.115, 1.944, 1.975, 1.476, 1.472, 2.326, 2.948, 2.956, 2.345, 1.8, 2.552, 2.886, 3.004, 3.091, 3.181, 3.144, 2.899, 2.578, 2.723, 2.822, 2.951, 2.655, 2.765, 3.007, 2.717, 2.856, 3.221, 3.117, 3.334, 4.388, 4.435, 4.054, 4.253], [3.07, 2.939, 2.96, 1.811, 1.746, 1.822, 1.682, 1.385, 1.307, 1.439, 1.567, 1.632, 1.728, 1.602, 1.888, 1.55, 1.64, 1.967, 1.923, 0.0, 3.405, 6.635, 8.254, 8.07, 8.104, 7.32, 5.988, 5.075, 5.358, 5.367, 5.113, 4.718, 5.153, 5.478, 5.022, 4.892, 4.711, 4.933, 5.241, 4.989, 5.226, 4.718, 5.078, 5.985, 6.071, 4.202, 2.613, 2.413, 2.147, 2.405, 2.039, 1.87, 1.836, 2.031, 1.616, 1.619, 1.525, 1.697, 2.262, 2.809, 2.126, 1.413, 1.231, 2.659, 3.582, 3.504, 3.447, 3.342, 3.059, 2.671, 2.171, 2.506, 2.423, 2.485, 2.272, 2.294, 2.395, 2.623, 2.967, 3.172, 2.796, 2.711, 3.46, 3.372, 3.03, 3.302], [6.243, 6.138, 6.2, 4.954, 4.824, 4.8, 4.46, 3.325, 3.215, 3.21, 2.919, 3.223, 3.165, 2.995, 2.775, 3.326, 4.77, 5.291, 4.929, 3.405, 0.0, 3.245, 4.942, 4.668, 4.954, 4.268, 2.988, 2.375, 2.696, 2.775, 2.498, 2.462, 2.935, 3.252, 3.244, 3.008, 3.337, 3.371, 3.029, 2.274, 2.703, 2.481, 2.662, 3.543, 3.494, 1.78, 1.79, 2.398, 3.046, 3.393, 2.855, 2.871, 3.246, 3.632, 3.632, 3.728, 4.684, 4.546, 3.739, 3.361, 2.787, 3.249, 4.105, 5.91, 6.892, 6.802, 6.735, 6.591, 6.189, 5.859, 5.233, 5.57, 5.282, 5.271, 4.862, 4.186, 4.518, 5.204, 5.863, 6.208, 5.679, 5.454, 5.226, 5.06, 5.012, 5.384], [9.243, 9.137, 9.227, 7.982, 7.907, 7.864, 7.424, 6.252, 6.156, 6.131, 5.87, 5.912, 6.017, 5.972, 5.667, 6.387, 7.928, 8.413, 8.116, 6.635, 3.245, 0.0, 2.08, 2.112, 2.664, 2.048, 2.135, 2.726, 2.651, 2.743, 2.194, 2.398, 2.579, 2.621, 2.754, 2.846, 3.514, 3.118, 2.453, 1.959, 2.373, 2.438, 2.043, 2.155, 1.936, 2.671, 4.287, 4.898, 5.598, 5.772, 5.598, 5.775, 6.056, 6.43, 6.596, 6.676, 7.82, 7.702, 6.716, 5.975, 5.489, 6.385, 7.256, 9.105, 10.087, 9.997, 9.931, 9.786, 9.322, 8.997, 8.377, 8.676, 8.469, 8.47, 8.072, 7.357, 7.718, 8.404, 9.066, 9.372, 8.9, 8.684, 8.456, 8.289, 8.241, 8.553], [10.917, 10.812, 10.873, 9.664, 9.53, 9.496, 9.116, 7.978, 7.949, 7.888, 7.607, 7.696, 7.706, 7.628, 7.269, 7.997, 9.557, 10.041, 9.735, 8.254, 4.942, 2.08, 0.0, 0.911, 1.265, 1.547, 3.129, 3.739, 3.383, 3.375, 3.24, 3.635, 3.262, 2.96, 3.677, 3.616, 3.925, 3.447, 3.134, 3.358, 3.431, 3.911, 3.444, 2.756, 2.719, 4.245, 5.902, 6.533, 7.227, 7.346, 7.183, 7.35, 7.655, 7.975, 8.203, 8.305, 9.464, 9.362, 8.312, 7.434, 7.042, 8.021, 8.897, 10.733, 11.714, 11.624, 11.558, 11.427, 10.971, 10.661, 10.062, 10.331, 10.109, 10.097, 9.691, 8.987, 9.344, 10.031, 10.717, 11.001, 10.519, 10.303, 10.072, 9.908, 9.86, 10.172], [10.883, 10.777, 10.839, 9.593, 9.463, 9.399, 8.998, 7.879, 7.799, 7.789, 7.465, 7.551, 7.584, 7.527, 7.224, 7.941, 9.422, 9.95, 9.588, 8.07, 4.668, 2.112, 0.911, 0.0, 1.038, 1.244, 2.755, 3.341, 3.142, 3.034, 3.101, 3.476, 3.064, 2.906, 3.62, 3.432, 3.718, 3.309, 3.006, 3.191, 3.193, 3.758, 3.277, 2.637, 2.376, 4.061, 5.781, 6.408, 7.084, 7.24, 7.04, 7.231, 7.47, 7.808, 8.02, 8.147, 9.294, 9.167, 8.138, 7.272, 6.871, 7.851, 8.727, 10.571, 11.553, 11.462, 11.396, 11.251, 10.842, 10.507, 9.856, 10.223, 9.936, 9.934, 9.526, 8.833, 9.179, 9.868, 10.527, 10.867, 10.335, 10.119, 9.891, 9.724, 9.676, 10.043], [10.904, 10.799, 10.86, 9.615, 9.493, 9.437, 9.103, 8.041, 8.001, 7.942, 7.592, 7.712, 7.607, 7.602, 7.245, 7.984, 9.43, 9.958, 9.597, 8.104, 4.954, 2.664, 1.265, 1.038, 0.0, 1.301, 2.9, 3.507, 3.137, 3.079, 3.122, 3.485, 3.07, 2.887, 3.629, 3.442, 3.754, 3.386, 3.013, 3.201, 3.22, 3.746, 3.27, 2.588, 2.393, 4.187, 5.912, 6.568, 7.321, 7.601, 7.166, 7.294, 7.534, 7.931, 8.105, 8.185, 9.328, 9.187, 8.174, 7.291, 6.904, 7.886, 8.766, 10.58, 11.562, 11.471, 11.405, 11.26, 10.856, 10.546, 9.992, 10.252, 9.956, 9.941, 9.533, 8.844, 9.186, 9.875, 10.536, 10.876, 10.343, 10.126, 9.898, 9.731, 9.683, 10.051], [10.078, 9.972, 10.034, 8.788, 8.71, 8.612, 8.449, 7.385, 7.341, 7.288, 6.935, 7.058, 6.923, 6.919, 6.543, 7.24, 8.545, 9.169, 8.729, 7.32, 4.268, 2.048, 1.547, 1.244, 1.301, 0.0, 1.934, 2.593, 2.254, 2.22, 2.438, 2.812, 2.342, 2.464, 2.882, 2.777, 3.254, 2.942, 2.358, 2.437, 2.283, 2.821, 2.352, 1.804, 1.462, 3.31, 5.122, 5.804, 6.576, 6.87, 6.436, 6.529, 6.747, 7.185, 7.363, 7.313, 8.42, 8.314, 7.319, 6.407, 6.069, 6.971, 7.85, 9.649, 10.642, 10.552, 10.486, 10.348, 9.994, 9.738, 9.274, 9.391, 9.072, 9.006, 8.603, 7.944, 8.242, 8.926, 9.648, 9.969, 9.504, 9.282, 8.949, 8.782, 8.734, 9.146], [8.818, 8.696, 8.754, 7.482, 7.347, 7.25, 6.984, 5.915, 5.895, 5.858, 5.497, 5.602, 5.519, 5.449, 5.114, 5.784, 7.247, 7.808, 7.425, 5.988, 2.988, 2.135, 3.129, 2.755, 2.9, 1.934, 0.0, 1.562, 1.609, 1.927, 2.282, 2.651, 2.739, 2.991, 3.11, 3.146, 3.788, 3.468, 2.728, 1.77, 1.776, 1.941, 1.671, 1.926, 1.296, 1.938, 3.743, 4.346, 5.04, 5.376, 4.994, 5.102, 5.332, 5.698, 5.898, 6.009, 7.112, 6.994, 5.99, 5.114, 4.677, 5.655, 6.543, 8.361, 9.359, 9.267, 9.199, 9.054, 8.702, 8.437, 7.794, 8.071, 7.78, 7.717, 7.304, 6.668, 6.952, 7.636, 8.342, 8.693, 8.218, 7.985, 7.667, 7.546, 7.528, 7.939], [7.901, 7.781, 7.837, 6.517, 6.414, 6.355, 6.098, 5.034, 5.024, 4.977, 4.617, 4.722, 4.603, 4.585, 4.202, 4.909, 6.317, 6.873, 6.505, 5.075, 2.375, 2.726, 3.739, 3.341, 3.507, 2.593, 1.562, 0.0, 0.881, 1.244, 1.72, 2.276, 2.535, 2.951, 2.845, 2.674, 3.262, 3.099, 2.602, 1.972, 1.759, 1.929, 2.001, 2.142, 1.648, 1.786, 2.792, 3.471, 4.192, 4.472, 4.062, 4.222, 4.392, 4.84, 5.028, 5.06, 6.188, 6.043, 5.083, 4.203, 3.775, 4.723, 5.616, 7.448, 8.451, 8.355, 8.284, 8.14, 7.782, 7.505, 6.915, 7.136, 6.84, 6.8, 6.4, 5.714, 6.031, 6.721, 7.379, 7.781, 7.29, 7.065, 6.83, 6.701, 6.662, 7.051], [8.118, 7.999, 8.061, 6.749, 6.665, 6.561, 6.384, 5.334, 5.311, 5.263, 4.903, 5.008, 4.86, 4.854, 4.478, 5.175, 6.506, 7.107, 6.684, 5.358, 2.696, 2.651, 3.383, 3.142, 3.137, 2.254, 1.609, 0.881, 0.0, 0.907, 1.404, 2.037, 2.091, 2.666, 2.487, 2.411, 2.929, 2.813, 2.177, 1.781, 1.662, 1.772, 1.652, 1.546, 1.332, 1.871, 3.166, 3.818, 4.519, 4.846, 4.386, 4.476, 4.694, 5.134, 5.299, 5.232, 6.352, 6.275, 5.259, 4.378, 4.02, 4.889, 5.784, 7.603, 8.6, 8.504, 8.446, 8.305, 7.95, 7.75, 7.253, 7.355, 7.002, 6.954, 6.539, 5.898, 6.178, 6.861, 7.61, 7.921, 7.502, 7.286, 6.978, 6.842, 6.791, 7.202], [8.098, 7.993, 8.054, 6.809, 6.705, 6.634, 6.467, 5.43, 5.36, 5.31, 4.953, 5.065, 4.966, 4.925, 4.549, 5.245, 6.565, 7.163, 6.799, 5.367, 2.775, 2.743, 3.375, 3.034, 3.079, 2.22, 1.927, 1.244, 0.907, 0.0, 1.13, 1.808, 1.892, 2.411, 2.277, 2.216, 2.783, 2.694, 1.957, 1.904, 1.722, 1.991, 1.704, 1.672, 1.358, 2.259, 3.463, 4.196, 4.924, 5.202, 4.574, 4.543, 4.887, 5.306, 5.408, 5.296, 6.449, 6.393, 5.308, 4.483, 4.158, 4.993, 5.888, 7.678, 8.661, 8.571, 8.529, 8.384, 7.969, 7.755, 7.35, 7.427, 7.062, 7.042, 6.621, 5.957, 6.272, 6.956, 7.714, 7.963, 7.544, 7.322, 7.036, 6.836, 6.769, 7.131], [7.782, 7.677, 7.738, 6.493, 6.397, 6.386, 6.182, 5.134, 4.989, 4.947, 4.583, 4.699, 4.718, 4.546, 4.172, 4.978, 6.328, 6.856, 6.62, 5.113, 2.498, 2.194, 3.24, 3.101, 3.122, 2.438, 2.282, 1.72, 1.404, 1.13, 0.0, 0.921, 1.194, 1.657, 1.653, 1.603, 2.39, 2.162, 1.463, 1.409, 1.64, 1.655, 1.34, 1.787, 1.651, 1.985, 3.186, 3.94, 4.827, 5.126, 4.431, 4.295, 4.777, 5.169, 5.218, 5.147, 6.301, 6.172, 5.2, 4.505, 4.051, 4.861, 5.72, 7.509, 8.49, 8.4, 8.333, 8.203, 7.773, 7.468, 7.058, 7.175, 6.885, 6.876, 6.499, 5.775, 6.117, 6.806, 7.477, 7.774, 7.279, 7.063, 6.873, 6.682, 6.62, 6.949], [7.424, 7.318, 7.38, 6.134, 6.093, 6.165, 6.005, 4.9, 4.62, 4.593, 4.205, 4.395, 4.575, 4.359, 4.19, 4.843, 6.036, 6.496, 6.261, 4.718, 2.462, 2.398, 3.635, 3.476, 3.485, 2.812, 2.651, 2.276, 2.037, 1.808, 0.921, 0.0, 0.864, 1.224, 1.211, 1.135, 1.907, 1.628, 1.255, 1.585, 2.029, 1.861, 1.473, 2.243, 2.068, 2.192, 3.336, 3.991, 4.946, 5.335, 4.591, 4.386, 4.95, 5.323, 5.256, 5.068, 5.96, 5.894, 5.092, 4.705, 4.167, 4.564, 5.381, 7.119, 8.101, 8.01, 7.944, 7.808, 7.387, 7.07, 6.606, 6.781, 6.499, 6.48, 6.122, 5.391, 5.729, 6.413, 7.082, 7.391, 6.89, 6.678, 6.539, 6.324, 6.238, 6.567], [7.859, 7.754, 7.816, 6.57, 6.552, 6.649, 6.514, 5.449, 5.183, 5.107, 4.746, 4.904, 5.102, 4.89, 4.667, 5.289, 6.483, 6.919, 6.729, 5.153, 2.935, 2.579, 3.262, 3.064, 3.07, 2.342, 2.739, 2.535, 2.091, 1.892, 1.194, 0.864, 0.0, 1.03, 1.053, 0.977, 1.639, 1.42, 0.878, 1.644, 1.957, 2.094, 1.618, 1.897, 1.904, 2.441, 3.79, 4.536, 5.506, 5.864, 5.106, 4.889, 5.457, 5.83, 5.731, 5.448, 6.358, 6.301, 5.519, 5.068, 4.545, 4.94, 5.764, 7.536, 8.496, 8.411, 8.36, 8.211, 7.821, 7.519, 7.137, 7.247, 6.91, 6.873, 6.502, 5.791, 6.119, 6.805, 7.47, 7.816, 7.289, 7.07, 6.903, 6.705, 6.621, 6.991], [8.131, 8.025, 8.087, 6.841, 6.873, 6.959, 6.785, 5.693, 5.426, 5.297, 4.912, 5.14, 5.472, 5.183, 5.062, 5.685, 6.909, 7.225, 7.116, 5.478, 3.252, 2.621, 2.96, 2.906, 2.887, 2.464, 2.991, 2.951, 2.666, 2.411, 1.657, 1.224, 1.03, 0.0, 1.036, 1.067, 1.62, 1.264, 1.206, 1.943, 2.344, 2.569, 1.998, 2.316, 2.296, 2.709, 4.214, 4.866, 5.767, 6.113, 5.36, 5.251, 5.835, 6.186, 6.146, 5.993, 6.769, 6.773, 6.03, 5.555, 5.036, 5.492, 6.216, 7.903, 8.827, 8.741, 8.67, 8.531, 8.074, 7.771, 7.232, 7.473, 7.229, 7.204, 6.796, 6.158, 6.47, 7.147, 7.812, 8.096, 7.635, 7.406, 7.244, 7.061, 6.989, 7.296], [7.357, 7.196, 7.258, 6.134, 6.186, 6.4, 6.176, 5.119, 4.95, 4.771, 4.383, 4.664, 5.072, 4.858, 4.651, 5.231, 6.316, 6.582, 6.696, 5.022, 3.244, 2.754, 3.677, 3.62, 3.629, 2.882, 3.11, 2.845, 2.487, 2.277, 1.653, 1.211, 1.053, 1.036, 0.0, 0.785, 1.297, 1.269, 1.127, 1.974, 2.214, 2.356, 1.957, 2.177, 2.325, 2.689, 3.985, 4.647, 5.599, 5.969, 5.202, 4.949, 5.574, 5.918, 5.855, 5.588, 6.174, 6.249, 5.68, 5.263, 4.73, 5.039, 5.659, 7.21, 8.115, 8.034, 7.942, 7.803, 7.38, 7.099, 6.719, 6.776, 6.519, 6.495, 6.135, 5.44, 5.77, 6.438, 7.099, 7.383, 6.929, 6.704, 6.552, 6.326, 6.262, 6.6], [7.536, 7.413, 7.475, 6.24, 6.316, 6.448, 6.308, 5.259, 4.931, 4.85, 4.397, 4.659, 5.002, 4.759, 4.629, 5.177, 6.267, 6.657, 6.571, 4.892, 3.008, 2.846, 3.616, 3.432, 3.442, 2.777, 3.146, 2.674, 2.411, 2.216, 1.603, 1.135, 0.977, 1.067, 0.785, 0.0, 1.05, 0.965, 1.125, 1.879, 2.14, 2.136, 1.943, 2.208, 2.325, 2.515, 3.747, 4.496, 5.492, 5.873, 5.116, 4.849, 5.457, 5.792, 5.671, 5.481, 6.12, 6.087, 5.508, 5.202, 4.572, 4.839, 5.48, 7.203, 8.146, 8.058, 7.984, 7.846, 7.448, 7.166, 6.739, 6.876, 6.541, 6.507, 6.115, 5.431, 5.753, 6.447, 7.115, 7.449, 6.946, 6.723, 6.51, 6.322, 6.247, 6.625], [7.314, 7.206, 7.275, 6.02, 6.085, 6.15, 6.075, 5.022, 4.769, 4.674, 4.3, 4.518, 5.103, 4.857, 4.725, 5.24, 6.009, 6.442, 6.387, 4.711, 3.337, 3.514, 3.925, 3.718, 3.754, 3.254, 3.788, 3.262, 2.929, 2.783, 2.39, 1.907, 1.639, 1.62, 1.297, 1.05, 0.0, 0.986, 1.502, 2.433, 2.521, 2.596, 2.558, 2.644, 2.878, 3.013, 3.93, 4.65, 5.503, 5.977, 5.229, 4.849, 5.479, 5.898, 5.687, 5.501, 5.802, 5.935, 5.554, 5.282, 4.766, 4.732, 5.318, 6.945, 7.9, 7.807, 7.743, 7.608, 7.216, 6.974, 6.602, 6.649, 6.294, 6.32, 5.963, 5.249, 5.526, 6.185, 6.921, 7.187, 6.771, 6.573, 6.44, 6.182, 6.097, 6.456], [7.778, 7.667, 7.725, 6.434, 6.389, 6.481, 6.351, 5.233, 4.999, 4.908, 4.573, 4.717, 4.994, 4.756, 4.602, 5.183, 6.357, 6.764, 6.574, 4.933, 3.371, 3.118, 3.447, 3.309, 3.386, 2.942, 3.468, 3.099, 2.813, 2.694, 2.162, 1.628, 1.42, 1.264, 1.269, 0.965, 0.986, 0.0, 1.058, 2.171, 2.611, 2.506, 2.301, 2.456, 2.628, 2.854, 4.077, 4.664, 5.394, 5.714, 4.98, 4.818, 5.329, 5.696, 5.639, 5.475, 6.193, 6.135, 5.474, 5.184, 4.555, 4.85, 5.613, 7.405, 8.35, 8.262, 8.213, 8.062, 7.673, 7.371, 6.785, 7.044, 6.77, 6.801, 6.43, 5.761, 5.992, 6.626, 7.303, 7.661, 7.2, 7.065, 6.997, 6.75, 6.609, 7.043], [7.973, 7.868, 7.929, 6.684, 6.613, 6.594, 6.461, 5.383, 5.235, 5.218, 4.828, 4.948, 5.007, 4.88, 4.59, 5.188, 6.487, 7.052, 6.745, 5.241, 3.029, 2.453, 3.134, 3.006, 3.013, 2.358, 2.728, 2.602, 2.177, 1.957, 1.463, 1.255, 0.878, 1.206, 1.127, 1.125, 1.502, 1.058, 0.0, 1.583, 1.929, 2.125, 1.671, 1.78, 1.86, 2.423, 3.866, 4.542, 5.356, 5.713, 4.962, 4.748, 5.276, 5.655, 5.576, 5.358, 6.431, 6.298, 5.451, 4.903, 4.406, 4.959, 5.824, 7.627, 8.625, 8.535, 8.468, 8.324, 7.921, 7.628, 7.23, 7.307, 7.02, 6.99, 6.62, 6.026, 6.297, 6.94, 7.587, 7.913, 7.417, 7.189, 7.111, 6.921, 6.837, 7.196], [7.812, 7.707, 7.768, 6.523, 6.377, 6.298, 6.109, 5.05, 4.968, 4.925, 4.566, 4.679, 4.685, 4.539, 4.186, 4.878, 6.28, 6.848, 6.501, 4.989, 2.274, 1.959, 3.358, 3.191, 3.201, 2.437, 1.77, 1.972, 1.781, 1.904, 1.409, 1.585, 1.644, 1.943, 1.974, 1.879, 2.433, 2.171, 1.583, 0.0, 1.094, 1.261, 1.04, 1.447, 1.528, 1.375, 3.084, 3.823, 4.731, 5.06, 4.29, 4.197, 4.657, 5.008, 5.059, 5.061, 6.165, 6.069, 5.045, 4.381, 3.893, 4.72, 5.6, 7.412, 8.394, 8.304, 8.24, 8.106, 7.713, 7.457, 6.921, 7.127, 6.802, 6.773, 6.364, 5.687, 6.008, 6.694, 7.404, 7.712, 7.239, 7.016, 6.722, 6.55, 6.519, 6.888], [7.85, 7.742, 7.803, 6.558, 6.503, 6.461, 6.328, 5.308, 5.191, 5.166, 4.767, 4.88, 4.875, 4.741, 4.36, 5.057, 6.327, 6.978, 6.667, 5.226, 2.703, 2.373, 3.431, 3.193, 3.22, 2.283, 1.776, 1.759, 1.662, 1.722, 1.64, 2.029, 1.957, 2.344, 2.214, 2.14, 2.521, 2.611, 1.929, 1.094, 0.0, 1.056, 1.079, 1.211, 1.284, 1.476, 3.244, 4.068, 4.934, 5.257, 4.531, 4.414, 4.846, 5.222, 5.283, 5.111, 6.216, 6.17, 5.164, 4.453, 4.049, 4.775, 5.657, 7.421, 8.411, 8.32, 8.271, 8.124, 7.73, 7.535, 7.207, 7.229, 6.807, 6.789, 6.374, 5.723, 6.013, 6.697, 7.452, 7.712, 7.283, 7.054, 6.771, 6.568, 6.529, 6.912], [7.392, 7.278, 7.329, 6.05, 5.981, 5.961, 5.832, 4.819, 4.702, 4.657, 4.269, 4.366, 4.394, 4.213, 3.872, 4.531, 5.807, 6.451, 6.182, 4.718, 2.481, 2.438, 3.911, 3.758, 3.746, 2.821, 1.941, 1.929, 1.772, 1.991, 1.655, 1.861, 2.094, 2.569, 2.356, 2.136, 2.596, 2.506, 2.125, 1.261, 1.056, 0.0, 0.888, 1.473, 1.632, 1.259, 2.82, 3.563, 4.462, 4.78, 4.114, 3.906, 4.342, 4.771, 4.778, 4.642, 5.682, 5.626, 4.687, 4.071, 3.583, 4.215, 5.096, 6.904, 7.877, 7.791, 7.748, 7.615, 7.23, 7.022, 6.69, 6.729, 6.303, 6.276, 5.852, 5.216, 5.464, 6.148, 6.917, 7.205, 6.794, 6.622, 6.415, 6.166, 6.038, 6.462], [7.86, 7.754, 7.788, 6.532, 6.43, 6.363, 6.273, 5.204, 5.096, 5.039, 4.678, 4.808, 4.82, 4.641, 4.289, 5.004, 6.289, 6.89, 6.567, 5.078, 2.662, 2.043, 3.444, 3.277, 3.27, 2.352, 1.671, 2.001, 1.652, 1.704, 1.34, 1.473, 1.618, 1.998, 1.957, 1.943, 2.558, 2.301, 1.671, 1.04, 1.079, 0.888, 0.0, 1.156, 1.255, 1.447, 3.195, 4.033, 4.937, 5.322, 4.521, 4.353, 4.875, 5.261, 5.244, 5.046, 6.123, 6.076, 5.076, 4.46, 4.042, 4.648, 5.535, 7.359, 8.331, 8.254, 8.204, 8.074, 7.707, 7.477, 7.04, 7.144, 6.781, 6.7, 6.285, 5.68, 5.924, 6.608, 7.391, 7.686, 7.273, 7.079, 6.758, 6.549, 6.463, 6.903], [8.686, 8.571, 8.592, 7.345, 7.288, 7.244, 7.087, 6.074, 5.984, 5.937, 5.564, 5.672, 5.638, 5.513, 5.148, 5.836, 7.11, 7.745, 7.438, 5.985, 3.543, 2.155, 2.756, 2.637, 2.588, 1.804, 1.926, 2.142, 1.546, 1.672, 1.787, 2.243, 1.897, 2.316, 2.177, 2.208, 2.644, 2.456, 1.78, 1.447, 1.211, 1.473, 1.156, 0.0, 1.007, 2.239, 4.031, 4.817, 5.673, 5.993, 5.283, 5.152, 5.622, 6.008, 6.033, 5.873, 6.881, 6.913, 5.909, 5.118, 4.79, 5.395, 6.319, 8.064, 9.047, 8.972, 8.952, 8.866, 8.508, 8.32, 7.957, 8.01, 7.593, 7.473, 7.021, 6.508, 6.69, 7.375, 8.203, 8.498, 8.101, 7.903, 7.559, 7.26, 7.221, 7.725], [8.853, 8.733, 8.787, 7.535, 7.422, 7.344, 7.148, 6.129, 6.077, 6.027, 5.665, 5.771, 5.648, 5.618, 5.242, 5.938, 7.292, 7.884, 7.491, 6.071, 3.494, 1.936, 2.719, 2.376, 2.393, 1.462, 1.296, 1.648, 1.332, 1.358, 1.651, 2.068, 1.904, 2.296, 2.325, 2.325, 2.878, 2.628, 1.86, 1.528, 1.284, 1.632, 1.255, 1.007, 0.0, 2.122, 3.94, 4.665, 5.487, 5.761, 5.218, 5.234, 5.527, 5.957, 6.075, 6.035, 7.105, 7.063, 6.017, 5.151, 4.773, 5.647, 6.541, 8.352, 9.331, 9.251, 9.187, 9.067, 8.716, 8.492, 8.026, 8.155, 7.798, 7.71, 7.293, 6.687, 6.932, 7.622, 8.394, 8.699, 8.251, 8.045, 7.727, 7.562, 7.486, 7.922], [7.041, 6.92, 6.977, 5.695, 5.569, 5.462, 5.268, 4.188, 4.174, 4.126, 3.766, 3.94, 3.836, 3.753, 3.38, 4.052, 5.452, 6.021, 5.657, 4.202, 1.78, 2.671, 4.245, 4.061, 4.187, 3.31, 1.938, 1.786, 1.871, 2.259, 1.985, 2.192, 2.441, 2.709, 2.689, 2.515, 3.013, 2.854, 2.423, 1.375, 1.476, 1.259, 1.447, 2.239, 2.122, 0.0, 2.051, 2.838, 3.663, 4.024, 3.407, 3.389, 3.719, 4.123, 4.185, 4.205, 5.282, 5.211, 4.257, 3.758, 3.044, 3.828, 4.727, 6.551, 7.537, 7.441, 7.378, 7.234, 6.899, 6.677, 6.042, 6.289, 5.964, 5.899, 5.483, 4.844, 5.123, 5.807, 6.554, 6.868, 6.43, 6.202, 5.881, 5.755, 5.713, 6.121], [5.197, 5.072, 5.105, 3.9, 3.762, 3.712, 3.418, 2.491, 2.432, 2.526, 2.593, 3.079, 2.995, 2.9, 2.508, 2.937, 3.821, 4.24, 3.84, 2.613, 1.79, 4.287, 5.902, 5.781, 5.912, 5.122, 3.743, 2.792, 3.166, 3.463, 3.186, 3.336, 3.79, 4.214, 3.985, 3.747, 3.93, 4.077, 3.866, 3.084, 3.244, 2.82, 3.195, 4.031, 3.94, 2.051, 0.0, 1.136, 2.114, 2.642, 2.011, 2.05, 2.459, 3.04, 2.784, 2.988, 3.863, 3.666, 3.61, 3.309, 2.627, 2.678, 3.18, 4.885, 5.858, 5.775, 5.716, 5.589, 5.132, 4.83, 4.308, 4.485, 4.253, 4.242, 3.845, 3.135, 3.454, 4.142, 4.814, 5.104, 4.661, 4.472, 4.322, 4.198, 4.104, 4.431], [4.659, 4.525, 4.542, 3.467, 3.284, 3.09, 3.007, 2.343, 2.381, 2.651, 2.74, 3.163, 2.746, 2.651, 2.435, 2.597, 3.268, 3.601, 3.288, 2.413, 2.398, 4.898, 6.533, 6.408, 6.568, 5.804, 4.346, 3.471, 3.818, 4.196, 3.94, 3.991, 4.536, 4.866, 4.647, 4.496, 4.65, 4.664, 4.542, 3.823, 4.068, 3.563, 4.033, 4.817, 4.665, 2.838, 1.136, 0.0, 1.217, 1.678, 1.246, 1.464, 1.803, 2.367, 2.073, 2.343, 3.232, 3.153, 3.367, 3.4, 2.777, 2.598, 2.757, 4.325, 5.283, 5.223, 5.181, 5.045, 4.577, 4.267, 3.68, 3.896, 3.708, 3.691, 3.318, 2.71, 2.881, 3.557, 4.228, 4.517, 4.169, 3.996, 3.932, 3.797, 3.699, 3.986], [4.215, 4.082, 4.089, 3.0, 2.886, 2.623, 2.51, 2.35, 2.49, 2.771, 2.934, 3.101, 2.548, 2.532, 2.474, 2.459, 2.676, 3.122, 2.794, 2.147, 3.046, 5.598, 7.227, 7.084, 7.321, 6.576, 5.04, 4.192, 4.519, 4.924, 4.827, 4.946, 5.506, 5.767, 5.599, 5.492, 5.503, 5.394, 5.356, 4.731, 4.934, 4.462, 4.937, 5.673, 5.487, 3.663, 2.114, 1.217, 0.0, 0.749, 1.16, 1.559, 1.348, 1.635, 1.644, 2.166, 2.757, 2.977, 3.273, 3.425, 2.841, 2.683, 2.514, 3.777, 4.739, 4.682, 4.616, 4.485, 4.048, 3.781, 3.122, 3.52, 3.283, 3.161, 2.822, 2.489, 2.708, 3.038, 3.676, 4.016, 3.681, 3.637, 4.122, 4.083, 3.948, 4.119], [4.145, 3.997, 4.017, 3.065, 2.98, 2.581, 2.577, 2.536, 2.663, 2.906, 3.127, 3.2, 2.591, 2.579, 2.549, 2.59, 2.748, 3.026, 2.803, 2.405, 3.393, 5.772, 7.346, 7.24, 7.601, 6.87, 5.376, 4.472, 4.846, 5.202, 5.126, 5.335, 5.864, 6.113, 5.969, 5.873, 5.977, 5.714, 5.713, 5.06, 5.257, 4.78, 5.322, 5.993, 5.761, 4.024, 2.642, 1.678, 0.749, 0.0, 1.23, 1.753, 1.394, 1.552, 1.674, 2.109, 2.852, 3.107, 3.351, 3.463, 2.866, 2.837, 2.689, 3.643, 4.589, 4.495, 4.475, 4.333, 4.007, 3.767, 3.116, 3.519, 3.277, 3.226, 2.882, 2.759, 2.887, 2.957, 3.56, 3.934, 3.644, 3.767, 4.354, 4.344, 4.171, 4.311], [4.304, 4.175, 4.195, 3.065, 2.67, 2.495, 2.401, 1.86, 2.02, 2.243, 2.439, 2.68, 2.023, 1.989, 1.857, 1.934, 2.679, 2.997, 2.763, 2.039, 2.855, 5.598, 7.183, 7.04, 7.166, 6.436, 4.994, 4.062, 4.386, 4.574, 4.431, 4.591, 5.106, 5.36, 5.202, 5.116, 5.229, 4.98, 4.962, 4.29, 4.531, 4.114, 4.521, 5.283, 5.218, 3.407, 2.011, 1.246, 1.16, 1.23, 0.0, 0.842, 1.048, 1.479, 1.322, 1.515, 2.492, 2.535, 2.523, 2.566, 2.063, 2.044, 2.117, 3.763, 4.663, 4.612, 4.629, 4.465, 4.0, 3.676, 3.067, 3.255, 3.154, 3.27, 2.877, 2.586, 2.558, 2.987, 3.65, 4.054, 3.815, 3.676, 3.882, 3.839, 3.616, 3.835], [4.282, 4.15, 4.17, 2.905, 2.491, 2.274, 2.277, 1.699, 1.651, 1.853, 1.972, 2.261, 1.931, 1.668, 1.424, 1.551, 2.376, 2.865, 2.709, 1.87, 2.871, 5.775, 7.35, 7.231, 7.294, 6.529, 5.102, 4.222, 4.476, 4.543, 4.295, 4.386, 4.889, 5.251, 4.949, 4.849, 4.849, 4.818, 4.748, 4.197, 4.414, 3.906, 4.353, 5.152, 5.234, 3.389, 2.05, 1.464, 1.559, 1.753, 0.842, 0.0, 1.03, 1.525, 1.183, 1.279, 2.246, 2.213, 2.13, 2.287, 1.773, 1.528, 1.88, 3.636, 4.534, 4.5, 4.523, 4.362, 3.901, 3.621, 3.088, 3.145, 3.043, 3.183, 2.876, 2.517, 2.515, 2.919, 3.554, 3.968, 3.823, 3.675, 3.763, 3.693, 3.45, 3.752], [4.255, 4.097, 4.112, 2.825, 2.48, 2.224, 2.163, 1.928, 2.185, 2.378, 2.5, 2.583, 1.924, 1.851, 1.762, 1.746, 2.112, 2.711, 2.43, 1.836, 3.246, 6.056, 7.655, 7.47, 7.534, 6.747, 5.332, 4.392, 4.694, 4.887, 4.777, 4.95, 5.457, 5.835, 5.574, 5.457, 5.479, 5.329, 5.276, 4.657, 4.846, 4.342, 4.875, 5.622, 5.527, 3.719, 2.459, 1.803, 1.348, 1.394, 1.048, 1.03, 0.0, 0.864, 1.064, 1.434, 2.119, 2.315, 2.281, 2.397, 1.886, 1.814, 2.031, 3.493, 4.419, 4.358, 4.401, 4.27, 3.826, 3.517, 2.883, 3.222, 3.185, 3.186, 2.822, 2.601, 2.652, 2.937, 3.474, 3.946, 3.766, 3.773, 4.143, 4.17, 3.985, 4.177], [4.095, 3.93, 3.941, 2.73, 2.344, 2.12, 2.054, 2.14, 2.433, 2.575, 2.736, 2.459, 1.703, 1.825, 1.896, 1.568, 1.837, 2.431, 2.115, 2.031, 3.632, 6.43, 7.975, 7.808, 7.931, 7.185, 5.698, 4.84, 5.134, 5.306, 5.169, 5.323, 5.83, 6.186, 5.918, 5.792, 5.898, 5.696, 5.655, 5.008, 5.222, 4.771, 5.261, 6.008, 5.957, 4.123, 3.04, 2.367, 1.635, 1.552, 1.479, 1.525, 0.864, 0.0, 0.855, 1.439, 1.938, 2.085, 2.27, 2.435, 2.038, 2.045, 2.157, 3.411, 4.199, 4.164, 4.245, 4.129, 3.89, 3.563, 2.931, 3.115, 3.229, 3.233, 2.865, 2.825, 2.993, 2.98, 3.436, 3.902, 3.82, 3.722, 4.519, 4.558, 4.294, 4.419], [3.713, 3.557, 3.58, 2.41, 1.969, 1.724, 1.727, 1.725, 1.899, 2.059, 2.314, 2.177, 1.603, 1.47, 1.47, 1.265, 1.729, 2.108, 1.944, 1.616, 3.632, 6.596, 8.203, 8.02, 8.105, 7.363, 5.898, 5.028, 5.299, 5.408, 5.218, 5.256, 5.731, 6.146, 5.855, 5.671, 5.687, 5.639, 5.576, 5.059, 5.283, 4.778, 5.244, 6.033, 6.075, 4.185, 2.784, 2.073, 1.644, 1.674, 1.322, 1.183, 1.064, 0.855, 0.0, 1.028, 1.612, 1.689, 2.129, 2.39, 1.946, 1.595, 1.537, 3.064, 3.867, 3.858, 3.916, 3.785, 3.535, 3.205, 2.681, 2.725, 2.705, 2.894, 2.602, 2.701, 2.699, 2.774, 3.223, 3.572, 3.442, 3.223, 4.079, 4.069, 3.687, 3.878], [3.627, 3.463, 3.427, 2.567, 2.046, 1.929, 2.104, 1.832, 1.834, 1.977, 2.048, 2.014, 1.528, 1.422, 1.539, 1.243, 1.639, 2.053, 1.975, 1.619, 3.728, 6.676, 8.305, 8.147, 8.185, 7.313, 6.009, 5.06, 5.232, 5.296, 5.147, 5.068, 5.448, 5.993, 5.588, 5.481, 5.501, 5.475, 5.358, 5.061, 5.111, 4.642, 5.046, 5.873, 6.035, 4.205, 2.988, 2.343, 2.166, 2.109, 1.515, 1.279, 1.434, 1.439, 1.028, 0.0, 1.369, 1.567, 1.615, 1.915, 1.611, 1.121, 1.326, 2.821, 3.675, 3.642, 3.688, 3.58, 3.212, 2.888, 2.62, 2.666, 2.723, 2.897, 2.725, 2.872, 2.737, 2.858, 3.367, 3.542, 3.525, 3.338, 3.917, 3.855, 3.457, 3.695], [3.012, 2.879, 2.761, 2.047, 1.662, 1.687, 1.925, 2.161, 2.052, 2.052, 2.189, 2.055, 2.105, 2.085, 2.428, 1.812, 1.079, 1.324, 1.476, 1.525, 4.684, 7.82, 9.464, 9.294, 9.328, 8.42, 7.112, 6.188, 6.352, 6.449, 6.301, 5.96, 6.358, 6.769, 6.174, 6.12, 5.802, 6.193, 6.431, 6.165, 6.216, 5.682, 6.123, 6.881, 7.105, 5.282, 3.863, 3.232, 2.757, 2.852, 2.492, 2.246, 2.119, 1.938, 1.612, 1.369, 0.0, 0.993, 1.931, 2.476, 2.495, 1.59, 1.081, 2.15, 2.789, 2.824, 2.9, 2.897, 2.717, 2.443, 2.18, 2.351, 2.467, 2.462, 2.152, 2.453, 2.306, 2.382, 2.913, 3.174, 3.081, 2.94, 3.728, 3.708, 3.341, 3.71], [3.473, 3.371, 3.118, 2.356, 1.915, 1.983, 2.082, 2.122, 2.083, 2.117, 2.283, 2.016, 1.847, 1.884, 2.234, 1.553, 1.333, 1.536, 1.472, 1.697, 4.546, 7.702, 9.362, 9.167, 9.187, 8.314, 6.994, 6.043, 6.275, 6.393, 6.172, 5.894, 6.301, 6.773, 6.249, 6.087, 5.935, 6.135, 6.298, 6.069, 6.17, 5.626, 6.076, 6.913, 7.063, 5.211, 3.666, 3.153, 2.977, 3.107, 2.535, 2.213, 2.315, 2.085, 1.689, 1.567, 0.993, 0.0, 1.391, 2.136, 2.371, 1.678, 1.294, 2.911, 3.402, 3.471, 3.621, 3.587, 3.404, 3.048, 2.731, 2.814, 3.029, 3.196, 2.909, 2.94, 3.079, 3.12, 3.497, 3.844, 3.661, 3.469, 4.309, 4.309, 3.85, 4.152], [4.647, 4.547, 4.288, 3.421, 2.938, 2.968, 2.901, 2.389, 2.43, 2.353, 2.24, 2.03, 1.574, 1.643, 1.759, 1.571, 2.343, 2.682, 2.326, 2.262, 3.739, 6.716, 8.312, 8.138, 8.174, 7.319, 5.99, 5.083, 5.259, 5.308, 5.2, 5.092, 5.519, 6.03, 5.68, 5.508, 5.554, 5.474, 5.451, 5.045, 5.164, 4.687, 5.076, 5.909, 6.017, 4.257, 3.61, 3.367, 3.273, 3.351, 2.523, 2.13, 2.281, 2.27, 2.129, 1.615, 1.931, 1.391, 0.0, 1.087, 1.541, 1.633, 1.983, 3.961, 4.519, 4.589, 4.727, 4.686, 4.288, 4.043, 3.637, 3.947, 3.971, 4.17, 3.964, 3.912, 3.977, 4.13, 4.642, 4.878, 4.745, 4.608, 5.139, 5.08, 4.578, 4.937], [5.142, 5.047, 4.896, 3.9, 3.443, 3.405, 3.293, 2.737, 2.66, 2.482, 2.287, 2.107, 1.672, 1.871, 1.703, 1.868, 2.81, 3.303, 2.948, 2.809, 3.361, 5.975, 7.434, 7.272, 7.291, 6.407, 5.114, 4.203, 4.378, 4.483, 4.505, 4.705, 5.068, 5.555, 5.263, 5.202, 5.282, 5.184, 4.903, 4.381, 4.453, 4.071, 4.46, 5.118, 5.151, 3.758, 3.309, 3.4, 3.425, 3.463, 2.566, 2.287, 2.397, 2.435, 2.39, 1.915, 2.476, 2.136, 1.087, 0.0, 1.134, 1.886, 2.566, 4.444, 5.088, 5.157, 5.234, 5.174, 4.799, 4.547, 4.246, 4.406, 4.476, 4.692, 4.468, 4.382, 4.445, 4.622, 5.12, 5.353, 5.243, 5.077, 5.597, 5.551, 5.023, 5.43], [4.99, 4.84, 4.777, 3.61, 3.112, 3.098, 2.866, 2.195, 2.13, 2.003, 1.674, 1.66, 1.42, 1.434, 1.262, 1.487, 2.733, 3.236, 2.956, 2.126, 2.787, 5.489, 7.042, 6.871, 6.904, 6.069, 4.677, 3.775, 4.02, 4.158, 4.051, 4.167, 4.545, 5.036, 4.73, 4.572, 4.766, 4.555, 4.406, 3.893, 4.049, 3.583, 4.042, 4.79, 4.773, 3.044, 2.627, 2.777, 2.841, 2.866, 2.063, 1.773, 1.886, 2.038, 1.946, 1.611, 2.495, 2.371, 1.541, 1.134, 0.0, 1.422, 2.298, 4.163, 5.007, 4.983, 5.018, 4.898, 4.564, 4.139, 3.645, 3.972, 3.999, 4.154, 3.918, 3.868, 3.868, 4.167, 4.584, 4.903, 4.737, 4.573, 4.966, 4.962, 4.521, 4.94], [3.945, 3.784, 3.787, 2.517, 2.196, 2.229, 2.207, 1.493, 1.359, 1.369, 1.287, 1.47, 1.419, 1.155, 1.162, 1.153, 1.928, 2.53, 2.345, 1.413, 3.249, 6.385, 8.021, 7.851, 7.886, 6.971, 5.655, 4.723, 4.889, 4.993, 4.861, 4.564, 4.94, 5.492, 5.039, 4.839, 4.732, 4.85, 4.959, 4.72, 4.775, 4.215, 4.648, 5.395, 5.647, 3.828, 2.678, 2.598, 2.683, 2.837, 2.044, 1.528, 1.814, 2.045, 1.595, 1.121, 1.59, 1.678, 1.633, 1.886, 1.422, 0.0, 1.187, 2.962, 3.852, 3.79, 3.865, 3.797, 3.499, 3.285, 2.995, 2.981, 2.935, 3.047, 2.748, 2.853, 2.766, 3.04, 3.576, 3.834, 3.727, 3.554, 3.954, 3.812, 3.371, 3.857], [3.092, 2.958, 2.833, 1.995, 1.811, 1.943, 2.032, 1.862, 1.55, 1.763, 1.726, 1.938, 2.008, 1.846, 2.05, 1.655, 1.534, 1.797, 1.8, 1.231, 4.105, 7.256, 8.897, 8.727, 8.766, 7.85, 6.543, 5.616, 5.784, 5.888, 5.72, 5.381, 5.764, 6.216, 5.659, 5.48, 5.318, 5.613, 5.824, 5.6, 5.657, 5.096, 5.535, 6.319, 6.541, 4.727, 3.18, 2.757, 2.514, 2.689, 2.117, 1.88, 2.031, 2.157, 1.537, 1.326, 1.081, 1.294, 1.983, 2.566, 2.298, 1.187, 0.0, 2.17, 2.946, 2.971, 2.955, 2.916, 2.659, 2.532, 2.33, 2.422, 2.269, 2.344, 2.093, 2.265, 2.169, 2.356, 2.918, 3.163, 2.991, 2.896, 3.51, 3.42, 3.013, 3.346], [1.915, 1.798, 2.084, 2.288, 2.064, 1.864, 2.3, 3.077, 3.068, 3.246, 3.312, 3.59, 3.764, 3.581, 3.824, 3.348, 2.286, 2.141, 2.552, 2.659, 5.91, 9.105, 10.733, 10.571, 10.58, 9.649, 8.361, 7.448, 7.603, 7.678, 7.509, 7.119, 7.536, 7.903, 7.21, 7.203, 6.945, 7.405, 7.627, 7.412, 7.421, 6.904, 7.359, 8.064, 8.352, 6.551, 4.885, 4.325, 3.777, 3.643, 3.763, 3.636, 3.493, 3.411, 3.064, 2.821, 2.15, 2.911, 3.961, 4.444, 4.163, 2.962, 2.17, 0.0, 1.183, 1.185, 1.22, 1.199, 1.314, 1.55, 1.861, 1.837, 1.594, 1.492, 1.783, 2.275, 1.907, 1.392, 1.597, 1.514, 1.9, 2.179, 2.813, 2.737, 2.685, 3.047], [1.732, 1.846, 2.06, 2.795, 2.535, 2.489, 2.945, 3.991, 3.971, 4.051, 4.249, 4.414, 4.4, 4.368, 4.618, 4.033, 2.762, 2.457, 2.886, 3.582, 6.892, 10.087, 11.714, 11.553, 11.562, 10.642, 9.359, 8.451, 8.6, 8.661, 8.49, 8.101, 8.496, 8.827, 8.115, 8.146, 7.9, 8.35, 8.625, 8.394, 8.411, 7.877, 8.331, 9.047, 9.331, 7.537, 5.858, 5.283, 4.739, 4.589, 4.663, 4.534, 4.419, 4.199, 3.867, 3.675, 2.789, 3.402, 4.519, 5.088, 5.007, 3.852, 2.946, 1.183, 0.0, 0.538, 0.667, 0.992, 1.293, 1.572, 1.96, 1.837, 1.827, 1.841, 2.175, 2.881, 2.512, 1.887, 1.538, 1.37, 1.869, 2.252, 2.898, 3.034, 2.873, 3.103], [1.764, 1.809, 2.071, 2.761, 2.491, 2.455, 2.878, 3.9, 3.886, 3.941, 4.172, 4.313, 4.369, 4.34, 4.594, 4.039, 2.803, 2.573, 3.004, 3.504, 6.802, 9.997, 11.624, 11.462, 11.471, 10.552, 9.267, 8.355, 8.504, 8.571, 8.4, 8.01, 8.411, 8.741, 8.034, 8.058, 7.807, 8.262, 8.535, 8.304, 8.32, 7.791, 8.254, 8.972, 9.251, 7.441, 5.775, 5.223, 4.682, 4.495, 4.612, 4.5, 4.358, 4.164, 3.858, 3.642, 2.824, 3.471, 4.589, 5.157, 4.983, 3.79, 2.971, 1.185, 0.538, 0.0, 0.697, 0.884, 1.218, 1.564, 2.007, 1.795, 1.728, 1.741, 2.169, 2.838, 2.447, 1.854, 1.48, 1.315, 1.759, 2.16, 2.735, 2.854, 2.71, 3.001], [1.74, 1.813, 2.071, 2.794, 2.619, 2.569, 2.943, 3.888, 3.852, 3.979, 4.121, 4.33, 4.484, 4.416, 4.657, 4.147, 2.93, 2.682, 3.091, 3.447, 6.735, 9.931, 11.558, 11.396, 11.405, 10.486, 9.199, 8.284, 8.446, 8.529, 8.333, 7.944, 8.36, 8.67, 7.942, 7.984, 7.743, 8.213, 8.468, 8.24, 8.271, 7.748, 8.204, 8.952, 9.187, 7.378, 5.716, 5.181, 4.616, 4.475, 4.629, 4.523, 4.401, 4.245, 3.916, 3.688, 2.9, 3.621, 4.727, 5.234, 5.018, 3.865, 2.955, 1.22, 0.667, 0.697, 0.0, 0.557, 0.883, 1.231, 1.901, 1.598, 1.576, 1.574, 2.026, 2.829, 2.45, 1.89, 1.311, 0.995, 1.445, 1.869, 2.339, 2.591, 2.311, 2.55], [1.897, 1.937, 2.265, 2.838, 2.528, 2.444, 2.846, 3.785, 3.755, 3.891, 4.022, 4.222, 4.384, 4.272, 4.52, 4.058, 2.925, 2.75, 3.181, 3.342, 6.591, 9.786, 11.427, 11.251, 11.26, 10.348, 9.054, 8.14, 8.305, 8.384, 8.203, 7.808, 8.211, 8.531,