[[0.0, 0.777, 1.244, 2.051, 2.808, 2.702, 2.574, 3.105, 3.962, 3.636, 2.666, 1.849, 1.623, 1.612, 1.335, 1.758, 1.569, 1.69, 1.547, 1.864, 2.729, 3.937, 4.167, 3.943, 3.768, 3.657, 3.72, 3.539, 2.957, 3.029, 2.711, 2.158, 1.974, 1.844, 1.745, 2.092, 2.508, 3.403, 4.247, 4.651, 5.06, 5.634, 6.292, 5.594, 5.457, 5.041, 3.249, 2.636, 2.392, 2.407, 2.408, 2.934, 3.164, 3.504, 4.399, 5.637, 5.939, 5.361, 5.058, 4.484, 3.795, 4.2, 4.013, 3.849, 3.695, 3.495, 3.662, 3.577, 3.421, 3.164, 2.564, 2.316, 2.224, 1.896, 2.445, 2.775, 3.453, 3.4, 2.723, 3.146, 2.648, 2.253, 2.701, 2.767, 2.411, 2.879], [0.777, 0.0, 1.197, 1.986, 2.839, 2.752, 2.641, 3.207, 4.051, 3.71, 2.622, 1.85, 1.575, 1.527, 1.237, 1.616, 1.469, 1.639, 1.546, 1.854, 2.772, 3.992, 4.227, 4.066, 3.864, 3.775, 3.878, 3.687, 3.01, 3.115, 2.847, 2.226, 1.797, 1.663, 1.58, 1.833, 2.293, 3.242, 4.073, 4.464, 4.811, 5.423, 6.06, 5.359, 5.196, 4.803, 3.038, 2.618, 2.315, 2.311, 2.308, 2.683, 2.98, 3.26, 4.265, 5.353, 5.821, 5.197, 4.772, 4.35, 3.653, 3.95, 3.784, 3.719, 3.492, 3.28, 3.466, 3.35, 3.281, 3.083, 2.429, 2.366, 2.298, 1.998, 2.494, 2.606, 3.272, 3.251, 2.642, 3.118, 2.788, 2.319, 2.95, 2.837, 2.542, 2.981], [1.244, 1.197, 0.0, 1.629, 2.56, 2.357, 2.161, 2.981, 3.826, 3.437, 2.31, 1.524, 1.384, 1.341, 1.453, 1.819, 1.518, 1.57, 1.507, 1.845, 2.594, 3.827, 4.054, 3.854, 3.604, 3.566, 3.634, 3.422, 2.863, 2.973, 2.693, 1.838, 1.678, 1.791, 1.909, 2.034, 2.403, 3.28, 4.139, 4.523, 4.688, 5.072, 5.647, 5.015, 4.922, 4.477, 2.699, 2.362, 2.296, 2.368, 2.307, 2.721, 3.255, 3.343, 4.457, 5.523, 6.146, 5.516, 4.978, 4.694, 4.017, 3.964, 3.681, 3.562, 3.371, 3.14, 3.294, 3.194, 3.288, 3.122, 2.548, 2.338, 2.346, 1.907, 2.531, 2.844, 3.423, 3.418, 2.938, 3.449, 2.759, 2.278, 2.83, 2.808, 2.445, 2.985], [2.051, 1.986, 1.629, 0.0, 1.419, 1.464, 1.511, 1.82, 2.669, 2.432, 2.334, 2.151, 2.072, 2.014, 1.86, 1.654, 1.46, 1.357, 1.533, 1.559, 1.79, 2.66, 2.644, 2.449, 2.324, 2.399, 2.664, 2.548, 1.586, 1.809, 1.714, 1.546, 1.541, 1.599, 1.693, 1.61, 2.199, 2.886, 3.79, 4.189, 4.654, 5.487, 6.372, 6.158, 5.859, 5.326, 3.393, 2.612, 3.161, 3.377, 3.244, 3.734, 4.329, 4.631, 5.864, 6.865, 7.498, 6.882, 6.379, 6.038, 5.132, 4.701, 4.18, 3.991, 3.912, 3.693, 3.787, 3.746, 3.905, 3.951, 3.133, 3.035, 3.209, 2.26, 2.75, 3.434, 4.226, 4.218, 3.494, 3.63, 3.362, 2.957, 3.275, 3.066, 2.718, 3.087], [2.808, 2.839, 2.56, 1.419, 0.0, 0.885, 1.156, 1.245, 1.912, 1.902, 2.504, 2.602, 2.617, 2.731, 2.701, 2.33, 2.327, 1.987, 2.158, 1.763, 1.496, 2.058, 1.871, 1.671, 1.554, 1.44, 1.5, 1.625, 1.079, 1.442, 1.491, 1.733, 1.996, 2.183, 2.267, 2.241, 2.629, 3.438, 4.348, 4.757, 5.391, 6.031, 7.178, 7.078, 6.771, 6.165, 4.195, 3.225, 3.726, 3.99, 3.878, 4.544, 5.06, 5.55, 6.832, 7.828, 8.47, 7.848, 7.316, 6.989, 5.793, 5.113, 4.543, 4.223, 3.786, 3.534, 3.532, 3.727, 4.306, 4.391, 3.644, 3.466, 3.709, 2.674, 2.738, 3.398, 4.13, 4.127, 3.496, 3.294, 3.072, 2.844, 3.047, 2.998, 2.767, 2.892], [2.702, 2.752, 2.357, 1.464, 0.885, 0.0, 1.125, 1.437, 1.989, 2.04, 2.494, 2.453, 2.545, 2.556, 2.703, 2.549, 2.384, 1.939, 2.128, 1.558, 1.568, 2.07, 2.003, 1.812, 1.658, 1.607, 1.654, 1.692, 1.425, 1.685, 1.684, 1.629, 1.876, 2.072, 2.249, 2.39, 3.072, 3.903, 4.819, 5.213, 5.798, 6.322, 7.274, 7.034, 6.734, 6.206, 4.235, 3.182, 3.684, 3.908, 3.833, 4.44, 5.002, 5.443, 6.694, 7.706, 8.339, 7.705, 7.192, 6.841, 5.659, 4.759, 4.142, 3.774, 3.42, 3.234, 3.276, 3.319, 3.84, 3.909, 3.38, 3.193, 3.42, 2.525, 2.495, 3.067, 3.808, 3.776, 3.064, 3.058, 2.824, 2.586, 2.828, 2.785, 2.454, 2.64], [2.574, 2.641, 2.161, 1.511, 1.156, 1.125, 0.0, 1.189, 2.084, 1.683, 2.039, 1.997, 2.054, 2.242, 2.48, 2.285, 2.414, 2.121, 2.285, 1.772, 1.73, 2.5, 2.317, 2.054, 1.871, 1.857, 2.002, 1.778, 1.524, 1.743, 1.376, 1.33, 1.839, 2.142, 2.262, 2.348, 2.748, 3.737, 4.647, 5.047, 5.495, 5.986, 6.679, 6.671, 6.365, 5.653, 3.748, 2.667, 3.075, 3.446, 3.322, 4.143, 4.646, 5.148, 6.443, 7.436, 8.097, 7.478, 6.906, 6.564, 5.1, 4.351, 3.862, 3.453, 3.149, 2.936, 2.963, 2.974, 3.461, 3.585, 3.055, 2.81, 2.977, 2.083, 2.22, 2.664, 3.456, 3.462, 2.788, 2.864, 2.478, 2.268, 2.397, 2.397, 2.206, 2.542], [3.105, 3.207, 2.981, 1.82, 1.245, 1.437, 1.189, 0.0, 1.259, 0.972, 1.891, 2.486, 2.63, 2.858, 2.823, 2.5, 2.489, 2.435, 2.724, 2.221, 1.286, 1.762, 1.64, 1.323, 1.212, 1.425, 1.859, 1.843, 1.28, 1.34, 1.298, 1.7, 2.373, 2.339, 2.417, 2.549, 2.862, 3.652, 4.558, 4.97, 5.519, 6.473, 7.557, 7.52, 7.219, 6.532, 4.562, 3.248, 3.671, 3.931, 3.907, 4.888, 5.362, 5.97, 7.29, 8.288, 8.944, 8.324, 7.756, 7.322, 5.644, 4.677, 4.077, 3.699, 3.387, 3.131, 3.113, 3.285, 3.738, 3.812, 3.04, 3.018, 3.365, 2.282, 2.175, 2.764, 3.642, 3.632, 2.922, 2.754, 2.485, 2.459, 2.526, 2.466, 2.269, 2.542], [3.962, 4.051, 3.826, 2.669, 1.912, 1.989, 2.084, 1.259, 0.0, 0.927, 2.271, 3.284, 3.374, 3.663, 3.616, 3.304, 3.277, 3.187, 3.479, 2.922, 1.684, 1.133, 1.158, 1.37, 1.37, 1.48, 1.843, 2.115, 2.149, 2.125, 2.175, 2.674, 3.24, 3.145, 3.236, 3.419, 3.958, 4.573, 5.477, 5.913, 6.541, 7.575, 8.623, 8.396, 8.131, 7.512, 5.55, 4.165, 4.452, 4.68, 4.734, 5.758, 6.18, 6.802, 8.118, 9.129, 9.764, 9.15, 8.588, 8.147, 6.422, 5.223, 4.47, 4.121, 3.735, 3.473, 3.431, 3.726, 4.192, 4.226, 3.455, 3.619, 3.993, 2.877, 2.592, 3.123, 3.927, 3.878, 3.198, 2.73, 2.643, 2.806, 2.694, 2.701, 2.76, 2.757], [3.636, 3.71, 3.437, 2.432, 1.902, 2.04, 1.683, 0.972, 0.927, 0.0, 1.674, 2.816, 2.931, 3.272, 3.248, 2.969, 3.022, 3.055, 3.363, 2.885, 1.519, 1.497, 1.45, 1.599, 1.632, 1.817, 2.195, 2.231, 1.964, 1.885, 1.765, 2.218, 2.854, 2.825, 2.923, 3.079, 3.357, 4.178, 5.037, 5.458, 5.879, 6.911, 7.921, 7.881, 7.588, 6.856, 4.925, 3.718, 3.932, 4.275, 4.343, 5.31, 5.718, 6.406, 7.729, 8.728, 9.377, 8.762, 8.198, 7.766, 5.99, 4.856, 4.076, 3.708, 3.322, 3.14, 3.115, 3.317, 3.825, 3.81, 3.057, 3.266, 3.612, 2.463, 2.192, 2.699, 3.518, 3.498, 2.72, 2.422, 2.22, 2.397, 2.266, 2.308, 2.403, 2.581], [2.666, 2.622, 2.31, 2.334, 2.504, 2.494, 2.039, 1.891, 2.271, 1.674, 0.0, 1.359, 1.677, 2.14, 2.169, 2.124, 2.35, 2.517, 2.706, 2.499, 1.849, 2.447, 2.58, 2.507, 2.525, 2.525, 2.9, 2.81, 2.55, 2.271, 2.022, 1.981, 2.002, 1.869, 2.128, 2.397, 3.051, 4.16, 4.96, 5.305, 5.435, 5.97, 6.804, 6.445, 6.217, 5.609, 3.788, 2.648, 2.431, 2.782, 2.852, 3.892, 4.266, 4.97, 6.297, 7.286, 7.939, 7.322, 6.75, 6.32, 4.516, 3.465, 2.755, 2.525, 2.454, 2.398, 2.396, 2.446, 2.595, 2.538, 1.774, 1.953, 2.215, 1.559, 1.577, 1.838, 2.577, 2.539, 2.07, 2.528, 1.925, 1.586, 1.958, 1.826, 1.805, 2.327], [1.849, 1.85, 1.524, 2.151, 2.602, 2.453, 1.997, 2.486, 3.284, 2.816, 1.359, 0.0, 0.876, 1.182, 1.475, 1.798, 1.838, 1.938, 2.103, 1.923, 2.228, 3.249, 3.482, 3.274, 3.124, 3.123, 3.268, 3.055, 2.721, 2.696, 2.358, 1.741, 1.607, 1.555, 1.629, 1.989, 2.728, 3.886, 4.722, 5.084, 5.142, 5.327, 5.927, 5.338, 5.163, 4.703, 2.92, 1.671, 1.49, 1.672, 1.759, 2.621, 3.009, 3.694, 5.02, 6.033, 6.675, 6.047, 5.468, 5.044, 3.432, 2.929, 2.665, 2.495, 2.365, 2.263, 2.368, 2.32, 2.296, 2.14, 1.792, 1.596, 1.444, 1.422, 1.869, 2.046, 2.5, 2.525, 2.391, 3.057, 2.296, 1.623, 2.269, 2.214, 1.926, 2.625], [1.623, 1.575, 1.384, 2.072, 2.617, 2.545, 2.054, 2.63, 3.374, 2.931, 1.677, 0.876, 0.0, 0.794, 1.185, 1.427, 1.567, 1.882, 1.952, 1.929, 2.272, 3.38, 3.554, 3.392, 3.207, 3.174, 3.318, 3.09, 2.684, 2.62, 2.254, 1.673, 1.59, 1.492, 1.45, 1.709, 2.383, 3.502, 4.364, 4.709, 4.929, 5.3, 5.833, 5.258, 5.155, 4.652, 2.84, 1.793, 1.558, 1.65, 1.704, 2.589, 2.949, 3.572, 4.887, 5.914, 6.532, 5.912, 5.362, 4.927, 3.447, 3.238, 3.075, 2.951, 2.78, 2.652, 2.81, 2.703, 2.648, 2.336, 1.961, 1.688, 1.7, 1.368, 1.886, 2.238, 2.824, 2.855, 2.507, 3.171, 2.485, 1.728, 2.317, 2.263, 2.0, 2.656], [1.612, 1.527, 1.341, 2.014, 2.731, 2.556, 2.242, 2.858, 3.663, 3.272, 2.14, 1.182, 0.794, 0.0, 0.953, 1.382, 1.39, 1.704, 1.789, 1.764, 2.372, 3.583, 3.8, 3.668, 3.471, 3.424, 3.514, 3.29, 2.758, 2.747, 2.462, 1.641, 1.637, 1.448, 1.335, 1.564, 2.205, 3.265, 4.204, 4.491, 4.675, 5.03, 5.57, 5.056, 4.935, 4.455, 2.66, 1.789, 1.804, 1.722, 1.756, 2.334, 2.755, 3.319, 4.592, 5.61, 6.27, 5.632, 5.083, 4.627, 3.598, 3.371, 3.282, 3.312, 3.137, 3.007, 3.154, 3.077, 2.947, 2.554, 2.107, 1.864, 1.814, 1.719, 2.183, 2.554, 3.047, 3.092, 2.804, 3.513, 2.862, 2.031, 2.678, 2.635, 2.293, 2.933], [1.335, 1.237, 1.453, 1.86, 2.701, 2.703, 2.48, 2.823, 3.616, 3.248, 2.169, 1.475, 1.185, 0.953, 0.0, 1.028, 1.125, 1.41, 1.395, 1.681, 2.311, 3.527, 3.71, 3.583, 3.411, 3.376, 3.568, 3.375, 2.548, 2.506, 2.289, 1.833, 1.654, 1.405, 1.315, 1.448, 1.94, 2.937, 3.87, 4.223, 4.471, 5.149, 5.835, 5.23, 5.116, 4.699, 2.967, 2.213, 2.132, 2.129, 2.043, 2.641, 2.942, 3.414, 4.655, 5.678, 6.304, 5.687, 5.145, 4.742, 3.901, 3.873, 3.756, 3.686, 3.536, 3.354, 3.52, 3.437, 3.309, 2.951, 2.146, 2.039, 2.029, 1.692, 2.118, 2.663, 3.392, 3.442, 2.986, 3.414, 2.862, 2.25, 2.838, 2.741, 2.447, 3.054], [1.758, 1.616, 1.819, 1.654, 2.33, 2.549, 2.285, 2.5, 3.304, 2.969, 2.124, 1.798, 1.427, 1.382, 1.028, 0.0, 0.915, 1.428, 1.486, 1.797, 2.233, 3.299, 3.278, 3.156, 2.999, 3.02, 3.278, 3.091, 2.093, 2.099, 2.062, 1.828, 1.77, 1.395, 1.143, 1.076, 1.552, 2.34, 3.277, 3.575, 4.054, 4.916, 5.668, 5.328, 5.07, 4.509, 2.803, 2.278, 2.327, 2.475, 2.22, 2.872, 3.321, 3.823, 5.126, 6.119, 6.76, 6.144, 5.605, 5.25, 4.335, 4.234, 4.036, 3.926, 3.915, 3.765, 3.849, 3.777, 3.804, 3.511, 2.536, 2.584, 2.604, 2.244, 2.555, 3.249, 4.028, 4.052, 3.549, 3.919, 3.522, 2.88, 3.394, 3.208, 2.85, 3.472], [1.569, 1.469, 1.518, 1.46, 2.327, 2.384, 2.414, 2.489, 3.277, 3.022, 2.35, 1.838, 1.567, 1.39, 1.125, 0.915, 0.0, 1.049, 1.232, 1.711, 1.896, 3.036, 3.244, 3.127, 2.973, 3.1, 3.438, 3.288, 2.155, 2.17, 2.339, 1.874, 1.545, 1.203, 0.988, 1.183, 1.658, 2.425, 3.308, 3.685, 4.216, 5.165, 6.064, 5.534, 5.423, 4.93, 3.151, 2.481, 2.577, 2.67, 2.547, 3.041, 3.588, 3.903, 5.051, 6.058, 6.704, 6.088, 5.599, 5.346, 4.548, 4.389, 4.186, 4.054, 3.911, 3.74, 3.898, 3.829, 3.786, 3.54, 2.601, 2.506, 2.628, 2.08, 2.495, 3.29, 4.007, 4.012, 3.46, 3.765, 3.416, 2.775, 3.297, 3.169, 2.733, 3.306], [1.69, 1.639, 1.57, 1.357, 1.987, 1.939, 2.121, 2.435, 3.187, 3.055, 2.517, 1.938, 1.882, 1.704, 1.41, 1.428, 1.049, 0.0, 0.742, 1.038, 1.824, 2.786, 2.979, 2.902, 2.825, 2.864, 2.963, 2.741, 1.9, 1.889, 1.977, 1.63, 1.47, 1.285, 1.32, 1.556, 2.312, 2.889, 3.79, 4.227, 4.891, 5.677, 6.416, 5.902, 5.769, 5.273, 3.48, 2.87, 2.941, 3.005, 2.932, 3.412, 3.889, 4.178, 5.336, 6.362, 6.998, 6.393, 5.891, 5.596, 4.926, 4.502, 4.136, 4.026, 3.891, 3.667, 3.821, 3.758, 3.774, 3.703, 2.84, 2.751, 2.801, 2.06, 2.586, 3.268, 3.92, 3.92, 3.326, 3.516, 3.205, 2.636, 3.083, 2.965, 2.431, 2.793], [1.547, 1.546, 1.507, 1.533, 2.158, 2.128, 2.285, 2.724, 3.479, 3.363, 2.706, 2.103, 1.952, 1.789, 1.395, 1.486, 1.232, 0.742, 0.0, 0.96, 2.124, 3.114, 3.302, 3.197, 3.132, 3.117, 3.199, 2.94, 2.137, 2.134, 2.161, 1.905, 1.592, 1.527, 1.642, 1.865, 2.379, 3.049, 3.962, 4.38, 5.032, 5.723, 6.369, 5.718, 5.606, 5.135, 3.497, 3.022, 2.93, 3.0, 2.917, 3.301, 3.753, 3.986, 5.031, 6.099, 6.694, 6.069, 5.681, 5.408, 4.853, 4.596, 4.213, 4.106, 3.933, 3.771, 3.932, 3.849, 3.707, 3.658, 2.901, 2.859, 2.747, 2.207, 2.801, 3.362, 3.999, 3.907, 3.274, 3.519, 3.258, 2.667, 3.06, 3.05, 2.513, 2.715], [1.864, 1.854, 1.845, 1.559, 1.763, 1.558, 1.772, 2.221, 2.922, 2.885, 2.499, 1.923, 1.929, 1.764, 1.681, 1.797, 1.711, 1.038, 0.96, 0.0, 1.609, 2.536, 2.729, 2.662, 2.551, 2.509, 2.566, 2.319, 1.732, 1.816, 1.748, 1.572, 1.65, 1.488, 1.677, 2.169, 2.931, 3.759, 4.672, 5.069, 5.699, 6.271, 6.859, 6.2, 6.026, 5.625, 3.926, 3.117, 2.905, 3.009, 2.971, 3.446, 3.95, 4.425, 5.603, 6.631, 7.264, 6.644, 6.183, 5.726, 4.962, 4.322, 3.839, 3.671, 3.357, 3.128, 3.301, 3.288, 3.412, 3.532, 2.964, 2.806, 2.738, 2.09, 2.475, 2.905, 3.564, 3.503, 2.838, 2.954, 2.689, 2.312, 2.616, 2.508, 2.041, 2.223], [2.729, 2.772, 2.594, 1.79, 1.496, 1.568, 1.73, 1.286, 1.684, 1.519, 1.849, 2.228, 2.272, 2.372, 2.311, 2.233, 1.896, 1.824, 2.124, 1.609, 0.0, 1.334, 1.597, 1.637, 1.683, 1.774, 2.111, 2.152, 1.771, 1.7, 1.707, 1.912, 2.056, 1.809, 1.911, 2.433, 3.24, 3.988, 4.889, 5.298, 5.877, 6.819, 7.751, 7.246, 7.105, 6.632, 4.791, 3.406, 3.523, 3.693, 3.655, 4.52, 5.01, 5.559, 6.811, 7.805, 8.437, 7.825, 7.331, 6.896, 5.507, 4.627, 3.919, 3.651, 3.206, 2.943, 2.998, 3.194, 3.605, 3.698, 2.876, 2.831, 3.177, 2.148, 2.166, 2.767, 3.445, 3.293, 2.694, 2.452, 2.313, 2.054, 2.24, 2.356, 2.093, 2.26], [3.937, 3.992, 3.827, 2.66, 2.058, 2.07, 2.5, 1.762, 1.133, 1.497, 2.447, 3.249, 3.38, 3.583, 3.527, 3.299, 3.036, 2.786, 3.114, 2.536, 1.334, 0.0, 0.841, 1.362, 1.721, 1.94, 2.199, 2.415, 2.362, 2.234, 2.415, 2.987, 3.137, 3.015, 3.072, 3.455, 4.18, 4.552, 5.446, 5.975, 6.732, 7.77, 8.821, 8.435, 8.23, 7.746, 5.852, 4.385, 4.519, 4.65, 4.775, 5.739, 6.198, 6.786, 8.081, 9.079, 9.711, 9.095, 8.561, 8.165, 6.471, 5.309, 4.491, 4.189, 3.729, 3.489, 3.503, 3.837, 4.321, 4.286, 3.492, 3.635, 4.004, 3.003, 2.775, 3.324, 4.144, 3.929, 3.19, 2.756, 2.736, 2.874, 2.67, 2.828, 2.729, 2.682], [4.167, 4.227, 4.054, 2.644, 1.871, 2.003, 2.317, 1.64, 1.158, 1.45, 2.58, 3.482, 3.554, 3.8, 3.71, 3.278, 3.244, 2.979, 3.302, 2.729, 1.597, 0.841, 0.0, 1.081, 1.505, 1.738, 1.854, 2.011, 2.221, 2.091, 2.246, 2.857, 3.283, 3.221, 3.269, 3.389, 4.078, 4.449, 5.334, 5.894, 6.643, 7.625, 8.677, 8.512, 8.218, 7.594, 5.657, 4.352, 4.668, 4.922, 4.903, 5.932, 6.366, 6.977, 8.275, 9.268, 9.9, 9.289, 8.758, 8.375, 6.673, 5.469, 4.696, 4.413, 4.013, 3.784, 3.759, 4.011, 4.568, 4.579, 3.779, 3.906, 4.266, 3.312, 3.1, 3.612, 4.455, 4.259, 3.483, 3.064, 3.053, 3.168, 2.967, 3.119, 3.069, 2.997], [3.943, 4.066, 3.854, 2.449, 1.671, 1.812, 2.054, 1.323, 1.37, 1.599, 2.507, 3.274, 3.392, 3.668, 3.583, 3.156, 3.127, 2.902, 3.197, 2.662, 1.637, 1.362, 1.081, 0.0, 1.04, 1.548, 1.712, 1.824, 1.781, 1.697, 2.046, 2.64, 3.172, 3.113, 3.146, 3.278, 3.589, 3.851, 4.634, 5.275, 6.072, 7.26, 8.473, 8.353, 8.04, 7.41, 5.437, 4.108, 4.51, 4.797, 4.749, 5.762, 6.218, 6.828, 8.152, 9.146, 9.806, 9.188, 8.609, 8.21, 6.499, 5.416, 4.691, 4.404, 4.109, 3.898, 3.837, 4.013, 4.544, 4.593, 3.776, 3.823, 4.196, 3.164, 3.042, 3.524, 4.442, 4.33, 3.616, 3.352, 3.197, 3.188, 3.173, 3.198, 2.994, 3.03], [3.768, 3.864, 3.604, 2.324, 1.554, 1.658, 1.871, 1.212, 1.37, 1.632, 2.525, 3.124, 3.207, 3.471, 3.411, 2.999, 2.973, 2.825, 3.132, 2.551, 1.683, 1.721, 1.505, 1.04, 0.0, 0.952, 1.37, 1.673, 1.674, 1.795, 2.106, 2.484, 3.033, 2.967, 2.992, 3.125, 3.513, 3.963, 4.817, 5.274, 6.055, 7.148, 8.264, 8.123, 7.801, 7.181, 5.225, 4.023, 4.305, 4.633, 4.59, 5.531, 5.981, 6.657, 7.98, 8.977, 9.634, 9.015, 8.446, 8.012, 6.311, 5.367, 4.781, 4.41, 4.044, 3.76, 3.739, 3.971, 4.524, 4.607, 3.823, 3.774, 4.128, 3.086, 2.978, 3.588, 4.432, 4.415, 3.727, 3.473, 3.284, 3.24, 3.286, 3.219, 3.087, 3.126], [3.657, 3.775, 3.566, 2.399, 1.44, 1.607, 1.857, 1.425, 1.48, 1.817, 2.525, 3.123, 3.174, 3.424, 3.376, 3.02, 3.1, 2.864, 3.117, 2.509, 1.774, 1.94, 1.738, 1.548, 0.952, 0.0, 0.766, 1.379, 1.695, 1.785, 2.015, 2.433, 2.926, 2.896, 2.979, 3.115, 3.562, 4.299, 5.212, 5.617, 6.218, 7.037, 8.169, 8.048, 7.751, 7.072, 5.1, 4.002, 4.187, 4.551, 4.527, 5.427, 5.881, 6.536, 7.856, 8.854, 9.511, 8.892, 8.319, 7.906, 6.28, 5.455, 4.851, 4.501, 4.081, 3.81, 3.767, 4.05, 4.606, 4.682, 3.898, 3.832, 4.111, 3.026, 3.0, 3.623, 4.398, 4.416, 3.768, 3.413, 3.279, 3.135, 3.282, 3.213, 3.079, 3.119], [3.72, 3.878, 3.634, 2.664, 1.5, 1.654, 2.002, 1.859, 1.843, 2.195, 2.9, 3.268, 3.318, 3.514, 3.568, 3.278, 3.438, 2.963, 3.199, 2.566, 2.111, 2.199, 1.854, 1.712, 1.37, 0.766, 0.0, 1.043, 1.92, 2.019, 2.103, 2.439, 2.95, 3.087, 3.194, 3.363, 3.753, 4.475, 5.379, 5.874, 6.51, 7.106, 8.162, 8.054, 7.773, 7.068, 5.1, 4.077, 4.401, 4.756, 4.615, 5.451, 5.913, 6.569, 7.888, 8.886, 9.553, 8.933, 8.364, 7.938, 6.487, 5.689, 5.044, 4.696, 4.29, 4.041, 3.995, 4.278, 4.83, 4.921, 4.203, 4.054, 4.369, 3.323, 3.255, 3.811, 4.598, 4.576, 3.955, 3.614, 3.427, 3.281, 3.436, 3.396, 3.283, 3.252], [3.539, 3.687, 3.422, 2.548, 1.625, 1.692, 1.778, 1.843, 2.115, 2.231, 2.81, 3.055, 3.09, 3.29, 3.375, 3.091, 3.288, 2.741, 2.94, 2.319, 2.152, 2.415, 2.011, 1.824, 1.673, 1.379, 1.043, 0.0, 1.63, 1.842, 1.792, 2.153, 2.842, 2.98, 3.08, 3.274, 3.529, 4.162, 4.958, 5.433, 6.251, 6.909, 7.54, 7.712, 7.371, 6.548, 4.687, 3.928, 4.123, 4.536, 4.385, 5.21, 5.634, 6.31, 7.639, 8.629, 9.297, 8.68, 8.096, 7.691, 6.259, 5.573, 4.932, 4.614, 4.257, 4.004, 3.953, 4.167, 4.748, 4.828, 4.195, 4.015, 4.24, 3.27, 3.34, 3.75, 4.566, 4.524, 3.892, 3.652, 3.492, 3.234, 3.399, 3.302, 3.147, 3.207], [2.957, 3.01, 2.863, 1.586, 1.079, 1.425, 1.524, 1.28, 2.149, 1.964, 2.55, 2.721, 2.684, 2.758, 2.548, 2.093, 2.155, 1.9, 2.137, 1.732, 1.771, 2.362, 2.221, 1.781, 1.674, 1.695, 1.92, 1.63, 0.0, 0.778, 1.128, 1.555, 2.167, 2.038, 2.027, 2.043, 2.049, 2.703, 3.611, 4.049, 4.776, 5.725, 6.854, 6.972, 6.64, 5.904, 3.999, 3.32, 3.687, 4.039, 3.828, 4.471, 4.931, 5.562, 6.892, 7.881, 8.539, 7.941, 7.353, 6.958, 5.945, 5.39, 4.895, 4.626, 4.303, 4.049, 4.082, 4.14, 4.596, 4.689, 3.875, 3.738, 3.899, 2.938, 3.17, 3.778, 4.655, 4.669, 3.958, 3.898, 3.588, 3.345, 3.49, 3.353, 3.037, 3.325], [3.029, 3.115, 2.973, 1.809, 1.442, 1.685, 1.743, 1.34, 2.125, 1.885, 2.271, 2.696, 2.62, 2.747, 2.506, 2.099, 2.17, 1.889, 2.134, 1.816, 1.7, 2.234, 2.091, 1.697, 1.795, 1.785, 2.019, 1.842, 0.778, 0.0, 1.015, 1.498, 2.129, 2.024, 2.008, 2.111, 2.097, 2.732, 3.642, 4.093, 4.855, 5.79, 6.997, 7.058, 6.746, 6.002, 4.041, 3.369, 3.66, 3.961, 3.798, 4.581, 5.06, 5.651, 6.931, 7.921, 8.579, 7.989, 7.406, 7.052, 5.925, 5.154, 4.615, 4.321, 4.113, 3.948, 3.982, 3.986, 4.328, 4.388, 3.565, 3.478, 3.775, 2.741, 2.884, 3.477, 4.39, 4.378, 3.66, 3.755, 3.384, 3.069, 3.207, 3.02, 2.715, 2.965], [2.711, 2.847, 2.693, 1.714, 1.491, 1.684, 1.376, 1.298, 2.175, 1.765, 2.022, 2.358, 2.254, 2.462, 2.289, 2.062, 2.339, 1.977, 2.161, 1.748, 1.707, 2.415, 2.246, 2.046, 2.106, 2.015, 2.103, 1.792, 1.128, 1.015, 0.0, 1.291, 1.878, 1.94, 2.052, 2.2, 2.463, 3.321, 4.192, 4.622, 5.25, 5.969, 6.796, 6.873, 6.562, 5.75, 3.844, 3.037, 3.309, 3.602, 3.428, 4.358, 4.8, 5.338, 6.65, 7.644, 8.314, 7.707, 7.116, 6.774, 5.576, 4.736, 4.134, 3.869, 3.654, 3.469, 3.487, 3.549, 3.827, 3.845, 3.096, 3.063, 3.316, 2.318, 2.466, 2.937, 3.879, 3.858, 3.096, 3.081, 2.724, 2.548, 2.652, 2.551, 2.18, 2.642], [2.158, 2.226, 1.838, 1.546, 1.733, 1.629, 1.33, 1.7, 2.674, 2.218, 1.981, 1.741, 1.673, 1.641, 1.833, 1.828, 1.874, 1.63, 1.905, 1.572, 1.912, 2.987, 2.857, 2.64, 2.484, 2.433, 2.439, 2.153, 1.555, 1.498, 1.291, 0.0, 1.144, 1.344, 1.494, 1.652, 2.164, 3.25, 4.153, 4.576, 4.856, 5.276, 6.029, 5.915, 5.631, 4.948, 2.995, 2.301, 2.667, 2.891, 2.692, 3.396, 3.918, 4.419, 5.654, 6.64, 7.307, 6.703, 6.132, 5.836, 4.861, 4.148, 3.65, 3.401, 3.307, 3.111, 3.153, 3.148, 3.407, 3.389, 2.908, 2.626, 2.766, 1.959, 2.267, 2.686, 3.491, 3.497, 2.903, 3.325, 2.652, 2.218, 2.551, 2.493, 2.141, 2.742], [1.974, 1.797, 1.678, 1.541, 1.996, 1.876, 1.839, 2.373, 3.24, 2.854, 2.002, 1.607, 1.59, 1.637, 1.654, 1.77, 1.545, 1.47, 1.592, 1.65, 2.056, 3.137, 3.283, 3.172, 3.033, 2.926, 2.95, 2.842, 2.167, 2.129, 1.878, 1.144, 0.0, 1.107, 1.27, 1.483, 2.201, 3.221, 4.071, 4.502, 4.875, 5.249, 5.963, 5.539, 5.339, 4.818, 2.912, 2.397, 2.626, 2.772, 2.662, 3.108, 3.681, 3.987, 5.093, 6.084, 6.729, 6.114, 5.637, 5.497, 4.686, 4.05, 3.441, 3.217, 3.052, 2.934, 3.063, 3.051, 3.103, 3.094, 2.587, 2.444, 2.55, 1.85, 2.151, 2.629, 3.249, 3.227, 2.738, 3.176, 2.759, 2.06, 2.553, 2.515, 2.181, 2.893], [1.844, 1.663, 1.791, 1.599, 2.183, 2.072, 2.142, 2.339, 3.145, 2.825, 1.869, 1.555, 1.492, 1.448, 1.405, 1.395, 1.203, 1.285, 1.527, 1.488, 1.809, 3.015, 3.221, 3.113, 2.967, 2.896, 3.087, 2.98, 2.038, 2.024, 1.94, 1.344, 1.107, 0.0, 0.795, 1.268, 2.13, 3.153, 3.991, 4.361, 4.663, 5.372, 6.212, 5.717, 5.555, 5.062, 3.229, 2.43, 2.581, 2.684, 2.573, 3.113, 3.695, 4.107, 5.238, 6.232, 6.866, 6.254, 5.774, 5.491, 4.689, 3.86, 3.398, 3.314, 3.227, 3.072, 3.185, 3.09, 3.106, 3.099, 2.24, 2.096, 2.315, 1.774, 2.065, 2.643, 3.275, 3.266, 2.867, 3.301, 2.912, 2.228, 2.905, 2.836, 2.393, 2.997], [1.745, 1.58, 1.909, 1.693, 2.267, 2.249, 2.262, 2.417, 3.236, 2.923, 2.128, 1.629, 1.45, 1.335, 1.315, 1.143, 0.988, 1.32, 1.642, 1.677, 1.911, 3.072, 3.269, 3.146, 2.992, 2.979, 3.194, 3.08, 2.027, 2.008, 2.052, 1.494, 1.27, 0.795, 0.0, 0.95, 1.766, 2.676, 3.574, 3.913, 4.352, 5.146, 6.028, 5.551, 5.408, 4.926, 3.102, 2.322, 2.599, 2.576, 2.434, 2.909, 3.451, 3.87, 5.076, 6.05, 6.691, 6.083, 5.599, 5.239, 4.558, 4.055, 3.811, 3.729, 3.629, 3.453, 3.593, 3.571, 3.475, 3.176, 2.329, 2.208, 2.35, 1.944, 2.281, 2.981, 3.687, 3.67, 3.188, 3.583, 3.201, 2.539, 3.083, 3.0, 2.566, 3.17], [2.092, 1.833, 2.034, 1.61, 2.241, 2.39, 2.348, 2.549, 3.419, 3.079, 2.397, 1.989, 1.709, 1.564, 1.448, 1.076, 1.183, 1.556, 1.865, 2.169, 2.433, 3.455, 3.389, 3.278, 3.125, 3.115, 3.363, 3.274, 2.043, 2.111, 2.2, 1.652, 1.483, 1.268, 0.95, 0.0, 1.294, 2.17, 3.094, 3.354, 3.709, 4.498, 5.477, 5.203, 4.928, 4.421, 2.553, 2.054, 2.52, 2.538, 2.367, 2.717, 3.314, 3.672, 4.931, 5.923, 6.554, 6.005, 5.475, 5.163, 4.523, 4.227, 4.018, 4.067, 4.038, 3.918, 4.012, 3.877, 3.793, 3.47, 2.613, 2.509, 2.602, 2.438, 2.748, 3.288, 4.009, 4.103, 3.736, 4.146, 3.739, 3.095, 3.612, 3.484, 3.122, 3.819], [2.508, 2.293, 2.403, 2.199, 2.629, 3.072, 2.748, 2.862, 3.958, 3.357, 3.051, 2.728, 2.383, 2.205, 1.94, 1.552, 1.658, 2.312, 2.379, 2.931, 3.24, 4.18, 4.078, 3.589, 3.513, 3.562, 3.753, 3.529, 2.049, 2.097, 2.463, 2.164, 2.201, 2.13, 1.766, 1.294, 0.0, 1.23, 2.121, 2.526, 3.006, 3.93, 5.155, 5.179, 4.885, 4.214, 2.509, 2.68, 2.987, 3.235, 2.917, 3.167, 3.669, 3.934, 5.119, 6.092, 6.784, 6.253, 5.669, 5.509, 4.982, 5.244, 5.024, 4.987, 4.956, 4.812, 4.895, 4.798, 4.794, 4.492, 3.537, 3.499, 3.557, 3.201, 3.529, 4.171, 4.991, 5.066, 4.647, 5.018, 4.574, 3.901, 4.386, 4.133, 3.894, 4.573], [3.403, 3.242, 3.28, 2.886, 3.438, 3.903, 3.737, 3.652, 4.573, 4.178, 4.16, 3.886, 3.502, 3.265, 2.937, 2.34, 2.425, 2.889, 3.049, 3.759, 3.988, 4.552, 4.449, 3.851, 3.963, 4.299, 4.475, 4.162, 2.703, 2.732, 3.321, 3.25, 3.221, 3.153, 2.676, 2.17, 1.23, 0.0, 1.123, 1.728, 2.594, 3.793, 5.017, 5.131, 4.849, 4.183, 2.925, 3.705, 4.034, 4.245, 3.924, 3.976, 4.4, 4.408, 5.298, 6.163, 6.745, 6.261, 5.782, 5.877, 5.871, 6.316, 6.147, 6.163, 6.139, 5.996, 6.077, 5.985, 5.93, 5.588, 4.588, 4.568, 4.63, 4.316, 4.603, 5.309, 6.078, 6.198, 5.769, 6.09, 5.706, 5.038, 5.475, 5.17, 4.857, 5.388], [4.247, 4.073, 4.139, 3.79, 4.348, 4.819, 4.647, 4.558, 5.477, 5.037, 4.96, 4.722, 4.364, 4.204, 3.87, 3.277, 3.308, 3.79, 3.962, 4.672, 4.889, 5.446, 5.334, 4.634, 4.817, 5.212, 5.379, 4.958, 3.611, 3.642, 4.192, 4.153, 4.071, 3.991, 3.574, 3.094, 2.121, 1.123, 0.0, 1.2, 2.207, 3.416, 4.616, 4.83, 4.531, 4.037, 3.309, 4.574, 4.85, 5.2, 4.882, 4.923, 5.291, 5.138, 5.46, 6.196, 6.714, 6.385, 6.077, 6.287, 6.807, 7.202, 6.967, 6.98, 6.973, 6.83, 6.919, 6.797, 6.739, 6.469, 5.447, 5.442, 5.535, 5.211, 5.515, 6.118, 6.932, 7.026, 6.635, 6.966, 6.576, 5.904, 6.381, 6.087, 5.776, 6.314], [4.651, 4.464, 4.523, 4.189, 4.757, 5.213, 5.047, 4.97, 5.913, 5.458, 5.305, 5.084, 4.709, 4.491, 4.223, 3.575, 3.685, 4.227, 4.38, 5.069, 5.298, 5.975, 5.894, 5.275, 5.274, 5.617, 5.874, 5.433, 4.049, 4.093, 4.622, 4.576, 4.502, 4.361, 3.913, 3.354, 2.526, 1.728, 1.2, 0.0, 1.23, 2.321, 3.53, 3.811, 3.62, 3.24, 3.439, 4.773, 5.103, 5.325, 5.017, 5.03, 5.391, 5.148, 5.313, 5.811, 6.166, 6.045, 5.762, 6.011, 6.951, 7.395, 7.284, 7.338, 7.363, 7.216, 7.299, 7.149, 7.019, 6.709, 5.692, 5.655, 5.724, 5.639, 5.912, 6.454, 7.206, 7.381, 7.029, 7.39, 6.979, 6.323, 6.81, 6.513, 6.203, 6.76], [5.06, 4.811, 4.688, 4.654, 5.391, 5.798, 5.495, 5.519, 6.541, 5.879, 5.435, 5.142, 4.929, 4.675, 4.471, 4.054, 4.216, 4.891, 5.032, 5.699, 5.877, 6.732, 6.643, 6.072, 6.055, 6.218, 6.51, 6.251, 4.776, 4.855, 5.25, 4.856, 4.875, 4.663, 4.352, 3.709, 3.006, 2.594, 2.207, 1.23, 0.0, 1.356, 2.606, 2.885, 2.839, 2.638, 3.427, 4.755, 5.09, 5.04, 4.737, 4.61, 4.988, 4.671, 4.731, 5.117, 5.432, 5.36, 5.07, 5.447, 6.697, 7.302, 7.259, 7.302, 7.389, 7.287, 7.336, 7.166, 7.029, 6.669, 5.715, 5.664, 5.663, 5.906, 6.25, 6.581, 7.173, 7.342, 7.256, 7.761, 7.163, 6.553, 7.145, 6.921, 6.707, 7.382], [5.634, 5.423, 5.072, 5.487, 6.031, 6.322, 5.986, 6.473, 7.575, 6.911, 5.97, 5.327, 5.3, 5.03, 5.149, 4.916, 5.165, 5.677, 5.723, 6.271, 6.819, 7.77, 7.625, 7.26, 7.148, 7.037, 7.106, 6.909, 5.725, 5.79, 5.969, 5.276, 5.249, 5.372, 5.146, 4.498, 3.93, 3.793, 3.416, 2.321, 1.356, 0.0, 1.68, 1.986, 1.988, 1.925, 3.137, 4.411, 4.773, 4.764, 4.351, 3.947, 4.306, 3.934, 3.91, 4.303, 4.588, 4.558, 4.257, 4.73, 6.157, 6.898, 7.116, 7.176, 7.356, 7.253, 7.31, 7.101, 6.78, 6.479, 6.133, 5.844, 5.725, 6.378, 6.779, 6.986, 7.164, 7.315, 7.632, 8.313, 7.558, 6.844, 7.498, 7.373, 7.158, 7.873], [6.292, 6.06, 5.647, 6.372, 7.178, 7.274, 6.679, 7.557, 8.623, 7.921, 6.804, 5.927, 5.833, 5.57, 5.835, 5.668, 6.064, 6.416, 6.369, 6.859, 7.751, 8.821, 8.677, 8.473, 8.264, 8.169, 8.162, 7.54, 6.854, 6.997, 6.796, 6.029, 5.963, 6.212, 6.028, 5.477, 5.155, 5.017, 4.616, 3.53, 2.606, 1.68, 0.0, 1.197, 1.401, 1.481, 3.179, 4.576, 4.948, 4.912, 4.611, 3.798, 3.961, 3.46, 3.005, 3.049, 3.383, 3.375, 3.101, 3.654, 5.104, 6.154, 6.489, 6.712, 7.209, 7.363, 7.375, 7.057, 6.612, 6.541, 6.824, 6.565, 6.314, 7.094, 7.527, 7.4, 7.265, 7.499, 8.074, 8.914, 8.137, 7.251, 7.857, 7.75, 7.537, 8.228], [5.594, 5.359, 5.015, 6.158, 7.078, 7.034, 6.671, 7.52, 8.396, 7.881, 6.445, 5.338, 5.258, 5.056, 5.23, 5.328, 5.534, 5.902, 5.718, 6.2, 7.246, 8.435, 8.512, 8.353, 8.123, 8.048, 8.054, 7.712, 6.972, 7.058, 6.873, 5.915, 5.539, 5.717, 5.551, 5.203, 5.179, 5.131, 4.83, 3.811, 2.885, 1.986, 1.197, 0.0, 0.762, 1.47, 3.171, 4.396, 4.375, 4.225, 4.063, 3.037, 3.036, 2.533, 2.225, 2.425, 2.74, 2.797, 2.554, 3.082, 4.662, 5.798, 6.081, 6.219, 6.562, 6.672, 6.743, 6.421, 5.921, 5.851, 6.226, 5.992, 5.608, 6.495, 6.91, 6.752, 6.626, 6.819, 7.366, 8.193, 7.435, 6.555, 7.136, 7.091, 6.853, 7.536], [5.457, 5.196, 4.922, 5.859, 6.771, 6.734, 6.365, 7.219, 8.131, 7.588, 6.217, 5.163, 5.155, 4.935, 5.116, 5.07, 5.423, 5.769, 5.606, 6.026, 7.105, 8.23, 8.218, 8.04, 7.801, 7.751, 7.773, 7.371, 6.64, 6.746, 6.562, 5.631, 5.339, 5.555, 5.408, 4.928, 4.885, 4.849, 4.531, 3.62, 2.839, 1.988, 1.401, 0.762, 0.0, 1.061, 2.849, 4.12, 4.127, 4.048, 3.931, 2.957, 3.015, 2.453, 2.14, 2.398, 2.721, 2.769, 2.57, 3.168, 4.734, 5.675, 5.943, 6.078, 6.398, 6.472, 6.493, 6.177, 5.731, 5.747, 6.113, 5.892, 5.488, 6.396, 6.799, 6.542, 6.447, 6.637, 7.166, 8.012, 7.261, 6.423, 7.02, 6.874, 6.712, 7.339], [5.041, 4.803, 4.477, 5.326, 6.165, 6.206, 5.653, 6.532, 7.512, 6.856, 5.609, 4.703, 4.652, 4.455, 4.699, 4.509, 4.93, 5.273, 5.135, 5.625, 6.632, 7.746, 7.594, 7.41, 7.181, 7.072, 7.068, 6.548, 5.904, 6.002, 5.75, 4.948, 4.818, 5.062, 4.926, 4.421, 4.214, 4.183, 4.037, 3.24, 2.638, 1.925, 1.481, 1.47, 1.061, 0.0, 2.097, 3.626, 3.729, 3.701, 3.516, 2.865, 3.165, 2.591, 2.448, 2.741, 3.211, 3.175, 2.836, 3.333, 4.66, 5.384, 5.643, 5.738, 6.074, 6.158, 6.169, 5.863, 5.385, 5.329, 5.632, 5.421, 5.07, 5.931, 6.338, 6.144, 6.108, 6.292, 6.807, 7.649, 6.87, 6.005, 6.609, 6.517, 6.303, 7.003], [3.249, 3.038, 2.699, 3.393, 4.195, 4.235, 3.748, 4.562, 5.55, 4.925, 3.788, 2.92, 2.84, 2.66, 2.967, 2.803, 3.151, 3.48, 3.497, 3.926, 4.791, 5.852, 5.657, 5.437, 5.225, 5.1, 5.1, 4.687, 3.999, 4.041, 3.844, 2.995, 2.912, 3.229, 3.102, 2.553, 2.509, 2.925, 3.309, 3.439, 3.427, 3.137, 3.179, 3.171, 2.849, 2.097, 0.0, 1.82, 2.147, 2.321, 2.219, 2.109, 2.44, 2.181, 3.04, 4.018, 4.675, 4.109, 3.567, 3.455, 3.6, 4.027, 4.049, 4.12, 4.37, 4.43, 4.438, 4.165, 3.759, 3.631, 3.753, 3.529, 3.285, 4.033, 4.46, 4.388, 4.43, 4.582, 5.062, 5.831, 5.064, 4.19, 4.818, 4.751, 4.55, 5.257], [2.636, 2.618, 2.362, 2.612, 3.225, 3.182, 2.667, 3.248, 4.165, 3.718, 2.648, 1.671, 1.793, 1.789, 2.213, 2.278, 2.481, 2.87, 3.022, 3.117, 3.406, 4.385, 4.352, 4.108, 4.023, 4.002, 4.077, 3.928, 3.32, 3.369, 3.037, 2.301, 2.397, 2.43, 2.322, 2.054, 2.68, 3.705, 4.574, 4.773, 4.755, 4.411, 4.576, 4.396, 4.12, 3.626, 1.82, 0.0, 1.188, 1.459, 1.265, 1.854, 2.359, 2.838, 4.125, 5.105, 5.766, 5.148, 4.567, 4.137, 2.817, 2.761, 2.825, 2.933, 3.235, 3.225, 3.25, 2.984, 2.518, 2.404, 2.457, 2.114, 1.981, 2.612, 3.051, 3.111, 3.207, 3.312, 3.772, 4.492, 3.716, 2.927, 3.573, 3.541, 3.287, 3.994], [2.392, 2.315, 2.296, 3.161, 3.726, 3.684, 3.075, 3.671, 4.452, 3.932, 2.431, 1.49, 1.558, 1.804, 2.132, 2.327, 2.577, 2.941, 2.93, 2.905, 3.523, 4.519, 4.668, 4.51, 4.305, 4.187, 4.401, 4.123, 3.687, 3.66, 3.309, 2.667, 2.626, 2.581, 2.599, 2.52, 2.987, 4.034, 4.85, 5.103, 5.09, 4.773, 4.948, 4.375, 4.127, 3.729, 2.147, 1.188, 0.0, 1.049, 1.089, 1.713, 1.959, 2.654, 3.937, 4.926, 5.565, 4.96, 4.378, 3.968, 2.512, 2.513, 2.571, 2.601, 2.694, 2.61, 2.664, 2.458, 2.161, 2.021, 2.274, 2.087, 1.705, 2.466, 2.833, 2.535, 2.589, 2.678, 3.15, 4.04, 3.269, 2.428, 3.029, 2.888, 2.685, 3.324], [2.407, 2.311, 2.368, 3.377, 3.99, 3.908, 3.446, 3.931, 4.68, 4.275, 2.782, 1.672, 1.65, 1.722, 2.129, 2.475, 2.67, 3.005, 3.0, 3.009, 3.693, 4.65, 4.922, 4.797, 4.633, 4.551, 4.756, 4.536, 4.039, 3.961, 3.602, 2.891, 2.772, 2.684, 2.576, 2.538, 3.235, 4.245, 5.2, 5.325, 5.04, 4.764, 4.912, 4.225, 4.048, 3.701, 2.321, 1.459, 1.049, 0.0, 0.874, 1.549, 1.818, 2.335, 3.615, 4.668, 5.285, 4.642, 4.082, 3.65, 2.38, 2.461, 2.712, 2.807, 2.784, 2.743, 2.832, 2.588, 2.294, 2.051, 2.288, 2.0, 1.588, 2.481, 2.808, 2.589, 2.567, 2.764, 3.23, 4.04, 3.265, 2.421, 3.089, 3.064, 2.791, 3.433], [2.408, 2.308, 2.307, 3.244, 3.878, 3.833, 3.322, 3.907, 4.734, 4.343, 2.852, 1.759, 1.704, 1.756, 2.043, 2.22, 2.547, 2.932, 2.917, 2.971, 3.655, 4.775, 4.903, 4.749, 4.59, 4.527, 4.615, 4.385, 3.828, 3.798, 3.428, 2.692, 2.662, 2.573, 2.434, 2.367, 2.917, 3.924, 4.882, 5.017, 4.737, 4.351, 4.611, 4.063, 3.931, 3.516, 2.219, 1.265, 1.089, 0.874, 0.0, 1.298, 1.665, 2.244, 3.537, 4.558, 5.181, 4.566, 3.978, 3.604, 2.488, 2.777, 3.093, 3.185, 3.317, 3.188, 3.233, 2.991, 2.725, 2.434, 2.464, 2.19, 1.843, 2.698, 3.058, 2.954, 3.086, 3.234, 3.617, 4.37, 3.588, 2.791, 3.502, 3.418, 3.172, 3.865], [2.934, 2.683, 2.721, 3.734, 4.544, 4.44, 4.143, 4.888, 5.758, 5.31, 3.892, 2.621, 2.589, 2.334, 2.641, 2.872, 3.041, 3.412, 3.301, 3.446, 4.52, 5.739, 5.932, 5.762, 5.531, 5.427, 5.451, 5.21, 4.471, 4.581, 4.358, 3.396, 3.108, 3.113, 2.909, 2.717, 3.167, 3.976, 4.923, 5.03, 4.61, 3.947, 3.798, 3.037, 2.957, 2.865, 2.109, 1.854, 1.713, 1.549, 1.298, 0.0, 0.85, 1.296, 2.531, 3.485, 4.151, 3.607, 3.028, 2.597, 2.59, 3.424, 3.726, 3.836, 3.927, 3.893, 4.014, 3.749, 3.288, 3.135, 3.423, 3.194, 2.802, 3.701, 4.131, 3.895, 3.885, 4.009, 4.512, 5.366, 4.621, 3.741, 4.362, 4.282, 4.015, 4.689], [3.164, 2.98, 3.255, 4.329, 5.06, 5.002, 4.646, 5.362, 6.18, 5.718, 4.266, 3.009, 2.949, 2.755, 2.942, 3.321, 3.588, 3.889, 3.753, 3.95, 5.01, 6.198, 6.366, 6.218, 5.981, 5.881, 5.913, 5.634, 4.931, 5.06, 4.8, 3.918, 3.681, 3.695, 3.451, 3.314, 3.669, 4.4, 5.291, 5.391, 4.988, 4.306, 3.961, 3.036, 3.015, 3.165, 2.44, 2.359, 1.959, 1.818, 1.665, 0.85, 0.0, 1.062, 2.262, 3.094, 3.713, 3.208, 2.704, 2.237, 2.234, 3.48, 3.847, 3.995, 4.017, 3.989, 4.114, 3.808, 3.408, 3.348, 3.787, 3.513, 3.07, 4.024, 4.427, 4.078, 3.841, 4.034, 4.638, 5.534, 4.819, 3.98, 4.563, 4.43, 4.233, 4.812], [3.504, 3.26, 3.343, 4.631, 5.55, 5.443, 5.148, 5.97, 6.802, 6.406, 4.97, 3.694, 3.572, 3.319, 3.414, 3.823, 3.903, 4.178, 3.986, 4.425, 5.559, 6.786, 6.977, 6.828, 6.657, 6.536, 6.569, 6.31, 5.562, 5.651, 5.338, 4.419, 3.987, 4.107, 3.87, 3.672, 3.934, 4.408, 5.138, 5.148, 4.671, 3.934, 3.46, 2.533, 2.453, 2.591, 2.181, 2.838, 2.654, 2.335, 2.244, 1.296, 1.062, 0.0, 1.405, 2.386, 3.057, 2.507, 2.023, 1.762, 2.724, 3.787, 4.16, 4.369, 4.468, 4.478, 4.651, 4.318, 3.743, 3.801, 4.281, 3.987, 3.537, 4.547, 4.988, 4.655, 4.357, 4.44, 5.071, 5.999, 5.343, 4.478, 5.06, 5.084, 4.822, 5.318], [4.399, 4.265, 4.457, 5.864, 6.832, 6.694, 6.443, 7.29, 8.118, 7.729, 6.297, 5.02, 4.887, 4.592, 4.655, 5.126, 5.051, 5.336, 5.031, 5.603, 6.811, 8.081, 8.275, 8.152, 7.98, 7.856, 7.888, 7.639, 6.892, 6.931, 6.65, 5.654, 5.093, 5.238, 5.076, 4.931, 5.119, 5.298, 5.46, 5.313, 4.731, 3.91, 3.005, 2.225, 2.14, 2.448, 3.04, 4.125, 3.937, 3.615, 3.537, 2.531, 2.262, 1.405, 0.0, 1.372, 1.808, 1.399, 1.411, 1.569, 3.4, 4.611, 5.113, 5.403, 5.644, 5.689, 5.831, 5.467, 4.902, 4.884, 5.369, 5.011, 4.582, 5.723, 6.212, 5.758, 5.236, 5.368, 6.028, 6.967, 6.338, 5.579, 6.187, 6.281, 6.035, 6.466], [5.637, 5.353, 5.523, 6.865, 7.828, 7.706, 7.436, 8.288, 9.129, 8.728, 7.286, 6.033, 5.914, 5.61, 5.678, 6.119, 6.058, 6.362, 6.099, 6.631, 7.805, 9.079, 9.268, 9.146, 8.977, 8.854, 8.886, 8.629, 7.881, 7.921, 7.644, 6.64, 6.084, 6.232, 6.05, 5.923, 6.092, 6.163, 6.196, 5.811, 5.117, 4.303, 3.049, 2.425, 2.398, 2.741, 4.018, 5.105, 4.926, 4.668, 4.558, 3.485, 3.094, 2.386, 1.372, 0.0, 1.045, 1.198, 1.335, 1.703, 3.774, 5.119, 5.678, 6.162, 6.644, 6.637, 6.805, 6.444, 5.924, 6.025, 6.454, 6.153, 5.717, 6.778, 7.248, 6.809, 6.209, 6.319, 7.166, 8.065, 7.502, 6.617, 7.269, 7.283, 7.048, 7.507], [5.939, 5.821, 6.146, 7.498, 8.47, 8.339, 8.097, 8.944, 9.764, 9.377, 7.939, 6.675, 6.532, 6.27, 6.304, 6.76, 6.704, 6.998, 6.694, 7.264, 8.437, 9.711, 9.9, 9.806, 9.634, 9.511, 9.553, 9.297, 8.539, 8.579, 8.314, 7.307, 6.729, 6.866, 6.691, 6.554, 6.784, 6.745, 6.714, 6.166, 5.432, 4.588, 3.383, 2.74, 2.721, 3.211, 4.675, 5.766, 5.565, 5.285, 5.181, 4.151, 3.713, 3.057, 1.808, 1.045, 0.0, 1.029, 1.472, 1.913, 4.062, 5.713, 6.34, 6.816, 7.256, 7.28, 7.438, 7.05, 6.493, 6.532, 7.062, 6.669, 6.284, 7.357, 7.829, 7.278, 6.556, 6.622, 7.469, 8.443, 7.916, 7.191, 7.81, 7.802, 7.665, 8.052], [5.361, 5.197, 5.516, 6.882, 7.848, 7.705, 7.478, 8.324, 9.15, 8.762, 7.322, 6.047, 5.912, 5.632, 5.687, 6.144, 6.088, 6.393, 6.069, 6.644, 7.825, 9.095, 9.289, 9.188, 9.015, 8.892, 8.933, 8.68, 7.941, 7.989, 7.707, 6.703, 6.114, 6.254, 6.083, 6.005, 6.253, 6.261, 6.385, 6.045, 5.36, 4.558, 3.375, 2.797, 2.769, 3.175, 4.109, 5.148, 4.96, 4.642, 4.566, 3.607, 3.208, 2.507, 1.399, 1.198, 1.029, 0.0, 0.915, 1.323, 3.359, 4.997, 5.694, 6.194, 6.644, 6.663, 6.83, 6.435, 5.909, 5.874, 6.43, 6.051, 5.657, 6.727, 7.207, 6.655, 5.95, 5.941, 6.785, 7.796, 7.304, 6.589, 7.242, 7.185, 7.03, 7.447], [5.058, 4.772, 4.978, 6.379, 7.316, 7.192, 6.906, 7.756, 8.588, 8.198, 6.75, 5.468, 5.362, 5.083, 5.145, 5.605, 5.599, 5.891, 5.681, 6.183, 7.331, 8.561, 8.758, 8.609, 8.446, 8.319, 8.364, 8.096, 7.353, 7.406, 7.116, 6.132, 5.637, 5.774, 5.599, 5.475, 5.669, 5.782, 6.077, 5.762, 5.07, 4.257, 3.101, 2.554, 2.57, 2.836, 3.567, 4.567, 4.378, 4.082, 3.978, 3.028, 2.704, 2.023, 1.411, 1.335, 1.472, 0.915, 0.0, 0.972, 2.833, 4.471, 5.185, 5.667, 6.133, 6.188, 6.334, 5.939, 5.54, 5.497, 6.054, 5.675, 5.306, 6.264, 6.681, 6.123, 5.489, 5.588, 6.506, 7.42, 6.881, 6.153, 6.794, 6.643, 6.486, 6.971], [4.484, 4.35, 4.694, 6.038, 6.989, 6.841, 6.564, 7.322, 8.147, 7.766, 6.32, 5.044, 4.927, 4.627, 4.742, 5.25, 5.346, 5.596, 5.408, 5.726, 6.896, 8.165, 8.375, 8.21, 8.012, 7.906, 7.938, 7.691, 6.958, 7.052, 6.774, 5.836, 5.497, 5.491, 5.239, 5.163, 5.509, 5.877, 6.287, 6.011, 5.447, 4.73, 3.654, 3.082, 3.168, 3.333, 3.455, 4.137, 3.968, 3.65, 3.604, 2.597, 2.237, 1.762, 1.569, 1.703, 1.913, 1.323, 0.972, 0.0, 2.398, 4.005, 4.693, 5.247, 5.733, 5.744, 5.895, 5.514, 5.006, 5.041, 5.52, 5.14, 4.763, 5.795, 6.27, 5.728, 5.135, 5.229, 6.093, 6.976, 6.377, 5.631, 6.255, 6.238, 6.058, 6.474], [3.795, 3.653, 4.017, 5.132, 5.793, 5.659, 5.1, 5.644, 6.422, 5.99, 4.516, 3.432, 3.447, 3.598, 3.901, 4.335, 4.548, 4.926, 4.853, 4.962, 5.507, 6.471, 6.673, 6.499, 6.311, 6.28, 6.487, 6.259, 5.945, 5.925, 5.576, 4.861, 4.686, 4.689, 4.558, 4.523, 4.982, 5.871, 6.807, 6.951, 6.697, 6.157, 5.104, 4.662, 4.734, 4.66, 3.6, 2.817, 2.512, 2.38, 2.488, 2.59, 2.234, 2.724, 3.4, 3.774, 4.062, 3.359, 2.833, 2.398, 0.0, 2.012, 3.005, 3.481, 3.998, 4.02, 4.173, 3.772, 3.385, 3.413, 4.008, 3.62, 3.299, 4.234, 4.565, 4.0, 3.434, 3.506, 4.447, 5.326, 4.784, 4.206, 4.72, 4.471, 4.481, 4.881], [4.2, 3.95, 3.964, 4.701, 5.113, 4.759, 4.351, 4.677, 5.223, 4.856, 3.465, 2.929, 3.238, 3.371, 3.873, 4.234, 4.389, 4.502, 4.596, 4.322, 4.627, 5.309, 5.469, 5.416, 5.367, 5.455, 5.689, 5.573, 5.39, 5.154, 4.736, 4.148, 4.05, 3.86, 4.055, 4.227, 5.244, 6.316, 7.202, 7.395, 7.302, 6.898, 6.154, 5.798, 5.675, 5.384, 4.027, 2.761, 2.513, 2.461, 2.777, 3.424, 3.48, 3.787, 4.611, 5.119, 5.713, 4.997, 4.471, 4.005, 2.012, 0.0, 1.187, 1.828, 2.422, 2.421, 2.461, 2.064, 1.842, 2.046, 2.667, 2.516, 2.407, 3.193, 3.271, 2.865, 2.277, 2.426, 3.286, 3.999, 3.581, 3.12, 3.576, 3.381, 3.258, 3.649], [4.013, 3.784, 3.681, 4.18, 4.543, 4.142, 3.862, 4.077, 4.47, 4.076, 2.755, 2.665, 3.075, 3.282, 3.756, 4.036, 4.186, 4.136, 4.213, 3.839, 3.919, 4.491, 4.696, 4.691, 4.781, 4.851, 5.044, 4.932, 4.895, 4.615, 4.134, 3.65, 3.441, 3.398, 3.811, 4.018, 5.024, 6.147, 6.967, 7.284, 7.259, 7.116, 6.489, 6.081, 5.943, 5.643, 4.049, 2.825, 2.571, 2.712, 3.093, 3.726, 3.847, 4.16, 5.113, 5.678, 6.34, 5.694, 5.185, 4.693, 3.005, 1.187, 0.0, 0.956, 1.532, 1.664, 1.663, 1.424, 1.302, 1.599, 2.293, 2.414, 2.356, 2.769, 2.666, 2.206, 1.771, 2.04, 2.578, 3.173, 2.841, 2.507, 2.805, 2.642, 2.579, 2.876], [3.849, 3.719, 3.562, 3.991, 4.223, 3.774, 3.453, 3.699, 4.121, 3.708, 2.525, 2.495, 2.951, 3.312, 3.686, 3.926, 4.054, 4.026, 4.106, 3.671, 3.651, 4.189, 4.413, 4.404, 4.41, 4.501, 4.696, 4.614, 4.626, 4.321, 3.869, 3.401, 3.217, 3.314, 3.729, 4.067, 4.987, 6.163, 6.98, 7.338, 7.302, 7.176, 6.712, 6.219, 6.078, 5.738, 4.12, 2.933, 2.601, 2.807, 3.185, 3.836, 3.995, 4.369, 5.403, 6.162, 6.816, 6.194, 5.667, 5.247, 3.481, 1.828, 0.956, 0.0, 0.962, 1.273, 1.268, 1.146, 1.243, 1.6, 2.42, 2.585, 2.548, 2.597, 2.461, 2.156, 1.946, 2.143, 2.408, 2.871, 2.56, 2.351, 2.501, 2.327, 2.351, 2.646], [3.695, 3.492, 3.371, 3.912, 3.786, 3.42, 3.149, 3.387, 3.735, 3.322, 2.454, 2.365, 2.78, 3.137, 3.536, 3.915, 3.911, 3.891, 3.933, 3.357, 3.206, 3.729, 4.013, 4.109, 4.044, 4.081, 4.29, 4.257, 4.303, 4.113, 3.654, 3.307, 3.052, 3.227, 3.629, 4.038, 4.956, 6.139, 6.973, 7.363, 7.389, 7.356, 7.209, 6.562, 6.398, 6.074, 4.37, 3.235, 2.694, 2.784, 3.317, 3.927, 4.017, 4.468, 5.644, 6.644, 7.256, 6.644, 6.133, 5.733, 3.998, 2.422, 1.532, 0.962, 0.0, 0.697, 0.71, 0.834, 1.224, 1.579, 2.367, 2.523, 2.448, 2.373, 2.112, 1.875, 1.717, 1.937, 1.931, 2.266, 2.05, 1.946, 2.002, 2.069, 2.054, 2.268], [3.495, 3.28, 3.14, 3.693, 3.534, 3.234, 2.936, 3.131, 3.473, 3.14, 2.398, 2.263, 2.652, 3.007, 3.354, 3.765, 3.74, 3.667, 3.771, 3.128, 2.943, 3.489, 3.784, 3.898, 3.76, 3.81, 4.041, 4.004, 4.049, 3.948, 3.469, 3.111, 2.934, 3.072, 3.453, 3.918, 4.812, 5.996, 6.83, 7.216, 7.287, 7.253, 7.363, 6.672, 6.472, 6.158, 4.43, 3.225, 2.61, 2.743, 3.188, 3.893, 3.989, 4.478, 5.689, 6.637, 7.28, 6.663, 6.188, 5.744, 4.02, 2.421, 1.664, 1.273, 0.697, 0.0, 0.441, 0.722, 1.323, 1.702, 2.346, 2.429, 2.374, 2.261, 2.069, 1.832, 1.61, 1.786, 1.822, 2.049, 1.825, 1.768, 1.944, 1.973, 2.008, 2.161], [3.662, 3.466, 3.294, 3.787, 3.532, 3.276, 2.963, 3.113, 3.431, 3.115, 2.396, 2.368, 2.81, 3.154, 3.52, 3.849, 3.898, 3.821, 3.932, 3.301, 2.998, 3.503, 3.759, 3.837, 3.739, 3.767, 3.995, 3.953, 4.082, 3.982, 3.487, 3.153, 3.063, 3.185, 3.593, 4.012, 4.895, 6.077, 6.919, 7.299, 7.336, 7.31, 7.375, 6.743, 6.493, 6.169, 4.438, 3.25, 2.664, 2.832, 3.233, 4.014, 4.114, 4.651, 5.831, 6.805, 7.438, 6.83, 6.334, 5.895, 4.173, 2.461, 1.663, 1.268, 0.71, 0.441, 0.0, 0.672, 1.353, 1.768, 2.419, 2.543, 2.495, 2.407, 2.182, 1.837, 1.704, 1.892, 1.885, 2.021, 1.911, 1.881, 2.025, 2.03, 2.075, 2.252], [3.577, 3.35, 3.194, 3.746, 3.727, 3.319, 2.974, 3.285, 3.726, 3.317, 2.446, 2.32, 2.703, 3.077, 3.437, 3.777, 3.829, 3.758, 3.849, 3.288, 3.194, 3.837, 4.011, 4.013, 3.971, 4.05, 4.278, 4.167, 4.14, 3.986, 3.549, 3.148, 3.051, 3.09, 3.571, 3.877, 4.798, 5.985, 6.797, 7.149, 7.166, 7.101, 7.057, 6.421, 6.177, 5.863, 4.165, 2.984, 2.458, 2.588, 