[[0.0, 0.584, 1.242, 1.47, 1.861, 2.606, 2.535, 2.781, 2.799, 3.151, 2.953, 2.586, 1.912, 1.511, 2.16, 2.529, 2.523, 3.28, 3.464, 4.129, 4.705, 4.802, 5.252, 5.815, 6.026, 6.115, 7.705, 8.027, 8.037, 7.072, 6.479, 6.873, 6.655, 6.689, 6.033, 5.634, 5.791, 5.789, 5.719, 6.759, 8.545, 9.158, 8.946, 9.053, 8.335, 7.543, 6.916, 6.151, 7.504, 9.752, 11.005, 12.412, 13.013, 12.613, 12.596, 12.888, 12.401, 11.819, 11.874, 11.854, 11.44, 11.49, 11.717, 12.17, 13.702, 15.008, 14.549, 14.27, 13.831, 13.528, 13.995, 13.301, 12.33, 11.722, 10.149, 9.117, 8.411, 7.368, 7.465, 7.959, 7.764, 6.754, 5.083, 3.665, 3.235, 3.428], [0.584, 0.0, 1.146, 1.433, 1.834, 2.559, 2.481, 2.748, 2.754, 3.128, 2.897, 2.448, 1.823, 1.442, 2.16, 2.43, 2.393, 3.188, 3.355, 3.999, 4.608, 4.68, 5.14, 5.696, 5.929, 6.006, 7.599, 7.903, 7.923, 6.948, 6.367, 6.777, 6.533, 6.569, 5.911, 5.509, 5.667, 5.664, 5.599, 6.668, 8.463, 9.073, 8.861, 8.96, 8.243, 7.448, 6.826, 6.011, 7.378, 9.631, 10.918, 12.293, 12.896, 12.498, 12.481, 12.773, 12.286, 11.695, 11.756, 11.735, 11.341, 11.382, 11.627, 12.051, 13.589, 14.899, 14.44, 14.16, 13.713, 13.42, 13.902, 13.201, 12.234, 11.635, 10.056, 8.972, 8.278, 7.304, 7.364, 7.839, 7.669, 6.64, 4.946, 3.574, 3.128, 3.526], [1.242, 1.146, 0.0, 0.543, 0.961, 2.391, 2.447, 2.479, 2.502, 2.827, 2.546, 2.223, 1.863, 1.916, 2.968, 3.403, 3.316, 4.133, 4.262, 4.937, 5.561, 5.709, 6.186, 6.736, 6.966, 7.045, 8.637, 8.943, 8.956, 7.995, 7.407, 7.764, 7.561, 7.598, 6.938, 6.538, 6.708, 6.709, 6.639, 7.652, 9.429, 10.024, 9.813, 9.909, 9.178, 8.388, 7.767, 7.013, 8.409, 10.679, 11.913, 13.319, 13.922, 13.524, 13.507, 13.799, 13.312, 12.721, 12.782, 12.762, 12.374, 12.416, 12.662, 13.082, 14.613, 15.932, 15.473, 15.189, 14.74, 14.454, 14.932, 14.236, 13.24, 12.62, 11.051, 9.997, 9.382, 8.299, 8.329, 8.848, 8.662, 7.691, 5.997, 4.658, 4.139, 4.211], [1.47, 1.433, 0.543, 0.0, 0.993, 2.544, 2.595, 2.685, 2.676, 2.959, 2.704, 2.323, 2.057, 1.993, 3.084, 3.575, 3.471, 4.287, 4.408, 5.082, 5.705, 5.864, 6.336, 6.896, 7.148, 7.227, 8.812, 9.1, 9.114, 8.145, 7.56, 7.921, 7.76, 7.751, 7.139, 6.701, 6.861, 6.859, 6.799, 7.938, 9.666, 10.252, 10.01, 10.107, 9.412, 8.582, 7.961, 7.195, 8.623, 10.867, 12.076, 13.48, 14.083, 13.686, 13.669, 13.961, 13.474, 12.885, 12.945, 12.934, 12.563, 12.601, 12.85, 13.254, 14.773, 16.095, 15.636, 15.357, 14.913, 14.639, 15.125, 14.425, 13.427, 12.822, 11.231, 10.211, 9.645, 8.55, 8.492, 9.056, 8.848, 7.884, 6.168, 4.944, 4.38, 4.42], [1.861, 1.834, 0.961, 0.993, 0.0, 1.995, 2.092, 2.127, 2.075, 2.402, 2.175, 1.843, 1.528, 2.036, 3.443, 4.024, 3.952, 4.764, 4.902, 5.597, 6.223, 6.312, 6.841, 7.381, 7.589, 7.69, 9.294, 9.585, 9.612, 8.642, 8.063, 8.462, 8.22, 8.241, 7.606, 7.177, 7.344, 7.354, 7.281, 8.417, 10.212, 10.788, 10.591, 10.685, 9.955, 9.095, 8.478, 7.668, 9.065, 11.332, 12.603, 13.973, 14.576, 14.185, 14.168, 14.46, 13.973, 13.374, 13.436, 13.415, 13.014, 13.066, 13.294, 13.739, 15.274, 16.587, 16.128, 15.849, 15.41, 15.1, 15.572, 14.874, 13.919, 13.32, 11.737, 10.641, 10.007, 8.996, 9.028, 9.532, 9.362, 8.327, 6.642, 5.308, 4.813, 4.764], [2.606, 2.559, 2.391, 2.544, 1.995, 0.0, 0.563, 0.871, 0.868, 1.073, 1.038, 1.317, 1.656, 2.528, 3.754, 4.247, 4.195, 4.975, 5.165, 5.84, 6.457, 6.488, 6.997, 7.529, 7.727, 7.843, 9.448, 9.729, 9.756, 8.795, 8.249, 8.671, 8.447, 8.455, 7.847, 7.34, 7.532, 7.507, 7.479, 8.795, 10.534, 11.119, 10.868, 10.961, 10.279, 9.406, 8.753, 7.947, 9.329, 11.527, 12.823, 14.151, 14.732, 14.335, 14.325, 14.617, 14.124, 13.536, 13.594, 13.573, 13.208, 13.214, 13.444, 13.923, 15.456, 16.739, 16.286, 16.004, 15.565, 15.243, 15.743, 15.03, 14.143, 13.552, 12.011, 10.936, 10.38, 9.373, 9.259, 9.749, 9.633, 8.602, 6.87, 5.614, 5.109, 5.12], [2.535, 2.481, 2.447, 2.595, 2.092, 0.563, 0.0, 0.655, 0.758, 0.956, 1.02, 1.291, 1.596, 2.529, 3.719, 4.249, 4.25, 5.018, 5.206, 5.92, 6.468, 6.476, 6.995, 7.528, 7.724, 7.826, 9.431, 9.715, 9.742, 8.778, 8.248, 8.676, 8.378, 8.408, 7.762, 7.309, 7.482, 7.491, 7.416, 8.741, 10.457, 11.04, 10.807, 10.9, 10.185, 9.321, 8.703, 7.882, 9.26, 11.501, 12.789, 14.119, 14.722, 14.327, 14.309, 14.602, 14.115, 13.527, 13.584, 13.562, 13.184, 13.222, 13.453, 13.919, 15.459, 16.722, 16.264, 15.982, 15.542, 15.239, 15.714, 15.016, 14.131, 13.51, 11.974, 10.866, 10.291, 9.288, 9.221, 9.736, 9.563, 8.525, 6.811, 5.531, 5.024, 5.053], [2.781, 2.748, 2.479, 2.685, 2.127, 0.871, 0.655, 0.0, 0.614, 0.7, 0.867, 1.34, 1.733, 2.872, 4.209, 4.748, 4.718, 5.524, 5.672, 6.433, 6.974, 7.009, 7.528, 8.066, 8.29, 8.368, 9.959, 10.245, 10.27, 9.304, 8.792, 9.234, 8.92, 8.937, 8.285, 7.841, 8.036, 8.018, 7.939, 9.191, 10.984, 11.548, 11.35, 11.45, 10.717, 9.858, 9.249, 8.43, 9.778, 12.054, 13.349, 14.653, 15.256, 14.868, 14.85, 15.139, 14.649, 14.046, 14.117, 14.097, 13.732, 13.784, 14.033, 14.473, 16.009, 17.267, 16.813, 16.515, 16.072, 15.798, 16.27, 15.58, 14.669, 14.073, 12.504, 11.324, 10.684, 9.721, 9.761, 10.271, 10.101, 9.071, 7.32, 6.0, 5.518, 5.524], [2.799, 2.754, 2.502, 2.676, 2.075, 0.868, 0.758, 0.614, 0.0, 0.57, 0.975, 1.169, 1.623, 2.738, 4.013, 4.603, 4.562, 5.362, 5.499, 6.27, 6.788, 6.854, 7.372, 7.913, 8.102, 8.198, 9.803, 10.096, 10.123, 9.15, 8.654, 9.09, 8.804, 8.794, 8.148, 7.706, 7.903, 7.879, 7.797, 9.164, 10.932, 11.486, 11.259, 11.354, 10.655, 9.72, 9.155, 8.337, 9.687, 11.919, 13.217, 14.508, 15.111, 14.723, 14.705, 14.997, 14.51, 13.905, 13.972, 13.947, 13.565, 13.606, 13.87, 14.34, 15.881, 17.139, 16.685, 16.387, 15.939, 15.626, 16.112, 15.419, 14.535, 13.953, 12.385, 11.225, 10.586, 9.644, 9.649, 10.145, 9.999, 8.935, 7.2, 5.931, 5.452, 5.467], [3.151, 3.128, 2.827, 2.959, 2.402, 1.073, 0.956, 0.7, 0.57, 0.0, 0.78, 1.178, 1.811, 2.922, 4.271, 4.852, 4.817, 5.539, 5.646, 6.403, 6.904, 6.97, 7.476, 8.108, 8.363, 8.453, 10.047, 10.288, 10.257, 9.26, 8.775, 9.228, 8.946, 8.956, 8.334, 7.832, 8.086, 8.0, 7.949, 9.411, 11.098, 11.631, 11.424, 11.517, 10.793, 9.882, 9.303, 8.491, 9.775, 12.039, 13.324, 14.611, 15.214, 14.824, 14.829, 15.166, 14.686, 14.085, 14.152, 14.177, 13.833, 13.876, 14.146, 14.578, 16.076, 17.282, 16.802, 16.504, 16.079, 15.896, 16.364, 15.693, 14.766, 14.178, 12.567, 11.334, 10.809, 9.878, 9.762, 10.414, 10.151, 9.121, 7.385, 6.222, 5.6, 5.625], [2.953, 2.897, 2.546, 2.704, 2.175, 1.038, 1.02, 0.867, 0.975, 0.78, 0.0, 0.962, 1.482, 2.673, 4.105, 4.733, 4.646, 5.398, 5.507, 6.157, 6.754, 6.787, 7.33, 8.027, 8.287, 8.376, 9.971, 10.209, 10.179, 9.143, 8.596, 9.102, 8.822, 8.87, 8.258, 7.695, 7.953, 7.831, 7.857, 9.231, 10.923, 11.4, 11.198, 11.29, 10.557, 9.654, 9.12, 8.261, 9.588, 11.856, 13.13, 14.457, 15.113, 14.727, 14.736, 15.073, 14.596, 13.996, 14.063, 14.088, 13.742, 13.768, 14.017, 14.45, 15.947, 17.155, 16.67, 16.391, 15.974, 15.79, 16.24, 15.564, 14.635, 14.054, 12.439, 11.216, 10.735, 9.754, 9.639, 10.265, 9.995, 9.003, 7.298, 6.052, 5.442, 5.456], [2.586, 2.448, 2.223, 2.323, 1.843, 1.317, 1.291, 1.34, 1.169, 1.178, 0.962, 0.0, 0.896, 2.02, 3.491, 4.085, 3.999, 4.748, 4.86, 5.554, 6.116, 6.163, 6.656, 7.334, 7.588, 7.672, 9.267, 9.503, 9.475, 8.439, 7.961, 8.47, 8.187, 8.185, 7.565, 7.059, 7.332, 7.187, 7.182, 8.64, 10.349, 10.81, 10.619, 10.715, 9.996, 9.081, 8.532, 7.682, 8.96, 11.226, 12.509, 13.783, 14.42, 14.04, 14.049, 14.384, 13.908, 13.303, 13.37, 13.395, 13.054, 13.097, 13.375, 13.808, 15.305, 16.511, 16.027, 15.732, 15.309, 15.124, 15.587, 14.922, 14.0, 13.419, 11.802, 10.544, 9.997, 9.086, 8.996, 9.647, 9.384, 8.364, 6.599, 5.435, 4.828, 4.842], [1.912, 1.823, 1.863, 2.057, 1.528, 1.656, 1.596, 1.733, 1.623, 1.811, 1.482, 0.896, 0.0, 1.453, 2.968, 3.59, 3.51, 4.257, 4.396, 5.106, 5.672, 5.778, 6.321, 6.941, 7.195, 7.278, 8.865, 9.104, 9.074, 8.096, 7.525, 7.982, 7.696, 7.779, 7.149, 6.617, 6.841, 6.799, 6.748, 8.016, 9.753, 10.303, 10.116, 10.217, 9.484, 8.583, 8.003, 7.171, 8.521, 10.771, 12.072, 13.415, 14.015, 13.624, 13.617, 13.972, 13.492, 12.872, 12.939, 12.964, 12.607, 12.641, 12.905, 13.304, 14.796, 16.033, 15.56, 15.28, 14.858, 14.654, 15.136, 14.433, 13.503, 12.917, 11.288, 10.066, 9.409, 8.463, 8.476, 9.104, 8.815, 7.848, 6.177, 4.833, 4.26, 4.263], [1.511, 1.442, 1.916, 1.993, 2.036, 2.528, 2.529, 2.872, 2.738, 2.922, 2.673, 2.02, 1.453, 0.0, 1.604, 2.222, 2.175, 2.954, 3.146, 3.788, 4.33, 4.462, 5.005, 5.597, 5.85, 5.934, 7.521, 7.76, 7.735, 6.781, 6.18, 6.604, 6.34, 6.423, 5.807, 5.29, 5.474, 5.471, 5.411, 6.73, 8.45, 8.983, 8.795, 8.896, 8.179, 7.279, 6.682, 5.852, 7.212, 9.467, 10.704, 12.092, 12.692, 12.29, 12.273, 12.615, 12.133, 11.507, 11.574, 11.599, 11.258, 11.289, 11.515, 11.93, 13.414, 14.688, 14.235, 13.959, 13.533, 13.324, 13.785, 13.088, 12.131, 11.541, 9.924, 8.79, 8.238, 7.221, 7.146, 7.738, 7.525, 6.541, 4.833, 3.599, 2.999, 3.075], [2.16, 2.16, 2.968, 3.084, 3.443, 3.754, 3.719, 4.209, 4.013, 4.271, 4.105, 3.491, 2.968, 1.604, 0.0, 1.028, 1.119, 1.843, 2.081, 2.65, 2.964, 3.023, 3.556, 4.095, 4.305, 4.382, 5.977, 6.274, 6.295, 5.331, 4.723, 5.175, 4.962, 4.969, 4.555, 4.104, 4.026, 4.058, 4.002, 5.497, 7.186, 7.727, 7.402, 7.503, 6.806, 5.896, 5.302, 4.49, 5.783, 8.042, 9.291, 10.665, 11.266, 10.863, 10.847, 11.163, 10.665, 10.158, 10.143, 10.117, 9.722, 9.765, 10.0, 10.42, 11.953, 13.261, 12.809, 12.545, 12.104, 11.804, 12.266, 11.595, 10.677, 10.043, 8.537, 7.69, 7.111, 6.023, 5.896, 6.346, 6.275, 5.148, 3.46, 2.449, 2.473, 2.817], [2.529, 2.43, 3.403, 3.575, 4.024, 4.247, 4.249, 4.748, 4.603, 4.852, 4.733, 4.085, 3.59, 2.222, 1.028, 0.0, 0.591, 1.179, 1.382, 1.903, 2.321, 2.426, 2.918, 3.466, 3.691, 3.787, 5.351, 5.645, 5.665, 4.694, 4.203, 4.641, 4.638, 4.615, 4.319, 3.891, 3.731, 3.587, 3.7, 5.23, 6.909, 7.413, 7.004, 7.108, 6.484, 5.608, 4.915, 4.142, 5.348, 7.534, 8.675, 10.051, 10.634, 10.251, 10.242, 10.578, 10.074, 9.607, 9.566, 9.517, 9.186, 9.193, 9.429, 9.838, 11.342, 12.665, 12.23, 11.968, 11.529, 11.253, 11.772, 11.053, 10.104, 9.476, 8.142, 7.436, 6.819, 5.73, 5.482, 6.026, 6.064, 4.867, 3.147, 2.398, 2.603, 3.274], [2.523, 2.393, 3.316, 3.471, 3.952, 4.195, 4.25, 4.718, 4.562, 4.817, 4.646, 3.999, 3.51, 2.175, 1.119, 0.591, 0.0, 0.943, 1.116, 1.787, 2.34, 2.494, 3.018, 3.559, 3.799, 3.909, 5.484, 5.738, 5.759, 4.794, 4.387, 4.758, 4.808, 4.819, 4.518, 4.091, 3.891, 3.784, 3.872, 5.39, 7.046, 7.539, 7.14, 7.234, 6.617, 5.736, 5.034, 4.286, 5.493, 7.616, 8.758, 10.12, 10.723, 10.362, 10.365, 10.661, 10.188, 9.75, 9.68, 9.65, 9.303, 9.316, 9.561, 9.942, 11.443, 12.772, 12.324, 12.06, 11.628, 11.37, 11.883, 11.163, 10.261, 9.581, 8.259, 7.607, 6.99, 5.882, 5.61, 6.217, 6.25, 5.041, 3.324, 2.567, 2.9, 3.563], [3.28, 3.188, 4.133, 4.287, 4.764, 4.975, 5.018, 5.524, 5.362, 5.539, 5.398, 4.748, 4.257, 2.954, 1.843, 1.179, 0.943, 0.0, 0.626, 1.416, 1.638, 1.748, 2.233, 2.779, 3.04, 3.349, 4.856, 4.945, 4.935, 4.03, 3.764, 4.114, 4.183, 4.391, 4.165, 3.588, 3.259, 3.182, 3.318, 4.748, 6.336, 6.793, 6.43, 6.487, 5.883, 5.005, 4.262, 3.542, 4.827, 6.895, 7.983, 9.373, 9.901, 9.567, 9.537, 9.858, 9.396, 8.952, 8.891, 8.882, 8.536, 8.555, 8.793, 9.183, 10.643, 11.95, 11.524, 11.247, 10.806, 10.641, 11.168, 10.446, 9.548, 8.899, 7.593, 6.937, 6.337, 5.309, 5.108, 5.753, 5.809, 4.556, 3.088, 3.017, 3.468, 4.128], [3.464, 3.355, 4.262, 4.408, 4.902, 5.165, 5.206, 5.672, 5.499, 5.646, 5.507, 4.86, 4.396, 3.146, 2.081, 1.382, 1.116, 0.626, 0.0, 1.147, 1.578, 1.746, 2.169, 2.808, 3.069, 3.375, 4.766, 4.958, 4.92, 4.016, 3.865, 4.255, 4.364, 4.527, 4.26, 3.704, 3.422, 3.252, 3.452, 4.911, 6.42, 6.922, 6.501, 6.509, 5.909, 5.043, 4.304, 3.692, 4.922, 7.021, 8.064, 9.355, 9.935, 9.63, 9.59, 9.964, 9.525, 9.129, 9.016, 8.974, 8.609, 8.627, 8.84, 9.304, 10.702, 11.953, 11.612, 11.325, 10.861, 10.738, 11.24, 10.58, 9.707, 9.104, 7.764, 7.097, 6.534, 5.494, 5.179, 5.903, 5.867, 4.702, 3.193, 3.328, 3.755, 4.381], [4.129, 3.999, 4.937, 5.082, 5.597, 5.84, 5.92, 6.433, 6.27, 6.403, 6.157, 5.554, 5.106, 3.788, 2.65, 1.903, 1.787, 1.416, 1.147, 0.0, 1.068, 1.087, 1.488, 2.224, 2.473, 2.631, 4.149, 4.334, 4.304, 3.322, 3.051, 3.564, 3.665, 3.762, 3.484, 2.937, 2.741, 2.49, 2.734, 4.246, 5.763, 6.205, 5.784, 5.798, 5.193, 4.344, 3.642, 2.984, 4.171, 6.304, 7.363, 8.695, 9.272, 8.987, 8.982, 9.321, 8.892, 8.493, 8.36, 8.356, 8.057, 8.031, 8.269, 8.66, 10.116, 11.391, 10.936, 10.669, 10.252, 10.102, 10.63, 9.924, 9.057, 8.462, 7.115, 6.428, 5.891, 4.785, 4.419, 5.164, 5.085, 3.945, 2.777, 3.363, 3.799, 4.459], [4.705, 4.608, 5.561, 5.705, 6.223, 6.457, 6.468, 6.974, 6.788, 6.904, 6.754, 6.116, 5.672, 4.33, 2.964, 2.321, 2.34, 1.638, 1.578, 1.068, 0.0, 0.651, 1.024, 1.546, 1.798, 2.139, 3.576, 3.715, 3.656, 2.696, 2.501, 2.927, 3.056, 3.247, 3.014, 2.451, 2.129, 2.004, 2.159, 3.572, 5.124, 5.551, 5.164, 5.215, 4.611, 3.7, 3.02, 2.329, 3.588, 5.684, 6.694, 8.061, 8.639, 8.328, 8.328, 8.699, 8.249, 7.825, 7.734, 7.708, 7.34, 7.358, 7.59, 8.021, 9.439, 10.708, 10.308, 10.024, 9.595, 9.455, 9.969, 9.296, 8.381, 7.78, 6.45, 5.771, 5.22, 4.178, 3.919, 4.626, 4.602, 3.433, 2.726, 3.436, 3.933, 4.584], [4.802, 4.68, 5.709, 5.864, 6.312, 6.488, 6.476, 7.009, 6.854, 6.97, 6.787, 6.163, 5.778, 4.462, 3.023, 2.426, 2.494, 1.748, 1.746, 1.087, 0.651, 0.0, 0.711, 1.411, 1.694, 2.045, 3.529, 3.575, 3.515, 2.575, 2.446, 3.009, 3.069, 3.231, 3.011, 2.344, 2.072, 1.906, 2.119, 3.612, 5.2, 5.592, 5.204, 5.24, 4.633, 3.752, 3.093, 2.272, 3.501, 5.584, 6.696, 7.935, 8.507, 8.198, 8.185, 8.531, 8.08, 7.697, 7.564, 7.517, 7.248, 7.207, 7.451, 7.89, 9.353, 10.579, 10.151, 9.866, 9.469, 9.33, 9.919, 9.194, 8.405, 7.843, 6.53, 5.716, 5.163, 4.252, 4.067, 4.675, 4.713, 3.449, 2.546, 3.272, 3.756, 4.504], [5.252, 5.14, 6.186, 6.336, 6.841, 6.997, 6.995, 7.528, 7.372, 7.476, 7.33, 6.656, 6.321, 5.005, 3.556, 2.918, 3.018, 2.233, 2.169, 1.488, 1.024, 0.711, 0.0, 0.92, 1.208, 1.629, 3.013, 3.044, 2.969, 2.155, 2.129, 2.693, 2.783, 2.833, 2.652, 2.074, 1.762, 1.619, 1.821, 3.304, 4.873, 5.264, 4.877, 4.929, 4.333, 3.518, 2.816, 1.949, 3.159, 5.245, 6.308, 7.402, 8.012, 7.705, 7.651, 8.044, 7.597, 7.262, 7.152, 7.067, 6.714, 6.756, 7.016, 7.536, 8.931, 10.135, 9.802, 9.499, 9.038, 8.92, 9.434, 8.859, 8.086, 7.505, 6.219, 5.402, 4.785, 3.949, 3.745, 4.356, 4.393, 3.138, 2.436, 3.31, 3.871, 4.576], [5.815, 5.696, 6.736, 6.896, 7.381, 7.529, 7.528, 8.066, 7.913, 8.108, 8.027, 7.334, 6.941, 5.597, 4.095, 3.466, 3.559, 2.779, 2.808, 2.224, 1.546, 1.411, 0.92, 0.0, 0.563, 1.159, 2.409, 2.37, 2.323, 1.76, 1.85, 2.196, 2.376, 2.366, 2.292, 2.112, 1.483, 1.526, 1.524, 2.791, 4.324, 4.776, 4.44, 4.602, 4.028, 3.267, 2.465, 1.724, 2.784, 4.803, 5.846, 6.901, 7.312, 7.016, 6.934, 7.271, 6.826, 6.585, 6.471, 6.334, 6.007, 6.041, 6.305, 6.812, 8.235, 9.514, 9.194, 8.889, 8.42, 8.215, 8.735, 8.177, 7.4, 6.815, 5.553, 4.815, 4.108, 3.343, 3.323, 3.763, 3.931, 2.837, 2.643, 3.507, 4.15, 4.881], [6.026, 5.929, 6.966, 7.148, 7.589, 7.727, 7.724, 8.29, 8.102, 8.363, 8.287, 7.588, 7.195, 5.85, 4.305, 3.691, 3.799, 3.04, 3.069, 2.473, 1.798, 1.694, 1.208, 0.563, 0.0, 0.925, 2.086, 2.154, 2.14, 1.554, 1.711, 1.99, 2.164, 2.147, 2.183, 2.145, 1.458, 1.458, 1.534, 2.758, 4.194, 4.598, 4.298, 4.489, 3.933, 3.185, 2.41, 1.689, 2.547, 4.595, 5.652, 6.674, 7.086, 6.755, 6.743, 7.057, 6.587, 6.36, 6.207, 6.098, 5.776, 5.775, 6.031, 6.557, 8.052, 9.288, 8.93, 8.624, 8.162, 7.892, 8.451, 7.9, 7.176, 6.572, 5.35, 4.622, 3.903, 3.142, 3.047, 3.451, 3.645, 2.713, 2.587, 3.426, 4.102, 4.84], [6.115, 6.006, 7.045, 7.227, 7.69, 7.843, 7.826, 8.368, 8.198, 8.453, 8.376, 7.672, 7.278, 5.934, 4.382, 3.787, 3.909, 3.349, 3.375, 2.631, 2.139, 2.045, 1.629, 1.159, 0.925, 0.0, 1.659, 1.978, 1.951, 1.138, 1.046, 1.418, 1.541, 1.544, 1.574, 1.624, 1.024, 0.996, 1.143, 2.195, 3.689, 4.154, 3.793, 4.05, 3.491, 2.749, 2.045, 1.522, 2.017, 4.126, 5.255, 6.377, 6.947, 6.619, 6.622, 6.919, 6.449, 6.021, 5.923, 5.873, 5.557, 5.552, 5.857, 6.31, 7.818, 9.087, 8.649, 8.367, 7.916, 7.617, 8.1, 7.485, 6.738, 6.124, 4.851, 4.064, 3.383, 2.647, 2.456, 2.786, 2.961, 2.155, 2.109, 3.095, 3.772, 4.461], [7.705, 7.599, 8.637, 8.812, 9.294, 9.448, 9.431, 9.959, 9.803, 10.047, 9.971, 9.267, 8.865, 7.521, 5.977, 5.351, 5.484, 4.856, 4.766, 4.149, 3.576, 3.529, 3.013, 2.409, 2.086, 1.659, 0.0, 0.696, 0.865, 1.123, 1.594, 1.278, 1.519, 1.608, 1.98, 2.389, 2.159, 2.199, 2.259, 1.703, 2.515, 2.927, 2.625, 2.888, 2.339, 2.185, 2.316, 2.62, 1.372, 2.845, 3.947, 4.951, 5.414, 5.108, 5.141, 5.432, 4.981, 4.717, 4.565, 4.466, 4.19, 4.16, 4.443, 4.944, 6.397, 7.62, 7.283, 6.981, 6.489, 6.253, 6.749, 6.219, 5.458, 4.867, 3.604, 2.932, 2.546, 2.349, 2.233, 2.141, 2.613, 2.471, 3.097, 4.356, 4.886, 5.51], [8.027, 7.903, 8.943, 9.1, 9.585, 9.729, 9.715, 10.245, 10.096, 10.288, 10.209, 9.503, 9.104, 7.76, 6.274, 5.645, 5.738, 4.945, 4.958, 4.334, 3.715, 3.575, 3.044, 2.37, 2.154, 1.978, 0.696, 0.0, 0.559, 1.171, 1.791, 1.553, 1.764, 1.888, 2.298, 2.597, 2.346, 2.445, 2.437, 1.88, 2.39, 2.763, 2.501, 2.673, 2.233, 2.179, 2.143, 2.619, 1.69, 2.753, 3.816, 4.763, 5.136, 4.937, 4.886, 5.176, 4.749, 4.544, 4.38, 4.244, 3.966, 3.939, 4.218, 4.713, 6.12, 7.347, 7.055, 6.755, 6.251, 6.119, 6.696, 6.148, 5.381, 4.789, 3.521, 3.054, 2.636, 2.651, 2.582, 2.575, 2.82, 2.665, 3.384, 4.674, 5.17, 5.774], [8.037, 7.923, 8.956, 9.114, 9.612, 9.756, 9.742, 10.27, 10.123, 10.257, 10.179, 9.475, 9.074, 7.735, 6.295, 5.665, 5.759, 4.935, 4.92, 4.304, 3.656, 3.515, 2.969, 2.323, 2.14, 1.951, 0.865, 0.559, 0.0, 1.076, 1.706, 1.497, 1.57, 1.734, 2.195, 2.524, 2.298, 2.405, 2.366, 1.875, 2.384, 2.773, 2.519, 2.742, 2.278, 2.096, 1.976, 2.42, 1.468, 2.841, 3.832, 4.739, 5.163, 4.961, 4.866, 5.21, 4.813, 4.558, 4.403, 4.271, 3.981, 3.962, 4.236, 4.755, 6.118, 7.268, 7.038, 6.738, 6.234, 6.163, 6.746, 6.2, 5.432, 4.835, 3.572, 2.907, 2.427, 2.414, 2.372, 2.46, 2.571, 2.476, 3.347, 4.662, 5.043, 5.565], [7.072, 6.948, 7.995, 8.145, 8.642, 8.795, 8.778, 9.304, 9.15, 9.26, 9.143, 8.439, 8.096, 6.781, 5.331, 4.694, 4.794, 4.03, 4.016, 3.322, 2.696, 2.575, 2.155, 1.76, 1.554, 1.138, 1.123, 1.171, 1.076, 0.0, 0.819, 1.056, 1.239, 1.411, 1.669, 1.712, 1.395, 1.358, 1.506, 1.595, 2.853, 3.218, 2.894, 3.097, 2.55, 1.9, 1.522, 1.586, 1.31, 3.282, 4.326, 5.489, 6.036, 5.694, 5.711, 6.079, 5.613, 5.22, 5.08, 5.066, 4.805, 4.773, 5.044, 5.501, 6.966, 8.171, 7.745, 7.434, 7.027, 6.855, 7.407, 6.755, 6.002, 5.424, 4.116, 3.302, 2.705, 2.35, 2.191, 2.445, 2.495, 2.25, 2.615, 3.835, 4.361, 4.994], [6.479, 6.367, 7.407, 7.56, 8.063, 8.249, 8.248, 8.792, 8.654, 8.775, 8.596, 7.961, 7.525, 6.18, 4.723, 4.203, 4.387, 3.764, 3.865, 3.051, 2.501, 2.446, 2.129, 1.85, 1.711, 1.046, 1.594, 1.791, 1.706, 0.819, 0.0, 0.879, 1.039, 1.201, 1.322, 1.253, 1.042, 0.983, 1.108, 1.617, 3.048, 3.446, 3.081, 3.298, 2.716, 1.991, 1.534, 1.385, 1.372, 3.478, 4.659, 6.011, 6.624, 6.253, 6.267, 6.634, 6.16, 5.629, 5.641, 5.649, 5.31, 5.329, 5.551, 5.959, 7.438, 8.698, 8.237, 7.955, 7.545, 7.385, 7.852, 7.174, 6.222, 5.661, 4.271, 3.465, 2.933, 2.103, 1.882, 2.368, 2.33, 2.001, 2.269, 3.388, 3.866, 4.475], [6.873, 6.777, 7.764, 7.921, 8.462, 8.671, 8.676, 9.234, 9.09, 9.228, 9.102, 8.47, 7.982, 6.604, 5.175, 4.641, 4.758, 4.114, 4.255, 3.564, 2.927, 3.009, 2.693, 2.196, 1.99, 1.418, 1.278, 1.553, 1.497, 1.056, 0.879, 0.0, 0.852, 1.083, 1.377, 1.587, 1.38, 1.484, 1.412, 1.302, 2.551, 3.012, 2.707, 2.958, 2.372, 1.697, 1.65, 1.792, 1.165, 3.074, 4.184, 5.576, 6.164, 5.784, 5.776, 6.122, 5.648, 5.16, 5.122, 5.149, 4.816, 4.836, 5.058, 5.448, 6.934, 8.205, 7.743, 7.473, 7.026, 6.872, 7.343, 6.652, 5.718, 5.049, 3.671, 2.919, 2.447, 1.726, 1.56, 1.855, 2.174, 1.876, 2.494, 3.721, 4.17, 4.739], [6.655, 6.533, 7.561, 7.76, 8.22, 8.447, 8.378, 8.92, 8.804, 8.946, 8.822, 8.187, 7.696, 6.34, 4.962, 4.638, 4.808, 4.183, 4.364, 3.665, 3.056, 3.069, 2.783, 2.376, 2.164, 1.541, 1.519, 1.764, 1.57, 1.239, 1.039, 0.852, 0.0, 0.813, 1.021, 1.28, 1.137, 1.319, 1.31, 1.431, 2.477, 2.944, 2.798, 3.075, 2.43, 1.905, 1.8, 1.724, 1.075, 3.197, 4.457, 5.793, 6.396, 5.998, 5.98, 6.301, 5.821, 5.256, 5.296, 5.319, 4.954, 4.989, 5.233, 5.67, 7.167, 8.396, 7.949, 7.667, 7.227, 7.033, 7.508, 6.824, 5.875, 5.304, 3.699, 2.82, 2.294, 1.588, 1.604, 1.765, 1.997, 1.605, 2.107, 3.314, 3.698, 4.239], [6.689, 6.569, 7.598, 7.751, 8.241, 8.455, 8.408, 8.937, 8.794, 8.956, 8.87, 8.185, 7.779, 6.423, 4.969, 4.615, 4.819, 4.391, 4.527, 3.762, 3.247, 3.231, 2.833, 2.366, 2.147, 1.544, 1.608, 1.888, 1.734, 1.411, 1.201, 1.083, 0.813, 0.0, 0.799, 1.311, 1.403, 1.545, 1.368, 1.848, 2.682, 3.182, 2.879, 3.164, 2.715, 2.307, 2.064, 1.953, 1.277, 3.25, 4.51, 5.759, 6.362, 5.973, 5.954, 6.256, 5.767, 5.225, 5.252, 5.278, 4.918, 4.976, 5.252, 5.702, 7.193, 8.445, 7.991, 7.704, 7.252, 7.016, 7.481, 6.83, 5.933, 5.324, 3.818, 2.981, 2.374, 1.748, 1.534, 1.765, 1.88, 1.413, 2.27, 3.421, 3.88, 4.323], [6.033, 5.911, 6.938, 7.139, 7.606, 7.847, 7.762, 8.285, 8.148, 8.334, 8.258, 7.565, 7.149, 5.807, 4.555, 4.319, 4.518, 4.165, 4.26, 3.484, 3.014, 3.011, 2.652, 2.292, 2.183, 1.574, 1.98, 2.298, 2.195, 1.669, 1.322, 1.377, 1.021, 0.799, 0.0, 0.834, 1.16, 1.344, 1.337, 1.879, 3.07, 3.632, 3.401, 3.611, 2.974, 2.489, 2.094, 1.724, 1.572, 3.831, 5.131, 6.413, 7.017, 6.628, 6.613, 6.904, 6.415, 5.836, 5.885, 5.897, 5.535, 5.572, 5.845, 6.294, 7.802, 9.062, 8.607, 8.308, 7.871, 7.613, 8.102, 7.429, 6.509, 5.916, 4.307, 3.336, 2.72, 1.779, 1.661, 2.232, 2.153, 1.375, 1.909, 2.975, 3.332, 3.874], [5.634, 5.509, 6.538, 6.701, 7.177, 7.34, 7.309, 7.841, 7.706, 7.832, 7.695, 7.059, 6.617, 5.29, 4.104, 3.891, 4.091, 3.588, 3.704, 2.937, 2.451, 2.344, 2.074, 2.112, 2.145, 1.624, 2.389, 2.597, 2.524, 1.712, 1.253, 1.587, 1.28, 1.311, 0.834, 0.0, 0.896, 1.154, 1.17, 2.004, 3.487, 4.005, 3.719, 3.909, 3.265, 2.533, 1.962, 1.43, 2.038, 4.242, 5.525, 6.843, 7.454, 7.065, 7.077, 7.42, 6.937, 6.333, 6.401, 6.427, 6.084, 6.109, 6.352, 6.795, 8.296, 9.498, 9.015, 8.729, 8.325, 8.149, 8.608, 7.945, 7.039, 6.437, 4.843, 3.762, 3.279, 2.272, 2.135, 2.741, 2.596, 1.681, 1.669, 2.655, 2.969, 3.551], [5.791, 5.667, 6.708, 6.861, 7.344, 7.532, 7.482, 8.036, 7.903, 8.086, 7.953, 7.332, 6.841, 5.474, 4.026, 3.731, 3.891, 3.259, 3.422, 2.741, 2.129, 2.072, 1.762, 1.483, 1.458, 1.024, 2.159, 2.346, 2.298, 1.395, 1.042, 1.38, 1.137, 1.403, 1.16, 0.896, 0.0, 0.646, 0.858, 1.823, 3.333, 3.837, 3.547, 3.749, 3.116, 2.329, 1.647, 0.944, 1.872, 4.105, 5.353, 6.672, 7.276, 6.89, 6.86, 7.178, 6.722, 6.164, 6.189, 6.185, 5.844, 5.872, 6.108, 6.565, 8.046, 9.277, 8.857, 8.554, 8.113, 7.935, 8.392, 7.734, 6.795, 6.223, 4.664, 3.788, 3.227, 2.291, 2.298, 2.706, 2.736, 1.797, 1.767, 2.719, 3.193, 3.885], [5.789, 5.664, 6.709, 6.859, 7.354, 7.507, 7.491, 8.018, 7.879, 8.0, 7.831, 7.187, 6.799, 5.471, 4.058, 3.587, 3.784, 3.182, 3.252, 2.49, 2.004, 1.906, 1.619, 1.526, 1.458, 0.996, 2.199, 2.445, 2.405, 1.358, 0.983, 1.484, 1.319, 1.545, 1.344, 1.154, 0.646, 0.0, 0.828, 2.052, 3.579, 3.987, 3.661, 3.813, 3.165, 2.388, 1.788, 1.128, 1.94, 4.148, 5.408, 6.691, 7.347, 6.97, 6.972, 7.322, 6.856, 6.296, 6.318, 6.323, 6.009, 6.025, 6.266, 6.714, 8.197, 9.408, 8.942, 8.652, 8.245, 8.088, 8.534, 7.869, 6.956, 6.376, 4.88, 3.984, 3.455, 2.538, 2.335, 2.863, 2.896, 2.162, 1.971, 2.845, 3.409, 4.08], [5.719, 5.599, 6.639, 6.799, 7.281, 7.479, 7.416, 7.939, 7.797, 7.949, 7.857, 7.182, 6.748, 5.411, 4.002, 3.7, 3.872, 3.318, 3.452, 2.734, 2.159, 2.119, 1.821, 1.524, 1.534, 1.143, 2.259, 2.437, 2.366, 1.506, 1.108, 1.412, 1.31, 1.368, 1.337, 1.17, 0.858, 0.828, 0.0, 1.799, 3.41, 3.927, 3.622, 3.757, 3.101, 2.284, 1.723, 1.273, 2.008, 4.158, 5.444, 6.736, 7.34, 6.954, 6.92, 7.267, 6.804, 6.238, 6.262, 6.258, 5.92, 5.959, 6.212, 6.662, 8.143, 9.361, 8.939, 8.625, 8.185, 8.012, 8.438, 7.816, 6.89, 6.319, 4.721, 3.814, 3.256, 2.417, 2.423, 2.757, 2.825, 2.099, 2.012, 2.983, 3.573, 4.273], [6.759, 6.668, 7.652, 7.938, 8.417, 8.795, 8.741, 9.191, 9.164, 9.411, 9.231, 8.64, 8.016, 6.73, 5.497, 5.23, 5.39, 4.748, 4.911, 4.246, 3.572, 3.612, 3.304, 2.791, 2.758, 2.195, 1.703, 1.88, 1.875, 1.595, 1.617, 1.302, 1.431, 1.848, 1.879, 2.004, 1.823, 2.052, 1.799, 0.0, 1.81, 2.454, 2.289, 2.448, 1.728, 1.154, 1.427, 1.806, 1.614, 3.348, 4.546, 5.854, 6.449, 6.062, 6.057, 6.301, 5.836, 5.273, 5.288, 5.273, 4.907, 4.953, 5.185, 5.621, 7.107, 8.418, 7.984, 7.701, 7.264, 7.029, 7.594, 6.863, 5.852, 5.239, 3.668, 2.755, 2.204, 2.001, 2.461, 2.248, 2.521, 2.507, 3.061, 3.973, 4.532, 4.882], [8.545, 8.463, 9.429, 9.666, 10.212, 10.534, 10.457, 10.984, 10.932, 11.098, 10.923, 10.349, 9.753, 8.45, 7.186, 6.909, 7.046, 6.336, 6.42, 5.763, 5.124, 5.2, 4.873, 4.324, 4.194, 3.689, 2.515, 2.39, 2.384, 2.853, 3.048, 2.551, 2.477, 2.682, 3.07, 3.487, 3.333, 3.579, 3.41, 1.81, 0.0, 0.87, 0.823, 1.168, 1.193, 1.869, 2.347, 3.079, 2.161, 2.113, 3.141, 4.354, 4.911, 4.534, 4.536, 4.776, 4.299, 3.719, 3.754, 3.743, 3.501, 3.47, 3.644, 4.175, 5.534, 6.8, 6.377, 6.12, 5.663, 5.598, 6.133, 5.427, 4.395, 3.761, 2.188, 1.889, 2.059, 2.481, 2.775, 2.607, 2.714, 2.966, 4.465, 5.49, 5.878, 5.98], [9.158, 9.073, 10.024, 10.252, 10.788, 11.119, 11.04, 11.548, 11.486, 11.631, 11.4, 10.81, 10.303, 8.983, 7.727, 7.413, 7.539, 6.793, 6.922, 6.205, 5.551, 5.592, 5.264, 4.776, 4.598, 4.154, 2.927, 2.763, 2.773, 3.218, 3.446, 3.012, 2.944, 3.182, 3.632, 4.005, 3.837, 3.987, 3.927, 2.454, 0.87, 0.0, 0.699, 0.958, 1.263, 2.186, 2.781, 3.434, 2.435, 1.802, 2.58, 3.629, 4.29, 3.929, 3.946, 4.166, 3.726, 3.178, 3.194, 3.163, 3.065, 3.051, 3.205, 3.57, 4.933, 6.2, 5.768, 5.498, 5.096, 5.001, 5.57, 4.831, 3.822, 3.194, 1.712, 1.74, 2.421, 2.939, 3.225, 2.926, 2.994, 3.38, 4.872, 5.943, 6.339, 6.423], [8.946, 8.861, 9.813, 10.01, 10.591, 10.868, 10.807, 11.35, 11.259, 11.424, 11.198, 10.619, 10.116, 8.795, 7.402, 7.004, 7.14, 6.43, 6.501, 5.784, 5.164, 5.204, 4.877, 4.44, 4.298, 3.793, 2.625, 2.501, 2.519, 2.894, 3.081, 2.707, 2.798, 2.879, 3.401, 3.719, 3.547, 3.661, 3.622, 2.289, 0.823, 0.699, 0.0, 0.56, 0.986, 1.868, 2.42, 3.157, 2.32, 2.164, 2.936, 3.943, 4.582, 4.228, 4.245, 4.447, 3.953, 3.454, 3.421, 3.43, 3.294, 3.31, 3.457, 3.888, 5.153, 6.416, 6.0, 5.735, 5.305, 5.266, 5.794, 5.087, 4.057, 3.42, 2.137, 2.159, 2.577, 3.01, 3.194, 3.022, 3.055, 3.35, 4.783, 5.893, 6.309, 6.421], [9.053, 8.96, 9.909, 10.107, 10.685, 10.961, 10.9, 11.45, 11.354, 11.517, 11.29, 10.715, 10.217, 8.896, 7.503, 7.108, 7.234, 6.487, 6.509, 5.798, 5.215, 5.24, 4.929, 4.602, 4.489, 4.05, 2.888, 2.673, 2.742, 3.097, 3.298, 2.958, 3.075, 3.164, 3.611, 3.909, 3.749, 3.813, 3.757, 2.448, 1.168, 0.958, 0.56, 0.0, 0.857, 1.832, 2.446, 3.332, 2.58, 2.397, 3.034, 3.982, 4.596, 4.224, 4.229, 4.447, 4.034, 3.506, 3.54, 3.573, 3.499, 3.43, 3.554, 3.889, 5.185, 6.435, 6.039, 5.772, 5.333, 5.354, 5.92, 5.192, 4.175, 3.552, 2.302, 2.507, 2.943, 3.331, 3.545, 3.41, 3.456, 3.691, 5.057, 6.173, 6.606, 6.746], [8.335, 8.243, 9.178, 9.412, 9.955, 10.279, 10.185, 10.717, 10.655, 10.793, 10.557, 9.996, 9.484, 8.179, 6.806, 6.484, 6.617, 5.883, 5.909, 5.193, 4.611, 4.633, 4.333, 4.028, 3.933, 3.491, 2.339, 2.233, 2.278, 2.55, 2.716, 2.372, 2.43, 2.715, 2.974, 3.265, 3.116, 3.165, 3.101, 1.728, 1.193, 1.263, 0.986, 0.857, 0.0, 1.084, 1.78, 2.679, 2.119, 2.613, 3.585, 4.718, 5.354, 4.97, 5.004, 5.209, 4.794, 4.246, 4.256, 4.191, 4.056, 3.91, 4.101, 4.611, 5.955, 7.206, 6.791, 6.528, 6.117, 6.084, 6.665, 5.924, 4.922, 4.273, 2.83, 2.452, 2.777, 2.947, 3.238, 3.078, 3.113, 3.314, 4.401, 5.487, 5.918, 6.1], [7.543, 7.448, 8.388, 8.582, 9.095, 9.406, 9.321, 9.858, 9.72, 9.882, 9.654, 9.081, 8.583, 7.279, 5.896, 5.608, 5.736, 5.005, 5.043, 4.344, 3.7, 3.752, 3.518, 3.267, 3.185, 2.749, 2.185, 2.179, 2.096, 1.9, 1.991, 1.697, 1.905, 2.307, 2.489, 2.533, 2.329, 2.388, 2.284, 1.154, 1.869, 2.186, 1.868, 1.832, 1.084, 0.0, 0.985, 1.909, 1.934, 3.399, 4.533, 5.693, 6.315, 5.914, 5.945, 6.159, 5.746, 5.184, 5.207, 5.108, 4.853, 4.784, 5.026, 5.569, 6.893, 8.158, 7.759, 7.496, 7.073, 7.06, 7.626, 6.894, 5.881, 5.232, 3.767, 3.02, 2.667, 2.616, 2.81, 2.736, 2.779, 2.867, 3.697, 4.832, 5.29, 5.546], [6.916, 6.826, 7.767, 7.961, 8.478, 8.753, 8.703, 9.249, 9.155, 9.303, 9.12, 8.532, 8.003, 6.682, 5.302, 4.915, 5.034, 4.262, 4.304, 3.642, 3.02, 3.093, 2.816, 2.465, 2.41, 2.045, 2.316, 2.143, 1.976, 1.522, 1.534, 1.65, 1.8, 2.064, 2.094, 1.962, 1.647, 1.788, 1.723, 1.427, 2.347, 2.781, 2.42, 2.446, 1.78, 0.985, 0.0, 1.274, 2.025, 3.715, 4.836, 6.119, 6.634, 6.301, 6.293, 6.604, 6.183, 5.686, 5.657, 5.594, 5.231, 5.237, 5.46, 5.953, 7.358, 8.63, 8.232, 7.945, 7.545, 7.445, 8.017, 7.279, 6.268, 5.674, 4.194, 3.436, 2.886, 2.463, 2.618, 3.062, 2.605, 2.424, 3.075, 4.2, 4.634, 4.94], [6.151, 6.011, 7.013, 7.195, 7.668, 7.947, 7.882, 8.43, 8.337, 8.491, 8.261, 7.682, 7.171, 5.852, 4.49, 4.142, 4.286, 3.542, 3.692, 2.984, 2.329, 2.272, 1.949, 1.724, 1.689, 1.522, 2.62, 2.619, 2.42, 1.586, 1.385, 1.792, 1.724, 1.953, 1.724, 1.43, 0.944, 1.128, 1.273, 1.806, 3.079, 3.434, 3.157, 3.332, 2.679, 1.909, 1.274, 0.0, 2.129, 4.103, 5.269, 6.607, 7.23, 6.862, 6.876, 7.159, 6.741, 6.189, 6.201, 6.143, 5.783, 5.785, 6.034, 6.524, 7.951, 9.219, 8.801, 8.525, 8.125, 7.977, 8.551, 7.823, 6.828, 6.235, 4.754, 3.949, 3.37, 2.609, 2.712, 3.166, 2.984, 2.092, 2.284, 3.168, 3.669, 4.105], [7.504, 7.378, 8.409, 8.623, 9.065, 9.329, 9.26, 9.778, 9.687, 9.775, 9.588, 8.96, 8.521, 7.212, 5.783, 5.348, 5.493, 4.827, 4.922, 4.171, 3.588, 3.501, 3.159, 2.784, 2.547, 2.017, 1.372, 1.69, 1.468, 1.31, 1.372, 1.165, 1.075, 1.277, 1.572, 2.038, 1.872, 1.94, 2.008, 1.614, 2.161, 2.435, 2.32, 2.58, 2.119, 1.934, 2.025, 2.129, 0.0, 2.34, 3.619, 4.986, 5.642, 5.288, 5.254, 5.625, 5.194, 4.648, 4.654, 4.633, 4.258, 4.319, 4.545, 5.002, 6.442, 7.674, 7.261, 6.976, 6.57, 6.419, 6.853, 6.212, 5.241, 4.72, 3.179, 2.357, 1.884, 1.379, 1.488, 1.597, 1.758, 1.634, 2.76, 4.02, 4.421, 4.86], [9.752, 9.631, 10.679, 10.867, 11.332, 11.527, 11.501, 12.054, 11.919, 12.039, 11.856, 11.226, 10.771, 9.467, 8.042, 7.534, 7.616, 6.895, 7.021, 6.304, 5.684, 5.584, 5.245, 4.803, 4.595, 4.126, 2.845, 2.753, 2.841, 3.282, 3.478, 3.074, 3.197, 3.25, 3.831, 4.242, 4.105, 4.148, 4.158, 3.348, 2.113, 1.802, 2.164, 2.397, 2.613, 3.399, 3.715, 4.103, 2.34, 0.0, 1.36, 2.76, 3.409, 3.026, 3.03, 3.381, 2.925, 2.439, 2.531, 2.517, 2.207, 2.195, 2.317, 2.734, 4.204, 5.435, 4.99, 4.709, 4.304, 4.155, 4.63, 3.981, 3.023, 2.456, 1.291, 1.388, 2.148, 2.686, 2.581, 2.182, 2.486, 3.141, 4.808, 6.251, 6.633, 6.885], [11.005, 10.918, 11.913, 12.076, 12.603, 12.823, 12.789, 13.349, 13.217, 13.324, 13.13, 12.509, 12.072, 10.704, 9.291, 8.675, 8.758, 7.983, 8.064, 7.363, 6.694, 6.696, 6.308, 5.846, 5.652, 5.255, 3.947, 3.816, 3.832, 4.326, 4.659, 4.184, 4.457, 4.51, 5.131, 5.525, 5.353, 5.408, 5.444, 4.546, 3.141, 2.58, 2.936, 3.034, 3.585, 4.533, 4.836, 5.269, 3.619, 1.36, 0.0, 1.583, 2.247, 1.896, 1.903, 2.26, 1.949, 1.686, 1.827, 1.795, 1.666, 1.58, 1.466, 1.631, 3.019, 4.281, 3.845, 3.577, 3.158, 2.993, 3.551, 2.85, 2.016, 1.649, 1.529, 2.401, 3.23, 3.866, 3.714, 3.252, 3.521, 4.412, 6.114, 7.558, 7.94, 8.127], [12.412, 12.293, 13.319, 13.48, 13.973, 14.151, 14.119, 14.653, 14.508, 14.611, 14.457, 13.783, 13.415, 12.092, 10.665, 10.051, 10.12, 9.373, 9.355, 8.695, 8.061, 7.935, 7.402, 6.901, 6.674, 6.377, 4.951, 4.763, 4.739, 5.489, 6.011, 5.576, 5.793, 5.759, 6.413, 6.843, 6.672, 6.691, 6.736, 5.854, 4.354, 3.629, 3.943, 3.982, 4.718, 5.693, 6.119, 6.607, 4.986, 2.76, 1.583, 0.0, 0.831, 0.823, 0.779, 0.859, 0.972, 1.366, 1.346, 1.514, 1.618, 1.688, 1.534, 0.984, 1.663, 2.861, 2.522, 2.223, 1.764, 1.696, 2.15, 1.655, 1.414, 1.344, 2.558, 3.499, 4.325, 5.222, 5.095, 4.603, 4.875, 5.753, 7.403, 8.892, 9.286, 9.541], [13.013, 12.896, 13.922, 14.083, 14.576, 14.732, 14.722, 15.256, 15.111, 15.214, 15.113, 14.42, 14.015, 12.692, 11.266, 10.634, 10.723, 9.901, 9.935, 9.272, 8.639, 8.507, 8.012, 7.312, 7.086, 6.947, 5.414, 5.136, 5.163, 6.036, 6.624, 6.164, 6.396, 6.362, 7.017, 7.454, 7.276, 7.347, 7.34, 6.449, 4.911, 4.29, 4.582, 4.596, 5.354, 6.315, 6.634, 7.23, 5.642, 3.409, 2.247, 0.831, 0.0, 0.554, 0.675, 0.637, 1.134, 1.754, 1.679, 1.794, 2.037, 2.079, 1.948, 1.352, 1.334, 2.328, 1.999, 1.776, 1.276, 1.268, 1.809, 1.463, 1.655, 1.806, 3.124, 4.093, 4.899, 5.815, 5.688, 5.185, 5.468, 6.339, 8.007, 9.492, 9.886, 10.142], [12.613, 12.498, 13.524, 13.686, 14.185, 14.335, 14.327, 14.868, 14.723, 14.824, 14.727, 14.04, 13.624, 12.29, 10.863, 10.251, 10.362, 9.567, 9.63, 8.987, 8.328, 8.198, 7.705, 7.016, 6.755, 6.619, 5.108, 4.937, 4.961, 5.694, 6.253, 5.784, 5.998, 5.973, 6.628, 7.065, 6.89, 6.97, 6.954, 6.062, 4.534, 3.929, 4.228, 4.224, 4.97, 5.914, 6.301, 6.862, 5.288, 3.026, 1.896, 0.823, 0.554, 0.0, 0.498, 0.738, 1.136, 1.527, 1.522, 1.743, 1.998, 2.088, 1.85, 1.304, 1.624, 2.678, 2.248, 1.986, 1.564, 1.437, 2.006, 1.483, 1.428, 1.492, 2.758, 3.721, 4.505, 5.424, 5.31, 4.803, 5.087, 5.957, 7.615, 9.093, 9.486, 9.744], [12.596, 12.481, 13.507, 13.669, 14.168, 14.325, 14.309, 14.85, 14.705, 14.829, 14.736, 14.049, 13.617, 12.273, 10.847, 10.242, 10.365, 9.537, 9.59, 8.982, 8.328, 8.185, 7.651, 6.934, 6.743, 6.622, 5.141, 4.886, 4.866, 5.711, 6.267, 5.776, 5.98, 5.954, 6.613, 7.077, 6.86, 6.972, 6.92, 6.057, 4.536, 3.946, 4.245, 4.229, 5.004, 5.945, 6.293, 6.876, 5.254, 3.03, 1.903, 0.779, 0.675, 0.498, 0.0, 0.68, 1.071, 1.512, 1.443, 1.605, 1.853, 1.936, 1.709, 1.16, 1.421, 2.613, 2.291, 2.029, 1.559, 1.521, 2.018, 1.479, 1.294, 1.476, 2.761, 3.735, 4.509, 5.42, 5.313, 4.797, 5.108, 5.961, 7.593, 9.073, 9.471, 9.75], [12.888, 12.773, 13.799, 13.961, 14.46, 14.617, 14.602, 15.139, 14.997, 15.166, 15.073, 14.384, 13.972, 12.615, 11.163, 10.578, 10.661, 9.858, 9.964, 9.321, 8.699, 8.531, 8.044, 7.271, 7.057, 6.919, 5.432, 5.176, 5.21, 6.079, 6.634, 6.122, 6.301, 6.256, 6.904, 7.42, 7.178, 7.322, 7.267, 6.301, 4.776, 4.166, 4.447, 4.447, 5.209, 6.159, 6.604, 7.159, 5.625, 3.381, 2.26, 0.859, 0.637, 0.738, 0.68, 0.0, 0.754, 1.391, 1.328, 1.395, 1.769, 1.712, 1.567, 1.077, 1.159, 2.315, 2.017, 1.719, 1.227, 1.286, 1.829, 1.4, 1.451, 1.555, 3.012, 4.032, 4.79, 5.724, 5.637, 5.037, 5.438, 6.233, 7.881, 9.365, 9.794, 10.075], [12.401, 12.286, 13.312, 13.474, 13.973, 14.124, 14.115, 14.649, 14.51, 14.686, 14.596, 13.908, 13.492, 12.133, 10.665, 10.074, 10.188, 9.396, 9.525, 8.892, 8.249, 8.08, 7.597, 6.826, 6.587, 6.449, 4.981, 4.749, 4.813, 5.613, 6.16, 5.648, 5.821, 5.767, 6.415, 6.937, 6.722, 6.856, 6.804, 5.836, 4.299, 3.726, 3.953, 4.034, 4.794, 5.746, 6.183, 6.741, 5.194, 2.925, 1.949, 0.972, 1.134, 1.136, 1.071, 0.754, 0.0, 0.882, 0.826, 0.987, 1.313, 1.332, 1.175, 0.83, 1.59, 2.813, 2.416, 2.161, 1.687, 1.704, 2.188, 1.776, 1.431, 1.207, 2.49, 3.556, 4.294, 5.228, 5.145, 4.538, 4.933, 5.739, 7.394, 8.882, 9.314, 9.59], [11.819, 11.695, 12.721, 12.885, 13.374, 13.536, 13.527, 14.046, 13.905, 14.085, 13.996, 13.303, 12.872, 11.507, 10.158, 9.607, 9.75, 8.952, 9.129, 8.493, 7.825, 7.697, 7.262, 6.585, 6.36, 6.021, 4.717, 4.544, 4.558, 5.22, 5.629, 5.16, 5.256, 5.225, 5.836, 6.333, 6.164, 6.296, 6.238, 5.273, 3.719, 3.178, 3.454, 3.506, 4.246, 5.184, 5.686, 6.189, 4.648, 2.439, 1.686, 1.366, 1.754, 1.527, 1.512, 1.391, 0.882, 0.0, 0.601, 0.811, 1.109, 1.09, 0.946, 1.106, 2.131, 3.322, 2.923, 2.682, 2.222, 2.169, 2.702, 2.053, 1.552, 1.194, 1.884, 2.968, 3.664, 4.632, 4.559, 3.957, 4.351, 5.127, 6.804, 8.276, 8.7, 8.99], [11.874, 11.756, 12.782, 12.945, 13.436, 13.594, 13.584, 14.117, 13.972, 14.152, 14.063, 13.37, 12.939, 11.574, 10.143, 9.566, 9.68, 8.891, 9.016, 8.36, 7.734, 7.564, 7.152, 6.471, 6.207, 5.923, 4.565, 4.38, 4.403, 5.08, 5.641, 5.122, 5.296, 5.252, 5.885, 6.401, 6.189, 6.318, 6.262, 5.288, 3.754, 3.194, 3.421, 3.54, 4.256, 5.207, 5.657, 6.201, 4.654, 2.531, 1.827, 1.346, 1.679, 1.522, 1.443, 1.328, 0.826, 0.601, 0.0, 0.552, 1.032, 1.073, 0.996, 0.965, 2.004, 3.238, 2.823, 2.564, 2.077, 2.045, 2.634, 2.004, 1.603, 1.267, 1.916, 3.006, 3.714, 4.69, 4.612, 3.998, 4.398, 5.182, 6.848, 8.34, 8.774, 9.061], [11.854, 11.735, 12.762, 12.934, 13.415, 13.573, 13.562, 14.097, 13.947, 14.177, 14.088, 13.395, 12.964, 11.599, 10.117, 9.517, 9.65, 8.882, 8.974, 8.356, 7.708, 7.517, 7.067, 6.334, 6.098, 5.873, 4.466, 4.244, 4.271, 5.066, 5.649, 5.149, 5.319, 5.278, 5.897, 6.427, 6.185, 6.323, 6.258, 5.273, 3.743, 3.163, 3.43, 3.573, 4.191, 5.108, 5.594, 6.143, 4.633, 2.517, 1.795, 1.514, 1.794, 1.743, 1.605, 1.395, 0.987, 0.811, 0.552, 0.0, 0.755, 0.884, 0.817, 0.992, 2.024, 3.288, 3.048, 2.771, 2.224, 2.227, 2.79, 2.185, 1.733, 1.342, 1.94, 3.028, 3.744, 4.681, 4.652, 3.983, 4.406, 5.187, 6.872, 8.329, 8.809, 9.089], [11.44, 11.341, 12.374, 12.563, 13.014, 13.208, 13.184, 13.732, 13.565, 13.833, 13.742, 13.054, 12.607, 11.258, 9.722, 9.186, 9.303, 8.536, 8.609, 8.057, 7.34, 7.248, 6.714, 6.007, 5.776, 5.557, 4.19, 3.966, 3.981, 4.805, 5.31, 4.816, 4.954, 4.918, 5.535, 6.084, 5.844, 6.009, 5.92, 4.907, 3.501, 3.065, 3.294, 3.499, 4.056, 4.853, 5.231, 5.783, 4.258, 2.207, 1.666, 1.618, 2.037, 1.998, 1.853, 1.769, 1.313, 1.109, 1.032, 0.755, 0.0, 0.694, 0.761, 1.273, 2.461, 3.802, 3.543, 3.265, 2.734, 2.601, 3.12, 2.565, 2.157, 1.72, 1.909, 2.754, 3.452, 4.368, 4.335, 3.643, 4.107, 4.867, 6.499, 7.88, 8.446, 8.713], [11.49, 11.382, 12.416, 12.601, 13.066, 13.214, 13.222, 13.784, 13.606, 13.876, 13.768, 13.097, 12.641, 11.289, 9.765, 9.193, 9.316, 8.555, 8.627, 8.031, 7.358, 7.207, 6.756, 6.041, 5.775, 5.552, 4.16, 3.939, 3.962, 4.773, 5.329, 4.836, 4.989, 4.976, 5.572, 6.109, 5.872, 6.025, 5.959, 4.953, 3.47, 3.051, 3.31, 3.43, 3.91, 4.784, 5.237, 5.785, 4.319, 2.195, 1.58, 1.688, 2.079, 2.088, 1.936, 1.712, 1.332, 1.09, 1.073, 0.884, 0.694, 0.0, 0.571, 1.306, 2.38, 3.686, 3.467, 3.196, 2.645, 2.544, 3.214, 2.619, 2.287, 1.87, 1.926, 2.801, 3.525, 4.425, 4.383, 3.699, 4.17, 4.946, 6.545, 7.909, 8.468, 8.742], [11.717, 11.627, 12.662, 12.85, 13.294, 13.444, 13.453, 14.033, 13.87, 14.146, 14.017, 13.375, 12.905, 11.515, 10.0, 9.429, 9.561, 8.793, 8.84, 8.269, 7.59, 7.451, 7.016, 6.305, 6.031, 5.857, 4.443, 4.218, 4.236, 5.044, 5.551, 5.058, 5.233, 5.252, 5.845, 6.352, 6.108, 6.266, 6.212, 5.185, 3.644, 3.205, 3.457, 3.554, 4.101, 5.026, 5.46, 6.034, 4.545, 2.317, 1.466, 1.534, 1.948, 1.85, 1.709, 1.567, 1.175, 0.946, 0.996, 0.817, 0.761, 0.571, 0.0, 0.95, 2.081, 3.367, 3.147, 2.882, 2.352, 2.311, 2.985, 2.34, 1.954, 1.549, 1.93, 2.966, 3.756, 4.621, 4.574, 3.885, 4.338, 5.138, 6.821, 8.173, 8.699, 8.965], [12.17, 12.051, 13.082, 13.254, 13.739, 13.923, 13.919, 14.473, 14.34, 14.578, 14.45, 13.808, 13.304, 11.93, 10.42, 9.838, 9.942, 9.183, 9.304, 8.66, 8.021, 7.89, 7.536, 6.812, 6.557, 6.31, 4.944, 4.713, 4.755, 5.501, 5.959, 5.448, 5.67, 5.702, 6.294, 6.795, 6.565, 6.714, 6.662, 5.621, 4.175, 3.57, 3.888, 3.889, 4.611, 5.569, 5.953, 6.524, 5.002, 2.734, 1.631, 0.984, 1.352, 1.304, 1.16, 1.077, 0.83, 1.106, 0.965, 0.992, 1.273, 1.306, 0.95, 0.0, 1.582, 2.872, 2.518, 2.255, 1.807, 1.725, 2.359, 1.694, 1.347, 1.06, 2.175, 3.348, 4.145, 4.987, 4.943, 4.279, 4.717, 5.514, 7.264, 8.677, 9.141, 9.39], [13.702, 13.589, 14.613, 14.773, 15.274, 15.456, 15.459, 16.009, 15.881, 16.076, 15.947, 15.305, 14.796, 13.414, 11.953, 11.342, 11.443, 10.643, 10.702, 10.116, 9.439, 9.353, 8.931, 8.235, 8.052, 7.818, 6.397, 6.12, 6.118, 6.966, 7.438, 6.934, 7.167, 7.193, 7.802, 8.296, 8.046, 8.197, 8.143, 7.107, 5.534, 4.933, 5.153, 5.185, 5.955, 6.893, 7.358, 7.951, 6.442, 4.204, 3.019, 1.663, 1.334, 1.624, 1.421, 1.159, 1.59, 2.131, 2.004, 2.024, 2.461, 2.38, 2.081, 1.582, 0.0, 1.522, 1.47, 1.342, 0.835, 1.022, 1.317, 1.12, 1.616, 2.023, 3.639, 4.832, 5.64, 6.471, 6.423, 5.805, 6.172, 7.014, 8.783, 10.221, 10.645, 10.883], [15.008, 14.899, 15.932, 16.095, 16.587, 16.739, 16.722, 17.267, 17.139, 17.282, 17.155, 16.511, 16.033, 14.688, 13.261, 12.665, 12.772, 11.95, 11.953, 11.391, 10.708, 10.579, 10.135, 9.514, 9.288, 9.087, 7.62, 7.347, 7.268, 8.171, 8.698, 8.205, 8.396, 8.445, 9.062, 9.498, 9.277, 9.408, 9.361, 8.418, 6.8, 6.2, 6.416, 6.435, 7.206, 8.158, 8.63, 9.219, 7.674, 5.435, 4.281, 2.861, 2.328, 2.678, 2.613, 2.315, 2.813, 3.322, 3.238, 3.288, 3.802, 3.686, 3.367, 2.872, 1.522, 0.0, 0.703, 0.987, 1.356, 1.664, 1.55, 2.065, 3.018, 3.345, 4.954, 6.034, 6.886, 7.785, 7.685, 7.114, 7.413, 8.303, 10.035, 11.47, 11.861, 12.118],