[[0.0, 0.793, 1.418, 1.357, 1.479, 1.601, 1.693, 2.009, 2.28, 3.277, 3.897, 3.41, 2.752, 2.532, 2.814, 3.318, 3.267, 2.57, 2.423, 2.761, 3.894, 4.811, 4.895, 5.037, 5.484, 6.764, 9.48, 11.577, 11.895, 12.516, 12.797, 12.488, 11.962, 12.207, 13.089, 13.081, 13.966, 14.324, 13.778, 14.265, 13.439, 14.013, 16.609, 17.657, 18.089, 18.161, 17.991, 17.764, 17.125, 16.96, 16.542, 15.645, 14.151, 11.64, 8.665, 6.055, 4.968, 4.921, 5.922, 6.27, 6.061, 6.664, 7.614, 7.331, 7.002, 7.444, 7.434, 6.799, 6.921, 7.531, 6.976, 7.021, 7.187, 6.656, 6.355, 6.148, 5.128, 5.187, 5.237, 5.405, 5.655, 6.956, 7.022, 6.55, 6.049, 4.893], [0.793, 0.0, 1.133, 1.755, 1.936, 2.035, 2.085, 2.369, 2.698, 3.709, 4.311, 3.813, 3.098, 2.917, 3.209, 3.596, 3.537, 2.86, 2.86, 3.081, 4.263, 5.192, 5.281, 5.402, 5.864, 7.191, 9.894, 11.982, 12.3, 12.918, 13.199, 12.911, 12.394, 12.618, 13.5, 13.511, 14.397, 14.734, 14.194, 14.675, 13.841, 14.411, 17.027, 18.085, 18.517, 18.592, 18.421, 18.176, 17.54, 17.374, 16.955, 16.056, 14.563, 12.052, 9.077, 6.457, 5.274, 5.3, 6.366, 6.751, 6.384, 6.997, 7.964, 7.728, 7.441, 7.925, 7.81, 7.155, 7.28, 7.958, 7.368, 7.477, 7.616, 7.08, 6.778, 6.569, 5.503, 5.458, 5.497, 5.688, 5.939, 7.258, 7.373, 6.82, 6.319, 5.186], [1.418, 1.133, 0.0, 1.346, 1.694, 1.782, 2.04, 2.15, 2.805, 4.37, 4.952, 4.322, 2.964, 2.638, 2.885, 3.307, 3.158, 2.527, 2.431, 2.962, 4.439, 5.492, 5.593, 5.661, 6.292, 7.793, 10.592, 12.765, 13.083, 13.685, 13.979, 13.73, 13.204, 13.406, 14.282, 14.195, 15.089, 15.454, 14.926, 15.441, 14.608, 15.177, 17.836, 18.812, 19.243, 19.312, 19.138, 18.946, 18.313, 18.15, 17.732, 16.837, 15.351, 12.84, 9.865, 7.272, 6.041, 5.983, 7.017, 7.319, 6.85, 7.133, 8.163, 8.098, 7.875, 8.499, 8.48, 7.806, 8.02, 8.778, 8.014, 8.046, 8.289, 7.718, 7.52, 7.324, 5.994, 5.565, 5.579, 5.603, 5.847, 7.173, 7.352, 6.599, 6.135, 5.172], [1.357, 1.755, 1.346, 0.0, 0.538, 0.809, 1.134, 1.181, 1.904, 3.544, 4.13, 3.506, 2.023, 1.626, 1.815, 2.406, 2.394, 1.733, 1.393, 2.006, 3.342, 4.52, 4.728, 4.794, 5.437, 6.947, 9.794, 11.97, 12.278, 12.889, 13.18, 12.928, 12.402, 12.601, 13.476, 13.323, 14.246, 14.616, 14.114, 14.637, 13.812, 14.361, 17.03, 17.979, 18.409, 18.471, 18.293, 18.109, 17.476, 17.314, 16.896, 16.0, 14.52, 12.015, 9.041, 6.47, 5.239, 5.156, 6.16, 6.385, 5.924, 6.164, 7.15, 7.099, 6.892, 7.628, 7.608, 6.978, 7.219, 7.976, 7.15, 7.19, 7.431, 6.88, 6.706, 6.528, 5.186, 4.493, 4.487, 4.531, 4.773, 6.104, 6.244, 5.645, 5.158, 4.062], [1.479, 1.936, 1.694, 0.538, 0.0, 0.805, 1.029, 1.007, 1.587, 3.199, 3.778, 3.152, 1.814, 1.508, 1.708, 2.273, 2.253, 1.569, 1.331, 1.767, 2.976, 4.14, 4.371, 4.46, 5.083, 6.582, 9.411, 11.592, 11.911, 12.511, 12.807, 12.548, 12.022, 12.223, 13.093, 12.946, 13.878, 14.248, 13.74, 14.267, 13.434, 13.996, 16.647, 17.611, 18.041, 18.102, 17.924, 17.748, 17.114, 16.952, 16.534, 15.639, 14.159, 11.657, 8.682, 6.091, 4.859, 4.791, 5.785, 6.019, 5.547, 5.795, 6.772, 6.716, 6.515, 7.252, 7.231, 6.617, 6.838, 7.597, 6.778, 6.824, 7.07, 6.513, 6.326, 6.151, 4.819, 4.177, 4.21, 4.304, 4.578, 5.851, 5.893, 5.484, 4.996, 3.817], [1.601, 2.035, 1.782, 0.809, 0.805, 0.0, 0.611, 0.783, 1.312, 2.925, 3.538, 2.914, 1.627, 1.395, 1.62, 2.312, 2.249, 1.566, 1.273, 1.812, 3.041, 4.121, 4.209, 4.3, 4.901, 6.34, 9.257, 11.438, 11.742, 12.356, 12.646, 12.356, 11.83, 12.029, 12.909, 12.746, 13.646, 14.016, 13.592, 14.104, 13.273, 13.834, 16.461, 17.361, 17.794, 17.865, 17.731, 17.525, 16.891, 16.721, 16.302, 15.405, 13.918, 11.407, 8.432, 5.904, 4.667, 4.565, 5.571, 5.913, 5.536, 5.865, 6.858, 6.79, 6.507, 7.057, 7.033, 6.384, 6.653, 7.404, 6.625, 6.642, 6.86, 6.294, 6.183, 5.999, 4.721, 4.262, 4.235, 4.266, 4.538, 5.83, 5.969, 5.443, 4.97, 3.832], [1.693, 2.085, 2.04, 1.134, 1.029, 0.611, 0.0, 0.667, 1.269, 2.784, 3.391, 2.837, 1.642, 1.515, 1.739, 2.486, 2.43, 1.783, 1.496, 1.946, 3.017, 4.077, 4.139, 4.219, 4.784, 6.258, 9.068, 11.193, 11.499, 12.096, 12.396, 12.095, 11.569, 11.771, 12.665, 12.646, 13.532, 13.865, 13.363, 13.844, 13.019, 13.607, 16.211, 17.204, 17.636, 17.711, 17.54, 17.331, 16.697, 16.524, 16.105, 15.206, 13.71, 11.199, 8.228, 5.659, 4.412, 4.378, 5.496, 5.834, 5.416, 5.768, 6.791, 6.72, 6.455, 6.98, 6.939, 6.234, 6.384, 7.147, 6.51, 6.578, 6.755, 6.201, 5.972, 5.769, 4.546, 4.243, 4.303, 4.262, 4.606, 5.828, 5.938, 5.531, 5.091, 3.819], [2.009, 2.369, 2.15, 1.181, 1.007, 0.783, 0.667, 0.0, 1.201, 2.848, 3.406, 2.792, 1.441, 1.384, 1.607, 2.242, 2.21, 1.605, 1.395, 1.755, 2.701, 3.824, 4.003, 4.079, 4.715, 6.189, 9.094, 11.273, 11.586, 12.192, 12.49, 12.194, 11.668, 11.861, 12.729, 12.541, 13.491, 13.881, 13.425, 13.94, 13.115, 13.66, 16.29, 17.217, 17.649, 17.715, 17.558, 17.376, 16.742, 16.58, 16.162, 15.267, 13.784, 11.282, 8.306, 5.747, 4.505, 4.418, 5.376, 5.702, 5.266, 5.583, 6.538, 6.454, 6.216, 6.841, 6.851, 6.242, 6.485, 7.243, 6.426, 6.471, 6.712, 6.157, 6.0, 5.831, 4.57, 4.02, 4.028, 3.955, 4.317, 5.514, 5.609, 5.277, 4.864, 3.491], [2.28, 2.698, 2.805, 1.904, 1.587, 1.312, 1.269, 1.201, 0.0, 1.756, 2.336, 1.684, 0.861, 1.093, 1.277, 1.866, 2.011, 1.541, 1.493, 1.349, 1.91, 2.92, 3.054, 3.167, 3.688, 5.112, 8.108, 10.286, 10.592, 11.205, 11.487, 11.192, 10.665, 10.859, 11.734, 11.544, 12.43, 12.831, 12.426, 12.949, 12.118, 12.669, 15.295, 16.146, 16.615, 16.647, 16.565, 16.342, 15.714, 15.54, 15.129, 14.208, 12.723, 10.214, 7.257, 4.751, 3.523, 3.405, 4.338, 4.689, 4.371, 4.817, 5.733, 5.655, 5.297, 5.875, 5.845, 5.213, 5.493, 6.24, 5.449, 5.428, 5.662, 5.105, 5.015, 4.845, 3.585, 3.328, 3.286, 3.414, 3.738, 4.959, 5.036, 4.68, 4.246, 2.951], [3.277, 3.709, 4.37, 3.544, 3.199, 2.925, 2.784, 2.848, 1.756, 0.0, 0.79, 0.611, 1.738, 2.639, 2.807, 2.91, 3.174, 3.056, 3.13, 2.544, 1.664, 1.962, 2.073, 2.381, 2.686, 3.812, 6.424, 8.549, 8.85, 9.463, 9.745, 9.466, 8.94, 9.154, 10.038, 9.954, 10.825, 11.163, 10.729, 11.212, 10.386, 10.969, 13.594, 14.513, 14.969, 15.021, 14.904, 14.645, 14.019, 13.84, 13.427, 12.508, 11.017, 8.506, 5.542, 3.089, 2.129, 2.117, 2.929, 3.314, 3.281, 3.969, 4.862, 4.533, 4.076, 4.533, 4.375, 3.856, 4.068, 4.559, 4.026, 4.051, 4.126, 3.586, 3.314, 3.165, 2.511, 2.82, 2.968, 3.115, 3.857, 4.3, 4.325, 4.132, 3.715, 2.727], [3.897, 4.311, 4.952, 4.13, 3.778, 3.538, 3.391, 3.406, 2.336, 0.79, 0.0, 0.743, 2.288, 3.188, 3.357, 3.347, 3.634, 3.536, 3.655, 3.041, 1.608, 1.473, 1.641, 2.051, 2.25, 3.103, 5.848, 7.977, 8.281, 8.895, 9.176, 8.918, 8.392, 8.585, 9.478, 9.345, 10.188, 10.562, 10.145, 10.643, 9.818, 10.381, 13.024, 13.867, 14.351, 14.374, 14.308, 14.095, 13.462, 13.28, 12.868, 11.944, 10.45, 7.938, 4.981, 2.811, 1.82, 1.621, 2.291, 2.676, 2.693, 3.369, 4.252, 3.901, 3.398, 3.874, 3.75, 3.217, 3.483, 3.981, 3.444, 3.451, 3.518, 2.919, 2.771, 2.608, 2.224, 2.645, 2.895, 3.097, 3.731, 3.925, 3.826, 3.765, 3.404, 2.503], [3.41, 3.813, 4.322, 3.506, 3.152, 2.914, 2.837, 2.792, 1.684, 0.611, 0.743, 0.0, 1.635, 2.507, 2.676, 2.742, 2.971, 2.866, 2.96, 2.361, 1.338, 1.541, 1.709, 1.981, 2.34, 3.548, 6.483, 8.647, 8.952, 9.566, 9.847, 9.573, 9.047, 9.24, 10.123, 9.972, 10.8, 11.206, 10.815, 11.314, 10.478, 11.048, 13.679, 14.502, 15.004, 15.016, 14.954, 14.726, 14.098, 13.924, 13.513, 12.591, 11.101, 8.589, 5.634, 3.212, 2.017, 1.93, 2.765, 3.131, 2.924, 3.591, 4.459, 4.204, 3.778, 4.34, 4.282, 3.64, 3.92, 4.621, 3.898, 3.856, 4.112, 3.496, 3.409, 3.225, 2.217, 2.436, 2.581, 2.763, 3.444, 3.889, 3.895, 3.724, 3.294, 2.281], [2.752, 3.098, 2.964, 2.023, 1.814, 1.627, 1.642, 1.441, 0.861, 1.738, 2.288, 1.635, 0.0, 1.045, 1.225, 1.486, 1.798, 1.522, 1.531, 1.204, 1.661, 2.733, 2.87, 2.949, 3.586, 5.064, 8.006, 10.182, 10.487, 11.101, 11.399, 11.08, 10.554, 10.747, 11.618, 11.417, 12.353, 12.778, 12.32, 12.849, 12.021, 12.564, 15.174, 16.079, 16.516, 16.577, 16.436, 16.247, 15.613, 15.451, 15.033, 14.137, 12.655, 10.15, 7.175, 4.657, 3.391, 3.287, 4.241, 4.573, 4.181, 4.508, 5.456, 5.377, 5.112, 5.726, 5.74, 5.134, 5.373, 6.128, 5.331, 5.365, 5.606, 5.041, 4.909, 4.74, 3.404, 2.883, 2.845, 2.912, 3.315, 4.457, 4.615, 4.056, 3.617, 2.501], [2.532, 2.917, 2.638, 1.626, 1.508, 1.395, 1.515, 1.384, 1.093, 2.639, 3.188, 2.507, 1.045, 0.0, 0.564, 1.191, 1.406, 0.968, 0.848, 1.138, 2.248, 3.529, 3.791, 3.857, 4.472, 5.917, 8.966, 11.14, 11.446, 12.059, 12.341, 12.015, 11.489, 11.669, 12.535, 12.308, 13.181, 13.647, 13.257, 13.794, 12.962, 13.505, 16.099, 16.904, 17.417, 17.415, 17.354, 17.132, 16.505, 16.334, 15.923, 14.978, 13.464, 10.963, 8.063, 5.581, 4.323, 4.236, 5.111, 5.419, 5.073, 5.329, 6.252, 6.179, 5.871, 6.639, 6.663, 6.039, 6.326, 7.064, 6.276, 6.24, 6.461, 5.901, 5.85, 5.699, 4.36, 3.675, 3.468, 3.465, 3.569, 4.901, 5.117, 4.34, 3.96, 3.094], [2.814, 3.209, 2.885, 1.815, 1.708, 1.62, 1.739, 1.607, 1.277, 2.807, 3.357, 2.676, 1.225, 0.564, 0.0, 0.978, 1.212, 1.0, 0.922, 1.105, 2.187, 3.636, 3.915, 3.988, 4.601, 6.053, 9.102, 11.272, 11.578, 12.191, 12.473, 12.122, 11.596, 11.773, 12.638, 12.394, 13.28, 13.762, 13.38, 13.925, 13.093, 13.636, 16.229, 17.022, 17.514, 17.509, 17.426, 17.228, 16.594, 16.432, 16.014, 15.076, 13.55, 11.066, 8.18, 5.709, 4.432, 4.342, 5.215, 5.539, 5.176, 5.385, 6.304, 6.229, 5.962, 6.729, 6.757, 6.175, 6.433, 7.173, 6.391, 6.369, 6.589, 6.056, 6.012, 5.831, 4.488, 3.704, 3.443, 3.367, 3.366, 4.619, 4.831, 4.037, 3.685, 3.016], [3.318, 3.596, 3.307, 2.406, 2.273, 2.312, 2.486, 2.242, 1.866, 2.91, 3.347, 2.742, 1.486, 1.191, 0.978, 0.0, 0.683, 0.977, 1.191, 0.998, 2.102, 3.614, 3.889, 3.964, 4.575, 6.02, 9.055, 11.225, 11.53, 12.144, 12.425, 12.075, 11.549, 11.726, 12.602, 12.329, 13.228, 13.715, 13.34, 13.88, 13.049, 13.591, 16.187, 16.97, 17.438, 17.456, 17.38, 17.183, 16.553, 16.383, 15.96, 15.022, 13.511, 11.023, 8.136, 5.681, 4.386, 4.295, 5.169, 5.496, 5.138, 5.323, 6.236, 6.146, 5.88, 6.656, 6.691, 6.152, 6.384, 7.147, 6.368, 6.344, 6.566, 6.033, 5.989, 5.805, 4.459, 3.623, 3.323, 3.251, 3.115, 4.383, 4.503, 3.59, 3.286, 2.864], [3.267, 3.537, 3.158, 2.394, 2.253, 2.249, 2.43, 2.21, 2.011, 3.174, 3.634, 2.971, 1.798, 1.406, 1.212, 0.683, 0.0, 0.809, 1.208, 1.162, 2.311, 3.808, 4.082, 4.139, 4.75, 6.177, 9.222, 11.398, 11.703, 12.317, 12.598, 12.283, 11.757, 11.935, 12.802, 12.529, 13.435, 13.885, 13.51, 14.055, 13.223, 13.766, 16.358, 17.134, 17.65, 17.654, 17.577, 17.375, 16.751, 16.577, 16.166, 15.227, 13.73, 11.242, 8.327, 5.855, 4.594, 4.502, 5.375, 5.68, 5.306, 5.498, 6.404, 6.312, 6.057, 6.866, 6.867, 6.315, 6.59, 7.35, 6.531, 6.507, 6.729, 6.211, 6.164, 5.981, 4.664, 3.818, 3.507, 3.415, 3.339, 4.578, 4.662, 3.698, 3.455, 3.066], [2.57, 2.86, 2.527, 1.733, 1.569, 1.566, 1.783, 1.605, 1.541, 3.056, 3.536, 2.866, 1.522, 0.968, 1.0, 0.977, 0.809, 0.0, 0.661, 0.952, 2.343, 3.782, 4.068, 4.124, 4.737, 6.174, 9.223, 11.399, 11.704, 12.318, 12.599, 12.282, 11.756, 11.936, 12.801, 12.531, 13.441, 13.892, 13.51, 14.055, 13.223, 13.766, 16.362, 17.149, 17.663, 17.66, 17.582, 17.388, 16.76, 16.589, 16.179, 15.234, 13.732, 11.24, 8.337, 5.856, 4.593, 4.503, 5.375, 5.679, 5.306, 5.532, 6.464, 6.352, 6.086, 6.876, 6.88, 6.297, 6.591, 7.331, 6.515, 6.495, 6.709, 6.204, 6.127, 5.968, 4.655, 3.875, 3.585, 3.612, 3.639, 4.974, 5.156, 4.251, 3.869, 3.216], [2.423, 2.86, 2.431, 1.393, 1.331, 1.273, 1.496, 1.395, 1.493, 3.13, 3.655, 2.96, 1.531, 0.848, 0.922, 1.191, 1.208, 0.661, 0.0, 1.047, 2.54, 3.942, 4.249, 4.32, 4.932, 6.369, 9.418, 11.594, 11.9, 12.513, 12.794, 12.482, 11.956, 12.136, 13.001, 12.738, 13.638, 14.085, 13.706, 14.251, 13.419, 13.962, 16.561, 17.352, 17.868, 17.867, 17.788, 17.589, 16.962, 16.791, 16.38, 15.435, 13.936, 11.444, 8.528, 6.037, 4.789, 4.702, 5.575, 5.879, 5.51, 5.735, 6.665, 6.582, 6.291, 7.076, 7.075, 6.493, 6.79, 7.531, 6.71, 6.691, 6.905, 6.348, 6.304, 6.153, 4.81, 4.034, 3.75, 3.745, 3.803, 5.197, 5.374, 4.513, 4.107, 3.42], [2.761, 3.081, 2.962, 2.006, 1.767, 1.812, 1.946, 1.755, 1.349, 2.544, 3.041, 2.361, 1.204, 1.138, 1.105, 0.998, 1.162, 0.952, 1.047, 0.0, 1.787, 3.321, 3.628, 3.699, 4.311, 5.759, 8.794, 10.971, 11.276, 11.89, 12.171, 11.866, 11.34, 11.523, 12.388, 12.113, 13.021, 13.47, 13.088, 13.633, 12.801, 13.344, 15.949, 16.731, 17.244, 17.241, 17.168, 16.97, 16.342, 16.172, 15.761, 14.831, 13.351, 10.86, 7.913, 5.424, 4.177, 4.081, 4.96, 5.259, 4.884, 5.117, 6.019, 5.934, 5.656, 6.457, 6.459, 5.876, 6.169, 6.915, 6.087, 6.074, 6.304, 5.729, 5.685, 5.529, 4.187, 3.409, 3.136, 3.252, 3.272, 4.588, 4.662, 4.021, 3.562, 2.789], [3.894, 4.263, 4.439, 3.342, 2.976, 3.041, 3.017, 2.701, 1.91, 1.664, 1.608, 1.338, 1.661, 2.248, 2.187, 2.102, 2.311, 2.343, 2.54, 1.787, 0.0, 1.581, 1.875, 1.998, 2.591, 4.03, 7.039, 9.216, 9.521, 10.135, 10.416, 10.118, 9.592, 9.778, 10.644, 10.372, 11.305, 11.743, 11.336, 11.881, 11.05, 11.593, 14.204, 15.012, 15.502, 15.525, 15.426, 15.224, 14.596, 14.426, 14.015, 13.112, 11.632, 9.14, 6.166, 3.687, 2.444, 2.383, 3.237, 3.516, 3.153, 3.443, 4.314, 4.178, 3.901, 4.711, 4.708, 4.124, 4.416, 5.166, 4.342, 4.334, 4.579, 3.986, 3.949, 3.802, 2.633, 2.046, 1.889, 1.971, 2.536, 3.371, 3.264, 3.118, 2.643, 1.629], [4.811, 5.192, 5.492, 4.52, 4.14, 4.121, 4.077, 3.824, 2.92, 1.962, 1.473, 1.541, 2.733, 3.529, 3.636, 3.614, 3.808, 3.782, 3.942, 3.321, 1.581, 0.0, 0.721, 0.984, 1.313, 2.505, 5.476, 7.659, 7.964, 8.578, 8.859, 8.593, 8.067, 8.257, 9.123, 8.871, 9.8, 10.211, 9.78, 10.325, 9.493, 10.036, 12.683, 13.526, 13.997, 14.026, 13.929, 13.713, 13.086, 12.916, 12.504, 11.602, 10.122, 7.627, 4.65, 2.391, 1.501, 1.36, 1.958, 2.037, 1.949, 2.445, 3.176, 2.935, 2.477, 3.216, 3.223, 2.655, 2.941, 3.654, 2.887, 2.868, 3.258, 2.621, 2.491, 2.359, 1.76, 1.828, 1.958, 2.183, 2.839, 3.112, 2.98, 2.996, 2.622, 1.828], [4.895, 5.281, 5.593, 4.728, 4.371, 4.209, 4.139, 4.003, 3.054, 2.073, 1.641, 1.709, 2.87, 3.791, 3.915, 3.889, 4.082, 4.068, 4.249, 3.628, 1.875, 0.721, 0.0, 0.57, 0.897, 2.275, 5.187, 7.361, 7.666, 8.28, 8.561, 8.243, 7.717, 7.926, 8.804, 8.66, 9.55, 9.957, 9.516, 10.028, 9.202, 9.759, 12.363, 13.285, 13.717, 13.772, 13.64, 13.397, 12.768, 12.597, 12.186, 11.284, 9.801, 7.289, 4.315, 2.16, 1.226, 1.086, 1.677, 1.796, 1.642, 2.186, 2.903, 2.765, 2.441, 2.97, 3.006, 2.321, 2.55, 3.317, 2.708, 2.701, 3.011, 2.452, 2.229, 2.129, 1.432, 1.646, 2.007, 2.226, 2.811, 2.944, 2.799, 2.813, 2.424, 1.813], [5.037, 5.402, 5.661, 4.794, 4.46, 4.3, 4.219, 4.079, 3.167, 2.381, 2.051, 1.981, 2.949, 3.857, 3.988, 3.964, 4.139, 4.124, 4.32, 3.699, 1.998, 0.984, 0.57, 0.0, 0.777, 2.204, 5.114, 7.287, 7.593, 8.207, 8.491, 8.172, 7.646, 7.853, 8.732, 8.583, 9.472, 9.88, 9.448, 9.955, 9.129, 9.685, 12.288, 13.207, 13.635, 13.697, 13.557, 13.327, 12.696, 12.531, 12.114, 11.218, 9.733, 7.222, 4.25, 2.134, 1.418, 1.317, 1.853, 1.807, 1.638, 2.008, 2.745, 2.652, 2.371, 2.902, 2.955, 2.254, 2.489, 3.297, 2.689, 2.692, 3.142, 2.588, 2.32, 2.186, 1.451, 1.557, 1.885, 2.11, 2.669, 2.807, 2.733, 2.65, 2.316, 1.855], [5.484, 5.864, 6.292, 5.437, 5.083, 4.901, 4.784, 4.715, 3.688, 2.686, 2.25, 2.34, 3.586, 4.472, 4.601, 4.575, 4.75, 4.737, 4.932, 4.311, 2.591, 1.313, 0.897, 0.777, 0.0, 1.59, 4.503, 6.675, 6.98, 7.594, 7.875, 7.556, 7.03, 7.244, 8.12, 7.973, 8.849, 9.254, 8.826, 9.342, 8.517, 9.079, 11.679, 12.579, 13.04, 13.071, 12.963, 12.713, 12.085, 11.914, 11.504, 10.576, 9.092, 6.582, 3.697, 1.921, 1.483, 1.377, 1.457, 1.402, 1.214, 1.834, 2.421, 2.281, 1.972, 2.375, 2.411, 1.819, 1.958, 2.736, 2.117, 2.165, 2.572, 2.059, 1.784, 1.781, 1.279, 1.644, 2.082, 2.302, 2.835, 2.583, 2.537, 2.492, 2.33, 2.334], [6.764, 7.191, 7.793, 6.947, 6.582, 6.34, 6.258, 6.189, 5.112, 3.812, 3.103, 3.548, 5.064, 5.917, 6.053, 6.02, 6.177, 6.174, 6.369, 5.759, 4.03, 2.505, 2.275, 2.204, 1.59, 0.0, 3.049, 5.227, 5.532, 6.146, 6.427, 6.127, 5.601, 5.794, 6.678, 6.489, 7.346, 7.786, 7.369, 7.886, 7.058, 7.614, 10.23, 11.04, 11.554, 11.561, 11.507, 11.287, 10.656, 10.478, 10.067, 9.122, 7.636, 5.126, 2.593, 2.082, 2.468, 2.262, 1.45, 1.306, 1.716, 2.013, 2.018, 1.814, 1.59, 1.414, 1.32, 1.359, 1.359, 1.967, 1.591, 1.657, 1.826, 1.193, 1.278, 1.403, 2.134, 2.727, 3.03, 3.321, 3.987, 3.021, 2.862, 3.205, 3.291, 3.657], [9.48, 9.894, 10.592, 9.794, 9.411, 9.257, 9.068, 9.094, 8.108, 6.424, 5.848, 6.483, 8.006, 8.966, 9.102, 9.055, 9.222, 9.223, 9.418, 8.794, 7.039, 5.476, 5.187, 5.114, 4.503, 3.049, 0.0, 2.185, 2.508, 3.123, 3.406, 3.145, 2.616, 2.831, 3.729, 3.703, 4.599, 4.926, 4.371, 4.868, 4.05, 4.62, 7.249, 8.253, 8.685, 8.766, 8.607, 8.401, 7.771, 7.596, 7.161, 6.262, 4.774, 2.622, 2.484, 3.848, 4.955, 4.894, 3.978, 3.686, 4.133, 4.074, 3.338, 3.418, 3.716, 2.977, 2.852, 3.232, 3.05, 2.538, 2.845, 2.942, 2.743, 3.118, 3.222, 3.597, 4.85, 5.461, 5.76, 5.928, 6.595, 5.603, 5.261, 5.918, 6.038, 6.396], [11.577, 11.982, 12.765, 11.97, 11.592, 11.438, 11.193, 11.273, 10.286, 8.549, 7.977, 8.647, 10.182, 11.14, 11.272, 11.225, 11.398, 11.399, 11.594, 10.971, 9.216, 7.659, 7.361, 7.287, 6.675, 5.227, 2.185, 0.0, 0.664, 1.181, 1.477, 1.412, 1.25, 1.235, 1.771, 1.925, 2.795, 3.044, 2.387, 2.747, 1.912, 2.528, 5.237, 6.321, 6.753, 6.834, 6.684, 6.426, 5.781, 5.612, 5.173, 4.28, 2.819, 2.29, 3.751, 5.749, 6.91, 6.989, 6.092, 5.765, 6.136, 6.002, 5.186, 5.302, 5.626, 4.916, 4.748, 5.197, 5.019, 4.265, 4.892, 4.923, 4.721, 5.254, 5.302, 5.472, 6.801, 7.627, 7.916, 8.003, 8.614, 7.573, 7.234, 7.989, 8.118, 8.48], [11.895, 12.3, 13.083, 12.278, 11.911, 11.742, 11.499, 11.586, 10.592, 8.85, 8.281, 8.952, 10.487, 11.446, 11.578, 11.53, 11.703, 11.704, 11.9, 11.276, 9.521, 7.964, 7.666, 7.593, 6.98, 5.532, 2.508, 0.664, 0.0, 0.798, 1.287, 1.176, 1.059, 1.236, 1.501, 1.764, 2.615, 2.775, 2.124, 2.454, 1.674, 2.206, 4.878, 5.979, 6.411, 6.492, 6.339, 6.084, 5.439, 5.249, 4.819, 3.938, 2.474, 1.942, 3.837, 5.957, 7.21, 7.317, 6.412, 6.074, 6.436, 6.286, 5.443, 5.508, 5.825, 5.11, 4.947, 5.441, 5.261, 4.51, 5.195, 5.216, 5.001, 5.557, 5.6, 5.812, 7.141, 7.93, 8.219, 8.306, 8.845, 7.825, 7.522, 8.299, 8.422, 8.79], [12.516, 12.918, 13.685, 12.889, 12.511, 12.356, 12.096, 12.192, 11.205, 9.463, 8.895, 9.566, 11.101, 12.059, 12.191, 12.144, 12.317, 12.318, 12.513, 11.89, 10.135, 8.578, 8.28, 8.207, 7.594, 6.146, 3.123, 1.181, 0.798, 0.0, 0.925, 1.08, 1.096, 1.284, 1.506, 1.775, 2.542, 2.599, 1.999, 2.172, 1.488, 1.97, 4.385, 5.52, 5.959, 6.036, 5.886, 5.671, 5.041, 4.767, 4.37, 3.556, 2.351, 2.169, 4.174, 6.492, 7.8, 7.902, 6.999, 6.663, 7.044, 6.839, 5.958, 6.029, 6.31, 5.569, 5.482, 6.022, 5.82, 5.122, 5.806, 5.826, 5.613, 6.168, 6.211, 6.394, 7.723, 8.541, 8.83, 8.917, 9.438, 8.39, 8.126, 8.896, 9.007, 9.386], [12.797, 13.199, 13.979, 13.18, 12.807, 12.646, 12.396, 12.49, 11.487, 9.745, 9.176, 9.847, 11.399, 12.341, 12.473, 12.425, 12.598, 12.599, 12.794, 12.171, 10.416, 8.859, 8.561, 8.491, 7.875, 6.427, 3.406, 1.477, 1.287, 0.925, 0.0, 0.808, 1.278, 1.235, 1.317, 2.071, 2.642, 2.62, 2.047, 2.151, 1.497, 1.933, 4.204, 5.342, 5.771, 5.936, 5.727, 5.482, 4.888, 4.58, 4.177, 3.368, 2.375, 2.427, 4.335, 6.776, 8.088, 8.217, 7.284, 6.948, 7.343, 7.136, 6.276, 6.323, 6.584, 5.834, 5.767, 6.303, 6.14, 5.407, 6.086, 6.108, 5.892, 6.448, 6.491, 6.749, 8.078, 8.821, 9.11, 9.198, 9.723, 8.66, 8.411, 9.173, 9.295, 9.67], [12.488, 12.911, 13.73, 12.928, 12.548, 12.356, 12.095, 12.194, 11.192, 9.466, 8.918, 9.573, 11.08, 12.015, 12.122, 12.075, 12.283, 12.282, 12.482, 11.866, 10.118, 8.593, 8.243, 8.172, 7.556, 6.127, 3.145, 1.412, 1.176, 1.08, 0.808, 0.0, 0.984, 0.846, 1.457, 1.928, 2.73, 2.795, 2.3, 2.42, 1.866, 2.267, 4.549, 5.709, 6.062, 6.172, 5.954, 5.722, 5.103, 4.809, 4.359, 3.48, 2.169, 2.254, 4.084, 6.491, 7.716, 7.817, 6.923, 6.629, 7.098, 6.903, 6.044, 6.09, 6.312, 5.467, 5.475, 6.008, 5.72, 4.962, 5.823, 5.837, 5.603, 6.185, 6.224, 6.515, 7.844, 8.548, 8.836, 8.9, 9.313, 8.231, 7.986, 8.757, 8.927, 9.333], [11.962, 12.394, 13.204, 12.402, 12.022, 11.83, 11.569, 11.668, 10.665, 8.94, 8.392, 9.047, 10.554, 11.489, 11.596, 11.549, 11.757, 11.756, 11.956, 11.34, 9.592, 8.067, 7.717, 7.646, 7.03, 5.601, 2.616, 1.25, 1.059, 1.096, 1.278, 0.984, 0.0, 0.772, 1.573, 2.151, 3.142, 3.237, 2.707, 2.897, 2.232, 2.672, 4.961, 6.125, 6.477, 6.558, 6.276, 6.048, 5.431, 5.129, 4.69, 3.86, 2.616, 2.006, 3.634, 5.987, 7.235, 7.285, 6.396, 6.097, 6.574, 6.37, 5.51, 5.557, 5.776, 4.933, 4.943, 5.482, 5.201, 4.467, 5.296, 5.313, 5.076, 5.658, 5.698, 5.992, 7.317, 8.022, 8.309, 8.373, 8.787, 7.598, 7.459, 8.233, 8.402, 8.806], [12.207, 12.618, 13.406, 12.601, 12.223, 12.029, 11.771, 11.861, 10.859, 9.154, 8.585, 9.24, 10.747, 11.669, 11.773, 11.726, 11.935, 11.936, 12.136, 11.523, 9.778, 8.257, 7.926, 7.853, 7.244, 5.794, 2.831, 1.235, 1.236, 1.284, 1.235, 0.846, 0.772, 0.0, 1.387, 1.997, 2.918, 2.957, 2.532, 2.688, 2.103, 2.466, 4.826, 5.945, 6.303, 6.408, 6.078, 5.84, 5.223, 4.937, 4.493, 3.603, 2.295, 2.105, 3.685, 6.222, 7.48, 7.469, 6.579, 6.287, 6.748, 6.562, 5.681, 5.722, 5.946, 5.108, 5.105, 5.675, 5.397, 4.73, 5.489, 5.508, 5.269, 5.844, 5.938, 6.256, 7.574, 8.225, 8.496, 8.559, 8.967, 7.772, 7.624, 8.396, 8.565, 8.969], [13.089, 13.5, 14.282, 13.476, 13.093, 12.909, 12.665, 12.729, 11.734, 10.038, 9.478, 10.123, 11.618, 12.535, 12.638, 12.602, 12.802, 12.801, 13.001, 12.388, 10.644, 9.123, 8.804, 8.732, 8.12, 6.678, 3.729, 1.771, 1.501, 1.506, 1.317, 1.457, 1.573, 1.387, 0.0, 1.278, 1.913, 1.968, 1.51, 1.747, 1.118, 1.43, 3.848, 4.894, 5.252, 5.294, 5.018, 4.751, 4.133, 3.958, 3.523, 2.646, 1.75, 2.146, 4.629, 7.163, 8.411, 8.387, 7.48, 7.201, 7.676, 7.491, 6.61, 6.63, 6.9, 6.1, 6.007, 6.616, 6.322, 5.653, 6.355, 6.361, 6.145, 6.71, 6.813, 7.143, 8.451, 9.092, 9.366, 9.426, 9.856, 8.699, 8.528, 9.317, 9.492, 9.877], [13.081, 13.511, 14.195, 13.323, 12.946, 12.746, 12.646, 12.541, 11.544, 9.954, 9.345, 9.972, 11.417, 12.308, 12.394, 12.329, 12.529, 12.531, 12.738, 12.113, 10.372, 8.871, 8.66, 8.583, 7.973, 6.489, 3.703, 1.925, 1.764, 1.775, 2.071, 1.928, 2.151, 1.997, 1.278, 0.0, 1.215, 1.645, 1.354, 1.826, 1.182, 1.545, 4.028, 4.885, 5.247, 5.283, 5.068, 4.876, 4.259, 4.103, 3.66, 2.762, 1.596, 2.406, 4.786, 7.27, 8.467, 8.327, 7.297, 7.066, 7.564, 7.49, 6.579, 6.621, 6.845, 6.084, 5.964, 6.614, 6.484, 5.813, 6.197, 6.245, 6.07, 6.538, 6.775, 7.173, 8.445, 8.945, 9.107, 9.226, 9.756, 8.616, 8.379, 9.102, 9.28, 9.694], [13.966, 14.397, 15.089, 14.246, 13.878, 13.646, 13.532, 13.491, 12.43, 10.825, 10.188, 10.8, 12.353, 13.181, 13.28, 13.228, 13.435, 13.441, 13.638, 13.021, 11.305, 9.8, 9.55, 9.472, 8.849, 7.346, 4.599, 2.795, 2.615, 2.542, 2.642, 2.73, 3.142, 2.918, 1.913, 1.215, 0.0, 0.786, 0.999, 1.205, 1.376, 1.28, 2.975, 3.774, 4.243, 4.24, 4.191, 3.97, 3.355, 3.183, 2.768, 1.856, 1.422, 3.203, 5.602, 8.166, 9.374, 9.268, 8.245, 7.984, 8.518, 8.414, 7.558, 7.603, 7.794, 7.087, 6.914, 7.515, 7.446, 6.792, 7.137, 7.144, 6.963, 7.407, 7.672, 8.067, 9.334, 9.882, 10.048, 10.166, 10.747, 9.69, 9.384, 10.078, 10.178, 10.646], [14.324, 14.734, 15.454, 14.616, 14.248, 14.016, 13.865, 13.881, 12.831, 11.163, 10.562, 11.206, 12.778, 13.647, 13.762, 13.715, 13.885, 13.892, 14.085, 13.47, 11.743, 10.211, 9.957, 9.88, 9.254, 7.786, 4.926, 3.044, 2.775, 2.599, 2.62, 2.795, 3.237, 2.957, 1.968, 1.645, 0.786, 0.0, 0.776, 0.938, 1.408, 1.221, 2.513, 3.376, 3.843, 3.886, 3.773, 3.566, 2.934, 2.769, 2.356, 1.463, 1.606, 3.404, 5.814, 8.402, 9.74, 9.633, 8.698, 8.364, 8.832, 8.699, 7.835, 7.877, 8.116, 7.418, 7.2, 7.797, 7.766, 7.116, 7.502, 7.486, 7.281, 7.807, 8.023, 8.391, 9.676, 10.249, 10.452, 10.535, 11.153, 10.083, 9.804, 10.533, 10.63, 11.07], [13.778, 14.194, 14.926, 14.114, 13.74, 13.592, 13.363, 13.425, 12.426, 10.729, 10.145, 10.815, 12.32, 13.257, 13.38, 13.34, 13.51, 13.51, 13.706, 13.088, 11.336, 9.78, 9.516, 9.448, 8.826, 7.369, 4.371, 2.387, 2.124, 1.999, 2.047, 2.3, 2.707, 2.532, 1.51, 1.354, 0.999, 0.776, 0.0, 0.742, 0.909, 1.044, 2.983, 4.011, 4.443, 4.524, 4.367, 4.147, 3.527, 3.354, 2.901, 2.05, 1.797, 3.081, 5.438, 7.85, 9.166, 9.175, 8.271, 7.949, 8.283, 8.119, 7.282, 7.374, 7.71, 7.0, 6.813, 7.347, 7.23, 6.539, 7.018, 7.066, 6.871, 7.387, 7.461, 7.751, 9.039, 9.756, 10.028, 10.143, 10.778, 9.714, 9.42, 10.122, 10.23, 10.609], [14.265, 14.675, 15.441, 14.637, 14.267, 14.104, 13.844, 13.94, 12.949, 11.212, 10.643, 11.314, 12.849, 13.794, 13.925, 13.88, 14.055, 14.055, 14.251, 13.633, 11.881, 10.325, 10.028, 9.955, 9.342, 7.886, 4.868, 2.747, 2.454, 2.172, 2.151, 2.42, 2.897, 2.688, 1.747, 1.826, 1.205, 0.938, 0.742, 0.0, 1.003, 1.058, 2.517, 3.673, 4.108, 4.255, 4.064, 3.778, 3.18, 2.96, 2.47, 1.611, 1.549, 3.199, 5.772, 8.25, 9.588, 9.639, 8.748, 8.422, 8.797, 8.568, 7.714, 7.809, 8.147, 7.416, 7.257, 7.828, 7.656, 6.915, 7.546, 7.57, 7.363, 7.91, 7.962, 8.153, 9.476, 10.289, 10.573, 10.659, 11.239, 10.16, 9.873, 10.64, 10.747, 11.115], [13.439, 13.841, 14.608, 13.812, 13.434, 13.273, 13.019, 13.115, 12.118, 10.386, 9.818, 10.478, 12.021, 12.962, 13.093, 13.049, 13.223, 13.223, 13.419, 12.801, 11.05, 9.493, 9.202, 9.129, 8.517, 7.058, 4.05, 1.912, 1.674, 1.488, 1.497, 1.866, 2.232, 2.103, 1.118, 1.182, 1.376, 1.408, 0.909, 1.003, 0.0, 0.772, 3.386, 4.5, 4.932, 5.072, 4.885, 4.599, 4.0, 3.814, 3.337, 2.433, 1.532, 2.472, 4.956, 7.386, 8.728, 8.823, 7.955, 7.62, 7.965, 7.786, 6.922, 7.005, 7.34, 6.618, 6.454, 7.009, 6.844, 6.076, 6.718, 6.735, 6.533, 7.078, 7.132, 7.315, 8.643, 9.452, 9.738, 9.822, 10.389, 9.334, 9.052, 9.822, 9.924, 10.284], [14.013, 14.411, 15.177, 14.361, 13.996, 13.834, 13.607, 13.66, 12.669, 10.969, 10.381, 11.048, 12.564, 13.505, 13.636, 13.591, 13.766, 13.766, 13.962, 13.344, 11.593, 10.036, 9.759, 9.685, 9.079, 7.614, 4.62, 2.528, 2.206, 1.97, 1.933, 2.267, 2.672, 2.466, 1.43, 1.545, 1.28, 1.221, 1.044, 1.058, 0.772, 0.0, 2.776, 3.935, 4.365, 4.477, 4.286, 4.026, 3.402, 3.16, 2.744, 1.849, 1.28, 2.813, 5.504, 8.007, 9.352, 9.388, 8.513, 8.185, 8.522, 8.343, 7.478, 7.546, 7.876, 7.173, 6.976, 7.555, 7.396, 6.693, 7.262, 7.279, 7.075, 7.621, 7.696, 7.933, 9.246, 10.01, 10.281, 10.365, 10.95, 9.893, 9.599, 10.38, 10.471, 10.851], [16.609, 17.027, 17.836, 17.03, 16.647, 16.461, 16.211, 16.29, 15.295, 13.594, 13.024, 13.679, 15.174, 16.099, 16.229, 16.187, 16.358, 16.362, 16.561, 15.949, 14.204, 12.683, 12.363, 12.288, 11.679, 10.23, 7.249, 5.237, 4.878, 4.385, 4.204, 4.549, 4.961, 4.826, 3.848, 4.028, 2.975, 2.513, 2.983, 2.517, 3.386, 2.776, 0.0, 1.231, 1.706, 1.856, 1.681, 1.421, 1.031, 0.961, 1.082, 1.446, 3.02, 5.277, 8.085, 10.643, 11.926, 11.981, 11.059, 10.721, 11.172, 10.975, 10.091, 10.139, 10.36, 9.566, 9.518, 10.095, 9.929, 9.252, 9.916, 9.92, 9.683, 10.271, 10.34, 10.665, 11.978, 12.646, 12.923, 12.985, 13.449, 12.371, 12.169, 12.91, 13.017, 13.416], [17.657, 18.085, 18.812, 17.979, 17.611, 17.361, 17.204, 17.217, 16.146, 14.513, 13.867, 14.502, 16.079, 16.904, 17.022, 16.97, 17.134, 17.149, 17.352, 16.731, 15.012, 13.526, 13.285, 13.207, 12.579, 11.04, 8.253, 6.321, 5.979, 5.52, 5.342, 5.709, 6.125, 5.945, 4.894, 4.885, 3.774, 3.376, 4.011, 3.673, 4.5, 3.935, 1.231, 0.0, 0.747, 0.837, 0.949, 0.752, 0.87, 1.147, 1.541, 2.428, 4.02, 6.282, 9.081, 11.737, 13.018, 12.916, 11.897, 11.608, 12.112, 11.967, 11.03, 11.064, 11.188, 10.461, 10.394, 11.021, 10.966, 10.349, 10.838, 10.796, 10.571, 11.107, 11.381, 11.751, 13.038, 13.607, 13.754, 13.794, 14.231, 13.194, 12.945, 13.672, 13.779, 14.289], [18.089, 18.517, 19.243, 18.409, 18.041, 17.794, 17.636, 17.649, 16.615, 14.969, 14.351, 15.004, 16.516, 17.417, 17.514, 17.438, 17.65, 17.663, 17.868, 17.244, 15.502, 13.997, 13.717, 13.635, 13.04, 11.554, 8.685, 6.753, 6.411, 5.959, 5.771, 6.062, 6.477, 6.303, 5.252, 5.247, 4.243, 3.843, 4.443, 4.108, 4.932, 4.365, 1.706, 0.747, 0.0, 0.576, 0.705, 0.744, 1.198, 1.496, 1.89, 2.909, 4.507, 6.739, 9.505, 12.166, 13.408, 13.276, 12.333, 12.048, 12.543, 12.391, 11.462, 11.489, 11.659, 10.84, 10.824, 11.459, 11.326, 10.709, 11.268, 11.25, 11.049, 11.589, 11.81, 12.181, 13.468, 14.036, 14.218, 14.282, 14.701, 13.597, 13.394, 14.132, 14.26, 14.721], [18.161, 18.592, 19.312, 18.471, 18.102, 17.865, 17.711, 17.715, 16.647, 15.021, 14.374, 15.016, 16.577, 17.415, 17.509, 17.456, 17.654, 17.66, 17.867, 17.241, 15.525, 14.026, 13.772, 13.697, 13.071, 11.561, 8.766, 6.834, 6.492, 6.036, 5.936, 6.172, 6.558, 6.408, 5.294, 5.283, 4.24, 3.886, 4.524, 4.255, 5.072, 4.477, 1.856, 0.837, 0.576, 0.0, 0.655, 0.754, 1.239, 1.53, 2.013, 2.992, 4.592, 6.847, 9.615, 12.233, 13.489, 13.348, 12.362, 12.109, 12.626, 12.483, 11.559, 11.571, 11.726, 10.94, 10.892, 11.513, 11.381, 10.753, 11.33, 11.288, 11.072, 11.612, 11.873, 12.243, 13.53, 14.093, 14.245, 14.293, 14.684, 13.645, 13.396, 14.126, 14.294, 14.764], [17.991, 18.421, 19.138, 18.293, 17.924, 17.731, 17.54, 17.558, 16.565, 14.904, 14.308, 14.954, 16.436, 17.354, 17.426, 17.38, 17.577, 17.582, 17.788, 17.168, 15.426, 13.929, 13.64, 13.557, 12.963, 11.507, 8.607, 6.684, 6.339, 5.886, 5.727, 5.954, 6.276, 6.078, 5.018, 5.068, 4.191, 3.773, 4.367, 4.064, 4.885, 4.286, 1.681, 0.949, 0.705, 0.655, 0.0, 0.615, 1.017, 1.281, 1.701, 2.74, 4.391, 6.724, 9.467, 12.085, 13.341, 13.204, 12.287, 11.997, 12.48, 12.319, 11.399, 11.404, 11.615, 10.819, 10.773, 11.381, 11.215, 10.571, 11.174, 11.18, 10.97, 11.538, 11.708, 12.077, 13.358, 13.919, 14.145, 14.204, 14.599, 13.462, 13.312, 14.073, 14.258, 14.66], [17.764, 18.176, 18.946, 18.109, 17.748, 17.525, 17.331, 17.376, 16.342, 14.645, 14.095, 14.726, 16.247, 17.132, 17.228, 17.183, 17.375, 17.388, 17.589, 16.97, 15.224, 13.713, 13.397, 13.327, 12.713, 11.287, 8.401, 6.426, 6.084, 5.671, 5.482, 5.722, 6.048, 5.84, 4.751, 4.876, 3.97, 3.566, 4.147, 3.778, 4.599, 4.026, 1.421, 0.752, 0.744, 0.754, 0.615, 0.0, 0.673, 0.987, 1.412, 2.411, 4.051, 6.386, 9.169, 11.825, 13.08, 13.027, 12.087, 11.796, 12.308, 12.142, 11.248, 11.248, 11.437, 10.642, 10.578, 11.165, 10.986, 10.315, 11.0, 10.959, 10.739, 11.314, 11.486, 11.817, 13.116, 13.746, 13.943, 14.001, 14.391, 13.264, 13.106, 13.88, 14.049, 14.48], [17.125, 17.54, 18.313, 17.476, 17.114, 16.891, 16.697, 16.742, 15.714, 14.019, 13.462, 14.098, 15.613, 16.505, 16.594, 16.553, 16.751, 16.76, 16.962, 16.342, 14.596, 13.086, 12.768, 12.696, 12.085, 10.656, 7.771, 5.781, 5.439, 5.041, 4.888, 5.103, 5.431, 5.223, 4.133, 4.259, 3.355, 2.934, 3.527, 3.18, 4.0, 3.402, 1.031, 0.87, 1.198, 1.239, 1.017, 0.673, 0.0, 0.466, 0.921, 1.84, 3.475, 5.807, 8.549, 11.18, 12.436, 12.382, 11.459, 11.171, 11.673, 11.506, 10.62, 10.623, 10.821, 10.006, 9.95, 10.536, 10.348, 9.686, 10.365, 10.328, 10.104, 10.686, 10.852, 11.177, 12.482, 13.113, 13.316, 13.376, 13.768, 12.636, 12.483, 13.255, 13.419, 13.841], [16.96, 17.374, 18.15, 17.314, 16.952, 16.721, 16.524, 16.58, 15.54, 13.84, 13.28, 13.924, 15.451, 16.334, 16.432, 16.383, 16.577, 16.589, 16.791, 16.172, 14.426, 12.916, 12.597, 12.531, 11.914, 10.478, 7.596, 5.612, 5.249, 4.767, 4.58, 4.809, 5.129, 4.937, 3.958, 4.103, 3.183, 2.769, 3.354, 2.96, 3.814, 3.16, 0.961, 1.147, 1.496, 1.53, 1.281, 0.987, 0.466, 0.0, 0.714, 1.552, 3.202, 5.543, 8.373, 10.992, 12.26, 12.211, 11.269, 10.985, 11.502, 11.325, 10.437, 10.441, 10.627, 9.829, 9.772, 10.356, 10.165, 9.496, 10.191, 10.158, 9.927, 10.503, 10.679, 11.009, 12.32, 12.951, 13.145, 13.202, 13.584, 12.457, 12.305, 13.072, 13.241, 13.676], [16.542, 16.955, 17.732, 16.896, 16.534, 16.302, 16.105, 16.162, 15.129, 13.427, 12.868, 13.513, 15.033, 15.923, 16.014, 15.96, 16.166, 16.179, 16.38, 15.761, 14.015, 12.504, 12.186, 12.114, 11.504, 10.067, 7.161, 5.173, 4.819, 4.37, 4.177, 4.359, 4.69, 4.493, 3.523, 3.66, 2.768, 2.356, 2.901, 2.47, 3.337, 2.744, 1.082, 1.541, 1.89, 2.013, 1.701, 1.412, 0.921, 0.714, 0.0, 1.135, 2.745, 5.09, 7.917, 10.572, 11.833, 11.771, 10.851, 10.553, 11.059, 10.885, 9.975, 10.002, 10.181, 9.368, 9.333, 9.944, 9.737, 9.076, 9.774, 9.747, 9.517, 10.092, 10.261, 10.591, 11.902, 12.533, 12.73, 12.792, 13.165, 12.006, 11.875, 12.62, 12.805, 13.255], [15.645, 16.056, 16.837, 16.0, 15.639, 15.405, 15.206, 15.267, 14.208, 12.508, 11.944, 12.591, 14.137, 14.978, 15.076, 15.022, 15.227, 15.234, 15.435, 14.831, 13.112, 11.602, 11.284, 11.218, 10.576, 9.122, 6.262, 4.28, 3.938, 3.556, 3.368, 3.48, 3.86, 3.603, 2.646, 2.762, 1.856, 1.463, 2.05, 1.611, 2.433, 1.849, 1.446, 2.428, 2.909, 2.992, 2.74, 2.411, 1.84, 1.552, 1.135, 0.0, 1.687, 4.071, 7.001, 9.668, 10.925, 10.872, 9.916, 9.639, 10.159, 9.984, 9.101, 9.107, 9.315, 8.492, 8.459, 9.054, 8.85, 8.181, 8.877, 8.834, 8.579, 9.187, 9.367, 9.694, 11.005, 11.638, 11.832, 11.882, 12.269, 11.103, 10.934, 11.677, 11.869, 12.352], [14.151, 14.563, 15.351, 14.52, 14.159, 13.918, 13.71, 13.784, 12.723, 11.017, 10.45, 11.101, 12.655, 13.464, 13.55, 13.511, 13.73, 13.732, 13.936, 13.351, 11.632, 10.122, 9.801, 9.733, 9.092, 7.636, 4.774, 2.819, 2.474, 2.351, 2.375, 2.169, 2.616, 2.295, 1.75, 1.596, 1.422, 1.606, 1.797, 1.549, 1.532, 1.28, 3.02, 4.02, 4.507, 4.592, 4.391, 4.051, 3.475, 3.202, 2.745, 1.687, 0.0, 2.519, 5.497, 8.175, 9.428, 9.378, 8.444, 8.164, 8.671, 8.516, 7.625, 7.651, 7.866, 7.044, 6.996, 7.586, 7.378, 6.704, 7.404, 7.354, 7.098, 7.709, 7.884, 8.209, 9.522, 10.159, 10.353, 10.417, 10.747, 9.616, 9.46, 10.178, 10.375, 10.878], [11.64, 12.052, 12.84, 12.015, 11.657, 11.407, 11.199, 11.282, 10.214, 8.506, 7.938, 8.589, 10.15, 10.963, 11.066, 11.023, 11.242, 11.24, 11.444, 10.86, 9.14, 7.627, 7.289, 7.222, 6.582, 5.126, 2.622, 2.29, 1.942, 2.169, 2.427, 2.254, 2.006, 2.105, 2.146, 2.406, 3.203, 3.404, 3.081, 3.199, 2.472, 2.813, 5.277, 6.282, 6.739, 6.847, 6.724, 6.386, 5.807, 5.543, 5.09, 4.071, 2.519, 0.0, 2.984, 5.669, 6.922, 6.879, 5.94, 5.68, 6.2, 6.044, 5.228, 5.271, 5.514, 4.692, 4.607, 5.099, 4.898, 4.327, 4.923, 4.867, 4.588, 5.208, 5.381, 5.696, 7.011, 7.663, 7.867, 7.946, 8.358, 7.308, 7.094, 7.743, 7.902, 8.374], [8.665, 9.077, 9.865, 9.041, 8.682, 8.432, 8.228, 8.306, 7.257, 5.542, 4.981, 5.634, 7.175, 8.063, 8.18, 8.136, 8.327, 8.337, 8.528, 7.913, 6.166, 4.65, 4.315, 4.25, 3.697, 2.593, 2.484, 3.751, 3.837, 4.174, 4.335, 4.084, 3.634, 3.685, 4.629, 4.786, 5.602, 5.814, 5.438, 5.772, 4.956, 5.504, 8.085, 9.081, 9.505, 9.615, 9.467, 9.169, 8.549, 8.373, 7.917, 7.001, 5.497, 2.984, 0.0, 2.702, 3.976, 3.965, 3.349, 3.289, 3.65, 3.888, 3.669, 3.444, 3.186, 3.012, 2.855, 2.969, 2.847, 3.146, 3.24, 3.356, 3.383, 3.034, 2.777, 2.89, 4.03, 4.688, 4.937, 5.125, 5.712, 4.92, 4.881, 5.075, 5.035, 5.419], [6.055, 6.457, 7.272, 6.47, 6.091, 5.904, 5.659, 5.747, 4.751, 3.089, 2.811, 3.212, 4.657, 5.581, 5.709, 5.681, 5.855, 5.856, 6.037, 5.424, 3.687, 2.391, 2.16, 2.134, 1.921, 2.082, 3.848, 5.749, 5.957, 6.492, 6.776, 6.491, 5.987, 6.222, 7.163, 7.27, 8.166, 8.402, 7.85, 8.25, 7.386, 8.007, 10.643, 11.737, 12.166, 12.233, 12.085, 11.825, 11.18, 10.992, 10.572, 9.668, 8.175, 5.669, 2.702, 0.0, 1.528, 1.921, 1.891, 2.085, 2.253, 2.872, 3.368, 3.064, 2.595, 2.73, 2.572, 2.474, 2.344, 2.476, 2.194, 2.505, 2.93, 2.342, 1.712, 1.868, 2.18, 2.634, 2.908, 3.053, 3.826, 3.901, 3.77, 3.819, 3.48, 3.215], [4.968, 5.274, 6.041, 5.239, 4.859, 4.667, 4.412, 4.505, 3.523, 2.129, 1.82, 2.017, 3.391, 4.323, 4.432, 4.386, 4.594, 4.593, 4.789, 4.177, 2.444, 1.501, 1.226, 1.418, 1.483, 2.468, 4.955, 6.91, 7.21, 7.8, 8.088, 7.716, 7.235, 7.48, 8.411, 8.467, 9.374, 9.74, 9.166, 9.588, 8.728, 9.352, 11.926, 13.018, 13.408, 13.489, 13.341, 13.08, 12.436, 12.26, 11.833, 10.925, 9.428, 6.922, 3.976, 1.528, 0.0, 1.007, 1.57, 1.836, 1.657, 2.275, 3.086, 2.872, 2.594, 2.92, 2.831, 2.361, 2.318, 2.833, 2.593, 2.673, 2.852, 2.398, 2.025, 1.769, 1.475, 1.854, 2.125, 2.242, 2.98, 3.127, 2.98, 2.999, 2.64, 1.987], [4.921, 5.3, 5.983, 5.156, 4.791, 4.565, 4.378, 4.418, 3.405, 2.117, 1.621, 1.93, 3.287, 4.236, 4.342, 4.295, 4.502, 4.503, 4.702, 4.081, 2.383, 1.36, 1.086, 1.317, 1.377, 2.262, 4.894, 6.989, 7.317, 7.902, 8.217, 7.817, 7.285, 7.469, 8.387, 8.327, 9.268, 9.633, 9.175, 9.639, 8.823, 9.388, 11.981, 12.916, 13.276, 13.348, 13.204, 13.027, 12.382, 12.211, 11.771, 10.872, 9.378, 6.879, 3.965, 1.921, 1.007, 0.0, 1.207, 1.6, 1.562, 2.376, 3.141, 2.822, 2.345, 2.723, 2.684, 2.155, 2.201, 2.894, 2.388, 2.461, 2.682, 2.16, 2.038, 1.902, 1.543, 1.867, 2.215, 2.414, 2.856, 3.073, 2.814, 2.945, 2.54, 1.807], [5.922, 6.366, 7.017, 6.16, 5.785, 5.571, 5.496, 5.376, 4.338, 2.929, 2.291, 2.765, 4.241, 5.111, 5.215, 5.169, 5.375, 5.375, 5.575, 4.96, 3.237, 1.958, 1.677, 1.853, 1.457, 1.45, 3.978, 6.092, 6.412, 6.999, 7.284, 6.923, 6.396, 6.579, 7.48, 7.297, 8.245, 8.698, 8.271, 8.748, 7.955, 8.513, 11.059, 11.897, 12.333, 12.362, 12.287, 12.087, 11.459, 11.269, 10.851, 9.916, 8.444, 5.94, 3.349, 1.891, 1.57, 1.207, 0.0, 0.761, 1.181, 1.849, 2.483, 2.204, 1.786, 1.835, 1.819, 1.771, 1.7, 2.092, 1.76, 1.785, 1.861, 1.47, 1.482, 1.565, 1.893, 2.38, 2.724, 2.847, 3.323, 2.524, 2.293, 2.652, 2.471, 2.591], [6.27, 6.751, 7.319, 6.385, 6.019, 5.913, 5.834, 5.702, 4.689, 3.314, 2.676, 3.131, 4.573, 5.419, 5.539, 5.496, 5.68, 5.679, 5.879, 5.259, 3.516, 2.037, 1.796, 1.807, 1.402, 1.306, 3.686, 5.765, 6.074, 6.663, 6.948, 6.629, 6.097, 6.287, 7.201, 7.066, 7.984, 8.364, 7.949, 8.422, 7.62, 8.185, 10.721, 11.608, 12.048, 12.109, 11.997, 11.796, 11.171, 10.985, 10.553, 9.639, 8.164, 5.68, 3.289, 2.085, 1.836, 1.6, 0.761, 0.0, 0.895, 1.253, 1.837, 1.681, 1.422, 1.376, 1.411, 1.387, 1.413, 1.876, 1.757, 1.594, 1.6, 1.423, 1.549, 1.532, 1.95, 2.379, 2.704, 2.795, 3.334, 2.368, 2.102, 2.554, 2.512, 2.811], [6.061, 6.384, 6.85, 5.924, 5.547, 5.536, 5.416, 5.266, 4.371, 3.281, 2.693, 2.924, 4.181, 5.073, 5.176, 5.138, 5.306, 5.306, 5.51, 4.884, 3.153, 1.949, 1.642, 1.638, 1.214, 1.716, 4.133, 6.136, 6.436, 7.044, 7.343, 7.098, 6.574, 6.748, 7.676, 7.564, 8.518, 8.832, 8.283, 8.797, 7.965, 8.522, 11.172, 12.112, 12.543, 12.626, 12.48, 12.308, 11.673, 11.502, 11.059, 10.159, 8.671, 6.2, 3.65, 2.253, 1.657, 1.562, 1.181, 0.895, 0.0, 1.059, 1.682, 1.58, 1.545, 1.834, 1.787, 1.588, 1.573, 2.257, 1.814, 1.774, 1.947, 1.703, 1.749, 1.68, 1.447, 1.777, 2.131, 2.221, 2.752, 1.968, 1.863, 2.134, 2.119, 2.393], [6.664, 6.997, 7.133, 6.164, 5.795, 5.865, 5.768, 5.583, 4.817, 3.969, 3.369, 3.591, 4.508, 5.329, 5.385, 5.323, 5.498, 5.532, 5.735, 5.117, 3.443, 2.445, 2.186, 2.008, 1.834, 2.013, 4.074, 6.002, 6.286, 6.839, 7.136, 6.903, 6.37, 6.562, 7.491, 7.49, 8.414, 8.699, 8.119, 8.568, 7.786, 8.343, 10.975, 11.967, 12.391, 12.483, 12.319, 12.142, 11.506, 11.325, 10.885, 9.984, 8.516, 6.044, 3.888, 2.872, 2.275, 2.376, 1.849, 1.253, 1.059, 0.0, 1.106, 1.316, 1.48, 1.713, 1.638, 1.691, 1.667, 2.354, 2.29, 2.052, 2.017, 1.96, 2.106, 1.948, 1.938, 2.059, 2.401, 2.416, 2.849, 1.798, 1.671, 2.261, 2.225, 2.559], [7.614, 7.964, 8.163, 7.15, 6.772, 6.858, 6.791, 6.538, 5.733, 4.862, 4.252, 4.459, 5.456, 6.252, 6.304, 6.236, 6.404, 6.464, 6.665, 6.019, 4.314, 3.176, 2.903, 2.745, 2.421, 2.018, 3.338, 5.186, 5.443, 5.958, 6.276, 6.044, 5.51, 5.681, 6.61, 6.579, 7.558, 7.835, 7.282, 7.714, 6.922, 7.478, 10.091, 11.03, 11.462, 11.559, 11.399, 11.248, 10.62, 10.437, 9.975, 9.101, 7.625, 5.228, 3.669, 3.368, 3.086, 3.141, 2.483, 1.837, 1.682, 1.106, 0.0, 0.847, 1.305, 1.152, 1.162, 1.453, 1.717, 2.33, 2.357, 2.161, 2.099, 2.217, 2.371, 2.273, 2.596, 2.815, 3.067, 3.113, 3.635, 2.545, 2.331, 2.982, 3.109, 3.489], [7.331, 7.728, 8.098, 7.099, 6.716, 6.79, 6.72, 6.454, 5.655, 4.533, 3.901, 4.204, 5.377, 6.179, 6.229, 6.146, 6.312, 6.352, 6.582, 5.934, 4.178, 2.935, 2.765, 2.652, 2.281, 1.814, 3.418, 5.302, 5.508, 6.029, 6.323, 6.09, 5.557, 5.722, 6.63, 6.621, 7.603, 7.877, 7.374, 7.809, 7.005, 7.546, 10.139, 11.064, 11.489, 11.571, 11.404, 11.248, 10.623, 10.441, 10.002, 9.107, 7.651, 5.271, 3.444, 3.064, 2.872, 2.822, 2.204, 1.681, 1.58, 1.316, 0.847, 0.0, 0.834, 1.052, 1.095, 1.063, 1.635, 2.479, 2.345, 2.215, 2.155, 1.974, 2.0, 2.046, 2.404, 2.764, 2.973, 2.995, 3.511, 2.515, 2.341, 2.91, 3.025, 3.431], [7.002, 7.441, 7.875, 6.892, 6.515, 6.507, 6.455, 6.216, 5.297, 4.076, 3.398, 3.778, 5.112, 5.871, 5.962, 5.88, 6.057, 6.086, 6.291, 5.656, 3.901, 2.477, 2.441, 2.371, 1.972, 1.59, 3.716, 5.626, 5.825, 6.31, 6.584, 6.312, 5.776, 5.946, 6.9, 6.845, 7.794, 8.116, 7.71, 8.147, 7.34, 7.876, 10.36, 11.188, 11.659, 11.726, 11.615, 11.437, 10.821, 10.627, 10.181, 9.315, 7.866, 5.514, 3.186, 2.595, 2.594, 2.345, 1.786, 1.422, 1.545, 1.48, 1.305, 0.834, 0.0, 1.004, 1.041, 1.025, 1.714, 2.