[[0.0, 0.941, 2.181, 2.74, 2.237, 1.592, 1.409, 1.261, 1.254, 1.749, 2.148, 2.167, 2.258, 2.36, 2.815, 2.876, 3.054, 3.416, 3.544, 4.152, 4.815, 4.69, 4.42, 4.294, 4.269, 4.553, 4.873, 5.207, 5.44, 5.048, 5.498, 5.764, 5.528, 5.089, 4.69, 4.481, 4.83, 4.526, 4.126, 4.369, 4.331, 3.742, 4.002, 3.807, 3.395, 3.18, 3.182, 3.089, 3.009, 3.286, 3.81, 3.566, 3.539, 3.475, 3.119, 2.691, 2.928, 3.291, 3.458, 3.612, 3.652, 3.934, 3.96, 3.18, 3.166, 3.728, 3.52, 2.89, 3.165, 3.133, 3.375, 3.404, 3.427, 4.317, 3.988, 3.793, 3.832, 3.13, 3.463, 3.274, 3.326, 2.881, 2.563, 2.508, 3.263, 4.224], [0.941, 0.0, 1.749, 2.431, 1.957, 1.475, 1.291, 1.084, 1.065, 1.658, 2.321, 2.286, 2.321, 2.512, 3.074, 3.126, 3.169, 3.476, 3.691, 4.267, 5.014, 4.869, 4.551, 4.433, 4.515, 5.028, 5.217, 5.601, 5.816, 5.311, 5.868, 6.191, 5.898, 5.537, 5.173, 4.854, 5.273, 4.895, 4.526, 4.666, 4.565, 4.015, 4.22, 4.035, 3.819, 3.41, 3.49, 3.361, 3.144, 3.632, 4.153, 3.876, 3.697, 3.721, 3.26, 2.92, 3.173, 3.484, 3.662, 3.928, 3.847, 3.946, 4.004, 3.352, 3.335, 3.76, 3.52, 2.937, 3.204, 3.147, 3.363, 3.44, 3.416, 4.341, 4.005, 3.813, 3.757, 3.221, 3.601, 3.509, 3.499, 2.987, 2.691, 2.694, 3.462, 4.448], [2.181, 1.749, 0.0, 0.965, 0.908, 1.386, 1.671, 1.651, 1.738, 1.647, 2.408, 2.186, 1.835, 2.445, 3.195, 3.46, 3.735, 4.327, 4.848, 5.325, 6.22, 5.983, 5.764, 5.552, 5.611, 6.454, 6.784, 7.174, 7.384, 6.817, 7.303, 7.633, 7.436, 7.062, 6.68, 6.441, 6.85, 6.444, 5.991, 6.045, 5.788, 5.297, 5.589, 5.365, 4.663, 4.38, 4.522, 4.024, 3.337, 4.041, 4.253, 3.595, 3.326, 3.43, 3.123, 2.908, 3.6, 4.049, 3.942, 3.822, 3.568, 3.309, 3.502, 3.092, 2.95, 2.79, 2.68, 2.469, 2.697, 2.418, 2.377, 2.469, 2.62, 3.863, 3.651, 3.438, 3.259, 2.788, 3.505, 4.213, 4.495, 4.069, 3.602, 3.19, 3.404, 4.119], [2.74, 2.431, 0.965, 0.0, 0.707, 1.599, 2.137, 2.066, 2.137, 1.91, 2.683, 2.418, 1.93, 2.434, 3.429, 3.69, 3.991, 4.698, 5.378, 5.86, 6.763, 6.521, 6.309, 6.101, 6.155, 7.001, 7.329, 7.719, 7.928, 7.361, 7.847, 8.174, 7.98, 7.607, 7.225, 6.985, 7.395, 6.988, 6.534, 6.586, 6.328, 5.842, 6.129, 5.893, 5.139, 4.848, 5.039, 4.519, 3.765, 4.463, 4.553, 3.73, 3.367, 3.387, 3.117, 3.129, 3.909, 4.35, 4.177, 4.03, 3.409, 3.217, 3.409, 3.189, 3.0, 2.548, 2.475, 2.503, 2.572, 2.354, 1.982, 2.144, 2.392, 3.626, 3.476, 3.197, 3.156, 2.776, 3.719, 4.614, 4.957, 4.529, 3.939, 3.511, 3.564, 4.087], [2.237, 1.957, 0.908, 0.707, 0.0, 1.068, 1.64, 1.524, 1.548, 1.647, 2.454, 2.152, 1.703, 2.274, 3.298, 3.535, 3.819, 4.404, 4.963, 5.454, 6.303, 6.088, 5.85, 5.652, 5.657, 6.5, 6.83, 7.22, 7.43, 6.863, 7.395, 7.726, 7.481, 7.108, 6.726, 6.486, 6.896, 6.489, 6.059, 6.129, 5.884, 5.374, 5.686, 5.401, 4.627, 4.385, 4.553, 4.096, 3.442, 4.166, 4.279, 3.497, 3.217, 3.249, 2.959, 2.922, 3.699, 4.071, 4.013, 3.872, 3.324, 3.117, 3.311, 3.067, 2.808, 2.507, 2.484, 2.415, 2.486, 2.184, 2.011, 2.151, 2.341, 3.559, 3.374, 3.116, 2.998, 2.59, 3.491, 4.288, 4.587, 4.142, 3.617, 3.302, 3.408, 4.007], [1.592, 1.475, 1.386, 1.599, 1.068, 0.0, 0.975, 1.177, 1.045, 1.308, 2.073, 1.764, 1.509, 1.955, 2.917, 3.139, 3.34, 3.877, 4.175, 4.768, 5.503, 5.293, 5.118, 4.862, 4.864, 5.631, 5.965, 6.359, 6.578, 6.009, 6.566, 6.897, 6.625, 6.241, 5.857, 5.622, 6.037, 5.639, 5.219, 5.337, 5.071, 4.576, 4.88, 4.573, 3.821, 3.655, 3.787, 3.485, 2.817, 3.646, 3.835, 3.125, 2.922, 2.927, 2.635, 2.489, 3.102, 3.539, 3.649, 3.498, 3.051, 3.076, 3.228, 2.747, 2.535, 2.952, 2.825, 2.341, 2.389, 2.245, 2.462, 2.567, 2.633, 3.388, 3.2, 2.918, 2.896, 2.332, 3.184, 3.631, 3.878, 3.428, 2.94, 2.72, 2.982, 3.682], [1.409, 1.291, 1.671, 2.137, 1.64, 0.975, 0.0, 0.837, 1.109, 1.496, 2.177, 1.989, 2.019, 2.39, 2.956, 3.061, 3.404, 3.893, 4.188, 4.697, 5.487, 5.274, 5.03, 4.872, 4.837, 5.527, 5.925, 6.169, 6.401, 5.906, 6.443, 6.736, 6.457, 6.1, 5.675, 5.521, 5.843, 5.475, 5.057, 5.155, 4.907, 4.45, 4.763, 4.459, 3.811, 3.575, 3.692, 3.379, 2.954, 3.509, 3.947, 3.475, 3.272, 3.303, 2.975, 2.734, 3.174, 3.591, 3.646, 3.579, 3.474, 3.689, 3.724, 2.991, 2.912, 3.472, 3.278, 2.66, 2.934, 2.81, 3.041, 3.139, 3.191, 4.041, 3.759, 3.566, 3.537, 2.811, 3.519, 3.641, 3.829, 3.346, 2.907, 2.661, 3.169, 4.028], [1.261, 1.084, 1.651, 2.066, 1.524, 1.177, 0.837, 0.0, 0.958, 1.5, 2.258, 2.143, 2.084, 2.355, 3.107, 3.178, 3.289, 3.854, 4.121, 4.547, 5.385, 5.151, 4.912, 4.746, 4.765, 5.416, 5.746, 6.13, 6.368, 5.779, 6.4, 6.723, 6.441, 6.038, 5.645, 5.391, 5.801, 5.435, 5.054, 5.153, 4.966, 4.453, 4.692, 4.381, 3.977, 3.732, 3.805, 3.529, 3.16, 3.7, 4.181, 3.712, 3.535, 3.549, 3.161, 2.837, 3.198, 3.581, 3.652, 3.829, 3.748, 3.898, 3.968, 3.264, 3.157, 3.714, 3.492, 2.851, 3.111, 3.065, 3.284, 3.382, 3.362, 4.136, 3.911, 3.627, 3.617, 2.888, 3.493, 3.724, 3.913, 3.419, 3.051, 2.895, 3.448, 4.27], [1.254, 1.065, 1.738, 2.137, 1.548, 1.045, 1.109, 0.958, 0.0, 1.106, 1.93, 1.811, 1.713, 2.024, 2.782, 2.877, 2.942, 3.375, 3.633, 4.209, 4.951, 4.76, 4.529, 4.369, 4.516, 5.062, 5.332, 5.722, 5.932, 5.372, 5.933, 6.256, 5.988, 5.643, 5.251, 4.989, 5.398, 4.992, 4.607, 4.704, 4.508, 4.007, 4.259, 3.982, 3.607, 3.214, 3.331, 3.226, 2.751, 3.318, 3.84, 3.404, 3.185, 3.235, 2.827, 2.509, 2.762, 3.207, 3.353, 3.494, 3.367, 3.44, 3.577, 2.906, 2.834, 3.354, 3.231, 2.605, 2.64, 2.508, 2.782, 2.919, 3.081, 3.746, 3.478, 3.218, 3.2, 2.68, 3.276, 3.28, 3.369, 2.898, 2.461, 2.268, 3.042, 3.97], [1.749, 1.658, 1.647, 1.91, 1.647, 1.308, 1.496, 1.5, 1.106, 0.0, 1.03, 1.001, 0.921, 1.126, 1.794, 1.988, 2.28, 2.964, 3.612, 4.08, 4.979, 4.736, 4.525, 4.306, 4.375, 5.214, 5.544, 5.934, 6.144, 5.577, 6.064, 6.39, 6.196, 5.822, 5.441, 5.201, 5.61, 5.204, 4.754, 4.802, 4.546, 4.057, 4.348, 4.109, 3.448, 3.084, 3.274, 2.769, 2.249, 2.693, 3.005, 2.485, 2.299, 2.25, 1.854, 1.655, 2.165, 2.612, 2.479, 2.529, 2.359, 2.75, 2.837, 1.951, 1.979, 2.804, 2.686, 1.936, 1.865, 1.846, 2.167, 2.247, 2.447, 2.873, 2.505, 2.306, 2.452, 1.848, 2.289, 2.881, 3.209, 2.776, 2.241, 1.879, 2.117, 2.967], [2.148, 2.321, 2.408, 2.683, 2.454, 2.073, 2.177, 2.258, 1.93, 1.03, 0.0, 0.713, 1.154, 0.936, 1.124, 1.302, 1.566, 2.287, 2.983, 3.484, 4.355, 4.136, 3.897, 3.746, 3.74, 4.599, 4.987, 5.289, 5.499, 4.945, 5.418, 5.745, 5.559, 5.177, 4.796, 4.567, 4.965, 4.559, 4.105, 4.157, 3.899, 3.412, 3.703, 3.464, 2.786, 2.395, 2.607, 2.25, 2.025, 2.114, 2.231, 1.805, 1.792, 1.671, 1.464, 1.153, 1.484, 1.946, 1.743, 1.72, 2.063, 2.692, 2.861, 1.752, 1.581, 2.887, 2.805, 2.041, 1.779, 1.907, 2.272, 2.371, 2.626, 2.693, 2.297, 2.365, 2.641, 1.946, 1.647, 2.131, 2.44, 2.001, 1.828, 1.649, 1.66, 2.378], [2.167, 2.286, 2.186, 2.418, 2.152, 1.764, 1.989, 2.143, 1.811, 1.001, 0.713, 0.0, 0.855, 0.989, 1.498, 1.656, 1.954, 2.624, 3.261, 3.761, 4.633, 4.406, 4.164, 4.024, 4.002, 4.888, 5.265, 5.546, 5.756, 5.213, 5.677, 6.002, 5.817, 5.434, 5.052, 4.835, 5.222, 4.815, 4.362, 4.414, 4.156, 3.669, 3.968, 3.723, 2.99, 2.66, 2.864, 2.354, 1.886, 2.355, 2.467, 1.889, 1.7, 1.691, 1.415, 1.359, 1.846, 2.287, 2.074, 1.944, 1.939, 2.445, 2.621, 1.636, 1.336, 2.605, 2.49, 1.828, 1.519, 1.731, 2.093, 2.075, 2.306, 2.478, 2.143, 2.083, 2.391, 1.75, 1.945, 2.389, 2.707, 2.263, 1.964, 1.818, 1.6, 2.253], [2.258, 2.321, 1.835, 1.93, 1.703, 1.509, 2.019, 2.084, 1.713, 0.921, 1.154, 0.855, 0.0, 1.015, 1.889, 2.175, 2.445, 3.132, 3.818, 4.305, 5.211, 4.978, 4.757, 4.538, 4.603, 5.446, 5.777, 6.166, 6.376, 5.809, 6.295, 6.622, 6.438, 6.054, 5.673, 5.433, 5.843, 5.436, 4.982, 5.036, 4.776, 4.289, 4.592, 4.385, 3.649, 3.323, 3.486, 2.953, 2.279, 2.947, 3.022, 2.092, 1.782, 1.849, 1.649, 1.674, 2.378, 2.855, 2.593, 2.447, 1.936, 2.346, 2.528, 1.803, 1.531, 2.461, 2.343, 1.815, 1.409, 1.468, 1.843, 1.859, 2.132, 2.35, 2.052, 1.892, 2.017, 1.424, 2.049, 2.972, 3.311, 2.884, 2.45, 2.152, 2.023, 2.451], [2.36, 2.512, 2.445, 2.434, 2.274, 1.955, 2.39, 2.355, 2.024, 1.126, 0.936, 0.989, 1.015, 0.0, 1.324, 1.575, 1.878, 2.747, 3.457, 3.933, 4.839, 4.593, 4.385, 4.166, 4.231, 5.074, 5.405, 5.794, 6.004, 5.437, 5.923, 6.25, 6.075, 5.682, 5.301, 5.061, 5.471, 5.064, 4.61, 4.673, 4.404, 3.918, 4.229, 4.023, 3.29, 3.001, 3.132, 2.594, 2.294, 2.54, 2.554, 2.122, 2.13, 2.04, 1.755, 1.671, 2.025, 2.498, 2.24, 2.013, 2.016, 2.628, 2.778, 1.898, 1.8, 2.935, 2.709, 2.026, 1.554, 1.707, 2.169, 2.283, 2.544, 2.581, 2.253, 2.135, 2.377, 1.757, 1.747, 2.598, 2.972, 2.618, 2.396, 2.159, 1.658, 2.271], [2.815, 3.074, 3.195, 3.429, 3.298, 2.917, 2.956, 3.107, 2.782, 1.794, 1.124, 1.498, 1.889, 1.324, 0.0, 0.833, 1.354, 2.017, 2.667, 3.156, 4.029, 3.799, 3.565, 3.42, 3.391, 4.241, 4.661, 4.893, 5.043, 4.536, 5.068, 5.326, 5.175, 4.783, 4.346, 4.136, 4.51, 4.166, 3.691, 3.711, 3.443, 2.957, 3.384, 3.099, 2.469, 2.19, 2.301, 2.094, 2.117, 2.059, 1.843, 1.896, 1.919, 1.827, 1.697, 1.573, 1.509, 1.818, 1.63, 1.683, 2.134, 2.657, 2.778, 1.931, 2.17, 3.229, 2.963, 2.28, 2.0, 2.06, 2.493, 2.549, 2.899, 2.815, 2.399, 2.605, 2.931, 2.498, 1.565, 2.035, 2.204, 2.004, 2.192, 1.92, 1.624, 2.144], [2.876, 3.126, 3.46, 3.69, 3.535, 3.139, 3.061, 3.178, 2.877, 1.988, 1.302, 1.656, 2.175, 1.575, 0.833, 0.0, 0.855, 1.567, 2.295, 2.726, 3.6, 3.378, 3.123, 2.993, 3.014, 3.804, 4.232, 4.442, 4.652, 4.152, 4.606, 4.904, 4.708, 4.354, 3.949, 3.775, 4.119, 3.728, 3.296, 3.31, 3.052, 2.566, 2.898, 2.711, 2.178, 1.698, 1.83, 1.596, 1.896, 1.704, 1.696, 1.711, 1.815, 1.755, 1.608, 1.475, 1.165, 1.335, 1.2, 1.391, 2.133, 2.717, 2.835, 1.895, 2.061, 3.292, 3.116, 2.328, 2.129, 2.255, 2.726, 2.59, 2.836, 2.942, 2.6, 2.866, 3.3, 2.709, 1.379, 1.566, 1.742, 1.618, 1.844, 1.683, 1.533, 2.045], [3.054, 3.169, 3.735, 3.991, 3.819, 3.34, 3.404, 3.289, 2.942, 2.28, 1.566, 1.954, 2.445, 1.878, 1.354, 0.855, 0.0, 1.021, 1.879, 2.302, 3.154, 2.855, 2.702, 2.51, 2.775, 3.501, 3.696, 4.028, 4.238, 3.671, 4.156, 4.484, 4.304, 3.931, 3.625, 3.333, 3.704, 3.297, 2.901, 2.901, 2.643, 2.17, 2.459, 2.369, 2.084, 1.351, 1.516, 1.433, 1.787, 1.572, 1.636, 1.779, 2.037, 2.1, 1.9, 1.502, 0.931, 0.987, 1.054, 1.272, 2.488, 3.092, 3.146, 2.067, 2.242, 3.655, 3.579, 2.669, 2.581, 2.866, 3.311, 3.106, 3.136, 3.233, 2.96, 3.188, 3.791, 3.22, 1.554, 1.227, 1.284, 1.22, 1.596, 1.668, 1.635, 2.327], [3.416, 3.476, 4.327, 4.698, 4.404, 3.877, 3.893, 3.854, 3.375, 2.964, 2.287, 2.624, 3.132, 2.747, 2.017, 1.567, 1.021, 0.0, 1.184, 1.661, 2.427, 2.22, 1.957, 1.904, 2.245, 2.785, 2.8, 3.122, 3.336, 2.824, 3.262, 3.59, 3.444, 3.08, 2.845, 2.486, 2.811, 2.484, 2.379, 2.021, 1.882, 1.403, 1.789, 1.866, 1.721, 1.35, 1.395, 1.553, 2.097, 1.9, 1.94, 2.338, 2.662, 2.867, 2.639, 2.231, 1.325, 1.128, 1.189, 1.758, 3.338, 3.937, 4.006, 2.906, 3.015, 4.534, 4.461, 3.561, 3.45, 3.737, 4.177, 3.951, 3.942, 4.191, 3.906, 4.162, 4.624, 3.998, 2.118, 1.156, 1.239, 1.466, 2.058, 2.117, 2.404, 3.07], [3.544, 3.691, 4.848, 5.378, 4.963, 4.175, 4.188, 4.121, 3.633, 3.612, 2.983, 3.261, 3.818, 3.457, 2.667, 2.295, 1.879, 1.184, 0.0, 1.062, 1.616, 1.438, 1.275, 1.097, 1.384, 1.957, 2.076, 2.353, 2.559, 2.009, 2.485, 2.832, 2.653, 2.289, 2.003, 1.648, 2.162, 2.235, 2.061, 1.514, 1.365, 0.974, 1.207, 1.337, 1.581, 1.467, 1.35, 1.53, 2.435, 2.41, 2.546, 3.029, 3.303, 3.614, 3.389, 2.951, 2.052, 1.811, 1.953, 2.591, 4.232, 4.792, 4.862, 3.793, 3.813, 5.244, 5.233, 4.394, 4.156, 4.398, 4.855, 4.767, 4.891, 4.953, 4.619, 4.877, 5.41, 4.771, 2.75, 1.477, 1.48, 1.873, 2.627, 2.856, 3.202, 3.793], [4.152, 4.267, 5.325, 5.86, 5.454, 4.768, 4.697, 4.547, 4.209, 4.08, 3.484, 3.761, 4.305, 3.933, 3.156, 2.726, 2.302, 1.661, 1.062, 0.0, 1.064, 1.005, 0.8, 0.934, 1.15, 1.488, 1.636, 1.864, 2.131, 1.599, 2.064, 2.475, 2.338, 1.982, 1.564, 1.537, 2.149, 2.533, 2.309, 1.512, 1.449, 1.33, 1.297, 1.323, 1.771, 1.838, 1.704, 1.72, 2.505, 2.289, 2.5, 2.997, 3.533, 3.92, 3.587, 3.287, 2.33, 1.968, 2.104, 2.699, 4.401, 4.991, 4.949, 3.956, 4.04, 5.574, 5.566, 4.73, 4.627, 4.819, 5.317, 5.171, 5.126, 5.239, 4.978, 5.369, 5.902, 5.268, 3.204, 1.842, 1.983, 2.314, 3.109, 3.103, 3.433, 3.725], [4.815, 5.014, 6.22, 6.763, 6.303, 5.503, 5.487, 5.385, 4.951, 4.979, 4.355, 4.633, 5.211, 4.839, 4.029, 3.6, 3.154, 2.427, 1.616, 1.064, 0.0, 0.879, 0.923, 0.883, 1.078, 0.952, 1.128, 1.183, 1.468, 0.985, 1.27, 1.632, 1.726, 1.379, 1.164, 1.548, 2.243, 2.73, 2.629, 1.883, 1.608, 1.874, 1.647, 1.612, 2.279, 2.431, 2.243, 2.525, 3.332, 2.857, 3.121, 3.679, 4.406, 4.82, 4.484, 4.161, 3.176, 2.678, 2.908, 3.47, 5.238, 5.86, 5.792, 4.789, 4.857, 6.467, 6.437, 5.606, 5.523, 5.724, 6.191, 6.053, 5.989, 6.125, 5.887, 6.259, 6.799, 6.164, 4.101, 2.547, 2.522, 2.977, 3.714, 3.871, 4.284, 4.402], [4.69, 4.869, 5.983, 6.521, 6.088, 5.293, 5.274, 5.151, 4.76, 4.736, 4.136, 4.406, 4.978, 4.593, 3.799, 3.378, 2.855, 2.22, 1.438, 1.005, 0.879, 0.0, 0.582, 0.712, 1.016, 1.119, 1.182, 1.332, 1.76, 1.294, 1.647, 2.09, 1.947, 1.533, 1.253, 1.348, 2.29, 2.763, 2.525, 1.818, 1.57, 1.601, 1.498, 1.722, 2.206, 2.185, 2.055, 2.253, 3.064, 2.961, 3.105, 3.689, 4.119, 4.486, 4.18, 3.828, 2.923, 2.603, 2.785, 3.398, 4.974, 5.575, 5.561, 4.536, 4.615, 6.17, 6.185, 5.414, 5.301, 5.501, 5.964, 5.823, 5.801, 5.821, 5.54, 5.992, 6.595, 5.961, 3.897, 2.367, 2.367, 2.737, 3.509, 3.723, 4.021, 4.364], [4.42, 4.551, 5.764, 6.309, 5.85, 5.118, 5.03, 4.912, 4.529, 4.525, 3.897, 4.164, 4.757, 4.385, 3.565, 3.123, 2.702, 1.957, 1.275, 0.8, 0.923, 0.582, 0.0, 0.675, 0.946, 1.118, 1.287, 1.48, 1.845, 1.409, 1.712, 2.15, 1.9, 1.536, 1.287, 1.299, 2.315, 2.746, 2.489, 1.749, 1.578, 1.482, 1.482, 1.685, 2.051, 2.06, 1.975, 2.067, 2.894, 2.785, 2.945, 3.495, 3.923, 4.293, 3.983, 3.676, 2.738, 2.391, 2.575, 3.175, 4.792, 5.378, 5.391, 4.364, 4.424, 5.967, 5.938, 5.147, 5.024, 5.254, 5.71, 5.571, 5.564, 5.642, 5.385, 5.783, 6.32, 5.686, 3.641, 2.195, 2.245, 2.592, 3.368, 3.47, 3.822, 4.216], [4.294, 4.433, 5.552, 6.101, 5.652, 4.862, 4.872, 4.746, 4.369, 4.306, 3.746, 4.024, 4.538, 4.166, 3.42, 2.993, 2.51, 1.904, 1.097, 0.934, 0.883, 0.712, 0.675, 0.0, 0.752, 1.163, 1.42, 1.671, 1.975, 1.444, 1.893, 2.27, 2.045, 1.597, 1.355, 1.242, 2.399, 2.84, 2.613, 1.899, 1.623, 1.559, 1.637, 1.773, 2.174, 2.047, 1.984, 2.13, 3.032, 2.922, 3.042, 3.572, 3.976, 4.304, 4.019, 3.572, 2.682, 2.404, 2.571, 3.193, 4.89, 5.45, 5.479, 4.462, 4.503, 5.996, 5.945, 5.049, 4.891, 5.089, 5.584, 5.452, 5.545, 5.629, 5.32, 5.597, 6.152, 5.518, 3.454, 2.086, 2.264, 2.661, 3.434, 3.641, 3.892, 4.32], [4.269, 4.515, 5.611, 6.155, 5.657, 4.864, 4.837, 4.765, 4.516, 4.375, 3.74, 4.002, 4.603, 4.231, 3.391, 3.014, 2.775, 2.245, 1.384, 1.15, 1.078, 1.016, 0.946, 0.752, 0.0, 1.157, 1.743, 1.762, 2.082, 1.378, 1.966, 2.283, 2.115, 1.64, 1.331, 1.312, 2.523, 2.943, 2.726, 2.085, 1.77, 1.718, 1.838, 1.796, 1.958, 2.136, 1.987, 2.086, 2.902, 2.9, 2.941, 3.562, 3.839, 4.163, 3.896, 3.521, 2.789, 2.488, 2.61, 3.201, 4.757, 5.318, 5.36, 4.329, 4.362, 5.839, 5.842, 5.095, 4.916, 5.096, 5.557, 5.45, 5.546, 5.561, 5.198, 5.629, 6.186, 5.552, 3.489, 2.27, 2.52, 2.814, 3.544, 3.706, 3.762, 4.219], [4.553, 5.028, 6.454, 7.001, 6.5, 5.631, 5.527, 5.416, 5.062, 5.214, 4.599, 4.888, 5.446, 5.074, 4.241, 3.804, 3.501, 2.785, 1.957, 1.488, 0.952, 1.119, 1.118, 1.163, 1.157, 0.0, 0.847, 1.187, 1.492, 1.069, 1.421, 1.753, 1.362, 0.942, 0.76, 1.19, 2.18, 2.7, 2.52, 2.095, 2.033, 2.158, 1.99, 1.982, 2.532, 2.74, 2.538, 2.854, 3.671, 3.43, 3.671, 4.186, 4.779, 5.127, 4.823, 4.476, 3.517, 3.141, 3.297, 3.91, 5.623, 6.242, 6.178, 5.212, 5.295, 6.825, 6.765, 5.935, 5.809, 5.935, 6.426, 6.294, 6.286, 6.515, 6.227, 6.562, 7.034, 6.397, 4.336, 2.825, 2.89, 3.398, 4.074, 4.304, 4.681, 4.88], [4.873, 5.217, 6.784, 7.329, 6.83, 5.965, 5.925, 5.746, 5.332, 5.544, 4.987, 5.265, 5.777, 5.405, 4.661, 4.232, 3.696, 2.8, 2.076, 1.636, 1.128, 1.182, 1.287, 1.42, 1.743, 0.847, 0.0, 0.916, 1.222, 1.187, 1.382, 1.621, 1.477, 1.186, 1.017, 1.224, 2.018, 2.539, 2.377, 1.935, 2.205, 2.242, 1.962, 2.058, 2.829, 3.002, 2.822, 3.205, 4.015, 3.698, 3.969, 4.488, 5.139, 5.508, 5.196, 4.818, 3.798, 3.388, 3.63, 4.214, 5.95, 6.591, 6.527, 5.546, 5.629, 7.198, 7.135, 6.25, 6.148, 6.316, 6.829, 6.696, 6.605, 6.823, 6.559, 6.874, 7.384, 6.75, 4.686, 3.104, 2.956, 3.476, 4.258, 4.566, 5.04, 5.185], [5.207, 5.601, 7.174, 7.719, 7.22, 6.359, 6.169, 6.13, 5.722, 5.934, 5.289, 5.546, 6.166, 5.794, 4.893, 4.442, 4.028, 3.122, 2.353, 1.864, 1.183, 1.332, 1.48, 1.671, 1.762, 1.187, 0.916, 0.0, 0.778, 0.791, 0.94, 1.242, 1.257, 1.144, 1.067, 1.287, 1.608, 2.202, 2.082, 1.574, 1.817, 2.05, 1.641, 2.087, 2.726, 2.992, 2.795, 3.226, 4.015, 3.488, 3.716, 4.433, 5.064, 5.466, 5.195, 4.99, 4.098, 3.563, 3.798, 4.3, 5.903, 6.529, 6.389, 5.367, 5.45, 7.074, 7.182, 6.463, 6.372, 6.565, 6.997, 6.859, 6.871, 6.986, 6.684, 7.181, 7.729, 7.048, 5.051, 3.446, 2.979, 3.435, 4.174, 4.451, 4.879, 5.06], [5.44, 5.816, 7.384, 7.928, 7.43, 6.578, 6.401, 6.368, 5.932, 6.144, 5.499, 5.756, 6.376, 6.004, 5.043, 4.652, 4.238, 3.336, 2.559, 2.131, 1.468, 1.76, 1.845, 1.975, 2.082, 1.492, 1.222, 0.778, 0.0, 1.089, 1.206, 1.263, 1.483, 1.325, 1.26, 1.415, 1.541, 2.092, 2.009, 1.684, 1.889, 2.164, 1.865, 2.161, 2.891, 3.154, 2.935, 3.425, 4.174, 3.537, 3.632, 4.593, 5.247, 5.517, 5.359, 5.189, 4.308, 3.773, 4.008, 4.487, 5.974, 6.658, 6.376, 5.407, 5.518, 7.123, 7.365, 6.674, 6.591, 6.801, 7.2, 7.058, 7.062, 7.192, 6.883, 7.392, 7.928, 7.251, 5.261, 3.655, 3.114, 3.612, 4.297, 4.607, 4.916, 5.197], [5.048, 5.311, 6.817, 7.361, 6.863, 6.009, 5.906, 5.779, 5.372, 5.577, 4.945, 5.213, 5.809, 5.437, 4.536, 4.152, 3.671, 2.824, 2.009, 1.599, 0.985, 1.294, 1.409, 1.444, 1.378, 1.069, 1.187, 0.791, 1.089, 0.0, 0.912, 1.171, 1.151, 0.915, 1.041, 1.265, 1.741, 2.368, 2.215, 1.622, 1.623, 1.925, 1.567, 1.793, 2.518, 2.755, 2.548, 2.945, 3.734, 3.33, 3.583, 4.246, 4.865, 5.242, 4.908, 4.636, 3.741, 3.248, 3.49, 4.065, 5.657, 6.273, 6.204, 5.228, 5.322, 6.88, 6.928, 6.191, 6.1, 6.288, 6.728, 6.588, 6.553, 6.647, 6.363, 6.835, 7.404, 6.766, 4.706, 3.108, 2.712, 3.217, 3.963, 4.276, 4.723, 4.853], [5.498, 5.868, 7.303, 7.847, 7.395, 6.566, 6.443, 6.4, 5.933, 6.064, 5.418, 5.677, 6.295, 5.923, 5.068, 4.606, 4.156, 3.262, 2.485, 2.064, 1.27, 1.647, 1.712, 1.893, 1.966, 1.421, 1.382, 0.94, 1.206, 0.912, 0.0, 0.79, 0.908, 0.975, 1.388, 1.797, 2.002, 2.586, 2.4, 1.817, 2.032, 2.336, 1.889, 2.466, 2.937, 3.255, 3.051, 3.418, 4.25, 3.645, 3.913, 4.462, 5.281, 5.709, 5.427, 5.173, 4.226, 3.719, 3.961, 4.447, 6.151, 6.764, 6.591, 5.549, 5.593, 7.276, 7.328, 6.55, 6.449, 6.675, 7.115, 6.988, 7.014, 7.149, 6.876, 7.313, 7.858, 7.181, 5.179, 3.589, 3.231, 3.686, 4.448, 4.616, 5.095, 5.235], [5.764, 6.191, 7.633, 8.174, 7.726, 6.897, 6.736, 6.723, 6.256, 6.39, 5.745, 6.002, 6.622, 6.25, 5.326, 4.904, 4.484, 3.59, 2.832, 2.475, 1.632, 2.09, 2.15, 2.27, 2.283, 1.753, 1.621, 1.242, 1.263, 1.171, 0.79, 0.0, 0.929, 1.132, 1.64, 1.907, 2.188, 2.724, 2.476, 1.972, 2.199, 2.597, 2.198, 2.563, 3.214, 3.443, 3.259, 3.734, 4.472, 3.983, 4.124, 4.844, 5.547, 5.885, 5.713, 5.435, 4.554, 4.063, 4.261, 4.766, 6.346, 7.024, 6.802, 5.822, 5.886, 7.483, 7.591, 6.891, 6.806, 6.969, 7.422, 7.274, 7.321, 7.463, 7.166, 7.63, 8.185, 7.506, 5.506, 3.918, 3.538, 3.953, 4.701, 5.003, 5.318, 5.436], [5.528, 5.898, 7.436, 7.98, 7.481, 6.625, 6.457, 6.441, 5.988, 6.196, 5.559, 5.817, 6.438, 6.075, 5.175, 4.708, 4.304, 3.444, 2.653, 2.338, 1.726, 1.947, 1.9, 2.045, 2.115, 1.362, 1.477, 1.257, 1.483, 1.151, 0.908, 0.929, 0.0, 0.833, 1.309, 1.675, 2.14, 2.777, 2.537, 1.986, 2.242, 2.536, 2.215, 2.667, 3.174, 3.341, 3.2, 3.632, 4.49, 4.155, 4.334, 4.864, 5.45, 5.852, 5.584, 5.331, 4.392, 3.935, 4.134, 4.63, 6.314, 6.979, 6.791, 5.836, 5.953, 7.456, 7.417, 6.716, 6.642, 6.813, 7.226, 7.094, 7.178, 7.327, 7.076, 7.454, 7.976, 7.306, 5.312, 3.726, 3.257, 3.865, 4.64, 4.899, 5.33, 5.484], [5.089, 5.537, 7.062, 7.607, 7.108, 6.241, 6.1, 6.038, 5.643, 5.822, 5.177, 5.434, 6.054, 5.682, 4.783, 4.354, 3.931, 3.08, 2.289, 1.982, 1.379, 1.533, 1.536, 1.597, 1.64, 0.942, 1.186, 1.144, 1.325, 0.915, 0.975, 1.132, 0.833, 0.0, 0.933, 1.272, 1.991, 2.574, 2.322, 1.928, 1.973, 2.228, 1.993, 2.401, 2.885, 3.04, 2.86, 3.227, 4.045, 3.837, 4.038, 4.596, 5.16, 5.539, 5.237, 4.945, 4.027, 3.581, 3.763, 4.325, 5.996, 6.602, 6.547, 5.565, 5.646, 7.207, 7.183, 6.411, 6.321, 6.502, 6.949, 6.809, 6.794, 6.96, 6.693, 7.104, 7.617, 6.96, 4.939, 3.357, 3.023, 3.562, 4.296, 4.641, 5.044, 5.275], [4.69, 5.173, 6.68, 7.225, 6.726, 5.857, 5.675, 5.645, 5.251, 5.441, 4.796, 5.052, 5.673, 5.301, 4.346, 3.949, 3.625, 2.845, 2.003, 1.564, 1.164, 1.253, 1.287, 1.355, 1.331, 0.76, 1.017, 1.067, 1.26, 1.041, 1.388, 1.64, 1.309, 0.933, 0.0, 1.061, 1.895, 2.434, 2.217, 1.847, 1.833, 1.948, 1.86, 2.006, 2.52, 2.628, 2.477, 2.881, 3.732, 3.494, 3.632, 4.242, 4.698, 5.085, 4.851, 4.601, 3.684, 3.26, 3.416, 3.946, 5.604, 6.189, 6.102, 5.091, 5.191, 6.703, 6.705, 5.984, 5.865, 6.012, 6.446, 6.321, 6.44, 6.603, 6.342, 6.73, 7.223, 6.551, 4.557, 3.001, 2.744, 3.277, 3.922, 4.194, 4.543, 4.87], [4.481, 4.854, 6.441, 6.985, 6.486, 5.622, 5.521, 5.391, 4.989, 5.201, 4.567, 4.835, 5.433, 5.061, 4.136, 3.775, 3.333, 2.486, 1.648, 1.537, 1.548, 1.348, 1.299, 1.242, 1.312, 1.19, 1.224, 1.287, 1.415, 1.265, 1.797, 1.907, 1.675, 1.272, 1.061, 0.0, 1.556, 2.046, 1.818, 1.494, 1.811, 1.654, 1.745, 1.994, 2.459, 2.495, 2.322, 2.691, 3.551, 3.487, 3.601, 4.259, 4.547, 4.847, 4.623, 4.305, 3.435, 3.101, 3.286, 3.896, 5.42, 6.006, 6.036, 4.999, 5.051, 6.538, 6.585, 5.861, 5.721, 5.904, 6.351, 6.225, 6.288, 6.297, 5.999, 6.459, 7.025, 6.387, 4.331, 2.842, 2.507, 2.945, 3.672, 4.06, 4.399, 4.909], [4.83, 5.273, 6.85, 7.395, 6.896, 6.037, 5.843, 5.801, 5.398, 5.61, 4.965, 5.222, 5.843, 5.471, 4.51, 4.119, 3.704, 2.811, 2.162, 2.149, 2.243, 2.29, 2.315, 2.399, 2.523, 2.18, 2.018, 1.608, 1.541, 1.741, 2.002, 2.188, 2.14, 1.991, 1.895, 1.556, 0.0, 1.161, 1.189, 1.167, 1.588, 1.715, 1.51, 1.939, 2.419, 2.666, 2.475, 2.982, 3.706, 3.172, 3.366, 4.062, 4.743, 5.111, 4.852, 4.655, 3.774, 3.239, 3.474, 3.95, 5.534, 6.201, 6.05, 5.021, 5.14, 6.739, 6.832, 6.129, 6.038, 6.222, 6.637, 6.511, 6.535, 6.669, 6.376, 6.856, 7.395, 6.72, 4.727, 3.123, 2.586, 3.111, 3.794, 4.107, 4.538, 4.723], [4.526, 4.895, 6.444, 6.988, 6.489, 5.639, 5.475, 5.435, 4.992, 5.204, 4.559, 4.815, 5.436, 5.064, 4.166, 3.728, 3.297, 2.484, 2.235, 2.533, 2.73, 2.763, 2.746, 2.84, 2.943, 2.7, 2.539, 2.202, 2.092, 2.368, 2.586, 2.724, 2.777, 2.574, 2.434, 2.046, 1.161, 0.0, 0.944, 1.366, 1.857, 1.607, 1.617, 2.142, 2.063, 2.281, 2.117, 2.703, 3.299, 2.849, 2.934, 3.625, 4.323, 4.715, 4.474, 4.248, 3.367, 2.832, 3.082, 3.568, 5.17, 5.788, 5.565, 4.575, 4.607, 6.235, 6.401, 5.689, 5.587, 5.723, 6.208, 6.1, 6.137, 6.231, 5.947, 6.429, 6.999, 6.321, 4.32, 2.723, 2.25, 2.708, 3.421, 3.74, 4.088, 4.284], [4.126, 4.526, 5.991, 6.534, 6.059, 5.219, 5.057, 5.054, 4.607, 4.754, 4.105, 4.362, 4.982, 4.61, 3.691, 3.296, 2.901, 2.379, 2.061, 2.309, 2.629, 2.525, 2.489, 2.613, 2.726, 2.52, 2.377, 2.082, 2.009, 2.215, 2.4, 2.476, 2.537, 2.322, 2.217, 1.818, 1.189, 0.944, 0.0, 1.166, 1.589, 1.424, 1.306, 2.09, 2.101, 2.073, 1.985, 2.515, 2.893, 2.61, 2.685, 3.234, 3.856, 4.21, 4.008, 3.795, 2.914, 2.567, 2.871, 3.336, 4.674, 5.306, 5.095, 4.115, 4.183, 5.777, 5.934, 5.233, 5.132, 5.289, 5.74, 5.632, 5.68, 5.785, 5.493, 5.979, 6.545, 5.866, 3.868, 2.471, 1.822, 2.239, 2.973, 3.299, 3.629, 3.871], [4.369, 4.666, 6.045, 6.586, 6.129, 5.337, 5.155, 5.153, 4.704, 4.802, 4.157, 4.414, 5.036, 4.673, 3.711, 3.31, 2.901, 2.021, 1.514, 1.512, 1.883, 1.818, 1.749, 1.899, 2.085, 2.095, 1.935, 1.574, 1.684, 1.622, 1.817, 1.972, 1.986, 1.928, 1.847, 1.494, 1.167, 1.366, 1.166, 0.0, 0.982, 0.996, 1.001, 1.42, 1.72, 1.921, 1.771, 2.186, 2.946, 2.557, 2.633, 3.334, 3.932, 4.256, 4.059, 3.851, 2.966, 2.488, 2.676, 3.165, 4.714, 5.413, 5.152, 4.208, 4.346, 5.874, 5.964, 5.286, 5.227, 5.42, 5.821, 5.665, 5.722, 5.861, 5.585, 6.039, 6.574, 5.908, 3.918, 2.325, 1.891, 2.348, 3.138, 3.304, 3.712, 3.884], [4.331, 4.565, 5.788, 6.328, 5.884, 5.071, 4.907, 4.966, 4.508, 4.546, 3.899, 4.156, 4.776, 4.404, 3.443, 3.052, 2.643, 1.882, 1.365, 1.449, 1.608, 1.57, 1.578, 1.623, 1.77, 2.033, 2.205, 1.817, 1.889, 1.623, 2.032, 2.199, 2.242, 1.973, 1.833, 1.811, 1.588, 1.857, 1.589, 0.982, 0.0, 0.918, 1.055, 1.39, 1.674, 1.67, 1.527, 2.016, 2.616, 2.354, 2.325, 3.105, 3.637, 3.862, 3.797, 3.589, 2.707, 2.242, 2.427, 2.888, 4.39, 5.132, 4.723, 3.938, 4.096, 5.559, 5.71, 5.017, 4.936, 5.159, 5.537, 5.384, 5.454, 5.609, 5.295, 5.784, 6.319, 5.638, 3.66, 2.101, 1.808, 2.19, 2.915, 3.095, 3.419, 3.665], [3.742, 4.015, 5.297, 5.842, 5.374, 4.576, 4.45, 4.453, 4.007, 4.057, 3.412, 3.669, 4.289, 3.918, 2.957, 2.566, 2.17, 1.403, 0.974, 1.33, 1.874, 1.601, 1.482, 1.559, 1.718, 2.158, 2.242, 2.05, 2.164, 1.925, 2.336, 2.597, 2.536, 2.228, 1.948, 1.654, 1.715, 1.607, 1.424, 0.996, 0.918, 0.0, 0.842, 1.275, 1.316, 1.222, 1.132, 1.553, 2.226, 2.11, 2.073, 2.876, 3.134, 3.427, 3.287, 3.111, 2.249, 1.858, 2.022, 2.534, 3.986, 4.602, 4.464, 3.472, 3.598, 5.085, 5.249, 4.601, 4.49, 4.7, 5.091, 4.937, 5.057, 5.116, 4.8, 5.301, 5.837, 5.165, 3.176, 1.653, 1.384, 1.674, 2.442, 2.657, 2.913, 3.486], [4.002, 4.22, 5.589, 6.129, 5.686, 4.88, 4.763, 4.692, 4.259, 4.348, 3.703, 3.968, 4.592, 4.229, 3.384, 2.898, 2.459, 1.789, 1.207, 1.297, 1.647, 1.498, 1.482, 1.637, 1.838, 1.99, 1.962, 1.641, 1.865, 1.567, 1.889, 2.198, 2.215, 1.993, 1.86, 1.745, 1.51, 1.617, 1.306, 1.001, 1.055, 0.842, 0.0, 1.281, 1.56, 1.627, 1.534, 1.86, 2.526, 2.184, 2.359, 2.987, 3.52, 3.918, 3.663, 3.427, 2.508, 2.053, 2.305, 2.794, 4.377, 4.994, 4.856, 3.854, 3.926, 5.53, 5.637, 4.891, 4.836, 5.046, 5.505, 5.342, 5.317, 5.403, 5.109, 5.589, 6.14, 5.463, 3.461, 1.92, 1.629, 1.96, 2.786, 2.972, 3.354, 3.643], [3.807, 4.035, 5.365, 5.893, 5.401, 4.573, 4.459, 4.381, 3.982, 4.109, 3.464, 3.723, 4.385, 4.023, 3.099, 2.711, 2.369, 1.866, 1.337, 1.323, 1.612, 1.722, 1.685, 1.773, 1.796, 1.982, 2.058, 2.087, 2.161, 1.793, 2.466, 2.563, 2.667, 2.401, 2.006, 1.994, 1.939, 2.142, 2.09, 1.42, 1.39, 1.275, 1.281, 0.0, 1.207, 1.285, 1.248, 1.686, 2.28, 1.943, 2.092, 2.867, 3.34, 3.588, 3.372, 3.154, 2.287, 1.86, 2.058, 2.581, 4.068, 4.738, 4.635, 3.678, 3.83, 5.314, 5.398, 4.739, 4.658, 4.84, 5.249, 5.116, 5.074, 5.21, 4.858, 5.362, 5.9, 5.255, 3.247, 1.807, 1.698, 1.963, 2.567, 2.813, 3.17, 3.361], [3.395, 3.819, 4.663, 5.139, 4.627, 3.821, 3.811, 3.977, 3.607, 3.448, 2.786, 2.99, 3.649, 3.29, 2.469, 2.178, 2.084, 1.721, 1.581, 1.771, 2.279, 2.206, 2.051, 2.174, 1.958, 2.532, 2.829, 2.726, 2.891, 2.518, 2.937, 3.214, 3.174, 2.885, 2.52, 2.459, 2.419, 2.063, 2.101, 1.72, 1.674, 1.316, 1.56, 1.207, 0.0, 1.026, 0.973, 1.228, 1.59, 1.568, 1.447, 2.003, 2.552, 2.916, 2.635, 2.407, 1.778, 1.313, 1.493, 1.769, 3.328, 3.978, 3.82, 2.817, 2.891, 4.459, 4.541, 3.879, 3.787, 3.981, 4.409, 4.292, 4.28, 4.399, 4.097, 4.576, 5.136, 4.459, 2.526, 1.497, 1.539, 1.722, 2.27, 2.28, 2.342, 2.683], [3.18, 3.41, 4.38, 4.848, 4.385, 3.655, 3.575, 3.732, 3.214, 3.084, 2.395, 2.66, 3.323, 3.001, 2.19, 1.698, 1.351, 1.35, 1.467, 1.838, 2.431, 2.185, 2.06, 2.047, 2.136, 2.74, 3.002, 2.992, 3.154, 2.755, 3.255, 3.443, 3.341, 3.04, 2.628, 2.495, 2.666, 2.281, 2.073, 1.921, 1.67, 1.222, 1.627, 1.285, 1.026, 0.0, 0.616, 1.03, 1.451, 1.365, 1.443, 1.963, 2.24, 2.551, 2.354, 2.102, 1.339, 0.988, 1.229, 1.622, 3.059, 3.71, 3.629, 2.609, 2.682, 4.196, 4.254, 3.592, 3.514, 3.76, 4.144, 3.971, 4.027, 4.119, 3.813, 4.288, 4.834, 4.153, 2.213, 1.05, 0.946, 1.121, 1.57, 1.851, 2.075, 2.565], [3.182, 3.49, 4.522, 5.039, 4.553, 3.787, 3.692, 3.805, 3.331, 3.274, 2.607, 2.864, 3.486, 3.132, 2.301, 1.83, 1.516, 1.395, 1.35, 1.704, 2.243, 2.055, 1.975, 1.984, 1.987, 2.538, 2.822, 2.795, 2.935, 2.548, 3.051, 3.259, 3.2, 2.86, 2.477, 2.322, 2.475, 2.117, 1.985, 1.771, 1.527, 1.132, 1.534, 1.248, 0.973, 0.616, 0.0, 0.839, 1.509, 1.42, 1.564, 2.1, 2.418, 2.723, 2.551, 2.297, 1.596, 1.176, 1.465, 1.811, 3.214, 3.889, 3.759, 2.765, 2.887, 4.399, 4.477, 3.763, 3.699, 3.94, 4.343, 4.142, 4.23, 4.35, 3.995, 4.494, 5.048, 4.371, 2.442, 1.173, 1.02, 1.156, 1.809, 2.037, 2.243, 2.689], [3.089, 3.361, 4.024, 4.519, 4.096, 3.485, 3.379, 3.529, 3.226, 2.769, 2.25, 2.354, 2.953, 2.594, 2.094, 1.596, 1.433, 1.553, 1.53, 1.72, 2.525, 2.253, 2.067, 2.13, 2.086, 2.854, 3.205, 3.226, 3.425, 2.945, 3.418, 3.734, 3.632, 3.227, 2.881, 2.691, 2.982, 2.703, 2.515, 2.186, 2.016, 1.553, 1.86, 1.686, 1.228, 1.03, 0.839, 0.0, 1.062, 1.152, 1.552, 1.835, 2.063, 2.412, 2.087, 1.881, 1.584, 1.17, 1.421, 1.644, 2.846, 3.437, 3.425, 2.395, 2.481, 3.993, 4.023, 3.302, 3.195, 3.446, 3.867, 3.673, 3.729, 3.798, 3.498, 3.971, 4.514, 3.855, 2.173, 1.279, 1.35, 1.328, 1.865, 1.814, 1.859, 2.353], [3.009, 3.144, 3.337, 3.765, 3.442, 2.817, 2.954, 3.16, 2.751, 2.249, 2.025, 1.886, 2.279, 2.294, 2.117, 1.896, 1.787, 2.097, 2.435, 2.505, 3.332, 3.064, 2.894, 3.032, 2.902, 3.671, 4.015, 4.015, 4.174, 3.734, 4.25, 4.472, 4.49, 4.045, 3.732, 3.551, 3.706, 3.299, 2.893, 2.946, 2.616, 2.226, 2.526, 2.28, 1.59, 1.451, 1.509, 1.062, 0.0, 1.117, 1.434, 1.413, 1.436, 1.872, 1.491, 1.575, 1.611, 1.414, 1.504, 1.447, 2.1, 2.609, 2.546, 1.618, 1.839, 3.188, 3.282, 2.641, 2.524, 2.761, 3.172, 2.957, 2.947, 3.04, 2.773, 3.245, 3.767, 3.238, 2.158, 1.768, 1.836, 1.65, 1.667, 1.347, 1.237, 1.737], [3.286, 3.632, 4.041, 4.463, 4.166, 3.646, 3.509, 3.7, 3.318, 2.693, 2.114, 2.355, 2.947, 2.54, 2.059, 1.704, 1.572, 1.9, 2.41, 2.289, 2.857, 2.961, 2.785, 2.922, 2.9, 3.43, 3.698, 3.488, 3.537, 3.33, 3.645, 3.983, 4.155, 3.837, 3.494, 3.487, 3.172, 2.849, 2.61, 2.557, 2.354, 2.11, 2.184, 1.943, 1.568, 1.365, 1.42, 1.152, 1.117, 0.0, 0.968, 1.29, 1.894, 2.207, 1.926, 1.798, 1.503, 1.225, 1.361, 1.41, 2.627, 3.23, 3.095, 2.048, 2.141, 3.78, 3.897, 3.159, 3.09, 3.313, 3.737, 3.569, 3.573, 3.698, 3.402, 3.886, 4.437, 3.777, 2.22, 1.718, 1.641, 1.568, 1.736, 1.515, 1.591, 1.765], [3.81, 4.153, 4.253, 4.553, 4.279, 3.835, 3.947, 4.181, 3.84, 3.005, 2.231, 2.467, 3.022, 2.554, 1.843, 1.696, 1.636, 1.94, 2.546, 2.5, 3.121, 3.105, 2.945, 3.042, 2.941, 3.671, 3.969, 3.716, 3.632, 3.583, 3.913, 4.124, 4.334, 4.038, 3.632, 3.601, 3.366, 2.934, 2.685, 2.633, 2.325, 2.073, 2.359, 2.092, 1.447, 1.443, 1.564, 1.552, 1.434, 0.968, 0.0, 1.174, 1.796, 1.975, 1.919, 1.896, 1.619, 1.266, 1.237, 1.224, 2.457, 3.153, 2.81, 1.922, 2.091, 3.579, 3.806, 3.181, 3.048, 3.271, 3.661, 3.523, 3.548, 3.678, 3.369, 3.879, 4.425, 3.78, 1.921, 1.749, 1.711, 1.846, 2.138, 1.956, 1.459, 1.772], [3.566, 3.876, 3.595, 3.73, 3.497, 3.125, 3.475, 3.712, 3.404, 2.485, 1.805, 1.889, 2.092, 2.122, 1.896, 1.711, 1.779, 2.338, 3.029, 2.997, 3.679, 3.689, 3.495, 3.572, 3.562, 4.186, 4.488, 4.433, 4.593, 4.246, 4.462, 4.844, 4.864, 4.596, 4.242, 4.259, 4.062, 3.625, 3.234, 3.334, 3.105, 2.876, 2.987, 2.867, 2.003, 1.963, 2.1, 1.835, 1.413, 1.29, 1.174, 0.0, 1.097, 1.445, 1.453, 1.532, 1.578, 1.59, 1.457, 1.243, 1.868, 2.421, 2.233, 1.413, 1.435, 2.903, 2.94, 2.383, 2.265, 2.366, 2.819, 2.666, 2.644, 2.833, 2.582, 2.955, 3.486, 2.822, 1.789, 2.021, 1.955, 1.835, 1.961, 1.606, 1.353, 1.123], [3.539, 3.697, 3.326, 3.367, 3.217, 2.922, 3.272, 3.535, 3.185, 2.299, 1.792, 1.7, 1.782, 2.13, 1.919, 1.815, 2.037, 2.662, 3.303, 3.533, 4.406, 4.119, 3.923, 3.976, 3.839, 4.779, 5.139, 5.064, 5.247, 4.865, 5.281, 5.547, 5.45, 5.16, 4.698, 4.547, 4.743, 4.323, 3.856, 3.932, 3.637, 3.134, 3.52, 3.34, 2.552, 2.24, 2.418, 2.063, 1.436, 1.894, 1.796, 1.097, 0.0, 0.878, 0.936, 1.35, 1.843, 2.013, 1.803, 1.562, 1.326, 1.636, 1.761, 1.284, 1.32, 2.156, 2.141, 1.897, 1.8, 1.929, 2.176, 2.034, 2.028, 2.051, 1.836, 2.293, 2.793, 2.195, 1.781, 2.365, 2.379, 2.023, 1.848, 1.583, 1.22, 1.146], [3.475, 3.721, 3.43, 3.387, 3.249, 2.927, 3.303, 3.549, 3.235, 2.25, 1.671, 1.691, 1.849, 2.04, 1.827, 1.755, 2.1, 2.867, 3.614, 3.92, 4.82, 4.486, 4.293, 4.304, 4.163, 5.127, 5.508, 5.466, 5.517, 5.242, 5.709, 5.885, 5.852, 5.539, 5.085, 4.847, 5.111, 4.715, 4.21, 4.256, 3.862, 3.427, 3.918, 3.588, 2.916, 2.551, 2.723, 2.412, 1.872, 2.207, 1.975, 1.445, 0.878, 0.0, 0.91, 1.168, 1.969, 2.269, 2.037, 1.683, 1.052, 1.562, 1.584, 1.15, 1.299, 1.878, 2.082, 1.867, 1.79, 1.903, 2.183, 2.053, 2.024, 1.952, 1.633, 2.08, 2.593, 1.955, 1.868, 2.611, 2.743, 2.242, 1.901, 1.61, 1.214, 1.472], [3.119, 3.26, 3.123, 3.117, 2.959, 2.635, 2.975, 3.161, 2.827, 1.854, 1.464, 1.415, 1.649, 1.755, 1.697, 1.608, 1.9, 2.639, 3.389, 3.587, 4.484, 4.18, 3.983, 4.019, 3.896, 4.823, 5.196, 5.195, 5.359, 4.908, 5.427, 5.713, 5.584, 5.237, 4.851, 4.623, 4.852, 4.474, 4.008, 4.059, 3.797, 3.287, 3.663, 3.372, 2.635, 2.354, 2.551, 2.087, 1.491, 1.926, 1.919, 1.453, 0.936, 0.91, 0.0, 0.839, 1.652, 1.959, 1.768, 1.576, 1.122, 1.63, 1.749, 1.15, 1.29, 2.1, 2.159, 1.75, 1.626, 1.791, 2.135, 1.934, 1.85, 1.9, 1.68, 2.061, 2.585, 2.007, 1.727, 2.439, 2.515, 1.946, 1.527, 1.43, 1.263, 1.488], [2.691, 2.92, 2.908, 3.129, 2.922, 2.489, 2.734, 2.837, 2.509, 1.655, 1.153, 1.359, 1.674, 1.671, 1.573, 1.475, 1.502, 2.231, 2.951, 3.287, 4.161, 3.828, 3.676, 3.572, 3.521, 4.476, 4.818, 4.99, 5.189, 4.636, 5.173, 5.435, 5.331, 4.945, 4.601, 4.305, 4.655, 4.248, 3.795, 3.851, 3.589, 3.111, 3.427, 3.154, 2.407, 2.102, 2.297, 1.881, 1.575, 1.798, 1.896, 1.532, 1.35, 1.168, 0.839, 0.0, 1.215, 1.663, 1.594, 1.514, 1.55, 2.107, 2.25, 1.323, 1.482, 2.567, 2.583, 1.898, 1.973, 2.164, 2.49, 2.239, 2.167, 2.284, 1.973, 2.265, 2.867, 2.243, 1.58, 1.973, 2.247, 1.689, 1.467, 1.349, 1.42, 1.979], [2.928, 3.173, 3.6, 3.909, 3.699, 3.102, 3.174, 3.198, 2.762, 2.165, 1.484, 1.846, 2.378, 2.025, 1.509, 1.165, 0.931, 1.325, 2.052, 2.33, 3.176, 2.923, 2.738, 2.682, 2.789, 3.517, 3.798, 4.098, 4.308, 3.741, 4.226, 4.554, 4.392, 4.027, 3.684, 3.435, 3.774, 3.367, 2.914, 2.966, 2.707, 2.249, 2.508, 2.287, 1.778, 1.339, 1.596, 1.584, 1.611, 1.503, 1.619, 1.578, 1.843, 1.969, 1.652, 1.215, 0.0, 0.798, 0.964, 1.305, 2.377, 2.98, 3.096, 2.05, 2.175, 3.545, 3.506, 2.696, 2.678, 2.953, 3.382, 3.123, 2.992, 3.089, 2.884, 3.102, 3.708, 3.1, 1.477, 1.118, 1.363, 1.212, 1.569, 1.428, 1.723, 2.254], [3.291, 3.484, 4.049, 4.35, 4.071, 3.539, 3.591, 3.581, 3.207, 2.612, 1.946, 2.287, 2.855, 2.498, 1.818, 1.335, 0.987, 1.128, 1.811, 1.968, 2.678, 2.603, 2.391, 2.404, 2.488, 3.141, 3.388, 3.563, 3.773, 3.248, 3.719, 4.063, 3.935, 3.581, 3.26, 3.101, 3.239, 2.832, 2.567, 2.488, 2.242, 1.858, 2.053, 1.86, 1.313, 0.988, 1.176, 1.17, 1.414, 1.225, 1.266, 1.59, 2.013, 2.269, 1.959, 1.663, 0.798, 0.0, 0.603, 1.052, 2.702, 3.313, 3.356, 2.326, 2.459, 3.901, 3.904, 3.143, 3.126, 3.431, 3.853, 3.6, 3.422, 3.519, 3.307, 3.63, 4.206, 3.588, 1.598, 1.002, 1.167, 1.35, 1.786, 1.643, 1.884, 2.292], [3.458, 3.662, 3.942, 4.177, 4.013, 3.649, 3.646, 3.652, 3.353, 2.479, 1.743, 2.074, 2.593, 2.24, 1.63, 1.2, 1.054, 1.189, 1.953, 2.104, 2.908, 2.785, 2.575, 2.571, 2.61, 3.297, 3.63, 3.798, 4.008, 3.49, 3.961, 4.261, 4.134, 3.763, 3.416, 3.286, 3.474, 3.082, 2.871, 2.676, 2.427, 2.022, 2.305, 2.058, 1.493, 1.229, 1.465, 1.421, 1.504, 1.361, 1.237, 1.457, 1.803, 2.037, 1.768, 1.594, 0.964, 0.603, 0.0, 0.857, 2.454, 3.019, 3.075, 2.051, 2.235, 3.629, 3.58, 2.843, 2.841, 3.117, 3.528, 3.255, 3.135, 3.306, 3.073, 3.413, 3.954, 3.338, 1.488, 1.212, 1.365, 1.477, 1.788, 1.672, 1.688, 2.067], [3.612, 3.928, 3.822, 4.03, 3.872, 3.498, 3.579, 3.829, 3.494, 2.529, 1.72, 1.944, 2.447, 2.013, 1.683, 1.391, 1.272, 1.758, 2.591, 2.699, 3.47, 3.398, 3.175, 3.193, 3.201, 3.91, 4.214, 4.3, 4.487, 4.065, 4.447, 4.766, 4.63, 4.325, 3.946, 3.896, 3.95, 3.568, 3.336, 3.165, 2.888, 2.534, 2.794, 2.581, 1.769, 1.622, 1.811, 1.644, 1.447, 1.41, 1.224, 1.243, 1.562, 1.683, 1.576, 1.514, 1.305, 1.052, 0.857, 0.0, 1.87, 2.529, 2.53, 1.583, 1.821, 3.096, 3.047, 2.359, 2.33, 2.611, 3.019, 2.756, 2.654, 2.866, 2.617, 2.986, 3.479, 2.926, 1.46, 1.461, 1.742, 1.755, 1.915, 1.635, 1.271, 1.561], [3.652, 3.847, 3.568, 3.409, 3.324, 3.051, 3.474, 3.748, 3.367, 2.359, 2.063, 1.939, 1.936, 2.016, 2.134, 2.133, 2.488, 3.338, 4.232, 4.401, 5.238, 4.974, 4.792, 4.89, 4.757, 5.623, 5.95, 5.903, 5.974, 5.657, 6.151, 6.346, 6.314, 5.996, 5.604, 5.42, 5.534, 5.17, 4.674, 4.714, 4.39, 3.986, 4.377, 4.068, 3.328, 3.059, 3.214, 2.846, 2.1, 2.627, 2.457, 1.868, 1.326, 1.052, 1.122, 1.55, 2.377, 2.702, 2.454, 1.87, 0.0, 1.068, 1.167, 0.971, 1.365, 1.579, 1.508, 1.524, 1.422, 1.634, 1.859, 1.625, 1.489, 1.4, 1.155, 1.568, 2.075, 1.675, 2.283, 3.074, 3.154, 2.589, 1.97, 1.721, 1.343, 1.33], [3.934, 3.946, 3.309, 3.217, 3.117, 3.076, 3.689, 3.898, 3.44, 2.75, 2.692, 2.445, 2.346, 2.628, 2.657, 2.717, 3.092, 3.937, 4.792, 4.991, 5.86, 5.575, 5.378, 5.45, 5.318, 6.242, 6.591, 6.529, 6.658, 6.273, 6.764, 7.024, 6.979, 6.602, 6.189, 6.006, 6.201, 5.788, 5.306, 5.413, 5.132, 4.602, 4.994, 4.738, 3.978, 3.71, 3.889, 3.437, 2.609, 3.23, 3.153, 2.421, 1.636, 1.562, 1.63, 2.107, 2.98, 3.313, 3.019, 2.529, 1.068, 0.0, 0.972, 1.429, 1.765, 1.149, 1.166, 1.369, 1.571, 1.591, 1.729, 1.393, 1.241, 1.317, 1.322, 1.704, 1.912, 1.849, 2.806, 3.65, 3.805, 3.161, 2.5, 2.272, 1.924, 1.755], [3.96, 4.004, 3.502, 3.409, 3.311, 3.228, 3.724, 3.968, 3.577, 2.837, 2.861, 2.621, 2.528, 2.778, 2.778, 2.835, 3.146, 4.006, 4.862, 4.949, 5.792, 5.561, 5.391, 5.479, 5.36, 6.178, 6.527, 6.389, 6.376, 6.204, 6.591, 6.802, 6.791, 6.547, 6.102, 6.036, 6.05, 5.565, 5.095, 5.152, 4.723, 4.464, 4.856, 4.635, 3.82, 3.629, 3.759, 3.425, 2.546, 3.095, 2.81, 2.233, 1.761, 1.584, 1.749, 2.25, 3.096, 3.356, 3.075, 2.53, 1.167, 0.972, 0.0, 1.28, 1.716, 1.445, 1.449, 1.448, 1.678, 1.804, 1.896, 1.57, 1.451, 1.925, 1.737, 2.174, 2.443, 2.332, 3.011, 3.683, 3.758, 3.177, 2.531, 2.229, 1.866, 1.612], [3.18, 3.352, 3.092, 3.189, 3.067, 2.747, 2.991, 3.264, 2.906, 1.951, 1.752, 1.636, 1.803, 1.898, 1.931, 1.895, 2.067, 2.906, 3.793, 3.956, 4.789, 4.536, 4.364, 4.462, 4.329, 5.212, 5.546, 5.367, 5.407, 5.228, 5.549, 5.822, 5.836, 5.565, 5.091, 4.999, 5.021, 4.575, 4.115, 4.208, 3.938, 3.472, 3.854, 3.678, 2.817, 2.609, 2.765, 2.395, 1.618, 2.048, 1.922, 1.413, 1.284, 1.15, 1.15, 1.323, 2.05, 2.326, 2.051, 1.583, 0.971, 1.429, 1.28, 0.0, 0.837, 1.782, 1.962, 1.459, 1.566, 1.779, 2.047, 1.791, 1.793, 2.043, 1.758, 2.224, 2.693, 2.266, 2.3, 2.694, 2.717, 2.182, 1.506, 1.142, 0.863, 1.386], [3.166, 3.335, 2.95, 3.0, 2.808, 2.535, 2.912, 3.157, 2.834, 1.979, 1.581, 1.336, 1.531, 1.8, 2.17, 2.061, 2.242, 3.015, 3.813, 4.04, 4.857, 4.615, 4.424, 4.503, 4.362, 5.295, 5.629, 5.45, 5.518, 5.322, 5.593, 5.886, 5.953, 5.646, 5.191, 5.051, 5.14, 4.607, 4.183, 4.346, 4.096, 3.598, 3.926, 3.83, 2.891, 2.682, 2.887, 2.481, 1.839, 2.141, 2.091, 1.435, 1.32, 1.299, 1.29, 1.482, 2.175, 2.459, 2.235, 1.821, 1.365, 1.765, 1.716, 0.837, 0.0, 1.811, 1.991, 1.622, 1.578, 1.763, 2.128, 1.795, 1.897, 2.091, 1.919, 2.199, 2.704, 2.163, 2.411, 2.767, 2.855, 2.277, 1.722, 1.564, 1.112, 1.646], [3.728, 3.76, 2.79, 2.548, 2.507, 2.952, 3.472, 3.714, 3.354, 2.804, 2.887, 2.605, 2.461, 2.935, 3.229, 3.292, 3.655, 4.534, 5.244, 5.574, 6.467, 6.17, 5.967, 5.996, 5.839, 6.825, 7.198, 7.074, 7.123, 6.88, 7.276, 7.483, 7.456, 7.207, 6.703, 6.538, 6.739, 6.235, 5.777, 5.874, 5.559, 5.085, 5.53, 5.314, 4.459, 4.196, 4.399, 3.993, 3.188, 3.78, 3.579, 2.903, 2.156, 1.878, 2.1, 2.567, 3.545, 3.901, 3.629, 3.096, 1.579, 1.149, 1.445, 1.782, 1.811, 0.0, 1.03, 1.567, 1.814, 1.758, 1.448, 1.334, 1.317, 1.842, 1.997, 2.105, 2.395, 2.223, 3.295, 4.256, 4.384, 3.779, 3.05, 2.711, 2.316, 2.436], [3.52, 3.52, 2.68, 2.475, 2.484, 2.825, 3.278, 3.492, 3.231, 2.686, 2.805, 2.49, 2.343, 2.709, 2.963, 3.116, 3.579, 4.461, 5.233, 5.566, 6.437, 6.185, 5.938, 5.945, 5.842, 6.765, 7.135, 7.182, 7.365, 6.928, 7.328, 7.591, 7.417, 7.183, 6.705, 6.585, 6.832, 6.401, 5.934, 5.964, 5.71, 5.249, 5.637, 5.398, 4.541, 4.254, 4.477, 4.023, 3.282, 3.897, 3.806, 2.94, 2.141, 2.082, 2.159, 2.583, 3.506, 3.904, 3.58, 3.047, 1.508, 1.166, 1.449, 1.962, 1.991, 1.03, 0.0, 1.081, 1.434, 1.574, 1.464, 1.123, 1.074, 1.549, 1.488, 1.571, 1.82, 1.741, 3.205, 4.171, 4.35, 3.836, 3.12, 2.806, 2.46, 2.343], [2.89, 2.937, 2.469, 2.503, 2.415, 2.341, 2.66, 2.851, 2.605, 1.936, 2.041, 1.828, 1.815, 2.026, 2.28, 2.328, 2.669, 3.561, 4.394, 4.73, 5.606, 5.414, 5.147, 5.049, 5.095, 5.935, 6.25, 6.463, 6.674, 6.191, 6.55, 6.891, 6.716, 6.411, 5.984, 5.861, 6.129, 5.689, 5.233, 5.286, 5.017, 4.601, 4.891, 4.739, 3.879, 3.592, 3.763, 3.302