[[0.0, 0.725, 1.35, 1.446, 1.692, 1.957, 2.985, 6.0, 6.75, 6.59, 6.963, 6.485, 5.084, 4.583, 4.63, 5.15, 4.654, 3.282, 3.56, 4.43, 4.066, 3.129, 3.317, 2.473, 2.029, 1.695, 2.642, 2.788, 2.235, 2.097, 3.005, 4.413, 5.401, 5.873, 5.599, 5.07, 4.266, 3.483, 3.31, 3.259, 3.609, 2.16, 2.193, 2.22, 3.557, 5.159, 5.992, 7.223, 8.174, 8.04, 8.016, 8.105, 7.77, 7.18, 6.329, 6.533, 6.646, 5.977, 6.509, 6.725, 7.952, 8.296, 8.495, 7.683, 5.967, 4.518, 3.569, 3.125, 3.046, 2.801, 2.367, 2.189, 1.827, 1.665, 1.695, 2.934, 3.811, 4.045, 4.868, 3.977, 2.755, 3.665, 4.78, 5.043, 4.752, 4.427], [0.725, 0.0, 1.064, 1.349, 1.65, 1.915, 2.945, 6.07, 6.82, 6.66, 7.033, 6.555, 5.147, 4.652, 4.7, 5.221, 4.724, 3.34, 3.618, 4.488, 4.124, 3.182, 3.242, 2.241, 1.852, 1.449, 2.631, 2.855, 2.171, 1.98, 3.067, 4.483, 5.472, 5.93, 5.657, 5.128, 4.324, 3.541, 3.355, 3.323, 3.651, 2.398, 2.149, 2.199, 3.534, 5.088, 5.91, 7.207, 8.168, 8.044, 8.024, 8.103, 7.744, 7.173, 6.344, 6.477, 6.624, 5.921, 6.426, 6.642, 7.907, 8.292, 8.474, 7.629, 5.921, 4.489, 3.53, 3.03, 3.121, 2.946, 2.421, 2.246, 1.907, 1.538, 1.493, 2.986, 3.878, 4.09, 4.938, 4.05, 2.764, 3.81, 4.806, 5.061, 4.766, 4.426], [1.35, 1.064, 0.0, 0.686, 1.111, 1.851, 2.716, 5.338, 6.081, 5.925, 6.294, 5.816, 4.417, 4.03, 4.259, 4.741, 4.226, 2.805, 3.107, 3.857, 3.551, 2.664, 2.722, 1.941, 1.707, 1.368, 2.17, 2.196, 1.693, 1.781, 2.589, 3.985, 4.943, 5.381, 5.065, 4.533, 3.698, 2.951, 2.76, 2.676, 3.072, 2.022, 1.888, 2.485, 3.918, 5.429, 6.179, 7.373, 8.306, 8.216, 8.169, 8.189, 7.905, 7.455, 6.736, 6.787, 7.021, 6.401, 7.087, 7.302, 8.391, 8.712, 8.822, 8.347, 6.475, 4.946, 3.985, 3.433, 3.45, 3.097, 2.39, 2.172, 1.747, 1.52, 1.324, 2.602, 3.534, 3.638, 4.523, 3.589, 2.373, 3.503, 4.153, 4.378, 3.954, 3.655], [1.446, 1.349, 0.686, 0.0, 1.02, 1.859, 2.587, 5.01, 5.768, 5.601, 5.961, 5.452, 4.068, 3.783, 4.015, 4.421, 3.906, 2.538, 2.83, 3.499, 3.235, 2.392, 2.496, 1.91, 1.82, 1.378, 1.864, 1.932, 1.525, 1.654, 2.358, 3.668, 4.624, 5.066, 4.749, 4.217, 3.382, 2.715, 2.54, 2.417, 2.986, 1.967, 1.968, 2.505, 4.054, 5.766, 6.537, 7.66, 8.606, 8.56, 8.513, 8.514, 8.22, 7.792, 7.112, 7.128, 7.398, 6.771, 7.442, 7.663, 8.689, 9.029, 9.186, 8.703, 6.788, 5.254, 4.266, 3.707, 3.504, 3.011, 2.293, 1.924, 1.462, 1.367, 1.26, 2.329, 3.213, 3.376, 4.3, 3.401, 2.381, 3.384, 3.879, 4.164, 3.8, 3.636], [1.692, 1.65, 1.111, 1.02, 0.0, 1.164, 2.147, 4.548, 5.278, 5.133, 5.491, 5.013, 3.58, 3.204, 3.442, 3.925, 3.41, 1.995, 2.263, 3.032, 2.702, 1.865, 2.13, 1.44, 1.524, 1.349, 1.507, 1.403, 1.241, 1.083, 1.803, 3.17, 4.127, 4.553, 4.234, 3.702, 2.872, 2.131, 1.945, 1.917, 2.637, 1.453, 1.974, 2.925, 4.522, 6.204, 7.021, 8.197, 9.119, 9.044, 8.997, 8.998, 8.668, 8.259, 7.588, 7.604, 7.846, 7.204, 7.901, 8.123, 9.218, 9.526, 9.625, 9.164, 7.248, 5.712, 4.693, 4.078, 3.81, 3.187, 2.578, 2.267, 1.722, 1.386, 0.963, 1.791, 2.721, 2.837, 3.768, 2.92, 2.398, 2.914, 3.448, 3.737, 3.371, 3.363], [1.957, 1.915, 1.851, 1.859, 1.164, 0.0, 1.418, 4.282, 5.033, 4.872, 5.243, 4.753, 3.427, 2.951, 2.978, 3.472, 2.961, 1.791, 1.969, 2.746, 2.374, 1.814, 1.676, 1.18, 1.689, 1.67, 1.808, 1.52, 1.313, 1.189, 1.548, 2.755, 3.71, 4.154, 3.878, 3.35, 2.591, 1.966, 2.084, 2.179, 2.92, 1.504, 2.225, 3.099, 4.71, 6.459, 7.483, 8.727, 9.593, 9.525, 9.497, 9.505, 9.086, 8.556, 7.902, 7.905, 8.107, 7.476, 8.137, 8.359, 9.523, 9.855, 9.993, 9.401, 7.454, 5.898, 4.912, 4.35, 3.875, 3.344, 2.87, 2.606, 2.261, 1.602, 1.1, 1.416, 2.334, 2.44, 3.423, 2.916, 2.925, 3.048, 3.441, 3.693, 3.51, 3.743], [2.985, 2.945, 2.716, 2.587, 2.147, 1.418, 0.0, 3.203, 3.95, 3.792, 4.164, 3.764, 2.979, 2.812, 2.669, 2.469, 1.944, 1.942, 1.829, 1.905, 1.887, 1.769, 1.552, 1.641, 2.593, 2.639, 2.332, 1.99, 1.976, 2.019, 1.529, 1.795, 2.643, 3.112, 2.958, 2.372, 2.14, 2.375, 2.586, 2.637, 2.481, 1.837, 3.12, 4.122, 5.735, 7.604, 8.606, 9.859, 10.717, 10.628, 10.595, 10.627, 10.19, 9.686, 9.049, 9.021, 9.246, 8.572, 9.271, 9.487, 10.714, 11.031, 11.169, 10.469, 8.49, 6.957, 5.964, 5.423, 4.935, 4.306, 3.835, 3.555, 3.223, 2.587, 2.043, 1.626, 1.642, 2.035, 2.873, 2.595, 2.988, 2.754, 3.158, 3.352, 3.213, 3.548], [6.0, 6.07, 5.338, 5.01, 4.548, 4.282, 3.203, 0.0, 1.132, 1.241, 1.387, 1.537, 2.127, 2.596, 2.803, 2.294, 1.98, 3.121, 2.815, 2.229, 2.425, 2.99, 2.934, 4.195, 5.081, 4.963, 3.673, 3.467, 3.995, 4.234, 3.112, 1.838, 1.599, 1.835, 2.284, 2.092, 2.646, 2.957, 3.127, 3.049, 3.136, 4.013, 5.782, 7.006, 8.866, 10.687, 11.503, 12.659, 13.425, 13.188, 13.147, 13.236, 12.934, 12.656, 12.06, 11.956, 12.297, 11.717, 12.415, 12.632, 13.692, 13.983, 14.137, 13.669, 11.68, 10.04, 9.054, 8.493, 7.871, 7.011, 6.352, 5.675, 5.167, 4.984, 4.751, 3.513, 2.938, 3.046, 3.4, 3.889, 4.761, 4.003, 3.314, 3.336, 3.558, 3.859], [6.75, 6.82, 6.081, 5.768, 5.278, 5.033, 3.95, 1.132, 0.0, 0.559, 0.695, 0.909, 2.037, 2.48, 2.689, 2.145, 2.231, 3.514, 3.254, 2.482, 2.801, 3.697, 3.625, 4.946, 5.832, 5.713, 4.196, 3.973, 4.688, 4.936, 3.763, 2.384, 1.773, 1.89, 2.29, 2.199, 2.809, 3.337, 3.544, 3.57, 3.351, 4.757, 6.531, 7.756, 9.616, 11.437, 12.253, 13.418, 14.183, 13.939, 13.892, 13.975, 13.684, 13.408, 12.811, 12.713, 13.047, 12.468, 13.167, 13.383, 14.442, 14.733, 14.879, 14.42, 12.43, 10.79, 9.804, 9.243, 8.622, 7.756, 7.102, 6.405, 5.903, 5.734, 5.501, 3.934, 3.161, 3.207, 3.405, 3.929, 4.908, 4.055, 3.529, 3.6, 3.717, 3.918], [6.59, 6.66, 5.925, 5.601, 5.133, 4.872, 3.792, 1.241, 0.559, 0.0, 0.702, 0.861, 1.956, 2.286, 2.515, 2.005, 2.062, 3.362, 3.114, 2.311, 2.671, 3.546, 3.472, 4.785, 5.672, 5.553, 4.036, 3.831, 4.528, 4.775, 3.611, 2.252, 1.718, 1.904, 2.264, 2.159, 2.635, 3.189, 3.405, 3.43, 3.275, 4.597, 6.371, 7.596, 9.456, 11.277, 12.093, 13.251, 14.016, 13.778, 13.736, 13.826, 13.524, 13.246, 12.651, 12.547, 12.887, 12.307, 13.006, 13.223, 14.283, 14.574, 14.727, 14.259, 12.27, 10.63, 9.644, 9.082, 8.461, 7.601, 6.942, 6.245, 5.754, 5.574, 5.341, 3.715, 2.997, 3.019, 3.344, 3.803, 4.74, 3.999, 3.616, 3.689, 3.753, 3.986], [6.963, 7.033, 6.294, 5.961, 5.491, 5.243, 4.164, 1.387, 0.695, 0.702, 0.0, 0.829, 2.218, 2.693, 2.881, 2.35, 2.437, 3.739, 3.486, 2.688, 3.045, 3.923, 3.849, 5.159, 6.045, 5.926, 4.422, 4.225, 4.901, 5.149, 3.988, 2.656, 2.139, 2.255, 2.65, 2.546, 3.02, 3.588, 3.791, 3.787, 3.664, 4.972, 6.744, 7.969, 9.829, 11.65, 12.467, 13.61, 14.375, 14.151, 14.098, 14.177, 13.897, 13.62, 13.024, 12.92, 13.26, 12.678, 13.377, 13.596, 14.635, 14.926, 15.089, 14.633, 12.644, 11.003, 10.018, 9.453, 8.832, 7.975, 7.315, 6.618, 6.116, 5.947, 5.714, 4.155, 3.401, 3.414, 3.681, 4.248, 5.153, 4.376, 3.939, 4.0, 4.086, 4.237], [6.485, 6.555, 5.816, 5.452, 5.013, 4.753, 3.764, 1.537, 0.909, 0.861, 0.829, 0.0, 1.663, 2.256, 2.425, 2.024, 2.122, 3.284, 3.031, 2.295, 2.582, 3.45, 3.376, 4.68, 5.566, 5.448, 3.938, 3.756, 4.429, 4.67, 3.516, 2.464, 2.083, 2.261, 2.6, 2.51, 2.58, 3.132, 3.324, 3.309, 3.317, 4.503, 6.266, 7.49, 9.351, 11.16, 11.988, 13.082, 13.86, 13.673, 13.619, 13.699, 13.416, 13.132, 12.543, 12.435, 12.774, 12.18, 12.878, 13.104, 14.061, 14.424, 14.599, 14.149, 12.165, 10.525, 9.539, 8.963, 8.343, 7.494, 6.837, 6.14, 5.638, 5.469, 5.236, 3.695, 3.044, 3.04, 3.639, 4.003, 4.843, 4.243, 3.972, 4.033, 4.058, 4.218], [5.084, 5.147, 4.417, 4.068, 3.58, 3.427, 2.979, 2.127, 2.037, 1.956, 2.218, 1.663, 0.0, 1.035, 1.394, 1.546, 1.684, 1.999, 1.943, 1.757, 1.751, 2.279, 2.025, 3.319, 4.166, 4.047, 2.573, 2.363, 3.031, 3.27, 2.29, 2.083, 2.031, 2.322, 2.443, 2.369, 1.813, 1.788, 1.899, 1.906, 2.692, 3.349, 4.865, 6.09, 7.95, 9.749, 10.584, 11.681, 12.469, 12.272, 12.218, 12.298, 12.005, 11.74, 11.145, 11.041, 11.363, 10.777, 11.476, 11.696, 12.607, 13.041, 13.188, 12.737, 10.764, 9.124, 8.129, 7.551, 6.931, 6.055, 5.43, 4.739, 4.237, 4.068, 3.835, 2.46, 2.394, 2.678, 3.49, 3.504, 4.099, 3.926, 3.844, 3.943, 3.823, 4.02], [4.583, 4.652, 4.03, 3.783, 3.204, 2.951, 2.812, 2.596, 2.48, 2.286, 2.693, 2.256, 1.035, 0.0, 0.878, 1.564, 1.587, 1.663, 1.652, 1.641, 1.475, 1.927, 1.758, 2.874, 3.669, 3.545, 2.218, 2.037, 2.552, 2.77, 1.977, 1.976, 2.169, 2.303, 2.332, 2.213, 1.501, 1.354, 1.506, 1.582, 2.385, 3.018, 4.385, 5.587, 7.447, 9.269, 10.085, 11.288, 12.041, 11.831, 11.823, 11.913, 11.527, 11.244, 10.642, 10.549, 10.878, 10.3, 10.999, 11.214, 12.292, 12.584, 12.725, 12.251, 10.262, 8.622, 7.636, 7.082, 6.454, 5.58, 4.938, 4.237, 3.799, 3.566, 3.332, 2.082, 2.192, 2.35, 3.16, 3.01, 3.617, 3.408, 3.524, 3.649, 3.501, 3.731], [4.63, 4.7, 4.259, 4.015, 3.442, 2.978, 2.669, 2.803, 2.689, 2.515, 2.881, 2.425, 1.394, 0.878, 0.0, 1.22, 1.357, 1.649, 1.48, 1.558, 1.416, 1.834, 1.815, 2.991, 3.829, 3.635, 2.298, 2.214, 2.77, 2.933, 1.936, 1.935, 2.006, 1.942, 1.981, 1.903, 1.27, 1.528, 1.768, 1.75, 2.169, 3.186, 4.465, 5.672, 7.496, 9.356, 10.289, 11.542, 12.296, 12.106, 12.097, 12.188, 11.733, 11.438, 10.832, 10.743, 10.984, 10.362, 11.054, 11.27, 12.495, 12.786, 12.894, 12.3, 10.31, 8.67, 7.684, 7.151, 6.547, 5.758, 5.177, 4.408, 4.035, 3.71, 3.485, 2.026, 1.814, 1.851, 2.541, 2.394, 3.159, 2.937, 3.184, 3.213, 3.11, 3.326], [5.15, 5.221, 4.741, 4.421, 3.925, 3.472, 2.469, 2.294, 2.145, 2.005, 2.35, 2.024, 1.546, 1.564, 1.22, 0.0, 0.951, 2.296, 1.913, 1.335, 1.484, 2.182, 2.083, 3.405, 4.464, 4.217, 2.661, 2.626, 3.321, 3.485, 2.291, 1.569, 1.322, 1.381, 1.47, 1.457, 1.376, 2.222, 2.436, 2.432, 2.019, 3.438, 5.004, 6.171, 8.016, 9.855, 10.812, 12.065, 12.843, 12.681, 12.663, 12.753, 12.266, 11.937, 11.331, 11.242, 11.483, 10.882, 11.57, 11.783, 12.996, 13.289, 13.393, 12.82, 10.831, 9.191, 8.205, 7.67, 7.053, 6.3, 5.729, 4.954, 4.569, 4.232, 3.998, 2.284, 1.556, 1.774, 2.162, 2.267, 3.214, 2.68, 2.78, 2.903, 2.824, 3.032], [4.654, 4.724, 4.226, 3.906, 3.41, 2.961, 1.944, 1.98, 2.231, 2.062, 2.437, 2.122, 1.684, 1.587, 1.357, 0.951, 0.0, 1.78, 1.407, 0.775, 0.969, 1.684, 1.58, 2.858, 3.917, 3.692, 2.216, 2.146, 2.805, 2.948, 1.785, 1.101, 1.253, 1.51, 1.318, 1.053, 1.156, 1.732, 1.945, 1.918, 1.718, 2.862, 4.469, 5.659, 7.519, 9.343, 10.297, 11.55, 12.307, 12.136, 12.127, 12.217, 11.74, 11.425, 10.82, 10.73, 10.971, 10.386, 11.074, 11.286, 12.484, 12.777, 12.882, 12.323, 10.334, 8.694, 7.708, 7.173, 6.557, 5.758, 5.194, 4.396, 4.039, 3.717, 3.483, 1.872, 1.31, 1.571, 2.297, 2.27, 3.111, 2.55, 2.657, 2.842, 2.779, 3.008], [3.282, 3.34, 2.805, 2.538, 1.995, 1.791, 1.942, 3.121, 3.514, 3.362, 3.739, 3.284, 1.999, 1.663, 1.649, 2.296, 1.78, 0.0, 0.561, 1.571, 1.208, 0.982, 1.307, 1.807, 2.397, 2.325, 1.439, 1.172, 1.439, 1.549, 1.148, 2.03, 2.867, 3.099, 2.703, 2.302, 1.589, 1.045, 1.182, 1.166, 2.016, 1.902, 3.13, 4.324, 6.18, 7.94, 8.863, 10.1, 10.843, 10.662, 10.658, 10.747, 10.29, 10.02, 9.423, 9.328, 9.569, 8.984, 9.672, 9.887, 11.075, 11.383, 11.473, 10.929, 8.968, 7.352, 6.322, 5.772, 5.155, 4.338, 3.737, 3.058, 2.643, 2.387, 2.112, 1.359, 2.057, 2.429, 3.315, 2.739, 2.832, 3.016, 3.426, 3.636, 3.542, 3.77], [3.56, 3.618, 3.107, 2.83, 2.263, 1.969, 1.829, 2.815, 3.254, 3.114, 3.486, 3.031, 1.943, 1.652, 1.48, 1.913, 1.407, 0.561, 0.0, 1.224, 0.899, 0.889, 1.196, 1.959, 2.715, 2.609, 1.582, 1.296, 1.713, 1.862, 1.071, 1.728, 2.5, 2.732, 2.352, 1.954, 1.333, 1.084, 1.291, 1.23, 1.829, 2.009, 3.42, 4.622, 6.458, 8.241, 9.182, 10.426, 11.17, 10.981, 10.977, 11.065, 10.616, 10.325, 9.729, 9.634, 9.874, 9.252, 9.943, 10.165, 11.371, 11.679, 11.769, 11.207, 9.246, 7.63, 6.6, 6.04, 5.423, 4.634, 4.063, 3.364, 2.968, 2.649, 2.414, 1.334, 1.727, 2.115, 3.05, 2.543, 2.842, 2.894, 3.3, 3.474, 3.366, 3.609], [4.43, 4.488, 3.857, 3.499, 3.032, 2.746, 1.905, 2.229, 2.482, 2.311, 2.688, 2.295, 1.757, 1.641, 1.558, 1.335, 0.775, 1.571, 1.224, 0.0, 0.783, 1.424, 1.53, 2.669, 3.699, 3.565, 2.183, 1.912, 2.586, 2.737, 1.792, 1.331, 1.56, 1.781, 1.497, 1.176, 1.152, 1.546, 1.782, 1.742, 1.644, 2.649, 4.253, 5.472, 7.328, 9.088, 9.948, 11.133, 11.877, 11.777, 11.743, 11.826, 11.414, 11.06, 10.473, 10.364, 10.703, 10.113, 10.814, 11.036, 12.059, 12.376, 12.533, 12.077, 10.116, 8.501, 7.47, 6.9, 6.283, 5.423, 4.829, 4.169, 3.75, 3.456, 3.195, 1.695, 1.34, 1.786, 2.645, 2.359, 2.928, 2.59, 2.854, 3.012, 2.853, 3.092], [4.066, 4.124, 3.551, 3.235, 2.702, 2.374, 1.887, 2.425, 2.801, 2.671, 3.045, 2.582, 1.751, 1.475, 1.416, 1.484, 0.969, 1.208, 0.899, 0.783, 0.0, 1.002, 1.357, 2.321, 3.247, 3.178, 1.792, 1.583, 2.256, 2.37, 1.406, 1.285, 1.766, 1.993, 1.743, 1.426, 1.019, 1.204, 1.397, 1.318, 1.43, 2.384, 3.888, 5.108, 6.964, 8.723, 9.637, 10.87, 11.614, 11.444, 11.417, 11.504, 11.06, 10.794, 10.197, 10.102, 10.343, 9.748, 10.449, 10.671, 11.827, 12.135, 12.225, 11.713, 9.752, 8.136, 7.106, 6.549, 5.916, 5.119, 4.508, 3.876, 3.444, 3.128, 2.882, 1.487, 1.479, 1.791, 2.696, 2.282, 2.915, 2.635, 2.918, 3.101, 3.015, 3.212], [3.129, 3.182, 2.664, 2.392, 1.865, 1.814, 1.769, 2.99, 3.697, 3.546, 3.923, 3.45, 2.279, 1.927, 1.834, 2.182, 1.684, 0.982, 0.889, 1.424, 1.002, 0.0, 1.133, 1.716, 2.454, 2.266, 1.416, 1.237, 1.54, 1.607, 1.055, 1.643, 2.471, 2.782, 2.569, 2.161, 1.485, 1.229, 1.231, 1.135, 1.667, 1.894, 2.954, 4.166, 6.022, 7.786, 8.729, 9.973, 10.719, 10.572, 10.555, 10.644, 10.163, 9.852, 9.254, 9.159, 9.399, 8.83, 9.518, 9.731, 10.911, 11.219, 11.309, 10.771, 8.81, 7.194, 6.164, 5.635, 5.001, 4.192, 3.612, 2.973, 2.562, 2.204, 1.944, 1.351, 1.928, 2.311, 3.213, 2.631, 2.688, 2.917, 3.424, 3.596, 3.523, 3.649], [3.317, 3.242, 2.722, 2.496, 2.13, 1.676, 1.552, 2.934, 3.625, 3.472, 3.849, 3.376, 2.025, 1.758, 1.815, 2.083, 1.58, 1.307, 1.196, 1.53, 1.357, 1.133, 0.0, 1.398, 2.472, 2.267, 1.402, 1.339, 1.48, 1.597, 1.006, 1.574, 2.497, 2.819, 2.546, 2.083, 1.591, 1.509, 1.659, 1.582, 2.22, 2.028, 2.988, 4.157, 5.991, 7.838, 8.779, 10.032, 10.786, 10.652, 10.62, 10.695, 10.222, 9.92, 9.315, 9.225, 9.466, 8.857, 9.545, 9.758, 10.978, 11.269, 11.377, 10.795, 8.806, 7.166, 6.18, 5.654, 5.039, 4.284, 3.672, 3.0, 2.626, 2.222, 1.978, 1.443, 1.884, 2.17, 3.061, 2.812, 3.295, 3.157, 3.393, 3.557, 3.435, 3.736], [2.473, 2.241, 1.941, 1.91, 1.44, 1.18, 1.641, 4.195, 4.946, 4.785, 5.159, 4.68, 3.319, 2.874, 2.991, 3.405, 2.858, 1.807, 1.959, 2.669, 2.321, 1.716, 1.398, 0.0, 1.315, 1.362, 1.616, 1.574, 1.137, 1.091, 1.577, 2.76, 3.72, 4.122, 3.859, 3.333, 2.582, 2.112, 2.117, 2.147, 2.808, 1.602, 1.938, 2.967, 4.67, 6.502, 7.45, 8.703, 9.457, 9.302, 9.276, 9.367, 8.914, 8.584, 7.978, 7.889, 8.129, 7.536, 8.224, 8.437, 9.642, 9.934, 10.04, 9.474, 7.485, 5.847, 4.869, 4.376, 3.757, 3.066, 2.611, 2.259, 1.997, 1.516, 1.215, 1.82, 2.646, 2.855, 3.777, 3.129, 3.208, 3.329, 3.784, 3.966, 3.885, 4.118], [2.029, 1.852, 1.707, 1.82, 1.524, 1.689, 2.593, 5.081, 5.832, 5.672, 6.045, 5.566, 4.166, 3.669, 3.829, 4.464, 3.917, 2.397, 2.715, 3.699, 3.247, 2.454, 2.472, 1.315, 0.0, 0.911, 2.057, 2.176, 1.495, 1.314, 2.4, 3.798, 4.816, 5.177, 4.857, 4.337, 3.419, 2.605, 2.423, 2.429, 3.232, 1.825, 1.731, 2.441, 3.906, 5.605, 6.499, 7.74, 8.493, 8.277, 8.268, 8.359, 7.941, 7.674, 7.069, 6.979, 7.22, 6.65, 7.338, 7.551, 8.725, 9.017, 9.125, 8.588, 6.603, 5.017, 4.009, 3.539, 2.906, 2.418, 2.047, 1.964, 1.664, 1.394, 1.225, 2.664, 3.646, 3.726, 4.716, 3.771, 3.107, 3.943, 4.532, 4.792, 4.633, 4.515], [1.695, 1.449, 1.368, 1.378, 1.349, 1.67, 2.639, 4.963, 5.713, 5.553, 5.926, 5.448, 4.047, 3.545, 3.635, 4.217, 3.692, 2.325, 2.609, 3.565, 3.178, 2.266, 2.267, 1.362, 0.911, 0.0, 1.693, 1.982, 1.364, 1.195, 2.179, 3.624, 4.666, 5.046, 4.764, 4.274, 3.349, 2.505, 2.315, 2.332, 2.905, 1.829, 1.811, 2.297, 3.934, 5.727, 6.681, 7.934, 8.695, 8.524, 8.515, 8.605, 8.124, 7.809, 7.204, 7.114, 7.355, 6.769, 7.457, 7.669, 8.868, 9.16, 9.266, 8.706, 6.717, 5.077, 4.093, 3.598, 2.997, 2.522, 1.934, 1.53, 1.211, 0.969, 1.021, 2.476, 3.413, 3.528, 4.416, 3.429, 2.605, 3.568, 4.194, 4.624, 4.347, 4.159], [2.642, 2.631, 2.17, 1.864, 1.507, 1.808, 2.332, 3.673, 4.196, 4.036, 4.422, 3.938, 2.573, 2.218, 2.298, 2.661, 2.216, 1.439, 1.582, 2.183, 1.792, 1.416, 1.402, 1.616, 2.057, 1.693, 0.0, 0.966, 1.204, 1.256, 1.418, 2.425, 3.217, 3.521, 3.244, 2.871, 2.02, 1.463, 1.244, 1.181, 1.821, 1.676, 2.461, 3.581, 5.42, 7.258, 8.205, 9.458, 10.249, 10.103, 10.071, 10.159, 9.672, 9.34, 8.735, 8.645, 8.886, 8.286, 8.974, 9.187, 10.399, 10.69, 10.797, 10.224, 8.234, 6.594, 5.608, 5.074, 4.457, 3.76, 3.155, 2.44, 2.04, 1.792, 1.571, 1.546, 2.206, 2.405, 3.157, 2.332, 2.343, 2.588, 3.151, 3.566, 3.375, 3.286], [2.788, 2.855, 2.196, 1.932, 1.403, 1.52, 1.99, 3.467, 3.973, 3.831, 4.225, 3.756, 2.363, 2.037, 2.214, 2.626, 2.146, 1.172, 1.296, 1.912, 1.583, 1.237, 1.339, 1.574, 2.176, 1.982, 0.966, 0.0, 1.314, 1.431, 1.327, 2.175, 3.0, 3.347, 3.016, 2.514, 1.65, 1.106, 1.127, 1.136, 1.73, 1.546, 2.779, 3.895, 5.675, 7.472, 8.323, 9.514, 10.325, 10.177, 10.144, 10.231, 9.802, 9.498, 8.892, 8.803, 9.082, 8.511, 9.205, 9.418, 10.542, 10.833, 10.954, 10.454, 8.465, 6.825, 5.839, 5.307, 4.724, 3.95, 3.348, 2.76, 2.183, 1.881, 1.6, 1.077, 1.886, 2.128, 2.958, 2.265, 2.268, 2.459, 2.984, 3.126, 3.009, 3.068], [2.235, 2.171, 1.693, 1.525, 1.241, 1.313, 1.976, 3.995, 4.688, 4.528, 4.901, 4.429, 3.031, 2.552, 2.77, 3.321, 2.805, 1.439, 1.713, 2.586, 2.256, 1.54, 1.48, 1.137, 1.495, 1.364, 1.204, 1.314, 0.0, 0.737, 1.471, 2.822, 3.846, 4.134, 3.768, 3.326, 2.486, 1.7, 1.625, 1.653, 2.605, 1.592, 2.102, 3.097, 4.928, 6.749, 7.586, 8.79, 9.598, 9.447, 9.418, 9.508, 9.037, 8.761, 8.155, 8.066, 8.359, 7.788, 8.482, 8.695, 9.807, 10.098, 10.217, 9.731, 7.742, 6.102, 5.117, 4.582, 3.965, 3.207, 2.532, 1.947, 1.654, 1.335, 0.983, 1.821, 2.77, 3.025, 3.9, 3.191, 2.842, 3.437, 3.865, 4.089, 3.898, 4.113], [2.097, 1.98, 1.781, 1.654, 1.083, 1.189, 2.019, 4.234, 4.936, 4.775, 5.149, 4.67, 3.27, 2.77, 2.933, 3.485, 2.948, 1.549, 1.862, 2.737, 2.37, 1.607, 1.597, 1.091, 1.314, 1.195, 1.256, 1.431, 0.737, 0.0, 1.375, 2.91, 3.944, 4.243, 3.907, 3.445, 2.536, 1.78, 1.632, 1.683, 2.435, 1.383, 2.034, 2.95, 4.687, 6.502, 7.389, 8.614, 9.373, 9.219, 9.193, 9.284, 8.804, 8.564, 7.959, 7.869, 8.111, 7.546, 8.234, 8.447, 9.613, 9.904, 10.013, 9.484, 7.495, 5.86, 4.869, 4.334, 3.768, 2.986, 2.381, 1.975, 1.577, 1.267, 0.931, 1.932, 2.913, 3.076, 3.868, 3.065, 2.873, 3.307, 3.849, 4.21, 3.971, 4.058], [3.005, 3.067, 2.589, 2.358, 1.803, 1.548, 1.529, 3.112, 3.763, 3.611, 3.988, 3.516, 2.29, 1.977, 1.936, 2.291, 1.785, 1.148, 1.071, 1.792, 1.406, 1.055, 1.006, 1.577, 2.4, 2.179, 1.418, 1.327, 1.471, 1.375, 0.0, 1.756, 2.755, 3.078, 2.742, 2.379, 1.462, 1.358, 1.52, 1.463, 1.8, 1.494, 2.876, 4.096, 5.865, 7.7, 8.629, 9.882, 10.636, 10.469, 10.436, 10.522, 10.073, 9.783, 9.177, 9.088, 9.328, 8.729, 9.417, 9.63, 10.839, 11.13, 11.238, 10.667, 8.677, 7.038, 6.059, 5.553, 4.933, 4.158, 3.581, 2.98, 2.557, 2.186, 1.904, 1.478, 2.207, 2.152, 2.965, 2.482, 2.841, 2.842, 3.076, 3.433, 3.174, 3.419], [4.413, 4.483, 3.985, 3.668, 3.17, 2.755, 1.795, 1.838, 2.384, 2.252, 2.656, 2.464, 2.083, 1.976, 1.935, 1.569, 1.101, 2.03, 1.728, 1.331, 1.285, 1.643, 1.574, 2.76, 3.798, 3.624, 2.425, 2.175, 2.822, 2.91, 1.756, 0.0, 1.262, 1.588, 1.8, 1.343, 1.465, 1.956, 2.314, 2.142, 1.89, 2.866, 4.356, 5.5, 7.294, 9.113, 10.057, 11.31, 12.102, 11.969, 11.936, 12.013, 11.526, 11.195, 10.589, 10.5, 10.74, 10.145, 10.833, 11.046, 12.253, 12.545, 12.651, 12.083, 10.094, 8.48, 7.495, 6.989, 6.36, 5.626, 5.024, 4.371, 3.928, 3.563, 3.274, 1.918, 1.723, 1.553, 2.212, 2.477, 3.313, 2.707, 2.501, 2.634, 2.644, 3.024], [5.401, 5.472, 4.943, 4.624, 4.127, 3.71, 2.643, 1.599, 1.773, 1.718, 2.139, 2.083, 2.031, 2.169, 2.006, 1.322, 1.253, 2.867, 2.5, 1.56, 1.766, 2.471, 2.497, 3.72, 4.816, 4.666, 3.217, 3.0, 3.846, 3.944, 2.755, 1.262, 0.0, 0.743, 1.156, 1.144, 1.768, 2.593, 2.851, 2.806, 2.385, 3.896, 5.282, 6.499, 8.299, 10.089, 11.015, 12.268, 13.038, 12.952, 12.919, 12.936, 12.515, 12.161, 11.552, 11.496, 11.703, 11.133, 11.821, 12.034, 13.215, 13.506, 13.614, 13.071, 11.093, 9.471, 8.461, 7.955, 7.406, 6.59, 5.983, 5.341, 4.939, 4.497, 4.232, 2.568, 1.786, 1.831, 2.138, 2.561, 3.629, 2.641, 2.319, 2.399, 2.472, 2.783], [5.873, 5.93, 5.381, 5.066, 4.553, 4.154, 3.112, 1.835, 1.89, 1.904, 2.255, 2.261, 2.322, 2.303, 1.942, 1.381, 1.51, 3.099, 2.732, 1.781, 1.993, 2.782, 2.819, 4.122, 5.177, 5.046, 3.521, 3.347, 4.134, 4.243, 3.078, 1.588, 0.743, 0.0, 0.857, 1.039, 1.933, 2.874, 3.13, 3.112, 2.566, 4.198, 5.699, 6.914, 8.77, 10.535, 11.457, 12.7, 13.447, 13.325, 13.297, 13.371, 12.892, 12.601, 12.003, 11.908, 12.148, 11.579, 12.267, 12.48, 13.66, 13.968, 14.058, 13.52, 11.559, 9.943, 8.912, 8.367, 7.76, 6.965, 6.34, 5.692, 5.27, 4.923, 4.687, 3.01, 2.143, 2.02, 1.903, 2.415, 3.6, 2.525, 2.078, 2.059, 2.242, 2.561], [5.599, 5.657, 5.065, 4.749, 4.234, 3.878, 2.958, 2.284, 2.29, 2.264, 2.65, 2.6, 2.443, 2.332, 1.981, 1.47, 1.318, 2.703, 2.352, 1.497, 1.743, 2.569, 2.546, 3.859, 4.857, 4.764, 3.244, 3.016, 3.768, 3.907, 2.742, 1.8, 1.156, 0.857, 0.0, 0.888, 1.637, 2.548, 2.803, 2.831, 2.32, 3.839, 5.421, 6.641, 8.497, 10.259, 11.14, 12.384, 13.128, 12.984, 12.956, 13.024, 12.574, 12.289, 11.693, 11.598, 11.872, 11.3, 11.992, 12.205, 13.348, 13.656, 13.746, 13.246, 11.285, 9.669, 8.639, 8.092, 7.491, 6.66, 6.022, 5.389, 4.96, 4.619, 4.377, 2.737, 2.009, 1.956, 1.813, 2.098, 3.372, 2.226, 1.9, 1.977, 1.943, 2.445], [5.07, 5.128, 4.533, 4.217, 3.702, 3.35, 2.372, 2.092, 2.199, 2.159, 2.546, 2.51, 2.369, 2.213, 1.903, 1.457, 1.053, 2.302, 1.954, 1.176, 1.426, 2.161, 2.083, 3.333, 4.337, 4.274, 2.871, 2.514, 3.326, 3.445, 2.379, 1.343, 1.144, 1.039, 0.888, 0.0, 1.36, 2.211, 2.481, 2.464, 2.008, 3.405, 4.893, 6.121, 7.968, 9.731, 10.629, 11.852, 12.596, 12.428, 12.401, 12.462, 12.06, 11.786, 11.189, 11.094, 11.343, 10.775, 11.463, 11.676, 12.844, 13.152, 13.242, 12.717, 10.756, 9.14, 8.11, 7.563, 6.982, 6.163, 5.505, 4.905, 4.452, 4.109, 3.873, 2.245, 1.586, 1.63, 1.845, 2.093, 3.056, 2.206, 2.042, 2.179, 2.129, 2.483], [4.266, 4.324, 3.698, 3.382, 2.872, 2.591, 2.14, 2.646, 2.809, 2.635, 3.02, 2.58, 1.813, 1.501, 1.27, 1.376, 1.156, 1.589, 1.333, 1.152, 1.019, 1.485, 1.591, 2.582, 3.419, 3.349, 2.02, 1.65, 2.486, 2.536, 1.462, 1.465, 1.768, 1.933, 1.637, 1.36, 0.0, 1.116, 1.483, 1.526, 1.444, 2.436, 4.125, 5.308, 7.164, 8.931, 9.795, 11.017, 11.766, 11.56, 11.556, 11.645, 11.207, 10.957, 10.356, 10.262, 10.541, 9.97, 10.664, 10.877, 12.011, 12.32, 12.414, 11.914, 9.952, 8.337, 7.306, 6.764, 6.147, 5.278, 4.654, 4.046, 3.559, 3.286, 3.04, 1.593, 1.589, 1.241, 2.181, 1.988, 2.635, 2.316, 2.408, 2.495, 2.374, 2.684], [3.483, 3.541, 2.951, 2.715, 2.131, 1.966, 2.375, 2.957, 3.337, 3.189, 3.588, 3.132, 1.788, 1.354, 1.528, 2.222, 1.732, 1.045, 1.084, 1.546, 1.204, 1.229, 1.509, 2.112, 2.605, 2.505, 1.463, 1.106, 1.7, 1.78, 1.358, 1.956, 2.593, 2.874, 2.548, 2.211, 1.116, 0.0, 0.603, 0.736, 1.594, 2.205, 3.41, 4.525, 6.381, 8.153, 8.978, 10.151, 10.905, 10.707, 10.704, 10.792, 10.4, 10.131, 9.527, 9.436, 9.763, 9.185, 9.884, 10.099, 11.175, 11.484, 11.619, 11.136, 9.169, 7.554, 6.523, 5.986, 5.369, 4.478, 3.822, 3.25, 2.707, 2.508, 2.255, 1.421, 1.966, 2.166, 3.035, 2.47, 2.832, 2.851, 3.126, 3.321, 3.126, 3.319], [3.31, 3.355, 2.76, 2.54, 1.945, 2.084, 2.586, 3.127, 3.544, 3.405, 3.791, 3.324, 1.899, 1.506, 1.768, 2.436, 1.945, 1.182, 1.291, 1.782, 1.397, 1.231, 1.659, 2.117, 2.423, 2.315, 1.244, 1.127, 1.625, 1.632, 1.52, 2.314, 2.851, 3.13, 2.803, 2.481, 1.483, 0.603, 0.0, 0.648, 1.847, 2.204, 3.237, 4.329, 6.185, 7.961, 8.782, 9.952, 10.717, 10.479, 10.456, 10.536, 10.207, 9.942, 9.337, 9.247, 9.57, 8.993, 9.692, 9.906, 10.982, 11.287, 11.419, 10.943, 8.973, 7.357, 6.328, 5.793, 5.176, 4.285, 3.626, 3.036, 2.478, 2.307, 2.07, 1.66, 2.276, 2.52, 3.322, 2.677, 2.892, 3.019, 3.393, 3.615, 3.419, 3.462], [3.259, 3.323, 2.676, 2.417, 1.917, 2.179, 2.637, 3.049, 3.57, 3.43, 3.787, 3.309, 1.906, 1.582, 1.75, 2.432, 1.918, 1.166, 1.23, 1.742, 1.318, 1.135, 1.582, 2.147, 2.429, 2.332, 1.181, 1.136, 1.653, 1.683, 1.463, 2.142, 2.806, 3.112, 2.831, 2.464, 1.526, 0.736, 0.648, 0.0, 1.56, 2.088, 3.118, 4.301, 6.157, 7.936, 8.754, 9.899, 10.664, 10.437, 10.398, 10.488, 10.183, 9.906, 9.31, 9.206, 9.546, 8.964, 9.663, 9.882, 10.932, 11.233, 11.393, 10.919, 8.945, 7.329, 6.303, 5.785, 5.155, 4.287, 3.619, 3.015, 2.487, 2.3, 2.132, 1.723, 2.316, 2.543, 3.401, 2.635, 2.835, 2.957, 3.413, 3.684, 3.467, 3.423], [3.609, 3.651, 3.072, 2.986, 2.637, 2.92, 2.481, 3.136, 3.351, 3.275, 3.664, 3.317, 2.692, 2.385, 2.169, 2.019, 1.718, 2.016, 1.829, 1.644, 1.43, 1.667, 2.22, 2.808, 3.232, 2.905, 1.821, 1.73, 2.605, 2.435, 1.8, 1.89, 2.385, 2.566, 2.32, 2.008, 1.444, 1.594, 1.847, 1.56, 0.0, 2.097, 3.792, 4.852, 6.554, 8.284, 9.109, 10.351, 11.105, 10.93, 10.917, 11.007, 10.541, 10.284, 9.678, 9.589, 9.864, 9.292, 9.982, 10.195, 11.335, 11.626, 11.735, 11.232, 9.243, 7.602, 6.617, 6.097, 5.714, 5.002, 4.406, 3.764, 3.202, 3.087, 2.921, 2.035, 1.983, 2.097, 2.527, 1.619, 1.789, 1.839, 2.551, 3.007, 2.715, 2.344], [2.16, 2.398, 2.022, 1.967, 1.453, 1.504, 1.837, 4.013, 4.757, 4.597, 4.972, 4.503, 3.349, 3.018, 3.186, 3.438, 2.862, 1.902, 2.009, 2.649, 2.384, 1.894, 2.028, 1.602, 1.825, 1.829, 1.676, 1.546, 1.592, 1.383, 1.494, 2.866, 3.896, 4.198, 3.839, 3.405, 2.436, 2.205, 2.204, 2.088, 2.097, 0.0, 2.069, 3.224, 4.945, 6.689, 7.531, 8.784, 9.538, 9.353, 9.344, 9.435, 8.986, 8.692, 8.086, 7.997, 8.289, 7.725, 8.413, 8.625, 9.747, 10.038, 10.147, 9.662, 7.673, 6.033, 5.047, 4.512, 4.021, 3.344, 3.004, 2.769, 2.379, 2.074, 1.742, 1.973, 2.804, 2.852, 3.669, 2.643, 2.61, 2.839, 3.528, 3.94, 3.625, 3.511], [2.193, 2.149, 1.888, 1.968, 1.974, 2.225, 3.12, 5.782, 6.531, 6.371, 6.744, 6.266, 4.865, 4.385, 4.465, 5.004, 4.469, 3.13, 3.42, 4.253, 3.888, 2.954, 2.988, 1.938, 1.731, 1.811, 2.461, 2.779, 2.102, 2.034, 2.876, 4.356, 5.282, 5.699, 5.421, 4.893, 4.125, 3.41, 3.237, 3.118, 3.792, 2.069, 0.0, 1.335, 3.086, 4.906, 5.84, 7.093, 7.846, 7.725, 7.693, 7.749, 7.302, 6.974, 6.369, 6.279, 6.52, 5.951, 6.639, 6.852, 8.033, 8.325, 8.431, 7.889, 5.899, 4.276, 3.415, 3.033, 2.904, 2.993, 2.848, 2.71, 2.52, 2.057, 1.887, 3.221, 4.092, 4.281, 5.233, 4.283, 3.365, 4.353, 4.769, 5.043, 4.834, 4.724], [2.22, 2.199, 2.485, 2.505, 2.925, 3.099, 4.122, 7.006, 7.756, 7.596, 7.969, 7.49, 6.09, 5.587, 5.672, 6.171, 5.659, 4.324, 4.622, 5.472, 5.108, 4.166, 4.157, 2.967, 2.441, 2.297, 3.581, 3.895, 3.097, 2.95, 4.096, 5.5, 6.499, 6.914, 6.641, 6.121, 5.308, 4.525, 4.329, 4.301, 4.852, 3.224, 1.335, 0.0, 1.941, 3.684, 4.668, 5.921, 6.784, 6.686, 6.654, 6.694, 6.224, 5.797, 5.161, 5.12, 5.338, 4.726, 5.414, 5.627, 6.825, 7.133, 7.23, 6.664, 4.675, 3.102, 2.437, 2.267, 2.343, 2.887, 2.661, 2.575, 2.333, 2.222, 2.575, 4.237, 5.086, 5.302, 6.237, 5.316, 4.09, 5.332, 5.813, 6.132, 5.926, 5.697], [3.557, 3.534, 3.918, 4.054, 4.522, 4.71, 5.735, 8.866, 9.616, 9.456, 9.829, 9.351, 7.95, 7.447, 7.496, 8.016, 7.519, 6.18, 6.458, 7.328, 6.964, 6.022, 5.991, 4.67, 3.906, 3.934, 5.42, 5.675, 4.928, 4.687, 5.865, 7.294, 8.299, 8.77, 8.497, 7.968, 7.164, 6.381, 6.185, 6.157, 6.554, 4.945, 3.086, 1.941, 0.0, 1.985, 2.956, 4.204, 5.096, 5.01, 4.977, 4.992, 4.591, 4.058, 3.369, 3.403, 3.607, 2.927, 3.58, 3.795, 5.022, 5.384, 5.52, 4.816, 2.862, 1.505, 1.23, 1.287, 1.773, 2.431, 2.684, 3.218, 3.717, 3.915, 4.215, 5.855, 6.734, 6.945, 7.823, 6.969, 5.729, 6.899, 7.495, 7.767, 7.517, 7.245], [5.159, 5.088, 5.429, 5.766, 6.204, 6.459, 7.604, 10.687, 11.437, 11.277, 11.65, 11.16, 9.749, 9.269, 9.356, 9.855, 9.343, 7.94, 8.241, 9.088, 8.723, 7.786, 7.838, 6.502, 5.605, 5.727, 7.258, 7.472, 6.749, 6.502, 7.7, 9.113, 10.089, 10.535, 10.259, 9.731, 8.931, 8.153, 7.961, 7.936, 8.284, 6.689, 4.906, 3.684, 1.985, 0.0, 1.178, 2.431, 3.239, 3.158, 3.126, 3.178, 2.788, 2.356, 1.843, 1.809, 2.069, 1.996, 2.352, 2.347, 3.295, 3.585, 3.611, 3.035, 1.657, 1.404, 2.006, 2.414, 2.848, 3.711, 4.335, 5.032, 5.534, 5.703, 5.949, 7.71, 8.631, 8.751, 9.609, 8.715, 7.304, 8.563, 9.279, 9.515, 9.209, 8.908], [5.992, 5.91, 6.179, 6.537, 7.021, 7.483, 8.606, 11.503, 12.253, 12.093, 12.467, 11.988, 10.584, 10.085, 10.289, 10.812, 10.297, 8.863, 9.182, 9.948, 9.637, 8.729, 8.779, 7.45, 6.499, 6.681, 8.205, 8.323, 7.586, 7.389, 8.629, 10.057, 11.015, 11.457, 11.14, 10.629, 9.795, 8.978, 8.782, 8.754, 9.109, 7.531, 5.84, 4.668, 2.956, 1.178, 0.0, 1.436, 2.329, 2.24, 2.19, 2.234, 1.896, 1.537, 1.179, 1.13, 1.405, 1.434, 1.716, 1.642, 2.494, 2.743, 2.729, 2.255, 1.405, 2.094, 2.778, 3.253, 3.863, 4.595, 5.158, 5.907, 6.351, 6.58, 6.814, 8.67, 9.604, 9.71, 10.594, 9.638, 8.094, 9.429, 10.15, 10.359, 10.025, 9.699], [7.223, 7.207, 7.373, 7.66, 8.197, 8.727, 9.859, 12.659, 13.418, 13.251, 13.61, 13.082, 11.681, 11.288, 11.542, 12.065, 11.55, 10.1, 10.426, 11.133, 10.87, 9.973, 10.032, 8.703, 7.74, 7.934, 9.458, 9.514, 8.79, 8.614, 9.882, 11.31, 12.268, 12.7, 12.384, 11.852, 11.017, 10.151, 9.952, 9.899, 10.351, 8.784, 7.093, 5.921, 4.204, 2.431, 1.436, 0.0, 1.132, 1.153, 1.144, 1.091, 1.158, 1.018, 1.462, 1.368, 1.521, 1.726, 1.725, 1.353, 1.831, 1.892, 1.969, 1.653, 1.946, 3.204, 3.977, 4.521, 5.107, 5.839, 6.365, 7.16, 7.535, 7.839, 8.067, 9.923, 10.857, 10.963, 11.866, 10.891, 9.328, 10.62, 11.399, 11.584, 11.205, 10.885], [8.174, 8.168, 8.306, 8.606, 9.119, 9.593, 10.717, 13.425, 14.183, 14.016, 14.375, 13.86, 12.469, 12.041, 12.296, 12.843, 12.307, 10.843, 11.17, 11.877, 11.614, 10.719, 10.786, 9.457, 8.493, 8.695, 10.249, 10.325, 9.598, 9.373, 10.636, 12.102, 13.038, 13.447, 13.128, 12.596, 11.766, 10.905, 10.717, 10.664, 11.105, 9.538, 7.846, 6.784, 5.096, 3.239, 2.329, 1.132, 0.0, 0.775, 0.777, 0.718, 1.037, 1.261, 2.039, 1.885, 1.987, 2.492, 2.233, 1.82, 1.601, 1.536, 1.474, 1.606, 2.601, 3.826, 4.785, 5.433, 5.908, 6.595, 7.119, 7.917, 8.309, 8.65, 8.948, 10.845, 11.781, 11.841, 12.761, 11.74, 10.157, 11.529, 12.244, 12.47, 12.106, 11.783], [8.04, 8.044, 8.216, 8.56, 9.044, 9.525, 10.628, 13.188, 13.939, 13.778, 14.151, 13.673, 12.272, 11.831, 12.106, 12.681, 12.136, 10.662, 10.981, 11.777, 11.444, 10.572, 10.652, 9.302, 8.277, 8.524, 10.103, 10.177, 9.447, 9.219, 10.469, 11.969, 12.952, 13.325, 12.984, 12.428, 11.56, 10.707, 10.479, 10.437, 10.93, 9.353, 7.725, 6.686, 5.01, 3.158, 2.24, 1.153, 0.775, 0.0, 0.481, 0.714, 0.844, 1.3, 1.937, 1.811, 1.937, 2.487, 2.224, 1.802, 1.861, 1.867, 1.706, 1.623, 2.549, 3.849, 4.704, 5.364, 5.782, 6.441, 7.014, 7.745, 8.144, 8.564, 8.862, 10.759, 11.695, 11.755, 12.675, 11.634, 10.039, 11.404, 12.158, 12.384, 12.014, 11.696], [8.016, 8.024, 8.169, 8.513, 8.997, 9.497, 10.595, 13.147, 13.892, 13.736, 14.098, 13.619, 12.218, 11.823, 12.097, 12.663, 12.127, 10.658, 10.977, 11.743, 11.417, 10.555, 10.62, 9.276, 8.268, 8.515, 10.071, 10.144, 9.418, 9.193, 10.436, 11.936, 12.919, 13.297, 12.956, 12.401, 11.556, 10.704, 10.456, 10.398, 10.917, 9.344, 7.693, 6.654, 4.977, 3.126, 2.19, 1.144, 0.777, 0.481, 0.0, 0.677, 0.854, 1.304, 1.919, 1.787, 1.954, 2.442, 2.139, 1.726, 1.952, 1.981, 1.926, 1.893, 2.477, 3.767, 4.675, 5.336, 5.755, 6.437, 6.987, 7.736, 8.104, 8.532, 8.829, 10.727, 11.662, 11.723, 12.643, 11.602, 10.007, 11.371, 12.125, 12.351, 11.962, 11.639], [8.105, 8.103, 8.189, 8.514, 8.998, 9.505, 10.627, 13.236, 13.975, 13.826, 14.177, 13.699, 12.298, 11.913, 12.188, 12.753, 12.217, 10.747, 11.065, 11.826, 11.504, 10.644, 10.695, 9.367, 8.359, 8.605, 10.159, 10.231, 9.508, 9.284, 10.522, 12.013, 12.936, 13.371, 13.024, 12.462, 11.645, 10.792, 10.536, 10.488, 11.007, 9.435, 7.749, 6.694, 4.992, 3.178, 2.234, 1.091, 0.718, 0.714, 0.677, 0.0, 0.847, 1.181, 1.951, 1.804, 1.852, 2.402, 2.152, 1.788, 1.887, 1.902, 1.719, 1.747, 2.5, 3.814, 4.688, 5.353, 5.839, 6.526, 7.031, 7.827, 8.184, 8.538, 8.895, 10.728, 11.661, 11.748, 12.657, 11.65, 10.092, 11.493, 12.146, 12.396, 11.987, 11.653], [7.77, 7.744, 7.905, 8.22, 8.668, 9.086, 10.19, 12.934, 13.684, 13.524, 13.897, 13.416, 12.005, 11.527, 11.733, 12.266, 11.74, 10.29, 10.616, 11.414, 11.06, 10.163, 10.222, 8.914, 7.941, 8.124, 9.672, 9.802, 9.037, 8.804, 10.073, 11.526, 12.515, 12.892, 12.574, 12.06, 11.207, 10.4, 10.207, 10.183, 10.541, 8.986, 7.302, 6.224, 4.591, 2.788, 1.896, 1.158, 1.037, 0.844, 0.854, 0.847, 0.0, 0.94, 1.671, 1.51, 1.608, 2.086, 1.982, 1.614, 2.103, 2.18, 1.973, 1.758, 2.207, 3.536, 4.358, 4.956, 5.356, 6.078, 6.593, 7.382, 7.781, 8.153, 8.492, 10.336, 11.269, 11.319, 12.271, 11.163, 9.684, 11.103, 11.723, 11.989, 11.697, 11.376], [7.18, 7.173, 7.455, 7.792, 8.259, 8.556, 9.686, 12.656, 13.408, 13.246, 13.62, 13.132, 11.74, 11.244, 11.438, 11.937, 11.425, 10.02, 10.325, 11.06, 10.794, 9.852, 9.92, 8.584, 7.674, 7.809, 9.34, 9.498, 8.761, 8.564, 9.783, 11.195, 12.161, 12.601, 12.289, 11.786, 10.957, 10.131, 9.942, 9.906, 10.284, 8.692, 6.974, 5.797, 4.058, 2.356, 1.537, 1.018, 1.261, 1.3, 1.304, 1.181, 0.94, 0.0, 1.059, 0.997, 1.09, 1.445, 1.42, 1.098, 1.609, 1.875, 1.911, 1.652, 1.73, 3.045, 3.844, 4.467, 4.933, 5.717, 6.326, 7.029, 7.526, 7.768, 8.019, 9.807, 10.743, 10.864, 11.765, 10.791, 9.207, 10.588, 11.33, 11.588, 11.258, 10.937], [6.329, 6.344, 6.736, 7.112, 7.588, 7.902, 9.049, 12.06, 12.811, 12.651, 13.024, 12.543, 11.145, 10.642, 10.832, 11.331, 10.82, 9.423, 9.729, 10.473, 10.197, 9.254, 9.315, 7.978, 7.069, 7.204, 8.735, 8.892, 8.155, 7.959, 9.177, 10.589, 11.552, 12.003, 11.693, 11.189, 10.356, 9.527, 9.337, 9.31, 9.678, 8.086, 6.369, 5.161, 3.369, 1.843, 1.179, 1.462, 2.039, 1.937, 1.919, 1.951, 1.671, 1.059, 0.0, 0.618, 0.802, 1.126, 1.13, 1.035, 1.93, 2.309, 2.478, 1.951, 1.395, 2.485, 3.209, 3.768, 4.336, 5.121, 5.721, 6.424, 6.921, 7.133, 7.348, 9.096, 10.058, 10.216, 11.084, 10.169, 8.583, 9.868, 10.719, 10.928, 10.582, 10.257], [6.533, 6.477, 6.787, 7.128, 7.604, 7.905, 9.021, 11.956, 12.713, 12.547, 12.92, 12.435, 11.041, 10.549, 10.743, 11.242, 10.73, 9.328, 9.634, 10.364, 10.102, 9.159, 9.225, 7.889, 6.979, 7.114, 8.645, 8.803, 8.066, 7.869, 9.088, 10.5, 11.496, 11.908, 11.598, 11.094, 10.262, 9.436, 9.247, 9.206, 9.589, 7.997, 6.279, 5.12, 3.403, 1.809, 1.13, 1.368, 1.885, 1.811, 1.787, 1.804, 1.51, 0.997, 0.618, 0.0, 0.689, 1.177, 1.345, 1.197, 2.073, 2.399, 2.48, 1.998, 1.525, 2.564, 3.258, 3.82, 4.241, 5.026, 5.636, 6.334, 6.831, 7.103, 7.336, 9.152, 10.088, 10.202, 11.106, 10.106, 8.541, 9.885, 10.671, 10.922, 10.587, 10.264], [6.646, 6.624, 7.021, 7.398, 7.846, 8.107, 9.246, 12.297, 13.047, 12.887, 13.26, 12.774, 11.363, 10.878, 10.984, 11.483, 10.971, 9.569, 9.874, 10.703, 10.343, 9.399, 9.466, 8.129, 7.22, 7.355, 8.886, 9.082, 8.359, 8.111, 9.328, 10.74, 11.703, 12.148, 11.872, 11.343, 10.541, 9.763, 9.57, 9.546, 9.864, 8.289, 6.52, 5.338, 3.607, 2.069, 1.405, 1.521, 1.987, 1.937, 1.954, 1.852, 1.608, 1.09, 0.802, 0.689, 0.0, 1.114, 1.263, 1.088, 1.934, 2.222, 2.376, 1.79, 1.692, 2.778, 3.467, 4.001, 4.482, 5.326, 5.945, 6.641, 7.144, 7.313, 7.585, 9.347, 10.28, 10.405, 11.264, 10.332, 8.793, 10.043, 10.889, 11.151, 10.841, 10.512], [5.977, 5.921, 6.401, 6.771, 7.204, 7.476, 8.572, 11.717, 12.468, 12.307, 12.678, 12.18, 10.777, 10.3, 10.362, 10.882, 10.386, 8.984, 9.252, 10.113, 9.748, 8.83, 8.857, 7.536, 6.65, 6.769, 8.286, 8.511, 7.788, 7.546, 8.729, 10.145, 11.133, 11.579, 11.3, 10.775, 9.97, 9.185, 8.993, 8.964, 9.292, 7.725, 5.951, 4.726, 2.927, 1.996, 1.434, 1.726, 2.492, 2.487, 2.442, 2.402, 2.086, 1.445, 1.126, 1.177, 1.114, 0.0, 0.991, 1.306, 2.479, 2.81, 2.983, 2.411, 1.384, 2.278, 2.866, 3.245, 3.852, 4.736, 5.369, 6.072, 6.568, 6.748, 6.981, 8.717, 9.569, 9.749, 10.6, 9.709, 8.229, 9.449, 10.324, 10.549, 10.254, 9.928], [6.509, 6.426, 7.087, 7.442, 7.901, 8.137, 9.271, 12.415, 13.167, 13.006, 13.377, 12.878, 11.476, 10.999, 11.054, 11.57, 11.074, 9.672, 9.943, 10.814, 10.449, 9.518, 9.545, 8.224, 7.338, 7.457, 8.974, 9.205, 8.482, 8.234, 9.417, 10.833, 11.821, 12.267, 11.992, 11.463, 10.664, 9.884, 9.692, 9.663, 9.982, 8.413, 6.639, 5.414, 3.58, 2.352, 1.716, 1.725, 2.233, 2.224, 2.139, 2.152, 1.982, 1.42, 1.13, 1.345, 1.263, 0.991, 0.0, 0.685, 1.889, 2.338, 2.693, 2.002, 1.643, 2.818, 3.498, 3.966, 4.55, 5.437, 6.068, 6.765, 7.267, 7.436, 7.669, 9.336, 10.272, 10.438, 11.306, 10.397, 8.88, 10.081, 11.012, 11.236, 10.939, 10.612], [6.725, 6.642, 7.302, 7.663, 8.123, 8.359, 9.487, 12.632, 13.383, 13.223, 13.596, 13.104, 11.696, 11.214, 11.27, 11.783, 11.286, 9.887, 10.165, 11.036, 10.671, 9.731, 9.758, 8.437, 7.551, 7.669, 9.187, 9.418, 8.695, 8.447, 9.63, 11.046, 12.034, 12.48, 12.205, 11.676, 10.877, 10.099, 9.906, 9.882, 10.195, 8.625, 6.852, 5.627, 3.795, 2.347, 1.642, 1.353, 1.82, 1.802, 1.726, 1.788, 1.614, 1.098, 1.035, 1.197, 1.088, 1.306, 0.685, 0.0, 1.554, 2.028, 2.263, 1.56, 1.668, 2.975, 3.673, 4.19, 4.771, 5.659, 6.281, 6.977, 7.48, 7.649, 7.882, 9.548, 10.488, 10.653, 11.522, 10.61, 9.093, 10.296, 11.225, 11.449, 11.154, 10.829], [7.952, 7.907, 8.391, 8.689, 9.218, 9.523, 10.714, 13.692, 14.442, 14.283, 14.635, 14.061, 12.607, 12.292, 12.495, 12.996, 12.484, 11.075, 11.371, 12.059, 11.827, 10.911, 10.978, 9.642, 8.725, 8.868, 10.399, 10.542, 9.807, 9.613, 10.839, 12.253, 13.215, 13.66, 13.348, 12.844, 12.011, 11.175, 10.982, 10.932, 11.335, 9.747, 8.033, 6.825, 5.022, 3.295, 2.494, 1.831, 1.601, 1.861, 1.952, 1.887, 2.103, 1.609, 1.93, 2.073, 1.934, 2.479, 1.889, 1.554, 0.0, 1.154, 1.46, 1.534, 2.637, 3.921, 4.85, 5.381, 5.956, 6.74, 7.374, 8.088, 8.565, 8.794, 9.011, 10.733, 11.715, 11.88, 12.749, 11.833, 10.248, 11.523, 12.377, 12.583, 12.225, 11.896], [8.296, 8.292, 8.712, 9.029, 9.526, 9.855, 11.031, 13.983, 14.733, 14.574, 14.926, 14.424, 13.041, 12.584, 12.786, 13.289, 12.777, 11.383, 11.679, 12.376, 12.135, 11.219, 11.269, 9.934, 9.017, 9.16, 10.69, 10.833, 10.098, 9.904, 11.13, 12.545, 13.506, 13.968, 13.656, 13.152, 12.32, 11.484, 11.287, 11.233, 11.626, 10.038, 8.325, 7.133, 5.384, 3.585, 2.743, 1.892, 1.536, 1.867, 1.981, 1.902, 2.18, 1.875, 2.309, 2.399, 2.222, 2.81, 2.338, 2.028, 1.154, 0.0, 0.902, 1.332, 2.824, 4.172, 5.158, 5.687, 6.257, 7.046, 7.68, 8.382, 8.857, 9.085, 9.32, 11.095, 12.028, 12.188, 13.056, 12.14, 10.551, 11.831, 12.684, 12.9, 12.551, 12.215], [8.495, 8.474, 8.822, 9.186, 9.625, 9.993, 11.169, 14.137, 14.879, 14.727, 15.089, 14.599, 13.188, 12.725, 12.894, 13.393, 12.882, 11.473, 11.769, 12.533, 12.225, 11.309, 11.377, 10.04, 9.125, 9.266, 10.797, 10.954, 10.217, 10.013, 11.238, 12.651, 13.614, 14.058, 13.746, 13.242, 12.414, 11.619, 11.419, 11.393, 11.735, 10.147, 8.431, 7.23, 5.52, 3.611, 2.729, 1.969, 1.474, 1.706, 1.926, 1.719, 1.973, 1.911, 2.478, 2.48, 2.376, 2.983, 2.693, 2.263, 1.46, 0.902, 0.0, 1.18, 2.882, 4.36, 5.255, 5.781, 6.374, 7.146, 7.801, 8.498, 8.982, 9.195, 9.41, 11.233, 12.166, 12.278, 13.156, 12.231, 10.645, 11.967, 12.781, 12.99, 12.676, 12.349], [7.683, 7.629, 8.347, 8.703, 9.164, 9.401, 10.469, 13.669, 14.42, 14.259, 14.633, 14.149, 12.737, 12.251, 12.3, 12.82, 12.323, 10.929, 11.207, 12.077, 11.713, 10.771, 10.795, 9.474, 8.588, 8.706, 10.224, 10.454, 9.731, 9.484, 10.667, 12.083, 13.071, 13.52, 13.246, 12.717, 11.914, 11.136, 10.943, 10.919, 11.232, 9.662, 7.889, 6.664, 4.816, 3.035, 2.255, 1.653, 1.606, 1.623, 1.893, 1.747, 1.758, 1.652, 1.951, 1.998, 1.79, 2.411, 2.002, 1.56, 1.534, 1.332, 1.18, 0.0, 2.229, 3.806, 4.642, 5.192, 5.813, 6.7, 7.317, 8.014, 8.517, 8.686, 8.919, 10.599, 11.478, 11.686, 12.537, 11.647, 10.13, 11.288, 12.262, 12.486, 12.191, 11.866], [5.967, 5.921, 6.475, 6.788, 7.248, 7.454, 8.49, 11.68, 12.43, 12.27, 12.644, 12.165, 10.764, 10.262, 10.31, 10.831, 10.334, 8.968, 9.246, 10.116, 9.752, 8.81, 8.806, 7.485, 6.603, 6.717, 8.234, 8.465, 7.742, 7.495, 8.677, 10.094, 11.093, 11.559, 11.285, 10.756, 9.952, 9.169, 8.973, 8.945, 9.243, 7.673, 5.899, 4.675, 2.862, 1.657, 1.405, 1.946, 2.601, 2.549, 2.477, 2.5, 2.207, 1.73, 1.395, 1.525, 1.692, 1.384, 1.643, 1.668, 2.637, 2.824, 2.882, 2.229, 0.0, 1.742, 2.691, 3.308, 3.852, 4.739, 5.349, 6.025, 6.527, 6.729, 6.962, 8.648, 9.531, 9.697, 10.601, 9.658, 8.204, 9.455, 10.275, 10.522, 10.276, 9.959], [4.518, 4.489, 4.946, 5.254, 5.712, 5.898, 6.957, 10.04, 10.79, 10.63, 11.003, 10.525, 9.124, 8.622, 8.67, 9.191, 8.694, 7.352, 7.63, 8.501, 8.136, 7.194, 7.166, 5.847, 5.017, 5.077, 6.594, 6.825, 6.102, 5.86, 7.038, 8.48, 9.471, 9.943, 9.669, 9.14, 8.337, 7.554, 7.357, 7.329, 7.602, 6.033, 4.276, 3.102, 1.505, 1.404, 2.094, 3.204, 3.826, 3.849, 3.767, 3.814, 3.536, 3.045, 2.