[[0.0, 0.686, 1.468, 2.539, 2.557, 1.736, 1.419, 1.593, 1.701, 1.35, 1.558, 1.636, 1.15, 1.146, 0.987, 1.195, 1.133, 1.68, 1.626, 1.372, 1.259, 1.276, 1.471, 1.249, 1.431, 2.129, 2.277, 3.633, 4.569, 4.303, 3.934, 3.813, 4.046, 4.957, 6.492, 6.581, 6.126, 5.536, 5.147, 5.202, 5.484, 6.1, 5.977, 4.606, 4.2, 4.688, 4.637, 4.27, 3.787, 3.067, 3.009, 3.411, 3.327, 3.033, 3.102, 3.552, 5.338, 4.556, 4.006, 3.926, 3.723, 3.302, 3.09, 3.057, 2.836, 2.843, 3.304, 3.878, 5.142, 6.54, 6.465, 7.299, 8.193, 8.115, 7.767, 7.23, 8.382, 10.502, 10.977, 11.289, 11.299, 10.634, 10.448, 10.003, 9.579, 10.186], [0.686, 0.0, 1.065, 2.156, 2.191, 1.419, 1.511, 1.822, 2.006, 1.67, 1.602, 1.855, 1.539, 1.418, 1.121, 1.21, 1.332, 2.084, 2.045, 1.836, 1.726, 1.692, 1.851, 1.596, 1.835, 2.468, 2.567, 3.39, 4.291, 4.057, 3.617, 3.494, 3.645, 4.551, 6.087, 6.169, 5.658, 5.171, 4.833, 4.82, 5.2, 5.709, 5.537, 4.338, 3.848, 4.357, 4.292, 3.91, 3.33, 2.866, 2.879, 2.968, 2.858, 2.734, 2.892, 3.269, 5.049, 4.218, 3.738, 3.696, 3.391, 2.959, 2.747, 2.753, 2.733, 2.859, 3.181, 3.517, 4.666, 6.092, 6.021, 6.798, 7.707, 7.623, 7.288, 6.883, 7.929, 10.025, 10.556, 10.845, 10.862, 10.191, 10.029, 9.584, 9.168, 9.766], [1.468, 1.065, 0.0, 1.249, 1.368, 1.051, 1.861, 2.297, 2.54, 2.21, 2.355, 2.745, 2.404, 2.058, 1.361, 1.029, 1.865, 2.958, 2.763, 2.482, 2.333, 2.159, 2.157, 1.939, 2.238, 2.979, 2.449, 2.981, 3.826, 3.556, 2.872, 2.731, 2.842, 3.641, 5.128, 5.289, 4.879, 4.571, 4.246, 4.174, 4.45, 4.751, 4.614, 3.505, 3.097, 3.799, 3.72, 3.18, 2.703, 2.323, 2.302, 2.37, 2.19, 2.089, 2.285, 2.74, 4.32, 3.367, 2.961, 3.015, 2.72, 2.373, 2.17, 2.2, 2.53, 2.548, 2.79, 2.843, 3.845, 5.181, 5.079, 6.001, 6.919, 6.845, 6.533, 6.084, 7.158, 9.257, 9.68, 9.961, 9.902, 9.284, 9.155, 8.68, 8.279, 8.822], [2.539, 2.156, 1.249, 0.0, 0.682, 1.345, 2.648, 3.299, 3.554, 3.197, 3.279, 3.716, 3.456, 3.077, 2.22, 1.779, 2.975, 3.998, 3.798, 3.511, 3.381, 3.139, 3.121, 2.945, 3.068, 3.824, 2.879, 2.882, 3.718, 3.408, 2.672, 2.41, 2.485, 2.693, 4.302, 4.784, 4.306, 4.346, 4.105, 3.962, 4.275, 4.432, 4.155, 3.235, 2.962, 3.519, 3.454, 2.782, 2.42, 2.117, 2.04, 2.148, 1.988, 2.051, 2.283, 2.774, 3.803, 3.145, 2.616, 2.747, 2.538, 2.202, 2.057, 2.132, 2.781, 2.7, 2.724, 2.616, 3.304, 4.25, 4.172, 5.145, 6.022, 6.119, 5.748, 5.487, 6.253, 8.259, 8.704, 9.012, 8.945, 8.335, 8.153, 7.721, 7.326, 7.926], [2.557, 2.191, 1.368, 0.682, 0.0, 1.297, 2.629, 3.315, 3.595, 3.167, 3.172, 3.707, 3.414, 3.039, 2.197, 1.8, 3.009, 4.012, 3.787, 3.524, 3.396, 3.187, 3.156, 2.939, 3.083, 3.789, 2.936, 2.926, 3.76, 3.517, 2.69, 2.588, 2.66, 2.814, 4.273, 4.789, 4.406, 4.403, 4.14, 4.027, 4.359, 4.468, 4.133, 3.211, 2.971, 3.691, 3.684, 3.055, 2.669, 2.377, 2.282, 2.322, 2.173, 2.189, 2.425, 2.735, 3.857, 3.169, 2.619, 2.76, 2.619, 2.297, 2.151, 2.254, 2.897, 2.925, 2.889, 2.739, 3.401, 4.32, 4.266, 5.271, 6.166, 6.199, 5.861, 5.539, 6.345, 8.348, 8.81, 9.107, 8.986, 8.409, 8.198, 7.806, 7.394, 7.984], [1.736, 1.419, 1.051, 1.345, 1.297, 0.0, 1.428, 2.231, 2.678, 2.358, 2.456, 2.831, 2.526, 2.208, 1.541, 1.233, 2.182, 3.191, 2.986, 2.667, 2.594, 2.423, 2.408, 2.134, 2.273, 2.937, 2.541, 3.249, 4.29, 3.949, 3.063, 2.608, 2.816, 3.486, 5.033, 5.255, 5.025, 5.023, 4.727, 4.407, 4.62, 4.932, 4.74, 3.857, 3.505, 4.025, 3.937, 3.229, 2.799, 2.431, 2.415, 2.59, 2.554, 2.542, 2.812, 3.305, 4.7, 3.891, 3.417, 3.489, 3.248, 2.87, 2.721, 2.685, 2.781, 2.909, 3.203, 3.391, 4.011, 5.152, 5.081, 6.027, 7.071, 7.008, 6.798, 6.437, 7.188, 9.107, 9.609, 9.878, 9.856, 9.21, 9.051, 8.606, 8.185, 8.914], [1.419, 1.511, 1.861, 2.648, 2.629, 1.428, 0.0, 1.056, 1.701, 1.596, 2.025, 2.139, 1.754, 1.9, 1.877, 1.846, 1.535, 2.257, 2.09, 1.881, 1.938, 2.047, 2.3, 2.124, 2.062, 2.503, 2.763, 4.087, 5.228, 4.84, 4.09, 3.673, 3.831, 4.69, 6.26, 6.394, 6.081, 6.004, 5.654, 5.267, 5.592, 6.023, 5.877, 5.072, 4.602, 5.115, 4.947, 4.39, 3.89, 3.381, 3.185, 3.517, 3.527, 3.497, 3.73, 4.291, 5.877, 5.052, 4.639, 4.632, 4.245, 3.84, 3.721, 3.68, 3.567, 3.627, 4.091, 4.393, 5.039, 6.307, 6.258, 7.084, 8.171, 8.118, 7.91, 7.578, 8.404, 10.24, 10.773, 10.967, 10.976, 10.305, 10.266, 9.818, 9.45, 10.15], [1.593, 1.822, 2.297, 3.299, 3.315, 2.231, 1.056, 0.0, 0.877, 1.018, 1.494, 1.522, 1.45, 2.006, 2.066, 2.252, 1.648, 1.594, 1.614, 1.796, 1.704, 1.989, 2.337, 2.224, 2.07, 2.474, 2.916, 4.556, 5.679, 5.323, 4.728, 4.484, 4.694, 5.54, 7.089, 7.242, 6.816, 6.562, 6.142, 5.98, 6.259, 6.758, 6.62, 5.591, 5.101, 5.612, 5.447, 4.947, 4.459, 3.846, 3.743, 4.076, 4.05, 3.904, 4.125, 4.67, 6.308, 5.461, 5.057, 5.041, 4.694, 4.3, 4.178, 4.15, 3.956, 4.055, 4.518, 4.857, 5.749, 7.135, 7.066, 7.868, 8.849, 8.774, 8.49, 8.089, 9.038, 11.107, 11.607, 11.871, 11.871, 11.215, 11.103, 10.653, 10.259, 10.875], [1.701, 2.006, 2.54, 3.554, 3.595, 2.678, 1.701, 0.877, 0.0, 0.917, 1.428, 1.287, 1.353, 1.896, 2.181, 2.44, 1.753, 1.494, 1.559, 1.73, 1.513, 1.734, 2.199, 2.118, 2.007, 2.482, 2.969, 4.788, 5.845, 5.548, 5.091, 4.837, 5.081, 5.851, 7.38, 7.59, 7.242, 6.767, 6.351, 6.287, 6.548, 7.095, 7.027, 5.732, 5.286, 5.876, 5.773, 5.326, 4.803, 4.143, 4.106, 4.483, 4.39, 4.104, 4.317, 4.846, 6.567, 5.709, 5.156, 5.254, 4.975, 4.547, 4.366, 4.342, 4.098, 4.156, 4.631, 5.079, 6.199, 7.574, 7.46, 8.353, 9.237, 9.219, 8.848, 8.404, 9.453, 11.561, 12.005, 12.332, 12.288, 11.659, 11.519, 11.022, 10.617, 11.249], [1.35, 1.67, 2.21, 3.197, 3.167, 2.358, 1.596, 1.018, 0.917, 0.0, 0.956, 1.116, 1.31, 1.744, 1.922, 2.051, 1.703, 1.762, 1.782, 1.816, 1.524, 1.724, 2.172, 2.094, 2.088, 2.708, 3.142, 4.549, 5.5, 5.288, 4.747, 4.63, 4.793, 5.64, 7.142, 7.309, 6.897, 6.442, 6.086, 6.06, 6.336, 6.779, 6.691, 5.363, 4.993, 5.549, 5.512, 4.999, 4.546, 3.901, 3.884, 4.223, 4.168, 3.861, 4.007, 4.506, 6.146, 5.349, 4.749, 4.829, 4.581, 4.186, 3.995, 3.964, 3.807, 3.925, 4.354, 4.71, 5.916, 7.282, 7.171, 8.062, 8.939, 8.885, 8.518, 7.993, 9.127, 11.262, 11.7, 12.04, 11.996, 11.368, 11.212, 10.701, 10.295, 10.916], [1.558, 1.602, 2.355, 3.279, 3.172, 2.456, 2.025, 1.494, 1.428, 0.956, 0.0, 0.91, 1.312, 1.802, 1.865, 2.061, 1.948, 1.878, 2.011, 2.071, 1.895, 1.984, 2.443, 2.433, 2.497, 3.096, 3.514, 4.41, 5.343, 5.161, 4.711, 4.73, 4.871, 5.698, 7.15, 7.276, 6.829, 6.264, 5.982, 6.009, 6.341, 6.838, 6.708, 5.385, 5.068, 5.616, 5.521, 5.13, 4.572, 4.015, 3.929, 4.118, 4.059, 3.797, 3.945, 4.311, 6.01, 5.376, 4.723, 4.748, 4.571, 4.117, 3.857, 3.836, 3.731, 3.929, 4.232, 4.638, 5.842, 7.252, 7.167, 7.96, 8.81, 8.781, 8.383, 7.857, 8.922, 11.093, 11.682, 11.991, 12.005, 11.332, 11.128, 10.701, 10.256, 10.923], [1.636, 1.855, 2.745, 3.716, 3.707, 2.831, 2.139, 1.522, 1.287, 1.116, 0.91, 0.0, 1.204, 1.711, 2.078, 2.375, 1.895, 1.743, 1.822, 1.929, 1.84, 2.02, 2.491, 2.463, 2.505, 3.126, 3.515, 4.765, 5.735, 5.474, 5.207, 5.011, 5.202, 6.096, 7.607, 7.715, 7.247, 6.616, 6.31, 6.328, 6.714, 7.253, 7.125, 5.824, 5.437, 5.952, 5.853, 5.441, 4.912, 4.249, 4.186, 4.449, 4.444, 4.186, 4.308, 4.684, 6.5, 5.798, 5.188, 5.18, 4.941, 4.506, 4.194, 4.176, 3.968, 4.075, 4.508, 5.01, 6.279, 7.712, 7.627, 8.402, 9.256, 9.204, 8.828, 8.355, 9.27, 11.439, 12.124, 12.435, 12.455, 11.78, 11.585, 11.143, 10.707, 11.378], [1.15, 1.539, 2.404, 3.456, 3.414, 2.526, 1.754, 1.45, 1.353, 1.31, 1.312, 1.204, 0.0, 0.945, 1.441, 1.902, 1.199, 1.142, 1.183, 1.203, 1.23, 1.369, 1.686, 1.718, 1.676, 2.184, 2.515, 4.327, 5.285, 5.084, 4.907, 4.746, 4.968, 5.851, 7.379, 7.525, 7.004, 6.259, 5.968, 5.993, 6.385, 7.02, 6.899, 5.494, 5.109, 5.625, 5.553, 5.112, 4.603, 3.919, 3.881, 4.168, 4.117, 3.828, 3.947, 4.292, 6.106, 5.496, 4.874, 4.828, 4.622, 4.157, 3.669, 3.611, 3.331, 3.28, 3.922, 4.622, 6.012, 7.456, 7.372, 8.146, 8.992, 8.942, 8.465, 8.031, 9.053, 11.25, 11.889, 12.21, 12.23, 11.555, 11.343, 10.918, 10.474, 11.11], [1.146, 1.418, 2.058, 3.077, 3.039, 2.208, 1.9, 2.006, 1.896, 1.744, 1.802, 1.711, 0.945, 0.0, 1.019, 1.456, 1.194, 1.494, 1.276, 1.013, 1.202, 1.192, 1.366, 1.437, 1.41, 2.045, 2.178, 3.949, 4.831, 4.684, 4.465, 4.377, 4.588, 5.499, 7.04, 7.15, 6.616, 5.834, 5.555, 5.62, 6.014, 6.652, 6.529, 5.102, 4.719, 5.249, 5.195, 4.735, 4.206, 3.578, 3.523, 3.8, 3.741, 3.422, 3.523, 3.808, 5.634, 5.087, 4.399, 4.352, 4.19, 3.718, 3.154, 3.069, 2.816, 2.815, 3.493, 4.184, 5.648, 7.1, 7.019, 7.787, 8.616, 8.563, 8.065, 7.57, 8.553, 10.821, 11.531, 11.854, 11.874, 11.198, 10.987, 10.561, 10.117, 10.747], [0.987, 1.121, 1.361, 2.22, 2.197, 1.541, 1.877, 2.066, 2.181, 1.922, 1.865, 2.078, 1.441, 1.019, 0.0, 0.774, 1.407, 2.001, 1.823, 1.543, 1.557, 1.417, 1.443, 1.303, 1.392, 2.096, 1.899, 3.229, 4.049, 3.918, 3.578, 3.493, 3.691, 4.621, 6.141, 6.249, 5.762, 5.069, 4.762, 4.814, 5.129, 5.75, 5.643, 4.239, 3.863, 4.388, 4.319, 3.917, 3.37, 2.734, 2.689, 2.971, 2.896, 2.55, 2.667, 3.056, 4.783, 4.186, 3.536, 3.51, 3.353, 2.889, 2.491, 2.482, 2.362, 2.283, 2.75, 3.378, 4.763, 6.225, 6.125, 6.932, 7.766, 7.737, 7.259, 6.714, 7.845, 10.042, 10.644, 10.97, 10.981, 10.312, 10.111, 9.676, 9.23, 9.858], [1.195, 1.21, 1.029, 1.779, 1.8, 1.233, 1.846, 2.252, 2.44, 2.051, 2.061, 2.375, 1.902, 1.456, 0.774, 0.0, 1.389, 2.366, 2.16, 1.831, 1.883, 1.653, 1.649, 1.448, 1.767, 2.335, 1.872, 2.928, 3.677, 3.615, 3.13, 3.036, 3.227, 4.127, 5.678, 5.783, 5.301, 4.712, 4.45, 4.445, 4.767, 5.286, 5.16, 3.77, 3.412, 3.915, 3.829, 3.397, 2.882, 2.181, 2.204, 2.53, 2.489, 2.138, 2.314, 2.798, 4.31, 3.752, 3.129, 3.109, 2.921, 2.501, 2.11, 2.086, 2.208, 2.129, 2.534, 2.949, 4.297, 5.758, 5.659, 6.466, 7.299, 7.271, 6.788, 6.246, 7.425, 9.622, 10.172, 10.509, 10.52, 9.852, 9.652, 9.204, 8.759, 9.39], [1.133, 1.332, 1.865, 2.975, 3.009, 2.182, 1.535, 1.648, 1.753, 1.703, 1.948, 1.895, 1.199, 1.194, 1.407, 1.389, 0.0, 1.36, 1.245, 1.058, 1.174, 1.217, 1.439, 1.251, 1.46, 1.811, 1.923, 3.642, 4.621, 4.434, 4.264, 4.133, 4.341, 5.325, 6.901, 6.958, 6.371, 5.542, 5.4, 5.406, 5.825, 6.393, 6.244, 4.937, 4.496, 5.021, 4.924, 4.507, 3.97, 3.284, 3.227, 3.537, 3.497, 3.207, 3.317, 3.635, 5.449, 4.874, 4.282, 4.223, 3.949, 3.461, 2.934, 2.777, 2.583, 2.661, 3.29, 3.909, 5.408, 6.878, 6.804, 7.554, 8.383, 8.325, 7.806, 7.348, 8.572, 10.796, 11.358, 11.633, 11.665, 10.981, 10.851, 10.398, 9.987, 10.53], [1.68, 2.084, 2.958, 3.998, 4.012, 3.191, 2.257, 1.594, 1.494, 1.762, 1.878, 1.743, 1.142, 1.494, 2.001, 2.366, 1.36, 0.0, 0.548, 0.947, 1.063, 1.321, 1.581, 1.562, 1.446, 1.68, 2.179, 4.689, 5.651, 5.486, 5.335, 5.221, 5.422, 6.359, 7.931, 7.998, 7.466, 6.619, 6.417, 6.445, 6.852, 7.488, 7.341, 5.948, 5.577, 6.074, 5.966, 5.545, 5.019, 4.319, 4.234, 4.614, 4.577, 4.269, 4.362, 4.59, 6.47, 5.933, 5.27, 5.198, 5.029, 4.517, 3.962, 3.812, 3.527, 3.496, 4.24, 5.018, 6.489, 7.959, 7.885, 8.634, 9.462, 9.405, 8.929, 8.421, 9.577, 11.801, 12.394, 12.714, 12.746, 12.061, 11.856, 11.428, 10.992, 11.613], [1.626, 2.045, 2.763, 3.798, 3.787, 2.986, 2.09, 1.614, 1.559, 1.782, 2.011, 1.822, 1.183, 1.276, 1.823, 2.16, 1.245, 0.548, 0.0, 0.722, 1.007, 1.174, 1.391, 1.381, 1.276, 1.629, 2.086, 4.5, 5.452, 5.271, 5.122, 5.005, 5.203, 6.14, 7.706, 7.779, 7.251, 6.409, 6.201, 6.233, 6.643, 7.28, 7.139, 5.742, 5.366, 5.858, 5.749, 5.332, 4.8, 4.1, 4.015, 4.395, 4.358, 4.05, 4.143, 4.37, 6.248, 5.714, 5.018, 4.962, 4.81, 4.298, 3.755, 3.59, 3.308, 3.273, 4.017, 4.801, 6.27, 7.74, 7.666, 8.415, 9.243, 9.186, 8.674, 8.193, 9.319, 11.542, 12.175, 12.494, 12.527, 11.842, 11.629, 11.209, 10.765, 11.394], [1.372, 1.836, 2.482, 3.511, 3.524, 2.667, 1.881, 1.796, 1.73, 1.816, 2.071, 1.929, 1.203, 1.013, 1.543, 1.831, 1.058, 0.947, 0.722, 0.0, 0.744, 0.913, 1.208, 1.094, 1.106, 1.636, 1.8, 4.219, 5.149, 4.985, 4.816, 4.72, 4.931, 5.87, 7.423, 7.508, 6.965, 6.119, 5.916, 5.958, 6.353, 6.987, 6.838, 5.445, 5.086, 5.573, 5.476, 5.053, 4.529, 3.831, 3.743, 4.123, 4.086, 3.779, 3.871, 4.099, 5.938, 5.442, 4.747, 4.69, 4.539, 4.027, 3.423, 3.242, 2.947, 2.926, 3.711, 4.484, 5.998, 7.469, 7.395, 8.144, 8.971, 8.915, 8.397, 7.921, 9.05, 11.273, 11.903, 12.223, 12.255, 11.571, 11.357, 10.937, 10.493, 11.122], [1.259, 1.726, 2.333, 3.381, 3.396, 2.594, 1.938, 1.704, 1.513, 1.524, 1.895, 1.84, 1.23, 1.202, 1.557, 1.883, 1.174, 1.063, 1.007, 0.744, 0.0, 0.641, 1.016, 0.997, 1.004, 1.693, 1.89, 4.239, 5.212, 5.009, 4.742, 4.609, 4.837, 5.714, 7.253, 7.4, 6.954, 6.18, 5.924, 5.988, 6.245, 6.842, 6.742, 5.282, 4.95, 5.503, 5.437, 5.014, 4.523, 3.807, 3.732, 4.189, 4.078, 3.737, 3.86, 4.183, 5.949, 5.307, 4.606, 4.632, 4.523, 4.029, 3.576, 3.481, 3.176, 3.093, 3.779, 4.501, 5.961, 7.385, 7.265, 8.138, 8.979, 8.948, 8.485, 7.935, 9.14, 11.31, 11.794, 12.149, 12.124, 11.479, 11.284, 10.801, 10.364, 10.997], [1.276, 1.692, 2.159, 3.139, 3.187, 2.423, 2.047, 1.989, 1.734, 1.724, 1.984, 2.02, 1.369, 1.192, 1.417, 1.653, 1.217, 1.321, 1.174, 0.913, 0.641, 0.0, 0.793, 0.855, 0.936, 1.741, 1.938, 3.928, 4.933, 4.729, 4.471, 4.327, 4.555, 5.352, 6.851, 7.118, 6.673, 5.903, 5.647, 5.694, 5.962, 6.56, 6.467, 4.979, 4.66, 5.22, 5.155, 4.732, 4.241, 3.52, 3.448, 3.907, 3.796, 3.455, 3.578, 3.9, 5.694, 5.026, 4.307, 4.35, 4.241, 3.748, 3.323, 3.174, 2.909, 2.871, 3.526, 4.254, 5.679, 7.103, 6.984, 7.856, 8.697, 8.666, 8.221, 7.653, 8.858, 11.028, 11.512, 11.867, 11.844, 11.197, 11.002, 10.519, 10.082, 10.716], [1.471, 1.851, 2.157, 3.121, 3.156, 2.408, 2.3, 2.337, 2.199, 2.172, 2.443, 2.491, 1.686, 1.366, 1.443, 1.649, 1.439, 1.581, 1.391, 1.208, 1.016, 0.793, 0.0, 0.645, 0.751, 1.382, 1.766, 3.908, 4.941, 4.733, 4.468, 4.328, 4.552, 5.378, 6.931, 7.115, 6.673, 5.911, 5.65, 5.697, 5.966, 6.563, 6.47, 4.989, 4.667, 5.219, 5.152, 4.729, 4.238, 3.517, 3.453, 3.904, 3.793, 3.452, 3.575, 3.897, 5.669, 5.023, 4.307, 4.349, 4.238, 3.744, 3.318, 3.172, 2.948, 2.855, 3.5, 4.234, 5.676, 7.1, 6.981, 7.853, 8.694, 8.663, 8.2, 7.65, 8.857, 11.028, 11.509, 11.864, 11.841, 11.194, 10.999, 10.516, 10.079, 10.713], [1.249, 1.596, 1.939, 2.945, 2.939, 2.134, 2.124, 2.224, 2.118, 2.094, 2.433, 2.463, 1.718, 1.437, 1.303, 1.448, 1.251, 1.562, 1.381, 1.094, 0.997, 0.855, 0.645, 0.0, 0.678, 1.327, 1.44, 3.726, 4.771, 4.567, 4.302, 4.162, 4.353, 5.192, 6.745, 6.93, 6.507, 5.747, 5.484, 5.531, 5.802, 6.399, 6.307, 4.821, 4.503, 5.053, 4.973, 4.553, 4.054, 3.318, 3.246, 3.705, 3.595, 3.253, 3.376, 3.698, 5.464, 4.824, 4.11, 4.146, 4.039, 3.546, 3.093, 2.926, 2.69, 2.666, 3.314, 4.024, 5.477, 6.902, 6.782, 7.654, 8.495, 8.465, 8.001, 7.452, 8.654, 10.824, 11.311, 11.665, 11.642, 10.996, 10.801, 10.318, 9.88, 10.514], [1.431, 1.835, 2.238, 3.068, 3.083, 2.273, 2.062, 2.07, 2.007, 2.088, 2.497, 2.505, 1.676, 1.41, 1.392, 1.767, 1.46, 1.446, 1.276, 1.106, 1.004, 0.936, 0.751, 0.678, 0.0, 1.247, 1.46, 3.869, 4.929, 4.708, 4.443, 4.307, 4.518, 5.322, 6.888, 7.071, 6.666, 5.913, 5.648, 5.697, 5.984, 6.586, 6.51, 5.034, 4.679, 5.2, 5.127, 4.711, 4.195, 3.461, 3.392, 3.853, 3.742, 3.408, 3.519, 3.841, 5.66, 4.967, 4.259, 4.301, 4.182, 3.689, 3.289, 3.115, 2.865, 2.883, 3.531, 4.221, 5.62, 7.045, 6.925, 7.797, 8.638, 8.608, 8.187, 7.619, 8.809, 10.979, 11.454, 11.808, 11.785, 11.139, 10.946, 10.461, 10.026, 10.657], [2.129, 2.468, 2.979, 3.824, 3.789, 2.937, 2.503, 2.474, 2.482, 2.708, 3.096, 3.126, 2.184, 2.045, 2.096, 2.335, 1.811, 1.68, 1.629, 1.636, 1.693, 1.741, 1.382, 1.327, 1.247, 0.0, 1.676, 4.508, 5.573, 5.389, 5.172, 5.05, 5.227, 6.104, 7.67, 7.831, 7.37, 6.562, 6.337, 6.366, 6.716, 7.335, 7.22, 5.76, 5.403, 5.927, 5.834, 5.39, 4.879, 4.133, 4.082, 4.498, 4.431, 4.047, 4.171, 4.514, 6.267, 5.716, 5.004, 5.005, 4.861, 4.36, 3.877, 3.713, 3.462, 3.472, 4.135, 4.874, 6.308, 7.775, 7.676, 8.475, 9.307, 9.279, 8.775, 8.226, 9.434, 11.635, 12.19, 12.524, 12.534, 11.869, 11.668, 11.198, 10.768, 11.386], [2.277, 2.567, 2.449, 2.879, 2.936, 2.541, 2.763, 2.916, 2.969, 3.142, 3.514, 3.515, 2.515, 2.178, 1.899, 1.872, 1.923, 2.179, 2.086, 1.8, 1.89, 1.938, 1.766, 1.44, 1.46, 1.676, 0.0, 3.003, 4.079, 3.895, 3.678, 3.556, 3.731, 4.645, 6.231, 6.337, 5.869, 5.06, 4.835, 4.865, 5.215, 5.83, 5.716, 4.3, 3.902, 4.433, 4.335, 3.895, 3.385, 2.667, 2.648, 3.036, 2.976, 2.638, 2.779, 3.129, 4.762, 4.241, 3.594, 3.569, 3.391, 2.906, 2.425, 2.489, 2.362, 2.041, 2.686, 3.368, 4.832, 6.3, 6.2, 7.0, 7.832, 7.804, 7.262, 6.75, 8.01, 10.211, 10.714, 11.049, 11.059, 10.394, 10.222, 9.723, 9.323, 9.911], [3.633, 3.39, 2.981, 2.882, 2.926, 3.249, 4.087, 4.556, 4.788, 4.549, 4.41, 4.765, 4.327, 3.949, 3.229, 2.928, 3.642, 4.689, 4.5, 4.219, 4.239, 3.928, 3.908, 3.726, 3.869, 4.508, 3.003, 0.0, 1.519, 1.054, 1.065, 1.532, 1.466, 2.075, 3.428, 3.462, 2.895, 2.182, 1.917, 1.916, 2.413, 2.931, 2.767, 1.621, 1.374, 1.924, 2.137, 1.93, 1.445, 1.399, 1.526, 1.413, 1.633, 1.643, 1.537, 1.662, 2.661, 2.196, 1.827, 1.344, 1.266, 1.264, 1.923, 2.295, 2.453, 2.168, 1.632, 1.929, 2.171, 3.354, 3.284, 4.019, 4.917, 4.86, 4.519, 4.049, 5.113, 7.297, 7.842, 8.091, 8.123, 7.439, 7.334, 6.884, 6.471, 7.019], [4.569, 4.291, 3.826, 3.718, 3.76, 4.29, 5.228, 5.679, 5.845, 5.5, 5.343, 5.735, 5.285, 4.831, 4.049, 3.677, 4.621, 5.651, 5.452, 5.149, 5.212, 4.933, 4.941, 4.771, 4.929, 5.573, 4.079, 1.519, 0.0, 0.926, 1.342, 2.055, 2.032, 2.337, 2.665, 2.547, 1.902, 1.247, 1.007, 1.398, 1.968, 2.143, 2.086, 1.466, 1.54, 1.527, 1.606, 1.81, 1.729, 2.181, 2.397, 2.069, 2.291, 2.429, 2.283, 2.125, 2.861, 2.483, 2.32, 1.854, 1.787, 1.966, 2.428, 2.791, 2.996, 2.789, 2.229, 2.204, 2.583, 3.237, 2.947, 3.262, 3.978, 3.903, 3.645, 3.164, 4.19, 6.34, 6.927, 7.171, 7.21, 6.515, 6.414, 5.968, 5.55, 6.094], [4.303, 4.057, 3.556, 3.408, 3.517, 3.949, 4.84, 5.323, 5.548, 5.288, 5.161, 5.474, 5.084, 4.684, 3.918, 3.615, 4.434, 5.486, 5.271, 4.985, 5.009, 4.729, 4.733, 4.567, 4.708, 5.389, 3.895, 1.054, 0.926, 0.0, 1.058, 1.76, 1.676, 2.007, 2.676, 2.682, 2.038, 1.425, 1.178, 1.151, 1.619, 2.136, 2.026, 1.129, 1.097, 1.155, 1.531, 1.59, 1.454, 1.884, 2.007, 1.832, 2.084, 2.241, 1.989, 2.001, 2.914, 2.43, 2.152, 1.715, 1.556, 1.748, 2.402, 2.765, 2.901, 2.62, 2.036, 2.102, 2.292, 2.986, 2.715, 3.31, 4.165, 4.075, 3.748, 3.287, 4.37, 6.5, 7.049, 7.287, 7.326, 6.631, 6.53, 6.084, 5.666, 6.254], [3.934, 3.617, 2.872, 2.672, 2.69, 3.063, 4.09, 4.728, 5.091, 4.747, 4.711, 5.207, 4.907, 4.465, 3.578, 3.13, 4.264, 5.335, 5.122, 4.816, 4.742, 4.471, 4.468, 4.302, 4.443, 5.172, 3.678, 1.065, 1.342, 1.058, 0.0, 0.955, 1.041, 1.421, 2.761, 2.787, 2.33, 2.058, 1.774, 1.646, 1.914, 2.303, 2.193, 1.169, 0.976, 1.395, 1.66, 1.522, 1.046, 1.392, 1.483, 1.297, 1.534, 1.82, 1.81, 1.984, 2.614, 2.031, 1.898, 1.377, 1.176, 1.397, 2.157, 2.516, 2.817, 2.563, 1.954, 1.839, 1.879, 2.747, 2.69, 3.564, 4.507, 4.405, 4.148, 3.664, 4.736, 6.776, 7.243, 7.442, 7.448, 6.779, 6.68, 6.24, 5.812, 6.39], [3.813, 3.494, 2.731, 2.41, 2.588, 2.608, 3.673, 4.484, 4.837, 4.63, 4.73, 5.011, 4.746, 4.377, 3.493, 3.036, 4.133, 5.221, 5.005, 4.72, 4.609, 4.327, 4.328, 4.162, 4.307, 5.05, 3.556, 1.532, 2.055, 1.76, 0.955, 0.0, 0.726, 1.357, 2.82, 2.869, 2.739, 2.692, 2.414, 2.067, 2.225, 2.651, 2.589, 1.816, 1.411, 1.822, 1.753, 1.494, 1.079, 1.351, 1.505, 1.355, 1.5, 1.695, 1.86, 2.3, 2.949, 2.359, 2.254, 1.732, 1.483, 1.477, 2.124, 2.394, 2.677, 2.404, 1.984, 2.16, 2.061, 2.891, 2.835, 3.797, 4.857, 4.756, 4.552, 4.179, 5.062, 6.976, 7.409, 7.592, 7.54, 6.919, 6.828, 6.365, 5.957, 6.644], [4.046, 3.645, 2.842, 2.485, 2.66, 2.816, 3.831, 4.694, 5.081, 4.793, 4.871, 5.202, 4.968, 4.588, 3.691, 3.227, 4.341, 5.422, 5.203, 4.931, 4.837, 4.555, 4.552, 4.353, 4.518, 5.227, 3.731, 1.466, 2.032, 1.676, 1.041, 0.726, 0.0, 1.203, 2.622, 2.702, 2.553, 2.529, 2.28, 1.93, 2.172, 2.478, 2.367, 1.676, 1.452, 1.695, 1.812, 1.604, 1.206, 1.472, 1.591, 1.397, 1.554, 1.792, 1.711, 2.113, 2.685, 2.099, 1.999, 1.633, 1.406, 1.486, 2.135, 2.431, 2.888, 2.57, 2.168, 2.192, 2.009, 2.698, 2.676, 3.605, 4.619, 4.574, 4.369, 3.999, 4.858, 6.763, 7.227, 7.386, 7.333, 6.724, 6.638, 6.14, 5.771, 6.459], [4.957, 4.551, 3.641, 2.693, 2.814, 3.486, 4.69, 5.54, 5.851, 5.64, 5.698, 6.096, 5.851, 5.499, 4.621, 4.127, 5.325, 6.359, 6.14, 5.87, 5.714, 5.352, 5.378, 5.192, 5.322, 6.104, 4.645, 2.075, 2.337, 2.007, 1.421, 1.357, 1.203, 0.0, 1.786, 2.371, 2.447, 2.658, 2.421, 2.048, 2.313, 2.479, 2.255, 1.721, 1.671, 1.901, 2.125, 1.93, 1.793, 2.167, 2.21, 2.058, 2.17, 2.567, 2.552, 2.663, 2.832, 2.424, 2.306, 1.912, 1.811, 2.152, 2.793, 3.179, 3.669, 3.379, 2.748, 2.335, 1.906, 2.111, 2.087, 3.102, 4.267, 4.288, 4.035, 3.753, 4.439, 6.137, 6.637, 6.701, 6.509, 6.001, 5.957, 5.565, 5.239, 6.054], [6.492, 6.087, 5.128, 4.302, 4.273, 5.033, 6.26, 7.089, 7.38, 7.142, 7.15, 7.607, 7.379, 7.04, 6.141, 5.678, 6.901, 7.931, 7.706, 7.423, 7.253, 6.851, 6.931, 6.745, 6.888, 7.67, 6.231, 3.428, 2.665, 2.676, 2.761, 2.82, 2.622, 1.786, 0.0, 1.216, 1.844, 2.292, 2.189, 1.862, 1.785, 1.657, 1.374, 2.131, 2.462, 2.124, 2.255, 2.488, 2.96, 3.654, 3.732, 3.428, 3.574, 3.91, 3.811, 3.575, 3.409, 2.971, 3.111, 2.962, 3.186, 3.626, 4.257, 4.666, 5.094, 4.782, 4.027, 3.306, 2.227, 2.051, 1.939, 2.437, 3.059, 3.056, 3.017, 2.813, 3.195, 4.858, 5.367, 5.4, 5.178, 4.772, 4.717, 4.262, 3.966, 4.796], [6.581, 6.169, 5.289, 4.784, 4.789, 5.255, 6.394, 7.242, 7.59, 7.309, 7.276, 7.715, 7.525, 7.15, 6.249, 5.783, 6.958, 7.998, 7.779, 7.508, 7.4, 7.118, 7.115, 6.93, 7.071, 7.831, 6.337, 3.462, 2.547, 2.682, 2.787, 2.869, 2.702, 2.371, 1.216, 0.0, 1.09, 1.727, 1.793, 1.693, 1.53, 1.209, 1.275, 2.22, 2.553, 2.032, 2.078, 2.535, 3.001, 3.722, 3.796, 3.474, 3.561, 3.922, 3.795, 3.593, 3.379, 2.759, 3.111, 3.082, 3.231, 3.676, 4.321, 4.698, 5.07, 4.772, 3.993, 3.321, 2.353, 2.318, 2.101, 2.206, 2.663, 2.553, 2.808, 2.547, 2.821, 4.354, 4.821, 4.866, 4.792, 4.261, 4.248, 3.732, 3.388, 4.214], [6.126, 5.658, 4.879, 4.306, 4.406, 5.025, 6.081, 6.816, 7.242, 6.897, 6.829, 7.247, 7.004, 6.616, 5.762, 5.301, 6.371, 7.466, 7.251, 6.965, 6.954, 6.673, 6.673, 6.507, 6.666, 7.37, 5.869, 2.895, 1.902, 2.038, 2.33, 2.739, 2.553, 2.447, 1.844, 1.09, 0.0, 1.064, 1.251, 1.381, 1.466, 1.219, 1.297, 1.961, 2.215, 1.775, 1.832, 2.175, 2.596, 3.255, 3.313, 2.943, 3.068, 3.419, 3.306, 3.217, 2.975, 2.558, 2.916, 2.747, 2.701, 3.15, 3.74, 4.059, 4.427, 4.116, 3.372, 2.732, 2.206, 2.341, 2.098, 2.084, 2.626, 2.519, 2.674, 2.388, 2.904, 4.572, 5.097, 5.311, 5.351, 4.654, 4.575, 4.122, 3.708, 4.332], [5.536, 5.171, 4.571, 4.346, 4.403, 5.023, 6.004, 6.562, 6.767, 6.442, 6.264, 6.616, 6.259, 5.834, 5.069, 4.712, 5.542, 6.619, 6.409, 6.119, 6.18, 5.903, 5.911, 5.747, 5.913, 6.562, 5.06, 2.182, 1.247, 1.425, 2.058, 2.692, 2.529, 2.658, 2.292, 1.727, 1.064, 0.0, 0.694, 1.279, 1.558, 1.555, 1.6, 1.687, 1.947, 1.735, 1.816, 2.206, 2.443, 2.91, 3.02, 2.628, 2.764, 2.983, 2.771, 2.432, 2.698, 2.196, 2.43, 2.219, 2.259, 2.553, 3.074, 3.397, 3.622, 3.289, 2.611, 2.485, 2.447, 2.691, 2.354, 2.57, 3.193, 3.084, 3.041, 2.613, 3.272, 5.352, 5.925, 6.169, 6.208, 5.513, 5.413, 4.966, 4.548, 5.144], [5.147, 4.833, 4.246, 4.105, 4.14, 4.727, 5.654, 6.142, 6.351, 6.086, 5.982, 6.31, 5.968, 5.555, 4.762, 4.45, 5.4, 6.417, 6.201, 5.916, 5.924, 5.647, 5.65, 5.484, 5.648, 6.337, 4.835, 1.917, 1.007, 1.178, 1.774, 2.414, 2.28, 2.421, 2.189, 1.793, 1.251, 0.694, 0.0, 1.017, 1.412, 1.551, 1.525, 1.422, 1.642, 1.497, 1.614, 1.991, 2.219, 2.637, 2.709, 2.357, 2.598, 2.764, 2.537, 2.235, 2.768, 2.158, 2.223, 2.017, 2.039, 2.399, 3.036, 3.421, 3.549, 3.209, 2.559, 2.433, 2.262, 2.71, 2.429, 2.719, 3.383, 3.2, 3.221, 2.836, 3.537, 5.573, 6.143, 6.387, 6.426, 5.731, 5.63, 5.184, 4.766, 5.335], [5.202, 4.82, 4.174, 3.962, 4.027, 4.407, 5.267, 5.98, 6.287, 6.06, 6.009, 6.328, 5.993, 5.62, 4.814, 4.445, 5.406, 6.445, 6.233, 5.958, 5.988, 5.694, 5.697, 5.531, 5.697, 6.366, 4.865, 1.916, 1.398, 1.151, 1.646, 2.067, 1.93, 2.048, 1.862, 1.693, 1.381, 1.279, 1.017, 0.0, 0.83, 1.231, 1.218, 1.243, 1.344, 1.06, 1.411, 1.725, 2.018, 2.532, 2.566, 2.258, 2.512, 2.747, 2.57, 2.512, 3.037, 2.496, 2.518, 2.142, 2.084, 2.455, 3.127, 3.497, 3.639, 3.289, 2.635, 2.393, 2.234, 2.551, 2.312, 2.735, 3.497, 3.34, 3.207, 2.86, 3.63, 5.591, 6.165, 6.305, 6.338, 5.657, 5.663, 5.138, 4.731, 5.462], [5.484, 5.2, 4.45, 4.275, 4.359, 4.62, 5.592, 6.259, 6.548, 6.336, 6.341, 6.714, 6.385, 6.014, 5.129, 4.767, 5.825, 6.852, 6.643, 6.353, 6.245, 5.962, 5.966, 5.802, 5.984, 6.716, 5.215, 2.413, 1.968, 1.619, 1.914, 2.225, 2.172, 2.313, 1.785, 1.53, 1.466, 1.558, 1.412, 0.83, 0.0, 0.834, 1.156, 1.476, 1.667, 1.248, 1.459, 1.937, 2.393, 2.876, 2.884, 2.646, 2.933, 3.148, 2.992, 3.156, 3.31, 2.628, 2.967, 2.631, 2.588, 2.98, 3.711, 4.019, 4.064, 3.69, 3.025, 2.855, 2.486, 2.572, 2.405, 2.908, 3.413, 3.177, 3.154, 2.842, 3.467, 5.415, 5.854, 5.999, 5.942, 5.313, 5.272, 4.818, 4.365, 5.084], [6.1, 5.709, 4.751, 4.432, 4.468, 4.932, 6.023, 6.758, 7.095, 6.779, 6.838, 7.253, 7.02, 6.652, 5.75, 5.286, 6.393, 7.488, 7.28, 6.987, 6.842, 6.56, 6.563, 6.399, 6.586, 7.335, 5.83, 2.931, 2.143, 2.136, 2.303, 2.651, 2.478, 2.479, 1.657, 1.209, 1.219, 1.555, 1.551, 1.231, 0.834, 0.0, 0.894, 1.697, 2.07, 1.614, 1.812, 2.258, 2.711, 3.299, 3.365, 3.049, 3.307, 3.59, 3.467, 3.484, 3.299, 2.568, 3.161, 2.954, 2.941, 3.353, 4.045, 4.409, 4.677, 4.314, 3.638, 3.172, 2.61, 2.518, 2.239, 2.454, 2.884, 2.638, 2.75, 2.467, 2.984, 4.829, 5.257, 5.45, 5.301, 4.76, 4.664, 4.23, 3.764, 4.448], [5.977, 5.537, 4.614, 4.155, 4.133, 4.74, 5.877, 6.62, 7.027, 6.691, 6.708, 7.125, 6.899, 6.529, 5.643, 5.16, 6.244, 7.341, 7.139, 6.838, 6.742, 6.467, 6.47, 6.307, 6.51, 7.22, 5.716, 2.767, 2.086, 2.026, 2.193, 2.589, 2.367, 2.255, 1.374, 1.275, 1.297, 1.6, 1.525, 1.218, 1.156, 0.894, 0.0, 1.607, 1.877, 1.553, 1.901, 2.199, 2.537, 3.162, 3.263, 2.93, 3.183, 3.557, 3.417, 3.11, 2.717, 2.192, 2.684, 2.602, 2.678, 3.149, 3.769, 4.211, 4.636, 4.269, 3.588, 2.928, 1.957, 1.904, 1.708, 2.076, 2.705, 2.563, 2.441, 2.124, 2.871, 4.843, 5.287, 5.464, 5.424, 4.773, 4.713, 4.262, 3.83, 4.49], [4.606, 4.338, 3.505, 3.235, 3.211, 3.857, 5.072, 5.591, 5.732, 5.363, 5.385, 5.824, 5.494, 5.102, 4.239, 3.77, 4.937, 5.948, 5.742, 5.445, 5.282, 4.979, 4.989, 4.821, 5.034, 5.76, 4.3, 1.621, 1.466, 1.129, 1.169, 1.816, 1.676, 1.721, 2.131, 2.22, 1.961, 1.687, 1.422, 1.243, 1.476, 1.697, 1.607, 0.0, 1.013, 1.178, 1.716, 1.845, 1.688, 2.143, 2.188, 2.045, 2.308, 2.468, 2.311, 2.16, 2.597, 1.949, 1.817, 1.654, 1.732, 2.101, 2.818, 3.222, 3.48, 3.154, 2.517, 2.258, 2.134, 2.538, 2.389, 3.194, 4.049, 3.972, 3.699, 3.163, 4.21, 6.264, 6.739, 7.026, 6.892, 6.337, 6.082, 5.69, 5.215, 5.853], [4.2, 3.848, 3.097, 2.962, 2.971, 3.505, 4.602, 5.101, 5.286, 4.993, 5.068, 5.437, 5.109, 4.719, 3.863, 3.412, 4.496, 5.577, 5.366, 5.086, 4.95, 4.66, 4.667, 4.503, 4.679, 5.403, 3.902, 1.374, 1.54, 1.097, 0.976, 1.411, 1.452, 1.671, 2.462, 2.553, 2.215, 1.947, 1.642, 1.344, 1.667, 2.07, 1.877, 1.013, 0.0, 0.966, 1.252, 1.362, 1.157, 1.595, 1.74, 1.724, 1.897, 2.018, 1.955, 2.142, 2.8, 2.162, 2.013, 1.471, 1.269, 1.507, 2.247, 2.666, 2.967, 2.625, 1.983, 1.788, 1.913, 2.901, 2.724, 3.42, 4.188, 4.078, 3.827, 3.355, 4.422, 6.52, 6.952, 7.222, 7.211, 6.557, 6.42, 5.935, 5.527, 6.08], [4.688, 4.357, 3.799, 3.519, 3.691, 4.025, 5.115, 5.612, 5.876, 5.549, 5.616, 5.952, 5.625, 5.249, 4.388, 3.915, 5.021, 6.074, 5.858, 5.573, 5.503, 5.22, 5.219, 5.053, 5.2, 5.927, 4.433, 1.924, 1.527, 1.155, 1.395, 1.822, 1.695, 1.901, 2.124, 2.032, 1.775, 1.735, 1.497, 1.06, 1.248, 1.614, 1.553, 1.178, 0.966, 0.0, 0.813, 1.253, 1.51, 1.947, 2.11, 2.096, 2.274, 2.547, 2.365, 2.475, 2.908, 2.363, 2.243, 1.876, 1.732, 2.082, 2.784, 3.082, 3.377, 3.051, 2.431, 2.173, 2.202, 2.796, 2.518, 3.099, 3.59, 3.476, 3.204, 2.801, 3.764, 5.863, 6.337, 6.653, 6.685, 6.001, 5.833, 5.379, 4.966, 5.552], [4.637, 4.292, 3.72, 3.454, 3.684, 3.937, 4.947, 5.447, 5.773, 5.512, 5.521, 5.853, 5.553, 5.195, 4.319, 3.829, 4.924, 5.966, 5.749, 5.476, 5.437, 5.155, 5.152, 4.973, 5.127, 5.834, 4.335, 2.137, 1.606, 1.531, 1.66, 1.753, 1.812, 2.125, 2.255, 2.078, 1.832, 1.816, 1.614, 1.411, 1.459, 1.812, 1.901, 1.716, 1.252, 0.813, 0.0, 0.989, 1.37, 1.83, 1.981, 2.207, 2.368, 2.498, 2.527, 2.926, 3.411, 2.821, 2.768, 2.265, 2.029, 2.126, 2.746, 3.021, 3.301, 2.899, 2.414, 2.356, 2.494, 3.243, 2.942, 3.354, 3.738, 3.581, 3.583, 3.299, 3.818, 5.938, 6.434, 6.747, 6.779, 6.095, 5.926, 5.476, 5.063, 5.647], [4.27, 3.91, 3.18, 2.782, 3.055, 3.229, 4.39, 4.947, 5.326, 4.999, 5.13, 5.441, 5.112, 4.735, 3.917, 3.397, 4.507, 5.545, 5.332, 5.053, 5.014, 4.732, 4.729, 4.553, 4.711, 5.39, 3.895, 1.93, 1.81, 1.59, 1.522, 1.494, 1.604, 1.93, 2.488, 2.535, 2.175, 2.206, 1.991, 1.725, 1.937, 2.258, 2.199, 1.845, 1.362, 1.253, 0.989, 0.0, 0.839, 1.419, 1.797, 2.054, 2.24, 2.332, 2.397, 2.91, 3.266, 2.931, 2.724, 2.234, 1.953, 1.974, 2.485, 2.71, 3.074, 2.638, 2.355, 2.411, 2.399, 3.286, 2.938, 3.495, 4.059, 3.993, 3.806, 3.46, 4.201, 6.347, 6.851, 7.174, 7.202, 6.519, 6.358, 5.894, 5.49, 6.101], [3.787, 3.33, 2.703, 2.42, 2.669, 2.799, 3.89, 4.459, 4.803, 4.546, 4.572, 4.912, 4.603, 4.206, 3.37, 2.882, 3.97, 5.019, 4.8, 4.529, 4.523, 4.241, 4.238, 4.054, 4.195, 4.879, 3.385, 1.445, 1.729, 1.454, 1.046, 1.079, 1.206, 1.793, 2.96, 3.001, 2.596, 2.443, 2.219, 2.018, 2.393, 2.711, 2.537, 1.688, 1.157, 1.51, 1.37, 0.839, 0.0, 0.901, 1.255, 1.445, 1.653, 1.823, 1.903, 2.376, 2.879, 2.503, 2.277, 1.785, 1.471, 1.422, 1.922, 2.202, 2.574, 2.213, 1.843, 1.92, 2.03, 3.174, 3.0, 3.64, 4.495, 4.481, 4.128, 3.75, 4.685, 6.86, 7.388, 7.694, 7.726, 7.042, 6.88, 6.43, 6.018, 6.622], [3.067, 2.866, 2.323, 2.117, 2.377, 2.431, 3.381, 3.846, 4.143, 3.901, 4.015, 4.249, 3.919, 3.578, 2.734, 2.181, 3.284, 4.319, 4.1, 3.831, 3.807, 3.52, 3.517, 3.318, 3.461, 4.133, 2.667, 1.399, 2.181, 1.884, 1.392, 1.351, 1.472, 2.167, 3.654, 3.722, 3.255, 2.91, 2.637, 2.532, 2.876, 3.299, 3.162, 2.143, 1.595, 1.947, 1.83, 1.419, 0.901, 0.0, 0.77, 1.17, 1.42, 1.433, 1.574, 2.105, 2.924, 2.416, 2.022, 1.604, 1.304, 1.06, 1.506, 1.754, 2.064, 1.623, 1.483, 1.606, 2.228, 3.657, 3.566, 4.342, 5.199, 5.194, 4.857, 4.427, 5.394, 7.561, 8.075, 8.394, 8.426, 7.742, 7.572, 7.116, 6.703, 7.315], [3.009, 2.879, 2.302, 2.04, 2.282, 2.415, 3.185, 3.743, 4.106, 3.884, 3.929, 4.186, 3.881, 3.523, 2.689, 2.204, 3.227, 4.234, 4.015, 3.743, 3.732, 3.448, 3.453, 3.246, 3.392, 4.082, 2.648, 1.526, 2.397, 2.007, 1.483, 1.505, 1.591, 2.21, 3.732, 3.796, 3.313, 3.02, 2.709, 2.566, 2.884, 3.365, 3.263, 2.188, 1.74, 2.11, 1.981, 1.797, 1.255, 0.77, 0.0, 1.17, 1.441, 1.574, 1.713, 2.219, 3.091, 2.511, 2.132, 1.671, 1.411, 1.197, 1.571, 1.789, 1.895, 1.567, 1.323, 1.509, 2.378, 3.73, 3.651, 4.453, 5.359, 5.285, 5.025, 4.606, 5.535, 7.623, 8.165, 8.479, 8.511, 7.827, 7.641, 7.194, 6.777, 7.409], [3.411, 2.968, 2.37, 2.148, 2.322, 2.59, 3.517, 4.076, 4.483, 4.223, 4.118, 4.449, 4.168, 3.8, 2.971, 2.53, 3.537, 4.614, 4.395, 4.123, 4.189, 3.907, 3.904, 3.705, 3.853, 4.498, 3.036, 1.413, 2.069, 1.832, 1.297, 1.355, 1.397, 2.058, 3.428, 3.474, 2.943, 2.628, 2.357, 2.258, 2.646, 3.049, 2.93, 2.045, 1.724, 2.096, 2.207, 2.054, 1.445, 1.17, 1.17, 0.0, 0.718, 1.052, 1.235, 1.382, 2.535, 1.864, 1.478, 1.348, 1.099, 0.977, 1.425, 1.726, 2.149, 2.004, 1.685, 1.442, 1.941, 3.371, 3.283, 4.027, 4.964, 4.875, 4.601, 4.24, 5.118, 7.279, 7.842, 8.1, 8.132, 7.448, 7.334, 6.884, 6.471, 7.055], [3.327, 2.858, 2.19, 1.988, 2.173, 2.554, 3.527, 4.05, 4.39, 4.168, 4.059, 4.444, 4.117, 3.741, 2.896, 2.489, 3.497, 4.577, 4.358, 4.086, 4.078, 3.796, 3.793, 3.595, 3.742, 4.431, 2.976, 1.633, 2.291, 2.084, 1.534, 1.5, 1.554, 2.17, 3.574, 3.561, 3.068, 2.764, 2.598, 2.512, 2.933, 3.307, 3.183, 2.308, 1.897, 2.274, 2.368, 2.24, 1.653, 1.42, 1.441, 0.718, 0.0, 0.697, 0.94, 1.264, 2.552, 1.838, 1.43, 1.331, 1.071, 1.022, 1.296, 1.628, 2.191, 2.102, 1.714, 1.384, 1.971, 3.459, 3.36, 4.085, 4.997, 4.928, 4.587, 4.235, 5.231, 7.354, 7.892, 8.137, 8.169, 7.485, 7.385, 6.935, 6.522, 7.083], [3.033, 2.734, 2.089, 2.051, 2.189, 2.542, 3.497, 3.904, 4.104, 3.861, 3.797, 4.186, 3.828, 3.422, 2.55, 2.138, 3.207, 4.269, 4.05, 3.779, 3.737, 3.455, 3.452, 3.253, 3.408, 4.047, 2.638, 1.643, 2.429, 2.241, 1.82, 1.695, 1.792, 2.567, 3.91, 3.922, 3.419, 2.983, 2.764, 2.747, 3.148, 3.59, 3.557, 2.468, 2.018, 2.547, 2.498, 2.332, 1.823, 1.433, 1.574, 1.052, 0.697, 0.0, 0.595, 1.242, 2.689, 1.971, 1.56, 1.492, 1.309, 1.116, 1.316, 1.667, 2.033, 1.921, 1.626, 1.609, 2.354, 3.833, 3.7, 4.431, 5.289, 5.242, 4.819, 4.351, 5.516, 7.715, 8.209, 8.477, 8.487, 7.822, 7.726, 7.233, 6.826, 7.349], [3.102, 2.892, 2.285, 2.283, 2.425, 2.812, 3.73, 4.125, 4.317, 4.007, 3.945, 4.308, 3.947, 3.523, 2.667, 2.314, 3.317, 4.362, 4.143, 3.871, 3.86, 3.578, 3.575, 3.376, 3.519, 4.171, 2.779, 1.537, 2.283, 1.989, 1.81, 1.86, 1.711, 2.552, 3.811, 3.795, 3.306, 2.771, 2.537, 2.57, 2.992, 3.467, 3.417, 2.311, 1.955, 2.365, 2.527, 2.397, 1.903, 1.574, 1.713, 1.235, 0.94, 0.595, 0.0, 0.979, 2.454, 1.79, 1.347, 1.269, 1.149, 1.159, 1.286, 1.656, 2.07, 1.997, 1.737, 1.688, 2.38, 3.683, 3.571, 4.304, 5.16, 5.108, 4.692, 4.19, 5.39, 7.578, 8.086, 8.353, 8.384, 7.7, 7.589, 7.129, 6.715, 7.251], [3.552, 3.269, 2.74, 2.774, 2.735, 3.305, 4.291, 4.67, 4.846, 4.506, 4.311, 4.684, 4.292, 3.808, 3.056, 2.798, 3.635, 4.59, 4.37, 4.099, 4.183, 3.9, 3.897, 3.698, 3.841, 4.514, 3.129, 1.662, 2.125, 2.001, 1.984, 2.3, 2.113, 2.663, 3.575, 3.593, 3.217, 2.432, 2.235, 2.512, 3.156, 3.484, 3.11, 2.16, 2.142, 2.475, 2.926, 2.91, 2.376, 2.105, 2.219, 1.382, 1.264, 1.242, 0.979, 0.0, 2.072, 1.429, 0.952, 1.13, 1.232, 1.284, 1.419, 1.863, 2.451, 2.367, 2.081, 1.839, 2.252, 3.443, 3.311, 4.045, 4.882, 4.816, 4.441, 3.907, 5.06, 7.277, 7.839, 8.124, 8.156, 7.472, 7.332, 6.882, 6.468, 7.023], [5.338, 5.049, 4.32, 3.803, 3.857, 4.7, 5.877, 6.308, 6.567, 6.146, 6.01, 6.5, 6.106, 5.634, 4.783, 4.31, 5.449, 6.47, 6.248, 5.938, 5.949, 5.694, 5.669, 5.464, 5.66, 6.267, 4.762, 2.661, 2.861, 2.914, 2.614, 2.949, 2.685, 2.832, 3.409, 3.379, 2.975, 2.698, 2.768, 3.037, 3.31, 3.299, 2.717, 2.597, 2.8, 2.908, 3.411, 3.266, 2.879, 2.924, 3.091, 2.535, 2.552, 2.689, 2.454, 2.072, 0.0, 1.225, 1.609, 1.752, 1.976, 2.324, 2.655, 3.074, 3.704, 3.476, 2.983, 2.444, 1.952, 2.337, 1.957, 2.321, 3.071, 3.043, 2.541, 2.015, 3.254, 5.456, 5.981, 6.288, 6.317, 5.655, 5.504, 5.038, 4.6, 5.209], [4.556, 4.218, 3.367, 3.145, 3.169, 3.891, 5.052, 5.461, 5.709, 5.349, 5.376, 5.798, 5.496, 5.087, 4.186, 3.752, 4.874, 5.933, 5.714, 5.442, 5.307, 5.026, 5.023, 4.824, 4.967, 5.716, 4.241, 2.196, 2.483, 2.43, 2.031, 2.359, 2.099, 2.424, 2.971, 2.759, 2.558, 2.196, 2.158, 2.496, 2.628, 2.568, 2.192, 1.949, 2.162, 2.363, 2.821, 2.931, 2.503, 2.416, 2.511, 1.864, 1.838, 1.971, 1.79, 1.429, 1.225, 0.0, 0.9, 1.281, 1.394, 1.749, 2.27, 2.734, 3.346, 3.135, 2.636, 2.055, 1.823, 2.472, 2.118, 2.937, 3.756, 3.678, 3.335, 2.825, 3.98, 6.114, 6.546, 6.841, 6.818, 6.194, 6.075, 5.584, 5.138, 5.718], [4.006, 3.738, 2.961, 2.616, 2.619, 3.417, 4.639, 5.057, 5.156, 4.749, 4.723, 5.188, 4.874, 4.399, 3.536, 3.129, 4.282, 5.27, 5.018, 4.747, 4.606, 4.307, 4.307, 4.11, 4.259, 5.004, 3.594, 1.827, 2.32, 2.152, 1.898, 2.254, 1.999, 2.306, 3.111, 3.111, 2.916, 2.43, 2.223, 2.518, 2.967, 3.161, 2.684, 1.817, 2.013, 2.243, 2.768, 2.724, 2.277, 2.022, 2.132, 1.478, 1.43, 1.56, 1.347, 0.952, 1.609, 0.9, 0.0, 0.951, 1.113, 1.276, 1.672, 2.154, 2.826, 2.698, 2.311, 1.718, 1.843, 2.97, 2.795, 3.625, 4.427, 4.376, 4.029, 3.473, 4.568, 6.721, 7.231, 7.576, 7.553, 6.922, 6.746, 6.258, 5.801, 6.44], [3.926, 3.696, 3.015, 2.747, 2.76, 3.489, 4.632, 5.041, 5.254, 4.829, 4.748, 5.18, 4.828, 4.352, 3.51, 3.109, 4.223, 5.198, 4.962, 4.69, 4.632, 4.35, 4.349, 4.146, 4.301, 5.005, 3.569, 1.344, 1.854, 1.715, 1.377, 1.732, 1.633, 1.912, 2.962, 3.082, 2.747, 2.219, 2.017, 2.142, 2.631, 2.954, 2.602, 1.654, 1.471, 1.876, 2.265, 2.234, 1.785, 1.604, 1.671, 1.348, 1.331, 1.492, 1.269, 1.13, 1.752, 1.281, 0.951, 0.0, 0.6, 0.933, 1.505, 1.972, 2.39, 2.239, 1.683, 1.312, 1.642, 2.917, 2.783, 3.587, 4.438, 4.364, 4.001, 3.44, 4.594, 6.725, 7.245, 7.539, 7.565, 6.884, 6.685, 6.278, 5.817, 6.432], [3.723, 3.391, 2.72, 2.538, 2.619, 3.248, 4.245, 4.694, 4.975, 4.581, 4.571, 4.941, 4.622, 4.19, 3.353, 2.921, 3.949, 5.029, 4.81, 4.539, 4.523, 4.241, 4.238, 4.039, 4.182, 4.861, 3.391, 1.266, 1.787, 1.556, 1.176, 1.483, 1.406, 1.811, 3.186, 3.231, 2.701, 2.259, 2.039, 2.084, 2.588, 2.941, 2.678, 1.732, 1.269, 1.732, 2.029, 1.953, 1.471, 1.304, 1.411, 1.099, 1.071, 1.309, 1.149, 1.232, 1.976, 1.394, 1.113, 0.6, 0.0, 0.639, 1.265, 1.715, 2.183, 1.992, 1.552, 1.146, 1.69, 3.054, 2.951, 3.669, 4.543, 4.448, 4.084, 3.555, 4.79, 6.922, 7.441, 7.684, 7.716, 7.039, 6.955, 6.496, 6.07, 6.598], [3.302, 2.959, 2.373, 2.202, 2.297, 2.87, 3.84, 4.3, 4.547, 4.186, 4.117, 4.506, 4.157, 3.718, 2.889, 2.501, 3.461, 4.517, 4.298, 4.027, 4.029, 3.748, 3.744, 3.546, 3.689, 4.36, 2.906, 1.264, 1.966, 1.748, 1.397, 1.477, 1.486, 2.152, 3.626, 3.676, 3.15, 2.553, 2.399, 2.455, 2.98, 3.353, 3.149, 2.101, 1.507, 2.082, 2.126, 1.974, 1.422, 1.06, 1.197, 0.977, 1.022, 1.116, 1.159, 1.284, 2.324, 1.749, 1.276, 0.933, 0.639, 0.0, 0.871, 1.304, 1.844, 1.667, 1.269, 1.152, 2.071, 3.541, 3.433, 4.134, 5.006, 4.933, 4.578, 4.07, 5.253, 7.399, 7.94, 8.196, 8.228, 7.544, 7.447, 6.988, 6.57, 7.099], [3.09, 2.747, 2.17, 2.057, 2.151, 2.721, 3.721, 4.178, 4.366, 3.995, 3.857, 4.194, 3.669, 3.154, 2.491, 2.11, 2.934, 3.962, 3.755, 3.423, 3.576, 3.323, 3.318, 3.093, 3.289, 3.877, 2.425, 1.923, 2.428, 2.402, 2.157, 2.124, 2.135, 2.793, 4.257, 4.321, 3.74, 3.074, 3.036, 3.127, 3.711, 4.045, 3.769, 2.818, 2.247, 2.784, 2.746, 2.485, 1.922, 1.506, 1.571, 1.425, 1.296, 1.316, 1.286, 1.419, 2.655, 2.27, 1.672, 1.505, 1.265, 0.871, 0.0, 0.797, 1.492, 1.405, 1.337, 1.245, 2.667, 4.138, 4.045, 4.76, 5.608, 5.531, 5.008, 4.522, 5.797, 8.02, 8.583, 8.823, 8.855, 8.171, 8.075, 7.625, 7.212, 7.741], [3.057, 2.753, 2.2, 2.132, 2.254, 2.685, 3.68, 4.15, 4.342, 3.964, 3.836, 4.176, 3.611, 3.069, 2.482, 2.086, 2.777, 3.812, 3.59, 3.242, 3.481, 3.174, 3.172, 2.926, 3.115, 3.713, 2.489, 2.295, 2.791, 2.765, 2.516, 2.394, 2.431, 3.179, 4.666, 4.698, 4.059, 3.397, 3.421, 3.497, 4.019, 4.409, 4.211, 3.222, 2.666, 3.082, 3.021, 2.71, 2.202, 1.754, 1.789, 1.726, 1.628, 1.667, 1.656, 1.863, 3.074, 2.734, 2.154, 1.972, 1.715, 1.304, 0.797, 0.0, 1.093, 1.366, 1.48, 1.584, 3.061, 4.561, 4.471, 5.178, 6.013, 5.936, 5.372, 4.904, 6.202, 8.425, 8.987, 9.219, 9.259, 8.563, 8.48, 8.03, 7.617, 8.146], [2.836, 2.733, 2.53, 2.781, 2.897, 2.781, 3.567, 3.956, 4.098, 3.807, 3.731, 3.968, 3.331, 2.816, 2.362, 2.208, 2.583, 3.527, 3.308, 2.947, 3.176, 2.909, 2.948, 2.69, 2.865, 3.462, 2.362, 2.453, 2.996, 2.901, 2.817, 2.677, 2.888, 3.669, 5.094, 5.07, 4.427, 3.622, 3.549, 3.639, 4.064, 4.677, 4.636, 3.48, 2.967, 3.377, 3.301, 3.074, 2.574, 2.064, 1.895, 2.149, 2.191, 2.033, 2.07, 2.451, 3.704, 3.346, 2.826, 2.39, 2.183, 1.844, 1.492, 1.093, 0.0, 1.067, 1.337, 1.946, 3.503, 4.96, 4.913, 5.597, 6.444, 6.367, 5.803, 5.335, 6.596, 8.829, 9.416, 9.65, 9.69, 8.993, 8.911, 8.461, 8.039, 8.577], [2.843, 2.859, 2.548, 2.7, 2.925, 2.909, 3.627, 4.055, 4.156, 3.925, 3.929, 4.075, 3.28, 2.815, 2.283, 2.129, 2.661, 3.496, 3.273, 2.926, 3.093, 2.871, 2.855, 2.666, 2.883, 3.472, 2.041, 2.168, 2.789, 2.62, 2.563, 2.404, 2.57, 3.379, 4.782, 4.772, 4.116, 3.289, 3.209, 3.289, 3.69, 4.314, 4.269, 3.154, 2.625, 3.051, 2.899, 2.638, 2.213, 1.623, 1.567, 2.004, 2.102, 1.921, 1.997, 2.367, 3.476, 3.135, 2.698, 2.239, 1.992, 1.667, 1.405, 1.366, 1.067, 0.0, 0.923, 1.679, 3.201, 4.666, 4.643, 5.314, 6.163, 6.086, 5.522, 5.054, 6.352, 8.575, 9.134, 9.369, 9.409, 8.712, 8.621, 8.176, 7.758, 8.296], [3.304, 3.181, 2.79, 2.724, 2.889, 3.203, 4.091, 4.518, 4.631, 4.354, 4.232, 4.508, 3.922, 3.493, 2.75, 2.534, 3.29, 4.24, 4.017, 3.711, 3.779, 3.526, 3.5, 3.314, 3.531, 4.135, 2.686, 1.632, 2.229, 2.036, 1.954, 1.984, 2.168, 2.748, 4.027, 3.993, 3.372, 2.611, 2.559, 2.635, 3.025, 3.638, 3.588, 2.517, 1.983, 2.431, 2.414, 2.355, 1.843, 1.483, 1.323, 1.685, 1.714, 1.626, 1.737, 2.081, 2.983, 2.636, 2.311, 1.683, 1.552, 1.269, 1.337, 1.48, 1.337, 0.923, 0.0, 1.026, 2.432, 3.892, 3.93, 4.511, 5.357, 5.275, 4.722, 4.235, 5.554, 7.755, 8.31, 8.542, 8.582, 7.885, 7.801, 7.353, 6.937, 7.469], [3.878, 3.517, 2.843, 2.616, 2.739, 3.391, 4.393, 4.857, 5.079, 4.71, 4.638, 5.01, 4.622, 4.184, 3.378, 2.949, 3.909, 5.018, 4.801, 4.484, 4.501, 4.2