[[0.0, 0.715, 1.204, 1.316, 1.379, 1.127, 0.964, 1.296, 1.066, 1.121, 1.169, 3.637, 5.24, 5.16, 5.415, 4.952, 4.452, 4.468, 4.431, 4.859, 5.273, 5.286, 5.453, 4.569, 4.554, 5.385, 5.604, 6.855, 8.86, 9.567, 8.863, 7.952, 7.754, 7.616, 8.17, 8.844, 9.236, 8.78, 8.152, 8.4, 8.401, 8.617, 9.948, 9.956, 8.789, 7.501, 6.499, 6.739, 6.633, 6.418, 6.754, 6.767, 6.666, 6.969, 7.101, 7.113, 7.142, 7.612, 7.566, 7.766, 7.943, 8.134, 7.496, 6.93, 7.338, 6.739, 6.2, 5.307, 4.445, 2.651, 2.121, 2.302, 2.748, 2.425, 3.006, 3.664, 3.877, 3.52, 3.41, 2.695, 2.738, 2.84, 2.795, 2.772, 3.016, 3.077], [0.715, 0.0, 1.056, 1.175, 1.334, 1.046, 0.918, 1.441, 1.152, 1.052, 1.4, 3.923, 5.452, 5.424, 5.707, 5.206, 4.682, 4.718, 4.677, 5.142, 5.478, 5.557, 5.739, 4.847, 4.808, 5.667, 5.873, 7.121, 9.114, 9.847, 9.142, 8.233, 8.035, 7.897, 8.451, 9.125, 9.516, 9.06, 8.432, 8.68, 8.681, 8.904, 10.222, 10.236, 9.025, 7.796, 6.777, 7.02, 6.914, 6.697, 7.034, 7.047, 6.937, 7.238, 7.375, 7.393, 7.423, 7.876, 7.828, 8.046, 8.223, 8.405, 7.715, 7.117, 7.559, 6.988, 6.453, 5.58, 4.695, 2.881, 1.943, 2.018, 2.467, 2.244, 2.843, 3.519, 3.836, 3.425, 3.28, 2.524, 2.581, 2.662, 2.593, 2.551, 2.827, 2.849], [1.204, 1.056, 0.0, 0.67, 0.84, 0.838, 1.183, 1.466, 1.091, 1.41, 1.692, 3.884, 5.466, 5.415, 5.652, 5.087, 4.686, 4.711, 4.618, 5.111, 5.445, 5.546, 5.678, 4.8, 4.763, 5.622, 5.837, 7.079, 9.091, 9.822, 9.117, 8.207, 8.007, 7.869, 8.423, 9.097, 9.491, 9.035, 8.407, 8.655, 8.656, 8.859, 10.197, 10.188, 9.037, 7.682, 6.644, 6.992, 6.886, 6.655, 7.009, 7.021, 6.899, 7.216, 7.354, 7.368, 7.396, 7.859, 7.816, 8.021, 8.198, 8.407, 7.698, 7.044, 7.456, 6.966, 6.399, 5.439, 4.631, 2.748, 2.016, 2.216, 2.522, 2.508, 3.274, 3.976, 4.244, 3.817, 3.796, 2.977, 3.099, 3.134, 3.008, 2.976, 3.236, 3.251], [1.316, 1.175, 0.67, 0.0, 0.54, 0.832, 1.334, 1.604, 1.187, 1.575, 1.833, 3.65, 5.239, 5.192, 5.423, 4.866, 4.466, 4.491, 4.398, 4.891, 5.223, 5.302, 5.442, 4.579, 4.5, 5.393, 5.606, 6.838, 8.851, 9.591, 8.886, 7.972, 7.775, 7.637, 8.19, 8.864, 9.26, 8.804, 8.184, 8.424, 8.425, 8.613, 9.959, 9.956, 8.8, 7.424, 6.393, 6.76, 6.654, 6.428, 6.778, 6.79, 6.668, 6.989, 7.139, 7.147, 7.165, 7.643, 7.572, 7.79, 7.967, 8.184, 7.466, 6.808, 7.215, 6.735, 6.169, 5.215, 4.416, 2.601, 2.092, 2.444, 2.644, 2.67, 3.531, 4.307, 4.491, 4.115, 4.083, 3.2, 3.376, 3.425, 3.333, 3.304, 3.528, 3.522], [1.379, 1.334, 0.84, 0.54, 0.0, 0.809, 1.464, 1.662, 1.156, 1.685, 1.906, 3.439, 5.007, 4.979, 5.225, 4.677, 4.248, 4.261, 4.192, 4.678, 5.051, 5.095, 5.216, 4.318, 4.281, 5.195, 5.41, 6.626, 8.655, 9.395, 8.69, 7.774, 7.576, 7.439, 7.992, 8.666, 9.064, 8.608, 7.98, 8.228, 8.229, 8.402, 9.76, 9.758, 8.546, 7.21, 6.215, 6.561, 6.455, 6.237, 6.582, 6.594, 6.472, 6.785, 6.92, 6.94, 6.969, 7.421, 7.366, 7.593, 7.771, 7.943, 7.214, 6.534, 6.934, 6.47, 5.957, 4.972, 4.184, 2.335, 2.005, 2.449, 2.52, 2.631, 3.645, 4.528, 4.75, 4.332, 4.296, 3.411, 3.559, 3.531, 3.388, 3.312, 3.496, 3.478], [1.127, 1.046, 0.838, 0.832, 0.809, 0.0, 0.92, 1.233, 1.074, 1.162, 1.642, 3.937, 5.439, 5.459, 5.719, 5.167, 4.653, 4.731, 4.672, 5.17, 5.534, 5.588, 5.718, 4.818, 4.77, 5.688, 5.904, 7.128, 9.149, 9.889, 9.184, 8.269, 8.071, 7.933, 8.487, 9.161, 9.557, 9.101, 8.474, 8.721, 8.722, 8.903, 10.255, 10.253, 9.023, 7.711, 6.729, 7.056, 6.95, 6.722, 7.075, 7.088, 6.966, 7.276, 7.413, 7.434, 7.463, 7.901, 7.867, 8.087, 8.264, 8.419, 7.657, 6.95, 7.424, 6.937, 6.441, 5.433, 4.676, 2.766, 1.879, 2.402, 2.535, 2.383, 3.133, 3.91, 4.113, 3.726, 3.656, 2.891, 2.96, 3.019, 2.961, 2.917, 3.203, 3.227], [0.964, 0.918, 1.183, 1.334, 1.464, 0.92, 0.0, 0.909, 1.133, 0.976, 1.581, 4.438, 5.937, 5.95, 6.209, 5.583, 5.143, 5.217, 5.155, 5.66, 5.968, 6.079, 6.25, 5.351, 5.29, 6.179, 6.399, 7.662, 9.652, 10.379, 9.674, 8.766, 8.568, 8.43, 8.984, 9.658, 10.048, 9.592, 8.964, 9.212, 9.213, 9.443, 10.757, 10.749, 9.512, 8.27, 7.218, 7.553, 7.447, 7.213, 7.566, 7.578, 7.456, 7.766, 7.904, 7.925, 7.953, 8.392, 8.35, 8.578, 8.755, 8.91, 8.109, 7.424, 7.93, 7.463, 6.962, 5.944, 5.208, 3.285, 2.007, 2.379, 2.596, 1.938, 2.542, 3.196, 3.394, 3.033, 3.004, 2.261, 2.451, 2.608, 2.557, 2.379, 2.682, 2.745], [1.296, 1.441, 1.466, 1.604, 1.662, 1.233, 0.909, 0.0, 1.157, 1.338, 1.72, 4.551, 6.065, 6.027, 6.287, 5.66, 5.221, 5.294, 5.219, 5.737, 6.042, 6.156, 6.36, 5.461, 5.387, 6.266, 6.534, 7.804, 9.79, 10.456, 9.752, 8.848, 8.65, 8.512, 9.066, 9.74, 10.125, 9.669, 9.041, 9.289, 9.29, 9.554, 10.848, 10.839, 9.652, 8.369, 7.273, 7.635, 7.529, 7.322, 7.646, 7.656, 7.534, 7.844, 7.981, 8.002, 8.031, 8.469, 8.428, 8.655, 8.832, 8.987, 8.192, 7.545, 8.056, 7.573, 7.072, 6.064, 5.319, 3.394, 2.229, 2.712, 2.876, 2.174, 2.732, 3.388, 3.568, 3.156, 3.33, 2.718, 2.883, 3.031, 2.944, 2.638, 2.931, 2.956], [1.066, 1.152, 1.091, 1.187, 1.156, 1.074, 1.133, 1.157, 0.0, 1.403, 1.5, 3.674, 5.212, 5.204, 5.492, 4.966, 4.434, 4.475, 4.426, 4.914, 5.219, 5.333, 5.477, 4.606, 4.538, 5.433, 5.658, 6.904, 8.922, 9.633, 8.928, 8.016, 7.818, 7.68, 8.234, 8.908, 9.302, 8.846, 8.218, 8.466, 8.467, 8.67, 10.013, 9.999, 8.771, 7.532, 6.442, 6.803, 6.697, 6.466, 6.82, 6.833, 6.728, 7.02, 7.158, 7.179, 7.208, 7.646, 7.604, 7.832, 8.009, 8.164, 7.373, 6.7, 7.181, 6.689, 6.188, 5.19, 4.434, 2.615, 1.915, 2.355, 2.621, 2.287, 3.098, 3.881, 4.179, 3.817, 3.724, 2.938, 3.001, 3.102, 2.988, 2.886, 3.13, 3.158], [1.121, 1.052, 1.41, 1.575, 1.685, 1.162, 0.976, 1.338, 1.403, 0.0, 0.979, 4.485, 5.987, 5.991, 6.25, 5.753, 5.202, 5.267, 5.265, 5.7, 6.127, 6.155, 6.301, 5.429, 5.31, 6.219, 6.449, 7.715, 9.701, 10.42, 9.715, 8.811, 8.61, 8.472, 9.026, 9.7, 10.088, 9.632, 9.005, 9.252, 9.253, 9.494, 10.798, 10.791, 9.636, 8.332, 7.301, 7.595, 7.489, 7.277, 7.606, 7.619, 7.503, 7.807, 7.944, 7.965, 7.994, 8.435, 8.438, 8.618, 8.795, 8.975, 8.249, 7.604, 8.073, 7.566, 7.042, 6.084, 5.264, 3.441, 2.495, 2.775, 3.082, 2.615, 3.04, 3.457, 3.677, 3.197, 3.355, 2.69, 2.784, 2.905, 2.889, 2.941, 3.359, 3.428], [1.169, 1.4, 1.692, 1.833, 1.906, 1.642, 1.581, 1.72, 1.5, 0.979, 0.0, 3.956, 5.64, 5.527, 5.732, 5.617, 4.957, 4.938, 4.977, 5.192, 5.723, 5.714, 5.79, 5.144, 5.031, 5.666, 5.927, 7.187, 9.173, 9.835, 9.134, 8.246, 8.03, 7.901, 8.446, 9.12, 9.504, 9.048, 8.428, 8.669, 8.669, 8.941, 10.234, 10.237, 9.246, 7.854, 6.773, 7.017, 6.928, 6.884, 7.057, 7.048, 7.075, 7.265, 7.416, 7.413, 7.412, 7.931, 7.912, 8.034, 8.211, 8.494, 7.926, 7.444, 7.828, 7.212, 6.71, 5.846, 4.88, 3.436, 2.979, 3.285, 3.739, 3.345, 3.762, 3.991, 4.296, 3.778, 4.069, 3.392, 3.483, 3.566, 3.541, 3.595, 3.923, 4.0], [3.637, 3.923, 3.884, 3.65, 3.439, 3.937, 4.438, 4.551, 3.674, 4.485, 3.956, 0.0, 1.983, 2.035, 2.05, 2.224, 1.587, 1.728, 1.799, 1.946, 2.161, 2.205, 2.221, 2.043, 1.748, 1.853, 2.024, 3.253, 5.257, 5.959, 5.255, 4.456, 4.207, 4.078, 4.577, 5.238, 5.628, 5.172, 4.691, 4.87, 4.874, 5.37, 6.341, 6.403, 5.612, 4.128, 3.227, 3.331, 3.314, 3.297, 3.33, 3.37, 3.493, 3.589, 3.734, 3.684, 3.704, 4.237, 4.129, 4.179, 4.345, 4.838, 4.342, 3.864, 4.325, 3.675, 3.087, 2.419, 1.967, 1.901, 3.223, 3.689, 3.657, 4.178, 5.25, 6.575, 6.936, 6.592, 6.366, 5.719, 5.217, 4.705, 4.755, 4.666, 4.668, 4.473], [5.24, 5.452, 5.466, 5.239, 5.007, 5.439, 5.937, 6.065, 5.212, 5.987, 5.64, 1.983, 0.0, 0.826, 1.172, 1.502, 1.241, 1.291, 1.527, 1.515, 1.516, 1.24, 1.131, 1.24, 1.266, 1.214, 1.362, 2.277, 3.817, 4.474, 3.803, 2.932, 2.696, 2.593, 3.063, 3.752, 4.129, 3.694, 3.089, 3.315, 3.323, 3.939, 4.855, 4.941, 4.003, 2.732, 1.996, 2.062, 2.058, 2.165, 2.074, 1.988, 2.141, 2.023, 2.086, 2.036, 2.196, 2.53, 2.636, 2.716, 2.921, 3.26, 2.653, 2.181, 2.689, 2.021, 1.517, 1.268, 1.292, 2.865, 4.321, 4.653, 4.419, 4.973, 6.413, 7.833, 8.091, 7.805, 7.567, 6.968, 6.41, 5.761, 5.81, 5.701, 5.724, 5.558], [5.16, 5.424, 5.415, 5.192, 4.979, 5.459, 5.95, 6.027, 5.204, 5.991, 5.527, 2.035, 0.826, 0.0, 0.898, 1.445, 1.138, 1.254, 1.282, 1.29, 1.522, 1.376, 1.492, 1.433, 1.497, 1.492, 1.561, 2.525, 4.09, 4.659, 4.097, 3.175, 2.822, 2.558, 3.046, 3.733, 4.158, 3.736, 3.069, 3.286, 3.395, 4.069, 4.992, 5.044, 4.283, 2.988, 2.161, 2.109, 1.951, 2.074, 2.228, 2.117, 2.052, 2.069, 2.118, 2.141, 2.349, 2.706, 2.805, 2.886, 3.056, 3.476, 2.984, 2.579, 2.975, 2.315, 1.594, 1.242, 1.232, 2.768, 4.324, 4.591, 4.371, 4.9, 6.298, 7.799, 7.972, 7.686, 7.405, 6.872, 6.276, 5.542, 5.644, 5.549, 5.625, 5.472], [5.415, 5.707, 5.652, 5.423, 5.225, 5.719, 6.209, 6.287, 5.492, 6.25, 5.732, 2.05, 1.172, 0.898, 0.0, 1.011, 1.333, 1.524, 1.451, 1.465, 1.343, 1.544, 1.702, 1.851, 1.594, 1.253, 1.367, 2.358, 3.928, 4.482, 3.932, 2.94, 2.604, 2.598, 2.97, 3.49, 3.853, 3.428, 3.103, 3.09, 3.309, 4.341, 4.785, 4.937, 4.266, 3.05, 2.325, 2.329, 2.325, 2.454, 2.185, 2.037, 2.277, 2.101, 1.993, 1.949, 2.344, 2.722, 2.66, 2.691, 2.893, 3.41, 2.927, 2.676, 2.95, 2.355, 1.765, 1.574, 1.747, 3.061, 4.63, 4.908, 4.664, 5.218, 6.571, 8.059, 8.154, 7.871, 7.622, 7.129, 6.446, 5.658, 5.775, 5.69, 5.827, 5.706], [4.952, 5.206, 5.087, 4.866, 4.677, 5.167, 5.583, 5.66, 4.966, 5.753, 5.617, 2.224, 1.502, 1.445, 1.011, 0.0, 1.12, 1.422, 1.407, 1.656, 1.217, 1.597, 1.941, 1.637, 1.392, 1.4, 1.6, 2.756, 4.387, 4.955, 4.351, 3.291, 3.266, 3.395, 3.816, 4.258, 4.465, 4.083, 3.907, 3.832, 4.013, 5.01, 5.485, 5.399, 4.649, 3.699, 2.9, 3.02, 3.042, 2.935, 2.733, 2.496, 2.78, 2.807, 2.685, 2.568, 2.913, 3.211, 3.103, 3.308, 3.521, 3.806, 3.453, 2.995, 3.328, 2.82, 2.119, 1.94, 1.88, 2.647, 4.103, 4.379, 4.18, 4.723, 6.007, 7.465, 7.613, 7.311, 7.08, 6.523, 5.853, 5.174, 5.243, 5.21, 5.301, 5.185], [4.452, 4.682, 4.686, 4.466, 4.248, 4.653, 5.143, 5.221, 4.434, 5.202, 4.957, 1.587, 1.241, 1.138, 1.333, 1.12, 0.0, 0.625, 0.747, 1.117, 1.113, 1.272, 1.545, 1.154, 0.887, 1.395, 1.619, 2.833, 4.79, 5.369, 4.755, 3.713, 3.488, 3.398, 3.866, 4.525, 4.905, 4.459, 3.852, 4.069, 4.098, 4.861, 5.716, 5.784, 5.004, 3.723, 2.745, 2.796, 2.702, 2.654, 2.758, 2.583, 2.562, 2.754, 2.8, 2.807, 3.047, 3.392, 3.461, 3.561, 3.754, 4.173, 3.619, 3.047, 3.635, 2.91, 2.253, 1.825, 1.589, 2.301, 3.768, 4.232, 4.082, 4.657, 5.648, 7.082, 7.307, 6.955, 6.662, 6.156, 5.559, 4.846, 4.978, 4.927, 5.025, 4.882], [4.468, 4.718, 4.711, 4.491, 4.261, 4.731, 5.217, 5.294, 4.475, 5.267, 4.938, 1.728, 1.291, 1.254, 1.524, 1.422, 0.625, 0.0, 0.765, 1.044, 1.237, 1.186, 1.46, 0.976, 0.942, 1.456, 1.688, 2.865, 4.793, 5.372, 4.747, 3.62, 3.43, 3.28, 3.795, 4.456, 4.831, 4.375, 3.759, 3.999, 4.075, 4.74, 5.704, 5.769, 4.964, 3.691, 2.628, 2.641, 2.456, 2.439, 2.668, 2.536, 2.484, 2.648, 2.745, 2.724, 2.952, 3.327, 3.39, 3.48, 3.726, 4.105, 3.59, 3.048, 3.607, 2.874, 2.359, 1.904, 1.505, 2.277, 3.8, 4.232, 4.132, 4.708, 5.693, 7.143, 7.283, 6.963, 6.699, 6.205, 5.559, 4.856, 4.947, 4.897, 5.031, 4.915], [4.431, 4.677, 4.618, 4.398, 4.192, 4.672, 5.155, 5.219, 4.426, 5.265, 4.977, 1.799, 1.527, 1.282, 1.451, 1.407, 0.747, 0.765, 0.0, 0.936, 1.043, 1.457, 1.721, 1.24, 1.113, 1.652, 1.877, 3.021, 5.031, 5.624, 5.025, 3.941, 3.672, 3.429, 3.881, 4.553, 4.948, 4.551, 3.908, 4.102, 4.332, 4.865, 5.917, 6.072, 5.315, 3.948, 2.999, 2.996, 2.751, 2.703, 2.983, 2.817, 2.66, 2.973, 2.994, 3.036, 3.297, 3.695, 3.752, 3.753, 3.999, 4.502, 4.0, 3.425, 3.929, 3.261, 2.546, 1.999, 1.673, 2.36, 3.837, 4.278, 4.179, 4.749, 5.763, 7.162, 7.313, 6.986, 6.709, 6.247, 5.601, 4.787, 4.946, 4.938, 5.09, 4.972], [4.859, 5.142, 5.111, 4.891, 4.678, 5.17, 5.66, 5.737, 4.914, 5.7, 5.192, 1.946, 1.515, 1.29, 1.465, 1.656, 1.117, 1.044, 0.936, 0.0, 0.942, 1.055, 1.36, 1.209, 1.26, 1.268, 1.486, 2.475, 4.465, 5.045, 4.425, 3.301, 3.036, 2.82, 3.436, 4.024, 4.411, 3.937, 3.463, 3.624, 3.821, 4.281, 5.398, 5.439, 4.776, 3.459, 2.695, 2.71, 2.457, 2.617, 2.804, 2.693, 2.654, 2.671, 2.535, 2.497, 2.818, 3.341, 3.235, 3.148, 3.403, 3.936, 3.482, 3.086, 3.455, 2.808, 2.312, 1.926, 1.682, 2.809, 4.384, 4.775, 4.676, 5.246, 6.292, 7.711, 7.848, 7.506, 7.257, 6.794, 6.137, 5.345, 5.45, 5.506, 5.637, 5.526], [5.273, 5.478, 5.445, 5.223, 5.051, 5.534, 5.968, 6.042, 5.219, 6.127, 5.723, 2.161, 1.516, 1.522, 1.343, 1.217, 1.113, 1.237, 1.043, 0.942, 0.0, 1.145, 1.481, 1.436, 1.288, 1.099, 1.351, 2.22, 4.168, 4.747, 4.139, 3.182, 2.825, 2.777, 3.229, 3.722, 4.087, 3.662, 3.491, 3.45, 3.694, 4.437, 5.091, 5.244, 4.712, 3.441, 2.669, 2.645, 2.644, 2.614, 2.569, 2.469, 2.554, 2.699, 2.566, 2.416, 2.777, 3.273, 3.105, 2.901, 3.139, 3.88, 3.448, 2.951, 3.402, 2.78, 2.153, 2.159, 1.933, 3.119, 4.612, 4.962, 4.869, 5.432, 6.509, 7.937, 8.076, 7.73, 7.48, 7.022, 6.365, 5.517, 5.668, 5.713, 5.865, 5.747], [5.286, 5.557, 5.546, 5.302, 5.095, 5.588, 6.079, 6.156, 5.333, 6.155, 5.714, 2.205, 1.24, 1.376, 1.544, 1.597, 1.272, 1.186, 1.457, 1.055, 1.145, 0.0, 0.735, 0.917, 1.126, 1.068, 1.245, 2.01, 3.817, 4.397, 3.769, 2.724, 2.541, 2.426, 2.961, 3.602, 3.969, 3.513, 3.041, 3.147, 3.171, 3.934, 4.761, 4.817, 4.016, 2.763, 2.201, 2.335, 2.162, 2.183, 2.292, 2.247, 2.215, 2.257, 2.103, 1.895, 2.133, 2.594, 2.508, 2.573, 2.866, 3.202, 2.698, 2.24, 2.706, 2.143, 1.982, 1.783, 1.749, 3.097, 4.705, 5.014, 4.905, 5.477, 6.622, 8.047, 8.274, 7.936, 7.685, 7.129, 6.548, 5.926, 5.952, 5.902, 5.964, 5.84], [5.453, 5.739, 5.678, 5.442, 5.216, 5.718, 6.25, 6.36, 5.477, 6.301, 5.79, 2.221, 1.131, 1.492, 1.702, 1.941, 1.545, 1.46, 1.721, 1.36, 1.481, 0.735, 0.0, 0.965, 1.21, 1.227, 1.408, 1.999, 3.648, 4.274, 3.62, 2.627, 2.411, 2.325, 2.841, 3.524, 3.879, 3.431, 2.918, 3.065, 3.062, 3.609, 4.62, 4.709, 3.835, 2.493, 2.002, 2.134, 1.989, 2.108, 2.148, 2.067, 2.228, 2.119, 2.056, 1.869, 1.965, 2.51, 2.539, 2.425, 2.709, 3.054, 2.571, 2.106, 2.541, 2.048, 1.86, 1.724, 1.641, 3.248, 4.86, 5.175, 5.014, 5.565, 6.852, 8.248, 8.505, 8.172, 7.977, 7.356, 6.796, 6.196, 6.236, 6.202, 6.233, 6.063], [4.569, 4.847, 4.8, 4.579, 4.318, 4.818, 5.351, 5.461, 4.606, 5.429, 5.144, 2.043, 1.24, 1.433, 1.851, 1.637, 1.154, 0.976, 1.24, 1.209, 1.436, 0.917, 0.965, 0.0, 0.748, 1.315, 1.504, 2.514, 4.442, 5.105, 4.415, 3.48, 3.288, 3.148, 3.698, 4.372, 4.774, 4.318, 3.692, 3.937, 3.938, 4.266, 5.503, 5.501, 4.47, 3.147, 2.428, 2.649, 2.564, 2.471, 2.681, 2.622, 2.616, 2.767, 2.761, 2.658, 2.703, 3.164, 3.15, 3.303, 3.495, 3.739, 3.214, 2.648, 3.114, 2.465, 2.195, 1.708, 1.254, 2.384, 3.983, 4.312, 4.17, 4.717, 6.0, 7.375, 7.724, 7.378, 7.169, 6.501, 6.015, 5.467, 5.482, 5.437, 5.475, 5.252], [4.554, 4.808, 4.763, 4.5, 4.281, 4.77, 5.29, 5.387, 4.538, 5.31, 5.031, 1.748, 1.266, 1.497, 1.594, 1.392, 0.887, 0.942, 1.113, 1.26, 1.288, 1.126, 1.21, 0.748, 0.0, 1.103, 1.308, 2.494, 4.443, 5.156, 4.452, 3.574, 3.345, 3.342, 3.795, 4.438, 4.825, 4.369, 3.801, 3.989, 4.008, 4.593, 5.544, 5.572, 4.563, 3.217, 2.525, 2.751, 2.785, 2.666, 2.705, 2.648, 2.658, 2.805, 2.809, 2.741, 2.836, 3.323, 3.279, 3.367, 3.533, 3.858, 3.294, 2.66, 3.179, 2.555, 2.241, 1.713, 1.535, 2.412, 3.935, 4.347, 4.175, 4.737, 5.99, 7.355, 7.723, 7.377, 7.162, 6.496, 6.008, 5.428, 5.475, 5.444, 5.482, 5.238], [5.385, 5.667, 5.622, 5.393, 5.195, 5.688, 6.179, 6.266, 5.433, 6.219, 5.666, 1.853, 1.214, 1.492, 1.253, 1.4, 1.395, 1.456, 1.652, 1.268, 1.099, 1.068, 1.227, 1.315, 1.103, 0.0, 0.59, 1.712, 3.54, 4.201, 3.505, 2.666, 2.59, 2.716, 3.082, 3.611, 3.869, 3.442, 3.225, 3.211, 3.306, 4.212, 4.736, 4.66, 4.026, 2.855, 2.15, 2.321, 2.534, 2.675, 2.319, 2.189, 2.639, 2.334, 2.221, 1.971, 2.17, 2.628, 2.47, 2.606, 2.739, 3.131, 2.765, 2.534, 2.814, 2.192, 2.004, 1.818, 1.811, 3.21, 4.789, 5.067, 4.965, 5.536, 6.768, 8.174, 8.532, 8.188, 7.95, 7.299, 6.768, 6.159, 6.223, 6.21, 6.229, 6.027], [5.604, 5.873, 5.837, 5.606, 5.41, 5.904, 6.399, 6.534, 5.658, 6.449, 5.927, 2.024, 1.362, 1.561, 1.367, 1.6, 1.619, 1.688, 1.877, 1.486, 1.351, 1.245, 1.408, 1.504, 1.308, 0.59, 0.0, 1.426, 3.282, 4.006, 3.313, 2.488, 2.384, 2.516, 2.85, 3.37, 3.654, 3.219, 3.07, 3.077, 3.137, 4.054, 4.578, 4.496, 3.875, 2.682, 2.326, 2.308, 2.577, 2.794, 2.4, 2.4, 2.791, 2.405, 2.184, 1.89, 2.043, 2.451, 2.353, 2.467, 2.573, 3.015, 2.626, 2.554, 2.645, 2.17, 1.947, 1.893, 1.973, 3.396, 4.949, 5.239, 5.128, 5.704, 6.993, 8.416, 8.757, 8.413, 8.175, 7.535, 6.997, 6.349, 6.425, 6.414, 6.439, 6.244], [6.855, 7.121, 7.079, 6.838, 6.626, 7.128, 7.662, 7.804, 6.904, 7.715, 7.187, 3.253, 2.277, 2.525, 2.358, 2.756, 2.833, 2.865, 3.021, 2.475, 2.22, 2.01, 1.999, 2.514, 2.494, 1.712, 1.426, 0.0, 2.203, 2.949, 2.31, 1.771, 1.753, 1.968, 1.96, 2.518, 2.713, 2.767, 2.931, 2.816, 2.902, 3.404, 3.855, 4.025, 3.678, 2.786, 2.79, 2.603, 2.927, 3.22, 2.788, 2.75, 3.218, 2.811, 2.24, 1.865, 2.036, 2.186, 2.103, 2.09, 2.384, 2.69, 2.537, 2.816, 2.652, 2.493, 2.58, 2.98, 3.001, 4.558, 6.091, 6.46, 6.286, 6.831, 8.223, 9.644, 9.937, 9.623, 9.389, 8.764, 8.213, 7.547, 7.628, 7.585, 7.601, 7.407], [8.86, 9.114, 9.091, 8.851, 8.655, 9.149, 9.652, 9.79, 8.922, 9.701, 9.173, 5.257, 3.817, 4.09, 3.928, 4.387, 4.79, 4.793, 5.031, 4.465, 4.168, 3.817, 3.648, 4.442, 4.443, 3.54, 3.282, 2.203, 0.0, 1.007, 0.778, 1.502, 1.723, 2.014, 1.845, 1.957, 2.076, 2.582, 2.955, 2.827, 2.858, 3.242, 2.997, 3.208, 3.336, 3.264, 3.439, 3.076, 3.317, 3.542, 3.106, 3.042, 3.471, 2.987, 2.412, 2.312, 2.278, 2.027, 2.121, 2.122, 2.445, 2.542, 2.887, 3.507, 3.182, 3.348, 3.493, 4.038, 4.603, 6.517, 8.036, 8.301, 8.059, 8.611, 10.146, 11.569, 11.843, 11.548, 11.339, 10.696, 10.135, 9.499, 9.542, 9.482, 9.481, 9.296], [9.567, 9.847, 9.822, 9.591, 9.395, 9.889, 10.379, 10.456, 9.633, 10.42, 9.835, 5.959, 4.474, 4.659, 4.482, 4.955, 5.369, 5.372, 5.624, 5.045, 4.747, 4.397, 4.274, 5.105, 5.156, 4.201, 4.006, 2.949, 1.007, 0.0, 0.964, 1.876, 2.173, 2.461, 2.276, 2.256, 2.065, 2.724, 3.148, 3.023, 3.039, 3.421, 2.934, 3.006, 3.575, 3.619, 3.733, 3.345, 3.602, 3.839, 3.392, 3.389, 3.713, 3.217, 2.835, 2.841, 2.804, 2.408, 2.551, 2.427, 2.654, 2.802, 3.234, 3.94, 3.606, 3.744, 3.935, 4.651, 5.291, 7.181, 8.77, 9.035, 8.789, 9.337, 10.754, 12.228, 12.435, 12.146, 11.918, 11.309, 10.736, 10.073, 10.11, 10.051, 10.059, 9.9], [8.863, 9.142, 9.117, 8.886, 8.69, 9.184, 9.674, 9.752, 8.928, 9.715, 9.134, 5.255, 3.803, 4.097, 3.932, 4.351, 4.755, 4.747, 5.025, 4.425, 4.139, 3.769, 3.62, 4.415, 4.452, 3.505, 3.313, 2.31, 0.778, 0.964, 0.0, 1.345, 1.74, 2.073, 2.035, 2.285, 2.082, 2.646, 3.009, 2.905, 2.895, 3.405, 3.13, 3.066, 3.358, 3.29, 3.376, 3.033, 3.307, 3.543, 3.108, 3.089, 3.52, 3.011, 2.462, 2.353, 2.313, 2.071, 2.153, 2.074, 2.502, 2.566, 2.908, 3.528, 3.198, 3.313, 3.484, 4.082, 4.579, 6.49, 8.049, 8.314, 8.071, 8.65, 10.099, 11.524, 11.774, 11.487, 11.274, 10.648, 10.095, 9.47, 9.514, 9.422, 9.44, 9.264], [7.952, 8.233, 8.207, 7.972, 7.774, 8.269, 8.766, 8.848, 8.016, 8.811, 8.246, 4.456, 2.932, 3.175, 2.94, 3.291, 3.713, 3.62, 3.941, 3.301, 3.182, 2.724, 2.627, 3.48, 3.574, 2.666, 2.488, 1.771, 1.502, 1.876, 1.345, 0.0, 0.942, 1.344, 1.51, 1.949, 1.847, 2.037, 2.238, 2.195, 2.178, 3.062, 3.041, 2.869, 2.772, 2.535, 2.57, 2.359, 2.441, 2.696, 2.434, 2.394, 2.767, 2.146, 1.663, 1.439, 1.495, 1.333, 1.439, 1.433, 1.886, 1.977, 2.134, 2.813, 2.496, 2.6, 2.769, 3.389, 3.73, 5.581, 7.108, 7.367, 7.17, 7.761, 9.131, 10.635, 10.72, 10.443, 10.228, 9.705, 9.031, 8.343, 8.382, 8.326, 8.422, 8.304], [7.754, 8.035, 8.007, 7.775, 7.576, 8.071, 8.568, 8.65, 7.818, 8.61, 8.03, 4.207, 2.696, 2.822, 2.604, 3.266, 3.488, 3.43, 3.672, 3.036, 2.825, 2.541, 2.411, 3.288, 3.345, 2.59, 2.384, 1.753, 1.723, 2.173, 1.74, 0.942, 0.0, 0.869, 1.084, 1.514, 1.748, 1.65, 1.76, 1.734, 1.798, 2.544, 2.798, 2.827, 2.674, 2.076, 2.206, 1.855, 1.892, 2.232, 1.952, 1.967, 2.179, 1.791, 1.292, 1.125, 1.312, 1.343, 1.461, 1.063, 1.418, 1.807, 1.929, 2.522, 2.294, 2.396, 2.443, 3.012, 3.536, 5.406, 6.92, 7.201, 6.968, 7.526, 8.951, 10.426, 10.507, 10.225, 10.037, 9.495, 8.82, 8.079, 8.153, 8.154, 8.231, 8.101], [7.616, 7.897, 7.869, 7.637, 7.439, 7.933, 8.43, 8.512, 7.68, 8.472, 7.901, 4.078, 2.593, 2.558, 2.598, 3.395, 3.398, 3.28, 3.429, 2.82, 2.777, 2.426, 2.325, 3.148, 3.342, 2.716, 2.516, 1.968, 2.014, 2.461, 2.073, 1.344, 0.869, 0.0, 1.123, 1.683, 2.123, 1.947, 1.986, 2.037, 2.13, 2.521, 3.056, 3.246, 3.011, 2.173, 2.244, 1.86, 1.879, 2.234, 2.173, 2.137, 2.244, 2.024, 1.555, 1.375, 1.647, 1.732, 1.906, 1.299, 1.728, 2.304, 2.21, 2.45, 2.319, 2.401, 2.524, 2.818, 3.349, 5.235, 6.768, 7.059, 6.826, 7.384, 8.785, 10.284, 10.344, 10.059, 9.859, 9.357, 8.683, 7.886, 7.989, 7.965, 8.048, 7.924], [8.17, 8.451, 8.423, 8.19, 7.992, 8.487, 8.984, 9.066, 8.234, 9.026, 8.446, 4.577, 3.063, 3.046, 2.97, 3.816, 3.866, 3.795, 3.881, 3.436, 3.229, 2.961, 2.841, 3.698, 3.795, 3.082, 2.85, 1.96, 1.845, 2.276, 2.035, 1.51, 1.084, 1.123, 0.0, 1.123, 1.74, 1.749, 1.698, 1.6, 1.844, 2.428, 2.754, 3.196, 3.036, 2.185, 2.306, 1.841, 2.031, 2.326, 2.133, 2.007, 2.221, 1.852, 1.478, 1.377, 1.456, 1.493, 1.723, 1.256, 1.646, 2.133, 2.128, 2.646, 2.404, 2.392, 2.544, 3.178, 3.867, 5.757, 7.316, 7.607, 7.365, 7.91, 9.339, 10.838, 10.898, 10.624, 10.395, 9.911, 9.244, 8.433, 8.547, 8.495, 8.62, 8.478], [8.844, 9.125, 9.097, 8.864, 8.666, 9.161, 9.658, 9.74, 8.908, 9.7, 9.12, 5.238, 3.752, 3.733, 3.49, 4.258, 4.525, 4.456, 4.553, 4.024, 3.722, 3.602, 3.524, 4.372, 4.438, 3.611, 3.37, 2.518, 1.957, 2.256, 2.285, 1.949, 1.514, 1.683, 1.123, 0.0, 1.491, 1.515, 1.781, 1.692, 2.044, 2.552, 2.672, 3.15, 3.083, 2.527, 2.755, 2.339, 2.416, 2.707, 2.38, 2.365, 2.446, 2.121, 1.871, 1.828, 1.854, 1.631, 1.801, 1.421, 1.628, 2.06, 2.307, 2.957, 2.733, 2.805, 2.982, 3.761, 4.581, 6.454, 7.979, 8.264, 8.031, 8.589, 10.026, 11.512, 11.57, 11.289, 11.078, 10.585, 9.91, 9.077, 9.201, 9.15, 9.278, 9.156], [9.236, 9.516, 9.491, 9.26, 9.064, 9.557, 10.048, 10.125, 9.302, 10.088, 9.504, 5.628, 4.129, 4.158, 3.853, 4.465, 4.905, 4.831, 4.948, 4.411, 4.087, 3.969, 3.879, 4.774, 4.825, 3.869, 3.654, 2.713, 2.076, 2.065, 2.082, 1.847, 1.748, 2.123, 1.74, 1.491, 0.0, 1.033, 1.526, 1.332, 1.569, 2.179, 2.163, 2.2, 2.311, 2.332, 2.928, 2.608, 2.651, 2.865, 2.537, 2.557, 2.713, 2.354, 2.183, 2.192, 2.175, 1.851, 1.92, 1.627, 1.6, 1.597, 2.217, 2.98, 2.656, 2.838, 3.194, 4.127, 4.971, 6.84, 8.413, 8.663, 8.416, 8.964, 10.393, 11.897, 11.936, 11.654, 11.443, 10.968, 10.284, 9.443, 9.568, 9.528, 9.663, 9.54], [8.78, 9.06, 9.035, 8.804, 8.608, 9.101, 9.592, 9.669, 8.846, 9.632, 9.048, 5.172, 3.694, 3.736, 3.428, 4.083, 4.459, 4.375, 4.551, 3.937, 3.662, 3.513, 3.431, 4.318, 4.369, 3.442, 3.219, 2.767, 2.582, 2.724, 2.646, 2.037, 1.65, 1.947, 1.749, 1.515, 1.033, 0.0, 0.9, 0.8, 0.979, 1.824, 1.932, 1.914, 1.891, 1.675, 2.556, 2.306, 2.27, 2.423, 2.101, 2.163, 2.269, 1.883, 1.792, 1.764, 1.826, 1.715, 1.835, 1.409, 1.263, 1.239, 1.78, 2.434, 2.076, 2.427, 2.748, 3.678, 4.513, 6.402, 7.992, 8.257, 8.01, 8.559, 9.94, 11.441, 11.49, 11.198, 10.991, 10.512, 9.828, 8.998, 9.112, 9.072, 9.203, 9.081], [8.152, 8.432, 8.407, 8.184, 7.98, 8.474, 8.964, 9.041, 8.218, 9.005, 8.428, 4.691, 3.089, 3.069, 3.103, 3.907, 3.852, 3.759, 3.908, 3.463, 3.491, 3.041, 2.918, 3.692, 3.801, 3.225, 3.07, 2.931, 2.955, 3.148, 3.009, 2.238, 1.76, 1.986, 1.698, 1.781, 1.526, 0.9, 0.0, 0.719, 0.821, 1.905, 2.287, 2.375, 2.035, 1.394, 2.066, 1.905, 1.76, 1.897, 1.868, 1.881, 1.812, 1.439, 1.564, 1.551, 1.516, 1.553, 1.887, 1.588, 1.415, 1.349, 1.637, 2.181, 2.018, 2.081, 2.436, 3.106, 3.876, 5.765, 7.355, 7.62, 7.373, 7.921, 9.309, 10.813, 10.853, 10.57, 10.36, 9.884, 9.201, 8.359, 8.485, 8.444, 8.576, 8.453], [8.4, 8.68, 8.655, 8.424, 8.228, 8.721, 9.212, 9.289, 8.466, 9.252, 8.669, 4.87, 3.315, 3.286, 3.09, 3.832, 4.069, 3.999, 4.102, 3.624, 3.45, 3.147, 3.065, 3.937, 3.989, 3.211, 3.077, 2.816, 2.827, 3.023, 2.905, 2.195, 1.734, 2.037, 1.6, 1.692, 1.332, 0.8, 0.719, 0.0, 0.768, 1.774, 2.083, 2.204, 1.805, 1.364, 2.281, 2.125, 1.948, 2.076, 1.819, 1.832, 1.821, 1.608, 1.62, 1.65, 1.647, 1.697, 1.956, 1.579, 1.365, 1.283, 1.68, 2.169, 1.92, 2.098, 2.488, 3.291, 4.117, 6.005, 7.594, 7.859, 7.613, 8.161, 9.557, 11.061, 11.104, 10.832, 10.607, 10.132, 9.448, 8.633, 8.75, 8.692, 8.823, 8.701], [8.401, 8.681, 8.656, 8.425, 8.229, 8.722, 9.213, 9.29, 8.467, 9.253, 8.669, 4.874, 3.323, 3.395, 3.309, 4.013, 4.098, 4.075, 4.332, 3.821, 3.694, 3.171, 3.062, 3.938, 4.008, 3.306, 3.137, 2.902, 2.858, 3.039, 2.895, 2.178, 1.798, 2.13, 1.844, 2.044, 1.569, 0.979, 0.821, 0.768, 0.0, 1.543, 1.846, 1.831, 1.451, 1.292, 2.263, 2.19, 2.049, 2.082, 1.889, 1.975, 1.909, 1.605, 1.745, 1.752, 1.667, 1.722, 1.94, 1.596, 1.334, 1.159, 1.576, 2.08, 1.798, 2.105, 2.502, 3.318, 4.112, 5.996, 7.585, 7.851, 7.604, 8.152, 9.575, 11.062, 11.193, 10.921, 10.672, 10.133, 9.507, 8.777, 8.859, 8.764, 8.824, 8.702], [8.617, 8.904, 8.859, 8.613, 8.402, 8.903, 9.443, 9.554, 8.67, 9.494, 8.941, 5.37, 3.939, 4.069, 4.341, 5.01, 4.861, 4.74, 4.865, 4.281, 4.437, 3.934, 3.609, 4.266, 4.593, 4.212, 4.054, 3.404, 3.242, 3.421, 3.405, 3.062, 2.544, 2.521, 2.428, 2.552, 2.179, 1.824, 1.905, 1.774, 1.543, 0.0, 1.482, 1.992, 1.783, 1.975, 3.001, 2.72, 2.537, 2.808, 2.709, 2.807, 2.744, 2.744, 2.958, 2.928, 2.853, 2.949, 2.982, 2.336, 1.94, 2.027, 2.478, 2.75, 2.593, 3.02, 3.536, 3.963, 4.275, 6.168, 7.732, 8.016, 7.74, 8.279, 9.883, 11.324, 11.561, 11.275, 11.035, 10.438, 9.865, 9.178, 9.248, 9.171, 9.183, 9.026], [9.948, 10.222, 10.197, 9.959, 9.76, 10.255, 10.757, 10.848, 10.013, 10.798, 10.234, 6.341, 4.855, 4.992, 4.785, 5.485, 5.716, 5.704, 5.917, 5.398, 5.091, 4.761, 4.62, 5.503, 5.544, 4.736, 4.578, 3.855, 2.997, 2.934, 3.13, 3.041, 2.798, 3.056, 2.754, 2.672, 2.163, 1.932, 2.287, 2.083, 1.846, 1.482, 0.0, 1.054, 1.729, 2.673, 3.641, 3.364, 3.461, 3.634, 3.319, 3.355, 3.416, 3.182, 3.349, 3.278, 3.238, 3.242, 3.231, 2.761, 2.344, 2.332, 2.896, 3.449, 3.107, 3.576, 4.125, 4.922, 5.66, 7.533, 9.092, 9.366, 9.113, 9.659, 11.159, 12.626, 12.794, 12.514, 12.289, 11.714, 11.099, 10.402, 10.471, 10.393, 10.421, 10.276], [9.956, 10.236, 10.188, 9.956, 9.758, 10.253, 10.749, 10.839, 9.999, 10.791, 10.237, 6.403, 4.941, 5.044, 4.937, 5.399, 5.784, 5.769, 6.072, 5.439, 5.244, 4.817, 4.709, 5.501, 5.572, 4.66, 4.496, 4.025, 3.208, 3.006, 3.066, 2.869, 2.827, 3.246, 3.196, 3.15, 2.2, 1.914, 2.375, 2.204, 1.831, 1.992, 1.054, 0.0, 1.363, 2.637, 3.696, 3.6, 3.577, 3.756, 3.399, 3.482, 3.569, 3.256, 3.271, 3.251, 3.135, 3.048, 3.077, 2.786, 2.458, 1.998, 2.821, 3.392, 2.97, 3.525, 4.016, 4.837, 5.677, 7.531, 9.099, 9.344, 9.091, 9.645, 11.141, 12.624, 12.826, 12.54, 12.304, 11.71, 11.14, 10.491, 10.529, 10.44, 10.474, 10.308], [8.789, 9.025, 9.037, 8.8, 8.546, 9.023, 9.512, 9.652, 8.771, 9.636, 9.246, 5.612, 4.003, 4.283, 4.266, 4.649, 5.004, 4.964, 5.315, 4.776, 4.712, 4.016, 3.835, 4.47, 4.563, 4.026, 3.875, 3.678, 3.336, 3.575, 3.358, 2.772, 2.674, 3.011, 3.036, 3.083, 2.311, 1.891, 2.035, 1.805, 1.451, 1.783, 1.729, 1.363, 0.0, 1.747, 2.949, 3.178, 3.076, 3.124, 2.793, 2.884, 2.928, 2.544, 2.756, 2.744, 2.617, 2.596, 2.685, 2.49, 2.104, 1.284, 1.811, 2.273, 1.825, 2.447, 3.047, 3.685, 4.65, 6.429, 7.822, 8.134, 7.861, 8.426, 10.016, 11.471, 11.735, 11.476, 11.338, 10.607, 10.165, 9.661, 9.631, 9.472, 9.491, 9.209], [7.501, 7.796, 7.682, 7.424, 7.21, 7.711, 8.27, 8.369, 7.532, 8.332, 7.854, 4.128, 2.732, 2.988, 3.05, 3.699, 3.723, 3.691, 3.948, 3.459, 3.441, 2.763, 2.493, 3.147, 3.217, 2.855, 2.682, 2.786, 3.264, 3.619, 3.29, 2.535, 2.076, 2.173, 2.185, 2.527, 2.332, 1.675, 1.394, 1.364, 1.292, 1.975, 2.673, 2.637, 1.747, 0.0, 1.591, 1.76, 1.634, 1.774, 1.646, 1.866, 1.698, 1.599, 1.923, 1.874, 1.674, 1.958, 2.022, 1.742, 1.46, 1.505, 1.322, 1.485, 1.319, 1.609, 1.971, 2.449, 3.19, 5.051, 6.587, 6.883, 6.592, 7.13, 8.778, 10.261, 10.523, 10.259, 10.117, 9.394, 8.926, 8.359, 8.374, 8.254, 8.273, 7.97], [6.499, 6.777, 6.644, 6.393, 6.215, 6.729, 7.218, 7.273, 6.442, 7.301, 6.773, 3.227, 1.996, 2.161, 2.325, 2.9, 2.745, 2.628, 2.999, 2.695, 2.669, 2.201, 2.002, 2.428, 2.525, 2.15, 2.326, 2.79, 3.439, 3.733, 3.376, 2.57, 2.206, 2.244, 2.306, 2.755, 2.928, 2.556, 2.066, 2.281, 2.263, 3.001, 3.641, 3.696, 2.949, 1.591, 0.0, 0.939, 1.13, 1.259, 1.23, 1.342, 1.476, 1.278, 1.732, 1.773, 1.58, 2.034, 1.861, 1.846, 1.77, 2.227, 1.745, 1.719, 1.876, 1.532, 1.608, 1.669, 2.304, 4.146, 5.566, 5.924, 5.606, 6.13, 7.654, 9.217, 9.389, 9.163, 9.03, 8.265, 7.851, 7.308, 7.312, 7.166, 7.214, 6.903], [6.739, 7.02, 6.992, 6.76, 6.561, 7.056, 7.553, 7.635, 6.803, 7.595, 7.017, 3.331, 2.062, 2.109, 2.329, 3.02, 2.796, 2.641, 2.996, 2.71, 2.645, 2.335, 2.134, 2.649, 2.751, 2.321, 2.308, 2.603, 3.076, 3.345, 3.033, 2.359, 1.855, 1.86, 1.841, 2.339, 2.608, 2.306, 1.905, 2.125, 2.19, 2.72, 3.364, 3.6, 3.178, 1.76, 0.939, 0.0, 0.85, 1.188, 1.082, 1.195, 1.33, 1.148, 1.495, 1.518, 1.454, 1.845, 1.766, 1.549, 1.505, 2.34, 1.949, 2.043, 2.237, 1.876, 1.759, 2.083, 2.571, 4.386, 5.9, 6.175, 5.942, 6.5, 7.94, 9.437, 9.591, 9.304, 9.078, 8.496, 7.891, 7.256, 7.284, 7.204, 7.249, 7.089], [6.633, 6.914, 6.886, 6.654, 6.455, 6.95, 7.447, 7.529, 6.697, 7.489, 6.928, 3.314, 2.058, 1.951, 2.325, 3.042, 2.702, 2.456, 2.751, 2.457, 2.644, 2.162, 1.989, 2.564, 2.785, 2.534, 2.577, 2.927, 3.317, 3.602, 3.307, 2.441, 1.892, 1.879, 2.031, 2.416, 2.651, 2.27, 1.76, 1.948, 2.049, 2.537, 3.461, 3.577, 3.076, 1.634, 1.13, 0.85, 0.0, 0.79, 0.984, 1.127, 1.044, 1.005, 1.489, 1.579, 1.545, 1.792, 1.793, 1.612, 1.62, 2.277, 1.957, 2.038, 2.311, 2.062, 1.9, 2.039, 2.496, 4.249, 5.78, 6.044, 5.812, 6.37, 7.81, 9.305, 9.427, 9.155, 8.916, 8.383, 7.742, 7.016, 7.079, 6.993, 7.075, 6.952], [6.418, 6.697, 6.655, 6.428, 6.237, 6.722, 7.213, 7.322, 6.466, 7.277, 6.884, 3.297, 2.165, 2.074, 2.454, 2.935, 2.654, 2.439, 2.703, 2.617, 2.614, 2.183, 2.108, 2.471, 2.666, 2.675, 2.794, 3.22, 3.542, 3.839, 3.543, 2.696, 2.232, 2.234, 2.326, 2.707, 2.865, 2.423, 1.897, 2.076, 2.082, 2.808, 3.634, 3.756, 3.124, 1.774, 1.259, 1.188, 0.79, 0.0, 0.908, 1.224, 0.81, 1.164, 1.564, 1.735, 1.704, 1.999, 2.005, 1.856, 1.876, 2.405, 2.067, 1.934, 2.279, 2.06, 1.881, 2.01, 2.388, 4.006, 5.57, 5.834, 5.587, 6.135, 7.627, 9.093, 9.244, 8.972, 8.716, 8.182, 7.558, 6.826, 6.912, 6.817, 6.866, 6.739], [6.754, 7.034, 7.009, 6.778, 6.582, 7.075, 7.566, 7.646, 6.82, 7.606, 7.057, 3.33, 2.074, 2.228, 2.185, 2.733, 2.758, 2.668, 2.983, 2.804, 2.569, 2.292, 2.148, 2.681, 2.705, 2.319, 2.4, 2.788, 3.106, 3.392, 3.108, 2.434, 1.952, 2.173, 2.133, 2.38, 2.537, 2.101, 1.868, 1.819, 1.889, 2.709, 3.319, 3.399, 2.793, 1.646, 1.23, 1.082, 0.984, 0.908, 0.0, 0.618, 0.807, 0.946, 1.331, 1.439, 1.54, 1.661, 1.602, 1.585, 1.46, 1.964, 1.632, 1.68, 1.967, 1.792, 1.695, 2.163, 2.635, 4.358, 5.943, 6.209, 5.962, 6.51, 7.967, 9.416, 9.645, 9.359, 9.082, 8.521, 7.949, 7.225, 7.317, 7.222, 7.266, 7.11], [6.767, 7.047, 7.021, 6.79, 6.594, 7.088, 7.578, 7.656, 6.833, 7.619, 7.048, 3.37, 1.988, 2.117, 2.037, 2.496, 2.583, 2.536, 2.817, 2.693, 2.469, 2.247, 2.067, 2.622, 2.648, 2.189, 2.4, 2.75, 3.042, 3.389, 3.089, 2.394, 1.967, 2.137, 2.007, 2.365, 2.557, 2.163, 1.881, 1.832, 1.975, 2.807, 3.355, 3.482, 2.884, 1.866, 1.342, 1.195, 1.127, 1.224, 0.618, 0.0, 0.823, 0.836, 1.28, 1.344, 1.42, 1.609, 1.635, 1.541, 1.519, 2.027, 1.796, 1.786, 2.048, 1.725, 1.619, 2.064, 2.585, 4.363, 5.952, 6.217, 5.971, 6.519, 7.926, 9.428, 9.567, 9.282, 9.053, 8.498, 7.871, 7.181, 7.251, 7.174, 7.214, 7.067], [6.666, 6.937, 6.899, 6.668, 6.472, 6.966, 7.456, 7.534, 6.728, 7.503, 7.075, 3.493, 2.141, 2.052, 2.277, 2.78, 2.562, 2.484, 2.66, 2.654, 2.554, 2.215, 2.228, 2.616, 2.658, 2.639, 2.791, 3.218, 3.471, 3.713, 3.52, 2.767, 2.179, 2.244, 2.221, 2.446, 2.713, 2.269, 1.812, 1.821, 1.909, 2.744, 3.416, 3.569, 2.928, 1.698, 1.476, 1.33, 1.044, 0.81, 0.807, 0.823, 0.0, 0.903, 1.431, 1.692, 1.683, 1.876, 1.914, 1.769, 1.664, 2.188, 1.912, 1.796, 2.111, 1.83, 1.692, 1.984, 2.608, 4.24, 5.822, 6.096, 5.84, 6.389, 7.818, 9.306, 9.45, 9.164, 8.907, 8.376, 7.754, 7.02, 7.122, 7.027, 7.082, 6.945], [6.969, 7.238, 7.216, 6.989, 6.785, 7.276, 7.766, 7.844, 7.02, 7.807, 7.265, 3.589, 2.023, 2.069, 2.101, 2.807, 2.754, 2.648, 2.973, 2.671, 2.699, 2.257, 2.119, 2.767, 2.805, 2.334, 2.405, 2.811, 2.987, 3.217, 3.011, 2.146, 1.791, 2.024, 1.852, 2.121, 2.354, 1.883, 1.439, 1.608, 1.605, 2.744, 3.182, 3.256, 2.544, 1.599, 1.278, 1.148, 1.005, 1.164, 0.946, 0.836, 0.903, 0.0, 0.956, 1.134, 1.163, 1.304, 1.485, 1.378, 1.382, 1.698, 1.469, 1.757, 1.831, 1.621, 1.485, 1.991, 2.768, 4.565, 6.14, 6.405, 6.158, 6.707, 8.123, 9.616, 9.74, 9.468, 9.227, 8.686, 8.055, 7.346, 7.41, 7.279, 7.378, 7.255], [7.101, 7.375, 7.354, 7.139, 6.92, 7.413, 7.904, 7.981, 7.158, 7.944, 7.416, 3.734, 2.086, 2.118, 1.993, 2.685, 2.8, 2.745, 2.994, 2.535, 2.566, 2.103, 2.056, 2.761, 2.809, 2.221, 2.184, 2.24, 2.412, 2.835, 2.462, 1.663, 1.292, 1.555, 1.478, 1.871, 2.183, 1.792, 1.564, 1.62, 1.745, 2.958, 3.349, 3.271, 2.756, 1.923, 1.732, 1.495, 1.489, 1.564, 1.331, 1.28, 1.431, 0.956, 0.0, 0.665, 0.932, 1.066, 1.245, 1.248, 1.55, 1.712, 1.582, 1.968, 1.948, 1.677, 1.657, 2.13, 2.917, 4.719, 6.304, 6.569, 6.322, 6.87, 8.251, 9.753, 9.835, 9.538, 9.303, 8.824, 8.147, 7.414, 7.496, 7.443, 7.532, 7.393], [7.113, 7.393, 7.368, 7.147, 6.94, 7.434, 7.925, 8.002, 7.179, 7.965, 7.413, 3.684, 2.036, 2.141, 1.949, 2.568, 2.807, 2.724, 3.036, 2.497, 2.416, 1.895, 1.869, 2.658, 2.741, 1.971, 1.89, 1.865, 2.312, 2.841, 2.353, 1.439, 1.125, 1.375, 1.377, 1.828, 2.192, 1.764, 1.551, 1.65, 1.752, 2.928, 3.278, 3.251, 2.744, 1.874, 1.773, 1.518, 1.579, 1.735, 1.439, 1.344, 1.692, 1.134, 0.665, 0.0, 0.707, 0.984, 1.067, 1.07, 1.434, 1.669, 1.406, 1.819, 1.766, 1.542, 1.553, 2.15, 2.868, 4.735, 6.322, 6.588, 6.341, 6.889, 8.27, 9.774, 9.857, 9.576, 9.324, 8.844, 8.162, 7.435, 7.512, 7.439, 7.536, 7.413], [7.142, 7.423, 7.396, 7.165, 6.969, 7.463, 7.953, 8.031, 7.208, 7.994, 7.412, 3.704, 2.196, 2.349, 2.344, 2.913, 3.047, 2.952, 3.297, 2.818, 2.777, 2.133, 1.965, 2.703, 2.836, 2.17, 2.043, 2.036, 2.278, 2.804, 2.313, 1.495, 1.312, 1.647, 1.456, 1.854, 2.175, 1.826, 1.516, 1.647, 1.667, 2.853, 3.238, 3.135, 2.617, 1.674, 1.58, 1.454, 1.545, 1.704, 1.54, 1.42, 1.683, 1.163, 0.932, 0.707, 0.0, 0.876, 1.101, 1.138, 1.534, 1.548, 1.425, 1.954, 1.81, 1.66, 1.716, 2.305, 2.892, 4.732, 6.316, 6.59, 6.334, 6.883, 8.299, 9.803, 9.915, 9.646, 9.492, 8.873, 8.292, 7.69, 7.696, 7.581, 7.636, 7.458], [7.612, 7.876, 7.859, 7.643, 7.421, 7.901, 8.392, 8.469, 7.646, 8.435, 7.931, 4.237, 2.53, 2.706, 2.722, 3.211, 3.392, 3.327, 3.695, 3.341, 3.273, 2.594, 2.51, 3.164, 3.323, 2.628, 2.451, 2.186, 2.027, 2.408, 2.071, 1.333, 1.343, 1.732, 1.493, 1.631, 1.851, 1.715, 1.553, 1.697, 1.722, 2.949, 3.242, 3.048, 2.596, 1.958, 2.034, 1.845, 1.792, 1.999, 1.661, 1.609, 1.876, 1.304, 1.066, 0.984, 0.876, 0.0, 0.902, 1.199, 1.509, 1.4, 1.473, 2.101, 1.998, 1.902, 2.026, 2.745, 3.399, 5.212, 6.778, 7.049, 6.796, 7.345, 8.737, 10.241, 10.386, 10.1, 9.869, 9.311, 8.69, 8.055, 8.06, 7.994, 8.036, 7.883], [7.566, 7.828, 7.816, 7.572, 7.366, 7.867, 8.35, 8.428, 7.604, 8.438, 7.912, 4.129, 2.636, 2.805, 2.66, 3.103, 3.461, 3.39, 3.752, 3.235, 3.105, 2.508, 2.539, 3.15, 3.279, 2.47, 2.353, 2.103, 2.121, 2.551, 2.153, 1.439, 1.461, 1.906, 1.723, 1.801, 1.92, 1.835, 1.887, 1.956, 1.94, 2.982, 3.231, 3.077, 2.685, 2.022, 1.861, 1.766, 1.793, 2.005, 1.602, 1.635, 1.914, 1.485, 1.245, 1.067, 1.101, 0.902, 0.0, 1.143, 1.379, 1.597, 1.487, 2.155, 2.019, 1.878, 2.077, 2.654, 3.386, 5.178, 6.76, 7.033, 6.778, 7.326, 8.725, 10.2, 10.38, 10.083, 9.865, 9.27, 8.696, 8.132, 8.139, 7.976, 8.01, 7.843], [7.766, 8.046, 8.021, 7.79, 7.593, 8.087, 8.578, 8.655, 7.832, 8.618, 8.034, 4.179, 2.716, 2.886, 2.691, 3.308, 3.561, 3.48, 3.753, 3.148, 2.901, 2.573, 2.425, 3.303, 3.367, 2.606, 2.467, 2.09, 2.122, 2.427, 2.074, 1.433, 1.063, 1.299, 1.256, 1.421, 1.627, 1.409, 1.588, 1.579, 1.596, 2.336, 2.761, 2.786, 2.49, 1.742, 1.846, 1.549, 1.612, 1.856, 1.585, 1.541, 1.769, 1.378, 1.248, 1.07, 1.138, 1.199, 1.143, 0.0, 0.852, 1.417, 1.374, 1.803, 1.756, 1.803, 2.052, 2.75, 3.515, 5.405, 6.987, 7.25, 7.003, 7.551, 8.932, 10.427, 10.511, 10.228, 10.069, 9.497, 8.837, 8.189, 8.216, 8.158, 8.22, 8.068], [7.943, 8.223, 8.198, 7.967, 7.771, 8.264, 8.755, 8.832, 8.009, 8.795, 8.211, 4.345, 2.921, 3.056, 2.893, 3.521, 3.754, 3.726, 3.999, 3.403, 3.139, 2.866, 2.709, 3.495, 3.533, 2.739, 2.573, 2.384, 2.445, 2.654, 2.502, 1.886, 1.418, 1.728, 1.646, 1.628, 1.6, 1.263, 1.415, 1.365, 1.334, 1.94, 2.344, 2.458, 2.104, 1.46, 1.77, 1.505, 1.62, 1.876, 1.46, 1.519, 1.664, 1.382, 1.55, 1.434, 1.534, 1.509, 1.379, 0.852, 0.0, 1.202, 1.227, 1.706, 1.577, 1.764, 2.07, 2.869, 3.691, 5.581, 7.166, 7.431, 7.184, 7.732, 9.113, 10.608, 10.771, 10.473, 10.286, 9.675, 9.053, 8.441, 8.468, 8.417, 8.465, 8.269], [8.134, 8.405, 8.407, 8.184, 7.943, 8.419, 8.91, 8.987, 8.164, 8.975, 8.494, 4.838, 3.26, 3.476, 3.41, 3.806, 4.173, 4.105, 4.502, 3.936, 3.88, 3.202, 3.054, 3.739, 3.858, 3.131, 3.015, 2.69, 2.542, 2.802, 2.566, 1.977, 1.807, 2.304, 2.133, 2.06, 1.597, 1.239, 1.349, 1.283, 1.159, 2.027, 2.332, 1.998, 1.284, 1.505, 2.227, 2.34, 2.277, 2.405, 1.964, 2.027, 2.188, 1.698, 1.712, 1.669, 1.548, 1.4, 1.597, 1.417, 1.202, 0.0, 1.001, 1.68, 1.255, 1.63, 2.202, 3.012, 3.953, 5.75, 7.31, 7.595, 7.328, 7.877, 9.284, 10.795, 11.014, 10.717, 10.568, 9.876, 9.37, 8.851, 8.826, 8.701, 8.736, 8.472], [7.496, 7.715, 7.698, 7.466, 7.214, 7.657, 8.109, 8.192, 7.373, 8.249, 7.926, 4.342, 2.653, 2.984, 2.927, 3.453, 3.619, 3.59, 4.0, 3.482, 3.448, 2.698, 2.571, 3.214, 3.294, 2.765, 2.626, 2.537, 2.887, 3.234, 2.908, 2.134, 1.929, 2.21, 2.128, 2.307, 2.217, 1.78, 1.637, 1.68, 1.576, 2.478, 2.896, 2.821, 1.811, 1.322, 1.745, 1.949, 1.957, 2.067, 1.632, 1.796, 1.912, 1.469, 1.582, 1.406, 1.425, 1.473, 1.487, 1.374, 1.227, 1.001, 0.0, 1.104, 0.842, 0.99, 1.693, 2.317, 3.416, 5.126, 6.52, 6.904, 6.505, 7.053, 8.539, 10.045, 10.281, 10.018, 9.933, 9.153, 8.783, 8.284, 8.252, 8.045, 8.088, 7.764], [6.93, 7.117, 7.044, 6.808, 6.534, 6.95, 7.424, 7.545, 6.7, 7.604, 7.444, 3.864, 2.181, 2.579, 2.676, 2.995, 3.047, 3.048, 3.425, 3.086, 2.951, 2.24, 2.106, 2.648, 2.66, 2.534, 2.554, 2.816, 3.507, 3.94, 3.528, 2.813, 2.522, 2.45, 2.646, 2.957, 2.98, 2.434, 2.181, 2.169, 2.08, 2.75, 3.449, 3.392, 2.273, 1.485, 1.719, 2.043, 2.038, 1.934, 1.68, 1.786, 1.796, 1.757, 1.968, 1.819, 1.954, 2.101, 2.155, 1.803, 1.706, 1.68, 1.104, 0.0, 0.78, 1.135, 1.519, 1.939, 2.83, 4.466, 5.906, 6.221, 5.823, 6.365, 7.996, 9.466, 9.749, 9.449, 9.286, 8.604, 8.134, 7.655, 7.613, 7.406, 7.418, 7.142], [7.338, 7.559, 7.456, 7.215, 6.934, 7.424, 7.93, 8.056, 7.181, 8.073, 7.828, 4.325, 2.689, 2.975, 2.95, 3.328, 3.635, 3.607, 3.929, 3.455, 3.402, 2.706, 2.541, 3.114, 3.179, 2.814, 2.645, 2.652, 3.182, 3.606, 3.198, 2.496, 2.294, 2.319, 2.404, 2.733, 2.656, 2.076, 2.018, 1.92, 1.798, 2.593, 3.107, 2.97, 1.825, 1.319, 1.876, 2.237, 2.311, 2.279, 1.967, 2.048, 2.111, 1.831, 1.948, 1.766, 1.81, 1.998, 2.019, 1.756, 1.577, 1.255, 0.842, 0.78, 0.0, 1.055, 1.607, 2.117, 3.246, 4.906, 6.364, 6.682, 6.269, 6.826, 8.487, 9.982, 10.236, 9.999, 9.89, 9.116, 8.751, 8.256, 8.226, 8.009, 8.05, 7.725], [6.739, 6.988, 6.966, 6.735, 6.47, 6.937, 7.463, 7.573, 6.689, 7.566, 7.212, 3.675, 2.021, 2.315, 2.355, 2.82, 2.91, 2.874, 3.261, 2.808, 2.78, 2.143, 2.048, 2.465, 2.555, 2.192, 2.17, 2.493, 3.348, 3.744, 3.313, 2.6, 2.396, 2.401, 2.392, 2.805, 2.838, 2.427, 2.081, 2.098, 2.105, 3.02, 3.576, 3.525, 2.447, 1.609, 1.532, 1.876, 2.062, 2.06, 1.792, 1.725, 1.83, 1.621, 1.677, 1.542, 1.66, 1.902, 1.878, 1.803, 1.764, 1.63, 0.99, 1.135, 1.055, 0.0, 1.109, 1.596, 2.62, 4.339, 5.835, 6.173, 5.826, 6.356, 7.906, 9.41, 9.628, 9.376, 9.242, 8.502, 8.076, 7.581, 7.551, 7.379, 7.41, 7.11], [6.2, 6.453, 6.399, 6.169, 5.957, 6.441, 6.962, 7.072, 6.188, 7.042, 6.71, 3.087, 1.517, 1.594, 1.765, 2.119, 2.253, 2.359, 2.546, 2.312, 2.153, 1.982, 1.86, 2.195, 2.241, 2.004, 1.947, 2.58, 3.493, 3.935, 3.484, 2.769, 2.443, 2.524, 2.544, 2.982, 3.194, 2.748, 2.436, 2.488, 2.502, 3.536, 4.125, 4.016, 3.047, 1.971, 1.608, 1.759, 1.9, 1.881, 1.695, 1.619, 1.692, 1.485, 1.657, 1.553, 1.716, 2.026, 2.077, 2.052, 2.07, 2.202, 1.693, 1.519, 1.607, 1.109, 0.0, 1.169, 2.105, 3.809, 5.329, 5.641, 5.348, 5.896, 7.376, 8.842, 9.035, 8.765, 8.6, 7.931, 7.44, 6.886, 6.877, 6.729, 6.76, 6.539], [5.307, 5.58, 5.439, 5.215, 4.972, 5.433, 5.944, 6.064, 5.19, 6.084, 5.846, 2.419, 1.268, 1.242, 1.574, 1.94, 1.825, 1.904, 1.999, 1.92