[[0.0, 1.034, 1.357, 1.436, 1.503, 1.836, 2.186, 2.171, 1.912, 1.446, 1.291, 1.623, 2.043, 1.171, 1.278, 1.271, 1.306, 1.761, 1.953, 2.065, 2.019, 2.001, 0.99, 1.605, 2.498, 2.489, 2.26, 2.398, 2.705, 2.591, 2.455, 2.688, 2.766, 2.607, 2.25, 1.681, 1.989, 2.074, 2.162, 2.431, 2.597, 2.466, 2.875, 2.899, 3.203, 2.56, 3.3, 3.602, 3.163, 2.821, 2.797, 3.364, 3.449, 3.564, 3.093, 3.033, 3.842, 5.091, 6.609, 6.94, 6.673, 5.49, 4.003, 3.156, 3.05, 2.688, 2.795, 2.441, 1.796, 1.929, 2.234, 2.382, 2.361, 2.024, 2.531, 2.644, 2.584, 2.649, 2.675, 2.514, 2.899, 3.543, 4.625, 6.212, 6.613, 6.53], [1.034, 0.0, 1.023, 0.899, 1.143, 1.364, 1.74, 1.756, 1.534, 1.312, 1.309, 1.616, 2.147, 1.264, 1.59, 1.455, 1.154, 1.608, 1.825, 1.774, 1.522, 1.715, 1.357, 1.626, 2.022, 2.103, 1.837, 1.845, 2.106, 2.184, 2.292, 2.502, 2.591, 2.551, 2.185, 1.655, 1.826, 1.808, 1.832, 2.227, 2.29, 2.246, 2.664, 2.875, 3.093, 2.12, 2.949, 3.164, 2.715, 2.548, 2.474, 2.845, 3.374, 3.613, 3.135, 2.534, 3.279, 4.789, 6.365, 6.588, 6.359, 5.143, 3.619, 2.665, 2.491, 2.621, 2.693, 2.379, 2.059, 2.414, 2.468, 2.536, 2.554, 2.212, 2.423, 2.722, 2.786, 2.813, 2.75, 2.532, 2.905, 3.611, 4.701, 6.309, 6.675, 6.506], [1.357, 1.023, 0.0, 0.812, 1.298, 1.702, 2.053, 2.112, 1.859, 1.697, 1.491, 1.572, 2.154, 1.576, 2.028, 1.653, 0.987, 1.244, 1.44, 1.523, 1.339, 1.698, 1.617, 1.441, 1.774, 1.719, 1.702, 1.7, 1.855, 1.861, 2.082, 2.276, 2.438, 2.398, 2.023, 1.437, 1.449, 1.505, 1.571, 1.86, 2.065, 2.105, 2.636, 2.868, 3.154, 2.189, 2.75, 2.829, 2.409, 2.234, 2.241, 2.526, 3.12, 3.572, 3.085, 2.336, 3.119, 4.577, 6.101, 6.219, 5.896, 4.801, 3.288, 2.379, 2.282, 2.416, 2.487, 2.163, 2.268, 2.705, 2.917, 2.965, 2.952, 2.485, 2.383, 2.54, 2.67, 2.904, 2.925, 2.789, 3.242, 4.101, 5.045, 6.558, 6.954, 6.935], [1.436, 0.899, 0.812, 0.0, 0.859, 1.444, 1.891, 2.059, 1.743, 1.649, 1.453, 1.361, 1.958, 1.442, 2.029, 1.734, 1.277, 1.46, 1.657, 1.571, 1.374, 1.706, 1.517, 1.409, 1.773, 1.811, 1.732, 1.654, 1.767, 1.829, 2.173, 2.278, 2.532, 2.496, 2.137, 1.71, 1.497, 1.595, 1.69, 2.068, 2.163, 2.239, 2.636, 2.955, 3.181, 2.066, 2.831, 2.96, 2.483, 2.361, 2.32, 2.562, 3.076, 3.374, 2.862, 2.312, 3.069, 4.674, 6.23, 6.26, 5.983, 4.902, 3.357, 2.46, 2.32, 2.586, 2.661, 2.319, 2.222, 2.552, 2.66, 2.722, 2.968, 2.423, 2.292, 2.513, 2.619, 2.776, 2.826, 2.811, 3.251, 4.101, 5.02, 6.513, 6.886, 6.845], [1.503, 1.143, 1.298, 0.859, 0.0, 1.048, 1.444, 1.893, 1.42, 1.28, 1.279, 1.306, 2.074, 1.468, 1.941, 1.817, 1.718, 1.912, 2.216, 2.074, 1.808, 1.998, 1.727, 1.798, 2.227, 2.219, 2.144, 2.142, 2.17, 2.198, 2.402, 2.494, 2.716, 2.701, 2.422, 2.15, 1.938, 1.969, 2.125, 2.537, 2.566, 2.737, 2.868, 3.221, 3.364, 2.392, 3.316, 3.43, 3.011, 2.891, 2.817, 3.003, 3.36, 3.442, 3.092, 2.823, 3.304, 4.934, 6.504, 6.611, 6.342, 5.192, 3.662, 3.014, 2.825, 2.936, 3.019, 2.716, 2.362, 2.652, 2.494, 2.563, 2.772, 2.254, 2.58, 2.633, 2.625, 2.576, 2.623, 2.62, 3.039, 3.851, 4.808, 6.301, 6.702, 6.638], [1.836, 1.364, 1.702, 1.444, 1.048, 0.0, 0.914, 1.362, 1.052, 1.208, 1.307, 1.965, 2.589, 1.835, 2.001, 1.996, 2.069, 2.417, 2.618, 2.451, 2.121, 2.523, 2.208, 2.094, 2.628, 2.515, 2.307, 2.346, 2.414, 2.565, 2.876, 3.107, 3.266, 3.276, 2.888, 2.555, 2.39, 2.322, 2.417, 2.989, 2.894, 3.147, 3.25, 3.643, 3.806, 2.478, 3.332, 3.427, 3.04, 3.162, 3.096, 3.075, 3.42, 3.477, 3.142, 2.833, 3.634, 5.308, 6.831, 7.081, 6.82, 5.629, 4.039, 3.156, 2.925, 3.206, 3.339, 2.99, 2.544, 2.985, 2.758, 2.519, 2.454, 2.13, 2.671, 2.718, 2.735, 2.596, 2.469, 2.48, 2.722, 3.35, 4.225, 5.762, 6.095, 5.985], [2.186, 1.74, 2.053, 1.891, 1.444, 0.914, 0.0, 0.94, 0.936, 1.29, 1.482, 2.427, 3.112, 2.274, 2.209, 2.114, 2.558, 3.005, 3.2, 2.999, 2.763, 2.941, 2.578, 2.553, 3.075, 2.908, 2.567, 2.638, 2.856, 3.076, 3.445, 3.643, 3.839, 3.782, 3.464, 3.084, 2.895, 2.817, 2.94, 3.519, 3.496, 3.717, 3.836, 4.132, 4.306, 2.874, 3.487, 3.611, 3.321, 3.609, 3.549, 3.28, 3.464, 3.472, 3.198, 3.065, 4.063, 5.836, 7.374, 7.531, 7.201, 6.103, 4.472, 3.477, 3.347, 3.659, 3.77, 3.425, 2.767, 3.188, 2.85, 2.546, 2.528, 2.376, 2.796, 3.017, 3.128, 2.941, 2.879, 2.708, 2.666, 3.08, 3.818, 5.382, 5.559, 5.684], [2.171, 1.756, 2.112, 2.059, 1.893, 1.362, 0.94, 0.0, 0.908, 1.351, 1.521, 2.648, 3.236, 2.125, 2.057, 2.024, 2.352, 3.02, 3.102, 3.002, 2.829, 3.159, 2.57, 2.483, 3.1, 2.876, 2.443, 2.617, 2.909, 3.292, 3.642, 3.927, 4.072, 3.854, 3.439, 2.762, 2.886, 2.792, 2.802, 3.303, 3.403, 3.398, 3.856, 4.118, 4.458, 3.011, 3.149, 3.266, 3.082, 3.29, 3.319, 3.0, 3.193, 3.336, 2.964, 2.861, 4.188, 6.129, 7.683, 7.799, 7.417, 6.376, 4.658, 3.335, 3.069, 3.336, 3.433, 3.087, 2.498, 2.813, 2.74, 2.69, 2.371, 2.308, 2.711, 3.053, 3.261, 3.168, 3.088, 2.818, 2.63, 2.825, 3.678, 5.357, 5.551, 5.64], [1.912, 1.534, 1.859, 1.743, 1.42, 1.052, 0.936, 0.908, 0.0, 0.857, 1.194, 2.124, 2.775, 1.728, 1.839, 1.784, 2.1, 2.698, 2.812, 2.696, 2.485, 2.71, 2.281, 2.228, 2.871, 2.718, 2.237, 2.294, 2.561, 2.883, 3.174, 3.465, 3.615, 3.388, 2.99, 2.477, 2.584, 2.498, 2.562, 3.079, 2.987, 3.005, 3.289, 3.649, 4.018, 2.684, 3.149, 3.284, 2.826, 2.87, 2.858, 2.903, 3.145, 3.283, 2.95, 2.725, 3.78, 5.654, 7.232, 7.309, 7.003, 5.906, 4.165, 2.972, 2.862, 3.141, 3.172, 2.77, 2.129, 2.567, 2.598, 2.602, 2.139, 1.917, 2.6, 2.734, 2.899, 2.793, 2.751, 2.548, 2.538, 3.03, 3.923, 5.604, 5.906, 5.88], [1.446, 1.312, 1.697, 1.649, 1.28, 1.208, 1.29, 1.351, 0.857, 0.0, 0.822, 1.859, 2.558, 1.552, 1.409, 1.326, 1.759, 2.374, 2.552, 2.447, 2.311, 2.618, 1.897, 1.924, 2.695, 2.663, 2.206, 2.36, 2.59, 2.732, 2.963, 3.244, 3.418, 3.234, 2.801, 2.044, 2.273, 2.144, 2.291, 2.711, 2.799, 2.81, 3.2, 3.479, 3.891, 2.771, 3.258, 3.459, 2.993, 2.824, 2.871, 3.091, 3.043, 3.067, 2.836, 2.822, 3.838, 5.604, 7.238, 7.307, 7.065, 5.874, 4.173, 3.091, 2.945, 2.785, 2.838, 2.597, 1.822, 2.242, 2.1, 2.264, 1.884, 1.493, 2.18, 2.283, 2.353, 2.289, 2.335, 2.097, 2.184, 2.904, 3.962, 5.651, 6.043, 5.93], [1.291, 1.309, 1.491, 1.453, 1.279, 1.307, 1.482, 1.521, 1.194, 0.822, 0.0, 1.731, 2.503, 1.517, 1.516, 1.383, 1.655, 2.276, 2.406, 2.469, 2.408, 2.562, 1.67, 1.738, 2.54, 2.41, 2.22, 2.346, 2.639, 2.643, 2.841, 3.058, 3.349, 3.177, 2.749, 2.0, 2.151, 2.238, 2.386, 2.785, 2.864, 2.688, 3.196, 3.4, 3.847, 2.915, 3.221, 3.427, 2.993, 2.767, 2.812, 3.112, 3.068, 3.132, 2.823, 2.814, 3.847, 5.548, 7.11, 7.165, 6.836, 5.719, 4.075, 3.044, 3.058, 3.017, 3.036, 2.678, 1.904, 2.273, 2.236, 2.301, 2.017, 1.449, 2.34, 2.283, 2.408, 2.288, 2.323, 2.097, 2.339, 3.073, 4.117, 5.759, 6.108, 6.112], [1.623, 1.616, 1.572, 1.361, 1.306, 1.965, 2.427, 2.648, 2.124, 1.859, 1.731, 0.0, 1.26, 1.347, 2.233, 2.062, 1.599, 1.669, 1.946, 1.98, 1.81, 1.669, 1.592, 1.984, 2.719, 2.648, 2.36, 2.306, 2.409, 2.23, 1.977, 1.975, 1.963, 1.875, 1.855, 1.934, 2.249, 2.274, 2.347, 2.544, 2.317, 2.264, 2.359, 2.63, 2.808, 2.714, 3.477, 3.545, 3.131, 2.807, 2.661, 3.107, 3.577, 3.755, 3.283, 2.937, 3.001, 4.267, 5.912, 6.034, 5.75, 4.677, 3.555, 3.185, 3.083, 2.909, 2.958, 2.612, 2.314, 2.718, 3.075, 3.437, 3.423, 2.718, 2.875, 2.881, 2.837, 3.233, 3.342, 3.329, 3.792, 4.476, 5.644, 7.36, 7.774, 7.661], [2.043, 2.147, 2.154, 1.958, 2.074, 2.589, 3.112, 3.236, 2.775, 2.558, 2.503, 1.26, 0.0, 1.609, 2.704, 2.631, 1.918, 1.797, 1.976, 1.876, 1.645, 1.154, 1.662, 2.116, 2.78, 2.707, 2.325, 2.128, 2.303, 2.037, 1.649, 1.891, 1.511, 1.292, 1.327, 1.883, 2.51, 2.422, 2.382, 2.372, 1.99, 1.828, 1.955, 2.032, 2.264, 2.502, 3.384, 3.456, 2.994, 2.518, 2.513, 3.071, 3.697, 4.056, 3.639, 2.847, 2.763, 3.951, 5.351, 5.67, 5.398, 4.419, 3.346, 3.056, 2.831, 2.779, 2.825, 2.391, 2.696, 3.069, 3.474, 3.941, 3.979, 3.257, 3.162, 3.376, 3.432, 3.813, 3.781, 3.815, 4.324, 4.981, 6.364, 8.108, 8.514, 8.361], [1.171, 1.264, 1.576, 1.442, 1.468, 1.835, 2.274, 2.125, 1.728, 1.552, 1.517, 1.347, 1.609, 0.0, 1.453, 1.516, 1.173, 1.739, 1.943, 1.935, 1.852, 1.638, 1.361, 1.783, 2.62, 2.597, 2.243, 2.183, 2.546, 2.443, 2.46, 2.659, 2.604, 2.175, 1.884, 1.611, 2.226, 2.253, 2.215, 2.331, 2.176, 1.838, 2.233, 2.359, 2.718, 2.519, 3.237, 3.416, 2.916, 2.481, 2.571, 3.125, 3.451, 3.593, 3.19, 2.893, 3.607, 4.864, 6.441, 6.695, 6.468, 5.305, 3.744, 2.998, 2.749, 2.481, 2.467, 2.145, 1.615, 1.874, 2.404, 2.73, 2.698, 2.213, 2.571, 2.653, 2.642, 2.885, 2.918, 2.778, 3.249, 3.899, 5.219, 6.861, 7.257, 7.121], [1.278, 1.59, 2.028, 2.029, 1.941, 2.001, 2.209, 2.057, 1.839, 1.409, 1.516, 2.233, 2.704, 1.453, 0.0, 0.774, 1.54, 2.579, 2.42, 2.432, 2.614, 2.705, 1.786, 1.823, 2.825, 3.04, 2.606, 2.708, 3.015, 3.161, 3.332, 3.556, 3.558, 3.325, 2.936, 1.955, 1.926, 2.096, 1.952, 2.381, 2.916, 2.741, 3.292, 3.48, 3.697, 2.913, 3.064, 3.33, 2.914, 2.687, 2.967, 3.53, 2.893, 2.883, 2.533, 3.12, 4.426, 5.789, 7.378, 7.733, 7.507, 6.255, 4.56, 3.343, 2.901, 2.2, 2.294, 2.022, 1.202, 1.156, 1.482, 1.652, 1.498, 1.454, 1.969, 1.997, 2.01, 2.129, 2.046, 1.78, 2.12, 2.677, 3.911, 5.524, 5.908, 5.773], [1.271, 1.455, 1.653, 1.734, 1.817, 1.996, 2.114, 2.024, 1.784, 1.326, 1.383, 2.062, 2.631, 1.516, 0.774, 0.0, 1.343, 2.328, 2.235, 2.294, 2.396, 2.498, 1.589, 1.488, 2.513, 2.682, 2.245, 2.398, 2.676, 2.854, 3.028, 3.315, 3.357, 3.21, 2.789, 1.68, 1.703, 1.797, 1.733, 2.253, 2.873, 2.732, 3.262, 3.436, 3.707, 2.649, 2.838, 3.07, 2.741, 2.488, 2.639, 3.24, 2.563, 2.667, 2.377, 2.785, 4.13, 5.493, 7.042, 7.361, 7.129, 5.883, 4.239, 3.007, 2.634, 2.239, 2.262, 2.04, 1.177, 1.403, 1.516, 1.718, 1.623, 1.273, 1.677, 1.763, 1.894, 1.999, 2.024, 1.783, 2.172, 2.758, 3.926, 5.56, 5.956, 5.821], [1.306, 1.154, 0.987, 1.277, 1.718, 2.069, 2.558, 2.352, 2.1, 1.759, 1.655, 1.599, 1.918, 1.173, 1.54, 1.343, 0.0, 1.191, 1.266, 1.366, 1.341, 1.52, 1.418, 1.25, 1.707, 1.846, 1.663, 1.714, 2.054, 2.086, 1.993, 2.257, 2.264, 2.115, 1.701, 0.965, 1.53, 1.437, 1.3, 1.54, 1.79, 1.662, 2.239, 2.381, 2.72, 2.008, 2.461, 2.633, 2.146, 1.846, 2.007, 2.587, 2.899, 3.435, 2.917, 2.187, 3.226, 4.567, 6.148, 6.432, 6.193, 4.949, 3.381, 2.374, 2.084, 1.856, 1.915, 1.569, 1.707, 2.086, 2.459, 2.709, 2.731, 2.269, 2.207, 2.511, 2.499, 2.838, 2.824, 2.695, 3.216, 3.902, 5.173, 6.807, 7.203, 7.067], [1.761, 1.608, 1.244, 1.46, 1.912, 2.417, 3.005, 3.02, 2.698, 2.374, 2.276, 1.669, 1.797, 1.739, 2.579, 2.328, 1.191, 0.0, 0.935, 1.217, 1.419, 1.492, 1.627, 1.859, 1.844, 1.772, 1.855, 1.831, 1.84, 1.67, 1.509, 1.568, 1.654, 1.543, 1.292, 1.49, 2.006, 1.864, 1.833, 1.675, 1.859, 1.799, 2.144, 1.904, 2.211, 1.871, 2.759, 2.851, 2.34, 2.358, 2.191, 2.707, 3.587, 4.17, 3.665, 2.347, 2.519, 3.778, 5.32, 5.537, 5.274, 4.074, 2.709, 2.095, 2.13, 2.449, 2.569, 2.155, 2.723, 3.119, 3.458, 3.694, 3.816, 3.138, 2.967, 3.209, 3.094, 3.463, 3.527, 3.5, 4.148, 4.911, 6.051, 7.666, 8.075, 7.912], [1.953, 1.825, 1.44, 1.657, 2.216, 2.618, 3.2, 3.102, 2.812, 2.552, 2.406, 1.946, 1.976, 1.943, 2.42, 2.235, 1.266, 0.935, 0.0, 0.795, 1.262, 1.796, 1.884, 1.802, 1.94, 1.947, 1.867, 1.821, 1.693, 1.597, 1.71, 1.927, 1.947, 1.936, 1.636, 1.449, 1.832, 1.741, 1.704, 1.518, 1.693, 1.558, 2.163, 2.069, 2.382, 2.009, 2.673, 2.623, 2.076, 2.005, 1.934, 2.603, 3.401, 3.944, 3.449, 2.307, 2.614, 3.786, 5.389, 5.619, 5.338, 4.194, 2.72, 1.925, 1.948, 2.129, 2.29, 1.874, 2.505, 2.907, 3.248, 3.566, 3.654, 2.962, 2.778, 2.968, 2.934, 3.371, 3.357, 3.438, 4.102, 4.763, 5.905, 7.592, 8.0, 7.846], [2.065, 1.774, 1.523, 1.571, 2.074, 2.451, 2.999, 3.002, 2.696, 2.447, 2.469, 1.98, 1.876, 1.935, 2.432, 2.294, 1.366, 1.217, 0.795, 0.0, 0.883, 1.584, 1.901, 1.7, 1.855, 1.911, 1.681, 1.524, 1.475, 1.503, 1.706, 1.967, 1.968, 1.973, 1.6, 1.47, 1.789, 1.531, 1.536, 1.374, 1.415, 1.408, 1.957, 2.118, 2.312, 1.766, 2.592, 2.433, 1.805, 1.71, 1.674, 2.318, 3.21, 3.817, 3.278, 2.076, 2.515, 3.811, 5.424, 5.616, 5.398, 4.213, 2.657, 1.809, 1.795, 1.965, 2.059, 1.696, 2.514, 2.899, 3.152, 3.509, 3.652, 3.026, 2.76, 3.038, 3.06, 3.364, 3.353, 3.5, 4.121, 4.772, 5.962, 7.599, 7.995, 7.86], [2.019, 1.522, 1.339, 1.374, 1.808, 2.121, 2.763, 2.829, 2.485, 2.311, 2.408, 1.81, 1.645, 1.852, 2.614, 2.396, 1.341, 1.419, 1.262, 0.883, 0.0, 1.374, 1.802, 1.535, 1.826, 1.828, 1.594, 1.27, 1.414, 1.459, 1.513, 1.809, 1.834, 1.989, 1.45, 1.44, 1.706, 1.497, 1.459, 1.495, 1.321, 1.626, 1.895, 2.177, 2.349, 1.597, 2.54, 2.433, 1.891, 1.653, 1.675, 2.104, 3.004, 3.697, 3.169, 2.011, 2.303, 3.682, 5.28, 5.424, 5.187, 4.076, 2.559, 1.968, 1.76, 1.887, 1.988, 1.743, 2.687, 3.059, 3.172, 3.457, 3.65, 3.053, 2.639, 3.03, 3.129, 3.494, 3.52, 3.547, 4.033, 4.831, 5.926, 7.584, 7.965, 7.831], [2.001, 1.715, 1.698, 1.706, 1.998, 2.523, 2.941, 3.159, 2.71, 2.618, 2.562, 1.669, 1.154, 1.638, 2.705, 2.498, 1.52, 1.492, 1.796, 1.584, 1.374, 0.0, 1.653, 1.845, 2.061, 2.154, 1.831, 1.705, 1.977, 1.887, 1.616, 1.816, 1.419, 1.342, 1.342, 1.596, 2.102, 2.069, 1.932, 2.05, 1.895, 1.745, 1.917, 2.023, 2.017, 1.806, 2.876, 3.029, 2.506, 2.218, 2.281, 2.755, 3.538, 4.1, 3.552, 2.4, 2.575, 3.643, 5.065, 5.368, 5.154, 4.206, 3.017, 2.499, 2.341, 2.562, 2.557, 2.257, 2.78, 3.095, 3.355, 3.508, 3.727, 3.157, 2.904, 3.359, 3.497, 3.738, 3.628, 3.652, 4.151, 4.904, 6.132, 7.72, 8.081, 7.96], [0.99, 1.357, 1.617, 1.517, 1.727, 2.208, 2.578, 2.57, 2.281, 1.897, 1.67, 1.592, 1.662, 1.361, 1.786, 1.589, 1.418, 1.627, 1.884, 1.901, 1.802, 1.653, 0.0, 1.182, 2.016, 2.02, 1.681, 1.789, 2.191, 2.065, 1.963, 2.256, 2.288, 2.153, 1.814, 1.389, 1.679, 1.806, 1.831, 2.123, 2.189, 1.977, 2.469, 2.442, 2.684, 2.108, 2.835, 3.129, 2.685, 2.341, 2.289, 2.958, 3.044, 3.184, 2.779, 2.496, 3.344, 4.469, 5.973, 6.353, 6.1, 4.918, 3.432, 2.64, 2.553, 2.478, 2.506, 2.145, 1.971, 2.128, 2.318, 2.586, 2.74, 2.139, 2.351, 2.6, 2.591, 2.748, 2.875, 2.858, 3.332, 3.863, 4.922, 6.545, 6.957, 6.793], [1.605, 1.626, 1.441, 1.409, 1.798, 2.094, 2.553, 2.483, 2.228, 1.924, 1.738, 1.984, 2.116, 1.783, 1.823, 1.488, 1.25, 1.859, 1.802, 1.7, 1.535, 1.845, 1.182, 0.0, 1.295, 1.334, 1.185, 1.218, 1.704, 1.769, 1.97, 2.253, 2.397, 2.52, 2.011, 1.001, 0.972, 0.924, 1.043, 1.551, 1.944, 1.853, 2.395, 2.583, 2.796, 1.807, 2.193, 2.41, 1.977, 1.826, 1.982, 2.4, 2.157, 2.583, 2.13, 1.944, 3.033, 4.477, 6.059, 6.311, 6.035, 4.858, 3.254, 2.067, 2.004, 1.783, 1.883, 1.675, 1.974, 2.163, 2.262, 2.429, 2.633, 1.98, 1.611, 2.039, 2.247, 2.48, 2.49, 2.6, 3.002, 3.691, 4.686, 6.368, 6.737, 6.586], [2.498, 2.022, 1.774, 1.773, 2.227, 2.628, 3.075, 3.1, 2.871, 2.695, 2.54, 2.719, 2.78, 2.62, 2.825, 2.513, 1.707, 1.844, 1.94, 1.855, 1.826, 2.061, 2.016, 1.295, 0.0, 0.691, 1.129, 1.379, 1.385, 1.488, 1.601, 1.581, 2.026, 2.472, 1.977, 1.552, 1.45, 1.274, 1.368, 1.388, 1.633, 2.038, 2.505, 2.506, 2.608, 1.595, 1.927, 1.989, 1.727, 1.706, 1.566, 1.742, 2.391, 3.441, 2.953, 1.707, 2.365, 3.906, 5.463, 5.657, 5.369, 4.241, 2.61, 1.463, 1.373, 1.839, 1.879, 1.871, 2.968, 3.26, 3.247, 3.282, 3.674, 3.045, 2.443, 3.034, 3.211, 3.333, 3.354, 3.485, 3.836, 4.64, 5.467, 7.131, 7.441, 7.369], [2.489, 2.103, 1.719, 1.811, 2.219, 2.515, 2.908, 2.876, 2.718, 2.663, 2.41, 2.648, 2.707, 2.597, 3.04, 2.682, 1.846, 1.772, 1.947, 1.911, 1.828, 2.154, 2.02, 1.334, 0.691, 0.0, 0.963, 1.163, 1.227, 1.49, 1.644, 1.611, 1.967, 2.351, 1.895, 1.529, 1.609, 1.366, 1.489, 1.517, 1.648, 2.042, 2.546, 2.421, 2.633, 1.525, 1.738, 1.889, 1.622, 1.848, 1.742, 1.63, 2.33, 3.219, 2.771, 1.603, 2.244, 3.995, 5.58, 5.683, 5.294, 4.239, 2.639, 1.371, 1.407, 1.931, 2.041, 1.975, 3.039, 3.373, 3.355, 3.44, 3.74, 3.075, 2.462, 3.008, 3.238, 3.376, 3.494, 3.605, 3.869, 4.673, 5.457, 7.065, 7.421, 7.431], [2.26, 1.837, 1.702, 1.732, 2.144, 2.307, 2.567, 2.443, 2.237, 2.206, 2.22, 2.36, 2.325, 2.243, 2.606, 2.245, 1.663, 1.855, 1.867, 1.681, 1.594, 1.831, 1.681, 1.185, 1.129, 0.963, 0.0, 0.841, 1.142, 1.427, 1.606, 1.902, 2.166, 2.354, 1.798, 1.322, 1.624, 1.279, 1.375, 1.541, 1.597, 1.771, 2.187, 2.354, 2.587, 1.232, 1.68, 1.934, 1.531, 1.608, 1.544, 1.609, 2.092, 2.843, 2.402, 1.316, 2.332, 4.168, 5.729, 5.882, 5.583, 4.45, 2.806, 1.513, 1.422, 1.905, 2.062, 1.762, 2.498, 2.85, 2.874, 3.019, 3.192, 2.563, 2.071, 2.781, 3.017, 3.181, 3.311, 3.369, 3.478, 4.143, 5.044, 6.868, 7.173, 7.045], [2.398, 1.845, 1.7, 1.654, 2.142, 2.346, 2.638, 2.617, 2.294, 2.36, 2.346, 2.306, 2.128, 2.183, 2.708, 2.398, 1.714, 1.831, 1.821, 1.524, 1.27, 1.705, 1.789, 1.218, 1.379, 1.163, 0.841, 0.0, 0.866, 1.183, 1.497, 1.73, 1.932, 2.18, 1.641, 1.408, 1.596, 1.383, 1.514, 1.672, 1.572, 1.679, 1.917, 2.098, 2.24, 1.173, 1.838, 1.949, 1.536, 1.541, 1.492, 1.629, 2.297, 2.972, 2.463, 1.224, 2.071, 3.893, 5.453, 5.583, 5.251, 4.161, 2.455, 1.484, 1.505, 1.971, 2.091, 1.718, 2.576, 2.911, 3.007, 3.197, 3.343, 2.685, 2.274, 2.798, 3.115, 3.382, 3.464, 3.532, 3.786, 4.483, 5.289, 7.019, 7.336, 7.256], [2.705, 2.106, 1.855, 1.767, 2.17, 2.414, 2.856, 2.909, 2.561, 2.59, 2.639, 2.409, 2.303, 2.546, 3.015, 2.676, 2.054, 1.84, 1.693, 1.475, 1.414, 1.977, 2.191, 1.704, 1.385, 1.227, 1.142, 0.866, 0.0, 0.819, 1.269, 1.441, 1.762, 2.278, 1.728, 1.712, 1.692, 1.379, 1.589, 1.549, 1.503, 1.811, 2.002, 2.182, 2.233, 1.287, 2.099, 2.012, 1.576, 1.565, 1.429, 1.605, 2.53, 3.399, 2.907, 1.553, 1.843, 3.588, 5.182, 5.293, 4.939, 3.853, 2.277, 1.328, 1.292, 1.888, 2.024, 1.81, 2.88, 3.332, 3.383, 3.604, 3.706, 3.098, 2.652, 3.011, 3.271, 3.428, 3.572, 3.696, 4.037, 4.742, 5.578, 7.247, 7.65, 7.584], [2.591, 2.184, 1.861, 1.829, 2.198, 2.565, 3.076, 3.292, 2.883, 2.732, 2.643, 2.23, 2.037, 2.443, 3.161, 2.854, 2.086, 1.67, 1.597, 1.503, 1.459, 1.887, 2.065, 1.769, 1.488, 1.49, 1.427, 1.183, 0.819, 0.0, 0.921, 1.238, 1.618, 2.18, 1.608, 1.803, 1.867, 1.674, 1.999, 1.741, 1.524, 1.86, 1.832, 1.909, 2.052, 1.632, 2.679, 2.612, 2.066, 1.695, 1.503, 1.917, 2.899, 3.878, 3.389, 2.105, 1.661, 3.166, 4.741, 4.929, 4.613, 3.433, 1.886, 1.627, 1.715, 2.134, 2.255, 2.065, 3.116, 3.508, 3.716, 3.98, 4.082, 3.266, 2.977, 3.181, 3.391, 3.674, 3.823, 3.895, 4.461, 5.098, 6.01, 7.734, 8.148, 8.042], [2.455, 2.292, 2.082, 2.173, 2.402, 2.876, 3.445, 3.642, 3.174, 2.963, 2.841, 1.977, 1.649, 2.46, 3.332, 3.028, 1.993, 1.509, 1.71, 1.706, 1.513, 1.616, 1.963, 1.97, 1.601, 1.644, 1.606, 1.497, 1.269, 0.921, 0.0, 0.848, 1.133, 1.549, 1.161, 1.683, 2.139, 1.881, 2.064, 1.757, 1.38, 1.675, 1.659, 1.688, 1.825, 1.822, 2.849, 2.877, 2.37, 1.925, 1.568, 2.142, 3.193, 4.253, 3.784, 2.351, 1.786, 3.086, 4.638, 4.894, 4.596, 3.396, 2.103, 1.999, 1.99, 2.336, 2.419, 2.242, 3.308, 3.732, 4.006, 4.331, 4.412, 3.564, 3.271, 3.479, 3.583, 3.898, 3.976, 4.062, 4.619, 5.315, 6.455, 8.232, 8.645, 8.476], [2.688, 2.502, 2.276, 2.278, 2.494, 3.107, 3.643, 3.927, 3.465, 3.244, 3.058, 1.975, 1.891, 2.659, 3.556, 3.315, 2.257, 1.568, 1.927, 1.967, 1.809, 1.816, 2.256, 2.253, 1.581, 1.611, 1.902, 1.73, 1.441, 1.238, 0.848, 0.0, 0.838, 1.381, 1.257, 1.935, 2.31, 2.083, 2.228, 1.871, 1.563, 1.904, 1.762, 1.622, 1.604, 1.898, 2.976, 2.963, 2.589, 2.333, 1.981, 2.427, 3.546, 4.566, 4.084, 2.451, 1.784, 3.122, 4.727, 4.886, 4.582, 3.454, 2.242, 2.068, 2.105, 2.567, 2.638, 2.52, 3.59, 4.009, 4.269, 4.606, 4.716, 3.916, 3.614, 3.85, 3.817, 4.047, 4.119, 4.236, 4.817, 5.549, 6.682, 8.405, 8.838, 8.716], [2.766, 2.591, 2.438, 2.532, 2.716, 3.266, 3.839, 4.072, 3.615, 3.418, 3.349, 1.963, 1.511, 2.604, 3.558, 3.357, 2.264, 1.654, 1.947, 1.968, 1.834, 1.419, 2.288, 2.397, 2.026, 1.967, 2.166, 1.932, 1.762, 1.618, 1.133, 0.838, 0.0, 0.965, 1.154, 1.985, 2.504, 2.201, 2.305, 1.927, 1.729, 2.066, 1.981, 1.874, 1.634, 2.036, 3.275, 3.264, 2.894, 2.533, 2.349, 2.845, 3.857, 4.816, 4.353, 2.727, 1.885, 2.872, 4.339, 4.585, 4.315, 3.38, 2.559, 2.344, 2.298, 2.689, 2.801, 2.553, 3.713, 4.035, 4.311, 4.676, 4.786, 4.075, 3.737, 3.939, 3.96, 4.247, 4.178, 4.309, 4.945, 5.669, 6.934, 8.678, 9.091, 8.909], [2.607, 2.551, 2.398, 2.496, 2.701, 3.276, 3.782, 3.854, 3.388, 3.234, 3.177, 1.875, 1.292, 2.175, 3.325, 3.21, 2.115, 1.543, 1.936, 1.973, 1.989, 1.342, 2.153, 2.52, 2.472, 2.351, 2.354, 2.18, 2.278, 2.18, 1.549, 1.381, 0.965, 0.0, 0.901, 1.807, 2.664, 2.511, 2.396, 2.14, 1.876, 1.821, 1.831, 1.649, 1.679, 2.291, 3.255, 3.322, 2.91, 2.79, 2.564, 3.123, 4.141, 4.762, 4.289, 2.804, 2.439, 3.48, 4.87, 5.16, 4.89, 3.939, 2.973, 2.692, 2.535, 2.857, 2.942, 2.553, 3.292, 3.637, 4.135, 4.592, 4.57, 3.901, 3.633, 3.856, 3.859, 4.217, 4.157, 4.243, 4.806, 5.52, 6.936, 8.67, 9.083, 8.889], [2.25, 2.185, 2.023, 2.137, 2.422, 2.888, 3.464, 3.439, 2.99, 2.801, 2.749, 1.855, 1.327, 1.884, 2.936, 2.789, 1.701, 1.292, 1.636, 1.6, 1.45, 1.342, 1.814, 2.011, 1.977, 1.895, 1.798, 1.641, 1.728, 1.608, 1.161, 1.257, 1.154, 0.901, 0.0, 1.302, 2.163, 1.95, 1.886, 1.662, 1.274, 1.342, 1.511, 1.391, 1.805, 1.755, 2.695, 2.761, 2.297, 2.045, 1.896, 2.421, 3.46, 4.199, 3.777, 2.238, 2.341, 3.573, 5.078, 5.372, 5.075, 3.977, 2.624, 2.207, 2.027, 2.202, 2.269, 1.848, 2.798, 3.187, 3.705, 4.165, 4.128, 3.436, 3.186, 3.399, 3.452, 3.825, 3.778, 3.833, 4.354, 5.094, 6.509, 8.271, 8.685, 8.49], [1.681, 1.655, 1.437, 1.71, 2.15, 2.555, 3.084, 2.762, 2.477, 2.044, 2.0, 1.934, 1.883, 1.611, 1.955, 1.68, 0.965, 1.49, 1.449, 1.47, 1.44, 1.596, 1.389, 1.001, 1.552, 1.529, 1.322, 1.408, 1.712, 1.803, 1.683, 1.935, 1.985, 1.807, 1.302, 0.0, 1.138, 1.072, 0.999, 1.169, 1.491, 1.378, 1.97, 2.133, 2.559, 1.971, 2.235, 2.448, 1.998, 1.697, 1.748, 2.356, 2.545, 3.084, 2.628, 2.009, 2.996, 4.371, 5.959, 6.204, 5.939, 4.763, 3.202, 2.114, 1.944, 1.597, 1.685, 1.42, 1.948, 2.19, 2.534, 2.924, 2.912, 2.249, 1.975, 2.255, 2.353, 2.649, 2.651, 2.681, 3.154, 3.822, 5.239, 7.012, 7.425, 7.231], [1.989, 1.826, 1.449, 1.497, 1.938, 2.39, 2.895, 2.886, 2.584, 2.273, 2.151, 2.249, 2.51, 2.226, 1.926, 1.703, 1.53, 2.006, 1.832, 1.789, 1.706, 2.102, 1.679, 0.972, 1.45, 1.609, 1.624, 1.596, 1.692, 1.867, 2.139, 2.31, 2.504, 2.664, 2.163, 1.138, 0.0, 0.805, 0.909, 1.362, 2.068, 2.052, 2.726, 3.026, 3.197, 2.335, 2.344, 2.42, 1.998, 1.918, 2.138, 2.479, 2.28, 2.615, 2.157, 2.208, 3.277, 4.722, 6.253, 6.403, 6.124, 4.986, 3.437, 2.314, 2.063, 1.76, 1.796, 1.67, 2.154, 2.307, 2.415, 2.577, 2.777, 2.179, 1.779, 1.874, 2.014, 2.205, 2.271, 2.382, 2.935, 3.737, 4.757, 6.36, 6.729, 6.62], [2.074, 1.808, 1.505, 1.595, 1.969, 2.322, 2.817, 2.792, 2.498, 2.144, 2.238, 2.274, 2.422, 2.253, 2.096, 1.797, 1.437, 1.864, 1.741, 1.531, 1.497, 2.069, 1.806, 0.924, 1.274, 1.366, 1.279, 1.383, 1.379, 1.674, 1.881, 2.083, 2.201, 2.511, 1.95, 1.072, 0.805, 0.0, 0.756, 1.027, 1.665, 1.917, 2.551, 2.846, 2.975, 1.972, 2.282, 2.289, 1.875, 1.745, 1.819, 2.146, 2.112, 2.838, 2.354, 1.955, 2.87, 4.442, 5.99, 6.16, 5.918, 4.728, 3.2, 1.868, 1.698, 1.441, 1.681, 1.497, 2.318, 2.573, 2.616, 2.795, 2.956, 2.407, 1.922, 2.175, 2.262, 2.444, 2.449, 2.6, 3.075, 3.897, 5.02, 6.664, 7.067, 6.88], [2.162, 1.832, 1.571, 1.69, 2.125, 2.417, 2.94, 2.802, 2.562, 2.291, 2.386, 2.347, 2.382, 2.215, 1.952, 1.733, 1.3, 1.833, 1.704, 1.536, 1.459, 1.932, 1.831, 1.043, 1.368, 1.489, 1.375, 1.514, 1.589, 1.999, 2.064, 2.228, 2.305, 2.396, 1.886, 0.999, 0.909, 0.756, 0.0, 0.994, 1.672, 1.853, 2.457, 2.788, 2.958, 1.901, 2.05, 2.034, 1.664, 1.675, 1.9, 2.185, 2.128, 2.788, 2.325, 1.925, 3.029, 4.571, 6.104, 6.373, 6.128, 4.934, 3.367, 1.976, 1.603, 1.352, 1.42, 1.207, 1.995, 2.35, 2.366, 2.596, 2.766, 2.225, 1.777, 2.073, 2.166, 2.386, 2.353, 2.456, 2.896, 3.657, 4.921, 6.588, 6.996, 6.802], [2.431, 2.227, 1.86, 2.068, 2.537, 2.989, 3.519, 3.303, 3.079, 2.711, 2.785, 2.544, 2.372, 2.331, 2.381, 2.253, 1.54, 1.675, 1.518, 1.374, 1.495, 2.05, 2.123, 1.551, 1.388, 1.517, 1.541, 1.672, 1.549, 1.741, 1.757, 1.871, 1.927, 2.14, 1.662, 1.169, 1.362, 1.027, 0.994, 0.0, 1.27, 1.612, 2.237, 2.418, 2.518, 2.062, 2.321, 2.2, 1.8, 1.413, 1.638, 2.105, 2.614, 3.531, 3.061, 2.072, 2.638, 4.054, 5.661, 5.869, 5.631, 4.422, 2.867, 1.774, 1.403, 1.278, 1.513, 1.326, 2.511, 2.796, 3.031, 3.396, 3.473, 2.883, 2.524, 2.734, 2.744, 3.014, 3.007, 3.042, 3.558, 4.396, 5.771, 7.472, 7.885, 7.69], [2.597, 2.29, 2.065, 2.163, 2.566, 2.894, 3.496, 3.403, 2.987, 2.799, 2.864, 2.317, 1.99, 2.176, 2.916, 2.873, 1.79, 1.859, 1.693, 1.415, 1.321, 1.895, 2.189, 1.944, 1.633, 1.648, 1.597, 1.572, 1.503, 1.524, 1.38, 1.563, 1.729, 1.876, 1.274, 1.491, 2.068, 1.665, 1.672, 1.27, 0.0, 1.146, 1.462, 1.657, 2.11, 1.903, 2.599, 2.518, 1.919, 1.348, 1.333, 1.907, 3.0, 4.058, 3.617, 2.211, 2.439, 3.769, 5.367, 5.588, 5.343, 4.134, 2.498, 1.797, 1.705, 1.707, 1.637, 1.521, 2.743, 3.108, 3.597, 4.017, 3.959, 3.39, 3.111, 3.328, 3.375, 3.709, 3.718, 3.788, 4.298, 5.024, 6.414, 8.138, 8.551, 8.357], [2.466, 2.246, 2.105, 2.239, 2.737, 3.147, 3.717, 3.398, 3.005, 2.81, 2.688, 2.264, 1.828, 1.838, 2.741, 2.732, 1.662, 1.799, 1.558, 1.408, 1.626, 1.745, 1.977, 1.853, 2.038, 2.042, 1.771, 1.679, 1.811, 1.86, 1.675, 1.904, 2.066, 1.821, 1.342, 1.378, 2.052, 1.917, 1.853, 1.612, 1.146, 0.0, 1.084, 1.391, 1.97, 2.124, 2.592, 2.586, 1.958, 1.5, 1.626, 2.24, 3.008, 3.77, 3.278, 2.089, 2.854, 4.327, 5.953, 6.203, 5.947, 4.72, 3.093, 2.158, 2.027, 1.97, 1.941, 1.598, 2.362, 2.731, 3.374, 3.833, 3.792, 3.116, 3.015, 3.306, 3.424, 3.739, 3.748, 3.785, 4.208, 4.847, 6.25, 8.013, 8.419, 8.239], [2.875, 2.664, 2.636, 2.636, 2.868, 3.25, 3.836, 3.856, 3.289, 3.2, 3.196, 2.359, 1.955, 2.233, 3.292, 3.262, 2.239, 2.144, 2.163, 1.957, 1.895, 1.917, 2.469, 2.395, 2.505, 2.546, 2.187, 1.917, 2.002, 1.832, 1.659, 1.762, 1.981, 1.831, 1.511, 1.97, 2.726, 2.551, 2.457, 2.237, 1.462, 1.084, 0.0, 1.003, 1.46, 2.17, 3.2, 3.199, 2.541, 2.075, 2.123, 2.748, 3.643, 4.441, 3.956, 2.571, 2.649, 4.093, 5.716, 6.005, 5.741, 4.503, 2.948, 2.697, 2.574, 2.55, 2.56, 2.113, 2.909, 3.26, 3.928, 4.418, 4.365, 3.689, 3.564, 3.904, 4.014, 4.357, 4.375, 4.393, 4.841, 5.451, 6.831, 8.595, 9.003, 8.821], [2.899, 2.875, 2.868, 2.955, 3.221, 3.643, 4.132, 4.118, 3.649, 3.479, 3.4, 2.63, 2.032, 2.359, 3.48, 3.436, 2.381, 1.904, 2.069, 2.118, 2.177, 2.023, 2.442, 2.583, 2.506, 2.421, 2.354, 2.098, 2.182, 1.909, 1.688, 1.622, 1.874, 1.649, 1.391, 2.133, 3.026, 2.846, 2.788, 2.418, 1.657, 1.391, 1.003, 0.0, 1.199, 1.982, 3.035, 3.143, 2.594, 2.378, 2.324, 2.93, 3.921, 4.609, 4.142, 2.578, 2.486, 3.884, 5.437, 5.778, 5.491, 4.307, 2.705, 2.431, 2.499, 2.684, 2.683, 2.325, 3.207, 3.451, 4.096, 4.567, 4.535, 3.875, 3.819, 4.224, 4.337, 4.67, 4.669, 4.702, 5.078, 5.629, 6.99, 8.753, 9.155, 8.982], [3.203, 3.093, 3.154, 3.181, 3.364, 3.806, 4.306, 4.458, 4.018, 3.891, 3.847, 2.808, 2.264, 2.718, 3.697, 3.707, 2.72, 2.211, 2.382, 2.312, 2.349, 2.017, 2.684, 2.796, 2.608, 2.633, 2.587, 2.24, 2.233, 2.052, 1.825, 1.604, 1.634, 1.679, 1.805, 2.559, 3.197, 2.975, 2.958, 2.518, 2.11, 1.97, 1.46, 1.199, 0.0, 2.016, 3.307, 3.373, 2.927, 2.646, 2.532, 3.202, 4.133, 4.93, 4.433, 2.821, 1.881, 3.152, 4.711, 5.074, 4.852, 3.596, 2.488, 2.474, 2.488, 2.811, 2.85, 2.6, 3.593, 3.863, 4.288, 4.661, 4.781, 4.179, 4.067, 4.555, 4.647, 4.933, 4.889, 4.973, 5.452, 6.002, 7.195, 8.811, 9.21, 9.055], [2.56, 2.12, 2.189, 2.066, 2.392, 2.478, 2.874, 3.011, 2.684, 2.771, 2.915, 2.714, 2.502, 2.519, 2.913, 2.649, 2.008, 1.871, 2.009, 1.766, 1.597, 1.806, 2.108, 1.807, 1.595, 1.525, 1.232, 1.173, 1.287, 1.632, 1.822, 1.898, 2.036, 2.291, 1.755, 1.971, 2.335, 1.972, 1.901, 2.062, 1.903, 2.124, 2.17, 1.982, 2.016, 0.0, 1.65, 1.994, 1.645, 1.874, 1.731, 1.932, 2.873, 3.441, 2.953, 1.405, 2.072, 3.768, 5.321, 5.634, 5.405, 4.231, 2.478, 1.47, 1.373, 2.118, 2.275, 2.03, 2.86, 3.109, 3.038, 3.056, 3.296, 2.97, 2.729, 3.507, 3.742, 3.84, 3.857, 3.931, 4.101, 4.603, 5.494, 7.073, 7.399, 7.339], [3.3, 2.949, 2.75, 2.831, 3.316, 3.332, 3.487, 3.149, 3.149, 3.258, 3.221, 3.477, 3.384, 3.237, 3.064, 2.838, 2.461, 2.759, 2.673, 2.592, 2.54, 2.876, 2.835, 2.193, 1.927, 1.738, 1.68, 1.838, 2.099, 2.679, 2.849, 2.976, 3.275, 3.255, 2.695, 2.235, 2.344, 2.282, 2.05, 2.321, 2.599, 2.592, 3.2, 3.035, 3.307, 1.65, 0.0, 0.749, 1.281, 1.889, 2.05, 1.757, 1.666, 2.11, 1.605, 1.059, 2.932, 4.942, 6.525, 6.693, 6.371, 5.293, 3.457, 1.699, 1.374, 2.065, 2.035, 1.826, 2.54, 2.985, 3.116, 3.161, 3.209, 2.862, 2.637, 3.238, 3.681, 3.884, 3.942, 3.882, 3.989, 4.523, 5.237, 6.742, 6.968, 7.014], [3.602, 3.164, 2.829, 2.96, 3.43, 3.427, 3.611, 3.266, 3.284, 3.459, 3.427, 3.545, 3.456, 3.416, 3.33, 3.07, 2.633, 2.851, 2.623, 2.433, 2.433, 3.029, 3.129, 2.41, 1.989, 1.889, 1.934, 1.949, 2.012, 2.612, 2.877, 2.963, 3.264, 3.322, 2.761, 2.448, 2.42, 2.289, 2.034, 2.2, 2.518, 2.586, 3.199, 3.143, 3.373, 1.994, 0.749, 0.0, 1.016, 1.783, 1.921, 1.639, 1.757, 2.351, 1.893, 1.162, 2.68, 4.669, 6.231, 6.386, 6.067, 4.996, 3.17, 1.539, 1.23, 1.915, 1.948, 1.813, 2.808, 3.341, 3.496, 3.58, 3.583, 3.195, 2.832, 3.408, 3.782, 4.076, 4.185, 4.159, 4.264, 4.911, 5.676, 7.185, 7.395, 7.465], [3.163, 2.715, 2.409, 2.483, 3.011, 3.04, 3.321, 3.082, 2.826, 2.993, 2.993, 3.131, 2.994, 2.916, 2.914, 2.741, 2.146, 2.34, 2.076, 1.805, 1.891, 2.506, 2.685, 1.977, 1.727, 1.622, 1.531, 1.536, 1.576, 2.066, 2.37, 2.589, 2.894, 2.91, 2.297, 1.998, 1.998, 1.875, 1.664, 1.8, 1.919, 1.958, 2.541, 2.594, 2.927, 1.645, 1.281, 1.016, 0.0, 1.104, 1.407, 1.447, 1.963, 2.761, 2.209, 1.218, 2.281, 4.266, 5.83, 6.014, 5.717, 4.59, 2.785, 1.226, 1.028, 1.457, 1.51, 1.367, 2.397, 2.898, 3.151, 3.22, 3.209, 2.801, 2.423, 3.047, 3.412, 3.687, 3.802, 3.848, 3.96, 4.602, 5.433, 6.987, 7.284, 7.306], [2.821, 2.548, 2.234, 2.361, 2.891, 3.162, 3.609, 3.29, 2.87, 2.824, 2.767, 2.807, 2.518, 2.481, 2.687, 2.488, 1.846, 2.358, 2.005, 1.71, 1.653, 2.218, 2.341, 1.826, 1.706, 1.848, 1.608, 1.541, 1.565, 1.695, 1.925, 2.333, 2.533, 2.79, 2.045, 1.697, 1.918, 1.745, 1.675, 1.413, 1.348, 1.5, 2.075, 2.378, 2.646, 1.874, 1.889, 1.783, 1.104, 0.0, 0.902, 1.511, 2.177, 3.258, 2.752, 1.67, 2.279, 3.941, 5.531, 5.77, 5.539, 4.345, 2.52, 1.419, 1.179, 1.12, 1.123, 1.112, 2.163, 2.579, 3.006, 3.321, 3.234, 2.676, 2.705, 3.033, 3.361, 3.676, 3.752, 3.713, 4.047, 4.67, 5.757, 7.402, 7.798, 7.698], [2.797, 2.474, 2.241, 2.32, 2.817, 3.096, 3.549, 3.319, 2.858, 2.871, 2.812, 2.661, 2.513, 2.571, 2.967, 2.639, 2.007, 2.191, 1.934, 1.674, 1.675, 2.281, 2.289, 1.982, 1.566, 1.742, 1.544, 1.492, 1.429, 1.503, 1.568, 1.981, 2.349, 2.564, 1.896, 1.748, 2.138, 1.819, 1.9, 1.638, 1.333, 1.626, 2.123, 2.324, 2.532, 1.731, 2.05, 1.921, 1.407, 0.902, 0.0, 1.098, 2.336, 3.495, 3.006, 1.642, 2.022, 3.523, 5.085, 5.308, 5.074, 3.861, 2.093, 1.305, 1.218, 1.458, 1.467, 1.444, 2.562, 3.052, 3.407, 3.692, 3.654, 2.974, 3.051, 3.303, 3.505, 3.825, 3.902, 4.004, 4.451, 4.983, 6.044, 7.709, 8.105, 7.992], [3.364, 2.845, 2.526, 2.562, 3.003, 3.075, 3.28, 3.0, 2.903, 3.091, 3.112, 3.107, 3.071, 3.125, 3.53, 3.24, 2.587, 2.707, 2.603, 2.318, 2.104, 2.755, 2.958, 2.4, 1.742, 1.63, 1.609, 1.629, 1.605, 1.917, 2.142, 2.427, 2.845, 3.123, 2.421, 2.356, 2.479, 2.146, 2.185, 2.105, 1.907, 2.24, 2.748, 2.93, 3.202, 1.932, 1.757, 1.639, 1.447, 1.511, 1.098, 0.0, 1.802, 3.033, 2.546, 1.417, 2.107, 4.013, 5.574, 5.555, 5.227, 4.226, 2.496, 1.452, 1.311, 1.84, 1.926, 1.998, 3.173, 3.683, 3.846, 3.907, 4.023, 3.44, 3.082, 3.619, 3.973, 4.246, 4.355, 4.459, 4.624, 5.336, 6.084, 7.663, 7.86, 7.988], [3.449, 3.374, 3.12, 3.076, 3.36, 3.42, 3.464, 3.193, 3.145, 3.043, 3.068, 3.577, 3.697, 3.451, 2.893, 2.563, 2.899, 3.587, 3.401, 3.21, 3.004, 3.538, 3.044, 2.157, 2.391, 2.33, 2.092, 2.297, 2.53, 2.899, 3.193, 3.546, 3.857, 4.141, 3.46, 2.545, 2.28, 2.112, 2.128, 2.614, 3.0, 3.008, 3.643, 3.921, 4.133, 2.873, 1.666, 1.757, 1.963, 2.177, 2.336, 1.802, 0.0, 1.339, 1.134, 1.818, 3.48, 5.548, 7.132, 7.141, 6.806, 5.805, 4.026, 2.443, 2.138, 2.026, 1.979, 2.106, 2.341, 2.769, 2.911, 2.962, 2.981, 2.597, 2.188, 2.741, 3.158, 3.33, 3.405, 3.312, 3.575, 4.188, 4.845, 6.246, 6.433, 6.497], [3.564, 3.613, 3.572, 3.374, 3.442, 3.477, 3.472, 3.336, 3.283, 3.067, 3.132, 3.755, 4.056, 3.593, 2.883, 2.667, 3.435, 4.17, 3.944, 3.817, 3.697, 4.1, 3.184, 2.583, 3.441, 3.219, 2.843, 2.972, 3.399, 3.878, 4.253, 4.566, 4.816, 4.762, 4.199, 3.084, 2.615, 2.838, 2.788, 3.531, 4.058, 3.77, 4.441, 4.609, 4.93, 3.441, 2.11, 2.351, 2.761, 3.258, 3.495, 3.033, 1.339, 0.0, 0.928, 2.448, 4.572, 6.666, 8.257, 8.326, 7.972, 6.961, 5.141, 3.497, 3.168, 3.005, 3.007, 2.972, 2.522, 2.48, 2.4, 2.416, 2.511, 2.278, 2.018, 2.289, 2.753, 2.85, 2.927, 2.844, 3.075, 3.585, 4.154, 5.477, 5.65, 5.651], [3.093, 3.135, 3.085, 2.862, 3.092, 3.142, 3.198, 2.964, 2.95, 2.836, 2.823, 3.283, 3.639, 3.19, 2.533, 2.377, 2.917, 3.665, 3.449, 3.278, 3.169, 3.552, 2.779, 2.13, 2.953, 2.771, 2.402, 2.463, 2.907, 3.389, 3.784, 4.084, 4.353, 4.289, 3.777, 2.628, 2.157, 2.354, 2.325, 3.061, 3.617, 3.278, 3.956, 4.142, 4.433, 2.953, 1.605, 1.893, 2.209, 2.752, 3.006, 2.546, 1.134, 0.928, 0.0, 1.75, 4.079, 6.196, 7.787, 7.814, 7.496, 6.476, 4.653, 2.947, 2.643, 2.527, 2.523, 2.431, 2.133, 2.269, 2.347, 2.372, 2.416, 2.166, 1.993, 2.412, 2.835, 3.005, 3.088, 3.057, 3.22, 3.747, 4.319, 5.713, 5.93, 5.998], [3.033, 2.534, 2.336, 2.312, 2.823, 2.833, 3.065, 2.861, 2.725, 2.822, 2.814, 2.937, 2.847, 2.893, 3.12, 2.785, 2.187, 2.347, 2.307, 2.076, 2.011, 2.4, 2.496, 1.944, 1.707, 1.603, 1.316, 1.224, 1.553, 2.105, 2.351, 2.451, 2.727, 2.804, 2.238, 2.009, 2.208, 1.955, 1.925, 2.072, 2.211, 2.089, 2.571, 2.578, 2.821, 1.405, 1.059, 1.162, 1.218, 1.67, 1.642, 1.417, 1.818, 2.448, 1.75, 0.0, 2.404, 4.532, 6.123, 6.214, 5.917, 4.815, 2.99, 1.486, 1.243, 2.06, 2.168, 1.839, 2.659, 3.134, 3.254, 3.33, 3.353, 2.89, 2.589, 3.299, 3.669, 3.841, 3.964, 4.011, 4.088, 4.707, 5.36, 6.86, 7.12, 7.133], [3.842, 3.279, 3.119, 3.069, 3.304, 3.634, 4.063, 4.188, 3.78, 3.838, 3.847, 3.001, 2.763, 3.607, 4.426, 4.13, 3.226, 2.519, 2.614, 2.515, 2.303, 2.575, 3.344, 3.033, 2.365, 2.244, 2.332, 2.071, 1.843, 1.661, 1.786, 1.784, 1.885, 2.439, 2.341, 2.996, 3.277, 2.87, 3.029, 2.638, 2.439, 2.854, 2.649, 2.486, 1.881, 2.072, 2.932, 2.68, 2.281, 2.279, 2.022, 2.107, 3.48, 4.572, 4.079, 2.404, 0.0, 2.184, 3.765, 3.88, 3.578, 2.454, 1.508, 1.613, 1.878, 2.59, 2.783, 2.924, 4.249, 4.697, 4.718, 4.915, 5.015, 4.372, 3.954, 4.46, 4.812, 5.133, 5.222, 5.299, 5.548, 6.249, 7.097, 8.727, 9.091, 8.991], [5.091, 4.789, 4.577, 4.674, 4.934, 5.308, 5.836, 6.129, 5.654, 5.604, 5.548, 4.267, 3.951, 4.864, 5.789, 5.493, 4.567, 3.778, 3.786, 3.811, 3.682, 3.643, 4.469, 4.477, 3.906, 3.995, 4.168, 3.893, 3.588, 3.166, 3.086, 3.122, 2.872, 3.48, 3.573, 4.371, 4.722, 4.442, 4.571, 4.054, 3.769, 4.327, 4.093, 3.884, 3.152, 3.768, 4.942, 4.669, 4.266, 3.941, 3.523, 4.013, 5.548, 6.666, 6.196, 4.532, 2.184, 0.0, 1.768, 2.026, 1.786, 1.16, 1.752, 3.295, 3.704, 4.223, 4.289, 4.463, 5.804, 6.185, 6.293, 6.595, 6.709, 6.071, 5.754, 5.995, 6.162, 6.596, 6.649, 6.738, 7.315, 7.912, 8.916, 10.554, 10.961, 10.812], [6.609, 6.365, 6.101, 6.23, 6.504, 6.831, 7.374, 7.683, 7.232, 7.238, 7.11, 5.912, 5.351, 6.441, 7.378, 7.042, 6.148, 5.32, 5.389, 5.424, 5.28, 5.065, 5.973, 6.059, 5.463, 5.58, 5.729, 5.453, 5.182, 4.741, 4.638, 4.727, 4.339, 4.87, 5.078, 5.959, 6.253, 5.99, 6.104, 5.661, 5.367, 5.953, 5.716, 5.437, 4.711, 5.321, 6.525, 6.231, 5.83, 5.531, 5.085, 5.574, 7.132, 8.257, 7.787, 6.123, 3.765, 1.768, 0.0, 0.766, 1.132, 1.649, 3.201, 4.882, 5.291, 5.894, 5.955, 6.088, 7.412, 7.799, 7.957, 8.157, 8.278, 7.584, 7.302, 7.568, 7.79, 8.168, 8.151, 8.253, 8.856, 9.493, 10.491, 12.118, 12.525, 12.362], [6.94, 6.588, 6.219, 6.26, 6.611, 7.081, 7.531, 7.799, 7.309, 7.307, 7.165, 6.034, 5.67, 6.695, 7.733, 7.361, 6.432, 5.537, 5.619, 5.616, 5.424, 5.368, 6.353, 6.311, 5.657, 5.683, 5.882, 5.583, 5.293, 4.929, 4.894, 4.886, 4.585, 5.16, 5.372, 6.204, 6.403, 6.16, 6.373, 5.869, 5.588, 6.203, 6.005, 5.778, 5.074, 5.634, 6.693, 6.386, 6.014, 5.77, 5.308, 5.555, 7.141, 8.326, 7.814, 6.214, 3.88, 2.026, 0.766, 0.0, 0.694, 1.617, 3.355, 5.043, 5.499, 6.151, 6.214, 6.369, 7.721, 8.099, 8.226, 8.477, 8.546, 7.865, 7.516, 7.785, 7.999, 8.366, 8.428, 8.549, 9.054, 9.765, 10.684, 12.274, 12.659, 12.571], [6.673, 6.359, 5.896, 5.983, 6.342, 6.82, 7.201, 7.417, 7.003, 7.065, 6.836, 5.75, 5.398, 6.468, 7.507, 7.129, 6.193, 5.274, 5.338, 5.398, 5.187, 5.154, 6.1, 6.035, 5.369, 5.294, 5.583, 5.251, 4.939, 4.613, 4.596, 4.582, 4.315, 4.89, 5.075, 5.939, 6.124, 5.918, 6.128, 5.631, 5.343, 5.947, 5.741, 5.491, 4.852, 5.405, 6.371, 6.067, 5.717, 5.539, 5.074, 5.227, 6.806, 7.972, 7.496, 5.917, 3.578, 1.786, 1.132, 0.694, 0.0, 1.33, 3.094, 4.746, 5.262, 5.923, 5.997, 6.146, 7.484, 7.859, 8.006, 8.27, 8.321, 7.595, 7.207, 7.456, 7.721, 8.128, 8.178, 8.284, 8.764, 9.509, 10.375, 11.937, 12.329, 12.317], [5.49, 5.143, 4.801, 4.902, 5.192, 5.629, 6.103, 6.376, 5.906, 5.874, 5.719, 4.677, 4.419, 5.305, 6.255, 5.883, 4.949, 4.074, 4.194, 4.213, 4.076, 4.206, 4.918, 4.858, 4.241, 4.239, 4.45, 4.161, 3.853, 3.433, 3.396, 3.454, 3.38, 3.939, 3.977, 4.763, 4.986, 4.728, 4.934, 4.422, 4.134, 4.72, 4.503, 4.307, 3.596, 4.231, 5.293, 4.996, 4.59, 4.345, 3.861, 4.226, 5.805, 6.961, 6.476, 4.815, 2.454, 1.16, 1.649, 1.617, 1.33, 0.0, 1.897, 3.652, 4.101, 4.76, 4.817, 4.946, 6.24, 6.637, 6.804, 7.088, 7.127, 6.388, 6.092, 6.32, 6.551, 6.898, 6.96, 7.037, 7.613, 8.329, 9.253, 10.864, 11.279, 11.137], [4.003, 3.619, 3.288, 3.357, 3.662, 4.039, 4.472, 4.658, 4.165, 4.173, 4.075, 3.555, 3.346, 3.744, 4.56, 4.239, 3.381, 2.709, 2.72, 2.657, 2.559, 3.017, 3.432, 3.254, 2.61, 2.639, 2.806, 2.455, 2.277, 1.886, 2.103, 2.242, 2.559, 2.973, 2.624, 3.202, 3.437, 3.2, 3.367, 2.867, 2.498, 3.093, 2.948, 2.705, 2.488, 2.478, 3.457, 3.17, 2.785, 2.52, 2.093, 2.496, 4.026, 5.141, 4.653, 2.99, 1.508, 1.752, 3.201, 3.355, 3.094, 1.897, 0.0, 1.874, 2.332, 3.007, 3.057, 3.167, 4.434, 4.849, 5.046, 5.327, 5.306, 4.612, 4.381, 4.73, 4.984, 5.317, 5.415, 5.483, 5.98, 6.639, 7.594, 9.154, 9.546, 9.44], [3.156, 2.665, 2.379, 2.46, 3.014, 3.156, 3.477, 3.335, 2.972, 3.091, 3.044, 3.185, 3.056, 2.998, 3.343, 3.007, 2.374, 2.095, 1.925, 1.809, 1.968, 2.499, 2.64, 2.067, 1.463, 1.371, 1.513, 1.484, 1.328, 1.627, 1.999, 2.068, 2.344, 2.692, 2.207, 2.114, 2.314, 1.868, 1.976, 1.774, 1.797, 2.158, 2.697, 2.431, 2.474, 1.47, 1.699, 1.539, 1.226, 1.419, 1.305, 1.452, 2.443, 3.497, 2.947, 1.486, 1.613, 3.295, 4.882, 5.043, 4.746, 3.652, 1.874, 0.0, 0.822, 1.713, 1.807, 1.817, 3.022, 3.52, 3.576, 3.747, 3.737, 3.279, 2.941, 3.437, 3.83, 4.083, 4.162, 4.23, 4.475, 5.17, 5.988, 7.558, 7.877, 7.857], [3.05, 2.491, 2.282, 2.32, 2.825, 2.925, 3.347, 3.069, 2.862, 2.945, 3.058, 3.083, 2.831, 2.749, 2.901, 2.634, 2.084, 2.13, 1.948, 1.795, 1.76, 2.341, 2.553, 2.004, 1.373, 1.407, 1.422, 1.505, 1.292, 1.715, 1.99, 2.105, 2.298, 2.535, 2.027, 1.944, 2.063, 1.698, 1.603, 1.403, 1.705, 2.027, 2.574, 2.499, 2.488, 1.373, 1.374, 1.23, 1.028, 1.179, 1.218, 1.311, 2.138, 3.168, 2.643, 1.243, 1.878, 3.704, 5.291, 5.499, 5.262, 4.101, 2.332, 0.822, 0.0, 1.273, 1.386, 1.312, 2.57, 3.054, 3.142, 3.321, 3.309, 2.979, 2.675, 3.137, 3.468, 3.735, 3.814, 3.772, 4.017, 4.726, 5.629, 7.168, 7.537, 7.417], [2.688, 2.621, 2.416, 2.586, 2.936, 3.206, 3.659, 3.336, 3.141, 2.785, 3.017, 2.909, 2.779, 2.481, 2.2, 2.239, 1.856, 2.449, 2.129, 1.965, 1.887, 2.562, 2.478, 1.783, 1.839, 1.931, 1.905, 1.971, 1.888, 2.134, 2.336, 2.567, 2.689, 2.857, 2.202, 1.597, 1.76, 1.441, 1.352, 1.278, 1.707, 1.97, 2.55, 2.684, 2.811, 2.118, 2.065, 1.915, 1.457, 1.12, 1.458, 1.84, 2.026, 3.005, 2.527, 2.06, 2.59, 4.223, 5.894, 6.151, 5.923, 4.76, 3.007, 1.713, 1.273, 0.0, 0.607, 0.941, 2.064, 2.263, 2.474, 2.835, 2.901, 2.545, 2.217, 2.666, 2.801, 3.224, 3.297, 3.31, 3.638, 4.26, 5.397, 6.979, 7.37, 7.249], [2.795, 2.693, 2.487, 2.661, 3.019, 3.339, 3.77, 3.433, 3.172, 2.838, 3.036, 2.958, 2.825, 2.467, 2.294, 2.262, 1.915, 2.569, 2.29, 2.059, 1.988, 2.557, 2.506, 1.883, 1.879, 2.041, 2.062, 2.091, 2.024, 2.255, 2.419, 2.638, 2.801, 2.942, 2.269, 1.685, 1.796, 1.681, 1.42, 1.513, 1.637, 1.941, 2.56, 2.683, 2.85, 2.275, 2.035, 1.948, 1.51, 1.123, 1.467, 1.926, 1.979, 3.007, 2.523, 2.168, 2.783, 4.289, 5.955, 6.214, 5.997, 4.817, 3.057, 1.807, 1.386, 0.607, 0.0, 0.822, 1.848, 2.106, 2.378, 2.876, 2.86, 2.528, 2.297, 2.633, 2.82, 3.216, 3.259, 3.276, 3.69, 4.254, 5.404, 7.013, 7.409, 7.285], [2.441, 2.379, 2.163, 2.319, 2.716, 2.99, 3.425, 3.087, 2.77, 2.597, 2.678, 2.612, 2.391, 2.145, 2.022, 2.04, 1.569, 2.155, 1.874, 1.696, 1.743, 2.257, 2.145, 1.675, 1.871, 1.975, 1.762, 1.718, 1.81, 2.065, 2.242, 2.52, 2.553, 2.553, 1.848, 1.42, 1.67, 1.497, 1.20