[[0.0, 0.889, 1.669, 2.771, 3.484, 4.324, 5.094, 4.394, 3.419, 3.461, 4.164, 4.202, 3.815, 2.994, 3.013, 3.175, 2.752, 2.625, 2.704, 2.931, 2.38, 2.157, 2.428, 2.524, 2.514, 3.03, 2.966, 3.149, 3.03, 2.857, 3.666, 3.451, 2.543, 2.132, 2.271, 2.491, 2.934, 3.368, 2.69, 2.014, 2.343, 2.084, 2.397, 3.148, 2.926, 2.828, 2.779, 2.655, 2.187, 2.136, 2.304, 3.298, 3.96, 3.905, 3.47, 3.575, 2.763, 2.442, 2.949, 4.079, 5.311, 5.649, 5.496, 5.721, 6.552, 7.046, 7.675, 7.659, 7.28, 7.237, 6.937, 6.482, 6.689, 6.828, 7.203, 8.47, 9.8, 9.727, 8.43, 7.931, 6.416, 5.083, 4.712, 4.914, 4.998, 4.648], [0.889, 0.0, 1.455, 2.82, 3.511, 4.353, 5.092, 4.382, 3.377, 3.605, 4.175, 4.183, 3.818, 3.087, 3.015, 3.183, 2.77, 2.567, 2.869, 3.196, 2.588, 2.222, 2.477, 2.633, 2.753, 3.191, 3.125, 3.304, 3.205, 3.123, 3.829, 3.649, 2.569, 2.199, 2.319, 2.463, 2.95, 3.327, 2.704, 2.185, 2.55, 2.175, 2.541, 3.134, 2.894, 2.802, 2.782, 2.594, 2.213, 2.197, 2.556, 3.536, 4.102, 4.012, 3.753, 3.913, 2.726, 2.568, 3.016, 4.091, 5.301, 5.653, 5.561, 5.719, 6.534, 7.02, 7.657, 7.642, 7.266, 7.223, 6.974, 6.539, 6.685, 6.897, 7.268, 8.465, 9.833, 9.722, 8.414, 7.988, 6.439, 5.104, 4.715, 4.951, 5.07, 4.672], [1.669, 1.455, 0.0, 1.547, 2.3, 3.176, 3.819, 3.144, 2.695, 3.138, 3.533, 3.663, 3.255, 2.998, 3.378, 3.558, 3.45, 3.457, 3.093, 3.031, 2.903, 2.535, 2.551, 2.606, 2.666, 2.789, 2.66, 2.811, 2.677, 2.631, 3.383, 3.098, 1.923, 1.676, 1.731, 1.633, 1.939, 2.353, 2.282, 2.482, 3.339, 2.798, 2.932, 3.402, 3.095, 3.045, 3.077, 2.966, 2.685, 2.816, 3.397, 4.433, 5.099, 5.087, 4.539, 4.514, 3.342, 2.727, 2.642, 2.864, 4.019, 4.345, 4.253, 4.433, 5.222, 5.721, 6.321, 6.288, 5.954, 5.925, 5.684, 5.263, 5.371, 5.599, 5.962, 7.168, 8.52, 8.399, 7.1, 6.668, 5.129, 3.848, 3.442, 3.653, 3.837, 3.658], [2.771, 2.82, 1.547, 0.0, 1.333, 1.983, 2.518, 2.294, 2.655, 3.224, 3.489, 3.752, 3.476, 3.28, 3.745, 3.926, 3.942, 3.944, 3.434, 3.294, 2.903, 2.565, 2.549, 2.525, 2.764, 2.817, 2.806, 2.826, 2.639, 2.68, 3.115, 2.737, 1.928, 1.885, 2.009, 1.519, 1.7, 2.061, 2.461, 2.647, 3.713, 3.265, 2.753, 2.96, 2.816, 2.863, 2.881, 2.961, 2.91, 3.509, 4.473, 5.411, 6.142, 6.308, 5.727, 5.407, 4.002, 2.98, 2.583, 2.045, 2.738, 2.976, 2.877, 3.122, 4.086, 4.792, 5.23, 5.055, 4.811, 4.82, 4.431, 3.979, 4.089, 4.275, 4.645, 5.801, 7.092, 7.062, 5.751, 5.277, 3.796, 2.513, 2.137, 2.48, 2.52, 2.6], [3.484, 3.511, 2.3, 1.333, 0.0, 1.038, 1.772, 1.683, 2.391, 2.775, 2.806, 2.876, 2.804, 2.742, 3.403, 3.657, 3.944, 4.006, 3.153, 3.023, 2.89, 2.629, 2.654, 2.861, 2.834, 2.792, 2.672, 2.517, 2.353, 2.469, 2.503, 2.151, 1.788, 2.415, 2.294, 2.011, 1.803, 1.919, 2.202, 2.992, 4.262, 3.777, 3.246, 3.339, 3.404, 3.54, 3.532, 3.768, 3.732, 4.051, 5.142, 6.161, 6.899, 7.0, 6.437, 6.091, 4.582, 2.985, 2.133, 1.668, 2.038, 2.399, 2.247, 2.405, 3.273, 3.832, 4.307, 4.262, 3.887, 3.9, 3.536, 3.139, 3.286, 3.426, 4.067, 5.16, 6.426, 6.325, 5.06, 4.598, 3.077, 1.928, 1.725, 2.028, 2.082, 2.141], [4.324, 4.353, 3.176, 1.983, 1.038, 0.0, 0.914, 1.451, 2.611, 2.868, 2.76, 2.709, 2.851, 2.882, 3.77, 4.023, 4.494, 4.604, 3.602, 3.208, 3.088, 3.093, 3.162, 3.324, 3.273, 3.037, 2.978, 2.772, 2.746, 2.803, 2.494, 2.194, 2.212, 3.067, 2.919, 2.574, 2.219, 2.108, 2.536, 3.681, 4.856, 4.388, 3.77, 3.801, 3.965, 4.116, 4.122, 4.362, 4.332, 4.839, 5.926, 6.901, 7.702, 7.863, 7.288, 6.891, 5.288, 3.515, 2.296, 1.689, 1.661, 1.705, 1.523, 1.573, 2.466, 3.08, 3.539, 3.457, 3.099, 3.1, 2.747, 2.325, 2.457, 2.637, 3.21, 4.235, 5.539, 5.437, 4.186, 3.737, 2.284, 1.553, 1.509, 1.61, 1.749, 1.855], [5.094, 5.092, 3.819, 2.518, 1.772, 0.914, 0.0, 1.381, 2.662, 2.918, 2.62, 2.549, 2.804, 3.2, 4.283, 4.516, 5.052, 5.179, 4.037, 3.418, 3.629, 3.602, 3.672, 3.72, 3.623, 3.329, 3.329, 3.004, 3.034, 3.141, 2.651, 2.386, 2.784, 3.565, 3.48, 3.137, 2.682, 2.374, 2.98, 4.154, 5.413, 4.952, 4.123, 4.185, 4.464, 4.641, 4.65, 4.887, 4.943, 5.509, 6.649, 7.611, 8.412, 8.582, 7.994, 7.537, 5.971, 4.097, 2.618, 1.694, 1.251, 1.36, 1.286, 1.078, 1.897, 2.531, 2.898, 2.83, 2.437, 2.412, 2.083, 1.716, 1.859, 1.991, 2.578, 3.488, 4.842, 4.775, 3.493, 3.072, 1.807, 1.262, 1.432, 1.45, 1.561, 1.814], [4.394, 4.382, 3.144, 2.294, 1.683, 1.451, 1.381, 0.0, 1.958, 2.021, 1.985, 1.938, 2.016, 2.691, 3.76, 4.023, 4.523, 4.66, 3.514, 2.886, 3.303, 3.181, 3.255, 3.535, 3.318, 3.047, 2.989, 2.695, 2.68, 2.749, 2.039, 1.811, 2.287, 3.079, 3.059, 2.691, 2.302, 1.963, 2.512, 3.765, 5.075, 4.571, 4.066, 4.2, 4.347, 4.564, 4.541, 4.747, 4.609, 4.916, 5.916, 7.059, 7.838, 7.883, 7.362, 6.96, 5.433, 3.473, 2.004, 0.916, 1.35, 1.619, 1.813, 1.791, 2.252, 2.784, 3.34, 3.343, 3.079, 2.955, 2.784, 2.319, 2.432, 2.595, 3.096, 4.176, 5.577, 5.53, 4.243, 3.826, 2.462, 1.669, 1.607, 1.667, 1.516, 1.644], [3.419, 3.377, 2.695, 2.655, 2.391, 2.611, 2.662, 1.958, 0.0, 0.959, 1.402, 1.664, 1.512, 1.579, 2.482, 2.715, 3.269, 3.416, 2.232, 1.625, 2.048, 2.128, 2.264, 2.097, 1.848, 1.501, 1.466, 1.344, 1.413, 1.378, 1.498, 1.301, 1.318, 1.713, 1.737, 1.789, 1.928, 1.45, 1.318, 2.409, 3.61, 3.181, 2.947, 3.25, 3.504, 3.563, 3.494, 3.586, 3.327, 3.676, 4.798, 5.673, 6.48, 6.649, 6.119, 5.755, 4.186, 2.467, 1.51, 1.629, 2.343, 2.696, 2.887, 2.835, 3.602, 4.288, 4.75, 4.681, 4.313, 4.359, 4.157, 3.907, 3.912, 3.824, 4.203, 5.386, 6.763, 6.709, 5.421, 5.014, 3.668, 2.484, 2.304, 2.452, 2.405, 1.981], [3.461, 3.605, 3.138, 3.224, 2.775, 2.868, 2.918, 2.021, 0.959, 0.0, 1.035, 1.346, 1.213, 1.259, 2.174, 2.436, 2.923, 3.07, 1.88, 1.514, 2.188, 2.514, 2.645, 2.286, 1.782, 1.43, 1.405, 1.148, 1.204, 1.315, 1.284, 1.23, 1.566, 1.945, 1.906, 2.138, 2.093, 1.698, 1.657, 2.481, 3.493, 3.079, 3.073, 3.529, 3.864, 3.952, 3.884, 3.916, 3.423, 3.532, 4.612, 5.556, 6.355, 6.473, 6.009, 5.719, 4.121, 2.487, 1.566, 1.741, 2.601, 2.915, 3.183, 3.132, 3.692, 4.375, 4.845, 4.795, 4.494, 4.465, 4.255, 3.908, 3.953, 4.036, 4.432, 5.595, 6.947, 6.884, 5.629, 5.221, 3.83, 2.697, 2.54, 2.68, 2.653, 2.277], [4.164, 4.175, 3.533, 3.489, 2.806, 2.76, 2.62, 1.985, 1.402, 1.035, 0.0, 0.85, 1.196, 1.878, 2.902, 3.138, 3.558, 3.738, 2.568, 2.233, 2.858, 3.106, 3.296, 2.915, 2.421, 2.071, 2.022, 1.773, 1.771, 1.835, 1.462, 1.35, 2.065, 2.482, 2.405, 2.609, 2.589, 2.12, 2.324, 3.222, 4.225, 3.87, 3.676, 4.184, 4.546, 4.644, 4.579, 4.569, 4.142, 4.235, 5.299, 6.341, 7.167, 7.231, 6.689, 6.367, 4.875, 3.235, 2.179, 1.953, 2.307, 2.835, 3.177, 3.004, 3.064, 3.627, 4.135, 4.133, 3.954, 3.885, 3.79, 3.4, 3.371, 3.399, 3.778, 4.935, 6.272, 6.197, 4.941, 4.537, 3.249, 2.281, 2.257, 2.415, 2.506, 2.143], [4.202, 4.183, 3.663, 3.752, 2.876, 2.709, 2.549, 1.938, 1.664, 1.346, 0.85, 0.0, 0.955, 1.997, 3.064, 3.333, 3.745, 3.899, 2.806, 2.449, 3.038, 3.219, 3.42, 3.224, 2.828, 2.46, 2.418, 2.092, 2.15, 2.177, 1.565, 1.577, 2.278, 2.848, 2.824, 2.866, 2.732, 2.261, 2.392, 3.503, 4.573, 4.146, 4.065, 4.504, 4.875, 4.979, 4.916, 4.906, 4.527, 4.592, 5.495, 6.615, 7.471, 7.458, 6.94, 6.738, 5.119, 3.362, 2.251, 2.088, 2.338, 2.926, 3.217, 2.893, 2.928, 3.33, 3.925, 3.987, 3.784, 3.623, 3.65, 3.249, 3.284, 3.213, 3.602, 4.758, 6.122, 6.073, 4.817, 4.41, 3.219, 2.27, 2.411, 2.449, 2.624, 2.294], [3.815, 3.818, 3.255, 3.476, 2.804, 2.851, 2.804, 2.016, 1.512, 1.213, 1.196, 0.955, 0.0, 1.608, 2.634, 2.885, 3.324, 3.469, 2.41, 2.073, 2.63, 2.681, 2.885, 2.892, 2.497, 2.151, 2.143, 1.829, 1.852, 1.938, 1.78, 1.608, 1.971, 2.636, 2.586, 2.605, 2.337, 1.965, 2.017, 3.173, 4.222, 3.813, 3.599, 3.931, 4.268, 4.373, 4.315, 4.449, 4.178, 4.285, 5.086, 6.274, 7.141, 7.107, 6.61, 6.42, 4.828, 2.969, 1.7, 1.819, 2.384, 3.081, 3.253, 3.014, 3.192, 3.611, 4.257, 4.323, 4.144, 3.995, 4.02, 3.651, 3.666, 3.645, 4.012, 5.162, 6.527, 6.466, 5.209, 4.806, 3.471, 2.425, 2.327, 2.459, 2.547, 2.226], [2.994, 3.087, 2.998, 3.28, 2.742, 2.882, 3.2, 2.691, 1.579, 1.259, 1.878, 1.997, 1.608, 0.0, 1.326, 1.663, 2.124, 2.266, 1.448, 1.083, 1.582, 1.976, 2.185, 1.94, 1.436, 1.275, 1.28, 1.165, 1.107, 1.303, 1.381, 1.523, 1.634, 2.027, 1.977, 2.244, 2.147, 1.868, 1.487, 2.18, 3.191, 2.733, 2.735, 3.273, 3.603, 3.719, 3.634, 3.648, 3.183, 3.246, 4.149, 5.224, 5.98, 5.975, 5.52, 5.385, 3.684, 2.046, 1.269, 2.198, 3.196, 3.587, 3.568, 3.538, 4.35, 4.842, 5.47, 5.446, 5.02, 5.031, 4.701, 4.514, 4.536, 4.636, 5.011, 6.183, 7.55, 7.483, 6.208, 5.787, 4.237, 3.005, 2.719, 2.943, 2.984, 2.581], [3.013, 3.015, 3.378, 3.745, 3.403, 3.77, 4.283, 3.76, 2.482, 2.174, 2.902, 3.064, 2.634, 1.326, 0.0, 0.755, 1.217, 1.404, 1.144, 1.166, 1.659, 2.075, 2.069, 1.885, 1.493, 1.569, 1.458, 1.766, 1.759, 1.719, 2.024, 2.383, 2.308, 2.429, 2.462, 2.726, 2.805, 2.588, 1.746, 1.97, 2.416, 2.345, 2.665, 3.15, 3.422, 3.538, 3.452, 3.501, 2.941, 2.617, 3.437, 4.42, 5.185, 5.143, 4.792, 4.792, 3.105, 1.706, 1.958, 3.153, 4.331, 4.682, 4.558, 4.682, 5.565, 6.065, 6.692, 6.673, 6.233, 6.239, 5.834, 5.613, 5.682, 5.689, 6.024, 7.391, 8.732, 8.676, 7.362, 6.777, 5.324, 4.057, 3.768, 3.842, 3.874, 3.492], [3.175, 3.183, 3.558, 3.926, 3.657, 4.023, 4.516, 4.023, 2.715, 2.436, 3.138, 3.333, 2.885, 1.663, 0.755, 0.0, 1.102, 1.32, 1.265, 1.339, 1.849, 2.243, 2.303, 2.013, 1.628, 1.764, 1.636, 1.911, 1.966, 1.945, 2.277, 2.658, 2.598, 2.625, 2.74, 2.956, 3.046, 2.839, 2.011, 2.038, 2.392, 2.362, 2.709, 3.151, 3.456, 3.565, 3.482, 3.523, 2.968, 2.536, 3.262, 4.237, 4.966, 4.867, 4.61, 4.666, 3.007, 1.787, 2.211, 3.39, 4.592, 4.967, 4.836, 4.946, 5.842, 6.311, 6.935, 6.91, 6.475, 6.487, 6.112, 5.843, 5.907, 5.983, 6.355, 7.648, 9.001, 8.894, 7.596, 7.064, 5.639, 4.343, 4.043, 4.158, 4.255, 3.83], [2.752, 2.77, 3.45, 3.942, 3.944, 4.494, 5.052, 4.523, 3.269, 2.923, 3.558, 3.745, 3.324, 2.124, 1.217, 1.102, 0.0, 0.777, 1.249, 1.932, 1.943, 2.097, 2.11, 1.981, 1.767, 2.166, 2.133, 2.371, 2.323, 2.353, 2.952, 3.258, 2.965, 2.827, 2.986, 3.256, 3.44, 3.473, 2.536, 1.794, 2.226, 1.933, 2.316, 2.729, 2.988, 3.063, 3.039, 3.137, 2.488, 1.972, 2.503, 3.541, 4.279, 4.226, 3.913, 3.911, 2.286, 1.605, 2.758, 3.956, 5.125, 5.498, 5.389, 5.503, 6.271, 6.721, 7.367, 7.351, 6.972, 6.924, 6.67, 6.346, 6.511, 6.54, 6.878, 8.159, 9.539, 9.428, 8.122, 7.588, 6.165, 4.91, 4.61, 4.675, 4.834, 4.48], [2.625, 2.567, 3.457, 3.944, 4.006, 4.604, 5.179, 4.66, 3.416, 3.07, 3.738, 3.899, 3.469, 2.266, 1.404, 1.32, 0.777, 0.0, 1.322, 2.033, 1.93, 1.926, 2.059, 1.975, 1.858, 2.302, 2.223, 2.476, 2.419, 2.473, 3.061, 3.368, 3.04, 2.833, 3.014, 3.316, 3.504, 3.556, 2.654, 1.712, 1.747, 1.478, 2.14, 2.388, 2.456, 2.531, 2.487, 2.551, 1.998, 1.819, 2.289, 3.37, 4.14, 4.08, 3.755, 3.686, 2.015, 1.627, 2.879, 4.089, 5.263, 5.648, 5.531, 5.64, 6.418, 6.871, 7.51, 7.494, 7.113, 7.067, 6.795, 6.481, 6.635, 6.67, 7.023, 8.304, 9.68, 9.572, 8.267, 7.735, 6.309, 5.049, 4.747, 4.815, 4.958, 4.597], [2.704, 2.869, 3.093, 3.434, 3.153, 3.602, 4.037, 3.514, 2.232, 1.88, 2.568, 2.806, 2.41, 1.448, 1.144, 1.265, 1.249, 1.322, 0.0, 1.074, 1.392, 1.634, 1.742, 1.474, 0.989, 1.33, 1.358, 1.502, 1.352, 1.425, 2.191, 2.339, 2.022, 2.081, 2.094, 2.361, 2.561, 2.534, 1.587, 1.379, 2.076, 1.885, 2.04, 2.569, 2.924, 3.025, 2.955, 2.973, 2.403, 2.199, 3.217, 4.223, 5.015, 5.087, 4.606, 4.406, 2.833, 1.58, 1.982, 2.984, 4.091, 4.49, 4.378, 4.459, 5.235, 5.8, 6.335, 6.322, 5.963, 5.941, 5.62, 5.316, 5.45, 5.475, 5.864, 7.14, 8.494, 8.426, 7.164, 6.631, 5.171, 3.92, 3.687, 3.73, 3.809, 3.432], [2.931, 3.196, 3.031, 3.294, 3.023, 3.208, 3.418, 2.886, 1.625, 1.514, 2.233, 2.449, 2.073, 1.083, 1.166, 1.339, 1.932, 2.033, 1.074, 0.0, 1.189, 1.703, 1.83, 1.469, 1.063, 1.172, 1.165, 1.261, 1.242, 1.352, 1.653, 1.682, 1.818, 2.018, 2.034, 2.24, 2.387, 1.975, 1.413, 1.791, 2.735, 2.316, 2.433, 2.942, 3.196, 3.31, 3.224, 3.252, 2.776, 2.836, 3.823, 4.925, 5.692, 5.751, 5.189, 4.862, 3.309, 1.826, 1.34, 2.239, 3.458, 3.838, 3.746, 3.793, 4.62, 5.18, 5.737, 5.718, 5.29, 5.328, 4.917, 4.649, 4.711, 4.777, 5.169, 6.437, 7.837, 7.801, 6.533, 6.01, 4.553, 3.261, 3.075, 3.221, 3.166, 2.748], [2.38, 2.588, 2.903, 2.903, 2.89, 3.088, 3.629, 3.303, 2.048, 2.188, 2.858, 3.038, 2.63, 1.582, 1.659, 1.849, 1.943, 1.93, 1.392, 1.189, 0.0, 0.952, 1.186, 1.143, 1.166, 1.614, 1.601, 1.808, 1.709, 1.733, 2.122, 1.881, 1.843, 2.029, 2.1, 2.444, 2.562, 2.274, 1.593, 1.441, 2.525, 2.143, 1.953, 2.377, 2.543, 2.623, 2.533, 2.582, 2.288, 2.615, 3.622, 4.678, 5.477, 5.529, 4.956, 4.671, 3.021, 1.58, 1.636, 2.646, 3.716, 4.084, 3.983, 4.073, 4.956, 5.499, 6.081, 6.047, 5.637, 5.636, 5.252, 4.993, 5.059, 5.044, 5.434, 6.75, 8.067, 8.063, 6.782, 6.25, 4.747, 3.455, 3.221, 3.399, 3.383, 2.951], [2.157, 2.222, 2.535, 2.565, 2.629, 3.093, 3.602, 3.181, 2.128, 2.514, 3.106, 3.219, 2.681, 1.976, 2.075, 2.243, 2.097, 1.926, 1.634, 1.703, 0.952, 0.0, 0.75, 1.071, 1.258, 1.903, 1.867, 2.048, 1.901, 1.881, 2.529, 2.191, 1.703, 1.961, 2.115, 2.303, 2.326, 2.205, 1.419, 1.263, 2.336, 1.958, 1.698, 1.912, 2.072, 2.186, 2.111, 2.286, 2.107, 2.483, 3.517, 4.573, 5.369, 5.432, 4.893, 4.581, 2.887, 1.667, 1.66, 2.569, 3.746, 4.128, 4.04, 4.129, 5.009, 5.614, 6.155, 6.121, 5.711, 5.71, 5.361, 5.003, 5.107, 5.129, 5.527, 6.838, 8.122, 8.118, 6.864, 6.34, 4.825, 3.513, 3.206, 3.361, 3.424, 3.008], [2.428, 2.477, 2.551, 2.549, 2.654, 3.162, 3.672, 3.255, 2.264, 2.645, 3.296, 3.42, 2.885, 2.185, 2.069, 2.303, 2.11, 2.059, 1.742, 1.83, 1.186, 0.75, 0.0, 0.953, 1.364, 2.095, 2.129, 2.281, 2.076, 2.027, 2.744, 2.27, 1.893, 2.118, 2.208, 2.421, 2.415, 2.305, 1.614, 1.319, 2.359, 2.063, 1.631, 1.87, 1.943, 2.102, 2.047, 2.198, 2.066, 2.507, 3.551, 4.587, 5.381, 5.463, 4.911, 4.628, 2.938, 1.662, 1.786, 2.74, 3.785, 4.113, 4.021, 4.181, 5.044, 5.647, 6.19, 6.156, 5.746, 5.757, 5.358, 5.045, 5.167, 5.109, 5.486, 6.866, 8.154, 8.178, 6.906, 6.333, 4.822, 3.506, 3.283, 3.339, 3.427, 3.053], [2.524, 2.633, 2.606, 2.525, 2.861, 3.324, 3.72, 3.535, 2.097, 2.286, 2.915, 3.224, 2.892, 1.94, 1.885, 2.013, 1.981, 1.975, 1.474, 1.469, 1.143, 1.071, 0.953, 0.0, 0.865, 1.525, 1.557, 1.748, 1.588, 1.678, 2.565, 2.208, 1.737, 1.57, 1.715, 2.111, 2.365, 2.298, 1.671, 1.126, 2.083, 1.778, 1.462, 1.86, 1.989, 2.126, 2.099, 2.04, 1.769, 2.302, 3.425, 4.375, 5.175, 5.309, 4.749, 4.401, 2.757, 1.607, 1.916, 2.898, 3.791, 4.161, 4.069, 4.213, 5.143, 5.877, 6.329, 6.218, 5.873, 5.912, 5.489, 5.115, 5.211, 5.243, 5.605, 6.885, 8.165, 8.177, 6.922, 6.433, 4.889, 3.565, 3.267, 3.437, 3.529, 3.147], [2.514, 2.753, 2.666, 2.764, 2.834, 3.273, 3.623, 3.318, 1.848, 1.782, 2.421, 2.828, 2.497, 1.436, 1.493, 1.628, 1.767, 1.858, 0.989, 1.063, 1.166, 1.258, 1.364, 0.865, 0.0, 1.022, 1.081, 1.226, 0.99, 1.159, 2.036, 1.989, 1.593, 1.446, 1.566, 1.916, 2.208, 2.108, 1.404, 1.257, 2.204, 1.804, 1.716, 2.253, 2.534, 2.643, 2.582, 2.59, 2.076, 2.33, 3.438, 4.437, 5.217, 5.347, 4.809, 4.412, 2.863, 1.616, 1.811, 2.718, 3.703, 4.076, 3.972, 4.081, 5.005, 5.72, 6.172, 6.098, 5.715, 5.782, 5.354, 5.036, 5.131, 5.158, 5.558, 6.804, 8.095, 8.086, 6.852, 6.368, 4.812, 3.517, 3.216, 3.354, 3.457, 3.086], [3.03, 3.191, 2.789, 2.817, 2.792, 3.037, 3.329, 3.047, 1.501, 1.43, 2.071, 2.46, 2.151, 1.275, 1.569, 1.764, 2.166, 2.302, 1.33, 1.172, 1.614, 1.903, 2.095, 1.525, 1.022, 0.0, 0.632, 0.72, 0.795, 0.996, 1.701, 1.808, 1.374, 1.425, 1.462, 1.743, 1.956, 1.87, 1.407, 1.905, 2.698, 2.3, 2.162, 2.6, 2.977, 3.083, 3.066, 3.035, 2.727, 2.85, 3.903, 4.757, 5.57, 5.722, 5.254, 4.927, 3.304, 2.001, 1.74, 2.533, 3.285, 3.6, 3.583, 3.755, 4.719, 5.44, 5.892, 5.701, 5.436, 5.477, 5.146, 4.852, 4.838, 4.939, 5.218, 6.357, 7.654, 7.648, 6.323, 5.914, 4.376, 3.116, 2.779, 2.967, 3.017, 2.697], [2.966, 3.125, 2.66, 2.806, 2.672, 2.978, 3.329, 2.989, 1.466, 1.405, 2.022, 2.418, 2.143, 1.28, 1.458, 1.636, 2.133, 2.223, 1.358, 1.165, 1.601, 1.867, 2.129, 1.557, 1.081, 0.632, 0.0, 0.613, 0.881, 0.951, 1.548, 1.727, 1.301, 1.372, 1.401, 1.8, 2.05, 1.84, 1.381, 1.899, 2.628, 2.257, 2.45, 2.859, 3.133, 3.226, 3.167, 3.173, 2.775, 2.676, 3.732, 4.616, 5.48, 5.549, 5.047, 4.79, 3.172, 1.931, 1.717, 2.471, 3.414, 3.814, 3.742, 3.862, 4.758, 5.456, 5.916, 5.851, 5.474, 5.491, 5.189, 4.895, 4.892, 5.001, 5.349, 6.555, 7.839, 7.793, 6.513, 6.099, 4.546, 3.257, 2.89, 3.075, 3.182, 2.806], [3.149, 3.304, 2.811, 2.826, 2.517, 2.772, 3.004, 2.695, 1.344, 1.148, 1.773, 2.092, 1.829, 1.165, 1.766, 1.911, 2.371, 2.476, 1.502, 1.261, 1.808, 2.048, 2.281, 1.748, 1.226, 0.72, 0.613, 0.0, 0.638, 0.924, 1.412, 1.475, 1.234, 1.44, 1.491, 1.776, 1.871, 1.646, 1.481, 2.045, 2.908, 2.483, 2.578, 3.066, 3.406, 3.498, 3.433, 3.436, 2.959, 2.997, 3.985, 4.883, 5.738, 5.85, 5.376, 5.039, 3.423, 2.178, 1.674, 2.247, 3.102, 3.514, 3.465, 3.535, 4.362, 5.093, 5.545, 5.455, 5.117, 5.13, 4.836, 4.527, 4.565, 4.658, 5.035, 6.217, 7.576, 7.526, 6.267, 5.861, 4.305, 3.02, 2.691, 2.869, 2.968, 2.622], [3.03, 3.205, 2.677, 2.639, 2.353, 2.746, 3.034, 2.68, 1.413, 1.204, 1.771, 2.15, 1.852, 1.107, 1.759, 1.966, 2.323, 2.419, 1.352, 1.242, 1.709, 1.901, 2.076, 1.588, 0.99, 0.795, 0.881, 0.638, 0.0, 0.778, 1.422, 1.464, 1.224, 1.269, 1.332, 1.643, 1.838, 1.644, 1.565, 1.956, 2.83, 2.445, 2.378, 2.944, 3.242, 3.375, 3.313, 3.294, 2.8, 2.907, 4.016, 5.023, 5.777, 5.926, 5.399, 5.024, 3.468, 2.238, 1.642, 2.124, 3.077, 3.441, 3.402, 3.442, 4.323, 5.025, 5.481, 5.408, 5.023, 5.104, 4.709, 4.437, 4.481, 4.578, 4.983, 6.135, 7.501, 7.475, 6.204, 5.797, 4.259, 2.954, 2.643, 2.813, 2.929, 2.579], [2.857, 3.123, 2.631, 2.68, 2.469, 2.803, 3.141, 2.749, 1.378, 1.315, 1.835, 2.177, 1.938, 1.303, 1.719, 1.945, 2.353, 2.473, 1.425, 1.352, 1.733, 1.881, 2.027, 1.678, 1.159, 0.996, 0.951, 0.924, 0.778, 0.0, 1.424, 1.408, 1.326, 1.4, 1.403, 1.652, 1.816, 1.6, 1.408, 1.918, 2.762, 2.453, 2.546, 3.075, 3.32, 3.513, 3.446, 3.414, 2.861, 2.912, 4.026, 4.947, 5.755, 5.861, 5.339, 5.07, 3.479, 2.245, 1.831, 2.256, 3.246, 3.585, 3.496, 3.64, 4.561, 5.223, 5.724, 5.672, 5.272, 5.308, 4.897, 4.61, 4.712, 4.645, 5.039, 6.366, 7.598, 7.626, 6.346, 5.823, 4.292, 3.002, 2.726, 2.793, 2.894, 2.538], [3.666, 3.829, 3.383, 3.115, 2.503, 2.494, 2.651, 2.039, 1.498, 1.284, 1.462, 1.565, 1.78, 1.381, 2.024, 2.277, 2.952, 3.061, 2.191, 1.653, 2.122, 2.529, 2.744, 2.565, 2.036, 1.701, 1.548, 1.412, 1.422, 1.424, 0.0, 0.859, 1.794, 2.251, 2.225, 2.33, 2.165, 1.561, 1.853, 2.697, 3.553, 3.298, 3.535, 3.999, 4.273, 4.39, 4.303, 4.282, 3.83, 3.792, 4.782, 5.712, 6.507, 6.634, 6.124, 5.9, 4.185, 2.689, 1.806, 1.87, 2.653, 2.971, 3.004, 3.075, 3.909, 4.517, 5.048, 5.002, 4.618, 4.583, 4.227, 3.898, 3.989, 4.015, 4.39, 5.713, 7.002, 6.959, 5.71, 5.132, 3.627, 2.419, 2.238, 2.27, 2.281, 1.935], [3.451, 3.649, 3.098, 2.737, 2.151, 2.194, 2.386, 1.811, 1.301, 1.23, 1.35, 1.577, 1.608, 1.523, 2.383, 2.658, 3.258, 3.368, 2.339, 1.682, 1.881, 2.191, 2.27, 2.208, 1.989, 1.808, 1.727, 1.475, 1.464, 1.408, 0.859, 0.0, 1.374, 2.037, 2.062, 2.101, 1.943, 1.322, 1.701, 2.521, 3.699, 3.4, 3.208, 3.631, 3.823, 3.937, 3.837, 3.893, 3.557, 3.845, 4.917, 5.89, 6.678, 6.794, 6.26, 5.976, 4.278, 2.494, 1.442, 1.499, 2.391, 2.788, 2.813, 2.844, 3.635, 4.279, 4.775, 4.728, 4.366, 4.347, 3.958, 3.594, 3.713, 3.737, 4.124, 5.436, 6.715, 6.718, 5.47, 4.906, 3.388, 2.146, 1.98, 2.092, 2.129, 1.783], [2.543, 2.569, 1.923, 1.928, 1.788, 2.212, 2.784, 2.287, 1.318, 1.566, 2.065, 2.278, 1.971, 1.634, 2.308, 2.598, 2.965, 3.04, 2.022, 1.818, 1.843, 1.703, 1.893, 1.737, 1.593, 1.374, 1.301, 1.234, 1.224, 1.326, 1.794, 1.374, 0.0, 1.013, 1.08, 1.136, 1.222, 1.209, 1.093, 2.083, 3.209, 2.744, 2.619, 2.938, 2.931, 2.948, 2.839, 2.943, 2.749, 3.042, 4.119, 5.015, 5.836, 6.021, 5.464, 5.214, 3.562, 2.028, 1.417, 1.928, 2.985, 3.36, 3.294, 3.441, 4.335, 5.003, 5.499, 5.421, 5.072, 5.048, 4.774, 4.354, 4.421, 4.627, 4.975, 6.134, 7.474, 7.432, 6.176, 5.769, 4.213, 2.872, 2.51, 2.756, 2.84, 2.448], [2.132, 2.199, 1.676, 1.885, 2.415, 3.067, 3.565, 3.079, 1.713, 1.945, 2.482, 2.848, 2.636, 2.027, 2.429, 2.625, 2.827, 2.833, 2.081, 2.018, 2.029, 1.961, 2.118, 1.57, 1.446, 1.425, 1.372, 1.44, 1.269, 1.4, 2.251, 2.037, 1.013, 0.0, 0.742, 1.104, 1.593, 1.838, 1.65, 1.715, 2.688, 2.258, 2.318, 2.864, 2.734, 2.738, 2.709, 2.558, 2.166, 2.473, 3.441, 4.332, 5.161, 5.321, 4.781, 4.52, 3.045, 2.17, 2.07, 2.724, 3.744, 4.08, 4.021, 4.159, 5.057, 5.749, 6.186, 6.059, 5.776, 5.799, 5.499, 5.088, 5.115, 5.339, 5.705, 6.874, 8.199, 8.161, 6.896, 6.49, 4.934, 3.593, 3.22, 3.479, 3.561, 3.158], [2.271, 2.319, 1.731, 2.009, 2.294, 2.919, 3.48, 3.059, 1.737, 1.906, 2.405, 2.824, 2.586, 1.977, 2.462, 2.74, 2.986, 3.014, 2.094, 2.034, 2.1, 2.115, 2.208, 1.715, 1.566, 1.462, 1.401, 1.491, 1.332, 1.403, 2.225, 2.062, 1.08, 0.742, 0.0, 1.007, 1.467, 1.863, 1.683, 1.957, 2.893, 2.475, 2.527, 2.974, 2.834, 2.82, 2.754, 2.633, 2.33, 2.684, 3.576, 4.389, 5.253, 5.414, 4.869, 4.65, 3.265, 2.224, 1.995, 2.686, 3.622, 4.01, 3.974, 4.101, 4.924, 5.647, 6.105, 6.018, 5.757, 5.704, 5.46, 5.017, 5.089, 5.322, 5.628, 6.785, 8.139, 8.102, 6.803, 6.396, 4.841, 3.499, 3.113, 3.359, 3.475, 3.062], [2.491, 2.463, 1.633, 1.519, 2.011, 2.574, 3.137, 2.691, 1.789, 2.138, 2.609, 2.866, 2.605, 2.244, 2.726, 2.956, 3.256, 3.316, 2.361, 2.24, 2.444, 2.303, 2.421, 2.111, 1.916, 1.743, 1.8, 1.776, 1.643, 1.652, 2.33, 2.101, 1.136, 1.104, 1.007, 0.0, 0.948, 1.426, 1.494, 2.267, 3.207, 2.809, 2.842, 3.2, 3.037, 2.938, 2.879, 2.795, 2.606, 3.127, 4.047, 4.867, 5.629, 5.772, 5.279, 5.064, 3.688, 2.647, 2.136, 2.312, 3.264, 3.574, 3.501, 3.703, 4.647, 5.371, 5.823, 5.664, 5.408, 5.406, 5.037, 4.579, 4.7, 4.899, 5.185, 6.341, 7.692, 7.645, 6.339, 5.886, 4.366, 3.036, 2.613, 2.872, 2.974, 2.586], [2.934, 2.95, 1.939, 1.7, 1.803, 2.219, 2.682, 2.302, 1.928, 2.093, 2.589, 2.732, 2.337, 2.147, 2.805, 3.046, 3.44, 3.504, 2.561, 2.387, 2.562, 2.326, 2.415, 2.365, 2.208, 1.956, 2.05, 1.871, 1.838, 1.816, 2.165, 1.943, 1.222, 1.593, 1.467, 0.948, 0.0, 0.98, 1.396, 2.41, 3.379, 3.217, 3.143, 3.355, 3.207, 3.222, 3.217, 3.285, 3.144, 3.594, 4.618, 5.395, 6.212, 6.356, 5.926, 5.645, 4.148, 2.827, 1.983, 2.055, 2.793, 3.156, 3.103, 3.279, 4.238, 4.945, 5.383, 5.231, 4.957, 4.979, 4.585, 4.165, 4.246, 4.358, 4.664, 5.913, 7.235, 7.2, 5.92, 5.397, 3.882, 2.59, 2.204, 2.379, 2.448, 2.078], [3.368, 3.327, 2.353, 2.061, 1.919, 2.108, 2.374, 1.963, 1.45, 1.698, 2.12, 2.261, 1.965, 1.868, 2.588, 2.839, 3.473, 3.556, 2.534, 1.975, 2.274, 2.205, 2.305, 2.298, 2.108, 1.87, 1.84, 1.646, 1.644, 1.6, 1.561, 1.322, 1.209, 1.838, 1.863, 1.426, 0.98, 0.0, 1.151, 2.393, 3.474, 3.409, 3.234, 3.431, 3.472, 3.545, 3.523, 3.63, 3.471, 3.897, 4.986, 5.865, 6.613, 6.765, 6.332, 5.991, 4.389, 2.729, 1.641, 1.576, 2.488, 2.805, 2.772, 2.95, 3.85, 4.584, 5.032, 4.877, 4.576, 4.629, 4.153, 3.802, 3.895, 3.933, 4.291, 5.575, 6.891, 6.882, 5.616, 5.055, 3.535, 2.222, 1.899, 2.046, 2.102, 1.717], [2.69, 2.704, 2.282, 2.461, 2.202, 2.536, 2.98, 2.512, 1.318, 1.657, 2.324, 2.392, 2.017, 1.487, 1.746, 2.011, 2.536, 2.654, 1.587, 1.413, 1.593, 1.419, 1.614, 1.671, 1.404, 1.407, 1.381, 1.481, 1.565, 1.408, 1.853, 1.701, 1.093, 1.65, 1.683, 1.494, 1.396, 1.151, 0.0, 1.571, 2.844, 2.587, 2.535, 2.816, 3.04, 3.096, 3.03, 3.155, 2.943, 3.17, 4.253, 5.139, 5.926, 6.033, 5.577, 5.302, 3.651, 1.903, 1.37, 2.041, 3.143, 3.498, 3.363, 3.554, 4.469, 5.09, 5.601, 5.554, 5.176, 5.131, 4.836, 4.453, 4.555, 4.635, 5.008, 6.271, 7.608, 7.544, 6.309, 5.785, 4.265, 2.971, 2.656, 2.798, 2.842, 2.429], [2.014, 2.185, 2.482, 2.647, 2.992, 3.681, 4.154, 3.765, 2.409, 2.481, 3.222, 3.503, 3.173, 2.18, 1.97, 2.038, 1.794, 1.712, 1.379, 1.791, 1.441, 1.263, 1.319, 1.126, 1.257, 1.905, 1.899, 2.045, 1.956, 1.918, 2.697, 2.521, 2.083, 1.715, 1.957, 2.267, 2.41, 2.393, 1.571, 0.0, 1.593, 1.391, 1.401, 1.99, 2.073, 2.236, 2.225, 2.209, 1.775, 1.921, 3.003, 3.877, 4.696, 4.829, 4.293, 3.957, 2.337, 1.46, 2.224, 3.3, 4.338, 4.69, 4.561, 4.766, 5.667, 6.353, 6.818, 6.756, 6.408, 6.374, 6.045, 5.627, 5.761, 5.859, 6.242, 7.511, 8.839, 8.779, 7.492, 6.963, 5.487, 4.172, 3.798, 3.932, 4.027, 3.649], [2.343, 2.55, 3.339, 3.713, 4.262, 4.856, 5.413, 5.075, 3.61, 3.493, 4.225, 4.573, 4.222, 3.191, 2.416, 2.392, 2.226, 1.747, 2.076, 2.735, 2.525, 2.336, 2.359, 2.083, 2.204, 2.698, 2.628, 2.908, 2.83, 2.762, 3.553, 3.699, 3.209, 2.688, 2.893, 3.207, 3.379, 3.474, 2.844, 1.593, 0.0, 1.134, 2.005, 2.311, 2.196, 2.268, 2.19, 2.013, 1.558, 1.45, 2.078, 2.79, 3.574, 3.675, 3.271, 3.126, 2.048, 2.36, 3.415, 4.552, 5.574, 5.865, 5.72, 5.976, 6.985, 7.696, 8.151, 8.011, 7.704, 7.729, 7.262, 6.901, 7.016, 7.055, 7.352, 8.672, 10.011, 9.967, 8.649, 8.055, 6.584, 5.278, 4.91, 5.038, 5.1, 4.707], [2.084, 2.175, 2.798, 3.265, 3.777, 4.388, 4.952, 4.571, 3.181, 3.079, 3.87, 4.146, 3.813, 2.733, 2.345, 2.362, 1.933, 1.478, 1.885, 2.316, 2.143, 1.958, 2.063, 1.778, 1.804, 2.3, 2.257, 2.483, 2.445, 2.453, 3.298, 3.4, 2.744, 2.258, 2.475, 2.809, 3.217, 3.409, 2.587, 1.391, 1.134, 0.0, 1.518, 1.841, 1.734, 1.761, 1.727, 1.598, 1.036, 1.019, 1.864, 2.836, 3.628, 3.744, 3.168, 2.863, 1.441, 1.753, 2.917, 4.037, 5.141, 5.481, 5.424, 5.556, 6.516, 7.129, 7.643, 7.595, 7.221, 7.168, 6.9, 6.551, 6.604, 6.747, 7.075, 8.279, 9.64, 9.548, 8.244, 7.811, 6.281, 4.992, 4.561, 4.781, 4.933, 4.546], [2.397, 2.541, 2.932, 2.753, 3.246, 3.77, 4.123, 4.066, 2.947, 3.073, 3.676, 4.065, 3.599, 2.735, 2.665, 2.709, 2.316, 2.14, 2.04, 2.433, 1.953, 1.698, 1.631, 1.462, 1.716, 2.162, 2.45, 2.578, 2.378, 2.546, 3.535, 3.208, 2.619, 2.318, 2.527, 2.842, 3.143, 3.234, 2.535, 1.401, 2.005, 1.518, 0.0, 0.992, 1.278, 1.502, 1.554, 1.613, 1.486, 2.051, 3.155, 4.086, 4.907, 5.129, 4.52, 4.012, 2.525, 1.833, 2.547, 3.504, 4.076, 4.293, 4.228, 4.495, 5.478, 6.167, 6.54, 6.342, 6.076, 6.153, 5.843, 5.572, 5.526, 5.659, 5.896, 6.985, 8.355, 8.317, 6.895, 6.433, 5.039, 3.825, 3.428, 3.697, 3.752, 3.524], [3.148, 3.134, 3.402, 2.96, 3.339, 3.801, 4.185, 4.2, 3.25, 3.529, 4.184, 4.504, 3.931, 3.273, 3.15, 3.151, 2.729, 2.388, 2.569, 2.942, 2.377, 1.912, 1.87, 1.86, 2.253, 2.6, 2.859, 3.066, 2.944, 3.075, 3.999, 3.631, 2.938, 2.864, 2.974, 3.2, 3.355, 3.431, 2.816, 1.99, 2.311, 1.841, 0.992, 0.0, 0.822, 1.148, 1.188, 1.386, 1.569, 2.42, 3.45, 4.38, 5.192, 5.415, 4.8, 4.303, 2.794, 2.129, 2.698, 3.655, 4.145, 4.269, 4.182, 4.571, 5.655, 6.314, 6.621, 6.276, 6.055, 6.283, 5.871, 5.605, 5.538, 5.692, 6.025, 7.017, 8.219, 8.188, 6.729, 6.211, 4.839, 3.862, 3.43, 3.791, 3.778, 3.584], [2.926, 2.894, 3.095, 2.816, 3.404, 3.965, 4.464, 4.347, 3.504, 3.864, 4.546, 4.875, 4.268, 3.603, 3.422, 3.456, 2.988, 2.456, 2.924, 3.196, 2.543, 2.072, 1.943, 1.989, 2.534, 2.977, 3.133, 3.406, 3.242, 3.32, 4.273, 3.823, 2.931, 2.734, 2.834, 3.037, 3.207, 3.472, 3.04, 2.073, 2.196, 1.734, 1.278, 0.822, 0.0, 0.634, 0.755, 1.016, 1.312, 2.108, 2.987, 3.884, 4.688, 4.904, 4.299, 3.849, 2.322, 2.168, 2.868, 3.876, 4.496, 4.647, 4.581, 4.91, 6.031, 6.673, 7.014, 6.754, 6.486, 6.634, 6.159, 5.855, 5.873, 6.022, 6.414, 7.376, 8.687, 8.7, 7.188, 6.702, 5.33, 4.205, 3.741, 4.067, 4.113, 3.875], [2.828, 2.802, 3.045, 2.863, 3.54, 4.116, 4.641, 4.564, 3.563, 3.952, 4.644, 4.979, 4.373, 3.719, 3.538, 3.565, 3.063, 2.531, 3.025, 3.31, 2.623, 2.186, 2.102, 2.126, 2.643, 3.083, 3.226, 3.498, 3.375, 3.513, 4.39, 3.937, 2.948, 2.738, 2.82, 2.938, 3.222, 3.545, 3.096, 2.236, 2.268, 1.761, 1.502, 1.148, 0.634, 0.0, 0.389, 0.683, 1.138, 2.023, 2.71, 3.539, 4.338, 4.561, 3.957, 3.537, 2.081, 2.231, 3.048, 4.06, 4.672, 4.875, 4.879, 5.17, 6.256, 6.887, 7.284, 7.083, 6.818, 6.873, 6.491, 6.105, 6.124, 6.317, 6.667, 7.679, 9.03, 9.033, 7.539, 7.085, 5.696, 4.463, 4.051, 4.295, 4.379, 4.115], [2.779, 2.782, 3.077, 2.881, 3.532, 4.122, 4.65, 4.541, 3.494, 3.884, 4.579, 4.916, 4.315, 3.634, 3.452, 3.482, 3.039, 2.487, 2.955, 3.224, 2.533, 2.111, 2.047, 2.099, 2.582, 3.066, 3.167, 3.433, 3.313, 3.446, 4.303, 3.837, 2.839, 2.709, 2.754, 2.879, 3.217, 3.523, 3.03, 2.225, 2.19, 1.727, 1.554, 1.188, 0.755, 0.389, 0.0, 0.561, 1.102, 2.015, 2.662, 3.474, 4.266, 4.49, 3.893, 3.498, 2.091, 2.189, 2.988, 4.04, 4.701, 4.951, 4.911, 5.158, 6.235, 6.891, 7.312, 7.159, 6.849, 6.902, 6.486, 6.106, 6.148, 6.323, 6.654, 7.744, 9.07, 9.108, 7.61, 7.149, 5.738, 4.47, 4.098, 4.289, 4.418, 4.107], [2.655, 2.594, 2.966, 2.961, 3.768, 4.362, 4.887, 4.747, 3.586, 3.916, 4.569, 4.906, 4.449, 3.648, 3.501, 3.523, 3.137, 2.551, 2.973, 3.252, 2.582, 2.286, 2.198, 2.04, 2.59, 3.035, 3.173, 3.436, 3.294, 3.414, 4.282, 3.893, 2.943, 2.558, 2.633, 2.795, 3.285, 3.63, 3.155, 2.209, 2.013, 1.598, 1.613, 1.386, 1.016, 0.683, 0.561, 0.0, 0.945, 1.903, 2.488, 3.22, 4.017, 4.234, 3.618, 3.258, 1.984, 2.391, 3.185, 4.247, 4.919, 5.185, 5.154, 5.406, 6.47, 7.147, 7.577, 7.396, 7.111, 7.169, 6.759, 6.382, 6.387, 6.579, 6.88, 7.988, 9.294, 9.342, 7.848, 7.398, 5.972, 4.678, 4.305, 4.523, 4.617, 4.296], [2.187, 2.213, 2.685, 2.91, 3.732, 4.332, 4.943, 4.609, 3.327, 3.423, 4.142, 4.527, 4.178, 3.183, 2.941, 2.968, 2.488, 1.998, 2.403, 2.776, 2.288, 2.107, 2.066, 1.769, 2.076, 2.727, 2.775, 2.959, 2.8, 2.861, 3.83, 3.557, 2.749, 2.166, 2.33, 2.606, 3.144, 3.471, 2.943, 1.775, 1.558, 1.036, 1.486, 1.569, 1.312, 1.138, 1.102, 0.945, 0.0, 1.243, 2.06, 2.957, 3.747, 3.925, 3.296, 2.955, 1.672, 1.901, 3.009, 4.074, 5.073, 5.364, 5.285, 5.488, 6.472, 7.161, 7.59, 7.465, 7.132, 7.215, 6.778, 6.376, 6.477, 6.634, 6.999, 8.23, 9.524, 9.4, 8.078, 7.615, 6.133, 4.819, 4.422, 4.712, 4.798, 4.443], [2.136, 2.197, 2.816, 3.509, 4.051, 4.839, 5.509, 4.916, 3.676, 3.532, 4.235, 4.592, 4.285, 3.246, 2.617, 2.536, 1.972, 1.819, 2.199, 2.836, 2.615, 2.483, 2.507, 2.302, 2.33, 2.85, 2.676, 2.997, 2.907, 2.912, 3.792, 3.845, 3.042, 2.473, 2.684, 3.127, 3.594, 3.897, 3.17, 1.921, 1.45, 1.019, 2.051, 2.42, 2.108, 2.023, 2.015, 1.903, 1.243, 0.0, 1.221, 2.27, 3.063, 3.16, 2.575, 2.411, 1.197, 1.81, 3.304, 4.567, 5.706, 6.057, 5.978, 6.16, 6.968, 7.58, 8.11, 8.056, 7.69, 7.693, 7.423, 7.006, 7.125, 7.322, 7.705, 8.885, 10.253, 10.154, 8.817, 8.387, 6.893, 5.556, 5.173, 5.409, 5.512, 5.137], [2.304, 2.556, 3.397, 4.473, 5.142, 5.926, 6.649, 5.916, 4.798, 4.612, 5.299, 5.495, 5.086, 4.149, 3.437, 3.262, 2.503, 2.289, 3.217, 3.823, 3.622, 3.517, 3.551, 3.425, 3.438, 3.903, 3.732, 3.985, 4.016, 4.026, 4.782, 4.917, 4.119, 3.441, 3.576, 4.047, 4.618, 4.986, 4.253, 3.003, 2.078, 1.864, 3.155, 3.45, 2.987, 2.71, 2.662, 2.488, 2.06, 1.221, 0.0, 1.485, 2.304, 2.22, 1.74, 1.978, 1.466, 2.729, 4.28, 5.654, 6.833, 7.19, 7.102, 7.268, 8.013, 8.502, 9.141, 9.143, 8.794, 8.738, 8.512, 8.059, 8.227, 8.449, 8.823, 10.014, 11.402, 11.31, 9.986, 9.555, 8.043, 6.696, 6.335, 6.561, 6.642, 6.272], [3.298, 3.536, 4.433, 5.411, 6.161, 6.901, 7.611, 7.059, 5.673, 5.556, 6.341, 6.615, 6.274, 5.224, 4.42, 4.237, 3.541, 3.37, 4.223, 4.925, 4.678, 4.573, 4.587, 4.375, 4.437, 4.757, 4.616, 4.883, 5.023, 4.947, 5.712, 5.89, 5.015, 4.332, 4.389, 4.867, 5.395, 5.865, 5.139, 3.877, 2.79, 2.836, 4.086, 4.38, 3.884, 3.539, 3.474, 3.22, 2.957, 2.27, 1.485, 0.0, 1.11, 1.239, 1.155, 1.374, 1.821, 3.764, 5.404, 6.69, 7.769, 8.122, 8.072, 8.254, 9.066, 9.737, 10.226, 10.153, 9.87, 9.8, 9.574, 9.115, 9.213, 9.465, 9.798, 10.95, 12.355, 12.277, 10.921, 10.482, 9.0, 7.65, 7.248, 7.477, 7.555, 7.22], [3.96, 4.102, 5.099, 6.142, 6.899, 7.702, 8.412, 7.838, 6.48, 6.355, 7.167, 7.471, 7.141, 5.98, 5.185, 4.966, 4.279, 4.14, 5.015, 5.692, 5.477, 5.369, 5.381, 5.175, 5.217, 5.57, 5.48, 5.738, 5.777, 5.755, 6.507, 6.678, 5.836, 5.161, 5.253, 5.629, 6.212, 6.613, 5.926, 4.696, 3.574, 3.628, 4.907, 5.192, 4.688, 4.338, 4.266, 4.017, 3.747, 3.063, 2.304, 1.11, 0.0, 0.703, 1.12, 1.361, 2.619, 4.603, 6.191, 7.494, 8.624, 8.94, 8.876, 9.069, 9.932, 10.588, 11.082, 10.994, 10.658, 10.66, 10.356, 9.921, 10.019, 10.255, 10.589, 11.782, 13.134, 13.075, 11.727, 11.289, 9.783, 8.465, 8.047, 8.304, 8.369, 8.0], [3.905, 4.012, 5.087, 6.308, 7.0, 7.863, 8.582, 7.883, 6.649, 6.473, 7.231, 7.458, 7.107, 5.975, 5.143, 4.867, 4.226, 4.08, 5.087, 5.751, 5.529, 5.432, 5.463, 5.309, 5.347, 5.722, 5.549, 5.85, 5.926, 5.861, 6.634, 6.794, 6.021, 5.321, 5.414, 5.772, 6.356, 6.765, 6.033, 4.829, 3.675, 3.744, 5.129, 5.415, 4.904, 4.561, 4.49, 4.234, 3.925, 3.16, 2.22, 1.239, 0.703, 0.0, 0.944, 1.294, 2.707, 4.625, 6.223, 7.632, 8.8, 9.154, 9.057, 9.245, 10.043, 10.587, 11.187, 11.149, 10.806, 10.751, 10.528, 10.084, 10.214, 10.403, 10.758, 11.969, 13.313, 13.227, 11.923, 11.481, 9.958, 8.634, 8.219, 8.459, 8.564, 8.16], [3.47, 3.753, 4.539, 5.727, 6.437, 7.288, 7.994, 7.362, 6.119, 6.009, 6.689, 6.94, 6.61, 5.52, 4.792, 4.61, 3.913, 3.755, 4.606, 5.189, 4.956, 4.893, 4.911, 4.749, 4.809, 5.254, 5.047, 5.376, 5.399, 5.339, 6.124, 6.26, 5.464, 4.781, 4.869, 5.279, 5.926, 6.332, 5.577, 4.293, 3.271, 3.168, 4.52, 4.8, 4.299, 3.957, 3.893, 3.618, 3.296, 2.575, 1.74, 1.155, 1.12, 0.944, 0.0, 0.913, 2.117, 4.124, 5.645, 7.035, 8.196, 8.554, 8.473, 8.652, 9.461, 9.993, 10.596, 10.553, 10.195, 10.165, 9.921, 9.512, 9.607, 9.795, 10.166, 11.379, 12.707, 12.609, 11.316, 10.869, 9.35, 8.034, 7.608, 7.852, 7.974, 7.566], [3.575, 3.913, 4.514, 5.407, 6.091, 6.891, 7.537, 6.96, 5.755, 5.719, 6.367, 6.738, 6.42, 5.385, 4.792, 4.666, 3.911, 3.686, 4.406, 4.862, 4.671, 4.581, 4.628, 4.401, 4.412, 4.927, 4.79, 5.039, 5.024, 5.07, 5.9, 5.976, 5.214, 4.52, 4.65, 5.064, 5.645, 5.991, 5.302, 3.957, 3.126, 2.863, 4.012, 4.303, 3.849, 3.537, 3.498, 3.258, 2.955, 2.411, 1.978, 1.374, 1.361, 1.294, 0.913, 0.0, 1.851, 3.89, 5.391, 6.6, 7.728, 8.056, 7.946, 8.153, 8.991, 9.58, 10.092, 10.043, 9.706, 9.689, 9.425, 8.989, 9.107, 9.294, 9.68, 10.872, 12.193, 12.123, 10.81, 10.364, 8.841, 7.558, 7.113, 7.374, 7.504, 7.119], [2.763, 2.726, 3.342, 4.002, 4.582, 5.288, 5.971, 5.433, 4.186, 4.121, 4.875, 5.119, 4.828, 3.684, 3.105, 3.007, 2.286, 2.015, 2.833, 3.309, 3.021, 2.887, 2.938, 2.757, 2.863, 3.304, 3.172, 3.423, 3.468, 3.479, 4.185, 4.278, 3.562, 3.045, 3.265, 3.688, 4.148, 4.389, 3.651, 2.337, 2.048, 1.441, 2.525, 2.794, 2.322, 2.081, 2.091, 1.984, 1.672, 1.197, 1.466, 1.821, 2.619, 2.707, 2.117, 1.851, 0.0, 2.129, 3.765, 5.016, 6.138, 6.522, 6.455, 6.6, 7.432, 8.059, 8.572, 8.526, 8.182, 8.125, 7.899, 7.458, 7.572, 7.788, 8.097, 9.317, 10.696, 10.599, 9.276, 8.835, 7.332, 5.986, 5.603, 5.834, 5.939, 5.562], [2.442, 2.568, 2.727, 2.98, 2.985, 3.515, 4.097, 3.473, 2.467, 2.487, 3.235, 3.362, 2.969, 2.046, 1.706, 1.787, 1.605, 1.627, 1.58, 1.826, 1.58, 1.667, 1.662, 1.607, 1.616, 2.001, 1.931, 2.178, 2.238, 2.245, 2.689, 2.494, 2.028, 2.17, 2.224, 2.647, 2.827, 2.729, 1.903, 1.46, 2.36, 1.753, 1.833, 2.129, 2.168, 2.231, 2.189, 2.391, 1.901, 1.81, 2.729, 3.764, 4.603, 4.625, 4.124, 3.89, 2.129, 0.0, 1.885, 3.12, 4.298, 4.66, 4.606, 4.749, 5.507, 6.102, 6.627, 6.624, 6.318, 6.218, 6.034, 5.582, 5.712, 5.917, 6.277, 7.474, 8.819, 8.777, 7.483, 7.061, 5.547, 4.209, 3.834, 4.111, 4.137, 3.746], [2.949, 3.016, 2.642, 2.583, 2.133, 2.296, 2.618, 2.004, 1.51, 1.566, 2.179, 2.251, 1.7, 1.269, 1.958, 2.211, 2.758, 2.879, 1.982, 1.34, 1.636, 1.66, 1.786, 1.916, 1.811, 1.74, 1.717, 1.674, 1.642, 1.831, 1.806, 1.442, 1.417, 2.07, 1.995, 2.136, 1.983, 1.641, 1.37, 2.224, 3.415, 2.917, 2.547, 2.698, 2.868, 3.048, 2.988, 3.185, 3.009, 3.304, 4.28, 5.404, 6.191, 6.223, 5.645, 5.391, 3.765, 1.885, 0.0, 1.585, 2.661, 3.02, 3.081, 3.133, 3.987, 4.5, 5.114, 5.095, 4.659, 4.661, 4.365, 3.966, 4.059, 4.275, 4.675, 5.861, 7.268, 7.194, 5.873, 5.451, 3.963, 2.602, 2.31, 2.681, 2.575, 2.31], [4.079, 4.091, 2.864, 2.045, 1.668, 1.689, 1.694, 0.916, 1.629, 1.741, 1.953, 2.088, 1.819, 2.198, 3.153, 3.39, 3.956, 4.089, 2.984, 2.239, 2.646, 2.569, 2.74, 2.898, 2.718, 2.533, 2.471, 2.247, 2.124, 2.256, 1.87, 1.499, 1.928, 2.724, 2.686, 2.312, 2.055, 1.576, 2.041, 3.3, 4.552, 4.037, 3.504, 3.655, 3.876, 4.06, 4.04, 4.247, 4.074, 4.567, 5.654, 6.69, 7.494, 7.632, 7.035, 6.6, 5.016, 3.12, 1.585, 0.0, 1.457, 1.816, 2.042, 1.93, 2.601, 3.184, 3.698, 3.68, 3.306, 3.264, 2.977, 2.592, 2.654, 2.872, 3.307, 4.437, 5.873, 5.802, 4.485, 4.061, 2.669, 1.526, 1.336, 1.608, 1.518, 1.604], [5.311, 5.301, 4.019, 2.738, 2.038, 1.661, 1.251, 1.35, 2.343, 2.601, 2.307, 2.338, 2.384, 3.196, 4.331, 4.592, 5.125, 5.263, 4.091, 3.458, 3.716, 3.746, 3.785, 3.791, 3.703, 3.285, 3.414, 3.102, 3.077, 3.246, 2.653, 2.391, 2.985, 3.744, 3.622, 3.264, 2.793, 2.488, 3.143, 4.338, 5.574, 5.141, 4.076, 4.145, 4.496, 4.672, 4.701, 4.919, 5.073, 5.706, 6.833, 7.769, 8.624, 8.8, 8.196, 7.728, 6.138, 4.298, 2.661, 1.457, 0.0, 0.926, 1.268, 1.228, 1.674, 2.332, 2.733, 2.592, 2.359, 2.382, 2.19, 1.833, 1.77, 1.807, 2.445, 3.393, 4.654, 4.606, 3.258, 2.819, 1.644, 1.059, 1.319, 1.251, 1.229, 1.475], [5.649, 5.653, 4.345, 2.976, 2.399, 1.705, 1.36, 1.619, 2.696, 2.915, 2.835, 2.926, 3.081, 3.587, 4.682, 4.967, 5.498, 5.648, 4.49, 3.838, 4.084, 4.128, 4.113, 4.161, 4.076, 3.6, 3.814, 3.514, 3.441, 3.585, 2.971, 2.788, 3.36, 4.08, 4.01, 3.574, 3.156, 2.805, 3.498, 4.69, 5.865, 5.481, 4.293, 4.269, 4.647, 4.875, 4.951, 5.185, 5.364, 6.057, 7.19, 8.122, 8.94, 9.154, 8.554, 8.056, 6.522, 4.66, 3.02, 1.816, 0.926, 0.0, 0.786, 1.008, 1.661, 2.272, 2.495, 2.303, 2.036, 2.18, 1.916, 1.667, 1.632, 1.557, 2.326, 3.163, 4.356, 4.287, 2.937, 2.446, 1.498, 1.474, 1.649, 1.527, 1.475, 1.804], [5.496, 5.561, 4.253, 2.877, 2.247, 1.523, 1.286, 1.813, 2.887, 3.183, 3.177, 3.217, 3.253, 3.568, 4.558, 4.836, 5.389, 5.531, 4.378, 3.746, 3.983, 4.04, 4.021, 4.069, 3.972, 3.583, 3.742, 3.465, 3.402, 3.496, 3.004, 2.813, 3.294, 4.021, 3.974, 3.501, 3.103, 2.772, 3.363, 4.561, 5.72, 5.424, 4.228, 4.182, 4.581, 4.879, 4.911, 5.154, 5.285, 5.978, 7.102, 8.072, 8.876, 9.057, 8.473, 7.946, 6.455, 4.606, 3.081, 2.042, 1.268, 0.786, 0.0, 0.823, 1.842, 2.472, 2.649, 2.389, 2.149, 2.305, 1.816, 1.653, 1.761, 1.678, 2.601, 3.307, 4.43, 4.322, 3.059, 2.562, 1.437, 1.519, 1.664, 1.554, 1.567, 1.863], [5.721, 5.719, 4.433, 3.122, 2.405, 1.573, 1.078, 1.791, 2.835, 3.132, 3.004, 2.893, 3.014, 3.538, 4.682, 4.946, 5.503, 5.64, 4.459, 3.793, 4.073, 4.129, 4.181, 4.213, 4.081, 3.755, 3.862, 3.535, 3.442, 3.64, 3.075, 2.844, 3.441, 4.159, 4.101, 3.703, 3.279, 2.95, 3.554, 4.766, 5.976, 5.556, 4.495, 4.571, 4.91, 5.17, 5.158, 5.406, 5.488, 6.16, 7.268, 8.254, 9.069, 9.245, 8.652, 8.153, 6.6, 4.749, 3.133, 1.93, 1.228, 1.008, 0.823, 0.0, 1.335, 1.988, 2.263, 2.181, 1.771, 1.817, 1.514, 1.384, 1.454, 1.46, 2.26, 2.926, 4.156, 4.131, 2.782, 2.488, 1.693, 1.523, 1.757, 1.574, 1.733, 1.929], [6.552, 6.534, 5.222, 4.086, 3.273, 2.466, 1.897, 2.252, 3.602, 3.692, 3.064, 2.928, 3.192, 4.35, 5.565, 5.842, 6.271, 6.418, 5.235, 4.62, 4.956, 5.009, 5.044, 5.143, 5.005, 4.719, 4.758, 4.362, 4.323, 4.561, 3.909, 3.635, 4.335, 5.057, 4.924, 4.647, 4.238, 3.85, 4.469, 5.667, 6.985, 6.516, 5.478, 5.655, 6.031, 6.256, 6.235, 6.47, 6.472, 6.968, 8.013, 9.066, 9.932, 10.043, 9.461, 8.991, 7.432, 5.507, 3.987, 2.601, 1.674, 1.661, 1.842, 1.335, 0.0, 1.025, 1.347, 1.474, 1.476, 1.467, 1.759, 1.525, 1.551, 1.255, 1.558, 2.242, 3.515, 3.447, 2.212, 2.106, 2.074, 2.216, 2.607, 2.428, 2.605, 2.818], [7.046, 7.02, 5.721, 4.792, 3.832, 3.08, 2.531, 2.784, 4.288, 4.375, 3.627, 3.33, 3.611, 4.842, 6.065, 6.311, 6.721, 6.871, 5.8, 5.18, 5.499, 5.614, 5.647, 5.877, 5.72, 5.44, 5.456, 5.093, 5.025, 5.223, 4.517, 4.279, 5.003, 5.749, 5.647, 5.371, 4.945, 4.584, 5.09, 6.353, 7.696, 7.129, 6.167, 6.314, 6.673, 6.887, 6.891, 7.147, 7.161, 7.58, 8.502, 9.737, 10.588, 10.587, 9.993, 9.58, 8.059, 6.102, 4.5, 3.184, 2.332, 2.272, 2.472, 1.988, 1.025, 0.0, 0.938, 1.369, 1.406, 1.42, 1.849, 1.586, 1.295, 1.438, 1.908, 2.429, 3.252, 3.417, 2.162, 2.303, 2.431, 2.826, 3.235, 3.115, 3.289, 3.498], [7.675, 7.657, 6.321, 5.23, 4.307, 3.539, 2.898, 3.34, 4.75, 4.845, 4.135, 3.925, 4.257, 5.47, 6.692, 6.935, 7.367, 7.51, 6.335, 5.737, 6.081, 6.155, 6.19, 6.329, 6.172, 5.892, 5.916, 5.545, 5.481, 5.724, 5.048, 4.775, 5.499, 6.186, 6.105, 5.823, 5.383, 5.032, 5.601, 6.818, 8.151, 7.643, 6.54, 6.621, 7.014, 7.284, 7.312, 7.577, 7.59, 8.11, 9.141, 10.226, 11.082, 11.187, 10.596, 10.092, 8.572, 6.627, 5.114, 3.698, 2.733, 2.495, 2.649, 2.263, 1.347, 0.938, 0.0, 0.778, 1.065, 1.239, 1.672, 1.595, 1.352, 1.467, 1.989, 2.243, 2.937, 2.939, 1.851, 1.876, 2.406, 3.215, 3.622, 3.503, 3.686, 3.903], [7.659, 7.642, 6.288, 5.055, 4.262, 3.457, 2.83, 3.343, 4.681, 4.795, 4.133, 3.987, 4.323, 5.446, 6.673, 6.91, 7.351, 7.494, 6.322, 5.718, 6.047, 6.121, 6.156, 6.218, 6.098, 5.701, 5.851, 5.455, 5.408, 5.672