[[0.0, 1.107, 1.679, 2.089, 1.417, 1.284, 1.558, 2.286, 2.606, 2.671, 2.881, 2.062, 1.25, 1.844, 1.499, 1.471, 1.317, 2.049, 2.888, 3.547, 3.98, 3.844, 3.335, 3.173, 2.883, 2.942, 2.834, 2.801, 2.556, 2.692, 2.53, 2.322, 2.079, 1.294, 1.47, 1.79, 1.989, 2.798, 4.892, 6.289, 7.038, 8.549, 11.285, 14.162, 15.905, 16.589, 16.381, 16.212, 16.641, 16.83, 16.091, 16.067, 16.411, 15.991, 15.051, 14.609, 14.938, 15.14, 15.357, 15.962, 17.56, 18.66, 18.195, 17.644, 17.288, 17.824, 18.333, 18.456, 18.277, 18.518, 18.202, 17.509, 16.608, 15.973, 14.843, 14.449, 12.133, 8.741, 7.473, 8.328, 8.262, 8.385, 8.065, 7.389, 7.585, 8.161], [1.107, 0.0, 0.753, 1.223, 1.02, 1.16, 1.267, 1.635, 1.904, 1.91, 2.004, 1.232, 1.36, 2.265, 2.188, 1.88, 1.741, 2.073, 3.65, 4.311, 4.751, 4.641, 4.062, 3.872, 3.458, 3.61, 3.499, 3.397, 3.393, 3.499, 3.326, 3.075, 2.791, 1.496, 1.358, 1.83, 2.373, 3.698, 5.717, 7.09, 7.861, 9.371, 12.074, 14.958, 16.712, 17.383, 17.169, 17.005, 17.433, 17.62, 16.884, 16.861, 17.197, 16.772, 15.845, 15.388, 15.781, 15.952, 16.14, 16.87, 18.429, 19.511, 19.053, 18.496, 18.099, 18.635, 19.142, 19.266, 19.071, 19.329, 19.011, 18.299, 17.412, 16.768, 15.646, 15.251, 12.923, 9.556, 8.245, 9.116, 9.05, 9.18, 8.876, 8.228, 8.373, 8.937], [1.679, 0.753, 0.0, 0.773, 1.012, 1.233, 1.273, 1.428, 1.541, 1.556, 1.593, 1.014, 1.796, 2.687, 2.624, 2.296, 2.238, 2.376, 4.136, 4.751, 5.226, 5.137, 4.598, 4.401, 3.98, 4.04, 3.94, 3.827, 3.812, 3.928, 3.775, 3.541, 3.261, 2.044, 1.712, 2.193, 2.832, 4.216, 6.226, 7.57, 8.324, 9.825, 12.536, 15.386, 17.14, 17.818, 17.593, 17.429, 17.857, 18.044, 17.311, 17.337, 17.655, 17.193, 16.299, 15.881, 16.253, 16.458, 16.688, 17.332, 18.844, 19.969, 19.511, 18.953, 18.574, 19.11, 19.608, 19.67, 19.57, 19.816, 19.509, 18.788, 17.899, 17.211, 16.078, 15.707, 13.405, 9.961, 8.707, 9.539, 9.459, 9.63, 9.314, 8.649, 8.895, 9.452], [2.089, 1.223, 0.773, 0.0, 1.286, 1.487, 1.61, 1.633, 1.419, 1.394, 1.265, 1.103, 2.225, 3.139, 3.009, 2.716, 2.638, 2.66, 4.556, 5.105, 5.685, 5.54, 4.973, 4.765, 4.349, 4.447, 4.293, 4.218, 4.26, 4.323, 4.179, 3.947, 3.625, 2.348, 1.971, 2.392, 3.129, 4.588, 6.703, 7.945, 8.692, 10.273, 12.949, 15.841, 17.542, 18.2, 17.976, 17.821, 18.243, 18.428, 17.699, 17.758, 18.062, 17.565, 16.706, 16.312, 16.703, 16.901, 17.141, 17.813, 19.341, 20.467, 19.964, 19.414, 19.067, 19.51, 20.025, 20.092, 19.982, 20.235, 19.933, 19.231, 18.336, 17.649, 16.486, 16.134, 13.839, 10.416, 9.162, 9.938, 9.832, 10.045, 9.655, 9.015, 9.336, 9.89], [1.417, 1.02, 1.012, 1.286, 0.0, 0.743, 0.955, 1.475, 1.687, 1.857, 2.037, 1.135, 1.448, 2.406, 2.272, 2.068, 2.038, 2.307, 3.827, 4.406, 4.928, 4.853, 4.299, 4.09, 3.757, 3.691, 3.588, 3.535, 3.446, 3.547, 3.476, 3.27, 2.922, 1.64, 1.408, 2.097, 2.627, 3.927, 5.988, 7.347, 8.09, 9.597, 12.267, 15.033, 16.771, 17.451, 17.228, 17.064, 17.492, 17.681, 16.99, 17.128, 17.428, 16.874, 16.02, 15.692, 16.032, 16.222, 16.43, 17.116, 18.6, 19.759, 19.248, 18.741, 18.399, 18.918, 19.4, 19.473, 19.345, 19.538, 19.213, 18.521, 17.623, 16.937, 15.776, 15.425, 13.135, 9.709, 8.488, 9.33, 9.177, 9.309, 8.943, 8.259, 8.553, 9.129], [1.284, 1.16, 1.233, 1.487, 0.743, 0.0, 0.778, 1.391, 1.668, 1.832, 2.023, 1.287, 1.413, 2.368, 2.298, 2.134, 1.876, 2.612, 3.858, 4.339, 4.807, 4.695, 4.113, 3.906, 3.617, 3.649, 3.464, 3.337, 3.353, 3.549, 3.423, 3.297, 2.987, 1.828, 1.811, 2.149, 2.483, 3.582, 5.819, 7.202, 7.917, 9.422, 12.186, 15.06, 16.784, 17.483, 17.258, 17.099, 17.529, 17.718, 16.988, 17.064, 17.39, 16.889, 16.016, 15.57, 15.821, 16.053, 16.291, 16.799, 18.434, 19.529, 19.066, 18.522, 18.204, 18.748, 19.302, 19.382, 19.223, 19.497, 19.182, 18.497, 17.597, 16.92, 15.755, 15.398, 13.129, 9.646, 8.368, 9.265, 9.164, 9.308, 8.915, 8.244, 8.531, 9.134], [1.558, 1.267, 1.273, 1.61, 0.955, 0.778, 0.0, 1.106, 1.487, 1.632, 1.849, 1.275, 1.664, 2.623, 2.659, 2.299, 2.123, 2.667, 4.121, 4.663, 5.089, 4.966, 4.375, 4.167, 3.84, 3.894, 3.755, 3.626, 3.673, 3.908, 3.745, 3.533, 3.264, 1.876, 1.824, 2.346, 2.57, 3.86, 6.123, 7.565, 8.328, 9.851, 12.551, 15.401, 17.148, 17.84, 17.619, 17.463, 17.894, 18.081, 17.348, 17.311, 17.654, 17.243, 16.3, 15.884, 16.188, 16.377, 16.592, 17.164, 18.768, 19.928, 19.467, 18.925, 18.56, 19.103, 19.594, 19.694, 19.533, 19.754, 19.446, 18.752, 17.852, 17.217, 16.089, 15.694, 13.383, 9.955, 8.738, 9.576, 9.497, 9.613, 9.232, 8.58, 8.801, 9.404], [2.286, 1.635, 1.428, 1.633, 1.475, 1.391, 1.106, 0.0, 0.814, 1.026, 1.329, 1.26, 2.346, 3.559, 3.517, 3.05, 2.935, 3.347, 5.074, 5.586, 6.03, 5.897, 5.294, 5.026, 4.756, 4.816, 4.607, 4.393, 4.61, 4.86, 4.696, 4.452, 4.049, 2.53, 2.231, 2.55, 3.107, 4.685, 7.071, 8.458, 9.214, 10.705, 13.467, 16.314, 18.064, 18.775, 18.549, 18.388, 18.822, 19.011, 18.282, 18.265, 18.603, 18.193, 17.242, 16.785, 17.057, 17.231, 17.485, 17.973, 19.689, 20.762, 20.274, 19.731, 19.437, 19.977, 20.521, 20.627, 20.412, 20.658, 20.354, 19.674, 18.777, 18.132, 17.006, 16.617, 14.313, 10.926, 9.654, 10.53, 10.471, 10.553, 10.164, 9.521, 9.749, 10.351], [2.606, 1.904, 1.541, 1.419, 1.687, 1.668, 1.487, 0.814, 0.0, 0.729, 1.217, 1.382, 2.68, 3.811, 3.692, 3.281, 3.233, 3.676, 5.366, 5.839, 6.302, 6.186, 5.575, 5.303, 5.008, 5.061, 4.838, 4.636, 4.805, 5.058, 4.929, 4.754, 4.357, 2.864, 2.543, 2.884, 3.343, 4.989, 7.305, 8.682, 9.383, 10.905, 13.598, 16.516, 18.249, 18.961, 18.751, 18.588, 19.011, 19.2, 18.466, 18.565, 18.885, 18.37, 17.529, 17.048, 17.22, 17.493, 17.79, 18.158, 19.802, 20.875, 20.401, 19.864, 19.629, 20.22, 20.788, 20.814, 20.699, 20.965, 20.656, 19.978, 19.077, 18.405, 17.258, 16.886, 14.611, 11.116, 9.837, 10.716, 10.619, 10.819, 10.424, 9.754, 10.047, 10.65], [2.671, 1.91, 1.556, 1.394, 1.857, 1.832, 1.632, 1.026, 0.729, 0.0, 0.957, 1.296, 2.729, 3.859, 3.804, 3.307, 3.25, 3.552, 5.425, 5.893, 6.355, 6.237, 5.635, 5.361, 5.082, 5.111, 4.91, 4.705, 4.903, 5.173, 5.006, 4.801, 4.401, 2.861, 2.497, 2.674, 3.382, 5.021, 7.336, 8.714, 9.453, 11.015, 13.723, 16.633, 18.373, 19.088, 18.873, 18.708, 19.141, 19.329, 18.594, 18.619, 18.933, 18.498, 17.585, 17.097, 17.311, 17.537, 17.843, 18.249, 19.945, 21.027, 20.547, 19.983, 19.702, 20.273, 20.846, 20.893, 20.755, 21.016, 20.702, 20.021, 19.121, 18.456, 17.314, 16.947, 14.67, 11.174, 9.929, 10.794, 10.728, 10.872, 10.475, 9.831, 10.104, 10.707], [2.881, 2.004, 1.593, 1.265, 2.037, 2.023, 1.849, 1.329, 1.217, 0.957, 0.0, 1.278, 2.832, 3.988, 3.962, 3.436, 3.387, 3.657, 5.534, 6.047, 6.488, 6.386, 5.771, 5.485, 5.211, 5.245, 5.064, 4.796, 5.077, 5.328, 5.146, 4.902, 4.502, 2.997, 2.628, 2.719, 3.49, 5.215, 7.465, 8.902, 9.686, 11.231, 13.919, 16.797, 18.548, 19.249, 19.032, 18.87, 19.3, 19.488, 18.754, 18.752, 19.056, 18.632, 17.713, 17.24, 17.571, 17.721, 17.994, 18.513, 20.136, 21.284, 20.845, 20.311, 19.902, 20.469, 20.998, 21.093, 20.876, 21.158, 20.85, 20.15, 19.276, 18.612, 17.488, 17.097, 14.804, 11.352, 10.098, 10.967, 10.886, 11.001, 10.608, 9.964, 10.209, 10.812], [2.062, 1.232, 1.014, 1.103, 1.135, 1.287, 1.275, 1.26, 1.382, 1.296, 1.278, 0.0, 1.82, 3.026, 2.959, 2.553, 2.463, 2.678, 4.473, 5.005, 5.489, 5.444, 4.809, 4.53, 4.274, 4.262, 4.1, 3.919, 4.056, 4.272, 4.105, 3.878, 3.447, 2.075, 1.699, 2.02, 2.831, 4.423, 6.592, 7.992, 8.758, 10.253, 12.963, 15.734, 17.488, 18.167, 17.94, 17.777, 18.205, 18.394, 17.708, 17.756, 18.064, 17.603, 16.648, 16.309, 16.624, 16.82, 17.042, 17.648, 19.213, 20.379, 19.922, 19.379, 18.999, 19.539, 20.015, 20.097, 19.956, 20.144, 19.842, 19.145, 18.244, 17.558, 16.414, 16.055, 13.75, 10.371, 9.138, 9.956, 9.87, 9.951, 9.539, 8.878, 9.152, 9.755], [1.25, 1.36, 1.796, 2.225, 1.448, 1.413, 1.664, 2.346, 2.68, 2.729, 2.832, 1.82, 0.0, 1.78, 1.702, 1.676, 1.776, 2.285, 2.946, 3.597, 3.964, 3.935, 3.373, 3.186, 2.983, 3.042, 3.015, 3.063, 2.778, 2.766, 2.521, 2.394, 1.965, 1.153, 1.391, 2.071, 2.475, 3.036, 4.942, 6.363, 7.135, 8.663, 11.36, 14.137, 15.878, 16.57, 16.353, 16.191, 16.62, 16.808, 16.119, 16.089, 16.429, 16.011, 15.025, 14.686, 15.038, 15.187, 15.322, 16.043, 17.633, 18.796, 18.321, 17.777, 17.364, 17.908, 18.379, 18.497, 18.314, 18.476, 18.171, 17.465, 16.587, 15.946, 14.822, 14.429, 12.115, 8.739, 7.535, 8.353, 8.27, 8.344, 8.003, 7.296, 7.445, 8.053], [1.844, 2.265, 2.687, 3.139, 2.406, 2.368, 2.623, 3.559, 3.811, 3.859, 3.988, 3.026, 1.78, 0.0, 1.14, 1.476, 1.535, 1.83, 1.862, 2.243, 2.767, 2.711, 2.217, 2.061, 1.862, 1.786, 1.741, 1.823, 1.654, 1.915, 1.991, 2.199, 2.162, 2.059, 1.834, 2.035, 1.841, 2.066, 3.756, 5.102, 5.859, 7.38, 10.045, 12.89, 14.615, 15.302, 15.074, 14.907, 15.336, 15.527, 14.798, 14.797, 15.093, 14.668, 13.762, 13.36, 13.748, 13.889, 14.158, 14.814, 16.391, 17.532, 17.035, 16.493, 16.081, 16.606, 17.089, 17.167, 17.033, 17.275, 16.955, 16.247, 15.358, 14.672, 13.546, 13.152, 10.851, 7.427, 6.253, 7.022, 6.931, 7.06, 6.802, 6.1, 6.321, 6.92], [1.499, 2.188, 2.624, 3.009, 2.272, 2.298, 2.659, 3.517, 3.692, 3.804, 3.962, 2.959, 1.702, 1.14, 0.0, 0.792, 1.028, 1.519, 1.891, 2.311, 2.848, 2.769, 2.251, 2.042, 1.855, 1.767, 1.72, 1.806, 1.557, 1.559, 1.58, 1.795, 1.872, 1.983, 2.103, 2.336, 2.045, 2.238, 3.939, 5.239, 5.952, 7.415, 10.044, 12.913, 14.629, 15.318, 15.095, 14.934, 15.355, 15.55, 14.825, 14.934, 15.231, 14.703, 13.901, 13.47, 13.831, 14.012, 14.266, 14.933, 16.42, 17.555, 17.038, 16.529, 16.186, 16.697, 17.207, 17.266, 17.129, 17.404, 17.07, 16.381, 15.484, 14.798, 13.646, 13.284, 10.979, 7.564, 6.308, 7.139, 7.039, 7.224, 6.93, 6.245, 6.534, 7.138], [1.471, 1.88, 2.296, 2.716, 2.068, 2.134, 2.299, 3.05, 3.281, 3.307, 3.436, 2.553, 1.676, 1.476, 0.792, 0.0, 0.779, 1.38, 2.206, 2.686, 3.157, 3.068, 2.479, 2.238, 2.011, 1.928, 1.827, 1.894, 1.828, 2.037, 1.977, 2.051, 2.264, 2.127, 2.059, 2.192, 1.847, 2.43, 4.271, 5.664, 6.422, 7.889, 10.556, 13.408, 15.141, 15.844, 15.627, 15.455, 15.885, 16.083, 15.348, 15.337, 15.635, 15.248, 14.326, 13.861, 14.223, 14.355, 14.633, 15.232, 16.849, 17.967, 17.504, 16.966, 16.557, 17.102, 17.613, 17.714, 17.495, 17.783, 17.462, 16.772, 15.885, 15.213, 14.087, 13.683, 11.406, 8.015, 6.737, 7.583, 7.525, 7.635, 7.289, 6.661, 6.906, 7.549], [1.317, 1.741, 2.238, 2.638, 2.038, 1.876, 2.123, 2.935, 3.233, 3.25, 3.387, 2.463, 1.776, 1.535, 1.028, 0.779, 0.0, 1.285, 2.217, 2.724, 3.206, 3.077, 2.465, 2.222, 1.959, 2.052, 1.859, 1.816, 1.822, 2.049, 1.979, 2.057, 2.499, 2.074, 2.108, 2.133, 1.786, 2.433, 4.334, 5.706, 6.465, 7.948, 10.621, 13.484, 15.211, 15.918, 15.694, 15.53, 15.955, 16.149, 15.41, 15.39, 15.711, 15.333, 14.389, 13.929, 14.28, 14.432, 14.66, 15.309, 16.881, 18.034, 17.561, 17.02, 16.625, 17.181, 17.654, 17.757, 17.59, 17.825, 17.501, 16.816, 15.921, 15.278, 14.151, 13.761, 11.455, 8.063, 6.779, 7.64, 7.596, 7.709, 7.35, 6.712, 6.956, 7.595], [2.049, 2.073, 2.376, 2.66, 2.307, 2.612, 2.667, 3.347, 3.676, 3.552, 3.657, 2.678, 2.285, 1.83, 1.519, 1.38, 1.285, 0.0, 1.96, 3.025, 3.586, 3.508, 2.909, 2.711, 2.378, 2.35, 2.362, 2.327, 2.287, 2.417, 2.492, 2.213, 2.6, 2.242, 1.854, 2.003, 1.99, 2.992, 4.777, 5.977, 6.732, 8.267, 10.868, 13.665, 15.266, 15.791, 15.559, 15.383, 15.845, 16.042, 15.436, 15.432, 15.685, 15.297, 14.395, 14.197, 14.699, 14.853, 14.962, 15.824, 17.325, 18.444, 17.947, 17.371, 16.999, 17.373, 17.813, 17.924, 17.803, 17.965, 17.583, 16.831, 15.966, 15.281, 14.134, 13.666, 11.463, 8.349, 7.116, 7.834, 7.732, 7.886, 7.561, 6.98, 7.111, 7.699], [2.888, 3.65, 4.136, 4.556, 3.827, 3.858, 4.121, 5.074, 5.366, 5.425, 5.534, 4.473, 2.946, 1.862, 1.891, 2.206, 2.217, 1.96, 0.0, 1.428, 1.961, 1.928, 1.346, 1.323, 1.143, 1.176, 1.314, 1.57, 1.517, 1.388, 1.588, 1.733, 2.459, 2.924, 3.119, 3.054, 2.42, 1.897, 3.023, 4.121, 4.848, 6.352, 8.94, 11.745, 13.346, 13.929, 13.711, 13.525, 13.974, 14.171, 13.54, 13.541, 13.814, 13.431, 12.496, 12.274, 12.799, 12.947, 13.061, 13.953, 15.449, 16.547, 16.04, 15.46, 15.09, 15.454, 15.917, 16.023, 15.891, 16.053, 15.681, 14.936, 14.071, 13.38, 12.251, 11.807, 9.567, 6.448, 5.234, 5.98, 5.856, 6.058, 5.827, 5.193, 5.269, 5.841], [3.547, 4.311, 4.751, 5.105, 4.406, 4.339, 4.663, 5.586, 5.839, 5.893, 6.047, 5.005, 3.597, 2.243, 2.311, 2.686, 2.724, 3.025, 1.428, 0.0, 0.835, 0.894, 0.811, 0.93, 1.015, 1.023, 1.105, 1.466, 1.458, 1.729, 2.034, 2.649, 3.298, 3.832, 3.933, 3.631, 2.738, 1.451, 2.317, 3.41, 4.061, 5.429, 8.026, 10.838, 12.559, 13.234, 13.025, 12.851, 13.269, 13.462, 12.742, 12.785, 13.096, 12.672, 11.728, 11.376, 11.755, 11.912, 12.126, 12.823, 14.384, 15.534, 15.04, 14.494, 14.095, 14.567, 15.048, 15.136, 14.996, 15.213, 14.888, 14.205, 13.305, 12.621, 11.484, 11.112, 8.843, 5.505, 4.397, 5.177, 5.09, 5.165, 4.861, 4.266, 4.556, 5.167], [3.98, 4.751, 5.226, 5.685, 4.928, 4.807, 5.089, 6.03, 6.302, 6.355, 6.488, 5.489, 3.964, 2.767, 2.848, 3.157, 3.206, 3.586, 1.961, 0.835, 0.0, 0.567, 1.004, 1.261, 1.458, 1.432, 1.597, 1.871, 1.817, 2.159, 2.449, 3.139, 3.738, 4.246, 4.44, 4.034, 3.128, 1.541, 1.716, 2.986, 3.615, 4.952, 7.587, 10.34, 12.088, 12.783, 12.582, 12.422, 12.835, 13.023, 12.332, 12.33, 12.651, 12.24, 11.247, 10.903, 11.272, 11.403, 11.617, 12.284, 13.846, 15.01, 14.542, 13.998, 13.591, 14.116, 14.587, 14.708, 14.518, 14.717, 14.412, 13.722, 12.823, 12.158, 11.036, 10.636, 8.376, 5.047, 3.923, 4.74, 4.685, 4.734, 4.451, 3.793, 4.018, 4.662], [3.844, 4.641, 5.137, 5.54, 4.853, 4.695, 4.966, 5.897, 6.186, 6.237, 6.386, 5.444, 3.935, 2.711, 2.769, 3.068, 3.077, 3.508, 1.928, 0.894, 0.567, 0.0, 0.829, 1.229, 1.319, 1.373, 1.533, 1.871, 1.727, 2.053, 2.397, 3.14, 3.785, 4.251, 4.369, 3.964, 3.028, 1.431, 1.961, 3.149, 3.745, 5.024, 7.677, 10.49, 12.226, 12.917, 12.7, 12.545, 12.97, 13.156, 12.43, 12.404, 12.748, 12.336, 11.376, 10.978, 11.361, 11.484, 11.693, 12.388, 13.945, 15.106, 14.628, 14.085, 13.674, 14.191, 14.681, 14.79, 14.622, 14.835, 14.531, 13.842, 12.934, 12.306, 11.176, 10.769, 8.48, 5.103, 3.931, 4.777, 4.716, 4.785, 4.485, 3.867, 4.059, 4.698], [3.335, 4.062, 4.598, 4.973, 4.299, 4.113, 4.375, 5.294, 5.575, 5.635, 5.771, 4.809, 3.373, 2.217, 2.251, 2.479, 2.465, 2.909, 1.346, 0.811, 1.004, 0.829, 0.0, 0.705, 0.841, 0.907, 1.069, 1.384, 1.342, 1.735, 2.002, 2.658, 3.33, 3.731, 3.779, 3.324, 2.386, 1.313, 2.526, 3.775, 4.392, 5.674, 8.338, 11.122, 12.86, 13.555, 13.354, 13.182, 13.608, 13.795, 13.092, 13.064, 13.407, 13.008, 12.021, 11.649, 12.023, 12.147, 12.308, 13.018, 14.605, 15.765, 15.297, 14.755, 14.338, 14.858, 15.334, 15.455, 15.27, 15.455, 15.147, 14.452, 13.568, 12.939, 11.81, 11.415, 9.114, 5.785, 4.588, 5.402, 5.371, 5.42, 5.088, 4.453, 4.66, 5.304], [3.173, 3.872, 4.401, 4.765, 4.09, 3.906, 4.167, 5.026, 5.303, 5.361, 5.485, 4.53, 3.186, 2.061, 2.042, 2.238, 2.222, 2.711, 1.323, 0.93, 1.261, 1.229, 0.705, 0.0, 0.745, 0.845, 1.037, 1.288, 1.503, 1.78, 1.891, 2.483, 3.112, 3.557, 3.607, 3.094, 2.215, 1.387, 2.679, 3.972, 4.61, 5.985, 8.634, 11.393, 13.138, 13.844, 13.637, 13.464, 13.885, 14.076, 13.375, 13.341, 13.682, 13.296, 12.317, 11.946, 12.314, 12.439, 12.612, 13.312, 14.892, 16.058, 15.591, 15.053, 14.639, 15.17, 15.642, 15.759, 15.549, 15.725, 15.417, 14.726, 13.847, 13.214, 12.084, 11.687, 9.389, 6.07, 4.892, 5.714, 5.662, 5.71, 5.367, 4.737, 4.957, 5.597], [2.883, 3.458, 3.98, 4.349, 3.757, 3.617, 3.84, 4.756, 5.008, 5.082, 5.211, 4.274, 2.983, 1.862, 1.855, 2.011, 1.959, 2.378, 1.143, 1.015, 1.458, 1.319, 0.841, 0.745, 0.0, 0.666, 0.863, 1.152, 1.325, 1.563, 1.698, 2.239, 2.917, 3.328, 3.37, 2.901, 2.026, 1.569, 2.877, 4.096, 4.771, 6.211, 8.866, 11.716, 13.438, 14.13, 13.921, 13.748, 14.172, 14.359, 13.63, 13.596, 13.946, 13.552, 12.592, 12.176, 12.569, 12.704, 12.864, 13.608, 15.162, 16.327, 15.841, 15.296, 14.884, 15.398, 15.883, 15.99, 15.83, 16.045, 15.724, 15.021, 14.14, 13.515, 12.377, 11.982, 9.69, 6.318, 5.074, 5.913, 5.86, 5.935, 5.627, 5.009, 5.202, 5.835], [2.942, 3.61, 4.04, 4.447, 3.691, 3.649, 3.894, 4.816, 5.061, 5.111, 5.245, 4.262, 3.042, 1.786, 1.767, 1.928, 2.052, 2.35, 1.176, 1.023, 1.432, 1.373, 0.907, 0.845, 0.666, 0.0, 0.663, 0.902, 1.063, 1.43, 1.687, 2.329, 2.928, 3.434, 3.357, 2.92, 2.164, 1.526, 2.888, 4.172, 4.822, 6.205, 8.884, 11.607, 13.323, 14.017, 13.802, 13.64, 14.075, 14.264, 13.569, 13.625, 13.906, 13.469, 12.543, 12.231, 12.561, 12.718, 12.94, 13.56, 15.136, 16.308, 15.843, 15.298, 14.895, 15.414, 15.902, 15.982, 15.826, 16.027, 15.683, 15.0, 14.111, 13.418, 12.276, 11.891, 9.628, 6.261, 5.109, 5.92, 5.802, 5.852, 5.504, 4.916, 5.2, 5.833], [2.834, 3.499, 3.94, 4.293, 3.588, 3.464, 3.755, 4.607, 4.838, 4.91, 5.064, 4.1, 3.015, 1.741, 1.72, 1.827, 1.859, 2.362, 1.314, 1.105, 1.597, 1.533, 1.069, 1.037, 0.863, 0.663, 0.0, 0.708, 0.876, 1.405, 1.758, 2.355, 3.073, 3.425, 3.269, 2.814, 2.033, 1.54, 3.07, 4.291, 4.935, 6.32, 8.965, 11.781, 13.506, 14.21, 13.992, 13.83, 14.255, 14.443, 13.741, 13.812, 14.135, 13.666, 12.745, 12.355, 12.676, 12.859, 13.058, 13.654, 15.228, 16.395, 15.933, 15.394, 15.006, 15.55, 16.045, 16.126, 15.988, 16.203, 15.888, 15.212, 14.311, 13.644, 12.48, 12.117, 9.859, 6.457, 5.223, 6.099, 6.009, 6.102, 5.749, 5.138, 5.429, 6.064], [2.801, 3.397, 3.827, 4.218, 3.535, 3.337, 3.626, 4.393, 4.636, 4.705, 4.796, 3.919, 3.063, 1.823, 1.806, 1.894, 1.816, 2.327, 1.57, 1.466, 1.871, 1.871, 1.384, 1.288, 1.152, 0.902, 0.708, 0.0, 0.813, 1.412, 1.847, 2.545, 3.144, 3.468, 3.284, 2.616, 1.914, 1.738, 3.36, 4.684, 5.291, 6.613, 9.284, 12.033, 13.79, 14.481, 14.272, 14.107, 14.531, 14.722, 14.037, 14.101, 14.424, 13.953, 13.009, 12.666, 12.963, 13.143, 13.358, 13.906, 15.459, 16.66, 16.217, 15.684, 15.304, 15.858, 16.346, 16.412, 16.264, 16.449, 16.151, 15.458, 14.57, 13.895, 12.74, 12.38, 10.115, 6.74, 5.535, 6.402, 6.294, 6.38, 6.02, 5.42, 5.695, 6.32], [2.556, 3.393, 3.812, 4.26, 3.446, 3.353, 3.673, 4.61, 4.805, 4.903, 5.077, 4.056, 2.778, 1.654, 1.557, 1.828, 1.822, 2.287, 1.517, 1.458, 1.817, 1.727, 1.342, 1.503, 1.325, 1.063, 0.876, 0.813, 0.0, 1.024, 1.669, 2.365, 2.901, 3.142, 3.063, 2.946, 2.379, 1.889, 3.187, 4.447, 5.049, 6.343, 8.99, 11.762, 13.514, 14.201, 13.993, 13.832, 14.257, 14.444, 13.758, 13.852, 14.18, 13.673, 12.762, 12.415, 12.714, 12.908, 13.115, 13.715, 15.223, 16.402, 15.941, 15.411, 15.061, 15.61, 16.099, 16.164, 16.044, 16.231, 15.928, 15.234, 14.332, 13.654, 12.497, 12.14, 9.874, 6.471, 5.256, 6.131, 6.015, 6.113, 5.815, 5.165, 5.425, 6.055], [2.692, 3.499, 3.928, 4.323, 3.547, 3.549, 3.908, 4.86, 5.058, 5.173, 5.328, 4.272, 2.766, 1.915, 1.559, 2.037, 2.049, 2.417, 1.388, 1.729, 2.159, 2.053, 1.735, 1.78, 1.563, 1.43, 1.405, 1.412, 1.024, 0.0, 0.955, 1.638, 2.253, 2.627, 3.104, 3.439, 2.934, 2.328, 3.048, 4.246, 4.864, 6.198, 8.792, 11.59, 13.282, 13.963, 13.746, 13.572, 14.002, 14.193, 13.473, 13.611, 13.911, 13.386, 12.552, 12.231, 12.63, 12.799, 13.003, 13.731, 15.164, 16.324, 15.811, 15.298, 14.945, 15.388, 15.876, 15.948, 15.853, 16.077, 15.725, 15.041, 14.149, 13.467, 12.302, 11.931, 9.671, 6.256, 5.047, 5.851, 5.763, 5.915, 5.719, 5.065, 5.275, 5.785], [2.53, 3.326, 3.775, 4.179, 3.476, 3.423, 3.745, 4.696, 4.929, 5.006, 5.146, 4.105, 2.521, 1.991, 1.58, 1.977, 1.979, 2.492, 1.588, 2.034, 2.449, 2.397, 2.002, 1.891, 1.698, 1.687, 1.758, 1.847, 1.669, 0.955, 0.0, 1.144, 1.727, 2.418, 3.023, 3.35, 2.794, 2.299, 3.179, 4.254, 4.875, 6.28, 8.894, 11.751, 13.466, 14.159, 13.951, 13.759, 14.176, 14.368, 13.644, 13.694, 13.987, 13.534, 12.676, 12.251, 12.622, 12.824, 13.059, 13.778, 15.317, 16.439, 15.933, 15.368, 15.0, 15.486, 15.976, 16.045, 15.933, 16.18, 15.857, 15.15, 14.266, 13.573, 12.415, 12.065, 9.749, 6.376, 5.121, 5.933, 5.96, 5.993, 5.775, 5.164, 5.404, 5.912], [2.322, 3.075, 3.541, 3.947, 3.27, 3.297, 3.533, 4.452, 4.754, 4.801, 4.902, 3.878, 2.394, 2.199, 1.795, 2.051, 2.057, 2.213, 1.733, 2.649, 3.139, 3.14, 2.658, 2.483, 2.239, 2.329, 2.355, 2.545, 2.365, 1.638, 1.144, 0.0, 1.224, 2.05, 2.649, 2.97, 2.491, 2.586, 3.512, 4.464, 5.168, 6.68, 9.316, 12.1, 13.776, 14.447, 14.221, 14.028, 14.45, 14.633, 13.923, 13.968, 14.212, 13.779, 12.878, 12.724, 13.228, 13.343, 13.556, 14.41, 15.863, 16.896, 16.403, 15.827, 15.426, 15.813, 16.264, 16.384, 16.254, 16.466, 16.135, 15.446, 14.517, 13.845, 12.735, 12.33, 10.003, 6.791, 5.624, 6.402, 6.617, 6.722, 6.472, 5.884, 6.037, 6.493], [2.079, 2.791, 3.261, 3.625, 2.922, 2.987, 3.264, 4.049, 4.357, 4.401, 4.502, 3.447, 1.965, 2.162, 1.872, 2.264, 2.499, 2.6, 2.459, 3.298, 3.738, 3.785, 3.33, 3.112, 2.917, 2.928, 3.073, 3.144, 2.901, 2.253, 1.727, 1.224, 0.0, 1.713, 2.287, 2.692, 2.744, 3.002, 4.034, 4.873, 5.553, 7.08, 9.676, 12.52, 14.187, 14.86, 14.65, 14.456, 14.877, 15.041, 14.341, 14.373, 14.665, 14.204, 13.294, 13.109, 13.683, 13.811, 14.003, 14.861, 16.326, 17.366, 16.867, 16.269, 15.9, 16.213, 16.667, 16.778, 16.645, 16.85, 16.524, 15.82, 14.918, 14.248, 13.156, 12.75, 10.392, 7.228, 6.03, 6.855, 7.12, 7.245, 7.008, 6.401, 6.545, 6.969], [1.294, 1.496, 2.044, 2.348, 1.64, 1.828, 1.876, 2.53, 2.864, 2.861, 2.997, 2.075, 1.153, 2.059, 1.983, 2.127, 2.074, 2.242, 2.924, 3.832, 4.246, 4.251, 3.731, 3.557, 3.328, 3.434, 3.425, 3.468, 3.142, 2.627, 2.418, 2.05, 1.713, 0.0, 1.088, 1.945, 2.588, 3.431, 4.886, 6.2, 6.983, 8.51, 11.192, 13.979, 15.72, 16.395, 16.177, 16.001, 16.427, 16.612, 15.926, 15.901, 16.225, 15.811, 14.831, 14.515, 14.944, 15.108, 15.254, 16.111, 17.604, 18.726, 18.221, 17.662, 17.264, 17.759, 18.219, 18.328, 18.187, 18.35, 18.027, 17.315, 16.426, 15.786, 14.659, 14.275, 11.919, 8.603, 7.383, 8.186, 8.107, 8.226, 7.984, 7.26, 7.379, 7.892], [1.47, 1.358, 1.712, 1.971, 1.408, 1.811, 1.824, 2.231, 2.543, 2.497, 2.628, 1.699, 1.391, 1.834, 2.103, 2.059, 2.108, 1.854, 3.119, 3.933, 4.44, 4.369, 3.779, 3.607, 3.37, 3.357, 3.269, 3.284, 3.063, 3.104, 3.023, 2.649, 2.287, 1.088, 0.0, 1.387, 2.229, 3.458, 5.339, 6.709, 7.495, 9.015, 11.708, 14.452, 16.197, 16.867, 16.64, 16.477, 16.903, 17.092, 16.416, 16.389, 16.708, 16.293, 15.298, 15.018, 15.403, 15.54, 15.691, 16.512, 18.084, 19.214, 18.71, 18.154, 17.757, 18.249, 18.71, 18.82, 18.653, 18.813, 18.5, 17.772, 16.881, 16.246, 15.118, 14.728, 12.391, 9.096, 7.882, 8.665, 8.58, 8.633, 8.348, 7.617, 7.747, 8.331], [1.79, 1.83, 2.193, 2.392, 2.097, 2.149, 2.346, 2.55, 2.884, 2.674, 2.719, 2.02, 2.071, 2.035, 2.336, 2.192, 2.133, 2.003, 3.054, 3.631, 4.034, 3.964, 3.324, 3.094, 2.901, 2.92, 2.814, 2.616, 2.946, 3.439, 3.35, 2.97, 2.692, 1.945, 1.387, 0.0, 1.361, 2.841, 5.113, 6.571, 7.355, 8.864, 11.575, 14.31, 16.06, 16.752, 16.54, 16.376, 16.801, 16.99, 16.312, 16.29, 16.62, 16.193, 15.205, 14.891, 15.229, 15.378, 15.519, 16.188, 17.777, 18.958, 18.507, 17.97, 17.565, 18.116, 18.587, 18.69, 18.495, 18.651, 18.338, 17.62, 16.746, 16.117, 14.993, 14.602, 12.283, 8.944, 7.747, 8.564, 8.458, 8.526, 8.122, 7.468, 7.58, 8.216], [1.989, 2.373, 2.832, 3.129, 2.627, 2.483, 2.57, 3.107, 3.343, 3.382, 3.49, 2.831, 2.475, 1.841, 2.045, 1.847, 1.786, 1.99, 2.42, 2.738, 3.128, 3.028, 2.386, 2.215, 2.026, 2.164, 2.033, 1.914, 2.379, 2.934, 2.794, 2.491, 2.744, 2.588, 2.229, 1.361, 0.0, 1.863, 4.21, 5.623, 6.388, 7.881, 10.617, 13.431, 15.179, 15.889, 15.662, 15.499, 15.93, 16.118, 15.414, 15.394, 15.729, 15.314, 14.336, 13.943, 14.238, 14.401, 14.584, 15.199, 16.818, 17.968, 17.519, 16.985, 16.593, 17.151, 17.652, 17.769, 17.569, 17.761, 17.451, 16.753, 15.875, 15.244, 14.12, 13.73, 11.415, 8.059, 6.807, 7.648, 7.588, 7.652, 7.251, 6.607, 6.798, 7.401], [2.798, 3.698, 4.216, 4.588, 3.927, 3.582, 3.86, 4.685, 4.989, 5.021, 5.215, 4.423, 3.036, 2.066, 2.238, 2.43, 2.433, 2.992, 1.897, 1.451, 1.541, 1.431, 1.313, 1.387, 1.569, 1.526, 1.54, 1.738, 1.889, 2.328, 2.299, 2.586, 3.002, 3.431, 3.458, 2.841, 1.863, 0.0, 2.408, 3.833, 4.592, 6.132, 8.858, 11.744, 13.488, 14.185, 13.963, 13.806, 14.239, 14.428, 13.694, 13.653, 13.993, 13.586, 12.649, 12.182, 12.481, 12.662, 12.914, 13.424, 15.103, 16.199, 15.732, 15.193, 14.849, 15.401, 15.936, 16.028, 15.839, 16.085, 15.78, 15.088, 14.182, 13.556, 12.432, 12.033, 9.723, 6.289, 5.046, 5.914, 5.846, 5.965, 5.581, 4.935, 5.156, 5.762], [4.892, 5.717, 6.226, 6.703, 5.988, 5.819, 6.123, 7.071, 7.305, 7.336, 7.465, 6.592, 4.942, 3.756, 3.939, 4.271, 4.334, 4.777, 3.023, 2.317, 1.716, 1.961, 2.526, 2.679, 2.877, 2.888, 3.07, 3.36, 3.187, 3.048, 3.179, 3.512, 4.034, 4.886, 5.339, 5.113, 4.21, 2.408, 0.0, 1.546, 2.289, 3.855, 6.523, 9.42, 11.152, 11.831, 11.621, 11.459, 11.884, 12.079, 11.348, 11.352, 11.64, 11.219, 10.322, 9.878, 10.237, 10.399, 10.693, 11.332, 12.885, 13.989, 13.524, 12.961, 12.554, 13.091, 13.612, 13.706, 13.539, 13.837, 13.505, 12.811, 11.908, 11.213, 10.113, 9.706, 7.397, 3.963, 2.721, 3.57, 3.63, 3.808, 3.631, 2.956, 3.029, 3.57], [6.289, 7.09, 7.57, 7.945, 7.347, 7.202, 7.565, 8.458, 8.682, 8.714, 8.902, 7.992, 6.363, 5.102, 5.239, 5.664, 5.706, 5.977, 4.121, 3.41, 2.986, 3.149, 3.775, 3.972, 4.096, 4.172, 4.291, 4.684, 4.447, 4.246, 4.254, 4.464, 4.873, 6.2, 6.709, 6.571, 5.623, 3.833, 1.546, 0.0, 0.888, 2.455, 5.106, 8.103, 9.805, 10.452, 10.225, 10.074, 10.494, 10.679, 9.946, 9.956, 10.243, 9.819, 8.913, 8.449, 8.922, 9.12, 9.436, 10.113, 11.677, 12.677, 12.16, 11.572, 11.213, 11.659, 12.235, 12.305, 12.191, 12.481, 12.146, 11.447, 10.535, 9.861, 8.734, 8.352, 6.021, 2.753, 1.692, 2.391, 2.823, 2.823, 2.765, 2.276, 2.308, 2.735], [7.038, 7.861, 8.324, 8.692, 8.09, 7.917, 8.328, 9.214, 9.383, 9.453, 9.686, 8.758, 7.135, 5.859, 5.952, 6.422, 6.465, 6.732, 4.848, 4.061, 3.615, 3.745, 4.392, 4.61, 4.771, 4.822, 4.935, 5.291, 5.049, 4.864, 4.875, 5.168, 5.553, 6.983, 7.495, 7.355, 6.388, 4.592, 2.289, 0.888, 0.0, 1.668, 4.332, 7.359, 9.059, 9.695, 9.466, 9.318, 9.741, 9.916, 9.181, 9.228, 9.538, 9.058, 8.187, 7.77, 8.229, 8.459, 8.747, 9.384, 10.931, 11.892, 11.377, 10.791, 10.483, 10.952, 11.502, 11.531, 11.475, 11.767, 11.441, 10.726, 9.809, 9.141, 7.995, 7.636, 5.305, 2.021, 1.327, 2.055, 2.562, 2.625, 2.579, 2.054, 2.019, 2.436], [8.549, 9.371, 9.825, 10.273, 9.597, 9.422, 9.851, 10.705, 10.905, 11.015, 11.231, 10.253, 8.663, 7.38, 7.415, 7.889, 7.948, 8.267, 6.352, 5.429, 4.952, 5.024, 5.674, 5.985, 6.211, 6.205, 6.32, 6.613, 6.343, 6.198, 6.28, 6.68, 7.08, 8.51, 9.015, 8.864, 7.881, 6.132, 3.855, 2.455, 1.668, 0.0, 2.824, 5.723, 7.469, 8.13, 7.931, 7.757, 8.166, 8.336, 7.598, 7.698, 8.014, 7.5, 6.663, 6.291, 6.711, 6.934, 7.189, 7.862, 9.379, 10.316, 9.802, 9.215, 8.967, 9.408, 9.951, 10.027, 9.924, 10.203, 9.898, 9.167, 8.298, 7.606, 6.477, 6.106, 3.76, 1.424, 1.686, 1.863, 2.368, 2.091, 1.943, 2.029, 1.769, 1.817], [11.285, 12.074, 12.536, 12.949, 12.267, 12.186, 12.551, 13.467, 13.598, 13.723, 13.919, 12.963, 11.36, 10.045, 10.044, 10.556, 10.621, 10.868, 8.94, 8.026, 7.587, 7.677, 8.338, 8.634, 8.866, 8.884, 8.965, 9.284, 8.99, 8.792, 8.894, 9.316, 9.676, 11.192, 11.708, 11.575, 10.617, 8.858, 6.523, 5.106, 4.332, 2.824, 0.0, 3.146, 4.803, 5.443, 5.271, 5.075, 5.471, 5.636, 4.907, 5.046, 5.363, 4.894, 4.107, 3.711, 4.209, 4.43, 4.694, 5.418, 6.829, 7.798, 7.278, 6.712, 6.407, 6.801, 7.338, 7.361, 7.31, 7.583, 7.284, 6.523, 5.668, 4.997, 3.876, 3.503, 1.802, 2.797, 3.863, 3.15, 3.235, 3.173, 3.619, 4.195, 4.065, 3.445], [14.162, 14.958, 15.386, 15.841, 15.033, 15.06, 15.401, 16.314, 16.516, 16.633, 16.797, 15.734, 14.137, 12.89, 12.913, 13.408, 13.484, 13.665, 11.745, 10.838, 10.34, 10.49, 11.122, 11.393, 11.716, 11.607, 11.781, 12.033, 11.762, 11.59, 11.751, 12.1, 12.52, 13.979, 14.452, 14.31, 13.431, 11.744, 9.42, 8.103, 7.359, 5.723, 3.146, 0.0, 1.834, 2.697, 2.535, 2.447, 2.851, 3.059, 2.538, 2.342, 2.569, 2.249, 1.859, 2.523, 2.775, 2.781, 2.784, 3.566, 4.443, 5.177, 4.677, 4.151, 3.793, 4.133, 4.494, 4.54, 4.451, 4.565, 4.29, 3.667, 2.775, 2.199, 1.423, 1.564, 2.698, 5.557, 6.796, 6.084, 6.129, 5.939, 6.377, 6.964, 6.806, 6.195], [15.905, 16.712, 17.14, 17.542, 16.771, 16.784, 17.148, 18.064, 18.249, 18.373, 18.548, 17.488, 15.878, 14.615, 14.629, 15.141, 15.211, 15.266, 13.346, 12.559, 12.088, 12.226, 12.86, 13.138, 13.438, 13.323, 13.506, 13.79, 13.514, 13.282, 13.466, 13.776, 14.187, 15.72, 16.197, 16.06, 15.179, 13.488, 11.152, 9.805, 9.059, 7.469, 4.803, 1.834, 0.0, 1.102, 1.169, 1.433, 1.824, 2.007, 1.726, 1.271, 1.496, 1.63, 2.102, 2.979, 3.229, 3.127, 2.939, 3.231, 3.504, 4.011, 3.598, 2.957, 2.568, 2.62, 2.929, 3.042, 2.984, 3.055, 2.704, 2.124, 1.415, 1.275, 1.78, 2.212, 3.984, 7.267, 8.521, 7.751, 7.779, 7.613, 8.04, 8.662, 8.534, 7.922], [16.589, 17.383, 17.818, 18.2, 17.451, 17.483, 17.84, 18.775, 18.961, 19.088, 19.249, 18.167, 16.57, 15.302, 15.318, 15.844, 15.918, 15.791, 13.929, 13.234, 12.783, 12.917, 13.555, 13.844, 14.13, 14.017, 14.21, 14.481, 14.201, 13.963, 14.159, 14.447, 14.86, 16.395, 16.867, 16.752, 15.889, 14.185, 11.831, 10.452, 9.695, 8.13, 5.443, 2.697, 1.102, 0.0, 0.513, 0.921, 1.046, 1.222, 1.174, 1.086, 1.137, 1.41, 2.212, 3.082, 3.219, 3.014, 2.769, 3.025, 3.082, 3.55, 3.133, 2.553, 2.242, 2.205, 2.411, 2.512, 2.579, 2.673, 2.32, 1.589, 1.308, 1.331, 2.086, 2.39, 4.529, 7.94, 9.194, 8.384, 8.447, 8.301, 8.711, 9.353, 9.206, 8.572], [16.381, 17.169, 17.593, 17.976, 17.228, 17.258, 17.619, 18.549, 18.751, 18.873, 19.032, 17.94, 16.353, 15.074, 15.095, 15.627, 15.694, 15.559, 13.711, 13.025, 12.582, 12.7, 13.354, 13.637, 13.921, 13.802, 13.992, 14.272, 13.993, 13.746, 13.951, 14.221, 14.65, 16.177, 16.64, 16.54, 15.662, 13.963, 11.621, 10.225, 9.466, 7.931, 5.271, 2.535, 1.169, 0.513, 0.0, 0.768, 1.002, 1.201, 1.137, 1.09, 1.131, 1.367, 2.063, 2.946, 3.097, 2.877, 2.659, 2.925, 3.196, 3.679, 3.247, 2.669, 2.305, 2.3, 2.597, 2.678, 2.737, 2.84, 2.48, 1.728, 1.385, 1.417, 2.081, 2.378, 4.355, 7.722, 8.968, 8.173, 8.228, 8.103, 8.514, 9.15, 8.987, 8.354], [16.212, 17.005, 17.429, 17.821, 17.064, 17.099, 17.463, 18.388, 18.588, 18.708, 18.87, 17.777, 16.191, 14.907, 14.934, 15.455, 15.53, 15.383, 13.525, 12.851, 12.422, 12.545, 13.182, 13.464, 13.748, 13.64, 13.83, 14.107, 13.832, 13.572, 13.759, 14.028, 14.456, 16.001, 16.477, 16.376, 15.499, 13.806, 11.459, 10.074, 9.318, 7.757, 5.075, 2.447, 1.433, 0.921, 0.768, 0.0, 0.819, 1.114, 1.003, 1.263, 1.382, 1.506, 1.973, 2.789, 3.078, 2.965, 2.772, 3.022, 3.623, 4.008, 3.546, 3.012, 2.618, 2.634, 2.775, 2.94, 2.993, 3.033, 2.7, 1.965, 1.452, 1.53, 2.07, 2.263, 4.166, 7.566, 8.802, 8.003, 8.053, 7.904, 8.317, 8.954, 8.815, 8.183], [16.641, 17.433, 17.857, 18.243, 17.492, 17.529, 17.894, 18.822, 19.011, 19.141, 19.3, 18.205, 16.62, 15.336, 15.355, 15.885, 15.955, 15.845, 13.974, 13.269, 12.835, 12.97, 13.608, 13.885, 14.172, 14.075, 14.255, 14.531, 14.257, 14.002, 14.176, 14.45, 14.877, 16.427, 16.903, 16.801, 15.93, 14.239, 11.884, 10.494, 9.741, 8.166, 5.471, 2.851, 1.824, 1.046, 1.002, 0.819, 0.0, 0.57, 0.854, 1.379, 1.348, 1.697, 2.193, 2.957, 3.174, 2.904, 2.701, 2.903, 3.265, 3.644, 3.167, 2.687, 2.397, 2.383, 2.306, 2.623, 2.69, 2.677, 2.375, 1.781, 1.706, 1.87, 2.352, 2.558, 4.555, 7.994, 9.234, 8.424, 8.479, 8.319, 8.741, 9.37, 9.24, 8.607], [16.83, 17.62, 18.044, 18.428, 17.681, 17.718, 18.081, 19.011, 19.2, 19.329, 19.488, 18.394, 16.808, 15.527, 15.55, 16.083, 16.149, 16.042, 14.171, 13.462, 13.023, 13.156, 13.795, 14.076, 14.359, 14.264, 14.443, 14.722, 14.444, 14.193, 14.368, 14.633, 15.041, 16.612, 17.092, 16.99, 16.118, 14.428, 12.079, 10.679, 9.916, 8.336, 5.636, 3.059, 2.007, 1.222, 1.201, 1.114, 0.57, 0.0, 0.896, 1.52, 1.424, 1.75, 2.302, 3.036, 3.247, 2.971, 2.79, 2.928, 3.137, 3.599, 3.111, 2.616, 2.499, 2.45, 2.213, 2.568, 2.617, 2.609, 2.317, 1.918, 1.934, 2.056, 2.476, 2.726, 4.744, 8.182, 9.421, 8.601, 8.651, 8.51, 8.927, 9.557, 9.427, 8.791], [16.091, 16.884, 17.311, 17.699, 16.99, 16.988, 17.348, 18.282, 18.466, 18.594, 18.754, 17.708, 16.119, 14.798, 14.825, 15.348, 15.41, 15.436, 13.54, 12.742, 12.332, 12.43, 13.092, 13.375, 13.63, 13.569, 13.741, 14.037, 13.758, 13.473, 13.644, 13.923, 14.341, 15.926, 16.416, 16.312, 15.414, 13.694, 11.348, 9.946, 9.181, 7.598, 4.907, 2.538, 1.726, 1.174, 1.137, 1.003, 0.854, 0.896, 0.0, 1.03, 1.412, 1.474, 1.861, 2.56, 2.84, 2.644, 2.484, 2.699, 3.237, 3.877, 3.416, 2.92, 2.673, 2.692, 2.711, 2.93, 2.949, 3.12, 2.803, 2.166, 1.815, 1.746, 2.098, 2.329, 4.086, 7.454, 8.689, 7.873, 7.934, 7.811, 8.253, 8.868, 8.756, 8.13], [16.067, 16.861, 17.337, 17.758, 17.128, 17.064, 17.311, 18.265, 18.565, 18.619, 18.752, 17.756, 16.089, 14.797, 14.934, 15.337, 15.39, 15.432, 13.541, 12.785, 12.33, 12.404, 13.064, 13.341, 13.596, 13.625, 13.812, 14.101, 13.852, 13.611, 13.694, 13.968, 14.373, 15.901, 16.389, 16.29, 15.394, 13.653, 11.352, 9.956, 9.228, 7.698, 5.046, 2.342, 1.271, 1.086, 1.09, 1.263, 1.379, 1.52, 1.03, 0.0, 1.087, 1.422, 1.751, 2.561, 2.877, 2.687, 2.483, 2.823, 2.981, 3.606, 3.124, 2.597, 2.296, 2.335, 2.496, 2.674, 2.619, 2.755, 2.481, 1.805, 1.384, 1.335, 1.856, 2.227, 4.158, 7.518, 8.762, 7.899, 8.03, 7.857, 8.303, 8.94, 8.738, 8.12], [16.411, 17.197, 17.655, 18.062, 17.428, 17.39, 17.654, 18.603, 18.885, 18.933, 19.056, 18.064, 16.429, 15.093, 15.231, 15.635, 15.711, 15.685, 13.814, 13.096, 12.651, 12.748, 13.407, 13.682, 13.946, 13.906, 14.135, 14.424, 14.18, 13.911, 13.987, 14.212, 14.665, 16.225, 16.708, 16.62, 15.729, 13.993, 11.64, 10.243, 9.538, 8.014, 5.363, 2.569, 1.496, 1.137, 1.131, 1.382, 1.348, 1.424, 1.412, 1.087, 0.0, 0.975, 1.765, 2.542, 2.781, 2.535, 2.37, 2.747, 3.191, 3.739, 3.332, 2.677, 2.246, 2.261, 2.295, 2.651, 2.629, 2.574, 2.234, 1.641, 1.457, 1.41, 2.073, 2.42, 4.4, 7.817, 9.068, 8.186, 8.288, 8.133, 8.546, 9.217, 9.049, 8.421], [15.991, 16.772, 17.193, 17.565, 16.874, 16.889, 17.243, 18.193, 18.37, 18.498, 18.632, 17.603, 16.011, 14.668, 14.703, 15.248, 15.333, 15.297, 13.431, 12.672, 12.24, 12.336, 13.008, 13.296, 13.552, 13.469, 13.666, 13.953, 13.673, 13.386, 13.534, 13.779, 14.204, 15.811, 16.293, 16.193, 15.314, 13.586, 11.219, 9.819, 9.058, 7.5, 4.894, 2.249, 1.63, 1.41, 1.367, 1.506, 1.697, 1.75, 1.474, 1.422, 0.975, 0.0, 1.538, 2.259, 2.555, 2.392, 2.404, 2.893, 3.359, 4.068, 3.665, 3.08, 2.666, 2.693, 2.838, 3.111, 3.134, 3.224, 2.886, 2.302, 1.975, 1.723, 1.991, 2.182, 4.05, 7.376, 8.621, 7.749, 7.809, 7.708, 8.111, 8.74, 8.632, 8.007], [15.051, 15.845, 16.299, 16.706, 16.02, 16.016, 16.3, 17.242, 17.529, 17.585, 17.713, 16.648, 15.025, 13.762, 13.901, 14.326, 14.389, 14.395, 12.496, 11.728, 11.247, 11.376, 12.021, 12.317, 12.592, 12.543, 12.745, 13.009, 12.762, 12.552, 12.676, 12.878, 13.294, 14.831, 15.298, 15.205, 14.336, 12.649, 10.322, 8.913, 8.187, 6.663, 4.107, 1.859, 2.102, 2.212, 2.063, 1.973, 2.193, 2.302, 1.861, 1.751, 1.765, 1.538, 0.0, 1.367, 1.657, 1.608, 1.533, 2.318, 3.452, 4.331, 3.853, 3.3, 2.905, 3.072, 3.477, 3.598, 3.529, 3.679, 3.337, 2.637, 1.995, 1.703, 1.58, 1.74, 3.252, 6.508, 7.742, 6.875, 6.983, 6.789, 7.221, 7.843, 7.647, 7.025], [14.609, 15.388, 15.881, 16.312, 15.692, 15.57, 15.884, 16.785, 17.048, 17.097, 17.24, 16.309, 14.686, 13.36, 13.47, 13.861, 13.929, 14.197, 12.274, 11.376, 10.903, 10.978, 11.649, 11.946, 12.176, 12.231, 12.355, 12.666, 12.415, 12.231, 12.251, 12.724, 13.109, 14.515, 15.018, 14.891, 13.943, 12.182, 9.878, 8.449, 7.77, 6.291, 3.711, 2.523, 2.979, 3.082, 2.946, 2.789, 2.957, 3.036, 2.56, 2.561, 2.542, 2.259, 1.367, 0.0, 0.87, 0.982, 1.337, 2.001, 3.5, 4.371, 3.858, 3.256, 2.908, 3.412, 3.922, 3.939, 3.8, 4.091, 3.796, 3.22, 2.627, 2.559, 2.367, 2.421, 3.325, 6.181, 7.289, 6.547, 6.652, 6.49, 6.934, 7.556, 7.383, 6.765], [14.938, 15.781, 16.253, 16.703, 16.032, 15.821, 16.188, 17.057, 17.22, 17.311, 17.571, 16.624, 15.038, 13.748, 13.831, 14.223, 14.28, 14.699, 12.799, 11.755, 11.272, 11.361, 12.023, 12.314, 12.569, 12.561, 12.676, 12.963, 12.714, 12.63, 12.622, 13.228, 13.683, 14.944, 15.403, 15.229, 14.238, 12.481, 10.237, 8.922, 8.229, 6.711, 4.209, 2.775, 3.229, 3.219, 3.097, 3.078, 3.174, 3.247, 2.84, 2.877, 2.781, 2.555, 1.657, 0.87, 0.0, 0.704, 1.141, 1.49, 3.047, 3.943, 3.397, 2.886, 2.659, 3.369, 3.943, 3.798, 3.707, 4.008, 3.757, 3.216, 2.783, 2.781, 2.636, 2.804, 3.93, 6.613, 7.748, 7.03, 7.107, 6.879, 7.32, 7.914, 7.776, 7.195], [15.14, 15.952, 16.458, 16.901, 16.222, 16.053, 16.377, 17.231, 17.493, 17.537, 17.721, 16.82, 15.187, 13.889, 14.012, 14.355, 14.432, 14.853, 12.947, 11.912, 11.403, 11.484, 12.147, 12.439, 12.704, 12.718, 12.859, 13.143, 12.908, 12.799, 12.824, 13.343, 13.811, 15.108, 15.54, 15.378, 14.401, 12.662, 10.399, 9.12, 8.459, 6.934, 4.43, 2.781, 3.127, 3.014, 2.877, 2.965, 2.904, 2.971, 2.644, 2.687, 2.535, 2.392, 1.608, 0.982, 0.704, 0.0, 0.803, 1.241, 2.762, 3.737, 3.286, 2.801, 2.429, 3.101, 3.639, 3.548, 3.38, 3.649, 3.397, 2.883, 2.574, 2.602, 2.512, 2.672, 4.077, 6.783, 7.942, 7.231, 7.332, 7.043, 7.484, 8.089, 7.907, 7.353], [15.357, 16.14, 16.688, 17.141, 16.43, 16.291, 16.592, 17.485, 17.79, 17.843, 17.994, 17.042, 15.322, 14.158, 14.266, 14.633, 14.66, 14.962, 13.061, 12.126, 11.617, 11.693, 12.308, 12.612, 12.864, 12.94, 13.058, 13.358, 13.115, 13.003, 13.059, 13.556, 14.003, 15.254, 15.691, 15.519, 14.584, 12.914, 10.693, 9.436, 8.747, 7.189, 4.694, 2.784, 2.939, 2.769, 2.659, 2.772, 2.701, 2.79, 2.484, 2.483, 2.37, 2.404, 1.533, 1.337, 1.141, 0.803, 0.0, 1.179, 2.6, 3.584, 3.177, 2.739, 2.374, 3.051, 3.495, 3.37, 3.178, 3.363, 3.118, 2.579, 2.31, 2.386, 2.443, 2.687, 4.199, 7.025, 8.187, 7.473, 7.572, 7.262, 7.703, 8.318, 8.063, 7.482], [15.962, 16.87, 17.332, 17.813, 17.116, 16.799, 17.164, 17.973, 18.158, 18.249, 18.513, 17.648, 16.043, 14.814, 14.933, 15.232, 15.309, 15.824, 13.953, 12.823, 12.284, 12.388, 13.018, 13.312, 13.608, 13.56, 13.654, 13.906, 13.715, 13.731, 13.778, 14.41, 14.861, 16.111, 16.512, 16.188, 15.199, 13.424, 11.332, 10.113, 9.384, 7.862, 5.418, 3.566, 3.231, 3.025, 2.925, 3.022, 2.903, 2.928, 2.699, 2.823, 2.747, 2.893, 2.318, 2.001, 1.49, 1.241, 1.179, 0.0, 1.955, 2.923, 2.574, 2.2, 2.001, 2.784, 3.315, 3.016, 2.943, 3.19, 3.065, 2.749, 2.632, 2.737, 3.115, 3.506, 5.137, 7.739, 8.888, 8.193, 8.26, 8.027, 8.429, 9.009, 8.902, 8.371], [17.56, 18.429, 18.844, 19.341, 18.6, 18.434, 18.768, 19.689, 19.802, 19.945, 20.136, 19.213, 17.633, 16.391, 16.42, 16.849, 16.881, 17.325, 15.449, 14.384, 13.846, 13.945, 14.605, 14.892, 15.162, 15.136, 15.228, 15.459, 15.223, 15.164, 15.317, 15.863, 16.326, 17.604, 18.084, 17.777, 16.818, 15.103, 12.885, 11.677, 10.931, 9.379, 6.829, 4.443, 3.504, 3.082, 3.196, 3.623, 3.265, 3.137, 3.237, 2.981, 3.191, 3.359, 3.452, 3.5, 3.047, 2.762, 2.6, 1.955, 0.0, 1.336, 1.318, 1.579, 1.919, 2.405, 2.507, 1.91, 1.924, 2.384, 2.524, 2.663, 3.047, 3.356, 4.067, 4.543, 6.463, 9.147, 10.397, 9.662, 9.733, 9.569, 9.994, 10.578, 10.444, 9.864], [18.66, 19.511, 19.969, 20.467, 19.759, 19.529, 19.928, 20.762, 20.875, 21.027, 21.284, 20.379, 18.796, 17.532, 17.555, 17.967, 18.034, 18.444, 16.547, 15.534, 15.01, 15.106, 15.765, 16.058, 16.327, 16.308, 16.395, 16.66, 16.402, 16.324, 16.439, 16.896, 17.366, 18.726, 19.214, 18.958, 17.968, 16.199, 13.989, 12.677, 11.892, 10.316, 7.798, 5.177, 4.011, 3.55, 3.679, 4.008, 3.644, 3.599, 3.877, 3.606, 3.739, 4.068, 4.331, 4.371, 3.943, 3.737, 3.584, 2.923, 1.336, 0.0, 1.01, 1.519, 1.826, 2.178, 2.396, 1.622, 1.661, 2.227, 2.366, 2.603, 3.16, 3.848, 4.747, 5.266, 7.33, 10.199, 11.417, 10.742, 10.835, 10.696, 11.123, 11.716, 11.578, 10.989], [18.195, 19.053, 19.511, 19.964, 19.248, 19.066, 19.467, 20.274, 20.401, 20.547, 20.845, 19.922, 18.321, 17.035, 17.038, 17.504, 17.561, 17.947, 16.04, 15.04, 14.542, 14.628, 15.297, 15.591, 15.841, 15.843, 15.933, 16.217, 15.941, 15.811, 15.933, 16.403, 16.867, 18.221, 18.71, 18.507, 17.519, 15.732, 13.524, 12.16, 11.377, 9.802, 7.278, 4.677, 3.598, 3.133, 3.247, 3.546, 3.167, 3.111, 3.416, 3.124, 3.332, 3.665, 3.853, 3.858, 3.397, 3.286, 3.177, 2.574, 1.318, 1.01, 0.0, 0.988, 1.548, 1.916, 2.06, 1.349, 1.64, 2.13, 2.308, 2.491, 2.873, 3.467, 4.327, 4.851, 6.856, 9.709, 10.9, 10.231, 10.319, 10.194, 10.617, 11.214, 11.085, 10.476], [17.644, 18.496, 18.953, 19.414, 18.741, 18.522, 18.925, 19.731, 19.864, 19.983, 20.311, 19.379, 17.777, 16.493, 16.529, 16.966, 17.02, 17.371, 15.46, 14.494, 13.998, 14.085, 14.755, 15.053, 15.296, 15.298, 15.394, 15.684, 15.411, 15.298, 15.368, 15.827, 16.269, 17.662, 18.154, 17.97, 16.985, 15.193, 12.961, 11.572, 10.791, 9.215, 6.712, 4.151, 2.957, 2.553, 2.669, 3.012, 2.687, 2.616, 2.92, 2.597, 