[[0.0, 1.294, 1.454, 1.469, 1.494, 1.467, 1.891, 2.266, 2.343, 2.17, 2.042, 2.343, 2.666, 2.489, 1.917, 1.495, 1.729, 2.063, 1.954, 1.544, 1.946, 2.338, 2.308, 1.97, 2.044, 1.971, 1.132, 1.034, 1.159, 1.62, 1.78, 2.032, 2.365, 2.082, 1.638, 1.288, 1.116, 1.401, 1.533, 1.645, 1.007, 1.298, 1.963, 3.028, 3.558, 4.0, 3.747, 3.084, 1.97, 2.173, 2.19, 2.286, 2.296, 2.218, 1.75, 1.73, 1.586, 1.717, 2.004, 2.958, 3.201, 3.152, 3.594, 3.653, 3.692, 4.407, 5.21, 6.181, 6.608, 7.134, 8.605, 8.698, 8.285, 8.274, 8.51, 8.572, 8.283, 7.626, 7.489, 7.057, 8.862, 9.83, 9.659, 9.013, 8.002, 8.504], [1.294, 0.0, 0.602, 0.917, 1.348, 1.494, 1.864, 2.367, 2.75, 2.427, 2.372, 2.67, 3.086, 3.066, 2.671, 2.348, 2.311, 2.537, 2.226, 1.779, 2.596, 3.139, 3.16, 2.609, 2.54, 2.561, 1.753, 1.385, 1.751, 2.424, 2.463, 2.6, 2.777, 2.315, 1.89, 1.736, 1.457, 1.389, 1.907, 1.959, 1.469, 2.033, 2.764, 3.824, 4.317, 4.78, 3.943, 3.197, 2.106, 1.953, 2.325, 2.536, 2.665, 2.692, 2.568, 2.359, 2.083, 2.198, 2.831, 3.855, 4.075, 4.086, 4.55, 4.568, 4.688, 5.421, 6.181, 7.152, 7.569, 8.052, 9.563, 9.643, 9.241, 9.221, 9.47, 9.523, 9.24, 8.558, 8.404, 7.974, 9.699, 10.758, 10.583, 9.938, 8.896, 9.382], [1.454, 0.602, 0.0, 0.775, 1.289, 1.366, 1.681, 2.27, 2.718, 2.588, 2.53, 2.835, 3.256, 3.248, 2.741, 2.281, 2.264, 2.534, 2.185, 1.801, 2.527, 3.084, 3.11, 2.602, 2.483, 2.532, 1.912, 1.563, 1.772, 2.439, 2.617, 2.802, 2.842, 2.427, 1.806, 1.696, 1.53, 1.64, 2.087, 2.272, 1.646, 2.15, 2.849, 3.754, 4.239, 4.654, 3.839, 2.991, 1.935, 1.708, 2.121, 2.377, 2.57, 2.624, 2.604, 2.49, 2.274, 2.414, 3.038, 3.819, 4.087, 4.118, 4.565, 4.752, 4.841, 5.481, 6.226, 7.163, 7.623, 8.196, 9.56, 9.621, 9.323, 9.316, 9.495, 9.524, 9.229, 8.507, 8.357, 7.931, 9.65, 10.682, 10.508, 9.863, 8.824, 9.336], [1.469, 0.917, 0.775, 0.0, 0.878, 1.121, 1.314, 1.84, 2.366, 2.334, 2.298, 2.57, 2.862, 2.872, 2.39, 2.114, 2.156, 2.189, 1.954, 1.751, 2.143, 2.591, 2.639, 2.253, 2.152, 2.117, 1.918, 1.674, 1.743, 2.377, 2.614, 2.909, 2.973, 2.52, 1.728, 1.601, 1.628, 1.88, 2.107, 2.367, 1.752, 2.186, 2.444, 3.151, 3.651, 4.125, 3.378, 2.651, 1.547, 1.529, 1.819, 2.071, 2.148, 2.193, 2.223, 2.266, 2.091, 2.238, 2.663, 3.413, 3.487, 3.703, 4.159, 4.438, 4.556, 5.2, 5.828, 6.737, 7.221, 7.812, 9.143, 9.249, 8.916, 8.924, 9.06, 9.099, 8.792, 8.077, 7.916, 7.472, 9.063, 10.248, 10.005, 9.331, 8.321, 8.82], [1.494, 1.348, 1.289, 0.878, 0.0, 0.864, 1.178, 1.753, 2.353, 2.128, 2.181, 2.286, 2.715, 2.619, 2.16, 1.985, 1.965, 1.847, 1.82, 1.828, 2.016, 2.219, 2.206, 1.921, 1.842, 1.747, 1.872, 1.81, 1.729, 2.201, 2.583, 2.949, 2.883, 2.428, 1.708, 1.71, 1.865, 2.151, 2.231, 2.438, 1.836, 2.042, 2.205, 2.786, 3.369, 3.783, 3.334, 2.57, 1.551, 1.522, 1.758, 1.953, 2.035, 2.152, 2.143, 2.14, 1.969, 2.102, 2.394, 3.071, 3.245, 3.407, 3.89, 4.107, 4.16, 4.838, 5.556, 6.494, 6.958, 7.535, 8.876, 8.938, 8.672, 8.663, 8.83, 8.856, 8.52, 7.802, 7.597, 7.18, 8.705, 9.931, 9.639, 8.969, 7.984, 8.474], [1.467, 1.494, 1.366, 1.121, 0.864, 0.0, 0.865, 1.579, 2.3, 2.076, 2.08, 2.268, 2.801, 2.701, 2.163, 2.003, 1.766, 1.658, 1.641, 1.624, 1.926, 2.358, 2.384, 2.079, 1.896, 1.915, 1.947, 1.701, 1.534, 1.93, 2.313, 2.557, 2.341, 1.97, 1.472, 1.643, 1.977, 2.429, 2.532, 2.687, 1.658, 1.814, 2.377, 3.015, 3.46, 3.877, 3.054, 2.3, 1.381, 1.468, 1.498, 1.755, 1.884, 2.066, 2.317, 2.456, 2.267, 2.416, 2.596, 3.243, 3.432, 3.617, 4.087, 4.282, 4.278, 4.968, 5.767, 6.705, 7.168, 7.746, 9.086, 9.149, 8.882, 8.873, 9.041, 9.067, 8.729, 8.013, 7.784, 7.381, 8.818, 10.091, 9.79, 9.088, 8.146, 8.657], [1.891, 1.864, 1.681, 1.314, 1.178, 0.865, 0.0, 1.078, 1.863, 1.839, 1.978, 2.145, 2.445, 2.494, 2.061, 2.062, 1.81, 1.659, 1.383, 1.62, 1.764, 2.015, 2.042, 1.793, 1.627, 1.711, 2.194, 1.861, 1.691, 2.098, 2.628, 2.759, 2.381, 1.891, 1.248, 1.668, 2.236, 2.693, 2.621, 2.76, 1.942, 2.066, 2.054, 2.544, 3.079, 3.506, 2.6, 1.767, 1.197, 1.29, 1.167, 1.246, 1.4, 1.65, 2.215, 2.494, 2.392, 2.571, 2.476, 2.938, 3.003, 3.228, 3.789, 4.097, 4.126, 4.777, 5.396, 6.304, 6.757, 7.353, 8.664, 8.742, 8.471, 8.474, 8.612, 8.643, 8.301, 7.584, 7.381, 6.971, 8.442, 9.706, 9.411, 8.721, 7.761, 8.207], [2.266, 2.367, 2.27, 1.84, 1.753, 1.579, 1.078, 0.0, 1.128, 1.187, 1.359, 1.531, 1.746, 1.775, 1.555, 1.887, 1.619, 1.285, 1.024, 1.444, 1.007, 1.196, 1.411, 1.106, 1.391, 1.458, 2.168, 2.119, 1.895, 2.109, 2.503, 2.485, 2.357, 1.776, 1.359, 1.899, 2.446, 2.971, 2.679, 2.583, 2.127, 1.868, 1.471, 1.857, 2.247, 2.62, 1.868, 1.204, 1.364, 1.705, 1.424, 1.148, 1.174, 1.479, 1.806, 2.421, 2.406, 2.485, 2.257, 2.28, 2.209, 2.411, 3.178, 3.492, 3.545, 4.006, 4.518, 5.468, 5.9, 6.49, 7.802, 7.859, 7.596, 7.59, 7.723, 7.754, 7.398, 6.687, 6.51, 6.066, 7.563, 8.766, 8.471, 7.787, 6.822, 7.382], [2.343, 2.75, 2.718, 2.366, 2.353, 2.3, 1.863, 1.128, 0.0, 0.985, 1.106, 1.191, 1.201, 1.193, 1.361, 1.909, 1.846, 1.64, 1.343, 1.714, 1.175, 1.205, 1.519, 1.307, 1.528, 1.588, 2.302, 2.385, 2.19, 2.299, 2.601, 2.551, 2.49, 1.922, 1.62, 2.084, 2.573, 3.001, 2.649, 2.555, 2.294, 1.981, 1.277, 1.611, 1.901, 2.359, 1.824, 1.608, 2.016, 2.192, 2.015, 1.719, 1.716, 1.888, 1.896, 2.403, 2.494, 2.509, 2.207, 2.13, 1.952, 1.846, 2.683, 3.074, 3.402, 3.263, 3.723, 4.749, 4.979, 5.648, 7.031, 7.043, 6.721, 6.659, 6.834, 6.883, 6.602, 5.924, 5.903, 5.452, 7.228, 8.152, 8.048, 7.402, 6.387, 6.891], [2.17, 2.427, 2.588, 2.334, 2.128, 2.076, 1.839, 1.187, 0.985, 0.0, 0.555, 0.817, 1.169, 1.159, 1.197, 1.778, 1.546, 1.381, 1.219, 1.537, 1.314, 1.568, 1.609, 1.282, 1.669, 1.529, 2.072, 2.085, 1.961, 2.065, 2.325, 2.254, 2.202, 1.652, 1.586, 2.35, 2.711, 2.973, 2.789, 2.415, 2.03, 1.646, 1.229, 1.964, 2.437, 2.988, 2.385, 1.974, 2.267, 2.408, 2.127, 1.917, 1.957, 1.976, 1.895, 2.18, 2.207, 2.13, 1.9, 2.15, 2.2, 2.162, 2.746, 2.785, 2.919, 3.246, 4.009, 4.995, 5.404, 5.838, 7.394, 7.522, 7.08, 7.038, 7.299, 7.37, 7.075, 6.44, 6.304, 5.872, 7.643, 8.659, 8.492, 7.846, 6.804, 7.304], [2.042, 2.372, 2.53, 2.298, 2.181, 2.08, 1.978, 1.359, 1.106, 0.555, 0.0, 0.823, 1.196, 1.281, 1.22, 1.675, 1.479, 1.381, 1.318, 1.596, 1.262, 1.654, 1.698, 1.413, 1.844, 1.661, 2.013, 2.015, 1.902, 2.008, 2.146, 2.081, 2.057, 1.477, 1.618, 2.337, 2.631, 2.881, 2.804, 2.437, 1.993, 1.508, 1.38, 2.183, 2.627, 3.162, 2.597, 2.144, 2.407, 2.581, 2.348, 2.148, 2.19, 2.118, 1.969, 2.238, 2.244, 2.117, 1.933, 2.359, 2.389, 2.266, 2.867, 2.727, 2.944, 3.319, 4.173, 5.168, 5.594, 6.0, 7.555, 7.72, 7.249, 7.161, 7.47, 7.53, 7.233, 6.614, 6.478, 6.046, 7.846, 8.833, 8.649, 8.004, 6.989, 7.49], [2.343, 2.67, 2.835, 2.57, 2.286, 2.268, 2.145, 1.531, 1.191, 0.817, 0.823, 0.0, 0.971, 0.912, 1.158, 1.781, 1.714, 1.623, 1.492, 1.785, 1.536, 1.645, 1.567, 1.43, 1.874, 1.639, 2.274, 2.42, 2.307, 2.358, 2.598, 2.555, 2.588, 2.024, 1.987, 2.672, 3.015, 3.277, 3.079, 2.787, 2.377, 1.945, 1.365, 1.885, 2.265, 2.887, 2.446, 2.326, 2.689, 2.812, 2.568, 2.251, 2.339, 2.322, 2.098, 2.347, 2.494, 2.391, 1.929, 2.154, 2.261, 2.002, 2.519, 2.729, 3.004, 2.989, 3.77, 4.764, 5.174, 5.676, 7.146, 7.288, 6.867, 6.823, 7.067, 7.121, 6.826, 6.187, 6.051, 5.619, 7.359, 8.406, 8.235, 7.59, 6.548, 7.011], [2.666, 3.086, 3.256, 2.862, 2.715, 2.801, 2.445, 1.746, 1.201, 1.169, 1.196, 0.971, 0.0, 0.793, 1.323, 2.053, 1.959, 1.946, 1.819, 2.146, 1.686, 1.683, 1.683, 1.481, 1.762, 1.853, 2.512, 2.701, 2.469, 2.633, 2.849, 2.92, 2.893, 2.384, 2.313, 2.808, 3.196, 3.447, 3.215, 2.917, 2.665, 2.226, 1.543, 1.87, 1.851, 2.407, 2.386, 2.495, 2.903, 3.147, 2.809, 2.421, 2.405, 2.406, 2.251, 2.568, 2.635, 2.603, 2.087, 2.142, 2.235, 2.161, 2.629, 2.868, 3.299, 2.855, 3.512, 4.561, 4.713, 5.153, 6.691, 6.8, 6.395, 6.336, 6.61, 6.649, 6.368, 5.689, 5.545, 5.114, 6.854, 7.901, 7.74, 7.098, 6.053, 6.46], [2.489, 3.066, 3.248, 2.872, 2.619, 2.701, 2.494, 1.775, 1.193, 1.159, 1.281, 0.912, 0.793, 0.0, 1.109, 1.946, 2.004, 1.855, 1.838, 2.183, 1.646, 1.556, 1.505, 1.395, 1.652, 1.741, 2.432, 2.671, 2.459, 2.4, 2.701, 2.76, 2.747, 2.396, 2.353, 2.825, 3.213, 3.461, 3.185, 2.84, 2.503, 2.108, 1.384, 1.765, 1.827, 2.364, 2.274, 2.428, 2.941, 3.197, 2.862, 2.43, 2.365, 2.45, 2.19, 2.392, 2.5, 2.396, 2.046, 1.991, 2.125, 2.064, 2.609, 2.834, 3.156, 2.826, 3.436, 4.463, 4.778, 5.274, 6.761, 6.862, 6.454, 6.442, 6.666, 6.735, 6.44, 5.78, 5.643, 5.211, 6.952, 7.999, 7.837, 7.196, 6.151, 6.575], [1.917, 2.671, 2.741, 2.39, 2.16, 2.163, 2.061, 1.555, 1.361, 1.197, 1.22, 1.158, 1.323, 1.109, 0.0, 1.079, 1.216, 1.237, 1.215, 1.504, 1.166, 1.242, 1.322, 1.143, 1.704, 1.288, 1.761, 2.198, 1.727, 1.85, 2.147, 2.271, 2.425, 2.029, 1.781, 2.143, 2.51, 2.765, 2.515, 2.202, 1.911, 1.562, 0.955, 1.747, 2.327, 2.837, 2.445, 2.209, 2.376, 2.808, 2.465, 1.934, 1.921, 1.944, 1.515, 1.824, 1.948, 1.83, 1.466, 1.679, 1.765, 1.833, 2.423, 2.483, 2.81, 3.08, 3.825, 4.813, 5.24, 5.754, 7.238, 7.3, 6.912, 6.9, 7.143, 7.196, 6.916, 6.202, 6.021, 5.603, 7.317, 8.372, 8.198, 7.556, 6.511, 6.887], [1.495, 2.348, 2.281, 2.114, 1.985, 2.003, 2.062, 1.887, 1.909, 1.778, 1.675, 1.781, 2.053, 1.946, 1.079, 0.0, 0.813, 1.3, 1.257, 1.057, 1.322, 1.74, 1.816, 1.622, 2.093, 1.268, 1.261, 1.621, 1.368, 1.654, 1.857, 2.099, 2.386, 2.095, 1.629, 1.519, 1.87, 2.211, 2.029, 1.778, 1.52, 1.52, 1.398, 2.342, 2.842, 3.366, 3.023, 2.464, 2.097, 2.592, 2.265, 2.162, 2.161, 2.075, 1.371, 1.463, 1.676, 1.579, 1.328, 1.988, 2.159, 2.267, 2.699, 2.92, 3.057, 3.608, 4.31, 5.244, 5.718, 6.309, 7.669, 7.779, 7.462, 7.436, 7.563, 7.61, 7.318, 6.61, 6.531, 6.085, 7.796, 8.799, 8.637, 7.995, 6.95, 7.319], [1.729, 2.311, 2.264, 2.156, 1.965, 1.766, 1.81, 1.619, 1.846, 1.546, 1.479, 1.714, 1.959, 2.004, 1.216, 0.813, 0.0, 0.871, 1.0, 0.923, 1.315, 1.868, 1.904, 1.573, 1.95, 1.169, 1.337, 1.618, 1.278, 1.489, 1.821, 1.916, 1.999, 1.691, 1.322, 1.664, 2.016, 2.366, 2.267, 1.974, 1.558, 1.553, 1.523, 2.437, 2.912, 3.421, 2.861, 2.241, 1.983, 2.35, 1.942, 1.918, 1.946, 1.877, 1.499, 1.712, 1.884, 1.763, 1.499, 2.159, 2.389, 2.43, 2.948, 3.036, 3.085, 3.757, 4.552, 5.503, 5.966, 6.516, 7.911, 7.969, 7.696, 7.642, 7.842, 7.871, 7.586, 6.846, 6.67, 6.242, 7.907, 8.967, 8.767, 8.125, 7.08, 7.496], [2.063, 2.537, 2.534, 2.189, 1.847, 1.658, 1.659, 1.285, 1.64, 1.381, 1.381, 1.623, 1.946, 1.855, 1.237, 1.3, 0.871, 0.0, 0.916, 1.256, 1.294, 1.581, 1.632, 1.339, 1.803, 1.341, 1.651, 1.879, 1.54, 1.663, 1.957, 2.044, 2.193, 1.764, 1.474, 1.945, 2.411, 2.758, 2.562, 2.271, 1.782, 1.525, 1.412, 2.086, 2.602, 3.03, 2.498, 1.84, 1.894, 2.351, 1.912, 1.868, 1.797, 1.849, 1.671, 2.037, 2.071, 2.012, 1.812, 2.228, 2.268, 2.438, 3.02, 3.072, 3.145, 3.783, 4.567, 5.517, 5.98, 6.522, 7.905, 7.955, 7.696, 7.657, 7.856, 7.881, 7.576, 6.851, 6.588, 6.184, 7.661, 8.937, 8.605, 7.94, 6.971, 7.464], [1.954, 2.226, 2.185, 1.954, 1.82, 1.641, 1.383, 1.024, 1.343, 1.219, 1.318, 1.492, 1.819, 1.838, 1.215, 1.257, 1.0, 0.916, 0.0, 0.762, 1.014, 1.478, 1.532, 1.275, 1.596, 1.183, 1.593, 1.793, 1.439, 1.792, 1.994, 1.966, 2.154, 1.582, 1.12, 1.67, 2.124, 2.542, 2.276, 2.093, 1.705, 1.53, 1.123, 2.104, 2.498, 2.969, 2.257, 1.692, 1.676, 1.934, 1.585, 1.4, 1.541, 1.523, 1.323, 1.809, 1.871, 1.874, 1.605, 2.023, 2.22, 2.286, 2.778, 3.006, 3.225, 3.714, 4.381, 5.332, 5.785, 6.371, 7.719, 7.76, 7.494, 7.492, 7.665, 7.695, 7.389, 6.665, 6.467, 6.051, 7.714, 8.761, 8.599, 7.958, 6.913, 7.317], [1.544, 1.779, 1.801, 1.751, 1.828, 1.624, 1.62, 1.444, 1.714, 1.537, 1.596, 1.785, 2.146, 2.183, 1.504, 1.057, 0.923, 1.256, 0.762, 0.0, 1.328, 1.931, 1.96, 1.641, 1.936, 1.318, 1.209, 1.308, 1.205, 1.709, 1.764, 1.787, 2.117, 1.634, 1.142, 1.316, 1.679, 2.043, 1.794, 1.643, 1.323, 1.52, 1.494, 2.631, 3.033, 3.49, 2.772, 2.083, 1.691, 1.991, 1.742, 1.7, 1.821, 1.764, 1.219, 1.44, 1.531, 1.566, 1.545, 2.286, 2.516, 2.57, 3.017, 3.223, 3.388, 4.017, 4.669, 5.606, 6.078, 6.633, 8.02, 8.056, 7.787, 7.759, 7.953, 7.983, 7.695, 6.97, 6.814, 6.39, 8.131, 9.167, 9.003, 8.361, 7.316, 7.756], [1.946, 2.596, 2.527, 2.143, 2.016, 1.926, 1.764, 1.007, 1.175, 1.314, 1.262, 1.536, 1.686, 1.646, 1.166, 1.322, 1.315, 1.294, 1.014, 1.328, 0.0, 0.991, 1.25, 1.064, 1.376, 1.121, 1.629, 1.829, 1.531, 1.718, 2.09, 2.163, 2.182, 1.681, 1.32, 1.459, 1.959, 2.51, 2.228, 2.216, 1.912, 1.566, 1.165, 1.734, 2.052, 2.471, 2.149, 1.588, 1.717, 2.075, 1.754, 1.433, 1.481, 1.353, 1.357, 1.937, 2.01, 2.065, 1.781, 1.931, 1.886, 1.962, 2.645, 2.907, 3.124, 3.49, 4.038, 5.035, 5.438, 6.038, 7.35, 7.438, 7.18, 7.128, 7.234, 7.25, 6.889, 6.188, 6.134, 5.662, 7.253, 8.216, 8.048, 7.406, 6.366, 6.861], [2.338, 3.139, 3.084, 2.591, 2.219, 2.358, 2.015, 1.196, 1.205, 1.568, 1.654, 1.645, 1.683, 1.556, 1.242, 1.74, 1.868, 1.581, 1.478, 1.931, 0.991, 0.0, 0.614, 0.861, 1.278, 1.297, 2.139, 2.52, 2.058, 2.112, 2.508, 2.674, 2.826, 2.311, 1.979, 2.02, 2.599, 3.009, 2.399, 2.5, 2.391, 1.994, 1.211, 1.307, 1.651, 2.039, 1.848, 1.582, 1.85, 2.365, 1.989, 1.359, 1.263, 1.483, 1.462, 1.99, 2.175, 2.238, 1.862, 1.699, 1.538, 1.574, 2.406, 2.88, 3.095, 3.225, 3.674, 4.606, 4.956, 5.575, 6.895, 6.962, 6.708, 6.678, 6.804, 6.833, 6.502, 5.792, 5.599, 5.213, 6.654, 7.753, 7.461, 6.799, 5.788, 6.414], [2.308, 3.16, 3.11, 2.639, 2.206, 2.384, 2.042, 1.411, 1.519, 1.609, 1.698, 1.567, 1.683, 1.505, 1.322, 1.816, 1.904, 1.632, 1.532, 1.96, 1.25, 0.614, 0.0, 0.814, 1.118, 1.33, 2.104, 2.518, 2.052, 2.043, 2.492, 2.691, 2.856, 2.299, 1.995, 2.259, 2.734, 3.044, 2.461, 2.477, 2.413, 1.98, 1.293, 1.455, 1.912, 2.206, 2.139, 1.931, 2.166, 2.556, 2.159, 1.505, 1.462, 1.574, 1.529, 1.865, 2.044, 2.115, 1.772, 1.644, 1.659, 1.679, 2.371, 2.804, 2.961, 3.011, 3.557, 4.499, 4.919, 5.503, 6.874, 6.929, 6.675, 6.64, 6.799, 6.829, 6.529, 5.811, 5.561, 5.179, 6.646, 7.832, 7.505, 6.842, 5.867, 6.474], [1.97, 2.609, 2.602, 2.253, 1.921, 2.079, 1.793, 1.106, 1.307, 1.282, 1.413, 1.43, 1.481, 1.395, 1.143, 1.622, 1.573, 1.339, 1.275, 1.641, 1.064, 0.861, 0.814, 0.0, 0.958, 1.159, 1.757, 2.044, 1.596, 1.641, 2.105, 2.333, 2.34, 1.841, 1.584, 1.925, 2.39, 2.667, 2.31, 2.227, 1.952, 1.549, 1.134, 1.747, 2.138, 2.577, 2.162, 1.78, 1.976, 2.29, 1.861, 1.313, 1.238, 1.353, 1.42, 1.878, 1.858, 1.948, 1.724, 1.824, 1.797, 1.859, 2.68, 2.885, 2.952, 3.325, 3.865, 4.833, 5.274, 5.816, 7.236, 7.289, 7.015, 6.96, 7.15, 7.185, 6.901, 6.161, 5.982, 5.554, 7.216, 8.274, 8.058, 7.416, 6.371, 6.901], [2.044, 2.54, 2.483, 2.152, 1.842, 1.896, 1.627, 1.391, 1.528, 1.669, 1.844, 1.874, 1.762, 1.652, 1.704, 2.093, 1.95, 1.803, 1.596, 1.936, 1.376, 1.278, 1.118, 0.958, 0.0, 1.469, 2.139, 2.119, 1.832, 2.041, 2.589, 2.801, 2.558, 1.934, 1.527, 1.884, 2.375, 2.773, 2.575, 2.764, 2.288, 1.881, 1.543, 1.94, 2.122, 2.425, 2.173, 1.886, 1.887, 1.959, 1.525, 1.251, 1.261, 1.368, 1.945, 2.372, 2.366, 2.527, 2.293, 2.2, 2.151, 2.287, 3.089, 3.521, 3.451, 3.574, 4.011, 5.0, 5.37, 5.924, 7.31, 7.355, 7.096, 7.065, 7.236, 7.266, 6.965, 6.247, 6.062, 5.643, 7.309, 8.349, 8.139, 7.497, 6.462, 6.968], [1.971, 2.561, 2.532, 2.117, 1.747, 1.915, 1.711, 1.458, 1.588, 1.529, 1.661, 1.639, 1.853, 1.741, 1.288, 1.268, 1.169, 1.341, 1.183, 1.318, 1.121, 1.297, 1.33, 1.159, 1.469, 0.0, 1.625, 1.886, 1.621, 1.691, 2.267, 2.536, 2.418, 2.151, 1.62, 1.706, 2.075, 2.429, 2.104, 2.175, 1.934, 2.064, 1.187, 1.972, 2.373, 2.88, 2.49, 1.948, 1.903, 1.996, 1.633, 1.478, 1.455, 1.51, 1.408, 1.584, 1.739, 1.755, 1.523, 1.665, 1.823, 1.822, 2.632, 2.969, 2.769, 3.468, 3.989, 4.971, 5.398, 5.975, 7.333, 7.424, 7.17, 7.108, 7.259, 7.284, 6.972, 6.254, 6.071, 5.644, 7.31, 8.33, 8.118, 7.476, 6.431, 6.88], [1.132, 1.753, 1.912, 1.918, 1.872, 1.947, 2.194, 2.168, 2.302, 2.072, 2.013, 2.274, 2.512, 2.432, 1.761, 1.261, 1.337, 1.651, 1.593, 1.209, 1.629, 2.139, 2.104, 1.757, 2.139, 1.625, 0.0, 0.995, 1.042, 1.347, 1.442, 1.828, 2.161, 1.811, 1.576, 1.272, 1.272, 1.509, 1.351, 1.325, 1.164, 1.314, 1.741, 2.849, 3.395, 3.8, 3.556, 2.895, 1.983, 2.439, 2.276, 2.239, 2.243, 2.156, 1.411, 1.271, 1.264, 1.37, 1.663, 2.627, 2.725, 2.74, 3.212, 3.262, 3.311, 4.06, 4.833, 5.828, 6.237, 6.736, 8.256, 8.366, 7.962, 7.906, 8.131, 8.193, 7.918, 7.249, 7.131, 6.704, 8.436, 9.427, 9.264, 8.622, 7.577, 8.015], [1.034, 1.385, 1.563, 1.674, 1.81, 1.701, 1.861, 2.119, 2.385, 2.085, 2.015, 2.42, 2.701, 2.671, 2.198, 1.621, 1.618, 1.879, 1.793, 1.308, 1.829, 2.52, 2.518, 2.044, 2.119, 1.886, 0.995, 0.0, 0.894, 1.394, 1.434, 1.743, 1.857, 1.48, 1.187, 1.067, 1.053, 1.342, 1.477, 1.413, 0.796, 1.223, 2.07, 3.275, 3.747, 4.087, 3.562, 2.782, 1.717, 2.036, 1.855, 2.091, 2.172, 2.103, 1.804, 1.687, 1.547, 1.695, 2.054, 3.111, 3.246, 3.216, 3.641, 3.643, 3.751, 4.478, 5.246, 6.25, 6.681, 7.143, 8.662, 8.829, 8.382, 8.317, 8.554, 8.592, 8.308, 7.696, 7.587, 7.163, 8.952, 9.899, 9.738, 9.096, 8.066, 8.561], [1.159, 1.751, 1.772, 1.743, 1.729, 1.534, 1.691, 1.895, 2.19, 1.961, 1.902, 2.307, 2.469, 2.459, 1.727, 1.368, 1.278, 1.54, 1.439, 1.205, 1.531, 2.058, 2.052, 1.596, 1.832, 1.621, 1.042, 0.894, 0.0, 0.895, 1.098, 1.545, 1.692, 1.265, 0.948, 0.989, 1.327, 1.618, 1.569, 1.649, 0.892, 1.048, 1.655, 2.902, 3.36, 3.739, 3.279, 2.53, 1.612, 1.937, 1.665, 1.68, 1.643, 1.52, 1.39, 1.57, 1.415, 1.561, 1.638, 2.56, 2.676, 2.653, 3.081, 3.127, 3.231, 3.928, 4.703, 5.701, 6.124, 6.629, 8.136, 8.228, 7.857, 7.783, 8.022, 8.072, 7.798, 7.096, 6.997, 6.573, 8.356, 9.292, 9.13, 8.489, 7.468, 7.963], [1.62, 2.424, 2.439, 2.377, 2.201, 1.93, 2.098, 2.109, 2.299, 2.065, 2.008, 2.358, 2.633, 2.4, 1.85, 1.654, 1.489, 1.663, 1.792, 1.709, 1.718, 2.112, 2.043, 1.641, 2.041, 1.691, 1.347, 1.394, 0.895, 0.0, 0.934, 1.485, 1.449, 1.386, 1.3, 1.524, 1.856, 2.112, 1.802, 1.877, 1.251, 1.281, 1.796, 2.953, 3.444, 3.845, 3.457, 2.755, 2.163, 2.469, 2.089, 1.948, 1.878, 1.642, 1.599, 1.674, 1.576, 1.607, 1.729, 2.347, 2.462, 2.285, 2.886, 2.887, 2.847, 3.555, 4.398, 5.36, 5.795, 6.324, 7.774, 7.918, 7.541, 7.474, 7.659, 7.727, 7.425, 6.773, 6.675, 6.252, 8.061, 8.945, 8.816, 8.169, 7.16, 7.655], [1.78, 2.463, 2.617, 2.614, 2.583, 2.313, 2.628, 2.503, 2.601, 2.325, 2.146, 2.598, 2.849, 2.701, 2.147, 1.857, 1.821, 1.957, 1.994, 1.764, 2.09, 2.508, 2.492, 2.105, 2.589, 2.267, 1.442, 1.434, 1.098, 0.934, 0.0, 0.789, 1.307, 1.385, 1.545, 1.592, 1.816, 1.975, 1.847, 1.754, 1.226, 1.13, 2.078, 3.389, 3.845, 4.238, 3.82, 3.199, 2.437, 2.866, 2.588, 2.454, 2.444, 2.139, 1.859, 1.921, 1.698, 1.775, 1.925, 2.831, 2.996, 2.754, 3.093, 2.975, 3.179, 3.827, 4.663, 5.646, 6.128, 6.509, 8.077, 8.288, 7.759, 7.655, 7.921, 7.994, 7.74, 7.141, 7.151, 6.705, 8.514, 9.339, 9.231, 8.584, 7.578, 8.083], [2.032, 2.6, 2.802, 2.909, 2.949, 2.557, 2.759, 2.485, 2.551, 2.254, 2.081, 2.555, 2.92, 2.76, 2.271, 2.099, 1.916, 2.044, 1.966, 1.787, 2.163, 2.674, 2.691, 2.333, 2.801, 2.536, 1.828, 1.743, 1.545, 1.485, 0.789, 0.0, 1.045, 1.423, 1.687, 1.944, 2.084, 2.284, 2.215, 2.002, 1.549, 1.328, 2.276, 3.569, 3.979, 4.362, 3.802, 3.206, 2.756, 3.138, 2.79, 2.582, 2.574, 2.41, 2.187, 2.4, 2.166, 2.196, 2.297, 3.205, 3.209, 2.994, 3.341, 3.111, 3.428, 4.041, 4.906, 5.891, 6.373, 6.741, 8.32, 8.531, 7.997, 7.838, 8.145, 8.225, 7.982, 7.38, 7.39, 6.944, 8.757, 9.602, 9.5, 8.853, 7.844, 8.343], [2.365, 2.777, 2.842, 2.973, 2.883, 2.341, 2.381, 2.357, 2.49, 2.202, 2.057, 2.588, 2.893, 2.747, 2.425, 2.386, 1.999, 2.193, 2.154, 2.117, 2.182, 2.826, 2.856, 2.34, 2.558, 2.418, 2.161, 1.857, 1.692, 1.449, 1.307, 1.045, 0.0, 1.088, 1.6, 2.116, 2.45, 2.675, 2.776, 2.551, 1.835, 1.493, 2.39, 3.647, 3.963, 4.329, 3.616, 2.81, 2.75, 2.889, 2.499, 2.335, 2.47, 2.414, 2.668, 2.827, 2.584, 2.555, 2.658, 3.28, 3.361, 3.217, 3.784, 3.506, 3.51, 4.216, 5.078, 6.065, 6.548, 6.916, 8.483, 8.693, 8.16, 8.001, 8.319, 8.398, 8.148, 7.538, 7.548, 7.101, 8.92, 9.775, 9.674, 9.027, 8.017, 8.518], [2.082, 2.315, 2.427, 2.52, 2.428, 1.97, 1.891, 1.776, 1.922, 1.652, 1.477, 2.024, 2.384, 2.396, 2.029, 2.095, 1.691, 1.764, 1.582, 1.634, 1.681, 2.311, 2.299, 1.841, 1.934, 2.151, 1.811, 1.48, 1.265, 1.386, 1.385, 1.423, 1.088, 0.0, 0.981, 1.779, 2.141, 2.358, 2.465, 2.36, 1.594, 1.179, 2.022, 3.095, 3.449, 3.794, 3.099, 2.275, 2.226, 2.391, 2.0, 1.849, 1.998, 1.956, 2.313, 2.507, 2.296, 2.362, 2.374, 2.984, 2.993, 2.788, 3.373, 3.276, 3.396, 3.843, 4.66, 5.643, 6.123, 6.52, 8.078, 8.283, 7.761, 7.657, 7.915, 7.988, 7.745, 7.129, 7.109, 6.658, 8.52, 9.383, 9.279, 8.633, 7.623, 8.118], [1.638, 1.89, 1.806, 1.728, 1.708, 1.472, 1.248, 1.359, 1.62, 1.586, 1.618, 1.987, 2.313, 2.353, 1.781, 1.629, 1.322, 1.474, 1.12, 1.142, 1.32, 1.979, 1.995, 1.584, 1.527, 1.62, 1.576, 1.187, 0.948, 1.3, 1.545, 1.687, 1.6, 0.981, 0.0, 1.086, 1.607, 1.934, 1.872, 1.977, 1.345, 1.307, 1.616, 2.754, 3.169, 3.453, 2.849, 1.971, 1.437, 1.703, 1.33, 1.401, 1.495, 1.336, 1.64, 1.95, 1.892, 2.043, 1.894, 2.556, 2.72, 2.56, 3.034, 3.267, 3.409, 3.918, 4.598, 5.561, 5.998, 6.56, 7.981, 8.085, 7.749, 7.689, 7.869, 7.918, 7.64, 6.973, 6.921, 6.47, 8.342, 9.205, 9.103, 8.456, 7.446, 7.941], [1.288, 1.736, 1.696, 1.601, 1.71, 1.643, 1.668, 1.899, 2.084, 2.35, 2.337, 2.672, 2.808, 2.825, 2.143, 1.519, 1.664, 1.945, 1.67, 1.316, 1.459, 2.02, 2.259, 1.925, 1.884, 1.706, 1.272, 1.067, 0.989, 1.524, 1.592, 1.944, 2.116, 1.779, 1.086, 0.0, 0.87, 1.359, 1.244, 1.533, 1.152, 1.489, 1.906, 2.831, 3.229, 3.556, 3.165, 2.432, 1.356, 1.577, 1.553, 1.627, 1.693, 1.626, 1.503, 1.638, 1.59, 1.787, 1.996, 2.77, 2.799, 2.769, 3.224, 3.641, 3.787, 4.351, 4.848, 5.82, 6.19, 6.792, 8.097, 8.233, 7.922, 7.864, 7.95, 7.992, 7.654, 7.001, 7.084, 6.597, 8.352, 9.22, 9.119, 8.472, 7.463, 7.957], [1.116, 1.457, 1.53, 1.628, 1.865, 1.977, 2.236, 2.446, 2.573, 2.711, 2.631, 3.015, 3.196, 3.213, 2.51, 1.87, 2.016, 2.411, 2.124, 1.679, 1.959, 2.599, 2.734, 2.39, 2.375, 2.075, 1.272, 1.053, 1.327, 1.856, 1.816, 2.084, 2.45, 2.141, 1.607, 0.87, 0.0, 0.806, 0.983, 1.335, 1.257, 1.832, 2.309, 3.409, 3.885, 4.217, 3.824, 3.107, 1.893, 1.921, 2.159, 2.254, 2.257, 2.134, 1.972, 1.833, 1.7, 1.873, 2.411, 3.279, 3.333, 3.265, 3.722, 4.011, 4.139, 4.699, 5.243, 6.235, 6.691, 7.257, 8.589, 8.781, 8.37, 8.313, 8.406, 8.45, 8.202, 7.601, 7.649, 7.14, 8.981, 9.849, 9.747, 9.101, 8.091, 8.586], [1.401, 1.389, 1.64, 1.88, 2.151, 2.429, 2.693, 2.971, 3.001, 2.973, 2.881, 3.277, 3.447, 3.461, 2.765, 2.211, 2.366, 2.758, 2.542, 2.043, 2.51, 3.009, 3.044, 2.667, 2.773, 2.429, 1.509, 1.342, 1.618, 2.112, 1.975, 2.284, 2.675, 2.358, 1.934, 1.359, 0.806, 0.0, 1.09, 1.207, 1.501, 2.011, 2.602, 3.866, 4.335, 4.668, 4.359, 3.614, 2.44, 2.488, 2.679, 2.792, 2.732, 2.507, 2.183, 1.959, 1.752, 1.933, 2.478, 3.558, 3.691, 3.518, 3.957, 4.071, 4.219, 4.846, 5.517, 6.513, 6.946, 7.38, 8.899, 9.101, 8.574, 8.477, 8.741, 8.811, 8.583, 7.971, 7.942, 7.491, 9.363, 10.238, 10.137, 9.49, 8.481, 8.975], [1.533, 1.907, 2.087, 2.107, 2.231, 2.532, 2.621, 2.679, 2.649, 2.789, 2.804, 3.079, 3.215, 3.185, 2.515, 2.029, 2.267, 2.562, 2.276, 1.794, 2.228, 2.399, 2.461, 2.31, 2.575, 2.104, 1.351, 1.477, 1.569, 1.802, 1.847, 2.215, 2.776, 2.465, 1.872, 1.244, 0.983, 1.09, 0.0, 0.935, 1.502, 2.106, 2.215, 3.243, 3.783, 4.13, 3.914, 3.206, 2.135, 2.36, 2.476, 2.424, 2.26, 2.063, 1.431, 1.185, 1.17, 1.38, 1.855, 2.776, 2.738, 2.566, 3.03, 3.45, 3.584, 4.17, 4.675, 5.601, 5.998, 6.547, 7.954, 8.13, 7.659, 7.607, 7.763, 7.835, 7.608, 6.987, 6.966, 6.51, 8.378, 9.247, 9.146, 8.499, 7.49, 7.985], [1.645, 1.959, 2.272, 2.367, 2.438, 2.687, 2.76, 2.583, 2.555, 2.415, 2.437, 2.787, 2.917, 2.84, 2.202, 1.778, 1.974, 2.271, 2.093, 1.643, 2.216, 2.5, 2.477, 2.227, 2.764, 2.175, 1.325, 1.413, 1.649, 1.877, 1.754, 2.002, 2.551, 2.36, 1.977, 1.533, 1.335, 1.207, 0.935, 0.0, 1.232, 1.783, 1.985, 3.295, 3.748, 4.12, 3.833, 3.154, 2.451, 2.837, 2.768, 2.678, 2.617, 2.41, 1.568, 1.266, 1.214, 1.219, 1.718, 2.739, 2.916, 2.772, 3.183, 3.274, 3.399, 4.074, 4.773, 5.707, 6.19, 6.598, 8.132, 8.306, 7.771, 7.682, 7.979, 8.078, 7.829, 7.214, 7.168, 6.717, 8.589, 9.493, 9.391, 8.745, 7.735, 8.228], [1.007, 1.469, 1.646, 1.752, 1.836, 1.658, 1.942, 2.127, 2.294, 2.03, 1.993, 2.377, 2.665, 2.503, 1.911, 1.52, 1.558, 1.782, 1.705, 1.323, 1.912, 2.391, 2.413, 1.952, 2.288, 1.934, 1.164, 0.796, 0.892, 1.251, 1.226, 1.549, 1.835, 1.594, 1.345, 1.152, 1.257, 1.501, 1.502, 1.232, 0.0, 1.004, 1.871, 3.146, 3.567, 4.002, 3.449, 2.764, 1.752, 2.153, 2.054, 2.118, 2.108, 2.073, 1.692, 1.562, 1.373, 1.456, 1.868, 2.872, 3.133, 3.039, 3.48, 3.41, 3.494, 4.216, 5.069, 6.042, 6.475, 6.931, 8.441, 8.59, 8.116, 8.105, 8.339, 8.417, 8.122, 7.519, 7.383, 6.951, 8.773, 9.738, 9.603, 8.956, 7.947, 8.442], [1.298, 2.033, 2.15, 2.186, 2.042, 1.814, 2.066, 1.868, 1.981, 1.646, 1.508, 1.945, 2.226, 2.108, 1.562, 1.52, 1.553, 1.525, 1.53, 1.52, 1.566, 1.994, 1.98, 1.549, 1.881, 2.064, 1.314, 1.223, 1.048, 1.281, 1.13, 1.328, 1.493, 1.179, 1.307, 1.489, 1.832, 2.011, 2.106, 1.783, 1.004, 0.0, 1.547, 2.688, 3.159, 3.551, 3.193, 2.604, 2.113, 2.551, 2.153, 2.029, 2.066, 2.013, 1.769, 1.937, 1.675, 1.748, 1.82, 2.661, 2.769, 2.661, 3.121, 2.887, 3.123, 3.778, 4.689, 5.669, 6.102, 6.481, 8.068, 8.217, 7.72, 7.61, 7.944, 8.044, 7.748, 7.146, 7.004, 6.574, 8.367, 9.365, 9.206, 8.556, 7.549, 8.051], [1.963, 2.764, 2.849, 2.444, 2.205, 2.377, 2.054, 1.471, 1.277, 1.229, 1.38, 1.365, 1.543, 1.384, 0.955, 1.398, 1.523, 1.412, 1.123, 1.494, 1.165, 1.211, 1.293, 1.134, 1.543, 1.187, 1.741, 2.07, 1.655, 1.796, 2.078, 2.276, 2.39, 2.022, 1.616, 1.906, 2.309, 2.602, 2.215, 1.985, 1.871, 1.547, 0.0, 1.553, 2.058, 2.501, 2.21, 1.999, 2.219, 2.443, 1.989, 1.635, 1.633, 1.491, 1.326, 1.66, 1.772, 1.706, 1.43, 1.46, 1.509, 1.591, 2.207, 2.477, 2.594, 3.032, 3.465, 4.485, 4.871, 5.407, 6.85, 6.983, 6.531, 6.521, 6.732, 6.809, 6.518, 5.912, 5.791, 5.343, 7.087, 8.13, 7.958, 7.313, 6.271, 6.743], [3.028, 3.824, 3.754, 3.151, 2.786, 3.015, 2.544, 1.857, 1.611, 1.964, 2.183, 1.885, 1.87, 1.765, 1.747, 2.342, 2.437, 2.086, 2.104, 2.631, 1.734, 1.307, 1.455, 1.747, 1.94, 1.972, 2.849, 3.275, 2.902, 2.953, 3.389, 3.569, 3.647, 3.095, 2.754, 2.831, 3.409, 3.866, 3.243, 3.295, 3.146, 2.688, 1.553, 0.0, 1.286, 1.633, 1.712, 2.065, 2.506, 2.808, 2.454, 2.17, 1.973, 2.158, 2.272, 2.781, 2.996, 3.021, 2.607, 2.095, 1.534, 1.889, 2.625, 3.389, 3.718, 3.538, 3.687, 4.546, 4.795, 5.586, 6.691, 6.6, 6.267, 6.228, 6.289, 6.328, 5.923, 5.338, 5.296, 4.858, 6.141, 7.303, 7.041, 6.371, 5.397, 5.835], [3.558, 4.317, 4.239, 3.651, 3.369, 3.46, 3.079, 2.247, 1.901, 2.437, 2.627, 2.265, 1.851, 1.827, 2.327, 2.842, 2.912, 2.602, 2.498, 3.033, 2.052, 1.651, 1.912, 2.138, 2.122, 2.373, 3.395, 3.747, 3.36, 3.444, 3.845, 3.979, 3.963, 3.449, 3.169, 3.229, 3.885, 4.335, 3.783, 3.748, 3.567, 3.159, 2.058, 1.286, 0.0, 1.047, 1.633, 1.974, 2.787, 3.166, 2.78, 2.487, 2.313, 2.492, 2.795, 3.365, 3.589, 3.591, 3.155, 2.486, 1.945, 2.339, 3.073, 3.904, 4.136, 3.581, 3.724, 4.63, 4.623, 5.151, 6.335, 6.266, 6.004, 5.936, 6.002, 6.028, 5.57, 4.978, 4.938, 4.531, 5.635, 6.645, 6.386, 5.721, 4.749, 5.493], [4.0, 4.78, 4.654, 4.125, 3.783, 3.877, 3.506, 2.62, 2.359, 2.988, 3.162, 2.887, 2.407, 2.364, 2.837, 3.366, 3.421, 3.03, 2.969, 3.49, 2.471, 2.039, 2.206, 2.577, 2.425, 2.88, 3.8, 4.087, 3.739, 3.845, 4.238, 4.362, 4.329, 3.794, 3.453, 3.556, 4.217, 4.668, 4.13, 4.12, 4.002, 3.551, 2.501, 1.633, 1.047, 0.0, 1.487, 2.123, 3.028, 3.517, 3.097, 2.832, 2.648, 2.837, 3.223, 3.77, 3.962, 3.984, 3.619, 2.895, 2.319, 2.749, 3.402, 4.315, 4.575, 3.998, 3.935, 4.663, 4.755, 5.058, 6.142, 6.065, 5.803, 5.735, 5.807, 5.799, 5.381, 4.806, 4.758, 4.359, 5.339, 6.412, 6.064, 5.31, 4.563, 5.342], [3.747, 3.943, 3.839, 3.378, 3.334, 3.054, 2.6, 1.868, 1.824, 2.385, 2.597, 2.446, 2.386, 2.274, 2.445, 3.023, 2.861, 2.498, 2.257, 2.772, 2.149, 1.848, 2.139, 2.162, 2.173, 2.49, 3.556, 3.562, 3.279, 3.457, 3.82, 3.802, 3.616, 3.099, 2.849, 3.165, 3.824, 4.359, 3.914, 3.833, 3.449, 3.193, 2.21, 1.712, 1.633, 1.487, 0.0, 1.205, 2.404, 2.781, 2.441, 1.994, 1.914, 2.272, 3.0, 3.571, 3.714, 3.705, 3.427, 2.874, 2.185, 2.743, 3.659, 4.332, 4.519, 4.395, 4.386, 5.116, 5.458, 6.06, 7.043, 6.958, 6.672, 6.619, 6.753, 6.758, 6.328, 5.674, 5.619, 5.204, 6.205, 7.384, 6.955, 6.266, 5.479, 6.151], [3.084, 3.197, 2.991, 2.651, 2.57, 2.3, 1.767, 1.204, 1.608, 1.974, 2.144, 2.326, 2.495, 2.428, 2.209, 2.464, 2.241, 1.84, 1.692, 2.083, 1.588, 1.582, 1.931, 1.78, 1.886, 1.948, 2.895, 2.782, 2.53, 2.755, 3.199, 3.206, 2.81, 2.275, 1.971, 2.432, 3.107, 3.614, 3.206, 3.154, 2.764, 2.604, 1.999, 2.065, 1.974, 2.123, 1.205, 0.0, 1.592, 1.99, 1.665, 1.407, 1.38, 1.727, 2.391, 2.978, 3.053, 3.084, 2.843, 2.622, 2.266, 2.611, 3.621, 4.132, 4.022, 4.421, 4.713, 5.623, 5.947, 6.629, 7.881, 7.859, 7.615, 7.577, 7.664, 7.707, 7.305, 6.599, 6.544, 6.126, 7.214, 8.347, 7.951, 7.24, 6.441, 7.171], [1.97, 2.106, 1.935, 1.547, 1.551, 1.381, 1.197, 1.364, 2.016, 2.267, 2.407, 2.689, 2.903, 2.941, 2.376, 2.097, 1.983, 1.894, 1.676, 1.691, 1.717, 1.85, 2.166, 1.976, 1.887, 1.903, 1.983, 1.717, 1.612, 2.163, 2.437, 2.756, 2.75, 2.226, 1.437, 1.356, 1.893, 2.44, 2.135, 2.451, 1.752, 2.113, 2.219, 2.506, 2.787, 3.028, 2.404, 1.592, 0.0, 1.011, 1.09, 1.292, 1.339, 1.619, 1.879, 2.223, 2.281, 2.437, 2.499, 3.013, 2.823, 3.115, 3.71, 4.201, 4.298, 4.965, 5.373, 6.313, 6.625, 7.292, 8.575, 8.526, 8.283, 8.242, 8.341, 8.365, 8.006, 7.332, 7.213, 6.823, 8.062, 9.239, 8.913, 8.21, 7.309, 7.969], [2.173, 1.953, 1.708, 1.529, 1.522, 1.468, 1.29, 1.705, 2.192, 2.408, 2.581, 2.812, 3.147, 3.197, 2.808, 2.592, 2.35, 2.351, 1.934, 1.991, 2.075, 2.365, 2.556, 2.29, 1.959, 1.996, 2.439, 2.036, 1.937, 2.469, 2.866, 3.138, 2.889, 2.391, 1.703, 1.577, 1.921, 2.488, 2.36, 2.837, 2.153, 2.551, 2.443, 2.808, 3.166, 3.517, 2.781, 1.99, 1.011, 0.0, 0.87, 1.386, 1.626, 1.771, 2.356, 2.647, 2.574, 2.751, 2.939, 3.281, 3.151, 3.351, 3.965, 4.548, 4.508, 5.18, 5.539, 6.504, 6.794, 7.466, 8.764, 8.76, 8.523, 8.46, 8.531, 8.572, 8.171, 7.479, 7.495, 7.049, 8.504, 9.459, 9.304, 8.658, 7.648, 8.21], [2.19, 2.325, 2.121, 1.819, 1.758, 1.498, 1.167, 1.424, 2.015, 2.127, 2.348, 2.568, 2.809, 2.862, 2.465, 2.265, 1.942, 1.912, 1.585, 1.742, 1.754, 1.989, 2.159, 1.861, 1.525, 1.633, 2.276, 1.855, 1.665, 2.089, 2.588, 2.79, 2.499, 2.0, 1.33, 1.553, 2.159, 2.679, 2.476, 2.768, 2.054, 2.153, 1.989, 2.454, 2.78, 3.097, 2.441, 1.665, 1.09, 0.87, 0.0, 0.962, 1.102, 1.216, 2.12, 2.56, 2.562, 2.75, 2.587, 2.67, 2.633, 2.79, 3.547, 4.086, 3.969, 4.697, 4.956, 5.848, 6.255, 6.849, 8.13, 8.209, 7.941, 7.937, 8.051, 8.09, 7.72, 7.009, 6.88, 6.426, 8.055, 9.064, 8.861, 8.215, 7.205, 7.748], [2.286, 2.536, 2.377, 2.071, 1.953, 1.755, 1.246, 1.148, 1.719, 1.917, 2.148, 2.251, 2.421, 2.43, 1.934, 2.162, 1.918, 1.868, 1.4, 1.7, 1.433, 1.359, 1.505, 1.313, 1.251, 1.478, 2.239, 2.091, 1.68, 1.948, 2.454, 2.582, 2.335, 1.849, 1.401, 1.627, 2.254, 2.792, 2.424, 2.678, 2.118, 2.029, 1.635, 2.17, 2.487, 2.832, 1.994, 1.407, 1.292, 1.386, 0.962, 0.0, 0.652, 0.996, 1.881, 2.4, 2.403, 2.572, 2.345, 2.27, 2.151, 2.38, 3.25, 3.789, 3.582, 4.233, 4.539, 5.484, 5.808, 6.454, 7.746, 7.772, 7.513, 7.498, 7.64, 7.665, 7.328, 6.611, 6.464, 6.039, 7.533, 8.635, 8.392, 7.75, 6.728, 7.279], [2.296, 2.665, 2.57, 2.148, 2.035, 1.884, 1.4, 1.174, 1.716, 1.957, 2.19, 2.339, 2.405, 2.365, 1.921, 2.161, 1.946, 1.797, 1.541, 1.821, 1.481, 1.263, 1.462, 1.238, 1.261, 1.455, 2.243, 2.172, 1.643, 1.878, 2.444, 2.574, 2.47, 1.998, 1.495, 1.693, 2.257, 2.732, 2.26, 2.617, 2.108, 2.066, 1.633, 1.973, 2.313, 2.648, 1.914, 1.38, 1.339, 1.626, 1.102, 0.652, 0.0, 0.797, 1.719, 2.269, 2.279, 2.462, 2.287, 2.164, 1.85, 2.158, 3.117, 3.648, 3.438, 4.069, 4.327, 5.195, 5.568, 6.221, 7.462, 7.516, 7.263, 7.238, 7.372, 7.404, 7.049, 6.336, 6.192, 5.787, 7.258, 8.41, 8.107, 7.465, 6.456, 7.034], [2.218, 2.692, 2.624, 2.193, 2.152, 2.066, 1.65, 1.479, 1.888, 1.976, 2.118, 2.322, 2.406, 2.45, 1.944, 2.075, 1.877, 1.849, 1.523, 1.764, 1.353, 1.483, 1.574, 1.353, 1.368, 1.51, 2.156, 2.103, 1.52, 1.642, 2.139, 2.41, 2.414, 1.956, 1.336, 1.626, 2.134, 2.507, 2.063, 2.41, 2.073, 2.013, 1.491, 2.158, 2.492, 2.837, 2.272, 1.727, 1.619, 1.771, 1.216, 0.996, 0.797, 0.0, 1.453, 1.989, 2.038, 2.218, 2.047, 1.959, 1.798, 1.934, 2.675, 3.232, 3.087, 3.726, 4.017, 4.893, 5.353, 5.962, 7.219, 7.334, 7.064, 7.024, 7.167, 7.179, 6.815, 6.127, 5.986, 5.551, 7.186, 8.192, 7.988, 7.346, 6.313, 6.821], [1.75, 2.568, 2.604, 2.223, 2.143, 2.317, 2.215, 1.806, 1.896, 1.895, 1.969, 2.098, 2.251, 2.19, 1.515, 1.371, 1.499, 1.671, 1.323, 1.219, 1.357, 1.462, 1.529, 1.42, 1.945, 1.408, 1.411, 1.804, 1.39, 1.599, 1.859, 2.187, 2.668, 2.313, 1.64, 1.503, 1.972, 2.183, 1.431, 1.568, 1.692, 1.769, 1.326, 2.272, 2.795, 3.223, 3.0, 2.391, 1.879, 2.356, 2.12, 1.881, 1.719, 1.453, 0.0, 0.744, 1.01, 1.146, 1.077, 1.831, 1.725, 1.717, 2.148, 2.48, 2.645, 3.276, 3.804, 4.776, 5.152, 5.689, 7.1, 7.162, 6.853, 6.794, 7.018, 7.045, 6.76, 6.023, 5.897, 5.458, 7.22, 8.211, 8.049, 7.407, 6.362, 6.849], [1.73, 2.359, 2.49, 2.266, 2.14, 2.456, 2.494, 2.421, 2.403, 2.18, 2.238, 2.347, 2.568, 2.392, 1.824, 1.463, 1.712, 2.037, 1.809, 1.44, 1.937, 1.99, 1.865, 1.878, 2.372, 1.584, 1.271, 1.687, 1.57, 1.674, 1.921, 2.4, 2.827, 2.507, 1.95, 1.638, 1.833, 1.959, 1.185, 1.266, 1.562, 1.937, 1.66, 2.781, 3.365, 3.77, 3.571, 2.978, 2.223, 2.647, 2.56, 2.4, 2.269, 1.989, 0.744, 0.0, 0.62, 0.679, 0.944, 2.029, 2.092, 1.959, 2.329, 2.534, 2.613, 3.326, 3.984, 4.907, 5.332, 5.826, 7.309, 7.47, 7.031, 6.987, 7.19, 7.265, 6.976, 6.378, 6.267, 5.844, 7.586, 8.584, 8.423, 7.781, 6.736, 7.168], [1.586, 2.083, 2.274, 2.091, 1.969, 2.267, 2.392, 2.406, 2.494, 2.207, 2.244, 2.494, 2.635, 2.5, 1.948, 1.676, 1.884, 2.071, 1.871, 1.531, 2.01, 2.175, 2.044, 1.858, 2.366, 1.739, 1.264, 1.547, 1.415, 1.576, 1.698, 2.166, 2.584, 2.296, 1.892, 1.59, 1.7, 1.752, 1.17, 1.214, 1.373, 1.675, 1.772, 2.996, 3.589, 3.962, 3.714, 3.053, 2.281, 2.574, 2.562, 2.403, 2.279, 2.038, 1.01, 0.62, 0.0, 0.465, 1.066, 2.31, 2.408, 2.323, 2.71, 2.646, 2.769, 3.553, 4.304, 5.273, 5.705, 6.103, 7.679, 7.837, 7.354, 7.296, 7.57, 7.649, 7.354, 6.75, 6.637, 6.214, 7.955, 8.969, 8.807, 8.165, 7.12, 7.553], [1.717, 2.198, 2.414, 2.238, 2.102, 2.416, 2.571, 2.485, 2.509, 2.13, 2.117, 2.391, 2.603, 2.396, 1.83, 1.579, 1.763, 2.012, 1.874, 1.566, 2.065, 2.238, 2.115, 1.948, 2.527, 1.755, 1.37, 1.695, 1.561, 1.607, 1.775, 2.196, 2.555, 2.362, 2.043, 1.787, 1.873, 1.933, 1.38, 1.219, 1.456, 1.748, 1.706, 3.021, 3.591, 3.984, 3.705, 3.084, 2.437, 2.751, 2.75, 2.572, 2.462, 2.218, 1.146, 0.679, 0.465, 0.0, 0.988, 2.168, 2.37, 2.252, 2.639, 2.518, 2.604, 3.408, 4.221, 5.201, 5.634, 6.019, 7.604, 7.762, 7.274, 7.186, 7.48, 7.576, 7.28, 6.678, 6.562, 6.139, 7.881, 8.897, 8.736, 8.094, 7.049, 7.484], [2.004, 2.831, 3.038, 2.663, 2.394, 2.596, 2.476, 2.257, 2.207, 1.9, 1.933, 1.929, 2.087, 2.046, 1.466, 1.328, 1.499, 1.812, 1.605, 1.545, 1.781, 1.862, 1.772, 1.724, 2.293, 1.523, 1.663, 2.054, 1.638, 1.729, 1.925, 2.297, 2.658, 2.374, 1.894, 1.996, 2.411, 2.478, 1.855, 1.718, 1.868, 1.82, 1.43, 2.607, 3.155, 3.619, 3.427, 2.843, 2.499, 2.939, 2.587, 2.345, 2.287, 2.047, 1.077, 0.944, 1.066, 0.988, 0.0, 1.504, 1.851, 1.61, 1.924, 1.947, 2.085, 2.808, 3.501, 4.464, 4.879, 5.311, 6.865, 7.019, 6.547, 6.491, 6.742, 6.821, 6.526, 5.93, 5.819, 5.396, 7.138, 8.143, 7.981, 7.34, 6.295, 6.696], [2.958, 3.855, 3.819, 3.413, 3.071, 3.243, 2.938, 2.28, 2.13, 2.15, 2.359, 2.154, 2.142, 1.991, 1.679, 1.988, 2.159, 2.228, 2.023, 2.286, 1.931, 1.699, 1.644, 1.824, 2.2, 1.665, 2.627, 3.111, 2.56, 2.347, 2.831, 3.205, 3.28, 2.984, 2.556, 2.77, 3.279, 3.558, 2.776, 2.739, 2.872, 2.661, 1.46, 2.095, 2.486, 2.895, 2.874, 2.622, 3.013, 3.281, 2.67, 2.27, 2.164, 1.959, 1.831, 2.029, 2.31, 2.168, 1.504, 0.0, 1.302, 1.273, 1.463, 2.12, 2.103, 2.402, 2.552, 3.465, 3.941, 4.517, 5.849, 5.909, 5.643, 5.638, 5.801, 5.827, 5.519, 4.799, 4.622, 4.196, 5.909, 6.935, 6.774, 6.132, 5.087, 5.57], [3.201, 4.075, 4.087, 3.487, 3.245, 3.432, 3.003, 2.209, 1.952, 2.2, 2.389, 2.261, 2.235, 2.125, 1.765, 2.159, 2.389, 2.268, 2.22, 2.516, 1.886, 1.538, 1.659, 1.797, 2.151, 1.823, 2.725, 3.246, 2.676, 2.462, 2.996, 3.209, 3.361, 2.993, 2.72, 2.799, 3.333, 3.691, 2.738, 2.916, 3.133, 2.769, 1.509, 1.534, 1.945, 2.319, 2.185, 2.266, 2.823, 3.151, 2.633, 2.151, 1.85, 1.798, 1.725, 2.092, 2.408, 2.37, 1.851, 1.302, 0.0, 1.039, 1.828, 2.535, 2.576, 2.815, 2.845, 3.774, 4.091, 4.774, 6.048, 6.039, 5.696, 5.576, 5.689, 5.706, 5.393, 4.769, 4.722, 4.321, 5.724, 6.846, 6.591, 5.926, 4.901, 5.446], [3.152, 4.086, 4.118, 3.703, 3.407, 3.617, 3.228, 2.411, 1.846, 2.162, 2.266, 2.002, 2.161, 2.064, 1.833, 2.267, 2.43, 2.438, 2.286, 2.57, 1.962, 1.574, 1.679, 1.859, 2.287, 1.822, 2.74, 3.216, 2.653, 2.285, 2.754, 2.994, 3.217, 2.788, 2.56, 2.769, 3.265, 3.518, 2.566, 2.772, 3.039, 2.661, 1.591, 1.889, 2.339, 2.749, 2.743, 2.611, 3.115, 3.351, 2.79, 2.38, 2.158, 1.934, 1.717, 1.959, 2.323, 2.252, 1.61, 1.273, 1.039, 0.0, 1.178, 1.809, 2.042, 2.117, 2.471, 3.385, 3.694, 4.329, 5.663, 5.783, 5.43, 5.358, 5.508, 5.567, 5.263, 4.601, 4.545, 4.121, 5.909, 6.786, 6.627, 5.98, 4.971, 5.465], [3.594, 4.55, 4.565, 4.159, 3.89, 4.087, 3.789, 3.178, 2.683, 2.746, 2.867, 2.519, 2.629, 2.609, 2.423, 2.699, 2.948, 3.02, 2.778, 3.017, 2.645, 2.406, 2.371, 2.68, 3.089, 2.632, 3.212, 3.641, 3.081, 2.886, 3.093, 3.341, 3.784, 3.373, 3.034, 3.224, 3.722, 3.957, 3.03, 3.183, 3.48, 3.121, 2.207, 2.625, 3.073, 3.402, 3.659, 3.621, 3.71, 3.965, 3.547, 3.25, 3.117, 2.675, 2.148, 2.329, 2.71, 2.639, 1.924, 1.463, 1.828, 1.178, 0.0, 1.383, 1.932, 1.722, 1.882, 2.768, 3.18, 3.754, 5.126, 5.259, 4.914, 4.851, 5.012, 5.036, 4.741, 4.069, 4.1, 3.648, 5.448, 6.31, 6.208, 5.561, 4.552, 5.047], [3.653, 4.568, 4.752, 4.438, 4.107, 4.282, 4.097, 3.492, 3.074, 2.785, 2.727, 2.729, 2.868, 2.834, 2.483, 2.92, 3.036, 3.072, 3.006, 3.223, 2.907, 2.88, 2.804, 2.885, 3.521, 2.969, 3.262, 3.643, 3.127, 2.887, 2.975, 3.111, 3.506, 3.276, 3.267, 3.641, 4.011, 4.071, 3.45, 3.274, 3.41, 2.887, 2.477, 3.389, 3.904, 4.315, 4.332, 4.132, 4.201, 4.548, 4.086, 3.789, 3.648, 3.232, 2.48, 2.534, 2.646, 2.518, 1.947, 2.12, 2.535, 1.809, 1.383, 0.0, 1.019, 1.168, 1.934, 2.942, 3.348, 3.729, 5.31, 5.498, 5.014, 4.85, 5.187, 5.267, 4.956, 4.439, 4.374, 3.929, 5.649, 6.555, 6.419, 5.772, 4.763, 5.258], [3.692, 4.688, 4.841, 4.556, 4.16, 4.278, 4.126, 3.545, 3.402, 2.919, 2.944, 3.004, 3.299, 3.156, 2.81, 3.057, 3.085, 3.145, 3.225, 3.388, 3.124, 3.095, 2.961, 2.952, 3.451, 2.769, 3.311, 3.751, 3.231, 2.847, 3.179, 3.428, 3.51, 3.396, 3.409, 3.787, 4.139, 4.219, 3.584, 3.399, 3.494, 3.123, 2.594, 3.718, 4.136, 4.575, 4.519, 4.022, 4.298, 4.508, 3.969, 3.582, 3.438, 3.087, 2.645, 2.613, 2.769, 2.604, 2.085, 2.103, 2.576, 2.042, 1.932, 1.019, 0.0, 1.237, 2.053, 3.005, 3.314, 3.669, 5.258, 5.473, 5.007, 4.852, 5.146, 5.229, 4.994, 4.653, 4.591, 4.098, 5.705, 6.641, 6.401, 5.704, 4.727, 5.189], [4.407, 5.421, 5.481, 5.2, 4.838, 4.968, 4.777, 4.006, 3.263, 3.246, 3.319, 2.989, 2.855, 2.826, 3.08, 3.608, 3.757, 3.783, 3.714, 4.017, 3.49, 3.225, 3.011, 3.325, 3.574, 3.468, 4.06, 4.478, 3.928, 3.555, 3.827, 4.041, 4.216, 3.843, 3.918, 4.351, 4.699, 4.846, 4.17, 4.074, 4.216, 3.778, 3.032, 3.538, 3.581, 3.998, 4.395, 4.421, 4.965, 5.18, 4.697, 4.233, 4.069, 3.726, 3.276, 3.326, 3.553, 3.408, 2.808, 2.402, 2.815, 2.117, 1.722, 1.168, 1.237, 0.0, 1.13, 2.179, 2.345, 2.828, 4.316, 4.511, 4.03, 3.929, 4.183, 4.269, 3.987, 3.607, 3.581, 3.083, 4.763, 5.617, 5.513, 4.866, 3.903, 4.378], [5.21, 6.181, 6.226, 5.828, 5.556, 5.767, 5.396, 4.518, 3.723, 4.009, 4.173, 3.77, 3.512, 3.436, 3.825, 4.31, 4.552, 4.567, 4.381, 4.669, 4.038, 3.674, 3.557, 3.865, 4.011, 3.989, 4.833, 5.246, 4.703, 4.398, 4.663, 4.906, 5.078, 4.66, 4.598, 4.848, 5.243, 5.517, 4.675, 4.773, 5.069, 4.689, 3.465, 3.687, 3.724, 3.935, 4.386, 4.713, 5.373, 5.539, 4.956, 4.539, 4.327, 4.017, 3.804, 3.984, 4.304, 4.221, 3.501, 2.552, 2.845, 2.471, 1.882, 1.934, 2.053, 1.13, 0.0, 1.274, 1.55, 2.082, 3.486, 3.638, 3.205, 3.136, 3.333, 3.371, 3.164, 2.816, 2.76, 2.323, 3.904, 4.758, 4.653, 4.006, 3.157, 3.591], [6.181, 7.152, 7.163, 6.737, 6.494, 6.705, 6.304, 5.468, 4.749, 4.995, 5.168, 4.764, 4.561, 4.463, 4.813, 5.244, 5.503, 5.517, 5.332, 5.606, 5.035, 4.606, 4.499, 4.833, 5.0, 4.971, 5.828, 6.25, 5.701, 5.36, 5.646, 5.891, 6.065, 5.643, 5.561, 5.82, 6.235, 6.513, 5.601, 5.707, 6.042, 5.669, 4.485, 4.546