[[0.0, 0.764, 2.36, 4.523, 6.016, 6.092, 6.92, 8.707, 9.083, 8.951, 8.536, 7.6, 7.326, 7.374, 7.41, 7.695, 7.968, 8.287, 8.302, 7.976, 7.87, 7.711, 7.839, 7.939, 7.989, 8.047, 8.178, 8.931, 9.572, 9.843, 9.903, 9.911, 10.267, 9.815, 9.934, 9.516, 7.989, 7.039, 6.623, 7.033, 6.025, 3.934, 3.807, 4.616, 4.291, 4.456, 5.312, 4.911, 4.035, 3.177, 2.723, 2.897, 2.375, 1.703, 1.805, 1.851, 2.076, 2.244, 2.306, 2.114, 1.935, 2.033, 1.676, 1.918, 2.608, 3.514, 3.482, 3.17, 2.547, 3.1, 3.983, 4.16, 4.685, 3.83, 2.619, 2.373, 2.588, 2.288, 1.898, 2.223, 2.89, 2.547, 3.37, 6.158, 7.769, 7.187], [0.764, 0.0, 2.228, 4.447, 5.852, 5.932, 6.738, 8.64, 9.016, 8.917, 8.388, 7.485, 7.19, 7.183, 7.24, 7.54, 7.801, 8.134, 8.129, 7.819, 7.85, 7.561, 7.646, 7.745, 7.83, 7.88, 8.005, 8.782, 9.47, 9.822, 9.709, 9.724, 10.08, 9.628, 9.757, 9.347, 7.826, 6.862, 6.437, 6.849, 5.837, 3.763, 3.598, 4.412, 4.082, 4.252, 5.139, 4.732, 3.799, 2.997, 2.598, 2.7, 2.12, 1.7, 1.883, 1.889, 2.229, 2.327, 2.359, 2.431, 2.195, 2.234, 1.968, 2.07, 2.556, 3.504, 3.498, 3.111, 2.459, 2.968, 3.836, 3.984, 4.513, 3.646, 2.455, 2.135, 2.423, 2.285, 1.959, 2.114, 2.803, 2.418, 3.281, 6.042, 7.633, 7.0], [2.36, 2.228, 0.0, 2.888, 4.354, 4.105, 5.295, 7.332, 7.693, 7.543, 7.008, 5.982, 5.595, 5.606, 5.712, 5.885, 6.283, 6.746, 6.699, 6.346, 6.389, 6.101, 6.089, 6.231, 6.176, 6.149, 6.437, 7.256, 7.807, 8.195, 8.166, 8.203, 8.586, 8.128, 8.331, 7.943, 6.205, 5.378, 4.895, 5.287, 4.354, 2.891, 2.571, 2.91, 2.555, 2.728, 3.452, 3.242, 2.372, 2.233, 2.194, 2.142, 2.386, 2.52, 2.942, 3.218, 3.728, 4.092, 4.124, 4.182, 3.949, 4.052, 3.703, 2.825, 2.143, 2.367, 2.246, 2.286, 2.08, 2.483, 3.019, 3.066, 3.256, 2.842, 2.321, 2.601, 3.065, 3.225, 3.189, 2.547, 2.596, 2.197, 2.682, 4.799, 6.219, 5.563], [4.523, 4.447, 2.888, 0.0, 2.168, 2.026, 2.737, 4.556, 4.875, 4.744, 4.268, 3.361, 3.03, 3.082, 3.207, 3.41, 3.749, 4.07, 4.049, 3.658, 3.689, 3.43, 3.539, 3.651, 3.66, 3.672, 3.916, 4.711, 5.326, 5.605, 5.625, 5.608, 6.027, 5.588, 5.674, 5.32, 3.787, 2.878, 2.801, 3.004, 2.572, 2.508, 2.342, 2.385, 2.127, 1.983, 2.274, 2.462, 2.163, 2.615, 3.104, 2.833, 3.685, 4.586, 4.998, 5.598, 5.9, 6.381, 6.475, 6.248, 6.106, 6.138, 5.726, 4.515, 3.275, 2.532, 2.473, 2.19, 2.475, 2.445, 2.419, 2.408, 2.517, 3.029, 3.382, 4.3, 4.935, 4.94, 5.05, 4.352, 3.296, 3.404, 2.689, 2.76, 3.725, 3.206], [6.016, 5.852, 4.354, 2.168, 0.0, 0.881, 1.78, 3.349, 3.534, 3.402, 3.002, 2.351, 2.517, 2.547, 2.313, 2.435, 2.444, 2.815, 2.686, 2.813, 3.099, 2.852, 2.725, 2.81, 2.825, 2.579, 2.454, 3.269, 3.918, 4.121, 3.996, 4.027, 4.37, 3.941, 4.067, 3.728, 2.472, 2.516, 2.827, 2.757, 2.868, 3.574, 3.752, 3.822, 3.596, 3.36, 3.11, 3.06, 3.092, 4.183, 4.745, 4.412, 5.297, 6.095, 6.593, 7.11, 7.431, 7.796, 7.976, 7.78, 7.633, 7.7, 7.22, 6.064, 4.733, 3.939, 3.808, 3.445, 3.764, 3.752, 3.817, 3.933, 3.801, 4.422, 4.835, 5.639, 6.288, 6.198, 6.26, 5.627, 4.824, 4.885, 4.427, 3.01, 2.71, 2.344], [6.092, 5.932, 4.105, 2.026, 0.881, 0.0, 1.749, 3.593, 3.902, 3.772, 3.177, 2.44, 2.472, 2.498, 2.298, 2.393, 2.486, 3.034, 2.951, 3.035, 3.3, 2.951, 2.648, 2.86, 2.819, 2.561, 2.627, 3.502, 4.076, 4.429, 4.263, 4.326, 4.643, 4.18, 4.431, 4.053, 2.494, 2.611, 2.793, 2.716, 2.85, 3.467, 3.33, 3.38, 3.131, 2.923, 2.674, 2.641, 2.642, 3.676, 4.366, 4.061, 4.989, 5.854, 6.246, 6.778, 7.234, 7.781, 7.975, 7.83, 7.696, 7.786, 7.327, 6.007, 4.677, 4.03, 3.763, 3.553, 3.825, 3.88, 3.809, 3.831, 3.612, 4.217, 4.715, 5.61, 6.142, 6.158, 6.309, 5.697, 4.943, 4.99, 4.45, 3.066, 2.959, 2.497], [6.92, 6.738, 5.295, 2.737, 1.78, 1.749, 0.0, 2.42, 2.854, 2.753, 2.132, 1.494, 1.486, 1.231, 0.957, 1.192, 1.291, 1.722, 1.71, 1.929, 2.116, 1.745, 1.409, 1.549, 1.71, 1.705, 2.046, 2.949, 3.61, 3.712, 3.395, 3.485, 3.669, 3.292, 3.498, 3.089, 2.146, 2.288, 2.441, 2.443, 2.492, 3.419, 3.834, 3.355, 3.557, 3.367, 2.788, 3.281, 3.667, 4.468, 4.89, 4.783, 5.54, 6.599, 7.181, 7.863, 8.251, 8.751, 8.969, 8.656, 8.615, 8.648, 7.989, 6.359, 5.133, 4.23, 4.187, 4.061, 4.664, 4.187, 3.745, 3.438, 3.275, 4.251, 5.124, 5.789, 6.171, 6.262, 6.44, 5.762, 4.9, 5.123, 4.343, 2.438, 2.335, 1.946], [8.707, 8.64, 7.332, 4.556, 3.349, 3.593, 2.42, 0.0, 0.954, 1.201, 1.156, 1.555, 2.158, 2.057, 1.997, 2.129, 1.679, 1.403, 1.379, 1.791, 1.949, 2.061, 1.973, 1.95, 2.142, 2.226, 2.039, 2.784, 2.969, 2.898, 2.72, 2.85, 2.869, 2.914, 2.834, 2.613, 2.497, 2.796, 3.309, 3.162, 3.494, 5.315, 5.9, 5.532, 5.943, 5.642, 5.005, 5.457, 5.791, 6.635, 7.014, 6.82, 7.587, 8.724, 9.341, 9.96, 10.225, 10.697, 10.836, 10.158, 10.261, 10.345, 9.375, 8.151, 6.607, 5.533, 5.712, 5.693, 6.45, 5.769, 5.128, 5.271, 4.982, 5.81, 6.99, 7.687, 8.136, 8.274, 8.278, 7.544, 6.284, 6.513, 5.73, 3.067, 2.157, 2.511], [9.083, 9.016, 7.693, 4.875, 3.534, 3.902, 2.854, 0.954, 0.0, 0.86, 0.949, 1.826, 2.356, 2.368, 2.365, 2.518, 2.101, 1.709, 1.564, 1.884, 2.045, 2.187, 2.204, 2.085, 2.202, 2.324, 1.953, 2.453, 2.594, 2.522, 2.45, 2.62, 2.733, 2.773, 2.524, 2.521, 2.417, 2.903, 3.523, 3.221, 3.731, 5.792, 6.377, 6.018, 6.359, 6.134, 5.48, 5.922, 6.111, 6.93, 7.438, 7.242, 8.078, 9.195, 9.671, 10.277, 10.513, 10.936, 11.093, 10.402, 10.489, 10.608, 9.669, 8.435, 6.886, 5.762, 5.954, 6.052, 6.818, 6.254, 5.597, 5.756, 5.482, 6.22, 7.473, 8.188, 8.653, 8.791, 8.819, 8.07, 6.783, 6.986, 6.127, 3.43, 2.283, 2.797], [8.951, 8.917, 7.543, 4.744, 3.402, 3.772, 2.753, 1.201, 0.86, 0.0, 0.91, 1.729, 2.069, 2.245, 2.33, 2.451, 1.976, 1.578, 1.505, 1.541, 1.483, 1.719, 1.911, 1.826, 1.86, 1.981, 1.693, 1.855, 2.262, 2.165, 2.042, 2.218, 2.45, 2.33, 2.147, 2.076, 1.997, 2.541, 3.261, 2.838, 3.594, 5.651, 6.249, 5.911, 6.243, 6.014, 5.376, 5.819, 5.972, 6.79, 7.287, 7.084, 7.958, 9.083, 9.556, 10.164, 10.376, 10.796, 10.969, 10.276, 10.351, 10.474, 9.555, 8.307, 6.767, 5.616, 5.802, 5.902, 6.69, 6.133, 5.502, 5.646, 5.362, 6.165, 7.358, 8.067, 8.508, 8.672, 8.698, 7.922, 6.674, 6.89, 6.046, 3.42, 2.327, 2.764], [8.536, 8.388, 7.008, 4.268, 3.002, 3.177, 2.132, 1.156, 0.949, 0.91, 0.0, 1.195, 1.585, 1.666, 1.664, 1.854, 1.533, 1.264, 1.134, 1.297, 1.508, 1.451, 1.52, 1.487, 1.568, 1.769, 1.561, 2.039, 2.398, 2.288, 2.201, 2.323, 2.5, 2.375, 2.175, 2.14, 1.794, 2.219, 2.831, 2.607, 3.069, 5.108, 5.679, 5.302, 5.646, 5.42, 4.761, 5.217, 5.395, 6.212, 6.729, 6.571, 7.36, 8.459, 8.955, 9.575, 9.808, 10.295, 10.514, 9.97, 9.984, 10.12, 9.199, 7.766, 6.22, 5.162, 5.345, 5.452, 6.23, 5.645, 5.019, 5.086, 4.823, 5.603, 6.76, 7.503, 7.957, 8.113, 8.149, 7.407, 6.224, 6.429, 5.68, 2.955, 1.971, 2.369], [7.6, 7.485, 5.982, 3.361, 2.351, 2.44, 1.494, 1.555, 1.826, 1.729, 1.195, 0.0, 0.871, 1.12, 1.38, 1.764, 1.514, 1.549, 1.338, 1.323, 1.427, 1.355, 1.176, 1.333, 1.459, 1.501, 1.454, 2.161, 2.611, 2.61, 2.69, 2.732, 3.05, 2.771, 2.736, 2.47, 1.821, 1.839, 2.46, 2.386, 2.607, 4.185, 4.735, 4.41, 4.788, 4.531, 3.881, 4.372, 4.579, 5.269, 5.738, 5.641, 6.457, 7.548, 8.072, 8.691, 8.861, 9.365, 9.525, 9.018, 9.065, 9.225, 8.269, 6.808, 5.279, 4.31, 4.39, 4.551, 5.336, 4.817, 4.162, 4.243, 3.929, 4.711, 5.884, 6.618, 7.062, 7.217, 7.251, 6.505, 5.385, 5.597, 4.853, 2.207, 1.761, 1.827], [7.326, 7.19, 5.595, 3.03, 2.517, 2.472, 1.486, 2.158, 2.356, 2.069, 1.585, 0.871, 0.0, 0.759, 1.292, 1.753, 1.766, 1.767, 1.636, 1.302, 1.321, 1.041, 1.078, 1.26, 1.388, 1.647, 1.739, 2.255, 2.847, 2.966, 2.865, 2.922, 3.275, 2.982, 2.968, 2.651, 1.832, 1.844, 2.425, 2.419, 2.63, 3.803, 4.31, 3.994, 4.321, 4.119, 3.63, 4.171, 4.215, 4.823, 5.318, 5.187, 6.03, 7.116, 7.609, 8.226, 8.481, 9.012, 9.226, 8.761, 8.795, 8.927, 8.046, 6.424, 4.915, 4.031, 4.079, 4.232, 4.961, 4.471, 3.888, 3.855, 3.553, 4.381, 5.487, 6.199, 6.605, 6.831, 6.868, 6.112, 5.09, 5.317, 4.594, 2.405, 2.046, 2.052], [7.374, 7.183, 5.606, 3.082, 2.547, 2.498, 1.231, 2.057, 2.368, 2.245, 1.666, 1.12, 0.759, 0.0, 0.879, 1.398, 1.425, 1.438, 1.364, 1.398, 1.514, 1.128, 1.003, 1.066, 1.292, 1.522, 1.785, 2.631, 3.205, 3.186, 2.992, 3.134, 3.348, 3.059, 3.011, 2.755, 2.085, 2.125, 2.356, 2.482, 2.64, 3.783, 4.242, 3.841, 4.174, 4.008, 3.499, 4.089, 4.164, 4.814, 5.317, 5.152, 5.923, 6.992, 7.536, 8.206, 8.502, 9.065, 9.292, 8.857, 8.881, 8.989, 8.12, 6.48, 5.046, 4.159, 4.173, 4.307, 4.99, 4.425, 3.892, 3.745, 3.48, 4.302, 5.371, 6.076, 6.547, 6.741, 6.801, 6.11, 5.079, 5.32, 4.588, 2.638, 2.198, 1.981], [7.41, 7.24, 5.712, 3.207, 2.313, 2.298, 0.957, 1.997, 2.365, 2.33, 1.664, 1.38, 1.292, 0.879, 0.0, 1.019, 1.059, 1.325, 1.289, 1.834, 1.927, 1.592, 1.221, 1.166, 1.464, 1.549, 1.969, 2.875, 3.437, 3.427, 3.14, 3.346, 3.367, 3.109, 3.185, 2.866, 2.073, 2.383, 2.356, 2.472, 2.571, 3.782, 4.226, 3.767, 4.079, 3.884, 3.304, 3.789, 4.026, 4.879, 5.291, 5.207, 5.895, 7.051, 7.617, 8.292, 8.676, 9.217, 9.456, 9.06, 9.048, 9.112, 8.342, 6.663, 5.426, 4.543, 4.512, 4.453, 5.125, 4.531, 4.07, 3.716, 3.498, 4.499, 5.392, 6.137, 6.509, 6.62, 6.82, 6.156, 5.207, 5.488, 4.77, 2.793, 2.291, 2.007], [7.695, 7.54, 5.885, 3.41, 2.435, 2.393, 1.192, 2.129, 2.518, 2.451, 1.854, 1.764, 1.753, 1.398, 1.019, 0.0, 0.898, 1.225, 1.487, 2.202, 2.302, 2.052, 1.746, 1.607, 1.822, 1.773, 2.266, 3.196, 3.735, 3.784, 3.43, 3.56, 3.63, 3.329, 3.462, 3.179, 2.379, 2.608, 2.479, 2.695, 2.736, 4.123, 4.371, 3.794, 4.11, 3.858, 3.242, 3.681, 4.261, 5.138, 5.535, 5.407, 6.005, 7.127, 7.778, 8.528, 8.874, 9.516, 9.759, 9.418, 9.391, 9.376, 8.754, 7.068, 5.875, 5.02, 4.95, 4.803, 5.342, 4.884, 4.467, 4.157, 3.912, 4.958, 5.716, 6.347, 6.741, 6.92, 7.063, 6.42, 5.58, 5.766, 4.982, 2.992, 2.712, 2.329], [7.968, 7.801, 6.283, 3.749, 2.444, 2.486, 1.291, 1.679, 2.101, 1.976, 1.533, 1.514, 1.766, 1.425, 1.059, 0.898, 0.0, 0.805, 1.17, 1.885, 2.142, 1.867, 1.502, 1.442, 1.567, 1.547, 1.834, 2.778, 3.279, 3.289, 3.035, 3.192, 3.307, 2.994, 3.111, 2.77, 2.105, 2.376, 2.506, 2.449, 2.699, 4.327, 4.787, 4.332, 4.604, 4.316, 3.638, 4.114, 4.668, 5.533, 5.905, 5.767, 6.37, 7.618, 8.193, 8.896, 9.258, 9.783, 10.027, 9.641, 9.631, 9.662, 8.917, 7.251, 6.018, 5.152, 5.09, 5.018, 5.625, 5.037, 4.613, 4.383, 4.152, 5.208, 5.939, 6.689, 7.024, 7.092, 7.243, 6.491, 5.692, 5.913, 5.126, 3.031, 2.497, 2.191], [8.287, 8.134, 6.746, 4.07, 2.815, 3.034, 1.722, 1.403, 1.709, 1.578, 1.264, 1.549, 1.767, 1.438, 1.325, 1.225, 0.805, 0.0, 0.9, 1.556, 1.738, 1.611, 1.37, 1.218, 1.42, 1.472, 1.651, 2.486, 2.944, 2.903, 2.724, 2.854, 3.009, 2.725, 2.688, 2.381, 2.041, 2.195, 2.366, 2.321, 2.746, 4.718, 5.265, 4.761, 5.135, 4.813, 4.17, 4.613, 5.09, 6.015, 6.386, 6.238, 6.794, 8.06, 8.695, 9.372, 9.642, 10.168, 10.327, 9.856, 9.892, 9.982, 9.091, 7.602, 6.25, 5.242, 5.313, 5.254, 5.941, 5.246, 4.733, 4.677, 4.379, 5.407, 6.299, 6.995, 7.38, 7.516, 7.516, 6.838, 5.77, 5.98, 5.227, 2.939, 2.396, 2.223], [8.302, 8.129, 6.699, 4.049, 2.686, 2.951, 1.71, 1.379, 1.564, 1.505, 1.134, 1.338, 1.636, 1.364, 1.289, 1.487, 1.17, 0.9, 0.0, 1.285, 1.646, 1.394, 1.152, 1.026, 1.283, 1.377, 1.384, 2.19, 2.651, 2.596, 2.396, 2.532, 2.621, 2.341, 2.28, 2.011, 1.751, 2.099, 2.29, 2.352, 2.666, 4.725, 5.197, 4.706, 5.076, 4.843, 4.18, 4.642, 4.97, 5.933, 6.375, 6.175, 6.861, 7.977, 8.597, 9.324, 9.627, 10.139, 10.354, 9.905, 9.914, 9.97, 9.164, 7.586, 6.161, 5.189, 5.301, 5.281, 5.971, 5.306, 4.751, 4.561, 4.333, 5.24, 6.247, 6.971, 7.421, 7.593, 7.701, 7.006, 5.93, 6.151, 5.514, 2.849, 1.946, 1.93], [7.976, 7.819, 6.346, 3.658, 2.813, 3.035, 1.929, 1.791, 1.884, 1.541, 1.297, 1.323, 1.302, 1.398, 1.834, 2.202, 1.885, 1.556, 1.285, 0.0, 0.884, 0.831, 1.036, 1.17, 1.152, 1.262, 1.421, 1.932, 2.184, 2.216, 2.185, 2.319, 2.615, 2.318, 2.266, 2.095, 1.64, 1.861, 2.509, 2.384, 2.874, 4.536, 5.045, 4.67, 5.029, 4.805, 4.2, 4.827, 4.938, 5.569, 6.069, 5.925, 6.732, 7.851, 8.331, 8.917, 9.18, 9.691, 9.885, 9.432, 9.434, 9.558, 8.709, 7.149, 5.649, 4.677, 4.806, 4.895, 5.612, 5.083, 4.602, 4.586, 4.336, 5.157, 6.208, 6.926, 7.328, 7.59, 7.628, 6.864, 5.717, 5.965, 5.224, 2.702, 2.016, 2.272], [7.87, 7.85, 6.389, 3.689, 3.099, 3.3, 2.116, 1.949, 2.045, 1.483, 1.508, 1.427, 1.321, 1.514, 1.927, 2.302, 2.142, 1.738, 1.646, 0.884, 0.0, 0.806, 1.175, 1.185, 1.19, 1.521, 1.646, 1.926, 2.33, 2.291, 2.342, 2.448, 2.77, 2.454, 2.387, 2.231, 1.974, 2.01, 2.633, 2.468, 2.984, 4.593, 5.161, 4.822, 5.183, 4.948, 4.366, 4.964, 5.089, 5.69, 6.137, 5.997, 6.862, 7.972, 8.48, 9.064, 9.282, 9.719, 9.864, 9.243, 9.326, 9.454, 8.493, 7.206, 5.702, 4.569, 4.781, 4.819, 5.61, 5.081, 4.564, 4.593, 4.36, 5.167, 6.25, 6.983, 7.42, 7.608, 7.632, 6.84, 5.66, 5.92, 5.099, 2.723, 2.405, 2.677], [7.711, 7.561, 6.101, 3.43, 2.852, 2.951, 1.745, 2.061, 2.187, 1.719, 1.451, 1.355, 1.041, 1.128, 1.592, 2.052, 1.867, 1.611, 1.394, 0.831, 0.806, 0.0, 0.79, 0.911, 1.028, 1.32, 1.445, 1.816, 2.423, 2.517, 2.297, 2.364, 2.729, 2.414, 2.448, 2.2, 1.795, 1.812, 2.39, 2.331, 2.758, 4.229, 4.743, 4.43, 4.754, 4.59, 4.009, 4.662, 4.751, 5.293, 5.816, 5.628, 6.479, 7.55, 8.027, 8.691, 8.939, 9.458, 9.668, 9.195, 9.202, 9.29, 8.472, 6.898, 5.397, 4.436, 4.558, 4.624, 5.375, 4.834, 4.308, 4.248, 4.014, 4.832, 5.899, 6.635, 7.031, 7.232, 7.324, 6.556, 5.468, 5.701, 4.969, 2.696, 2.34, 2.476], [7.839, 7.646, 6.089, 3.539, 2.725, 2.648, 1.409, 1.973, 2.204, 1.911, 1.52, 1.176, 1.078, 1.003, 1.221, 1.746, 1.502, 1.37, 1.152, 1.036, 1.175, 0.79, 0.0, 0.629, 0.887, 1.141, 1.307, 1.986, 2.591, 2.729, 2.463, 2.565, 2.767, 2.421, 2.558, 2.284, 1.613, 1.686, 2.06, 1.991, 2.445, 4.155, 4.591, 4.169, 4.496, 4.308, 3.612, 4.213, 4.362, 5.172, 5.728, 5.551, 6.331, 7.477, 7.935, 8.601, 9.008, 9.521, 9.754, 9.282, 9.295, 9.421, 8.552, 6.964, 5.433, 4.533, 4.555, 4.724, 5.484, 4.87, 4.25, 4.009, 3.678, 4.519, 5.745, 6.505, 6.86, 6.983, 7.155, 6.485, 5.496, 5.685, 4.983, 2.591, 2.223, 2.0], [7.939, 7.745, 6.231, 3.651, 2.81, 2.86, 1.549, 1.95, 2.085, 1.826, 1.487, 1.333, 1.26, 1.066, 1.166, 1.607, 1.442, 1.218, 1.026, 1.17, 1.185, 0.911, 0.629, 0.0, 0.689, 1.011, 1.313, 2.011, 2.555, 2.609, 2.375, 2.523, 2.685, 2.409, 2.364, 2.216, 1.864, 1.832, 2.081, 2.014, 2.485, 4.291, 4.772, 4.387, 4.697, 4.51, 3.876, 4.402, 4.545, 5.382, 5.923, 5.713, 6.505, 7.607, 8.097, 8.789, 9.148, 9.651, 9.884, 9.422, 9.426, 9.516, 8.702, 7.101, 5.646, 4.712, 4.777, 4.874, 5.587, 4.991, 4.411, 4.192, 3.949, 4.825, 5.905, 6.645, 7.09, 7.218, 7.331, 6.658, 5.658, 5.848, 5.164, 2.85, 2.359, 2.125], [7.989, 7.83, 6.176, 3.66, 2.825, 2.819, 1.71, 2.142, 2.202, 1.86, 1.568, 1.459, 1.388, 1.292, 1.464, 1.822, 1.567, 1.42, 1.283, 1.152, 1.19, 1.028, 0.887, 0.689, 0.0, 0.818, 1.194, 1.948, 2.449, 2.492, 2.263, 2.443, 2.748, 2.41, 2.456, 2.317, 1.751, 1.784, 2.192, 1.966, 2.581, 4.323, 4.818, 4.43, 4.776, 4.546, 3.901, 4.51, 4.643, 5.346, 5.856, 5.713, 6.555, 7.648, 8.12, 8.731, 9.102, 9.647, 9.896, 9.483, 9.468, 9.571, 8.775, 7.084, 5.658, 4.799, 4.793, 4.909, 5.598, 5.087, 4.602, 4.423, 4.141, 5.024, 6.026, 6.769, 7.168, 7.396, 7.442, 6.713, 5.777, 6.017, 5.29, 3.011, 2.627, 2.48], [8.047, 7.88, 6.149, 3.672, 2.579, 2.561, 1.705, 2.226, 2.324, 1.981, 1.769, 1.501, 1.647, 1.522, 1.549, 1.773, 1.547, 1.472, 1.377, 1.262, 1.521, 1.32, 1.141, 1.011, 0.818, 0.0, 1.148, 1.901, 2.347, 2.388, 2.325, 2.456, 2.819, 2.436, 2.451, 2.201, 1.745, 2.006, 2.258, 2.086, 2.678, 4.493, 4.837, 4.403, 4.769, 4.543, 3.886, 4.4, 4.607, 5.338, 5.884, 5.754, 6.573, 7.626, 8.138, 8.754, 9.055, 9.679, 9.942, 9.604, 9.565, 9.624, 8.928, 7.175, 5.916, 5.033, 4.998, 5.056, 5.651, 5.234, 4.809, 4.659, 4.401, 5.332, 6.203, 6.886, 7.302, 7.585, 7.674, 6.95, 5.957, 6.242, 5.495, 3.209, 2.589, 2.386], [8.178, 8.005, 6.437, 3.916, 2.454, 2.627, 2.046, 2.039, 1.953, 1.693, 1.561, 1.454, 1.739, 1.785, 1.969, 2.266, 1.834, 1.651, 1.384, 1.421, 1.646, 1.445, 1.307, 1.313, 1.194, 1.148, 0.0, 1.298, 1.861, 2.074, 1.854, 1.904, 2.27, 1.912, 2.066, 1.707, 1.216, 1.794, 2.212, 1.724, 2.511, 4.571, 5.096, 4.701, 5.053, 4.818, 4.115, 4.582, 4.889, 5.658, 6.111, 6.001, 6.823, 7.913, 8.436, 9.042, 9.366, 9.891, 10.096, 9.635, 9.668, 9.799, 8.876, 7.318, 5.822, 4.902, 4.96, 5.08, 5.814, 5.258, 4.685, 4.62, 4.323, 5.14, 6.282, 7.011, 7.433, 7.634, 7.636, 6.95, 5.909, 6.12, 5.368, 2.875, 2.228, 1.987], [8.931, 8.782, 7.256, 4.711, 3.269, 3.502, 2.949, 2.784, 2.453, 1.855, 2.039, 2.161, 2.255, 2.631, 2.875, 3.196, 2.778, 2.486, 2.19, 1.932, 1.926, 1.816, 1.986, 2.011, 1.948, 1.901, 1.298, 0.0, 1.147, 1.505, 1.334, 1.39, 1.722, 1.425, 1.514, 1.241, 1.596, 2.086, 2.833, 2.275, 3.264, 5.365, 5.885, 5.524, 5.837, 5.639, 4.915, 5.396, 5.613, 6.324, 6.958, 6.828, 7.661, 8.722, 9.198, 9.851, 10.032, 10.542, 10.833, 10.267, 10.299, 10.507, 9.537, 8.054, 6.53, 5.511, 5.607, 5.821, 6.613, 6.049, 5.346, 5.323, 4.986, 5.827, 7.045, 7.792, 8.196, 8.323, 8.443, 7.718, 6.66, 6.83, 6.051, 3.415, 2.575, 2.581], [9.572, 9.47, 7.807, 5.326, 3.918, 4.076, 3.61, 2.969, 2.594, 2.262, 2.398, 2.611, 2.847, 3.205, 3.437, 3.735, 3.279, 2.944, 2.651, 2.184, 2.33, 2.423, 2.591, 2.555, 2.449, 2.347, 1.861, 1.147, 0.0, 0.915, 1.02, 1.069, 1.337, 1.143, 1.116, 1.194, 2.159, 2.8, 3.57, 2.96, 3.955, 6.013, 6.562, 6.188, 6.519, 6.324, 5.632, 6.087, 6.309, 6.97, 7.556, 7.451, 8.315, 9.407, 9.867, 10.483, 10.668, 11.188, 11.415, 10.909, 10.955, 11.152, 10.219, 8.662, 7.049, 6.191, 6.159, 6.499, 7.269, 6.747, 6.056, 6.09, 5.761, 6.507, 7.751, 8.519, 8.888, 9.102, 9.157, 8.403, 7.359, 7.554, 6.798, 4.051, 2.811, 3.046], [9.843, 9.822, 8.195, 5.605, 4.121, 4.429, 3.712, 2.898, 2.522, 2.165, 2.288, 2.61, 2.966, 3.186, 3.427, 3.784, 3.289, 2.903, 2.596, 2.216, 2.291, 2.517, 2.729, 2.609, 2.492, 2.388, 2.074, 1.505, 0.915, 0.0, 0.965, 1.022, 1.358, 1.326, 0.933, 1.256, 2.47, 3.279, 3.991, 3.385, 4.391, 6.452, 6.993, 6.613, 6.96, 6.733, 6.08, 6.539, 6.744, 7.438, 7.949, 7.854, 8.686, 9.818, 10.287, 10.865, 11.07, 11.462, 11.706, 11.216, 11.238, 11.458, 10.504, 9.024, 7.454, 6.439, 6.519, 6.812, 7.595, 7.133, 6.477, 6.552, 6.245, 7.031, 8.17, 8.943, 9.321, 9.531, 9.585, 8.772, 7.721, 7.947, 7.184, 4.476, 3.063, 3.467], [9.903, 9.709, 8.166, 5.625, 3.996, 4.263, 3.395, 2.72, 2.45, 2.042, 2.201, 2.69, 2.865, 2.992, 3.14, 3.43, 3.035, 2.724, 2.396, 2.185, 2.342, 2.297, 2.463, 2.375, 2.263, 2.325, 1.854, 1.334, 1.02, 0.965, 0.0, 0.563, 0.789, 0.819, 0.754, 0.959, 2.275, 2.962, 3.7, 3.1, 4.105, 6.224, 6.739, 6.381, 6.734, 6.475, 5.812, 6.258, 6.523, 7.371, 7.86, 7.663, 8.469, 9.593, 10.082, 10.746, 11.089, 11.616, 11.829, 11.33, 11.383, 11.51, 10.539, 9.038, 7.464, 6.572, 6.588, 6.774, 7.524, 6.929, 6.234, 6.264, 5.915, 6.665, 7.897, 8.638, 9.06, 9.252, 9.296, 8.575, 7.546, 7.732, 7.002, 4.244, 2.964, 3.295], [9.911, 9.724, 8.203, 5.608, 4.027, 4.326, 3.485, 2.85, 2.62, 2.218, 2.323, 2.732, 2.922, 3.134, 3.346, 3.56, 3.192, 2.854, 2.532, 2.319, 2.448, 2.364, 2.565, 2.523, 2.443, 2.456, 1.904, 1.39, 1.069, 1.022, 0.563, 0.0, 0.705, 0.821, 0.841, 0.982, 2.263, 2.956, 3.654, 3.078, 4.054, 6.203, 6.727, 6.345, 6.735, 6.428, 5.804, 6.233, 6.542, 7.419, 7.907, 7.649, 8.447, 9.556, 10.116, 10.797, 11.114, 11.642, 11.845, 11.347, 11.4, 11.514, 10.554, 9.066, 7.499, 6.589, 6.639, 6.771, 7.507, 6.891, 6.178, 6.206, 5.876, 6.638, 7.867, 8.589, 9.013, 9.209, 9.226, 8.527, 7.487, 7.66, 6.955, 4.149, 2.985, 3.302], [10.267, 10.08, 8.586, 6.027, 4.37, 4.643, 3.669, 2.869, 2.733, 2.45, 2.5, 3.05, 3.275, 3.348, 3.367, 3.63, 3.307, 3.009, 2.621, 2.615, 2.77, 2.729, 2.767, 2.685, 2.748, 2.819, 2.27, 1.722, 1.337, 1.358, 0.789, 0.705, 0.0, 0.781, 0.998, 1.059, 2.514, 3.32, 3.886, 3.37, 4.442, 6.461, 6.973, 6.551, 6.938, 6.672, 5.951, 6.398, 6.858, 7.762, 8.215, 7.994, 8.714, 9.849, 10.459, 11.171, 11.548, 12.059, 12.267, 11.767, 11.82, 11.934, 10.953, 9.488, 7.919, 7.003, 7.05, 7.174, 7.908, 7.237, 6.469, 6.329, 5.995, 6.814, 8.083, 8.826, 9.236, 9.343, 9.476, 8.831, 7.801, 7.968, 7.287, 4.45, 3.148, 3.359], [9.815, 9.628, 8.128, 5.588, 3.941, 4.18, 3.292, 2.914, 2.773, 2.33, 2.375, 2.771, 2.982, 3.059, 3.109, 3.329, 2.994, 2.725, 2.341, 2.318, 2.454, 2.414, 2.421, 2.409, 2.41, 2.436, 1.912, 1.425, 1.143, 1.326, 0.819, 0.821, 0.781, 0.0, 0.792, 0.907, 2.076, 2.899, 3.361, 2.921, 3.948, 5.988, 6.504, 6.001, 6.432, 6.125, 5.416, 5.881, 6.354, 7.31, 7.746, 7.533, 8.19, 9.387, 9.986, 10.708, 11.096, 11.607, 11.821, 11.318, 11.371, 11.483, 10.522, 9.044, 7.476, 6.577, 6.619, 6.745, 7.484, 6.77, 5.986, 5.821, 5.471, 6.339, 7.512, 8.305, 8.727, 8.857, 8.977, 8.308, 7.284, 7.454, 6.851, 3.99, 2.852, 2.934], [9.934, 9.757, 8.331, 5.674, 4.067, 4.431, 3.498, 2.834, 2.524, 2.147, 2.175, 2.736, 2.968, 3.011, 3.185, 3.462, 3.111, 2.688, 2.28, 2.266, 2.387, 2.448, 2.558, 2.364, 2.456, 2.451, 2.066, 1.514, 1.116, 0.933, 0.754, 0.841, 0.998, 0.792, 0.0, 0.867, 2.418, 3.108, 3.753, 3.254, 4.186, 6.399, 6.906, 6.432, 6.774, 6.597, 5.857, 6.335, 6.57, 7.513, 8.036, 7.84, 8.59, 9.679, 10.212, 10.9, 11.191, 11.706, 11.894, 11.367, 11.405, 11.528, 10.598, 9.14, 7.636, 6.622, 6.78, 6.858, 7.63, 6.976, 6.328, 6.233, 5.959, 6.731, 7.953, 8.707, 9.168, 9.347, 9.417, 8.719, 7.575, 7.741, 7.071, 4.329, 2.877, 3.201], [9.516, 9.347, 7.943, 5.32, 3.728, 4.053, 3.089, 2.613, 2.521, 2.076, 2.14, 2.47, 2.651, 2.755, 2.866, 3.179, 2.77, 2.381, 2.011, 2.095, 2.231, 2.2, 2.284, 2.216, 2.317, 2.201, 1.707, 1.241, 1.194, 1.256, 0.959, 0.982, 1.059, 0.907, 0.867, 0.0, 1.9, 2.714, 3.254, 2.811, 3.745, 5.927, 6.427, 5.921, 6.26, 6.003, 5.363, 5.795, 6.195, 7.152, 7.546, 7.406, 8.037, 9.213, 9.826, 10.54, 10.844, 11.356, 11.556, 11.068, 11.113, 11.214, 10.271, 8.79, 7.268, 6.318, 6.402, 6.465, 7.225, 6.534, 5.788, 5.746, 5.465, 6.292, 7.484, 8.189, 8.572, 8.708, 8.8, 8.104, 7.032, 7.226, 6.572, 3.774, 2.568, 2.761], [7.989, 7.826, 6.205, 3.787, 2.472, 2.494, 2.146, 2.497, 2.417, 1.997, 1.794, 1.821, 1.832, 2.085, 2.073, 2.379, 2.105, 2.041, 1.751, 1.64, 1.974, 1.795, 1.613, 1.864, 1.751, 1.745, 1.216, 1.596, 2.159, 2.47, 2.275, 2.263, 2.514, 2.076, 2.418, 1.9, 0.0, 1.474, 1.926, 1.478, 2.309, 4.291, 4.687, 4.263, 4.608, 4.374, 3.669, 4.141, 4.519, 5.354, 5.769, 5.68, 6.412, 7.578, 8.129, 8.785, 9.209, 9.794, 10.021, 9.585, 9.609, 9.688, 8.842, 7.212, 5.716, 4.882, 4.894, 4.999, 5.685, 5.048, 4.491, 4.234, 3.923, 4.828, 5.95, 6.684, 6.985, 7.189, 7.362, 6.657, 5.657, 5.898, 5.183, 2.576, 2.063, 1.905], [7.039, 6.862, 5.378, 2.878, 2.516, 2.611, 2.288, 2.796, 2.903, 2.541, 2.219, 1.839, 1.844, 2.125, 2.383, 2.608, 2.376, 2.195, 2.099, 1.861, 2.01, 1.812, 1.686, 1.832, 1.784, 2.006, 1.794, 2.086, 2.8, 3.279, 2.962, 2.956, 3.32, 2.899, 3.108, 2.714, 1.474, 0.0, 1.05, 0.935, 1.474, 3.405, 3.935, 3.549, 3.912, 3.673, 3.014, 3.482, 3.724, 4.54, 5.053, 4.853, 5.662, 6.735, 7.268, 7.943, 8.256, 8.783, 8.981, 8.483, 8.535, 8.65, 7.693, 6.217, 4.759, 3.851, 3.843, 3.929, 4.683, 4.087, 3.456, 3.399, 3.073, 3.918, 5.072, 5.822, 6.286, 6.482, 6.53, 5.811, 4.716, 4.897, 4.158, 1.729, 1.909, 1.599], [6.623, 6.437, 4.895, 2.801, 2.827, 2.793, 2.441, 3.309, 3.523, 3.261, 2.831, 2.46, 2.425, 2.356, 2.356, 2.479, 2.506, 2.366, 2.29, 2.509, 2.633, 2.39, 2.06, 2.081, 2.192, 2.258, 2.212, 2.833, 3.57, 3.991, 3.7, 3.654, 3.886, 3.361, 3.753, 3.254, 1.926, 1.05, 0.0, 0.841, 0.949, 2.791, 3.302, 2.863, 3.292, 2.938, 2.321, 2.751, 3.13, 4.088, 4.56, 4.304, 4.995, 6.162, 6.769, 7.476, 7.832, 8.369, 8.605, 8.198, 8.204, 8.263, 7.488, 5.829, 4.625, 3.748, 3.715, 3.644, 4.266, 3.657, 3.038, 2.76, 2.483, 3.528, 4.383, 5.155, 5.64, 5.864, 5.985, 5.337, 4.251, 4.499, 3.89, 1.653, 2.331, 1.773], [7.033, 6.849, 5.287, 3.004, 2.757, 2.716, 2.443, 3.162, 3.221, 2.838, 2.607, 2.386, 2.419, 2.482, 2.472, 2.695, 2.449, 2.321, 2.352, 2.384, 2.468, 2.331, 1.991, 2.014, 1.966, 2.086, 1.724, 2.275, 2.96, 3.385, 3.1, 3.078, 3.37, 2.921, 3.254, 2.811, 1.478, 0.935, 0.841, 0.0, 1.192, 3.231, 3.729, 3.373, 3.764, 3.491, 2.855, 3.295, 3.557, 4.424, 4.928, 4.683, 5.471, 6.63, 7.166, 7.838, 8.254, 8.764, 8.986, 8.536, 8.559, 8.659, 7.809, 6.212, 4.83, 3.98, 3.961, 3.959, 4.658, 4.015, 3.507, 3.265, 2.947, 3.893, 4.892, 5.696, 6.091, 6.29, 6.414, 5.719, 4.709, 4.903, 4.216, 1.945, 2.411, 1.854], [6.025, 5.837, 4.354, 2.572, 2.868, 2.85, 2.492, 3.494, 3.731, 3.594, 3.069, 2.607, 2.63, 2.64, 2.571, 2.736, 2.699, 2.746, 2.666, 2.874, 2.984, 2.758, 2.445, 2.485, 2.581, 2.678, 2.511, 3.264, 3.955, 4.391, 4.105, 4.054, 4.442, 3.948, 4.186, 3.745, 2.309, 1.474, 0.949, 1.192, 0.0, 2.328, 2.865, 2.446, 2.837, 2.589, 2.109, 2.389, 2.581, 3.547, 4.053, 3.785, 4.527, 5.668, 6.233, 6.93, 7.257, 7.747, 7.964, 7.522, 7.534, 7.637, 6.829, 5.216, 3.89, 3.022, 2.948, 2.975, 3.673, 3.024, 2.443, 2.257, 2.004, 2.966, 3.902, 4.681, 5.209, 5.385, 5.432, 4.755, 3.685, 3.898, 3.219, 1.699, 2.6, 2.095], [3.934, 3.763, 2.891, 2.508, 3.574, 3.467, 3.419, 5.315, 5.792, 5.651, 5.108, 4.185, 3.803, 3.783, 3.782, 4.123, 4.327, 4.718, 4.725, 4.536, 4.593, 4.229, 4.155, 4.291, 4.323, 4.493, 4.571, 5.365, 6.013, 6.452, 6.224, 6.203, 6.461, 5.988, 6.399, 5.927, 4.291, 3.405, 2.791, 3.231, 2.328, 0.0, 1.038, 1.467, 1.622, 1.667, 1.812, 1.931, 1.734, 1.476, 1.971, 1.671, 2.431, 3.693, 4.238, 4.862, 5.227, 5.732, 5.952, 5.595, 5.576, 5.643, 4.957, 3.358, 2.196, 1.844, 1.605, 1.255, 1.757, 1.334, 1.16, 1.205, 1.224, 1.366, 2.032, 2.882, 3.471, 3.531, 3.672, 3.012, 2.188, 2.236, 1.685, 2.7, 4.111, 3.437], [3.807, 3.598, 2.571, 2.342, 3.752, 3.33, 3.834, 5.9, 6.377, 6.249, 5.679, 4.735, 4.31, 4.242, 4.226, 4.371, 4.787, 5.265, 5.197, 5.045, 5.161, 4.743, 4.591, 4.772, 4.818, 4.837, 5.096, 5.885, 6.562, 6.993, 6.739, 6.727, 6.973, 6.504, 6.906, 6.427, 4.687, 3.935, 3.302, 3.729, 2.865, 1.038, 0.0, 1.037, 1.275, 1.275, 1.833, 1.753, 1.451, 1.304, 1.764, 1.4, 2.21, 3.236, 3.785, 4.485, 5.099, 5.65, 5.836, 5.714, 5.551, 5.591, 5.176, 3.706, 2.568, 2.442, 2.186, 1.837, 1.983, 1.831, 1.516, 1.34, 1.483, 1.67, 2.245, 3.121, 3.609, 3.713, 3.971, 3.379, 2.673, 2.648, 2.039, 3.28, 4.668, 3.924], [4.616, 4.412, 2.91, 2.385, 3.822, 3.38, 3.355, 5.532, 6.018, 5.911, 5.302, 4.41, 3.994, 3.841, 3.767, 3.794, 4.332, 4.761, 4.706, 4.67, 4.822, 4.43, 4.169, 4.387, 4.43, 4.403, 4.701, 5.524, 6.188, 6.613, 6.381, 6.345, 6.551, 6.001, 6.432, 5.921, 4.263, 3.549, 2.863, 3.373, 2.446, 1.467, 1.037, 0.0, 1.024, 1.045, 1.358, 1.439, 1.545, 1.854, 2.261, 2.098, 2.843, 3.887, 4.489, 5.249, 5.866, 6.453, 6.63, 6.477, 6.361, 6.379, 5.88, 4.247, 3.164, 2.598, 2.348, 2.177, 2.607, 2.207, 1.745, 1.293, 1.225, 1.929, 2.722, 3.54, 3.967, 4.163, 4.437, 3.864, 2.947, 2.993, 2.295, 2.863, 4.265, 3.434], [4.291, 4.082, 2.555, 2.127, 3.596, 3.131, 3.557, 5.943, 6.359, 6.243, 5.646, 4.788, 4.321, 4.174, 4.079, 4.11, 4.604, 5.135, 5.076, 5.029, 5.183, 4.754, 4.496, 4.697, 4.776, 4.769, 5.053, 5.837, 6.519, 6.96, 6.734, 6.735, 6.938, 6.432, 6.774, 6.26, 4.608, 3.912, 3.292, 3.764, 2.837, 1.622, 1.275, 1.024, 0.0, 0.831, 1.471, 1.373, 1.418, 1.737, 2.179, 1.93, 2.736, 3.7, 4.228, 4.912, 5.611, 6.158, 6.29, 6.225, 6.031, 6.099, 5.63, 4.262, 3.043, 2.558, 2.271, 2.008, 2.307, 2.142, 1.849, 1.693, 1.537, 1.842, 2.627, 3.535, 3.981, 3.999, 4.264, 3.684, 2.976, 2.925, 2.336, 3.287, 4.721, 3.903], [4.456, 4.252, 2.728, 1.983, 3.36, 2.923, 3.367, 5.642, 6.134, 6.014, 5.42, 4.531, 4.119, 4.008, 3.884, 3.858, 4.316, 4.813, 4.843, 4.805, 4.948, 4.59, 4.308, 4.51, 4.546, 4.543, 4.818, 5.639, 6.324, 6.733, 6.475, 6.428, 6.672, 6.125, 6.597, 6.003, 4.374, 3.673, 2.938, 3.491, 2.589, 1.667, 1.275, 1.045, 0.831, 0.0, 1.205, 1.144, 1.283, 1.937, 2.378, 2.133, 2.743, 3.818, 4.384, 5.077, 5.725, 6.28, 6.467, 6.337, 6.183, 6.208, 5.742, 4.361, 3.151, 2.659, 2.376, 2.103, 2.36, 2.102, 1.781, 1.547, 1.487, 2.119, 2.595, 3.437, 3.847, 3.929, 4.18, 3.628, 2.86, 2.861, 2.269, 2.931, 4.354, 3.592], [5.312, 5.139, 3.452, 2.274, 3.11, 2.674, 2.788, 5.005, 5.48, 5.376, 4.761, 3.881, 3.63, 3.499, 3.304, 3.242, 3.638, 4.17, 4.18, 4.2, 4.366, 4.009, 3.612, 3.876, 3.901, 3.886, 4.115, 4.915, 5.632, 6.08, 5.812, 5.804, 5.951, 5.416, 5.857, 5.363, 3.669, 3.014, 2.321, 2.855, 2.109, 1.812, 1.833, 1.358, 1.471, 1.205, 0.0, 0.866, 1.707, 2.546, 3.015, 2.804, 3.517, 4.699, 5.278, 5.995, 6.514, 7.142, 7.384, 7.099, 7.059, 7.025, 6.409, 4.866, 3.673, 2.998, 2.796, 2.602, 3.121, 2.607, 2.142, 1.887, 1.515, 2.341, 3.177, 4.055, 4.405, 4.507, 4.79, 4.185, 3.439, 3.403, 2.804, 2.262, 3.708, 2.909], [4.911, 4.732, 3.242, 2.462, 3.06, 2.641, 3.281, 5.457, 5.922, 5.819, 5.217, 4.372, 4.171, 4.089, 3.789, 3.681, 4.114, 4.613, 4.642, 4.827, 4.964, 4.662, 4.213, 4.402, 4.51, 4.4, 4.582, 5.396, 6.087, 6.539, 6.258, 6.233, 6.398, 5.881, 6.335, 5.795, 4.141, 3.482, 2.751, 3.295, 2.389, 1.931, 1.753, 1.439, 1.373, 1.144, 0.866, 0.0, 1.203, 2.382, 2.864, 2.6, 3.259, 4.475, 5.005, 5.635, 6.137, 6.737, 6.983, 6.718, 6.644, 6.654, 6.169, 4.887, 3.657, 3.071, 2.795, 2.469, 2.802, 2.602, 2.147, 1.929, 1.661, 2.426, 3.069, 3.926, 4.325, 4.371, 4.663, 4.177, 3.438, 3.343, 2.844, 2.653, 4.109, 3.356], [4.035, 3.799, 2.372, 2.163, 3.092, 2.642, 3.667, 5.791, 6.111, 5.972, 5.395, 4.579, 4.215, 4.164, 4.026, 4.261, 4.668, 5.09, 4.97, 4.938, 5.089, 4.751, 4.362, 4.545, 4.643, 4.607, 4.889, 5.613, 6.309, 6.744, 6.523, 6.542, 6.858, 6.354, 6.57, 6.195, 4.519, 3.724, 3.13, 3.557, 2.581, 1.734, 1.451, 1.545, 1.418, 1.283, 1.707, 1.203, 0.0, 1.663, 2.375, 1.982, 2.681, 3.653, 4.03, 4.601, 5.144, 5.697, 5.92, 5.795, 5.58, 5.683, 5.294, 3.987, 2.745, 2.295, 2.044, 1.813, 2.043, 1.949, 1.905, 1.674, 1.726, 2.168, 2.529, 3.446, 3.97, 4.098, 4.241, 3.784, 3.071, 2.912, 2.469, 3.17, 4.422, 3.751], [3.177, 2.997, 2.233, 2.615, 4.183, 3.676, 4.468, 6.635, 6.93, 6.79, 6.212, 5.269, 4.823, 4.814, 4.879, 5.138, 5.533, 6.015, 5.933, 5.569, 5.69, 5.293, 5.172, 5.382, 5.346, 5.338, 5.658, 6.324, 6.97, 7.438, 7.371, 7.419, 7.762, 7.31, 7.513, 7.152, 5.354, 4.54, 4.088, 4.424, 3.547, 1.476, 1.304, 1.854, 1.737, 1.937, 2.546, 2.382, 1.663, 0.0, 1.134, 0.911, 1.738, 2.817, 3.173, 3.745, 4.117, 4.698, 4.975, 4.746, 4.636, 4.755, 4.332, 2.833, 1.849, 1.902, 1.596, 1.47, 1.667, 1.842, 1.953, 1.93, 2.187, 1.597, 1.842, 2.66, 3.193, 3.263, 3.476, 2.992, 2.435, 2.276, 1.787, 4.077, 5.416, 4.719], [2.723, 2.598, 2.194, 3.104, 4.745, 4.366, 4.89, 7.014, 7.438, 7.287, 6.729, 5.738, 5.318, 5.317, 5.291, 5.535, 5.905, 6.386, 6.375, 6.069, 6.137, 5.816, 5.728, 5.923, 5.856, 5.884, 6.111, 6.958, 7.556, 7.949, 7.86, 7.907, 8.215, 7.746, 8.036, 7.546, 5.769, 5.053, 4.56, 4.928, 4.053, 1.971, 1.764, 2.261, 2.179, 2.378, 3.015, 2.864, 2.375, 1.134, 0.0, 0.697, 1.156, 2.327, 2.814, 3.332, 3.789, 4.336, 4.565, 4.319, 4.209, 4.304, 3.802, 2.368, 1.832, 2.264, 2.121, 1.971, 2.033, 2.348, 2.331, 2.199, 2.581, 1.857, 1.557, 2.215, 2.678, 2.753, 3.006, 2.637, 2.234, 2.145, 1.824, 4.429, 5.9, 5.197], [2.897, 2.7, 2.142, 2.833, 4.412, 4.061, 4.783, 6.82, 7.242, 7.084, 6.571, 5.641, 5.187, 5.152, 5.207, 5.407, 5.767, 6.238, 6.175, 5.925, 5.997, 5.628, 5.551, 5.713, 5.713, 5.754, 6.001, 6.828, 7.451, 7.854, 7.663, 7.649, 7.994, 7.533, 7.84, 7.406, 5.68, 4.853, 4.304, 4.683, 3.785, 1.671, 1.4, 2.098, 1.93, 2.133, 2.804, 2.6, 1.982, 0.911, 0.697, 0.0, 1.315, 2.457, 2.898, 3.487, 4.002, 4.542, 4.738, 4.535, 4.403, 4.463, 4.036, 2.637, 1.906, 2.134, 1.981, 1.71, 1.691, 2.069, 2.054, 2.084, 2.408, 1.653, 1.595, 2.372, 2.889, 2.964, 3.167, 2.718, 2.127, 2.076, 1.753, 4.265, 5.633, 4.952], [2.375, 2.12, 2.386, 3.685, 5.297, 4.989, 5.54, 7.587, 8.078, 7.958, 7.36, 6.457, 6.03, 5.923, 5.895, 6.005, 6.37, 6.794, 6.861, 6.732, 6.862, 6.479, 6.331, 6.505, 6.555, 6.573, 6.823, 7.661, 8.315, 8.686, 8.469, 8.447, 8.714, 8.19, 8.59, 8.037, 6.412, 5.662, 4.995, 5.471, 4.527, 2.431, 2.21, 2.843, 2.736, 2.743, 3.517, 3.259, 2.681, 1.738, 1.156, 1.315, 0.0, 1.68, 2.173, 2.801, 3.297, 3.847, 4.08, 3.79, 3.704, 3.744, 3.271, 1.976, 2.001, 2.746, 2.659, 2.42, 2.146, 2.378, 2.629, 2.594, 3.045, 2.251, 1.15, 1.432, 1.91, 2.062, 2.259, 1.893, 2.071, 1.734, 2.168, 4.848, 6.35, 5.626], [1.703, 1.7, 2.52, 4.586, 6.095, 5.854, 6.599, 8.724, 9.195, 9.083, 8.459, 7.548, 7.116, 6.992, 7.051, 7.127, 7.618, 8.06, 7.977, 7.851, 7.972, 7.55, 7.477, 7.607, 7.648, 7.626, 7.913, 8.722, 9.407, 9.818, 9.593, 9.556, 9.849, 9.387, 9.679, 9.213, 7.578, 6.735, 6.162, 6.63, 5.668, 3.693, 3.236, 3.887, 3.7, 3.818, 4.699, 4.475, 3.653, 2.817, 2.327, 2.457, 1.68, 0.0, 0.876, 1.579, 2.158, 2.659, 2.789, 2.774, 2.567, 2.623, 2.412, 1.254, 2.696, 3.682, 3.6, 3.386, 2.928, 3.334, 3.863, 3.845, 4.298, 3.461, 2.155, 1.526, 1.573, 1.642, 1.712, 2.169, 2.921, 2.746, 3.41, 6.117, 7.55, 6.824], [1.805, 1.883, 2.942, 4.998, 6.593, 6.246, 7.181, 9.341, 9.671, 9.556, 8.955, 8.072, 7.609, 7.536, 7.617, 7.778, 8.193, 8.695, 8.597, 8.331, 8.48, 8.027, 7.935, 8.097, 8.12, 8.138, 8.436, 9.198, 9.867, 10.287, 10.082, 10.116, 10.459, 9.986, 10.212, 9.826, 8.129, 7.268, 6.769, 7.166, 6.233, 4.238, 3.785, 4.489, 4.228, 4.384, 5.278, 5.005, 4.03, 3.173, 2.814, 2.898, 2.173, 0.876, 0.0, 0.97, 1.662, 2.046, 2.223, 2.141, 2.004, 2.008, 2.061, 1.416, 3.012, 4.152, 4.039, 3.832, 3.365, 3.841, 4.481, 4.434, 4.896, 3.978, 2.645, 2.056, 1.967, 1.95, 1.858, 2.539, 3.539, 3.304, 4.042, 6.756, 8.099, 7.399], [1.851, 1.889, 3.218, 5.598, 7.11, 6.778, 7.863, 9.96, 10.277, 10.164, 9.575, 8.691, 8.226, 8.206, 8.292, 8.528, 8.896, 9.372, 9.324, 8.917, 9.064, 8.691, 8.601, 8.789, 8.731, 8.754, 9.042, 9.851, 10.483, 10.865, 10.746, 10.797, 11.171, 10.708, 10.9, 10.54, 8.785, 7.943, 7.476, 7.838, 6.93, 4.862, 4.485, 5.249, 4.912, 5.077, 5.995, 5.635, 4.601, 3.745, 3.332, 3.487, 2.801, 1.579, 0.97, 0.0, 1.02, 1.337, 1.452, 1.531, 1.55, 1.481, 1.473, 1.981, 3.515, 4.704, 4.582, 4.373, 3.684, 4.299, 5.112, 5.132, 5.583, 4.661, 3.312, 2.764, 2.62, 2.635, 2.27, 2.898, 4.154, 3.771, 4.68, 7.402, 8.794, 8.12], [2.076, 2.229, 3.728, 5.9, 7.431, 7.234, 8.251, 10.225, 10.513, 10.376, 9.808, 8.861, 8.481, 8.502, 8.676, 8.874, 9.258, 9.642, 9.627, 9.18, 9.282, 8.939, 9.008, 9.148, 9.102, 9.055, 9.366, 10.032, 10.668, 11.07, 11.089, 11.114, 11.548, 11.096, 11.191, 10.844, 9.209, 8.256, 7.832, 8.254, 7.257, 5.227, 5.099, 5.866, 5.611, 5.725, 6.514, 6.137, 5.144, 4.117, 3.789, 4.002, 3.297, 2.158, 1.662, 1.02, 0.0, 0.815, 1.151, 1.202, 1.312, 1.215, 1.307, 2.201, 3.71, 4.832, 4.713, 4.577, 3.907, 4.538, 5.402, 5.506, 6.004, 5.084, 3.671, 3.084, 3.016, 3.034, 2.62, 3.242, 4.407, 4.021, 4.921, 7.655, 9.127, 8.486], [2.244, 2.327, 4.092, 6.381, 7.796, 7.781, 8.751, 10.697, 10.936, 10.796, 10.295, 9.365, 9.012, 9.065, 9.217, 9.516, 9.783, 10.168, 10.139, 9.691, 9.719, 9.458, 9.521, 9.651, 9.647, 9.679, 9.891, 10.542, 11.188, 11.462, 11.616, 11.642, 12.059, 11.607, 11.706, 11.356, 9.794, 8.783, 8.369, 8.764, 7.747, 5.732, 5.65, 6.453, 6.158, 6.28, 7.142, 6.737, 5.697, 4.698, 4.336, 4.542, 3.847, 2.659, 2.046, 1.337, 0.815, 0.0, 0.71, 1.128, 1.165, 0.848, 1.558, 2.627, 4.193, 5.198, 5.119, 5.021, 4.295, 5.035, 5.869, 5.996, 6.511, 5.597, 4.201, 3.656, 3.614, 3.532, 3.129, 3.723, 4.858, 4.504, 5.363, 8.128, 9.62, 8.976], [2.306, 2.359, 4.124, 6.475, 7.976, 7.975, 8.969, 10.836, 11.093, 10.969, 10.514, 9.525, 9.226, 9.292, 9.456, 9.759, 10.027, 10.327, 10.354, 9.885, 9.864, 9.668, 9.754, 9.884, 9.896, 9.942, 10.096, 10.833, 11.415, 11.706, 11.829, 11.845, 12.267, 11.821, 11.894, 11.556, 10.021, 8.981, 8.605, 8.986, 7.964, 5.952, 5.836, 6.63, 6.29, 6.467, 7.384, 6.983, 5.92, 4.975, 4.565, 4.738, 4.08, 2.789, 2.223, 1.452, 1.151, 0.71, 0.0, 0.989, 1.026, 0.935, 1.711, 2.844, 4.445, 5.435, 5.312, 5.164, 4.461, 5.185, 6.078, 6.214, 6.728, 5.814, 4.437, 3.896, 3.865, 3.749, 3.347, 3.936, 4.99, 4.663, 5.495, 8.284, 9.815, 9.184], [2.114, 2.431, 4.182, 6.248, 7.78, 7.83, 8.656, 10.158, 10.402, 10.276, 9.97, 9.018, 8.761, 8.857, 9.06, 9.418, 9.641, 9.856, 9.905, 9.432, 9.243, 9.195, 9.282, 9.422, 9.483, 9.604, 9.635, 10.267, 10.909, 11.216, 11.33, 11.347, 11.767, 11.318, 11.367, 11.068, 9.585, 8.483, 8.198, 8.536, 7.522, 5.595, 5.714, 6.477, 6.225, 6.337, 7.099, 6.718, 5.795, 4.746, 4.319, 4.535, 3.79, 2.774, 2.141, 1.531, 1.202, 1.128, 0.989, 0.0, 0.787, 0.939, 1.236, 2.485, 3.979, 4.861, 4.806, 4.657, 4.19, 4.653, 5.499, 5.76, 6.238, 5.319, 4.023, 3.499, 3.51, 3.327, 2.884, 3.47, 4.395, 4.052, 4.783, 7.632, 9.177, 8.658], [1.935, 2.195, 3.949, 6.106, 7.633, 7.696, 8.615, 10.261, 10.489, 10.351, 9.984, 9.065, 8.795, 8.881, 9.048, 9.391, 9.631, 9.892, 9.914, 9.434, 9.326, 9.202, 9.295, 9.426, 9.468, 9.565, 9.668, 10.299, 10.955, 11.238, 11.383, 11.4, 11.82, 11.371, 11.405, 11.113, 9.609, 8.535, 8.204, 8.559, 7.534, 5.576, 5.551, 6.361, 6.031, 6.183, 7.059, 6.644, 5.58, 4.636, 4.209, 4.403, 3.704, 2.567, 2.004, 1.55, 1.312, 1.165, 1.026, 0.787, 0.0, 0.828, 1.417, 2.465, 4.008, 4.88, 4.865, 4.669, 4.084, 4.679, 5.568, 5.764, 6.282, 5.369, 4.029, 3.491, 3.5, 3.322, 2.907, 3.543, 4.439, 4.13, 4.894, 7.732, 9.271, 8.714], [2.033, 2.234, 4.052, 6.138, 7.7, 7.786, 8.648, 10.345, 10.608, 10.474, 10.12, 9.225, 8.927, 8.989, 9.112, 9.376, 9.662, 9.982, 9.97, 9.558, 9.454, 9.29, 9.421, 9.516, 9.571, 9.624, 9.799, 10.507, 11.152, 11.458, 11.51, 11.514, 11.934, 11.483, 11.528, 11.214, 9.688, 8.65, 8.263, 8.659, 7.637, 5.643, 5.591, 6.379, 6.099, 6.208, 7.025, 6.654, 5.683, 4.755, 4.304, 4.463, 3.744, 2.623, 2.008, 1.481, 1.215, 0.848, 0.935, 0.939, 0.828, 0.0, 1.46, 2.599, 4.189, 5.114, 5.116, 4.775, 4.107, 4.747, 5.67, 5.851, 6.385, 5.469, 4.097, 3.54, 3.5, 3.406, 3.008, 3.583, 4.527, 4.216, 4.986, 7.836, 9.377, 8.831], [1.676, 1.968, 3.703, 5.726, 7.22, 7.327, 7.989, 9.375, 9.669, 9.555, 9.199, 8.269, 8.046, 8.12, 8.342, 8.754, 8.917, 9.091, 9.164, 8.709, 8.493, 8.472, 8.552, 8.702, 8.775, 8.928, 8.876, 9.537, 10.219, 10.504, 10.539, 10.554, 10.953, 10.522, 10.598, 10.271, 8.842, 7.693, 7.488, 7.809, 6.829, 4.957, 5.176, 5.88, 5.63, 5.742, 6.409, 6.169, 5.294, 4.332, 3.802, 4.036, 3.271, 2.412, 2.061, 1.473, 1.307, 1.558, 1.711, 1.236, 1.417, 1.46, 0.0, 2.024, 3.311, 4.144, 4.187, 4.024, 3.654, 3.938, 4.706, 5.076, 5.494, 4.53, 3.307, 2.893, 2.979, 2.726, 2.239, 2.733, 3.664, 3.298, 4.081, 6.857, 8.396, 7.853], [1.918, 2.07, 2.825, 4.515, 6.064, 6.007, 6.359, 8.151, 8.435, 8.307, 7.766, 6.808, 6.424, 6.48, 6.663, 7.068, 7.251, 7.602, 7.586, 7.149, 7.206, 6.898, 6.964, 7.101, 7.084, 7.175, 7.318, 8.054, 8.662, 9.024, 9.038, 9.066, 9.488, 9.044, 9.14, 8.79, 7.212, 6.217, 5.829, 6.212, 5.216, 3.358, 3.706, 4.247, 4.262, 4.361, 4.866, 4.887, 3.987, 2.833, 2.368, 2.637, 1.976, 1.254, 1.416, 1.981, 2.201, 2.627, 2.844, 2.485, 2.465, 2.599, 2.024, 0.0, 1.999, 2.845, 2.808, 2.896, 2.78, 2.969, 3.41, 3.503, 4.005, 3.178, 1.941, 1.404, 1.541, 1.575, 1.608, 1.815, 2.42, 2.367, 3.007, 5.585, 7.063, 6.427], [2.608, 2.556, 2.143, 3.275, 4.733, 4.677, 5.133, 6.607, 6.886, 6.767, 6.22, 5.279, 4.915, 5.046, 5.426, 5.875, 6.018, 6.25, 6.161, 5.649, 5.702, 5.397, 5.433, 5.646, 5.658, 5.916, 5.822, 6.53, 7.049, 7.454, 7.464, 7.499, 7.919, 7.476, 7.636, 7.268, 5.716, 4.759, 4.625, 4.83, 3.89, 2.196, 2.568, 3.164, 3.043, 3.151, 3.673, 3.657, 2.745, 1.849, 1.832, 1.906, 2.001, 2.696, 3.012, 3.515, 3.71, 4.193, 4.445, 3.979, 4.008, 4.189, 3.311, 1.999, 0.0, 1.34, 1.325, 1.572, 1.729, 1.618, 2.023, 2.293, 2.63, 1.627, 1.411, 1.857, 2.351, 2.459, 2.408, 1.752, 1.442, 1.266, 1.84, 4.094, 5.541, 5.0], [3.514, 3.504, 2.367, 2.532, 3.939, 4.03, 4.23, 5.533, 5.762, 5.616, 5.162, 4.31, 4.031, 4.159, 4.543, 5.02, 5.152, 5.242, 5.189, 4.677, 4.569, 4.436, 4.533, 4.712, 4.799, 5.033, 4.902, 5.511, 6.191, 6.439, 6.572, 6.589, 7.003, 6.577, 6.622, 6.318, 4.882, 3.851, 3.748, 3.98, 3.022, 1.844, 2.442, 2.598, 2.558, 2.659, 2.998, 3.071, 2.295, 1.902, 2.264, 2.134, 2.746, 3.682, 4.152, 4.704, 4.832, 5.198, 5.435, 4.861, 4.88, 5.114, 4.144, 2.845, 1.34, 0.0, 0.723, 1.105, 1.744, 1.587, 1.476, 1.847, 1.925, 1.605, 2.139, 2.79, 3.3, 3.473, 3.514, 2.702, 1.708, 1.694, 1.375, 3.029, 4.59, 4.094], [3.482, 3.498, 2.246, 2.473, 3.808, 3.763, 4.187, 5.712, 5.954, 5.802, 5.345, 4.39, 4.079, 4.173, 4.512, 4.95, 5.09, 5.313, 5.301, 4.806, 4.781, 4.558, 4.555, 4.777, 4.793, 4.998, 4.96, 5.607, 6.159, 6.519, 6.588, 6.639, 7.05, 6.619, 6.78, 6.402, 4.894, 3.843, 3.715, 3.961, 2.948, 1.605, 2.186, 2.348, 2.271, 2.376, 2.796, 2.795, 2.044, 1.596, 2.121, 1.981, 2.659, 3.6, 4.039, 4.582, 4.713, 5.119, 5.312, 4.806, 4.865, 5.116, 4.187, 2.808, 1.325, 0.723, 0.0, 0.901, 1.651, 1.487, 1.389, 1.828, 1.795, 1.57, 2.025, 2.768, 3.342, 3.407, 3.401, 2.684, 1.91, 1.787, 1.331, 3.179, 4.699, 4.1], [3.17, 3.111, 2.286, 2.19, 3.445, 3.553, 4.061, 5.693, 6.052, 5.902, 5.452, 4.551, 4.232, 4.30