[[0.0, 0.655, 1.309, 1.565, 1.789, 2.316, 2.517, 2.613, 2.813, 2.759, 3.209, 3.097, 2.877, 2.947, 2.873, 3.223, 3.219, 2.912, 3.584, 3.235, 3.183, 2.977, 2.857, 2.499, 2.26, 2.442, 2.218, 2.01, 2.151, 2.754, 3.702, 4.259, 4.719, 4.721, 4.23, 4.444, 6.623, 5.197, 4.299, 4.432, 4.319, 3.375, 2.384, 3.017, 3.53, 3.229, 3.276, 3.572, 3.742, 2.98, 2.509, 2.142, 1.723, 1.456, 1.534, 1.378, 1.292, 1.378, 1.148, 1.207, 1.293, 1.04, 1.296, 1.6, 1.963, 2.473, 2.365, 2.214, 3.066, 3.213, 2.785, 3.64, 4.975, 5.697, 6.908, 7.635, 7.956, 9.538, 8.799, 7.917, 7.9, 7.068, 5.648, 5.251, 5.282, 5.329], [0.655, 0.0, 0.915, 1.533, 1.677, 2.23, 2.493, 2.624, 2.756, 2.731, 3.251, 3.193, 2.92, 2.906, 2.959, 3.365, 3.367, 3.009, 3.295, 2.912, 2.908, 2.841, 2.766, 2.467, 2.223, 2.46, 2.203, 1.959, 1.971, 2.259, 3.243, 3.811, 4.207, 4.209, 3.709, 3.92, 6.106, 4.635, 3.754, 3.873, 3.978, 3.018, 2.384, 3.282, 3.922, 3.704, 3.706, 4.05, 4.194, 3.282, 2.728, 2.51, 1.961, 1.654, 1.757, 1.546, 1.163, 1.174, 1.196, 1.333, 1.365, 1.103, 1.404, 1.681, 1.897, 2.297, 2.256, 2.08, 2.735, 2.886, 2.299, 3.113, 4.402, 5.154, 6.354, 7.117, 7.439, 9.017, 8.234, 7.36, 7.361, 6.513, 5.107, 4.696, 4.754, 4.956], [1.309, 0.915, 0.0, 1.212, 1.519, 2.152, 2.504, 2.627, 2.654, 2.56, 3.013, 2.943, 2.643, 2.652, 2.793, 3.151, 3.176, 2.962, 3.082, 2.875, 2.877, 2.731, 2.582, 2.399, 2.077, 2.539, 2.171, 1.884, 1.702, 2.126, 3.088, 3.509, 3.717, 3.822, 3.403, 3.649, 5.739, 4.425, 3.504, 3.516, 3.441, 2.56, 1.93, 3.594, 4.362, 4.188, 4.19, 4.528, 4.637, 3.67, 3.122, 2.956, 2.259, 1.97, 1.907, 1.604, 1.05, 0.955, 1.29, 1.502, 1.313, 1.142, 1.568, 1.691, 2.055, 2.546, 2.464, 2.233, 2.818, 2.831, 2.193, 2.678, 4.075, 4.82, 6.066, 6.674, 7.056, 8.751, 7.927, 7.114, 7.037, 6.274, 4.901, 4.442, 4.569, 4.664], [1.565, 1.533, 1.212, 0.0, 1.078, 1.541, 1.66, 1.852, 2.017, 1.969, 2.357, 2.449, 2.106, 2.01, 2.016, 2.363, 2.41, 2.229, 2.942, 2.83, 2.673, 2.147, 1.951, 1.981, 1.959, 2.524, 2.032, 1.613, 1.251, 2.065, 3.077, 3.529, 3.917, 4.008, 3.564, 3.831, 5.895, 4.642, 3.716, 3.752, 3.742, 2.704, 1.718, 3.474, 4.22, 3.982, 4.01, 4.356, 4.567, 3.733, 3.173, 2.837, 2.27, 1.908, 1.956, 1.801, 1.535, 1.382, 1.366, 1.652, 1.535, 1.14, 1.319, 1.364, 1.952, 2.522, 2.441, 2.232, 2.776, 2.7, 2.326, 3.041, 4.377, 5.058, 6.267, 6.895, 7.258, 8.928, 8.156, 7.33, 7.219, 6.464, 5.044, 4.617, 4.775, 4.757], [1.789, 1.677, 1.519, 1.078, 0.0, 0.801, 1.258, 1.276, 1.294, 1.415, 2.124, 2.374, 1.93, 1.521, 1.645, 2.089, 2.208, 1.796, 2.319, 2.254, 2.214, 1.542, 1.581, 1.608, 2.127, 2.557, 2.113, 1.766, 1.537, 1.877, 2.861, 3.327, 3.793, 3.888, 3.312, 3.406, 5.562, 4.382, 3.51, 3.588, 3.568, 2.68, 1.799, 3.525, 4.388, 4.175, 4.179, 4.507, 4.721, 3.794, 3.195, 3.005, 2.347, 1.96, 2.036, 1.895, 1.579, 1.316, 1.577, 1.896, 1.903, 1.465, 1.364, 1.401, 1.839, 2.495, 2.44, 2.248, 2.936, 2.871, 2.385, 3.046, 4.291, 4.878, 6.135, 6.763, 7.063, 8.632, 7.882, 7.011, 6.903, 6.145, 4.802, 4.364, 4.373, 4.418], [2.316, 2.23, 2.152, 1.541, 0.801, 0.0, 0.792, 0.869, 0.935, 1.108, 1.907, 2.222, 1.712, 1.242, 1.408, 1.833, 2.018, 1.567, 2.324, 2.355, 2.293, 1.268, 1.294, 1.491, 2.054, 2.402, 2.119, 1.943, 1.827, 2.165, 3.172, 3.695, 4.18, 4.105, 3.456, 3.559, 5.713, 4.573, 3.753, 3.821, 3.827, 2.951, 1.787, 3.397, 4.247, 4.06, 4.087, 4.39, 4.599, 3.644, 3.046, 2.922, 2.367, 1.992, 2.035, 1.973, 1.885, 1.754, 1.953, 2.297, 2.439, 1.854, 1.717, 1.655, 2.206, 2.911, 2.852, 2.666, 3.374, 3.359, 2.795, 3.414, 4.594, 5.078, 6.419, 7.044, 7.31, 8.742, 7.995, 7.171, 7.115, 6.324, 5.034, 4.616, 4.572, 4.668], [2.517, 2.493, 2.504, 1.66, 1.258, 0.792, 0.0, 0.683, 0.979, 1.318, 1.859, 2.188, 1.649, 1.167, 1.074, 1.619, 1.856, 1.391, 2.452, 2.533, 2.439, 1.469, 1.212, 1.567, 1.941, 2.434, 2.262, 1.977, 1.998, 2.262, 3.145, 3.78, 4.353, 4.382, 3.715, 3.792, 5.957, 4.636, 3.868, 3.967, 4.029, 3.2, 2.21, 3.365, 4.088, 3.874, 3.891, 4.243, 4.449, 3.61, 3.058, 2.949, 2.603, 2.281, 2.263, 2.27, 2.335, 2.222, 2.161, 2.59, 2.629, 1.995, 1.871, 1.869, 2.288, 2.924, 2.849, 2.707, 3.393, 3.384, 2.937, 3.621, 4.788, 5.303, 6.525, 7.266, 7.516, 8.954, 8.139, 7.25, 7.287, 6.406, 5.08, 4.713, 4.724, 4.799], [2.613, 2.624, 2.627, 1.852, 1.276, 0.869, 0.683, 0.0, 0.806, 1.032, 1.65, 2.016, 1.422, 0.921, 1.131, 1.58, 1.753, 1.419, 2.292, 2.433, 2.416, 1.332, 1.11, 1.509, 2.126, 2.473, 2.351, 2.001, 2.029, 2.37, 3.191, 3.802, 4.321, 4.327, 3.659, 3.755, 5.886, 4.708, 3.932, 4.001, 3.951, 3.108, 1.999, 3.267, 4.062, 3.864, 3.901, 4.218, 4.443, 3.562, 3.041, 2.959, 2.504, 2.16, 2.143, 2.225, 2.299, 2.272, 2.412, 2.755, 2.873, 2.185, 1.891, 1.938, 2.316, 2.961, 2.935, 2.844, 3.591, 3.565, 3.151, 3.593, 4.776, 5.287, 6.526, 7.167, 7.428, 8.892, 8.128, 7.305, 7.289, 6.506, 5.17, 4.732, 4.784, 4.867], [2.813, 2.756, 2.654, 2.017, 1.294, 0.935, 0.979, 0.806, 0.0, 0.818, 1.724, 2.135, 1.583, 0.972, 1.174, 1.661, 1.793, 1.507, 2.137, 2.365, 2.315, 1.276, 1.279, 1.694, 2.343, 2.637, 2.596, 2.446, 2.257, 2.261, 3.105, 3.624, 4.124, 4.151, 3.572, 3.622, 5.744, 4.642, 3.817, 3.818, 3.782, 2.931, 1.955, 3.371, 4.196, 4.008, 4.157, 4.379, 4.549, 3.598, 3.042, 2.991, 2.427, 2.225, 2.143, 2.307, 2.358, 2.34, 2.611, 2.944, 2.996, 2.38, 2.058, 1.981, 2.346, 2.96, 2.993, 2.917, 3.575, 3.465, 2.989, 3.51, 4.66, 5.123, 6.457, 7.022, 7.291, 8.804, 8.045, 7.228, 7.153, 6.399, 5.075, 4.613, 4.645, 4.668], [2.759, 2.731, 2.56, 1.969, 1.415, 1.108, 1.318, 1.032, 0.818, 0.0, 1.48, 2.033, 1.491, 0.993, 1.416, 1.713, 1.817, 1.65, 2.5, 2.704, 2.693, 1.615, 1.614, 2.005, 2.351, 2.575, 2.632, 2.59, 2.351, 2.62, 3.574, 4.035, 4.336, 4.343, 3.778, 3.824, 5.988, 4.986, 4.251, 4.274, 4.073, 3.021, 1.695, 3.161, 3.938, 3.868, 4.16, 4.297, 4.321, 3.357, 2.756, 2.659, 2.124, 2.162, 2.064, 2.207, 2.225, 2.328, 2.576, 2.888, 2.983, 2.372, 1.99, 2.134, 2.479, 3.132, 3.14, 3.045, 3.717, 3.734, 3.223, 3.67, 4.887, 5.42, 6.726, 7.238, 7.513, 9.098, 8.431, 7.631, 7.582, 6.836, 5.477, 5.059, 5.064, 5.139], [3.209, 3.251, 3.013, 2.357, 2.124, 1.907, 1.859, 1.65, 1.724, 1.48, 0.0, 0.836, 0.963, 1.579, 1.786, 1.459, 1.311, 1.948, 3.702, 3.874, 3.927, 2.737, 2.114, 2.145, 2.009, 2.089, 2.287, 2.763, 2.809, 3.73, 4.759, 5.159, 5.334, 5.505, 5.018, 5.109, 7.274, 6.169, 5.323, 5.349, 5.129, 4.05, 2.054, 2.344, 3.053, 2.941, 3.152, 3.228, 3.278, 2.54, 2.482, 2.603, 2.413, 2.404, 2.233, 2.533, 2.706, 2.895, 3.124, 3.363, 3.534, 2.818, 2.328, 2.411, 2.957, 3.769, 3.67, 3.521, 4.548, 4.521, 4.138, 4.584, 5.993, 6.591, 7.846, 8.36, 8.7, 10.367, 9.63, 8.846, 8.774, 8.025, 6.636, 6.172, 6.215, 6.298], [3.097, 3.193, 2.943, 2.449, 2.374, 2.222, 2.188, 2.016, 2.135, 2.033, 0.836, 0.0, 0.808, 1.97, 2.093, 1.741, 1.507, 2.365, 4.112, 4.218, 4.275, 3.126, 2.208, 2.022, 1.73, 1.776, 1.927, 2.579, 2.826, 4.066, 5.047, 5.467, 5.74, 5.912, 5.402, 5.554, 7.706, 6.534, 5.628, 5.683, 5.43, 4.378, 1.995, 2.079, 2.723, 2.577, 2.706, 2.746, 2.916, 2.422, 2.427, 2.522, 2.284, 2.245, 2.067, 2.292, 2.557, 2.861, 2.932, 3.138, 3.304, 2.652, 2.369, 2.501, 3.085, 3.883, 3.795, 3.718, 4.763, 4.747, 4.402, 4.911, 6.317, 6.908, 8.205, 8.738, 9.072, 10.736, 9.979, 9.222, 9.151, 8.388, 7.008, 6.528, 6.583, 6.601], [2.877, 2.92, 2.643, 2.106, 1.93, 1.712, 1.649, 1.422, 1.583, 1.491, 0.963, 0.808, 0.0, 1.405, 1.676, 1.681, 1.656, 2.061, 3.43, 3.553, 3.565, 2.476, 1.635, 1.853, 1.666, 1.756, 1.801, 2.321, 2.443, 3.411, 4.4, 4.798, 5.077, 5.259, 4.765, 4.872, 7.029, 5.917, 5.005, 5.078, 4.799, 3.745, 1.751, 2.468, 3.147, 3.014, 3.107, 3.277, 3.436, 2.669, 2.591, 2.657, 2.378, 2.255, 1.89, 2.104, 2.325, 2.595, 2.69, 2.942, 3.1, 2.438, 2.268, 2.299, 2.792, 3.531, 3.463, 3.334, 4.222, 4.227, 3.807, 4.3, 5.702, 6.307, 7.597, 8.091, 8.432, 10.054, 9.32, 8.574, 8.502, 7.753, 6.394, 5.926, 5.962, 5.981], [2.947, 2.906, 2.652, 2.01, 1.521, 1.242, 1.167, 0.921, 0.972, 0.993, 1.579, 1.97, 1.405, 0.0, 0.876, 1.542, 1.7, 1.534, 2.338, 2.498, 2.555, 1.722, 1.665, 2.007, 2.213, 2.618, 2.624, 2.573, 2.327, 2.578, 3.404, 3.878, 4.047, 4.082, 3.587, 3.705, 5.813, 4.83, 4.156, 4.098, 3.758, 2.704, 1.922, 3.431, 4.297, 4.099, 4.212, 4.455, 4.645, 3.694, 3.196, 3.216, 2.711, 2.625, 2.315, 2.473, 2.534, 2.523, 2.815, 3.112, 3.184, 2.497, 2.144, 2.181, 2.546, 3.068, 3.121, 3.093, 3.797, 3.638, 3.278, 3.486, 4.729, 5.272, 6.551, 6.999, 7.324, 8.925, 8.19, 7.448, 7.389, 6.697, 5.331, 4.873, 4.912, 4.989], [2.873, 2.959, 2.793, 2.016, 1.645, 1.408, 1.074, 1.131, 1.174, 1.416, 1.786, 2.093, 1.676, 0.876, 0.0, 0.935, 1.219, 0.94, 2.536, 2.745, 2.731, 1.889, 1.694, 2.184, 2.523, 2.955, 3.054, 2.765, 2.426, 2.689, 3.493, 3.993, 4.381, 4.379, 3.982, 3.995, 6.092, 5.182, 4.326, 4.375, 4.087, 3.017, 2.243, 3.601, 4.294, 4.069, 4.186, 4.414, 4.706, 3.889, 3.422, 3.226, 2.719, 2.715, 2.575, 2.656, 2.69, 2.749, 2.845, 3.12, 3.118, 2.435, 1.984, 2.0, 2.391, 3.044, 2.995, 2.967, 3.798, 3.673, 3.429, 3.895, 5.183, 5.674, 6.93, 7.416, 7.744, 9.271, 8.498, 7.697, 7.616, 6.894, 5.557, 5.134, 5.142, 5.108], [3.223, 3.365, 3.151, 2.363, 2.089, 1.833, 1.619, 1.58, 1.661, 1.713, 1.459, 1.741, 1.681, 1.542, 0.935, 0.0, 0.576, 1.053, 3.325, 3.543, 3.57, 2.478, 1.841, 2.188, 2.643, 2.941, 3.175, 2.913, 2.68, 3.484, 4.321, 4.765, 5.225, 5.257, 4.847, 4.789, 6.908, 6.031, 5.184, 5.213, 4.942, 3.872, 2.244, 3.278, 3.814, 3.618, 3.909, 4.031, 4.161, 3.434, 2.979, 2.782, 2.644, 2.656, 2.57, 2.726, 2.871, 3.088, 3.107, 3.351, 3.345, 2.758, 2.266, 2.311, 2.876, 3.575, 3.471, 3.484, 4.516, 4.422, 4.192, 4.694, 6.063, 6.533, 7.763, 8.28, 8.597, 10.104, 9.348, 8.549, 8.465, 7.728, 6.37, 5.965, 5.963, 5.926], [3.219, 3.367, 3.176, 2.41, 2.208, 2.018, 1.856, 1.753, 1.793, 1.817, 1.311, 1.507, 1.656, 1.7, 1.219, 0.576, 0.0, 1.298, 3.584, 3.807, 3.834, 2.686, 1.92, 1.967, 2.403, 2.65, 2.947, 2.743, 2.755, 3.733, 4.576, 5.034, 5.51, 5.501, 5.094, 5.048, 7.165, 6.285, 5.451, 5.47, 5.21, 4.154, 2.148, 2.893, 3.413, 3.174, 3.476, 3.598, 3.78, 3.112, 2.809, 2.669, 2.445, 2.496, 2.445, 2.648, 2.824, 3.06, 3.076, 3.304, 3.308, 2.711, 2.272, 2.399, 3.044, 3.803, 3.693, 3.66, 4.696, 4.618, 4.418, 4.946, 6.318, 6.781, 8.028, 8.528, 8.846, 10.364, 9.629, 8.808, 8.725, 7.993, 6.614, 6.21, 6.216, 6.185], [2.912, 3.009, 2.962, 2.229, 1.796, 1.567, 1.391, 1.419, 1.507, 1.65, 1.948, 2.365, 2.061, 1.534, 0.94, 1.053, 1.298, 0.0, 2.373, 2.718, 2.621, 1.794, 1.654, 2.303, 2.825, 3.099, 3.277, 2.915, 2.521, 2.854, 3.531, 4.053, 4.694, 4.575, 4.119, 3.938, 5.998, 5.269, 4.414, 4.416, 4.347, 3.433, 2.476, 3.588, 4.344, 4.161, 4.431, 4.568, 4.714, 3.934, 3.425, 3.067, 2.708, 2.676, 2.743, 2.738, 2.634, 2.681, 2.836, 3.054, 3.027, 2.454, 2.033, 2.134, 2.603, 3.267, 3.224, 3.153, 4.002, 3.883, 3.588, 4.151, 5.327, 5.771, 7.04, 7.623, 7.926, 9.298, 8.565, 7.648, 7.501, 6.774, 5.507, 5.143, 5.091, 5.021], [3.584, 3.295, 3.082, 2.942, 2.319, 2.324, 2.452, 2.292, 2.137, 2.5, 3.702, 4.112, 3.43, 2.338, 2.536, 3.325, 3.584, 2.373, 0.0, 0.944, 0.985, 1.579, 2.317, 3.188, 3.819, 4.298, 4.044, 3.6, 2.817, 2.452, 2.092, 2.457, 3.362, 3.419, 2.817, 2.301, 4.011, 3.448, 3.202, 2.981, 2.794, 2.203, 3.156, 5.39, 6.24, 6.028, 6.098, 6.371, 6.558, 5.605, 5.026, 4.775, 4.068, 3.85, 3.789, 3.541, 2.943, 2.896, 3.398, 3.575, 3.469, 3.244, 3.048, 2.954, 2.589, 2.891, 3.047, 3.019, 3.336, 3.104, 2.669, 3.118, 3.611, 4.044, 5.119, 5.686, 5.956, 7.263, 6.474, 5.526, 5.409, 4.763, 3.502, 3.119, 3.08, 3.083], [3.235, 2.912, 2.875, 2.83, 2.254, 2.355, 2.533, 2.433, 2.365, 2.704, 3.874, 4.218, 3.553, 2.498, 2.745, 3.543, 3.807, 2.718, 0.944, 0.0, 0.749, 1.65, 2.544, 3.169, 3.968, 4.54, 3.996, 3.389, 2.559, 2.111, 2.044, 2.429, 3.396, 3.452, 2.804, 2.332, 3.988, 3.302, 3.184, 2.982, 2.743, 2.251, 3.382, 5.561, 6.327, 6.129, 6.116, 6.462, 6.665, 5.702, 5.117, 4.901, 4.242, 3.929, 3.905, 3.663, 2.988, 2.814, 3.198, 3.323, 3.311, 3.225, 3.15, 2.986, 2.466, 2.633, 2.767, 2.83, 3.235, 3.036, 2.748, 2.95, 3.579, 3.931, 4.97, 5.603, 5.833, 7.099, 6.292, 5.383, 5.31, 4.663, 3.396, 3.0, 2.974, 3.056], [3.183, 2.908, 2.877, 2.673, 2.214, 2.293, 2.439, 2.416, 2.315, 2.693, 3.927, 4.275, 3.565, 2.555, 2.731, 3.57, 3.834, 2.621, 0.985, 0.749, 0.0, 1.573, 2.446, 3.117, 3.871, 4.422, 3.859, 3.101, 2.444, 2.173, 2.005, 2.505, 3.349, 3.338, 2.709, 2.309, 3.901, 3.302, 3.049, 2.904, 2.788, 2.219, 3.365, 5.451, 6.329, 6.146, 6.146, 6.481, 6.678, 5.745, 5.15, 4.914, 4.236, 3.835, 3.959, 3.73, 3.118, 2.765, 3.055, 3.306, 3.231, 3.077, 3.032, 2.921, 2.543, 2.778, 2.93, 2.958, 3.218, 2.96, 2.562, 3.22, 3.528, 3.816, 4.971, 5.542, 5.759, 6.989, 6.262, 5.334, 5.246, 4.519, 3.32, 2.933, 2.843, 2.898], [2.977, 2.841, 2.731, 2.147, 1.542, 1.268, 1.469, 1.332, 1.276, 1.615, 2.737, 3.126, 2.476, 1.722, 1.889, 2.478, 2.686, 1.794, 1.579, 1.65, 1.573, 0.0, 1.175, 1.81, 2.796, 3.036, 2.783, 2.557, 2.328, 2.314, 2.84, 3.401, 4.202, 4.136, 3.474, 3.147, 5.209, 4.202, 3.663, 3.548, 3.683, 2.977, 2.368, 4.1, 4.965, 4.77, 4.775, 5.101, 5.241, 4.308, 3.713, 3.559, 3.072, 2.624, 2.68, 2.554, 2.466, 2.266, 2.531, 2.891, 3.044, 2.536, 2.37, 2.248, 2.528, 3.113, 3.153, 3.084, 3.666, 3.646, 3.044, 3.524, 4.445, 4.945, 6.059, 6.848, 7.072, 8.289, 7.459, 6.457, 6.37, 5.582, 4.37, 4.061, 3.948, 4.015], [2.857, 2.766, 2.582, 1.951, 1.581, 1.294, 1.212, 1.11, 1.279, 1.614, 2.114, 2.208, 1.635, 1.665, 1.694, 1.841, 1.92, 1.654, 2.317, 2.544, 2.446, 1.175, 0.0, 1.076, 1.812, 2.141, 2.028, 1.939, 1.945, 2.672, 3.339, 3.858, 4.634, 4.601, 3.969, 3.928, 5.976, 4.819, 4.096, 4.153, 4.188, 3.481, 1.963, 3.269, 4.046, 3.847, 3.876, 4.19, 4.325, 3.451, 2.909, 2.939, 2.623, 2.261, 2.12, 2.153, 2.185, 2.146, 2.269, 2.656, 2.755, 2.299, 2.271, 2.292, 2.832, 3.511, 3.468, 3.291, 3.916, 3.995, 3.278, 3.892, 4.969, 5.517, 6.674, 7.48, 7.704, 9.038, 8.186, 7.21, 7.223, 6.385, 5.08, 4.802, 4.755, 4.815], [2.499, 2.467, 2.399, 1.981, 1.608, 1.491, 1.567, 1.509, 1.694, 2.005, 2.145, 2.022, 1.853, 2.007, 2.184, 2.188, 1.967, 2.303, 3.188, 3.169, 3.117, 1.81, 1.076, 0.0, 1.38, 1.618, 1.54, 1.412, 1.894, 2.968, 3.746, 4.282, 4.996, 4.981, 4.349, 4.407, 6.59, 5.134, 4.475, 4.512, 4.592, 3.838, 1.895, 2.747, 3.39, 3.183, 3.185, 3.543, 3.678, 2.792, 2.362, 2.513, 2.246, 1.855, 1.816, 1.832, 2.008, 1.931, 1.918, 2.23, 2.349, 2.046, 2.307, 2.266, 2.958, 3.659, 3.542, 3.349, 4.08, 4.176, 3.575, 4.205, 5.357, 5.917, 7.087, 7.865, 8.098, 9.503, 8.679, 7.768, 7.731, 6.879, 5.525, 5.224, 5.207, 5.28], [2.26, 2.223, 2.077, 1.959, 2.127, 2.054, 1.941, 2.126, 2.343, 2.351, 2.009, 1.73, 1.666, 2.213, 2.523, 2.643, 2.403, 2.825, 3.819, 3.968, 3.871, 2.796, 1.812, 1.38, 0.0, 0.892, 0.947, 1.404, 2.331, 3.474, 4.453, 4.97, 5.392, 5.393, 4.88, 5.144, 7.286, 5.738, 4.943, 5.058, 4.986, 4.062, 2.023, 2.003, 2.735, 2.535, 2.572, 2.831, 2.967, 2.065, 1.85, 2.029, 1.887, 1.88, 1.535, 1.467, 1.735, 1.826, 1.762, 1.994, 2.096, 1.815, 2.196, 2.432, 3.143, 3.866, 3.785, 3.547, 4.15, 4.292, 3.548, 4.355, 5.621, 6.344, 7.508, 8.297, 8.619, 10.213, 9.416, 8.467, 8.47, 7.605, 6.191, 5.875, 5.849, 5.946], [2.442, 2.46, 2.539, 2.524, 2.557, 2.402, 2.434, 2.473, 2.637, 2.575, 2.089, 1.776, 1.756, 2.618, 2.955, 2.941, 2.65, 3.099, 4.298, 4.54, 4.422, 3.036, 2.141, 1.618, 0.892, 0.0, 0.955, 1.794, 2.886, 4.053, 5.041, 5.64, 6.063, 6.011, 5.503, 5.765, 7.916, 6.36, 5.512, 5.643, 5.614, 4.655, 2.196, 1.567, 2.297, 2.18, 2.3, 2.476, 2.478, 1.719, 1.636, 1.894, 1.787, 1.788, 1.516, 1.525, 1.926, 2.152, 1.978, 2.202, 2.463, 2.152, 2.428, 2.639, 3.403, 4.215, 4.09, 3.81, 4.616, 4.83, 4.09, 4.968, 6.243, 6.953, 8.193, 8.972, 9.303, 10.831, 10.031, 9.042, 9.034, 8.096, 6.766, 6.457, 6.433, 6.495], [2.218, 2.203, 2.171, 2.032, 2.113, 2.119, 2.262, 2.351, 2.596, 2.632, 2.287, 1.927, 1.801, 2.624, 3.054, 3.175, 2.947, 3.277, 4.044, 3.996, 3.859, 2.783, 2.028, 1.54, 0.947, 0.955, 0.0, 1.349, 2.382, 3.54, 4.571, 5.192, 5.572, 5.509, 4.977, 5.214, 7.39, 5.86, 5.024, 5.137, 5.164, 4.174, 2.273, 2.119, 2.804, 2.664, 2.645, 2.958, 2.995, 2.356, 2.176, 2.389, 2.164, 1.883, 1.755, 1.811, 1.883, 1.84, 1.579, 1.836, 2.075, 1.847, 2.258, 2.402, 3.102, 3.801, 3.646, 3.405, 4.183, 4.38, 3.728, 4.499, 5.727, 6.444, 7.67, 8.468, 8.784, 10.305, 9.505, 8.513, 8.512, 7.583, 6.255, 5.962, 5.932, 6.042], [2.01, 1.959, 1.884, 1.613, 1.766, 1.943, 1.977, 2.001, 2.446, 2.59, 2.763, 2.579, 2.321, 2.573, 2.765, 2.913, 2.743, 2.915, 3.6, 3.389, 3.101, 2.557, 1.939, 1.412, 1.404, 1.794, 1.349, 0.0, 1.438, 2.576, 3.61, 4.249, 4.736, 4.576, 3.985, 4.288, 6.359, 5.009, 4.104, 4.291, 4.406, 3.63, 2.303, 2.821, 3.653, 3.495, 3.506, 3.819, 4.0, 3.112, 2.695, 2.753, 2.455, 2.086, 2.123, 2.07, 2.156, 1.907, 1.626, 1.822, 1.769, 1.773, 2.265, 2.558, 3.125, 3.601, 3.508, 3.315, 3.69, 3.689, 3.169, 3.863, 5.051, 5.541, 6.812, 7.496, 7.773, 9.275, 8.568, 7.68, 7.654, 6.791, 5.479, 5.084, 5.152, 5.199], [2.151, 1.971, 1.702, 1.251, 1.537, 1.827, 1.998, 2.029, 2.257, 2.351, 2.809, 2.826, 2.443, 2.327, 2.426, 2.68, 2.755, 2.521, 2.817, 2.559, 2.444, 2.328, 1.945, 1.894, 2.331, 2.886, 2.382, 1.438, 0.0, 1.705, 2.659, 3.189, 3.485, 3.383, 2.952, 3.418, 5.213, 4.168, 3.206, 3.391, 3.513, 2.625, 1.974, 3.924, 4.766, 4.601, 4.613, 4.935, 5.155, 4.238, 3.662, 3.489, 2.936, 2.47, 2.455, 2.361, 1.96, 1.712, 1.782, 1.904, 1.848, 1.767, 2.163, 2.285, 2.602, 3.069, 3.022, 2.85, 3.111, 3.013, 2.446, 2.791, 4.054, 4.491, 5.841, 6.359, 6.654, 8.232, 7.557, 6.766, 6.66, 5.905, 4.581, 4.237, 4.418, 4.426], [2.754, 2.259, 2.126, 2.065, 1.877, 2.165, 2.262, 2.37, 2.261, 2.62, 3.73, 4.066, 3.411, 2.578, 2.689, 3.484, 3.733, 2.854, 2.452, 2.111, 2.173, 2.314, 2.672, 2.968, 3.474, 4.053, 3.54, 2.576, 1.705, 0.0, 1.323, 1.809, 2.347, 2.282, 1.728, 2.257, 3.982, 2.828, 2.019, 2.101, 2.783, 2.245, 3.148, 5.163, 5.955, 5.757, 5.747, 6.104, 6.287, 5.35, 4.756, 4.543, 3.881, 3.544, 3.617, 3.384, 2.755, 2.391, 2.611, 2.707, 2.575, 2.539, 2.707, 2.515, 2.259, 2.036, 2.166, 2.206, 1.918, 1.672, 1.461, 1.625, 2.707, 3.232, 4.48, 5.185, 5.453, 6.961, 6.187, 5.307, 5.251, 4.472, 3.146, 2.951, 3.34, 3.642], [3.702, 3.243, 3.088, 3.077, 2.861, 3.172, 3.145, 3.191, 3.105, 3.574, 4.759, 5.047, 4.4, 3.404, 3.493, 4.321, 4.576, 3.531, 2.092, 2.044, 2.005, 2.84, 3.339, 3.746, 4.453, 5.041, 4.571, 3.61, 2.659, 1.323, 0.0, 0.947, 1.807, 1.911, 1.452, 1.583, 3.082, 1.957, 1.556, 1.629, 2.185, 2.224, 4.156, 6.227, 6.956, 6.748, 6.739, 7.108, 7.271, 6.354, 5.819, 5.521, 4.922, 4.536, 4.727, 4.34, 3.639, 3.329, 3.547, 3.717, 3.48, 3.53, 3.721, 3.463, 2.758, 2.17, 2.538, 2.519, 2.079, 1.601, 1.669, 2.006, 2.2, 2.54, 3.706, 4.387, 4.63, 6.05, 5.22, 4.366, 4.322, 3.52, 2.274, 2.098, 2.501, 2.732], [4.259, 3.811, 3.509, 3.529, 3.327, 3.695, 3.78, 3.802, 3.624, 4.035, 5.159, 5.467, 4.798, 3.878, 3.993, 4.765, 5.034, 4.053, 2.457, 2.429, 2.505, 3.401, 3.858, 4.282, 4.97, 5.64, 5.192, 4.249, 3.189, 1.809, 0.947, 0.0, 1.471, 1.624, 1.404, 1.559, 2.686, 1.761, 1.45, 1.562, 2.035, 2.387, 4.629, 6.777, 7.482, 7.226, 7.227, 7.556, 7.721, 6.843, 6.301, 5.991, 5.339, 5.13, 5.166, 4.801, 4.027, 3.843, 4.136, 4.197, 3.978, 4.042, 4.282, 3.933, 3.18, 2.623, 2.995, 2.964, 2.051, 1.587, 1.855, 1.776, 1.763, 2.078, 3.239, 3.917, 4.177, 5.688, 4.891, 4.024, 3.886, 3.127, 2.03, 2.126, 2.511, 2.73], [4.719, 4.207, 3.717, 3.917, 3.793, 4.18, 4.353, 4.321, 4.124, 4.336, 5.334, 5.74, 5.077, 4.047, 4.381, 5.225, 5.51, 4.694, 3.362, 3.396, 3.349, 4.202, 4.634, 4.996, 5.392, 6.063, 5.572, 4.736, 3.485, 2.347, 1.807, 1.471, 0.0, 1.07, 1.491, 1.943, 2.438, 1.795, 1.421, 1.685, 2.029, 2.443, 4.601, 7.102, 7.978, 7.787, 7.784, 8.101, 8.292, 7.286, 6.74, 6.521, 5.783, 5.508, 5.5, 5.16, 4.407, 4.101, 4.64, 4.757, 4.515, 4.564, 4.593, 4.401, 3.739, 3.205, 3.579, 3.474, 2.423, 1.78, 2.165, 1.742, 1.483, 1.487, 2.789, 3.218, 3.561, 5.199, 4.436, 3.66, 3.569, 2.82, 2.346, 2.68, 3.16, 3.429], [4.721, 4.209, 3.822, 4.008, 3.888, 4.105, 4.382, 4.327, 4.151, 4.343, 5.505, 5.912, 5.259, 4.082, 4.379, 5.257, 5.501, 4.575, 3.419, 3.452, 3.338, 4.136, 4.601, 4.981, 5.393, 6.011, 5.509, 4.576, 3.383, 2.282, 1.911, 1.624, 1.07, 0.0, 0.866, 1.456, 2.392, 1.841, 1.088, 1.295, 1.674, 2.25, 4.513, 7.074, 8.009, 7.834, 7.836, 8.17, 8.309, 7.301, 6.736, 6.544, 5.801, 5.464, 5.503, 5.184, 4.421, 4.012, 4.635, 4.732, 4.53, 4.598, 4.582, 4.493, 3.802, 3.268, 3.66, 3.567, 2.249, 2.022, 2.158, 1.659, 1.58, 1.629, 2.937, 3.253, 3.581, 5.185, 4.535, 3.745, 3.705, 3.04, 2.231, 2.522, 2.958, 3.249], [4.23, 3.709, 3.403, 3.564, 3.312, 3.456, 3.715, 3.659, 3.572, 3.778, 5.018, 5.402, 4.765, 3.587, 3.982, 4.847, 5.094, 4.119, 2.817, 2.804, 2.709, 3.474, 3.969, 4.349, 4.88, 5.503, 4.977, 3.985, 2.952, 1.728, 1.452, 1.404, 1.491, 0.866, 0.0, 0.963, 2.525, 1.837, 1.011, 1.095, 1.515, 2.016, 4.219, 6.586, 7.488, 7.325, 7.329, 7.639, 7.814, 6.784, 6.212, 6.015, 5.317, 4.956, 5.037, 4.696, 3.949, 3.514, 4.108, 4.242, 4.072, 4.118, 4.153, 4.053, 3.311, 2.792, 3.162, 3.083, 1.872, 1.834, 1.725, 1.623, 1.759, 2.01, 3.284, 3.673, 3.95, 5.457, 4.838, 4.057, 4.043, 3.356, 2.206, 2.16, 2.577, 2.912], [4.444, 3.92, 3.649, 3.831, 3.406, 3.559, 3.792, 3.755, 3.622, 3.824, 5.109, 5.554, 4.872, 3.705, 3.995, 4.789, 5.048, 3.938, 2.301, 2.332, 2.309, 3.147, 3.928, 4.407, 5.144, 5.765, 5.214, 4.288, 3.418, 2.257, 1.583, 1.559, 1.943, 1.456, 0.963, 0.0, 2.336, 1.819, 1.45, 1.253, 1.561, 2.188, 4.392, 6.787, 7.691, 7.509, 7.502, 7.837, 8.029, 7.002, 6.431, 6.224, 5.519, 5.189, 5.232, 4.91, 4.165, 3.799, 4.379, 4.476, 4.364, 4.325, 4.312, 4.253, 3.524, 2.992, 3.384, 3.289, 2.176, 2.228, 2.341, 2.274, 2.278, 2.358, 3.469, 3.855, 4.129, 5.434, 4.826, 3.964, 3.939, 3.27, 2.131, 1.816, 2.122, 2.463], [6.623, 6.106, 5.739, 5.895, 5.562, 5.713, 5.957, 5.886, 5.744, 5.988, 7.274, 7.706, 7.029, 5.813, 6.092, 6.908, 7.165, 5.998, 4.011, 3.988, 3.901, 5.209, 5.976, 6.59, 7.286, 7.916, 7.39, 6.359, 5.213, 3.982, 3.082, 2.686, 2.438, 2.392, 2.525, 2.336, 0.0, 1.728, 2.641, 2.424, 2.712, 4.144, 6.514, 8.957, 9.876, 9.694, 9.682, 10.026, 10.212, 9.17, 8.611, 8.411, 7.707, 7.346, 7.384, 7.104, 6.329, 5.946, 6.505, 6.627, 6.415, 6.47, 6.507, 6.405, 5.685, 5.103, 5.523, 5.432, 4.058, 3.684, 4.038, 3.532, 2.559, 1.712, 1.523, 1.808, 2.042, 3.343, 2.67, 1.986, 1.926, 1.769, 1.832, 2.277, 2.54, 2.618], [5.197, 4.635, 4.425, 4.642, 4.382, 4.573, 4.636, 4.708, 4.642, 4.986, 6.169, 6.534, 5.917, 4.83, 5.182, 6.031, 6.285, 5.269, 3.448, 3.302, 3.302, 4.202, 4.819, 5.134, 5.738, 6.36, 5.86, 5.009, 4.168, 2.828, 1.957, 1.761, 1.795, 1.841, 1.837, 1.819, 1.728, 0.0, 1.457, 1.272, 1.649, 3.18, 5.4, 7.591, 8.319, 8.13, 8.089, 8.481, 8.58, 7.656, 7.048, 6.882, 6.286, 5.978, 6.026, 5.709, 4.941, 4.573, 4.925, 5.155, 4.974, 5.046, 5.223, 4.939, 4.189, 3.603, 3.965, 3.84, 2.505, 2.394, 2.769, 2.689, 2.102, 1.483, 2.12, 2.859, 3.126, 4.623, 3.789, 2.795, 2.842, 2.048, 1.34, 1.734, 2.047, 2.391], [4.299, 3.754, 3.504, 3.716, 3.51, 3.753, 3.868, 3.932, 3.817, 4.251, 5.323, 5.628, 5.005, 4.156, 4.326, 5.184, 5.451, 4.414, 3.202, 3.184, 3.049, 3.663, 4.096, 4.475, 4.943, 5.512, 5.024, 4.104, 3.206, 2.019, 1.556, 1.45, 1.421, 1.088, 1.011, 1.45, 2.641, 1.457, 0.0, 0.801, 1.383, 2.458, 4.472, 6.587, 7.504, 7.337, 7.345, 7.641, 7.823, 6.791, 6.254, 6.037, 5.384, 4.959, 5.152, 4.761, 4.049, 3.633, 4.103, 4.261, 4.12, 4.217, 4.269, 4.099, 3.371, 2.865, 3.213, 3.085, 1.761, 1.792, 1.769, 1.842, 1.881, 1.75, 2.901, 3.639, 3.903, 5.416, 4.702, 3.782, 3.718, 2.86, 1.882, 2.059, 2.357, 2.642], [4.432, 3.873, 3.516, 3.752, 3.588, 3.821, 3.967, 4.001, 3.818, 4.274, 5.349, 5.683, 5.078, 4.098, 4.375, 5.213, 5.47, 4.416, 2.981, 2.982, 2.904, 3.548, 4.153, 4.512, 5.058, 5.643, 5.137, 4.291, 3.391, 2.101, 1.629, 1.562, 1.685, 1.295, 1.095, 1.253, 2.424, 1.272, 0.801, 0.0, 1.158, 2.352, 4.458, 6.727, 7.562, 7.38, 7.349, 7.711, 7.881, 6.87, 6.307, 6.157, 5.483, 5.118, 5.142, 4.844, 4.104, 3.711, 4.193, 4.297, 4.123, 4.196, 4.378, 4.076, 3.392, 2.86, 3.249, 3.119, 1.851, 1.808, 1.914, 2.021, 2.167, 1.922, 2.956, 3.61, 3.881, 5.392, 4.589, 3.712, 3.609, 2.886, 1.771, 1.766, 2.138, 2.387], [4.319, 3.978, 3.441, 3.742, 3.568, 3.827, 4.029, 3.951, 3.782, 4.073, 5.129, 5.43, 4.799, 3.758, 4.087, 4.942, 5.21, 4.347, 2.794, 2.743, 2.788, 3.683, 4.188, 4.592, 4.986, 5.614, 5.164, 4.406, 3.513, 2.783, 2.185, 2.035, 2.029, 1.674, 1.515, 1.561, 2.712, 1.649, 1.383, 1.158, 0.0, 1.848, 4.026, 6.652, 7.48, 7.31, 7.302, 7.626, 7.777, 6.726, 6.2, 6.021, 5.288, 4.992, 4.927, 4.649, 3.891, 3.571, 4.202, 4.302, 4.092, 4.208, 4.156, 3.951, 3.291, 3.05, 3.344, 3.207, 2.232, 2.351, 2.435, 2.296, 2.506, 2.1, 3.221, 3.691, 4.037, 5.657, 4.917, 4.146, 4.09, 3.415, 2.182, 2.067, 2.187, 2.36], [3.375, 3.018, 2.56, 2.704, 2.68, 2.951, 3.2, 3.108, 2.931, 3.021, 4.05, 4.378, 3.745, 2.704, 3.017, 3.872, 4.154, 3.433, 2.203, 2.251, 2.219, 2.977, 3.481, 3.838, 4.062, 4.655, 4.174, 3.63, 2.625, 2.245, 2.224, 2.387, 2.443, 2.25, 2.016, 2.188, 4.144, 3.18, 2.458, 2.352, 1.848, 0.0, 2.855, 5.61, 6.46, 6.276, 6.271, 6.622, 6.768, 5.766, 5.206, 5.019, 4.262, 4.017, 3.942, 3.724, 3.012, 2.708, 3.231, 3.357, 3.243, 3.22, 3.181, 2.971, 2.385, 2.338, 2.574, 2.399, 2.391, 2.115, 1.953, 2.108, 2.86, 3.527, 4.841, 5.06, 5.446, 7.076, 6.495, 5.77, 5.733, 5.056, 3.712, 3.189, 3.303, 3.405], [2.384, 2.384, 1.93, 1.718, 1.799, 1.787, 2.21, 1.999, 1.955, 1.695, 2.054, 1.995, 1.751, 1.922, 2.243, 2.244, 2.148, 2.476, 3.156, 3.382, 3.365, 2.368, 1.963, 1.895, 2.023, 2.196, 2.273, 2.303, 1.974, 3.148, 4.156, 4.629, 4.601, 4.513, 4.219, 4.392, 6.514, 5.4, 4.472, 4.458, 4.026, 2.855, 0.0, 2.869, 3.743, 3.59, 3.671, 3.928, 4.038, 3.022, 2.577, 2.413, 1.862, 1.711, 1.505, 1.525, 1.556, 1.647, 1.987, 2.321, 2.439, 1.946, 1.816, 1.886, 2.628, 3.531, 3.423, 3.145, 3.935, 3.881, 3.208, 3.742, 5.117, 5.696, 7.077, 7.464, 7.858, 9.551, 8.841, 8.064, 7.998, 7.27, 5.902, 5.411, 5.48, 5.556], [3.017, 3.282, 3.594, 3.474, 3.525, 3.397, 3.365, 3.267, 3.371, 3.161, 2.344, 2.079, 2.468, 3.431, 3.601, 3.278, 2.893, 3.588, 5.39, 5.561, 5.451, 4.1, 3.269, 2.747, 2.003, 1.567, 2.119, 2.821, 3.924, 5.163, 6.227, 6.777, 7.102, 7.074, 6.586, 6.787, 8.957, 7.591, 6.587, 6.727, 6.652, 5.61, 2.869, 0.0, 1.227, 1.175, 1.602, 1.4, 1.646, 1.224, 1.438, 1.568, 1.708, 1.917, 2.016, 2.347, 3.019, 3.323, 3.006, 2.976, 3.349, 3.004, 2.926, 3.35, 4.092, 4.961, 4.83, 4.723, 5.749, 5.827, 5.163, 6.052, 7.309, 8.011, 9.323, 10.046, 10.363, 11.956, 11.216, 10.292, 10.231, 9.373, 8.028, 7.622, 7.572, 7.636], [3.53, 3.922, 4.362, 4.22, 4.388, 4.247, 4.088, 4.062, 4.196, 3.938, 3.053, 2.723, 3.147, 4.297, 4.294, 3.814, 3.413, 4.344, 6.24, 6.327, 6.329, 4.965, 4.046, 3.39, 2.735, 2.297, 2.804, 3.653, 4.766, 5.955, 6.956, 7.482, 7.978, 8.009, 7.488, 7.691, 9.876, 8.319, 7.504, 7.562, 7.48, 6.46, 3.743, 1.227, 0.0, 0.67, 1.185, 0.929, 1.175, 1.378, 1.743, 1.925, 2.383, 2.701, 2.659, 3.036, 3.731, 4.11, 3.718, 3.612, 3.893, 3.612, 3.559, 3.805, 4.546, 5.302, 5.113, 5.065, 6.209, 6.44, 5.947, 6.792, 8.162, 8.928, 10.139, 10.902, 11.221, 12.819, 12.005, 11.05, 10.993, 10.14, 8.753, 8.405, 8.423, 8.475], [3.229, 3.704, 4.188, 3.982, 4.175, 4.06, 3.874, 3.864, 4.008, 3.868, 2.941, 2.577, 3.014, 4.099, 4.069, 3.618, 3.174, 4.161, 6.028, 6.129, 6.146, 4.77, 3.847, 3.183, 2.535, 2.18, 2.664, 3.495, 4.601, 5.757, 6.748, 7.226, 7.787, 7.834, 7.325, 7.509, 9.694, 8.13, 7.337, 7.38, 7.31, 6.276, 3.59, 1.175, 0.67, 0.0, 0.928, 0.792, 1.233, 1.276, 1.567, 1.785, 2.146, 2.493, 2.435, 2.764, 3.531, 3.932, 3.441, 3.326, 3.588, 3.368, 3.343, 3.524, 4.19, 4.898, 4.693, 4.748, 5.904, 6.178, 5.748, 6.62, 7.984, 8.744, 9.972, 10.722, 11.049, 12.643, 11.822, 10.859, 10.795, 9.936, 8.557, 8.214, 8.241, 8.281], [3.276, 3.706, 4.19, 4.01, 4.179, 4.087, 3.891, 3.901, 4.157, 4.16, 3.152, 2.706, 3.107, 4.212, 4.186, 3.909, 3.476, 4.431, 6.098, 6.116, 6.146, 4.775, 3.876, 3.185, 2.572, 2.3, 2.645, 3.506, 4.613, 5.747, 6.739, 7.227, 7.784, 7.836, 7.329, 7.502, 9.682, 8.089, 7.345, 7.349, 7.302, 6.271, 3.671, 1.602, 1.185, 0.928, 0.0, 0.864, 1.221, 1.525, 1.858, 2.164, 2.461, 2.622, 2.497, 2.785, 3.562, 3.928, 3.463, 3.358, 3.644, 3.415, 3.384, 3.606, 4.255, 5.008, 4.782, 4.773, 5.944, 6.234, 5.755, 6.628, 7.996, 8.743, 9.981, 10.712, 11.045, 12.635, 11.807, 10.848, 10.769, 9.917, 8.529, 8.194, 8.228, 8.295], [3.572, 4.05, 4.528, 4.356, 4.507, 4.39, 4.243, 4.218, 4.379, 4.297, 3.228, 2.746, 3.277, 4.455, 4.414, 4.031, 3.598, 4.568, 6.371, 6.462, 6.481, 5.101, 4.19, 3.543, 2.831, 2.476, 2.958, 3.819, 4.935, 6.104, 7.108, 7.556, 8.101, 8.17, 7.639, 7.837, 10.026, 8.481, 7.641, 7.711, 7.626, 6.622, 3.928, 1.4, 0.929, 0.792, 0.864, 0.0, 1.022, 1.462, 1.895, 2.132, 2.541, 2.837, 2.776, 3.101, 3.862, 4.264, 3.784, 3.714, 4.002, 3.719, 3.731, 3.94, 4.586, 5.377, 5.21, 5.226, 6.308, 6.536, 6.068, 6.962, 8.315, 9.09, 10.284, 11.053, 11.369, 12.973, 12.163, 11.219, 11.173, 10.313, 8.904, 8.575, 8.574, 8.63], [3.742, 4.194, 4.637, 4.567, 4.721, 4.599, 4.449, 4.443, 4.549, 4.321, 3.278, 2.916, 3.436, 4.645, 4.706, 4.161, 3.78, 4.714, 6.558, 6.665, 6.678, 5.241, 4.325, 3.678, 2.967, 2.478, 2.995, 4.0, 5.155, 6.287, 7.271, 7.721, 8.292, 8.309, 7.814, 8.029, 10.212, 8.58, 7.823, 7.881, 7.777, 6.768, 4.038, 1.646, 1.175, 1.233, 1.221, 1.022, 0.0, 1.174, 1.692, 1.893, 2.666, 3.05, 2.881, 3.21, 3.967, 4.381, 3.857, 3.819, 4.117, 3.936, 4.09, 4.277, 4.959, 5.731, 5.492, 5.378, 6.419, 6.759, 6.21, 7.127, 8.477, 9.253, 10.417, 11.215, 11.542, 13.134, 12.314, 11.325, 11.324, 10.397, 8.999, 8.722, 8.744, 8.807], [2.98, 3.282, 3.67, 3.733, 3.794, 3.644, 3.61, 3.562, 3.598, 3.357, 2.54, 2.422, 2.669, 3.694, 3.889, 3.434, 3.112, 3.934, 5.605, 5.702, 5.745, 4.308, 3.451, 2.792, 2.065, 1.719, 2.356, 3.112, 4.238, 5.35, 6.354, 6.843, 7.286, 7.301, 6.784, 7.002, 9.17, 7.656, 6.791, 6.87, 6.726, 5.766, 3.022, 1.224, 1.378, 1.276, 1.525, 1.462, 1.174, 0.0, 0.775, 1.287, 1.915, 2.229, 1.961, 2.254, 3.006, 3.43, 3.152, 3.175, 3.475, 3.17, 3.306, 3.597, 4.26, 5.072, 4.922, 4.829, 5.796, 5.986, 5.301, 6.135, 7.486, 8.23, 9.424, 10.19, 10.513, 12.111, 11.33, 10.364, 10.364, 9.509, 8.106, 7.752, 7.755, 7.798], [2.509, 2.728, 3.122, 3.173, 3.195, 3.046, 3.058, 3.041, 3.042, 2.756, 2.482, 2.427, 2.591, 3.196, 3.422, 2.979, 2.809, 3.425, 5.026, 5.117, 5.15, 3.713, 2.909, 2.362, 1.85, 1.636, 2.176, 2.695, 3.662, 4.756, 5.819, 6.301, 6.74, 6.736, 6.212, 6.431, 8.611, 7.048, 6.254, 6.307, 6.2, 5.206, 2.577, 1.438, 1.743, 1.567, 1.858, 1.895, 1.692, 0.775, 0.0, 0.762, 1.469, 1.781, 1.421, 1.756, 2.454, 2.826, 2.577, 2.58, 2.895, 2.645, 2.82, 3.09, 3.768, 4.53, 4.372, 4.269, 5.214, 5.44, 4.757, 5.557, 6.92, 7.67, 8.868, 9.64, 9.964, 11.546, 10.754, 9.774, 9.752, 8.895, 7.5, 7.152, 7.16, 7.27], [2.142, 2.51, 2.956, 2.837, 3.005, 2.922, 2.949, 2.959, 2.991, 2.659, 2.603, 2.522, 2.657, 3.216, 3.226, 2.782, 2.669, 3.067, 4.775, 4.901, 4.914, 3.559, 2.939, 2.513, 2.029, 1.894, 2.389, 2.753, 3.489, 4.543, 5.521, 5.991, 6.521, 6.544, 6.015, 6.224, 8.411, 6.882, 6.037, 6.157, 6.021, 5.019, 2.413, 1.568, 1.925, 1.785, 2.164, 2.132, 1.893, 1.287, 0.762, 0.0, 1.02, 1.473, 1.342, 1.526, 2.25, 2.681, 2.18, 2.204, 2.523, 2.273, 2.422, 2.67, 3.329, 4.096, 3.966, 3.838, 4.822, 5.013, 4.483, 5.407, 6.744, 7.497, 8.666, 9.456, 9.774, 11.35, 10.594, 9.619, 9.615, 8.744, 7.314, 6.972, 6.974, 7.032], [1.723, 1.961, 2.259, 2.27, 2.347, 2.367, 2.603, 2.504, 2.427, 2.124, 2.413, 2.284, 2.378, 2.711, 2.719, 2.644, 2.445, 2.708, 4.068, 4.242, 4.236, 3.072, 2.623, 2.246, 1.887, 1.787, 2.164, 2.455, 2.936, 3.881, 4.922, 5.339, 5.783, 5.801, 5.317, 5.519, 7.707, 6.286, 5.384, 5.483, 5.288, 4.262, 1.862, 1.708, 2.383, 2.146, 2.461, 2.541, 2.666, 1.915, 1.469, 1.02, 0.0, 0.959, 1.11, 1.197, 1.588, 2.035, 1.648, 1.736, 2.025, 1.677, 1.715, 2.047, 2.694, 3.502, 3.364, 3.24, 4.232, 4.376, 3.86, 4.737, 6.052, 6.781, 7.986, 8.733, 9.063, 10.693, 9.953, 9.019, 8.946, 8.15, 6.738, 6.347, 6.342, 6.389], [1.456, 1.654, 1.97, 1.908, 1.96, 1.992, 2.281, 2.16, 2.225, 2.162, 2.404, 2.245, 2.255, 2.625, 2.715, 2.656, 2.496, 2.676, 3.85, 3.929, 3.835, 2.624, 2.261, 1.855, 1.88, 1.788, 1.883, 2.086, 2.47, 3.544, 4.536, 5.13, 5.508, 5.464, 4.956, 5.189, 7.346, 5.978, 4.959, 5.118, 4.992, 4.017, 1.711, 1.917, 2.701, 2.493, 2.622, 2.837, 3.05, 2.229, 1.781, 1.473, 0.959, 0.0, 1.024, 1.072, 1.459, 1.641, 1.43, 1.683, 1.931, 1.361, 1.365, 1.733, 2.476, 3.313, 3.175, 3.033, 4.022, 4.127, 3.514, 4.471, 5.733, 6.403, 7.733, 8.408, 8.752, 10.299, 9.594, 8.678, 8.598, 7.774, 6.401, 5.987, 5.97, 6.012], [1.534, 1.757, 1.907, 1.956, 2.036, 2.035, 2.263, 2.143, 2.143, 2.064, 2.233, 2.067, 1.89, 2.315, 2.575, 2.57, 2.445, 2.743, 3.789, 3.905, 3.959, 2.68, 2.12, 1.816, 1.535, 1.516, 1.755, 2.123, 2.455, 3.617, 4.727, 5.166, 5.5, 5.503, 5.037, 5.232, 7.384, 6.026, 5.152, 5.142, 4.927, 3.942, 1.505, 2.016, 2.659, 2.435, 2.497, 2.776, 2.881, 1.961, 1.421, 1.342, 1.11, 1.024, 0.0, 0.764, 1.358, 1.735, 1.702, 1.827, 2.02, 1.558, 1.726, 2.029, 2.801, 3.62, 3.506, 3.273, 4.204, 4.288, 3.677, 4.346, 5.747, 6.491, 7.712, 8.372, 8.716, 10.38, 9.621, 8.742, 8.66, 7.916, 6.493, 6.039, 6.087, 6.18], [1.378, 1.546, 1.604, 1.801, 1.895, 1.973, 2.27, 2.225, 2.307, 2.207, 2.533, 2.292, 2.104, 2.473, 2.656, 2.726, 2.648, 2.738, 3.541, 3.663, 3.73, 2.554, 2.153, 1.832, 1.467, 1.525, 1.811, 2.07, 2.361, 3.384, 4.34, 4.801, 5.16, 5.184, 4.696, 4.91, 7.104, 5.709, 4.761, 4.844, 4.649, 3.724, 1.525, 2.347, 3.036, 2.764, 2.785, 3.101, 3.21, 2.254, 1.756, 1.526, 1.197, 1.072, 0.764, 0.0, 1.002, 1.341, 1.396, 1.59, 1.754, 1.303, 1.545, 1.818, 2.501, 3.306, 3.187, 3.009, 3.869, 4.025, 3.368, 4.035, 5.402, 6.164, 7.358, 8.074, 8.396, 10.016, 9.243, 8.367, 8.3, 7.518, 6.178, 5.735, 5.775, 5.798], [1.292, 1.163, 1.05, 1.535, 1.579, 1.885, 2.335, 2.299, 2.358, 2.225, 2.706, 2.557, 2.325, 2.534, 2.69, 2.871, 2.824, 2.634, 2.943, 2.988, 3.118, 2.466, 2.185, 2.008, 1.735, 1.926, 1.883, 2.156, 1.96, 2.755, 3.639, 4.027, 4.407, 4.421, 3.949, 4.165, 6.329, 4.941, 4.049, 4.104, 3.891, 3.012, 1.556, 3.019, 3.731, 3.531, 3.562, 3.862, 3.967, 3.006, 2.454, 2.25, 1.588, 1.459, 1.358, 1.002, 0.0, 0.773, 1.191, 1.327, 1.425, 1.102, 1.381, 1.597, 1.905, 2.719, 2.623, 2.361, 3.19, 3.353, 2.68, 3.23, 4.631, 5.398, 6.58, 7.298, 7.623, 9.288, 8.473, 7.598, 7.496, 6.723, 5.399, 4.973, 5.024, 5.071], [1.378, 1.174, 0.955, 1.382, 1.316, 1.754, 2.222, 2.272, 2.34, 2.328, 2.895, 2.861, 2.595, 2.523, 2.749, 3.088, 3.06, 2.681, 2.896, 2.814, 2.765, 2.266, 2.146, 1.931, 1.826, 2.152, 1.84, 1.907, 1.712, 2.391, 3.329, 3.843, 4.101, 4.012, 3.514, 3.799, 5.946, 4.573, 3.633, 3.711, 3.571, 2.708, 1.647, 3.323, 4.11, 3.932, 3.928, 4.264, 4.381, 3.43, 2.826, 2.681, 2.035, 1.641, 1.735, 1.341, 0.773, 0.0, 1.033, 1.299, 1.348, 1.123, 1.412, 1.471, 1.964, 2.693, 2.572, 2.281, 2.978, 3.124, 2.345, 2.919, 4.236, 4.989, 6.265, 6.93, 7.258, 8.81, 8.047, 7.124, 7.027, 6.248, 5.036, 4.583, 4.608, 4.699], [1.148, 1.196, 1.29, 1.366, 1.577, 1.953, 2.161, 2.412, 2.611, 2.576, 3.124, 2.932, 2.69, 2.815, 2.845, 3.107, 3.076, 2.836, 3.398, 3.198, 3.055, 2.531, 2.269, 1.918, 1.762, 1.978, 1.579, 1.626, 1.782, 2.611, 3.547, 4.136, 4.64, 4.635, 4.108, 4.379, 6.505, 4.925, 4.103, 4.193, 4.202, 3.231, 1.987, 3.006, 3.718, 3.441, 3.463, 3.784, 3.857, 3.152, 2.577, 2.18, 1.648, 1.43, 1.702, 1.396, 1.191, 1.033, 0.0, 0.827, 0.944, 0.877, 1.563, 1.583, 2.116, 2.7, 2.537, 2.231, 2.965, 3.171, 2.631, 3.572, 4.841, 5.566, 6.837, 7.562, 7.898, 9.439, 8.627, 7.638, 7.597, 6.679, 5.32, 5.036, 5.026, 5.059], [1.207, 1.333, 1.502, 1.652, 1.896, 2.297, 2.59, 2.755, 2.944, 2.888, 3.363, 3.138, 2.942, 3.112, 3.12, 3.351, 3.304, 3.054, 3.575, 3.323, 3.306, 2.891, 2.656, 2.23, 1.994, 2.202, 1.836, 1.822, 1.904, 2.707, 3.717, 4.197, 4.757, 4.732, 4.242, 4.476, 6.627, 5.155, 4.261, 4.297, 4.302, 3.357, 2.321, 2.976, 3.612, 3.326, 3.358, 3.714, 3.819, 3.175, 2.58, 2.204, 1.736, 1.683, 1.827, 1.59, 1.327, 1.299, 0.827, 0.0, 0.702, 1.056, 1.695, 1.759, 2.136, 2.605, 2.409, 2.138, 2.913, 3.169, 2.832, 3.697, 5.022, 5.643, 6.992, 7.709, 8.021, 9.608, 8.817, 7.851, 7.683, 6.862, 5.572, 5.215, 5.166, 5.151], [1.293, 1.365, 1.313, 1.535, 1.903, 2.439, 2.629, 2.873, 2.996, 2.983, 3.534, 3.304, 3.1, 3.184, 3.118, 3.345, 3.308, 3.027, 3.469, 3.311, 3.231, 3.044, 2.755, 2.349, 2.096, 2.463, 2.075, 1.769, 1.848, 2.575, 3.48, 3.978, 4.515, 4.53, 4.072, 4.364, 6.415, 4.974, 4.12, 4.123, 4.092, 3.243, 2.439, 3.349, 3.893, 3.588, 3.644, 4.002, 4.117, 3.475, 2.895, 2.523, 2.025, 1.931, 2.02, 1.754, 1.425, 1.348, 0.944, 0.702, 0.0, 1.026, 1.821, 1.783, 2.157, 2.646, 2.462, 2.169, 2.716, 2.992, 2.681, 3.503, 4.869, 5.466, 6.801, 7.454, 7.783, 9.395, 8.571, 7.669, 7.499, 6.728, 5.391, 5.01, 5.041, 5.008], [1.04, 1.103, 1.142, 1.14, 1.465, 1.854, 1.995, 2.185, 2.38, 2.372, 2.818, 2.652, 2.438, 2.497, 2.435, 2.758, 2.711, 2.454, 3.244, 3.225, 3.077, 2.536, 2.299, 2.046, 1.815, 2.152, 1.847, 1.773, 1.767, 2.539, 3.53, 4.042, 4.564, 4.598, 4.118, 4.325, 6.47, 5.046, 4.217, 4.196, 4.208, 3.22, 1.946, 3.004, 3.612, 3.368, 3.415, 3.719, 3.936, 3.17, 2.645, 2.273, 1.677, 1.361, 1.558, 1.303, 1.102, 1.123, 0.877, 1.056, 1.026, 0.0, 1.136, 1.176, 1.956, 2.549, 2.43, 2.214, 2.986, 3.015, 2.642, 3.517, 4.891, 5.567, 6.842, 7.474, 7.828, 9.45, 8.608, 7.752, 7.606, 6.843, 5.468, 5.047, 5.107, 5.087], [1.296, 1.404, 1.568, 1.319, 1.364, 1.717, 1.871, 1.891, 2.058, 1.99, 2.328, 2.369, 2.268, 2.144, 1.984, 2.266, 2.272, 2.033, 3.048, 3.15, 3.032, 2.37, 2.271, 2.307, 2.196, 2.428, 2.258, 2.265, 2.163, 2.707, 3.721, 4.282, 4.593, 4.582, 4.153, 4.312, 6.507, 5.223, 4.269, 4.378, 4.156, 3.181, 1.816, 2.926, 3.559, 3.343, 3.384, 3.731, 4.09, 3.306, 2.82, 2.422, 1.715, 1.365, 1.726, 1.545, 1.381, 1.412, 1.563, 1.695, 1.821, 1.136, 0.0, 0.864, 1.502, 2.234, 2.15, 2.1, 3.16, 3.192, 2.795, 3.642, 4.929, 5.609, 6.896, 7.531, 7.891, 9.525, 8.805, 7.92, 7.85, 7.068, 5.675, 5.242, 5.25, 5.244], [1.6, 1.681, 1.691, 1.364, 1.401, 1.655, 1.869, 1.938, 1.981, 2.134, 2.411, 2.501, 2.299, 2.181, 2.0, 2.311, 2.399, 2.134, 2.954, 2.986, 2.921, 2.248, 2.292, 2.266, 2.432, 2.639, 2.402, 2.558, 2.285, 2.515, 3.463, 3.933, 4.401, 4.493, 4.053, 4.253, 6.405, 4.939, 4.099, 4.076, 3.951, 2.971, 1.886, 3.35, 3.805, 3.524, 3.606, 3.94, 4.277, 3.597, 3.09, 2.67, 2.047, 1.733, 2.029, 1.818, 1.597, 1.471, 1.583, 1.759, 1.783, 1.176, 0.864, 0.0, 1.145, 1.894, 1.727, 1.609, 2.747, 2.762, 2.492, 3.389, 4.738, 5.459, 6.745, 7.367, 7.734, 9.384, 8.522, 7.661, 7.526, 6.759, 5.366, 4.96, 5.001, 4.99], [1.963, 1.897, 2.055, 1.952, 1.839, 2.206, 2.288, 2.316, 2.346, 2.479, 2.957, 3.085, 2.792, 2.546, 2.391, 2.876, 3.044, 2.603, 2.589, 2.466, 2.543, 2.528, 2.832, 2.958, 3.143, 3.403, 3.102, 3.125, 2.602, 2.259, 2.758, 3.18, 3.739, 3.802, 3.311, 3.524, 5.685, 4.189, 3.371, 3.392, 3.291, 2.385, 2.628, 4.092, 4.546, 4.19, 4.255, 4.586, 4.959, 4.26, 3.768, 3.329, 2.694, 2.476, 2.801, 2.501, 1.905, 1.964, 2.116, 2.136, 2.157, 1.956, 1.502, 1.145, 0.0, 1.078, 1.027, 1.023, 2.008, 2.148, 1.908, 2.77, 4.002, 4.753, 5.946, 6.667, 7.003, 8.628, 7.763, 6.92, 6.83, 6.049, 4.632, 4.228, 4.269, 4.297], [2.473, 2.297, 2.546, 2.522, 2.495, 2.911, 2.924, 2.961, 2.96, 3.132, 3.769, 3.883, 3.531, 3.068, 3.044, 3.575, 3.803, 3.267, 2.891, 2.633, 2.778, 3.113, 3.511, 3.659, 3.866, 4.215, 3.801, 3.601, 3.069, 2.036, 2.17, 2.623, 3.205, 3.268, 2.792, 2.992, 5.103, 3.603, 2.865, 2.86, 3.05, 2.338, 3.531, 4.961, 5.302, 4.898, 5.008, 5.377, 5.731, 5.072, 4.53, 4.096, 3.502, 3.313, 3.62, 3.306, 2.719, 2.693, 2.7, 2.605, 2.646, 2.549, 2.234, 1.894, 1.078, 0.0, 0.632, 0.929, 1.564, 1.681, 1.849, 2.606, 3.564, 4.218, 5.402, 6.145, 6.447, 8.036, 7.181, 6.304, 6.218, 5.418, 4.035, 3.625, 3.753, 3.991], [2.365, 2.256, 2.464, 2.441, 2.44, 2.852, 2.849, 2.935, 2.993, 3.14, 3.67, 3.795, 3.463, 3.121, 2.995, 3.471, 3.693, 3.224, 3.047, 2.767, 2.93, 3.153, 3.468, 3.542, 3.785, 4.09, 3.646, 3.508, 3.022, 2.166, 2.538, 2.995, 3.579, 3.66, 3.162, 3.384, 5.523, 3.965, 3.213, 3.249, 3.344, 2.574, 3.423, 4.83, 5.113, 4.693, 4.782, 5.21, 5.492, 4.922, 4.372, 3.966, 3.364, 3.175, 3.506, 3.187, 2.623, 2.572, 2.537, 2.409, 2.462, 2.43, 2.15, 1.727, 1.027, 0.632, 0.0, 0.872, 1.73, 2.028, 2.126, 2.803, 3.919, 4.63, 5.836, 6.54, 6.863, 8.453, 7.579, 6.689, 6.6, 5.764, 4.396, 4.029, 4.134, 4.332], [2.214, 2.08, 2.233, 2.232, 2.248, 2.666, 2.707, 2.844, 2.917, 3.045, 3.521, 3.718, 3.334, 3.093, 2.967, 3.484, 3.66, 3.153, 3.019, 2.83, 2.958, 3.084, 3.291, 3.349, 3.547, 