0	0.387641298416799	0.763983735409688	0.597018245622031	0.915292065117434	0.593770420731885	0.972544762527716	0.913585905272101	0.993534088869809	0.663663775943411	0.544696324169069	0.753624301048489	0.88478274789354	0.560195687448414	0.844264326838648	0.469260920915821	0.583709709927717	0.900866488852261	0.916491104636354	0.878034105467662	0.648893604309532	0.79150868564174	0.739110152824132	0.95830872861146	0.775033099085888	0.999954142825979	0.883953782447014	0.974022973429119	0.959782548497959	0.564032390150829	0.949426304178212	0.942785639403924	0.855932535934643	0.925001710159274	0.99855377463507	0.986951081930687	0.949740427836137	0.971188705388839	0.946268192824177	0.831004822803064	0.822223356029892	0.905440334890006	0.993272958648326	0.975191741994495	0.966108556150224	0.999976309105763	0.985667200819541	0.999771521536603	0.998567423342843	0.980602365246653	0.992300261773118	0.968680520837231	0.975065738316621	0.999957927475046	0.70567756366608	0.917608562744183	0.527986603628054	0.386751833568018	0.689671090416079	0.767404212247592	0.783792508439767	0.579249102125767	0.997627173446028	0.803082164053531	0.85602121862038	0.789470917660764	0.488607755037482	0.658472447235991	0.930216026059887	0.750760419940765	0.867873641218815	0.823554031871745	0.821922614859085	0.803353684307419	0.999992567220796	0.974355725950059	0.794442043957418	0.779207655819847	0.910375084298292	0.965914684850883	0.833137214897832	0.964541633149731	0.868178743412315	0.901424441570298	0.954321405006579	0.981323863117593	0.956461143847989	0.985425981660948	0.95563830909367	0.950251778564737	0.882567595128942	0.919337618126039	0.950373198644202	0.946730929888129	0.946917720539999	0.702471594656601	0.972755848762276	0.951780769266541	0.908219031369553	0.960662528270603	0.659636184783706	0.998955463133777	0.904970012304512	0.999764030666705	0.97796649955618	0.844519548208938	0.945106320740979	0.999648942173093	0.950088753089641	0.94921449020465	0.796468769913413	0.810656245302689	0.957366255558723
0.387641298416799	0	0.615583852554913	0.343322288647892	0.801137859257416	0.497725354003769	0.874393639904348	0.744587014201027	0.955227554959034	0.527270998163003	0.535359641172108	0.706589295757923	0.841254611959024	0.59721826111289	0.81804495308734	0.388702550408463	0.53953182565671	0.84702829977392	0.849275560165794	0.783738491056324	0.553869006568689	0.662835253368095	0.711095980815854	0.90821501364288	0.730081888260087	0.999632756348394	0.818479223765393	0.995187206006776	0.979363905479619	0.743829254406896	0.943110334420913	0.919724194992255	0.834348759110259	0.866330496447274	0.989250166601382	0.986614947721592	0.962006429663007	0.948581400099841	0.947249325488654	0.800527211330626	0.809277389223558	0.862258030808881	0.999260279720996	0.974446048553291	0.979890567085908	0.999637301541964	0.990631571465525	0.997507732563034	0.996541529809053	0.97560187445256	0.999684979435486	0.969950521030252	0.96953001618575	0.999659380937396	0.64851710145618	0.788215810724548	0.391462090265757	0.128183723696044	0.559043105058399	0.571990368046949	0.644349950604369	0.407248995402738	0.945169595824641	0.620893376641654	0.838223499026711	0.662448774901797	0.382917156935412	0.562569938223237	0.910202892466383	0.664428522818381	0.820274028325888	0.732732826212121	0.77973096170841	0.707900574496389	0.977437849592628	0.913220922047828	0.685498794938192	0.654707773159401	0.836958305090419	0.910909357017237	0.788977286589351	0.887383994161627	0.838668327059189	0.874760277289266	0.92448851691871	0.970038453081804	0.999589927956021	0.985770533746675	0.963582735596964	0.934727488671348	0.821151219531423	0.883361916582246	0.873771582008481	0.967596586063415	0.956210574895502	0.593759983714299	0.933943285943971	0.93405717273697	0.843577762953539	0.943477395809704	0.749493307468428	0.998707650717266	0.887309062426621	0.999961666684963	0.979762748385038	0.799762601869511	0.948248487322655	0.998833499664521	0.952569393648511	0.976250750568664	0.742948655596217	0.645392171636115	0.869576509705878
0.763983735409688	0.615583852554913	0	0.37271341149845	0.478299763557402	0.528845554193107	0.557312161690937	0.711781202923297	0.999968554956644	0.603834611036416	0.654665955911613	0.46384352828563	0.473158155344427	0.491280532505549	0.475776532509163	0.668646222787714	0.613992937626273	0.426861544254672	0.433064215831635	0.499411483947352	0.586636653056742	0.428138606185948	0.854159754891747	0.506366651214176	0.395623585768564	0.851170307148164	0.640334088803434	0.997731344079417	0.982961714261837	0.818945270188204	0.642209687413359	0.58125978130234	0.584555404746711	0.492588793125082	0.902510103980548	0.776784854087096	0.94702975398961	0.673788664253629	0.980935881804989	0.596465111928257	0.497209224496985	0.525047999544118	0.997534795236587	0.952589069796798	0.975780329362452	0.851792252071201	0.916485129375441	0.940517421653918	0.916964122937163	0.747854573315321	0.848727829649276	0.979972142798013	0.719905172162302	0.859608634071419	0.72368451566394	0.394624863963609	0.411585364673688	0.572123263361241	0.241245273628417	0.29804826668485	0.273857123777439	0.478291231463298	0.688141110501624	0.308204724388451	0.661751972761564	0.451856731323317	0.643469776925088	0.413381151935703	0.575545491280208	0.709946466912506	0.427278165716989	0.652626575729088	0.500338539727928	0.353845596253867	0.997536145109942	0.526976224854882	0.641853638906134	0.270766613993289	0.390686877766366	0.674186846251065	0.518135042431079	0.527343485224334	0.64124269071552	0.504870443094121	0.668306667330232	0.723767540317802	0.95494514810253	0.993835762137099	0.804125968988576	0.608449876463097	0.470415219276319	0.541054326072975	0.562193213121573	0.991737774589097	0.975329992593975	0.706951038336964	0.72884226422635	0.999503642378037	0.424183832411072	0.841309662179659	0.989873971312444	0.884472473264498	0.999731555157852	0.870006061543433	0.943702980667752	0.98744005694358	0.965829289625409	0.827414020171129	0.979948839380154	0.950748918658129	0.973224801291598	0.724136355778847	0.491231477646686
0.597018245622031	0.343322288647892	0.37271341149845	0	0.625118146856162	0.402513119121395	0.717730901893391	0.634158576480698	0.978003653668711	0.488455593611102	0.50753612665969	0.541473181173741	0.690134437517196	0.530053727152433	0.650666654233868	0.449219399652378	0.521099021453447	0.655748865525272	0.657890269052258	0.582159068849842	0.45294052797417	0.454364364691073	0.750964560103445	0.742389150586009	0.554744232215989	0.955659925950193	0.702968708393041	0.997885758779454	0.999569201198171	0.786782971171715	0.846221765956257	0.798929979494086	0.682265986158346	0.699213318141525	0.941792650323751	0.927596611134209	0.961018116992216	0.862362996641366	0.994799099259732	0.709203041314995	0.678502134644499	0.728071870381325	0.995024199986981	0.99999500733935	0.999989782984618	0.968395060875038	0.995037568972666	0.997227530240474	0.994808008591766	0.914101244632092	0.970127041165178	0.995869789559757	0.876356919621055	0.971259688009815	0.598139248604331	0.588329962994357	0.301007085083273	0.299115287086562	0.399865969788331	0.356712632097364	0.449232102093459	0.26994149747843	0.831592145385133	0.377220085755728	0.721713498635542	0.453489221931413	0.410516645561484	0.430973121031713	0.789519549910814	0.603002866944928	0.656152168392048	0.604015225485329	0.629214156234314	0.469251809600767	0.98920717400634	0.749550177974002	0.552270379288831	0.495939842499378	0.637151470681729	0.75830138979878	0.647777219797331	0.705634686400712	0.678998508980298	0.716497272896479	0.789158463558598	0.89646317360206	0.987681277692502	0.996782703898595	0.901407234059403	0.824417022991401	0.639292390485593	0.724144658016439	0.742277705502286	0.996341892369257	0.99790274642705	0.569993458342209	0.822771056928457	0.968166529794883	0.682328406205356	0.866714971767486	0.897922240022839	0.985973139095451	0.949831464582961	0.979257549378972	0.999852985331777	0.893004945736071	0.997481651920172	0.965520251093186	0.995029837705235	0.999666327317397	0.869231534348353	0.603175492388783	0.680083615188682
0.915292065117434	0.801137859257416	0.478299763557402	0.625118146856162	0	0.833878050983163	0.37681310711108	0.615156516256456	0.999523709494621	0.862210609291581	0.87215011494893	0.65226778675639	0.600462561557099	0.750833362695655	0.699947628838755	0.846780656109313	0.865808590715802	0.612517723306748	0.61330767301648	0.643477502321653	0.82217931978531	0.733419704065791	0.9718292977038	0.63682210851928	0.702379285859273	0.904823671959759	0.814861632290442	0.910720932309474	0.8815758602937	0.976448696154497	0.725054740036644	0.729029233718686	0.756710198196009	0.435031789318269	0.978509605291376	0.730831228139832	0.999028009203703	0.787525702296457	0.941563736556318	0.858420021640637	0.683187490869885	0.676538323617386	0.969867548149293	0.874520242743721	0.839183836613905	0.736066753171001	0.813707804831203	0.925020075849417	0.859805936229296	0.750638629681329	0.719194550231426	0.934659010369278	0.777499300388897	0.737347502086514	0.895226346040939	0.558833534730165	0.747985806696521	0.779072079317517	0.611088916736778	0.598691020566833	0.358501939989619	0.75125914072706	0.462771041641245	0.429900045023296	0.578317792363636	0.699710466675836	0.783755959220815	0.663731433185204	0.683353383543649	0.637597530090364	0.663212531225169	0.854967442046211	0.61836969283298	0.55358006269428	0.999177471706807	0.593206215025357	0.626436602369401	0.478545520064961	0.570379846440274	0.61414150459363	0.433023679158256	0.635503661385431	0.717365271600818	0.597589884176745	0.678693760066202	0.758514428848143	0.783378917244629	0.908808613336036	0.954712581426568	0.731495816257717	0.628148494277841	0.638567039495904	0.690910863847098	0.873763871002451	0.885368293193356	0.882274047129621	0.880338738280636	0.99624293333319	0.603514456665523	0.881703662224372	0.988604642556051	0.822545658338637	0.989793655106524	0.783714402925472	0.862884503346258	0.999371767388007	0.968145848835685	0.819871871704591	0.941991303930724	0.906001434275688	0.999184793570407	0.801090480425606	0.508326961047848
0.593770420731885	0.497725354003769	0.528845554193107	0.402513119121395	0.833878050983163	0	0.878045409505471	0.843895426200775	0.992297541993557	0.360818529712581	0.366755227364417	0.574641580307144	0.728634922248521	0.53512531883059	0.606091696423784	0.427022494848902	0.429545522021768	0.659580519662824	0.666741141039922	0.609226063653711	0.316317135958853	0.379753674125947	0.626656377713906	0.734462580110039	0.496404249789193	0.901000788010107	0.643653223020062	0.920652809558915	0.958466037309541	0.636972248259398	0.844496719399256	0.780005231388515	0.630531936474159	0.790818287458095	0.847277347864072	0.963223760548444	0.83392358383658	0.841883784025604	0.986243620268873	0.546304085633509	0.668039978948963	0.734345451091841	0.901992660591782	0.994095744717207	0.965345718184715	0.994341594692381	0.999035557293712	0.999534195401778	0.99993103587824	0.943914103289132	0.994260762540437	0.977182240484491	0.857820212676258	0.996933212419032	0.5004958206871	0.680913665058398	0.305224727837531	0.442040621394211	0.488293052896502	0.490158888896117	0.666980019524083	0.274180672555922	0.949717950927827	0.626552332628875	0.850885029593336	0.454452142602655	0.518099869734658	0.498118335394187	0.794446995206291	0.801993018357675	0.628523855171793	0.440137498291548	0.664379948833183	0.554241729085539	0.999958555217822	0.793181929314674	0.749307705928241	0.657148072613815	0.674871727139037	0.822109777683054	0.797333198151453	0.715072657541249	0.684616688894874	0.740531379581262	0.825424157919678	0.925308346474942	0.98991389315929	0.935176294219904	0.766359483422653	0.806813855841395	0.656534010842628	0.733507953252512	0.771130399403019	0.94029969815086	0.975230584200523	0.470544238016287	0.69794260920013	0.993893202726688	0.709170053433585	0.831228123856637	0.835512805859209	0.995867337994574	0.91478233296784	0.996463939853024	0.99369241521727	0.875716685764066	0.999997887150052	0.976472816073208	0.980413935406967	0.999355613918084	0.829199375168882	0.691224457425073	0.769282379758991
0.972544762527716	0.874393639904348	0.557312161690937	0.717730901893391	0.37681310711108	0.878045409505471	0	0.609495288396081	0.997888424947331	0.8847115092539	0.929730832520553	0.762154338493097	0.677979499521295	0.82704938365989	0.776238399301595	0.920651510402798	0.919791682090237	0.658268534387409	0.628123309865288	0.676651362299528	0.886222740870928	0.759592934556959	0.984634028801233	0.630618783605488	0.761188249274896	0.912362408416676	0.839686986091756	0.876083992792549	0.883429740409419	0.995087326580431	0.773169428038141	0.711770744572829	0.805918335592502	0.603140432958527	0.966871327950569	0.757724881969685	0.999894663482643	0.737212562478916	0.938092659040257	0.86223336237683	0.772745175427249	0.711878839908791	0.96506788737807	0.883946099016382	0.858267414907276	0.762863716632172	0.803173994847513	0.94313464790488	0.877546190304292	0.763547302023454	0.681455879315578	0.919623240519961	0.829583991416222	0.755680152611433	0.922955650803883	0.463890043846192	0.796436385715532	0.85714531738921	0.660197392015206	0.628401657564669	0.514015848245246	0.808492451377238	0.215677168527059	0.45538965812231	0.758882753812258	0.722951697313878	0.872798549338474	0.711247933647581	0.722748052460596	0.811453188053203	0.710506665944507	0.881356234290428	0.739784986762252	0.655673247167366	0.995972060769211	0.529863400068563	0.74360298848594	0.529131389045988	0.605989754705322	0.640734091403495	0.655338763234878	0.607060862688036	0.832030468527933	0.69307574164108	0.75156387022758	0.76385087921305	0.700084440019886	0.924167176628628	0.945938605597136	0.74329025605807	0.640765371580433	0.695592762443525	0.603917414858477	0.892704031817368	0.883074049963894	0.909034432129875	0.849685014469913	0.996587630285129	0.602884454981648	0.936432662976543	0.966926175201992	0.845626506081099	0.982042239312484	0.805066232905658	0.851603973005293	0.996747276841095	0.931350232109441	0.80085418922972	0.909697505952758	0.873194066498408	0.999379605979087	0.806903816159132	0.446576402325939
0.913585905272101	0.744587014201027	0.711781202923297	0.634158576480698	0.615156516256456	0.843895426200775	0.609495288396081	0	0.856179872796097	0.835893719580439	0.839444989920211	0.810979380084879	0.892803613288144	0.887032875444828	0.907399598773484	0.833978331356587	0.868496397043938	0.869506306727983	0.866566378115346	0.73259810249013	0.779661507480232	0.778593336208999	0.969997587708788	0.895038182211663	0.894460709559217	0.999497712171487	0.914761304167182	0.956976420873211	0.982939946733843	0.998408683264074	0.97535728543844	0.947082694353964	0.908866765204527	0.81359016427639	0.993278265938613	0.968599977901164	0.967748151689573	0.980207528841085	0.997953917207602	0.97243022584593	0.926375678887255	0.910138914192171	0.980310466738316	0.999950594244707	0.977122468155972	0.974566891667753	0.992732222846819	0.996121339517337	0.999954692552118	0.974884771546137	0.953322654845072	0.999405874931608	0.96913107315925	0.978613910252945	0.857625261809771	0.73383630725555	0.790422958845501	0.747102477852911	0.800581257299717	0.679870299830013	0.707020246582694	0.728185798457807	0.675128222427863	0.553478538108347	0.822567995297801	0.720531825384305	0.700959207111098	0.765710508255023	0.946229785924785	0.614623922479069	0.906584150544296	0.827499104364714	0.879004830414394	0.748840058407848	0.85825657200269	0.846589485406292	0.539189282648453	0.73553654060532	0.828085529039097	0.731541001645862	0.813144586595398	0.824752498674188	0.853274402916038	0.87960875465058	0.829864040277926	0.958425926970696	0.836295165278933	0.988253453773178	0.999977664539368	0.967612614989714	0.842531673456749	0.901002408944656	0.902483252305221	0.986621523930936	0.997656237250681	0.845799387720963	0.942150827183706	0.912937275205161	0.878167877895761	0.975873645754871	0.986862858278869	0.99853821479104	0.952327863614309	0.990586893574745	0.998908700758217	0.933344898898407	0.987542019108716	0.994139735701657	0.999733664641943	0.999727989432226	0.93399565565086	0.746186485542985	0.763240623785935
0.993534088869809	0.955227554959034	0.999968554956644	0.978003653668711	0.999523709494621	0.992297541993557	0.997888424947331	0.856179872796097	0	0.984935668485807	0.984470651106766	0.99427603356474	0.952726184266042	0.989897116966567	0.959008462813654	0.961571674991719	0.994780105547324	0.967116789484695	0.96606054833797	0.996759580311667	0.952725210633648	0.996762683934843	0.985684817440851	0.967820107000906	0.968188310077804	0.877223596733419	0.995198599844691	0.99999758383608	0.877253729356978	0.961691628716681	0.855700826445255	0.918892788696636	0.961428083835937	0.976499648912352	0.994606423085401	0.854505298501198	0.980807569746142	0.904265540015652	0.803298493403795	0.969186016629727	0.922806727202166	0.956108598654053	0.999197209992051	0.755480162749884	0.905531015607765	0.83418499445416	0.790451475037848	0.757959579296985	0.748788122977191	0.839984362429563	0.899577374569337	0.846295471306104	0.896757767319101	0.831117962413	0.989947432908036	0.998903611564413	0.996691009045263	0.970651347306302	0.999435773524009	0.991648407057646	0.99963783189164	0.976944589122447	0.999890333624651	0.995869118508048	0.982637156114715	0.989836479215787	0.951572122005659	0.998267301804886	0.912136190230917	0.963854096581833	0.968384730998919	0.958489415453321	0.970344274713586	0.997650222682968	0.426491089115671	0.97179236609759	0.985822532649321	0.999419538316649	0.980656002559111	0.992548959248363	0.973769161766745	0.995850545479853	0.99161911744242	0.967136790522424	0.992168554173878	0.871917961485394	0.999923432123059	0.922460927348237	0.900212624946005	0.877650054836558	0.983084306807881	0.931538167557374	0.972172098820464	0.980988197781233	0.83624768497942	0.972938517847431	0.999997191276718	0.876296523931351	0.968437201573909	0.95672857445456	0.911980159942137	0.784113387681655	0.631037722775143	0.807194182082724	0.775442699831307	0.82941982327385	0.792805372490669	0.81214598455294	0.82066113060358	0.78971367166968	0.777319607878559	0.945767363798893	0.987803701285349
0.663663775943411	0.527270998163003	0.603834611036416	0.488455593611102	0.862210609291581	0.360818529712581	0.8847115092539	0.835893719580439	0.984935668485807	0	0.579533448817934	0.761939668894095	0.84332179991738	0.697427064075143	0.753620526240709	0.602973041730261	0.470428767994797	0.755057761334883	0.721143000866566	0.748912960480382	0.465487311793089	0.526910126656634	0.550156995515583	0.810406858858997	0.643529311046276	0.928567537482807	0.722841224753899	0.921745414377471	0.965605119518831	0.703777328992937	0.91320246312431	0.865810783153947	0.720387984562063	0.86936305106771	0.913108860724791	0.991812614884114	0.84661166736938	0.876634952601427	0.960275810757119	0.623044843504065	0.759493727552018	0.835677679647885	0.905265421479331	0.977296731915011	0.948389235511356	0.999986983982859	0.992914363023616	0.991452440342406	0.993914825700209	0.979824901120192	0.999974974153067	0.943122743565835	0.930595895393887	0.99931917797964	0.521201883136185	0.692310749951599	0.449193594844927	0.481464661327939	0.596784249892378	0.487297575442133	0.750654572849934	0.382031651680252	0.953910776777582	0.649783670671933	0.901778479289184	0.549037540875266	0.66676551203632	0.648279209280536	0.887201687459467	0.833584582425463	0.750101132344207	0.630499405857209	0.764059575656727	0.627795278139615	0.997815656807645	0.817740797049934	0.777781996227699	0.688810085633137	0.761186687369637	0.867352540791198	0.868972772481389	0.762960631911252	0.780301530188577	0.841478759339762	0.910485501997273	0.952004937201555	0.99187464716623	0.931338654990602	0.829824649062142	0.879960902588134	0.797902401183561	0.792654605901225	0.781145536875387	0.937203380482008	0.943986518532036	0.402543663523331	0.810829996660851	0.975471588089729	0.794141669104969	0.825226685574063	0.828061100434414	0.998856679398909	0.92116972217299	0.999188507102221	0.98381606815368	0.782559028469907	0.993180808194635	0.995839893396421	0.954125654679365	0.99633336584767	0.744322073861853	0.762174788249314	0.792620794342706
0.544696324169069	0.535359641172108	0.654665955911613	0.50753612665969	0.87215011494893	0.366755227364417	0.929730832520553	0.839444989920211	0.984470651106766	0.579533448817934	0	0.519229253427024	0.75981895070641	0.553676276274294	0.639065473026896	0.499092692934145	0.377404700958798	0.732540563618388	0.790968606284248	0.591824628832561	0.340797902340847	0.489032236925183	0.764901273349298	0.828108035983297	0.639309915070807	0.954672238068398	0.660451781447065	0.91772277088978	0.960306146780988	0.663751908628332	0.881375146777692	0.830668732709835	0.666929523067405	0.83829392908568	0.860768231443872	0.964759852175022	0.920416849246903	0.923637950752593	0.986411182757587	0.731349864307064	0.724715778349179	0.754429869868016	0.904817517331472	0.989305078474732	0.970133427141049	0.996956523474736	0.996919355378778	0.999199526948138	0.99995259335945	0.956531061440148	0.998280197354894	0.979641529370367	0.849562227107492	0.999511678304728	0.54617925480166	0.792172857336155	0.47686471889791	0.490800877634925	0.635662684816776	0.644939718535187	0.729134926316057	0.378322794044212	0.977096100793214	0.71014879132874	0.79992786586985	0.509462693287364	0.389765006851894	0.505466836182542	0.82915293116529	0.708524182489221	0.708162854510606	0.48301655813299	0.699246341189888	0.61974083919903	0.999995127760852	0.874522647532617	0.66580984823556	0.766959350751677	0.737262313725104	0.827917425611875	0.811357952978061	0.804821411717563	0.716564544517571	0.751482320992789	0.786410742136001	0.926803039362341	0.980511543634698	0.955598825346818	0.829099569889393	0.866048160671813	0.70323968735125	0.79753022249504	0.894078811886674	0.922555851942705	0.976791150973393	0.606615776473185	0.786915689388762	0.984539549608175	0.785394205244198	0.871997033819412	0.785327911021687	0.999010325754848	0.894374295494609	0.998339954253712	0.99118014250187	0.885776679381167	0.995613548786469	0.985749436236332	0.983823231105878	0.972133946094503	0.852780716355703	0.808236761198093	0.85379603868576
0.753624301048489	0.706589295757923	0.46384352828563	0.541473181173741	0.65226778675639	0.574641580307144	0.762154338493097	0.810979380084879	0.99427603356474	0.761939668894095	0.519229253427024	0	0.409873856234957	0.451535740775401	0.35733110663865	0.681755175214704	0.626084348576719	0.471000679156031	0.572482284961359	0.439379251783282	0.612479533218968	0.465484007507038	0.927457252441854	0.596046440586002	0.423207065373591	0.864885466041683	0.609222869186411	0.99899558321636	0.986574220259606	0.785919783432475	0.617026454208016	0.578153091753607	0.546226576387339	0.504569237717508	0.834871886391675	0.74293564539012	0.968207051517869	0.770817324236468	0.962722759394551	0.688931557269789	0.456845774142389	0.466182869593389	0.985702317946219	0.941146973339571	0.974304409520919	0.84207909738587	0.918835714478661	0.900364200858685	0.892905383517741	0.725371118832018	0.847343964355088	0.965592520636904	0.602637388687082	0.860658132765172	0.742773933081552	0.614278657425886	0.536560445837347	0.666751411110103	0.49629877810347	0.582664911296238	0.474938508881745	0.570004579196713	0.830169791978188	0.55652904708581	0.597569665600519	0.533759806911033	0.568828889987031	0.438942703125809	0.537820631979364	0.693716935692438	0.460613211567978	0.61515476620012	0.453842266412101	0.45362365432314	0.977836129394785	0.657759153695422	0.604733537240876	0.577342591031852	0.448995806897836	0.719817743064011	0.545132123587755	0.633356099603786	0.588495326758107	0.456593889518305	0.553758906564521	0.691204414631974	0.983514465400081	0.9938427182527	0.78792991646975	0.618115640096897	0.425488924030015	0.571075014854283	0.750639469348258	0.999916332103676	0.959209016687002	0.798685964467957	0.734459889771454	0.99826629533724	0.516457566586601	0.841284007356532	0.981637478944198	0.866320007195232	0.999469865892295	0.85221305203025	0.94204099590254	0.998460377462324	0.956306243701348	0.81354654677428	0.963614143730344	0.97399372144259	0.995260007321525	0.813555953639076	0.638836715840221
0.88478274789354	0.841254611959024	0.473158155344427	0.690134437517196	0.600462561557099	0.728634922248521	0.677979499521295	0.892803613288144	0.952726184266042	0.84332179991738	0.75981895070641	0.409873856234957	0	0.591933379470844	0.302459796292128	0.831791015562322	0.750431678892126	0.341987126847762	0.435981534010807	0.510415985904605	0.790711223411809	0.570901801160614	0.956762762023883	0.392087923014749	0.440793417965999	0.756851789701246	0.577518364190267	0.994927464816692	0.942571458409809	0.846118601700356	0.308459879418238	0.317678905227151	0.541468411063737	0.451278743192664	0.825379231732062	0.561984074485174	0.933290863071685	0.516308053820123	0.857534233702318	0.6145817314122	0.34539547435497	0.220665919519068	0.997337873909413	0.80520383064299	0.912496346119287	0.665953664663448	0.765561609031045	0.777974831072558	0.73108507957476	0.501856759038816	0.696168465749401	0.876707765087596	0.427106740374298	0.688615405516342	0.873317817379608	0.53498700619867	0.686889398713053	0.807383382726555	0.485960836627909	0.660525334505885	0.429663530572902	0.732210483262965	0.731637946762501	0.616055068437104	0.619773809004643	0.657641522933875	0.807612564963562	0.550641703367794	0.188253664391779	0.840166018442057	0.25622645087438	0.754634109818476	0.379371673012737	0.530740926571209	0.917493556827197	0.485869364058223	0.784015842572582	0.53610902798126	0.302578678424004	0.721896976900569	0.470005158891342	0.513091867350959	0.69322277761661	0.302613774634248	0.551807151164014	0.508435318530332	0.958246035998071	0.966095528798276	0.687911835225855	0.309703553733501	0.328554041918234	0.420048493545803	0.565447134062842	0.980286948348358	0.875972054754008	0.876824475245129	0.678742909173939	0.947211282764312	0.269554714606647	0.830132758357331	0.994151222529166	0.683429832740664	0.963999432262509	0.667550096552682	0.808210909890799	0.980916943925977	0.841655879471781	0.588113309876906	0.878633732981207	0.869865881806759	0.988816509160468	0.880986097812252	0.534865986844769
0.560195687448414	0.59721826111289	0.491280532505549	0.530053727152433	0.750833362695655	0.53512531883059	0.82704938365989	0.887032875444828	0.989897116966567	0.697427064075143	0.553676276274294	0.451535740775401	0.591933379470844	0	0.536547708147862	0.605940394571348	0.598458506272292	0.606971876373679	0.683568327163209	0.666963038003121	0.623583995332553	0.6208957424585	0.852850851698642	0.71914901062301	0.461611550364233	0.914306281566675	0.726555721564443	0.998557378980829	0.999630842172081	0.632735379379933	0.707464680050564	0.652862509726563	0.648574747333065	0.684673360906143	0.94491302999139	0.799676281032429	0.933128394314524	0.776677457393892	0.995754891874547	0.630094251244436	0.558750415596289	0.624397964502105	0.992917644836168	0.978175792956365	0.9969902950527	0.905390173282427	0.956967736899446	0.917749082565038	0.932662932335723	0.780174796265676	0.917997355363393	0.982516650491548	0.774470951834715	0.90620338138609	0.720662740960189	0.707604291870137	0.379127455867155	0.55659597628896	0.413337884863998	0.580909756175872	0.532248091894937	0.544250696238688	0.901406664753052	0.612678048226061	0.713587752943562	0.605815707722343	0.56524873729467	0.407947042208799	0.654487431803604	0.744461027597808	0.557846199060835	0.72781389275928	0.609729828740004	0.558584293378542	0.967479049042289	0.787164896908516	0.73537139157172	0.553223018285935	0.637960044779503	0.842189864873869	0.637428830766424	0.788894434706052	0.733527780468742	0.623640301625131	0.777023991661843	0.79497924355823	0.99988690495552	0.998292217483787	0.803847450977166	0.699049285220003	0.580431350241822	0.697445742458779	0.767940487617931	0.999751426796706	0.991174535422145	0.779969901039953	0.843838685818808	0.996188368796164	0.605326660613768	0.900201782856619	0.933484827882702	0.911628817463495	0.99705382465854	0.906331929943958	0.969499854046766	0.991542116820124	0.980397045948435	0.860772241278927	0.98431755530683	0.991385075910755	0.964515709087437	0.816011159719449	0.765837169954578
0.844264326838648	0.81804495308734	0.475776532509163	0.650666654233868	0.699947628838755	0.606091696423784	0.776238399301595	0.907399598773484	0.959008462813654	0.753620526240709	0.639065473026896	0.35733110663865	0.302459796292128	0.536547708147862	0	0.786214091807757	0.63715727505333	0.235845540465136	0.393389076333209	0.454681414124069	0.664792574252277	0.454705056158275	0.904946986682596	0.384745558094371	0.315841190396079	0.670615905596211	0.504714861360051	0.987152585618187	0.979211888855059	0.752083957745932	0.416942764199337	0.388935074743762	0.381955060796539	0.512386776366726	0.746706898942333	0.667136380407843	0.896134773268893	0.60291677178294	0.915697022281279	0.541614235660409	0.334144151063165	0.333547394333824	0.945863690173844	0.887211417835018	0.967336108087043	0.786669547318418	0.856667774882309	0.848208033114718	0.835911993889921	0.645447523904398	0.800971732415363	0.950700861563085	0.394705287209475	0.814831879757814	0.770243151951945	0.573487697345078	0.621522561549071	0.774016388718744	0.519138823031735	0.616300153993764	0.545932231109013	0.643936223295244	0.839429785077484	0.631338971448389	0.6224176238106	0.541760398115342	0.766463485066048	0.547707258063823	0.35038178153983	0.821815174710727	0.234388338537855	0.64481610893307	0.399789172319133	0.408200478583586	0.915301742194016	0.522321528304928	0.744159969032868	0.613558963809096	0.275606330902027	0.691998180217217	0.562731979858507	0.494725675091019	0.557701151450379	0.291077521110507	0.519578645682218	0.586359807193627	0.99350209564804	0.997045567504966	0.5662185665545	0.39279275824696	0.35979487371348	0.379501342424206	0.646774808362174	0.998058848426948	0.935914685221753	0.809954840951295	0.613851342244236	0.970971528716033	0.380418320307869	0.734229404284152	0.999326055065913	0.785115807153954	0.989063197463825	0.790045794421712	0.888651221138479	0.998369017461097	0.876428680652772	0.70912571494484	0.93241726826447	0.920956226138575	0.999699019602596	0.896432290297784	0.57703362877556
0.469260920915821	0.388702550408463	0.668646222787714	0.449219399652378	0.846780656109313	0.427022494848902	0.920651510402798	0.833978331356587	0.961571674991719	0.602973041730261	0.499092692934145	0.681755175214704	0.831791015562322	0.605940394571348	0.786214091807757	0	0.620156665204976	0.838153885827632	0.845209733340028	0.766757429064555	0.485159116376927	0.639896595550395	0.693904868965531	0.887380841827598	0.699068223932548	0.987647438186402	0.837037792333118	0.965000423103392	0.933010675222704	0.723177254236296	0.934933850731091	0.911213813863008	0.833131319901045	0.857532139121102	0.96791985467606	0.986986757482725	0.926207231071161	0.946763513344362	0.958164762576216	0.77528856298619	0.813641415385832	0.872666500940199	0.982649549133232	0.978260254131161	0.966091866827142	0.999885234400142	0.985080258987696	0.99964085354842	0.996707494991756	0.979924076472152	0.99980146895884	0.962720890013182	0.956930227947053	0.999902949639848	0.685465378083884	0.845201755473507	0.466762031942055	0.391291418964765	0.606093569587216	0.676107763310358	0.702059690998598	0.464301308153089	0.97248179218561	0.726347763890414	0.87202905144027	0.696975133289856	0.427086635710841	0.612298725983565	0.89712856954099	0.756619823457306	0.799866531334746	0.603926927011602	0.774953681487341	0.735610372925707	0.98098590455785	0.928878636611186	0.786679131326624	0.72742232071384	0.842433931940071	0.903134625671703	0.811734538948652	0.885266256940707	0.791694172964806	0.852988588674953	0.903347606856764	0.987374268048461	0.984966627157485	0.952901097709475	0.939998054305745	0.924567388723664	0.797227798375349	0.885492932059049	0.890417173741899	0.964914924907131	0.95439954084059	0.628937541419194	0.86414597948805	0.959491966240665	0.854515113750704	0.941130042232213	0.759980992619798	0.999939762399952	0.838372493348908	0.999951309107228	0.969667241210618	0.851293745570697	0.975731967166579	0.998842007105914	0.943669524165326	0.986103401537062	0.804230967393545	0.605184835185502	0.898875178330779
0.583709709927717	0.53953182565671	0.613992937626273	0.521099021453447	0.865808590715802	0.429545522021768	0.919791682090237	0.868496397043938	0.994780105547324	0.470428767994797	0.377404700958798	0.626084348576719	0.750431678892126	0.598458506272292	0.63715727505333	0.620156665204976	0	0.710665253561421	0.756528907519913	0.653925575430535	0.43234485099402	0.484437588979724	0.71982027531168	0.808833560409484	0.642090861366914	0.94136046574705	0.59823177178742	0.918631228747764	0.981905209358082	0.64138401868734	0.853143842051509	0.807098659912962	0.666441582697104	0.859539051348777	0.876204620493036	0.959136642351531	0.873581133014523	0.880483467424122	0.991870146755231	0.676332339323337	0.704497681295466	0.729255444931427	0.911497087389513	0.993505187980504	0.975472072346022	0.994706287446084	0.999787364495525	0.997956200456422	0.999654811300922	0.941901210672818	0.998744627809135	0.98540099169665	0.836736226324084	0.998694546154164	0.593994596603314	0.746544229477142	0.495748326229805	0.497760368276006	0.596930727569771	0.594373192212172	0.715297803475866	0.414333576492853	0.970730592200561	0.709606688404241	0.800133463148352	0.532952609122968	0.585702074408692	0.565462891017589	0.810512344868626	0.748319470737007	0.674252031636146	0.588534213888325	0.688423805045231	0.611958235770403	0.995077643930182	0.841187036237099	0.714530409081525	0.734138316207509	0.704558837304774	0.858841382227756	0.81538538762496	0.777610548335558	0.779556837784751	0.752009335378471	0.821209857772042	0.884239512883419	0.97611111203252	0.969229765140925	0.786905199431862	0.836247961363183	0.739700337952191	0.77526917350473	0.838339824108453	0.937803691801715	0.975894224949718	0.597432203066999	0.811467063648776	0.993006794296586	0.749793039092597	0.844553503495811	0.825820239356488	0.997284527724616	0.951149408810529	0.995884311687904	0.997991176156783	0.877554933834239	0.997400970467533	0.974567113973267	0.989200424021183	0.984050855286075	0.84721322300836	0.872348944026513	0.836392643186054
0.900866488852261	0.84702829977392	0.426861544254672	0.655748865525272	0.612517723306748	0.659580519662824	0.658268534387409	0.869506306727983	0.967116789484695	0.755057761334883	0.732540563618388	0.471000679156031	0.341987126847762	0.606971876373679	0.235845540465136	0.838153885827632	0.710665253561421	0	0.258063841579039	0.42995862377695	0.703520370679531	0.486837531085175	0.905651622471279	0.221295152106929	0.364388294322152	0.614100237016873	0.507683288200439	0.998463675231528	0.959551807791501	0.839509338534527	0.427432122039414	0.350572985201085	0.366008087058122	0.462048875243008	0.762679454915772	0.655187892729222	0.912664980116401	0.52602755355188	0.912098724424619	0.543414118959644	0.393209915631231	0.3435391301459	0.960250476799249	0.867567666820011	0.948044467644045	0.756655290986035	0.812866584515913	0.873489978635504	0.833277862735354	0.647429382581843	0.732227967700612	0.94453830551101	0.41951300581801	0.781826678324765	0.774885539235854	0.442505058011193	0.651247312260221	0.802513882785218	0.522525973000633	0.553109404072608	0.508872354659526	0.659159523272397	0.74058973646498	0.550715766370711	0.62734930737521	0.496821735131775	0.811116940374104	0.561848864354581	0.362342350867999	0.819124650720999	0.228013200060537	0.684160451686485	0.420806192540515	0.331776139978062	0.940801107372029	0.35716795057631	0.736729498449547	0.573584316764129	0.162219836921892	0.585099490377409	0.559124520368824	0.34320771006099	0.565107947068893	0.286571290556077	0.53725234838055	0.577962586220054	0.963586661559528	0.993296604038411	0.597444912288601	0.368065091421942	0.31901500029626	0.274188892345842	0.54157888124098	0.984377112841892	0.913866223989036	0.80656168616212	0.599411561448348	0.971551577606306	0.290454709484042	0.693177924552325	0.997071556237454	0.769869684669556	0.979606598939864	0.770962576297121	0.856325113703672	0.996795100089139	0.8538902523647	0.689617903866836	0.915190530856126	0.882331203339236	0.998919781945623	0.887717329723956	0.412337656172133
0.916491104636354	0.849275560165794	0.433064215831635	0.657890269052258	0.61330767301648	0.666741141039922	0.628123309865288	0.866566378115346	0.96606054833797	0.721143000866566	0.790968606284248	0.572482284961359	0.435981534010807	0.683568327163209	0.393389076333209	0.845209733340028	0.756528907519913	0.258063841579039	0	0.546048365657238	0.747486362895527	0.498601230638565	0.873886421903322	0.275705563152947	0.350078481436943	0.62303644906514	0.581552982111932	0.99897191115997	0.958941144146246	0.841444251413279	0.481707914845092	0.458350742912082	0.399406013524561	0.485130943425886	0.774000787471752	0.721687439858883	0.894874889137629	0.495688526739623	0.93401537795301	0.510191416174557	0.385057057813593	0.471455397947126	0.966028477785548	0.87725441464026	0.956581726810778	0.788924960803159	0.834844094120366	0.91189328250016	0.855331291815023	0.70611245081489	0.773775263271249	0.969304229196523	0.566496352907048	0.801415276597286	0.757388778891707	0.387896830582514	0.660033441989764	0.802485889745604	0.528711546389476	0.530464797594801	0.535458403705745	0.668851282967247	0.719227498556	0.526114146206353	0.683459271844055	0.548441146402819	0.843113155206874	0.622795998314705	0.466639738959608	0.864678010074999	0.355413367480243	0.72381009548998	0.421946192449739	0.386781652488495	0.961843219182839	0.258219333943775	0.768760685231916	0.528553119181199	0.288467901568031	0.62057778530957	0.595248914558504	0.345890406009752	0.555127373519552	0.449565589958489	0.667748637190031	0.634062077277003	0.955811501132231	0.997077951894744	0.644502663846993	0.414140351468923	0.440144411923199	0.259453306859918	0.441741927537596	0.988735039499725	0.935631030368192	0.756933388751295	0.61821251502144	0.98542395640274	0.378108257468559	0.677163250981876	0.996923027283717	0.809598305932313	0.979938187231285	0.806529314459844	0.881352280664984	0.999961560523624	0.877476105723261	0.746573492523162	0.948562547675596	0.851395742208082	0.999971507620127	0.83258398450947	0.330046089085069
