[[0.0, 2.824, 3.385, 3.368, 4.768, 6.902, 7.669, 7.26, 8.97, 10.8, 10.077, 8.228, 7.47, 7.319, 7.594, 8.304, 8.198, 7.987, 6.408, 5.988, 5.303, 5.151, 5.789, 7.569, 8.368, 7.51, 6.662, 5.149, 3.878, 4.911, 5.125, 5.019, 4.302, 3.513, 5.584, 6.933, 6.362, 6.169, 6.711, 7.704, 6.752, 5.713, 5.359, 6.594, 7.978, 6.154, 5.832, 5.097, 4.972, 5.9, 5.984, 5.986, 6.343, 6.715, 7.091, 8.917, 9.668, 9.276, 8.999, 10.95, 13.734, 12.74, 8.785, 7.185, 7.38, 6.449, 6.921, 7.253, 6.416, 4.881, 3.775, 3.431, 4.947, 5.023, 3.588, 2.386, 3.022, 4.376, 4.64, 4.356, 3.702, 3.037, 3.173, 3.574, 3.147, 2.169, 3.173, 6.81, 10.766, 10.205, 10.497, 9.682, 6.822, 4.122, 5.717, 7.85, 7.732, 6.622, 5.396, 3.397, 3.095, 3.203, 3.342, 5.076, 6.548, 6.281, 5.284, 5.33, 7.231, 7.535, 7.305, 8.045, 8.44, 8.001, 7.926, 8.094, 8.396, 8.171, 5.52, 2.542, 1.694, 3.583, 4.423, 3.967, 3.089, 4.135, 5.104, 4.56, 3.94, 4.282, 5.673, 4.902, 5.157, 5.447, 5.506, 4.395, 5.437, 6.581, 7.339, 7.726, 6.731, 6.721, 6.665, 6.762, 6.493, 5.849, 5.969, 5.658, 5.924, 6.108, 8.462, 8.694, 6.075, 6.096, 6.721, 6.284, 5.915, 5.937, 7.591, 8.62, 8.266, 8.072, 7.904, 7.946, 7.772, 7.034, 6.413, 6.854, 6.56, 6.341, 5.735, 5.724, 6.777, 5.673, 4.932, 5.641, 5.095, 5.282, 5.363, 4.104, 3.602, 3.386, 3.232, 3.263, 4.494, 4.458, 4.806, 5.563, 6.205, 5.621, 5.215, 5.07, 5.186, 6.418, 6.98, 6.53, 6.335, 6.164, 6.089, 6.551, 7.284, 6.329, 4.566, 4.143, 4.704, 5.514], [2.824, 0.0, 1.403, 1.433, 2.24, 4.339, 5.089, 4.718, 6.402, 8.274, 7.478, 5.756, 5.023, 5.607, 6.301, 7.245, 7.869, 8.24, 6.809, 5.521, 5.494, 5.506, 5.663, 5.978, 6.028, 5.455, 4.537, 3.046, 2.621, 2.417, 2.784, 2.75, 2.029, 2.586, 5.782, 8.556, 8.077, 8.061, 8.712, 10.056, 8.852, 6.693, 5.878, 8.212, 9.995, 8.065, 7.002, 6.203, 5.96, 7.519, 7.534, 7.455, 7.644, 7.724, 8.611, 10.394, 11.182, 10.777, 10.691, 12.831, 16.392, 15.408, 11.325, 9.813, 10.008, 9.103, 9.503, 9.53, 8.3, 6.646, 5.603, 4.899, 7.033, 7.423, 5.411, 3.585, 2.755, 3.418, 3.511, 3.342, 3.8, 3.29, 2.833, 2.659, 2.011, 2.449, 4.297, 8.429, 12.372, 12.045, 12.282, 10.979, 6.675, 2.84, 3.473, 5.35, 5.153, 4.291, 3.432, 2.71, 2.814, 2.429, 2.442, 3.67, 4.797, 4.853, 4.234, 3.086, 4.732, 5.015, 4.779, 5.456, 5.871, 5.419, 5.339, 5.58, 5.878, 5.629, 3.164, 1.969, 2.354, 1.61, 2.073, 1.908, 1.844, 2.275, 3.198, 2.987, 2.527, 4.036, 5.777, 5.099, 5.454, 6.684, 6.645, 5.93, 7.18, 8.57, 9.089, 8.841, 7.672, 7.315, 7.408, 6.509, 6.016, 6.759, 7.922, 7.171, 6.492, 7.578, 10.798, 10.346, 7.466, 7.741, 8.014, 7.675, 6.792, 7.435, 9.356, 9.927, 9.234, 8.962, 8.912, 8.849, 8.666, 7.188, 6.127, 7.048, 7.029, 6.278, 4.98, 4.814, 5.689, 4.518, 3.73, 4.053, 3.443, 3.676, 3.69, 2.606, 2.602, 2.96, 4.162, 5.15, 4.362, 4.36, 5.696, 4.459, 4.793, 4.08, 3.564, 3.493, 3.496, 4.303, 4.53, 4.324, 4.677, 4.57, 4.613, 5.022, 5.699, 4.787, 3.701, 3.782, 3.734, 4.635], [3.385, 1.403, 0.0, 1.4, 1.72, 3.621, 4.342, 4.081, 5.604, 7.591, 6.762, 5.211, 4.593, 5.724, 6.546, 7.335, 7.987, 8.24, 6.704, 5.394, 5.421, 5.425, 5.74, 5.965, 5.742, 5.278, 3.824, 2.584, 2.342, 1.942, 2.547, 2.568, 1.992, 2.809, 5.795, 9.103, 8.717, 8.742, 9.34, 10.695, 9.435, 7.172, 6.559, 8.752, 10.631, 8.506, 6.997, 6.287, 6.231, 7.833, 8.067, 7.785, 7.738, 8.21, 9.213, 10.75, 11.311, 11.045, 11.141, 13.411, 17.037, 16.069, 11.983, 10.452, 10.665, 9.761, 10.174, 10.226, 8.921, 7.289, 6.14, 5.281, 7.6, 8.076, 5.987, 3.969, 3.449, 3.622, 3.534, 3.499, 3.837, 3.387, 2.926, 3.108, 2.543, 2.931, 4.968, 8.821, 12.727, 12.536, 12.763, 11.296, 6.465, 3.076, 2.551, 4.598, 4.396, 3.555, 2.812, 2.423, 2.6, 1.962, 2.015, 3.757, 4.966, 5.009, 4.234, 2.991, 4.13, 4.421, 4.061, 4.743, 5.102, 4.709, 4.615, 4.924, 5.228, 4.939, 2.654, 1.849, 2.754, 1.841, 2.3, 2.16, 2.102, 2.272, 2.908, 3.098, 2.779, 4.245, 5.74, 5.072, 5.528, 6.869, 6.963, 6.299, 7.698, 9.111, 9.451, 9.196, 7.731, 7.243, 7.299, 6.382, 5.858, 7.236, 8.562, 7.794, 6.518, 7.961, 11.437, 10.756, 7.883, 8.221, 8.395, 7.978, 7.009, 7.879, 10.016, 10.206, 9.144, 8.828, 8.849, 8.703, 8.533, 7.037, 6.02, 6.884, 7.081, 6.049, 4.953, 5.036, 5.831, 4.581, 3.897, 4.298, 3.584, 3.603, 3.821, 2.862, 3.351, 3.863, 4.991, 5.762, 4.953, 4.915, 5.625, 4.658, 4.964, 4.257, 3.642, 3.408, 3.378, 4.067, 4.124, 4.082, 4.667, 4.466, 4.576, 4.934, 5.707, 4.867, 4.077, 4.144, 4.039, 5.394], [3.368, 1.433, 1.4, 0.0, 1.774, 3.618, 4.333, 4.035, 5.691, 7.489, 6.754, 4.988, 4.187, 5.388, 5.873, 6.883, 7.518, 7.842, 6.543, 5.207, 5.005, 5.113, 5.163, 5.524, 5.57, 5.326, 4.008, 2.548, 2.176, 1.876, 2.256, 2.269, 1.771, 3.064, 6.309, 9.281, 8.713, 8.878, 9.478, 10.663, 9.474, 7.513, 6.761, 9.012, 10.707, 8.822, 7.605, 6.839, 6.767, 8.43, 8.39, 8.282, 8.143, 8.515, 9.419, 11.23, 11.967, 11.586, 11.383, 13.641, 16.946, 15.944, 11.891, 10.414, 10.641, 9.727, 10.072, 10.324, 9.044, 7.474, 6.425, 5.601, 7.63, 8.072, 6.334, 4.446, 3.527, 3.902, 3.521, 3.718, 4.454, 3.968, 3.473, 3.379, 2.26, 3.068, 5.041, 9.016, 13.128, 12.959, 13.206, 11.79, 6.961, 3.196, 2.788, 4.505, 4.503, 3.636, 3.017, 2.632, 3.08, 2.699, 2.222, 3.34, 4.386, 4.621, 3.757, 2.441, 3.989, 4.407, 4.09, 4.818, 5.207, 4.775, 4.702, 4.831, 5.188, 4.947, 2.458, 2.173, 2.585, 1.379, 1.931, 1.637, 1.654, 1.603, 2.536, 2.647, 2.405, 4.395, 6.368, 5.379, 5.847, 7.023, 7.386, 6.593, 7.845, 9.321, 9.742, 9.749, 8.402, 7.885, 7.852, 6.909, 6.457, 7.592, 8.488, 7.711, 6.915, 8.136, 11.327, 10.963, 7.951, 8.294, 8.904, 8.521, 7.384, 8.368, 10.188, 10.694, 9.849, 9.551, 9.465, 9.24, 8.914, 7.492, 6.462, 7.345, 7.407, 6.623, 5.458, 5.403, 6.254, 5.051, 4.228, 4.498, 3.627, 3.4, 3.644, 2.845, 3.078, 3.193, 4.609, 5.684, 4.62, 4.81, 5.999, 4.566, 4.465, 3.825, 3.451, 3.19, 2.935, 3.758, 3.962, 3.868, 4.275, 4.041, 4.042, 4.363, 5.342, 4.42, 3.601, 3.937, 3.705, 5.004], [4.768, 2.24, 1.72, 1.774, 0.0, 2.305, 3.06, 2.79, 4.353, 6.395, 5.574, 4.446, 4.21, 5.799, 6.485, 7.615, 8.308, 8.786, 7.554, 5.823, 5.941, 6.061, 6.091, 6.242, 5.764, 5.237, 3.639, 2.416, 2.806, 1.936, 2.072, 1.786, 1.329, 3.582, 6.983, 10.472, 10.15, 10.138, 10.717, 12.104, 10.845, 8.527, 7.827, 10.133, 12.032, 9.866, 8.259, 7.378, 7.521, 8.884, 9.302, 9.103, 8.98, 9.512, 10.538, 12.05, 12.286, 12.138, 12.515, 14.766, 18.446, 17.478, 13.393, 11.861, 12.098, 11.194, 11.607, 11.608, 10.294, 8.616, 7.396, 6.653, 8.995, 9.472, 7.243, 5.088, 4.129, 4.008, 3.229, 3.687, 4.908, 4.386, 3.86, 3.794, 3.344, 4.327, 6.395, 10.216, 13.938, 13.924, 14.051, 12.683, 7.279, 2.88, 2.031, 3.62, 3.342, 3.025, 3.022, 3.409, 3.998, 2.928, 2.557, 3.926, 4.797, 5.011, 4.336, 2.859, 3.415, 3.986, 3.053, 3.384, 3.834, 3.441, 3.38, 3.662, 3.893, 3.479, 1.349, 3.126, 4.147, 2.226, 2.028, 2.202, 2.76, 2.103, 2.004, 2.274, 2.776, 5.512, 7.118, 6.385, 6.809, 8.279, 8.177, 7.591, 9.087, 10.448, 10.83, 10.327, 8.679, 8.011, 8.269, 7.282, 6.616, 8.601, 9.971, 9.203, 7.741, 9.37, 12.846, 12.063, 9.224, 9.6, 9.612, 9.045, 8.248, 9.055, 11.352, 11.457, 9.914, 9.48, 9.694, 9.439, 9.424, 7.923, 6.847, 7.879, 8.32, 7.093, 5.708, 5.766, 5.827, 4.511, 3.727, 3.508, 2.781, 2.28, 2.77, 2.703, 3.909, 4.418, 6.144, 7.171, 6.149, 6.23, 6.795, 4.886, 4.193, 3.291, 2.629, 2.41, 2.184, 2.777, 2.845, 2.807, 3.335, 3.17, 3.519, 3.917, 4.647, 3.942, 4.308, 4.983, 4.738, 6.258], [6.902, 4.339, 3.621, 3.618, 2.305, 0.0, 1.26, 1.492, 2.373, 4.272, 3.521, 3.387, 3.858, 5.606, 6.954, 7.721, 8.51, 9.198, 8.074, 5.903, 6.135, 6.694, 6.006, 5.887, 5.379, 4.99, 3.755, 3.212, 4.081, 2.96, 2.444, 2.253, 2.809, 5.617, 9.227, 12.554, 12.212, 12.288, 12.872, 14.235, 12.943, 10.671, 10.051, 12.211, 14.17, 11.985, 10.375, 9.553, 9.675, 11.066, 11.449, 11.315, 11.113, 11.696, 12.753, 14.247, 14.541, 14.348, 14.641, 16.95, 20.525, 19.557, 15.471, 13.988, 14.195, 13.285, 13.669, 13.772, 12.443, 10.828, 9.568, 8.805, 11.073, 11.616, 9.497, 7.338, 6.343, 6.067, 5.174, 5.657, 7.119, 6.58, 6.026, 6.03, 5.379, 6.392, 8.456, 12.362, 16.0, 16.014, 16.147, 14.758, 9.161, 4.321, 2.388, 2.527, 2.998, 3.036, 3.398, 4.48, 5.275, 4.284, 4.017, 4.004, 4.26, 4.541, 3.825, 2.788, 2.376, 3.157, 2.113, 1.795, 2.247, 1.842, 1.617, 2.093, 2.331, 1.957, 1.698, 5.071, 6.07, 3.723, 2.909, 3.412, 4.542, 3.185, 2.379, 3.359, 4.662, 7.592, 9.212, 8.487, 8.894, 10.357, 10.256, 9.669, 11.165, 12.555, 12.946, 12.458, 10.793, 9.948, 10.246, 9.269, 8.687, 10.748, 12.062, 11.281, 9.832, 11.455, 14.925, 14.141, 11.416, 11.76, 11.874, 11.165, 10.459, 11.279, 13.544, 13.67, 12.037, 11.558, 11.596, 11.307, 11.284, 9.881, 8.823, 9.854, 10.399, 9.159, 7.731, 7.758, 7.563, 6.212, 5.059, 4.393, 3.809, 3.409, 3.758, 4.843, 6.103, 6.444, 8.222, 9.258, 8.228, 8.329, 8.812, 6.762, 4.783, 4.079, 3.883, 3.546, 2.622, 1.684, 1.594, 1.76, 2.776, 2.627, 3.217, 3.19, 3.925, 4.029, 6.265, 7.061, 6.812, 8.303], [7.669, 5.089, 4.342, 4.333, 3.06, 1.26, 0.0, 1.062, 1.974, 3.523, 2.79, 2.593, 3.093, 4.866, 6.269, 7.006, 7.769, 8.527, 7.366, 5.251, 5.674, 6.227, 5.548, 5.074, 4.618, 4.247, 3.134, 3.181, 4.275, 3.222, 2.735, 2.846, 3.562, 6.341, 9.985, 13.312, 12.962, 13.025, 13.631, 14.993, 13.702, 11.43, 10.809, 12.967, 14.929, 12.743, 11.134, 10.312, 10.433, 11.805, 12.214, 12.064, 11.872, 12.455, 13.511, 15.005, 15.299, 15.107, 15.4, 17.709, 21.278, 20.27, 16.188, 14.746, 14.933, 14.023, 14.365, 14.516, 13.202, 11.587, 10.327, 9.563, 11.791, 12.374, 10.256, 8.097, 7.102, 6.827, 5.921, 6.361, 7.857, 7.318, 6.763, 6.768, 6.074, 7.139, 9.203, 13.1, 16.695, 16.751, 16.884, 15.495, 9.92, 5.149, 2.378, 2.025, 2.425, 2.526, 2.996, 4.797, 5.565, 4.811, 4.463, 3.575, 3.672, 4.156, 3.267, 2.596, 2.059, 2.517, 1.415, 1.435, 1.814, 1.702, 1.978, 2.692, 2.785, 2.1, 2.532, 5.829, 6.775, 4.38, 3.563, 4.119, 5.257, 3.896, 3.172, 4.139, 5.375, 8.351, 9.97, 9.246, 9.652, 11.105, 10.972, 10.386, 11.894, 13.314, 13.705, 13.208, 11.534, 10.702, 10.998, 9.999, 9.445, 11.506, 12.821, 11.998, 10.59, 12.214, 15.653, 14.858, 12.175, 12.519, 12.633, 11.924, 11.218, 12.038, 14.303, 14.429, 12.796, 12.315, 12.296, 12.062, 11.979, 10.599, 9.539, 10.56, 11.115, 9.909, 8.427, 8.493, 8.306, 7.063, 5.909, 5.147, 4.688, 4.132, 4.548, 5.602, 6.862, 7.202, 8.939, 10.017, 8.942, 9.088, 9.553, 7.479, 5.58, 4.746, 4.59, 4.326, 3.357, 2.125, 2.054, 2.426, 3.512, 3.452, 4.103, 4.032, 4.751, 4.949, 7.023, 7.778, 7.529, 9.019], [7.26, 4.718, 4.081, 4.035, 2.79, 1.492, 1.062, 0.0, 2.235, 4.028, 3.303, 2.978, 3.293, 5.082, 6.406, 7.215, 7.944, 8.702, 7.437, 5.445, 5.898, 6.342, 5.772, 5.429, 4.909, 4.564, 3.248, 3.2, 4.225, 3.273, 2.469, 2.516, 3.2, 6.009, 9.568, 12.911, 12.575, 12.632, 13.214, 14.576, 13.285, 11.013, 10.392, 12.572, 14.512, 12.326, 10.717, 9.895, 10.016, 11.41, 11.81, 11.675, 11.455, 12.038, 13.094, 14.588, 14.882, 14.69, 14.982, 17.292, 20.886, 19.918, 15.832, 14.329, 14.539, 13.629, 14.032, 14.116, 12.785, 11.17, 9.91, 9.146, 11.434, 11.957, 9.838, 7.68, 6.685, 6.409, 5.518, 5.96, 7.464, 6.924, 6.37, 6.375, 5.742, 6.763, 8.831, 12.707, 16.363, 16.358, 16.491, 15.109, 9.527, 4.871, 2.282, 2.551, 2.756, 2.798, 3.103, 4.815, 5.686, 4.721, 4.258, 3.719, 4.055, 4.444, 3.553, 2.565, 2.376, 2.821, 1.637, 1.736, 2.331, 2.078, 2.03, 2.738, 2.873, 2.238, 2.339, 5.442, 6.459, 4.287, 3.463, 3.84, 5.109, 3.656, 2.852, 3.725, 5.03, 7.951, 9.558, 8.829, 9.242, 10.718, 10.617, 10.03, 11.526, 12.897, 13.288, 12.802, 11.137, 10.285, 10.606, 9.63, 9.028, 11.089, 12.411, 11.642, 10.173, 11.81, 15.286, 14.502, 11.758, 12.102, 12.216, 11.507, 10.801, 11.621, 13.886, 14.012, 12.379, 11.902, 11.881, 11.627, 11.599, 10.233, 9.184, 10.217, 10.759, 9.503, 8.094, 8.096, 7.891, 6.71, 5.536, 4.797, 4.466, 3.733, 4.089, 5.185, 6.444, 6.797, 8.583, 9.611, 8.588, 8.671, 9.173, 7.132, 5.379, 4.56, 4.228, 4.038, 2.98, 1.981, 2.046, 2.332, 3.4, 3.308, 3.944, 3.869, 4.699, 4.727, 6.61, 7.422, 7.173, 8.664], [8.97, 6.402, 5.604, 5.691, 4.353, 2.373, 1.974, 2.235, 0.0, 2.104, 2.45, 3.51, 4.287, 6.008, 7.456, 8.166, 8.884, 9.706, 8.457, 6.394, 6.856, 7.391, 6.753, 6.321, 5.811, 5.487, 4.282, 4.35, 5.332, 4.361, 4.018, 4.214, 4.865, 7.695, 11.28, 14.628, 14.282, 14.323, 14.925, 16.288, 15.001, 12.724, 12.104, 14.289, 16.223, 14.038, 12.428, 11.608, 11.728, 13.101, 13.514, 13.365, 13.167, 13.75, 14.806, 16.3, 16.594, 16.401, 16.694, 19.003, 22.603, 21.625, 17.549, 16.041, 16.23, 15.32, 15.729, 15.81, 14.497, 12.882, 11.621, 10.858, 13.151, 13.669, 11.55, 9.407, 8.414, 8.181, 7.239, 7.651, 9.155, 8.615, 8.061, 8.078, 7.438, 8.457, 10.525, 14.398, 18.059, 18.049, 18.182, 16.805, 11.23, 6.334, 3.511, 3.097, 3.478, 3.678, 4.069, 5.98, 6.729, 6.043, 5.743, 4.641, 4.753, 5.005, 4.398, 3.776, 2.77, 3.407, 2.637, 2.106, 1.981, 1.776, 1.553, 1.728, 1.709, 1.474, 3.712, 7.14, 8.131, 5.729, 4.712, 5.36, 6.565, 5.201, 4.462, 5.397, 6.736, 9.668, 11.275, 10.54, 10.959, 12.434, 12.333, 11.747, 13.243, 14.609, 15.0, 14.508, 12.908, 12.024, 12.323, 11.347, 10.745, 12.801, 14.128, 13.359, 11.886, 13.527, 17.003, 16.219, 13.47, 13.814, 13.927, 13.231, 12.513, 13.332, 15.598, 15.724, 14.093, 13.618, 13.578, 13.336, 13.316, 11.95, 10.901, 11.916, 12.476, 11.206, 9.791, 9.786, 9.713, 8.314, 7.032, 6.289, 5.711, 5.414, 5.779, 6.896, 8.156, 8.514, 10.3, 11.327, 10.294, 10.386, 10.889, 8.84, 6.333, 5.834, 5.924, 5.589, 4.487, 3.045, 2.731, 2.945, 3.718, 3.933, 4.341, 4.389, 4.607, 5.595, 8.318, 9.139, 8.89, 10.38], [10.8, 8.274, 7.591, 7.489, 6.395, 4.272, 3.523, 4.028, 2.104, 0.0, 1.973, 3.267, 4.267, 5.947, 7.393, 8.15, 8.8, 9.613, 8.507, 6.753, 7.242, 7.799, 7.122, 5.816, 5.448, 5.427, 4.717, 5.86, 6.966, 6.003, 5.817, 5.916, 6.654, 9.459, 13.209, 16.514, 16.115, 16.177, 16.798, 18.151, 16.843, 14.612, 14.03, 16.17, 18.075, 15.89, 14.398, 13.618, 13.726, 15.07, 15.418, 15.331, 15.077, 15.638, 16.709, 18.257, 18.602, 18.367, 18.602, 20.889, 24.413, 23.398, 19.335, 17.895, 18.071, 17.146, 17.503, 17.728, 16.352, 14.81, 13.478, 12.758, 14.924, 15.524, 13.507, 11.443, 10.466, 10.22, 9.266, 9.632, 11.069, 10.522, 9.94, 10.094, 9.199, 10.249, 12.312, 16.235, 19.865, 19.961, 20.135, 18.717, 13.075, 8.192, 5.359, 3.388, 3.924, 4.757, 5.663, 7.605, 8.117, 7.919, 7.592, 5.895, 4.968, 5.37, 5.659, 5.58, 3.778, 3.873, 3.89, 3.354, 2.898, 3.022, 3.15, 3.009, 2.902, 3.154, 5.753, 8.963, 9.902, 7.444, 6.486, 7.204, 8.401, 7.034, 6.29, 7.249, 8.523, 11.498, 13.239, 12.38, 12.837, 14.237, 14.247, 13.534, 15.018, 16.447, 16.852, 16.552, 14.975, 13.975, 14.235, 13.297, 12.789, 14.73, 15.961, 15.132, 13.72, 15.346, 18.793, 18.006, 15.359, 15.684, 15.884, 15.223, 14.431, 15.325, 17.522, 17.648, 16.087, 15.656, 15.486, 15.193, 15.101, 13.755, 12.75, 13.739, 14.284, 13.056, 11.735, 11.741, 11.768, 10.367, 8.936, 8.327, 7.734, 7.459, 7.837, 8.914, 10.047, 10.344, 12.077, 13.15, 12.07, 12.219, 12.687, 10.606, 8.103, 7.595, 7.905, 7.63, 6.299, 4.609, 4.132, 4.553, 5.536, 5.711, 6.186, 6.2, 6.285, 7.511, 10.2, 10.933, 10.672, 12.197], [10.077, 7.478, 6.762, 6.754, 5.574, 3.521, 2.79, 3.303, 2.45, 1.973, 0.0, 2.349, 3.271, 4.927, 6.283, 6.986, 7.598, 8.475, 7.455, 5.733, 6.255, 6.812, 6.142, 4.491, 4.122, 4.246, 3.741, 5.038, 6.21, 5.273, 5.09, 5.206, 5.955, 8.733, 12.414, 15.731, 15.381, 15.437, 16.05, 17.412, 16.121, 13.849, 13.234, 15.386, 17.348, 15.161, 13.576, 12.775, 12.895, 14.242, 14.616, 14.514, 14.291, 14.874, 15.93, 17.44, 17.77, 17.552, 17.819, 20.128, 23.698, 22.688, 18.612, 17.166, 17.344, 16.434, 16.781, 16.935, 15.621, 14.015, 12.746, 11.983, 14.214, 14.793, 12.701, 10.59, 9.619, 9.412, 8.444, 8.806, 10.272, 9.729, 9.174, 9.256, 8.491, 9.534, 11.59, 15.511, 19.114, 19.17, 19.317, 17.919, 12.326, 7.464, 4.591, 2.53, 2.797, 3.852, 4.813, 6.896, 7.384, 7.099, 6.819, 5.101, 3.949, 4.332, 4.875, 4.819, 2.985, 2.794, 2.956, 2.393, 2.166, 2.332, 2.883, 3.431, 3.449, 3.196, 4.902, 8.248, 9.187, 6.713, 5.759, 6.476, 7.641, 6.293, 5.551, 6.522, 7.793, 10.767, 12.42, 11.665, 12.072, 13.519, 13.419, 12.811, 14.303, 15.732, 16.124, 15.709, 14.143, 13.205, 13.455, 12.451, 11.938, 13.934, 15.24, 14.422, 13.005, 14.628, 18.071, 17.282, 14.594, 14.938, 15.077, 14.407, 13.637, 14.499, 16.726, 16.853, 15.299, 14.848, 14.703, 14.527, 14.379, 13.014, 11.964, 13.001, 13.54, 12.327, 10.887, 10.899, 10.998, 9.615, 8.224, 7.616, 6.989, 6.659, 7.061, 8.069, 9.281, 9.621, 11.364, 12.435, 11.36, 11.505, 11.972, 9.895, 7.412, 6.912, 7.122, 6.831, 5.68, 3.865, 3.245, 4.006, 4.967, 5.045, 5.564, 5.569, 5.663, 6.74, 9.442, 10.202, 9.954, 11.444], [8.228, 5.756, 5.211, 4.988, 4.446, 3.387, 2.593, 2.978, 3.51, 3.267, 2.349, 0.0, 1.706, 3.201, 4.409, 5.269, 5.934, 6.656, 5.741, 4.03, 4.489, 4.998, 4.312, 3.177, 2.826, 2.657, 2.515, 3.457, 4.429, 3.725, 3.603, 4.063, 4.784, 7.231, 10.738, 13.926, 13.551, 13.634, 14.216, 15.571, 14.254, 12.035, 11.447, 13.588, 15.474, 13.274, 11.965, 11.132, 11.168, 12.709, 12.851, 12.82, 12.757, 13.056, 14.128, 15.697, 16.302, 15.883, 16.026, 18.306, 21.818, 20.775, 16.769, 15.317, 15.543, 14.618, 14.984, 15.171, 13.77, 12.228, 10.895, 10.185, 12.351, 12.944, 10.919, 8.855, 7.888, 8.145, 7.464, 7.857, 8.768, 8.35, 7.779, 7.642, 6.648, 7.744, 9.781, 13.728, 17.427, 17.435, 17.602, 16.221, 11.031, 6.857, 4.054, 2.26, 2.371, 2.787, 3.418, 5.076, 5.616, 5.482, 5.204, 3.441, 2.49, 3.019, 3.243, 3.018, 1.964, 1.902, 2.165, 2.606, 2.609, 2.82, 3.723, 4.454, 4.634, 4.098, 4.324, 6.49, 7.272, 4.829, 4.109, 4.659, 5.875, 4.509, 4.355, 5.237, 6.205, 8.922, 10.806, 9.949, 10.305, 11.671, 11.746, 10.974, 12.383, 13.84, 14.315, 14.029, 12.685, 12.131, 12.165, 11.147, 10.628, 12.151, 13.371, 12.559, 11.393, 12.742, 16.199, 15.45, 12.834, 13.153, 13.341, 12.789, 11.915, 12.74, 14.94, 15.125, 14.102, 13.729, 13.702, 13.397, 13.187, 11.74, 10.708, 11.536, 11.829, 10.71, 9.573, 9.588, 10.185, 8.924, 7.759, 7.623, 6.689, 5.891, 5.999, 6.722, 7.543, 7.739, 9.528, 10.544, 9.446, 9.606, 10.497, 8.655, 7.242, 6.705, 6.445, 6.346, 5.373, 3.838, 3.472, 3.895, 5.178, 5.001, 5.46, 5.556, 6.172, 6.048, 7.662, 8.486, 8.219, 9.659], [7.47, 5.023, 4.593, 4.187, 4.21, 3.858, 3.093, 3.293, 4.287, 4.267, 3.271, 1.706, 0.0, 2.15, 3.393, 4.211, 4.873, 5.673, 4.476, 2.847, 3.332, 3.895, 3.127, 2.465, 2.092, 2.161, 2.001, 2.931, 3.702, 3.078, 3.118, 3.728, 4.453, 6.816, 10.096, 13.258, 12.808, 12.918, 13.48, 14.802, 13.517, 11.404, 10.724, 12.891, 14.738, 12.705, 11.449, 10.691, 10.61, 12.278, 12.277, 12.16, 12.027, 12.4, 13.413, 15.088, 15.822, 15.443, 15.34, 17.605, 21.087, 20.059, 15.987, 14.555, 14.77, 13.86, 14.179, 14.43, 13.047, 11.488, 10.322, 9.523, 11.624, 12.187, 10.252, 8.322, 7.376, 7.693, 7.081, 7.402, 8.279, 7.786, 7.283, 7.201, 6.018, 7.03, 9.046, 13.004, 16.949, 16.818, 17.072, 15.649, 10.598, 6.55, 3.716, 2.229, 2.342, 2.464, 2.979, 4.391, 4.853, 4.995, 4.586, 2.666, 2.667, 3.292, 2.955, 2.472, 2.48, 2.29, 2.808, 3.592, 3.588, 3.67, 4.539, 5.492, 5.695, 4.961, 4.216, 5.952, 6.588, 4.288, 3.934, 4.387, 5.107, 3.944, 4.498, 4.98, 5.757, 8.333, 10.17, 9.281, 9.642, 11.037, 11.216, 10.429, 11.761, 13.215, 13.662, 13.596, 12.238, 11.676, 11.617, 10.649, 10.204, 11.468, 12.63, 11.8, 10.794, 12.089, 15.462, 14.82, 12.014, 12.358, 12.768, 12.377, 11.242, 12.233, 14.198, 14.551, 13.646, 13.289, 13.197, 12.999, 12.66, 11.191, 10.191, 11.069, 11.208, 10.286, 9.119, 9.067, 9.847, 8.581, 7.615, 7.553, 6.642, 5.854, 6.079, 6.305, 6.893, 7.014, 8.725, 9.826, 8.73, 8.897, 9.892, 8.155, 7.224, 6.694, 6.255, 6.21, 5.225, 4.582, 4.316, 4.932, 6.115, 6.011, 6.022, 6.03, 7.065, 6.534, 6.982, 7.766, 7.505, 8.85], [7.319, 5.607, 5.724, 5.388, 5.799, 5.606, 4.866, 5.082, 6.008, 5.947, 4.927, 3.201, 2.15, 0.0, 2.011, 2.457, 2.95, 3.792, 2.852, 2.02, 2.762, 3.117, 2.095, 1.529, 1.632, 1.589, 2.547, 3.476, 3.977, 4.168, 4.617, 5.278, 5.906, 7.734, 10.978, 13.286, 12.663, 12.699, 13.324, 14.642, 13.477, 11.39, 10.66, 12.946, 14.704, 12.693, 11.871, 11.158, 10.828, 12.3, 12.339, 12.399, 12.677, 12.731, 13.587, 15.291, 16.045, 15.629, 15.44, 17.596, 20.927, 19.934, 15.89, 14.39, 14.56, 13.649, 14.047, 14.208, 13.027, 11.489, 10.273, 9.778, 11.616, 12.022, 10.107, 8.472, 7.324, 8.306, 7.865, 8.063, 8.785, 8.204, 7.672, 7.672, 6.574, 7.254, 8.953, 13.34, 17.018, 16.61, 16.863, 15.756, 11.988, 8.097, 4.982, 3.798, 3.618, 3.409, 3.361, 4.29, 4.786, 4.98, 4.861, 2.778, 3.13, 3.204, 2.892, 3.652, 4.336, 3.812, 4.495, 5.365, 5.381, 5.433, 6.258, 7.247, 7.426, 6.704, 5.816, 6.474, 6.648, 5.164, 5.241, 5.833, 5.998, 5.427, 6.231, 6.824, 7.435, 9.266, 11.06, 10.224, 10.588, 11.664, 11.421, 10.594, 11.824, 13.138, 13.843, 13.81, 12.702, 12.361, 12.396, 11.626, 11.149, 11.628, 12.528, 11.844, 11.379, 12.359, 15.412, 15.104, 12.479, 12.645, 12.918, 12.451, 11.76, 12.2, 14.121, 14.828, 14.247, 14.032, 13.97, 13.821, 13.634, 12.332, 11.344, 12.258, 12.095, 11.555, 10.322, 10.053, 11.148, 9.908, 9.06, 9.142, 8.291, 7.564, 7.819, 7.259, 7.383, 7.124, 8.724, 9.85, 9.442, 9.592, 10.648, 9.647, 9.034, 8.45, 7.856, 7.718, 6.777, 6.321, 6.088, 6.66, 7.884, 7.778, 7.912, 7.875, 8.852, 8.349, 7.534, 8.307, 8.481, 9.48], [7.594, 6.301, 6.546, 5.873, 6.485, 6.954, 6.269, 6.406, 7.456, 7.393, 6.283, 4.409, 3.393, 2.011, 0.0, 1.808, 2.173, 2.565, 2.763, 3.394, 3.499, 3.36, 2.868, 2.668, 2.587, 2.901, 3.938, 4.705, 4.929, 4.961, 5.322, 6.128, 6.589, 8.56, 11.961, 14.212, 13.258, 13.414, 14.053, 15.017, 14.119, 12.297, 11.597, 13.936, 15.384, 13.523, 12.948, 12.244, 11.882, 13.297, 13.351, 13.377, 13.548, 13.71, 14.422, 16.322, 17.093, 16.68, 16.399, 18.369, 21.087, 20.104, 16.2, 14.653, 14.803, 13.84, 14.251, 14.652, 13.838, 12.33, 11.173, 10.722, 12.262, 12.407, 11.039, 9.517, 8.352, 9.321, 8.897, 9.098, 9.848, 9.256, 8.713, 8.553, 7.368, 8.044, 9.7, 14.107, 18.056, 17.532, 17.84, 16.79, 12.727, 8.752, 6.005, 5.345, 4.863, 5.031, 4.919, 5.149, 5.576, 6.042, 5.889, 4.194, 3.989, 4.41, 4.572, 4.742, 5.643, 5.31, 6.022, 6.862, 6.821, 6.886, 7.499, 8.521, 8.8, 8.081, 6.745, 7.246, 7.011, 5.374, 5.997, 6.277, 6.422, 6.23, 7.354, 7.635, 7.774, 9.917, 11.934, 10.807, 11.498, 12.313, 12.493, 11.533, 12.622, 13.895, 14.706, 14.879, 13.77, 13.413, 13.406, 12.59, 12.151, 12.639, 12.856, 12.286, 12.079, 12.992, 15.819, 16.023, 13.217, 13.389, 13.949, 13.527, 12.823, 13.237, 14.855, 15.858, 15.32, 15.081, 15.007, 14.749, 14.524, 13.242, 12.241, 13.061, 13.077, 12.245, 11.127, 10.895, 11.944, 10.738, 9.754, 9.885, 9.028, 8.523, 8.823, 8.117, 8.219, 7.872, 9.075, 10.13, 9.732, 9.878, 11.336, 10.118, 9.563, 9.093, 8.714, 8.456, 7.762, 7.722, 7.5, 7.978, 9.075, 8.906, 8.861, 8.94, 10.101, 9.47, 8.44, 9.261, 9.206, 10.305], [8.304, 7.245, 7.335, 6.883, 7.615, 7.721, 7.006, 7.215, 8.166, 8.15, 6.986, 5.269, 4.211, 2.457, 1.808, 0.0, 1.078, 2.445, 3.158, 3.278, 3.693, 3.965, 3.169, 2.817, 2.928, 3.114, 4.329, 5.35, 5.494, 6.013, 6.462, 7.342, 7.839, 9.467, 12.585, 14.724, 13.902, 13.83, 14.465, 15.538, 14.57, 12.596, 12.103, 14.314, 15.738, 13.948, 13.42, 12.702, 12.367, 13.637, 13.798, 13.729, 14.022, 14.293, 14.843, 16.708, 17.46, 17.069, 16.763, 18.647, 21.804, 20.813, 16.776, 15.215, 15.353, 14.458, 14.919, 15.056, 14.278, 12.582, 11.539, 11.153, 12.754, 12.963, 11.365, 9.934, 8.644, 10.0, 9.541, 9.692, 10.405, 9.627, 9.217, 9.277, 8.174, 8.646, 10.116, 14.569, 18.425, 17.865, 18.102, 17.284, 13.625, 9.853, 6.647, 5.931, 5.423, 5.329, 5.131, 5.527, 5.988, 6.484, 6.336, 4.222, 4.722, 4.795, 4.825, 5.589, 6.317, 5.989, 6.702, 7.529, 7.491, 7.556, 8.34, 9.364, 9.5, 8.78, 7.766, 8.129, 7.736, 6.709, 7.188, 7.668, 7.361, 7.383, 8.366, 8.751, 9.147, 10.886, 12.683, 11.723, 12.211, 13.082, 12.996, 12.043, 13.315, 14.347, 15.163, 15.407, 14.293, 14.026, 13.999, 13.296, 12.811, 13.062, 13.732, 12.928, 12.9, 13.686, 16.351, 16.533, 13.791, 13.823, 14.406, 13.984, 13.329, 13.59, 15.205, 16.302, 15.839, 15.641, 15.538, 15.45, 15.282, 14.018, 12.965, 13.937, 13.831, 13.223, 12.068, 11.809, 12.858, 11.579, 10.854, 11.049, 10.185, 9.586, 9.852, 9.092, 9.034, 8.645, 9.687, 10.94, 10.806, 10.832, 12.187, 11.318, 10.972, 10.398, 9.88, 9.546, 8.758, 8.443, 8.213, 8.754, 9.974, 9.907, 9.947, 9.908, 10.894, 10.393, 9.071, 9.863, 10.059, 11.064], [8.198, 7.869, 7.987, 7.518, 8.308, 8.51, 7.769, 7.944, 8.884, 8.8, 7.598, 5.934, 4.873, 2.95, 2.173, 1.078, 0.0, 1.973, 2.97, 3.457, 3.637, 3.715, 3.136, 3.219, 3.507, 3.651, 4.904, 5.999, 5.823, 6.733, 7.111, 8.03, 8.523, 10.079, 13.075, 14.936, 14.183, 13.863, 14.525, 15.389, 14.719, 12.965, 12.451, 14.59, 15.893, 14.156, 13.776, 13.01, 12.706, 13.834, 14.014, 13.934, 14.295, 14.575, 15.064, 16.918, 17.674, 17.284, 16.992, 18.773, 21.474, 20.502, 16.583, 14.932, 14.996, 14.042, 14.566, 14.933, 14.435, 12.79, 11.707, 11.429, 12.871, 12.787, 11.524, 10.184, 9.066, 10.517, 10.177, 10.248, 10.788, 9.927, 9.631, 9.846, 8.82, 9.052, 10.355, 14.722, 18.695, 18.033, 18.319, 17.615, 14.202, 10.529, 7.222, 6.576, 5.946, 5.976, 5.707, 5.899, 6.241, 6.783, 6.585, 4.779, 5.231, 5.123, 5.241, 6.166, 7.013, 6.612, 7.334, 8.192, 8.196, 8.26, 9.087, 10.136, 10.258, 9.508, 8.459, 8.501, 7.782, 7.289, 7.826, 8.236, 7.925, 8.05, 9.103, 9.352, 9.764, 11.484, 13.292, 12.141, 12.73, 13.362, 13.362, 12.355, 13.506, 14.482, 15.383, 15.7, 14.603, 14.433, 14.429, 13.907, 13.397, 13.443, 13.854, 13.147, 13.24, 13.948, 16.351, 16.743, 14.012, 14.057, 14.674, 14.29, 13.683, 13.828, 15.44, 16.571, 16.152, 15.953, 15.827, 15.812, 15.661, 14.553, 13.579, 14.531, 14.338, 13.807, 12.738, 12.486, 13.483, 12.192, 11.526, 11.748, 10.885, 10.268, 10.534, 9.795, 9.657, 9.119, 9.65, 10.721, 11.079, 11.19, 12.472, 11.902, 11.577, 11.1, 10.619, 10.293, 9.472, 9.199, 8.919, 9.47, 10.656, 10.641, 10.61, 10.627, 11.615, 11.129, 9.696, 10.26, 10.608, 11.606], [7.987, 8.24, 8.24, 7.842, 8.786, 9.198, 8.527, 8.702, 9.706, 9.613, 8.475, 6.656, 5.673, 3.792, 2.565, 2.445, 1.973, 0.0, 2.181, 3.509, 3.334, 3.146, 3.344, 4.088, 4.526, 4.473, 5.566, 6.613, 6.124, 7.204, 7.626, 8.537, 8.895, 10.292, 13.328, 14.691, 14.25, 13.768, 14.315, 14.835, 14.291, 13.136, 12.72, 14.355, 15.288, 13.573, 13.668, 13.02, 12.797, 13.378, 13.689, 13.672, 14.236, 14.628, 14.835, 16.468, 17.331, 16.874, 16.348, 17.829, 19.73, 18.726, 14.935, 13.469, 13.322, 12.358, 13.129, 13.787, 13.831, 12.248, 11.466, 11.208, 12.11, 11.722, 11.081, 10.192, 9.326, 10.854, 10.605, 10.602, 10.963, 10.104, 9.883, 10.182, 9.159, 9.158, 10.399, 14.496, 18.095, 17.389, 17.407, 17.354, 14.375, 10.874, 7.699, 7.436, 6.858, 6.878, 6.383, 5.963, 6.24, 6.942, 6.705, 5.66, 6.088, 6.07, 6.035, 6.971, 7.891, 7.537, 8.255, 9.098, 9.064, 9.133, 9.748, 10.779, 11.03, 10.315, 9.084, 8.554, 7.764, 7.522, 8.381, 8.674, 8.243, 8.611, 9.674, 9.99, 10.04, 11.661, 13.456, 12.222, 12.928, 13.321, 13.435, 12.259, 13.091, 13.888, 15.012, 15.537, 14.638, 14.655, 14.535, 14.122, 13.608, 13.645, 13.825, 13.154, 13.341, 13.91, 15.506, 16.172, 13.941, 13.969, 14.514, 14.107, 13.825, 13.734, 15.399, 16.506, 16.235, 16.032, 15.745, 15.871, 15.669, 14.756, 13.772, 14.658, 14.463, 13.968, 12.983, 12.812, 13.856, 12.577, 11.8, 12.177, 11.349, 10.902, 11.184, 10.306, 10.077, 9.47, 9.572, 10.307, 11.119, 11.188, 12.465, 12.1, 11.962, 11.449, 11.115, 10.757, 10.079, 9.954, 9.731, 10.211, 11.369, 11.216, 11.211, 11.207, 12.338, 11.805, 10.103, 10.436, 10.863, 11.936], [6.408, 6.809, 6.704, 6.543, 7.554, 8.074, 7.366, 7.437, 8.457, 8.507, 7.455, 5.741, 4.476, 2.852, 2.763, 3.158, 2.97, 2.181, 0.0, 2.274, 2.122, 2.069, 2.464, 3.29, 3.872, 3.659, 4.441, 5.422, 4.8, 5.974, 6.475, 7.388, 7.692, 8.897, 11.677, 12.835, 12.417, 11.982, 12.457, 13.231, 12.452, 11.485, 11.186, 12.495, 13.5, 11.774, 11.803, 11.144, 10.956, 11.562, 11.863, 11.803, 12.36, 12.767, 13.015, 14.654, 15.526, 15.06, 14.518, 16.106, 18.81, 17.839, 13.891, 12.285, 12.416, 11.511, 11.99, 12.316, 12.016, 10.437, 9.597, 9.357, 10.36, 10.217, 9.263, 8.316, 7.956, 9.486, 9.304, 9.246, 9.275, 8.416, 8.325, 8.794, 7.924, 7.5, 8.735, 12.65, 16.27, 15.581, 15.617, 15.507, 12.812, 9.479, 6.457, 6.226, 5.834, 5.698, 5.109, 4.434, 4.404, 5.187, 5.193, 4.406, 5.198, 5.223, 4.767, 5.707, 6.648, 6.292, 6.986, 7.843, 7.882, 7.875, 8.63, 9.667, 9.879, 9.157, 7.885, 6.952, 6.487, 6.364, 7.136, 7.47, 6.952, 7.4, 8.593, 8.829, 8.792, 10.16, 11.786, 10.756, 11.253, 11.512, 11.611, 10.428, 11.311, 12.093, 13.183, 13.67, 12.772, 12.93, 12.747, 12.64, 12.061, 11.986, 12.143, 11.662, 11.892, 12.159, 13.924, 14.372, 12.075, 12.091, 12.684, 12.252, 11.95, 11.854, 13.528, 14.637, 14.364, 14.155, 13.872, 14.022, 13.84, 13.147, 12.225, 12.983, 12.665, 12.377, 11.486, 11.35, 12.42, 11.153, 10.373, 10.841, 10.045, 9.688, 9.991, 9.028, 8.768, 8.229, 8.364, 9.024, 10.008, 9.923, 10.917, 10.848, 10.837, 10.188, 9.852, 9.479, 8.919, 8.77, 8.536, 9.083, 10.226, 10.123, 10.061, 10.128, 11.224, 10.64, 8.857, 9.086, 9.626, 10.623], [5.988, 5.521, 5.394, 5.207, 5.823, 5.903, 5.251, 5.445, 6.394, 6.753, 5.733, 4.03, 2.847, 2.02, 3.394, 3.278, 3.457, 3.509, 2.274, 0.0, 1.183, 1.76, 1.372, 2.334, 2.91, 2.417, 2.676, 3.539, 3.253, 4.358, 4.774, 5.552, 6.057, 7.48, 10.467, 12.078, 11.905, 11.401, 11.879, 13.075, 11.804, 10.325, 10.049, 11.582, 12.911, 11.0, 10.807, 10.143, 9.915, 10.684, 10.984, 10.905, 11.478, 11.778, 12.222, 13.783, 14.554, 14.142, 13.884, 15.803, 19.231, 18.263, 14.226, 12.657, 12.852, 11.942, 12.355, 12.55, 11.399, 9.766, 8.715, 8.414, 9.792, 10.31, 8.539, 7.362, 6.491, 7.987, 7.723, 7.736, 8.095, 7.278, 7.108, 7.41, 6.448, 6.612, 7.925, 11.891, 15.529, 14.988, 15.189, 14.584, 11.579, 8.001, 4.748, 4.383, 4.31, 3.859, 3.217, 3.335, 3.698, 4.105, 3.817, 2.664, 3.879, 3.962, 3.042, 3.9, 4.57, 4.263, 4.881, 5.693, 5.87, 5.753, 6.536, 7.55, 7.671, 6.947, 5.994, 5.851, 5.77, 5.093, 5.512, 6.021, 5.782, 5.559, 6.508, 6.916, 7.292, 8.924, 10.645, 9.668, 10.068, 10.734, 10.593, 9.438, 10.465, 11.424, 12.314, 12.67, 11.755, 11.775, 11.676, 11.298, 10.715, 10.822, 11.806, 10.929, 10.686, 11.293, 13.673, 13.547, 11.373, 11.347, 11.748, 11.247, 10.991, 10.866, 12.825, 13.653, 13.358, 13.152, 12.872, 13.054, 12.848, 11.9, 10.91, 11.846, 11.605, 11.164, 10.147, 9.959, 10.991, 9.703, 8.973, 9.266, 8.407, 7.808, 8.072, 7.317, 7.264, 6.741, 7.647, 8.59, 9.16, 9.081, 9.828, 9.413, 9.118, 8.601, 8.138, 7.784, 6.948, 6.581, 6.332, 6.915, 8.155, 8.048, 8.088, 8.044, 9.101, 8.6, 7.244, 7.589, 8.072, 9.153], [5.303, 5.494, 5.421, 5.005, 5.941, 6.135, 5.674, 5.898, 6.856, 7.242, 6.255, 4.489, 3.332, 2.762, 3.499, 3.693, 3.637, 3.334, 2.122, 1.183, 0.0, 1.117, 1.329, 2.998, 3.869, 3.101, 3.088, 3.705, 3.298, 4.424, 4.845, 5.664, 6.132, 7.503, 10.419, 11.74, 11.305, 10.899, 11.38, 12.348, 11.355, 10.251, 9.906, 11.358, 12.522, 10.825, 10.72, 10.042, 9.798, 10.614, 10.844, 10.754, 11.264, 11.642, 11.977, 13.704, 14.503, 14.095, 13.668, 15.441, 18.314, 17.312, 13.381, 11.8, 11.914, 10.974, 11.376, 11.779, 11.104, 9.508, 8.524, 8.3, 9.402, 9.626, 8.266, 7.192, 6.542, 8.078, 7.823, 7.803, 8.031, 7.203, 7.094, 7.464, 6.414, 6.324, 7.545, 11.643, 15.405, 14.679, 14.916, 14.474, 11.497, 8.106, 4.875, 4.877, 4.796, 4.385, 3.629, 3.167, 3.355, 4.032, 3.79, 2.893, 4.153, 4.165, 3.251, 4.139, 4.916, 4.793, 5.419, 6.243, 6.373, 6.216, 6.821, 7.767, 7.985, 7.318, 6.155, 5.701, 5.069, 4.771, 5.483, 5.84, 5.5, 5.683, 6.728, 7.069, 7.243, 8.85, 10.525, 9.437, 10.008, 10.337, 10.429, 9.254, 10.238, 11.089, 12.147, 12.608, 11.652, 11.715, 11.532, 11.3, 10.77, 10.741, 11.071, 10.318, 10.549, 10.965, 12.894, 13.383, 11.007, 11.005, 11.624, 11.166, 10.826, 10.761, 12.469, 13.548, 13.235, 13.033, 12.803, 12.889, 12.666, 11.846, 10.892, 11.727, 11.471, 11.123, 10.149, 10.039, 11.086, 9.806, 9.059, 9.383, 8.533, 7.991, 8.266, 7.451, 7.286, 6.638, 7.014, 7.818, 8.597, 8.52, 9.605, 9.386, 9.124, 8.636, 8.21, 7.901, 7.153, 6.929, 6.698, 7.198, 8.43, 8.305, 8.302, 8.267, 9.346, 8.866, 7.316, 7.623, 8.036, 9.062], [5.151, 5.506, 5.425, 5.113, 6.061, 6.694, 6.227, 6.342, 7.391, 7.799, 6.812, 4.998, 3.895, 3.117, 3.36, 3.965, 3.715, 3.146, 2.069, 1.76, 1.117, 0.0, 1.662, 3.388, 4.271, 3.584, 3.466, 3.894, 3.365, 4.536, 5.096, 5.805, 6.231, 7.471, 10.41, 11.831, 11.249, 10.807, 11.416, 12.121, 11.479, 10.237, 9.91, 11.452, 12.596, 10.902, 10.768, 10.074, 9.823, 10.736, 10.968, 10.876, 11.317, 11.663, 12.082, 13.823, 14.623, 14.223, 13.787, 15.463, 17.954, 16.882, 13.011, 11.485, 11.586, 10.648, 11.116, 11.615, 11.245, 9.628, 8.628, 8.401, 9.479, 9.39, 8.391, 7.233, 6.582, 8.118, 7.906, 7.847, 8.027, 7.183, 7.098, 7.476, 6.468, 6.316, 7.493, 11.751, 15.514, 14.767, 14.981, 14.558, 11.521, 8.167, 5.202, 5.453, 5.357, 4.953, 4.136, 3.104, 3.349, 3.987, 3.809, 3.419, 4.723, 4.659, 3.787, 4.575, 5.525, 5.363, 5.986, 6.813, 6.929, 6.792, 7.268, 8.224, 8.602, 7.922, 6.369, 5.7, 5.056, 4.838, 5.646, 6.001, 5.594, 5.877, 6.955, 7.285, 7.303, 8.809, 10.519, 9.44, 10.002, 10.33, 10.425, 9.223, 10.295, 11.171, 12.273, 12.701, 11.681, 11.699, 11.533, 11.321, 10.786, 10.732, 10.891, 10.343, 10.533, 10.955, 13.072, 13.534, 11.054, 11.075, 11.692, 11.246, 10.845, 10.829, 12.449, 13.599, 13.259, 13.057, 12.863, 12.929, 12.642, 11.851, 10.906, 11.632, 11.457, 11.075, 10.167, 10.073, 11.129, 9.856, 9.056, 9.481, 8.651, 8.167, 8.45, 7.587, 7.376, 6.763, 6.979, 7.709, 8.583, 8.561, 9.604, 9.42, 9.255, 8.74, 8.364, 8.038, 7.361, 7.562, 7.316, 7.728, 8.746, 8.535, 8.531, 8.626, 9.789, 9.086, 7.423, 7.669, 8.131, 9.164], [5.789, 5.663, 5.74, 5.163, 6.091, 6.006, 5.548, 5.772, 6.753, 7.122, 6.142, 4.312, 3.127, 2.095, 2.868, 3.169, 3.136, 3.344, 2.464, 1.372, 1.329, 1.662, 0.0, 2.334, 3.125, 2.649, 3.116, 3.78, 3.555, 4.479, 4.76, 5.441, 6.075, 7.673, 10.842, 12.369, 11.814, 11.642, 12.231, 13.217, 12.199, 10.784, 10.22, 12.02, 13.488, 11.617, 11.307, 10.613, 10.345, 11.405, 11.505, 11.468, 11.847, 12.202, 12.601, 14.45, 15.203, 14.811, 14.468, 16.5, 19.172, 18.159, 14.332, 12.787, 12.894, 11.901, 12.283, 12.784, 11.913, 10.385, 9.264, 8.919, 10.295, 10.629, 9.12, 7.747, 6.864, 8.293, 7.968, 8.019, 8.482, 7.649, 7.473, 7.74, 6.474, 6.732, 8.049, 12.269, 16.12, 15.645, 15.954, 15.076, 11.862, 8.262, 5.022, 4.762, 4.79, 4.334, 3.826, 3.579, 3.853, 4.456, 4.217, 2.808, 3.971, 4.153, 3.114, 4.047, 4.801, 4.682, 5.319, 6.117, 6.276, 6.1, 6.675, 7.613, 7.872, 7.181, 6.221, 6.037, 5.248, 4.815, 5.392, 5.753, 5.65, 5.613, 6.525, 6.951, 7.299, 9.116, 10.953, 9.702, 10.424, 10.789, 10.894, 9.724, 10.764, 12.02, 12.806, 13.221, 12.219, 12.17, 12.018, 11.563, 11.113, 11.164, 11.512, 10.712, 10.805, 11.384, 13.75, 14.071, 11.586, 11.599, 12.229, 11.764, 11.357, 11.373, 13.093, 14.133, 13.78, 13.576, 13.398, 13.393, 13.135, 12.199, 11.218, 12.079, 11.91, 11.432, 10.411, 10.237, 11.283, 9.988, 9.197, 9.529, 8.666, 7.969, 8.194, 7.568, 7.448, 6.731, 7.207, 8.194, 8.661, 8.718, 9.921, 9.36, 9.0, 8.697, 8.243, 8.004, 7.078, 6.8, 6.58, 7.067, 8.291, 8.104, 8.152, 8.09, 9.207, 8.741, 7.471, 7.848, 8.209, 9.261], [7.569, 5.978, 5.965, 5.524, 6.242, 5.887, 5.074, 5.429, 6.321, 5.816, 4.491, 3.177, 2.465, 1.529, 2.668, 2.817, 3.219, 4.088, 3.29, 2.334, 2.998, 3.388, 2.334, 0.0, 1.332, 1.533, 2.799, 3.914, 4.189, 4.61, 4.903, 5.723, 6.348, 8.016, 11.145, 13.598, 13.009, 13.125, 13.757, 14.941, 13.788, 11.827, 11.052, 13.325, 15.016, 13.137, 12.047, 11.325, 11.109, 12.751, 12.682, 12.606, 12.654, 12.913, 13.686, 15.592, 16.358, 15.959, 15.753, 17.952, 21.227, 20.238, 16.189, 14.654, 14.813, 13.897, 14.312, 14.537, 13.366, 11.804, 10.731, 9.903, 11.936, 12.357, 10.599, 8.769, 7.792, 8.544, 8.137, 8.246, 8.957, 8.386, 7.902, 8.021, 6.819, 7.366, 9.244, 13.378, 17.46, 17.14, 17.395, 16.074, 12.182, 8.438, 5.246, 3.713, 3.639, 3.497, 3.647, 4.708, 4.94, 5.369, 5.078, 2.987, 2.886, 3.345, 3.226, 3.815, 4.227, 3.598, 4.399, 5.202, 5.324, 5.483, 6.528, 7.458, 7.434, 6.765, 6.353, 6.644, 6.736, 5.424, 5.737, 6.154, 6.023, 5.766, 6.588, 7.115, 7.686, 9.428, 11.274, 10.219, 10.723, 11.602, 11.722, 11.004, 12.153, 13.603, 14.138, 14.081, 12.86, 12.563, 12.51, 11.859, 11.389, 11.925, 12.787, 12.024, 11.4, 12.503, 15.613, 15.361, 12.403, 12.776, 13.233, 12.847, 11.903, 12.671, 14.502, 15.078, 14.4, 14.187, 14.094, 13.937, 13.739, 12.529, 11.546, 12.489, 12.323, 11.78, 10.655, 10.423, 11.476, 10.21, 9.431, 9.668, 8.81, 8.084, 8.304, 7.714, 7.724, 7.391, 8.935, 9.924, 9.463, 9.555, 10.643, 9.856, 9.438, 8.917, 8.39, 8.153, 7.184, 6.347, 6.037, 6.818, 8.126, 8.0, 8.191, 8.071, 8.96, 8.727, 7.682, 8.407, 8.6, 9.691], [8.368, 6.028, 5.742, 5.57, 5.764, 5.379, 4.618, 4.909, 5.811, 5.448, 4.122, 2.826, 2.092, 1.632, 2.587, 2.928, 3.507, 4.526, 3.872, 2.91, 3.869, 4.271, 3.125, 1.332, 0.0, 1.507, 2.63, 3.691, 4.57, 4.199, 4.564, 5.268, 5.927, 7.865, 11.047, 14.2, 13.768, 13.762, 14.39, 15.738, 14.474, 12.2, 11.576, 13.831, 15.675, 13.575, 12.257, 11.449, 11.399, 12.991, 13.131, 12.929, 12.913, 13.241, 14.247, 15.865, 16.565, 16.205, 16.248, 18.441, 22.058, 21.063, 17.009, 15.494, 15.671, 14.763, 15.163, 15.256, 13.952, 12.337, 11.198, 10.319, 12.649, 13.106, 11.092, 9.113, 8.213, 8.535, 7.962, 8.235, 9.021, 8.527, 8.019, 7.963, 7.025, 7.893, 9.939, 13.797, 17.808, 17.62, 17.891, 16.399, 12.056, 8.064, 4.98, 3.346, 3.131, 3.115, 3.663, 5.184, 5.574, 5.611, 5.341, 3.393, 3.038, 3.455, 3.622, 3.68, 3.824, 3.248, 3.981, 4.806, 4.854, 4.938, 6.006, 7.008, 6.982, 6.264, 5.812, 6.862, 7.565, 5.635, 5.569, 6.101, 6.167, 5.43, 6.108, 6.7, 7.456, 9.369, 11.239, 10.334, 10.771, 11.973, 12.151, 11.403, 12.761, 14.175, 14.512, 14.368, 12.977, 12.517, 12.597, 11.751, 11.27, 12.333, 13.591, 12.801, 11.716, 13.02, 16.453, 15.839, 12.94, 13.263, 13.54, 13.187, 12.128, 13.04, 15.054, 15.316, 14.47, 14.175, 14.104, 13.997, 13.817, 12.505, 11.41, 12.352, 12.347, 11.627, 10.387, 10.089, 11.133, 9.892, 9.076, 9.13, 8.274, 7.517, 7.718, 7.359, 7.748, 8.001, 9.742, 10.79, 9.869, 10.032, 10.88, 9.672, 9.075, 8.501, 7.917, 7.721, 6.785, 5.948, 5.615, 6.306, 7.613, 7.552, 7.723, 7.656, 8.469, 8.185, 7.815, 8.764, 8.642, 10.023], [7.51, 5.455, 5.278, 5.326, 5.237, 4.99, 4.247, 4.564, 5.487, 5.427, 4.246, 2.657, 2.161, 1.589, 2.901, 3.114, 3.651, 4.473, 3.659, 2.417, 3.101, 3.584, 2.649, 1.533, 1.507, 0.0, 1.885, 3.168, 3.919, 4.122, 4.524, 5.09, 5.641, 7.257, 10.511, 13.294, 12.892, 12.878, 13.485, 14.868, 13.637, 11.382, 10.641, 12.944, 14.832, 12.713, 11.463, 10.625, 10.461, 11.887, 12.139, 12.094, 12.385, 12.407, 13.38, 14.988, 15.541, 15.163, 15.416, 17.6, 21.197, 20.204, 16.135, 14.624, 14.804, 13.9, 14.307, 14.356, 13.098, 11.446, 10.22, 9.585, 11.806, 12.237, 10.074, 8.055, 7.004, 7.649, 7.247, 7.403, 8.222, 7.722, 7.194, 7.039, 6.383, 7.2, 9.096, 13.163, 16.789, 16.642, 16.79, 15.557, 11.569, 7.78, 4.28, 3.243, 2.794, 2.613, 2.912, 4.393, 4.753, 4.557, 4.49, 2.824, 3.016, 3.217, 3.244, 3.62, 3.969, 3.464, 3.929, 4.683, 4.647, 4.781, 5.628, 6.626, 6.693, 5.917, 5.331, 6.132, 6.775, 5.223, 5.263, 5.955, 5.98, 5.341, 5.871, 6.634, 7.336, 9.1, 10.611, 9.932, 10.242, 11.454, 11.029, 10.497, 11.879, 13.236, 13.798, 13.194, 11.949, 11.666, 11.916, 11.089, 10.453, 11.469, 12.736, 11.99, 11.101, 12.317, 15.612, 14.958, 12.302, 12.561, 12.594, 12.011, 11.426, 11.904, 14.156, 14.484, 13.539, 13.269, 13.423, 13.253, 13.237, 11.845, 10.868, 11.852, 11.665, 11.133, 9.762, 9.689, 10.439, 9.151, 8.598, 8.638, 7.834, 7.049, 7.262, 6.719, 7.237, 7.328, 8.943, 9.969, 9.422, 9.385, 10.291, 9.394, 8.989, 8.238, 7.505, 7.225, 6.437, 5.74, 5.466, 6.015, 7.286, 7.248, 7.613, 7.6, 8.349, 8.05, 7.29, 8.127, 8.232, 9.328], [6.662, 4.537, 3.824, 4.008, 3.639, 3.755, 3.134, 3.248, 4.282, 4.717, 3.741, 2.515, 2.001, 2.547, 3.938, 4.329, 4.904, 5.566, 4.441, 2.676, 3.088, 3.466, 3.116, 2.799, 2.63, 1.885, 0.0, 1.963, 2.836, 2.73, 3.11, 3.545, 3.976, 5.702, 9.119, 12.395, 12.034, 12.015, 12.64, 14.026, 12.756, 10.455, 9.798, 12.055, 13.949, 11.78, 10.197, 9.349, 9.466, 10.817, 11.207, 11.076, 10.868, 11.459, 12.499, 14.001, 14.406, 14.114, 14.438, 16.697, 20.353, 19.364, 15.288, 13.777, 13.969, 13.058, 13.459, 13.504, 12.213, 10.576, 9.319, 8.576, 10.894, 11.39, 9.262, 7.167, 6.224, 6.218, 5.631, 5.822, 6.842, 6.315, 5.766, 5.984, 5.394, 6.182, 8.221, 12.087, 15.809, 15.795, 15.936, 14.559, 9.938, 6.069, 2.555, 2.334, 2.111, 1.769, 2.011, 3.468, 3.895, 3.61, 3.38, 2.368, 3.327, 3.489, 3.004, 2.794, 2.99, 2.752, 2.886, 3.613, 3.726, 3.676, 4.262, 5.334, 5.555, 4.815, 3.728, 4.929, 5.885, 4.316, 4.447, 4.936, 4.685, 4.197, 4.437, 5.168, 5.753, 7.763, 9.359, 8.422, 8.938, 10.192, 10.115, 9.495, 10.978, 12.361, 12.744, 12.314, 10.722, 10.045, 10.2