[[0.0, 1.874, 1.298, 1.939, 2.46, 1.743, 1.792, 2.673, 3.598, 3.671, 2.133, 2.377, 2.261, 2.099, 2.184, 3.191, 3.885, 3.282, 2.693, 3.812, 4.352, 3.09, 2.383, 3.477, 1.469, 1.48, 2.413, 4.336, 5.351, 5.648, 4.931, 4.377, 3.471, 2.436, 2.427, 2.109, 4.881, 9.448, 10.924, 12.351, 13.076, 13.468, 13.172, 13.522, 13.505, 13.372, 12.175, 11.778, 12.38, 11.599, 10.753, 10.51, 9.97, 9.195, 9.884, 9.867, 9.835, 9.213, 6.292, 3.427, 3.35, 3.248, 2.687, 3.823, 2.662, 2.892, 3.059, 2.936, 2.179, 5.528, 8.459, 8.955, 9.063, 8.173, 5.075, 1.584, 2.065, 3.41, 4.493, 5.181, 6.909, 7.035, 6.453, 7.43, 7.983, 8.517, 7.368, 6.426, 7.789, 8.353, 6.92, 6.493, 7.057, 5.944, 4.307, 3.037, 2.913, 3.332, 3.184, 4.171, 4.914, 4.89, 7.207, 8.106, 6.36, 4.652, 3.064, 2.983, 3.019, 2.524, 2.727, 3.06, 2.388, 2.611, 3.156, 2.717, 2.395, 2.46, 2.518, 4.037, 4.314, 3.488, 4.477, 5.147, 7.128, 9.224, 8.588, 7.628, 7.704, 5.879, 3.307, 1.819, 1.514, 1.497, 1.404, 2.256, 2.146, 2.105, 2.386, 2.74, 4.555, 3.607, 1.488, 2.146, 2.898], [1.874, 0.0, 1.506, 1.632, 1.574, 2.839, 3.334, 4.1, 5.057, 5.202, 3.353, 2.043, 1.427, 1.133, 1.094, 1.6, 2.371, 1.84, 1.277, 2.322, 2.943, 2.168, 2.9, 4.416, 2.908, 2.327, 3.696, 5.762, 6.485, 6.629, 6.4, 5.968, 5.103, 3.82, 2.861, 1.847, 3.713, 8.005, 9.577, 10.723, 11.471, 11.858, 11.562, 11.815, 11.761, 11.61, 10.44, 10.096, 10.585, 9.83, 9.057, 8.825, 8.32, 7.744, 8.326, 8.339, 8.671, 7.713, 4.938, 2.966, 2.384, 2.168, 2.633, 4.047, 3.501, 3.226, 2.454, 2.55, 3.227, 7.235, 10.204, 10.61, 10.728, 9.834, 6.722, 2.906, 1.845, 1.898, 2.866, 3.869, 5.472, 5.647, 4.912, 5.806, 6.275, 6.775, 5.688, 5.026, 6.1, 6.635, 5.178, 4.771, 5.344, 4.234, 2.81, 2.135, 3.079, 4.298, 3.949, 4.623, 5.56, 6.407, 8.796, 9.735, 7.997, 6.324, 4.477, 3.936, 3.997, 3.631, 3.018, 2.817, 3.031, 4.054, 4.6, 3.988, 3.747, 3.678, 4.081, 5.685, 5.896, 5.153, 6.154, 6.883, 8.861, 10.946, 10.287, 9.316, 9.418, 7.591, 5.022, 2.724, 2.426, 2.357, 2.23, 3.467, 3.178, 1.986, 1.874, 1.813, 2.792, 1.879, 1.688, 1.314, 1.677], [1.298, 1.506, 0.0, 1.454, 1.821, 1.684, 2.255, 3.045, 3.968, 4.064, 2.213, 2.348, 2.3, 1.891, 1.732, 2.778, 3.616, 2.891, 2.258, 3.345, 4.003, 2.949, 2.299, 3.419, 1.894, 1.327, 2.616, 4.628, 5.344, 5.532, 5.209, 4.865, 4.024, 2.819, 2.446, 2.027, 4.829, 9.169, 10.709, 11.811, 12.544, 12.931, 12.617, 12.963, 12.775, 12.74, 11.502, 11.22, 11.723, 10.959, 10.091, 9.835, 9.373, 8.88, 9.417, 9.465, 9.776, 8.831, 6.038, 3.354, 3.15, 3.019, 2.463, 3.379, 2.783, 2.983, 2.983, 2.672, 2.228, 6.176, 9.133, 9.538, 9.637, 8.728, 5.636, 1.819, 1.832, 2.907, 3.951, 4.955, 6.61, 6.691, 6.055, 6.889, 7.398, 7.897, 6.699, 6.117, 7.164, 7.736, 6.364, 5.877, 6.441, 5.326, 3.872, 2.865, 2.687, 3.248, 2.984, 3.91, 4.626, 5.239, 7.717, 8.622, 6.906, 5.252, 3.507, 3.282, 3.139, 2.966, 3.063, 3.184, 2.835, 3.095, 3.718, 3.15, 2.893, 2.909, 3.034, 4.565, 4.782, 4.075, 5.089, 5.823, 7.802, 9.842, 9.181, 8.21, 8.312, 6.513, 3.924, 2.122, 1.678, 1.589, 1.597, 2.647, 2.324, 2.157, 2.309, 2.206, 3.971, 2.968, 1.215, 1.924, 2.532], [1.939, 1.632, 1.454, 0.0, 1.064, 2.162, 3.115, 3.885, 4.87, 4.859, 2.828, 2.205, 2.282, 1.783, 1.667, 2.173, 3.341, 2.797, 2.393, 3.426, 4.11, 2.982, 2.889, 4.232, 2.686, 2.012, 3.588, 5.567, 6.236, 6.296, 6.155, 5.824, 4.964, 3.711, 2.842, 2.225, 4.732, 9.231, 10.642, 11.775, 12.584, 12.917, 12.616, 12.743, 12.731, 12.436, 11.337, 10.958, 11.448, 10.867, 10.112, 9.919, 9.432, 8.918, 9.472, 9.45, 9.646, 8.701, 5.987, 3.245, 3.136, 3.059, 2.609, 3.926, 3.42, 3.343, 2.976, 2.893, 3.047, 7.115, 10.035, 10.509, 10.542, 9.737, 6.61, 2.732, 1.966, 2.918, 3.916, 4.882, 6.632, 6.678, 6.074, 6.867, 7.181, 7.607, 6.644, 5.738, 6.728, 7.247, 5.958, 5.3, 5.763, 4.96, 3.762, 2.757, 2.91, 3.954, 3.635, 4.378, 5.384, 6.183, 8.643, 9.574, 7.834, 6.196, 4.344, 4.11, 3.871, 3.881, 3.909, 3.634, 3.393, 3.925, 4.561, 4.029, 3.769, 3.867, 4.078, 5.527, 5.728, 5.049, 6.091, 6.777, 8.778, 10.803, 10.182, 9.196, 9.273, 7.468, 4.886, 3.108, 2.359, 2.363, 2.425, 3.231, 2.987, 2.138, 2.255, 2.073, 3.379, 2.678, 1.53, 1.924, 2.547], [2.46, 1.574, 1.821, 1.064, 0.0, 2.691, 3.737, 4.502, 5.492, 5.491, 3.435, 2.468, 2.228, 1.684, 1.487, 1.928, 2.761, 2.429, 2.234, 2.825, 3.557, 2.825, 3.574, 4.891, 3.331, 2.591, 4.121, 6.202, 6.883, 6.958, 6.789, 6.467, 5.586, 4.332, 3.172, 2.26, 4.521, 8.647, 10.238, 11.115, 11.874, 12.232, 11.918, 12.013, 12.01, 11.727, 10.613, 10.228, 10.748, 10.146, 9.392, 9.226, 8.784, 8.329, 8.78, 8.807, 9.421, 8.384, 5.692, 3.27, 2.909, 2.983, 2.861, 4.499, 4.004, 3.851, 2.899, 2.924, 3.685, 7.737, 10.657, 11.135, 11.169, 10.359, 7.236, 3.356, 2.119, 2.367, 3.454, 4.622, 6.147, 6.448, 5.692, 6.173, 6.464, 6.902, 5.934, 5.495, 6.049, 6.521, 5.238, 4.596, 5.09, 4.239, 3.222, 2.653, 3.399, 4.613, 4.222, 4.898, 5.967, 6.788, 9.269, 10.22, 8.461, 6.822, 4.893, 4.488, 4.294, 4.33, 3.896, 3.746, 3.705, 4.485, 5.052, 4.577, 4.277, 4.33, 4.695, 6.169, 6.371, 5.671, 6.713, 7.399, 9.401, 11.444, 10.804, 9.819, 9.916, 8.09, 5.52, 3.563, 2.891, 2.831, 2.695, 3.827, 3.631, 2.141, 2.247, 1.976, 2.724, 2.059, 1.97, 1.837, 2.291], [1.743, 2.839, 1.684, 2.162, 2.691, 0.0, 1.716, 2.648, 3.198, 3.167, 1.703, 3.252, 3.387, 2.764, 2.87, 3.666, 4.55, 4.064, 3.65, 4.752, 5.479, 4.368, 2.932, 3.11, 1.741, 1.683, 2.247, 3.942, 4.831, 5.048, 4.325, 3.923, 3.138, 2.393, 2.778, 3.276, 6.095, 10.601, 11.991, 13.207, 13.948, 14.29, 14.024, 14.31, 14.305, 14.167, 13.008, 12.575, 13.172, 12.429, 11.628, 11.39, 10.873, 10.235, 10.797, 10.767, 11.014, 10.183, 7.409, 4.514, 4.546, 4.42, 3.153, 3.517, 2.918, 3.41, 4.261, 3.859, 2.09, 5.097, 8.016, 8.538, 8.632, 7.789, 4.658, 1.423, 2.911, 4.247, 5.311, 6.375, 8.053, 8.111, 7.432, 8.265, 8.674, 9.128, 8.088, 7.096, 8.274, 8.902, 7.53, 6.906, 7.476, 6.5, 5.088, 4.104, 3.044, 3.082, 3.13, 4.032, 4.319, 4.243, 6.73, 7.689, 5.915, 4.271, 2.896, 2.808, 2.707, 2.971, 3.366, 4.281, 3.499, 3.172, 3.761, 3.285, 3.123, 3.186, 2.833, 3.762, 3.835, 3.35, 4.108, 4.763, 6.76, 8.901, 8.242, 7.271, 7.372, 5.54, 3.232, 2.24, 2.517, 2.144, 2.278, 2.608, 2.649, 3.065, 3.556, 3.543, 5.199, 4.342, 2.073, 3.225, 3.961], [1.792, 3.334, 2.255, 3.115, 3.737, 1.716, 0.0, 1.379, 2.17, 2.118, 1.142, 2.931, 3.51, 3.478, 3.542, 4.577, 5.309, 4.713, 4.094, 5.022, 5.441, 4.057, 2.015, 2.081, 0.837, 1.86, 2.113, 3.086, 3.957, 4.204, 3.413, 2.9, 2.017, 1.429, 1.662, 2.772, 5.77, 10.316, 11.689, 13.595, 14.3, 14.47, 14.486, 14.844, 14.773, 14.836, 13.6, 13.246, 13.773, 12.986, 11.937, 11.641, 11.041, 10.123, 10.91, 10.876, 10.73, 10.222, 7.415, 4.276, 4.243, 4.172, 2.328, 2.517, 1.634, 2.078, 3.587, 3.156, 1.345, 4.024, 6.92, 7.525, 7.619, 6.743, 3.675, 1.07, 2.495, 4.657, 5.742, 6.35, 7.856, 8.004, 7.609, 8.561, 9.28, 9.801, 8.459, 7.745, 9.163, 9.739, 8.292, 7.879, 8.443, 7.323, 5.643, 4.033, 2.366, 1.895, 1.995, 2.953, 3.535, 3.357, 5.749, 6.676, 4.902, 3.248, 2.831, 3.329, 3.3, 2.741, 3.245, 3.86, 3.13, 2.301, 2.724, 2.55, 2.165, 2.148, 1.962, 2.704, 2.827, 2.415, 3.068, 3.716, 5.69, 7.838, 7.179, 6.208, 6.309, 4.477, 2.6, 1.92, 1.976, 2.163, 2.269, 1.586, 1.512, 2.636, 3.168, 3.972, 6.053, 5.14, 2.468, 3.365, 4.149], [2.673, 4.1, 3.045, 3.885, 4.502, 2.648, 1.379, 0.0, 1.51, 1.696, 1.821, 3.42, 4.233, 4.167, 4.296, 5.314, 6.081, 5.468, 4.871, 5.801, 6.263, 4.676, 2.179, 1.723, 1.698, 2.428, 2.53, 2.277, 3.239, 3.52, 2.906, 2.356, 2.056, 1.461, 1.934, 3.278, 6.351, 10.603, 12.248, 14.349, 15.077, 15.138, 15.271, 15.623, 15.542, 15.626, 14.39, 14.035, 14.577, 13.766, 12.699, 12.373, 11.695, 10.779, 11.518, 11.466, 11.472, 10.936, 8.135, 5.042, 4.772, 4.895, 2.899, 2.052, 1.448, 1.973, 4.033, 3.611, 1.473, 3.871, 6.226, 6.764, 6.887, 5.998, 3.128, 1.846, 3.156, 5.437, 6.5, 7.149, 8.335, 8.534, 8.346, 9.247, 10.051, 10.528, 9.201, 8.473, 9.892, 10.502, 9.095, 8.607, 9.171, 8.06, 6.381, 4.818, 2.382, 1.841, 1.875, 2.535, 2.865, 2.844, 5.031, 5.916, 4.185, 2.688, 3.292, 4.212, 4.151, 3.587, 4.097, 4.289, 3.603, 2.371, 2.661, 2.916, 2.23, 2.298, 2.152, 2.5, 2.469, 2.146, 2.606, 3.039, 4.962, 7.11, 6.451, 5.48, 5.587, 3.838, 2.646, 2.691, 2.61, 3.106, 3.134, 1.905, 1.514, 3.362, 3.871, 4.763, 6.859, 5.93, 3.291, 4.13, 4.951], [3.598, 5.057, 3.968, 4.87, 5.492, 3.198, 2.17, 1.51, 0.0, 1.053, 2.48, 4.427, 5.224, 5.257, 5.36, 6.402, 7.22, 6.576, 5.734, 6.602, 7.081, 5.501, 2.821, 1.33, 2.407, 3.112, 2.725, 2.123, 2.352, 2.573, 1.658, 1.815, 1.69, 2.055, 2.691, 4.093, 6.995, 11.275, 13.189, 15.158, 15.944, 16.007, 16.088, 16.538, 16.446, 16.485, 15.23, 14.855, 15.34, 14.491, 13.492, 13.057, 12.333, 11.609, 12.181, 12.294, 12.265, 11.721, 8.981, 5.902, 5.543, 5.837, 3.686, 1.875, 1.995, 2.522, 4.693, 4.297, 2.282, 3.638, 5.355, 5.672, 5.896, 5.195, 2.928, 2.54, 4.007, 6.375, 7.428, 7.905, 8.962, 9.166, 9.042, 10.037, 11.011, 11.571, 10.178, 9.536, 10.954, 11.524, 10.051, 9.67, 10.234, 9.113, 7.423, 5.669, 3.062, 1.734, 2.107, 2.519, 2.428, 2.05, 4.037, 4.853, 3.526, 2.898, 3.98, 4.62, 4.711, 4.012, 4.51, 4.875, 4.159, 2.923, 3.147, 3.48, 2.681, 2.771, 2.584, 2.906, 2.509, 2.658, 2.407, 2.16, 3.936, 6.094, 5.404, 4.679, 4.81, 3.747, 3.17, 3.322, 3.269, 3.731, 3.799, 2.288, 2.152, 4.173, 4.727, 5.574, 7.65, 6.783, 4.135, 5.026, 5.824], [3.671, 5.202, 4.064, 4.859, 5.491, 3.167, 2.118, 1.696, 1.053, 0.0, 2.28, 4.324, 5.167, 5.224, 5.37, 6.397, 7.252, 6.634, 5.938, 6.856, 7.348, 5.901, 3.443, 2.041, 2.432, 3.24, 3.21, 2.643, 2.999, 3.097, 2.129, 2.01, 1.866, 2.434, 2.858, 4.275, 7.453, 11.783, 13.347, 15.27, 15.947, 16.152, 16.164, 16.497, 16.438, 16.505, 15.268, 14.913, 15.44, 14.638, 13.617, 13.305, 12.709, 11.814, 12.578, 12.568, 12.417, 11.891, 9.116, 5.922, 5.902, 5.927, 3.985, 2.265, 2.644, 3.178, 5.274, 4.794, 2.589, 3.591, 5.278, 5.814, 5.915, 5.353, 3.397, 2.78, 4.064, 6.328, 7.421, 8.027, 9.477, 9.618, 9.272, 10.249, 10.959, 11.45, 10.137, 9.394, 10.812, 11.409, 9.966, 9.528, 10.092, 8.971, 7.295, 5.731, 3.407, 2.158, 2.629, 3.022, 3.167, 2.453, 4.2, 4.982, 3.738, 3.246, 3.922, 4.46, 4.415, 4.137, 4.817, 5.366, 4.589, 3.206, 3.326, 3.827, 3.196, 3.296, 3.004, 3.288, 2.976, 3.019, 2.769, 2.479, 4.049, 6.217, 5.548, 4.964, 5.103, 4.201, 3.546, 3.409, 3.524, 3.8, 3.8, 2.826, 2.723, 4.364, 4.887, 5.639, 7.769, 6.882, 4.215, 5.037, 5.899], [2.133, 3.353, 2.213, 2.828, 3.435, 1.703, 1.142, 1.821, 2.48, 2.28, 0.0, 2.548, 3.395, 3.137, 3.317, 4.287, 5.225, 4.599, 4.091, 5.2, 5.69, 4.417, 2.273, 2.257, 0.988, 1.82, 2.444, 3.336, 4.025, 4.227, 3.805, 3.454, 2.608, 1.891, 1.89, 2.876, 5.826, 10.29, 11.617, 13.396, 14.059, 14.373, 14.217, 14.538, 14.526, 14.453, 13.254, 12.913, 13.544, 12.704, 11.785, 11.542, 10.982, 10.085, 10.845, 10.828, 10.651, 10.132, 7.287, 3.857, 4.274, 4.204, 2.434, 2.271, 1.999, 2.407, 3.792, 3.379, 1.648, 4.595, 7.512, 8.004, 8.13, 7.32, 4.206, 1.628, 2.427, 4.495, 5.528, 6.133, 7.832, 7.98, 7.47, 8.425, 8.947, 9.391, 8.252, 7.242, 8.583, 9.239, 7.878, 7.296, 7.853, 6.757, 5.124, 3.951, 2.218, 2.158, 2.01, 2.846, 3.4, 3.722, 6.199, 7.167, 5.39, 3.804, 3.466, 3.649, 3.578, 3.384, 3.868, 3.989, 3.606, 2.967, 3.279, 3.125, 2.791, 2.831, 2.769, 3.409, 3.423, 3.128, 3.723, 4.294, 6.284, 8.432, 7.773, 6.802, 6.903, 5.082, 3.33, 2.682, 2.101, 2.457, 2.508, 1.822, 1.824, 2.773, 3.181, 3.741, 5.737, 4.881, 2.21, 3.093, 4.076], [2.377, 2.043, 2.348, 2.205, 2.468, 3.252, 2.931, 3.42, 4.427, 4.324, 2.548, 0.0, 1.733, 2.105, 1.972, 2.396, 3.288, 2.807, 2.332, 3.245, 3.58, 2.239, 2.524, 3.797, 2.605, 2.448, 3.803, 5.134, 5.861, 5.922, 5.823, 5.496, 4.614, 3.334, 2.39, 1.658, 3.625, 7.935, 9.356, 11.256, 11.888, 12.175, 12.054, 12.445, 12.331, 12.371, 11.153, 10.852, 11.488, 10.633, 9.61, 9.343, 8.718, 7.825, 8.58, 8.583, 8.426, 7.916, 5.079, 2.172, 2.332, 2.246, 2.004, 3.339, 3.059, 2.767, 2.129, 2.19, 2.856, 6.651, 9.569, 10.046, 10.173, 9.362, 6.204, 2.829, 1.471, 2.574, 3.428, 3.939, 5.505, 5.648, 5.311, 6.257, 6.844, 7.317, 6.033, 5.134, 6.552, 7.166, 5.831, 5.246, 5.807, 4.76, 3.106, 1.975, 2.234, 3.573, 3.164, 3.834, 4.833, 5.711, 8.242, 9.209, 7.433, 5.748, 4.529, 4.724, 4.652, 3.919, 3.509, 2.711, 2.884, 3.479, 3.762, 3.702, 3.146, 3.065, 3.609, 5.199, 5.401, 4.668, 5.671, 6.336, 8.326, 10.474, 9.815, 8.844, 8.946, 7.113, 4.618, 3.225, 2.13, 2.718, 2.487, 2.683, 2.538, 1.729, 1.637, 2.204, 3.767, 3.018, 1.943, 1.64, 2.25], [2.261, 1.427, 2.3, 2.282, 2.228, 3.387, 3.51, 4.233, 5.224, 5.167, 3.395, 1.733, 0.0, 1.383, 1.526, 1.529, 2.248, 1.837, 1.308, 1.99, 2.555, 2.0, 3.477, 4.784, 3.139, 2.5, 3.925, 5.934, 6.706, 6.918, 6.742, 6.279, 5.385, 4.056, 3.009, 1.926, 2.982, 7.435, 8.798, 10.32, 11.02, 11.32, 11.143, 11.492, 11.424, 11.41, 10.205, 9.879, 10.466, 9.64, 8.681, 8.433, 7.89, 7.134, 7.789, 7.743, 7.86, 7.078, 4.25, 2.722, 2.435, 1.784, 2.984, 4.488, 3.817, 3.658, 2.681, 2.958, 3.538, 7.45, 10.369, 10.826, 10.953, 10.142, 6.984, 3.11, 1.978, 2.033, 2.701, 3.212, 4.879, 5.007, 4.635, 5.32, 5.909, 6.424, 5.168, 4.365, 5.767, 6.34, 4.896, 4.467, 5.027, 3.959, 2.453, 2.135, 3.371, 4.638, 4.285, 5.073, 6.044, 6.612, 9.022, 9.989, 8.213, 6.528, 4.643, 4.204, 4.193, 3.739, 2.649, 2.191, 2.975, 4.216, 4.62, 4.173, 3.999, 3.991, 4.413, 5.979, 6.198, 5.448, 6.451, 7.116, 9.113, 11.254, 10.595, 9.624, 9.726, 7.893, 5.33, 3.0, 2.592, 2.59, 2.38, 3.555, 3.4, 1.966, 2.067, 2.119, 2.929, 2.243, 2.287, 1.698, 1.992], [2.099, 1.133, 1.891, 1.783, 1.684, 2.764, 3.478, 4.167, 5.257, 5.224, 3.137, 2.105, 1.383, 0.0, 1.106, 1.513, 2.277, 1.95, 1.612, 2.553, 3.199, 2.618, 3.482, 4.779, 3.029, 2.539, 3.903, 6.012, 6.757, 6.962, 6.753, 6.299, 5.404, 4.08, 3.235, 2.233, 3.918, 8.178, 9.552, 10.846, 11.619, 11.903, 11.688, 11.932, 11.984, 11.842, 10.694, 10.309, 10.9, 10.088, 9.285, 9.051, 8.533, 7.825, 8.461, 8.369, 8.755, 7.877, 5.107, 3.219, 2.533, 2.278, 2.97, 4.444, 3.838, 3.702, 2.938, 3.058, 3.526, 7.44, 10.356, 10.848, 10.975, 10.164, 7.007, 3.079, 2.15, 2.024, 3.081, 4.063, 5.627, 5.894, 5.127, 5.926, 6.319, 6.696, 5.744, 4.773, 5.874, 6.559, 5.218, 4.509, 5.049, 4.098, 2.65, 2.451, 3.576, 4.679, 4.359, 4.955, 6.083, 6.63, 9.044, 10.011, 8.235, 6.55, 4.623, 4.098, 4.071, 3.782, 2.906, 2.825, 3.145, 4.316, 4.75, 4.224, 4.048, 4.0, 4.419, 6.001, 6.234, 5.477, 6.473, 7.138, 9.128, 11.276, 10.617, 9.646, 9.748, 7.915, 5.352, 3.015, 2.659, 2.564, 2.351, 3.65, 3.42, 2.332, 2.282, 2.35, 3.084, 2.206, 1.987, 1.644, 2.068], [2.184, 1.094, 1.732, 1.667, 1.487, 2.87, 3.542, 4.296, 5.36, 5.37, 3.317, 1.972, 1.526, 1.106, 0.0, 1.463, 2.2, 1.612, 1.187, 2.427, 3.158, 2.509, 3.457, 4.785, 3.124, 2.686, 4.041, 6.13, 6.828, 7.013, 6.793, 6.399, 5.505, 4.195, 3.456, 2.418, 4.024, 8.172, 9.648, 10.589, 11.358, 11.666, 11.441, 11.565, 11.682, 11.509, 10.364, 9.963, 10.623, 9.746, 8.983, 8.775, 8.347, 7.756, 8.256, 8.265, 8.823, 7.921, 5.204, 3.02, 2.728, 2.591, 3.163, 4.475, 4.004, 3.776, 3.0, 3.2, 3.644, 7.54, 10.457, 10.949, 11.075, 10.265, 7.107, 3.143, 2.302, 2.225, 3.024, 4.15, 5.659, 5.961, 5.142, 5.686, 6.014, 6.466, 5.463, 4.992, 5.718, 6.3, 4.903, 4.36, 4.907, 3.847, 2.684, 2.494, 3.663, 4.762, 4.395, 5.015, 6.036, 6.715, 9.15, 10.112, 8.336, 6.651, 4.722, 4.243, 4.183, 3.936, 3.264, 2.898, 3.235, 4.435, 4.865, 4.325, 4.121, 4.064, 4.503, 6.104, 6.303, 5.57, 6.574, 7.239, 9.229, 11.377, 10.718, 9.747, 9.848, 8.016, 5.453, 3.223, 2.745, 2.646, 2.459, 3.781, 3.492, 2.444, 2.352, 2.118, 2.708, 1.898, 2.07, 1.878, 2.097], [3.191, 1.6, 2.778, 2.173, 1.928, 3.666, 4.577, 5.314, 6.402, 6.397, 4.287, 2.396, 1.529, 1.513, 1.463, 0.0, 1.457, 1.217, 1.36, 1.938, 2.606, 2.305, 4.279, 5.711, 4.157, 3.587, 5.083, 7.168, 7.859, 7.966, 7.813, 7.437, 6.542, 5.216, 4.138, 2.852, 3.226, 7.49, 8.885, 10.089, 10.868, 11.147, 10.933, 11.1, 11.186, 10.988, 9.869, 9.446, 10.048, 9.269, 8.525, 8.294, 7.784, 7.136, 7.722, 7.672, 8.04, 7.132, 4.419, 2.959, 2.901, 2.331, 3.519, 5.278, 4.96, 4.637, 3.306, 3.5, 4.655, 8.578, 11.495, 11.987, 12.113, 11.303, 8.145, 4.176, 2.846, 2.244, 2.684, 3.46, 4.944, 5.23, 4.739, 5.196, 5.497, 5.901, 4.978, 4.05, 5.079, 5.648, 4.271, 3.731, 4.203, 3.47, 2.343, 2.652, 4.294, 5.667, 5.331, 5.767, 6.892, 7.728, 10.201, 11.15, 9.373, 7.688, 5.76, 5.248, 5.22, 4.971, 3.676, 3.185, 4.15, 5.468, 5.889, 5.366, 5.137, 5.044, 5.545, 7.14, 7.347, 6.608, 7.611, 8.277, 10.267, 12.415, 11.756, 10.785, 10.886, 9.054, 6.491, 4.161, 3.766, 3.662, 3.46, 4.817, 4.527, 2.85, 2.784, 2.276, 2.242, 1.832, 2.851, 2.226, 2.308], [3.885, 2.371, 3.616, 3.341, 2.761, 4.55, 5.309, 6.081, 7.22, 7.252, 5.225, 3.288, 2.248, 2.277, 2.2, 1.457, 0.0, 0.904, 1.747, 1.683, 1.915, 2.685, 5.082, 6.502, 4.999, 4.467, 5.943, 8.002, 8.715, 8.838, 8.632, 8.182, 7.259, 5.969, 4.921, 3.655, 2.77, 6.562, 8.29, 9.092, 9.776, 10.08, 9.826, 10.05, 10.086, 9.936, 8.787, 8.342, 8.984, 8.202, 7.407, 7.206, 6.777, 6.206, 6.595, 6.642, 7.679, 6.705, 4.023, 3.315, 3.269, 2.56, 4.022, 6.109, 5.685, 5.362, 3.751, 3.872, 5.395, 9.299, 12.197, 12.801, 12.896, 12.019, 8.922, 4.999, 3.696, 2.272, 2.638, 3.424, 4.564, 5.103, 4.559, 4.278, 4.475, 4.919, 3.954, 3.709, 4.091, 4.691, 3.379, 3.181, 3.423, 2.844, 2.278, 3.328, 5.169, 6.497, 6.143, 6.486, 7.682, 8.609, 11.032, 11.952, 10.185, 8.492, 6.546, 6.077, 6.084, 5.809, 3.848, 3.769, 5.023, 6.276, 6.772, 6.226, 5.938, 5.817, 6.271, 7.856, 8.089, 7.309, 8.32, 8.992, 10.964, 13.108, 12.448, 11.477, 11.579, 9.746, 7.183, 4.931, 4.656, 4.58, 4.357, 5.698, 5.374, 3.551, 3.386, 2.852, 2.264, 2.085, 3.685, 2.834, 2.748], [3.282, 1.84, 2.891, 2.797, 2.429, 4.064, 4.713, 5.468, 6.576, 6.634, 4.599, 2.807, 1.837, 1.95, 1.612, 1.217, 0.904, 0.0, 1.11, 1.63, 2.021, 2.462, 4.453, 5.861, 4.376, 3.821, 5.306, 7.359, 8.07, 8.194, 7.99, 7.546, 6.621, 5.333, 4.461, 3.203, 2.934, 6.944, 8.576, 9.439, 10.183, 10.536, 10.272, 10.544, 10.537, 10.436, 9.252, 8.838, 9.468, 8.691, 7.84, 7.621, 7.169, 6.591, 7.08, 7.098, 7.926, 6.94, 4.213, 3.167, 3.078, 2.4, 3.76, 5.515, 5.132, 4.778, 3.522, 3.68, 4.769, 8.68, 11.614, 12.163, 12.258, 11.381, 8.284, 4.361, 3.208, 2.078, 2.555, 3.404, 4.711, 5.143, 4.558, 4.567, 4.977, 5.443, 4.36, 4.017, 4.607, 5.222, 3.864, 3.543, 3.903, 3.033, 2.131, 3.014, 4.623, 5.846, 5.496, 5.86, 7.013, 7.972, 10.399, 11.314, 9.551, 7.854, 5.95, 5.442, 5.483, 5.172, 3.399, 3.205, 4.386, 5.631, 6.123, 5.583, 5.305, 5.176, 5.66, 7.241, 7.456, 6.684, 7.688, 8.354, 10.343, 12.491, 11.832, 10.861, 10.963, 9.13, 6.567, 4.292, 4.001, 3.937, 3.728, 5.059, 4.723, 3.217, 3.098, 2.462, 2.208, 1.716, 3.082, 2.464, 2.475], [2.693, 1.277, 2.258, 2.393, 2.234, 3.65, 4.094, 4.871, 5.734, 5.938, 4.091, 2.332, 1.308, 1.612, 1.187, 1.36, 1.747, 1.11, 0.0, 1.55, 2.152, 2.018, 3.626, 5.043, 3.635, 3.057, 4.36, 6.446, 7.139, 7.254, 7.066, 6.715, 5.818, 4.514, 3.668, 2.523, 2.974, 7.155, 8.853, 9.77, 10.52, 10.919, 10.558, 10.95, 10.881, 10.811, 9.584, 9.235, 9.754, 8.975, 8.101, 7.855, 7.381, 6.89, 7.326, 7.464, 8.018, 7.042, 4.263, 2.923, 2.565, 2.143, 3.161, 4.67, 4.322, 4.016, 2.917, 3.106, 4.051, 7.99, 10.948, 11.259, 11.421, 10.56, 7.402, 3.61, 2.448, 1.819, 2.48, 3.184, 4.686, 5.003, 4.35, 4.83, 5.442, 5.981, 4.774, 4.408, 5.348, 5.899, 4.457, 4.073, 4.609, 3.581, 2.307, 2.491, 3.777, 4.947, 4.575, 5.08, 6.187, 7.029, 9.448, 10.409, 8.678, 6.976, 5.225, 4.666, 4.736, 4.28, 2.846, 2.379, 3.416, 4.746, 5.183, 4.638, 4.423, 4.31, 4.804, 6.414, 6.604, 5.866, 6.869, 7.585, 9.552, 11.672, 11.013, 10.042, 10.144, 8.311, 5.748, 3.464, 3.049, 2.98, 2.776, 4.11, 3.803, 2.56, 2.398, 1.979, 2.281, 1.628, 2.485, 1.965, 2.046], [3.812, 2.322, 3.345, 3.426, 2.825, 4.752, 5.022, 5.801, 6.602, 6.856, 5.2, 3.245, 1.99, 2.553, 2.427, 1.938, 1.683, 1.63, 1.55, 0.0, 1.146, 1.615, 4.512, 5.869, 4.75, 4.03, 5.174, 7.243, 7.885, 8.015, 7.807, 7.51, 6.658, 5.324, 4.262, 2.87, 2.102, 6.075, 8.006, 8.859, 9.722, 9.908, 9.742, 10.173, 9.971, 10.003, 8.729, 8.465, 8.811, 8.028, 7.106, 6.801, 6.247, 5.93, 6.309, 6.448, 7.145, 6.076, 3.41, 2.749, 2.633, 2.247, 3.678, 5.592, 4.974, 4.734, 3.025, 3.13, 4.87, 8.87, 11.805, 12.171, 12.283, 11.326, 8.267, 4.686, 3.245, 2.113, 2.111, 2.634, 3.689, 4.129, 3.772, 3.921, 4.674, 5.215, 3.911, 3.82, 4.591, 5.161, 3.705, 3.898, 3.949, 3.119, 2.272, 2.771, 4.519, 5.688, 5.293, 5.882, 7.054, 7.892, 10.302, 11.237, 9.568, 7.885, 6.305, 5.768, 5.776, 5.171, 3.378, 2.976, 4.16, 5.444, 5.933, 5.45, 5.107, 5.049, 5.582, 7.135, 7.337, 6.649, 7.675, 8.44, 10.384, 12.411, 11.766, 10.78, 10.882, 9.06, 6.486, 4.204, 3.806, 3.796, 3.682, 4.868, 4.66, 2.731, 2.723, 2.465, 1.912, 1.798, 3.48, 2.704, 2.605], [4.352, 2.943, 4.003, 4.11, 3.557, 5.479, 5.441, 6.263, 7.081, 7.348, 5.69, 3.58, 2.555, 3.199, 3.158, 2.606, 1.915, 2.021, 2.152, 1.146, 0.0, 1.837, 4.802, 6.231, 5.221, 4.506, 5.64, 7.716, 8.327, 8.406, 8.196, 7.89, 7.092, 5.806, 4.627, 3.234, 1.609, 5.396, 7.408, 8.529, 9.249, 9.492, 9.354, 9.839, 9.594, 9.58, 8.377, 8.136, 8.432, 7.732, 6.724, 6.396, 5.769, 5.293, 5.792, 5.952, 6.676, 5.669, 2.984, 2.664, 2.69, 2.17, 3.858, 5.858, 5.369, 5.167, 3.277, 3.34, 5.242, 9.334, 12.283, 12.648, 12.754, 11.787, 8.745, 5.092, 3.512, 2.467, 1.989, 2.215, 3.247, 3.776, 3.448, 3.619, 4.295, 4.858, 3.507, 3.497, 4.271, 4.825, 3.489, 3.79, 3.676, 2.888, 2.281, 2.967, 4.801, 5.983, 5.609, 6.119, 7.294, 8.354, 10.779, 11.678, 10.05, 8.37, 6.709, 6.387, 6.422, 5.69, 3.62, 3.405, 4.583, 5.893, 6.398, 5.867, 5.574, 5.51, 6.033, 7.473, 7.707, 7.116, 8.146, 8.928, 10.851, 12.838, 12.217, 11.232, 11.269, 9.528, 6.921, 4.652, 4.218, 4.354, 4.243, 5.33, 5.127, 3.131, 2.88, 2.818, 2.029, 2.264, 3.832, 3.016, 2.914], [3.09, 2.168, 2.949, 2.982, 2.825, 4.368, 4.057, 4.676, 5.501, 5.901, 4.417, 2.239, 2.0, 2.618, 2.509, 2.305, 2.685, 2.462, 2.018, 1.615, 1.837, 0.0, 3.203, 4.633, 3.937, 3.282, 4.191, 6.077, 6.727, 6.791, 6.633, 6.383, 5.611, 4.202, 3.261, 1.923, 2.215, 6.476, 8.349, 10.009, 10.782, 10.929, 10.908, 11.397, 11.165, 11.212, 9.949, 9.684, 9.954, 9.222, 8.195, 7.815, 7.077, 6.608, 7.137, 7.317, 7.36, 6.548, 3.808, 1.873, 1.601, 1.745, 2.423, 4.269, 3.83, 3.506, 1.73, 1.872, 3.795, 7.799, 10.664, 11.008, 11.161, 10.126, 7.076, 3.723, 2.175, 2.192, 2.342, 2.753, 3.905, 4.039, 3.932, 4.922, 5.852, 6.418, 5.028, 4.409, 5.814, 6.384, 4.916, 4.837, 5.094, 3.977, 2.494, 1.813, 3.32, 4.458, 4.06, 4.512, 5.655, 6.775, 9.141, 10.1, 8.435, 6.75, 5.288, 5.266, 5.319, 4.383, 3.447, 2.822, 3.103, 4.3, 4.781, 4.278, 3.935, 3.836, 4.375, 5.912, 6.142, 5.46, 6.459, 7.318, 9.197, 11.187, 10.541, 9.557, 9.659, 7.851, 5.263, 3.379, 2.921, 3.117, 3.033, 3.731, 3.531, 1.927, 1.752, 1.773, 2.425, 2.064, 2.591, 1.868, 1.976], [2.383, 2.9, 2.299, 2.889, 3.574, 2.932, 2.015, 2.179, 2.821, 3.443, 2.273, 2.524, 3.477, 3.482, 3.457, 4.279, 5.082, 4.453, 3.626, 4.512, 4.802, 3.203, 0.0, 2.086, 1.851, 2.103, 2.552, 3.25, 3.736, 3.902, 3.685, 3.676, 3.22, 1.596, 1.67, 2.116, 4.858, 8.944, 11.089, 13.021, 13.801, 13.895, 13.937, 14.426, 14.181, 14.175, 12.966, 12.713, 12.918, 12.205, 11.224, 10.71, 9.797, 9.498, 9.978, 10.191, 10.152, 9.482, 6.771, 3.698, 3.098, 3.519, 1.793, 2.265, 1.469, 1.323, 2.166, 1.957, 1.723, 5.403, 7.974, 8.099, 8.45, 7.19, 4.165, 2.084, 2.036, 4.213, 5.252, 5.466, 6.59, 6.693, 6.735, 7.872, 8.872, 9.438, 8.012, 7.42, 8.843, 9.413, 7.94, 7.545, 8.123, 7.002, 5.312, 3.555, 1.58, 1.833, 1.464, 2.351, 2.867, 4.046, 6.245, 7.205, 5.702, 4.069, 3.917, 4.412, 4.396, 3.501, 3.51, 2.853, 2.436, 1.935, 2.487, 2.291, 1.781, 1.958, 1.982, 2.945, 3.103, 2.708, 3.657, 4.605, 6.34, 8.242, 7.598, 6.593, 6.63, 4.931, 2.746, 2.567, 1.666, 2.401, 2.439, 1.438, 1.203, 2.344, 2.47, 3.144, 5.431, 4.4, 2.25, 2.824, 3.565], [3.477, 4.416, 3.419, 4.232, 4.891, 3.11, 2.081, 1.723, 1.33, 2.041, 2.257, 3.797, 4.784, 4.779, 4.785, 5.711, 6.502, 5.861, 5.043, 5.869, 6.231, 4.633, 2.086, 0.0, 2.299, 2.934, 2.953, 2.525, 2.495, 2.557, 2.292, 2.546, 2.219, 1.854, 2.421, 3.564, 6.085, 10.266, 12.36, 14.349, 15.137, 15.21, 15.285, 15.74, 15.641, 15.659, 14.425, 14.04, 14.509, 13.654, 12.665, 12.197, 11.388, 10.808, 11.314, 11.497, 11.468, 10.926, 8.166, 5.076, 4.699, 5.084, 2.895, 1.663, 1.432, 1.75, 3.655, 3.365, 2.08, 4.246, 6.312, 6.526, 6.978, 5.745, 3.211, 2.492, 3.236, 5.581, 6.635, 7.073, 8.027, 8.228, 8.167, 9.227, 10.213, 10.775, 9.383, 8.739, 10.158, 10.728, 9.255, 8.874, 9.438, 8.316, 6.627, 4.889, 2.213, 0.996, 1.412, 1.724, 2.006, 2.671, 4.815, 5.796, 4.297, 3.341, 4.314, 4.873, 5.005, 4.184, 4.389, 4.149, 3.617, 2.601, 2.89, 3.212, 2.248, 2.266, 2.439, 2.936, 2.477, 2.574, 2.742, 3.006, 4.711, 6.844, 6.184, 5.305, 5.458, 4.063, 3.164, 3.42, 2.95, 3.57, 3.61, 2.031, 1.714, 3.68, 4.048, 4.743, 6.824, 5.952, 3.328, 4.254, 5.018], [1.469, 2.908, 1.894, 2.686, 3.331, 1.741, 0.837, 1.698, 2.407, 2.432, 0.988, 2.605, 3.139, 3.029, 3.124, 4.157, 4.999, 4.376, 3.635, 4.75, 5.221, 3.937, 1.851, 2.299, 0.0, 1.648, 2.149, 3.248, 4.109, 4.366, 3.778, 3.312, 2.458, 1.69, 1.608, 2.5, 5.52, 10.112, 11.499, 13.206, 13.871, 14.211, 14.053, 14.355, 14.396, 14.323, 13.094, 12.749, 13.31, 12.516, 11.589, 11.334, 10.788, 9.904, 10.648, 10.659, 10.458, 9.953, 7.091, 3.784, 4.018, 3.881, 2.168, 2.645, 1.688, 2.133, 3.41, 2.984, 1.634, 4.468, 7.41, 7.901, 7.995, 7.178, 4.032, 1.286, 2.175, 4.281, 5.368, 5.937, 7.634, 7.78, 7.272, 8.241, 8.868, 9.378, 8.16, 7.304, 8.712, 9.284, 7.835, 7.427, 7.991, 6.87, 5.183, 3.784, 2.303, 2.16, 2.102, 3.019, 3.707, 3.665, 6.087, 7.052, 5.278, 3.617, 3.077, 3.262, 3.229, 2.823, 3.265, 3.656, 3.065, 2.364, 2.754, 2.597, 2.106, 2.2, 2.13, 3.128, 3.231, 2.768, 3.487, 4.152, 6.142, 8.29, 7.631, 6.66, 6.761, 4.931, 2.926, 2.055, 1.667, 2.074, 2.055, 1.541, 1.395, 2.305, 2.846, 3.494, 5.544, 4.64, 2.029, 2.934, 3.751], [1.48, 2.327, 1.327, 2.012, 2.591, 1.683, 1.86, 2.428, 3.112, 3.24, 1.82, 2.448, 2.5, 2.539, 2.686, 3.587, 4.467, 3.821, 3.057, 4.03, 4.506, 3.282, 2.103, 2.934, 1.648, 0.0, 1.774, 3.732, 4.539, 4.743, 4.424, 3.969, 3.107, 2.07, 1.867, 2.109, 4.991, 9.472, 11.017, 12.591, 13.234, 13.634, 13.353, 13.792, 13.564, 13.528, 12.306, 12.049, 12.544, 11.789, 10.813, 10.545, 9.967, 9.315, 9.982, 10.034, 9.974, 9.27, 6.355, 3.44, 3.309, 3.264, 2.343, 2.755, 2.262, 2.612, 3.119, 2.751, 1.685, 5.322, 8.291, 8.6, 8.711, 7.85, 4.728, 1.278, 1.806, 3.611, 4.652, 5.195, 6.897, 7.037, 6.555, 7.605, 8.249, 8.792, 7.477, 6.697, 8.066, 8.636, 7.232, 6.779, 7.346, 6.225, 4.538, 3.148, 2.099, 2.693, 2.569, 3.595, 4.031, 4.388, 6.725, 7.676, 5.95, 4.321, 2.829, 2.959, 2.91, 2.879, 3.313, 3.389, 2.887, 2.905, 3.499, 2.884, 2.895, 2.996, 2.768, 3.776, 3.867, 3.341, 4.212, 4.946, 6.909, 8.935, 8.295, 7.309, 7.407, 5.586, 3.121, 2.017, 1.623, 1.773, 1.737, 2.286, 2.081, 2.197, 2.355, 2.7, 4.794, 3.818, 1.568, 2.269, 2.999], [2.413, 3.696, 2.616, 3.588, 4.121, 2.247, 2.113, 2.53, 2.725, 3.21, 2.444, 3.803, 3.925, 3.903, 4.041, 5.083, 5.943, 5.306, 4.36, 5.174, 5.64, 4.191, 2.552, 2.953, 2.149, 1.774, 0.0, 2.333, 3.571, 3.964, 3.166, 2.637, 2.317, 2.047, 2.666, 3.03, 5.901, 10.205, 11.988, 13.815, 14.592, 14.701, 14.734, 15.207, 14.967, 15.02, 13.751, 13.538, 13.839, 13.038, 12.018, 11.609, 10.916, 10.324, 10.886, 11.088, 11.034, 10.329, 7.565, 5.022, 4.21, 4.457, 3.293, 3.185, 2.547, 3.165, 3.918, 3.605, 1.841, 3.992, 6.817, 7.05, 7.243, 6.288, 3.198, 1.575, 2.946, 5.032, 6.033, 6.459, 7.693, 7.858, 7.653, 8.697, 9.662, 10.228, 8.81, 8.251, 9.624, 10.194, 8.721, 8.336, 8.904, 7.783, 6.093, 4.466, 2.933, 2.92, 3.011, 3.849, 3.664, 2.986, 5.178, 6.132, 4.489, 2.94, 1.926, 2.416, 2.377, 2.196, 3.103, 3.773, 3.111, 2.783, 3.138, 2.634, 2.632, 2.662, 2.217, 2.578, 2.735, 2.291, 2.877, 3.489, 5.362, 7.377, 6.733, 5.747, 5.86, 4.038, 2.111, 1.938, 2.289, 2.311, 2.386, 2.184, 2.352, 3.335, 3.554, 4.149, 6.225, 5.317, 2.906, 3.723, 4.38], [4.336, 5.762, 4.628, 5.567, 6.202, 3.942, 3.086, 2.277, 2.123, 2.643, 3.336, 5.134, 5.934, 6.012, 6.13, 7.168, 8.002, 7.359, 6.446, 7.243, 7.716, 6.077, 3.25, 2.525, 3.248, 3.732, 2.333, 0.0, 1.876, 2.508, 1.62, 1.806, 2.383, 2.522, 3.362, 4.732, 7.599, 11.63, 13.863, 15.852, 16.629, 16.713, 16.754, 17.243, 17.059, 17.116, 15.846, 15.531, 15.847, 15.051, 14.075, 13.548, 12.715, 12.311, 12.781, 13.0, 12.971, 12.395, 9.635, 6.511, 6.056, 6.489, 4.406, 2.982, 2.606, 3.051, 5.034, 4.748, 2.841, 3.259, 5.006, 5.062, 5.574, 4.323, 2.234, 3.272, 4.705, 7.05, 8.104, 8.447, 9.406, 9.577, 9.602, 10.696, 11.707, 12.273, 10.849, 10.242, 11.661, 12.231, 10.758, 10.376, 10.94, 9.819, 8.13, 6.359, 3.686, 2.804, 3.018, 3.145, 2.394, 1.432, 3.37, 4.388, 2.878, 2.302, 3.404, 4.048, 4.1, 3.851, 4.799, 5.162, 4.246, 2.874, 2.704, 3.137, 2.762, 2.792, 2.553, 2.343, 2.01, 1.873, 1.686, 2.219, 3.353, 5.351, 4.707, 3.722, 4.116, 2.512, 2.641, 3.659, 3.825, 4.251, 4.256, 2.751, 2.704, 4.864, 5.322, 6.124, 8.265, 7.375, 4.765, 5.663, 6.467], [5.351, 6.485, 5.344, 6.236, 6.883, 4.831, 3.957, 3.239, 2.352, 2.999, 4.025, 5.861, 6.706, 6.757, 6.828, 7.859, 8.715, 8.07, 7.139, 7.885, 8.327, 6.727, 3.736, 2.495, 4.109, 4.539, 3.571, 1.876, 0.0, 1.176, 1.733, 2.42, 2.897, 3.53, 4.084, 5.305, 8.315, 12.298, 14.57, 16.56, 17.344, 17.435, 17.476, 17.965, 17.72, 17.74, 16.505, 16.252, 16.456, 15.735, 14.747, 14.22, 13.209, 13.032, 13.503, 13.722, 13.693, 13.02, 10.308, 7.187, 6.625, 7.088, 5.07, 2.981, 3.143, 3.444, 5.366, 5.277, 3.554, 3.967, 5.314, 5.113, 5.773, 4.07, 3.143, 4.161, 5.427, 7.768, 8.791, 9.028, 10.021, 10.143, 10.261, 11.403, 12.414, 12.981, 11.555, 10.963, 12.382, 12.952, 11.479, 11.088, 11.662, 10.541, 8.851, 7.081, 4.292, 2.898, 3.175, 3.195, 1.964, 1.853, 3.489, 4.688, 3.582, 3.813, 5.068, 5.713, 5.696, 5.536, 5.935, 5.538, 4.593, 3.467, 3.714, 4.049, 3.411, 3.743, 3.785, 3.567, 2.797, 3.356, 2.719, 2.918, 3.519, 4.862, 4.547, 3.518, 3.634, 3.388, 4.019, 4.81, 4.627, 5.122, 5.227, 3.491, 3.483, 5.512, 5.891, 6.707, 8.97, 7.959, 5.432, 6.373, 7.104], [5.648, 6.629, 5.532, 6.296, 6.958, 5.048, 4.204, 3.52, 2.573, 3.097, 4.227, 5.922, 6.918, 6.962, 7.013, 7.966, 8.838, 8.194, 7.254, 8.015, 8.406, 6.791, 3.902, 2.557, 4.366, 4.743, 3.964, 2.508, 1.176, 0.0, 1.934, 2.798, 3.169, 3.803, 4.402, 5.485, 8.322, 12.304, 14.579, 16.569, 17.353, 17.44, 17.482, 17.97, 17.726, 17.764, 16.511, 16.259, 16.48, 15.743, 14.755, 14.218, 13.213, 13.038, 13.509, 13.728, 13.698, 13.031, 10.316, 7.193, 6.636, 7.175, 5.102, 2.949, 3.449, 3.706, 5.405, 5.348, 3.793, 4.582, 5.644, 5.501, 5.991, 4.739, 3.641, 4.351, 5.432, 7.776, 8.796, 9.038, 10.03, 10.137, 10.27, 11.412, 12.423, 12.989, 11.563, 10.969, 12.388, 12.958, 11.485, 11.096, 11.668, 10.547, 8.857, 7.094, 4.29, 2.86, 3.24, 3.267, 1.943, 2.355, 4.053, 5.098, 4.169, 4.293, 5.486, 6.138, 6.101, 5.792, 6.1, 5.68, 4.715, 3.723, 3.913, 4.187, 3.653, 3.929, 3.99, 3.835, 3.107, 3.646, 2.939, 3.318, 3.861, 5.294, 5.057, 4.084, 3.978, 4.03, 4.347, 5.076, 4.777, 5.278, 5.426, 3.759, 3.743, 5.738, 5.954, 6.731, 8.981, 8.001, 5.436, 6.388, 7.13], [4.931, 6.4, 5.209, 6.155, 6.789, 4.325, 3.413, 2.906, 1.658, 2.129, 3.805, 5.823, 6.742, 6.753, 6.793, 7.813, 8.632, 7.99, 7.066, 7.807, 8.196, 6.633, 3.685, 2.292, 3.778, 4.424, 3.166, 1.62, 1.733, 1.934, 0.0, 1.651, 2.257, 3.245, 3.961, 5.231, 8.27, 12.309, 14.532, 16.521, 17.309, 17.397, 17.44, 17.928, 17.684, 17.685, 16.469, 16.216, 16.427, 15.708, 14.731, 14.223, 13.291, 12.996, 13.466, 13.685, 13.656, 12.973, 10.269, 7.152, 6.575, 7.036, 5.035, 2.902, 3.073, 3.501, 5.544, 5.303, 3.343, 3.536, 4.588, 4.63, 5.117, 4.151, 2.562, 3.805, 5.39, 7.716, 8.754, 8.976, 10.061, 10.194, 10.29, 11.368, 12.375, 12.941, 11.516, 10.924, 12.346, 12.916, 11.443, 11.049, 11.626, 10.504, 8.815, 7.044, 4.245, 2.476, 3.106, 3.161, 2.372, 1.416, 3.132, 3.954, 2.899, 3.115, 4.3, 5.005, 4.986, 4.617, 5.344, 5.814, 4.662, 3.195, 3.208, 3.638, 3.213, 3.295, 3.017, 2.806, 2.193, 2.454, 1.97, 1.995, 2.936, 4.854, 4.319, 3.513, 3.72, 2.993, 3.265, 4.215, 4.327, 4.602, 4.938, 3.405, 3.44, 5.445, 5.826, 6.652, 8.939, 7.906, 5.349, 6.311, 7.067], [4.377, 5.968, 4.865, 5.824, 6.467, 3.923, 2.9, 2.356, 1.815, 2.01, 3.454, 5.496, 6.279, 6.299, 6.399, 7.437, 8.182, 7.546, 6.715, 7.51, 7.89, 6.383, 3.676, 2.546, 3.312, 3.969, 2.637, 1.806, 2.42, 2.798, 1.651, 0.0, 1.48, 2.846, 3.417, 4.952, 8.227, 12.338, 14.314, 16.23, 16.992, 17.149, 17.15, 17.606, 17.361, 17.358, 16.147, 15.933, 16.168, 15.502, 14.413, 14.05, 13.353, 12.696, 13.39, 13.478, 13.404, 12.74, 9.967, 6.828, 6.367, 6.698, 4.731, 2.744, 2.916, 3.524, 5.701, 5.325, 2.871, 2.329, 4.471, 4.838, 4.956, 3.986, 1.838, 3.3, 5.073, 7.394, 8.432, 8.745, 10.064, 10.221, 10.127, 11.171, 12.052, 12.618, 11.193, 10.601, 12.023, 12.593, 11.121, 10.726, 11.303, 10.182, 8.492, 6.727, 4.01, 2.544, 3.066, 3.474, 3.017, 1.377, 3.008, 3.899, 2.307, 1.982, 2.989, 3.679, 3.67, 3.615, 5.128, 5.92, 4.915, 3.421, 3.125, 3.635, 3.349, 3.269, 2.691, 1.978, 1.928, 2.008, 1.699, 1.397, 3.062, 5.035, 4.4, 3.509, 3.631, 2.426, 2.557, 3.469, 4.161, 4.358, 4.618, 3.246, 3.227, 5.12, 5.537, 6.395, 8.629, 7.577, 5.022, 5.989, 6.745], [3.471, 5.103, 4.024, 4.964, 5.586, 3.138, 2.017, 2.056, 1.69, 1.866, 2.608, 4.614, 5.385, 5.404, 5.505, 6.542, 7.259, 6.621, 5.818, 6.658, 7.092, 5.611, 3.22, 2.219, 2.458, 3.107, 2.317, 2.383, 2.897, 3.169, 2.257, 1.48, 0.0, 1.964, 2.691, 4.262, 7.427, 11.816, 13.514, 15.36, 16.104, 16.29, 16.246, 16.711, 16.524, 16.545, 15.309, 15.028, 15.437, 14.645, 13.591, 13.284, 12.621, 11.886, 12.571, 12.708, 12.512, 11.907, 9.09, 5.966, 5.761, 5.906, 3.894, 2.518, 2.56, 3.059, 5.045, 4.548, 2.26, 2.44, 5.227, 5.594, 5.691, 4.773, 2.089, 2.381, 4.175, 6.499, 7.537, 7.994, 9.389, 9.537, 9.28, 10.304, 11.171, 11.734, 10.331, 9.71, 11.129, 11.699, 10.226, 9.842, 10.409, 9.288, 7.598, 5.828, 3.492, 2.231, 2.689, 3.529, 3.031, 2.385, 3.804, 4.696, 3.077, 2.404, 2.746, 3.625, 3.623, 3.368, 4.553, 5.34, 4.551, 3.199, 3.165, 3.436, 3.128, 2.931, 2.559, 2.617, 2.249, 2.279, 2.244, 2.06, 3.815, 5.877, 5.231, 4.291, 4.502, 2.986, 2.306, 2.743, 3.442, 3.628, 3.76, 2.707, 2.738, 4.296, 4.815, 5.646, 7.766, 6.837, 4.177, 5.128, 5.904], [2.436, 3.82, 2.819, 3.711, 4.332, 2.393, 1.429, 1.461, 2.055, 2.434, 1.891, 3.334, 4.056, 4.08, 4.195, 5.216, 5.969, 5.333, 4.514, 5.324, 5.806, 4.202, 1.596, 1.854, 1.69, 2.07, 2.047, 2.522, 3.53, 3.803, 3.245, 2.846, 1.964, 0.0, 1.778, 2.998, 5.825, 10.182, 12.066, 13.994, 14.775, 14.855, 14.914, 15.386, 15.268, 15.285, 14.052, 13.673, 14.119, 13.258, 12.29, 11.821, 10.948, 10.456, 10.947, 11.155, 11.113, 10.559, 7.799, 4.721, 4.344, 4.649, 2.599, 2.46, 1.51, 1.808, 3.245, 2.924, 1.426, 4.077, 6.799, 6.983, 7.41, 6.155, 3.079, 1.654, 2.874, 5.215, 6.268, 6.683, 7.698, 7.832, 7.747, 8.864, 9.853, 10.419, 9.016, 8.384, 9.803, 10.373, 8.9, 8.519, 9.083, 7.962, 6.272, 4.502, 2.23, 1.77, 1.755, 2.828, 3.138, 3.283, 5.26, 6.205, 4.652, 2.877, 3.056, 3.677, 3.767, 2.925, 3.426, 3.57, 2.936, 1.922, 2.327, 2.18, 1.918, 2.034, 1.783, 2.305, 2.264, 1.951, 2.683, 3.452, 5.17, 7.208, 6.539, 5.568, 5.67, 3.861, 2.059, 2.198, 2.104, 2.532, 2.399, 1.529, 1.499, 2.995, 3.532, 4.353, 6.448, 5.576, 2.969, 3.848, 4.645], [2.427, 2.861, 2.446, 2.842, 3.172, 2.778, 1.662, 1.934, 2.691, 2.858, 1.89, 2.39, 3.009, 3.235, 3.456, 4.138, 4.921, 4.461, 3.668, 4.262, 4.627, 3.261, 1.67, 2.421, 1.608, 1.867, 2.666, 3.362, 4.084, 4.402, 3.961, 3.417, 2.691, 1.778, 0.0, 1.71, 5.029, 9.381, 11.095, 12.922, 13.606, 13.883, 13.777, 14.221, 13.982, 14.002, 12.761, 12.544, 12.848, 12.128, 11.111, 10.763, 10.115, 9.479, 10.158, 10.302, 10.101, 9.45, 6.663, 3.468, 3.248, 3.319, 1.559, 2.103, 1.327, 1.468, 2.656, 2.203, 1.514, 4.917, 7.821, 8.13, 8.232, 7.311, 4.269, 1.965, 1.827, 4.03, 5.057, 5.379, 6.956, 7.061, 6.826, 7.897, 8.707, 9.259, 7.872, 7.22, 8.638, 9.208, 7.735, 7.344, 7.918, 6.797, 5.107, 3.37, 1.586, 2.14, 1.876, 2.735, 3.626, 4.03, 6.252, 7.152, 5.499, 3.878, 3.827, 4.276, 4.245, 3.601, 3.99, 3.71, 3.267, 2.468, 2.977, 2.946, 2.435, 2.589, 2.516, 3.247, 3.33, 3.053, 3.731, 4.465, 6.422, 8.401, 7.766, 6.77, 6.835, 5.099, 3.163, 2.608, 1.952, 2.634, 2.618, 1.722, 1.376, 1.805, 2.281, 3.032, 5.257, 4.253, 2.385, 2.722, 3.398], [2.109, 1.847, 2.027, 2.225, 2.26, 3.276, 2.772, 3.278, 4.093, 4.275, 2.876, 1.658, 1.926, 2.233, 2.418, 2.852, 3.655, 3.203, 2.523, 2.87, 3.234, 1.923, 2.116, 3.564, 2.5, 2.109, 3.03, 4.732, 5.305, 5.485, 5.231, 4.952, 4.262, 2.998, 1.71, 0.0, 3.613, 7.917, 9.613, 11.474, 12.158, 12.391, 12.352, 12.786, 12.518, 12.557, 11.339, 11.153, 11.415, 10.72, 9.669, 9.297, 8.652, 7.986, 8.698, 8.77, 8.639, 7.934, 5.228, 2.745, 1.888, 2.099, 1.875, 3.12, 2.5, 2.479, 1.808, 1.579, 2.266, 6.393, 9.313, 9.676, 9.784, 8.866, 5.795, 2.55, 1.135, 2.625, 3.594, 3.932, 5.499, 5.609, 5.36, 6.408, 7.237, 7.773, 6.378, 5.761, 7.18, 7.75, 6.277, 5.898, 6.459, 5.338, 3.649, 2.096, 2.072, 3.214, 2.909, 3.706, 4.633, 5.346, 7.798, 8.691, 7.019, 5.39, 4.071, 4.131, 4.117, 3.245, 3.167, 2.624, 2.383, 2.875, 3.452, 2.939, 2.685, 2.765, 3.151, 4.547, 4.762, 4.241, 5.263, 6.0, 7.976, 9.955, 9.32, 8.296, 8.332, 6.652, 4.044, 2.438, 1.543, 2.028, 2.098, 2.326, 2.166, 1.259, 1.313, 1.871, 3.88, 2.868, 1.911, 1.609, 2.106], [4.881, 3.713, 4.829, 4.732, 4.521, 6.095, 5.77, 6.351, 6.995, 7.453, 5.826, 3.625, 2.982, 3.918, 4.024, 3.226, 2.77, 2.934, 2.974, 2.102, 1.609, 2.215, 4.858, 6.085, 5.52, 4.991, 5.901, 7.599, 8.315, 8.322, 8.27, 8.227, 7.427, 5.825, 5.029, 3.613, 0.0, 4.697, 6.431, 8.266, 9.054, 9.13, 9.211, 9.658, 9.555, 9.574, 8.34, 7.967, 8.434, 7.59, 6.581, 6.144, 5.442, 4.773, 5.277, 5.447, 5.601, 4.933, 2.289, 2.515, 2.595, 2.332, 3.713, 5.86, 5.471, 5.142, 3.07, 3.28, 5.676, 9.565, 12.236, 12.532, 12.812, 11.814, 8.656, 5.411, 3.534, 2.86, 2.159, 2.128, 2.531, 2.997, 2.999, 3.373, 4.138, 4.694, 3.517, 2.833, 4.255, 4.734, 3.555, 4.161, 3.934, 3.123, 2.608, 2.996, 4.66, 5.893, 5.582, 5.63, 6.861, 8.242, 10.718, 11.688, 10.056, 8.353, 7.064, 6.81, 6.97, 5.743, 4.049, 3.341, 4.576, 5.858, 6.242, 5.817, 5.594, 5.506, 6.069, 7.735, 7.852, 7.126, 8.132, 8.919, 10.786, 12.926, 12.267, 11.296, 11.397, 9.574, 7.05, 5.178, 4.421, 4.723, 4.569, 5.203, 5.07, 3.534, 3.202, 3.174, 2.208, 2.988, 4.245, 3.146, 3.132], [9.448, 8.005, 9.169, 9.231, 8.647, 10.601, 10.316, 10.603, 11.275, 11.783, 10.29, 7.935, 7.435, 8.178, 8.172, 7.49, 6.562, 6.944, 7.155, 6.075, 5.396, 6.476, 8.944, 10.266, 10.112, 9.472, 10.205, 11.63, 12.298, 12.304, 12.309, 12.338, 11.816, 10.182, 9.381, 7.917, 4.697, 0.0, 3.44, 4.308, 5.061, 5.137, 5.178, 5.67, 5.511, 5.539, 4.307, 4.169, 4.527, 3.558, 2.887, 2.533, 1.761, 2.128, 1.984, 1.933, 2.655, 2.267, 3.325, 6.661, 6.389, 6.471, 8.056, 10.044, 9.683, 9.27, 7.283, 7.494, 9.91, 13.955, 16.453, 16.583, 16.994, 15.842, 12.699, 9.908, 7.978, 6.403, 5.331, 4.742, 2.925, 3.052, 3.45, 2.994, 3.165, 2.488, 3.086, 3.813, 3.332, 3.75, 4.228, 5.341, 4.958, 5.156, 5.811, 6.819, 8.529, 10.049, 9.461, 9.273, 10.631, 12.363, 14.745, 15.758, 14.213, 12.541, 11.395, 11.377, 11.452, 10.305, 7.809, 7.062, 8.445, 9.873, 10.209, 9.763, 9.615, 9.537, 10.099, 11.733, 11.844, 11.185, 12.13, 13.123, 14.882, 16.917, 16.258, 15.287, 15.389, 13.571, 11.095, 9.648, 8.86, 8.957, 8.762, 9.25, 9.179, 8.129, 7.671, 7.382, 6.038, 6.72, 8.696, 7.541, 6.744], [10.924, 9.577, 10.709, 10.642, 10.238, 11.991, 11.689, 12.248, 13.189, 13.347, 11.617, 9.356, 8.798, 9.552, 9.648, 8.885, 8.29, 8.576, 8.853, 8.006, 7.408, 8.349, 11.089, 12.36, 11.499, 11.017, 11.988, 13.863, 14.57, 14.579, 14.532, 14.314, 13.514, 12.066, 11.095, 9.613, 6.431, 3.44, 0.0, 2.382, 3.087, 3.21, 3.293, 4.143, 4.45, 4.472, 4.539, 4.977, 4.702, 4.442, 4.426, 3.877, 3.901, 3.798, 4.002, 3.026, 2.39, 2.711, 4.882, 8.274, 8.186, 7.947, 9.666, 11.886, 11.731, 11.42, 9.346, 9.515, 11.622, 15.559, 18.306, 18.776, 18.902, 18.086, 14.935, 11.339, 9.508, 7.961, 6.847, 6.439, 5.013, 4.963, 5.25, 4.719, 4.585, 4.146, 5.012, 5.133, 5.231, 5.641, 6.229, 7.199, 6.837, 6.923, 7.387, 8.316, 10.416, 12.138, 11.601, 11.422, 12.905, 14.46, 16.971, 17.939, 16.165, 14.556, 12.939, 12.858, 12.848, 11.977, 9.976, 9.271, 10.754, 12.121, 12.49, 12.068, 11.863, 11.781, 12.336, 13.968, 14.108, 13.393, 14.4, 15.066, 17.056, 19.191, 18.538, 17.565, 17.657, 15.834, 13.293, 11.316, 10.668, 10.808, 10.606, 11.404, 11.282, 9.71, 9.236, 9.066, 7.86, 8.494, 10.247, 9.01, 8.284], [12.351, 10.723, 11.811, 11.775, 11.115, 13.207, 13.595, 14.349, 15.158, 15.27, 13.396, 11.256, 10.32, 10.846, 10.589, 10.089, 9.092, 9.439, 9.77, 8.859, 8.529, 10.009, 13.021, 14.349, 13.206, 1