[[0.0, 3.879, 3.659, 3.687, 4.297, 4.642, 4.101, 4.444, 6.166, 7.956, 9.23, 9.329, 9.801, 9.91, 9.38, 8.302, 6.754, 5.056, 4.8, 4.474, 3.723, 3.354, 5.786, 4.637, 3.064, 5.341, 7.094, 5.673, 6.281, 6.646, 5.648, 5.498, 5.106, 8.729, 10.636, 7.499, 7.25, 8.01, 7.725, 7.275, 6.656, 4.222, 4.369, 6.231, 5.928, 4.254, 3.871, 2.635, 2.201, 1.948, 2.512, 2.782, 2.524, 2.05, 3.597, 3.067, 2.691, 2.629, 3.108, 3.729, 3.063, 4.141, 4.502, 6.406, 5.916, 3.376, 2.261, 2.266, 2.067, 2.628, 2.029, 2.646, 2.344, 2.488, 3.318, 4.56, 2.508, 2.995, 4.191, 4.672, 6.35, 8.273, 9.789, 10.381, 12.067, 12.067, 11.407, 13.261, 15.684, 16.387, 15.433, 16.151, 7.911, 2.179, 3.061, 6.07, 9.288, 8.017, 7.433, 9.537, 9.026, 7.508, 7.023, 5.89, 4.094, 3.871, 3.811], [3.879, 0.0, 1.251, 1.797, 1.15, 1.677, 2.116, 2.11, 4.095, 5.523, 6.478, 6.102, 6.244, 6.239, 5.804, 4.86, 4.198, 3.004, 3.472, 4.399, 4.633, 7.014, 9.473, 8.276, 6.488, 9.065, 10.794, 9.343, 9.945, 10.278, 9.293, 8.851, 8.705, 12.414, 14.269, 11.164, 10.916, 11.769, 11.457, 10.948, 10.275, 7.667, 7.817, 9.924, 9.759, 7.855, 7.578, 6.306, 3.29, 3.55, 4.322, 3.127, 3.137, 4.542, 5.447, 3.969, 3.384, 3.456, 3.341, 3.372, 4.696, 6.762, 7.658, 10.115, 9.6, 6.959, 3.97, 4.196, 5.431, 6.122, 4.935, 5.393, 5.844, 6.103, 7.001, 8.378, 6.229, 6.718, 7.972, 8.335, 10.026, 11.964, 13.471, 14.08, 15.751, 15.708, 15.074, 16.984, 19.368, 20.11, 19.091, 19.84, 11.597, 4.886, 2.537, 3.181, 5.558, 4.287, 3.793, 5.847, 5.37, 3.859, 3.349, 2.612, 2.093, 1.92, 1.773], [3.659, 1.251, 0.0, 1.928, 1.771, 2.443, 2.569, 2.651, 4.906, 6.366, 7.321, 6.852, 7.037, 6.985, 6.592, 5.677, 5.144, 4.004, 4.235, 5.247, 5.088, 6.607, 8.741, 7.556, 6.007, 8.636, 10.379, 9.047, 9.683, 10.15, 9.159, 8.746, 8.663, 12.142, 14.024, 11.023, 10.733, 11.526, 11.309, 10.4, 9.642, 7.551, 7.709, 9.577, 9.495, 7.728, 7.22, 6.055, 3.265, 3.501, 4.521, 3.479, 3.365, 4.546, 5.708, 4.345, 3.736, 3.99, 4.077, 4.329, 4.926, 6.856, 7.495, 9.9, 9.471, 6.827, 3.984, 4.193, 5.273, 5.945, 4.561, 4.901, 5.395, 5.946, 6.844, 8.155, 6.066, 6.521, 7.745, 8.059, 9.33, 11.355, 12.783, 13.439, 15.139, 15.089, 14.656, 16.61, 18.664, 19.618, 18.588, 19.124, 10.984, 4.238, 2.494, 3.932, 6.06, 4.81, 4.484, 6.58, 6.099, 4.63, 4.045, 3.293, 2.657, 2.51, 2.481], [3.687, 1.797, 1.928, 0.0, 1.897, 2.539, 2.958, 3.047, 4.821, 6.376, 7.308, 6.708, 6.648, 6.588, 6.359, 5.368, 4.597, 3.644, 3.87, 4.794, 4.676, 6.938, 9.348, 8.139, 6.391, 8.856, 10.713, 9.26, 9.863, 9.833, 8.921, 8.32, 7.96, 12.193, 14.047, 10.966, 10.772, 11.644, 11.164, 10.863, 10.238, 7.172, 7.252, 9.657, 9.415, 7.236, 7.33, 6.185, 2.621, 2.968, 3.864, 3.065, 2.808, 4.228, 5.208, 4.091, 3.047, 3.323, 3.551, 3.859, 4.329, 6.536, 7.419, 9.99, 9.293, 6.441, 3.792, 3.943, 4.961, 5.85, 4.884, 5.2, 5.493, 5.881, 6.615, 7.961, 5.628, 6.449, 7.823, 8.071, 9.916, 11.88, 13.339, 13.929, 15.612, 15.673, 15.03, 16.885, 19.26, 19.963, 19.053, 19.748, 11.522, 4.648, 2.79, 3.837, 5.85, 4.614, 4.013, 6.105, 5.684, 4.445, 3.827, 3.193, 2.455, 2.457, 2.345], [4.297, 1.15, 1.771, 1.897, 0.0, 1.529, 1.949, 1.892, 3.971, 5.196, 6.038, 5.797, 5.849, 6.024, 5.471, 4.602, 3.925, 2.779, 3.319, 4.115, 4.516, 7.468, 10.039, 8.843, 7.017, 9.568, 11.304, 9.741, 10.217, 10.109, 9.285, 9.072, 8.464, 12.843, 14.546, 11.331, 11.128, 12.018, 11.602, 11.476, 10.83, 7.724, 7.782, 10.35, 10.123, 7.988, 8.03, 6.556, 2.96, 3.295, 4.009, 2.789, 2.828, 4.359, 5.217, 3.554, 3.163, 3.323, 3.238, 3.324, 4.454, 6.749, 7.936, 10.458, 9.559, 6.926, 4.159, 4.109, 5.638, 6.393, 5.401, 5.807, 6.268, 6.261, 7.029, 8.63, 6.345, 7.087, 8.174, 8.783, 10.589, 12.505, 14.022, 14.618, 16.315, 16.25, 15.595, 17.456, 19.927, 20.563, 19.582, 20.399, 12.159, 5.496, 3.239, 3.114, 5.38, 4.262, 3.423, 5.302, 4.938, 3.521, 3.084, 2.591, 2.201, 1.907, 1.689], [4.642, 1.677, 2.443, 2.539, 1.529, 0.0, 1.319, 1.211, 2.945, 4.388, 5.394, 5.167, 5.395, 5.498, 5.042, 3.997, 3.341, 2.603, 3.226, 4.117, 4.7, 7.751, 10.341, 9.149, 7.313, 9.877, 11.596, 10.044, 10.64, 10.66, 9.713, 9.336, 8.97, 13.147, 14.832, 11.744, 11.514, 12.399, 12.032, 11.758, 11.127, 8.091, 8.171, 10.66, 10.48, 8.369, 8.338, 6.952, 3.554, 3.801, 4.403, 3.159, 3.202, 4.889, 5.535, 3.976, 3.508, 3.393, 3.179, 3.104, 4.777, 7.196, 8.292, 10.773, 10.073, 7.317, 4.497, 4.567, 5.973, 6.732, 5.684, 6.087, 6.578, 6.611, 7.477, 9.066, 6.795, 7.468, 8.573, 9.108, 10.89, 12.8, 14.325, 14.921, 16.62, 16.536, 15.882, 17.76, 20.226, 20.87, 19.864, 20.696, 12.447, 5.833, 3.326, 2.53, 4.903, 3.714, 3.066, 4.999, 4.519, 3.026, 2.597, 1.667, 1.572, 1.797, 1.686], [4.101, 2.116, 2.569, 2.958, 1.949, 1.319, 0.0, 1.116, 3.354, 4.395, 5.466, 5.474, 5.835, 6.042, 5.546, 4.431, 3.648, 3.038, 3.717, 4.396, 5.04, 7.264, 9.809, 8.617, 6.796, 9.345, 11.064, 9.52, 10.116, 10.143, 9.23, 9.2, 8.647, 12.6, 14.355, 11.218, 10.961, 11.835, 11.413, 11.226, 10.599, 7.753, 7.704, 10.122, 9.897, 7.891, 7.806, 6.405, 3.657, 3.495, 4.57, 3.469, 3.316, 4.787, 5.881, 4.009, 3.605, 3.338, 3.253, 3.343, 5.039, 7.064, 7.696, 10.229, 9.506, 6.879, 4.163, 4.156, 5.466, 6.157, 5.189, 5.57, 6.08, 6.12, 6.934, 8.442, 6.264, 6.87, 8.025, 8.562, 10.358, 12.267, 13.792, 14.388, 16.088, 16.016, 15.356, 17.204, 19.694, 20.336, 19.369, 20.164, 11.913, 5.498, 3.095, 2.731, 5.449, 4.206, 3.568, 5.532, 5.042, 3.524, 3.081, 2.246, 2.039, 2.005, 2.052], [4.444, 2.11, 2.651, 3.047, 1.892, 1.211, 1.116, 0.0, 2.756, 4.056, 5.212, 5.149, 5.672, 5.731, 5.278, 4.19, 3.289, 2.409, 3.139, 3.963, 4.891, 7.439, 10.028, 8.838, 7.036, 9.59, 11.283, 9.828, 10.476, 10.471, 9.539, 9.218, 8.747, 12.891, 14.571, 11.515, 11.301, 12.216, 11.836, 11.476, 10.844, 7.815, 7.91, 10.37, 10.219, 8.051, 8.037, 6.784, 3.687, 3.736, 4.452, 3.341, 3.226, 4.712, 5.653, 3.856, 3.47, 3.214, 2.981, 2.993, 4.876, 7.095, 8.043, 10.537, 9.807, 6.987, 4.391, 4.237, 5.729, 6.491, 5.413, 5.774, 6.296, 6.457, 7.289, 8.856, 6.512, 7.208, 8.379, 8.791, 10.577, 12.487, 14.012, 14.608, 16.307, 16.223, 15.58, 17.499, 19.913, 20.6, 19.551, 20.383, 12.204, 5.731, 3.331, 2.458, 5.1, 3.967, 3.328, 5.301, 4.853, 3.352, 2.875, 1.891, 1.75, 1.653, 1.772], [6.166, 4.095, 4.906, 4.821, 3.971, 2.945, 3.354, 2.756, 0.0, 2.192, 3.392, 3.294, 3.9, 4.106, 3.609, 2.632, 1.513, 2.15, 2.325, 3.213, 5.7, 9.324, 11.745, 10.558, 8.729, 11.302, 13.105, 11.653, 12.28, 12.279, 11.367, 10.677, 10.355, 14.589, 16.453, 13.405, 13.162, 14.058, 13.585, 13.234, 12.601, 9.598, 9.675, 12.119, 11.948, 9.853, 9.742, 8.608, 5.64, 5.83, 5.846, 4.624, 4.494, 6.278, 6.537, 5.195, 4.847, 4.657, 4.094, 3.754, 6.083, 8.748, 9.827, 12.378, 11.715, 8.809, 6.079, 6.021, 7.419, 8.205, 7.237, 7.573, 8.07, 8.275, 9.023, 10.6, 8.239, 8.952, 10.248, 10.544, 12.327, 14.224, 15.745, 16.315, 18.011, 18.043, 17.395, 19.239, 21.648, 22.413, 21.441, 22.1, 13.907, 7.292, 4.891, 2.46, 4.052, 4.084, 3.166, 4.005, 3.662, 3.347, 3.057, 2.556, 2.874, 3.059, 3.06], [7.956, 5.523, 6.366, 6.376, 5.196, 4.388, 4.395, 4.056, 2.192, 0.0, 1.617, 2.128, 3.312, 3.553, 3.007, 2.026, 2.332, 3.793, 3.835, 4.721, 7.527, 11.12, 13.47, 12.316, 10.51, 13.053, 14.887, 13.441, 14.065, 13.943, 13.122, 12.414, 11.922, 16.324, 18.231, 15.069, 14.902, 15.774, 15.288, 15.057, 14.433, 11.356, 11.349, 13.881, 13.597, 11.505, 11.467, 10.342, 7.248, 7.336, 7.387, 6.169, 6.135, 7.852, 8.141, 6.664, 6.384, 6.276, 5.664, 5.275, 7.628, 10.396, 11.534, 14.139, 13.318, 10.426, 7.903, 7.645, 9.142, 9.946, 9.04, 9.37, 9.828, 10.054, 10.698, 12.255, 9.906, 10.681, 11.931, 12.302, 14.085, 16.018, 17.503, 18.064, 19.761, 19.84, 19.176, 20.993, 23.406, 24.152, 23.227, 23.875, 15.756, 9.346, 6.949, 3.479, 4.221, 4.609, 3.595, 3.698, 3.488, 3.734, 3.537, 3.626, 4.84, 4.904, 4.786], [9.23, 6.478, 7.321, 7.308, 6.038, 5.394, 5.466, 5.212, 3.392, 1.617, 0.0, 1.46, 2.232, 2.384, 2.127, 2.272, 3.398, 5.016, 5.033, 6.002, 8.777, 12.465, 14.831, 13.649, 11.841, 14.383, 16.232, 14.767, 15.381, 15.269, 14.449, 13.74, 13.261, 17.649, 19.575, 16.421, 16.244, 17.101, 16.62, 16.384, 15.761, 12.684, 12.675, 15.213, 14.928, 12.837, 12.828, 11.669, 8.322, 8.504, 8.747, 7.475, 7.442, 9.189, 9.446, 8.04, 7.731, 7.607, 7.032, 6.643, 8.996, 11.74, 12.878, 15.473, 14.686, 11.782, 9.201, 9.019, 10.505, 11.286, 10.394, 10.714, 11.161, 11.36, 12.035, 13.573, 11.22, 11.995, 13.275, 13.635, 15.418, 17.362, 18.836, 19.41, 21.109, 21.184, 20.52, 22.337, 24.747, 25.489, 24.571, 25.22, 17.064, 10.532, 8.168, 4.43, 3.464, 4.181, 4.123, 3.179, 3.321, 3.676, 3.864, 4.59, 5.941, 6.04, 5.964], [9.329, 6.102, 6.852, 6.708, 5.797, 5.167, 5.474, 5.149, 3.294, 2.128, 1.46, 0.0, 1.484, 1.799, 1.746, 1.964, 3.286, 4.971, 5.059, 6.122, 8.86, 12.487, 14.8, 13.656, 11.871, 14.39, 16.261, 14.854, 15.5, 15.471, 14.585, 13.788, 13.469, 17.724, 19.618, 16.591, 16.358, 17.263, 16.8, 16.411, 15.788, 12.757, 12.846, 15.252, 15.078, 12.934, 12.784, 11.829, 8.332, 8.59, 8.985, 7.713, 7.664, 9.431, 9.69, 8.26, 7.918, 7.763, 7.216, 6.882, 9.218, 11.907, 13.023, 15.574, 14.884, 11.961, 9.275, 9.17, 10.476, 11.388, 10.438, 10.736, 11.169, 11.471, 12.209, 13.738, 11.373, 12.106, 13.44, 13.648, 15.438, 17.384, 18.847, 19.407, 21.102, 21.206, 20.566, 22.43, 24.769, 25.537, 24.595, 25.242, 17.087, 10.309, 7.857, 4.19, 2.487, 3.347, 3.623, 2.539, 2.412, 3.296, 3.274, 4.175, 5.7, 5.787, 5.9], [9.801, 6.244, 7.037, 6.648, 5.849, 5.395, 5.835, 5.672, 3.9, 3.312, 2.232, 1.484, 0.0, 1.305, 1.377, 2.33, 3.703, 5.327, 5.464, 6.675, 9.311, 13.08, 15.525, 14.308, 12.538, 15.016, 16.849, 15.348, 15.905, 15.848, 14.996, 14.455, 13.874, 18.315, 20.161, 17.025, 16.778, 17.626, 17.152, 17.021, 16.406, 13.329, 13.329, 15.787, 15.536, 13.439, 13.479, 12.204, 8.528, 8.937, 9.402, 8.093, 8.043, 9.915, 10.095, 8.725, 8.291, 8.189, 7.747, 7.326, 9.638, 12.303, 13.443, 16.06, 15.271, 12.455, 9.741, 9.66, 11.052, 11.929, 10.993, 11.331, 11.718, 11.931, 12.592, 14.068, 11.822, 12.541, 13.804, 14.225, 16.081, 18.039, 19.507, 20.101, 21.785, 21.833, 21.173, 22.984, 25.428, 26.084, 25.185, 25.918, 17.682, 10.894, 8.418, 4.653, 1.969, 3.176, 3.504, 2.23, 1.861, 3.12, 3.257, 4.238, 6.042, 6.364, 6.224], [9.91, 6.239, 6.985, 6.588, 6.024, 5.498, 6.042, 5.731, 4.106, 3.553, 2.384, 1.799, 1.305, 0.0, 1.247, 2.515, 3.848, 5.525, 5.617, 6.754, 9.485, 13.148, 15.565, 14.378, 12.595, 15.109, 16.917, 15.461, 16.088, 16.059, 15.173, 14.495, 14.073, 18.409, 20.24, 17.208, 16.974, 17.871, 17.398, 17.068, 16.44, 13.386, 13.463, 15.908, 15.745, 13.561, 13.574, 12.416, 8.742, 9.157, 9.651, 8.318, 8.263, 10.088, 10.357, 9.011, 8.587, 8.403, 7.91, 7.54, 9.897, 12.523, 13.641, 16.19, 15.5, 12.607, 9.891, 9.815, 11.218, 12.068, 11.086, 11.398, 11.833, 12.087, 12.825, 14.338, 11.979, 12.699, 14.057, 14.327, 16.132, 18.09, 19.557, 20.145, 21.845, 21.884, 21.236, 23.087, 25.478, 26.162, 25.255, 25.966, 17.724, 10.898, 8.264, 4.55, 2.077, 3.027, 3.444, 2.455, 1.992, 3.173, 3.211, 4.209, 6.085, 6.418, 6.304], [9.38, 5.804, 6.592, 6.359, 5.471, 5.042, 5.546, 5.278, 3.609, 3.007, 2.127, 1.746, 1.377, 1.247, 0.0, 1.743, 3.346, 4.874, 5.045, 6.232, 8.958, 12.681, 15.018, 13.823, 12.043, 14.582, 16.465, 15.011, 15.596, 15.493, 14.66, 13.897, 13.499, 17.901, 19.82, 16.682, 16.507, 17.362, 16.88, 16.587, 15.927, 12.866, 12.926, 15.465, 15.197, 13.089, 12.992, 11.902, 8.139, 8.613, 9.02, 7.688, 7.658, 9.419, 9.688, 8.249, 8.007, 7.863, 7.307, 6.933, 9.269, 12.007, 13.142, 15.736, 14.958, 12.05, 9.423, 9.239, 10.723, 11.489, 10.625, 10.927, 11.389, 11.62, 12.298, 13.832, 11.445, 12.221, 13.54, 13.843, 15.589, 17.572, 19.005, 19.588, 21.282, 21.385, 20.76, 22.592, 24.939, 25.734, 24.792, 25.415, 17.27, 10.321, 7.686, 3.853, 1.895, 2.9, 3.149, 2.112, 1.729, 2.759, 2.852, 3.826, 5.571, 5.903, 5.681], [8.302, 4.86, 5.677, 5.368, 4.602, 3.997, 4.431, 4.19, 2.632, 2.026, 2.272, 1.964, 2.33, 2.515, 1.743, 0.0, 2.145, 3.736, 3.9, 5.197, 7.857, 11.594, 13.865, 12.675, 10.948, 13.438, 15.378, 13.923, 14.485, 14.347, 13.562, 12.752, 12.316, 16.796, 18.733, 15.573, 15.392, 16.243, 15.742, 15.507, 14.852, 11.778, 11.831, 14.308, 13.993, 11.902, 11.787, 10.792, 6.985, 7.445, 7.874, 6.52, 6.489, 8.258, 8.52, 7.084, 6.745, 6.745, 6.155, 5.768, 8.101, 10.879, 12.021, 14.631, 13.79, 10.91, 8.332, 8.078, 9.492, 10.393, 9.53, 9.84, 10.203, 10.521, 11.151, 12.612, 10.252, 11.077, 12.417, 12.686, 14.487, 16.485, 17.878, 18.431, 20.107, 20.298, 19.669, 21.497, 23.852, 24.648, 23.705, 24.319, 16.192, 9.166, 6.521, 2.711, 2.457, 2.924, 2.368, 2.137, 2.145, 2.256, 2.25, 2.921, 4.463, 4.714, 4.641], [6.754, 4.198, 5.144, 4.597, 3.925, 3.341, 3.648, 3.289, 1.513, 2.332, 3.398, 3.286, 3.703, 3.848, 3.346, 2.145, 0.0, 2.11, 2.483, 3.394, 6.288, 10.057, 12.476, 11.265, 9.509, 11.989, 13.833, 12.327, 12.868, 12.719, 11.944, 11.371, 10.687, 15.302, 17.137, 13.969, 13.777, 14.628, 14.128, 13.99, 13.362, 10.24, 10.247, 12.781, 12.484, 10.301, 10.409, 9.176, 5.625, 5.877, 6.303, 4.924, 4.869, 6.754, 6.953, 5.579, 5.122, 5.148, 4.676, 4.191, 6.489, 9.265, 10.448, 13.044, 12.159, 9.397, 6.723, 6.563, 8.063, 8.935, 7.986, 8.307, 8.615, 8.915, 9.537, 10.936, 8.568, 9.506, 10.803, 11.19, 13.044, 15.006, 16.464, 17.051, 18.732, 18.803, 18.154, 19.984, 22.393, 23.059, 22.169, 22.879, 14.658, 7.845, 5.37, 2.19, 3.903, 4.071, 2.831, 3.51, 3.197, 3.07, 2.898, 2.769, 3.294, 3.492, 3.437], [5.056, 3.004, 4.004, 3.644, 2.779, 2.603, 3.038, 2.409, 2.15, 3.793, 5.016, 4.971, 5.327, 5.525, 4.874, 3.736, 2.11, 0.0, 1.629, 2.363, 4.713, 8.257, 10.808, 9.62, 7.793, 10.346, 12.092, 10.507, 10.905, 10.756, 10.028, 9.722, 8.989, 13.608, 15.314, 12.103, 11.829, 12.742, 12.307, 12.244, 11.599, 8.46, 8.506, 11.128, 10.86, 8.721, 8.794, 7.318, 3.92, 4.089, 4.339, 2.966, 3.001, 4.984, 5.234, 3.763, 3.479, 3.513, 3.141, 2.696, 4.595, 7.435, 8.68, 11.227, 10.163, 7.613, 4.914, 4.793, 6.466, 7.214, 6.182, 6.582, 7.053, 7.003, 7.74, 9.349, 7.066, 7.838, 8.884, 9.566, 11.37, 13.285, 14.801, 15.392, 17.088, 17.034, 16.378, 18.224, 20.705, 21.35, 20.37, 21.175, 12.921, 6.292, 4.017, 2.283, 4.909, 4.378, 3.304, 4.548, 4.33, 3.235, 3.216, 2.722, 2.587, 2.174, 2.013], [4.8, 3.472, 4.235, 3.87, 3.319, 3.226, 3.717, 3.139, 2.325, 3.835, 5.033, 5.059, 5.464, 5.617, 5.045, 3.9, 2.483, 1.629, 0.0, 1.691, 4.295, 7.985, 10.503, 9.31, 7.492, 10.056, 11.797, 10.274, 10.856, 10.717, 9.933, 9.399, 8.765, 13.311, 15.086, 11.924, 11.743, 12.594, 12.136, 11.923, 11.276, 8.176, 8.245, 10.836, 10.582, 8.454, 8.494, 7.146, 4.042, 4.281, 4.213, 2.961, 2.918, 4.649, 4.843, 3.551, 3.372, 3.284, 2.857, 2.58, 4.415, 7.266, 8.413, 10.982, 10.119, 7.293, 4.705, 4.436, 6.13, 6.853, 5.893, 6.289, 6.787, 6.885, 7.557, 9.165, 6.815, 7.585, 8.768, 9.263, 11.053, 12.978, 14.486, 15.082, 16.779, 16.714, 16.06, 17.932, 20.397, 21.101, 20.092, 20.865, 12.638, 6.032, 4.13, 3.255, 5.265, 5.227, 3.954, 4.956, 4.743, 4.236, 4.056, 3.512, 3.027, 2.468, 2.097], [4.474, 4.399, 5.247, 4.794, 4.115, 4.117, 4.396, 3.963, 3.213, 4.721, 6.002, 6.122, 6.675, 6.754, 6.232, 5.197, 3.394, 2.363, 1.691, 0.0, 3.139, 6.881, 9.419, 8.231, 6.416, 8.957, 10.713, 9.123, 9.65, 9.497, 8.726, 8.312, 7.591, 12.227, 13.93, 10.747, 10.547, 11.405, 10.963, 10.852, 10.208, 7.072, 7.133, 9.741, 9.499, 7.334, 7.42, 5.992, 4.847, 4.84, 3.655, 2.992, 3.131, 3.981, 4.145, 2.719, 2.678, 2.493, 2.17, 2.173, 3.307, 6.098, 7.317, 9.841, 8.927, 6.233, 3.606, 3.54, 5.271, 6.283, 4.834, 5.203, 5.726, 5.677, 6.385, 8.027, 5.679, 6.476, 7.573, 8.18, 9.981, 11.902, 13.412, 14.003, 15.699, 15.647, 14.992, 16.856, 19.317, 19.982, 18.981, 19.787, 11.53, 5.96, 4.634, 4.245, 6.449, 6.275, 4.996, 6.15, 5.837, 5.142, 5.055, 4.471, 3.908, 3.343, 3.05], [3.723, 4.633, 5.088, 4.676, 4.516, 4.7, 5.04, 4.891, 5.7, 7.527, 8.777, 8.86, 9.311, 9.485, 8.958, 7.857, 6.288, 4.713, 4.295, 3.139, 0.0, 4.17, 6.363, 5.211, 3.745, 5.89, 7.608, 6.095, 6.674, 6.627, 5.746, 5.241, 4.73, 9.143, 10.908, 7.797, 7.554, 8.431, 7.975, 7.753, 7.133, 4.055, 4.12, 6.668, 6.442, 4.328, 4.511, 3.511, 4.13, 3.924, 2.24, 2.515, 2.804, 2.451, 2.567, 1.99, 2.308, 2.525, 2.486, 2.81, 2.091, 3.094, 4.227, 6.811, 6.06, 3.257, 1.867, 2.004, 3.413, 4.663, 2.879, 2.464, 3.471, 3.494, 3.882, 5.081, 3.209, 3.479, 4.633, 5.102, 6.898, 8.807, 10.326, 10.922, 12.619, 12.568, 11.908, 13.744, 16.231, 16.906, 15.928, 16.703, 8.436, 4.749, 4.836, 6.275, 8.849, 7.96, 6.999, 8.988, 8.569, 7.262, 6.748, 5.806, 4.449, 4.152, 3.932], [3.354, 7.014, 6.607, 6.938, 7.468, 7.751, 7.264, 7.439, 9.324, 11.12, 12.465, 12.487, 13.08, 13.148, 12.681, 11.594, 10.057, 8.257, 7.985, 6.881, 4.17, 0.0, 2.923, 2.443, 2.617, 2.463, 4.03, 3.055, 3.384, 3.9, 3.245, 3.47, 3.091, 5.835, 7.498, 4.501, 4.315, 5.127, 5.075, 4.338, 3.743, 2.416, 2.671, 3.423, 3.288, 2.326, 1.208, 1.908, 4.875, 4.447, 4.018, 5.528, 5.55, 3.42, 3.7, 4.992, 5.083, 4.95, 5.494, 6.024, 4.038, 3.041, 3.119, 3.545, 3.241, 1.708, 3.456, 3.561, 2.223, 2.353, 2.582, 2.383, 1.67, 1.7, 1.28, 2.045, 1.772, 1.516, 1.585, 1.859, 3.194, 5.087, 6.589, 7.172, 8.871, 8.801, 8.317, 10.254, 12.477, 13.307, 12.219, 12.947, 4.896, 3.708, 5.699, 9.304, 12.365, 11.145, 10.737, 12.734, 12.248, 10.713, 10.232, 9.051, 7.186, 6.948, 7.02], [5.786, 9.473, 8.741, 9.348, 10.039, 10.341, 9.809, 10.028, 11.745, 13.47, 14.831, 14.8, 15.525, 15.565, 15.018, 13.865, 12.476, 10.808, 10.503, 9.419, 6.363, 2.923, 0.0, 1.892, 3.126, 1.694, 2.515, 2.993, 2.936, 3.974, 4.268, 4.396, 4.484, 5.315, 6.684, 5.134, 4.916, 5.087, 5.232, 4.994, 4.284, 3.694, 3.976, 3.431, 3.442, 3.571, 2.512, 3.548, 7.443, 7.039, 6.61, 8.102, 8.142, 5.902, 6.327, 7.491, 7.527, 7.395, 7.988, 8.6, 6.779, 4.768, 4.531, 4.434, 4.558, 3.508, 5.928, 6.092, 4.503, 3.714, 4.666, 4.391, 3.914, 3.919, 3.373, 2.319, 3.967, 3.155, 2.442, 2.382, 2.153, 3.607, 4.801, 5.425, 6.955, 7.083, 6.715, 8.518, 10.405, 11.487, 10.567, 10.723, 2.897, 4.846, 7.632, 11.612, 14.615, 13.418, 13.151, 15.286, 14.806, 13.28, 12.752, 11.449, 9.55, 9.245, 9.466], [4.637, 8.276, 7.556, 8.139, 8.843, 9.149, 8.617, 8.838, 10.558, 12.316, 13.649, 13.656, 14.308, 14.378, 13.823, 12.675, 11.265, 9.62, 9.31, 8.231, 5.211, 2.443, 1.892, 0.0, 1.866, 2.006, 3.375, 2.609, 3.626, 4.801, 4.336, 4.402, 4.127, 6.34, 7.9, 5.614, 5.544, 5.492, 6.094, 5.331, 4.641, 3.563, 3.781, 4.09, 4.145, 3.512, 2.236, 2.615, 6.402, 5.867, 5.426, 6.943, 6.993, 4.816, 5.471, 6.299, 6.319, 6.211, 6.831, 7.417, 5.558, 3.76, 3.75, 4.456, 4.447, 3.174, 4.736, 4.908, 3.514, 3.857, 3.474, 3.304, 2.813, 2.894, 3.118, 2.717, 2.959, 2.204, 1.937, 2.055, 2.337, 4.73, 5.918, 6.538, 7.949, 8.001, 7.661, 9.437, 11.341, 12.397, 11.484, 11.732, 3.797, 3.726, 6.45, 10.421, 13.409, 12.225, 11.963, 14.098, 13.618, 12.088, 11.556, 10.268, 8.329, 8.082, 8.283], [3.064, 6.488, 6.007, 6.391, 7.017, 7.313, 6.796, 7.036, 8.729, 10.51, 11.841, 11.871, 12.538, 12.595, 12.043, 10.948, 9.509, 7.793, 7.492, 6.416, 3.745, 2.617, 3.126, 1.866, 0.0, 2.811, 4.482, 3.335, 4.295, 5.391, 4.867, 5.078, 4.732, 7.057, 8.669, 6.22, 6.131, 6.169, 6.69, 6.065, 5.454, 3.818, 4.012, 4.673, 4.752, 3.897, 2.576, 1.61, 4.705, 4.133, 3.979, 5.139, 5.193, 3.479, 4.79, 4.468, 4.581, 4.487, 5.055, 5.75, 4.047, 3.731, 3.902, 5.047, 5.036, 3.253, 3.0, 3.19, 2.804, 3.061, 1.857, 2.023, 2.273, 2.185, 2.973, 3.038, 2.198, 1.935, 2.324, 2.733, 3.712, 5.685, 7.286, 7.829, 9.369, 9.386, 8.771, 10.668, 12.935, 13.742, 12.758, 13.385, 5.312, 2.593, 4.943, 8.713, 11.864, 10.531, 10.172, 12.271, 11.791, 10.262, 9.739, 8.495, 6.65, 6.406, 6.46], [5.341, 9.065, 8.636, 8.856, 9.568, 9.877, 9.345, 9.59, 11.302, 13.053, 14.383, 14.39, 15.016, 15.109, 14.582, 13.438, 11.989, 10.346, 10.056, 8.957, 5.89, 2.463, 1.694, 2.006, 2.811, 0.0, 1.984, 2.04, 2.209, 3.162, 3.526, 3.873, 3.567, 4.657, 6.122, 4.442, 4.296, 4.332, 4.501, 4.471, 3.962, 3.367, 3.52, 3.135, 3.157, 3.239, 2.364, 3.084, 6.987, 6.575, 6.153, 7.667, 7.72, 5.465, 5.827, 7.04, 7.049, 6.959, 7.582, 8.113, 6.106, 3.709, 3.73, 3.631, 3.792, 3.335, 5.467, 5.638, 4.079, 3.303, 4.362, 4.188, 3.546, 3.404, 2.691, 1.701, 3.451, 2.555, 1.724, 1.264, 2.069, 3.23, 4.761, 5.321, 6.779, 6.866, 6.287, 8.155, 10.422, 11.242, 10.28, 10.902, 2.881, 4.851, 7.557, 11.269, 14.338, 13.079, 12.735, 14.824, 14.344, 12.813, 12.291, 11.059, 9.115, 8.861, 9.015], [7.094, 10.794, 10.379, 10.713, 11.304, 11.596, 11.064, 11.283, 13.105, 14.887, 16.232, 16.261, 16.849, 16.917, 16.465, 15.378, 13.833, 12.092, 11.797, 10.713, 7.608, 4.03, 2.515, 3.375, 4.482, 1.984, 0.0, 2.111, 1.934, 2.616, 3.179, 3.707, 3.8, 4.023, 5.026, 3.812, 3.63, 3.712, 3.852, 3.873, 3.483, 3.781, 3.854, 2.834, 3.1, 3.861, 3.827, 4.788, 8.708, 8.294, 7.865, 9.375, 9.408, 7.198, 7.393, 8.761, 8.851, 8.719, 9.283, 9.788, 7.692, 4.853, 4.113, 3.154, 3.433, 4.539, 7.183, 7.362, 5.957, 5.004, 6.004, 5.778, 5.319, 5.11, 4.371, 3.122, 5.308, 4.344, 3.255, 2.809, 1.822, 2.197, 3.635, 4.181, 5.423, 5.146, 4.424, 6.26, 8.63, 9.337, 8.339, 9.1, 1.421, 6.65, 9.383, 13.13, 16.267, 14.95, 14.524, 16.572, 16.085, 14.549, 14.036, 12.837, 11.04, 10.82, 10.802], [5.673, 9.343, 9.047, 9.26, 9.741, 10.044, 9.52, 9.828, 11.653, 13.441, 14.767, 14.854, 15.348, 15.461, 15.011, 13.923, 12.327, 10.507, 10.274, 9.123, 6.095, 3.055, 2.993, 2.609, 3.335, 2.04, 2.111, 0.0, 1.578, 2.559, 2.25, 3.022, 2.626, 4.3, 5.613, 3.314, 3.242, 3.146, 3.814, 3.486, 3.151, 3.023, 2.628, 2.776, 2.995, 3.481, 2.843, 3.504, 7.14, 6.722, 6.31, 7.806, 7.842, 5.698, 5.843, 7.253, 7.362, 7.258, 7.863, 8.349, 6.194, 3.375, 2.655, 2.185, 2.284, 3.222, 5.637, 5.87, 4.589, 4.553, 4.638, 4.561, 4.074, 3.77, 3.525, 3.065, 4.015, 2.963, 2.146, 1.936, 1.605, 3.0, 4.664, 5.179, 6.659, 6.533, 5.887, 7.746, 10.223, 10.859, 9.875, 10.693, 2.821, 5.387, 8.092, 11.699, 14.869, 13.575, 13.04, 15.002, 14.505, 12.966, 12.526, 11.448, 9.647, 9.42, 9.34], [6.281, 9.945, 9.683, 9.863, 10.217, 10.64, 10.116, 10.476, 12.28, 14.065, 15.381, 15.5, 15.905, 16.088, 15.596, 14.485, 12.868, 10.905, 10.856, 9.65, 6.674, 3.384, 2.936, 3.626, 4.295, 2.209, 1.934, 1.578, 0.0, 1.425, 1.702, 2.714, 2.869, 3.397, 4.809, 2.672, 2.282, 2.484, 2.766, 3.043, 2.647, 3.087, 2.957, 1.978, 2.209, 3.153, 3.204, 3.779, 7.57, 7.159, 6.737, 8.202, 8.248, 6.285, 6.291, 7.769, 7.9, 7.896, 8.503, 8.942, 6.712, 3.973, 3.265, 2.069, 2.171, 3.796, 6.241, 6.503, 5.14, 4.2, 5.374, 5.291, 4.786, 4.05, 3.401, 2.347, 4.465, 3.481, 2.393, 2.281, 1.786, 2.494, 4.009, 4.602, 6.219, 6.158, 5.499, 7.353, 9.831, 10.466, 9.485, 10.303, 2.377, 6.343, 8.734, 12.283, 15.467, 14.158, 13.604, 15.445, 15.018, 13.446, 13.109, 12.046, 10.233, 10.05, 9.958], [6.646, 10.278, 10.15, 9.833, 10.109, 10.66, 10.143, 10.471, 12.279, 13.943, 15.269, 15.471, 15.848, 16.059, 15.493, 14.347, 12.719, 10.756, 10.717, 9.497, 6.627, 3.9, 3.974, 4.801, 5.391, 3.162, 2.616, 2.559, 1.425, 0.0, 1.491, 2.416, 2.471, 2.978, 4.588, 2.237, 1.991, 2.668, 1.968, 2.699, 2.305, 2.959, 2.77, 1.942, 2.012, 2.989, 3.846, 4.499, 7.422, 7.021, 6.633, 8.071, 8.138, 6.15, 6.13, 7.601, 7.759, 7.82, 8.388, 8.799, 6.578, 3.97, 3.448, 2.073, 1.958, 3.702, 6.414, 6.392, 5.298, 4.434, 6.091, 5.641, 5.202, 4.319, 3.486, 2.819, 4.536, 3.987, 3.213, 3.078, 2.693, 2.644, 4.082, 4.65, 6.347, 6.282, 5.627, 7.476, 9.959, 10.595, 9.614, 10.431, 2.869, 7.2, 9.216, 12.184, 15.438, 14.229, 13.451, 15.267, 14.905, 13.375, 13.027, 12.067, 10.281, 10.029, 9.899], [5.648, 9.293, 9.159, 8.921, 9.285, 9.713, 9.23, 9.539, 11.367, 13.122, 14.449, 14.585, 14.996, 15.173, 14.66, 13.562, 11.944, 10.028, 9.933, 8.726, 5.746, 3.245, 4.268, 4.336, 4.867, 3.526, 3.179, 2.25, 1.702, 1.491, 0.0, 1.397, 1.734, 3.643, 5.325, 2.188, 1.931, 2.867, 2.503, 2.336, 1.98, 1.928, 1.811, 2.012, 1.965, 2.146, 3.25, 4.27, 6.674, 6.264, 5.833, 7.296, 7.328, 5.33, 5.391, 6.873, 6.989, 6.915, 7.537, 7.994, 5.726, 3.064, 2.546, 1.557, 1.404, 2.874, 5.411, 5.601, 4.337, 4.547, 5.145, 4.549, 4.187, 3.796, 3.132, 3.348, 3.912, 3.203, 2.816, 2.801, 2.55, 3.322, 4.851, 5.387, 7.084, 7.039, 6.376, 8.225, 10.696, 11.331, 10.351, 11.169, 3.549, 6.465, 8.324, 11.368, 14.553, 13.291, 12.68, 14.553, 14.108, 12.538, 12.189, 11.166, 9.339, 9.134, 9.026], [5.498, 8.851, 8.746, 8.32, 9.072, 9.336, 9.2, 9.218, 10.677, 12.414, 13.74, 13.788, 14.455, 14.495, 13.897, 12.752, 11.371, 9.722, 9.399, 8.312, 5.241, 3.47, 4.396, 4.402, 5.078, 3.873, 3.707, 3.022, 2.714, 2.416, 1.397, 0.0, 1.733, 4.162, 6.122, 3.007, 2.827, 3.678, 3.269, 2.764, 2.253, 1.723, 1.708, 2.325, 2.359, 1.963, 3.303, 4.847, 6.49, 6.333, 5.536, 7.005, 7.032, 4.915, 5.036, 6.501, 6.493, 6.374, 6.948, 7.479, 5.447, 3.013, 2.853, 2.293, 2.118, 2.713, 5.23, 5.48, 4.341, 4.957, 5.29, 4.423, 4.105, 4.386, 3.634, 3.824, 4.063, 3.528, 3.564, 3.159, 2.759, 3.771, 5.157, 5.702, 7.394, 7.557, 6.998, 8.862, 11.101, 11.981, 11.02, 11.568, 3.946, 6.392, 8.043, 10.62, 13.659, 12.477, 12.043, 14.186, 13.719, 12.222, 11.665, 10.462, 8.533, 8.357, 8.395], [5.106, 8.705, 8.663, 7.96, 8.464, 8.97, 8.647, 8.747, 10.355, 11.922, 13.261, 13.469, 13.874, 14.073, 13.499, 12.316, 10.687, 8.989, 8.765, 7.591, 4.73, 3.091, 4.484, 4.127, 4.732, 3.567, 3.8, 2.626, 2.869, 2.471, 1.734, 1.733, 0.0, 4.695, 6.502, 3.329, 3.131, 4.028, 3.528, 3.525, 3.142, 1.688, 1.422, 2.992, 2.786, 1.999, 3.04, 4.135, 5.651, 5.495, 4.816, 6.263, 6.273, 4.263, 4.264, 5.68, 5.744, 5.8, 6.414, 6.791, 4.599, 2.369, 2.493, 2.472, 1.712, 2.063, 4.818, 4.752, 3.87, 4.683, 4.849, 4.084, 3.671, 3.705, 2.901, 3.454, 3.361, 2.988, 2.987, 2.708, 3.037, 4.49, 5.963, 6.465, 8.164, 8.214, 7.545, 9.354, 11.796, 12.441, 11.563, 12.283, 4.543, 6.18, 7.916, 10.41, 13.449, 12.391, 11.448, 13.452, 13.09, 11.653, 11.25, 10.167, 8.392, 8.164, 8.118], [8.729, 12.414, 12.142, 12.193, 12.843, 13.147, 12.6, 12.891, 14.589, 16.324, 17.649, 17.724, 18.315, 18.409, 17.901, 16.796, 15.302, 13.608, 13.311, 12.227, 9.143, 5.835, 5.315, 6.34, 7.057, 4.657, 4.023, 4.3, 3.397, 2.978, 3.643, 4.162, 4.695, 0.0, 2.233, 1.904, 1.972, 1.58, 1.497, 1.831, 2.577, 5.298, 5.119, 2.778, 3.066, 5.083, 5.57, 6.613, 10.252, 9.83, 9.407, 10.911, 10.946, 8.705, 8.929, 10.298, 10.351, 10.208, 10.819, 11.35, 9.228, 6.281, 5.079, 2.828, 3.828, 6.114, 8.729, 8.883, 7.408, 6.549, 7.982, 7.521, 7.016, 6.673, 5.908, 4.763, 6.749, 5.977, 5.413, 4.742, 4.172, 2.183, 2.242, 2.414, 3.515, 3.582, 2.982, 4.725, 7.123, 7.875, 6.94, 7.609, 4.025, 8.995, 11.068, 14.597, 17.757, 16.456, 16.001, 18.1, 17.606, 16.074, 15.581, 14.377, 12.535, 12.299, 12.318], [10.636, 14.269, 14.024, 14.047, 14.546, 14.832, 14.355, 14.571, 16.453, 18.231, 19.575, 19.618, 20.161, 20.24, 19.82, 18.733, 17.137, 15.314, 15.086, 13.93, 10.908, 7.498, 6.684, 7.9, 8.669, 6.122, 5.026, 5.613, 4.809, 4.588, 5.325, 6.122, 6.502, 2.233, 0.0, 3.48, 3.595, 2.891, 3.14, 3.662, 4.458, 7.021, 6.91, 4.649, 4.991, 6.946, 7.384, 8.251, 11.935, 11.508, 11.079, 12.588, 12.601, 10.509, 10.607, 12.033, 12.123, 12.014, 12.586, 13.094, 10.851, 7.923, 6.863, 4.387, 5.426, 7.825, 10.486, 10.658, 9.283, 8.348, 9.78, 9.328, 8.988, 8.413, 7.641, 6.472, 8.639, 7.833, 6.864, 6.21, 5.652, 3.24, 2.27, 2.17, 1.896, 2.21, 2.025, 3.006, 5.427, 6.103, 5.065, 5.886, 4.926, 10.796, 13.02, 16.525, 19.627, 18.341, 17.851, 19.809, 19.312, 17.795, 17.356, 16.206, 14.414, 14.181, 14.152], [7.499, 11.164, 11.023, 10.966, 11.331, 11.744, 11.218, 11.515, 13.405, 15.069, 16.421, 16.591, 17.025, 17.208, 16.682, 15.573, 13.969, 12.103, 11.924, 10.747, 7.797, 4.501, 5.134, 5.614, 6.22, 4.442, 3.812, 3.314, 2.672, 2.237, 2.188, 3.007, 3.329, 1.904, 3.48, 0.0, 1.089, 1.248, 1.27, 1.457, 2.147, 3.942, 3.77, 2.256, 2.528, 3.834, 4.439, 5.451, 8.722, 8.289, 7.86, 9.37, 9.392, 7.337, 7.414, 8.86, 8.951, 8.86, 9.427, 9.921, 7.671, 4.783, 3.691, 1.354, 2.093, 4.663, 7.351, 7.495, 6.244, 5.686, 6.76, 6.304, 5.957, 5.31, 4.606, 4.255, 5.512, 4.76, 4.06, 3.84, 3.421, 2.401, 3.64, 3.818, 5.038, 5.08, 4.356, 6.15, 8.635, 9.271, 8.273, 9.105, 4.131, 8.051, 10.044, 13.36, 16.615, 15.375, 14.69, 16.603, 16.144, 14.582, 14.219, 13.221, 11.404, 11.166, 11.007], [7.25, 10.916, 10.733, 10.772, 11.128, 11.514, 10.961, 11.301, 13.162, 14.902, 16.244, 16.358, 16.778, 16.974, 16.507, 15.392, 13.777, 11.829, 11.743, 10.547, 7.554, 4.315, 4.916, 5.544, 6.131, 4.296, 3.63, 3.242, 2.282, 1.991, 1.931, 2.827, 3.131, 1.972, 3.595, 1.089, 0.0, 1.355, 1.114, 1.244, 1.914, 3.745, 3.603, 2.064, 2.404, 3.689, 4.329, 5.341, 8.485, 8.021, 7.579, 9.087, 9.109, 7.153, 7.161, 8.62, 8.75, 8.691, 9.291, 9.741, 7.483, 4.625, 3.568, 1.458, 2.181, 4.54, 7.106, 7.316, 5.977, 5.487, 6.533, 6.147, 5.698, 5.092, 4.265, 3.989, 5.333, 4.638, 3.964, 3.822, 3.409, 2.298, 3.51, 3.833, 5.312, 5.303, 4.592, 6.431, 8.919, 9.554, 8.556, 9.388, 3.903, 7.906, 9.819, 13.205, 16.381, 15.1, 14.509, 16.361, 15.907, 14.322, 14.019, 12.945, 11.163, 10.933, 10.831], [8.01, 11.769, 11.526, 11.644, 12.018, 12.399, 11.835, 12.216, 14.058, 15.774, 17.101, 17.263, 17.626, 17.871, 17.362, 16.243, 14.628, 12.742, 12.594, 11.405, 8.431, 5.127, 5.087, 5.492, 6.169, 4.332, 3.712, 3.146, 2.484, 2.668, 2.867, 3.678, 4.028, 1.58, 2.891, 1.248, 1.355, 0.0, 1.385, 1.406, 2.335, 4.629, 4.458, 2.63, 2.914, 4.562, 5.005, 5.618, 9.369, 8.941, 8.531, 10.027, 10.058, 8.003, 8.034, 9.511, 9.619, 9.57, 10.167, 10.6, 8.404, 5.53, 4.442, 1.955, 3.0, 5.46, 8.001, 8.18, 6.9, 6.155, 7.183, 7.035, 6.536, 5.911, 5.253, 4.364, 6.186, 5.223, 4.177, 3.974, 3.389, 2.13, 2.95, 3.253, 4.386, 4.426, 3.742, 5.502, 7.992, 8.635, 7.629, 8.462, 3.89, 8.26, 10.584, 14.055, 17.278, 16.007, 15.36, 17.243, 16.751, 15.239, 14.893, 13.866, 12.056, 11.83, 11.685], [7.725, 11.457, 11.309, 11.164, 11.602, 12.032, 11.413, 11.836, 13.585, 15.288, 16.62, 16.8, 17.152, 17.398, 16.88, 15.742, 14.128, 12.307, 12.136, 10.963, 7.975, 5.075, 5.232, 6.094, 6.69, 4.501, 3.852, 3.814, 2.766, 1.968, 2.503, 3.269, 3.528, 1.497, 3.14, 1.27, 1.114, 1.385, 0.0, 1.465, 2.026, 4.214, 3.996, 2.313, 2.373, 4.116, 4.976, 5.871, 8.948, 8.508, 8.091, 9.571, 9.632, 7.528, 7.6, 8.998, 9.122, 9.117, 9.714, 10.151, 7.973, 5.092, 4.205, 2.194, 2.874, 5.011, 7.603, 7.739, 6.475, 5.787, 7.239, 6.717, 6.256, 5.596, 4.681, 4.071, 5.76, 5.209, 4.587, 4.347, 3.931, 2.219, 3.201, 3.537, 4.821, 4.902, 4.203, 5.945, 8.435, 9.07, 8.139, 8.904, 3.853, 8.505, 10.394, 13.566, 16.805, 15.555, 14.859, 16.808, 16.329, 14.806, 14.44, 13.399, 11.594, 11.356, 11.215], [7.275, 10.948, 10.4, 10.863, 11.476, 11.758, 11.226, 11.476, 13.234, 15.057, 16.384, 16.411, 17.021, 17.068, 16.587, 15.507, 13.99, 12.244, 11.923, 10.852, 7.753, 4.338, 4.994, 5.331, 6.065, 4.471, 3.873, 3.486, 3.043, 2.699, 2.336, 2.764, 3.525, 1.831, 3.662, 1.457, 1.244, 1.406, 1.465, 0.0, 1.271, 3.803, 3.774, 2.225, 2.486, 3.773, 4.415, 5.764, 8.88, 8.458, 8.04, 9.524, 9.555, 7.333, 7.542, 8.966, 9.074, 8.931, 9.476, 9.99, 7.869, 4.99, 3.972, 1.857, 2.862, 4.732, 7.358, 7.526, 6.156, 5.937, 6.538, 5.905, 5.477, 5.58, 4.773, 4.584, 5.555, 4.793, 4.444, 4.001, 3.288, 2.184, 3.068, 3.526, 4.895, 4.843, 4.352, 6.27, 8.481, 9.34, 8.303, 8.951, 3.933, 7.609, 9.597, 13.205, 16.272, 15.01, 14.65, 16.722, 16.231, 14.7, 14.174, 12.944, 11.114, 10.856, 10.927], [6.656, 10.275, 9.642, 10.238, 10.83, 11.127, 10.599, 10.844, 12.601, 14.433, 15.761, 15.788, 16.406, 16.44, 15.927, 14.852, 13.362, 11.599, 11.276, 10.208, 7.133, 3.743, 4.284, 4.641, 5.454, 3.962, 3.483, 3.151, 2.647, 2.305, 1.98, 2.253, 3.142, 2.577, 4.458, 2.147, 1.914, 2.335, 2.026, 1.271, 0.0, 3.171, 3.177, 1.616, 1.748, 3.173, 3.847, 5.175, 8.232, 7.826, 7.409, 8.877, 8.922, 6.704, 6.911, 8.351, 8.459, 8.327, 8.866, 9.403, 7.384, 4.59, 3.691, 2.069, 2.689, 4.145, 6.735, 6.884, 5.534, 5.336, 5.835, 5.265, 4.822, 5.002, 4.193, 4.099, 4.919, 4.268, 3.999, 3.644, 2.747, 2.211, 3.248, 3.924, 5.596, 5.53, 5.07, 7.042, 9.131, 10.062, 9.009, 9.598, 3.378, 6.885, 8.826, 12.535, 15.598, 14.339, 14.014, 16.092, 15.59, 14.065, 13.543, 12.327, 10.465, 10.208, 10.272], [4.222, 7.667, 7.551, 7.172, 7.724, 8.091, 7.753, 7.815, 9.598, 11.356, 12.684, 12.757, 13.329, 13.386, 12.866, 11.778, 10.24, 8.46, 8.176, 7.072, 4.055, 2.416, 3.694, 3.563, 3.818, 3.367, 3.781, 3.023, 3.087, 2.959, 1.928, 1.723, 1.688, 5.298, 7.021, 3.942, 3.745, 4.629, 4.214, 3.803, 3.171, 0.0, 1.064, 2.831, 2.721, 1.423, 2.389, 3.457, 5.169, 4.819, 4.277, 5.743, 5.767, 3.621, 3.778, 5.242, 5.356, 5.215, 5.785, 6.411, 4.574, 2.424, 2.611, 3.015, 2.485, 1.618, 3.914, 4.025, 3.006, 3.78, 3.817, 3.134, 2.805, 3.068, 2.551, 3.087, 2.753, 2.274, 2.541, 2.629, 3.11, 4.862, 6.348, 6.944, 8.641, 8.576, 8.007, 9.935, 12.253, 13.044, 11.976, 12.726, 4.625, 5.143, 6.823, 9.525, 12.673, 11.492, 10.923, 12.943, 12.498, 11.0, 10.447, 9.361, 7.549, 7.296, 7.244], [4.369, 7.817, 7.709, 7.252, 7.782, 8.171, 7.704, 7.91, 9.675, 11.349, 12.675, 12.846, 13.329, 13.463, 12.926, 11.831, 10.247, 8.506, 8.245, 7.133, 4.12, 2.671, 3.976, 3.781, 4.012, 3.52, 3.854, 2.628, 2.957, 2.77, 1.811, 1.708, 1.422, 5.119, 6.91, 3.77, 3.603, 4.458, 3.996, 3.774, 3.177, 1.064, 0.0, 2.772, 2.56, 1.479, 2.637, 3.707, 5.277, 4.938, 4.309, 5.805, 5.844, 3.69, 3.812, 5.199, 5.3, 5.189, 5.807, 6.328, 4.406, 2.288, 2.344, 2.831, 2.143, 1.593, 3.943, 3.97, 3.212, 4.136, 3.937, 3.208, 3.065, 3.273, 2.636, 3.241, 2.965, 2.46, 2.678, 2.799, 2.931, 4.791, 6.312, 6.908, 8.607, 8.585, 7.925, 9.774, 12.214, 12.86, 11.937, 12.683, 4.52, 5.413, 6.947, 9.62, 12.86, 11.669, 10.955, 13.006, 12.551, 11.045, 10.528, 9.487, 7.709, 7.432, 7.295], [6.231, 9.924, 9.577, 9.657, 10.35, 10.66, 10.122, 10.37, 12.119, 13.881, 15.213, 15.252, 15.787, 15.908, 15.465, 14.308, 12.781, 11.128, 10.836, 9.741, 6.668, 3.423, 3.431, 4.09, 4.673, 3.135, 2.834, 2.776, 1.978, 1.942, 2.012, 2.325, 2.992, 2.778, 4.649, 2.256, 2.064, 2.63, 2.313, 2.225, 1.616, 2.831, 2.772, 0.0, 1.122, 2.624, 3.052, 4.311, 7.749, 7.352, 6.937, 8.454, 8.478, 6.227, 6.451, 7.804, 7.805, 7.705, 8.32, 8.952, 7.065, 4.451, 3.799, 2.236, 2.644, 3.743, 6.241, 6.41, 4.878, 4.333, 5.395, 5.089, 4.465, 4.3, 3.612, 2.897, 4.262, 3.448, 3.222, 2.882, 2.376, 2.317, 3.72, 4.352, 5.998, 6.046, 5.4, 7.264, 9.641, 10.36, 9.435, 10.131, 2.949, 6.399, 8.521, 12.143, 15.255, 13.981, 13.52, 15.616, 15.12, 13.589, 13.102, 11.857, 9.993, 9.785, 9.854], [5.928, 9.759, 9.495, 9.415, 10.123, 10.48, 9.897, 10.219, 11.948, 13.597, 14.928, 15.078, 15.536, 15.745, 15.197, 13.993, 12.484, 10.86, 10.582, 9.499, 6.442, 3.288, 3.442, 4.145, 4.752, 3.157, 3.1, 2.995, 2.209, 2.012, 1.965, 2.359, 2.786, 3.066, 4.991, 2.528, 2.404, 2.914, 2.373, 2.486, 1.748, 2.721, 2.56, 1.122, 0.0, 2.301, 2.984, 4.205, 7.485, 7.093, 6.667, 8.148, 8.188, 5.971, 6.18, 7.548, 7.486, 7.451, 8.036, 8.627, 6.714, 4.324, 3.797, 2.465, 2.72, 3.395, 6.053, 6.153, 4.65, 4.216, 5.379, 4.947, 4.309, 4.059, 3.329, 2.739, 3.979, 3.331, 3.064, 2.956, 2.572, 2.865, 4.034, 4.628, 6.302, 6.378, 5.714, 7.515, 9.944, 10.668, 9.765, 10.434, 3.192, 6.501, 8.566, 11.91, 15.09, 13.864, 13.269, 15.353, 14.857, 13.335, 12.882, 11.761, 9.834, 9.616, 9.602], [4.254, 7.855, 7.728, 7.236, 7.988, 8.369, 7.891, 8.051, 9.853, 11.505, 12.837, 12.934, 13.439, 13.561, 13.089, 11.902, 10.301, 8.721, 8.454, 7.334, 4.328, 2.326, 3.571, 3.512, 3.897, 3.239, 3.861, 3.481, 3.153, 2.989, 2.146, 1.963, 1.999, 5.083, 6.946, 3.834, 3.689, 4.562, 4.116, 3.773, 3.173, 1.423, 1.479, 2.624, 2.301, 0.0, 2.246, 3.564, 5.481, 5.046, 4.524, 6.016, 6.058, 3.835, 4.031, 5.405, 5.328, 5.308, 5.947, 6.551, 4.637, 2.908, 3.152, 3.269, 2.766, 1.789, 4.034, 4.147, 2.891, 3.6, 3.984, 3.201, 2.783, 3.106, 2.332, 2.439, 2.619, 2.253, 2.44, 2.568, 3.103, 4.734, 6.201, 6.796, 8.48, 8.528, 7.873, 9.716, 12.123, 12.813, 11.905, 12.613, 4.545, 5.262, 6.938, 9.796, 12.943, 11.795, 11.141, 13.207, 12.781, 11.278, 10.732, 9.622, 7.769, 7.491, 7.485], [3.871, 7.578, 7.22, 7.33, 8.03, 8.338, 7.806, 8.037, 9.742, 11.467, 12.828, 12.784, 13.479, 13.574, 12.992, 11.787, 10.409, 8.794, 8.494, 7.42, 4.511, 1.208, 2.512, 2.236, 2.576, 2.364, 3.827, 2.843, 3.204, 3.846, 3.25, 3.303, 3.04, 5.57, 7.384, 4.439, 4.329, 5.005, 4.976, 4.415, 3.847, 2.389, 2.637, 3.052, 2.984, 2.246, 0.0, 2.12, 5.442, 5.036, 4.607, 6.092, 6.139, 3.9, 4.289, 5.488, 5.487, 5.378, 5.99, 6.616, 4.824, 3.358, 3.239, 3.417, 3.293, 1.802, 3.93, 4.089, 2.458, 2.718, 3.036, 2.89, 2.148, 2.126, 1.818, 2.146, 1.949, 1.565, 1.704, 1.769, 2.879, 4.886, 6.223, 6.752, 8.429, 8.691, 8.102, 9.971, 12.223, 13.085, 12.126, 12.687, 4.744, 3.855, 5.952, 9.641, 12.76, 11.506, 11.165, 13.272, 12.792, 11.272, 10.743, 9.522, 7.584, 7.254, 7.467], [2.635, 6.306, 6.055, 6.185, 6.556, 6.952, 6.405, 6.784, 8.608, 10.342, 11.669, 11.829, 12.204, 12.416, 11.902, 10.792, 9.176, 7.318, 7.146, 5.992, 3.511, 1.908, 3.548, 2.615, 1.61, 3.084, 4.788, 3.504, 3.779, 4.499, 4.27, 4.847, 4.135, 6.613, 8.251, 5.451, 5.341, 5.618, 5.871, 5.764, 5.175, 3.457, 3.707, 4.311, 4.205, 3.564, 2.12, 0.0, 4.074, 3.571, 3.302, 4.591, 4.651, 2.907, 3.924, 4.136, 4.3, 4.195, 4.816, 5.466, 3.696, 3.481, 3.624, 4.583, 4.417, 2.638, 2.733, 2.815, 2.194, 2.107, 1.862, 2.275, 1.987, 1.243, 1.975, 2.376, 1.489, 1.611, 2.011, 2.567, 4.15, 5.994, 7.517, 8.131, 9.79, 9.726, 9.071, 10.929, 13.402, 14.061, 13.056, 13.875, 5.665, 3.011, 5.119, 8.596, 11.816, 10.527, 9.909, 11.821, 11.348, 9.812, 9.447, 8.412, 6.595, 6.378, 6.237], [2.201, 3.29, 3.265, 2.621, 2.96, 3.554, 3.657, 3.687, 5.64, 7.248, 8.322, 8.332, 8.528, 8.742, 8.139, 6.985, 5.625, 3.92, 4.042, 4.847, 4.13, 4.875, 7.443, 6.402, 4.705, 6.987, 8.708, 7.14, 7.57, 7.422, 6.674, 6.49, 5.651, 10.252, 11.935, 8.722, 8.485, 9.369, 8.948, 8.88, 8.232, 5.169, 5.277, 7.749, 7.485, 5.481, 5.442, 4.074, 0.0, 0.913, 2.506, 2.373, 2.222, 2.481, 3.617, 3.348, 2.989, 3.313, 3.749, 3.944, 3.302, 5.001, 5.833, 7.858, 6.838, 4.28, 3.258, 2.899, 3.224, 3.8, 3.468, 4.048, 3.923, 3.746, 4.383, 6.019, 3.797, 4.56, 5.517, 6.194, 7.993, 9.909, 11.426, 12.022, 13.719, 13.654, 12.999, 14.848, 17.331, 17.966, 16.986, 17.803, 9.575, 3.161, 3.581, 5.177, 8.1, 6.999, 6.056, 7.908, 7.563, 6.138, 5.787, 4.798, 3.435, 3.196, 3.09], [1.948, 3.55, 3.501, 2.968, 3.295, 3.801, 3.495, 3.736, 5.83, 7.336, 8.504, 8.59, 8.937, 9.157, 8.613, 7.445, 5.877, 4.089, 4.281, 4.84, 3.924, 4.447, 7.039, 5.867, 4.133, 6.575, 8.294, 6.722, 7.159, 7.021, 6.264, 6.333, 5.495, 9.83, 11.508, 8.289, 8.021, 8.941, 8.508, 8.458, 7.826, 4.819, 4.938, 7.352, 7.093, 5.046, 5.036, 3.571, 0.913, 0.0, 2.256, 2.265, 2.242, 2.352, 3.53, 3.169, 2.868, 3.158, 3.67, 3.893, 3.16, 4.585, 5.32, 7.419, 6.373, 4.04, 2.889, 2.636, 2.714, 3.366, 2.973, 3.529, 3.392, 3.225, 3.972, 5.602, 3.369, 4.113, 5.063, 5.792, 7.588, 9.498, 11.023, 11.619, 13.318, 13.234, 12.58, 14.435, 16.924, 17.56, 16.562, 17.394, 9.153, 2.751, 3.425, 5.353, 8.56, 7.385, 6.535, 8.355, 7.98, 6.459, 6.176, 5.24, 3.726, 3.331, 3.193], [2.512, 4.322, 4.521, 3.864, 4.009, 4.403, 4.57, 4.452, 5.846, 7.387, 8.747, 8.985, 9.402, 9.651, 9.02, 7.874, 6.303, 4.339, 4.213, 3.655, 2.24, 4.018, 6.61, 5.426, 3.979, 6.153, 7.865, 6.31, 6.737, 6.633, 5.833, 5.536, 4.816, 9.407, 11.079, 7.86, 7.579, 8.531, 8.091, 8.04, 7.409, 4.277, 4.309, 6.937, 6.667, 4.524, 4.607, 3.302, 2.506, 2.256, 0.0, 1.565, 1.827, 1.256, 1.958, 2.009, 1.74, 2.085, 2.489, 2.944, 1.846, 3.277, 4.462, 7.001, 5.939, 3.385, 1.945, 1.688, 2.426, 3.213, 2.564, 2.805, 2.858, 2.934, 3.588, 5.209, 3.088, 3.734, 4.634, 5.363, 7.159, 9.068, 10.593, 11.19, 12.889, 12.805, 12.151, 14.005, 16.495, 17.131, 16.133, 16.965, 8.762, 3.546, 4.182, 6.052, 9.001, 7.954, 6.997, 8.81, 8.494, 7.039, 6.74, 5.743, 4.095, 3.91, 3.681], [2.782, 3.127, 3.479, 3.065, 2.789, 3.159, 3.469, 3.341, 4.624, 6.169, 7.475, 7.713, 8.093, 8.318, 7.688, 6.52, 4.924, 2.966, 2.961, 2.992, 2.515, 5.528, 8.102, 6.943, 5.139, 7.667, 9.375, 7.806, 8.202, 8.071, 7.296, 7.005, 6.263, 10.911, 12.588, 9.37, 9.087, 10.027, 9.571, 9.524, 8.877, 5.743, 5.805, 8.454, 8.148, 6.016, 6.092, 4.591, 2.373, 2.265, 1.565, 0.0, 1.017, 2.306, 2.69, 1.724, 1.322, 1.908, 1.977, 2.128, 1.974, 4.717, 5.954, 8.5, 7.383, 4.892, 2.468, 2.188, 3.835, 4.517, 3.51, 3.856, 4.363, 4.333, 5.099, 6.68, 4.404, 5.159, 6.144, 6.854, 8.651, 10.568, 12.084, 12.68, 14.377, 14.314, 13.657, 15.506, 17.989, 18.624, 17.643, 18.462, 10.217, 4.143, 3.538, 4.813, 7.669, 6.669, 5.568, 7.337, 7.128, 5.727, 5.407, 4.437, 3.046, 2.773, 2.521], [2.524, 3.137, 3.365, 2.808, 2.828, 3.202, 3.316, 3.226, 4.494, 6.135, 7.442, 7.664, 8.043, 8.263, 7.658, 6.489, 4.869, 3.001, 2.918, 3.131, 2.804, 5.