[[0.0, 1.728, 1.379, 2.165, 2.031, 1.866, 1.887, 2.318, 2.679, 2.612, 2.214, 2.713, 4.38, 4.403, 2.815, 2.722, 2.382, 1.924, 2.501, 3.098, 3.269, 3.316, 3.415, 2.653, 2.848, 2.427, 3.044, 3.59, 3.011, 2.463, 2.268, 2.67, 3.345, 3.842, 2.796, 2.307, 2.544, 3.033, 4.324, 5.773, 6.202, 6.324, 7.132, 6.897, 7.166, 5.537, 2.675, 2.188, 2.689, 1.769, 2.26, 2.587, 2.965, 4.28, 6.395, 7.551, 7.665, 8.5, 9.964, 10.639, 10.027, 9.782, 10.563, 11.377, 10.603, 10.301, 8.923, 7.206, 6.679, 6.858, 6.925, 8.237, 8.133, 6.526, 6.16, 7.346, 8.902, 9.265, 7.901, 4.463, 3.724, 4.157, 2.653, 2.035, 3.757, 5.055, 7.385, 8.843, 9.492, 9.873, 9.865, 10.426, 12.101, 12.031, 10.624, 10.077, 10.985, 11.303, 10.599, 10.798, 10.367, 10.404, 12.309, 12.29, 8.251, 4.294, 5.623, 5.005, 9.387, 11.546, 9.178, 8.953, 11.029, 9.797, 6.288, 3.795, 2.125, 1.712, 2.862, 4.54, 5.546, 5.639, 4.981, 3.503, 1.854, 1.917, 2.716, 3.46, 3.412, 3.609, 4.393, 1.613, 6.435, 7.805, 7.093, 7.375, 7.257, 6.724, 7.167, 6.443, 3.944, 3.029, 3.566, 4.496, 5.239, 5.01, 4.733, 4.065, 2.214, 2.582, 2.825, 3.113, 2.697, 2.784, 2.615, 2.91, 2.643, 4.576, 8.094, 8.102, 6.746, 7.405, 7.195, 4.86, 3.172, 2.085, 1.943, 2.112, 5.522, 6.43, 5.321, 5.628, 6.718, 6.085, 4.913, 3.035, 1.968, 2.536, 3.16, 7.477, 11.478, 11.576, 11.509, 13.439, 14.367, 12.282, 11.431, 11.374, 11.057, 10.824, 10.562, 10.166, 10.165, 11.046, 12.147, 12.094, 12.124, 13.096, 13.586, 13.329, 11.708, 8.963, 6.95, 6.589, 5.972, 3.128], [1.728, 0.0, 1.196, 1.35, 1.931, 2.335, 2.41, 2.514, 1.648, 1.735, 1.759, 1.613, 3.097, 3.241, 2.541, 2.122, 1.73, 1.885, 2.427, 3.731, 4.12, 4.299, 4.158, 3.512, 3.029, 2.703, 3.368, 4.012, 3.462, 2.808, 2.661, 3.327, 4.32, 4.813, 2.917, 1.894, 1.834, 2.154, 3.701, 4.985, 5.143, 5.215, 5.932, 6.058, 6.392, 5.044, 2.527, 2.279, 2.616, 2.157, 3.532, 3.082, 3.247, 4.971, 7.637, 8.547, 8.604, 9.571, 11.318, 12.147, 11.556, 11.25, 11.866, 12.582, 11.809, 11.623, 10.244, 8.587, 7.997, 8.062, 7.938, 9.456, 9.286, 7.914, 7.538, 8.364, 9.936, 10.296, 9.015, 5.517, 4.764, 5.494, 3.926, 2.015, 2.66, 4.013, 6.323, 7.776, 8.435, 8.804, 8.8, 9.321, 11.027, 10.977, 9.569, 9.029, 9.94, 10.256, 9.54, 9.741, 9.356, 9.34, 11.246, 11.226, 7.201, 4.468, 6.378, 6.159, 10.656, 12.822, 10.463, 10.209, 12.148, 10.791, 7.162, 4.777, 2.919, 2.461, 3.739, 5.35, 6.66, 6.846, 6.14, 4.658, 2.575, 2.365, 3.507, 4.589, 4.423, 4.52, 5.405, 2.274, 5.283, 6.592, 6.278, 6.385, 6.413, 6.127, 6.367, 5.444, 3.128, 2.447, 3.281, 3.491, 4.32, 3.941, 3.724, 3.129, 2.607, 3.353, 3.136, 3.425, 3.434, 3.243, 2.59, 2.683, 2.967, 5.698, 9.395, 9.334, 8.102, 8.785, 8.473, 6.107, 3.909, 2.035, 1.381, 2.497, 6.584, 7.542, 6.378, 6.665, 7.757, 7.093, 5.539, 3.809, 2.237, 2.484, 3.423, 6.417, 10.46, 10.524, 10.325, 12.421, 13.27, 11.24, 10.416, 10.195, 9.692, 9.561, 9.422, 9.052, 9.083, 9.817, 10.903, 10.815, 10.932, 12.101, 12.584, 12.257, 10.631, 7.892, 5.769, 5.41, 4.907, 2.22], [1.379, 1.196, 0.0, 1.581, 1.58, 1.812, 2.006, 2.002, 2.08, 1.952, 1.64, 2.264, 3.701, 3.711, 2.462, 2.017, 1.533, 1.446, 2.117, 3.102, 3.47, 3.614, 3.571, 2.929, 2.648, 2.329, 2.822, 3.539, 2.967, 2.399, 2.341, 3.018, 3.835, 4.12, 2.797, 2.049, 2.025, 2.509, 4.142, 5.473, 5.746, 5.759, 6.348, 6.606, 6.869, 5.597, 2.621, 2.153, 2.572, 1.862, 2.816, 2.924, 3.117, 4.501, 6.999, 8.031, 8.078, 8.956, 10.614, 11.416, 10.826, 10.502, 11.24, 12.003, 11.292, 11.01, 9.668, 7.943, 7.413, 7.555, 7.444, 8.908, 8.822, 7.374, 6.913, 7.77, 9.301, 9.687, 8.405, 4.9, 4.217, 4.763, 3.161, 1.794, 3.225, 4.627, 7.024, 8.437, 9.04, 9.35, 9.412, 9.89, 11.58, 11.526, 10.113, 9.601, 10.537, 10.81, 10.089, 10.295, 10.04, 10.004, 11.913, 11.893, 7.883, 4.322, 6.042, 5.671, 10.011, 12.223, 9.917, 9.583, 11.475, 10.166, 6.612, 4.195, 2.461, 1.961, 3.206, 4.694, 6.026, 6.339, 5.659, 4.101, 2.169, 2.018, 3.1, 3.865, 3.687, 3.899, 4.704, 1.762, 5.803, 7.239, 6.765, 6.851, 6.919, 6.645, 7.02, 6.126, 3.745, 2.597, 3.249, 4.17, 4.982, 4.657, 4.414, 3.597, 2.166, 2.908, 2.845, 3.135, 2.792, 2.748, 2.323, 2.661, 2.682, 5.047, 8.934, 8.871, 7.597, 8.294, 7.94, 5.606, 3.534, 2.157, 1.633, 2.189, 6.075, 7.005, 5.82, 6.112, 7.211, 6.512, 4.985, 3.217, 2.115, 2.479, 3.274, 6.942, 11.178, 11.22, 10.992, 13.141, 13.939, 11.878, 11.112, 10.8, 10.292, 10.116, 10.012, 9.575, 9.778, 10.31, 11.44, 11.39, 11.603, 12.782, 13.223, 12.846, 11.328, 8.578, 6.436, 6.109, 5.606, 2.721], [2.165, 1.35, 1.581, 0.0, 1.327, 2.349, 2.376, 2.341, 1.691, 1.751, 1.936, 1.49, 2.841, 2.717, 2.327, 1.942, 1.62, 2.51, 2.993, 4.167, 4.588, 4.474, 4.396, 3.867, 3.158, 2.786, 3.436, 4.375, 3.535, 3.192, 3.294, 3.747, 4.701, 5.356, 3.48, 2.254, 1.649, 1.364, 3.265, 4.591, 4.786, 4.914, 5.473, 5.708, 5.93, 4.649, 2.716, 2.431, 2.354, 2.366, 3.725, 3.554, 3.564, 5.294, 7.897, 8.971, 9.012, 9.839, 11.526, 12.312, 11.722, 11.427, 12.096, 13.093, 12.23, 11.861, 10.526, 8.819, 8.255, 8.475, 8.614, 9.905, 9.912, 8.241, 7.903, 8.99, 10.593, 10.971, 9.614, 5.739, 5.088, 5.583, 3.984, 1.547, 2.162, 3.421, 5.688, 7.131, 7.733, 8.056, 8.091, 8.608, 10.283, 10.23, 8.811, 8.293, 9.228, 9.501, 8.792, 8.996, 8.72, 8.696, 10.604, 10.584, 6.564, 4.456, 6.771, 6.576, 10.951, 13.112, 10.933, 10.457, 12.493, 11.203, 7.633, 5.006, 2.734, 2.51, 4.198, 5.788, 7.073, 7.369, 6.623, 5.03, 2.924, 2.686, 3.966, 4.709, 4.46, 4.915, 5.879, 2.648, 4.92, 6.219, 5.962, 5.998, 6.238, 5.752, 5.986, 4.995, 2.782, 1.768, 2.72, 2.924, 3.694, 3.489, 3.259, 2.728, 2.527, 3.291, 2.835, 3.105, 3.36, 3.458, 2.205, 2.066, 2.928, 5.999, 9.83, 9.857, 8.438, 9.204, 8.801, 6.44, 4.312, 2.409, 1.643, 3.304, 7.259, 8.162, 6.929, 7.336, 8.488, 7.765, 6.001, 3.672, 2.019, 2.246, 2.857, 5.65, 9.857, 9.935, 9.9, 11.812, 12.649, 10.581, 9.799, 9.572, 9.181, 9.026, 8.834, 8.334, 8.519, 9.521, 10.542, 10.459, 10.419, 11.469, 11.922, 11.536, 10.004, 7.266, 5.333, 4.871, 4.374, 2.475], [2.031, 1.931, 1.58, 1.327, 0.0, 1.872, 2.02, 2.119, 2.226, 2.142, 1.708, 2.357, 3.378, 3.596, 2.482, 2.056, 1.7, 2.036, 2.473, 3.603, 4.027, 3.802, 3.618, 3.245, 2.422, 1.859, 2.535, 3.45, 2.713, 2.289, 2.416, 2.829, 3.979, 4.761, 3.145, 2.561, 1.91, 1.849, 3.952, 5.411, 5.596, 5.733, 6.358, 6.433, 6.715, 5.334, 3.185, 2.559, 2.505, 2.364, 3.297, 3.151, 3.147, 4.416, 7.088, 8.03, 8.069, 8.919, 10.767, 11.562, 10.956, 10.676, 11.527, 12.511, 11.696, 11.268, 9.93, 8.119, 7.642, 7.922, 8.135, 9.376, 9.399, 7.674, 7.303, 8.502, 10.133, 10.504, 9.098, 5.223, 4.219, 4.853, 3.185, 1.554, 2.557, 3.804, 6.175, 7.608, 8.212, 8.518, 8.573, 9.086, 10.744, 10.693, 9.285, 8.773, 9.706, 9.979, 9.257, 9.458, 9.21, 9.175, 11.082, 11.061, 7.054, 3.971, 5.86, 5.816, 10.409, 12.576, 10.399, 9.86, 11.868, 10.653, 7.066, 4.413, 2.205, 1.934, 3.606, 5.252, 6.469, 6.785, 6.028, 4.436, 2.712, 2.524, 3.456, 4.022, 3.749, 4.254, 5.349, 2.422, 5.768, 7.001, 6.723, 6.891, 7.03, 6.346, 6.353, 5.397, 3.547, 1.873, 2.291, 3.383, 4.117, 3.917, 3.657, 2.982, 1.744, 2.708, 2.378, 2.383, 2.598, 2.502, 1.499, 1.557, 2.173, 5.268, 9.302, 9.332, 7.872, 8.666, 8.285, 5.767, 3.447, 2.195, 2.144, 2.669, 6.771, 7.7, 6.434, 6.83, 8.028, 7.299, 5.498, 3.15, 2.006, 1.88, 2.737, 6.178, 10.335, 10.436, 10.429, 12.292, 13.134, 11.052, 10.284, 10.152, 9.818, 9.664, 9.346, 8.949, 9.226, 10.29, 11.337, 11.28, 11.08, 11.973, 12.419, 12.029, 10.491, 7.803, 5.865, 5.45, 4.868, 3.017], [1.866, 2.335, 1.812, 2.349, 1.872, 0.0, 0.985, 1.366, 2.555, 2.586, 1.809, 3.13, 4.475, 4.252, 2.298, 2.373, 2.004, 1.6, 1.553, 2.067, 2.508, 2.91, 3.08, 2.598, 2.48, 2.013, 2.824, 3.559, 2.995, 2.37, 2.241, 2.64, 3.303, 3.494, 3.15, 3.211, 3.08, 3.073, 4.209, 5.843, 6.273, 6.152, 6.848, 6.895, 6.946, 5.449, 2.546, 1.826, 2.654, 2.392, 2.958, 3.593, 3.823, 4.908, 6.63, 7.753, 7.869, 8.631, 10.16, 10.827, 10.227, 9.942, 10.522, 11.265, 10.575, 10.323, 8.96, 7.313, 6.763, 7.091, 6.958, 8.208, 8.083, 6.693, 6.405, 7.09, 8.691, 9.059, 7.715, 4.541, 3.809, 4.116, 2.675, 1.857, 3.745, 5.249, 7.693, 9.021, 9.625, 9.962, 10.032, 10.501, 12.202, 12.142, 10.718, 10.186, 11.123, 11.404, 10.705, 10.906, 10.641, 10.589, 12.501, 12.481, 8.474, 4.753, 6.189, 5.456, 9.386, 11.563, 9.149, 8.752, 10.419, 9.386, 5.679, 3.149, 1.587, 1.358, 2.116, 3.884, 5.18, 5.359, 4.744, 3.066, 1.85, 1.643, 2.159, 3.054, 3.006, 3.385, 4.16, 1.417, 6.237, 7.751, 6.915, 7.148, 7.028, 6.726, 7.507, 6.763, 4.053, 3.106, 3.602, 4.847, 5.615, 5.323, 5.059, 4.366, 1.476, 1.905, 1.903, 2.327, 2.044, 2.088, 2.169, 2.695, 1.821, 4.394, 8.167, 8.303, 6.939, 7.691, 7.276, 5.16, 3.927, 2.972, 2.814, 2.615, 5.546, 6.491, 5.37, 5.424, 6.584, 5.855, 4.041, 2.36, 2.06, 2.473, 3.053, 7.595, 11.842, 11.931, 11.78, 13.8, 14.548, 12.497, 11.7, 11.301, 10.867, 10.785, 10.715, 10.233, 10.221, 10.76, 11.9, 11.853, 12.292, 13.436, 13.847, 13.464, 11.996, 9.315, 7.224, 6.834, 6.303, 3.846], [1.887, 2.41, 2.006, 2.376, 2.02, 0.985, 0.0, 1.308, 2.586, 2.588, 1.898, 3.102, 4.578, 4.151, 2.469, 2.422, 2.152, 1.955, 1.877, 2.135, 2.49, 2.991, 3.276, 2.927, 2.849, 2.373, 3.264, 3.924, 3.359, 2.754, 2.566, 2.974, 3.424, 3.789, 3.424, 3.241, 3.137, 3.134, 3.865, 5.576, 6.111, 5.988, 6.835, 6.608, 6.617, 4.942, 2.3, 1.694, 2.484, 2.425, 2.85, 3.793, 4.195, 5.384, 7.087, 8.006, 8.268, 8.937, 10.362, 10.917, 10.319, 9.987, 10.395, 11.134, 10.409, 10.198, 8.814, 7.234, 6.714, 7.063, 7.013, 8.076, 7.921, 6.571, 6.201, 6.992, 8.683, 9.043, 7.668, 4.945, 4.082, 4.189, 2.751, 1.935, 3.761, 5.19, 7.553, 9.026, 9.632, 10.014, 10.007, 10.547, 12.239, 12.179, 10.763, 10.226, 11.135, 11.446, 10.747, 10.948, 10.588, 10.586, 12.492, 12.472, 8.428, 5.022, 6.624, 5.8, 9.35, 11.47, 8.947, 8.561, 10.432, 9.179, 5.473, 2.872, 1.501, 1.383, 2.039, 4.116, 5.099, 5.208, 4.489, 2.99, 1.665, 1.261, 2.136, 2.945, 3.102, 3.499, 4.07, 1.335, 6.166, 7.553, 6.743, 6.93, 6.846, 6.42, 7.38, 6.652, 3.801, 2.984, 3.493, 4.697, 5.482, 5.217, 4.946, 4.296, 1.721, 1.814, 1.813, 2.267, 2.276, 2.461, 2.4, 2.728, 2.189, 4.435, 7.957, 8.028, 6.673, 7.396, 7.032, 5.157, 4.29, 3.037, 2.916, 2.915, 5.386, 6.371, 5.272, 5.329, 6.52, 5.792, 4.0, 2.08, 1.91, 2.566, 2.742, 7.561, 11.716, 11.796, 11.723, 13.677, 14.554, 12.477, 11.629, 11.348, 10.963, 10.831, 10.687, 10.212, 10.034, 10.705, 11.813, 11.825, 12.214, 13.313, 13.782, 13.467, 11.878, 9.193, 7.161, 6.756, 6.195, 3.893], [2.318, 2.514, 2.002, 2.341, 2.119, 1.366, 1.308, 0.0, 1.908, 2.307, 2.154, 3.117, 4.455, 3.687, 2.136, 1.913, 1.765, 1.84, 1.799, 2.465, 2.923, 3.511, 3.85, 3.266, 2.894, 2.583, 3.563, 4.012, 3.731, 3.186, 2.827, 3.206, 3.847, 4.01, 3.652, 3.333, 3.149, 2.851, 3.59, 5.007, 5.391, 5.354, 6.15, 6.053, 6.308, 4.869, 2.293, 1.681, 2.706, 2.768, 3.687, 4.439, 4.712, 5.801, 7.495, 8.61, 8.661, 9.475, 11.003, 11.611, 10.992, 10.681, 11.139, 11.804, 11.087, 10.841, 9.468, 7.923, 7.347, 7.559, 7.432, 8.686, 8.679, 7.247, 6.715, 7.501, 9.154, 9.532, 8.302, 5.255, 4.633, 4.866, 3.559, 2.236, 3.319, 4.737, 7.087, 8.597, 9.182, 9.55, 9.557, 10.08, 11.748, 11.716, 10.295, 9.742, 10.663, 10.986, 10.303, 10.47, 10.113, 10.138, 12.039, 12.02, 7.985, 5.424, 6.911, 6.095, 10.034, 12.198, 9.725, 9.274, 11.045, 9.604, 5.873, 3.242, 1.517, 1.792, 2.595, 4.589, 5.777, 5.877, 5.202, 3.654, 2.014, 1.437, 2.464, 3.586, 3.711, 3.941, 4.544, 1.748, 5.482, 6.928, 6.161, 6.295, 6.256, 6.052, 6.917, 6.101, 3.28, 2.46, 2.952, 4.155, 4.97, 4.662, 4.432, 3.683, 1.622, 2.15, 1.757, 2.368, 2.676, 2.598, 2.065, 2.479, 1.92, 5.096, 8.764, 8.722, 7.405, 8.112, 7.749, 5.751, 4.665, 3.557, 3.111, 3.119, 5.895, 6.878, 5.724, 5.822, 6.994, 6.325, 4.538, 2.513, 2.194, 2.327, 2.768, 7.096, 11.151, 11.222, 10.998, 13.141, 14.057, 12.0, 11.139, 10.867, 10.37, 10.262, 10.071, 9.684, 9.529, 9.977, 11.062, 11.079, 11.525, 12.757, 13.28, 12.956, 11.367, 8.606, 6.48, 6.106, 5.621, 3.656], [2.679, 1.648, 2.08, 1.691, 2.226, 2.555, 2.586, 1.908, 0.0, 1.596, 1.953, 2.16, 3.443, 2.873, 2.161, 1.597, 1.484, 2.236, 2.718, 3.796, 4.31, 5.033, 5.122, 4.502, 3.521, 3.235, 4.247, 4.76, 4.313, 3.677, 3.457, 4.039, 5.007, 5.307, 3.488, 2.779, 2.446, 1.947, 3.046, 4.08, 4.119, 4.118, 4.921, 5.139, 5.567, 4.287, 2.475, 2.275, 2.805, 3.053, 4.62, 4.324, 4.531, 6.265, 8.837, 9.778, 9.828, 10.682, 12.464, 13.197, 12.587, 12.269, 12.873, 13.5, 12.752, 12.499, 11.091, 9.495, 8.927, 8.811, 8.7, 10.342, 10.244, 8.854, 8.248, 9.051, 10.621, 11.091, 9.969, 6.563, 5.794, 6.44, 4.864, 2.161, 2.195, 3.472, 5.775, 7.163, 7.808, 8.191, 8.19, 8.71, 10.378, 10.354, 8.939, 8.384, 9.288, 9.615, 8.923, 9.102, 8.647, 8.704, 10.605, 10.586, 6.558, 5.318, 7.557, 7.242, 11.732, 13.923, 11.43, 11.001, 12.731, 11.199, 7.33, 4.732, 2.717, 2.662, 3.981, 6.042, 7.456, 7.463, 6.817, 5.297, 3.18, 2.681, 3.755, 5.305, 5.204, 5.216, 6.133, 2.598, 4.136, 5.476, 5.186, 5.149, 5.2, 5.243, 5.591, 4.679, 2.166, 1.454, 2.571, 2.79, 3.577, 3.229, 3.082, 2.458, 2.457, 3.438, 2.916, 3.506, 3.98, 3.628, 2.528, 2.271, 2.715, 6.577, 10.403, 10.351, 9.012, 9.724, 9.472, 7.041, 4.958, 3.038, 2.386, 3.311, 7.356, 8.339, 7.092, 7.281, 8.376, 7.751, 6.121, 4.16, 2.481, 2.495, 2.952, 5.716, 9.646, 9.653, 9.403, 11.677, 12.603, 10.564, 9.683, 9.493, 9.039, 8.859, 8.67, 8.337, 8.176, 8.591, 9.672, 9.564, 10.013, 11.26, 11.828, 11.591, 9.92, 7.002, 5.026, 4.691, 4.197, 2.518], [2.612, 1.735, 1.952, 1.751, 2.142, 2.586, 2.588, 2.307, 1.596, 0.0, 1.914, 1.925, 3.309, 3.006, 3.037, 2.38, 1.908, 2.325, 2.753, 3.914, 4.402, 4.807, 4.845, 4.371, 3.373, 2.91, 3.844, 4.263, 3.48, 3.124, 3.078, 3.653, 4.87, 5.336, 3.297, 1.942, 1.724, 1.993, 3.819, 4.884, 4.972, 4.971, 5.683, 6.104, 6.228, 5.087, 3.307, 2.874, 3.505, 3.293, 4.388, 4.005, 3.971, 5.473, 8.568, 9.406, 9.469, 10.4, 12.215, 12.957, 12.344, 12.041, 12.615, 13.284, 12.544, 12.317, 10.916, 9.272, 8.712, 8.842, 8.713, 10.197, 10.119, 8.671, 8.246, 9.024, 10.686, 11.056, 9.798, 6.309, 5.535, 6.204, 4.615, 2.368, 2.836, 3.586, 5.58, 7.024, 7.675, 8.051, 8.052, 8.582, 10.27, 10.216, 8.799, 8.269, 9.174, 9.482, 8.803, 8.98, 8.581, 8.582, 10.484, 10.467, 6.436, 3.929, 6.75, 7.056, 11.491, 13.671, 11.172, 10.725, 12.562, 11.163, 7.382, 4.795, 2.856, 2.591, 3.955, 5.933, 7.299, 7.34, 6.625, 5.094, 3.119, 2.899, 3.907, 5.078, 4.974, 5.163, 6.079, 2.674, 4.892, 6.252, 6.063, 6.046, 6.394, 6.263, 6.495, 5.325, 3.189, 1.921, 2.792, 3.054, 3.484, 3.468, 3.498, 2.821, 2.663, 3.383, 3.098, 3.571, 3.709, 3.329, 2.174, 2.085, 2.857, 6.335, 10.141, 10.174, 8.834, 9.577, 9.226, 6.811, 4.525, 2.635, 1.777, 3.167, 7.317, 8.339, 7.101, 7.3, 8.476, 7.755, 6.064, 4.0, 2.99, 3.029, 3.617, 5.848, 9.683, 9.798, 9.576, 11.628, 12.525, 10.823, 9.97, 9.636, 9.165, 8.915, 8.818, 8.524, 8.753, 9.466, 10.336, 10.105, 10.355, 11.409, 11.926, 11.503, 9.843, 7.129, 4.999, 4.7, 4.189, 2.432], [2.214, 1.759, 1.64, 1.936, 1.708, 1.809, 1.898, 2.154, 1.953, 1.914, 0.0, 2.386, 3.955, 3.641, 2.806, 2.074, 1.566, 1.672, 1.987, 2.858, 3.451, 4.321, 4.347, 3.797, 2.922, 2.559, 3.368, 4.014, 3.302, 2.714, 2.704, 3.315, 4.337, 4.739, 3.029, 2.594, 2.553, 2.73, 4.238, 5.561, 5.679, 5.449, 6.109, 6.649, 6.648, 5.339, 2.548, 2.458, 3.157, 3.094, 3.773, 3.665, 3.842, 5.234, 8.017, 8.933, 8.994, 9.865, 11.635, 12.349, 11.755, 11.413, 11.844, 12.369, 11.843, 11.644, 10.176, 8.614, 8.137, 8.229, 8.078, 9.384, 9.089, 7.967, 7.664, 8.011, 9.239, 9.594, 8.819, 5.682, 5.05, 5.602, 4.076, 2.252, 3.444, 4.774, 7.062, 8.491, 9.2, 9.564, 9.572, 10.086, 11.787, 11.731, 10.32, 9.794, 10.703, 11.013, 10.299, 10.5, 10.116, 10.052, 11.958, 11.965, 7.954, 4.62, 6.512, 6.464, 10.779, 12.93, 10.321, 9.979, 11.604, 10.445, 6.705, 4.37, 2.715, 2.39, 3.271, 5.116, 6.289, 6.287, 5.795, 4.226, 2.755, 2.269, 3.118, 4.432, 4.347, 4.608, 5.296, 2.001, 5.467, 6.926, 6.345, 6.315, 6.371, 6.679, 7.218, 6.225, 3.822, 2.548, 3.24, 4.193, 5.012, 4.669, 4.439, 3.69, 2.467, 3.113, 3.001, 3.423, 3.412, 3.139, 2.338, 2.573, 2.698, 5.771, 9.36, 9.324, 8.056, 8.77, 8.434, 6.283, 4.144, 2.636, 2.259, 2.691, 6.492, 7.651, 6.456, 6.24, 6.986, 6.295, 4.757, 3.682, 2.69, 2.856, 3.693, 7.122, 11.21, 11.265, 11.029, 13.182, 14.02, 11.976, 11.196, 10.887, 10.381, 10.3, 10.179, 9.775, 9.668, 9.917, 10.954, 10.865, 11.664, 12.823, 13.266, 13.025, 11.41, 8.626, 6.487, 6.12, 5.652, 3.197], [2.713, 1.613, 2.264, 1.49, 2.357, 3.13, 3.102, 3.117, 2.16, 1.925, 2.386, 0.0, 2.233, 2.625, 3.095, 2.675, 2.277, 2.769, 3.361, 4.535, 4.936, 5.131, 5.064, 4.409, 3.476, 3.219, 4.162, 4.667, 3.967, 3.641, 3.697, 4.187, 5.131, 5.745, 3.599, 1.682, 1.533, 2.146, 3.606, 4.632, 4.666, 4.869, 5.502, 5.695, 5.97, 4.83, 3.09, 2.96, 3.073, 2.985, 4.523, 4.186, 4.182, 5.877, 8.717, 9.676, 9.727, 10.572, 12.367, 13.116, 12.527, 12.183, 12.788, 13.677, 12.812, 12.495, 11.19, 9.491, 8.825, 8.942, 9.0, 10.383, 10.466, 8.781, 8.352, 9.389, 11.037, 11.46, 10.212, 6.499, 5.775, 6.364, 4.798, 2.545, 2.704, 3.385, 5.189, 6.704, 7.304, 7.689, 7.665, 8.19, 9.895, 9.853, 8.442, 7.895, 8.806, 9.121, 8.421, 8.625, 8.216, 8.263, 10.168, 10.149, 6.109, 4.299, 7.26, 7.188, 11.691, 13.852, 11.515, 11.084, 13.064, 11.573, 7.98, 5.52, 3.463, 3.282, 4.593, 6.32, 7.639, 7.761, 7.112, 5.594, 3.46, 3.073, 4.302, 5.343, 5.203, 5.351, 6.347, 2.971, 4.598, 5.769, 5.853, 5.732, 6.186, 6.046, 6.148, 5.16, 2.948, 2.541, 3.601, 3.247, 3.535, 3.394, 3.524, 3.125, 3.168, 4.024, 3.748, 4.097, 4.231, 4.092, 3.084, 2.93, 3.686, 6.623, 10.4, 10.39, 9.023, 9.734, 9.413, 7.016, 4.828, 2.726, 1.685, 3.546, 7.61, 8.517, 7.289, 7.694, 8.85, 8.159, 6.501, 4.458, 2.756, 3.165, 4.015, 5.336, 9.28, 9.339, 9.149, 11.257, 12.205, 10.343, 9.461, 9.267, 8.677, 8.571, 8.309, 7.976, 8.226, 8.989, 9.857, 9.634, 9.718, 10.877, 11.401, 11.109, 9.482, 6.641, 4.574, 4.218, 3.729, 1.981], [4.38, 3.097, 3.701, 2.841, 3.378, 4.475, 4.578, 4.455, 3.443, 3.309, 3.955, 2.233, 0.0, 1.9, 2.812, 2.973, 3.338, 4.482, 5.061, 6.392, 6.798, 6.741, 6.587, 6.174, 5.314, 4.799, 5.57, 6.271, 5.39, 4.997, 5.05, 5.619, 6.847, 7.475, 5.498, 3.303, 2.765, 2.59, 2.612, 3.669, 3.707, 4.031, 4.319, 4.601, 4.466, 3.616, 3.605, 3.653, 3.102, 3.934, 6.1, 5.616, 5.567, 7.208, 10.194, 11.015, 11.072, 12.013, 13.869, 14.628, 14.015, 13.741, 14.443, 15.231, 14.468, 14.17, 12.806, 11.126, 10.614, 10.874, 10.924, 12.203, 12.188, 10.594, 10.16, 11.224, 12.905, 13.276, 11.829, 8.156, 7.256, 7.932, 6.256, 3.714, 2.694, 2.092, 3.463, 4.852, 5.44, 5.746, 5.808, 6.301, 7.99, 7.921, 6.512, 6.0, 6.936, 7.214, 6.504, 6.699, 6.46, 6.404, 8.311, 8.291, 4.428, 5.731, 8.676, 8.892, 13.299, 15.505, 13.134, 12.679, 14.528, 13.384, 9.801, 7.196, 5.148, 4.815, 6.353, 7.997, 9.248, 9.505, 8.785, 7.164, 5.006, 4.678, 6.144, 6.887, 6.76, 7.115, 8.096, 4.824, 3.414, 4.484, 4.512, 4.495, 5.03, 4.775, 4.749, 3.824, 3.022, 3.65, 4.073, 2.835, 3.091, 2.728, 2.731, 3.109, 4.718, 5.674, 5.082, 5.119, 5.67, 5.459, 4.216, 3.858, 4.856, 8.161, 12.17, 12.174, 10.786, 11.576, 11.233, 8.798, 6.339, 4.142, 3.138, 5.286, 9.559, 10.479, 9.292, 9.602, 10.784, 10.065, 8.233, 6.123, 3.936, 3.777, 3.651, 3.56, 7.618, 7.704, 7.58, 9.571, 10.37, 8.468, 7.643, 7.24, 6.74, 6.604, 6.561, 6.246, 6.752, 7.611, 8.46, 8.277, 8.232, 9.272, 9.703, 9.253, 7.754, 5.073, 3.019, 2.669, 2.299, 3.163], [4.403, 3.241, 3.711, 2.717, 3.596, 4.252, 4.151, 3.687, 2.873, 3.006, 3.641, 2.625, 1.9, 0.0, 2.411, 2.426, 3.086, 4.364, 4.801, 5.793, 6.268, 6.744, 6.846, 6.376, 5.423, 5.076, 5.908, 6.732, 5.864, 5.431, 5.47, 6.003, 6.938, 7.332, 5.427, 3.895, 3.461, 2.434, 1.633, 2.44, 2.573, 2.622, 3.217, 3.569, 3.698, 2.613, 3.068, 3.262, 3.085, 4.289, 6.164, 6.039, 6.047, 7.848, 10.518, 11.549, 11.588, 12.418, 14.072, 14.77, 14.155, 13.832, 14.288, 15.08, 14.272, 14.05, 12.678, 11.075, 10.603, 10.781, 10.706, 11.962, 11.939, 10.388, 10.11, 10.837, 12.513, 12.873, 11.541, 8.119, 7.566, 8.024, 6.468, 3.792, 2.482, 2.051, 3.974, 5.331, 5.812, 6.192, 6.18, 6.688, 8.42, 8.354, 6.94, 6.394, 7.308, 7.624, 6.917, 7.122, 6.786, 6.763, 8.672, 8.652, 5.192, 6.41, 9.22, 9.07, 13.211, 15.381, 12.904, 12.479, 14.34, 12.972, 9.329, 6.715, 4.78, 4.594, 5.89, 7.837, 9.057, 9.197, 8.482, 6.906, 4.737, 4.374, 5.791, 6.803, 6.741, 7.139, 7.86, 4.432, 2.539, 3.881, 3.555, 3.505, 3.9, 3.792, 4.32, 3.333, 2.217, 3.242, 3.785, 2.636, 3.051, 2.53, 2.463, 2.907, 4.554, 5.267, 4.787, 5.193, 5.67, 5.566, 4.327, 3.853, 4.82, 8.227, 11.911, 11.959, 10.614, 11.383, 11.006, 8.814, 6.734, 4.611, 3.578, 5.435, 9.175, 10.231, 9.033, 9.169, 10.357, 9.628, 7.801, 5.774, 3.986, 3.869, 2.898, 3.737, 7.94, 8.029, 7.804, 9.904, 10.713, 8.715, 7.894, 7.609, 7.037, 6.985, 6.845, 6.359, 6.447, 7.013, 7.976, 7.906, 8.339, 9.529, 9.969, 9.626, 8.097, 5.399, 3.327, 3.063, 2.482, 3.619], [2.815, 2.541, 2.462, 2.327, 2.482, 2.298, 2.469, 2.136, 2.161, 3.037, 2.806, 3.095, 2.812, 2.411, 0.0, 1.125, 1.956, 2.704, 3.097, 3.962, 4.432, 4.833, 4.943, 4.306, 3.975, 3.42, 4.426, 5.087, 4.634, 3.971, 3.719, 4.36, 5.127, 5.316, 4.493, 3.921, 3.183, 2.385, 2.469, 3.886, 4.198, 4.174, 4.819, 4.898, 5.124, 3.649, 1.888, 1.623, 1.689, 2.509, 4.488, 4.89, 5.326, 6.551, 8.583, 9.696, 9.774, 10.557, 12.212, 12.957, 12.346, 12.05, 12.676, 13.291, 12.588, 12.365, 11.01, 9.365, 8.782, 8.88, 8.823, 10.197, 10.109, 8.752, 8.217, 9.001, 10.648, 11.064, 9.849, 6.437, 5.646, 6.203, 4.605, 2.455, 2.419, 3.208, 5.595, 7.062, 7.66, 8.021, 8.027, 8.546, 10.245, 10.199, 8.77, 8.228, 9.154, 9.475, 8.78, 8.952, 8.645, 8.623, 10.529, 10.509, 6.544, 6.162, 7.885, 7.191, 11.534, 13.724, 11.224, 10.83, 12.559, 11.225, 7.529, 5.025, 2.967, 2.748, 4.044, 5.862, 7.236, 7.432, 6.78, 5.188, 3.106, 2.713, 3.927, 5.14, 5.011, 5.139, 6.054, 2.63, 4.196, 5.646, 5.052, 5.193, 5.065, 4.827, 5.422, 4.676, 2.489, 2.883, 3.002, 2.822, 3.628, 3.237, 3.031, 2.55, 2.578, 3.559, 2.987, 3.311, 3.83, 3.847, 3.117, 3.18, 3.024, 6.42, 10.291, 10.257, 8.953, 9.732, 9.327, 7.0, 5.472, 4.021, 3.194, 3.929, 7.459, 8.383, 7.239, 7.399, 8.493, 7.806, 6.025, 4.076, 2.217, 2.204, 1.669, 5.592, 9.721, 9.755, 9.568, 11.686, 12.558, 10.478, 9.652, 9.365, 8.926, 8.704, 8.591, 8.182, 8.238, 8.696, 9.852, 9.784, 10.099, 11.32, 11.804, 11.448, 9.873, 7.095, 5.022, 4.669, 4.168, 3.512], [2.722, 2.122, 2.017, 1.942, 2.056, 2.373, 2.422, 1.913, 1.597, 2.38, 2.074, 2.675, 2.973, 2.426, 1.125, 0.0, 1.315, 2.258, 2.69, 3.78, 4.262, 4.86, 4.946, 4.378, 3.639, 3.235, 4.18, 4.833, 4.388, 3.648, 3.469, 4.155, 5.08, 5.228, 3.92, 3.445, 2.726, 2.106, 2.794, 4.218, 4.363, 4.227, 4.904, 5.161, 5.439, 4.088, 1.951, 1.791, 2.138, 2.676, 4.408, 4.651, 4.913, 6.209, 8.631, 9.622, 9.67, 10.504, 12.243, 12.979, 12.369, 12.045, 12.558, 13.16, 12.543, 12.321, 10.95, 9.393, 8.805, 8.882, 8.714, 10.126, 10.033, 8.713, 8.194, 8.809, 10.382, 10.83, 9.686, 6.341, 5.692, 6.255, 4.655, 2.398, 2.37, 3.482, 5.859, 7.344, 7.942, 8.268, 8.307, 8.818, 10.474, 10.437, 9.016, 8.502, 9.429, 9.719, 9.009, 9.199, 8.923, 8.903, 10.805, 10.786, 6.797, 5.719, 7.63, 7.225, 11.451, 13.623, 11.158, 10.688, 12.444, 11.054, 7.38, 5.067, 3.036, 2.927, 4.0, 5.744, 7.114, 7.352, 6.693, 5.114, 3.013, 2.539, 3.72, 5.055, 4.975, 5.176, 5.895, 2.491, 4.217, 5.666, 5.307, 5.271, 5.313, 5.226, 5.841, 4.968, 2.585, 2.5, 2.841, 3.006, 3.819, 3.45, 3.249, 2.508, 2.633, 3.604, 3.007, 3.438, 3.952, 3.765, 2.844, 2.868, 3.03, 6.481, 10.23, 10.205, 8.936, 9.681, 9.241, 6.982, 5.139, 3.662, 2.784, 3.457, 7.271, 8.26, 7.089, 7.178, 8.256, 7.567, 5.873, 4.092, 2.298, 2.154, 2.144, 5.806, 9.969, 9.986, 9.742, 11.943, 12.807, 10.761, 9.959, 9.567, 9.05, 8.944, 8.846, 8.427, 8.397, 8.669, 9.764, 9.719, 10.306, 11.546, 12.087, 11.715, 10.118, 7.36, 5.228, 4.898, 4.376, 3.22], [2.382, 1.73, 1.533, 1.62, 1.7, 2.004, 2.152, 1.765, 1.484, 1.908, 1.566, 2.277, 3.338, 3.086, 1.956, 1.315, 0.0, 1.674, 2.247, 3.377, 3.854, 4.371, 4.428, 3.827, 2.927, 2.614, 3.546, 4.205, 3.731, 3.071, 2.94, 3.568, 4.596, 4.834, 3.18, 2.679, 2.384, 2.097, 3.5, 4.928, 4.912, 4.921, 5.564, 5.86, 6.22, 4.814, 2.276, 2.081, 2.409, 2.743, 3.992, 3.905, 4.123, 5.514, 8.112, 9.096, 9.138, 9.966, 11.751, 12.51, 11.895, 11.624, 12.196, 12.827, 12.157, 11.939, 10.572, 8.975, 8.329, 8.397, 8.16, 9.767, 9.744, 8.331, 7.743, 8.511, 9.93, 10.549, 9.401, 5.894, 5.16, 5.778, 4.146, 2.048, 2.644, 3.967, 6.353, 7.832, 8.43, 8.761, 8.795, 9.305, 10.977, 10.937, 9.509, 8.989, 9.916, 10.216, 9.512, 9.691, 9.417, 9.39, 11.291, 11.274, 7.258, 4.923, 6.958, 6.707, 11.067, 13.245, 10.794, 10.337, 12.144, 10.644, 6.94, 4.664, 2.604, 2.446, 3.676, 5.417, 6.818, 7.058, 6.334, 4.786, 2.76, 2.198, 3.289, 4.671, 4.553, 4.664, 5.545, 2.214, 4.896, 6.276, 6.117, 5.974, 6.119, 5.962, 6.391, 5.467, 3.059, 1.965, 2.663, 3.464, 4.274, 3.923, 3.723, 2.876, 2.111, 3.191, 2.683, 3.117, 3.394, 3.207, 2.303, 2.37, 2.535, 6.013, 9.854, 9.822, 8.552, 9.293, 8.858, 6.53, 4.461, 2.861, 2.209, 2.744, 6.808, 7.797, 6.623, 6.893, 7.878, 7.242, 5.614, 3.726, 2.321, 2.328, 2.896, 6.314, 10.436, 10.435, 10.184, 12.417, 13.284, 11.245, 10.444, 10.121, 9.616, 9.473, 9.336, 8.947, 8.995, 9.299, 10.316, 10.294, 10.781, 12.028, 12.572, 12.202, 10.588, 7.758, 5.68, 5.365, 4.841, 2.796], [1.924, 1.885, 1.446, 2.51, 2.036, 1.6, 1.955, 1.84, 2.236, 2.325, 1.672, 2.769, 4.482, 4.364, 2.704, 2.258, 1.674, 0.0, 1.282, 2.227, 2.562, 3.332, 3.233, 2.637, 2.361, 2.082, 2.826, 3.309, 2.938, 2.281, 1.9, 2.541, 3.336, 3.493, 2.535, 2.449, 2.802, 3.324, 4.706, 6.103, 6.225, 6.123, 6.717, 7.069, 7.406, 5.924, 2.925, 2.435, 3.044, 2.5, 3.309, 3.423, 3.619, 4.683, 6.945, 7.881, 7.957, 8.795, 10.58, 11.317, 10.707, 10.378, 10.947, 11.561, 10.847, 10.62, 9.253, 7.65, 7.109, 7.137, 6.923, 8.475, 8.324, 7.013, 6.525, 7.131, 8.576, 9.142, 8.062, 4.727, 3.93, 4.591, 3.216, 2.409, 3.891, 5.337, 7.664, 9.136, 9.752, 10.133, 10.129, 10.657, 12.368, 12.302, 10.895, 10.346, 11.255, 11.588, 10.888, 11.064, 10.74, 10.699, 12.605, 12.586, 8.581, 4.367, 5.873, 5.527, 9.813, 11.995, 9.517, 9.074, 10.868, 9.446, 5.807, 3.635, 2.233, 2.079, 2.469, 4.111, 5.501, 5.694, 5.016, 3.432, 1.933, 1.919, 2.248, 3.465, 3.383, 3.475, 4.27, 1.588, 6.065, 7.562, 7.201, 7.09, 7.087, 7.102, 7.667, 6.79, 4.271, 3.005, 3.587, 4.793, 5.613, 5.264, 5.062, 4.199, 1.793, 2.603, 2.544, 2.882, 2.665, 2.408, 2.15, 2.79, 2.292, 4.744, 8.549, 8.502, 7.23, 7.986, 7.613, 5.266, 3.506, 2.506, 2.165, 1.863, 5.516, 6.525, 5.356, 5.456, 6.421, 5.788, 4.407, 3.016, 2.72, 2.669, 3.778, 7.671, 11.794, 11.802, 11.542, 13.757, 14.605, 12.597, 11.778, 11.454, 10.962, 10.809, 10.694, 10.312, 10.286, 10.44, 11.552, 11.444, 12.188, 13.393, 13.918, 13.57, 11.94, 9.117, 7.024, 6.703, 6.205, 3.142], [2.501, 2.427, 2.117, 2.993, 2.473, 1.553, 1.877, 1.799, 2.718, 2.753, 1.987, 3.361, 5.061, 4.801, 3.097, 2.69, 2.247, 1.282, 0.0, 1.57, 2.057, 2.759, 2.763, 2.26, 1.982, 1.867, 2.676, 2.958, 2.758, 2.317, 1.966, 2.293, 2.74, 3.267, 2.937, 3.208, 3.36, 3.833, 5.202, 6.511, 6.574, 6.462, 7.165, 7.494, 7.819, 6.392, 3.198, 2.537, 3.323, 2.932, 3.789, 4.096, 4.263, 5.044, 6.561, 7.466, 7.506, 8.33, 10.109, 10.83, 10.215, 9.906, 10.437, 11.031, 10.363, 10.158, 8.707, 7.1, 6.601, 6.552, 6.368, 7.913, 7.743, 6.492, 6.013, 6.577, 8.105, 8.56, 7.513, 4.518, 3.761, 4.082, 3.387, 2.853, 4.464, 5.867, 8.116, 9.605, 10.304, 10.67, 10.666, 11.191, 12.88, 12.837, 11.42, 10.898, 11.804, 12.112, 11.405, 11.603, 11.2, 11.166, 13.069, 13.068, 9.052, 4.901, 5.794, 5.176, 9.314, 11.493, 8.957, 8.545, 10.322, 8.901, 5.127, 2.978, 2.096, 2.134, 2.151, 3.562, 4.964, 5.002, 4.376, 3.029, 2.368, 1.961, 1.684, 2.95, 2.821, 2.95, 3.735, 1.873, 6.516, 7.892, 7.618, 7.541, 7.531, 7.452, 8.079, 7.203, 4.69, 3.431, 3.981, 5.228, 6.08, 5.702, 5.493, 4.621, 1.855, 2.066, 2.135, 2.553, 2.116, 1.767, 2.353, 3.164, 1.82, 4.222, 7.956, 7.897, 6.625, 7.374, 7.05, 4.701, 3.773, 3.237, 2.92, 2.384, 4.899, 5.979, 4.819, 4.899, 5.85, 5.205, 3.673, 2.539, 2.906, 2.943, 4.059, 8.169, 12.229, 12.24, 11.983, 14.224, 15.1, 13.04, 12.239, 11.98, 11.503, 11.336, 11.226, 10.852, 10.712, 10.96, 12.046, 11.988, 12.623, 13.849, 14.341, 14.107, 12.433, 9.562, 7.45, 7.14, 6.639, 3.751], [3.098, 3.731, 3.102, 4.167, 3.603, 2.067, 2.135, 2.465, 3.796, 3.914, 2.858, 4.535, 6.392, 5.793, 3.962, 3.78, 3.377, 2.227, 1.57, 0.0, 1.273, 2.171, 2.598, 2.431, 2.451, 2.582, 3.318, 3.415, 3.463, 3.113, 2.718, 2.995, 2.79, 3.003, 3.553, 4.316, 4.696, 5.081, 5.619, 7.178, 7.531, 7.266, 8.031, 8.218, 8.302, 6.53, 3.37, 2.999, 4.112, 3.723, 3.843, 4.779, 5.039, 5.854, 6.501, 7.367, 7.681, 8.294, 9.592, 10.129, 9.521, 9.196, 9.628, 10.184, 9.615, 9.417, 7.981, 6.393, 5.953, 5.995, 5.652, 7.045, 6.884, 5.777, 5.189, 5.657, 6.88, 7.459, 6.665, 4.717, 4.061, 3.569, 3.303, 3.753, 5.683, 7.094, 9.357, 10.884, 11.552, 11.931, 11.909, 12.432, 14.128, 14.095, 12.675, 12.13, 13.042, 13.353, 12.663, 12.854, 12.398, 12.438, 14.338, 14.322, 10.291, 5.728, 6.424, 5.426, 8.572, 10.719, 8.116, 7.743, 9.418, 8.022, 4.098, 2.265, 2.411, 2.51, 1.656, 2.951, 4.203, 4.131, 3.6, 2.643, 2.693, 2.329, 1.4, 2.303, 2.6, 2.482, 2.928, 1.96, 7.301, 8.865, 8.066, 7.934, 7.882, 8.313, 9.162, 8.382, 5.455, 4.518, 5.142, 6.418, 7.226, 6.877, 6.689, 5.767, 2.504, 2.068, 2.673, 3.218, 2.547, 2.178, 3.563, 4.316, 2.562, 3.551, 7.13, 7.116, 5.827, 6.511, 6.176, 4.597, 4.521, 4.197, 4.065, 3.053, 4.022, 5.107, 3.942, 3.848, 4.621, 4.061, 2.708, 2.381, 3.549, 4.081, 4.482, 9.424, 13.391, 13.382, 13.125, 15.417, 16.34, 14.281, 13.43, 13.195, 12.702, 12.577, 12.43, 12.037, 11.742, 11.744, 12.816, 12.772, 13.674, 15.02, 15.563, 15.338, 13.66, 10.713, 8.621, 8.336, 7.801, 4.835], [3.269, 4.12, 3.47, 4.588, 4.027, 2.508, 2.49, 2.923, 4.31, 4.402, 3.451, 4.936, 6.798, 6.268, 4.432, 4.262, 3.854, 2.562, 2.057, 1.273, 0.0, 1.649, 2.132, 1.804, 2.294, 2.734, 2.845, 2.953, 3.019, 2.875, 2.511, 2.649, 2.22, 2.286, 3.174, 4.284, 5.104, 5.537, 6.14, 7.69, 8.039, 7.755, 8.583, 8.685, 8.756, 7.005, 3.801, 3.434, 4.515, 3.915, 3.437, 4.382, 4.587, 5.21, 6.008, 6.813, 7.204, 7.813, 8.996, 9.591, 8.994, 8.669, 9.047, 9.585, 9.047, 8.862, 7.486, 5.985, 5.412, 5.443, 4.989, 6.491, 6.316, 5.16, 4.615, 5.056, 6.398, 6.994, 6.034, 4.02, 3.215, 2.986, 2.794, 4.198, 6.16, 7.571, 9.887, 11.417, 12.017, 12.407, 12.386, 12.909, 14.598, 14.572, 13.152, 12.6, 13.511, 13.83, 13.14, 13.326, 12.913, 12.966, 14.866, 14.85, 10.813, 5.335, 5.76, 4.752, 8.008, 10.13, 7.533, 7.153, 8.862, 7.4, 3.566, 2.084, 2.845, 2.942, 1.363, 2.416, 3.557, 3.58, 3.039, 2.142, 2.585, 2.588, 1.432, 1.918, 1.977, 2.035, 2.362, 2.141, 7.712, 9.377, 8.603, 8.488, 8.429, 8.791, 9.69, 8.911, 5.985, 5.025, 5.664, 6.925, 7.734, 7.373, 7.206, 6.213, 2.899, 2.386, 3.31, 3.705, 2.995, 2.47, 4.079, 4.8, 2.95, 3.132, 6.578, 6.56, 5.296, 5.956, 5.571, 3.922, 3.906, 4.004, 4.101, 2.654, 3.469, 4.541, 3.406, 3.228, 4.225, 3.678, 2.574, 2.761, 3.961, 4.6, 4.879, 9.901, 13.878, 13.866, 13.623, 15.928, 16.861, 14.799, 13.941, 13.678, 13.179, 13.06, 12.891, 12.502, 12.25, 12.184, 13.29, 13.255, 14.203, 15.525, 16.09, 15.806, 14.133, 11.144, 9.119, 8.84, 8.312, 5.155], [3.316, 4.299, 3.614, 4.474, 3.802, 2.91, 2.991, 3.511, 5.033, 4.807, 4.321, 5.131, 6.741, 6.744, 4.833, 4.86, 4.371, 3.332, 2.759, 2.171, 1.649, 0.0, 1.146, 1.458, 2.516, 2.699, 2.356, 2.48, 2.69, 2.63, 2.383, 2.361, 1.593, 2.212, 3.266, 4.142, 4.873, 5.376, 6.428, 8.177, 8.645, 8.777, 9.444, 9.177, 9.431, 7.628, 4.659, 3.696, 4.393, 3.622, 2.826, 3.644, 3.939, 4.399, 4.931, 5.519, 6.101, 6.493, 7.547, 8.201, 7.611, 7.308, 8.039, 8.898, 8.1, 7.742, 6.42, 5.018, 4.4, 4.592, 4.535, 5.724, 5.774, 4.173, 3.654, 4.778, 6.388, 6.758, 5.415, 3.38, 2.463, 1.852, 2.063, 4.074, 6.055, 7.457, 9.86, 11.33, 11.928, 12.261, 12.276, 12.783, 14.475, 14.427, 13.009, 12.489, 13.419, 13.692, 12.995, 13.191, 12.894, 12.889, 14.794, 14.775, 10.738, 4.763, 5.02, 4.062, 6.881, 9.076, 6.761, 6.307, 8.278, 6.938, 3.392, 2.221, 3.058, 2.909, 1.678, 1.833, 3.369, 3.332, 2.691, 2.19, 2.875, 3.149, 2.209, 1.441, 1.18, 1.142, 1.767, 2.972, 8.891, 10.208, 9.544, 9.786, 9.612, 9.096, 9.676, 8.947, 6.399, 5.24, 5.716, 6.986, 7.752, 7.453, 7.239, 6.488, 3.215, 2.056, 3.032, 3.498, 2.747, 2.258, 3.997, 4.802, 3.096, 1.932, 5.709, 5.663, 4.351, 5.043, 4.692, 3.116, 3.255, 3.652, 3.997, 2.702, 3.061, 3.955, 2.766, 3.111, 4.283, 3.565, 2.649, 2.497, 3.8, 4.423, 4.732, 9.791, 13.968, 14.069, 13.939, 15.938, 16.831, 14.765, 13.975, 13.742, 13.294, 13.183, 12.924, 12.468, 12.579, 13.406, 14.535, 14.498, 14.512, 15.577, 16.093, 15.715, 14.129, 11.434, 9.376, 8.967, 8.435, 5.496], [3.415, 4.158, 3.571, 4.396, 3.618, 3.08, 3.276, 3.85, 5.122, 4.845, 4.347, 5.064, 6.587, 6.846, 4.943, 4.946, 4.428, 3.233, 2.763, 2.598, 2.132, 1.146, 0.0, 1.418, 2.317, 2.51, 1.972, 2.162, 2.455, 2.278, 2.122, 1.976, 1.151, 2.28, 3.083, 4.021, 4.67, 5.169, 6.817, 8.517, 8.847, 9.023, 9.605, 9.473, 9.751, 8.042, 5.151, 4.076, 4.362, 3.448, 2.835, 3.222, 3.42, 3.898, 4.315, 4.811, 5.286, 5.83, 7.419, 8.192, 7.599, 7.301, 8.02, 9.037, 8.162, 7.757, 6.399, 4.792, 4.225, 4.479, 4.657, 5.898, 5.91, 4.153, 3.822, 5.014, 6.661, 7.024, 5.603, 2.968, 2.038, 2.053, 2.181, 3.935, 5.821, 7.253, 9.676, 11.051, 11.656, 11.997, 12.05, 12.53, 14.233, 14.179, 12.756, 12.218, 13.154, 13.438, 12.734, 12.937, 12.676, 12.621, 14.53, 14.509, 10.517, 4.399, 4.301, 3.625, 6.907, 9.077, 6.848, 6.343, 8.377, 7.216, 3.742, 2.755, 3.26, 3.068, 2.328, 1.866, 3.263, 3.449, 2.714, 2.401, 2.935, 3.436, 2.696, 1.509, 1.024, 1.172, 1.965, 3.285, 9.057, 10.298, 9.83, 10.119, 9.912, 9.157, 9.573, 8.8, 6.602, 5.185, 5.575, 6.859, 7.596, 7.361, 7.094, 6.461, 3.235, 2.34, 3.087, 3.371, 2.569, 2.058, 3.746, 4.624, 3.101, 2.045, 5.763, 5.849, 4.368, 5.158, 4.786, 2.715, 2.762, 3.3, 3.914, 2.526, 3.286, 4.22, 2.958, 3.351, 4.548, 3.825, 3.076, 3.011, 3.812, 4.217, 5.076, 9.622, 13.826, 13.947, 13.923, 15.787, 16.58, 14.504, 13.743, 13.501, 13.148, 13.048, 12.832, 12.312, 12.502, 13.537, 14.674, 14.618, 14.471, 15.468, 15.877, 15.497, 13.994, 11.313, 9.362, 8.905, 8.367, 5.479], [2.653, 3.512, 2.929, 3.867, 3.245, 2.598, 2.927, 3.266, 4.502, 4.371, 3.797, 4.409, 6.174, 6.376, 4.306, 4.378, 3.827, 2.637, 2.26, 2.431, 1.804, 1.458, 1.418, 0.0, 1.88, 2.176, 1.941, 1.908, 1.993, 2.052, 1.911, 1.967, 1.469, 1.941, 2.757, 3.392, 4.221, 4.898, 6.274, 7.884, 8.206, 8.381, 8.995, 8.788, 9.222, 7.533, 4.465, 3.552, 3.943, 2.985, 2.696, 3.09, 3.267, 3.627, 4.505, 5.547, 5.741, 6.514, 8.033, 8.821, 8.231, 7.937, 8.659, 9.548, 8.752, 8.381, 7.11, 5.338, 4.722, 4.917, 4.936, 6.318, 6.355, 4.723, 4.237, 5.338, 6.929, 7.349, 6.053, 2.944, 1.98, 2.311, 2.216, 3.58, 5.521, 6.904, 9.277, 10.781, 11.382, 11.723, 11.738, 12.237, 13.938, 13.894, 12.475, 11.942, 12.875, 13.154, 12.455, 12.656, 12.332, 12.344, 14.25, 14.23, 10.185, 4.313, 4.353, 3.447, 7.54, 9.705, 7.404, 7.04, 9.05, 7.637, 4.242, 2.599, 2.806, 2.591, 2.199, 2.315, 3.621, 3.841, 3.137, 2.297, 2.557, 2.911, 2.23, 1.908, 1.548, 1.824, 2.332, 2.544, 8.437, 9.709, 9.282, 9.436, 9.192, 8.775, 9.181, 8.4, 6.06, 4.718, 5.186, 6.45, 7.223, 6.894, 6.675, 5.859, 2.598, 2.408, 3.059, 3.292, 2.46, 1.915, 3.459, 4.266, 2.667, 2.615, 6.316, 6.277, 4.959, 5.66, 5.313, 3.067, 2.589, 2.991, 3.352, 1.98, 3.581, 4.494, 3.25, 3.693, 4.818, 4.119, 3.494, 2.99, 3.411, 3.845, 4.708, 9.297, 13.435, 13.463, 13.305, 15.397, 16.279, 14.217, 13.403, 13.266, 12.787, 12.626, 12.299, 11.961, 12.095, 12.912, 14.048, 13.988, 13.912, 15.043, 15.519, 15.167, 13.597, 10.802, 8.729, 8.379, 7.864, 4.835], [2.848, 3.029, 2.648, 3.158, 2.422, 2.48, 2.849, 2.894, 3.521, 3.373, 2.922, 3.476, 5.314, 5.423, 3.975, 3.639, 2.927, 2.361, 1.982, 2.451, 2.294, 2.516, 2.317, 1.88, 0.0, 1.312, 1.694, 1.85, 1.804, 2.209, 2.143, 2.283, 2.255, 3.049, 2.839, 3.452, 3.502, 3.972, 5.909, 7.179, 7.116, 7.268, 8.057, 8.102, 8.678, 7.196, 4.195, 3.524, 3.877, 3.57, 4.028, 3.85, 3.836, 4.258, 5.808, 6.797, 6.837, 7.667, 9.484, 10.257, 9.668, 9.353, 10.077, 10.975, 10.111, 9.704, 8.401, 6.641, 5.992, 5.994, 5.922, 7.677, 7.737, 6.025, 5.464, 6.605, 8.15, 8.671, 7.495, 3.793, 3.293, 3.781, 3.464, 3.313, 4.73, 5.985, 8.245, 9.775, 10.384, 10.773, 10.758, 11.283, 12.964, 12.939, 11.522, 10.962, 11.861, 12.2, 11.509, 11.685, 11.254, 11.312, 13.207, 13.196, 9.17, 4.42, 4.604, 4.287, 8.975, 11.139, 8.824, 8.403, 10.359, 8.79, 4.993, 3.198, 2.581, 2.689, 2.838, 3.601, 4.96, 5.014, 4.396, 3.596, 3.363, 3.056, 2.404, 2.695, 2.553, 2.535, 3.58, 2.569, 7.083, 8.406, 8.419, 8.367, 8.611, 8.27, 8.43, 7.42, 5.315, 3.579, 4.107, 5.302, 6.034, 5.721, 5.577, 4.52, 2.066, 2.548, 3.125, 3.341, 2.652, 1.854, 2.539, 3.195, 2.011, 3.733, 7.664, 7.634, 6.258, 6.932, 6.7, 4.202, 3.031, 3.3, 3.29, 2.353, 4.72, 5.647, 4.214, 4.702, 5.952, 5.353, 3.981, 3.308, 3.41, 3.374, 4.624, 8.338, 12.162, 12.152, 12.081, 14.289, 15.215, 13.198, 12.342, 12.357, 11.85, 11.732, 11.34, 10.976, 11.081, 11.788, 12.77, 12.675, 12.737, 13.895, 14.44, 14.163, 12.505, 9.445, 7.428, 7.193, 6.658, 3.735], [2.427, 2.703, 2.329, 2.786, 1.859, 2.013, 2.373, 2.583, 3.235, 2.91, 2.559, 3.219, 4.799, 5.076, 3.42, 3.235, 2.614, 2.082, 1.867, 2.582, 2.734, 2.699, 2.51, 2.176, 1.312, 0.0, 1.451, 1.916, 1.74, 1.77, 1.741, 2.123, 2.691, 3.5, 3.073, 3.164, 2.697, 3.274, 5.369, 6.822, 6.97, 7.129, 7.789, 7.728, 8.195, 6.669, 3.962, 3.168, 3.18, 2.913, 3.645, 3.359, 3.408, 3.942, 5.801, 6.73, 6.783, 7.64, 9.547, 10.361, 9.697, 9.495, 10.367, 11.295, 10.452, 10.004, 8.714, 6.842, 6.38, 6.616, 6.776, 8.109, 8.107, 6.409, 5.908, 7.146, 8.822, 9.234, 7.906, 4.095, 3.123, 3.832, 3.055, 2.58, 4.009, 5.077, 7.409, 8.89, 9.491, 9.866, 9.85, 10.407, 12.088, 12.035, 10.629, 10.082, 10.99, 11.307, 10.603, 10.802, 10.468, 10.452, 12.358, 12.338, 8.318, 3.987, 4.574, 4.444, 9.29, 11.457, 9.133, 8.697, 10.704, 9.296, 5.648, 3.375, 2.215, 1.992, 2.897, 4.013, 5.294, 5.515, 4.759, 3.73, 2.976, 2.92, 2.618, 2.83, 2.694, 2.868, 4.034, 2.527, 7.163, 8.406, 8.192, 8.29, 8.333, 7.612, 7.607, 6.683, 4.903, 3.139, 3.325, 4.576, 5.339, 5.061, 4.892, 4.09, 1.627, 2.26, 2.658, 2.582, 1.943, 1.407, 1.667, 2.499, 1.623, 3.944, 8.039, 8.046, 6.648, 7.403, 7.098, 4.526, 2.855, 2.539, 2.76, 2.452, 5.406, 6.341, 5.086, 5.503, 6.669, 5.95, 4.318, 2.752, 2.631, 2.456, 3.858, 7.616, 11.568, 11.61, 11.53, 13.525, 14.404, 12.388, 11.626, 11.609, 11.294, 10.986, 10.54, 10.314, 10.734, 11.69, 12.646, 12.552, 12.353, 13.201, 13.676, 13.326, 11.713, 8.957, 6.989, 6.696, 6.06, 3.502], [3.044, 3.368, 2.822, 3.436, 2.535, 2.824, 3.264, 3.563, 4.247, 3.844, 3.368, 4.162, 5.57, 5.908, 4.426, 4.18, 3.546, 2.826, 2.676, 3.318, 2.845, 2.356, 1.972, 1.941, 1.694, 1.451, 0.0, 1.31, 1.274, 1.724, 1.859, 1.964, 2.127, 2.833, 2.962, 3.639, 3.4, 3.972, 6.199, 7.681, 7.908, 8.078, 8.681, 8.711, 8.991, 7.584, 4.907, 4.064, 4.042, 3.346, 3.321, 2.841, 2.895, 3.049, 4.791, 5.712, 5.737, 6.622, 8.541, 9.342, 8.706, 8.476, 9.363, 10.444, 9.563, 9.081, 7.721, 5.894, 5.53, 5.832, 6.047, 7.28, 7.291, 5.516, 5.156, 6.401, 8.058, 8.419, 7.017, 3.073, 2.299, 3.078, 2.717, 3.304, 4.732, 5.893, 8.292, 9.653, 10.258, 10.606, 10.682, 11.154, 12.856, 12.791, 11.365, 10.821, 11.758, 12.049, 11.344, 11.547, 11.285, 11.224, 13.135, 13.115, 9.126, 3.729, 3.582, 3.627, 8.268, 10.422, 8.233, 7.742, 9.759, 8.571, 4.989, 3.574, 3.182, 2.687, 2.83, 3.295, 4.401, 4.72, 4.025, 3.367, 3.284, 3.713, 3.487, 2.618, 2.065, 2.441, 3.284, 3.159, 8.116, 9.352, 9.013, 9.207, 9.276, 8.533, 8.436, 7.536, 5.788, 4.048, 4.259, 5.509, 6.245, 6.051, 5.759, 5.136, 2.632, 2.946, 3.539, 3.371, 2.56, 1.911, 2.419, 3.263, 2.518, 3.219, 7.137, 7.24, 5.718, 6.53, 6.192, 3.643, 2.146, 2.669, 3.291, 2.426, 4.677, 5.612, 4.345, 4.753, 5.94, 5.252, 4.147, 3.473, 3.438, 3.248, 4.75, 8.44, 12.469, 12.564, 12.598, 14.421, 15.194, 13.18, 12.408, 12.306, 12.097, 11.838, 11.502, 11.235, 11.532, 12.615, 13.696, 13.626, 13.392, 14.112, 14.53, 14.123, 12.613, 9.932, 8.044, 7.667, 7.078, 4.285], [3.59, 4.012, 3.539, 4.375, 3.45, 3.559, 3.924, 4.012, 4.76, 4.263, 4.014, 4.667, 6.271, 6.732, 5.087, 4.833, 4.205, 3.309, 2.958, 3.415, 2.953, 2.48, 2.162, 1.908, 1.85, 1.916, 1.31, 0.0, 1.644, 1.978, 1.999, 1.998, 2.019, 2.586, 3.185, 3.9, 4.005, 5.002, 7.045, 8.404, 8.457, 8.648, 9.426, 9.331, 9.866, 8.292, 5.303, 4.583, 4.825, 4.195, 3.98, 3.354, 3.548, 3.241, 4.691, 5.505, 5.495, 6.489, 8.464, 9.273, 8.622, 8.407, 9.254, 10.13, 9.293, 8.881, 7.606, 5.757, 5.19, 5.342, 5.415, 6.885, 6.924, 5.203, 4.683, 5.895, 7.558, 7.968, 6.677, 3.031, 2.591, 3.284, 3.363, 4.332, 5.723, 6.598, 8.706, 10.217, 10.833, 11.216, 11.195, 11.722, 13.42