[[0.0, 1.221, 3.008, 5.638, 8.177, 9.67, 9.341, 9.685, 9.307, 8.888, 7.581, 6.018, 5.846, 6.441, 6.476, 5.978, 6.359, 8.165, 8.584, 7.361, 6.624, 7.075, 6.824, 6.355, 7.66, 10.187, 9.423, 9.129, 10.24, 9.729, 8.898, 8.317, 8.203, 8.328, 7.765, 8.422, 10.968, 13.906, 15.313, 13.816, 13.546, 14.013, 13.488, 12.642, 12.873, 11.933, 12.181, 15.208, 18.065, 15.387, 12.389, 12.027, 12.276, 10.614, 8.743, 8.574, 8.715, 8.769, 9.193, 8.624, 8.079, 8.275, 8.398, 7.266, 6.953, 7.688, 8.651, 6.865, 5.527, 5.492, 4.836, 3.803, 3.517, 3.925, 5.397, 9.745, 9.544, 6.989, 3.523, 3.162, 3.461, 3.677, 3.705, 3.492, 3.351, 2.661, 2.337, 2.269, 1.892, 2.023, 1.998, 1.668, 1.498, 1.67, 2.063, 2.718, 4.328, 4.883, 4.132, 3.525, 2.313, 2.115, 1.855, 1.616, 2.343, 3.448, 4.755, 5.539, 5.075, 4.235, 4.39, 4.235, 3.694, 2.866, 2.96, 2.547, 2.586, 2.701, 2.914, 3.084, 3.283, 4.594, 4.709, 4.296, 3.911, 4.14, 4.553, 4.455, 3.446, 3.419, 3.519, 4.32, 5.156, 6.435, 6.673, 6.555, 6.513, 7.994, 8.15, 6.734, 5.575, 5.604, 6.016, 6.113, 6.515, 8.242, 9.494, 10.434, 9.943, 9.744, 8.976, 8.893, 9.827, 11.662, 11.846, 13.486, 13.824, 13.083, 12.625, 12.313, 10.808, 10.895, 11.073, 10.419, 9.683, 9.765, 9.42, 10.225, 11.121, 9.334, 8.325, 7.208, 5.25, 5.084, 4.93, 4.608, 4.148, 5.021, 6.01, 5.011, 3.979, 4.605, 4.874, 4.141, 3.723, 4.16, 4.408, 4.7, 4.415, 5.151, 5.394, 5.339, 5.744, 5.53, 5.389, 5.513, 5.372, 5.582, 8.375, 11.11, 11.597, 12.209, 13.106, 10.943, 7.457, 7.955, 8.162, 8.611, 8.89, 8.726, 7.865, 8.559, 9.27, 9.676, 10.279, 9.539, 9.398, 8.756, 7.47, 7.463, 7.839, 8.815, 9.598, 9.767, 9.899, 12.162, 13.98, 13.879, 13.066, 13.045], [1.221, 0.0, 2.272, 4.799, 7.371, 8.949, 8.648, 9.021, 8.563, 8.288, 6.994, 5.613, 5.375, 5.94, 5.871, 5.379, 5.741, 7.54, 7.802, 6.767, 5.955, 6.233, 6.006, 5.544, 6.871, 9.393, 8.777, 8.47, 9.504, 9.104, 8.459, 7.876, 7.742, 7.489, 7.019, 7.566, 10.101, 13.086, 14.491, 12.966, 12.699, 13.202, 12.765, 11.839, 12.093, 11.161, 11.363, 14.464, 17.323, 14.631, 11.745, 11.283, 11.507, 9.783, 7.918, 7.842, 7.914, 7.945, 8.336, 7.918, 7.36, 7.555, 7.648, 6.494, 6.201, 6.901, 7.782, 6.088, 5.247, 5.487, 5.029, 3.844, 3.616, 4.031, 5.27, 8.928, 8.682, 6.309, 3.712, 3.577, 3.789, 3.78, 3.974, 3.824, 3.623, 2.83, 2.545, 2.458, 1.92, 2.063, 2.139, 1.408, 1.476, 2.257, 2.413, 2.492, 3.795, 4.407, 3.695, 2.952, 2.141, 2.294, 2.372, 1.858, 2.635, 3.836, 5.414, 6.24, 5.772, 4.915, 5.075, 4.931, 4.357, 3.461, 3.364, 2.931, 2.768, 3.123, 3.282, 3.143, 3.12, 4.054, 4.212, 3.771, 3.566, 3.895, 3.915, 3.85, 3.032, 3.272, 3.182, 3.969, 4.441, 5.719, 6.024, 5.916, 5.8, 7.344, 7.384, 5.869, 4.86, 4.917, 5.332, 5.434, 5.747, 7.493, 8.682, 9.618, 9.253, 8.874, 8.105, 8.06, 9.136, 10.792, 11.048, 12.72, 13.047, 12.397, 11.868, 11.505, 10.138, 10.405, 10.536, 9.948, 9.186, 9.206, 8.834, 9.64, 10.514, 8.686, 7.798, 6.733, 4.688, 4.485, 4.421, 4.186, 3.878, 4.83, 5.947, 5.029, 3.957, 4.436, 4.767, 4.031, 3.894, 4.165, 4.188, 4.4, 4.164, 4.9, 5.265, 5.206, 5.559, 5.245, 5.012, 5.238, 5.217, 5.052, 7.776, 10.286, 10.898, 11.393, 12.332, 10.298, 6.947, 7.405, 7.563, 8.004, 8.315, 8.079, 7.257, 7.903, 8.657, 9.096, 9.695, 9.008, 8.835, 8.153, 7.066, 6.996, 7.248, 8.231, 9.019, 9.14, 9.292, 11.555, 13.325, 13.188, 12.411, 12.385], [3.008, 2.272, 0.0, 2.788, 5.769, 7.251, 6.909, 7.362, 6.8, 6.861, 5.941, 4.608, 4.32, 4.891, 4.687, 4.062, 4.488, 6.116, 5.95, 5.361, 4.444, 4.368, 4.06, 3.972, 5.105, 7.489, 6.974, 6.876, 7.907, 7.572, 7.3, 6.886, 6.494, 5.854, 5.394, 5.799, 8.083, 11.103, 12.482, 11.013, 10.788, 11.298, 10.923, 9.995, 10.258, 9.321, 9.469, 12.612, 15.435, 12.845, 10.228, 9.571, 9.725, 7.892, 6.095, 6.04, 5.988, 6.1, 6.485, 6.134, 5.563, 5.707, 5.8, 4.715, 4.406, 5.09, 5.807, 4.385, 4.233, 4.968, 4.643, 3.445, 3.292, 3.668, 4.721, 7.04, 6.898, 4.846, 3.837, 4.484, 4.783, 4.229, 4.115, 3.988, 3.661, 3.041, 3.096, 3.165, 2.837, 3.195, 2.981, 2.317, 2.966, 3.664, 4.071, 2.957, 2.629, 3.411, 2.938, 2.306, 2.123, 3.684, 3.797, 3.477, 4.083, 5.327, 7.279, 8.117, 7.63, 6.756, 6.922, 6.778, 6.221, 5.037, 4.66, 3.938, 3.417, 4.327, 4.615, 4.022, 2.818, 3.174, 3.197, 2.79, 2.764, 3.045, 2.618, 2.588, 2.328, 3.306, 2.946, 3.077, 3.131, 4.095, 4.617, 4.477, 4.265, 5.944, 5.699, 4.237, 3.752, 3.704, 4.061, 4.084, 4.109, 5.659, 6.765, 7.74, 7.39, 6.97, 6.188, 6.233, 7.312, 8.827, 9.19, 10.735, 11.069, 10.611, 10.119, 9.754, 8.648, 9.068, 9.016, 8.538, 7.782, 7.743, 7.444, 8.34, 9.02, 7.255, 6.505, 5.648, 3.736, 3.738, 3.613, 3.348, 3.457, 5.4, 7.451, 6.089, 4.842, 5.119, 5.437, 5.0, 4.776, 5.373, 5.416, 5.027, 5.099, 6.283, 6.228, 5.961, 5.933, 4.798, 4.181, 4.424, 4.638, 4.283, 6.48, 8.673, 9.483, 9.71, 10.73, 8.768, 5.589, 6.273, 6.238, 6.719, 7.137, 7.034, 5.884, 6.335, 7.316, 7.799, 8.256, 7.584, 7.584, 7.074, 6.058, 5.914, 6.095, 7.029, 7.837, 8.068, 7.944, 10.103, 11.696, 11.517, 10.788, 10.731], [5.638, 4.799, 2.788, 0.0, 3.259, 4.851, 4.551, 5.001, 4.477, 5.108, 4.99, 4.248, 4.347, 4.272, 3.544, 2.583, 3.018, 4.045, 3.745, 3.38, 2.341, 2.068, 1.944, 1.739, 2.899, 5.081, 4.683, 4.629, 5.652, 5.208, 5.536, 5.121, 4.543, 3.712, 3.055, 3.445, 5.607, 8.638, 10.053, 8.6, 8.247, 8.606, 8.246, 7.36, 7.599, 6.71, 6.89, 10.07, 12.872, 10.362, 7.76, 7.079, 7.143, 5.336, 3.659, 3.603, 3.381, 3.424, 3.876, 3.629, 3.411, 3.597, 3.734, 3.082, 2.914, 3.008, 3.4, 3.068, 3.948, 4.522, 4.443, 3.567, 3.633, 3.634, 4.053, 4.67, 4.357, 3.49, 4.324, 6.057, 5.801, 4.835, 4.655, 4.774, 4.632, 4.561, 5.272, 5.473, 5.503, 5.874, 5.638, 4.674, 5.498, 6.325, 6.649, 5.244, 3.069, 3.546, 4.218, 3.441, 4.594, 6.329, 6.486, 6.022, 6.755, 8.026, 9.973, 10.806, 10.322, 9.421, 9.588, 9.444, 8.883, 7.665, 7.317, 6.568, 5.855, 6.855, 7.148, 6.667, 4.717, 2.776, 2.703, 2.964, 3.176, 3.34, 2.339, 2.468, 3.939, 5.356, 4.711, 3.628, 2.641, 2.218, 2.843, 2.911, 2.687, 3.583, 3.298, 2.462, 2.386, 2.423, 2.781, 2.761, 2.273, 3.32, 4.386, 5.18, 4.889, 4.356, 3.753, 3.835, 4.719, 6.131, 6.695, 8.333, 8.656, 8.252, 7.856, 7.278, 6.262, 6.882, 6.701, 6.403, 5.651, 5.569, 5.384, 6.437, 6.873, 5.381, 4.669, 4.261, 3.427, 3.888, 4.463, 4.899, 5.59, 8.077, 10.121, 8.728, 7.433, 7.709, 7.948, 7.65, 7.4, 8.05, 8.106, 7.646, 7.733, 8.974, 8.907, 8.57, 8.374, 6.649, 5.267, 5.694, 5.651, 4.183, 4.678, 6.538, 7.114, 7.364, 8.333, 6.537, 3.907, 4.625, 4.383, 5.148, 5.726, 5.666, 4.282, 4.38, 5.505, 5.927, 6.326, 5.825, 5.853, 5.736, 5.354, 5.183, 5.176, 5.846, 6.491, 6.61, 6.545, 8.14, 9.414, 9.178, 8.511, 8.419], [8.177, 7.371, 5.769, 3.259, 0.0, 1.991, 1.949, 2.316, 2.438, 3.253, 4.338, 6.308, 6.759, 5.724, 3.249, 3.143, 3.405, 2.777, 2.226, 2.524, 2.155, 2.335, 2.559, 2.286, 1.899, 2.687, 2.625, 2.569, 3.142, 2.797, 3.407, 2.967, 2.545, 2.35, 1.746, 1.983, 3.3, 6.089, 7.424, 5.938, 5.687, 6.03, 5.614, 4.798, 5.018, 4.148, 4.324, 7.422, 10.276, 7.652, 4.808, 4.244, 4.378, 2.902, 2.434, 2.775, 2.45, 2.282, 2.53, 3.094, 3.415, 3.199, 4.11, 3.775, 3.401, 2.811, 3.269, 4.265, 5.86, 5.629, 6.112, 6.109, 5.947, 6.049, 4.979, 4.378, 2.322, 4.037, 6.626, 8.583, 8.205, 7.39, 6.63, 7.045, 7.088, 7.064, 7.841, 8.025, 8.07, 8.465, 8.22, 7.284, 8.07, 8.974, 9.278, 7.852, 5.511, 6.061, 6.723, 6.032, 7.175, 8.997, 9.01, 8.619, 9.303, 10.673, 12.548, 13.369, 12.905, 12.047, 12.193, 12.057, 11.506, 10.305, 9.929, 9.181, 8.476, 9.48, 9.765, 9.203, 7.341, 4.687, 4.287, 5.06, 5.645, 5.783, 4.649, 4.836, 6.497, 7.929, 7.318, 5.954, 3.882, 2.757, 2.685, 3.702, 2.474, 1.43, 1.746, 2.311, 2.987, 3.535, 3.44, 3.217, 2.482, 1.692, 2.06, 2.702, 2.455, 2.018, 1.946, 2.604, 2.834, 4.032, 4.231, 5.78, 6.18, 5.558, 5.438, 4.76, 3.498, 4.32, 4.182, 4.119, 3.36, 3.089, 3.229, 4.272, 4.507, 3.283, 2.783, 3.108, 4.882, 5.749, 6.654, 7.507, 8.142, 10.641, 12.728, 11.333, 10.054, 10.344, 10.574, 10.295, 9.974, 10.628, 10.7, 10.226, 10.32, 11.554, 11.435, 11.169, 10.936, 9.177, 7.718, 8.227, 8.185, 5.717, 2.74, 4.467, 4.663, 4.845, 5.768, 4.148, 2.27, 2.676, 2.533, 3.526, 4.097, 4.021, 2.91, 2.578, 3.435, 3.756, 4.232, 3.762, 3.991, 3.914, 4.861, 5.161, 4.448, 4.143, 4.567, 4.627, 4.55, 6.013, 6.719, 6.373, 5.72, 5.695], [9.67, 8.949, 7.251, 4.851, 1.991, 0.0, 1.154, 1.356, 1.878, 2.779, 5.154, 7.132, 7.603, 6.568, 4.211, 4.2, 4.273, 3.036, 2.114, 3.078, 3.309, 3.622, 3.577, 3.735, 2.564, 1.95, 2.111, 2.277, 2.3, 2.264, 3.223, 3.067, 2.538, 2.348, 2.496, 2.32, 2.428, 4.616, 6.007, 4.446, 4.376, 5.126, 4.874, 4.09, 4.245, 3.366, 3.357, 6.453, 9.25, 6.644, 3.593, 3.443, 3.579, 2.733, 2.628, 3.263, 3.539, 3.253, 3.106, 4.021, 4.6, 4.221, 5.155, 4.824, 4.653, 3.703, 4.109, 5.657, 7.457, 7.207, 7.904, 7.871, 7.777, 7.87, 6.378, 5.147, 2.34, 4.88, 8.469, 10.193, 9.933, 8.973, 7.86, 8.117, 8.147, 8.185, 8.884, 9.317, 9.218, 9.5, 9.198, 8.533, 9.54, 10.02, 10.266, 8.762, 6.474, 7.126, 7.776, 7.225, 8.453, 10.003, 10.237, 10.021, 10.606, 11.658, 13.47, 14.314, 13.816, 12.907, 13.071, 12.936, 12.4, 11.22, 10.823, 10.299, 9.748, 10.469, 10.664, 10.231, 8.279, 5.657, 5.502, 6.042, 6.607, 6.71, 5.61, 5.783, 7.469, 9.059, 8.306, 7.218, 5.522, 4.547, 3.585, 4.486, 3.567, 2.413, 2.765, 3.893, 4.538, 4.833, 4.539, 4.177, 3.576, 2.087, 1.755, 2.082, 2.257, 2.051, 2.1, 2.853, 2.811, 3.317, 3.138, 4.229, 4.682, 4.192, 4.041, 3.678, 2.915, 3.503, 3.409, 3.404, 2.467, 2.326, 2.447, 3.228, 3.167, 2.448, 2.605, 3.616, 5.96, 6.642, 7.583, 8.372, 9.091, 11.594, 13.647, 12.225, 10.916, 11.208, 11.431, 11.133, 10.921, 11.552, 11.611, 11.151, 11.265, 12.486, 12.445, 12.085, 11.882, 10.137, 8.7, 9.229, 9.133, 6.652, 2.596, 4.103, 4.282, 4.263, 5.123, 3.067, 2.665, 2.768, 2.675, 3.24, 3.708, 3.685, 2.834, 1.993, 2.359, 2.742, 3.135, 3.009, 3.325, 3.302, 5.327, 5.883, 4.859, 4.046, 4.084, 3.879, 3.551, 4.659, 5.204, 4.757, 4.04, 3.984], [9.341, 8.648, 6.909, 4.551, 1.949, 1.154, 0.0, 1.344, 1.843, 2.5, 4.488, 6.442, 6.92, 5.89, 3.686, 3.723, 3.65, 2.208, 1.944, 2.752, 3.049, 3.433, 3.474, 3.564, 2.343, 2.233, 2.397, 2.52, 2.502, 2.329, 3.179, 2.924, 2.187, 2.555, 2.317, 2.187, 2.644, 5.261, 6.605, 5.161, 5.096, 5.815, 5.49, 4.652, 4.869, 3.944, 3.966, 7.131, 9.928, 7.322, 4.206, 3.971, 4.198, 3.079, 2.848, 3.453, 3.536, 3.169, 3.271, 3.967, 4.511, 4.221, 5.137, 4.902, 4.648, 3.685, 4.004, 5.749, 7.42, 7.098, 7.658, 7.553, 7.468, 7.613, 6.335, 5.215, 2.517, 4.575, 8.16, 9.905, 9.626, 8.671, 7.644, 7.551, 7.71, 7.751, 8.448, 8.927, 8.843, 9.135, 8.676, 8.198, 9.188, 9.492, 9.674, 8.239, 5.926, 6.542, 7.186, 6.784, 8.005, 9.469, 9.612, 9.519, 10.136, 11.055, 12.823, 13.652, 13.158, 12.238, 12.395, 12.269, 11.799, 10.746, 10.264, 9.938, 9.463, 9.905, 10.014, 9.616, 7.786, 5.287, 5.238, 5.665, 6.066, 6.035, 5.109, 5.173, 7.051, 8.437, 7.717, 6.731, 5.221, 4.223, 3.158, 3.909, 3.243, 2.29, 2.488, 3.598, 4.245, 4.446, 4.123, 3.81, 3.301, 1.869, 1.734, 2.565, 2.5, 2.197, 1.997, 2.91, 3.203, 3.791, 3.467, 4.622, 5.136, 4.034, 3.934, 4.081, 3.06, 3.832, 3.727, 3.796, 2.734, 2.755, 2.81, 3.471, 3.198, 2.708, 2.467, 3.088, 5.356, 6.044, 6.943, 7.699, 8.452, 10.963, 13.018, 11.539, 10.249, 10.55, 10.76, 10.507, 10.319, 10.917, 11.008, 10.516, 10.675, 11.871, 11.805, 11.486, 11.241, 9.472, 8.051, 8.604, 8.522, 6.07, 2.352, 4.484, 4.652, 4.591, 5.361, 3.193, 2.483, 2.467, 2.222, 2.826, 3.255, 3.241, 2.583, 2.008, 2.474, 2.76, 3.11, 2.963, 3.316, 3.192, 4.769, 5.224, 4.308, 3.567, 3.834, 3.673, 3.499, 4.713, 5.085, 4.72, 4.007, 3.973], [9.685, 9.021, 7.362, 5.001, 2.316, 1.356, 1.344, 0.0, 1.252, 1.839, 4.79, 6.737, 7.195, 6.16, 3.885, 3.971, 3.914, 2.768, 2.277, 2.786, 3.269, 3.873, 3.857, 3.857, 2.571, 1.937, 1.817, 1.865, 1.729, 1.582, 2.662, 2.742, 2.033, 2.348, 2.578, 2.39, 2.21, 4.971, 6.352, 4.835, 4.789, 5.533, 5.225, 4.589, 4.592, 3.71, 3.816, 6.867, 9.665, 7.058, 3.956, 3.826, 4.202, 3.394, 3.423, 4.026, 4.052, 3.759, 3.919, 4.779, 5.133, 4.939, 5.926, 5.665, 5.421, 4.526, 4.833, 6.246, 7.876, 7.606, 8.127, 7.989, 7.889, 8.037, 6.735, 5.853, 3.026, 5.063, 8.53, 10.233, 9.965, 9.12, 8.041, 7.918, 7.921, 8.093, 8.725, 9.193, 9.184, 9.396, 8.869, 8.544, 9.456, 9.746, 9.918, 8.444, 6.191, 6.82, 7.447, 6.985, 8.218, 9.684, 9.928, 9.892, 10.358, 11.358, 13.069, 13.92, 13.404, 12.496, 12.656, 12.544, 12.047, 10.979, 10.548, 10.176, 9.811, 10.194, 10.283, 9.857, 7.98, 5.515, 5.547, 5.925, 6.353, 6.377, 5.486, 5.567, 7.285, 8.706, 7.966, 6.967, 5.599, 4.634, 3.476, 4.122, 3.554, 2.767, 3.014, 3.968, 4.579, 4.686, 4.387, 4.054, 3.646, 2.371, 1.448, 2.217, 2.385, 2.18, 2.167, 2.482, 2.727, 3.51, 3.214, 4.273, 4.792, 3.802, 3.804, 3.853, 2.804, 3.141, 3.123, 2.984, 2.034, 1.991, 2.047, 2.554, 2.419, 1.846, 2.152, 3.301, 5.617, 6.302, 7.195, 7.957, 8.683, 11.18, 13.266, 11.815, 10.516, 10.828, 11.023, 10.733, 10.567, 11.156, 11.268, 10.754, 10.918, 12.104, 12.053, 11.743, 11.498, 9.718, 8.277, 8.852, 8.758, 6.318, 2.125, 3.743, 3.947, 4.03, 5.03, 2.432, 2.592, 2.591, 2.296, 2.792, 2.846, 2.906, 2.395, 1.571, 1.679, 2.134, 2.392, 2.328, 2.68, 2.539, 4.999, 5.525, 4.604, 3.751, 3.566, 3.261, 3.079, 3.827, 4.587, 4.32, 3.66, 3.636], [9.307, 8.563, 6.8, 4.477, 2.438, 1.878, 1.843, 1.252, 0.0, 1.98, 5.081, 6.975, 7.419, 6.365, 4.079, 4.028, 4.112, 3.149, 2.101, 2.85, 3.058, 3.617, 3.762, 3.725, 2.105, 1.716, 1.534, 1.56, 1.506, 1.498, 2.772, 2.889, 2.166, 1.813, 2.38, 1.983, 1.854, 4.823, 6.248, 4.752, 4.611, 5.38, 5.142, 4.658, 4.395, 3.579, 3.736, 6.658, 9.456, 6.849, 3.937, 3.872, 4.235, 3.391, 3.425, 4.052, 3.995, 3.71, 3.906, 4.735, 5.066, 4.886, 5.855, 5.599, 5.37, 4.494, 4.807, 6.173, 7.787, 7.496, 7.847, 7.455, 7.492, 7.553, 6.66, 5.851, 2.935, 4.831, 8.165, 9.859, 9.673, 8.567, 7.845, 8.019, 7.995, 7.921, 8.667, 9.064, 9.007, 9.318, 9.056, 8.226, 9.272, 9.854, 10.141, 8.673, 6.345, 6.966, 7.652, 6.959, 8.189, 9.779, 9.982, 9.75, 10.334, 11.51, 13.313, 14.16, 13.66, 12.74, 12.872, 12.732, 12.244, 11.039, 10.603, 10.094, 9.449, 10.339, 10.457, 10.079, 8.166, 5.514, 5.209, 5.916, 6.474, 6.528, 5.395, 5.631, 7.296, 8.92, 8.181, 6.999, 5.099, 4.196, 3.347, 4.34, 3.318, 2.791, 2.735, 3.461, 4.174, 4.498, 4.195, 3.94, 3.29, 2.34, 1.331, 2.085, 2.266, 2.072, 1.717, 1.863, 2.444, 3.226, 2.887, 4.327, 4.749, 3.992, 3.71, 3.559, 2.544, 2.987, 2.822, 2.698, 1.946, 1.809, 1.899, 2.459, 2.586, 1.605, 2.188, 3.469, 5.823, 6.553, 7.448, 8.182, 8.937, 11.449, 13.486, 12.014, 10.724, 11.045, 11.249, 10.995, 10.794, 11.422, 11.52, 11.02, 11.15, 12.348, 12.263, 11.993, 11.748, 9.973, 8.518, 9.061, 8.974, 6.571, 2.34, 3.153, 3.504, 3.646, 4.697, 2.284, 2.572, 2.66, 2.556, 3.105, 3.229, 3.197, 2.145, 1.455, 1.759, 2.411, 2.634, 2.5, 2.727, 2.799, 5.309, 5.843, 4.958, 4.132, 3.987, 3.673, 3.28, 3.911, 5.052, 4.851, 4.145, 4.075], [8.888, 8.288, 6.861, 5.108, 3.253, 2.779, 2.5, 1.839, 1.98, 0.0, 3.404, 5.317, 5.789, 4.747, 2.7, 3.038, 3.214, 3.066, 3.293, 3.09, 3.672, 4.799, 4.556, 4.478, 3.206, 3.291, 2.288, 2.09, 2.61, 2.285, 1.788, 2.02, 1.605, 2.449, 3.644, 3.363, 3.472, 6.398, 7.749, 6.171, 6.187, 6.971, 6.677, 6.022, 5.961, 5.105, 5.327, 8.294, 11.092, 8.486, 5.368, 5.232, 5.775, 4.846, 4.917, 5.546, 5.384, 5.11, 5.248, 6.042, 6.47, 6.187, 7.184, 6.776, 6.458, 5.728, 6.137, 7.309, 8.815, 8.581, 8.818, 8.172, 8.185, 8.357, 7.901, 7.385, 4.409, 6.374, 8.491, 9.699, 9.862, 9.329, 8.749, 7.85, 7.533, 7.434, 7.736, 8.14, 8.444, 8.396, 7.98, 7.786, 8.585, 8.657, 8.716, 7.141, 5.076, 5.591, 6.262, 5.847, 7.121, 8.481, 8.909, 8.909, 9.229, 10.171, 11.711, 12.557, 12.034, 11.094, 11.255, 11.178, 10.746, 9.87, 9.582, 9.258, 9.185, 9.094, 8.971, 8.58, 6.715, 4.769, 5.09, 5.193, 5.616, 5.657, 5.024, 4.647, 6.277, 7.578, 6.749, 5.819, 4.921, 4.801, 2.956, 3.063, 3.408, 3.681, 3.827, 3.552, 3.823, 3.715, 3.331, 3.093, 3.272, 3.098, 2.559, 3.48, 3.524, 3.46, 2.876, 2.752, 3.68, 4.757, 4.38, 5.647, 6.024, 4.937, 4.754, 5.044, 3.915, 3.773, 4.111, 3.239, 2.419, 2.519, 1.853, 2.356, 2.764, 1.689, 1.548, 2.404, 4.419, 5.033, 5.844, 6.552, 7.431, 9.939, 11.958, 10.457, 9.139, 9.451, 9.601, 9.393, 9.269, 9.796, 9.917, 9.395, 9.601, 10.786, 10.754, 10.409, 10.152, 8.35, 6.983, 7.542, 7.466, 5.017, 1.645, 4.131, 4.705, 5.103, 6.156, 3.137, 1.903, 2.011, 1.496, 1.478, 1.588, 1.578, 1.366, 1.513, 1.569, 1.526, 1.928, 1.798, 1.588, 1.229, 3.672, 4.141, 3.371, 2.561, 2.564, 2.085, 1.91, 3.323, 5.395, 5.354, 4.456, 4.546], [7.581, 6.994, 5.941, 4.99, 4.338, 5.154, 4.488, 4.79, 5.081, 3.404, 0.0, 2.47, 2.943, 1.853, 1.917, 2.926, 2.974, 3.711, 4.729, 3.916, 4.215, 5.409, 4.97, 4.831, 4.22, 6.184, 5.443, 5.127, 5.931, 5.555, 4.43, 3.749, 3.856, 4.877, 5.054, 4.956, 6.759, 9.644, 11.015, 9.459, 9.491, 10.257, 9.897, 8.931, 9.199, 8.252, 8.367, 11.54, 14.338, 11.732, 8.604, 8.372, 8.601, 6.809, 5.836, 6.175, 6.048, 6.088, 6.284, 6.587, 6.905, 6.922, 7.543, 7.041, 6.694, 6.12, 6.525, 7.572, 8.899, 8.852, 9.011, 8.167, 8.131, 8.277, 8.325, 7.802, 5.913, 6.985, 8.448, 9.293, 9.745, 9.449, 8.825, 7.641, 7.431, 7.111, 6.756, 6.652, 7.069, 6.891, 6.847, 6.914, 7.298, 7.594, 6.82, 5.508, 4.077, 3.936, 3.919, 4.825, 6.087, 6.506, 7.562, 7.624, 7.083, 7.704, 8.877, 9.554, 9.139, 8.143, 8.275, 8.432, 8.285, 8.146, 7.701, 7.935, 8.459, 7.737, 6.74, 6.021, 4.729, 4.461, 4.853, 4.837, 4.903, 4.83, 4.703, 4.017, 4.539, 5.458, 4.744, 4.164, 4.444, 4.977, 3.491, 2.855, 3.324, 4.857, 5.328, 4.223, 3.611, 3.315, 2.89, 2.928, 3.597, 4.199, 5.357, 6.567, 6.402, 5.92, 5.273, 5.748, 6.723, 8.028, 7.722, 8.954, 9.346, 8.031, 7.948, 8.321, 7.234, 7.085, 7.356, 6.504, 5.638, 5.785, 5.115, 5.51, 6.005, 4.973, 4.023, 3.07, 3.131, 3.201, 3.393, 3.754, 4.741, 7.023, 8.822, 7.328, 6.548, 6.67, 6.643, 6.763, 6.872, 7.075, 6.745, 6.209, 6.423, 7.599, 7.661, 7.221, 6.97, 5.161, 3.899, 4.39, 4.339, 2.519, 3.641, 7.308, 7.951, 8.348, 9.402, 6.351, 3.405, 3.009, 2.833, 2.414, 2.398, 2.24, 3.244, 4.24, 4.37, 4.009, 4.35, 4.278, 4.086, 2.896, 1.566, 1.268, 1.637, 2.036, 2.452, 2.592, 3.354, 5.602, 8.102, 8.107, 7.171, 7.612], [6.018, 5.613, 4.608, 4.248, 6.308, 7.132, 6.442, 6.737, 6.975, 5.317, 2.47, 0.0, 0.923, 1.006, 3.211, 3.53, 3.491, 5.016, 6.294, 5.079, 4.86, 5.687, 5.02, 4.789, 5.612, 8.136, 7.395, 7.06, 7.904, 7.537, 6.36, 5.703, 5.748, 6.34, 6.163, 6.536, 8.741, 11.672, 13.015, 11.459, 11.491, 12.257, 11.897, 10.959, 11.222, 10.251, 10.367, 13.568, 16.366, 13.759, 10.632, 10.4, 10.629, 8.759, 6.846, 7.031, 7.025, 7.097, 7.493, 7.32, 7.262, 7.413, 7.624, 6.961, 6.804, 6.698, 7.015, 7.063, 8.092, 8.5, 8.536, 7.367, 7.392, 7.596, 7.964, 8.424, 7.473, 7.057, 7.689, 8.281, 8.761, 8.593, 7.978, 6.914, 6.613, 6.184, 5.645, 5.399, 5.425, 5.118, 5.224, 5.527, 5.818, 6.07, 5.401, 4.035, 2.985, 2.64, 2.489, 3.833, 4.619, 4.756, 5.973, 6.172, 5.14, 5.628, 6.673, 7.417, 6.888, 6.079, 6.139, 6.389, 6.5, 6.332, 5.937, 6.238, 6.997, 6.453, 5.319, 4.261, 3.413, 4.028, 4.747, 4.293, 4.126, 4.118, 3.995, 3.08, 2.861, 3.67, 2.991, 2.553, 4.348, 5.532, 4.391, 3.229, 4.365, 6.489, 6.729, 5.279, 4.206, 3.421, 3.43, 3.591, 4.373, 5.916, 7.19, 8.481, 8.329, 7.834, 6.998, 7.24, 8.355, 9.732, 9.602, 10.907, 11.257, 9.967, 9.711, 10.133, 9.207, 9.069, 9.384, 8.513, 7.651, 7.789, 7.115, 7.511, 7.99, 6.92, 5.837, 4.442, 3.104, 2.976, 2.582, 2.022, 3.094, 4.881, 6.846, 5.286, 4.72, 4.378, 4.57, 4.831, 5.039, 5.385, 4.964, 4.307, 4.479, 5.632, 5.678, 5.258, 4.974, 3.182, 2.306, 2.563, 2.52, 2.081, 5.495, 9.328, 9.979, 10.376, 11.43, 8.379, 5.285, 4.885, 4.818, 4.528, 4.555, 4.234, 5.102, 6.011, 6.384, 6.008, 6.502, 6.373, 6.007, 4.859, 2.329, 1.858, 3.122, 4.14, 4.46, 4.7, 5.561, 7.814, 10.205, 10.203, 9.292, 9.603], [5.846, 5.375, 4.32, 4.347, 6.759, 7.603, 6.92, 7.195, 7.419, 5.789, 2.943, 0.923, 0.0, 1.335, 3.582, 3.854, 3.795, 5.433, 6.69, 5.466, 5.147, 5.892, 5.167, 5.045, 6.083, 8.596, 7.866, 7.532, 8.353, 8.007, 6.794, 6.135, 6.174, 6.751, 6.505, 6.954, 9.219, 12.151, 13.486, 11.93, 11.962, 12.729, 12.368, 11.438, 11.702, 10.722, 10.842, 14.047, 16.845, 14.239, 11.111, 10.879, 11.108, 9.238, 7.281, 7.454, 7.442, 7.53, 7.869, 7.589, 7.289, 7.454, 7.637, 6.846, 6.685, 6.754, 7.271, 6.87, 7.792, 8.28, 8.256, 7.065, 7.091, 7.3, 7.76, 8.759, 7.952, 6.906, 7.389, 7.957, 8.43, 8.282, 7.676, 6.615, 6.306, 5.853, 5.325, 5.092, 5.298, 4.996, 5.097, 5.317, 5.631, 5.881, 5.244, 3.83, 2.843, 2.474, 2.267, 3.51, 4.451, 4.618, 5.846, 6.005, 4.96, 5.269, 6.352, 7.098, 6.513, 5.801, 5.99, 6.249, 6.349, 6.14, 5.783, 6.106, 6.837, 6.186, 5.13, 4.11, 3.104, 3.99, 4.616, 4.084, 3.851, 3.896, 3.758, 2.888, 2.731, 3.528, 2.868, 2.687, 4.424, 5.649, 4.691, 3.543, 4.733, 6.885, 7.06, 5.566, 4.453, 3.636, 3.753, 3.809, 4.724, 6.325, 7.601, 8.943, 8.808, 8.254, 7.401, 7.593, 8.769, 10.174, 10.079, 11.328, 11.723, 10.487, 10.126, 10.528, 9.653, 9.527, 9.863, 8.992, 8.13, 8.269, 7.587, 7.988, 8.457, 7.392, 6.285, 4.839, 2.945, 2.814, 2.386, 1.615, 2.964, 4.499, 6.398, 4.922, 4.517, 4.05, 4.234, 4.575, 4.798, 5.118, 4.673, 3.951, 4.161, 5.242, 5.22, 4.812, 4.533, 2.902, 2.269, 2.029, 2.368, 2.264, 5.967, 9.807, 10.458, 10.855, 11.909, 8.858, 5.764, 5.364, 5.297, 4.978, 5.003, 4.651, 5.558, 6.459, 6.863, 6.49, 6.985, 6.861, 6.486, 5.352, 2.783, 2.225, 3.615, 4.614, 4.967, 5.182, 6.064, 8.268, 10.683, 10.699, 9.789, 10.119], [6.441, 5.94, 4.891, 4.272, 5.724, 6.568, 5.89, 6.16, 6.365, 4.747, 1.853, 1.006, 1.335, 0.0, 2.564, 2.893, 2.854, 4.388, 5.667, 4.45, 4.324, 5.238, 4.654, 4.479, 5.063, 7.569, 6.831, 6.496, 7.318, 6.972, 5.744, 5.088, 5.131, 5.723, 5.624, 5.912, 8.186, 11.125, 12.451, 10.895, 10.927, 11.693, 11.333, 10.412, 10.675, 9.696, 9.816, 13.021, 15.818, 13.212, 10.085, 9.852, 10.082, 8.212, 6.418, 6.576, 6.474, 6.578, 6.911, 6.885, 6.795, 7.001, 7.206, 6.658, 6.494, 6.359, 6.657, 6.941, 8.091, 8.356, 8.393, 7.364, 7.361, 7.508, 7.794, 8.08, 6.926, 6.7, 7.63, 8.401, 8.867, 8.642, 8.017, 6.876, 6.609, 6.246, 5.803, 5.642, 5.917, 5.651, 5.696, 5.878, 6.195, 6.462, 5.776, 4.403, 3.059, 2.793, 2.709, 3.942, 5.014, 5.221, 6.417, 6.564, 5.662, 6.151, 7.256, 7.956, 7.457, 6.544, 6.679, 6.872, 7.048, 6.867, 6.466, 6.753, 7.402, 6.729, 5.637, 4.745, 3.662, 3.702, 4.359, 4.136, 4.056, 4.023, 3.933, 3.124, 3.351, 4.181, 3.457, 2.994, 3.923, 5.035, 3.743, 2.841, 3.73, 5.865, 6.055, 4.59, 3.601, 2.93, 2.818, 2.984, 3.758, 5.297, 6.559, 7.917, 7.782, 7.221, 6.382, 6.656, 7.801, 9.14, 9.033, 10.282, 10.687, 9.386, 9.067, 9.496, 8.603, 8.491, 8.837, 7.965, 7.103, 7.242, 6.559, 6.961, 7.431, 6.356, 5.264, 3.818, 2.691, 2.547, 2.459, 2.352, 3.572, 5.422, 7.371, 5.801, 5.18, 4.987, 4.995, 5.278, 5.491, 5.752, 5.431, 4.814, 5.001, 6.174, 6.174, 5.784, 5.52, 3.768, 2.767, 2.947, 3.108, 1.784, 4.931, 8.781, 9.432, 9.829, 10.883, 7.832, 4.738, 4.338, 4.271, 3.851, 3.913, 3.582, 4.504, 5.439, 5.837, 5.425, 5.927, 5.745, 5.461, 4.323, 1.873, 1.407, 2.487, 3.518, 3.888, 4.062, 4.947, 7.205, 9.61, 9.605, 8.689, 9.085], [6.476, 5.871, 4.687, 3.544, 3.249, 4.211, 3.686, 3.885, 4.079, 2.7, 1.917, 3.211, 3.582, 2.564, 0.0, 1.314, 1.705, 2.505, 3.352, 2.366, 2.57, 3.759, 3.376, 3.335, 2.782, 5.139, 4.327, 4.035, 4.889, 4.497, 3.416, 2.918, 2.777, 3.379, 3.348, 3.485, 5.85, 8.781, 10.146, 8.483, 8.413, 9.191, 8.818, 7.918, 8.182, 7.202, 7.359, 10.527, 13.342, 10.718, 7.591, 7.359, 7.588, 5.77, 4.536, 4.875, 4.461, 4.455, 4.575, 4.964, 5.216, 5.186, 5.93, 5.404, 5.069, 4.591, 5.095, 5.942, 7.271, 7.194, 7.348, 6.542, 6.504, 6.663, 6.683, 6.49, 4.6, 5.393, 6.845, 7.758, 8.142, 7.791, 7.179, 6.132, 5.89, 5.657, 5.596, 5.7, 6.0, 5.991, 5.696, 5.506, 6.152, 6.363, 6.213, 4.764, 2.89, 3.274, 3.648, 3.436, 4.778, 6.118, 6.605, 6.484, 6.71, 7.733, 9.383, 10.202, 9.72, 8.841, 8.992, 8.887, 8.326, 7.517, 7.366, 6.819, 7.042, 6.718, 6.581, 6.068, 4.277, 2.941, 3.283, 3.279, 3.475, 3.67, 3.202, 2.824, 3.886, 5.045, 4.306, 3.338, 2.937, 3.24, 1.83, 1.792, 2.132, 3.449, 3.655, 2.552, 2.04, 1.823, 1.698, 1.519, 2.169, 3.043, 4.275, 5.489, 5.288, 4.8, 3.985, 4.186, 5.296, 6.678, 6.705, 7.968, 8.3, 7.374, 7.042, 7.217, 6.082, 5.998, 6.343, 5.472, 4.634, 4.749, 4.073, 4.567, 5.136, 3.951, 2.954, 1.661, 2.032, 2.699, 3.496, 4.303, 5.022, 7.521, 9.528, 8.199, 6.928, 7.153, 7.362, 7.104, 6.822, 7.473, 7.543, 7.069, 7.163, 8.397, 8.308, 8.011, 7.778, 6.034, 4.595, 5.083, 5.037, 2.59, 2.46, 6.287, 6.938, 7.348, 8.389, 5.503, 2.25, 2.171, 1.996, 2.354, 2.591, 2.445, 2.274, 3.0, 3.482, 3.495, 4.114, 3.616, 3.328, 2.597, 2.501, 2.622, 2.372, 2.524, 3.301, 3.466, 3.543, 5.798, 7.989, 7.938, 7.042, 7.128], [5.978, 5.379, 4.062, 2.583, 3.143, 4.2, 3.723, 3.971, 4.028, 3.038, 2.926, 3.53, 3.854, 2.893, 1.314, 0.0, 1.158, 2.387, 3.193, 1.983, 1.957, 3.07, 2.715, 2.475, 2.574, 5.05, 4.196, 3.905, 4.87, 4.384, 3.564, 3.2, 2.708, 3.304, 3.124, 3.378, 5.755, 8.688, 10.091, 8.556, 8.363, 9.038, 8.654, 7.748, 8.011, 7.032, 7.213, 10.357, 13.182, 10.548, 7.42, 7.188, 7.418, 5.599, 4.037, 4.269, 3.986, 4.077, 4.358, 4.415, 4.48, 4.608, 5.067, 4.454, 4.187, 4.027, 4.568, 4.88, 6.069, 6.183, 6.225, 5.449, 5.341, 5.515, 5.636, 5.865, 4.416, 4.664, 5.657, 6.87, 7.046, 6.603, 6.007, 5.216, 4.92, 4.765, 5.149, 5.294, 5.59, 5.715, 5.393, 4.916, 5.659, 5.963, 6.169, 4.83, 2.584, 3.116, 3.666, 3.202, 4.4, 6.001, 6.274, 6.12, 6.533, 7.64, 9.534, 10.368, 9.883, 8.996, 9.163, 9.019, 8.445, 7.356, 7.233, 6.451, 6.307, 6.451, 6.726, 6.209, 4.321, 2.242, 2.523, 2.566, 2.955, 3.267, 2.561, 2.224, 3.762, 4.944, 4.304, 3.16, 2.291, 2.571, 1.329, 1.62, 1.898, 3.181, 3.398, 1.919, 1.306, 1.191, 1.311, 1.151, 1.691, 3.023, 4.278, 5.379, 5.118, 4.675, 3.84, 4.013, 5.144, 6.568, 6.631, 7.985, 8.388, 7.47, 7.117, 7.092, 5.916, 5.832, 6.173, 5.301, 4.469, 4.596, 3.996, 4.602, 5.275, 3.85, 2.821, 2.071, 2.043, 2.754, 3.656, 4.468, 5.158, 7.638, 9.678, 8.303, 7.031, 7.288, 7.523, 7.227, 6.962, 7.617, 7.671, 7.214, 7.297, 8.538, 8.454, 8.136, 7.941, 6.205, 4.746, 5.254, 5.175, 2.827, 2.592, 6.137, 6.768, 7.202, 8.219, 5.46, 2.173, 2.523, 2.3, 2.949, 3.547, 3.497, 2.487, 2.971, 3.587, 3.886, 4.436, 3.887, 3.715, 3.524, 3.311, 3.355, 3.162, 3.691, 4.311, 4.436, 4.373, 6.222, 8.23, 8.161, 7.272, 7.315], [6.359, 5.741, 4.488, 3.018, 3.405, 4.273, 3.65, 3.914, 4.112, 3.214, 2.974, 3.491, 3.795, 2.854, 1.705, 1.158, 0.0, 2.082, 3.179, 2.02, 1.865, 2.878, 2.626, 2.41, 2.69, 5.124, 4.335, 4.115, 4.94, 4.465, 3.732, 3.212, 2.811, 3.387, 3.095, 3.444, 5.841, 8.77, 10.165, 8.59, 8.484, 9.109, 8.749, 7.901, 8.164, 7.2, 7.322, 10.502, 13.307, 10.695, 7.573, 7.337, 7.571, 5.7, 4.158, 4.257, 4.09, 4.146, 4.481, 4.506, 4.458, 4.68, 4.962, 4.452, 4.331, 4.129, 4.446, 4.869, 6.343, 6.186, 6.336, 5.792, 5.771, 5.926, 5.502, 5.829, 4.535, 4.394, 6.062, 7.358, 7.539, 6.852, 6.283, 5.43, 5.215, 5.114, 5.394, 5.602, 5.852, 5.972, 5.523, 5.263, 5.972, 6.187, 6.107, 4.894, 2.728, 3.115, 3.682, 3.446, 4.669, 6.093, 6.327, 6.336, 6.712, 7.648, 9.428, 10.232, 9.745, 8.868, 9.039, 8.919, 8.408, 7.6, 7.362, 6.748, 6.747, 6.581, 6.601, 6.117, 4.488, 2.623, 3.005, 2.936, 3.141, 3.316, 2.852, 2.493, 3.957, 4.881, 4.272, 3.337, 2.88, 3.097, 1.622, 1.919, 2.455, 3.284, 3.553, 2.412, 1.866, 1.637, 1.821, 1.736, 2.1, 3.268, 4.374, 5.511, 5.363, 4.697, 3.963, 4.157, 5.283, 6.645, 6.695, 7.921, 8.403, 7.27, 6.964, 7.092, 6.014, 5.972, 6.303, 5.454, 4.596, 4.753, 4.178, 4.577, 5.326, 3.93, 2.82, 1.981, 2.153, 2.635, 3.531, 4.403, 5.037, 7.486, 9.545, 8.151, 6.882, 7.205, 7.376, 7.133, 6.824, 7.473, 7.521, 7.047, 7.138, 8.366, 8.314, 8.011, 7.801, 6.071, 4.621, 5.161, 5.093, 2.881, 2.636, 6.286, 6.91, 7.318, 8.372, 5.456, 2.615, 2.531, 2.539, 3.102, 3.57, 3.53, 3.14, 3.143, 3.534, 3.582, 4.147, 3.584, 3.597, 3.429, 3.427, 3.428, 3.347, 3.687, 3.997, 4.168, 4.149, 5.919, 7.921, 7.87, 6.977, 7.183], [8.165, 7.54, 6.116, 4.045, 2.777, 3.036, 2.208, 2.768, 3.149, 3.066, 3.711, 5.016, 5.433, 4.388, 2.505, 2.387, 2.082, 0.0, 1.889, 1.496, 2.2, 3.063, 3.061, 3.141, 2.229, 3.832, 3.927, 3.696, 3.768, 3.305, 3.814, 3.407, 2.539, 3.155, 2.457, 2.583, 4.292, 6.962, 8.329, 6.858, 6.745, 7.39, 7.014, 6.172, 6.427, 5.453, 5.585, 8.772, 11.577, 8.966, 5.855, 5.608, 5.83, 4.081, 2.787, 3.269, 3.442, 3.1, 3.335, 3.726, 4.075, 4.151, 4.722, 4.609, 4.389, 3.547, 3.763, 5.459, 7.04, 6.702, 7.188, 6.926, 6.813, 6.9, 5.887, 4.827, 2.936, 3.888, 7.318, 8.697, 8.824, 7.987, 7.055, 6.568, 6.472, 6.531, 7.013, 7.371, 7.648, 7.696, 7.252, 6.981, 7.78, 7.89, 7.967, 6.644, 4.397, 4.861, 5.569, 5.199, 6.423, 7.747, 8.034, 8.059, 8.486, 9.372, 11.145, 11.98, 11.484, 10.565, 10.749, 10.61, 10.093, 9.21, 8.924, 8.454, 8.297, 8.357, 8.369, 7.952, 6.262, 4.051, 4.117, 4.391, 4.767, 4.891, 4.241, 4.062, 5.602, 6.755, 6.013, 5.08, 4.107, 3.533, 1.997, 2.654, 2.775, 2.615, 2.901, 2.97, 3.185, 3.07, 2.822, 2.699, 2.647, 2.635, 3.349, 4.48, 4.31, 3.594, 2.907, 3.928, 4.518, 5.029, 4.843, 6.113, 6.608, 5.479, 5.22, 5.276, 4.406, 4.773, 5.133, 4.924, 3.956, 4.072, 3.821, 4.127, 3.962, 3.586, 2.843, 2.649, 3.72, 4.385, 5.307, 6.087, 6.822, 9.268, 11.295, 9.884, 8.628, 8.894, 9.093, 8.848, 8.66, 9.29, 9.374, 8.869, 8.999, 10.188, 10.111, 9.84, 9.568, 7.842, 6.391, 6.976, 6.945, 4.528, 2.459, 5.684, 5.887, 6.12, 6.795, 4.484, 2.685, 2.666, 2.635, 3.371, 3.948, 3.841, 3.194, 2.896, 3.153, 3.518, 3.749, 3.618, 3.701, 3.675, 4.211, 4.346, 4.058, 3.992, 4.197, 4.395, 4.292, 5.312, 6.345, 6.132, 5.321, 5.359], [8.584, 7.802, 5.95, 3.745, 2.226, 2.114, 1.944, 2.277, 2.101, 3.293, 4.729, 6.294, 6.69, 5.667, 3.352, 3.193, 3.179, 1.889, 0.0, 1.694, 2.199, 2.466, 2.654, 2.999, 1.508, 2.363, 2.576, 2.723, 2.657, 2.533, 3.818, 3.465, 2.585, 1.953, 1.672, 1.305, 2.921, 5.784, 7.194, 5.588, 5.438, 6.136, 5.768, 4.915, 5.176, 4.209, 4.325, 7.519, 10.32, 7.713, 4.82, 4.435, 4.607, 2.765, 1.995, 2.643, 2.902, 2.486, 2.785, 3.537, 3.808, 3.658, 4.646, 4.43, 4.182, 3.334, 3.722, 5.144, 6.72, 6.348, 6.831, 6.643, 6.516, 6.574, 5.552, 4.544, 1.888, 3.396, 7.305, 9.004, 8.84, 7.658, 6.787, 6.969, 7.006, 7.055, 7.806, 8.14, 7.981, 8.388, 8.105, 7.249, 8.37, 8.821, 9.07, 7.684, 5.364, 6.002, 6.62, 6.124, 7.335, 8.888, 9.085, 8.808, 9.457, 10.529, 12.395, 13.229, 12.751, 11.852, 12.007, 11.862, 11.297, 10.141, 9.757, 9.115, 8.491, 9.281, 9.56, 9.119, 7.256, 4.589, 4.261, 4.908, 5.462, 5.634, 4.504, 4.838, 6.393, 7.87, 7.155, 6.063, 4.19, 3.326, 2.622, 3.634, 2.872, 2.262, 2.265, 3.044, 3.426, 3.77, 3.617, 3.192, 2.646, 1.913, 2.357, 3.252, 3.152, 2.455, 1.735, 2.771, 3.128, 3.875, 3.758, 5.029, 5.399, 4.83, 4.373, 4.179, 3.218, 3.935, 3.829, 4.073, 3.155, 3.222, 3.293, 3.888, 3.605, 3.179, 2.767, 2.998, 4.837, 5.548, 6.523, 7.332, 8.06, 10.498, 12.549, 11.186, 9.864, 10.15, 10.377, 10.062, 9.852, 10.521, 10.536, 10.076, 10.162, 11.404, 11.331, 11.009, 10.815, 9.079, 7.643, 8.196, 8.173, 5.661, 2.483, 4.399, 4.626, 4.647, 5.56, 3.622, 2.442, 2.74, 2.944, 3.725, 4.423, 4.272, 3.235, 2.351, 2.683, 3.587, 3.642, 3.399, 3.691, 3.862, 5.235, 5.518, 5.132, 4.567, 4.604, 4.698, 4.555, 5.251, 6.003, 5.773, 5.063, 5.003], [7.361, 6.767, 5.361, 3.38, 2.524, 3.078, 2.752, 2.786, 2.85, 3.09, 3.916, 5.079, 5.466, 4.45, 2.366, 1.983, 2.02, 1.496, 1.694, 0.0, 1.387, 2.463, 2.756, 2.663, 1.507, 3.685, 3.291, 2.904, 3.465, 2.918, 3.297, 2.914, 2.128, 2.416, 1.974, 1.977, 4.282, 7.3, 8.702, 7.16, 6.956, 7.435, 7.057, 6.17, 6.434, 5.47, 5.726, 8.803, 11.653, 9.022, 5.912, 5.601, 5.831, 4.158, 2.71, 3.112, 3.139, 2.828, 3.272, 3.594, 3.787, 3.86, 4.673, 4.416, 4.136, 3.388, 3.97, 5.023, 6.485, 6.139, 6.487, 6.245, 6.08, 6.169, 5.393, 4.696, 3.051, 3.772, 6.456, 7.934, 7.947, 7.225, 6.632, 6.166, 5.993, 6.092, 6.593, 6.74, 6.963, 7.205, 6.877, 6.34, 6.883, 7.494, 7.732, 6.43, 4.117, 4.652, 5.247, 4.781, 5.9, 7.557, 7.698, 7.48, 8.028, 9.214, 11.151, 11.985, 11.5, 10.587, 10.754, 10.61, 10.035, 8.9, 8.674, 7.907, 7.546, 8.014, 8.312, 7.826, 5.969, 3.507, 3.435, 3.804, 4.433, 4.713, 3.839, 3.802, 5.208, 6.508, 5.884, 4.646, 3.382, 2.762, 1.529, 2.627, 2.53, 2.3, 2.476, 2.414, 2.392, 2.476, 2.413, 2.269, 2.278, 2.742, 3.345, 4.391, 4.09, 3.463, 2.623, 3.104, 3.858, 5.17, 5.198, 6.554, 6.988, 6.096, 5.678, 5.572, 4.361, 4.291, 4.587, 4.022, 3.138, 3.475, 3.241, 3.689, 4.044, 3.051, 2.24, 2.32, 3.501, 4.338, 5.327, 6.099, 6.778, 9.255, 11.301, 9.907, 8.607, 8.904, 9.131, 8.818, 8.606, 9.268, 9.298, 8.826, 8.912, 10.154, 10.07, 9.743, 9.559, 7.826, 6.367, 6.924, 6.929, 4.443, 2.131, 4.782, 5.222, 5.715, 6.632, 4.161, 2.017, 2.327, 2.482, 3.523, 4.122, 4.005, 2.932, 2.381, 2.717, 3.436, 3.61, 3.257, 3.519, 3.7, 4.398, 4.62, 4.315, 4.173, 4.265, 4.48, 4.382, 5.306, 6.907, 6.83, 5.961, 5.977], [6.624, 5.955, 4.444, 2.341, 2.155, 3.309, 3.049, 3.269, 3.058, 3.672, 4.215, 4.86, 5.147, 4.324, 2.57, 1.957, 1.865, 2.2, 2.199, 1.387, 0.0, 1.453, 1.785, 1.536, 1.589, 3.925, 3.31, 3.125, 3.85, 3.333, 3.75, 3.309, 2.637, 2.416, 1.631, 2.223, 4.659, 7.652, 9.051, 7.542, 7.312, 7.731, 7.31, 6.458, 6.697, 5.786, 5.948, 9.048, 11.907, 9.274, 6.221, 5.864, 6.096, 4.29, 2.666, 2.84, 2.553, 2.633, 3.007, 2.938, 2.917, 3.0, 3.736, 3.322, 3.074, 2.692, 3.166, 3.849, 5.358, 5.087, 5.398, 5.053, 4.942, 5.134, 4.391, 4.272, 3.274, 3.205, 5.4, 7.057, 6.886, 6.218, 5.591, 5.403, 5.295, 5.452, 6.143, 6.237, 6.342, 6.697, 6.421, 5.688, 6.398, 7.139, 7.456, 6.027, 3.684, 4.258, 4.891, 4.203, 5.348, 7.231, 7.29, 6.879, 7.528, 8.857, 10.828, 11.649, 11.186, 10.317, 10.484, 10.34, 9.773, 8.582, 8.274, 7.464, 6.874, 7.663, 8.058, 7.467, 5.53, 2.912, 2.623, 3.331, 3.907, 4.131, 3.111, 3.251, 4.759, 6.091, 5.519, 4.245, 2.953, 2.056, 1.589, 2.86, 2.155, 2.136, 2.114, 2.13, 2.065, 2.273, 2.332, 2.287, 1.834, 2.545, 3.292, 4.247, 3.938, 3.446, 2.734, 2.916, 3.795, 5.332, 5.549, 7.109, 7.464, 6.698, 6.241, 5.911, 4.701, 4.88, 4.882, 4.413, 3.617, 3.685, 3.651, 4.486, 4.98, 3.576, 2.8, 2.582, 3.072, 3.939, 4.926, 5.81, 6.407, 8.892, 10.994, 9.624, 8.329, 8.605, 8.844, 8.557, 8.217, 8.877, 8.889, 8.429, 8.515, 9.757, 9.704, 9.376, 9.186, 7.461, 6.014, 6.523, 6.448, 4.028, 2.801, 5.283, 5.556, 6.03, 6.94, 4.686, 2.383, 2.762, 3.002, 4.078, 4.657, 4.586, 3.338, 2.684, 3.673, 4.085, 4.468, 3.88, 4.139, 4.253, 4.728, 4.996, 4.805, 4.733, 4.96, 5.132, 5.031, 6.346, 7.59, 7.467, 6.671, 6.633], [7.075, 6.233, 4.368, 2.068, 2.335, 3.622, 3.433, 3.873, 3.617, 4.799, 5.409, 5.687, 5.892, 5.238, 3.759, 3.07, 2.878, 3.063, 2.466, 2.463, 1.453, 0.0, 1.411, 1.465, 2.082, 3.695, 3.639, 3.919, 4.543, 4.169, 4.89, 4.439, 3.88, 2.984, 1.713, 2.293, 4.328, 7.298, 8.695, 7.22, 6.87, 7.158, 6.759, 5.944, 6.2, 5.272, 5.52, 8.607, 11.45, 8.881, 6.296, 5.708, 5.706, 3.995, 2.302, 2.161, 1.976, 1.975, 2.515, 2.295, 2.077, 2.136, 2.758, 2.416, 2.18, 1.857, 2.347, 2.855, 4.344, 4.01, 4.56, 4.73, 4.559, 4.42, 3.419, 3.44, 3.003, 2.321, 5.383, 7.358, 6.942, 5.72, 5.187, 5.793, 5.835, 5.891, 6.657, 6.77, 6.803, 7.236, 7.002, 6.02, 6.81, 7.686, 7.983, 6.611, 4.322, 4.926, 5.497, 4.849, 5.934, 7.764, 7.849, 7.382, 8.085, 9.402, 11.355, 12.182, 11.712, 10.849, 11.012, 10.868, 10.302, 9.085, 8.742, 7.919, 7.148, 8.198, 8.581, 8.031, 6.196, 3.502, 3.145, 3.812, 4.433, 4.599, 3.501, 3.839, 5.336, 6.722, 6.079, 4.969, 3.439, 2.201, 2.592, 3.853, 3.01, 2.457, 1.984, 2.56, 2.68, 3.094, 3.262, 3.287, 2.568, 2.54, 3.105, 3.893, 3.547, 3.003, 2.607, 2.951, 3.353, 4.779, 5.411, 6.913, 7.303, 6.992, 6.476, 5.842, 4.836, 5.642, 5.484, 5.577, 4.735, 4.65, 4.794, 5.657, 5.886, 4.659, 3.994, 3.775, 3.86, 4.639, 5.582, 6.405, 6.985, 9.453, 11.544, 10.154, 8.858, 9.164, 9.397, 9.086, 8.808, 9.465, 9.497, 9.01, 9.097, 10.338, 10.267, 9.936, 9.766, 8.04, 6.637, 7.142, 7.144, 4.95, 3.87, 5.737, 5.994, 6.142, 7.039, 5.62, 3.558, 3.956, 4.126, 5.155, 5.777, 5.684, 4.358, 3.849, 4.794, 5.296, 5.642, 5.107, 5.371, 5.468, 5.952, 6.099, 5.983, 5.84, 6.165, 6.311, 6.21, 7.469, 8.236, 7.976, 7.329, 7.247], [6.824, 6.006, 4.06, 1.944, 2.559, 3.577, 3.474, 3.857, 3.762, 4.556, 4.97, 5.02, 5.167, 4.654, 3.376, 2.715, 2.626, 3.061, 2.654, 2.756, 1.785, 1.411, 0.0, 1.305, 2.465, 3.882, 3.781, 4.295, 4.809, 4.757, 5.207, 4.73, 3.953, 3.065, 2.055, 2.615, 4.63, 7.452, 8.836, 7.215, 7.054, 7.752, 7.371, 6.524, 6.779, 5.83, 5.918, 9.11, 11.908, 9.327, 6.718, 6.215, 6.26, 4.453, 2.715, 2.624, 2.536, 2.563, 2.922, 2.778, 2.508, 2.64, 3.107, 2.486, 2.3, 2.18, 2.675, 2.94, 4.376, 4.108, 4.587, 4.619, 4.526, 4.464, 3.532, 3.995, 3.412, 2.571, 5.448, 7.283, 6.958, 5.605, 4.822, 5.302, 5.42, 5.458, 6.235, 6.511, 6.395, 6.735, 6.504, 5.668, 6.774, 7.246, 7.48, 6.037, 3.888, 4.507, 4.977, 4.441, 5.67, 7.347, 7.571, 7.242, 7.862, 8.951, 10.784, 11.621, 11.14, 10.254, 10.411, 10.295, 9.716, 8.592, 8.192, 7.53, 6.793, 7.694, 7.978, 7.537, 5.518, 3.052, 2.811, 3.322, 3.926, 4.031, 2.879, 3.181, 4.775, 6.295, 5.613, 4.638, 3.303, 2.339, 2.402, 3.419, 2.726, 2.597, 2.533, 2.646, 2.521, 3.032, 3.052, 2.796, 2.161, 2.269, 3.082, 4.046, 3.883, 3.407, 3.123, 3.431, 3.848, 5.297, 5.569, 6.931, 7.258, 6.97, 6.469, 6.072, 5.263, 6.233, 6.097, 5.956, 5.09, 4.874, 4.792, 5.933, 5.975, 5.014, 4.307, 3.598, 3.401, 4.006, 4.954, 5.744, 6.473, 8.924, 10.96, 9.609, 8.256, 8.531, 8.77, 8.474, 8.215, 8.866, 8.899, 8.445, 8.525, 9.766, 9.749, 9.37, 9.203, 7.468, 6.054, 6.569, 6.505, 4.266, 4.092, 6.455, 6.697, 6.61, 7.653, 5.838, 3.537, 4.019, 4.019, 4.933, 5.504, 5.433, 4.304, 3.945, 4.892, 5.242, 5.675, 5.106, 5.215, 5.257, 5.45, 5.563, 5.466, 5.579, 5.939, 6.072, 5.996, 7.485, 8.193, 7.875, 7.249, 7.209], [6.355, 5.544, 3.972, 1.739, 2.286, 3.735, 3.564, 3.857, 3.725, 4.478, 4.831, 4.789, 5.045, 4.479, 3.335, 2.475, 2.41, 3.141, 2.999, 2.663, 1.536, 1.465, 1.305, 0.0, 2.279, 4.149, 3.843, 4.029, 4.675, 4.503, 4.886, 4.401, 3.701, 2.811, 2.035, 2.652, 4.926, 7.822, 9.201, 7.606, 7.32, 7.888, 7.475, 6.59, 6.858, 5.923, 5.992, 9.199, 11.982, 9.463, 6.682, 6.085, 6.318, 4.554, 2.909, 2.729, 2.688, 2.728, 3.101, 2.745, 2.564, 2.764, 3.051, 2.476, 2.389, 2.283, 2.783, 2.843, 4.39, 4.184, 4.455, 4.249, 4.23, 4.356, 3.559, 3.978, 3.53, 2.747, 4.963, 6.832, 6.544, 5.435, 4.891, 5.13, 5.166, 5.238, 6.001, 6.202, 6.162, 6.524, 6.27, 5.379, 6.454, 7.037, 7.345, 5.882, 3.589, 4.23, 4.78, 4.062, 5.333, 7.131, 7.3, 6.888, 7.553, 8.746, 10.671, 11.491, 11.024, 10.165, 10.332, 10.188, 9.638, 8.439, 8.074, 7.328, 6.607, 7.509, 7.903, 7.359, 5.342, 2.8, 2.594, 3.143, 3.754, 3.926, 2.81, 2.957, 4.623, 6.065, 5.409, 4.59, 3.041, 1.982, 2.347, 3.266, 2.407, 2.459, 2.511, 2.367, 2.31, 2.781, 2.892, 2.788, 2.012, 2.653, 3.453, 4.147, 4.167, 3.509, 3.176, 3.335, 3.989, 5.448, 5.793, 7.511, 7.787, 7.209, 6.845, 6.422, 5.125, 6.038, 5.838, 5.612, 4.782, 4.594, 4.584, 5.578, 5.975, 4.639, 4.015, 3.456, 3.279, 3.872, 4.78, 5.645, 6.274, 8.761, 10.867, 9.481, 8.177, 8.453, 8.692, 8.405, 8.084, 8.734, 8.747, 8.274, 8.361, 9.602, 9.599, 9.241, 9.05, 7.361, 6.014, 6.387, 6.259, 4.301, 3.861, 5.923, 6.247, 6.365, 7.467, 5.56, 3.286, 3.754, 3.782, 4.843, 5.398, 5.346, 4.055, 3.717, 4.705, 5.074, 5.501, 4.899, 5.047, 5.126, 5.196, 5.292, 5.215, 5.477, 5.856, 6.001, 5.916, 7.364, 8.309, 8.041, 7.382, 7.342], [7.66, 6.871, 5.105, 2.899, 1.899, 2.564, 2.343, 2.571, 2.105, 3.206, 4.22, 5.612, 6.083, 5.063, 2.782, 2.574, 2.69, 2.229, 1.508, 1.507, 1.589, 2.082, 2.465, 2.279, 0.0, 2.774, 2.592, 2.59, 3.084, 2.767, 3.571, 3.153, 2.479, 1.641, 1.348, 1.221, 3.503, 6.321, 7.796, 6.267, 6.025, 6.686, 6.302, 5.356, 5.619, 4.656, 4.795, 7.968, 10.765, 8.16, 5.286, 4.864, 5.037, 3.323, 2.144, 2.586, 2.459, 2.373, 2.465, 3.212, 3.547, 3.379, 4.341, 4.062, 3.836, 2.963, 3.321, 4.64, 6.266, 5.966, 6.372, 5.995, 5.975, 6.031, 5.128, 4.27, 2.312, 3.497, 6.566, 8.255, 8.14, 7.038, 6.492, 6.646, 6.58, 6.457, 7.225, 7.479, 7.447, 7.792, 7.558, 6.618, 7.677, 8.309, 8.625, 7.179, 4.838, 5.42, 6.102, 5.376, 6.606, 8.351, 8.506, 8.165, 8.771, 9.993, 11.895, 12.722, 12.251, 11.385, 11.549, 11.405, 10.852, 9.653, 9.279, 8.558, 7.875, 8.804, 9.118, 8.577, 6.649, 4.035, 3.649, 4.375, 4.963, 5.112, 4.041, 4.16, 5.854, 7.353, 6.662, 5.449, 3.466, 2.808, 2.185, 3.242, 2.48, 2.129, 1.947, 2.261, 2.639, 3.043, 2.912, 2.731, 2.027, 2.13, 2.501, 3.285, 3.243, 2.529, 1.905, 2.219, 3.095, 4.201, 4.381, 6.068, 6.305, 5.798, 5.483, 5.051, 3.867, 4.413, 4.189, 4.048, 3.172, 3.25, 3.179, 3.756, 4.208, 2.894, 2.526, 2.468, 4.261, 5.058, 6.006, 6.86, 7.505, 9.992, 12.087, 10.694, 9.395, 9.676, 9.909, 9.62, 9.315, 9.968, 10.026, 9.566, 9.653, 10.894, 10.824, 10.495, 10.295, 8.559, 7.1, 7.608, 7.507, 5.026, 2.175, 4.205, 4.739, 4.929, 6.009, 3.892, 1.903, 2.277, 2.599, 3.593, 4.201, 4.124, 2.891, 2.283, 2.783, 3.461, 3.674, 3.261, 3.479, 3.69, 4.734, 4.97, 4