[[0.0, 1.629, 1.722, 2.544, 2.912, 2.796, 2.668, 3.522, 4.892, 6.335, 6.369, 5.834, 5.398, 5.943, 5.544, 3.957, 3.543, 2.935, 2.847, 3.11, 3.192, 3.491, 2.744, 2.438, 2.456, 2.342, 3.219, 3.416, 3.133, 3.783, 3.281, 3.555, 3.283, 2.795, 2.567, 3.56, 4.491, 5.329, 5.217, 5.175, 5.478, 3.762, 4.11, 5.588, 4.404, 4.455, 5.174, 6.097, 6.719, 7.821, 7.248, 5.741, 5.108, 6.585, 8.792, 10.668, 12.391, 13.762, 14.135, 13.002, 10.163, 6.665, 6.557, 8.501, 8.76, 8.482, 8.469, 9.295, 9.935, 10.078, 11.532, 12.112, 12.953, 13.251, 11.51, 8.944, 7.786, 7.659, 7.917, 7.298, 6.466, 6.628, 6.531, 5.797, 5.856, 6.158, 7.631, 7.339, 6.319, 6.019, 5.608, 5.656, 5.988, 5.938, 5.883, 5.677, 5.187, 5.415, 4.965, 4.933, 5.495, 6.687, 7.386, 6.382, 6.148, 5.658, 5.488, 4.731, 4.808, 4.495, 4.097, 3.437, 3.492, 3.718, 3.395, 3.379, 4.192, 5.577, 4.118, 3.204, 2.528, 2.25, 2.248, 2.629, 3.852, 3.833, 3.299, 3.089, 3.12, 2.205, 3.261, 4.117, 5.47, 6.908, 7.758, 7.745, 7.63, 8.29, 9.204, 9.445, 9.564, 9.966, 11.018, 10.07, 6.929, 6.626], [1.629, 0.0, 1.777, 3.535, 3.654, 3.659, 3.708, 4.522, 5.998, 7.475, 7.58, 7.113, 6.706, 7.238, 6.668, 4.883, 4.153, 3.097, 3.043, 2.824, 2.825, 3.21, 2.753, 2.558, 2.876, 2.41, 3.175, 3.527, 3.538, 4.229, 3.455, 3.17, 3.34, 3.142, 2.848, 2.934, 3.872, 4.749, 4.724, 4.684, 4.894, 4.116, 5.166, 6.891, 5.752, 5.792, 6.522, 7.454, 7.967, 9.105, 8.571, 7.033, 6.326, 7.955, 10.112, 12.023, 13.757, 15.105, 15.37, 14.242, 11.423, 7.946, 7.706, 9.604, 9.864, 9.524, 9.569, 10.482, 11.107, 11.244, 12.844, 13.43, 14.24, 14.514, 12.776, 10.221, 8.985, 8.82, 9.101, 8.53, 7.616, 7.87, 7.762, 6.969, 6.692, 7.326, 8.843, 8.531, 7.556, 7.067, 6.78, 6.974, 7.046, 6.958, 6.843, 6.771, 6.262, 6.525, 5.814, 5.758, 6.533, 7.493, 8.325, 7.388, 6.989, 6.683, 6.627, 5.826, 5.761, 5.456, 5.12, 4.422, 4.693, 4.889, 4.42, 4.148, 5.342, 6.86, 5.381, 4.029, 3.471, 2.638, 2.344, 3.111, 4.292, 4.018, 3.616, 3.429, 3.145, 2.516, 3.868, 5.187, 6.602, 8.126, 8.946, 8.904, 8.813, 9.452, 10.54, 10.802, 10.856, 11.294, 12.338, 11.378, 8.217, 7.948], [1.722, 1.777, 0.0, 2.194, 2.15, 2.557, 2.62, 3.446, 4.619, 6.296, 6.273, 5.761, 5.351, 5.94, 5.701, 3.896, 3.419, 2.772, 2.707, 3.09, 3.862, 3.915, 2.813, 2.594, 2.65, 2.868, 3.941, 4.124, 4.151, 4.773, 4.091, 4.146, 3.733, 3.397, 3.211, 4.071, 5.314, 6.14, 5.877, 5.926, 6.19, 4.117, 4.329, 5.775, 4.528, 4.573, 5.346, 6.217, 6.819, 8.011, 7.427, 5.913, 5.242, 6.658, 8.815, 10.719, 12.39, 13.735, 14.011, 12.828, 10.048, 6.732, 6.662, 8.636, 8.861, 8.465, 8.591, 9.458, 10.0, 9.993, 11.578, 12.177, 12.918, 13.256, 11.469, 8.91, 7.776, 7.633, 7.868, 7.266, 6.614, 6.88, 6.699, 6.002, 5.689, 6.495, 7.764, 7.487, 6.54, 6.304, 5.903, 5.895, 6.244, 6.236, 6.271, 5.862, 5.265, 5.418, 4.909, 4.955, 5.659, 6.548, 7.423, 6.428, 6.139, 5.743, 5.62, 4.79, 4.671, 4.261, 3.927, 3.415, 3.748, 3.938, 3.491, 3.201, 4.253, 5.655, 4.146, 3.184, 2.853, 2.744, 2.867, 2.882, 3.662, 3.782, 3.052, 2.686, 2.695, 2.183, 2.908, 4.256, 5.562, 7.063, 7.893, 7.879, 7.84, 8.303, 9.249, 9.521, 9.718, 10.115, 11.066, 10.052, 7.057, 6.859], [2.544, 3.535, 2.194, 0.0, 1.438, 2.562, 2.539, 3.139, 3.854, 5.019, 5.139, 4.08, 4.052, 4.785, 5.191, 3.606, 3.797, 3.536, 3.248, 4.238, 5.444, 5.264, 4.063, 3.749, 3.202, 4.193, 5.496, 5.396, 5.042, 5.508, 5.286, 5.744, 5.052, 3.936, 4.069, 5.753, 6.969, 7.795, 7.491, 7.511, 7.841, 5.574, 3.798, 4.456, 3.299, 3.369, 3.896, 4.932, 5.67, 6.737, 6.017, 4.581, 3.94, 4.763, 6.823, 8.834, 10.53, 11.822, 12.045, 10.817, 8.03, 5.162, 5.96, 8.173, 8.411, 8.243, 8.108, 8.759, 8.916, 8.695, 9.923, 10.611, 11.291, 11.589, 9.868, 7.506, 6.899, 6.741, 6.933, 5.979, 5.972, 6.121, 5.904, 5.442, 5.792, 5.967, 6.675, 6.475, 5.773, 5.724, 5.069, 4.361, 4.965, 5.173, 5.376, 4.979, 4.668, 4.979, 4.732, 5.007, 5.462, 6.344, 7.203, 6.174, 6.034, 5.248, 5.188, 4.409, 4.284, 4.037, 3.489, 3.008, 2.898, 2.7, 3.134, 3.45, 3.536, 4.041, 3.068, 3.459, 3.406, 4.13, 4.458, 4.405, 4.686, 4.952, 4.396, 3.825, 3.745, 3.552, 3.658, 3.926, 4.904, 6.312, 7.088, 7.053, 6.968, 7.315, 7.474, 7.718, 7.916, 8.292, 9.106, 8.016, 5.337, 5.849], [2.912, 3.654, 2.15, 1.438, 0.0, 1.741, 1.836, 2.494, 3.217, 4.734, 4.682, 3.816, 3.458, 4.265, 4.448, 2.671, 3.286, 3.156, 3.285, 4.246, 5.436, 5.295, 4.039, 3.561, 3.073, 4.051, 5.474, 5.308, 4.993, 5.166, 5.155, 5.713, 4.931, 3.545, 4.151, 5.755, 6.941, 7.765, 7.469, 7.478, 7.811, 5.445, 3.125, 4.104, 2.863, 3.294, 3.666, 4.521, 5.401, 6.396, 5.706, 4.17, 3.606, 4.663, 6.765, 8.725, 10.429, 11.72, 11.97, 10.742, 7.963, 4.92, 5.398, 7.387, 7.616, 7.26, 7.302, 8.2, 8.557, 8.395, 9.739, 10.398, 11.114, 11.409, 9.664, 7.14, 6.339, 6.211, 6.272, 5.576, 5.395, 5.59, 5.385, 4.735, 4.623, 5.227, 6.315, 6.13, 5.27, 5.142, 4.695, 4.251, 4.808, 5.014, 5.157, 4.418, 3.865, 4.109, 3.732, 4.019, 4.474, 5.388, 6.244, 5.228, 4.96, 4.469, 4.351, 3.569, 3.318, 2.906, 2.527, 2.274, 2.648, 2.653, 2.699, 2.748, 2.895, 3.795, 2.381, 2.904, 3.204, 4.038, 4.427, 4.37, 4.25, 4.702, 4.229, 3.563, 3.643, 3.468, 3.145, 3.01, 4.234, 5.759, 6.538, 6.528, 6.496, 6.904, 7.332, 7.588, 7.817, 8.199, 9.014, 7.976, 5.122, 5.298], [2.796, 3.659, 2.557, 2.562, 1.741, 0.0, 1.228, 1.747, 3.026, 4.26, 4.441, 3.808, 3.458, 3.922, 3.326, 1.643, 2.174, 2.384, 3.471, 4.211, 4.993, 5.191, 3.914, 3.106, 3.158, 3.536, 4.78, 4.579, 4.341, 4.336, 4.429, 4.97, 4.299, 3.331, 3.764, 5.064, 6.198, 7.024, 6.728, 6.737, 7.07, 4.732, 2.075, 3.612, 2.524, 2.921, 3.292, 4.208, 4.995, 5.955, 5.356, 3.884, 3.391, 4.759, 6.965, 8.827, 10.509, 11.863, 12.186, 11.102, 8.24, 4.683, 4.411, 6.25, 6.469, 6.026, 6.21, 7.197, 7.758, 7.96, 9.458, 10.041, 10.899, 11.178, 9.454, 6.893, 5.656, 5.471, 5.77, 5.298, 4.325, 4.569, 4.447, 3.636, 3.392, 4.061, 5.623, 5.346, 4.343, 4.071, 3.805, 4.059, 4.167, 4.226, 4.142, 3.708, 3.073, 3.209, 2.62, 2.637, 3.26, 4.209, 5.003, 4.002, 3.837, 3.438, 3.319, 2.614, 2.503, 2.13, 1.816, 1.468, 1.898, 2.412, 1.944, 1.782, 2.282, 3.685, 2.21, 1.895, 2.392, 3.355, 3.692, 3.633, 3.216, 3.72, 3.518, 2.748, 2.994, 2.748, 2.415, 2.124, 3.281, 4.851, 5.654, 5.637, 5.593, 6.159, 7.229, 7.502, 7.68, 8.095, 9.243, 8.272, 5.168, 4.739], [2.668, 3.708, 2.62, 2.539, 1.836, 1.228, 0.0, 1.556, 3.49, 4.68, 4.932, 4.309, 3.923, 4.437, 3.34, 1.852, 2.288, 2.73, 3.731, 4.25, 4.952, 5.133, 3.998, 3.022, 3.362, 3.341, 4.352, 4.183, 3.804, 4.007, 4.135, 4.812, 4.294, 3.65, 3.96, 4.709, 5.835, 6.641, 6.345, 6.354, 6.687, 4.281, 2.37, 4.107, 3.095, 3.511, 3.83, 4.783, 5.483, 6.511, 5.906, 4.439, 3.906, 5.214, 7.436, 9.275, 10.903, 12.269, 12.616, 11.564, 8.691, 5.263, 4.656, 6.133, 6.375, 5.918, 6.313, 7.339, 7.989, 8.27, 9.923, 10.517, 11.395, 11.674, 9.95, 7.386, 6.134, 5.868, 6.244, 5.714, 4.472, 4.652, 4.758, 3.63, 3.454, 3.986, 5.921, 5.679, 4.872, 4.351, 4.516, 4.83, 4.862, 4.985, 4.618, 4.216, 3.592, 3.626, 3.101, 2.956, 3.371, 4.553, 5.037, 4.006, 3.894, 3.907, 3.635, 3.12, 3.104, 2.744, 2.315, 2.147, 2.702, 2.98, 2.195, 2.109, 2.588, 4.235, 2.785, 1.859, 2.292, 3.198, 3.514, 3.272, 3.105, 3.548, 3.133, 2.358, 2.674, 2.464, 2.072, 2.015, 3.631, 5.259, 5.985, 5.958, 5.901, 6.585, 7.726, 8.016, 8.247, 8.651, 9.709, 8.787, 5.667, 5.311], [3.522, 4.522, 3.446, 3.139, 2.494, 1.747, 1.556, 0.0, 2.417, 3.741, 3.894, 3.292, 3.17, 3.378, 2.65, 1.594, 2.778, 3.604, 4.711, 5.29, 6.009, 6.267, 5.028, 4.077, 4.359, 4.458, 5.577, 5.437, 4.99, 4.878, 5.349, 5.977, 5.356, 4.406, 4.967, 5.911, 7.097, 7.879, 7.582, 7.591, 7.925, 5.511, 1.888, 3.324, 2.388, 2.762, 3.125, 3.897, 4.438, 5.536, 4.939, 3.544, 3.008, 4.322, 6.419, 8.256, 9.918, 11.256, 11.628, 10.541, 7.65, 4.21, 3.688, 5.415, 5.556, 5.452, 5.443, 6.377, 7.028, 7.229, 8.948, 9.525, 10.37, 10.662, 8.922, 6.354, 5.125, 4.905, 5.25, 4.75, 3.591, 3.727, 3.747, 2.832, 3.299, 3.289, 5.118, 4.915, 4.144, 3.648, 3.867, 4.186, 4.28, 4.397, 4.021, 3.614, 3.067, 3.087, 2.844, 3.006, 3.006, 3.906, 4.401, 3.616, 3.484, 2.992, 2.85, 2.742, 2.69, 2.456, 2.075, 1.883, 2.264, 2.565, 2.151, 2.491, 2.306, 3.383, 2.292, 2.621, 3.102, 4.259, 4.606, 4.504, 4.034, 4.588, 4.308, 3.486, 3.805, 3.643, 3.214, 2.304, 2.784, 4.232, 4.901, 4.937, 4.9, 5.579, 6.676, 7.038, 7.364, 7.843, 8.678, 7.783, 4.916, 4.468], [4.892, 5.998, 4.619, 3.854, 3.217, 3.026, 3.49, 2.417, 0.0, 1.943, 1.82, 2.072, 1.803, 1.837, 2.212, 2.745, 4.39, 5.152, 5.785, 6.64, 7.651, 7.633, 6.402, 5.787, 5.523, 6.247, 7.684, 7.491, 7.105, 6.919, 7.339, 7.897, 7.08, 5.573, 6.232, 7.963, 9.127, 9.953, 9.657, 9.666, 9.999, 7.601, 3.026, 1.714, 2.003, 1.887, 1.739, 2.117, 2.818, 3.685, 3.128, 1.802, 1.735, 2.423, 4.365, 6.193, 7.851, 9.218, 9.472, 8.323, 5.592, 3.059, 2.962, 4.734, 5.072, 5.231, 4.773, 5.095, 5.596, 5.669, 7.081, 7.714, 8.408, 8.724, 6.915, 4.399, 3.563, 3.389, 3.41, 2.953, 3.171, 3.15, 2.824, 2.721, 4.048, 3.172, 3.632, 3.514, 2.907, 2.579, 2.419, 2.374, 2.806, 3.006, 2.997, 2.31, 2.39, 2.63, 2.647, 3.472, 3.266, 3.385, 4.024, 3.851, 3.558, 2.498, 2.402, 2.319, 2.502, 2.619, 2.463, 2.334, 2.691, 3.377, 3.565, 4.095, 2.997, 1.866, 2.23, 4.621, 4.885, 6.211, 6.612, 6.549, 6.065, 6.641, 6.425, 5.537, 5.843, 5.66, 5.255, 3.842, 1.976, 2.813, 3.522, 3.613, 3.66, 3.942, 4.718, 5.132, 5.475, 5.921, 6.564, 5.709, 2.976, 2.675], [6.335, 7.475, 6.296, 5.019, 4.734, 4.26, 4.68, 3.741, 1.943, 0.0, 1.23, 2.056, 2.107, 1.704, 2.495, 3.724, 5.462, 6.276, 6.834, 8.105, 9.01, 9.127, 7.871, 7.092, 7.01, 7.559, 8.749, 8.515, 8.167, 7.959, 8.337, 8.908, 8.131, 6.785, 7.146, 9.042, 10.148, 10.958, 10.664, 10.673, 11.014, 8.66, 3.998, 1.507, 2.861, 2.722, 1.833, 2.021, 2.353, 2.687, 2.245, 1.901, 2.064, 2.136, 3.286, 4.894, 6.564, 7.933, 8.117, 7.085, 4.326, 2.446, 2.484, 4.271, 4.674, 4.859, 4.408, 4.109, 4.005, 4.04, 5.459, 6.07, 6.902, 7.131, 5.428, 3.279, 2.83, 2.721, 2.725, 2.115, 2.71, 2.659, 2.265, 2.683, 4.307, 3.17, 2.46, 2.398, 2.632, 2.505, 2.391, 2.368, 2.32, 2.879, 2.849, 2.261, 2.5, 3.005, 3.12, 3.823, 3.451, 3.265, 3.726, 3.733, 3.448, 2.594, 2.784, 2.82, 2.912, 3.028, 3.263, 3.771, 3.971, 4.248, 4.486, 5.094, 3.756, 2.029, 3.209, 5.618, 5.89, 7.209, 7.609, 7.546, 7.063, 7.663, 7.47, 6.542, 6.91, 6.779, 6.269, 4.774, 2.052, 2.352, 2.788, 3.035, 2.661, 2.642, 3.438, 3.902, 4.224, 4.741, 5.325, 4.717, 2.351, 2.421], [6.369, 7.58, 6.273, 5.139, 4.682, 4.441, 4.932, 3.894, 1.82, 1.23, 0.0, 1.915, 1.748, 1.477, 2.799, 4.047, 5.681, 6.448, 6.99, 8.026, 9.019, 9.025, 7.795, 7.121, 6.857, 7.602, 9.017, 8.782, 8.437, 8.23, 8.631, 9.189, 8.423, 6.822, 7.383, 9.305, 10.441, 11.251, 10.954, 10.963, 11.297, 8.949, 4.302, 1.81, 3.024, 2.855, 2.226, 1.944, 2.329, 2.536, 2.316, 2.048, 2.303, 2.413, 3.173, 4.608, 6.354, 7.672, 7.864, 6.786, 4.024, 2.165, 2.239, 3.934, 4.341, 4.532, 4.015, 3.825, 4.006, 4.066, 5.467, 6.098, 6.797, 7.118, 5.331, 2.883, 2.438, 2.38, 2.355, 1.676, 2.402, 2.406, 1.989, 2.501, 4.241, 3.011, 2.542, 2.301, 2.356, 2.368, 2.047, 1.878, 2.504, 2.814, 2.826, 2.266, 2.396, 2.549, 3.267, 3.909, 3.315, 2.898, 3.356, 3.41, 3.119, 2.103, 2.245, 2.825, 3.143, 3.132, 3.289, 3.681, 3.962, 4.48, 4.78, 5.387, 4.114, 2.355, 3.398, 5.912, 6.177, 7.503, 7.903, 7.841, 7.357, 7.933, 7.765, 6.899, 7.193, 7.058, 6.527, 5.048, 2.325, 1.891, 2.379, 2.548, 2.312, 2.403, 3.201, 3.793, 4.101, 4.604, 5.09, 4.374, 1.845, 1.877], [5.834, 7.113, 5.761, 4.08, 3.816, 3.808, 4.309, 3.292, 2.072, 2.056, 1.915, 0.0, 1.172, 1.247, 2.244, 3.155, 4.772, 5.534, 5.804, 6.954, 8.093, 8.033, 6.746, 6.242, 6.014, 6.996, 8.102, 7.874, 7.525, 7.315, 7.721, 8.279, 7.482, 5.909, 6.613, 8.418, 9.533, 10.341, 10.044, 10.053, 10.389, 8.032, 3.549, 1.952, 2.065, 2.325, 2.276, 2.465, 3.241, 3.327, 2.806, 2.439, 2.744, 2.365, 3.526, 5.282, 6.93, 8.241, 8.524, 7.539, 4.638, 1.738, 2.255, 4.352, 4.565, 4.596, 4.332, 4.9, 5.153, 5.043, 6.221, 6.922, 7.578, 7.849, 6.118, 3.7, 3.024, 2.876, 3.036, 2.487, 2.454, 2.471, 2.151, 2.136, 3.652, 2.652, 3.425, 3.27, 2.543, 2.764, 2.844, 2.277, 2.76, 2.95, 3.015, 2.141, 1.827, 2.051, 2.483, 3.084, 2.625, 2.847, 3.527, 3.04, 2.858, 1.95, 1.956, 2.074, 2.191, 2.377, 2.298, 2.862, 2.952, 3.315, 3.872, 4.475, 3.145, 2.14, 2.232, 5.003, 5.267, 6.594, 6.994, 6.931, 6.449, 7.023, 6.872, 5.981, 6.301, 6.218, 5.66, 4.136, 1.943, 2.688, 3.307, 3.274, 3.219, 3.585, 3.766, 4.255, 4.567, 5.023, 5.758, 5.113, 2.252, 2.592], [5.398, 6.706, 5.351, 4.052, 3.458, 3.458, 3.923, 3.17, 1.803, 2.107, 1.748, 1.172, 0.0, 1.298, 2.302, 3.174, 4.708, 5.452, 5.735, 6.721, 7.993, 7.805, 6.537, 6.033, 5.639, 6.61, 8.023, 7.77, 7.444, 7.236, 7.612, 8.179, 7.399, 5.721, 6.472, 8.302, 9.418, 10.233, 9.94, 9.949, 10.282, 7.948, 3.567, 1.997, 2.179, 2.507, 2.398, 2.455, 3.025, 3.308, 2.869, 2.319, 2.63, 2.436, 3.626, 5.411, 7.159, 8.485, 8.799, 7.746, 4.863, 2.246, 2.448, 4.339, 4.645, 4.415, 4.265, 5.026, 5.398, 5.397, 6.59, 7.246, 7.97, 8.262, 6.53, 4.047, 3.177, 3.053, 3.184, 2.545, 2.562, 2.595, 2.356, 2.15, 3.351, 2.375, 3.392, 3.236, 2.518, 2.545, 2.594, 2.052, 2.953, 3.036, 3.06, 2.044, 1.567, 1.917, 2.338, 2.982, 2.502, 2.573, 3.376, 2.951, 2.632, 1.745, 1.877, 1.981, 2.258, 2.146, 2.178, 2.72, 3.062, 3.509, 3.818, 4.386, 3.118, 2.398, 2.155, 4.943, 5.227, 6.541, 6.93, 6.873, 6.403, 6.964, 6.815, 5.986, 6.248, 6.053, 5.565, 4.113, 2.024, 2.603, 3.349, 3.367, 3.327, 3.74, 4.118, 4.406, 4.7, 5.172, 5.803, 4.938, 2.236, 2.356], [5.943, 7.238, 5.94, 4.785, 4.265, 3.922, 4.437, 3.378, 1.837, 1.704, 1.477, 1.247, 1.298, 0.0, 1.694, 3.067, 4.518, 5.27, 5.907, 7.158, 8.12, 8.217, 6.997, 6.379, 6.398, 7.068, 7.995, 7.828, 7.428, 7.128, 7.44, 7.998, 7.299, 5.949, 6.558, 8.325, 9.404, 10.061, 9.777, 9.786, 10.156, 7.868, 3.26, 1.646, 2.018, 2.172, 2.036, 2.212, 2.994, 2.843, 2.522, 2.14, 2.471, 2.594, 3.663, 5.301, 7.064, 8.311, 8.626, 7.707, 4.741, 1.495, 1.637, 3.621, 3.859, 3.92, 3.562, 3.985, 4.327, 4.543, 5.732, 6.381, 7.112, 7.338, 5.618, 3.091, 2.239, 2.255, 2.51, 2.171, 2.231, 1.932, 1.568, 1.858, 3.301, 2.278, 2.688, 2.499, 1.872, 2.121, 2.342, 2.149, 2.296, 2.239, 2.287, 1.619, 1.662, 1.701, 2.103, 2.802, 2.349, 2.293, 2.994, 2.679, 2.517, 1.706, 1.774, 1.898, 2.007, 2.331, 2.496, 3.084, 2.88, 3.173, 3.651, 4.245, 2.892, 1.93, 2.335, 4.741, 4.986, 6.328, 6.739, 6.65, 6.249, 6.831, 6.745, 5.864, 6.141, 6.207, 5.497, 3.944, 1.621, 1.941, 2.519, 2.521, 2.356, 2.842, 3.458, 3.899, 4.285, 4.892, 5.868, 5.248, 2.252, 1.923], [5.544, 6.668, 5.701, 5.191, 4.448, 3.326, 3.34, 2.65, 2.212, 2.495, 2.799, 2.244, 2.302, 1.694, 0.0, 2.062, 3.374, 4.6, 5.959, 6.839, 7.43, 7.747, 6.666, 5.591, 6.124, 6.26, 6.65, 6.56, 6.082, 5.737, 6.126, 6.789, 6.217, 5.89, 6.214, 7.065, 8.106, 8.613, 8.328, 8.339, 8.707, 6.467, 2.287, 2.165, 2.218, 2.621, 2.687, 3.232, 3.941, 4.11, 3.607, 2.924, 3.006, 3.464, 5.136, 6.821, 8.539, 9.82, 10.092, 9.227, 6.292, 2.625, 1.712, 3.108, 3.384, 3.376, 3.348, 4.102, 4.788, 5.647, 6.902, 7.528, 8.428, 8.502, 6.835, 4.443, 3.14, 2.85, 3.324, 3.416, 2.109, 1.935, 2.021, 1.567, 2.471, 1.728, 3.264, 3.019, 2.271, 2.292, 3.039, 3.443, 2.926, 2.764, 2.459, 2.008, 1.954, 1.762, 1.45, 2.016, 1.642, 2.165, 2.78, 2.033, 1.982, 1.951, 1.835, 1.578, 1.643, 2.142, 2.285, 2.735, 2.778, 3.242, 2.819, 3.193, 2.323, 2.608, 2.455, 3.362, 3.659, 5.098, 5.445, 5.228, 4.862, 5.396, 5.362, 4.471, 4.936, 5.096, 4.162, 2.63, 1.279, 2.607, 3.118, 2.979, 2.982, 3.768, 4.88, 5.23, 5.607, 6.265, 7.388, 6.699, 3.676, 2.904], [3.957, 4.883, 3.896, 3.606, 2.671, 1.643, 1.852, 1.594, 2.745, 3.724, 4.047, 3.155, 3.174, 3.067, 2.062, 0.0, 2.277, 3.019, 4.211, 5.229, 5.867, 6.191, 4.936, 3.993, 4.325, 4.625, 5.104, 4.889, 4.58, 4.323, 4.799, 5.377, 4.776, 4.085, 4.492, 5.623, 6.555, 7.244, 6.957, 6.966, 7.301, 5.04, 1.417, 2.862, 1.758, 2.433, 2.76, 3.801, 4.757, 5.319, 4.755, 3.44, 3.025, 4.193, 6.372, 8.148, 9.935, 11.258, 11.513, 10.582, 7.52, 3.841, 3.187, 4.817, 5.047, 4.751, 4.821, 5.762, 6.438, 7.089, 8.522, 9.083, 9.982, 10.169, 8.516, 5.974, 4.737, 4.405, 4.855, 4.793, 3.167, 3.217, 3.365, 2.694, 2.511, 2.752, 4.633, 4.37, 3.537, 3.315, 3.505, 3.954, 3.493, 3.545, 3.167, 2.858, 2.428, 2.48, 1.723, 2.014, 2.262, 3.25, 3.83, 2.856, 2.776, 2.782, 2.748, 2.009, 1.652, 1.819, 1.727, 1.56, 1.601, 2.253, 1.478, 1.67, 1.362, 2.994, 1.685, 2.027, 2.496, 3.581, 3.946, 3.833, 3.354, 3.996, 3.909, 3.098, 3.552, 3.444, 2.754, 1.524, 2.246, 3.981, 4.449, 4.333, 4.42, 5.22, 6.312, 6.685, 6.941, 7.373, 8.671, 7.884, 4.747, 4.033], [3.543, 4.153, 3.419, 3.797, 3.286, 2.174, 2.288, 2.778, 4.39, 5.462, 5.681, 4.772, 4.708, 4.518, 3.374, 2.277, 0.0, 1.791, 3.143, 3.795, 4.376, 4.653, 3.771, 2.507, 3.287, 3.247, 3.684, 3.551, 3.559, 3.387, 3.304, 4.001, 3.741, 3.384, 3.772, 4.072, 5.096, 5.571, 5.286, 5.305, 5.699, 3.782, 2.42, 4.494, 3.126, 3.434, 4.149, 5.241, 6.263, 6.742, 6.237, 4.882, 4.464, 5.733, 7.778, 9.667, 11.443, 12.754, 13.116, 12.186, 9.143, 4.996, 4.565, 6.054, 6.299, 5.648, 6.246, 7.317, 7.972, 8.698, 9.973, 10.554, 11.408, 11.514, 9.9, 7.434, 6.166, 6.061, 6.477, 6.456, 5.086, 4.893, 4.939, 4.124, 3.056, 4.053, 6.179, 5.67, 4.632, 4.457, 4.512, 4.956, 4.293, 4.126, 3.889, 4.182, 3.921, 3.603, 2.819, 2.401, 3.141, 4.468, 5.087, 3.901, 3.819, 4.235, 3.885, 2.928, 2.847, 2.792, 2.675, 2.377, 2.28, 2.223, 1.856, 1.505, 2.33, 4.157, 2.857, 1.315, 1.761, 2.493, 2.791, 2.416, 2.137, 2.646, 2.689, 2.026, 2.375, 2.445, 1.913, 2.629, 3.9, 5.359, 6.041, 6.09, 5.888, 6.628, 7.732, 7.899, 8.054, 8.755, 10.235, 9.38, 6.05, 5.445], [2.935, 3.097, 2.772, 3.536, 3.156, 2.384, 2.73, 3.604, 5.152, 6.276, 6.448, 5.534, 5.452, 5.27, 4.6, 3.019, 1.791, 0.0, 1.619, 2.462, 3.397, 3.655, 2.802, 1.688, 2.067, 2.287, 2.986, 2.962, 3.134, 3.145, 2.601, 2.805, 2.53, 2.368, 2.331, 3.19, 4.263, 4.809, 4.524, 4.539, 5.013, 3.581, 3.065, 5.16, 3.804, 4.011, 4.807, 5.928, 6.929, 7.239, 6.751, 5.389, 4.942, 6.377, 8.496, 10.337, 12.168, 13.496, 13.878, 12.948, 9.902, 5.801, 5.622, 7.448, 7.65, 7.198, 7.405, 8.4, 8.968, 9.55, 10.778, 11.267, 12.164, 12.315, 10.669, 8.202, 7.031, 6.889, 7.242, 7.249, 6.099, 5.962, 5.831, 5.306, 4.584, 5.314, 6.9, 6.551, 5.375, 5.341, 5.283, 5.513, 4.84, 4.509, 4.54, 4.704, 4.537, 4.514, 3.7, 3.543, 4.279, 5.399, 6.301, 5.173, 5.027, 5.094, 4.926, 3.957, 3.6, 3.616, 3.469, 3.022, 2.637, 2.616, 2.331, 1.927, 3.111, 4.911, 3.54, 1.665, 1.843, 1.948, 2.131, 2.286, 2.308, 2.583, 2.567, 2.076, 2.231, 2.046, 2.119, 3.104, 4.722, 6.253, 6.901, 6.906, 6.757, 7.544, 8.448, 8.671, 8.749, 9.334, 10.855, 10.075, 6.594, 6.014], [2.847, 3.043, 2.707, 3.248, 3.285, 3.471, 3.731, 4.711, 5.785, 6.834, 6.99, 5.804, 5.735, 5.907, 5.959, 4.211, 3.143, 1.619, 0.0, 1.765, 2.926, 3.272, 2.467, 1.994, 1.931, 2.411, 3.088, 3.084, 3.345, 3.726, 2.81, 2.87, 2.779, 2.545, 1.973, 2.998, 4.04, 4.727, 4.461, 4.521, 5.213, 3.977, 4.431, 5.709, 4.407, 4.629, 5.206, 6.328, 7.527, 7.72, 7.142, 5.676, 5.375, 6.557, 8.669, 10.543, 12.355, 13.739, 14.128, 13.165, 10.133, 6.306, 6.841, 8.841, 9.075, 8.677, 8.74, 9.643, 10.01, 10.157, 11.299, 11.846, 12.58, 12.859, 11.221, 8.689, 7.882, 7.854, 8.009, 7.679, 7.212, 7.051, 6.928, 6.537, 5.902, 6.549, 7.912, 7.529, 6.462, 6.51, 6.12, 5.804, 5.544, 5.37, 5.587, 5.464, 5.298, 5.729, 5.065, 5.037, 5.685, 6.644, 7.534, 6.67, 6.408, 6.121, 6.074, 4.995, 4.544, 4.426, 4.237, 3.932, 3.573, 3.248, 3.431, 3.239, 4.013, 5.252, 3.832, 3.062, 2.952, 2.414, 2.484, 2.798, 3.32, 3.367, 3.139, 3.073, 2.783, 2.431, 3.032, 4.498, 5.808, 7.24, 7.962, 8.018, 7.832, 8.43, 8.769, 9.054, 9.066, 9.595, 11.049, 10.264, 6.818, 6.595], [3.11, 2.824, 3.09, 4.238, 4.246, 4.211, 4.25, 5.29, 6.64, 8.105, 8.026, 6.954, 6.721, 7.158, 6.839, 5.229, 3.795, 2.462, 1.765, 0.0, 1.8, 2.082, 1.419, 1.731, 1.947, 2.215, 2.858, 3.142, 3.201, 3.754, 2.946, 2.742, 3.012, 3.089, 2.398, 2.185, 3.189, 3.957, 3.767, 3.81, 4.531, 3.524, 5.251, 7.102, 5.811, 5.606, 6.553, 7.565, 8.52, 8.822, 8.456, 6.838, 6.558, 7.623, 9.719, 11.66, 13.353, 14.725, 15.196, 14.2, 11.272, 7.784, 7.974, 9.734, 9.938, 9.441, 9.754, 10.757, 11.319, 11.327, 12.737, 13.378, 14.1, 14.379, 12.637, 10.128, 9.06, 9.051, 9.303, 8.931, 8.293, 8.196, 8.028, 7.337, 6.498, 7.337, 9.004, 8.597, 7.481, 7.283, 7.227, 6.864, 6.881, 6.56, 6.721, 6.739, 6.508, 6.39, 5.981, 5.693, 6.543, 7.494, 8.415, 7.387, 7.215, 7.042, 6.716, 5.851, 5.765, 5.293, 4.994, 4.714, 4.501, 4.637, 4.659, 4.179, 5.367, 6.585, 5.193, 3.812, 3.551, 2.808, 2.656, 2.909, 3.636, 3.182, 3.037, 3.124, 2.575, 2.386, 3.574, 5.275, 6.902, 8.265, 9.199, 9.163, 9.002, 9.6, 10.26, 10.445, 10.458, 10.938, 12.114, 11.36, 7.76, 7.751], [3.192, 2.825, 3.862, 5.444, 5.436, 4.993, 4.952, 6.009, 7.651, 9.01, 9.019, 8.093, 7.993, 8.12, 7.43, 5.867, 4.376, 3.397, 2.926, 1.8, 0.0, 1.558, 1.739, 2.417, 3.137, 2.607, 2.531, 3.23, 3.219, 3.976, 3.173, 2.848, 3.568, 3.733, 3.179, 1.947, 1.911, 2.881, 3.094, 3.044, 3.561, 3.049, 5.948, 7.955, 6.679, 6.628, 7.511, 8.515, 9.465, 9.765, 9.36, 7.813, 7.554, 8.92, 11.063, 12.965, 14.661, 16.015, 16.466, 15.457, 12.502, 8.766, 8.689, 10.349, 10.55, 9.984, 10.429, 11.433, 12.067, 12.21, 13.678, 14.315, 15.088, 15.378, 13.579, 11.065, 9.928, 9.826, 10.117, 9.899, 8.906, 8.868, 8.698, 7.907, 6.815, 7.875, 9.789, 9.419, 8.339, 7.937, 7.939, 8.032, 7.757, 7.413, 7.438, 7.541, 7.345, 7.19, 6.701, 6.258, 7.154, 8.242, 9.034, 7.95, 7.752, 7.798, 7.318, 6.562, 6.659, 6.279, 5.958, 5.527, 5.386, 5.661, 5.386, 4.895, 6.218, 7.677, 6.284, 4.404, 4.149, 2.902, 2.438, 3.164, 3.665, 3.297, 3.186, 3.556, 2.862, 2.745, 3.731, 5.91, 7.616, 9.08, 9.901, 9.864, 9.712, 10.458, 11.276, 11.534, 11.553, 12.004, 13.392, 12.639, 9.01, 8.694], [3.491, 3.21, 3.915, 5.264, 5.295, 5.191, 5.133, 6.267, 7.633, 9.127, 9.025, 8.033, 7.805, 8.217, 7.747, 6.191, 4.653, 3.655, 3.272, 2.082, 1.558, 0.0, 1.535, 2.609, 3.293, 3.275, 3.413, 4.013, 4.096, 4.767, 4.147, 3.679, 4.211, 4.19, 3.85, 2.675, 2.708, 3.056, 3.345, 3.311, 3.266, 3.46, 6.243, 8.137, 6.844, 6.701, 7.63, 8.63, 9.563, 9.948, 9.614, 8.013, 7.635, 8.777, 10.801, 12.776, 14.462, 15.801, 16.259, 15.257, 12.331, 8.854, 8.95, 10.629, 10.836, 10.234, 10.715, 11.709, 12.325, 12.398, 13.817, 14.416, 15.15, 15.455, 13.713, 11.181, 10.113, 10.099, 10.357, 9.973, 9.244, 9.122, 8.998, 8.224, 7.113, 8.186, 10.031, 9.616, 8.541, 8.257, 8.213, 8.007, 7.975, 7.804, 7.793, 7.819, 7.559, 7.373, 6.971, 6.593, 7.472, 8.451, 9.339, 8.279, 8.087, 8.035, 7.594, 6.77, 6.828, 6.321, 6.034, 5.683, 5.509, 5.736, 5.683, 5.196, 6.408, 7.678, 6.25, 4.677, 4.44, 3.348, 3.003, 3.436, 3.832, 3.515, 3.478, 3.874, 3.23, 3.1, 4.045, 6.21, 7.898, 9.247, 10.194, 10.162, 9.975, 10.622, 11.328, 11.541, 11.546, 12.024, 13.172, 12.419, 8.882, 8.85], [2.744, 2.753, 2.813, 4.063, 4.039, 3.914, 3.998, 5.028, 6.402, 7.871, 7.795, 6.746, 6.537, 6.997, 6.666, 4.936, 3.771, 2.802, 2.467, 1.419, 1.739, 1.535, 0.0, 1.795, 2.548, 2.743, 3.163, 3.599, 3.789, 4.414, 3.681, 3.293, 3.633, 3.471, 3.258, 2.527, 3.115, 3.877, 3.813, 3.67, 4.186, 3.008, 5.026, 6.849, 5.565, 5.432, 6.319, 7.324, 8.241, 8.588, 8.274, 6.642, 6.336, 7.466, 9.595, 11.525, 13.234, 14.575, 15.021, 13.999, 11.095, 7.679, 7.805, 9.584, 9.78, 9.247, 9.594, 10.597, 11.164, 11.211, 12.597, 13.231, 13.969, 14.271, 12.515, 9.987, 8.947, 8.833, 9.082, 8.729, 7.994, 7.936, 7.752, 7.043, 6.104, 7.047, 8.808, 8.442, 7.336, 7.047, 6.954, 6.709, 6.826, 6.722, 6.777, 6.537, 6.244, 6.212, 5.801, 5.478, 6.37, 7.298, 8.173, 7.182, 6.964, 6.744, 6.442, 5.675, 5.651, 5.09, 4.79, 4.429, 4.312, 4.638, 4.457, 3.978, 5.241, 6.544, 5.004, 3.646, 3.426, 2.714, 2.527, 2.648, 3.027, 2.758, 2.548, 2.863, 2.242, 2.119, 3.099, 5.093, 6.672, 8.087, 8.97, 8.917, 8.808, 9.487, 10.125, 10.351, 10.366, 10.762, 11.895, 11.135, 7.592, 7.537], [2.438, 2.558, 2.594, 3.749, 3.561, 3.106, 3.022, 4.077, 5.787, 7.092, 7.121, 6.242, 6.033, 6.379, 5.591, 3.993, 2.507, 1.688, 1.994, 1.731, 2.417, 2.609, 1.795, 0.0, 1.527, 1.52, 2.34, 2.421, 2.644, 2.924, 2.519, 2.689, 2.573, 2.47, 2.164, 2.467, 3.544, 4.296, 4.033, 4.101, 4.565, 2.998, 4.089, 6.117, 4.934, 4.8, 5.641, 6.683, 7.442, 7.963, 7.599, 5.985, 5.569, 6.913, 9.021, 10.975, 12.695, 14.037, 14.535, 13.494, 10.575, 7.075, 6.859, 8.484, 8.689, 8.135, 8.581, 9.595, 10.244, 10.425, 11.979, 12.548, 13.351, 13.692, 11.904, 9.344, 8.159, 8.049, 8.393, 8.04, 7.035, 6.915, 6.816, 5.98, 5.089, 5.952, 8.013, 7.596, 6.512, 6.114, 6.06, 6.086, 5.914, 5.712, 5.633, 5.741, 5.479, 5.496, 4.886, 4.409, 5.29, 6.411, 7.123, 6.086, 5.894, 5.88, 5.533, 4.776, 4.903, 4.484, 4.171, 3.705, 3.668, 3.965, 3.56, 3.074, 4.384, 5.996, 4.421, 2.551, 2.439, 2.001, 1.967, 2.134, 2.597, 2.542, 2.319, 2.061, 2.13, 1.541, 2.393, 4.071, 5.797, 7.187, 8.05, 8.038, 7.881, 8.663, 9.575, 9.809, 9.821, 10.222, 11.39, 10.624, 7.111, 6.867], [2.456, 2.876, 2.65, 3.202, 3.073, 3.158, 3.362, 4.359, 5.523, 7.01, 6.857, 6.014, 5.639, 6.398, 6.124, 4.325, 3.287, 2.067, 1.931, 1.947, 3.137, 3.293, 2.548, 1.527, 0.0, 1.644, 2.86, 2.736, 2.793, 3.164, 2.619, 3.149, 2.617, 1.981, 1.996, 3.316, 4.205, 5.043, 4.733, 4.856, 5.466, 4.147, 4.371, 6.071, 4.823, 4.74, 5.562, 6.546, 7.455, 7.89, 7.461, 5.765, 5.32, 6.502, 8.533, 10.612, 12.345, 13.807, 14.094, 12.935, 10.116, 7.057, 7.223, 9.048, 9.261, 8.81, 9.014, 10.019, 10.584, 10.612, 11.97, 12.587, 13.335, 13.662, 11.863, 9.34, 8.29, 8.215, 8.381, 7.857, 7.299, 7.291, 7.14, 6.468, 5.841, 6.542, 8.281, 7.914, 6.728, 6.539, 6.235, 5.833, 6.047, 5.79, 5.972, 5.898, 5.511, 5.738, 5.223, 5.07, 5.819, 6.767, 7.618, 6.703, 6.468, 6.104, 5.919, 5.115, 5.026, 4.421, 4.058, 3.684, 3.734, 3.922, 3.855, 3.396, 4.618, 5.856, 4.319, 3.18, 3.032, 2.519, 2.667, 3.212, 3.777, 3.843, 3.617, 3.221, 3.444, 2.613, 3.335, 4.56, 6.087, 7.499, 8.36, 8.321, 8.23, 8.871, 9.514, 9.737, 9.735, 10.081, 10.928, 9.971, 6.87, 6.934], [2.342, 2.41, 2.868, 4.193, 4.051, 3.536, 3.341, 4.458, 6.247, 7.559, 7.602, 6.996, 6.61, 7.068, 6.26, 4.625, 3.247, 2.287, 2.411, 2.215, 2.607, 3.275, 2.743, 1.52, 1.644, 0.0, 1.701, 1.567, 1.724, 2.307, 1.839, 2.129, 1.858, 1.814, 1.742, 2.514, 3.299, 4.279, 3.839, 3.756, 4.514, 3.389, 4.722, 6.661, 5.539, 5.526, 6.223, 7.25, 7.954, 8.602, 8.168, 6.521, 5.997, 7.545, 9.803, 11.675, 13.401, 14.876, 15.306, 14.221, 11.308, 7.764, 7.547, 9.12, 9.35, 8.75, 9.256, 10.289, 10.931, 11.085, 12.65, 13.227, 14.077, 14.37, 12.627, 10.059, 8.851, 8.703, 8.998, 8.483, 7.586, 7.563, 7.477, 6.558, 5.839, 6.529, 8.67, 8.265, 7.209, 6.741, 6.559, 6.741, 6.601, 6.309, 6.271, 6.418, 6.053, 6.153, 5.589, 5.077, 5.928, 7.111, 7.761, 6.753, 6.545, 6.456, 6.137, 5.486, 5.591, 5.114, 4.807, 4.261, 4.406, 4.662, 4.23, 3.793, 5.085, 6.688, 5.101, 3.227, 2.978, 2.348, 2.355, 2.755, 3.564, 3.538, 3.217, 2.926, 3.03, 2.302, 3.152, 4.749, 6.479, 7.891, 8.72, 8.708, 8.576, 9.323, 10.302, 10.558, 10.563, 10.969, 12.09, 11.238, 7.85, 7.537], [3.219, 3.175, 3.941, 5.496, 5.474, 4.78, 4.352, 5.577, 7.684, 8.749, 9.017, 8.102, 8.023, 7.995, 6.65, 5.104, 3.684, 2.986, 3.088, 2.858, 2.531, 3.413, 3.163, 2.34, 2.86, 1.701, 0.0, 1.176, 1.194, 1.795, 1.688, 1.844, 2.073, 2.805, 2.471, 1.711, 2.184, 2.825, 2.51, 2.368, 3.295, 2.543, 5.276, 7.546, 6.389, 6.572, 7.311, 8.425, 9.35, 9.641, 9.169, 7.763, 7.443, 8.931, 11.091, 12.979, 14.676, 16.031, 16.537, 15.523, 12.56, 8.592, 7.959, 8.89, 9.175, 8.462, 9.318, 10.455, 11.187, 11.891, 13.34, 13.981, 14.969, 15.074, 13.456, 10.955, 9.68, 9.257, 9.709, 9.776, 7.729, 7.688, 8.161, 7.203, 5.356, 6.436, 8.997, 8.673, 7.768, 7.423, 7.703, 8.051, 7.298, 6.821, 6.643, 6.961, 7.026, 6.975, 6.119, 5.373, 6.284, 7.743, 8.168, 6.996, 6.827, 7.567, 7.21, 6.417, 6.233, 6.206, 5.97, 5.523, 5.286, 5.393, 4.54, 4.129, 5.413, 7.703, 6.222, 3.505, 3.299, 2.018, 1.882, 1.93, 2.954, 2.848, 2.558, 2.756, 3.119, 2.505, 2.974, 4.718, 6.824, 8.815, 9.256, 8.996, 9.136, 10.133, 11.245, 11.46, 11.498, 11.952, 13.419, 12.65, 9.045, 8.502], [3.416, 3.527, 4.124, 5.396, 5.308, 4.579, 4.183, 5.437, 7.491, 8.515, 8.782, 7.874, 7.77, 7.828, 6.56, 4.889, 3.551, 2.962, 3.084, 3.142, 3.23, 4.013, 3.599, 2.421, 2.736, 1.567, 1.176, 0.0, 1.166, 1.669, 1.751, 1.932, 2.006, 2.363, 2.388, 2.387, 2.661, 3.309, 2.916, 2.68, 3.594, 2.846, 5.208, 7.373, 6.214, 6.365, 7.104, 8.22, 9.156, 9.454, 8.948, 7.55, 7.181, 8.654, 10.846, 12.702, 14.496, 15.906, 16.296, 15.32, 12.301, 8.411, 7.852, 8.842, 9.175, 8.312, 9.326, 10.445, 11.155, 11.791, 13.206, 13.786, 14.758, 14.92, 13.293, 10.749, 9.478, 9.155, 9.587, 9.556, 7.675, 7.655, 7.985, 7.084, 5.292, 6.234, 9.081, 8.693, 7.709, 7.376, 7.475, 7.772, 7.129, 6.766, 6.484, 6.818, 6.767, 6.88, 5.958, 5.261, 6.138, 7.546, 7.93, 6.931, 6.696, 7.296, 6.998, 6.165, 6.063, 5.918, 5.718, 5.309, 5.147, 5.233, 4.476, 4.099, 5.356, 7.463, 5.98, 3.43, 3.257, 2.335, 2.347, 2.404, 3.089, 3.122, 2.966, 3.011, 3.418, 2.718, 3.172, 4.752, 6.799, 8.571, 9.032, 8.932, 8.976, 9.926, 10.984, 11.278, 11.297, 11.742, 13.19, 12.405, 8.899, 8.312], [3.133, 3.538, 4.151, 5.042, 4.993, 4.341, 3.804, 4.99, 7.105, 8.167, 8.437, 7.525, 7.444, 7.428, 6.082, 4.58, 3.559, 3.134, 3.345, 3.201, 3.219, 4.096, 3.789, 2.644, 2.793, 1.724, 1.194, 1.166, 0.0, 1.175, 1.55, 2.043, 2.04, 2.246, 2.394, 2.415, 2.933, 3.594, 3.207, 3.027, 4.006, 3.265, 4.737, 6.98, 5.899, 5.973, 6.73, 7.851, 8.771, 9.055, 8.611, 7.151, 6.853, 8.334, 10.462, 12.38, 14.06, 15.429, 15.929, 14.933, 11.978, 7.977, 7.354, 8.394, 8.73, 7.948, 8.806, 9.925, 10.625, 11.245, 12.745, 13.391, 14.356, 14.471, 12.869, 10.36, 9.04, 8.713, 9.203, 9.197, 7.329, 7.223, 7.607, 6.692, 5.389, 5.919, 8.486, 8.086, 7.185, 6.875, 7.123, 7.453, 6.714, 6.253, 6.038, 6.382, 6.448, 6.348, 5.57, 4.99, 5.702, 7.208, 7.604, 6.478, 6.367, 6.987, 6.612, 5.799, 5.638, 5.726, 5.423, 4.957, 4.74, 4.796, 4.026, 3.832, 4.868, 7.023, 5.589, 3.143, 2.886, 2.183, 2.443, 2.48, 3.453, 3.462, 3.115, 3.157, 3.684, 3.052, 3.428, 4.261, 6.328, 8.168, 8.697, 8.506, 8.567, 9.469, 10.592, 10.848, 10.852, 11.381, 12.838, 12.084, 8.457, 7.882], [3.783, 4.229, 4.773, 5.508, 5.166, 4.336, 4.007, 4.878, 6.919, 7.959, 8.23, 7.315, 7.236, 7.128, 5.737, 4.323, 3.387, 3.145, 3.726, 3.754, 3.976, 4.767, 4.414, 2.924, 3.164, 2.307, 1.795, 1.669, 1.175, 0.0, 1.66, 2.237, 1.983, 2.304, 2.556, 2.947, 3.646, 3.888, 3.408, 3.199, 4.221, 3.288, 4.307, 6.747, 5.598, 5.721, 6.5, 7.621, 8.568, 8.82, 8.357, 6.953, 6.636, 8.105, 10.207, 12.151, 13.846, 15.206, 15.722, 14.726, 11.77, 7.558, 6.973, 7.764, 8.012, 7.308, 8.203, 9.345, 10.131, 11.079, 12.418, 13.099, 14.079, 14.086, 12.495, 10.077, 8.724, 8.42, 8.924, 8.989, 6.93, 6.818, 7.272, 6.419, 5.002, 5.51, 8.055, 7.689, 6.675, 6.691, 6.916, 7.256, 6.396, 5.845, 5.715, 6.143, 6.24, 6.08, 5.119, 4.651, 5.297, 6.947, 7.41, 6.083, 6.07, 6.78, 6.397, 5.542, 5.338, 5.533, 5.264, 4.805, 4.445, 4.337, 3.629, 3.471, 4.401, 6.77, 5.346, 2.896, 2.634, 2.59, 2.852, 2.777, 3.417, 3.374, 3.376, 3.277, 4.002, 3.491, 3.656, 3.611, 6.001, 7.921, 8.439, 8.143, 8.224, 9.166, 10.349, 10.474, 10.535, 11.151, 12.605, 11.862, 8.306, 7.679], [3.281, 3.455, 4.091, 5.286, 5.155, 4.429, 4.135, 5.349, 7.339, 8.337, 8.631, 7.721, 7.612, 7.44, 6.126, 4.799, 3.304, 2.601, 2.81, 2.946, 3.173, 4.147, 3.681, 2.519, 2.619, 1.839, 1.688, 1.751, 1.55, 1.66, 0.0, 1.248, 1.525, 2.232, 1.841, 2.244, 3.151, 3.648, 3.264, 2.995, 4.328, 3.596, 4.713, 7.185, 5.94, 6.112, 6.93, 8.064, 9.002, 9.274, 8.769, 7.409, 7.013, 8.484, 10.604, 12.472, 14.294, 15.635, 16.066, 15.136, 12.089, 7.821, 7.273, 8.699, 8.809, 8.316, 8.696, 9.805, 10.547, 11.525, 12.824, 13.391, 14.318, 14.297, 12.768, 10.371, 9.064, 8.838, 9.33, 9.404, 7.763, 7.509, 7.651, 6.871, 5.986, 6.686, 8.644, 8.191, 7.081, 7.111, 7.322, 7.649, 6.763, 6.265, 6.055, 6.575, 6.579, 6.512, 5.425, 5.001, 5.722, 7.196, 7.764, 6.546, 6.521, 7.103, 6.85, 5.895, 5.567, 5.701, 5.558, 5.157, 4.796, 4.563, 4.07, 3.644, 4.778, 7.017, 5.668, 3.02, 2.695, 1.785, 2.078, 2.478, 3.679, 3.664, 3.473, 3.221, 3.531, 2.944, 3.336, 4.461, 6.601, 8.234, 8.769, 8.724, 8.552, 9.408, 10.613, 10.698, 10.741, 11.479, 12.991, 12.211, 8.74, 8.115], [3.555, 3.17, 4.146, 5.744, 5.713, 4.97, 4.812, 5.977, 7.897, 8.908, 9.189, 8.279, 8.179, 7.998, 6.789, 5.377, 4.001, 2.805, 2.87, 2.742, 2.848, 3.679, 3.293, 2.689, 3.149, 2.129, 1.844, 1.932, 2.043, 2.237, 1.248, 0.0, 1.42, 2.637, 2.091, 1.991, 2.87, 3.376, 2.98, 2.534, 3.853, 3.36, 5.168, 7.79, 6.484, 6.675, 7.493, 8.629, 9.563, 9.852, 9.364, 7.997, 7.567, 9.042, 11.167, 13.035, 14.857, 16.217, 16.624, 15.694, 12.647, 8.377, 7.837, 9.371, 9.467, 8.958, 9.333, 10.334, 11.09, 12.057, 13.381, 13.938, 14.885, 14.868, 13.317, 10.929, 9.622, 9.373, 9.897, 9.962, 8.371, 8.145, 8.27, 7.555, 6.662, 7.394, 9.164, 8.773, 7.658, 7.739, 7.891, 8.182, 7.348, 6.776, 6.763, 7.144, 7.143, 7.068, 5.955, 5.609, 6.305, 7.739, 8.493, 7.162, 7.202, 7.663, 7.454, 6.468, 6.16, 6.281, 6.112, 5.734, 5.35, 5.059, 4.58, 4.078, 5.334, 7.603, 6.25, 3.622, 3.33, 2.219, 2.106, 2.581, 3.892, 3.541, 3.411, 3.501, 3.367, 2.866, 3.699, 5.009, 7.105, 8.785, 9.309, 9.208, 9.112, 10.008, 11.182, 11.271, 11.365, 12.061, 13.572, 12.792, 9.279, 8.64], [3.283, 3.34, 3.733, 5.052, 4.931, 4.299, 4.294, 5.356, 7.08, 8.131, 8.423, 7.482, 7.399, 7.299, 6.217, 4.776, 3.741, 2.53, 2.779, 3.012, 3.568, 4.211, 3.633, 2.573, 2.617, 1.858, 2.073, 2.006, 2.04, 1.983, 1.525, 1.42, 0.0, 1.965, 1.779, 2.737, 3.761, 4.109, 3.487, 3.149, 4.26, 3.226, 4.322, 6.913, 5.701, 5.876, 6.642, 7.778, 8.735, 9.052, 8.59, 7.165, 6.769, 8.239, 10.315, 12.257, 13.966, 15.359, 15.889, 14.892, 11.94, 7.714, 7.242, 8.704, 8.715, 8.414, 8.624, 9.593, 10.436, 11.242, 12.589, 13.244, 14.223, 14.198, 12.624, 10.245, 8.883, 8.571, 9.075, 9.152, 7.641, 7.409, 7.598, 6.918, 6.268, 6.81, 8.271, 7.909, 6.801, 7.045, 7.189, 7.439, 6.578, 5.973, 6.272, 6.329, 6.414, 6.322, 5.319, 5.242, 5.852, 7.191, 8.112, 6.681, 6.674, 7.077, 6.897, 5.842, 5.467, 5.647, 5.406, 4.969, 4.587, 4.369, 3.896, 3.232, 4.612, 6.94, 5.505, 3.217, 2.769, 2.211, 2.316, 2.775, 3.868, 3.579, 3.36, 3.315, 3.475, 2.967, 3.598, 4.206, 6.288, 8.16, 8.766, 8.459, 8.502, 9.348, 10.519, 10.605, 10.678, 11.322, 12.773, 12.033, 8.455, 7.84], [2.795, 3.142, 3.397, 3.936, 3.545, 3.331, 3.65, 4.406, 5.573, 6.785, 6.822, 5.909, 5.721, 5.949, 5.89, 4.085, 3.384, 2.368, 2.545, 3.089, 3.733, 4.19, 3.471, 2.47, 1.981, 1.814, 2.805, 2.363, 2.246, 2.304, 2.232, 2.637, 1.965, 0.0, 1.777, 3.466, 4.388, 5.265, 4.877, 4.508, 5.414, 4.413, 4.124, 5.68, 4.428, 4.476, 5.151, 6.237, 7.305, 7.6, 7.171, 5.575, 5.201, 6.55, 8.727, 10.613, 12.412, 13.856, 14.282, 13.273, 10.313, 6.599, 6.854, 8.827, 9.05, 8.645, 8.731, 9.657, 10.113, 10.282, 11.509, 12.135, 12.922, 13.204, 11.502, 8.933, 7.875, 7.773, 7.963, 7.658, 6.996, 6.96, 6.76, 6.292, 5.883, 6.368, 7.805, 7.476, 6.318, 6.29, 5.882, 5.714, 5.624, 5.419, 5.679, 5.459, 5.171, 5.567, 4.963, 4.963, 5.639, 6.584, 7.497, 6.547, 6.226, 5.915, 5.844, 4.923, 4.575, 4.346, 4.065, 3.658, 3.428, 3.485, 3.405, 3.226, 4.153, 5.549, 3.978, 3.188, 2.785, 2.779, 3.049, 3.72, 4.116, 4.345, 4.242, 3.671, 4.047, 3.295, 3.94, 4.439, 5.643, 7.186, 7.931, 7.889, 7.806, 8.455, 9.133, 9.399, 9.408, 9.808, 11.13, 10.329, 6.919, 6.522], [2.567, 2.848, 3.211, 4.069, 4.151, 3.764, 3.96, 4.967, 6.232, 7.146, 7.383, 6.613, 6.472, 6.558, 6.214, 4.492, 3.772, 2.331, 1.973, 2.398, 3.179, 3.85, 3.258, 2.164, 1.996, 1.742, 2.471, 2.388, 2.394, 2.556, 1.841, 2.091, 1.779, 1.777, 0.0, 2.639, 3.693, 4.394, 4.129, 3.982, 5.1, 4.058, 4.62, 6.151, 5.113, 5.06, 5.735, 6.928, 7.776, 8.165, 7.751, 6.194, 5.727, 7.201, 9.295, 11.242, 12.975, 14.433, 14.873, 13.863, 10.96, 7.122, 7.054, 9.103, 9.351, 8.97, 8.994, 9.811, 10.227, 10.575, 11.995, 12.569, 13.47, 13.69, 12.047, 9.486, 8.284, 8.144, 8.554, 8.16, 7.384, 7.235, 7.069, 6.718, 6.41, 6.756, 8.046, 7.61, 6.576, 6.718, 6.328, 6.442, 5.863, 5.639, 5.648, 5.855, 5.735, 6.126, 5.383, 5.322, 6.039, 7.034, 7.94, 6.941, 6.675, 6.53, 6.435, 5.432, 5.075, 5.113, 4.933, 4.434, 4.054, 4.016, 3.743, 3.619, 4.415, 6.059, 4.675, 3.41, 3.002, 2.532, 2.609, 3.2, 3.976, 3.917, 3.784, 3.489, 3.528, 2.952, 3.826, 4.683, 5.996, 7.504, 8.284, 8.165, 7.959, 8.607, 9.705, 9.928, 9.936, 10.473, 11.731, 10.991, 7.505, 7.16], [3.56, 2.934, 4.071, 5.753, 5.755, 5.064, 4.709, 5.911, 7.963, 9.042, 9.305, 8.418, 8.302, 8.325, 7.065, 5.623, 4.072, 3.19, 2.998, 2.185, 1.947, 2.675, 2.527, 2.467, 3.316, 2.514, 1.711, 2.387, 2.415, 2.947, 2.244, 1.991, 2.737, 3.466, 2.639, 0.0, 1.733, 2.44, 2.645, 2.472, 3.336, 3.022, 5.55, 7.858, 6.693, 6.845, 7.58, 8.683, 9.607, 9.926, 9.413, 7.994, 7.684, 9.201, 11.358, 13.243, 14.968, 16.355, 16.836, 15.817, 12.9, 8.927, 8.352, 9.734, 9.967, 9.342, 9.928, 11.038, 11.704, 12.268, 13.692, 14.32, 15.324, 15.422, 13.798, 11.298, 10.04, 9.64, 10.056, 10.061, 8.419, 8.331, 8.492, 7.514, 6.237, 7.286, 9.45, 9.107, 8.12, 7.701, 8.007, 8.32, 7.623, 7.203, 7.136, 7.322, 7.362, 7.341, 6.481, 5.805, 6.756, 8.134, 8.625, 7.434, 7.21, 7.904, 7.491, 6.76, 6.624, 6.551, 6.303, 5.806, 5.587, 5.739, 5.018, 4.602, 5.915, 8.059, 6.527, 3.987, 3.722, 2.619, 2.213, 2.583, 3.454, 2.954, 2.683, 2.985, 2.577, 2.435, 3.349, 5.419, 7.31, 9.173, 9.675, 9.531, 9.539, 10.523, 11.589, 11.798, 11.854, 12.28, 13.728, 12.984, 9.379, 8.821], [4.491, 3.872, 5.314, 6.969, 6.941, 6.198, 5.835, 7.097, 9.127, 10.148, 10.441, 9.533, 9.418, 9.404, 8.106, 6.555, 5.096, 4.263, 4.04, 3.189, 1.911, 2.708, 3.115, 3.544, 4.205, 3.299, 2.184, 2.661, 2.933, 3.646, 3.151, 2.87, 3.761, 4.388, 3.693, 1.733, 0.0, 1.572, 1.959, 1.824, 2.45, 2.835, 6.674, 8.963, 7.753, 7.929, 8.687, 9.833, 10.788, 11.032, 10.524, 9.132, 8.759, 10.27, 12.468, 14.318, 16.131, 17.509, 17.91, 16.961, 13.937, 10.012, 9.416, 10.581, 10.904, 10.083, 10.91, 12.017, 12.709, 13.441, 14.809, 15.371, 16.371, 16.524, 14.874, 12.348, 11.115, 10.726, 11.157, 11.215, 9.4, 9.268, 9.575, 8.675, 6.768, 8.063, 10.626, 10.252, 9.271, 8.974, 9.133, 9.429, 8.699, 8.301, 8.089, 8.376, 8.398, 8.52, 7.548, 6.806, 7.765, 9.155, 9.583, 8.465, 8.245, 8.938, 8.634, 7.816, 7.653, 7.595, 7.365, 6.967, 6.726, 6.815, 6.02, 5.625, 6.931, 9.106, 7.588, 4.99, 4.786, 3.455, 2.981, 3.39, 3.643, 3.428, 3.43, 4.05, 3.704, 3.542, 4.16, 6.438, 8.358, 10.218, 10.68, 10.506, 10.558, 11.555, 12.644, 12.879, 12.904, 13.339, 14.796, 14.029, 10.555, 9.951], [5.329, 4.749, 6.14, 7.795, 7.765, 7.024, 6.641, 7.879, 9.953, 10.958, 11.251, 10.341, 10.233, 10.061, 8.613, 7.244, 5.571, 4.809, 4.727, 3.957, 2.881, 3.056, 3.877, 4.296, 5.043, 4.279, 2.825, 3.309, 3.594, 3.888, 3.648, 3.376, 4.109, 5.265, 4.394, 2.44, 1.572, 0.0, 1.289, 1.44, 1.4, 2.882, 7.156, 9.766, 8.512, 8.703, 9.508, 10.657, 11.583, 11.852, 11.347, 9.953, 9.552, 11.041, 13.166, 15.034, 16.868, 18.247, 18.687, 17.755, 14.71, 10.472, 9.769, 10.477, 10.773, 9.899, 11.018, 12.158, 12.969, 14.108, 15.406, 15.996, 16.936, 16.906, 15.401, 12.992, 11.685, 11.387, 11.914, 12.022, 9.884, 9.648, 10.269, 9.453, 7.177, 8.368, 11.098, 10.749, 9.721, 9.715, 9.942, 10.239, 9.357, 8.739, 8.538, 9.121, 9.196, 9.123, 8.053, 7.379, 8.162, 9.766, 10.214, 8.93, 8.917, 9.724, 9.424, 8.484, 8.167, 8.306, 8.175, 7.774, 7.413, 7.205, 6.481, 6.025, 7.255, 9.639, 8.279, 5.353, 5.115, 3.898, 3.408, 3.428, 3.899, 3.418, 3.724, 4.615, 4.357, 4.34, 4.729, 6.571, 8.976, 10.848, 11.287, 11.093, 11.14, 12.022, 13.234, 13.353, 13.391, 14.095, 15.601, 14.827, 11.331, 10.678], [5.217, 4.724, 5.877, 7.491, 7.469, 6.728, 6.345, 7.582, 9.657, 10.664, 10.954, 10.044, 9.94, 9.777, 8.328, 6.957, 5.286, 4.524, 4.461, 3.767, 3.094, 3.345, 3.813, 4.033, 4.733, 3.839, 2.51, 2.916, 3.207, 3.408, 3.264, 2.98, 3.487, 4.877, 4.129, 2.645, 1.959, 1.289, 0.0, 0.994, 1.362, 2.421, 6.761, 9.471, 8.214, 8.405, 9.21, 10.359, 11.299, 11.582, 11.079, 9.696, 9.271, 10.749, 12.858, 14.727, 16.569, 17.944, 18.398, 17.458, 14.425, 10.156, 9.465, 9.895, 10.022, 9.326, 10.46, 11.667, 12.628, 13.805, 15.112, 15.712, 16.652, 16.596, 15.1, 12.707, 11.395, 11.092, 11.619, 11.726, 9.578, 9.278, 9.968, 9.154, 6.844, 8.004, 10.762, 10.398, 9.345, 9.424, 9.648, 9.973, 9.075, 8.438, 8.272, 8.831, 8.908, 8.813, 7.714, 7.077, 7.828, 9.481, 9.929, 8.6, 8.626, 9.438, 9.128, 8.197, 7.873, 8.021, 7.881, 7.478, 7.117, 6.819, 6.188, 5.641, 6.918, 9.354, 7.98, 5.055, 4.827, 3.784, 3.422, 3.206, 3.616, 3.039, 3.356, 4.305, 4.04, 4.046, 4.44, 6.016, 8.681, 10.564, 11.002, 10.801, 10.856, 11.727, 12.949, 13.035, 13.072, 13.809, 15.31, 14.543, 11.058, 10.426], [5.175, 4.684, 5.926, 7.511, 7.478, 6.737, 6.354, 7.591, 9.666, 