[[0.0, 1.384, 2.452, 3.26, 3.05, 3.896, 1.549, 2.738, 3.847, 4.64, 6.479, 6.885, 4.58, 3.772, 4.585, 4.852, 4.894, 4.727, 5.539, 5.097, 4.943, 5.247, 5.298, 4.811, 5.727, 6.645, 6.745, 6.231, 5.784, 5.923, 5.661, 4.783, 4.456, 4.647, 5.142, 5.776, 5.911, 5.76, 6.311, 7.791, 9.23, 9.298, 7.744, 6.181, 5.903, 4.231, 4.028, 5.586, 2.483, 4.213, 6.44, 6.112, 5.408, 5.576, 6.71, 6.198, 6.533, 6.769, 6.226, 6.551, 7.082, 8.16, 7.987, 7.71, 7.545, 7.002, 5.924, 5.894, 6.193, 5.847, 5.242, 5.724, 4.651, 4.712, 5.452, 6.357, 6.502, 5.724, 4.709, 4.69, 3.84, 2.844, 3.651, 4.608, 4.714, 5.313, 5.347, 5.3, 5.287, 5.701, 8.77, 13.325, 14.473, 14.678, 14.652, 12.9, 11.568, 11.426, 10.642, 6.702, 4.856, 4.818, 4.781, 5.109, 5.002, 4.539, 4.951, 6.345, 8.206, 9.455, 7.58, 7.132, 6.5, 5.914, 6.238, 7.212, 6.269, 5.995, 6.401, 6.75, 7.193, 7.064, 6.406, 6.054, 5.741, 5.184, 4.512, 4.778, 4.054, 3.809, 4.978, 5.495, 6.188, 6.101, 7.777, 7.497, 5.422, 4.357, 3.891, 3.575, 2.898, 3.19, 2.921, 2.364, 2.977, 3.535], [1.384, 0.0, 1.377, 2.34, 2.197, 2.895, 1.66, 3.897, 4.959, 5.727, 7.582, 8.018, 5.653, 4.338, 4.801, 4.925, 5.007, 4.884, 5.712, 5.575, 5.684, 6.068, 6.152, 5.655, 6.562, 7.562, 7.553, 7.001, 6.593, 6.838, 6.67, 5.327, 4.639, 5.271, 6.009, 6.813, 7.014, 6.871, 7.448, 8.94, 10.375, 10.417, 8.915, 6.487, 5.884, 3.966, 3.247, 4.755, 2.201, 4.957, 7.116, 6.809, 6.132, 6.305, 7.269, 6.768, 7.104, 7.35, 6.926, 7.588, 7.889, 9.031, 9.003, 8.46, 8.443, 7.999, 6.84, 6.919, 7.274, 6.87, 5.818, 5.806, 4.573, 4.921, 5.586, 6.394, 6.501, 5.872, 4.817, 4.712, 3.576, 2.848, 4.165, 4.971, 4.947, 5.544, 5.627, 5.509, 5.358, 5.411, 7.871, 12.151, 13.36, 13.717, 13.646, 12.211, 10.939, 10.799, 9.542, 5.979, 4.667, 4.283, 4.483, 4.95, 4.866, 4.478, 5.017, 6.442, 8.271, 9.412, 7.626, 7.461, 6.869, 6.284, 6.608, 7.461, 6.632, 6.38, 6.85, 7.226, 7.525, 7.444, 6.778, 6.366, 5.819, 5.251, 4.572, 5.021, 4.438, 4.03, 5.285, 5.982, 6.64, 7.059, 8.948, 8.683, 6.357, 5.068, 4.444, 4.075, 3.665, 4.307, 3.846, 3.081, 3.76, 4.464], [2.452, 1.377, 0.0, 1.514, 1.551, 2.023, 2.06, 5.145, 6.204, 6.975, 8.818, 9.258, 6.902, 5.138, 5.484, 5.383, 5.643, 5.594, 6.591, 6.606, 6.757, 7.118, 7.31, 6.734, 7.631, 8.712, 8.617, 8.126, 7.67, 8.072, 7.9, 6.286, 5.261, 6.263, 7.178, 8.043, 8.267, 8.106, 8.681, 10.164, 11.599, 11.629, 10.155, 7.169, 5.916, 4.216, 2.711, 4.062, 2.374, 6.047, 8.118, 7.796, 7.2, 7.346, 7.85, 7.538, 8.001, 8.229, 8.002, 8.772, 9.019, 10.195, 10.202, 9.615, 9.672, 9.224, 8.08, 8.165, 8.494, 8.069, 6.81, 6.388, 5.112, 5.477, 6.185, 6.987, 6.91, 6.49, 5.339, 5.368, 4.09, 3.46, 4.884, 5.61, 5.588, 6.179, 6.268, 6.134, 5.777, 5.48, 7.391, 10.962, 12.156, 12.65, 12.525, 11.366, 10.234, 10.171, 8.545, 5.371, 4.449, 3.849, 4.13, 4.587, 4.526, 4.781, 5.651, 7.08, 8.502, 9.182, 8.049, 8.109, 7.559, 6.957, 7.325, 8.183, 7.372, 7.111, 7.58, 7.974, 8.227, 8.19, 7.463, 7.091, 6.437, 5.897, 5.219, 5.651, 5.12, 4.684, 5.922, 6.719, 7.471, 8.196, 10.187, 9.927, 7.605, 6.208, 5.231, 4.883, 4.762, 5.54, 4.972, 3.773, 4.61, 5.602], [3.26, 2.34, 1.514, 0.0, 1.109, 1.336, 2.799, 5.914, 6.959, 7.762, 9.624, 10.001, 7.7, 6.047, 6.139, 5.899, 6.277, 6.464, 7.588, 7.532, 7.68, 8.013, 8.254, 7.64, 8.529, 9.576, 9.536, 8.975, 8.48, 8.881, 8.735, 7.184, 6.174, 7.192, 8.045, 8.889, 9.025, 8.905, 9.476, 10.972, 12.404, 12.452, 10.923, 7.897, 6.286, 4.683, 3.057, 3.697, 2.953, 6.873, 8.623, 8.193, 7.922, 7.996, 7.915, 7.632, 8.627, 9.02, 8.856, 9.576, 9.9, 11.106, 11.033, 10.469, 10.522, 10.02, 8.863, 8.929, 9.382, 8.916, 7.848, 7.272, 5.903, 6.326, 6.967, 7.535, 7.422, 7.111, 6.107, 5.976, 4.662, 4.26, 5.847, 6.492, 6.315, 6.89, 7.022, 6.815, 6.479, 5.956, 7.235, 10.776, 11.998, 12.572, 12.227, 11.384, 10.14, 10.005, 8.615, 5.434, 4.629, 4.038, 4.215, 4.641, 4.557, 5.267, 6.244, 7.669, 8.814, 9.175, 8.47, 8.943, 8.456, 7.86, 8.234, 9.148, 8.285, 7.952, 8.54, 8.901, 9.133, 9.044, 8.301, 7.961, 7.167, 6.471, 5.785, 6.389, 5.844, 5.438, 6.666, 7.496, 8.332, 8.963, 10.954, 10.681, 8.375, 7.076, 5.78, 5.548, 5.505, 6.339, 5.784, 4.465, 5.126, 6.323], [3.05, 2.197, 1.551, 1.109, 0.0, 1.538, 2.438, 5.615, 6.689, 7.467, 9.296, 9.759, 7.372, 6.043, 6.12, 5.812, 6.293, 6.464, 7.415, 7.201, 7.322, 7.667, 7.919, 7.37, 8.296, 9.357, 9.283, 8.682, 8.24, 8.588, 8.417, 7.012, 6.111, 6.934, 7.74, 8.53, 8.749, 8.573, 9.143, 10.637, 12.073, 12.129, 10.598, 7.803, 6.098, 4.571, 2.88, 3.939, 3.08, 6.559, 8.478, 8.123, 7.703, 7.812, 8.122, 7.742, 8.336, 8.74, 8.57, 9.241, 9.594, 10.762, 10.692, 10.17, 10.215, 9.691, 8.553, 8.64, 9.02, 8.584, 7.478, 7.213, 5.917, 6.329, 6.942, 7.437, 7.374, 7.151, 6.048, 5.993, 4.687, 4.29, 5.899, 6.569, 6.361, 6.849, 7.001, 6.792, 6.431, 5.779, 7.112, 10.622, 11.88, 12.38, 12.097, 11.202, 9.953, 9.751, 8.392, 5.254, 4.594, 3.885, 4.094, 4.473, 4.462, 5.128, 6.205, 7.617, 8.582, 9.079, 8.347, 8.942, 8.471, 7.878, 8.283, 9.172, 8.32, 8.06, 8.564, 8.965, 9.187, 9.157, 8.382, 7.992, 7.128, 6.398, 5.763, 6.488, 5.892, 5.548, 6.772, 7.563, 8.328, 8.727, 10.63, 10.385, 8.098, 6.749, 5.505, 5.197, 5.133, 5.999, 5.454, 4.135, 4.83, 6.037], [3.896, 2.895, 2.023, 1.336, 1.538, 0.0, 3.299, 6.515, 7.65, 8.429, 10.255, 10.723, 8.292, 6.828, 6.899, 6.762, 7.136, 7.18, 7.963, 7.956, 8.076, 8.578, 8.717, 8.266, 9.173, 10.176, 10.181, 9.627, 9.248, 9.507, 9.36, 7.846, 6.672, 7.781, 8.658, 9.458, 9.704, 9.508, 9.985, 11.467, 12.931, 12.899, 11.44, 8.553, 7.107, 5.448, 3.687, 4.544, 3.668, 7.271, 9.016, 8.604, 8.282, 8.417, 7.966, 7.994, 9.072, 9.393, 9.283, 10.018, 10.339, 11.554, 11.417, 11.006, 11.15, 10.545, 9.522, 9.595, 9.838, 9.422, 8.225, 7.808, 6.425, 6.933, 7.516, 8.392, 8.351, 7.987, 6.797, 6.859, 5.563, 4.891, 6.542, 7.291, 7.155, 7.628, 7.736, 7.577, 7.131, 6.644, 7.878, 10.509, 11.724, 12.296, 11.841, 11.173, 10.466, 10.414, 8.26, 6.105, 5.289, 4.624, 4.918, 5.426, 5.43, 6.009, 7.056, 8.482, 9.619, 10.002, 9.31, 9.606, 8.985, 8.385, 8.87, 9.679, 8.95, 8.752, 9.228, 9.648, 9.848, 9.85, 9.075, 8.684, 7.876, 7.275, 6.698, 7.206, 6.582, 6.27, 7.49, 8.221, 9.036, 9.752, 11.541, 11.29, 9.04, 7.559, 6.262, 5.844, 6.026, 6.89, 6.248, 4.982, 5.704, 6.989], [1.549, 1.66, 2.06, 2.799, 2.438, 3.299, 0.0, 3.497, 4.603, 5.406, 7.255, 7.681, 5.316, 4.287, 5.195, 5.298, 5.524, 5.018, 5.602, 5.14, 5.139, 5.5, 5.673, 5.193, 6.175, 7.195, 7.19, 6.654, 6.124, 6.532, 6.366, 5.138, 4.796, 4.873, 5.672, 6.475, 6.683, 6.52, 6.943, 8.429, 9.909, 9.871, 8.387, 6.585, 6.111, 4.325, 3.336, 4.926, 2.334, 4.499, 6.58, 6.243, 5.729, 5.941, 6.692, 6.074, 6.42, 6.667, 6.493, 6.993, 7.497, 8.614, 8.554, 8.21, 8.115, 7.581, 6.513, 6.632, 6.751, 6.439, 5.488, 5.927, 4.877, 5.004, 5.822, 6.866, 6.889, 6.301, 5.14, 5.248, 3.973, 3.174, 4.005, 5.109, 5.318, 5.856, 5.875, 5.85, 5.523, 5.567, 8.417, 12.701, 13.769, 14.101, 14.089, 12.961, 11.596, 11.265, 10.141, 6.225, 4.717, 4.549, 4.607, 5.05, 5.084, 4.76, 5.46, 6.876, 8.51, 9.543, 7.963, 7.51, 6.746, 6.093, 6.6, 7.292, 6.535, 6.404, 6.692, 7.122, 7.507, 7.478, 6.836, 6.53, 6.172, 5.677, 5.113, 5.348, 4.651, 4.432, 5.579, 5.941, 6.557, 6.649, 8.51, 8.214, 6.016, 4.777, 3.904, 3.376, 3.011, 3.807, 3.32, 2.228, 3.042, 3.987], [2.738, 3.897, 5.145, 5.914, 5.615, 6.515, 3.497, 0.0, 1.427, 2.38, 4.238, 4.653, 3.251, 2.739, 4.549, 6.027, 4.697, 4.132, 5.006, 4.159, 3.637, 3.605, 3.742, 3.219, 4.177, 5.084, 5.26, 4.708, 4.08, 4.081, 3.84, 3.479, 3.891, 3.606, 3.902, 3.884, 3.939, 3.91, 4.107, 5.352, 6.862, 7.005, 5.468, 5.177, 6.752, 5.578, 6.53, 8.159, 4.587, 2.946, 5.144, 4.933, 3.972, 5.037, 6.346, 5.728, 5.514, 5.592, 5.098, 5.082, 5.524, 6.576, 6.285, 6.419, 6.224, 5.49, 4.624, 4.575, 4.266, 4.046, 4.179, 5.264, 5.108, 4.811, 5.265, 6.15, 6.649, 5.88, 6.095, 5.771, 5.538, 4.361, 2.908, 3.624, 4.096, 4.979, 4.394, 4.719, 5.642, 7.16, 11.272, 16.015, 17.101, 17.194, 17.328, 15.328, 13.771, 13.64, 13.26, 9.247, 6.386, 7.24, 6.81, 6.349, 6.227, 5.412, 4.533, 5.936, 8.105, 9.711, 7.221, 6.106, 5.47, 4.84, 5.635, 6.39, 5.348, 5.208, 5.322, 5.326, 6.058, 5.902, 5.447, 5.529, 5.489, 5.474, 4.764, 3.743, 3.084, 3.392, 3.842, 4.116, 4.718, 4.187, 5.307, 5.098, 3.848, 3.428, 3.527, 3.265, 2.727, 2.424, 2.683, 3.076, 3.381, 3.173], [3.847, 4.959, 6.204, 6.959, 6.689, 7.65, 4.603, 1.427, 0.0, 1.424, 3.223, 3.595, 2.837, 2.77, 5.288, 7.045, 5.034, 4.131, 4.83, 3.827, 3.16, 2.961, 2.984, 2.429, 3.355, 4.248, 4.322, 3.757, 3.213, 3.114, 2.929, 2.934, 3.876, 3.064, 3.07, 3.062, 3.068, 3.267, 3.192, 4.274, 5.724, 5.99, 4.575, 4.87, 7.836, 6.673, 7.7, 9.225, 5.668, 2.639, 4.842, 4.803, 3.751, 5.148, 6.454, 5.801, 5.399, 5.336, 4.956, 4.823, 5.248, 6.107, 5.601, 5.674, 5.573, 4.872, 4.155, 4.091, 4.012, 3.544, 3.691, 5.375, 6.097, 5.412, 5.632, 6.708, 7.242, 6.684, 7.166, 6.746, 6.587, 5.496, 3.459, 3.702, 4.415, 5.356, 4.761, 5.221, 6.383, 8.24, 12.38, 17.081, 18.27, 18.388, 18.405, 16.405, 14.888, 14.821, 14.445, 10.413, 7.541, 8.414, 7.979, 7.445, 7.293, 6.192, 4.743, 6.113, 8.314, 9.981, 7.227, 5.673, 5.241, 4.556, 5.531, 6.076, 5.115, 4.996, 5.051, 4.728, 5.536, 5.278, 5.047, 5.419, 5.706, 6.318, 5.625, 3.616, 3.237, 3.889, 3.411, 3.611, 4.029, 3.506, 4.298, 4.15, 3.365, 3.334, 3.628, 3.666, 3.059, 2.555, 3.045, 3.562, 3.811, 3.369], [4.64, 5.727, 6.975, 7.762, 7.467, 8.429, 5.406, 2.38, 1.424, 0.0, 2.128, 2.774, 2.549, 3.222, 6.051, 7.816, 5.65, 3.793, 4.23, 3.287, 2.566, 2.15, 2.177, 1.847, 2.368, 3.238, 3.386, 2.834, 2.427, 2.172, 1.832, 2.261, 3.696, 2.487, 2.259, 2.253, 2.292, 2.466, 2.543, 3.647, 5.063, 5.312, 3.78, 4.333, 8.63, 7.448, 8.477, 9.992, 6.442, 3.07, 5.001, 5.544, 4.561, 5.898, 7.226, 6.565, 5.946, 5.766, 5.423, 5.096, 5.607, 5.875, 5.242, 5.159, 5.132, 4.45, 3.638, 3.602, 3.636, 2.816, 3.045, 5.45, 6.87, 6.037, 6.27, 7.419, 7.927, 7.367, 7.943, 7.474, 7.319, 6.262, 4.137, 4.201, 4.877, 6.056, 5.528, 6.018, 7.104, 9.017, 13.157, 17.847, 19.047, 19.138, 19.176, 17.173, 15.637, 15.582, 15.225, 11.19, 8.323, 9.191, 8.767, 8.221, 8.063, 6.94, 5.338, 6.101, 8.727, 10.564, 7.556, 4.93, 4.777, 4.972, 5.01, 5.386, 4.887, 4.615, 4.53, 4.076, 4.752, 4.422, 4.462, 4.732, 5.824, 7.052, 6.378, 3.651, 3.767, 4.612, 3.491, 2.906, 3.222, 2.964, 3.851, 3.557, 2.889, 3.789, 3.944, 4.108, 3.47, 3.195, 3.71, 4.374, 4.773, 4.225], [6.479, 7.582, 8.818, 9.624, 9.296, 10.255, 7.255, 4.238, 3.223, 2.128, 0.0, 1.675, 2.771, 4.587, 7.882, 9.646, 7.472, 4.419, 3.957, 3.255, 3.23, 2.485, 2.557, 2.675, 1.898, 2.092, 1.842, 1.893, 2.242, 2.144, 1.825, 3.079, 5.197, 3.361, 2.407, 1.673, 1.479, 1.969, 2.311, 2.631, 3.722, 3.914, 2.756, 5.543, 10.467, 9.288, 10.306, 11.839, 8.274, 4.015, 5.283, 5.86, 5.375, 6.278, 7.508, 6.874, 6.051, 5.857, 5.62, 5.073, 5.49, 4.915, 4.257, 4.107, 4.282, 3.536, 3.281, 3.207, 2.952, 2.659, 3.32, 6.892, 8.694, 7.82, 8.084, 9.249, 9.837, 9.259, 9.77, 9.349, 9.202, 8.072, 5.759, 5.355, 6.768, 7.867, 7.334, 7.858, 8.922, 10.846, 14.989, 19.695, 20.876, 20.994, 21.011, 19.01, 17.474, 17.438, 17.04, 13.021, 10.136, 11.011, 10.585, 10.072, 9.897, 8.736, 7.185, 7.941, 10.539, 12.372, 9.269, 5.363, 5.708, 6.104, 5.693, 5.394, 5.134, 5.29, 4.882, 4.097, 4.9, 4.721, 4.958, 5.442, 7.399, 8.879, 8.239, 5.446, 5.369, 6.493, 5.391, 3.763, 3.162, 2.576, 2.754, 2.444, 2.861, 4.025, 4.634, 5.001, 4.557, 4.014, 4.676, 5.862, 6.06, 5.334], [6.885, 8.018, 9.258, 10.001, 9.759, 10.723, 7.681, 4.653, 3.595, 2.774, 1.675, 0.0, 2.534, 5.03, 8.341, 10.098, 7.928, 4.842, 3.566, 3.197, 3.216, 2.903, 2.876, 3.226, 2.884, 2.548, 2.525, 2.6, 2.263, 2.221, 2.136, 3.757, 5.665, 3.802, 2.408, 1.649, 1.525, 1.995, 1.935, 1.857, 2.747, 2.897, 2.074, 6.123, 10.941, 9.741, 10.77, 12.274, 8.726, 4.187, 4.846, 5.532, 5.396, 5.832, 6.667, 6.016, 5.0, 5.038, 5.128, 4.255, 4.385, 3.612, 2.89, 2.837, 3.075, 2.329, 2.468, 2.518, 2.078, 2.088, 3.269, 7.368, 9.158, 8.288, 8.565, 9.771, 10.372, 9.677, 10.231, 9.756, 9.607, 8.546, 6.269, 5.772, 7.211, 8.365, 7.94, 8.376, 9.392, 11.31, 15.446, 20.129, 21.34, 21.431, 21.459, 19.457, 17.961, 17.873, 17.517, 13.484, 10.614, 11.484, 11.061, 10.513, 10.345, 9.224, 7.657, 8.383, 11.034, 12.903, 9.995, 6.324, 6.142, 6.543, 6.039, 5.141, 5.182, 5.413, 4.925, 4.405, 5.475, 5.206, 5.359, 5.992, 7.857, 9.334, 8.661, 5.883, 5.857, 6.888, 5.885, 4.657, 3.001, 2.003, 1.688, 1.4, 2.239, 3.897, 4.928, 5.29, 4.843, 4.04, 4.781, 6.022, 6.178, 5.457], [4.58, 5.653, 6.902, 7.7, 7.372, 8.292, 5.316, 3.251, 2.837, 2.549, 2.771, 2.534, 0.0, 3.083, 6.192, 7.745, 6.068, 3.413, 2.56, 1.639, 1.848, 2.366, 2.166, 2.321, 2.823, 2.96, 3.103, 2.414, 2.141, 2.045, 2.048, 2.918, 3.63, 2.435, 1.66, 1.788, 2.129, 2.324, 2.21, 3.467, 4.918, 5.026, 3.469, 4.998, 8.88, 7.342, 8.345, 9.914, 6.346, 2.962, 3.98, 4.547, 4.366, 4.919, 5.883, 5.255, 4.383, 4.34, 4.31, 3.711, 3.945, 4.315, 3.819, 3.674, 3.509, 2.815, 2.137, 2.085, 2.094, 1.781, 2.809, 5.019, 6.738, 5.893, 6.367, 8.128, 8.824, 7.875, 7.934, 7.468, 7.307, 6.117, 4.131, 3.918, 5.302, 6.656, 6.213, 6.624, 7.118, 8.958, 13.029, 17.77, 18.916, 19.01, 19.088, 17.143, 15.748, 15.523, 15.069, 11.066, 8.236, 9.071, 8.681, 8.547, 8.161, 7.354, 5.894, 6.932, 9.516, 11.466, 8.71, 5.334, 4.819, 4.817, 4.502, 4.632, 3.818, 3.729, 3.992, 4.105, 5.38, 5.099, 4.624, 4.779, 5.526, 7.009, 6.526, 4.177, 3.906, 4.984, 4.639, 4.003, 3.185, 2.29, 3.406, 3.112, 1.47, 2.758, 3.438, 3.669, 3.088, 2.573, 3.45, 4.636, 4.946, 4.417], [3.772, 4.338, 5.138, 6.047, 6.043, 6.828, 4.287, 2.739, 2.77, 3.222, 4.587, 5.03, 3.083, 0.0, 3.423, 5.103, 3.427, 2.046, 3.695, 3.155, 2.329, 2.623, 2.902, 2.155, 3.065, 4.19, 4.098, 3.739, 3.255, 3.76, 3.65, 1.933, 2.073, 1.97, 2.837, 3.77, 4.02, 4.038, 4.609, 5.999, 7.494, 7.643, 5.937, 2.924, 6.066, 4.751, 5.835, 7.319, 3.848, 3.904, 5.947, 5.965, 5.46, 6.379, 7.644, 6.986, 6.462, 6.389, 6.013, 5.877, 6.303, 7.304, 6.713, 6.496, 6.347, 5.767, 4.873, 4.954, 4.844, 4.349, 2.684, 3.131, 4.202, 3.376, 3.892, 5.185, 5.914, 5.026, 5.23, 4.845, 4.693, 3.555, 1.772, 1.406, 2.777, 3.916, 3.349, 3.84, 4.629, 6.323, 10.441, 15.176, 16.344, 16.44, 16.486, 14.478, 13.051, 12.917, 12.503, 8.496, 5.618, 6.468, 6.073, 5.73, 5.395, 4.553, 3.239, 4.558, 6.925, 8.77, 6.105, 3.635, 3.176, 2.478, 3.185, 3.952, 2.984, 2.779, 2.959, 3.11, 3.847, 3.602, 2.92, 3.133, 3.591, 4.356, 3.816, 1.815, 1.462, 2.214, 2.167, 2.139, 2.983, 3.972, 5.975, 5.684, 4.144, 4.149, 4.304, 4.493, 3.993, 3.754, 4.334, 5.055, 5.417, 5.082], [4.585, 4.801, 5.484, 6.139, 6.12, 6.899, 5.195, 4.549, 5.288, 6.051, 7.882, 8.341, 6.192, 3.423, 0.0, 2.103, 1.968, 4.368, 6.588, 6.248, 5.578, 5.853, 6.071, 5.321, 6.295, 7.417, 7.316, 6.976, 6.574, 7.065, 6.958, 5.047, 3.606, 5.102, 6.145, 7.068, 7.35, 7.322, 7.864, 9.25, 10.734, 10.892, 9.185, 2.98, 3.164, 2.613, 3.948, 4.134, 3.545, 6.28, 8.561, 8.234, 7.503, 8.192, 9.517, 8.833, 8.733, 8.966, 8.381, 8.493, 9.06, 10.145, 9.862, 9.634, 9.465, 8.823, 7.815, 7.848, 7.846, 7.575, 5.949, 2.315, 1.527, 1.631, 2.048, 2.745, 3.476, 2.374, 2.431, 1.885, 2.46, 2.718, 2.842, 2.847, 2.017, 1.929, 1.803, 1.513, 2.074, 3.459, 7.14, 11.892, 13.026, 13.146, 13.225, 11.221, 9.764, 9.634, 9.19, 5.17, 3.203, 3.589, 3.324, 3.123, 3.121, 2.907, 2.477, 2.628, 4.718, 6.477, 3.984, 3.648, 3.85, 3.367, 3.875, 4.952, 4.039, 3.714, 4.581, 4.905, 4.582, 4.32, 3.933, 3.788, 2.408, 1.464, 1.696, 2.774, 2.688, 1.92, 2.78, 4.314, 5.705, 7.257, 9.215, 8.97, 7.295, 6.438, 6.33, 5.933, 5.452, 5.565, 5.503, 6.141, 6.612, 6.357], [4.852, 4.925, 5.383, 5.899, 5.812, 6.762, 5.298, 6.027, 7.045, 7.816, 9.646, 10.098, 7.745, 5.103, 2.103, 0.0, 2.344, 5.727, 7.891, 7.661, 7.222, 7.639, 7.809, 7.096, 8.049, 9.152, 9.05, 8.731, 8.336, 8.824, 8.699, 6.737, 5.053, 6.636, 7.831, 8.834, 9.088, 8.955, 9.521, 10.98, 12.434, 12.535, 10.95, 4.546, 1.923, 1.881, 3.383, 3.04, 3.642, 7.569, 9.825, 9.545, 8.776, 9.622, 10.985, 10.169, 10.173, 10.261, 9.769, 9.819, 10.429, 11.493, 11.301, 11.021, 10.798, 10.247, 9.159, 9.2, 9.384, 9.117, 7.509, 3.559, 2.042, 2.56, 2.633, 1.873, 2.064, 2.044, 2.17, 1.721, 2.09, 3.367, 4.338, 4.44, 3.018, 2.228, 2.729, 2.224, 1.688, 1.699, 5.384, 10.104, 11.259, 11.388, 11.437, 9.602, 8.265, 8.064, 7.429, 3.505, 2.45, 2.806, 2.715, 2.872, 2.433, 2.336, 2.892, 2.683, 3.482, 4.944, 2.876, 4.852, 4.92, 4.517, 4.79, 5.988, 5.258, 4.875, 5.776, 6.288, 5.64, 5.501, 5.11, 4.721, 3.094, 1.441, 1.841, 4.408, 4.341, 3.236, 4.492, 6.089, 7.43, 9.012, 10.97, 10.708, 8.664, 7.951, 7.825, 7.269, 6.445, 6.549, 6.747, 6.633, 7.164, 7.331], [4.894, 5.007, 5.643, 6.277, 6.293, 7.136, 5.524, 4.697, 5.034, 5.65, 7.472, 7.928, 6.068, 3.427, 1.968, 2.344, 0.0, 3.994, 6.487, 6.037, 5.269, 5.514, 5.735, 4.966, 5.921, 7.015, 6.888, 6.57, 6.173, 6.667, 6.547, 4.644, 3.323, 4.631, 5.713, 6.688, 6.938, 6.845, 7.435, 8.892, 10.378, 10.451, 8.81, 2.9, 3.275, 2.731, 4.309, 4.789, 3.708, 6.646, 8.973, 8.912, 7.86, 9.142, 10.479, 9.739, 9.563, 9.466, 9.15, 9.02, 9.391, 10.171, 9.597, 9.361, 9.238, 8.648, 7.768, 7.854, 7.883, 7.131, 5.426, 2.525, 2.067, 2.285, 1.453, 2.368, 2.983, 2.285, 2.571, 2.217, 2.204, 3.018, 3.303, 2.805, 1.184, 1.23, 1.388, 1.321, 1.735, 3.393, 7.531, 12.237, 13.42, 13.577, 13.57, 11.607, 10.333, 10.108, 9.591, 5.584, 2.946, 3.771, 3.393, 3.173, 3.215, 2.247, 1.123, 1.642, 3.769, 5.601, 3.099, 3.07, 2.959, 2.631, 3.165, 4.149, 3.431, 3.118, 3.825, 4.167, 3.588, 3.473, 3.061, 2.988, 1.805, 1.984, 1.4, 2.373, 2.594, 1.829, 2.325, 3.974, 5.282, 6.952, 8.893, 8.623, 7.085, 7.294, 7.305, 6.768, 6.149, 5.818, 6.237, 6.658, 7.144, 7.029], [4.727, 4.884, 5.594, 6.464, 6.464, 7.18, 5.018, 4.132, 4.131, 3.793, 4.419, 4.842, 3.413, 2.046, 4.368, 5.727, 3.994, 0.0, 2.723, 2.628, 2.564, 2.781, 3.133, 2.827, 2.832, 3.785, 3.749, 3.739, 3.324, 4.057, 3.897, 2.21, 1.564, 1.936, 3.077, 3.884, 3.828, 3.757, 4.745, 5.802, 7.079, 7.024, 5.574, 2.775, 6.988, 5.101, 6.15, 7.71, 4.3, 4.487, 6.242, 6.844, 6.175, 7.188, 8.524, 7.944, 7.124, 6.929, 6.639, 6.404, 6.704, 6.346, 5.823, 5.57, 5.553, 4.892, 4.328, 4.554, 4.426, 3.993, 2.395, 2.754, 4.52, 3.906, 4.07, 6.073, 6.903, 6.028, 5.769, 5.53, 5.369, 4.016, 2.987, 2.549, 3.46, 4.628, 4.226, 4.665, 5.034, 6.681, 10.805, 15.561, 16.577, 16.789, 16.959, 15.175, 13.887, 13.514, 12.78, 8.749, 6.026, 6.749, 6.518, 6.593, 6.263, 5.084, 3.921, 4.767, 7.397, 9.405, 6.662, 3.437, 2.994, 3.316, 2.606, 3.005, 2.648, 2.782, 2.607, 2.833, 3.274, 3.195, 2.371, 2.448, 3.298, 5.019, 4.559, 2.233, 2.106, 3.195, 2.739, 2.264, 2.785, 3.739, 5.758, 5.36, 3.914, 4.959, 5.076, 5.271, 4.885, 4.745, 5.329, 5.901, 6.419, 6.243], [5.539, 5.712, 6.591, 7.588, 7.415, 7.963, 5.602, 5.006, 4.83, 4.23, 3.957, 3.566, 2.56, 3.695, 6.588, 7.891, 6.487, 2.723, 0.0, 1.618, 2.24, 2.609, 2.845, 3.333, 3.029, 3.225, 3.347, 3.044, 2.626, 2.955, 3.015, 3.029, 3.307, 2.494, 2.482, 2.79, 3.001, 2.642, 3.324, 4.236, 5.503, 5.332, 3.955, 4.961, 9.343, 7.103, 7.705, 9.49, 5.927, 3.919, 4.872, 5.551, 5.359, 6.02, 6.884, 6.307, 5.393, 5.349, 5.458, 5.199, 4.763, 4.367, 4.078, 3.603, 3.798, 3.279, 2.749, 2.9, 2.921, 2.559, 2.246, 4.7, 6.13, 5.695, 6.311, 8.614, 9.418, 8.43, 8.051, 7.813, 7.461, 5.976, 4.376, 4.374, 5.822, 7.131, 6.719, 7.135, 7.338, 8.787, 12.717, 17.36, 18.304, 18.831, 18.89, 17.397, 16.086, 15.711, 14.492, 10.674, 8.19, 8.556, 8.598, 8.911, 8.605, 7.461, 6.464, 7.234, 9.919, 11.911, 9.174, 5.235, 4.565, 4.885, 3.906, 3.199, 3.512, 3.662, 3.287, 3.524, 4.721, 4.696, 4.168, 4.306, 5.542, 7.225, 7.011, 4.712, 4.389, 5.499, 5.139, 4.035, 2.539, 2.454, 4.233, 3.899, 2.333, 3.988, 4.632, 4.533, 4.486, 4.547, 5.094, 5.903, 6.456, 6.215], [5.097, 5.575, 6.606, 7.532, 7.201, 7.956, 5.14, 4.159, 3.827, 3.287, 3.255, 3.197, 1.639, 3.155, 6.248, 7.661, 6.037, 2.628, 1.618, 0.0, 1.527, 2.023, 2.086, 2.246, 2.585, 2.868, 2.743, 2.358, 1.988, 2.425, 2.49, 2.588, 2.945, 1.811, 1.71, 2.3, 2.443, 2.625, 2.847, 3.921, 5.376, 5.339, 3.979, 4.636, 8.999, 6.889, 7.743, 9.39, 5.839, 3.094, 4.199, 4.868, 4.563, 5.293, 6.29, 5.714, 4.825, 4.701, 4.688, 4.402, 4.261, 4.366, 3.935, 3.587, 3.742, 3.091, 2.685, 2.642, 2.563, 2.009, 2.104, 4.5, 6.089, 5.551, 5.987, 8.17, 8.979, 8.054, 7.669, 7.528, 7.289, 5.878, 4.097, 3.957, 5.392, 6.697, 6.266, 6.719, 7.018, 8.503, 12.61, 17.299, 18.283, 18.734, 18.787, 17.161, 15.88, 15.51, 14.474, 10.606, 7.947, 8.517, 8.514, 8.617, 8.265, 7.025, 6.018, 6.826, 9.49, 11.495, 8.763, 4.976, 4.44, 4.609, 3.835, 3.636, 3.365, 3.509, 3.382, 3.619, 4.818, 4.758, 4.247, 4.181, 5.181, 7.008, 6.576, 4.261, 3.95, 5.108, 4.695, 3.73, 2.712, 2.538, 3.994, 3.714, 1.983, 3.101, 3.73, 3.725, 3.564, 3.4, 4.031, 5.074, 5.499, 5.135], [4.943, 5.684, 6.757, 7.68, 7.322, 8.076, 5.139, 3.637, 3.16, 2.566, 3.23, 3.216, 1.848, 2.329, 5.578, 7.222, 5.269, 2.564, 2.24, 1.527, 0.0, 1.338, 1.262, 1.473, 1.906, 2.549, 2.609, 2.041, 1.663, 2.119, 2.049, 1.721, 2.77, 1.293, 1.162, 2.092, 2.362, 2.355, 2.524, 3.96, 5.451, 5.423, 3.844, 3.698, 8.263, 6.795, 7.735, 9.438, 5.867, 3.691, 4.846, 5.484, 5.171, 5.949, 6.922, 6.316, 5.612, 5.409, 5.344, 4.738, 5.236, 5.505, 4.728, 4.598, 4.6, 3.956, 3.412, 3.434, 3.227, 2.338, 1.61, 4.291, 6.031, 5.291, 5.437, 7.206, 8.087, 7.284, 7.295, 7.079, 6.941, 5.556, 3.355, 3.147, 4.661, 5.786, 5.417, 5.87, 6.385, 8.302, 12.536, 17.281, 18.345, 18.519, 18.63, 16.68, 15.304, 15.086, 14.431, 10.499, 7.48, 8.403, 8.038, 7.871, 7.634, 6.386, 5.097, 5.825, 8.455, 10.476, 7.662, 4.121, 3.486, 3.662, 3.625, 3.432, 3.111, 3.252, 2.967, 3.072, 4.163, 3.974, 3.659, 3.772, 4.958, 6.518, 5.948, 3.411, 3.193, 4.354, 3.636, 2.74, 2.121, 2.369, 4.125, 3.813, 2.382, 3.812, 4.307, 4.375, 4.007, 3.647, 4.395, 5.434, 5.881, 5.425], [5.247, 6.068, 7.118, 8.013, 7.667, 8.578, 5.5, 3.605, 2.961, 2.15, 2.485, 2.903, 2.366, 2.623, 5.853, 7.639, 5.514, 2.781, 2.609, 2.023, 1.338, 0.0, 0.999, 1.282, 1.344, 2.094, 2.082, 1.549, 1.345, 1.687, 1.439, 1.282, 3.154, 1.338, 1.141, 1.642, 1.973, 2.313, 2.646, 3.671, 5.168, 5.301, 3.527, 3.583, 8.435, 7.189, 8.161, 9.868, 6.29, 4.253, 5.528, 6.104, 5.805, 6.46, 7.674, 7.142, 6.262, 6.04, 5.863, 5.331, 5.819, 5.874, 5.17, 4.849, 4.841, 4.276, 3.746, 3.877, 3.724, 2.698, 1.967, 4.773, 6.613, 5.771, 6.004, 7.299, 8.002, 7.359, 7.733, 7.431, 7.274, 5.942, 3.684, 3.4, 4.854, 5.818, 5.328, 5.869, 6.826, 8.772, 12.963, 17.716, 18.719, 18.888, 19.051, 17.055, 15.509, 15.353, 14.938, 10.875, 8.051, 8.853, 8.443, 7.978, 7.94, 6.655, 5.236, 5.956, 8.512, 10.369, 7.426, 3.897, 3.836, 3.94, 3.714, 3.865, 3.499, 3.619, 3.199, 2.715, 3.69, 3.563, 3.503, 3.834, 5.378, 6.836, 6.293, 3.564, 3.349, 4.595, 3.558, 2.129, 1.902, 2.284, 3.831, 3.581, 2.948, 4.279, 4.794, 4.89, 4.422, 4.024, 4.881, 5.905, 6.324, 5.852], [5.298, 6.152, 7.31, 8.254, 7.919, 8.717, 5.673, 3.742, 2.984, 2.177, 2.557, 2.876, 2.166, 2.902, 6.071, 7.809, 5.735, 3.133, 2.845, 2.086, 1.262, 0.999, 0.0, 1.257, 1.457, 1.967, 2.031, 1.485, 1.482, 1.518, 1.46, 1.549, 3.372, 1.642, 0.995, 1.609, 2.023, 2.28, 2.273, 3.565, 4.925, 5.1, 3.385, 3.767, 8.705, 7.364, 8.311, 10.035, 6.484, 4.105, 5.231, 5.841, 5.617, 6.205, 7.326, 6.793, 5.92, 5.745, 5.619, 5.024, 5.482, 5.767, 5.13, 4.767, 4.842, 4.242, 3.688, 3.719, 3.536, 2.431, 2.18, 4.923, 6.757, 5.918, 6.166, 7.493, 8.21, 7.605, 7.879, 7.658, 7.506, 6.159, 3.896, 3.578, 5.076, 6.084, 5.531, 6.087, 6.986, 8.923, 13.134, 17.878, 18.872, 19.075, 19.228, 17.263, 15.769, 15.605, 15.091, 11.031, 8.202, 8.997, 8.61, 8.227, 8.172, 6.804, 5.448, 6.185, 8.692, 10.63, 7.57, 3.961, 3.994, 4.059, 4.074, 4.001, 3.648, 3.79, 3.413, 3.015, 4.033, 3.931, 3.975, 4.134, 5.591, 7.064, 6.519, 3.824, 3.607, 4.823, 3.783, 2.363, 2.177, 2.363, 3.791, 3.556, 2.632, 4.057, 4.733, 4.707, 4.25, 3.884, 4.694, 5.848, 6.256, 5.752], [4.811, 5.655, 6.734, 7.64, 7.37, 8.266, 5.193, 3.219, 2.429, 1.847, 2.675, 3.226, 2.321, 2.155, 5.321, 7.096, 4.966, 2.827, 3.333, 2.246, 1.473, 1.282, 1.257, 0.0, 1.429, 2.394, 2.326, 1.988, 1.794, 2.027, 1.924, 1.38, 3.008, 1.493, 1.358, 2.049, 2.276, 2.764, 2.886, 4.096, 5.635, 5.808, 4.041, 3.421, 7.911, 6.708, 7.755, 9.339, 5.782, 3.755, 5.544, 5.832, 5.226, 6.211, 7.494, 6.882, 6.125, 5.903, 5.737, 5.353, 5.805, 6.243, 5.6, 5.225, 5.259, 4.669, 4.015, 4.028, 3.994, 2.936, 2.173, 4.487, 6.117, 5.283, 5.503, 6.744, 7.458, 6.81, 7.236, 6.843, 6.698, 5.489, 3.194, 2.934, 4.305, 5.38, 4.883, 5.335, 6.353, 8.268, 12.452, 17.195, 18.313, 18.404, 18.507, 16.498, 14.944, 14.835, 14.47, 10.458, 7.552, 8.444, 8.0, 7.477, 7.386, 6.202, 4.624, 5.43, 8.021, 9.926, 6.973, 3.858, 3.763, 3.641, 3.851, 4.183, 3.687, 3.523, 3.333, 3.027, 3.913, 3.652, 3.518, 3.864, 5.011, 6.32, 5.737, 3.103, 2.822, 3.982, 3.038, 2.052, 2.456, 2.571, 4.241, 3.891, 3.006, 4.006, 4.287, 4.419, 3.899, 3.646, 4.292, 5.317, 5.66, 5.126], [5.727, 6.562, 7.631, 8.529, 8.296, 9.173, 6.175, 4.177, 3.355, 2.368, 1.898, 2.884, 2.823, 3.065, 6.295, 8.049, 5.921, 2.832, 3.029, 2.585, 1.906, 1.344, 1.457, 1.429, 0.0, 1.364, 1.341, 1.395, 1.658, 1.885, 1.666, 1.786, 3.627, 1.964, 1.502, 1.771, 1.902, 2.293, 3.012, 3.744, 5.048, 5.21, 3.504, 4.042, 8.851, 7.674, 8.739, 10.293, 6.742, 4.821, 6.21, 6.804, 6.35, 7.251, 8.455, 7.831, 7.022, 6.83, 6.613, 6.089, 6.584, 6.208, 5.429, 4.865, 5.056, 4.486, 4.046, 4.213, 4.072, 3.197, 2.258, 5.311, 7.094, 6.233, 6.473, 7.668, 8.272, 7.712, 8.19, 7.801, 7.656, 6.458, 4.161, 3.805, 5.205, 6.265, 5.703, 6.232, 7.306, 9.227, 13.407, 18.149, 19.279, 19.371, 19.463, 17.455, 15.854, 15.803, 15.431, 11.424, 8.529, 9.417, 8.963, 8.427, 8.343, 7.142, 5.551, 6.313, 8.922, 10.787, 7.748, 3.985, 4.28, 4.481, 4.059, 3.997, 3.76, 3.874, 3.477, 2.73, 3.53, 3.268, 3.379, 3.891, 5.782, 7.274, 6.693, 3.851, 3.745, 4.929, 3.809, 2.281, 2.294, 2.306, 3.996, 3.512, 3.391, 4.9, 5.312, 5.509, 5.03, 4.666, 5.44, 6.476, 6.8, 6.273], [6.645, 7.562, 8.712, 9.576, 9.357, 10.176, 7.195, 5.084, 4.248, 3.238, 2.092, 2.548, 2.96, 4.19, 7.417, 9.152, 7.015, 3.785, 3.225, 2.868, 2.549, 2.094, 1.967, 2.394, 1.364, 0.0, 0.873, 1.537, 1.858, 2.024, 1.954, 2.759, 4.76, 3.034, 1.952, 1.85, 1.909, 2.29, 3.009, 3.679, 4.65, 4.601, 3.093, 5.116, 9.936, 8.731, 9.822, 11.386, 7.842, 5.468, 6.577, 7.277, 6.998, 7.655, 8.702, 8.106, 7.15, 7.092, 7.05, 6.281, 6.629, 5.92, 5.078, 4.388, 4.66, 4.134, 3.772, 4.021, 3.806, 3.028, 2.74, 6.37, 8.158, 7.334, 7.569, 8.76, 9.384, 8.783, 9.29, 8.89, 8.745, 7.527, 5.233, 4.891, 6.304, 7.341, 6.799, 7.322, 8.381, 10.327, 14.503, 19.243, 20.34, 20.425, 20.553, 18.545, 16.942, 16.856, 16.506, 12.484, 9.619, 10.483, 10.05, 9.479, 9.433, 8.19, 6.633, 7.39, 9.968, 11.884, 8.766, 4.836, 5.093, 5.478, 5.046, 4.305, 4.209, 4.627, 4.078, 3.27, 4.145, 4.152, 4.329, 4.972, 6.876, 8.367, 7.783, 4.953, 4.862, 6.061, 4.959, 3.276, 2.577, 2.286, 3.715, 3.092, 3.333, 5.404, 5.994, 6.134, 5.638, 5.185, 6.05, 7.179, 7.522, 6.98], [6.745, 7.553, 8.617, 9.536, 9.283, 10.181, 7.19, 5.26, 4.322, 3.386, 1.842, 2.525, 3.103, 4.098, 7.316, 9.05, 6.888, 3.749, 3.347, 2.743, 2.609, 2.082, 2.031, 2.326, 1.341, 0.873, 0.0, 1.344, 1.893, 2.165, 2.078, 2.757, 4.629, 2.953, 1.924, 1.957, 1.909, 2.538, 3.198, 3.57, 4.507, 4.533, 3.122, 5.051, 9.851, 8.694, 9.755, 11.277, 7.725, 5.411, 6.456, 7.125, 6.804, 7.508, 8.59, 7.98, 7.064, 6.935, 6.88, 6.147, 6.55, 5.887, 5.034, 4.252, 4.541, 4.065, 3.93, 4.145, 3.822, 3.169, 2.76, 6.303, 8.091, 7.212, 7.477, 8.655, 9.347, 8.738, 9.157, 8.825, 8.665, 7.477, 5.156, 4.726, 6.253, 7.23, 6.712, 7.235, 8.32, 10.239, 14.382, 19.125, 20.284, 20.414, 20.458, 18.455, 16.932, 16.865, 16.437, 12.435, 9.53, 10.398, 10.002, 9.462, 9.337, 8.132, 6.656, 7.404, 9.958, 11.771, 8.701, 4.765, 5.052, 5.411, 5.012, 4.363, 4.185, 4.542, 4.079, 3.293, 4.019, 4.108, 4.278, 4.832, 6.798, 8.269, 7.692, 4.944, 4.805, 5.993, 4.927, 3.235, 2.653, 2.448, 3.59, 3.083, 3.443, 5.219, 5.945, 5.899, 5.511, 4.959, 5.831, 7.207, 7.477, 6.869], [6.231, 7.001, 8.126, 8.975, 8.682, 9.627, 6.654, 4.708, 3.757, 2.834, 1.893, 2.6, 2.414, 3.739, 6.976, 8.731, 6.57, 3.739, 3.044, 2.358, 2.041, 1.549, 1.485, 1.988, 1.395, 1.537, 1.344, 0.0, 1.342, 1.386, 1.262, 2.258, 4.288, 2.516, 1.343, 1.432, 1.945, 2.281, 2.544, 3.386, 4.759, 4.981, 3.246, 4.664, 9.493, 8.355, 9.392, 10.909, 7.339, 5.085, 6.04, 6.746, 6.528, 7.122, 8.134, 7.503, 6.58, 6.573, 6.513, 5.777, 6.062, 5.864, 5.127, 4.569, 4.673, 4.153, 3.621, 3.728, 3.663, 2.619, 2.549, 5.989, 7.783, 6.887, 7.165, 8.317, 8.899, 8.363, 8.83, 8.457, 8.297, 7.171, 4.889, 4.419, 5.899, 6.878, 6.336, 6.856, 7.991, 9.911, 14.045, 18.758, 19.956, 20.075, 20.094, 18.096, 16.591, 16.521, 16.125, 12.1, 9.219, 10.094, 9.678, 9.106, 8.98, 7.806, 6.314, 7.065, 9.619, 11.356, 8.262, 4.463, 4.791, 5.106, 4.73, 4.396, 4.167, 4.233, 3.932, 3.198, 4.182, 4.085, 4.294, 4.544, 6.459, 7.933, 7.324, 4.545, 4.451, 5.649, 4.516, 2.841, 2.363, 2.229, 3.574, 3.353, 2.904, 4.855, 5.553, 5.679, 5.159, 4.691, 5.531, 6.753, 7.085, 6.538], [5.784, 6.593, 7.67, 8.48, 8.24, 9.248, 6.124, 4.08, 3.213, 2.427, 2.242, 2.263, 2.141, 3.255, 6.574, 8.336, 6.173, 3.324, 2.626, 1.988, 1.663, 1.345, 1.482, 1.794, 1.658, 1.858, 1.893, 1.342, 0.0, 1.036, 1.411, 2.104, 3.867, 2.119, 1.343, 1.321, 1.519, 1.965, 2.6, 3.456, 4.686, 4.953, 3.205, 4.431, 9.092, 7.942, 8.979, 10.488, 6.945, 4.643, 5.757, 6.417, 6.117, 6.825, 7.885, 7.269, 6.302, 6.232, 6.203, 5.407, 5.726, 5.432, 4.736, 4.319, 4.272, 3.802, 2.983, 3.155, 3.133, 2.224, 1.825, 5.582, 7.391, 6.493, 6.783, 8.02, 8.412, 7.878, 8.437, 7.983, 7.841, 6.77, 4.472, 3.999, 5.39, 6.488, 5.953, 6.479, 7.588, 9.512, 13.652, 18.343, 19.542, 19.639, 19.677, 17.676, 16.129, 16.083, 15.72, 11.685, 8.818, 9.685, 9.251, 8.69, 8.563, 7.401, 5.865, 6.636, 9.215, 10.966, 7.983, 4.603, 4.355, 4.743, 4.536, 3.868, 3.554, 3.669, 3.298, 2.793, 4.152, 3.934, 3.992, 4.511, 6.058, 7.536, 6.879, 4.007, 4.046, 5.162, 4.01, 2.868, 1.611, 1.614, 3.32, 3.165, 2.399, 4.455, 5.143, 5.338, 4.804, 4.337, 5.174, 6.293, 6.652, 6.083], [5.923, 6.838, 8.072, 8.881, 8.588, 9.507, 6.532, 4.081, 3.114, 2.172, 2.144, 2.221, 2.045, 3.76, 7.065, 8.824, 6.667, 4.057, 2.955, 2.425, 2.119, 1.687, 1.518, 2.027, 1.885, 2.024, 2.165, 1.386, 1.036, 0.0, 0.958, 2.411, 4.368, 2.581, 1.482, 1.238, 1.601, 1.824, 2.173, 2.992, 4.37, 4.597, 2.874, 4.795, 9.575, 8.426, 9.455, 10.972, 7.423, 4.634, 5.668, 6.32, 6.096, 6.719, 7.704, 7.064, 6.072, 6.106, 6.069, 5.22, 5.329, 5.347, 4.653, 4.264, 4.238, 3.748, 2.941, 3.037, 3.043, 1.988, 2.522, 6.071, 7.865, 6.976, 7.249, 8.394, 8.811, 8.32, 8.921, 8.457, 8.304, 7.242, 4.938, 4.46, 5.872, 6.974, 6.43, 6.936, 8.072, 9.995, 14.136, 18.827, 20.026, 20.116, 20.154, 18.152, 16.59, 16.546, 16.204, 12.169, 9.302, 10.169, 9.735, 9.174, 9.039, 7.885, 6.304, 7.148, 9.667, 11.459, 8.38, 4.837, 4.893, 5.175, 5.108, 4.505, 4.329, 4.242, 3.958, 3.439, 4.651, 4.428, 4.666, 5.001, 6.557, 8.02, 7.36, 4.457, 4.539, 5.652, 4.387, 3.126, 2.191, 1.833, 3.137, 2.869, 2.285, 4.426, 5.121, 5.298, 4.786, 4.349, 5.164, 6.296, 6.648, 6.074], [5.661, 6.67, 7.9, 8.735, 8.417, 9.36, 6.366, 3.84, 2.929, 1.832, 1.825, 2.136, 2.048, 3.65, 6.958, 8.699, 6.547, 3.897, 3.015, 2.49, 2.049, 1.439, 1.46, 1.924, 1.666, 1.954, 2.078, 1.262, 1.411, 0.958, 0.0, 2.198, 4.241, 2.457, 1.347, 1.188, 1.533, 1.732, 2.101, 2.982, 4.375, 4.614, 2.903, 4.654, 9.515, 8.316, 9.346, 10.862, 7.31, 4.429, 5.46, 6.152, 5.896, 6.521, 7.512, 6.865, 5.946, 5.935, 5.916, 5.1, 5.449, 5.423, 4.724, 4.28, 4.32, 3.818, 3.157, 3.219, 3.253, 2.242, 2.627, 5.951, 7.748, 6.867, 7.139, 8.281, 8.837, 8.239, 8.811, 8.347, 8.194, 7.136, 4.834, 4.354, 5.795, 6.925, 6.408, 6.906, 7.962, 9.886, 14.026, 18.718, 19.916, 20.006, 20.045, 18.042, 16.53, 16.464, 16.094, 12.059, 9.192, 10.059, 9.625, 9.106, 8.931, 7.785, 6.224, 6.969, 9.566, 11.449, 8.355, 4.687, 4.953, 5.084, 4.849, 4.594, 4.401, 4.297, 4.112, 3.36, 4.489, 4.226, 4.416, 4.708, 6.458, 7.919, 7.25, 4.414, 4.448, 5.524, 4.395, 2.938, 2.242, 2.045, 3.22, 2.899, 2.429, 4.27, 4.903, 5.1, 4.574, 4.173, 4.994, 6.047, 6.424, 5.859], [4.783, 5.327, 6.286, 7.184, 7.012, 7.846, 5.138, 3.479, 2.934, 2.261, 3.079, 3.757, 2.918, 1.933, 5.047, 6.737, 4.644, 2.21, 3.029, 2.588, 1.721, 1.282, 1.549, 1.38, 1.786, 2.759, 2.757, 2.258, 2.104, 2.411, 2.198, 0.0, 2.39, 1.38, 1.636, 2.46, 2.754, 2.753, 3.113, 4.516, 5.997, 6.051, 4.35, 2.737, 7.646, 6.265, 7.311, 8.931, 5.395, 4.435, 6.133, 6.61, 6.036, 6.985, 8.257, 7.69, 6.867, 6.639, 6.453, 5.925, 6.4, 6.699, 6.039, 5.626, 5.688, 5.14, 4.478, 4.599, 4.507, 3.367, 1.773, 3.928, 5.738, 4.888, 5.101, 6.421, 7.225, 6.531, 6.825, 6.531, 6.38, 5.105, 2.963, 2.626, 4.041, 5.073, 4.572, 5.032, 5.957, 7.865, 12.044, 16.79, 17.838, 17.945, 18.105, 16.14, 14.699, 14.466, 14.029, 9.984, 7.148, 7.977, 7.584, 7.141, 7.049, 5.755, 4.332, 5.065, 7.591, 9.649, 6.649, 2.946, 3.062, 3.171, 3.143, 3.563, 3.124, 3.048, 2.798, 2.502, 3.139, 2.984, 2.971, 3.118, 4.54, 5.965, 5.395, 2.755, 2.588, 3.739, 2.763, 1.379, 1.982, 3.073, 4.775, 4.401, 3.478, 4.745, 4.882, 5.14, 4.65, 4.329, 5.057, 5.86, 6.312, 5.937], [4.456, 4.639, 5.261, 6.174, 6.111, 6.672, 4.796, 3.891, 3.876, 3.696, 5.197, 5.665, 3.63, 2.073, 3.606, 5.053, 3.323, 1.564, 3.307, 2.945, 2.77, 3.154, 3.372, 3.008, 3.627, 4.76, 4.629, 4.288, 3.867, 4.368, 4.241, 2.39, 0.0, 2.082, 3.355, 4.384, 4.625, 4.438, 4.976, 6.404, 7.851, 7.832, 6.373, 2.336, 6.279, 4.323, 5.243, 6.872, 3.599, 4.172, 6.113, 6.698, 5.73, 7.008, 8.379, 7.703, 7.075, 6.836, 6.537, 6.502, 6.65, 7.059, 6.479, 6.252, 6.347, 5.705, 5.068, 5.116, 5.069, 4.359, 2.816, 2.144, 3.586, 2.951, 3.298, 5.4, 6.21, 5.331, 4.967, 4.869, 4.761, 3.593, 2.6, 2.322, 2.674, 3.942, 3.528, 3.977, 4.316, 5.877, 10.098, 14.769, 15.787, 16.248, 16.229, 14.476, 13.216, 12.919, 11.955, 8.094, 5.264, 5.943, 5.876, 5.943, 5.553, 4.314, 3.346, 4.195, 6.757, 8.714, 6.006, 3.242, 2.726, 2.923, 2.585, 3.438, 2.889, 2.692, 3.043, 3.509, 3.467, 3.49, 2.702, 2.503, 2.658, 4.37, 3.82, 1.661, 1.639, 2.508, 2.157, 2.198, 3.112, 4.579, 6.474, 6.213, 4.333, 4.813, 4.961, 4.846, 4.691, 4.624, 4.899, 5.584, 6.169, 6.011], [4.647, 5.271, 6.263, 7.192, 6.934, 7.781, 4.873, 3.606, 3.064, 2.487, 3.361, 3.802, 2.435, 1.97, 5.102, 6.636, 4.631, 1.936, 2.494, 1.811, 1.293, 1.338, 1.642, 1.493, 1.964, 3.034, 2.953, 2.516, 2.119, 2.581, 2.457, 1.38, 2.082, 0.0, 1.59, 2.582, 2.777, 2.789, 3.167, 4.552, 6.036, 5.99, 4.441, 3.039, 7.79, 6.09, 7.036, 8.752, 5.189, 3.632, 5.279, 5.839, 5.245, 6.163, 7.504, 6.926, 6.143, 5.936, 5.614, 5.289, 5.718, 5.89, 5.255, 5.076, 5.006, 4.4, 3.782, 3.853, 3.762, 2.813, 1.839, 3.757, 5.491, 4.68, 4.906, 6.608, 7.532, 6.805, 6.653, 6.465, 6.349, 4.947, 3.045, 2.853, 4.193, 5.343, 4.891, 5.328, 5.896, 7.659, 11.863, 16.593, 17.595, 17.813, 17.969, 16.084, 14.797, 14.44, 13.817, 9.771, 6.972, 7.731, 7.444, 7.362, 7.094, 5.758, 4.492, 5.285, 7.92, 9.95, 7.117, 3.688, 3.291, 3.372, 3.057, 3.269, 2.88, 2.941, 2.63, 2.826, 3.702, 3.472, 3.091, 3.178, 4.305, 5.965, 5.347, 2.925, 2.724, 3.855, 3.103, 2.241, 2.242, 2.938, 4.709, 4.367, 2.997, 3.988, 4.29, 4.338, 3.908, 3.618, 4.309, 5.324, 5.776, 5.345], [5.142, 6.009, 7.178, 8.045, 7.74, 8.658, 5.672, 3.902, 3.07, 2.259, 2.407, 2.408, 1.66, 2.837, 6.145, 7.831, 5.713, 3.077, 2.482, 1.71, 1.162, 1.141, 0.995, 1.358, 1.502, 1.952, 1.924, 1.343, 1.343, 1.482, 1.347, 1.636, 3.355, 1.59, 0.0, 1.202, 1.669, 2.02, 2.038, 3.294, 4.767, 4.883, 3.249, 3.945, 8.813, 7.434, 8.45, 9.993, 6.424, 4.107, 5.111, 5.76, 5.541, 6.159, 7.219, 6.586, 5.762, 5.628, 5.526, 4.843, 5.269, 5.337, 4.626, 4.16, 4.196, 3.684, 3.103, 3.151, 3.147, 2.077, 1.967, 5.056, 6.859, 5.964, 6.246, 7.552, 8.381, 7.67, 7.909, 7.592, 7.44, 6.314, 4.064, 3.552, 5.121, 6.269, 5.815, 6.23, 7.117, 8.983, 13.13, 17.849, 19.018, 19.145, 19.163, 17.198, 15.846, 15.675, 15.192, 11.176, 8.312, 9.157, 8.798, 8.392, 8.138, 6.944, 5.459, 6.197, 8.843, 10.823, 7.933, 4.148, 4.089, 4.298, 3.938, 3.923, 3.561, 3.532, 3.355, 3.032, 4.001, 3.804, 3.682, 3.955, 5.56, 7.107, 6.458, 3.836, 3.713, 4.778, 3.878, 2.691, 2.048, 1.887, 3.443, 3.086, 2.13, 3.86, 4.576, 4.673, 4.167, 3.762, 4.588, 5.817, 6.132, 5.566], [5.776, 6.813, 8.043, 8.889, 8.53, 9.458, 6.475, 3.884, 3.062, 2.253, 1.673, 1.649, 1.788, 3.77, 7.068, 8.834, 6.688, 3.884, 2.79, 2.3, 2.092, 1.642, 1.609, 2.049, 1.771, 1.85, 1.957, 1.432, 1.321, 1.238, 1.188, 2.46, 4.384, 2.582, 1.202, 0.0, 1.125, 1.705, 1.893, 2.689, 4.009, 4.188, 2.437, 4.88, 9.646, 8.484, 9.494, 11.039, 7.467, 4.322, 5.187, 5.856, 5.682, 6.198, 7.242, 6.629, 5.738, 5.649, 5.559, 4.873, 5.148, 4.868, 4.185, 3.642, 3.796, 3.282, 2.896, 2.824, 2.731, 1.753, 2.553, 6.099, 7.882, 7.015, 7.3, 8.557, 9.058, 8.467, 8.959, 8.55, 8.403, 7.267, 4.962, 4.508, 5.973, 7.03, 6.525, 7.047, 8.11, 10.034, 14.18, 18.896, 20.064, 20.181, 20.209, 18.201, 16.662, 16.622, 16.242, 12.222, 9.335, 10.207, 9.773, 9.248, 9.088, 7.947, 6.412, 7.155, 9.778, 11.545, 8.649, 5.029, 4.94, 5.271, 4.854, 4.554, 4.277, 4.312, 4.012, 3.354, 4.401, 4.325, 4.39, 4.754, 6.6, 8.068, 7.439, 4.625, 4.543, 5.687, 4.619, 3.308, 2.329, 1.591, 2.641, 2.385, 1.904, 4.103, 4.856, 4.886, 4.384, 3.968, 4.797, 6.073, 6.307, 5.702], [5.911, 7.014, 8.267, 9.025, 8.749, 9.704, 6.683, 3.939, 3.068, 2.292, 1.479, 1.525, 2.129, 4.02, 7.35, 9.088, 6.938, 3.828, 3.001, 2.443, 2.362, 1.973, 2.023, 2.276, 1.902, 1.909, 1.909, 1.945, 1.519, 1.601, 1.533, 2.754, 4.625, 2.777, 1.669, 1.125, 0.0, 1.379, 2.011, 2.564, 3.678, 3.86, 2.104, 5.094, 9.942, 8.73, 9.748, 11.281, 7.717, 4.143, 5.243, 5.845, 5.508, 6.269, 7.374, 6.777, 5.84, 5.696, 5.619, 4.87, 5.231, 4.507, 3.806, 3.394, 3.405, 2.927, 2.542, 2.557, 2.44, 1.788, 2.409, 6.338, 8.127, 7.264, 7.542, 8.789, 9.493, 8.805, 9.214, 8.818, 8.662, 7.553, 5.221, 4.755, 6.282, 7.392, 6.963, 7.403, 8.367, 10.288, 14.431, 19.137, 20.319, 20.436, 20.454, 18.459, 16.991, 16.901, 16.484, 12.464, 9.595, 10.455, 10.028, 9.566, 9.36, 8.239, 6.722, 7.455, 10.091, 11.943, 9.069, 5.219, 5.116, 5.575, 5.143, 4.389, 4.25, 4.469, 3.992, 3.534, 4.535, 4.346, 4.446, 5.047, 6.848, 8.34, 7.693, 4.964, 4.836, 5.959, 4.968, 3.674, 2.184, 1.413, 2.49, 2.016, 1.99, 4.023, 4.801, 4.927, 4.377, 3.891, 4.696, 5.895, 6.107, 5.509], [5.76, 6.871, 8.106, 8.905, 8.573, 9.508, 6.52, 3.91, 3.267, 2.466, 1.969, 1.995, 2.324, 4.038, 7.322, 8.955, 6.845, 3.757, 2.642, 2.625, 2.355, 2.313, 2.28, 2.764, 2.293, 2.29, 2.538, 2.281, 1.965, 1.824, 1.732, 2.753, 4.438, 2.789, 2.02, 1.705, 1.379, 0.0, 1.698, 2.715, 3.883, 3.921, 2.281, 5.068, 10.0, 8.55, 9.56, 11.134, 7.556, 4.318, 5.397, 6.082, 5.753, 6.425, 7.406, 6.757, 5.766, 5.839, 5.811, 4.977, 4.996, 4.432, 3.866, 3.472, 3.62, 3.032, 2.504, 2.487, 2.411, 1.662, 2.284, 6.162, 7.942, 7.09, 7.36, 8.788, 9.704, 8.982, 9.048, 8.734, 8.62, 7.391, 5.234, 4.713, 6.387, 7.532, 7.111, 7.529, 8.301, 10.114, 14.257, 18.982, 20.148, 20.288, 20.334, 18.342, 17.055, 16.836, 16.303, 12.307, 9.437, 10.264, 9.948, 9.631, 9.322, 8.155, 6.729, 7.401, 10.113, 12.106, 9.289, 4.981, 5.051, 5.585, 4.972, 4.035, 4.103, 4.374, 3.867, 3.731, 4.64, 4.412, 4.553, 4.791, 6.662, 8.257, 7.608, 5.105, 4.902, 6.001, 5.205, 3.762, 2.14, 1.75, 2.664, 2.335, 1.768, 4.29, 4.885, 5.228, 4.683, 4.246, 5.029, 5.883, 6.203, 5.706], [6.311, 7.448, 8.681, 9.476, 9.143, 9.985, 6.943, 4.107, 3.192, 2.543, 2.311, 1.935, 2.21, 4.609, 7.864, 9.521, 7.435, 4.745, 3.324, 2.847, 2.524, 2.646, 2.273, 2.886, 3.012, 3.009, 3.198, 2.544, 2.6, 2.173, 2.101, 3.113, 4.976, 3.167, 2.038, 1.893, 2.011, 1.698, 0.0, 1.9, 3.305, 3.22, 2.045, 5.523, 10.553, 9.049, 10.007, 11.716, 8.144, 3.534, 4.274, 4.927, 4.792, 5.281, 6.099, 5.471, 4.514, 4.605, 4.64, 3.895, 3.817, 3.891, 3.387, 3.543, 3.689, 2.953, 2.829, 2.54, 2.26, 1.693, 3.187, 6.61, 8.376, 7.597, 7.786, 9.307, 10.214, 9.511, 9.569, 9.37, 9.233, 7.797, 5.59, 5.272, 6.945, 8.009, 7.583, 8.017, 8.697, 10.579, 14.815, 19.565, 20.618, 20.791, 20.925, 18.968, 17.623, 17.362, 16.725, 12.78, 9.841, 10.725, 10.326, 10.082, 9.934, 8.561, 7.221, 7.912, 10.555, 12.623, 9.715, 5.456, 5.452, 5.827, 5.62, 5.127, 5.011, 5.123, 4.733, 4.651, 5.534, 5.463, 5.591, 5.62, 7.242, 8.822, 8.237, 5.663, 5.46, 6.547, 5.701, 4.183, 3.356, 2.453, 2.351, 2.088, 1.695, 3.608, 4.564, 4.951, 4.446, 3.804, 4.557, 5.5, 5.607, 5.053], [7.791, 8.94, 10.164, 10.972, 10.637, 11.467, 8.429, 5.352, 4.274, 3.647, 2.631, 1.857, 3.467, 5.999, 9.25, 10.98, 8.892, 5.802, 4.236, 3.921, 3.96, 3.671, 3.565, 4.096, 3.744, 3.679, 3.57, 3.386, 3.456, 2.992, 2.982, 4.516, 6.404, 4.552, 3.294, 2.689, 2.564, 2.715,