[[0.0, 2.385, 3.487, 4.311, 3.925, 4.87, 6.289, 5.74, 6.357, 2.745, 2.474, 2.356, 2.013, 1.322, 2.577, 3.974, 3.141, 3.014, 1.525, 2.619, 2.701, 3.457, 3.133, 3.605, 3.469, 4.51, 4.935, 3.073, 3.699, 3.672, 1.671, 3.167, 2.555, 5.438, 8.975, 8.837, 8.278, 4.752, 2.163, 2.975, 3.823, 3.637, 3.979, 6.75, 5.886, 3.757, 3.634, 3.521, 4.614, 5.505, 7.465, 8.535, 5.211, 5.058, 5.507, 2.48, 4.899, 5.381, 3.586, 4.38, 4.165, 4.05, 4.023, 4.452, 4.412, 5.579, 6.118, 7.798, 7.189, 8.172, 11.476, 11.442, 8.92, 8.283, 9.759, 11.254, 11.418, 11.567, 13.137, 13.518, 12.937, 12.74, 12.058, 12.313, 12.571, 13.736, 12.646, 8.241, 3.819, 2.815, 4.702, 6.907, 7.536, 5.698, 4.538, 3.875, 3.506, 4.113, 2.253], [2.385, 0.0, 1.852, 2.796, 2.325, 3.046, 4.537, 3.983, 4.62, 1.714, 3.4, 3.085, 2.138, 1.715, 1.557, 2.766, 2.066, 1.718, 2.124, 3.232, 3.229, 3.315, 3.475, 4.762, 4.584, 5.646, 6.003, 4.325, 5.161, 4.845, 1.874, 1.968, 1.972, 3.702, 7.187, 7.004, 6.698, 3.165, 1.631, 2.026, 2.25, 2.45, 2.406, 4.924, 4.187, 2.363, 2.162, 2.09, 3.387, 3.864, 5.746, 6.699, 4.041, 3.934, 4.516, 2.553, 6.373, 6.812, 4.797, 5.483, 5.729, 5.479, 5.812, 6.01, 5.772, 6.844, 7.778, 9.508, 8.725, 9.772, 13.087, 13.131, 10.719, 9.949, 11.09, 12.868, 12.939, 13.275, 14.845, 15.074, 14.618, 14.26, 13.811, 14.044, 14.193, 15.185, 13.83, 9.493, 5.578, 4.125, 6.354, 8.463, 9.343, 7.554, 5.898, 5.385, 4.144, 5.11, 3.168], [3.487, 1.852, 0.0, 2.059, 2.386, 2.46, 3.662, 3.209, 3.625, 1.64, 4.7, 4.344, 3.142, 2.723, 1.798, 1.621, 2.282, 2.153, 3.307, 4.601, 4.76, 4.903, 5.061, 6.285, 6.076, 7.196, 7.591, 5.771, 6.383, 6.021, 3.005, 2.643, 2.122, 2.803, 6.156, 6.006, 5.581, 2.076, 1.701, 1.573, 2.314, 3.017, 2.352, 3.933, 3.465, 3.067, 2.586, 1.807, 2.289, 2.759, 4.646, 5.698, 2.924, 2.617, 3.174, 3.017, 7.369, 7.855, 5.778, 6.5, 6.863, 6.71, 6.905, 7.133, 6.834, 7.914, 8.835, 10.558, 9.756, 10.813, 14.175, 14.201, 11.712, 10.987, 12.228, 13.904, 14.036, 14.318, 15.876, 16.109, 15.663, 15.354, 14.857, 15.107, 15.227, 16.279, 14.987, 10.57, 6.589, 5.26, 7.437, 9.547, 10.348, 8.533, 6.968, 6.411, 5.295, 6.18, 4.262], [4.311, 2.796, 2.059, 0.0, 1.375, 1.19, 2.55, 1.981, 2.424, 2.288, 5.462, 5.19, 3.495, 3.253, 2.24, 1.739, 1.557, 1.763, 3.825, 5.109, 4.264, 4.049, 4.428, 6.223, 5.718, 6.719, 7.155, 6.051, 7.357, 7.27, 3.882, 2.1, 2.649, 2.789, 4.962, 4.742, 4.71, 2.359, 2.769, 2.03, 1.582, 1.942, 1.358, 2.721, 1.986, 1.75, 1.519, 1.901, 2.178, 2.325, 3.703, 4.318, 2.635, 2.869, 3.66, 3.333, 8.72, 9.242, 7.182, 7.924, 8.179, 7.744, 7.954, 8.397, 8.168, 9.176, 10.156, 11.92, 11.103, 12.16, 15.534, 15.58, 13.158, 12.343, 13.581, 15.292, 15.386, 15.676, 17.295, 17.537, 17.005, 16.685, 16.192, 16.471, 16.618, 17.692, 16.322, 11.942, 7.928, 6.55, 8.788, 10.908, 11.778, 9.996, 8.239, 7.835, 6.368, 7.589, 4.933], [3.925, 2.325, 2.386, 1.375, 0.0, 1.319, 3.033, 2.578, 2.824, 2.171, 4.971, 4.596, 3.238, 2.884, 2.116, 2.166, 1.449, 1.769, 3.407, 4.641, 4.025, 3.759, 4.007, 5.829, 5.441, 6.333, 6.814, 5.502, 6.954, 6.841, 3.47, 1.479, 2.168, 2.655, 5.298, 5.023, 5.254, 2.621, 2.698, 1.939, 1.637, 1.491, 1.289, 3.234, 2.382, 1.109, 1.374, 1.55, 2.356, 2.57, 4.053, 4.861, 3.007, 3.152, 3.849, 2.776, 8.273, 8.779, 6.813, 7.547, 7.792, 7.345, 7.576, 8.033, 7.784, 8.815, 9.787, 11.541, 10.745, 11.793, 15.156, 15.202, 12.779, 11.976, 13.109, 14.907, 14.982, 15.294, 16.914, 17.133, 16.646, 16.304, 15.838, 16.092, 16.226, 17.155, 15.796, 11.521, 7.578, 6.095, 8.411, 10.443, 11.4, 9.617, 7.889, 7.458, 6.004, 7.153, 4.619], [4.87, 3.046, 2.46, 1.19, 1.319, 0.0, 2.088, 1.723, 1.842, 2.796, 5.784, 5.581, 4.072, 3.86, 2.51, 1.789, 2.022, 2.021, 4.299, 5.598, 4.435, 3.761, 4.511, 6.534, 5.962, 6.945, 7.354, 6.401, 7.926, 7.807, 4.467, 2.225, 3.076, 2.629, 4.386, 4.171, 4.416, 2.282, 3.438, 2.663, 1.662, 2.112, 1.514, 2.175, 1.656, 1.597, 1.737, 2.266, 2.261, 2.213, 3.308, 3.798, 2.722, 3.141, 3.895, 3.789, 9.308, 9.79, 7.796, 8.506, 8.727, 8.294, 8.518, 9.029, 8.781, 9.795, 10.793, 12.525, 11.743, 12.79, 16.117, 16.144, 13.718, 12.964, 14.1, 15.854, 15.93, 16.292, 17.851, 18.072, 17.643, 17.272, 16.826, 17.059, 17.194, 18.131, 16.787, 12.466, 8.594, 7.114, 9.369, 11.423, 12.337, 10.554, 8.893, 8.412, 6.932, 8.099, 5.493], [6.289, 4.537, 3.662, 2.55, 3.033, 2.088, 0.0, 1.042, 1.177, 4.057, 7.024, 6.898, 5.324, 5.268, 3.963, 2.623, 3.398, 3.408, 5.597, 6.841, 5.506, 4.853, 5.882, 7.758, 7.253, 8.249, 8.655, 7.664, 9.399, 9.199, 5.893, 3.478, 4.407, 3.347, 3.204, 3.107, 3.218, 2.344, 4.633, 3.722, 3.091, 3.474, 2.984, 1.899, 2.42, 3.133, 3.0, 3.967, 3.185, 2.534, 2.254, 2.505, 3.219, 3.823, 4.546, 5.104, 10.563, 11.051, 9.149, 9.859, 10.119, 9.724, 9.99, 10.47, 10.241, 11.266, 12.226, 13.977, 13.212, 14.253, 17.548, 17.559, 15.13, 14.412, 15.564, 17.142, 17.357, 17.725, 19.175, 19.501, 19.085, 18.709, 18.281, 18.514, 18.596, 19.476, 18.233, 13.747, 10.076, 8.569, 10.842, 12.822, 13.755, 11.951, 10.365, 9.765, 8.273, 9.394, 6.925], [5.74, 3.983, 3.209, 1.981, 2.578, 1.723, 1.042, 0.0, 1.486, 3.431, 6.514, 6.333, 4.709, 4.721, 3.376, 2.124, 2.825, 2.822, 5.058, 6.258, 4.943, 4.523, 5.436, 7.263, 6.748, 7.825, 8.17, 7.181, 8.813, 8.631, 5.307, 2.954, 3.812, 3.06, 3.811, 3.591, 3.685, 2.39, 4.109, 3.241, 2.526, 3.031, 2.502, 1.966, 2.222, 2.779, 2.516, 3.354, 2.854, 2.523, 2.795, 3.054, 3.099, 3.574, 4.365, 4.487, 9.978, 10.455, 8.571, 9.281, 9.54, 9.15, 9.398, 9.89, 9.661, 10.689, 11.657, 13.4, 12.631, 13.669, 16.973, 16.984, 14.548, 13.841, 15.02, 16.605, 16.777, 17.142, 18.616, 18.918, 18.501, 18.129, 17.703, 17.934, 18.034, 18.945, 17.658, 13.18, 9.49, 7.984, 10.256, 12.244, 13.181, 11.41, 9.779, 9.214, 7.686, 8.777, 6.353], [6.357, 4.62, 3.625, 2.424, 2.824, 1.842, 1.177, 1.486, 0.0, 4.094, 7.233, 7.086, 5.413, 5.326, 4.017, 2.51, 3.399, 3.489, 5.742, 7.014, 5.691, 5.112, 6.037, 7.972, 7.371, 8.417, 8.81, 7.82, 9.469, 9.281, 5.957, 3.572, 4.46, 2.998, 3.256, 2.921, 3.214, 2.017, 4.692, 3.714, 3.059, 3.589, 2.803, 1.7, 2.125, 3.153, 3.056, 3.743, 2.827, 2.072, 2.146, 2.351, 2.823, 3.283, 3.984, 5.081, 10.678, 11.178, 9.236, 9.946, 10.226, 9.821, 10.06, 10.553, 10.318, 11.329, 12.313, 14.062, 13.289, 14.331, 17.644, 17.654, 15.229, 14.505, 15.655, 17.282, 17.442, 17.817, 19.305, 19.61, 19.171, 18.806, 18.368, 18.6, 18.649, 19.59, 18.316, 13.898, 10.132, 8.622, 10.917, 12.891, 13.847, 12.042, 10.436, 9.852, 8.419, 9.558, 6.989], [2.745, 1.714, 1.64, 2.288, 2.171, 2.796, 4.057, 3.431, 4.094, 0.0, 3.926, 3.622, 2.256, 2.053, 1.902, 2.162, 2.053, 1.998, 2.674, 3.644, 3.621, 3.873, 3.894, 5.068, 4.868, 6.049, 6.558, 4.76, 5.746, 5.505, 2.542, 2.195, 1.639, 3.107, 6.54, 6.592, 6.179, 2.674, 1.444, 1.411, 1.761, 2.42, 1.952, 4.368, 3.561, 2.69, 2.199, 2.013, 2.769, 3.307, 5.117, 6.272, 3.394, 3.279, 4.062, 2.909, 6.639, 7.163, 5.325, 6.068, 6.347, 6.042, 6.377, 6.688, 6.486, 7.586, 8.438, 10.194, 9.447, 10.486, 13.786, 13.778, 11.343, 10.629, 11.878, 13.381, 13.569, 13.936, 15.389, 15.758, 15.325, 14.93, 14.497, 14.728, 14.774, 15.739, 14.487, 9.967, 6.281, 4.78, 7.058, 9.023, 9.97, 8.152, 6.61, 5.982, 4.821, 5.603, 3.757], [2.474, 3.4, 4.7, 5.462, 4.971, 5.784, 7.024, 6.514, 7.233, 3.926, 0.0, 1.161, 2.13, 3.2, 4.735, 5.756, 4.803, 4.447, 2.046, 2.268, 2.479, 3.231, 2.708, 2.206, 2.425, 3.022, 3.62, 1.837, 3.207, 2.495, 3.162, 4.28, 4.027, 6.449, 9.661, 9.633, 9.532, 6.072, 3.529, 4.372, 4.396, 4.125, 4.687, 7.466, 6.627, 4.436, 4.373, 4.223, 6.358, 6.638, 8.347, 9.256, 7.064, 6.882, 7.501, 3.822, 4.273, 4.594, 3.63, 3.967, 3.47, 3.188, 3.367, 3.762, 3.481, 4.492, 5.451, 7.21, 6.446, 7.487, 10.776, 10.784, 8.364, 7.645, 8.805, 10.364, 10.569, 10.95, 12.391, 12.731, 12.318, 11.942, 11.514, 11.747, 11.816, 12.66, 11.431, 7.009, 3.614, 2.105, 4.076, 6.035, 7.003, 5.182, 4.12, 3.488, 2.72, 3.636, 2.966], [2.356, 3.085, 4.344, 5.19, 4.596, 5.581, 6.898, 6.333, 7.086, 3.622, 1.161, 0.0, 2.055, 2.756, 4.232, 5.303, 4.336, 4.063, 1.741, 1.846, 2.334, 3.158, 2.578, 2.49, 2.605, 3.498, 3.975, 2.18, 3.254, 2.697, 2.671, 3.848, 3.621, 6.03, 9.524, 9.442, 9.145, 5.761, 3.333, 3.893, 4.259, 4.024, 4.502, 7.288, 6.474, 4.26, 4.23, 3.871, 5.83, 6.322, 8.119, 9.046, 6.543, 6.44, 6.984, 3.341, 4.096, 4.601, 3.653, 3.735, 3.663, 3.404, 3.593, 3.993, 3.589, 4.617, 5.58, 7.316, 6.553, 7.585, 10.904, 10.929, 8.526, 7.764, 8.923, 10.56, 10.688, 11.065, 12.586, 12.872, 12.428, 12.045, 11.626, 11.854, 11.993, 12.86, 11.534, 7.22, 3.543, 2.109, 4.171, 6.127, 7.153, 5.381, 4.029, 3.347, 2.763, 3.591, 2.811], [2.013, 2.138, 3.142, 3.495, 3.238, 4.072, 5.324, 4.709, 5.413, 2.256, 2.13, 2.055, 0.0, 1.817, 2.854, 3.921, 2.874, 2.599, 1.536, 2.442, 2.589, 2.798, 2.712, 3.311, 3.292, 4.338, 4.84, 3.097, 4.48, 4.185, 2.153, 2.596, 2.21, 4.788, 7.863, 7.863, 7.589, 4.228, 2.007, 2.575, 2.726, 2.552, 2.988, 5.633, 4.864, 3.075, 2.622, 2.814, 4.443, 4.74, 6.488, 7.507, 5.072, 4.931, 5.759, 2.875, 5.29, 5.866, 4.093, 4.821, 5.07, 4.686, 4.913, 5.404, 5.199, 6.239, 7.17, 8.918, 8.153, 9.205, 12.482, 12.488, 10.073, 9.37, 10.622, 12.084, 12.291, 12.666, 14.116, 14.468, 14.03, 13.648, 13.226, 13.448, 13.49, 14.485, 13.236, 8.706, 4.991, 3.536, 5.778, 7.722, 8.7, 6.888, 5.32, 4.712, 3.361, 4.335, 2.504], [1.322, 1.715, 2.723, 3.253, 2.884, 3.86, 5.268, 4.721, 5.326, 2.053, 3.2, 2.756, 1.817, 0.0, 1.91, 3.016, 2.185, 2.035, 1.469, 2.511, 2.659, 3.039, 2.974, 4.201, 3.884, 4.949, 5.454, 3.747, 4.443, 4.436, 1.497, 2.13, 1.922, 4.441, 7.825, 7.77, 7.218, 3.745, 1.636, 2.151, 2.835, 2.596, 2.948, 5.69, 4.763, 2.75, 2.543, 2.743, 3.677, 4.466, 6.327, 7.464, 4.279, 4.247, 4.997, 2.082, 5.686, 6.17, 4.062, 4.771, 5.086, 4.847, 4.985, 5.411, 5.279, 6.426, 7.136, 8.887, 8.132, 9.169, 12.469, 12.49, 10.059, 9.357, 10.703, 12.19, 12.371, 12.67, 14.18, 14.488, 13.978, 13.669, 13.171, 13.424, 13.534, 14.668, 13.456, 9.027, 4.937, 3.673, 5.743, 7.905, 8.671, 6.781, 5.286, 4.682, 3.735, 4.6, 2.236], [2.577, 1.557, 1.798, 2.24, 2.116, 2.51, 3.963, 3.376, 4.017, 1.902, 4.735, 4.232, 2.854, 1.91, 0.0, 1.744, 1.33, 1.178, 2.982, 4.121, 3.864, 3.962, 4.382, 5.853, 5.516, 6.572, 6.952, 5.369, 5.994, 5.927, 2.358, 1.99, 2.106, 3.236, 6.634, 6.451, 5.878, 2.595, 2.083, 1.972, 2.232, 2.475, 2.451, 4.372, 3.834, 2.456, 2.175, 2.356, 2.648, 3.269, 5.125, 6.128, 2.887, 3.299, 3.781, 2.774, 7.201, 7.737, 5.554, 6.315, 6.534, 6.289, 6.371, 6.743, 6.657, 7.753, 8.452, 10.162, 9.42, 10.536, 13.863, 13.851, 11.336, 10.639, 12.113, 13.718, 13.822, 13.933, 15.586, 15.868, 15.21, 15.065, 14.427, 14.697, 15.018, 16.204, 14.941, 10.597, 6.133, 5.123, 7.088, 9.332, 9.989, 8.174, 6.621, 6.069, 5.214, 6.149, 3.54], [3.974, 2.766, 1.621, 1.739, 2.166, 1.789, 2.623, 2.124, 2.51, 2.162, 5.756, 5.303, 3.921, 3.016, 1.744, 0.0, 1.742, 1.677, 3.909, 5.154, 4.498, 4.594, 5.182, 6.72, 6.358, 7.405, 7.88, 6.257, 7.127, 7.122, 3.691, 2.292, 2.691, 2.351, 5.149, 4.984, 4.518, 1.543, 2.623, 1.866, 2.297, 2.888, 2.215, 2.916, 2.687, 2.722, 2.472, 2.62, 1.864, 2.253, 3.624, 4.681, 2.159, 2.659, 3.301, 3.627, 8.531, 9.019, 6.866, 7.542, 7.792, 7.532, 7.644, 8.099, 7.915, 9.039, 9.86, 11.572, 10.797, 11.857, 15.187, 15.202, 12.749, 12.037, 13.335, 14.911, 15.081, 15.354, 16.863, 17.165, 16.701, 16.385, 15.882, 16.127, 16.291, 17.367, 16.118, 11.699, 7.665, 6.382, 8.459, 10.601, 11.359, 9.547, 8.001, 7.442, 6.385, 7.282, 4.845], [3.141, 2.066, 2.282, 1.557, 1.449, 2.022, 3.398, 2.825, 3.399, 2.053, 4.803, 4.336, 2.874, 2.185, 1.33, 1.742, 0.0, 0.944, 3.01, 4.281, 3.642, 3.844, 4.22, 5.758, 5.422, 6.47, 6.857, 5.395, 6.315, 6.308, 2.672, 1.545, 1.836, 3.017, 5.996, 5.855, 5.437, 2.673, 2.369, 1.92, 1.898, 1.895, 1.844, 3.827, 3.046, 1.701, 1.503, 1.929, 2.287, 2.82, 4.533, 5.49, 2.716, 3.087, 3.76, 2.459, 7.563, 8.085, 6.02, 6.737, 7.024, 6.612, 6.864, 7.26, 7.11, 8.249, 9.013, 10.707, 10.024, 11.058, 14.33, 14.35, 11.944, 11.177, 12.601, 14.105, 14.193, 14.476, 16.116, 16.419, 15.825, 15.521, 15.007, 15.255, 15.4, 16.552, 15.305, 10.928, 6.748, 5.481, 7.567, 9.69, 10.559, 8.78, 7.075, 6.599, 5.501, 6.5, 3.83], [3.014, 1.718, 2.153, 1.763, 1.769, 2.021, 3.408, 2.822, 3.489, 1.998, 4.447, 4.063, 2.599, 2.035, 1.178, 1.677, 0.944, 0.0, 2.67, 3.975, 3.154, 3.301, 3.873, 5.397, 5.058, 6.105, 6.532, 5.03, 6.113, 6.114, 2.632, 1.48, 2.03, 3.171, 6.099, 5.93, 5.543, 2.526, 2.26, 1.96, 1.792, 1.983, 1.893, 3.851, 3.102, 1.86, 1.64, 2.256, 2.648, 2.993, 4.631, 5.621, 2.959, 3.491, 4.24, 2.751, 7.466, 7.949, 5.933, 6.618, 6.81, 6.429, 6.676, 7.127, 6.897, 8.002, 8.865, 10.587, 9.84, 10.868, 14.207, 14.222, 11.787, 11.037, 12.383, 13.924, 14.02, 14.356, 15.944, 16.186, 15.708, 15.375, 14.886, 15.132, 15.284, 16.285, 15.041, 10.694, 6.68, 5.302, 7.441, 9.506, 10.388, 8.606, 6.957, 6.512, 5.264, 6.26, 3.628], [1.525, 2.124, 3.307, 3.825, 3.407, 4.299, 5.597, 5.058, 5.742, 2.674, 2.046, 1.741, 1.536, 1.469, 2.982, 3.909, 3.01, 2.67, 0.0, 1.723, 2.021, 2.799, 2.524, 3.071, 2.977, 3.975, 4.417, 2.577, 3.855, 3.673, 1.74, 2.753, 2.552, 5.038, 8.295, 8.229, 7.749, 4.359, 2.291, 2.784, 3.18, 2.973, 3.376, 6.085, 5.158, 3.139, 2.954, 3.105, 4.582, 4.992, 6.813, 7.92, 5.249, 5.139, 5.997, 2.21, 5.131, 5.6, 3.767, 4.32, 4.564, 4.168, 4.428, 4.905, 4.658, 5.695, 6.645, 8.399, 7.626, 8.669, 11.977, 11.979, 9.557, 8.828, 10.061, 11.577, 11.806, 12.144, 13.627, 13.929, 13.499, 13.156, 12.695, 12.946, 13.023, 13.976, 12.726, 8.27, 4.492, 3.035, 5.258, 7.296, 8.175, 6.358, 4.781, 4.22, 2.861, 3.929, 1.922], [2.619, 3.232, 4.601, 5.109, 4.641, 5.598, 6.841, 6.258, 7.014, 3.644, 2.268, 1.846, 2.442, 2.511, 4.121, 5.154, 4.281, 3.975, 1.723, 0.0, 2.002, 3.042, 2.34, 2.084, 1.945, 2.793, 3.4, 1.932, 2.798, 2.658, 2.71, 3.812, 3.819, 6.161, 9.425, 9.506, 9.031, 5.574, 3.474, 4.034, 4.335, 4.112, 4.634, 7.286, 6.308, 4.371, 4.188, 4.504, 5.843, 6.24, 7.991, 9.173, 6.445, 6.335, 7.204, 3.31, 3.93, 4.431, 3.495, 3.444, 3.478, 3.158, 3.358, 3.845, 3.662, 4.655, 5.581, 7.353, 6.584, 7.639, 10.928, 10.933, 8.51, 7.81, 9.024, 10.512, 10.734, 11.1, 12.535, 12.871, 12.453, 12.085, 11.652, 11.885, 11.975, 12.959, 11.692, 7.128, 3.703, 2.454, 4.272, 6.223, 7.137, 5.257, 3.972, 3.231, 2.536, 3.499, 2.751], [2.701, 3.229, 4.76, 4.264, 4.025, 4.435, 5.506, 4.943, 5.691, 3.621, 2.479, 2.334, 2.589, 2.659, 3.864, 4.498, 3.642, 3.154, 2.021, 2.002, 0.0, 1.5, 1.561, 2.796, 2.463, 3.476, 4.055, 2.681, 4.369, 4.189, 3.085, 3.065, 4.04, 5.782, 8.064, 8.188, 7.905, 5.14, 3.683, 4.234, 3.706, 3.359, 3.878, 5.983, 5.052, 3.504, 3.389, 4.643, 5.568, 5.626, 6.76, 7.8, 5.878, 6.481, 7.285, 3.756, 5.526, 6.003, 4.86, 5.099, 5.063, 4.679, 4.922, 5.409, 5.203, 6.209, 7.157, 8.902, 8.144, 9.219, 12.525, 12.517, 10.029, 9.345, 10.52, 12.05, 12.241, 12.624, 14.067, 14.399, 13.997, 13.63, 13.198, 13.453, 13.529, 14.417, 13.145, 8.699, 5.054, 3.564, 5.79, 7.722, 8.661, 6.815, 5.523, 4.834, 4.04, 4.889, 3.536], [3.457, 3.315, 4.903, 4.049, 3.759, 3.761, 4.853, 4.523, 5.112, 3.873, 3.231, 3.158, 2.798, 3.039, 3.962, 4.594, 3.844, 3.301, 2.799, 3.042, 1.5, 0.0, 1.388, 3.446, 3.012, 3.834, 4.657, 3.752, 5.601, 5.408, 3.658, 3.091, 4.33, 5.598, 7.285, 7.356, 7.665, 5.194, 4.102, 4.472, 3.192, 2.814, 3.407, 5.101, 4.342, 2.872, 3.196, 4.699, 5.714, 5.683, 6.46, 6.954, 5.975, 6.663, 7.432, 4.434, 6.594, 7.152, 5.729, 6.029, 6.286, 5.917, 6.16, 6.653, 6.436, 7.445, 8.396, 10.149, 9.389, 10.452, 13.751, 13.749, 11.296, 10.592, 11.741, 13.301, 13.494, 13.882, 15.321, 15.656, 15.246, 14.883, 14.45, 14.696, 14.753, 15.597, 14.376, 9.907, 6.285, 4.767, 7.026, 8.935, 9.925, 8.06, 6.614, 5.989, 4.886, 5.844, 4.271], [3.133, 3.475, 5.061, 4.428, 4.007, 4.511, 5.882, 5.436, 6.037, 3.894, 2.708, 2.578, 2.712, 2.974, 4.382, 5.182, 4.22, 3.873, 2.524, 2.34, 1.561, 1.388, 0.0, 2.653, 2.161, 3.015, 3.956, 3.002, 4.766, 4.566, 3.515, 3.579, 4.294, 6.051, 8.34, 8.136, 8.661, 5.599, 3.961, 4.485, 3.4, 2.879, 3.681, 5.917, 5.052, 3.362, 3.341, 4.716, 5.959, 6.06, 7.418, 8.002, 6.592, 6.789, 7.664, 4.141, 5.731, 6.314, 5.3, 5.419, 5.453, 5.075, 5.33, 5.818, 5.606, 6.613, 7.562, 9.329, 8.564, 9.62, 12.909, 12.914, 10.463, 9.764, 10.91, 12.474, 12.659, 13.063, 14.489, 14.831, 14.427, 14.061, 13.631, 13.866, 13.923, 14.775, 13.546, 9.057, 5.562, 4.087, 6.195, 8.11, 9.095, 7.236, 5.956, 5.265, 4.482, 5.399, 3.994], [3.605, 4.762, 6.285, 6.223, 5.829, 6.534, 7.758, 7.263, 7.972, 5.068, 2.206, 2.49, 3.311, 4.201, 5.853, 6.72, 5.758, 5.397, 3.071, 2.084, 2.796, 3.446, 2.653, 0.0, 1.572, 1.786, 2.487, 1.515, 2.748, 2.616, 4.44, 5.215, 5.286, 7.579, 10.273, 10.335, 10.414, 7.144, 4.88, 5.508, 5.034, 4.644, 5.393, 8.14, 7.248, 5.202, 5.104, 5.87, 7.435, 7.611, 9.177, 9.994, 8.179, 8.113, 9.005, 4.928, 4.051, 4.559, 4.081, 4.102, 3.272, 2.971, 3.112, 3.592, 3.555, 4.364, 5.324, 7.073, 6.312, 7.374, 10.68, 10.672, 8.209, 7.516, 8.671, 10.218, 10.408, 10.804, 12.206, 12.547, 12.174, 11.807, 11.374, 11.625, 11.701, 12.517, 11.308, 6.854, 3.737, 2.803, 4.233, 5.844, 6.835, 5.034, 4.425, 3.705, 3.16, 4.043, 3.636], [3.469, 4.584, 6.076, 5.718, 5.441, 5.962, 7.253, 6.748, 7.371, 4.868, 2.425, 2.605, 3.292, 3.884, 5.516, 6.358, 5.422, 5.058, 2.977, 1.945, 2.463, 3.012, 2.161, 1.572, 0.0, 1.381, 2.176, 1.876, 2.986, 3.058, 4.23, 4.871, 5.131, 7.319, 9.818, 9.714, 9.951, 6.844, 4.676, 5.256, 4.469, 4.251, 4.896, 7.499, 6.601, 4.746, 4.545, 5.634, 7.132, 7.299, 8.748, 9.339, 7.85, 7.896, 8.792, 4.771, 4.272, 4.801, 4.693, 4.451, 3.48, 3.137, 3.51, 3.917, 3.633, 4.655, 5.599, 7.342, 6.581, 7.643, 10.949, 10.942, 8.485, 7.786, 8.952, 10.498, 10.687, 11.072, 12.488, 12.827, 12.437, 12.076, 11.643, 11.894, 11.981, 12.797, 11.58, 7.123, 4.483, 3.276, 4.558, 6.121, 7.114, 5.279, 4.745, 4.044, 3.77, 4.599, 4.2], [4.51, 5.646, 7.196, 6.719, 6.333, 6.945, 8.249, 7.825, 8.417, 6.049, 3.022, 3.498, 4.338, 4.949, 6.572, 7.405, 6.47, 6.105, 3.975, 2.793, 3.476, 3.834, 3.015, 1.786, 1.381, 0.0, 1.548, 1.91, 2.513, 2.723, 5.298, 5.868, 6.275, 8.336, 10.79, 10.627, 11.017, 7.911, 5.764, 6.347, 5.612, 5.06, 5.876, 8.464, 7.545, 5.602, 5.604, 6.731, 8.212, 8.407, 9.789, 10.347, 8.904, 8.998, 9.901, 5.849, 4.611, 4.982, 5.156, 4.868, 2.991, 2.534, 2.939, 3.231, 3.034, 4.026, 4.857, 6.604, 5.848, 6.91, 10.227, 10.207, 7.76, 7.048, 8.202, 9.772, 9.968, 10.332, 11.781, 12.12, 11.699, 11.338, 10.905, 11.167, 11.263, 12.071, 10.843, 6.56, 4.765, 3.471, 4.189, 5.524, 6.396, 4.736, 5.001, 4.371, 4.121, 5.023, 4.791], [4.935, 6.003, 7.591, 7.155, 6.814, 7.354, 8.655, 8.17, 8.81, 6.558, 3.62, 3.975, 4.84, 5.454, 6.952, 7.88, 6.857, 6.532, 4.417, 3.4, 4.055, 4.657, 3.956, 2.487, 2.176, 1.548, 0.0, 2.089, 2.335, 2.716, 5.663, 6.528, 6.765, 8.942, 11.3, 11.131, 11.304, 8.391, 6.233, 6.676, 6.165, 5.924, 6.266, 8.951, 8.158, 6.182, 6.155, 7.106, 8.574, 8.871, 10.327, 10.783, 9.339, 9.404, 10.234, 6.186, 5.157, 5.443, 5.587, 5.331, 3.085, 2.45, 2.695, 3.066, 3.051, 3.594, 4.144, 5.801, 5.062, 6.289, 9.433, 9.341, 6.925, 6.157, 7.357, 8.971, 9.019, 9.398, 10.945, 11.203, 10.762, 10.404, 9.957, 10.246, 10.468, 11.249, 9.914, 6.262, 5.038, 3.743, 3.838, 5.3, 5.912, 4.909, 5.252, 4.796, 4.453, 5.459, 4.977], [3.073, 4.325, 5.771, 6.051, 5.502, 6.401, 7.664, 7.181, 7.82, 4.76, 1.837, 2.18, 3.097, 3.747, 5.369, 6.257, 5.395, 5.03, 2.577, 1.932, 2.681, 3.752, 3.002, 1.515, 1.876, 1.91, 2.089, 0.0, 2.178, 1.968, 3.959, 4.906, 4.877, 7.357, 10.355, 10.295, 10.075, 6.723, 4.403, 5.04, 5.156, 4.925, 5.401, 8.117, 7.19, 5.116, 5.011, 5.34, 7.022, 7.257, 8.936, 9.965, 7.702, 7.644, 8.489, 4.425, 4.289, 4.518, 4.13, 4.113, 2.94, 2.332, 2.514, 2.997, 2.888, 3.722, 4.709, 6.444, 5.699, 6.793, 10.064, 10.025, 7.591, 6.874, 8.059, 9.596, 9.785, 10.159, 11.593, 11.94, 11.525, 11.164, 10.731, 10.982, 11.08, 11.94, 10.697, 6.524, 3.721, 2.113, 3.466, 5.497, 6.281, 4.528, 4.207, 3.58, 3.018, 4.047, 3.252], [3.699, 5.161, 6.383, 7.357, 6.954, 7.926, 9.399, 8.813, 9.469, 5.746, 3.207, 3.254, 4.48, 4.443, 5.994, 7.127, 6.315, 6.113, 3.855, 2.798, 4.369, 5.601, 4.766, 2.748, 2.986, 2.513, 2.335, 2.178, 0.0, 1.227, 4.349, 6.28, 5.628, 8.465, 12.078, 11.904, 11.307, 7.889, 5.118, 5.928, 6.884, 6.712, 7.042, 9.825, 8.929, 6.78, 6.746, 6.182, 7.791, 8.591, 10.57, 11.581, 8.464, 8.267, 8.71, 4.997, 3.688, 3.975, 3.725, 3.501, 1.795, 1.272, 1.328, 1.564, 1.583, 2.271, 2.989, 4.607, 3.848, 4.909, 8.225, 8.256, 5.856, 5.096, 6.341, 7.99, 8.105, 8.391, 9.985, 10.248, 9.75, 9.376, 8.919, 9.153, 9.361, 10.441, 9.088, 5.016, 3.13, 2.263, 2.298, 3.906, 4.588, 3.522, 3.458, 2.972, 3.101, 3.773, 3.861], [3.672, 4.845, 6.021, 7.27, 6.841, 7.807, 9.199, 8.631, 9.281, 5.505, 2.495, 2.697, 4.185, 4.436, 5.927, 7.122, 6.308, 6.114, 3.673, 2.658, 4.189, 5.408, 4.566, 2.616, 3.058, 2.723, 2.716, 1.968, 1.227, 0.0, 4.217, 6.076, 5.515, 8.209, 11.864, 11.721, 11.183, 7.763, 4.916, 5.834, 6.681, 6.489, 6.84, 9.602, 8.734, 6.587, 6.523, 5.881, 7.89, 8.406, 10.371, 11.407, 8.398, 8.176, 8.654, 4.915, 3.216, 3.51, 3.128, 3.012, 1.587, 1.344, 1.38, 1.546, 1.343, 2.226, 3.133, 4.835, 4.048, 5.11, 8.412, 8.412, 6.023, 5.326, 6.517, 8.092, 8.286, 8.621, 10.108, 10.406, 9.933, 9.582, 9.143, 9.355, 9.49, 10.606, 9.272, 4.884, 2.593, 1.83, 1.916, 3.895, 4.664, 3.27, 3.096, 2.479, 2.337, 3.19, 3.319], [1.671, 1.874, 3.005, 3.882, 3.47, 4.467, 5.893, 5.307, 5.957, 2.542, 3.162, 2.671, 2.153, 1.497, 2.358, 3.691, 2.672, 2.632, 1.74, 2.71, 3.085, 3.658, 3.515, 4.44, 4.23, 5.298, 5.663, 3.959, 4.349, 4.217, 0.0, 2.697, 2.077, 4.844, 8.507, 8.341, 7.818, 4.407, 2.178, 2.677, 3.456, 3.219, 3.527, 6.252, 5.468, 3.301, 3.195, 3.098, 4.004, 5.038, 6.997, 8.01, 4.817, 4.723, 4.926, 1.779, 5.073, 5.477, 3.468, 4.288, 4.655, 4.694, 4.935, 5.021, 5.03, 6.252, 6.786, 8.208, 7.784, 8.605, 11.834, 11.913, 9.403, 8.71, 10.095, 11.514, 11.621, 12.033, 13.582, 14.001, 13.629, 13.112, 12.564, 12.715, 12.85, 13.979, 12.923, 8.74, 4.254, 3.106, 5.032, 7.128, 8.016, 6.243, 4.616, 4.284, 3.547, 4.17, 2.434], [3.167, 1.968, 2.643, 2.1, 1.479, 2.225, 3.478, 2.954, 3.572, 2.195, 4.28, 3.848, 2.596, 2.13, 1.99, 2.292, 1.545, 1.48, 2.753, 3.812, 3.065, 3.091, 3.579, 5.215, 4.871, 5.868, 6.528, 4.906, 6.28, 6.076, 2.697, 0.0, 1.716, 2.962, 5.91, 5.964, 5.719, 3.035, 2.616, 2.095, 1.934, 1.553, 1.839, 3.889, 2.989, 1.455, 1.369, 2.178, 2.92, 3.182, 4.463, 5.565, 3.262, 3.753, 4.484, 2.277, 7.259, 7.837, 5.973, 6.686, 7.014, 6.693, 6.89, 7.337, 7.146, 8.24, 9.099, 10.851, 10.086, 11.124, 14.43, 14.444, 12.025, 11.298, 12.45, 14.032, 14.221, 14.605, 16.079, 16.397, 15.967, 15.588, 15.165, 15.394, 15.438, 16.354, 15.096, 10.665, 6.931, 5.423, 7.722, 9.655, 10.65, 8.783, 7.233, 6.631, 5.35, 6.294, 4.036], [2.555, 1.972, 2.122, 2.649, 2.168, 3.076, 4.407, 3.812, 4.46, 1.639, 4.027, 3.621, 2.21, 1.922, 2.106, 2.691, 1.836, 2.03, 2.552, 3.819, 4.04, 4.33, 4.294, 5.286, 5.131, 6.275, 6.765, 4.877, 5.628, 5.515, 2.077, 1.716, 0.0, 3.363, 6.821, 6.877, 6.489, 3.293, 1.734, 1.665, 2.271, 2.265, 2.282, 4.768, 3.929, 2.57, 1.955, 1.683, 2.737, 3.568, 5.365, 6.532, 3.555, 3.344, 3.837, 1.718, 6.316, 6.851, 4.905, 5.625, 6.139, 6.001, 6.238, 6.499, 6.358, 7.613, 8.239, 9.855, 9.25, 10.174, 13.428, 13.479, 11.01, 10.306, 11.629, 13.094, 13.245, 13.625, 15.141, 15.557, 15.117, 14.723, 14.186, 14.394, 14.451, 15.403, 14.284, 9.896, 5.932, 4.498, 6.718, 8.714, 9.636, 7.789, 6.257, 5.642, 4.842, 5.375, 3.525], [5.438, 3.702, 2.803, 2.789, 2.655, 2.629, 3.347, 3.06, 2.998, 3.107, 6.449, 6.03, 4.788, 4.441, 3.236, 2.351, 3.017, 3.171, 5.038, 6.161, 5.782, 5.598, 6.051, 7.579, 7.319, 8.336, 8.942, 7.357, 8.465, 8.209, 4.844, 2.962, 3.363, 0.0, 3.855, 3.755, 3.705, 2.099, 3.802, 2.715, 3.095, 3.516, 2.864, 2.402, 2.682, 3.346, 3.236, 3.187, 1.814, 1.491, 2.457, 3.361, 1.405, 1.533, 2.534, 4.138, 9.465, 10.103, 8.182, 8.925, 9.176, 8.826, 9.104, 9.501, 9.288, 10.37, 11.274, 13.026, 12.249, 13.288, 16.591, 16.598, 14.186, 13.465, 14.615, 16.233, 16.376, 16.772, 18.271, 18.561, 18.132, 17.757, 17.329, 17.557, 17.616, 18.519, 17.238, 12.866, 9.082, 7.577, 9.873, 11.8, 12.814, 11.031, 9.392, 8.836, 7.537, 8.487, 6.21], [8.975, 7.187, 6.156, 4.962, 5.298, 4.386, 3.204, 3.811, 3.256, 6.54, 9.661, 9.524, 7.863, 7.825, 6.634, 5.149, 5.996, 6.099, 8.295, 9.425, 8.064, 7.285, 8.34, 10.273, 9.818, 10.79, 11.3, 10.355, 12.078, 11.864, 8.507, 5.91, 6.821, 3.855, 0.0, 1.635, 2.811, 4.324, 7.242, 6.24, 5.512, 5.885, 5.257, 3.134, 4.066, 5.51, 5.49, 6.317, 4.642, 3.596, 1.752, 1.734, 3.872, 4.194, 4.64, 7.607, 13.069, 13.591, 11.725, 12.438, 12.81, 12.393, 12.651, 13.148, 12.923, 13.936, 14.9, 16.661, 15.896, 16.934, 20.225, 20.231, 17.814, 17.1, 18.235, 19.856, 20.022, 20.407, 21.872, 22.184, 21.771, 21.391, 20.968, 21.191, 21.262, 22.172, 20.899, 16.413, 12.745, 11.24, 13.521, 15.5, 16.446, 14.571, 13.053, 12.425, 10.965, 11.999, 9.608], [8.837, 7.004, 6.006, 4.742, 5.023, 4.171, 3.107, 3.591, 2.921, 6.592, 9.633, 9.442, 7.863, 7.77, 6.451, 4.984, 5.855, 5.93, 8.229, 9.506, 8.188, 7.356, 8.136, 10.335, 9.714, 10.627, 11.131, 10.295, 11.904, 11.721, 8.341, 5.964, 6.877, 3.755, 1.635, 0.0, 2.049, 4.141, 7.14, 6.056, 5.442, 5.767, 5.032, 2.872, 4.051, 5.399, 5.456, 6.128, 4.593, 3.628, 2.11, 1.496, 3.821, 4.195, 4.818, 7.579, 13.123, 13.658, 11.699, 12.442, 12.686, 12.248, 12.5, 12.994, 12.762, 13.771, 14.751, 16.51, 15.729, 16.776, 20.084, 20.107, 17.685, 16.948, 18.084, 19.783, 19.89, 20.271, 21.806, 22.048, 21.617, 21.24, 20.81, 21.04, 21.114, 22.026, 20.728, 16.392, 12.561, 11.061, 13.352, 15.315, 16.309, 14.526, 12.872, 12.353, 10.873, 12.029, 9.451], [8.278, 6.698, 5.581, 4.71, 5.254, 4.416, 3.218, 3.685, 3.214, 6.179, 9.532, 9.145, 7.589, 7.218, 5.878, 4.518, 5.437, 5.543, 7.749, 9.031, 7.905, 7.665, 8.661, 10.414, 9.951, 11.017, 11.304, 10.075, 11.307, 11.183, 7.818, 5.719, 6.489, 3.705, 2.811, 2.049, 0.0, 3.756, 6.632, 5.608, 5.615, 6.148, 5.281, 3.314, 4.38, 5.667, 5.699, 5.904, 4.334, 3.479, 1.892, 1.967, 3.278, 3.948, 4.806, 7.25, 12.699, 13.201, 11.138, 11.859, 12.114, 11.752, 11.921, 12.379, 12.199, 13.183, 14.162, 15.896, 15.114, 16.161, 19.492, 19.519, 17.136, 16.383, 17.555, 19.201, 19.374, 19.68, 21.219, 21.511, 21.006, 20.652, 20.21, 20.438, 20.589, 21.67, 20.312, 15.892, 11.946, 10.561, 12.766, 14.905, 15.746, 13.963, 12.257, 11.763, 10.313, 11.512, 8.905], [4.752, 3.165, 2.076, 2.359, 2.621, 2.282, 2.344, 2.39, 2.017, 2.674, 6.072, 5.761, 4.228, 3.745, 2.595, 1.543, 2.673, 2.526, 4.359, 5.574, 5.14, 5.194, 5.599, 7.144, 6.844, 7.911, 8.391, 6.723, 7.889, 7.763, 4.407, 3.035, 3.293, 2.099, 4.324, 4.141, 3.756, 0.0, 3.084, 2.352, 2.75, 3.412, 2.58, 2.253, 2.689, 3.379, 2.96, 2.954, 1.856, 1.543, 2.779, 3.826, 1.891, 2.391, 3.193, 4.371, 9.201, 9.696, 7.635, 8.36, 8.666, 8.277, 8.44, 8.977, 8.721, 9.729, 10.708, 12.446, 11.658, 12.705, 16.063, 16.087, 13.61, 12.883, 14.076, 15.76, 15.902, 16.214, 17.754, 18.003, 17.562, 17.229, 16.741, 16.993, 17.096, 18.142, 16.85, 12.392, 8.49, 7.125, 9.316, 11.424, 12.234, 10.403, 8.844, 8.277, 6.953, 8.068, 5.474], [2.163, 1.631, 1.701, 2.769, 2.698, 3.438, 4.633, 4.109, 4.692, 1.444, 3.529, 3.333, 2.007, 1.636, 2.083, 2.623, 2.369, 2.26, 2.291, 3.474, 3.683, 4.102, 3.961, 4.88, 4.676, 5.764, 6.233, 4.403, 5.118, 4.916, 2.178, 2.616, 1.734, 3.802, 7.242, 7.14, 6.632, 3.084, 0.0, 1.395, 2.618, 2.789, 2.548, 5.054, 4.166, 3.132, 2.693, 2.221, 3.328, 3.89, 5.746, 6.839, 3.878, 3.606, 4.316, 2.802, 6.31, 6.736, 4.702, 5.434, 5.694, 5.425, 5.675, 6.008, 5.75, 6.823, 7.738, 9.463, 8.671, 9.718, 13.08, 13.108, 10.624, 9.893, 11.182, 12.797, 12.955, 13.23, 14.786, 15.033, 14.576, 14.267, 13.754, 14.012, 14.123, 15.204, 13.957, 9.514, 5.522, 4.191, 6.34, 8.476, 9.253, 7.389, 5.87, 5.302, 4.22, 5.183, 3.096], [2.975, 2.026, 1.573, 2.03, 1.939, 2.663, 3.722, 3.241, 3.714, 1.411, 4.372, 3.893, 2.575, 2.151, 1.972, 1.866, 1.92, 1.96, 2.784, 4.034, 4.234, 4.472, 4.485, 5.508, 5.256, 6.347, 6.676, 5.04, 5.928, 5.834, 2.677, 2.095, 1.665, 2.715, 6.24, 6.056, 5.608, 2.352, 1.395, 0.0, 1.94, 2.411, 1.772, 3.993, 3.263, 2.573, 2.175, 1.914, 2.266, 2.85, 4.746, 5.733, 2.942, 2.857, 3.569, 2.659, 7.284, 7.73, 5.745, 6.498, 6.713, 6.359, 6.551, 6.958, 6.732, 7.826, 8.725, 10.464, 9.672, 10.719, 14.077, 14.123, 11.702, 10.902, 12.096, 13.834, 13.909, 14.22, 15.839, 16.057, 15.573, 15.229, 14.764, 15.015, 15.153, 16.115, 14.759, 10.467, 6.53, 5.04, 7.332, 9.398, 10.323, 8.54, 6.815, 6.382, 5.123, 6.076, 3.809], [3.823, 2.25, 2.314, 1.582, 1.637, 1.662, 3.091, 2.526, 3.059, 1.761, 4.396, 4.259, 2.726, 2.835, 2.232, 2.297, 1.898, 1.792, 3.18, 4.335, 3.706, 3.192, 3.4, 5.034, 4.469, 5.612, 6.165, 5.156, 6.884, 6.681, 3.456, 1.934, 2.271, 3.095, 5.512, 5.442, 5.615, 2.75, 2.618, 1.94, 0.0, 1.249, 0.963, 3.173, 2.534, 1.667, 1.179, 2.05, 2.878, 3.048, 4.511, 5.034, 3.588, 3.707, 4.634, 3.376, 7.937, 8.49, 6.62, 7.336, 7.624, 7.226, 7.465, 7.961, 7.746, 8.755, 9.727, 11.475, 10.709, 11.756, 15.06, 15.063, 12.624, 11.916, 13.064, 14.679, 14.821, 15.22, 16.681, 16.992, 16.585, 16.205, 15.781, 16.005, 16.083, 16.986, 15.692, 11.248, 7.558, 6.037, 8.332, 10.243, 11.256, 9.48, 7.852, 7.278, 5.762, 6.806, 4.419], [3.637, 2.45, 3.017, 1.942, 1.491, 2.112, 3.474, 3.031, 3.589, 2.42, 4.125, 4.024, 2.552, 2.596, 2.475, 2.888, 1.895, 1.983, 2.973, 4.112, 3.359, 2.814, 2.879, 4.644, 4.251, 5.06, 5.924, 4.925, 6.712, 6.489, 3.219, 1.553, 2.265, 3.516, 5.885, 5.767, 6.148, 3.412, 2.789, 2.411, 1.249, 0.0, 1.272, 3.623, 2.9, 1.196, 1.129, 2.262, 3.465, 3.58, 4.951, 5.54, 4.039, 4.291, 5.19, 2.901, 7.643, 8.252, 6.379, 7.126, 7.439, 7.03, 7.288, 7.785, 7.56, 8.573, 9.54, 11.298, 10.533, 11.571, 14.862, 14.868, 12.451, 11.739, 12.872, 14.465, 14.641, 15.046, 16.482, 16.818, 16.41, 16.028, 15.607, 15.828, 15.869, 16.758, 15.51, 11.044, 7.369, 5.864, 8.158, 10.073, 11.078, 9.281, 7.68, 7.059, 5.584, 6.653, 4.232], [3.979, 2.406, 2.352, 1.358, 1.289, 1.514, 2.984, 2.502, 2.803, 1.952, 4.687, 4.502, 2.988, 2.948, 2.451, 2.215, 1.844, 1.893, 3.376, 4.634, 3.878, 3.407, 3.681, 5.393, 4.896, 5.876, 6.266, 5.401, 7.042, 6.84, 3.527, 1.839, 2.282, 2.864, 5.257, 5.032, 5.281, 2.58, 2.548, 1.772, 0.963, 1.272, 0.0, 2.92, 2.241, 1.488, 1.203, 1.972, 2.587, 2.807, 4.216, 4.676, 3.255, 3.439, 4.265, 3.346, 8.233, 8.766, 6.823, 7.564, 7.803, 7.38, 7.635, 8.123, 7.896, 8.909, 9.888, 11.645, 10.866, 11.908, 15.212, 15.225, 12.823, 12.085, 13.217, 14.901, 15.002, 15.4, 16.923, 17.18, 16.751, 16.377, 15.949, 16.175, 16.25, 17.16, 15.862, 11.515, 7.699, 6.194, 8.49, 10.437, 11.446, 9.664, 8.01, 7.474, 5.992, 7.15, 4.595], [6.75, 4.924, 3.933, 2.721, 3.234, 2.175, 1.899, 1.966, 1.7, 4.368, 7.466, 7.288, 5.633, 5.69, 4.372, 2.916, 3.827, 3.851, 6.085, 7.286, 5.983, 5.101, 5.917, 8.14, 7.499, 8.464, 8.951, 8.117, 9.825, 9.602, 6.252, 3.889, 4.768, 2.402, 3.134, 2.872, 3.314, 2.253, 5.054, 3.993, 3.173, 3.623, 2.92, 0.0, 1.698, 3.47, 3.376, 4.193, 2.847, 2.048, 2.266, 2.405, 2.436, 3.202, 4.183, 5.689, 10.898, 11.434, 9.525, 10.268, 10.567, 10.148, 10.406, 10.902, 10.678, 11.69, 12.658, 14.416, 13.649, 14.689, 17.98, 17.986, 15.579, 14.857, 15.99, 17.633, 17.779, 18.164, 19.645, 19.946, 19.528, 19.146, 18.725, 18.946, 19.021, 19.944, 18.655, 14.205, 10.482, 8.977, 11.273, 13.229, 14.21, 12.427, 10.793, 10.205, 8.703, 9.806, 7.361], [5.886, 4.187, 3.465, 1.986, 2.382, 1.656, 2.42, 2.222, 2.125, 3.561, 6.627, 6.474, 4.864, 4.763, 3.834, 2.687, 3.046, 3.102, 5.158, 6.308, 5.052, 4.342, 5.052, 7.248, 6.601, 7.545, 8.158, 7.19, 8.929, 8.734, 5.468, 2.989, 3.929, 2.682, 4.066, 4.051, 4.38, 2.689, 4.166, 3.263, 2.534, 2.9, 2.241, 1.698, 0.0, 2.529, 2.566, 3.332, 2.773, 2.291, 3.146, 3.442, 2.742, 3.1, 3.989, 4.76, 10.096, 10.569, 8.694, 9.332, 9.689, 9.304, 9.496, 10.017, 9.789, 10.781, 11.756, 13.496, 12.731, 13.788, 17.115, 17.089, 14.684, 13.949, 15.082, 16.679, 16.902, 17.255, 18.707, 19.039, 18.612, 18.226, 17.809, 18.026, 18.115, 19.065, 17.799, 13.319, 9.595, 8.134, 10.363, 12.375, 13.29, 11.435, 9.887, 9.297, 7.821, 8.931, 6.46], [3.757, 2.363, 3.067, 1.75, 1.109, 1.597, 3.133, 2.779, 3.153, 2.69, 4.436, 4.26, 3.075, 2.75, 2.456, 2.722, 1.701, 1.86, 3.139, 4.371, 3.504, 2.872, 3.362, 5.202, 4.746, 5.602, 6.182, 5.116, 6.78, 6.587, 3.301, 1.455, 2.57, 3.346, 5.51, 5.399, 5.667, 3.379, 3.132, 2.573, 1.667, 1.196, 1.488, 3.47, 2.529, 0.0, 1.252, 2.126, 3.21, 3.239, 4.376, 5.107, 3.726, 3.973, 4.771, 2.697, 8.025, 8.509, 6.57, 7.265, 7.537, 7.121, 7.368, 7.871, 7.634, 8.646, 9.628, 11.372, 10.604, 11.645, 14.955, 14.958, 12.551, 11.817, 12.945, 14.624, 14.748, 15.134, 16.622, 16.916, 16.488, 16.114, 15.685, 15.903, 15.987, 16.898, 15.588, 11.225, 7.442, 5.932, 8.228, 10.177, 11.174, 9.391, 7.748, 7.171, 5.705, 6.858, 4.325], [3.634, 2.162, 2.586, 1.519, 1.374, 1.737, 3.0, 2.516, 3.056, 2.199, 4.373, 4.23, 2.622, 2.543, 2.175, 2.472, 1.503, 1.64, 2.954, 4.188, 3.389, 3.196, 3.341, 5.104, 4.545, 5.604, 6.155, 5.011, 6.746, 6.523, 3.195, 1.369, 1.955, 3.236, 5.49, 5.456, 5.699, 2.96, 2.693, 2.175, 1.179, 1.129, 1.203, 3.376, 2.566, 1.252, 0.0, 1.755, 2.804, 2.941, 4.368, 5.025, 3.515, 3.652, 4.493, 2.558, 7.793, 8.338, 6.447, 7.171, 7.495, 7.078, 7.336, 7.815, 7.59, 8.603, 9.577, 11.328, 10.563, 11.601, 14.909, 14.916, 12.498, 11.776, 12.912, 14.513, 14.707, 15.083, 16.564, 16.877, 16.445, 16.067, 15.642, 15.873, 15.912, 16.826, 15.576, 11.132, 7.404, 5.899, 8.194, 10.152, 11.123, 9.291, 7.711, 7.105, 5.647, 6.768, 4.267], [3.521, 2.09, 1.807, 1.901, 1.55, 2.266, 3.967, 3.354, 3.743, 2.013, 4.223, 3.871, 2.814, 2.743, 2.356, 2.62, 1.929, 2.256, 3.105, 4.504, 4.643, 4.699, 4.716, 5.87, 5.634, 6.731, 7.106, 5.34, 6.182, 5.881, 3.098, 2.178, 1.683, 3.187, 6.317, 6.128, 5.904, 2.954, 2.221, 1.914, 2.05, 2.262, 1.972, 4.193, 3.332, 2.126, 1.755, 0.0, 2.67, 3.008, 4.886, 5.742, 3.32, 3.022, 3.507, 2.276, 7.271, 7.82, 5.734, 6.477, 6.785, 6.513, 6.709, 7.057, 6.712, 7.731, 8.712, 10.475, 9.667, 10.714, 14.088, 14.136, 11.716, 10.903, 12.104, 13.87, 13.946, 14.231, 15.851, 16.078, 15.567, 15.247, 14.761, 15.031, 15.193, 16.245, 14.867, 10.499, 6.499, 5.097, 7.341, 9.482, 10.338, 8.551, 6.833, 6.388, 4.954, 6.136, 3.972], [4.614, 3.387, 2.289, 2.178, 2.356, 2.261, 3.185, 2.854, 2.827, 2.769, 6.358, 5.83, 4.443, 3.677, 2.648, 1.864, 2.287, 2.648, 4.582, 5.843, 5.568, 5.714, 5.959, 7.435, 7.132, 8.212, 8.574, 7.022, 7.791, 7.89, 4.004, 2.92, 2.737, 1.814, 4.642, 4.593, 4.334, 1.856, 3.328, 2.266, 2.878, 3.465, 2.587, 2.847, 2.773, 3.21, 2.804, 2.67, 0.0, 1.401, 3.197, 4.082, 1.492, 1.565, 1.92, 3.316, 8.862, 9.386, 7.351, 8.114, 8.462, 8.203, 8.435, 8.772, 8.614, 9.844, 10.502, 12.117, 11.528, 12.401, 15.722, 15.799, 13.345, 12.57, 13.883, 15.509, 15.553, 15.897, 17.505, 17.843, 17.401, 16.974, 16.452, 16.661, 16.804, 17.776, 16.641, 12.434, 8.167, 6.822, 8.969, 11.062, 11.969, 10.179, 8.524, 8.088, 7.177, 7.857, 5.585], [5.505, 3.864, 2.759, 2.325, 2.57, 2.213, 2.534, 2.523, 2.072, 3.307, 6.638, 6.322, 4.74, 4.466, 3.269, 2.253, 2.82, 2.993, 4.992, 6.24, 5.626, 5.683, 6.06, 7.611, 7.299, 8.407, 8.871, 7.257, 8.591, 8.406, 5.038, 3.182, 3.568, 1.491, 3.596, 3.628, 3.479, 1.543, 3.89, 2.85, 3.048, 3.58, 2.807, 2.048, 2.291, 3.239, 2.941, 3.008, 1.401, 0.0, 2.094, 3.154, 1.25, 1.465, 2.262, 4.138, 9.796, 10.336, 8.287, 9.03, 9.35, 8.969, 9.172, 9.687, 9.464, 10.477, 11.438, 13.18, 12.415, 13.455, 16.765, 16.771, 14.346, 13.642, 14.81, 16.431, 16.588, 16.948, 18.411, 18.737, 18.297, 17.935, 17.491, 17.71, 17.798, 18.841, 17.527, 13.019, 9.248, 7.803, 10.039, 12.107, 12.963, 11.18, 9.559, 8.956, 7.579, 8.667, 6.161], [7.465, 5.746, 4.646, 3.703, 4.053, 3.308, 2.254, 2.795, 2.146, 5.117, 8.347, 8.119, 6.488, 6.327, 5.125, 3.624, 4.533, 4.631, 6.813, 7.991, 6.76, 6.46, 7.418, 9.177, 8.748, 9.789, 10.327, 8.936, 10.57, 10.371, 6.997, 4.463, 5.365, 2.457, 1.752, 2.11, 1.892, 2.779, 5.746, 4.746, 4.511, 4.951, 4.216, 2.266, 3.146, 4.376, 4.368, 4.886, 3.197, 2.094, 0.0, 1.428, 2.371, 2.79, 3.614, 6.084, 11.6, 12.149, 10.242, 10.956, 11.332, 10.905, 11.146, 11.641, 11.415, 12.428, 13.397, 15.153, 14.388, 15.426, 18.729, 18.754, 16.33, 15.596, 16.763, 18.365, 18.537, 18.914, 20.372, 20.699, 20.27, 19.884, 19.464, 19.683, 19.738, 20.681, 19.415, 14.941, 11.235, 9.73, 12.013, 13.963, 14.949, 13.075, 11.536, 10.915, 9.482, 10.603, 8.102], [8.535, 6.699, 5.698, 4.318, 4.861, 3.798, 2.505, 3.054, 2.351, 6.272, 9.256, 9.046, 7.507, 7.464, 6.128, 4.681, 5.49, 5.621, 7.92, 9.173, 7.8, 6.954, 8.002, 9.994, 9.339, 10.347, 10.783, 9.965, 11.581, 11.407, 8.01, 5.565, 6.532, 3.361, 1.734, 1.496, 1.967, 3.826, 6.839, 5.733, 5.034, 5.54, 4.676, 2.405, 3.442, 5.107, 5.025, 5.742, 4.082, 3.154, 1.428, 0.0, 3.416, 3.706, 4.471, 7.07, 12.75, 13.336, 11.392, 12.135, 12.373, 11.92, 12.182, 12.667, 12.438, 13.451, 14.43, 16.186, 15.405, 16.453, 19.756, 19.787, 17.382, 16.628, 17.767, 19.47, 19.555, 19.947, 21.492, 21.733, 21.293, 20.916, 20.49, 20.716, 20.808, 21.724, 20.405, 16.079, 12.238, 10.733, 13.029, 14.98, 16.006, 14.224, 12.549, 12.046, 10.553, 11.719, 9.145], [5.211, 4.041, 2.924, 2.635, 3.007, 2.722, 3.219, 3.099, 2.823, 3.394, 7.064, 6.543, 5.072, 4.279, 2.887, 2.159, 2.716, 2.959, 5.249, 6.445, 5.878, 5.975, 6.592, 8.179, 7.85, 8.904, 9.339, 7.702, 8.464, 8.398, 4.817, 3.262, 3.555, 1.405, 3.872, 3.821, 3.278, 1.891, 3.878, 2.942, 3.588, 4.039, 3.255, 2.436, 2.742, 3.726, 3.515, 3.32, 1.492, 1.25, 2.371, 3.416, 0.0, 1.246, 2.074, 4.345, 9.626, 10.212, 8.052, 8.829, 9.079, 8.779, 8.936, 9.367, 9.288, 10.373, 11.152, 12.848, 12.14, 13.209, 16.447, 16.428, 14.047, 13.342, 14.755, 16.224, 16.358, 16.624, 18.16, 18.51, 17.933, 17.63, 17.15, 17.369, 17.57, 18.757, 17.491, 13.061, 8.888, 7.694, 9.69, 11.901, 12.653, 10.873, 9.23, 8.643, 7.611, 8.632, 5.994], [5.058, 3.934, 2.617, 2.869, 3.152, 3.141, 3.823, 3.574, 3.283, 3.279, 6.882, 6.44, 4.931, 4.247, 3.299, 2.659, 3.087, 3.491, 5.139, 6.335, 6.481, 6.663, 6.789, 8.113, 7.896, 8.998, 9.404, 7.644, 8.267, 8.176, 4.723, 3.753, 3.344, 1.533, 4.194, 4.195, 3.948, 2.391, 3.606, 2.857, 3.707, 4.291, 3.439, 3.202, 3.1, 3.973, 3.652, 3.022, 1.565, 1.465, 2.79, 3.706, 1.246, 0.0, 1.464, 3.835, 9.402, 9.991, 7.814, 8.594, 8.867, 8.558, 8.752, 9.163, 9.045, 10.157, 10.949, 12.633, 11.93, 12.995, 16.22, 16.231, 13.807, 13.107, 14.527, 16.003, 16.128, 16.411, 17.959, 18.281, 17.734, 17.434, 16.929, 17.17, 17.299, 18.474, 17.265, 12.825, 8.685, 7.468, 9.481, 11.652, 12.416, 10.627, 9.032, 8.444, 7.418, 8.406, 5.801], [5.507, 4.516, 3.174, 3.66, 3.849, 3.895, 4.546, 4.365, 3.984, 4.062, 7.501, 6.984, 5.759, 4.997, 3.781, 3.301, 3.76, 4.24, 5.997, 7.204, 7.285, 7.432, 7.664, 9.005, 8.792, 9.901, 10.234, 8.489, 8.71, 8.654, 4.926, 4.484, 3.837, 2.534, 4.64, 4.818, 4.806, 3.193, 4.316, 3.569, 4.634, 5.19, 4.265, 4.183, 3.989, 4.771, 4.493, 3.507, 1.92, 2.262, 3.614, 4.471, 2.074, 1.464, 0.0, 4.131, 9.617, 10.104, 7.923, 8.736, 9.059, 9.086, 9.027, 9.326, 9.329, 10.494, 11.003, 12.595, 12.028, 12.972, 16.324, 16.347, 13.767, 13.068, 14.466, 16.091, 16.215, 16.386, 17.971, 18.373, 17.846, 17.561, 16.846, 17.081, 17.402, 18.585, 17.486, 13.279, 8.54, 7.585, 9.513, 11.732, 12.381, 10.588, 9.027, 8.64, 7.99, 8.706, 6.549], [2.48, 2.553, 3.017, 3.333, 2.776, 3.789, 5.104, 4.487, 5.081, 2.909, 3.822, 3.341, 2.875, 2.082, 2.774, 3.627, 2.459, 2.751, 2.21, 3.31, 3.756, 4.434, 4.141, 4.928, 4.771, 5.849, 6.186, 4.425, 4.997, 4.915, 1.779, 2.277, 1.718, 4.138, 7.607, 7.579, 7.25, 4.371, 2.802, 2.659, 3.376, 2.901, 3.346, 5.689, 4.76, 2.697, 2.558, 2.276, 3.316, 4.138, 6.084, 7.07, 4.345, 3.835, 4.131, 0.0, 5.837, 6.369, 4.427, 5.184, 5.535, 5.368, 5.623, 5.851, 5.697, 6.958, 7.592, 9.215, 8.611, 9.506, 12.821, 12.867, 10.442, 9.682, 10.966, 12.515, 12.643, 13.01, 14.578, 14.943, 14.483, 14.074, 13.548, 13.762, 13.871, 14.868, 13.702, 9.424, 5.272, 3.885, 6.082, 8.115, 9.069, 7.287, 5.601, 5.142, 4.234, 4.842, 2.973], [4.899, 6.373, 7.369, 8.72, 8.273, 9.308, 10.563, 9.978, 10.678, 6.639, 4.273, 4.096, 5.29, 5.686, 7.201, 8.531, 7.563, 7.466, 5.131, 3.93, 5.526, 6.594, 5.731, 4.051, 4.272, 4.611, 5.157, 4.289, 3.688, 3.216, 5.073, 7.259, 6.316, 9.465, 13.069, 13.123, 12.699, 9.201, 6.31, 7.284, 7.937, 7.643, 8.233, 10.898, 10.096, 8.025, 7.793, 7.271, 8.862, 9.796, 11.6, 12.75, 9.626, 9.402, 9.617, 5.837, 0.0, 1.321, 2.322, 1.547, 2.51, 3.084, 3.053, 2.697, 2.645, 2.805, 2.675, 3.857, 3.742, 4.302, 7.471, 7.465, 5.001, 4.