[[0.0, 1.098, 1.061, 1.581, 1.991, 2.327, 2.346, 2.664, 2.301, 2.327, 3.16, 3.65, 3.763, 3.1, 2.676, 2.993, 1.961, 1.9, 2.662, 5.742, 8.661, 7.875, 5.984, 6.245, 9.629, 11.609, 11.342, 11.318, 11.807, 11.838, 13.191, 12.366, 11.141, 12.228, 11.574, 9.175, 8.099, 7.01, 6.384, 6.924, 6.156, 3.384, 2.034, 2.558, 3.203, 4.124, 4.636, 4.636, 4.115, 2.646, 2.073, 2.951, 4.58, 4.423, 2.851, 2.882, 3.555, 3.199, 2.837, 4.745, 7.353, 8.186, 7.544, 7.738, 8.348, 8.417, 7.091, 7.524, 9.386, 10.86, 12.066, 13.006, 14.06, 13.495, 13.447, 12.739, 11.449, 10.926, 10.216, 10.39, 10.833, 10.042, 6.98, 5.247, 6.122, 5.872, 3.677, 3.807, 6.871, 7.578, 7.417, 7.508, 7.283, 5.574, 3.745, 2.207, 1.707, 2.671, 4.092, 5.248, 5.747, 6.077, 6.521, 7.538, 9.109, 10.04, 11.941, 13.233, 13.317, 11.263, 10.649, 13.213, 13.731, 12.716, 12.059, 11.281, 11.365, 11.047, 9.175, 7.28, 7.819, 8.723, 8.552, 6.853, 4.813, 3.637, 3.005, 2.434, 2.447, 2.38, 2.41, 2.825, 2.778, 3.837, 5.156, 5.672, 5.132, 4.528, 6.198, 6.821, 6.306, 6.831, 7.395, 7.134, 5.547, 3.835, 3.266, 2.669, 2.505, 2.183, 1.9, 1.974, 2.259, 3.211, 3.312, 3.51, 5.122, 4.785, 4.385, 5.812, 6.276, 4.669, 5.046, 6.136, 5.875, 4.242, 3.617, 3.744, 3.424, 5.314, 5.676, 7.09, 7.604, 7.787, 6.802, 5.753, 5.356, 4.746, 4.293, 4.045, 3.494, 2.968, 3.08, 3.648, 3.788, 4.062, 3.378, 2.71, 3.04, 3.443, 3.245, 4.138, 4.187, 2.014, 2.521, 2.427, 3.995, 5.903, 6.099, 5.633, 5.495, 5.294, 4.138, 4.461, 4.659, 5.15], [1.098, 0.0, 1.415, 1.526, 1.599, 2.296, 2.296, 2.507, 2.043, 2.182, 3.19, 3.681, 3.781, 2.891, 2.495, 2.683, 1.737, 2.07, 2.873, 5.838, 8.85, 8.013, 6.161, 6.403, 9.849, 11.807, 11.551, 11.526, 12.014, 12.028, 13.381, 12.546, 11.326, 12.432, 11.759, 9.383, 8.319, 7.232, 6.568, 7.124, 6.325, 3.524, 2.195, 2.528, 3.179, 4.083, 4.726, 4.746, 4.115, 2.576, 2.326, 3.289, 4.705, 4.492, 2.879, 2.737, 3.329, 3.054, 2.701, 4.594, 7.139, 7.977, 7.384, 7.569, 8.186, 8.254, 6.878, 7.251, 9.147, 10.598, 11.776, 12.753, 13.787, 13.202, 13.178, 12.519, 11.182, 10.652, 9.934, 10.069, 10.593, 9.764, 6.781, 5.022, 5.902, 5.645, 3.481, 3.607, 6.661, 7.401, 7.238, 7.292, 7.083, 5.277, 3.529, 2.201, 1.858, 2.731, 3.92, 5.12, 5.638, 5.961, 6.366, 7.281, 8.84, 9.776, 11.667, 12.919, 13.059, 10.993, 10.436, 12.989, 13.509, 12.523, 11.854, 11.077, 11.145, 10.817, 8.895, 6.999, 7.586, 8.517, 8.324, 6.641, 4.584, 3.479, 3.013, 2.403, 2.532, 2.329, 2.134, 2.861, 2.349, 3.546, 4.999, 5.499, 4.979, 4.336, 5.996, 6.583, 6.103, 6.578, 7.19, 6.998, 5.589, 3.875, 3.166, 2.472, 2.161, 1.88, 1.461, 1.515, 1.891, 3.003, 3.172, 3.591, 5.281, 4.913, 4.518, 5.945, 6.376, 4.889, 5.359, 6.465, 6.027, 4.453, 3.779, 3.92, 3.646, 5.535, 5.844, 7.288, 7.685, 7.852, 6.888, 5.977, 5.503, 4.92, 4.45, 4.15, 3.496, 3.066, 3.126, 3.625, 3.823, 3.923, 3.3, 2.567, 2.986, 3.306, 3.094, 3.949, 4.063, 2.086, 2.499, 2.414, 4.263, 6.068, 6.259, 5.791, 5.826, 5.605, 4.433, 4.697, 4.944, 5.354], [1.061, 1.415, 0.0, 1.754, 2.236, 2.497, 2.657, 2.963, 2.556, 2.785, 3.471, 3.828, 3.937, 3.374, 3.092, 3.281, 2.25, 2.12, 2.543, 5.311, 8.394, 7.503, 5.715, 5.977, 9.44, 11.384, 11.134, 11.123, 11.602, 11.529, 12.883, 12.108, 10.912, 11.993, 11.352, 9.111, 7.945, 6.894, 6.273, 6.982, 5.957, 3.43, 2.179, 2.848, 3.606, 4.355, 4.915, 4.954, 4.363, 2.676, 1.871, 2.699, 4.377, 4.23, 2.845, 3.086, 3.942, 3.384, 3.025, 5.001, 7.559, 8.305, 7.679, 7.844, 8.438, 8.53, 7.186, 7.681, 9.57, 10.97, 12.201, 13.2, 14.218, 13.726, 13.772, 13.115, 11.639, 11.068, 10.631, 10.596, 11.021, 10.206, 7.191, 5.446, 6.299, 6.055, 3.915, 4.04, 7.068, 7.806, 7.594, 7.81, 7.61, 5.695, 3.913, 2.521, 2.003, 3.161, 4.397, 5.526, 5.971, 6.277, 6.673, 7.645, 9.254, 10.184, 12.055, 13.298, 13.493, 11.474, 11.024, 13.462, 13.973, 12.951, 12.243, 11.489, 11.618, 11.37, 9.402, 7.356, 7.999, 8.942, 8.736, 7.132, 5.06, 3.815, 3.361, 2.668, 2.47, 2.826, 2.798, 2.872, 3.041, 4.074, 5.275, 5.871, 5.33, 4.453, 6.19, 6.899, 6.476, 6.929, 7.585, 7.419, 5.816, 4.079, 3.437, 2.838, 2.628, 2.27, 1.954, 2.108, 2.523, 3.465, 3.506, 3.477, 5.052, 4.691, 4.253, 5.77, 6.223, 4.447, 4.794, 5.924, 5.766, 4.197, 3.489, 3.598, 3.277, 5.168, 5.492, 7.067, 7.513, 7.615, 6.764, 5.634, 5.23, 4.623, 4.13, 3.876, 3.522, 3.017, 2.989, 3.685, 3.698, 4.056, 3.5, 2.863, 3.113, 3.306, 3.275, 4.23, 4.323, 2.576, 2.8, 2.379, 3.772, 5.731, 6.011, 5.548, 5.321, 5.221, 4.083, 4.404, 4.484, 4.955], [1.581, 1.526, 1.754, 0.0, 1.378, 1.752, 1.947, 2.298, 2.295, 2.355, 3.142, 3.809, 4.051, 2.802, 2.485, 2.723, 1.892, 1.695, 3.09, 5.962, 9.066, 8.155, 6.277, 6.532, 10.043, 12.024, 11.759, 11.752, 12.192, 12.193, 13.548, 12.714, 11.472, 12.65, 11.97, 9.343, 8.45, 7.311, 6.571, 7.07, 6.33, 3.439, 2.241, 2.287, 2.997, 3.836, 4.435, 4.567, 4.105, 2.68, 2.041, 3.009, 4.668, 4.209, 2.834, 2.367, 3.02, 2.629, 2.41, 4.417, 6.917, 7.738, 7.042, 7.161, 7.78, 7.934, 6.591, 7.212, 9.573, 10.989, 11.728, 12.784, 13.844, 13.29, 13.261, 12.769, 11.206, 10.658, 10.08, 10.233, 10.532, 9.729, 6.658, 4.927, 5.738, 5.475, 3.241, 3.573, 6.538, 7.243, 6.986, 7.172, 6.998, 5.168, 3.354, 2.155, 1.733, 1.973, 3.718, 4.863, 5.237, 5.599, 6.029, 7.127, 8.782, 9.659, 11.589, 12.843, 13.002, 10.996, 10.456, 12.94, 13.446, 12.419, 11.693, 10.926, 11.116, 10.868, 8.918, 7.13, 7.46, 8.502, 8.237, 6.589, 4.818, 3.545, 2.726, 2.07, 2.193, 2.0, 1.903, 2.236, 2.328, 3.364, 4.692, 5.292, 4.668, 4.203, 5.928, 6.548, 6.051, 6.347, 7.016, 6.909, 5.314, 3.783, 2.933, 2.306, 2.387, 2.088, 2.15, 2.251, 2.524, 3.235, 3.462, 3.775, 5.147, 4.782, 4.467, 5.895, 6.356, 4.935, 5.475, 6.374, 5.842, 4.418, 3.48, 3.854, 3.769, 5.152, 5.748, 7.234, 7.58, 7.714, 6.869, 5.629, 5.199, 4.514, 4.07, 4.089, 3.654, 3.114, 3.249, 3.776, 4.003, 4.185, 3.37, 2.766, 3.107, 3.415, 3.084, 3.64, 3.744, 1.662, 2.087, 2.583, 4.29, 6.234, 6.097, 5.737, 5.729, 5.654, 4.405, 4.694, 4.986, 5.312], [1.991, 1.599, 2.236, 1.378, 0.0, 1.384, 1.36, 1.529, 1.626, 2.158, 3.172, 3.848, 4.295, 2.653, 2.564, 2.762, 1.744, 1.883, 2.637, 5.51, 8.577, 7.696, 5.894, 6.131, 9.636, 11.576, 11.326, 11.315, 11.782, 11.697, 13.018, 12.287, 11.082, 12.184, 11.536, 8.935, 8.045, 6.913, 6.211, 6.612, 5.958, 3.125, 2.407, 2.685, 3.118, 4.061, 4.644, 4.71, 4.041, 2.864, 2.349, 3.112, 4.309, 3.858, 2.888, 2.849, 3.491, 3.002, 2.789, 4.782, 7.366, 8.091, 7.419, 7.561, 8.18, 8.316, 6.948, 7.538, 9.892, 11.299, 12.169, 13.116, 14.154, 13.59, 13.559, 13.04, 11.442, 10.979, 10.353, 10.51, 10.799, 10.022, 6.958, 5.184, 6.009, 5.726, 3.485, 3.93, 6.885, 7.697, 7.441, 7.456, 7.289, 5.37, 3.659, 2.46, 2.106, 2.03, 3.935, 5.065, 5.557, 5.911, 6.417, 7.457, 9.091, 9.98, 11.855, 13.129, 13.311, 11.279, 10.79, 13.213, 13.716, 12.717, 12.058, 11.291, 11.366, 11.147, 9.128, 7.426, 7.889, 8.814, 8.585, 6.961, 5.18, 3.86, 3.299, 2.618, 2.902, 2.582, 2.484, 2.417, 2.457, 3.688, 5.015, 5.521, 4.952, 4.642, 6.25, 6.879, 6.263, 6.576, 7.3, 7.138, 5.54, 3.834, 3.122, 2.647, 2.581, 2.208, 1.988, 2.186, 2.383, 3.034, 3.125, 3.559, 4.715, 4.465, 4.163, 5.473, 6.182, 4.887, 5.347, 6.447, 5.637, 4.146, 3.172, 3.766, 3.822, 4.796, 5.322, 6.782, 7.084, 7.183, 6.448, 5.375, 4.873, 4.117, 3.698, 3.961, 3.613, 3.097, 3.246, 3.706, 3.945, 4.039, 3.133, 2.564, 3.054, 3.357, 3.066, 3.949, 4.113, 2.076, 1.848, 2.412, 4.389, 5.852, 5.747, 5.433, 5.749, 5.593, 4.442, 4.528, 4.825, 5.119], [2.327, 2.296, 2.497, 1.752, 1.384, 0.0, 1.007, 1.563, 1.799, 2.777, 3.845, 4.652, 5.26, 3.532, 3.655, 3.908, 2.811, 2.416, 2.759, 5.209, 8.123, 7.288, 5.47, 5.752, 9.196, 11.127, 10.88, 10.856, 11.342, 11.239, 12.561, 11.825, 10.608, 11.724, 11.077, 8.476, 7.591, 6.462, 5.723, 6.135, 5.477, 2.566, 2.448, 3.105, 4.055, 4.678, 4.88, 4.833, 4.277, 3.046, 2.34, 2.666, 3.715, 3.24, 2.427, 3.394, 4.147, 3.553, 3.478, 5.636, 8.15, 8.695, 7.896, 8.005, 8.624, 8.773, 7.896, 8.711, 11.089, 12.454, 13.175, 14.097, 15.349, 14.789, 14.604, 14.078, 12.493, 11.797, 11.422, 11.497, 11.631, 11.018, 7.719, 6.073, 6.884, 6.691, 4.317, 4.742, 7.634, 8.585, 8.344, 8.48, 8.286, 6.415, 4.557, 3.273, 2.679, 2.211, 4.65, 5.746, 6.045, 6.51, 7.109, 8.288, 10.165, 10.733, 12.806, 14.133, 14.184, 12.281, 11.759, 14.009, 14.512, 13.454, 12.619, 11.86, 12.199, 12.049, 10.195, 8.498, 8.783, 9.736, 9.38, 7.916, 6.369, 5.045, 4.193, 3.45, 3.572, 3.401, 3.331, 3.237, 3.558, 4.678, 5.695, 6.344, 5.745, 5.502, 7.222, 7.945, 7.335, 7.487, 8.038, 7.851, 6.004, 4.258, 3.901, 3.444, 3.409, 2.733, 2.55, 2.665, 2.406, 2.894, 2.887, 3.049, 4.343, 4.06, 3.597, 5.043, 5.799, 4.422, 4.92, 5.716, 4.752, 3.313, 2.43, 3.135, 3.067, 4.011, 4.788, 6.314, 6.636, 6.651, 5.919, 4.437, 3.91, 3.125, 3.028, 3.222, 2.96, 2.308, 2.485, 2.884, 3.07, 3.527, 2.668, 2.687, 2.48, 3.243, 3.651, 4.754, 4.771, 2.746, 1.937, 2.119, 3.957, 5.482, 5.315, 5.037, 4.934, 5.037, 3.776, 3.958, 4.34, 4.518], [2.346, 2.296, 2.657, 1.947, 1.36, 1.007, 0.0, 0.908, 1.286, 2.274, 3.431, 4.374, 4.926, 3.219, 3.433, 3.705, 2.569, 2.253, 2.734, 5.391, 8.027, 7.271, 5.53, 5.813, 9.057, 10.986, 10.724, 10.712, 11.237, 11.084, 12.405, 11.681, 10.469, 11.574, 10.933, 8.359, 7.452, 6.325, 5.597, 6.024, 5.334, 2.638, 2.72, 3.142, 3.774, 4.57, 4.872, 4.569, 3.983, 3.076, 2.711, 3.091, 3.81, 3.333, 2.734, 3.545, 4.193, 3.675, 3.464, 5.615, 8.132, 8.727, 8.032, 8.139, 8.764, 8.929, 7.742, 8.548, 10.866, 12.253, 13.048, 13.96, 15.205, 14.64, 14.519, 13.93, 12.36, 11.687, 11.303, 11.337, 11.594, 10.929, 7.697, 6.059, 6.855, 6.605, 4.295, 4.61, 7.652, 8.469, 8.224, 8.443, 8.264, 6.361, 4.456, 3.174, 2.596, 2.394, 4.594, 5.761, 6.122, 6.52, 7.127, 8.233, 10.044, 10.708, 12.737, 14.044, 14.158, 12.219, 11.716, 14.019, 14.527, 13.483, 12.697, 11.947, 12.217, 12.037, 10.112, 8.325, 8.644, 9.597, 9.31, 7.819, 6.181, 4.883, 4.144, 3.531, 3.805, 3.47, 3.365, 3.236, 3.373, 4.528, 5.664, 6.316, 5.701, 5.321, 7.055, 7.77, 7.223, 7.449, 7.985, 7.835, 5.993, 4.121, 3.906, 3.326, 3.508, 2.874, 2.815, 2.858, 2.394, 2.883, 2.957, 3.13, 4.227, 4.028, 3.469, 4.978, 5.791, 4.414, 4.918, 5.782, 4.822, 3.439, 2.435, 3.121, 3.016, 3.902, 4.629, 6.2, 6.59, 6.66, 5.923, 4.459, 4.05, 3.264, 3.032, 3.223, 3.074, 2.722, 3.02, 3.203, 3.284, 3.513, 2.793, 2.57, 2.848, 3.64, 3.697, 4.682, 4.768, 2.59, 1.777, 2.244, 4.03, 5.418, 5.309, 5.033, 4.928, 5.081, 3.91, 3.967, 4.47, 4.574], [2.664, 2.507, 2.963, 2.298, 1.529, 1.563, 0.908, 0.0, 1.049, 1.941, 2.965, 4.026, 4.605, 2.835, 3.07, 3.351, 2.399, 2.419, 3.053, 5.869, 8.372, 7.605, 5.947, 6.25, 9.368, 11.245, 10.927, 10.915, 11.43, 11.287, 12.609, 11.885, 10.672, 11.777, 11.137, 8.557, 7.655, 6.528, 5.839, 6.229, 5.537, 2.966, 2.96, 3.292, 3.69, 4.328, 4.594, 4.165, 3.633, 3.188, 3.081, 3.544, 4.239, 3.726, 3.17, 3.574, 3.967, 3.582, 3.324, 5.338, 7.862, 8.513, 7.829, 7.936, 8.561, 8.725, 7.469, 8.224, 10.509, 11.911, 12.751, 13.681, 14.892, 14.318, 14.224, 13.599, 12.056, 11.389, 11.012, 10.974, 11.319, 10.651, 7.46, 5.788, 6.585, 6.326, 4.077, 4.362, 7.416, 8.198, 7.959, 8.164, 7.984, 6.093, 4.245, 3.235, 2.696, 2.568, 4.367, 5.511, 5.858, 6.293, 6.887, 7.953, 9.749, 10.455, 12.455, 13.751, 13.877, 11.946, 11.44, 13.76, 14.281, 13.258, 12.484, 11.717, 11.955, 11.757, 9.827, 7.971, 8.37, 9.305, 9.055, 7.533, 5.847, 4.54, 4.028, 3.706, 4.054, 3.689, 3.539, 3.39, 3.409, 4.219, 5.442, 6.07, 5.464, 4.983, 6.745, 7.441, 6.928, 7.179, 7.709, 7.601, 5.753, 3.88, 3.842, 3.261, 3.666, 3.02, 3.165, 3.154, 2.767, 3.242, 3.24, 3.579, 4.686, 4.437, 3.807, 5.132, 5.961, 4.565, 5.084, 6.048, 5.121, 3.756, 2.753, 3.397, 3.215, 4.17, 4.835, 6.396, 6.769, 6.888, 6.183, 4.811, 4.361, 3.683, 3.447, 3.64, 3.413, 3.196, 3.502, 3.592, 3.615, 3.777, 3.036, 2.849, 3.376, 4.108, 3.876, 4.396, 4.559, 2.501, 1.893, 2.657, 4.296, 5.661, 5.501, 5.208, 5.175, 5.335, 4.139, 4.211, 4.665, 4.84], [2.301, 2.043, 2.556, 2.295, 1.626, 1.799, 1.286, 1.049, 0.0, 1.979, 3.041, 3.891, 4.245, 2.692, 2.822, 3.194, 2.322, 2.341, 2.673, 5.422, 7.994, 7.213, 5.552, 5.843, 9.054, 10.94, 10.671, 10.659, 11.161, 11.031, 12.375, 11.628, 10.416, 11.521, 10.881, 8.564, 7.477, 6.363, 5.75, 6.304, 5.396, 3.115, 2.952, 3.247, 3.639, 4.457, 4.879, 4.49, 3.937, 3.316, 3.222, 3.661, 4.451, 3.879, 3.135, 3.55, 4.13, 3.709, 3.4, 5.408, 7.969, 8.722, 8.08, 8.192, 8.817, 8.98, 7.552, 8.16, 10.181, 11.636, 12.769, 13.716, 14.85, 14.296, 14.271, 13.575, 12.141, 11.556, 11.016, 10.954, 11.478, 10.72, 7.634, 5.887, 6.667, 6.397, 4.141, 4.444, 7.535, 8.277, 8.067, 8.222, 8.039, 6.137, 4.382, 3.184, 2.728, 3.067, 4.567, 5.698, 6.107, 6.452, 7.042, 8.108, 9.758, 10.661, 12.555, 13.841, 13.955, 12.005, 11.503, 13.914, 14.424, 13.396, 12.719, 11.953, 12.05, 11.846, 9.884, 7.928, 8.485, 9.417, 9.228, 7.588, 5.657, 4.422, 4.044, 3.734, 4.091, 3.819, 3.388, 3.586, 3.203, 4.256, 5.63, 6.183, 5.59, 4.929, 6.714, 7.38, 6.931, 7.306, 7.913, 7.724, 5.948, 4.034, 3.671, 3.4, 3.692, 2.831, 2.79, 2.584, 2.399, 3.1, 3.168, 3.709, 4.772, 4.42, 3.896, 5.193, 6.044, 4.65, 5.245, 6.257, 5.506, 4.077, 3.056, 3.54, 3.373, 4.523, 4.877, 6.48, 6.95, 7.114, 6.444, 5.099, 4.741, 4.025, 3.64, 3.932, 3.492, 3.252, 3.531, 3.63, 3.678, 3.72, 2.978, 2.857, 3.357, 4.063, 3.902, 4.527, 4.684, 2.685, 2.435, 2.62, 4.349, 5.786, 5.689, 5.438, 5.511, 5.459, 4.314, 4.439, 4.773, 5.069], [2.327, 2.182, 2.785, 2.355, 2.158, 2.777, 2.274, 1.941, 1.979, 0.0, 1.727, 2.879, 3.179, 2.407, 2.422, 2.266, 1.788, 2.659, 3.735, 6.922, 9.494, 8.829, 6.92, 7.272, 10.306, 12.241, 11.983, 11.953, 12.382, 12.483, 13.836, 12.991, 11.744, 12.878, 12.199, 9.515, 8.649, 7.51, 6.781, 7.275, 6.609, 3.514, 2.437, 2.342, 2.306, 3.293, 3.68, 3.304, 2.779, 2.604, 3.094, 3.85, 4.818, 4.557, 3.293, 2.465, 3.203, 2.677, 2.379, 3.965, 6.652, 7.494, 6.833, 6.995, 7.615, 7.754, 6.339, 6.739, 9.132, 10.594, 11.437, 12.49, 13.36, 12.766, 12.775, 12.312, 10.885, 10.451, 9.637, 9.994, 10.234, 9.373, 6.453, 4.593, 5.371, 5.087, 2.875, 3.404, 6.26, 7.014, 6.74, 6.641, 6.485, 4.689, 3.48, 2.666, 2.428, 3.186, 3.589, 4.431, 4.861, 5.185, 5.744, 6.87, 8.419, 9.393, 11.243, 12.472, 12.671, 10.617, 10.017, 12.612, 13.129, 12.115, 11.475, 10.695, 10.781, 10.463, 8.52, 6.799, 7.246, 8.27, 7.995, 6.321, 4.309, 3.0, 3.087, 3.261, 3.468, 3.078, 3.128, 3.698, 3.018, 3.146, 4.482, 4.93, 4.347, 4.021, 5.604, 6.188, 5.597, 5.948, 6.636, 6.437, 4.686, 2.891, 2.602, 2.433, 2.637, 2.544, 2.46, 2.433, 2.607, 3.381, 3.382, 4.003, 5.676, 5.234, 4.826, 6.173, 6.386, 4.908, 5.287, 6.458, 6.049, 4.524, 3.916, 4.054, 4.02, 5.744, 6.125, 7.443, 7.767, 7.829, 6.736, 6.13, 5.521, 5.02, 4.667, 4.422, 3.44, 3.388, 3.474, 3.617, 3.614, 3.464, 2.723, 2.299, 3.291, 3.796, 2.954, 3.344, 3.503, 2.204, 2.623, 2.66, 4.273, 6.297, 6.133, 5.759, 5.955, 5.543, 4.356, 4.69, 4.777, 5.303], [3.16, 3.19, 3.471, 3.142, 3.172, 3.845, 3.431, 2.965, 3.041, 1.727, 0.0, 1.682, 2.223, 1.815, 2.162, 1.893, 2.343, 3.56, 5.084, 8.104, 10.8, 10.013, 8.371, 8.619, 11.802, 13.668, 13.364, 13.344, 13.835, 13.723, 15.064, 14.317, 13.121, 14.219, 13.556, 10.992, 10.069, 8.941, 8.22, 8.701, 8.014, 4.784, 3.082, 2.514, 2.294, 2.434, 2.603, 2.504, 2.596, 2.597, 3.584, 4.472, 5.763, 5.693, 4.263, 2.484, 3.254, 2.549, 2.064, 2.752, 5.276, 6.049, 5.387, 5.529, 6.148, 6.318, 4.999, 5.707, 8.054, 9.343, 10.076, 11.039, 12.08, 11.524, 11.531, 11.019, 9.465, 8.973, 8.461, 8.649, 8.757, 7.971, 5.149, 3.388, 3.973, 3.783, 2.21, 2.416, 4.829, 5.622, 5.368, 5.418, 5.257, 3.358, 2.684, 2.487, 2.604, 3.505, 2.642, 3.206, 3.647, 3.839, 4.366, 5.444, 6.998, 7.948, 9.788, 11.057, 11.25, 9.252, 8.763, 11.192, 11.717, 10.679, 10.033, 9.258, 9.31, 9.125, 7.096, 5.336, 5.854, 6.761, 6.551, 5.035, 3.531, 2.509, 2.898, 3.718, 3.895, 3.434, 3.491, 4.124, 3.069, 2.225, 3.133, 3.643, 2.933, 2.725, 4.156, 4.725, 4.165, 4.503, 5.205, 5.009, 3.53, 2.802, 2.401, 2.21, 2.702, 2.841, 3.134, 3.354, 3.874, 4.667, 4.537, 5.084, 6.925, 6.44, 5.877, 7.456, 7.545, 5.777, 6.027, 7.186, 7.012, 5.435, 5.018, 4.997, 5.038, 6.877, 7.299, 8.821, 9.096, 8.917, 7.977, 7.338, 6.539, 6.122, 5.858, 5.451, 4.265, 4.112, 4.039, 4.106, 4.302, 4.082, 3.168, 2.763, 3.897, 4.145, 3.009, 2.225, 2.562, 2.129, 3.007, 3.494, 5.147, 7.336, 7.524, 6.842, 6.829, 6.405, 5.266, 5.53, 5.511, 6.15], [3.65, 3.681, 3.828, 3.809, 3.848, 4.652, 4.374, 4.026, 3.891, 2.879, 1.682, 0.0, 1.389, 1.893, 2.448, 2.314, 2.906, 4.217, 5.561, 8.543, 11.536, 10.665, 8.887, 9.131, 12.591, 14.542, 14.271, 14.258, 14.753, 14.64, 15.966, 15.231, 14.043, 15.125, 14.478, 12.031, 11.037, 9.913, 9.181, 9.842, 9.001, 6.202, 4.19, 3.427, 3.057, 2.925, 2.981, 3.129, 3.145, 3.647, 4.511, 5.497, 7.008, 6.966, 5.459, 3.374, 4.232, 3.47, 2.903, 2.68, 4.415, 5.132, 4.467, 4.629, 5.504, 5.712, 4.724, 5.41, 7.047, 8.103, 9.194, 10.113, 11.058, 10.538, 10.616, 9.974, 8.482, 8.024, 7.84, 7.544, 7.836, 7.097, 5.019, 3.85, 3.604, 3.731, 2.984, 2.732, 4.217, 4.71, 4.502, 4.595, 4.486, 3.018, 3.345, 3.268, 3.392, 4.273, 3.26, 3.089, 3.563, 3.569, 3.774, 4.551, 6.102, 7.024, 8.822, 10.057, 10.358, 8.345, 7.881, 10.279, 10.819, 9.789, 9.118, 8.344, 8.433, 8.251, 6.219, 4.177, 5.148, 5.892, 5.805, 4.315, 3.428, 2.919, 3.501, 4.279, 4.637, 4.301, 4.114, 4.648, 3.501, 2.554, 3.012, 3.499, 2.828, 2.463, 2.906, 3.652, 3.275, 3.635, 4.508, 4.273, 3.375, 3.4, 3.132, 3.052, 3.497, 3.348, 3.736, 3.919, 4.72, 5.873, 6.002, 6.447, 8.011, 7.513, 7.088, 8.533, 8.987, 7.154, 7.296, 8.688, 8.525, 6.954, 6.251, 6.404, 6.225, 8.06, 8.362, 9.876, 10.215, 10.306, 9.474, 8.604, 8.072, 7.403, 6.979, 6.649, 5.598, 5.15, 4.934, 5.091, 5.648, 5.514, 4.165, 3.727, 4.87, 4.821, 3.475, 2.762, 3.275, 2.827, 3.988, 4.766, 6.628, 8.526, 8.758, 8.229, 8.072, 7.918, 6.784, 7.044, 7.002, 7.605], [3.763, 3.781, 3.937, 4.051, 4.295, 5.26, 4.926, 4.605, 4.245, 3.179, 2.223, 1.389, 0.0, 2.181, 2.327, 2.319, 3.131, 4.128, 5.42, 8.485, 11.434, 10.713, 8.782, 9.025, 12.402, 14.394, 14.124, 14.122, 14.522, 14.629, 16.012, 15.194, 13.99, 15.021, 14.343, 11.949, 10.905, 9.789, 9.306, 10.003, 9.073, 6.572, 4.637, 3.746, 3.374, 3.506, 3.673, 3.934, 4.052, 4.359, 5.103, 6.085, 7.6, 7.544, 5.958, 3.722, 4.402, 3.784, 3.186, 2.914, 4.56, 5.414, 4.742, 4.974, 6.051, 6.32, 5.187, 5.133, 6.302, 7.876, 9.201, 10.188, 10.97, 10.397, 10.527, 9.952, 8.598, 8.206, 7.517, 7.68, 8.065, 7.514, 5.777, 4.283, 4.195, 4.366, 3.293, 2.985, 4.82, 4.843, 4.617, 4.494, 4.595, 3.508, 3.725, 3.498, 3.648, 4.693, 3.737, 3.677, 3.889, 4.224, 4.463, 4.824, 6.2, 7.214, 8.982, 10.228, 10.484, 8.386, 7.825, 10.439, 10.98, 9.962, 9.329, 8.549, 8.585, 8.288, 6.281, 4.538, 5.325, 6.311, 6.095, 4.66, 3.366, 2.837, 3.255, 4.117, 4.497, 4.31, 4.14, 4.517, 3.461, 3.019, 3.708, 4.199, 3.469, 3.0, 3.204, 3.874, 3.558, 4.346, 5.138, 4.506, 3.909, 4.255, 3.691, 3.366, 3.891, 3.942, 3.974, 4.02, 4.967, 6.243, 6.382, 6.907, 8.365, 8.032, 7.663, 9.016, 9.442, 7.736, 7.952, 9.261, 9.168, 7.536, 6.921, 7.012, 6.696, 8.637, 8.85, 10.136, 10.654, 10.763, 9.774, 9.082, 8.655, 8.057, 7.558, 7.265, 6.245, 5.844, 5.712, 5.948, 6.363, 6.154, 4.952, 4.36, 5.569, 5.538, 4.212, 3.306, 3.565, 2.985, 4.649, 5.311, 7.109, 8.829, 8.91, 8.765, 8.677, 8.408, 7.265, 7.619, 7.612, 8.231], [3.1, 2.891, 3.374, 2.802, 2.653, 3.532, 3.219, 2.835, 2.692, 2.407, 1.815, 1.893, 2.181, 0.0, 1.503, 1.559, 2.279, 3.191, 4.111, 7.043, 10.087, 9.222, 7.43, 7.692, 11.154, 13.093, 12.844, 12.833, 13.309, 13.206, 14.527, 13.803, 12.6, 13.695, 13.054, 10.557, 9.613, 8.502, 7.888, 8.462, 7.562, 5.309, 4.014, 3.476, 3.368, 3.297, 3.613, 3.665, 3.645, 3.652, 4.328, 5.179, 6.364, 5.922, 4.903, 3.267, 3.586, 3.315, 2.739, 3.285, 5.833, 6.576, 5.947, 6.081, 6.703, 6.951, 5.729, 6.088, 7.916, 9.308, 10.505, 11.526, 12.435, 11.922, 12.027, 11.385, 9.891, 9.358, 8.769, 8.795, 9.275, 8.472, 5.868, 4.147, 4.569, 4.453, 3.071, 2.823, 5.381, 6.125, 5.931, 5.999, 5.842, 3.891, 3.32, 3.031, 2.786, 3.206, 3.366, 3.878, 4.201, 4.637, 5.013, 5.901, 7.502, 8.454, 10.271, 11.487, 11.765, 9.746, 9.287, 11.704, 12.224, 11.201, 10.548, 9.782, 9.847, 9.659, 7.621, 5.595, 6.362, 7.224, 7.07, 5.392, 3.655, 2.893, 3.142, 3.533, 4.0, 3.615, 3.332, 3.329, 2.508, 2.618, 3.883, 4.389, 3.606, 3.096, 4.409, 5.081, 4.716, 5.069, 5.767, 5.595, 4.341, 3.913, 3.317, 2.67, 3.446, 3.43, 3.436, 3.418, 3.8, 4.933, 5.089, 5.602, 6.694, 6.386, 6.161, 7.383, 8.149, 6.73, 7.252, 8.42, 7.756, 6.306, 5.236, 5.735, 5.61, 6.698, 7.127, 8.468, 8.955, 9.234, 8.574, 7.474, 7.057, 6.283, 5.794, 5.948, 5.368, 4.969, 4.966, 5.334, 5.578, 5.407, 4.306, 3.752, 4.73, 5.086, 3.86, 2.957, 3.261, 2.111, 2.908, 4.366, 6.225, 7.764, 7.68, 7.553, 7.705, 7.629, 6.473, 6.614, 6.823, 7.181], [2.676, 2.495, 3.092, 2.485, 2.564, 3.655, 3.433, 3.07, 2.822, 2.422, 2.162, 2.448, 2.327, 1.503, 0.0, 1.086, 1.646, 2.541, 3.97, 6.922, 9.868, 9.133, 7.308, 7.489, 10.889, 12.827, 12.607, 12.596, 13.051, 13.052, 14.424, 13.653, 12.576, 13.501, 12.845, 10.584, 9.479, 8.354, 7.794, 8.552, 7.759, 5.099, 3.749, 3.247, 3.074, 3.364, 3.669, 4.143, 4.217, 3.794, 4.02, 4.972, 6.344, 5.954, 4.693, 3.248, 3.173, 3.169, 2.517, 3.47, 6.088, 6.895, 6.245, 6.427, 7.039, 7.143, 5.768, 5.793, 7.584, 9.183, 10.677, 11.658, 12.487, 11.946, 12.033, 11.376, 10.088, 9.608, 8.801, 8.957, 9.517, 8.674, 5.791, 4.063, 4.799, 4.62, 2.876, 2.788, 5.624, 6.363, 6.165, 6.068, 5.887, 3.982, 3.054, 2.421, 2.328, 2.804, 3.165, 3.92, 4.41, 4.757, 5.216, 6.206, 7.681, 8.719, 10.519, 11.733, 11.994, 9.897, 9.379, 11.928, 12.482, 11.482, 10.837, 10.056, 10.074, 9.77, 7.772, 5.828, 6.564, 7.464, 7.28, 5.616, 3.432, 2.303, 2.154, 2.655, 3.221, 2.927, 2.608, 2.826, 1.978, 2.636, 3.887, 4.397, 3.871, 3.057, 4.613, 5.343, 4.913, 5.35, 6.088, 5.861, 4.61, 4.247, 3.31, 2.573, 3.218, 3.265, 3.267, 3.363, 3.662, 4.647, 4.805, 5.415, 6.758, 6.386, 6.176, 7.461, 7.944, 6.64, 7.17, 8.293, 7.729, 6.245, 5.335, 5.667, 5.586, 7.099, 7.331, 8.616, 9.099, 9.16, 8.376, 7.573, 7.113, 6.468, 5.951, 5.87, 5.417, 4.923, 5.052, 5.471, 5.708, 5.699, 4.636, 3.908, 4.781, 5.102, 4.062, 3.122, 3.198, 1.742, 2.955, 4.205, 6.09, 7.524, 7.326, 7.4, 7.634, 7.417, 6.278, 6.507, 6.709, 7.103], [2.993, 2.683, 3.281, 2.723, 2.762, 3.908, 3.705, 3.351, 3.194, 2.266, 1.893, 2.314, 2.319, 1.559, 1.086, 0.0, 1.44, 2.996, 4.453, 7.181, 10.14, 9.436, 7.628, 7.856, 11.228, 13.156, 12.937, 12.973, 13.314, 13.297, 14.75, 14.12, 13.004, 13.824, 13.218, 10.887, 9.864, 8.695, 8.272, 9.001, 8.17, 5.252, 3.772, 3.135, 2.84, 3.043, 3.441, 3.74, 3.778, 3.516, 3.907, 4.912, 6.321, 6.104, 4.721, 2.806, 2.993, 2.731, 2.256, 3.192, 5.795, 6.54, 5.89, 6.063, 6.673, 6.823, 5.486, 5.598, 7.505, 9.038, 10.403, 11.37, 12.177, 11.666, 11.799, 11.219, 9.81, 9.388, 8.662, 8.734, 9.214, 8.364, 5.571, 3.77, 4.451, 4.243, 2.47, 2.597, 5.328, 6.081, 5.883, 5.826, 5.621, 3.613, 2.86, 2.448, 2.479, 3.0, 2.991, 3.63, 4.054, 4.393, 4.889, 5.896, 7.403, 8.421, 10.182, 11.381, 11.677, 9.612, 9.154, 11.627, 12.171, 11.165, 10.523, 9.742, 9.758, 9.525, 7.506, 5.514, 6.305, 7.168, 6.957, 5.432, 3.133, 2.033, 2.109, 2.745, 3.251, 2.915, 2.669, 2.976, 2.125, 2.279, 3.593, 4.098, 3.442, 2.691, 4.253, 4.988, 4.649, 4.984, 5.738, 5.528, 4.36, 3.798, 2.969, 2.265, 2.875, 2.923, 2.993, 3.239, 3.798, 4.931, 4.96, 5.52, 7.154, 6.621, 6.274, 7.757, 8.064, 6.584, 7.115, 8.289, 7.722, 6.233, 5.494, 5.666, 5.645, 7.414, 7.665, 9.03, 9.374, 9.293, 8.487, 7.916, 7.208, 6.651, 6.256, 5.861, 5.242, 4.818, 4.813, 5.224, 5.465, 5.32, 4.231, 3.611, 4.584, 4.726, 3.608, 2.685, 2.876, 1.932, 3.114, 4.155, 6.084, 7.61, 7.504, 7.434, 7.732, 7.431, 6.279, 6.454, 6.642, 7.054], [1.961, 1.737, 2.25, 1.892, 1.744, 2.811, 2.569, 2.399, 2.322, 1.788, 2.343, 2.906, 3.131, 2.279, 1.646, 1.44, 0.0, 2.102, 3.454, 6.34, 9.331, 8.512, 6.732, 6.906, 10.385, 12.34, 12.11, 12.121, 12.527, 12.456, 13.804, 13.145, 12.008, 12.988, 12.306, 9.88, 8.869, 7.707, 7.237, 7.895, 7.051, 4.123, 2.624, 2.396, 2.549, 3.31, 3.895, 3.986, 3.546, 2.811, 2.673, 3.672, 5.11, 4.942, 3.507, 2.575, 2.881, 2.595, 2.256, 3.973, 6.59, 7.336, 6.669, 6.828, 7.442, 7.573, 6.176, 6.306, 8.552, 10.065, 11.267, 12.189, 13.033, 12.542, 12.658, 12.1, 10.663, 10.241, 9.552, 9.585, 10.004, 9.171, 6.199, 4.398, 5.234, 4.955, 2.742, 3.227, 6.109, 6.875, 6.665, 6.641, 6.467, 4.433, 2.882, 1.914, 1.646, 2.533, 3.266, 4.455, 4.848, 5.191, 5.68, 6.694, 8.189, 9.201, 10.981, 12.176, 12.472, 10.434, 9.972, 12.429, 12.961, 11.955, 11.307, 10.532, 10.566, 10.352, 8.329, 6.357, 7.087, 7.97, 7.767, 6.289, 3.829, 2.616, 2.008, 2.492, 2.861, 2.51, 2.345, 2.734, 2.016, 2.805, 4.251, 4.754, 4.218, 3.515, 5.141, 5.8, 5.421, 5.778, 6.482, 6.315, 4.749, 3.441, 2.701, 2.118, 2.384, 2.14, 2.249, 2.472, 2.686, 3.863, 3.824, 4.336, 6.023, 5.516, 5.104, 6.66, 6.873, 5.322, 5.885, 7.005, 6.52, 5.02, 4.346, 4.49, 4.438, 6.269, 6.551, 7.938, 8.276, 8.099, 7.312, 6.771, 6.031, 5.51, 5.114, 4.64, 3.996, 3.539, 3.655, 4.071, 4.316, 4.363, 3.419, 2.603, 3.447, 3.675, 2.913, 3.197, 3.33, 1.587, 2.178, 2.929, 4.791, 6.466, 6.456, 6.292, 6.514, 6.175, 5.011, 5.193, 5.36, 5.809], [1.9, 2.07, 2.12, 1.695, 1.883, 2.416, 2.253, 2.419, 2.341, 2.659, 3.56, 4.217, 4.128, 3.191, 2.541, 2.996, 2.102, 0.0, 2.338, 5.468, 8.177, 7.479, 5.691, 5.919, 9.048, 11.056, 10.794, 10.733, 11.216, 11.332, 12.693, 11.843, 10.601, 11.689, 11.012, 8.397, 7.386, 6.248, 5.707, 6.322, 5.664, 3.192, 2.728, 2.972, 3.341, 4.763, 5.189, 5.133, 4.802, 3.323, 2.838, 3.506, 4.449, 3.989, 3.61, 3.632, 4.073, 3.756, 3.43, 5.28, 7.95, 8.809, 8.146, 8.3, 8.921, 9.044, 7.621, 7.693, 9.753, 11.366, 12.597, 13.602, 14.413, 13.853, 13.883, 13.404, 12.052, 11.533, 10.66, 11.0, 11.454, 10.594, 7.649, 5.853, 6.698, 6.413, 4.195, 4.475, 7.539, 8.244, 8.022, 7.872, 7.727, 5.926, 4.317, 2.762, 1.854, 2.424, 4.613, 5.806, 6.311, 6.642, 7.084, 8.085, 9.6, 10.623, 12.454, 13.674, 13.912, 11.829, 11.256, 13.858, 14.383, 13.387, 12.737, 11.963, 12.027, 11.704, 9.732, 7.827, 8.454, 9.403, 9.192, 7.44, 5.009, 3.723, 2.929, 2.11, 2.61, 2.684, 2.441, 2.146, 2.452, 4.309, 5.744, 6.233, 5.718, 5.008, 6.635, 7.31, 6.831, 7.278, 7.95, 7.763, 6.161, 4.583, 3.675, 3.372, 3.354, 3.127, 2.781, 2.965, 2.836, 3.618, 3.488, 3.575, 4.795, 4.429, 4.173, 5.571, 6.216, 4.975, 5.534, 6.626, 5.742, 4.229, 3.367, 3.889, 3.941, 5.022, 5.309, 6.495, 7.003, 7.135, 6.239, 5.505, 5.054, 4.417, 3.952, 4.068, 4.277, 3.923, 4.117, 4.393, 4.58, 4.741, 4.153, 3.552, 4.064, 4.329, 3.984, 4.746, 4.789, 2.161, 2.229, 3.159, 4.465, 5.446, 5.233, 5.436, 5.889, 5.642, 4.651, 4.797, 5.165, 5.244], [2.662, 2.873, 2.543, 3.09, 2.637, 2.759, 2.734, 3.053, 2.673, 3.735, 5.084, 5.561, 5.42, 4.111, 3.97, 4.453, 3.454, 2.338, 0.0, 3.521, 6.295, 5.564, 3.797, 3.914, 7.16, 9.204, 8.965, 8.907, 9.393, 9.503, 10.866, 10.089, 8.913, 9.861, 9.233, 7.306, 6.21, 4.955, 5.187, 5.697, 4.42, 3.418, 3.529, 4.56, 5.108, 6.405, 6.825, 6.713, 6.059, 4.441, 3.379, 3.901, 4.558, 4.22, 3.964, 5.213, 5.908, 5.517, 5.198, 7.097, 9.763, 10.608, 9.952, 10.11, 10.729, 10.867, 9.434, 9.474, 11.162, 12.889, 14.399, 15.421, 16.204, 15.66, 15.699, 15.113, 13.872, 13.325, 12.426, 12.694, 13.262, 12.449, 9.47, 7.666, 8.477, 8.188, 5.926, 6.226, 9.372, 10.058, 9.84, 9.688, 9.526, 7.71, 6.114, 4.543, 3.521, 3.905, 6.348, 7.554, 8.042, 8.376, 8.86, 9.907, 11.44, 12.456, 14.262, 15.475, 15.728, 13.659, 13.066, 15.71, 16.234, 15.222, 14.571, 13.793, 13.841, 13.532, 11.545, 9.585, 10.274, 11.205, 11.007, 9.229, 6.728, 5.416, 4.609, 3.656, 4.0, 4.428, 4.216, 3.206, 4.083, 6.087, 7.512, 8.04, 7.465, 6.591, 8.3, 9.05, 8.645, 9.017, 9.737, 9.561, 7.841, 5.89, 5.269, 5.094, 4.861, 4.44, 3.702, 3.695, 3.483, 4.079, 3.959, 3.99, 4.627, 4.65, 4.504, 5.564, 6.566, 5.298, 5.882, 6.982, 6.156, 4.553, 3.67, 4.248, 4.136, 4.387, 5.115, 5.808, 6.71, 7.07, 6.252, 5.363, 5.126, 4.372, 3.893, 4.324, 4.774, 4.38, 4.518, 5.105, 5.002, 5.405, 4.97, 4.446, 4.754, 5.062, 5.372, 6.467, 6.568, 3.87, 3.143, 3.546, 4.856, 5.72, 5.363, 5.888, 6.211, 6.069, 4.982, 5.153, 5.441, 5.657], [5.742, 5.838, 5.311, 5.962, 5.51, 5.209, 5.391, 5.869, 5.422, 6.922, 8.104, 8.543, 8.485, 7.043, 6.922, 7.181, 6.34, 5.468, 3.521, 0.0, 3.151, 2.64, 1.841, 1.811, 4.298, 6.217, 6.144, 6.123, 6.357, 6.411, 8.251, 7.766, 6.723, 7.336, 6.902, 5.565, 4.559, 3.287, 3.927, 4.285, 2.869, 4.439, 6.501, 7.537, 8.258, 9.324, 9.849, 9.788, 9.084, 7.38, 5.925, 4.841, 3.879, 3.44, 5.539, 8.133, 8.898, 8.419, 8.141, 10.147, 12.747, 13.538, 12.885, 13.024, 13.643, 13.795, 12.342, 12.491, 14.145, 15.682, 17.335, 18.379, 19.196, 18.704, 18.859, 18.17, 16.815, 16.298, 15.547, 15.621, 16.235, 15.385, 12.423, 10.626, 11.424, 11.147, 8.849, 9.187, 12.318, 13.05, 12.845, 12.855, 12.659, 10.628, 9.057, 7.485, 6.543, 6.9, 9.331, 10.462, 10.956, 11.295, 11.807, 12.879, 14.367, 15.424, 17.188, 18.384, 18.704, 16.641, 16.172, 18.665, 19.195, 18.185, 17.528, 16.76, 16.802, 16.56, 14.514, 12.515, 13.265, 14.191, 13.977, 12.283, 9.852, 8.605, 7.721, 6.839, 6.967, 7.506, 7.236, 6.098, 7.116, 8.999, 10.428, 10.936, 10.39, 9.477, 11.203, 11.979, 11.6, 11.95, 12.701, 12.531, 10.777, 8.907, 8.192, 8.036, 7.789, 7.083, 6.269, 6.218, 5.329, 4.828, 5.173, 4.401, 3.332, 3.456, 3.505, 4.789, 5.691, 5.268, 5.278, 6.051, 5.213, 4.588, 4.221, 4.087, 4.503, 3.668, 3.938, 4.328, 5.284, 5.468, 4.894, 4.04, 3.936, 3.668, 3.19, 3.975, 5.677, 6.367, 6.717, 7.207, 6.663, 6.571, 7.167, 7.321, 7.195, 7.566, 8.247, 9.366, 9.479, 6.911, 5.852, 5.833, 4.701, 4.336, 3.984, 4.702, 5.366, 5.048, 5.314, 5.245, 5.371, 4.906], [8.661, 8.85, 8.394, 9.066, 8.577, 8.123, 8.027, 8.372, 7.994, 9.494, 10.8, 11.536, 11.434, 10.087, 9.868, 10.14, 9.331, 8.177, 6.295, 3.151, 0.0, 1.618, 2.915, 2.596, 2.067, 4.219, 3.971, 3.92, 4.045, 4.655, 6.327, 5.952, 4.922, 5.104, 4.935, 4.482, 4.145, 4.365, 5.094, 4.678, 4.05, 6.717, 9.146, 10.412, 11.082, 12.314, 12.743, 12.394, 11.764, 10.146, 8.949, 7.773, 6.065, 5.749, 8.232, 11.231, 12.007, 11.495, 11.226, 13.212, 15.825, 16.632, 15.979, 16.104, 16.729, 16.89, 15.426, 15.459, 17.048, 18.697, 20.417, 21.449, 22.228, 21.699, 21.834, 21.188, 19.876, 19.38, 18.517, 18.696, 19.317, 18.451, 15.504, 13.672, 14.498, 14.17, 11.875, 12.26, 15.407, 16.139, 15.941, 15.851, 15.635, 13.664, 12.133, 10.564, 9.391, 9.808, 12.319, 13.498, 13.889, 14.274, 14.893, 15.956, 17.438, 18.513, 20.26, 21.465, 21.772, 19.692, 19.198, 21.739, 22.273, 21.258, 20.624, 19.849, 19.871, 19.577, 17.575, 15.611, 16.376, 17.256, 17.046, 15.362, 12.754, 11.508, 10.62, 9.777, 9.966, 10.554, 10.293, 9.136, 10.212, 12.079, 13.521, 14.002, 13.412, 12.534, 14.24, 15.006, 14.629, 14.995, 15.747, 15.559, 13.823, 11.771, 11.182, 11.114, 10.878, 10.138, 9.301, 9.211, 8.129, 7.372, 7.687, 7.018, 4.728, 4.825, 5.492, 5.852, 6.766, 7.309, 7.157, 6.988, 7.147, 6.91, 6.626, 6.466, 6.827, 5.581, 5.19, 4.92, 5.338, 5.25, 5.318, 5.395, 5.777, 5.904, 5.509, 6.383, 8.083, 9.101, 9.587, 9.733, 8.99, 8.87, 9.774, 10.224, 10.053, 10.589, 11.296, 12.438, 12.566, 9.926, 8.786, 8.552, 7.117, 5.548, 4.875, 5.652, 6.67, 6.465, 7.647, 7.534, 7.663, 6.838], [7.875, 8.013, 7.503, 8.155, 7.696, 7.288, 7.271, 7.605, 7.213, 8.829, 10.013, 10.665, 10.713, 9.222, 9.133, 9.436, 8.512, 7.479, 5.564, 2.64, 1.618, 0.0, 2.252, 1.874, 2.112, 4.079, 3.746, 3.695, 4.198, 4.239, 5.734, 5.313, 4.324, 4.906, 4.451, 3.682, 3.528, 3.848, 4.372, 3.891, 3.284, 6.022, 8.321, 9.481, 10.253, 11.421, 11.899, 11.606, 10.967, 9.231, 8.049, 6.887, 5.321, 5.023, 7.448, 10.33, 11.097, 10.596, 10.316, 12.323, 14.923, 15.731, 15.085, 15.205, 15.83, 15.989, 14.527, 14.721, 16.379, 17.927, 19.553, 20.584, 21.424, 20.937, 21.084, 20.395, 19.021, 18.5, 17.786, 17.844, 18.441, 17.589, 14.618, 12.804, 13.613, 13.31, 10.986, 11.377, 14.519, 15.238, 15.04, 15.068, 14.878, 12.827, 11.242, 9.679, 8.602, 8.926, 11.43, 12.627, 13.003, 13.399, 14.009, 15.08, 16.576, 17.623, 19.385, 20.598, 20.908, 18.84, 18.374, 20.88, 21.397, 20.388, 19.728, 18.959, 19.006, 18.759, 16.713, 14.715, 15.468, 16.388, 16.181, 14.472, 12.123, 10.849, 9.943, 9.06, 9.183, 9.706, 9.433, 8.269, 9.315, 11.195, 12.62, 13.132, 12.537, 11.633, 13.337, 14.121, 13.772, 14.112, 14.855, 14.689, 12.957, 10.977, 10.295, 10.227, 9.997, 9.254, 8.469, 8.381, 7.385, 6.746, 7.046, 6.32, 4.079, 4.088, 4.641, 4.977, 5.964, 6.427, 6.281, 6.109, 6.208, 6.154, 5.914, 5.686, 6.025, 4.793, 4.352, 4.142, 4.441, 4.152, 4.545, 4.605, 4.993, 5.092, 4.688, 5.68, 7.304, 8.2, 8.709, 8.863, 8.185, 8.094, 8.99, 9.342, 9.25, 9.693, 10.398, 11.539, 11.659, 9.065, 7.919, 7.818, 6.317, 4.787, 4.269, 4.821, 5.799, 5.712, 6.883, 6.696, 6.893, 5.952], [5.984, 6.161, 5.715, 6.277, 5.894, 5.47, 5.53, 5.947, 5.552, 6.92, 8.371, 8.887, 8.782, 7.43, 7.308, 7.628, 6.732, 5.691, 3.797, 1.841, 2.915, 2.252, 0.0, 1.228, 3.831, 5.829, 5.657, 5.562, 5.947, 6.056, 7.699, 7.189, 6.087, 6.789, 6.315, 4.589, 3.709, 3.062, 3.294, 3.317, 2.42, 4.371, 6.628, 7.687, 8.438, 9.631, 10.106, 9.946, 9.257, 7.593, 6.276, 5.111, 3.633, 3.554, 5.637, 8.49, 9.245, 8.811, 8.487, 10.395, 13.076, 13.925, 13.279, 13.413, 14.033, 14.183, 12.742, 12.86, 14.532, 16.106, 17.708, 18.796, 19.543, 19.05, 19.202, 18.541, 17.206, 16.686, 15.896, 16.03, 16.631, 15.802, 12.805, 10.999, 11.821, 11.509, 9.199, 9.561, 12.73, 13.386, 13.183, 13.129, 12.968, 11.046, 9.426, 7.892, 6.852, 7.167, 9.638, 10.81, 11.209, 11.605, 12.216, 13.261, 14.783, 15.816, 17.587, 18.797, 19.118, 17.041, 16.5, 19.059, 19.575, 18.574, 17.922, 17.152, 17.209, 16.962, 14.922, 12.91, 13.637, 14.581, 14.366, 12.556, 10.195, 8.966, 7.994, 7.086, 7.221, 7.767, 7.498, 6.343, 7.394, 9.392, 10.815, 11.315, 10.724, 9.827, 11.544, 12.343, 11.969, 12.309, 13.048, 12.899, 11.188, 9.199, 8.514, 8.411, 8.192, 7.44, 6.65, 6.435, 5.428, 5.107, 5.402, 4.61, 2.852, 2.922, 3.505, 4.434, 5.413, 5.465, 5.448, 5.55, 5.423, 4.786, 4.346, 4.223, 4.532, 3.664, 3.722, 3.538, 4.236, 4.388, 4.011, 3.476, 3.691, 3.682, 3.272, 4.11, 5.822, 6.477, 6.943, 7.292, 6.641, 6.603, 7.248, 7.573, 7.409, 7.942, 8.613, 9.754, 9.882, 7.241, 6.184, 6.026, 4.973, 3.989, 3.389, 4.118, 5.181, 4.762, 5.414, 5.352, 5.418, 5.124], [6.245, 6.403, 5.977, 6.532, 6.131, 5.752, 5.813, 6.25, 5.843, 7.272, 8.619, 9.131, 9.025, 7.692, 7.489, 7.856, 6.906, 5.919, 3.914, 1.811, 2.596, 1.874, 1.228, 0.0, 3.52, 5.509, 5.257, 5.282, 5.705, 5.672, 7.168, 6.595, 5.56, 6.318, 5.719, 4.211, 3.137, 2.796, 3.265, 3.102, 2.149, 4.671, 6.837, 7.926, 8.626, 9.883, 10.388, 10.241, 9.558, 7.833, 6.52, 5.366, 3.909, 3.77, 5.951, 8.74, 9.497, 9.062, 8.738, 10.69, 13.327, 14.184, 13.538, 13.671, 14.292, 14.442, 12.993, 13.04, 14.738, 16.41, 17.983, 19.038, 19.789, 19.284, 19.437, 18.77, 17.456, 16.944, 16.142, 16.277, 16.881, 16.049, 13.063, 11.246, 12.071, 11.751, 9.437, 9.809, 12.98, 13.636, 13.433, 13.379, 13.199, 11.253, 9.685, 8.137, 7.107, 7.404, 9.892, 11.062, 11.457, 11.854, 12.466, 13.516, 15.019, 16.073, 17.842, 19.048, 19.361, 17.281, 16.733, 19.313, 19.834, 18.819, 18.181, 17.409, 17.442, 17.195, 15.16, 13.168, 13.888, 14.824, 14.615, 12.839, 10.392, 9.131, 8.229, 7.359, 7.483, 8.06, 7.791, 6.653, 7.684, 9.641, 11.074, 11.556, 10.972, 10.086, 11.804, 12.587, 12.221, 12.554, 13.306, 13.139, 11.434, 9.455, 8.763, 8.668, 8.439, 7.697, 6.878, 6.74, 5.78, 5.326, 5.624, 4.868, 2.783, 2.98, 3.555, 4.087, 5.115, 5.548, 5.415, 5.309, 5.423, 5.017, 4.592, 4.462, 4.805, 3.622, 3.471, 3.308, 4.054, 4.275, 3.826, 3.567, 3.917, 3.903, 3.474, 4.327, 6.064, 6.711, 7.175, 7.523, 6.938, 6.862, 7.528, 7.842, 7.7, 8.17, 8.868, 10.005, 10.123, 7.436, 6.416, 6.324, 5.211, 3.842, 3.186, 3.935, 4.951, 4.687, 5.634, 5.592, 5.639, 5.061], [9.629, 9.849, 9.44, 10.043, 9.636, 9.196, 9.057, 9.368, 9.054, 10.306, 11.802, 12.591, 12.402, 11.154, 10.889, 11.228, 10.385, 9.048, 7.16, 4.298, 2.067, 2.112, 3.831, 3.52, 0.0, 2.559, 2.276, 2.262, 2.622, 2.986, 4.647, 4.166, 3.254, 3.397, 3.269, 3.576, 3.784, 4.647, 5.327, 4.815, 4.552, 7.518, 10.151, 11.382, 12.04, 13.387, 13.801, 13.438, 12.802, 11.195, 10.013, 8.846, 7.037, 6.716, 9.212, 12.226, 12.997, 12.567, 12.244, 14.176, 16.816, 17.688, 17.029, 17.177, 17.799, 17.945, 16.498, 16.467, 18.034, 19.774, 21.409, 22.501, 23.229, 22.688, 22.756, 22.165, 20.931, 20.422, 19.475, 19.737, 20.359, 19.506, 16.554, 14.722, 15.554, 15.229, 12.924, 13.293, 16.456, 17.126, 16.923, 16.789, 16.598, 14.724, 13.192, 11.605, 10.446, 10.857, 13.365, 14.547, 14.948, 15.325, 15.934, 17.0, 18.482, 19.555, 21.302, 22.508, 22.823, 20.734, 20.163, 22.783, 23.324, 22.308, 21.67, 20.891, 20.91, 20.625, 18.618, 16.659, 17.372, 18.295, 18.088, 16.326, 13.657, 12.376, 11.494, 10.647, 10.947, 11.523, 11.262, 10.117, 11.183, 13.139, 14.578, 15.061, 14.471, 13.593, 15.28, 16.043, 15.678, 16.044, 16.797, 16.609, 14.882, 12.802, 12.242, 12.174, 11.903, 11.181, 10.312, 10.159, 8.959, 7.993, 8.343, 7.736, 5.339, 5.67, 6.269, 5.729, 6.651, 7.718, 7.403, 7.021, 7.389, 7.487, 7.304, 7.279, 7.597, 6.213, 5.59, 4.707, 4.961, 4.935, 5.542, 5.948, 6.436, 6.717, 6.473, 7.153, 8.848, 10.155, 10.659, 10.758, 9.772, 9.722, 10.836, 11.289, 11.126, 11.652, 12.369, 13.511, 13.609, 10.927, 9.859, 9.415, 7.573, 5.743, 5.211, 5.919, 6.652, 6.923, 8.287, 8.143, 8.279, 7.235], [11.609, 11.807, 11.384, 12.024, 11.576, 11.127, 10.986, 11.245, 10.94, 12.241, 13.668, 14.542, 14.394, 13.093, 12.827, 13.156, 12.34, 11.056, 9.204, 6.217, 4.219, 4.079, 5.829, 5.509, 2.559, 0.0, 1.474, 1.454, 1.46, 1.612, 2.328, 2.238, 2.765, 2.532, 2.837, 4.865, 5.172, 6.214, 6.799, 6.425, 6.272, 9.376, 12.109, 13.379, 14.032, 15.322, 15.734, 15.322, 14.73, 13.114, 11.954, 10.779, 8.966, 8.646, 11.148, 14.184, 14.964, 14.501, 14.185, 16.164, 18.777, 19.631, 18.973, 19.11, 19.736, 19.889, 18.432, 18.418, 19.982, 21.692, 23.369, 24.448, 25.191, 24.661, 24.749, 24.111, 22.871, 22.372, 21.458, 21.691, 22.309, 21.446, 18.498, 16.666, 17.497, 17.169, 14.877, 15.233, 18.406, 19.092, 18.894, 18.784, 18.576, 16.664, 15.132, 13.557, 12.356, 12.807, 15.311, 16.491, 16.887, 17.268, 17.885, 18.95, 20.434, 21.505, 23.252, 24.458, 24.767, 22.683, 22.148, 24.731, 25.268, 24.252, 23.618, 22.841, 22.867, 22.573, 20.574, 18.604, 19.328, 20.251, 20.044, 18.314, 15.688, 14.436, 13.538, 12.697, 12.924, 13.512, 13.243, 12.095, 13.164, 15.084, 16.521, 17.001, 16.411, 15.533, 17.239, 18.002, 17.629, 17.988, 18.741, 18.553, 16.822, 14.733, 14.182, 14.114, 13.852, 13.131, 12.267, 12.151, 10.911, 9.76, 10.133, 9.568, 7.105, 7.579, 8.162, 7.002, 7.952, 9.24, 8.763, 8.33, 8.744, 9.096, 9.15, 9.121, 9.321, 7.829, 7.188, 6.033, 6.183, 6.173, 7.026, 7.573, 8.261, 8.578, 8.402, 9.029, 10.71, 12.104, 12.593, 12.672, 11.649, 11.573, 12.772, 13.223, 13.064, 13.601, 14.308, 15.444, 15.562, 12.884, 11.792, 11.353, 9.235, 7.107, 6.722, 7.386, 7.976, 8.626, 10.11, 9.788, 9.893, 8.818], [11.342, 11.551, 11.134, 11.759, 11.326, 10.88, 10.724, 10.927, 10.671, 11.983, 13.364, 14.271, 14.124, 12.844, 12.607, 12.937, 12.11, 10.794, 8.965, 6.144, 3.971, 3.746, 5.657, 5.257, 2.276, 1.474, 0.0, 1.17, 1.244, 1.586, 2.51, 2.132, 2.084, 1.806, 1.927, 4.212, 4.536, 5.661, 6.243, 5.901, 5.828, 9.098, 11.823, 13.081, 13.75, 15.073, 15.484, 15.049, 14.477, 12.866, 11.703, 10.532, 8.706, 8.374, 10.896, 13.923, 14.7, 14.254, 13.93, 15.902, 18.515, 19.381, 18.726, 18.863, 19.488, 19.639, 18.185, 18.176, 19.781, 21.505, 23.117, 24.206, 24.93, 24.403, 24.517, 23.892, 22.637, 22.126, 21.205, 21.457, 22.063, 21.206, 18.251, 16.419, 17.247, 16.919, 14.613, 14.99, 18.156, 18.829, 18.632, 18.525, 18.318, 16.418, 14.882, 13.306, 12.109, 12.554, 15.063, 16.244, 16.643, 17.021, 17.636, 18.703, 20.197, 21.259, 23.006, 24.212, 24.522, 22.438, 21.888, 24.497, 25.022, 24.005, 23.371, 22.595, 22.621, 22.331, 20.327, 18.358, 19.075, 20.002, 19.791, 18.052, 15.481, 14.228, 13.329, 12.446, 12.659, 13.247, 12.983, 11.829, 12.902, 14.829, 16.271, 16.751, 16.161, 15.283, 16.974, 17.738, 17.375, 17.742, 18.494, 18.306, 16.57, 14.479, 13.932, 13.864, 13.612, 12.884, 12.022, 11.902, 10.648, 9.405, 9.813, 9.315, 6.825, 7.33, 7.876, 6.415, 7.305, 8.784, 8.316, 7.738, 8.149, 8.668, 8.888, 8.799, 8.95, 7.354, 6.725, 5.451, 5.513, 5.508, 6.484, 7.117, 7.785, 8.177, 8.125, 8.768, 10.451, 11.831, 12.346, 12.401, 11.308, 11.206, 12.517, 12.976, 12.812, 13.338, 14.055, 15.197, 15.299, 12.619, 11.545, 11.103, 8.941, 6.653, 6.32, 6.969, 7.506, 8.317, 9.778, 9.386, 9.477, 8.355], [11.318, 11.526, 11.123, 11.752, 11.315, 10.856, 10.712, 10.915, 10.659, 11.953, 13.344, 14.258, 14.122, 12.833, 12.596, 12.973, 12.121, 10.733, 8.907, 6.123, 3.92, 