[[0.0, 3.696, 6.69, 8.605, 10.432, 11.375, 10.634, 9.778, 10.233, 11.28, 12.269, 12.544, 12.401, 12.021, 11.383, 9.911, 8.33, 8.003, 9.268, 10.185, 10.556, 11.551, 12.133, 13.464, 14.14, 14.324, 14.048, 14.067, 15.012, 16.858, 18.528, 18.783, 18.361, 18.643, 18.839, 18.1, 16.102, 14.85, 16.142, 17.33, 17.824, 18.242, 18.73, 20.041, 20.965, 20.61, 19.111, 17.912, 17.794, 18.099, 18.236, 17.64, 16.016, 14.938, 14.821, 14.425, 12.84, 11.196, 11.041, 11.285, 11.574, 10.828, 10.088, 10.06, 10.203, 9.825, 8.784, 7.587, 6.562, 6.157, 5.706, 7.022, 9.173, 10.564, 10.0, 7.539, 6.432, 6.685, 6.89, 6.332, 6.423, 6.889, 6.457, 5.883, 5.092, 4.102, 3.67, 3.843, 3.737, 3.884, 3.704, 3.051, 4.047, 5.171, 5.37, 5.179, 5.476, 6.173, 5.335, 3.26, 2.137, 2.792, 4.146, 4.938, 4.362, 4.091, 3.542, 3.466, 3.901, 5.138, 6.754, 8.175, 8.883, 9.965, 12.001, 13.866, 14.355, 13.8, 13.903, 14.244, 14.704, 15.451, 15.357, 14.994, 14.988, 15.195, 16.564, 17.261, 17.045, 15.912, 15.426, 15.069, 14.839, 14.736, 14.766, 14.66, 14.16, 11.49, 8.648, 9.209, 11.777, 12.029, 10.76, 9.4, 9.636, 12.138, 14.217, 14.889, 15.042, 15.242, 14.11, 13.145, 11.365, 10.364, 11.01, 11.898, 13.731, 15.733], [3.696, 0.0, 3.482, 5.487, 7.025, 7.859, 7.159, 6.3, 6.737, 7.77, 8.965, 9.283, 8.997, 8.67, 8.032, 6.621, 5.193, 4.917, 6.026, 6.819, 7.151, 8.361, 8.746, 10.011, 10.731, 10.905, 10.675, 10.703, 11.661, 13.505, 15.152, 15.407, 14.987, 15.268, 15.342, 14.639, 12.686, 11.504, 12.769, 13.922, 14.34, 14.833, 15.269, 16.657, 17.569, 17.205, 15.67, 14.472, 14.301, 14.656, 14.793, 14.172, 12.527, 11.504, 11.395, 11.143, 9.616, 7.806, 7.647, 8.043, 8.287, 7.708, 6.878, 6.772, 6.952, 6.541, 5.527, 4.447, 3.704, 3.4, 2.725, 3.572, 5.715, 7.081, 6.634, 4.172, 2.968, 3.266, 3.479, 2.998, 3.048, 3.52, 3.261, 3.183, 2.518, 1.673, 1.135, 1.711, 2.087, 2.217, 1.815, 2.23, 2.468, 3.09, 3.018, 2.688, 3.061, 3.668, 2.936, 1.964, 2.558, 1.963, 2.048, 2.004, 1.891, 1.691, 1.569, 1.48, 1.213, 1.963, 3.529, 4.772, 5.461, 6.614, 8.59, 10.449, 10.939, 10.449, 10.493, 10.863, 11.325, 12.067, 11.97, 11.614, 11.579, 11.812, 13.184, 13.881, 13.665, 12.489, 12.009, 11.69, 11.415, 11.311, 11.349, 11.243, 10.792, 8.213, 5.315, 5.847, 8.365, 8.609, 7.384, 5.984, 6.249, 8.783, 10.811, 11.451, 11.68, 11.942, 10.695, 9.745, 7.99, 6.983, 7.63, 8.514, 10.307, 12.348], [6.69, 3.482, 0.0, 2.536, 4.594, 5.593, 4.969, 4.253, 4.322, 5.553, 6.489, 6.553, 6.384, 5.7, 5.068, 3.643, 2.777, 2.468, 3.847, 4.863, 5.233, 5.912, 6.78, 8.091, 8.786, 8.985, 8.755, 8.773, 9.718, 11.539, 13.211, 13.48, 13.067, 13.353, 13.324, 12.537, 10.67, 9.549, 10.848, 11.995, 12.391, 12.65, 13.266, 14.737, 15.651, 15.288, 13.71, 12.386, 12.238, 12.622, 12.73, 12.085, 10.569, 9.455, 9.409, 9.022, 7.324, 5.532, 5.463, 5.931, 6.358, 5.775, 5.025, 4.863, 5.013, 4.615, 3.644, 2.83, 2.918, 3.908, 3.277, 1.872, 3.576, 5.124, 4.694, 2.321, 1.591, 1.983, 2.457, 3.0, 3.566, 3.714, 4.049, 4.38, 4.348, 4.306, 4.0, 3.916, 4.173, 3.862, 4.061, 4.912, 5.162, 4.708, 4.393, 3.657, 3.897, 3.748, 3.89, 4.82, 5.497, 4.459, 3.527, 2.904, 2.63, 3.263, 3.781, 3.705, 3.178, 2.237, 1.55, 2.52, 3.425, 4.661, 6.676, 8.482, 8.968, 8.52, 8.553, 8.944, 9.383, 10.131, 10.037, 9.685, 9.601, 9.884, 11.26, 11.954, 11.741, 10.569, 10.081, 9.763, 9.465, 9.336, 9.369, 9.283, 8.872, 6.273, 3.44, 3.932, 6.429, 6.675, 5.426, 4.068, 4.283, 6.848, 8.855, 9.5, 9.649, 9.884, 8.648, 7.709, 6.01, 5.049, 5.702, 6.598, 8.335, 10.42], [8.605, 5.487, 2.536, 0.0, 2.371, 3.548, 3.038, 2.522, 2.886, 3.624, 4.533, 4.489, 4.48, 3.821, 3.268, 2.304, 1.756, 1.686, 2.566, 3.042, 3.132, 3.767, 4.622, 5.968, 6.668, 6.872, 6.652, 6.655, 7.607, 9.401, 11.098, 11.348, 10.953, 11.254, 11.187, 10.336, 8.498, 7.435, 8.742, 9.868, 10.261, 10.745, 11.254, 12.589, 13.537, 13.182, 11.603, 10.369, 10.183, 10.457, 10.644, 10.018, 8.47, 7.553, 7.438, 7.047, 5.408, 3.631, 3.64, 3.874, 4.283, 4.353, 4.526, 4.489, 4.018, 3.471, 2.773, 3.578, 4.872, 5.473, 4.846, 2.961, 2.754, 3.749, 3.373, 2.889, 3.431, 3.847, 3.889, 4.855, 5.456, 5.472, 5.995, 6.252, 6.323, 6.235, 5.894, 5.767, 6.009, 5.778, 6.064, 7.001, 7.142, 6.665, 6.154, 5.558, 5.838, 5.547, 5.878, 6.686, 7.34, 6.269, 5.383, 4.73, 4.416, 5.041, 5.64, 5.612, 5.062, 4.154, 2.79, 1.818, 2.196, 2.95, 4.601, 6.355, 6.835, 6.371, 6.421, 6.796, 7.251, 8.006, 7.909, 7.549, 7.449, 7.754, 9.13, 9.84, 9.62, 8.431, 7.939, 7.637, 7.32, 7.165, 7.208, 7.152, 6.754, 4.69, 3.181, 3.239, 4.708, 4.701, 4.102, 3.648, 2.901, 4.721, 6.723, 7.414, 7.603, 7.845, 6.485, 5.566, 4.126, 3.282, 4.24, 5.068, 6.244, 8.286], [10.432, 7.025, 4.594, 2.371, 0.0, 1.727, 1.825, 2.092, 1.998, 1.984, 2.687, 2.668, 2.579, 2.095, 1.932, 2.082, 3.012, 2.722, 2.072, 2.316, 1.764, 2.061, 2.717, 3.896, 4.658, 4.817, 5.025, 5.274, 5.497, 7.103, 8.801, 9.051, 8.655, 8.956, 8.891, 8.04, 6.208, 5.168, 6.443, 7.575, 7.975, 8.485, 8.966, 10.313, 11.238, 10.882, 9.304, 8.085, 7.871, 8.17, 8.356, 7.746, 6.31, 5.621, 6.001, 5.483, 4.18, 2.892, 2.823, 2.766, 3.44, 4.097, 4.391, 4.534, 4.407, 3.896, 3.732, 4.601, 5.896, 6.429, 5.794, 3.897, 3.068, 3.251, 3.309, 3.486, 4.801, 4.709, 4.906, 5.709, 6.241, 6.248, 6.896, 7.218, 7.471, 7.604, 7.411, 7.375, 7.838, 7.486, 7.624, 8.458, 8.194, 7.661, 7.153, 6.663, 6.873, 6.441, 6.884, 8.2, 9.097, 8.096, 7.076, 6.143, 6.392, 6.754, 7.36, 7.342, 6.703, 5.54, 4.219, 2.609, 2.401, 2.648, 3.465, 4.516, 5.202, 4.974, 5.373, 5.407, 5.418, 6.092, 5.95, 5.429, 5.209, 5.506, 6.894, 7.543, 7.321, 6.133, 5.828, 5.765, 5.31, 5.159, 5.236, 5.298, 4.939, 4.145, 3.911, 3.668, 3.775, 3.729, 4.005, 4.096, 3.149, 2.805, 4.54, 5.118, 5.32, 5.562, 4.191, 3.548, 3.206, 2.482, 3.18, 4.055, 4.904, 6.189], [11.375, 7.859, 5.593, 3.548, 1.727, 0.0, 1.296, 2.093, 1.854, 1.464, 2.185, 2.257, 2.042, 1.688, 1.716, 2.602, 3.903, 3.757, 3.081, 2.898, 2.5, 2.491, 2.418, 3.578, 4.544, 4.893, 5.131, 5.286, 5.226, 6.156, 7.838, 8.1, 7.75, 8.001, 8.062, 7.304, 5.622, 4.818, 5.648, 6.671, 6.98, 7.401, 8.029, 9.562, 10.41, 10.007, 8.383, 7.084, 6.972, 7.231, 7.387, 6.924, 5.951, 5.538, 5.99, 5.578, 4.595, 3.403, 3.307, 3.272, 4.194, 4.882, 5.124, 5.239, 4.942, 4.418, 4.5, 5.255, 6.473, 7.039, 6.405, 4.613, 3.329, 3.589, 3.248, 4.035, 5.588, 5.311, 5.662, 6.463, 6.815, 6.861, 7.449, 7.803, 8.16, 8.401, 8.35, 8.371, 8.853, 8.38, 8.514, 9.297, 8.958, 8.287, 7.793, 7.344, 7.502, 7.014, 7.505, 9.05, 10.059, 9.16, 7.979, 7.01, 7.512, 7.78, 8.277, 8.361, 7.67, 6.51, 5.119, 3.576, 3.137, 3.235, 4.115, 4.88, 5.37, 5.601, 5.891, 5.781, 5.524, 5.948, 5.765, 5.082, 4.664, 5.035, 6.384, 6.771, 6.485, 5.799, 5.746, 5.596, 5.15, 4.98, 5.195, 5.456, 5.412, 4.725, 4.401, 4.198, 4.229, 4.196, 4.444, 4.483, 3.625, 2.684, 3.642, 4.126, 4.277, 4.521, 3.441, 3.114, 2.67, 2.554, 3.684, 4.51, 4.892, 5.701], [10.634, 7.159, 4.969, 3.038, 1.825, 1.296, 0.0, 1.262, 1.435, 1.43, 2.518, 2.64, 2.643, 2.315, 2.193, 2.105, 3.205, 3.205, 3.516, 3.465, 2.904, 3.024, 3.262, 4.409, 5.33, 5.735, 5.953, 6.168, 6.081, 6.964, 8.599, 8.89, 8.596, 8.889, 8.887, 8.125, 6.414, 5.614, 6.398, 7.434, 7.769, 8.275, 8.858, 10.351, 11.192, 10.793, 9.173, 7.937, 7.755, 8.01, 8.177, 7.662, 6.763, 6.491, 6.936, 6.486, 5.352, 4.097, 3.994, 3.889, 4.784, 5.469, 5.694, 5.769, 5.371, 4.637, 3.975, 4.803, 6.138, 6.858, 6.187, 4.269, 3.659, 4.124, 3.6, 3.507, 4.917, 4.768, 5.165, 5.951, 6.496, 6.625, 7.16, 7.518, 7.585, 7.68, 7.61, 7.622, 8.105, 7.688, 7.805, 8.585, 8.407, 7.91, 7.51, 6.835, 7.058, 6.862, 7.121, 8.307, 9.313, 8.407, 7.221, 6.264, 6.76, 7.065, 7.577, 7.639, 6.917, 5.851, 4.405, 3.136, 3.223, 3.726, 4.753, 5.557, 6.161, 6.273, 6.607, 6.521, 6.306, 6.811, 6.645, 5.81, 5.497, 5.867, 7.218, 7.665, 7.317, 6.644, 6.568, 6.436, 6.006, 5.765, 6.009, 6.172, 6.077, 5.185, 4.57, 4.578, 4.823, 4.789, 4.897, 4.811, 3.852, 3.363, 4.415, 4.929, 5.077, 5.317, 4.003, 3.655, 2.864, 3.003, 4.282, 5.145, 5.576, 6.488], [9.778, 6.3, 4.253, 2.522, 2.092, 2.093, 1.262, 0.0, 1.332, 2.085, 3.335, 3.57, 3.49, 3.006, 2.665, 2.495, 2.905, 2.809, 3.496, 3.429, 2.749, 3.721, 3.851, 5.022, 5.843, 6.242, 6.409, 6.582, 6.754, 7.803, 9.471, 9.742, 9.424, 9.669, 9.619, 8.84, 7.162, 6.391, 7.189, 8.263, 8.636, 9.196, 9.674, 11.13, 11.981, 11.606, 9.96, 8.838, 8.717, 8.92, 9.071, 8.624, 7.484, 7.129, 7.511, 7.015, 5.765, 4.256, 4.161, 4.243, 4.769, 5.245, 5.4, 5.341, 4.885, 4.281, 3.442, 4.079, 5.398, 6.196, 5.588, 3.775, 3.281, 3.692, 3.149, 2.9, 4.212, 4.165, 4.43, 5.213, 5.793, 5.94, 6.457, 6.805, 6.753, 6.754, 6.706, 6.718, 7.18, 6.803, 6.994, 7.849, 7.642, 7.164, 6.819, 6.109, 6.322, 6.172, 6.374, 7.373, 8.343, 7.526, 6.412, 5.388, 5.962, 6.246, 6.691, 6.814, 6.067, 5.079, 3.696, 2.625, 2.9, 3.381, 4.736, 5.917, 6.504, 6.401, 6.803, 6.761, 6.761, 7.253, 7.168, 6.511, 6.237, 6.611, 7.95, 8.408, 8.134, 7.383, 7.241, 7.088, 6.604, 6.332, 6.559, 6.69, 6.352, 4.771, 3.932, 4.04, 4.784, 4.681, 4.501, 4.236, 3.408, 3.901, 5.211, 5.793, 6.034, 6.267, 4.855, 4.073, 2.825, 2.806, 4.139, 5.063, 5.868, 7.112], [10.233, 6.737, 4.322, 2.886, 1.998, 1.854, 1.435, 1.332, 0.0, 1.74, 3.195, 3.387, 3.146, 2.585, 2.203, 2.376, 3.237, 2.877, 3.461, 3.344, 2.672, 3.604, 3.755, 4.853, 5.723, 6.108, 6.31, 6.462, 6.531, 7.621, 9.282, 9.517, 9.141, 9.483, 9.497, 8.66, 6.905, 6.114, 6.943, 8.045, 8.428, 8.688, 9.394, 10.959, 11.83, 11.447, 9.779, 8.459, 8.33, 8.682, 8.804, 8.263, 7.247, 6.745, 7.263, 6.691, 5.314, 3.971, 3.737, 4.027, 4.692, 5.069, 5.218, 5.157, 4.82, 4.251, 3.58, 4.272, 5.585, 6.242, 5.606, 3.772, 3.109, 3.546, 3.08, 3.036, 4.339, 4.302, 4.714, 5.436, 5.944, 6.091, 6.669, 6.989, 7.106, 7.275, 7.277, 7.254, 7.708, 7.222, 7.341, 8.141, 7.934, 7.385, 6.944, 6.365, 6.607, 6.301, 6.594, 7.878, 8.884, 8.068, 6.813, 5.846, 6.445, 6.705, 7.212, 7.27, 6.521, 5.429, 4.007, 2.682, 2.704, 3.123, 4.671, 5.909, 6.466, 6.324, 6.717, 6.664, 6.604, 7.149, 7.04, 6.315, 5.954, 6.303, 7.671, 8.162, 7.894, 7.112, 7.072, 6.928, 6.442, 6.254, 6.501, 6.569, 6.265, 4.578, 3.903, 4.019, 4.704, 4.599, 4.392, 4.174, 3.399, 3.756, 5.039, 5.574, 5.69, 5.95, 4.665, 4.004, 2.755, 2.606, 3.996, 4.938, 5.767, 6.944], [11.28, 7.77, 5.553, 3.624, 1.984, 1.464, 1.43, 2.085, 1.74, 0.0, 1.963, 2.18, 2.273, 2.242, 2.234, 2.724, 3.874, 3.712, 3.396, 3.374, 2.838, 3.103, 3.196, 4.319, 5.272, 5.682, 5.941, 6.095, 5.981, 6.511, 7.888, 8.172, 7.907, 8.201, 8.287, 7.677, 6.08, 5.331, 5.968, 6.899, 7.125, 7.483, 8.096, 9.67, 10.511, 10.122, 8.485, 7.246, 7.166, 7.424, 7.51, 7.19, 6.649, 6.336, 6.82, 6.416, 5.179, 4.017, 3.83, 3.864, 4.621, 5.314, 5.545, 5.632, 5.375, 4.688, 4.417, 5.371, 6.698, 7.227, 6.589, 4.813, 3.866, 4.054, 3.649, 4.147, 5.466, 5.471, 5.752, 6.508, 7.033, 7.087, 7.698, 8.04, 8.203, 8.371, 8.278, 8.258, 8.722, 8.249, 8.489, 9.271, 9.039, 8.468, 7.97, 7.498, 7.771, 7.223, 7.695, 8.865, 9.863, 9.062, 7.792, 6.85, 7.476, 7.763, 8.205, 8.328, 7.554, 6.443, 5.068, 3.619, 3.45, 3.643, 4.602, 5.555, 6.144, 6.108, 6.479, 6.391, 6.169, 6.701, 6.59, 5.535, 5.097, 5.44, 6.686, 6.969, 6.696, 6.197, 6.478, 6.348, 5.906, 5.746, 6.056, 6.146, 5.957, 5.086, 4.686, 4.605, 4.674, 4.61, 4.877, 4.842, 3.887, 3.341, 3.751, 4.139, 4.244, 4.487, 3.38, 3.222, 2.755, 2.825, 4.098, 4.962, 5.464, 6.389], [12.269, 8.965, 6.489, 4.533, 2.687, 2.185, 2.518, 3.335, 3.195, 1.963, 0.0, 0.883, 1.372, 2.075, 2.621, 3.583, 4.637, 4.453, 3.959, 4.29, 3.513, 2.917, 3.141, 4.401, 5.338, 5.766, 5.975, 6.103, 5.76, 6.064, 7.15, 7.56, 7.391, 7.572, 7.734, 7.229, 5.756, 4.859, 5.42, 6.373, 6.674, 7.042, 7.444, 8.873, 9.661, 9.307, 7.842, 6.955, 6.791, 7.019, 7.116, 6.871, 6.438, 6.178, 6.665, 6.487, 5.691, 4.754, 4.639, 4.615, 5.434, 6.062, 6.41, 6.594, 6.452, 5.936, 5.641, 6.579, 7.852, 8.411, 7.875, 6.038, 5.045, 5.149, 4.838, 5.099, 6.423, 6.813, 6.909, 7.695, 8.203, 8.262, 8.877, 9.204, 9.409, 9.478, 9.258, 9.243, 9.708, 9.329, 9.365, 10.248, 10.182, 9.634, 9.149, 8.706, 8.881, 8.42, 8.877, 10.084, 10.917, 9.965, 8.873, 8.037, 8.28, 8.542, 9.168, 9.136, 8.656, 7.351, 5.871, 4.648, 4.415, 4.626, 5.208, 5.933, 6.291, 6.595, 6.77, 6.685, 6.329, 6.604, 6.362, 5.334, 4.774, 5.049, 6.182, 6.306, 6.094, 5.701, 6.123, 6.207, 5.961, 5.599, 5.972, 6.453, 6.464, 6.125, 5.925, 5.685, 5.494, 5.328, 5.925, 6.053, 5.131, 3.93, 3.466, 3.455, 3.398, 3.598, 3.434, 3.966, 4.005, 3.899, 4.849, 5.491, 5.649, 6.182], [12.544, 9.283, 6.553, 4.489, 2.668, 2.257, 2.64, 3.57, 3.387, 2.18, 0.883, 0.0, 1.409, 1.884, 2.58, 3.694, 4.883, 4.782, 4.057, 4.335, 3.583, 2.781, 3.154, 4.452, 5.416, 5.756, 6.018, 6.149, 5.78, 5.988, 7.107, 7.542, 7.396, 7.615, 7.727, 7.182, 5.753, 4.803, 5.397, 6.278, 6.576, 6.962, 7.404, 8.932, 9.662, 9.292, 7.768, 6.762, 6.566, 6.764, 6.846, 6.637, 6.331, 6.124, 6.564, 6.376, 5.693, 4.824, 4.711, 4.695, 5.528, 6.15, 6.494, 6.688, 6.552, 6.181, 5.983, 6.881, 8.174, 8.719, 8.157, 6.296, 5.152, 5.202, 5.007, 5.411, 6.763, 7.024, 7.272, 7.999, 8.515, 8.616, 9.25, 9.566, 9.741, 9.842, 9.656, 9.603, 10.031, 9.637, 9.716, 10.562, 10.494, 9.948, 9.447, 8.997, 9.226, 8.816, 9.181, 10.463, 11.293, 10.304, 9.254, 8.389, 8.39, 8.873, 9.52, 9.455, 8.952, 7.705, 6.283, 4.724, 4.594, 4.779, 5.26, 5.97, 6.335, 6.602, 6.814, 6.719, 6.394, 6.681, 6.393, 5.373, 4.851, 5.06, 6.163, 6.361, 6.052, 5.659, 6.158, 6.255, 6.037, 5.668, 6.057, 6.49, 6.464, 6.281, 6.143, 5.784, 5.604, 5.449, 6.002, 6.22, 5.326, 4.104, 3.624, 3.433, 3.349, 3.595, 3.395, 4.029, 4.171, 4.062, 4.97, 5.506, 5.747, 6.23], [12.401, 8.997, 6.384, 4.48, 2.579, 2.042, 2.643, 3.49, 3.146, 2.273, 1.372, 1.409, 0.0, 1.354, 2.095, 3.364, 4.527, 4.516, 3.663, 3.909, 3.215, 2.252, 2.656, 3.914, 4.713, 5.084, 5.343, 5.474, 5.155, 5.861, 7.218, 7.612, 7.463, 7.727, 7.849, 7.213, 5.37, 4.586, 5.292, 6.18, 6.511, 6.828, 7.435, 9.075, 9.788, 9.432, 7.885, 6.804, 6.595, 6.882, 6.908, 6.511, 5.919, 5.431, 5.877, 5.659, 4.817, 4.065, 3.945, 4.1, 4.947, 5.572, 5.9, 6.099, 6.028, 5.763, 5.807, 6.765, 7.993, 8.563, 8.028, 6.126, 4.562, 4.631, 4.451, 5.262, 6.229, 6.861, 7.123, 7.871, 8.336, 8.385, 8.903, 9.289, 9.583, 9.659, 9.431, 9.405, 9.851, 9.373, 9.431, 10.257, 10.334, 9.769, 9.409, 8.942, 9.055, 8.502, 9.089, 10.303, 11.071, 10.096, 9.017, 8.221, 8.413, 8.662, 9.299, 9.258, 8.686, 7.471, 6.019, 4.64, 4.446, 4.255, 4.655, 5.297, 5.652, 5.955, 6.137, 6.059, 5.728, 6.019, 5.763, 4.966, 4.509, 4.751, 6.05, 6.454, 6.14, 5.503, 5.638, 5.629, 5.365, 4.951, 5.326, 5.824, 5.831, 5.683, 5.801, 5.324, 5.077, 4.879, 5.496, 5.721, 4.974, 3.626, 3.602, 3.679, 3.55, 3.806, 3.116, 3.473, 3.7, 3.854, 4.418, 4.887, 5.01, 5.542], [12.021, 8.67, 5.7, 3.821, 2.095, 1.688, 2.315, 3.006, 2.585, 2.242, 2.075, 1.884, 1.354, 0.0, 1.319, 2.829, 4.146, 4.183, 3.205, 3.461, 2.889, 2.141, 2.628, 3.885, 4.623, 4.981, 5.18, 5.326, 5.356, 6.268, 7.942, 8.195, 7.91, 8.204, 8.271, 7.523, 5.735, 4.997, 5.746, 6.732, 7.093, 7.361, 8.1, 9.685, 10.52, 10.122, 8.485, 7.21, 7.006, 7.371, 7.481, 6.978, 6.144, 5.593, 6.098, 5.533, 4.604, 3.733, 3.6, 3.771, 4.655, 5.283, 5.632, 5.804, 5.657, 5.471, 5.498, 6.435, 7.65, 8.223, 7.577, 5.62, 4.197, 4.258, 4.152, 4.842, 5.828, 6.352, 6.66, 7.539, 7.984, 8.029, 8.541, 8.932, 9.27, 9.358, 9.161, 9.112, 9.549, 9.113, 9.095, 9.97, 9.986, 9.427, 8.971, 8.546, 8.657, 8.151, 8.683, 9.968, 10.803, 9.828, 8.766, 7.904, 7.895, 8.374, 9.029, 8.963, 8.363, 7.228, 5.755, 4.245, 4.104, 3.938, 4.41, 4.998, 5.393, 5.742, 5.931, 5.862, 5.587, 6.01, 5.854, 5.207, 4.83, 5.2, 6.543, 6.975, 6.674, 5.98, 5.919, 5.732, 5.333, 5.019, 5.24, 5.686, 5.611, 5.451, 5.46, 4.919, 4.77, 4.574, 5.135, 5.416, 4.621, 3.555, 4.089, 4.434, 4.376, 4.665, 3.675, 3.492, 3.57, 3.517, 4.146, 4.724, 4.829, 5.725], [11.383, 8.032, 5.068, 3.268, 1.932, 1.716, 2.193, 2.665, 2.203, 2.234, 2.621, 2.58, 2.095, 1.319, 0.0, 2.141, 3.322, 3.468, 3.069, 3.38, 2.923, 2.442, 3.05, 4.335, 5.158, 5.5, 5.648, 5.812, 5.996, 7.228, 8.91, 9.185, 8.837, 9.089, 9.086, 8.325, 6.582, 5.643, 6.579, 7.706, 8.091, 8.301, 9.017, 10.52, 11.396, 11.026, 9.409, 8.081, 7.926, 8.293, 8.4, 7.821, 6.675, 6.036, 6.58, 5.953, 4.73, 3.632, 3.438, 3.645, 4.656, 5.302, 5.597, 5.722, 5.464, 4.931, 4.914, 5.826, 7.083, 7.637, 7.015, 5.03, 3.852, 4.168, 3.898, 4.36, 5.28, 5.871, 6.153, 6.934, 7.423, 7.504, 8.071, 8.438, 8.664, 8.774, 8.555, 8.506, 8.914, 8.494, 8.415, 9.361, 9.417, 8.87, 8.395, 7.92, 8.126, 7.603, 8.11, 9.38, 10.17, 9.203, 8.137, 7.313, 7.334, 7.76, 8.391, 8.348, 7.774, 6.623, 5.146, 3.652, 3.583, 3.723, 4.534, 5.356, 5.764, 6.013, 6.27, 6.218, 6.091, 6.524, 6.394, 5.818, 5.617, 5.954, 7.333, 7.827, 7.519, 6.674, 6.48, 6.352, 5.9, 5.674, 5.858, 6.054, 5.849, 5.194, 4.93, 4.736, 4.697, 4.679, 4.98, 4.993, 4.093, 3.303, 4.617, 5.257, 5.346, 5.58, 4.575, 4.098, 3.465, 3.215, 4.144, 4.967, 5.319, 6.389], [9.911, 6.621, 3.643, 2.304, 2.082, 2.602, 2.105, 2.495, 2.376, 2.724, 3.583, 3.694, 3.364, 2.829, 2.141, 0.0, 1.929, 2.533, 3.388, 3.724, 3.31, 3.177, 4.036, 5.246, 6.017, 6.344, 6.387, 6.583, 6.88, 8.619, 10.304, 10.565, 10.167, 10.448, 10.402, 9.546, 7.723, 6.665, 7.949, 9.087, 9.473, 9.697, 10.354, 11.841, 12.735, 12.363, 10.811, 9.451, 9.32, 9.686, 9.801, 9.186, 7.622, 6.728, 7.072, 6.772, 5.255, 3.996, 3.832, 3.984, 4.986, 5.657, 5.885, 5.975, 5.569, 4.727, 3.953, 4.686, 5.914, 6.531, 5.871, 4.068, 3.913, 4.483, 4.209, 3.369, 3.958, 4.609, 4.946, 5.75, 6.299, 6.315, 6.898, 7.238, 7.367, 7.384, 7.14, 7.079, 7.398, 7.038, 7.034, 8.0, 8.21, 7.739, 7.251, 6.672, 6.905, 6.552, 6.915, 8.007, 8.717, 7.724, 6.698, 5.964, 5.787, 6.317, 6.932, 6.884, 6.328, 5.255, 3.929, 2.879, 3.357, 3.898, 4.947, 6.049, 6.719, 6.554, 6.904, 6.971, 6.788, 7.512, 7.394, 6.797, 6.739, 7.009, 8.483, 9.057, 8.83, 7.715, 7.339, 7.05, 6.695, 6.481, 6.622, 6.675, 6.561, 5.566, 4.488, 4.784, 5.261, 5.182, 5.187, 4.855, 3.97, 4.146, 5.949, 6.572, 6.716, 6.923, 5.711, 5.224, 4.202, 3.707, 4.782, 5.578, 6.363, 7.689], [8.33, 5.193, 2.777, 1.756, 3.012, 3.903, 3.205, 2.905, 3.237, 3.874, 4.637, 4.883, 4.527, 4.146, 3.322, 1.929, 0.0, 1.588, 3.247, 3.746, 3.589, 4.018, 4.913, 6.153, 6.866, 7.035, 6.826, 6.93, 7.789, 9.656, 11.291, 11.529, 11.117, 11.403, 11.486, 10.781, 8.786, 7.611, 8.898, 10.054, 10.495, 10.822, 11.404, 12.779, 13.707, 13.343, 11.845, 10.644, 10.484, 10.821, 10.953, 10.306, 8.707, 7.605, 7.558, 7.3, 5.456, 3.939, 3.912, 4.037, 4.798, 5.114, 5.299, 5.335, 4.88, 4.13, 3.16, 3.441, 4.692, 5.69, 5.184, 3.697, 3.735, 4.569, 4.179, 2.778, 3.207, 3.756, 3.981, 4.717, 5.34, 5.514, 5.899, 6.176, 6.103, 6.021, 5.59, 5.459, 5.805, 5.364, 5.71, 6.648, 6.924, 6.481, 6.284, 5.463, 5.633, 5.48, 5.739, 6.408, 7.047, 6.075, 5.044, 4.508, 4.357, 4.663, 5.351, 5.277, 4.914, 4.039, 2.831, 2.497, 3.066, 3.673, 5.085, 6.569, 7.116, 6.732, 6.855, 7.217, 7.503, 8.239, 8.121, 7.736, 7.66, 7.934, 9.306, 10.003, 9.792, 8.623, 8.131, 7.816, 7.53, 7.394, 7.43, 7.339, 7.01, 5.364, 3.777, 4.193, 5.388, 5.367, 5.008, 4.347, 3.745, 4.913, 6.968, 7.587, 7.732, 7.965, 6.797, 5.886, 4.571, 3.928, 4.958, 5.783, 6.775, 8.483], [8.003, 4.917, 2.468, 1.686, 2.722, 3.757, 3.205, 2.809, 2.877, 3.712, 4.453, 4.782, 4.516, 4.183, 3.468, 2.533, 1.588, 0.0, 2.033, 2.671, 3.038, 3.854, 4.579, 5.924, 6.608, 6.783, 6.528, 6.546, 7.491, 9.326, 11.0, 11.262, 10.84, 11.121, 11.269, 10.54, 8.535, 7.323, 8.622, 9.793, 10.266, 10.602, 11.2, 12.518, 13.435, 13.084, 11.56, 10.381, 10.248, 10.548, 10.693, 10.078, 8.466, 7.367, 7.365, 7.054, 5.271, 3.505, 3.311, 3.708, 4.116, 3.942, 3.968, 4.018, 3.739, 2.967, 2.098, 2.684, 3.949, 4.926, 4.424, 2.805, 2.685, 3.587, 3.287, 2.126, 2.96, 3.13, 3.26, 4.024, 4.603, 4.851, 5.24, 5.532, 5.42, 5.446, 5.181, 5.095, 5.502, 5.156, 5.128, 6.08, 6.218, 5.767, 5.547, 4.791, 5.041, 4.848, 4.972, 5.983, 6.732, 5.778, 4.705, 3.939, 4.105, 4.361, 4.972, 4.955, 4.639, 3.429, 2.131, 1.547, 2.02, 2.787, 4.482, 6.334, 6.824, 6.288, 6.374, 6.723, 7.182, 7.927, 7.834, 7.472, 7.456, 7.673, 9.041, 9.739, 9.523, 8.38, 7.894, 7.549, 7.306, 7.203, 7.233, 7.128, 6.639, 4.512, 2.847, 3.081, 4.275, 4.496, 3.797, 3.382, 2.673, 4.63, 6.691, 7.345, 7.514, 7.718, 6.572, 5.602, 4.098, 3.066, 3.832, 4.57, 6.198, 8.212], [9.268, 6.026, 3.847, 2.566, 2.072, 3.081, 3.516, 3.496, 3.461, 3.396, 3.959, 4.057, 3.663, 3.205, 3.069, 3.388, 3.247, 2.033, 0.0, 1.448, 1.92, 2.527, 3.074, 4.334, 5.009, 5.301, 4.984, 4.997, 5.939, 7.788, 9.443, 9.702, 9.284, 9.565, 9.7, 8.957, 7.014, 5.807, 7.065, 8.283, 8.688, 9.24, 9.705, 10.978, 11.873, 11.507, 9.992, 8.904, 8.726, 9.035, 9.214, 8.542, 6.938, 5.943, 5.915, 5.607, 4.079, 2.356, 2.213, 2.507, 2.697, 2.665, 2.635, 2.826, 2.757, 2.512, 2.637, 3.398, 4.627, 5.17, 4.73, 3.041, 1.852, 2.435, 2.503, 2.786, 4.166, 3.927, 3.886, 4.67, 5.155, 5.197, 5.673, 6.018, 6.358, 6.459, 6.261, 6.144, 6.582, 6.301, 6.585, 7.368, 6.938, 6.413, 6.012, 5.509, 5.66, 5.142, 5.642, 7.009, 7.85, 6.943, 5.841, 4.949, 5.398, 5.701, 6.126, 6.189, 5.815, 4.518, 3.166, 1.983, 1.987, 1.851, 2.947, 4.735, 5.224, 4.753, 4.874, 5.165, 5.634, 6.374, 6.27, 5.909, 5.863, 6.109, 7.479, 8.176, 7.96, 6.783, 6.299, 6.022, 5.712, 5.608, 5.633, 5.529, 5.093, 3.547, 2.577, 2.13, 2.91, 3.062, 2.72, 2.662, 2.205, 3.479, 5.178, 5.846, 6.038, 6.239, 4.953, 4.174, 3.561, 2.356, 2.379, 3.006, 4.598, 6.638], [10.185, 6.819, 4.863, 3.042, 2.316, 2.898, 3.465, 3.429, 3.344, 3.374, 4.29, 4.335, 3.909, 3.461, 3.38, 3.724, 3.746, 2.671, 1.448, 0.0, 1.658, 2.523, 2.09, 3.329, 4.005, 4.247, 4.027, 4.001, 4.974, 6.719, 8.391, 8.648, 8.226, 8.508, 8.661, 7.926, 5.954, 4.841, 6.008, 7.231, 7.769, 8.368, 8.789, 9.957, 10.855, 10.483, 8.97, 7.972, 7.772, 8.047, 8.265, 7.679, 5.933, 5.21, 5.225, 4.941, 3.688, 1.986, 1.646, 1.902, 1.882, 2.219, 2.384, 2.572, 2.447, 2.469, 2.905, 3.632, 4.767, 5.357, 4.965, 3.656, 1.707, 1.641, 1.752, 3.23, 4.886, 4.125, 4.198, 4.885, 5.037, 5.13, 5.597, 6.182, 6.555, 6.896, 6.975, 6.996, 7.41, 7.237, 7.459, 8.252, 7.298, 6.598, 6.165, 5.806, 5.898, 5.319, 5.813, 7.514, 8.6, 7.885, 6.607, 5.529, 6.363, 6.628, 7.063, 7.16, 6.724, 5.343, 3.899, 2.552, 1.827, 1.309, 2.058, 3.807, 4.324, 3.879, 4.0, 4.235, 4.61, 5.358, 5.234, 4.871, 4.898, 5.078, 6.48, 7.129, 6.921, 5.778, 5.309, 4.949, 4.706, 4.605, 4.642, 4.554, 4.184, 2.984, 2.52, 1.896, 2.001, 2.063, 1.941, 2.081, 1.691, 2.694, 4.137, 4.812, 5.1, 5.324, 4.038, 3.3, 2.65, 1.824, 1.775, 2.28, 3.632, 5.606], [10.556, 7.151, 5.233, 3.132, 1.764, 2.5, 2.904, 2.749, 2.672, 2.838, 3.513, 3.583, 3.215, 2.889, 2.923, 3.31, 3.589, 3.038, 1.92, 1.658, 0.0, 1.868, 2.016, 3.058, 3.824, 4.221, 4.037, 4.128, 4.729, 6.527, 8.034, 8.27, 7.87, 8.172, 8.511, 7.772, 5.772, 4.523, 5.667, 6.861, 7.422, 8.091, 8.405, 9.532, 10.45, 10.114, 8.727, 7.77, 7.533, 7.832, 8.021, 7.409, 5.809, 5.059, 5.281, 4.974, 3.652, 2.461, 2.264, 2.225, 2.45, 2.885, 3.118, 3.266, 3.298, 3.069, 3.22, 4.041, 5.266, 5.796, 5.653, 4.121, 2.716, 2.312, 2.386, 3.532, 5.172, 4.741, 4.609, 5.241, 5.598, 5.68, 6.172, 6.613, 6.932, 7.18, 7.24, 7.219, 7.779, 7.506, 7.86, 8.525, 7.661, 6.998, 6.824, 6.339, 6.382, 5.782, 6.447, 7.929, 8.831, 8.062, 6.876, 5.864, 6.771, 6.871, 7.261, 7.384, 7.034, 5.636, 4.226, 2.883, 2.118, 1.731, 2.156, 3.706, 4.153, 3.888, 4.24, 4.284, 4.458, 5.047, 4.956, 4.519, 4.589, 4.725, 6.156, 6.757, 6.533, 5.426, 5.057, 4.873, 4.451, 4.272, 4.374, 4.389, 3.901, 3.205, 3.077, 2.589, 2.944, 2.669, 3.029, 3.277, 2.541, 2.553, 4.149, 4.53, 4.705, 4.846, 3.716, 2.996, 2.526, 1.566, 2.221, 2.613, 3.595, 5.23], [11.551, 8.361, 5.912, 3.767, 2.061, 2.491, 3.024, 3.721, 3.604, 3.103, 2.917, 2.781, 2.252, 2.141, 2.442, 3.177, 4.018, 3.854, 2.527, 2.523, 1.868, 0.0, 1.679, 2.766, 3.52, 3.983, 3.922, 4.033, 4.321, 5.921, 7.401, 7.61, 7.204, 7.51, 7.947, 7.2, 5.267, 4.1, 5.052, 6.351, 6.982, 7.52, 7.916, 8.912, 9.787, 9.488, 8.184, 7.265, 7.028, 7.319, 7.548, 6.892, 5.404, 4.756, 5.023, 4.724, 3.682, 2.834, 2.67, 2.437, 3.107, 3.677, 3.994, 4.184, 4.175, 4.28, 4.527, 5.355, 6.579, 7.105, 7.031, 5.339, 3.582, 3.286, 3.358, 4.716, 6.086, 6.154, 5.935, 6.564, 6.964, 7.026, 7.49, 7.965, 8.281, 8.388, 8.251, 8.218, 8.758, 8.645, 8.835, 9.558, 8.936, 8.359, 8.192, 7.7, 7.762, 7.136, 7.808, 9.215, 10.015, 9.019, 7.822, 7.11, 7.443, 7.687, 8.286, 8.19, 8.113, 6.639, 5.038, 3.785, 3.239, 2.597, 2.825, 3.626, 4.083, 4.082, 4.415, 4.378, 4.172, 4.735, 4.618, 3.969, 3.944, 4.07, 5.423, 6.077, 5.856, 4.844, 4.562, 4.402, 4.016, 3.871, 3.995, 4.073, 3.91, 4.002, 4.323, 3.707, 3.584, 3.452, 3.963, 4.164, 3.724, 2.47, 3.598, 4.106, 4.153, 4.294, 3.2, 3.194, 3.347, 2.749, 2.77, 3.17, 3.751, 4.755], [12.133, 8.746, 6.78, 4.622, 2.717, 2.418, 3.262, 3.851, 3.755, 3.196, 3.141, 3.154, 2.656, 2.628, 3.05, 4.036, 4.913, 4.579, 3.074, 2.09, 2.016, 1.679, 0.0, 1.94, 2.662, 3.192, 3.168, 3.293, 3.46, 4.84, 6.514, 6.755, 6.39, 6.67, 6.814, 6.101, 4.224, 3.251, 4.217, 5.425, 5.952, 6.572, 6.997, 8.143, 9.002, 8.624, 7.163, 6.207, 5.959, 6.21, 6.453, 5.936, 4.391, 3.922, 4.123, 3.902, 3.5, 2.693, 2.393, 2.329, 2.574, 3.128, 3.612, 3.789, 3.926, 4.102, 4.506, 5.32, 6.449, 6.955, 6.737, 5.593, 3.473, 2.557, 2.909, 5.005, 6.697, 5.959, 5.945, 6.559, 6.685, 6.807, 7.286, 7.814, 8.211, 8.714, 8.824, 8.894, 9.293, 9.182, 9.38, 10.173, 9.085, 8.183, 7.772, 7.564, 7.68, 6.96, 7.455, 9.288, 10.485, 9.771, 8.444, 7.386, 8.309, 8.551, 9.011, 9.078, 8.612, 7.23, 5.781, 4.418, 3.663, 2.572, 2.294, 3.133, 3.441, 3.629, 3.854, 3.789, 3.512, 3.948, 3.723, 3.151, 3.104, 3.313, 4.713, 5.285, 5.043, 4.095, 3.754, 3.54, 3.331, 3.018, 3.221, 3.612, 3.547, 3.693, 4.123, 3.522, 2.879, 2.666, 3.151, 3.612, 3.292, 2.082, 2.709, 3.215, 3.429, 3.6, 2.59, 2.821, 3.009, 2.631, 2.453, 2.624, 2.99, 3.85], [13.464, 10.011, 8.091, 5.968, 3.896, 3.578, 4.409, 5.022, 4.853, 4.319, 4.401, 4.452, 3.914, 3.885, 4.335, 5.246, 6.153, 5.924, 4.334, 3.329, 3.058, 2.766, 1.94, 0.0, 1.378, 1.931, 1.957, 2.168, 2.438, 3.712, 5.17, 5.402, 4.986, 5.332, 5.63, 4.869, 3.042, 2.117, 3.054, 4.145, 4.828, 5.589, 5.891, 6.857, 7.715, 7.4, 6.031, 5.228, 4.948, 5.24, 5.516, 4.961, 3.397, 3.103, 3.267, 3.217, 2.642, 2.835, 2.97, 2.492, 2.414, 2.903, 3.813, 4.207, 4.446, 4.831, 5.522, 6.417, 7.495, 7.891, 7.989, 6.901, 4.592, 3.058, 3.694, 6.232, 7.93, 7.205, 6.936, 7.577, 7.498, 7.327, 7.849, 8.604, 9.089, 9.902, 10.053, 10.063, 10.579, 10.427, 10.775, 11.496, 10.254, 9.094, 8.832, 8.764, 8.72, 7.895, 8.622, 10.533, 11.717, 10.998, 9.617, 8.636, 9.602, 9.775, 10.231, 10.258, 9.935, 8.546, 7.013, 5.696, 4.844, 3.67, 2.022, 1.74, 2.128, 2.349, 2.542, 2.417, 2.126, 2.547, 2.383, 1.798, 1.792, 2.167, 3.366, 3.928, 3.765, 2.729, 2.404, 2.18, 1.851, 1.635, 1.893, 2.179, 2.145, 3.551, 5.118, 4.485, 2.528, 2.189, 3.0, 4.12, 3.993, 2.158, 2.162, 2.55, 3.153, 3.076, 2.347, 2.75, 3.614, 3.708, 2.948, 2.074, 1.79, 2.6], [14.14, 10.731, 8.786, 6.668, 4.658, 4.544, 5.33, 5.843, 5.723, 5.272, 5.338, 5.416, 4.713, 4.623, 5.158, 6.017, 6.866, 6.608, 5.009, 4.005, 3.824, 3.52, 2.662, 1.378, 0.0, 1.238, 1.327, 1.591, 1.697, 3.029, 4.482, 4.703, 4.285, 4.601, 4.879, 4.102, 2.347, 1.746, 2.417, 3.482, 4.179, 4.938, 5.188, 6.144, 7.003, 6.677, 5.302, 4.573, 4.318, 4.606, 4.9, 4.309, 2.885, 2.298, 2.469, 2.452, 2.284, 3.411, 3.608, 3.16, 2.822, 3.51, 4.384, 4.731, 4.949, 5.348, 6.166, 7.122, 8.159, 8.469, 8.63, 7.602, 5.282, 3.748, 4.433, 6.908, 8.635, 7.871, 7.677, 8.179, 8.1, 7.766, 8.337, 9.152, 9.718, 10.595, 10.731, 10.803, 11.23, 11.107, 11.446, 12.143, 10.962, 9.754, 9.446, 9.448, 9.4, 8.562, 9.237, 11.211, 12.395, 11.703, 10.35, 9.295, 10.292, 10.475, 10.924, 10.987, 10.583, 9.198, 7.664, 6.366, 5.533, 4.358, 2.52, 1.464, 1.389, 1.7, 1.682, 1.593, 1.37, 1.822, 1.602, 1.363, 1.668, 2.066, 2.719, 3.421, 3.112, 2.055, 1.853, 1.575, 1.326, 1.345, 1.098, 1.429, 1.788, 3.931, 5.708, 5.164, 2.989, 2.72, 3.527, 4.883, 4.666, 2.863, 2.819, 3.203, 3.937, 3.711, 3.162, 3.476, 4.419, 4.568, 3.641, 2.694, 1.43, 1.795], [14.324, 10.905, 8.985, 6.872, 4.817, 4.893, 5.735, 6.242, 6.108, 5.682, 5.766, 5.756, 5.084, 4.981, 5.5, 6.344, 7.035, 6.783, 5.301, 4.247, 4.221, 3.983, 3.192, 1.931, 1.238, 0.0, 1.053, 1.571, 1.751, 3.023, 4.291, 4.504, 4.106, 4.411, 4.67, 3.939, 2.178, 1.737, 2.571, 3.146, 4.001, 4.597, 4.748, 5.871, 6.766, 6.383, 5.011, 4.158, 3.952, 4.243, 4.516, 3.936, 2.661, 1.891, 2.052, 2.024, 2.557, 3.635, 3.751, 3.326, 3.061, 3.779, 4.719, 5.025, 5.192, 5.654, 6.524, 7.445, 8.514, 8.82, 8.915, 7.807, 5.565, 4.067, 4.958, 7.287, 8.927, 8.07, 8.068, 8.615, 8.537, 8.178, 8.719, 9.521, 10.108, 10.939, 11.037, 11.053, 11.506, 11.261, 11.575, 12.264, 11.251, 10.131, 9.847, 9.843, 9.81, 8.994, 9.582, 11.584, 12.594, 11.883, 10.635, 9.555, 10.542, 10.654, 11.073, 11.226, 10.786, 9.398, 7.986, 6.58, 5.797, 4.771, 2.899, 1.554, 1.615, 1.755, 2.158, 1.927, 1.538, 1.72, 1.727, 1.733, 1.894, 1.877, 2.481, 3.078, 2.902, 1.864, 1.375, 1.506, 1.671, 1.611, 1.493, 1.794, 2.176, 4.246, 6.059, 5.481, 3.304, 3.019, 3.753, 5.203, 5.034, 3.209, 3.263, 3.542, 4.238, 4.042, 3.785, 3.925, 4.804, 5.135, 4.091, 3.199, 1.839, 1.728], [14.048, 10.675, 8.755, 6.652, 5.025, 5.131, 5.953, 6.409, 6.31, 5.941, 5.975, 6.018, 5.343, 5.18, 5.648, 6.387, 6.826, 6.528, 4.984, 4.027, 4.037, 3.922, 3.168, 1.957, 1.327, 1.053, 0.0, 0.879, 1.811, 3.416, 4.6, 4.735, 4.359, 4.662, 5.024, 4.272, 2.486, 2.067, 2.445, 3.5, 4.208, 4.857, 5.019, 6.119, 7.025, 6.693, 5.24, 4.482, 4.287, 4.544, 4.833, 4.248, 2.963, 1.949, 2.096, 2.058, 2.367, 3.398, 3.494, 2.999, 2.702, 3.461, 4.379, 4.768, 4.975, 5.365, 6.133, 7.055, 8.122, 8.436, 8.647, 7.581, 5.351, 3.907, 4.684, 7.067, 8.742, 7.841, 7.732, 8.27, 8.171, 7.905, 8.468, 9.28, 9.798, 10.553, 10.647, 10.673, 11.167, 11.018, 11.333, 11.977, 10.865, 9.785, 9.542, 9.529, 9.465, 8.63, 9.275, 11.271, 12.225, 11.544, 10.245, 9.206, 10.266, 10.294, 10.721, 10.863, 10.574, 9.122, 7.661, 6.35, 5.497, 4.385, 2.691, 1.314, 1.278, 1.248, 1.514, 1.54, 1.261, 1.711, 1.698, 1.739, 2.06, 2.321, 2.75, 3.309, 3.129, 2.16, 1.745, 1.469, 1.612, 1.509, 1.416, 1.516, 1.861, 3.805, 5.676, 5.151, 3.079, 2.847, 3.68, 4.91, 4.748, 3.248, 3.23, 3.706, 4.406, 4.176, 3.942, 3.95, 4.754, 4.821, 3.802, 2.886, 1.676, 1.751], [14.067, 10.703, 8.773, 6.655, 5.274, 5.286, 6.168, 6.582, 6.462, 6.095, 6.103, 6.149, 5.474, 5.326, 5.812, 6.583, 6.93, 6.546, 4.997, 4.001, 4.128, 4.033, 3.293, 2.168, 1.591, 1.571, 0.879, 0.0, 1.632, 3.404, 4.675, 4.776, 4.396, 4.719, 5.219, 4.435, 2.633, 2.338, 2.365, 3.605, 4.224, 4.872, 5.148, 6.267, 7.115, 6.8, 5.374, 4.585, 4.373, 4.639, 4.895, 4.322, 2.854, 1.984, 2.195, 2.056, 2.432, 3.542, 3.617, 3.138, 2.938, 3.564, 4.486, 4.897, 5.067, 5.453, 6.101, 6.935, 8.023, 8.438, 8.628, 7.587, 5.296, 3.954, 4.588, 6.933, 8.645, 7.846, 7.787, 8.338, 8.28, 8.056, 8.613, 9.417, 9.883, 10.344, 10.488, 10.548, 11.122, 11.036, 11.352, 11.986, 10.785, 9.867, 9.634, 9.49, 9.514, 8.596, 9.394, 11.185, 12.204, 11.528, 10.041, 9.164, 10.262, 10.264, 10.664, 10.809, 10.569, 9.093, 7.538, 6.32, 5.391, 4.258, 2.834, 1.776, 1.506, 1.622, 1.499, 1.577, 1.503, 1.82, 1.758, 1.814, 2.312, 2.52, 2.959, 3.519, 3.21, 2.38, 2.028, 1.689, 1.833, 1.781, 1.619, 1.703, 2.12, 4.233, 5.639, 5.219, 3.348, 3.088, 3.843, 4.968, 4.68, 3.714, 3.563, 4.033, 4.492, 4.19, 4.06, 4.194, 4.96, 4.59, 3.824, 2.676, 1.709, 1.781], [15.012, 11.661, 9.718, 7.607, 5.497, 5.226, 6.081, 6.754, 6.531, 5.981, 5.76, 5.78, 5.155, 5.356, 5.996, 6.88, 7.789, 7.491, 5.939, 4.974, 4.729, 4.321, 3.46, 2.438, 1.697, 1.751, 1.811, 1.632, 0.0, 2.226, 3.754, 3.86, 3.453, 3.726, 4.155, 3.402, 2.354, 1.96, 2.008, 2.488, 3.032, 3.655, 4.059, 5.305, 6.168, 5.786, 4.242, 3.372, 3.164, 3.462, 3.695, 3.114, 1.628, 1.35, 1.579, 1.677, 2.912, 4.334, 4.447, 3.956, 4.115, 4.768, 5.703, 6.093, 6.318, 6.701, 7.344, 8.165, 9.257, 9.668, 9.632, 8.533, 6.208, 4.774, 5.301, 7.809, 9.538, 8.803, 8.923, 9.472, 9.392, 9.24, 9.807, 10.608, 11.071, 11.565, 11.643, 11.63, 12.151, 12.012, 12.297, 12.956, 11.929, 11.024, 10.723, 10.571, 10.648, 9.757, 10.465, 12.261, 13.245, 12.542, 11.175, 10.193, 11.212, 11.3, 11.724, 11.82, 11.521, 10.055, 8.576, 7.28, 6.438, 5.352, 3.985, 2.627, 2.306, 2.722, 2.684, 2.57, 2.242, 2.29, 1.967, 1.847, 2.287, 2.324, 2.677, 3.455, 2.989, 2.251, 2.089, 1.987, 2.287, 2.153, 1.983, 2.198, 2.845, 5.348, 6.804, 6.329, 4.467, 4.141, 4.873, 6.062, 5.744, 4.167, 3.757, 3.975, 4.278, 3.937, 4.063, 4.596, 5.444, 5.449, 4.759, 3.802, 2.702, 1.768], [16.858, 13.505, 11.539, 9.401, 7.103, 6.156, 6.964, 7.803, 7.621, 6.511, 6.064, 5.988, 5.861, 6.268, 7.228, 8.619, 9.656, 9.326, 7.788, 6.719, 6.527, 5.921, 4.84, 3.712, 3.029, 3.023, 3.416, 3.404, 2.226, 0.0, 2.022, 2.313, 2.218, 2.404, 2.5, 2.017, 1.827, 2.476, 1.977, 1.425, 1.464, 2.24, 2.517, 3.529, 4.318, 3.984, 2.598, 1.879, 1.723, 1.959, 2.085, 1.667, 1.533, 2.526, 2.494, 3.096, 4.79, 6.255, 6.415, 5.978, 5.687, 6.338, 7.214, 7.61, 7.836, 8.224, 8.973, 9.912, 10.948, 11.281, 11.384, 10.345, 8.061, 6.472, 7.008, 9.593, 11.412, 10.639, 10.444, 11.007, 10.907, 10.68, 11.258, 12.059, 12.534, 13.389, 13.546, 13.593, 14.021, 13.913, 14.161, 14.955, 13.769, 12.559, 12.168, 12.194, 12.176, 11.387, 11.954, 13.944, 15.209, 14.501, 13.136, 12.113, 13.032, 13.293, 13.744, 13.799, 13.364, 11.991, 10.473, 9.164, 8.36, 7.18, 5.419, 3.955, 3.554, 4.112, 4.034, 3.914, 3.725, 3.542, 3.262, 2.798, 2.64, 2.59, 2.296, 2.519, 2.377, 2.221, 2.852, 3.374, 3.644, 3.476, 3.332, 3.482, 4.148, 6.746, 8.505, 7.993, 5.792, 5.472, 6.309, 7.631, 7.376, 5.347, 3.843, 4.003, 4.519, 4.256, 4.329, 5.168, 6.345, 7.133, 6.372, 5.387, 3.852, 2.536], [18.528, 15.152, 13.211, 11.098, 8.801, 7.838, 8.599, 9.471, 9.282, 7.888, 7.15, 7.107, 7.218, 7.942, 8.91, 10.304, 11.291, 11.0, 9.443, 8.391, 8.034, 7.401, 6.514, 5.17, 4.482, 4.291, 4.6, 4.675, 3.754, 2.022, 0.0, 1.209, 1.742, 1.71, 2.019, 2.206, 2.702, 3.735, 2.636, 1.606, 1.793, 1.903, 1.834, 2.131, 2.807, 2.676, 1.983, 2.24, 2.222, 2.064, 2.127, 2.324, 3.111, 3.958, 4.107, 4.661, 6.389, 7.854, 7.985, 7.491, 7.052, 7.767, 8.592, 8.806, 8.941, 9.403, 10.333, 11.358, 12.37, 12.737, 13.086, 12.019, 9.71, 8.14, 8.575, 11.265, 13.033, 12.29, 11.912, 12.441, 12.352, 11.978, 12.486, 13.22, 13.928, 14.823, 15.063, 15.065, 15.609, 15.506, 15.835, 16.517, 15.238, 13.984, 13.823, 13.83, 13.671, 12.838, 13.575, 15.61, 16.742, 16.015, 14.601, 13.659, 14.714, 14.802, 15.256, 15.28, 15.035, 13.584, 12.037, 10.782, 9.898, 8.681, 6.7, 5.016, 4.349, 4.88, 4.949, 4.581, 4.41, 4.107, 3.938, 3.94, 3.921, 3.668, 2.522, 2.254, 2.191, 2.922, 3.631, 4.132, 4.366, 4.261, 4.241, 4.279, 4.754, 7.532, 10.026, 9.374, 6.821, 6.627, 7.818, 9.183, 8.995, 6.477, 4.631, 4.628, 5.131, 4.866, 5.439, 6.196, 7.64, 8.503, 7.74, 6.831, 5.021, 3.275], [18.783, 15.407, 13.48, 11.348, 9.051, 8.1, 8.89, 9.742, 9.517, 8.172, 7.56, 7.542, 7.612, 8.195, 9.185, 10.565, 11.529, 11.262, 9.702, 8.648, 8.27, 7.61, 6.755, 5.402, 4.703, 4.504, 4.735, 4.776, 3.86, 2.313, 1.209, 0.0, 1.041, 1.271, 1.817, 2.06, 2.857, 3.94, 2.711, 1.83, 2.154, 2.236, 1.942, 2.199, 2.874, 2.908, 2.335, 2.294, 2.152, 2.248, 2.361, 2.658, 3.341, 4.146, 4.301, 4.843, 6.639, 8.105, 8.203, 7.654, 7.228, 7.955, 8.707, 8.806, 8.816, 9.258, 10.283, 11.422, 12.418, 12.859, 13.324, 12.288, 9.966, 8.385, 8.839, 11.499, 13.269, 12.541, 12.127, 12.513, 12.406, 12.034, 12.555, 13.177, 13.945, 14.885, 15.215, 15.234, 15.811, 15.752, 16.068, 16.705, 15.394, 14.168, 14.042, 14.046, 13.754, 12.986, 13.799, 15.836, 16.928, 16.221, 14.745, 13.874, 14.976, 14.992, 15.421, 15.507, 15.273, 13.803, 12.251, 11.029, 10.107, 8.868, 6.878, 5.135, 4.534, 4.989, 4.95, 4.61, 4.161, 3.748, 3.747, 3.922, 3.956, 3.67, 2.36, 1.844, 1.97, 2.965, 3.525, 3.934, 4.183, 4.287, 4.226, 4.223, 4.698, 7.337, 10.144, 9.574, 7.064, 6.843, 8.085, 9.442, 9.257, 6.656, 4.957, 5.061, 5.393, 5.164, 5.853, 6.566, 7.82, 8.619, 7.816, 6.982, 5.185, 3.172], [18.361, 14.987, 13.067, 10.953, 8.655, 7.75, 8.596, 9.424, 9.141, 7.907, 7.391, 7.396, 7.463, 7.91, 8.837, 10.167, 11.117, 10.84, 9.284, 8.226, 7.87, 7.204, 6.39, 4.986, 4.285, 4.106, 4.359, 4.396, 3.453, 2.218, 1.742, 1.041, 0.0, 1.11, 1.781, 1.611, 2.525, 3.558, 2.43, 1.723, 2.268, 2.494, 2.341, 2.633, 3.319, 3.333, 2.604, 2.05, 1.993, 2.187, 2.385, 2.584, 2.984, 3.723, 3.918, 4.468, 6.217, 7.683, 7.803, 7.279, 6.854, 7.56, 8.332, 8.357, 8.385, 8.811, 9.862, 10.996, 12.009, 12.454, 12.911, 11.882, 9.556, 7.962, 8.409, 11.088, 12.88, 12.148, 11.705, 12.079, 11.972, 11.61, 12.123, 12.691, 13.463, 14.457, 14.84, 14.849, 15.428, 15.33, 15.664, 16.33, 14.956, 13.745, 13.622, 13.624, 13.331, 12.564, 13.389, 15.414, 16.553, 15.853, 14.35, 13.461, 14.555, 14.617, 15.045, 15.093, 14.868, 13.409, 11.829, 10.609, 9.668, 8.441, 6.447, 4.713, 4.118, 4.585, 4.567, 4.215, 3.804, 3.34, 3.341, 3.559, 3.576, 3.274, 2.08, 1.581, 1.705, 2.531, 3.064, 3.501, 3.742, 3.87, 3.807, 3.809, 4.268, 6.946, 9.768, 9.197, 6.662, 6.444, 7.686, 9.043, 8.857, 6.274, 4.833, 4.916, 5.352, 5.111, 5.729, 6.44, 7.611, 8.239, 7.441, 6.607, 4.803, 2.875], [18.643, 15.268, 13.353, 11.254, 8.956, 8.001, 8.889, 9.669, 9.483, 8.201, 7.572, 7.615, 7.727, 8.204, 9.089, 10.448, 11.403, 11.121, 9.565, 8.508, 8.172, 7.51, 6.67, 5.332, 4.601, 4.411, 4.662, 4.719, 3.726, 2.404, 1.71, 1.271, 1.11, 0.0, 1.17, 1.302, 2.908, 3.875, 2.733, 1.848, 2.103, 2.085, 1.78, 1.951, 2.647, 2.69, 1.832, 1.807, 1.875, 1.837, 2.104, 2.531, 3.12, 4.007, 4.133, 4.753, 6.498, 7.964, 8.087, 7.574, 7.159, 7.871, 8.641, 8.821, 8.873, 9.312, 10.321, 11.396, 12.381, 12.762, 13.192, 12.163, 9.837, 8.243, 8.757, 11.424, 13.191, 12.443, 12.038, 12.425, 12.335, 11.922, 12.404, 13.126, 13.931, 14.844, 15.124, 15.134, 15.713, 15.611, 15.949, 16.614, 15.291, 14.102, 13.923, 13.905, 13.671, 12.886, 13.673, 15.695, 16.851, 16.158, 14.649, 13.746, 14.836, 14.901, 15.33, 15.385, 15.169, 13.713, 12.11, 10.89, 9.949, 8.725, 6.738, 5.061, 4.456, 4.952, 5.003, 4.597, 4.277, 3.949, 3.918, 4.014, 4.054, 3.753, 2.482, 2.181, 2.096, 2.844, 3.556, 4.058, 4.327, 4.299, 4.241, 4.283, 4.686, 7.254, 10.064, 9.518, 6.979, 6.761, 7.987, 9.344, 9.158, 6.593, 5.011, 5.128, 5.536, 5.308, 6.051, 6.761, 8.016, 8.67, 7.837, 6.923, 5.175, 3.326], [18.839, 15.342, 13.324, 11.187, 8.891, 8.062, 8.887, 9.619, 9.497, 8.287, 7.734, 7.727, 7.849, 8.271, 9.086, 10.402, 11.486, 11.269, 9.7, 8.661, 8.511, 7.947, 6.814, 5.63, 4.879, 4.67, 5.024, 5.219, 4.155, 2.5, 2.019, 1.817, 1.781, 1.17, 0.0, 1.088, 2.891, 4.157, 3.15, 2.233, 1.996, 1.898, 1.646, 1.796, 2.451, 2.363, 1.672, 1.678, 1.781, 1.699, 1.91, 2.36, 3.069, 4.174, 4.328, 4.914, 6.622, 8.119, 8.319, 7.932, 7.471, 8.24, 9.151, 9.394, 9.471, 9.933, 10.916, 11.933, 12.961, 13.278, 13.245, 12.136, 9.857, 8.4, 9.093, 11.494, 13.202, 12.437, 12.277, 12.913, 12.796, 12.36, 12.871, 13.623, 14.503, 15.41, 15.53, 15.589, 15.979, 15.829, 16.095, 16.867, 15.752, 14.548, 14.103, 14.133, 14.052, 13.346, 13.914, 15.954, 17.179, 16.488, 15.146, 14.081, 14.948, 15.245, 15.705, 15.773, 15.2, 13.932, 12.455, 11.049, 10.311, 9.168, 7.163, 5.442, 4.708, 5.317, 5.445, 5.128, 4.922, 4.62, 4.549, 4.644, 4.494, 4.381, 3.092, 2.755, 2.682, 3.334, 4.09, 4.71, 4.934, 4.774, 4.652, 4.734, 5.256, 7.791, 10.526, 9.902, 7.262, 6.922, 8.124, 9.596, 9.324, 6.967, 5.32, 5.532, 6.069, 5.864, 6.289, 7.115, 8.512, 9.191, 8.412, 7.437, 5.633, 3.957], [18.1, 14.639, 12.537, 10.336, 8.04, 7.304, 8.125, 8.84, 8.66, 7.677, 7.229, 7.182, 7.213, 7.523, 8.325, 9.546, 10.781, 10.54, 8.957, 7.926, 7.772, 7.2, 6.101, 4.869, 4.102, 3.939, 4.272, 4.435, 3.402, 2.017, 2.206, 2.06, 1.611, 1.302, 1.088, 0.0, 2.176, 3.434, 2.512, 1.752, 1.848, 2.049, 2.058, 2.469, 3.338, 3.067, 2.033, 1.548, 1.469, 1.461, 1.787, 2.01, 2.424, 3.455, 3.628, 4.162, 5.907, 7.407, 7.621, 7.212, 6.751, 7.511, 8.421, 8.687, 8.816, 9.278, 10.199, 11.207, 12.232, 12.549, 12.471, 11.324, 9.058, 7.645, 8.377, 10.758, 12.507, 11.715, 11.567, 12.213, 12.119, 11.695, 12.223, 12.994, 13.773, 14.68, 14.811, 14.872, 15.259, 15.12, 15.363, 16.163, 15.036, 13.826, 13.318, 13.403, 13.343, 12.616, 13.177, 15.228, 16.459, 15.748, 14.424, 13.361, 14.218, 14.525, 14.985, 15.052, 14.451, 13.192, 11.74, 10.356, 9.591, 8.439, 6.435, 4.725, 4.008, 4.553, 4.684, 4.347, 4.23, 3.95, 3.91, 3.881, 3.692, 3.587, 2.541, 2.6, 2.399, 2.639, 3.439, 4.053, 4.247, 4.059, 4.025, 4.074, 4.572, 7.143, 9.797, 9.184, 6.53, 6.169, 7.382, 8.852, 8.541, 6.251, 4.905, 5.177, 5.79, 5.55, 5.629, 6.51, 7.809, 8.399, 7.615, 6.678, 4.876, 3.289], [16.102, 12.686, 10.67, 8.498, 6.208, 5.622, 6.414