[[0.0, 1.654, 2.221, 2.563, 3.229, 3.682, 4.371, 4.986, 6.715, 9.697, 11.672, 10.944, 10.295, 10.507, 10.121, 8.764, 7.096, 6.35, 4.146, 2.922, 2.91, 4.122, 3.722, 4.16, 5.274, 4.672, 2.741, 2.138, 1.957, 2.056, 2.422, 2.245, 4.135, 7.807, 10.082, 11.322, 12.665, 12.525, 12.118, 11.941, 11.953, 12.199, 12.714, 13.096, 13.711, 14.714, 17.113, 16.508, 12.303, 10.309, 9.641, 8.298, 6.9, 5.736, 5.783, 5.199, 4.103, 4.984, 6.456, 4.786, 4.009, 2.618, 2.342, 2.008, 1.86, 3.584, 7.118, 9.705, 9.419, 7.635, 6.385, 6.137, 4.882, 3.148, 3.521, 3.747, 4.55, 4.737, 4.069, 3.206, 2.828, 4.255, 5.729, 5.377, 6.726, 7.905, 5.721, 2.789, 3.23, 2.532, 1.567, 3.469, 3.772, 2.747, 2.479, 2.446, 2.777, 2.26, 1.854, 2.274, 1.98, 2.465, 2.505, 2.534, 3.47, 3.821, 3.655, 4.463, 4.863, 3.667, 3.238, 3.091, 3.175, 3.212, 3.147, 3.506, 3.678, 3.987, 4.124, 3.7, 3.527, 3.336, 3.621, 3.616, 3.75, 4.47, 4.597, 3.863, 4.933, 5.497, 5.797, 6.192, 6.612, 5.618, 5.187, 3.752, 3.584, 4.257, 4.407, 4.449, 3.703, 3.059, 2.377, 2.792, 3.391, 3.956], [1.654, 0.0, 1.072, 1.778, 2.451, 2.527, 3.251, 4.386, 6.194, 9.144, 10.988, 10.46, 9.459, 9.277, 8.885, 7.782, 6.918, 5.766, 3.914, 2.899, 2.242, 3.231, 3.493, 3.022, 4.016, 3.544, 2.374, 2.179, 1.962, 2.312, 2.553, 2.729, 5.382, 9.065, 11.314, 12.581, 13.864, 13.738, 13.376, 13.189, 13.182, 13.457, 13.973, 14.31, 14.892, 15.897, 18.358, 17.72, 13.561, 11.561, 10.899, 9.559, 8.162, 6.995, 7.042, 6.383, 5.286, 6.246, 7.686, 6.048, 5.247, 3.041, 1.328, 1.853, 1.809, 3.079, 6.193, 8.454, 8.171, 6.384, 5.162, 4.96, 3.718, 3.061, 3.903, 3.984, 4.94, 5.21, 4.591, 3.912, 3.301, 4.099, 4.655, 4.513, 5.601, 6.733, 4.889, 2.571, 3.313, 2.598, 2.618, 4.777, 5.056, 3.948, 3.684, 3.748, 3.615, 2.531, 1.885, 2.425, 2.112, 1.86, 1.855, 2.454, 3.28, 3.413, 3.39, 5.436, 5.855, 3.532, 2.919, 2.97, 3.337, 2.976, 2.788, 2.998, 3.268, 3.161, 2.889, 2.816, 3.612, 3.396, 3.04, 2.866, 3.174, 3.7, 4.162, 3.119, 3.958, 4.266, 4.958, 5.191, 5.433, 4.502, 4.074, 2.77, 4.423, 5.467, 5.476, 5.636, 4.841, 3.789, 2.823, 3.356, 3.692, 4.133], [2.221, 1.072, 0.0, 1.554, 2.173, 2.128, 2.876, 4.137, 5.947, 8.871, 10.632, 10.271, 9.103, 8.791, 8.418, 7.574, 6.748, 5.48, 3.775, 2.993, 2.452, 2.877, 3.371, 2.568, 3.382, 3.181, 2.089, 2.277, 2.094, 2.861, 3.137, 3.326, 6.07, 9.753, 12.002, 13.269, 14.552, 14.426, 14.064, 13.877, 13.87, 14.145, 14.661, 14.999, 15.579, 16.585, 19.046, 18.404, 14.249, 12.249, 11.588, 10.243, 8.835, 7.683, 7.73, 7.072, 5.965, 6.919, 8.359, 6.721, 5.92, 3.607, 1.29, 1.962, 2.138, 2.895, 5.84, 7.791, 7.528, 5.716, 4.709, 4.431, 3.289, 2.854, 4.092, 4.036, 4.94, 5.298, 4.698, 4.146, 3.46, 3.896, 4.359, 4.325, 5.165, 6.248, 4.664, 2.506, 3.126, 2.428, 3.216, 5.452, 5.741, 4.612, 4.335, 4.35, 4.242, 3.005, 2.278, 2.699, 2.479, 1.748, 1.754, 2.665, 3.197, 3.241, 3.602, 6.115, 6.543, 4.107, 3.274, 3.405, 3.607, 2.89, 2.737, 2.936, 3.121, 2.906, 2.549, 2.88, 4.225, 4.051, 2.925, 2.78, 3.033, 3.495, 3.966, 3.055, 3.665, 3.931, 4.527, 4.983, 5.045, 4.063, 3.574, 2.378, 5.087, 6.134, 6.143, 6.303, 5.5, 4.32, 2.98, 3.623, 3.683, 3.873], [2.563, 1.778, 1.554, 0.0, 1.184, 1.666, 2.037, 2.964, 4.763, 7.655, 9.501, 8.903, 8.086, 8.081, 7.67, 6.388, 5.4, 4.259, 2.64, 2.757, 2.789, 2.997, 3.249, 2.53, 2.915, 2.267, 1.196, 2.524, 2.585, 3.744, 4.037, 4.15, 6.597, 10.278, 12.508, 13.775, 15.058, 14.934, 14.57, 14.383, 14.377, 14.651, 15.167, 15.504, 16.17, 17.175, 19.552, 18.91, 14.765, 12.755, 12.093, 10.749, 9.338, 8.189, 8.236, 7.577, 6.545, 7.402, 8.842, 7.204, 6.404, 4.338, 1.588, 2.328, 2.511, 1.982, 4.835, 7.263, 6.976, 5.202, 3.933, 3.705, 2.614, 2.688, 4.041, 3.775, 4.671, 4.815, 4.204, 4.122, 3.145, 3.132, 3.646, 3.491, 4.359, 5.475, 3.415, 1.907, 2.657, 2.426, 3.579, 5.788, 6.103, 4.953, 4.515, 4.421, 4.771, 3.617, 2.931, 3.316, 3.088, 1.744, 1.717, 2.678, 2.741, 2.776, 3.774, 6.742, 7.049, 4.557, 4.228, 4.392, 3.925, 2.344, 2.762, 2.846, 2.589, 2.321, 2.321, 3.392, 4.615, 4.114, 2.688, 2.321, 2.412, 2.814, 3.084, 2.508, 3.523, 3.605, 3.918, 3.932, 4.311, 3.398, 2.943, 2.035, 5.57, 6.623, 6.637, 6.785, 5.983, 4.803, 3.371, 4.07, 4.0, 3.489], [3.229, 2.451, 2.173, 1.184, 0.0, 1.131, 1.409, 2.201, 4.11, 6.816, 8.705, 8.416, 7.251, 7.362, 6.951, 5.744, 4.769, 3.518, 2.831, 2.991, 3.149, 3.304, 3.56, 2.804, 2.441, 1.534, 1.243, 3.048, 3.123, 4.55, 4.84, 4.87, 7.296, 10.98, 13.228, 14.495, 15.778, 15.652, 15.291, 15.103, 15.097, 15.372, 15.887, 16.225, 16.846, 17.85, 20.272, 19.631, 15.476, 13.475, 12.814, 11.47, 10.059, 8.909, 8.956, 8.31, 7.216, 8.119, 9.559, 7.921, 7.121, 5.074, 1.981, 2.723, 3.064, 1.736, 4.168, 6.572, 6.268, 4.62, 3.451, 3.275, 2.376, 2.923, 4.237, 4.024, 4.979, 5.169, 4.493, 4.607, 3.712, 3.41, 3.878, 3.684, 3.987, 4.765, 2.829, 2.136, 2.893, 2.725, 4.1, 6.182, 6.501, 5.447, 4.929, 4.856, 5.375, 4.274, 3.573, 3.931, 3.672, 2.303, 2.348, 3.385, 3.272, 2.705, 4.396, 7.427, 7.77, 5.313, 4.968, 5.201, 4.637, 2.871, 3.378, 3.089, 2.627, 2.25, 2.408, 4.13, 5.251, 4.823, 2.896, 2.315, 2.41, 2.569, 2.726, 2.6, 3.366, 3.269, 3.541, 3.645, 3.973, 3.162, 2.779, 2.417, 6.291, 7.315, 7.352, 7.466, 6.69, 5.484, 4.054, 4.755, 4.612, 3.934], [3.682, 2.527, 2.128, 1.666, 1.131, 0.0, 1.425, 2.568, 4.328, 6.89, 8.644, 8.567, 7.209, 6.996, 6.605, 5.609, 4.994, 3.621, 3.009, 3.107, 2.736, 2.772, 3.248, 2.393, 1.893, 1.521, 1.98, 3.695, 3.479, 4.601, 4.885, 5.067, 7.772, 11.456, 13.704, 14.971, 16.254, 16.128, 15.766, 15.579, 15.573, 15.848, 16.363, 16.701, 17.282, 18.287, 20.748, 20.107, 15.951, 13.951, 13.29, 11.946, 10.535, 9.385, 9.432, 8.774, 7.667, 8.588, 10.028, 8.391, 7.59, 5.281, 1.897, 2.706, 3.388, 2.499, 3.975, 6.099, 5.79, 4.256, 3.234, 3.115, 2.346, 3.197, 4.179, 4.108, 5.125, 5.454, 4.991, 5.169, 4.122, 3.575, 3.741, 3.68, 3.84, 4.474, 2.867, 2.344, 3.247, 3.074, 4.552, 6.579, 6.931, 5.912, 5.006, 5.144, 5.842, 4.667, 3.933, 4.328, 4.158, 2.839, 2.734, 3.874, 4.001, 3.305, 4.786, 7.801, 8.246, 5.661, 4.971, 5.227, 5.106, 3.573, 3.951, 3.677, 3.576, 2.997, 2.976, 4.188, 5.658, 5.299, 3.267, 2.884, 3.137, 3.364, 3.658, 3.042, 3.701, 3.789, 4.162, 4.197, 4.11, 3.544, 3.197, 2.979, 6.767, 7.791, 7.78, 7.939, 7.16, 5.957, 4.535, 5.224, 5.152, 4.858], [4.371, 3.251, 2.876, 2.037, 1.409, 1.425, 0.0, 2.025, 3.877, 6.251, 8.083, 8.134, 6.483, 6.165, 5.892, 5.034, 4.502, 3.105, 2.898, 3.454, 3.237, 2.993, 3.787, 2.578, 1.886, 1.056, 2.16, 3.915, 4.151, 5.436, 5.675, 5.817, 8.491, 12.175, 14.423, 15.69, 16.973, 16.855, 16.486, 16.299, 16.292, 16.567, 17.082, 17.428, 18.025, 19.029, 21.467, 20.841, 16.671, 14.67, 14.009, 12.665, 11.254, 10.104, 10.151, 9.493, 8.398, 9.312, 10.752, 9.115, 8.314, 6.09, 2.623, 3.471, 4.138, 2.32, 3.643, 5.551, 5.111, 3.889, 2.746, 2.482, 2.148, 3.192, 4.546, 4.344, 5.372, 5.471, 4.995, 5.31, 4.247, 3.51, 3.599, 3.394, 3.305, 3.675, 2.425, 2.681, 3.579, 3.703, 5.219, 7.304, 7.65, 6.614, 5.789, 5.97, 6.596, 5.483, 4.696, 5.064, 4.866, 3.31, 3.481, 4.577, 4.467, 3.825, 5.535, 8.533, 8.965, 6.466, 5.574, 5.931, 5.83, 3.998, 4.566, 4.187, 2.938, 2.308, 2.724, 4.832, 6.418, 6.018, 3.854, 3.361, 3.208, 3.012, 3.033, 3.49, 3.759, 3.143, 3.221, 3.562, 3.433, 2.846, 2.476, 2.741, 7.489, 8.51, 8.499, 8.659, 7.883, 6.676, 5.247, 5.948, 5.78, 4.735], [4.986, 4.386, 4.137, 2.964, 2.201, 2.568, 2.025, 0.0, 2.496, 4.909, 6.824, 6.905, 5.6, 5.824, 5.429, 4.163, 3.251, 2.34, 2.691, 3.544, 3.943, 3.702, 4.079, 3.495, 2.842, 1.958, 2.756, 4.623, 5.079, 6.538, 6.826, 6.805, 8.939, 12.593, 14.75, 16.031, 17.461, 17.305, 16.81, 16.622, 16.648, 16.93, 17.406, 17.758, 18.467, 19.493, 21.791, 21.151, 17.029, 14.994, 14.333, 12.989, 11.583, 10.429, 10.517, 10.019, 8.95, 9.667, 11.107, 9.469, 8.681, 7.104, 3.633, 3.872, 4.724, 2.434, 2.743, 5.065, 5.012, 3.655, 2.58, 2.351, 2.412, 3.407, 4.557, 4.212, 5.174, 5.299, 4.571, 5.614, 4.135, 3.257, 3.705, 3.546, 3.637, 3.355, 1.656, 3.052, 3.807, 4.091, 5.742, 7.707, 8.041, 7.036, 6.225, 6.256, 7.004, 6.067, 5.568, 5.926, 5.522, 4.118, 4.251, 5.13, 4.82, 4.324, 6.342, 9.336, 9.304, 7.201, 6.897, 7.195, 6.207, 4.455, 4.979, 4.642, 3.035, 2.573, 3.898, 6.048, 7.111, 6.356, 4.467, 4.091, 3.674, 3.447, 2.773, 4.33, 5.015, 3.743, 2.84, 2.512, 2.68, 2.238, 2.206, 3.591, 7.928, 8.969, 9.318, 9.258, 8.308, 7.089, 5.705, 6.441, 6.205, 4.976], [6.715, 6.194, 5.947, 4.763, 4.11, 4.328, 3.877, 2.496, 0.0, 3.172, 5.503, 5.147, 4.276, 4.522, 4.135, 2.672, 2.125, 2.239, 3.467, 4.662, 4.966, 4.642, 4.955, 4.394, 4.05, 3.677, 4.492, 6.302, 6.827, 8.315, 8.599, 8.588, 10.581, 14.088, 16.319, 17.448, 18.941, 18.935, 18.201, 18.122, 18.267, 18.399, 18.783, 19.265, 20.095, 21.155, 23.275, 22.763, 18.575, 16.463, 15.755, 14.306, 12.872, 11.784, 11.926, 11.417, 10.498, 11.132, 12.741, 10.886, 10.132, 8.929, 5.386, 5.53, 6.454, 3.817, 2.268, 3.753, 3.495, 2.597, 2.351, 2.327, 3.537, 5.018, 5.745, 5.141, 5.902, 6.03, 5.895, 7.233, 5.57, 3.105, 3.308, 3.207, 2.766, 2.479, 1.966, 4.528, 5.189, 5.649, 7.299, 9.061, 9.431, 8.367, 7.59, 7.754, 8.721, 7.776, 7.314, 7.556, 7.126, 5.663, 5.985, 6.705, 6.196, 5.89, 8.091, 11.019, 10.764, 8.818, 8.694, 8.869, 7.742, 5.871, 6.304, 6.131, 4.503, 4.158, 5.62, 7.691, 8.842, 7.858, 6.228, 5.629, 5.249, 5.263, 4.58, 6.228, 7.049, 6.027, 4.411, 3.032, 2.419, 2.933, 3.383, 5.115, 9.409, 10.526, 10.785, 10.739, 9.787, 8.349, 7.103, 7.755, 7.501, 6.479], [9.697, 9.144, 8.871, 7.655, 6.816, 6.89, 6.251, 4.909, 3.172, 0.0, 2.53, 2.616, 1.422, 2.271, 2.594, 2.321, 2.985, 3.862, 5.881, 7.449, 7.575, 6.775, 7.131, 6.902, 6.247, 5.903, 7.355, 9.227, 9.726, 11.255, 11.538, 11.527, 13.645, 17.16, 19.29, 20.467, 22.019, 22.005, 21.216, 21.09, 21.309, 21.433, 21.783, 22.33, 23.166, 24.215, 26.238, 25.736, 21.637, 19.476, 18.747, 17.319, 15.901, 14.805, 14.981, 14.441, 13.543, 14.135, 15.705, 13.827, 13.076, 11.84, 8.33, 8.413, 9.386, 6.802, 3.529, 2.713, 2.901, 4.42, 4.503, 4.743, 5.998, 7.788, 8.394, 7.822, 8.691, 8.858, 8.832, 10.257, 8.627, 5.534, 4.632, 4.854, 4.011, 3.154, 4.36, 7.172, 7.86, 8.28, 9.983, 11.682, 12.118, 11.265, 10.404, 10.767, 11.748, 10.808, 10.306, 10.577, 10.171, 8.663, 8.923, 9.719, 9.258, 8.844, 11.118, 14.087, 13.8, 11.869, 11.644, 11.79, 10.748, 8.647, 9.204, 9.032, 7.558, 7.096, 8.598, 10.67, 11.919, 10.863, 8.93, 8.573, 8.225, 7.99, 7.272, 8.994, 9.664, 8.322, 6.275, 4.663, 4.537, 5.552, 6.214, 8.12, 12.459, 13.547, 13.714, 13.712, 12.815, 11.308, 10.111, 10.758, 10.41, 9.313], [11.672, 10.988, 10.632, 9.501, 8.705, 8.644, 8.083, 6.824, 5.503, 2.53, 0.0, 1.172, 2.193, 3.298, 3.751, 4.065, 5.06, 6.034, 8.1, 9.707, 9.691, 8.675, 8.787, 8.552, 7.864, 7.626, 9.13, 11.166, 11.615, 13.174, 13.444, 13.416, 15.634, 19.289, 21.497, 22.752, 24.206, 23.986, 23.487, 23.3, 23.323, 23.608, 24.084, 24.437, 25.104, 26.127, 28.469, 27.827, 23.709, 21.705, 21.006, 19.645, 18.295, 17.078, 17.165, 16.752, 15.638, 16.292, 17.726, 16.063, 15.276, 13.658, 10.099, 10.222, 11.197, 8.714, 5.268, 3.901, 4.104, 5.962, 6.107, 6.375, 7.601, 9.459, 10.244, 9.753, 10.888, 11.135, 10.967, 12.278, 10.759, 7.586, 6.415, 6.747, 5.981, 4.883, 6.238, 9.224, 9.937, 10.3, 11.936, 13.78, 14.32, 13.601, 12.547, 12.83, 13.595, 12.64, 12.161, 12.559, 12.228, 10.782, 10.929, 11.815, 11.506, 10.969, 13.004, 16.069, 16.005, 13.876, 13.497, 13.751, 12.911, 10.994, 11.522, 11.295, 9.537, 8.974, 10.525, 12.678, 13.81, 13.023, 11.078, 10.783, 10.372, 10.093, 9.424, 10.961, 11.554, 10.182, 8.101, 6.436, 6.521, 7.578, 8.279, 10.201, 14.673, 15.563, 15.868, 15.837, 14.951, 13.658, 12.275, 12.952, 12.725, 11.462], [10.944, 10.46, 10.271, 8.903, 8.416, 8.567, 8.134, 6.905, 5.147, 2.616, 1.172, 0.0, 2.204, 3.317, 3.746, 3.844, 4.342, 5.829, 7.45, 8.979, 9.099, 8.262, 8.125, 8.092, 7.724, 7.632, 8.623, 10.451, 10.905, 12.473, 12.882, 12.835, 14.979, 18.588, 20.789, 22.051, 23.455, 23.283, 22.822, 22.636, 22.682, 22.928, 23.42, 23.757, 24.519, 25.531, 27.796, 27.179, 23.058, 21.008, 20.346, 18.969, 17.598, 16.402, 16.491, 15.974, 14.939, 15.621, 17.053, 15.388, 14.606, 12.952, 9.622, 9.583, 10.544, 8.064, 5.037, 3.897, 4.234, 5.688, 5.935, 6.119, 7.217, 8.831, 9.587, 9.082, 10.216, 10.458, 10.333, 11.617, 10.043, 6.814, 6.027, 6.169, 5.552, 4.967, 5.862, 8.467, 9.277, 9.695, 11.274, 13.09, 13.678, 12.93, 11.875, 12.116, 12.984, 12.04, 11.475, 11.852, 11.47, 10.095, 10.286, 11.053, 10.821, 10.517, 12.309, 15.345, 15.31, 13.108, 13.106, 13.182, 12.21, 10.346, 11.003, 10.633, 8.862, 8.416, 10.086, 12.192, 13.142, 12.417, 10.815, 10.304, 9.911, 9.578, 9.038, 10.509, 11.443, 10.313, 8.14, 6.254, 6.363, 7.183, 7.979, 9.659, 13.938, 14.889, 15.079, 15.067, 14.274, 12.99, 11.575, 12.259, 12.045, 10.793], [10.295, 9.459, 9.103, 8.086, 7.251, 7.209, 6.483, 5.6, 4.276, 1.422, 2.193, 2.204, 0.0, 1.462, 1.947, 2.501, 3.687, 4.776, 6.97, 8.441, 8.125, 7.191, 7.599, 7.057, 6.343, 6.127, 7.894, 9.735, 10.181, 11.688, 11.946, 11.905, 14.386, 18.069, 20.318, 21.584, 22.883, 22.753, 22.38, 22.193, 22.186, 22.461, 22.976, 23.326, 23.948, 24.952, 27.361, 26.738, 22.565, 20.564, 19.903, 18.544, 17.131, 15.977, 16.028, 15.457, 14.316, 15.163, 16.601, 14.963, 14.163, 12.218, 8.642, 8.816, 9.871, 7.252, 3.782, 2.393, 2.793, 4.531, 4.656, 4.888, 6.256, 8.191, 8.93, 8.566, 9.78, 10.029, 9.872, 11.144, 9.609, 6.251, 4.982, 5.242, 4.374, 3.334, 4.889, 7.982, 8.833, 9.166, 10.779, 12.692, 13.219, 12.48, 11.444, 11.662, 12.452, 11.379, 10.724, 11.101, 10.791, 9.402, 9.526, 10.517, 10.36, 9.748, 11.571, 14.582, 14.858, 12.515, 11.883, 12.144, 11.701, 9.85, 10.414, 10.084, 8.16, 7.455, 8.901, 11.054, 12.399, 11.912, 9.834, 9.332, 9.09, 8.616, 8.114, 9.572, 9.93, 8.523, 6.233, 4.813, 4.835, 5.877, 6.691, 8.661, 13.405, 14.407, 14.482, 14.539, 13.772, 12.55, 11.108, 11.807, 11.619, 10.362], [10.507, 9.277, 8.791, 8.081, 7.362, 6.996, 6.165, 5.824, 4.522, 2.271, 3.298, 3.317, 1.462, 0.0, 1.025, 2.203, 3.921, 4.997, 7.222, 8.686, 7.967, 6.932, 7.58, 6.8, 5.785, 5.946, 8.108, 9.934, 10.191, 11.414, 11.646, 11.881, 14.631, 18.314, 20.563, 21.829, 23.112, 22.989, 22.625, 22.438, 22.431, 22.706, 23.222, 23.563, 24.14, 25.145, 27.606, 26.975, 22.81, 20.809, 20.148, 18.801, 17.387, 16.233, 16.284, 15.632, 14.525, 15.415, 16.86, 15.222, 14.421, 12.1, 8.406, 8.798, 9.873, 7.33, 3.597, 1.855, 2.115, 4.107, 4.323, 4.558, 5.961, 8.264, 9.169, 8.788, 10.025, 10.274, 10.117, 11.389, 9.846, 6.46, 4.901, 5.156, 4.093, 2.843, 4.93, 8.206, 9.087, 9.4, 11.014, 12.951, 13.479, 12.732, 11.68, 11.921, 12.699, 11.553, 10.8, 11.146, 11.005, 9.447, 9.592, 10.716, 10.606, 9.964, 11.665, 14.658, 15.104, 12.564, 11.495, 11.841, 11.946, 10.095, 10.669, 10.326, 8.267, 7.423, 8.598, 10.825, 12.551, 12.157, 9.989, 9.5, 9.318, 8.663, 8.353, 9.622, 9.634, 7.93, 6.07, 4.726, 4.51, 5.639, 6.34, 8.528, 13.625, 14.65, 14.6, 14.757, 14.017, 12.795, 11.354, 12.055, 11.871, 10.62], [10.121, 8.885, 8.418, 7.67, 6.951, 6.605, 5.892, 5.429, 4.135, 2.594, 3.751, 3.746, 1.947, 1.025, 0.0, 1.693, 3.486, 4.561, 6.827, 8.289, 7.563, 6.339, 7.128, 6.157, 5.298, 5.543, 7.67, 9.531, 9.795, 11.001, 11.254, 11.539, 14.244, 17.928, 20.176, 21.443, 22.726, 22.6, 22.238, 22.051, 22.045, 22.319, 22.835, 23.173, 23.754, 24.759, 27.22, 26.578, 22.423, 20.423, 19.762, 18.405, 16.987, 15.837, 15.888, 15.246, 14.139, 15.016, 16.462, 14.824, 14.023, 11.713, 8.007, 8.428, 9.479, 6.958, 3.224, 1.556, 1.739, 3.394, 3.87, 4.129, 5.522, 7.823, 8.754, 8.387, 9.639, 9.887, 9.73, 11.002, 9.45, 6.074, 4.604, 4.777, 3.729, 2.425, 4.529, 7.791, 8.677, 9.004, 10.609, 12.511, 13.08, 12.341, 11.291, 11.523, 12.277, 11.148, 10.409, 10.779, 10.616, 9.06, 9.189, 10.33, 10.22, 9.576, 11.266, 14.302, 14.717, 12.168, 10.972, 11.408, 11.56, 9.708, 10.273, 9.94, 7.88, 7.048, 8.171, 10.437, 12.157, 11.771, 9.602, 9.113, 8.931, 8.277, 7.967, 9.236, 9.093, 7.542, 5.724, 4.293, 4.027, 5.177, 5.841, 8.145, 13.238, 14.263, 14.202, 14.36, 13.63, 12.402, 10.965, 11.663, 11.475, 10.223], [8.764, 7.782, 7.574, 6.388, 5.744, 5.609, 5.034, 4.163, 2.672, 2.321, 4.065, 3.844, 2.501, 2.203, 1.693, 0.0, 2.207, 3.262, 5.283, 6.719, 6.34, 5.333, 5.848, 5.279, 4.786, 4.556, 6.37, 8.177, 8.554, 9.822, 10.085, 10.393, 12.853, 16.463, 18.624, 19.868, 21.183, 21.199, 20.679, 20.474, 20.614, 20.738, 21.279, 21.66, 22.458, 23.469, 25.636, 25.075, 20.918, 18.837, 18.214, 16.806, 15.392, 14.241, 14.339, 13.718, 12.82, 13.494, 14.981, 13.232, 12.439, 10.565, 6.987, 7.276, 8.252, 5.731, 2.343, 1.804, 1.973, 2.835, 3.03, 3.374, 4.47, 6.691, 7.462, 7.027, 8.067, 8.297, 8.213, 9.557, 7.907, 4.748, 3.875, 3.72, 3.13, 1.931, 3.114, 6.231, 7.137, 7.6, 9.173, 10.977, 11.55, 10.766, 9.736, 9.981, 10.924, 9.923, 9.206, 9.498, 9.253, 7.519, 7.78, 8.816, 8.666, 8.092, 10.041, 13.0, 13.215, 10.672, 10.21, 10.37, 10.044, 8.123, 8.687, 8.368, 6.539, 5.921, 7.285, 9.395, 10.957, 10.188, 8.186, 7.738, 7.465, 6.911, 6.473, 7.843, 8.357, 6.895, 4.963, 3.356, 3.182, 4.296, 4.957, 6.885, 11.68, 12.764, 12.649, 12.84, 12.149, 10.803, 9.424, 10.134, 9.892, 8.65], [7.096, 6.918, 6.748, 5.4, 4.769, 4.994, 4.502, 3.251, 2.125, 2.985, 5.06, 4.342, 3.687, 3.921, 3.486, 2.207, 0.0, 2.065, 3.603, 4.965, 5.363, 4.736, 4.508, 4.647, 4.265, 4.035, 5.045, 6.763, 7.113, 8.68, 9.253, 9.185, 11.042, 14.569, 16.844, 18.002, 19.378, 19.374, 18.768, 18.666, 18.77, 18.913, 19.371, 19.835, 20.593, 21.626, 23.822, 23.293, 19.089, 17.033, 16.301, 14.949, 13.507, 12.404, 12.438, 11.869, 10.916, 11.615, 13.192, 11.374, 10.647, 9.234, 6.082, 5.866, 6.673, 4.335, 2.161, 3.269, 3.316, 2.897, 2.733, 2.701, 3.809, 5.033, 5.705, 5.219, 6.29, 6.467, 6.388, 7.735, 6.145, 3.151, 3.495, 3.177, 2.654, 2.25, 2.236, 4.627, 5.325, 5.803, 7.393, 9.136, 9.68, 8.883, 7.946, 8.169, 9.136, 8.15, 7.565, 7.836, 7.447, 6.272, 6.657, 7.23, 6.924, 6.772, 8.522, 11.421, 11.277, 9.251, 9.564, 9.535, 8.236, 6.499, 7.212, 6.873, 5.07, 4.832, 6.474, 8.529, 9.367, 8.685, 7.106, 6.517, 6.111, 5.758, 5.154, 6.831, 7.814, 6.665, 4.708, 3.137, 2.905, 3.489, 4.287, 6.003, 9.931, 10.984, 11.019, 11.106, 10.268, 9.001, 7.516, 8.206, 8.021, 6.86], [6.35, 5.766, 5.48, 4.259, 3.518, 3.621, 3.105, 2.34, 2.239, 3.862, 6.034, 5.829, 4.776, 4.997, 4.561, 3.262, 2.065, 0.0, 2.543, 3.95, 4.123, 3.352, 3.952, 3.557, 2.924, 2.767, 3.938, 5.756, 6.303, 7.854, 8.145, 8.145, 10.292, 13.84, 16.011, 17.163, 18.593, 18.679, 17.972, 17.837, 18.044, 18.114, 18.599, 19.034, 19.825, 20.916, 22.964, 22.483, 18.328, 16.176, 15.519, 13.903, 12.491, 11.334, 11.56, 11.117, 10.121, 10.71, 12.444, 10.562, 9.75, 8.421, 4.944, 4.987, 5.968, 3.383, 2.827, 4.349, 4.056, 3.054, 2.321, 2.104, 2.581, 4.336, 4.982, 4.489, 5.396, 5.58, 5.528, 7.003, 5.31, 2.775, 2.951, 2.659, 2.355, 2.744, 1.527, 3.732, 4.512, 4.904, 6.488, 8.214, 8.723, 8.005, 7.119, 7.43, 8.41, 7.419, 6.856, 7.133, 6.704, 5.24, 5.513, 6.325, 5.952, 5.47, 7.706, 10.628, 10.542, 8.431, 8.251, 8.354, 7.284, 5.406, 5.942, 5.687, 4.085, 3.929, 5.188, 7.259, 8.497, 7.578, 5.723, 5.187, 4.872, 4.912, 4.256, 5.676, 6.368, 5.668, 4.467, 3.563, 3.237, 3.164, 3.126, 4.683, 9.012, 10.236, 10.294, 10.282, 9.498, 7.936, 6.754, 7.395, 7.072, 6.034], [4.146, 3.914, 3.775, 2.64, 2.831, 3.009, 2.898, 2.691, 3.467, 5.881, 8.1, 7.45, 6.97, 7.222, 6.827, 5.283, 3.603, 2.543, 0.0, 1.883, 2.673, 2.472, 2.662, 2.494, 2.87, 2.642, 2.411, 3.651, 4.198, 5.765, 6.247, 6.143, 7.913, 11.385, 13.628, 14.74, 16.286, 16.225, 15.478, 15.374, 15.536, 15.667, 16.064, 16.547, 17.361, 18.407, 20.527, 20.015, 15.872, 13.746, 13.03, 11.6, 10.214, 9.075, 9.211, 8.855, 7.871, 8.359, 9.99, 8.093, 7.363, 6.328, 3.077, 3.015, 3.833, 2.227, 4.271, 6.432, 6.156, 4.539, 3.616, 3.246, 2.248, 2.166, 2.927, 2.634, 3.596, 3.724, 3.338, 4.495, 2.931, 1.95, 2.879, 2.494, 3.349, 4.654, 2.699, 1.662, 2.116, 2.583, 4.264, 5.897, 6.397, 5.561, 4.663, 4.993, 5.97, 5.046, 4.695, 4.937, 4.561, 3.253, 3.784, 4.233, 3.72, 4.4, 5.651, 8.402, 8.084, 6.221, 6.621, 6.562, 5.038, 3.462, 3.854, 4.068, 3.517, 3.544, 4.485, 5.652, 6.212, 5.367, 4.652, 4.245, 3.705, 4.536, 4.101, 4.702, 5.975, 5.76, 5.108, 4.697, 4.821, 3.924, 3.666, 3.377, 6.767, 7.769, 8.121, 8.104, 7.088, 5.595, 4.379, 4.942, 4.678, 3.713], [2.922, 2.899, 2.993, 2.757, 2.991, 3.107, 3.454, 3.544, 4.662, 7.449, 9.707, 8.979, 8.441, 8.686, 8.289, 6.719, 4.965, 3.95, 1.883, 0.0, 1.684, 2.431, 2.139, 2.447, 3.521, 3.329, 2.457, 2.409, 2.803, 4.353, 5.01, 4.935, 6.453, 9.929, 12.165, 13.333, 14.729, 14.758, 14.072, 13.981, 14.135, 14.233, 14.698, 15.162, 15.912, 17.003, 19.133, 18.622, 14.431, 12.336, 11.62, 10.129, 8.707, 7.617, 7.663, 7.412, 6.347, 6.849, 8.555, 6.688, 5.949, 4.92, 2.221, 1.982, 2.453, 3.108, 5.414, 7.873, 7.578, 5.806, 4.754, 4.407, 3.331, 1.779, 1.923, 1.928, 2.667, 2.876, 2.587, 3.246, 1.907, 2.604, 4.062, 3.719, 4.774, 6.093, 3.859, 1.379, 1.408, 1.654, 2.908, 4.53, 4.961, 4.128, 3.314, 3.531, 4.5, 3.556, 3.347, 3.443, 3.106, 2.869, 3.382, 3.634, 3.684, 4.396, 5.089, 6.92, 6.631, 5.184, 5.645, 5.334, 3.978, 3.368, 3.489, 3.878, 3.723, 4.181, 4.728, 5.215, 5.264, 4.864, 4.558, 4.259, 3.907, 4.826, 4.559, 4.678, 6.035, 6.082, 5.866, 5.639, 5.668, 4.845, 4.598, 3.649, 5.237, 6.333, 6.69, 6.665, 5.646, 4.243, 3.056, 3.509, 3.408, 3.226], [2.91, 2.242, 2.452, 2.789, 3.149, 2.736, 3.237, 3.943, 4.966, 7.575, 9.691, 9.099, 8.125, 7.967, 7.563, 6.34, 5.363, 4.123, 2.673, 1.684, 0.0, 1.551, 2.262, 1.797, 2.801, 2.931, 3.002, 2.902, 3.023, 4.021, 4.266, 4.43, 6.973, 10.543, 12.827, 13.968, 15.291, 15.332, 14.735, 14.644, 14.762, 14.897, 15.366, 15.794, 16.527, 17.597, 19.797, 19.285, 15.081, 12.993, 12.299, 10.866, 9.445, 8.309, 8.414, 7.772, 6.819, 7.561, 9.186, 7.349, 6.607, 4.697, 1.889, 1.738, 2.592, 3.68, 5.235, 7.159, 6.87, 5.086, 4.211, 3.879, 2.973, 2.668, 2.565, 2.78, 3.599, 3.865, 3.817, 4.262, 2.999, 2.968, 3.567, 3.273, 4.077, 5.367, 3.596, 2.1, 2.675, 2.773, 3.405, 5.164, 5.66, 4.817, 3.958, 4.168, 5.127, 4.314, 3.527, 3.807, 3.532, 3.085, 3.428, 4.152, 4.675, 4.883, 5.367, 7.12, 7.274, 5.408, 4.517, 4.346, 4.87, 4.275, 4.068, 4.362, 4.43, 4.265, 4.362, 4.51, 5.627, 5.153, 4.624, 4.386, 4.474, 4.92, 5.267, 4.804, 5.644, 5.776, 5.77, 5.489, 5.167, 4.499, 4.188, 3.42, 5.848, 6.972, 6.754, 6.95, 6.237, 4.974, 3.998, 4.436, 4.543, 4.551], [4.122, 3.231, 2.877, 2.997, 3.304, 2.772, 2.993, 3.702, 4.642, 6.775, 8.675, 8.262, 7.191, 6.932, 6.339, 5.333, 4.736, 3.352, 2.472, 2.431, 1.551, 0.0, 2.108, 1.436, 1.891, 2.615, 3.158, 3.683, 3.942, 5.227, 5.457, 5.698, 8.211, 11.857, 13.967, 15.262, 16.577, 16.557, 16.073, 15.866, 15.987, 16.111, 16.673, 17.024, 17.816, 18.827, 20.992, 20.415, 16.276, 14.216, 13.608, 12.169, 10.769, 9.62, 9.713, 9.112, 8.197, 8.888, 10.327, 8.607, 7.793, 5.912, 2.488, 2.646, 3.643, 3.682, 4.75, 5.957, 5.683, 4.222, 3.722, 3.254, 2.627, 3.016, 2.982, 2.986, 4.003, 4.455, 4.351, 5.066, 3.641, 2.598, 2.866, 2.524, 3.161, 4.239, 3.214, 2.302, 3.182, 3.41, 4.579, 6.399, 6.927, 6.159, 5.09, 5.364, 6.27, 5.35, 4.565, 4.883, 4.638, 3.708, 3.779, 4.735, 5.219, 5.124, 5.953, 8.358, 8.597, 6.278, 5.117, 5.49, 5.58, 4.608, 4.495, 4.93, 4.765, 4.364, 4.421, 5.025, 6.577, 5.934, 4.886, 4.785, 4.662, 5.252, 5.341, 5.11, 5.434, 5.498, 5.637, 5.14, 4.867, 4.148, 3.786, 3.54, 7.033, 8.1, 8.042, 8.233, 7.526, 6.184, 4.95, 5.554, 5.413, 4.989], [3.722, 3.493, 3.371, 3.249, 3.56, 3.248, 3.787, 4.079, 4.955, 7.131, 8.787, 8.125, 7.599, 7.58, 7.128, 5.848, 4.508, 3.952, 2.662, 2.139, 2.262, 2.108, 0.0, 2.044, 3.098, 3.24, 3.112, 3.467, 3.24, 4.673, 5.544, 5.558, 7.242, 10.938, 13.143, 14.402, 15.706, 15.609, 15.194, 15.016, 15.026, 15.287, 15.795, 16.14, 16.81, 17.821, 20.185, 19.546, 15.387, 13.387, 12.719, 11.359, 9.945, 8.831, 8.867, 8.213, 7.24, 7.983, 9.413, 7.776, 6.988, 4.999, 2.662, 2.361, 2.815, 3.602, 4.894, 6.72, 6.426, 5.19, 4.317, 3.875, 3.049, 2.472, 2.212, 2.083, 3.076, 3.624, 3.347, 4.236, 2.838, 2.151, 3.01, 2.718, 3.969, 5.047, 3.568, 2.34, 2.385, 2.606, 3.754, 5.71, 6.224, 5.294, 4.3, 4.475, 5.233, 4.28, 3.694, 3.984, 3.829, 3.567, 4.079, 4.691, 5.12, 5.402, 5.868, 7.548, 7.84, 6.085, 6.177, 5.971, 5.3, 4.685, 4.764, 4.888, 4.639, 4.716, 5.293, 5.885, 6.364, 6.18, 5.422, 5.194, 4.995, 5.594, 5.645, 5.233, 6.473, 6.599, 6.469, 5.618, 5.704, 5.045, 4.921, 4.225, 6.206, 7.233, 7.232, 7.375, 6.681, 5.384, 3.943, 4.643, 4.502, 4.142], [4.16, 3.022, 2.568, 2.53, 2.804, 2.393, 2.578, 3.495, 4.394, 6.902, 8.552, 8.092, 7.057, 6.8, 6.157, 5.279, 4.647, 3.557, 2.494, 2.447, 1.797, 1.436, 2.044, 0.0, 1.663, 2.24, 2.637, 3.542, 3.85, 5.07, 5.322, 5.604, 8.234, 11.905, 14.153, 15.418, 16.703, 16.577, 16.21, 16.028, 16.022, 16.296, 16.811, 17.15, 17.789, 18.793, 21.197, 20.555, 16.401, 14.4, 13.736, 12.375, 10.961, 9.807, 9.858, 9.219, 8.135, 8.991, 10.431, 8.793, 7.998, 5.762, 2.191, 2.65, 3.517, 3.211, 4.318, 5.765, 5.442, 3.787, 3.2, 2.91, 2.193, 2.598, 3.098, 3.137, 4.074, 4.443, 4.305, 5.036, 3.716, 2.392, 2.697, 2.501, 3.05, 4.113, 2.987, 2.235, 2.874, 3.106, 4.611, 6.613, 7.157, 6.316, 5.271, 5.514, 6.242, 5.162, 4.375, 4.807, 4.596, 3.292, 3.634, 4.662, 4.859, 4.938, 5.652, 8.26, 8.694, 6.249, 5.343, 5.414, 5.694, 4.368, 4.587, 4.599, 4.119, 3.773, 3.963, 4.883, 6.36, 6.132, 4.815, 4.42, 4.288, 4.761, 5.0, 4.722, 5.181, 5.19, 5.382, 4.954, 4.517, 4.012, 3.7, 3.189, 7.215, 8.24, 8.174, 8.336, 7.607, 6.372, 4.944, 5.638, 5.454, 4.638], [5.274, 4.016, 3.382, 2.915, 2.441, 1.893, 1.886, 2.842, 4.05, 6.247, 7.864, 7.724, 6.343, 5.785, 5.298, 4.786, 4.265, 2.924, 2.87, 3.521, 2.801, 1.891, 3.098, 1.663, 0.0, 1.553, 2.912, 4.679, 4.936, 6.095, 6.345, 6.648, 9.395, 13.078, 15.33, 16.593, 17.878, 17.754, 17.385, 17.205, 17.198, 17.471, 17.986, 18.327, 18.896, 19.912, 22.374, 21.732, 17.574, 15.577, 14.911, 13.55, 12.136, 10.982, 11.033, 10.394, 9.272, 10.185, 11.606, 9.968, 9.175, 6.817, 3.052, 3.484, 4.544, 2.913, 3.656, 4.859, 4.446, 2.992, 2.556, 2.275, 1.947, 3.378, 4.123, 4.049, 5.144, 5.456, 5.216, 6.205, 4.759, 3.179, 3.126, 2.96, 2.685, 3.215, 2.404, 3.037, 3.893, 4.177, 5.8, 7.765, 8.295, 7.486, 6.444, 6.667, 7.404, 6.265, 5.524, 5.913, 5.76, 4.214, 4.343, 5.482, 5.426, 4.825, 6.407, 9.426, 9.864, 7.289, 6.054, 6.48, 6.706, 4.911, 5.427, 5.152, 4.354, 3.565, 3.752, 5.566, 7.281, 6.924, 4.921, 4.36, 4.305, 4.491, 4.596, 4.608, 4.573, 4.348, 4.706, 4.368, 3.773, 3.252, 2.893, 3.428, 8.392, 9.417, 9.351, 9.513, 8.781, 7.565, 6.12, 6.82, 6.639, 5.597], [4.672, 3.544, 3.181, 2.267, 1.534, 1.521, 1.056, 1.958, 3.677, 5.903, 7.626, 7.632, 6.127, 5.946, 5.543, 4.556, 4.035, 2.767, 2.642, 3.329, 2.931, 2.615, 3.24, 2.24, 1.553, 0.0, 2.202, 4.097, 4.386, 5.702, 5.959, 6.176, 8.787, 12.479, 14.719, 15.979, 17.264, 17.143, 16.771, 16.593, 16.587, 16.857, 17.372, 17.716, 18.308, 19.314, 21.762, 21.122, 16.966, 14.964, 14.296, 12.936, 11.522, 10.368, 10.419, 9.78, 8.727, 9.558, 10.991, 9.353, 8.564, 6.325, 2.703, 3.18, 4.044, 2.245, 3.234, 5.158, 4.823, 3.474, 2.404, 2.2, 1.721, 3.097, 4.214, 3.92, 5.064, 5.294, 4.913, 5.64, 4.243, 3.332, 3.371, 3.161, 3.094, 3.393, 2.007, 2.696, 3.377, 3.686, 5.263, 7.274, 7.738, 6.875, 5.889, 6.087, 6.789, 5.693, 4.963, 5.342, 5.18, 3.609, 3.762, 4.868, 4.751, 4.111, 5.822, 8.872, 9.249, 6.727, 5.938, 6.224, 6.077, 4.251, 4.816, 4.482, 3.417, 2.823, 3.116, 5.175, 6.724, 6.312, 4.17, 3.681, 3.628, 3.251, 3.364, 3.86, 4.114, 3.574, 3.641, 3.44, 3.379, 2.802, 2.528, 2.981, 7.782, 8.806, 8.745, 8.903, 8.165, 6.94, 5.505, 6.209, 6.021, 4.797], [2.741, 2.374, 2.089, 1.196, 1.243, 1.98, 2.16, 2.756, 4.492, 7.355, 9.13, 8.623, 7.894, 8.108, 7.67, 6.37, 5.045, 3.938, 2.411, 2.457, 3.002, 3.158, 3.112, 2.637, 2.912, 2.202, 0.0, 2.262, 2.626, 4.254, 4.618, 4.605, 6.648, 10.348, 12.576, 13.836, 15.178, 15.02, 14.628, 14.45, 14.454, 14.72, 15.229, 15.573, 16.223, 17.228, 19.619, 18.979, 14.821, 12.821, 12.156, 10.792, 9.379, 8.225, 8.278, 7.73, 6.657, 7.414, 8.847, 7.21, 6.422, 4.707, 1.955, 2.35, 2.477, 1.611, 4.72, 7.233, 6.937, 5.139, 3.93, 3.683, 2.506, 2.311, 3.71, 3.566, 4.442, 4.692, 4.031, 4.005, 3.064, 3.055, 3.902, 3.753, 4.46, 5.513, 3.377, 1.762, 2.359, 2.285, 3.524, 5.587, 6.02, 4.931, 4.592, 4.507, 4.665, 3.639, 3.084, 3.476, 3.151, 1.921, 1.993, 2.857, 2.676, 2.606, 4.02, 6.982, 7.117, 4.835, 4.803, 4.972, 3.953, 2.293, 2.75, 2.729, 2.26, 2.268, 2.701, 3.973, 4.736, 4.239, 2.969, 2.481, 2.222, 2.964, 2.829, 2.763, 3.88, 3.906, 3.91, 4.182, 4.633, 3.67, 3.225, 2.09, 5.671, 6.667, 6.84, 6.824, 6.03, 4.821, 3.367, 4.066, 3.906, 2.999], [2.138, 2.179, 2.277, 2.524, 3.048, 3.695, 3.915, 4.623, 6.302, 9.227, 11.166, 10.451, 9.735, 9.934, 9.531, 8.177, 6.763, 5.756, 3.651, 2.409, 2.902, 3.683, 3.467, 3.542, 4.679, 4.097, 2.262, 0.0, 1.236, 2.468, 2.86, 2.84, 4.855, 8.425, 10.687, 11.974, 13.219, 13.102, 12.713, 12.535, 12.542, 12.813, 13.314, 13.663, 14.351, 15.355, 17.712, 17.103, 12.958, 10.942, 10.239, 8.878, 7.464, 6.388, 6.401, 5.969, 4.839, 5.526, 6.968, 5.301, 4.523, 2.913, 2.256, 2.091, 1.687, 2.813, 6.536, 9.106, 8.833, 7.032, 5.801, 5.558, 4.288, 2.58, 3.261, 3.374, 4.238, 4.472, 3.827, 3.113, 2.506, 4.091, 5.297, 4.937, 6.182, 7.358, 5.196, 2.536, 2.885, 2.612, 2.755, 4.633, 4.764, 3.925, 4.009, 3.978, 3.417, 2.276, 1.885, 1.991, 1.639, 1.865, 1.935, 2.263, 2.605, 3.085, 3.417, 5.047, 5.315, 3.693, 3.471, 3.324, 2.95, 2.249, 2.217, 2.588, 2.559, 2.932, 3.057, 3.507, 3.651, 3.44, 3.139, 2.826, 2.531, 3.258, 3.144, 3.072, 4.296, 4.293, 4.42, 5.592, 6.052, 4.981, 4.376, 2.324, 3.744, 4.813, 5.011, 5.054, 4.18, 2.944, 2.266, 2.456, 2.483, 2.662], [1.957, 1.962, 2.094, 2.585, 3.123, 3.479, 4.151, 5.079, 6.827, 9.726, 11.615, 10.905, 10.181, 10.191, 9.795, 8.554, 7.113, 6.303, 4.198, 2.803, 3.023, 3.942, 3.24, 3.85, 4.936, 4.386, 2.626, 1.236, 0.0, 1.86, 2.495, 2.503, 4.475, 8.15, 10.417, 11.663, 12.964, 12.857, 12.45, 12.276, 12.274, 12.542, 13.051, 13.43, 13.976, 14.981, 17.448, 16.843, 12.646, 10.645, 9.975, 8.614, 7.201, 6.053, 6.098, 5.468, 4.37, 5.253, 6.693, 5.038, 4.311, 2.31, 2.189, 2.006, 1.263, 3.257, 6.813, 9.381, 9.096, 7.301, 6.062, 5.82, 4.563, 2.919, 3.447, 3.62, 4.431, 4.682, 4.078, 3.391, 2.864, 4.401, 5.564, 5.233, 6.527, 7.703, 5.537, 2.744, 3.05, 2.406, 2.607, 4.682, 4.8, 3.934, 3.876, 3.73, 3.401, 2.154, 1.628, 1.672, 1.294, 1.719, 1.922, 2.098, 2.733, 3.024, 3.192, 4.664, 5.065, 3.402, 3.15, 2.983, 2.729, 2.563, 2.456, 2.496, 2.842, 3.257, 3.072, 3.207, 3.529, 3.438, 3.032, 2.918, 2.843, 3.283, 3.608, 2.871, 4.114, 4.335, 4.882, 5.851, 6.307, 5.255, 4.583, 2.627, 3.519, 4.511, 4.516, 4.603, 3.864, 2.687, 2.109, 2.382, 2.515, 2.998], [2.056, 2.312, 2.861, 3.744, 4.55, 4.601, 5.436, 6.538, 8.315, 11.255, 13.174, 12.473, 11.688, 11.414, 11.001, 9.822, 8.68, 7.854, 5.765, 4.353, 4.021, 5.227, 4.673, 5.07, 6.095, 5.702, 4.254, 2.468, 1.86, 0.0, 1.231, 1.561, 3.513, 7.197, 9.493, 10.712, 12.003, 11.933, 11.508, 11.352, 11.351, 11.593, 12.104, 12.507, 13.023, 14.04, 16.524, 15.919, 11.692, 9.72, 9.031, 7.687, 6.282, 5.126, 5.173, 4.515, 3.408, 4.366, 5.859, 4.18, 3.434, 1.301, 3.162, 3.137, 2.347, 4.744, 8.074, 10.313, 10.028, 8.242, 7.263, 7.135, 5.704, 4.392, 4.819, 4.992, 5.852, 6.068, 5.397, 4.486, 4.081, 5.847, 6.876, 6.509, 7.701, 8.918, 7.049, 4.308, 4.575, 3.779, 2.665, 4.239, 4.141, 3.465, 3.806, 4.028, 3.261, 1.963, 1.692, 1.915, 1.906, 2.968, 2.655, 2.186, 3.206, 3.478, 2.85, 3.598, 4.206, 2.798, 2.138, 1.943, 2.538, 3.299, 2.826, 3.095, 4.192, 4.376, 3.327, 2.465, 2.832, 2.862, 3.081, 3.314, 3.66, 4.142, 4.459, 3.163, 3.883, 4.737, 6.065, 7.177, 7.36, 6.473, 5.771, 3.793, 2.848, 3.662, 3.635, 3.777, 3.071, 2.333, 2.545, 2.642, 3.39, 4.5], [2.422, 2.553, 3.137, 4.037, 4.84, 4.885, 5.675, 6.826, 8.599, 11.538, 13.444, 12.882, 11.946, 11.646, 11.254, 10.085, 9.253, 8.145, 6.247, 5.01, 4.266, 5.457, 5.544, 5.322, 6.345, 5.959, 4.618, 2.86, 2.495, 1.231, 0.0, 1.111, 3.166, 6.831, 9.126, 10.347, 11.635, 11.566, 11.142, 10.985, 10.989, 11.225, 11.739, 12.139, 12.657, 13.672, 16.157, 15.552, 11.337, 9.367, 8.683, 7.348, 5.951, 4.761, 4.808, 4.15, 3.096, 4.035, 5.526, 3.878, 3.31, 1.73, 3.424, 3.668, 3.1, 5.168, 8.459, 10.678, 10.392, 8.608, 7.507, 7.381, 5.973, 5.071, 5.643, 5.908, 6.74, 6.842, 6.165, 5.19, 4.866, 6.347, 7.117, 6.791, 7.945, 9.146, 7.314, 4.939, 5.407, 4.614, 3.458, 4.609, 4.62, 4.215, 4.364, 4.491, 3.776, 2.893, 2.454, 2.778, 2.577, 3.212, 2.833, 2.438, 3.299, 3.493, 2.71, 3.32, 4.192, 2.752, 1.434, 1.434, 2.678, 3.574, 2.853, 3.144, 4.478, 4.561, 3.382, 2.144, 2.702, 2.649, 2.976, 3.257, 3.686, 4.111, 4.577, 2.951, 3.597, 4.679, 6.228, 7.347, 7.521, 6.639, 5.941, 3.83, 2.871, 3.484, 3.334, 3.477, 2.93, 2.932, 3.463, 3.506, 4.288, 5.313], [2.245, 2.729, 3.326, 4.15, 4.87, 5.067, 5.817, 6.805, 8.588, 11.527, 13.416, 12.835, 11.905, 11.881, 11.539, 10.393, 9.185, 8.145, 6.143, 4.935, 4.43, 5.698, 5.558, 5.604, 6.648, 6.176, 4.605, 2.84, 2.503, 1.561, 1.111, 0.0, 2.863, 6.444, 8.731, 9.96, 11.243, 11.171, 10.755, 10.59, 10.615, 10.836, 11.366, 11.749, 12.27, 13.277, 15.762, 15.157, 10.967, 8.99, 8.313, 6.979, 5.593, 4.391, 4.421, 3.93, 2.823, 3.7, 5.15, 3.587, 3.232, 1.875, 3.68, 3.633, 3.077, 5.11, 8.674, 11.066, 10.78, 8.997, 7.758, 7.547, 6.303, 4.978, 5.548, 5.781, 6.642, 6.78, 6.109, 5.104, 4.779, 6.321, 7.299, 6.962, 8.209, 9.402, 7.421, 4.797, 5.274, 4.481, 3.249, 4.27, 4.516, 4.009, 3.969, 4.228, 3.71, 2.77, 2.411, 2.728, 2.492, 3.206, 2.902, 2.348, 3.204, 3.449, 2.908, 3.095, 4.021, 2.937, 1.91, 1.868, 2.721, 3.508, 2.944, 3.007, 4.495, 4.548, 3.598, 2.614, 2.672, 2.62, 3.264, 3.225, 3.596, 4.094, 4.529, 3.13, 3.915, 4.797, 6.191, 7.532, 7.779, 6.815, 6.187, 3.957, 2.967, 3.107, 3.04, 3.227, 3.026, 2.862, 3.387, 3.45, 4.164, 5.178], [4.135, 5.382, 6.07, 6.597, 7.296, 7.772, 8.491, 8.939, 10.581, 13.645, 15.634, 14.979, 14.386, 14.631, 14.244, 12.853, 11.042, 10.292, 7.913, 6.453, 6.973, 8.211, 7.242, 8.234, 9.395, 8.787, 6.648, 4.855, 4.475, 3.513, 3.166, 2.863, 0.0, 3.714, 6.006, 7.234, 8.623, 8.456, 7.994, 7.842, 7.907, 8.083, 8.606, 9.002, 9.605, 10.63, 13.014, 12.409, 8.202, 6.255, 5.544, 4.314, 3.478, 2.389, 2.071, 2.281, 1.857, 2.164, 2.787, 2.041, 2.405, 2.781, 6.384, 6.01, 4.874, 7.349, 11.236, 13.825, 13.539, 11.755, 10.509, 10.261, 9.002, 6.83, 6.364, 6.692, 7.271, 7.252, 6.511, 5.691, 5.5, 8.272, 9.841, 9.509, 10.84, 12.033, 9.81, 6.696, 6.293, 5.687, 4.058, 4.312, 4.63, 4.09, 4.478, 4.685, 4.21, 3.772, 3.921, 4.033, 3.851, 5.427, 5.166, 4.151, 4.773, 5.202, 3.659, 2.546, 3.194, 3.291, 3.732, 3.331, 3.417, 5.234, 4.657, 4.987, 6.577, 7.214, 6.169, 4.199, 3.07, 3.289, 5.005, 5.533, 5.653, 6.35, 6.514, 5.167, 5.798, 7.184, 8.753, 9.987, 10.374, 9.363, 8.694, 6.401, 2.743, 1.853, 1.92, 2.057, 2.254, 3.188, 4.047, 4.001, 4.941, 6.212], [7.807, 9.065, 9.753, 10.278, 10.98, 11.456, 12.175, 12.593, 14.088, 17.16, 19.289, 18.588, 18.069, 18.314, 17.928, 16.463, 14.569, 13.84, 11.385, 9.929, 10.543, 11.857, 10.938, 11.905, 13.078, 12.479, 10.348, 8.425, 8.15, 7.197, 6.831, 6.444, 3.714, 0.0, 2.685, 4.014, 5.123, 4.91, 4.311, 4.232, 4.401, 4.454, 4.998, 5.414, 6.041, 7.082, 9.34, 8.808, 4.779, 2.887, 2.071, 2.001, 2.204, 2.884, 2.455, 2.993, 3.951, 3.322, 1.908, 3.798, 4.445, 6.279, 10.067, 9.693, 8.538, 11.012, 14.918, 17.508, 17.222, 15.438, 14.192, 13.944, 12.685, 10.297, 9.183, 9.628, 9.283, 9.114, 8.842, 7.65, 8.686, 11.895, 13.525, 13.18, 14.434, 15.712, 13.465, 10.266, 9.52, 9.199, 7.625, 5.972, 6.284, 6.189, 6.935, 6.618, 5.966, 6.828, 7.559, 7.182, 7.365, 8.992, 8.764, 7.679, 7.945, 8.529, 6.681, 3.788, 3.826, 5.9, 7.118, 6.654, 6.688, 8.595, 8.12, 8.306, 10.275, 10.898, 9.837, 7.564, 5.801, 6.389, 8.503, 8.987, 9.12, 9.685, 10.078, 8.721, 8.977, 10.709, 12.303, 13.687, 13.973, 12.958, 12.295, 9.941, 4.936, 3.826, 3.842, 3.683, 4.425, 6.249, 7.151, 6.614, 7.321, 8.911], [10.082, 11.314, 12.002, 12.508, 13.228, 13.704, 14.423, 14.75, 16.319, 19.29, 21.497, 20.789, 20.318, 20.563, 20.176, 18.624, 16.844, 16.011, 13.628, 12.165, 12.827, 13.967, 13.143, 14.153, 15.33, 14.719, 12.576, 10.687, 10.417, 9.493, 9.126, 8.731, 6.006, 2.685, 0.0, 1.742, 2.941, 2.94, 2.216, 2.0, 2.437, 2.44, 2.986, 3.395, 4.081, 5.028, 7.113, 6.502, 2.695, 1.372, 1.435, 2.943, 3.962, 4.922, 4.773, 5.17, 6.295, 5.721, 4.032, 6.163, 6.634, 8.535, 12.316, 11.942, 10.786, 13.276, 17.175, 19.765, 19.478, 17.695, 16.441, 16.193, 14.942, 12.561, 11.503, 11.806, 11.539, 11.41, 11.168, 10.085, 10.858, 14.177, 15.773, 15.436, 16.756, 17.96, 15.663, 12.417, 11.703, 11.362, 9.895, 8.302, 8.642, 8.555, 9.165, 8.785, 8.2, 9.076, 9.808, 9.487, 9.678, 11.217, 10.997, 9.89, 10.239, 10.739, 8.929, 5.93, 5.779, 8.043, 9.373, 8.97, 8.85, 10.764, 10.273, 10.431, 12.552, 13.174, 12.142, 9.898, 8.05, 8.558, 10.706, 11.327, 11.396, 12.032, 12.336, 10.99, 11.221, 12.958, 14.588, 15.886, 16.297, 15.292, 14.602, 12.173, 7.082, 5.983, 6.103, 5.931, 6.685, 8.461, 9.446, 9.024, 9.638, 11.18], [11.322, 12.581, 13.269, 13.775, 14.495, 14.971, 15.69, 16.031, 17.448, 20.467, 22.752, 22.051, 21.584, 21.829, 21.443, 19.868, 18.002, 17.163, 14.74, 13.333, 13.968, 15.262, 14.402, 15.418, 16.593, 15.979, 13.836, 11.974, 11.663, 10.712, 10.347, 9.96, 7.234, 4.014, 1.742, 0.0, 1.811, 2.142, 1.3, 1.168, 1.761, 1.615, 2.183, 2.601, 3.226, 3.947, 6.189, 5.608, 1.99, 2.133, 2.622, 4.111, 5.186, 6.108, 5.963, 6.297, 7.455, 7.06, 5.494, 7.423, 7.956, 9.794, 13.583, 13.209, 12.053, 14.529, 18.434, 21.023, 20.737, 18.953, 17.707, 17.459, 16.2, 13.819, 12.801, 13.08, 12.998, 12.757, 12.496, 11.501, 12.125, 15.383, 17.04, 16.695, 17.933, 19.227, 16.919, 13.66, 12.955, 12.612, 11.101, 9.627, 10.061, 9.874, 10.574, 10.14, 9.711, 10.379, 11.075, 10.698, 10.881, 12.425, 12.254, 11.113, 11.4, 11.952, 10.196, 7.171, 6.94, 9.31, 10.633, 10.17, 10.113, 11.971, 11.446, 11.639, 13.763, 14.413, 13.353, 11.066, 9.319, 9.774, 11.918, 12.432, 12.562, 13.185, 13.505, 12.207, 12.488, 14.225, 15.817, 17.153, 17.488, 16.458, 15.767, 13.378, 8.367, 7.274, 7.251, 7.128, 7.854, 9.627, 10.595, 10.202, 10.907, 12.601], [12.665, 13.864, 14.552, 15.058, 15.778, 16.254, 16.973, 17.461, 18.941, 22.019, 24.206, 23.455, 22.883, 23.112, 22.726, 21.183, 19.378, 18.593, 16.286, 14.729, 15.291, 16.577, 15.706, 16.703, 17.878, 17.264, 15.178, 13.219, 12.964, 12.003, 11.635, 11.243, 8.623, 5.123, 2.941, 1.811, 0.0, 1.266, 1.487, 1.521, 1.389, 1.334, 1.543, 1.596, 1.92, 2.572, 4.77, 4.236, 1.69, 2.793, 3.869, 5.44, 6.668, 7.678, 7.43, 7.729, 8.896, 8.247, 6.581, 8.824, 9.368, 11.079, 14.866, 14.492, 13.336, 15.819, 19.719, 22.308, 22.022, 20.239, 18.99, 18.742, 17.486, 15.173, 14.104, 14.486, 14.174, 14.069, 13.865, 12.668, 13.517, 16.729, 18.323, 17.978, 19.244, 20.51, 18.215, 15.035, 14.462, 14.133, 12.549, 10.88, 11.0, 11.062, 11.847, 11.425, 10.703, 11.693, 12.358, 11.997, 12.195, 13.714, 13.537, 12.455, 12.864, 13.351, 11.479, 8.454, 8.402, 10.624, 11.916, 11.469, 11.549, 13.512, 13.037, 13.151, 15.065, 15.696, 14.652, 12.386, 10.612, 11.263, 13.349, 13.786, 13.942, 14.516, 14.878, 13.506, 13.772, 15.508, 17.099, 18.436, 18.787, 17.78, 17.089, 14.674, 9.683, 8.714, 8.566, 8.49, 9.316, 11.192, 12.104, 11.59, 12.32, 13.867], [12.525, 13.738, 14.426, 14.934, 15.652, 16.128, 16.855, 17.305, 18.935, 22.005, 23.986, 23.283, 22.753, 22.989, 22.6, 21.199, 19.374, 18.679, 16.225, 14.758, 15.332, 16.557, 15.609, 16.577, 17.754, 17.143, 15.02, 13.102, 12.857, 11.933, 11.566, 11.171, 8.456, 4.91, 2.94, 2.142, 1.266, 0.0, 1.302, 1.932, 1.665, 1.189, 1.214, 1.683, 1.919, 2.621, 4.864, 4.337, 1.678, 2.63, 3.622, 5.288, 6.547, 7.615, 7.278, 7.813, 8.715, 8.054, 6.411, 8.607, 9.228, 10.962, 14.74, 14.366, 13.228, 15.716, 19.601, 22.191, 21.905, 20.121, 18.864, 18.616, 17.368, 14.98, 13.847, 14.328, 13.85, 13.891, 13.612, 12.231, 13.435, 16.652, 18.21, 17.876, 19.191, 20.384, 18.156, 15.029, 14.308, 13.97, 12.369, 10.754, 10.561, 10.864, 11.647, 11.304, 10.449, 11.511, 12.232, 11.935, 12.114, 13.764, 13.44, 12.451, 12.801, 13.308, 11.353, 8.36, 8.309, 10.578, 11.813, 11.406, 11.485, 13.429, 12.974, 13.135, 15.009, 15.614, 14.582, 12.333, 10.474, 11.189, 13.32, 13.788, 13.906, 14.489, 14.836, 13.439, 13.649, 15.382, 17.045, 18.365, 18.732, 17.727, 17.05, 14.69, 9.706, 8.52, 8.635, 8.504, 9.226, 11.102, 11.969, 11.451, 12.141, 13.508], [12.118, 13.376, 14.064, 14.57, 15.291, 15.766, 16.486, 16.81, 18.201, 21.216, 23.487, 22.822, 22.38, 22.625, 22.238, 20.679, 18.768, 17.972, 15.478, 14.072, 14.735, 16.073, 15.194, 16.21, 17.385, 16.771, 1