[[0.0, 1.688, 1.664, 1.398, 3.232, 4.303, 4.14, 5.103, 5.867, 6.428, 6.484, 8.331, 11.857, 11.524, 11.159, 11.476, 10.501, 9.04, 6.839, 5.696, 6.291, 7.786, 6.861, 6.767, 7.687, 7.279, 6.014, 6.663, 6.388, 5.769, 7.665, 7.606, 6.532, 7.622, 9.776, 9.135, 7.915, 8.181, 8.049, 7.286, 6.516, 8.002, 7.708, 7.706, 9.701, 12.288, 13.276, 12.427, 9.817, 7.149, 6.306, 7.922, 8.846, 7.604, 7.825, 7.722, 5.376, 3.9, 3.644, 2.891, 1.741, 1.586, 1.986, 3.285, 2.509, 1.642, 1.587, 2.137, 3.408, 3.869, 3.653, 3.153, 2.229, 2.409, 2.727, 1.4, 3.824, 3.851, 4.119, 4.395, 3.809, 4.584, 6.088, 5.519, 4.761, 4.655, 3.547, 2.705, 3.253, 6.181, 5.549, 2.906, 2.223, 1.742, 2.393, 2.462, 2.844, 2.964, 4.201, 5.135, 5.324, 6.057, 6.832, 4.751, 4.134, 5.078, 6.908, 8.043, 8.528, 7.984, 7.358, 8.082, 8.229, 8.68, 9.338, 8.942, 5.86, 3.224, 3.166, 2.547, 1.927, 2.378, 3.321, 3.117, 3.426, 2.933, 3.5, 3.827, 4.074, 3.906, 3.797, 4.089, 4.059, 6.053, 7.417, 6.653, 6.222, 6.445, 6.443, 5.759, 4.429, 4.102, 4.709, 5.415, 3.703, 2.672], [1.688, 0.0, 1.159, 1.565, 2.515, 3.281, 3.182, 4.17, 5.095, 5.494, 5.548, 7.398, 11.014, 10.696, 10.165, 10.569, 9.656, 8.11, 6.001, 4.985, 5.535, 7.099, 6.117, 6.048, 6.937, 6.448, 5.214, 5.966, 5.601, 5.035, 6.922, 6.926, 5.865, 6.898, 9.109, 8.439, 7.238, 7.459, 7.337, 6.486, 5.775, 7.156, 6.856, 6.869, 8.823, 11.486, 12.452, 11.649, 9.112, 6.416, 5.543, 7.197, 8.104, 6.895, 7.087, 7.026, 4.584, 2.952, 2.955, 2.061, 1.776, 1.815, 1.825, 2.446, 2.168, 2.399, 2.04, 1.834, 2.865, 3.101, 2.752, 2.16, 1.752, 2.083, 2.252, 2.224, 4.849, 4.965, 5.13, 5.353, 4.314, 4.447, 5.718, 5.203, 4.546, 4.437, 3.701, 3.048, 3.183, 5.422, 4.771, 2.574, 2.565, 2.511, 3.537, 3.138, 3.127, 3.097, 3.917, 4.851, 5.215, 6.14, 6.543, 5.079, 5.262, 6.218, 8.183, 8.925, 9.437, 9.3, 8.618, 9.293, 9.444, 9.719, 10.435, 10.078, 6.849, 3.859, 3.826, 3.127, 2.71, 3.416, 4.513, 4.13, 4.614, 4.131, 4.607, 5.017, 5.044, 5.047, 4.911, 5.171, 4.856, 6.269, 7.513, 7.213, 6.986, 7.16, 7.287, 6.406, 4.911, 4.756, 4.282, 4.845, 4.148, 3.645], [1.664, 1.159, 0.0, 0.936, 2.032, 3.032, 2.989, 3.843, 4.627, 5.119, 5.206, 7.057, 10.583, 10.204, 9.816, 10.18, 9.203, 7.719, 5.545, 4.515, 5.021, 6.586, 5.56, 5.575, 6.408, 6.0, 4.73, 5.482, 5.118, 4.539, 6.442, 6.417, 5.366, 6.37, 8.641, 7.961, 6.768, 6.992, 6.775, 6.059, 5.309, 6.7, 6.405, 6.42, 8.399, 11.013, 12.048, 11.17, 8.659, 6.003, 5.107, 6.709, 7.672, 6.474, 6.631, 6.506, 4.229, 2.707, 2.632, 1.909, 1.491, 1.64, 1.623, 2.217, 2.117, 2.322, 1.899, 1.445, 2.337, 2.649, 2.454, 1.903, 1.594, 1.9, 1.682, 2.301, 5.116, 4.837, 4.866, 5.057, 4.027, 4.172, 5.544, 4.967, 4.305, 4.226, 3.531, 2.911, 2.741, 4.915, 4.305, 2.189, 2.151, 2.337, 3.452, 2.984, 2.947, 2.96, 3.703, 4.63, 5.015, 5.823, 6.313, 4.584, 5.115, 5.902, 8.1, 9.296, 9.889, 9.494, 8.678, 9.171, 9.274, 9.809, 10.364, 10.077, 7.25, 3.899, 3.49, 2.984, 3.169, 3.305, 4.328, 4.068, 4.661, 4.242, 4.617, 4.948, 5.263, 5.336, 4.96, 4.916, 4.506, 6.041, 7.271, 6.861, 6.673, 6.754, 6.907, 6.079, 4.675, 4.402, 4.031, 4.644, 3.717, 3.247], [1.398, 1.565, 0.936, 0.0, 2.13, 3.17, 3.07, 3.924, 4.699, 5.182, 5.269, 7.142, 10.714, 10.344, 9.936, 10.292, 9.312, 7.868, 5.787, 4.71, 5.157, 6.79, 5.806, 5.713, 6.587, 6.077, 4.87, 5.701, 5.31, 4.752, 6.63, 6.601, 5.542, 6.574, 8.792, 8.092, 6.919, 7.175, 7.015, 6.23, 5.465, 6.794, 6.582, 6.59, 8.48, 11.145, 12.121, 11.304, 8.835, 6.113, 5.198, 6.915, 7.82, 6.522, 6.684, 6.707, 4.355, 2.845, 2.712, 2.103, 1.541, 1.562, 1.349, 2.25, 1.915, 1.827, 1.6, 1.412, 2.419, 2.728, 2.552, 1.978, 1.71, 1.862, 1.694, 1.9, 4.813, 4.392, 4.441, 4.63, 3.767, 4.231, 5.657, 5.062, 4.32, 4.357, 3.317, 2.497, 2.714, 5.108, 4.446, 2.029, 1.93, 1.988, 3.165, 2.558, 2.648, 2.673, 3.718, 4.662, 5.009, 5.892, 6.521, 4.49, 4.655, 5.574, 7.65, 9.083, 9.573, 9.161, 8.402, 9.034, 9.104, 9.641, 10.232, 9.738, 6.949, 3.459, 3.225, 2.498, 2.816, 2.917, 3.966, 3.643, 4.364, 3.947, 4.207, 4.548, 4.745, 4.923, 4.505, 4.553, 4.16, 5.76, 7.163, 6.594, 6.161, 6.419, 6.527, 5.679, 4.296, 4.118, 4.221, 5.005, 3.509, 2.77], [3.232, 2.515, 2.032, 2.13, 0.0, 1.202, 1.272, 2.121, 3.099, 3.427, 3.434, 5.314, 8.923, 8.571, 7.984, 8.381, 7.573, 6.04, 4.08, 3.174, 3.756, 5.129, 4.143, 4.078, 4.909, 4.463, 3.121, 4.092, 3.766, 3.534, 5.234, 5.184, 4.176, 5.134, 7.173, 6.474, 5.415, 5.825, 5.405, 4.457, 3.874, 5.131, 5.0, 5.146, 6.899, 9.581, 10.435, 9.663, 7.32, 4.744, 3.813, 5.498, 6.621, 5.382, 5.288, 5.442, 3.256, 2.263, 2.154, 1.794, 2.595, 2.749, 1.927, 1.107, 1.978, 2.981, 2.51, 1.696, 1.511, 1.355, 1.067, 1.459, 1.589, 1.76, 1.082, 3.442, 6.333, 5.362, 5.036, 5.268, 4.475, 3.841, 5.115, 4.481, 3.793, 3.797, 3.653, 3.037, 2.267, 3.573, 2.852, 2.239, 3.21, 3.863, 5.102, 3.954, 3.025, 2.852, 3.25, 4.162, 4.623, 5.485, 5.929, 4.558, 5.394, 6.501, 8.85, 10.696, 11.319, 10.862, 10.323, 11.02, 11.063, 11.719, 12.003, 10.977, 8.535, 4.732, 3.68, 3.721, 4.643, 4.473, 5.089, 5.334, 6.277, 5.782, 5.438, 5.886, 5.806, 6.291, 5.637, 5.243, 4.604, 5.793, 6.923, 6.822, 6.727, 6.804, 6.96, 5.871, 4.35, 4.527, 3.93, 4.308, 3.638, 3.554], [4.303, 3.281, 3.032, 3.17, 1.202, 0.0, 0.896, 1.346, 2.235, 2.439, 2.466, 4.425, 7.964, 7.578, 7.025, 7.375, 6.609, 5.128, 3.155, 2.442, 3.113, 4.265, 3.249, 3.211, 3.962, 3.534, 2.2, 3.307, 2.991, 2.82, 4.473, 4.409, 3.437, 4.364, 6.358, 5.634, 4.643, 5.068, 4.566, 3.597, 3.078, 4.275, 4.198, 4.391, 6.104, 8.777, 9.585, 8.856, 6.517, 4.079, 3.202, 4.735, 5.984, 4.722, 4.492, 4.76, 2.793, 2.142, 2.103, 2.243, 3.596, 3.73, 2.891, 1.578, 2.728, 3.966, 3.518, 2.651, 1.805, 1.412, 1.094, 1.852, 2.33, 2.143, 1.919, 4.421, 7.262, 6.318, 5.677, 6.062, 5.373, 4.043, 4.882, 4.357, 3.749, 3.916, 4.543, 3.919, 2.601, 2.808, 2.23, 2.916, 4.27, 4.907, 6.154, 4.996, 3.873, 3.845, 3.485, 4.077, 4.587, 5.482, 5.846, 4.938, 6.093, 7.565, 9.814, 11.771, 12.314, 11.921, 11.39, 12.077, 12.132, 12.797, 13.06, 11.926, 9.455, 5.736, 4.694, 4.756, 5.622, 5.556, 6.092, 6.39, 7.341, 6.872, 6.502, 6.963, 6.808, 7.214, 6.703, 6.085, 5.283, 5.932, 7.044, 7.221, 7.389, 7.395, 7.576, 6.215, 4.828, 5.167, 4.419, 4.28, 4.253, 4.431], [4.14, 3.182, 2.989, 3.07, 1.272, 0.896, 0.0, 1.813, 2.604, 2.678, 2.732, 4.759, 8.279, 7.79, 7.216, 7.599, 6.845, 5.348, 3.467, 2.937, 3.703, 4.747, 3.562, 3.594, 4.346, 3.84, 2.492, 3.711, 3.431, 3.354, 4.948, 4.798, 3.856, 4.827, 6.744, 5.99, 5.011, 5.505, 4.931, 3.934, 3.483, 4.691, 4.537, 4.814, 6.503, 9.111, 9.865, 9.173, 6.872, 4.621, 3.757, 5.197, 6.516, 5.259, 4.969, 5.277, 2.909, 2.097, 1.889, 2.115, 3.415, 3.519, 2.662, 1.613, 2.437, 3.717, 3.369, 2.502, 2.049, 1.192, 1.026, 1.618, 2.167, 2.025, 1.788, 4.353, 7.03, 6.223, 5.985, 6.211, 5.372, 4.411, 5.481, 4.951, 4.345, 4.433, 4.554, 3.901, 3.052, 3.288, 2.399, 3.046, 4.214, 4.819, 6.071, 4.918, 3.934, 3.767, 3.956, 4.672, 5.187, 6.115, 6.475, 5.508, 6.378, 7.58, 9.784, 11.602, 12.173, 11.776, 11.264, 12.0, 12.048, 12.654, 12.984, 11.825, 9.239, 5.586, 4.689, 4.627, 5.422, 5.415, 6.186, 6.31, 7.18, 6.718, 6.464, 6.923, 6.656, 7.057, 6.627, 6.312, 5.644, 6.506, 7.65, 7.785, 7.703, 7.856, 8.029, 6.779, 5.224, 5.581, 4.894, 4.834, 4.646, 4.626], [5.103, 4.17, 3.843, 3.924, 2.121, 1.346, 1.813, 0.0, 1.417, 1.632, 1.676, 3.558, 7.235, 6.736, 6.224, 6.602, 5.7, 4.235, 2.444, 1.773, 2.258, 3.361, 2.547, 2.596, 3.143, 2.713, 2.377, 2.79, 2.768, 2.552, 3.557, 3.495, 2.532, 3.349, 5.454, 4.695, 3.721, 4.133, 3.68, 2.77, 2.165, 3.363, 3.222, 3.383, 5.177, 7.757, 8.594, 7.897, 5.537, 3.028, 2.165, 3.726, 4.916, 3.653, 3.491, 3.709, 2.445, 2.519, 2.726, 3.122, 4.351, 4.5, 3.69, 2.314, 3.627, 4.86, 4.444, 3.38, 2.433, 1.959, 1.954, 2.559, 3.266, 3.24, 2.619, 5.344, 8.34, 7.101, 6.085, 6.672, 6.032, 4.129, 3.94, 3.444, 2.966, 3.925, 5.317, 4.759, 2.967, 2.121, 2.318, 3.436, 4.764, 5.455, 6.668, 5.533, 4.593, 4.459, 3.79, 3.454, 4.32, 4.778, 5.041, 4.832, 6.425, 8.093, 10.524, 12.579, 13.185, 12.69, 12.024, 12.635, 12.628, 13.365, 13.706, 12.72, 10.437, 6.525, 5.303, 5.432, 6.386, 6.159, 6.571, 6.943, 8.037, 7.574, 7.086, 7.523, 7.527, 8.183, 7.286, 6.484, 5.567, 5.634, 6.656, 7.07, 7.643, 7.472, 7.745, 6.399, 5.278, 5.369, 4.515, 4.183, 4.486, 4.861], [5.867, 5.095, 4.627, 4.699, 3.099, 2.235, 2.604, 1.417, 0.0, 1.23, 1.107, 2.854, 6.389, 5.956, 5.686, 5.918, 5.097, 4.106, 2.399, 1.648, 1.538, 2.441, 2.199, 2.05, 2.31, 2.026, 1.849, 1.894, 1.808, 1.959, 2.576, 2.534, 1.884, 2.628, 4.47, 3.754, 3.041, 3.146, 2.836, 2.01, 1.342, 2.488, 2.343, 2.673, 4.321, 6.692, 7.68, 7.03, 4.57, 2.435, 1.687, 2.781, 4.001, 2.82, 2.646, 2.925, 2.352, 3.138, 3.249, 4.09, 5.35, 5.451, 4.673, 3.389, 4.65, 5.886, 5.395, 4.095, 2.859, 2.446, 2.768, 3.417, 4.21, 4.232, 3.288, 6.023, 9.33, 7.885, 6.245, 6.787, 6.329, 4.269, 3.535, 3.125, 3.475, 4.26, 6.138, 5.746, 3.36, 1.298, 1.785, 3.739, 5.155, 5.886, 7.156, 6.03, 5.437, 5.233, 4.039, 3.238, 4.035, 4.464, 4.777, 4.476, 6.325, 8.499, 11.028, 13.629, 14.143, 13.433, 12.556, 13.075, 13.113, 13.879, 14.404, 13.461, 11.443, 7.485, 5.747, 6.083, 7.284, 6.76, 6.881, 7.819, 8.819, 8.361, 7.933, 8.226, 8.552, 9.198, 8.062, 6.452, 5.477, 5.211, 6.262, 6.685, 7.731, 7.294, 7.578, 6.309, 5.824, 5.224, 4.393, 3.824, 4.436, 4.95], [6.428, 5.494, 5.119, 5.182, 3.427, 2.439, 2.678, 1.632, 1.23, 0.0, 0.806, 2.594, 5.88, 5.709, 5.401, 5.444, 4.857, 3.79, 2.265, 1.627, 1.541, 2.406, 1.858, 1.754, 2.035, 1.532, 1.739, 1.853, 2.15, 2.388, 2.567, 2.848, 2.276, 2.712, 4.411, 3.754, 3.293, 3.296, 2.688, 1.826, 1.528, 2.332, 2.175, 2.728, 4.008, 6.625, 7.372, 6.766, 4.541, 2.625, 2.22, 2.826, 4.147, 2.927, 2.6, 2.959, 2.589, 3.598, 3.774, 4.496, 5.64, 5.696, 4.947, 3.673, 4.92, 6.138, 5.641, 4.644, 3.471, 2.816, 3.061, 3.728, 4.465, 4.409, 3.733, 6.534, 9.569, 8.286, 6.508, 7.068, 6.838, 4.666, 3.972, 3.445, 3.393, 4.513, 6.366, 5.999, 3.793, 1.855, 2.03, 4.314, 5.583, 6.448, 7.638, 6.679, 5.909, 5.727, 4.415, 3.827, 4.594, 5.09, 5.294, 5.199, 6.755, 8.858, 11.546, 13.997, 14.545, 14.081, 13.242, 13.523, 13.793, 14.578, 14.781, 13.574, 11.75, 7.964, 6.4, 6.613, 7.755, 7.43, 7.566, 8.268, 9.423, 8.973, 8.45, 8.826, 8.891, 9.489, 8.476, 6.856, 6.0, 5.907, 6.984, 7.395, 8.04, 7.971, 8.141, 6.974, 6.176, 5.977, 4.912, 4.541, 4.851, 5.537], [6.484, 5.548, 5.206, 5.269, 3.434, 2.466, 2.732, 1.676, 1.107, 0.806, 0.0, 2.3, 5.826, 5.517, 5.145, 5.252, 4.666, 3.676, 2.197, 1.599, 1.649, 2.334, 1.96, 1.869, 2.104, 1.743, 1.703, 1.844, 2.113, 2.495, 2.369, 2.725, 2.164, 2.351, 4.308, 3.562, 2.942, 2.899, 2.582, 1.531, 1.339, 2.152, 1.981, 2.297, 3.881, 6.503, 7.298, 6.689, 4.393, 2.558, 2.111, 2.624, 3.952, 2.894, 2.517, 2.791, 2.364, 3.595, 3.81, 4.49, 5.67, 5.733, 4.915, 3.666, 4.901, 6.133, 5.637, 4.695, 3.506, 2.871, 3.019, 3.729, 4.47, 4.455, 3.892, 6.619, 9.566, 8.355, 6.802, 7.379, 6.951, 4.833, 3.928, 3.425, 3.597, 4.767, 6.38, 5.996, 3.737, 1.776, 2.083, 4.405, 5.749, 6.569, 7.679, 6.73, 5.953, 5.768, 4.548, 3.617, 4.704, 5.054, 5.274, 5.136, 7.037, 9.092, 11.623, 13.989, 14.59, 14.138, 13.284, 13.667, 13.825, 14.595, 14.838, 13.604, 11.766, 7.989, 6.447, 6.647, 7.792, 7.481, 7.574, 8.314, 9.468, 9.021, 8.495, 8.88, 8.905, 9.515, 8.496, 7.159, 6.16, 5.82, 6.903, 7.334, 8.285, 7.978, 8.227, 6.864, 6.217, 5.896, 5.118, 4.49, 5.134, 5.604], [8.331, 7.398, 7.057, 7.142, 5.314, 4.425, 4.759, 3.558, 2.854, 2.594, 2.3, 0.0, 3.748, 3.534, 3.297, 3.285, 2.966, 2.273, 2.194, 2.774, 2.653, 1.84, 2.149, 2.082, 1.665, 1.643, 2.639, 2.682, 3.284, 4.154, 3.021, 2.918, 3.301, 1.681, 2.413, 1.425, 1.765, 1.886, 1.485, 1.425, 2.407, 1.333, 1.267, 1.492, 1.888, 4.384, 5.188, 4.48, 2.493, 2.399, 3.105, 2.605, 3.248, 3.184, 2.895, 2.643, 4.149, 5.458, 5.682, 6.364, 7.607, 7.702, 6.986, 5.622, 6.929, 8.114, 7.61, 6.573, 5.424, 4.906, 4.981, 5.682, 6.452, 6.436, 5.786, 8.511, 11.55, 10.303, 8.522, 9.051, 8.801, 6.667, 4.629, 4.533, 5.272, 6.455, 8.346, 7.979, 5.667, 3.024, 3.366, 6.275, 7.614, 8.474, 9.63, 8.608, 7.819, 7.669, 6.36, 4.97, 6.33, 6.126, 5.747, 6.232, 8.565, 10.932, 13.496, 15.866, 16.457, 15.986, 15.148, 15.51, 15.76, 16.546, 16.695, 15.606, 13.738, 9.864, 8.306, 8.519, 9.705, 9.35, 9.54, 10.2, 11.363, 10.863, 10.379, 10.793, 10.819, 11.471, 10.341, 8.757, 7.714, 6.747, 7.672, 8.348, 10.141, 9.618, 9.694, 8.478, 8.146, 7.553, 6.653, 5.627, 6.729, 7.468], [11.857, 11.014, 10.583, 10.714, 8.923, 7.964, 8.279, 7.235, 6.389, 5.88, 5.826, 3.748, 0.0, 1.509, 1.78, 1.652, 2.198, 3.403, 5.488, 6.313, 5.899, 4.798, 5.481, 5.285, 4.632, 4.853, 5.917, 5.649, 6.228, 7.383, 5.663, 5.556, 6.613, 4.933, 3.154, 3.168, 4.555, 4.455, 4.468, 4.677, 5.538, 4.047, 4.554, 4.586, 2.492, 1.639, 1.935, 1.352, 2.999, 5.164, 6.412, 5.494, 4.479, 5.704, 5.308, 5.544, 7.768, 9.099, 9.209, 9.917, 11.126, 11.148, 10.512, 9.167, 10.504, 11.602, 11.165, 10.047, 8.777, 8.337, 8.486, 9.293, 9.891, 9.838, 9.322, 11.882, 14.972, 13.665, 11.75, 11.96, 12.1, 10.004, 7.511, 7.6, 8.544, 9.794, 11.73, 11.447, 9.056, 6.219, 6.708, 9.708, 11.002, 11.899, 13.126, 12.143, 11.289, 11.156, 9.758, 8.368, 9.426, 8.378, 7.703, 8.721, 11.654, 14.195, 16.841, 19.451, 19.976, 19.48, 18.619, 18.899, 19.305, 20.065, 20.188, 18.938, 17.137, 13.388, 11.764, 12.032, 13.271, 12.901, 13.033, 13.816, 14.97, 14.4, 13.986, 14.374, 14.408, 14.888, 13.981, 11.964, 11.018, 9.274, 9.626, 11.31, 13.389, 13.035, 12.761, 11.892, 11.623, 10.951, 9.734, 8.492, 9.807, 10.949], [11.524, 10.696, 10.204, 10.344, 8.571, 7.578, 7.79, 6.736, 5.956, 5.709, 5.517, 3.534, 1.509, 0.0, 1.292, 1.168, 1.675, 2.839, 4.987, 6.01, 5.863, 4.852, 5.28, 5.205, 4.731, 4.737, 5.733, 5.914, 6.328, 7.478, 6.131, 5.801, 6.635, 4.714, 3.481, 3.185, 4.319, 4.329, 4.398, 4.671, 5.548, 4.034, 4.481, 4.328, 2.944, 2.365, 2.323, 1.816, 3.158, 5.194, 6.336, 5.66, 4.994, 6.117, 5.724, 5.593, 7.466, 8.761, 8.885, 9.657, 10.794, 10.871, 10.232, 8.82, 10.128, 11.304, 10.839, 9.727, 8.582, 7.966, 8.174, 8.924, 9.617, 9.572, 8.85, 11.592, 14.712, 13.345, 11.798, 12.288, 12.044, 9.922, 7.741, 7.743, 8.579, 9.77, 11.496, 11.137, 8.897, 6.198, 6.639, 9.56, 10.946, 11.79, 12.971, 11.857, 11.031, 10.888, 9.625, 8.247, 9.646, 8.99, 8.485, 9.223, 11.848, 14.229, 16.742, 19.157, 19.7, 19.15, 18.313, 18.831, 18.977, 19.771, 19.964, 18.858, 16.887, 13.097, 11.536, 11.775, 12.936, 12.562, 12.794, 13.483, 14.618, 14.064, 13.634, 14.019, 14.084, 14.632, 13.666, 12.077, 10.997, 9.641, 10.384, 11.405, 13.42, 12.956, 12.921, 11.762, 11.33, 10.817, 9.949, 8.73, 10.056, 10.745], [11.159, 10.165, 9.816, 9.936, 7.984, 7.025, 7.216, 6.224, 5.686, 5.401, 5.145, 3.297, 1.78, 1.292, 0.0, 1.213, 1.267, 2.283, 4.539, 5.722, 5.833, 4.779, 5.027, 5.014, 4.669, 4.632, 5.447, 5.885, 6.411, 7.361, 6.207, 5.861, 6.508, 4.56, 3.736, 3.084, 4.004, 4.15, 4.12, 4.588, 5.558, 4.071, 4.303, 4.021, 2.996, 2.741, 3.071, 2.472, 3.314, 5.092, 6.269, 5.618, 5.113, 6.2, 5.851, 5.409, 7.059, 8.262, 8.522, 9.127, 10.248, 10.408, 9.703, 8.18, 9.588, 10.789, 10.323, 9.442, 8.337, 7.72, 7.659, 8.347, 9.124, 9.057, 8.465, 11.316, 14.17, 13.044, 11.691, 12.243, 11.864, 9.754, 7.765, 7.707, 8.388, 9.623, 11.031, 10.63, 8.587, 6.143, 6.529, 9.294, 10.729, 11.521, 12.685, 11.577, 10.674, 10.591, 9.475, 8.051, 9.536, 9.131, 8.623, 9.351, 11.851, 13.984, 16.499, 18.59, 19.242, 18.811, 18.028, 18.579, 18.652, 19.463, 19.627, 18.408, 16.383, 12.619, 11.259, 11.451, 12.5, 12.256, 12.477, 13.077, 14.176, 13.662, 13.205, 13.672, 13.572, 14.169, 13.232, 11.957, 10.88, 9.823, 10.469, 11.341, 13.182, 12.82, 12.905, 11.572, 10.909, 10.58, 9.895, 8.762, 9.966, 10.491], [11.476, 10.569, 10.18, 10.292, 8.381, 7.375, 7.599, 6.602, 5.918, 5.444, 5.252, 3.285, 1.652, 1.168, 1.213, 0.0, 1.236, 2.531, 4.927, 5.927, 5.768, 4.673, 5.159, 5.095, 4.571, 4.593, 5.646, 5.778, 6.282, 7.356, 6.099, 5.734, 6.528, 4.572, 3.425, 3.036, 4.271, 4.254, 4.31, 4.468, 5.474, 3.95, 4.337, 4.203, 2.858, 2.908, 3.035, 2.552, 3.205, 5.041, 6.27, 5.525, 4.981, 6.07, 5.674, 5.491, 7.349, 8.666, 8.797, 9.477, 10.651, 10.755, 10.086, 8.634, 9.966, 11.153, 10.665, 9.687, 8.523, 7.978, 7.971, 8.724, 9.448, 9.409, 8.777, 11.579, 14.558, 13.326, 11.698, 12.127, 11.961, 9.841, 7.645, 7.598, 8.414, 9.626, 11.35, 10.943, 8.742, 6.079, 6.548, 9.505, 10.869, 11.726, 12.881, 11.815, 10.943, 10.83, 9.553, 8.147, 9.515, 8.987, 8.493, 9.207, 11.737, 14.12, 16.662, 18.98, 19.581, 19.125, 18.296, 18.739, 18.966, 19.737, 19.85, 18.605, 16.754, 12.976, 11.468, 11.685, 12.856, 12.553, 12.748, 13.409, 14.577, 14.009, 13.593, 13.997, 13.946, 14.496, 13.534, 11.966, 10.912, 9.631, 10.404, 11.283, 13.313, 12.864, 12.824, 11.637, 11.206, 10.748, 9.834, 8.637, 9.931, 10.684], [10.501, 9.656, 9.203, 9.312, 7.573, 6.609, 6.845, 5.7, 5.097, 4.857, 4.666, 2.966, 2.198, 1.675, 1.267, 1.236, 0.0, 1.667, 3.944, 5.104, 5.299, 4.206, 4.338, 4.32, 4.042, 4.01, 4.868, 5.335, 6.042, 6.819, 5.778, 5.512, 6.029, 4.189, 3.45, 2.58, 3.334, 3.58, 3.449, 4.107, 5.131, 3.861, 3.828, 3.506, 2.739, 3.216, 3.588, 3.035, 3.32, 4.664, 5.782, 5.203, 4.864, 5.743, 5.428, 4.796, 6.396, 7.753, 7.845, 8.643, 9.852, 9.975, 9.293, 7.893, 9.268, 10.406, 9.901, 8.727, 7.61, 7.106, 7.244, 7.998, 8.688, 8.629, 7.807, 10.609, 13.8, 12.464, 11.08, 11.602, 11.146, 9.075, 7.375, 7.234, 7.763, 8.983, 10.615, 10.224, 7.873, 5.729, 6.046, 8.596, 10.039, 10.818, 11.984, 10.877, 9.995, 9.947, 8.843, 7.597, 9.025, 8.858, 8.415, 8.973, 11.306, 13.305, 15.765, 18.142, 18.665, 18.13, 17.355, 17.915, 18.008, 18.771, 19.009, 17.95, 15.966, 12.019, 10.539, 10.744, 11.9, 11.581, 11.799, 12.479, 13.593, 13.024, 12.634, 13.019, 13.107, 13.676, 12.661, 11.367, 10.34, 9.52, 10.379, 11.096, 12.593, 12.276, 12.43, 10.972, 10.416, 10.051, 9.383, 8.358, 9.42, 9.853], [9.04, 8.11, 7.719, 7.868, 6.04, 5.128, 5.348, 4.235, 4.106, 3.79, 3.676, 2.273, 3.403, 2.839, 2.283, 2.531, 1.667, 0.0, 2.474, 3.864, 4.369, 3.45, 3.135, 3.228, 3.067, 3.005, 3.795, 4.319, 5.203, 5.714, 4.821, 4.966, 5.212, 3.584, 3.594, 2.236, 2.476, 2.957, 2.491, 3.267, 4.371, 3.355, 3.006, 3.036, 2.359, 4.266, 4.932, 4.179, 3.477, 4.047, 4.897, 4.291, 4.654, 4.871, 4.8, 3.727, 4.954, 6.247, 6.42, 7.124, 8.341, 8.507, 7.811, 6.364, 7.75, 8.9, 8.398, 7.351, 6.411, 5.792, 5.796, 6.456, 7.209, 7.156, 6.362, 9.22, 12.31, 11.102, 9.991, 10.556, 9.984, 7.986, 6.72, 6.379, 6.595, 7.836, 9.304, 8.782, 6.764, 4.871, 4.952, 7.376, 8.823, 9.534, 10.755, 9.627, 8.635, 8.505, 7.723, 6.822, 8.067, 8.183, 7.849, 8.187, 10.32, 12.049, 14.535, 16.582, 17.193, 16.704, 16.027, 16.652, 16.664, 17.381, 17.696, 16.669, 14.48, 10.594, 9.26, 9.38, 10.501, 10.138, 10.48, 11.015, 12.088, 11.536, 11.149, 11.549, 11.623, 12.215, 11.308, 10.323, 9.371, 8.814, 9.845, 10.45, 11.539, 11.244, 11.509, 10.124, 9.119, 9.053, 8.33, 7.553, 8.318, 8.76], [6.839, 6.001, 5.545, 5.787, 4.08, 3.155, 3.467, 2.444, 2.399, 2.265, 2.197, 2.194, 5.488, 4.987, 4.539, 4.927, 3.944, 2.474, 0.0, 1.851, 2.525, 2.348, 1.241, 1.255, 1.543, 1.58, 2.223, 2.43, 3.2, 3.699, 3.026, 3.737, 3.409, 2.67, 3.719, 2.924, 2.051, 2.497, 1.738, 2.14, 2.681, 2.617, 2.036, 2.247, 3.463, 5.882, 6.925, 6.156, 3.735, 3.302, 3.334, 3.117, 4.172, 3.791, 3.914, 2.788, 2.958, 4.269, 4.295, 5.108, 6.463, 6.646, 5.863, 4.426, 5.789, 6.968, 6.476, 5.309, 4.37, 3.866, 3.896, 4.598, 5.274, 5.194, 4.272, 7.119, 10.354, 9.141, 8.072, 8.575, 7.907, 5.951, 5.385, 4.926, 4.773, 5.82, 7.478, 6.906, 5.02, 3.103, 3.128, 5.342, 6.617, 7.335, 8.666, 7.451, 6.642, 6.586, 5.875, 5.35, 6.056, 6.403, 6.479, 6.431, 8.234, 9.786, 12.508, 14.669, 15.167, 14.45, 13.82, 14.369, 14.4, 15.133, 15.722, 14.879, 12.51, 8.544, 7.082, 7.43, 8.383, 7.877, 8.311, 9.027, 9.752, 9.328, 9.04, 9.356, 9.723, 10.234, 9.395, 8.218, 7.312, 7.337, 8.288, 8.824, 9.611, 9.273, 9.497, 8.345, 7.382, 7.105, 6.305, 5.789, 6.254, 6.736], [5.696, 4.985, 4.515, 4.71, 3.174, 2.442, 2.937, 1.773, 1.648, 1.627, 1.599, 2.774, 6.313, 6.01, 5.722, 5.927, 5.104, 3.864, 1.851, 0.0, 1.321, 2.275, 1.63, 1.419, 2.123, 1.99, 2.121, 1.834, 2.326, 2.233, 2.304, 3.067, 2.387, 2.239, 4.235, 3.589, 2.591, 2.745, 2.543, 2.102, 1.655, 2.625, 2.147, 2.308, 4.145, 6.675, 7.721, 6.885, 4.259, 2.15, 2.185, 2.45, 3.716, 2.711, 2.874, 2.43, 2.19, 3.184, 3.211, 4.039, 5.328, 5.459, 4.781, 3.366, 4.745, 5.894, 5.395, 4.127, 3.025, 2.894, 2.941, 3.619, 4.273, 4.376, 3.508, 6.012, 9.326, 7.957, 6.498, 6.982, 6.417, 4.464, 4.098, 3.637, 3.284, 4.209, 6.13, 5.755, 3.594, 2.008, 2.27, 3.93, 5.168, 5.962, 7.272, 6.092, 5.466, 5.392, 4.297, 3.915, 4.599, 4.911, 5.284, 4.982, 6.715, 8.333, 11.174, 13.587, 14.136, 13.38, 12.52, 12.927, 13.078, 13.942, 14.311, 13.497, 11.457, 7.476, 5.703, 6.156, 7.335, 6.672, 6.934, 7.878, 8.732, 8.204, 7.967, 8.256, 8.594, 9.202, 8.017, 6.644, 5.805, 6.025, 7.006, 7.36, 8.172, 7.752, 7.989, 6.816, 6.05, 5.581, 4.804, 4.359, 4.695, 5.251], [6.291, 5.535, 5.021, 5.157, 3.756, 3.113, 3.703, 2.258, 1.538, 1.541, 1.649, 2.653, 5.899, 5.863, 5.833, 5.768, 5.299, 4.369, 2.525, 1.321, 0.0, 1.758, 1.927, 1.753, 1.713, 1.757, 2.409, 1.531, 1.93, 1.982, 1.726, 2.515, 1.856, 2.242, 3.671, 3.317, 2.804, 2.638, 2.523, 1.802, 1.218, 2.106, 1.99, 2.406, 3.795, 6.16, 7.33, 6.498, 3.759, 1.836, 1.524, 1.982, 3.0, 1.924, 2.027, 2.152, 2.701, 3.716, 3.794, 4.534, 5.791, 5.888, 5.223, 3.846, 5.182, 6.331, 5.825, 4.553, 3.262, 3.475, 3.627, 4.259, 4.804, 4.926, 4.088, 6.379, 9.76, 8.318, 6.147, 6.572, 6.408, 4.301, 3.059, 2.7, 3.193, 4.303, 6.556, 6.184, 3.728, 1.461, 2.081, 3.945, 5.148, 6.061, 7.478, 6.423, 5.854, 5.675, 4.173, 3.424, 3.884, 4.148, 4.309, 4.216, 6.032, 8.391, 11.264, 14.071, 14.578, 13.829, 12.926, 13.048, 13.585, 14.314, 14.72, 13.751, 11.896, 7.914, 6.072, 6.513, 7.771, 7.194, 7.317, 8.343, 9.31, 8.758, 8.46, 8.728, 9.029, 9.636, 8.48, 6.222, 5.225, 5.007, 6.029, 6.56, 7.697, 7.255, 7.259, 6.486, 6.261, 5.25, 4.144, 3.573, 4.248, 5.215], [7.786, 7.099, 6.586, 6.79, 5.129, 4.265, 4.747, 3.361, 2.441, 2.406, 2.334, 1.84, 4.798, 4.852, 4.779, 4.673, 4.206, 3.45, 2.348, 2.275, 1.758, 0.0, 2.005, 2.053, 1.534, 1.981, 3.05, 1.939, 2.484, 2.995, 1.818, 2.028, 2.404, 1.771, 2.49, 2.399, 2.125, 1.714, 1.599, 1.769, 1.911, 1.448, 1.302, 1.819, 2.804, 4.954, 6.233, 5.485, 2.57, 1.851, 2.255, 1.439, 2.298, 2.071, 2.034, 1.784, 3.803, 5.271, 5.308, 6.154, 7.472, 7.602, 6.931, 5.513, 6.894, 8.044, 7.538, 6.171, 4.876, 4.739, 4.877, 5.608, 6.323, 6.279, 5.307, 8.013, 11.435, 9.993, 7.77, 7.999, 7.993, 5.941, 3.762, 3.771, 4.783, 5.84, 8.231, 7.859, 5.357, 2.064, 3.036, 5.546, 6.602, 7.545, 9.162, 8.034, 7.52, 7.36, 5.839, 4.68, 5.09, 4.88, 4.563, 4.893, 7.207, 9.596, 12.93, 15.704, 16.246, 15.411, 14.441, 14.323, 15.01, 15.823, 16.303, 15.431, 13.572, 9.585, 7.6, 8.197, 9.484, 8.629, 8.768, 10.004, 10.879, 10.308, 10.109, 10.356, 10.741, 11.311, 10.155, 7.479, 6.523, 5.709, 6.572, 7.426, 9.181, 8.645, 8.354, 8.031, 7.944, 6.583, 5.357, 4.353, 5.48, 6.82], [6.861, 6.117, 5.56, 5.806, 4.143, 3.249, 3.562, 2.547, 2.199, 1.858, 1.96, 2.149, 5.481, 5.28, 5.027, 5.159, 4.338, 3.135, 1.241, 1.63, 1.927, 2.005, 0.0, 0.801, 1.194, 1.01, 1.618, 1.697, 2.396, 2.857, 2.579, 3.304, 2.911, 2.627, 3.47, 2.893, 2.082, 2.41, 1.496, 1.786, 2.167, 2.221, 1.853, 2.343, 3.503, 5.748, 6.944, 6.143, 3.511, 3.2, 2.951, 2.758, 3.93, 3.382, 3.46, 2.489, 3.047, 4.273, 4.321, 5.192, 6.47, 6.61, 5.939, 4.51, 5.903, 7.052, 6.547, 5.202, 3.933, 3.632, 3.878, 4.538, 5.345, 5.302, 4.301, 7.059, 10.457, 9.018, 7.231, 7.686, 7.21, 5.18, 4.894, 4.5, 4.3, 5.275, 7.324, 6.881, 4.628, 2.57, 2.303, 4.722, 5.855, 6.721, 8.181, 7.096, 6.54, 6.363, 5.134, 4.944, 5.361, 5.73, 6.03, 5.813, 7.417, 8.98, 11.955, 14.708, 15.268, 14.458, 13.537, 13.613, 14.119, 14.857, 15.35, 14.512, 12.591, 8.607, 6.668, 7.206, 8.493, 7.716, 7.928, 8.968, 9.851, 9.335, 9.101, 9.32, 9.75, 10.333, 9.172, 7.351, 6.509, 6.8, 7.763, 8.152, 8.774, 8.496, 8.692, 7.778, 7.07, 6.362, 5.5, 5.153, 5.434, 6.045], [6.767, 6.048, 5.575, 5.713, 4.078, 3.211, 3.594, 2.596, 2.05, 1.754, 1.869, 2.082, 5.285, 5.205, 5.014, 5.095, 4.32, 3.228, 1.255, 1.419, 1.753, 2.053, 0.801, 0.0, 1.221, 1.115, 1.562, 1.624, 2.417, 2.857, 2.506, 3.257, 2.836, 2.44, 3.283, 2.704, 2.047, 2.343, 1.642, 1.686, 1.987, 2.199, 1.698, 2.139, 3.36, 5.738, 6.807, 5.996, 3.54, 2.83, 2.771, 2.623, 3.681, 3.178, 3.277, 2.314, 2.947, 4.191, 4.171, 5.019, 6.361, 6.468, 5.797, 4.402, 5.76, 6.91, 6.404, 5.051, 3.742, 3.572, 3.733, 4.493, 5.177, 5.211, 4.31, 6.887, 10.278, 8.847, 7.071, 7.478, 7.057, 5.0, 4.72, 4.263, 4.064, 4.998, 7.076, 6.718, 4.404, 2.563, 2.232, 4.598, 5.869, 6.752, 8.087, 6.965, 6.375, 6.276, 4.943, 4.664, 5.175, 5.618, 5.867, 5.688, 7.259, 9.064, 11.843, 14.599, 15.102, 14.293, 13.429, 13.685, 14.073, 14.832, 15.252, 14.297, 12.422, 8.438, 6.594, 7.079, 8.35, 7.684, 7.827, 8.908, 9.842, 9.282, 9.013, 9.287, 9.607, 10.154, 9.041, 7.251, 6.411, 6.584, 7.586, 8.073, 8.666, 8.469, 8.643, 7.502, 6.899, 6.341, 5.47, 5.038, 5.416, 5.881], [7.687, 6.937, 6.408, 6.587, 4.909, 3.962, 4.346, 3.143, 2.31, 2.035, 2.104, 1.665, 4.632, 4.731, 4.669, 4.571, 4.042, 3.067, 1.543, 2.123, 1.713, 1.534, 1.194, 1.221, 0.0, 0.981, 2.108, 1.58, 2.441, 2.955, 2.166, 2.853, 2.736, 2.374, 2.657, 2.285, 2.13, 2.225, 1.486, 1.487, 1.96, 1.823, 1.643, 2.179, 2.772, 4.91, 6.09, 5.363, 2.907, 2.816, 2.656, 2.226, 3.342, 2.79, 2.806, 2.328, 3.695, 5.061, 5.103, 5.908, 7.252, 7.349, 6.679, 5.293, 6.642, 7.792, 7.286, 5.942, 4.604, 4.386, 4.586, 5.37, 6.051, 5.998, 5.11, 7.786, 11.158, 9.729, 7.535, 7.805, 7.789, 5.758, 4.336, 4.041, 4.562, 5.701, 7.951, 7.599, 5.105, 2.445, 2.572, 5.365, 6.487, 7.448, 8.943, 7.89, 7.246, 7.12, 5.616, 4.93, 5.175, 5.432, 5.519, 5.517, 7.373, 9.68, 12.654, 15.482, 15.992, 15.259, 14.36, 14.428, 15.034, 15.765, 16.138, 15.155, 13.301, 9.334, 7.485, 7.961, 9.235, 8.643, 8.759, 9.791, 10.755, 10.175, 9.909, 10.187, 10.491, 11.031, 9.937, 7.486, 6.627, 6.374, 7.363, 7.93, 9.029, 8.676, 8.622, 7.922, 7.723, 6.659, 5.429, 4.859, 5.547, 6.666], [7.279, 6.448, 6.0, 6.077, 4.463, 3.534, 3.84, 2.713, 2.026, 1.532, 1.743, 1.643, 4.853, 4.737, 4.632, 4.593, 4.01, 3.005, 1.58, 1.99, 1.757, 1.981, 1.01, 1.115, 0.981, 0.0, 1.67, 1.755, 2.458, 3.032, 2.395, 3.105, 2.85, 2.36, 3.274, 2.469, 2.16, 2.443, 1.606, 1.271, 1.958, 1.736, 1.634, 2.227, 2.935, 5.38, 6.263, 5.558, 3.303, 2.85, 2.711, 2.665, 3.792, 3.094, 2.993, 2.548, 3.247, 4.559, 4.674, 5.507, 6.755, 6.856, 6.145, 4.793, 6.108, 7.295, 6.769, 5.514, 4.282, 3.854, 4.152, 4.813, 5.619, 5.574, 4.644, 7.38, 10.731, 9.29, 7.255, 7.734, 7.562, 5.407, 4.479, 4.029, 4.155, 5.285, 7.527, 7.155, 4.8, 2.462, 2.277, 5.058, 6.343, 7.217, 8.487, 7.459, 6.86, 6.627, 5.204, 4.682, 5.277, 5.73, 5.804, 5.812, 7.388, 9.625, 12.294, 15.042, 15.547, 14.904, 13.983, 14.239, 14.63, 15.383, 15.71, 14.722, 12.861, 8.909, 7.155, 7.483, 8.702, 8.234, 8.349, 9.271, 10.323, 9.82, 9.387, 9.731, 9.961, 10.607, 9.427, 7.478, 6.7, 6.536, 7.575, 8.103, 8.927, 8.65, 8.771, 7.792, 7.225, 6.68, 5.557, 5.172, 5.515, 6.281], [6.014, 5.214, 4.73, 4.87, 3.121, 2.2, 2.492, 2.377, 1.849, 1.739, 1.703, 2.639, 5.917, 5.733, 5.447, 5.646, 4.868, 3.795, 2.223, 2.121, 2.409, 3.05, 1.618, 1.562, 2.108, 1.67, 0.0, 1.768, 2.149, 2.607, 3.312, 3.596, 3.172, 2.997, 4.377, 3.617, 2.913, 3.34, 2.717, 1.817, 2.22, 2.561, 2.522, 2.873, 4.164, 6.736, 7.574, 6.817, 4.574, 3.636, 3.16, 3.644, 4.83, 3.992, 3.641, 3.424, 2.727, 3.314, 3.357, 4.117, 5.301, 5.345, 4.72, 3.42, 4.687, 5.809, 5.35, 4.193, 2.998, 2.515, 2.725, 3.533, 4.093, 4.079, 3.556, 6.059, 9.155, 7.826, 6.436, 6.883, 6.487, 4.561, 4.938, 4.424, 4.186, 4.633, 5.966, 5.63, 3.445, 2.6, 1.505, 3.986, 5.443, 6.22, 7.39, 6.303, 5.443, 5.355, 4.218, 4.326, 5.005, 5.764, 6.148, 5.541, 6.762, 8.706, 11.122, 13.651, 14.158, 13.631, 12.801, 13.317, 13.466, 14.247, 14.408, 13.226, 11.323, 7.534, 5.951, 6.2, 7.418, 7.06, 7.246, 7.983, 9.116, 8.547, 8.136, 8.521, 8.585, 9.09, 8.175, 6.797, 5.942, 6.492, 7.565, 7.83, 8.038, 8.048, 8.224, 6.871, 5.918, 5.846, 5.074, 4.846, 4.904, 5.276], [6.663, 5.966, 5.482, 5.701, 4.092, 3.307, 3.711, 2.79, 1.894, 1.853, 1.844, 2.682, 5.649, 5.914, 5.885, 5.778, 5.335, 4.319, 2.43, 1.834, 1.531, 1.939, 1.697, 1.624, 1.58, 1.755, 1.768, 0.0, 1.315, 1.93, 1.725, 2.159, 2.022, 2.451, 3.21, 3.201, 2.701, 2.745, 2.3, 1.632, 1.359, 2.18, 2.059, 2.724, 3.573, 5.822, 7.095, 6.208, 3.499, 2.611, 2.239, 2.209, 3.395, 2.553, 2.477, 2.504, 2.954, 4.075, 4.097, 4.96, 6.279, 6.395, 5.732, 4.328, 5.687, 6.837, 6.331, 4.996, 3.689, 3.613, 3.84, 4.55, 5.204, 5.315, 4.422, 6.856, 10.243, 8.801, 6.624, 6.79, 6.81, 4.734, 3.856, 3.48, 3.965, 4.686, 7.039, 6.667, 4.172, 1.681, 1.605, 4.388, 5.486, 6.428, 7.955, 6.839, 6.325, 6.151, 4.673, 4.069, 4.045, 4.333, 4.718, 4.285, 6.173, 8.571, 11.737, 14.508, 15.054, 14.219, 13.264, 13.261, 13.87, 14.642, 15.121, 14.237, 12.38, 8.393, 6.417, 6.99, 8.277, 7.487, 7.627, 8.804, 9.681, 9.12, 8.908, 9.155, 9.534, 10.119, 8.956, 6.403, 5.513, 5.373, 6.333, 6.967, 8.101, 7.529, 7.377, 6.95, 6.751, 5.524, 4.256, 3.69, 4.381, 5.627], [6.388, 5.601, 5.118, 5.31, 3.766, 2.991, 3.431, 2.768, 1.808, 2.15, 2.113, 3.284, 6.228, 6.328, 6.411, 6.282, 6.042, 5.203, 3.2, 2.326, 1.93, 2.484, 2.396, 2.417, 2.441, 2.458, 2.149, 1.315, 0.0, 1.657, 2.015, 1.774, 1.675, 2.72, 3.803, 3.9, 3.496, 3.144, 2.954, 2.203, 1.353, 2.417, 2.463, 3.026, 3.979, 6.16, 7.502, 6.742, 3.972, 2.707, 2.069, 2.382, 3.531, 2.87, 2.753, 3.013, 3.104, 3.715, 3.811, 4.67, 5.949, 6.096, 5.37, 4.034, 5.306, 6.534, 6.016, 4.721, 3.435, 3.168, 3.546, 4.103, 4.954, 4.985, 4.095, 6.604, 9.97, 8.528, 6.305, 6.628, 6.519, 4.552, 3.672, 3.582, 4.134, 4.504, 6.76, 6.394, 3.897, 1.295, 1.404, 4.014, 5.077, 5.987, 7.559, 6.493, 6.035, 5.799, 4.323, 3.686, 3.697, 3.927, 4.356, 3.672, 5.755, 8.217, 11.465, 14.221, 14.781, 13.946, 12.962, 12.787, 13.385, 14.156, 14.827, 13.946, 12.082, 8.113, 6.14, 6.683, 7.93, 7.093, 7.154, 8.334, 9.205, 8.817, 8.505, 8.674, 9.2, 9.846, 8.63, 6.073, 5.001, 4.768, 5.665, 6.239, 7.621, 7.023, 6.735, 6.584, 6.42, 5.091, 3.85, 3.095, 4.001, 5.198], [5.769, 5.035, 4.539, 4.752, 3.534, 2.82, 3.354, 2.552, 1.959, 2.388, 2.495, 4.154, 7.383, 7.478, 7.361, 7.356, 6.819, 5.714, 3.699, 2.233, 1.982, 2.995, 2.857, 2.857, 2.955, 3.032, 2.607, 1.93, 1.657, 0.0, 2.456, 2.413, 1.662, 3.241, 4.853, 4.706, 3.985, 3.43, 3.6, 3.052, 2.064, 3.502, 3.117, 3.494, 4.983, 7.189, 8.594, 7.777, 4.846, 2.962, 1.913, 2.617, 3.853, 2.817, 2.905, 2.817, 2.683, 3.181, 3.33, 4.139, 5.422, 5.479, 4.747, 3.469, 4.685, 5.917, 5.394, 4.229, 2.915, 3.009, 3.318, 3.85, 4.639, 4.765, 3.927, 5.988, 9.353, 7.911, 5.655, 6.048, 5.976, 3.892, 3.463, 3.27, 3.461, 3.956, 6.134, 5.777, 3.355, 1.623, 1.776, 3.433, 4.472, 5.333, 6.885, 5.868, 5.41, 5.159, 3.723, 3.439, 3.263, 3.887, 4.469, 3.764, 5.353, 7.487, 10.851, 13.605, 14.164, 13.353, 12.353, 12.186, 12.593, 13.501, 14.18, 13.305, 11.437, 7.488, 5.5, 6.067, 7.313, 6.352, 6.291, 7.562, 8.418, 8.2, 7.888, 7.993, 8.583, 9.229, 8.013, 5.445, 4.668, 5.002, 5.877, 6.213, 7.026, 6.596, 6.577, 6.258, 5.84, 4.658, 3.365, 3.145, 3.287, 4.634], [7.665, 6.922, 6.442, 6.63, 5.234, 4.473, 4.948, 3.557, 2.576, 2.567, 2.369, 3.021, 5.663, 6.131, 6.207, 6.099, 5.778, 4.821, 3.026, 2.304, 1.726, 1.818, 2.579, 2.506, 2.166, 2.395, 3.312, 1.725, 2.015, 2.456, 0.0, 1.847, 1.98, 2.293, 3.186, 3.571, 3.019, 2.407, 2.574, 2.108, 1.724, 2.307, 2.065, 2.528, 3.367, 5.302, 6.922, 5.832, 3.48, 2.359, 2.061, 1.419, 2.363, 1.651, 1.789, 2.177, 3.317, 4.99, 5.088, 5.956, 7.251, 7.39, 6.623, 5.312, 6.593, 7.828, 7.307, 6.012, 4.753, 4.665, 4.997, 5.537, 6.33, 6.449, 5.611, 7.901, 11.264, 9.822, 7.556, 7.732, 7.823, 5.738, 3.682, 3.616, 4.559, 5.623, 8.034, 7.688, 5.186, 2.054, 2.823, 5.297, 6.241, 7.255, 8.8, 7.745, 7.31, 7.071, 5.554, 4.443, 4.43, 4.152, 3.957, 4.036, 6.728, 9.289, 12.759, 15.515, 16.074, 15.24, 14.242, 13.924, 14.573, 15.411, 16.09, 15.214, 13.351, 9.388, 7.426, 7.977, 9.224, 8.329, 8.285, 9.59, 10.462, 10.109, 9.799, 9.92, 10.494, 11.14, 9.924, 7.132, 6.122, 5.338, 5.86, 7.246, 8.76, 8.223, 7.831, 7.859, 7.709, 6.278, 4.829, 3.892, 5.03, 6.489], [7.606, 6.926, 6.417, 6.601, 5.184, 4.409, 4.798, 3.495, 2.534, 2.848, 2.725, 2.918, 5.556, 5.801, 5.861, 5.734, 5.512, 4.966, 3.737, 3.067, 2.515, 2.028, 3.304, 3.257, 2.853, 3.105, 3.596, 2.159, 1.774, 2.413, 1.847, 0.0, 1.58, 2.145, 2.754, 3.376, 3.145, 2.456, 2.852, 2.372, 1.755, 2.039, 2.193, 2.422, 3.282, 5.247, 6.733, 5.952, 3.062, 2.203, 2.006, 1.623, 2.33, 2.148, 1.761, 2.602, 3.734, 4.943, 5.056, 5.914, 7.237, 7.33, 6.567, 5.263, 6.554, 7.778, 7.285, 5.986, 4.654, 4.509, 4.907, 5.441, 6.297, 6.405, 5.52, 7.87, 11.204, 9.762, 7.491, 7.744, 7.725, 5.677, 3.161, 3.543, 4.623, 5.572, 7.982, 7.628, 5.153, 1.933, 2.785, 5.25, 6.145, 7.193, 8.741, 7.69, 7.258, 7.007, 5.5, 4.164, 4.393, 3.89, 3.49, 3.96, 6.517, 9.227, 12.699, 15.456, 16.015, 15.181, 14.191, 13.825, 14.529, 15.348, 16.028, 15.16, 13.296, 9.335, 7.37, 7.918, 9.164, 8.281, 8.244, 9.52, 10.374, 10.052, 9.739, 9.86, 10.434, 11.08, 9.864, 6.995, 6.023, 4.852, 5.407, 6.642, 8.543, 8.124, 7.579, 7.753, 7.65, 6.192, 4.709, 3.411, 5.045, 6.43], [6.532, 5.865, 5.366, 5.542, 4.176, 3.437, 3.856, 2.532, 1.884, 2.276, 2.164, 3.301, 6.613, 6.635, 6.508, 6.528, 6.029, 5.212, 3.409, 2.387, 1.856, 2.404, 2.911, 2.836, 2.736, 2.85, 3.172, 2.022, 1.675, 1.662, 1.98, 1.58, 0.0, 2.27, 4.015, 3.756, 3.232, 2.816, 2.935, 2.32, 1.419, 2.725, 2.386, 2.733, 4.244, 6.388, 7.805, 6.924, 3.877, 2.192, 1.358, 2.045, 3.269, 2.368, 2.19, 2.349, 2.858, 3.701, 3.79, 4.636, 6.051, 6.057, 5.467, 4.129, 5.341, 6.536, 6.046, 4.899, 3.569, 3.514, 3.916, 4.435, 5.278, 5.441, 4.571, 6.718, 9.842, 8.366, 6.141, 6.542, 6.371, 4.291, 2.748, 2.651, 3.395, 4.257, 6.575, 6.229, 3.996, 1.431, 2.172, 4.015, 4.991, 5.848, 7.355, 6.323, 5.85, 5.629, 4.127, 2.891, 3.392, 3.396, 3.584, 3.493, 5.777, 8.003, 11.3, 14.049, 14.615, 13.781, 12.804, 12.644, 13.094, 13.92, 14.633, 13.758, 11.894, 7.928, 5.979, 6.518, 7.765, 6.893, 6.824, 8.112, 8.964, 8.661, 8.34, 8.47, 9.035, 9.681, 8.465, 5.905, 4.879, 4.392, 5.282, 5.771, 7.441, 6.817, 6.777, 6.372, 6.25, 4.832, 3.756, 2.852, 3.874, 5.096], [7.622, 6.898, 6.37, 6.574, 5.134, 4.364, 4.827, 3.349, 2.628, 2.712, 2.351, 1.681, 4.933, 4.714, 4.56, 4.572, 4.189, 3.584, 2.67, 2.239, 2.242, 1.771, 2.627, 2.44, 2.374, 2.36, 2.997, 2.451, 2.72, 3.241, 2.293, 2.145, 2.27, 0.0, 2.798, 2.152, 2.054, 1.714, 2.241, 1.661, 1.958, 1.462, 1.118, 1.118, 2.687, 5.136, 6.189, 5.25, 2.657, 1.526, 2.369, 1.644, 2.467, 2.251, 2.021, 1.638, 2.985, 4.526, 4.71, 5.504, 6.853, 6.982, 6.423, 5.034, 6.301, 7.477, 7.096, 5.806, 4.685, 4.542, 4.848, 5.372, 6.212, 6.361, 5.541, 7.861, 10.94, 9.502, 7.632, 8.146, 7.869, 5.772, 3.661, 3.691, 4.495, 5.503, 7.578, 7.25, 4.956, 2.503, 2.984, 5.546, 6.651, 7.386, 8.632, 7.544, 6.902, 6.74, 5.47, 3.954, 5.278, 4.999, 4.72, 5.069, 7.553, 9.814, 12.611, 15.054, 15.622, 15.017, 14.116, 14.377, 14.467, 15.271, 15.712, 14.875, 12.892, 8.955, 7.273, 7.655, 8.844, 8.198, 8.299, 9.167, 10.179, 9.802, 9.404, 9.615, 10.042, 10.708, 9.502, 7.715, 6.696, 5.738, 6.562, 7.142, 9.151, 8.43, 8.573, 7.57, 7.322, 6.449, 5.465, 4.486, 5.577, 6.533], [9.776, 9.109, 8.641, 8.792, 7.173, 6.358, 6.744, 5.454, 4.47, 4.411, 4.308, 2.413, 3.154, 3.481, 3.736, 3.425, 3.45, 3.594, 3.719, 4.235, 3.671, 2.49, 3.47, 3.283, 2.657, 3.274, 4.377, 3.21, 3.803, 4.853, 3.186, 2.754, 4.015, 2.798, 0.0, 1.876, 2.391, 2.236, 2.478, 2.991, 3.432, 2.31, 2.706, 2.554, 1.968, 3.144, 4.472, 3.611, 1.327, 2.968, 3.99, 2.619, 1.853, 3.129, 3.007, 2.979, 5.619, 7.07, 7.043, 7.927, 9.248, 9.339, 8.695, 7.307, 8.632, 9.801, 9.383, 7.973, 6.641, 6.581, 6.863, 7.636, 8.212, 8.367, 7.522, 9.918, 13.26, 11.784, 9.5, 9.647, 9.713, 7.678, 5.075, 5.441, 6.566, 7.573, 9.974, 9.602, 7.149, 4.053, 4.597, 7.361, 8.317, 9.397, 10.94, 9.819, 9.277, 9.13, 7.584, 6.332, 6.619, 5.906, 5.264, 6.049, 8.641, 11.406, 14.674, 17.493, 17.998, 17.193, 16.297, 16.027, 16.894, 17.689, 18.124, 17.174, 15.32, 11.333, 9.495, 10.013, 11.252, 10.568, 10.684, 11.798, 12.74, 12.178, 11.903, 12.167, 12.481, 13.054, 11.931, 9.111, 8.144, 6.741, 7.195, 8.75, 10.731, 10.44, 9.828, 9.744, 9.715, 8.402, 6.999, 5.572, 7.299, 8.642], [9.135, 8.439, 7.961, 8.092, 6.474, 5.634, 5.99, 4.695, 3.754, 3.754, 3.562, 1.425, 3.168, 3.185, 3.084, 3.036, 2.58, 2.236, 2.924, 3.589, 3.317, 2.399, 2.893, 2.704, 2.285, 2.469, 3.617, 3.201, 3.9, 4.706, 3.571, 3.376, 3.756, 2.152, 1.876, 0.0, 1.605, 1.839, 2.014, 2.276, 3.104, 2.131, 2.048, 2.001, 1.673, 3.568, 4.556, 3.626, 1.793, 2.408, 3.505, 2.801, 2.888, 3.324, 3.067, 2.581, 4.755, 6.163, 6.17, 7.03, 8.328, 8.463, 7.97, 6.556, 7.88, 9.021, 8.666, 7.196, 5.926, 5.805, 6.092, 6.809, 7.464, 7.628, 6.792, 9.251, 12.446, 10.909, 8.869, 9.239, 9.087, 6.993, 4.935, 4.933, 5.857, 6.812, 9.052, 8.702, 6.292, 3.753, 3.977, 6.886, 8.035, 8.882, 10.097, 9.005, 8.374, 8.256, 6.833, 5.463, 6.58, 6.43, 6.055, 6.483, 8.866, 11.151, 13.846, 16.576, 17.078, 16.39, 15.529, 15.818, 16.157, 16.925, 17.24, 16.278, 14.401, 10.411, 8.682, 9.151, 10.374, 9.823, 9.953, 10.915, 11.915, 11.326, 11.021, 11.284, 11.578, 12.158, 11.035, 8.995, 7.999, 7.001, 7.927, 8.647, 10.451, 9.935, 9.941, 8.861, 8.813, 7.885, 6.922, 5.827, 7.013, 7.987], [7.915, 7.238, 6.768, 6.919, 5.415, 4.643, 5.011, 3.721, 3.041, 3.293, 2.942, 1.765, 4.555, 4.319, 4.004, 4.271, 3.334, 2.476, 2.051, 2.591, 2.804, 2.125, 2.082, 2.047, 2.13, 2.16, 2.913, 2.701, 3.496, 3.985, 3.019, 3.145, 3.232, 2.054, 2.391, 1.605, 0.0, 1.543, 1.437, 2.13, 2.899, 2.282, 1.87, 1.556, 2.603, 4.697, 5.888, 4.922, 2.147, 2.301, 2.946, 2.297, 2.883, 2.901, 2.94, 1.87, 3.563, 5.039, 5.074, 5.968, 7.242, 7.389, 6.909, 5.472, 6.808, 7.912, 7.541, 6.103, 4.871, 4.789, 5.112, 5.781, 6.497, 6.645, 5.795, 8.13, 11.366, 9.801, 8.205, 8.686, 8.109, 6.11, 4.872, 4.594, 5.172, 6.172, 8.071, 7.648, 5.311, 3.427, 3.448, 5.724, 7.003, 7.775, 9.098, 7.856, 7.327, 7.146, 5.982, 5.119, 5.926, 6.119, 5.834, 6.102, 8.204, 10.067, 12.869, 15.513, 16.035, 15.204, 14.303, 14.634, 14.891, 15.633, 16.244, 15.34, 13.353, 9.374, 7.514, 7.987, 9.237, 8.49, 8.641, 9.764, 10.664, 10.139, 9.873, 10.12, 10.494, 11.1, 9.964, 8.226, 7.257, 6.73, 7.71, 8.46, 9.573, 9.188, 9.354, 8.369, 7.72, 6.982, 6.28, 5.43, 6.329, 6.952], [8.181, 7.459, 6.992, 7.175, 5.825, 5.068, 5.505, 4.133, 3.146, 3.296, 2.899, 1.886, 4.455, 4.329, 4.15, 4.254, 3.58, 2.957, 2.497, 2.745, 2.638, 1.714, 2.41, 2.343, 2.225, 2.443, 3.34, 2.745, 3.144, 3.43, 2.407, 2.456, 2.816, 1.714, 2.236, 1.839, 1.543, 0.0, 1.617, 2.226, 2.662, 1.894, 1.497, 1.158, 2.177, 4.37, 5.723, 4.907, 2.046, 2.0, 2.751, 1.894, 2.095, 2.638, 2.626, 1.531, 3.825, 5.537, 5.646, 6.506, 7.796, 7.928, 7.156, 5.865, 7.141, 8.366, 7.88, 6.546, 5.29, 5.193, 5.559, 6.098, 6.914, 7.041, 6.203, 8.466, 11.802, 10.36, 8.308, 8.8, 8.464, 6.362, 4.593, 4.516, 5.29, 6.392, 8.576, 8.226, 5.724, 3.058, 3.492, 5.927, 7.102, 7.912, 9.365, 8.317, 7.85, 7.603, 6.191, 4.93, 5.769, 5.81, 5.494, 5.802, 8.117, 10.227, 13.307, 16.053, 16.613, 15.788, 14.781, 14.771, 15.13, 16.003, 16.648, 15.779, 13.887, 9.93, 7.976, 8.515, 9.762, 8.861, 8.839, 10.108, 10.972, 10.649, 10.337, 10.46, 11.032, 11.678, 10.462, 8.237, 7.207, 6.576, 7.404, 8.061, 9.719, 9.051, 9.194, 8.466, 8.247, 7.017, 6.169, 5.253, 6.138, 7.084], [8.049, 7.337, 6.775, 7.015, 5.405, 4.566, 4.931, 3.68, 2.836, 2.688, 2.582, 1.485, 4.468, 4.398, 4.12, 4.31, 3.449, 2.491, 1.738, 2.543, 2.523, 1.599, 1.496, 1.642, 1.486, 1.606, 2.717, 2.3, 2.954, 3.6, 2.574, 2.852, 2.935, 2.241, 2.478, 2.014, 1.437, 1.617, 0.0, 1.856, 2.548, 1.938, 1.51, 1.931, 2.54, 4.7, 5.904, 5.103, 2.55, 2.694, 2.964, 2.236, 3.14, 3.178, 3.221, 1.994, 3.935, 5.505, 5.564, 6.432, 7.713, 7.853, 7.182, 5.752, 7.145, 8.295, 7.789, 6.453, 5.165, 4.913, 5.149, 5.773, 6.605, 6.573, 5.539, 8.295, 11.717, 10.275, 8.354, 8.84, 8.449, 6.332, 4.794, 4.632, 5.324, 6.429, 8.573, 8.141, 5.685, 2.77, 3.39, 5.893, 6.995, 7.845, 9.418, 8.296, 7.798, 7.603, 6.335, 5.259, 5.958, 5.871, 5.748, 5.84, 8.171, 9.946, 13.214, 15.968, 16.528, 15.693, 14.7, 14.571, 15.119, 15.993, 16.583, 15.749, 13.846, 9.867, 7.855, 8.449, 9.736, 8.762, 8.96, 10.198, 11.06, 10.56, 10.342, 10.549, 10.992, 11.593, 10.415, 8.242, 7.228, 6.784, 7.677, 8.316, 9.708, 9.26, 9.249, 8.599, 8.187, 7.057, 6.273, 5.288, 6.226, 7.187], [7.286, 6.486, 6.059, 6.23, 4.457, 