[[0.0, 1.385, 1.731, 1.892, 1.807, 4.012, 5.074, 4.904, 5.843, 6.192, 5.69, 4.744, 3.716, 4.213, 5.108, 4.239, 4.016, 4.451, 4.625, 4.471, 4.621, 4.98, 4.864, 4.788, 5.888, 5.881, 5.191, 4.285, 4.722, 3.353, 2.269, 2.133, 2.387, 3.221, 3.699, 3.461, 3.726, 3.799, 3.622, 3.817, 3.959, 4.781, 4.665, 4.64, 4.987, 5.267, 4.774, 3.641, 4.154, 4.997, 5.803, 6.393, 5.82, 5.358, 3.102, 3.042, 2.52, 1.701, 2.921, 5.333, 5.81, 4.46, 4.496, 5.054, 6.044, 5.416, 3.824, 3.778, 4.809, 4.866, 5.023, 5.977, 6.619, 5.68, 4.881, 5.801, 6.04, 5.135, 4.968, 3.93, 3.413, 3.278, 3.575, 4.649, 4.297, 3.565, 3.747, 4.425, 4.06, 3.413, 3.946, 4.015, 4.466, 4.853, 4.658, 4.804, 5.38, 5.721, 5.937, 5.915, 5.853, 6.629, 6.659, 6.951, 7.423, 5.573, 5.0, 5.921, 6.33, 7.004, 7.593, 8.389, 8.502, 8.062, 7.327, 6.52, 5.352, 5.154, 5.295, 6.276, 6.09, 5.82, 6.334, 5.722, 5.562, 5.732, 5.585, 5.255, 5.321, 5.759, 6.891, 7.436, 6.544, 5.604, 5.391, 5.594, 6.119, 5.934, 6.233, 7.214, 7.231, 7.177, 6.856, 5.999, 5.981, 6.953, 7.011, 5.815, 4.273, 4.923, 4.883, 4.09, 3.723, 3.269, 3.028, 3.976, 3.61, 4.864, 4.871, 5.161, 4.875, 4.388, 4.463, 5.128, 5.6, 6.522, 6.98, 7.694, 7.607, 7.14, 7.472, 7.363, 6.528, 5.7, 5.814, 6.519, 6.887, 6.435, 5.688, 5.209, 5.183, 5.806, 5.728, 4.96, 5.342, 4.863, 5.081, 5.474, 5.954, 6.396, 5.907, 6.445, 7.842, 10.647, 11.751, 11.887, 11.858, 11.95, 12.143, 10.851, 9.447, 7.506, 5.943, 5.43, 4.598, 5.201], [1.385, 0.0, 1.329, 1.855, 1.741, 3.722, 4.974, 4.342, 5.218, 5.625, 5.154, 4.573, 3.098, 3.785, 4.573, 3.938, 3.996, 4.721, 4.989, 4.756, 4.609, 4.702, 4.539, 4.541, 5.595, 5.356, 4.546, 3.689, 4.411, 3.005, 2.098, 1.962, 2.443, 3.091, 3.32, 3.142, 3.491, 4.09, 3.721, 3.622, 3.619, 4.147, 4.003, 3.955, 4.393, 4.65, 4.235, 3.104, 4.296, 5.136, 5.924, 6.425, 6.117, 5.459, 3.232, 2.502, 2.069, 1.432, 2.509, 5.163, 5.525, 4.196, 4.177, 4.897, 5.793, 4.899, 3.217, 3.67, 4.579, 4.359, 4.424, 5.395, 6.088, 4.99, 4.184, 5.196, 5.488, 4.978, 4.934, 3.463, 2.98, 3.081, 3.718, 4.78, 4.465, 3.772, 4.005, 4.761, 4.321, 3.062, 3.542, 3.854, 4.273, 4.651, 4.471, 4.718, 5.287, 5.59, 5.826, 5.624, 5.632, 6.515, 6.347, 6.738, 7.251, 5.439, 4.503, 5.324, 5.946, 6.424, 7.319, 8.677, 8.839, 8.38, 7.761, 6.929, 5.625, 5.43, 5.658, 6.317, 6.015, 5.73, 6.346, 5.765, 5.115, 5.174, 5.002, 4.803, 5.492, 5.877, 6.507, 7.005, 6.395, 5.513, 5.167, 5.694, 6.486, 6.275, 6.537, 7.454, 7.422, 7.375, 7.095, 6.196, 6.141, 7.21, 7.278, 6.073, 4.646, 5.176, 5.141, 4.42, 3.316, 2.823, 3.229, 4.341, 3.753, 4.212, 4.284, 4.523, 4.244, 3.741, 3.855, 4.6, 5.418, 6.474, 6.893, 7.506, 7.305, 6.721, 6.958, 6.803, 5.832, 5.13, 5.316, 5.939, 6.265, 5.872, 5.393, 5.418, 5.564, 6.072, 6.066, 5.328, 5.692, 5.159, 5.478, 5.977, 6.408, 6.788, 6.149, 6.668, 7.992, 10.817, 11.864, 12.008, 11.891, 12.041, 12.223, 11.046, 9.591, 7.615, 6.131, 5.751, 4.714, 5.399], [1.731, 1.329, 0.0, 1.23, 1.778, 4.411, 5.644, 5.048, 6.119, 6.414, 5.982, 5.227, 3.959, 4.565, 5.475, 4.809, 4.569, 4.975, 5.255, 5.264, 5.277, 5.608, 5.381, 5.215, 6.26, 5.884, 5.389, 4.469, 4.621, 3.656, 2.627, 2.489, 3.153, 3.474, 3.732, 3.849, 4.306, 4.553, 4.383, 4.274, 4.374, 5.026, 4.895, 4.817, 5.304, 5.588, 5.068, 3.982, 4.792, 5.77, 6.15, 6.451, 6.414, 5.314, 3.521, 3.284, 2.931, 1.918, 3.277, 5.959, 6.215, 4.722, 4.776, 5.518, 6.265, 5.474, 4.109, 4.26, 5.347, 5.187, 5.225, 6.125, 6.743, 5.679, 4.984, 5.936, 6.212, 5.628, 5.569, 4.001, 3.47, 3.377, 3.451, 4.117, 4.197, 3.903, 4.143, 4.723, 4.688, 3.886, 4.172, 4.552, 4.99, 5.416, 5.167, 5.385, 5.967, 6.316, 6.536, 6.321, 6.319, 7.184, 7.002, 7.488, 8.026, 6.143, 5.398, 6.24, 6.595, 7.293, 8.217, 9.408, 9.523, 9.09, 8.359, 7.481, 6.035, 5.886, 6.265, 7.132, 6.888, 6.583, 7.217, 6.605, 6.055, 6.094, 5.942, 5.685, 6.205, 6.651, 7.461, 7.931, 7.299, 6.264, 6.086, 6.504, 6.998, 6.743, 6.971, 7.799, 7.731, 7.673, 7.44, 6.516, 6.254, 7.043, 7.129, 6.377, 5.26, 5.735, 5.52, 4.854, 4.074, 3.47, 3.452, 4.441, 4.266, 5.005, 5.053, 5.389, 5.099, 4.574, 4.701, 5.081, 6.111, 7.115, 7.455, 8.111, 7.971, 7.4, 7.729, 7.669, 6.746, 6.019, 6.082, 6.796, 7.189, 6.718, 6.131, 6.185, 6.168, 6.501, 6.546, 5.881, 6.243, 5.721, 6.036, 6.555, 6.945, 7.218, 6.28, 6.373, 7.661, 10.088, 11.47, 11.497, 11.424, 11.49, 11.931, 10.835, 9.228, 7.169, 6.056, 6.038, 5.371, 5.721], [1.892, 1.855, 1.23, 0.0, 1.834, 4.424, 5.935, 5.725, 6.82, 7.046, 6.665, 5.597, 4.568, 5.261, 6.255, 5.544, 5.135, 5.297, 5.769, 5.785, 5.885, 6.348, 6.126, 5.671, 6.72, 6.506, 6.077, 5.139, 4.949, 4.069, 2.869, 3.117, 3.798, 4.05, 4.447, 4.516, 4.974, 5.049, 4.962, 4.876, 5.066, 5.656, 5.548, 5.482, 6.056, 6.292, 5.731, 4.735, 5.268, 6.311, 6.281, 6.706, 6.763, 5.544, 3.876, 3.871, 3.329, 2.357, 3.6, 5.992, 6.224, 4.899, 5.207, 5.862, 6.582, 6.075, 4.795, 4.922, 6.069, 5.919, 5.83, 6.693, 7.324, 6.178, 5.622, 6.608, 6.863, 6.012, 5.883, 4.547, 4.012, 3.778, 3.799, 4.295, 4.353, 4.113, 4.63, 5.116, 5.012, 4.529, 4.629, 4.894, 5.375, 5.599, 5.41, 5.686, 6.267, 6.621, 6.804, 6.448, 6.511, 7.486, 7.388, 7.76, 8.22, 6.574, 6.118, 6.964, 7.284, 7.962, 8.955, 10.008, 10.127, 9.705, 8.917, 7.984, 6.46, 6.436, 6.876, 7.822, 7.601, 7.297, 7.898, 7.284, 6.813, 6.805, 6.659, 6.469, 6.852, 7.33, 8.226, 8.695, 8.021, 6.975, 6.814, 7.149, 7.438, 7.189, 7.286, 8.031, 7.98, 7.913, 7.774, 6.747, 6.475, 7.177, 7.49, 6.602, 5.832, 6.297, 5.973, 5.251, 4.75, 4.176, 3.69, 4.639, 4.78, 5.626, 5.733, 6.09, 5.83, 5.269, 5.376, 5.527, 6.241, 7.345, 7.773, 8.59, 8.583, 8.091, 8.42, 8.321, 7.391, 6.709, 6.753, 7.447, 7.887, 7.439, 6.938, 6.813, 6.761, 6.804, 6.972, 6.354, 6.77, 6.324, 6.55, 7.087, 7.432, 7.631, 6.505, 6.518, 7.89, 10.313, 11.868, 11.95, 11.77, 11.809, 12.383, 11.252, 9.504, 7.521, 6.532, 6.519, 6.002, 6.088], [1.807, 1.741, 1.778, 1.834, 0.0, 3.14, 4.809, 4.656, 5.733, 5.955, 5.533, 4.478, 3.471, 4.129, 5.061, 4.336, 4.119, 4.761, 4.97, 4.887, 4.742, 5.132, 4.717, 4.57, 5.714, 5.369, 4.972, 4.069, 4.286, 2.817, 1.599, 1.677, 2.367, 2.972, 3.226, 3.38, 3.784, 4.09, 3.869, 3.708, 3.841, 4.591, 4.485, 4.422, 4.949, 5.213, 4.677, 3.782, 4.409, 5.254, 6.512, 7.254, 6.158, 5.85, 3.315, 2.692, 2.186, 1.638, 2.544, 4.67, 4.946, 3.715, 4.027, 4.603, 5.233, 4.748, 3.835, 3.875, 4.821, 4.755, 4.59, 5.455, 6.196, 5.066, 4.525, 5.481, 5.688, 4.838, 4.785, 3.417, 3.002, 3.679, 4.242, 5.301, 4.976, 4.153, 4.195, 5.134, 4.468, 3.368, 3.582, 3.663, 4.222, 4.39, 4.146, 4.56, 5.051, 5.408, 5.786, 5.509, 5.422, 6.294, 6.072, 6.452, 6.961, 5.455, 4.95, 5.769, 6.005, 6.748, 7.748, 8.914, 9.034, 8.572, 7.951, 7.103, 5.72, 5.51, 5.876, 6.615, 6.381, 6.076, 6.648, 6.016, 5.595, 5.703, 5.54, 5.091, 5.665, 6.055, 6.937, 7.409, 6.725, 5.683, 5.532, 6.002, 6.703, 6.454, 6.744, 7.724, 7.605, 7.565, 7.142, 6.397, 6.247, 7.546, 8.209, 6.371, 4.881, 5.313, 5.697, 4.536, 3.633, 2.983, 3.135, 3.801, 3.916, 4.497, 4.534, 4.927, 4.659, 4.17, 4.13, 4.192, 5.131, 6.073, 6.532, 7.391, 7.421, 6.875, 7.107, 7.14, 6.257, 5.456, 5.358, 6.07, 6.482, 6.257, 5.638, 5.647, 5.747, 6.363, 6.273, 5.55, 5.894, 5.281, 5.612, 6.111, 6.534, 6.798, 6.13, 7.033, 8.782, 11.408, 12.874, 13.039, 12.742, 12.855, 13.393, 12.197, 10.411, 8.468, 7.289, 6.564, 4.998, 5.984], [4.012, 3.722, 4.411, 4.424, 3.14, 0.0, 2.2, 3.308, 5.019, 4.835, 4.609, 3.249, 3.336, 4.354, 5.063, 5.475, 6.015, 7.201, 7.245, 6.918, 5.67, 5.347, 4.872, 3.396, 3.843, 4.257, 4.908, 4.036, 4.305, 2.512, 2.746, 3.686, 3.419, 3.276, 2.848, 3.336, 4.34, 5.441, 5.42, 4.913, 4.43, 4.3, 3.986, 3.824, 4.639, 4.506, 4.014, 4.779, 6.191, 6.279, 9.027, 9.936, 8.529, 8.801, 6.016, 3.505, 2.73, 3.024, 1.96, 2.296, 3.155, 2.26, 2.381, 2.367, 3.707, 4.226, 4.53, 5.452, 5.585, 5.254, 4.693, 4.761, 4.868, 5.375, 4.83, 4.4, 4.624, 3.436, 2.807, 3.233, 4.77, 6.282, 7.11, 8.254, 7.727, 6.061, 5.624, 6.939, 5.884, 4.11, 2.609, 2.24, 2.312, 2.51, 2.228, 2.144, 2.413, 2.742, 3.125, 2.993, 3.043, 3.601, 3.757, 3.874, 4.115, 3.281, 4.485, 5.032, 4.606, 5.334, 7.614, 9.07, 9.192, 8.747, 8.188, 7.475, 6.95, 6.615, 6.408, 6.739, 6.408, 6.133, 6.634, 6.085, 5.332, 5.308, 4.651, 4.866, 5.854, 6.226, 6.445, 6.82, 6.653, 5.947, 5.528, 6.734, 7.612, 6.817, 7.395, 8.376, 8.229, 8.069, 7.95, 7.286, 8.38, 10.312, 10.551, 7.81, 5.365, 6.555, 7.546, 6.115, 3.879, 2.865, 4.365, 5.946, 4.601, 3.663, 3.561, 4.345, 4.144, 3.542, 3.245, 2.902, 3.309, 3.488, 4.056, 5.121, 5.643, 5.314, 5.558, 5.581, 5.273, 4.268, 4.083, 4.783, 5.265, 5.371, 5.619, 5.937, 6.182, 7.752, 6.957, 6.652, 6.893, 6.12, 6.282, 6.977, 7.188, 7.337, 8.435, 9.731, 11.174, 14.292, 15.315, 15.568, 15.384, 15.648, 15.794, 14.199, 12.525, 11.168, 9.567, 8.281, 6.469, 7.909], [5.074, 4.974, 5.644, 5.935, 4.809, 2.2, 0.0, 2.521, 3.968, 3.572, 3.289, 2.11, 2.859, 3.97, 4.287, 5.201, 6.563, 7.238, 7.664, 7.685, 6.015, 4.939, 4.157, 2.389, 2.718, 3.266, 4.179, 3.224, 3.224, 2.342, 3.528, 4.353, 4.28, 4.15, 3.614, 3.623, 4.317, 5.69, 5.64, 5.14, 4.767, 4.075, 3.611, 3.665, 4.188, 3.703, 3.609, 5.451, 7.035, 6.893, 10.167, 11.009, 9.406, 9.932, 6.809, 3.17, 3.375, 4.076, 2.976, 2.126, 2.81, 1.823, 1.778, 1.387, 2.828, 3.366, 5.217, 6.257, 5.427, 4.677, 4.109, 3.731, 3.759, 4.671, 4.335, 3.419, 3.444, 2.593, 1.735, 2.878, 5.769, 7.401, 8.249, 9.395, 8.871, 7.179, 6.687, 8.049, 6.784, 3.944, 2.143, 1.843, 1.438, 1.901, 1.568, 0.987, 1.196, 1.252, 1.568, 1.785, 1.968, 2.312, 2.687, 2.643, 2.635, 1.666, 3.235, 3.585, 3.162, 3.879, 6.435, 8.203, 8.289, 7.81, 7.782, 7.449, 7.646, 7.47, 6.654, 6.134, 5.608, 5.376, 5.522, 5.183, 4.476, 4.39, 3.307, 4.142, 5.459, 5.649, 5.143, 5.34, 5.631, 5.66, 5.101, 6.447, 7.819, 6.907, 7.865, 9.107, 8.926, 8.801, 8.547, 8.154, 9.379, 11.393, 11.35, 8.622, 5.717, 7.29, 8.394, 6.817, 3.872, 3.212, 5.511, 6.826, 4.835, 3.089, 3.192, 3.775, 3.658, 2.962, 2.583, 2.276, 2.46, 1.981, 2.556, 3.589, 3.872, 3.832, 4.128, 4.081, 3.87, 2.9, 2.934, 3.36, 3.822, 4.364, 4.863, 5.346, 6.574, 8.546, 7.431, 7.131, 7.39, 6.464, 6.354, 6.737, 7.152, 7.809, 9.53, 10.828, 12.297, 15.417, 16.359, 16.501, 16.485, 16.703, 16.62, 15.01, 13.622, 12.184, 10.344, 8.951, 7.089, 8.791], [4.904, 4.342, 5.048, 5.725, 4.656, 3.308, 2.521, 0.0, 2.49, 2.26, 2.476, 2.529, 1.872, 2.007, 2.496, 3.2, 4.364, 5.16, 5.457, 5.52, 3.854, 3.014, 2.623, 1.9, 2.72, 2.523, 2.609, 1.865, 3.328, 2.273, 3.462, 3.638, 3.103, 2.758, 2.293, 2.294, 2.505, 3.619, 3.564, 3.006, 2.625, 2.067, 1.651, 1.541, 2.262, 1.731, 1.558, 3.274, 4.794, 4.652, 7.927, 8.768, 7.248, 7.691, 4.572, 2.492, 2.949, 3.505, 3.098, 3.77, 4.559, 2.712, 1.813, 2.85, 3.337, 2.266, 3.171, 4.217, 3.601, 2.983, 2.482, 2.672, 2.681, 3.059, 2.601, 2.334, 3.029, 2.855, 2.605, 1.755, 3.588, 5.254, 6.064, 7.335, 6.871, 5.698, 5.188, 6.461, 5.201, 2.534, 1.656, 2.309, 2.016, 2.665, 2.398, 2.235, 2.73, 3.405, 3.64, 3.549, 3.959, 4.433, 4.092, 4.643, 4.911, 2.36, 2.207, 2.507, 2.5, 2.805, 4.926, 6.477, 6.609, 6.165, 6.109, 5.676, 5.497, 5.278, 4.563, 4.358, 3.811, 3.538, 4.024, 3.677, 2.85, 2.628, 1.864, 2.659, 3.694, 3.967, 3.653, 3.954, 3.927, 4.055, 3.366, 4.376, 5.65, 5.063, 5.732, 7.089, 6.791, 6.779, 6.411, 6.183, 7.236, 9.232, 9.203, 6.594, 3.632, 5.09, 6.258, 4.649, 2.04, 2.03, 4.02, 5.006, 2.708, 1.65, 1.755, 2.381, 2.121, 1.733, 2.04, 2.727, 3.831, 3.899, 4.1, 4.2, 3.956, 3.343, 3.688, 3.611, 3.343, 2.479, 2.544, 3.268, 3.482, 3.229, 3.471, 3.548, 4.757, 6.402, 5.342, 5.041, 5.341, 4.517, 4.384, 4.686, 5.242, 5.912, 7.482, 8.791, 10.162, 13.261, 14.142, 14.336, 14.277, 14.479, 14.473, 12.838, 11.397, 9.976, 8.172, 6.652, 4.886, 6.627], [5.843, 5.218, 6.119, 6.82, 5.733, 5.019, 3.968, 2.49, 0.0, 1.176, 1.867, 2.479, 2.479, 2.001, 1.558, 2.778, 4.205, 4.681, 5.217, 5.294, 3.644, 2.654, 1.977, 2.721, 3.629, 3.464, 1.944, 2.891, 4.706, 3.968, 4.532, 4.485, 3.916, 3.354, 2.943, 2.67, 2.52, 3.448, 3.3, 3.031, 2.581, 1.794, 1.954, 2.002, 1.928, 1.854, 2.608, 3.201, 4.559, 4.386, 7.677, 8.562, 6.951, 7.417, 4.465, 3.233, 3.827, 4.651, 4.816, 5.596, 6.078, 4.762, 3.68, 3.992, 4.419, 2.899, 3.213, 4.0, 3.078, 2.177, 2.336, 3.451, 3.018, 2.744, 2.102, 2.125, 2.782, 3.357, 3.764, 3.749, 3.493, 5.021, 5.919, 7.185, 6.905, 6.016, 5.413, 6.679, 5.459, 2.745, 3.178, 3.547, 3.232, 3.493, 3.789, 3.582, 3.48, 4.302, 4.398, 4.604, 4.766, 4.878, 4.793, 5.309, 5.347, 3.073, 1.633, 1.878, 2.456, 2.296, 2.94, 4.56, 4.628, 4.199, 4.63, 5.027, 5.269, 5.024, 4.147, 2.904, 2.24, 2.311, 2.195, 2.011, 1.45, 1.351, 1.503, 1.702, 2.969, 2.647, 2.049, 2.462, 2.158, 2.441, 2.041, 3.716, 5.158, 4.284, 5.39, 6.657, 6.395, 6.181, 5.968, 5.779, 6.991, 8.988, 8.94, 6.303, 3.58, 4.927, 5.947, 4.423, 2.265, 2.902, 4.656, 5.115, 2.769, 1.665, 1.679, 1.448, 1.612, 1.854, 2.425, 3.949, 5.074, 4.67, 4.417, 4.535, 4.285, 3.631, 3.887, 3.718, 2.841, 2.194, 2.649, 3.222, 2.872, 2.015, 1.981, 2.399, 4.079, 6.105, 5.041, 4.807, 5.041, 4.04, 3.918, 4.102, 4.648, 5.667, 7.218, 8.614, 9.877, 12.965, 13.835, 14.019, 14.006, 14.257, 14.169, 12.568, 11.175, 9.737, 7.89, 6.509, 4.623, 6.33], [6.192, 5.625, 6.414, 7.046, 5.955, 4.835, 3.572, 2.26, 1.176, 0.0, 1.381, 2.007, 2.811, 2.459, 1.996, 3.512, 4.893, 5.562, 6.061, 6.08, 4.385, 3.416, 2.455, 2.281, 2.838, 2.589, 1.78, 2.588, 4.18, 3.708, 4.808, 4.854, 4.288, 3.613, 3.117, 3.119, 3.156, 4.126, 4.055, 3.747, 3.275, 2.419, 2.201, 2.217, 2.559, 2.084, 2.526, 3.889, 5.321, 5.163, 8.412, 9.369, 7.85, 8.132, 5.143, 3.531, 4.209, 4.924, 4.866, 5.373, 5.648, 4.381, 3.374, 3.5, 3.609, 2.405, 3.789, 4.843, 3.912, 2.701, 2.055, 2.587, 2.227, 2.325, 2.199, 1.448, 2.078, 2.56, 3.144, 3.504, 4.148, 5.644, 6.559, 7.803, 7.469, 6.538, 6.074, 7.338, 6.133, 3.219, 2.995, 3.286, 3.012, 3.369, 3.412, 3.223, 3.005, 3.856, 3.927, 3.826, 4.16, 4.122, 4.001, 4.555, 4.612, 2.59, 1.655, 1.503, 1.792, 1.764, 3.41, 5.205, 5.242, 4.875, 5.491, 5.833, 6.065, 5.832, 5.036, 3.766, 2.856, 3.039, 2.795, 2.512, 1.738, 1.696, 1.481, 2.383, 3.751, 3.471, 2.132, 2.277, 2.795, 3.213, 2.803, 4.609, 6.057, 5.158, 6.261, 7.524, 7.213, 6.931, 6.765, 6.467, 7.793, 9.786, 9.747, 7.17, 4.325, 5.711, 6.838, 5.226, 2.632, 3.241, 5.059, 5.748, 3.307, 1.775, 1.823, 2.077, 2.023, 2.152, 2.204, 3.259, 4.196, 3.784, 3.521, 3.68, 3.506, 2.873, 3.163, 3.015, 2.278, 1.679, 1.887, 2.507, 2.3, 1.767, 2.431, 3.036, 4.952, 6.978, 5.868, 5.649, 5.925, 4.883, 4.71, 4.83, 5.406, 6.326, 7.925, 9.379, 10.633, 13.662, 14.566, 14.894, 14.817, 15.049, 15.064, 13.422, 11.944, 10.578, 8.778, 7.349, 5.488, 7.229], [5.69, 5.154, 5.982, 6.665, 5.533, 4.609, 3.289, 2.476, 1.867, 1.381, 0.0, 1.731, 2.452, 2.723, 2.462, 4.03, 5.506, 6.096, 6.634, 6.655, 4.978, 3.953, 2.765, 2.1, 2.23, 2.077, 2.149, 2.419, 3.707, 3.373, 4.335, 4.312, 3.831, 3.485, 3.301, 3.116, 3.404, 4.595, 4.484, 4.044, 3.733, 2.922, 2.72, 2.809, 3.098, 2.724, 3.124, 4.421, 5.967, 5.852, 9.081, 9.976, 8.365, 8.818, 5.752, 3.067, 3.72, 4.518, 4.547, 4.987, 5.367, 4.103, 3.064, 3.168, 3.3, 2.288, 4.22, 5.249, 4.342, 3.111, 2.16, 2.095, 2.126, 2.717, 2.528, 1.641, 1.502, 2.081, 2.836, 3.241, 4.619, 6.27, 7.124, 8.357, 7.846, 6.675, 6.17, 7.394, 6.215, 3.09, 2.767, 3.031, 2.761, 3.207, 3.29, 2.973, 2.889, 3.485, 3.524, 3.621, 3.883, 3.56, 3.443, 3.975, 4.144, 2.353, 1.404, 1.198, 1.59, 2.236, 4.1, 6.041, 5.996, 5.679, 6.219, 6.405, 6.612, 6.433, 5.566, 4.465, 3.605, 3.608, 3.442, 3.064, 2.339, 2.344, 1.835, 2.779, 4.316, 4.164, 2.703, 2.678, 3.715, 3.842, 3.51, 5.174, 6.564, 5.747, 6.823, 8.075, 7.858, 7.673, 7.482, 7.095, 8.349, 10.368, 10.308, 7.592, 4.708, 6.26, 7.365, 5.784, 2.704, 2.841, 4.928, 5.995, 3.778, 2.079, 2.232, 2.366, 2.404, 2.112, 1.975, 3.034, 3.67, 3.451, 3.028, 3.134, 2.845, 2.409, 2.748, 2.62, 2.179, 1.641, 1.835, 2.273, 2.274, 2.161, 2.906, 3.522, 5.448, 7.53, 6.411, 6.086, 6.348, 5.37, 5.195, 5.34, 5.775, 6.753, 8.403, 9.849, 11.259, 14.334, 15.244, 15.436, 15.416, 15.673, 15.586, 13.979, 12.592, 11.154, 9.308, 7.942, 6.029, 7.729], [4.744, 4.573, 5.227, 5.597, 4.478, 3.249, 2.11, 2.529, 2.479, 2.007, 1.731, 0.0, 2.009, 3.124, 3.068, 4.587, 6.006, 6.654, 7.151, 7.145, 5.468, 4.392, 3.164, 1.897, 2.394, 2.554, 2.733, 2.786, 3.399, 2.349, 3.285, 3.959, 3.811, 3.611, 3.228, 3.157, 3.804, 5.082, 4.979, 4.536, 4.234, 3.358, 3.188, 3.24, 3.613, 3.249, 3.558, 4.94, 6.466, 6.293, 9.585, 10.469, 8.942, 9.324, 6.248, 2.656, 3.08, 3.636, 3.373, 3.767, 4.216, 2.945, 2.414, 2.068, 2.883, 2.839, 4.696, 5.785, 4.827, 3.684, 2.769, 3.018, 3.089, 3.559, 3.073, 2.331, 2.274, 1.667, 1.924, 3.184, 5.079, 6.76, 7.632, 8.809, 8.287, 6.675, 6.269, 7.621, 6.348, 3.284, 1.904, 1.788, 1.491, 1.905, 1.831, 1.752, 1.705, 2.472, 2.56, 2.602, 2.864, 2.937, 2.802, 3.369, 3.527, 1.641, 1.946, 2.101, 2.099, 2.962, 5.019, 6.863, 6.891, 6.437, 6.88, 6.913, 7.121, 6.923, 6.128, 5.064, 4.268, 4.262, 4.061, 3.731, 3.073, 3.003, 2.43, 3.159, 4.748, 4.705, 3.643, 3.857, 4.255, 4.656, 4.099, 5.726, 7.154, 6.32, 7.355, 8.616, 8.314, 8.071, 7.867, 7.58, 8.88, 10.846, 10.839, 8.151, 5.239, 6.781, 7.93, 6.304, 3.173, 2.835, 5.099, 6.319, 4.228, 2.17, 2.325, 2.796, 2.862, 2.207, 1.77, 2.303, 2.876, 2.561, 2.643, 3.414, 3.387, 2.907, 3.357, 3.246, 2.693, 1.693, 1.831, 2.469, 2.993, 2.759, 3.51, 4.186, 6.032, 8.072, 6.956, 6.631, 6.93, 5.956, 5.714, 5.858, 6.361, 7.203, 8.861, 10.265, 11.731, 14.829, 15.734, 15.986, 15.909, 16.163, 16.156, 14.514, 13.082, 11.67, 9.872, 8.448, 6.584, 8.321], [3.716, 3.098, 3.959, 4.568, 3.471, 3.336, 2.859, 1.872, 2.479, 2.811, 2.452, 2.009, 0.0, 1.754, 2.268, 2.939, 4.258, 4.873, 5.376, 5.45, 3.852, 2.981, 2.598, 2.275, 3.316, 3.195, 2.544, 2.222, 3.67, 2.004, 2.462, 2.621, 2.441, 2.804, 2.521, 2.022, 2.305, 3.4, 3.318, 2.869, 2.523, 2.192, 2.057, 2.051, 2.399, 2.297, 2.578, 3.242, 4.718, 4.593, 7.836, 8.721, 7.117, 7.576, 4.515, 1.676, 1.912, 2.51, 2.809, 3.823, 4.555, 2.998, 2.319, 3.095, 3.749, 3.193, 3.381, 4.087, 3.418, 2.79, 2.618, 3.374, 3.774, 3.396, 2.539, 3.024, 3.176, 2.859, 2.857, 2.567, 3.456, 5.077, 5.933, 7.205, 6.71, 5.211, 4.86, 6.135, 4.833, 1.948, 1.608, 2.17, 2.009, 2.468, 2.386, 2.503, 3.116, 3.566, 3.828, 3.659, 3.951, 4.461, 4.186, 4.632, 5.11, 2.9, 1.949, 2.799, 3.378, 3.983, 4.939, 6.491, 6.621, 6.178, 6.024, 5.776, 5.421, 5.289, 4.502, 4.22, 3.64, 3.375, 3.991, 3.502, 2.695, 2.589, 2.487, 2.632, 3.749, 3.949, 3.891, 4.387, 3.947, 3.897, 3.15, 4.037, 5.447, 5.093, 5.783, 7.16, 6.768, 6.841, 6.516, 6.328, 7.148, 9.169, 9.075, 6.465, 3.717, 5.049, 6.108, 4.544, 1.879, 1.737, 3.644, 4.908, 2.643, 1.893, 2.232, 2.468, 2.171, 1.797, 1.775, 2.804, 3.795, 4.318, 4.46, 4.903, 4.642, 4.171, 4.467, 4.344, 3.36, 2.666, 2.824, 3.519, 3.902, 3.367, 3.219, 3.312, 4.736, 6.263, 5.358, 4.944, 5.229, 4.43, 4.163, 4.367, 4.988, 6.006, 7.312, 8.72, 10.063, 13.145, 13.992, 14.178, 14.162, 14.415, 14.33, 12.721, 11.334, 9.896, 8.04, 6.659, 4.751, 6.496], [4.213, 3.785, 4.565, 5.261, 4.129, 4.354, 3.97, 2.007, 2.001, 2.459, 2.723, 3.124, 1.754, 0.0, 1.542, 1.942, 2.947, 3.648, 4.143, 4.308, 2.708, 2.141, 1.896, 2.639, 3.767, 3.589, 2.043, 2.361, 4.434, 3.108, 3.266, 2.967, 2.321, 2.631, 2.025, 1.768, 1.271, 2.375, 2.18, 1.751, 1.516, 1.438, 1.436, 1.401, 1.779, 1.546, 2.219, 2.451, 3.427, 3.413, 6.515, 7.4, 5.836, 6.259, 3.279, 2.323, 2.46, 3.164, 4.023, 4.979, 5.682, 3.915, 3.017, 4.031, 4.535, 3.095, 2.797, 3.045, 2.263, 2.065, 2.117, 3.479, 3.492, 2.908, 2.142, 2.823, 3.559, 3.72, 3.727, 2.944, 2.655, 4.021, 4.865, 6.162, 5.651, 4.625, 4.204, 5.352, 4.281, 1.496, 2.494, 3.081, 3.2, 3.813, 3.723, 3.619, 4.134, 4.673, 4.786, 4.721, 4.941, 5.453, 5.287, 5.735, 6.262, 3.813, 2.153, 2.826, 3.649, 3.65, 4.106, 5.354, 5.546, 5.131, 5.031, 4.679, 4.297, 4.064, 3.411, 3.078, 2.629, 2.462, 3.113, 2.591, 2.014, 1.971, 2.008, 1.992, 2.796, 3.021, 3.38, 3.812, 3.07, 2.729, 2.162, 3.117, 4.309, 3.851, 4.521, 5.811, 5.464, 5.624, 5.383, 5.18, 5.975, 8.045, 7.948, 5.389, 2.669, 3.79, 4.976, 3.386, 1.144, 1.935, 3.162, 3.98, 1.737, 1.853, 2.11, 1.818, 1.44, 1.54, 2.368, 3.935, 4.989, 5.359, 5.428, 5.524, 5.326, 4.665, 4.908, 4.795, 3.781, 3.23, 3.487, 4.282, 3.924, 3.11, 2.46, 2.3, 3.535, 5.136, 4.188, 3.846, 4.093, 3.222, 3.193, 3.523, 4.105, 4.856, 6.251, 7.678, 8.971, 11.987, 12.733, 12.936, 12.903, 13.154, 13.105, 11.513, 10.104, 8.606, 6.808, 5.673, 3.587, 5.245], [5.108, 4.573, 5.475, 6.255, 5.061, 5.063, 4.287, 2.496, 1.558, 1.996, 2.462, 3.068, 2.268, 1.542, 0.0, 1.719, 3.192, 3.72, 4.28, 4.466, 2.88, 2.073, 1.36, 2.602, 3.643, 3.385, 1.909, 2.448, 4.298, 3.578, 4.148, 3.878, 3.314, 3.38, 2.918, 2.567, 1.911, 2.582, 2.438, 2.072, 1.907, 1.652, 1.656, 1.784, 1.52, 1.68, 2.475, 2.368, 3.594, 3.543, 6.702, 7.587, 5.997, 6.441, 3.53, 2.783, 3.224, 4.14, 4.679, 5.465, 5.734, 4.348, 3.55, 4.275, 4.353, 2.79, 2.916, 3.192, 2.279, 1.48, 1.744, 3.191, 3.216, 2.342, 1.765, 2.578, 3.403, 3.55, 3.627, 3.374, 3.048, 4.246, 5.054, 6.338, 6.0, 5.043, 4.633, 5.808, 4.743, 2.246, 2.935, 3.485, 3.375, 3.859, 3.751, 3.743, 4.124, 4.953, 4.882, 4.579, 4.85, 5.313, 5.094, 5.615, 6.07, 3.774, 2.033, 2.51, 3.377, 3.323, 3.37, 5.058, 5.148, 4.802, 5.108, 4.743, 4.41, 4.189, 3.522, 2.918, 2.065, 2.256, 2.578, 2.162, 1.357, 1.361, 1.918, 2.141, 3.024, 3.172, 2.418, 2.8, 2.528, 2.669, 2.091, 3.004, 4.44, 4.056, 4.761, 5.995, 5.618, 5.763, 5.429, 5.303, 6.094, 8.151, 8.023, 5.573, 2.966, 3.961, 5.032, 3.516, 1.958, 2.786, 3.987, 4.245, 2.275, 2.267, 2.617, 1.972, 1.678, 2.292, 2.466, 3.827, 4.747, 5.101, 5.2, 5.298, 5.081, 4.472, 4.704, 4.591, 3.557, 3.063, 3.296, 4.108, 3.569, 2.541, 2.185, 2.377, 3.769, 5.241, 4.341, 4.015, 4.276, 3.371, 3.281, 3.52, 4.169, 5.189, 6.404, 7.819, 9.096, 12.074, 12.874, 13.069, 13.04, 13.291, 13.227, 11.643, 10.24, 8.762, 6.949, 5.801, 3.719, 5.448], [4.239, 3.938, 4.809, 5.544, 4.336, 5.475, 5.201, 3.2, 2.778, 3.512, 4.03, 4.587, 2.939, 1.942, 1.719, 0.0, 1.639, 2.216, 2.692, 2.879, 1.765, 1.516, 1.89, 3.666, 4.943, 4.582, 2.926, 2.694, 4.723, 3.565, 3.557, 3.164, 2.747, 3.655, 3.163, 2.768, 1.576, 1.55, 1.273, 1.227, 1.499, 1.858, 1.937, 2.099, 1.716, 2.285, 2.644, 1.995, 2.084, 2.545, 5.116, 5.95, 4.397, 4.858, 2.22, 2.654, 3.061, 3.631, 4.621, 5.78, 6.113, 4.644, 4.041, 5.212, 5.494, 3.719, 2.43, 2.006, 1.544, 1.724, 2.568, 4.268, 4.452, 2.962, 2.277, 3.91, 4.814, 4.914, 4.767, 3.102, 2.315, 3.008, 3.515, 4.787, 4.403, 3.824, 3.443, 4.435, 3.63, 2.192, 3.466, 4.144, 4.535, 5.002, 4.855, 4.92, 5.412, 5.864, 5.979, 5.898, 6.027, 6.747, 6.565, 7.056, 7.594, 5.172, 3.411, 4.039, 4.899, 4.756, 3.823, 5.103, 5.309, 4.907, 4.744, 4.138, 3.216, 3.106, 2.978, 2.69, 2.271, 2.281, 2.844, 2.59, 2.514, 2.533, 3.104, 2.614, 2.629, 2.838, 3.481, 3.817, 2.729, 2.306, 1.971, 2.342, 3.647, 3.562, 4.096, 5.303, 5.1, 5.28, 4.675, 4.376, 4.598, 6.536, 6.599, 4.421, 2.348, 2.702, 3.719, 2.185, 2.033, 2.963, 3.498, 2.959, 2.201, 3.026, 3.358, 2.465, 2.157, 2.969, 3.524, 4.836, 5.756, 6.62, 6.764, 6.793, 6.633, 6.024, 6.256, 6.142, 5.108, 4.585, 4.846, 5.641, 4.946, 3.863, 2.923, 2.43, 3.074, 4.156, 3.662, 3.003, 3.256, 2.554, 2.788, 2.934, 3.713, 4.519, 4.905, 6.222, 7.548, 10.451, 11.362, 11.504, 11.45, 11.681, 11.719, 10.315, 8.806, 7.133, 5.524, 4.646, 2.479, 3.972], [4.016, 3.996, 4.569, 5.135, 4.119, 6.015, 6.563, 4.364, 4.205, 4.893, 5.506, 6.006, 4.258, 2.947, 3.192, 1.639, 0.0, 1.395, 1.668, 1.868, 1.595, 2.185, 3.203, 5.046, 6.32, 5.797, 4.1, 3.819, 5.591, 4.684, 3.986, 3.339, 3.097, 3.998, 3.63, 3.326, 2.354, 1.613, 1.496, 1.735, 1.905, 2.826, 3.102, 3.06, 2.816, 3.334, 3.394, 2.332, 1.422, 2.175, 3.771, 4.549, 3.372, 3.376, 1.667, 3.647, 3.861, 3.808, 5.252, 7.083, 7.29, 5.551, 5.106, 6.472, 6.63, 4.842, 2.763, 1.917, 2.199, 2.757, 3.657, 5.489, 5.637, 3.738, 3.391, 5.262, 6.176, 6.344, 6.136, 4.014, 2.24, 2.31, 2.414, 3.399, 3.278, 3.218, 3.079, 3.895, 3.215, 3.173, 4.684, 5.496, 5.947, 6.485, 6.203, 6.336, 6.814, 7.312, 7.436, 7.26, 7.369, 8.173, 7.989, 8.54, 9.074, 6.656, 4.895, 5.517, 6.358, 6.096, 4.753, 5.247, 5.451, 5.088, 4.419, 3.685, 2.53, 2.37, 2.472, 3.102, 3.111, 2.97, 3.341, 3.462, 3.795, 3.836, 4.508, 3.785, 2.627, 2.897, 4.716, 4.947, 3.689, 2.781, 2.857, 2.372, 3.166, 3.047, 3.501, 4.61, 4.386, 4.477, 4.025, 3.711, 3.761, 5.282, 5.633, 3.827, 2.055, 2.048, 2.941, 1.716, 2.926, 3.622, 3.56, 2.314, 2.443, 4.109, 4.184, 3.531, 3.22, 4.088, 4.983, 6.05, 7.147, 7.975, 8.043, 8.182, 8.108, 7.508, 7.74, 7.626, 6.592, 6.069, 6.33, 7.125, 6.404, 5.149, 4.231, 2.995, 2.552, 3.655, 3.166, 2.462, 2.714, 2.169, 2.476, 2.827, 3.452, 3.977, 3.919, 4.948, 6.36, 9.141, 10.194, 10.465, 10.147, 10.357, 10.696, 9.378, 7.667, 5.853, 4.52, 3.845, 1.957, 3.016], [4.451, 4.721, 4.975, 5.297, 4.761, 7.201, 7.238, 5.16, 4.681, 5.562, 6.096, 6.654, 4.873, 3.648, 3.72, 2.216, 1.395, 0.0, 1.174, 2.04, 2.034, 2.576, 3.794, 5.675, 6.993, 6.543, 4.727, 4.386, 5.631, 5.445, 4.884, 3.99, 4.087, 4.917, 4.518, 4.225, 3.139, 2.025, 2.093, 2.597, 2.898, 3.479, 3.846, 3.822, 3.522, 3.985, 4.291, 3.246, 1.763, 2.608, 3.702, 4.359, 3.17, 2.926, 1.971, 4.328, 4.856, 4.85, 6.222, 7.7, 7.945, 6.359, 5.868, 7.175, 7.295, 5.353, 3.512, 2.4, 2.447, 3.153, 4.39, 6.229, 6.386, 4.333, 4.09, 5.91, 6.862, 6.942, 6.791, 4.924, 3.157, 2.894, 2.459, 3.146, 3.51, 3.941, 3.576, 4.203, 3.759, 3.809, 5.393, 6.136, 6.543, 7.065, 6.877, 6.953, 7.472, 7.905, 8.02, 7.927, 7.987, 8.8, 8.629, 9.12, 9.654, 7.236, 5.475, 6.097, 6.938, 6.726, 4.782, 4.936, 5.168, 4.843, 4.232, 3.662, 2.78, 2.5, 2.539, 3.004, 3.246, 3.224, 3.475, 3.885, 4.276, 4.3, 5.13, 4.373, 2.873, 3.087, 5.106, 5.282, 3.773, 2.956, 3.234, 2.287, 3.019, 3.012, 3.516, 4.69, 4.508, 4.765, 4.176, 4.032, 3.845, 5.157, 5.466, 3.859, 2.534, 2.359, 2.893, 2.243, 3.609, 4.632, 4.316, 2.68, 3.133, 4.948, 5.097, 4.188, 4.018, 4.853, 5.563, 6.743, 7.815, 8.664, 8.809, 8.869, 8.696, 8.087, 8.319, 8.206, 7.172, 6.648, 6.91, 7.705, 6.982, 5.814, 4.82, 3.411, 2.67, 3.633, 3.247, 2.522, 2.787, 2.297, 2.5, 2.537, 3.329, 4.194, 4.093, 4.902, 6.339, 8.723, 9.941, 10.047, 9.948, 9.996, 10.398, 9.241, 7.663, 5.592, 4.21, 3.801, 2.086, 2.909], [4.625, 4.989, 5.255, 5.769, 4.97, 7.245, 7.664, 5.457, 5.217, 6.061, 6.634, 7.151, 5.376, 4.143, 4.28, 2.692, 1.668, 1.174, 0.0, 1.245, 1.935, 2.838, 4.271, 6.158, 7.463, 7.031, 5.196, 4.909, 6.408, 5.8, 4.973, 4.2, 4.164, 4.991, 4.615, 4.363, 3.468, 2.318, 2.415, 2.825, 3.095, 3.934, 4.273, 4.118, 3.85, 4.435, 4.441, 3.292, 1.755, 2.115, 2.909, 3.626, 2.509, 2.347, 2.302, 4.673, 4.906, 4.902, 6.346, 8.158, 8.414, 6.685, 6.243, 7.603, 7.812, 5.846, 3.418, 2.259, 2.572, 3.644, 4.865, 6.717, 6.873, 4.798, 4.578, 6.39, 7.35, 7.464, 7.26, 5.17, 3.222, 3.148, 2.643, 2.968, 3.469, 3.797, 3.375, 3.862, 3.607, 4.256, 5.823, 6.614, 7.045, 7.584, 7.32, 7.453, 7.95, 8.41, 8.535, 8.415, 8.499, 9.312, 9.125, 9.638, 10.173, 7.755, 5.993, 6.615, 7.457, 7.204, 4.533, 4.39, 4.574, 4.268, 3.571, 2.879, 1.976, 1.731, 1.992, 2.793, 3.61, 3.513, 3.83, 4.375, 4.788, 4.794, 5.605, 4.884, 3.128, 3.444, 5.561, 5.761, 4.024, 3.214, 3.736, 1.951, 2.291, 2.462, 2.818, 3.868, 3.607, 3.814, 3.212, 3.274, 2.911, 4.212, 4.658, 3.24, 2.474, 1.639, 2.148, 2.085, 4.013, 4.767, 4.345, 2.618, 3.385, 5.348, 5.346, 4.676, 4.404, 5.213, 6.082, 7.231, 8.312, 9.135, 9.296, 9.364, 9.215, 8.606, 8.838, 8.725, 7.69, 7.167, 7.428, 8.224, 7.5, 6.311, 5.347, 3.886, 2.081, 2.714, 2.413, 1.796, 1.803, 1.849, 2.218, 2.204, 2.939, 3.266, 3.342, 3.974, 5.467, 8.016, 9.226, 9.371, 9.228, 9.274, 9.71, 8.424, 6.784, 4.795, 3.477, 2.864, 1.795, 2.138], [4.471, 4.756, 5.264, 5.785, 4.887, 6.918, 7.685, 5.52, 5.294, 6.08, 6.655, 7.145, 5.45, 4.308, 4.466, 2.879, 1.868, 2.04, 1.245, 0.0, 1.79, 2.816, 4.242, 6.125, 7.454, 6.984, 5.19, 5.055, 6.912, 5.789, 4.77, 4.204, 3.887, 4.618, 4.511, 4.262, 3.438, 2.312, 2.374, 2.831, 3.124, 3.931, 4.312, 4.266, 3.877, 4.585, 4.515, 2.928, 1.561, 2.048, 2.571, 3.34, 2.196, 2.354, 2.396, 4.821, 4.698, 4.415, 5.819, 8.146, 8.403, 6.737, 6.175, 7.524, 7.814, 5.993, 2.912, 1.921, 2.496, 3.729, 4.788, 6.644, 6.83, 4.843, 4.521, 6.337, 7.296, 7.476, 7.216, 4.993, 3.013, 2.955, 2.589, 2.909, 3.149, 3.161, 2.732, 3.177, 3.0, 4.274, 5.747, 6.598, 7.033, 7.571, 7.289, 7.474, 7.912, 8.398, 8.542, 8.396, 8.556, 9.311, 9.127, 9.647, 10.16, 7.742, 5.981, 6.603, 7.45, 7.169, 4.62, 4.316, 4.46, 4.118, 3.383, 2.621, 1.69, 1.433, 2.071, 3.01, 3.722, 3.536, 3.845, 4.371, 4.808, 4.873, 5.612, 4.871, 3.133, 3.475, 5.616, 5.837, 4.097, 3.263, 3.851, 2.075, 2.26, 2.345, 2.565, 3.465, 3.404, 3.451, 2.871, 2.673, 2.442, 3.854, 4.337, 2.532, 2.29, 1.598, 1.605, 1.895, 4.077, 4.601, 3.929, 2.657, 3.349, 5.297, 5.282, 4.663, 4.372, 5.214, 6.069, 7.179, 8.327, 9.066, 9.212, 9.344, 9.202, 8.593, 8.825, 8.721, 7.687, 7.155, 7.416, 8.211, 7.496, 6.31, 5.392, 3.957, 1.886, 2.273, 2.052, 1.609, 1.629, 1.956, 2.26, 2.113, 2.57, 2.985, 2.7, 3.41, 4.817, 7.855, 9.026, 9.244, 8.948, 9.092, 9.402, 7.99, 6.307, 4.573, 3.272, 2.329, 1.665, 1.873], [4.621, 4.609, 5.277, 5.885, 4.742, 5.67, 6.015, 3.854, 3.644, 4.385, 4.978, 5.468, 3.852, 2.708, 2.88, 1.765, 1.595, 2.034, 1.935, 1.79, 0.0, 1.217, 2.596, 4.578, 5.872, 5.625, 3.829, 3.992, 6.177, 4.687, 4.204, 3.767, 3.043, 3.486, 3.263, 2.81, 1.956, 1.712, 1.709, 1.764, 1.701, 2.257, 2.781, 2.738, 2.189, 2.874, 3.084, 2.207, 1.398, 1.4, 4.182, 5.001, 3.569, 3.946, 2.438, 3.845, 3.731, 3.959, 4.987, 6.61, 7.334, 5.627, 4.832, 6.09, 6.446, 4.885, 2.295, 1.347, 1.357, 2.441, 3.499, 5.376, 5.32, 3.759, 3.308, 4.79, 5.674, 5.899, 5.75, 4.062, 2.563, 2.922, 2.967, 3.941, 4.109, 3.538, 2.874, 3.729, 3.049, 2.87, 4.295, 5.217, 5.375, 5.908, 5.629, 5.798, 6.243, 6.768, 6.943, 6.786, 7.169, 7.723, 7.456, 7.999, 8.497, 6.079, 4.318, 4.94, 5.781, 5.498, 3.474, 4.272, 4.435, 4.04, 3.631, 2.847, 2.027, 1.956, 1.824, 2.074, 2.204, 2.083, 2.535, 2.814, 3.141, 3.174, 3.936, 3.219, 1.892, 2.139, 3.967, 4.158, 2.582, 1.911, 2.205, 1.588, 2.837, 2.375, 2.775, 3.923, 3.745, 3.814, 3.256, 2.946, 3.547, 5.508, 5.679, 3.078, 1.542, 1.78, 2.7, 1.809, 2.539, 3.19, 3.467, 2.851, 2.209, 3.662, 3.782, 2.992, 2.699, 3.551, 4.564, 5.839, 7.014, 7.425, 7.569, 7.691, 7.539, 6.93, 7.162, 7.051, 6.016, 5.492, 5.753, 6.548, 5.824, 4.63, 3.701, 2.636, 1.843, 2.888, 2.34, 2.014, 2.012, 1.466, 1.756, 1.989, 2.666, 3.258, 4.031, 5.13, 6.457, 9.543, 10.562, 10.762, 10.578, 10.799, 10.905, 9.285, 7.705, 6.271, 4.586, 3.361, 1.448, 3.013], [4.98, 4.702, 5.608, 6.348, 5.132, 5.347, 4.939, 3.014, 2.654, 3.416, 3.953, 4.392, 2.981, 2.141, 2.073, 1.516, 2.185, 2.576, 2.838, 2.816, 1.217, 0.0, 1.611, 3.718, 5.078, 4.874, 3.069, 3.378, 5.489, 4.07, 4.219, 3.903, 3.177, 3.343, 3.057, 2.514, 1.637, 1.982, 1.942, 1.806, 1.583, 1.559, 2.128, 2.2, 1.605, 2.031, 2.706, 2.324, 2.382, 2.22, 5.331, 6.132, 4.55, 5.096, 3.06, 3.294, 3.427, 4.237, 4.799, 5.879, 6.768, 5.048, 4.021, 5.231, 5.73, 4.105, 2.318, 1.847, 1.146, 1.753, 2.829, 4.676, 4.576, 3.247, 2.692, 3.839, 4.804, 5.02, 4.952, 3.85, 2.881, 3.498, 3.714, 4.763, 4.812, 4.168, 3.283, 4.351, 3.421, 2.561, 3.54, 4.297, 4.268, 4.766, 4.61, 4.717, 5.213, 5.729, 6.027, 5.996, 6.312, 6.817, 6.509, 7.033, 7.375, 4.95, 3.173, 3.79, 4.667, 4.42, 2.758, 4.153, 4.292, 3.881, 3.739, 3.1, 2.869, 2.709, 2.079, 1.873, 1.671, 1.478, 1.828, 2.105, 2.162, 2.326, 2.843, 2.22, 1.517, 1.728, 2.901, 3.234, 1.848, 1.735, 1.508, 1.725, 3.182, 2.622, 3.224, 4.506, 4.274, 4.389, 3.941, 3.662, 4.57, 6.597, 6.531, 3.86, 1.674, 2.517, 3.625, 2.419, 2.087, 2.787, 3.709, 3.299, 1.994, 2.737, 2.877, 2.135, 1.873, 2.65, 3.604, 5.115, 6.228, 6.445, 6.624, 6.66, 6.423, 5.781, 6.013, 5.913, 4.873, 4.342, 4.605, 5.398, 4.748, 3.591, 2.794, 2.054, 2.175, 3.733, 2.734, 2.404, 2.595, 1.819, 1.815, 2.102, 2.677, 3.495, 4.891, 6.068, 7.518, 10.64, 11.548, 11.711, 11.673, 11.864, 11.793, 10.161, 8.8, 7.283, 5.516, 4.169, 2.286, 4.004], [4.864, 4.539, 5.381, 6.126, 4.717, 4.872, 4.157, 2.623, 1.977, 2.455, 2.765, 3.164, 2.598, 1.896, 1.36, 1.89, 3.203, 3.794, 4.271, 4.242, 2.596, 1.611, 0.0, 2.527, 3.877, 3.578, 2.068, 2.541, 4.338, 3.4, 3.824, 3.453, 2.878, 2.933, 2.818, 2.323, 1.739, 2.416, 2.277, 2.006, 1.762, 1.682, 1.868, 2.0, 1.756, 1.976, 2.694, 2.672, 3.628, 3.565, 6.76, 7.561, 5.978, 6.525, 3.469, 2.624, 3.134, 4.035, 4.429, 5.131, 5.647, 4.348, 3.35, 4.042, 4.302, 2.792, 2.915, 2.932, 1.961, 1.304, 1.746, 3.384, 3.426, 2.503, 1.835, 2.528, 3.5, 3.723, 3.722, 3.366, 3.123, 4.139, 4.864, 6.021, 5.675, 4.626, 3.953, 5.225, 4.082, 2.14, 2.878, 3.507, 3.326, 3.796, 3.514, 3.737, 4.011, 4.775, 4.895, 4.8, 5.139, 5.484, 5.123, 5.698, 6.023, 3.798, 2.048, 2.511, 3.272, 3.236, 3.233, 5.039, 5.077, 4.692, 5.031, 4.413, 4.303, 4.135, 3.426, 2.858, 2.111, 2.137, 2.3, 1.916, 1.532, 1.706, 1.919, 1.908, 2.547, 2.83, 2.532, 3.005, 2.426, 2.535, 1.949, 3.055, 4.567, 4.022, 4.67, 5.873, 5.76, 5.84, 5.366, 5.055, 5.971, 7.986, 8.007, 5.317, 2.666, 3.88, 5.081, 3.408, 1.837, 2.441, 3.442, 3.729, 2.034, 2.295, 2.466, 1.797, 1.571, 2.308, 2.471, 3.778, 4.963, 5.017, 5.186, 5.345, 5.182, 4.489, 4.663, 4.607, 3.63, 3.023, 3.237, 4.058, 3.586, 2.616, 2.227, 2.311, 3.562, 5.22, 4.185, 3.842, 4.028, 3.252, 3.104, 3.27, 3.898, 4.756, 6.14, 7.376, 8.892, 12.021, 13.026, 13.187, 13.079, 13.275, 13.27, 11.632, 10.213, 8.706, 7.008, 5.645, 3.77, 5.499], [4.788, 4.541, 5.215, 5.671, 4.57, 3.396, 2.389, 1.9, 2.721, 2.281, 2.1, 1.897, 2.275, 2.639, 2.602, 3.666, 5.046, 5.675, 6.158, 6.125, 4.578, 3.718, 2.527, 0.0, 1.664, 1.774, 2.175, 1.627, 2.614, 1.935, 3.184, 3.62, 3.221, 3.472, 2.759, 2.85, 3.026, 4.093, 4.136, 3.679, 3.363, 2.71, 2.088, 2.207, 3.231, 2.602, 2.467, 4.026, 5.511, 5.629, 8.643, 9.444, 7.852, 8.408, 5.286, 2.225, 2.882, 3.603, 3.25, 3.498, 3.756, 2.388, 1.574, 1.95, 2.28, 1.755, 3.774, 4.821, 3.819, 2.736, 2.238, 2.25, 2.515, 2.714, 2.531, 1.809, 2.226, 1.871, 1.516, 2.009, 4.316, 5.928, 6.785, 7.947, 7.368, 6.213, 5.748, 6.983, 5.97, 2.744, 1.502, 1.636, 1.596, 2.412, 2.093, 1.898, 2.141, 2.614, 2.662, 2.609, 2.799, 3.319, 3.113, 3.588, 4.072, 1.818, 2.043, 2.311, 2.181, 2.892, 5.117, 6.901, 6.973, 6.576, 6.843, 6.465, 6.195, 5.991, 5.343, 4.623, 3.911, 3.913, 4.211, 3.677, 2.817, 2.599, 2.24, 3.24, 4.493, 4.66, 3.873, 4.037, 4.303, 4.289, 3.649, 4.906, 6.192, 5.901, 6.698, 7.821, 7.785, 7.937, 7.559, 7.145, 7.854, 9.869, 9.98, 7.267, 4.652, 5.753, 7.043, 5.316, 2.507, 2.306, 4.36, 5.526, 3.614, 2.279, 2.563, 2.732, 2.628, 2.5, 1.355, 2.043, 2.933, 3.096, 3.275, 3.515, 3.481, 3.136, 3.483, 3.54, 3.149, 2.136, 2.228, 2.887, 3.216, 3.19, 3.739, 3.849, 5.358, 7.168, 6.15, 5.707, 5.931, 5.166, 4.959, 5.164, 5.722, 6.721, 8.068, 9.301, 10.805, 13.93, 14.94, 15.09, 14.982, 15.173, 15.183, 13.603, 12.133, 10.586, 8.941, 7.74, 5.715, 7.41], [5.888, 5.595, 6.26, 6.72, 5.714, 3.843, 2.718, 2.72, 3.629, 2.838, 2.23, 2.394, 3.316, 3.767, 3.643, 4.943, 6.32, 6.993, 7.463, 7.454, 5.872, 5.078, 3.877, 1.664, 0.0, 1.178, 2.705, 2.735, 2.768, 3.02, 4.395, 4.875, 4.552, 4.743, 3.897, 4.091, 4.34, 5.408, 5.34, 4.887, 4.601, 3.833, 3.329, 3.485, 4.484, 3.852, 3.743, 5.297, 6.792, 6.86, 9.924, 10.735, 9.232, 9.689, 6.566, 3.406, 4.005, 4.591, 4.012, 4.025, 3.949, 2.867, 2.15, 2.219, 1.95, 2.314, 5.066, 6.125, 5.105, 4.079, 3.107, 1.668, 1.823, 3.41, 3.255, 2.127, 1.849, 1.563, 1.633, 2.897, 5.568, 7.238, 8.075, 9.212, 8.725, 7.415, 7.049, 8.275, 7.232, 3.918, 2.341, 2.312, 2.258, 3.003, 2.782, 2.298, 2.279, 2.716, 2.355, 2.159, 2.495, 2.31, 1.969, 2.457, 3.054, 1.847, 2.91, 2.755, 2.291, 2.963, 5.561, 7.555, 7.561, 7.201, 7.871, 7.818, 7.477, 7.313, 6.711, 5.6, 4.742, 4.881, 5.105, 4.492, 3.507, 3.448, 3.356, 4.373, 5.808, 5.851, 4.31, 4.188, 5.081, 5.224, 4.756, 6.236, 7.542, 7.144, 8.0, 9.112, 9.01, 9.091, 8.788, 8.36, 9.189, 11.213, 11.343, 8.616, 5.87, 7.066, 8.396, 6.653, 3.682, 3.559, 5.746, 6.828, 4.879, 3.346, 3.573, 3.788, 3.803, 3.54, 2.32, 2.075, 2.162, 2.17, 1.955, 2.264, 2.386, 2.688, 2.884, 2.756, 3.247, 2.589, 2.482, 2.653, 2.805, 3.334, 4.23, 4.495, 6.629, 8.561, 7.476, 7.055, 7.306, 6.51, 6.359, 6.543, 6.985, 7.962, 9.429, 10.67, 12.155, 15.28, 16.231, 16.42, 16.285, 16.477, 16.56, 14.98, 13.434, 11.931, 10.301, 9.078, 7.087, 8.696], [5.881, 5.356, 5.884, 6.506, 5.369, 4.257, 3.266, 2.523, 3.464, 2.589, 2.077, 2.554, 3.195, 3.589, 3.385, 4.582, 5.797, 6.543, 7.031, 6.984, 5.625, 4.874, 3.578, 1.774, 1.178, 0.0, 2.328, 2.384, 2.715, 2.913, 4.203, 4.472, 4.196, 4.463, 3.595, 3.83, 4.045, 5.036, 4.969, 4.389, 4.355, 3.668, 3.074, 3.236, 4.283, 3.729, 3.567, 5.012, 6.28, 6.543, 9.365, 10.293, 8.836, 9.094, 6.052, 3.147, 3.879, 4.534, 4.338, 4.473, 4.183, 3.046, 2.291, 2.662, 1.973, 1.76, 4.775, 5.827, 4.826, 3.614, 2.522, 1.117, 1.512, 2.716, 2.645, 1.917, 1.622, 1.552, 2.017, 2.476, 4.964, 6.6, 7.465, 8.603, 8.052, 6.85, 6.563, 7.79, 6.865, 3.675, 2.371, 2.535, 2.623, 3.415, 3.198, 2.815, 2.858, 3.335, 3.067, 2.662, 2.911, 2.741, 2.386, 3.033, 3.687, 2.444, 2.802, 2.585, 2.123, 2.755, 5.428, 7.38, 7.358, 7.061, 7.808, 7.663, 7.162, 6.873, 6.555, 5.538, 4.656, 4.811, 5.042, 4.39, 3.393, 3.339, 3.3, 4.251, 5.703, 5.772, 4.186, 3.994, 4.958, 5.064, 4.654, 6.016, 7.262, 7.115, 7.876, 8.991, 8.792, 8.836, 8.513, 8.095, 8.716, 10.675, 11.078, 8.401, 5.716, 6.689, 8.11, 6.364, 3.424, 3.301, 5.257, 6.248, 4.618, 3.071, 3.329, 3.572, 3.556, 3.347, 2.128, 1.801, 2.367, 2.781, 2.405, 2.579, 2.496, 2.488, 2.622, 2.602, 2.997, 2.505, 2.254, 2.521, 2.492, 2.954, 3.937, 4.354, 6.508, 8.347, 7.322, 6.768, 7.06, 6.289, 6.173, 6.316, 6.788, 7.764, 8.833, 10.131, 11.626, 14.653, 15.74, 16.051, 15.791, 16.004, 16.275, 14.79, 13.017, 11.505, 10.077, 8.927, 6.894, 8.446], [5.191, 4.546, 5.389, 6.077, 4.972, 4.908, 4.179, 2.609, 1.944, 1.78, 2.149, 2.733, 2.544, 2.043, 1.909, 2.926, 4.1, 4.727, 5.196, 5.19, 3.829, 3.069, 2.068, 2.175, 2.705, 2.328, 0.0, 2.09, 3.8, 3.236, 3.952, 3.806, 3.372, 3.674, 2.993, 2.913, 2.697, 3.343, 3.212, 2.772, 2.655, 2.087, 1.916, 2.077, 2.697, 2.24, 2.762, 3.259, 4.555, 4.862, 7.655, 8.456, 6.965, 7.416, 4.333, 2.641, 3.052, 3.96, 4.739, 5.305, 5.094, 3.879, 3.05, 3.562, 3.372, 1.956, 3.217, 3.977, 3.053, 1.853, 1.385, 2.416, 2.343, 2.002, 1.286, 1.388, 2.199, 2.374, 2.897, 3.129, 3.407, 4.974, 5.814, 7.031, 6.713, 5.826, 5.31, 6.427, 5.634, 2.517, 2.586, 2.921, 3.18, 3.711, 3.658, 3.592, 3.598, 4.272, 4.068, 3.727, 3.935, 4.194, 4.004, 4.519, 5.028, 3.263, 1.759, 1.829, 2.36, 2.337, 3.509, 5.434, 5.494, 5.068, 5.691, 5.824, 5.354, 5.097, 4.713, 3.524, 2.695, 2.885, 3.087, 2.366, 1.629, 1.666, 2.056, 2.621, 3.838, 3.803, 2.389, 2.814, 2.869, 3.137, 2.574, 4.179, 5.47, 5.169, 6.018, 7.096, 6.989, 7.128, 6.813, 6.391, 6.918, 8.957, 9.231, 6.586, 3.913, 4.86, 6.265, 4.498, 2.11, 2.811, 4.087, 4.769, 2.956, 2.302, 2.24, 2.104, 2.017, 2.516, 1.959, 3.06, 4.064, 4.163, 4.153, 4.359, 4.111, 3.467, 3.693, 3.634, 2.615, 2.321, 2.407, 3.141, 2.794, 2.022, 2.282, 2.359, 4.61, 6.514, 5.502, 4.946, 5.21, 4.445, 4.321, 4.535, 5.005, 6.007, 7.2, 8.439, 9.945, 13.016, 14.086, 14.282, 14.074, 14.238, 14.437, 12.939, 11.273, 9.669, 8.178, 7.071, 4.984, 6.608], [4.285, 3.689, 4.469, 5.139, 4.069, 4.036, 3.224, 1.865, 2.891, 2.588, 2.419, 2.786, 2.222, 2.361, 2.448, 2.694, 3.819, 4.386, 4.909, 5.055, 3.992, 3.378, 2.541, 1.627, 2.735, 2.384, 2.09, 0.0, 2.323, 1.821, 2.87, 2.786, 2.779, 3.276, 2.717, 2.499, 2.677, 3.347, 3.119, 2.741, 2.788, 2.261, 1.563, 1.845, 2.798, 2.219, 1.938, 3.286, 4.468, 4.986, 7.509, 8.228, 6.593, 7.169, 4.054, 1.602, 2.592, 3.145, 3.312, 3.935, 3.949, 2.653, 2.052, 2.984, 3.158, 1.817, 2.995, 3.965, 3.331, 2.226, 1.907, 2.287, 2.792, 2.092, 2.02, 2.193, 2.864, 2.762, 2.536, 1.693, 3.222, 4.761, 5.622, 6.79, 6.344, 5.484, 5.197, 6.251, 5.356, 2.009, 1.694, 2.285, 2.49, 3.165, 2.852, 2.836, 3.197, 3.656, 3.711, 3.71, 3.74, 4.544, 4.374, 4.812, 5.282, 2.896, 2.38, 2.679, 3.004, 3.328, 5.256, 7.089, 7.196, 6.743, 6.825, 6.256, 5.551, 5.33, 5.086, 4.689, 4.06, 3.971, 4.359, 3.829, 2.941, 2.702, 2.224, 3.358, 4.469, 4.712, 4.025, 4.336, 4.471, 4.312, 3.708, 4.445, 5.779, 5.774, 6.313, 7.496, 7.423, 7.64, 7.143, 6.75, 6.822, 8.738, 9.03, 6.574, 4.248, 5.065, 6.189, 4.422, 2.264, 2.233, 3.775, 4.663, 3.244, 2.323, 2.659, 2.802, 2.585, 2.389, 1.647, 2.559, 3.652, 4.395, 4.57, 4.712, 4.4, 3.808, 4.048, 4.019, 3.484, 2.535, 2.707, 3.48, 3.692, 3.4, 3.886, 3.848, 5.169, 6.567, 5.816, 5.02, 5.28, 4.687, 4.743, 4.773, 5.505, 6.517, 7.021, 8.211, 9.821, 12.837, 13.903, 14.055, 13.885, 14.029, 14.145, 12.716, 11.18, 9.41, 7.913, 6.847, 4.847, 6.356], [4.722, 4.411, 4.621, 4.949, 4.286, 4.305, 3.224,