[[0.0, 1.371, 2.65, 4.213, 5.857, 6.331, 7.993, 10.289, 12.282, 13.265, 13.375, 13.713, 13.312, 12.485, 12.125, 11.778, 12.161, 11.983, 12.611, 13.248, 13.851, 13.774, 12.972, 12.527, 10.294, 7.068, 6.204, 5.377, 2.548, 6.194, 4.379, 2.731, 3.161, 3.077, 4.337, 3.992, 3.597, 3.722, 3.905, 4.49, 5.422, 5.989, 6.65, 6.584, 6.486, 6.857, 7.657, 8.649, 9.19, 9.575, 10.079, 9.284, 7.55, 7.474, 7.033, 4.957, 4.64, 5.073, 5.623, 8.347, 9.548, 8.959, 8.076, 7.561, 6.692, 6.459, 6.603, 7.418, 6.979, 6.213, 6.51, 5.965, 5.583, 6.03, 5.912, 5.651, 5.653, 6.213, 8.251, 10.444, 10.281, 8.549, 8.357, 7.887, 7.143, 7.775, 6.892, 5.864, 5.285, 5.624, 4.792, 4.076, 3.614, 3.496, 3.431, 3.676, 3.48, 3.687, 4.01, 4.061, 3.091, 2.751, 2.683, 3.025, 3.409, 3.31, 3.74, 2.403, 2.692, 2.631, 3.357, 8.332, 11.96, 13.04, 11.964, 9.914, 8.393, 8.196, 7.37, 6.554, 6.138, 6.637, 6.847, 6.571, 7.773, 9.277, 9.664, 9.675, 9.361, 9.669, 10.308, 8.568, 6.388, 6.394, 7.857, 10.064, 10.999, 9.122, 6.379, 4.269, 3.551, 3.843, 2.99, 2.446, 2.776, 2.04, 2.783, 3.955, 4.263, 4.386, 5.276, 5.946, 4.659, 4.371, 4.221, 2.657, 2.647, 2.816, 2.697, 2.379, 2.185, 2.619, 3.493, 4.087, 4.729, 4.686, 3.154, 2.517, 2.645, 3.374, 2.77, 2.546, 2.01, 2.358, 2.339, 2.752, 4.245, 6.108, 7.592, 8.095, 8.253, 8.831, 10.105, 10.782, 9.642, 9.147, 9.274, 9.283, 9.104, 8.259, 6.042, 3.831, 3.656, 4.614, 3.302, 3.785, 4.813, 6.187, 6.73, 6.865, 6.148, 6.033, 6.458, 7.632, 7.237, 7.155], [1.371, 0.0, 2.356, 3.987, 5.579, 6.136, 8.121, 10.6, 12.797, 13.831, 14.031, 14.347, 13.918, 13.011, 12.725, 12.412, 12.798, 12.5, 13.237, 13.987, 14.585, 14.466, 13.673, 13.213, 10.936, 7.702, 6.731, 5.265, 1.975, 5.35, 3.459, 2.592, 2.965, 3.478, 4.908, 4.269, 3.903, 4.064, 4.411, 5.17, 6.057, 6.634, 7.278, 7.208, 6.903, 7.447, 8.306, 9.377, 9.889, 10.275, 10.881, 9.991, 8.195, 8.188, 7.44, 4.856, 4.426, 5.186, 6.169, 9.149, 10.255, 9.515, 8.766, 8.275, 7.357, 7.083, 7.333, 8.148, 7.538, 6.894, 7.21, 6.713, 6.239, 6.715, 6.611, 6.38, 6.25, 6.889, 9.019, 11.22, 10.967, 9.198, 8.348, 7.902, 6.807, 7.488, 6.633, 5.759, 5.058, 5.499, 4.466, 3.776, 3.422, 3.33, 3.071, 3.413, 3.15, 3.293, 3.436, 3.465, 2.417, 1.801, 1.682, 1.98, 2.715, 3.184, 3.639, 2.144, 2.504, 2.169, 3.269, 8.945, 12.62, 13.729, 12.567, 10.62, 8.967, 8.726, 7.932, 7.191, 6.444, 7.195, 7.554, 7.336, 8.227, 9.902, 10.14, 10.077, 9.934, 10.242, 10.88, 9.335, 6.581, 6.258, 8.171, 10.503, 11.669, 9.888, 7.094, 4.884, 3.885, 4.409, 3.498, 3.005, 3.225, 2.063, 2.907, 4.312, 4.553, 4.674, 5.626, 6.376, 5.128, 4.897, 4.833, 2.679, 2.556, 2.77, 2.748, 1.938, 1.487, 1.879, 3.218, 3.476, 3.989, 3.891, 2.87, 2.311, 2.537, 3.321, 2.4, 1.909, 1.539, 1.681, 1.82, 2.386, 4.846, 6.714, 7.658, 8.145, 8.248, 9.301, 10.394, 11.299, 9.712, 9.178, 9.395, 9.374, 9.067, 8.107, 5.804, 3.594, 3.353, 4.376, 3.4, 3.902, 5.276, 6.452, 7.114, 7.054, 6.266, 5.928, 6.397, 7.884, 7.446, 7.047], [2.65, 2.356, 0.0, 3.586, 6.121, 6.606, 8.353, 11.742, 14.368, 15.267, 15.63, 15.946, 15.517, 14.49, 14.318, 14.017, 14.398, 13.809, 13.594, 14.436, 15.16, 15.296, 14.964, 14.725, 12.51, 9.279, 8.287, 6.019, 1.906, 5.22, 3.264, 4.094, 5.202, 5.379, 6.762, 6.333, 5.919, 5.706, 5.896, 6.735, 7.682, 8.255, 8.898, 8.787, 8.4, 8.711, 9.755, 10.861, 11.379, 11.774, 12.216, 11.448, 9.042, 9.632, 8.88, 5.165, 4.798, 5.804, 7.03, 10.581, 11.748, 11.111, 10.343, 9.874, 8.956, 8.682, 8.862, 9.678, 9.148, 8.366, 8.326, 7.409, 6.893, 7.739, 8.03, 7.788, 7.554, 7.772, 9.353, 11.801, 11.86, 9.461, 7.998, 7.236, 5.436, 6.026, 5.483, 5.08, 3.751, 3.785, 3.536, 3.503, 4.12, 3.051, 2.631, 3.502, 3.335, 2.151, 2.045, 2.259, 1.577, 2.342, 2.804, 3.256, 3.674, 4.226, 4.31, 2.468, 1.731, 1.984, 4.509, 10.217, 13.725, 14.813, 13.858, 11.989, 9.877, 8.996, 8.739, 8.022, 7.313, 8.521, 9.072, 8.751, 9.79, 11.464, 11.7, 11.423, 11.397, 11.787, 12.332, 10.489, 7.65, 7.096, 9.711, 12.023, 13.152, 11.331, 8.628, 6.407, 5.17, 5.367, 4.474, 4.686, 5.124, 4.218, 5.009, 6.37, 6.581, 6.628, 7.654, 8.202, 7.087, 6.662, 6.584, 4.838, 4.457, 4.77, 4.858, 3.77, 2.605, 2.708, 3.694, 3.222, 3.256, 3.13, 3.317, 3.445, 3.467, 3.845, 3.438, 2.595, 2.274, 2.536, 2.478, 3.181, 5.733, 7.769, 7.709, 7.467, 8.675, 10.266, 11.684, 12.414, 10.209, 9.165, 10.018, 9.868, 8.384, 7.204, 4.825, 3.431, 2.975, 3.968, 4.448, 4.971, 6.237, 6.549, 7.054, 7.266, 6.642, 6.388, 6.821, 8.162, 7.871, 7.112], [4.213, 3.987, 3.586, 0.0, 3.093, 3.833, 5.39, 8.603, 11.227, 12.127, 12.498, 12.805, 12.424, 11.348, 11.216, 10.892, 11.259, 10.676, 10.337, 11.168, 11.906, 12.074, 11.828, 11.566, 9.36, 6.133, 5.145, 2.888, 4.084, 8.247, 6.366, 5.83, 5.787, 4.896, 5.567, 5.81, 5.402, 4.457, 4.035, 4.337, 4.829, 5.152, 5.836, 5.645, 5.271, 5.513, 6.619, 7.715, 8.242, 8.629, 9.052, 8.307, 5.901, 6.524, 5.754, 2.239, 2.084, 2.781, 3.808, 7.566, 8.683, 8.035, 7.297, 6.968, 6.128, 5.575, 6.114, 7.075, 6.82, 5.9, 5.359, 4.707, 4.307, 4.898, 5.002, 4.653, 4.471, 4.598, 5.953, 8.429, 8.601, 6.345, 5.267, 4.591, 3.603, 4.334, 3.469, 2.682, 2.411, 3.495, 2.454, 2.104, 2.532, 1.978, 2.43, 2.634, 2.279, 2.896, 5.199, 5.464, 4.731, 4.784, 4.571, 4.441, 4.451, 3.767, 3.261, 2.506, 3.737, 4.119, 2.525, 7.096, 10.48, 11.583, 10.627, 8.801, 6.699, 5.668, 5.552, 4.738, 4.21, 5.379, 5.964, 5.572, 6.649, 8.334, 8.561, 8.253, 8.235, 8.631, 9.164, 7.286, 4.51, 4.164, 6.58, 8.88, 10.011, 8.143, 5.493, 3.886, 2.808, 2.976, 2.628, 3.42, 4.373, 4.918, 5.352, 5.947, 6.134, 6.654, 7.15, 7.092, 5.901, 5.946, 6.285, 5.585, 6.047, 5.984, 5.565, 5.196, 4.662, 4.972, 5.844, 5.88, 6.087, 6.229, 5.117, 4.934, 4.925, 5.599, 5.065, 3.849, 3.391, 3.47, 3.092, 2.385, 3.213, 4.549, 4.372, 4.64, 5.686, 7.137, 8.54, 9.208, 7.08, 6.218, 6.747, 6.697, 5.575, 4.682, 2.46, 2.077, 1.759, 2.001, 2.397, 2.316, 3.141, 3.393, 3.776, 3.986, 3.479, 3.376, 3.925, 5.19, 4.887, 4.144], [5.857, 5.579, 6.121, 3.093, 0.0, 1.245, 3.098, 5.832, 8.352, 9.254, 9.614, 9.954, 9.568, 8.49, 8.316, 8.014, 8.408, 7.83, 8.23, 9.004, 9.639, 9.543, 9.16, 8.826, 6.546, 3.36, 2.926, 1.734, 5.662, 10.009, 8.065, 7.054, 6.837, 5.541, 5.27, 5.615, 5.527, 4.139, 3.851, 4.15, 3.814, 3.23, 3.125, 2.956, 2.777, 2.902, 3.909, 4.969, 5.438, 5.805, 6.346, 5.463, 3.391, 3.727, 3.017, 2.367, 2.324, 1.826, 2.208, 4.941, 5.946, 5.239, 4.64, 5.261, 4.713, 4.585, 4.705, 6.052, 5.754, 5.162, 4.636, 4.344, 4.186, 4.003, 3.45, 2.92, 2.639, 2.763, 4.015, 6.346, 6.099, 4.229, 3.211, 2.801, 4.394, 5.317, 3.817, 2.981, 3.707, 5.207, 3.501, 2.902, 2.836, 3.506, 4.188, 3.697, 3.545, 5.092, 7.736, 7.703, 6.776, 6.415, 6.088, 5.748, 5.842, 4.646, 3.85, 4.289, 5.536, 5.893, 3.072, 4.325, 7.805, 8.942, 7.919, 6.111, 4.099, 3.884, 3.185, 3.048, 2.631, 3.163, 3.223, 3.133, 3.937, 5.554, 5.827, 5.61, 6.007, 5.984, 6.452, 4.779, 2.476, 1.776, 3.696, 6.055, 7.267, 5.401, 3.028, 2.952, 3.057, 2.946, 3.85, 4.463, 5.133, 6.121, 6.094, 6.484, 6.064, 6.632, 7.023, 6.537, 5.554, 6.384, 6.833, 6.634, 7.251, 6.999, 6.584, 6.327, 6.05, 6.536, 7.789, 8.122, 8.449, 8.436, 7.191, 6.664, 6.823, 7.688, 6.704, 5.316, 5.074, 4.909, 4.381, 3.562, 2.78, 2.091, 2.516, 2.992, 3.487, 4.502, 5.782, 6.606, 4.599, 4.119, 4.388, 4.348, 3.708, 3.375, 2.529, 3.174, 3.371, 2.85, 3.211, 2.389, 2.046, 2.193, 2.592, 2.331, 1.893, 2.244, 2.504, 3.569, 3.332, 2.957], [6.331, 6.136, 6.606, 3.833, 1.245, 0.0, 2.373, 5.201, 7.762, 8.664, 9.027, 9.401, 9.04, 7.951, 7.795, 7.457, 7.852, 7.248, 7.803, 8.606, 9.263, 9.198, 8.678, 8.34, 6.005, 3.009, 2.868, 2.001, 6.118, 10.496, 8.477, 7.399, 7.077, 5.819, 5.508, 5.802, 5.897, 4.324, 3.919, 4.346, 3.986, 3.05, 2.809, 2.598, 2.475, 2.605, 3.411, 4.459, 5.002, 5.38, 5.91, 5.02, 3.008, 3.332, 2.481, 2.43, 2.539, 1.914, 2.287, 4.469, 5.445, 4.719, 4.244, 4.922, 4.418, 4.442, 4.696, 5.891, 5.525, 5.012, 4.636, 4.413, 4.356, 4.048, 3.322, 2.891, 2.675, 2.656, 3.619, 6.021, 5.772, 3.693, 2.439, 2.232, 4.763, 5.695, 4.104, 3.145, 4.293, 5.834, 3.928, 3.552, 3.537, 3.975, 4.43, 3.609, 3.795, 5.543, 8.155, 8.225, 7.229, 6.959, 6.635, 6.22, 5.766, 4.635, 3.693, 4.672, 6.098, 6.466, 3.43, 3.825, 7.426, 8.525, 7.565, 5.696, 3.739, 3.415, 2.947, 3.177, 2.621, 3.097, 3.012, 3.141, 3.464, 5.147, 5.437, 5.265, 5.77, 5.587, 5.999, 4.515, 2.469, 1.382, 3.112, 5.504, 6.78, 4.987, 2.821, 3.155, 3.338, 3.239, 4.203, 4.914, 5.477, 6.493, 6.346, 6.616, 6.127, 6.731, 7.037, 6.367, 5.553, 6.513, 6.955, 6.866, 7.529, 7.199, 6.806, 6.703, 6.541, 6.979, 8.028, 8.532, 8.927, 8.749, 7.456, 6.949, 7.23, 8.35, 7.053, 6.018, 5.728, 5.434, 4.893, 4.089, 3.159, 1.981, 2.265, 2.497, 2.926, 3.977, 5.283, 6.183, 4.096, 3.691, 4.119, 3.952, 3.42, 3.52, 3.078, 3.383, 3.882, 3.079, 3.425, 2.932, 2.147, 2.083, 2.288, 2.124, 1.891, 2.046, 2.299, 3.151, 3.005, 2.704], [7.993, 8.121, 8.353, 5.39, 3.098, 2.373, 0.0, 3.415, 6.019, 6.919, 7.291, 7.616, 7.249, 6.157, 6.019, 5.692, 6.066, 5.475, 5.55, 6.307, 7.011, 7.048, 6.695, 6.438, 4.234, 3.406, 3.458, 3.579, 8.339, 12.622, 10.748, 9.21, 8.706, 7.317, 6.9, 7.138, 7.147, 5.592, 5.414, 5.726, 5.373, 4.098, 3.409, 3.323, 3.071, 2.604, 2.816, 3.352, 3.526, 3.533, 3.924, 3.302, 2.676, 3.21, 2.755, 3.822, 4.274, 3.244, 3.555, 3.517, 3.865, 3.862, 4.513, 5.558, 5.753, 5.737, 5.903, 6.493, 6.386, 5.884, 5.383, 5.204, 5.184, 5.024, 4.229, 4.005, 3.661, 3.204, 3.051, 3.92, 3.668, 1.573, 1.485, 2.74, 5.69, 6.637, 5.09, 4.241, 5.816, 7.402, 5.738, 5.403, 5.454, 5.928, 6.503, 5.693, 5.913, 7.421, 9.975, 10.077, 9.185, 9.159, 8.775, 8.281, 7.133, 6.056, 5.253, 6.63, 8.124, 8.588, 5.504, 2.435, 5.451, 6.531, 5.623, 3.99, 3.448, 3.262, 3.249, 3.52, 3.251, 3.469, 3.387, 3.715, 3.551, 4.294, 4.212, 4.041, 4.805, 4.4, 4.318, 3.76, 3.239, 2.779, 2.465, 3.819, 4.887, 3.912, 3.907, 4.745, 4.987, 4.572, 5.572, 6.365, 6.894, 8.27, 7.957, 8.202, 7.672, 8.134, 8.46, 7.685, 7.031, 8.067, 8.496, 8.576, 9.335, 8.819, 8.413, 8.744, 8.766, 9.132, 9.789, 10.306, 10.681, 10.682, 8.785, 8.423, 8.739, 9.825, 8.649, 8.087, 7.629, 7.543, 7.068, 6.052, 4.356, 2.703, 1.888, 2.283, 1.844, 2.675, 3.527, 4.161, 3.093, 2.972, 2.837, 2.821, 3.121, 3.721, 4.594, 5.248, 5.762, 4.827, 5.293, 4.97, 3.467, 2.66, 2.443, 2.39, 2.557, 3.025, 2.99, 3.191, 3.27, 3.237], [10.289, 10.6, 11.742, 8.603, 5.832, 5.201, 3.415, 0.0, 2.627, 3.525, 3.897, 4.239, 3.917, 3.018, 3.594, 3.564, 2.981, 2.512, 3.27, 3.856, 4.23, 4.136, 3.601, 3.165, 2.926, 4.568, 4.527, 5.962, 11.182, 15.437, 13.477, 11.315, 10.376, 8.612, 7.943, 8.154, 8.242, 7.166, 6.814, 7.031, 6.369, 5.205, 4.439, 4.711, 4.319, 3.782, 3.446, 3.483, 3.239, 2.818, 2.639, 2.256, 3.246, 3.548, 3.945, 6.771, 7.001, 5.972, 5.057, 3.462, 3.291, 3.926, 4.829, 5.915, 6.387, 6.33, 6.51, 6.878, 6.721, 6.377, 6.034, 6.417, 6.331, 6.093, 5.279, 5.34, 5.058, 4.601, 3.996, 3.255, 2.465, 2.907, 4.285, 5.417, 8.42, 9.198, 7.587, 7.046, 9.084, 10.657, 8.827, 8.397, 8.137, 9.092, 9.565, 8.613, 8.809, 10.713, 13.325, 13.395, 12.397, 11.872, 11.281, 10.919, 10.042, 8.143, 7.992, 9.603, 11.226, 11.343, 7.999, 2.561, 2.486, 3.512, 2.747, 3.052, 3.396, 3.908, 4.122, 4.562, 4.66, 3.943, 4.051, 4.268, 3.329, 3.454, 3.212, 3.473, 4.319, 3.671, 3.498, 4.21, 4.717, 5.008, 3.103, 2.348, 3.177, 3.604, 5.32, 6.481, 7.038, 6.745, 7.617, 8.197, 8.448, 10.059, 9.513, 9.122, 8.685, 9.02, 9.107, 8.206, 7.733, 8.874, 9.283, 10.17, 11.205, 10.275, 9.9, 11.001, 11.299, 11.835, 12.709, 13.501, 14.028, 13.877, 11.831, 10.799, 11.31, 12.51, 11.227, 10.744, 10.293, 10.265, 9.822, 8.922, 6.339, 4.586, 4.556, 4.868, 3.41, 2.62, 2.361, 2.39, 3.828, 4.218, 3.699, 3.797, 4.958, 6.054, 7.793, 8.422, 8.933, 8.065, 7.94, 7.365, 5.841, 5.474, 5.308, 4.685, 5.303, 5.473, 4.996, 4.312, 4.612, 5.116], [12.282, 12.797, 14.368, 11.227, 8.352, 7.762, 6.019, 2.627, 0.0, 1.195, 1.508, 1.765, 1.753, 2.14, 3.506, 3.901, 2.419, 2.383, 3.25, 3.414, 3.126, 2.715, 2.139, 2.309, 3.497, 6.067, 6.335, 8.436, 13.627, 17.721, 15.958, 13.501, 12.092, 10.258, 9.373, 9.874, 10.011, 9.256, 8.761, 8.822, 7.989, 6.801, 6.189, 6.326, 6.25, 5.865, 5.147, 4.506, 4.038, 3.54, 3.279, 3.429, 5.363, 5.088, 5.893, 9.349, 9.57, 8.564, 7.484, 4.545, 3.833, 4.518, 5.505, 6.64, 7.247, 7.28, 7.333, 7.438, 7.374, 7.15, 7.364, 7.925, 7.962, 7.6, 6.86, 6.99, 6.924, 6.721, 5.76, 4.056, 3.215, 5.259, 6.786, 7.849, 10.785, 11.646, 10.061, 9.58, 11.669, 13.235, 11.415, 11.012, 10.437, 11.678, 12.111, 11.129, 11.384, 13.299, 15.912, 15.981, 14.983, 14.093, 13.507, 13.383, 12.601, 10.676, 10.476, 12.201, 13.767, 13.854, 10.111, 4.251, 2.161, 2.677, 2.795, 3.682, 5.129, 5.973, 6.074, 6.692, 7.065, 5.954, 5.689, 6.004, 4.758, 3.813, 3.504, 3.98, 4.64, 4.14, 4.018, 4.991, 6.749, 7.335, 4.889, 2.89, 3.013, 4.506, 6.952, 8.369, 9.231, 9.041, 10.074, 10.183, 10.217, 11.674, 11.03, 10.183, 10.133, 10.347, 9.887, 8.9, 8.754, 9.93, 10.324, 11.672, 12.943, 11.981, 11.499, 12.768, 13.414, 14.151, 15.296, 16.087, 16.627, 16.473, 14.425, 13.316, 13.862, 14.965, 13.828, 13.144, 12.785, 12.666, 12.219, 11.354, 8.78, 6.89, 7.156, 7.48, 5.826, 4.421, 3.27, 3.005, 5.121, 6.046, 5.488, 5.45, 6.908, 8.359, 10.367, 11.027, 11.547, 10.653, 10.298, 9.554, 8.223, 8.082, 7.915, 7.303, 7.891, 8.012, 7.548, 6.33, 6.688, 7.398], [13.265, 13.831, 15.267, 12.127, 9.254, 8.664, 6.919, 3.525, 1.195, 0.0, 1.089, 1.222, 1.553, 2.245, 3.656, 4.153, 2.576, 2.484, 3.313, 3.411, 3.143, 2.622, 2.22, 2.485, 4.084, 6.816, 7.248, 9.333, 14.533, 18.524, 16.857, 14.391, 13.026, 11.082, 10.067, 10.694, 10.835, 10.202, 9.79, 9.662, 8.751, 7.613, 7.033, 7.173, 7.206, 6.786, 5.964, 5.238, 4.827, 4.305, 3.935, 4.285, 6.255, 5.947, 6.723, 10.249, 10.47, 9.466, 8.389, 5.14, 4.061, 5.105, 6.026, 7.066, 7.749, 7.772, 7.746, 7.817, 7.84, 7.651, 7.876, 8.43, 8.731, 8.131, 7.688, 7.905, 7.842, 7.71, 6.455, 4.424, 3.898, 6.112, 7.675, 8.723, 11.649, 12.535, 10.96, 10.479, 12.569, 14.137, 12.318, 11.911, 11.38, 12.584, 13.017, 12.034, 12.289, 14.205, 16.817, 16.887, 15.889, 14.988, 14.364, 14.289, 13.506, 11.582, 11.382, 13.103, 14.673, 14.76, 10.985, 5.129, 2.492, 3.064, 3.385, 4.407, 5.844, 6.848, 6.836, 7.508, 7.964, 6.856, 6.59, 6.862, 5.705, 4.581, 4.232, 4.582, 5.192, 4.905, 4.65, 5.766, 7.708, 8.192, 5.767, 3.536, 3.492, 5.099, 7.687, 9.191, 10.157, 9.943, 10.974, 11.186, 11.067, 12.541, 11.736, 10.731, 10.907, 11.059, 10.406, 9.34, 9.569, 10.394, 10.799, 12.421, 13.773, 12.89, 12.305, 13.659, 14.225, 14.999, 16.201, 16.993, 17.529, 17.375, 15.328, 14.222, 14.768, 15.868, 14.728, 14.035, 13.688, 13.566, 13.145, 12.276, 9.693, 7.868, 8.055, 8.379, 6.718, 5.217, 4.05, 3.763, 5.842, 6.858, 6.27, 6.188, 7.717, 9.158, 11.263, 11.93, 12.447, 11.555, 11.182, 10.448, 9.127, 8.984, 8.818, 8.202, 8.79, 8.915, 8.447, 7.198, 7.547, 8.238], [13.375, 14.031, 15.63, 12.498, 9.614, 9.027, 7.291, 3.897, 1.508, 1.089, 0.0, 0.767, 1.16, 2.032, 3.024, 3.517, 2.096, 2.162, 2.965, 3.11, 2.724, 2.347, 1.867, 2.022, 3.877, 6.644, 7.41, 9.729, 14.887, 18.879, 17.21, 14.737, 13.084, 10.975, 9.887, 10.513, 10.773, 10.418, 9.856, 9.477, 8.521, 7.587, 6.94, 7.1, 7.346, 7.073, 6.084, 5.135, 4.679, 4.176, 3.841, 4.386, 6.606, 6.037, 6.867, 10.619, 10.839, 9.84, 8.742, 5.226, 3.966, 4.744, 5.668, 6.615, 7.493, 7.477, 7.427, 7.047, 7.302, 7.469, 7.979, 8.634, 8.973, 8.26, 7.703, 7.972, 8.078, 7.98, 6.815, 4.449, 4.076, 6.499, 8.122, 9.213, 12.128, 12.99, 11.352, 10.871, 12.941, 14.534, 12.666, 12.274, 11.691, 12.937, 13.37, 12.387, 12.642, 14.558, 17.17, 17.24, 16.242, 15.308, 14.722, 14.642, 13.859, 11.935, 11.735, 13.451, 15.026, 15.112, 11.206, 5.415, 2.98, 3.34, 3.822, 4.791, 6.344, 7.319, 7.365, 8.009, 8.391, 7.16, 6.601, 6.937, 5.959, 4.731, 4.468, 5.126, 5.579, 5.271, 4.933, 6.059, 8.039, 8.54, 5.925, 3.737, 3.189, 4.853, 7.458, 9.317, 10.475, 10.29, 11.336, 11.284, 11.138, 12.567, 11.651, 10.57, 10.687, 10.778, 10.064, 8.825, 9.461, 10.107, 10.485, 12.19, 13.731, 12.895, 12.219, 13.599, 14.572, 15.349, 16.554, 17.346, 17.877, 17.723, 15.676, 14.575, 15.12, 16.222, 15.101, 14.41, 14.072, 13.929, 13.481, 12.606, 10.032, 8.152, 8.419, 8.745, 7.151, 5.722, 4.577, 4.277, 6.44, 7.386, 6.833, 6.785, 8.253, 9.708, 11.662, 12.279, 12.818, 11.903, 11.523, 10.79, 9.48, 9.339, 9.166, 8.576, 9.153, 9.277, 8.817, 7.657, 8.05, 8.742], [13.713, 14.347, 15.946, 12.805, 9.954, 9.401, 7.616, 4.239, 1.765, 1.222, 0.767, 0.0, 1.173, 2.123, 3.099, 3.541, 2.231, 2.452, 3.168, 3.265, 2.862, 2.37, 1.929, 2.04, 3.942, 6.853, 7.701, 10.024, 15.248, 19.255, 17.596, 15.123, 13.439, 11.161, 10.036, 10.65, 11.034, 10.729, 10.151, 9.551, 8.557, 7.879, 7.139, 7.291, 7.628, 7.362, 6.335, 5.303, 4.829, 4.321, 4.032, 4.654, 6.92, 6.399, 7.203, 10.94, 11.191, 10.192, 9.127, 5.54, 4.312, 4.985, 5.803, 6.749, 7.63, 7.655, 7.577, 7.099, 7.466, 7.722, 8.222, 8.909, 9.292, 8.51, 7.992, 8.239, 8.394, 8.253, 7.092, 4.707, 4.352, 6.771, 8.389, 9.45, 12.368, 13.249, 11.635, 11.155, 13.25, 14.808, 13.004, 12.624, 12.059, 13.312, 13.756, 12.773, 13.028, 14.944, 17.539, 17.603, 16.627, 15.691, 15.092, 15.028, 14.245, 12.321, 12.138, 13.818, 15.412, 15.499, 11.585, 5.778, 3.181, 3.397, 3.912, 4.944, 6.563, 7.571, 7.579, 8.239, 8.652, 7.473, 6.903, 7.248, 6.204, 4.843, 4.717, 5.272, 5.719, 5.422, 5.074, 6.212, 8.315, 8.916, 6.331, 4.017, 3.256, 4.946, 7.641, 9.673, 10.862, 10.668, 11.69, 11.625, 11.374, 12.812, 11.88, 10.771, 10.889, 10.817, 10.087, 8.877, 9.703, 10.279, 10.54, 12.364, 14.014, 13.24, 12.507, 13.863, 14.986, 15.735, 16.928, 17.718, 18.259, 18.099, 16.049, 14.953, 15.501, 16.589, 15.425, 14.699, 14.419, 14.26, 13.797, 12.943, 10.369, 8.468, 8.734, 9.058, 7.427, 5.946, 4.746, 4.438, 6.583, 7.608, 7.019, 6.923, 8.467, 9.924, 11.984, 12.639, 13.129, 12.267, 11.88, 11.169, 9.855, 9.7, 9.519, 8.895, 9.492, 9.652, 9.147, 7.953, 8.307, 8.999], [13.312, 13.918, 15.517, 12.424, 9.568, 9.04, 7.249, 3.917, 1.753, 1.553, 1.16, 1.173, 0.0, 1.78, 2.789, 3.369, 2.12, 2.306, 3.022, 3.098, 2.775, 2.369, 1.699, 1.965, 3.995, 6.755, 7.494, 9.689, 14.86, 18.955, 17.224, 14.713, 13.115, 10.904, 9.875, 10.509, 10.76, 10.334, 9.776, 9.461, 8.612, 7.693, 6.945, 7.089, 7.274, 6.931, 5.977, 5.085, 4.561, 4.039, 3.82, 4.389, 6.578, 6.144, 7.106, 10.597, 10.838, 9.846, 8.666, 5.31, 4.074, 4.839, 5.788, 6.85, 7.742, 7.759, 7.721, 7.29, 7.438, 7.507, 8.004, 8.633, 8.95, 8.284, 7.611, 7.887, 7.999, 7.902, 6.732, 4.289, 4.026, 6.37, 7.976, 9.063, 11.975, 12.879, 11.275, 10.79, 12.84, 14.459, 12.637, 12.255, 11.637, 12.842, 13.354, 12.369, 12.593, 14.498, 17.12, 17.144, 16.179, 15.333, 14.815, 14.636, 13.817, 11.905, 11.764, 13.41, 14.964, 15.093, 11.26, 5.431, 2.632, 2.814, 3.298, 4.465, 6.2, 7.182, 7.223, 7.913, 8.319, 7.073, 6.595, 6.996, 5.968, 4.748, 4.585, 4.894, 5.255, 4.916, 4.54, 5.729, 8.011, 8.587, 6.177, 3.9, 2.997, 4.922, 7.601, 9.378, 10.503, 10.242, 11.284, 11.317, 11.119, 12.595, 11.773, 10.716, 10.844, 10.92, 10.366, 9.036, 9.51, 10.392, 10.881, 12.463, 13.891, 13.125, 12.561, 13.973, 14.693, 15.357, 16.48, 17.249, 17.835, 17.688, 15.611, 14.508, 15.036, 16.15, 15.055, 14.346, 14.087, 13.935, 13.447, 12.535, 9.911, 8.011, 8.314, 8.649, 6.984, 5.478, 4.271, 3.856, 6.116, 7.267, 6.649, 6.503, 8.13, 9.6, 11.639, 12.236, 12.731, 11.852, 11.482, 10.768, 9.429, 9.266, 9.066, 8.53, 9.083, 9.244, 8.778, 7.643, 8.034, 8.71], [12.485, 13.011, 14.49, 11.348, 8.49, 7.951, 6.157, 3.018, 2.14, 2.245, 2.032, 2.123, 1.78, 0.0, 2.054, 2.46, 1.637, 1.565, 2.161, 2.447, 2.702, 2.379, 1.977, 1.747, 3.028, 5.965, 6.589, 8.59, 13.856, 18.012, 16.163, 13.753, 12.286, 10.111, 8.981, 9.745, 9.936, 9.331, 8.9, 8.809, 7.876, 6.94, 6.237, 6.326, 6.533, 5.941, 5.047, 4.163, 3.68, 3.274, 2.85, 3.417, 5.478, 5.284, 6.246, 9.506, 9.732, 8.732, 7.673, 4.342, 3.385, 3.83, 5.067, 5.952, 6.832, 6.881, 6.688, 6.23, 6.345, 6.545, 6.73, 7.476, 7.829, 7.026, 6.764, 7.056, 7.06, 6.816, 5.614, 3.194, 3.022, 5.272, 6.849, 7.902, 10.839, 11.736, 10.169, 9.694, 11.773, 13.326, 11.583, 11.157, 10.733, 11.837, 12.311, 11.338, 11.56, 13.465, 16.069, 16.122, 15.146, 14.387, 13.869, 13.607, 12.787, 10.882, 10.713, 12.355, 13.936, 14.066, 10.471, 4.363, 2.149, 2.751, 3.001, 3.659, 4.994, 6.033, 6.069, 6.726, 7.205, 6.174, 5.828, 6.114, 4.992, 3.95, 3.772, 4.016, 4.697, 4.127, 3.549, 4.837, 6.881, 7.561, 5.312, 2.923, 1.943, 4.262, 6.938, 8.444, 9.471, 9.265, 10.245, 10.472, 10.218, 11.732, 11.043, 9.862, 9.967, 10.082, 9.517, 8.047, 8.676, 9.463, 9.979, 11.767, 13.157, 12.38, 11.808, 13.221, 13.791, 14.371, 15.447, 16.237, 16.78, 16.64, 14.571, 13.474, 14.02, 15.104, 13.992, 13.3, 13.01, 12.907, 12.412, 11.537, 8.917, 7.072, 7.273, 7.595, 5.873, 4.365, 3.169, 2.882, 5.055, 6.077, 5.48, 5.419, 6.935, 8.402, 10.48, 11.179, 11.686, 10.802, 10.538, 9.815, 8.463, 8.213, 8.037, 7.426, 8.015, 8.171, 7.678, 6.463, 6.819, 7.516], [12.125, 12.725, 14.318, 11.216, 8.316, 7.795, 6.019, 3.594, 3.506, 3.656, 3.024, 3.099, 2.789, 2.054, 0.0, 1.194, 1.583, 1.804, 2.388, 2.485, 2.889, 2.768, 2.455, 1.899, 2.678, 5.535, 6.368, 8.54, 13.598, 17.722, 15.995, 13.495, 11.859, 9.487, 8.249, 8.972, 9.504, 9.106, 8.544, 8.063, 7.154, 6.517, 5.712, 5.909, 6.228, 5.755, 4.761, 3.793, 3.183, 2.895, 2.535, 3.205, 5.392, 4.865, 5.896, 9.401, 9.62, 8.635, 7.462, 3.974, 2.8, 3.416, 4.299, 5.091, 6.031, 6.121, 5.953, 5.238, 5.576, 6.068, 6.49, 7.275, 7.674, 6.811, 6.367, 6.638, 6.795, 6.732, 5.569, 3.064, 2.946, 5.257, 6.867, 7.936, 10.889, 11.751, 10.123, 9.636, 11.691, 13.31, 11.495, 11.041, 10.406, 11.631, 12.139, 11.164, 11.376, 13.271, 15.889, 15.923, 14.954, 14.051, 13.606, 13.402, 12.602, 10.69, 10.549, 12.167, 13.738, 13.858, 10.074, 4.181, 3.782, 4.639, 4.819, 4.405, 5.173, 6.069, 6.16, 6.774, 7.147, 5.877, 5.368, 5.819, 4.874, 4.356, 4.799, 5.36, 5.904, 5.255, 4.276, 5.391, 6.862, 7.378, 5.028, 3.184, 1.978, 3.506, 6.134, 8.09, 9.313, 9.003, 10.06, 10.093, 9.794, 11.323, 10.512, 9.102, 9.197, 9.319, 8.709, 7.177, 8.067, 8.628, 9.109, 11.077, 12.625, 11.907, 11.338, 12.755, 13.494, 14.095, 15.248, 16.038, 16.59, 16.43, 14.367, 13.28, 13.821, 14.905, 13.827, 13.134, 12.879, 12.713, 12.253, 11.345, 8.724, 6.865, 7.128, 7.479, 5.92, 4.544, 4.105, 4.012, 5.989, 6.43, 5.948, 6.004, 7.236, 8.552, 10.465, 10.985, 11.53, 10.591, 10.218, 9.535, 8.211, 8.037, 7.831, 7.311, 7.853, 8.004, 7.539, 6.655, 6.992, 7.561], [11.778, 12.412, 14.017, 10.892, 8.014, 7.457, 5.692, 3.564, 3.901, 4.153, 3.517, 3.541, 3.369, 2.46, 1.194, 0.0, 1.79, 2.364, 2.966, 3.252, 3.72, 3.643, 3.152, 2.31, 2.143, 5.026, 5.988, 8.155, 13.305, 17.427, 15.683, 13.173, 11.515, 9.065, 7.668, 8.442, 9.09, 8.788, 8.213, 7.572, 6.678, 6.081, 5.256, 5.361, 5.742, 5.405, 4.374, 3.305, 2.765, 2.464, 2.318, 3.104, 5.104, 4.569, 5.575, 9.041, 9.268, 8.269, 7.168, 3.72, 2.745, 3.059, 3.893, 4.496, 5.368, 5.637, 5.495, 4.824, 5.157, 5.709, 6.162, 6.966, 7.365, 6.509, 6.052, 6.334, 6.473, 6.36, 5.196, 2.905, 3.081, 4.879, 6.488, 7.701, 10.747, 11.507, 9.955, 9.318, 11.33, 12.928, 11.098, 10.681, 10.1, 11.353, 11.809, 10.835, 11.077, 12.988, 15.58, 15.644, 14.668, 13.769, 13.257, 13.098, 12.303, 10.373, 10.206, 11.87, 13.458, 13.57, 9.694, 3.866, 4.253, 5.052, 5.181, 4.538, 5.201, 5.908, 6.111, 6.57, 6.816, 5.601, 5.056, 5.461, 4.785, 4.398, 4.886, 5.568, 6.123, 5.417, 4.435, 5.532, 6.789, 7.073, 4.582, 3.118, 2.099, 3.109, 5.68, 7.777, 8.951, 8.713, 9.73, 9.706, 9.485, 10.933, 10.065, 8.604, 8.412, 8.758, 8.128, 6.576, 7.475, 7.918, 8.339, 10.596, 12.272, 11.502, 10.906, 12.297, 13.117, 13.825, 14.969, 15.759, 16.302, 16.142, 14.088, 12.994, 13.543, 14.626, 13.51, 12.809, 12.529, 12.362, 11.899, 11.032, 8.419, 6.523, 6.809, 7.214, 5.661, 4.652, 4.358, 4.199, 6.216, 6.59, 6.04, 6.155, 7.322, 8.421, 10.099, 10.694, 11.214, 10.31, 9.938, 9.228, 7.896, 7.729, 7.553, 6.988, 7.534, 7.73, 7.381, 6.697, 7.007, 7.494], [12.161, 12.798, 14.398, 11.259, 8.408, 7.852, 6.066, 2.981, 2.419, 2.576, 2.096, 2.231, 2.12, 1.637, 1.583, 1.79, 0.0, 1.493, 2.269, 2.732, 2.924, 2.732, 2.092, 1.474, 2.348, 5.366, 6.178, 8.467, 13.698, 17.713, 16.046, 13.573, 11.889, 9.522, 8.262, 9.03, 9.463, 9.178, 8.602, 8.175, 7.172, 6.344, 5.613, 5.801, 6.092, 5.813, 4.721, 3.641, 3.177, 2.765, 2.404, 3.089, 5.373, 4.886, 5.799, 9.393, 9.641, 8.642, 7.576, 4.06, 2.773, 3.365, 4.386, 5.172, 5.934, 6.112, 6.037, 5.669, 5.755, 6.091, 6.62, 7.377, 7.734, 6.964, 6.43, 6.691, 6.845, 6.707, 5.566, 3.046, 2.872, 5.213, 6.829, 7.928, 10.866, 11.705, 10.096, 9.626, 11.699, 13.253, 11.453, 11.077, 10.508, 11.76, 12.206, 11.224, 11.479, 13.394, 15.988, 16.052, 15.075, 14.142, 13.552, 13.479, 12.696, 10.771, 10.572, 12.268, 13.863, 13.949, 10.04, 4.229, 2.907, 3.794, 4.161, 4.156, 5.094, 6.042, 6.114, 6.753, 7.142, 5.931, 5.344, 5.737, 4.732, 3.961, 4.109, 4.858, 5.324, 4.793, 4.068, 5.142, 6.8, 7.367, 4.81, 2.631, 1.858, 3.558, 6.19, 8.136, 9.312, 9.118, 10.141, 10.072, 9.791, 11.205, 10.39, 9.051, 9.101, 9.288, 8.645, 7.196, 7.857, 8.687, 9.069, 10.913, 12.548, 11.763, 11.118, 12.537, 13.409, 14.185, 15.377, 16.167, 16.71, 16.549, 14.499, 13.401, 13.95, 15.041, 13.875, 13.151, 12.869, 12.707, 12.249, 11.391, 8.817, 6.919, 7.185, 7.51, 5.868, 4.602, 3.937, 3.736, 5.796, 6.278, 5.675, 5.747, 7.041, 8.481, 10.434, 11.089, 11.577, 10.718, 10.329, 9.617, 8.304, 8.151, 7.969, 7.349, 7.946, 8.101, 7.611, 6.449, 6.813, 7.516], [11.983, 12.5, 13.809, 10.676, 7.83, 7.248, 5.475, 2.512, 2.383, 2.484, 2.162, 2.452, 2.306, 1.565, 1.804, 2.364, 1.493, 0.0, 1.415, 1.873, 2.504, 2.308, 1.991, 1.758, 2.829, 5.622, 6.163, 7.92, 13.177, 17.373, 15.516, 13.088, 11.793, 9.738, 8.705, 9.381, 9.602, 8.824, 8.433, 8.483, 7.569, 6.558, 5.904, 6.015, 6.12, 5.425, 4.647, 3.842, 3.425, 2.944, 2.53, 3.065, 4.817, 4.83, 5.722, 8.807, 9.059, 8.06, 6.972, 3.908, 2.637, 3.49, 4.674, 5.707, 6.51, 6.562, 6.483, 6.138, 6.275, 6.151, 6.216, 6.856, 7.141, 6.504, 6.284, 6.609, 6.488, 6.327, 5.023, 2.701, 2.325, 4.673, 6.292, 7.376, 10.287, 11.156, 9.532, 9.047, 11.129, 12.716, 10.849, 10.478, 10.09, 11.155, 11.591, 10.609, 10.864, 12.779, 15.382, 15.446, 14.463, 13.798, 13.18, 12.926, 12.081, 10.157, 9.966, 11.653, 13.257, 13.376, 9.874, 3.815, 2.537, 3.413, 3.773, 4.011, 4.509, 5.483, 5.568, 6.184, 6.59, 5.573, 5.395, 5.714, 4.591, 4.13, 4.27, 4.615, 5.48, 4.756, 3.859, 4.952, 6.285, 6.912, 4.762, 2.714, 1.955, 3.886, 6.524, 7.953, 8.824, 8.604, 9.598, 9.911, 9.773, 11.249, 10.621, 9.468, 9.599, 9.799, 9.15, 7.901, 8.21, 9.162, 9.638, 11.312, 12.719, 11.856, 11.318, 12.682, 13.167, 13.803, 14.776, 15.561, 16.095, 15.934, 13.884, 12.796, 13.342, 14.434, 13.287, 12.715, 12.323, 12.177, 11.767, 10.894, 8.245, 6.488, 6.602, 6.923, 5.328, 3.937, 3.459, 3.259, 5.199, 5.66, 5.163, 5.184, 6.454, 7.862, 9.872, 10.475, 10.996, 10.103, 9.928, 9.133, 7.77, 7.539, 7.354, 6.767, 7.349, 7.494, 7.004, 5.885, 6.244, 6.921], [12.611, 13.237, 13.594, 10.337, 8.23, 7.803, 5.55, 3.27, 3.25, 3.313, 2.965, 3.168, 3.022, 2.161, 2.388, 2.966, 2.269, 1.415, 0.0, 1.251, 1.867, 1.972, 2.111, 2.365, 3.636, 6.505, 7.037, 8.541, 13.772, 18.158, 16.208, 13.798, 12.722, 10.522, 9.4, 10.075, 10.256, 9.481, 9.14, 9.31, 8.431, 7.52, 6.816, 6.888, 6.909, 6.069, 5.272, 4.455, 4.071, 3.574, 2.966, 3.688, 5.174, 5.609, 6.598, 9.185, 9.6, 8.423, 7.33, 4.628, 3.443, 4.374, 5.531, 6.419, 7.329, 7.33, 7.065, 6.664, 6.896, 6.768, 6.621, 6.919, 7.216, 6.819, 6.972, 7.268, 7.033, 6.518, 4.793, 2.555, 2.594, 4.559, 6.167, 7.209, 9.984, 10.753, 9.554, 9.067, 10.889, 12.327, 11.072, 10.702, 10.722, 11.414, 11.966, 11.173, 11.315, 12.802, 15.22, 15.478, 14.667, 14.587, 14.024, 13.565, 12.39, 10.603, 10.435, 11.88, 13.497, 13.959, 10.705, 4.489, 3.032, 3.874, 4.286, 4.48, 4.863, 5.303, 5.902, 6.474, 7.012, 6.286, 6.248, 6.411, 5.516, 5.009, 5.153, 5.43, 6.318, 5.541, 4.521, 5.172, 6.795, 7.731, 5.713, 3.534, 2.586, 4.63, 7.309, 8.663, 9.654, 8.922, 10.052, 10.598, 10.586, 12.198, 11.549, 10.303, 10.463, 10.578, 9.964, 8.605, 9.087, 9.954, 10.431, 12.276, 13.643, 12.846, 12.303, 13.673, 14.05, 14.487, 15.108, 15.709, 15.952, 16.064, 13.889, 13.072, 13.478, 14.41, 13.678, 13.351, 12.868, 12.954, 12.414, 11.389, 8.628, 6.876, 6.495, 6.661, 5.59, 4.459, 4.091, 3.617, 5.492, 5.898, 5.347, 5.273, 6.279, 7.886, 9.763, 10.595, 11.231, 10.238, 10.587, 9.937, 8.393, 7.556, 7.148, 6.705, 7.533, 7.873, 7.308, 6.126, 6.616, 7.0], [13.248, 13.987, 14.436, 11.168, 9.004, 8.606, 6.307, 3.856, 3.414, 3.411, 3.11, 3.265, 3.098, 2.447, 2.485, 3.252, 2.732, 1.873, 1.251, 0.0, 1.439, 1.695, 2.005, 2.618, 4.459, 7.246, 7.747, 9.219, 14.575, 18.913, 17.011, 14.576, 13.476, 11.357, 10.266, 10.908, 10.965, 10.193, 9.905, 10.065, 9.256, 8.315, 7.619, 7.644, 7.677, 6.761, 6.078, 5.25, 4.862, 4.338, 3.704, 4.387, 5.872, 6.307, 7.23, 9.862, 10.321, 9.154, 8.074, 5.291, 4.16, 5.166, 6.326, 7.23, 8.16, 8.172, 7.788, 7.109, 7.523, 7.498, 7.388, 7.594, 7.914, 7.533, 7.681, 7.952, 7.751, 7.265, 5.523, 3.306, 3.233, 5.31, 6.944, 7.838, 10.797, 11.58, 10.218, 9.755, 11.664, 13.206, 11.89, 11.501, 11.399, 12.075, 12.75, 11.976, 12.112, 13.592, 16.037, 16.163, 15.428, 15.338, 14.827, 14.368, 13.168, 11.414, 11.24, 12.683, 14.297, 14.763, 11.482, 5.137, 3.121, 3.998, 4.42, 4.762, 5.361, 5.984, 6.463, 7.057, 7.714, 6.961, 6.937, 7.095, 6.143, 5.352, 5.496, 5.64, 6.518, 5.786, 4.943, 5.617, 7.451, 8.534, 6.455, 4.224, 3.176, 5.315, 8.072, 9.451, 10.425, 9.721, 10.726, 11.265, 11.354, 12.987, 12.327, 11.148, 11.307, 11.451, 10.823, 9.273, 9.948, 10.81, 11.279, 13.084, 14.415, 13.571, 13.045, 14.388, 14.853, 15.276, 15.775, 16.382, 16.776, 16.868, 14.631, 13.784, 14.198, 15.071, 14.488, 14.104, 13.601, 13.767, 13.226, 12.204, 9.306, 7.547, 7.213, 7.423, 6.348, 5.036, 4.415, 3.885, 5.824, 6.359, 5.788, 5.708, 6.745, 8.303, 10.452, 11.442, 11.968, 10.952, 11.254, 10.589, 9.067, 8.228, 7.919, 7.436, 8.221, 8.617, 8.077, 6.736, 7.179, 7.696], [13.851, 14.585, 15.16, 11.906, 9.639, 9.263, 7.011, 4.23, 3.126, 3.143, 2.724, 2.862, 2.775, 2.702, 2.889, 3.72, 2.924, 2.504, 1.867, 1.439, 0.0, 0.963, 1.546, 2.485, 4.882, 7.754, 8.359, 9.902, 15.212, 19.556, 17.654, 15.201, 14.012, 11.788, 10.697, 11.338, 11.489, 10.778, 10.433, 10.535, 9.702, 8.807, 8.083, 8.178, 8.266, 7.329, 6.53, 5.696, 5.28, 4.802, 4.154, 4.913, 6.474, 6.845, 7.891, 10.614, 10.983, 9.822, 8.715, 5.85, 4.704, 5.609, 6.785, 7.648, 8.617, 8.612, 8.235, 7.572, 7.974, 7.978, 7.857, 8.203, 8.548, 8.017, 8.177, 8.45, 8.355, 7.778, 6.183, 3.792, 3.857, 6.044, 7.673, 8.641, 11.619, 12.319, 11.003, 10.435, 12.413, 13.916, 12.566, 12.183, 12.069, 12.818, 13.483, 12.647, 12.792, 14.365, 16.813, 16.964, 16.092, 15.957, 15.468, 15.007, 13.931, 12.051, 11.91, 13.334, 14.942, 15.419, 12.099, 5.772, 3.546, 4.144, 4.864, 5.616, 6.215, 6.703, 7.298, 7.816, 8.372, 7.568, 7.484, 7.633, 6.827, 6.066, 5.985, 6.25, 6.873, 6.396, 5.691, 6.427, 8.127, 9.189, 7.067, 4.868, 3.748, 5.803, 8.549, 9.995, 11.026, 10.34, 11.399, 11.867, 11.83, 13.461, 12.825, 11.586, 11.763, 11.879, 11.258, 9.737, 10.387, 11.252, 11.721, 13.546, 14.936, 14.168, 13.6, 14.999, 15.48, 15.904, 16.49, 17.092, 17.531, 17.621, 15.341, 14.472, 14.849, 15.776, 15.125, 14.709, 14.254, 14.387, 13.825, 12.802, 9.964, 8.178, 7.889, 8.198, 7.024, 5.812, 5.165, 4.66, 6.587, 7.254, 6.68, 6.645, 7.712, 9.293, 11.217, 12.092, 12.641, 11.716, 11.911, 11.226, 9.742, 8.984, 8.64, 8.167, 8.882, 9.282, 8.729, 7.579, 7.977, 8.49], [13.774, 14.466, 15.296, 12.074, 9.543, 9.198, 7.048, 4.136, 2.715, 2.622, 2.347, 2.37, 2.369, 2.379, 2.768, 3.643, 2.732, 2.308, 1.972, 1.695, 0.963, 0.0, 1.214, 2.336, 4.728, 7.614, 8.245, 9.878, 15.11, 19.506, 17.565, 15.098, 13.89, 11.673, 10.562, 11.206, 11.36, 10.713, 10.288, 10.412, 9.552, 8.665, 7.943, 8.015, 8.152, 7.229, 6.403, 5.532, 5.128, 4.694, 4.098, 4.84, 6.499, 6.789, 7.839, 10.628, 10.943, 9.845, 8.658, 5.776, 4.602, 5.484, 6.637, 7.498, 8.485, 8.485, 8.162, 7.536, 7.853, 7.891, 7.749, 8.239, 8.56, 7.933, 8.086, 8.375, 8.242, 7.801, 6.323, 3.915, 3.747, 6.161, 7.766, 8.714, 11.633, 12.5, 11.038, 10.507, 12.577, 14.062, 12.559, 12.167, 12.009, 12.825, 13.488, 12.599, 12.742, 14.401, 17.005, 17.027, 16.11, 15.882, 15.39, 14.909, 13.952, 12.048, 11.899, 13.337, 14.906, 15.377, 12.001, 5.722, 3.326, 3.815, 4.504, 5.383, 6.096, 6.823, 7.149, 7.675, 8.328, 7.516, 7.406, 7.533, 6.661, 5.799, 5.685, 5.972, 6.587, 6.115, 5.481, 6.238, 7.949, 9.105, 6.973, 4.711, 3.568, 5.724, 8.427, 9.897, 10.936, 10.278, 11.356, 11.792, 11.706, 13.336, 12.699, 11.457, 11.627, 11.716, 11.119, 9.625, 10.245, 11.11, 11.587, 13.415, 14.815, 14.064, 13.476, 14.901, 15.377, 15.801, 16.511, 17.092, 17.67, 17.679, 15.38, 14.47, 14.864, 15.905, 15.056, 14.608, 14.216, 14.285, 13.71, 12.683, 9.898, 8.097, 7.98, 8.31, 7.033, 5.682, 4.92, 4.411, 6.404, 7.172, 6.563, 6.588, 7.803, 9.282, 11.31, 12.111, 12.653, 11.811, 11.873, 11.166, 9.701, 9.073, 8.775, 8.23, 8.901, 9.261, 8.674, 7.576, 7.99, 8.505], [12.972, 13.673, 14.964, 11.828, 9.16, 8.678, 6.695, 3.601, 2.139, 2.22, 1.867, 1.929, 1.699, 1.977, 2.455, 3.152, 2.092, 1.991, 2.111, 2.005, 1.546, 1.214, 0.0, 1.611, 3.916, 6.732, 7.403, 9.285, 14.483, 18.853, 17.005, 14.419, 13.052, 10.832, 9.832, 10.347, 10.579, 9.991, 9.514, 9.48, 8.684, 7.807, 7.081, 7.133, 7.321, 6.546, 5.621, 4.723, 4.304, 3.776, 3.317, 4.056, 6.055, 5.999, 7.026, 10.161, 10.458, 9.376, 8.251, 4.903, 3.887, 4.771, 5.756, 6.793, 7.814, 7.769, 7.568, 6.988, 7.261, 7.2, 7.491, 7.977, 8.335, 7.705, 7.338, 7.613, 7.52, 7.271, 6.056, 3.648, 3.479, 5.719, 7.297, 8.36, 11.361, 12.178, 10.674, 10.193, 12.277, 13.799, 12.171, 11.769, 11.33, 12.467, 13.08, 12.132, 12.231, 14.049, 16.622, 16.725, 15.708, 15.147, 14.743, 14.459, 13.545, 11.641, 11.497, 12.949, 14.583, 14.908, 11.238, 5.041, 2.83, 3.315, 3.877, 4.622, 5.705, 6.49, 6.703, 7.324, 7.805, 6.81, 6.545, 6.797, 5.847, 4.998, 4.887, 5.269, 5.777, 5.268, 4.724, 5.566, 7.465, 8.495, 6.178, 3.908, 2.814, 4.88, 7.595, 9.13, 10.374, 9.764, 10.818, 10.986, 10.886, 12.525, 11.819, 10.772, 10.919, 10.97, 10.46, 8.986, 9.492, 10.36, 10.919, 12.561, 13.947, 13.224, 12.641, 14.078, 14.645, 15.161, 16.063, 16.807, 17.338, 17.287, 15.136, 14.089, 14.589, 15.629, 14.68, 13.975, 13.716, 13.722, 13.076, 12.099, 9.472, 7.586, 7.743, 8.075, 6.582, 5.209, 4.253, 3.825, 5.954, 6.793, 6.19, 6.175, 7.518, 9.042, 11.023, 11.792, 12.267, 11.445, 11.218, 10.479, 9.139, 8.796, 8.54, 7.996, 8.567, 8.804, 8.247, 7.195, 7.493, 8.14], [12.527, 13.213, 14.725, 11.566, 8.826, 8.34, 6.438, 3.165, 2.309, 2.485, 2.022, 2.04, 1.965, 1.747, 1.899, 2.31, 1.474, 1.758, 2.365, 2.618, 2.485, 2.336, 1.611, 0.0, 2.731, 5.861, 6.738, 8.813, 14.134, 18.316, 16.577, 14.048, 12.451, 10.022, 8.709, 9.391, 9.867, 9.527, 9.04, 8.61, 7.75, 7.059, 6.309, 6.356, 6.62, 6.107, 5.051, 4.003, 3.504, 3.155, 2.72, 3.422, 5.738, 5.344, 6.343, 9.775, 10.02, 9.016, 7.943, 4.413, 3.309, 4.067, 4.864, 5.822, 6.557, 6.656, 6.431, 6.164, 6.445, 6.586, 6.9, 7.723, 8.062, 7.199, 6.761, 7.047, 7.224, 7.048, 5.799, 3.348, 3.036, 5.453, 7.02, 8.026, 11.01, 11.914, 10.373, 9.938, 12.017, 13.553, 11.931, 11.529, 10.904, 12.127, 12.705, 11.738, 11.917, 13.795, 16.372, 16.432, 15.452, 14.629, 14.257, 14.01, 13.152, 11.262, 11.119, 12.706, 14.278, 14.449, 10.629, 4.612, 2.832, 3.356, 3.817, 4.193, 5.237, 6.136, 6.286, 6.937, 7.437, 6.32, 5.86, 6.146, 5.2, 4.41, 4.342, 4.948, 5.336, 4.834, 4.178, 5.32, 7.196, 7.981, 5.506, 3.398, 2.18, 3.961, 6.719, 8.564, 9.906, 9.53, 10.494, 10.468, 10.331, 11.886, 11.001, 9.722, 9.655, 9.835, 9.294, 7.931, 8.547, 9.197, 9.662, 11.619, 13.21, 12.532, 11.879, 13.31, 14.108, 14.682, 15.731, 16.521, 17.109, 16.961, 14.865, 13.785, 14.304, 15.388, 14.319, 13.527, 13.282, 13.276, 12.728, 11.817, 9.171, 7.236, 7.484, 7.813, 6.2, 4.703, 3.997, 3.725, 5.759, 6.33, 5.868, 5.901, 7.184, 8.642, 10.764, 11.504, 11.947, 11.094, 10.741, 10.039, 8.716, 8.496, 8.296, 7.69, 8.293, 8.485, 7.984, 6.844, 7.075, 7.808], [10.294, 10.936, 12.51, 9.36, 6.546, 6.005, 4.234, 2.926, 3.497, 4.084, 3.877, 3.942, 3.995, 3.028, 2.678, 2.143, 2.348, 2.829, 3.636, 4.459, 4.882, 4.728, 3.916, 2.731, 0.0, 3.328, 4.365, 6.545, 11.845, 15.948, 14.204, 11.723, 10.062, 7.641, 6.427, 7.104, 7.595, 7.303, 6.737, 6.154, 5.202, 4.516, 3.79, 3.864, 4.191, 3.869, 2.774, 1.789, 1.463, 1.278, 1.296, 1.897, 3.643, 3.071, 3.97, 7.512, 7.775, 6.778, 5.718, 2.434, 2.033, 2.191, 2.716, 3.636, 4.21, 4.321, 4.421, 4.619, 4.616, 4.752, 4.898, 5.664, 5.887, 5.13, 4.53, 4.816, 4.977, 4.805, 3.683, 2.247, 2.004, 3.267, 4.823, 6.03, 9.026, 9.921, 8.422, 7.797, 9.81, 11.316, 9.593, 9.224, 8.65, 9.902, 10.359, 9.375, 9.627, 11.538, 14.13, 14.194, 13.218, 12.318, 11.787, 11.636, 10.845, 8.929, 8.729, 10.417, 12.008, 12.107, 8.209, 2.421, 3.902, 4.848, 4.41, 3.469, 3.639, 4.269, 4.518, 4.928, 5.291, 4.133, 3.521, 3.932, 3.336, 3.426, 3.887, 4.691, 5.219, 4.542, 3.462, 4.138, 5.332, 5.594, 3.03, 2.217, 1.643, 1.769, 4.246, 6.27, 7.47, 7.263, 8.276, 8.231, 7.979, 9.4, 8.538, 7.331, 7.226, 7.345, 6.878, 5.878, 6.134, 6.918, 7.201, 8.974, 10.735, 9.954, 9.255, 10.624, 11.602, 12.343, 13.517, 14.309, 14.852, 14.693, 12.639, 11.544, 12.093, 13.176, 12.023, 11.251, 11.012, 10.869, 10.387, 9.531, 6.939, 5.014, 5.281, 5.729, 4.316, 3.761, 3.432, 3.332, 5.165, 5.463, 4.943, 5.006, 5.866, 6.789, 8.554, 9.235, 9.719, 8.853, 8.471, 7.765, 6.45, 6.276, 6.098, 5.51, 6.079, 6.337, 5.975, 5.236, 5.551, 6.079], [7.068, 7.702, 9.279, 6.133, 3.36, 3.009, 3.406, 4.568, 6.067, 6.816, 6.644, 6.853, 6.755, 5.965, 5.535, 5.026, 5.366, 5.622, 6.505, 7.246, 7.754, 7.614, 6.732, 5.861, 3.328, 0.0, 1.64, 3.38, 8.596, 12.683, 10.958, 8.472, 6.8, 4.667, 4.236, 4.803, 4.96, 4.49, 3.709, 3.472, 2.683, 2.201, 1.732, 1.185, 1.729, 1.863, 2.005, 2.403, 2.697, 3.255, 3.719, 3.097, 2.147, 1.811, 1.953, 4.299, 4.586, 3.565, 2.854, 3.462, 3.878, 3.148, 2.719, 3.456, 3.298, 3.239, 3.555, 4.518, 4.35, 4.253, 4.289, 4.335, 4.417, 3.764, 2.631, 2.239, 2.156, 2.191, 2.9, 4.361, 4.274, 3.373, 3.807, 3.71, 6.372, 7.344, 5.721, 4.915, 6.635, 8.135, 6.383, 5.972, 5.413, 6.666, 7.113, 6.125, 6.377, 8.292, 10.905, 10.957, 9.976, 9.057, 8.546, 8.377, 7.611, 5.771, 5.524, 7.166, 8.761, 8.847, 4.954, 2.918, 6.223, 7.253, 6.283, 4.495, 2.871, 3.053, 2.376, 2.685, 2.87, 2.295, 1.503, 1.665, 2.202, 2.812, 3.623, 4.219, 4.396, 4.108, 3.918, 2.925, 2.978, 2.527, 2.405, 3.729, 4.417, 2.515, 1.45, 3.041, 4.222, 4.052, 5.053, 4.97, 4.854, 6.243, 5.386, 5.414, 4.981, 5.511, 5.816, 5.188, 4.722, 5.196, 5.618, 6.003, 7.479, 6.797, 6.107, 7.51, 8.4, 9.083, 10.282, 11.072, 11.608, 11.448, 9.397, 8.307, 8.855, 9.939, 8.773, 8.026, 7.767, 7.646, 7.169, 6.298, 3.848, 2.058, 3.186, 3.742, 3.494, 3.424, 4.397, 5.237, 4.524, 4.611, 4.318, 4.434, 4.406, 4.856, 5.347, 5.996, 6.484, 5.615, 5.234, 4.525, 3.28, 3.328, 3.453, 3.126, 3.303, 3.606, 3.727, 3.341, 3.551, 4.101], [6.204, 6.731, 8.287, 5.145, 2.926, 2.868, 3.458, 4.527, 6.335, 7.248, 7.41, 7.701, 7.494, 6.589, 6.368, 5.988, 6.178, 6.163, 7.037, 7.747, 8.359, 8.245, 7.403, 6.738, 4.365, 1.64, 0.0, 2.369, 7.599, 11.663, 9.965, 7.528, 6.253, 4.781, 4.559, 5.057, 4.981, 4.05, 3.349, 3.368, 2.848, 2.574, 2.312, 1.813, 1.502, 1.965, 2.754, 3.52, 3.831, 4.025, 4.631, 3.65, 2.13, 2.02, 1.726, 3.291, 3.544, 2.875, 2.567, 4.297, 4.775, 4.283, 4.072, 4.807, 4.133, 3.845, 4.131, 5.519, 5.199, 4.957, 4.893, 4.655, 4.495, 4.319, 3.284, 2.505, 1.933, 1.742, 3.401, 5.018, 4.782, 3.523, 3.897, 3.079, 5.029, 5.994, 4.38, 3.6, 5.627, 7.151, 5.393, 4.979, 4.428, 5.673, 6.119, 5.137, 5.379, 7.295, 9.907, 9.964, 8.979, 8.042, 7.53, 7.38, 6.647, 4.943, 4.559, 6.169, 7.763, 7.85, 4.0, 3.296, 6.35, 7.453, 6.359, 4.471, 2.798, 2.8, 1.836, 1.599, 1.861, 1.424, 1.508, 1.259, 1.79, 3.252, 3.681, 4.013, 3.984, 4.031, 4.55, 3.161, 2.016, 1.69, 2.448, 3.939, 5.231, 3.667, 2.095, 2.612, 3.243, 3.225, 4.092, 4.235, 4.417, 5.823, 5.225, 5.647, 5.304, 5.904, 6.256, 5.842, 4.988, 5.489, 5.926, 5.879, 6.868, 6.123, 5.684, 6.7, 7.384, 8.086, 9.289, 10.079, 10.61, 10.45, 8.405, 7.364, 7.92, 8.948, 7.776, 7.042, 6.77, 6.653, 6.181, 5.306, 3.07, 1.796, 2.952, 3.32, 3.159, 3.31, 4.374, 5.242, 4.345, 4.258, 4.069, 4.2, 3.981, 4.028, 4.399, 4.99, 5.492, 4.618, 4.241, 3.56, 2.258, 2.352, 2.541, 2.386, 2.358, 2.411, 2.298, 2.538, 2.233, 2.831], [5.377, 5.265, 6.019, 2.888, 1.734, 2.001, 3.579, 5.962, 8.436, 9.333, 9.729, 10.024, 9.689, 8.59, 8.54, 8.155, 8.467, 7.92, 8.541, 9.219, 9.902, 9.878, 9.285, 8.813, 6.545, 3.38, 2.369, 0.0, 5.597, 9.762, 7.949, 6.558, 6.246, 5.06