[[0.0, 1.435, 1.687, 2.661, 2.908, 2.705, 2.128, 1.797, 1.771, 2.571, 2.495, 2.028, 2.023, 3.854, 4.029, 3.594, 2.769, 2.146, 1.583, 2.069, 1.959, 2.352, 2.502, 2.893, 2.778, 2.551, 2.406, 2.027, 1.645, 2.815, 4.191, 5.461, 5.844, 5.645, 5.879, 5.9, 5.486, 4.374, 3.31, 2.037, 1.641, 1.266, 1.771, 2.173, 1.903, 2.333, 2.867, 3.281, 3.276, 2.979, 3.141, 4.126, 5.284, 4.044, 2.373, 2.674, 3.393, 3.271, 3.805, 4.37, 3.066, 2.862, 3.143, 3.121, 3.167, 3.484, 2.379, 8.442, 11.913, 13.765, 14.844, 15.457, 15.495, 15.367, 14.973, 14.867, 14.585, 14.799, 16.34, 17.68, 17.047, 14.55, 12.362, 11.637, 11.67, 12.789, 14.085, 13.572, 13.412, 14.177, 14.753, 13.92, 10.487, 7.106, 4.937, 7.261, 7.61, 7.475, 7.054, 6.54, 7.365, 6.736, 5.377, 5.973, 6.087, 6.003, 5.587, 5.801, 5.617, 4.44, 5.624, 8.802, 9.231, 9.457, 9.29, 7.362, 5.919, 4.762, 4.31, 3.68, 2.523, 2.058, 2.319, 2.43, 4.025, 4.887, 5.644, 6.748, 7.829, 3.618, 1.51, 2.161, 2.663, 4.122, 6.084, 7.084, 7.253, 6.648, 5.852, 5.905, 6.936, 7.279, 6.201, 6.314, 6.768, 5.363], [1.435, 0.0, 1.916, 2.817, 2.38, 2.077, 1.689, 1.718, 1.892, 2.054, 1.758, 1.916, 1.739, 2.863, 3.381, 3.184, 2.716, 2.474, 1.891, 2.095, 1.73, 1.743, 2.132, 2.528, 2.589, 3.123, 3.229, 2.284, 1.234, 1.816, 3.252, 4.366, 4.851, 4.912, 5.022, 4.96, 4.383, 3.391, 2.479, 1.332, 1.425, 1.325, 1.864, 2.555, 2.61, 2.05, 2.156, 2.424, 2.408, 2.224, 2.226, 3.508, 4.818, 3.492, 1.845, 2.721, 3.116, 3.191, 4.089, 4.791, 3.116, 2.129, 2.672, 2.914, 3.247, 3.856, 2.427, 7.876, 11.182, 12.646, 13.658, 14.326, 14.502, 14.223, 13.883, 13.783, 13.449, 13.763, 15.149, 16.491, 15.891, 13.37, 11.199, 10.482, 10.488, 11.599, 12.904, 12.387, 12.226, 12.994, 13.565, 12.743, 9.329, 5.916, 3.846, 6.114, 6.483, 6.398, 6.052, 5.515, 6.224, 5.61, 4.194, 4.872, 4.871, 4.699, 4.387, 4.716, 4.469, 3.809, 4.618, 7.663, 8.184, 8.296, 8.134, 6.446, 4.95, 3.812, 3.803, 3.656, 2.598, 2.878, 3.374, 3.224, 5.142, 5.822, 6.743, 7.934, 9.017, 4.677, 1.448, 1.876, 2.687, 3.845, 5.009, 6.137, 6.476, 6.109, 5.496, 5.541, 6.748, 6.8, 5.843, 5.892, 6.526, 4.995], [1.687, 1.916, 0.0, 1.656, 1.78, 1.47, 0.838, 1.37, 2.381, 3.425, 3.19, 3.001, 2.875, 4.305, 4.553, 4.178, 3.397, 2.339, 1.396, 1.423, 1.719, 1.896, 1.421, 1.654, 1.565, 1.78, 1.591, 1.553, 2.131, 3.282, 4.724, 5.977, 6.424, 6.386, 6.537, 6.534, 6.036, 5.012, 3.934, 2.582, 1.598, 1.964, 1.69, 1.178, 1.727, 2.912, 3.431, 3.538, 3.732, 3.194, 2.992, 4.595, 6.155, 4.905, 2.684, 2.209, 2.449, 2.971, 3.124, 3.741, 2.387, 2.349, 2.068, 2.255, 2.769, 2.881, 2.272, 9.337, 12.709, 14.382, 15.393, 16.025, 16.204, 15.939, 15.603, 15.57, 15.14, 15.487, 16.874, 18.216, 17.682, 15.163, 12.951, 12.274, 12.286, 13.402, 14.7, 14.187, 14.027, 14.795, 15.365, 14.522, 11.044, 7.636, 5.486, 7.833, 8.106, 8.02, 7.71, 7.166, 7.931, 7.292, 5.858, 6.508, 6.363, 5.944, 5.853, 6.3, 5.849, 4.678, 6.214, 9.322, 9.859, 9.99, 9.841, 8.059, 6.664, 5.027, 3.425, 3.286, 1.903, 1.456, 2.092, 1.637, 3.443, 4.315, 4.942, 6.156, 7.241, 3.017, 2.459, 2.401, 3.613, 5.077, 6.619, 7.625, 8.032, 7.524, 6.834, 6.895, 8.068, 8.173, 7.149, 7.241, 7.886, 6.25], [2.661, 2.817, 1.656, 0.0, 1.617, 1.708, 1.454, 1.812, 2.26, 3.254, 3.358, 3.286, 3.534, 5.042, 5.182, 5.216, 4.376, 3.119, 1.981, 1.588, 1.742, 2.206, 1.64, 1.844, 2.422, 2.066, 2.013, 2.656, 2.999, 3.857, 5.256, 6.59, 6.998, 6.418, 6.757, 6.785, 6.592, 5.437, 4.333, 3.253, 2.347, 2.702, 2.318, 1.294, 2.021, 2.715, 3.773, 3.83, 4.05, 3.638, 3.392, 4.994, 5.927, 4.951, 3.001, 1.915, 1.947, 2.737, 2.414, 2.725, 1.912, 2.967, 1.907, 1.919, 2.791, 1.955, 2.202, 9.014, 12.822, 14.864, 15.977, 16.541, 16.503, 16.42, 15.961, 16.068, 15.64, 15.77, 17.443, 18.776, 18.246, 15.756, 13.483, 12.843, 12.867, 13.993, 15.282, 14.768, 14.601, 15.368, 15.928, 15.082, 11.589, 8.214, 5.968, 8.427, 8.672, 8.561, 8.117, 7.566, 8.514, 7.869, 6.381, 7.084, 6.957, 6.537, 6.446, 6.764, 6.313, 5.118, 6.602, 9.914, 10.368, 10.583, 10.344, 8.358, 6.859, 5.246, 3.142, 2.827, 1.493, 2.054, 2.619, 2.014, 3.216, 4.317, 4.763, 5.905, 6.813, 2.757, 2.822, 2.564, 3.586, 5.154, 7.118, 8.099, 8.049, 7.193, 6.609, 6.704, 8.034, 8.186, 6.832, 6.884, 7.936, 6.285], [2.908, 2.38, 1.78, 1.617, 0.0, 1.033, 1.382, 1.771, 2.612, 3.49, 3.444, 3.675, 3.531, 4.572, 5.119, 5.158, 4.49, 3.391, 2.249, 2.132, 2.05, 1.675, 1.288, 1.081, 2.081, 2.38, 2.612, 2.535, 2.698, 3.409, 4.836, 5.918, 6.335, 6.309, 6.478, 6.445, 5.856, 4.833, 3.973, 2.969, 2.229, 2.62, 2.265, 1.669, 2.832, 3.355, 3.438, 3.315, 3.539, 3.234, 3.054, 4.804, 6.234, 4.883, 2.813, 2.052, 1.771, 2.521, 2.705, 2.922, 2.023, 2.446, 1.674, 1.934, 2.87, 2.131, 2.844, 9.261, 12.574, 14.19, 15.158, 15.857, 15.97, 15.73, 15.378, 15.301, 14.986, 15.323, 16.653, 17.995, 17.395, 14.827, 12.704, 12.001, 11.945, 13.06, 14.366, 13.848, 13.687, 14.458, 15.066, 14.239, 10.828, 7.417, 5.32, 7.555, 7.926, 7.799, 7.541, 7.007, 7.71, 7.093, 5.463, 6.321, 6.09, 5.667, 5.6, 6.179, 5.79, 4.964, 6.081, 9.133, 9.676, 9.738, 9.635, 7.921, 6.502, 4.824, 3.127, 3.145, 1.922, 2.639, 3.45, 2.635, 3.691, 4.395, 5.291, 6.482, 7.563, 3.311, 2.866, 2.802, 4.124, 5.374, 6.495, 7.605, 7.801, 7.484, 6.935, 6.96, 8.232, 8.188, 7.318, 7.34, 8.072, 6.348], [2.705, 2.077, 1.47, 1.708, 1.033, 0.0, 1.046, 1.607, 2.652, 3.514, 3.253, 3.565, 3.397, 4.038, 4.595, 4.517, 3.846, 3.004, 2.145, 1.966, 2.015, 1.777, 1.314, 1.128, 1.411, 2.446, 2.626, 2.297, 2.365, 2.987, 4.375, 5.433, 6.021, 6.212, 6.209, 6.178, 5.561, 4.597, 3.726, 2.509, 1.921, 2.45, 2.068, 1.68, 2.622, 3.11, 3.155, 3.221, 3.416, 3.032, 2.911, 4.724, 6.277, 4.909, 2.905, 2.368, 2.128, 2.934, 3.172, 3.558, 2.433, 2.325, 1.738, 2.24, 3.069, 2.675, 2.69, 9.342, 12.655, 13.856, 14.754, 15.549, 15.91, 15.428, 15.283, 15.127, 14.669, 15.08, 16.208, 17.553, 17.026, 14.464, 12.315, 11.657, 11.549, 12.656, 13.97, 13.438, 13.27, 14.074, 14.624, 13.862, 10.496, 7.026, 4.931, 7.114, 7.476, 7.55, 7.313, 6.775, 7.422, 6.877, 5.324, 6.0, 5.627, 5.204, 5.157, 5.75, 5.346, 4.89, 5.861, 8.702, 9.337, 9.354, 9.355, 7.881, 6.303, 4.882, 3.321, 3.38, 2.223, 2.495, 3.306, 2.662, 4.117, 4.834, 5.702, 6.893, 7.988, 3.625, 2.878, 2.766, 4.006, 5.346, 6.275, 7.51, 7.868, 7.55, 7.002, 7.03, 8.294, 8.225, 7.338, 7.381, 8.122, 6.424], [2.128, 1.689, 0.838, 1.454, 1.382, 1.046, 0.0, 1.213, 2.32, 3.164, 2.88, 2.917, 2.831, 3.921, 4.208, 4.123, 3.423, 2.531, 1.59, 1.376, 1.608, 1.629, 1.209, 1.445, 1.513, 1.968, 2.089, 1.807, 1.952, 2.923, 4.317, 5.576, 5.988, 6.053, 6.135, 6.143, 5.639, 4.581, 3.593, 2.244, 1.455, 1.868, 1.777, 1.247, 2.02, 2.624, 3.046, 3.142, 3.32, 2.83, 2.711, 4.436, 5.986, 4.647, 2.54, 2.172, 2.223, 2.748, 3.021, 3.665, 2.249, 2.102, 1.702, 2.143, 2.729, 2.781, 2.261, 9.084, 12.446, 13.979, 14.991, 15.645, 15.794, 15.55, 15.199, 15.158, 14.756, 15.093, 16.486, 17.828, 17.286, 14.759, 12.554, 11.871, 11.881, 12.998, 14.297, 13.784, 13.624, 14.392, 14.959, 14.121, 10.658, 7.247, 5.101, 7.428, 7.71, 7.668, 7.293, 6.748, 7.519, 6.888, 5.411, 6.126, 5.956, 5.537, 5.446, 5.92, 5.469, 4.582, 5.815, 8.926, 9.46, 9.583, 9.452, 7.759, 6.265, 4.668, 3.143, 3.076, 1.798, 1.919, 2.668, 2.126, 3.797, 4.645, 5.337, 6.545, 7.643, 3.32, 2.442, 2.326, 3.494, 4.966, 6.225, 7.321, 7.701, 7.302, 6.703, 6.714, 7.952, 7.953, 7.013, 7.076, 7.776, 6.125], [1.797, 1.718, 1.37, 1.812, 1.771, 1.607, 1.213, 0.0, 2.071, 2.922, 2.694, 2.746, 2.785, 3.859, 3.969, 3.883, 3.072, 2.191, 1.614, 1.715, 1.454, 1.434, 1.654, 1.959, 1.898, 2.11, 2.089, 1.435, 1.59, 2.746, 4.102, 5.352, 5.753, 5.637, 5.84, 5.854, 5.376, 4.266, 3.243, 2.055, 1.401, 1.516, 1.446, 1.629, 2.014, 2.257, 2.685, 2.866, 3.033, 2.724, 2.559, 4.313, 5.708, 4.329, 2.279, 2.198, 2.757, 3.03, 3.475, 3.857, 2.556, 1.907, 1.908, 2.273, 3.143, 3.032, 2.13, 8.774, 12.111, 13.739, 14.819, 15.429, 15.48, 15.334, 14.942, 14.875, 14.556, 14.804, 16.316, 17.658, 17.047, 14.55, 12.332, 11.637, 11.67, 12.789, 14.084, 13.571, 13.411, 14.177, 14.735, 13.896, 10.48, 7.081, 4.886, 7.231, 7.522, 7.404, 7.019, 6.486, 7.297, 6.669, 5.18, 5.939, 5.759, 5.482, 5.254, 5.704, 5.272, 4.471, 5.494, 8.698, 9.175, 9.407, 9.26, 7.384, 6.009, 4.457, 3.588, 3.407, 2.058, 1.982, 2.491, 2.088, 4.071, 4.947, 5.567, 6.744, 7.91, 3.597, 2.13, 2.052, 3.256, 4.725, 6.015, 7.109, 7.309, 6.988, 6.433, 6.461, 7.73, 7.668, 6.77, 6.811, 7.554, 5.826], [1.771, 1.892, 2.381, 2.26, 2.612, 2.652, 2.32, 2.071, 0.0, 1.698, 2.117, 1.8, 2.193, 3.622, 3.95, 4.07, 3.505, 2.515, 1.861, 2.077, 1.393, 1.768, 2.466, 3.01, 3.402, 3.319, 3.218, 2.818, 2.282, 2.452, 3.874, 5.047, 5.436, 4.873, 5.083, 5.096, 4.864, 3.795, 2.922, 2.082, 2.022, 1.907, 2.161, 2.705, 1.988, 1.781, 2.282, 2.472, 2.591, 2.122, 2.487, 3.335, 4.146, 3.194, 1.829, 1.877, 2.667, 2.808, 3.261, 3.92, 2.319, 2.126, 2.38, 2.329, 2.383, 2.839, 1.429, 7.321, 11.138, 13.123, 14.246, 14.833, 14.813, 14.683, 14.254, 14.337, 13.926, 14.064, 15.731, 17.065, 16.51, 14.025, 11.748, 11.112, 11.135, 12.261, 13.55, 13.032, 12.863, 13.632, 14.195, 13.349, 9.88, 6.509, 4.256, 6.691, 6.946, 6.826, 6.388, 5.874, 6.779, 6.133, 4.748, 5.358, 5.52, 5.381, 4.941, 5.158, 4.852, 3.866, 4.907, 8.185, 8.632, 8.848, 8.631, 6.618, 5.141, 3.928, 3.496, 3.226, 1.931, 2.751, 2.973, 3.208, 4.959, 6.001, 6.466, 7.591, 8.545, 4.407, 1.339, 1.532, 2.304, 3.377, 5.413, 6.387, 6.334, 5.483, 4.916, 5.086, 6.136, 6.353, 5.056, 5.13, 6.011, 4.667], [2.571, 2.054, 3.425, 3.254, 3.49, 3.514, 3.164, 2.922, 1.698, 0.0, 1.088, 1.383, 1.619, 2.364, 2.66, 2.889, 3.325, 3.053, 2.639, 2.736, 2.135, 2.647, 3.457, 3.92, 4.194, 4.347, 4.338, 3.716, 2.343, 1.65, 2.541, 3.76, 4.138, 3.555, 3.797, 3.838, 3.65, 2.768, 1.818, 2.119, 2.616, 2.199, 2.854, 3.658, 3.054, 1.773, 1.794, 2.252, 2.245, 2.461, 2.578, 3.272, 3.156, 2.54, 2.393, 3.107, 3.446, 3.449, 4.595, 5.307, 3.451, 2.696, 3.106, 3.299, 3.506, 4.194, 2.28, 6.061, 9.827, 11.826, 12.952, 13.513, 13.5, 13.378, 12.941, 13.039, 12.607, 12.745, 14.413, 15.747, 15.21, 12.727, 10.447, 9.815, 9.835, 10.961, 12.249, 11.733, 11.564, 12.332, 12.895, 12.049, 8.569, 5.188, 2.976, 5.466, 5.714, 5.599, 5.144, 4.624, 5.538, 4.891, 3.857, 4.109, 4.726, 4.555, 4.427, 4.1, 4.127, 3.497, 3.729, 6.973, 7.386, 7.588, 7.3, 5.284, 3.806, 3.312, 3.705, 3.353, 2.843, 3.942, 4.202, 4.292, 6.214, 7.268, 7.738, 8.865, 9.8, 5.655, 1.783, 1.701, 1.899, 2.6, 4.173, 5.161, 5.065, 4.291, 3.918, 4.158, 5.406, 5.281, 4.102, 4.214, 5.179, 3.816], [2.495, 1.758, 3.19, 3.358, 3.444, 3.253, 2.88, 2.694, 2.117, 1.088, 0.0, 1.523, 1.651, 2.223, 2.545, 2.626, 3.032, 2.612, 2.449, 2.344, 2.045, 2.422, 3.202, 3.777, 3.642, 4.03, 4.065, 3.41, 1.953, 1.529, 2.533, 3.811, 4.175, 3.675, 3.854, 3.956, 3.686, 2.732, 1.814, 1.745, 2.104, 1.973, 2.53, 3.411, 2.978, 1.776, 1.911, 2.311, 2.365, 2.648, 2.645, 3.48, 3.67, 2.9, 2.519, 3.408, 3.787, 3.8, 4.721, 5.487, 3.681, 2.754, 3.009, 3.471, 3.829, 4.609, 2.679, 6.499, 10.167, 11.922, 13.029, 13.597, 13.591, 13.466, 13.023, 13.126, 12.657, 12.826, 14.428, 15.769, 15.299, 12.807, 10.543, 9.901, 9.918, 11.044, 12.329, 11.809, 11.645, 12.409, 12.978, 12.132, 8.575, 5.209, 3.04, 5.514, 5.745, 5.646, 5.187, 4.634, 5.582, 4.938, 4.021, 4.208, 4.753, 4.677, 4.497, 4.171, 4.112, 3.848, 3.731, 6.982, 7.435, 7.651, 7.361, 5.344, 3.917, 3.416, 3.81, 3.584, 2.971, 3.764, 4.058, 4.131, 6.013, 7.079, 7.596, 8.792, 9.723, 5.557, 1.846, 2.046, 2.014, 2.95, 4.183, 5.314, 5.213, 4.799, 4.331, 4.572, 5.809, 5.702, 4.504, 4.488, 5.545, 4.042], [2.028, 1.916, 3.001, 3.286, 3.675, 3.565, 2.917, 2.746, 1.8, 1.383, 1.523, 0.0, 1.131, 2.574, 2.662, 2.617, 2.715, 2.625, 2.388, 2.604, 2.309, 2.773, 3.383, 3.849, 3.938, 4.089, 3.936, 3.43, 1.981, 1.549, 2.901, 4.076, 4.438, 3.99, 4.381, 4.357, 3.979, 2.881, 1.724, 1.702, 2.273, 1.794, 2.582, 3.411, 2.673, 1.717, 1.847, 2.332, 2.656, 2.586, 2.834, 3.499, 3.598, 2.495, 2.371, 3.082, 3.54, 3.421, 4.497, 5.176, 3.364, 3.021, 3.485, 3.778, 3.559, 4.286, 2.428, 6.706, 10.166, 12.177, 13.293, 13.882, 13.908, 13.746, 13.329, 13.395, 12.977, 13.152, 14.785, 16.124, 15.562, 13.072, 10.801, 10.159, 10.183, 11.308, 12.597, 12.084, 11.921, 12.685, 13.243, 12.403, 8.932, 5.555, 3.372, 5.804, 6.01, 5.88, 5.434, 4.951, 5.826, 5.18, 4.256, 4.514, 5.346, 5.025, 4.86, 4.527, 4.728, 3.85, 4.094, 7.244, 7.686, 7.895, 7.681, 5.713, 4.318, 3.855, 4.2, 3.477, 2.74, 3.352, 3.703, 3.879, 5.497, 6.473, 7.142, 8.288, 9.328, 5.034, 1.665, 1.875, 2.005, 3.013, 4.488, 5.466, 5.748, 5.034, 4.504, 4.719, 5.681, 5.412, 4.509, 4.755, 5.343, 4.195], [2.023, 1.739, 2.875, 3.534, 3.531, 3.397, 2.831, 2.785, 2.193, 1.619, 1.651, 1.131, 0.0, 2.267, 2.687, 2.618, 3.062, 3.154, 2.603, 2.848, 2.61, 2.83, 3.3, 3.642, 3.871, 4.133, 3.982, 3.347, 2.137, 1.717, 2.797, 3.825, 4.217, 4.121, 4.434, 4.389, 3.776, 2.818, 1.889, 2.011, 2.453, 1.901, 2.879, 3.513, 3.103, 2.346, 2.142, 2.67, 2.519, 2.517, 2.794, 3.328, 4.03, 2.577, 2.382, 3.244, 3.23, 3.207, 4.778, 5.492, 3.491, 2.85, 3.586, 3.9, 3.652, 4.511, 2.715, 6.753, 10.13, 12.029, 13.051, 13.71, 13.772, 13.595, 13.194, 13.144, 12.825, 13.141, 14.555, 15.897, 15.279, 12.771, 10.585, 9.871, 9.894, 11.01, 12.308, 11.795, 11.635, 12.403, 12.968, 12.137, 8.707, 5.316, 3.178, 5.432, 5.805, 5.664, 5.311, 4.833, 5.545, 4.92, 4.184, 4.261, 5.078, 4.981, 4.626, 4.467, 4.702, 3.721, 4.103, 6.993, 7.499, 7.638, 7.508, 5.662, 4.32, 3.893, 4.092, 3.495, 2.864, 3.475, 3.987, 4.031, 5.735, 6.426, 7.337, 8.525, 9.605, 5.223, 1.794, 2.057, 2.134, 2.918, 4.331, 5.284, 5.62, 5.032, 4.399, 4.554, 5.518, 5.539, 4.594, 4.757, 5.276, 4.007], [3.854, 2.863, 4.305, 5.042, 4.572, 4.038, 3.921, 3.859, 3.622, 2.364, 2.223, 2.574, 2.267, 0.0, 1.367, 2.063, 3.364, 3.879, 4.101, 4.264, 3.969, 3.872, 4.492, 4.615, 4.563, 5.551, 5.696, 4.649, 3.03, 1.856, 1.993, 2.451, 2.548, 2.843, 3.095, 2.734, 2.144, 1.833, 1.877, 2.637, 3.53, 3.076, 3.942, 4.979, 4.837, 3.324, 2.404, 3.168, 3.14, 3.264, 3.694, 4.258, 4.429, 3.364, 3.827, 4.835, 4.719, 4.72, 6.466, 7.138, 5.076, 3.681, 4.366, 5.004, 5.119, 6.059, 4.136, 6.323, 8.922, 10.118, 11.111, 11.778, 12.135, 11.691, 11.503, 11.418, 10.905, 11.306, 12.612, 13.954, 13.4, 10.883, 8.661, 8.002, 8.034, 9.124, 10.428, 9.905, 9.744, 10.512, 11.08, 10.245, 6.829, 3.472, 2.109, 3.614, 3.996, 4.287, 3.767, 3.919, 3.952, 3.929, 4.29, 3.816, 4.969, 4.916, 4.74, 4.339, 4.529, 4.493, 3.506, 5.046, 5.612, 5.742, 5.627, 4.108, 3.139, 4.458, 4.907, 4.664, 4.425, 5.326, 5.852, 5.69, 7.609, 8.385, 9.213, 10.416, 11.495, 7.094, 3.248, 3.378, 3.106, 2.82, 3.014, 3.836, 4.521, 4.42, 4.292, 4.542, 5.267, 4.759, 4.195, 4.631, 5.062, 4.592], [4.029, 3.381, 4.553, 5.182, 5.119, 4.595, 4.208, 3.969, 3.95, 2.66, 2.545, 2.662, 2.687, 1.367, 0.0, 1.142, 2.471, 3.216, 4.245, 4.281, 4.171, 4.234, 4.916, 5.199, 4.558, 5.487, 5.641, 4.855, 3.297, 2.137, 2.273, 2.55, 2.767, 2.665, 2.64, 2.564, 2.308, 1.635, 1.808, 2.654, 3.494, 3.215, 3.886, 5.014, 4.728, 2.903, 2.336, 3.233, 3.595, 3.799, 4.198, 4.933, 4.66, 3.629, 4.291, 5.262, 5.386, 5.3, 6.836, 7.425, 5.473, 4.101, 4.402, 5.253, 5.584, 6.387, 4.24, 6.97, 9.412, 10.38, 11.316, 11.906, 12.176, 11.888, 11.536, 11.466, 11.006, 11.234, 12.808, 14.138, 13.585, 11.092, 8.991, 8.301, 8.451, 9.326, 10.615, 10.102, 9.938, 10.702, 11.261, 10.418, 6.943, 3.669, 2.465, 4.552, 4.829, 5.047, 4.119, 4.214, 4.316, 4.159, 4.606, 4.302, 5.416, 5.112, 5.17, 4.548, 4.962, 5.104, 3.54, 5.274, 5.767, 5.921, 5.792, 4.459, 3.473, 4.889, 5.372, 5.093, 4.715, 5.257, 5.666, 5.562, 7.557, 8.605, 9.077, 10.263, 11.342, 7.198, 3.593, 3.698, 3.442, 3.391, 3.669, 4.583, 5.296, 5.123, 4.983, 5.233, 6.121, 5.489, 4.942, 5.377, 5.834, 5.106], [3.594, 3.184, 4.178, 5.216, 5.158, 4.517, 4.123, 3.883, 4.07, 2.889, 2.626, 2.617, 2.618, 2.063, 1.142, 0.0, 1.723, 2.631, 3.812, 3.969, 4.072, 4.26, 4.811, 5.009, 4.237, 5.045, 5.183, 4.358, 3.163, 2.27, 2.826, 2.97, 3.358, 3.301, 3.176, 3.064, 2.809, 1.795, 1.676, 2.43, 3.161, 3.012, 3.542, 4.655, 4.272, 2.829, 2.396, 3.421, 3.839, 3.999, 4.348, 5.208, 5.137, 3.87, 4.353, 5.361, 5.574, 5.501, 6.812, 7.496, 5.61, 4.295, 4.538, 5.425, 5.761, 6.468, 4.385, 7.796, 10.272, 11.17, 11.928, 12.538, 12.821, 12.483, 12.177, 12.074, 11.614, 11.899, 13.398, 14.734, 14.148, 11.651, 9.49, 8.904, 8.972, 9.89, 11.18, 10.668, 10.504, 11.267, 11.826, 10.982, 7.622, 4.25, 3.079, 5.327, 5.599, 5.771, 4.848, 4.936, 4.817, 4.658, 4.87, 4.846, 5.841, 5.324, 5.37, 4.871, 5.384, 5.469, 4.074, 5.808, 6.314, 6.577, 6.419, 5.165, 4.23, 5.26, 5.653, 5.364, 4.871, 4.849, 5.135, 5.021, 7.056, 8.051, 8.607, 9.673, 10.825, 6.805, 3.613, 3.87, 3.79, 4.166, 4.474, 5.396, 6.126, 5.938, 5.788, 6.003, 6.952, 6.312, 5.759, 6.198, 6.598, 5.805], [2.769, 2.716, 3.397, 4.376, 4.49, 3.846, 3.423, 3.072, 3.505, 3.325, 3.032, 2.715, 3.062, 3.364, 2.471, 1.723, 0.0, 1.779, 3.069, 3.218, 3.309, 3.594, 3.987, 4.376, 3.319, 4.134, 4.259, 3.551, 2.3, 2.62, 3.716, 4.221, 4.607, 4.465, 4.191, 4.188, 3.973, 2.749, 2.293, 1.935, 2.453, 2.172, 2.701, 3.829, 3.531, 2.472, 2.618, 3.515, 4.032, 4.003, 4.221, 5.433, 5.706, 4.18, 4.045, 4.871, 5.518, 5.524, 6.05, 6.663, 5.211, 4.006, 4.062, 4.776, 5.397, 5.79, 4.109, 8.769, 11.586, 12.539, 12.953, 13.528, 13.87, 13.57, 13.239, 13.148, 12.685, 12.877, 14.399, 15.727, 15.182, 12.7, 10.626, 10.052, 10.006, 10.926, 12.218, 11.705, 11.545, 12.309, 12.868, 12.053, 8.642, 5.275, 4.146, 6.736, 6.795, 6.904, 6.001, 5.889, 5.776, 5.74, 5.431, 5.732, 6.414, 5.844, 5.712, 5.369, 5.96, 5.999, 4.991, 6.933, 7.49, 7.702, 7.599, 6.372, 5.293, 5.708, 5.898, 5.68, 4.541, 3.931, 4.224, 4.204, 6.218, 7.295, 7.724, 8.642, 9.913, 5.938, 2.983, 3.781, 4.301, 5.131, 5.518, 6.709, 7.247, 6.957, 6.753, 6.942, 7.982, 7.497, 6.786, 7.153, 7.604, 6.67], [2.146, 2.474, 2.339, 3.119, 3.391, 3.004, 2.531, 2.191, 2.515, 3.053, 2.612, 2.625, 3.154, 3.879, 3.216, 2.631, 1.779, 0.0, 1.78, 2.057, 2.266, 2.486, 2.984, 3.449, 2.488, 2.825, 2.95, 2.38, 2.071, 2.637, 3.953, 4.972, 5.356, 5.068, 5.081, 5.217, 5.019, 3.808, 2.867, 1.717, 1.695, 1.683, 1.6, 2.65, 2.204, 1.84, 2.434, 2.966, 3.59, 3.374, 3.852, 4.915, 5.427, 4.263, 3.523, 3.645, 4.463, 4.873, 4.829, 5.438, 3.995, 3.224, 2.908, 3.515, 4.276, 4.615, 3.057, 8.687, 11.881, 13.353, 14.333, 14.904, 14.951, 14.814, 14.365, 14.43, 13.961, 14.165, 15.759, 17.1, 16.6, 14.113, 11.858, 11.212, 11.239, 12.347, 13.636, 13.123, 12.962, 13.725, 14.291, 13.451, 9.906, 6.543, 4.706, 7.27, 7.337, 7.272, 6.586, 6.214, 6.883, 6.309, 5.226, 5.918, 6.479, 5.945, 5.824, 5.73, 5.781, 5.751, 5.168, 8.283, 8.737, 8.952, 8.666, 6.924, 5.625, 5.222, 4.987, 4.952, 3.378, 2.552, 2.743, 2.779, 4.74, 5.948, 6.206, 7.375, 8.412, 4.6, 2.676, 3.291, 4.024, 5.154, 5.877, 7.107, 7.29, 6.986, 6.699, 6.938, 8.033, 7.618, 6.755, 6.991, 7.704, 6.538], [1.583, 1.891, 1.396, 1.981, 2.249, 2.145, 1.59, 1.614, 1.861, 2.639, 2.449, 2.388, 2.603, 4.101, 4.245, 3.812, 3.069, 1.78, 0.0, 1.034, 1.143, 1.636, 2.003, 2.342, 2.141, 2.102, 2.268, 1.699, 1.892, 3.02, 4.469, 5.667, 6.045, 5.601, 5.944, 5.982, 5.634, 4.513, 3.43, 2.042, 1.123, 1.518, 1.177, 1.624, 1.263, 2.101, 2.918, 2.958, 3.211, 2.906, 2.902, 4.412, 5.395, 4.161, 2.612, 2.193, 2.994, 3.451, 3.406, 4.172, 2.753, 2.589, 2.324, 2.452, 3.106, 3.257, 2.216, 8.457, 11.978, 13.955, 15.058, 15.653, 15.647, 15.55, 15.113, 15.119, 14.775, 14.981, 16.556, 17.896, 17.304, 14.807, 12.555, 11.894, 11.923, 13.046, 14.337, 13.825, 13.664, 14.43, 14.988, 14.145, 10.702, 7.321, 5.106, 7.504, 7.752, 7.613, 7.202, 6.674, 7.556, 6.912, 5.424, 6.164, 6.083, 5.643, 5.523, 5.962, 5.583, 4.833, 5.721, 8.956, 9.413, 9.65, 9.479, 7.555, 6.093, 4.556, 3.941, 3.761, 2.113, 1.854, 2.116, 2.036, 3.873, 4.834, 5.456, 6.533, 7.595, 3.498, 2.343, 2.465, 3.266, 4.674, 6.22, 7.231, 7.352, 6.634, 6.131, 6.222, 7.568, 7.433, 6.425, 6.477, 7.453, 5.88], [2.069, 2.095, 1.423, 1.588, 2.132, 1.966, 1.376, 1.715, 2.077, 2.736, 2.344, 2.604, 2.848, 4.264, 4.281, 3.969, 3.218, 2.057, 1.034, 0.0, 1.113, 1.68, 1.989, 2.312, 1.978, 2.358, 2.291, 2.059, 2.13, 3.1, 4.491, 5.869, 6.25, 5.644, 5.983, 6.074, 5.85, 4.731, 3.587, 2.265, 1.21, 1.757, 1.434, 1.471, 1.308, 1.946, 3.092, 3.155, 3.385, 3.235, 2.986, 4.613, 5.475, 4.391, 2.778, 2.364, 2.884, 3.461, 3.202, 3.942, 2.746, 2.765, 2.066, 2.183, 2.901, 3.184, 2.088, 8.497, 12.18, 14.1, 15.202, 15.762, 15.75, 15.638, 15.193, 15.298, 14.837, 15.015, 16.641, 17.98, 17.468, 14.986, 12.717, 12.075, 12.094, 13.22, 14.508, 13.989, 13.825, 14.588, 15.155, 14.308, 10.788, 7.419, 5.21, 7.72, 7.924, 7.809, 7.353, 6.802, 7.75, 7.105, 5.617, 6.339, 6.206, 5.786, 5.71, 6.01, 5.619, 4.965, 5.899, 9.164, 9.604, 9.819, 9.532, 7.514, 6.121, 4.562, 3.598, 3.563, 1.991, 1.943, 2.303, 2.28, 3.897, 5.009, 5.464, 6.639, 7.504, 3.461, 2.485, 2.48, 3.39, 4.881, 6.356, 7.483, 7.339, 6.729, 6.164, 6.352, 7.727, 7.607, 6.467, 6.442, 7.578, 5.902], [1.959, 1.73, 1.719, 1.742, 2.05, 2.015, 1.608, 1.454, 1.393, 2.135, 2.045, 2.309, 2.61, 3.969, 4.171, 4.072, 3.309, 2.266, 1.143, 1.113, 0.0, 1.223, 1.686, 2.19, 2.295, 2.486, 2.545, 2.008, 1.771, 2.829, 4.297, 5.477, 5.873, 5.294, 5.508, 5.504, 5.345, 4.246, 3.236, 1.917, 1.291, 1.656, 1.531, 1.843, 1.376, 1.812, 2.686, 2.663, 2.853, 2.64, 2.404, 4.01, 4.844, 3.791, 2.185, 1.895, 2.738, 3.063, 3.042, 3.749, 2.36, 2.181, 2.0, 1.967, 2.703, 2.852, 1.78, 7.874, 11.609, 13.62, 14.729, 15.284, 15.263, 15.169, 14.712, 14.819, 14.373, 14.508, 16.178, 17.512, 16.995, 14.507, 12.233, 11.594, 11.618, 12.743, 14.032, 13.517, 13.35, 14.117, 14.678, 13.832, 10.325, 6.95, 4.722, 7.213, 7.425, 7.315, 6.87, 6.319, 7.268, 6.622, 5.134, 5.838, 5.727, 5.315, 5.235, 5.504, 5.085, 4.302, 5.374, 8.667, 9.121, 9.336, 9.077, 7.085, 5.592, 4.07, 3.494, 3.401, 1.748, 2.138, 2.445, 2.449, 4.387, 5.476, 5.914, 7.063, 7.945, 3.841, 1.779, 1.918, 3.079, 4.251, 5.862, 6.891, 6.842, 6.094, 5.667, 5.793, 7.185, 7.078, 5.892, 5.927, 7.029, 5.354], [2.352, 1.743, 1.896, 2.206, 1.675, 1.777, 1.629, 1.434, 1.768, 2.647, 2.422, 2.773, 2.83, 3.872, 4.234, 4.26, 3.594, 2.486, 1.636, 1.68, 1.223, 0.0, 1.472, 2.126, 2.17, 2.774, 2.76, 2.034, 1.972, 2.69, 4.062, 5.029, 5.503, 5.181, 5.382, 5.233, 4.811, 3.923, 3.054, 2.012, 1.385, 1.874, 1.719, 2.146, 2.21, 2.379, 2.624, 2.354, 2.62, 2.288, 1.991, 3.648, 4.996, 3.689, 1.838, 1.554, 2.292, 2.89, 2.975, 3.558, 2.016, 1.728, 1.528, 1.751, 2.464, 2.856, 2.084, 8.057, 11.389, 13.067, 14.119, 14.693, 14.752, 14.585, 14.152, 14.237, 13.772, 14.054, 15.572, 16.914, 16.395, 13.895, 11.644, 10.984, 11.006, 12.132, 13.421, 12.908, 12.748, 13.515, 14.077, 13.236, 9.729, 6.351, 4.175, 6.667, 6.861, 6.745, 6.328, 5.748, 6.656, 6.024, 4.523, 5.295, 5.116, 4.755, 4.588, 4.956, 4.641, 3.973, 4.889, 8.055, 8.554, 8.724, 8.47, 6.651, 5.32, 3.732, 3.211, 3.455, 2.085, 2.378, 2.879, 2.724, 4.611, 5.492, 6.203, 7.482, 8.49, 4.109, 2.007, 2.045, 3.381, 4.329, 5.386, 6.473, 6.596, 6.312, 5.865, 5.947, 7.089, 6.995, 6.051, 6.099, 6.826, 5.191], [2.502, 2.132, 1.421, 1.64, 1.288, 1.314, 1.209, 1.654, 2.466, 3.457, 3.202, 3.383, 3.3, 4.492, 4.916, 4.811, 3.987, 2.984, 2.003, 1.989, 1.686, 1.472, 0.0, 1.305, 1.819, 1.915, 2.139, 2.157, 2.375, 3.492, 4.953, 5.984, 6.411, 6.327, 6.361, 6.236, 5.759, 4.759, 3.963, 2.592, 1.908, 2.281, 2.018, 1.391, 2.414, 3.292, 3.445, 3.2, 3.331, 2.871, 2.77, 4.402, 5.867, 4.534, 2.401, 1.72, 1.993, 2.493, 2.53, 2.978, 1.815, 2.298, 1.682, 1.947, 2.708, 2.371, 2.69, 8.953, 12.318, 13.903, 14.959, 15.571, 15.665, 15.475, 15.072, 15.086, 14.67, 14.978, 16.447, 17.789, 17.246, 14.731, 12.483, 11.829, 11.851, 12.97, 14.263, 13.75, 13.59, 14.358, 14.92, 14.08, 10.594, 7.214, 5.086, 7.399, 7.644, 7.587, 7.154, 6.62, 7.487, 6.841, 5.401, 6.081, 5.929, 5.51, 5.419, 5.846, 5.396, 4.505, 5.765, 8.886, 9.393, 9.556, 9.374, 7.658, 6.13, 4.554, 3.046, 3.137, 1.82, 2.081, 2.85, 2.177, 3.786, 4.7, 5.363, 6.578, 7.672, 3.282, 2.458, 2.608, 3.902, 5.137, 6.21, 7.25, 7.576, 7.305, 6.819, 6.864, 7.871, 7.929, 6.915, 6.938, 7.655, 5.94], [2.893, 2.528, 1.654, 1.844, 1.081, 1.128, 1.445, 1.959, 3.01, 3.92, 3.777, 3.849, 3.642, 4.615, 5.199, 5.009, 4.376, 3.449, 2.342, 2.312, 2.19, 2.126, 1.305, 0.0, 1.596, 2.202, 2.235, 2.151, 2.657, 3.69, 5.119, 6.127, 6.703, 6.832, 6.881, 6.819, 6.197, 5.227, 4.419, 3.005, 2.364, 2.699, 2.212, 1.517, 2.833, 3.648, 3.781, 3.823, 4.014, 3.545, 3.361, 5.129, 6.73, 5.374, 3.257, 2.352, 2.273, 3.128, 3.177, 3.231, 2.485, 2.759, 2.174, 2.229, 3.24, 2.139, 3.147, 9.796, 13.123, 14.508, 15.43, 16.201, 16.542, 16.08, 15.92, 15.758, 15.322, 15.717, 16.938, 18.282, 17.688, 15.155, 12.982, 12.318, 12.257, 13.373, 14.686, 14.159, 13.999, 14.79, 15.353, 14.549, 11.189, 7.704, 5.604, 7.8, 8.152, 8.15, 7.95, 7.415, 8.064, 7.514, 5.985, 6.604, 6.345, 5.934, 5.856, 6.423, 5.979, 5.243, 6.49, 9.361, 9.984, 10.055, 9.992, 8.427, 6.917, 5.43, 3.662, 3.562, 2.258, 2.094, 2.957, 2.291, 3.441, 4.146, 4.973, 6.164, 7.314, 2.973, 2.951, 3.126, 4.368, 5.716, 6.897, 7.995, 8.417, 8.017, 7.457, 7.473, 8.712, 8.685, 7.778, 7.827, 8.534, 6.846], [2.778, 2.589, 1.565, 2.422, 2.081, 1.411, 1.513, 1.898, 3.402, 4.194, 3.642, 3.938, 3.871, 4.563, 4.558, 4.237, 3.319, 2.488, 2.141, 1.978, 2.295, 2.17, 1.819, 1.596, 0.0, 2.17, 2.21, 1.967, 2.261, 3.469, 4.705, 5.964, 6.598, 6.794, 6.614, 6.607, 6.182, 5.131, 4.256, 2.746, 1.916, 2.371, 1.784, 1.601, 2.508, 3.306, 3.709, 3.862, 4.209, 3.876, 3.654, 5.382, 6.904, 5.63, 3.814, 3.099, 3.358, 4.064, 4.041, 4.323, 3.269, 3.011, 2.228, 2.633, 3.753, 3.486, 3.345, 10.071, 13.347, 14.403, 15.06, 15.95, 16.415, 15.903, 15.76, 15.652, 15.023, 15.328, 16.324, 17.678, 17.373, 14.858, 12.693, 12.05, 12.011, 13.01, 14.339, 13.775, 13.599, 14.426, 15.0, 14.21, 10.771, 7.17, 5.35, 7.887, 7.927, 8.231, 7.872, 7.33, 7.916, 7.469, 5.93, 6.655, 6.087, 5.555, 5.484, 6.025, 5.718, 5.643, 6.386, 9.208, 9.852, 9.843, 9.773, 8.356, 6.879, 5.553, 4.307, 4.262, 2.973, 1.924, 2.758, 2.333, 3.995, 4.913, 5.512, 6.743, 7.864, 3.595, 3.239, 3.556, 4.718, 6.077, 6.909, 8.226, 8.536, 8.287, 7.79, 7.875, 9.127, 9.003, 7.939, 8.086, 8.761, 7.111], [2.551, 3.123, 1.78, 2.066, 2.38, 2.446, 1.968, 2.11, 3.319, 4.347, 4.03, 4.089, 4.133, 5.551, 5.487, 5.045, 4.134, 2.825, 2.102, 2.358, 2.486, 2.774, 1.915, 2.202, 2.17, 0.0, 1.384, 2.001, 2.898, 4.379, 5.823, 7.241, 7.638, 7.35, 7.256, 7.439, 7.255, 6.094, 5.13, 3.632, 2.565, 2.795, 2.296, 1.427, 2.249, 3.69, 4.471, 4.615, 4.813, 4.319, 4.087, 5.728, 7.021, 5.922, 3.82, 2.878, 3.298, 3.484, 3.426, 3.757, 2.667, 3.417, 2.574, 2.766, 3.784, 2.981, 3.245, 10.233, 13.832, 15.523, 16.628, 17.188, 17.273, 17.111, 16.666, 16.718, 16.26, 16.331, 17.992, 19.328, 18.887, 16.397, 14.127, 13.484, 13.508, 14.634, 15.923, 15.41, 15.246, 16.011, 16.569, 15.728, 12.159, 8.763, 6.626, 9.089, 9.329, 9.288, 8.774, 8.223, 9.171, 8.534, 7.057, 7.757, 7.614, 7.195, 7.103, 7.409, 6.863, 5.824, 7.28, 10.571, 11.025, 11.24, 10.975, 9.052, 7.438, 5.98, 3.93, 3.548, 2.249, 1.721, 2.056, 1.239, 2.597, 3.845, 4.252, 5.197, 6.183, 2.645, 3.257, 3.387, 4.602, 6.043, 7.745, 8.808, 8.93, 8.407, 7.835, 7.875, 9.198, 9.269, 7.996, 8.104, 8.819, 7.2], [2.406, 3.229, 1.591, 2.013, 2.612, 2.626, 2.089, 2.089, 3.218, 4.338, 4.065, 3.936, 3.982, 5.696, 5.641, 5.183, 4.259, 2.95, 2.268, 2.291, 2.545, 2.76, 2.139, 2.235, 2.21, 1.384, 0.0, 1.547, 2.912, 4.55, 5.969, 7.388, 7.78, 7.382, 7.505, 7.65, 7.411, 6.266, 5.157, 3.828, 2.682, 2.787, 2.21, 1.355, 2.217, 3.717, 4.606, 4.711, 4.968, 4.468, 4.166, 5.691, 6.986, 5.897, 3.759, 2.631, 3.224, 3.485, 3.355, 3.586, 2.665, 3.571, 2.708, 2.717, 3.496, 2.659, 3.012, 10.17, 13.768, 15.666, 16.783, 17.337, 17.406, 17.216, 16.827, 16.9, 16.406, 16.58, 18.192, 19.528, 19.049, 16.557, 14.288, 13.655, 13.669, 14.794, 16.078, 15.558, 15.393, 16.158, 16.727, 15.884, 12.353, 8.976, 6.788, 9.246, 9.491, 9.381, 8.949, 8.395, 9.334, 8.688, 7.206, 7.904, 7.776, 7.357, 7.266, 7.564, 7.084, 5.798, 7.421, 10.733, 11.187, 11.402, 11.11, 9.017, 7.666, 5.948, 3.911, 3.556, 2.235, 1.048, 1.348, 1.027, 2.486, 3.603, 3.874, 5.019, 6.128, 2.001, 2.999, 3.204, 4.469, 5.867, 7.911, 8.877, 8.959, 8.442, 7.731, 7.899, 9.045, 9.172, 8.012, 8.013, 8.694, 7.055], [2.027, 2.284, 1.553, 2.656, 2.535, 2.297, 1.807, 1.435, 2.818, 3.716, 3.41, 3.43, 3.347, 4.649, 4.855, 4.358, 3.551, 2.38, 1.699, 2.059, 2.008, 2.034, 2.157, 2.151, 1.967, 2.001, 1.547, 0.0, 1.981, 3.638, 5.026, 6.27, 6.69, 6.589, 6.864, 6.867, 6.32, 5.243, 4.143, 2.847, 1.927, 1.937, 1.559, 1.775, 2.277, 3.094, 3.684, 3.763, 3.981, 3.585, 3.539, 5.065, 6.571, 5.256, 3.202, 2.786, 3.547, 4.019, 4.161, 4.468, 3.307, 2.934, 2.846, 2.841, 3.811, 3.355, 2.802, 9.637, 12.982, 14.686, 15.749, 16.384, 16.488, 16.276, 15.913, 15.83, 15.488, 15.816, 17.249, 18.591, 17.974, 15.47, 13.268, 12.57, 12.59, 13.709, 15.005, 14.492, 14.332, 15.1, 15.662, 14.829, 11.42, 8.013, 5.841, 8.128, 8.45, 8.318, 8.015, 7.477, 8.226, 7.602, 6.111, 6.855, 6.688, 6.4, 6.192, 6.66, 6.208, 5.341, 6.47, 9.627, 10.138, 10.336, 10.194, 8.357, 6.99, 5.423, 4.551, 4.346, 2.868, 1.369, 1.675, 1.548, 3.489, 4.355, 4.701, 5.825, 7.008, 3.032, 2.751, 3.028, 4.12, 5.534, 6.969, 8.007, 8.29, 7.867, 7.279, 7.276, 8.541, 8.534, 7.585, 7.652, 8.356, 6.749], [1.645, 1.234, 2.131, 2.999, 2.698, 2.365, 1.952, 1.59, 2.282, 2.343, 1.953, 1.981, 2.137, 3.03, 3.297, 3.163, 2.3, 2.071, 1.892, 2.13, 1.771, 1.972, 2.375, 2.657, 2.261, 2.898, 2.912, 1.981, 0.0, 1.876, 3.353, 4.554, 4.992, 4.929, 5.043, 5.053, 4.559, 3.504, 2.515, 1.49, 1.466, 1.104, 1.578, 2.431, 2.467, 1.882, 2.222, 2.743, 2.911, 2.79, 2.734, 4.021, 5.0, 3.63, 2.506, 3.253, 3.759, 3.907, 4.472, 4.906, 3.581, 2.476, 2.931, 3.25, 3.762, 4.088, 2.978, 8.033, 11.325, 12.917, 13.909, 14.534, 14.672, 14.439, 14.078, 14.11, 13.643, 13.98, 15.364, 16.706, 16.205, 13.679, 11.449, 10.819, 10.799, 11.915, 13.216, 12.696, 12.536, 13.304, 13.88, 13.049, 9.534, 6.126, 4.037, 6.437, 6.608, 6.508, 6.216, 5.674, 6.471, 5.826, 4.65, 5.027, 5.51, 5.138, 4.875, 4.937, 4.913, 4.387, 4.738, 7.852, 8.403, 8.506, 8.298, 6.589, 5.161, 4.32, 4.429, 4.21, 3.023, 2.543, 3.052, 2.921, 4.854, 5.68, 6.422, 7.666, 8.709, 4.333, 1.547, 2.379, 3.055, 4.215, 5.115, 6.233, 6.68, 6.337, 5.907, 6.042, 7.235, 6.957, 6.108, 6.215, 6.972, 5.429], [2.815, 1.816, 3.282, 3.857, 3.409, 2.987, 2.923, 2.746, 2.452, 1.65, 1.529, 1.549, 1.717, 1.856, 2.137, 2.27, 2.62, 2.637, 3.02, 3.1, 2.829, 2.69, 3.492, 3.69, 3.469, 4.379, 4.55, 3.638, 1.876, 0.0, 1.788, 3.039, 3.521, 3.523, 3.45, 3.532, 3.04, 2.097, 1.404, 1.634, 2.365, 2.086, 2.748, 3.887, 3.642, 1.972, 1.377, 2.006, 2.373, 2.455, 2.513, 3.37, 3.864, 2.52, 2.623, 3.687, 3.785, 3.84, 5.328, 5.935, 3.801, 2.431, 3.01, 3.594, 3.729, 4.903, 2.927, 6.772, 9.932, 11.316, 12.342, 12.95, 13.231, 12.821, 12.575, 12.604, 12.015, 12.303, 13.684, 15.026, 14.638, 12.099, 9.864, 9.26, 9.217, 10.333, 11.619, 11.106, 10.946, 11.726, 12.282, 11.459, 7.936, 4.475, 2.48, 4.959, 5.115, 5.052, 4.697, 4.206, 4.934, 4.313, 3.617, 3.596, 4.655, 4.305, 4.215, 3.794, 3.966, 3.813, 3.348, 6.299, 6.853, 6.947, 6.682, 5.029, 3.584, 3.633, 4.082, 3.784, 3.406, 4.169, 4.694, 4.604, 6.45, 7.37, 8.091, 9.388, 10.382, 6.04, 2.057, 2.187, 2.446, 3.228, 3.672, 4.901, 5.39, 5.053, 4.762, 4.976, 6.039, 5.622, 4.813, 5.052, 5.597, 4.345], [4.191, 3.252, 4.724, 5.256, 4.836, 4.375, 4.317, 4.102, 3.874, 2.541, 2.533, 2.901, 2.797, 1.993, 2.273, 2.826, 3.716, 3.953, 4.469, 4.491, 4.297, 4.062, 4.953, 5.119, 4.705, 5.823, 5.969, 5.026, 3.353, 1.788, 0.0, 1.727, 2.238, 2.329, 2.287, 2.226, 2.345, 2.522, 2.3, 2.957, 3.718, 3.447, 4.128, 5.304, 5.049, 3.35, 2.205, 2.53, 2.314, 2.687, 3.222, 3.162, 3.333, 2.679, 3.848, 4.95, 4.7, 4.479, 6.773, 7.313, 5.159, 3.343, 4.085, 4.64, 4.459, 6.275, 4.106, 5.6, 8.789, 9.914, 10.923, 11.52, 11.909, 11.453, 11.208, 11.189, 10.551, 10.888, 12.307, 13.647, 13.193, 10.681, 8.465, 7.799, 7.806, 8.918, 10.208, 9.693, 9.533, 10.301, 10.865, 10.027, 6.512, 3.134, 1.462, 3.699, 3.772, 3.877, 3.407, 2.895, 3.556, 3.085, 3.085, 2.525, 3.576, 3.686, 3.548, 2.854, 3.079, 3.237, 2.165, 4.944, 5.442, 5.578, 5.32, 3.817, 2.332, 3.138, 3.905, 3.767, 4.758, 5.582, 6.071, 5.973, 7.818, 8.781, 9.477, 10.756, 11.75, 7.461, 3.529, 3.427, 3.04, 2.299, 2.473, 3.776, 4.123, 3.842, 3.554, 3.753, 4.84, 4.504, 3.681, 3.87, 4.43, 3.299], [5.461, 4.366, 5.977, 6.59, 5.918, 5.433, 5.576, 5.352, 5.047, 3.76, 3.811, 4.076, 3.825, 2.451, 2.55, 2.97, 4.221, 4.972, 5.667, 5.869, 5.477, 5.029, 5.984, 6.127, 5.964, 7.241, 7.388, 6.27, 4.554, 3.039, 1.727, 0.0, 0.987, 1.365, 1.473, 1.574, 1.722, 2.234, 2.578, 3.776, 4.828, 4.701, 5.432, 6.66, 6.483, 4.519, 2.909, 3.096, 2.958, 3.369, 4.019, 3.595, 3.574, 3.141, 4.709, 5.797, 5.526, 5.415, 7.768, 8.252, 6.207, 4.26, 5.155, 5.699, 5.4, 7.312, 5.314, 5.221, 7.762, 8.697, 9.486, 10.185, 10.569, 10.118, 9.904, 9.717, 9.267, 9.667, 10.99, 12.332, 11.71, 9.201, 7.062, 6.328, 6.396, 7.443, 8.739, 8.225, 8.065, 8.833, 9.403, 8.577, 5.183, 2.41, 1.672, 2.569, 2.815, 2.951, 2.286, 2.422, 2.317, 2.155, 3.148, 2.48, 3.409, 3.74, 3.746, 2.939, 3.146, 3.631, 1.99, 3.37, 3.958, 4.114, 4.033, 2.776, 2.052, 3.631, 4.572, 4.901, 5.96, 7.018, 7.544, 7.382, 9.301, 9.967, 10.905, 12.096, 13.196, 8.79, 4.755, 4.565, 4.307, 2.642, 1.77, 2.784, 3.597, 3.416, 3.306, 3.53, 4.367, 3.751, 3.328, 3.638, 4.074, 3.359], [5.844, 4.851, 6.424, 6.998, 6.335, 6.021, 5.988, 5.753, 5.436, 4.138, 4.175, 4.438, 4.217, 2.548, 2.767, 3.358, 4.607, 5.356, 6.045, 6.25, 5.873, 5.503, 6.411, 6.703, 6.598, 7.638, 7.78, 6.69, 4.992, 3.521, 2.238, 0.987, 0.0, 1.093, 1.444, 1.369, 1.705, 2.385, 2.911, 4.263, 5.213, 5.077, 5.805, 7.037, 6.874, 4.842, 3.303, 3.549, 3.394, 3.845, 4.453, 3.796, 3.777, 3.569, 5.146, 6.247, 5.992, 5.855, 8.193, 8.692, 6.667, 4.697, 5.608, 6.126, 5.796, 7.749, 5.744, 4.881, 7.229, 8.255, 9.11, 9.77, 9.942, 9.68, 9.324, 9.196, 8.874, 9.217, 10.604, 11.946, 11.332, 8.811, 6.682, 5.98, 6.017, 7.05, 8.35, 7.837, 7.677, 8.445, 9.017, 8.19, 4.773, 2.418, 2.247, 2.244, 2.604, 2.718, 2.008, 2.248, 2.004, 2.114, 3.453, 2.708, 3.811, 4.135, 4.128, 3.394, 3.575, 3.906, 2.096, 2.995, 3.535, 3.701, 3.592, 2.137, 2.085, 3.779, 4.89, 5.291, 6.383, 7.409, 7.935, 7.773, 9.692, 10.398, 11.296, 12.487, 13.571, 9.18, 5.175, 5.005, 4.643, 2.687, 1.622, 2.425, 3.17, 3.05, 2.945, 3.167, 3.975, 3.303, 3.122, 3.317, 3.74, 3.204], [5.645, 4.912, 6.386, 6.418, 6.309, 6.212, 6.053, 5.637, 4.873, 3.555, 3.675, 3.99, 4.121, 2.843, 2.665, 3.301, 4.465, 5.068, 5.601, 5.644, 5.294, 5.181, 6.327, 6.832, 6.794, 7.35, 7.382, 6.589, 4.929, 3.523, 2.329, 1.365, 1.093, 0.0, 1.051, 1.344, 1.806, 2.425, 2.773, 4.314, 5.062, 4.869, 5.547, 6.673, 6.282, 4.239, 3.234, 3.447, 3.303, 3.887, 4.31, 3.63, 3.236, 3.134, 4.89, 5.811, 5.829, 5.672, 7.665, 8.185, 6.249, 4.74, 5.298, 5.633, 5.475, 7.267, 5.134, 4.752, 7.358, 8.702, 9.61, 10.187, 10.197, 10.054, 9.62, 9.703, 9.273, 9.461, 11.082, 12.422, 11.877, 9.391, 7.239, 6.591, 6.707, 7.624, 8.913, 8.398, 8.234, 8.998, 9.558, 8.712, 5.238, 2.675, 2.338, 2.993, 3.282, 3.236, 2.451, 2.563, 2.653, 2.485, 3.736, 2.845, 4.239, 4.496, 4.451, 3.558, 3.783, 3.796, 2.167, 3.548, 4.001, 4.217, 3.987, 2.257, 2.046, 3.509, 4.534, 4.869, 5.819, 7.021, 7.39, 7.332, 9.256, 10.289, 10.847, 12.031, 13.055, 8.773, 4.745, 4.536, 4.175, 2.265, 2.105, 2.818, 3.215, 2.928, 2.756, 3.063, 4.019, 3.396, 2.945, 3.162, 3.643, 3.038], [5.879, 5.022, 6.537, 6.757, 6.478, 6.209, 6.135, 5.84, 5.083, 3.797, 3.854, 4.381, 4.434, 3.095, 2.64, 3.176, 4.191, 5.081, 5.944, 5.983, 5.508, 5.382, 6.361, 6.881, 6.614, 7.256, 7.505, 6.864, 5.043, 3.45, 2.287, 1.473, 1.444, 1.051, 0.0, 1.327, 1.69, 2.365, 2.956, 4.298, 5.208, 5.127, 5.695, 6.817, 6.495, 4.449, 3.272, 3.539, 3.377, 3.891, 4.389, 3.837, 3.379, 3.375, 5.095, 6.117, 6.107, 5.89, 7.916, 8.456, 6.45, 4.612, 5.252, 5.699, 5.495, 7.458, 5.404, 5.4, 8.095, 9.061, 9.549, 10.09, 10.223, 10.086, 9.611, 9.659, 9.181, 9.292, 10.882, 12.2, 11.773, 9.341, 7.422, 6.874, 6.843, 7.526, 8.808, 8.295, 8.127, 8.893, 9.454, 8.608, 5.113, 2.437, 2.306, 3.439, 3.706, 3.763, 2.795, 2.906, 2.872, 2.709, 3.797, 3.06, 4.294, 4.511, 4.51, 3.534, 3.67, 3.851, 2.348, 3.492, 3.969, 4.339, 4.14, 2.619, 2.117, 3.722, 4.608, 5.003, 6.115, 7.28, 7.591, 7.596, 9.514, 10.651, 11.164, 12.34, 13.305, 9.037, 4.799, 4.684, 4.555, 2.733, 2.432, 3.336, 3.84, 3.615, 3.472, 3.79, 4.805, 4.163, 3.444, 3.744, 4.175, 3.524], [5.9, 4.96, 6.534, 6.785, 6.445, 6.178, 6.143, 5.854, 5.096, 3.838, 3.956, 4.357, 4.389, 2.734, 2.564, 3.064, 4.188, 5.217, 5.982, 6.074, 5.504, 5.233, 6.236, 6.819, 6.607, 7.439, 7.65, 6.867, 5.053, 3.532, 2.226, 1.574, 1.369, 1.344, 1.327, 0.0, 1.284, 2.09, 2.875, 4.164, 5.196, 5.126, 5.706, 6.88, 6.65, 4.608, 3.22, 3.319, 3.21, 3.605, 3.981, 3.881, 3.48, 3.054, 4.749, 5.839, 5.821, 5.776, 7.738, 8.23, 6.293, 4.441, 5.299, 5.626, 5.266, 7.389, 5.466, 5.082, 7.645, 8.596, 9.248, 9.803, 10.081, 9.784, 9.429, 9.369, 8.915, 9.04, 10.694, 12.025, 11.509, 9.018, 6.855, 6.275, 6.315, 7.257, 8.546, 8.032, 7.864, 8.631, 9.192, 8.346, 4.874, 1.876, 1.827, 2.931, 3.101, 3.272, 2.306, 2.411, 2.186, 2.44, 3.582, 2.959, 4.168, 4.166, 4.189, 3.312, 3.743, 3.888, 2.031, 3.191, 3.677, 3.878, 3.718, 2.346, 1.897, 3.787, 4.537, 5.181, 6.186, 7.377, 7.747, 7.617, 9.613, 10.625, 11.256, 12.419, 13.379, 9.076, 4.858, 4.742, 4.563, 2.601, 1.944, 2.794, 3.437, 3.225, 3.19, 3.429, 4.37, 3.707, 3.131, 3.503, 3.938, 3.394], [5.486, 4.383, 6.036, 6.592, 5.856, 5.561, 5.639, 5.376, 4.864, 3.65, 3.686, 3.979, 3.776, 2.144, 2.308, 2.809, 3.973, 5.019, 5.634, 5.85, 5.345, 4.811, 5.759, 6.197, 6.182, 7.255, 7.411, 6.32, 4.559, 3.04, 2.345, 1.722, 1.705, 1.806, 1.69, 1.284, 0.0, 1.52, 2.344, 3.728, 4.815, 4.7, 5.429, 6.659, 6.506, 4.464, 2.885, 2.875, 2.871, 3.177, 3.623, 3.815, 3.751, 2.819, 4.319, 5.473, 5.233, 5.161, 7.452, 7.938, 5.965, 4.084, 5.132, 5.474, 4.984, 7.131, 5.301, 5.852, 8.084, 8.912, 9.455, 10.082, 10.353, 10.008, 9.75, 9.642, 9.255, 9.611, 10.946, 12.283, 11.69, 9.191, 7.113, 6.551, 6.537, 7.427, 8.709, 8.196, 8.036, 8.818, 9.362, 8.547, 5.215, 2.025, 1.631, 3.115, 3.452, 3.578, 2.89, 3.084, 2.644, 2.742, 3.4, 3.031, 4.283, 3.956, 4.077, 3.563, 4.03, 4.062, 2.383, 3.323, 3.918, 4.149, 4.064, 2.853, 2.415, 3.952, 4.625, 4.994, 5.933, 7.041, 7.567, 7.405, 9.324, 10.049, 10.931, 12.119, 13.2, 8.809, 4.575, 4.558, 4.231, 3.227, 2.484, 3.201, 4.121, 4.059, 4.054, 4.298, 4.953, 4.263, 3.881, 4.273, 4.712, 4.106], [4.374, 3.391, 5.012, 5.437, 4.833, 4.597, 4.581, 4.266, 3.795, 2.768, 2.732, 2.881, 2.818, 1.833, 1.635, 1.795, 2.749, 3.808, 4.513, 4.731, 4.246, 3.923, 4.759, 5.227, 5.131, 6.094, 6.266, 5.243, 3.504, 2.097, 2.522, 2.234, 2.385, 2.425, 2.365, 2.09, 1.52, 0.0, 1.426, 2.64, 3.678, 3.59, 4.3, 5.53, 5.351, 3.309, 1.909, 2.483, 2.98, 3.078, 3.511, 4.346, 4.403, 2.937, 3.728, 4.67, 4.635, 4.567, 6.601, 7.113, 5.118, 3.588, 4.153, 4.934, 4.929, 6.068, 4.257, 6.774, 9.122, 10.049, 10.684, 11.233, 11.416, 11.17, 10.794, 10.724, 10.339, 10.655, 12.143, 13.443, 12.829, 10.367, 8.219, 7.634, 7.64, 8.574, 9.865, 9.352, 9.192, 9.955, 10.515, 9.682, 6.374, 2.97, 2.18, 4.225, 4.574, 4.716, 3.767, 3.97, 3.586, 3.677, 3.98, 4.003, 5.092, 4.595, 4.642, 4.192, 4.726, 4.733, 3.116, 4.489, 5.072, 5.311, 5.217, 3.94, 3.261, 4.489, 4.946, 4.849, 4.78, 5.896, 6.412, 6.25, 8.169, 8.98, 9.805, 10.964, 12.066, 7.658, 3.522, 3.494, 3.582, 3.39, 3.391, 4.305, 5.091, 4.94, 4.875, 5.096, 5.893, 5.209, 4.741, 5.18, 5.601, 4.938], [3.31, 2.479, 3.934, 4.333, 3.973, 3.726, 3.593, 3.243, 2.922, 1.818, 1.814, 1.724, 1.889, 1.877, 1.808, 1.676, 2.293, 2.867, 3.43, 3.587, 3.236, 3.054, 3.963, 4.419, 4.256, 5.13, 5.157, 4.143, 2.515, 1.404, 2.3, 2.578, 2.911, 2.773, 2.956, 2.875, 2.344, 1.426, 0.0, 1.745, 2.646, 2.449, 3.224, 4.465, 4.234, 2.23, 1.247, 2.093, 2.526, 2.771, 3.025, 3.721, 3.793, 2.566, 2.952, 4.029, 4.06, 3.997, 5.707, 6.26, 4.395, 3.197, 3.622, 4.321, 4.366, 5.333, 3.479, 6.796, 9.508, 10.754, 11.694, 12.284, 12.427, 12.191, 11.856, 11.807, 11.411, 11.686, 13.186, 14.528, 13.942, 11.445, 9.185, 8.567, 8.575, 9.684, 10.976, 10.463, 10.301, 11.064, 11.623, 10.78, 7.374, 3.956, 2.398, 4.748, 4.929, 4.807, 4.154, 4.064, 4.246, 3.749, 3.59, 3.775, 4.761, 4.27, 4.302, 3.833, 4.32, 4.105, 3.131, 5.599, 6.071, 6.284, 6.115, 4.427, 3.545, 3.858, 4.449, 4.082, 3.884, 4.791, 5.295, 5.148, 7.052, 7.881, 8.694, 9.86, 10.927, 6.536, 2.626, 2.727, 2.825, 3.4, 3.643, 4.629, 