[[0.0, 2.961, 2.458, 3.411, 6.047, 8.391, 9.725, 7.917, 11.138, 15.032, 15.139, 15.846, 17.356, 17.195, 16.75, 16.018, 15.919, 16.274, 14.42, 12.272, 11.769, 11.505, 9.856, 8.204, 8.9, 9.146, 10.832, 15.628, 16.651, 14.026, 13.286, 12.709, 11.929, 9.83, 9.653, 10.579, 9.532, 9.57, 8.908, 9.266, 9.077, 8.833, 9.334, 7.283, 6.012, 6.609, 5.594, 3.767, 3.31, 1.769, 5.624, 8.118, 10.246, 10.99, 10.146, 10.961, 9.934, 10.206, 11.258, 12.345, 11.543, 10.067, 10.076, 9.125, 7.426, 7.05, 6.594, 5.263, 3.624, 2.934, 3.354, 3.113, 1.603, 4.269, 7.21, 9.72, 10.437, 13.288, 13.394, 13.375, 12.208, 8.663, 7.265, 9.638, 11.201, 12.19, 13.62, 15.985, 17.408, 17.471, 16.385, 17.011, 17.938, 18.457, 18.245, 19.106, 20.17, 20.564, 20.224, 18.506, 18.419, 17.899, 18.846, 17.062, 14.576, 16.591, 15.639], [2.961, 0.0, 2.171, 1.894, 4.142, 5.977, 7.219, 5.781, 8.716, 12.364, 13.104, 14.045, 14.981, 14.952, 14.372, 13.803, 13.689, 13.845, 12.351, 10.287, 9.792, 9.03, 7.952, 6.127, 6.586, 6.519, 8.951, 13.47, 14.241, 11.628, 11.36, 10.79, 10.04, 7.846, 7.564, 8.568, 7.662, 7.495, 6.601, 6.679, 6.449, 6.461, 6.841, 5.157, 3.708, 4.301, 3.917, 2.418, 2.119, 2.488, 3.468, 6.313, 8.186, 8.839, 8.158, 8.823, 7.887, 8.114, 9.074, 10.194, 9.63, 8.146, 8.554, 7.703, 6.057, 5.725, 4.879, 3.731, 2.76, 2.312, 2.373, 4.336, 2.643, 2.713, 5.383, 7.496, 7.855, 10.597, 10.838, 10.719, 9.512, 6.204, 4.857, 7.262, 8.639, 9.546, 10.992, 13.284, 14.718, 15.075, 14.442, 14.96, 15.914, 16.141, 15.69, 16.608, 17.901, 18.332, 17.915, 16.404, 15.764, 15.218, 16.265, 14.361, 11.887, 13.944, 12.942], [2.458, 2.171, 0.0, 2.313, 5.265, 7.497, 8.842, 6.996, 10.24, 14.134, 14.355, 14.994, 16.46, 16.281, 15.861, 15.185, 15.076, 15.394, 13.572, 11.509, 10.996, 10.624, 9.067, 7.351, 7.971, 8.248, 9.994, 14.779, 15.772, 13.104, 12.499, 11.86, 11.095, 8.999, 8.761, 9.657, 8.654, 8.496, 7.879, 8.368, 8.18, 7.915, 8.434, 6.371, 5.105, 5.719, 4.602, 2.445, 1.781, 2.085, 4.845, 7.012, 9.302, 10.106, 9.317, 9.899, 8.868, 9.277, 10.426, 11.425, 10.682, 9.122, 8.612, 7.398, 5.587, 5.2, 5.499, 3.863, 1.876, 1.552, 1.611, 3.014, 2.788, 3.591, 5.945, 8.809, 9.537, 12.39, 12.499, 12.451, 11.346, 7.751, 6.335, 8.764, 10.303, 11.278, 12.765, 15.107, 16.503, 16.56, 15.536, 16.229, 17.181, 17.632, 17.345, 18.145, 19.28, 19.654, 19.27, 17.604, 17.53, 16.983, 17.905, 16.157, 13.686, 15.701, 14.741], [3.411, 1.894, 2.313, 0.0, 3.454, 5.884, 7.222, 5.444, 8.725, 12.543, 12.562, 13.086, 14.815, 14.706, 14.256, 13.547, 13.429, 13.796, 11.935, 9.607, 9.102, 9.027, 7.014, 5.692, 6.41, 6.707, 8.04, 13.074, 14.141, 11.539, 10.474, 9.843, 9.007, 7.171, 7.035, 8.051, 6.989, 6.981, 6.323, 6.777, 6.687, 6.388, 6.784, 4.637, 3.629, 4.112, 2.862, 2.174, 2.015, 2.488, 3.219, 5.475, 7.67, 8.547, 7.781, 8.463, 7.517, 7.823, 8.768, 9.788, 8.887, 7.48, 7.103, 6.492, 4.802, 4.86, 4.607, 2.567, 2.307, 2.451, 2.249, 4.848, 2.739, 1.82, 4.61, 7.216, 7.958, 10.83, 10.988, 10.955, 9.834, 6.165, 4.781, 7.148, 8.711, 9.698, 11.257, 13.599, 14.993, 15.037, 13.65, 14.494, 15.416, 15.985, 15.777, 16.606, 17.593, 17.964, 17.684, 15.984, 16.026, 15.464, 16.398, 14.616, 12.107, 14.115, 13.18], [6.047, 4.142, 5.265, 3.454, 0.0, 2.863, 3.951, 3.134, 5.352, 9.193, 9.591, 10.367, 11.486, 11.467, 10.916, 10.204, 10.097, 10.466, 8.588, 6.375, 5.845, 5.72, 4.024, 2.374, 3.141, 3.437, 4.858, 9.764, 10.797, 8.209, 7.332, 6.856, 5.949, 4.213, 4.013, 5.064, 4.524, 4.939, 3.777, 3.469, 3.543, 4.057, 4.062, 2.817, 2.375, 1.699, 2.187, 3.461, 4.192, 5.139, 1.337, 4.11, 5.374, 5.522, 5.547, 5.984, 5.468, 5.469, 5.612, 6.492, 5.854, 5.935, 6.159, 6.0, 5.025, 5.134, 3.738, 2.537, 4.971, 5.294, 5.328, 7.883, 5.507, 2.623, 2.352, 4.082, 4.609, 7.443, 7.595, 7.589, 6.418, 3.156, 1.766, 3.928, 5.396, 6.345, 7.827, 10.156, 11.564, 11.672, 10.429, 11.19, 12.106, 12.639, 12.426, 13.262, 14.317, 14.654, 14.36, 12.634, 12.62, 12.054, 13.001, 11.218, 8.737, 10.752, 9.796], [8.391, 5.977, 7.497, 5.884, 2.863, 0.0, 1.844, 1.452, 3.239, 6.704, 7.484, 8.515, 9.28, 9.275, 8.589, 8.03, 7.938, 8.076, 6.654, 4.622, 4.022, 3.379, 3.803, 2.517, 3.169, 2.648, 3.607, 7.605, 8.386, 6.016, 5.742, 5.169, 4.411, 2.632, 2.233, 3.115, 2.643, 3.039, 1.898, 2.303, 2.145, 1.773, 1.803, 1.804, 2.827, 2.236, 3.767, 5.536, 6.553, 7.668, 3.1, 2.44, 3.218, 3.351, 3.519, 3.819, 3.385, 3.317, 3.434, 4.46, 4.11, 3.906, 4.403, 4.399, 5.076, 5.484, 3.358, 4.216, 7.416, 7.589, 7.703, 10.127, 7.624, 5.011, 2.827, 2.298, 3.073, 5.167, 5.262, 5.305, 4.281, 2.062, 2.793, 1.957, 2.971, 3.836, 5.499, 7.749, 9.155, 9.374, 8.758, 9.189, 10.106, 10.322, 10.018, 10.78, 12.002, 12.399, 12.089, 10.579, 10.208, 9.635, 10.574, 8.759, 6.226, 8.231, 7.329], [9.725, 7.219, 8.842, 7.222, 3.951, 1.844, 0.0, 2.122, 2.129, 5.55, 6.807, 7.677, 7.961, 8.208, 7.498, 6.902, 6.92, 6.925, 5.364, 3.421, 3.17, 2.523, 3.641, 2.855, 3.087, 2.359, 3.121, 6.411, 7.161, 4.618, 4.285, 4.146, 3.518, 2.208, 1.577, 2.262, 2.233, 2.625, 1.824, 1.916, 2.245, 2.411, 2.186, 3.257, 4.135, 3.677, 5.257, 6.871, 7.893, 8.998, 4.375, 3.08, 2.912, 2.87, 3.243, 3.407, 3.097, 3.125, 3.055, 3.432, 3.135, 3.911, 4.738, 5.406, 6.338, 6.758, 4.808, 5.611, 8.76, 8.913, 9.041, 11.39, 8.904, 6.253, 3.538, 2.132, 2.638, 4.38, 4.347, 3.903, 3.268, 2.39, 3.192, 1.612, 1.702, 2.678, 4.156, 6.417, 7.84, 8.14, 7.453, 7.96, 8.919, 9.183, 8.711, 9.589, 10.849, 11.197, 10.828, 9.336, 8.905, 8.312, 9.313, 7.435, 4.919, 6.923, 6.001], [7.917, 5.781, 6.996, 5.444, 3.134, 1.452, 2.122, 0.0, 3.526, 7.392, 7.963, 8.819, 9.728, 9.496, 9.112, 8.372, 8.3, 8.536, 6.799, 4.67, 4.173, 3.705, 3.958, 2.821, 3.577, 3.228, 3.928, 8.036, 9.047, 6.371, 5.909, 5.252, 4.544, 2.747, 2.348, 3.198, 2.629, 2.819, 2.37, 3.042, 2.54, 2.244, 2.481, 2.319, 3.028, 2.686, 3.999, 5.344, 6.184, 7.147, 3.178, 2.579, 3.455, 3.702, 3.414, 4.133, 3.37, 3.157, 3.605, 4.675, 4.097, 3.699, 4.272, 4.413, 5.214, 5.574, 3.468, 4.109, 7.136, 7.305, 7.242, 9.618, 7.253, 4.886, 3.167, 2.891, 3.968, 5.973, 5.73, 5.659, 4.907, 2.254, 3.061, 2.534, 3.573, 4.592, 5.95, 8.338, 9.762, 9.627, 8.863, 9.391, 10.378, 10.777, 10.522, 11.426, 12.508, 12.976, 12.521, 10.915, 10.723, 10.234, 11.167, 9.415, 6.92, 8.935, 7.999], [11.138, 8.716, 10.24, 8.725, 5.352, 3.239, 2.129, 3.526, 0.0, 3.955, 5.228, 5.968, 6.432, 6.514, 5.925, 5.317, 5.216, 5.439, 4.007, 3.303, 2.736, 2.518, 4.473, 3.947, 4.141, 3.241, 3.69, 5.117, 5.746, 3.985, 4.261, 3.951, 3.624, 2.859, 2.208, 2.072, 2.376, 2.705, 2.707, 2.832, 2.971, 3.042, 2.827, 4.496, 5.667, 5.082, 6.615, 8.3, 9.352, 10.424, 5.764, 3.79, 2.457, 2.184, 2.685, 2.32, 2.732, 2.976, 2.313, 2.118, 2.552, 3.388, 4.536, 5.706, 7.062, 7.689, 5.912, 7.027, 10.241, 10.464, 10.528, 12.757, 10.462, 7.766, 4.854, 2.779, 3.448, 4.881, 4.659, 4.335, 3.932, 3.529, 4.457, 2.806, 2.039, 2.77, 3.806, 4.962, 6.284, 6.555, 5.986, 6.422, 7.332, 7.666, 7.324, 8.102, 9.316, 9.728, 9.387, 7.842, 7.442, 6.864, 7.844, 5.932, 3.557, 5.489, 4.57], [15.032, 12.364, 14.134, 12.543, 9.193, 6.704, 5.55, 7.392, 3.955, 0.0, 2.614, 2.877, 2.905, 3.163, 2.381, 1.9, 2.067, 2.248, 2.695, 4.444, 4.235, 4.289, 6.325, 7.379, 6.864, 6.059, 4.746, 3.774, 3.802, 3.593, 3.792, 3.733, 4.06, 5.645, 5.607, 4.527, 5.567, 5.729, 6.277, 6.149, 6.463, 6.353, 5.974, 8.052, 9.274, 8.671, 10.263, 12.131, 13.183, 14.318, 9.549, 7.403, 5.16, 4.326, 5.205, 4.488, 5.648, 5.729, 4.941, 4.12, 4.875, 5.736, 7.131, 8.473, 10.05, 11.321, 9.468, 10.849, 14.075, 14.237, 14.361, 16.621, 14.224, 11.559, 8.471, 5.442, 4.916, 5.103, 5.317, 5.03, 5.202, 6.934, 8.141, 5.91, 4.416, 4.409, 3.627, 3.282, 2.919, 3.195, 3.081, 3.499, 3.849, 4.089, 3.836, 4.841, 5.847, 6.13, 5.799, 4.373, 3.697, 3.311, 4.228, 2.44, 2.823, 2.526, 2.518], [15.139, 13.104, 14.355, 12.562, 9.591, 7.484, 6.807, 7.963, 5.228, 2.614, 0.0, 1.637, 2.87, 2.747, 2.47, 2.436, 2.876, 3.456, 4.082, 5.774, 5.059, 5.47, 7.466, 8.283, 8.517, 7.515, 5.933, 5.017, 5.341, 5.612, 5.215, 4.26, 5.176, 6.0, 6.183, 5.154, 5.834, 6.298, 6.736, 7.604, 7.726, 7.112, 6.805, 8.294, 9.868, 9.1, 10.212, 12.249, 13.327, 14.298, 10.074, 7.631, 5.44, 4.649, 5.442, 4.637, 5.919, 5.694, 5.05, 4.469, 5.141, 5.457, 6.758, 8.153, 9.947, 11.27, 9.509, 10.842, 14.094, 14.308, 14.335, 17.005, 14.532, 11.607, 8.632, 6.358, 6.946, 7.534, 7.601, 7.405, 7.636, 8.015, 9.261, 7.445, 6.44, 6.424, 6.051, 5.208, 4.683, 4.393, 3.793, 3.6, 3.645, 4.159, 4.632, 5.362, 6.292, 6.325, 6.099, 4.333, 4.203, 4.196, 4.526, 4.13, 5.058, 4.541, 4.611], [15.846, 14.045, 14.994, 13.086, 10.367, 8.515, 7.677, 8.819, 5.968, 2.877, 1.637, 0.0, 2.241, 2.198, 2.102, 2.13, 2.751, 3.392, 4.124, 6.113, 5.581, 6.282, 7.614, 9.051, 8.943, 8.238, 6.138, 5.112, 5.258, 5.649, 4.989, 4.354, 5.202, 6.85, 6.918, 5.805, 6.523, 6.947, 7.651, 8.473, 8.668, 8.203, 7.911, 9.357, 10.86, 9.92, 10.807, 12.716, 13.91, 14.872, 10.965, 8.09, 6.047, 5.365, 6.039, 5.496, 6.472, 6.298, 5.876, 5.035, 5.507, 6.136, 7.194, 8.646, 10.505, 11.808, 10.422, 11.395, 14.577, 14.918, 15.008, 17.574, 15.3, 12.132, 9.286, 6.938, 7.271, 7.588, 7.739, 7.59, 7.952, 8.866, 10.204, 8.063, 6.945, 6.848, 6.193, 5.036, 4.322, 4.061, 3.22, 3.149, 3.292, 3.931, 4.216, 4.8, 5.782, 5.722, 5.502, 3.947, 3.674, 3.65, 3.991, 3.942, 5.342, 4.648, 4.604], [17.356, 14.981, 16.46, 14.815, 11.486, 9.28, 7.961, 9.728, 6.432, 2.905, 2.87, 2.241, 0.0, 1.411, 1.598, 1.871, 2.288, 2.605, 3.75, 6.199, 6.396, 6.786, 8.42, 9.582, 8.995, 8.651, 6.916, 4.395, 4.435, 4.94, 4.821, 5.284, 6.075, 7.946, 8.0, 6.87, 7.884, 8.189, 8.737, 8.677, 9.044, 8.926, 8.487, 10.302, 11.505, 10.872, 12.354, 14.245, 15.459, 16.592, 11.815, 9.605, 7.261, 6.453, 7.271, 6.755, 7.798, 7.419, 6.474, 5.439, 6.153, 7.512, 8.957, 10.429, 12.255, 13.596, 11.719, 13.111, 16.345, 16.517, 16.676, 18.944, 16.654, 13.748, 10.662, 7.818, 7.307, 6.875, 7.003, 6.86, 7.431, 9.47, 10.54, 8.233, 6.88, 6.711, 5.811, 4.139, 3.298, 3.061, 2.946, 2.332, 2.162, 2.772, 2.986, 3.352, 4.666, 4.391, 4.124, 2.982, 2.508, 2.296, 2.678, 3.269, 4.953, 3.942, 3.881], [17.195, 14.952, 16.281, 14.706, 11.467, 9.275, 8.208, 9.496, 6.514, 3.163, 2.747, 2.198, 1.411, 0.0, 1.226, 2.006, 2.324, 2.629, 3.683, 6.157, 6.203, 6.629, 8.191, 9.469, 9.312, 8.795, 6.967, 4.419, 4.597, 5.117, 5.028, 5.162, 6.168, 7.8, 8.025, 6.881, 7.878, 8.314, 8.787, 8.968, 9.06, 8.878, 8.499, 10.288, 11.563, 10.946, 12.336, 14.119, 15.286, 16.392, 11.785, 9.578, 7.385, 6.439, 7.194, 6.609, 7.763, 7.435, 6.589, 5.697, 6.358, 7.461, 8.807, 10.181, 12.167, 13.47, 11.533, 12.896, 16.207, 16.443, 16.53, 18.895, 16.45, 13.591, 10.679, 7.94, 7.695, 7.236, 7.064, 6.861, 7.759, 9.301, 10.769, 8.563, 7.261, 7.193, 6.179, 4.476, 3.654, 3.19, 2.849, 2.356, 1.93, 2.531, 3.002, 3.691, 4.639, 4.374, 4.161, 2.982, 2.551, 2.404, 2.622, 3.877, 5.501, 4.346, 4.226], [16.75, 14.372, 15.861, 14.256, 10.916, 8.589, 7.498, 9.112, 5.925, 2.381, 2.47, 2.102, 1.598, 1.226, 0.0, 1.41, 1.857, 2.155, 3.261, 5.681, 5.676, 5.911, 7.749, 8.924, 8.699, 8.034, 6.335, 3.948, 3.959, 4.664, 4.561, 4.671, 5.519, 7.288, 7.661, 6.455, 7.463, 7.904, 8.255, 8.177, 8.236, 8.148, 7.718, 9.687, 10.984, 10.445, 11.911, 13.791, 14.921, 15.981, 11.231, 9.182, 7.012, 6.019, 6.879, 6.103, 7.358, 7.25, 6.278, 5.347, 6.024, 7.099, 8.43, 9.792, 11.709, 13.02, 11.091, 12.469, 15.749, 15.997, 16.045, 18.529, 15.915, 13.133, 10.269, 7.416, 6.993, 6.425, 6.417, 6.16, 6.943, 8.603, 10.086, 7.796, 6.412, 6.319, 5.371, 3.726, 2.989, 2.751, 2.563, 2.129, 2.044, 2.246, 2.712, 3.417, 4.494, 4.682, 4.233, 2.889, 2.342, 2.14, 2.362, 3.219, 4.653, 3.542, 3.48], [16.018, 13.803, 15.185, 13.547, 10.204, 8.03, 6.902, 8.372, 5.317, 1.9, 2.436, 2.13, 1.871, 2.006, 1.41, 0.0, 1.376, 1.761, 2.593, 4.839, 4.905, 5.293, 7.011, 8.117, 7.837, 7.482, 5.56, 3.5, 3.818, 4.028, 4.02, 4.132, 4.68, 6.561, 6.991, 5.785, 6.793, 7.236, 7.621, 7.632, 7.796, 7.556, 7.13, 9.019, 10.352, 9.841, 11.22, 13.08, 14.17, 15.204, 10.558, 8.523, 6.337, 5.332, 6.129, 5.443, 6.632, 6.411, 5.342, 4.378, 5.221, 6.286, 7.661, 8.996, 10.966, 12.3, 10.311, 11.735, 15.063, 15.318, 15.312, 17.852, 15.254, 12.4, 9.602, 6.787, 6.332, 5.978, 5.926, 5.753, 6.318, 8.012, 9.306, 7.03, 5.792, 5.608, 4.627, 3.698, 2.976, 2.645, 2.31, 2.088, 2.315, 2.801, 2.893, 3.739, 4.656, 5.059, 4.706, 2.957, 2.872, 2.688, 3.246, 2.633, 3.938, 3.131, 3.0], [15.919, 13.689, 15.076, 13.429, 10.097, 7.938, 6.92, 8.3, 5.216, 2.067, 2.876, 2.751, 2.288, 2.324, 1.857, 1.376, 0.0, 1.142, 2.386, 4.84, 4.799, 5.116, 6.86, 8.032, 8.014, 7.423, 5.52, 3.129, 3.564, 3.93, 3.811, 4.065, 4.703, 6.424, 6.872, 5.69, 6.687, 7.168, 7.569, 7.595, 7.604, 7.462, 7.023, 8.898, 10.282, 9.734, 11.14, 12.971, 14.069, 15.118, 10.432, 8.437, 6.252, 5.283, 6.024, 5.298, 6.595, 6.22, 5.135, 4.106, 5.004, 6.097, 7.525, 8.86, 10.85, 12.217, 10.238, 11.637, 14.955, 15.208, 15.186, 17.766, 15.184, 12.267, 9.504, 6.736, 6.426, 5.951, 5.74, 5.555, 6.435, 7.859, 9.344, 7.171, 5.872, 5.804, 4.813, 3.587, 2.834, 2.564, 2.07, 2.208, 2.67, 3.09, 2.967, 3.797, 4.734, 5.317, 5.103, 3.159, 3.144, 3.331, 3.743, 2.986, 4.083, 3.305, 3.16], [16.274, 13.845, 15.394, 13.796, 10.466, 8.076, 6.925, 8.536, 5.439, 2.248, 3.456, 3.392, 2.605, 2.629, 2.155, 1.761, 1.142, 0.0, 2.191, 4.731, 5.057, 5.069, 7.119, 8.113, 7.957, 7.482, 5.808, 2.689, 2.897, 3.56, 3.78, 4.265, 4.915, 6.773, 7.212, 5.983, 7.036, 7.418, 7.768, 7.594, 7.668, 7.63, 7.105, 9.255, 10.513, 9.986, 11.498, 13.286, 14.393, 15.47, 10.787, 8.763, 6.522, 5.527, 6.295, 5.638, 6.8, 6.499, 5.397, 4.417, 5.281, 6.519, 7.914, 9.175, 11.211, 12.58, 10.562, 11.999, 15.329, 15.572, 15.552, 18.035, 15.396, 12.612, 9.82, 6.945, 6.381, 5.518, 5.24, 5.076, 6.034, 7.841, 9.35, 7.09, 5.651, 5.48, 4.435, 3.024, 2.401, 2.154, 1.646, 2.136, 2.663, 2.813, 2.627, 3.561, 4.531, 5.223, 4.884, 3.08, 2.906, 3.254, 3.598, 2.804, 3.746, 2.829, 2.597], [14.42, 12.351, 13.572, 11.935, 8.588, 6.654, 5.364, 6.799, 4.007, 2.695, 4.082, 4.124, 3.75, 3.683, 3.261, 2.593, 2.386, 2.191, 0.0, 2.979, 3.414, 3.893, 5.383, 6.528, 6.215, 6.095, 3.948, 2.444, 2.993, 2.042, 2.184, 2.962, 3.098, 5.072, 5.364, 4.168, 5.189, 5.605, 6.124, 6.197, 6.337, 6.168, 5.752, 7.585, 8.882, 8.318, 9.615, 11.417, 12.545, 13.6, 9.092, 6.891, 4.727, 3.782, 4.505, 4.117, 5.114, 5.122, 4.331, 3.477, 3.983, 5.321, 6.52, 7.709, 9.467, 10.699, 8.712, 10.126, 13.436, 13.691, 13.728, 16.221, 13.698, 10.808, 7.968, 5.223, 4.833, 4.024, 3.79, 3.637, 4.554, 6.637, 7.945, 5.55, 4.3, 4.087, 2.997, 2.566, 3.526, 3.374, 2.286, 2.811, 3.784, 4.239, 4.0, 4.809, 5.855, 6.384, 5.961, 4.205, 4.234, 4.414, 4.806, 3.463, 2.785, 2.843, 2.147], [12.272, 10.287, 11.509, 9.607, 6.375, 4.622, 3.421, 4.67, 3.303, 4.444, 5.774, 6.113, 6.199, 6.157, 5.681, 4.839, 4.84, 4.731, 2.979, 0.0, 1.65, 1.938, 2.914, 4.333, 4.267, 4.17, 2.405, 4.192, 5.263, 3.082, 2.69, 2.728, 2.024, 2.674, 3.355, 2.725, 3.444, 3.91, 4.078, 4.191, 4.308, 4.268, 3.883, 5.465, 6.897, 6.385, 7.339, 9.332, 10.388, 11.234, 6.948, 4.956, 3.514, 3.208, 3.578, 3.554, 4.131, 4.304, 4.022, 3.602, 3.592, 4.9, 5.738, 6.359, 7.521, 8.386, 6.569, 7.809, 11.121, 11.555, 11.418, 14.192, 11.659, 8.414, 5.924, 3.307, 2.947, 3.363, 3.131, 3.013, 2.917, 4.492, 6.02, 3.571, 2.58, 2.577, 2.571, 4.701, 6.037, 5.798, 4.591, 5.076, 6.051, 6.736, 6.662, 7.563, 8.439, 8.964, 8.703, 6.895, 6.94, 6.737, 7.293, 5.591, 3.474, 5.156, 4.255], [11.769, 9.792, 10.996, 9.102, 5.845, 4.022, 3.17, 4.173, 2.736, 4.235, 5.059, 5.581, 6.396, 6.203, 5.676, 4.905, 4.799, 5.057, 3.414, 1.65, 0.0, 1.825, 2.875, 4.145, 4.345, 3.676, 2.421, 5.083, 5.913, 3.939, 3.572, 2.859, 2.386, 2.528, 2.757, 2.416, 3.169, 3.875, 3.639, 3.83, 3.786, 3.587, 3.223, 4.864, 6.372, 5.853, 6.767, 8.835, 9.876, 10.688, 6.441, 4.364, 2.928, 2.769, 3.061, 2.871, 3.354, 3.272, 3.042, 2.806, 3.048, 4.012, 4.579, 5.145, 6.634, 7.706, 6.007, 7.274, 10.623, 11.047, 10.928, 13.68, 11.168, 8.002, 5.415, 2.812, 2.948, 4.205, 4.125, 3.877, 3.588, 4.013, 5.487, 3.503, 2.728, 2.729, 3.408, 5.363, 6.562, 6.317, 5.271, 5.589, 6.667, 7.24, 7.15, 8.021, 9.02, 9.474, 9.157, 7.349, 7.393, 7.032, 7.808, 6.023, 3.672, 5.629, 4.863], [11.505, 9.03, 10.624, 9.027, 5.72, 3.379, 2.523, 3.705, 2.518, 4.289, 5.47, 6.282, 6.786, 6.629, 5.911, 5.293, 5.116, 5.069, 3.893, 1.938, 1.825, 0.0, 3.176, 3.625, 3.981, 2.876, 2.311, 5.071, 5.955, 3.736, 3.633, 2.847, 2.301, 2.058, 2.569, 1.895, 2.727, 3.121, 2.946, 3.094, 3.101, 3.176, 2.607, 4.553, 5.794, 5.277, 6.775, 8.563, 9.623, 10.697, 6.065, 4.172, 2.913, 2.489, 3.122, 3.002, 3.503, 3.68, 3.407, 3.219, 3.706, 4.471, 5.587, 6.09, 7.297, 7.928, 5.816, 7.218, 10.559, 10.802, 10.783, 13.238, 10.614, 7.831, 5.074, 2.242, 2.684, 3.541, 3.45, 3.28, 3.029, 3.161, 4.889, 2.969, 2.212, 2.191, 2.961, 5.242, 6.618, 6.5, 5.766, 6.242, 7.124, 7.493, 7.234, 8.21, 9.285, 9.947, 9.539, 7.897, 7.512, 7.077, 7.948, 6.145, 3.765, 5.763, 4.78], [9.856, 7.952, 9.067, 7.014, 4.024, 3.803, 3.641, 3.958, 4.473, 6.325, 7.466, 7.614, 8.42, 8.191, 7.749, 7.011, 6.86, 7.119, 5.383, 2.914, 2.875, 3.176, 0.0, 2.635, 2.83, 2.251, 2.075, 6.57, 7.78, 5.335, 4.357, 3.761, 2.982, 2.483, 3.382, 3.822, 4.401, 4.76, 3.479, 2.786, 3.29, 4.286, 3.902, 4.013, 4.737, 4.143, 5.161, 6.91, 7.928, 8.658, 4.721, 4.555, 4.725, 4.847, 5.193, 5.214, 5.483, 5.384, 5.303, 5.32, 5.328, 6.218, 6.44, 6.526, 6.791, 7.153, 5.309, 5.476, 8.513, 9.081, 8.963, 11.735, 9.242, 5.941, 3.551, 2.539, 2.163, 4.454, 4.497, 4.529, 3.609, 2.758, 3.842, 3.301, 4.044, 4.125, 4.915, 7.136, 8.555, 8.338, 7.067, 7.736, 8.734, 9.291, 9.23, 10.16, 11.114, 11.512, 11.249, 9.447, 9.493, 8.985, 9.915, 8.163, 5.909, 7.724, 6.755], [8.204, 6.127, 7.351, 5.692, 2.374, 2.517, 2.855, 2.821, 3.947, 7.379, 8.283, 9.051, 9.582, 9.469, 8.924, 8.117, 8.032, 8.113, 6.528, 4.333, 4.145, 3.625, 2.635, 0.0, 1.628, 2.376, 3.349, 7.71, 8.818, 6.283, 5.801, 5.284, 4.315, 3.002, 3.31, 4.026, 4.253, 4.608, 3.152, 2.175, 2.597, 3.396, 3.318, 2.538, 2.983, 2.435, 3.657, 5.356, 6.345, 7.38, 2.905, 3.816, 4.82, 4.786, 5.068, 5.178, 5.028, 4.893, 4.715, 4.74, 4.707, 5.554, 5.976, 5.736, 5.467, 5.773, 3.711, 4.094, 7.228, 7.48, 7.463, 10.009, 7.46, 4.555, 2.409, 2.678, 2.763, 5.496, 5.591, 5.576, 4.52, 1.709, 2.285, 2.402, 3.542, 4.399, 5.887, 8.175, 9.6, 9.473, 8.375, 9.059, 9.905, 10.445, 10.27, 11.221, 12.169, 12.743, 12.337, 10.574, 10.562, 10.043, 10.958, 9.242, 6.783, 8.798, 7.832], [8.9, 6.586, 7.971, 6.41, 3.141, 3.169, 3.087, 3.577, 4.141, 6.864, 8.517, 8.943, 8.995, 9.312, 8.699, 7.837, 8.014, 7.957, 6.215, 4.267, 4.345, 3.981, 2.83, 1.628, 0.0, 2.115, 3.277, 7.084, 7.948, 5.318, 5.321, 5.399, 4.223, 3.186, 3.492, 4.176, 4.565, 4.746, 3.446, 2.129, 2.761, 3.777, 3.699, 3.364, 3.63, 2.985, 4.38, 6.053, 7.118, 8.175, 3.57, 4.223, 5.003, 5.024, 5.534, 5.583, 5.372, 5.346, 5.319, 5.143, 5.285, 6.165, 6.784, 6.88, 6.304, 6.574, 4.57, 4.882, 7.967, 8.154, 8.214, 10.533, 8.157, 5.397, 2.81, 2.708, 2.196, 4.444, 4.706, 4.718, 3.569, 2.249, 2.217, 2.039, 3.004, 3.374, 4.946, 7.237, 8.612, 8.852, 8.183, 8.62, 9.512, 9.909, 9.579, 10.304, 11.51, 11.944, 11.44, 9.951, 9.668, 9.143, 10.082, 8.227, 5.749, 7.759, 6.794], [9.146, 6.519, 8.248, 6.707, 3.437, 2.648, 2.359, 3.228, 3.241, 6.059, 7.515, 8.238, 8.651, 8.795, 8.034, 7.482, 7.423, 7.482, 6.095, 4.17, 3.676, 2.876, 2.251, 2.376, 2.115, 0.0, 2.761, 7.076, 7.817, 5.198, 5.147, 4.686, 3.795, 2.199, 2.641, 3.122, 3.569, 3.645, 2.384, 1.373, 1.966, 3.18, 2.712, 3.414, 3.671, 3.212, 4.787, 6.281, 7.358, 8.433, 3.718, 4.023, 3.933, 3.962, 4.554, 4.503, 4.669, 4.785, 4.64, 4.723, 5.001, 5.696, 6.526, 6.779, 7.046, 7.345, 5.227, 5.362, 8.297, 8.431, 8.513, 10.737, 8.382, 5.685, 2.929, 1.825, 2.006, 4.142, 4.53, 4.446, 3.196, 1.526, 2.321, 2.116, 2.922, 3.166, 4.646, 6.964, 8.354, 8.753, 8.225, 8.647, 9.59, 9.819, 9.378, 10.169, 11.475, 11.905, 11.498, 10.04, 9.467, 8.874, 9.856, 7.917, 5.479, 7.503, 6.518], [10.832, 8.951, 9.994, 8.04, 4.858, 3.607, 3.121, 3.928, 3.69, 4.746, 5.933, 6.138, 6.916, 6.967, 6.335, 5.56, 5.52, 5.808, 3.948, 2.405, 2.421, 2.311, 2.075, 3.349, 3.277, 2.761, 0.0, 5.085, 6.177, 3.706, 2.853, 2.476, 1.431, 1.783, 2.831, 2.57, 3.273, 3.737, 3.038, 3.144, 3.556, 3.935, 3.546, 4.394, 5.592, 5.085, 6.037, 7.894, 8.901, 9.754, 5.65, 4.429, 4.002, 3.555, 4.197, 4.206, 4.751, 5.07, 4.904, 4.455, 4.421, 5.501, 6.18, 6.596, 7.207, 7.562, 5.688, 6.35, 9.597, 9.974, 9.957, 12.647, 10.213, 7.043, 4.455, 2.287, 2.311, 3.061, 3.333, 3.407, 2.825, 3.406, 4.586, 2.678, 3.058, 2.9, 3.385, 5.608, 7.007, 7.036, 5.747, 6.509, 7.425, 7.983, 7.784, 8.625, 9.627, 10.016, 9.71, 7.974, 8.016, 7.471, 8.388, 6.622, 4.302, 6.166, 5.203], [15.628, 13.47, 14.779, 13.074, 9.764, 7.605, 6.411, 8.036, 5.117, 3.774, 5.017, 5.112, 4.395, 4.419, 3.948, 3.5, 3.129, 2.689, 2.444, 4.192, 5.083, 5.071, 6.57, 7.71, 7.084, 7.076, 5.085, 0.0, 1.5, 1.983, 2.75, 3.513, 4.163, 6.05, 6.544, 5.512, 6.347, 6.832, 7.232, 7.138, 7.515, 7.412, 6.964, 8.59, 9.962, 9.456, 10.8, 12.713, 13.786, 14.791, 10.145, 8.237, 6.462, 5.626, 6.462, 6.003, 7.063, 7.347, 6.492, 5.608, 6.183, 7.554, 8.673, 9.778, 11.153, 11.956, 9.976, 11.32, 14.61, 14.865, 14.807, 17.443, 14.905, 11.894, 9.174, 6.449, 6.011, 4.082, 3.353, 3.47, 4.922, 7.617, 8.782, 6.398, 5.198, 4.648, 3.408, 2.259, 2.379, 2.521, 2.378, 2.694, 3.377, 3.42, 3.141, 3.734, 4.606, 5.135, 4.848, 3.185, 3.716, 4.317, 4.296, 3.97, 3.899, 2.954, 2.198], [16.651, 14.241, 15.772, 14.141, 10.797, 8.386, 7.161, 9.047, 5.746, 3.802, 5.341, 5.258, 4.435, 4.597, 3.959, 3.818, 3.564, 2.897, 2.993, 5.263, 5.913, 5.955, 7.78, 8.818, 7.948, 7.817, 6.177, 1.5, 0.0, 2.786, 3.74, 4.619, 5.283, 7.221, 7.476, 6.273, 7.285, 7.688, 8.047, 7.824, 8.132, 7.957, 7.682, 9.586, 10.878, 10.353, 11.811, 13.713, 14.789, 15.901, 11.139, 9.033, 7.132, 6.316, 7.165, 6.558, 7.73, 7.929, 7.033, 6.139, 6.8, 8.074, 9.305, 10.553, 11.941, 12.913, 11.055, 12.43, 15.663, 15.855, 15.943, 18.376, 15.82, 13.074, 10.102, 7.243, 6.653, 4.329, 3.683, 3.963, 5.392, 8.433, 9.544, 7.173, 5.777, 5.078, 3.65, 2.124, 2.078, 2.412, 2.76, 3.005, 3.643, 3.392, 2.973, 2.963, 3.715, 4.239, 3.933, 3.222, 3.43, 3.982, 3.696, 3.647, 3.75, 2.492, 2.119], [14.026, 11.628, 13.104, 11.539, 8.209, 6.016, 4.618, 6.371, 3.985, 3.593, 5.612, 5.649, 4.94, 5.117, 4.664, 4.028, 3.93, 3.56, 2.042, 3.082, 3.939, 3.736, 5.335, 6.283, 5.318, 5.198, 3.706, 1.983, 2.786, 0.0, 1.566, 2.785, 2.853, 4.627, 4.771, 3.741, 4.637, 4.951, 5.45, 5.246, 5.697, 5.883, 5.547, 7.208, 8.411, 7.89, 9.391, 11.07, 12.183, 13.288, 8.531, 6.618, 4.925, 4.246, 5.032, 4.895, 5.6, 5.988, 5.671, 4.94, 5.234, 6.533, 7.809, 8.754, 9.932, 10.541, 8.718, 9.933, 13.072, 13.233, 13.341, 15.626, 13.272, 10.495, 7.572, 4.775, 4.303, 2.644, 2.228, 2.082, 3.224, 5.976, 6.949, 4.648, 3.432, 3.103, 2.009, 2.544, 3.557, 3.777, 3.434, 3.939, 4.629, 4.886, 4.501, 5.17, 6.38, 6.742, 6.365, 4.902, 4.685, 5.04, 5.273, 4.141, 3.212, 3.134, 2.389], [13.286, 11.36, 12.499, 10.474, 7.332, 5.742, 4.285, 5.909, 4.261, 3.792, 5.215, 4.989, 4.821, 5.028, 4.561, 4.02, 3.811, 3.78, 2.184, 2.69, 3.572, 3.633, 4.357, 5.801, 5.321, 5.147, 2.853, 2.75, 3.74, 1.566, 0.0, 1.713, 2.03, 3.926, 4.052, 3.357, 4.043, 4.475, 5.057, 5.165, 5.695, 5.778, 5.527, 6.77, 8.081, 7.559, 8.592, 10.38, 11.427, 12.255, 8.063, 6.109, 4.765, 4.257, 4.846, 4.924, 5.578, 6.005, 5.824, 5.105, 4.985, 6.388, 7.272, 8.081, 9.085, 9.648, 8.044, 8.926, 12.011, 12.379, 12.455, 15.114, 12.753, 9.495, 6.91, 4.442, 4.171, 3.463, 3.258, 3.015, 3.761, 5.882, 6.949, 4.631, 3.606, 3.651, 2.8, 3.305, 4.556, 4.684, 3.391, 4.31, 5.12, 5.663, 5.451, 6.211, 7.273, 7.568, 7.311, 5.63, 5.633, 5.517, 6.102, 5.074, 4.108, 4.053, 3.143], [12.709, 10.79, 11.86, 9.843, 6.856, 5.169, 4.146, 5.252, 3.951, 3.733, 4.26, 4.354, 5.284, 5.162, 4.671, 4.132, 4.065, 4.265, 2.962, 2.728, 2.859, 2.847, 3.761, 5.284, 5.399, 4.686, 2.476, 3.513, 4.619, 2.785, 1.713, 0.0, 1.614, 3.043, 3.597, 2.875, 3.646, 4.007, 4.496, 4.959, 5.174, 5.052, 4.828, 6.114, 7.484, 6.924, 7.851, 9.744, 10.831, 11.575, 7.52, 5.325, 4.212, 3.585, 4.267, 4.347, 4.975, 5.355, 5.111, 4.652, 4.667, 5.672, 6.533, 7.195, 8.24, 8.799, 7.212, 8.168, 11.364, 11.825, 11.668, 14.525, 12.073, 8.686, 6.318, 3.789, 4.06, 4.259, 4.251, 4.072, 4.345, 5.156, 6.666, 4.664, 3.798, 3.841, 3.205, 4.11, 5.513, 5.489, 4.097, 4.754, 5.735, 6.409, 6.232, 7.042, 7.967, 8.431, 8.102, 6.388, 6.495, 5.95, 6.825, 5.71, 4.531, 4.903, 3.933], [11.929, 10.04, 11.095, 9.007, 5.949, 4.411, 3.518, 4.544, 3.624, 4.06, 5.176, 5.202, 6.075, 6.168, 5.519, 4.68, 4.703, 4.915, 3.098, 2.024, 2.386, 2.301, 2.982, 4.315, 4.223, 3.795, 1.431, 4.163, 5.283, 2.853, 2.03, 1.614, 0.0, 2.438, 3.224, 2.483, 3.318, 3.526, 3.762, 3.994, 4.32, 4.38, 4.092, 5.27, 6.664, 6.17, 7.04, 8.939, 10.006, 10.753, 6.663, 4.759, 3.85, 3.288, 3.956, 4.03, 4.629, 5.039, 4.744, 4.174, 4.151, 5.326, 6.122, 6.795, 7.627, 8.154, 6.457, 7.427, 10.531, 11.044, 10.92, 13.754, 11.295, 7.934, 5.531, 3.042, 2.977, 3.246, 3.396, 3.364, 3.483, 4.352, 5.692, 3.447, 2.983, 3.013, 2.798, 4.806, 6.181, 6.172, 4.78, 5.549, 6.497, 7.117, 6.934, 7.735, 8.676, 9.106, 8.804, 7.094, 7.192, 6.646, 7.519, 5.932, 3.898, 5.275, 4.308], [9.83, 7.846, 8.999, 7.171, 4.213, 2.632, 2.208, 2.747, 2.859, 5.645, 6.0, 6.85, 7.946, 7.8, 7.288, 6.561, 6.424, 6.773, 5.072, 2.674, 2.528, 2.058, 2.483, 3.002, 3.186, 2.199, 1.783, 6.05, 7.221, 4.627, 3.926, 3.043, 2.438, 0.0, 1.874, 2.152, 2.282, 2.684, 1.881, 2.55, 2.924, 2.985, 2.823, 3.618, 4.819, 4.206, 5.331, 7.072, 8.043, 8.912, 4.789, 3.593, 3.227, 2.96, 3.456, 3.369, 3.847, 4.028, 3.967, 3.922, 4.065, 4.563, 5.344, 5.793, 6.436, 6.887, 4.996, 5.542, 8.707, 9.04, 8.88, 11.691, 9.187, 6.102, 3.578, 2.028, 2.79, 4.075, 4.195, 4.024, 3.316, 2.416, 3.878, 2.366, 2.698, 2.923, 4.343, 6.663, 8.057, 8.036, 6.934, 7.386, 8.358, 8.964, 8.778, 9.645, 10.554, 11.085, 10.795, 9.052, 9.073, 8.524, 9.439, 7.68, 5.201, 7.213, 6.248], [9.653, 7.564, 8.761, 7.035, 4.013, 2.233, 1.577, 2.348, 2.208, 5.607, 6.183, 6.918, 8.0, 8.025, 7.661, 6.991, 6.872, 7.212, 5.364, 3.355, 2.757, 2.569, 3.382, 3.31, 3.492, 2.641, 2.831, 6.544, 7.476, 4.771, 4.052, 3.597, 3.224, 1.874, 0.0, 1.584, 1.604, 1.915, 1.548, 2.294, 2.509, 2.419, 2.257, 3.402, 4.59, 3.89, 5.129, 6.733, 7.765, 8.811, 4.599, 2.616, 2.255, 2.438, 2.768, 2.813, 2.798, 3.033, 3.207, 3.598, 3.504, 3.658, 4.525, 5.052, 5.971, 6.404, 4.651, 5.495, 8.596, 8.787, 8.898, 11.341, 9.093, 6.215, 3.241, 1.792, 2.838, 4.732, 4.812, 4.423, 3.639, 2.891, 3.689, 2.423, 2.31, 2.861, 4.452, 6.731, 8.095, 8.366, 7.282, 8.019, 8.928, 9.441, 9.164, 9.896, 11.045, 11.279, 10.987, 9.413, 9.286, 8.719, 9.688, 7.719, 5.101, 7.083, 6.344], [10.579, 8.568, 9.657, 8.051, 5.064, 3.115, 2.262, 3.198, 2.072, 4.527, 5.154, 5.805, 6.87, 6.881, 6.455, 5.785, 5.69, 5.983, 4.168, 2.725, 2.416, 1.895, 3.822, 4.026, 4.176, 3.122, 2.57, 5.512, 6.273, 3.741, 3.357, 2.875, 2.483, 2.152, 1.584, 0.0, 1.336, 1.795, 2.289, 3.002, 3.031, 2.943, 2.87, 4.322, 5.501, 4.82, 6.107, 7.72, 8.794, 9.847, 5.615, 3.257, 1.858, 1.569, 2.19, 2.216, 2.703, 3.04, 3.164, 3.337, 3.275, 3.556, 4.754, 5.583, 6.486, 7.104, 5.525, 6.49, 9.622, 9.774, 9.872, 12.256, 9.923, 7.134, 4.28, 2.031, 3.27, 4.325, 4.119, 3.923, 3.637, 3.695, 4.535, 3.179, 2.526, 2.729, 3.473, 5.671, 6.95, 7.144, 6.179, 6.866, 7.806, 8.235, 7.937, 8.666, 9.841, 10.172, 9.771, 8.23, 8.053, 7.505, 8.458, 6.582, 4.099, 6.065, 5.16], [9.532, 7.662, 8.654, 6.989, 4.524, 2.643, 2.233, 2.629, 2.376, 5.567, 5.834, 6.523, 7.884, 7.878, 7.463, 6.793, 6.687, 7.036, 5.189, 3.444, 3.169, 2.727, 4.401, 4.253, 4.565, 3.569, 3.273, 6.347, 7.285, 4.637, 4.043, 3.646, 3.318, 2.282, 1.604, 1.336, 0.0, 1.157, 1.786, 3.183, 2.94, 2.516, 2.454, 3.448, 4.887, 4.091, 5.079, 6.748, 7.766, 8.804, 5.011, 2.464, 1.64, 1.687, 1.712, 1.998, 1.998, 2.481, 3.059, 3.669, 3.281, 2.866, 3.916, 4.756, 5.765, 6.247, 4.656, 5.465, 8.585, 8.778, 8.813, 11.268, 9.014, 6.513, 3.75, 2.676, 3.963, 5.207, 4.985, 4.699, 4.385, 3.928, 4.465, 3.079, 2.771, 3.265, 4.421, 6.661, 8.047, 8.206, 7.125, 7.833, 8.775, 9.243, 8.987, 9.739, 10.849, 11.124, 10.839, 9.218, 9.142, 8.575, 9.528, 7.67, 5.156, 7.139, 6.232], [9.57, 7.495, 8.496, 6.981, 4.939, 3.039, 2.625, 2.819, 2.705, 5.729, 6.298, 6.947, 8.189, 8.314, 7.904, 7.236, 7.168, 7.418, 5.605, 3.91, 3.875, 3.121, 4.76, 4.608, 4.746, 3.645, 3.737, 6.832, 7.688, 4.951, 4.475, 4.007, 3.526, 2.684, 1.915, 1.795, 1.157, 0.0, 1.746, 3.269, 3.169, 2.895, 2.736, 3.821, 5.108, 4.371, 5.191, 6.681, 7.652, 8.802, 5.316, 2.681, 1.821, 2.089, 2.124, 2.242, 2.023, 2.894, 3.727, 4.108, 3.94, 3.416, 4.319, 5.137, 6.029, 6.393, 4.89, 5.457, 8.539, 8.663, 8.692, 10.965, 8.832, 6.752, 3.616, 2.842, 4.017, 5.424, 5.212, 5.043, 4.68, 3.986, 4.602, 3.5, 3.078, 3.7, 4.633, 6.845, 8.206, 8.536, 7.623, 8.348, 9.279, 9.696, 9.324, 10.078, 11.307, 11.599, 11.202, 9.707, 9.411, 8.844, 9.838, 7.832, 5.409, 7.26, 6.457], [8.908, 6.601, 7.879, 6.323, 3.777, 1.898, 1.824, 2.37, 2.707, 6.277, 6.736, 7.651, 8.737, 8.787, 8.255, 7.621, 7.569, 7.768, 6.124, 4.078, 3.639, 2.946, 3.479, 3.152, 3.446, 2.384, 3.038, 7.232, 8.047, 5.45, 5.057, 4.496, 3.762, 1.881, 1.548, 2.289, 1.786, 1.746, 0.0, 1.97, 2.013, 2.128, 1.835, 2.718, 3.947, 3.192, 4.312, 5.962, 6.988, 8.137, 4.287, 2.272, 2.449, 2.702, 2.986, 2.687, 2.653, 2.998, 3.523, 4.197, 4.181, 3.875, 4.521, 4.902, 5.407, 5.765, 3.994, 4.656, 7.811, 8.005, 8.096, 10.441, 8.036, 5.807, 2.481, 1.741, 2.745, 4.719, 5.035, 4.905, 3.92, 2.538, 3.35, 2.175, 2.866, 3.449, 5.062, 7.369, 8.763, 8.954, 8.191, 8.774, 9.732, 10.057, 9.665, 10.459, 11.684, 12.003, 11.657, 10.16, 9.843, 9.26, 10.231, 8.386, 5.835, 7.845, 6.955], [9.266, 6.679, 8.368, 6.777, 3.469, 2.303, 1.916, 3.042, 2.832, 6.149, 7.604, 8.473, 8.677, 8.968, 8.177, 7.632, 7.595, 7.594, 6.197, 4.191, 3.83, 3.094, 2.786, 2.175, 2.129, 1.373, 3.144, 7.138, 7.824, 5.246, 5.165, 4.959, 3.994, 2.55, 2.294, 3.002, 3.183, 3.269, 1.97, 0.0, 1.317, 2.527, 2.305, 2.771, 3.717, 3.203, 4.788, 6.434, 7.471, 8.553, 3.851, 3.359, 3.649, 3.76, 4.251, 4.208, 4.284, 4.389, 4.256, 4.523, 4.515, 5.313, 6.088, 6.304, 6.258, 6.548, 4.492, 5.198, 8.315, 8.496, 8.596, 10.872, 8.514, 5.849, 2.852, 1.709, 1.898, 4.16, 4.609, 4.512, 3.342, 1.77, 2.347, 1.812, 2.529, 3.06, 4.652, 6.915, 8.354, 8.754, 8.287, 8.713, 9.6, 9.771, 9.361, 10.133, 11.454, 11.884, 11.56, 10.11, 9.483, 8.866, 9.864, 7.929, 5.362, 7.389, 6.562], [9.077, 6.449, 8.18, 6.687, 3.543, 2.145, 2.245, 2.54, 2.971, 6.463, 7.726, 8.668, 9.044, 9.06, 8.236, 7.796, 7.604, 7.668, 6.337, 4.308, 3.786, 3.101, 3.29, 2.597, 2.761, 1.966, 3.556, 7.515, 8.132, 5.697, 5.695, 5.174, 4.32, 2.924, 2.509, 3.031, 2.94, 3.169, 2.013, 1.317, 0.0, 1.914, 1.738, 2.599, 3.601, 3.104, 4.65, 6.198, 7.272, 8.345, 3.735, 2.83, 3.346, 3.485, 3.594, 3.871, 3.542, 3.57, 3.607, 4.319, 4.249, 4.539, 5.244, 5.349, 5.785, 6.089, 4.056, 4.976, 8.213, 8.406, 8.484, 10.711, 8.27, 5.835, 3.243, 2.076, 2.42, 4.547, 5.01, 4.805, 3.677, 2.003, 2.599, 2.197, 3.013, 3.445, 4.897, 7.095, 8.576, 8.855, 8.39, 8.79, 9.739, 9.831, 9.399, 10.335, 11.724, 12.302, 11.835, 10.309, 9.533, 8.972, 10.006, 8.098, 5.725, 7.759, 6.803], [8.833, 6.461, 7.915, 6.388, 4.057, 1.773, 2.411, 2.244, 3.042, 6.353, 7.112, 8.203, 8.926, 8.878, 8.148, 7.556, 7.462, 7.63, 6.168, 4.268, 3.587, 3.176, 4.286, 3.396, 3.777, 3.18, 3.935, 7.412, 7.957, 5.883, 5.778, 5.052, 4.38, 2.985, 2.419, 2.943, 2.516, 2.895, 2.128, 2.527, 1.914, 0.0, 1.088, 2.178, 3.381, 3.339, 4.309, 6.047, 7.051, 8.07, 3.884, 1.863, 2.556, 3.055, 2.636, 3.329, 2.71, 2.809, 3.064, 4.112, 3.898, 3.217, 3.942, 3.896, 4.515, 5.12, 3.349, 4.643, 7.779, 8.031, 8.059, 10.56, 8.075, 6.045, 3.608, 2.41, 3.247, 5.179, 5.597, 5.48, 4.477, 2.844, 3.572, 2.459, 3.105, 3.713, 5.275, 7.483, 8.778, 8.89, 8.27, 8.706, 9.591, 9.841, 9.555, 10.379, 11.5, 12.017, 11.689, 10.138, 9.811, 9.268, 10.183, 8.399, 5.883, 7.89, 6.987], [9.334, 6.841, 8.434, 6.784, 4.062, 1.803, 2.186, 2.481, 2.827, 5.974, 6.805, 7.911, 8.487, 8.499, 7.718, 7.13, 7.023, 7.105, 5.752, 3.883, 3.223, 2.607, 3.902, 3.318, 3.699, 2.712, 3.546, 6.964, 7.682, 5.547, 5.527, 4.828, 4.092, 2.823, 2.257, 2.87, 2.454, 2.736, 1.835, 2.305, 1.738, 1.088, 0.0, 2.268, 3.621, 3.243, 4.526, 6.411, 7.457, 8.534, 4.113, 2.11, 2.219, 2.684, 2.491, 3.021, 2.366, 2.67, 2.727, 3.67, 3.608, 3.232, 3.98, 4.276, 5.003, 5.628, 3.665, 5.081, 8.336, 8.542, 8.579, 11.013, 8.449, 6.232, 3.549, 2.154, 2.822, 4.715, 5.279, 5.111, 4.036, 2.679, 3.483, 2.427, 2.904, 3.346, 4.858, 7.017, 8.363, 8.538, 7.87, 8.273, 9.171, 9.439, 9.046, 9.916, 11.073, 11.604, 11.242, 9.69, 9.319, 8.868, 9.701, 7.841, 5.446, 7.434, 6.44], [7.283, 5.157, 6.371, 4.637, 2.817, 1.804, 3.257, 2.319, 4.496, 8.052, 8.294, 9.357, 10.302, 10.288, 9.687, 9.019, 8.898, 9.255, 7.585, 5.465, 4.864, 4.553, 4.013, 2.538, 3.364, 3.414, 4.394, 8.59, 9.586, 7.208, 6.77, 6.114, 5.27, 3.618, 3.402, 4.322, 3.448, 3.821, 2.718, 2.771, 2.599, 2.178, 2.268, 0.0, 2.084, 1.926, 2.376, 4.275, 5.371, 6.457, 2.453, 2.075, 3.701, 4.372, 3.809, 4.448, 3.713, 3.784, 4.368, 5.413, 4.736, 3.735, 3.934, 3.876, 3.789, 4.122, 2.068, 2.931, 6.155, 6.38, 6.441, 9.05, 6.59, 4.529, 2.575, 3.097, 3.547, 6.29, 6.713, 6.716, 5.584, 2.753, 3.128, 3.108, 4.394, 5.179, 6.824, 9.1, 10.487, 10.515, 9.567, 10.018, 10.994, 11.481, 11.259, 11.992, 13.056, 13.4, 13.174, 11.487, 11.469, 10.949, 11.792, 9.994, 7.517, 9.493, 8.562], [6.012, 3.708, 5.105, 3.629, 2.375, 2.827, 4.135, 3.028, 5.667, 9.274, 9.868, 10.86, 11.505, 11.563, 10.984, 10.352, 10.282, 10.513, 8.882, 6.897, 6.372, 5.794, 4.737, 2.983, 3.63, 3.671, 5.592, 9.962, 10.878, 8.411, 8.081, 7.484, 6.664, 4.819, 4.59, 5.501, 4.887, 5.108, 3.947, 3.717, 3.601, 3.381, 3.621, 2.084, 0.0, 1.673, 2.433, 3.092, 4.156, 5.262, 1.727, 3.617, 5.118, 5.674, 5.183, 6.12, 5.219, 5.171, 5.629, 6.656, 6.103, 5.119, 5.704, 5.102, 4.129, 4.354, 2.659, 2.541, 5.007, 5.166, 5.264, 7.693, 5.268, 3.592, 2.809, 4.203, 4.631, 7.512, 7.814, 7.813, 6.686, 3.318, 2.811, 4.15, 5.581, 6.328, 8.011, 10.291, 11.666, 11.702, 10.935, 11.465, 12.498, 12.869, 12.533, 13.243, 14.35, 14.715, 14.373, 12.859, 12.711, 12.16, 13.042, 11.229, 8.679, 10.694, 9.82], [6.609, 4.301, 5.719, 4.112, 1.699, 2.236, 3.677, 2.686, 5.082, 8.671, 9.1, 9.92, 10.872, 10.946, 10.445, 9.841, 9.734, 9.986, 8.318, 6.385, 5.853, 5.277, 4.143, 2.435, 2.985, 3.212, 5.085, 9.456, 10.353, 7.89, 7.559, 6.924, 6.17, 4.206, 3.89, 4.82, 4.091, 4.371, 3.192, 3.203, 3.104, 3.339, 3.243, 1.926, 1.673, 0.0, 1.966, 3.644, 4.733, 5.89, 1.765, 3.264, 4.319, 4.842, 4.753, 5.176, 4.473, 4.487, 5.001, 6.076, 5.523, 4.998, 5.437, 5.366, 4.496, 4.746, 3.001, 2.86, 5.627, 5.804, 5.915, 8.301, 5.887, 3.612, 1.913, 3.513, 4.04, 6.886, 7.295, 7.333, 6.104, 2.904, 2.356, 3.602, 5.032, 5.753, 7.333, 9.585, 10.965, 11.124, 10.334, 10.937, 11.983, 12.323, 12.013, 12.662, 13.808, 14.153, 13.775, 12.318, 12.041, 11.486, 12.384, 10.519, 8.065, 10.079, 9.172], [5.594, 3.917, 4.602, 2.862, 2.187, 3.767, 5.257, 3.999, 6.615, 10.263, 10.212, 10.807, 12.354, 12.336, 11.911, 11.22, 11.14, 11.498, 9.615, 7.339, 6.767, 6.775, 5.161, 3.657, 4.38, 4.787, 6.037, 10.8, 11.811, 9.391, 8.592, 7.851, 7.04, 5.331, 5.129, 6.107, 5.079, 5.191, 4.312, 4.788, 4.65, 4.309, 4.526, 2.376, 2.433, 1.966, 0.0, 2.568, 3.499, 4.591, 1.713, 3.307, 5.29, 6.159, 5.47, 6.081, 5.105, 5.312, 6.383, 7.436, 6.522, 5.376, 4.902, 4.648, 3.578, 3.73, 2.886, 1.546, 4.178, 4.52, 4.472, 7.225, 4.945, 2.96, 2.621, 4.873, 5.59, 8.465, 8.859, 8.92, 7.711, 4.536, 3.545, 5.137, 6.567, 7.32, 8.886, 11.175, 12.551, 12.682, 11.41, 12.11, 13.157, 13.75, 13.562, 14.243, 15.249, 15.544, 15.273, 13.619, 13.644, 13.071, 13.976, 12.134, 9.678, 11.692, 10.797], [3.767, 2.418, 2.445, 2.174, 3.461, 5.536, 6.871, 5.344, 8.3, 12.131, 12.249, 12.716, 14.245, 14.119, 13.791, 13.08, 12.971, 13.286, 11.417, 9.332, 8.835, 8.563, 6.91, 5.356, 6.053, 6.281, 7.894, 12.713, 13.713, 11.07, 10.38, 9.744, 8.939, 7.072, 6.733, 7.72, 6.748, 6.681, 5.962, 6.434, 6.198, 6.047, 6.411, 4.275, 3.092, 3.644, 2.568, 0.0, 1.618, 2.877, 2.894, 4.856, 7.093, 7.962, 7.139, 7.809, 6.711, 7.074, 8.247, 9.261, 8.477, 6.996, 6.712, 5.704, 4.12, 3.989, 3.587, 2.22, 2.394, 2.506, 2.757, 5.022, 3.434, 2.883, 3.966, 6.697, 7.443, 10.287, 10.477, 10.451, 9.305, 5.965, 4.688, 6.865, 8.391, 9.15, 10.647, 13.011, 14.415, 14.461, 13.258, 14.056, 15.053, 15.599, 15.346, 16.095, 17.18, 17.462, 17.126, 15.515, 15.428, 14.928, 15.831, 14.016, 11.547, 13.561, 12.635], [3.31, 2.119, 1.781, 2.015, 4.192, 6.553, 7.893, 6.184, 9.352, 13.183, 13.327, 13.91, 15.459, 15.286, 14.921, 14.17, 14.069, 14.393, 12.545, 10.388, 9.876, 9.623, 7.928, 6.345, 7.118, 7.358, 8.901, 13.786, 14.789, 12.183, 11.427, 10.831, 10.006, 8.043, 7.765, 8.794, 7.766, 7.652, 6.988, 7.471, 7.272, 7.051, 7.457, 5.371, 4.156, 4.733, 3.499, 1.618, 0.0, 2.381, 3.793, 5.979, 8.321, 9.131, 8.226, 8.84, 7.824, 8.272, 9.379, 10.419, 9.636, 8.15, 7.625, 6.23, 4.43, 4.127, 4.418, 2.897, 1.496, 1.489, 1.65, 3.845, 2.98, 2.705, 4.916, 7.834, 8.58, 11.421, 11.54, 11.509, 10.372, 6.894, 5.524, 7.908, 9.423, 10.319, 11.812, 14.132, 15.562, 15.601, 14.414, 15.188, 16.105, 16.61, 16.358, 17.239, 18.318, 18.635, 18.343, 16.639, 16.556, 16.03, 16.988, 15.193, 12.704, 14.719, 13.783], [1.769, 2.488, 2.085, 2.488, 5.139, 7.668, 8.998, 7.147, 10.424, 14.318, 14.298, 14.872, 16.592, 16.392, 15.981, 15.204, 15.118, 15.47, 13.6, 11.234, 10.688, 10.697, 8.658, 7.38, 8.175, 8.433, 9.754, 14.791, 15.901, 13.288, 12.255, 11.575, 10.753, 8.912, 8.811, 9.847, 8.804, 8.802, 8.137, 8.553, 8.345, 8.07, 8.534, 6.457, 5.262, 5.89, 4.591, 2.877, 2.381, 0.0, 4.867, 7.247, 9.471, 10.265, 9.365, 10.169, 9.184, 9.496, 10.429, 11.49, 10.61, 9.255, 8.884, 7.854, 6.034, 5.527, 5.314, 4.21, 2.294, 2.125, 2.436, 3.351, 2.302, 3.202, 6.472, 8.986, 9.714, 12.575, 12.641, 12.617, 11.495, 7.874, 6.527, 8.938, 10.487, 11.462, 12.899, 15.27, 16.693, 16.704, 15.334, 16.114, 17.078, 17.636, 17.456, 18.366, 19.358, 19.727, 19.446, 17.686, 17.685, 17.151, 18.105, 16.347, 13.862, 15.878, 14.925], [5.624, 3.468, 4.845, 3.219, 1.337, 3.1, 4.375, 3.178, 5.764, 9.549, 10.074, 10.965, 11.815, 11.785, 11.231, 10.558, 10.432, 10.787, 9.092, 6.948, 6.441, 6.065, 4.721, 2.905, 3.57, 3.718, 5.65, 10.145, 11.139, 8.531, 8.063, 7.52, 6.663, 4.789, 4.599, 5.615, 5.011, 5.316, 4.287, 3.851, 3.735, 3.884, 4.113, 2.453, 1.727, 1.765, 1.713, 2.894, 3.793, 4.867, 0.0, 3.942, 5.595, 5.972, 5.563, 6.315, 5.602, 5.472, 5.898, 6.909, 6.293, 5.566, 6.039, 5.68, 4.623, 4.803, 3.331, 2.125, 4.809, 4.968, 5.018, 7.495, 5.064, 2.684, 2.93, 4.511, 4.923, 7.716, 7.957, 7.93, 6.727, 3.409, 2.273, 4.274, 5.788, 6.615, 8.117, 10.476, 11.898, 11.997, 11.055, 11.561, 12.568, 13.021, 12.789, 13.584, 14.633, 14.992, 14.748, 13.034, 12.953, 12.406, 13.323, 11.504, 9.037, 11.04, 10.09], [8.118, 6.313, 7.012, 5.475, 4.11, 2.44, 3.08, 2.579, 3.79, 7.403, 7.631, 8.09, 9.605, 9.578, 9.182, 8.523, 8.437, 8.763, 6.891, 4.956, 4.364, 4.172, 4.555, 3.816, 4.223, 4.023, 4.429, 8.237, 9.033, 6.618, 6.109, 5.325, 4.759, 3.593, 2.616, 3.257, 2.464, 2.681, 2.272, 3.359, 2.83, 1.863, 2.11, 2.075, 3.617, 3.264, 3.307, 4.856, 5.979, 7.247, 3.942, 0.0, 2.448, 3.343, 2.615, 3.329, 2.384, 2.749, 3.792, 4.775, 4.153, 2.947, 3.058, 3.085, 3.628, 4.135, 2.708, 3.672, 6.778, 7.007, 7.145, 9.578, 7.348, 5.564, 2.897, 2.799, 3.872, 6.174, 6.609, 6.454, 5.42, 3.706, 4.159, 3.364, 4.085, 4.598, 6.167, 8.41, 9.787, 9.94, 8.76, 9.579, 10.53, 11.025, 10.764, 11.472, 12.535, 12.891, 12.519, 10.935, 10.891, 10.336, 11.255, 9.38, 6.874, 8.894, 7.968], [10.246, 8.186, 9.302, 7.67, 5.374, 3.218, 2.912, 3.455, 2.457, 5.16, 5.44, 6.047, 7.261, 7.385, 7.012, 6.337, 6.252, 6.522, 4.727, 3.514, 2.928, 2.913, 4.725, 4.82, 5.003, 3.933, 4.002, 6.462, 7.132, 4.925, 4.765, 4.212, 3.85, 3.227, 2.255, 1.858, 1.64, 1.821, 2.449, 3.649, 3.346, 2.556, 2.219, 3.701, 5.118, 4.319, 5.29, 7.093, 8.321, 9.471, 5.595, 2.448, 0.0, 1.435, 1.375, 1.781, 1.363, 1.804, 2.453, 3.16, 2.987, 2.318, 3.262, 4.236, 5.532, 6.436, 4.781, 5.946, 9.184, 9.354, 9.494, 11.813, 9.54, 7.329, 4.115, 2.583, 3.809, 5.376, 5.475, 5.21, 4.809, 4.451, 5.172, 3.788, 3.151, 3.382, 4.428, 6.324, 7.605, 7.785, 6.712, 7.4, 8.423, 8.895, 8.571, 9.189, 10.358, 10.621, 10.279, 8.757, 8.622, 8.225, 9.028, 7.