[[0.0, 4.201, 8.332, 8.026, 8.548, 8.752, 10.229, 11.378, 11.008, 10.169, 9.576, 8.592, 5.651, 4.128, 4.68, 5.911, 7.182, 6.649, 6.988, 7.992, 6.436, 6.115, 4.076, 3.421, 3.107, 2.738, 2.516, 3.645, 5.83, 4.142, 4.753, 7.18, 5.652, 9.793, 15.756, 13.632, 15.389, 16.736, 17.727, 18.342, 17.243, 18.293, 19.511, 17.727, 18.854, 18.997, 20.636, 22.959, 22.877, 25.604, 26.222, 27.22, 27.805], [4.201, 0.0, 4.435, 4.192, 4.715, 4.928, 6.42, 7.592, 7.212, 6.37, 5.822, 4.844, 2.108, 2.08, 2.152, 2.587, 3.862, 3.473, 3.67, 4.671, 3.119, 2.899, 6.765, 6.476, 5.438, 5.065, 4.958, 7.171, 9.407, 7.504, 8.534, 10.95, 9.422, 13.494, 19.67, 17.54, 19.135, 20.456, 21.532, 22.156, 20.988, 22.047, 23.266, 21.447, 22.615, 22.778, 24.401, 26.695, 26.621, 29.37, 29.978, 30.99, 31.562], [8.332, 4.435, 0.0, 1.008, 1.786, 2.202, 2.568, 3.455, 3.285, 2.652, 2.415, 2.329, 4.096, 5.74, 5.479, 4.562, 4.526, 4.651, 4.168, 4.088, 3.926, 4.301, 10.461, 10.383, 9.211, 9.089, 8.883, 11.423, 13.716, 11.709, 12.699, 15.222, 13.666, 17.846, 23.923, 21.699, 23.42, 24.754, 25.749, 26.44, 25.236, 26.334, 27.555, 25.734, 26.873, 27.056, 28.692, 30.979, 30.878, 33.586, 34.219, 35.242, 35.812], [8.026, 4.192, 1.008, 0.0, 1.452, 1.78, 2.564, 3.588, 3.249, 2.649, 2.308, 2.242, 3.763, 5.234, 5.072, 4.05, 4.098, 4.305, 3.856, 3.856, 3.587, 3.95, 10.064, 9.9, 8.674, 8.615, 8.461, 11.171, 13.389, 11.19, 12.168, 14.722, 13.211, 17.452, 23.617, 21.225, 23.172, 24.434, 25.515, 26.209, 25.008, 26.113, 27.326, 25.5, 26.648, 26.826, 28.472, 30.735, 30.646, 33.364, 33.992, 35.014, 35.585], [8.548, 4.715, 1.786, 1.452, 0.0, 0.954, 1.847, 2.953, 2.616, 1.943, 1.419, 1.49, 3.635, 5.282, 4.878, 3.684, 3.506, 3.791, 3.228, 3.318, 2.938, 3.373, 10.146, 10.391, 8.981, 9.154, 8.93, 11.722, 13.99, 11.769, 12.653, 15.314, 13.708, 18.043, 24.205, 21.706, 23.74, 25.038, 26.063, 26.81, 25.628, 26.731, 27.952, 26.127, 27.287, 27.465, 29.089, 31.374, 31.283, 33.999, 34.627, 35.656, 36.225], [8.752, 4.928, 2.202, 1.78, 0.954, 0.0, 1.573, 2.712, 2.348, 1.869, 1.498, 1.451, 3.776, 5.547, 5.018, 3.797, 3.29, 3.672, 3.269, 3.365, 2.955, 3.351, 10.369, 10.64, 9.203, 9.367, 9.138, 11.922, 14.181, 11.963, 12.809, 15.471, 13.901, 18.233, 24.375, 21.942, 23.938, 25.208, 26.214, 26.975, 25.815, 26.919, 28.149, 26.318, 27.507, 27.661, 29.281, 31.587, 31.509, 34.246, 34.864, 35.872, 36.451], [10.229, 6.42, 2.568, 2.564, 1.847, 1.573, 0.0, 1.266, 1.082, 0.87, 1.13, 1.967, 5.056, 6.727, 6.258, 4.912, 3.928, 4.489, 4.041, 3.649, 4.049, 4.359, 11.728, 12.004, 10.54, 10.805, 10.547, 13.379, 15.662, 13.426, 14.264, 16.937, 15.36, 19.703, 25.837, 23.355, 25.377, 26.69, 27.7, 28.462, 27.305, 28.411, 29.637, 27.809, 28.994, 29.151, 30.772, 33.074, 32.997, 35.735, 36.351, 37.359, 37.938], [11.378, 7.592, 3.455, 3.588, 2.953, 2.712, 1.266, 0.0, 0.78, 1.394, 1.95, 2.955, 6.106, 7.806, 7.293, 5.938, 4.703, 5.314, 4.877, 4.097, 5.143, 5.413, 12.87, 13.153, 11.684, 11.967, 11.69, 14.557, 16.84, 14.575, 15.424, 18.107, 16.515, 20.881, 27.009, 24.493, 26.56, 27.87, 28.889, 29.652, 28.503, 29.609, 30.833, 29.007, 30.191, 30.347, 31.97, 34.271, 34.194, 36.925, 37.544, 38.556, 39.133], [11.008, 7.212, 3.285, 3.249, 2.616, 2.348, 1.082, 0.78, 0.0, 1.259, 1.757, 2.661, 5.762, 7.461, 6.947, 5.619, 4.422, 5.008, 4.581, 3.849, 4.764, 5.034, 12.498, 12.799, 11.32, 11.599, 11.318, 14.179, 16.465, 14.193, 15.049, 17.736, 16.144, 20.508, 26.637, 24.122, 26.183, 27.497, 28.512, 29.277, 28.124, 29.228, 30.448, 28.623, 29.799, 29.962, 31.586, 33.878, 33.799, 36.526, 37.149, 38.164, 38.738], [10.169, 6.37, 2.652, 2.649, 1.943, 1.869, 0.87, 1.394, 1.259, 0.0, 0.966, 1.864, 4.892, 6.612, 6.077, 4.763, 3.772, 4.278, 3.858, 3.339, 3.997, 4.235, 11.67, 11.948, 10.505, 10.767, 10.515, 13.355, 15.614, 13.348, 14.213, 16.898, 15.331, 19.679, 25.802, 23.308, 25.347, 26.661, 27.672, 28.44, 27.279, 28.38, 29.601, 27.775, 28.959, 29.115, 30.737, 33.038, 32.961, 35.688, 36.314, 37.323, 37.903], [9.576, 5.822, 2.415, 2.308, 1.419, 1.498, 1.13, 1.95, 1.757, 0.966, 0.0, 1.19, 4.285, 5.969, 5.455, 4.217, 3.313, 3.845, 3.372, 2.955, 3.463, 3.694, 11.059, 11.365, 9.871, 10.207, 9.917, 12.753, 15.054, 12.869, 13.734, 16.394, 14.737, 19.112, 25.205, 22.681, 24.757, 26.058, 27.088, 27.852, 26.708, 27.804, 29.04, 27.225, 28.401, 28.556, 30.172, 32.483, 32.405, 35.139, 35.76, 36.768, 37.345], [8.592, 4.844, 2.329, 2.242, 1.49, 1.451, 1.967, 2.955, 2.661, 1.864, 1.19, 0.0, 3.27, 5.217, 4.619, 3.607, 2.908, 3.343, 2.938, 2.883, 2.874, 3.083, 10.238, 10.376, 9.201, 9.272, 8.97, 11.72, 14.094, 11.989, 12.912, 15.49, 13.891, 18.153, 24.172, 21.749, 23.723, 25.105, 26.139, 26.802, 25.667, 26.761, 27.992, 26.159, 27.353, 27.501, 29.115, 31.447, 31.362, 34.099, 34.709, 35.719, 36.3], [5.651, 2.108, 4.096, 3.763, 3.635, 3.776, 5.056, 6.106, 5.762, 4.892, 4.285, 3.27, 0.0, 2.139, 1.634, 1.532, 2.448, 2.185, 2.246, 3.064, 1.927, 1.841, 7.169, 7.405, 6.148, 6.27, 6.022, 8.625, 11.109, 9.06, 9.877, 12.4, 10.758, 15.034, 21.061, 18.606, 20.61, 22.012, 23.003, 23.66, 22.562, 23.646, 24.895, 23.026, 24.286, 24.396, 26.052, 28.352, 28.277, 31.069, 31.659, 32.662, 33.241], [4.128, 2.08, 5.74, 5.234, 5.282, 5.547, 6.727, 7.806, 7.461, 6.612, 5.969, 5.217, 2.139, 0.0, 0.951, 2.076, 3.314, 3.038, 3.362, 4.27, 2.96, 2.749, 5.537, 6.069, 4.765, 5.102, 4.839, 7.107, 9.467, 7.42, 8.141, 10.565, 8.887, 13.223, 19.31, 16.785, 18.866, 20.174, 21.247, 21.957, 20.841, 21.969, 23.226, 21.382, 22.61, 22.76, 24.333, 26.681, 26.615, 29.467, 30.034, 31.021, 31.613], [4.68, 2.152, 5.479, 5.072, 4.878, 5.018, 6.258, 7.293, 6.947, 6.077, 5.455, 4.619, 1.634, 0.951, 0.0, 1.504, 2.751, 2.519, 2.881, 3.745, 2.638, 2.366, 5.909, 6.579, 5.363, 5.556, 5.346, 7.613, 9.942, 7.934, 8.656, 11.104, 9.439, 13.732, 19.86, 17.341, 19.401, 20.692, 21.791, 22.491, 21.369, 22.49, 23.768, 21.91, 23.151, 23.301, 24.868, 27.223, 27.157, 29.991, 30.575, 31.562, 32.155], [5.911, 2.587, 4.562, 4.05, 3.684, 3.797, 4.912, 5.938, 5.619, 4.763, 4.217, 3.607, 1.532, 2.076, 1.504, 0.0, 1.553, 1.396, 1.691, 2.554, 1.801, 1.588, 7.115, 7.708, 6.198, 6.629, 6.419, 8.835, 11.154, 8.981, 9.674, 12.269, 10.663, 15.02, 21.158, 18.607, 20.715, 22.006, 23.052, 23.798, 22.684, 23.817, 25.081, 23.215, 24.456, 24.602, 26.182, 28.535, 28.469, 31.276, 31.868, 32.859, 33.448], [7.182, 3.862, 4.526, 4.098, 3.506, 3.29, 3.928, 4.703, 4.422, 3.772, 3.313, 2.908, 2.448, 3.314, 2.751, 1.553, 0.0, 0.958, 1.016, 1.337, 1.584, 1.439, 8.453, 8.959, 7.463, 7.914, 7.678, 10.146, 12.484, 10.332, 11.082, 13.691, 11.999, 16.394, 22.498, 19.945, 22.055, 23.359, 24.392, 25.145, 24.047, 25.162, 26.426, 24.564, 25.801, 25.949, 27.523, 29.88, 29.814, 32.628, 33.218, 34.21, 34.8], [6.649, 3.473, 4.651, 4.305, 3.791, 3.672, 4.489, 5.314, 5.008, 4.278, 3.845, 3.343, 2.185, 3.038, 2.519, 1.396, 0.958, 0.0, 1.041, 1.733, 1.692, 1.516, 8.052, 8.44, 7.09, 7.548, 7.194, 9.69, 12.078, 9.92, 10.715, 13.364, 11.693, 16.078, 22.1, 19.613, 21.674, 23.025, 23.953, 24.729, 23.605, 24.708, 25.849, 24.068, 25.231, 25.444, 27.117, 29.301, 29.24, 32.007, 32.665, 33.629, 34.242], [6.988, 3.67, 4.168, 3.856, 3.228, 3.269, 4.041, 4.877, 4.581, 3.858, 3.372, 2.938, 2.246, 3.362, 2.881, 1.691, 1.016, 1.041, 0.0, 1.101, 1.357, 1.28, 8.408, 8.755, 7.343, 7.857, 7.482, 10.088, 12.466, 10.31, 11.079, 13.747, 12.061, 16.456, 22.478, 19.991, 22.05, 23.402, 24.331, 25.105, 23.974, 25.074, 26.203, 24.434, 25.501, 25.811, 27.484, 29.662, 29.606, 32.335, 33.031, 33.995, 34.609], [7.992, 4.671, 4.088, 3.856, 3.318, 3.365, 3.649, 4.097, 3.849, 3.339, 2.955, 2.883, 3.064, 4.27, 3.745, 2.554, 1.337, 1.733, 1.101, 0.0, 1.945, 2.09, 9.287, 9.767, 8.311, 8.856, 8.501, 11.036, 13.396, 11.289, 11.989, 14.621, 12.94, 17.329, 23.351, 20.862, 22.925, 24.277, 25.205, 25.981, 24.852, 25.952, 27.081, 25.312, 26.404, 26.689, 28.362, 30.54, 30.487, 33.218, 33.914, 34.878, 35.492], [6.436, 3.119, 3.926, 3.587, 2.938, 2.955, 4.049, 5.143, 4.764, 3.997, 3.463, 2.874, 1.927, 2.96, 2.638, 1.801, 1.584, 1.692, 1.357, 1.945, 0.0, 0.985, 7.84, 8.375, 7.008, 7.485, 7.083, 9.628, 11.874, 9.753, 10.485, 13.142, 11.483, 15.86, 21.897, 19.421, 21.447, 22.806, 23.776, 24.54, 23.388, 24.498, 25.727, 23.903, 25.083, 25.235, 26.85, 29.174, 29.094, 31.845, 32.449, 33.447, 34.036], [6.115, 2.899, 4.301, 3.95, 3.373, 3.351, 4.359, 5.413, 5.034, 4.235, 3.694, 3.083, 1.841, 2.749, 2.366, 1.588, 1.439, 1.516, 1.28, 2.09, 0.985, 0.0, 7.555, 8.037, 6.731, 7.084, 6.677, 9.294, 11.585, 9.489, 10.307, 12.95, 11.239, 15.625, 21.662, 19.147, 21.206, 22.582, 23.62, 24.301, 23.177, 24.27, 25.493, 23.671, 24.853, 24.997, 26.621, 28.925, 28.858, 31.578, 32.196, 33.215, 33.788], [4.076, 6.765, 10.461, 10.064, 10.146, 10.369, 11.728, 12.87, 12.498, 11.67, 11.059, 10.238, 7.169, 5.537, 5.909, 7.115, 8.453, 8.052, 8.408, 9.287, 7.84, 7.555, 0.0, 2.476, 3.253, 2.787, 3.315, 2.361, 4.326, 2.623, 3.208, 5.484, 4.023, 8.091, 14.211, 11.712, 13.749, 15.056, 16.158, 16.836, 15.702, 16.804, 18.057, 16.225, 17.42, 17.575, 19.175, 21.511, 21.434, 24.21, 24.808, 25.8, 26.393], [3.421, 6.476, 10.383, 9.9, 10.391, 10.64, 12.004, 13.153, 12.799, 11.948, 11.365, 10.376, 7.405, 6.069, 6.579, 7.708, 8.959, 8.44, 8.755, 9.767, 8.375, 8.037, 2.476, 0.0, 1.92, 1.715, 1.906, 1.931, 3.902, 2.06, 2.731, 5.232, 3.587, 7.884, 13.925, 11.509, 13.486, 14.83, 15.816, 16.537, 15.375, 16.487, 17.74, 15.891, 17.121, 17.261, 18.885, 21.216, 21.127, 23.919, 24.51, 25.505, 26.093], [3.107, 5.438, 9.211, 8.674, 8.981, 9.203, 10.54, 11.684, 11.32, 10.505, 9.871, 9.201, 6.148, 4.765, 5.363, 6.198, 7.463, 7.09, 7.343, 8.311, 7.008, 6.731, 3.253, 1.92, 0.0, 1.454, 0.991, 3.087, 5.376, 3.423, 3.982, 6.61, 4.928, 9.314, 15.371, 12.86, 14.928, 16.262, 17.261, 18.024, 16.909, 18.029, 19.277, 17.432, 18.641, 18.781, 20.384, 22.72, 22.654, 25.434, 26.029, 27.022, 27.61], [2.738, 5.065, 9.089, 8.615, 9.154, 9.367, 10.805, 11.967, 11.599, 10.767, 10.207, 9.272, 6.27, 5.102, 5.556, 6.629, 7.914, 7.548, 7.857, 8.856, 7.485, 7.084, 2.787, 1.715, 1.454, 0.0, 1.195, 2.743, 4.993, 2.922, 3.821, 6.33, 4.72, 8.936, 15.129, 12.76, 14.684, 15.969, 17.08, 17.73, 16.606, 17.693, 18.939, 17.084, 18.315, 18.457, 20.054, 22.396, 22.327, 25.109, 25.71, 26.702, 27.29], [2.516, 4.958, 8.883, 8.461, 8.93, 9.138, 10.547, 11.69, 11.318, 10.515, 9.917, 8.97, 6.022, 4.839, 5.346, 6.419, 7.678, 7.194, 7.482, 8.501, 7.083, 6.677, 3.315, 1.906, 0.991, 1.195, 0.0, 2.966, 5.382, 3.428, 4.165, 6.774, 5.102, 9.403, 15.417, 13.008, 14.952, 16.389, 17.425, 18.026, 16.949, 17.975, 19.19, 17.388, 18.546, 18.697, 20.319, 22.636, 22.553, 25.314, 25.916, 26.913, 27.503], [3.645, 7.171, 11.423, 11.171, 11.722, 11.922, 13.379, 14.557, 14.179, 13.355, 12.753, 11.72, 8.625, 7.107, 7.613, 8.835, 10.146, 9.69, 10.088, 11.036, 9.628, 9.294, 2.361, 1.931, 3.087, 2.743, 2.966, 0.0, 2.692, 1.63, 2.162, 4.091, 2.67, 6.62, 12.624, 10.559, 12.163, 13.582, 14.593, 15.173, 14.073, 15.116, 16.347, 14.55, 15.698, 15.839, 17.463, 19.799, 19.723, 22.51, 23.099, 24.087, 24.675], [5.83, 9.407, 13.716, 13.389, 13.99, 14.181, 15.662, 16.84, 16.465, 15.614, 15.054, 14.094, 11.109, 9.467, 9.942, 11.154, 12.484, 12.078, 12.466, 13.396, 11.874, 11.585, 4.326, 3.902, 5.376, 4.993, 5.382, 2.692, 0.0, 2.348, 2.095, 2.146, 2.048, 4.269, 10.414, 8.398, 9.898, 11.169, 12.26, 12.914, 11.702, 12.785, 14.031, 12.188, 13.39, 13.542, 15.142, 17.477, 17.403, 20.185, 20.783, 21.775, 22.363], [4.142, 7.504, 11.709, 11.19, 11.769, 11.963, 13.426, 14.575, 14.193, 13.348, 12.869, 11.989, 9.06, 7.42, 7.934, 8.981, 10.332, 9.92, 10.31, 11.289, 9.753, 9.489, 2.623, 2.06, 3.423, 2.922, 3.428, 1.63, 2.348, 0.0, 1.653, 3.612, 2.444, 6.365, 12.535, 10.283, 12.089, 13.336, 14.378, 15.127, 13.954, 15.062, 16.3, 14.454, 15.664, 15.812, 17.421, 19.752, 19.678, 22.46, 23.057, 24.05, 24.638], [4.753, 8.534, 12.699, 12.168, 12.653, 12.809, 14.264, 15.424, 15.049, 14.213, 13.734, 12.912, 9.877, 8.141, 8.656, 9.674, 11.082, 10.715, 11.079, 11.989, 10.485, 10.307, 3.208, 2.731, 3.982, 3.821, 4.165, 2.162, 2.095, 1.653, 0.0, 2.715, 1.605, 5.499, 11.657, 9.269, 11.169, 12.478, 13.484, 14.273, 13.13, 14.253, 15.505, 13.65, 14.881, 15.023, 16.615, 18.962, 18.893, 21.686, 22.281, 23.274, 23.862], [7.18, 10.95, 15.222, 14.722, 15.314, 15.471, 16.937, 18.107, 17.736, 16.898, 16.394, 15.49, 12.4, 10.565, 11.104, 12.269, 13.691, 13.364, 13.747, 14.621, 13.142, 12.95, 5.484, 5.232, 6.61, 6.33, 6.774, 4.091, 2.146, 3.612, 2.715, 0.0, 2.002, 2.869, 9.001, 6.88, 8.549, 9.785, 10.846, 11.589, 10.446, 11.58, 12.855, 10.98, 12.238, 12.388, 13.95, 16.309, 16.244, 19.092, 19.662, 20.649, 21.242], [5.652, 9.422, 13.666, 13.211, 13.708, 13.901, 15.36, 16.515, 16.144, 15.331, 14.737, 13.891, 10.758, 8.887, 9.439, 10.663, 11.999, 11.693, 12.061, 12.94, 11.483, 11.239, 4.023, 3.587, 4.928, 4.72, 5.102, 2.67, 2.048, 2.444, 1.605, 2.002, 0.0, 4.411, 10.553, 8.364, 10.096, 11.392, 12.471, 13.172, 12.07, 13.186, 14.457, 12.581, 13.841, 13.99, 15.553, 17.912, 17.846, 20.694, 21.265, 22.251, 22.844], [9.793, 13.494, 17.846, 17.452, 18.043, 18.233, 19.703, 20.881, 20.508, 19.679, 19.112, 18.153, 15.034, 13.223, 13.732, 15.02, 16.394, 16.078, 16.456, 17.329, 15.86, 15.625, 8.091, 7.884, 9.314, 8.936, 9.403, 6.62, 4.269, 6.365, 5.499, 2.869, 4.411, 0.0, 6.366, 5.001, 5.915, 7.043, 8.165, 8.819, 7.703, 8.823, 10.114, 8.236, 9.495, 9.65, 11.201, 13.558, 13.504, 16.369, 16.925, 17.906, 18.522], [15.756, 19.67, 23.923, 23.617, 24.205, 24.375, 25.837, 27.009, 26.637, 25.802, 25.205, 24.172, 21.061, 19.31, 19.86, 21.158, 22.498, 22.1, 22.478, 23.351, 21.897, 21.662, 14.211, 13.925, 15.371, 15.129, 15.417, 12.624, 10.414, 12.535, 11.657, 9.001, 10.553, 6.366, 0.0, 2.701, 1.171, 1.39, 2.445, 3.341, 2.47, 3.269, 4.765, 3.211, 3.63, 3.725, 5.167, 7.441, 7.39, 10.262, 10.789, 11.775, 12.49], [13.632, 17.54, 21.699, 21.225, 21.706, 21.942, 23.355, 24.493, 24.122, 23.308, 22.681, 21.749, 18.606, 16.785, 17.341, 18.607, 19.945, 19.613, 19.991, 20.862, 19.421, 19.147, 11.712, 11.509, 12.86, 12.76, 13.008, 10.559, 8.398, 10.283, 9.269, 6.88, 8.364, 5.001, 2.701, 0.0, 2.14, 3.524, 4.556, 5.237, 4.208, 5.272, 6.66, 4.89, 6.069, 6.273, 7.693, 10.008, 9.979, 12.823, 13.35, 14.351, 15.088], [15.389, 19.135, 23.42, 23.172, 23.74, 23.938, 25.377, 26.56, 26.183, 25.347, 24.757, 23.723, 20.61, 18.866, 19.401, 20.715, 22.055, 21.674, 22.05, 22.925, 21.447, 21.206, 13.749, 13.486, 14.928, 14.684, 14.952, 12.163, 9.898, 12.089, 11.169, 8.549, 10.096, 5.915, 1.171, 2.14, 0.0, 1.592, 2.553, 3.299, 2.278, 3.274, 4.674, 3.054, 4.068, 4.26, 5.653, 7.904, 7.865, 10.707, 11.233, 12.237, 13.068], [16.736, 20.456, 24.754, 24.434, 25.038, 25.208, 26.69, 27.87, 27.497, 26.661, 26.058, 25.105, 22.012, 20.174, 20.692, 22.006, 23.359, 23.025, 23.402, 24.277, 22.806, 22.582, 15.056, 14.83, 16.262, 15.969, 16.389, 13.582, 11.169, 13.336, 12.478, 9.785, 11.392, 7.043, 1.39, 3.524, 1.592, 0.0, 1.38, 2.362, 1.714, 2.421, 3.836, 2.458, 3.124, 3.211, 4.53, 6.596, 6.558, 9.424, 9.955, 10.961, 11.812], [17.727, 21.532, 25.749, 25.515, 26.063, 26.214, 27.7, 28.889, 28.512, 27.672, 27.088, 26.139, 23.003, 21.247, 21.791, 23.052, 24.392, 23.953, 24.331, 25.205, 23.776, 23.62, 16.158, 15.816, 17.261, 17.08, 17.425, 14.593, 12.26, 14.378, 13.484, 10.846, 12.471, 8.165, 2.445, 4.556, 2.553, 1.38, 0.0, 1.869, 1.874, 1.997, 3.164, 2.127, 2.543, 2.896, 3.73, 5.585, 5.564, 8.399, 8.938, 9.944, 10.811], [18.342, 22.156, 26.44, 26.209, 26.81, 26.975, 28.462, 29.652, 29.277, 28.44, 27.852, 26.802, 23.66, 21.957, 22.491, 23.798, 25.145, 24.729, 25.105, 25.981, 24.54, 24.301, 16.836, 16.537, 18.024, 17.73, 18.026, 15.173, 12.914, 15.127, 14.273, 11.589, 13.172, 8.819, 3.341, 5.237, 3.299, 2.362, 1.869, 0.0, 1.824, 1.722, 1.854, 1.669, 2.716, 2.418, 2.579, 4.808, 4.826, 7.608, 8.135, 9.151, 9.95], [17.243, 20.988, 25.236, 25.008, 25.628, 25.815, 27.305, 28.503, 28.124, 27.279, 26.708, 25.667, 22.562, 20.841, 21.369, 22.684, 24.047, 23.605, 23.974, 24.852, 23.388, 23.177, 15.702, 15.375, 16.909, 16.606, 16.949, 14.073, 11.702, 13.954, 13.13, 10.446, 12.07, 7.703, 2.47, 4.208, 2.278, 1.714, 1.874, 1.824, 0.0, 1.285, 2.648, 1.382, 2.382, 2.273, 3.62, 5.919, 5.943, 8.732, 9.259, 10.261, 10.996], [18.293, 22.047, 26.334, 26.113, 26.731, 26.919, 28.411, 29.609, 29.228, 28.38, 27.804, 26.761, 23.646, 21.969, 22.49, 23.817, 25.162, 24.708, 25.074, 25.952, 24.498, 24.27, 16.804, 16.487, 18.029, 17.693, 17.975, 15.116, 12.785, 15.062, 14.253, 11.58, 13.186, 8.823, 3.269, 5.272, 3.274, 2.421, 1.997, 1.722, 1.285, 0.0, 1.934, 1.412, 1.89, 1.893, 2.667, 4.809, 4.922, 7.584, 8.11, 9.144, 9.909], [19.511, 23.266, 27.555, 27.326, 27.952, 28.149, 29.637, 30.833, 30.448, 29.601, 29.04, 27.992, 24.895, 23.226, 23.768, 25.081, 26.426, 25.849, 26.203, 27.081, 25.727, 25.493, 18.057, 17.74, 19.277, 18.939, 19.19, 16.347, 14.031, 16.3, 15.505, 12.855, 14.457, 10.114, 4.765, 6.66, 4.674, 3.836, 3.164, 1.854, 2.648, 1.934, 0.0, 2.044, 2.563, 2.273, 2.112, 3.772, 3.778, 6.285, 6.883, 7.91, 8.774], [17.727, 21.447, 25.734, 25.5, 26.127, 26.318, 27.809, 29.007, 28.623, 27.775, 27.225, 26.159, 23.026, 21.382, 21.91, 23.215, 24.564, 24.068, 24.434, 25.312, 23.903, 23.671, 16.225, 15.891, 17.432, 17.084, 17.388, 14.55, 12.188, 14.454, 13.65, 10.98, 12.581, 8.236, 3.211, 4.89, 3.054, 2.458, 2.127, 1.669, 1.382, 1.412, 2.044, 0.0, 2.157, 1.907, 3.136, 5.354, 5.332, 8.175, 8.709, 9.696, 10.336], [18.854, 22.615, 26.873, 26.648, 27.287, 27.507, 28.994, 30.191, 29.799, 28.959, 28.401, 27.353, 24.286, 22.61, 23.151, 24.456, 25.801, 25.231, 25.501, 26.404, 25.083, 24.853, 17.42, 17.121, 18.641, 18.315, 18.546, 15.698, 13.39, 15.664, 14.881, 12.238, 13.841, 9.495, 3.63, 6.069, 4.068, 3.124, 2.543, 2.716, 2.382, 1.89, 2.563, 2.157, 0.0, 1.697, 2.976, 4.428, 4.278, 6.95, 7.588, 8.602, 9.222], [18.997, 22.778, 27.056, 26.826, 27.465, 27.661, 29.151, 30.347, 29.962, 29.115, 28.556, 27.501, 24.396, 22.76, 23.301, 24.602, 25.949, 25.444, 25.811, 26.689, 25.235, 24.997, 17.575, 17.261, 18.781, 18.457, 18.697, 15.839, 13.542, 15.812, 15.023, 12.388, 13.99, 9.65, 3.725, 6.273, 4.26, 3.211, 2.896, 2.418, 2.273, 1.893, 2.273, 1.907, 1.697, 0.0, 2.359, 4.146, 4.076, 6.748, 7.278, 8.301, 8.895], [20.636, 24.401, 28.692, 28.472, 29.089, 29.281, 30.772, 31.97, 31.586, 30.737, 30.172, 29.115, 26.052, 24.333, 24.868, 26.182, 27.523, 27.117, 27.484, 28.362, 26.85, 26.621, 19.175, 18.885, 20.384, 20.054, 20.319, 17.463, 15.142, 17.421, 16.615, 13.95, 15.553, 11.201, 5.167, 7.693, 5.653, 4.53, 3.73, 2.579, 3.62, 2.667, 2.112, 3.136, 2.976, 2.359, 0.0, 2.562, 2.862, 5.206, 5.739, 6.726, 7.433], [22.959, 26.695, 30.979, 30.735, 31.374, 31.587, 33.074, 34.271, 33.878, 33.038, 32.483, 31.447, 28.352, 26.681, 27.223, 28.535, 29.88, 29.301, 29.662, 30.54, 29.174, 28.925, 21.511, 21.216, 22.72, 22.396, 22.636, 19.799, 17.477, 19.752, 18.962, 16.309, 17.912, 13.558, 7.441, 10.008, 7.904, 6.596, 5.585, 4.808, 5.919, 4.809, 3.772, 5.354, 4.428, 4.146, 2.562, 0.0, 1.53, 3.197, 4.104, 4.765, 5.728], [22.877, 26.621, 30.878, 30.646, 31.283, 31.509, 32.997, 34.194, 33.799, 32.961, 32.405, 31.362, 28.277, 26.615, 27.157, 28.469, 29.814, 29.24, 29.606, 30.487, 29.094, 28.858, 21.434, 21.127, 22.654, 22.327, 22.553, 19.723, 17.403, 19.678, 18.893, 16.244, 17.846, 13.504, 7.39, 9.979, 7.865, 6.558, 5.564, 4.826, 5.943, 4.922, 3.778, 5.332, 4.278, 4.076, 2.862, 1.53, 0.0, 3.405, 4.074, 4.66, 5.417], [25.604, 29.37, 33.586, 33.364, 33.999, 34.246, 35.735, 36.925, 36.526, 35.688, 35.139, 34.099, 31.069, 29.467, 29.991, 31.276, 32.628, 32.007, 32.335, 33.218, 31.845, 31.578, 24.21, 23.919, 25.434, 25.109, 25.314, 22.51, 20.185, 22.46, 21.686, 19.092, 20.694, 16.369, 10.262, 12.823, 10.707, 9.424, 8.399, 7.608, 8.732, 7.584, 6.285, 8.175, 6.95, 6.748, 5.206, 3.197, 3.405, 0.0, 2.06, 3.606, 4.213], [26.222, 29.978, 34.219, 33.992, 34.627, 34.864, 36.351, 37.544, 37.149, 36.314, 35.76, 34.709, 31.659, 30.034, 30.575, 31.868, 33.218, 32.665, 33.031, 33.914, 32.449, 32.196, 24.808, 24.51, 26.029, 25.71, 25.916, 23.099, 20.783, 23.057, 22.281, 19.662, 21.265, 16.925, 10.789, 13.35, 11.233, 9.955, 8.938, 8.135, 9.259, 8.11, 6.883, 8.709, 7.588, 7.278, 5.739, 4.104, 4.074, 2.06, 0.0, 2.847, 3.719], [27.22, 30.99, 35.242, 35.014, 35.656, 35.872, 37.359, 38.556, 38.164, 37.323, 36.768, 35.719, 32.662, 31.021, 31.562, 32.859, 34.21, 33.629, 33.995, 34.878, 33.447, 33.215, 25.8, 25.505, 27.022, 26.702, 26.913, 24.087, 21.775, 24.05, 23.274, 20.649, 22.251, 17.906, 11.775, 14.351, 12.237, 10.961, 9.944, 9.151, 10.261, 9.144, 7.91, 9.696, 8.602, 8.301, 6.726, 4.765, 4.66, 3.606, 2.847, 0.0, 1.585], [27.805, 31.562, 35.812, 35.585, 36.225, 36.451, 37.938, 39.133, 38.738, 37.903, 37.345, 36.3, 33.241, 31.613, 32.155, 33.448, 34.8, 34.242, 34.609, 35.492, 34.036, 33.788, 26.393, 26.093, 27.61, 27.29, 27.503, 24.675, 22.363, 24.638, 23.862, 21.242, 22.844, 18.522, 12.49, 15.088, 13.068, 11.812, 10.811, 9.95, 10.996, 9.909, 8.774, 10.336, 9.222, 8.895, 7.433, 5.728, 5.417, 4.213, 3.719, 1.585, 0.0]]