[[0.0, 1.744, 1.66, 1.605, 2.471, 2.454, 4.439, 4.606, 3.932, 3.401, 4.097, 4.334, 5.527, 6.399, 5.413, 5.273, 6.277, 7.441, 7.641, 8.088, 9.131, 10.397, 12.964, 14.862, 15.222, 15.771, 16.027, 17.016, 17.87, 17.712, 17.162, 16.921, 15.628, 13.91, 12.996, 11.531, 8.392, 6.763, 7.214, 6.965, 5.803, 5.339, 7.11, 7.513, 6.465, 5.095, 5.802, 4.766, 5.239, 5.897, 6.292, 6.986, 7.196, 7.456, 9.668, 11.372, 11.553, 11.378, 13.031, 14.398, 15.411, 15.115, 14.277, 13.579, 14.361, 14.815, 15.857, 18.291, 20.629, 21.588, 20.196, 20.219, 20.838, 19.121, 17.662, 16.998, 14.216, 13.866, 15.781, 15.922, 14.863, 13.832, 12.816, 12.059, 8.941, 6.706, 6.204, 5.143, 3.061, 2.821, 4.648, 5.172, 4.23, 2.167, 3.29, 4.224, 4.487, 5.573, 7.444, 7.707, 7.366, 7.215, 8.816, 11.845, 12.924, 13.271, 13.45, 14.304, 14.757, 14.746, 14.262, 13.596, 13.518, 13.195, 12.55, 10.459, 8.349, 7.778, 9.451, 10.684, 10.968, 10.797, 9.722, 7.302, 6.613, 7.691, 7.525, 7.763, 8.547, 10.685, 12.218, 13.081, 13.653, 13.21, 11.662, 10.864, 10.581, 10.518, 13.384, 17.342, 19.278, 18.036, 16.21, 15.458, 15.494, 12.919, 11.337, 11.329, 12.279, 13.059, 14.348, 15.741, 14.896, 13.608, 13.448, 13.694, 13.207, 11.434, 13.715, 16.936, 19.857, 21.686, 21.313, 20.829, 18.388, 14.927, 13.537, 12.861, 11.82, 14.114, 16.724, 17.639, 17.334, 16.253, 15.938, 16.945, 18.373, 18.987, 20.299, 20.364, 19.851, 20.532, 21.448, 21.286, 22.199, 23.046, 20.875, 19.383, 20.047, 20.708, 21.224, 20.215, 19.882, 20.562, 21.015, 22.034, 23.284, 25.063, 26.105, 25.791, 26.063, 27.183, 25.91, 22.996, 21.795, 22.17], [1.744, 0.0, 1.148, 1.025, 2.192, 1.767, 3.181, 3.397, 3.108, 3.737, 4.422, 4.796, 4.96, 5.204, 4.308, 4.151, 5.291, 6.191, 6.359, 6.807, 7.832, 9.117, 11.734, 13.44, 13.807, 14.408, 14.801, 15.612, 16.427, 16.507, 15.739, 15.542, 14.332, 12.56, 11.685, 10.138, 7.003, 5.454, 5.794, 5.661, 5.007, 5.07, 6.821, 7.534, 6.481, 5.425, 5.383, 4.468, 4.061, 4.58, 4.961, 5.547, 5.85, 6.071, 8.221, 9.946, 10.116, 9.952, 11.593, 12.963, 13.975, 13.783, 13.017, 12.288, 13.13, 13.75, 14.717, 17.15, 19.446, 20.374, 18.978, 19.059, 19.692, 17.811, 16.399, 15.779, 12.997, 12.694, 14.558, 14.69, 13.741, 12.548, 11.376, 10.616, 7.522, 5.392, 4.819, 3.787, 1.936, 2.103, 3.567, 3.769, 2.802, 1.967, 2.162, 2.972, 3.109, 4.184, 6.002, 6.254, 5.997, 5.987, 7.801, 10.608, 11.558, 12.104, 12.274, 13.003, 13.495, 13.324, 13.1, 12.472, 12.359, 12.1, 11.447, 9.282, 7.022, 6.511, 8.195, 9.471, 9.684, 9.446, 8.311, 5.992, 5.32, 6.37, 6.081, 6.321, 7.139, 9.232, 10.849, 11.807, 12.371, 11.872, 10.351, 9.546, 9.241, 9.144, 12.244, 16.197, 18.09, 16.826, 14.757, 14.161, 14.269, 11.673, 9.984, 9.985, 10.894, 11.825, 13.241, 14.519, 13.623, 12.418, 12.045, 12.483, 12.013, 10.194, 12.333, 15.508, 18.409, 20.238, 19.953, 19.534, 17.218, 13.518, 12.134, 11.438, 10.476, 12.848, 15.312, 16.202, 15.928, 14.807, 14.507, 15.533, 16.943, 17.664, 18.854, 18.944, 18.438, 19.141, 20.039, 20.079, 21.106, 21.845, 19.669, 18.243, 18.901, 19.476, 19.847, 18.844, 18.566, 19.243, 19.748, 20.622, 21.923, 23.722, 24.707, 24.496, 24.832, 25.886, 24.641, 21.682, 20.547, 20.925], [1.66, 1.148, 0.0, 1.033, 2.734, 2.538, 3.578, 3.727, 3.154, 3.07, 3.618, 3.951, 4.863, 5.498, 4.282, 3.99, 4.916, 6.267, 6.641, 6.953, 7.96, 9.257, 11.675, 13.551, 13.96, 14.493, 14.719, 15.835, 16.803, 16.886, 16.027, 15.878, 14.711, 12.988, 12.077, 10.468, 7.099, 5.459, 6.028, 5.793, 4.62, 4.414, 6.142, 6.819, 5.741, 4.612, 4.687, 3.783, 3.956, 4.682, 5.229, 5.851, 5.792, 6.213, 8.538, 10.131, 10.312, 10.108, 11.948, 13.276, 14.289, 14.157, 13.313, 12.668, 13.508, 14.101, 15.095, 17.529, 19.824, 20.751, 19.355, 19.413, 20.044, 18.189, 16.78, 16.157, 13.375, 13.073, 14.939, 15.069, 14.092, 12.907, 11.638, 10.823, 7.692, 5.451, 4.96, 4.119, 2.071, 1.857, 3.269, 3.783, 2.981, 1.283, 2.049, 3.102, 3.37, 4.506, 6.383, 6.542, 6.273, 5.867, 7.448, 10.512, 11.58, 11.869, 12.264, 13.363, 13.845, 13.711, 13.478, 12.823, 12.72, 12.45, 11.798, 9.626, 7.37, 6.89, 8.566, 9.85, 10.063, 9.788, 8.586, 6.432, 5.698, 6.676, 6.368, 6.672, 7.449, 9.498, 11.235, 12.185, 12.749, 12.27, 10.724, 9.781, 9.392, 9.43, 12.622, 16.569, 18.443, 16.989, 15.051, 14.53, 14.647, 12.06, 10.207, 10.123, 11.112, 12.123, 13.589, 14.903, 14.0, 12.797, 12.418, 12.86, 12.33, 10.275, 12.479, 15.783, 18.687, 20.57, 20.309, 19.808, 17.561, 13.843, 12.418, 11.823, 10.592, 12.739, 15.405, 16.494, 16.134, 15.041, 14.689, 15.702, 17.292, 17.635, 19.193, 19.137, 18.612, 19.447, 20.421, 20.446, 21.461, 22.224, 20.048, 18.621, 19.279, 19.854, 20.257, 19.254, 18.938, 19.622, 20.092, 21.034, 22.319, 24.114, 25.1, 24.882, 25.215, 26.262, 25.01, 22.055, 20.912, 21.26], [1.605, 1.025, 1.033, 0.0, 2.588, 2.017, 3.27, 3.534, 3.181, 3.431, 4.151, 4.457, 4.873, 5.13, 4.082, 3.881, 4.9, 6.055, 6.315, 6.745, 7.807, 9.035, 11.602, 13.512, 13.876, 14.433, 14.637, 15.673, 16.526, 16.493, 15.823, 15.582, 14.349, 12.71, 11.756, 10.25, 7.121, 5.41, 5.871, 5.619, 4.744, 4.762, 6.538, 7.279, 6.201, 5.161, 5.074, 4.15, 3.953, 4.633, 4.971, 5.642, 5.864, 6.142, 8.326, 10.032, 10.21, 10.061, 11.752, 13.059, 14.071, 13.824, 13.006, 12.304, 13.115, 13.68, 14.702, 17.136, 19.431, 20.375, 18.971, 19.015, 19.642, 17.847, 16.411, 15.791, 13.016, 12.703, 14.56, 14.68, 13.683, 12.602, 11.482, 10.735, 7.638, 5.511, 5.011, 3.858, 2.013, 1.737, 3.298, 3.835, 2.888, 1.864, 2.178, 2.988, 3.182, 4.252, 6.102, 6.363, 6.036, 5.862, 7.415, 10.464, 11.585, 11.883, 12.119, 13.003, 13.492, 13.422, 13.085, 12.402, 12.327, 12.04, 11.376, 9.226, 7.055, 6.511, 8.203, 9.471, 9.684, 9.481, 8.483, 6.174, 5.387, 6.393, 6.219, 6.421, 7.204, 9.341, 10.902, 11.806, 12.377, 11.923, 10.354, 9.568, 9.266, 9.186, 12.229, 16.18, 18.057, 16.795, 14.877, 14.18, 14.278, 11.672, 9.993, 10.026, 10.944, 11.788, 13.191, 14.52, 13.636, 12.428, 12.122, 12.484, 11.969, 10.095, 12.361, 15.594, 18.513, 20.343, 19.997, 19.531, 17.173, 13.583, 12.198, 11.528, 10.515, 12.723, 15.377, 16.296, 15.993, 14.904, 14.595, 15.6, 17.033, 17.611, 18.957, 19.021, 18.509, 19.213, 20.113, 20.07, 21.044, 21.84, 19.669, 18.228, 18.886, 19.465, 19.92, 18.917, 18.573, 19.266, 19.717, 20.714, 21.976, 23.767, 24.785, 24.51, 24.843, 25.892, 24.655, 21.704, 20.561, 20.918], [2.471, 2.192, 2.734, 2.588, 0.0, 2.264, 4.236, 4.61, 4.256, 4.774, 5.069, 5.693, 6.59, 6.768, 6.013, 5.925, 7.05, 7.889, 7.806, 8.376, 9.389, 10.682, 13.394, 15.05, 15.35, 16.025, 16.365, 17.167, 17.832, 17.505, 16.932, 16.596, 15.326, 13.692, 12.834, 11.52, 8.617, 7.037, 7.38, 7.301, 6.965, 6.917, 8.561, 9.176, 8.071, 6.668, 7.225, 5.833, 5.675, 6.234, 6.505, 6.914, 7.434, 7.667, 9.504, 11.219, 11.52, 11.344, 12.709, 14.053, 15.062, 14.765, 14.027, 13.191, 14.018, 14.713, 15.678, 18.038, 20.334, 21.283, 19.869, 20.046, 20.668, 18.794, 17.335, 16.677, 13.895, 13.745, 15.455, 15.578, 14.704, 13.664, 12.54, 11.945, 8.988, 7.043, 6.462, 4.976, 3.073, 3.597, 5.218, 5.414, 4.204, 3.084, 3.847, 4.142, 4.268, 5.269, 7.19, 7.53, 7.435, 7.751, 9.495, 12.252, 13.162, 13.72, 13.882, 14.384, 14.904, 14.44, 14.142, 13.435, 13.333, 13.093, 12.415, 10.323, 8.35, 7.555, 9.164, 10.381, 10.673, 10.527, 9.609, 7.12, 6.477, 7.658, 7.51, 7.524, 8.456, 10.47, 11.88, 12.759, 13.304, 12.828, 11.339, 10.754, 10.717, 10.445, 13.247, 17.253, 19.127, 18.16, 16.04, 15.244, 15.192, 12.684, 11.488, 11.279, 12.22, 13.011, 14.32, 15.457, 14.534, 13.338, 13.128, 13.473, 13.209, 11.813, 13.926, 16.94, 19.65, 21.425, 21.003, 20.884, 18.28, 14.966, 13.382, 12.76, 12.227, 14.449, 16.755, 17.628, 17.475, 16.298, 15.938, 16.987, 18.35, 19.25, 20.012, 20.329, 19.82, 20.346, 21.116, 21.03, 22.058, 22.735, 20.625, 19.15, 19.842, 20.383, 20.806, 19.803, 19.485, 20.223, 20.741, 21.584, 22.89, 24.652, 25.657, 25.406, 25.791, 26.825, 25.554, 22.636, 21.531, 21.92], [2.454, 1.767, 2.538, 2.017, 2.264, 0.0, 3.0, 3.942, 3.963, 5.1, 5.935, 6.276, 6.16, 5.839, 5.258, 5.117, 5.985, 6.721, 6.514, 7.083, 8.082, 9.462, 12.217, 13.725, 13.997, 14.701, 15.085, 15.817, 16.534, 16.42, 15.833, 15.546, 14.164, 12.501, 11.614, 10.164, 7.321, 5.837, 6.114, 6.441, 6.348, 6.428, 8.198, 8.979, 7.889, 6.839, 6.67, 5.763, 4.517, 5.108, 5.377, 5.58, 6.029, 6.302, 8.189, 9.958, 10.154, 10.005, 11.613, 12.981, 14.006, 13.74, 13.016, 12.169, 12.986, 13.682, 14.647, 17.006, 19.302, 20.152, 18.837, 18.998, 19.639, 17.667, 16.279, 15.598, 12.795, 12.605, 14.401, 14.546, 13.673, 12.558, 11.407, 10.704, 7.573, 5.807, 5.247, 4.069, 2.383, 2.483, 4.139, 4.476, 3.064, 3.438, 3.261, 3.3, 3.163, 4.152, 5.971, 6.305, 6.102, 6.765, 8.394, 11.002, 11.995, 12.529, 12.657, 13.095, 13.56, 13.206, 12.99, 12.404, 12.29, 12.031, 11.379, 9.243, 7.104, 6.369, 8.142, 9.247, 9.54, 9.466, 8.37, 5.847, 5.275, 6.323, 6.125, 6.257, 7.124, 9.21, 10.77, 11.702, 12.174, 11.83, 10.254, 9.581, 9.372, 9.262, 12.162, 16.129, 18.042, 16.954, 14.758, 14.091, 14.146, 11.544, 10.109, 9.947, 11.002, 11.864, 13.233, 14.401, 13.409, 12.285, 12.002, 12.392, 12.001, 10.641, 12.616, 15.611, 18.509, 20.197, 19.814, 19.638, 17.177, 13.666, 12.228, 11.451, 11.523, 13.23, 15.402, 16.255, 16.128, 14.931, 14.576, 15.627, 16.98, 17.872, 18.904, 19.072, 18.515, 19.181, 20.073, 20.005, 21.027, 21.701, 19.584, 18.119, 18.811, 19.331, 19.754, 18.687, 18.348, 19.194, 19.685, 20.491, 21.778, 23.532, 24.62, 24.326, 24.708, 25.781, 24.44, 21.526, 20.472, 20.893], [4.439, 3.181, 3.578, 3.27, 4.236, 3.0, 0.0, 2.112, 2.468, 3.91, 5.284, 5.363, 4.326, 3.625, 3.303, 3.336, 3.661, 4.292, 3.923, 4.462, 5.505, 6.994, 9.686, 11.133, 11.375, 12.09, 12.475, 13.246, 13.843, 13.589, 13.041, 12.753, 11.317, 9.823, 8.801, 7.55, 4.76, 3.695, 3.831, 4.213, 4.324, 4.648, 6.203, 7.075, 6.461, 5.495, 4.81, 3.98, 2.339, 2.674, 2.912, 2.944, 3.458, 3.733, 5.391, 7.11, 7.388, 7.306, 8.882, 10.188, 11.213, 10.906, 10.203, 9.33, 10.114, 10.824, 11.782, 14.147, 16.445, 17.276, 15.972, 16.157, 16.799, 14.891, 13.451, 12.701, 9.94, 9.795, 11.512, 11.667, 10.827, 9.798, 8.614, 7.964, 4.944, 3.427, 2.934, 1.694, 1.89, 2.527, 2.274, 2.165, 1.717, 3.959, 3.199, 2.894, 2.246, 1.721, 3.184, 3.709, 3.504, 4.415, 5.936, 8.453, 9.511, 10.049, 10.246, 10.473, 10.858, 10.428, 10.163, 9.546, 9.432, 9.173, 8.528, 6.403, 4.521, 3.562, 5.309, 6.362, 6.733, 6.658, 5.673, 3.114, 2.556, 3.558, 3.445, 3.493, 4.358, 6.443, 7.967, 8.864, 9.329, 8.997, 7.451, 6.788, 6.626, 6.521, 9.304, 13.279, 15.204, 14.193, 12.041, 11.237, 11.33, 8.739, 7.415, 7.176, 8.284, 9.056, 10.387, 11.562, 10.543, 9.377, 9.216, 9.561, 9.213, 8.089, 10.023, 12.95, 15.724, 17.357, 17.02, 16.908, 14.343, 10.989, 9.447, 8.848, 9.265, 10.705, 12.723, 13.585, 13.503, 12.225, 11.904, 12.866, 14.219, 15.204, 16.113, 16.338, 15.829, 16.35, 17.27, 17.152, 18.161, 18.793, 16.726, 15.259, 15.945, 16.435, 16.89, 15.832, 15.494, 16.387, 16.878, 17.605, 18.888, 20.645, 21.753, 21.494, 21.857, 22.98, 21.572, 18.7, 17.622, 18.046], [4.606, 3.397, 3.727, 3.534, 4.61, 3.942, 2.112, 0.0, 1.269, 3.034, 4.168, 4.163, 2.526, 2.769, 2.132, 2.204, 3.28, 3.65, 3.677, 4.152, 5.087, 6.398, 9.197, 10.784, 11.061, 11.785, 12.071, 12.834, 13.603, 13.455, 12.881, 12.612, 11.187, 9.633, 8.639, 7.325, 4.454, 2.821, 3.16, 3.154, 3.031, 3.026, 4.55, 5.503, 4.964, 3.951, 3.073, 2.76, 2.699, 2.732, 2.989, 3.092, 4.174, 3.97, 5.204, 6.926, 7.093, 7.017, 8.752, 10.045, 11.07, 10.769, 10.061, 9.217, 9.997, 10.702, 11.646, 14.002, 16.315, 17.136, 15.836, 16.026, 16.683, 14.758, 13.314, 12.587, 9.826, 9.661, 11.379, 11.542, 10.712, 9.667, 8.484, 7.787, 4.722, 3.001, 2.681, 1.859, 2.434, 3.469, 3.041, 2.347, 2.175, 3.784, 2.782, 2.585, 2.211, 2.312, 3.269, 3.326, 3.241, 3.644, 5.255, 7.989, 8.936, 9.332, 9.521, 10.156, 10.567, 10.233, 10.0, 9.41, 9.296, 9.037, 8.384, 6.284, 4.19, 3.554, 5.197, 6.21, 6.602, 6.509, 5.619, 3.584, 2.628, 3.39, 3.272, 3.348, 4.175, 6.255, 7.826, 8.751, 9.208, 8.869, 7.317, 6.617, 6.339, 6.367, 9.17, 13.157, 15.055, 13.996, 11.818, 11.045, 11.215, 8.567, 7.069, 6.939, 8.082, 8.848, 10.222, 11.432, 10.414, 9.24, 9.063, 9.419, 9.046, 7.598, 9.496, 12.667, 15.556, 17.176, 16.899, 16.682, 14.195, 10.74, 9.281, 8.455, 8.035, 10.057, 12.413, 13.211, 13.025, 11.868, 11.655, 12.613, 13.947, 14.825, 15.957, 16.155, 15.595, 16.179, 17.121, 17.022, 18.024, 18.657, 16.589, 15.122, 15.815, 16.312, 16.769, 15.676, 15.336, 16.257, 16.748, 17.45, 18.728, 20.492, 21.609, 21.363, 21.722, 22.847, 21.443, 18.567, 17.494, 17.919], [3.932, 3.108, 3.154, 3.181, 4.256, 3.963, 2.468, 1.269, 0.0, 2.138, 3.397, 3.451, 3.08, 3.305, 2.397, 2.293, 3.471, 4.199, 4.369, 4.82, 5.778, 6.981, 9.773, 11.494, 11.793, 12.461, 12.698, 13.52, 14.422, 14.464, 13.734, 13.514, 12.191, 10.6, 9.594, 8.058, 5.114, 3.338, 3.763, 3.743, 3.231, 3.06, 4.755, 5.444, 4.496, 3.456, 3.332, 2.192, 2.515, 2.744, 3.064, 3.553, 4.341, 4.484, 6.012, 7.576, 7.794, 7.749, 9.628, 10.932, 11.957, 11.78, 11.023, 10.211, 11.03, 11.764, 12.678, 15.033, 17.326, 18.184, 16.835, 17.003, 17.65, 15.735, 14.305, 13.639, 10.878, 10.663, 12.435, 12.582, 11.775, 10.638, 9.302, 8.549, 5.396, 3.637, 3.159, 2.29, 2.254, 3.148, 2.873, 2.353, 2.25, 2.998, 2.364, 2.279, 2.299, 2.646, 3.906, 4.069, 3.844, 4.097, 5.728, 8.577, 9.551, 9.827, 10.187, 10.996, 11.43, 11.186, 11.046, 10.467, 10.343, 10.073, 9.433, 7.299, 5.084, 4.421, 6.198, 7.261, 7.603, 7.42, 6.399, 4.237, 3.296, 4.186, 3.935, 4.173, 4.917, 7.069, 8.735, 9.787, 10.236, 9.87, 8.306, 7.511, 7.05, 7.197, 10.233, 14.166, 16.032, 14.81, 12.648, 12.044, 12.172, 9.553, 7.693, 7.755, 8.864, 9.791, 11.173, 12.416, 11.427, 10.248, 9.995, 10.38, 9.964, 8.218, 10.133, 13.428, 16.393, 17.959, 17.808, 17.546, 15.18, 11.517, 10.14, 9.305, 8.695, 10.632, 13.1, 13.914, 13.59, 12.484, 12.412, 13.341, 14.639, 15.463, 16.802, 16.916, 16.353, 16.995, 18.053, 18.016, 19.043, 19.717, 17.638, 16.151, 16.847, 17.305, 17.702, 16.648, 16.33, 17.234, 17.736, 18.363, 19.548, 21.333, 22.489, 22.364, 22.768, 23.811, 22.463, 19.542, 18.468, 18.892], [3.401, 3.737, 3.07, 3.431, 4.774, 5.1, 3.91, 3.034, 2.138, 0.0, 1.638, 1.882, 3.732, 4.79, 3.548, 3.041, 4.148, 5.431, 5.939, 6.238, 7.192, 8.282, 10.912, 12.765, 13.06, 13.663, 13.87, 14.895, 15.968, 16.12, 15.246, 15.129, 13.817, 12.124, 11.205, 9.632, 6.393, 4.573, 5.085, 5.079, 3.629, 2.87, 4.597, 4.821, 3.667, 2.591, 3.296, 2.232, 3.177, 3.939, 4.527, 5.07, 5.541, 5.864, 7.529, 9.042, 9.218, 9.101, 11.105, 12.335, 13.377, 13.392, 12.582, 11.841, 12.66, 13.395, 14.343, 16.718, 18.999, 19.849, 18.519, 18.671, 19.305, 17.339, 15.957, 15.265, 12.504, 12.311, 14.083, 14.221, 13.402, 12.213, 10.736, 9.984, 6.737, 4.722, 4.454, 3.923, 3.322, 3.537, 3.532, 3.51, 3.25, 2.466, 2.748, 3.024, 3.128, 3.772, 5.402, 5.503, 5.349, 5.135, 6.439, 9.588, 10.869, 10.809, 11.46, 12.619, 12.999, 12.707, 12.698, 12.116, 11.994, 11.729, 11.083, 8.925, 6.689, 6.069, 7.803, 8.928, 9.251, 9.036, 7.806, 5.932, 5.001, 5.75, 5.444, 5.653, 6.477, 8.554, 10.349, 11.414, 11.872, 11.461, 9.937, 9.073, 8.459, 8.63, 11.874, 15.816, 17.699, 16.304, 14.018, 13.644, 13.821, 11.206, 9.183, 9.29, 10.292, 11.389, 12.839, 14.087, 13.044, 11.88, 11.561, 12.061, 11.588, 9.529, 11.415, 14.9, 17.789, 19.41, 19.407, 19.048, 16.788, 13.061, 11.598, 10.813, 9.749, 11.725, 14.424, 15.337, 15.0, 13.935, 13.768, 14.679, 16.179, 16.616, 18.275, 18.23, 17.762, 18.546, 19.586, 19.664, 20.721, 21.364, 19.291, 17.831, 18.507, 18.952, 19.273, 18.276, 18.016, 18.864, 19.362, 19.895, 21.28, 23.082, 24.085, 23.985, 24.403, 25.429, 24.081, 21.146, 20.095, 20.499], [4.097, 4.422, 3.618, 4.151, 5.069, 5.935, 5.284, 4.168, 3.397, 1.638, 0.0, 1.811, 4.397, 5.405, 4.164, 3.645, 4.627, 6.074, 6.548, 6.833, 7.808, 9.071, 11.451, 13.218, 13.635, 14.229, 14.469, 15.617, 16.633, 16.772, 15.856, 15.753, 14.573, 12.857, 11.942, 10.364, 6.97, 5.25, 5.858, 5.678, 4.296, 3.296, 4.922, 5.014, 3.796, 2.861, 3.844, 2.907, 4.114, 4.886, 5.508, 6.194, 6.529, 6.873, 8.42, 9.869, 10.01, 9.816, 11.752, 12.992, 14.021, 14.013, 13.186, 12.552, 13.395, 14.008, 14.981, 17.415, 19.711, 20.615, 19.238, 19.313, 19.948, 18.054, 16.649, 16.02, 13.238, 12.971, 14.807, 14.955, 13.999, 12.787, 11.396, 10.54, 7.689, 5.717, 5.294, 4.876, 4.461, 4.558, 4.633, 4.455, 4.251, 2.823, 3.209, 3.455, 4.078, 4.709, 6.212, 6.297, 6.089, 5.563, 7.022, 10.132, 11.351, 11.518, 12.125, 13.249, 13.713, 13.539, 13.365, 12.73, 12.616, 12.357, 11.704, 9.533, 7.268, 6.753, 8.446, 9.713, 9.925, 9.674, 8.71, 7.081, 6.045, 6.583, 6.377, 6.521, 7.293, 9.305, 11.079, 12.072, 12.612, 12.133, 10.588, 9.653, 9.183, 9.208, 12.508, 16.452, 18.343, 16.841, 14.806, 14.41, 14.521, 11.935, 10.025, 9.954, 10.934, 12.019, 13.49, 14.782, 13.846, 12.672, 12.251, 12.743, 12.231, 10.119, 12.269, 15.623, 18.455, 20.332, 20.166, 19.679, 17.439, 13.706, 12.235, 11.639, 10.37, 12.359, 15.095, 16.211, 15.836, 14.743, 14.438, 15.488, 17.106, 17.333, 18.977, 18.847, 18.317, 19.298, 20.254, 20.329, 21.365, 22.11, 19.929, 18.507, 19.165, 19.74, 20.103, 19.1, 18.806, 19.505, 19.993, 20.854, 22.157, 23.959, 24.912, 24.736, 25.075, 26.137, 24.866, 21.912, 20.78, 21.131], [4.334, 4.796, 3.951, 4.457, 5.693, 6.276, 5.363, 4.163, 3.451, 1.882, 1.811, 0.0, 2.996, 4.002, 3.041, 2.91, 3.564, 4.871, 5.166, 5.412, 6.407, 7.678, 10.11, 12.007, 12.4, 12.925, 13.097, 14.261, 15.241, 15.354, 14.474, 14.328, 13.168, 11.67, 10.7, 9.141, 5.792, 4.072, 4.498, 4.305, 3.112, 2.364, 3.77, 3.843, 2.844, 1.895, 2.81, 2.57, 4.043, 4.803, 5.437, 6.195, 6.665, 7.003, 7.933, 9.099, 9.082, 8.787, 10.533, 11.929, 12.745, 12.693, 11.883, 11.338, 12.05, 12.564, 13.563, 15.997, 18.293, 19.208, 17.821, 17.872, 18.507, 16.641, 15.234, 14.614, 11.875, 11.578, 13.393, 13.537, 12.554, 11.334, 10.074, 9.597, 7.207, 5.431, 5.156, 4.873, 4.635, 4.795, 4.82, 4.625, 4.436, 3.362, 3.64, 3.688, 4.263, 4.453, 5.13, 5.39, 5.436, 4.621, 5.656, 8.861, 10.051, 10.216, 10.647, 11.831, 12.298, 12.145, 11.947, 11.32, 11.188, 10.913, 10.26, 8.139, 5.989, 5.526, 7.203, 8.832, 8.986, 8.85, 8.382, 7.09, 6.103, 6.104, 5.877, 6.062, 6.391, 8.224, 9.8, 10.654, 11.207, 10.728, 9.181, 8.311, 8.131, 8.272, 11.375, 15.036, 16.909, 15.435, 13.471, 12.99, 13.115, 10.528, 8.648, 8.59, 9.554, 10.581, 12.051, 13.368, 12.454, 11.26, 10.856, 11.327, 10.79, 8.696, 10.899, 14.228, 17.108, 18.997, 18.76, 18.257, 16.014, 12.291, 10.844, 10.257, 8.98, 11.109, 13.866, 14.914, 14.561, 13.467, 13.137, 14.139, 15.724, 16.058, 17.63, 17.564, 17.047, 17.896, 18.854, 18.912, 19.924, 20.692, 18.511, 17.089, 17.747, 18.322, 18.703, 17.701, 17.391, 18.086, 18.54, 19.467, 20.768, 22.564, 23.538, 23.337, 23.671, 24.727, 23.464, 20.505, 19.372, 19.715], [5.527, 4.96, 4.863, 4.873, 6.59, 6.16, 4.326, 2.526, 3.08, 3.732, 4.397, 2.996, 0.0, 1.667, 1.842, 2.365, 2.62, 2.736, 2.887, 3.031, 3.903, 5.188, 7.86, 9.617, 9.954, 10.6, 10.845, 11.698, 12.475, 12.429, 11.743, 11.522, 10.35, 9.197, 8.192, 6.875, 3.865, 2.06, 2.327, 2.138, 1.521, 1.667, 2.708, 3.332, 3.698, 2.93, 2.062, 2.974, 3.916, 3.753, 4.126, 4.597, 5.858, 5.635, 5.954, 7.027, 6.781, 6.508, 8.07, 9.363, 10.085, 9.85, 9.243, 8.55, 9.362, 9.881, 10.673, 13.047, 15.345, 16.242, 14.895, 15.016, 15.662, 13.759, 12.323, 11.762, 9.113, 8.831, 10.425, 10.622, 9.791, 8.641, 7.589, 7.329, 5.167, 4.071, 3.883, 3.5, 4.257, 4.961, 4.431, 3.944, 3.902, 4.527, 3.81, 3.78, 4.074, 3.354, 3.076, 3.347, 3.599, 3.194, 3.937, 6.696, 7.653, 8.104, 8.363, 9.041, 9.514, 9.282, 9.028, 8.598, 8.311, 8.064, 7.434, 5.529, 3.524, 2.963, 4.593, 6.193, 6.25, 6.275, 6.42, 5.407, 4.338, 4.171, 4.209, 4.029, 4.196, 5.628, 7.061, 7.85, 8.372, 7.792, 6.375, 5.673, 5.796, 5.856, 8.745, 12.123, 14.061, 12.873, 10.746, 10.1, 10.223, 7.61, 6.007, 5.941, 6.927, 7.78, 9.197, 10.415, 9.493, 8.297, 7.96, 8.397, 8.011, 6.288, 8.463, 11.575, 14.41, 16.181, 15.883, 15.56, 13.138, 9.603, 8.107, 7.417, 6.616, 8.913, 11.358, 12.202, 12.023, 10.933, 10.582, 11.676, 12.985, 13.773, 14.809, 14.998, 14.464, 15.096, 15.984, 15.986, 17.026, 17.746, 15.599, 14.16, 14.815, 15.399, 15.816, 14.796, 14.474, 15.188, 15.688, 16.526, 17.808, 19.602, 20.598, 20.37, 20.719, 21.796, 20.516, 17.58, 16.453, 16.855], [6.399, 5.204, 5.498, 5.13, 6.768, 5.839, 3.625, 2.769, 3.305, 4.79, 5.405, 4.002, 1.667, 0.0, 1.422, 2.162, 1.939, 1.757, 1.566, 2.073, 3.031, 4.444, 7.079, 8.721, 9.074, 9.747, 10.079, 10.842, 11.573, 11.486, 10.82, 10.604, 9.43, 8.22, 7.192, 5.801, 2.869, 1.675, 1.544, 1.293, 1.756, 2.715, 3.583, 4.134, 4.804, 4.026, 3.183, 3.598, 3.049, 2.687, 3.145, 3.509, 4.675, 4.52, 4.882, 5.989, 5.75, 5.53, 7.057, 8.364, 9.124, 8.955, 8.159, 7.563, 8.33, 8.773, 9.693, 12.124, 14.422, 15.35, 13.981, 14.006, 14.624, 12.845, 11.401, 10.805, 8.092, 7.744, 9.535, 9.707, 8.733, 7.64, 6.628, 6.287, 4.201, 3.09, 2.698, 2.611, 4.148, 4.828, 3.674, 2.995, 3.505, 5.355, 4.047, 3.529, 3.84, 2.689, 1.968, 2.284, 2.529, 2.206, 3.229, 5.914, 6.844, 7.426, 7.499, 8.093, 8.617, 8.471, 8.099, 7.509, 7.324, 7.033, 6.372, 4.406, 2.442, 1.99, 3.479, 5.17, 5.246, 5.233, 5.421, 4.258, 3.276, 3.025, 3.081, 2.985, 3.134, 4.661, 6.106, 6.878, 7.428, 6.898, 5.395, 4.605, 4.801, 4.728, 7.664, 11.142, 13.035, 11.787, 9.856, 9.181, 9.252, 6.66, 5.162, 5.025, 5.954, 6.77, 8.142, 9.48, 8.593, 7.377, 7.101, 7.474, 6.955, 5.396, 7.619, 10.631, 13.496, 15.305, 14.978, 14.512, 12.122, 8.645, 7.184, 6.528, 6.023, 8.116, 10.453, 11.304, 11.182, 10.041, 9.669, 10.756, 12.075, 12.939, 13.91, 14.051, 13.528, 14.164, 15.111, 15.032, 16.018, 16.845, 14.682, 13.223, 13.874, 14.469, 14.981, 13.961, 13.603, 14.29, 14.734, 15.726, 16.955, 18.754, 19.784, 19.485, 19.822, 20.871, 19.61, 16.685, 15.513, 15.867], [5.413, 4.308, 4.282, 4.082, 6.013, 5.258, 3.303, 2.132, 2.397, 3.548, 4.164, 3.041, 1.842, 1.422, 0.0, 0.993, 1.582, 2.215, 2.509, 2.837, 3.853, 5.212, 7.703, 9.589, 9.958, 10.502, 10.681, 11.704, 12.698, 12.72, 11.911, 11.793, 10.634, 9.082, 8.163, 6.65, 3.434, 1.686, 2.013, 1.825, 1.679, 1.939, 3.495, 4.228, 3.928, 3.048, 2.362, 2.494, 2.365, 2.577, 3.012, 3.57, 4.41, 4.451, 5.247, 6.491, 6.492, 6.201, 7.922, 9.227, 10.142, 10.012, 9.146, 8.543, 9.408, 9.94, 10.925, 13.358, 15.656, 16.603, 15.231, 15.247, 15.884, 14.122, 12.681, 12.079, 9.303, 8.941, 10.782, 10.949, 9.963, 8.786, 7.602, 7.05, 4.593, 3.017, 2.751, 2.475, 3.268, 3.73, 3.073, 2.557, 2.74, 4.142, 3.062, 2.723, 3.095, 2.29, 2.501, 2.671, 2.74, 2.32, 3.773, 6.501, 7.604, 7.992, 8.185, 9.229, 9.697, 9.609, 9.333, 8.661, 8.564, 8.264, 7.6, 5.502, 3.439, 2.795, 4.436, 6.018, 6.124, 6.022, 5.849, 4.53, 3.486, 3.465, 3.329, 3.353, 3.596, 5.44, 7.151, 8.09, 8.643, 8.085, 6.616, 5.683, 5.385, 5.49, 8.633, 12.381, 14.311, 12.825, 10.954, 10.418, 10.524, 7.911, 6.094, 6.056, 6.988, 7.975, 9.406, 10.73, 9.845, 8.612, 8.287, 8.699, 8.167, 6.16, 8.42, 11.721, 14.575, 16.425, 16.196, 15.648, 13.335, 9.738, 8.271, 7.689, 6.731, 8.737, 11.399, 12.346, 12.024, 10.984, 10.65, 11.677, 13.151, 13.603, 15.035, 15.047, 14.536, 15.269, 16.277, 16.26, 17.256, 18.087, 15.924, 14.457, 15.108, 15.698, 16.185, 15.166, 14.842, 15.503, 15.97, 16.89, 18.165, 19.968, 20.955, 20.733, 21.063, 22.114, 20.854, 17.929, 16.757, 17.066], [5.273, 4.151, 3.99, 3.881, 5.925, 5.117, 3.336, 2.204, 2.293, 3.041, 3.645, 2.91, 2.365, 2.162, 0.993, 0.0, 1.504, 2.645, 3.17, 3.431, 4.389, 5.641, 8.066, 9.842, 10.207, 10.788, 11.074, 12.126, 13.208, 13.352, 12.44, 12.343, 11.218, 9.585, 8.717, 7.122, 3.761, 1.985, 2.494, 2.414, 1.919, 1.935, 3.505, 4.271, 3.645, 2.7, 2.202, 2.073, 1.976, 2.441, 3.006, 3.54, 4.241, 4.354, 5.446, 6.602, 6.652, 6.439, 8.428, 9.512, 10.496, 10.603, 9.798, 9.16, 10.027, 10.659, 11.564, 13.989, 16.287, 17.179, 15.826, 15.936, 16.568, 14.651, 13.257, 12.647, 9.867, 9.575, 11.369, 11.562, 10.673, 9.502, 8.036, 7.351, 4.718, 2.942, 2.801, 2.732, 3.182, 3.24, 2.635, 2.275, 2.45, 3.696, 2.593, 2.287, 2.777, 2.327, 2.827, 2.836, 3.044, 2.402, 3.909, 6.657, 7.952, 8.081, 8.664, 9.841, 10.278, 10.096, 9.964, 9.342, 9.216, 8.95, 8.3, 6.174, 3.976, 3.326, 5.045, 6.425, 6.586, 6.471, 6.005, 4.738, 3.699, 3.709, 3.525, 3.481, 3.951, 5.824, 7.685, 8.688, 9.229, 8.687, 7.212, 6.278, 5.791, 5.919, 9.189, 13.028, 14.955, 13.465, 11.316, 11.01, 11.153, 8.526, 6.573, 6.552, 7.491, 8.592, 10.088, 11.329, 10.404, 9.221, 8.782, 9.322, 8.84, 6.705, 8.792, 12.176, 14.958, 16.806, 16.708, 16.256, 14.023, 10.271, 8.772, 8.165, 7.095, 8.917, 11.681, 12.656, 12.298, 11.256, 10.992, 12.052, 13.606, 13.889, 15.499, 15.297, 14.89, 15.85, 16.786, 16.883, 17.943, 18.688, 16.515, 15.089, 15.74, 16.33, 16.674, 15.653, 15.37, 16.084, 16.559, 17.334, 18.721, 20.507, 21.448, 21.276, 21.626, 22.675, 21.412, 18.437, 17.317, 17.694], [6.277, 5.291, 4.916, 4.9, 7.05, 5.985, 3.661, 3.28, 3.471, 4.148, 4.627, 3.564, 2.62, 1.939, 1.582, 1.504, 0.0, 1.814, 2.344, 2.547, 3.499, 4.78, 7.176, 9.007, 9.431, 9.99, 10.123, 11.296, 12.322, 12.448, 11.535, 11.43, 10.383, 8.911, 7.993, 6.416, 3.082, 1.935, 2.14, 2.114, 1.917, 2.425, 3.332, 4.024, 4.15, 3.352, 2.689, 2.762, 2.13, 2.538, 3.051, 3.647, 4.216, 4.366, 5.17, 6.277, 6.073, 5.692, 7.63, 8.884, 9.766, 9.699, 8.864, 8.304, 9.2, 9.811, 10.652, 13.085, 15.383, 16.273, 14.924, 15.004, 15.622, 13.737, 12.335, 11.74, 8.954, 8.705, 10.481, 10.704, 9.757, 8.605, 7.318, 6.673, 4.294, 2.863, 2.66, 3.26, 4.186, 3.805, 2.98, 2.677, 3.262, 4.669, 3.78, 3.382, 3.796, 2.749, 2.309, 2.639, 2.769, 2.203, 2.908, 5.854, 7.101, 7.173, 7.809, 8.921, 9.362, 9.233, 9.06, 8.404, 8.288, 8.029, 7.371, 5.288, 3.15, 2.575, 4.296, 5.757, 5.839, 5.714, 5.69, 4.696, 3.696, 3.505, 3.317, 3.343, 3.459, 5.016, 6.79, 7.784, 8.379, 7.805, 6.336, 5.321, 4.969, 5.238, 8.415, 12.108, 14.004, 12.52, 10.526, 10.105, 10.226, 7.629, 5.694, 5.608, 6.579, 7.653, 9.137, 10.424, 9.495, 8.315, 7.895, 8.42, 7.898, 5.766, 7.948, 11.301, 14.154, 16.004, 15.828, 15.311, 13.063, 9.372, 7.879, 7.287, 6.825, 8.031, 10.801, 11.93, 11.575, 10.52, 10.181, 11.219, 12.753, 13.006, 14.647, 14.564, 14.03, 14.947, 15.896, 15.978, 17.001, 17.784, 15.611, 14.185, 14.836, 15.426, 15.804, 14.785, 14.48, 15.174, 15.611, 16.511, 17.807, 19.622, 20.571, 20.388, 20.73, 21.775, 20.519, 17.549, 16.416, 16.757], [7.441, 6.191, 6.267, 6.055, 7.889, 6.721, 4.292, 3.65, 4.199, 5.431, 6.074, 4.871, 2.736, 1.757, 2.215, 2.645, 1.814, 0.0, 1.221, 1.244, 2.015, 3.263, 5.73, 7.556, 7.937, 8.496, 8.683, 9.725, 10.644, 10.754, 9.913, 9.75, 8.744, 7.419, 6.41, 4.863, 1.886, 1.638, 1.48, 1.474, 2.252, 3.227, 3.799, 4.455, 5.537, 4.657, 3.559, 4.257, 2.984, 2.489, 2.647, 3.024, 3.629, 3.55, 4.069, 4.971, 4.687, 4.395, 6.153, 7.449, 8.222, 8.022, 7.287, 6.696, 7.625, 8.227, 8.968, 11.397, 13.693, 14.589, 13.254, 13.358, 13.944, 12.123, 10.673, 10.094, 7.417, 7.171, 8.85, 9.05, 8.148, 7.015, 5.823, 5.324, 3.133, 2.197, 2.171, 3.366, 5.068, 5.133, 3.796, 3.085, 4.21, 5.996, 4.975, 4.318, 4.602, 3.476, 1.921, 1.703, 1.709, 1.569, 2.202, 4.563, 5.793, 6.16, 6.439, 7.231, 7.707, 7.552, 7.355, 6.751, 6.608, 6.398, 5.727, 3.718, 1.788, 1.851, 2.978, 4.26, 4.384, 4.278, 4.456, 3.749, 3.01, 2.298, 2.365, 2.397, 2.251, 3.609, 5.112, 6.115, 6.727, 6.21, 4.709, 3.767, 3.566, 3.864, 6.854, 10.464, 12.336, 10.968, 8.979, 8.424, 8.571, 5.942, 4.113, 4.078, 5.041, 6.033, 7.465, 8.767, 7.832, 6.711, 6.276, 6.724, 6.232, 4.297, 6.397, 9.626, 12.572, 14.431, 14.168, 13.719, 11.451, 7.708, 6.323, 5.683, 5.676, 6.746, 9.395, 10.367, 10.022, 8.961, 8.703, 9.633, 11.135, 11.587, 13.068, 13.047, 12.563, 13.333, 14.253, 14.317, 15.342, 16.092, 13.912, 12.49, 13.148, 13.727, 14.108, 13.093, 12.813, 13.489, 13.982, 14.863, 16.136, 17.937, 18.947, 18.713, 19.047, 20.134, 18.848, 15.906, 14.784, 15.158], [7.641, 6.359, 6.641, 6.315, 7.806, 6.514, 3.923, 3.677, 4.369, 5.939, 6.548, 5.166, 2.887, 1.566, 2.509, 3.17, 2.344, 1.221, 0.0, 1.043, 1.939, 3.579, 5.893, 7.358, 7.701, 8.382, 8.782, 9.559, 10.266, 10.273, 9.54, 9.33, 8.211, 6.958, 5.924, 4.499, 1.837, 2.026, 1.675, 1.691, 2.74, 3.764, 4.493, 5.049, 5.954, 5.136, 4.236, 4.782, 3.38, 2.487, 2.373, 2.482, 3.448, 3.285, 3.671, 4.714, 4.406, 4.14, 5.788, 7.08, 7.86, 7.645, 6.856, 6.281, 7.082, 7.592, 8.482, 10.915, 13.211, 14.15, 12.751, 12.787, 13.421, 11.667, 10.198, 9.587, 6.916, 6.594, 8.335, 8.496, 7.522, 6.459, 5.359, 4.965, 2.9, 2.715, 2.399, 3.04, 4.991, 5.521, 4.345, 3.277, 4.09, 6.455, 5.227, 4.417, 4.361, 3.107, 1.427, 1.655, 1.434, 1.921, 2.768, 4.745, 6.05, 6.801, 6.954, 6.887, 7.357, 7.184, 6.87, 6.236, 6.122, 5.853, 5.169, 3.141, 1.412, 1.309, 2.363, 3.929, 4.011, 3.886, 4.144, 3.145, 2.378, 1.92, 2.118, 2.116, 1.903, 3.337, 4.759, 5.603, 6.205, 5.714, 4.22, 3.36, 3.384, 3.427, 6.395, 9.96, 11.834, 10.5, 8.633, 7.939, 8.071, 5.503, 3.917, 3.757, 4.658, 5.543, 6.954, 8.299, 7.406, 6.25, 5.881, 6.257, 5.727, 4.381, 6.448, 9.339, 12.229, 14.068, 13.752, 13.275, 10.935, 7.329, 5.931, 5.511, 6.215, 7.14, 9.18, 10.144, 9.939, 8.699, 8.34, 9.388, 10.778, 11.639, 12.684, 12.742, 12.222, 12.912, 13.878, 13.847, 14.824, 15.613, 13.442, 12.008, 12.666, 13.241, 13.703, 12.687, 12.36, 13.033, 13.503, 14.488, 15.735, 17.532, 18.556, 18.286, 18.615, 19.672, 18.42, 15.485, 14.32, 14.677], [8.088, 6.807, 6.953, 6.745, 8.376, 7.083, 4.462, 4.152, 4.82, 6.238, 6.833, 5.412, 3.031, 2.073, 2.837, 3.431, 2.547, 1.244, 1.043, 0.0, 1.621, 3.348, 5.402, 6.907, 7.281, 7.84, 8.203, 9.097, 9.897, 9.953, 9.126, 8.992, 8.036, 6.897, 5.93, 4.482, 1.503, 2.102, 1.656, 1.715, 2.901, 3.988, 4.401, 5.011, 6.148, 5.414, 4.326, 5.056, 3.664, 2.824, 2.891, 2.792, 3.612, 3.508, 3.855, 4.745, 4.29, 4.064, 5.755, 6.949, 7.607, 7.423, 6.735, 6.234, 7.039, 7.516, 8.203, 10.596, 12.892, 13.833, 12.471, 12.571, 13.151, 11.402, 9.92, 9.36, 6.776, 6.485, 8.062, 8.284, 7.392, 6.25, 5.16, 4.896, 3.022, 2.811, 2.832, 3.51, 5.5, 5.806, 4.584, 3.679, 4.531, 6.725, 5.549, 4.822, 4.709, 3.46, 1.719, 2.107, 1.798, 2.274, 2.554, 4.269, 5.705, 6.48, 6.7, 6.653, 6.961, 6.817, 6.592, 6.08, 5.882, 5.639, 4.987, 3.068, 1.49, 1.532, 2.523, 3.926, 4.037, 3.908, 4.176, 3.479, 2.908, 2.194, 2.291, 2.152, 2.024, 3.207, 4.626, 5.415, 6.061, 5.417, 4.002, 3.102, 3.143, 3.497, 6.4, 9.661, 11.554, 10.163, 8.237, 7.641, 7.801, 5.342, 3.435, 3.33, 4.319, 5.277, 6.665, 7.974, 7.078, 5.908, 5.527, 5.929, 5.43, 3.909, 6.034, 8.939, 11.809, 13.667, 13.428, 12.919, 10.631, 6.948, 5.567, 5.421, 5.907, 6.799, 8.9, 9.859, 9.551, 8.274, 8.005, 8.977, 10.426, 11.035, 12.276, 12.34, 11.818, 12.525, 13.513, 13.514, 14.534, 15.292, 13.125, 11.71, 12.347, 12.941, 13.412, 12.415, 12.07, 12.707, 13.2, 14.126, 15.388, 17.192, 18.191, 17.959, 18.292, 19.343, 18.086, 15.154, 13.988, 14.333], [9.131, 7.832, 7.96, 7.807, 9.389, 8.082, 5.505, 5.087, 5.778, 7.192, 7.808, 6.407, 3.903, 3.031, 3.853, 4.389, 3.499, 2.015, 1.939, 1.621, 0.0, 2.373, 4.262, 5.879, 6.188, 6.787, 7.103, 7.973, 8.956, 9.035, 8.248, 8.098, 7.138, 6.467, 5.464, 3.994, 1.712, 2.755, 2.28, 2.318, 3.712, 4.95, 4.931, 5.645, 7.032, 6.314, 5.149, 5.938, 4.598, 3.723, 3.503, 3.64, 3.864, 3.725, 4.107, 4.732, 3.985, 3.806, 5.424, 6.522, 7.208, 7.009, 6.514, 5.989, 6.647, 6.848, 7.425, 9.7, 11.955, 12.815, 11.553, 11.631, 12.273, 10.346, 9.092, 8.559, 6.101, 5.825, 7.028, 7.278, 6.568, 5.499, 4.507, 4.546, 2.864, 3.262, 3.456, 4.626, 6.512, 6.758, 5.477, 4.563, 5.522, 7.727, 6.551, 5.788, 5.775, 4.607, 2.837, 2.468, 2.322, 2.544, 2.518, 3.175, 4.53, 5.227, 5.39, 5.697, 5.937, 5.861, 5.939, 5.584, 5.21, 4.777, 4.325, 2.866, 1.914, 2.392, 3.227, 3.637, 3.789, 3.803, 4.137, 4.187, 3.605, 2.458, 2.893, 2.867, 2.489, 2.96, 4.303, 4.939, 5.422, 4.701, 3.322, 2.659, 2.709, 3.462, 6.077, 8.741, 10.651, 9.202, 7.217, 6.723, 6.913, 4.537, 2.55, 2.485, 3.297, 4.34, 5.775, 7.008, 6.092, 5.05, 4.561, 5.081, 4.572, 3.215, 4.848, 7.933, 10.89, 12.675, 12.438, 11.991, 9.707, 6.013, 4.654, 4.274, 4.911, 5.518, 7.716, 8.669, 8.342, 7.237, 7.013, 8.028, 9.391, 9.935, 11.321, 11.284, 10.765, 11.572, 12.582, 12.57, 13.633, 14.356, 12.228, 10.91, 11.421, 11.997, 12.542, 11.52, 11.077, 11.807, 12.307, 13.139, 14.39, 16.206, 17.204, 16.959, 17.299, 18.393, 17.072, 14.159, 13.023, 13.408], [10.397, 9.117, 9.257, 9.035, 10.682, 9.462, 6.994, 6.398, 6.981, 8.282, 9.071, 7.678, 5.188, 4.444, 5.212, 5.641, 4.78, 3.263, 3.579, 3.348, 2.373, 0.0, 2.89, 4.695, 4.989, 5.622, 5.905, 6.761, 7.744, 7.915, 7.079, 6.915, 5.961, 5.297, 4.429, 2.994, 3.248, 4.0, 3.572, 3.684, 4.83, 5.981, 5.868, 6.705, 8.173, 7.507, 6.264, 7.086, 5.815, 5.218, 4.808, 5.27, 5.358, 5.134, 5.196, 4.837, 3.94, 3.89, 4.69, 5.489, 6.036, 5.828, 5.459, 5.633, 6.199, 5.994, 6.228, 8.5, 10.793, 11.628, 10.371, 10.571, 11.131, 9.182, 7.84, 7.301, 4.826, 4.658, 5.976, 6.198, 5.45, 4.341, 3.199, 3.961, 3.728, 4.582, 4.85, 6.181, 7.889, 7.985, 6.636, 5.949, 6.985, 8.952, 7.834, 7.072, 7.209, 6.221, 4.424, 3.739, 3.911, 3.704, 2.787, 1.903, 3.275, 3.402, 3.86, 4.423, 4.84, 4.494, 4.591, 4.267, 3.964, 3.7, 3.111, 2.647, 3.179, 4.061, 5.096, 4.231, 3.719, 3.64, 4.945, 5.944, 5.321, 4.079, 4.481, 4.562, 4.122, 3.375, 3.498, 4.091, 4.248, 3.605, 2.94, 2.398, 2.842, 4.321, 5.185, 7.656, 9.51, 8.173, 5.915, 5.49, 5.675, 3.155, 1.56, 1.604, 2.234, 3.236, 4.677, 5.868, 4.947, 4.162, 3.443, 3.871, 3.434, 2.333, 3.415, 6.694, 9.665, 11.359, 11.203, 10.914, 8.612, 4.849, 3.485, 2.897, 3.545, 3.861, 6.454, 7.307, 7.03, 5.914, 5.761, 6.721, 8.091, 8.663, 10.132, 10.15, 9.634, 10.403, 11.35, 11.463, 12.516, 13.192, 11.079, 9.677, 10.317, 10.822, 11.19, 10.081, 9.809, 10.665, 11.139, 11.789, 13.161, 14.964, 15.995, 15.796, 16.183, 17.223, 15.893, 12.942, 11.903, 12.315], [12.964, 11.734, 11.675, 11.602, 13.394, 12.217, 9.686, 9.197, 9.773, 10.912, 11.451, 10.11, 7.86, 7.079, 7.703, 8.066, 7.176, 5.73, 5.893, 5.402, 4.262, 2.89, 0.0, 2.069, 2.352, 2.904, 3.199, 4.199, 5.207, 5.353, 4.489, 4.446, 4.237, 4.229, 3.533, 3.37, 5.098, 6.548, 6.206, 6.21, 7.433, 8.569, 8.461, 9.221, 10.712, 10.001, 8.853, 9.663, 8.3, 7.492, 6.991, 7.016, 6.899, 6.437, 6.246, 5.4, 4.733, 4.527, 4.986, 5.017, 5.091, 4.897, 4.952, 5.764, 6.172, 5.512, 5.037, 6.399, 8.292, 9.216, 8.17, 8.162, 8.655, 6.927, 5.846, 5.336, 3.766, 3.263, 3.624, 3.919, 3.329, 3.054, 3.207, 3.993, 5.119, 7.061, 7.325, 8.671, 10.523, 10.449, 9.16, 8.402, 9.482, 11.341, 10.344, 9.715, 9.795, 8.744, 6.9, 6.459, 6.244, 6.11, 4.92, 1.782, 2.322, 2.662, 2.704, 2.612, 2.448, 2.274, 2.898, 3.013, 2.323, 2.574, 2.706, 3.885, 5.253, 6.53, 6.478, 5.524, 4.855, 4.737, 6.087, 7.625, 7.177, 6.432, 6.398, 6.725, 5.828, 4.412, 3.854, 3.934, 3.895, 3.557, 4.054, 3.398, 3.845, 5.13, 4.633, 5.35, 6.95, 5.51, 3.421, 3.259, 3.482, 2.178, 2.8, 2.888, 2.051, 2.106, 2.857, 3.475, 3.662, 3.296, 2.384, 2.897, 2.075, 2.351, 1.503, 4.194, 7.028, 8.914, 8.744, 8.272, 6.044, 2.6, 2.191, 2.834, 3.029, 2.448, 4.264, 5.097, 4.534, 3.499, 3.639, 4.437, 5.665, 6.034, 7.552, 7.472, 6.989, 7.877, 8.821, 8.91, 9.945, 10.691, 8.734, 7.586, 7.816, 8.361, 9.031, 8.274, 7.547, 8.093, 8.585, 9.408, 10.735, 12.54, 13.492, 13.314, 13.658, 14.714, 13.447, 10.49, 9.361, 9.724], [14.862, 13.44, 13.551, 13.512, 15.05, 13.725, 11.133, 10.784, 11.494, 12.765, 13.218, 12.007, 9.617, 8.721, 9.589, 9.842, 9.007, 7.556, 7.358, 6.907, 5.879, 4.695, 2.069, 0.0, 0.978, 1.496, 1.997, 2.697, 3.619, 3.785, 2.934, 2.941, 3.207, 3.327, 3.081, 3.936, 6.553, 8.298, 7.824, 7.919, 9.265, 10.328, 10.037, 10.796, 12.288, 11.595, 10.514, 11.385, 10.083, 9.113, 8.735, 8.303, 8.162, 7.665, 6.469, 5.3, 4.765, 4.572, 5.036, 4.8, 4.701, 4.69, 4.796, 5.752, 6.122, 5.17, 4.819, 5.003, 6.716, 7.694, 6.584, 6.692, 7.168, 5.387, 4.281, 3.788, 3.541, 3.099, 2.412, 2.673, 3.007, 2.986, 3.558, 4.188, 6.342, 8.547, 8.822, 10.171, 12.1, 12.303, 10.802, 9.89, 10.926, 13.135, 11.86, 11.094, 11.201, 10.11, 8.258, 7.802, 7.769, 7.738, 6.69, 3.327, 2.856, 3.417, 3.37, 2.634, 2.173, 1.987, 2.362, 2.99, 2.607, 2.913, 3.585, 5.18, 6.784, 7.923, 7.519, 6.37, 5.838, 5.766, 6.941, 8.835, 8.708, 7.802, 7.761, 7.996, 7.038, 5.245, 4.248, 4.058, 3.858, 4.109, 4.858, 4.683, 5.001, 5.788, 4.258, 3.812, 5.443, 3.995, 1.99, 2.166, 2.407, 3.131, 4.186, 4.164, 3.374, 3.182, 3.301, 3.273, 3.802, 3.951, 3.104, 3.291, 2.784, 3.622, 1.746, 2.67, 5.314, 7.188, 7.121, 6.69, 4.631, 2.423, 2.884, 3.459, 3.966, 2.798, 3.078, 3.851, 3.157, 1.902, 1.962, 2.892, 4.012, 4.437, 5.988, 5.663, 5.28, 6.297, 7.186, 7.329, 8.369, 9.114, 7.123, 5.974, 6.309, 6.835, 7.457, 6.662, 5.985, 6.559, 7.031, 7.74, 9.145, 10.947, 11.879, 11.708, 12.06, 13.111, 11.846, 8.866, 7.756, 8.111], [15.222, 13.807, 13.96, 13.876, 15.35, 13.997, 11.375, 11.061, 11.793, 13.06, 13.635, 12.4, 9.954, 9.074, 9.958, 10.207, 9.431, 7.937, 7.701, 7.281, 6.188, 4.989, 2.352, 0.978, 0.0, 1.135, 1.928, 2.394, 3.289, 3.516, 2.834, 2.791, 3.348, 3.564, 3.322, 4.016, 6.915, 8.6, 8.109, 8.286, 9.557, 10.615, 10.347, 11.123, 12.622, 11.91, 10.798, 11.69, 10.441, 9.435, 9.069, 8.565, 8.442, 7.924, 6.539, 5.421, 4.82, 4.656, 5.1, 4.931, 4.985, 4.975, 5.078, 5.936, 6.328, 5.546, 5.185, 5.077, 6.424, 7.324, 6.562, 6.563, 7.017, 5.222, 4.216, 3.734, 3.713, 3.345, 2.357, 2.499, 3.056, 3.153, 3.697, 4.315, 6.589, 8.848, 9.139, 10.503, 12.395, 12.633, 11.145, 10.206, 11.234, 13.548, 12.24, 11.421, 11.417, 10.386, 8.496, 8.029, 8.095, 8.136, 7.061, 3.648, 2.896, 3.324, 3.159, 2.439, 1.884, 2.086, 2.538, 3.197, 2.882, 3.263, 3.886, 5.481, 7.12, 8.192, 7.683, 6.477, 5.98, 5.92, 7.053, 9.032, 9.009, 8.029, 7.99, 8.204, 7.23, 5.378, 4.427, 4.177, 3.956, 4.246, 5.052, 4.998, 5.232, 5.982, 4.621, 3.823, 5.13, 3.685, 1.744, 2.303, 2.491, 3.398, 4.444, 4.44, 3.651, 3.276, 3.282, 3.044, 3.547, 3.894, 3.072, 3.445, 3.02, 4.026, 1.999, 2.376, 5.017, 6.776, 6.721, 6.357, 4.431, 2.408, 2.952, 3.324, 4.081, 2.584, 2.945, 3.638, 2.938, 1.774, 1.884, 2.808, 3.595, 4.183, 5.654, 5.31, 4.909, 5.937, 6.876, 6.988, 8.055, 8.759, 7.106, 5.981, 6.179, 6.666, 7.392, 6.532, 5.825, 6.296, 6.748, 7.356, 8.749, 10.551, 11.519, 11.337, 11.703, 12.752, 11.453, 8.491, 7.412, 7.789], [15.771, 14.408, 14.493, 14.433, 16.025, 14.701, 12.09, 11.785, 12.461, 13.663, 14.229, 12.925, 10.6, 9.747, 10.502, 10.788, 9.99, 8.496, 8.382, 7.84, 6.787, 5.622, 2.904, 1.496, 1.135, 0.0, 1.197, 1.636, 2.642, 2.881, 2.405, 2.269, 3.383, 3.711, 3.794, 4.748, 7.507, 9.231, 8.775, 8.902, 10.175, 11.264, 11.098, 11.85, 13.341, 12.634, 11.486, 12.348, 11.02, 10.079, 9.704, 9.306, 9.149, 8.661, 7.252, 5.939, 5.693, 5.366, 5.261, 5.08, 4.88, 4.842, 5.041, 6.24, 6.218, 5.378, 5.034, 4.859, 5.65, 6.671, 5.813, 5.8, 6.247, 4.552, 3.512, 3.331, 3.927, 3.485, 2.455, 2.706, 3.48, 3.573, 4.417, 5.015, 7.353, 9.529, 9.846, 11.163, 13.087, 13.199, 11.794, 10.882, 11.944, 14.113, 12.946, 12.189, 12.176, 11.078, 9.222, 8.812, 8.738, 8.772, 7.674, 4.317, 3.388, 4.067, 3.567, 2.852, 2.236, 2.644, 2.915, 3.857, 3.505, 3.873, 4.583, 6.172, 7.789, 8.896, 8.383, 7.233, 6.699, 6.614, 7.783, 9.762, 9.687, 8.748, 8.692, 8.966, 7.997, 6.129, 5.133, 4.486, 4.413, 4.918, 5.767, 5.687, 5.927, 6.684, 4.48, 3.406, 4.358, 2.947, 1.666, 2.129, 2.717, 4.107, 5.151, 5.203, 4.354, 3.937, 3.953, 3.39, 3.986, 4.444, 3.819, 4.097, 3.721, 4.606, 2.577, 2.134, 4.346, 6.159, 6.106, 5.618, 3.948, 2.762, 3.386, 3.786, 4.543, 2.922, 2.832, 3.401, 2.74, 1.638, 1.403, 2.362, 3.01, 3.574, 5.11, 4.727, 4.239, 5.215, 6.142, 6.259, 7.311, 8.029, 6.359, 5.251, 5.419, 5.913, 6.653, 5.865, 5.106, 5.509, 6.016, 6.668, 8.068, 9.87, 10.813, 10.635, 10.989, 12.031, 10.771, 7.791, 6.689, 7.075], [16.027, 14.801, 14.719, 14.637, 16.365, 15.085, 12.475, 12.071, 12.698, 13.87, 14.469, 13.097, 10.845, 10.079, 10.681, 11.074, 10.123, 8.683, 8.782, 8.203, 7.103, 5.905, 3.199, 1.997, 1.928, 1.197, 0.0, 1.493, 2.469, 2.729, 2.286, 2.2, 3.399, 3.731, 4.131, 5.242, 8.036, 9.537, 9.179, 9.259, 10.525, 11.53, 11.355, 12.197, 13.623, 12.982, 11.754, 12.537, 11.182, 10.545, 10.005, 9.854, 9.682, 9.137, 7.798, 6.571, 6.303, 5.986, 5.877, 5.669, 5.147, 5.013, 5.473, 6.704, 6.3, 5.388, 5.004, 4.699, 5.362, 6.37, 5.5, 5.568, 6.001, 4.376, 3.323, 3.178, 4.272, 3.832, 2.754, 3.102, 4.039, 4.108, 4.993, 5.552, 7.956, 9.973, 10.369, 11.646, 13.476, 13.385, 12.089, 11.426, 12.418, 14.425, 13.426, 12.717, 12.685, 11.461, 9.667, 9.33, 9.061, 9.222, 7.812, 4.616, 3.731, 4.274, 3.655, 3.109, 2.586, 3.095, 3.33, 4.33, 3.955, 4.3, 5.034, 6.665, 8.215, 9.287, 8.838, 7.589, 7.115, 7.111, 8.414, 10.191, 10.032, 9.168, 9.154, 9.519, 8.418, 6.651, 5.559, 4.888, 4.837, 5.387, 6.184, 6.101, 6.298, 7.321, 4.5