[[0.0, 1.942, 2.86, 3.747, 4.066, 3.759, 3.973, 4.458, 7.334, 9.37, 10.256, 10.498, 14.378, 14.884, 11.853, 13.17, 15.651, 15.767, 13.853, 14.434, 16.669, 19.228, 21.085, 19.862, 23.282, 22.407, 19.886, 18.739, 13.504, 6.728, 5.36, 4.232, 3.698, 7.224, 10.222, 11.37, 10.797, 8.934, 9.725, 8.591, 7.316, 6.67, 6.105, 6.447, 5.893, 6.547, 10.349, 10.173, 7.781, 8.109, 9.92, 10.673], [1.942, 0.0, 1.82, 3.072, 2.913, 2.675, 2.822, 4.164, 7.979, 9.999, 10.869, 11.113, 15.019, 15.495, 12.469, 13.81, 16.311, 16.508, 14.653, 15.261, 17.398, 19.872, 21.723, 20.496, 23.89, 23.05, 20.541, 19.401, 14.212, 7.383, 6.023, 4.939, 4.347, 7.872, 10.872, 12.021, 11.612, 9.812, 10.44, 9.313, 8.016, 7.377, 7.023, 7.313, 7.072, 7.817, 11.37, 10.887, 8.708, 8.754, 10.623, 11.311], [2.86, 1.82, 0.0, 1.772, 2.205, 2.597, 2.856, 3.38, 6.568, 8.57, 9.39, 9.628, 13.543, 14.001, 11.017, 12.389, 14.987, 15.367, 13.818, 14.582, 16.258, 18.52, 20.314, 19.135, 22.433, 21.601, 19.175, 18.107, 13.085, 6.568, 4.865, 4.101, 3.308, 6.466, 9.538, 10.595, 10.601, 8.916, 9.544, 8.553, 7.061, 6.344, 6.133, 6.457, 6.729, 7.52, 10.566, 9.934, 7.859, 7.68, 9.376, 9.921], [3.747, 3.072, 1.772, 0.0, 1.835, 2.287, 2.539, 2.804, 5.252, 7.217, 7.991, 8.168, 12.113, 12.574, 9.567, 11.004, 13.61, 14.019, 12.592, 13.486, 14.782, 17.059, 18.79, 17.641, 20.965, 20.168, 17.8, 16.778, 12.005, 5.691, 4.175, 3.532, 3.236, 5.076, 8.189, 9.192, 9.283, 7.797, 8.466, 7.51, 6.003, 5.155, 4.918, 5.359, 5.674, 6.479, 9.469, 8.79, 6.719, 6.563, 8.083, 8.598], [4.066, 2.913, 2.205, 1.835, 0.0, 1.379, 1.404, 2.192, 5.676, 7.686, 8.508, 8.771, 12.681, 13.136, 10.116, 11.497, 13.992, 14.147, 12.367, 13.246, 15.097, 17.575, 19.355, 18.153, 21.535, 20.72, 18.265, 17.142, 12.022, 5.748, 4.698, 4.239, 4.012, 5.596, 8.595, 9.711, 9.129, 7.425, 8.221, 7.108, 5.63, 5.029, 4.752, 4.953, 5.179, 6.05, 9.001, 8.446, 6.327, 6.482, 8.245, 9.007], [3.759, 2.675, 2.597, 2.287, 1.379, 0.0, 0.929, 2.515, 6.315, 8.272, 9.11, 9.363, 13.276, 13.725, 10.697, 12.099, 14.657, 14.832, 12.879, 13.489, 15.709, 18.166, 19.991, 18.731, 22.138, 21.352, 18.883, 17.742, 12.479, 6.233, 5.408, 4.873, 4.582, 6.173, 9.148, 10.322, 9.833, 7.981, 8.763, 7.635, 6.292, 5.443, 4.897, 5.283, 5.229, 6.024, 9.434, 9.13, 6.806, 7.118, 8.905, 9.622], [3.973, 2.822, 2.856, 2.539, 1.404, 0.929, 0.0, 2.234, 6.085, 8.068, 8.913, 9.164, 13.058, 13.533, 10.5, 11.871, 14.405, 14.556, 12.567, 13.217, 15.41, 17.936, 19.765, 18.528, 21.917, 21.1, 18.622, 17.521, 12.286, 6.332, 5.542, 5.019, 4.792, 5.94, 8.92, 10.089, 9.55, 7.712, 8.474, 7.446, 6.089, 5.221, 4.717, 5.104, 5.19, 5.93, 9.194, 8.84, 6.533, 6.857, 8.601, 9.396], [4.458, 4.164, 3.38, 2.804, 2.192, 2.515, 2.234, 0.0, 3.972, 5.97, 6.851, 7.087, 10.991, 11.473, 8.445, 9.796, 12.284, 12.452, 10.706, 11.384, 13.346, 15.855, 17.687, 16.447, 19.872, 19.03, 16.522, 15.403, 10.382, 6.102, 5.221, 4.74, 4.551, 4.745, 6.835, 8.006, 7.539, 5.807, 6.568, 6.641, 5.183, 3.63, 3.409, 3.736, 4.75, 4.987, 7.42, 6.856, 4.978, 4.93, 6.532, 7.527], [7.334, 7.979, 6.568, 5.252, 5.676, 6.315, 6.085, 3.972, 0.0, 2.198, 2.929, 3.396, 7.056, 7.556, 4.609, 5.942, 8.755, 9.809, 9.4, 9.858, 10.667, 12.223, 13.874, 12.679, 15.956, 15.086, 12.835, 11.997, 8.489, 5.648, 4.668, 4.747, 4.557, 2.824, 3.461, 4.292, 5.016, 4.51, 5.286, 5.97, 4.538, 3.059, 3.186, 3.571, 4.507, 4.54, 5.608, 4.693, 4.186, 3.803, 4.144, 5.217], [9.37, 9.999, 8.57, 7.217, 7.686, 8.272, 8.068, 5.97, 2.198, 0.0, 1.438, 2.332, 5.089, 5.524, 2.763, 4.034, 7.136, 8.246, 8.003, 8.245, 8.935, 10.311, 12.003, 10.783, 13.958, 13.159, 11.019, 10.164, 6.952, 5.471, 5.284, 5.852, 6.088, 2.829, 1.863, 2.696, 3.403, 3.412, 3.957, 4.865, 3.896, 3.19, 3.756, 3.917, 5.004, 4.11, 4.299, 3.253, 3.284, 3.182, 2.852, 3.861], [10.256, 10.869, 9.39, 7.991, 8.508, 9.11, 8.913, 6.851, 2.929, 1.438, 0.0, 1.462, 4.38, 4.667, 2.42, 3.649, 7.204, 8.549, 8.215, 8.461, 9.147, 10.209, 11.44, 10.247, 13.161, 12.639, 10.725, 10.075, 7.221, 6.494, 6.136, 6.599, 6.904, 3.646, 2.095, 2.766, 3.722, 4.082, 4.31, 5.408, 4.91, 4.207, 4.706, 4.949, 5.947, 5.108, 4.707, 3.668, 4.216, 4.178, 3.462, 4.334], [10.498, 11.113, 9.628, 8.168, 8.771, 9.363, 9.164, 7.087, 3.396, 2.332, 1.462, 0.0, 4.152, 4.68, 3.11, 4.113, 7.791, 9.269, 9.067, 9.092, 9.738, 10.702, 11.319, 10.539, 13.02, 12.532, 11.047, 10.586, 7.915, 7.621, 7.339, 7.701, 7.611, 4.684, 3.205, 3.647, 4.607, 5.038, 5.297, 6.32, 5.986, 5.147, 5.595, 5.696, 6.851, 6.138, 5.482, 4.428, 5.08, 4.992, 4.401, 5.327], [14.378, 15.019, 13.543, 12.113, 12.681, 13.276, 13.058, 10.991, 7.056, 5.089, 4.38, 4.152, 0.0, 3.147, 3.853, 3.871, 6.799, 8.506, 9.063, 8.736, 8.702, 8.819, 7.946, 7.735, 9.237, 8.643, 7.653, 8.077, 7.056, 9.273, 9.545, 10.284, 10.804, 7.365, 5.037, 4.478, 5.548, 6.682, 6.499, 7.918, 7.899, 8.077, 8.618, 8.643, 9.999, 8.629, 6.36, 5.983, 7.408, 6.997, 5.866, 6.215], [14.884, 15.495, 14.001, 12.574, 13.136, 13.725, 13.533, 11.473, 7.556, 5.524, 4.667, 4.68, 3.147, 0.0, 3.11, 2.55, 4.314, 5.937, 6.93, 6.428, 6.145, 6.72, 7.371, 6.518, 8.916, 8.543, 7.074, 6.529, 4.904, 8.414, 9.819, 10.783, 11.286, 7.669, 4.802, 3.725, 4.753, 6.319, 5.734, 7.178, 7.898, 8.374, 8.98, 9.011, 10.441, 9.037, 5.3, 5.389, 7.423, 6.873, 5.236, 4.931], [11.853, 12.469, 11.017, 9.567, 10.116, 10.697, 10.5, 8.445, 4.609, 2.763, 2.42, 3.11, 3.853, 3.11, 0.0, 2.258, 5.158, 6.432, 6.202, 6.25, 6.962, 8.355, 9.841, 8.581, 11.534, 11.111, 9.145, 8.398, 5.108, 6.11, 6.924, 7.782, 8.28, 4.789, 2.467, 1.501, 2.302, 3.414, 3.274, 4.668, 5.088, 5.337, 5.932, 5.984, 7.414, 6.01, 3.192, 2.748, 4.417, 3.908, 2.537, 2.947], [13.17, 13.81, 12.389, 11.004, 11.497, 12.099, 11.871, 9.796, 5.942, 4.034, 3.649, 4.113, 3.871, 2.55, 2.258, 0.0, 4.025, 5.507, 5.739, 5.457, 5.912, 6.84, 8.074, 7.025, 10.122, 9.306, 7.258, 6.539, 4.178, 6.616, 8.097, 9.061, 9.565, 6.02, 3.013, 2.03, 2.78, 4.58, 3.719, 5.129, 6.164, 6.767, 7.367, 7.313, 8.743, 7.323, 3.598, 3.466, 5.692, 5.155, 3.389, 2.759], [15.651, 16.311, 14.987, 13.61, 13.992, 14.657, 14.405, 12.284, 8.755, 7.136, 7.204, 7.791, 6.799, 4.314, 5.158, 4.025, 0.0, 1.783, 3.339, 2.736, 2.328, 3.808, 5.501, 4.387, 7.745, 6.892, 4.468, 3.818, 2.41, 9.034, 10.601, 11.509, 12.067, 8.797, 6.033, 4.981, 5.207, 7.031, 6.098, 7.432, 8.64, 9.344, 9.941, 9.794, 11.215, 9.805, 5.69, 5.961, 8.157, 7.711, 5.988, 5.188], [15.767, 16.508, 15.367, 14.019, 14.147, 14.832, 14.556, 12.452, 9.809, 8.246, 8.549, 9.269, 8.506, 5.937, 6.432, 5.507, 1.783, 0.0, 2.477, 2.031, 1.701, 3.8, 5.782, 4.738, 7.931, 7.145, 4.549, 4.025, 2.701, 9.224, 10.868, 11.599, 12.291, 9.446, 6.914, 6.111, 5.416, 7.064, 6.206, 7.519, 8.694, 9.524, 10.115, 9.83, 11.244, 9.871, 5.721, 6.285, 8.193, 7.882, 6.344, 5.765], [13.853, 14.653, 13.818, 12.592, 12.367, 12.879, 12.567, 10.706, 9.4, 8.003, 8.215, 9.067, 9.063, 6.93, 6.202, 5.739, 3.339, 2.477, 0.0, 1.619, 3.391, 5.624, 7.515, 6.377, 9.698, 8.87, 6.389, 5.712, 2.743, 7.452, 9.436, 10.069, 10.746, 8.294, 6.408, 5.671, 4.862, 5.601, 4.539, 5.692, 6.891, 7.671, 8.117, 8.051, 9.273, 7.859, 4.422, 5.466, 6.522, 6.485, 5.699, 4.714], [14.434, 15.261, 14.582, 13.486, 13.246, 13.489, 13.217, 11.384, 9.858, 8.245, 8.461, 9.092, 8.736, 6.428, 6.25, 5.457, 2.736, 2.031, 1.619, 0.0, 2.837, 5.065, 7.009, 5.856, 9.039, 8.255, 5.921, 5.364, 2.642, 8.166, 10.3, 10.905, 11.518, 9.182, 6.869, 6.144, 5.314, 6.268, 5.281, 6.506, 7.765, 8.498, 8.922, 8.868, 9.969, 8.546, 4.998, 5.82, 7.462, 7.264, 6.368, 5.536], [16.669, 17.398, 16.258, 14.782, 15.097, 15.709, 15.41, 13.346, 10.667, 8.935, 9.147, 9.738, 8.702, 6.145, 6.962, 5.912, 2.328, 1.701, 3.391, 2.837, 0.0, 2.662, 4.61, 4.078, 6.975, 5.876, 3.866, 3.021, 3.436, 10.155, 11.896, 12.555, 13.237, 10.28, 7.603, 6.862, 6.321, 8.072, 7.185, 8.498, 9.664, 10.304, 10.87, 10.818, 12.238, 10.826, 6.73, 7.177, 9.191, 8.797, 7.218, 6.645], [19.228, 19.872, 18.52, 17.059, 17.575, 18.166, 17.936, 15.855, 12.223, 10.311, 10.209, 10.702, 8.819, 6.72, 8.355, 6.84, 3.808, 3.8, 5.624, 5.065, 2.662, 0.0, 2.634, 2.412, 4.82, 4.108, 2.597, 1.811, 5.756, 12.637, 14.237, 15.134, 15.637, 12.165, 9.166, 8.392, 8.757, 10.637, 9.678, 11.029, 12.224, 12.746, 13.327, 13.375, 14.806, 13.393, 9.313, 9.47, 11.755, 11.238, 9.507, 8.661], [21.085, 21.723, 20.314, 18.79, 19.355, 19.991, 19.765, 17.687, 13.874, 12.003, 11.44, 11.319, 7.946, 7.371, 9.841, 8.074, 5.501, 5.782, 7.515, 7.009, 4.61, 2.634, 0.0, 1.593, 2.737, 2.204, 1.696, 2.483, 7.651, 14.457, 15.99, 16.954, 17.48, 14.0, 10.983, 9.861, 10.571, 12.45, 11.495, 12.82, 14.035, 14.574, 15.162, 15.181, 16.591, 15.194, 11.127, 11.238, 13.572, 13.119, 11.258, 10.464], [19.862, 20.496, 19.135, 17.641, 18.153, 18.731, 18.528, 16.447, 12.679, 10.783, 10.247, 10.539, 7.735, 6.518, 8.581, 7.025, 4.387, 4.738, 6.377, 5.856, 4.078, 2.412, 1.593, 0.0, 3.507, 3.03, 1.375, 1.93, 6.376, 13.271, 14.817, 15.768, 16.271, 12.738, 9.684, 8.819, 9.391, 11.271, 10.313, 11.649, 12.832, 13.332, 13.929, 13.983, 15.414, 14.013, 9.948, 10.067, 12.375, 11.875, 10.074, 9.251], [23.282, 23.89, 22.433, 20.965, 21.535, 22.138, 21.917, 19.872, 15.956, 13.958, 13.161, 13.02, 9.237, 8.916, 11.534, 10.122, 7.745, 7.931, 9.698, 9.039, 6.975, 4.82, 2.737, 3.507, 0.0, 1.492, 3.533, 4.622, 9.791, 16.687, 18.22, 19.184, 19.687, 16.095, 13.072, 11.924, 12.814, 14.694, 13.716, 15.074, 16.249, 16.767, 17.371, 17.399, 18.831, 17.437, 13.364, 13.492, 15.8, 15.257, 13.479, 12.648], [22.407, 23.05, 21.601, 20.168, 20.72, 21.352, 21.1, 19.03, 15.086, 13.159, 12.639, 12.532, 8.643, 8.543, 11.111, 9.306, 6.892, 7.145, 8.87, 8.255, 5.876, 4.108, 2.204, 3.03, 1.492, 0.0, 2.718, 3.822, 8.962, 15.8, 17.333, 18.297, 18.8, 15.215, 12.274, 11.068, 11.93, 13.81, 12.851, 14.203, 15.405, 15.986, 16.582, 16.553, 17.983, 16.567, 12.477, 12.622, 14.931, 14.381, 12.61, 11.76], [19.886, 20.541, 19.175, 17.8, 18.265, 18.883, 18.622, 16.522, 12.835, 11.019, 10.725, 11.047, 7.653, 7.074, 9.145, 7.258, 4.468, 4.549, 6.389, 5.921, 3.866, 2.597, 1.696, 1.375, 3.533, 2.718, 0.0, 1.969, 6.513, 13.278, 14.88, 15.763, 16.279, 12.937, 9.906, 8.989, 9.397, 11.284, 10.337, 11.683, 12.885, 13.578, 14.168, 14.04, 15.467, 14.038, 9.943, 10.1, 12.406, 11.89, 10.125, 9.363], [18.739, 19.401, 18.107, 16.778, 17.142, 17.742, 17.521, 15.403, 11.997, 10.164, 10.075, 10.586, 8.077, 6.529, 8.398, 6.539, 3.818, 4.025, 5.712, 5.364, 3.021, 1.811, 2.483, 1.93, 4.622, 3.822, 1.969, 0.0, 5.414, 12.144, 13.859, 14.628, 15.142, 11.939, 8.964, 8.246, 8.263, 10.15, 9.195, 10.553, 11.76, 12.438, 13.027, 12.905, 14.331, 12.918, 8.809, 8.971, 11.275, 10.754, 9.119, 8.29], [13.504, 14.212, 13.085, 12.005, 12.022, 12.479, 12.286, 10.382, 8.489, 6.952, 7.221, 7.915, 7.056, 4.904, 5.108, 4.178, 2.41, 2.701, 2.743, 2.642, 3.436, 5.756, 7.651, 6.376, 9.791, 8.962, 6.513, 5.414, 0.0, 7.034, 8.803, 9.547, 10.097, 7.596, 5.564, 4.796, 4.374, 5.36, 4.126, 5.393, 6.571, 7.345, 7.986, 7.829, 9.085, 7.674, 4.222, 5.046, 6.429, 5.977, 5.167, 4.014], [6.728, 7.383, 6.568, 5.691, 5.748, 6.233, 6.332, 6.102, 5.648, 5.471, 6.494, 7.621, 9.273, 8.414, 6.11, 6.616, 9.034, 9.224, 7.452, 8.166, 10.155, 12.637, 14.457, 13.271, 16.687, 15.8, 13.278, 12.144, 7.034, 0.0, 2.257, 2.962, 3.489, 3.195, 4.684, 4.994, 4.825, 3.883, 3.728, 2.911, 2.27, 3.45, 3.833, 3.628, 4.205, 3.39, 5.042, 5.202, 4.034, 3.897, 4.386, 4.161], [5.36, 6.023, 4.865, 4.175, 4.698, 5.408, 5.542, 5.221, 4.668, 5.284, 6.136, 7.339, 9.545, 9.819, 6.924, 8.097, 10.601, 10.868, 9.436, 10.3, 11.896, 14.237, 15.99, 14.817, 18.22, 17.333, 14.88, 13.859, 8.803, 2.257, 0.0, 1.35, 1.942, 3.023, 5.214, 6.302, 6.21, 4.959, 5.414, 4.544, 3.122, 3.558, 3.821, 3.943, 4.147, 4.057, 6.545, 6.323, 4.91, 4.795, 5.439, 5.704], [4.232, 4.939, 4.101, 3.532, 4.239, 4.873, 5.019, 4.74, 4.747, 5.852, 6.599, 7.701, 10.284, 10.783, 7.782, 9.061, 11.509, 11.599, 10.069, 10.905, 12.555, 15.134, 16.954, 15.768, 19.184, 18.297, 15.763, 14.628, 9.547, 2.962, 1.35, 0.0, 1.288, 3.501, 6.123, 7.272, 6.8, 5.512, 6.005, 5.146, 3.68, 3.617, 3.759, 4.103, 4.325, 4.365, 7.094, 6.852, 5.225, 5.142, 6.096, 6.599], [3.698, 4.347, 3.308, 3.236, 4.012, 4.582, 4.792, 4.551, 4.557, 6.088, 6.904, 7.611, 10.804, 11.286, 8.28, 9.565, 12.067, 12.291, 10.746, 11.518, 13.237, 15.637, 17.48, 16.271, 19.687, 18.8, 16.279, 15.142, 10.097, 3.489, 1.942, 1.288, 0.0, 3.645, 6.648, 7.773, 7.586, 6.121, 6.673, 5.831, 4.419, 4.006, 4.107, 4.389, 4.52, 4.831, 7.74, 7.399, 5.701, 5.462, 6.715, 7.1], [7.224, 7.872, 6.466, 5.076, 5.596, 6.173, 5.94, 4.745, 2.824, 2.829, 3.646, 4.684, 7.365, 7.669, 4.789, 6.02, 8.797, 9.446, 8.294, 9.182, 10.28, 12.165, 14.0, 12.738, 16.095, 15.215, 12.937, 11.939, 7.596, 3.195, 3.023, 3.501, 3.645, 0.0, 3.288, 4.318, 4.975, 3.887, 4.488, 4.167, 2.837, 2.017, 2.497, 2.677, 3.592, 3.098, 5.531, 4.99, 3.43, 3.145, 3.921, 3.886], [10.222, 10.872, 9.538, 8.189, 8.595, 9.148, 8.92, 6.835, 3.461, 1.863, 2.095, 3.205, 5.037, 4.802, 2.467, 3.013, 6.033, 6.914, 6.408, 6.869, 7.603, 9.166, 10.983, 9.684, 13.072, 12.274, 9.906, 8.964, 5.564, 4.684, 5.214, 6.123, 6.648, 3.288, 0.0, 1.733, 2.525, 3.091, 2.836, 4.042, 3.626, 3.899, 4.513, 4.606, 5.806, 4.448, 3.643, 3.054, 3.498, 3.36, 2.45, 2.635], [11.37, 12.021, 10.595, 9.192, 9.711, 10.322, 10.089, 8.006, 4.292, 2.696, 2.766, 3.647, 4.478, 3.725, 1.501, 2.03, 4.981, 6.111, 5.671, 6.144, 6.862, 8.392, 9.861, 8.819, 11.924, 11.068, 8.989, 8.246, 4.796, 4.994, 6.302, 7.272, 7.773, 4.318, 1.733, 0.0, 1.989, 3.038, 2.357, 3.668, 4.396, 5.007, 5.607, 5.554, 6.954, 5.533, 2.994, 2.839, 4.01, 3.608, 2.211, 2.117], [10.797, 11.612, 10.601, 9.283, 9.129, 9.833, 9.55, 7.539, 5.016, 3.403, 3.722, 4.607, 5.548, 4.753, 2.302, 2.78, 5.207, 5.416, 4.862, 5.314, 6.321, 8.757, 10.571, 9.391, 12.814, 11.93, 9.397, 8.263, 4.374, 4.825, 6.21, 6.8, 7.586, 4.975, 2.525, 1.989, 0.0, 1.937, 1.669, 2.753, 3.689, 4.584, 5.128, 4.736, 6.1, 4.789, 1.498, 1.311, 3.125, 2.994, 1.491, 2.123], [8.934, 9.812, 8.916, 7.797, 7.425, 7.981, 7.712, 5.807, 4.51, 3.412, 4.082, 5.038, 6.682, 6.319, 3.414, 4.58, 7.031, 7.064, 5.601, 6.268, 8.072, 10.637, 12.45, 11.271, 14.694, 13.81, 11.284, 10.15, 5.36, 3.883, 4.959, 5.512, 6.121, 3.887, 3.091, 3.038, 1.937, 0.0, 1.635, 1.999, 2.353, 2.893, 3.372, 2.958, 4.336, 2.999, 1.916, 1.615, 1.865, 1.591, 1.488, 2.73], [9.725, 10.44, 9.544, 8.466, 8.221, 8.763, 8.474, 6.568, 5.286, 3.957, 4.31, 5.297, 6.499, 5.734, 3.274, 3.719, 6.098, 6.206, 4.539, 5.281, 7.185, 9.678, 11.495, 10.313, 13.716, 12.851, 10.337, 9.195, 4.126, 3.728, 5.414, 6.005, 6.673, 4.488, 2.836, 2.357, 1.669, 1.635, 0.0, 1.692, 2.715, 3.635, 4.153, 3.881, 5.147, 3.785, 1.895, 1.993, 2.404, 2.315, 2.093, 1.982], [8.591, 9.313, 8.553, 7.51, 7.108, 7.635, 7.446, 6.641, 5.97, 4.865, 5.408, 6.32, 7.918, 7.178, 4.668, 5.129, 7.432, 7.519, 5.692, 6.506, 8.498, 11.029, 12.82, 11.649, 15.074, 14.203, 11.683, 10.553, 5.393, 2.911, 4.544, 5.146, 5.831, 4.167, 4.042, 3.668, 2.753, 1.999, 1.692, 0.0, 1.919, 3.57, 3.852, 3.643, 4.059, 3.144, 2.79, 2.875, 2.553, 2.61, 2.777, 2.828], [7.316, 8.016, 7.061, 6.003, 5.63, 6.292, 6.089, 5.183, 4.538, 3.896, 4.91, 5.986, 7.899, 7.898, 5.088, 6.164, 8.64, 8.694, 6.891, 7.765, 9.664, 12.224, 14.035, 12.832, 16.249, 15.405, 12.885, 11.76, 6.571, 2.27, 3.122, 3.68, 4.419, 2.837, 3.626, 4.396, 3.689, 2.353, 2.715, 1.919, 0.0, 2.107, 2.495, 2.329, 2.763, 2.032, 3.808, 3.503, 2.086, 2.204, 3.211, 3.663], [6.67, 7.377, 6.344, 5.155, 5.029, 5.443, 5.221, 3.63, 3.059, 3.19, 4.207, 5.147, 8.077, 8.374, 5.337, 6.767, 9.344, 9.524, 7.671, 8.498, 10.304, 12.746, 14.574, 13.332, 16.767, 15.986, 13.578, 12.438, 7.345, 3.45, 3.558, 3.617, 4.006, 2.017, 3.899, 5.007, 4.584, 2.893, 3.635, 3.57, 2.107, 0.0, 1.063, 1.51, 2.699, 2.279, 4.525, 3.946, 2.368, 2.208, 3.653, 4.481], [6.105, 7.023, 6.133, 4.918, 4.752, 4.897, 4.717, 3.409, 3.186, 3.756, 4.706, 5.595, 8.618, 8.98, 5.932, 7.367, 9.941, 10.115, 8.117, 8.922, 10.87, 13.327, 15.162, 13.929, 17.371, 16.582, 14.168, 13.027, 7.986, 3.833, 3.821, 3.759, 4.107, 2.497, 4.513, 5.607, 5.128, 3.372, 4.153, 3.852, 2.495, 1.063, 0.0, 1.458, 2.243, 2.466, 4.799, 4.496, 2.339, 2.635, 4.275, 5.183], [6.447, 7.313, 6.457, 5.359, 4.953, 5.283, 5.104, 3.736, 3.571, 3.917, 4.949, 5.696, 8.643, 9.011, 5.984, 7.313, 9.794, 9.83, 8.051, 8.868, 10.818, 13.375, 15.181, 13.983, 17.399, 16.553, 14.04, 12.905, 7.829, 3.628, 3.943, 4.103, 4.389, 2.677, 4.606, 5.554, 4.736, 2.958, 3.881, 3.643, 2.329, 1.51, 1.458, 0.0, 2.107, 1.886, 4.404, 4.066, 2.183, 2.508, 4.049, 5.102], [5.893, 7.072, 6.729, 5.674, 5.179, 5.229, 5.19, 4.75, 4.507, 5.004, 5.947, 6.851, 9.999, 10.441, 7.414, 8.743, 11.215, 11.244, 9.273, 9.969, 12.238, 14.806, 16.591, 15.414, 18.831, 17.983, 15.467, 14.331, 9.085, 4.205, 4.147, 4.325, 4.52, 3.592, 5.806, 6.954, 6.1, 4.336, 5.147, 4.059, 2.763, 2.699, 2.243, 2.107, 0.0, 1.866, 5.553, 5.411, 3.313, 3.837, 5.445, 6.276], [6.547, 7.817, 7.52, 6.479, 6.05, 6.024, 5.93, 4.987, 4.54, 4.11, 5.108, 6.138, 8.629, 9.037, 6.01, 7.323, 9.805, 9.871, 7.859, 8.546, 10.826, 13.393, 15.194, 14.013, 17.437, 16.567, 14.038, 12.918, 7.674, 3.39, 4.057, 4.365, 4.831, 3.098, 4.448, 5.533, 4.789, 2.999, 3.785, 3.144, 2.032, 2.279, 2.466, 1.886, 1.866, 0.0, 4.248, 4.269, 2.402, 2.794, 3.992, 4.843], [10.349, 11.37, 10.566, 9.469, 9.001, 9.434, 9.194, 7.42, 5.608, 4.299, 4.707, 5.482, 6.36, 5.3, 3.192, 3.598, 5.69, 5.721, 4.422, 4.998, 6.73, 9.313, 11.127, 9.948, 13.364, 12.477, 9.943, 8.809, 4.222, 5.042, 6.545, 7.094, 7.74, 5.531, 3.643, 2.994, 1.498, 1.916, 1.895, 2.79, 3.808, 4.525, 4.799, 4.404, 5.553, 4.248, 0.0, 1.637, 2.868, 3.018, 2.072, 2.679], [10.173, 10.887, 9.934, 8.79, 8.446, 9.13, 8.84, 6.856, 4.693, 3.253, 3.668, 4.428, 5.983, 5.389, 2.748, 3.466, 5.961, 6.285, 5.466, 5.82, 7.177, 9.47, 11.238, 10.067, 13.492, 12.622, 10.1, 8.971, 5.046, 5.202, 6.323, 6.852, 7.399, 4.99, 3.054, 2.839, 1.311, 1.615, 1.993, 2.875, 3.503, 3.946, 4.496, 4.066, 5.411, 4.269, 1.637, 0.0, 2.494, 2.41, 1.615, 2.608], [7.781, 8.708, 7.859, 6.719, 6.327, 6.806, 6.533, 4.978, 4.186, 3.284, 4.216, 5.08, 7.408, 7.423, 4.417, 5.692, 8.157, 8.193, 6.522, 7.462, 9.191, 11.755, 13.572, 12.375, 15.8, 14.931, 12.406, 11.275, 6.429, 4.034, 4.91, 5.225, 5.701, 3.43, 3.498, 4.01, 3.125, 1.865, 2.404, 2.553, 2.086, 2.368, 2.339, 2.183, 3.313, 2.402, 2.868, 2.494, 0.0, 1.556, 2.651, 3.425], [8.109, 8.754, 7.68, 6.563, 6.482, 7.118, 6.857, 4.93, 3.803, 3.182, 4.178, 4.992, 6.997, 6.873, 3.908, 5.155, 7.711, 7.882, 6.485, 7.264, 8.797, 11.238, 13.119, 11.875, 15.257, 14.381, 11.89, 10.754, 5.977, 3.897, 4.795, 5.142, 5.462, 3.145, 3.36, 3.608, 2.994, 1.591, 2.315, 2.61, 2.204, 2.208, 2.635, 2.508, 3.837, 2.794, 3.018, 2.41, 1.556, 0.0, 2.088, 2.934], [9.92, 10.623, 9.376, 8.083, 8.245, 8.905, 8.601, 6.532, 4.144, 2.852, 3.462, 4.401, 5.866, 5.236, 2.537, 3.389, 5.988, 6.344, 5.699, 6.368, 7.218, 9.507, 11.258, 10.074, 13.479, 12.61, 10.125, 9.119, 5.167, 4.386, 5.439, 6.096, 6.715, 3.921, 2.45, 2.211, 1.491, 1.488, 2.093, 2.777, 3.211, 3.653, 4.275, 4.049, 5.445, 3.992, 2.072, 1.615, 2.651, 2.088, 0.0, 2.031], [10.673, 11.311, 9.921, 8.598, 9.007, 9.622, 9.396, 7.527, 5.217, 3.861, 4.334, 5.327, 6.215, 4.931, 2.947, 2.759, 5.188, 5.765, 4.714, 5.536, 6.645, 8.661, 10.464, 9.251, 12.648, 11.76, 9.363, 8.29, 4.014, 4.161, 5.704, 6.599, 7.1, 3.886, 2.635, 2.117, 2.123, 2.73, 1.982, 2.828, 3.663, 4.481, 5.183, 5.102, 6.276, 4.843, 2.679, 2.608, 3.425, 2.934, 2.031, 0.0]]