[[0.0, 1.181, 2.212, 1.435, 3.262, 4.59, 5.686, 6.006, 5.137, 5.453, 6.559, 6.361, 4.787, 4.761, 6.104, 6.915, 8.486, 8.659, 8.681, 9.339, 9.677, 8.825, 7.434, 6.088, 6.304, 6.043, 6.135, 6.541, 8.45, 9.956, 10.231, 9.19, 8.46, 8.993, 9.272, 9.426, 9.017, 8.664, 8.74, 7.667, 5.494, 3.713, 3.48, 5.686, 5.543, 6.008, 7.833, 8.634, 7.664, 6.056, 6.756, 8.295, 8.512, 7.383, 7.663, 8.244, 8.443, 8.043, 8.356, 8.441, 8.931, 10.168, 10.437, 8.821, 7.178, 7.219, 7.065, 6.751, 7.309, 6.946, 5.404, 3.587, 3.0, 3.971, 4.595, 6.705, 8.526, 7.735, 6.916, 7.092, 6.336, 5.632, 5.427, 4.209, 3.289, 2.812, 2.833, 2.488, 1.636, 2.857, 4.578, 5.924, 5.849, 6.139, 6.687, 6.342, 4.982, 4.877, 6.46, 7.307, 5.622, 2.198, 1.435, 1.595, 2.075, 3.798, 4.508, 3.536, 4.15, 3.67, 1.934, 2.01, 2.058, 1.969, 2.313, 2.117, 2.266, 2.207, 2.005, 1.789, 2.82, 2.055, 1.669, 3.341, 4.567, 6.353, 8.569, 7.775, 6.227, 6.569, 8.134, 8.231, 7.069, 6.026, 4.695, 6.057, 8.543, 10.812, 12.411, 13.095, 12.804, 12.144, 11.086, 10.774, 8.73], [1.181, 0.0, 1.699, 1.664, 3.812, 5.028, 6.112, 6.546, 5.713, 6.145, 7.186, 7.146, 5.519, 5.287, 6.61, 7.726, 9.281, 9.356, 9.124, 9.813, 10.097, 9.284, 7.97, 6.94, 6.433, 6.587, 6.712, 7.334, 9.269, 10.72, 11.054, 9.955, 9.203, 9.708, 10.082, 10.067, 9.658, 9.222, 9.399, 8.472, 6.189, 4.007, 4.174, 6.537, 6.351, 6.855, 8.677, 9.427, 8.162, 6.692, 7.33, 8.785, 9.002, 7.833, 8.102, 8.76, 8.984, 8.666, 9.07, 9.216, 9.622, 10.877, 11.171, 9.46, 7.704, 7.958, 7.528, 7.357, 7.941, 7.435, 6.167, 4.212, 3.447, 4.389, 5.143, 7.558, 9.133, 8.286, 7.541, 7.911, 7.081, 6.413, 6.015, 4.811, 3.875, 3.526, 3.576, 2.992, 2.213, 3.458, 5.26, 6.495, 6.431, 6.757, 7.31, 6.959, 5.473, 5.251, 6.927, 7.899, 6.214, 2.78, 1.313, 1.558, 1.559, 3.32, 4.045, 3.054, 3.689, 3.266, 1.517, 2.041, 2.132, 1.559, 1.698, 1.522, 1.69, 1.851, 1.659, 2.184, 3.189, 2.459, 2.125, 3.966, 5.138, 6.923, 9.114, 8.504, 6.993, 7.43, 8.969, 8.819, 7.719, 6.461, 5.163, 6.492, 8.988, 11.237, 12.849, 13.576, 13.345, 12.566, 11.512, 11.269, 9.271], [2.212, 1.699, 0.0, 2.323, 5.187, 6.554, 7.623, 7.934, 6.932, 7.285, 8.439, 8.285, 6.677, 6.296, 6.992, 8.444, 10.303, 10.624, 10.638, 11.316, 11.559, 10.583, 9.334, 7.937, 6.767, 7.083, 7.527, 8.208, 9.99, 11.499, 11.718, 10.885, 10.255, 10.532, 11.209, 11.426, 11.021, 10.581, 10.405, 9.146, 6.691, 4.276, 4.863, 7.396, 7.083, 7.662, 9.47, 10.585, 9.586, 7.904, 8.711, 10.261, 10.432, 9.345, 9.628, 10.207, 10.25, 9.84, 9.939, 10.038, 10.573, 11.714, 12.106, 10.496, 8.87, 9.131, 8.963, 8.494, 9.208, 8.896, 7.174, 4.929, 4.113, 5.547, 6.215, 8.331, 10.367, 9.57, 8.835, 9.089, 7.798, 7.313, 6.982, 5.848, 4.861, 4.559, 4.483, 4.036, 3.007, 3.933, 5.767, 6.718, 6.766, 7.22, 7.891, 7.556, 5.915, 5.57, 7.297, 8.406, 6.592, 3.495, 1.855, 2.11, 1.235, 2.118, 2.543, 2.147, 2.512, 2.15, 1.576, 2.575, 2.517, 1.799, 1.552, 1.356, 1.433, 1.616, 1.966, 3.646, 4.514, 3.462, 3.287, 5.168, 6.549, 8.087, 10.568, 9.475, 7.891, 8.242, 9.876, 10.043, 8.998, 7.945, 6.653, 8.018, 10.514, 12.763, 14.375, 15.122, 14.816, 14.081, 13.023, 12.722, 10.708], [1.435, 1.664, 2.323, 0.0, 3.481, 4.839, 5.942, 6.236, 5.408, 5.721, 6.939, 6.633, 5.283, 5.296, 6.221, 6.888, 8.474, 8.821, 8.883, 9.521, 9.979, 9.061, 7.814, 6.118, 6.265, 6.015, 6.205, 6.424, 8.171, 9.563, 9.896, 9.023, 8.424, 8.837, 9.297, 9.545, 9.203, 8.894, 8.687, 7.347, 5.316, 3.518, 3.472, 5.353, 5.507, 5.738, 7.714, 8.825, 7.806, 6.019, 6.802, 8.285, 8.457, 7.599, 7.874, 8.453, 8.52, 8.079, 8.134, 8.326, 8.952, 9.924, 10.266, 8.867, 7.433, 7.514, 7.335, 6.74, 7.305, 7.287, 5.476, 3.736, 3.23, 4.605, 5.147, 6.564, 8.545, 7.887, 6.996, 7.255, 6.388, 5.611, 5.665, 4.603, 3.842, 3.099, 3.072, 3.214, 2.239, 3.064, 4.521, 5.925, 5.909, 5.992, 6.58, 6.305, 5.174, 5.044, 6.764, 7.262, 5.769, 2.344, 1.605, 1.942, 2.141, 3.847, 4.48, 3.342, 3.959, 3.393, 1.711, 1.853, 1.983, 1.675, 2.23, 2.116, 2.199, 2.314, 2.178, 2.407, 3.283, 2.236, 2.252, 3.634, 4.767, 6.455, 8.823, 7.816, 6.07, 6.636, 8.007, 8.448, 7.355, 6.326, 5.04, 6.36, 8.838, 11.123, 12.644, 13.27, 13.091, 12.517, 11.432, 11.051, 8.882], [3.262, 3.812, 5.187, 3.481, 0.0, 1.525, 2.684, 3.162, 2.428, 3.073, 4.436, 4.437, 3.813, 4.25, 5.921, 5.528, 6.25, 6.228, 5.747, 6.389, 6.78, 6.073, 5.45, 5.266, 6.294, 5.668, 5.141, 5.646, 6.774, 7.682, 8.265, 6.985, 6.237, 6.463, 6.771, 6.638, 6.145, 5.853, 6.168, 5.579, 4.076, 3.946, 3.098, 3.754, 3.902, 4.051, 5.743, 6.492, 4.8, 3.281, 3.829, 5.199, 5.434, 4.3, 4.473, 5.1, 5.272, 5.344, 5.904, 6.017, 6.339, 7.506, 7.81, 6.518, 5.315, 5.382, 4.616, 3.941, 4.39, 4.461, 3.941, 3.613, 2.66, 3.319, 4.202, 5.286, 5.945, 4.972, 4.1, 4.816, 4.479, 3.95, 3.859, 2.808, 2.536, 1.758, 2.074, 2.269, 2.601, 2.992, 3.651, 4.922, 4.59, 4.828, 5.38, 5.103, 4.517, 4.782, 5.615, 6.185, 4.512, 2.504, 3.875, 3.662, 4.783, 6.981, 7.706, 6.563, 7.196, 6.622, 4.718, 4.627, 4.62, 4.687, 4.955, 4.755, 4.602, 5.076, 4.346, 2.223, 1.868, 2.462, 2.241, 1.429, 1.912, 3.514, 5.746, 5.246, 4.139, 5.117, 5.864, 5.786, 4.525, 3.311, 2.034, 3.133, 5.55, 7.803, 9.379, 10.089, 9.974, 9.212, 8.103, 7.735, 5.769], [4.59, 5.028, 6.554, 4.839, 1.525, 0.0, 1.628, 2.388, 1.844, 2.769, 4.463, 4.528, 4.233, 4.674, 6.278, 5.881, 6.337, 6.303, 5.404, 5.181, 5.818, 5.71, 5.663, 5.593, 6.639, 6.032, 5.498, 5.992, 7.117, 7.9, 8.342, 7.141, 6.267, 6.182, 6.374, 5.829, 5.286, 5.1, 5.862, 5.594, 4.439, 4.621, 3.508, 3.919, 4.092, 4.152, 5.525, 6.311, 4.231, 2.964, 3.254, 4.108, 4.528, 3.817, 3.534, 4.419, 4.959, 5.21, 5.869, 5.712, 6.109, 6.94, 7.263, 6.601, 5.667, 5.479, 4.759, 3.506, 3.702, 4.478, 4.299, 4.445, 3.326, 3.55, 4.558, 5.651, 5.911, 4.876, 3.991, 4.698, 4.58, 4.315, 4.137, 3.154, 3.201, 2.788, 2.973, 3.015, 3.916, 3.899, 4.066, 5.328, 4.913, 5.167, 5.729, 5.454, 4.878, 5.15, 5.969, 6.541, 4.862, 3.819, 5.212, 5.007, 6.144, 8.348, 9.073, 7.93, 8.563, 7.983, 6.078, 5.987, 5.971, 6.054, 6.313, 6.095, 5.972, 6.422, 5.463, 3.314, 2.692, 3.482, 3.363, 2.052, 1.786, 2.828, 4.875, 4.869, 4.444, 5.364, 5.585, 5.497, 4.152, 2.537, 1.583, 2.104, 4.418, 6.56, 8.061, 8.825, 8.977, 7.973, 6.95, 6.829, 5.37], [5.686, 6.112, 7.623, 5.942, 2.684, 1.628, 0.0, 1.147, 1.823, 3.155, 4.58, 4.76, 4.705, 5.318, 7.097, 6.466, 6.408, 6.157, 5.211, 4.868, 5.523, 5.267, 6.046, 6.411, 7.323, 6.796, 6.199, 6.739, 7.372, 8.185, 8.262, 7.327, 6.121, 5.717, 5.755, 5.143, 4.537, 4.542, 5.435, 5.575, 5.051, 5.712, 4.431, 4.145, 4.37, 4.421, 5.37, 5.963, 4.577, 3.633, 3.675, 3.906, 4.431, 3.902, 3.871, 4.458, 5.292, 5.517, 6.017, 5.617, 5.939, 6.703, 6.915, 6.679, 5.888, 5.446, 4.913, 3.954, 3.936, 4.874, 5.0, 5.458, 4.376, 4.351, 5.362, 6.129, 5.805, 5.097, 4.312, 4.671, 4.466, 4.63, 4.649, 3.719, 3.682, 3.706, 3.883, 4.027, 4.994, 5.076, 4.82, 5.843, 5.543, 5.918, 6.276, 6.229, 5.722, 5.916, 6.656, 7.125, 5.47, 4.849, 6.37, 6.095, 7.228, 9.416, 10.132, 9.081, 9.715, 9.23, 7.198, 7.15, 7.218, 7.292, 7.499, 7.101, 6.958, 7.474, 6.468, 4.183, 3.709, 4.602, 4.503, 2.778, 2.302, 2.867, 4.33, 4.53, 4.867, 5.552, 5.418, 4.901, 3.662, 2.074, 1.873, 2.11, 3.483, 5.419, 6.976, 7.98, 7.997, 6.98, 6.097, 6.033, 5.742], [6.006, 6.546, 7.934, 6.236, 3.162, 2.388, 1.147, 0.0, 1.474, 2.586, 4.043, 4.11, 4.179, 4.832, 6.739, 6.085, 5.81, 5.496, 4.9, 4.703, 5.185, 4.694, 5.496, 6.139, 7.14, 6.673, 6.027, 6.351, 6.761, 7.539, 7.6, 6.695, 5.434, 5.046, 5.019, 4.47, 3.885, 3.96, 4.781, 4.973, 4.566, 5.905, 4.464, 3.536, 3.791, 4.058, 4.8, 5.327, 4.159, 3.472, 3.284, 3.829, 4.368, 3.739, 3.895, 4.111, 4.923, 5.082, 5.421, 4.983, 5.294, 6.048, 6.199, 6.041, 5.295, 4.883, 4.486, 3.787, 3.537, 4.483, 4.764, 5.579, 4.604, 4.374, 5.175, 5.553, 5.242, 4.555, 3.809, 4.045, 3.764, 4.066, 4.113, 3.221, 3.426, 3.931, 4.19, 4.338, 5.302, 5.394, 4.714, 5.38, 5.292, 5.543, 5.751, 5.792, 5.642, 5.659, 6.232, 6.555, 5.033, 5.083, 6.678, 6.404, 7.557, 9.724, 10.44, 9.389, 10.023, 9.532, 7.522, 7.465, 7.517, 7.606, 7.83, 7.438, 7.276, 7.795, 6.97, 4.741, 3.966, 4.891, 4.833, 2.899, 2.129, 2.676, 3.847, 3.904, 4.267, 4.973, 4.767, 4.2, 2.994, 1.87, 2.082, 2.108, 3.315, 5.146, 6.741, 7.659, 7.326, 6.79, 5.838, 5.465, 5.441], [5.137, 5.713, 6.932, 5.408, 2.428, 1.844, 1.823, 1.474, 0.0, 1.647, 3.249, 3.307, 3.291, 4.044, 5.765, 5.145, 5.194, 5.374, 4.72, 4.561, 4.848, 4.459, 4.832, 5.275, 6.372, 5.912, 5.26, 5.642, 6.147, 6.996, 7.236, 6.097, 5.107, 4.81, 5.243, 4.877, 4.362, 3.928, 4.548, 4.413, 3.718, 5.007, 3.581, 2.836, 2.896, 3.083, 4.091, 5.007, 3.499, 2.67, 2.739, 3.489, 3.916, 3.193, 3.314, 3.671, 4.268, 4.392, 4.759, 4.411, 4.788, 5.797, 6.073, 5.426, 4.612, 4.406, 3.902, 2.822, 2.776, 3.758, 3.874, 4.508, 3.699, 3.622, 4.272, 4.71, 4.753, 3.792, 3.084, 3.567, 3.032, 3.255, 3.324, 2.438, 2.453, 3.066, 3.232, 3.401, 4.311, 4.387, 3.867, 4.416, 4.405, 4.746, 4.931, 4.933, 4.572, 4.675, 5.375, 5.808, 4.123, 4.33, 5.871, 5.571, 6.659, 8.69, 9.407, 8.355, 9.01, 8.601, 6.65, 6.596, 6.606, 6.671, 6.925, 6.626, 6.452, 7.007, 6.349, 4.104, 3.136, 3.998, 4.032, 1.993, 1.281, 1.982, 3.882, 3.444, 3.425, 4.125, 4.334, 4.126, 2.986, 1.844, 1.424, 1.632, 3.766, 5.884, 7.488, 8.267, 8.011, 7.221, 6.194, 5.911, 4.683], [5.453, 6.145, 7.285, 5.721, 3.073, 2.769, 3.155, 2.586, 1.647, 0.0, 2.322, 2.114, 2.054, 2.748, 4.389, 3.8, 4.245, 4.483, 4.113, 4.275, 4.485, 3.777, 3.59, 4.004, 5.227, 4.927, 4.243, 4.319, 4.917, 5.855, 6.297, 5.105, 4.207, 4.086, 4.446, 4.354, 3.933, 3.511, 3.878, 3.515, 2.988, 5.165, 3.508, 2.028, 2.229, 2.193, 3.267, 4.206, 2.663, 1.771, 1.754, 3.227, 3.428, 2.694, 2.76, 3.264, 3.559, 3.5, 3.885, 3.614, 4.067, 5.001, 5.327, 4.512, 3.492, 3.413, 3.067, 2.21, 2.257, 2.637, 2.746, 4.024, 3.87, 2.985, 3.067, 3.418, 3.987, 2.95, 2.324, 2.744, 2.139, 2.04, 2.037, 2.067, 2.731, 3.296, 3.401, 3.654, 4.595, 4.639, 3.494, 3.395, 3.423, 3.554, 3.562, 3.591, 3.416, 3.515, 3.999, 4.434, 2.834, 4.628, 6.245, 5.897, 6.866, 8.921, 9.61, 8.615, 9.27, 8.862, 6.91, 6.856, 6.866, 6.973, 7.215, 6.903, 6.855, 7.305, 6.751, 4.52, 3.533, 4.335, 4.357, 2.315, 1.811, 1.971, 3.524, 2.724, 2.304, 3.078, 3.5, 3.375, 2.62, 2.483, 2.348, 1.937, 3.437, 5.686, 7.298, 8.042, 7.736, 6.979, 5.922, 5.645, 3.968], [6.559, 7.186, 8.439, 6.939, 4.436, 4.463, 4.58, 4.043, 3.249, 2.322, 0.0, 0.998, 2.273, 2.451, 3.266, 2.573, 2.442, 2.643, 2.305, 2.998, 3.233, 2.44, 2.047, 3.364, 4.741, 4.674, 3.891, 3.397, 3.367, 4.355, 4.328, 3.255, 2.365, 2.803, 3.035, 3.427, 3.139, 2.591, 2.48, 1.827, 3.925, 6.253, 4.542, 2.101, 2.191, 2.325, 1.707, 2.393, 1.694, 2.21, 2.108, 2.224, 2.601, 1.862, 2.261, 1.898, 2.218, 1.876, 2.202, 2.257, 2.566, 3.89, 4.154, 2.708, 1.898, 1.643, 1.754, 2.287, 2.234, 1.916, 2.769, 4.828, 4.878, 3.527, 2.886, 2.005, 2.193, 1.663, 1.782, 1.465, 1.452, 1.717, 1.984, 3.039, 3.841, 4.478, 4.659, 4.753, 5.837, 5.904, 4.656, 3.975, 3.999, 3.751, 2.623, 2.815, 3.409, 3.972, 2.93, 3.057, 3.05, 5.786, 7.384, 7.069, 8.051, 10.198, 10.914, 9.88, 10.535, 10.126, 8.175, 8.12, 8.131, 8.183, 8.441, 8.051, 8.235, 8.441, 7.635, 5.375, 4.51, 5.49, 5.405, 4.197, 3.189, 2.601, 2.79, 2.21, 1.875, 1.752, 2.081, 2.385, 2.928, 3.299, 3.602, 3.062, 3.125, 4.391, 6.004, 6.771, 6.47, 5.675, 4.618, 4.342, 2.702], [6.361, 7.146, 8.285, 6.633, 4.437, 4.528, 4.76, 4.11, 3.307, 2.114, 0.998, 0.0, 1.911, 2.508, 3.303, 2.732, 2.624, 2.943, 2.692, 3.388, 3.617, 2.976, 2.474, 3.381, 4.753, 4.613, 3.851, 3.636, 3.412, 4.355, 4.44, 3.44, 2.646, 3.028, 3.146, 3.679, 3.272, 2.81, 2.731, 1.907, 3.668, 5.992, 4.327, 1.912, 2.029, 2.25, 1.97, 2.654, 2.279, 2.291, 2.22, 2.643, 2.7, 2.198, 2.717, 2.433, 2.494, 2.275, 2.446, 2.439, 2.913, 4.148, 4.416, 2.995, 2.222, 1.776, 2.221, 2.555, 2.593, 2.275, 2.78, 4.617, 4.709, 3.568, 2.954, 1.91, 2.573, 1.855, 1.601, 1.346, 1.29, 1.524, 1.873, 2.92, 3.64, 4.202, 4.266, 4.525, 5.626, 5.545, 4.373, 3.712, 3.823, 3.592, 2.464, 2.93, 3.275, 3.731, 3.015, 3.072, 2.846, 5.48, 7.125, 6.77, 7.832, 9.843, 10.505, 9.521, 10.176, 9.793, 7.84, 7.762, 7.807, 7.965, 8.316, 7.895, 8.099, 8.225, 7.637, 5.489, 4.599, 5.457, 5.321, 3.937, 3.292, 2.612, 2.946, 2.303, 1.695, 1.618, 2.052, 2.493, 2.794, 3.433, 3.737, 3.195, 3.176, 4.796, 6.42, 7.15, 6.844, 6.1, 5.042, 4.758, 2.979], [4.787, 5.519, 6.677, 5.283, 3.813, 4.233, 4.705, 4.179, 3.291, 2.054, 2.273, 1.911, 0.0, 1.596, 3.144, 2.856, 3.965, 4.182, 4.22, 4.885, 5.136, 4.448, 3.281, 3.62, 4.596, 4.368, 3.668, 3.557, 3.935, 5.396, 5.671, 4.696, 3.941, 4.49, 4.759, 4.94, 4.583, 4.135, 4.241, 3.091, 2.647, 4.66, 2.997, 1.94, 2.069, 2.677, 3.451, 4.146, 3.618, 3.069, 2.996, 4.083, 4.137, 3.544, 3.909, 3.906, 3.994, 3.682, 3.888, 3.971, 4.418, 5.663, 5.935, 4.345, 2.832, 2.791, 3.133, 3.519, 3.61, 3.073, 2.664, 3.576, 3.4, 2.485, 2.602, 2.318, 4.068, 3.231, 2.678, 2.659, 2.039, 1.633, 1.711, 1.827, 2.173, 2.803, 2.9, 3.077, 4.002, 3.988, 2.962, 2.726, 3.032, 3.072, 2.431, 2.783, 2.834, 2.948, 2.866, 3.036, 2.26, 3.996, 5.558, 5.17, 6.202, 8.276, 8.967, 7.958, 8.625, 8.22, 6.252, 6.2, 6.221, 6.348, 6.769, 6.353, 6.684, 6.784, 6.06, 3.96, 3.301, 4.062, 3.796, 3.344, 2.993, 2.86, 4.141, 3.266, 1.812, 2.073, 3.591, 3.672, 3.097, 3.711, 3.677, 3.32, 4.245, 6.315, 7.927, 8.632, 8.361, 7.627, 6.57, 6.322, 4.304], [4.761, 5.287, 6.296, 5.296, 4.25, 4.674, 5.318, 4.832, 4.044, 2.748, 2.451, 2.508, 1.596, 0.0, 2.025, 2.815, 4.326, 4.491, 4.537, 5.277, 5.55, 4.61, 3.342, 3.015, 3.409, 3.376, 3.082, 2.825, 4.252, 5.765, 6.023, 5.08, 4.331, 4.882, 5.089, 5.379, 4.928, 4.591, 4.648, 3.529, 2.989, 4.032, 2.617, 2.726, 2.709, 3.043, 3.671, 4.519, 3.668, 3.035, 3.1, 4.368, 4.72, 3.806, 3.861, 4.117, 4.249, 3.915, 4.294, 4.329, 4.73, 6.05, 6.314, 4.696, 3.017, 3.225, 3.073, 3.612, 3.635, 3.079, 2.487, 3.08, 2.74, 1.877, 2.029, 2.659, 4.423, 3.566, 3.349, 3.163, 2.582, 1.804, 1.623, 2.086, 2.578, 3.406, 3.447, 3.235, 3.844, 3.818, 3.167, 2.685, 2.938, 2.857, 2.619, 2.277, 2.06, 2.051, 2.016, 2.902, 2.101, 3.634, 5.078, 4.748, 5.883, 7.937, 8.653, 7.602, 8.236, 7.832, 5.886, 5.933, 6.081, 6.086, 6.324, 5.87, 6.352, 6.537, 5.676, 3.82, 2.969, 3.695, 3.445, 4.01, 3.7, 3.841, 4.512, 3.671, 2.383, 2.4, 3.953, 4.238, 4.077, 4.485, 4.426, 4.012, 4.922, 6.652, 8.289, 9.052, 8.763, 7.971, 6.897, 6.622, 4.663], [6.104, 6.61, 6.992, 6.221, 5.921, 6.278, 7.097, 6.739, 5.765, 4.389, 3.266, 3.303, 3.144, 2.025, 0.0, 2.159, 4.141, 4.596, 4.725, 5.255, 5.644, 4.836, 3.648, 2.773, 2.523, 2.251, 2.861, 2.415, 3.475, 4.898, 4.994, 4.681, 4.119, 4.522, 5.248, 5.838, 5.697, 5.287, 4.51, 3.137, 3.205, 3.793, 3.023, 3.683, 3.362, 3.261, 3.256, 4.518, 3.936, 3.703, 3.946, 4.678, 4.911, 4.425, 4.313, 4.309, 4.269, 3.859, 3.878, 3.987, 4.523, 5.445, 5.871, 4.6, 3.261, 3.624, 3.681, 3.874, 4.332, 3.774, 2.952, 2.953, 3.688, 2.836, 2.457, 2.314, 4.249, 3.802, 4.141, 3.943, 3.562, 2.799, 2.733, 3.672, 4.284, 4.717, 4.439, 4.653, 4.91, 4.014, 3.386, 2.762, 2.698, 2.334, 1.823, 1.773, 1.751, 1.729, 1.255, 1.752, 1.989, 4.422, 5.861, 5.626, 6.885, 8.409, 8.706, 7.476, 8.224, 8.126, 6.42, 5.914, 6.418, 6.926, 7.363, 7.179, 7.52, 7.761, 6.907, 5.308, 4.306, 4.638, 4.85, 5.703, 5.316, 5.116, 5.395, 4.395, 3.259, 2.633, 3.964, 4.99, 5.607, 6.216, 6.087, 5.713, 5.917, 7.011, 8.394, 9.016, 8.75, 8.152, 7.093, 6.741, 4.614], [6.915, 7.726, 8.444, 6.888, 5.528, 5.881, 6.466, 6.085, 5.145, 3.8, 2.573, 2.732, 2.856, 2.815, 2.159, 0.0, 2.32, 2.831, 3.367, 3.696, 3.74, 3.071, 1.851, 2.121, 3.234, 2.927, 2.274, 1.676, 1.862, 3.196, 3.43, 2.805, 2.868, 3.722, 4.163, 4.942, 4.987, 4.591, 3.643, 2.547, 3.701, 5.679, 4.033, 3.172, 2.968, 2.777, 2.193, 2.88, 2.561, 3.028, 3.044, 3.524, 3.79, 3.321, 3.021, 2.868, 2.708, 2.095, 2.122, 2.4, 2.609, 3.533, 3.903, 2.642, 1.562, 2.073, 2.214, 2.861, 3.106, 2.354, 2.192, 4.126, 4.75, 3.778, 2.763, 1.265, 2.673, 2.808, 3.262, 3.315, 2.99, 2.199, 2.556, 3.412, 4.296, 4.711, 4.782, 5.224, 5.85, 5.409, 4.191, 3.558, 3.285, 2.908, 1.847, 1.471, 2.809, 3.511, 1.979, 1.761, 2.536, 5.595, 7.329, 7.183, 8.311, 10.158, 10.635, 9.403, 10.089, 9.815, 7.793, 7.609, 7.64, 8.081, 8.612, 8.386, 8.519, 8.68, 8.096, 5.876, 4.856, 5.5, 5.767, 5.3, 4.69, 4.53, 4.71, 3.746, 2.655, 2.296, 3.141, 4.293, 4.837, 5.514, 5.382, 5.007, 5.108, 6.03, 6.791, 7.081, 6.763, 6.213, 5.126, 4.7, 2.644], [8.486, 9.281, 10.303, 8.474, 6.25, 6.337, 6.408, 5.81, 5.194, 4.245, 2.442, 2.624, 3.965, 4.326, 4.141, 2.32, 0.0, 1.222, 1.866, 2.192, 1.99, 2.152, 2.301, 3.486, 5.053, 4.892, 3.993, 3.332, 1.837, 2.177, 2.472, 1.51, 1.263, 2.211, 2.245, 3.037, 3.249, 3.052, 2.256, 2.189, 5.461, 7.752, 6.017, 3.455, 3.525, 3.558, 2.02, 1.329, 2.225, 3.537, 3.437, 3.034, 2.846, 2.819, 3.196, 2.156, 1.647, 1.638, 1.769, 1.722, 1.375, 1.995, 2.204, 1.398, 2.052, 1.792, 2.367, 3.176, 3.12, 2.634, 3.4, 6.021, 6.469, 5.388, 4.324, 2.26, 1.265, 1.645, 2.574, 2.435, 2.923, 3.197, 3.672, 4.819, 5.722, 6.236, 6.433, 6.822, 7.57, 7.473, 6.254, 5.373, 5.173, 4.879, 3.482, 3.305, 4.843, 5.506, 3.875, 3.251, 4.46, 7.362, 9.097, 8.889, 9.941, 12.009, 12.668, 11.498, 12.134, 11.697, 9.745, 9.68, 9.69, 9.81, 10.163, 9.972, 10.048, 10.204, 9.692, 7.394, 6.343, 7.1, 7.306, 5.998, 4.971, 3.931, 3.086, 2.434, 2.821, 2.483, 1.841, 2.784, 3.621, 4.649, 5.446, 4.89, 3.994, 4.195, 4.755, 5.025, 4.754, 4.174, 3.05, 2.653, 1.878], [8.659, 9.356, 10.624, 8.821, 6.228, 6.303, 6.157, 5.496, 5.374, 4.483, 2.643, 2.943, 4.182, 4.491, 4.596, 2.831, 1.222, 0.0, 1.348, 2.333, 1.941, 2.163, 2.424, 3.846, 5.3, 5.231, 4.323, 3.607, 2.288, 2.592, 2.706, 1.766, 1.47, 2.179, 2.14, 2.639, 2.762, 2.477, 2.126, 2.597, 5.802, 8.093, 6.43, 3.876, 3.996, 4.078, 2.681, 1.212, 2.613, 3.791, 3.677, 3.153, 2.867, 2.796, 3.16, 2.207, 1.887, 1.866, 2.175, 1.985, 1.531, 2.384, 2.429, 1.98, 2.137, 1.834, 2.31, 3.558, 3.408, 2.756, 3.758, 6.465, 6.698, 5.458, 4.491, 2.692, 1.337, 1.874, 2.738, 2.687, 3.4, 3.534, 3.846, 4.91, 5.913, 6.482, 6.784, 6.942, 7.947, 7.943, 6.699, 5.811, 5.548, 5.24, 3.909, 3.76, 5.288, 5.924, 4.202, 3.671, 4.919, 7.608, 9.247, 9.048, 10.216, 12.364, 13.089, 11.951, 12.586, 12.097, 10.097, 10.029, 10.072, 10.199, 10.495, 10.123, 10.162, 10.469, 9.693, 7.377, 6.348, 7.325, 7.444, 6.222, 5.167, 4.242, 2.658, 2.565, 3.203, 2.912, 2.046, 2.399, 3.249, 4.506, 5.537, 4.921, 3.702, 3.693, 4.489, 4.768, 4.561, 3.823, 2.738, 2.55, 2.17], [8.681, 9.124, 10.638, 8.883, 5.747, 5.404, 5.211, 4.9, 4.72, 4.113, 2.305, 2.692, 4.22, 4.537, 4.725, 3.367, 1.866, 1.348, 0.0, 1.727, 1.909, 2.151, 2.808, 4.286, 5.768, 5.642, 4.797, 4.134, 3.315, 3.609, 3.514, 2.636, 1.942, 2.103, 2.243, 2.507, 2.415, 1.895, 1.68, 2.352, 5.896, 8.186, 6.498, 3.804, 4.013, 3.95, 2.631, 1.516, 2.065, 3.352, 3.084, 2.25, 1.947, 2.06, 2.372, 1.724, 1.532, 1.909, 2.303, 2.102, 1.881, 2.848, 2.842, 2.488, 2.575, 2.167, 2.251, 3.066, 2.886, 2.741, 4.012, 6.558, 6.774, 5.28, 4.573, 2.899, 1.364, 1.698, 2.199, 2.273, 3.234, 3.643, 3.958, 5.043, 5.999, 6.589, 6.844, 6.933, 7.999, 7.99, 6.766, 5.866, 5.604, 5.352, 4.0, 3.932, 5.364, 6.017, 4.358, 4.001, 4.982, 7.705, 9.307, 9.09, 10.227, 12.431, 13.156, 12.013, 12.647, 12.154, 10.168, 10.114, 10.142, 10.216, 10.423, 10.169, 10.049, 10.496, 9.522, 7.067, 6.128, 7.286, 7.426, 5.945, 4.727, 3.452, 2.1, 2.209, 3.253, 3.109, 1.83, 1.993, 2.781, 3.64, 4.686, 4.0, 2.695, 3.029, 4.05, 4.657, 4.63, 3.71, 2.696, 2.719, 2.07], [9.339, 9.813, 11.316, 9.521, 6.389, 5.181, 4.868, 4.703, 4.561, 4.275, 2.998, 3.388, 4.885, 5.277, 5.255, 3.696, 2.192, 2.333, 1.727, 0.0, 1.324, 1.788, 3.063, 4.518, 6.06, 5.94, 5.043, 4.514, 3.573, 3.981, 4.199, 3.359, 2.457, 2.449, 2.724, 2.659, 2.685, 2.33, 2.323, 2.988, 6.561, 8.846, 7.088, 4.453, 4.633, 4.516, 2.571, 2.026, 1.971, 3.551, 2.944, 1.746, 1.919, 2.38, 2.361, 1.612, 1.803, 2.356, 2.697, 2.043, 1.975, 2.474, 2.443, 2.523, 3.103, 2.832, 2.74, 3.028, 2.607, 2.91, 4.454, 7.118, 7.551, 6.035, 5.292, 3.462, 1.939, 2.091, 2.735, 2.884, 3.811, 4.274, 4.663, 5.807, 6.666, 7.201, 7.458, 7.67, 8.612, 8.599, 7.353, 6.492, 6.312, 5.986, 4.547, 4.496, 5.936, 6.606, 4.979, 4.426, 5.551, 8.473, 10.152, 9.844, 10.836, 13.111, 13.764, 12.613, 13.275, 12.795, 10.853, 10.777, 10.796, 10.85, 11.036, 10.969, 10.796, 11.168, 10.305, 7.835, 6.923, 7.951, 8.092, 6.331, 4.925, 3.28, 2.268, 2.434, 3.811, 3.748, 2.455, 2.847, 3.428, 3.604, 4.833, 3.7, 2.404, 2.975, 3.74, 4.281, 4.367, 3.411, 2.397, 2.295, 1.756], [9.677, 10.097, 11.559, 9.979, 6.78, 5.818, 5.523, 5.185, 4.848, 4.485, 3.233, 3.617, 5.136, 5.55, 5.644, 3.74, 1.99, 1.941, 1.909, 1.324, 0.0, 1.585, 2.622, 4.397, 5.964, 6.051, 5.037, 4.369, 3.099, 3.411, 3.661, 2.769, 2.506, 2.565, 2.788, 2.783, 2.801, 2.474, 2.636, 3.454, 7.033, 9.318, 7.553, 4.899, 5.053, 4.974, 3.0, 1.836, 2.397, 4.019, 3.434, 2.563, 2.479, 2.847, 2.885, 1.976, 1.885, 2.257, 2.585, 2.083, 1.52, 1.848, 1.858, 2.065, 2.851, 2.718, 2.816, 3.354, 2.89, 2.874, 4.646, 7.51, 7.906, 6.43, 5.502, 3.778, 1.88, 2.183, 3.153, 3.304, 4.056, 4.598, 4.947, 6.083, 6.869, 7.479, 7.76, 7.89, 8.987, 9.052, 7.804, 6.957, 6.74, 6.447, 5.007, 4.888, 6.309, 6.908, 5.165, 4.787, 5.953, 8.857, 10.508, 10.174, 11.161, 13.35, 14.051, 13.033, 13.685, 13.265, 11.29, 11.249, 11.268, 11.321, 11.481, 11.155, 10.988, 11.408, 10.534, 8.193, 7.274, 8.356, 8.485, 6.523, 5.334, 3.753, 2.447, 2.666, 4.257, 4.009, 2.656, 2.835, 3.599, 4.092, 5.107, 4.242, 3.022, 3.254, 4.016, 3.959, 3.772, 2.865, 1.916, 1.63, 1.496], [8.825, 9.284, 10.583, 9.061, 6.073, 5.71, 5.267, 4.694, 4.459, 3.777, 2.44, 2.976, 4.448, 4.61, 4.836, 3.071, 2.152, 2.163, 2.151, 1.788, 1.585, 0.0, 1.88, 3.446, 4.996, 5.044, 4.082, 3.44, 2.906, 3.735, 3.852, 3.063, 2.502, 2.708, 3.03, 3.432, 3.428, 2.965, 2.628, 2.993, 6.084, 8.366, 6.602, 4.075, 4.215, 4.037, 2.101, 1.993, 1.972, 3.24, 2.924, 2.41, 2.815, 2.543, 2.626, 1.851, 1.993, 1.75, 2.074, 1.727, 1.559, 2.346, 2.309, 2.023, 2.215, 2.245, 2.022, 2.651, 2.548, 1.976, 3.688, 6.553, 6.944, 5.598, 4.631, 3.089, 2.046, 2.18, 2.895, 2.951, 3.197, 3.609, 4.038, 5.214, 5.977, 6.63, 6.816, 7.025, 8.02, 8.1, 6.852, 6.005, 5.789, 5.496, 4.134, 3.93, 5.352, 5.942, 4.232, 4.131, 4.998, 7.896, 9.606, 9.306, 10.243, 12.403, 13.041, 12.08, 12.733, 12.313, 10.378, 10.297, 10.316, 10.381, 10.559, 10.211, 9.959, 10.414, 9.693, 7.407, 6.373, 7.395, 7.592, 5.596, 4.672, 3.605, 3.059, 2.715, 3.601, 3.487, 2.692, 2.856, 3.486, 3.829, 4.706, 4.182, 3.383, 4.138, 5.11, 5.058, 4.652, 3.942, 2.932, 2.427, 1.804], [7.434, 7.97, 9.334, 7.814, 5.45, 5.663, 6.046, 5.496, 4.832, 3.59, 2.047, 2.474, 3.281, 3.342, 3.648, 1.851, 2.301, 2.424, 2.808, 3.063, 2.622, 1.88, 0.0, 2.06, 3.784, 3.766, 2.831, 2.043, 2.252, 3.485, 3.88, 2.721, 2.844, 3.851, 4.046, 4.635, 4.643, 4.215, 3.734, 3.208, 4.894, 7.066, 5.307, 3.514, 3.418, 3.346, 2.507, 2.635, 2.174, 3.103, 2.831, 3.087, 3.528, 2.731, 2.642, 2.311, 2.441, 1.825, 1.992, 2.223, 2.205, 3.185, 3.411, 1.923, 1.419, 1.601, 1.496, 2.795, 2.694, 1.398, 2.643, 5.275, 5.646, 4.241, 3.292, 2.12, 2.617, 2.506, 3.053, 3.219, 3.12, 2.574, 2.832, 3.902, 4.68, 5.254, 5.532, 5.646, 6.753, 6.806, 5.561, 4.804, 4.564, 4.23, 3.069, 2.648, 4.064, 4.664, 3.017, 2.946, 3.737, 6.618, 8.268, 7.933, 8.907, 11.116, 11.81, 10.787, 11.457, 11.017, 9.044, 9.002, 9.021, 9.089, 9.307, 8.933, 9.027, 9.184, 8.399, 6.15, 5.246, 6.257, 6.256, 5.264, 4.444, 4.264, 4.336, 3.813, 2.982, 2.941, 3.463, 3.821, 4.381, 4.76, 4.728, 4.402, 4.474, 5.538, 6.419, 6.178, 5.807, 5.289, 4.29, 3.721, 1.997], [6.088, 6.94, 7.937, 6.118, 5.266, 5.593, 6.411, 6.139, 5.275, 4.004, 3.364, 3.381, 3.62, 3.015, 2.773, 2.121, 3.486, 3.846, 4.286, 4.518, 4.397, 3.446, 2.06, 0.0, 2.117, 2.103, 1.87, 1.182, 2.977, 4.657, 4.908, 3.965, 4.12, 5.03, 5.209, 6.022, 6.024, 5.553, 4.821, 4.02, 4.417, 5.232, 3.656, 3.93, 3.787, 3.166, 3.359, 3.885, 3.419, 2.958, 3.462, 4.15, 4.603, 3.683, 3.481, 3.859, 3.902, 3.196, 3.052, 3.167, 3.581, 4.447, 4.658, 3.351, 2.502, 2.558, 2.419, 2.883, 3.19, 2.303, 1.804, 3.514, 4.179, 3.303, 2.164, 2.262, 4.027, 3.941, 3.992, 4.183, 3.819, 2.775, 2.952, 3.735, 4.365, 4.645, 4.484, 4.653, 5.294, 5.215, 4.487, 4.249, 3.839, 3.516, 2.959, 2.151, 2.69, 3.109, 2.7, 3.076, 3.242, 5.001, 6.695, 6.424, 7.55, 9.484, 10.13, 8.993, 9.67, 9.243, 7.316, 7.163, 7.287, 7.481, 7.906, 7.625, 7.795, 7.887, 7.266, 5.083, 4.235, 4.815, 5.05, 5.144, 4.965, 5.12, 5.72, 4.893, 3.793, 3.582, 4.29, 5.085, 5.478, 5.714, 5.328, 5.143, 5.58, 7.056, 8.063, 7.808, 7.426, 7.081, 6.055, 5.404, 3.458], [6.304, 6.433, 6.767, 6.265, 6.294, 6.639, 7.323, 7.14, 6.372, 5.227, 4.741, 4.753, 4.596, 3.409, 2.523, 3.234, 5.053, 5.3, 5.768, 6.06, 5.964, 4.996, 3.784, 2.117, 0.0, 1.412, 1.673, 2.251, 4.146, 5.759, 5.944, 5.483, 5.583, 6.333, 6.71, 7.542, 7.447, 6.832, 6.215, 4.96, 4.311, 3.949, 3.624, 4.938, 4.608, 4.1, 4.622, 5.558, 5.017, 4.138, 4.853, 5.588, 5.837, 4.864, 4.855, 5.289, 5.245, 4.59, 4.509, 4.456, 5.012, 6.022, 6.298, 4.893, 3.83, 3.987, 3.773, 4.119, 4.648, 3.732, 2.644, 3.254, 3.936, 3.291, 2.584, 3.522, 5.658, 5.471, 5.329, 5.464, 4.868, 3.823, 3.506, 4.255, 4.815, 5.227, 4.968, 5.086, 5.305, 4.728, 4.4, 3.843, 3.25, 3.171, 3.109, 2.419, 2.417, 2.308, 2.604, 3.1, 3.129, 4.672, 5.789, 5.573, 6.688, 8.19, 8.522, 7.461, 8.141, 7.885, 6.156, 6.019, 6.606, 6.778, 7.194, 6.867, 7.129, 7.455, 6.844, 5.461, 4.65, 4.683, 5.128, 6.204, 6.255, 6.404, 7.179, 6.247, 5.009, 4.541, 5.57, 6.436, 6.76, 6.95, 6.504, 6.404, 6.947, 8.548, 9.602, 9.708, 9.384, 8.676, 7.607, 7.094, 5.142], [6.043, 6.587, 7.083, 6.015, 5.668, 6.032, 6.796, 6.673, 5.912, 4.927, 4.674, 4.613, 4.368, 3.376, 2.251, 2.927, 4.892, 5.231, 5.642, 5.94, 6.051, 5.044, 3.766, 2.103, 1.412, 0.0, 1.346, 1.923, 3.781, 5.396, 5.599, 5.342, 5.385, 5.956, 6.432, 7.273, 7.193, 6.692, 5.974, 4.44, 3.522, 3.613, 2.857, 4.398, 4.062, 3.438, 4.296, 5.4, 4.79, 3.763, 4.442, 5.255, 5.394, 4.556, 4.696, 5.122, 5.096, 4.45, 4.304, 4.343, 4.941, 5.707, 6.074, 4.896, 3.865, 3.916, 3.739, 3.734, 4.249, 3.577, 2.315, 2.619, 3.556, 2.762, 2.478, 3.181, 5.455, 5.378, 4.877, 5.14, 4.649, 3.616, 3.28, 3.742, 4.304, 4.532, 4.369, 4.626, 4.845, 3.918, 3.683, 3.422, 2.678, 2.385, 2.529, 2.053, 1.931, 2.104, 2.463, 2.864, 2.594, 4.142, 5.729, 5.613, 6.98, 8.496, 8.759, 7.498, 8.235, 8.052, 6.114, 5.703, 6.286, 6.788, 7.348, 7.193, 7.448, 7.665, 6.854, 5.151, 4.123, 4.47, 4.694, 5.627, 5.569, 6.037, 6.948, 6.065, 4.595, 4.236, 5.246, 6.309, 6.554, 6.551, 5.939, 5.909, 6.698, 8.466, 9.51, 9.509, 9.236, 8.749, 7.706, 7.074, 5.018], [6.135, 6.712, 7.527, 6.205, 5.141, 5.498, 6.199, 6.027, 5.26, 4.243, 3.891, 3.851, 3.668, 3.082, 2.861, 2.274, 3.993, 4.323, 4.797, 5.043, 5.037, 4.082, 2.831, 1.87, 1.673, 1.346, 0.0, 1.757, 3.304, 4.815, 5.051, 4.452, 4.549, 5.486, 5.67, 6.544, 6.447, 5.917, 5.274, 4.135, 3.714, 4.535, 3.175, 3.841, 3.653, 3.114, 3.75, 4.597, 4.017, 3.105, 3.809, 4.575, 4.768, 3.829, 3.833, 4.329, 4.287, 3.52, 3.559, 3.605, 3.998, 5.032, 5.292, 3.911, 2.883, 3.107, 2.937, 3.12, 3.614, 2.796, 1.67, 3.177, 3.583, 2.876, 2.265, 2.655, 4.575, 4.565, 4.231, 4.463, 4.103, 2.892, 2.638, 3.158, 3.827, 4.123, 4.221, 4.508, 4.945, 4.564, 3.914, 3.611, 2.857, 2.599, 2.55, 1.688, 2.085, 2.819, 2.478, 2.751, 2.611, 4.38, 6.182, 6.016, 7.242, 9.03, 9.621, 8.438, 9.121, 8.715, 6.673, 6.584, 6.858, 7.138, 7.583, 7.361, 7.663, 7.79, 7.017, 5.134, 4.029, 4.601, 4.747, 5.117, 5.005, 5.407, 6.188, 5.348, 4.048, 3.664, 4.602, 5.544, 5.83, 5.877, 5.306, 5.253, 5.966, 7.671, 8.611, 8.637, 8.306, 7.76, 6.689, 6.066, 4.052], [6.541, 7.334, 8.208, 6.424, 5.646, 5.992, 6.739, 6.351, 5.642, 4.319, 3.397, 3.636, 3.557, 2.825, 2.415, 1.676, 3.332, 3.607, 4.134, 4.514, 4.369, 3.44, 2.043, 1.182, 2.251, 1.923, 1.757, 0.0, 2.326, 3.983, 4.404, 3.65, 3.907, 4.819, 5.097, 5.893, 5.934, 5.467, 4.602, 3.659, 4.099, 5.195, 3.741, 3.778, 3.688, 3.315, 3.174, 3.927, 3.38, 3.201, 3.458, 4.128, 4.462, 3.728, 3.44, 3.676, 3.639, 2.833, 2.743, 3.016, 3.339, 4.122, 4.425, 3.204, 2.27, 2.721, 2.49, 3.09, 3.354, 2.523, 2.011, 3.735, 4.385, 3.547, 2.542, 2.084, 3.909, 3.914, 4.058, 4.07, 3.891, 2.831, 2.927, 3.695, 4.481, 4.798, 4.821, 5.071, 5.537, 5.27, 4.467, 3.977, 3.634, 3.151, 2.685, 1.719, 2.661, 3.19, 2.314, 2.542, 3.088, 5.047, 6.888, 6.737, 7.959, 9.753, 10.325, 9.117, 9.803, 9.463, 7.287, 7.182, 7.344, 7.687, 8.21, 7.98, 8.124, 8.277, 7.717, 5.464, 4.432, 5.017, 5.325, 5.562, 5.196, 5.297, 5.716, 4.787, 3.601, 3.371, 4.107, 5.14, 5.663, 6.044, 5.717, 5.383, 5.84, 7.095, 7.948, 7.668, 7.391, 6.999, 6.011, 5.362, 3.37], [8.45, 9.269, 9.99, 8.171, 6.774, 7.117, 7.372, 6.761, 6.147, 4.917, 3.367, 3.412, 3.935, 4.252, 3.475, 1.862, 1.837, 2.288, 3.315, 3.573, 3.099, 2.906, 2.252, 2.977, 4.146, 3.781, 3.304, 2.326, 0.0, 1.93, 2.454, 1.99, 2.286, 3.16, 3.665, 4.506, 4.853, 4.499, 3.638, 2.835, 4.742, 6.911, 5.487, 3.669, 3.88, 3.92, 2.646, 2.629, 3.157, 4.199, 4.093, 4.003, 3.935, 3.802, 3.958, 3.095, 2.592, 2.218, 2.186, 2.268, 2.285, 2.468, 2.906, 2.099, 2.01, 2.49, 2.653, 3.877, 3.84, 3.012, 3.303, 5.637, 6.233, 5.379, 4.296, 2.12, 2.711, 2.797, 3.685, 3.569, 3.618, 3.13, 3.764, 4.722, 5.592, 6.064, 6.285, 6.816, 7.341, 6.884, 5.519, 4.717, 4.556, 4.092, 2.78, 2.846, 4.297, 4.975, 3.435, 2.632, 3.97, 7.027, 8.872, 8.725, 9.829, 11.723, 12.111, 10.884, 11.633, 11.302, 9.149, 8.878, 8.996, 9.477, 10.189, 9.92, 9.938, 10.184, 9.676, 7.374, 6.297, 6.874, 7.228, 6.59, 5.827, 4.982, 4.65, 3.868, 3.068, 2.693, 3.143, 4.264, 5.158, 5.985, 6.245, 5.766, 5.459, 5.782, 6.254, 6.146, 5.878, 5.392, 4.344, 3.796, 2.543], [9.956, 10.72, 11.499, 9.563, 7.682, 7.9, 8.185, 7.539, 6.996, 5.855, 4.355, 4.355, 5.396, 5.765, 4.898, 3.196, 2.177, 2.592, 3.609, 3.981, 3.411, 3.735, 3.485, 4.657, 5.759, 5.396, 4.815, 3.983, 1.93, 0.0, 1.539, 1.734, 2.499, 3.165, 3.697, 4.418, 4.945, 4.753, 3.905, 3.373, 5.58, 8.112, 6.958, 4.642, 4.846, 4.868, 3.621, 3.07, 3.913, 5.023, 4.828, 4.515, 4.306, 4.49, 4.794, 3.876, 3.146, 3.02, 2.563, 2.948, 2.612, 2.438, 2.775, 2.301, 3.169, 3.449, 3.753, 4.724, 4.586, 4.071, 4.691, 7.104, 7.756, 6.861, 5.785, 3.422, 2.772, 3.316, 4.104, 4.27, 4.527, 4.541, 5.032, 6.125, 7.11, 7.51, 7.731, 8.292, 8.832, 8.249, 6.719, 5.933, 5.783, 5.072, 4.037, 4.215, 5.787, 6.459, 4.899, 4.056, 5.388, 8.516, 10.323, 10.239, 11.323, 13.225, 13.548, 12.237, 12.989, 12.657, 10.625, 10.114, 9.982, 10.604, 11.474, 11.381, 11.274, 11.646, 11.16, 8.837, 7.686, 8.293, 8.701, 7.629, 6.572, 5.573, 4.847, 4.18, 3.919, 3.808, 3.549, 4.591, 5.455, 6.484, 7.06, 6.537, 5.817, 5.866, 5.776, 5.333, 4.98, 4.604, 3.842, 3.4, 3.035], [10.231, 11.054, 11.718, 9.896, 8.265, 8.342, 8.262, 7.6, 7.236, 6.297, 4.328, 4.44, 5.671, 6.023, 4.994, 3.43, 2.472, 2.706, 3.514, 4.199, 3.661, 3.852, 3.88, 4.908, 5.944, 5.599, 5.051, 4.404, 2.454, 1.539, 0.0, 1.616, 2.403, 3.161, 3.387, 4.383, 4.893, 4.728, 3.858, 3.03, 5.855, 8.354, 7.037, 4.706, 4.839, 4.712, 3.479, 2.89, 4.225, 5.456, 5.321, 4.834, 4.629, 4.813, 5.149, 4.101, 3.617, 3.296, 2.785, 3.193, 2.82, 2.579, 2.868, 2.542, 3.67, 3.542, 4.348, 5.13, 4.952, 4.721, 5.243, 7.222, 7.97, 7.059, 6.081, 3.624, 2.83, 3.756, 4.572, 4.311, 4.409, 4.871, 5.221, 6.427, 7.363, 7.723, 7.791, 8.503, 9.13, 8.315, 6.793, 6.08, 5.879, 5.359, 4.138, 4.425, 5.946, 6.539, 4.972, 4.147, 5.478, 8.673, 10.511, 10.405, 11.579, 13.309, 13.637, 12.354, 13.118, 12.803, 10.826, 10.3, 10.385, 11.035, 11.908, 11.713, 11.858, 12.005, 11.375, 9.192, 8.133, 8.759, 9.05, 8.096, 7.002, 5.893, 4.889, 4.333, 4.538, 3.845, 3.385, 4.469, 5.507, 6.631, 7.355, 6.817, 5.979, 5.567, 5.324, 4.949, 4.654, 4.322, 3.707, 3.308, 3.557], [9.19, 9.955, 10.885, 9.023, 6.985, 7.141, 7.327, 6.695, 6.097, 5.105, 3.255, 3.44, 4.696, 5.08, 4.681, 2.805, 1.51, 1.766, 2.636, 3.359, 2.769, 3.063, 2.721, 3.965, 5.483, 5.342, 4.452, 3.65, 1.99, 1.734, 1.616, 0.0, 1.668, 2.711, 2.717, 3.498, 4.001, 3.804, 2.974, 3.052, 5.89, 8.185, 6.523, 4.073, 4.197, 4.262, 2.886, 2.115, 3.095, 4.241, 4.15, 3.911, 3.582, 3.73, 3.999, 3.089, 2.437, 2.148, 1.97, 2.393, 2.004, 2.051, 2.178, 1.559, 2.474, 2.677, 3.094, 3.961, 3.903, 3.419, 4.227, 6.703, 7.11, 6.077, 5.061, 2.841, 1.891, 2.48, 3.36, 3.424, 3.778, 3.892, 4.379, 5.484, 6.327, 6.9, 7.157, 7.516, 8.165, 8.022, 6.77, 5.9, 5.726, 5.333, 3.994, 3.907, 5.41, 6.117, 4.475, 3.723, 5.054, 7.994, 9.765, 9.618, 10.618, 12.721, 13.279, 12.049, 12.75, 12.219, 10.259, 10.119, 10.141, 10.355, 10.835, 10.702, 10.73, 10.906, 10.371, 8.061, 6.984, 7.603, 7.925, 6.844, 5.763, 4.77, 3.944, 3.49, 3.422, 3.238, 2.864, 3.55, 4.591, 5.731, 6.188, 5.702, 5.061, 4.787, 4.91, 4.66, 4.379, 4.107, 3.16, 2.605, 2.416], [8.46, 9.203, 10.255, 8.424, 6.237, 6.267, 6.121, 5.434, 5.107, 4.207, 2.365, 2.646, 3.941, 4.331, 4.119, 2.868, 1.263, 1.47, 1.942, 2.457, 2.506, 2.502, 2.844, 4.12, 5.583, 5.385, 4.549, 3.907, 2.286, 2.499, 2.403, 1.668, 0.0, 1.751, 1.791, 2.52, 2.92, 2.761, 2.035, 2.061, 5.369, 7.653, 5.946, 3.412, 3.572, 3.668, 2.236, 1.601, 2.395, 3.544, 3.509, 3.168, 3.055, 2.951, 3.421, 2.345, 2.054, 2.163, 2.291, 2.166, 1.825, 2.497, 2.629, 2.115, 2.423, 2.32, 2.85, 3.517, 3.355, 3.278, 3.884, 6.195, 6.506, 5.34, 4.493, 2.581, 1.34, 1.741, 2.677, 2.411, 2.843, 3.189, 3.662, 4.763, 5.644, 6.181, 6.4, 6.79, 7.507, 7.428, 6.185, 5.317, 5.275, 4.957, 3.604, 3.689, 4.862, 5.494, 3.922, 3.314, 4.455, 7.342, 9.098, 8.856, 9.857, 12.034, 12.62, 11.457, 12.152, 11.653, 9.747, 9.592, 9.598, 9.743, 10.15, 9.961, 9.988, 10.185, 9.636, 7.317, 6.249, 7.012, 7.215, 6.063, 5.003, 3.814, 2.779, 2.331, 2.764, 2.526, 1.814, 2.423, 3.382, 4.376, 5.24, 4.735, 3.78, 3.795, 4.512, 5.16, 4.902, 4.326, 3.198, 2.846, 2.646], [8.993, 9.708, 10.532, 8.837, 6.463, 6.182, 5.717, 5.046, 4.81, 4.086, 2.803, 3.028, 4.49, 4.882, 4.522, 3.722, 2.211, 2.179, 2.103, 2.449, 2.565, 2.708, 3.851, 5.03, 6.333, 5.956, 5.486, 4.819, 3.16, 3.165, 3.161, 2.711, 1.751, 0.0, 1.551, 1.917, 2.06, 1.901, 1.411, 2.158, 5.455, 7.813, 6.254, 3.715, 3.884, 3.952, 2.437, 1.661, 2.693, 3.545, 3.267, 3.039, 2.854, 3.506, 3.807, 2.738, 2.506, 2.853, 2.817, 2.193, 2.196, 2.399, 2.434, 2.795, 3.487, 3.319, 3.555, 3.419, 3.209, 3.706, 4.468, 6.577, 7.004, 5.917, 5.195, 3.316, 1.88, 2.092, 2.714, 2.557, 3.022, 3.661, 4.214, 5.217, 6.16, 6.68, 6.882, 7.324, 7.904, 7.587, 6.229, 5.477, 5.611, 5.071, 3.86, 4.417, 5.196, 5.716, 4.499, 4.131, 4.746, 7.903, 9.614, 9.435, 10.388, 12.447, 12.902, 11.638, 12.416, 11.976, 10.066, 9.741, 9.701, 10.04, 10.618, 10.467, 10.223, 10.703, 10.17, 7.854, 6.738, 7.374, 7.781, 6.069, 5.007, 3.452, 1.98, 1.575, 3.025, 2.901, 1.55, 1.759, 2.753, 3.972, 5.039, 4.563, 3.041, 3.111, 4.589, 5.236, 4.968, 4.371, 3.234, 3.119, 3.116], [9.272, 10.082, 11.209, 9.297, 6.771, 6.374, 5.755, 5.019, 5.243, 4.446, 3.035, 3.146, 4.759, 5.089, 5.248, 4.163, 2.245, 2.14, 2.243, 2.724, 2.788, 3.03, 4.046, 5.209, 6.71, 6.432, 5.67, 5.097, 3.665, 3.697, 3.387, 2.717, 1.791, 1.551, 0.0, 1.472, 1.789, 2.091, 1.78, 2.699, 6.238, 8.531, 6.885, 4.247, 4.43, 4.511, 2.782, 1.764, 2.937, 3.916, 3.702, 3.299, 3.21, 3.611, 3.878, 2.819, 2.667, 3.01, 3.444, 2.687, 2.547, 2.919, 2.847, 3.244, 3.754, 3.341, 3.752, 3.953, 3.61, 3.956, 4.735, 7.135, 7.25, 6.143, 5.319, 3.685, 2.278, 2.379, 3.104, 2.664, 3.62, 4.05, 4.398, 5.526, 6.456, 6.947, 7.302, 7.549, 8.47, 8.309, 7.096, 6.26, 6.166, 5.907, 4.586, 4.804, 5.814, 6.41, 5.055, 4.695, 5.355, 8.158, 9.794, 9.611, 10.814, 12.847, 13.528, 12.337, 12.991, 12.525, 10.55, 10.458, 10.451, 10.653, 11.036, 10.74, 10.812, 11.027, 10.427, 8.139, 7.07, 7.958, 8.081, 6.41, 5.45, 4.104, 2.183, 2.191, 3.692, 3.39, 1.723, 1.917, 3.021, 4.274, 5.494, 4.877, 3.077, 2.618, 3.684, 4.317, 4.187, 3.752, 2.716, 2.565, 3.446], [9.426, 10.067, 11.426, 9.545, 6.638, 5.829, 5.143, 4.47, 4.877, 4.354, 3.427, 3.679, 4.94, 5.379, 5.838, 4.942, 3.037, 2.639, 2.507, 2.659, 2.783, 3.432, 4.635, 6.022, 7.542, 7.273, 6.544, 5.893, 4.506, 4.418, 4.383, 3.498, 2.52, 1.917, 1.472, 0.0, 0.915, 1.363, 1.784, 3.277, 6.46, 8.779, 7.174, 4.467, 4.719, 4.817, 3.507, 2.391, 3.077, 3.866, 3.409, 3.12, 3.087, 3.716, 3.93, 2.961, 2.989, 3.528, 3.957, 3.369, 3.221, 3.27, 3.095, 3.905, 4.374, 4.054, 4.224, 4.123, 3.558, 4.37, 5.448, 7.407, 7.569, 6.344, 5.903, 4.426, 2.659, 2.571, 2.973, 2.948, 3.969, 4.514, 4.768, 5.84, 6.735, 7.258, 7.571, 7.757, 8.732, 8.649, 7.433, 6.509, 6.44, 6.241, 5.202, 5.492, 6.307, 6.811, 5.78, 5.403, 5.767, 8.47, 10.129, 9.918, 10.988, 13.194, 13.883, 12.644, 13.295, 12.784, 10.821, 10.738, 10.707, 10.807, 11.05, 11.032, 10.909, 11.275, 10.53, 8.182, 7.078, 8.031, 8.164, 6.41, 5.076, 3.75, 1.41, 2.055, 3.776, 3.795, 2.24, 1.93, 2.814, 4.024, 5.407, 4.476, 2.468, 2.005, 3.286, 3.849, 3.752, 3.299, 2.385, 2.675, 3.566], [9.017, 9.658, 11.021, 9.203, 6.145, 5.286, 4.537, 3.885, 4.362, 3.933, 3.139, 3.272, 4.583, 4.928, 5.697, 4.987, 3.249, 2.762, 2.415, 2.685, 2.801, 3.428, 4.643, 6.024, 7.447, 7.193, 6.447, 5.934, 4.853, 4.945, 4.893, 4.001, 2.92, 2.06, 1.789, 0.915, 0.0, 1.054, 1.63, 3.119, 6.207, 8.498, 6.825, 4.163, 4.372, 4.601, 3.519, 2.453, 3.127, 3.711, 3.107, 2.926, 2.833, 3.378, 3.728, 2.899, 2.939, 3.527, 3.981, 3.367, 3.264, 3.614, 3.401, 4.153, 4.392, 3.986, 4.062, 3.899, 3.425, 4.146, 5.266, 7.16, 7.185, 5.902, 5.652, 4.37, 2.741, 2.556, 2.737, 2.578, 3.563, 4.153, 4.391, 5.47, 6.379, 6.914, 7.203, 7.303, 8.344, 8.292, 7.076, 6.227, 6.241, 6.083, 5.05, 5.346, 6.071, 6.45, 5.631, 5.424, 5.447, 8.082, 9.709, 9.505, 10.586, 12.798, 13.503, 12.323, 12.956, 12.44, 10.479, 10.425, 10.436, 10.503, 10.71, 10.604, 10.505, 10.871, 10.1, 7.756, 6.679, 7.661, 7.77, 5.99, 4.689, 3.311, 0.949, 1.756, 3.469, 3.38, 2.044, 1.739, 2.495, 3.63, 4.996, 4.026, 2.07, 1.982, 3.509, 4.227, 4.009, 3.56, 2.615, 2.729, 3.543], [8.664, 9.222, 10.581, 8.894, 5.853, 5.1, 4.542, 3.96, 3.928, 3.511, 2.591, 2.81, 4.135, 4.591, 5.287, 4.591, 3.052, 2.477, 1.895, 2.33, 2.474, 2.965, 4.215, 5.553, 6.832, 6.692, 5.917, 5.467, 4.499, 4.753, 4.728, 3.804, 2.761, 1.901, 2.091, 1.363, 1.054, 0.0, 1.194, 2.731, 5.872, 8.181, 6.52, 3.759, 4.048, 4.208, 3.044, 2.186, 2.728, 3.24, 2.789, 2.596, 2.379, 2.816, 3.229, 2.43, 2.486, 3.078, 3.595, 2.892, 2.812, 3.443, 3.165, 3.676, 3.841, 3.46, 3.518, 3.312, 2.972, 3.569, 4.678, 6.811, 6.792, 5.604, 5.064, 3.944, 2.3, 1.997, 2.306, 2.204, 3.155, 3.686, 3.992, 5.092, 6.008, 6.594, 6.782, 6.934, 7.922, 7.985, 6.74, 5.912, 5.854, 5.603, 4.587, 4.929, 5.513, 6.029, 5.128, 4.997, 5.113, 7.723, 9.401, 9.123, 10.212, 12.35, 13.075, 12.0, 12.634, 12.149, 10.131, 10.077, 10.137, 10.211, 10.452, 10.191, 10.113, 10.545, 9.753, 7.382, 6.29, 7.244, 7.423, 5.629, 4.402, 2.951, 0.909, 1.488, 3.172, 3.032, 1.706, 1.239, 2.168, 3.256, 4.668, 3.823, 2.005, 2.329, 3.886, 4.652, 4.457, 3.706, 2.718, 3.081, 3.201], [8.74, 9.399, 10.405, 8.687, 6.168, 5.862, 5.435, 4.781, 4.548, 3.878, 2.48, 2.731, 4.241, 4.648, 4.51, 3.643, 2.256, 2.126, 1.68, 2.323, 2.636, 2.628, 3.734, 4.821, 6.215, 5.974, 5.274, 4.602, 3.638, 3.905, 3.858, 2.974, 2.035, 1.411, 1.78, 1.784, 1.63, 1.194, 0.0, 2.068, 5.589, 7.905, 6.197, 3.57, 3.762, 3.863, 2.332, 1.552, 2.543, 3.306, 3.217, 2.722, 2.42, 2.959, 3.32, 2.516, 2.261, 2.516, 2.667, 2.129, 2.241, 2.858, 2.579, 2.916, 3.246, 3.008, 3.226, 3.275, 3.239, 3.479, 4.439, 6.524, 6.769, 5.697, 4.966, 3.043, 1.678, 1.912, 2.4, 2.151, 2.964, 3.515, 4.053, 5.113, 6.019, 6.598, 6.705, 7.06, 7.737, 7.643, 6.4, 5.573, 5.581, 5.265, 4.014, 4.096, 5.115, 5.801, 4.465, 4.126, 4.773, 7.642, 9.369, 9.213, 10.204, 12.255, 12.846, 11.657, 12.326, 11.832, 9.902, 9.807, 9.818, 9.95, 10.299, 10.243, 10.116, 10.54, 9.956, 7.603, 6.395, 7.114, 7.464, 5.878, 4.764, 3.294, 1.461, 1.474, 2.904, 2.785, 1.291, 1.261, 2.438, 3.785, 5.075, 4.505, 2.648, 2.839, 4.126, 4.754, 4.55, 3.976, 2.976, 3.208, 2.928], [7.667, 8.472, 9.146, 7.347, 5.579, 5.594, 5.575, 4.973, 4.413, 3.515, 1.827, 1.907, 3.091, 3.529, 3.137, 2.547, 2.189, 2.597, 2.352, 2.988, 3.454, 2.993, 3.208, 4.02, 4.96, 4.44, 4.135, 3.659, 2.835, 3.373, 3.03, 3.052, 2.061, 2.158, 2.699, 3.277, 3.119, 2.731, 2.068, 0.0, 3.687, 6.006, 4.595, 2.16, 2.304, 2.273, 1.71, 2.186, 2.564, 2.933, 2.947, 2.77, 2.648, 2.666, 3.369, 2.649, 2.432, 2.346, 2.166, 2.024, 2.395, 3.173, 3.51, 2.785, 2.827, 2.217, 2.889, 3.006, 2.864, 3.076, 3.381, 4.885, 5.512, 4.528, 3.881, 2.008, 2.038, 2.05, 2.042, 1.664, 1.795, 2.347, 2.738, 3.903, 4.892, 5.257, 5.29, 5.957, 6.555, 5.928, 4.531, 3.806, 3.731, 3.305, 2.291, 2.788, 3.455, 4.14, 3.218, 2.797, 3.084, 6.22, 8.004, 7.838, 9.006, 10.804