[[0.0, 1.006, 1.332, 1.724, 2.505, 3.596, 4.314, 4.726, 5.713, 7.715, 7.368, 7.286, 6.995, 5.753, 5.946, 7.322, 4.916, 4.493, 8.388, 9.242, 7.473, 8.024, 9.293, 10.432, 11.311, 11.626, 10.381, 8.91, 6.943, 4.782, 3.109, 2.45, 3.773, 5.3, 7.49, 9.262, 10.861, 11.669, 12.746, 14.928, 15.746, 14.526, 13.148, 14.137, 14.503, 12.615, 11.336, 11.569, 11.128, 10.026, 9.1, 8.627, 7.847, 5.964, 4.778, 3.782, 2.825, 3.047, 2.895, 2.137, 2.09, 3.123, 2.567, 3.766, 3.999, 3.605, 3.143, 2.758, 2.776, 3.691, 4.338, 3.573, 3.045, 3.107, 1.634, 2.096, 1.224, 1.924, 2.318, 1.828, 1.972, 2.849, 3.091, 3.515, 3.866, 4.261, 4.111, 5.726, 5.704, 6.413, 5.454, 5.58, 7.276, 8.755, 8.005, 8.177, 9.325, 7.963, 4.878, 3.616, 3.962, 3.073, 2.305, 2.644, 4.002, 4.747, 4.832, 4.042, 2.15, 2.19, 3.43, 4.848, 5.138, 5.563, 5.308, 4.467, 5.082, 6.104, 5.576, 5.135, 9.294, 12.65, 11.472, 11.299, 12.246, 11.442, 9.598, 9.422, 9.819, 8.274, 9.375, 11.547, 11.782, 9.804, 8.787, 8.651, 8.597, 7.831, 8.976, 11.997, 13.34, 14.237, 15.046, 14.666, 12.569, 10.43, 10.767, 11.937, 13.573, 14.394, 13.648, 10.929, 9.853, 9.953, 9.355, 8.72, 8.666, 8.661, 8.895, 8.117, 8.081, 8.58, 8.005, 8.246, 7.888, 6.892, 7.356, 7.889, 6.451, 6.838, 8.185, 5.682, 3.825, 3.539, 3.616, 3.269, 3.993, 4.896, 5.237, 4.874, 3.373, 2.642, 1.939, 2.141, 2.459, 1.697, 1.559, 1.452, 2.206, 2.561, 1.639, 2.132, 2.628, 2.123, 4.118, 5.306, 5.869, 7.504, 10.14, 9.924, 10.523, 12.067, 14.617, 14.052, 10.556, 8.903, 7.649, 7.168, 7.612, 8.271, 8.035, 8.232, 9.626, 10.558, 11.199, 11.716, 11.607, 10.853, 10.476, 9.476, 8.102, 9.446, 9.698, 7.889, 6.9, 6.382, 5.258, 2.958, 3.141, 3.313], [1.006, 0.0, 1.113, 1.643, 2.256, 3.339, 4.34, 4.731, 5.727, 7.763, 7.418, 7.3, 7.009, 5.788, 5.96, 7.339, 4.977, 4.629, 8.503, 9.256, 7.487, 8.044, 9.324, 10.497, 11.407, 11.693, 10.446, 9.0, 6.957, 4.799, 3.226, 2.22, 3.457, 5.093, 7.281, 9.158, 10.872, 11.652, 12.716, 14.905, 15.711, 14.463, 13.01, 14.019, 14.408, 12.514, 11.24, 11.439, 10.998, 9.926, 8.897, 8.406, 7.545, 5.644, 4.517, 3.407, 2.381, 2.413, 2.3, 1.769, 1.874, 2.923, 2.726, 3.994, 4.19, 3.853, 3.406, 2.944, 2.924, 3.799, 4.408, 3.63, 3.096, 3.214, 1.657, 1.903, 1.374, 2.266, 2.409, 1.781, 2.398, 2.896, 3.254, 3.893, 4.331, 4.657, 4.55, 5.831, 5.742, 6.509, 5.536, 5.594, 7.363, 8.829, 8.09, 8.273, 9.401, 8.105, 4.984, 3.747, 4.117, 3.166, 2.318, 2.611, 4.016, 4.731, 4.864, 4.052, 2.158, 2.226, 3.518, 4.955, 5.266, 5.694, 5.438, 4.543, 5.208, 6.251, 5.686, 5.213, 9.374, 12.664, 11.486, 11.336, 12.312, 11.478, 9.623, 9.472, 9.866, 8.298, 9.392, 11.561, 11.824, 9.922, 8.902, 8.815, 8.707, 7.97, 9.073, 12.059, 13.418, 14.284, 15.157, 14.761, 12.681, 10.54, 10.796, 12.022, 13.65, 14.483, 13.671, 11.015, 9.927, 10.014, 9.415, 8.763, 8.736, 8.692, 8.906, 8.161, 8.14, 8.642, 8.035, 8.26, 7.943, 6.961, 7.37, 7.936, 6.562, 6.947, 8.293, 5.798, 3.494, 3.543, 3.665, 3.217, 3.805, 4.965, 5.364, 4.954, 3.464, 2.162, 1.291, 1.543, 1.87, 1.519, 1.31, 1.275, 2.344, 2.549, 1.457, 2.34, 2.797, 2.276, 4.29, 5.436, 5.947, 7.538, 10.157, 9.941, 10.536, 12.098, 14.631, 14.071, 10.627, 9.001, 7.83, 7.426, 7.8, 8.359, 8.153, 8.27, 9.707, 10.573, 11.217, 11.802, 11.703, 10.915, 10.535, 9.562, 8.193, 9.527, 9.738, 7.967, 6.991, 6.514, 5.358, 3.101, 3.22, 3.337], [1.332, 1.113, 0.0, 0.886, 2.004, 2.825, 3.409, 3.913, 4.761, 6.787, 6.513, 6.306, 6.058, 4.812, 4.99, 6.309, 4.147, 3.86, 7.602, 8.276, 6.48, 7.068, 8.348, 9.521, 10.497, 10.773, 9.491, 8.064, 5.948, 3.818, 2.782, 2.432, 4.214, 5.982, 8.184, 10.174, 11.905, 12.679, 13.747, 15.914, 16.735, 15.473, 13.981, 15.017, 15.383, 13.502, 12.216, 12.37, 11.895, 10.839, 9.869, 9.342, 8.302, 6.492, 5.384, 4.156, 2.858, 2.569, 2.117, 1.797, 2.531, 3.709, 2.951, 3.267, 3.389, 3.377, 2.962, 2.638, 2.221, 2.986, 3.511, 2.752, 2.289, 2.33, 1.331, 2.573, 1.901, 2.058, 2.551, 2.162, 2.519, 3.361, 3.591, 3.897, 4.406, 4.819, 4.32, 5.093, 4.858, 5.608, 4.612, 4.585, 6.412, 7.924, 7.129, 7.331, 8.459, 7.204, 4.06, 2.868, 3.198, 2.45, 2.075, 2.176, 3.079, 3.749, 3.864, 3.095, 1.497, 1.483, 2.613, 4.066, 4.366, 4.793, 4.541, 3.651, 4.309, 5.351, 4.793, 4.295, 8.429, 11.655, 10.479, 10.403, 11.336, 10.502, 8.659, 8.537, 9.006, 7.344, 8.438, 10.589, 10.864, 9.022, 8.002, 7.984, 7.829, 7.143, 8.179, 11.121, 12.511, 13.39, 14.263, 13.856, 11.787, 9.646, 9.849, 11.05, 12.677, 13.516, 12.695, 10.075, 9.083, 9.094, 8.539, 7.856, 7.909, 7.786, 7.94, 7.259, 7.265, 7.769, 7.163, 7.273, 7.001, 5.988, 6.361, 7.035, 5.662, 6.049, 7.399, 4.904, 2.932, 2.741, 2.824, 2.445, 3.115, 4.038, 4.479, 4.054, 2.588, 1.846, 1.293, 1.642, 1.999, 1.827, 1.417, 1.752, 3.262, 3.568, 2.077, 1.732, 2.082, 1.739, 3.61, 4.597, 5.122, 6.596, 9.157, 8.966, 9.56, 11.145, 13.653, 13.095, 9.647, 8.037, 7.128, 6.652, 7.082, 7.553, 7.41, 7.471, 8.816, 9.596, 10.263, 10.843, 10.764, 9.959, 9.556, 8.574, 7.236, 8.576, 8.766, 7.056, 6.075, 5.646, 4.507, 2.955, 3.403, 2.817], [1.724, 1.643, 0.886, 0.0, 1.539, 2.186, 2.806, 3.24, 4.13, 6.212, 5.883, 5.731, 5.482, 4.25, 4.399, 5.761, 3.776, 3.532, 7.041, 7.701, 5.905, 6.493, 7.773, 8.946, 9.868, 10.192, 8.932, 7.449, 5.357, 3.249, 2.517, 2.48, 4.548, 6.353, 8.532, 10.598, 12.478, 13.221, 14.263, 16.52, 17.287, 15.956, 14.428, 15.523, 15.958, 14.096, 12.798, 12.963, 12.521, 11.374, 10.324, 9.703, 8.649, 6.886, 5.777, 4.473, 3.078, 2.441, 1.855, 1.669, 2.998, 4.068, 3.063, 2.996, 3.195, 3.361, 2.911, 2.562, 1.938, 2.621, 3.04, 2.282, 2.007, 1.86, 1.312, 2.941, 2.212, 2.101, 2.44, 2.437, 2.523, 3.547, 3.629, 3.898, 4.425, 4.862, 4.348, 4.803, 4.5, 5.047, 4.026, 4.014, 5.832, 7.294, 6.539, 6.722, 7.85, 6.618, 3.487, 2.476, 2.732, 2.007, 1.747, 1.814, 2.498, 3.214, 3.307, 2.59, 1.3, 1.4, 2.293, 3.606, 3.79, 4.214, 3.951, 3.146, 3.812, 4.781, 4.297, 3.752, 7.831, 11.069, 9.904, 9.785, 10.761, 9.927, 8.125, 8.057, 8.598, 6.894, 8.023, 10.02, 10.302, 8.439, 7.506, 7.557, 7.459, 6.801, 7.569, 10.508, 11.894, 12.785, 13.659, 13.239, 11.19, 9.039, 9.245, 10.471, 12.1, 12.932, 12.12, 9.465, 8.551, 8.623, 8.101, 7.432, 7.556, 7.433, 7.529, 6.788, 6.891, 7.401, 6.785, 6.775, 6.46, 5.465, 5.781, 6.459, 5.104, 5.463, 6.794, 4.305, 2.657, 2.258, 2.235, 1.851, 2.565, 3.53, 3.928, 3.511, 2.107, 1.618, 1.324, 1.752, 2.059, 1.985, 1.597, 2.227, 3.817, 4.173, 2.504, 1.642, 1.805, 1.582, 3.318, 4.282, 4.818, 6.009, 8.583, 8.391, 8.936, 10.548, 13.077, 12.521, 9.049, 7.415, 6.789, 6.324, 6.752, 7.218, 7.112, 7.154, 8.506, 9.135, 9.667, 10.251, 10.152, 9.385, 8.983, 7.97, 6.617, 7.972, 8.148, 6.43, 5.449, 5.136, 4.017, 2.802, 3.318, 2.618], [2.505, 2.256, 2.004, 1.539, 0.0, 1.617, 2.779, 3.127, 4.132, 6.181, 5.836, 5.701, 5.426, 4.228, 4.382, 5.799, 4.256, 4.219, 6.95, 7.671, 5.874, 6.463, 7.743, 8.915, 9.825, 10.166, 8.864, 7.419, 5.384, 3.58, 2.98, 2.424, 4.492, 6.293, 8.47, 10.61, 12.466, 13.234, 14.276, 16.524, 17.305, 15.983, 14.475, 15.553, 15.989, 14.096, 12.822, 13.045, 12.603, 11.482, 10.303, 9.76, 8.674, 6.879, 5.75, 4.51, 3.017, 1.877, 1.44, 1.383, 2.983, 4.025, 2.988, 3.916, 3.827, 4.339, 3.875, 3.301, 3.011, 3.043, 2.975, 2.458, 2.373, 2.279, 1.929, 3.018, 2.653, 2.749, 2.638, 2.539, 3.084, 3.574, 3.82, 4.457, 5.07, 5.376, 5.172, 5.176, 4.54, 4.999, 4.021, 4.016, 5.816, 7.248, 6.509, 6.691, 7.82, 6.499, 3.477, 3.547, 3.167, 1.792, 1.722, 2.148, 2.753, 3.271, 3.267, 2.63, 1.848, 2.155, 2.678, 3.753, 3.712, 4.101, 3.892, 3.115, 3.719, 4.655, 4.262, 3.843, 7.807, 11.045, 9.874, 9.754, 10.73, 9.91, 8.105, 8.037, 8.599, 6.941, 8.033, 10.018, 10.243, 8.326, 7.442, 7.562, 7.447, 6.893, 7.508, 10.478, 11.837, 12.688, 13.56, 13.18, 11.083, 8.944, 9.215, 10.441, 12.069, 12.902, 12.089, 9.434, 8.56, 8.652, 8.129, 7.475, 7.594, 7.645, 7.574, 6.895, 7.015, 7.489, 6.825, 6.793, 6.459, 5.456, 5.751, 6.401, 5.014, 5.349, 6.699, 4.198, 2.524, 2.125, 2.265, 1.941, 2.454, 3.493, 3.829, 3.43, 2.369, 1.758, 1.647, 2.059, 2.147, 1.603, 1.953, 2.22, 3.89, 4.195, 2.714, 2.357, 2.422, 2.443, 4.134, 4.805, 5.414, 6.019, 8.558, 8.36, 8.917, 10.517, 13.047, 12.49, 9.039, 7.884, 7.463, 7.015, 7.57, 7.857, 7.741, 8.021, 9.167, 9.252, 9.649, 10.22, 10.122, 9.369, 8.97, 7.978, 6.605, 7.94, 8.15, 6.405, 5.409, 5.046, 4.049, 3.109, 3.557, 3.411], [3.596, 3.339, 2.825, 2.186, 1.617, 0.0, 1.487, 1.701, 2.627, 4.59, 4.332, 4.131, 4.198, 2.933, 3.095, 4.493, 3.193, 3.143, 5.706, 6.08, 4.307, 4.872, 6.18, 7.39, 8.318, 9.363, 7.95, 6.256, 4.169, 2.386, 2.201, 2.826, 5.711, 7.413, 9.658, 12.177, 14.035, 14.8, 15.845, 18.093, 18.874, 17.455, 15.87, 17.144, 17.58, 15.687, 14.412, 14.566, 14.119, 12.971, 11.782, 10.883, 9.486, 8.047, 7.156, 5.905, 4.26, 2.722, 1.964, 2.625, 4.552, 4.935, 2.989, 2.959, 2.822, 3.418, 3.055, 2.91, 2.481, 2.807, 2.596, 2.487, 2.884, 2.293, 2.882, 4.454, 3.766, 2.667, 2.876, 3.458, 3.348, 3.892, 3.824, 3.872, 4.516, 4.747, 4.42, 4.077, 3.316, 3.717, 2.98, 2.982, 4.963, 5.775, 4.918, 5.132, 6.323, 5.32, 2.748, 2.931, 2.891, 1.741, 2.024, 1.666, 1.666, 2.264, 2.245, 1.715, 2.09, 2.342, 2.576, 3.294, 3.152, 3.371, 3.209, 2.642, 3.032, 3.859, 3.857, 3.448, 6.721, 9.648, 8.297, 8.176, 9.14, 8.332, 6.599, 6.609, 7.297, 5.558, 6.628, 8.629, 8.849, 7.45, 6.927, 7.123, 7.009, 6.593, 6.926, 9.367, 10.555, 11.208, 12.05, 11.631, 9.742, 7.657, 7.721, 8.85, 10.479, 11.311, 10.499, 7.866, 7.1, 7.244, 6.709, 6.23, 6.347, 6.5, 6.337, 5.689, 5.761, 6.192, 5.773, 5.805, 5.335, 4.203, 4.269, 5.454, 4.374, 4.265, 5.38, 3.557, 2.603, 1.991, 2.043, 1.839, 2.442, 2.652, 2.867, 2.566, 2.531, 2.239, 2.567, 2.951, 2.973, 2.919, 2.998, 3.757, 5.38, 5.708, 4.054, 2.766, 2.459, 2.239, 3.252, 3.71, 4.273, 4.745, 6.986, 6.779, 7.357, 8.926, 11.456, 10.899, 7.504, 6.563, 6.352, 5.902, 6.478, 6.755, 6.627, 6.942, 8.017, 8.001, 8.117, 8.63, 8.537, 7.796, 7.411, 6.419, 5.109, 6.418, 6.61, 4.905, 3.938, 3.957, 2.941, 2.494, 3.039, 2.51], [4.314, 4.34, 3.409, 2.806, 2.779, 1.487, 0.0, 1.12, 1.638, 3.424, 3.21, 3.135, 3.245, 2.251, 2.68, 3.621, 2.796, 2.513, 4.527, 4.938, 3.181, 3.739, 5.22, 6.28, 7.383, 8.632, 7.428, 5.821, 3.854, 2.018, 2.043, 3.762, 6.879, 8.545, 10.779, 13.309, 15.167, 15.932, 16.977, 19.226, 20.007, 18.587, 17.022, 18.313, 18.748, 16.855, 15.581, 15.734, 15.293, 14.145, 12.915, 11.995, 10.662, 9.184, 8.287, 7.056, 5.452, 3.736, 2.884, 3.773, 5.684, 6.073, 3.656, 2.451, 2.458, 3.015, 2.486, 2.752, 2.614, 2.697, 2.382, 2.509, 2.816, 2.439, 3.459, 5.586, 4.738, 3.3, 3.971, 4.55, 4.045, 4.488, 4.675, 3.949, 4.38, 4.798, 4.049, 3.418, 2.914, 2.838, 2.441, 2.515, 4.428, 4.962, 3.973, 4.314, 5.364, 4.245, 2.3, 2.956, 2.902, 1.991, 2.727, 2.198, 1.482, 1.696, 1.627, 1.283, 2.47, 2.652, 2.642, 3.095, 2.93, 2.992, 2.856, 2.305, 2.695, 3.279, 3.471, 3.195, 6.255, 8.928, 7.277, 7.009, 7.971, 7.166, 5.443, 5.509, 6.259, 4.562, 5.496, 7.593, 7.671, 6.724, 6.422, 6.715, 6.548, 6.302, 6.494, 8.707, 9.659, 10.033, 10.906, 10.474, 8.605, 6.592, 6.763, 7.682, 9.31, 10.143, 9.355, 6.692, 5.889, 6.097, 5.58, 5.271, 5.419, 5.607, 5.354, 4.672, 4.8, 5.126, 4.941, 4.824, 4.546, 3.283, 3.526, 4.669, 3.948, 3.381, 4.375, 3.116, 2.605, 2.105, 1.963, 1.929, 2.221, 1.974, 2.092, 2.058, 2.368, 2.713, 3.614, 4.017, 3.909, 4.047, 4.106, 4.889, 6.513, 6.84, 5.09, 3.006, 2.562, 2.683, 2.859, 2.912, 3.479, 3.743, 5.862, 5.635, 6.224, 7.765, 10.31, 9.746, 6.447, 5.688, 5.579, 5.146, 5.708, 5.96, 5.837, 6.193, 7.189, 7.111, 7.02, 7.461, 7.363, 6.625, 6.257, 5.266, 3.933, 5.293, 5.422, 3.809, 2.977, 2.912, 2.32, 2.526, 3.387, 2.17], [4.726, 4.731, 3.913, 3.24, 3.127, 1.701, 1.12, 0.0, 1.656, 3.255, 3.36, 3.302, 3.641, 2.818, 3.122, 3.932, 3.144, 2.949, 4.751, 4.872, 3.189, 3.823, 5.428, 6.473, 7.667, 8.934, 7.881, 6.303, 4.153, 2.55, 2.177, 4.103, 7.249, 8.955, 11.189, 13.719, 15.578, 16.343, 17.387, 19.636, 20.417, 19.003, 17.421, 18.651, 19.028, 17.129, 15.855, 16.017, 15.617, 14.468, 13.325, 12.355, 10.856, 9.596, 8.656, 7.404, 5.69, 3.936, 3.258, 4.153, 6.094, 6.477, 3.966, 2.447, 2.136, 2.635, 2.925, 3.123, 3.229, 3.243, 3.018, 3.09, 3.656, 3.144, 4.033, 5.996, 5.147, 3.65, 4.314, 4.912, 4.402, 4.875, 4.869, 3.84, 3.974, 4.453, 3.949, 3.525, 3.329, 3.287, 2.949, 3.032, 4.853, 5.262, 4.155, 4.65, 5.654, 4.563, 2.833, 3.516, 3.556, 2.613, 3.153, 2.374, 1.857, 2.092, 2.059, 1.657, 3.054, 3.178, 3.291, 3.75, 3.433, 3.504, 3.451, 3.039, 3.271, 3.819, 4.073, 3.888, 6.719, 9.128, 7.361, 6.932, 7.733, 6.882, 5.424, 5.287, 6.074, 4.779, 5.645, 7.761, 7.928, 7.039, 6.836, 7.164, 6.991, 6.842, 6.95, 9.12, 9.96, 10.184, 10.77, 10.456, 8.868, 6.892, 6.98, 7.688, 9.129, 10.125, 9.133, 6.53, 5.873, 5.987, 5.545, 5.09, 5.442, 5.494, 5.139, 4.822, 5.004, 5.329, 5.334, 5.197, 4.91, 3.695, 3.919, 5.06, 4.388, 3.821, 4.718, 3.807, 3.162, 2.582, 2.754, 2.647, 3.029, 2.485, 2.595, 2.554, 3.132, 3.198, 3.962, 4.429, 4.309, 4.457, 4.513, 5.3, 6.923, 7.25, 5.5, 3.632, 3.309, 3.124, 3.429, 2.845, 3.327, 4.065, 5.657, 5.607, 5.905, 7.701, 10.021, 9.457, 6.27, 5.495, 5.449, 5.095, 5.646, 5.881, 5.772, 6.043, 6.928, 6.932, 6.736, 7.205, 7.089, 6.502, 6.173, 5.098, 4.078, 5.322, 5.542, 3.876, 3.345, 3.266, 2.87, 2.607, 3.327, 2.218], [5.713, 5.727, 4.761, 4.13, 4.132, 2.627, 1.638, 1.656, 0.0, 2.252, 2.194, 2.01, 2.489, 1.809, 1.998, 2.752, 2.129, 2.332, 3.492, 3.678, 2.085, 2.692, 4.038, 5.197, 6.331, 7.596, 6.572, 5.05, 2.943, 2.011, 3.234, 5.096, 8.245, 9.952, 12.186, 14.716, 16.574, 17.339, 18.384, 20.633, 21.414, 19.997, 18.415, 19.648, 20.025, 18.094, 16.82, 16.997, 16.611, 15.462, 14.322, 13.343, 11.824, 10.59, 9.652, 8.389, 6.601, 4.879, 4.263, 5.15, 7.091, 7.473, 5.021, 2.935, 2.935, 3.305, 3.189, 3.213, 3.344, 2.705, 2.244, 2.619, 3.401, 2.978, 4.86, 6.992, 6.144, 4.555, 5.245, 5.839, 5.283, 5.95, 5.847, 4.879, 5.32, 5.422, 4.315, 2.842, 2.321, 2.153, 1.847, 1.981, 3.605, 4.046, 3.076, 3.395, 4.368, 3.268, 2.207, 3.004, 3.121, 3.048, 4.077, 3.354, 2.076, 1.638, 1.524, 1.761, 3.621, 3.714, 2.727, 2.758, 2.438, 2.428, 2.245, 2.201, 2.123, 2.493, 2.813, 2.712, 5.418, 7.792, 6.073, 5.806, 6.732, 5.934, 4.299, 4.426, 5.166, 3.548, 4.485, 6.355, 6.626, 5.701, 5.522, 5.894, 5.702, 5.588, 5.665, 7.804, 8.53, 8.905, 9.716, 9.283, 7.569, 5.539, 5.586, 6.469, 8.098, 8.919, 8.093, 5.463, 4.797, 4.943, 4.526, 4.164, 4.469, 4.703, 4.338, 3.751, 3.923, 4.164, 4.023, 3.835, 3.711, 2.494, 2.988, 3.775, 3.222, 2.642, 3.482, 2.881, 3.135, 2.823, 2.374, 2.805, 2.669, 1.745, 1.835, 1.685, 2.789, 4.01, 4.954, 5.401, 5.305, 5.454, 5.497, 6.296, 7.92, 8.247, 6.497, 4.172, 3.394, 4.052, 2.843, 2.321, 2.721, 3.172, 4.703, 4.48, 4.93, 6.521, 9.059, 8.514, 5.438, 4.879, 5.181, 4.746, 5.15, 5.228, 5.116, 5.449, 6.386, 6.349, 6.07, 6.285, 6.139, 5.416, 5.081, 4.08, 2.869, 4.212, 4.345, 2.7, 2.061, 2.247, 2.348, 3.298, 4.319, 3.0], [7.715, 7.763, 6.787, 6.212, 6.181, 4.59, 3.424, 3.255, 2.252, 0.0, 1.588, 1.763, 2.167, 2.339, 2.423, 1.798, 3.323, 3.427, 2.215, 2.021, 1.275, 1.586, 2.599, 3.452, 4.895, 6.168, 5.139, 3.961, 2.454, 3.505, 5.079, 7.13, 10.301, 11.954, 14.188, 16.718, 18.577, 19.341, 20.386, 22.635, 23.416, 21.996, 20.402, 21.735, 22.17, 20.277, 19.003, 19.156, 18.682, 17.525, 16.324, 15.34, 13.964, 12.607, 11.654, 10.437, 8.724, 6.926, 6.195, 7.152, 9.093, 9.475, 6.921, 4.412, 4.292, 4.542, 4.809, 5.104, 5.304, 4.165, 3.506, 4.262, 4.917, 4.712, 6.862, 8.995, 8.146, 6.56, 7.275, 7.874, 7.325, 7.86, 7.834, 6.581, 6.645, 6.723, 5.273, 3.384, 2.436, 1.557, 2.335, 2.412, 2.538, 2.628, 1.64, 2.026, 2.902, 1.948, 3.137, 4.283, 4.205, 4.955, 6.122, 5.342, 3.803, 3.436, 3.02, 3.778, 5.635, 5.693, 4.368, 3.178, 3.004, 2.589, 2.637, 3.346, 2.784, 2.203, 2.744, 2.935, 4.103, 6.377, 4.543, 4.006, 4.613, 3.775, 2.637, 2.804, 3.457, 2.311, 2.851, 4.906, 4.872, 4.275, 4.077, 4.494, 4.402, 4.496, 4.381, 6.358, 7.09, 7.186, 7.641, 7.396, 5.903, 4.04, 4.146, 4.521, 5.973, 6.994, 6.182, 3.456, 2.995, 3.118, 2.946, 2.795, 3.351, 3.574, 3.117, 2.91, 3.364, 3.059, 2.929, 2.818, 2.55, 2.237, 2.613, 2.815, 2.945, 2.439, 2.056, 2.936, 4.663, 4.564, 4.255, 4.664, 4.161, 2.959, 2.804, 3.067, 4.518, 6.057, 7.035, 7.403, 7.301, 7.456, 7.447, 8.299, 9.922, 10.249, 8.499, 6.17, 5.389, 6.012, 4.015, 3.324, 3.119, 2.969, 2.863, 2.575, 2.987, 4.591, 6.907, 6.34, 3.777, 4.029, 4.703, 4.399, 4.675, 4.584, 4.302, 4.882, 5.631, 5.263, 4.682, 4.092, 3.983, 3.364, 3.082, 1.986, 1.385, 2.449, 2.519, 1.443, 1.755, 2.071, 3.209, 5.163, 6.275, 4.687], [7.368, 7.418, 6.513, 5.883, 5.836, 4.332, 3.21, 3.36, 2.194, 1.588, 0.0, 1.252, 1.774, 1.998, 2.121, 2.072, 3.172, 3.102, 1.915, 2.211, 1.574, 1.681, 3.073, 3.48, 4.92, 6.1, 5.412, 4.535, 2.434, 3.315, 4.915, 6.837, 9.956, 11.606, 13.84, 16.371, 18.229, 18.994, 20.039, 22.287, 23.068, 21.68, 20.135, 21.39, 21.825, 19.932, 18.658, 18.846, 18.405, 17.257, 15.976, 15.07, 13.743, 12.296, 11.307, 10.088, 8.454, 6.576, 5.89, 6.806, 8.746, 9.128, 6.653, 4.224, 4.299, 4.577, 4.577, 4.84, 5.091, 3.788, 3.252, 3.937, 4.611, 4.366, 6.515, 8.648, 7.798, 6.237, 6.937, 7.533, 6.973, 7.517, 7.605, 6.606, 6.812, 6.815, 4.907, 2.735, 2.401, 1.851, 2.273, 2.53, 3.106, 3.05, 2.428, 2.543, 3.021, 2.05, 2.833, 3.957, 3.702, 4.657, 5.8, 5.024, 3.571, 2.997, 2.708, 3.482, 5.355, 5.411, 4.078, 3.392, 2.931, 2.972, 2.607, 3.106, 2.585, 2.297, 2.709, 2.851, 4.501, 6.555, 4.873, 4.193, 4.904, 4.193, 2.996, 3.016, 3.654, 2.706, 3.091, 5.012, 4.782, 4.206, 4.192, 4.789, 4.751, 4.967, 4.764, 6.523, 6.912, 7.068, 7.784, 7.421, 5.795, 4.054, 4.268, 4.686, 6.233, 7.13, 6.421, 3.879, 3.41, 3.542, 3.161, 3.018, 3.496, 3.799, 3.314, 2.632, 3.043, 3.144, 3.178, 3.243, 2.819, 2.118, 2.543, 2.837, 2.962, 2.341, 2.408, 3.119, 4.452, 4.146, 3.874, 4.321, 3.827, 2.746, 2.656, 2.906, 4.192, 5.755, 6.69, 7.056, 6.953, 7.109, 7.204, 7.951, 9.574, 9.902, 8.152, 5.823, 5.042, 5.756, 3.812, 2.988, 2.959, 2.254, 3.31, 2.792, 3.416, 4.747, 7.25, 6.751, 3.956, 3.987, 4.399, 4.016, 4.327, 4.415, 4.206, 4.651, 5.559, 5.445, 5.079, 4.494, 4.289, 3.757, 3.372, 2.358, 1.361, 2.302, 2.521, 1.345, 1.347, 2.064, 2.662, 4.976, 6.111, 4.522], [7.286, 7.3, 6.306, 5.731, 5.701, 4.131, 3.135, 3.302, 2.01, 1.763, 1.252, 0.0, 1.222, 1.63, 1.724, 2.125, 2.962, 3.029, 2.161, 2.188, 1.318, 1.151, 2.621, 3.527, 4.719, 5.914, 5.124, 4.337, 2.193, 3.053, 4.763, 6.673, 9.821, 11.524, 13.758, 16.289, 18.147, 18.912, 19.957, 22.205, 22.986, 21.566, 19.907, 21.254, 21.689, 19.796, 18.522, 18.676, 18.202, 17.035, 15.894, 14.904, 13.526, 12.156, 11.225, 9.962, 8.192, 6.406, 5.745, 6.723, 8.663, 9.046, 6.559, 4.423, 4.476, 4.769, 4.765, 4.681, 4.904, 3.682, 3.138, 3.753, 4.491, 4.297, 6.432, 8.565, 7.716, 6.119, 6.853, 7.449, 6.897, 7.551, 7.451, 6.421, 6.924, 6.843, 5.026, 2.757, 2.415, 1.853, 2.235, 2.203, 2.777, 2.768, 2.242, 2.337, 2.785, 1.842, 2.587, 3.826, 3.49, 4.515, 5.686, 4.912, 3.313, 2.833, 2.513, 3.282, 5.196, 5.275, 3.965, 2.932, 2.563, 2.494, 2.564, 3.099, 2.585, 2.426, 2.921, 3.153, 4.195, 6.125, 4.464, 4.156, 5.076, 4.419, 3.001, 3.242, 3.994, 2.435, 3.181, 4.896, 4.964, 4.043, 4.028, 4.519, 4.52, 4.758, 4.473, 6.273, 6.889, 7.332, 8.116, 7.677, 5.853, 3.938, 3.97, 4.877, 6.508, 7.262, 6.4, 4.092, 3.564, 3.579, 3.295, 3.116, 3.468, 3.738, 3.313, 2.747, 2.938, 3.029, 2.928, 2.88, 2.561, 1.538, 1.927, 2.463, 2.35, 1.804, 2.236, 3.35, 4.371, 4.075, 3.821, 4.199, 3.842, 2.614, 2.438, 2.682, 4.111, 5.576, 6.555, 6.974, 6.871, 7.026, 7.039, 7.869, 9.492, 9.82, 8.069, 5.74, 4.96, 5.663, 3.605, 3.154, 3.156, 2.183, 3.244, 2.898, 3.572, 4.97, 7.399, 6.94, 4.215, 3.922, 4.276, 3.912, 4.228, 4.269, 4.15, 4.512, 5.442, 5.361, 5.03, 4.712, 4.549, 3.987, 3.579, 2.674, 1.663, 2.63, 2.789, 1.465, 1.043, 1.64, 2.221, 4.84, 5.933, 4.516], [6.995, 7.009, 6.058, 5.482, 5.426, 4.198, 3.245, 3.641, 2.489, 2.167, 1.774, 1.222, 0.0, 1.553, 1.545, 2.172, 3.121, 3.192, 2.191, 2.33, 1.559, 1.4, 2.68, 3.5, 4.53, 5.486, 4.511, 4.127, 2.385, 3.371, 5.061, 6.669, 9.584, 11.255, 13.467, 15.997, 17.856, 18.621, 19.665, 21.914, 22.695, 21.275, 19.701, 20.979, 21.415, 19.522, 18.247, 18.401, 17.949, 16.816, 15.603, 14.745, 13.458, 11.87, 10.933, 9.701, 7.98, 6.153, 5.475, 6.431, 8.372, 8.845, 6.528, 4.764, 4.912, 5.214, 4.893, 4.53, 4.772, 3.424, 2.764, 3.498, 4.196, 3.991, 6.141, 8.274, 7.436, 6.049, 6.576, 7.188, 6.713, 7.552, 7.579, 6.793, 7.338, 7.292, 5.554, 3.361, 2.48, 1.718, 1.866, 1.89, 2.414, 2.501, 2.378, 2.35, 2.7, 1.524, 2.282, 3.643, 3.209, 4.293, 5.449, 4.874, 3.171, 2.672, 2.336, 3.164, 4.901, 4.979, 3.635, 2.521, 2.172, 2.124, 2.227, 2.828, 2.342, 2.122, 2.704, 2.842, 3.855, 5.882, 4.646, 4.378, 5.304, 4.561, 3.301, 3.291, 4.086, 2.399, 3.298, 4.788, 4.831, 3.529, 3.293, 4.037, 4.107, 4.408, 4.061, 5.715, 6.607, 7.332, 8.205, 7.799, 5.742, 3.777, 3.836, 5.015, 6.655, 7.476, 6.666, 4.185, 3.619, 3.801, 3.457, 3.276, 3.467, 3.774, 3.354, 2.608, 2.813, 2.954, 2.358, 2.522, 1.942, 1.31, 1.554, 1.715, 1.731, 1.513, 2.14, 3.069, 4.166, 3.847, 3.517, 4.002, 3.628, 2.348, 2.172, 2.426, 3.788, 5.301, 6.28, 6.682, 6.58, 6.737, 6.812, 7.578, 9.201, 9.528, 7.778, 5.449, 4.699, 5.635, 3.62, 3.802, 3.668, 1.963, 3.33, 3.072, 3.717, 5.107, 7.626, 7.067, 4.244, 3.864, 4.342, 3.999, 4.264, 4.259, 4.064, 4.506, 5.393, 5.297, 4.942, 4.839, 4.719, 4.091, 3.707, 2.954, 1.92, 2.653, 2.949, 1.892, 1.046, 1.247, 2.158, 5.052, 6.183, 4.815], [5.753, 5.788, 4.812, 4.25, 4.228, 2.933, 2.251, 2.818, 1.809, 2.339, 1.998, 1.63, 1.553, 0.0, 0.81, 2.006, 1.835, 2.139, 3.17, 3.504, 1.75, 2.282, 3.569, 4.754, 5.701, 6.789, 5.492, 4.144, 2.088, 1.919, 3.74, 5.256, 8.326, 9.991, 12.225, 14.756, 16.614, 17.379, 18.424, 20.672, 21.453, 20.033, 18.43, 19.76, 20.195, 18.302, 17.028, 17.182, 16.707, 15.553, 14.361, 13.42, 12.083, 10.632, 9.692, 8.458, 6.753, 5.153, 4.469, 5.199, 7.13, 7.523, 5.215, 3.697, 3.792, 4.137, 3.711, 3.395, 3.422, 2.192, 1.662, 2.389, 3.005, 2.764, 4.899, 7.032, 6.183, 4.649, 5.321, 5.917, 5.381, 6.275, 6.137, 5.457, 6.135, 6.135, 4.788, 2.706, 1.392, 1.44, 1.15, 1.321, 2.602, 3.241, 2.434, 2.59, 3.676, 2.69, 1.32, 2.428, 2.034, 3.263, 4.186, 3.519, 2.211, 1.974, 1.552, 2.068, 3.67, 3.743, 2.547, 1.873, 1.553, 1.655, 1.78, 1.867, 1.509, 1.696, 2.058, 2.223, 4.33, 7.036, 5.72, 5.594, 6.524, 5.721, 4.149, 4.147, 4.82, 3.12, 4.164, 5.993, 6.213, 4.88, 4.508, 4.785, 4.618, 4.601, 4.565, 6.844, 7.893, 8.628, 9.496, 9.064, 7.119, 4.965, 5.06, 6.242, 7.868, 8.707, 7.895, 5.324, 4.654, 4.825, 4.265, 3.833, 3.978, 4.158, 3.892, 3.128, 3.25, 3.571, 3.018, 3.117, 2.853, 1.565, 1.987, 2.861, 2.099, 1.854, 2.807, 2.801, 3.541, 2.981, 2.497, 2.82, 2.786, 1.812, 1.529, 1.688, 2.75, 4.122, 5.061, 5.501, 5.428, 5.493, 5.516, 6.336, 7.959, 8.287, 6.536, 4.207, 3.427, 4.23, 2.366, 2.96, 2.976, 2.376, 4.482, 4.229, 4.85, 6.34, 8.868, 8.311, 5.003, 4.303, 4.57, 4.205, 4.499, 4.6, 4.445, 4.86, 5.797, 5.728, 5.722, 6.067, 5.955, 5.239, 4.859, 3.868, 2.56, 3.923, 4.045, 2.38, 1.416, 1.457, 1.722, 3.748, 4.979, 3.624], [5.946, 5.96, 4.99, 4.399, 4.382, 3.095, 2.68, 3.122, 1.998, 2.423, 2.121, 1.724, 1.545, 0.81, 0.0, 2.026, 2.073, 2.538, 3.024, 3.326, 1.72, 2.168, 3.389, 4.664, 5.588, 6.584, 5.239, 3.907, 1.811, 2.257, 4.159, 5.48, 8.478, 10.184, 12.418, 14.949, 16.807, 17.572, 18.617, 20.865, 21.646, 20.227, 18.635, 19.908, 20.343, 18.45, 17.176, 17.329, 16.881, 15.734, 14.554, 13.601, 12.193, 10.821, 9.885, 8.622, 6.953, 5.334, 4.652, 5.404, 7.323, 7.735, 5.66, 4.105, 4.225, 4.532, 4.139, 3.824, 3.565, 2.472, 1.906, 2.529, 3.201, 2.942, 5.092, 7.226, 6.376, 4.833, 5.524, 6.118, 5.585, 6.604, 6.372, 5.763, 6.509, 6.467, 5.092, 2.973, 1.472, 1.515, 1.302, 1.281, 2.316, 3.055, 2.262, 2.37, 3.592, 2.618, 1.733, 2.667, 2.293, 3.385, 4.407, 3.851, 2.617, 2.382, 1.839, 2.453, 3.875, 3.945, 2.71, 2.033, 1.699, 1.798, 1.71, 1.969, 1.542, 1.74, 1.998, 2.105, 4.094, 6.826, 5.526, 5.42, 6.376, 5.545, 3.904, 3.885, 4.582, 2.846, 3.953, 5.774, 6.158, 4.699, 4.256, 4.447, 4.338, 4.352, 4.279, 6.637, 7.76, 8.521, 9.371, 8.94, 7.05, 4.889, 4.89, 6.087, 7.72, 8.548, 7.735, 5.113, 4.39, 4.539, 4.045, 3.688, 3.946, 4.164, 3.803, 3.165, 3.357, 3.424, 2.806, 2.883, 2.603, 1.49, 2.062, 2.666, 1.76, 1.828, 2.701, 2.702, 3.505, 3.105, 2.706, 3.043, 2.785, 1.941, 1.856, 1.942, 2.908, 4.241, 5.208, 5.654, 5.573, 5.686, 5.706, 6.529, 8.152, 8.48, 6.729, 4.4, 3.621, 4.46, 2.738, 3.265, 3.232, 2.513, 4.309, 4.064, 4.606, 6.163, 8.693, 8.144, 4.952, 4.373, 4.71, 4.345, 4.641, 4.667, 4.541, 4.927, 5.857, 5.772, 5.696, 5.888, 5.78, 5.016, 4.68, 3.809, 2.58, 3.813, 3.911, 2.33, 1.406, 1.606, 1.861, 4.123, 5.34, 3.99], [7.322, 7.339, 6.309, 5.761, 5.799, 4.493, 3.621, 3.932, 2.752, 1.798, 2.072, 2.125, 2.172, 2.006, 2.026, 0.0, 2.883, 3.032, 2.401, 2.557, 1.749, 1.947, 2.337, 3.539, 4.595, 5.889, 4.78, 3.785, 2.591, 3.256, 4.798, 6.68, 9.835, 11.539, 13.75, 16.265, 18.175, 18.918, 19.96, 22.216, 22.981, 21.612, 19.941, 21.225, 21.651, 19.81, 18.513, 18.637, 18.163, 16.996, 15.899, 14.924, 13.54, 12.192, 11.307, 10.04, 8.328, 6.947, 6.175, 6.834, 8.683, 9.05, 6.542, 4.574, 4.706, 4.997, 4.818, 4.82, 5.001, 3.794, 3.362, 3.965, 4.702, 4.467, 6.44, 8.541, 7.757, 6.216, 6.952, 7.548, 6.993, 7.582, 7.477, 6.408, 7.023, 6.91, 5.337, 3.266, 1.839, 1.344, 2.322, 2.278, 2.072, 2.21, 1.969, 1.946, 2.597, 2.107, 2.793, 3.867, 3.588, 4.834, 5.7, 4.937, 3.86, 3.63, 3.004, 3.54, 5.309, 5.377, 4.179, 2.945, 3.093, 2.999, 3.022, 3.352, 2.632, 1.945, 2.562, 2.89, 3.794, 5.985, 4.298, 4.225, 5.147, 4.319, 2.502, 2.552, 3.045, 1.615, 2.509, 4.767, 5.005, 3.987, 3.71, 4.142, 4.076, 4.248, 4.062, 5.978, 6.904, 7.332, 8.151, 7.721, 5.961, 3.915, 3.942, 4.886, 6.514, 7.344, 6.468, 3.907, 3.144, 3.058, 2.868, 2.508, 3.046, 3.309, 3.059, 2.836, 3.077, 2.303, 1.829, 2.007, 1.915, 1.696, 2.201, 2.82, 2.796, 2.545, 1.986, 3.21, 5.041, 4.737, 4.231, 4.648, 4.194, 3.291, 3.153, 3.323, 4.488, 5.659, 6.577, 7.067, 7.045, 7.08, 7.048, 7.884, 9.514, 9.869, 8.108, 5.716, 4.935, 5.585, 3.656, 3.49, 3.441, 2.733, 3.737, 3.026, 3.459, 4.967, 7.475, 6.927, 3.832, 4.21, 4.64, 4.286, 4.519, 4.397, 4.144, 4.666, 5.523, 5.177, 5.198, 4.945, 4.758, 3.865, 3.398, 2.437, 1.519, 2.865, 2.642, 2.02, 1.883, 2.045, 2.722, 4.927, 5.995, 4.646], [4.916, 4.977, 4.147, 3.776, 4.256, 3.193, 2.796, 3.144, 2.129, 3.323, 3.172, 2.962, 3.121, 1.835, 2.073, 2.883, 0.0, 1.361, 4.477, 4.704, 2.99, 3.591, 4.883, 6.238, 7.188, 8.307, 7.058, 5.613, 3.28, 1.639, 2.675, 4.13, 7.207, 8.911, 11.122, 13.637, 15.547, 16.29, 17.332, 19.588, 20.353, 18.984, 17.349, 18.577, 18.989, 17.151, 15.854, 15.975, 15.499, 14.347, 13.271, 12.273, 10.8, 9.564, 8.684, 7.447, 6.368, 5.483, 4.667, 4.852, 6.129, 6.422, 4.329, 2.631, 2.807, 3.012, 2.651, 2.515, 2.488, 1.787, 2.396, 2.647, 3.211, 2.676, 3.868, 5.913, 5.164, 3.66, 4.34, 4.944, 4.413, 5.184, 4.991, 4.017, 4.637, 4.612, 3.555, 2.007, 1.769, 2.505, 1.999, 2.137, 3.955, 4.641, 3.708, 4.02, 5.171, 4.205, 1.984, 1.934, 2.08, 3.512, 3.834, 3.121, 2.518, 2.436, 2.216, 2.198, 3.124, 3.131, 2.628, 2.74, 2.705, 2.92, 2.774, 2.661, 2.374, 2.853, 3.027, 3.229, 5.888, 8.395, 6.94, 6.921, 7.776, 6.919, 5.119, 5.031, 5.415, 3.87, 5.106, 7.305, 7.731, 6.398, 6.079, 6.355, 6.194, 6.156, 6.14, 8.367, 9.431, 10.066, 10.898, 10.467, 8.642, 6.533, 6.496, 7.543, 9.209, 9.943, 9.113, 6.557, 5.596, 5.538, 4.982, 4.288, 4.319, 4.282, 4.385, 3.825, 3.672, 4.13, 3.892, 4.132, 4.046, 2.836, 3.285, 4.351, 3.642, 3.314, 4.283, 3.686, 4.283, 3.739, 2.882, 3.118, 3.32, 2.564, 2.527, 2.3, 3.104, 4.173, 4.428, 5.208, 5.384, 5.03, 4.636, 5.426, 6.89, 7.241, 5.504, 3.357, 2.584, 3.171, 1.511, 1.824, 1.975, 3.571, 5.625, 5.489, 6.053, 7.609, 10.088, 9.578, 6.085, 4.732, 4.122, 3.658, 4.129, 4.06, 4.003, 4.427, 5.443, 6.171, 6.769, 7.329, 7.239, 6.456, 6.037, 4.973, 3.848, 5.251, 5.355, 3.674, 2.81, 2.871, 2.409, 3.115, 3.929, 2.591], [4.493, 4.629, 3.86, 3.532, 4.219, 3.143, 2.513, 2.949, 2.332, 3.427, 3.102, 3.029, 3.192, 2.139, 2.538, 3.032, 1.361, 0.0, 4.33, 4.863, 3.129, 3.663, 5.047, 6.173, 7.22, 8.55, 7.404, 6.104, 3.988, 1.889, 2.19, 3.89, 7.061, 8.666, 10.898, 13.416, 15.294, 16.037, 17.079, 19.336, 20.1, 18.734, 17.206, 18.462, 18.887, 17.047, 15.75, 15.873, 15.417, 14.269, 13.018, 12.077, 10.743, 9.385, 8.426, 7.316, 6.106, 5.451, 4.496, 4.434, 5.907, 6.171, 3.791, 1.898, 2.162, 2.299, 2.11, 2.105, 2.27, 1.855, 2.604, 2.878, 3.238, 2.482, 3.626, 5.66, 4.878, 3.379, 4.081, 4.697, 4.163, 4.671, 4.656, 3.789, 4.269, 4.226, 2.794, 1.659, 2.176, 2.606, 2.451, 2.851, 4.39, 4.821, 3.979, 4.282, 5.23, 4.156, 1.896, 1.534, 1.886, 3.396, 3.545, 2.777, 2.219, 2.599, 2.327, 2.173, 2.894, 2.959, 2.608, 3.283, 3.12, 3.378, 3.303, 3.172, 2.909, 3.244, 3.496, 3.767, 6.264, 8.791, 7.132, 6.941, 7.867, 7.062, 5.285, 5.203, 5.611, 4.051, 5.118, 7.382, 7.657, 6.623, 6.338, 6.704, 6.575, 6.619, 6.546, 8.656, 9.54, 10.031, 10.818, 10.386, 8.533, 6.48, 6.612, 7.558, 9.197, 10.015, 9.269, 6.566, 5.624, 5.724, 5.102, 4.481, 4.462, 4.376, 4.535, 3.762, 3.736, 4.239, 4.179, 4.395, 4.313, 2.851, 3.294, 4.595, 3.942, 3.4, 4.297, 4.147, 4.535, 3.891, 3.282, 3.249, 3.633, 2.806, 2.798, 2.799, 3.314, 4.226, 4.166, 4.777, 5.039, 4.703, 4.302, 5.067, 6.633, 6.989, 5.228, 3.036, 2.284, 2.733, 1.206, 1.635, 1.845, 3.321, 5.77, 5.547, 6.167, 7.688, 10.237, 9.676, 6.153, 4.487, 3.54, 3.118, 3.516, 3.982, 3.742, 4.117, 5.283, 6.15, 6.86, 7.354, 7.239, 6.475, 6.09, 5.044, 3.774, 5.169, 5.32, 3.661, 2.86, 2.659, 1.947, 2.6, 3.439, 2.14], [8.388, 8.503, 7.602, 7.041, 6.95, 5.706, 4.527, 4.751, 3.492, 2.215, 1.915, 2.161, 2.191, 3.17, 3.024, 2.401, 4.477, 4.33, 0.0, 1.857, 2.25, 1.856, 2.597, 2.969, 4.479, 5.499, 4.911, 4.395, 3.064, 4.803, 6.229, 8.074, 11.058, 12.662, 14.884, 17.418, 19.237, 20.002, 21.047, 23.296, 24.076, 22.717, 21.269, 22.456, 22.891, 20.998, 19.724, 19.931, 19.489, 18.378, 16.988, 16.243, 14.955, 13.423, 12.333, 11.215, 9.572, 7.943, 7.005, 7.9, 9.801, 10.173, 7.766, 5.527, 5.627, 5.898, 5.86, 5.995, 6.269, 4.846, 4.248, 4.961, 5.657, 5.432, 7.523, 9.656, 8.823, 7.428, 7.981, 8.513, 7.982, 8.632, 8.877, 7.949, 8.158, 8.183, 6.191, 3.861, 3.29, 2.312, 3.229, 3.381, 2.825, 2.592, 2.49, 2.404, 2.713, 1.586, 3.753, 5.06, 4.688, 5.726, 6.885, 6.265, 4.857, 4.402, 3.991, 4.72, 6.474, 6.46, 5.102, 3.788, 3.596, 3.481, 3.367, 4.177, 3.492, 2.65, 3.107, 3.543, 4.102, 6.167, 4.649, 3.967, 4.24, 3.462, 2.644, 2.466, 3.156, 2.395, 2.56, 4.261, 3.915, 3.612, 3.572, 4.261, 4.288, 4.605, 4.264, 6.126, 6.099, 6.35, 6.751, 6.412, 5.104, 3.62, 3.903, 4.126, 5.55, 6.128, 5.743, 3.242, 2.985, 2.821, 2.383, 2.664, 2.852, 3.286, 2.755, 2.285, 2.881, 2.974, 2.859, 2.855, 2.438, 2.282, 2.958, 2.469, 2.772, 2.408, 2.063, 3.641, 5.589, 5.442, 5.086, 5.769, 5.139, 3.944, 3.71, 3.851, 5.274, 6.847, 7.778, 8.083, 7.989, 8.169, 8.323, 8.959, 10.582, 10.91, 9.16, 6.831, 6.13, 6.906, 4.968, 4.34, 4.228, 2.086, 2.819, 1.979, 2.737, 4.005, 6.57, 5.751, 3.391, 3.543, 3.997, 3.764, 3.85, 3.887, 3.683, 4.136, 4.946, 4.783, 4.311, 3.592, 3.278, 2.66, 2.693, 2.08, 1.567, 1.762, 2.12, 1.708, 1.981, 2.32, 3.323, 6.259, 7.406, 5.866], [9.242, 9.256, 8.276, 7.701, 7.671, 6.08, 4.938, 4.872, 3.678, 2.021, 2.211, 2.188, 2.33, 3.504, 3.326, 2.557, 4.704, 4.863, 1.857, 0.0, 1.971, 1.53, 1.73, 2.123, 3.638, 4.851, 4.202, 3.815, 2.912, 4.785, 6.531, 8.625, 11.79, 13.481, 15.715, 18.245, 20.103, 20.868, 21.913, 24.162, 24.943, 23.523, 21.877, 23.224, 23.659, 21.766, 20.492, 20.646, 20.171, 19.004, 17.851, 16.854, 15.428, 14.113, 13.181, 11.922, 10.152, 8.372, 7.701, 8.679, 10.62, 11.002, 8.429, 5.962, 5.905, 6.086, 6.439, 6.631, 6.758, 5.638, 4.977, 5.721, 6.444, 6.239, 8.389, 10.522, 9.673, 8.075, 8.774, 9.367, 8.804, 9.387, 9.347, 7.925, 8.094, 8.191, 6.298, 4.084, 3.671, 2.945, 3.799, 3.754, 2.844, 2.098, 1.865, 2.062, 1.978, 1.62, 4.522, 5.757, 5.44, 6.463, 7.626, 6.869, 5.244, 4.762, 4.449, 5.216, 7.124, 7.22, 5.848, 4.433, 4.273, 3.954, 4.058, 4.858, 4.258, 3.303, 3.723, 4.125, 3.555, 5.05, 3.371, 2.735, 3.129, 2.397, 2.02, 2.156, 2.67, 1.959, 2.043, 3.649, 3.456, 2.988, 2.95, 3.768, 3.888, 4.221, 3.79, 5.222, 5.741, 5.828, 6.283, 5.901, 4.554, 3.045, 2.862, 3.051, 4.655, 5.435, 4.758, 2.48, 2.457, 2.503, 2.523, 2.517, 3.052, 3.368, 2.798, 2.599, 3.072, 2.784, 2.636, 2.744, 2.469, 2.486, 2.537, 2.316, 3.11, 2.732, 1.823, 3.897, 6.171, 6.044, 5.73, 6.167, 5.66, 4.406, 4.208, 4.453, 6.025, 7.546, 8.525, 8.93, 8.828, 8.983, 8.968, 9.825, 11.449, 11.776, 10.026, 7.697, 6.916, 7.535, 5.504, 4.501, 4.149, 2.695, 2.414, 1.854, 2.047, 3.101, 5.429, 5.085, 3.346, 3.686, 4.277, 3.938, 4.242, 4.037, 3.834, 4.301, 5.133, 4.976, 4.414, 3.346, 2.701, 2.124, 1.617, 1.391, 1.644, 1.145, 1.386, 1.545, 2.378, 2.981, 4.129, 6.623, 7.745, 6.139], [7.473, 7.487, 6.48, 5.905, 5.874, 4.307, 3.181, 3.189, 2.085, 1.275, 1.574, 1.318, 1.559, 1.75, 1.72, 1.749, 2.99, 3.129, 2.25, 1.971, 0.0, 1.036, 2.571, 3.494, 4.817, 6.124, 5.023, 3.814, 2.089, 3.078, 4.792, 6.856, 10.005, 11.711, 13.945, 16.476, 18.334, 19.099, 20.144, 22.392, 23.173, 21.754, 20.128, 21.428, 21.863, 19.97, 18.696, 18.849, 18.375, 17.22, 16.081, 15.098, 13.623, 12.344, 11.412, 10.149, 8.38, 6.58, 5.935, 6.91, 8.85, 9.233, 6.674, 4.33, 4.37, 4.652, 4.668, 4.881, 5.014, 3.869, 3.216, 3.924, 4.675, 4.47, 6.62, 8.753, 7.903, 6.306, 7.005, 7.601, 7.038, 7.618, 7.614, 6.347, 6.673, 6.679, 5.209, 3.264, 2.138, 1.629, 2.174, 2.079, 2.296, 2.596, 1.476, 1.898, 2.859, 1.829, 2.756, 4.013, 3.68, 4.697, 5.853, 5.1, 3.493, 3.017, 2.714, 3.455, 5.354, 5.45, 4.083, 2.746, 2.532, 2.399, 2.513, 3.116, 2.629, 2.241, 2.81, 2.963, 3.906, 6.203, 4.407, 4.185, 4.86, 4.09, 2.77, 2.983, 3.692, 2.235, 3.016, 4.972, 4.991, 4.222, 4.01, 4.381, 4.209, 4.294, 4.186, 6.265, 7.112, 7.302, 7.972, 7.598, 5.961, 4.031, 4.086, 4.655, 6.311, 7.099, 6.361, 3.829, 3.288, 3.329, 3.045, 2.888, 3.275, 3.542, 3.094, 2.612, 2.945, 2.889, 2.75, 2.711, 2.434, 1.495, 1.875, 2.346, 2.177, 1.75, 2.013, 3.23, 4.479, 4.303, 3.945, 4.386, 3.946, 2.743, 2.539, 2.811, 4.256, 5.755, 6.729, 7.161, 7.058, 7.214, 7.199, 8.056, 9.679, 10.007, 8.257, 5.928, 5.147, 5.765, 3.736, 3.358, 3.223, 2.434, 2.991, 2.702, 3.323, 4.737, 7.189, 6.698, 3.971, 3.867, 4.397, 4.008, 4.286, 4.152, 3.993, 4.419, 5.386, 5.193, 4.811, 4.478, 4.348, 3.701, 3.31, 2.348, 1.602, 2.56, 2.638, 1.5, 1.326, 1.486, 2.674, 4.901, 5.997, 4.464], [8.024, 8.044, 7.068, 6.493, 6.463, 4.872, 3.739, 3.823, 2.692, 1.586, 1.681, 1.151, 1.4, 2.282, 2.168, 1.947, 3.591, 3.663, 1.856, 1.53, 1.036, 0.0, 1.941, 2.923, 4.228, 5.504, 4.604, 4.026, 2.578, 3.645, 5.335, 7.412, 10.582, 12.262, 14.496, 17.027, 18.885, 19.65, 20.695, 22.943, 23.724, 22.305, 20.652, 22.016, 22.451, 20.558, 19.284, 19.438, 18.963, 17.796, 16.632, 15.636, 14.238, 12.895, 11.963, 10.714, 8.906, 7.186, 6.483, 7.461, 9.401, 9.784, 7.211, 4.927, 4.958, 5.248, 5.262, 5.414, 5.581, 4.42, 3.748, 4.513, 5.226, 5.021, 7.171, 9.304, 8.454, 6.861, 7.556, 8.149, 7.592, 8.187, 8.187, 6.924, 7.332, 7.265, 5.493, 3.417, 2.695, 2.027, 2.683, 2.597, 2.437, 2.206, 1.728, 1.983, 2.329, 1.397, 3.304, 4.54, 4.223, 5.273, 6.41, 5.651, 4.068, 3.647, 3.259, 4.014, 5.905, 6.001, 4.621, 3.201, 3.081, 2.853, 2.929, 3.647, 3.157, 2.769, 3.273, 3.524, 3.854, 5.586, 3.888, 3.633, 4.385, 3.641, 2.282, 2.582, 3.317, 1.856, 2.504, 4.387, 4.395, 3.633, 3.524, 4.119, 4.145, 4.457, 4.075, 5.742, 6.476, 6.75, 7.448, 7.082, 5.354, 3.506, 3.454, 4.195, 5.843, 6.578, 5.718, 3.304, 2.845, 2.818, 2.601, 2.448, 2.819, 3.156, 2.685, 2.162, 2.454, 2.417, 2.365, 2.41, 2.084, 1.305, 1.574, 1.883, 2.217, 1.915, 1.84, 3.704, 5.098, 4.833, 4.487, 4.963, 4.589, 3.346, 3.16, 3.408, 4.81, 6.338, 7.317, 7.712, 7.609, 7.765, 7.749, 8.607, 10.23, 10.558, 8.808, 6.479, 5.698, 6.316, 4.296, 3.694, 3.588, 2.081, 2.6, 2.26, 2.782, 4.232, 6.732, 6.249, 3.594, 3.455, 4.06, 3.703, 3.948, 3.801, 3.562, 4.093, 4.997, 4.751, 4.376, 4.038, 3.868, 3.209, 2.859, 2.203, 1.447, 2.142, 2.205, 1.614, 1.318, 1.846, 2.914, 5.466, 6.585, 5.083], [9.293, 9.324, 8.348, 7.773, 7.743, 6.18, 5.22, 5.428, 4.038, 2.599, 3.073, 2.621, 2.68, 3.569, 3.389, 2.337, 4.883, 5.047, 2.597, 1.73, 2.571, 1.941, 0.0, 1.515, 2.577, 3.812, 2.906, 2.794, 3.141, 5.031, 6.801, 8.704, 11.863, 13.531, 15.765, 18.295, 20.154, 20.919, 21.963, 24.212, 24.993, 23.573, 21.932, 23.296, 23.732, 21.839, 20.564, 20.718, 20.244, 19.077, 17.901, 16.907, 15.518, 14.168, 13.231, 11.995, 10.193, 8.523, 7.752, 8.729, 10.67, 11.053, 8.594, 6.534, 6.599, 6.882, 6.868, 6.681, 6.851, 5.689, 5.022, 5.793, 6.494, 6.289, 8.439, 10.572, 9.723, 8.134, 8.825, 9.418, 8.855, 9.627, 9.468, 8.473, 9.011, 8.935, 7.092, 5.006, 3.91, 3.025, 3.877, 3.829, 2.099, 1.11, 1.871, 1.593, 1.073, 1.715, 4.576, 5.81, 5.494, 6.562, 7.68, 6.919, 5.377, 5.026, 4.598, 5.289, 7.176, 7.27, 5.89, 4.445, 4.36, 3.994, 4.087, 4.92, 4.309, 3.253, 3.758, 4.162, 2.346, 3.95, 2.468, 2.255, 3.061, 2.376, 1.633, 2.205, 2.711, 1.605, 1.81, 2.814, 2.977, 1.926, 2.315, 2.809, 2.715, 3.218, 2.667, 4.044, 4.774, 5.363, 6.143, 5.718, 3.883, 2.356, 1.889, 2.848, 4.518, 5.222, 4.36, 2.231, 2.381, 2.346, 2.965, 3.13, 3.481, 3.849, 3.359, 3.212, 3.179, 2.242, 1.711, 1.729, 1.763, 2.474, 2.485, 1.941, 3.172, 2.923, 1.507, 3.831, 6.324, 6.147, 5.788, 6.277, 5.822, 4.626, 4.447, 4.631, 6.085, 7.618, 8.597, 8.981, 8.878, 9.033, 9.018, 9.876, 11.499, 11.827, 10.076, 7.747, 6.967, 7.64, 5.715, 5.361, 5.234, 3.523, 2.975, 2.259, 1.973, 2.883, 5.424, 4.995, 3.487, 4.418, 5.302, 5.059, 5.179, 5.017, 4.528, 5.285, 6.229, 5.534, 4.754, 3.694, 3.053, 2.199, 1.982, 2.068, 2.227, 2.094, 1.532, 2.386, 2.509, 3.189, 4.235, 6.839, 8.0, 6.649], [10.432, 10.497, 9.521, 8.946, 8.915, 7.39, 6.28, 6.473, 5.197, 3.452, 3.48, 3.527, 3.5, 4.754, 4.664, 3.539, 6.238, 6.173, 2.969, 2.123, 3.494, 2.923, 1.515, 0.0, 1.744, 2.843, 2.528, 2.807, 4.096, 6.372, 8.015, 9.931, 13.035, 14.67, 16.904, 19.434, 21.293, 22.058, 23.102, 25.351, 26.132, 24.712, 23.137, 24.469, 24.904, 23.011, 21.737, 21.89, 21.416, 20.26, 19.04, 18.118, 16.771, 15.341, 14.37, 13.167, 11.415, 9.615, 8.898, 9.868, 11.815, 12.192, 9.664, 7.427, 7.562, 7.845, 7.807, 7.832, 8.11, 6.828, 6.153, 6.965, 7.633, 7.428, 9.578, 11.711, 10.862, 9.308, 9.963, 10.564, 10.011, 10.653, 10.693, 9.718, 10.061, 10.037, 8.111, 5.796, 5.078, 4.044, 4.985, 5.099, 3.217, 1.752, 2.948, 2.472, 1.317, 2.506, 5.711, 6.975, 6.637, 7.66, 8.843, 8.115, 6.51, 5.895, 5.694, 6.477, 8.349, 8.409, 7.029, 5.584, 5.457, 5.024, 5.216, 6.047, 5.447, 4.382, 4.897, 5.296, 2.194, 3.248, 2.168, 1.52, 2.016, 1.827, 2.069, 2.537, 2.764, 2.626, 1.911, 2.24, 1.681, 1.404, 2.026, 2.783, 2.691, 3.291, 2.666, 3.31, 3.681, 4.052, 4.797, 4.382, 2.527, 1.949, 1.458, 1.634, 3.218, 4.005, 3.345, 1.785, 2.476, 2.323, 3.397, 3.66, 3.881, 4.27, 3.839, 3.616, 3.376, 2.514, 2.666, 2.532, 2.667, 3.601, 3.417, 2.631, 4.18, 3.701, 2.286, 4.845, 7.36, 7.204, 6.894, 7.365, 6.862, 5.585, 5.384, 5.632, 7.215, 8.791, 9.769, 10.119, 10.017, 10.172, 10.178, 11.015, 12.638, 12.965, 11.215, 8.886, 8.106, 8.777, 6.771, 6.223, 6.229, 3.73, 2.798, 2.404, 2.027, 1.84, 4.255, 4.083, 3.429, 4.634, 5.523, 5.422, 5.404, 5.387, 4.913, 5.641, 6.523, 5.819, 4.805, 3.306, 2.6, 1.986, 1.594, 2.488, 2.776, 1.994, 1.41, 2.86, 3.582, 4.168, 5.344, 8.05, 9.208, 7.683], [11.311, 11.407, 10.497, 9.868, 9.825, 8.318, 7.383, 7.667, 6.331, 4.895, 4.92, 4.719, 4.53, 5.701, 5.588, 4.595, 7.188, 7.22, 4.479, 3.638, 4.817, 4.228, 2.577, 1.744, 0.0, 1.559, 1.486, 2.782, 4.978, 7.386, 9.144, 10.824, 13.945, 15.553, 17.808, 20.342, 22.144, 22.909, 23.954, 26.202, 26.983, 25.616, 24.119, 25.379, 25.814, 23.921, 22.647, 22.83, 22.389, 21.241, 19.891, 19.022, 17.714, 16.281, 15.222, 14.077, 12.397, 10.539, 9.808, 10.72, 12.725, 13.056, 10.756, 8.747, 8.849, 9.209, 9.034, 8.819, 9.041, 7.682, 7.026, 7.875, 8.485, 8.28, 10.43, 12.563, 11.729, 10.187, 10.815, 11.408, 10.848, 11.639, 11.607, 10.903, 11.451, 11.413, 9.57, 7.288, 6.125, 5.031, 5.899, 6.07, 4.136, 2.619, 3.966, 3.351, 2.218, 3.619, 6.587, 7.829, 7.502, 8.52, 9.704, 9.007, 7.507, 6.862, 6.675, 7.45, 9.309, 9.359, 7.978, 6.55, 6.309, 5.876, 6.049, 6.898, 6.311, 5.231, 5.789, 6.223, 2.253, 1.778, 1.275, 1.161, 1.752, 2.616, 3.339, 4.117, 4.052, 3.674, 3.027, 1.627, 1.193, 1.8, 2.687, 3.045, 3.114, 3.96, 2.872, 1.775, 2.456, 3.122, 3.843, 3.394, 1.57, 1.97, 1.285, 1.464, 2.401, 3.113, 2.808, 2.791, 3.552, 3.717, 4.995, 5.264, 5.477, 5.865, 5.443, 5.19, 4.771, 3.681, 3.673, 3.673, 3.569, 4.685, 4.362, 3.478, 5.032, 4.605, 3.275, 5.692, 8.211, 8.039, 7.759, 8.