[[0.0, 1.106, 1.526, 2.63, 2.688, 2.204, 1.588, 1.436, 2.191, 3.092, 3.743, 4.53, 6.105, 6.403, 6.137, 6.292, 7.182, 7.838, 8.347, 10.256, 11.222, 10.862, 10.095, 9.993, 10.72, 10.858, 10.337, 10.208, 10.515, 10.29, 9.348, 8.333, 7.974, 8.131, 7.131, 4.839, 2.545, 3.549, 5.73, 7.008, 7.127, 7.653, 8.008, 7.775, 7.967, 9.398, 9.49, 8.561, 7.844, 6.274, 3.79, 2.101, 1.93, 2.359, 2.739, 2.245, 1.754, 2.735, 3.898, 3.283, 2.746, 2.897, 3.715, 4.477, 5.498, 7.312, 9.002, 8.089, 5.717, 6.043, 9.274, 10.111, 7.595, 6.466, 5.363, 4.23, 2.069, 2.668, 4.598, 4.626, 3.674, 3.126, 3.013, 2.915, 3.088, 3.683, 3.941, 4.659, 5.244, 5.674, 6.524, 7.876, 9.045, 7.811, 5.935, 6.994, 8.062, 8.065, 7.03, 5.714, 5.131, 5.226, 5.248, 5.34, 5.134, 4.82, 4.984, 5.619, 6.219, 6.483, 7.087, 6.834, 6.191, 6.009, 6.425, 7.487, 8.383, 8.804, 7.812, 6.712, 6.778, 7.844, 7.993, 6.347, 4.947, 5.197, 5.857, 5.546, 4.179, 2.504, 2.349, 5.573, 7.193, 8.529, 8.95, 9.77, 10.151, 10.1, 9.793, 9.791, 10.103, 9.987, 9.691, 9.005, 8.086, 7.187, 6.209, 5.452, 5.483, 5.396, 4.909, 7.84, 11.635, 14.373, 16.517, 17.237, 16.786, 14.224], [1.106, 0.0, 1.818, 3.211, 3.242, 2.421, 1.657, 1.38, 1.924, 2.549, 3.157, 3.945, 5.548, 5.795, 5.463, 5.608, 6.527, 7.159, 7.658, 9.592, 10.538, 10.186, 9.407, 9.331, 10.059, 10.143, 9.676, 9.554, 9.866, 9.633, 8.685, 7.66, 7.186, 7.46, 6.431, 4.128, 1.854, 2.901, 5.066, 6.282, 6.401, 6.919, 7.247, 7.038, 7.28, 8.671, 8.829, 7.913, 7.176, 5.683, 3.172, 1.967, 2.042, 2.254, 2.664, 2.204, 1.996, 3.461, 4.685, 4.02, 3.342, 3.474, 4.351, 5.167, 6.2, 8.025, 9.725, 8.842, 6.457, 6.742, 9.97, 10.787, 8.27, 7.182, 6.147, 4.99, 2.21, 2.137, 3.933, 4.054, 3.264, 2.766, 2.701, 2.561, 2.781, 3.15, 3.578, 4.121, 4.562, 4.899, 5.852, 7.225, 8.413, 7.166, 5.376, 6.302, 7.309, 7.35, 6.35, 4.991, 4.393, 4.536, 4.546, 4.601, 4.362, 4.116, 4.254, 4.928, 5.483, 5.76, 6.378, 6.217, 5.569, 5.381, 5.822, 6.828, 7.778, 8.209, 7.216, 6.062, 6.022, 7.205, 7.354, 5.757, 4.358, 4.591, 5.193, 4.888, 3.814, 2.266, 2.156, 4.901, 6.473, 7.925, 8.415, 9.224, 9.42, 9.301, 9.034, 9.002, 9.327, 9.28, 9.152, 8.513, 7.665, 6.694, 5.76, 5.015, 5.08, 5.119, 4.665, 7.213, 10.965, 13.67, 15.801, 16.498, 16.036, 13.431], [1.526, 1.818, 0.0, 1.656, 1.924, 1.449, 1.856, 2.372, 3.271, 4.158, 4.679, 5.551, 7.189, 7.38, 7.043, 7.251, 8.12, 8.745, 9.246, 11.257, 12.215, 11.816, 10.902, 11.011, 11.761, 11.8, 11.255, 11.218, 11.586, 11.336, 10.392, 9.279, 8.642, 9.042, 8.002, 5.77, 3.225, 3.927, 6.341, 7.693, 7.769, 8.285, 8.583, 8.529, 8.863, 10.354, 10.523, 9.56, 8.867, 7.347, 4.856, 2.644, 2.306, 3.005, 3.455, 3.087, 2.347, 2.255, 3.104, 2.607, 2.145, 2.09, 2.711, 3.584, 4.651, 6.4, 8.069, 7.254, 4.829, 5.097, 8.344, 9.134, 6.622, 5.698, 5.055, 4.521, 2.955, 3.273, 4.913, 5.06, 4.417, 3.905, 3.887, 3.747, 3.752, 3.993, 4.287, 5.346, 6.244, 6.595, 7.59, 8.94, 10.124, 8.874, 6.921, 7.834, 8.998, 9.068, 7.901, 6.397, 5.678, 5.81, 5.936, 5.964, 5.866, 5.65, 5.775, 6.482, 7.101, 7.498, 8.042, 7.953, 7.263, 7.07, 7.527, 8.536, 9.486, 9.916, 8.923, 7.738, 7.722, 8.887, 9.02, 7.449, 6.028, 6.225, 6.825, 6.518, 5.279, 3.445, 2.611, 5.939, 7.251, 8.455, 8.734, 9.71, 10.699, 10.696, 10.48, 10.333, 10.404, 10.667, 9.511, 8.601, 7.682, 7.128, 6.249, 5.374, 5.327, 5.044, 4.775, 8.881, 12.696, 15.357, 17.414, 18.112, 17.668, 14.986], [2.63, 3.211, 1.656, 0.0, 1.169, 1.948, 2.858, 3.701, 4.588, 5.433, 6.033, 6.82, 8.554, 8.785, 8.436, 8.635, 9.56, 10.197, 10.704, 12.676, 13.574, 13.129, 12.3, 12.354, 13.118, 13.136, 12.486, 12.468, 12.831, 12.634, 11.705, 10.599, 9.945, 10.356, 9.265, 6.862, 4.352, 5.061, 7.463, 8.838, 8.771, 9.29, 9.643, 9.57, 10.123, 11.734, 11.927, 10.887, 10.28, 8.715, 6.193, 3.943, 3.449, 4.209, 4.68, 4.277, 3.181, 1.991, 2.124, 2.212, 1.949, 1.923, 2.094, 2.301, 3.351, 4.938, 6.584, 5.785, 3.464, 3.672, 6.884, 7.697, 5.35, 4.996, 4.462, 4.762, 4.007, 4.548, 5.733, 6.09, 5.696, 5.261, 5.201, 4.98, 4.833, 4.872, 5.43, 6.448, 7.36, 7.843, 8.863, 10.274, 11.47, 10.244, 8.309, 9.251, 10.323, 10.322, 9.061, 7.582, 7.053, 7.073, 7.164, 7.196, 7.047, 6.845, 6.927, 7.746, 8.346, 8.819, 9.454, 9.265, 8.675, 8.481, 8.871, 9.881, 10.831, 11.271, 10.278, 9.091, 9.032, 10.251, 10.439, 8.793, 7.383, 7.499, 8.079, 7.793, 6.473, 4.647, 3.486, 6.729, 8.11, 9.337, 9.585, 10.85, 11.801, 11.85, 11.808, 11.761, 11.808, 11.913, 10.584, 9.219, 8.246, 8.105, 7.199, 6.071, 6.04, 5.4, 5.705, 10.141, 13.97, 16.586, 18.843, 19.503, 19.061, 16.219], [2.688, 3.242, 1.924, 1.169, 0.0, 1.625, 2.693, 3.551, 4.377, 5.287, 5.971, 6.725, 8.354, 8.664, 8.393, 8.57, 9.477, 10.129, 10.657, 12.559, 13.479, 13.081, 12.234, 12.189, 12.965, 12.974, 12.386, 12.328, 12.685, 12.483, 11.558, 10.535, 9.957, 10.208, 9.119, 6.723, 4.314, 5.057, 7.524, 8.924, 8.862, 9.329, 9.663, 9.63, 10.016, 11.572, 11.734, 10.845, 10.133, 8.513, 5.968, 3.717, 3.311, 3.983, 4.48, 4.14, 3.246, 2.035, 2.499, 2.557, 2.141, 2.439, 2.379, 2.59, 3.539, 5.095, 6.74, 5.86, 3.544, 3.801, 7.001, 7.839, 5.369, 4.693, 4.776, 5.095, 4.115, 4.362, 5.769, 6.096, 5.622, 5.202, 5.192, 5.009, 4.896, 4.988, 5.476, 6.476, 7.375, 7.772, 8.77, 10.14, 11.301, 10.082, 8.188, 9.061, 10.149, 10.203, 9.077, 7.534, 7.037, 7.114, 7.242, 7.29, 7.141, 6.874, 6.944, 7.763, 8.228, 8.623, 9.25, 9.085, 8.431, 8.234, 8.631, 9.67, 10.595, 11.034, 10.042, 8.875, 8.835, 10.09, 10.263, 8.549, 7.156, 7.359, 8.001, 7.67, 6.391, 4.755, 3.526, 6.903, 8.26, 9.523, 9.738, 10.968, 11.939, 11.968, 11.784, 11.769, 11.77, 11.945, 10.641, 9.159, 8.356, 8.276, 7.335, 6.13, 5.998, 5.421, 5.657, 10.1, 13.892, 16.599, 18.828, 19.508, 19.066, 16.282], [2.204, 2.421, 1.449, 1.948, 1.625, 0.0, 1.624, 2.56, 3.324, 4.154, 4.707, 5.679, 7.277, 7.426, 7.079, 7.358, 8.259, 8.943, 9.442, 11.459, 12.337, 11.862, 11.114, 11.16, 11.944, 11.949, 11.379, 11.377, 11.717, 11.485, 10.506, 9.303, 8.801, 9.152, 8.141, 5.883, 3.442, 4.023, 6.305, 7.704, 7.757, 8.297, 8.583, 8.463, 8.929, 10.55, 10.673, 9.689, 9.005, 7.41, 4.893, 2.792, 2.466, 2.984, 3.464, 3.287, 2.399, 2.099, 3.276, 3.028, 2.426, 2.456, 2.72, 3.446, 4.541, 6.261, 7.913, 7.054, 4.698, 4.975, 8.184, 8.958, 6.425, 5.549, 5.181, 5.355, 3.753, 3.269, 4.996, 5.133, 4.373, 3.842, 3.797, 3.727, 3.684, 4.004, 4.277, 5.379, 6.327, 6.676, 7.666, 9.046, 10.24, 8.999, 7.043, 8.028, 9.21, 9.26, 7.948, 6.379, 5.754, 5.896, 5.994, 5.997, 5.87, 5.609, 5.704, 6.427, 7.109, 7.595, 8.161, 8.03, 7.367, 7.172, 7.522, 8.538, 9.508, 9.947, 8.948, 7.78, 7.721, 8.835, 9.121, 7.449, 6.064, 6.388, 6.969, 6.667, 5.596, 4.021, 2.798, 5.928, 7.398, 8.663, 8.806, 9.801, 10.825, 10.825, 10.568, 10.506, 10.685, 10.799, 9.728, 8.458, 7.581, 7.267, 6.353, 5.276, 5.149, 4.737, 4.702, 8.903, 12.797, 15.551, 17.543, 18.218, 17.813, 15.128], [1.588, 1.657, 1.856, 2.858, 2.693, 1.624, 0.0, 1.379, 2.148, 2.908, 3.492, 4.509, 5.937, 6.062, 5.964, 6.054, 7.006, 7.682, 8.159, 10.092, 11.044, 10.808, 9.837, 9.921, 10.618, 10.753, 10.32, 10.185, 10.53, 10.242, 9.306, 8.179, 7.831, 8.008, 7.046, 4.898, 2.624, 3.485, 5.631, 6.888, 7.002, 7.577, 7.914, 7.673, 7.824, 9.301, 9.35, 8.406, 7.703, 6.068, 3.698, 1.743, 1.551, 1.805, 2.262, 2.077, 1.532, 2.979, 4.105, 3.599, 2.829, 2.916, 3.77, 4.673, 5.768, 7.561, 9.214, 8.371, 5.95, 6.278, 9.511, 10.324, 7.828, 6.554, 5.486, 5.02, 3.04, 2.436, 4.445, 4.568, 3.38, 2.747, 2.77, 2.717, 2.76, 3.488, 3.728, 4.507, 5.3, 5.639, 6.555, 7.815, 8.993, 7.718, 5.783, 6.933, 8.059, 8.147, 7.013, 5.582, 4.907, 5.124, 5.163, 5.245, 5.067, 4.699, 4.818, 5.374, 6.152, 6.466, 6.925, 6.819, 6.033, 5.764, 6.201, 7.328, 8.224, 8.568, 7.588, 6.491, 6.652, 7.499, 7.691, 6.102, 4.779, 5.322, 5.916, 5.565, 4.414, 2.837, 2.377, 5.387, 6.966, 8.201, 8.412, 9.379, 10.068, 10.018, 9.679, 9.588, 9.956, 9.862, 9.298, 8.21, 7.28, 6.83, 5.837, 4.835, 4.768, 4.456, 4.107, 7.729, 11.63, 14.426, 16.277, 17.079, 16.575, 14.158], [1.436, 1.38, 2.372, 3.701, 3.551, 2.56, 1.379, 0.0, 1.134, 2.09, 2.922, 3.741, 5.089, 5.365, 5.21, 5.341, 6.271, 6.937, 7.44, 9.284, 10.277, 10.077, 9.224, 8.963, 9.774, 9.826, 9.555, 9.254, 9.549, 9.293, 8.347, 7.44, 7.314, 7.22, 6.362, 4.054, 1.953, 2.922, 5.047, 6.4, 6.544, 6.967, 7.356, 7.089, 7.151, 8.448, 8.505, 7.669, 6.899, 5.248, 2.791, 1.463, 1.429, 1.493, 1.78, 1.391, 1.743, 3.775, 4.963, 4.34, 3.646, 3.77, 4.715, 5.593, 6.67, 8.498, 10.103, 9.126, 6.845, 7.196, 10.34, 11.133, 8.635, 7.228, 6.069, 4.833, 2.466, 1.82, 3.89, 4.008, 2.965, 2.196, 2.12, 2.257, 2.42, 3.016, 3.296, 3.899, 4.436, 4.848, 5.604, 6.856, 8.001, 6.753, 4.921, 6.326, 7.316, 7.394, 6.443, 5.055, 4.493, 4.699, 4.711, 4.778, 4.513, 4.075, 4.291, 4.823, 5.49, 5.709, 6.264, 5.999, 5.12, 4.884, 5.267, 6.409, 7.228, 7.651, 6.663, 5.653, 5.821, 6.745, 6.937, 5.142, 3.84, 4.411, 4.964, 4.628, 3.382, 2.041, 1.98, 4.95, 6.564, 7.926, 8.378, 9.168, 9.623, 9.564, 9.237, 9.161, 9.514, 9.432, 9.114, 8.399, 7.451, 6.608, 5.611, 4.813, 4.738, 4.672, 4.372, 6.917, 10.81, 13.603, 15.608, 16.391, 15.9, 13.532], [2.191, 1.924, 3.271, 4.588, 4.377, 3.324, 2.148, 1.134, 0.0, 1.517, 2.234, 3.206, 4.523, 4.658, 4.496, 4.763, 5.658, 6.264, 6.747, 8.605, 9.632, 9.49, 8.64, 8.25, 9.057, 9.168, 8.742, 8.486, 8.687, 8.481, 7.559, 6.73, 6.748, 6.628, 5.688, 3.315, 1.903, 2.519, 4.616, 5.879, 5.964, 6.368, 6.742, 6.556, 6.581, 7.839, 7.802, 6.993, 6.188, 4.547, 2.217, 1.479, 1.79, 1.586, 1.32, 1.113, 2.234, 4.674, 5.852, 5.22, 4.53, 4.615, 5.576, 6.49, 7.579, 9.397, 10.987, 9.991, 7.725, 8.081, 11.215, 12.004, 9.506, 8.094, 6.81, 5.292, 2.739, 1.544, 3.402, 3.521, 2.606, 1.904, 1.95, 2.16, 2.449, 2.756, 3.042, 3.437, 3.808, 4.28, 4.927, 6.114, 7.197, 5.991, 4.316, 5.686, 6.669, 6.713, 5.823, 4.547, 4.044, 4.245, 4.092, 4.161, 3.924, 3.579, 3.676, 4.156, 4.873, 5.066, 5.595, 5.232, 4.353, 4.173, 4.574, 5.706, 6.49, 6.781, 5.815, 4.958, 5.167, 6.066, 6.236, 4.373, 3.13, 3.668, 4.267, 3.935, 2.934, 2.09, 2.055, 4.348, 6.158, 7.658, 8.134, 8.916, 9.159, 8.95, 8.628, 8.517, 8.928, 9.013, 8.875, 8.162, 7.226, 6.368, 5.363, 4.568, 4.416, 4.405, 4.146, 6.231, 10.178, 12.964, 14.941, 15.684, 15.253, 12.961], [3.092, 2.549, 4.158, 5.433, 5.287, 4.154, 2.908, 2.09, 1.517, 0.0, 1.401, 2.348, 3.635, 3.619, 3.435, 3.719, 4.639, 5.222, 5.708, 7.597, 8.576, 8.404, 7.716, 7.42, 8.169, 8.369, 7.978, 7.76, 7.955, 7.705, 6.715, 5.741, 5.777, 5.665, 4.877, 2.62, 2.201, 2.077, 3.973, 4.974, 4.928, 5.314, 5.766, 5.557, 5.644, 6.954, 6.954, 5.957, 5.132, 3.612, 1.671, 2.185, 2.739, 2.488, 2.068, 1.831, 3.139, 5.457, 6.607, 5.958, 5.276, 5.36, 6.327, 7.249, 8.341, 10.203, 11.814, 10.845, 8.552, 8.886, 12.015, 12.81, 10.308, 9.091, 7.917, 6.254, 3.556, 1.475, 2.849, 2.965, 2.262, 2.187, 2.208, 2.507, 2.807, 2.962, 3.175, 3.387, 3.41, 3.426, 4.018, 5.247, 6.348, 5.146, 3.684, 4.832, 5.833, 5.778, 4.798, 3.705, 3.148, 3.441, 3.42, 3.27, 3.043, 2.762, 2.808, 3.131, 3.828, 4.084, 4.634, 4.261, 3.489, 3.253, 3.714, 4.798, 5.701, 5.986, 5.056, 4.228, 4.243, 4.961, 5.156, 3.452, 2.361, 2.781, 3.368, 3.06, 2.337, 2.483, 2.807, 3.812, 5.269, 6.951, 7.527, 8.202, 8.305, 8.028, 7.688, 7.507, 8.11, 8.233, 8.207, 7.674, 6.82, 5.816, 4.891, 4.018, 4.067, 4.557, 4.112, 5.227, 9.077, 11.929, 13.829, 14.544, 14.101, 11.879], [3.743, 3.157, 4.679, 6.033, 5.971, 4.707, 3.492, 2.922, 2.234, 1.401, 0.0, 1.443, 2.848, 2.856, 2.688, 2.973, 3.891, 4.513, 4.94, 6.955, 7.959, 7.687, 6.878, 6.852, 7.533, 7.774, 7.357, 7.21, 7.439, 7.21, 6.196, 5.225, 4.894, 5.083, 4.269, 2.22, 2.891, 2.439, 3.828, 4.211, 4.139, 4.722, 5.008, 4.829, 4.978, 6.312, 6.266, 5.243, 4.508, 2.976, 1.555, 2.681, 3.469, 3.344, 2.793, 2.75, 3.971, 6.257, 7.381, 6.737, 6.03, 5.993, 6.955, 7.934, 9.062, 10.79, 12.446, 11.58, 9.127, 9.494, 12.688, 13.486, 10.976, 9.808, 8.671, 7.22, 4.449, 2.028, 3.075, 3.135, 2.438, 2.498, 2.466, 2.88, 3.171, 3.304, 3.484, 3.829, 3.843, 3.496, 3.903, 4.762, 5.876, 4.66, 3.385, 4.095, 5.094, 5.135, 4.017, 2.967, 2.608, 2.788, 2.643, 2.75, 2.737, 2.693, 2.286, 2.438, 3.132, 3.429, 3.898, 3.664, 3.004, 2.63, 3.127, 4.262, 5.19, 5.457, 4.51, 3.721, 3.644, 4.36, 4.532, 3.012, 2.355, 2.347, 2.843, 2.616, 2.208, 3.129, 3.328, 3.647, 4.817, 6.292, 6.976, 7.427, 7.367, 7.089, 6.747, 6.586, 7.126, 7.402, 7.507, 7.075, 6.307, 5.285, 4.46, 4.011, 4.11, 4.877, 4.154, 4.875, 8.523, 11.311, 13.09, 13.856, 13.379, 11.114], [4.53, 3.945, 5.551, 6.82, 6.725, 5.679, 4.509, 3.741, 3.206, 2.348, 1.443, 0.0, 2.005, 2.268, 2.066, 2.18, 3.016, 3.613, 4.178, 6.241, 7.221, 6.917, 6.151, 6.134, 6.725, 6.898, 6.652, 6.325, 6.533, 6.324, 5.51, 4.589, 4.461, 4.481, 3.474, 2.007, 3.421, 3.197, 3.779, 3.569, 3.747, 4.134, 4.563, 4.476, 4.477, 5.369, 5.418, 4.702, 3.891, 2.561, 1.822, 3.401, 4.457, 4.149, 3.568, 3.608, 4.848, 7.077, 8.244, 7.623, 6.918, 6.981, 7.835, 8.694, 9.799, 11.547, 13.231, 12.391, 10.011, 10.315, 13.526, 14.352, 11.856, 10.657, 9.503, 7.77, 5.052, 2.894, 3.51, 3.443, 2.94, 2.754, 2.961, 3.24, 3.731, 3.854, 4.061, 4.011, 3.629, 3.229, 3.309, 4.073, 5.027, 3.912, 3.233, 3.621, 4.323, 4.228, 3.504, 2.851, 2.739, 2.785, 2.491, 2.463, 2.361, 2.435, 2.178, 2.097, 2.473, 2.439, 3.152, 2.711, 2.226, 2.216, 2.79, 3.583, 4.372, 4.752, 3.812, 2.967, 2.828, 3.727, 3.769, 2.541, 2.25, 2.479, 2.517, 2.392, 2.621, 3.828, 4.073, 3.614, 4.675, 5.992, 6.733, 7.098, 6.909, 6.527, 6.223, 6.02, 6.592, 7.056, 7.198, 6.802, 6.218, 5.16, 4.337, 4.069, 4.191, 5.029, 4.333, 4.259, 7.67, 10.335, 12.333, 13.018, 12.551, 10.068], [6.105, 5.548, 7.189, 8.554, 8.354, 7.277, 5.937, 5.089, 4.523, 3.635, 2.848, 2.005, 0.0, 1.332, 2.025, 1.86, 2.009, 2.51, 2.938, 4.626, 5.629, 5.609, 5.213, 4.782, 5.274, 5.424, 5.517, 5.167, 5.024, 4.877, 4.31, 3.977, 4.258, 3.373, 3.017, 3.187, 4.901, 4.562, 4.029, 3.758, 3.691, 3.871, 4.333, 4.309, 4.189, 4.58, 4.487, 4.177, 2.949, 1.671, 2.883, 4.919, 5.72, 5.381, 4.838, 4.941, 6.375, 8.722, 9.895, 9.241, 8.512, 8.644, 9.558, 10.426, 11.528, 13.338, 14.983, 14.081, 11.703, 12.043, 15.237, 16.086, 13.566, 12.2, 10.982, 9.081, 6.399, 4.406, 4.275, 3.915, 3.731, 3.839, 4.109, 4.543, 4.89, 4.954, 4.983, 4.756, 4.052, 3.623, 3.253, 3.194, 3.761, 3.314, 3.325, 3.359, 3.898, 3.677, 3.185, 3.017, 3.055, 3.216, 3.176, 3.349, 3.326, 3.414, 2.942, 2.225, 1.893, 2.021, 2.307, 2.016, 1.97, 1.96, 2.49, 2.919, 3.415, 3.523, 2.715, 2.468, 1.902, 2.064, 2.26, 1.888, 2.466, 2.795, 2.456, 2.394, 3.337, 5.281, 5.849, 4.005, 4.941, 6.143, 6.909, 7.258, 6.822, 6.406, 5.841, 5.754, 6.531, 7.072, 7.311, 6.955, 6.257, 5.222, 4.457, 4.347, 4.748, 5.672, 4.843, 3.631, 6.027, 8.775, 10.672, 11.478, 10.975, 8.759], [6.403, 5.795, 7.38, 8.785, 8.664, 7.426, 6.062, 5.365, 4.658, 3.619, 2.856, 2.268, 1.332, 0.0, 1.419, 1.26, 1.557, 2.024, 2.317, 4.431, 5.488, 5.623, 5.342, 4.943, 5.187, 5.661, 5.766, 5.402, 5.076, 4.746, 4.195, 3.66, 3.936, 3.251, 2.835, 2.991, 5.017, 4.476, 3.645, 3.344, 3.345, 3.665, 4.116, 4.061, 4.011, 4.443, 4.339, 3.651, 2.456, 1.295, 3.043, 5.249, 5.851, 5.307, 4.86, 5.097, 6.605, 8.992, 10.065, 9.374, 8.667, 8.593, 9.611, 10.626, 11.773, 13.556, 15.203, 14.388, 11.912, 12.281, 15.537, 16.333, 13.82, 12.541, 11.33, 9.201, 6.586, 4.567, 3.861, 3.602, 3.444, 3.682, 3.815, 4.045, 4.348, 4.563, 4.417, 4.264, 3.561, 3.21, 2.84, 2.712, 3.334, 2.906, 2.905, 3.187, 3.837, 3.597, 3.013, 2.677, 2.583, 2.626, 2.582, 2.728, 2.74, 2.784, 2.329, 1.814, 1.558, 1.741, 2.381, 1.843, 1.437, 1.643, 2.234, 2.732, 3.232, 3.147, 2.449, 2.286, 1.686, 1.708, 1.813, 1.168, 2.37, 2.779, 2.811, 2.691, 3.408, 5.613, 6.154, 3.742, 4.484, 5.772, 6.499, 6.867, 6.604, 6.216, 5.709, 5.516, 6.202, 6.77, 6.96, 6.573, 5.825, 4.808, 4.05, 3.969, 4.352, 5.181, 4.39, 3.06, 6.006, 8.838, 10.347, 11.223, 10.821, 8.848], [6.137, 5.463, 7.043, 8.436, 8.393, 7.079, 5.964, 5.21, 4.496, 3.435, 2.688, 2.066, 2.025, 1.419, 0.0, 1.136, 1.562, 2.073, 2.685, 4.931, 5.974, 5.647, 5.224, 4.935, 5.586, 5.856, 5.584, 5.282, 5.384, 5.233, 4.28, 3.372, 3.434, 3.22, 2.671, 2.869, 4.782, 4.139, 3.331, 2.709, 2.779, 3.236, 3.678, 3.675, 3.69, 4.436, 4.456, 3.663, 2.643, 1.449, 2.865, 5.025, 5.912, 5.583, 5.016, 5.084, 6.393, 8.689, 9.743, 9.036, 8.305, 8.217, 9.191, 10.149, 11.28, 13.117, 14.896, 14.036, 11.576, 11.905, 15.186, 15.985, 13.469, 12.396, 11.225, 9.355, 6.611, 4.278, 3.613, 3.477, 3.182, 3.416, 3.462, 3.679, 3.966, 4.202, 4.044, 3.945, 3.416, 3.04, 2.725, 2.968, 3.827, 3.217, 2.887, 2.739, 3.499, 3.244, 2.661, 2.408, 2.349, 2.267, 2.183, 2.3, 2.255, 2.351, 1.873, 1.682, 1.797, 1.601, 2.14, 1.666, 1.554, 1.684, 2.132, 2.467, 3.199, 3.546, 2.629, 2.224, 1.902, 2.419, 2.478, 2.057, 3.09, 3.453, 3.501, 3.472, 3.876, 5.518, 5.718, 3.423, 3.613, 4.834, 5.576, 6.027, 5.95, 5.441, 5.023, 4.759, 5.61, 6.224, 6.232, 5.705, 5.204, 4.119, 3.452, 3.662, 3.953, 4.894, 4.204, 3.064, 6.398, 9.147, 10.815, 11.47, 11.002, 8.816], [6.292, 5.608, 7.251, 8.635, 8.57, 7.358, 6.054, 5.341, 4.763, 3.719, 2.973, 2.18, 1.86, 1.26, 1.136, 0.0, 1.262, 1.848, 2.368, 4.304, 5.316, 5.119, 4.498, 4.304, 4.875, 5.188, 5.017, 4.643, 4.775, 4.548, 3.673, 2.948, 2.839, 2.686, 2.08, 2.756, 4.823, 4.226, 2.954, 2.386, 2.332, 2.712, 3.125, 3.062, 3.042, 3.689, 3.745, 2.978, 2.079, 1.23, 2.98, 5.181, 6.069, 5.644, 5.144, 5.257, 6.632, 8.891, 9.908, 9.136, 8.386, 8.434, 9.352, 10.282, 11.463, 13.412, 15.14, 14.286, 11.838, 12.17, 15.455, 16.255, 13.753, 12.536, 11.353, 9.492, 6.697, 4.475, 3.579, 3.094, 3.247, 3.644, 3.785, 3.971, 4.195, 4.272, 3.974, 3.67, 3.054, 2.498, 2.213, 2.398, 3.212, 2.523, 2.322, 2.125, 2.774, 2.651, 2.022, 1.928, 1.977, 2.041, 2.092, 2.317, 2.407, 2.489, 2.055, 1.512, 1.54, 1.143, 1.634, 1.304, 1.322, 1.425, 1.692, 1.959, 2.573, 2.928, 2.122, 1.647, 1.57, 1.885, 2.027, 2.124, 3.341, 3.745, 3.711, 3.655, 4.123, 5.696, 5.988, 3.471, 3.554, 4.644, 5.39, 5.769, 5.488, 5.111, 4.597, 4.435, 5.157, 5.746, 5.881, 5.481, 4.869, 3.821, 3.062, 3.279, 3.781, 4.613, 3.699, 2.734, 5.809, 8.601, 10.318, 11.132, 10.623, 8.377], [7.182, 6.527, 8.12, 9.56, 9.477, 8.259, 7.006, 6.271, 5.658, 4.639, 3.891, 3.016, 2.009, 1.557, 1.562, 1.262, 0.0, 1.175, 1.557, 3.91, 4.638, 4.588, 4.437, 4.1, 4.493, 4.654, 4.772, 4.42, 4.155, 3.884, 3.47, 2.767, 2.791, 2.295, 2.164, 3.601, 5.631, 5.074, 3.341, 2.358, 2.392, 2.709, 3.125, 3.101, 3.07, 3.433, 3.598, 3.085, 2.102, 1.662, 3.924, 6.114, 7.045, 6.646, 6.156, 6.229, 7.554, 9.845, 10.853, 9.989, 9.203, 9.244, 10.204, 11.182, 12.429, 14.314, 16.073, 15.237, 12.76, 13.125, 16.399, 17.199, 14.683, 13.475, 12.305, 10.421, 7.699, 5.424, 4.447, 3.849, 4.129, 4.547, 4.631, 4.761, 5.001, 5.131, 4.656, 4.158, 3.317, 2.896, 2.382, 1.951, 2.646, 2.461, 2.704, 2.118, 2.764, 2.469, 2.089, 2.344, 2.582, 2.698, 2.803, 2.898, 2.979, 3.141, 2.867, 2.078, 1.592, 1.456, 1.88, 1.342, 1.675, 2.039, 1.989, 1.876, 2.359, 2.703, 1.955, 1.713, 1.157, 1.405, 1.62, 2.294, 3.516, 3.851, 3.871, 3.803, 4.598, 6.627, 6.927, 4.106, 3.485, 4.437, 5.194, 5.556, 5.396, 4.973, 4.472, 4.269, 4.978, 5.597, 5.702, 5.273, 4.773, 3.687, 3.323, 3.777, 4.331, 5.2, 4.204, 2.188, 5.058, 7.777, 9.483, 10.172, 9.763, 7.58], [7.838, 7.159, 8.745, 10.197, 10.129, 8.943, 7.682, 6.937, 6.264, 5.222, 4.513, 3.613, 2.51, 2.024, 2.073, 1.848, 1.175, 0.0, 1.102, 3.336, 4.114, 4.227, 4.099, 3.71, 3.907, 4.289, 4.433, 4.105, 3.736, 3.427, 2.934, 2.594, 2.71, 2.128, 2.147, 4.089, 6.167, 5.616, 3.845, 2.721, 2.791, 2.987, 3.238, 3.177, 3.024, 3.204, 3.27, 2.767, 1.998, 2.17, 4.544, 6.732, 7.556, 7.098, 6.607, 6.725, 8.144, 10.488, 11.49, 10.619, 9.837, 9.863, 10.822, 11.791, 13.042, 14.954, 16.725, 15.885, 13.399, 13.763, 17.058, 17.854, 15.336, 14.145, 12.975, 10.94, 8.236, 6.07, 5.072, 4.554, 4.774, 5.182, 5.244, 5.383, 5.628, 5.751, 5.186, 4.38, 3.421, 2.968, 2.457, 1.884, 2.245, 2.397, 2.758, 2.205, 2.634, 2.418, 2.324, 2.975, 3.332, 3.334, 3.366, 3.477, 3.533, 3.771, 3.507, 2.69, 2.199, 1.881, 1.973, 1.784, 2.074, 2.512, 2.504, 2.15, 2.331, 2.557, 2.129, 2.264, 2.014, 1.702, 1.962, 2.73, 3.951, 4.264, 4.203, 4.141, 5.084, 7.261, 7.589, 4.794, 3.746, 4.455, 5.202, 5.456, 5.082, 4.563, 4.038, 3.863, 4.666, 5.442, 5.604, 5.174, 4.77, 3.873, 3.939, 4.31, 4.671, 5.51, 4.619, 2.262, 4.601, 7.376, 8.974, 9.614, 9.167, 7.379], [8.347, 7.658, 9.246, 10.704, 10.657, 9.442, 8.159, 7.44, 6.747, 5.708, 4.94, 4.178, 2.938, 2.317, 2.685, 2.368, 1.557, 1.102, 0.0, 2.749, 3.681, 3.923, 3.893, 3.46, 3.525, 3.965, 4.066, 3.775, 3.37, 3.009, 2.59, 2.273, 2.471, 1.824, 2.133, 4.554, 6.634, 6.061, 4.252, 3.023, 2.978, 3.063, 3.217, 3.194, 2.911, 2.963, 3.021, 2.464, 1.787, 2.495, 5.069, 7.244, 7.952, 7.438, 6.971, 7.182, 8.636, 10.982, 11.972, 11.115, 10.329, 10.349, 11.305, 12.328, 13.58, 15.454, 17.222, 16.381, 13.895, 14.26, 17.547, 18.341, 15.837, 14.656, 13.47, 11.4, 8.726, 6.604, 5.573, 5.005, 5.289, 5.697, 5.753, 5.893, 6.127, 6.24, 5.676, 4.791, 3.791, 3.268, 2.628, 1.893, 1.958, 2.326, 3.03, 2.319, 2.631, 2.361, 2.596, 3.501, 3.794, 3.798, 3.829, 3.942, 4.007, 4.268, 4.019, 3.21, 2.756, 2.313, 2.236, 2.229, 2.624, 3.014, 2.903, 2.276, 2.233, 2.379, 2.206, 2.571, 2.397, 1.85, 1.968, 3.062, 4.31, 4.598, 4.637, 4.561, 5.576, 7.75, 8.087, 5.267, 4.125, 4.437, 5.108, 5.322, 4.91, 4.454, 3.961, 3.747, 4.484, 5.101, 5.314, 4.979, 4.624, 3.91, 4.166, 4.816, 5.158, 5.985, 5.094, 2.17, 4.122, 6.894, 8.356, 9.087, 8.687, 6.952], [10.256, 9.592, 11.257, 12.676, 12.559, 11.459, 10.092, 9.284, 8.605, 7.597, 6.955, 6.241, 4.626, 4.431, 4.931, 4.304, 3.91, 3.336, 2.749, 0.0, 1.864, 2.122, 2.141, 1.676, 1.481, 1.948, 2.145, 2.054, 1.607, 1.531, 1.78, 2.721, 3.234, 2.7, 3.668, 6.404, 8.535, 7.977, 6.137, 4.812, 4.39, 3.734, 3.52, 3.479, 2.803, 1.82, 1.623, 2.243, 2.638, 4.215, 6.907, 9.114, 9.732, 9.103, 8.684, 8.983, 10.519, 12.88, 13.898, 13.061, 12.25, 12.422, 13.372, 14.318, 15.553, 17.49, 19.193, 18.278, 15.859, 16.198, 19.452, 20.284, 17.794, 16.499, 15.233, 13.128, 10.522, 8.495, 7.465, 6.898, 7.25, 7.706, 7.874, 8.024, 8.217, 8.204, 7.621, 6.715, 5.728, 5.123, 4.374, 3.39, 2.594, 3.447, 4.545, 3.773, 2.788, 2.788, 3.809, 5.227, 5.77, 5.851, 5.834, 6.03, 6.164, 6.37, 6.105, 5.254, 4.786, 4.229, 3.693, 3.941, 4.558, 4.641, 4.323, 3.368, 2.614, 2.271, 3.093, 4.03, 4.287, 3.323, 3.403, 4.951, 6.305, 6.665, 6.49, 6.501, 7.404, 9.54, 10.059, 7.318, 5.641, 5.303, 5.251, 4.904, 4.015, 3.43, 3.135, 3.007, 3.616, 4.03, 4.791, 5.542, 6.106, 5.456, 6.0, 6.741, 7.046, 7.877, 7.084, 3.122, 2.289, 5.016, 6.472, 7.393, 6.999, 5.187], [11.222, 10.538, 12.215, 13.574, 13.479, 12.337, 11.044, 10.277, 9.632, 8.576, 7.959, 7.221, 5.629, 5.488, 5.974, 5.316, 4.638, 4.114, 3.681, 1.864, 0.0, 1.384, 2.214, 2.209, 1.553, 1.484, 2.049, 2.113, 1.74, 1.657, 2.403, 3.213, 3.965, 3.425, 4.573, 7.312, 9.43, 8.799, 6.952, 5.699, 5.23, 4.566, 4.311, 4.28, 3.612, 2.164, 2.217, 3.229, 3.798, 5.358, 7.862, 10.132, 10.896, 10.417, 9.937, 10.059, 11.492, 13.75, 14.733, 13.902, 13.162, 13.297, 14.282, 15.222, 16.467, 18.383, 20.04, 19.142, 16.74, 17.091, 20.292, 21.114, 18.637, 17.452, 16.305, 14.275, 11.586, 9.394, 8.329, 7.736, 8.131, 8.615, 8.812, 8.947, 9.099, 9.045, 8.476, 7.466, 6.412, 5.833, 5.036, 3.821, 3.044, 3.976, 5.524, 4.589, 3.597, 3.598, 4.645, 6.088, 6.734, 6.783, 6.768, 6.965, 7.048, 7.271, 7.001, 6.204, 5.578, 5.156, 4.769, 4.871, 5.56, 5.845, 5.307, 4.183, 3.407, 3.367, 4.203, 5.059, 4.992, 4.128, 4.515, 5.971, 7.196, 7.516, 7.298, 7.326, 8.421, 10.593, 10.969, 8.179, 6.309, 5.771, 5.351, 4.531, 3.619, 3.193, 2.783, 2.944, 3.152, 3.483, 4.538, 5.976, 6.562, 6.194, 6.856, 7.591, 7.861, 8.719, 8.008, 3.696, 1.525, 3.59, 5.387, 6.165, 5.673, 3.826], [10.862, 10.186, 11.816, 13.129, 13.081, 11.862, 10.808, 10.077, 9.49, 8.404, 7.687, 6.917, 5.609, 5.623, 5.647, 5.119, 4.588, 4.227, 3.923, 2.122, 1.384, 0.0, 1.669, 1.909, 1.562, 1.602, 2.093, 2.206, 1.954, 2.142, 2.582, 3.145, 3.567, 3.383, 4.279, 6.973, 9.114, 8.319, 6.391, 5.102, 4.638, 4.072, 3.743, 3.74, 3.341, 2.059, 2.235, 3.275, 3.798, 5.357, 7.643, 9.816, 10.829, 10.437, 9.949, 10.02, 11.252, 13.24, 14.189, 13.408, 12.605, 12.744, 13.703, 14.668, 15.917, 17.831, 19.585, 18.677, 16.216, 16.522, 19.746, 20.555, 18.085, 17.201, 16.109, 14.292, 11.557, 9.039, 7.834, 7.279, 7.697, 8.262, 8.384, 8.451, 8.592, 8.508, 7.972, 7.003, 6.139, 5.513, 4.799, 4.044, 3.512, 4.139, 5.439, 4.319, 3.341, 3.321, 4.176, 5.655, 6.269, 6.295, 6.208, 6.383, 6.501, 6.747, 6.509, 5.734, 5.263, 4.827, 4.414, 4.63, 5.553, 5.775, 5.18, 3.976, 3.41, 3.542, 4.24, 4.918, 4.876, 4.512, 4.938, 6.428, 7.638, 7.866, 7.627, 7.631, 8.545, 10.413, 10.387, 7.573, 5.865, 5.39, 5.112, 4.517, 3.652, 3.039, 2.662, 2.775, 3.239, 3.677, 4.524, 5.569, 6.149, 5.695, 6.307, 7.134, 7.443, 8.321, 7.597, 3.715, 2.207, 3.83, 5.884, 6.561, 6.124, 3.709], [10.095, 9.407, 10.902, 12.3, 12.234, 11.114, 9.837, 9.224, 8.64, 7.716, 6.878, 6.151, 5.213, 5.342, 5.224, 4.498, 4.437, 4.099, 3.893, 2.141, 2.214, 1.669, 0.0, 1.366, 1.6, 2.016, 2.321, 2.378, 2.412, 2.551, 2.628, 3.152, 3.143, 3.123, 3.531, 6.082, 8.176, 7.654, 5.83, 4.513, 4.087, 3.511, 3.293, 3.205, 2.661, 2.072, 1.972, 2.84, 3.356, 4.582, 6.716, 8.847, 9.706, 9.419, 8.927, 9.023, 10.449, 12.576, 13.559, 12.73, 11.929, 12.058, 12.962, 13.937, 15.177, 17.11, 18.818, 17.957, 15.524, 15.846, 19.131, 19.952, 17.471, 16.202, 14.981, 13.33, 10.659, 8.261, 7.147, 6.575, 7.019, 7.587, 7.834, 7.909, 8.01, 7.86, 7.349, 6.689, 5.937, 5.178, 4.684, 4.346, 3.95, 4.074, 4.534, 3.613, 2.68, 2.888, 3.707, 5.017, 5.477, 5.55, 5.65, 5.947, 6.113, 6.398, 5.974, 5.225, 5.083, 4.311, 3.704, 4.178, 4.995, 4.807, 4.321, 3.578, 3.087, 3.047, 3.576, 4.025, 4.63, 4.424, 4.708, 6.141, 7.396, 7.898, 7.628, 7.542, 8.075, 9.291, 9.741, 7.048, 5.469, 5.24, 5.162, 4.711, 3.895, 3.198, 2.666, 2.717, 3.195, 3.866, 4.66, 5.524, 6.067, 5.324, 5.686, 6.459, 6.852, 7.631, 6.792, 4.001, 3.294, 4.941, 6.804, 7.612, 7.104, 4.728], [9.993, 9.331, 11.011, 12.354, 12.189, 11.16, 9.921, 8.963, 8.25, 7.42, 6.852, 6.134, 4.782, 4.943, 4.935, 4.304, 4.1, 3.71, 3.46, 1.676, 2.209, 1.909, 1.366, 0.0, 1.37, 1.625, 1.908, 1.955, 1.68, 1.817, 1.801, 2.611, 3.215, 2.65, 3.283, 5.863, 8.147, 7.541, 5.734, 4.609, 4.081, 3.392, 3.17, 3.115, 2.537, 1.81, 1.711, 2.7, 2.915, 4.182, 6.517, 8.775, 9.547, 9.076, 8.571, 8.684, 10.146, 12.467, 13.503, 12.681, 11.941, 12.076, 13.054, 13.997, 15.234, 17.164, 18.823, 17.827, 15.521, 15.863, 19.089, 19.857, 17.389, 16.088, 14.832, 12.998, 10.27, 8.07, 6.976, 6.446, 6.89, 7.487, 7.698, 7.841, 7.907, 7.821, 7.284, 6.444, 5.481, 4.863, 4.165, 3.643, 3.168, 3.535, 4.35, 3.582, 2.557, 2.59, 3.578, 4.883, 5.537, 5.573, 5.641, 5.947, 6.086, 6.328, 5.841, 5.17, 4.753, 4.052, 3.513, 3.825, 4.678, 4.632, 3.996, 3.104, 2.427, 2.417, 3.052, 3.785, 4.136, 3.894, 4.303, 5.514, 6.754, 7.142, 6.878, 6.832, 7.553, 9.25, 9.741, 7.06, 5.53, 5.306, 5.319, 5.0, 4.172, 3.434, 2.859, 2.822, 3.475, 4.161, 4.931, 5.593, 5.989, 5.348, 5.667, 6.472, 6.66, 7.431, 6.816, 3.432, 2.885, 4.923, 6.924, 7.678, 7.198, 5.048], [10.72, 10.059, 11.761, 13.118, 12.965, 11.944, 10.618, 9.774, 9.057, 8.169, 7.533, 6.725, 5.274, 5.187, 5.586, 4.875, 4.493, 3.907, 3.525, 1.481, 1.553, 1.562, 1.6, 1.37, 0.0, 1.461, 2.05, 2.153, 1.506, 1.486, 1.924, 2.952, 3.676, 3.206, 4.005, 6.699, 8.96, 8.399, 6.572, 5.304, 4.844, 4.223, 4.073, 3.972, 3.164, 1.917, 1.813, 2.812, 3.295, 4.831, 7.242, 9.471, 10.201, 9.708, 9.212, 9.404, 11.024, 13.307, 14.333, 13.482, 12.691, 12.862, 13.829, 14.783, 15.993, 17.911, 19.621, 18.7, 16.294, 16.637, 19.883, 20.72, 18.225, 16.908, 15.596, 13.571, 10.925, 8.927, 7.827, 7.307, 7.723, 8.197, 8.41, 8.483, 8.675, 8.646, 8.084, 7.096, 6.102, 5.404, 4.556, 3.472, 2.848, 3.554, 5.045, 4.071, 3.071, 3.195, 4.185, 5.69, 6.264, 6.329, 6.341, 6.551, 6.656, 6.864, 6.555, 5.808, 5.294, 4.709, 4.167, 4.381, 4.994, 5.15, 4.688, 3.784, 2.844, 2.794, 3.56, 4.41, 4.731, 4.079, 4.376, 5.648, 6.906, 7.424, 7.168, 7.104, 7.883, 9.984, 10.478, 7.774, 5.837, 5.472, 5.605, 5.241, 4.36, 3.674, 3.131, 3.127, 3.712, 4.314, 5.099, 5.759, 6.272, 5.831, 6.423, 7.149, 7.435, 8.199, 7.527, 3.615, 2.427, 4.295, 6.084, 6.89, 6.387, 4.52], [10.858, 10.143, 11.8, 13.136, 12.974, 11.949, 10.753, 9.826, 9.168, 8.369, 7.774, 6.898, 5.424, 5.661, 5.856, 5.188, 4.654, 4.289, 3.965, 1.948, 1.484, 1.602, 2.016, 1.625, 1.461, 0.0, 1.119, 1.207, 1.186, 1.421, 2.028, 3.002, 3.563, 3.169, 4.106, 6.597, 8.942, 8.298, 6.526, 5.335, 4.826, 4.109, 3.882, 3.865, 3.159, 1.697, 1.854, 3.219, 3.837, 5.144, 7.353, 9.609, 10.487, 9.987, 9.475, 9.633, 11.075, 13.282, 14.296, 13.46, 12.706, 12.876, 13.852, 14.78, 15.993, 17.934, 19.606, 18.626, 16.319, 16.659, 19.864, 20.644, 18.18, 16.88, 15.594, 13.821, 11.135, 8.899, 7.745, 7.24, 7.75, 8.317, 8.569, 8.627, 8.79, 8.582, 8.137, 7.055, 6.081, 5.535, 4.658, 3.658, 2.794, 3.473, 5.153, 4.167, 3.143, 3.316, 4.312, 5.709, 6.358, 6.425, 6.426, 6.679, 6.763, 7.033, 6.678, 6.036, 5.387, 4.851, 4.329, 4.657, 5.401, 5.527, 4.879, 3.709, 2.919, 3.048, 3.829, 4.463, 4.694, 4.469, 4.875, 6.098, 7.304, 7.704, 7.426, 7.399, 8.298, 10.099, 10.512, 7.768, 5.804, 5.236, 4.872, 4.404, 3.503, 2.872, 2.406, 2.527, 2.954, 3.466, 4.231, 5.445, 6.045, 5.78, 6.413, 7.165, 7.262, 8.089, 7.566, 3.753, 1.9, 4.126, 6.18, 6.931, 6.438, 4.12], [10.337, 9.676, 11.255, 12.486, 12.386, 11.379, 10.32, 9.555, 8.742, 7.978, 7.357, 6.652, 5.517, 5.766, 5.584, 5.017, 4.772, 4.433, 4.066, 2.145, 2.049, 2.093, 2.321, 1.908, 2.05, 1.119, 0.0, 1.094, 1.318, 1.595, 1.796, 2.734, 2.991, 2.861, 3.528, 6.069, 8.382, 7.655, 5.962, 4.865, 4.26, 3.546, 3.268, 3.356, 2.643, 1.819, 1.949, 2.991, 3.641, 4.965, 7.044, 9.179, 10.154, 9.814, 9.271, 9.348, 10.632, 12.655, 13.606, 12.814, 12.055, 12.245, 13.171, 14.104, 15.321, 17.243, 18.924, 17.957, 15.66, 16.008, 19.173, 19.959, 17.527, 16.374, 15.264, 13.744, 10.895, 8.291, 7.072, 6.584, 7.176, 7.968, 8.21, 8.274, 8.339, 7.975, 7.486, 6.687, 5.895, 5.113, 4.371, 3.736, 2.814, 3.415, 4.847, 3.645, 2.693, 2.746, 3.764, 5.175, 5.828, 5.865, 5.878, 6.186, 6.409, 6.781, 6.217, 5.517, 5.124, 4.441, 3.786, 4.317, 5.497, 5.419, 4.619, 3.482, 2.827, 3.006, 3.723, 4.229, 4.527, 4.698, 5.109, 6.351, 7.517, 7.831, 7.575, 7.516, 8.46, 9.759, 9.948, 7.248, 5.169, 4.449, 4.179, 3.718, 2.859, 2.187, 1.938, 1.899, 2.306, 2.855, 3.54, 4.683, 5.34, 5.124, 5.806, 6.497, 6.636, 7.426, 6.99, 3.706, 2.143, 4.634, 6.822, 7.488, 7.039, 4.494], [10.208, 9.554, 11.218, 12.468, 12.328, 11.377, 10.185, 9.254, 8.486, 7.76, 7.21, 6.325, 5.167, 5.402, 5.282, 4.643, 4.42, 4.105, 3.775, 2.054, 2.113, 2.206, 2.378, 1.955, 2.153, 1.207, 1.094, 0.0, 1.12, 1.489, 1.608, 2.405, 2.929, 2.77, 3.591, 5.819, 8.277, 7.644, 5.845, 4.722, 4.211, 3.673, 3.499, 3.355, 2.685, 1.84, 2.002, 2.839, 3.318, 4.631, 6.69, 8.967, 9.861, 9.353, 8.828, 9.003, 10.47, 12.633, 13.611, 12.793, 12.031, 12.192, 13.146, 14.092, 15.296, 17.235, 18.908, 17.936, 15.635, 15.969, 19.168, 19.952, 17.5, 16.3, 14.97, 13.18, 10.466, 8.248, 7.048, 6.572, 7.114, 7.731, 7.974, 8.027, 8.146, 7.964, 7.476, 6.488, 5.57, 4.904, 4.066, 3.381, 2.446, 2.976, 4.57, 3.592, 2.589, 2.615, 3.691, 5.119, 5.774, 5.767, 5.848, 6.125, 6.269, 6.499, 6.095, 5.422, 4.99, 4.278, 3.815, 4.078, 5.04, 4.95, 4.216, 3.161, 2.438, 2.681, 3.24, 3.867, 4.361, 4.35, 4.769, 5.944, 7.13, 7.503, 7.248, 7.171, 8.017, 9.58, 9.859, 7.239, 5.187, 4.681, 4.287, 3.73, 2.986, 2.571, 2.492, 2.505, 2.789, 3.083, 3.684, 4.866, 5.479, 5.175, 5.765, 6.486, 6.635, 7.441, 6.925, 3.394, 2.384, 4.845, 6.955, 7.668, 7.202, 4.746], [10.515, 9.866, 11.586, 12.831, 12.685, 11.717, 10.53, 9.549, 8.687, 7.955, 7.439, 6.533, 5.024, 5.076, 5.384, 4.775, 4.155, 3.736, 3.37, 1.607, 1.74, 1.954, 2.412, 1.68, 1.506, 1.186, 1.318, 1.12, 0.0, 0.919, 1.49, 2.544, 3.363, 2.881, 3.751, 6.167, 8.629, 8.0, 6.186, 4.969, 4.505, 3.779, 3.653, 3.537, 2.863, 1.679, 1.733, 2.719, 3.287, 4.741, 7.017, 9.295, 10.088, 9.505, 8.997, 9.202, 10.693, 12.971, 13.956, 13.139, 12.408, 12.559, 13.496, 14.441, 15.656, 17.575, 19.25, 18.284, 15.993, 16.348, 19.513, 20.297, 17.86, 16.657, 15.317, 13.325, 10.578, 8.594, 7.404, 6.932, 7.426, 8.013, 8.247, 8.326, 8.421, 8.318, 7.818, 6.688, 5.709, 5.177, 4.29, 3.114, 2.34, 3.143, 4.793, 3.912, 2.797, 2.858, 3.99, 5.445, 6.111, 6.124, 6.144, 6.396, 6.444, 6.697, 6.344, 5.623, 4.968, 4.41, 3.985, 4.126, 4.893, 5.126, 4.447, 3.399, 2.497, 2.458, 3.228, 4.181, 4.251, 3.908, 4.321, 5.52, 6.709, 7.061, 6.809, 6.748, 7.812, 9.875, 10.186, 7.447, 5.538, 5.007, 4.952, 4.489, 3.647, 2.983, 2.758, 2.695, 3.179, 3.627, 4.389, 5.281, 5.911, 5.556, 6.101, 6.868, 7.044, 7.814, 7.309, 3.216, 2.046, 4.559, 6.607, 7.315, 6.848, 4.706], [10.29, 9.633, 11.336, 12.634, 12.483, 11.485, 10.242, 9.293, 8.481, 7.705, 7.21, 6.324, 4.877, 4.746, 5.233, 4.548, 3.884, 3.427, 3.009, 1.531, 1.657, 2.142, 2.551, 1.817, 1.486, 1.421, 1.595, 1.489, 0.919, 0.0, 1.284, 2.323, 3.156, 2.58, 3.518, 5.998, 8.418, 7.78, 5.987, 4.795, 4.309, 3.61, 3.435, 3.363, 2.648, 1.463, 1.546, 2.467, 3.014, 4.497, 6.748, 9.048, 9.822, 9.202, 8.717, 8.924, 10.514, 12.764, 13.76, 12.956, 12.212, 12.358, 13.319, 14.248, 15.464, 17.398, 19.067, 18.098, 15.791, 16.143, 19.33, 20.115, 17.659, 16.39, 15.034, 13.058, 10.351, 8.369, 7.223, 6.712, 7.225, 7.787, 8.016, 8.077, 8.215, 8.105, 7.633, 6.536, 5.547, 4.993, 4.104, 2.893, 2.086, 2.928, 4.579, 3.664, 2.609, 2.692, 3.821, 5.234, 5.881, 5.891, 5.914, 6.146, 6.237, 6.452, 6.115, 5.383, 4.741, 4.228, 3.798, 3.961, 4.617, 4.877, 4.19, 3.174, 2.266, 2.261, 3.033, 3.89, 4.046, 3.483, 3.853, 5.024, 6.214, 6.631, 6.45, 6.426, 7.484, 9.609, 9.983, 7.266, 5.373, 4.94, 4.908, 4.629, 3.808, 3.168, 2.754, 2.663, 3.349, 3.954, 4.544, 5.314, 5.854, 5.358, 5.933, 6.681, 6.864, 7.668, 7.146, 3.045, 2.229, 4.849, 6.749, 7.475, 7.008, 5.069], [9.348, 8.685, 10.392, 11.705, 11.558, 10.506, 9.306, 8.347, 7.559, 6.715, 6.196, 5.51, 4.31, 4.195, 4.28, 3.673, 3.47, 2.934, 2.59, 1.78, 2.403, 2.582, 2.628, 1.801, 1.924, 2.028, 1.796, 1.608, 1.49, 1.284, 0.0, 1.475, 2.294, 1.934, 2.729, 5.232, 7.519, 6.842, 5.002, 3.888, 3.413, 2.881, 2.816, 2.606, 1.891, 1.583, 1.531, 1.724, 2.083, 3.585, 5.938, 8.156, 8.963, 8.404, 7.889, 8.036, 9.461, 11.808, 12.807, 12.01, 11.262, 11.422, 12.377, 13.294, 14.514, 16.474, 18.128, 17.158, 14.848, 15.201, 18.361, 19.155, 16.712, 15.459, 14.273, 12.342, 9.585, 7.401, 6.277, 5.763, 6.248, 6.877, 7.029, 7.195, 7.242, 7.154, 6.652, 5.76, 4.76, 4.11, 3.295, 2.527, 1.788, 2.318, 3.691, 2.787, 1.917, 1.972, 2.892, 4.262, 4.93, 4.96, 4.988, 5.318, 5.451, 5.678, 5.234, 4.543, 4.149, 3.444, 2.968, 3.145, 3.925, 4.019, 3.386, 2.389, 1.669, 1.838, 2.418, 3.202, 3.507, 3.172, 3.546, 4.745, 5.936, 6.277, 6.134, 6.09, 6.943, 8.771, 9.064, 6.394, 4.473, 4.161, 4.403, 4.303, 3.606, 3.182, 2.716, 2.581, 3.339, 3.81, 4.235, 4.553, 4.9, 4.426, 5.001, 5.805, 5.982, 6.77, 6.253, 2.575, 2.92, 5.64, 7.549, 8.247, 7.766, 5.734], [8.333, 7.66, 9.279, 10.599, 10.535, 9.303, 8.179, 7.44, 6.73, 5.741, 5.225, 4.589, 3.977, 3.66, 3.372, 2.948, 2.767, 2.594, 2.273, 2.721, 3.213, 3.145, 3.152, 2.611, 2.952, 3.002, 2.734, 2.405, 2.544, 2.323, 1.475, 0.0, 1.408, 1.483, 2.17, 4.469, 6.448, 5.779, 3.866, 2.775, 2.454, 2.149, 2.191, 1.959, 1.553, 2.015, 2.163, 1.859, 1.77, 3.043, 5.057, 7.272, 8.067, 7.707, 7.177, 7.235, 8.557, 10.728, 11.657, 10.893, 10.204, 10.278, 11.226, 12.203, 13.458, 15.343, 17.014, 16.127, 13.744, 14.086, 17.246, 18.015, 15.578, 14.555, 13.452, 11.615, 8.895, 6.472, 5.342, 4.736, 5.129, 5.726, 5.895, 6.078, 6.156, 5.995, 5.482, 4.687, 3.795, 3.13, 2.482, 2.062, 2.009, 1.916, 2.767, 1.959, 1.627, 1.657, 2.131, 3.254, 3.852, 3.875, 3.854, 4.119, 4.269, 4.51, 4.085, 3.407, 3.44, 2.814, 2.816, 2.58, 3.252, 3.364, 2.665, 1.882, 1.598, 2.108, 2.109, 2.523, 2.91, 2.897, 3.26, 4.404, 5.56, 5.964, 5.962, 5.923, 6.294, 7.764, 7.987, 5.229, 3.563, 3.392, 3.801, 3.939, 3.716, 3.347, 3.03, 2.776, 3.414, 3.713, 3.923, 3.815, 3.871, 3.409, 3.899, 4.697, 5.039, 5.837, 5.177, 1.819, 3.869, 6.541, 8.444, 9.099, 8.687, 6.423], [7.974, 7.186, 8.642, 9.945, 9.957, 8.801, 7.831, 7.314, 6.748, 5.777, 4.894, 4.461, 4.258, 3.936, 3.434, 2.839, 2.791, 2.71, 2.471, 3.234, 3.965, 3.567, 3.143, 3.215, 3.676, 3.563, 2.991, 2.929, 3.363, 3.156, 2.294, 1.408, 0.0, 1.429, 2.014, 4.117, 6.067, 5.261, 3.441, 2.299, 1.885, 1.872, 1.807, 1.7, 1.597, 2.484, 2.824, 2.123, 2.103, 3.212, 4.877, 6.808, 7.97, 7.776, 7.264, 7.248, 8.428, 10.288, 11.137, 10.328, 9.535, 9.633, 10.512, 11.461, 12.718, 14.691, 16.407, 15.583, 13.099, 13.456, 16.706, 17.504, 15.06, 14.136, 13.194, 11.84, 8.978, 6.141, 4.858, 4.296, 4.753, 5.547, 5.681, 5.667, 5.678, 5.475, 5.051, 4.496, 3.924, 3.056, 2.727, 2.484, 2.426, 2.42, 2.811, 1.556, 1.611, 1.581, 1.666, 2.797, 3.248, 3.299, 3.373, 3.749, 3.992, 4.277, 3.712, 3.264, 3.203, 2.632, 2.478, 2.56, 3.469, 3.335, 2.596, 1.976, 2.075, 2.807, 2.61, 2.574, 2.893, 3.267, 3.559, 4.801, 5.985, 6.323, 6.321, 6.287, 6.761, 7.605, 7.455, 4.817, 2.984, 2.875, 3.426, 3.578, 3.291, 3.038, 2.663, 2.625, 3.07, 3.514, 3.527, 3.244, 3.392, 2.846, 3.329, 4.056, 4.415, 5.242, 4.469, 2.172, 4.403, 6.981, 8.972, 9.621, 9.182, 6.547], [8.131, 7.46, 9.042, 10.356, 10.208, 9.152, 8.008, 7.22, 6.628, 5.665, 5.083, 4.481, 3.373, 3.251, 3.22, 2.686, 2.295, 2.128, 1.824, 2.7, 3.425, 3.383, 3.123, 2.65, 3.206, 3.169, 2.861, 2.77, 2.881, 2.58, 1.934, 1.483, 1.429, 0.0, 1.493, 4.09, 6.203, 5.556, 3.751, 2.92, 2.536, 2.105, 2.159, 2.208, 1.956, 2.506, 2.772, 2.504, 1.851, 2.575, 4.765, 6.952, 7.936, 7.613, 7.086, 7.114, 8.452, 10.53, 11.476, 10.656, 9.906, 10.07, 11.051, 12.004, 13.216, 15.151, 16.805, 15.86, 13.526, 13.86, 17.055, 17.862, 15.375, 14.215, 13.176, 11.552, 8.746, 6.248, 5.064, 4.561, 5.006, 5.669, 5.899, 5.94, 6.047, 5.802, 5.35, 4.573, 3.795, 3.093, 2.596, 2.232, 2.025, 2.332, 2.917, 1.929, 1.879, 1.725, 2.085, 3.147, 3.669, 3.677, 3.682, 3.948, 4.114, 4.403, 3.931, 3.28, 2.751, 2.289, 2.128, 2.283, 3.132, 3.21, 2.564, 1.92, 1.812, 2.251, 2.112, 2.199, 2.325, 2.63, 2.834, 3.922, 5.136, 5.499, 5.455, 5.377, 6.025, 7.51, 7.766, 5.055, 4.019, 3.962, 4.572, 4.666, 4.188, 3.896, 3.418, 3.287, 3.846, 4.301, 4.475, 4.372, 4.148, 3.596, 3.849, 4.465, 4.657, 5.506, 4.879, 2.352, 4.018, 6.723, 8.735, 9.45, 8.99, 6.468], [7.131, 6.431, 8.002, 9.265, 9.119, 8.141, 7.046, 6.362, 5.688, 4.877, 4.269, 3.474, 3.017, 2.835, 2.671, 2.08, 2.164, 2.147, 2.133, 3.668, 4.573, 4.279, 3.531, 3.283, 4.005, 4.106, 3.528, 3.591, 3.751, 3.518, 2.729, 2.17, 2.014, 1.493, 0.0, 2.967, 5.151, 4.519, 2.979, 2.339, 1.883, 1.659, 1.938, 2.081, 1.889, 2.782, 3.096, 2.83, 2.127, 2.048, 3.749, 5.858, 6.914, 6.689, 6.162, 6.163, 7.516, 9.433, 10.399, 9.61, 8.847, 8.997, 9.989, 10.911, 12.103, 14.018, 15.683, 14.748, 12.399, 12.754, 15.947, 16.779, 14.285, 13.108, 12.119, 10.646, 7.798, 5.234, 3.945, 3.625, 3.99, 4.735, 5.021, 4.979, 5.053, 4.795, 4.39, 3.829, 3.232, 2.585, 2.266, 2.286, 2.683, 2.43, 2.45, 1.65, 1.905, 1.78, 1.79, 2.243, 2.744, 2.681, 2.633, 2.894, 3.091, 3.481, 2.909, 2.381, 2.233, 1.688, 1.645, 2.015, 2.356, 2.534, 2.168, 2.08, 2.04, 2.533, 2.243, 1.697, 1.965, 2.695, 2.947, 3.413, 4.584, 5.078, 5.09, 4.932, 5.308, 6.512, 6.692, 4.095, 3.724, 3.993, 4.722, 4.981, 4.562, 4.156, 3.781, 3.544, 4.168, 4.694, 4.862, 4.619, 4.113, 3.275, 3.038, 3.46, 3.673, 4.48, 3.945, 2.707, 5.127, 7.78, 9.944, 10.672, 10.2, 7.544], [4.839, 4.128, 5.77, 6.862, 6.723, 5.883, 4.898, 4.054, 3.315, 2.62, 2.22, 2.007, 3.187, 2.991, 2.869, 2.756, 3.601, 4.089, 4.554, 6.404, 7.312, 6.973, 6.082, 5.863, 6.699, 6.597, 6.069, 5.819, 6.167, 5.998, 5.232, 4.469, 4.117, 4.09, 2.967, 0.0, 2.696, 2.188, 3.032, 3.208, 3.154, 3.468, 3.929, 3.772, 4.065, 5.411, 5.606, 4.92, 4.165, 2.73, 1.843, 3.56, 4.63, 4.236, 3.733, 3.829, 5.21, 6.999, 7.923, 7.178, 6.481, 6.58, 7.507, 8.436, 9.58, 11.507, 13.178, 12.229, 9.918, 10.283, 13.436, 14.222, 11.845, 10.867, 9.687, 8.189, 5.348, 2.919, 2.813, 2.869, 2.824, 3.231, 3.297, 3.267, 3.219, 3.161, 3.439, 3.262, 3.331, 2.981, 3.222, 4.008, 4.935, 3.729, 2.922, 3.434, 4.125, 4.12, 3.349, 2.553, 2.682, 2.524, 2.295, 2.405, 2.348, 2.503, 2.108, 2.5, 2.685, 2.784, 3.518, 3.246, 2.888, 2.78, 2.911, 3.706, 4.39, 4.717, 3.757, 2.823, 2.899, 4.245, 4.436, 2.963, 3.167, 3.285, 3.332, 3.36, 3.429, 4.343, 4.177, 3.685, 4.528, 5.711, 6.427, 6.926, 6.598, 6.299, 6.169, 6.049, 6.423, 6.827, 6.746, 6.373, 5.593, 4.651, 3.865, 3.651, 3.509, 4.126, 3.894, 4.487, 7.802, 10.382, 12.677, 1