[[0.0, 1.454, 2.453, 2.895, 1.664, 1.402, 1.449, 1.731, 2.53, 3.108, 2.673, 2.797, 2.846, 3.002, 2.43, 2.445, 2.357, 3.149, 3.741, 4.017, 4.288, 5.165, 5.761, 7.178, 7.824, 7.081, 6.217, 6.048, 6.531, 6.334, 5.831, 5.639, 5.141, 4.477, 5.06, 7.799, 8.922, 7.758, 5.348, 4.381, 3.685, 2.517, 2.401, 3.387, 5.105, 5.948, 4.894, 4.488, 5.075, 4.274, 2.816, 2.372, 3.016, 4.968, 5.732, 4.766, 4.212, 4.611, 5.943, 7.672, 8.533, 8.705, 8.067, 7.271, 6.887, 6.726, 6.368, 6.107, 6.111, 6.6, 7.145, 7.195, 7.168, 6.7, 5.475, 4.24, 4.004, 5.168, 6.689, 5.99, 4.473, 3.8, 3.62, 3.194, 3.24, 2.482, 2.586, 4.351, 5.325, 3.829, 2.423, 2.763, 2.492, 3.309, 3.766, 3.739, 3.209, 2.734, 2.499, 2.862, 3.433, 3.423, 3.11, 2.698, 2.416, 2.741, 3.165, 2.979, 2.682, 2.681, 2.528, 3.041, 3.033, 4.095, 5.908, 6.462, 6.971, 7.417, 7.291, 7.15, 6.547, 5.292, 5.406, 5.971, 6.453, 6.196, 6.103, 5.789, 5.607, 5.622, 6.198, 6.986, 7.426, 7.263, 7.479, 7.23, 6.323, 6.114, 6.28, 5.639, 4.795, 4.288, 4.098, 4.185, 4.036, 4.092, 3.637, 3.288, 3.025, 2.541, 2.289, 2.095, 1.936, 3.428, 4.255, 4.07, 4.813, 5.909], [1.454, 0.0, 2.131, 2.494, 1.588, 1.653, 1.86, 1.82, 1.912, 2.465, 2.51, 2.568, 2.636, 2.792, 2.448, 2.897, 2.893, 3.602, 4.23, 4.556, 4.552, 5.459, 6.383, 7.772, 8.406, 7.651, 6.804, 6.684, 7.196, 7.029, 6.486, 6.317, 5.794, 5.104, 5.61, 8.35, 9.473, 8.369, 5.932, 4.97, 4.168, 2.863, 2.811, 3.866, 5.687, 6.515, 5.572, 5.157, 5.782, 4.944, 3.436, 2.606, 3.597, 5.543, 6.282, 5.348, 4.787, 5.193, 6.525, 8.254, 9.11, 9.283, 8.644, 7.857, 7.471, 7.298, 6.954, 6.695, 6.693, 7.181, 7.726, 7.787, 7.746, 7.278, 6.057, 4.821, 4.586, 5.75, 7.271, 6.572, 4.994, 4.301, 4.178, 3.679, 3.317, 3.121, 3.251, 5.074, 6.262, 4.488, 2.187, 1.852, 2.057, 2.812, 3.19, 3.217, 2.705, 2.65, 2.113, 2.517, 2.849, 2.971, 2.93, 2.273, 1.845, 2.207, 2.612, 2.247, 2.355, 2.505, 2.142, 2.854, 2.58, 3.645, 5.285, 5.797, 5.937, 6.288, 6.16, 6.095, 5.716, 4.517, 4.479, 4.821, 5.49, 5.298, 5.315, 5.052, 4.934, 4.902, 5.482, 6.016, 6.311, 6.154, 6.397, 6.118, 5.203, 4.985, 5.283, 4.914, 4.461, 4.209, 3.997, 4.018, 3.562, 3.646, 3.615, 3.575, 2.9, 2.628, 2.56, 2.423, 1.839, 3.066, 3.979, 4.579, 5.451, 6.497], [2.453, 2.131, 0.0, 1.533, 2.056, 2.969, 3.143, 2.278, 1.468, 1.38, 1.82, 2.249, 2.242, 2.412, 2.955, 3.938, 4.077, 4.561, 5.207, 5.761, 5.829, 6.474, 7.795, 9.379, 10.04, 9.248, 8.336, 8.146, 8.604, 8.371, 7.97, 7.595, 6.995, 6.611, 7.264, 10.003, 11.126, 9.904, 7.518, 6.499, 5.469, 3.445, 3.396, 5.038, 7.321, 8.117, 7.012, 6.633, 7.21, 6.444, 4.682, 3.881, 5.231, 7.177, 7.936, 6.982, 6.421, 6.827, 8.159, 9.888, 10.747, 10.92, 10.281, 9.485, 9.096, 8.935, 8.582, 8.322, 8.327, 8.816, 9.361, 9.411, 9.383, 8.915, 7.691, 6.456, 6.22, 7.384, 8.905, 8.206, 6.624, 5.852, 5.813, 5.31, 4.807, 4.236, 4.722, 6.555, 7.55, 6.055, 2.932, 2.753, 3.388, 3.835, 3.359, 2.752, 2.339, 2.303, 2.682, 2.615, 2.449, 2.535, 2.869, 2.981, 2.689, 2.209, 1.944, 2.091, 2.363, 2.37, 2.285, 2.541, 1.842, 2.052, 3.813, 4.391, 4.894, 5.279, 5.117, 5.005, 4.59, 3.366, 3.437, 3.941, 4.453, 4.334, 4.314, 4.04, 3.937, 3.953, 4.372, 5.18, 5.559, 5.386, 5.506, 5.242, 4.35, 4.199, 4.4, 3.919, 3.821, 4.428, 4.66, 4.134, 3.723, 4.239, 4.766, 5.112, 4.343, 4.203, 4.191, 3.917, 3.019, 2.967, 4.118, 5.422, 6.727, 8.102], [2.895, 2.494, 1.533, 0.0, 2.071, 3.271, 3.539, 2.788, 2.341, 2.233, 1.9, 2.43, 2.281, 2.346, 3.062, 4.147, 4.273, 4.502, 5.281, 5.987, 6.041, 6.654, 8.017, 9.601, 10.266, 9.474, 8.551, 8.359, 8.818, 8.579, 8.176, 7.812, 7.263, 6.921, 7.465, 10.205, 11.328, 10.324, 7.861, 6.911, 5.896, 3.844, 3.331, 5.206, 7.547, 8.411, 7.559, 7.112, 7.77, 6.914, 5.261, 4.159, 5.457, 7.402, 8.141, 7.207, 6.647, 7.053, 8.384, 10.114, 10.969, 11.141, 10.503, 9.707, 9.336, 9.167, 8.856, 8.58, 8.552, 9.041, 9.586, 9.636, 9.617, 9.171, 7.916, 6.703, 6.445, 7.609, 9.131, 8.432, 6.85, 6.054, 6.014, 5.539, 5.037, 4.441, 4.982, 6.821, 7.941, 6.274, 3.264, 3.548, 4.115, 4.84, 4.376, 3.783, 3.299, 3.312, 3.318, 3.151, 3.412, 3.303, 3.591, 3.52, 3.181, 2.774, 2.751, 2.759, 2.725, 2.466, 2.039, 2.243, 1.565, 1.821, 3.679, 4.101, 4.318, 4.723, 4.629, 4.485, 4.061, 2.905, 3.1, 3.657, 4.133, 3.915, 4.168, 4.071, 4.139, 3.953, 4.215, 4.752, 5.147, 4.966, 5.099, 4.763, 3.897, 3.701, 3.906, 3.57, 3.074, 4.369, 4.856, 4.27, 4.183, 4.625, 4.989, 5.338, 4.569, 4.445, 4.471, 4.13, 3.328, 3.054, 4.091, 5.596, 6.949, 8.324], [1.664, 1.588, 2.056, 2.071, 0.0, 1.69, 2.045, 1.97, 2.505, 2.825, 2.515, 2.575, 2.547, 2.671, 2.145, 2.537, 2.727, 3.117, 3.818, 4.381, 4.47, 5.146, 6.36, 7.945, 8.598, 7.806, 6.884, 6.692, 7.15, 6.911, 6.509, 6.141, 5.661, 5.339, 5.883, 8.612, 9.735, 8.759, 6.271, 5.381, 4.403, 2.909, 2.251, 3.622, 5.911, 6.816, 6.058, 5.615, 6.275, 5.417, 3.826, 2.761, 3.79, 5.781, 6.545, 5.572, 4.979, 5.385, 6.717, 8.446, 9.313, 9.485, 8.847, 8.05, 7.691, 7.502, 7.236, 6.913, 6.885, 7.374, 7.919, 7.994, 7.983, 7.5, 6.249, 5.026, 4.778, 5.947, 7.463, 6.764, 5.214, 4.461, 4.44, 3.923, 3.522, 2.886, 3.386, 5.336, 6.638, 4.799, 2.552, 2.95, 2.985, 3.749, 4.176, 3.956, 3.663, 3.243, 2.866, 3.313, 3.675, 3.429, 3.08, 2.859, 2.622, 2.488, 2.88, 2.962, 2.611, 2.257, 1.921, 2.451, 2.509, 3.689, 5.275, 5.921, 5.949, 6.223, 6.088, 5.935, 5.618, 4.435, 4.521, 5.033, 5.764, 5.574, 5.59, 5.193, 5.115, 5.04, 5.467, 6.231, 6.612, 6.422, 6.496, 6.229, 5.365, 5.24, 5.465, 5.004, 4.321, 3.843, 3.851, 3.912, 3.831, 4.037, 3.575, 3.797, 3.348, 3.038, 2.953, 2.526, 2.148, 2.962, 3.608, 4.104, 5.292, 6.668], [1.402, 1.653, 2.969, 3.271, 1.69, 0.0, 1.058, 2.068, 2.887, 3.337, 2.777, 2.703, 2.815, 2.698, 2.056, 1.879, 1.734, 2.402, 3.036, 3.296, 3.513, 4.322, 5.193, 6.502, 7.151, 6.361, 5.45, 5.36, 5.822, 5.797, 5.175, 4.941, 4.57, 3.882, 4.423, 7.162, 8.285, 7.236, 4.85, 3.811, 2.995, 2.082, 1.951, 2.569, 4.461, 5.349, 4.503, 4.113, 4.679, 3.859, 2.444, 2.045, 2.418, 4.332, 5.095, 4.122, 3.605, 3.938, 5.27, 6.999, 7.865, 8.038, 7.399, 6.624, 6.239, 6.054, 5.709, 5.445, 5.439, 5.927, 6.483, 6.622, 6.495, 6.037, 4.802, 3.572, 3.368, 4.495, 6.017, 5.317, 3.766, 3.05, 3.013, 2.515, 2.375, 2.052, 2.222, 4.042, 5.259, 3.423, 2.379, 2.958, 3.102, 3.872, 4.489, 4.4, 3.799, 3.387, 3.158, 3.498, 4.047, 4.143, 3.777, 3.21, 2.681, 2.95, 3.374, 3.171, 2.743, 2.407, 2.36, 2.739, 3.091, 4.796, 6.532, 6.771, 6.845, 7.256, 7.227, 7.151, 6.501, 5.278, 5.577, 6.006, 6.528, 6.242, 6.174, 5.774, 5.549, 5.573, 6.071, 6.948, 7.368, 7.251, 7.446, 7.18, 6.294, 6.033, 6.198, 5.648, 4.671, 3.834, 3.317, 3.719, 3.875, 3.686, 3.055, 2.767, 2.725, 2.391, 2.057, 1.569, 1.768, 3.202, 3.815, 3.579, 4.205, 5.255], [1.449, 1.86, 3.143, 3.539, 2.045, 1.058, 0.0, 1.479, 2.527, 2.87, 2.326, 2.144, 2.21, 2.295, 1.588, 1.5, 1.442, 2.151, 2.729, 2.937, 3.203, 4.065, 4.856, 6.291, 6.952, 6.171, 5.243, 5.077, 5.579, 5.485, 4.908, 4.605, 4.13, 3.548, 4.154, 6.893, 8.016, 6.859, 4.652, 3.463, 2.564, 1.84, 2.062, 2.201, 4.233, 5.049, 4.087, 3.893, 4.314, 3.41, 2.273, 2.043, 2.335, 4.088, 4.83, 3.896, 3.368, 3.739, 5.07, 6.8, 7.655, 7.828, 7.19, 6.393, 6.015, 5.843, 5.49, 5.231, 5.239, 5.818, 6.464, 6.579, 6.364, 5.865, 4.603, 3.604, 3.341, 4.348, 5.817, 5.118, 3.536, 2.758, 2.967, 2.531, 2.098, 1.73, 2.542, 4.299, 5.25, 3.498, 2.123, 3.124, 3.113, 3.938, 4.53, 4.42, 3.894, 3.365, 3.216, 3.558, 4.106, 4.121, 3.782, 3.387, 2.832, 3.119, 3.486, 3.253, 2.365, 2.125, 2.1, 2.249, 2.876, 4.913, 6.694, 6.693, 6.896, 7.416, 7.488, 7.408, 6.561, 5.547, 5.824, 6.185, 6.098, 5.89, 5.658, 5.29, 5.053, 5.13, 5.68, 6.813, 7.296, 7.272, 7.599, 7.446, 6.452, 6.075, 6.285, 5.314, 4.187, 3.313, 2.905, 3.236, 3.369, 3.337, 2.695, 2.413, 2.223, 2.174, 1.867, 1.524, 1.723, 2.85, 3.44, 3.246, 3.852, 5.024], [1.731, 1.82, 2.278, 2.788, 1.97, 2.068, 1.479, 0.0, 1.541, 2.071, 1.858, 1.813, 1.691, 2.025, 1.627, 2.332, 2.421, 2.857, 3.424, 3.952, 4.286, 4.955, 5.911, 7.464, 8.147, 7.453, 6.484, 6.279, 6.875, 6.716, 6.164, 5.711, 5.046, 4.667, 5.315, 8.081, 9.179, 7.978, 5.691, 4.539, 3.459, 1.919, 2.22, 3.126, 5.472, 6.152, 5.052, 4.84, 5.269, 4.45, 2.923, 2.572, 3.413, 5.284, 6.023, 5.089, 4.528, 4.934, 6.266, 7.995, 8.831, 9.004, 8.366, 7.569, 7.181, 7.021, 6.666, 6.406, 6.435, 6.958, 7.555, 7.647, 7.506, 7.004, 5.798, 4.659, 4.369, 5.498, 7.012, 6.313, 4.731, 3.988, 4.012, 3.695, 3.168, 2.526, 3.54, 5.164, 6.03, 4.46, 1.749, 2.896, 2.917, 3.727, 3.932, 3.472, 3.018, 2.746, 2.728, 2.989, 3.166, 3.119, 3.014, 2.912, 2.414, 2.514, 2.819, 2.568, 1.876, 1.821, 1.636, 2.066, 2.164, 3.873, 5.66, 5.905, 6.287, 6.782, 6.798, 6.754, 5.897, 4.869, 5.099, 5.431, 5.368, 5.106, 5.052, 4.685, 4.511, 4.482, 5.113, 6.134, 6.619, 6.581, 6.951, 6.745, 5.775, 5.392, 5.551, 4.64, 3.704, 3.238, 3.124, 3.168, 3.028, 3.267, 3.083, 3.226, 2.69, 2.604, 2.465, 2.175, 1.942, 2.394, 3.233, 3.799, 4.895, 6.21], [2.53, 1.912, 1.468, 2.341, 2.505, 2.887, 2.527, 1.541, 0.0, 1.087, 1.585, 1.861, 1.741, 2.037, 2.15, 3.319, 3.395, 3.842, 4.449, 4.978, 5.22, 5.944, 7.028, 8.611, 9.267, 8.554, 7.618, 7.427, 7.933, 7.738, 7.29, 6.883, 6.162, 5.703, 6.418, 9.178, 10.277, 9.06, 6.715, 5.647, 4.56, 2.888, 3.011, 4.244, 6.528, 7.213, 6.265, 5.927, 6.471, 5.65, 4.038, 3.498, 4.455, 6.381, 7.121, 6.187, 5.626, 6.032, 7.363, 9.093, 9.933, 10.106, 9.467, 8.671, 8.282, 8.121, 7.786, 7.508, 7.517, 8.032, 8.579, 8.667, 8.58, 8.101, 6.896, 5.663, 5.426, 6.59, 8.11, 7.411, 5.829, 5.026, 5.014, 4.627, 4.156, 3.546, 4.377, 6.127, 7.126, 5.462, 2.177, 2.155, 3.046, 3.467, 3.191, 2.8, 2.405, 2.415, 2.621, 2.774, 2.424, 2.523, 2.899, 2.884, 2.333, 1.893, 1.893, 1.747, 1.963, 1.902, 1.81, 2.212, 1.77, 2.616, 4.508, 4.803, 5.063, 5.554, 5.508, 5.469, 4.653, 3.584, 3.766, 4.039, 4.131, 3.932, 3.969, 3.665, 3.531, 3.503, 4.134, 4.902, 5.373, 5.325, 5.66, 5.437, 4.467, 4.12, 4.25, 3.591, 3.554, 3.674, 3.882, 3.483, 2.971, 3.475, 3.972, 4.305, 3.502, 3.402, 3.381, 3.103, 2.496, 2.389, 3.594, 4.771, 5.962, 7.292], [3.108, 2.465, 1.38, 2.233, 2.825, 3.337, 2.87, 2.071, 1.087, 0.0, 1.439, 1.837, 1.771, 2.15, 2.558, 3.438, 3.611, 3.992, 4.625, 5.26, 5.366, 6.057, 7.362, 8.951, 9.588, 8.856, 7.97, 7.77, 8.339, 8.099, 7.62, 7.228, 6.595, 6.161, 6.751, 9.482, 10.605, 9.349, 7.152, 5.921, 4.893, 3.262, 3.406, 4.557, 6.829, 7.568, 6.502, 6.329, 6.766, 5.93, 4.429, 3.97, 4.768, 6.684, 7.424, 6.49, 5.929, 6.335, 7.666, 9.396, 10.251, 10.423, 9.785, 8.988, 8.6, 8.438, 8.085, 7.825, 7.835, 8.412, 9.018, 9.139, 8.927, 8.419, 7.199, 6.119, 5.809, 6.927, 8.413, 7.714, 6.132, 5.331, 5.537, 5.022, 4.331, 3.898, 4.944, 6.708, 7.6, 5.991, 2.551, 2.68, 3.59, 3.964, 3.493, 2.917, 2.616, 2.622, 3.179, 2.935, 2.715, 2.903, 3.356, 3.351, 2.93, 2.417, 1.971, 2.01, 2.067, 1.946, 1.854, 2.149, 1.666, 2.337, 4.116, 4.239, 4.533, 5.064, 5.059, 5.004, 4.184, 3.132, 3.383, 3.611, 3.581, 3.394, 3.288, 2.996, 2.926, 2.881, 3.376, 4.314, 4.75, 4.79, 5.128, 4.917, 3.911, 3.524, 3.726, 2.969, 3.167, 3.797, 4.138, 3.554, 3.168, 3.747, 4.271, 4.62, 3.833, 3.771, 3.723, 3.574, 2.942, 2.481, 3.474, 4.907, 6.23, 7.617], [2.673, 2.51, 1.82, 1.9, 2.515, 2.777, 2.326, 1.858, 1.585, 1.439, 0.0, 1.185, 1.003, 1.295, 1.905, 2.959, 3.044, 3.286, 3.984, 4.648, 4.804, 5.52, 6.724, 8.273, 8.918, 8.204, 7.3, 7.11, 7.598, 7.38, 6.934, 6.559, 5.907, 5.488, 6.117, 8.824, 9.936, 8.702, 6.462, 5.293, 4.276, 2.579, 2.644, 3.935, 6.232, 6.936, 5.904, 5.712, 6.078, 5.267, 3.798, 3.32, 4.253, 6.047, 6.78, 5.833, 5.295, 5.692, 7.012, 8.739, 9.592, 9.769, 9.126, 8.329, 7.941, 7.78, 7.427, 7.168, 7.178, 7.773, 8.324, 8.46, 8.281, 7.796, 6.562, 5.446, 5.183, 6.335, 7.781, 7.099, 5.534, 4.728, 4.857, 4.365, 3.787, 3.268, 4.289, 6.038, 6.892, 5.329, 2.465, 3.272, 3.838, 4.546, 4.246, 3.715, 3.191, 3.026, 3.245, 3.065, 3.328, 3.292, 3.607, 3.68, 3.146, 2.73, 2.665, 2.619, 1.953, 1.319, 1.469, 1.478, 1.399, 2.917, 4.75, 4.895, 5.212, 5.745, 5.694, 5.596, 4.763, 3.677, 3.96, 4.286, 4.318, 4.098, 3.986, 3.703, 3.54, 3.522, 4.004, 5.091, 5.49, 5.506, 5.834, 5.609, 4.658, 4.291, 4.445, 3.64, 2.494, 2.998, 3.481, 2.903, 3.146, 3.433, 3.616, 4.001, 3.409, 3.441, 3.44, 3.149, 2.463, 1.976, 2.894, 4.278, 5.593, 6.969], [2.797, 2.568, 2.249, 2.43, 2.575, 2.703, 2.144, 1.813, 1.861, 1.837, 1.185, 0.0, 1.093, 1.164, 1.655, 2.541, 2.606, 2.843, 3.322, 3.887, 4.059, 4.763, 5.955, 7.524, 8.141, 7.416, 6.519, 6.328, 6.811, 6.591, 6.168, 5.782, 5.163, 4.77, 5.371, 8.101, 9.224, 8.009, 5.863, 4.628, 3.651, 2.47, 2.623, 3.236, 5.448, 6.218, 5.272, 5.196, 5.486, 4.629, 3.429, 2.992, 3.884, 5.299, 6.034, 5.085, 4.546, 4.938, 6.276, 7.99, 8.848, 9.02, 8.382, 7.585, 7.197, 7.036, 6.694, 6.422, 6.429, 7.125, 7.688, 7.843, 7.575, 7.101, 5.865, 4.914, 4.686, 5.71, 7.039, 6.315, 4.751, 4.027, 4.328, 3.96, 3.106, 2.858, 4.332, 6.022, 6.811, 4.99, 2.513, 3.523, 4.058, 4.836, 4.718, 4.295, 3.78, 3.52, 3.545, 3.554, 3.768, 3.757, 3.835, 3.827, 3.29, 2.953, 2.951, 3.044, 2.075, 1.352, 1.512, 1.391, 1.673, 3.625, 5.451, 5.481, 5.661, 6.233, 6.208, 6.131, 5.283, 4.252, 4.547, 4.916, 4.654, 4.537, 4.224, 3.608, 3.241, 3.334, 3.86, 5.557, 5.957, 6.026, 6.35, 6.178, 5.207, 4.816, 5.016, 4.009, 2.323, 2.392, 2.744, 2.314, 2.585, 2.789, 2.966, 3.331, 3.059, 3.208, 3.173, 3.104, 2.426, 1.712, 2.3, 3.612, 4.855, 6.219], [2.846, 2.636, 2.242, 2.281, 2.547, 2.815, 2.21, 1.691, 1.741, 1.771, 1.003, 1.093, 0.0, 1.138, 1.631, 2.63, 2.749, 2.918, 3.435, 4.164, 4.459, 5.159, 6.183, 7.691, 8.367, 7.695, 6.709, 6.524, 6.99, 6.848, 6.379, 5.916, 5.301, 4.845, 5.534, 8.301, 9.399, 8.196, 6.047, 4.743, 3.709, 2.54, 2.628, 3.379, 5.69, 6.335, 5.528, 5.434, 5.786, 4.87, 3.658, 3.127, 3.957, 5.504, 6.243, 5.31, 4.793, 5.154, 6.485, 8.215, 9.059, 9.232, 8.593, 7.798, 7.408, 7.249, 6.92, 6.634, 6.656, 7.335, 7.922, 8.084, 7.82, 7.331, 6.065, 5.096, 4.828, 5.864, 7.264, 6.533, 4.951, 4.25, 4.471, 4.192, 3.484, 3.051, 4.245, 5.991, 6.867, 5.118, 2.405, 3.331, 4.01, 4.708, 4.48, 3.973, 3.447, 3.247, 3.391, 3.336, 3.585, 3.49, 3.723, 3.809, 3.219, 2.778, 2.785, 2.75, 1.851, 1.267, 1.448, 1.459, 1.675, 3.52, 5.417, 5.423, 5.502, 6.047, 6.115, 6.025, 5.179, 4.188, 4.51, 4.838, 4.515, 4.408, 4.173, 3.718, 3.522, 3.543, 4.008, 5.503, 5.935, 5.951, 6.283, 6.131, 5.127, 4.774, 4.981, 3.918, 2.372, 2.588, 2.957, 2.456, 2.572, 2.869, 3.113, 3.495, 3.023, 3.179, 3.165, 3.067, 2.396, 1.736, 2.579, 3.939, 5.145, 6.469], [3.002, 2.792, 2.412, 2.346, 2.671, 2.698, 2.295, 2.025, 2.037, 2.15, 1.295, 1.164, 1.138, 0.0, 1.532, 2.624, 2.695, 2.708, 3.336, 3.871, 4.153, 4.869, 5.887, 7.444, 8.1, 7.349, 6.409, 6.202, 6.773, 6.583, 6.057, 5.649, 5.139, 4.766, 5.399, 8.092, 9.216, 8.101, 5.915, 4.899, 3.864, 2.412, 2.36, 3.1, 5.405, 6.288, 5.615, 5.271, 5.789, 4.919, 3.475, 2.839, 3.732, 5.266, 6.025, 5.084, 4.528, 4.894, 6.219, 7.949, 8.812, 8.984, 8.346, 7.549, 7.166, 7.002, 6.782, 6.463, 6.388, 6.9, 7.595, 7.842, 7.533, 6.989, 5.757, 4.621, 4.41, 5.498, 6.966, 6.266, 4.694, 3.973, 4.082, 3.666, 3.257, 2.828, 4.017, 5.837, 6.761, 4.812, 2.668, 3.393, 4.201, 4.962, 4.788, 4.231, 3.726, 3.56, 3.655, 3.546, 3.826, 3.733, 3.929, 3.898, 3.303, 2.829, 2.746, 2.869, 2.031, 1.08, 1.641, 1.796, 2.155, 3.753, 5.536, 5.519, 5.603, 5.943, 5.947, 5.92, 5.045, 3.983, 4.406, 4.751, 4.673, 4.611, 4.312, 3.647, 3.245, 3.359, 3.929, 5.298, 5.817, 5.764, 6.097, 5.897, 4.933, 4.555, 4.705, 3.742, 2.19, 2.342, 2.691, 2.191, 2.644, 2.863, 2.847, 3.235, 3.132, 3.096, 3.145, 2.879, 2.349, 1.511, 2.388, 3.685, 4.822, 6.17], [2.43, 2.448, 2.955, 3.062, 2.145, 2.056, 1.588, 1.627, 2.15, 2.558, 1.905, 1.655, 1.631, 1.532, 0.0, 1.588, 1.721, 1.9, 2.479, 2.979, 3.259, 3.971, 5.065, 6.585, 7.22, 6.507, 5.614, 5.403, 5.959, 5.799, 5.251, 4.877, 4.397, 4.048, 4.5, 7.221, 8.339, 7.426, 5.182, 4.128, 3.108, 1.825, 1.847, 2.311, 4.512, 5.473, 4.948, 4.77, 5.138, 4.208, 2.925, 2.253, 2.923, 4.385, 5.172, 4.202, 3.714, 4.002, 5.322, 7.051, 7.917, 8.089, 7.451, 6.665, 6.296, 6.123, 5.925, 5.553, 5.491, 6.151, 6.718, 7.009, 6.775, 6.233, 4.928, 3.944, 3.828, 4.743, 6.086, 5.369, 3.829, 3.11, 3.292, 2.95, 2.394, 2.112, 3.253, 5.172, 6.22, 4.216, 2.025, 3.303, 3.883, 4.682, 4.94, 4.626, 4.097, 3.805, 3.713, 3.862, 4.094, 4.009, 3.828, 3.625, 2.972, 2.673, 2.873, 3.023, 2.013, 1.368, 1.407, 1.852, 2.592, 4.595, 6.393, 6.397, 6.268, 6.595, 6.618, 6.522, 5.678, 4.662, 5.087, 5.432, 5.259, 5.136, 4.868, 4.143, 4.003, 3.939, 4.517, 5.842, 6.317, 6.36, 6.672, 6.505, 5.507, 5.13, 5.29, 4.302, 2.987, 2.06, 2.03, 2.227, 2.614, 2.758, 2.368, 2.626, 2.36, 2.468, 2.345, 2.027, 1.914, 1.83, 2.242, 2.893, 3.963, 5.282], [2.445, 2.897, 3.938, 4.147, 2.537, 1.879, 1.5, 2.332, 3.319, 3.438, 2.959, 2.541, 2.63, 2.624, 1.588, 0.0, 0.877, 1.406, 1.863, 2.254, 2.654, 3.092, 3.982, 5.533, 6.161, 5.478, 4.642, 4.406, 5.051, 4.825, 4.254, 3.89, 3.472, 3.115, 3.493, 6.133, 7.253, 6.412, 4.319, 3.165, 2.332, 2.355, 2.327, 1.533, 3.431, 4.444, 3.976, 3.951, 4.306, 3.319, 2.626, 2.538, 2.265, 3.304, 4.056, 3.084, 2.91, 3.057, 4.237, 5.967, 6.83, 7.002, 6.364, 5.584, 5.21, 5.065, 4.949, 4.556, 4.439, 5.215, 5.883, 6.211, 5.868, 5.25, 3.87, 3.148, 2.872, 3.821, 5.022, 4.285, 2.79, 2.213, 2.49, 2.261, 2.174, 1.347, 2.452, 4.422, 5.443, 3.422, 2.657, 3.871, 4.186, 4.973, 5.584, 5.371, 4.895, 4.38, 4.27, 4.56, 5.061, 4.905, 4.528, 4.251, 3.627, 3.599, 3.927, 3.984, 2.797, 2.198, 2.222, 2.57, 3.497, 5.638, 7.463, 7.426, 7.261, 7.556, 7.586, 7.476, 6.65, 5.644, 6.136, 6.401, 6.085, 6.042, 5.623, 4.711, 4.558, 4.494, 5.013, 6.588, 6.988, 7.13, 7.557, 7.429, 6.362, 5.943, 6.174, 5.157, 3.666, 2.766, 2.541, 2.941, 3.055, 3.172, 2.417, 2.26, 2.453, 2.419, 2.012, 1.766, 2.309, 2.579, 2.731, 2.238, 2.834, 4.197], [2.357, 2.893, 4.077, 4.273, 2.727, 1.734, 1.442, 2.421, 3.395, 3.611, 3.044, 2.606, 2.749, 2.695, 1.721, 0.877, 0.0, 1.123, 1.761, 2.057, 2.41, 3.073, 3.893, 5.403, 6.091, 5.43, 4.58, 4.358, 4.992, 4.791, 4.211, 3.906, 3.448, 2.983, 3.343, 5.977, 7.088, 6.163, 3.945, 2.872, 2.059, 2.041, 2.197, 1.542, 3.361, 4.241, 3.677, 3.699, 3.959, 3.006, 2.424, 2.386, 2.057, 3.286, 4.01, 3.041, 2.84, 2.916, 4.141, 5.844, 6.716, 6.904, 6.26, 5.477, 5.094, 4.933, 4.715, 4.356, 4.28, 4.984, 5.545, 5.848, 5.514, 5.05, 3.692, 2.909, 2.855, 3.714, 4.911, 4.228, 2.719, 1.952, 2.137, 1.812, 1.733, 1.064, 2.106, 3.991, 5.029, 3.03, 2.717, 3.695, 3.959, 4.809, 5.413, 5.302, 4.787, 4.261, 4.129, 4.445, 5.003, 4.889, 4.501, 4.213, 3.56, 3.611, 3.953, 3.942, 2.885, 2.332, 2.425, 2.78, 3.648, 5.764, 7.589, 7.566, 7.532, 7.873, 7.836, 7.713, 6.864, 5.815, 6.272, 6.546, 6.335, 6.222, 5.881, 5.059, 4.863, 4.83, 5.363, 6.861, 7.3, 7.359, 7.824, 7.636, 6.575, 6.139, 6.326, 5.305, 3.803, 2.942, 2.574, 3.076, 3.251, 3.262, 2.551, 2.28, 2.413, 2.347, 1.974, 1.719, 2.18, 2.77, 2.992, 2.578, 2.782, 4.071], [3.149, 3.602, 4.561, 4.502, 3.117, 2.402, 2.151, 2.857, 3.842, 3.992, 3.286, 2.843, 2.918, 2.708, 1.9, 1.406, 1.123, 0.0, 1.171, 1.739, 2.07, 2.569, 3.609, 5.122, 5.877, 5.24, 4.387, 4.147, 4.816, 4.594, 4.024, 3.671, 3.344, 2.982, 3.372, 5.915, 7.049, 6.219, 4.046, 2.948, 2.016, 2.107, 2.135, 1.25, 3.268, 4.299, 3.831, 4.028, 3.993, 3.096, 2.387, 2.574, 2.653, 3.499, 4.169, 3.371, 3.127, 3.017, 3.981, 5.647, 6.47, 6.653, 6.02, 5.221, 4.904, 4.715, 4.638, 4.298, 4.057, 4.717, 5.469, 5.817, 5.53, 4.859, 3.553, 3.029, 3.18, 3.877, 4.709, 4.031, 2.649, 1.853, 2.046, 1.709, 1.544, 1.222, 2.57, 4.137, 5.068, 3.078, 3.028, 4.228, 4.702, 5.498, 6.055, 5.856, 5.366, 4.881, 4.768, 5.056, 5.524, 5.368, 4.98, 4.783, 4.129, 4.06, 4.404, 4.478, 3.254, 2.447, 2.634, 3.049, 3.904, 6.028, 7.843, 7.841, 7.687, 7.779, 7.766, 7.661, 6.772, 5.781, 6.376, 6.718, 6.477, 6.479, 6.151, 5.21, 4.961, 4.845, 5.301, 6.812, 7.355, 7.441, 7.895, 7.637, 6.65, 6.182, 6.294, 5.35, 3.7, 2.565, 2.283, 2.936, 3.424, 3.316, 2.448, 2.303, 2.859, 2.794, 2.38, 2.184, 2.661, 2.605, 2.608, 2.338, 2.531, 3.827], [3.741, 4.23, 5.207, 5.281, 3.818, 3.036, 2.729, 3.424, 4.449, 4.625, 3.984, 3.322, 3.435, 3.336, 2.479, 1.863, 1.761, 1.171, 0.0, 1.042, 1.393, 1.943, 2.903, 4.395, 5.164, 4.645, 3.758, 3.519, 4.177, 4.03, 3.412, 2.907, 2.628, 2.281, 2.742, 5.073, 6.238, 5.497, 3.789, 2.376, 1.628, 2.591, 2.674, 1.315, 2.571, 3.677, 3.358, 4.229, 3.829, 2.812, 2.447, 2.978, 3.079, 3.369, 3.839, 3.238, 3.031, 2.862, 3.45, 4.889, 5.712, 5.879, 5.24, 4.444, 4.08, 3.956, 3.912, 3.583, 3.506, 4.553, 5.265, 5.65, 5.22, 4.483, 3.504, 3.309, 3.383, 4.177, 4.26, 3.274, 1.916, 1.65, 2.475, 2.176, 1.72, 1.838, 3.17, 4.522, 5.239, 3.214, 3.45, 4.695, 5.156, 5.938, 6.503, 6.273, 5.766, 5.289, 5.235, 5.465, 5.941, 5.784, 5.409, 5.177, 4.523, 4.478, 4.834, 4.882, 3.684, 3.053, 3.336, 3.558, 4.575, 6.762, 8.58, 8.544, 8.346, 8.509, 8.605, 8.419, 7.339, 6.535, 7.156, 7.461, 6.917, 7.057, 6.674, 5.377, 4.852, 4.761, 5.294, 7.354, 7.724, 7.975, 8.437, 8.42, 7.249, 6.888, 7.131, 5.988, 3.709, 2.238, 1.962, 2.778, 3.163, 3.082, 2.312, 2.201, 3.022, 3.049, 2.777, 2.593, 3.093, 2.986, 2.5, 1.849, 1.937, 3.142], [4.017, 4.556, 5.761, 5.987, 4.381, 3.296, 2.937, 3.952, 4.978, 5.26, 4.648, 3.887, 4.164, 3.871, 2.979, 2.254, 2.057, 1.739, 1.042, 0.0, 0.908, 1.551, 2.322, 3.756, 4.534, 3.978, 3.141, 2.856, 3.549, 3.468, 2.778, 2.382, 2.125, 1.88, 2.57, 4.451, 5.792, 5.019, 3.587, 2.217, 1.667, 2.963, 3.145, 1.652, 2.257, 3.237, 3.128, 4.269, 3.867, 2.825, 2.572, 3.141, 3.141, 3.38, 3.41, 3.17, 3.023, 2.967, 3.358, 4.23, 5.037, 5.168, 4.533, 3.733, 3.443, 3.32, 3.228, 2.945, 3.145, 4.458, 5.02, 5.423, 4.963, 4.26, 3.581, 3.349, 3.409, 4.221, 4.163, 2.77, 1.694, 1.533, 2.552, 2.293, 1.867, 2.08, 3.324, 4.657, 5.225, 3.306, 3.858, 4.944, 5.317, 6.138, 6.709, 6.578, 6.04, 5.566, 5.443, 5.732, 6.256, 6.153, 5.766, 5.439, 4.781, 4.797, 5.158, 5.201, 4.084, 3.686, 4.051, 4.206, 5.267, 7.459, 9.291, 9.255, 9.035, 9.208, 9.284, 9.079, 8.099, 7.269, 7.869, 8.135, 7.57, 7.744, 7.368, 5.93, 5.189, 4.953, 5.575, 7.971, 8.396, 8.655, 9.152, 9.164, 7.967, 7.574, 7.781, 6.623, 4.259, 2.542, 2.157, 3.017, 3.474, 3.276, 2.597, 2.213, 3.172, 3.214, 2.892, 2.86, 3.316, 3.48, 2.777, 1.806, 1.484, 2.48], [4.288, 4.552, 5.829, 6.041, 4.47, 3.513, 3.203, 4.286, 5.22, 5.366, 4.804, 4.059, 4.459, 4.153, 3.259, 2.654, 2.41, 2.07, 1.393, 0.908, 0.0, 1.149, 2.262, 3.673, 4.451, 3.801, 2.993, 2.753, 3.364, 3.132, 2.584, 2.311, 2.09, 1.988, 2.977, 4.431, 5.892, 5.202, 3.816, 2.521, 2.129, 3.482, 3.687, 2.162, 2.314, 3.418, 3.508, 4.869, 4.316, 3.183, 3.148, 3.525, 3.755, 3.963, 3.82, 3.533, 3.511, 3.449, 3.638, 4.184, 4.987, 5.104, 4.466, 3.669, 3.369, 3.377, 3.396, 3.152, 3.36, 4.637, 5.239, 5.664, 5.192, 4.474, 3.931, 3.949, 4.041, 4.805, 4.42, 2.859, 1.886, 1.816, 2.948, 2.546, 1.842, 2.586, 3.755, 5.032, 5.513, 3.714, 4.352, 5.347, 5.732, 6.571, 7.109, 7.008, 6.438, 5.962, 5.834, 6.108, 6.663, 6.644, 6.246, 5.847, 5.179, 5.271, 5.618, 5.64, 4.541, 3.987, 4.136, 4.284, 5.345, 7.538, 9.357, 9.321, 9.092, 9.245, 9.332, 9.138, 8.066, 7.319, 7.942, 8.218, 7.612, 7.819, 7.459, 6.067, 5.3, 4.981, 5.627, 7.984, 8.484, 8.779, 9.2, 9.229, 7.994, 7.655, 7.856, 6.826, 4.6, 2.936, 2.597, 3.394, 3.838, 3.685, 3.048, 2.622, 3.585, 3.578, 3.333, 3.352, 3.662, 3.704, 2.791, 2.002, 1.69, 2.539], [5.165, 5.459, 6.474, 6.654, 5.146, 4.322, 4.065, 4.955, 5.944, 6.057, 5.52, 4.763, 5.159, 4.869, 3.971, 3.092, 3.073, 2.569, 1.943, 1.551, 1.149, 0.0, 1.655, 3.047, 3.75, 3.108, 2.455, 2.103, 2.768, 2.553, 2.111, 1.785, 1.782, 2.457, 3.504, 4.474, 5.709, 5.138, 4.166, 3.051, 2.717, 4.136, 4.329, 2.55, 2.492, 3.38, 4.058, 5.562, 4.99, 3.863, 3.959, 4.443, 4.551, 4.617, 4.419, 4.03, 4.053, 4.03, 4.093, 4.241, 4.606, 4.568, 3.884, 3.151, 2.884, 3.154, 3.162, 3.317, 3.543, 4.714, 5.417, 5.895, 5.433, 4.661, 4.452, 4.655, 4.737, 5.484, 4.832, 3.034, 2.266, 2.467, 3.561, 3.172, 2.641, 3.104, 4.435, 5.594, 5.888, 4.316, 5.051, 6.188, 6.641, 7.462, 8.007, 7.839, 7.335, 6.827, 6.711, 7.013, 7.517, 7.411, 7.015, 6.729, 6.087, 6.074, 6.42, 6.463, 5.275, 4.649, 4.733, 4.914, 5.981, 8.161, 9.973, 9.936, 9.707, 9.718, 9.836, 9.742, 8.61, 7.939, 8.586, 8.905, 8.307, 8.501, 8.131, 6.745, 5.955, 5.608, 6.187, 8.504, 9.106, 9.352, 9.833, 9.826, 8.665, 8.288, 8.443, 7.445, 5.308, 3.629, 3.333, 4.097, 4.605, 4.525, 3.788, 3.376, 4.359, 4.48, 4.249, 4.15, 4.631, 4.275, 3.142, 2.282, 1.845, 2.652], [5.761, 6.383, 7.795, 8.017, 6.36, 5.193, 4.856, 5.911, 7.028, 7.362, 6.724, 5.955, 6.183, 5.887, 5.065, 3.982, 3.893, 3.609, 2.903, 2.322, 2.262, 1.655, 0.0, 1.685, 2.408, 2.05, 1.541, 1.174, 1.771, 1.605, 1.249, 1.361, 1.684, 2.102, 2.676, 3.5, 4.301, 3.952, 3.072, 2.548, 3.12, 4.946, 5.178, 3.1, 1.719, 2.294, 3.483, 4.983, 4.508, 3.519, 4.399, 5.025, 4.356, 4.101, 3.987, 3.412, 3.876, 3.818, 3.391, 3.385, 3.336, 3.32, 2.578, 1.978, 1.927, 2.102, 2.212, 2.343, 2.633, 3.65, 4.29, 4.729, 4.243, 3.576, 3.67, 4.154, 4.229, 4.852, 3.844, 2.304, 2.004, 2.766, 3.454, 3.421, 3.356, 3.712, 4.017, 4.925, 5.009, 3.918, 5.856, 6.817, 7.035, 7.888, 8.515, 8.595, 8.022, 7.491, 7.302, 7.651, 8.205, 8.201, 7.831, 7.378, 6.693, 6.825, 7.18, 7.172, 6.068, 5.73, 6.074, 6.297, 7.364, 9.532, 11.343, 11.298, 11.069, 11.061, 11.198, 11.119, 9.987, 9.316, 9.963, 10.302, 9.705, 9.885, 9.497, 8.052, 7.205, 6.854, 7.551, 9.866, 10.485, 10.689, 11.211, 11.215, 10.061, 9.681, 9.839, 8.77, 6.304, 4.531, 4.122, 4.878, 5.423, 5.197, 4.484, 3.803, 4.883, 4.868, 4.559, 4.737, 5.355, 5.323, 4.409, 3.019, 1.907, 1.955], [7.178, 7.772, 9.379, 9.601, 7.945, 6.502, 6.291, 7.464, 8.611, 8.951, 8.273, 7.524, 7.691, 7.444, 6.585, 5.533, 5.403, 5.122, 4.395, 3.756, 3.673, 3.047, 1.685, 0.0, 0.982, 1.215, 1.605, 1.639, 1.546, 1.59, 1.844, 2.374, 2.749, 3.026, 2.783, 3.004, 3.498, 3.553, 3.19, 3.491, 4.398, 6.213, 6.522, 4.44, 2.338, 2.206, 3.687, 5.077, 4.613, 4.175, 5.385, 5.999, 5.056, 4.228, 3.875, 3.591, 4.509, 4.313, 3.32, 2.85, 2.53, 2.203, 1.553, 1.412, 1.508, 1.896, 2.143, 2.197, 2.542, 3.426, 3.96, 4.256, 3.839, 3.251, 3.698, 4.349, 4.431, 4.69, 3.585, 2.375, 2.911, 3.884, 4.351, 4.401, 4.691, 5.247, 4.967, 4.966, 4.926, 4.497, 6.952, 7.846, 7.946, 8.753, 9.533, 9.834, 9.047, 8.543, 8.366, 8.713, 9.272, 9.4, 9.012, 8.398, 7.666, 8.013, 8.424, 8.279, 7.32, 7.27, 7.673, 7.89, 8.953, 11.133, 12.945, 12.883, 12.654, 12.646, 12.782, 12.643, 11.535, 10.861, 11.487, 11.838, 11.24, 11.434, 11.038, 9.575, 8.706, 8.347, 9.061, 11.381, 12.008, 12.213, 12.737, 12.733, 11.589, 11.209, 11.368, 10.298, 7.762, 5.921, 5.317, 6.043, 6.608, 6.128, 5.475, 4.865, 5.792, 5.831, 5.567, 5.864, 6.686, 6.829, 5.781, 4.306, 3.03, 2.067], [7.824, 8.406, 10.04, 10.266, 8.598, 7.151, 6.952, 8.147, 9.267, 9.588, 8.918, 8.141, 8.367, 8.1, 7.22, 6.161, 6.091, 5.877, 5.164, 4.534, 4.451, 3.75, 2.408, 0.982, 0.0, 1.115, 1.823, 1.924, 1.566, 1.758, 2.181, 2.694, 3.2, 3.638, 3.267, 2.995, 3.54, 3.648, 3.82, 4.226, 5.167, 6.95, 7.177, 5.078, 2.935, 2.479, 4.257, 5.551, 5.082, 4.809, 5.973, 6.556, 5.654, 4.722, 4.165, 4.21, 5.139, 4.917, 3.824, 2.86, 2.464, 2.059, 1.462, 1.428, 1.714, 2.337, 2.568, 2.618, 2.755, 3.504, 4.047, 4.309, 3.9, 3.407, 4.211, 4.911, 4.991, 4.882, 3.82, 2.899, 3.56, 4.463, 4.975, 5.106, 5.426, 5.96, 5.684, 5.606, 5.318, 5.176, 7.596, 8.526, 8.541, 9.319, 10.146, 10.486, 9.678, 9.185, 9.008, 9.335, 10.015, 10.162, 9.705, 9.049, 8.337, 8.714, 9.138, 8.982, 8.069, 7.898, 8.29, 8.516, 9.58, 11.757, 13.581, 13.545, 13.302, 13.287, 13.4, 13.35, 12.288, 11.614, 12.223, 12.544, 11.918, 12.097, 11.691, 10.244, 9.386, 9.021, 9.739, 12.064, 12.693, 12.87, 13.38, 13.388, 12.263, 11.887, 12.053, 11.002, 8.532, 6.657, 6.098, 6.802, 7.387, 6.818, 6.122, 5.566, 6.511, 6.458, 6.231, 6.514, 7.437, 7.575, 6.512, 5.002, 3.712, 2.361], [7.081, 7.651, 9.248, 9.474, 7.806, 6.361, 6.171, 7.453, 8.554, 8.856, 8.204, 7.416, 7.695, 7.349, 6.507, 5.478, 5.43, 5.24, 4.645, 3.978, 3.801, 3.108, 2.05, 1.215, 1.115, 0.0, 1.101, 1.324, 1.095, 1.41, 1.599, 2.149, 2.539, 3.036, 3.253, 3.691, 4.204, 4.269, 3.789, 3.957, 4.795, 6.574, 6.787, 4.508, 2.656, 2.709, 4.36, 5.856, 5.461, 4.684, 5.571, 6.297, 5.561, 5.009, 4.683, 4.369, 5.189, 4.971, 4.127, 3.631, 3.413, 2.854, 2.28, 2.033, 2.145, 2.669, 2.958, 3.034, 3.205, 4.072, 4.692, 4.98, 4.586, 4.028, 4.539, 5.084, 5.17, 5.45, 4.351, 3.146, 3.261, 4.013, 4.579, 4.606, 4.792, 5.341, 5.244, 5.874, 5.847, 5.065, 7.367, 8.177, 8.3, 9.16, 9.897, 10.121, 9.402, 8.897, 8.632, 9.04, 9.751, 9.884, 9.516, 8.864, 8.178, 8.496, 8.857, 8.735, 7.748, 7.317, 7.561, 7.795, 8.867, 11.024, 12.819, 12.753, 12.51, 12.495, 12.652, 12.631, 11.569, 10.895, 11.504, 11.86, 11.235, 11.414, 10.993, 9.594, 8.74, 8.398, 9.097, 11.427, 12.037, 12.198, 12.694, 12.718, 11.599, 11.222, 11.392, 10.34, 8.073, 6.255, 5.766, 6.581, 7.154, 6.638, 5.953, 5.388, 6.344, 6.172, 5.924, 6.213, 6.928, 7.011, 6.051, 4.546, 3.263, 2.451], [6.217, 6.804, 8.336, 8.551, 6.884, 5.45, 5.243, 6.484, 7.618, 7.97, 7.3, 6.519, 6.709, 6.409, 5.614, 4.642, 4.58, 4.387, 3.758, 3.141, 2.993, 2.455, 1.541, 1.605, 1.823, 1.101, 0.0, 0.786, 1.136, 1.445, 1.217, 1.504, 1.788, 2.266, 3.175, 3.802, 4.316, 4.334, 3.592, 3.333, 3.971, 5.775, 5.988, 3.684, 2.324, 2.702, 4.205, 5.686, 5.319, 4.307, 4.931, 5.58, 5.126, 4.848, 4.595, 4.352, 4.804, 4.594, 4.063, 3.832, 3.697, 3.539, 2.673, 2.193, 2.183, 2.556, 2.82, 2.951, 3.187, 4.102, 4.754, 5.067, 4.662, 4.084, 4.37, 4.906, 4.965, 5.422, 4.351, 3.079, 2.594, 3.261, 4.069, 4.038, 4.085, 4.54, 4.78, 5.752, 5.796, 4.656, 6.612, 7.466, 7.653, 8.54, 9.207, 9.326, 8.665, 8.137, 7.912, 8.301, 8.939, 9.069, 8.703, 8.1, 7.402, 7.682, 8.032, 7.954, 6.928, 6.458, 6.67, 6.899, 7.971, 10.127, 11.919, 11.846, 11.588, 11.611, 11.758, 11.731, 10.715, 9.996, 10.605, 10.974, 10.348, 10.527, 10.111, 8.778, 8.018, 7.674, 8.327, 10.698, 11.222, 11.388, 11.808, 11.84, 10.728, 10.374, 10.559, 9.546, 7.242, 5.432, 4.972, 5.803, 6.339, 5.912, 5.222, 4.678, 5.687, 5.512, 5.242, 5.383, 6.038, 6.333, 5.444, 3.994, 2.784, 2.41], [6.048, 6.684, 8.146, 8.359, 6.692, 5.36, 5.077, 6.279, 7.427, 7.77, 7.11, 6.328, 6.524, 6.202, 5.403, 4.406, 4.358, 4.147, 3.519, 2.856, 2.753, 2.103, 1.174, 1.639, 1.924, 1.324, 0.786, 0.0, 0.957, 1.266, 0.998, 1.257, 1.551, 2.125, 3.023, 3.581, 4.305, 4.197, 3.451, 3.158, 3.737, 5.515, 5.735, 3.422, 2.137, 2.585, 4.01, 5.495, 5.119, 4.085, 4.827, 5.475, 4.908, 4.644, 4.407, 4.08, 4.566, 4.375, 3.817, 3.581, 3.376, 3.146, 2.468, 1.957, 1.993, 2.451, 2.696, 2.785, 3.041, 3.942, 4.621, 4.917, 4.508, 3.951, 4.188, 4.706, 4.769, 5.289, 4.196, 2.822, 2.473, 3.146, 3.886, 3.929, 3.894, 4.274, 4.579, 5.565, 5.63, 4.468, 6.431, 7.367, 7.533, 8.43, 9.076, 9.11, 8.542, 7.99, 7.804, 8.171, 8.77, 8.813, 8.437, 7.919, 7.245, 7.42, 7.751, 7.722, 6.671, 6.187, 6.474, 6.708, 7.78, 9.936, 11.73, 11.656, 11.396, 11.395, 11.563, 11.542, 10.49, 9.806, 10.415, 10.775, 10.149, 10.328, 9.908, 8.55, 7.729, 7.356, 8.051, 10.403, 10.979, 11.153, 11.609, 11.645, 10.526, 10.15, 10.334, 9.282, 6.97, 5.157, 4.737, 5.519, 6.069, 5.783, 5.038, 4.432, 5.52, 5.383, 5.112, 5.23, 5.861, 5.989, 5.043, 3.564, 2.345, 2.145], [6.531, 7.196, 8.604, 8.818, 7.15, 5.822, 5.579, 6.875, 7.933, 8.339, 7.598, 6.811, 6.99, 6.773, 5.959, 5.051, 4.992, 4.816, 4.177, 3.549, 3.364, 2.768, 1.771, 1.546, 1.566, 1.095, 1.136, 0.957, 0.0, 0.825, 1.287, 1.863, 2.121, 2.662, 3.277, 3.599, 4.157, 4.252, 3.882, 3.856, 4.398, 6.187, 6.405, 4.097, 2.661, 2.749, 4.441, 5.959, 5.568, 4.703, 5.503, 6.151, 5.543, 5.119, 4.733, 4.5, 5.221, 5.036, 4.233, 3.578, 3.288, 2.892, 2.238, 2.052, 2.191, 2.661, 3.008, 3.089, 3.238, 4.04, 4.642, 4.893, 4.473, 4.016, 4.648, 5.179, 5.269, 5.492, 4.401, 3.251, 3.172, 3.762, 4.56, 4.524, 4.556, 4.97, 5.119, 5.969, 5.895, 5.109, 7.071, 8.045, 8.228, 9.129, 9.772, 9.752, 9.214, 8.665, 8.498, 8.855, 9.436, 9.487, 9.112, 8.584, 7.914, 8.089, 8.429, 8.38, 7.354, 6.905, 6.985, 7.178, 8.25, 10.406, 12.189, 12.115, 11.854, 11.849, 12.021, 11.999, 10.938, 10.264, 10.876, 11.286, 10.66, 10.858, 10.489, 9.181, 8.371, 8.06, 8.736, 11.028, 11.631, 11.785, 12.134, 12.188, 11.074, 10.76, 10.956, 9.955, 7.695, 5.859, 5.396, 6.189, 6.746, 6.453, 5.679, 5.109, 6.195, 6.072, 5.796, 5.85, 6.487, 6.671, 5.743, 4.238, 2.934, 2.36], [6.334, 7.029, 8.371, 8.579, 6.911, 5.797, 5.485, 6.716, 7.738, 8.099, 7.38, 6.591, 6.848, 6.583, 5.799, 4.825, 4.791, 4.594, 4.03, 3.468, 3.132, 2.553, 1.605, 1.59, 1.758, 1.41, 1.445, 1.266, 0.825, 0.0, 1.204, 1.901, 2.087, 2.754, 3.307, 3.565, 4.194, 4.127, 3.903, 3.948, 4.444, 6.258, 6.429, 4.126, 2.696, 2.635, 4.437, 5.934, 5.482, 4.77, 5.592, 6.252, 5.606, 5.084, 4.589, 4.418, 5.216, 5.087, 4.2, 3.454, 3.169, 2.993, 2.207, 1.946, 2.082, 2.544, 2.906, 2.959, 3.091, 3.887, 4.525, 4.812, 4.426, 3.885, 4.579, 5.186, 5.288, 5.349, 4.258, 3.195, 3.268, 3.848, 4.598, 4.529, 4.498, 4.784, 5.176, 5.947, 5.749, 5.161, 7.183, 8.14, 8.327, 9.221, 9.853, 9.846, 9.332, 8.774, 8.587, 8.958, 9.554, 9.508, 9.106, 8.702, 8.025, 8.115, 8.45, 8.474, 7.34, 6.716, 6.752, 6.943, 8.015, 10.169, 11.958, 11.88, 11.615, 11.6, 11.788, 11.766, 10.705, 10.031, 10.64, 11.051, 10.425, 10.621, 10.248, 8.944, 8.153, 7.838, 8.499, 10.736, 11.396, 11.559, 11.895, 11.951, 10.835, 10.516, 10.713, 9.719, 7.518, 5.725, 5.47, 6.228, 6.732, 6.571, 5.793, 5.179, 6.29, 6.163, 5.87, 5.949, 6.56, 6.439, 5.361, 3.926, 2.844, 2.2], [5.831, 6.486, 7.97, 8.176, 6.509, 5.175, 4.908, 6.164, 7.29, 7.62, 6.934, 6.168, 6.379, 6.057, 5.251, 4.254, 4.211, 4.024, 3.412, 2.778, 2.584, 2.111, 1.249, 1.844, 2.181, 1.599, 1.217, 0.998, 1.287, 1.204, 0.0, 1.059, 1.391, 2.009, 2.729, 3.391, 4.519, 3.994, 3.249, 3.111, 3.639, 5.448, 5.652, 3.329, 1.933, 2.458, 3.768, 5.275, 4.903, 4.004, 4.708, 5.368, 4.812, 4.448, 4.13, 3.752, 4.376, 4.312, 3.565, 3.116, 3.281, 3.275, 2.617, 1.988, 1.978, 2.556, 2.724, 2.57, 2.72, 3.617, 4.315, 4.697, 4.222, 3.624, 3.976, 4.501, 4.576, 4.978, 3.887, 2.597, 2.425, 3.01, 3.776, 3.833, 3.778, 4.164, 4.419, 5.319, 5.33, 4.411, 6.356, 7.255, 7.462, 8.338, 8.985, 9.02, 8.446, 7.912, 7.705, 8.08, 8.673, 8.729, 8.353, 7.841, 7.166, 7.331, 7.657, 7.646, 6.59, 6.113, 6.32, 6.545, 7.617, 9.773, 11.553, 11.482, 11.213, 11.198, 11.386, 11.365, 10.304, 9.63, 10.242, 10.624, 9.998, 10.177, 9.756, 8.402, 7.57, 7.243, 7.926, 10.205, 10.831, 11.005, 11.458, 11.491, 10.372, 9.996, 10.183, 9.148, 6.909, 5.089, 4.662, 5.431, 5.984, 5.68, 4.964, 4.33, 5.404, 5.275, 5.002, 5.132, 5.757, 5.819, 4.81, 3.309, 2.104, 1.826], [5.639, 6.317, 7.595, 7.812, 6.141, 4.941, 4.605, 5.711, 6.883, 7.228, 6.559, 5.782, 5.916, 5.649, 4.877, 3.89, 3.906, 3.671, 2.907, 2.382, 2.311, 1.785, 1.361, 2.374, 2.694, 2.149, 1.504, 1.257, 1.863, 1.901, 1.059, 0.0, 1.065, 1.933, 2.82, 3.722, 4.891, 4.305, 3.394, 2.853, 3.185, 4.906, 5.06, 2.876, 1.985, 2.635, 3.654, 5.131, 4.768, 3.78, 4.352, 5.034, 4.616, 4.338, 4.088, 3.74, 4.367, 4.239, 3.643, 3.63, 3.865, 3.8, 3.171, 2.349, 2.179, 2.576, 2.597, 2.607, 3.014, 4.116, 4.722, 5.161, 4.673, 3.954, 3.922, 4.353, 4.434, 5.018, 4.186, 2.621, 2.156, 2.761, 3.714, 3.796, 3.672, 3.753, 4.286, 5.215, 5.301, 4.174, 5.823, 6.89, 7.195, 8.029, 8.643, 8.51, 7.998, 7.457, 7.353, 7.662, 8.179, 8.131, 7.748, 7.343, 6.706, 6.752, 7.145, 7.114, 6.012, 5.613, 5.929, 6.162, 7.234, 9.39, 11.179, 11.105, 10.848, 10.972, 11.121, 11.083, 9.93, 9.279, 9.864, 10.233, 9.607, 9.786, 9.365, 8.031, 7.144, 6.836, 7.574, 9.945, 10.455, 10.62, 11.105, 11.09, 9.993, 9.661, 9.867, 8.735, 6.37, 4.518, 4.153, 4.964, 5.407, 5.228, 4.489, 4.052, 5.096, 4.952, 4.692, 4.738, 5.371, 5.458, 4.552, 3.035, 1.903, 2.113], [5.141, 5.794, 6.995, 7.263, 5.661, 4.57, 4.13, 5.046, 6.162, 6.595, 5.907, 5.163, 5.301, 5.139, 4.397, 3.472, 3.448, 3.344, 2.628, 2.125, 2.09, 1.782, 1.684, 2.749, 3.2, 2.539, 1.788, 1.551, 2.121, 2.087, 1.391, 1.065, 0.0, 1.417, 2.458, 3.726, 4.935, 4.176, 3.113, 2.468, 2.725, 4.496, 4.703, 2.621, 1.879, 2.315, 3.321, 4.818, 4.44, 3.458, 4.038, 4.889, 4.462, 4.181, 3.897, 3.775, 4.412, 4.209, 3.644, 3.719, 4.157, 4.17, 3.496, 2.714, 2.347, 2.729, 2.695, 2.479, 2.901, 4.038, 4.517, 4.957, 4.495, 3.783, 3.809, 4.181, 4.285, 4.738, 4.142, 2.675, 2.05, 2.466, 3.327, 3.51, 3.334, 3.222, 3.855, 4.832, 4.922, 3.884, 5.391, 6.527, 6.833, 7.702, 8.291, 8.052, 7.58, 7.059, 6.95, 7.339, 7.776, 7.687, 7.352, 7.081, 6.485, 6.524, 6.86, 6.733, 5.757, 5.154, 5.326, 5.436, 6.508, 8.664, 10.55, 10.49, 10.389, 10.639, 10.772, 10.649, 9.611, 8.835, 9.319, 9.587, 8.942, 9.071, 8.807, 7.583, 6.768, 6.542, 7.222, 9.702, 10.057, 10.179, 10.638, 10.714, 9.565, 9.229, 9.492, 8.329, 5.988, 4.236, 3.952, 4.831, 5.199, 5.076, 4.377, 4.07, 4.981, 4.875, 4.585, 4.525, 4.97, 5.246, 4.414, 2.895, 1.791, 2.11], [4.477, 5.104, 6.611, 6.921, 5.339, 3.882, 3.548, 4.667, 5.703, 6.161, 5.488, 4.77, 4.845, 4.766, 4.048, 3.115, 2.983, 2.982, 2.281, 1.88, 1.988, 2.457, 2.102, 3.026, 3.638, 3.036, 2.266, 2.125, 2.662, 2.754, 2.009, 1.933, 1.417, 0.0, 1.633, 3.579, 4.959, 4.041, 2.572, 1.459, 2.035, 3.896, 4.239, 2.126, 1.432, 2.184, 2.433, 3.827, 3.425, 2.522, 3.144, 4.001, 3.484, 3.213, 3.187, 2.882, 3.453, 3.138, 2.783, 3.517, 4.396, 4.503, 3.861, 3.121, 2.704, 2.749, 2.662, 2.299, 2.438, 3.713, 4.328, 4.699, 4.219, 3.524, 2.895, 3.22, 3.329, 3.913, 3.378, 2.217, 1.499, 1.747, 2.379, 2.501, 2.574, 2.885, 2.908, 3.876, 4.271, 2.834, 4.758, 5.595, 5.778, 6.658, 7.203, 7.281, 6.668, 6.101, 6.035, 6.438, 7.026, 7.153, 6.827, 6.331, 5.666, 6.013, 6.378, 6.095, 5.312, 4.822, 4.994, 4.948, 6.013, 8.228, 10.158, 10.116, 10.048, 10.295, 10.408, 10.311, 9.287, 8.49, 8.988, 9.21, 8.49, 8.7, 8.431, 7.25, 6.446, 6.362, 7.033, 9.393, 9.739, 9.854, 10.323, 10.354, 9.197, 8.888, 9.154, 8.029, 5.695, 3.931, 3.444, 4.352, 4.803, 4.353, 3.703, 3.266, 4.102, 3.99, 3.678, 3.678, 4.2, 4.972, 4.288, 2.915, 1.993, 2.016], [5.06, 5.61, 7.264, 7.465, 5.883, 4.423, 4.154, 5.315, 6.418, 6.751, 6.117, 5.371, 5.534, 5.399, 4.5, 3.493, 3.343, 3.372, 2.742, 2.57, 2.977, 3.504, 2.676, 2.783, 3.267, 3.253, 3.175, 3.023, 3.277, 3.307, 2.729, 2.82, 2.458, 1.633, 0.0, 2.768, 4.005, 3.157, 1.88, 1.734, 2.392, 4.074, 4.323, 2.532, 1.667, 1.573, 1.824, 2.761, 2.452, 1.981, 3.18, 3.74, 2.728, 2.198, 2.256, 1.99, 2.897, 2.409, 1.78, 2.71, 3.569, 3.723, 3.199, 2.637, 2.475, 2.663, 2.268, 1.742, 1.767, 2.852, 3.208, 3.553, 3.099, 2.503, 1.893, 2.145, 2.364, 2.543, 2.263, 1.693, 1.856, 2.107, 2.391, 2.62, 2.792, 3.162, 2.87, 2.843, 3.221, 2.15, 4.687, 5.651, 5.705, 6.416, 7.248, 7.587, 6.783, 6.309, 6.159, 6.435, 6.976, 7.109, 6.606, 6.0, 5.292, 5.779, 6.213, 5.973, 5.179, 5.181, 5.514, 5.68, 6.736, 8.925, 10.788, 10.758, 10.608, 10.941, 10.99, 10.832, 9.961, 9.045, 9.518, 9.733, 9.229, 9.25, 8.941, 7.58, 6.879, 6.84, 7.456, 9.854, 10.178, 10.332, 10.871, 10.822, 9.695, 9.311, 9.531, 8.347, 5.8, 4.025, 3.485, 4.286, 4.75, 3.906, 3.364, 3.096, 3.74, 3.898, 3.7, 3.829, 4.618, 5.338, 4.716, 3.421, 2.343, 1.819], [7.799, 8.35, 10.003, 10.205, 8.612, 7.162, 6.893, 8.081, 9.178, 9.482, 8.824, 8.101, 8.301, 8.092, 7.221, 6.133, 5.977, 5.915, 5.073, 4.451, 4.431, 4.474, 3.5, 3.004, 2.995, 3.691, 3.802, 3.581, 3.599, 3.565, 3.391, 3.722, 3.726, 3.579, 2.768, 0.0, 1.691, 1.368, 2.953, 3.782, 4.772, 6.666, 6.996, 5.018, 2.989, 2.401, 3.102, 3.525, 2.957, 3.677, 5.374, 6.305, 4.875, 2.887, 2.187, 3.332, 4.199, 3.827, 2.561, 1.415, 1.567, 1.895, 2.288, 2.18, 2.166, 2.255, 2.3, 2.162, 2.294, 2.101, 2.102, 2.222, 2.024, 2.128, 2.622, 3.673, 3.918, 2.835, 1.597, 2.21, 3.536, 4.207, 4.4, 4.846, 5.352, 5.823, 5.464, 3.771, 3.213, 4.182, 7.271, 8.224, 8.051, 8.552, 9.763, 10.144, 9.365, 8.866, 8.719, 8.876, 9.456, 9.551, 9.041, 8.37, 7.729, 8.257, 8.73, 8.581, 7.782, 7.865, 8.224, 8.442, 9.5, 11.691, 13.528, 13.498, 13.347, 13.463, 13.547, 13.437, 12.316, 11.602, 12.193, 12.305, 11.649, 11.891, 11.584, 10.131, 9.22, 8.98, 9.71, 12.133, 12.543, 12.803, 13.385, 13.373, 12.129, 11.81, 12.092, 10.934, 8.204, 6.185, 5.694, 6.411, 6.75, 6.089, 5.462, 5.199, 5.926, 5.974, 5.988, 6.267, 7.137, 7.557, 6.788, 5.289, 3.927, 2.511], [8.922, 9.473, 11.126, 11.328, 9.735, 8.285, 8.016, 9.179, 10.277, 10.605, 9.936, 9.224, 9.399, 9.216, 8.339, 7.253, 7.088, 7.049, 6.238, 5.792, 5.892, 5.709, 4.301, 3.498, 3.54, 4.204, 4.316, 4.305, 4.157, 4.194, 4.519, 4.891, 4.935, 4.959, 4.005, 1.691, 0.0, 1.43, 3.792, 4.851, 5.876, 7.783, 8.097, 6.182, 4.032, 3.08, 4.171, 4.536, 3.981, 4.761, 6.467, 7.402, 5.991, 4.048, 3.581, 4.618, 5.341, 4.873, 3.809, 2.689, 2.037, 2.595, 2.755, 2.895, 3.008, 2.691, 3.028, 3.172, 3.178, 2.711, 2.258, 2.286, 2.272, 2.684, 3.681, 