[[0.0, 2.811, 2.343, 2.605, 2.994, 3.17, 2.237, 2.416, 3.086, 3.406, 2.862, 3.311, 3.588, 4.589, 6.06, 5.913, 5.594, 5.857, 6.687, 8.421, 10.016, 11.044, 11.206, 10.964, 10.231, 10.019, 9.681, 9.272, 8.511, 7.371, 6.022, 4.445, 3.706, 4.131, 5.716, 8.933, 12.108, 12.698, 11.416, 10.046, 9.609, 9.836, 10.334, 10.376, 10.054, 9.601, 8.875, 7.016, 5.215, 4.623, 5.395, 6.379, 7.198, 8.201, 8.356, 8.288, 9.025, 10.904, 12.579, 13.617, 14.261, 14.706, 14.229, 13.017, 11.118, 9.643, 9.728, 8.873, 6.663, 5.285, 5.905, 5.615, 5.408, 5.637, 5.915, 6.85, 7.828, 8.43, 8.813, 9.428, 9.487, 8.622, 7.279, 5.689, 4.098, 4.332, 5.908, 7.011, 6.691, 6.815, 6.768, 7.727, 8.825, 9.47, 9.059, 8.749, 8.751, 9.746, 11.684, 12.891, 11.938, 10.191, 9.542, 9.956, 9.933, 9.553, 9.219, 8.257, 7.533, 7.242, 7.486, 7.389, 7.288, 7.649, 7.99, 6.0, 4.749, 4.466, 7.564, 8.865, 8.799, 8.287, 8.378, 9.135, 9.311, 9.328, 9.645, 10.744, 11.541, 12.294, 13.485, 14.145, 14.323, 14.628, 14.469, 13.457, 12.939, 13.41, 14.382, 15.317, 16.291, 16.241, 15.195, 14.094, 12.724, 11.889, 11.606, 11.97, 12.303, 11.72, 9.457, 6.969, 5.927, 7.316, 9.858, 11.738, 12.566, 12.368], [2.811, 0.0, 1.133, 1.714, 2.204, 2.727, 2.494, 2.902, 2.849, 2.847, 2.676, 4.35, 3.875, 3.645, 4.47, 4.451, 4.45, 4.469, 4.885, 5.729, 7.342, 8.335, 8.527, 8.246, 7.539, 7.316, 6.986, 6.588, 5.825, 4.849, 3.81, 3.256, 2.891, 3.322, 3.667, 6.302, 9.418, 10.029, 8.768, 7.398, 6.904, 7.138, 7.626, 7.663, 7.344, 6.893, 6.181, 4.34, 3.236, 2.649, 2.87, 3.871, 4.517, 5.473, 5.666, 5.579, 6.314, 8.187, 9.883, 10.891, 11.562, 12.001, 11.551, 10.323, 8.392, 6.917, 7.023, 6.179, 4.112, 4.058, 5.066, 4.781, 4.201, 4.331, 3.972, 4.354, 5.127, 5.73, 6.105, 6.716, 6.804, 5.932, 4.566, 3.063, 2.643, 4.201, 6.111, 7.756, 7.485, 7.254, 7.071, 7.965, 9.069, 10.169, 10.516, 9.44, 9.608, 11.399, 14.039, 14.915, 13.677, 11.844, 10.995, 11.21, 11.494, 11.314, 11.019, 9.997, 8.892, 8.5, 8.851, 8.888, 8.687, 9.324, 9.567, 7.898, 4.803, 3.095, 4.93, 6.233, 6.178, 5.643, 5.729, 6.444, 6.609, 6.613, 6.971, 8.114, 8.86, 9.606, 10.784, 11.442, 11.629, 11.924, 11.787, 10.841, 10.234, 10.728, 11.673, 12.632, 13.621, 13.575, 12.535, 11.418, 10.021, 9.207, 8.932, 9.291, 9.618, 9.032, 6.764, 4.321, 3.467, 4.734, 7.222, 9.07, 9.891, 9.704], [2.343, 1.133, 0.0, 1.313, 1.644, 2.164, 2.12, 2.394, 2.492, 2.546, 2.284, 3.762, 3.294, 3.508, 4.554, 4.513, 4.428, 4.48, 4.989, 6.29, 7.9, 8.924, 9.076, 8.828, 8.103, 7.884, 7.554, 7.146, 6.385, 5.346, 4.228, 3.228, 2.765, 3.128, 4.007, 6.808, 9.921, 10.508, 9.221, 7.865, 7.432, 7.694, 8.202, 8.235, 7.917, 7.467, 6.723, 4.891, 3.418, 2.885, 3.313, 4.355, 5.236, 6.0, 6.261, 6.151, 6.896, 8.767, 10.458, 11.446, 12.134, 12.562, 12.153, 10.929, 9.061, 7.52, 7.586, 6.796, 4.577, 4.189, 4.771, 4.58, 4.248, 4.433, 4.244, 4.801, 5.68, 6.293, 6.682, 7.286, 7.358, 6.5, 5.142, 3.599, 2.718, 3.787, 5.568, 7.078, 6.811, 6.62, 6.499, 7.436, 8.66, 9.63, 9.88, 8.785, 9.061, 10.77, 13.532, 14.32, 12.943, 11.146, 10.292, 10.47, 10.802, 10.663, 10.536, 9.399, 8.187, 7.842, 8.216, 8.245, 8.026, 8.642, 8.921, 7.256, 4.3, 2.942, 5.437, 6.723, 6.644, 6.008, 6.215, 7.005, 7.176, 7.163, 7.513, 8.645, 9.432, 10.168, 11.353, 12.011, 12.194, 12.495, 12.343, 11.376, 10.818, 11.389, 12.251, 13.179, 14.173, 14.126, 13.1, 11.923, 10.515, 9.765, 9.481, 9.814, 10.118, 9.534, 7.321, 4.839, 3.888, 5.256, 7.764, 9.562, 10.39, 10.182], [2.605, 1.714, 1.313, 0.0, 1.28, 1.745, 1.909, 2.1, 2.196, 2.445, 2.224, 3.627, 2.979, 3.538, 4.724, 4.609, 4.501, 4.561, 5.232, 6.714, 8.285, 9.261, 9.427, 9.214, 8.498, 8.284, 7.942, 7.536, 6.775, 5.69, 4.554, 3.229, 2.397, 3.129, 4.079, 7.108, 10.285, 10.853, 9.485, 8.11, 7.824, 8.115, 8.616, 8.624, 8.323, 7.836, 7.101, 5.271, 3.689, 2.924, 3.428, 4.452, 5.546, 6.4, 6.583, 6.543, 7.291, 9.152, 10.805, 11.808, 12.481, 12.943, 12.546, 11.334, 9.425, 7.954, 7.993, 7.205, 4.955, 4.16, 4.569, 4.34, 4.208, 4.365, 4.447, 5.141, 6.073, 6.671, 7.069, 7.674, 7.744, 6.877, 5.527, 3.974, 2.873, 3.703, 5.718, 7.2, 6.84, 6.618, 6.389, 7.254, 8.523, 9.739, 9.975, 8.97, 9.085, 10.75, 13.45, 14.385, 13.022, 11.128, 10.234, 10.415, 10.795, 10.728, 10.528, 9.347, 8.176, 7.877, 8.252, 8.257, 8.07, 8.707, 8.993, 7.335, 4.162, 2.913, 5.635, 7.015, 6.878, 6.328, 6.529, 7.413, 7.573, 7.561, 7.919, 8.993, 9.791, 10.544, 11.751, 12.395, 12.575, 12.892, 12.721, 11.713, 11.208, 11.698, 12.599, 13.502, 14.276, 14.26, 13.315, 12.139, 10.831, 10.14, 9.704, 10.047, 10.344, 9.931, 7.678, 5.191, 4.088, 5.405, 8.064, 9.819, 10.545, 10.343], [2.994, 2.204, 1.644, 1.28, 0.0, 1.453, 2.054, 2.458, 2.121, 2.08, 2.011, 3.934, 3.077, 2.881, 4.215, 4.158, 4.034, 4.162, 4.83, 6.538, 8.136, 9.116, 9.282, 9.065, 8.372, 8.135, 7.797, 7.391, 6.63, 5.493, 4.438, 3.263, 2.828, 2.826, 3.896, 6.949, 10.119, 10.653, 9.294, 7.916, 7.643, 7.945, 8.438, 8.471, 8.16, 7.697, 6.929, 5.04, 3.502, 2.812, 3.38, 4.342, 5.458, 6.273, 6.491, 6.386, 7.118, 9.0, 10.684, 11.672, 12.331, 12.768, 12.345, 11.147, 9.336, 7.832, 7.841, 6.96, 4.774, 4.094, 4.54, 4.342, 4.165, 4.365, 4.454, 5.029, 5.9, 6.523, 6.896, 7.5, 7.572, 6.715, 5.374, 3.962, 2.686, 3.254, 5.825, 7.45, 7.109, 6.669, 6.335, 6.918, 8.214, 9.894, 10.171, 9.045, 9.33, 10.992, 13.804, 14.578, 13.239, 11.391, 10.498, 10.598, 11.05, 10.961, 10.82, 9.613, 8.434, 8.13, 8.522, 8.545, 8.315, 8.953, 9.217, 7.571, 4.091, 2.591, 5.57, 6.867, 6.701, 6.134, 6.343, 7.26, 7.424, 7.412, 7.762, 8.84, 9.639, 10.394, 11.602, 12.246, 12.426, 12.743, 12.579, 11.619, 11.071, 11.639, 12.484, 13.321, 14.115, 14.116, 13.16, 11.861, 10.655, 9.952, 9.519, 9.851, 10.116, 9.748, 7.529, 5.031, 3.916, 5.257, 7.912, 9.619, 10.318, 10.138], [3.17, 2.727, 2.164, 1.745, 1.453, 0.0, 1.857, 2.252, 2.0, 1.824, 1.877, 3.721, 2.784, 2.556, 4.139, 3.791, 3.719, 3.867, 4.784, 6.577, 8.159, 9.127, 9.292, 9.058, 8.346, 8.128, 7.778, 7.385, 6.621, 5.458, 4.371, 3.294, 2.828, 2.688, 3.695, 6.933, 10.133, 10.66, 9.322, 7.918, 7.689, 8.027, 8.5, 8.485, 8.196, 7.679, 6.924, 5.044, 3.368, 2.759, 3.339, 4.441, 5.604, 6.33, 6.468, 6.403, 7.113, 9.005, 10.665, 11.655, 12.358, 12.813, 12.379, 11.255, 9.375, 7.958, 7.869, 7.128, 4.8, 3.951, 4.43, 4.092, 3.931, 4.144, 4.441, 5.071, 5.976, 6.531, 6.907, 7.509, 7.58, 6.719, 5.371, 3.942, 2.607, 2.94, 5.496, 7.18, 6.78, 6.239, 6.009, 6.611, 7.97, 9.807, 9.947, 8.931, 9.091, 10.766, 13.551, 14.421, 12.962, 11.007, 10.142, 10.303, 10.71, 10.687, 10.628, 9.405, 8.014, 7.765, 8.1, 8.14, 7.924, 8.596, 8.92, 7.34, 4.001, 2.619, 5.525, 6.864, 6.697, 6.129, 6.356, 7.269, 7.411, 7.4, 7.771, 8.837, 9.63, 10.391, 11.6, 12.234, 12.413, 12.73, 12.602, 11.565, 11.114, 11.611, 12.485, 13.329, 14.25, 14.211, 13.178, 11.977, 10.705, 9.95, 9.603, 9.969, 10.15, 9.748, 7.518, 5.012, 3.961, 5.27, 7.89, 9.609, 10.413, 10.234], [2.237, 2.494, 2.12, 1.909, 2.054, 1.857, 0.0, 1.063, 1.635, 2.283, 1.683, 2.242, 2.012, 3.611, 5.523, 5.071, 4.452, 4.793, 6.167, 7.929, 9.524, 10.53, 10.725, 10.461, 9.732, 9.523, 9.163, 8.768, 8.004, 6.84, 5.474, 3.849, 2.816, 3.134, 5.123, 8.434, 11.595, 12.142, 10.838, 9.497, 9.037, 9.349, 9.841, 9.875, 9.556, 9.087, 8.339, 6.442, 4.699, 4.05, 4.73, 5.771, 6.573, 7.592, 7.834, 7.793, 8.529, 10.405, 12.059, 13.061, 13.722, 14.168, 13.711, 12.504, 10.615, 9.113, 9.227, 8.368, 6.17, 4.614, 4.857, 4.588, 4.607, 4.962, 5.366, 6.34, 7.309, 7.925, 8.32, 8.925, 8.995, 8.128, 6.778, 5.198, 3.477, 2.953, 4.633, 6.021, 5.635, 5.459, 5.233, 6.072, 7.18, 8.344, 8.564, 7.643, 7.756, 9.189, 11.892, 12.79, 11.661, 9.877, 9.058, 9.367, 9.618, 9.405, 8.942, 7.921, 6.943, 6.631, 6.966, 7.021, 6.749, 7.355, 7.611, 6.001, 3.285, 3.697, 6.871, 8.297, 8.216, 7.601, 7.759, 8.636, 8.801, 8.784, 9.151, 10.258, 11.015, 11.776, 12.982, 13.637, 13.815, 14.115, 13.979, 12.968, 12.395, 12.918, 13.846, 14.824, 15.795, 15.747, 14.709, 13.517, 12.167, 11.412, 11.123, 11.453, 11.745, 11.169, 8.954, 6.408, 5.342, 6.793, 9.372, 11.2, 12.027, 11.82], [2.416, 2.902, 2.394, 2.1, 2.458, 2.252, 1.063, 0.0, 1.316, 2.316, 1.602, 1.708, 1.497, 3.911, 5.9, 5.418, 4.729, 5.118, 6.536, 8.298, 9.897, 10.872, 11.09, 10.832, 10.101, 9.892, 9.528, 9.137, 8.373, 7.21, 5.799, 3.777, 2.641, 3.402, 5.484, 8.828, 11.995, 12.558, 11.264, 9.923, 9.438, 9.741, 10.218, 10.251, 9.932, 9.464, 8.72, 6.834, 5.088, 4.441, 5.162, 6.233, 7.046, 7.981, 8.21, 8.169, 8.914, 10.78, 12.441, 13.438, 14.101, 14.559, 14.152, 12.917, 10.986, 9.514, 9.603, 8.766, 6.548, 4.725, 4.708, 4.429, 4.755, 4.983, 5.604, 6.716, 7.686, 8.302, 8.697, 9.303, 9.372, 8.504, 7.154, 5.57, 3.708, 2.75, 4.096, 5.447, 5.038, 4.989, 4.824, 5.711, 6.852, 7.806, 8.006, 7.092, 7.199, 8.802, 11.461, 12.349, 11.082, 9.342, 8.511, 8.732, 9.041, 8.849, 8.505, 7.467, 6.417, 6.091, 6.388, 6.419, 6.179, 6.818, 7.071, 5.422, 2.87, 4.012, 7.21, 8.677, 8.607, 8.015, 8.169, 9.022, 9.188, 9.175, 9.542, 10.635, 11.379, 12.117, 13.352, 14.006, 14.186, 14.497, 14.374, 13.368, 12.769, 13.282, 14.22, 15.218, 16.215, 16.167, 15.13, 13.947, 12.568, 11.819, 11.541, 11.874, 12.17, 11.576, 9.345, 6.823, 5.698, 7.172, 9.78, 11.622, 12.45, 12.246], [3.086, 2.849, 2.492, 2.196, 2.121, 2.0, 1.635, 1.316, 0.0, 1.385, 1.173, 2.578, 1.95, 3.326, 5.214, 4.672, 4.337, 4.48, 5.719, 7.459, 9.045, 10.021, 10.26, 9.981, 9.241, 9.036, 8.673, 8.277, 7.513, 6.35, 5.151, 3.394, 2.703, 3.097, 4.702, 7.977, 11.165, 11.788, 10.501, 9.154, 8.665, 8.93, 9.364, 9.396, 9.075, 8.617, 7.878, 6.041, 4.308, 3.792, 4.419, 5.492, 6.245, 7.142, 7.364, 7.318, 8.066, 9.934, 11.589, 12.596, 13.26, 13.719, 13.371, 12.083, 10.136, 8.721, 8.782, 7.901, 5.696, 4.393, 4.472, 4.132, 4.455, 4.575, 5.018, 5.906, 6.841, 7.455, 7.846, 8.456, 8.519, 7.652, 6.3, 4.726, 3.238, 2.528, 4.356, 5.998, 5.709, 5.27, 5.02, 5.561, 6.725, 8.435, 8.798, 7.679, 7.904, 9.698, 12.299, 13.209, 11.927, 10.168, 9.31, 9.35, 9.734, 9.598, 9.322, 8.243, 7.209, 6.781, 7.128, 7.102, 6.963, 7.6, 7.844, 6.253, 3.015, 3.302, 6.402, 7.885, 7.862, 7.285, 7.404, 8.203, 8.328, 8.331, 8.683, 9.832, 10.576, 11.264, 12.491, 13.146, 13.326, 13.637, 13.523, 12.54, 11.916, 12.46, 13.38, 14.425, 15.423, 15.381, 14.333, 13.187, 11.804, 11.02, 10.742, 11.075, 11.405, 10.805, 8.497, 6.038, 4.918, 6.362, 8.977, 10.854, 11.682, 11.476], [3.406, 2.847, 2.546, 2.445, 2.08, 1.824, 2.283, 2.316, 1.385, 0.0, 1.279, 3.731, 2.53, 2.659, 4.133, 3.753, 3.582, 3.688, 4.505, 6.158, 7.769, 8.752, 9.028, 8.737, 7.962, 7.772, 7.409, 6.994, 6.218, 5.094, 4.242, 2.9, 2.922, 2.619, 3.787, 6.744, 9.964, 10.591, 9.341, 7.964, 7.48, 7.73, 8.091, 8.123, 7.788, 7.352, 6.685, 4.912, 3.355, 2.996, 3.474, 4.693, 5.482, 6.061, 6.111, 6.032, 6.799, 8.65, 10.341, 11.36, 12.021, 12.493, 12.183, 10.955, 8.942, 7.544, 7.594, 6.741, 4.428, 3.702, 4.191, 3.929, 3.758, 4.013, 4.207, 4.812, 5.603, 6.193, 6.559, 7.177, 7.241, 6.372, 5.014, 3.557, 2.554, 2.408, 4.979, 6.712, 6.449, 5.965, 5.649, 5.907, 7.17, 9.366, 9.646, 8.448, 8.693, 10.891, 13.56, 14.352, 12.788, 10.896, 10.082, 9.939, 10.369, 10.348, 10.493, 9.379, 7.925, 7.392, 7.692, 7.69, 7.642, 8.308, 8.604, 7.054, 3.496, 2.696, 5.389, 6.722, 6.679, 6.184, 6.305, 6.97, 7.092, 7.142, 7.432, 8.594, 9.338, 10.019, 11.197, 11.855, 12.035, 12.37, 12.266, 11.402, 10.757, 11.308, 12.133, 13.22, 14.215, 14.173, 13.126, 12.057, 10.65, 9.791, 9.516, 9.899, 10.214, 9.608, 7.268, 4.83, 3.809, 5.193, 7.74, 9.646, 10.498, 10.285], [2.862, 2.676, 2.284, 2.224, 2.011, 1.877, 1.683, 1.602, 1.173, 1.279, 0.0, 2.846, 2.074, 2.878, 4.647, 4.208, 3.977, 4.148, 5.277, 7.043, 8.644, 9.623, 9.853, 9.586, 8.842, 8.633, 8.268, 7.878, 7.114, 5.95, 4.74, 3.196, 2.768, 3.1, 4.309, 7.593, 10.777, 11.392, 10.13, 8.758, 8.269, 8.512, 8.965, 9.002, 8.676, 8.234, 7.488, 5.648, 3.887, 3.396, 4.198, 5.453, 6.085, 6.838, 6.991, 6.91, 7.664, 9.529, 11.22, 12.226, 12.891, 13.339, 12.957, 11.781, 9.83, 8.499, 8.543, 7.566, 5.318, 4.107, 4.443, 4.164, 4.183, 4.345, 4.659, 5.492, 6.45, 7.081, 7.443, 8.063, 8.116, 7.248, 5.902, 4.341, 2.885, 2.653, 4.374, 6.07, 5.78, 5.304, 4.973, 5.499, 6.655, 8.586, 8.959, 7.642, 7.961, 9.996, 12.664, 13.465, 12.008, 10.194, 9.384, 9.331, 9.712, 9.588, 9.633, 8.517, 7.256, 6.744, 7.086, 7.085, 7.017, 7.678, 7.942, 6.401, 3.0, 3.061, 6.146, 7.524, 7.443, 6.956, 7.077, 7.769, 7.934, 7.954, 8.289, 9.399, 10.141, 10.862, 12.092, 12.747, 12.927, 13.24, 13.12, 12.173, 11.594, 12.087, 13.002, 14.016, 15.01, 14.968, 13.926, 12.829, 11.419, 10.594, 10.319, 10.683, 11.013, 10.409, 8.102, 5.633, 4.509, 5.952, 8.542, 10.449, 11.288, 11.08], [3.311, 4.35, 3.762, 3.627, 3.934, 3.721, 2.242, 1.708, 2.578, 3.731, 2.846, 0.0, 1.931, 5.423, 7.42, 6.984, 6.195, 6.683, 8.103, 9.858, 11.454, 12.433, 12.615, 12.393, 11.667, 11.456, 11.094, 10.703, 9.939, 8.776, 7.364, 5.032, 3.402, 4.359, 7.009, 10.353, 13.515, 14.059, 12.765, 11.424, 10.987, 11.261, 11.775, 11.81, 11.492, 11.024, 10.274, 8.378, 6.617, 5.962, 6.7, 7.736, 8.601, 9.551, 9.776, 9.727, 10.467, 12.336, 14.008, 15.002, 15.668, 16.117, 15.676, 14.435, 12.544, 11.068, 11.16, 10.295, 8.105, 6.042, 5.449, 5.168, 5.747, 6.34, 7.097, 8.271, 9.243, 9.859, 10.255, 10.86, 10.931, 10.064, 8.714, 7.13, 5.209, 3.315, 3.168, 4.177, 3.747, 3.824, 3.825, 4.897, 5.87, 6.602, 6.632, 5.848, 5.891, 7.239, 9.955, 10.832, 9.612, 7.831, 7.0, 7.301, 7.54, 7.339, 6.99, 5.947, 4.978, 4.648, 4.967, 4.958, 4.698, 5.33, 5.586, 4.119, 2.675, 5.553, 8.77, 10.194, 10.112, 9.521, 9.674, 10.552, 10.727, 10.719, 11.073, 12.16, 12.933, 13.684, 14.918, 15.566, 15.746, 16.048, 15.9, 14.903, 14.331, 14.857, 15.776, 16.74, 17.737, 17.689, 16.648, 15.454, 14.085, 13.337, 13.06, 13.393, 13.673, 13.097, 10.869, 8.36, 7.187, 8.675, 11.305, 13.127, 13.954, 13.746], [3.588, 3.875, 3.294, 2.979, 3.077, 2.784, 2.012, 1.497, 1.95, 2.53, 2.074, 1.931, 0.0, 4.0, 5.958, 5.328, 4.598, 4.952, 6.336, 8.249, 9.842, 10.741, 10.943, 10.633, 10.028, 9.743, 9.324, 8.934, 8.17, 7.006, 5.638, 3.292, 2.157, 2.909, 5.316, 8.658, 11.789, 12.327, 11.13, 9.782, 9.399, 9.813, 10.192, 10.116, 9.849, 9.316, 8.576, 6.692, 5.072, 4.575, 5.431, 6.706, 7.79, 8.192, 8.196, 8.035, 8.726, 10.653, 12.323, 13.352, 14.025, 14.497, 14.063, 13.077, 11.197, 9.668, 9.594, 8.833, 6.443, 4.356, 4.096, 4.008, 4.328, 4.728, 5.488, 6.667, 7.66, 8.207, 8.516, 9.088, 9.155, 8.317, 6.997, 5.65, 3.877, 2.229, 3.298, 4.839, 4.573, 4.194, 3.825, 4.71, 6.132, 7.633, 7.762, 6.635, 6.951, 8.967, 11.695, 12.525, 10.845, 8.761, 7.97, 7.707, 8.06, 8.418, 8.705, 7.559, 5.9, 5.149, 5.554, 5.559, 5.681, 6.303, 6.71, 5.289, 2.085, 4.281, 7.486, 8.496, 8.326, 7.989, 8.289, 9.017, 8.986, 8.966, 9.491, 10.413, 11.161, 11.914, 13.148, 13.795, 14.054, 14.278, 14.291, 13.45, 12.986, 13.434, 14.174, 15.058, 16.0, 15.97, 14.984, 13.956, 12.489, 11.578, 11.289, 11.725, 11.921, 11.358, 9.144, 6.56, 5.43, 6.865, 9.489, 11.34, 12.177, 12.002], [4.589, 3.645, 3.508, 3.538, 2.881, 2.556, 3.611, 3.911, 3.326, 2.659, 2.878, 5.423, 4.0, 0.0, 2.236, 1.993, 1.673, 1.897, 2.693, 4.486, 6.107, 7.05, 7.242, 6.979, 6.289, 6.042, 5.677, 5.306, 4.608, 3.38, 2.675, 3.651, 4.196, 3.034, 2.008, 5.049, 8.121, 8.722, 7.466, 6.16, 5.792, 6.186, 6.481, 6.484, 6.169, 5.664, 4.904, 3.068, 2.087, 2.048, 2.892, 4.02, 4.832, 5.092, 4.724, 4.355, 5.072, 6.975, 8.668, 9.72, 10.402, 10.826, 10.5, 9.526, 8.03, 6.968, 6.638, 5.254, 3.32, 2.807, 3.594, 3.346, 2.932, 2.939, 2.913, 3.083, 4.088, 4.95, 5.216, 5.554, 5.593, 4.861, 4.078, 3.383, 2.209, 3.608, 6.615, 8.521, 8.223, 7.68, 7.298, 7.314, 8.931, 11.198, 11.427, 10.201, 10.537, 12.579, 15.304, 16.093, 14.481, 12.527, 11.76, 11.574, 11.941, 12.038, 12.264, 11.141, 9.616, 9.0, 9.358, 9.355, 9.392, 10.104, 10.395, 8.84, 5.076, 1.305, 3.636, 4.858, 4.784, 4.418, 4.644, 5.218, 5.406, 5.39, 5.738, 6.811, 7.578, 8.285, 9.501, 10.15, 10.343, 10.631, 10.538, 9.671, 9.111, 9.682, 10.45, 11.403, 12.399, 12.352, 11.378, 10.27, 9.057, 8.031, 7.693, 8.097, 8.42, 7.747, 5.575, 3.406, 2.529, 3.63, 5.919, 7.785, 8.613, 8.421], [6.06, 4.47, 4.554, 4.724, 4.215, 4.139, 5.523, 5.9, 5.214, 4.133, 4.647, 7.42, 5.958, 2.236, 0.0, 1.203, 2.077, 2.176, 1.424, 2.572, 4.121, 5.096, 5.273, 5.033, 4.36, 4.097, 3.822, 3.489, 2.944, 2.191, 3.534, 4.8, 5.466, 4.349, 2.168, 3.083, 6.19, 6.796, 5.559, 4.243, 3.969, 4.279, 4.569, 4.544, 4.297, 3.868, 3.16, 2.481, 2.466, 2.826, 2.999, 3.184, 3.601, 4.061, 3.368, 3.265, 4.009, 5.432, 6.874, 7.978, 8.504, 8.915, 8.629, 7.731, 6.624, 6.011, 5.244, 3.984, 3.405, 4.044, 4.909, 4.576, 4.042, 4.078, 3.789, 3.265, 3.008, 3.35, 3.492, 4.015, 3.98, 3.827, 3.844, 3.04, 3.411, 5.338, 8.447, 10.386, 10.096, 9.521, 9.167, 9.185, 10.814, 13.13, 13.322, 12.083, 12.45, 14.579, 17.296, 18.102, 16.465, 14.434, 13.583, 13.42, 13.799, 13.918, 14.278, 13.068, 11.524, 10.895, 11.241, 11.254, 11.294, 11.982, 12.302, 10.693, 6.886, 2.597, 2.167, 3.038, 3.021, 2.701, 2.997, 3.373, 3.592, 3.522, 3.96, 4.875, 5.786, 6.34, 7.546, 8.189, 8.374, 8.716, 8.568, 7.733, 7.23, 7.945, 8.618, 9.419, 10.389, 10.379, 9.52, 8.434, 7.321, 6.113, 5.714, 6.179, 6.606, 5.94, 4.074, 2.966, 3.026, 3.429, 4.175, 5.861, 6.707, 6.5], [5.913, 4.451, 4.513, 4.609, 4.158, 3.791, 5.071, 5.418, 4.672, 3.753, 4.208, 6.984, 5.328, 1.993, 1.203, 0.0, 1.466, 1.379, 1.502, 3.013, 4.638, 5.545, 5.801, 5.439, 4.858, 4.536, 4.129, 3.754, 3.2, 2.229, 3.246, 4.334, 5.035, 3.724, 1.899, 3.59, 6.71, 7.323, 6.158, 4.821, 4.369, 4.749, 4.932, 4.92, 4.642, 4.15, 3.433, 2.522, 2.415, 2.748, 3.04, 3.64, 4.028, 4.476, 3.629, 3.471, 4.201, 5.801, 7.176, 8.246, 8.859, 9.308, 9.063, 8.216, 6.902, 6.259, 5.31, 4.087, 3.324, 3.569, 4.455, 4.257, 3.632, 3.71, 3.593, 3.128, 2.95, 3.439, 3.708, 4.192, 4.29, 4.006, 3.949, 3.254, 3.094, 4.756, 8.043, 9.781, 9.541, 9.018, 8.682, 8.76, 10.302, 12.616, 12.704, 11.54, 11.922, 14.146, 16.823, 17.612, 15.935, 13.934, 12.985, 12.787, 13.149, 13.451, 13.771, 12.659, 11.017, 10.204, 10.536, 10.588, 10.638, 11.252, 11.668, 10.167, 6.123, 2.367, 2.556, 3.566, 3.421, 3.114, 3.409, 3.945, 3.99, 3.989, 4.347, 5.354, 6.087, 6.712, 7.933, 8.59, 8.847, 9.119, 9.141, 8.38, 7.874, 8.45, 9.041, 9.965, 10.942, 10.93, 10.013, 9.003, 7.674, 6.611, 6.226, 6.672, 7.023, 6.374, 4.447, 3.049, 2.877, 3.587, 4.538, 6.352, 7.223, 7.045], [5.594, 4.45, 4.428, 4.501, 4.034, 3.719, 4.452, 4.729, 4.337, 3.582, 3.977, 6.195, 4.598, 1.673, 2.077, 1.466, 0.0, 1.01, 2.104, 3.728, 5.415, 6.347, 6.673, 6.303, 5.656, 5.361, 4.999, 4.68, 4.13, 2.829, 2.877, 3.806, 4.391, 3.008, 2.115, 4.433, 7.586, 8.176, 6.973, 5.671, 5.255, 5.634, 5.725, 5.712, 5.395, 5.005, 4.311, 2.861, 2.668, 2.675, 3.253, 4.296, 4.975, 5.226, 4.417, 3.962, 4.794, 6.631, 8.029, 9.085, 9.67, 10.134, 9.971, 9.208, 7.694, 6.828, 6.141, 4.863, 3.551, 2.952, 3.662, 3.424, 2.917, 3.212, 3.34, 3.076, 3.539, 4.358, 4.611, 4.9, 5.109, 4.674, 4.323, 3.668, 2.542, 3.956, 7.181, 9.004, 8.721, 8.254, 7.882, 7.897, 9.443, 11.74, 11.868, 10.75, 11.087, 13.356, 16.033, 16.822, 15.142, 13.112, 12.285, 12.008, 12.399, 12.674, 12.966, 11.852, 10.187, 9.445, 9.696, 9.784, 9.832, 10.476, 10.818, 9.343, 5.278, 2.152, 3.274, 4.427, 4.343, 4.059, 4.394, 4.73, 4.847, 4.863, 5.171, 6.192, 7.022, 7.614, 8.723, 9.386, 9.596, 9.929, 9.909, 9.165, 8.648, 9.322, 9.865, 10.835, 11.805, 11.763, 10.918, 9.837, 8.766, 7.612, 7.148, 7.513, 7.999, 7.29, 5.362, 3.644, 3.097, 3.931, 5.304, 7.227, 8.115, 7.91], [5.857, 4.469, 4.48, 4.561, 4.162, 3.867, 4.793, 5.118, 4.48, 3.688, 4.148, 6.683, 4.952, 1.897, 2.176, 1.379, 1.01, 0.0, 1.89, 3.457, 5.104, 6.033, 6.392, 5.983, 5.385, 5.082, 4.741, 4.427, 3.848, 2.414, 2.606, 3.864, 4.742, 3.307, 1.794, 4.191, 7.329, 7.897, 6.756, 5.449, 5.079, 5.596, 5.465, 5.45, 5.017, 4.742, 4.044, 2.572, 2.445, 2.66, 3.243, 4.131, 4.909, 5.165, 4.284, 3.686, 4.414, 6.329, 7.768, 8.846, 9.365, 9.922, 9.762, 9.144, 7.648, 6.539, 5.793, 4.619, 3.223, 3.144, 3.961, 3.825, 3.278, 3.311, 3.216, 2.844, 3.291, 4.113, 4.229, 4.469, 4.758, 4.276, 3.818, 3.385, 2.726, 4.371, 7.638, 9.442, 9.204, 8.674, 8.286, 8.383, 9.888, 12.206, 12.254, 11.214, 11.575, 13.845, 16.521, 17.31, 15.623, 13.58, 12.639, 12.29, 12.636, 13.136, 13.454, 12.34, 10.627, 9.722, 9.973, 10.08, 10.162, 10.73, 11.217, 9.786, 5.667, 2.207, 3.206, 4.208, 4.156, 3.895, 4.266, 4.655, 4.632, 4.707, 5.042, 5.944, 6.803, 7.301, 8.236, 8.916, 9.237, 9.638, 9.633, 8.996, 8.616, 9.237, 9.648, 10.584, 11.458, 11.494, 10.716, 9.671, 8.682, 7.388, 6.916, 7.309, 7.815, 7.104, 5.171, 3.224, 2.865, 3.55, 4.937, 6.941, 7.829, 7.646], [6.687, 4.885, 4.989, 5.232, 4.83, 4.784, 6.167, 6.536, 5.719, 4.505, 5.277, 8.103, 6.336, 2.693, 1.424, 1.502, 2.104, 1.89, 0.0, 2.012, 3.617, 4.496, 4.742, 4.358, 3.776, 3.464, 3.238, 3.097, 2.606, 1.663, 3.127, 4.669, 5.84, 4.552, 2.269, 2.786, 5.646, 6.279, 5.248, 4.223, 3.963, 4.62, 4.533, 4.292, 3.981, 3.354, 2.489, 1.868, 2.507, 3.255, 3.322, 3.677, 4.214, 4.229, 3.225, 2.84, 3.567, 5.1, 6.403, 7.509, 7.97, 8.392, 8.48, 8.202, 6.87, 6.111, 5.255, 4.005, 3.201, 3.881, 4.526, 4.552, 4.198, 3.939, 3.67, 3.075, 2.759, 3.227, 3.358, 3.595, 3.542, 3.271, 3.37, 3.15, 3.569, 5.662, 8.958, 10.852, 10.638, 10.096, 9.689, 9.8, 11.383, 13.7, 13.777, 12.64, 13.014, 15.264, 17.941, 18.73, 17.043, 15.014, 14.074, 13.678, 14.004, 14.556, 14.874, 13.76, 12.071, 11.069, 11.439, 11.481, 11.688, 12.288, 12.745, 11.235, 7.179, 2.83, 2.02, 2.842, 2.952, 2.972, 3.258, 3.415, 3.63, 3.425, 4.138, 4.628, 5.512, 5.927, 6.834, 7.481, 7.748, 8.048, 8.107, 7.475, 7.107, 7.962, 8.134, 8.915, 9.872, 9.866, 9.357, 8.559, 7.645, 6.093, 5.429, 6.165, 6.477, 5.547, 3.855, 2.777, 2.736, 2.82, 3.703, 5.311, 6.177, 6.051], [8.421, 5.729, 6.29, 6.714, 6.538, 6.577, 7.929, 8.298, 7.459, 6.158, 7.043, 9.858, 8.249, 4.486, 2.572, 3.013, 3.728, 3.457, 2.012, 0.0, 1.815, 2.891, 3.138, 2.745, 2.179, 2.052, 2.443, 2.51, 2.099, 2.132, 3.798, 5.582, 6.978, 6.03, 3.443, 2.04, 4.088, 4.695, 3.749, 2.773, 2.919, 3.557, 3.341, 3.308, 2.701, 2.379, 1.975, 2.343, 3.646, 4.242, 3.873, 3.491, 3.644, 3.505, 2.947, 2.815, 3.361, 4.387, 5.507, 6.603, 6.941, 7.367, 7.589, 7.247, 6.254, 5.597, 4.646, 3.562, 3.488, 4.996, 5.732, 5.773, 5.25, 4.988, 4.365, 3.618, 2.621, 2.678, 2.672, 2.894, 2.789, 2.811, 3.22, 3.453, 4.798, 7.327, 10.686, 12.676, 12.406, 11.906, 11.548, 11.534, 13.085, 15.403, 15.471, 14.411, 14.773, 17.017, 19.702, 20.495, 18.82, 16.788, 15.935, 15.619, 15.97, 16.326, 16.643, 15.507, 13.857, 13.016, 13.205, 13.357, 13.416, 14.063, 14.442, 12.984, 8.955, 4.374, 1.74, 1.935, 2.355, 2.259, 2.49, 2.735, 3.058, 2.867, 3.384, 3.76, 4.837, 4.965, 5.402, 5.791, 6.144, 6.519, 6.308, 6.005, 6.066, 7.122, 7.13, 7.459, 8.266, 8.336, 8.297, 7.406, 6.771, 5.254, 4.597, 5.064, 5.65, 4.723, 3.367, 3.032, 3.5, 3.044, 3.259, 4.156, 4.773, 4.693], [10.016, 7.342, 7.9, 8.285, 8.136, 8.159, 9.524, 9.897, 9.045, 7.769, 8.644, 11.454, 9.842, 6.107, 4.121, 4.638, 5.415, 5.104, 3.617, 1.815, 0.0, 1.37, 1.776, 1.489, 1.387, 1.664, 2.138, 2.61, 2.684, 3.366, 4.805, 6.743, 8.515, 7.519, 4.793, 2.188, 2.758, 3.342, 2.638, 2.152, 2.603, 2.985, 2.915, 2.862, 2.429, 2.388, 2.32, 3.512, 5.099, 5.805, 5.22, 4.505, 3.87, 3.56, 3.372, 3.24, 3.564, 4.082, 5.024, 5.959, 6.394, 6.618, 6.946, 6.698, 6.044, 5.562, 4.63, 3.698, 4.303, 5.837, 6.743, 6.813, 6.224, 5.775, 5.132, 4.394, 3.305, 2.99, 2.906, 2.817, 2.801, 3.161, 3.587, 4.461, 6.372, 8.96, 12.332, 14.329, 14.042, 13.506, 13.097, 13.161, 14.72, 17.06, 17.167, 16.047, 16.375, 18.618, 21.301, 22.093, 20.44, 18.431, 17.576, 17.218, 17.571, 17.953, 18.247, 17.129, 15.458, 14.618, 14.914, 14.971, 15.099, 15.741, 16.162, 14.628, 10.64, 5.978, 2.815, 1.925, 2.514, 2.588, 2.777, 2.579, 2.99, 2.656, 3.079, 3.144, 4.257, 4.401, 4.536, 4.856, 5.152, 5.108, 4.756, 5.074, 5.674, 6.682, 6.58, 6.619, 7.023, 7.35, 7.387, 6.744, 6.194, 4.666, 4.117, 4.576, 5.119, 4.157, 3.085, 3.864, 4.94, 3.946, 3.161, 3.749, 4.025, 3.866], [11.044, 8.335, 8.924, 9.261, 9.116, 9.127, 10.53, 10.872, 10.021, 8.752, 9.623, 12.433, 10.741, 7.05, 5.096, 5.545, 6.347, 6.033, 4.496, 2.891, 1.37, 0.0, 1.198, 1.09, 1.326, 1.636, 1.931, 2.429, 2.975, 4.163, 5.509, 7.677, 9.54, 8.473, 5.671, 2.677, 1.726, 2.268, 1.677, 1.948, 2.596, 2.557, 2.351, 2.293, 2.236, 2.423, 2.826, 4.388, 6.092, 6.861, 6.259, 5.522, 4.417, 3.723, 3.551, 3.498, 3.606, 3.631, 4.319, 5.057, 5.555, 5.707, 6.047, 6.042, 5.589, 5.152, 4.252, 3.594, 4.871, 6.623, 7.582, 7.773, 7.177, 6.449, 5.71, 4.954, 3.975, 3.514, 3.338, 3.068, 3.017, 3.382, 4.109, 5.492, 7.441, 9.981, 13.317, 15.253, 14.988, 14.44, 14.071, 14.114, 15.707, 18.046, 18.092, 17.024, 17.372, 19.594, 22.279, 23.075, 21.401, 19.362, 18.461, 18.063, 18.4, 18.903, 19.237, 18.105, 16.406, 15.488, 15.813, 15.896, 16.031, 16.646, 17.084, 15.612, 11.531, 6.933, 3.703, 2.426, 2.776, 3.087, 3.015, 2.444, 2.693, 2.443, 2.639, 2.313, 3.43, 3.653, 3.478, 3.977, 4.08, 4.091, 3.747, 4.207, 5.049, 5.976, 5.765, 5.818, 5.95, 6.281, 6.359, 6.061, 5.389, 3.88, 3.361, 3.83, 4.291, 3.383, 2.604, 4.422, 5.616, 4.427, 2.675, 3.11, 3.23, 2.947], [11.206, 8.527, 9.076, 9.427, 9.282, 9.292, 10.725, 11.09, 10.26, 9.028, 9.853, 12.615, 10.943, 7.242, 5.273, 5.801, 6.673, 6.392, 4.742, 3.138, 1.776, 1.198, 0.0, 1.152, 1.405, 1.508, 2.156, 2.538, 3.155, 4.434, 5.783, 7.937, 9.675, 8.683, 5.841, 2.636, 1.577, 2.144, 1.707, 1.927, 2.521, 2.43, 2.497, 2.53, 2.568, 2.617, 2.946, 4.621, 6.248, 6.981, 6.375, 5.669, 4.636, 3.784, 3.713, 3.729, 3.679, 3.64, 4.335, 5.028, 5.549, 5.693, 5.966, 5.915, 5.583, 5.305, 4.623, 3.855, 5.174, 6.865, 7.792, 8.01, 7.425, 6.613, 5.888, 5.24, 4.284, 3.786, 3.577, 3.25, 3.055, 3.64, 4.434, 5.796, 7.685, 10.24, 13.492, 15.514, 15.241, 14.65, 14.218, 14.356, 16.007, 18.318, 18.437, 17.262, 17.631, 19.777, 22.491, 23.305, 21.645, 19.545, 18.683, 18.314, 18.586, 19.109, 19.466, 18.291, 16.63, 15.727, 16.141, 16.144, 16.354, 17.012, 17.412, 15.864, 11.87, 7.154, 3.928, 2.564, 2.948, 3.294, 3.218, 2.589, 2.84, 2.408, 2.629, 2.168, 3.269, 3.557, 3.421, 3.67, 3.877, 4.005, 3.886, 4.07, 4.974, 5.851, 5.69, 5.443, 5.807, 6.085, 6.206, 5.899, 5.268, 3.762, 3.24, 3.72, 4.113, 3.243, 2.537, 4.567, 5.735, 4.436, 2.673, 3.026, 3.105, 2.84], [10.964, 8.246, 8.828, 9.214, 9.065, 9.058, 10.461, 10.832, 9.981, 8.737, 9.586, 12.393, 10.633, 6.979, 5.033, 5.439, 6.303, 5.983, 4.358, 2.745, 1.489, 1.09, 1.152, 0.0, 1.153, 1.555, 2.065, 2.376, 2.809, 3.992, 5.369, 7.508, 9.422, 8.377, 5.536, 2.47, 1.772, 2.355, 2.023, 2.217, 2.747, 2.953, 2.9, 2.692, 2.611, 2.376, 2.553, 4.228, 5.961, 6.723, 6.103, 5.411, 4.339, 3.748, 3.594, 3.525, 3.568, 4.023, 4.85, 5.426, 5.944, 6.033, 6.436, 6.543, 6.176, 5.741, 4.792, 3.844, 4.905, 6.507, 7.55, 7.664, 7.101, 6.347, 5.686, 4.98, 4.003, 3.498, 3.279, 2.964, 2.787, 3.269, 4.059, 5.453, 7.367, 9.915, 13.223, 15.185, 14.936, 14.394, 13.988, 14.089, 15.709, 18.025, 18.094, 16.977, 17.331, 19.547, 22.233, 23.041, 21.367, 19.3, 18.342, 17.927, 18.211, 18.856, 19.204, 18.061, 16.36, 15.32, 15.748, 15.798, 16.016, 16.583, 17.066, 15.567, 11.453, 6.895, 3.662, 2.52, 3.055, 3.331, 3.312, 2.84, 3.053, 2.688, 3.067, 2.764, 3.788, 4.057, 3.769, 4.182, 4.213, 4.077, 4.042, 4.563, 5.529, 6.43, 6.208, 6.076, 6.11, 6.394, 6.664, 6.554, 5.747, 4.287, 3.718, 4.271, 4.64, 3.774, 2.894, 4.208, 5.391, 4.083, 3.012, 3.495, 3.529, 3.26], [10.231, 7.539, 8.103, 8.498, 8.372, 8.346, 9.732, 10.101, 9.241, 7.962, 8.842, 11.667, 10.028, 6.289, 4.36, 4.858, 5.656, 5.385, 3.776, 2.179, 1.387, 1.326, 1.405, 1.153, 0.0, 1.01, 1.712, 2.0, 2.172, 3.433, 4.769, 6.951, 8.682, 7.752, 4.945, 1.908, 2.214, 2.985, 2.244, 1.867, 2.335, 2.525, 2.47, 2.383, 2.191, 1.963, 2.104, 3.69, 5.2, 5.98, 5.35, 4.652, 3.692, 3.185, 2.969, 3.05, 3.258, 3.616, 4.424, 5.339, 5.822, 6.073, 6.388, 6.153, 5.595, 5.21, 4.411, 3.434, 4.377, 5.986, 6.944, 7.006, 6.485, 5.793, 5.166, 4.518, 3.51, 3.075, 2.825, 2.566, 2.402, 2.824, 3.588, 4.777, 6.567, 9.219, 12.53, 14.54, 14.3, 13.685, 13.312, 13.401, 14.94, 17.254, 17.427, 16.279, 16.61, 18.829, 21.506, 22.295, 20.64, 18.677, 17.821, 17.399, 17.708, 18.172, 18.438, 17.325, 15.667, 14.796, 15.129, 15.093, 15.348, 16.006, 16.4, 14.84, 10.857, 6.156, 2.926, 1.865, 2.467, 2.658, 2.558, 2.176, 2.492, 2.105, 2.673, 2.498, 3.576, 3.808, 3.781, 4.217, 4.492, 4.678, 4.59, 4.405, 5.039, 5.983, 5.872, 5.967, 6.548, 6.709, 6.67, 6.176, 5.635, 4.123, 3.553, 4.078, 4.461, 3.584, 2.524, 3.649, 4.856, 3.622, 2.708, 3.182, 3.366, 3.364], [10.019, 7.316, 7.884, 8.284, 8.135, 8.128, 9.523, 9.892, 9.036, 7.772, 8.633, 11.456, 9.743, 6.042, 4.097, 4.536, 5.361, 5.082, 3.464, 2.052, 1.664, 1.636, 1.508, 1.555, 1.01, 0.0, 1.267, 1.67, 1.928, 3.103, 4.459, 6.653, 8.501, 7.505, 4.684, 1.883, 2.437, 3.062, 2.179, 1.682, 2.121, 2.286, 2.193, 2.072, 1.942, 2.089, 1.932, 3.387, 5.075, 5.821, 5.203, 4.529, 3.605, 3.015, 2.962, 2.934, 2.93, 3.067, 3.954, 4.949, 5.446, 5.743, 5.991, 5.81, 5.086, 4.664, 3.991, 3.115, 4.262, 5.797, 6.758, 6.867, 6.304, 5.714, 5.049, 4.412, 3.382, 2.821, 2.659, 2.433, 2.261, 2.715, 3.381, 4.558, 6.409, 8.957, 12.275, 14.243, 13.983, 13.454, 13.044, 13.165, 14.744, 17.06, 17.141, 16.005, 16.369, 18.617, 21.297, 22.086, 20.399, 18.355, 17.476, 17.086, 17.355, 17.912, 18.231, 17.117, 15.43, 14.468, 14.841, 14.85, 15.069, 15.712, 16.115, 14.608, 10.554, 5.947, 2.727, 1.485, 1.977, 2.214, 2.125, 1.621, 1.858, 1.46, 2.181, 2.036, 2.986, 3.267, 3.625, 4.153, 4.398, 4.789, 4.815, 4.358, 4.664, 5.611, 5.488, 5.679, 6.552, 6.543, 6.464, 5.881, 5.207, 3.658, 3.003, 3.547, 3.972, 3.084, 1.906, 3.291, 4.527, 3.396, 1.997, 2.589, 3.097, 3.091], [9.681, 6.986, 7.554, 7.942, 7.797, 7.778, 9.163, 9.528, 8.673, 7.409, 8.268, 11.094, 9.324, 5.677, 3.822, 4.129, 4.999, 4.741, 3.238, 2.443, 2.138, 1.931, 2.156, 2.065, 1.712, 1.267, 0.0, 1.073, 1.639, 2.648, 4.113, 6.243, 8.192, 7.161, 4.312, 2.089, 2.855, 3.46, 2.616, 1.959, 1.9, 2.058, 2.02, 1.773, 1.493, 1.659, 1.803, 3.018, 4.809, 5.515, 4.896, 4.213, 3.132, 2.459, 2.232, 2.172, 2.26, 2.61, 3.685, 4.645, 5.348, 5.7, 5.798, 5.531, 4.677, 4.159, 3.101, 2.255, 3.599, 5.286, 6.294, 6.439, 5.836, 5.228, 4.435, 3.641, 2.756, 2.115, 1.957, 1.874, 1.803, 1.984, 2.754, 4.197, 6.108, 8.649, 11.943, 13.844, 13.615, 13.092, 12.679, 12.799, 14.378, 16.694, 16.763, 15.631, 16.007, 18.256, 20.933, 21.722, 20.034, 17.991, 17.039, 16.604, 16.867, 17.547, 17.865, 16.755, 15.067, 13.996, 14.418, 14.467, 14.69, 15.21, 15.735, 14.238, 10.109, 5.583, 2.573, 1.601, 1.805, 2.04, 1.856, 1.459, 1.766, 1.428, 1.896, 1.833, 2.552, 3.236, 3.909, 4.515, 4.873, 5.161, 5.355, 4.702, 4.521, 5.375, 5.44, 6.086, 6.989, 7.006, 6.488, 5.86, 4.89, 3.359, 2.705, 3.524, 3.625, 2.83, 1.421, 2.869, 4.103, 2.973, 1.398, 2.572, 3.428, 3.354], [9.272, 6.588, 7.146, 7.536, 7.391, 7.385, 8.768, 9.137, 8.277, 6.994, 7.878, 10.703, 8.934, 5.306, 3.489, 3.754, 4.68, 4.427, 3.097, 2.51, 2.61, 2.429, 2.538, 2.376, 2.0, 1.67, 1.073, 0.0, 1.297, 2.307, 3.756, 5.827, 7.78, 6.757, 3.872, 2.104, 3.288, 3.881, 3.086, 2.242, 1.984, 2.267, 2.313, 2.058, 1.611, 1.845, 2.037, 2.839, 4.37, 5.091, 4.472, 3.781, 2.946, 2.163, 1.71, 1.698, 1.864, 2.653, 3.794, 4.815, 5.532, 5.964, 5.885, 5.496, 4.45, 3.822, 2.783, 1.854, 3.229, 4.986, 6.157, 6.164, 5.549, 4.863, 4.075, 3.269, 2.364, 1.837, 1.757, 1.702, 1.818, 1.744, 2.481, 3.86, 5.693, 8.237, 11.545, 13.453, 13.224, 12.695, 12.289, 12.379, 13.967, 16.283, 16.352, 15.245, 15.596, 17.865, 20.542, 21.331, 19.644, 17.6, 16.628, 16.188, 16.475, 17.157, 17.478, 16.361, 14.65, 13.582, 14.005, 14.065, 14.259, 14.782, 15.323, 13.832, 9.697, 5.192, 2.369, 1.942, 2.054, 2.128, 1.924, 1.723, 1.791, 1.636, 1.985, 2.069, 2.788, 3.503, 4.222, 4.896, 5.249, 5.505, 5.674, 5.083, 4.642, 5.378, 5.669, 6.477, 7.35, 7.379, 6.644, 6.015, 4.904, 3.384, 2.907, 3.643, 3.642, 3.097, 1.415, 2.483, 3.746, 2.94, 1.504, 2.902, 3.797, 3.746], [8.511, 5.825, 6.385, 6.775, 6.63, 6.621, 8.004, 8.373, 7.513, 6.218, 7.114, 9.939, 8.17, 4.608, 2.944, 3.2, 4.13, 3.848, 2.606, 2.099, 2.684, 2.975, 3.155, 2.809, 2.172, 1.928, 1.639, 1.297, 0.0, 1.675, 2.93, 5.109, 7.046, 5.997, 3.133, 1.689, 4.008, 4.689, 3.744, 2.624, 2.337, 2.818, 2.73, 2.47, 2.222, 1.933, 1.691, 2.321, 3.757, 4.358, 3.739, 3.121, 2.689, 2.445, 1.897, 1.96, 2.424, 3.202, 4.484, 5.539, 6.248, 6.734, 6.671, 6.137, 4.934, 4.274, 3.271, 2.379, 2.901, 4.44, 5.67, 5.654, 4.944, 4.411, 3.787, 3.11, 2.168, 1.924, 1.588, 1.809, 1.614, 1.608, 2.166, 3.135, 4.922, 7.47, 10.782, 12.689, 12.46, 11.931, 11.52, 11.594, 13.157, 15.462, 15.534, 14.47, 14.832, 17.101, 19.778, 20.567, 18.88, 16.836, 15.864, 15.414, 15.721, 16.393, 16.71, 15.587, 13.881, 12.829, 13.157, 13.264, 13.414, 13.961, 14.475, 13.043, 8.898, 4.469, 2.038, 1.864, 1.976, 2.061, 1.981, 1.794, 2.022, 1.856, 2.335, 2.878, 3.525, 4.325, 4.989, 5.661, 5.98, 6.306, 6.484, 5.892, 5.347, 5.928, 6.396, 7.302, 8.181, 8.203, 7.426, 6.843, 5.569, 4.112, 3.643, 4.435, 4.409, 3.825, 1.787, 2.003, 3.056, 2.473, 2.351, 3.753, 4.616, 4.559], [7.371, 4.849, 5.346, 5.69, 5.493, 5.458, 6.84, 7.21, 6.35, 5.094, 5.95, 8.776, 7.006, 3.38, 2.191, 2.229, 2.829, 2.414, 1.663, 2.132, 3.366, 4.163, 4.434, 3.992, 3.433, 3.103, 2.648, 2.307, 1.675, 0.0, 2.058, 4.084, 5.938, 4.945, 2.032, 2.358, 5.316, 5.954, 4.968, 3.879, 3.556, 4.147, 3.981, 3.713, 3.343, 2.801, 2.06, 1.578, 2.565, 3.273, 2.791, 2.904, 3.472, 3.402, 2.469, 2.168, 2.642, 4.238, 5.741, 6.882, 7.491, 7.997, 7.975, 7.542, 6.121, 5.203, 4.147, 3.003, 2.35, 3.48, 4.568, 4.561, 3.982, 3.507, 2.905, 2.327, 1.892, 2.313, 2.341, 2.505, 2.54, 2.139, 2.474, 2.412, 3.813, 6.356, 9.657, 11.525, 11.297, 10.767, 10.361, 10.43, 11.982, 14.299, 14.345, 13.307, 13.669, 15.938, 18.614, 19.404, 17.716, 15.673, 14.7, 14.248, 14.548, 15.229, 15.547, 14.432, 12.721, 11.643, 11.972, 12.101, 12.238, 12.724, 13.303, 11.879, 7.728, 3.276, 1.709, 2.597, 2.827, 2.813, 2.773, 2.949, 3.083, 3.047, 3.441, 4.133, 4.827, 5.537, 6.144, 6.831, 7.238, 7.589, 7.767, 7.172, 6.647, 7.344, 7.708, 8.589, 9.471, 9.505, 8.808, 8.149, 6.972, 5.447, 4.912, 5.732, 5.769, 5.086, 3.037, 2.007, 2.355, 2.268, 2.93, 4.948, 5.854, 5.829], [6.022, 3.81, 4.228, 4.554, 4.438, 4.371, 5.474, 5.799, 5.151, 4.242, 4.74, 7.364, 5.638, 2.675, 3.534, 3.246, 2.877, 2.606, 3.127, 3.798, 4.805, 5.509, 5.783, 5.369, 4.769, 4.459, 4.113, 3.756, 2.93, 2.058, 0.0, 2.599, 4.486, 3.466, 1.882, 3.961, 6.663, 7.349, 6.39, 5.242, 4.976, 5.416, 5.341, 5.171, 4.645, 4.121, 3.424, 2.365, 2.04, 2.253, 2.663, 3.646, 4.052, 3.951, 3.476, 3.071, 3.554, 5.338, 7.103, 8.273, 9.003, 9.464, 9.329, 8.684, 7.058, 5.781, 5.19, 3.983, 1.958, 2.072, 3.297, 3.253, 2.537, 2.057, 1.834, 2.069, 2.854, 3.519, 3.561, 3.663, 3.704, 2.852, 2.131, 2.264, 2.385, 4.886, 8.191, 10.138, 9.885, 9.355, 8.949, 9.018, 10.57, 12.887, 12.933, 11.895, 12.257, 14.526, 17.203, 17.992, 16.304, 14.261, 13.333, 12.918, 13.213, 13.817, 14.135, 13.017, 11.309, 10.326, 10.595, 10.708, 10.835, 11.397, 11.895, 10.467, 6.372, 2.243, 3.352, 4.254, 4.415, 4.279, 4.117, 4.298, 4.481, 4.486, 4.815, 5.585, 6.279, 7.099, 7.563, 8.239, 8.548, 9.047, 9.094, 8.532, 8.002, 8.433, 9.043, 9.965, 10.829, 10.866, 9.977, 9.512, 8.165, 6.822, 6.386, 7.168, 7.129, 6.552, 4.037, 2.351, 1.874, 2.239, 4.469, 6.452, 7.348, 7.258], [4.445, 3.256, 3.228, 3.229, 3.263, 3.294, 3.849, 3.777, 3.394, 2.9, 3.196, 5.032, 3.292, 3.651, 4.8, 4.334, 3.806, 3.864, 4.669, 5.582, 6.743, 7.677, 7.937, 7.508, 6.951, 6.653, 6.243, 5.827, 5.109, 4.084, 2.599, 0.0, 2.069, 2.153, 2.906, 5.601, 8.719, 9.338, 8.258, 6.958, 6.498, 6.956, 7.108, 6.905, 6.634, 6.163, 5.411, 3.847, 2.8, 2.605, 2.965, 4.411, 5.042, 5.178, 5.107, 4.844, 5.581, 7.438, 9.154, 10.111, 10.839, 11.292, 11.034, 10.12, 8.309, 6.926, 6.649, 5.726, 3.352, 1.676, 2.447, 2.399, 2.171, 2.045, 2.423, 3.539, 4.511, 5.072, 5.358, 5.891, 5.969, 5.129, 3.803, 2.755, 1.904, 2.771, 5.833, 7.779, 7.548, 7.053, 6.63, 6.844, 8.382, 10.624, 10.733, 9.6, 9.936, 12.157, 14.841, 15.632, 13.957, 11.924, 11.029, 10.672, 10.962, 11.504, 11.784, 10.672, 8.987, 8.064, 8.426, 8.466, 8.673, 9.261, 9.682, 8.208, 4.078, 2.878, 5.087, 6.089, 6.086, 5.772, 5.686, 6.128, 6.079, 6.158, 6.66, 7.537, 8.211, 8.963, 9.994, 10.586, 10.856, 11.155, 11.171, 10.485, 9.939, 10.38, 11.028, 11.979, 12.905, 12.886, 11.974, 11.093, 9.641, 8.537, 8.245, 8.732, 8.934, 8.359, 6.038, 3.985, 3.333, 4.395, 6.563, 8.374, 9.244, 9.076], [3.706, 2.891, 2.765, 2.397, 2.828, 2.828, 2.816, 2.641, 2.703, 2.922, 2.768, 3.402, 2.157, 4.196, 5.466, 5.035, 4.391, 4.742, 5.84, 6.978, 8.515, 9.54, 9.675, 9.422, 8.682, 8.501, 8.192, 7.78, 7.046, 5.938, 4.486, 2.069, 0.0, 1.964, 4.107, 7.293, 10.452, 11.085, 9.81, 8.38, 8.015, 8.296, 8.768, 8.764, 8.448, 7.986, 7.272, 5.454, 3.873, 3.089, 3.893, 5.083, 6.206, 6.641, 6.791, 6.681, 7.413, 9.303, 10.976, 11.989, 12.634, 13.141, 12.668, 11.545, 9.641, 8.157, 8.221, 7.442, 5.098, 3.041, 2.701, 2.596, 2.828, 3.407, 4.149, 5.265, 6.267, 6.877, 7.224, 7.806, 7.924, 7.045, 5.729, 4.18, 2.638, 2.166, 4.352, 6.296, 6.006, 5.543, 5.179, 5.964, 7.362, 9.04, 9.256, 8.07, 8.352, 10.343, 13.083, 13.898, 12.289, 10.233, 9.477, 9.4, 9.773, 9.846, 10.073, 8.837, 7.3, 6.824, 7.17, 7.195, 7.212, 7.912, 8.209, 6.63, 2.942, 3.594, 6.34, 7.459, 7.416, 6.998, 6.901, 7.613, 7.763, 7.791, 8.195, 9.274, 10.059, 10.813, 11.963, 12.556, 12.771, 13.065, 12.872, 11.952, 11.446, 11.944, 12.773, 13.643, 14.56, 14.528, 13.499, 12.37, 11.09, 10.258, 9.93, 10.282, 10.576, 10.112, 7.885, 5.576, 4.778, 5.93, 8.296, 10.025, 10.834, 10.662], [4.131, 3.322, 3.128, 3.129, 2.826, 2.688, 3.134, 3.402, 3.097, 2.619, 3.1, 4.359, 2.909, 3.034, 4.349, 3.724, 3.008, 3.307, 4.552, 6.03, 7.519, 8.473, 8.683, 8.377, 7.752, 7.505, 7.161, 6.757, 5.997, 4.945, 3.466, 2.153, 1.964, 0.0, 3.059, 6.299, 9.539, 10.183, 8.919, 7.565, 7.196, 7.481, 7.761, 7.777, 7.481, 7.032, 6.32, 4.524, 2.882, 2.447, 3.307, 4.624, 5.588, 5.869, 5.869, 5.686, 6.422, 8.322, 10.011, 11.062, 11.697, 12.176, 11.831, 10.697, 8.868, 7.325, 7.308, 6.442, 4.102, 2.412, 2.838, 2.5, 1.966, 3.019, 3.367, 4.278, 5.276, 5.877, 6.213, 6.795, 6.894, 6.021, 4.698, 3.44, 1.758, 1.924, 5.106, 7.084, 6.842, 6.2, 5.874, 6.173, 7.678, 9.862, 9.984, 8.839, 9.197, 11.352, 14.071, 14.879, 13.224, 11.163, 10.193, 9.952, 10.423, 10.677, 11.041, 9.771, 8.125, 7.457, 7.813, 7.88, 7.938, 8.595, 8.956, 7.441, 3.449, 2.646, 5.59, 6.722, 6.663, 6.181, 6.249, 6.746, 6.796, 6.876, 7.223, 8.361, 9.115, 9.787, 10.889, 11.516, 11.72, 12.055, 11.887, 11.189, 10.653, 11.176, 11.859, 12.741, 13.665, 13.669, 12.692, 11.673, 10.2, 9.336, 8.964, 9.383, 9.699, 9.238, 6.858, 4.735, 3.857, 5.133, 7.384, 9.193, 9.998, 9.771], [5.716, 3.667, 4.007, 4.079, 3.896, 3.695, 5.123, 5.484, 4.702, 3.787, 4.309, 7.009, 5.316, 2.008, 2.168, 1.899, 2.115, 1.794, 2.269, 3.443, 4.793, 5.671, 5.841, 5.536, 4.945, 4.684, 4.312, 3.872, 3.133, 2.032, 1.882, 2.906, 4.107, 3.059, 0.0, 3.459, 6.665, 7.281, 6.087, 4.78, 4.508, 4.879, 5.167, 5.008, 4.779, 4.197, 3.471, 1.917, 1.467, 1.617, 2.031, 2.821, 3.68, 3.908, 3.259, 2.912, 3.637, 5.533, 7.203, 8.239, 8.916, 9.378, 9.084, 8.203, 6.612, 5.552, 5.008, 3.839, 2.253, 2.224, 3.583, 3.329, 2.51, 2.369, 2.292, 2.037, 2.598, 3.36, 3.616, 4.027, 4.065, 3.407, 2.636, 2.138, 2.188, 4.656, 7.958, 9.879, 9.654, 9.019, 8.628, 8.812, 10.421, 12.69, 12.843, 11.712, 12.035, 14.166, 16.899, 17.693, 16.032, 13.948, 13.002, 12.653, 13.111, 13.531, 13.859, 12.592, 10.908, 10.181, 10.623, 10.613, 10.766, 11.4, 11.789, 10.311, 6.224, 1.993, 2.844, 3.806, 3.786, 3.459, 3.566, 4.084, 4.04, 4.008, 4.563, 5.492, 6.221, 6.929, 8.066, 8.698, 8.896, 9.209, 9.184, 8.466, 7.964, 8.448, 9.068, 9.915, 10.844, 10.819, 9.881, 8.97, 7.528, 6.592, 6.161, 6.631, 6.832, 6.364, 4.066, 2.179, 1.976, 2.779, 4.529, 6.315, 7.121, 6.931], [8.933, 6.302, 6.808, 7.108, 6.949, 6.933, 8.434, 8.828, 7.977, 6.744, 7.593, 10.353, 8.658, 5.049, 3.083, 3.59, 4.433, 4.191, 2.786, 2.04, 2.188, 2.677, 2.636, 2.47, 1.908, 1.883, 2.089, 2.104, 1.689, 2.358, 3.961, 5.601, 7.293, 6.299, 3.459, 0.0, 3.303, 4.037, 2.976, 1.903, 1.905, 2.294, 2.321, 2.193, 2.391, 1.792, 1.852, 2.513, 3.873, 4.58, 4.028, 3.362, 3.356, 3.255, 2.815, 2.739, 3.334, 3.834, 4.418, 5.255, 5.821, 6.243, 6.191, 5.868, 5.491, 5.207, 4.265, 3.364, 3.392, 4.662, 5.878, 5.841, 5.289, 4.711, 4.05, 3.504, 2.675, 2.571, 2.406, 2.407, 2.375, 2.752, 3.117, 3.527, 5.322, 7.952, 11.251, 13.249, 13.032, 12.342, 11.97, 12.104, 13.747, 16.051, 16.196, 15.06,