[[0.0, 2.594, 3.366, 4.729, 4.836, 5.691, 5.348, 4.074, 4.063, 5.068, 5.575, 4.511, 4.511, 4.758, 4.879, 5.047, 5.61, 5.869, 5.139, 4.232, 3.676, 3.483, 2.447, 1.911, 1.935, 2.528, 2.383, 1.268, 1.046, 1.605, 2.124, 4.637, 5.1, 3.319, 4.379, 7.593, 9.129, 8.761, 10.168, 13.829, 16.751, 18.059, 17.623, 16.479, 16.162, 16.194, 15.997, 16.246, 16.574, 14.082, 11.591, 11.443, 12.442, 13.242, 14.294, 13.739, 13.231, 14.401, 14.825, 14.609, 11.246, 7.421, 9.87, 14.566, 17.75, 19.136, 20.162, 19.95, 19.71, 21.328, 23.547, 24.811, 23.937, 23.708, 25.845, 26.978, 26.057, 25.841, 26.226, 25.488, 25.654, 25.984, 26.412, 26.724, 26.202, 25.85, 25.741, 25.747, 25.431, 25.166, 25.908, 26.272, 26.625, 25.734, 23.528, 21.874, 19.817, 17.408, 16.023, 14.53, 12.522, 10.205, 11.361, 12.343, 11.436, 9.267, 11.25, 14.721, 15.243, 13.652, 14.188, 16.627, 16.418, 15.856, 15.693, 15.447, 15.643, 15.562, 15.175, 14.541, 14.261, 14.293, 13.874, 12.456, 10.531, 9.341, 9.654, 7.517, 3.257, 2.5, 2.346, 2.518, 3.043, 2.577, 1.408, 1.671, 1.982, 1.303, 2.484, 3.625, 2.897, 3.126, 4.336, 6.133, 8.759, 8.818], [2.594, 0.0, 1.929, 3.016, 3.574, 4.001, 3.398, 2.479, 2.364, 2.898, 3.31, 3.339, 2.701, 2.68, 3.226, 4.01, 3.997, 3.914, 3.452, 2.94, 2.643, 3.158, 3.492, 3.043, 1.827, 1.847, 2.44, 2.508, 2.822, 2.769, 1.928, 2.975, 3.452, 1.913, 2.737, 5.975, 7.487, 6.923, 8.634, 12.319, 15.192, 16.367, 15.99, 14.91, 14.557, 14.542, 14.437, 14.663, 14.991, 12.446, 9.812, 9.616, 10.256, 11.396, 12.543, 12.095, 11.556, 12.519, 13.119, 13.049, 9.563, 5.723, 8.196, 12.902, 16.018, 16.981, 17.918, 17.867, 17.762, 19.567, 21.832, 22.957, 22.166, 22.032, 24.191, 25.408, 24.462, 24.23, 24.577, 23.691, 23.568, 24.214, 24.731, 25.112, 24.572, 24.124, 24.088, 24.117, 23.66, 23.491, 24.258, 24.578, 24.99, 24.094, 21.873, 20.218, 18.132, 15.658, 14.437, 12.953, 10.919, 8.649, 9.754, 10.781, 9.862, 7.712, 9.702, 13.133, 13.66, 11.963, 12.094, 14.415, 14.409, 13.77, 13.671, 13.234, 13.549, 13.696, 13.134, 12.557, 12.24, 12.272, 12.009, 10.583, 8.731, 7.58, 7.621, 5.621, 2.947, 3.519, 1.809, 2.645, 4.246, 3.826, 2.683, 2.336, 2.82, 2.747, 2.11, 2.425, 1.863, 1.324, 2.533, 4.595, 7.23, 7.108], [3.366, 1.929, 0.0, 1.848, 2.396, 3.027, 2.772, 1.42, 1.368, 2.238, 2.656, 1.727, 1.581, 1.855, 2.64, 3.419, 3.081, 2.976, 2.713, 2.739, 2.238, 3.303, 3.933, 3.694, 2.61, 1.96, 2.126, 3.082, 3.548, 3.411, 2.055, 2.162, 2.41, 1.29, 2.168, 4.982, 6.475, 6.005, 7.584, 11.24, 14.108, 15.429, 15.0, 13.863, 13.517, 13.539, 13.371, 13.616, 13.945, 11.489, 8.712, 8.571, 9.467, 10.653, 11.692, 11.125, 10.595, 11.777, 12.271, 12.063, 8.434, 4.934, 7.317, 11.95, 15.174, 16.419, 17.194, 17.154, 17.135, 18.708, 20.892, 22.224, 21.317, 21.02, 23.206, 24.336, 23.399, 23.198, 23.6, 22.866, 22.827, 23.062, 23.728, 24.073, 23.58, 23.244, 23.129, 23.12, 22.836, 22.536, 23.294, 23.643, 24.002, 23.112, 20.898, 19.218, 17.256, 14.813, 13.409, 11.906, 9.88, 7.668, 8.724, 9.716, 8.764, 6.604, 8.593, 12.09, 12.614, 11.037, 11.322, 13.662, 13.643, 13.183, 12.646, 12.601, 12.829, 12.843, 12.465, 11.799, 11.484, 11.554, 11.08, 9.692, 7.874, 6.631, 6.643, 4.708, 3.012, 4.513, 2.181, 3.409, 5.298, 4.814, 3.327, 2.776, 3.538, 3.371, 3.152, 2.932, 3.059, 2.406, 2.654, 3.609, 6.142, 6.126], [4.729, 3.016, 1.848, 0.0, 1.643, 2.043, 1.93, 1.529, 1.872, 1.723, 2.001, 1.612, 1.645, 1.472, 2.548, 3.506, 2.883, 2.646, 3.092, 3.561, 3.14, 4.388, 5.123, 4.855, 3.823, 3.273, 3.314, 4.51, 5.078, 4.622, 3.487, 2.609, 2.145, 2.08, 2.741, 4.1, 5.334, 4.867, 6.371, 10.013, 12.942, 14.313, 13.834, 12.636, 12.321, 12.398, 12.204, 12.452, 12.776, 10.323, 7.587, 7.138, 8.461, 9.559, 10.534, 9.95, 9.436, 10.651, 11.135, 10.891, 7.195, 3.747, 6.151, 10.789, 14.068, 15.402, 16.194, 16.15, 16.076, 17.577, 19.782, 21.124, 20.213, 19.862, 22.026, 23.145, 22.193, 22.037, 22.437, 21.758, 21.814, 21.92, 22.609, 22.931, 22.401, 22.109, 21.968, 21.935, 21.722, 21.401, 22.142, 22.519, 22.839, 21.95, 19.706, 18.084, 16.143, 13.706, 12.187, 10.683, 8.773, 6.487, 7.574, 8.504, 7.6, 5.413, 7.388, 10.903, 11.391, 9.878, 10.302, 12.628, 12.621, 12.164, 11.575, 11.598, 11.826, 11.824, 11.418, 10.795, 10.478, 10.517, 10.001, 8.551, 6.724, 5.457, 5.633, 3.511, 3.988, 5.775, 3.326, 4.65, 6.534, 6.078, 4.9, 4.293, 4.834, 4.799, 4.334, 3.898, 4.278, 3.616, 3.668, 3.048, 4.909, 4.944], [4.836, 3.574, 2.396, 1.643, 0.0, 1.899, 2.251, 2.295, 2.695, 2.263, 2.505, 1.928, 2.171, 1.984, 3.061, 4.138, 3.039, 2.841, 3.661, 4.145, 3.716, 5.006, 5.797, 5.498, 4.369, 3.875, 3.458, 4.737, 5.118, 5.12, 3.926, 2.621, 2.359, 2.312, 3.307, 3.466, 4.706, 4.516, 5.765, 9.445, 12.328, 13.724, 13.177, 12.034, 11.707, 11.699, 11.551, 11.791, 12.119, 9.776, 7.387, 7.127, 8.361, 9.153, 9.924, 9.403, 8.858, 10.244, 10.738, 10.414, 6.988, 3.278, 5.557, 10.159, 13.52, 15.102, 16.109, 15.901, 15.65, 17.025, 19.314, 20.655, 19.751, 19.412, 21.423, 22.651, 21.622, 21.372, 21.786, 21.28, 21.611, 21.667, 22.009, 22.31, 21.796, 21.494, 21.34, 21.301, 21.123, 20.752, 21.534, 21.904, 22.194, 21.293, 19.114, 17.449, 15.645, 13.219, 11.666, 10.077, 8.237, 6.124, 6.952, 8.003, 6.977, 4.932, 6.876, 10.28, 10.784, 9.422, 10.114, 12.553, 12.311, 11.823, 11.479, 11.403, 11.599, 11.492, 11.125, 10.481, 10.221, 10.261, 9.686, 8.108, 6.241, 4.866, 5.526, 3.445, 4.59, 6.399, 4.043, 5.327, 7.139, 6.659, 5.236, 4.556, 5.305, 4.851, 4.446, 4.092, 4.474, 4.229, 4.254, 3.096, 4.354, 4.679], [5.691, 4.001, 3.027, 2.043, 1.899, 0.0, 1.533, 2.87, 3.348, 2.028, 1.871, 2.373, 2.309, 2.661, 4.035, 5.086, 4.042, 3.723, 4.638, 5.098, 4.599, 5.931, 6.661, 6.4, 5.334, 4.505, 4.537, 5.608, 6.222, 6.056, 4.586, 2.755, 2.364, 3.028, 2.875, 2.724, 3.949, 3.556, 4.982, 8.621, 11.555, 12.898, 12.457, 11.267, 10.93, 11.013, 10.826, 11.071, 11.399, 8.927, 6.151, 6.489, 7.026, 8.098, 9.143, 8.559, 8.051, 9.205, 9.678, 9.456, 5.754, 2.444, 4.719, 9.398, 12.628, 13.929, 14.764, 14.675, 14.61, 16.178, 18.361, 19.678, 18.782, 18.475, 20.635, 21.725, 20.789, 20.651, 21.058, 20.328, 20.355, 20.537, 21.216, 21.537, 21.02, 20.71, 20.579, 20.553, 20.3, 20.004, 20.745, 21.107, 21.46, 20.571, 18.313, 16.686, 14.697, 12.282, 10.812, 9.316, 7.329, 5.041, 6.183, 7.103, 6.205, 3.994, 5.992, 9.512, 10.023, 8.481, 8.835, 11.213, 11.159, 10.693, 10.208, 10.13, 10.353, 10.35, 9.944, 9.321, 9.005, 9.052, 8.575, 7.148, 5.315, 4.126, 4.434, 3.449, 5.541, 7.325, 4.816, 6.196, 8.058, 7.611, 5.966, 5.362, 5.554, 5.712, 4.66, 4.058, 4.672, 3.9, 3.761, 2.271, 3.502, 3.593], [5.348, 3.398, 2.772, 1.93, 2.251, 1.533, 0.0, 2.263, 2.903, 1.455, 1.766, 1.942, 1.845, 2.25, 3.394, 4.381, 3.375, 3.125, 3.786, 4.223, 3.799, 5.201, 6.253, 5.871, 4.831, 3.964, 4.403, 5.321, 5.856, 5.822, 4.523, 2.477, 2.429, 2.617, 2.297, 3.333, 4.823, 4.257, 5.888, 9.568, 12.492, 13.701, 13.324, 12.17, 11.822, 11.842, 11.731, 11.937, 12.267, 9.78, 7.099, 7.606, 7.447, 8.727, 9.864, 9.423, 8.884, 9.852, 10.376, 10.326, 6.738, 3.035, 5.456, 10.236, 13.345, 14.367, 15.028, 15.131, 15.152, 16.894, 19.159, 20.314, 19.514, 19.305, 21.495, 22.707, 21.762, 21.503, 21.91, 21.02, 20.82, 21.388, 22.057, 22.43, 21.883, 21.473, 21.451, 21.407, 21.01, 20.789, 21.556, 21.896, 22.302, 21.409, 19.162, 17.526, 15.41, 12.992, 11.709, 10.225, 8.222, 5.926, 7.09, 8.073, 7.157, 5.007, 6.996, 10.428, 10.932, 9.279, 9.306, 11.582, 11.703, 11.141, 10.826, 10.542, 10.789, 11.0, 10.479, 9.822, 9.521, 9.569, 9.336, 7.903, 6.054, 5.015, 5.221, 3.583, 4.718, 6.449, 4.083, 5.385, 7.154, 6.843, 5.47, 5.194, 5.295, 5.304, 4.228, 3.488, 4.053, 3.077, 3.058, 2.377, 4.505, 4.417], [4.074, 2.479, 1.42, 1.529, 2.295, 2.87, 2.263, 0.0, 1.035, 1.701, 1.948, 1.678, 1.606, 1.781, 2.343, 3.127, 2.566, 2.243, 2.424, 2.586, 1.954, 3.436, 4.174, 3.769, 3.085, 2.71, 3.102, 3.903, 4.375, 3.917, 3.22, 2.442, 2.584, 1.804, 2.377, 5.025, 6.596, 6.039, 7.664, 11.344, 14.263, 15.475, 15.072, 13.933, 13.594, 13.646, 13.504, 13.706, 14.028, 11.534, 8.875, 8.376, 9.421, 10.676, 11.71, 11.187, 10.66, 11.793, 12.228, 12.096, 8.536, 4.842, 7.276, 11.984, 15.201, 16.392, 17.083, 17.116, 17.132, 18.739, 20.966, 22.257, 21.395, 21.099, 23.303, 24.491, 23.548, 23.275, 23.669, 22.89, 22.778, 23.186, 23.854, 24.227, 23.688, 23.274, 23.242, 23.203, 22.922, 22.592, 23.322, 23.705, 24.07, 23.178, 20.945, 19.358, 17.28, 14.848, 13.475, 11.999, 10.052, 7.746, 8.794, 9.875, 8.938, 6.783, 8.772, 12.204, 12.697, 11.066, 11.25, 13.57, 13.623, 13.176, 12.639, 12.577, 12.781, 12.858, 12.462, 11.77, 11.462, 11.543, 11.133, 9.723, 7.879, 6.681, 6.609, 4.276, 3.166, 4.631, 2.503, 3.571, 5.308, 5.089, 4.358, 3.958, 4.409, 4.177, 3.845, 3.58, 3.813, 3.105, 3.416, 3.683, 6.281, 6.164], [4.063, 2.364, 1.368, 1.872, 2.695, 3.348, 2.903, 1.035, 0.0, 2.101, 2.281, 2.167, 1.945, 2.174, 2.434, 3.037, 2.706, 2.415, 2.266, 2.236, 1.776, 3.059, 3.756, 3.562, 2.908, 2.762, 3.08, 3.81, 4.28, 3.691, 3.02, 2.693, 2.915, 2.008, 2.488, 5.425, 6.966, 6.501, 8.047, 11.723, 14.605, 15.908, 15.468, 14.311, 13.972, 14.031, 13.852, 14.108, 14.411, 11.949, 9.228, 8.703, 9.924, 11.117, 12.166, 11.597, 11.081, 12.236, 12.765, 12.535, 8.961, 5.397, 7.83, 12.415, 15.638, 16.896, 17.565, 17.619, 17.614, 19.188, 21.375, 22.691, 21.793, 21.492, 23.67, 24.826, 23.897, 23.669, 24.071, 23.342, 23.283, 23.522, 24.236, 24.586, 24.031, 23.721, 23.597, 23.57, 23.312, 23.019, 23.761, 24.124, 24.472, 23.582, 21.346, 19.749, 17.716, 15.286, 13.849, 12.354, 10.406, 8.127, 9.199, 10.203, 9.277, 7.103, 9.092, 12.549, 13.061, 11.515, 11.758, 14.073, 14.126, 13.669, 13.09, 13.071, 13.282, 13.314, 12.95, 12.268, 11.951, 12.022, 11.561, 10.169, 8.341, 7.103, 7.074, 4.807, 3.133, 4.266, 2.443, 3.083, 4.808, 4.939, 4.371, 3.825, 4.326, 4.185, 3.792, 3.594, 3.702, 3.06, 3.375, 4.101, 6.634, 6.588], [5.068, 2.898, 2.238, 1.723, 2.263, 2.028, 1.455, 1.701, 2.101, 0.0, 1.005, 1.598, 1.448, 1.838, 2.656, 3.512, 2.517, 2.207, 2.863, 3.247, 2.853, 4.186, 5.494, 5.161, 4.082, 3.344, 3.886, 4.944, 5.401, 5.366, 4.05, 2.315, 2.223, 2.138, 2.449, 4.091, 5.584, 5.026, 6.774, 10.459, 13.321, 14.448, 14.064, 12.965, 12.612, 12.597, 12.509, 12.719, 13.06, 10.558, 7.925, 7.492, 8.131, 9.459, 10.63, 10.216, 9.663, 10.647, 11.221, 11.182, 7.654, 3.78, 6.304, 11.002, 14.052, 15.001, 15.703, 15.762, 15.877, 17.647, 19.852, 21.032, 20.253, 20.09, 22.281, 23.475, 22.538, 22.275, 22.615, 21.737, 21.515, 22.121, 22.773, 23.188, 22.646, 22.195, 22.167, 22.182, 21.735, 21.549, 22.327, 22.621, 23.05, 22.155, 19.94, 18.305, 16.203, 13.739, 12.519, 11.008, 9.03, 6.789, 7.82, 8.878, 7.999, 5.826, 7.814, 11.227, 11.746, 10.049, 9.96, 12.29, 12.416, 11.839, 11.534, 11.182, 11.447, 11.705, 11.225, 10.528, 10.226, 10.281, 10.067, 8.66, 6.818, 5.68, 5.42, 3.373, 3.678, 5.433, 3.248, 4.442, 6.183, 6.059, 4.926, 4.7, 5.145, 5.115, 4.428, 3.95, 4.219, 3.248, 3.277, 2.891, 5.37, 5.231], [5.575, 3.31, 2.656, 2.001, 2.505, 1.871, 1.766, 1.948, 2.281, 1.005, 0.0, 1.934, 1.858, 2.275, 2.854, 3.68, 2.709, 2.434, 3.079, 3.476, 3.145, 4.423, 5.706, 5.411, 4.423, 3.778, 4.3, 5.481, 5.879, 5.577, 4.471, 2.485, 2.398, 2.673, 2.678, 3.774, 5.242, 4.749, 6.432, 10.117, 12.98, 14.159, 13.758, 12.635, 12.288, 12.262, 12.159, 12.399, 12.74, 10.246, 7.584, 7.347, 7.905, 9.191, 10.353, 9.898, 9.358, 10.37, 10.909, 10.852, 7.312, 3.708, 6.018, 10.701, 13.732, 14.862, 15.514, 15.558, 15.637, 17.362, 19.511, 20.746, 19.913, 19.767, 21.956, 23.137, 22.203, 21.966, 22.303, 21.431, 21.301, 21.764, 22.437, 22.857, 22.318, 21.882, 21.82, 21.863, 21.41, 21.227, 22.013, 22.285, 22.722, 21.825, 19.632, 17.982, 15.898, 13.461, 12.199, 10.687, 8.689, 6.448, 7.5, 8.524, 7.658, 5.485, 7.473, 10.886, 11.427, 9.713, 9.734, 12.124, 12.159, 11.67, 11.219, 11.043, 11.284, 11.4, 10.952, 10.278, 9.992, 10.036, 9.735, 8.373, 6.554, 5.364, 5.216, 3.732, 3.951, 5.72, 3.717, 4.747, 6.514, 6.413, 5.47, 5.132, 5.603, 5.662, 4.77, 4.212, 4.615, 3.585, 3.526, 2.669, 5.056, 4.911], [4.511, 3.339, 1.727, 1.612, 1.928, 2.373, 1.942, 1.678, 2.167, 1.598, 1.934, 0.0, 1.295, 1.512, 2.166, 2.941, 2.264, 2.105, 2.74, 3.133, 2.695, 3.991, 5.048, 4.734, 3.814, 3.065, 3.068, 4.328, 4.874, 4.796, 3.274, 2.356, 2.211, 2.076, 2.846, 4.34, 5.664, 5.181, 6.786, 10.466, 13.34, 14.586, 14.144, 12.955, 12.629, 12.684, 12.515, 12.725, 13.066, 10.633, 7.938, 7.633, 8.448, 9.768, 10.856, 10.312, 9.791, 10.92, 11.405, 11.213, 7.657, 4.133, 6.481, 11.111, 14.27, 15.42, 16.086, 16.097, 16.204, 17.871, 20.001, 21.291, 20.429, 20.109, 22.333, 23.49, 22.57, 22.307, 22.704, 21.946, 21.761, 22.144, 22.863, 23.24, 22.675, 22.33, 22.25, 22.209, 21.948, 21.639, 22.38, 22.744, 23.096, 22.207, 19.978, 18.397, 16.3, 13.936, 12.52, 11.008, 9.103, 6.835, 7.855, 8.868, 8.026, 5.834, 7.817, 11.25, 11.747, 10.212, 10.273, 12.6, 12.664, 12.224, 11.727, 11.601, 11.791, 11.905, 11.501, 10.798, 10.524, 10.626, 10.228, 8.867, 7.028, 5.814, 5.644, 3.525, 3.508, 5.39, 3.053, 4.36, 6.193, 5.902, 4.378, 3.946, 4.77, 4.591, 4.485, 4.231, 4.338, 3.569, 3.809, 3.145, 5.41, 5.333], [4.511, 2.701, 1.581, 1.645, 2.171, 2.309, 1.845, 1.606, 1.945, 1.448, 1.858, 1.295, 0.0, 1.326, 2.339, 3.293, 2.539, 2.389, 2.635, 3.223, 2.859, 4.117, 5.161, 4.804, 3.637, 2.685, 3.042, 4.236, 4.7, 4.806, 3.339, 2.093, 1.657, 1.501, 2.2, 4.219, 5.643, 5.088, 6.815, 10.5, 13.362, 14.517, 14.07, 12.912, 12.559, 12.636, 12.541, 12.749, 13.064, 10.636, 7.966, 7.742, 8.347, 9.626, 10.757, 10.3, 9.678, 10.745, 11.31, 11.225, 7.698, 4.03, 6.337, 11.007, 14.174, 15.22, 15.947, 15.899, 16.067, 17.694, 19.857, 21.179, 20.346, 20.068, 22.31, 23.511, 22.568, 22.272, 22.618, 21.773, 21.62, 22.177, 22.839, 23.223, 22.696, 22.253, 22.246, 22.212, 21.863, 21.554, 22.273, 22.599, 23.078, 22.116, 19.898, 18.334, 16.181, 13.792, 12.47, 11.046, 9.094, 6.861, 7.771, 8.916, 8.04, 5.867, 7.855, 11.268, 11.698, 10.058, 10.11, 12.439, 12.477, 12.011, 11.566, 11.393, 11.621, 11.755, 11.303, 10.597, 10.341, 10.428, 10.101, 8.677, 6.885, 5.674, 5.538, 3.622, 3.538, 5.398, 3.057, 4.44, 6.17, 5.769, 4.345, 3.952, 4.365, 4.459, 3.904, 3.536, 3.761, 2.842, 3.023, 3.087, 5.426, 5.408], [4.758, 2.68, 1.855, 1.472, 1.984, 2.661, 2.25, 1.781, 2.174, 1.838, 2.275, 1.512, 1.326, 0.0, 1.555, 2.685, 2.112, 1.917, 2.344, 2.935, 2.704, 3.999, 5.197, 4.886, 3.656, 2.935, 3.307, 4.58, 4.824, 4.722, 3.723, 2.617, 2.242, 1.955, 2.791, 4.671, 5.742, 5.187, 6.931, 10.616, 13.478, 14.61, 14.219, 13.074, 12.727, 12.748, 12.658, 12.866, 13.18, 10.735, 8.082, 7.672, 8.321, 9.615, 10.819, 10.399, 9.819, 10.791, 11.374, 11.339, 7.852, 4.106, 6.482, 11.157, 14.216, 15.15, 16.021, 15.902, 16.005, 17.804, 20.012, 21.153, 20.398, 20.195, 22.418, 23.63, 22.69, 22.396, 22.769, 21.865, 21.616, 22.331, 22.909, 23.316, 22.789, 22.312, 22.323, 22.31, 21.883, 21.658, 22.421, 22.74, 23.176, 22.261, 20.042, 18.439, 16.308, 13.882, 12.638, 11.163, 9.188, 6.946, 7.939, 9.023, 8.156, 5.983, 7.972, 11.384, 11.866, 10.213, 10.132, 12.469, 12.553, 11.98, 11.753, 11.33, 11.6, 11.862, 11.312, 10.666, 10.395, 10.459, 10.23, 8.824, 6.981, 5.825, 5.681, 3.346, 3.378, 5.225, 3.079, 4.252, 6.001, 5.656, 4.418, 4.363, 5.059, 4.934, 4.488, 4.165, 4.229, 3.199, 3.505, 3.623, 5.541, 5.465], [4.879, 3.226, 2.64, 2.548, 3.061, 4.035, 3.394, 2.343, 2.434, 2.656, 2.854, 2.166, 2.339, 1.555, 0.0, 1.356, 1.592, 1.682, 1.548, 1.755, 1.749, 2.898, 4.627, 4.392, 3.341, 3.037, 3.356, 4.803, 4.959, 4.479, 3.904, 3.844, 3.509, 2.941, 4.011, 5.969, 7.038, 6.515, 8.288, 11.967, 14.801, 15.844, 15.438, 14.364, 14.031, 14.085, 14.005, 14.253, 14.493, 12.057, 9.332, 8.79, 9.436, 10.82, 12.045, 11.702, 11.086, 12.008, 12.737, 12.753, 9.253, 5.517, 7.857, 12.4, 15.402, 16.179, 16.977, 17.064, 17.172, 18.998, 21.198, 22.317, 21.6, 21.442, 23.647, 24.869, 23.934, 23.644, 23.977, 23.043, 22.794, 23.45, 24.134, 24.559, 24.02, 23.532, 23.549, 23.544, 23.091, 22.899, 23.663, 23.961, 24.419, 23.51, 21.287, 19.672, 17.552, 15.112, 13.892, 12.464, 10.557, 8.271, 9.209, 10.272, 9.406, 7.235, 9.255, 12.634, 13.131, 11.473, 11.295, 13.565, 13.752, 13.124, 12.884, 12.379, 12.715, 13.074, 12.538, 11.885, 11.602, 11.612, 11.432, 10.052, 8.267, 7.076, 6.777, 4.012, 2.432, 4.134, 2.742, 3.197, 4.781, 5.157, 4.535, 4.653, 5.403, 5.176, 5.08, 5.199, 4.916, 4.009, 4.599, 4.99, 6.91, 6.81], [5.047, 4.01, 3.419, 3.506, 4.138, 5.086, 4.381, 3.127, 3.037, 3.512, 3.68, 2.941, 3.293, 2.685, 1.356, 0.0, 1.56, 1.797, 1.417, 1.544, 1.996, 2.45, 4.26, 4.556, 3.667, 3.501, 3.68, 5.106, 5.008, 4.472, 4.291, 4.667, 4.535, 3.795, 4.789, 7.04, 8.207, 7.668, 9.457, 13.136, 15.971, 17.023, 16.539, 15.487, 15.069, 15.254, 15.174, 15.423, 15.633, 13.227, 10.509, 9.914, 10.469, 11.924, 13.201, 12.871, 12.208, 13.017, 13.904, 13.922, 10.427, 6.634, 8.92, 13.502, 16.493, 16.966, 17.867, 17.999, 18.259, 20.042, 22.215, 23.377, 22.721, 22.563, 24.764, 25.985, 25.052, 24.762, 24.943, 23.981, 23.841, 24.536, 25.221, 25.655, 25.112, 24.627, 24.645, 24.641, 24.198, 24.014, 24.731, 24.995, 25.515, 24.528, 22.343, 20.798, 18.612, 16.137, 14.968, 13.633, 11.727, 9.441, 10.284, 11.431, 10.592, 8.421, 10.424, 13.808, 14.182, 12.462, 12.344, 14.618, 14.757, 13.989, 13.814, 13.23, 13.829, 14.058, 13.49, 12.895, 12.584, 12.572, 12.538, 11.093, 9.394, 8.193, 7.844, 4.992, 2.173, 3.813, 2.839, 2.961, 4.148, 4.879, 4.714, 5.038, 5.79, 5.75, 5.888, 6.006, 5.718, 4.781, 5.379, 5.848, 8.085, 7.867], [5.61, 3.997, 3.081, 2.883, 3.039, 4.042, 3.375, 2.566, 2.706, 2.517, 2.709, 2.264, 2.539, 2.112, 1.592, 1.56, 0.0, 1.018, 1.351, 2.013, 2.426, 3.466, 5.184, 5.156, 4.048, 3.753, 4.029, 5.593, 5.663, 5.185, 4.729, 3.812, 3.767, 3.289, 4.258, 5.813, 7.204, 6.639, 8.424, 12.112, 14.954, 16.036, 15.561, 14.494, 14.06, 14.241, 14.149, 14.383, 14.644, 12.203, 9.545, 8.971, 9.528, 10.96, 12.202, 11.861, 11.21, 11.98, 12.86, 12.867, 9.398, 5.679, 7.889, 12.515, 15.558, 16.051, 16.936, 17.068, 17.316, 19.083, 21.276, 22.443, 21.785, 21.624, 23.821, 25.041, 24.109, 23.826, 23.963, 23.052, 22.91, 23.603, 24.278, 24.712, 24.174, 23.684, 23.701, 23.697, 23.26, 23.079, 23.795, 24.068, 24.574, 23.593, 21.407, 19.855, 17.668, 15.146, 14.009, 12.634, 10.697, 8.434, 9.307, 10.471, 9.62, 7.446, 9.435, 12.845, 13.192, 11.452, 11.342, 13.662, 13.821, 13.016, 12.813, 12.27, 12.892, 13.081, 12.531, 11.921, 11.598, 11.6, 11.564, 10.098, 8.376, 7.206, 6.869, 3.937, 2.748, 4.781, 3.443, 3.875, 5.12, 5.624, 5.279, 5.49, 6.18, 6.061, 5.946, 5.774, 5.717, 4.702, 5.013, 4.868, 7.041, 6.964], [5.869, 3.914, 2.976, 2.646, 2.841, 3.723, 3.125, 2.243, 2.415, 2.207, 2.434, 2.105, 2.389, 1.917, 1.682, 1.797, 1.018, 0.0, 1.558, 2.184, 2.509, 3.708, 5.482, 5.342, 4.224, 3.722, 4.215, 5.694, 5.874, 5.479, 4.815, 3.606, 3.589, 3.104, 4.059, 5.698, 6.95, 6.337, 8.146, 11.825, 14.687, 15.781, 15.314, 14.237, 13.796, 13.957, 13.866, 14.076, 14.389, 11.914, 9.289, 8.714, 9.279, 10.705, 11.948, 11.582, 10.945, 11.726, 12.557, 12.575, 9.107, 5.295, 7.606, 12.26, 15.312, 15.801, 16.724, 16.855, 17.066, 18.834, 21.031, 22.193, 21.533, 21.374, 23.565, 24.789, 23.857, 23.577, 23.7, 22.797, 22.67, 23.357, 24.012, 24.454, 23.918, 23.433, 23.443, 23.449, 23.008, 22.836, 23.551, 23.814, 24.317, 23.338, 21.158, 19.598, 17.414, 14.873, 13.755, 12.371, 10.397, 8.155, 9.052, 10.214, 9.365, 7.192, 9.18, 12.588, 12.937, 11.192, 11.087, 13.407, 13.572, 12.765, 12.588, 12.028, 12.639, 12.839, 12.276, 11.666, 11.333, 11.358, 11.309, 9.847, 8.104, 6.952, 6.622, 3.7, 3.125, 5.013, 3.655, 3.965, 5.398, 6.056, 5.519, 5.541, 6.147, 6.087, 5.881, 5.611, 5.632, 4.596, 4.835, 4.562, 6.748, 6.585], [5.139, 3.452, 2.713, 3.092, 3.661, 4.638, 3.786, 2.424, 2.266, 2.863, 3.079, 2.74, 2.635, 2.344, 1.548, 1.417, 1.351, 1.558, 0.0, 1.29, 1.77, 2.512, 4.258, 4.649, 3.669, 3.355, 3.675, 5.158, 5.18, 4.623, 4.289, 4.065, 4.003, 2.972, 4.112, 6.479, 7.999, 7.417, 9.214, 12.874, 15.737, 16.841, 16.399, 15.286, 14.89, 15.006, 14.916, 15.124, 15.439, 12.965, 10.34, 9.778, 10.413, 11.797, 13.022, 12.631, 12.007, 12.878, 13.595, 13.626, 10.148, 6.337, 8.683, 13.318, 16.42, 16.944, 17.868, 17.991, 18.139, 19.933, 22.143, 23.297, 22.607, 22.428, 24.64, 25.865, 24.931, 24.638, 24.897, 23.941, 23.731, 24.413, 25.092, 25.531, 25.001, 24.504, 24.538, 24.541, 24.092, 23.899, 24.61, 24.873, 25.413, 24.409, 22.219, 20.662, 18.469, 16.022, 14.804, 13.421, 11.446, 9.205, 10.103, 11.278, 10.415, 8.241, 10.23, 13.642, 14.029, 12.321, 12.203, 14.457, 14.641, 13.939, 13.806, 13.194, 13.688, 13.996, 13.393, 12.783, 12.518, 12.503, 12.39, 10.94, 9.181, 8.001, 7.742, 4.744, 2.452, 4.021, 2.986, 3.092, 4.497, 5.168, 4.875, 5.039, 5.66, 5.533, 5.39, 5.282, 5.171, 4.167, 4.569, 5.276, 7.811, 7.63], [4.232, 2.94, 2.739, 3.561, 4.145, 5.098, 4.223, 2.586, 2.236, 3.247, 3.476, 3.133, 3.223, 2.935, 1.755, 1.544, 2.013, 2.184, 1.29, 0.0, 1.124, 1.879, 3.609, 3.749, 2.99, 3.123, 3.359, 4.396, 4.367, 3.744, 3.578, 4.439, 4.491, 3.251, 4.162, 7.106, 8.586, 8.061, 9.776, 13.46, 16.323, 17.483, 17.099, 15.973, 15.626, 15.6, 15.502, 15.738, 16.078, 13.586, 10.927, 10.388, 11.021, 12.447, 13.64, 13.238, 12.699, 13.617, 14.228, 14.207, 10.7, 6.895, 9.376, 14.037, 17.062, 17.632, 18.581, 18.697, 18.774, 20.628, 22.855, 23.924, 23.192, 23.091, 25.25, 26.474, 25.54, 25.29, 25.636, 24.676, 24.412, 25.023, 25.69, 26.132, 25.598, 25.144, 25.115, 25.158, 24.67, 24.54, 25.309, 25.579, 26.021, 25.137, 22.934, 21.27, 19.2, 16.761, 15.537, 14.025, 12.032, 9.791, 10.838, 11.867, 11.001, 8.828, 10.816, 14.229, 14.765, 13.06, 12.934, 15.188, 15.377, 14.672, 14.544, 13.931, 14.355, 14.739, 14.123, 13.518, 13.262, 13.239, 13.077, 11.671, 9.853, 8.704, 8.431, 5.357, 1.905, 3.298, 2.198, 2.171, 3.697, 4.389, 4.185, 4.372, 5.089, 4.757, 4.73, 4.863, 4.571, 3.77, 4.509, 5.787, 8.372, 8.249], [3.676, 2.643, 2.238, 3.14, 3.716, 4.599, 3.799, 1.954, 1.776, 2.853, 3.145, 2.695, 2.859, 2.704, 1.749, 1.996, 2.426, 2.509, 1.77, 1.124, 0.0, 1.884, 3.353, 3.277, 2.737, 2.838, 3.049, 3.773, 4.0, 3.409, 3.089, 3.971, 4.187, 2.815, 3.595, 6.762, 8.293, 7.804, 9.434, 13.107, 15.986, 17.215, 16.826, 15.629, 15.282, 15.326, 15.169, 15.408, 15.749, 13.314, 10.573, 10.036, 10.937, 12.284, 13.463, 12.966, 12.444, 13.466, 14.002, 13.883, 10.302, 6.602, 9.085, 13.764, 16.858, 17.727, 18.488, 18.555, 18.683, 20.474, 22.655, 23.825, 22.994, 22.773, 24.919, 26.141, 25.192, 24.974, 25.382, 24.528, 24.185, 24.734, 25.45, 25.85, 25.31, 24.926, 24.872, 24.856, 24.49, 24.279, 25.018, 25.386, 25.767, 24.877, 22.609, 20.988, 18.89, 16.515, 15.193, 13.681, 11.712, 9.438, 10.516, 11.514, 10.647, 8.474, 10.463, 13.875, 14.421, 12.856, 12.713, 14.974, 15.228, 14.646, 14.341, 13.91, 14.136, 14.505, 13.991, 13.335, 13.03, 13.086, 12.873, 11.49, 9.643, 8.466, 8.227, 5.456, 2.116, 3.153, 1.847, 2.043, 3.783, 4.35, 3.885, 3.898, 4.526, 4.219, 4.247, 4.381, 4.16, 3.45, 4.133, 5.397, 8.018, 7.974], [3.483, 3.158, 3.303, 4.388, 5.006, 5.931, 5.201, 3.436, 3.059, 4.186, 4.423, 3.991, 4.117, 3.999, 2.898, 2.45, 3.466, 3.708, 2.512, 1.879, 1.884, 0.0, 2.12, 3.243, 2.837, 2.895, 3.243, 3.718, 3.671, 2.972, 3.394, 5.291, 5.438, 3.822, 5.144, 8.051, 9.569, 9.077, 10.707, 14.36, 17.228, 18.491, 18.106, 16.918, 16.571, 16.576, 16.434, 16.688, 17.029, 14.594, 11.81, 11.325, 12.204, 13.536, 14.715, 14.246, 13.706, 14.712, 15.254, 15.163, 11.538, 7.862, 10.346, 15.044, 18.108, 19.017, 19.755, 19.811, 19.95, 21.725, 23.905, 25.09, 24.238, 24.052, 26.212, 27.381, 26.436, 26.25, 26.657, 25.777, 25.441, 25.993, 26.718, 27.101, 26.602, 26.205, 26.151, 26.149, 25.74, 25.533, 26.294, 26.641, 27.049, 26.154, 23.9, 22.203, 20.16, 17.779, 16.482, 14.97, 12.936, 10.697, 11.796, 12.75, 11.884, 9.711, 11.699, 15.156, 15.71, 14.106, 13.971, 16.254, 16.475, 15.912, 15.592, 15.2, 15.412, 15.755, 15.253, 14.586, 14.281, 14.343, 14.123, 12.742, 10.894, 9.716, 9.477, 6.746, 2.01, 2.339, 1.815, 1.471, 3.126, 3.476, 3.338, 3.755, 4.581, 4.384, 4.72, 5.271, 4.67, 4.214, 5.168, 6.652, 9.254, 9.254], [2.447, 3.492, 3.933, 5.123, 5.797, 6.661, 6.253, 4.174, 3.756, 5.494, 5.706, 5.048, 5.161, 5.197, 4.627, 4.26, 5.184, 5.482, 4.258, 3.609, 3.353, 2.12, 0.0, 2.17, 2.433, 3.286, 3.304, 2.681, 2.509, 1.961, 3.208, 5.91, 6.301, 4.526, 5.594, 8.858, 10.361, 9.926, 11.472, 15.113, 18.005, 19.347, 18.852, 17.612, 17.348, 17.422, 17.201, 17.445, 17.773, 15.384, 12.537, 12.097, 13.283, 14.555, 15.622, 15.037, 14.513, 15.709, 16.193, 15.95, 12.216, 8.81, 11.239, 15.855, 19.061, 20.253, 20.952, 20.975, 20.998, 22.637, 24.776, 26.121, 25.208, 24.889, 27.054, 28.085, 27.197, 27.061, 27.438, 26.751, 26.638, 26.851, 27.597, 27.948, 27.398, 27.138, 26.987, 26.935, 26.734, 26.423, 27.165, 27.529, 27.84, 26.952, 24.73, 23.105, 21.124, 18.719, 17.215, 15.655, 13.798, 11.538, 12.601, 13.505, 12.657, 10.428, 12.362, 15.93, 16.372, 14.965, 15.11, 17.438, 17.481, 17.034, 16.497, 16.435, 16.633, 16.705, 16.324, 15.628, 15.326, 15.413, 14.994, 13.611, 11.805, 10.534, 10.427, 8.094, 3.064, 1.919, 2.479, 2.08, 2.856, 2.321, 2.692, 3.102, 3.433, 3.337, 4.231, 5.212, 4.573, 4.398, 5.792, 7.441, 9.953, 9.993], [1.911, 3.043, 3.694, 4.855, 5.498, 6.4, 5.871, 3.769, 3.562, 5.161, 5.411, 4.734, 4.804, 4.886, 4.392, 4.556, 5.156, 5.342, 4.649, 3.749, 3.277, 3.243, 2.17, 0.0, 1.755, 2.854, 2.978, 1.972, 1.675, 1.758, 2.786, 5.485, 5.959, 4.138, 5.17, 8.426, 10.024, 9.522, 11.133, 14.814, 17.679, 18.923, 18.483, 17.318, 16.97, 17.086, 16.933, 17.152, 17.425, 14.997, 12.263, 11.759, 12.895, 14.123, 15.195, 14.651, 14.096, 15.267, 15.801, 15.617, 12.045, 8.422, 10.852, 15.424, 18.646, 19.86, 20.542, 20.581, 20.587, 22.192, 24.383, 25.712, 24.863, 24.494, 26.72, 27.886, 26.953, 26.675, 27.084, 26.343, 26.244, 26.586, 27.293, 27.651, 27.087, 26.724, 26.67, 26.594, 26.389, 26.023, 26.764, 27.131, 27.499, 26.594, 24.343, 22.808, 20.712, 18.303, 16.851, 15.39, 13.501, 11.192, 12.202, 13.266, 12.349, 10.167, 12.156, 15.6, 16.069, 14.525, 14.701, 17.017, 17.085, 16.638, 16.083, 16.04, 16.237, 16.297, 15.919, 15.233, 14.92, 14.999, 14.571, 13.18, 11.371, 10.118, 10.031, 7.653, 3.067, 2.194, 2.342, 2.294, 1.988, 1.883, 1.708, 2.053, 1.854, 2.128, 3.584, 4.66, 3.686, 3.814, 5.293, 7.188, 9.718, 9.617], [1.935, 1.827, 2.61, 3.823, 4.369, 5.334, 4.831, 3.085, 2.908, 4.082, 4.423, 3.814, 3.637, 3.656, 3.341, 3.667, 4.048, 4.224, 3.669, 2.99, 2.737, 2.837, 2.433, 1.755, 0.0, 1.608, 2.07, 1.821, 1.842, 1.896, 1.816, 4.148, 4.676, 2.861, 3.914, 7.187, 8.748, 8.147, 9.919, 13.598, 16.453, 17.562, 17.075, 16.056, 15.684, 15.799, 15.713, 15.952, 16.208, 13.69, 11.148, 10.583, 11.474, 12.615, 13.719, 13.344, 12.699, 13.65, 14.42, 14.393, 10.884, 7.07, 9.338, 14.023, 17.145, 18.344, 19.067, 19.042, 19.159, 20.651, 22.882, 24.176, 23.444, 23.233, 25.442, 26.682, 25.689, 25.396, 25.6, 24.755, 24.928, 25.396, 26.006, 26.372, 25.844, 25.336, 25.342, 25.335, 24.915, 24.691, 25.403, 25.691, 26.196, 25.211, 23.002, 21.487, 19.333, 16.829, 15.563, 14.188, 12.219, 9.964, 10.869, 12.024, 11.123, 8.973, 10.962, 14.379, 14.79, 12.959, 13.324, 15.692, 15.646, 15.077, 14.518, 14.496, 14.904, 14.807, 14.452, 13.806, 13.436, 13.385, 13.116, 11.623, 9.867, 8.706, 8.637, 6.397, 2.329, 2.381, 1.673, 2.011, 2.902, 2.58, 2.08, 1.913, 2.332, 2.176, 2.643, 3.592, 2.744, 2.658, 4.134, 6.004, 8.536, 8.331], [2.528, 1.847, 1.96, 3.273, 3.875, 4.505, 3.964, 2.71, 2.762, 3.344, 3.778, 3.065, 2.685, 2.935, 3.037, 3.501, 3.753, 3.722, 3.355, 3.123, 2.838, 2.895, 3.286, 2.854, 1.608, 0.0, 1.404, 2.245, 2.674, 2.709, 1.891, 3.322, 3.774, 2.268, 3.35, 6.172, 7.704, 7.135, 8.952, 12.578, 15.41, 16.528, 16.032, 15.01, 14.57, 14.758, 14.68, 14.931, 15.188, 12.673, 10.021, 9.697, 10.368, 11.58, 12.735, 12.301, 11.648, 12.572, 13.409, 13.395, 9.963, 6.256, 8.469, 12.98, 16.128, 17.188, 17.94, 17.909, 18.057, 19.698, 21.843, 23.21, 22.426, 22.165, 24.427, 25.571, 24.655, 24.357, 24.469, 23.742, 23.735, 24.3, 24.943, 25.318, 24.766, 24.319, 24.313, 24.28, 23.942, 23.66, 24.39, 24.652, 25.153, 24.165, 21.993, 20.476, 18.247, 15.676, 14.499, 13.123, 11.187, 8.874, 9.812, 10.952, 10.071, 7.92, 9.922, 13.335, 13.676, 11.912, 12.046, 14.512, 14.467, 13.839, 13.445, 13.283, 13.714, 13.601, 13.268, 12.557, 12.137, 12.302, 12.062, 10.618, 8.868, 7.66, 7.498, 5.501, 2.172, 3.386, 1.726, 2.57, 4.04, 3.697, 2.371, 2.336, 2.683, 2.679, 2.923, 3.606, 3.064, 2.519, 3.604, 5.051, 7.611, 7.322], [2.383, 2.44, 2.126, 3.314, 3.458, 4.537, 4.403, 3.102, 3.08, 3.886, 4.3, 3.068, 3.042, 3.307, 3.356, 3.68, 4.029, 4.215, 3.675, 3.359, 3.049, 3.243, 3.304, 2.978, 2.07, 1.404, 0.0, 2.018, 2.516, 2.509, 1.567, 3.268, 3.544, 2.275, 3.751, 5.868, 7.424, 7.036, 8.53, 12.152, 15.079, 16.381, 15.771, 14.559, 14.218, 14.459, 14.253, 14.486, 14.752, 12.437, 9.852, 9.641, 10.807, 11.692, 12.614, 12.031, 11.437, 12.632, 13.359, 13.128, 9.589, 6.125, 8.28, 12.743, 16.16, 17.549, 18.453, 18.306, 18.227, 19.592, 21.818, 23.241, 22.412, 21.934, 24.121, 25.262, 24.319, 24.028, 24.27, 23.763, 23.994, 24.156, 24.72, 25.04, 24.421, 24.164, 24.063, 23.925, 23.853, 23.429, 24.117, 24.492, 24.82, 23.811, 21.674, 20.219, 18.167, 15.685, 14.152, 12.685, 10.993, 8.71, 9.511, 10.676, 9.706, 7.581, 9.519, 12.999, 13.221, 11.877, 12.423, 14.864, 14.688, 14.202, 13.758, 13.728, 14.046, 13.88, 13.489, 12.855, 12.576, 12.636, 12.14, 10.539, 8.775, 7.4, 7.906, 5.899, 2.158, 3.724, 1.969, 2.913, 4.426, 4.057, 2.474, 2.213, 2.644, 2.58, 3.043, 3.495, 3.198, 2.958, 3.834, 4.911, 7.089, 7.091], [1.268, 2.508, 3.082, 4.51, 4.737, 5.608, 5.321, 3.903, 3.81, 4.944, 5.481, 4.328, 4.236, 4.58, 4.803, 5.106, 5.593, 5.694, 5.158, 4.396, 3.773, 3.718, 2.681, 1.972, 1.821, 2.245, 2.018, 0.0, 1.097, 1.504, 1.68, 4.233, 4.709, 3.131, 4.125, 7.201, 8.764, 8.324, 9.887, 13.581, 16.425, 17.674, 17.154, 16.037, 15.685, 15.83, 15.681, 15.905, 16.165, 13.749, 11.235, 11.091, 12.112, 12.979, 13.939, 13.393, 12.785, 14.01, 14.647, 14.409, 10.943, 7.198, 9.535, 14.074, 17.45, 18.843, 19.782, 19.595, 19.514, 20.879, 23.14, 24.524, 23.695, 23.274, 25.487, 26.694, 25.71, 25.41, 25.748, 25.101, 25.305, 25.572, 26.079, 26.409, 25.866, 25.469, 25.415, 25.372, 25.146, 24.745, 25.434, 25.811, 26.227, 25.26, 23.049, 21.542, 19.507, 17.047, 15.563, 14.163, 12.319, 10.094, 10.885, 12.065, 11.118, 8.963, 10.938, 14.373, 14.774, 13.257, 13.827, 16.259, 16.018, 15.563, 15.149, 15.086, 15.323, 15.249, 14.849, 14.214, 13.932, 13.981, 13.427, 11.863, 10.096, 8.831, 9.242, 7.343, 3.346, 2.739, 2.496, 2.697, 3.196, 2.729, 1.583, 1.507, 1.672, 1.304, 2.274, 3.405, 2.513, 2.839, 4.243, 6.063, 8.495, 8.422], [1.046, 2.822, 3.548, 5.078, 5.118, 6.222, 5.856, 4.375, 4.28, 5.401, 5.879, 4.874, 4.7, 4.824, 4.959, 5.008, 5.663, 5.874, 5.18, 4.367, 4.0, 3.671, 2.509, 1.675, 1.842, 2.674, 2.516, 1.097, 0.0, 1.347, 2.397, 4.852, 5.326, 3.651, 4.625, 7.907, 9.459, 8.923, 10.587, 14.272, 17.164, 18.313, 17.874, 16.765, 16.425, 16.498, 16.405, 16.608, 16.91, 14.405, 11.955, 11.782, 12.651, 13.468, 14.513, 14.054, 13.44, 14.564, 15.089, 15.004, 11.659, 7.731, 10.099, 14.785, 18.013, 19.334, 20.336, 20.131, 19.993, 21.473, 23.714, 25.048, 24.216, 23.987, 26.185, 27.393, 26.441, 26.131, 26.459, 25.638, 25.9, 26.323, 26.747, 27.095, 26.582, 26.11, 26.106, 26.088, 25.72, 25.428, 26.157, 26.445, 26.941, 25.978, 23.778, 22.212, 20.113, 17.623, 16.306, 14.904, 12.925, 10.68, 11.623, 12.774, 11.835, 9.684, 11.674, 15.105, 15.529, 13.815, 14.388, 16.851, 16.541, 16.055, 15.747, 15.634, 15.872, 15.772, 15.372, 14.713, 14.47, 14.492, 13.979, 12.542, 10.699, 9.507, 9.816, 7.775, 3.253, 2.144, 2.569, 2.627, 2.621, 2.106, 1.346, 1.81, 1.856, 1.352, 2.801, 4.056, 2.903, 3.287, 4.672, 6.621, 9.183, 9.088], [1.605, 2.769, 3.411, 4.622, 5.12, 6.056, 5.822, 3.917, 3.691, 5.366, 5.577, 4.796, 4.806, 4.722, 4.479, 4.472, 5.185, 5.479, 4.623, 3.744, 3.409, 2.972, 1.961, 1.758, 1.896, 2.709, 2.509, 1.504, 1.347, 0.0, 2.234, 5.114, 5.572, 3.932, 4.842, 8.032, 9.57, 9.099, 10.612, 14.244, 17.18, 18.552, 18.063, 16.862, 16.559, 16.635, 16.434, 16.677, 17.006, 14.555, 11.737, 11.548, 12.722, 13.794, 14.78, 14.187, 13.672, 14.897, 15.369, 15.135, 11.487, 8.097, 10.428, 15.027, 18.315, 19.558, 20.465, 20.303, 20.281, 21.816, 24.011, 25.359, 24.452, 24.109, 26.264, 27.33, 26.385, 26.274, 26.667, 26.005, 25.989, 26.169, 26.826, 27.165, 26.637, 26.355, 26.206, 26.165, 25.961, 25.638, 26.381, 26.75, 27.069, 26.181, 23.943, 22.316, 20.39, 17.953, 16.42, 14.908, 13.015, 10.734, 11.812, 12.681, 11.827, 9.6, 11.585, 15.141, 15.616, 14.124, 14.476, 16.907, 16.783, 16.328, 15.859, 15.777, 15.988, 15.98, 15.612, 14.933, 14.626, 14.707, 14.205, 12.795, 10.966, 9.712, 9.882, 7.684, 2.798, 2.17, 2.288, 2.067, 2.828, 2.399, 1.948, 2.407, 2.391, 2.105, 3.079, 4.328, 3.246, 3.445, 4.884, 6.702, 9.112, 9.159], [2.124, 1.928, 2.055, 3.487, 3.926, 4.586, 4.523, 3.22, 3.02, 4.05, 4.471, 3.274, 3.339, 3.723, 3.904, 4.291, 4.729, 4.815, 4.289, 3.578, 3.089, 3.394, 3.208, 2.786, 1.816, 1.891, 1.567, 1.68, 2.397, 2.234, 0.0, 3.121, 3.576, 2.356, 3.316, 5.93, 7.433, 7.136, 8.584, 12.182, 15.049, 16.4, 15.916, 14.702, 14.42, 14.518, 14.299, 14.583, 14.858, 12.463, 9.815, 9.823, 10.831, 11.771, 12.662, 12.12, 11.6, 12.833, 13.446, 13.173, 9.584, 6.219, 8.463, 12.897, 16.22, 17.657, 18.605, 18.406, 18.294, 19.704, 21.969, 23.3, 22.418, 22.026, 24.135, 25.212, 24.284, 24.137, 24.516, 23.947, 24.1, 24.154, 24.755, 25.042, 24.5, 24.211, 24.075, 24.014, 23.814, 23.5, 24.256, 24.608, 24.922, 24.029, 21.818, 20.185, 18.32, 15.883, 14.3, 12.745, 10.936, 8.737, 9.679, 10.572, 9.703, 7.507, 9.426, 13.002, 13.452, 12.117, 12.681, 15.079, 14.851, 14.394, 13.959, 13.881, 14.11, 14.068, 13.663, 13.039, 12.741, 12.781, 12.227, 10.667, 8.866, 7.661, 8.046, 6.245, 3.038, 3.673, 1.882, 2.828, 4.364, 3.931, 2.285, 1.564, 2.248, 2.082, 2.167, 2.594, 2.14, 2.11, 3.229, 4.832, 7.164, 7.162], [4.637, 2.975, 2.162, 2.609, 2.621, 2.755, 2.477, 2.442, 2.693, 2.315, 2.485, 2.356, 2.093, 2.617, 3.844, 4.667, 3.812, 3.606, 4.065, 4.439, 3.971, 5.291, 5.91, 5.485, 4.148, 3.322, 3.268, 4.233, 4.852, 5.114, 3.121, 0.0, 1.401, 2.083, 1.367, 3.167, 4.658, 4.54, 5.876, 9.538, 12.385, 13.519, 13.063, 11.958, 11.605, 11.704, 11.602, 11.841, 12.105, 9.645, 7.573, 8.134, 8.425, 8.829, 9.807, 9.287, 8.673, 9.918, 10.531, 10.379, 7.54, 3.499, 5.552, 10.006, 13.248, 14.772, 16.074, 15.663, 15.314, 16.755, 18.97, 20.332, 19.485, 19.178, 21.383, 22.582, 21.616, 21.319, 21.642, 20.919, 21.446, 21.729, 21.952, 22.305, 21.769, 21.297, 21.284, 21.269, 20.963, 20.623, 21.351, 21.672, 22.124, 21.168, 18.979, 17.428, 15.344, 12.861, 11.496, 10.083, 8.202, 5.955, 7.01, 7.956, 7.054, 4.906, 6.869, 10.282, 10.723, 9.125, 10.246, 12.551, 12.021, 11.638, 11.357, 11.151, 11.405, 11.099, 10.78, 10.213, 9.843, 9.871, 9.357, 7.98, 6.355, 5.345, 5.903, 4.703, 4.538, 6.232, 4.106, 5.348, 6.954, 6.517, 4.737, 3.839, 4.523, 4.356, 3.063, 2.333, 2.821, 2.463, 2.147, 2.244, 4.565, 4.452], [5.1, 3.452, 2.41, 2.145, 2.359, 2.364, 2.429, 2.584, 2.915, 2.223, 2.398, 2.211, 1.657, 2.242, 3.509, 4.535, 3.767, 3.589, 4.003, 4.491, 4.187, 5.438, 6.301, 5.959, 4.676, 3.774, 3.544, 4.709, 5.326, 5.572, 3.576, 1.401, 0.0, 2.105, 1.885, 2.983, 4.248, 4.125, 5.357, 9.031, 11.893, 13.113, 12.699, 11.581, 11.228, 11.205, 11.11, 11.348, 11.662, 9.197, 7.159, 7.55, 8.036, 8.429, 9.335, 8.854, 8.299, 9.519, 10.083, 9.883, 6.957, 3.132, 5.153, 9.637, 12.844, 14.434, 15.737, 15.328, 14.946, 16.343, 18.67, 19.93, 19.052, 18.788, 20.888, 22.138, 21.159, 20.898, 21.282, 20.578, 21.112, 21.303, 21.514, 21.826, 21.296, 20.9, 20.835, 20.824, 20.473, 20.189, 20.971, 21.284, 21.68, 20.793, 18.607, 16.926, 14.997, 12.522, 11.109, 9.648, 7.691, 5.553, 6.621, 7.498, 6.571, 4.47, 6.386, 9.806, 10.333, 8.781, 9.917, 12.194, 11.682, 11.307, 11.023, 10.819, 11.036, 10.76, 10.431, 9.875, 9.511, 9.524, 9.041, 7.554, 5.926, 4.978, 5.507, 4.22, 4.742, 6.703, 4.269, 5.668, 7.482, 6.981, 5.105, 4.24, 5.094, 4.723, 3.623, 2.868, 3.391, 3.137, 2.521, 2.033, 4.082, 4.242], [3.319, 1.913, 1.29, 2.08, 2.312, 3.028, 2.617, 1.804, 2.008, 2.138, 2.673, 2.076, 1.501, 1.955, 2.941, 3.795, 3.289, 3.104, 2.972, 3.251, 2.815, 3.822, 4.526, 4.138, 2.861, 2.268, 2.275, 3.131, 3.651, 3.932, 2.356, 2.083, 2.105, 0.0, 2.126, 4.679, 6.258, 5.717, 7.411, 11.096, 13.958, 15.11, 14.704, 13.589, 13.235, 13.283, 13.194, 13.392, 13.694, 11.229, 8.647, 8.597, 9.251, 10.172, 11.339, 10.893, 10.29, 11.29, 11.867, 11.819, 8.406, 4.465, 6.93, 11.628, 14.739, 15.975, 16.937, 16.737, 16.651, 18.301, 20.552, 21.783, 20.973, 20.724, 22.966, 24.16, 23.212, 22.919, 23.292, 22.422, 22.444, 23.045, 23.549, 23.872, 23.351, 22.882, 22.891, 22.862, 22.461, 22.201, 22.943, 23.271, 23.733, 22.794, 20.575, 18.998, 16.839, 14.387, 13.116, 11.691, 9.676, 7.426, 8.433, 9.527, 8.636, 6.468, 8.458, 11.889, 12.339, 10.685, 11.021, 13.44, 13.234, 12.71, 12.496, 12.211, 12.432, 12.494, 11.994, 11.396, 11.088, 11.124, 10.776, 9.317, 7.469, 6.354, 6.512, 4.446, 3.377, 4.739, 2.493, 3.767, 5.514, 5.018, 3.381, 2.966, 3.74, 3.42, 3.058, 2.679, 2.898, 2.181, 2.447, 3.46, 6.013, 5.9], [4.379, 2.737, 2.168, 2.741, 3.307, 2.875, 2.297, 2.377, 2.488, 2.449, 2.678, 2.846, 2.2, 2.791, 4.011, 4.789, 4.258, 4.059, 4.112, 4.162, 3.595, 5.144, 5.594, 5.17, 3.914, 3.35, 3.751, 4.125, 4.625, 4.842, 3.316, 1.367, 1.885, 2.126, 0.0, 3.738, 5.293, 4.945, 6.419, 10.104, 12.969, 14.115, 13.624, 12.611, 12.261, 12.303, 12.215, 12.413, 12.702, 10.207, 7.996, 8.924, 8.639, 9.235, 10.322, 9.861, 9.248, 10.334, 10.898, 10.866, 7.835, 3.728, 5.964, 10.616, 13.715, 15.04, 16.245, 15.821, 15.703, 17.311, 19.469, 20.811, 20.009, 19.76, 22.032, 23.169, 22.27, 21.953, 22.205, 21.415, 21.736, 22.143, 22.545, 22.934, 22.368, 21.918, 21.908, 21.882, 21.531, 21.249, 22.017, 22.282, 22.74, 21.809, 19.64, 18.065, 15.927, 13.459, 12.157, 10.735, 8.71, 6.465, 7.821, 8.589, 7.645, 5.514, 7.479, 10.922, 11.365, 9.583, 10.504, 12.808, 12.324, 11.913, 11.604, 11.334, 11.631, 11.358, 11.106, 10.506, 10.032, 10.053, 9.701, 8.381, 6.857, 6.049, 6.295, 5.297, 4.567, 5.89, 3.906, 5.046, 6.551, 6.114, 4.784, 4.029, 4.301, 4.191, 2.795, 1.889, 2.625, 2.027, 1.562, 2.396, 5.02, 4.854], [7.593, 5.975, 4.982, 4.1, 3.466, 2.724, 3.333, 5.025, 5.425, 4.091, 3.774, 4.34, 4.219, 4.671, 5.969, 7.04, 5.813, 5.698, 6.479, 7.106, 6.762, 8.051, 8.858, 8.426, 7.187, 6.172, 5.868, 7.201, 7.907, 8.032, 5.93, 3.167, 2.983, 4.679, 3.738, 0.0, 1.961, 2.147, 2.886, 6.462, 9.32, 10.565, 10.112, 8.935, 8.586, 8.737, 8.585, 8.809, 9.07, 6.773, 5.274, 7.194, 6.238, 6.174, 6.879, 6.454, 5.858, 7.259, 7.833, 7.57, 5.029, 2.46, 2.997, 7.031, 10.454, 12.294, 13.653, 13.239, 12.665, 13.972, 16.348, 17.623, 16.76, 16.427, 18.404, 19.612, 18.621, 18.303, 18.713, 18.265, 18.872, 19.022, 19.098, 19.358, 18.775, 18.344, 18.327, 18.261, 18.018, 17.679, 18.4, 18.781, 19.156, 18.248, 16.08, 14.487, 12.584, 10.185, 8.559, 7.083, 5.32, 3.185, 4.637, 4.987, 4.067, 2.079, 3.833, 7.23, 7.685, 6.418, 7.878, 9.979, 9.479, 9.163, 8.886, 8.724, 8.788, 8.513, 8.205, 7.689, 7.255, 7.27, 6.743, 5.347, 3.979, 3.625, 5.059, 4.522, 7.222, 9.263, 6.855, 8.271, 9.998, 9.567, 7.711, 6.825, 7.404, 7.184, 5.634, 4.411, 5.514, 5.189, 3.851, 1.869, 1.732, 1.951], [9.129, 7.487, 6.475, 5.334, 4.706, 3.949, 4.823, 6.596, 6.966, 5.584, 5.242, 5.664, 5.643, 5.742, 7.038, 8.207, 7.204, 6.95, 7.999, 8.586, 8.293, 9.569, 10.361, 10.024, 8.748, 7.704, 7.424, 8.764, 9.459, 9.57, 7.433, 4.658, 4.248, 6.258, 5.293, 1.961, 0.0, 1.093, 1.656, 4.94, 7.787, 9.042, 8.538, 7.443, 7.119, 7.12, 7.001, 7.283, 7.542, 5.23, 4.182, 6.268, 5.229, 4.629, 5.304, 4.842, 4.292, 5.704, 6.305, 6.038, 3.444, 2.51, 1.89, 5.534, 8.878, 10.684, 12.123, 11.598, 11.045, 12.433, 14.704, 16.038, 15.139, 14.836, 16.816, 18.039, 17.049, 16.764, 17.133, 16.674, 17.266, 17.324, 17.419, 17.709, 17.174, 16.814, 16.694, 16.692, 16.442, 16.106, 16.883, 17.214, 17.538, 16.649, 14.552, 12.885, 11.059, 8.729, 7.077, 5.507, 3.72, 2.108, 3.374, 3.852, 2.46, 1.068, 2.756, 5.682, 6.184, 4.872, 6.261, 8.38, 7.862, 7.524, 7.243, 7.103, 7.201, 6.893, 6.598, 6.048, 5.658, 5.678, 5.152, 3.782, 2.864, 2.777, 4.215, 4.302, 8.796, 10.838, 8.409, 9.808, 11.57, 11.125, 9.232, 8.252, 8.976, 8.731, 7.105, 5.893, 7.001, 6.76, 5.447, 3.384, 1.084, 1.39], [8.761, 6.923, 6.005, 4.867, 4.516, 3.556, 4.257, 6.039, 6.501, 5.026, 4.749, 5.181, 5.08