[[0.0, 1.901, 1.447, 2.169, 4.289, 6.013, 5.694, 3.155, 2.182, 2.376, 2.501, 2.081, 1.671, 1.555, 2.078, 2.382, 2.523, 2.345, 3.047, 4.474, 3.875, 2.511, 2.794, 2.222, 2.304, 3.149, 3.144, 2.986, 2.934, 2.856, 2.305, 2.565, 3.49, 5.198, 5.711, 6.317, 7.269, 8.461, 8.935, 9.307, 7.907, 6.102, 7.328, 7.929, 6.83, 5.268, 4.1, 2.384, 2.578, 3.018, 2.651, 3.751, 5.915, 5.649, 5.172, 6.812, 8.077, 7.442, 6.373, 5.092, 3.98, 2.647, 2.695, 3.058, 3.095, 2.889, 2.748, 2.421, 2.322, 2.856, 2.971, 3.136, 3.669, 3.893, 2.489, 3.291, 5.192, 6.057, 6.329, 6.215, 7.697, 9.077, 8.448, 7.758, 8.093, 8.181, 8.593, 8.981, 9.603, 8.794, 7.671, 8.261, 11.332, 13.496, 12.871, 10.857, 8.923, 8.928, 9.179, 8.907, 7.533, 6.424, 6.828, 7.709, 7.787, 7.736, 7.05, 7.442, 7.608, 8.206, 9.265, 8.813, 8.841, 7.872, 6.084, 5.224, 5.149, 4.066, 1.627, 6.421, 6.838, 7.884, 9.411, 8.799, 8.204, 8.173, 4.324, 4.293, 5.581, 6.011, 6.957, 5.97, 2.612, 2.657, 3.317, 2.702, 2.959, 2.532, 2.058, 1.703, 1.608, 2.667, 2.49, 2.184, 2.77, 2.869], [1.901, 0.0, 0.892, 1.159, 2.986, 4.636, 4.103, 2.08, 1.932, 0.992, 1.086, 1.28, 1.713, 2.419, 3.134, 2.975, 2.547, 2.749, 4.452, 6.096, 5.506, 4.058, 4.147, 3.327, 3.01, 3.669, 3.762, 4.287, 4.499, 4.431, 3.888, 3.684, 3.51, 4.434, 5.269, 5.928, 6.727, 7.773, 8.482, 8.906, 7.555, 5.683, 6.152, 6.967, 5.802, 4.169, 3.217, 1.63, 3.02, 3.473, 3.127, 4.581, 7.261, 7.064, 6.731, 8.408, 9.672, 8.826, 7.806, 6.719, 5.484, 3.243, 3.12, 3.348, 3.621, 3.514, 3.435, 2.998, 2.496, 2.163, 2.151, 2.27, 2.692, 2.449, 1.698, 1.855, 3.727, 4.469, 4.705, 4.635, 6.093, 7.54, 6.933, 6.184, 6.519, 6.607, 6.992, 7.433, 8.077, 7.486, 6.978, 7.296, 9.876, 12.017, 11.568, 9.437, 8.216, 7.963, 8.034, 7.884, 6.853, 6.462, 6.823, 6.965, 6.486, 6.37, 5.802, 6.762, 6.961, 7.061, 8.197, 7.839, 7.71, 6.98, 5.41, 4.287, 4.31, 3.03, 2.907, 7.992, 8.455, 9.514, 10.836, 10.306, 9.835, 9.781, 5.711, 5.091, 6.677, 7.099, 8.341, 7.777, 3.991, 2.349, 3.006, 3.174, 3.526, 2.907, 1.916, 1.833, 1.741, 1.701, 1.821, 2.137, 2.007, 2.298], [1.447, 0.892, 0.0, 1.333, 3.259, 4.903, 4.474, 2.197, 1.789, 1.307, 1.359, 1.391, 1.636, 2.15, 2.973, 3.052, 2.772, 2.704, 4.006, 5.679, 5.133, 3.656, 3.714, 3.091, 2.825, 3.485, 3.72, 3.917, 4.07, 4.023, 3.477, 3.496, 3.696, 4.645, 5.406, 6.057, 6.814, 7.802, 8.617, 9.041, 7.701, 5.841, 6.333, 7.065, 5.912, 4.371, 3.314, 1.635, 2.783, 3.356, 2.971, 4.393, 6.887, 6.723, 6.356, 8.026, 9.29, 8.449, 7.449, 6.36, 5.059, 3.243, 3.177, 3.55, 3.673, 3.533, 3.351, 3.051, 2.627, 2.452, 2.147, 2.391, 2.775, 2.838, 1.862, 2.152, 4.032, 4.857, 5.089, 4.995, 6.477, 7.879, 7.291, 6.536, 6.871, 6.967, 7.375, 7.762, 8.392, 7.651, 7.011, 7.41, 10.256, 12.388, 11.951, 9.763, 8.339, 8.191, 8.345, 8.153, 6.989, 6.666, 7.016, 7.2, 6.991, 6.743, 6.176, 6.984, 7.15, 7.397, 8.378, 8.052, 7.901, 7.081, 5.433, 4.307, 4.423, 3.307, 2.482, 7.616, 8.079, 9.143, 10.469, 9.933, 9.425, 9.42, 5.372, 5.039, 6.619, 7.025, 8.041, 7.312, 3.592, 2.512, 3.194, 3.257, 3.592, 2.962, 1.955, 1.662, 1.342, 1.954, 1.833, 2.173, 2.214, 2.366], [2.169, 1.159, 1.333, 0.0, 2.523, 4.085, 3.651, 1.868, 2.602, 1.226, 1.092, 1.552, 2.015, 2.532, 3.146, 2.929, 2.412, 3.15, 4.697, 6.426, 5.922, 4.437, 4.394, 3.625, 3.439, 4.103, 4.326, 4.612, 4.824, 4.827, 4.211, 3.9, 2.95, 4.009, 4.862, 5.498, 6.245, 7.132, 8.082, 8.536, 7.144, 5.176, 5.538, 6.281, 5.138, 3.641, 2.513, 1.253, 3.308, 4.075, 3.588, 5.16, 7.731, 7.547, 7.193, 8.872, 10.136, 9.29, 8.243, 7.103, 5.728, 3.283, 2.693, 2.755, 3.11, 3.019, 3.131, 2.552, 1.832, 1.793, 1.636, 1.717, 2.08, 2.101, 1.575, 1.831, 3.254, 4.078, 4.267, 4.148, 5.63, 7.026, 6.441, 5.676, 6.011, 6.115, 6.54, 6.913, 7.539, 6.878, 6.3, 6.635, 9.414, 11.551, 11.18, 8.931, 7.69, 7.636, 7.752, 7.613, 6.446, 5.829, 6.136, 6.459, 6.349, 6.153, 5.442, 6.219, 6.531, 6.514, 7.555, 7.313, 7.182, 6.433, 4.817, 3.736, 3.488, 2.387, 3.105, 8.444, 8.905, 9.951, 11.306, 10.763, 10.244, 10.243, 5.98, 5.001, 6.547, 6.879, 8.408, 7.979, 4.147, 1.759, 2.462, 2.715, 3.098, 2.541, 1.646, 1.906, 2.157, 1.876, 2.104, 1.927, 1.617, 1.619], [4.289, 2.986, 3.259, 2.523, 0.0, 2.061, 2.036, 2.022, 3.95, 2.657, 2.739, 3.208, 4.077, 4.489, 5.076, 4.521, 3.897, 5.224, 6.86, 8.562, 8.044, 6.553, 6.482, 5.683, 5.56, 6.287, 6.561, 6.832, 6.86, 6.897, 6.279, 5.98, 3.171, 2.589, 3.434, 3.988, 4.564, 5.288, 6.475, 6.782, 5.638, 3.941, 3.331, 4.078, 3.011, 1.507, 1.461, 2.553, 5.296, 6.31, 5.845, 7.43, 9.889, 9.644, 9.332, 11.019, 12.275, 11.471, 10.417, 9.224, 7.751, 5.138, 3.715, 3.298, 3.998, 4.141, 4.673, 4.249, 2.821, 2.357, 2.017, 2.131, 1.735, 2.457, 3.224, 2.794, 2.403, 2.255, 2.416, 2.63, 3.491, 4.814, 4.227, 3.758, 4.008, 3.928, 4.4, 4.739, 5.35, 4.711, 4.055, 4.426, 7.106, 9.249, 8.857, 6.761, 5.734, 5.916, 5.868, 5.844, 5.283, 5.294, 5.635, 5.534, 5.147, 4.586, 4.511, 5.055, 5.455, 5.272, 5.427, 5.382, 5.35, 4.552, 3.38, 2.588, 2.601, 2.015, 5.234, 10.592, 11.048, 12.089, 13.511, 12.898, 12.313, 12.369, 7.833, 6.466, 7.849, 8.087, 10.219, 9.824, 6.031, 2.587, 2.53, 3.724, 4.549, 4.057, 3.491, 3.32, 3.591, 2.679, 3.17, 3.657, 2.665, 2.565], [6.013, 4.636, 4.903, 4.085, 2.061, 0.0, 1.377, 3.434, 5.7, 4.225, 4.246, 4.987, 5.743, 6.266, 6.819, 6.315, 5.652, 6.623, 8.642, 10.342, 9.831, 8.332, 8.314, 7.304, 7.112, 7.854, 8.094, 8.62, 8.659, 8.693, 8.069, 7.732, 4.845, 3.052, 3.786, 4.324, 4.909, 5.216, 6.622, 6.86, 5.874, 4.367, 2.695, 3.067, 2.915, 1.871, 2.629, 4.143, 6.716, 7.894, 7.249, 9.166, 11.677, 11.465, 11.126, 12.804, 14.069, 13.262, 12.228, 11.015, 9.594, 6.804, 5.345, 4.786, 5.59, 5.832, 6.394, 6.001, 4.6, 4.16, 3.748, 3.619, 3.247, 3.464, 4.506, 3.478, 2.524, 1.743, 2.368, 2.339, 1.761, 3.177, 3.048, 3.286, 3.708, 3.171, 2.729, 3.116, 3.851, 4.085, 3.772, 3.632, 5.48, 7.961, 7.884, 6.184, 5.736, 5.94, 5.835, 5.985, 5.872, 6.268, 6.444, 6.192, 5.668, 5.275, 5.126, 5.861, 6.199, 5.561, 5.338, 5.696, 5.695, 4.964, 4.173, 3.238, 3.15, 2.839, 7.031, 12.377, 12.838, 13.881, 15.228, 14.72, 14.11, 14.166, 9.646, 8.109, 9.469, 9.695, 11.809, 11.497, 7.753, 4.165, 4.002, 5.304, 6.127, 5.693, 5.011, 4.958, 5.366, 4.372, 4.834, 5.163, 4.154, 4.084], [5.694, 4.103, 4.474, 3.651, 2.036, 1.377, 0.0, 3.097, 5.403, 3.626, 3.549, 4.265, 5.103, 5.862, 6.546, 6.133, 5.233, 6.025, 8.168, 10.027, 9.523, 8.023, 7.936, 6.971, 6.596, 7.019, 7.263, 8.124, 8.388, 8.429, 7.795, 7.413, 4.653, 3.493, 4.347, 4.839, 5.474, 6.004, 7.285, 7.565, 6.47, 4.875, 3.324, 3.848, 3.52, 2.18, 2.635, 3.819, 6.341, 7.146, 6.432, 8.573, 11.34, 11.128, 10.818, 12.491, 13.756, 12.901, 11.865, 10.7, 9.187, 6.617, 5.402, 4.82, 5.54, 5.612, 6.112, 5.69, 4.34, 3.866, 3.426, 3.599, 3.302, 2.99, 3.571, 2.832, 2.184, 1.063, 1.622, 1.936, 2.441, 3.492, 3.115, 2.899, 3.306, 2.891, 3.178, 3.591, 4.498, 4.82, 4.426, 4.33, 6.125, 8.765, 8.792, 6.984, 6.436, 6.469, 6.235, 6.206, 6.098, 6.662, 6.715, 6.269, 5.608, 5.242, 5.324, 6.174, 6.483, 5.912, 5.872, 6.197, 6.1, 5.342, 4.443, 3.575, 3.474, 3.097, 6.616, 12.069, 12.529, 13.568, 14.915, 14.384, 13.845, 13.856, 9.284, 8.062, 9.577, 9.804, 11.761, 11.323, 7.51, 4.115, 3.991, 5.377, 6.143, 5.634, 4.815, 4.774, 4.967, 4.024, 4.641, 5.188, 4.166, 4.106], [3.155, 2.08, 2.197, 1.868, 2.022, 3.434, 3.097, 0.0, 2.4, 1.6, 1.529, 1.95, 3.136, 3.947, 4.31, 4.261, 3.721, 4.327, 5.638, 7.045, 6.489, 5.02, 5.449, 4.396, 4.059, 4.845, 5.22, 5.605, 5.452, 5.547, 4.977, 4.777, 3.202, 3.953, 4.776, 5.357, 5.894, 6.619, 7.832, 8.24, 6.998, 5.231, 4.782, 5.541, 4.389, 2.831, 1.785, 1.385, 3.639, 4.912, 4.331, 6.128, 8.496, 8.243, 7.8, 9.514, 10.77, 10.029, 8.936, 7.804, 6.721, 4.749, 3.902, 3.477, 4.117, 3.869, 3.809, 3.43, 2.372, 2.034, 1.443, 1.645, 1.84, 2.365, 2.247, 2.042, 2.787, 3.389, 3.646, 3.604, 5.105, 6.395, 5.706, 4.985, 5.301, 5.464, 5.98, 6.243, 6.863, 6.477, 5.584, 5.937, 8.631, 10.915, 10.526, 8.411, 7.343, 7.632, 7.711, 7.709, 6.635, 6.262, 6.747, 7.083, 6.673, 6.139, 5.617, 6.168, 6.589, 6.464, 6.758, 6.737, 6.982, 6.103, 4.706, 3.459, 3.406, 2.726, 4.209, 9.01, 9.489, 10.604, 12.042, 11.459, 10.92, 10.86, 6.992, 6.535, 7.844, 8.13, 9.63, 8.883, 5.204, 2.907, 2.892, 3.831, 4.317, 3.982, 3.04, 2.604, 2.749, 2.445, 2.992, 3.357, 2.767, 2.847], [2.182, 1.932, 1.789, 2.602, 3.95, 5.7, 5.403, 2.4, 0.0, 2.151, 2.35, 2.063, 2.809, 2.971, 3.357, 3.62, 3.548, 3.878, 4.511, 5.633, 4.687, 3.684, 4.456, 3.549, 3.615, 4.421, 4.64, 4.586, 4.098, 4.092, 3.659, 3.145, 3.384, 4.592, 5.327, 5.723, 6.558, 7.796, 7.917, 8.259, 7.016, 6.085, 6.815, 7.3, 6.208, 4.706, 3.322, 2.108, 3.348, 4.341, 4.12, 5.139, 7.306, 7.063, 6.282, 7.831, 9.033, 8.706, 7.683, 6.48, 5.461, 3.847, 3.714, 3.843, 3.976, 3.693, 3.697, 2.88, 2.814, 2.316, 2.234, 2.343, 3.232, 3.73, 3.0, 3.052, 4.755, 5.688, 5.957, 5.879, 7.395, 8.623, 7.944, 7.308, 7.513, 7.766, 8.287, 8.524, 9.068, 8.242, 7.175, 7.461, 10.759, 13.039, 12.406, 10.291, 8.761, 8.773, 9.022, 8.851, 7.466, 6.829, 7.451, 8.125, 7.909, 7.358, 6.992, 7.408, 7.243, 8.015, 8.741, 8.174, 8.477, 7.419, 5.782, 4.834, 5.062, 4.243, 3.128, 7.424, 7.665, 8.837, 10.639, 10.086, 9.092, 9.083, 5.821, 5.832, 6.741, 7.202, 8.267, 7.539, 3.899, 3.4, 3.382, 3.407, 3.875, 3.529, 2.823, 2.348, 2.028, 2.48, 2.411, 2.943, 3.001, 3.503], [2.376, 0.992, 1.307, 1.226, 2.657, 4.225, 3.626, 1.6, 2.151, 0.0, 0.796, 1.607, 2.006, 2.838, 3.439, 3.374, 2.857, 3.062, 4.849, 6.516, 5.967, 4.458, 4.515, 3.596, 3.29, 4.001, 4.163, 4.679, 4.952, 4.981, 4.372, 4.131, 3.3, 4.087, 4.881, 5.503, 6.271, 7.324, 8.069, 8.491, 7.111, 5.292, 5.644, 6.511, 5.344, 3.715, 2.761, 1.6, 3.403, 3.908, 3.499, 5.08, 7.728, 7.525, 7.203, 8.901, 10.157, 9.286, 8.261, 7.157, 5.774, 3.649, 3.36, 3.382, 3.759, 3.609, 3.476, 3.006, 2.492, 2.02, 1.768, 2.008, 2.447, 2.342, 1.749, 1.83, 3.312, 3.908, 4.164, 4.076, 5.632, 6.975, 6.329, 5.569, 5.938, 6.05, 6.545, 6.889, 7.538, 7.028, 6.592, 6.9, 9.365, 11.587, 11.131, 8.974, 7.822, 7.573, 7.732, 7.548, 6.534, 6.312, 6.589, 6.623, 6.214, 5.944, 5.499, 6.642, 6.651, 6.636, 7.717, 7.484, 7.38, 6.63, 5.119, 3.9, 4.011, 3.027, 3.192, 8.461, 8.918, 9.996, 11.326, 10.769, 10.385, 10.311, 6.06, 5.496, 7.074, 7.439, 8.827, 8.165, 4.378, 2.508, 3.032, 3.369, 3.656, 3.147, 2.127, 2.168, 2.103, 2.159, 2.136, 2.523, 2.288, 2.559], [2.501, 1.086, 1.359, 1.092, 2.739, 4.246, 3.549, 1.529, 2.35, 0.796, 0.0, 1.399, 2.081, 2.94, 3.689, 3.581, 2.922, 3.131, 4.886, 6.605, 6.05, 4.562, 4.632, 3.742, 3.291, 3.779, 4.11, 4.766, 5.038, 5.055, 4.445, 4.174, 3.413, 4.32, 5.152, 5.803, 6.567, 7.402, 8.382, 8.806, 7.414, 5.494, 5.685, 6.533, 5.359, 3.873, 2.758, 1.448, 3.208, 3.822, 3.232, 5.139, 7.832, 7.624, 7.292, 9.005, 10.261, 9.356, 8.333, 7.246, 5.91, 3.802, 3.456, 3.448, 3.813, 3.672, 3.559, 3.054, 2.492, 2.211, 1.774, 1.995, 2.366, 2.083, 1.542, 1.682, 3.146, 3.85, 4.102, 4.007, 5.609, 6.868, 6.243, 5.464, 5.81, 5.998, 6.522, 6.812, 7.458, 7.02, 6.672, 6.958, 9.326, 11.575, 11.281, 9.01, 8.079, 7.963, 8.0, 7.811, 6.833, 6.45, 6.749, 6.827, 6.424, 6.114, 5.715, 6.72, 6.857, 6.704, 7.785, 7.682, 7.459, 6.837, 5.252, 4.044, 3.924, 2.919, 3.357, 8.531, 8.988, 10.114, 11.429, 10.892, 10.459, 10.392, 6.215, 5.712, 7.279, 7.609, 8.961, 8.321, 4.549, 2.578, 3.113, 3.448, 3.761, 3.279, 2.282, 2.25, 2.175, 2.018, 2.323, 2.575, 2.393, 2.482], [2.081, 1.28, 1.391, 1.552, 3.208, 4.987, 4.265, 1.95, 2.063, 1.607, 1.399, 0.0, 1.868, 2.525, 3.287, 3.221, 2.785, 3.087, 4.259, 5.999, 5.414, 3.964, 4.201, 3.547, 3.166, 3.619, 3.908, 4.21, 4.436, 4.456, 3.902, 3.662, 3.89, 4.81, 5.7, 6.329, 6.986, 7.792, 8.854, 9.325, 7.959, 6.094, 6.267, 7.03, 5.885, 4.278, 3.305, 1.599, 2.92, 3.487, 3.131, 4.625, 7.268, 7.074, 6.728, 8.442, 9.698, 8.789, 7.745, 6.709, 5.483, 3.469, 3.236, 3.618, 3.652, 3.44, 3.347, 3.065, 2.628, 2.424, 2.089, 2.37, 2.709, 2.328, 1.465, 2.087, 3.828, 4.548, 4.752, 4.69, 6.309, 7.6, 6.958, 6.084, 6.391, 6.709, 7.246, 7.488, 8.028, 7.328, 6.822, 7.231, 10.032, 12.279, 11.809, 9.712, 8.345, 8.413, 8.294, 8.185, 7.356, 6.85, 7.193, 7.472, 7.18, 6.828, 6.465, 6.785, 7.517, 7.659, 8.404, 8.078, 7.948, 7.206, 5.763, 4.709, 4.492, 3.53, 2.94, 7.938, 8.417, 9.564, 10.866, 10.33, 9.884, 9.81, 5.819, 5.311, 6.852, 7.144, 8.544, 7.899, 4.156, 2.692, 3.4, 3.279, 3.668, 3.031, 1.927, 1.592, 1.661, 1.683, 2.121, 2.309, 2.183, 2.351], [1.671, 1.713, 1.636, 2.015, 4.077, 5.743, 5.103, 3.136, 2.809, 2.006, 2.081, 1.868, 0.0, 1.446, 2.226, 2.149, 1.959, 1.593, 3.173, 5.061, 4.581, 3.09, 3.084, 2.156, 1.932, 2.543, 2.694, 3.127, 3.399, 3.467, 2.813, 3.145, 4.251, 5.33, 6.155, 6.779, 7.625, 8.732, 9.4, 9.816, 8.429, 6.574, 7.111, 7.928, 6.767, 5.147, 4.232, 2.627, 2.294, 2.482, 2.144, 3.662, 6.403, 6.191, 5.863, 7.577, 8.833, 7.926, 6.899, 5.745, 4.296, 2.435, 2.811, 3.704, 3.222, 2.949, 2.885, 2.803, 2.896, 3.125, 3.109, 3.242, 3.679, 3.115, 1.992, 2.786, 4.648, 5.468, 5.644, 5.482, 7.056, 8.378, 7.789, 6.913, 7.284, 7.498, 8.024, 8.317, 8.902, 8.306, 7.914, 8.243, 10.821, 13.006, 12.465, 10.408, 9.162, 8.939, 8.961, 8.779, 7.838, 7.052, 7.297, 7.722, 7.46, 7.253, 6.67, 7.679, 7.814, 7.977, 9.152, 8.835, 8.692, 7.959, 6.406, 5.271, 5.191, 3.953, 1.812, 7.101, 7.559, 8.647, 10.001, 9.445, 8.883, 8.912, 4.354, 4.18, 5.801, 6.167, 7.243, 6.475, 2.854, 2.75, 3.749, 2.964, 3.006, 2.502, 1.934, 1.607, 1.456, 2.271, 2.339, 2.316, 2.748, 2.817], [1.555, 2.419, 2.15, 2.532, 4.489, 6.266, 5.862, 3.947, 2.971, 2.838, 2.94, 2.525, 1.446, 0.0, 1.471, 1.459, 1.857, 1.78, 2.735, 4.42, 3.933, 2.592, 2.454, 2.121, 2.313, 3.233, 3.2, 2.841, 3.052, 2.874, 2.219, 2.453, 3.416, 5.19, 5.707, 6.271, 7.554, 8.687, 8.996, 9.3, 7.808, 6.403, 7.473, 8.19, 7.098, 5.541, 4.479, 2.983, 3.196, 3.287, 2.917, 3.762, 5.92, 5.802, 5.415, 7.115, 8.352, 7.426, 6.395, 5.29, 3.702, 1.763, 2.3, 3.024, 2.366, 2.176, 2.348, 2.15, 2.586, 2.979, 3.266, 3.388, 3.723, 3.847, 2.882, 3.554, 5.32, 6.292, 6.511, 6.264, 7.683, 8.925, 8.399, 7.64, 7.818, 8.088, 8.636, 8.847, 9.34, 8.474, 7.858, 8.319, 11.292, 13.51, 12.86, 10.836, 9.057, 8.758, 8.997, 8.684, 7.422, 6.319, 6.61, 7.425, 7.678, 7.309, 7.02, 7.377, 7.589, 8.405, 9.506, 9.025, 8.94, 8.099, 6.426, 5.485, 5.464, 4.423, 1.317, 6.602, 7.079, 8.187, 9.596, 8.963, 8.303, 8.36, 3.873, 3.198, 4.793, 5.128, 6.213, 5.815, 2.109, 2.678, 3.344, 2.318, 2.152, 1.875, 1.864, 1.881, 1.813, 2.455, 2.048, 1.904, 2.897, 2.926], [2.078, 3.134, 2.973, 3.146, 5.076, 6.819, 6.546, 4.31, 3.357, 3.439, 3.689, 3.287, 2.226, 1.471, 0.0, 1.085, 1.687, 1.91, 2.627, 4.053, 3.38, 2.521, 2.235, 1.889, 2.625, 3.583, 3.485, 2.909, 2.786, 2.498, 1.766, 1.943, 3.166, 5.565, 6.025, 6.353, 7.677, 8.948, 9.0, 9.057, 7.728, 6.68, 7.851, 8.406, 7.486, 5.936, 4.744, 3.238, 3.487, 3.733, 3.409, 3.835, 5.513, 5.287, 4.706, 6.432, 7.612, 7.023, 5.981, 4.696, 3.347, 1.52, 2.215, 2.908, 2.253, 1.922, 1.811, 1.937, 2.736, 3.325, 3.527, 3.648, 4.256, 4.554, 3.434, 4.212, 5.971, 6.979, 7.232, 6.941, 8.27, 9.516, 8.956, 8.269, 8.595, 8.674, 9.203, 9.483, 10.097, 9.299, 8.192, 8.613, 11.702, 13.934, 13.239, 11.181, 9.369, 9.181, 9.527, 9.213, 7.579, 6.189, 6.66, 7.805, 8.175, 7.998, 7.503, 7.737, 7.56, 8.619, 9.708, 9.174, 9.268, 8.372, 6.702, 5.84, 5.829, 4.861, 1.433, 5.995, 6.354, 7.464, 9.07, 8.368, 7.538, 7.64, 3.282, 2.68, 3.858, 4.189, 5.624, 5.189, 1.481, 3.071, 3.55, 2.105, 1.489, 1.84, 2.401, 2.562, 2.715, 3.234, 2.846, 2.166, 3.308, 3.388], [2.382, 2.975, 3.052, 2.929, 4.521, 6.315, 6.133, 4.261, 3.62, 3.374, 3.581, 3.221, 2.149, 1.459, 1.085, 0.0, 1.426, 1.854, 2.78, 4.413, 3.816, 2.923, 2.454, 2.022, 2.373, 3.459, 3.343, 3.04, 3.196, 2.833, 2.23, 2.619, 3.353, 5.187, 5.734, 6.25, 7.546, 8.668, 8.972, 9.133, 7.679, 6.493, 7.361, 8.041, 6.998, 5.405, 4.39, 3.355, 3.551, 3.716, 3.371, 3.773, 5.89, 5.612, 5.197, 6.928, 8.151, 7.416, 6.344, 5.161, 3.692, 1.265, 2.087, 2.854, 2.207, 2.022, 2.162, 2.266, 2.765, 3.154, 3.58, 3.509, 3.734, 3.98, 3.37, 3.885, 5.388, 6.57, 6.692, 6.377, 7.781, 9.036, 8.484, 7.753, 8.003, 8.147, 8.698, 8.926, 9.49, 8.755, 7.828, 8.233, 11.212, 13.444, 12.747, 10.773, 9.135, 8.835, 9.176, 8.95, 7.501, 6.153, 6.57, 7.475, 7.68, 7.395, 7.013, 7.377, 7.254, 8.208, 9.338, 8.834, 8.895, 8.004, 6.416, 5.487, 5.448, 4.341, 1.634, 6.436, 6.878, 7.99, 9.537, 8.796, 8.121, 8.178, 3.676, 2.501, 3.824, 4.15, 5.854, 5.607, 1.809, 2.773, 3.277, 2.07, 1.442, 1.753, 2.361, 2.55, 2.738, 2.894, 2.466, 2.1, 2.964, 2.97], [2.523, 2.547, 2.772, 2.412, 3.897, 5.652, 5.233, 3.721, 3.548, 2.857, 2.922, 2.785, 1.959, 1.857, 1.687, 1.426, 0.0, 1.791, 3.507, 5.292, 4.653, 3.519, 3.236, 2.275, 2.644, 3.517, 3.395, 3.71, 3.795, 3.611, 3.045, 3.07, 3.321, 4.86, 5.533, 6.146, 7.153, 8.224, 8.785, 9.084, 7.664, 6.271, 6.713, 7.45, 6.476, 4.846, 3.848, 2.758, 3.403, 3.592, 3.248, 4.216, 6.619, 6.294, 5.95, 7.634, 8.851, 8.171, 7.132, 5.89, 4.45, 1.883, 1.908, 2.649, 2.137, 1.942, 2.218, 2.299, 2.369, 3.042, 3.024, 3.066, 3.321, 3.29, 2.622, 3.365, 4.669, 5.634, 5.877, 5.534, 6.953, 8.25, 7.684, 6.978, 7.288, 7.379, 7.869, 8.191, 8.802, 8.137, 7.504, 7.771, 10.459, 12.662, 12.127, 9.984, 8.719, 8.568, 8.718, 8.533, 7.362, 6.14, 6.496, 7.166, 7.048, 6.788, 6.441, 7.202, 6.996, 7.563, 8.815, 8.336, 8.226, 7.487, 5.934, 4.949, 4.897, 3.731, 2.196, 7.234, 7.622, 8.677, 10.257, 9.529, 8.913, 8.973, 4.282, 3.271, 4.681, 4.906, 6.743, 6.295, 2.579, 2.387, 3.223, 1.877, 1.819, 1.728, 2.219, 2.319, 2.572, 2.619, 2.61, 2.178, 2.426, 2.401], [2.345, 2.749, 2.704, 3.15, 5.224, 6.623, 6.025, 4.327, 3.878, 3.062, 3.131, 3.087, 1.593, 1.78, 1.91, 1.854, 1.791, 0.0, 2.531, 4.427, 3.969, 3.421, 2.536, 1.88, 1.744, 2.539, 2.266, 2.875, 3.609, 3.249, 2.367, 3.088, 4.736, 6.286, 6.956, 7.562, 8.562, 9.68, 10.187, 10.484, 9.142, 7.727, 8.062, 8.915, 7.945, 6.262, 5.378, 3.823, 3.234, 2.803, 2.383, 3.103, 5.719, 5.508, 5.198, 6.871, 8.136, 7.281, 6.254, 5.081, 3.629, 1.947, 3.088, 3.933, 3.244, 3.127, 2.659, 3.304, 3.772, 4.227, 4.291, 4.342, 4.684, 4.017, 2.868, 3.79, 5.672, 6.41, 6.633, 6.305, 7.68, 9.114, 8.603, 7.721, 8.054, 8.242, 8.635, 9.088, 9.739, 9.206, 8.834, 9.2, 11.59, 13.776, 13.261, 11.2, 10.02, 9.553, 9.636, 9.502, 8.409, 7.435, 7.609, 8.19, 7.947, 7.859, 7.471, 8.555, 8.442, 8.749, 10.068, 9.75, 9.636, 8.93, 7.355, 6.236, 6.24, 4.977, 1.681, 6.456, 6.914, 7.948, 9.295, 8.764, 8.203, 8.263, 3.592, 3.287, 4.865, 5.191, 6.301, 5.585, 2.025, 3.497, 4.473, 3.247, 2.567, 2.777, 2.683, 2.565, 2.486, 3.266, 3.007, 2.972, 3.611, 3.64], [3.047, 4.452, 4.006, 4.697, 6.86, 8.642, 8.168, 5.638, 4.511, 4.849, 4.886, 4.259, 3.173, 2.735, 2.627, 2.78, 3.507, 2.531, 0.0, 2.489, 2.189, 1.875, 1.722, 2.031, 2.024, 2.093, 1.838, 1.202, 1.553, 1.667, 1.72, 3.425, 5.383, 7.717, 8.175, 8.616, 9.881, 11.018, 11.381, 11.484, 9.983, 8.721, 9.886, 10.499, 9.451, 7.877, 6.776, 4.98, 2.966, 2.232, 2.505, 1.657, 3.434, 3.322, 2.873, 4.578, 5.816, 4.926, 3.852, 2.795, 2.321, 2.554, 4.046, 4.925, 4.185, 3.966, 3.41, 4.09, 4.794, 5.251, 5.51, 5.65, 6.127, 6.195, 4.86, 5.756, 7.65, 8.566, 8.8, 8.618, 10.105, 11.34, 10.786, 10.005, 10.271, 10.523, 11.07, 11.277, 11.804, 10.975, 10.158, 10.756, 13.747, 15.957, 15.352, 13.285, 11.479, 11.119, 11.399, 11.139, 9.646, 8.441, 8.739, 9.756, 10.046, 9.735, 9.458, 9.897, 9.842, 10.809, 11.882, 11.44, 11.402, 10.496, 8.714, 7.79, 7.808, 6.741, 2.034, 4.066, 4.543, 5.65, 7.059, 6.428, 5.811, 5.868, 2.565, 3.418, 4.886, 5.103, 5.598, 4.057, 2.337, 5.021, 5.637, 4.477, 3.576, 3.886, 4.078, 3.921, 3.604, 4.893, 4.422, 4.193, 5.289, 5.344], [4.474, 6.096, 5.679, 6.426, 8.562, 10.342, 10.027, 7.045, 5.633, 6.516, 6.605, 5.999, 5.061, 4.42, 4.053, 4.413, 5.292, 4.427, 2.489, 0.0, 1.459, 2.338, 2.38, 3.383, 3.746, 3.883, 3.523, 2.45, 2.437, 2.457, 2.525, 3.406, 6.184, 9.196, 9.545, 9.774, 11.175, 12.436, 11.93, 11.711, 10.355, 9.95, 11.577, 12.171, 10.942, 9.416, 8.201, 6.47, 4.488, 3.851, 4.276, 2.901, 3.077, 3.017, 2.849, 3.28, 4.499, 4.04, 2.87, 1.923, 2.167, 3.932, 5.464, 6.074, 5.124, 4.769, 4.142, 4.761, 6.157, 6.708, 7.12, 7.27, 7.819, 8.018, 6.681, 7.523, 9.385, 10.335, 10.567, 10.486, 11.994, 13.324, 12.626, 11.916, 12.114, 12.395, 12.887, 13.161, 13.677, 12.782, 11.67, 12.331, 15.557, 17.775, 17.125, 15.14, 13.023, 12.82, 13.2, 12.754, 10.805, 9.251, 9.907, 11.518, 11.874, 11.529, 11.263, 11.502, 11.488, 12.483, 13.501, 13.102, 13.136, 12.177, 10.314, 9.35, 9.278, 8.362, 3.587, 2.953, 2.855, 3.82, 5.622, 5.204, 4.272, 4.225, 2.786, 3.588, 3.998, 4.143, 4.039, 2.54, 3.015, 6.663, 6.913, 5.863, 4.746, 5.054, 5.807, 5.629, 5.485, 6.732, 6.287, 5.714, 7.024, 7.132], [3.875, 5.506, 5.133, 5.922, 8.044, 9.831, 9.523, 6.489, 4.687, 5.967, 6.05, 5.414, 4.581, 3.933, 3.38, 3.816, 4.653, 3.969, 2.189, 1.459, 0.0, 1.704, 1.814, 2.702, 3.09, 3.195, 2.987, 2.029, 2.016, 1.66, 1.95, 2.678, 5.472, 8.54, 8.885, 9.101, 10.417, 11.765, 11.019, 10.766, 9.432, 9.287, 10.943, 11.513, 10.334, 8.824, 7.484, 5.769, 3.704, 3.54, 3.738, 2.642, 3.666, 3.485, 2.824, 3.657, 4.954, 4.681, 3.767, 2.539, 2.107, 3.324, 4.939, 5.471, 4.523, 4.144, 3.583, 3.985, 5.394, 6.005, 6.412, 6.581, 7.223, 7.526, 6.173, 6.987, 8.856, 9.792, 10.084, 10.006, 11.526, 12.769, 12.071, 11.435, 11.671, 11.914, 12.419, 12.667, 13.213, 12.386, 11.166, 11.671, 14.925, 17.211, 16.502, 14.495, 12.489, 12.339, 12.732, 12.283, 10.314, 8.671, 9.426, 11.022, 11.403, 11.122, 10.757, 10.88, 10.762, 11.861, 12.893, 12.386, 12.478, 11.512, 9.707, 8.867, 8.73, 7.853, 3.031, 3.478, 3.309, 4.286, 6.518, 5.969, 4.862, 4.826, 2.753, 3.658, 4.25, 4.377, 4.441, 3.332, 2.505, 6.194, 6.355, 5.115, 4.161, 4.52, 5.327, 5.158, 4.898, 6.133, 5.711, 5.203, 6.489, 6.575], [2.511, 4.058, 3.656, 4.437, 6.553, 8.332, 8.023, 5.02, 3.684, 4.458, 4.562, 3.964, 3.09, 2.592, 2.521, 2.923, 3.519, 3.421, 1.875, 2.338, 1.704, 0.0, 1.615, 2.123, 2.463, 2.662, 2.41, 1.637, 1.055, 1.272, 1.645, 2.805, 4.475, 7.211, 7.567, 7.774, 9.208, 10.379, 10.317, 10.303, 8.835, 7.879, 9.478, 10.086, 8.915, 7.353, 6.158, 4.333, 2.46, 2.474, 2.573, 2.521, 4.034, 3.882, 3.272, 4.678, 5.905, 5.275, 4.257, 3.059, 2.392, 2.849, 3.713, 4.402, 3.713, 2.891, 3.023, 2.98, 4.175, 4.609, 4.991, 5.164, 5.737, 6.026, 4.676, 5.489, 7.369, 8.302, 8.584, 8.506, 10.027, 11.279, 10.575, 9.935, 10.178, 10.414, 10.92, 11.171, 11.72, 10.892, 9.729, 10.264, 13.465, 15.74, 15.047, 13.048, 10.995, 10.839, 11.233, 10.793, 8.948, 7.442, 8.098, 9.533, 9.909, 9.633, 9.279, 9.392, 9.41, 10.395, 11.408, 11.006, 11.029, 10.091, 8.231, 7.395, 7.331, 6.353, 2.067, 4.216, 4.632, 5.747, 7.266, 6.622, 6.078, 6.021, 2.993, 3.646, 4.763, 4.946, 5.45, 4.184, 2.615, 4.719, 5.048, 3.921, 3.3, 3.151, 3.827, 3.663, 3.453, 4.677, 4.243, 3.732, 5.014, 5.09], [2.794, 4.147, 3.714, 4.394, 6.482, 8.314, 7.936, 5.449, 4.456, 4.515, 4.632, 4.201, 3.084, 2.454, 2.235, 2.454, 3.236, 2.536, 1.722, 2.38, 1.814, 1.615, 0.0, 1.765, 2.02, 2.505, 2.232, 1.558, 1.901, 1.684, 1.554, 2.724, 4.616, 7.38, 7.889, 8.159, 9.494, 10.703, 10.709, 10.63, 9.337, 8.203, 9.467, 10.172, 9.046, 7.425, 6.378, 4.528, 3.174, 3.117, 3.043, 2.472, 3.726, 3.633, 3.322, 4.738, 5.923, 5.051, 4.033, 2.876, 1.642, 2.112, 3.595, 4.473, 3.571, 3.133, 2.762, 3.254, 4.306, 4.811, 5.076, 5.35, 5.791, 5.916, 4.628, 5.399, 7.268, 8.224, 8.502, 8.395, 9.932, 11.161, 10.461, 9.828, 10.173, 10.309, 10.848, 11.083, 11.715, 10.887, 9.98, 10.439, 13.417, 15.649, 14.99, 12.995, 11.054, 10.741, 11.155, 10.747, 9.063, 7.77, 8.213, 9.448, 9.834, 9.626, 9.174, 9.491, 9.482, 10.46, 11.538, 11.106, 11.014, 10.12, 8.385, 7.502, 7.436, 6.365, 1.848, 4.181, 4.645, 5.753, 7.192, 6.537, 6.036, 6.038, 2.108, 2.359, 3.822, 3.995, 4.627, 3.837, 1.808, 4.811, 5.371, 4.006, 3.028, 3.185, 3.871, 3.712, 3.572, 4.635, 4.198, 3.729, 5.024, 5.089], [2.222, 3.327, 3.091, 3.625, 5.683, 7.304, 6.971, 4.396, 3.549, 3.596, 3.742, 3.547, 2.156, 2.121, 1.889, 2.022, 2.275, 1.88, 2.031, 3.383, 2.702, 2.123, 1.765, 0.0, 1.56, 2.266, 2.165, 2.389, 2.431, 2.306, 1.716, 2.79, 4.412, 6.522, 7.268, 7.724, 8.844, 9.915, 10.429, 10.626, 9.144, 7.732, 8.465, 9.241, 8.065, 6.44, 5.395, 3.703, 2.37, 2.719, 2.406, 2.748, 4.724, 4.389, 3.997, 5.727, 6.948, 6.21, 5.153, 3.944, 2.565, 1.699, 3.105, 3.983, 3.461, 3.141, 2.853, 3.127, 3.656, 4.012, 4.245, 4.421, 5.003, 4.95, 3.667, 4.434, 6.268, 7.227, 7.544, 7.43, 8.969, 10.193, 9.495, 8.859, 9.185, 9.338, 9.856, 10.097, 10.749, 10.134, 9.343, 9.462, 12.343, 14.644, 13.956, 11.973, 10.667, 10.356, 10.75, 10.543, 9.126, 7.683, 8.134, 9.067, 9.07, 8.777, 8.259, 8.956, 8.647, 9.336, 10.505, 10.071, 10.103, 9.303, 7.723, 6.716, 6.605, 5.383, 1.686, 5.242, 5.675, 6.789, 8.333, 7.615, 7.095, 7.087, 2.771, 3.049, 4.412, 4.784, 5.703, 4.866, 1.998, 4.305, 4.895, 3.522, 2.902, 3.19, 3.451, 3.063, 2.672, 3.863, 3.593, 3.433, 4.289, 4.409], [2.304, 3.01, 2.825, 3.439, 5.56, 7.112, 6.596, 4.059, 3.615, 3.29, 3.291, 3.166, 1.932, 2.313, 2.625, 2.373, 2.644, 1.744, 2.024, 3.746, 3.09, 2.463, 2.02, 1.56, 0.0, 1.244, 1.546, 2.039, 2.686, 2.382, 2.114, 3.596, 5.297, 6.764, 7.54, 8.157, 9.113, 10.056, 10.806, 11.221, 9.789, 7.989, 8.459, 9.316, 8.172, 6.576, 5.482, 3.717, 2.054, 2.124, 1.615, 2.545, 4.896, 4.705, 4.344, 6.095, 7.333, 6.408, 5.365, 4.282, 3.14, 2.267, 3.915, 4.786, 4.046, 3.686, 3.435, 3.722, 3.918, 4.394, 4.418, 4.577, 5.043, 4.595, 3.259, 4.124, 6.009, 6.929, 7.15, 7.055, 8.601, 9.819, 9.158, 8.484, 8.783, 8.97, 9.505, 9.753, 10.401, 9.977, 9.419, 9.653, 12.108, 14.401, 13.931, 11.837, 10.801, 10.603, 10.78, 10.613, 9.48, 8.357, 8.648, 9.349, 9.14, 8.78, 8.251, 9.175, 9.181, 9.401, 10.543, 10.277, 10.204, 9.482, 7.919, 6.722, 6.604, 5.408, 1.722, 5.583, 6.059, 7.167, 8.576, 7.943, 7.391, 7.395, 3.305, 3.666, 5.226, 5.591, 6.442, 5.434, 2.618, 4.369, 5.207, 4.168, 3.552, 3.549, 3.636, 3.084, 2.569, 3.82, 3.772, 3.862, 4.332, 4.448], [3.149, 3.669, 3.485, 4.103, 6.287, 7.854, 7.019, 4.845, 4.421, 4.001, 3.779, 3.619, 2.543, 3.233, 3.583, 3.459, 3.517, 2.539, 2.093, 3.883, 3.195, 2.662, 2.505, 2.266, 1.244, 0.0, 0.931, 1.958, 2.654, 2.427, 2.899, 4.599, 6.325, 7.673, 8.499, 9.116, 9.924, 10.876, 11.724, 12.152, 10.764, 8.815, 9.243, 10.106, 8.963, 7.378, 6.302, 4.516, 1.861, 1.545, 1.182, 2.145, 4.58, 4.387, 4.028, 5.778, 7.015, 6.092, 5.102, 4.139, 3.349, 3.199, 4.848, 5.75, 5.05, 4.682, 4.448, 4.66, 4.751, 5.336, 5.214, 5.414, 5.872, 5.044, 3.612, 4.739, 6.67, 7.34, 7.39, 7.334, 9.094, 10.146, 9.491, 8.778, 9.119, 9.474, 9.939, 10.315, 11.06, 10.635, 10.237, 10.445, 12.66, 15.04, 14.617, 12.484, 11.576, 11.425, 11.414, 11.151, 10.301, 9.329, 9.57, 10.135, 9.729, 9.513, 9.081, 10.051, 10.103, 10.097, 11.317, 11.104, 10.92, 10.283, 8.661, 7.531, 7.393, 6.145, 2.527, 5.295, 5.75, 6.85, 8.259, 7.626, 7.104, 7.098, 3.492, 4.409, 5.923, 6.276, 6.841, 5.537, 3.565, 5.187, 6.152, 5.126, 4.543, 4.451, 4.403, 3.869, 3.368, 4.466, 4.658, 4.74, 5.114, 5.163], [3.144, 3.762, 3.72, 4.326, 6.561, 8.094, 7.263, 5.22, 4.64, 4.163, 4.11, 3.908, 2.694, 3.2, 3.485, 3.343, 3.395, 2.266, 1.838, 3.523, 2.987, 2.41, 2.232, 2.165, 1.546, 0.931, 0.0, 1.809, 2.477, 2.397, 2.842, 4.508, 6.225, 7.94, 8.691, 9.243, 10.237, 11.302, 11.895, 12.225, 10.77, 9.046, 9.66, 10.495, 9.324, 7.69, 6.743, 4.975, 2.394, 1.598, 1.45, 1.701, 4.287, 4.075, 3.766, 5.438, 6.703, 5.848, 4.824, 3.719, 3.009, 3.096, 4.672, 5.558, 4.929, 4.643, 4.307, 4.66, 5.054, 5.516, 5.631, 5.807, 6.254, 5.354, 3.885, 5.06, 7.011, 7.532, 7.637, 7.532, 9.328, 10.568, 9.889, 9.123, 9.415, 9.795, 10.155, 10.667, 11.41, 10.906, 10.545, 10.855, 13.109, 15.409, 14.977, 12.866, 11.776, 11.314, 11.358, 11.128, 10.173, 9.211, 9.4, 9.943, 9.577, 9.484, 9.215, 10.317, 10.195, 10.443, 11.73, 11.443, 11.321, 10.584, 8.94, 7.784, 7.751, 6.397, 2.469, 5.027, 5.481, 6.515, 7.862, 7.331, 6.888, 6.853, 3.229, 4.246, 5.797, 6.016, 6.52, 5.156, 3.388, 5.269, 6.222, 5.016, 4.418, 4.438, 4.358, 4.069, 3.713, 4.855, 4.733, 4.724, 5.33, 5.371], [2.986, 4.287, 3.917, 4.612, 6.832, 8.62, 8.124, 5.605, 4.586, 4.679, 4.766, 4.21, 3.127, 2.841, 2.909, 3.04, 3.71, 2.875, 1.202, 2.45, 2.029, 1.637, 1.558, 2.389, 2.039, 1.958, 1.809, 0.0, 1.379, 1.174, 1.871, 3.298, 5.304, 7.825, 8.297, 8.547, 9.858, 11.087, 10.976, 11.044, 9.69, 8.536, 9.882, 10.592, 9.441, 7.855, 6.845, 4.972, 2.774, 2.207, 2.344, 1.852, 3.649, 3.578, 3.162, 4.492, 5.722, 4.9, 3.971, 2.85, 2.49, 2.748, 4.317, 5.011, 4.006, 3.624, 3.137, 3.678, 4.775, 5.295, 5.533, 5.785, 6.215, 6.108, 4.761, 5.683, 7.541, 8.457, 8.693, 8.56, 10.108, 11.432, 10.767, 10.011, 10.357, 10.487, 11.023, 11.321, 11.927, 11.071, 10.319, 10.89, 13.796, 15.99, 15.385, 13.318, 11.325, 11.028, 11.33, 10.889, 9.35, 8.172, 8.562, 9.713, 10.08, 9.922, 9.449, 9.925, 10.026, 10.865, 11.963, 11.557, 11.41, 10.536, 8.772, 7.796, 7.805, 6.728, 2.07, 4.106, 4.44, 5.528, 6.925, 6.385, 5.821, 5.852, 2.876, 3.478, 4.888, 5.127, 5.655, 4.161, 2.582, 5.052, 5.705, 4.565, 3.66, 3.545, 4.015, 3.9, 3.723, 4.946, 4.596, 4.145, 5.288, 5.362], [2.934, 4.499, 4.07, 4.824, 6.86, 8.659, 8.388, 5.452, 4.098, 4.952, 5.038, 4.436, 3.399, 3.052, 2.786, 3.196, 3.795, 3.609, 1.553, 2.437, 2.016, 1.055, 1.901, 2.431, 2.686, 2.654, 2.477, 1.379, 0.0, 1.22, 1.913, 3.239, 4.986, 7.56, 7.892, 8.111, 9.482, 10.73, 10.576, 10.579, 9.169, 8.254, 9.806, 10.379, 9.261, 7.744, 6.497, 4.741, 2.613, 2.555, 2.927, 2.268, 3.691, 3.538, 2.888, 4.301, 5.542, 4.972, 3.991, 2.707, 2.736, 3.172, 4.252, 4.879, 4.137, 3.487, 3.45, 3.41, 4.659, 5.08, 5.398, 5.509, 6.042, 6.42, 5.104, 5.94, 7.816, 8.767, 8.989, 8.871, 10.346, 11.579, 10.965, 10.258, 10.558, 10.713, 11.247, 11.474, 12.086, 11.259, 9.983, 10.646, 13.756, 16.03, 15.338, 13.339, 11.3, 11.158, 11.542, 11.103, 9.273, 7.828, 8.417, 9.88, 10.23, 10.012, 9.58, 9.692, 9.674, 10.691, 11.725, 11.279, 11.342, 10.39, 8.565, 7.723, 7.644, 6.716, 2.339, 3.855, 4.323, 5.373, 6.955, 6.349, 5.531, 5.577, 3.098, 3.88, 4.93, 5.161, 5.687, 4.113, 2.669, 5.009, 5.325, 4.235, 3.643, 3.525, 4.156, 3.967, 3.738, 4.969, 4.578, 4.043, 5.31, 5.394], [2.856, 4.431, 4.023, 4.827, 6.897, 8.693, 8.429, 5.547, 4.092, 4.981, 5.055, 4.456, 3.467, 2.874, 2.498, 2.833, 3.611, 3.249, 1.667, 2.457, 1.66, 1.272, 1.684, 2.306, 2.382, 2.427, 2.397, 1.174, 1.22, 0.0, 1.523, 2.723, 4.784, 7.551, 7.952, 8.175, 9.577, 10.818, 10.519, 10.392, 9.134, 8.301, 9.855, 10.433, 9.38, 7.828, 6.634, 4.778, 2.678, 2.741, 2.779, 2.501, 3.991, 3.825, 3.275, 4.464, 5.641, 5.052, 4.134, 3.036, 2.555, 2.916, 4.257, 4.768, 3.798, 3.312, 2.928, 3.253, 4.549, 5.075, 5.377, 5.525, 6.106, 6.488, 5.164, 6.008, 7.885, 8.835, 9.06, 8.939, 10.354, 11.611, 11.028, 10.327, 10.635, 10.745, 11.266, 11.492, 12.137, 11.313, 10.131, 10.659, 13.756, 16.011, 15.303, 13.316, 11.363, 11.227, 11.557, 11.108, 9.224, 7.758, 8.45, 9.858, 10.256, 10.022, 9.586, 9.733, 9.652, 10.737, 11.814, 11.248, 11.301, 10.403, 8.619, 7.818, 7.783, 6.793, 2.117, 4.082, 4.349, 5.461, 7.063, 6.395, 5.476, 5.623, 2.956, 3.472, 4.511, 4.81, 5.339, 4.112, 2.422, 5.049, 5.408, 4.202, 3.402, 3.449, 4.242, 4.035, 3.714, 4.887, 4.554, 4.049, 5.304, 5.396], [2.305, 3.888, 3.477, 4.211, 6.279, 8.069, 7.795, 4.977, 3.659, 4.372, 4.445, 3.902, 2.813, 2.219, 1.766, 2.23, 3.045, 2.367, 1.72, 2.525, 1.95, 1.645, 1.554, 1.716, 2.114, 2.899, 2.842, 1.871, 1.913, 1.523, 0.0, 1.967, 4.22, 7.061, 7.385, 7.608, 8.886, 10.22, 10.056, 10.081, 8.682, 7.74, 9.232, 9.856, 8.76, 7.241, 5.985, 4.234, 3.067, 3.239, 2.882, 3.023, 4.228, 4.122, 3.466, 4.929, 6.166, 5.526, 4.52, 3.296, 2.359, 2.129, 3.346, 3.921, 3.077, 2.835, 2.259, 2.698, 4.005, 4.604, 4.884, 5.02, 5.517, 5.816, 4.485, 5.351, 7.219, 8.196, 8.432, 8.261, 9.716, 10.937, 10.35, 9.658, 9.985, 10.081, 10.627, 10.891, 11.499, 10.685, 9.439, 10.118, 13.15, 15.386, 14.694, 12.717, 10.729, 10.545, 10.918, 10.508, 8.629, 7.166, 7.698, 9.207, 9.611, 9.409, 8.949, 9.173, 9.151, 10.116, 11.159, 10.756, 10.74, 9.846, 7.97, 7.117, 7.048, 6.151, 1.68, 4.47, 4.871, 5.978, 7.486, 6.93, 6.108, 6.161, 2.788, 2.809, 3.967, 4.365, 5.145, 4.197, 1.442, 4.375, 4.707, 3.513, 2.555, 2.848, 3.547, 3.394, 3.185, 4.352, 3.972, 3.422, 4.707, 4.809], [2.565, 3.684, 3.496, 3.9, 5.98, 7.732, 7.413, 4.777, 3.145, 4.131, 4.174, 3.662, 3.145, 2.453, 1.943, 2.619, 3.07, 3.088, 3.425, 3.406, 2.678, 2.805, 2.724, 2.79, 3.596, 4.599, 4.508, 3.298, 3.239, 2.723, 1.967, 0.0, 3.268, 6.292, 6.798, 6.884, 8.263, 9.674, 8.816, 8.572, 7.338, 7.218, 8.805, 9.287, 8.229, 6.736, 5.329, 3.817, 4.226, 4.675, 4.292, 4.801, 5.697, 5.523, 4.99, 5.795, 6.966, 6.762, 5.795, 4.485, 3.54, 2.612, 2.978, 3.429, 2.669, 2.532, 2.028, 1.976, 3.262, 3.986, 4.22, 4.423, 5.096, 5.425, 4.212, 4.947, 6.807, 7.786, 8.047, 7.88, 9.381, 10.612, 9.965, 9.299, 9.613, 9.757, 10.29, 10.511, 11.143, 10.316, 9.03, 9.558, 12.747, 15.034, 14.328, 12.288, 10.341, 10.199, 10.587, 10.138, 8.183, 6.541, 7.287, 8.877, 9.268, 9.052, 8.612, 8.746, 8.48, 9.692, 10.735, 10.141, 10.308, 9.344, 7.543, 6.709, 6.573, 5.705, 2.515, 5.539, 5.423, 6.484, 8.607, 8.04, 6.813, 6.814, 3.997, 3.303, 3.981, 4.416, 5.558, 5.014, 1.855, 4.083, 4.267, 2.939, 2.549, 2.646, 3.257, 3.355, 3.44, 4.03, 3.73, 3.087, 4.344, 4.433], [3.49, 3.51, 3.696, 2.95, 3.171, 4.845, 4.653, 3.202, 3.384, 3.3, 3.413, 3.89, 4.251, 3.416, 3.166, 3.353, 3.321, 4.736, 5.383, 6.184, 5.472, 4.475, 4.616, 4.412, 5.297, 6.325, 6.225, 5.304, 4.986, 4.784, 4.22, 3.268, 0.0, 3.207, 3.857, 4.017, 5.628, 6.816, 6.545, 6.482, 5.139, 4.487, 5.932, 6.428, 5.364, 3.861, 2.738, 2.846, 5.656, 6.38, 6.027, 6.61, 8.022, 7.853, 7.238, 8.667, 9.82, 9.335, 8.287, 7.067, 5.682, 3.729, 2.479, 1.793, 2.406, 2.248, 2.631, 2.153, 1.835, 1.8, 2.509, 2.621, 2.898, 3.98, 4.092, 4.189, 4.453, 5.011, 5.218, 5.179, 6.495, 7.733, 7.092, 6.429, 6.683, 6.878, 7.408, 7.62, 8.209, 7.384, 6.263, 6.599, 9.869, 12.152, 11.442, 9.4, 7.493, 7.327, 7.706, 7.287, 5.49, 4.112, 4.881, 6.01, 6.391, 6.092, 5.797, 5.883, 5.629, 6.814, 7.88, 7.272, 7.43, 6.471, 4.735, 3.852, 3.764, 3.075, 3.936, 8.219, 8.543, 9.671, 11.35, 10.668, 9.714, 9.83, 5.926, 4.574, 5.535, 5.782, 7.75, 7.538, 3.966, 2.539, 1.939, 2.277, 2.741, 2.702, 3.099, 3.707, 3.886, 3.485, 3.241, 2.826, 3.2, 3.119], [5.198, 4.434, 4.645, 4.009, 2.589, 3.052, 3.493, 3.953, 4.592, 4.087, 4.32, 4.81, 5.33, 5.19, 5.565, 5.187, 4.86, 6.286, 7.717, 9.196, 8.54, 7.211, 7.38, 6.522, 6.764, 7.673, 7.94, 7.825, 7.56, 7.551, 7.061, 6.292, 3.207, 0.0, 1.433, 1.896, 3.194, 4.204, 4.546, 5.007, 3.807, 2.688, 3.097, 3.683, 2.847, 1.916, 2.796, 3.873, 6.67, 7.731, 7.433, 8.587, 10.848, 10.521, 10.036, 11.747, 12.925, 12.367, 11.309, 10.099, 8.566, 5.789, 4.232, 3.567, 4.441, 4.625, 5.399, 4.701, 3.34, 2.819, 3.25, 3.087, 2.963, 4.08, 4.985, 4.883, 4.371, 3.869, 4.41, 4.306, 3.659, 4.871, 4.698, 4.643, 4.334, 4.373, 4.555, 4.699, 5.253, 4.39, 3.603, 3.722, 6.962, 9.232, 8.547, 6.493, 4.988, 5.021, 5.204, 5.075, 4.33, 4.366, 4.64, 4.479, 4.272, 3.92, 3.809, 4.176, 3.932, 4.378, 5.077, 4.449, 4.559, 3.732, 2.827, 2.246, 2.301, 2.155, 6.188, 11.321, 11.584, 12.739, 14.474, 13.748, 12.742, 12.849, 8.39, 6.959, 7.774, 8.101, 10.372, 10.333, 6.666, 3.287, 2.733, 3.781, 4.845, 4.574, 4.156, 4.458, 4.581, 3.996, 3.968, 4.131, 3.6, 3.409], [5.711, 5.269, 5.406, 4.862, 3.434, 3.786, 4.347, 4.776, 5.327, 4.881, 5.152, 5.7, 6.155, 5.707, 6.025, 5.734, 5.533, 6.956, 8.175, 9.545, 8.885, 7.567, 7.889, 7.268, 7.54, 8.499, 8.691, 8.297, 7.892, 7.952, 7.385, 6.798, 3.857, 1.433, 0.0, 1.206, 2.232, 3.336, 3.689, 4.252, 3.44, 2.47, 2.678, 3.215, 2.643, 2.721, 3.515, 4.631, 7.649, 8.539, 8.243, 9.317, 11.306, 11.039, 10.4, 12.084, 13.318, 12.774, 11.701, 10.465, 8.991, 6.367, 4.71, 3.829, 4.824, 4.983, 5.793, 5.13, 4.053, 3.681, 4.171, 3.899, 3.51, 4.863, 5.911, 5.763, 5.221, 4.771, 5.298, 5.036, 3.605, 4.677, 4.685, 4.731, 4.156, 4.174, 4.174, 4.11, 4.665, 4.019, 2.988, 3.169, 6.347, 8.625, 7.903, 5.915, 4.04, 4.109, 4.321, 4.24, 3.473, 3.689, 3.927, 3.845, 3.719, 3.57, 3.51, 3.793, 3.559, 3.973, 4.486, 4.002, 4.135, 3.396, 2.471, 2.239, 2.553, 2.847, 6.625, 11.655, 12.034, 13.141, 14.824, 14.149, 13.224, 13.338, 9.107, 7.374, 8.05, 8.331, 10.676, 10.669, 6.975, 3.725, 3.066, 4.185, 5.185, 4.936, 4.621, 5.205, 5.453, 4.829, 4.517, 4.511, 4.095, 3.978], [6.317, 5.928, 6.057, 5.498, 3.988, 4.324, 4.839, 5.357, 5.723, 5.503, 5.803, 6.329, 6.779, 6.271, 6.353, 6.25, 6.146, 7.562, 8.616, 9.774, 9.101, 7.774, 8.159, 7.724, 8.157, 9.116, 9.243, 8.547, 8.111, 8.175, 7.608, 6.884, 4.017, 1.896, 1.206, 0.0, 2.11, 3.109, 3.286, 3.803, 3.042, 2.512, 2.805, 3.212, 2.663, 3.082, 4.015, 5.214, 8.212, 9.149, 8.865, 9.781, 11.586, 11.332, 10.668, 12.311, 13.476, 12.999, 11.935, 10.662, 9.21, 6.771, 5.081, 4.123, 5.033, 5.201, 6.016, 5.305, 4.538, 4.137, 4.602, 4.396, 4.075, 5.47, 6.54, 6.366, 5.745, 5.211, 5.823, 5.524, 3.774, 4.589, 4.37, 4.724, 3.765, 3.825, 3.949, 4.038, 4.714, 4.136, 3.066, 3.116, 6.158, 8.42, 7.739, 5.694, 3.793, 3.691, 4.049, 3.755, 2.834, 3.004, 3.259, 3.403, 3.419, 3.183, 3.271, 3.493, 3.026, 3.744, 4.192, 3.715, 3.821, 2.984, 2.212, 2.268, 2.669, 3.413, 6.99, 11.89, 12.175, 13.31, 15.018, 14.334, 13.315, 13.466, 9.324, 7.704, 8.242, 8.572, 10.89, 10.914, 7.229, 4.423, 3.521, 4.513, 5.424, 5.168, 5.114, 5.847, 6.059, 5.427, 4.965, 4.965, 4.823, 4.698], [7.269, 6.727, 6.814, 6.245, 4.564, 4.909, 5.474, 5.894, 6.558, 6.271, 6.567, 6.986, 7.625, 7.554, 7.677, 7.546, 7.153, 8.562, 9.881, 11.175, 10.417, 9.208, 9.494, 8.844, 9.113, 9.924, 10.237, 9.858, 9.482, 9.577, 8.886, 8.263, 5.628, 3.194, 2.232, 2.11, 0.0, 1.696, 2.586, 3.169, 2.917, 1.928, 2.363, 2.281, 2.315, 3.63, 4.561, 5.837, 8.958, 9.97, 9.668, 10.877, 12.889, 12.64, 11.922, 13.501, 14.711, 14.309, 13.267, 11.955, 10.566, 7.881, 6.228, 5.351, 6.294, 6.608, 7.329, 6.523, 5.482, 5.204, 5.303, 5.019, 4.717, 5.971, 7.152, 6.85, 6.286, 5.811, 6.35, 6.104, 4.235, 4.444, 4.778, 5.221, 3.83, 3.79, 3.872, 3.314, 3.518, 2.932, 2.028, 2.395, 4.679, 6.842, 6.143, 4.12, 2.434, 2.873, 3.07, 3.082, 2.834, 3.496, 3.615, 3.428, 3.078, 3.281, 3.046, 3.222, 3.095, 3.043, 3.006, 2.737, 2.926, 2.348, 2.075, 2.717, 3.165, 4.074, 8.239, 13.08, 13.425, 14.54, 16.248, 15.651, 14.742, 14.807, 10.741, 9.088, 9.618, 9.961, 12.25, 12.187, 8.412, 5.262, 4.602, 5.752, 6.669, 6.461, 6.114, 6.426, 6.818, 6.111, 6.031, 6.192, 5.376, 5.397], [8.461, 7.773, 7.802, 7.132, 5.288, 5.216, 6.004, 6.619, 7.796, 7.324, 7.402, 7.792, 8.732, 8.687, 8.948, 8.668, 8.224, 9.68, 11.018, 12.436, 11.765, 10.379, 10.703, 9.915, 10.056, 10.876, 11.302, 11.087, 10.73, 10.818, 10.22, 9.674, 6.816, 4.204, 3.336, 3.109, 1.696, 0.0, 2.368, 2.848, 3.182, 2.752, 2.72, 2.354, 2.597, 4.389, 5.319, 6.589, 9.691, 11.03, 10.53, 12.046, 14.118, 13.847, 13.277, 14.922, 16.139, 15.541, 14.467, 13.208, 11.768, 9.107, 7.389, 6.586, 7.539, 7.778, 8.562, 7.949, 6.711, 6.284, 6.02, 5.823, 5.326, 6.662, 7.835, 7.556, 6.921, 6.347, 6.995, 6.644, 4.508, 4.293, 5.139, 5.775, 4.221, 3.803, 3.683, 3.391, 2.788, 2.024, 1.917, 2.159, 3.562, 5.565, 5.046, 2.951, 1.88, 2.759, 2.885, 3.036, 3.222, 3.993, 3.984, 3.587, 3.237, 3.23, 3.308, 3.265, 3.296, 2.894, 2.485, 2.484, 2.491, 2.127, 2.625, 3.732, 3.971, 4.962, 9.458, 14.451, 14.865, 15.973, 17.569, 16.904, 16.139, 16.207, 12.008, 10.288, 10.895, 11.15, 13.529, 13.524, 9.825, 6.417, 5.828, 7.064, 7.981, 7.69, 7.317, 7.494, 7.774, 7.105, 7.128, 7.394, 6.372, 6.275], [8.935, 8.482, 8.617, 8.082, 6.475, 6.622, 7.285, 7.832, 7.917, 8.069, 8.382, 8.854, 9.4, 8.996, 9.0, 8.972, 8.785, 10.187, 11.381, 11.93, 11.019, 10.317, 10.709, 10.429, 10.806, 11.724, 11.895, 10.976, 10.576, 10.519, 10.056, 8.816, 6.545, 4.546, 3.689, 3.286, 2.586, 2.368, 0.0, 1.094, 1.786, 3.019, 4.128, 3.705, 3.842, 5.546, 6.433, 7.714, 10.769, 11.758, 11.485, 12.476, 14.207, 14.055, 13.262, 14.34, 15.681, 15.37, 14.448, 13.077, 11.736, 9.443, 7.798, 6.684, 7.327, 7.677, 8.346, 7.497, 7.064, 6.742, 7.028, 6.841, 6.583, 7.932, 9.063, 8.825, 8.208, 7.647, 8.287, 7.93, 5.988, 5.82, 6.844, 7.339, 5.902, 5.389, 5.416, 5.24, 4.392, 3.343, 3.008, 3.469, 4.658, 6.916, 6.202, 4.184, 2.747, 3.244, 3.613, 3.539, 3.558, 4.129, 4.247, 3.81, 3.705, 4.151, 4.243, 4.169, 3.826, 3.903, 3.717, 3.43, 3.538, 3.301, 3.606, 4.591, 5.004, 5.935, 9.684, 14.142, 13.994, 15.024, 17.297, 16.749, 15.371, 15.349, 11.948, 10.215, 10.541, 10.895, 13.085, 13.003, 9.595, 6.887, 5.992, 7.075, 8.002, 7.661, 7.698, 8.347, 8.589, 7.874, 7.584, 7.602, 7.272, 7.212], [9.307, 8.906, 9.041, 8.536, 6.782, 6.86, 7.565, 8.24, 8.259, 8.491, 8.806, 9