[[0.0, 0.963, 0.989, 1.365, 1.561, 3.43, 4.033, 4.19, 4.988, 6.535, 6.828, 6.171, 7.546, 9.899, 8.456, 6.232, 5.236, 3.08, 2.84, 5.843, 6.839, 1.794, 4.698, 6.476, 5.755, 6.344, 8.068, 8.238, 9.081, 10.351, 11.176, 10.914, 10.541, 10.762, 11.621, 12.726, 13.01, 13.004, 13.16, 13.365, 13.486, 13.204, 12.092, 10.885, 11.399, 12.023, 12.155, 8.723, 6.349, 6.314, 7.029, 4.439, 4.088, 2.554, 2.753, 2.064, 1.672, 1.949, 3.231, 2.099, 6.537, 13.825, 17.276, 16.27, 13.948, 12.945, 12.243, 10.832, 9.089, 8.276, 7.993, 9.576, 10.888, 9.207, 7.086, 5.755, 6.298, 6.985, 7.446, 6.966, 6.577, 6.296, 6.097, 7.474, 8.765, 7.483, 4.139, 8.279, 8.351, 9.22, 9.443, 8.259, 8.209, 8.315, 7.488, 8.081, 7.723, 6.647, 8.821, 11.054, 9.709, 8.759, 8.256, 7.63, 7.054, 5.193, 3.464, 2.625, 2.574, 2.651, 2.793, 2.221, 2.48, 2.667, 2.773, 3.169, 4.145, 5.065, 5.977, 5.359, 4.18, 2.792, 3.203, 4.236, 3.962, 3.437, 3.086, 4.187, 5.512, 6.005, 4.894, 2.425, 2.41, 3.746, 2.686, 2.731, 3.493, 2.559, 1.984, 2.309, 3.008, 2.483, 2.17, 2.141, 2.087, 1.814, 2.761, 4.742, 5.313, 4.727, 4.398, 3.55, 2.918, 2.562, 2.881, 2.786, 2.47, 2.18, 2.506, 3.036, 4.05, 3.122, 2.221, 2.219, 3.465, 3.125, 2.106, 3.866, 4.632, 3.887, 4.207, 4.059, 4.549, 4.937, 5.468, 4.05, 3.109, 2.912, 3.186, 2.953, 3.209, 3.963, 4.533, 4.645, 5.691, 7.273, 8.719, 6.837, 4.062, 3.346, 2.501, 3.102, 3.005, 4.35, 4.644, 3.923, 3.602, 3.883, 4.419, 4.421, 4.308, 5.317, 4.968, 4.209, 4.029], [0.963, 0.0, 0.853, 0.989, 1.481, 3.415, 4.102, 4.268, 5.068, 6.481, 6.857, 6.252, 7.657, 9.994, 8.485, 6.266, 5.241, 3.061, 2.808, 5.82, 6.892, 1.963, 5.09, 6.791, 6.224, 6.863, 8.559, 8.698, 9.476, 10.6, 11.553, 11.233, 10.822, 10.838, 11.589, 12.668, 12.907, 12.897, 13.064, 13.276, 13.435, 13.107, 11.984, 10.779, 11.299, 11.922, 12.054, 8.591, 6.264, 6.293, 6.927, 4.437, 3.838, 2.288, 2.591, 1.931, 1.709, 2.269, 3.421, 2.521, 6.489, 13.726, 17.228, 16.273, 13.864, 12.834, 12.163, 10.759, 9.008, 8.501, 8.101, 9.556, 10.762, 9.284, 7.308, 5.835, 6.343, 7.043, 7.472, 6.961, 6.465, 6.262, 6.006, 7.643, 8.911, 7.816, 4.487, 8.396, 8.41, 9.279, 9.466, 8.338, 8.173, 8.28, 7.51, 8.198, 7.775, 6.625, 8.79, 11.06, 9.73, 8.841, 8.337, 7.656, 7.067, 5.107, 3.083, 2.549, 2.819, 2.75, 2.878, 2.663, 2.908, 3.088, 2.967, 3.111, 4.077, 4.985, 5.868, 5.286, 4.104, 2.679, 3.08, 4.062, 3.939, 3.325, 2.981, 4.212, 5.46, 5.995, 4.806, 2.397, 2.106, 3.796, 2.752, 2.674, 3.34, 2.24, 1.635, 2.178, 2.636, 2.436, 2.271, 2.58, 2.61, 2.268, 2.956, 4.649, 5.332, 4.928, 4.499, 3.655, 3.263, 2.85, 3.142, 2.826, 2.712, 2.389, 2.917, 3.291, 4.051, 3.266, 2.073, 2.392, 3.466, 3.057, 1.933, 3.463, 4.236, 3.57, 4.044, 4.029, 4.525, 4.861, 5.406, 4.165, 3.326, 3.033, 3.237, 2.798, 3.141, 3.623, 4.386, 4.446, 5.742, 7.164, 8.688, 6.797, 4.015, 3.22, 2.029, 2.572, 2.535, 4.021, 4.378, 3.408, 3.167, 3.625, 4.122, 3.932, 3.869, 4.852, 4.618, 3.809, 3.693], [0.989, 0.853, 0.0, 1.145, 1.195, 3.287, 3.855, 3.975, 4.857, 6.309, 6.599, 5.973, 7.37, 9.709, 8.213, 5.995, 4.987, 2.844, 2.636, 5.647, 6.718, 1.809, 5.229, 6.989, 6.312, 6.95, 8.646, 8.733, 9.478, 10.611, 11.555, 11.245, 10.874, 10.934, 11.795, 12.877, 13.165, 13.166, 13.313, 13.529, 13.665, 13.369, 12.247, 11.051, 11.547, 12.192, 12.323, 8.83, 6.321, 6.311, 6.951, 4.207, 3.563, 2.071, 2.733, 2.106, 1.63, 2.042, 3.235, 2.425, 6.702, 13.978, 17.408, 16.404, 14.035, 13.077, 12.42, 10.976, 9.305, 8.722, 8.308, 9.855, 11.115, 9.556, 7.454, 6.004, 6.552, 7.289, 7.732, 7.183, 6.806, 6.553, 6.339, 7.865, 9.146, 7.929, 4.597, 8.141, 8.137, 9.061, 9.2, 8.05, 7.966, 8.085, 7.274, 7.915, 7.507, 6.421, 8.575, 10.836, 9.458, 8.578, 8.075, 7.409, 6.829, 5.048, 2.956, 2.328, 2.631, 2.547, 2.545, 2.503, 2.874, 3.043, 2.989, 3.135, 4.068, 5.091, 6.025, 5.396, 4.226, 2.81, 3.118, 4.226, 4.111, 3.449, 3.077, 4.226, 5.559, 6.081, 4.885, 2.388, 1.978, 3.565, 2.512, 2.39, 2.985, 2.039, 1.742, 1.985, 2.453, 2.227, 2.174, 2.347, 2.321, 1.868, 2.941, 4.744, 5.515, 4.987, 4.637, 3.723, 3.144, 2.642, 2.949, 2.674, 2.791, 2.45, 2.759, 3.338, 4.139, 3.24, 2.02, 2.195, 3.369, 3.05, 1.689, 3.464, 4.037, 3.36, 3.7, 3.789, 4.456, 4.916, 5.471, 4.141, 3.051, 2.708, 2.854, 2.491, 2.814, 3.426, 3.999, 4.369, 5.599, 7.247, 8.867, 6.78, 3.929, 2.936, 1.863, 2.479, 2.491, 3.994, 4.346, 3.314, 2.977, 3.543, 4.043, 3.827, 3.815, 4.865, 4.626, 3.685, 3.595], [1.365, 0.989, 1.145, 0.0, 1.748, 3.876, 4.695, 4.853, 5.732, 6.923, 7.327, 6.853, 8.206, 10.574, 9.021, 6.806, 5.774, 3.565, 3.226, 6.342, 7.358, 2.305, 4.982, 6.847, 6.09, 6.746, 8.408, 8.494, 9.211, 10.258, 11.299, 10.948, 10.473, 10.387, 11.028, 12.051, 12.381, 12.359, 12.517, 12.745, 12.922, 12.583, 11.437, 10.237, 10.75, 11.385, 11.508, 8.023, 5.63, 5.61, 6.131, 3.956, 3.393, 2.047, 2.169, 1.216, 1.444, 2.507, 3.607, 2.257, 6.059, 13.217, 16.694, 15.807, 13.305, 12.231, 11.64, 10.216, 8.518, 7.997, 7.576, 9.083, 10.378, 8.917, 6.82, 5.352, 5.876, 6.621, 7.126, 6.365, 6.096, 5.865, 5.77, 7.273, 8.553, 7.486, 4.596, 8.959, 8.909, 9.904, 9.984, 8.88, 8.664, 8.779, 8.114, 8.765, 8.326, 7.126, 9.161, 11.439, 10.328, 9.47, 8.952, 8.143, 7.523, 5.555, 2.927, 2.305, 2.606, 2.802, 3.075, 2.607, 2.768, 2.891, 2.594, 2.492, 3.357, 4.247, 5.124, 4.517, 3.357, 2.16, 2.568, 3.486, 3.277, 2.793, 2.279, 3.645, 4.868, 5.423, 4.217, 1.77, 2.518, 4.217, 3.287, 3.056, 3.512, 2.425, 1.371, 1.716, 2.425, 2.628, 2.53, 2.406, 2.468, 2.078, 2.556, 4.084, 4.855, 4.381, 4.028, 3.227, 2.891, 2.46, 2.654, 2.518, 2.633, 2.648, 2.898, 2.867, 3.463, 2.575, 1.793, 2.116, 2.804, 2.303, 1.752, 3.81, 4.24, 3.225, 3.463, 3.4, 3.863, 4.196, 4.758, 3.627, 3.015, 2.726, 3.052, 2.721, 3.211, 3.572, 3.888, 3.86, 5.1, 6.498, 8.136, 6.244, 3.525, 2.654, 2.122, 2.737, 2.816, 4.408, 4.766, 3.574, 3.166, 3.906, 4.436, 4.069, 4.092, 5.2, 4.987, 3.8, 3.431], [1.561, 1.481, 1.195, 1.748, 0.0, 2.486, 3.117, 3.298, 4.209, 5.493, 5.772, 5.262, 6.615, 8.983, 7.469, 5.232, 4.235, 2.549, 2.087, 4.872, 5.928, 1.343, 5.257, 6.977, 6.461, 7.05, 8.807, 9.061, 9.924, 11.038, 11.998, 11.725, 11.257, 11.342, 12.44, 13.54, 13.899, 13.909, 14.058, 14.282, 14.421, 14.113, 12.997, 11.797, 12.291, 12.944, 13.071, 9.57, 6.949, 6.967, 7.58, 4.66, 4.061, 2.753, 3.311, 2.74, 1.888, 1.68, 2.88, 2.277, 7.399, 14.736, 18.164, 17.172, 14.768, 13.748, 13.177, 11.701, 9.912, 9.2, 8.866, 10.517, 11.718, 10.132, 7.78, 6.495, 7.114, 7.887, 8.332, 7.818, 7.392, 7.131, 6.903, 8.28, 9.558, 8.188, 4.132, 7.399, 7.391, 8.378, 8.44, 7.289, 7.216, 7.332, 6.607, 7.174, 6.753, 5.67, 7.682, 9.93, 8.748, 7.893, 7.384, 6.586, 6.01, 4.221, 3.433, 2.725, 2.807, 2.462, 1.881, 2.172, 2.874, 2.995, 3.293, 3.631, 4.703, 5.795, 6.673, 6.068, 4.896, 3.504, 3.78, 4.844, 4.692, 4.1, 3.697, 4.88, 6.245, 6.739, 5.49, 3.027, 1.61, 2.682, 2.008, 2.057, 2.727, 2.463, 2.117, 2.525, 3.054, 2.373, 1.965, 2.312, 2.417, 2.262, 3.317, 5.288, 5.989, 5.45, 5.084, 4.229, 3.608, 3.004, 3.124, 3.138, 2.29, 1.875, 2.266, 3.597, 4.767, 3.686, 2.295, 2.385, 3.831, 3.536, 2.053, 3.116, 4.396, 3.929, 4.208, 4.319, 4.977, 5.563, 6.138, 4.479, 3.503, 3.154, 3.334, 2.937, 3.331, 3.838, 4.532, 4.899, 6.095, 7.894, 9.595, 7.448, 4.503, 3.476, 2.077, 2.502, 2.46, 3.44, 3.717, 3.179, 3.197, 3.408, 3.556, 4.059, 3.898, 4.633, 4.458, 4.156, 4.245], [3.43, 3.415, 3.287, 3.876, 2.486, 0.0, 1.49, 1.923, 2.363, 3.313, 3.651, 3.053, 4.449, 6.799, 5.334, 3.364, 3.036, 2.829, 2.182, 2.747, 3.654, 2.253, 6.565, 7.938, 7.79, 8.377, 10.051, 10.804, 11.747, 13.085, 13.985, 13.748, 13.226, 13.586, 14.672, 15.775, 16.08, 16.079, 16.226, 16.445, 16.582, 16.286, 15.188, 13.993, 14.459, 15.108, 15.241, 11.742, 8.904, 9.063, 9.608, 6.51, 5.13, 4.211, 5.366, 4.857, 3.878, 2.806, 3.118, 3.678, 9.547, 16.909, 20.359, 19.375, 17.035, 15.977, 15.345, 13.889, 12.092, 11.094, 10.898, 12.591, 13.908, 12.164, 9.699, 8.611, 9.321, 9.911, 10.516, 10.034, 9.626, 9.319, 9.143, 10.046, 11.458, 9.766, 4.971, 5.227, 5.259, 6.152, 6.261, 5.098, 5.033, 5.153, 4.403, 5.005, 4.599, 3.469, 5.568, 7.803, 6.541, 5.674, 5.16, 4.444, 3.878, 2.452, 4.228, 4.158, 3.978, 3.274, 2.423, 3.257, 4.207, 4.111, 4.986, 5.569, 6.663, 7.82, 8.775, 8.191, 6.954, 5.521, 6.01, 7.068, 6.901, 6.307, 5.854, 6.948, 8.447, 8.974, 7.776, 5.054, 2.418, 1.758, 2.637, 2.355, 2.811, 3.527, 3.841, 4.219, 4.132, 3.425, 2.643, 3.764, 3.876, 3.966, 5.28, 7.585, 8.224, 7.462, 7.123, 6.328, 5.491, 4.898, 4.714, 4.777, 3.259, 2.805, 2.923, 5.286, 6.828, 5.532, 4.048, 4.022, 5.709, 5.512, 3.647, 3.292, 4.623, 4.956, 5.675, 6.121, 6.943, 7.652, 8.217, 6.315, 5.412, 4.81, 5.047, 4.132, 3.958, 4.68, 6.056, 6.818, 7.719, 9.828, 11.681, 9.491, 6.454, 5.024, 3.43, 2.973, 2.802, 2.512, 2.563, 3.16, 3.386, 3.528, 3.288, 4.154, 4.143, 4.549, 4.466, 4.643, 5.513], [4.033, 4.102, 3.855, 4.695, 3.117, 1.49, 0.0, 1.03, 1.5, 2.563, 2.821, 2.312, 3.632, 5.947, 4.48, 2.609, 2.274, 2.689, 2.081, 2.337, 3.619, 2.614, 6.717, 7.983, 7.913, 8.256, 9.901, 10.812, 12.041, 13.547, 14.222, 14.128, 13.896, 14.291, 15.469, 16.622, 16.926, 16.936, 17.087, 17.3, 17.423, 17.13, 16.015, 14.818, 15.327, 15.962, 16.094, 12.608, 9.608, 9.837, 10.319, 7.181, 5.338, 4.901, 6.09, 5.709, 4.534, 2.941, 2.651, 3.823, 10.334, 17.741, 21.165, 20.14, 17.819, 16.822, 16.185, 14.735, 12.841, 11.82, 11.67, 13.395, 14.584, 12.659, 9.996, 9.295, 9.992, 10.589, 11.181, 10.788, 10.288, 10.023, 9.819, 10.758, 12.174, 10.19, 4.644, 4.381, 4.662, 5.307, 5.451, 4.264, 4.243, 4.349, 3.666, 4.163, 3.815, 2.893, 4.862, 7.079, 5.896, 4.826, 4.311, 3.619, 3.155, 2.718, 4.412, 4.605, 4.151, 3.084, 2.595, 3.399, 4.3, 4.414, 5.613, 6.215, 7.356, 8.59, 9.544, 8.987, 7.676, 6.233, 6.54, 7.794, 7.756, 7.118, 6.706, 7.753, 9.236, 9.716, 8.506, 5.771, 2.748, 1.374, 2.389, 2.826, 3.114, 3.685, 4.497, 4.879, 4.616, 3.627, 2.844, 4.018, 4.328, 4.33, 5.859, 8.348, 8.95, 8.191, 7.746, 6.881, 5.638, 5.083, 5.107, 5.358, 3.841, 2.982, 3.208, 5.943, 7.526, 6.167, 4.678, 4.65, 6.39, 6.175, 4.246, 3.562, 4.999, 5.216, 6.186, 6.752, 7.598, 8.426, 8.985, 6.967, 5.816, 5.193, 5.244, 4.151, 3.919, 4.938, 6.601, 7.469, 8.401, 10.506, 12.437, 10.051, 7.047, 5.614, 3.896, 3.658, 3.54, 3.121, 3.089, 3.667, 3.942, 3.966, 3.795, 4.596, 4.508, 5.041, 4.977, 4.926, 6.155], [4.19, 4.268, 3.975, 4.853, 3.298, 1.923, 1.03, 0.0, 1.089, 2.562, 2.861, 2.406, 3.469, 5.759, 4.318, 2.749, 2.392, 2.74, 2.466, 2.893, 4.036, 2.768, 6.742, 7.98, 7.743, 7.887, 9.294, 10.716, 12.07, 13.613, 14.15, 14.2, 14.016, 14.42, 15.6, 16.769, 17.103, 17.118, 17.268, 17.474, 17.602, 17.311, 16.202, 14.998, 15.508, 16.147, 16.28, 12.801, 9.736, 9.994, 10.476, 7.28, 5.621, 5.108, 6.242, 5.864, 4.68, 2.911, 2.213, 3.886, 10.525, 17.919, 21.307, 20.297, 17.97, 16.972, 16.358, 14.891, 13.015, 12.002, 11.846, 13.578, 14.73, 12.76, 10.048, 9.447, 10.135, 10.762, 11.36, 10.935, 10.461, 10.211, 10.001, 10.946, 12.36, 10.298, 3.99, 4.186, 4.735, 5.227, 5.306, 4.13, 4.151, 4.305, 3.554, 3.994, 3.819, 3.216, 4.788, 7.041, 5.913, 4.822, 4.238, 3.55, 3.081, 3.305, 4.73, 4.893, 4.413, 3.202, 2.761, 3.491, 4.373, 4.57, 5.681, 6.299, 7.458, 8.727, 9.653, 9.141, 7.778, 6.401, 6.684, 7.951, 7.914, 7.275, 6.836, 7.887, 9.364, 9.858, 8.635, 5.865, 3.077, 1.649, 2.527, 3.138, 3.467, 3.926, 4.611, 5.009, 4.871, 3.899, 3.153, 4.168, 4.507, 4.454, 5.987, 8.492, 9.077, 8.269, 7.857, 6.976, 5.605, 5.025, 5.252, 5.567, 3.94, 3.11, 3.268, 6.082, 7.634, 6.266, 4.818, 4.798, 6.463, 6.29, 4.488, 4.005, 5.487, 5.461, 6.363, 6.828, 7.638, 8.555, 9.113, 7.109, 5.818, 5.269, 5.308, 4.373, 4.249, 5.19, 6.771, 7.576, 8.58, 10.655, 12.608, 10.113, 7.1, 5.816, 4.143, 4.036, 3.954, 3.674, 3.611, 4.078, 4.277, 4.406, 4.258, 5.041, 4.959, 5.503, 5.438, 5.352, 6.322], [4.988, 5.068, 4.857, 5.732, 4.209, 2.363, 1.5, 1.089, 0.0, 2.108, 2.58, 2.285, 2.909, 4.957, 3.565, 2.646, 2.304, 3.04, 2.826, 2.739, 3.837, 3.554, 7.606, 8.774, 8.616, 8.564, 9.7, 11.54, 12.969, 14.569, 15.067, 15.086, 14.975, 15.374, 16.529, 17.677, 17.949, 17.954, 18.113, 18.322, 18.452, 18.152, 17.032, 15.836, 16.34, 16.98, 17.109, 13.611, 10.49, 10.872, 11.35, 8.23, 6.053, 5.927, 7.159, 6.743, 5.6, 3.798, 2.93, 4.71, 11.348, 18.761, 22.224, 21.216, 18.876, 17.87, 17.198, 15.787, 13.876, 12.839, 12.691, 14.416, 15.559, 13.575, 10.912, 10.336, 11.03, 11.636, 12.2, 11.831, 11.298, 11.046, 10.822, 11.767, 13.184, 11.252, 4.14, 3.584, 4.475, 4.486, 4.627, 3.479, 3.486, 3.878, 2.864, 3.267, 3.572, 3.037, 4.446, 6.478, 5.733, 4.202, 3.556, 2.977, 2.74, 3.215, 4.971, 5.331, 4.806, 3.617, 3.183, 4.09, 5.096, 5.114, 6.342, 7.086, 8.32, 9.606, 10.518, 10.02, 8.63, 7.218, 7.563, 8.83, 8.796, 8.185, 7.805, 8.852, 10.333, 10.81, 9.605, 6.817, 3.677, 2.227, 3.154, 3.53, 3.704, 4.354, 5.417, 5.713, 5.263, 4.201, 3.642, 4.927, 5.279, 5.346, 6.955, 9.447, 10.052, 9.226, 8.84, 7.944, 6.502, 5.828, 5.776, 6.085, 4.662, 3.838, 4.194, 6.959, 8.507, 7.129, 5.374, 5.32, 7.15, 7.094, 5.162, 4.078, 5.492, 5.671, 6.841, 7.476, 8.394, 9.427, 10.045, 8.041, 6.686, 6.146, 6.024, 4.974, 4.35, 5.519, 7.466, 8.335, 9.006, 11.459, 13.44, 11.069, 7.96, 6.467, 4.623, 4.464, 4.351, 3.612, 3.46, 4.145, 4.523, 4.506, 4.265, 5.025, 4.967, 5.485, 5.413, 5.427, 6.92], [6.535, 6.481, 6.309, 6.923, 5.493, 3.313, 2.563, 2.562, 2.108, 0.0, 1.173, 1.72, 2.183, 3.742, 2.287, 2.055, 2.437, 3.92, 3.77, 1.416, 2.294, 4.884, 9.017, 10.275, 10.209, 10.232, 11.543, 13.17, 14.578, 16.026, 16.637, 16.594, 16.321, 16.663, 17.772, 18.869, 19.162, 19.157, 19.31, 19.541, 19.71, 19.377, 18.246, 17.037, 17.544, 18.193, 18.314, 14.776, 11.654, 11.978, 12.477, 9.395, 7.02, 7.089, 8.293, 7.862, 6.754, 5.226, 4.317, 5.821, 12.702, 19.999, 23.469, 22.608, 20.075, 19.038, 18.436, 16.981, 15.088, 14.063, 13.913, 15.63, 16.809, 14.823, 12.045, 11.503, 12.209, 12.805, 13.444, 13.028, 12.503, 12.246, 12.071, 12.983, 14.414, 12.528, 6.1, 2.431, 2.992, 3.1, 3.106, 2.109, 2.137, 2.129, 1.952, 2.235, 2.366, 1.857, 2.576, 4.62, 4.091, 2.78, 2.233, 1.844, 1.276, 2.386, 5.346, 6.453, 5.714, 4.505, 4.07, 5.23, 6.323, 6.304, 7.47, 8.192, 9.457, 10.742, 11.643, 11.126, 9.736, 8.395, 8.749, 9.99, 9.93, 9.443, 8.968, 10.123, 11.615, 12.111, 10.779, 8.033, 4.714, 3.414, 4.495, 4.656, 4.359, 5.494, 6.608, 6.838, 6.028, 4.793, 4.748, 6.219, 6.646, 6.762, 8.191, 10.682, 11.277, 10.492, 10.071, 9.274, 7.956, 7.25, 6.865, 7.179, 5.803, 5.01, 5.446, 8.087, 9.66, 8.26, 6.404, 6.37, 8.18, 8.2, 6.271, 4.37, 5.113, 6.213, 7.763, 8.46, 9.483, 10.545, 11.216, 9.175, 8.089, 7.534, 7.399, 6.256, 5.111, 6.277, 8.69, 9.445, 9.992, 12.634, 14.702, 12.426, 9.204, 7.565, 5.472, 5.372, 5.144, 3.394, 3.001, 4.27, 4.896, 4.225, 4.024, 4.558, 4.775, 4.829, 4.723, 5.813, 8.017], [6.828, 6.857, 6.599, 7.327, 5.772, 3.651, 2.821, 2.861, 2.58, 1.173, 0.0, 1.11, 1.768, 3.268, 1.986, 2.103, 2.742, 4.259, 4.247, 1.571, 1.974, 5.19, 9.306, 10.609, 10.37, 10.431, 11.886, 13.289, 14.704, 16.183, 16.776, 16.798, 16.618, 16.942, 18.16, 19.264, 19.651, 19.657, 19.808, 20.031, 20.168, 19.871, 18.743, 17.537, 18.041, 18.69, 18.819, 15.304, 12.17, 12.414, 12.923, 9.717, 7.353, 7.614, 8.724, 8.318, 7.081, 5.37, 4.554, 6.248, 13.088, 20.48, 23.889, 22.904, 20.507, 19.497, 18.922, 17.459, 15.567, 14.553, 14.403, 16.13, 17.289, 15.306, 12.512, 12.003, 12.688, 13.311, 13.911, 13.436, 13.0, 12.749, 12.548, 13.472, 14.889, 12.852, 6.429, 1.868, 2.46, 2.884, 2.749, 2.007, 2.206, 2.05, 2.196, 2.309, 1.919, 1.949, 2.215, 4.325, 3.506, 2.247, 1.836, 1.454, 0.881, 2.671, 5.75, 6.969, 6.233, 4.89, 4.512, 5.663, 6.756, 6.786, 7.993, 8.702, 9.966, 11.244, 12.093, 11.571, 10.188, 8.911, 9.149, 10.403, 10.344, 9.698, 9.279, 10.356, 11.859, 12.364, 11.089, 8.322, 5.031, 3.646, 4.707, 4.878, 4.596, 5.763, 6.971, 7.283, 6.531, 5.417, 5.178, 6.428, 6.824, 6.904, 8.477, 10.972, 11.589, 10.729, 10.377, 9.494, 8.093, 7.381, 7.262, 7.745, 6.319, 5.518, 5.765, 8.567, 10.089, 8.721, 6.798, 6.677, 8.585, 8.632, 6.796, 4.881, 5.544, 6.7, 8.24, 8.979, 9.964, 10.99, 11.578, 9.531, 8.245, 7.721, 7.67, 6.447, 5.258, 6.61, 8.967, 9.88, 10.452, 13.155, 15.14, 12.663, 9.528, 7.927, 5.841, 5.884, 5.67, 3.747, 3.204, 4.721, 5.355, 4.841, 4.531, 5.057, 5.32, 5.334, 5.225, 6.358, 8.595], [6.171, 6.252, 5.973, 6.853, 5.262, 3.053, 2.312, 2.406, 2.285, 1.72, 1.11, 0.0, 1.883, 3.786, 2.6, 2.185, 2.951, 3.997, 3.746, 1.769, 2.271, 4.65, 8.727, 9.972, 9.647, 9.823, 11.26, 12.563, 13.946, 15.567, 16.065, 16.155, 16.0, 16.415, 17.603, 18.778, 19.101, 19.118, 19.267, 19.475, 19.602, 19.311, 18.202, 16.999, 17.501, 18.146, 18.28, 14.763, 11.671, 11.953, 12.465, 9.198, 7.076, 7.073, 8.182, 7.848, 6.613, 4.765, 4.027, 5.838, 12.518, 19.919, 23.288, 22.28, 19.972, 18.981, 18.361, 16.893, 15.013, 14.007, 13.846, 15.579, 16.72, 14.745, 12.062, 11.447, 12.15, 12.76, 13.357, 12.949, 12.461, 12.208, 11.997, 12.942, 14.342, 12.307, 5.954, 2.227, 2.891, 3.525, 3.457, 2.57, 2.755, 2.703, 2.571, 2.535, 2.067, 2.227, 3.013, 5.26, 4.034, 2.796, 2.451, 1.981, 1.473, 2.874, 5.719, 6.495, 5.886, 4.599, 4.138, 5.173, 6.254, 6.311, 7.505, 8.172, 9.445, 10.73, 11.635, 11.113, 9.723, 8.37, 8.644, 9.911, 9.873, 9.235, 8.76, 9.816, 11.237, 11.765, 10.565, 7.803, 4.574, 3.08, 4.102, 4.312, 4.241, 5.353, 6.529, 6.826, 6.224, 5.218, 4.674, 5.922, 6.256, 6.254, 7.887, 10.479, 11.053, 10.186, 9.842, 8.884, 7.478, 6.882, 6.85, 7.246, 5.784, 5.007, 5.215, 8.04, 9.586, 8.244, 6.386, 6.292, 8.182, 8.179, 6.259, 4.939, 5.712, 6.621, 7.85, 8.558, 9.521, 10.532, 11.1, 9.056, 7.669, 7.08, 7.158, 5.986, 4.998, 6.435, 8.48, 9.423, 10.054, 12.614, 14.571, 12.056, 9.042, 7.471, 5.477, 5.396, 5.182, 3.353, 3.201, 4.534, 5.276, 4.893, 4.653, 5.198, 5.333, 5.554, 5.445, 6.251, 8.097], [7.546, 7.657, 7.37, 8.206, 6.615, 4.449, 3.632, 3.469, 2.909, 2.183, 1.768, 1.883, 0.0, 2.624, 2.308, 3.307, 3.691, 4.956, 5.1, 2.971, 3.134, 6.036, 10.073, 11.359, 10.785, 10.674, 11.826, 13.701, 15.196, 16.899, 17.372, 17.508, 17.334, 17.737, 18.966, 20.107, 20.483, 20.499, 20.649, 20.852, 20.965, 20.694, 19.584, 18.378, 18.887, 19.522, 19.663, 16.16, 13.078, 13.298, 13.831, 10.546, 8.242, 8.445, 9.571, 9.201, 7.948, 6.087, 5.159, 7.186, 13.906, 21.302, 24.659, 23.655, 21.319, 20.31, 19.722, 18.259, 16.394, 15.373, 15.223, 16.946, 18.096, 16.089, 13.277, 12.814, 13.504, 14.144, 14.732, 14.278, 13.844, 13.59, 13.39, 14.331, 15.73, 13.601, 6.159, 1.913, 3.162, 3.072, 2.748, 2.458, 2.845, 2.965, 3.057, 2.563, 2.422, 3.308, 2.836, 4.418, 3.943, 2.508, 1.625, 1.454, 1.701, 4.113, 6.915, 7.831, 7.097, 5.801, 5.39, 6.559, 7.63, 7.692, 8.884, 9.575, 10.822, 12.099, 12.99, 12.465, 11.079, 9.767, 10.002, 11.262, 11.219, 10.567, 10.096, 11.137, 12.514, 13.11, 11.887, 9.119, 5.909, 4.333, 5.271, 5.508, 5.238, 6.549, 7.891, 8.177, 7.38, 6.189, 6.026, 7.254, 7.588, 7.504, 9.222, 11.815, 12.344, 11.466, 11.136, 10.187, 8.789, 8.203, 8.204, 8.643, 7.173, 6.361, 6.589, 9.423, 10.951, 9.601, 7.672, 7.551, 9.473, 9.527, 7.657, 6.088, 6.971, 7.652, 9.102, 9.869, 10.86, 11.885, 12.436, 10.398, 8.966, 8.411, 8.529, 7.281, 6.26, 7.443, 9.801, 10.752, 11.381, 14.014, 15.961, 13.417, 10.381, 8.81, 6.698, 6.691, 6.518, 4.907, 4.368, 5.839, 6.297, 5.988, 5.843, 6.398, 6.487, 6.775, 6.66, 7.47, 9.46], [9.899, 9.994, 9.709, 10.574, 8.983, 6.799, 5.947, 5.759, 4.957, 3.742, 3.268, 3.786, 2.624, 0.0, 1.93, 3.961, 4.91, 7.067, 7.425, 4.379, 3.359, 8.358, 12.428, 13.697, 13.27, 13.097, 14.031, 16.166, 17.618, 19.28, 19.736, 19.846, 19.717, 20.131, 21.324, 22.496, 22.843, 22.861, 23.011, 23.22, 23.342, 23.053, 21.944, 20.741, 21.241, 21.89, 22.022, 18.508, 15.372, 15.657, 16.185, 12.919, 10.551, 10.796, 11.904, 11.569, 10.288, 8.427, 7.48, 9.491, 16.257, 23.664, 27.027, 26.016, 23.696, 22.7, 22.097, 20.633, 18.765, 17.742, 17.592, 19.319, 20.465, 18.437, 15.667, 15.188, 15.87, 16.504, 17.096, 16.664, 16.203, 15.952, 15.737, 16.682, 18.081, 15.98, 8.015, 2.23, 2.886, 2.618, 1.652, 2.331, 2.652, 2.823, 3.121, 2.481, 2.669, 3.827, 2.601, 3.733, 3.467, 2.062, 2.228, 2.736, 3.161, 5.516, 8.963, 10.14, 9.4, 8.108, 7.652, 8.819, 9.913, 9.949, 11.157, 11.905, 13.168, 14.448, 15.351, 14.833, 13.437, 12.115, 12.36, 13.621, 13.587, 12.929, 12.461, 13.508, 14.988, 15.484, 14.291, 11.524, 8.258, 6.728, 7.674, 7.894, 7.576, 8.917, 10.233, 10.526, 9.656, 8.286, 8.349, 9.622, 9.925, 9.956, 11.624, 14.187, 14.775, 13.903, 13.535, 12.615, 11.14, 10.469, 10.494, 10.9, 9.522, 8.705, 8.937, 11.771, 13.3, 11.887, 9.93, 9.838, 11.782, 11.878, 10.0, 7.962, 7.944, 9.746, 11.433, 12.151, 13.177, 14.253, 14.81, 12.763, 11.339, 10.759, 10.771, 9.62, 8.344, 9.601, 12.134, 13.071, 13.665, 16.359, 18.312, 15.758, 12.684, 11.16, 9.045, 9.04, 8.865, 6.832, 6.225, 7.913, 8.553, 7.735, 7.408, 7.866, 8.255, 7.465, 7.465, 9.479, 11.721], [8.456, 8.485, 8.213, 9.021, 7.469, 5.334, 4.48, 4.318, 3.565, 2.287, 1.986, 2.6, 2.308, 1.93, 0.0, 2.603, 3.369, 5.532, 5.895, 2.949, 2.533, 6.857, 10.904, 12.201, 11.912, 11.749, 12.771, 14.816, 16.25, 17.805, 18.308, 18.403, 18.29, 18.637, 19.829, 20.975, 21.344, 21.342, 21.499, 21.718, 21.861, 21.557, 20.425, 19.222, 19.732, 20.371, 20.501, 16.988, 13.852, 14.105, 14.633, 11.407, 9.051, 9.274, 10.384, 10.017, 8.732, 6.93, 6.005, 7.94, 14.774, 22.164, 25.545, 24.571, 22.193, 21.177, 20.607, 19.144, 17.254, 16.239, 16.082, 17.812, 18.952, 16.947, 14.135, 13.677, 14.358, 14.989, 15.613, 15.131, 14.685, 14.437, 14.216, 15.16, 16.587, 14.513, 6.838, 2.056, 2.323, 1.943, 1.51, 1.187, 1.545, 1.951, 1.779, 1.538, 2.09, 2.248, 1.946, 3.701, 3.369, 1.954, 2.094, 2.113, 2.028, 4.047, 7.411, 8.609, 7.87, 6.547, 6.134, 7.299, 8.382, 8.418, 9.626, 10.385, 11.641, 12.924, 13.799, 13.282, 11.886, 10.596, 10.831, 12.079, 12.035, 11.396, 10.96, 12.01, 13.528, 14.031, 12.779, 10.012, 6.732, 5.307, 6.259, 6.476, 6.174, 7.406, 8.701, 8.972, 8.09, 6.752, 6.829, 8.116, 8.438, 8.529, 10.153, 12.66, 13.276, 12.408, 12.036, 11.143, 9.646, 8.919, 8.942, 9.38, 8.002, 7.185, 7.457, 10.251, 11.782, 10.363, 8.356, 8.276, 10.219, 10.326, 8.48, 6.435, 6.368, 8.185, 9.881, 10.6, 11.626, 12.701, 13.246, 11.2, 9.827, 9.301, 9.266, 8.065, 6.88, 8.073, 10.57, 11.509, 12.114, 14.84, 16.839, 14.302, 11.133, 9.616, 7.481, 7.52, 7.345, 5.364, 4.82, 6.353, 7.0, 6.228, 5.883, 6.391, 6.715, 5.922, 5.917, 7.955, 10.197], [6.232, 6.266, 5.995, 6.806, 5.232, 3.364, 2.609, 2.749, 2.646, 2.055, 2.103, 2.185, 3.307, 3.961, 2.603, 0.0, 1.688, 3.402, 3.698, 1.774, 2.313, 4.635, 8.702, 10.073, 9.831, 9.972, 11.306, 12.529, 13.938, 15.451, 16.04, 16.15, 16.04, 16.374, 17.606, 18.721, 19.11, 19.115, 19.265, 19.484, 19.621, 19.323, 18.199, 16.996, 17.499, 18.145, 18.277, 14.783, 11.647, 11.877, 12.402, 9.133, 6.767, 7.052, 8.179, 7.797, 6.508, 4.609, 4.06, 5.703, 12.554, 19.93, 23.317, 22.32, 19.973, 18.964, 18.375, 16.908, 15.021, 14.018, 13.856, 15.586, 16.726, 14.732, 12.05, 11.457, 12.16, 12.768, 13.371, 12.876, 12.458, 12.206, 11.995, 12.94, 14.356, 12.361, 6.016, 2.582, 3.003, 3.67, 3.686, 2.51, 2.526, 2.848, 2.23, 2.111, 2.037, 1.775, 3.197, 5.412, 4.323, 3.05, 3.271, 3.17, 2.413, 2.352, 5.113, 6.408, 5.669, 4.316, 3.921, 5.093, 6.202, 6.22, 7.425, 8.179, 9.445, 10.722, 11.572, 11.009, 9.667, 8.385, 8.625, 9.873, 9.817, 9.149, 8.614, 9.729, 11.255, 11.729, 10.441, 7.697, 4.413, 2.99, 4.045, 4.14, 3.865, 5.059, 6.381, 6.676, 5.813, 4.664, 4.624, 5.808, 6.146, 6.192, 7.806, 10.348, 10.928, 10.063, 9.688, 8.796, 7.332, 6.655, 6.716, 7.188, 5.796, 5.056, 5.255, 8.046, 9.563, 8.163, 6.152, 6.01, 7.981, 8.089, 6.275, 4.254, 4.456, 5.935, 7.581, 8.356, 9.372, 10.401, 10.969, 8.925, 7.573, 7.061, 7.049, 5.847, 4.568, 5.794, 8.298, 9.28, 9.87, 12.634, 14.607, 12.029, 8.953, 7.365, 5.269, 5.319, 5.146, 3.702, 3.482, 4.211, 4.829, 4.121, 3.921, 4.345, 4.596, 4.137, 4.055, 5.759, 8.01], [5.236, 5.241, 4.987, 5.774, 4.235, 3.036, 2.274, 2.392, 2.304, 2.437, 2.742, 2.951, 3.691, 4.91, 3.369, 1.688, 0.0, 2.256, 2.63, 2.17, 3.346, 3.618, 7.709, 9.112, 8.896, 8.919, 10.427, 11.666, 13.079, 14.599, 15.134, 15.193, 15.061, 15.417, 16.566, 17.73, 18.076, 18.073, 18.23, 18.454, 18.595, 18.292, 17.154, 15.953, 16.463, 17.102, 17.23, 13.714, 10.578, 10.856, 11.385, 8.167, 5.812, 6.013, 7.11, 6.769, 5.485, 3.713, 3.414, 4.691, 11.522, 18.9, 22.279, 21.338, 18.922, 17.922, 17.345, 15.873, 13.987, 12.98, 12.816, 14.545, 15.685, 13.684, 10.938, 10.41, 11.098, 11.729, 12.342, 11.893, 11.415, 11.166, 10.946, 11.89, 13.327, 11.294, 5.333, 3.737, 4.017, 4.432, 4.501, 3.308, 3.301, 3.633, 3.061, 3.188, 2.897, 2.097, 4.107, 6.29, 5.352, 3.998, 3.673, 3.527, 2.96, 2.605, 4.213, 5.342, 4.602, 3.304, 2.875, 4.042, 5.123, 5.15, 6.359, 7.111, 8.371, 9.649, 10.551, 10.033, 8.637, 7.321, 7.56, 8.821, 8.786, 8.159, 7.721, 8.8, 10.302, 10.822, 9.539, 6.772, 3.5, 2.262, 3.136, 3.429, 3.242, 4.173, 5.462, 5.723, 4.837, 3.573, 3.555, 4.884, 5.229, 5.331, 6.925, 9.421, 10.039, 9.177, 8.801, 7.923, 6.45, 5.717, 5.694, 6.105, 4.727, 3.928, 4.316, 6.977, 8.518, 7.09, 5.113, 5.035, 6.978, 7.078, 5.206, 3.222, 3.983, 4.936, 6.632, 7.351, 8.377, 9.452, 9.997, 7.95, 6.601, 6.101, 6.026, 4.837, 3.807, 4.834, 7.349, 8.267, 8.865, 11.565, 13.577, 11.092, 7.894, 6.369, 4.232, 4.394, 4.208, 3.626, 3.238, 3.745, 4.12, 3.399, 3.396, 3.941, 3.867, 4.176, 4.04, 4.801, 6.926], [3.08, 3.061, 2.844, 3.565, 2.549, 2.829, 2.689, 2.74, 3.04, 3.92, 4.259, 3.997, 4.956, 7.067, 5.532, 3.402, 2.256, 0.0, 1.228, 3.198, 4.582, 1.941, 6.177, 7.836, 7.538, 7.973, 9.693, 10.205, 11.166, 12.53, 13.17, 13.116, 12.917, 13.268, 14.331, 15.5, 15.842, 15.838, 15.993, 16.218, 16.359, 16.056, 14.919, 13.718, 14.227, 14.867, 14.996, 11.477, 8.341, 8.624, 9.153, 5.948, 4.034, 3.777, 4.873, 4.548, 3.283, 2.029, 2.733, 2.936, 9.297, 16.662, 20.042, 19.105, 16.692, 15.694, 15.109, 13.638, 11.761, 10.911, 10.69, 12.315, 13.471, 11.609, 9.15, 8.239, 8.888, 9.57, 10.126, 9.674, 9.185, 8.93, 8.709, 9.865, 11.278, 9.688, 5.265, 5.596, 5.651, 6.472, 6.556, 5.434, 5.423, 5.575, 4.757, 5.346, 4.923, 3.866, 5.883, 8.249, 6.931, 5.979, 5.554, 4.843, 4.334, 3.114, 2.786, 3.121, 2.555, 1.557, 1.43, 2.18, 3.333, 3.364, 4.138, 4.873, 6.137, 7.418, 8.318, 7.801, 6.405, 5.084, 5.328, 6.589, 6.554, 5.943, 5.502, 6.575, 8.082, 8.601, 7.32, 4.563, 1.977, 2.289, 2.166, 1.962, 2.169, 2.072, 3.235, 3.543, 2.717, 1.694, 1.688, 2.949, 3.086, 3.131, 4.826, 7.213, 7.821, 7.011, 6.634, 5.733, 4.4, 3.533, 3.513, 3.868, 3.084, 2.632, 3.226, 4.878, 6.289, 4.901, 2.91, 2.832, 4.762, 4.845, 3.137, 2.705, 3.726, 3.246, 4.411, 5.119, 6.145, 7.22, 7.777, 5.752, 4.41, 3.904, 3.832, 2.687, 2.405, 2.905, 5.144, 6.051, 6.633, 9.328, 11.341, 8.883, 5.694, 4.149, 2.199, 3.086, 2.966, 3.248, 3.107, 3.091, 2.914, 2.901, 3.342, 3.492, 3.252, 4.201, 3.835, 3.748, 4.779], [2.84, 2.808, 2.636, 3.226, 2.087, 2.182, 2.081, 2.466, 2.826, 3.77, 4.247, 3.746, 5.1, 7.425, 5.895, 3.698, 2.63, 1.228, 0.0, 3.206, 4.646, 1.537, 5.915, 7.584, 7.355, 7.898, 9.616, 10.105, 11.055, 12.397, 13.166, 12.969, 12.641, 12.967, 14.059, 15.131, 15.47, 15.471, 15.628, 15.852, 16.013, 15.684, 14.568, 13.349, 13.861, 14.497, 14.625, 11.093, 8.071, 8.285, 8.797, 5.729, 3.794, 3.404, 4.642, 4.155, 3.102, 2.033, 2.703, 2.555, 9.012, 16.323, 19.775, 18.916, 16.359, 15.316, 14.749, 13.284, 11.408, 10.454, 10.301, 11.953, 13.14, 11.223, 8.656, 7.86, 8.535, 9.128, 9.755, 9.318, 8.828, 8.57, 8.429, 9.424, 10.859, 9.223, 5.017, 5.876, 5.916, 6.756, 6.849, 5.732, 5.52, 5.645, 4.965, 5.623, 5.21, 3.969, 6.053, 8.284, 7.184, 6.322, 5.803, 5.026, 4.414, 2.739, 2.685, 2.924, 2.395, 1.597, 1.276, 1.974, 3.027, 3.086, 3.964, 4.573, 5.778, 7.035, 7.971, 7.408, 6.064, 4.716, 5.101, 6.288, 6.205, 5.717, 5.25, 6.404, 7.885, 8.378, 7.039, 4.33, 1.492, 1.57, 1.821, 1.77, 2.294, 2.174, 2.963, 3.226, 2.785, 1.863, 1.517, 2.701, 3.048, 3.073, 4.456, 6.931, 7.559, 6.777, 6.369, 5.56, 4.46, 3.725, 3.473, 3.664, 2.573, 1.955, 2.698, 4.479, 6.012, 4.636, 2.916, 2.948, 4.648, 4.525, 2.644, 2.485, 3.626, 3.422, 4.329, 4.965, 5.875, 6.827, 7.481, 5.459, 4.464, 3.869, 3.913, 2.715, 2.564, 3.315, 5.026, 5.758, 6.52, 8.989, 11.024, 8.757, 5.546, 3.936, 2.09, 2.646, 2.43, 2.693, 2.805, 2.689, 2.72, 2.715, 3.048, 3.287, 3.161, 4.058, 3.713, 3.425, 4.484], [5.843, 5.82, 5.647, 6.342, 4.872, 2.747, 2.337, 2.893, 2.739, 1.416, 1.571, 1.769, 2.971, 4.379, 2.949, 1.774, 2.17, 3.198, 3.206, 0.0, 1.851, 4.251, 8.537, 9.783, 9.853, 10.314, 11.971, 12.708, 13.902, 15.388, 16.053, 15.928, 15.71, 16.06, 17.18, 18.281, 18.55, 18.55, 18.697, 18.931, 19.077, 18.767, 17.645, 16.432, 16.931, 17.593, 17.71, 14.166, 11.03, 11.384, 11.912, 8.787, 6.417, 6.514, 7.677, 7.302, 6.118, 4.542, 4.408, 5.293, 12.042, 19.389, 22.873, 21.977, 19.482, 18.467, 17.827, 16.392, 14.475, 13.456, 13.303, 15.023, 16.186, 14.25, 11.663, 10.936, 11.641, 12.223, 12.809, 12.439, 11.899, 11.636, 11.445, 12.372, 13.787, 12.015, 6.849, 2.88, 2.936, 3.611, 3.74, 2.791, 2.583, 2.663, 2.32, 2.916, 2.275, 1.32, 3.022, 5.305, 4.17, 3.196, 2.891, 2.46, 1.732, 1.5, 4.762, 5.816, 5.112, 3.942, 3.444, 4.703, 5.736, 5.682, 6.833, 7.613, 8.892, 10.177, 11.078, 10.56, 9.164, 7.793, 8.113, 9.381, 9.324, 8.792, 8.333, 9.481, 10.977, 11.504, 10.176, 7.432, 4.087, 2.908, 4.117, 3.987, 3.738, 4.86, 6.008, 6.272, 5.462, 4.259, 4.079, 5.558, 5.975, 6.082, 7.593, 10.082, 10.664, 9.868, 9.456, 8.641, 7.314, 6.562, 6.231, 6.559, 5.18, 4.461, 5.017, 7.489, 9.061, 7.658, 5.768, 5.727, 7.565, 7.606, 5.706, 3.766, 4.391, 5.618, 7.169, 7.878, 8.904, 9.98, 10.63, 8.584, 7.393, 6.872, 6.689, 5.58, 4.382, 5.578, 8.057, 8.842, 9.404, 12.018, 14.048, 11.793, 8.596, 6.98, 4.926, 4.724, 4.524, 2.534, 2.129, 3.686, 4.397, 3.689, 3.441, 3.878, 4.146, 4.138, 4.01, 5.265, 7.39], [6.839, 6.892, 6.718, 7.358, 5.928, 3.654, 3.619, 4.036, 3.837, 2.294, 1.974, 2.271, 3.134, 3.359, 2.533, 2.313, 3.346, 4.582, 4.646, 1.851, 0.0, 5.397, 10.024, 11.297, 11.147, 11.732, 13.245, 14.232, 15.217, 16.633, 17.492, 17.277, 16.776, 17.108, 18.186, 19.298, 19.603, 19.613, 19.764, 19.984, 20.108, 19.814, 18.699, 17.503, 17.996, 18.642, 18.775, 15.239, 12.103, 12.431, 12.959, 9.798, 7.426, 7.551, 8.719, 8.343, 7.18, 5.946, 5.591, 6.753, 13.067, 20.429, 23.899, 22.88, 20.535, 19.504, 18.884, 17.413, 15.598, 14.593, 14.413, 16.104, 17.39, 15.682, 13.158, 12.096, 12.804, 13.409, 13.997, 13.526, 13.105, 12.803, 12.625, 13.538, 14.929, 13.262, 7.909, 2.604, 1.741, 2.687, 2.882, 2.167, 1.984, 1.95, 2.059, 2.691, 1.911, 1.854, 2.131, 4.308, 3.079, 2.208, 2.836, 2.816, 2.006, 2.419, 5.739, 6.873, 6.359, 5.489, 4.786, 6.137, 7.171, 6.966, 7.893, 8.66, 9.939, 11.224, 12.125, 11.607, 10.211, 8.854, 9.398, 10.43, 10.361, 9.734, 9.329, 10.393, 11.978, 12.475, 11.258, 8.403, 5.248, 4.264, 5.552, 5.003, 4.637, 5.933, 7.011, 7.31, 6.422, 5.138, 5.423, 6.889, 7.04, 7.169, 8.773, 11.099, 11.736, 10.847, 10.63, 9.777, 8.716, 7.844, 7.548, 7.653, 6.311, 5.921, 6.097, 8.655, 10.13, 8.707, 6.821, 6.708, 8.578, 8.652, 6.753, 4.692, 4.715, 6.511, 8.206, 8.942, 9.966, 11.026, 11.658, 9.644, 8.494, 7.826, 8.017, 6.89, 5.441, 6.503, 8.982, 9.848, 10.439, 13.09, 15.094, 12.78, 9.571, 7.992, 5.896, 5.77, 5.596, 3.571, 2.982, 4.7, 5.338, 4.491, 4.16, 4.669, 4.984, 4.276, 4.259, 6.216, 8.485], [1.794, 1.963, 1.809, 2.305, 1.343, 2.253, 2.614, 2.768, 3.554, 4.884, 5.19, 4.65, 6.036, 8.358, 6.857, 4.635, 3.618, 1.941, 1.537, 4.251, 5.397, 0.0, 4.941, 6.586, 6.234, 6.815, 8.53, 9.075, 9.95, 11.32, 12.182, 11.957, 11.555, 11.932, 13.055, 14.176, 14.508, 14.52, 14.677, 14.897, 15.031, 14.721, 13.603, 12.4, 12.91, 13.549, 13.681, 10.15, 7.122, 7.326, 7.827, 4.883, 4.192, 3.014, 3.656, 3.211, 2.081, 0.999, 2.013, 1.713, 7.929, 15.342, 18.784, 17.782, 15.382, 14.374, 13.789, 12.31, 10.457, 9.474, 9.294, 10.993, 12.245, 10.432, 7.891, 6.914, 7.601, 8.219, 8.823, 8.358, 7.932, 7.639, 7.445, 8.416, 9.83, 8.189, 4.036, 6.82, 6.779, 7.709, 7.848, 6.666, 6.598, 6.691, 5.932, 6.567, 6.154, 5.047, 7.143, 9.386, 8.136, 7.254, 6.736, 6.001, 5.407, 3.777, 3.449, 2.746, 2.356, 1.896, 1.218, 1.435, 2.167, 2.2, 3.094, 3.686, 4.854, 6.117, 7.057, 6.476, 5.158, 3.781, 4.132, 5.284, 5.247, 4.631, 4.251, 5.304, 6.803, 7.317, 6.064, 3.31, 1.813, 2.167, 1.982, 2.1, 2.92, 2.502, 2.198, 2.515, 3.108, 2.175, 1.223, 1.841, 2.097, 2.214, 3.514, 5.931, 6.559, 5.755, 5.397, 4.491, 3.496, 2.788, 2.757, 3.059, 1.595, 1.222, 1.622, 3.489, 5.031, 3.684, 2.303, 2.311, 3.855, 3.623, 2.14, 3.387, 4.568, 3.944, 4.308, 4.419, 5.068, 5.92, 6.548, 4.542, 3.416, 3.087, 3.355, 2.801, 3.185, 3.909, 4.647, 4.986, 5.971, 8.046, 9.995, 7.646, 4.649, 3.56, 2.258, 2.899, 2.794, 3.679, 3.827, 3.564, 3.52, 3.63, 3.998, 4.309, 4.112, 5.07, 4.742, 4.374, 4.367], [4.698, 5.09, 5.229, 4.982, 5.257, 6.565, 6.717, 6.742, 7.606, 9.017, 9.306, 8.727, 10.073, 12.428, 10.904, 8.702, 7.709, 6.177, 5.915, 8.537, 10.024, 4.941, 0.0, 2.105, 1.917, 2.285, 3.871, 4.429, 5.586, 7.07, 7.671, 7.646, 7.457, 7.828, 8.989, 10.108, 10.471, 10.468, 10.628, 10.852, 10.986, 10.674, 9.551, 8.347, 8.864, 9.498, 9.627, 6.256, 7.663, 7.167, 7.098, 6.711, 7.63, 6.699, 5.115, 4.935, 4.594, 4.753, 5.234, 4.198, 4.776, 11.3, 14.732, 13.752, 11.322, 10.299, 9.744, 8.265, 6.386, 5.398, 5.211, 6.936, 8.116, 6.162, 3.459, 3.281, 3.95, 4.358, 4.779, 4.405, 3.96, 3.708, 3.331, 4.296, 5.74, 3.938, 4.963, 10.836, 11.117, 11.8, 11.945, 10.777, 10.69, 10.795, 10.05, 10.622, 10.208, 9.175, 11.301, 13.523, 12.368, 11.336, 10.829, 10.105, 9.555, 8.448, 7.653, 6.127, 5.295, 5.538, 5.624, 4.421, 3.896, 4.528, 4.902, 4.954, 5.322, 4.785, 5.065, 5.611, 5.461, 4.474, 4.443, 4.159, 4.139, 4.393, 5.326, 5.652, 6.23, 5.811, 5.124, 5.519, 6.389, 6.428, 5.949, 6.782, 7.639, 6.755, 5.831, 6.38, 7.219, 6.487, 5.241, 4.288, 4.398, 4.889, 3.782, 3.572, 3.631, 3.406, 3.158, 3.177, 3.467, 4.188, 4.708, 5.169, 4.518, 4.876, 4.292, 2.802, 3.595, 4.131, 5.835, 5.333, 5.175, 5.349, 6.302, 8.171, 9.109, 7.748, 7.17, 6.748, 6.546, 5.975, 6.202, 5.402, 5.383, 5.965, 5.994, 6.477, 7.309, 8.283, 8.016, 7.534, 7.727, 7.574, 7.498, 6.713, 6.455, 6.954, 6.707, 7.564, 7.461, 8.428, 8.537, 8.265, 7.979, 8.107, 8.678, 8.892, 8.761, 9.74, 9.308, 8.688, 7.868], [6.476, 6.791, 6.989, 6.847, 6.977, 7.938, 7.983, 7.98, 8.774, 10.275, 10.609, 9.972, 11.359, 13.697, 12.201, 10.073, 9.112, 7.836, 7.584, 9.783, 11.297, 6.586, 2.105, 0.0, 1.886, 2.376, 3.088, 3.36, 4.443, 5.902, 6.548, 6.436, 6.283, 6.656, 7.808, 8.935, 9.191, 9.195, 9.354, 9.571, 9.725, 9.4, 8.28, 7.075, 7.575, 8.227, 8.363, 6.602, 9.162, 8.579, 8.3, 8.384, 9.409, 8.458, 6.875, 6.773, 6.388, 6.352, 6.462, 6.027, 5.785, 10.022, 13.505, 12.533, 10.132, 9.122, 8.462, 7.046, 5.178, 4.116, 4.044, 5.698, 6.834, 5.022, 3.348, 4.243, 4.786, 4.845, 5.145, 4.934, 4.575, 4.386, 3.42, 3.29, 4.419, 2.69, 6.28, 12.131, 12.286, 13.009, 13.152, 12.053, 11.902, 12.033, 11.246, 11.903, 11.493, 10.403, 12.565, 14.835, 13.474, 12.536, 12.079, 11.418, 10.794, 10.003, 9.468, 7.82, 7.025, 7.356, 7.23, 6.196, 5.562, 6.125, 6.551, 6.674, 6.91, 6.376, 6.514, 7.176, 7.171, 6.202, 6.152, 5.711, 5.752, 6.068, 7.084, 7.349, 7.785, 7.416, 6.827, 7.315, 8.11, 7.986, 7.801, 8.53, 9.422, 8.555, 7.647, 8.201, 9.021, 8.181, 6.82, 6.093, 6.218, 6.712, 5.511, 5.067, 4.762, 4.702, 4.468, 5.03, 5.305, 5.995, 6.463, 6.837, 6.072, 6.26, 5.643, 4.485, 5.167, 5.902, 7.619, 7.106, 6.943, 7.133, 8.035, 9.752, 10.817, 9.548, 8.943, 8.552, 8.303, 7.481, 7.607, 7.082, 7.143, 7.774, 7.665, 8.287, 9.157, 10.109, 9.823, 9.303, 9.381, 8.845, 8.371, 8.119, 8.218, 8.77, 8.453, 9.2, 9.111, 10.007, 10.138, 9.988, 9.814, 9.866, 10.272, 10.536, 10.393, 11.38, 10.967, 10.457, 9.609], [5.755, 6.224, 6.312, 6.09, 6.461, 7.79, 7.913, 7.743, 8.616, 10.209, 10.37, 9.647, 10.785, 13.27, 11.912, 9.831, 8.896, 7.538, 7.355, 9.853, 11.147, 6.234, 1.917, 1.886, 0.0, 1.225, 2.526, 3.432, 4.541, 6.253, 6.939, 7.006, 6.747, 7.113, 8.333, 9.454, 9.873, 9.879, 10.031, 10.236, 10.342, 10.076, 8.97, 7.765, 8.274, 8.909, 9.075, 6.737, 8.752, 8.214, 8.035, 7.59, 8.493, 7.72, 6.108, 5.996, 5.617, 5.701, 6.095, 5.343, 5.597, 10.684, 14.048, 13.043, 10.708, 9.692, 9.134, 7.653, 5.78, 4.776, 4.623, 6.333, 7.535, 5.682, 3.345, 3.698, 4.26, 4.591, 4.858, 4.418, 4.199, 4.053, 3.193, 3.742, 5.117, 3.088, 5.713, 11.425, 11.84, 12.925, 13.001, 11.767, 11.866, 11.984, 11.096, 11.351, 11.084, 10.422, 12.332, 14.625, 13.264, 12.32, 11.887, 11.153, 10.623, 9.913, 8.647, 7.15, 6.366, 6.706, 6.908, 5.864, 4.961, 5.516, 6.031, 6.039, 6.42, 5.858, 6.093, 6.64, 6.575, 5.614, 5.526, 5.229, 5.178, 5.419, 6.231, 6.558, 7.01, 6.637, 5.983, 6.24, 7.546, 7.429, 6.838, 7.516, 8.329, 7.677, 6.892, 7.472, 8.331, 7.64, 6.555, 5.303, 5.2, 5.497, 4.513, 4.411, 4.121, 3.944, 3.768, 3.835, 4.213, 5.021, 5.721, 6.212, 5.833, 6.067, 5.405, 3.832, 4.677, 5.194, 6.809, 6.318, 6.164, 6.351, 7.469, 9.492, 10.259, 8.762, 8.187, 7.802, 7.633, 7.003, 7.067, 6.352, 6.202, 6.765, 6.991, 7.381, 8.238, 9.218, 8.836, 8.565, 8.81, 8.645, 8.292, 7.585, 7.47, 7.87, 7.689, 8.719, 8.647, 9.804, 9.973, 9.406, 9.097, 9.394, 9.971, 10.057, 9.939, 10.996, 10.61, 9.825, 8.904], [6.344, 6.863, 6.95, 6.746, 7.05, 8.377, 8.256, 7.887, 8.564, 10.232, 10.431, 9.823, 10.674, 13.097, 11.749, 9.972, 8.919, 7.973, 7.898, 10.314, 11.732, 6.815, 2.285, 2.376, 1.225, 0.0, 1.945, 3.209, 4.624, 6.348, 6.89, 7.048, 6.869, 7.246, 8.491, 9.605, 10.024, 10.031, 10.183, 10.387, 10.516, 10.232, 9.137, 8.002, 8.427, 9.085, 9.341, 7.487, 9.499, 8.887, 8.742, 8.335, 9.188, 8.42, 6.79, 6.678, 6.264, 6.199, 6.336, 5.912, 6.372, 10.836, 14.196, 13.178, 10.858, 9.89, 9.361, 7.86, 6.06, 5.091, 4.828, 6.545, 7.666, 5.782, 3.569, 4.013, 4.537, 4.947, 5.046, 4.761, 4.656, 4.413, 3.451, 3.887, 5.265, 3.153, 5.405, 11.374, 12.278, 12.797, 12.85, 11.645, 11.703, 11.994, 11.235, 11.178, 11.076, 10.609, 12.469, 14.584, 13.646, 12.216, 11.816, 11.117, 10.728, 10.473, 9.332, 7.847, 7.035, 7.201, 7.475, 6.321, 5.593, 6.187, 6.74, 6.746, 7.17, 6.592, 6.773, 7.353, 7.304, 6.284, 6.211, 5.958, 5.923, 6.159, 6.922, 7.295, 7.755, 7.373, 6.713, 6.935, 8.127, 7.938, 7.168, 8.177, 8.971, 8.315, 7.537, 8.113, 8.972, 8.298, 7.122, 5.903, 5.877, 6.166, 5.2, 5.066, 4.858, 4.706, 4.502, 4.533, 4.8, 5.646, 6.404, 6.908, 6.41, 6.628, 5.945, 4.562, 5.381, 5.893, 7.448, 6.96, 6.873, 7.048, 8.119, 10.06, 10.915, 9.418, 8.879, 8.495, 8.328, 7.677, 7.733, 7.077, 6.878, 7.466, 7.619, 8.023, 8.882, 9.888, 9.522, 9.263, 9.539, 9.318, 9.076, 8.258, 8.182, 8.562, 8.346, 9.372, 9.275, 10.383, 10.549, 10.039, 9.735, 9.96, 10.561, 10.713, 10.583, 11.586, 11.17, 10.466, 9.572], [8.068, 8.559, 8.646, 8.408, 8.807, 10.051, 9.901, 9.294, 9.7, 11.543, 11.886, 11.26, 11.826, 14.031, 12.771, 11.306, 10.427, 9.693, 9.616, 11.971, 13.245, 8.53, 3.871, 3.088, 2.526, 1.945, 0.0, 2.348, 3.716, 5.371, 5.906, 6.058, 5.942, 6.295, 7.531, 8.653, 9.074, 9.073, 9.227, 9.458, 9.676, 9.438, 8.318, 7.256, 7.599, 8.292, 9.011, 8.443, 10.769, 10.191, 9.976, 9.6, 10.621, 9.941, 8.355, 8.281, 7.982, 7.929, 7.88, 7.613, 7.484, 9.931, 13.232, 12.233, 9.915, 9.246, 8.812, 7.44, 5.674, 4.683, 4.312, 5.948, 7.029, 5.645, 4.411, 5.152, 5.612, 5.994, 6.102, 5.925, 5.837, 5.656, 4.564, 3.683, 4.482, 2.594, 6.362, 12.399, 13.708, 13.952, 13.965, 12.72, 12.776, 13.29, 12.422, 12.158, 12.415, 12.206, 13.772, 15.812, 15.127, 13.556, 12.942, 12.308, 12.15, 12.188, 10.897, 9.374, 8.665, 8.925, 9.184, 8.04, 7.124, 7.613, 8.067, 8.084, 8.435, 7.876, 8.074, 8.641, 8.585, 7.934, 7.535, 7.243, 7.196, 7.429, 8.264, 8.569, 9.003, 8.642, 7.984, 8.463, 9.893, 9.593, 8.92, 9.895, 10.697, 10.037, 9.163, 9.771, 10.651, 10.02, 8.851, 7.545, 7.506, 7.826, 6.815, 6.352, 6.072, 5.858, 5.745, 6.077, 6.369, 7.202, 7.847, 8.342, 8.141, 8.367, 7.567, 6.024, 6.67, 7.356, 9.134, 8.696, 8.239, 8.479, 9.862, 11.829, 12.576, 11.018, 10.269, 9.951, 9.655, 8.979, 9.01, 8.353, 8.236, 8.882, 8.952, 9.565, 10.479, 11.451, 10.977, 10.616, 10.81, 10.62, 10.162, 9.561, 9.493, 10.084, 10.073, 11.08, 11.017, 12.12, 12.282, 11.789, 11.41, 11.688, 12.315, 12.438, 12.332, 13.349, 12.912, 12.097, 11.118], [8.238, 8.698, 8.733, 8.494, 9.061, 10.804, 10.812, 10.716, 11.54, 13.17, 13.289, 12.563, 13.701, 16.166, 14.816, 12.529, 11.666, 10.205, 10.105, 12.708, 14.232, 9.075, 4.429, 3.36, 3.432, 3.209, 2.348, 0.0, 1.739, 3.384, 3.847, 3.954, 3.809, 4.196, 5.46, 6.574, 7.029, 7.029, 7.212, 7.428, 7.63, 7.482, 6.415, 5.379, 5.73, 6.401, 7.338, 7.193, 10.014, 9.164, 8.871, 9.018, 10.336, 9.789, 8.3, 8.306, 8.13, 8.498, 9.179, 7.932, 6.453, 8.058, 11.111