[[0.0, 2.249, 2.522, 2.484, 3.066, 3.776, 3.648, 3.162, 3.098, 3.192, 2.606, 2.002, 1.81, 2.282, 2.511, 2.341, 2.157, 2.794, 3.507, 3.927, 4.123, 4.041, 3.243, 3.372, 4.68, 6.025, 6.21, 6.372, 6.369, 6.473, 6.281, 6.722, 6.957, 6.603, 6.448, 6.663, 6.96, 7.23, 7.732, 8.242, 8.413, 8.788, 9.565, 10.078, 8.671, 6.564, 4.675, 3.808, 3.753, 4.19, 4.841, 4.977, 5.181, 5.7, 5.994, 6.011, 5.567, 4.608, 4.267, 3.779, 3.56, 3.498, 3.263, 3.395, 3.781, 4.716, 6.585, 6.783, 5.751, 4.518, 4.202, 4.553, 4.941, 5.285, 5.471, 5.617, 5.443, 5.168, 4.618, 3.374, 3.212, 4.948, 4.813, 4.574, 4.945, 5.167, 6.324, 6.632, 5.89, 4.691, 4.271, 3.852, 3.39, 2.581, 2.891, 3.545, 3.856, 4.107, 4.294, 4.338, 4.434, 4.228, 4.142, 4.073, 3.531, 3.724, 3.098, 3.597, 3.757, 3.937, 3.835, 3.391, 3.077, 3.195, 3.287, 3.306, 4.016, 4.753, 5.134, 4.583, 4.268, 4.462, 4.442, 4.754, 5.022, 6.339, 8.631, 8.698, 6.61, 6.313, 8.677, 12.561, 14.987, 15.027, 13.876, 13.234, 13.237, 12.584, 11.109, 10.466, 10.397, 11.238, 11.308, 9.636, 7.945, 5.38, 3.349, 3.826, 4.554, 4.539, 4.421, 4.767, 5.575, 6.226, 6.254, 6.118, 6.243, 5.146], [2.249, 0.0, 0.988, 1.346, 1.845, 2.746, 2.446, 2.317, 2.391, 2.362, 1.863, 1.477, 1.461, 1.489, 1.734, 1.549, 1.741, 1.694, 2.038, 2.563, 2.758, 2.858, 2.322, 2.656, 4.161, 5.59, 6.241, 6.208, 6.184, 6.279, 6.152, 6.331, 6.95, 6.907, 6.862, 6.572, 7.143, 8.225, 9.049, 9.108, 8.93, 8.956, 9.668, 10.642, 10.103, 7.336, 4.667, 3.331, 2.936, 3.279, 3.714, 3.871, 4.544, 5.305, 5.736, 5.928, 5.567, 4.391, 3.652, 3.311, 2.952, 2.949, 3.112, 2.942, 2.898, 2.997, 4.611, 4.854, 4.069, 2.789, 2.73, 3.077, 3.105, 3.224, 3.442, 3.556, 3.456, 3.247, 2.567, 2.75, 4.216, 6.526, 6.341, 5.98, 6.222, 6.089, 6.491, 6.431, 5.989, 5.009, 4.85, 4.466, 3.974, 3.178, 3.538, 4.076, 4.49, 4.599, 4.909, 4.797, 4.537, 4.138, 4.333, 4.361, 4.342, 4.45, 3.141, 2.571, 3.165, 3.554, 3.607, 2.965, 3.139, 3.973, 4.259, 4.212, 4.894, 6.158, 6.797, 6.61, 6.281, 6.473, 6.359, 6.082, 6.446, 8.07, 10.574, 10.787, 8.748, 8.244, 10.611, 14.671, 17.111, 17.14, 16.04, 15.363, 15.365, 14.706, 13.241, 12.587, 12.527, 13.329, 13.349, 10.74, 7.828, 5.133, 2.852, 2.175, 2.534, 2.532, 2.454, 2.74, 3.471, 4.133, 4.24, 4.238, 4.249, 3.195], [2.522, 0.988, 0.0, 0.974, 1.643, 2.641, 2.087, 2.001, 1.924, 1.966, 1.448, 1.299, 1.676, 1.361, 1.629, 1.609, 1.723, 1.421, 1.648, 2.102, 2.436, 2.543, 1.927, 2.505, 3.934, 5.63, 6.327, 6.369, 6.282, 6.445, 6.089, 6.422, 6.935, 6.877, 6.855, 6.564, 7.106, 8.159, 8.967, 9.073, 8.923, 8.903, 9.649, 10.652, 10.104, 7.329, 4.694, 3.388, 2.533, 2.868, 3.294, 3.43, 4.163, 5.166, 5.785, 6.058, 5.612, 4.379, 3.268, 2.893, 2.515, 2.601, 2.683, 2.585, 2.517, 2.981, 4.654, 4.898, 4.112, 2.809, 2.59, 2.923, 2.954, 3.129, 3.379, 3.468, 3.396, 3.16, 2.572, 2.687, 4.473, 6.788, 6.702, 6.402, 6.664, 6.53, 6.922, 6.807, 6.37, 5.381, 5.185, 4.764, 4.251, 3.433, 3.61, 4.098, 4.59, 4.834, 5.129, 5.142, 4.832, 4.382, 4.591, 4.553, 4.541, 4.575, 3.226, 2.714, 3.136, 3.441, 3.519, 2.878, 3.179, 3.983, 4.216, 4.148, 4.891, 6.089, 6.807, 6.67, 6.342, 6.543, 6.421, 6.067, 6.387, 8.05, 10.595, 10.859, 8.821, 8.311, 10.678, 14.738, 17.177, 17.208, 16.102, 15.429, 15.431, 14.75, 13.308, 12.653, 12.585, 13.396, 13.412, 10.706, 7.794, 5.232, 2.872, 2.083, 2.426, 2.409, 2.367, 2.686, 3.406, 4.062, 4.173, 4.108, 4.188, 3.094], [2.484, 1.346, 0.974, 0.0, 1.404, 2.267, 2.006, 2.294, 2.084, 2.116, 1.617, 1.265, 1.638, 1.379, 1.634, 1.688, 1.811, 1.649, 1.906, 2.159, 2.457, 2.626, 2.142, 2.755, 4.186, 5.898, 6.667, 6.621, 6.463, 6.545, 6.162, 6.687, 7.258, 7.084, 6.887, 6.719, 7.447, 8.28, 9.101, 9.243, 9.202, 9.201, 9.837, 10.865, 10.121, 7.339, 4.947, 3.611, 2.826, 3.027, 3.426, 3.58, 4.423, 5.502, 6.035, 6.134, 5.74, 4.537, 3.24, 2.802, 2.557, 2.773, 2.712, 2.72, 2.764, 2.892, 4.607, 4.838, 4.002, 2.723, 2.432, 2.782, 2.884, 3.023, 3.313, 3.407, 3.377, 3.049, 2.545, 2.611, 4.171, 6.485, 6.405, 6.133, 6.417, 6.288, 6.746, 6.707, 6.233, 5.25, 5.101, 4.605, 4.106, 3.275, 3.478, 4.021, 4.505, 4.685, 4.922, 5.011, 4.661, 4.247, 4.472, 4.424, 4.283, 4.313, 3.04, 2.712, 3.218, 3.57, 3.797, 3.146, 3.365, 4.129, 4.383, 4.25, 4.958, 6.217, 6.878, 6.712, 6.356, 6.562, 6.463, 6.17, 6.465, 8.038, 10.598, 10.872, 8.821, 8.329, 10.689, 14.748, 17.195, 17.218, 16.108, 15.44, 15.442, 14.761, 13.318, 12.67, 12.595, 13.406, 13.431, 10.895, 8.14, 5.537, 3.083, 2.101, 2.415, 2.379, 2.384, 2.632, 3.334, 4.005, 4.029, 4.003, 4.098, 3.051], [3.066, 1.845, 1.643, 1.404, 0.0, 1.615, 2.053, 2.562, 2.556, 2.678, 2.136, 1.829, 1.956, 1.705, 1.787, 1.923, 2.395, 2.314, 2.412, 2.854, 3.137, 3.24, 2.765, 3.662, 5.02, 6.699, 7.503, 7.378, 7.232, 7.338, 6.934, 7.601, 8.201, 7.922, 7.722, 7.607, 8.37, 9.243, 10.007, 10.226, 10.18, 10.162, 10.659, 11.564, 10.935, 8.076, 5.858, 4.461, 3.381, 3.609, 4.138, 4.305, 4.944, 6.074, 6.743, 6.815, 6.409, 5.127, 3.763, 3.289, 3.043, 3.245, 3.147, 3.054, 3.263, 3.04, 3.93, 4.203, 3.512, 2.457, 2.449, 2.801, 2.782, 2.577, 2.829, 3.002, 2.894, 2.561, 2.042, 1.817, 3.643, 5.967, 5.694, 5.236, 5.606, 5.504, 6.109, 6.215, 5.619, 4.609, 4.533, 4.033, 3.542, 3.079, 3.991, 4.347, 4.441, 4.33, 4.512, 4.562, 4.319, 3.966, 4.21, 3.983, 3.919, 4.116, 2.963, 2.814, 3.647, 4.359, 4.658, 4.102, 4.346, 5.092, 5.287, 5.139, 5.917, 7.124, 7.657, 7.369, 6.969, 7.174, 7.097, 6.834, 7.197, 8.825, 11.24, 11.478, 9.431, 8.961, 11.296, 15.348, 17.794, 17.822, 16.703, 16.047, 16.052, 15.361, 13.918, 13.277, 13.195, 14.017, 14.07, 11.835, 9.066, 6.352, 3.861, 1.888, 2.063, 1.97, 1.866, 2.151, 2.754, 3.392, 3.44, 3.451, 3.568, 2.466], [3.776, 2.746, 2.641, 2.267, 1.615, 0.0, 1.728, 2.461, 2.323, 2.417, 2.268, 2.426, 2.626, 2.48, 2.462, 2.539, 2.801, 2.511, 2.603, 2.751, 3.001, 3.128, 3.118, 3.817, 5.113, 6.806, 7.673, 7.576, 7.448, 7.55, 7.13, 7.771, 8.471, 8.204, 8.072, 7.94, 8.711, 9.665, 10.417, 10.597, 10.566, 10.48, 10.95, 11.836, 11.28, 8.534, 6.21, 4.452, 3.412, 3.363, 4.004, 4.171, 4.582, 5.915, 6.633, 6.897, 6.56, 5.287, 3.945, 3.272, 3.082, 3.244, 3.417, 3.076, 3.217, 2.899, 3.519, 3.625, 2.841, 2.321, 2.338, 2.536, 2.781, 2.435, 2.417, 2.763, 2.74, 2.81, 2.484, 2.18, 3.819, 6.073, 5.665, 5.495, 6.023, 6.035, 6.823, 6.885, 6.395, 5.343, 5.084, 4.531, 3.986, 3.519, 4.314, 4.771, 4.729, 4.483, 4.47, 4.564, 4.289, 4.049, 4.243, 4.041, 3.943, 4.491, 3.345, 3.116, 4.084, 4.661, 4.905, 4.51, 4.665, 5.447, 5.669, 5.55, 6.322, 7.547, 8.115, 7.752, 7.415, 7.562, 7.533, 7.345, 7.738, 9.357, 11.717, 11.826, 9.757, 9.299, 11.637, 15.674, 18.142, 18.205, 17.098, 16.419, 16.383, 15.73, 14.298, 13.656, 13.562, 14.355, 14.467, 12.213, 9.347, 6.464, 3.913, 2.529, 2.495, 2.332, 2.368, 2.191, 2.537, 3.104, 3.156, 2.984, 3.069, 2.193], [3.648, 2.446, 2.087, 2.006, 2.053, 1.728, 0.0, 1.668, 1.735, 1.888, 1.927, 2.223, 2.725, 2.543, 2.717, 2.77, 2.508, 1.913, 1.513, 1.624, 1.971, 2.26, 2.596, 3.201, 4.598, 6.311, 7.084, 7.196, 7.133, 7.233, 6.745, 7.235, 7.905, 7.941, 7.787, 7.429, 8.155, 9.241, 10.036, 10.233, 10.093, 9.923, 10.507, 11.425, 10.993, 8.204, 5.737, 3.702, 2.296, 2.362, 2.887, 3.005, 3.428, 5.123, 6.058, 6.581, 6.149, 4.709, 3.459, 2.767, 2.513, 2.867, 3.008, 2.333, 2.099, 2.31, 3.813, 4.039, 3.417, 2.625, 2.069, 2.099, 2.383, 2.67, 3.239, 3.623, 3.706, 3.689, 3.244, 3.013, 4.525, 6.864, 6.942, 6.776, 7.268, 7.208, 7.858, 7.861, 7.36, 6.32, 6.115, 5.571, 4.978, 4.113, 4.122, 4.535, 5.075, 5.332, 5.59, 5.683, 5.288, 4.809, 4.961, 4.834, 4.722, 4.802, 3.533, 2.835, 3.465, 4.086, 4.436, 4.008, 4.298, 5.106, 5.288, 5.188, 5.924, 7.151, 7.703, 7.409, 7.072, 7.265, 7.145, 6.939, 7.315, 8.929, 11.404, 11.564, 9.519, 9.052, 11.381, 15.446, 17.885, 17.919, 16.794, 16.138, 16.139, 15.487, 14.016, 13.366, 13.314, 14.111, 14.138, 11.856, 8.657, 5.845, 3.236, 2.301, 2.494, 2.449, 2.564, 2.668, 3.023, 3.356, 3.366, 3.196, 3.312, 2.535], [3.162, 2.317, 2.001, 2.294, 2.562, 2.461, 1.668, 0.0, 1.006, 1.231, 1.395, 2.026, 2.492, 2.387, 2.411, 2.127, 1.859, 1.482, 1.592, 1.909, 2.477, 2.401, 1.971, 1.962, 3.078, 4.76, 5.661, 5.853, 5.75, 5.855, 5.4, 5.685, 6.356, 6.478, 6.496, 6.08, 6.678, 7.955, 8.789, 8.838, 8.645, 8.525, 9.208, 10.222, 9.722, 7.003, 4.326, 2.27, 1.631, 2.358, 2.998, 3.13, 2.827, 3.9, 4.731, 5.361, 4.914, 3.81, 3.356, 2.893, 2.417, 2.035, 2.221, 1.896, 1.929, 3.067, 4.824, 5.102, 4.238, 3.162, 2.677, 2.666, 3.06, 3.481, 3.749, 4.088, 4.367, 4.184, 3.649, 3.105, 4.341, 6.653, 6.827, 6.723, 7.293, 7.375, 8.141, 8.219, 7.722, 6.497, 6.161, 5.541, 4.944, 3.837, 3.643, 3.975, 4.658, 4.979, 5.297, 5.332, 4.9, 4.242, 4.414, 4.593, 4.424, 4.404, 3.01, 2.355, 2.754, 3.098, 2.958, 2.653, 2.996, 3.752, 4.025, 3.95, 4.63, 5.899, 6.537, 6.344, 5.998, 6.155, 6.103, 5.833, 6.176, 7.783, 10.211, 10.442, 8.388, 7.92, 10.27, 14.304, 16.768, 16.832, 15.733, 15.047, 15.003, 14.348, 12.927, 12.287, 12.183, 12.981, 13.047, 10.472, 7.17, 4.329, 1.864, 2.312, 2.824, 2.884, 2.879, 3.007, 3.683, 4.333, 4.394, 4.238, 4.377, 3.321], [3.098, 2.391, 1.924, 2.084, 2.556, 2.323, 1.735, 1.006, 0.0, 0.993, 1.304, 2.004, 2.514, 2.392, 2.335, 2.235, 1.932, 1.482, 1.802, 2.031, 2.554, 2.321, 1.749, 1.926, 3.043, 4.785, 5.755, 5.81, 5.638, 5.858, 5.267, 5.658, 6.412, 6.421, 6.397, 6.001, 6.706, 7.849, 8.672, 8.841, 8.67, 8.516, 9.077, 9.958, 9.536, 6.886, 4.323, 2.413, 1.819, 2.35, 3.004, 3.086, 2.773, 3.953, 4.77, 5.224, 4.744, 3.588, 2.955, 2.55, 2.082, 1.871, 1.917, 1.705, 1.963, 3.14, 5.01, 5.238, 4.308, 2.91, 2.493, 2.661, 3.157, 3.565, 3.743, 3.99, 4.318, 4.238, 3.613, 3.038, 4.33, 6.633, 6.84, 6.938, 7.523, 7.459, 8.303, 8.366, 7.873, 6.748, 6.437, 5.775, 5.121, 4.013, 3.813, 4.166, 4.886, 5.158, 5.409, 5.646, 5.16, 4.466, 4.665, 4.778, 4.589, 4.538, 3.218, 2.689, 2.986, 3.304, 3.069, 2.762, 3.066, 3.77, 3.967, 3.838, 4.515, 5.759, 6.469, 6.22, 5.875, 6.027, 5.986, 5.757, 6.083, 7.681, 10.118, 10.269, 8.26, 7.644, 10.006, 14.18, 16.641, 16.709, 15.6, 14.916, 14.863, 14.09, 12.799, 12.158, 12.05, 12.862, 12.922, 10.496, 7.279, 4.415, 2.091, 2.602, 3.145, 3.004, 3.118, 3.294, 3.93, 4.549, 4.538, 4.446, 4.629, 3.529], [3.192, 2.362, 1.966, 2.116, 2.678, 2.417, 1.888, 1.231, 0.993, 0.0, 1.188, 1.968, 2.539, 2.629, 2.493, 2.572, 1.969, 1.411, 1.622, 1.744, 2.186, 1.88, 1.475, 1.766, 3.101, 4.767, 5.719, 5.765, 5.688, 5.839, 5.417, 5.726, 6.385, 6.492, 6.406, 6.033, 6.693, 7.898, 8.769, 8.845, 8.617, 8.616, 9.199, 10.085, 9.575, 6.942, 4.345, 2.401, 1.498, 1.985, 2.541, 2.743, 2.555, 3.843, 4.766, 5.295, 4.8, 3.577, 2.721, 2.335, 1.885, 1.684, 1.911, 1.616, 1.661, 2.973, 4.867, 5.036, 4.156, 3.006, 2.627, 2.614, 3.154, 3.522, 3.758, 4.137, 4.378, 4.241, 3.82, 3.39, 4.67, 6.95, 7.135, 7.226, 7.8, 7.715, 8.511, 8.552, 8.074, 6.996, 6.712, 6.108, 5.477, 4.374, 4.114, 4.52, 5.21, 5.48, 5.772, 5.929, 5.408, 4.631, 4.853, 5.123, 4.907, 4.883, 3.545, 3.056, 3.281, 3.349, 2.988, 2.759, 2.957, 3.765, 4.004, 3.861, 4.532, 5.846, 6.522, 6.314, 5.979, 6.132, 6.096, 5.829, 6.146, 7.751, 10.182, 10.349, 8.315, 7.783, 10.143, 14.231, 16.698, 16.775, 15.677, 14.985, 14.921, 14.2, 12.859, 12.224, 12.105, 12.907, 13.035, 10.496, 7.236, 4.356, 2.146, 2.626, 3.061, 3.014, 3.152, 3.207, 3.819, 4.404, 4.47, 4.361, 4.511, 3.456], [2.606, 1.863, 1.448, 1.617, 2.136, 2.268, 1.927, 1.395, 1.304, 1.188, 0.0, 1.163, 1.819, 1.828, 1.791, 1.793, 1.709, 1.435, 1.478, 1.777, 2.057, 2.088, 1.471, 1.878, 3.282, 5.067, 6.048, 6.049, 5.811, 5.906, 5.348, 5.895, 6.615, 6.432, 6.429, 6.213, 6.836, 7.847, 8.664, 8.755, 8.693, 8.591, 9.217, 10.365, 9.681, 6.95, 4.393, 2.608, 1.594, 2.144, 2.743, 2.861, 3.099, 4.337, 5.09, 5.454, 5.112, 3.868, 2.836, 2.26, 1.792, 1.729, 1.877, 1.619, 1.636, 3.172, 4.999, 5.279, 4.455, 3.127, 2.656, 2.831, 3.125, 3.45, 3.712, 3.906, 4.004, 3.954, 3.488, 3.048, 4.675, 6.999, 6.943, 6.719, 7.204, 7.141, 7.77, 7.79, 7.305, 6.217, 5.931, 5.346, 4.703, 3.799, 3.906, 4.355, 4.888, 5.054, 5.337, 5.456, 5.111, 4.629, 4.861, 4.866, 4.755, 4.815, 3.32, 2.796, 3.332, 3.394, 3.357, 2.789, 2.818, 3.615, 3.867, 3.795, 4.565, 5.767, 6.512, 6.343, 6.004, 6.167, 6.112, 5.814, 6.113, 7.718, 10.215, 10.467, 8.409, 7.946, 10.285, 14.331, 16.786, 16.843, 15.745, 15.062, 15.034, 14.358, 12.944, 12.298, 12.195, 12.992, 13.057, 10.407, 7.463, 4.724, 2.258, 2.366, 2.921, 2.811, 2.893, 3.095, 3.764, 4.41, 4.402, 4.27, 4.401, 3.319], [2.002, 1.477, 1.299, 1.265, 1.829, 2.426, 2.223, 2.026, 2.004, 1.968, 1.163, 0.0, 1.178, 1.19, 1.378, 1.38, 1.457, 1.377, 1.786, 2.271, 2.566, 2.645, 1.947, 2.393, 3.774, 5.539, 6.385, 6.342, 6.079, 6.159, 5.656, 6.315, 6.959, 6.708, 6.591, 6.487, 7.106, 7.959, 8.603, 8.799, 8.841, 8.845, 9.414, 10.638, 9.72, 7.025, 4.628, 3.161, 2.416, 2.874, 3.489, 3.625, 4.079, 5.03, 5.63, 5.824, 5.469, 4.26, 3.307, 2.69, 2.378, 2.416, 2.287, 2.32, 2.452, 3.407, 5.214, 5.489, 4.63, 3.307, 2.869, 3.095, 3.34, 3.677, 3.89, 4.012, 3.885, 3.736, 3.205, 2.812, 4.199, 6.52, 6.383, 6.095, 6.515, 6.417, 6.948, 6.873, 6.343, 5.314, 5.07, 4.51, 3.923, 3.201, 3.443, 4.027, 4.39, 4.651, 4.933, 5.077, 4.747, 4.48, 4.7, 4.361, 4.187, 4.469, 3.144, 2.743, 3.282, 3.579, 3.686, 2.964, 3.04, 3.618, 3.828, 3.866, 4.648, 5.765, 6.348, 6.162, 5.833, 6.033, 5.919, 5.581, 5.9, 7.523, 10.096, 10.345, 8.295, 7.854, 10.162, 14.228, 16.665, 16.695, 15.579, 14.917, 14.917, 14.231, 12.793, 12.145, 12.072, 12.879, 12.907, 10.383, 7.771, 5.204, 2.789, 2.334, 2.966, 2.927, 2.856, 3.175, 3.925, 4.622, 4.652, 4.487, 4.62, 3.588], [1.81, 1.461, 1.676, 1.638, 1.956, 2.626, 2.725, 2.492, 2.514, 2.539, 1.819, 1.178, 0.0, 0.843, 1.167, 1.117, 1.382, 1.753, 2.291, 2.883, 3.14, 3.269, 2.664, 2.891, 4.257, 5.864, 6.502, 6.486, 6.279, 6.414, 6.02, 6.55, 7.061, 6.832, 6.74, 6.606, 7.168, 7.713, 8.408, 8.611, 8.679, 8.942, 9.701, 10.697, 9.526, 7.041, 4.685, 3.494, 3.128, 3.593, 4.186, 4.345, 4.755, 5.514, 5.967, 6.093, 5.717, 4.606, 3.957, 3.383, 3.045, 3.11, 2.966, 3.004, 3.137, 3.697, 5.392, 5.643, 4.764, 3.456, 3.117, 3.384, 3.595, 3.824, 4.082, 4.212, 3.973, 3.798, 3.271, 2.686, 3.62, 5.954, 5.705, 5.428, 5.853, 5.768, 6.273, 6.194, 5.656, 4.712, 4.422, 3.878, 3.276, 2.405, 3.049, 3.591, 3.826, 3.985, 4.24, 4.315, 4.082, 3.896, 4.088, 3.727, 3.614, 3.96, 2.7, 2.735, 3.427, 3.832, 3.857, 2.914, 2.994, 3.426, 3.712, 3.783, 4.498, 5.554, 6.208, 6.058, 5.708, 5.917, 5.805, 5.579, 5.765, 7.424, 9.947, 10.203, 8.154, 7.697, 10.11, 14.078, 16.525, 16.553, 15.438, 14.776, 14.784, 14.091, 12.652, 12.004, 11.93, 12.738, 12.767, 10.123, 8.022, 5.468, 3.13, 2.664, 3.193, 3.165, 3.091, 3.423, 4.156, 4.859, 4.877, 4.693, 4.826, 3.782], [2.282, 1.489, 1.361, 1.379, 1.705, 2.48, 2.543, 2.387, 2.392, 2.629, 1.828, 1.19, 0.843, 0.0, 0.953, 0.988, 1.638, 1.715, 2.061, 2.641, 2.897, 3.054, 2.427, 2.953, 4.347, 6.094, 6.799, 6.883, 6.613, 6.783, 6.284, 6.795, 7.335, 7.092, 7.145, 6.995, 7.399, 8.027, 8.797, 8.851, 8.911, 9.133, 9.986, 11.081, 9.96, 7.441, 4.992, 3.731, 3.016, 3.463, 3.947, 4.081, 4.754, 5.672, 6.3, 6.491, 6.125, 4.914, 3.856, 3.356, 3.052, 3.112, 3.063, 3.063, 2.988, 3.356, 5.029, 5.317, 4.485, 3.096, 2.849, 3.029, 3.163, 3.42, 3.65, 3.778, 3.539, 3.336, 2.982, 2.726, 3.961, 6.298, 6.122, 5.788, 6.127, 6.002, 6.43, 6.292, 5.803, 4.864, 4.629, 4.103, 3.504, 2.749, 3.255, 3.714, 3.96, 4.23, 4.467, 4.562, 4.243, 3.981, 4.248, 3.954, 3.932, 4.31, 2.816, 2.812, 3.532, 4.025, 4.042, 3.129, 3.241, 3.691, 4.015, 4.158, 4.87, 5.951, 6.675, 6.522, 6.189, 6.39, 6.275, 6.019, 6.233, 7.852, 10.433, 10.7, 8.651, 8.168, 10.555, 14.572, 17.021, 17.05, 15.935, 15.272, 15.272, 14.586, 13.149, 12.501, 12.427, 13.234, 13.263, 10.497, 8.231, 5.726, 3.29, 2.34, 2.723, 2.701, 2.616, 2.933, 3.666, 4.359, 4.391, 4.223, 4.361, 3.344], [2.511, 1.734, 1.629, 1.634, 1.787, 2.462, 2.717, 2.411, 2.335, 2.493, 1.791, 1.378, 1.167, 0.953, 0.0, 0.855, 1.704, 1.891, 2.162, 2.716, 2.925, 3.088, 2.334, 2.838, 4.305, 6.057, 6.769, 6.863, 6.684, 6.781, 6.388, 6.743, 7.29, 7.121, 7.166, 7.035, 7.461, 8.217, 8.997, 8.897, 8.944, 9.073, 10.036, 11.172, 10.223, 7.546, 5.022, 3.74, 2.943, 3.409, 4.068, 4.193, 4.521, 5.692, 6.373, 6.578, 6.189, 5.017, 4.108, 3.563, 3.117, 3.076, 3.0, 3.131, 3.048, 3.357, 4.924, 5.213, 4.401, 3.113, 2.819, 3.035, 3.107, 3.298, 3.541, 3.671, 3.509, 3.283, 2.972, 2.65, 4.29, 6.64, 6.297, 5.715, 6.097, 6.032, 6.664, 6.527, 6.004, 4.956, 4.671, 4.045, 3.447, 2.838, 3.438, 3.851, 4.109, 4.464, 4.721, 4.666, 4.401, 4.167, 4.473, 4.285, 4.249, 4.545, 3.087, 2.799, 3.47, 4.029, 4.003, 3.026, 3.266, 3.797, 4.25, 4.337, 5.071, 6.144, 6.861, 6.708, 6.38, 6.582, 6.479, 6.144, 6.378, 8.056, 10.631, 10.894, 8.845, 8.377, 10.704, 14.754, 17.204, 17.244, 16.129, 15.459, 15.457, 14.768, 13.332, 12.687, 12.612, 13.428, 13.455, 10.586, 8.142, 5.633, 3.299, 2.206, 2.611, 2.531, 2.557, 2.813, 3.475, 4.16, 4.228, 4.172, 4.375, 3.307], [2.341, 1.549, 1.609, 1.688, 1.923, 2.539, 2.77, 2.127, 2.235, 2.572, 1.793, 1.38, 1.117, 0.988, 0.855, 0.0, 1.245, 1.661, 2.328, 2.951, 3.152, 3.322, 2.523, 2.701, 3.93, 5.643, 6.376, 6.43, 6.202, 6.374, 5.906, 6.344, 6.918, 6.74, 6.774, 6.534, 7.01, 7.868, 8.669, 8.689, 8.664, 8.744, 9.6, 10.698, 9.868, 7.158, 4.564, 3.28, 3.003, 3.591, 4.237, 4.361, 4.54, 5.356, 5.848, 6.045, 5.679, 4.673, 4.191, 3.701, 3.185, 2.961, 2.952, 3.069, 3.163, 3.556, 5.21, 5.475, 4.623, 3.228, 2.933, 3.188, 3.365, 3.592, 3.81, 3.957, 3.668, 3.487, 3.069, 2.393, 3.991, 6.355, 6.041, 5.557, 5.976, 6.027, 6.707, 6.591, 6.006, 4.893, 4.557, 3.903, 3.302, 2.549, 3.156, 3.652, 3.939, 4.168, 4.396, 4.406, 4.118, 3.887, 4.173, 3.933, 3.949, 4.289, 2.72, 2.433, 3.107, 3.671, 3.699, 2.788, 2.915, 3.589, 4.003, 4.027, 4.689, 5.844, 6.584, 6.431, 6.103, 6.298, 6.185, 5.857, 6.103, 7.787, 10.34, 10.613, 8.563, 8.073, 10.424, 14.475, 16.925, 16.956, 15.852, 15.179, 15.177, 14.488, 13.053, 12.407, 12.331, 13.144, 13.176, 10.346, 7.794, 5.275, 2.912, 2.287, 2.891, 2.869, 2.781, 3.102, 3.824, 4.502, 4.53, 4.407, 4.538, 3.48], [2.157, 1.741, 1.723, 1.811, 2.395, 2.801, 2.508, 1.859, 1.932, 1.969, 1.709, 1.457, 1.382, 1.638, 1.704, 1.245, 0.0, 1.112, 2.021, 2.717, 2.926, 3.055, 2.428, 2.394, 3.474, 5.095, 5.749, 5.811, 5.753, 5.956, 5.447, 5.807, 6.302, 6.35, 6.213, 5.929, 6.402, 7.433, 8.207, 8.333, 8.158, 8.285, 9.109, 10.007, 9.355, 6.581, 4.03, 2.777, 2.619, 3.227, 3.973, 4.118, 4.017, 4.715, 5.23, 5.502, 5.085, 4.043, 3.75, 3.406, 2.822, 2.628, 2.462, 2.574, 2.853, 3.932, 5.744, 6.0, 5.132, 3.841, 3.409, 3.604, 3.885, 4.14, 4.393, 4.594, 4.271, 4.059, 3.664, 2.697, 3.756, 6.081, 6.047, 5.964, 6.433, 6.502, 7.184, 7.142, 6.485, 5.344, 5.041, 4.368, 3.77, 2.813, 3.005, 3.594, 3.974, 4.25, 4.463, 4.612, 4.184, 3.76, 4.057, 3.807, 3.786, 4.095, 2.641, 2.267, 2.6, 3.091, 3.159, 2.328, 2.376, 3.176, 3.547, 3.495, 4.151, 5.382, 6.093, 5.918, 5.554, 5.75, 5.641, 5.297, 5.556, 7.256, 9.791, 10.063, 8.009, 7.575, 9.877, 13.927, 16.378, 16.409, 15.291, 14.632, 14.64, 13.943, 12.505, 11.86, 11.783, 12.597, 12.644, 9.951, 7.226, 4.68, 2.583, 2.794, 3.497, 3.482, 3.409, 3.725, 4.469, 5.15, 5.131, 4.942, 5.069, 3.955], [2.794, 1.694, 1.421, 1.649, 2.314, 2.511, 1.913, 1.482, 1.482, 1.411, 1.435, 1.377, 1.753, 1.715, 1.891, 1.661, 1.112, 0.0, 1.268, 1.923, 2.324, 2.396, 1.825, 2.011, 3.391, 5.059, 5.802, 6.014, 6.007, 6.108, 5.59, 5.851, 6.421, 6.702, 6.664, 6.137, 6.695, 7.879, 8.747, 8.758, 8.53, 8.492, 9.35, 10.385, 9.879, 7.111, 4.393, 2.605, 1.992, 2.529, 3.279, 3.426, 3.393, 4.356, 5.202, 5.652, 5.175, 3.929, 3.49, 3.169, 2.579, 2.368, 2.439, 2.287, 2.211, 3.231, 5.061, 5.335, 4.466, 3.445, 2.977, 2.895, 3.225, 3.52, 3.792, 4.077, 3.973, 3.823, 3.258, 2.937, 4.31, 6.637, 6.681, 6.692, 7.211, 7.151, 7.722, 7.578, 7.083, 6.084, 5.812, 5.146, 4.509, 3.453, 3.367, 3.935, 4.397, 4.722, 5.038, 5.14, 4.624, 4.139, 4.426, 4.327, 4.302, 4.458, 3.026, 2.251, 2.544, 2.998, 3.131, 2.549, 2.695, 3.608, 4.006, 3.968, 4.635, 5.865, 6.624, 6.491, 6.152, 6.346, 6.233, 5.888, 6.161, 7.829, 10.394, 10.657, 8.602, 8.116, 10.471, 14.522, 16.972, 17.005, 15.893, 15.226, 15.228, 14.535, 13.1, 12.455, 12.378, 13.195, 13.224, 10.42, 7.201, 4.577, 2.319, 2.246, 2.885, 2.932, 2.801, 3.112, 3.78, 4.459, 4.432, 4.282, 4.39, 3.313], [3.507, 2.038, 1.648, 1.906, 2.412, 2.603, 1.513, 1.592, 1.802, 1.622, 1.478, 1.786, 2.291, 2.061, 2.162, 2.328, 2.021, 1.268, 0.0, 0.997, 1.397, 1.746, 1.563, 2.27, 3.788, 5.544, 6.56, 6.848, 6.82, 6.825, 6.302, 6.465, 7.103, 7.472, 7.555, 7.073, 7.52, 8.725, 9.628, 9.355, 9.025, 8.986, 10.126, 11.304, 10.792, 8.05, 5.271, 2.876, 1.616, 1.901, 2.514, 2.672, 3.223, 4.574, 5.756, 6.433, 5.966, 4.613, 3.489, 2.878, 2.521, 2.672, 2.914, 2.329, 1.597, 2.475, 4.314, 4.621, 3.953, 3.123, 2.581, 2.279, 2.309, 2.857, 3.28, 3.668, 3.914, 3.761, 3.373, 3.593, 5.196, 7.523, 7.537, 7.411, 7.859, 7.747, 8.192, 8.048, 7.577, 6.61, 6.377, 5.816, 5.158, 4.282, 4.152, 4.442, 4.875, 5.485, 5.828, 5.757, 5.236, 4.794, 5.138, 5.239, 5.187, 5.293, 3.774, 2.403, 2.906, 3.601, 3.739, 3.055, 3.449, 4.324, 4.856, 4.886, 5.501, 6.753, 7.562, 7.418, 7.096, 7.292, 7.177, 6.832, 7.101, 8.745, 11.336, 11.604, 9.555, 9.06, 11.422, 15.477, 17.925, 17.954, 16.839, 16.176, 16.176, 15.49, 14.053, 13.405, 13.331, 14.138, 14.169, 11.208, 7.688, 5.007, 2.474, 1.837, 2.083, 2.161, 2.206, 2.334, 2.934, 3.512, 3.526, 3.362, 3.612, 2.58], [3.927, 2.563, 2.102, 2.159, 2.854, 2.751, 1.624, 1.909, 2.031, 1.744, 1.777, 2.271, 2.883, 2.641, 2.716, 2.951, 2.717, 1.923, 0.997, 0.0, 1.07, 1.508, 1.72, 2.549, 4.121, 5.811, 6.833, 7.144, 7.172, 7.151, 6.636, 6.8, 7.413, 7.814, 7.887, 7.391, 7.835, 9.085, 10.001, 9.834, 9.476, 9.448, 10.459, 11.636, 11.15, 8.387, 5.592, 3.152, 1.574, 1.599, 1.781, 2.061, 3.055, 4.628, 6.03, 6.754, 6.274, 4.907, 3.446, 2.645, 2.605, 2.871, 3.168, 2.556, 1.547, 1.934, 3.731, 4.075, 3.527, 2.938, 2.253, 1.84, 1.983, 2.568, 3.044, 3.568, 3.961, 3.855, 3.703, 4.08, 5.746, 8.041, 8.143, 7.936, 8.354, 8.26, 8.68, 8.588, 8.149, 7.193, 6.95, 6.371, 5.719, 4.904, 4.776, 5.012, 5.6, 6.081, 6.424, 6.399, 5.849, 5.353, 5.677, 5.867, 5.732, 5.73, 4.275, 3.015, 3.443, 3.85, 3.901, 3.538, 3.852, 4.747, 5.214, 5.208, 5.839, 7.096, 7.913, 7.765, 7.429, 7.637, 7.533, 7.209, 7.472, 9.089, 11.666, 11.943, 9.897, 9.401, 11.764, 15.816, 18.263, 18.293, 17.178, 16.516, 16.517, 15.827, 14.392, 13.745, 13.67, 14.482, 14.509, 11.597, 7.931, 5.206, 2.534, 2.143, 2.253, 2.327, 2.481, 2.422, 2.661, 3.072, 3.049, 2.923, 3.13, 2.35], [4.123, 2.758, 2.436, 2.457, 3.137, 3.001, 1.971, 2.477, 2.554, 2.186, 2.057, 2.566, 3.14, 2.897, 2.925, 3.152, 2.926, 2.324, 1.397, 1.07, 0.0, 1.199, 1.812, 2.794, 4.236, 5.958, 7.054, 7.348, 7.354, 7.368, 6.803, 6.949, 7.569, 7.987, 8.071, 7.575, 8.05, 9.3, 10.244, 10.006, 9.578, 9.579, 10.674, 11.857, 11.334, 8.613, 5.842, 3.359, 1.927, 1.687, 1.743, 2.002, 3.153, 5.014, 6.236, 6.954, 6.481, 5.121, 3.547, 2.793, 2.798, 3.111, 3.377, 2.795, 1.682, 1.776, 3.585, 4.01, 3.55, 2.801, 2.087, 1.677, 1.729, 2.267, 3.022, 3.653, 4.126, 4.089, 3.941, 4.355, 6.164, 8.47, 8.454, 8.194, 8.599, 8.492, 8.929, 8.904, 8.454, 7.498, 7.25, 6.684, 6.039, 5.25, 5.244, 5.529, 5.94, 6.457, 6.751, 6.775, 6.244, 5.719, 6.067, 6.366, 6.258, 6.314, 4.741, 3.465, 3.977, 4.517, 4.371, 4.015, 4.179, 5.007, 5.479, 5.498, 6.089, 7.34, 8.159, 8.021, 7.679, 7.843, 7.782, 7.453, 7.716, 9.333, 11.865, 12.148, 10.096, 9.628, 11.965, 16.017, 18.466, 18.523, 17.428, 16.742, 16.716, 16.038, 14.624, 13.977, 13.875, 14.675, 14.729, 11.821, 8.122, 5.393, 3.113, 2.53, 2.454, 2.45, 2.637, 2.649, 2.809, 2.961, 2.883, 2.742, 2.978, 2.646], [4.041, 2.858, 2.543, 2.626, 3.24, 3.128, 2.26, 2.401, 2.321, 1.88, 2.088, 2.645, 3.269, 3.054, 3.088, 3.322, 3.055, 2.396, 1.746, 1.508, 1.199, 0.0, 1.244, 2.562, 4.061, 5.722, 6.871, 7.167, 7.135, 7.207, 6.708, 6.831, 7.451, 7.809, 7.944, 7.482, 7.991, 9.276, 10.164, 9.962, 9.523, 9.555, 10.475, 11.518, 11.069, 8.454, 5.742, 3.281, 1.793, 1.497, 1.694, 2.014, 3.029, 4.607, 6.023, 6.726, 6.2, 4.867, 3.553, 2.868, 2.801, 2.935, 3.258, 2.668, 1.555, 1.883, 3.8, 4.284, 3.676, 2.814, 2.197, 1.702, 1.974, 2.662, 3.349, 4.063, 4.524, 4.517, 4.115, 4.302, 6.039, 8.354, 8.393, 8.196, 8.63, 8.487, 9.11, 9.126, 8.656, 7.657, 7.41, 6.871, 6.247, 5.443, 5.415, 5.704, 6.152, 6.614, 6.897, 6.891, 6.339, 5.688, 6.047, 6.492, 6.336, 6.401, 4.903, 3.634, 4.107, 4.592, 4.067, 4.031, 4.319, 5.1, 5.465, 5.423, 5.954, 7.282, 8.053, 7.863, 7.527, 7.687, 7.647, 7.36, 7.65, 9.215, 11.715, 11.903, 9.867, 9.292, 11.639, 15.78, 18.245, 18.332, 17.235, 16.542, 16.469, 15.692, 14.419, 13.781, 13.665, 14.45, 14.586, 11.788, 7.959, 4.937, 2.695, 2.441, 2.589, 2.653, 2.739, 2.723, 2.917, 3.279, 3.036, 3.038, 3.202, 2.783], [3.243, 2.322, 1.927, 2.142, 2.765, 3.118, 2.596, 1.971, 1.749, 1.475, 1.471, 1.947, 2.664, 2.427, 2.334, 2.523, 2.428, 1.825, 1.563, 1.72, 1.812, 1.244, 0.0, 1.669, 3.169, 4.829, 5.92, 6.225, 6.19, 6.276, 5.775, 5.919, 6.501, 6.858, 6.987, 6.532, 7.04, 8.325, 9.213, 9.003, 8.596, 8.595, 9.525, 10.607, 10.121, 7.503, 4.791, 2.55, 1.363, 1.593, 2.059, 2.291, 2.819, 4.021, 5.228, 5.8, 5.277, 3.992, 2.972, 2.703, 2.254, 2.172, 2.395, 2.156, 1.362, 2.573, 4.622, 4.867, 4.146, 2.919, 2.607, 2.276, 2.688, 3.317, 3.491, 3.946, 4.33, 4.153, 3.7, 3.73, 5.432, 7.776, 7.738, 7.568, 7.983, 7.825, 8.553, 8.578, 8.08, 7.006, 6.746, 6.245, 5.639, 4.821, 4.793, 5.083, 5.538, 6.01, 6.287, 6.277, 5.741, 5.103, 5.425, 5.915, 5.739, 5.799, 4.302, 3.099, 3.493, 3.798, 3.287, 3.232, 3.491, 4.236, 4.611, 4.528, 5.017, 6.332, 7.102, 6.913, 6.579, 6.737, 6.697, 6.409, 6.7, 8.265, 10.765, 10.952, 8.916, 8.382, 10.713, 14.822, 17.281, 17.382, 16.295, 15.591, 15.518, 14.767, 13.468, 12.83, 12.715, 13.499, 13.636, 10.837, 7.101, 4.168, 1.969, 1.955, 2.496, 2.534, 2.486, 2.698, 3.348, 3.906, 3.969, 3.89, 4.132, 3.061], [3.372, 2.656, 2.505, 2.755, 3.662, 3.817, 3.201, 1.962, 1.926, 1.766, 1.878, 2.393, 2.891, 2.953, 2.838, 2.701, 2.394, 2.011, 2.27, 2.549, 2.794, 2.562, 1.669, 0.0, 1.993, 3.598, 4.569, 4.806, 4.754, 4.829, 4.428, 4.352, 5.031, 5.395, 5.506, 5.0, 5.503, 6.775, 7.664, 7.521, 7.244, 7.189, 8.102, 9.202, 8.664, 6.026, 3.269, 1.404, 1.395, 2.437, 2.64, 2.471, 2.193, 3.138, 3.947, 4.46, 3.965, 2.794, 2.738, 2.582, 1.915, 1.592, 1.753, 1.761, 1.908, 4.006, 5.963, 6.263, 5.417, 4.08, 3.416, 3.406, 3.97, 4.494, 4.672, 4.966, 5.406, 5.168, 4.455, 3.976, 5.246, 7.482, 7.699, 7.675, 8.207, 8.082, 8.806, 8.833, 8.334, 7.239, 6.943, 6.274, 5.62, 4.691, 4.365, 4.564, 5.277, 5.74, 6.052, 6.142, 5.635, 4.88, 5.224, 5.509, 5.358, 5.245, 3.777, 2.937, 3.101, 2.815, 2.439, 2.428, 2.357, 2.948, 3.334, 3.259, 3.656, 4.799, 5.578, 5.465, 5.139, 5.269, 5.202, 4.873, 5.141, 6.752, 9.278, 9.509, 7.519, 6.971, 9.332, 13.426, 15.88, 15.95, 14.852, 14.167, 14.107, 13.391, 12.041, 11.389, 11.306, 12.109, 12.148, 9.291, 5.762, 3.03, 1.53, 2.712, 3.603, 3.75, 3.67, 3.954, 4.705, 5.321, 5.354, 5.249, 5.478, 4.408], [4.68, 4.161, 3.934, 4.186, 5.02, 5.113, 4.598, 3.078, 3.043, 3.101, 3.282, 3.774, 4.257, 4.347, 4.305, 3.93, 3.474, 3.391, 3.788, 4.121, 4.236, 4.061, 3.169, 1.993, 0.0, 1.963, 3.061, 3.228, 3.159, 3.307, 2.892, 2.933, 3.555, 3.846, 4.066, 3.608, 4.126, 5.304, 6.154, 5.996, 5.645, 5.593, 6.512, 7.662, 7.162, 4.527, 2.041, 1.831, 2.918, 3.902, 3.951, 3.546, 2.222, 2.016, 2.43, 2.857, 2.646, 2.45, 3.229, 3.489, 2.968, 2.318, 2.425, 2.735, 3.267, 5.491, 7.491, 7.794, 7.005, 5.525, 4.897, 4.95, 5.458, 6.024, 6.192, 6.455, 6.862, 6.614, 5.916, 5.272, 5.584, 7.749, 8.119, 8.586, 9.3, 9.502, 10.286, 10.361, 9.826, 8.565, 8.086, 7.315, 6.778, 5.595, 4.876, 4.904, 5.655, 6.136, 6.594, 6.812, 5.885, 5.149, 5.42, 5.893, 5.705, 5.267, 4.401, 3.788, 3.385, 2.352, 2.106, 1.987, 2.22, 2.565, 2.807, 2.594, 2.812, 3.5, 4.114, 3.981, 3.628, 4.158, 3.885, 3.451, 3.756, 5.215, 7.699, 7.949, 5.985, 5.527, 7.818, 11.858, 14.313, 14.363, 13.276, 12.604, 12.538, 11.864, 10.469, 9.816, 9.72, 10.522, 10.571, 7.775, 4.287, 1.755, 2.431, 4.326, 5.089, 5.138, 5.046, 5.388, 6.179, 6.808, 6.895, 6.79, 6.98, 5.893], [6.025, 5.59, 5.63, 5.898, 6.699, 6.806, 6.311, 4.76, 4.785, 4.767, 5.067, 5.539, 5.864, 6.094, 6.057, 5.643, 5.095, 5.059, 5.544, 5.811, 5.958, 5.722, 4.829, 3.598, 1.963, 0.0, 1.573, 1.669, 1.802, 1.922, 1.679, 1.43, 1.945, 2.251, 2.559, 2.183, 2.549, 3.717, 4.53, 4.39, 4.038, 4.011, 4.821, 5.938, 5.604, 3.088, 1.799, 2.896, 4.6, 5.455, 5.529, 4.824, 3.333, 2.109, 1.821, 1.887, 2.173, 2.674, 4.306, 4.904, 4.377, 3.789, 3.886, 4.205, 4.831, 7.1, 9.118, 9.357, 8.588, 7.21, 6.663, 6.605, 7.252, 7.752, 7.904, 8.259, 8.616, 8.336, 7.627, 6.94, 6.555, 8.489, 8.92, 9.508, 10.322, 10.763, 11.481, 11.768, 11.221, 9.88, 9.161, 8.404, 7.868, 6.715, 5.869, 5.821, 6.563, 6.902, 7.483, 7.725, 6.811, 6.073, 6.13, 6.807, 6.787, 6.039, 5.638, 5.13, 4.745, 3.278, 2.851, 3.342, 3.467, 3.436, 3.487, 3.347, 2.907, 3.141, 3.433, 3.119, 3.285, 4.045, 3.484, 3.129, 3.08, 3.951, 6.173, 6.463, 4.701, 4.257, 6.131, 10.087, 12.541, 12.658, 11.582, 10.854, 10.781, 10.12, 8.718, 8.073, 7.985, 8.784, 8.892, 6.181, 2.62, 1.367, 3.551, 6.013, 6.84, 6.913, 6.793, 7.132, 7.907, 8.544, 8.635, 8.547, 8.72, 7.606], [6.21, 6.241, 6.327, 6.667, 7.503, 7.673, 7.084, 5.661, 5.755, 5.719, 6.048, 6.385, 6.502, 6.799, 6.769, 6.376, 5.749, 5.802, 6.56, 6.833, 7.054, 6.871, 5.92, 4.569, 3.061, 1.573, 0.0, 0.901, 1.43, 1.544, 1.72, 1.341, 1.321, 1.456, 1.62, 1.458, 1.648, 2.767, 3.599, 3.489, 3.259, 3.151, 4.093, 4.945, 4.727, 2.46, 2.296, 3.913, 5.598, 6.558, 6.552, 5.801, 4.259, 2.684, 1.522, 1.243, 1.894, 3.117, 5.012, 5.751, 5.201, 4.625, 4.739, 5.074, 5.873, 8.061, 10.07, 10.238, 9.409, 8.141, 7.606, 7.625, 8.335, 8.779, 8.92, 9.249, 9.409, 9.123, 8.42, 7.459, 6.843, 8.822, 9.23, 9.817, 10.592, 11.042, 11.846, 12.162, 11.586, 10.214, 9.515, 8.784, 8.274, 7.083, 6.254, 6.314, 7.088, 7.326, 7.937, 8.126, 7.304, 6.643, 6.613, 7.176, 7.143, 6.39, 6.046, 6.137, 5.315, 3.814, 3.545, 4.024, 3.909, 3.836, 3.886, 3.737, 3.324, 3.427, 3.69, 3.262, 3.413, 4.066, 3.76, 3.456, 3.404, 3.961, 5.438, 5.861, 4.664, 4.262, 5.19, 9.035, 11.486, 11.553, 10.475, 9.758, 9.754, 9.086, 7.63, 6.975, 6.912, 7.756, 7.79, 5.227, 2.186, 2.179, 4.56, 6.977, 7.931, 8.033, 7.867, 8.247, 8.941, 9.596, 9.685, 9.591, 9.766, 8.659], [6.372, 6.208, 6.369, 6.621, 7.378, 7.576, 7.196, 5.853, 5.81, 5.765, 6.049, 6.342, 6.486, 6.883, 6.863, 6.43, 5.811, 6.014, 6.848, 7.144, 7.348, 7.167, 6.225, 4.806, 3.228, 1.669, 0.901, 0.0, 1.031, 1.225, 1.49, 1.216, 1.336, 1.235, 1.393, 1.237, 1.573, 2.522, 3.351, 3.33, 3.152, 3.12, 3.794, 4.656, 4.445, 2.303, 2.284, 4.122, 5.912, 6.876, 6.866, 6.134, 4.584, 2.969, 1.629, 1.029, 1.732, 3.142, 4.886, 5.63, 5.094, 4.594, 4.662, 5.072, 6.171, 8.376, 10.313, 10.486, 9.567, 8.151, 7.645, 7.924, 8.617, 8.997, 9.148, 9.385, 9.484, 9.205, 8.503, 7.493, 6.927, 8.687, 9.112, 9.724, 10.592, 11.109, 11.9, 12.259, 11.708, 10.326, 9.489, 8.801, 8.274, 7.103, 6.316, 6.353, 7.111, 7.317, 7.9, 8.174, 7.413, 6.835, 6.738, 7.142, 7.159, 6.444, 6.228, 6.324, 5.749, 4.131, 3.863, 4.207, 4.173, 4.011, 3.927, 3.779, 3.394, 3.402, 3.624, 3.169, 3.391, 3.954, 3.641, 3.318, 3.326, 3.817, 5.152, 5.504, 4.474, 4.047, 4.848, 8.698, 11.149, 11.224, 10.147, 9.434, 9.413, 8.749, 7.301, 6.646, 6.591, 7.411, 7.474, 5.067, 2.221, 2.507, 4.85, 7.304, 8.164, 8.229, 8.118, 8.476, 9.246, 9.926, 10.012, 9.907, 10.035, 8.943], [6.369, 6.184, 6.282, 6.463, 7.232, 7.448, 7.133, 5.75, 5.638, 5.688, 5.811, 6.079, 6.279, 6.613, 6.684, 6.202, 5.753, 6.007, 6.82, 7.172, 7.354, 7.135, 6.19, 4.754, 3.159, 1.802, 1.43, 1.031, 0.0, 0.882, 1.017, 1.122, 1.499, 1.197, 1.555, 1.705, 1.945, 2.431, 3.218, 3.332, 3.228, 3.201, 3.761, 4.683, 4.137, 2.218, 2.407, 4.181, 5.841, 6.882, 6.908, 6.154, 4.523, 3.103, 1.869, 1.436, 2.143, 3.23, 4.819, 5.5, 4.97, 4.473, 4.399, 4.941, 6.151, 8.386, 10.307, 10.531, 9.662, 8.107, 7.554, 7.879, 8.544, 8.955, 9.124, 9.269, 9.364, 9.159, 8.408, 7.47, 6.923, 8.787, 9.229, 9.881, 10.752, 11.128, 11.933, 12.182, 11.616, 10.3, 9.551, 8.835, 8.315, 7.168, 6.405, 6.446, 7.182, 7.366, 7.886, 8.296, 7.552, 6.99, 6.877, 7.214, 7.195, 6.505, 6.165, 6.402, 5.937, 4.361, 4.087, 4.191, 4.274, 4.116, 3.927, 3.802, 3.473, 3.412, 3.629, 3.394, 3.655, 4.22, 3.831, 3.464, 3.361, 3.721, 4.941, 5.217, 4.43, 3.995, 4.667, 8.733, 11.188, 11.252, 10.174, 9.475, 9.413, 8.712, 7.344, 6.69, 6.6, 7.407, 7.463, 4.97, 2.372, 2.83, 4.979, 7.292, 8.18, 8.233, 8.11, 8.489, 9.262, 9.89, 9.964, 9.859, 10.02, 8.929], [6.473, 6.279, 6.445, 6.545, 7.338, 7.55, 7.233, 5.855, 5.858, 5.839, 5.906, 6.159, 6.414, 6.783, 6.781, 6.374, 5.956, 6.108, 6.825, 7.151, 7.368, 7.207, 6.276, 4.829, 3.307, 1.922, 1.544, 1.225, 0.882, 0.0, 1.103, 1.081, 1.376, 1.143, 1.492, 1.668, 1.851, 2.271, 3.096, 3.147, 3.139, 2.973, 3.607, 4.725, 4.094, 1.923, 2.347, 4.169, 5.942, 6.956, 6.878, 6.207, 4.716, 3.342, 2.131, 1.675, 2.386, 3.503, 5.037, 5.588, 5.045, 4.54, 4.547, 5.055, 6.258, 8.496, 10.432, 10.667, 9.804, 8.245, 7.658, 7.966, 8.634, 9.063, 9.214, 9.387, 9.497, 9.29, 8.587, 7.759, 7.128, 8.749, 9.275, 9.911, 10.797, 11.239, 11.945, 12.266, 11.715, 10.345, 9.466, 8.767, 8.215, 7.101, 6.265, 6.293, 6.939, 7.254, 7.83, 8.108, 7.374, 6.942, 6.831, 7.184, 7.128, 6.478, 6.222, 6.325, 5.869, 4.299, 4.062, 4.255, 4.226, 3.971, 3.889, 3.765, 3.414, 3.235, 3.538, 3.34, 3.727, 4.316, 3.879, 3.421, 3.257, 3.491, 4.727, 5.197, 4.204, 3.833, 4.698, 8.709, 11.15, 11.167, 10.067, 9.392, 9.407, 8.738, 7.27, 6.614, 6.553, 7.368, 7.387, 4.745, 2.109, 2.881, 4.893, 7.263, 8.17, 8.214, 8.105, 8.472, 9.283, 9.959, 10.049, 9.954, 10.106, 9.004], [6.281, 6.152, 6.089, 6.162, 6.934, 7.13, 6.745, 5.4, 5.267, 5.417, 5.348, 5.656, 6.02, 6.284, 6.388, 5.906, 5.447, 5.59, 6.302, 6.636, 6.803, 6.708, 5.775, 4.428, 2.892, 1.679, 1.72, 1.49, 1.017, 1.103, 0.0, 1.192, 1.699, 1.492, 1.761, 1.759, 1.973, 2.729, 3.52, 3.654, 3.611, 3.486, 4.091, 5.247, 4.566, 2.258, 2.331, 3.651, 5.463, 6.568, 6.595, 5.849, 4.298, 2.998, 1.85, 1.475, 2.144, 3.056, 4.555, 5.09, 4.571, 4.183, 3.997, 4.583, 5.86, 8.179, 10.082, 10.318, 9.428, 7.841, 7.159, 7.527, 8.076, 8.507, 8.697, 8.844, 8.986, 8.833, 8.184, 7.38, 6.862, 8.776, 9.238, 9.865, 10.698, 11.011, 11.678, 11.921, 11.32, 10.006, 9.37, 8.576, 8.0, 6.925, 6.164, 6.233, 6.903, 7.237, 7.641, 8.296, 7.531, 6.959, 6.917, 7.104, 7.062, 6.378, 5.898, 6.001, 5.588, 4.218, 4.04, 4.008, 4.047, 3.853, 3.751, 3.62, 3.297, 3.146, 3.522, 3.39, 3.642, 4.237, 3.871, 3.388, 3.175, 3.547, 5.221, 5.686, 4.482, 3.991, 5.23, 9.272, 11.727, 11.777, 10.685, 9.998, 9.952, 9.28, 7.882, 7.229, 7.133, 7.936, 7.976, 5.338, 2.546, 2.77, 4.689, 6.746, 7.698, 7.753, 7.686, 8.05, 8.827, 9.48, 9.538, 9.42, 9.613, 8.556], [6.722, 6.331, 6.422, 6.687, 7.601, 7.771, 7.235, 5.685, 5.658, 5.726, 5.895, 6.315, 6.55, 6.795, 6.743, 6.344, 5.807, 5.851, 6.465, 6.8, 6.949, 6.831, 5.919, 4.352, 2.933, 1.43, 1.341, 1.216, 1.122, 1.081, 1.192, 0.0, 0.938, 1.332, 1.64, 1.474, 1.65, 2.501, 3.371, 3.249, 3.053, 2.908, 3.794, 4.916, 4.446, 2.219, 2.271, 3.822, 5.57, 6.679, 6.723, 5.964, 4.375, 2.983, 1.913, 1.735, 2.283, 3.337, 5.214, 5.811, 5.239, 4.722, 4.757, 5.163, 5.976, 8.274, 10.225, 10.498, 9.638, 8.159, 7.481, 7.646, 8.199, 8.648, 8.832, 9.043, 9.387, 9.157, 8.43, 7.763, 7.265, 8.898, 9.414, 10.084, 11.04, 11.419, 12.061, 12.338, 11.757, 10.451, 9.592, 8.823, 8.231, 7.165, 6.299, 6.205, 6.864, 7.278, 7.785, 8.19, 7.382, 6.845, 6.886, 7.312, 7.319, 6.71, 6.199, 5.977, 5.415, 3.944, 3.756, 4.027, 4.107, 3.931, 3.961, 3.866, 3.458, 3.26, 3.665, 3.407, 3.841, 4.386, 3.915, 3.505, 3.301, 3.595, 5.134, 5.543, 4.488, 4.028, 5.125, 9.144, 11.598, 11.661, 10.583, 9.87, 9.824, 9.118, 7.754, 7.101, 7.009, 7.823, 7.848, 4.995, 1.754, 2.29, 4.679, 6.94, 7.862, 7.927, 7.84, 8.209, 8.993, 9.619, 9.661, 9.549, 9.752, 8.677], [6.957, 6.95, 6.935, 7.258, 8.201, 8.471, 7.905, 6.356, 6.412, 6.385, 6.615, 6.959, 7.061, 7.335, 7.29, 6.918, 6.302, 6.421, 7.103, 7.413, 7.569, 7.451, 6.501, 5.031, 3.555, 1.945, 1.321, 1.336, 1.499, 1.376, 1.699, 0.938, 0.0, 1.028, 1.325, 1.507, 1.348, 1.996, 2.816, 2.643, 2.443, 2.319, 3.455, 4.302, 3.911, 2.097, 2.46, 4.421, 6.187, 7.281, 7.264, 6.528, 4.958, 3.539, 2.467, 2.149, 2.835, 3.962, 5.841, 6.51, 5.915, 5.396, 5.399, 5.88, 6.596, 8.836, 10.802, 11.082, 10.284, 8.872, 8.184, 8.252, 8.82, 9.254, 9.438, 9.762, 9.962, 9.733, 9.052, 8.255, 7.482, 8.836, 9.4, 10.05, 11.056, 11.511, 12.073, 12.672, 12.025, 10.647, 9.563, 8.808, 8.243, 7.15, 6.315, 6.21, 6.837, 7.263, 7.775, 8.119, 7.249, 6.857, 6.992, 7.283, 7.284, 6.75, 6.409, 6.594, 5.766, 4.149, 4.008, 4.482, 4.262, 4.078, 3.987, 3.879, 3.466, 3.268, 3.607, 3.309, 3.857, 4.34, 3.864, 3.45, 3.23, 3.489, 4.718, 5.111, 4.363, 3.938, 4.635, 8.504, 10.958, 11.016, 9.939, 9.229, 9.183, 8.5, 7.114, 6.461, 6.365, 7.209, 7.208, 4.359, 1.339, 2.674, 5.236, 7.584, 8.471, 8.555, 8.434, 8.821, 9.588, 10.221, 10.285, 10.164, 10.327, 9.252], [6.603, 6.907, 6.877, 7.084, 7.922, 8.204, 7.941, 6.478, 6.421, 6.492, 6.432, 6.708, 6.832, 7.092, 7.121, 6.74, 6.35, 6.702, 7.472, 7.814, 7.987, 7.809, 6.858, 5.395, 3.846, 2.251, 1.456, 1.235, 1.197, 1.143, 1.492, 1.332, 1.028, 0.0, 1.008, 1.41, 1.138, 1.642, 2.432, 2.473, 2.54, 2.388, 3.23, 4.087, 3.519, 1.695, 2.493, 4.784, 6.524, 7.572, 7.59, 6.845, 5.332, 3.862, 2.501, 1.872, 2.623, 4.013, 5.652, 6.241, 5.732, 5.244, 5.119, 5.752, 6.886, 9.184, 11.103, 11.376, 10.513, 8.944, 8.34, 8.578, 9.228, 9.67, 9.81, 9.957, 10.024, 9.778, 9.197, 8.142, 7.148, 8.507, 9.105, 9.773, 10.747, 11.186, 11.89, 12.415, 11.792, 10.361, 9.354, 8.612, 8.008, 6.986, 6.179, 6.115, 6.685, 6.996, 7.546, 7.978, 7.264, 6.866, 6.852, 7.067, 7.011, 6.476, 6.229, 6.893, 6.169, 4.5, 4.254, 4.642, 4.289, 3.932, 3.764, 3.636, 3.352, 3.047, 3.299, 3.007, 3.52, 4.014, 3.586, 3.211, 2.996, 3.3, 4.462, 4.943, 4.095, 3.681, 4.178, 8.063, 10.517, 10.573, 9.495, 8.788, 8.744, 8.079, 6.673, 6.02, 5.924, 6.734, 6.779, 4.12, 1.887, 3.06, 5.554, 7.946, 8.84, 8.879, 8.756, 9.144, 9.924, 10.566, 10.655, 10.554, 10.703, 9.596], [6.448, 6.862, 6.855, 6.887, 7.722, 8.072, 7.787, 6.496, 6.397, 6.406, 6.429, 6.591, 6.74, 7.145, 7.166, 6.774, 6.213, 6.664, 7.555, 7.887, 8.071, 7.944, 6.987, 5.506, 4.066, 2.559, 1.62, 1.393, 1.555, 1.492, 1.761, 1.64, 1.325, 1.008, 0.0, 1.048, 1.228, 1.797, 2.515, 2.639, 2.679, 2.651, 3.466, 4.111, 3.536, 1.664, 2.546, 4.863, 6.624, 7.712, 7.715, 7.033, 5.475, 3.971, 2.587, 1.813, 2.571, 3.855, 5.527, 6.013, 5.537, 5.26, 4.988, 5.597, 7.009, 9.255, 11.153, 11.356, 10.46, 8.869, 8.194, 8.686, 9.311, 9.688, 9.868, 10.009, 10.064, 9.823, 9.131, 8.005, 6.961, 8.231, 8.744, 9.385, 10.4, 10.881, 11.526, 12.263, 11.561, 10.106, 9.03, 8.296, 7.738, 6.654, 5.951, 5.995, 6.65, 6.885, 7.303, 7.867, 7.178, 6.896, 6.922, 6.759, 6.742, 6.195, 6.222, 6.965, 6.232, 4.548, 4.486, 4.726, 4.385, 3.968, 3.599, 3.393, 3.097, 2.889, 3.092, 2.784, 3.289, 3.745, 3.348, 2.943, 2.805, 3.31, 4.556, 5.054, 4.145, 3.701, 4.279, 7.97, 10.424, 10.494, 9.402, 8.705, 8.653, 7.986, 6.585, 5.933, 5.853, 6.716, 6.7, 4.253, 2.288, 3.227, 5.722, 8.035, 8.932, 8.978, 8.869, 9.251, 10.016, 10.678, 10.753, 10.618, 10.766, 9.689], [6.663, 6.572, 6.564, 6.719, 7.607, 7.94, 7.429, 6.08, 6.001, 6.033, 6.213, 6.487, 6.606, 6.995, 7.035, 6.534, 5.929, 6.137, 7.073, 7.391, 7.575, 7.482, 6.532, 5.0, 3.608, 2.183, 1.458, 1.237, 1.705, 1.668, 1.759, 1.474, 1.507, 1.41, 1.048, 0.0, 1.296, 2.242, 3.065, 3.015, 2.886, 2.795, 3.502, 4.404, 4.184, 2.244, 2.37, 4.323, 6.152, 7.249, 7.254, 6.563, 5.014, 3.522, 2.222, 1.656, 2.096, 3.511, 5.305, 5.945, 5.405, 5.023, 4.912, 5.352, 6.557, 8.836, 10.698, 10.945, 10.024, 8.456, 7.774, 8.211, 8.824, 9.179, 9.374, 9.517, 9.626, 9.374, 8.679, 7.776, 7.196, 8.726, 9.239, 9.888, 10.844, 11.289, 11.87, 12.282, 11.702, 10.333, 9.453, 8.706, 8.138, 7.033, 6.314, 6.342, 7.006, 7.264, 7.694, 8.207, 7.493, 7.052, 6.986, 7.21, 7.19, 6.541, 6.248, 6.517, 5.931, 4.302, 4.168, 4.439, 4.355, 4.131, 3.996, 3.792, 3.474, 3.305, 3.606, 3.303, 3.718, 4.225, 3.832, 3.403, 3.266, 3.833, 5.356, 5.93, 4.79, 4.333, 5.095, 8.468, 10.913, 10.992, 9.915, 9.21, 9.153, 8.487, 7.074, 6.424, 6.424, 7.33, 7.28, 4.725, 2.529, 2.899, 5.258, 7.496, 8.426, 8.492, 8.39, 8.786, 9.536, 10.222, 10.28, 10.158, 10.295, 9.242], [6.96, 7.143, 7.106, 7.447, 8.37, 8.711, 8.155, 6.678, 6.706, 6.693, 6.836, 7.106, 7.168, 7.399, 7.461, 7.01, 6.402, 6.695, 7.52, 7.835, 8.05, 7.99