[[0.0, 1.918, 2.061, 2.287, 2.262, 2.093, 2.406, 2.129, 2.57, 4.748, 4.989, 3.924, 4.205, 2.874, 3.422, 5.002, 5.925, 6.487, 5.568, 6.283, 4.015, 5.46, 10.266, 11.775, 12.502, 13.536, 14.018, 13.903, 14.164, 13.879, 14.418, 14.533, 13.779, 13.675, 14.225, 13.073, 11.901, 13.629, 12.974, 9.664, 7.557, 8.59, 7.621, 3.872, 2.627, 2.968, 3.71, 2.438, 2.776, 2.959, 3.348, 3.293, 3.034, 3.133, 4.115, 3.182, 3.225, 3.321, 2.274, 2.887, 3.928, 4.221, 3.649, 12.88, 17.346, 14.619, 19.084, 21.688, 22.276, 22.218, 22.34, 22.932, 23.977, 25.702, 26.274, 28.542, 34.721, 37.605, 35.803, 36.371, 37.239, 36.907, 36.715, 36.577, 34.244, 33.388, 34.6, 34.633, 33.168, 33.098, 34.607, 34.798, 35.203, 34.245, 32.36, 31.879, 28.821, 19.861, 17.691, 15.803, 9.415, 6.819, 5.585, 5.782, 5.713, 5.709, 5.158], [1.918, 0.0, 2.645, 3.612, 2.615, 2.64, 3.113, 2.727, 3.353, 5.755, 6.105, 5.048, 5.517, 4.235, 2.595, 3.733, 4.758, 5.465, 5.113, 5.855, 3.766, 5.105, 9.622, 10.69, 11.472, 12.604, 13.294, 13.451, 13.657, 13.349, 13.789, 13.744, 12.468, 12.576, 13.2, 12.019, 10.844, 12.343, 11.65, 8.507, 6.729, 7.571, 6.738, 4.53, 3.18, 3.986, 5.192, 3.684, 2.872, 3.021, 2.928, 2.62, 2.771, 3.548, 4.806, 3.776, 2.387, 2.035, 2.632, 2.307, 2.741, 3.111, 2.41, 11.53, 16.021, 13.389, 17.687, 20.235, 20.729, 20.794, 21.038, 21.579, 22.664, 24.273, 24.945, 27.093, 33.318, 36.232, 34.415, 34.966, 35.872, 35.536, 35.361, 35.213, 32.862, 32.039, 33.249, 33.271, 31.8, 31.812, 33.262, 33.548, 33.841, 33.096, 31.328, 30.774, 27.573, 18.571, 16.437, 14.811, 8.184, 6.055, 4.923, 4.557, 4.466, 4.93, 4.414], [2.061, 2.645, 0.0, 2.324, 2.49, 2.428, 2.491, 2.26, 2.893, 4.393, 4.267, 3.468, 3.237, 2.099, 4.478, 5.804, 6.941, 7.177, 6.394, 6.942, 4.674, 5.858, 10.699, 12.406, 12.976, 14.265, 14.639, 14.838, 15.112, 15.102, 15.496, 15.764, 14.828, 14.696, 15.36, 14.155, 12.658, 14.776, 14.094, 10.82, 8.109, 8.925, 7.955, 3.353, 2.187, 2.571, 3.19, 2.066, 2.48, 2.76, 3.399, 3.248, 2.628, 2.35, 3.774, 3.547, 3.958, 4.172, 2.608, 3.482, 4.721, 5.125, 4.052, 14.086, 18.554, 15.593, 20.037, 22.481, 22.958, 22.861, 23.445, 24.03, 25.12, 26.655, 27.335, 29.568, 35.604, 38.498, 36.676, 37.196, 38.129, 37.808, 37.61, 37.46, 35.071, 34.44, 35.653, 35.629, 34.158, 34.125, 35.489, 35.726, 35.754, 34.618, 33.029, 33.028, 29.866, 20.568, 18.766, 16.913, 10.61, 8.002, 6.718, 6.883, 6.834, 7.055, 6.482], [2.287, 3.612, 2.324, 0.0, 2.172, 2.03, 1.71, 1.804, 2.085, 3.076, 3.134, 2.126, 2.254, 1.812, 5.029, 6.608, 7.753, 8.104, 7.128, 7.639, 5.273, 6.877, 11.854, 13.618, 14.308, 15.342, 15.744, 15.65, 15.906, 15.626, 16.206, 16.442, 15.742, 15.595, 16.177, 15.023, 13.698, 15.598, 14.931, 11.671, 9.308, 10.296, 9.321, 3.416, 2.966, 2.987, 1.913, 2.007, 3.083, 3.599, 4.503, 4.248, 3.107, 1.981, 2.582, 2.797, 4.551, 4.836, 2.923, 4.187, 5.531, 5.861, 5.035, 14.862, 19.359, 16.556, 21.013, 23.608, 24.198, 24.045, 24.284, 24.899, 25.974, 27.658, 28.237, 30.522, 36.694, 39.568, 37.764, 38.327, 39.196, 38.872, 38.676, 38.529, 36.197, 35.4, 36.6, 36.599, 35.058, 35.001, 36.499, 36.694, 37.038, 35.965, 34.151, 33.843, 30.73, 21.713, 19.621, 17.714, 11.374, 8.587, 7.252, 7.644, 7.582, 7.654, 7.16], [2.262, 2.615, 2.49, 2.172, 0.0, 0.985, 1.604, 1.43, 1.728, 3.945, 4.521, 3.555, 4.291, 3.114, 3.21, 4.961, 6.107, 6.906, 6.365, 6.899, 4.454, 6.26, 11.201, 12.504, 13.299, 14.393, 14.975, 14.754, 15.092, 14.85, 15.17, 15.131, 13.92, 13.932, 14.535, 13.537, 12.478, 13.695, 13.022, 9.962, 8.312, 9.387, 8.494, 3.266, 2.846, 3.485, 3.859, 2.772, 3.074, 3.855, 3.876, 3.42, 2.891, 2.637, 3.401, 2.488, 2.541, 2.767, 1.861, 2.655, 3.568, 3.785, 3.36, 12.8, 17.335, 14.861, 19.257, 21.804, 22.583, 22.576, 22.579, 22.938, 24.01, 25.755, 26.344, 28.578, 34.836, 37.703, 35.883, 36.628, 37.442, 37.058, 36.847, 36.685, 34.416, 33.521, 34.728, 34.727, 33.412, 33.302, 34.827, 35.127, 35.603, 34.757, 32.844, 32.045, 28.887, 20.319, 17.788, 16.254, 9.409, 7.206, 6.082, 5.682, 5.572, 6.06, 5.409], [2.093, 2.64, 2.428, 2.03, 0.985, 0.0, 1.229, 1.073, 1.493, 3.567, 4.238, 3.316, 4.001, 2.756, 3.4, 5.252, 6.43, 7.186, 6.696, 7.169, 4.702, 6.561, 11.497, 12.759, 13.551, 14.658, 15.234, 15.022, 15.307, 15.132, 15.451, 15.411, 14.252, 14.177, 14.806, 13.847, 12.791, 14.031, 13.351, 10.299, 8.567, 9.635, 8.75, 3.264, 2.831, 3.203, 3.646, 2.804, 2.966, 3.801, 3.84, 3.427, 2.853, 2.654, 3.211, 2.286, 2.844, 3.045, 2.209, 2.918, 3.933, 4.089, 3.741, 13.105, 17.662, 15.144, 19.635, 22.184, 22.955, 22.922, 22.977, 23.257, 24.323, 26.09, 26.641, 28.879, 35.147, 38.011, 36.193, 36.988, 37.77, 37.347, 37.137, 36.983, 34.713, 33.783, 34.983, 35.078, 33.778, 33.643, 35.17, 35.451, 35.899, 35.068, 33.177, 32.329, 29.206, 20.68, 18.13, 16.565, 9.681, 7.394, 6.321, 5.965, 5.869, 6.299, 5.668], [2.406, 3.113, 2.491, 1.71, 1.604, 1.229, 0.0, 1.111, 1.632, 3.119, 3.404, 2.705, 3.206, 2.133, 4.282, 5.974, 7.133, 7.735, 7.363, 7.798, 5.337, 7.145, 12.158, 13.361, 14.169, 15.3, 15.895, 15.764, 16.093, 15.792, 16.213, 15.98, 14.96, 14.931, 15.53, 14.429, 13.372, 14.757, 14.077, 10.989, 9.231, 10.255, 9.41, 3.474, 3.226, 2.95, 3.077, 2.863, 3.173, 3.924, 4.012, 3.692, 3.056, 2.411, 2.806, 2.334, 3.682, 3.948, 2.668, 3.691, 4.723, 4.945, 4.394, 13.994, 18.506, 15.832, 20.285, 22.904, 23.604, 23.516, 23.609, 24.064, 25.11, 26.834, 27.421, 29.667, 35.924, 38.832, 37.007, 37.678, 38.48, 38.147, 37.969, 37.824, 35.464, 34.64, 35.849, 35.892, 34.438, 34.324, 35.833, 36.071, 36.472, 35.533, 33.682, 33.129, 30.028, 21.246, 18.877, 17.169, 10.598, 8.155, 7.117, 6.799, 6.743, 7.135, 6.543], [2.129, 2.727, 2.26, 1.804, 1.43, 1.073, 1.111, 0.0, 1.582, 3.418, 3.853, 2.914, 3.545, 2.398, 3.73, 5.601, 6.794, 7.384, 7.165, 7.653, 5.163, 6.879, 11.762, 12.871, 13.651, 14.784, 15.391, 15.483, 15.718, 15.432, 15.704, 15.66, 14.568, 14.432, 15.019, 13.973, 13.014, 14.444, 13.752, 10.724, 8.691, 9.733, 8.881, 3.421, 2.899, 3.029, 3.259, 2.587, 2.655, 3.56, 3.636, 3.36, 2.588, 2.163, 2.896, 2.041, 3.265, 3.571, 2.426, 3.295, 4.326, 4.536, 4.01, 13.604, 18.164, 15.33, 19.869, 22.409, 23.172, 23.105, 23.34, 23.645, 24.781, 26.368, 27.011, 29.23, 35.412, 38.247, 36.41, 37.247, 38.045, 37.627, 37.418, 37.218, 34.973, 34.196, 35.369, 35.381, 34.109, 33.953, 35.449, 35.699, 36.143, 35.223, 33.346, 32.794, 29.533, 20.802, 18.491, 16.897, 10.144, 7.7, 6.719, 6.399, 6.321, 6.622, 6.163], [2.57, 3.353, 2.893, 2.085, 1.728, 1.493, 1.632, 1.582, 0.0, 2.934, 3.821, 2.84, 3.59, 2.971, 4.323, 6.297, 7.406, 8.239, 7.702, 8.234, 5.801, 7.664, 12.543, 13.825, 14.613, 15.696, 16.256, 16.095, 16.313, 16.128, 16.445, 16.464, 15.243, 15.142, 15.825, 14.86, 13.81, 14.94, 14.28, 11.248, 9.644, 10.707, 9.775, 4.203, 3.801, 4.046, 3.354, 3.246, 3.306, 4.269, 4.288, 3.831, 3.205, 2.63, 2.814, 1.777, 3.2, 3.596, 3.13, 3.982, 4.787, 4.921, 4.706, 13.83, 18.44, 16.185, 20.62, 23.169, 23.95, 23.929, 23.909, 24.115, 25.168, 26.964, 27.462, 29.69, 35.99, 38.735, 37.003, 37.87, 38.615, 38.152, 37.978, 37.788, 35.605, 34.614, 35.803, 35.884, 34.728, 34.551, 36.085, 36.472, 36.933, 36.075, 34.223, 33.293, 30.135, 21.693, 19.134, 17.557, 10.288, 8.101, 7.261, 6.847, 6.519, 7.195, 6.485], [4.748, 5.755, 4.393, 3.076, 3.945, 3.567, 3.119, 3.418, 2.934, 0.0, 1.361, 1.896, 2.651, 3.401, 6.79, 8.699, 9.906, 10.67, 10.011, 10.385, 7.979, 9.83, 14.857, 16.235, 17.027, 18.097, 18.66, 18.409, 18.711, 18.527, 18.852, 18.896, 17.77, 17.643, 18.318, 17.323, 16.31, 17.479, 16.803, 13.764, 12.023, 13.118, 12.18, 6.081, 5.906, 5.42, 2.84, 3.621, 4.726, 5.926, 6.217, 5.629, 4.288, 2.921, 1.464, 3.838, 5.941, 6.269, 5.069, 6.355, 7.376, 7.475, 7.23, 16.426, 21.038, 18.666, 23.143, 25.69, 26.469, 26.457, 26.439, 26.698, 27.756, 29.547, 30.067, 32.307, 38.573, 41.382, 39.58, 40.434, 41.185, 40.759, 40.548, 40.368, 38.161, 37.188, 38.378, 38.456, 37.21, 37.045, 38.559, 38.882, 39.337, 38.489, 36.64, 35.698, 32.614, 24.212, 21.656, 20.043, 12.941, 10.689, 9.646, 9.367, 9.124, 9.611, 8.92], [4.989, 6.105, 4.267, 3.134, 4.521, 4.238, 3.404, 3.853, 3.821, 1.361, 0.0, 1.758, 2.082, 2.916, 7.356, 8.952, 10.272, 10.576, 9.964, 10.282, 7.868, 9.627, 14.725, 16.223, 16.899, 18.036, 18.562, 18.36, 18.698, 18.557, 18.89, 19.03, 18.122, 18.023, 18.647, 17.57, 16.217, 18.036, 17.343, 14.186, 11.916, 12.997, 12.074, 5.844, 5.769, 5.017, 2.581, 3.56, 4.913, 5.889, 6.388, 6.034, 4.444, 2.88, 1.969, 4.777, 6.917, 7.193, 5.291, 6.708, 7.931, 8.244, 7.542, 17.268, 21.78, 18.963, 23.446, 25.96, 26.733, 26.526, 26.875, 27.292, 28.36, 30.046, 30.647, 32.89, 39.093, 41.995, 40.164, 40.871, 41.682, 41.311, 41.109, 40.959, 38.665, 37.786, 38.996, 39.011, 37.565, 37.478, 38.953, 39.182, 39.43, 38.343, 36.539, 36.167, 33.124, 24.245, 22.047, 20.24, 13.806, 11.225, 9.961, 10.05, 9.979, 10.238, 9.625], [3.924, 5.048, 3.468, 2.126, 3.555, 3.316, 2.705, 2.914, 2.84, 1.896, 1.758, 0.0, 2.018, 2.636, 6.174, 7.777, 9.051, 9.163, 8.913, 9.353, 6.946, 8.789, 13.712, 14.996, 15.614, 16.847, 17.316, 17.277, 17.504, 17.367, 17.788, 17.614, 16.824, 16.675, 17.345, 16.261, 14.722, 16.702, 16.008, 12.732, 10.588, 11.642, 10.849, 5.198, 4.87, 4.568, 1.987, 2.843, 3.729, 4.834, 5.17, 4.897, 3.33, 2.009, 1.642, 3.309, 5.442, 5.891, 4.557, 5.637, 6.774, 6.873, 6.182, 15.846, 20.34, 17.724, 22.107, 24.643, 25.346, 25.125, 25.435, 25.942, 26.98, 28.746, 29.307, 31.593, 37.779, 40.69, 38.839, 39.524, 40.409, 40.033, 39.83, 39.675, 37.36, 36.434, 37.674, 37.761, 36.345, 36.274, 37.783, 37.987, 38.201, 37.072, 35.284, 34.954, 31.916, 22.873, 20.694, 18.902, 12.488, 9.755, 8.773, 8.632, 8.631, 8.979, 8.505], [4.205, 5.517, 3.237, 2.254, 4.291, 4.001, 3.206, 3.545, 3.59, 2.651, 2.082, 2.018, 0.0, 1.733, 7.108, 8.52, 9.877, 9.998, 8.812, 9.103, 7.001, 8.024, 12.986, 15.326, 15.937, 17.022, 17.172, 17.117, 17.271, 17.442, 18.132, 18.495, 17.724, 17.474, 18.172, 17.02, 15.462, 17.708, 17.031, 13.754, 10.87, 11.852, 10.827, 4.194, 3.956, 3.468, 1.606, 2.671, 4.476, 4.953, 6.074, 5.735, 4.253, 2.784, 2.64, 4.571, 6.711, 6.988, 4.853, 6.328, 7.649, 8.012, 7.049, 17.007, 21.484, 18.553, 22.97, 25.487, 26.035, 25.865, 26.369, 26.971, 28.07, 29.655, 30.268, 32.508, 38.563, 41.43, 39.624, 40.186, 41.056, 40.72, 40.526, 40.381, 38.06, 37.257, 38.47, 38.432, 36.916, 36.891, 38.301, 38.533, 38.598, 37.404, 35.833, 35.759, 32.65, 23.484, 21.655, 19.72, 13.527, 10.677, 9.315, 9.803, 9.737, 9.788, 9.231], [2.874, 4.235, 2.099, 1.812, 3.114, 2.756, 2.133, 2.398, 2.971, 3.401, 2.916, 2.636, 1.733, 0.0, 5.748, 7.23, 8.526, 8.666, 7.495, 7.765, 5.659, 6.916, 11.984, 14.101, 14.736, 15.827, 16.041, 15.909, 16.191, 16.235, 16.869, 17.17, 16.384, 16.201, 16.838, 15.714, 14.167, 16.368, 15.674, 12.414, 9.645, 10.638, 9.638, 3.254, 2.973, 2.309, 1.967, 1.934, 3.25, 3.691, 4.737, 4.373, 3.063, 2.287, 3.218, 3.502, 5.346, 5.626, 3.449, 4.971, 6.299, 6.671, 5.747, 15.664, 20.141, 17.234, 21.667, 24.221, 24.796, 24.578, 25.046, 25.641, 26.724, 28.341, 28.95, 31.178, 37.3, 40.177, 38.37, 38.947, 39.818, 39.477, 39.283, 39.134, 36.821, 35.996, 37.2, 37.189, 35.649, 35.589, 37.046, 37.235, 37.376, 36.209, 34.565, 34.43, 31.322, 22.25, 20.346, 18.438, 12.175, 9.352, 8.01, 8.452, 8.388, 8.443, 7.89], [3.422, 2.595, 4.478, 5.029, 3.21, 3.4, 4.282, 3.73, 4.323, 6.79, 7.356, 6.174, 7.108, 5.748, 0.0, 2.17, 3.312, 3.992, 3.822, 4.39, 2.064, 3.761, 8.564, 9.564, 10.333, 11.502, 12.081, 12.106, 12.295, 12.071, 12.394, 12.207, 11.088, 10.892, 11.555, 10.55, 9.527, 10.903, 10.214, 7.234, 5.407, 6.426, 5.591, 4.938, 4.524, 5.468, 6.635, 5.024, 4.083, 4.736, 4.3, 4.234, 4.402, 5.045, 6.134, 4.772, 2.457, 1.919, 2.639, 1.857, 2.088, 2.282, 2.72, 9.959, 14.56, 11.991, 16.479, 19.035, 19.803, 19.759, 19.866, 20.13, 21.215, 22.923, 23.495, 25.737, 31.972, 34.835, 33.0, 33.806, 34.615, 34.193, 33.986, 33.809, 31.535, 30.596, 31.808, 31.911, 30.664, 30.52, 32.074, 32.385, 32.876, 31.961, 30.036, 29.25, 26.066, 17.461, 15.047, 13.429, 6.564, 4.17, 3.348, 3.07, 2.782, 3.163, 2.731], [5.002, 3.733, 5.804, 6.608, 4.961, 5.252, 5.974, 5.601, 6.297, 8.699, 8.952, 7.777, 8.52, 7.23, 2.17, 0.0, 1.946, 2.663, 2.293, 2.776, 2.352, 2.732, 6.685, 7.723, 8.499, 9.672, 10.368, 10.316, 10.598, 10.351, 10.733, 10.518, 9.388, 9.333, 9.992, 8.908, 7.681, 9.311, 8.629, 5.448, 3.584, 4.608, 3.847, 6.483, 5.951, 6.989, 8.24, 6.502, 5.129, 5.377, 4.845, 4.848, 5.209, 6.475, 7.838, 6.703, 3.997, 3.105, 4.313, 2.734, 2.63, 2.725, 3.244, 8.558, 13.039, 10.236, 14.693, 17.161, 17.851, 17.861, 18.118, 18.557, 19.607, 21.306, 21.925, 24.118, 30.27, 33.174, 31.334, 32.002, 32.878, 32.522, 32.302, 32.149, 29.851, 28.945, 30.17, 30.227, 28.813, 28.841, 30.298, 30.627, 30.964, 30.133, 28.263, 27.657, 24.497, 15.548, 13.37, 11.64, 5.125, 2.886, 2.187, 2.481, 2.582, 2.717, 2.483], [5.925, 4.758, 6.941, 7.753, 6.107, 6.43, 7.133, 6.794, 7.406, 9.906, 10.272, 9.051, 9.877, 8.526, 3.312, 1.946, 0.0, 1.35, 1.705, 2.399, 3.155, 3.455, 5.599, 6.49, 7.27, 8.406, 9.0, 9.049, 9.244, 8.916, 9.352, 9.171, 8.163, 8.13, 8.659, 7.564, 6.478, 7.944, 7.288, 4.093, 2.591, 3.449, 2.965, 7.593, 7.129, 8.156, 9.373, 7.665, 6.0, 5.968, 5.513, 5.582, 6.459, 7.769, 8.924, 7.881, 5.137, 4.094, 5.441, 3.75, 3.288, 3.458, 4.102, 7.2, 11.67, 8.959, 13.476, 16.039, 16.711, 16.647, 16.769, 17.231, 18.295, 20.0, 20.578, 22.825, 29.055, 31.972, 30.148, 30.774, 31.642, 31.283, 31.107, 30.949, 28.642, 27.781, 28.992, 29.018, 27.647, 27.556, 29.093, 29.394, 29.856, 28.958, 26.977, 26.398, 23.242, 14.363, 12.041, 10.309, 4.058, 2.14, 2.633, 3.305, 3.377, 3.386, 3.253], [6.487, 5.465, 7.177, 8.104, 6.906, 7.186, 7.735, 7.384, 8.239, 10.67, 10.576, 9.163, 9.998, 8.666, 3.992, 2.663, 1.35, 0.0, 1.773, 2.436, 3.393, 3.608, 5.512, 6.329, 6.706, 7.98, 8.468, 8.909, 8.931, 8.662, 9.017, 8.66, 7.867, 7.743, 8.379, 7.333, 5.846, 7.772, 7.074, 4.309, 2.459, 2.818, 2.563, 7.745, 7.237, 8.305, 9.537, 7.934, 6.314, 5.938, 5.411, 5.908, 6.775, 8.05, 9.698, 8.433, 5.596, 4.92, 5.896, 4.397, 3.855, 3.818, 4.164, 7.079, 11.56, 8.863, 13.123, 15.696, 16.363, 16.156, 16.535, 17.047, 18.122, 19.757, 20.349, 22.628, 28.805, 31.718, 29.875, 30.52, 31.386, 31.038, 30.873, 30.708, 28.345, 27.515, 28.743, 28.812, 27.435, 27.4, 28.939, 29.201, 29.464, 28.408, 26.477, 26.279, 23.039, 13.892, 11.783, 10.01, 3.968, 2.068, 2.957, 3.405, 3.634, 3.638, 3.865], [5.568, 5.113, 6.394, 7.128, 6.365, 6.696, 7.363, 7.165, 7.702, 10.011, 9.964, 8.913, 8.812, 7.495, 3.822, 2.293, 1.705, 1.773, 0.0, 1.304, 2.277, 2.163, 5.035, 6.947, 7.581, 8.612, 8.853, 8.72, 8.941, 8.923, 9.542, 9.855, 9.165, 8.977, 9.618, 8.491, 6.931, 9.078, 8.418, 5.094, 2.641, 3.501, 2.729, 6.441, 6.006, 7.011, 8.313, 6.825, 6.154, 5.872, 6.026, 6.339, 6.946, 7.98, 9.462, 8.469, 5.767, 4.693, 5.076, 3.998, 3.997, 4.099, 4.601, 8.347, 12.813, 10.023, 14.453, 17.027, 17.637, 17.407, 17.747, 18.363, 19.405, 21.109, 21.681, 23.976, 30.113, 32.984, 31.184, 31.75, 32.605, 32.271, 32.079, 31.931, 29.621, 28.771, 29.978, 29.982, 28.499, 28.452, 29.999, 30.219, 30.46, 29.345, 27.487, 27.281, 24.135, 15.084, 13.032, 11.077, 4.939, 2.641, 2.27, 3.75, 3.789, 3.335, 3.186], [6.283, 5.855, 6.942, 7.639, 6.899, 7.169, 7.798, 7.653, 8.234, 10.385, 10.282, 9.353, 9.103, 7.765, 4.39, 2.776, 2.399, 2.436, 1.304, 0.0, 2.595, 2.158, 4.632, 6.774, 7.394, 8.461, 8.669, 8.344, 8.579, 8.64, 9.358, 9.674, 8.998, 8.774, 9.434, 8.324, 6.752, 8.911, 8.24, 4.882, 2.337, 3.373, 2.765, 6.742, 6.446, 7.313, 8.644, 7.313, 6.914, 6.832, 6.921, 7.249, 7.561, 8.611, 10.002, 9.024, 6.343, 5.331, 5.45, 4.678, 4.83, 4.87, 5.431, 8.135, 12.61, 9.842, 14.293, 16.837, 17.477, 17.247, 17.604, 18.174, 19.209, 20.955, 21.504, 23.805, 29.911, 32.769, 30.97, 31.579, 32.428, 32.074, 31.873, 31.734, 29.442, 28.528, 29.744, 29.771, 28.297, 28.243, 29.765, 29.981, 30.209, 29.111, 27.244, 26.962, 23.878, 14.913, 12.84, 10.896, 4.838, 2.886, 2.441, 3.985, 3.89, 3.444, 3.244], [4.015, 3.766, 4.674, 5.273, 4.454, 4.702, 5.337, 5.163, 5.801, 7.979, 7.868, 6.946, 7.001, 5.659, 2.064, 2.352, 3.155, 3.393, 2.277, 2.595, 0.0, 2.294, 6.975, 8.825, 9.484, 10.515, 10.897, 10.666, 10.915, 10.905, 11.376, 11.719, 10.982, 10.808, 11.459, 10.341, 8.819, 10.885, 10.213, 6.94, 4.379, 5.457, 4.459, 4.714, 4.349, 5.264, 6.509, 5.118, 5.305, 5.49, 5.675, 5.837, 5.802, 6.249, 7.523, 6.59, 4.272, 3.502, 3.177, 2.845, 3.204, 3.339, 3.823, 10.169, 14.643, 11.824, 16.282, 18.838, 19.49, 19.283, 19.646, 20.161, 21.199, 22.938, 23.485, 25.784, 31.94, 34.814, 33.012, 33.633, 34.454, 34.105, 33.917, 33.777, 31.475, 30.59, 31.809, 31.814, 30.342, 30.273, 31.796, 32.017, 32.226, 31.121, 29.285, 28.991, 25.94, 16.985, 14.864, 12.951, 6.68, 4.014, 2.857, 3.706, 3.45, 3.22, 2.702], [5.46, 5.105, 5.858, 6.877, 6.26, 6.561, 7.145, 6.879, 7.664, 9.83, 9.627, 8.789, 8.024, 6.916, 3.761, 2.732, 3.455, 3.608, 2.163, 2.158, 2.294, 0.0, 5.511, 7.9, 8.452, 9.689, 9.684, 9.836, 9.943, 10.141, 10.78, 11.188, 10.469, 10.26, 10.906, 9.694, 8.201, 10.424, 9.745, 6.458, 3.652, 4.43, 3.208, 5.065, 4.846, 5.636, 7.529, 6.585, 6.576, 6.271, 6.49, 6.807, 7.187, 7.937, 9.283, 8.454, 5.88, 4.967, 4.811, 4.268, 4.3, 4.62, 4.701, 9.763, 14.22, 11.27, 15.677, 18.236, 18.646, 18.489, 19.061, 19.671, 20.767, 22.301, 22.951, 25.241, 31.287, 34.15, 32.354, 32.85, 33.752, 33.429, 33.245, 33.094, 30.722, 30.021, 31.235, 31.169, 29.641, 29.536, 31.011, 31.157, 31.22, 30.079, 28.384, 28.433, 25.307, 16.124, 14.322, 12.418, 6.303, 3.681, 2.452, 3.616, 3.778, 3.561, 3.275], [10.266, 9.622, 10.699, 11.854, 11.201, 11.497, 12.158, 11.762, 12.543, 14.857, 14.725, 13.712, 12.986, 11.984, 8.564, 6.685, 5.599, 5.512, 5.035, 4.632, 6.975, 5.511, 0.0, 2.772, 3.324, 4.622, 4.759, 4.813, 4.888, 5.046, 5.846, 6.172, 5.477, 5.213, 5.894, 4.757, 3.455, 5.716, 5.267, 3.41, 3.286, 3.229, 4.357, 10.084, 9.696, 10.844, 12.62, 11.576, 10.903, 10.155, 10.323, 10.79, 11.629, 12.626, 14.184, 13.316, 10.61, 9.556, 9.929, 8.756, 8.712, 8.943, 9.144, 6.535, 9.378, 6.674, 10.71, 13.176, 13.573, 13.451, 14.071, 14.728, 15.823, 17.309, 17.996, 20.244, 26.151, 28.985, 27.196, 27.703, 28.579, 28.262, 28.079, 27.924, 25.563, 24.896, 26.089, 26.037, 24.532, 24.551, 25.944, 26.171, 26.191, 25.161, 23.525, 23.575, 20.302, 10.988, 9.342, 7.446, 4.246, 5.636, 5.61, 7.361, 7.192, 5.927, 6.258], [11.775, 10.69, 12.406, 13.618, 12.504, 12.759, 13.361, 12.871, 13.825, 16.235, 16.223, 14.996, 15.326, 14.101, 9.564, 7.723, 6.49, 6.329, 6.947, 6.774, 8.825, 7.9, 2.772, 0.0, 1.252, 2.42, 3.138, 3.621, 3.707, 3.398, 3.826, 3.843, 3.005, 2.924, 3.486, 2.254, 2.2, 3.675, 4.091, 3.425, 4.764, 4.236, 5.519, 12.674, 12.249, 13.398, 15.08, 13.58, 11.942, 11.18, 10.898, 11.402, 12.432, 13.614, 15.27, 14.276, 11.493, 10.529, 11.512, 9.903, 9.479, 9.649, 9.842, 5.901, 6.987, 4.671, 8.22, 10.671, 11.008, 10.957, 11.497, 12.176, 13.242, 14.732, 15.409, 17.669, 23.649, 26.478, 24.673, 25.17, 26.127, 25.819, 25.613, 25.465, 23.037, 22.394, 23.598, 23.598, 22.144, 22.228, 23.634, 23.89, 23.84, 23.069, 21.28, 21.246, 18.002, 8.494, 6.856, 5.035, 4.799, 6.47, 6.86, 8.049, 7.885, 6.818, 7.394], [12.502, 11.472, 12.976, 14.308, 13.299, 13.551, 14.169, 13.651, 14.613, 17.027, 16.899, 15.614, 15.937, 14.736, 10.333, 8.499, 7.27, 6.706, 7.581, 7.394, 9.484, 8.452, 3.324, 1.252, 0.0, 2.002, 2.79, 3.446, 3.494, 3.217, 3.506, 3.391, 3.056, 2.937, 3.197, 2.155, 2.191, 3.999, 4.54, 4.11, 5.361, 4.373, 5.826, 13.174, 12.799, 13.938, 15.723, 14.242, 12.616, 11.632, 11.226, 12.026, 13.122, 14.339, 16.038, 14.99, 12.152, 11.321, 12.277, 10.696, 10.169, 10.256, 10.356, 6.345, 6.607, 4.429, 7.763, 10.167, 10.483, 10.48, 11.072, 11.766, 12.832, 14.287, 14.964, 17.214, 23.138, 25.962, 24.166, 24.643, 25.606, 25.298, 25.096, 24.936, 22.524, 21.879, 23.094, 23.108, 21.684, 21.788, 23.193, 23.466, 23.361, 22.524, 20.805, 20.819, 17.524, 8.004, 6.399, 4.527, 5.056, 6.869, 7.586, 8.516, 8.426, 7.478, 8.174], [13.536, 12.604, 14.265, 15.342, 14.393, 14.658, 15.3, 14.784, 15.696, 18.097, 18.036, 16.847, 17.022, 15.827, 11.502, 9.672, 8.406, 7.98, 8.612, 8.461, 10.515, 9.689, 4.622, 2.42, 2.002, 0.0, 1.856, 2.26, 2.222, 2.029, 2.054, 2.083, 2.328, 2.224, 2.152, 2.01, 2.858, 3.499, 4.219, 4.863, 6.555, 5.742, 6.996, 14.555, 14.098, 15.191, 16.736, 15.242, 13.743, 12.555, 12.257, 13.209, 14.299, 15.517, 17.202, 16.211, 13.385, 12.462, 13.301, 11.758, 11.337, 11.484, 11.699, 6.217, 5.304, 3.273, 6.361, 8.702, 9.248, 9.067, 9.658, 10.338, 11.379, 12.861, 13.506, 15.706, 21.729, 24.588, 22.802, 23.343, 24.216, 23.887, 23.695, 23.559, 21.221, 20.466, 21.671, 21.678, 20.294, 20.318, 21.764, 22.096, 22.28, 21.253, 19.466, 19.336, 16.04, 6.68, 4.912, 3.118, 6.15, 7.993, 8.556, 9.71, 9.623, 8.607, 9.282], [14.018, 13.294, 14.639, 15.744, 14.975, 15.234, 15.895, 15.391, 16.256, 18.66, 18.562, 17.316, 17.172, 16.041, 12.081, 10.368, 9.0, 8.468, 8.853, 8.669, 10.897, 9.684, 4.759, 3.138, 2.79, 1.856, 0.0, 1.375, 1.434, 1.908, 2.552, 2.752, 3.48, 3.536, 3.444, 3.059, 3.607, 4.439, 5.193, 5.533, 6.86, 6.201, 7.278, 14.573, 14.119, 15.094, 16.856, 15.6, 14.228, 13.073, 13.054, 13.854, 14.964, 16.107, 17.761, 16.761, 13.928, 13.046, 13.825, 12.353, 11.923, 12.041, 12.271, 7.346, 5.239, 3.032, 6.418, 8.863, 9.408, 9.122, 9.753, 10.397, 11.478, 12.938, 13.591, 15.796, 21.774, 24.64, 22.839, 23.355, 24.265, 23.938, 23.741, 23.594, 21.226, 20.52, 21.732, 21.728, 20.313, 20.254, 21.764, 21.987, 22.228, 21.127, 19.227, 19.262, 15.948, 6.7, 5.11, 3.634, 6.866, 8.497, 9.1, 10.372, 10.22, 9.181, 9.882], [13.903, 13.451, 14.838, 15.65, 14.754, 15.022, 15.764, 15.483, 16.095, 18.409, 18.36, 17.277, 17.117, 15.909, 12.106, 10.316, 9.049, 8.909, 8.72, 8.344, 10.666, 9.836, 4.813, 3.621, 3.446, 2.26, 1.375, 0.0, 1.044, 1.614, 2.323, 2.717, 3.663, 3.68, 3.578, 3.459, 3.932, 4.674, 5.502, 5.692, 7.11, 7.0, 8.092, 14.618, 14.194, 15.181, 16.533, 15.334, 14.319, 13.487, 13.473, 14.152, 15.18, 16.355, 17.875, 16.819, 14.094, 12.978, 13.556, 12.302, 12.212, 12.294, 12.885, 7.583, 5.168, 3.234, 6.497, 8.893, 9.581, 9.311, 9.789, 10.341, 11.367, 13.042, 13.591, 15.857, 21.873, 24.703, 22.903, 23.548, 24.379, 24.016, 23.799, 23.649, 21.373, 20.473, 21.689, 21.717, 20.296, 20.266, 21.827, 22.13, 22.436, 21.34, 19.332, 19.049, 15.868, 6.899, 4.983, 3.672, 7.249, 8.822, 9.018, 10.698, 10.521, 9.318, 9.704], [14.164, 13.657, 15.112, 15.906, 15.092, 15.307, 16.093, 15.718, 16.313, 18.711, 18.698, 17.504, 17.271, 16.191, 12.295, 10.598, 9.244, 8.931, 8.941, 8.579, 10.915, 9.943, 4.888, 3.707, 3.494, 2.222, 1.434, 1.044, 0.0, 1.289, 2.12, 2.532, 3.49, 3.571, 3.365, 3.406, 3.935, 4.656, 5.453, 5.813, 7.313, 6.964, 7.97, 14.629, 14.154, 15.261, 16.633, 15.531, 14.423, 13.487, 13.457, 14.197, 15.22, 16.542, 18.116, 16.985, 14.195, 13.173, 13.851, 12.55, 12.307, 12.368, 12.904, 7.484, 5.374, 3.416, 6.714, 9.009, 9.706, 9.43, 9.92, 10.504, 11.52, 13.195, 13.695, 15.946, 21.941, 24.74, 22.957, 23.581, 24.369, 24.01, 23.807, 23.663, 21.418, 20.478, 21.695, 21.721, 20.36, 20.328, 21.887, 22.212, 22.491, 21.371, 19.387, 19.151, 15.941, 6.96, 5.069, 3.566, 7.234, 8.81, 9.116, 10.684, 10.522, 9.421, 9.933], [13.879, 13.349, 15.102, 15.626, 14.85, 15.132, 15.792, 15.432, 16.128, 18.527, 18.557, 17.367, 17.442, 16.235, 12.071, 10.351, 8.916, 8.662, 8.923, 8.64, 10.905, 10.141, 5.046, 3.398, 3.217, 2.029, 1.908, 1.614, 1.289, 0.0, 1.356, 1.887, 3.023, 2.999, 2.814, 2.831, 3.74, 4.12, 4.912, 5.441, 7.306, 6.777, 7.961, 14.876, 14.41, 15.53, 16.746, 15.413, 14.225, 13.114, 13.079, 13.879, 14.97, 16.216, 17.747, 16.726, 13.92, 12.955, 13.655, 12.286, 11.927, 12.031, 12.475, 7.075, 5.361, 3.352, 6.493, 8.705, 9.399, 9.16, 9.548, 10.246, 11.333, 12.84, 13.345, 15.547, 21.598, 24.401, 22.618, 23.182, 23.988, 23.66, 23.474, 23.333, 21.043, 20.214, 21.427, 21.384, 20.009, 19.973, 21.535, 21.804, 22.206, 21.221, 19.156, 18.91, 15.615, 6.593, 4.577, 3.023, 6.848, 8.491, 8.902, 10.359, 10.207, 9.121, 9.748], [14.418, 13.789, 15.496, 16.206, 15.17, 15.451, 16.213, 15.704, 16.445, 18.852, 18.89, 17.788, 18.132, 16.869, 12.394, 10.733, 9.352, 9.017, 9.542, 9.358, 11.376, 10.78, 5.846, 3.826, 3.506, 2.054, 2.552, 2.323, 2.12, 1.356, 0.0, 1.406, 2.914, 2.871, 2.353, 2.757, 3.845, 3.866, 4.74, 5.851, 7.705, 7.132, 8.313, 15.678, 15.262, 16.24, 17.593, 15.987, 14.529, 13.618, 13.274, 14.213, 15.31, 16.599, 18.212, 17.079, 14.261, 13.287, 13.998, 12.644, 12.322, 12.353, 12.858, 6.805, 4.551, 3.175, 5.649, 7.871, 8.695, 8.441, 8.903, 9.428, 10.545, 12.099, 12.588, 14.71, 20.702, 23.512, 21.706, 22.411, 23.217, 22.847, 22.631, 22.472, 20.227, 19.37, 20.583, 20.545, 19.325, 19.279, 20.83, 21.158, 21.57, 20.582, 18.485, 18.089, 14.842, 5.842, 3.716, 2.429, 7.041, 8.787, 9.343, 10.606, 10.506, 9.468, 10.065], [14.533, 13.744, 15.764, 16.442, 15.131, 15.411, 15.98, 15.66, 16.464, 18.896, 19.03, 17.614, 18.495, 17.17, 12.207, 10.518, 9.171, 8.66, 9.855, 9.674, 11.719, 11.188, 6.172, 3.843, 3.391, 2.083, 2.752, 2.717, 2.532, 1.887, 1.406, 0.0, 1.939, 2.064, 1.522, 2.254, 3.475, 2.896, 3.71, 5.428, 7.845, 7.1, 8.528, 16.055, 15.645, 16.665, 17.945, 16.288, 14.523, 13.655, 12.904, 13.838, 15.085, 16.47, 17.932, 16.573, 13.762, 13.086, 14.188, 12.641, 12.029, 11.844, 12.357, 5.881, 3.922, 2.835, 5.134, 7.377, 8.141, 7.95, 8.245, 8.838, 9.906, 11.512, 12.0, 14.219, 20.326, 23.222, 21.38, 22.029, 22.906, 22.541, 22.367, 22.209, 19.86, 19.01, 20.235, 20.328, 19.024, 19.023, 20.568, 20.907, 21.412, 20.473, 18.368, 17.962, 14.64, 5.533, 3.362, 1.918, 6.428, 8.566, 9.543, 9.894, 10.105, 9.338, 10.038], [13.779, 12.468, 14.828, 15.742, 13.92, 14.252, 14.96, 14.568, 15.243, 17.77, 18.122, 16.824, 17.724, 16.384, 11.088, 9.388, 8.163, 7.867, 9.165, 8.998, 10.982, 10.469, 5.477, 3.005, 3.056, 2.328, 3.48, 3.663, 3.49, 3.023, 2.914, 1.939, 0.0, 1.273, 1.614, 1.903, 2.823, 1.698, 2.312, 4.365, 7.0, 6.252, 7.637, 15.36, 14.947, 15.99, 17.259, 15.601, 13.656, 12.883, 11.91, 12.419, 13.927, 15.418, 16.729, 15.08, 12.401, 11.756, 13.339, 11.676, 10.641, 10.472, 11.097, 4.417, 4.404, 3.57, 5.647, 8.009, 8.778, 8.748, 8.919, 9.407, 10.512, 12.049, 12.634, 14.831, 21.054, 23.986, 22.128, 22.845, 23.689, 23.315, 23.145, 22.979, 20.609, 19.798, 21.02, 21.113, 19.891, 19.867, 21.426, 21.763, 22.332, 21.589, 19.589, 18.841, 15.437, 6.6, 4.279, 3.153, 5.094, 7.78, 8.771, 8.509, 8.826, 8.411, 9.037], [13.675, 12.576, 14.696, 15.595, 13.932, 14.177, 14.931, 14.432, 15.142, 17.643, 18.023, 16.675, 17.474, 16.201, 10.892, 9.333, 8.13, 7.743, 8.977, 8.774, 10.808, 10.26, 5.213, 2.924, 2.937, 2.224, 3.536, 3.68, 3.571, 2.999, 2.871, 2.064, 1.273, 0.0, 1.36, 1.83, 2.777, 2.07, 2.696, 4.381, 6.806, 6.085, 7.664, 15.17, 14.664, 15.771, 17.045, 15.405, 13.347, 12.698, 11.813, 12.51, 13.867, 15.436, 16.864, 15.198, 12.41, 11.736, 13.112, 11.671, 10.844, 10.573, 11.264, 4.452, 4.79, 3.918, 6.102, 8.401, 9.146, 9.102, 9.379, 9.804, 10.873, 12.477, 13.047, 15.282, 21.299, 24.153, 22.321, 23.106, 23.945, 23.528, 23.338, 23.142, 20.863, 19.914, 21.169, 21.294, 20.136, 20.188, 21.694, 22.096, 22.558, 21.648, 19.661, 19.063, 15.681, 6.723, 4.731, 3.188, 5.071, 7.429, 8.531, 8.473, 8.754, 8.24, 8.874], [14.225, 13.2, 15.36, 16.177, 14.535, 14.806, 15.53, 15.019, 15.825, 18.318, 18.647, 17.345, 18.172, 16.838, 11.555, 9.992, 8.659, 8.379, 9.618, 9.434, 11.459, 10.906, 5.894, 3.486, 3.197, 2.152, 3.444, 3.578, 3.365, 2.814, 2.353, 1.522, 1.614, 1.36, 0.0, 1.479, 3.042, 2.721, 3.421, 4.99, 7.473, 6.739, 8.192, 15.776, 15.37, 16.398, 17.655, 16.012, 14.063, 13.32, 12.463, 13.144, 14.57, 16.034, 17.399, 15.953, 13.126, 12.419, 13.757, 12.229, 11.392, 11.217, 11.845, 5.324, 4.451, 3.546, 5.56, 7.678, 8.505, 8.382, 8.582, 8.998, 10.185, 11.693, 12.259, 14.451, 20.596, 23.48, 21.637, 22.409, 23.234, 22.814, 22.622, 22.457, 20.151, 19.325, 20.538, 20.61, 19.418, 19.36, 20.953, 21.304, 21.869, 20.954, 18.89, 18.368, 14.9, 6.037, 3.766, 2.337, 5.762, 8.134, 9.174, 9.272, 9.443, 8.84, 9.529], [13.073, 12.019, 14.155, 15.023, 13.537, 13.847, 14.429, 13.973, 14.86, 17.323, 17.57, 16.261, 17.02, 15.714, 10.55, 8.908, 7.564, 7.333, 8.491, 8.324, 10.341, 9.694, 4.757, 2.254, 2.155, 2.01, 3.059, 3.459, 3.406, 2.831, 2.757, 2.254, 1.903, 1.83, 1.479, 0.0, 2.167, 3.125, 3.764, 4.117, 6.315, 5.623, 7.154, 14.614, 14.2, 15.226, 16.561, 14.956, 13.109, 12.273, 11.47, 12.184, 13.554, 14.869, 16.237, 15.057, 12.22, 11.472, 12.76, 11.131, 10.331, 10.322, 10.714, 5.638, 5.321, 3.752, 6.329, 8.797, 9.379, 9.303, 9.564, 10.068, 11.16, 12.705, 13.373, 15.613, 21.755, 24.659, 22.832, 23.375, 24.309, 23.979, 23.802, 23.659, 21.27, 20.533, 21.752, 21.78, 20.424, 20.345, 21.874, 22.152, 22.709, 21.796, 19.775, 19.411, 16.088, 6.966, 4.897, 3.178, 5.045, 7.219, 8.177, 8.53, 8.514, 7.852, 8.495], [11.901, 10.844, 12.658, 13.698, 12.478, 12.791, 13.372, 13.014, 13.81, 16.31, 16.217, 14.722, 15.462, 14.167, 9.527, 7.681, 6.478, 5.846, 6.931, 6.752, 8.819, 8.201, 3.455, 2.2, 2.191, 2.858, 3.607, 3.932, 3.935, 3.74, 3.845, 3.475, 2.823, 2.777, 3.042, 2.167, 0.0, 3.394, 3.667, 2.908, 4.763, 4.176, 5.787, 13.099, 12.658, 13.698, 15.092, 13.581, 11.787, 10.926, 10.363, 11.054, 12.266, 13.618, 15.215, 13.823, 11.058, 10.368, 11.565, 10.033, 9.318, 9.13, 9.545, 5.164, 6.214, 4.319, 7.682, 10.195, 10.809, 10.606, 11.11, 11.697, 12.747, 14.346, 14.947, 17.165, 23.281, 26.215, 24.358, 24.979, 25.906, 25.531, 25.36, 25.199, 22.849, 21.977, 23.212, 23.31, 21.937, 21.929, 23.449, 23.767, 24.011, 22.972, 21.069, 20.877, 17.6, 8.349, 6.48, 4.684, 4.048, 5.962, 6.914, 7.284, 7.422, 6.784, 7.477], [13.629, 12.343, 14.776, 15.598, 13.695, 14.031, 14.757, 14.444, 14.94, 17.479, 18.036, 16.702, 17.708, 16.368, 10.903, 9.311, 7.944, 7.772, 9.078, 8.911, 10.885, 10.424, 5.716, 3.675, 3.999, 3.499, 4.439, 4.674, 4.656, 4.12, 3.866, 2.896, 1.698, 2.07, 2.721, 3.125, 3.394, 0.0, 1.32, 4.161, 7.013, 6.249, 7.656, 15.371, 14.934, 15.988, 17.179, 15.472, 13.543, 12.827, 11.819, 12.272, 13.831, 15.311, 16.448, 14.664, 11.97, 11.454, 13.182, 11.486, 10.288, 10.116, 10.872, 3.071, 3.834, 3.408, 5.753, 8.346, 9.087, 9.132, 9.07, 9.354, 10.462, 12.131, 12.711, 14.939, 21.22, 24.175, 22.325, 23.027, 23.879, 23.512, 23.349, 23.2, 20.79, 19.992, 21.249, 21.329, 20.195, 20.09, 21.69, 22.228, 22.847, 22.154, 20.026, 19.184, 15.78, 7.089, 4.808, 3.916, 4.741, 7.602, 8.652, 8.299, 8.48, 8.229, 8.825], [12.974, 11.65, 14.094, 14.931, 13.022, 13.351, 14.077, 13.752, 14.28, 16.803, 17.343, 16.008, 17.031, 15.674, 10.214, 8.629, 7.288, 7.074, 8.418, 8.24, 10.213, 9.745, 5.267, 4.091, 4.54, 4.219, 5.193, 5.502, 5.453, 4.912, 4.74, 3.71, 2.312, 2.696, 3.421, 3.764, 3.667, 1.32, 0.0, 3.503, 6.327, 5.579, 6.977, 14.7, 14.261, 15.307, 16.491, 14.802, 12.851, 12.123, 11.148, 11.534, 13.144, 14.636, 15.808, 13.952, 11.35, 10.797, 12.511, 10.819, 9.647, 9.424, 10.203, 2.252, 4.52, 4.099, 6.361, 8.944, 9.702, 9.738, 9.734, 10.036, 11.115, 12.832, 13.375, 15.605, 21.901, 24.854, 23.008, 23.749, 24.567, 24.2, 24.048, 23.908, 21.501, 20.665, 21.959, 22.03, 20.931, 20.848, 22.434, 22.867, 23.482, 22.846, 20.757, 19.883, 16.45, 7.814, 5.774, 4.887, 4.091, 6.911, 7.982, 7.58, 7.842, 7.536, 8.124], [9.664, 8.507, 10.82, 11.671, 9.962, 10.299, 10.989, 10.724, 11.248, 13.764, 14.186, 12.732, 13.754, 12.414, 7.234, 5.448, 4.093, 4.309, 5.094, 4.882, 6.94, 6.458, 3.41, 3.425, 4.11, 4.863, 5.533, 5.692, 5.813, 5.441, 5.851, 5.428, 4.365, 4.381, 4.99, 4.117, 2.908, 4.161, 3.503, 0.0, 3.048, 2.885, 4.21, 11.388, 10.977, 12.01, 13.286, 11.569, 9.784, 9.249, 8.576, 8.777, 10.046, 11.518, 12.781, 11.395, 8.597, 7.813, 9.37, 7.66, 6.895, 6.802, 7.43, 3.997, 7.847, 5.309, 9.576, 12.149, 12.789, 12.737, 12.869, 13.415, 14.473, 16.197, 16.751, 19.005, 25.237, 28.158, 26.325, 26.935, 27.85, 27.472, 27.309, 27.152, 24.824, 23.932, 25.15, 25.242, 23.85, 23.806, 25.358, 25.669, 26.12, 25.337, 23.294, 22.625, 19.469, 10.544, 8.174, 6.512, 2.665, 4.109, 4.77, 5.244, 5.111, 4.467, 5.048], [7.557, 6.729, 8.109, 9.308, 8.312, 8.567, 9.231, 8.691, 9.644, 12.023, 11.916, 10.588, 10.87, 9.645, 5.407, 3.584, 2.591, 2.459, 2.641, 2.337, 4.379, 3.652, 3.286, 4.764, 5.361, 6.555, 6.86, 7.11, 7.313, 7.306, 7.705, 7.845, 7.0, 6.806, 7.473, 6.315, 4.763, 7.013, 6.327, 3.048, 0.0, 1.56, 2.189, 8.552, 8.042, 9.111, 10.609, 9.13, 7.872, 7.458, 7.317, 7.741, 8.465, 9.489, 11.117, 10.135, 7.409, 6.47, 7.215, 5.75, 5.664, 5.803, 6.16, 6.3, 10.756, 7.773, 12.215, 14.662, 15.303, 15.132, 15.694, 16.244, 17.347, 18.865, 19.527, 21.752, 27.769, 30.666, 28.84, 29.454, 30.354, 29.993, 29.807, 29.636, 27.321, 26.553, 27.768, 27.796, 26.384, 26.369, 27.786, 28.081, 28.295, 27.201, 25.362, 25.254, 22.054, 12.809, 10.915, 9.083, 3.814, 2.644, 3.057, 4.321, 4.272, 3.469, 3.618], [8.59, 7.571, 8.925, 10.296, 9.387, 9.635, 10.255, 9.733, 10.707, 13.118, 12.997, 11.642, 11.852, 10.638, 6.426, 4.608, 3.449, 2.818, 3.501, 3.373, 5.457, 4.43, 3.229, 4.236, 4.373, 5.742, 6.201, 7.0, 6.964, 6.777, 7.132, 7.1, 6.252, 6.085, 6.739, 5.623, 4.176, 6.249, 5.579, 2.885, 1.56, 0.0, 1.886, 9.236, 8.811, 9.929, 11.675, 10.219, 8.595, 7.567, 7.278, 8.068, 9.198, 10.412, 12.123, 11.069, 8.239, 7.404, 8.317, 6.777, 6.244, 6.333, 6.456, 5.619, 10.038, 7.17, 11.444, 13.954, 14.385, 14.232, 14.851, 15.478, 16.579, 18.087, 18.759, 21.009, 27.047, 29.948, 28.124, 28.635, 29.599, 29.266, 29.082, 28.916, 26.515, 25.833, 27.038, 27.07, 25.65, 25.673, 27.1, 27.352, 27.403, 26.281, 24.638, 24.706, 21.379, 11.9, 10.173, 8.325, 3.426, 2.847, 3.96, 4.788, 4.778, 4.285, 4.773], [7.621, 6.738, 7.955, 9.321, 8.494, 8.75, 9.41, 8.881, 9.775, 12.18, 12.074, 10.849, 10.827, 9.638, 5.591, 3.847, 2.965, 2.563, 2.729, 2.765, 4.459, 3.208, 4.357, 5.519, 5.826, 6.996, 7.278, 8.092, 7.97, 7.961, 8.313, 8.528, 7.637, 7.664, 8.192, 7.154, 5.787, 7.656, 6.977, 4.21, 2.189, 1.886, 0.0, 7.844, 7.598, 8.616, 10.633, 9.214, 7.768, 6.672, 6.645, 7.395, 8.468, 9.617, 11.284, 10.33, 7.533, 6.56, 7.356, 5.866, 5.468, 5.651, 5.825, 7.022, 11.443, 8.476, 12.82, 15.336, 15.698, 15.607, 16.234, 16.875, 17.972, 19.45, 20.144, 22.393, 28.416, 31.298, 29.485, 29.975, 30.935, 30.618, 30.42, 30.269, 27.841, 27.217, 28.424, 28.431, 27.011, 26.975, 28.427, 28.682, 28.657, 27.601, 25.957, 26.01, 22.709, 13.338, 11.542, 9.746, 4.193, 2.644, 3.091, 4.337, 4.296, 3.754, 4.103], [3.872, 4.53, 3.353, 3.416, 3.266, 3.264, 3.474, 3.421, 4.203, 6.081, 5.844, 5.198, 4.194, 3.254, 4.938, 6.483, 7.593, 7.745, 6.441, 6.742, 4.714, 5.065, 10.084, 12.674, 13.174, 14.555, 14.573, 14.618, 14.629, 14.876, 15.678, 16.055, 15.36, 15.17, 15.776, 14.614, 13.099, 15.371, 14.7, 11.388, 8.552, 9.236, 7.844, 0.0, 1.769, 1.971, 3.558, 4.142, 5.389, 5.5, 6.276, 6.291, 5.554, 4.74, 5.689, 5.167, 5.0, 4.923, 3.248, 4.138, 5.398, 5.799, 4.716, 14.719, 19.164, 16.178, 20.566, 23.114, 23.46, 23.357, 23.962, 24.612, 25.713, 27.199, 27.891, 30.144, 36.142, 38.972, 37.183, 37.65, 38.544, 38.233, 38.05, 37.907, 35.504, 34.863, 36.079, 35.993, 34.445, 34.346, 35.761, 35.893, 35.842, 34.703, 33.196, 33.262, 30.122, 20.975, 19.237, 17.326, 11.24, 8.456, 7.071, 7.55, 7.522, 7.525, 6.963], [2.627, 3.18, 2.187, 2.966, 2.846, 2.831, 3.226, 2.899, 3.801, 5.906, 5.769, 4.87, 3.956, 2.973, 4.524, 5.951, 7.129, 7.237, 6.006, 6.446, 4.349, 4.846, 9.696, 12.249, 12.799, 14.098, 14.119, 14.194, 14.154, 14.41, 15.262, 15.645, 14.947, 14.664, 15.37, 14.2, 12.658, 14.934, 14.261, 10.977, 8.042, 8.811, 7.598, 1.769, 0.0, 1.454, 3.391, 2.85, 3.908, 3.977, 4.747, 4.75, 4.068, 4.058, 5.381, 4.576, 4.245, 4.436, 2.606, 3.774, 4.94, 5.349, 4.258, 14.267, 18.731, 15.739, 20.141, 22.614, 23.01, 22.921, 23.583, 24.192, 25.282, 26.788, 27.472, 29.722, 35.649, 38.485, 36.698, 37.183, 38.069, 37.753, 37.565, 37.418, 35.045, 34.378, 35.591, 35.522, 34.009, 33.995, 35.368, 35.582, 35.526, 34.442, 32.851, 32.943, 29.765, 20.477, 18.823, 16.92, 10.788, 7.981, 6.609, 7.086, 7.048, 7.058, 6.509], [2.968, 3.986, 2.571, 2.987, 3.485, 3.203, 2.95, 3.029, 4.046, 5.42, 5.017, 4.568, 3.468, 2.309, 5.468, 6.989, 8.156, 8.305, 7.011, 7.313, 5.264, 5.636, 10.844, 13.398, 13.938, 15.191, 15.094, 15.181, 15.261, 15.53, 16.24, 16.665, 15.99, 15.771, 16.398, 15.226, 13.698, 15.988, 15.307, 12.01, 9.111, 9.929, 8.616, 1.971, 1.454, 0.0, 2.998, 3.028, 4.163, 4.319, 5.17, 5.106, 4.322, 4.074, 5.106, 4.514, 5.189, 5.462, 3.196, 4.797, 5.984, 6.387, 5.288, 15.313, 19.77, 16.788, 21.175, 23.719, 24.125, 23.971, 24.625, 25.23, 26.324, 27.829, 28.503, 30.742, 36.739, 39.575, 37.788, 38.265, 39.167, 38.845, 38.662, 38.519, 36.128, 35.445, 36.656, 36.581, 35.029, 34.919, 36.34, 36.456, 36.479, 35.316, 33.726, 33.775, 30.693, 21.55, 19.831, 17.938, 11.829, 9.019, 7.655, 8.139, 8.088, 8.1, 7.531], [3.71, 5.192, 3.19, 1.913, 3.859, 3.646, 3.077, 3.259, 3.354, 2.84, 2.581, 1.987, 1.606, 1.967, 6.635, 8.24, 9.373, 9.537, 8.313, 8.644, 6.509, 7.529, 12.62, 15.08, 15.723, 16.736, 16.856, 16.533, 16.633, 16.746, 17.593, 17.945, 17.259, 17.045, 17.655, 16.561, 15.092, 17.179, 16.491, 13.286, 10.609, 11.675, 10.633, 3.558, 3.391, 2.998, 0.0, 2.356, 4.162, 4.828, 5.756, 5.537, 4.052, 2.655, 2.58, 4.242, 6.317, 6.575, 4.346, 5.822, 7.089, 7.492, 6.655, 16.472, 20.968, 18.094, 22.526, 25.113, 25.76, 25.539, 25.915, 26.455, 27.536, 29.186, 29.766, 32.057, 38.161, 41.007, 39.213, 39.794, 40.597, 40.271, 40.089, 39.938, 37.636, 36.825, 38.029, 37.971, 36.468, 36.392, 37.905, 38.098, 38.35, 37.195, 35.417, 35.205, 32.079, 23.16, 21.145, 19.237, 12.994, 10.149, 8.771, 9.266, 9.222, 9.253, 8.704], [2.438, 3.684, 2.066, 2.007, 2.772, 2.804, 2.863, 2.587, 3.246, 3.621, 3.56, 2.843, 2.671, 1.934, 5.024, 6.502, 7.665, 7.934, 6.825, 7.313, 5.118, 6.585, 11.576, 13.58, 14.242, 15.242, 15.6, 15.334, 15.531, 15.413, 15.987, 16.288, 15.601, 15.405, 16.012, 14.956, 13.581, 15.472, 14.802, 11.569, 9.13, 10.219, 9.214, 4.142, 2.85, 3.028, 2.356, 0.0, 2.218, 3.064, 3.978, 3.743, 2.24, 2.133, 3.268, 3.543, 4.443, 4.703, 2.71, 4.171, 5.42, 5.675, 5.078, 14.669, 19.184, 16.408, 20.908, 23.447, 24.207, 24.014, 24.243, 24.737, 25.791, 27.549, 28.093, 30.389, 36.54, 39.387, 37.59, 38.261, 39.052, 38.697, 38.481, 38.333, 36.072, 35.181, 36.4, 36.391, 34.959, 34.907, 36.432, 36.661, 37.027, 35.916, 34.057, 33.657, 30.51, 21.682, 19.425, 17.598, 11.194, 8.395, 6.981, 7.45, 7.388, 7.46, 6.921], [2.776, 2.872, 2.48, 3.083, 3.074, 2.966, 3.173, 2.655, 3.306, 4.726, 4.913, 3.729, 4.476, 3.25, 4.083, 5.129, 6.0, 6.314, 6.154, 6.914, 5.305, 6.576, 10.903, 11.942, 12.616, 13.743, 14.228, 14.319, 14.423, 14.225, 14.529, 14.523, 13.656, 13.347, 14.063, 13.109, 11.787, 13.543, 12.851, 9.784, 7.872, 8.595, 7.768, 5.389, 3.908, 4.163, 4.162, 2.218, 0.0, 1.546, 2.069, 1.77, 1.296, 2.641, 4.078, 3.389, 3.343, 3.255, 3.001, 3.402, 3.911, 4.022, 3.507, 12.618, 17.21, 14.541, 19.031, 21.59, 22.351, 22.217, 22.411, 22.767, 23.841, 25.576, 26.135, 28.421, 34.601, 37.453, 35.621, 36.42, 37.233, 36.824, 36.619, 36.426, 34.17, 33.221, 34.439, 34.534, 33.27, 33.188, 34.752, 35.035, 35.506, 34.486, 32.536, 31.881, 28.706, 19.927, 17.544, 15.863, 9.187, 6.43, 5.655, 5.605, 5.738, 6.033, 5.918], [2.959, 3.021, 2.76, 3.599, 3.855, 3.801, 3.924, 3.56, 4.269, 5.926, 5.889, 4.834, 4.953, 3.691, 4.736, 5.377, 5.968, 5.938, 5.872, 6.832, 5.49, 6.271, 10.155, 11.18, 11.632, 12.555, 13.073, 13.487, 13.487, 13.114, 13.618, 13.655, 12.883, 12.698, 13.32, 12.273, 10.926, 12.827, 12.123, 9.249, 7.458, 7.567, 6.672, 5.5, 3.977, 4.319, 4.828, 3.064, 1.546, 0.0, 1.253, 1.479, 2.195, 3.509, 5.001, 4.505, 3.957, 3.877, 3.539, 3.734, 4.283, 4.493, 3.562, 12.092, 16.604, 13.763, 18.182, 20.726, 21.343, 21.223, 21.54, 22.12, 23.183, 24.838, 25.429, 27.65, 33.784, 36.669, 34.855, 35.439, 36.341, 35.976, 35.797, 35.647, 33.32, 32.48, 33.686, 33.751, 32.327, 32.355, 33.856, 34.136, 34.556, 33.553, 31.686, 31.344, 28.005, 18.867, 16.87, 15.009, 8.844, 6.098, 5.696, 5.96, 6.183, 6.537, 6.523], [3.348, 2.928, 3.399, 4.503, 3.876, 3.84, 4.012, 3.636, 4.288, 6.217, 6.388, 5.17, 6.074, 4.737, 4.3, 4.845, 5.513, 5.411, 6.026, 6.921, 5.675, 6.49, 10.323, 10.898, 11.226, 12.257, 13.054, 13.473, 13.457, 13.079, 13.274, 12.904, 11.91, 11.813, 12.463, 11.47, 10.363, 11.819, 11.148, 8.576, 7.317, 7.278, 6.645, 6.276, 4.747, 5.17, 5.756, 3.978, 2.069, 1.253, 0.0, 1.196, 2.364, 3.824, 5.355, 4.363, 3.57, 3.488, 