[[0.0, 1.744, 2.663, 2.485, 1.648, 2.385, 2.448, 2.695, 3.082, 3.178, 2.359, 2.462, 3.772, 5.608, 6.603, 6.473, 6.981, 7.927, 8.449, 8.476, 8.086, 7.569, 7.787, 7.907, 8.659, 10.614, 11.932, 13.426, 14.807, 14.984, 15.267, 16.435, 17.993, 18.957, 19.071, 17.791, 17.272, 17.833, 18.394, 19.96, 21.232, 20.954, 19.849, 19.77, 20.368, 20.209, 18.922, 17.584, 16.81, 16.504, 17.337, 18.847, 19.183, 19.45, 18.745, 16.808, 14.837, 13.989, 15.352, 16.41, 15.904, 15.296, 15.21, 14.698, 14.237, 13.626, 12.875, 12.415, 12.539, 12.624, 12.67, 13.453, 13.838, 14.387, 15.24, 17.099, 17.993, 18.076, 17.863, 18.127, 18.5, 17.712, 15.52, 14.238, 13.594, 13.027, 11.847, 11.894, 11.183, 10.145, 8.317, 7.071, 5.443, 4.417, 4.412, 4.366, 4.201, 4.21, 3.557, 3.342, 3.168, 3.177, 3.578, 4.128, 3.784, 3.407, 3.157, 2.863, 3.577, 4.293, 3.574, 2.652, 2.721, 3.248, 3.786, 3.294, 3.511, 6.194, 8.078, 8.973, 8.633, 7.76, 7.695, 8.934, 9.714, 9.155, 8.043, 8.258, 9.35, 9.52, 9.19, 8.297, 7.898, 8.195, 7.669, 6.595, 5.167, 4.77, 6.151, 7.629, 8.466, 8.234, 8.264, 8.347, 8.15, 8.173, 8.732, 9.021, 9.051, 9.329, 8.924, 8.658, 8.021, 8.15, 8.927, 9.239, 8.872, 10.03], [1.744, 0.0, 1.732, 1.851, 1.716, 2.988, 3.088, 3.351, 3.811, 3.987, 3.451, 3.061, 3.265, 4.648, 5.439, 5.268, 5.702, 6.528, 7.042, 7.12, 6.748, 6.423, 6.584, 6.824, 8.035, 9.789, 11.233, 13.083, 14.804, 14.917, 15.095, 16.14, 17.484, 18.462, 18.518, 17.281, 16.579, 17.255, 17.925, 19.645, 20.639, 20.409, 19.288, 19.258, 20.01, 19.886, 18.596, 17.279, 16.389, 16.223, 16.775, 18.237, 18.603, 18.838, 17.921, 16.429, 14.056, 13.365, 14.83, 16.028, 15.419, 15.068, 15.056, 14.522, 14.129, 13.518, 12.762, 12.257, 12.408, 12.492, 12.561, 13.302, 13.644, 14.219, 15.138, 16.718, 17.592, 17.664, 17.592, 17.914, 17.801, 17.006, 14.778, 13.617, 13.287, 12.663, 11.503, 11.624, 10.907, 9.941, 8.118, 6.783, 5.22, 4.248, 4.176, 4.012, 3.458, 3.396, 2.815, 2.741, 2.632, 3.188, 3.175, 3.446, 3.133, 2.592, 2.436, 2.149, 2.628, 3.268, 2.523, 1.908, 2.759, 3.385, 3.751, 3.189, 3.666, 6.035, 7.956, 8.818, 8.487, 7.469, 7.541, 8.639, 9.382, 8.949, 7.572, 7.934, 8.868, 9.416, 9.169, 8.227, 7.864, 8.045, 7.521, 6.329, 4.93, 4.428, 5.657, 7.142, 8.256, 8.109, 8.034, 7.931, 7.972, 8.064, 8.564, 8.853, 8.809, 9.102, 8.767, 8.477, 7.92, 8.015, 8.789, 9.104, 8.741, 9.655], [2.663, 1.732, 0.0, 1.28, 2.48, 4.099, 4.001, 4.21, 5.009, 5.196, 4.246, 2.95, 2.245, 3.544, 4.405, 4.284, 4.658, 5.576, 6.042, 6.112, 5.72, 5.308, 5.483, 5.731, 6.807, 8.467, 9.915, 11.664, 13.37, 13.484, 13.689, 14.796, 16.139, 17.149, 17.216, 15.968, 15.273, 15.936, 16.633, 18.352, 19.277, 19.084, 17.996, 17.939, 18.699, 18.594, 17.297, 15.961, 15.066, 14.908, 15.498, 16.953, 17.271, 17.449, 16.608, 15.126, 12.771, 11.989, 13.502, 14.684, 14.114, 13.759, 13.716, 13.182, 12.778, 12.167, 11.391, 10.901, 11.065, 11.133, 11.21, 11.958, 12.282, 12.825, 13.778, 15.325, 16.25, 16.347, 16.289, 16.592, 16.47, 15.622, 13.479, 12.302, 11.982, 11.352, 10.198, 10.321, 9.591, 8.59, 6.769, 5.313, 3.941, 3.005, 2.878, 2.765, 2.458, 2.76, 2.74, 2.778, 3.122, 4.058, 3.687, 3.054, 2.594, 2.269, 2.401, 1.982, 1.793, 2.226, 1.83, 2.261, 3.451, 4.415, 4.722, 3.705, 3.122, 5.326, 7.057, 7.607, 7.154, 6.234, 6.079, 7.224, 8.06, 7.612, 6.252, 6.523, 7.502, 7.962, 7.703, 6.814, 6.732, 6.835, 6.164, 5.02, 3.833, 3.506, 4.371, 5.895, 6.887, 6.72, 6.652, 6.579, 6.585, 6.663, 7.212, 7.477, 7.468, 7.771, 7.411, 7.12, 6.551, 6.8, 7.511, 7.701, 7.364, 8.277], [2.485, 1.851, 1.28, 0.0, 2.371, 4.007, 4.037, 4.297, 4.964, 5.167, 4.198, 3.148, 2.685, 3.896, 4.574, 4.779, 5.334, 5.762, 6.216, 6.38, 6.03, 5.514, 5.744, 5.915, 6.839, 8.743, 10.045, 11.783, 13.383, 13.589, 13.685, 14.825, 16.39, 17.24, 17.377, 16.073, 15.495, 16.106, 16.688, 18.4, 19.527, 19.288, 18.152, 18.127, 18.803, 18.667, 17.366, 15.977, 15.119, 14.915, 15.486, 17.032, 17.389, 17.529, 16.92, 15.185, 12.937, 12.133, 13.501, 14.594, 14.138, 13.726, 13.704, 13.154, 12.786, 12.259, 11.581, 11.124, 11.194, 11.367, 11.392, 12.149, 12.442, 13.118, 14.073, 15.618, 16.387, 16.497, 16.286, 16.54, 16.718, 15.8, 13.602, 12.524, 12.029, 11.445, 10.288, 10.349, 9.605, 8.661, 7.114, 5.733, 4.556, 3.534, 3.048, 2.88, 3.025, 3.317, 2.968, 2.995, 3.021, 3.912, 3.511, 3.121, 2.504, 2.411, 2.789, 2.06, 1.95, 2.421, 2.064, 2.447, 3.404, 4.288, 4.602, 3.673, 3.577, 5.964, 7.681, 8.215, 7.728, 6.932, 6.672, 7.69, 8.246, 7.77, 6.542, 6.554, 7.711, 8.161, 7.98, 7.347, 7.356, 7.463, 6.747, 5.537, 4.18, 3.754, 4.836, 6.499, 7.439, 7.181, 7.019, 6.728, 6.588, 6.815, 7.552, 7.699, 7.75, 7.931, 7.573, 7.663, 6.949, 7.259, 8.096, 8.259, 7.927, 8.89], [1.648, 1.716, 2.48, 2.371, 0.0, 2.069, 2.367, 2.596, 3.126, 3.385, 3.009, 2.59, 3.645, 4.852, 5.728, 5.519, 6.069, 7.139, 7.719, 7.876, 7.444, 7.172, 7.265, 7.421, 8.662, 10.776, 12.098, 13.672, 15.157, 15.233, 15.531, 16.701, 18.264, 19.168, 19.292, 18.013, 17.469, 18.052, 18.593, 20.304, 21.443, 21.205, 20.083, 20.038, 20.701, 20.56, 19.277, 17.915, 17.084, 16.85, 17.539, 19.014, 19.355, 19.613, 18.914, 17.131, 14.986, 14.158, 15.55, 16.613, 16.11, 15.653, 15.587, 15.065, 14.601, 13.962, 13.183, 12.747, 12.92, 12.948, 13.045, 13.823, 14.154, 14.644, 15.615, 17.386, 18.282, 18.411, 18.228, 18.493, 18.672, 17.86, 15.683, 14.458, 13.93, 13.364, 12.185, 12.269, 11.544, 10.494, 8.658, 7.183, 5.672, 4.657, 4.452, 4.192, 3.533, 3.418, 2.836, 2.732, 2.575, 2.689, 3.002, 3.373, 2.983, 2.66, 2.637, 2.258, 2.885, 3.638, 2.872, 2.001, 2.351, 3.001, 3.563, 3.211, 4.138, 6.604, 8.429, 9.283, 8.874, 7.978, 7.895, 9.062, 9.972, 9.515, 8.312, 8.486, 9.503, 9.794, 9.444, 8.586, 8.279, 8.445, 7.879, 6.701, 5.102, 4.612, 6.063, 7.658, 8.665, 8.501, 8.412, 8.522, 8.307, 8.398, 8.998, 9.259, 9.294, 9.655, 9.19, 8.93, 8.283, 8.417, 9.218, 9.528, 9.162, 10.185], [2.385, 2.988, 4.099, 4.007, 2.069, 0.0, 0.938, 1.311, 1.621, 1.935, 1.73, 2.9, 4.799, 6.466, 7.205, 6.911, 7.61, 8.755, 9.385, 9.481, 8.999, 8.741, 8.725, 8.941, 10.197, 12.375, 13.703, 15.224, 16.273, 16.507, 16.899, 18.049, 19.704, 20.666, 20.784, 19.496, 18.986, 19.531, 20.109, 21.64, 22.984, 22.674, 21.56, 21.476, 21.948, 21.818, 20.552, 19.254, 18.468, 18.178, 19.077, 20.635, 20.969, 21.308, 20.49, 18.514, 16.615, 15.814, 17.144, 18.181, 17.628, 16.885, 16.458, 16.056, 15.358, 14.661, 13.926, 13.7, 13.781, 13.765, 13.836, 14.814, 15.425, 15.762, 16.867, 18.896, 19.759, 19.778, 19.376, 19.534, 20.232, 19.537, 17.313, 15.949, 15.329, 14.794, 13.492, 13.365, 12.798, 11.639, 9.984, 8.417, 6.546, 5.243, 5.287, 5.076, 4.304, 3.857, 3.128, 3.024, 3.028, 3.168, 3.576, 4.174, 4.224, 4.101, 3.769, 3.692, 4.55, 5.308, 4.537, 2.978, 2.659, 3.366, 3.76, 3.196, 4.287, 7.355, 8.861, 9.827, 9.687, 9.131, 9.168, 10.414, 11.345, 10.658, 9.828, 10.087, 11.128, 11.275, 10.435, 9.185, 8.69, 9.085, 8.675, 7.569, 6.053, 6.049, 7.195, 8.602, 9.491, 9.202, 9.353, 10.024, 9.646, 9.535, 10.166, 10.465, 10.691, 10.963, 10.427, 10.02, 9.11, 9.236, 9.997, 10.146, 9.847, 11.297], [2.448, 3.088, 4.001, 4.037, 2.367, 0.938, 0.0, 0.898, 1.437, 1.686, 1.284, 2.465, 4.657, 6.438, 7.325, 7.071, 7.745, 8.861, 9.396, 9.403, 8.989, 8.619, 8.688, 8.891, 9.996, 12.188, 13.528, 15.037, 16.055, 16.296, 16.696, 17.849, 19.546, 20.486, 20.62, 19.324, 18.813, 19.374, 19.917, 21.46, 22.782, 22.495, 21.383, 21.317, 21.87, 21.718, 20.44, 19.092, 18.326, 17.999, 18.872, 20.431, 20.758, 21.121, 20.293, 18.308, 16.428, 15.621, 16.961, 18.001, 17.435, 16.71, 16.297, 15.907, 15.255, 14.585, 13.83, 13.58, 13.703, 13.698, 13.79, 14.667, 15.235, 15.555, 16.669, 18.714, 19.577, 19.602, 19.324, 19.47, 20.04, 19.345, 17.116, 15.779, 15.128, 14.604, 13.325, 13.306, 12.681, 11.502, 9.796, 8.181, 6.272, 5.187, 5.181, 5.049, 4.361, 4.0, 3.303, 3.118, 3.133, 3.292, 3.82, 4.564, 4.647, 4.478, 4.049, 3.956, 4.73, 5.477, 4.746, 3.173, 2.753, 3.536, 3.892, 3.188, 3.862, 7.054, 8.642, 9.721, 9.574, 8.841, 8.908, 10.198, 11.141, 10.519, 9.632, 9.885, 10.926, 11.103, 10.262, 8.889, 8.233, 8.669, 8.351, 7.227, 5.903, 5.925, 7.017, 8.302, 9.027, 8.894, 9.119, 9.837, 9.48, 9.473, 10.037, 10.291, 10.525, 10.816, 10.242, 9.858, 8.957, 9.106, 9.881, 10.009, 9.694, 11.095], [2.695, 3.351, 4.21, 4.297, 2.596, 1.311, 0.898, 0.0, 1.109, 1.459, 1.382, 2.67, 4.862, 6.574, 7.449, 7.194, 7.904, 9.041, 9.565, 9.587, 9.21, 8.896, 8.819, 8.993, 10.21, 12.364, 13.699, 15.226, 16.343, 16.498, 16.928, 18.057, 19.739, 20.676, 20.812, 19.526, 19.004, 19.565, 20.122, 21.717, 22.978, 22.695, 21.584, 21.523, 22.141, 21.979, 20.71, 19.327, 18.532, 18.249, 19.056, 20.639, 20.97, 21.305, 20.478, 18.529, 16.6, 15.802, 17.153, 18.172, 17.629, 16.963, 16.599, 16.196, 15.557, 14.891, 14.132, 13.866, 13.985, 13.994, 14.06, 14.958, 15.505, 15.769, 16.935, 18.947, 19.806, 19.863, 19.598, 19.742, 20.236, 19.533, 17.3, 15.973, 15.359, 14.854, 13.599, 13.581, 12.939, 11.753, 10.065, 8.356, 6.466, 5.444, 5.482, 5.345, 4.587, 4.205, 3.605, 3.401, 3.376, 3.423, 4.071, 4.787, 4.887, 4.742, 4.369, 4.235, 5.009, 5.76, 4.974, 3.37, 2.945, 3.704, 4.051, 3.419, 4.086, 7.277, 8.907, 10.007, 9.839, 9.039, 9.094, 10.391, 11.349, 10.781, 9.843, 10.1, 11.11, 11.369, 10.542, 9.185, 8.467, 8.908, 8.571, 7.482, 6.14, 6.128, 7.217, 8.493, 9.231, 9.168, 9.313, 10.018, 9.655, 9.705, 10.294, 10.536, 10.754, 11.073, 10.459, 10.116, 9.244, 9.371, 10.137, 10.292, 9.972, 11.29], [3.082, 3.811, 5.009, 4.964, 3.126, 1.621, 1.437, 1.109, 0.0, 0.971, 1.743, 3.554, 5.781, 7.381, 8.075, 7.775, 8.55, 9.773, 10.394, 10.497, 10.069, 9.782, 9.754, 9.935, 11.164, 13.292, 14.644, 16.152, 17.179, 17.43, 17.821, 18.964, 20.649, 21.576, 21.721, 20.42, 19.904, 20.467, 21.014, 22.558, 23.895, 23.593, 22.48, 22.412, 22.945, 22.815, 21.529, 20.19, 19.421, 19.098, 19.983, 21.528, 21.875, 22.207, 21.393, 19.435, 17.539, 16.729, 18.062, 19.101, 18.538, 17.833, 17.389, 16.979, 16.348, 15.678, 14.926, 14.65, 14.768, 14.789, 14.859, 15.777, 16.344, 16.673, 17.781, 19.827, 20.675, 20.69, 20.393, 20.537, 21.134, 20.439, 18.209, 16.874, 16.249, 15.715, 14.409, 14.373, 13.781, 12.613, 10.9, 9.306, 7.367, 6.258, 6.308, 6.172, 5.347, 4.59, 3.82, 3.55, 3.542, 3.437, 4.111, 4.894, 5.073, 4.892, 4.537, 4.485, 5.419, 6.284, 5.474, 3.809, 3.146, 3.728, 3.837, 3.385, 4.946, 8.138, 9.749, 10.794, 10.658, 9.959, 10.015, 11.329, 12.252, 11.639, 10.748, 10.995, 12.032, 12.188, 11.367, 10.004, 9.323, 9.766, 9.519, 8.417, 7.081, 7.08, 8.124, 9.439, 10.108, 10.046, 10.257, 10.949, 10.585, 10.509, 11.11, 11.383, 11.59, 11.871, 11.314, 10.894, 9.986, 10.178, 10.963, 11.087, 10.782, 12.205], [3.178, 3.987, 5.196, 5.167, 3.385, 1.935, 1.686, 1.459, 0.971, 0.0, 1.816, 3.695, 5.979, 7.654, 8.545, 8.278, 8.98, 10.149, 10.703, 10.733, 10.306, 9.955, 9.964, 10.191, 11.305, 13.383, 14.731, 16.22, 17.271, 17.511, 17.916, 19.046, 20.719, 21.662, 21.793, 20.501, 19.983, 20.528, 21.126, 22.658, 23.989, 23.676, 22.565, 22.481, 22.994, 22.861, 21.572, 20.274, 19.47, 19.196, 20.092, 21.629, 21.971, 22.305, 21.489, 19.527, 17.633, 16.828, 18.157, 19.205, 18.625, 17.903, 17.468, 17.093, 16.383, 15.708, 14.956, 14.74, 14.844, 14.841, 14.934, 15.815, 16.436, 16.765, 17.883, 19.928, 20.78, 20.786, 20.449, 20.604, 21.229, 20.54, 18.31, 16.949, 16.346, 15.81, 14.516, 14.439, 13.818, 12.649, 10.995, 9.411, 7.443, 6.339, 6.433, 6.351, 5.546, 5.04, 4.221, 3.887, 3.99, 3.881, 4.556, 5.392, 5.581, 5.343, 4.938, 4.884, 5.743, 6.631, 5.789, 4.149, 3.603, 4.138, 4.205, 3.658, 5.046, 8.18, 9.787, 10.833, 10.728, 10.049, 10.093, 11.425, 12.356, 11.685, 10.835, 11.096, 12.121, 12.296, 11.463, 10.091, 9.411, 9.815, 9.594, 8.489, 7.302, 7.332, 8.366, 9.546, 10.153, 10.06, 10.346, 11.047, 10.715, 10.623, 11.206, 11.51, 11.73, 11.98, 11.434, 11.016, 10.087, 10.269, 11.049, 11.177, 10.863, 12.29], [2.359, 3.451, 4.246, 4.198, 3.009, 1.73, 1.284, 1.382, 1.743, 1.816, 0.0, 2.297, 4.698, 7.093, 8.017, 7.779, 8.489, 9.606, 10.059, 10.02, 9.691, 9.147, 9.149, 9.327, 10.111, 12.004, 13.331, 14.844, 15.869, 16.096, 16.509, 17.644, 19.323, 20.286, 20.401, 19.114, 18.604, 19.147, 19.72, 21.259, 22.599, 22.289, 21.178, 21.091, 21.548, 21.426, 20.155, 18.869, 18.082, 17.795, 18.688, 20.25, 20.575, 20.926, 20.11, 18.116, 16.242, 15.437, 16.759, 17.81, 17.249, 16.503, 15.948, 15.555, 14.792, 14.141, 13.418, 13.229, 13.327, 13.324, 13.4, 14.392, 15.041, 15.355, 16.476, 18.517, 19.378, 19.376, 18.991, 19.148, 19.85, 19.161, 16.931, 15.565, 14.932, 14.406, 13.102, 12.965, 12.407, 11.248, 9.583, 7.98, 6.055, 4.87, 5.141, 5.219, 5.026, 4.675, 3.787, 3.56, 3.743, 3.752, 4.403, 5.161, 5.321, 5.123, 4.69, 4.609, 5.333, 6.137, 5.431, 3.85, 3.363, 3.998, 4.085, 3.353, 3.677, 6.793, 8.336, 9.307, 9.308, 8.659, 8.692, 9.982, 10.961, 10.268, 9.431, 9.702, 10.742, 10.883, 9.975, 8.556, 7.971, 8.383, 8.148, 7.07, 5.942, 5.983, 6.933, 8.152, 8.803, 8.581, 8.925, 9.66, 9.299, 9.183, 9.79, 10.092, 10.316, 10.586, 10.038, 9.602, 8.539, 8.801, 9.564, 9.716, 9.435, 10.895], [2.462, 3.061, 2.95, 3.148, 2.59, 2.9, 2.465, 2.67, 3.554, 3.695, 2.297, 0.0, 2.735, 5.121, 6.062, 5.895, 6.645, 7.711, 8.167, 8.064, 7.846, 7.352, 7.117, 7.247, 8.023, 9.89, 11.222, 12.759, 13.879, 14.052, 14.482, 15.61, 17.241, 18.18, 18.328, 17.029, 16.498, 17.047, 17.649, 19.26, 20.514, 20.221, 19.101, 19.032, 19.641, 19.48, 18.208, 16.846, 16.018, 15.783, 16.596, 18.176, 18.506, 18.841, 18.01, 16.08, 14.132, 13.345, 14.688, 15.704, 15.146, 14.477, 14.092, 13.707, 13.024, 12.354, 11.599, 11.355, 11.48, 11.476, 11.566, 12.438, 13.047, 13.322, 14.493, 16.506, 17.362, 17.393, 17.095, 17.245, 17.764, 17.068, 14.835, 13.471, 12.915, 12.413, 11.139, 11.078, 10.438, 9.251, 7.616, 5.912, 3.989, 2.996, 3.18, 3.557, 3.268, 3.078, 2.937, 2.676, 3.05, 3.395, 3.746, 4.165, 4.118, 3.955, 3.551, 3.41, 3.895, 4.471, 3.814, 2.405, 2.772, 3.873, 4.146, 3.334, 2.118, 4.965, 6.451, 7.498, 7.36, 6.606, 6.63, 7.92, 8.898, 8.278, 7.399, 7.64, 8.646, 8.927, 8.083, 6.72, 6.213, 6.443, 6.112, 4.95, 3.749, 3.724, 4.743, 6.046, 6.753, 6.675, 6.84, 7.541, 7.198, 7.206, 7.789, 8.069, 8.297, 8.584, 7.993, 7.66, 6.732, 6.861, 7.641, 7.793, 7.485, 8.806], [3.772, 3.265, 2.245, 2.685, 3.645, 4.799, 4.657, 4.862, 5.781, 5.979, 4.698, 2.735, 0.0, 2.578, 3.475, 3.293, 3.994, 5.063, 5.527, 5.439, 5.193, 4.701, 4.576, 4.751, 5.641, 7.605, 8.963, 10.491, 11.949, 12.016, 12.36, 13.417, 15.006, 15.912, 16.059, 14.779, 14.211, 14.803, 15.421, 17.102, 18.23, 17.968, 16.853, 16.788, 17.472, 17.344, 16.037, 14.631, 13.807, 13.584, 14.373, 15.885, 16.215, 16.563, 15.718, 13.916, 11.865, 11.08, 12.443, 13.547, 12.871, 12.388, 12.208, 11.73, 11.2, 10.549, 9.773, 9.4, 9.536, 9.556, 9.653, 10.461, 10.848, 11.257, 12.391, 14.253, 15.135, 15.165, 14.964, 15.18, 15.461, 14.773, 12.539, 11.208, 10.781, 10.192, 8.987, 9.026, 8.274, 7.109, 5.419, 3.931, 2.259, 1.538, 1.435, 1.617, 1.547, 2.401, 3.036, 3.199, 3.811, 4.951, 4.592, 3.661, 3.133, 2.624, 2.601, 2.499, 2.397, 2.548, 1.988, 2.634, 4.127, 5.243, 5.55, 4.478, 2.479, 3.753, 5.159, 5.791, 5.463, 4.638, 4.658, 5.816, 6.664, 6.228, 5.155, 5.387, 6.413, 6.74, 6.23, 5.227, 4.925, 5.051, 4.522, 3.318, 2.443, 1.957, 2.859, 4.24, 5.259, 5.101, 5.004, 5.306, 5.083, 5.174, 5.756, 5.947, 6.132, 6.455, 5.92, 5.679, 4.963, 5.082, 5.751, 6.051, 5.685, 6.738], [5.608, 4.648, 3.544, 3.896, 4.852, 6.466, 6.438, 6.574, 7.381, 7.654, 7.093, 5.121, 2.578, 0.0, 1.461, 1.752, 2.381, 2.851, 3.305, 3.317, 3.213, 2.939, 2.689, 2.788, 3.992, 6.185, 7.578, 9.089, 10.759, 10.855, 11.136, 12.264, 13.687, 14.615, 14.64, 13.459, 12.834, 13.357, 14.027, 15.705, 16.738, 16.511, 15.477, 15.353, 16.031, 15.948, 14.702, 13.379, 12.537, 12.334, 13.03, 14.416, 14.699, 14.994, 14.243, 12.561, 10.41, 9.614, 10.913, 12.098, 11.56, 11.159, 11.128, 10.594, 10.169, 9.544, 8.816, 8.366, 8.492, 8.588, 8.718, 9.45, 9.699, 10.311, 11.237, 12.749, 13.59, 13.726, 13.689, 14.004, 14.028, 13.209, 11.054, 9.777, 9.341, 8.719, 7.547, 7.697, 7.004, 6.014, 4.27, 3.276, 3.049, 3.164, 2.477, 2.38, 2.539, 3.801, 4.598, 4.806, 5.444, 6.441, 6.051, 4.681, 3.745, 3.6, 3.967, 3.686, 2.909, 2.368, 2.748, 4.214, 5.638, 6.71, 7.011, 5.923, 4.628, 5.305, 6.215, 6.383, 5.717, 5.016, 4.854, 5.237, 5.586, 5.059, 3.96, 4.336, 4.996, 5.405, 5.373, 5.37, 5.488, 5.526, 5.076, 4.327, 3.914, 3.412, 4.112, 5.252, 5.535, 5.399, 4.559, 4.067, 3.956, 4.194, 4.969, 5.229, 5.317, 5.704, 5.52, 5.444, 5.715, 6.157, 6.609, 6.482, 5.971, 6.383], [6.603, 5.439, 4.405, 4.574, 5.728, 7.205, 7.325, 7.449, 8.075, 8.545, 8.017, 6.062, 3.475, 1.461, 0.0, 1.278, 1.888, 2.342, 2.755, 3.003, 2.776, 2.596, 2.366, 2.542, 3.967, 5.829, 7.238, 8.974, 10.508, 10.641, 10.854, 11.987, 13.469, 14.413, 14.576, 13.276, 12.615, 13.303, 13.946, 15.654, 16.695, 16.467, 15.301, 15.304, 16.049, 15.919, 14.612, 13.208, 12.341, 12.145, 12.794, 14.294, 14.661, 14.865, 14.004, 12.404, 10.143, 9.333, 10.877, 11.925, 11.367, 10.968, 10.83, 10.346, 9.902, 9.341, 8.806, 8.397, 8.409, 8.529, 8.664, 9.315, 9.585, 10.171, 11.255, 12.728, 13.614, 13.715, 13.543, 13.778, 13.872, 13.044, 10.853, 9.668, 9.283, 8.681, 7.539, 7.635, 6.855, 5.782, 4.45, 3.827, 3.977, 4.115, 3.39, 3.062, 3.297, 4.12, 4.947, 5.284, 5.84, 6.738, 6.35, 4.986, 4.108, 4.24, 4.724, 4.33, 3.442, 2.73, 3.451, 4.831, 6.052, 7.058, 7.312, 6.498, 5.601, 6.231, 6.951, 7.03, 6.433, 5.886, 5.592, 5.544, 5.667, 5.178, 4.382, 4.72, 5.219, 5.708, 5.876, 6.057, 6.234, 6.206, 5.784, 5.168, 4.724, 4.294, 4.811, 5.938, 6.322, 6.195, 5.146, 4.123, 4.085, 4.704, 5.591, 5.648, 5.927, 6.283, 6.007, 6.062, 6.577, 7.007, 7.372, 7.19, 6.641, 6.803], [6.473, 5.268, 4.284, 4.779, 5.519, 6.911, 7.071, 7.194, 7.775, 8.278, 7.779, 5.895, 3.293, 1.752, 1.278, 0.0, 1.336, 2.329, 2.99, 3.162, 2.864, 2.769, 2.618, 2.771, 4.185, 6.085, 7.483, 9.235, 10.768, 10.849, 11.099, 12.194, 13.678, 14.649, 14.809, 13.489, 12.841, 13.527, 14.155, 15.862, 16.919, 16.692, 15.51, 15.529, 16.274, 16.129, 14.823, 13.436, 12.571, 12.357, 12.991, 14.529, 14.874, 15.156, 14.235, 12.598, 10.37, 9.619, 11.147, 12.195, 11.615, 11.184, 11.077, 10.562, 10.095, 9.46, 8.688, 8.251, 8.427, 8.445, 8.56, 9.32, 9.66, 10.103, 11.147, 12.933, 13.859, 13.94, 13.761, 13.993, 14.092, 13.321, 11.109, 9.892, 9.487, 8.915, 7.759, 7.798, 7.064, 5.982, 4.272, 3.492, 3.73, 3.941, 3.324, 3.163, 3.0, 3.795, 4.647, 4.942, 5.425, 6.411, 6.052, 4.633, 3.93, 3.921, 4.365, 4.138, 3.45, 3.008, 3.248, 4.551, 5.759, 6.794, 7.083, 6.276, 5.449, 5.849, 6.289, 6.263, 5.709, 5.12, 4.919, 4.92, 5.541, 5.082, 4.535, 4.751, 5.145, 5.651, 5.657, 5.49, 5.768, 5.705, 5.288, 4.819, 4.526, 4.151, 4.573, 5.478, 5.864, 5.6, 4.692, 4.273, 4.172, 4.308, 5.081, 5.171, 5.462, 5.863, 5.552, 5.503, 6.302, 6.517, 6.744, 6.512, 5.948, 6.059], [6.981, 5.702, 4.658, 5.334, 6.069, 7.61, 7.745, 7.904, 8.55, 8.98, 8.489, 6.645, 3.994, 2.381, 1.888, 1.336, 0.0, 1.522, 2.101, 2.403, 1.956, 2.129, 2.319, 2.328, 3.421, 5.318, 6.719, 8.426, 10.068, 10.143, 10.393, 11.516, 12.899, 13.886, 14.03, 12.782, 12.088, 12.732, 13.438, 15.157, 16.076, 15.879, 14.806, 14.737, 15.495, 15.399, 14.101, 12.718, 11.874, 11.674, 12.281, 13.738, 14.057, 14.247, 13.408, 11.94, 9.573, 8.792, 10.301, 11.452, 10.902, 10.519, 10.435, 9.924, 9.455, 8.815, 8.126, 7.844, 7.862, 7.995, 8.049, 8.686, 9.007, 9.513, 10.456, 12.11, 13.048, 13.146, 13.083, 13.352, 13.283, 12.403, 10.245, 9.115, 8.797, 8.166, 7.012, 7.211, 6.408, 5.693, 4.247, 4.007, 4.434, 4.659, 4.139, 3.944, 3.643, 4.629, 5.468, 5.747, 6.273, 7.256, 6.912, 5.539, 4.845, 4.733, 5.004, 4.809, 4.044, 3.512, 3.767, 5.226, 6.52, 7.617, 7.907, 7.025, 6.2, 6.398, 6.665, 6.57, 6.001, 5.398, 5.114, 4.761, 5.208, 4.935, 4.907, 5.165, 5.028, 5.47, 6.105, 5.889, 6.191, 6.144, 5.726, 5.318, 5.207, 4.895, 5.154, 5.949, 6.32, 6.057, 5.141, 4.651, 4.443, 4.514, 5.202, 5.258, 5.535, 5.927, 5.899, 6.028, 6.919, 6.963, 7.135, 6.788, 6.326, 6.334], [7.927, 6.528, 5.576, 5.762, 7.139, 8.755, 8.861, 9.041, 9.773, 10.149, 9.606, 7.711, 5.063, 2.851, 2.342, 2.329, 1.522, 0.0, 1.148, 1.613, 1.544, 2.256, 2.369, 2.321, 3.181, 4.585, 5.781, 7.599, 9.307, 9.529, 9.596, 10.77, 12.025, 12.955, 13.008, 11.819, 11.073, 11.728, 12.425, 14.145, 15.095, 14.876, 13.788, 13.73, 14.49, 14.386, 13.111, 11.784, 10.894, 10.732, 11.266, 12.712, 13.033, 13.162, 12.374, 10.927, 8.509, 7.762, 9.204, 10.402, 9.889, 9.596, 9.617, 9.086, 8.722, 8.216, 7.591, 7.679, 7.522, 7.831, 7.995, 8.14, 8.399, 9.069, 10.029, 11.299, 12.064, 12.138, 12.103, 12.426, 12.277, 11.336, 9.177, 8.204, 7.949, 7.153, 6.592, 6.901, 6.049, 5.948, 4.809, 4.819, 5.382, 5.674, 4.928, 4.626, 4.778, 5.877, 6.706, 6.992, 7.48, 8.474, 8.088, 6.733, 5.882, 5.81, 6.206, 5.958, 4.901, 4.011, 4.745, 6.431, 7.752, 8.837, 9.146, 8.255, 7.15, 7.331, 7.49, 7.332, 6.752, 6.157, 5.86, 5.542, 5.293, 5.233, 5.081, 5.179, 5.282, 5.682, 6.539, 6.677, 7.06, 6.998, 6.567, 6.243, 6.175, 5.777, 6.081, 6.828, 7.08, 6.837, 5.796, 4.867, 4.788, 4.906, 5.54, 5.712, 5.894, 5.98, 6.365, 6.79, 7.7, 7.836, 7.95, 7.578, 7.14, 7.065], [8.449, 7.042, 6.042, 6.216, 7.719, 9.385, 9.396, 9.565, 10.394, 10.703, 10.059, 8.167, 5.527, 3.305, 2.755, 2.99, 2.101, 1.148, 0.0, 1.181, 1.203, 1.675, 1.668, 1.928, 2.46, 4.073, 5.357, 7.335, 9.057, 9.327, 9.365, 10.516, 11.686, 12.621, 12.461, 11.434, 10.577, 11.133, 11.92, 13.59, 14.455, 14.241, 13.228, 13.114, 13.875, 13.834, 12.662, 11.418, 10.508, 10.352, 10.862, 12.161, 12.401, 12.534, 11.668, 10.414, 8.069, 7.414, 8.658, 9.981, 9.548, 9.287, 9.31, 8.812, 8.433, 8.022, 7.963, 8.045, 7.745, 7.985, 8.288, 8.09, 8.286, 8.933, 9.961, 10.986, 11.529, 11.589, 11.721, 12.067, 11.69, 10.668, 8.597, 7.619, 7.437, 6.581, 6.005, 6.342, 5.643, 5.657, 5.097, 5.237, 5.934, 6.229, 5.474, 5.097, 5.381, 6.646, 7.459, 7.689, 8.224, 9.233, 8.844, 7.47, 6.577, 6.481, 6.774, 6.598, 5.485, 4.501, 5.385, 7.06, 8.504, 9.592, 9.907, 8.894, 7.717, 7.783, 7.916, 7.761, 7.178, 6.581, 6.286, 5.968, 5.589, 5.298, 5.204, 5.332, 5.378, 5.916, 6.877, 7.112, 7.506, 7.444, 7.01, 6.692, 6.651, 6.268, 6.528, 7.275, 7.527, 7.283, 6.186, 4.932, 4.752, 5.285, 6.021, 6.135, 6.286, 6.328, 6.803, 7.232, 8.142, 8.284, 8.397, 8.015, 7.574, 7.491], [8.476, 7.12, 6.112, 6.38, 7.876, 9.481, 9.403, 9.587, 10.497, 10.733, 10.02, 8.064, 5.439, 3.317, 3.003, 3.162, 2.403, 1.613, 1.181, 0.0, 1.008, 1.492, 1.659, 1.786, 2.28, 4.115, 5.495, 7.606, 9.355, 9.657, 9.64, 10.61, 11.667, 12.563, 12.32, 11.394, 10.473, 10.946, 11.787, 13.379, 14.191, 13.936, 13.004, 12.833, 13.584, 13.657, 12.554, 11.321, 10.429, 10.284, 10.817, 12.012, 12.13, 12.395, 11.431, 10.263, 8.072, 7.549, 8.679, 10.039, 9.505, 9.34, 9.348, 8.892, 8.446, 8.226, 7.853, 7.839, 7.605, 7.907, 8.119, 8.322, 8.469, 9.121, 10.202, 11.065, 11.539, 11.451, 11.619, 11.991, 11.533, 10.498, 8.476, 7.351, 7.229, 6.45, 5.756, 6.074, 5.589, 5.704, 4.927, 5.139, 5.684, 5.989, 5.269, 4.897, 5.386, 6.657, 7.49, 7.742, 8.26, 9.359, 9.032, 7.616, 6.698, 6.509, 6.811, 6.627, 5.618, 4.621, 5.462, 7.054, 8.551, 9.688, 9.998, 9.025, 7.503, 7.542, 7.599, 7.494, 6.958, 6.336, 6.058, 5.707, 5.279, 5.267, 5.045, 5.061, 5.263, 5.788, 6.663, 6.906, 7.268, 7.193, 6.799, 6.481, 6.519, 6.188, 6.433, 7.015, 7.256, 7.01, 5.932, 4.803, 4.603, 5.095, 5.772, 5.908, 6.094, 6.076, 6.54, 6.98, 7.895, 8.003, 8.106, 7.725, 7.298, 7.198], [8.086, 6.748, 5.72, 6.03, 7.444, 8.999, 8.989, 9.21, 10.069, 10.306, 9.691, 7.846, 5.193, 3.213, 2.776, 2.864, 1.956, 1.544, 1.203, 1.008, 0.0, 1.245, 1.651, 1.729, 2.414, 4.311, 5.78, 7.857, 9.555, 9.854, 9.863, 10.89, 12.012, 12.965, 12.739, 11.742, 10.885, 11.395, 12.201, 13.792, 14.672, 14.418, 13.411, 13.292, 14.076, 14.077, 12.973, 11.73, 10.825, 10.679, 11.229, 12.451, 12.636, 12.879, 11.84, 10.668, 8.502, 7.909, 9.123, 10.473, 9.895, 9.615, 9.637, 9.119, 8.717, 8.407, 8.074, 8.06, 7.781, 8.023, 8.33, 8.484, 8.645, 9.281, 10.39, 11.335, 11.811, 11.852, 12.033, 12.391, 11.966, 11.025, 8.944, 7.746, 7.645, 6.877, 6.08, 6.378, 5.77, 5.713, 4.858, 5.126, 5.612, 5.833, 5.142, 4.646, 4.853, 6.233, 7.043, 7.304, 7.81, 8.953, 8.619, 7.203, 6.262, 6.133, 6.408, 6.211, 5.183, 4.149, 4.999, 6.637, 8.137, 9.251, 9.567, 8.555, 7.342, 7.544, 7.726, 7.64, 7.105, 6.449, 6.209, 5.839, 5.483, 5.28, 5.106, 5.233, 5.333, 5.904, 6.792, 7.045, 7.393, 7.322, 6.903, 6.531, 6.575, 6.222, 6.538, 7.145, 7.398, 7.133, 6.048, 4.891, 4.587, 5.201, 5.973, 6.089, 6.237, 6.254, 6.659, 7.075, 7.985, 8.11, 8.233, 7.852, 7.401, 7.34], [7.569, 6.423, 5.308, 5.514, 7.172, 8.741, 8.619, 8.896, 9.782, 9.955, 9.147, 7.352, 4.701, 2.939, 2.596, 2.769, 2.129, 2.256, 1.675, 1.492, 1.245, 0.0, 1.066, 1.446, 2.024, 4.301, 5.809, 7.969, 9.692, 9.952, 9.894, 10.883, 11.974, 12.888, 12.651, 11.706, 10.834, 11.305, 12.138, 13.737, 14.618, 14.317, 13.359, 13.204, 13.953, 14.024, 12.905, 11.665, 10.76, 10.617, 11.203, 12.438, 12.57, 12.82, 11.925, 10.64, 8.48, 7.897, 9.071, 10.424, 9.811, 9.575, 9.576, 9.102, 8.697, 8.505, 8.432, 8.112, 7.984, 8.166, 8.351, 8.617, 8.766, 9.467, 10.536, 11.346, 11.82, 11.783, 11.969, 12.326, 11.891, 10.944, 8.9, 7.651, 7.513, 6.837, 5.74, 5.971, 5.546, 5.175, 4.415, 4.622, 5.101, 5.335, 4.655, 4.173, 4.642, 6.046, 6.835, 7.07, 7.621, 8.771, 8.433, 7.013, 6.064, 5.853, 6.149, 5.932, 4.909, 3.895, 4.753, 6.362, 7.951, 9.068, 9.382, 8.314, 6.836, 7.07, 7.406, 7.394, 6.884, 6.118, 5.996, 5.614, 5.491, 4.945, 4.655, 4.876, 5.049, 5.745, 6.465, 6.697, 7.038, 6.98, 6.533, 6.114, 6.132, 5.762, 6.091, 6.791, 7.061, 6.786, 5.696, 4.41, 4.178, 5.004, 5.886, 5.962, 6.058, 6.178, 6.359, 6.671, 7.562, 7.724, 7.905, 7.61, 7.085, 7.107], [7.787, 6.584, 5.483, 5.744, 7.265, 8.725, 8.688, 8.819, 9.754, 9.964, 9.149, 7.117, 4.576, 2.689, 2.366, 2.618, 2.319, 2.369, 1.668, 1.659, 1.651, 1.066, 0.0, 1.046, 1.985, 4.233, 5.75, 7.788, 9.537, 9.818, 9.812, 10.858, 11.826, 12.775, 12.594, 11.597, 10.754, 11.241, 12.109, 13.751, 14.525, 14.313, 13.375, 13.207, 13.949, 13.977, 12.814, 11.568, 10.658, 10.512, 11.206, 12.505, 12.633, 12.942, 11.915, 10.613, 8.463, 7.877, 9.025, 10.42, 9.783, 9.447, 9.502, 9.008, 8.588, 8.358, 8.311, 8.085, 7.944, 8.131, 8.281, 8.474, 8.628, 9.337, 10.411, 11.261, 11.825, 11.731, 11.872, 12.216, 11.907, 11.033, 9.022, 7.597, 7.478, 6.798, 5.668, 6.0, 5.447, 5.044, 4.242, 4.513, 4.836, 5.108, 4.383, 4.155, 4.699, 6.031, 6.833, 7.057, 7.724, 8.832, 8.461, 7.059, 6.087, 5.863, 6.203, 6.08, 5.134, 4.2, 4.953, 6.506, 7.997, 9.098, 9.427, 8.371, 6.632, 6.805, 7.259, 7.219, 6.693, 5.964, 5.876, 5.623, 5.453, 4.868, 4.457, 4.685, 5.02, 5.663, 6.332, 6.533, 6.85, 6.806, 6.387, 5.915, 5.784, 5.418, 5.831, 6.627, 6.892, 6.616, 5.575, 4.234, 3.881, 4.811, 5.72, 5.779, 5.897, 6.045, 6.25, 6.442, 7.292, 7.522, 7.733, 7.462, 6.915, 7.016], [7.907, 6.824, 5.731, 5.915, 7.421, 8.941, 8.891, 8.993, 9.935, 10.191, 9.327, 7.247, 4.751, 2.788, 2.542, 2.771, 2.328, 2.321, 1.928, 1.786, 1.729, 1.446, 1.046, 0.0, 1.564, 4.152, 5.674, 7.568, 9.298, 9.591, 9.652, 10.746, 11.838, 12.619, 12.386, 11.555, 10.611, 10.993, 11.837, 13.41, 14.4, 13.982, 13.021, 12.866, 13.619, 13.65, 12.586, 11.398, 10.507, 10.369, 11.056, 12.118, 12.27, 12.579, 11.7, 10.244, 8.335, 7.804, 8.853, 10.071, 9.552, 9.4, 9.428, 8.96, 8.565, 8.191, 8.096, 7.85, 7.721, 7.862, 8.073, 8.313, 8.411, 9.06, 10.163, 11.182, 11.552, 11.545, 11.666, 12.052, 11.645, 10.761, 8.721, 7.319, 7.114, 6.488, 5.383, 5.783, 5.283, 4.953, 4.107, 4.41, 4.797, 5.125, 4.391, 4.342, 4.906, 6.219, 7.027, 7.246, 7.847, 8.948, 8.594, 7.175, 6.217, 6.117, 6.414, 6.209, 5.346, 4.461, 5.185, 6.675, 8.125, 9.229, 9.536, 8.493, 6.588, 6.745, 7.112, 7.06, 6.49, 5.754, 5.7, 5.351, 5.163, 4.608, 4.31, 4.529, 4.739, 5.353, 6.162, 6.357, 6.659, 6.596, 6.186, 5.804, 5.711, 5.358, 5.761, 6.481, 6.718, 6.4, 5.364, 4.156, 3.734, 4.579, 5.43, 5.507, 5.629, 5.735, 6.001, 6.284, 7.161, 7.375, 7.577, 7.267, 6.778, 6.82], [8.659, 8.035, 6.807, 6.839, 8.662, 10.197, 9.996, 10.21, 11.164, 11.305, 10.111, 8.023, 5.641, 3.992, 3.967, 4.185, 3.421, 3.181, 2.46, 2.28, 2.414, 2.024, 1.985, 1.564, 0.0, 2.851, 4.391, 6.348, 8.061, 8.321, 8.253, 9.292, 10.53, 11.313, 11.049, 10.203, 9.329, 9.698, 10.513, 11.962, 13.089, 12.65, 11.692, 11.504, 12.222, 12.24, 11.174, 10.004, 9.172, 8.966, 9.689, 10.73, 10.867, 11.204, 10.419, 8.88, 7.028, 6.476, 7.474, 8.66, 8.185, 7.954, 7.992, 7.538, 7.116, 7.104, 7.342, 7.218, 7.042, 7.235, 7.408, 7.306, 7.326, 7.943, 8.963, 9.786, 10.167, 10.105, 10.257, 10.642, 10.352, 9.464, 7.37, 6.05, 5.702, 5.071, 4.132, 4.637, 4.144, 4.168, 3.881, 4.446, 5.081, 5.629, 5.067, 5.262, 6.147, 7.572, 8.331, 8.559, 9.126, 10.275, 9.885, 8.465, 7.526, 7.395, 7.626, 7.382, 6.484, 5.615, 6.366, 7.903, 9.388, 10.499, 10.825, 9.642, 7.069, 6.592, 6.696, 6.619, 6.045, 5.352, 5.265, 4.905, 4.606, 4.061, 4.029, 4.16, 4.347, 4.863, 5.742, 5.959, 6.277, 6.215, 5.789, 5.649, 5.823, 5.481, 5.677, 6.205, 6.373, 6.024, 4.983, 3.844, 3.485, 4.127, 4.959, 5.08, 5.18, 5.217, 5.557, 5.941, 6.85, 6.996, 7.159, 6.817, 6.346, 6.469], [10.614, 9.789, 8.467, 8.743, 10.776, 12.375, 12.188, 12.364, 13.292, 13.383, 12.004, 9.89, 7.605, 6.185, 5.829, 6.085, 5.318, 4.585, 4.073, 4.115, 4.311, 4.301, 4.233, 4.152, 2.851, 0.0, 2.475, 4.695, 6.424, 6.606, 6.486, 7.201, 8.113, 8.826, 8.86, 7.86, 7.475, 7.818, 8.882, 9.967, 10.942, 10.733, 9.61, 9.583, 10.335, 10.215, 8.943, 7.644, 6.719, 6.587, 7.182, 8.588, 8.935, 9.196, 8.234, 6.74, 4.446, 4.379, 5.2, 6.384, 5.914, 5.779, 5.9, 5.516, 5.494, 5.972, 6.275, 6.363, 6.083, 6.309, 6.591, 6.217, 6.159, 6.557, 7.314, 7.926, 8.458, 8.094, 8.011, 8.304, 8.1, 7.338, 5.326, 4.473, 4.212, 3.439, 3.251, 3.463, 3.334, 3.598, 4.005, 4.852, 6.043, 7.285, 7.174, 7.452, 8.275, 9.741, 10.536, 10.76, 11.311, 12.428, 12.062, 10.652, 9.733, 9.532, 9.821, 9.551, 8.436, 7.506, 8.312, 9.959, 11.59, 12.7, 13.026, 11.763, 8.461, 6.663, 6.253, 6.032, 5.458, 4.982, 4.899, 4.355, 3.833, 3.543, 4.072, 3.962, 3.763, 4.26, 5.247, 5.537, 5.919, 5.781, 5.591, 6.077, 6.871, 6.578, 5.969, 5.902, 5.891, 5.71, 4.61, 3.517, 3.545, 3.933, 4.428, 4.532, 4.627, 4.667, 5.104, 5.601, 6.556, 6.641, 6.646, 6.275, 5.908, 5.737], [11.932, 11.233, 9.915, 10.045, 12.098, 13.703, 13.528, 13.699, 14.644, 14.731, 13.331, 11.222, 8.963, 7.578, 7.238, 7.483, 6.719, 5.781, 5.357, 5.495, 5.78, 5.809, 5.75, 5.674, 4.391, 2.475, 0.0, 2.486, 4.255, 4.45, 4.361, 5.366, 6.519, 7.39, 7.466, 6.253, 5.597, 6.248, 7.038, 8.558, 9.56, 9.351, 8.205, 8.201, 8.953, 8.824, 7.517, 6.188, 5.292, 5.162, 5.699, 7.152, 7.532, 7.777, 6.885, 5.337, 3.005, 2.401, 3.793, 4.867, 4.325, 4.03, 4.093, 3.612, 3.411, 3.639, 4.061, 4.221, 4.11, 4.065, 4.358, 3.862, 3.835, 4.283, 5.118, 5.972, 6.682, 6.607, 6.504, 6.806, 6.743, 5.954, 3.8, 2.949, 3.026, 2.459, 2.432, 2.661, 1.837, 2.526, 3.967, 5.589, 7.368, 8.621, 8.486, 8.786, 9.61, 11.069, 11.862, 12.093, 12.637, 13.744, 13.383, 11.968, 11.072, 10.885, 11.195, 10.87, 9.731, 8.839, 9.624, 11.287, 12.919, 14.021, 14.353, 13.083, 9.73, 6.635, 5.451, 4.907, 4.604, 4.895, 4.841, 3.626, 2.88, 3.248, 4.096, 3.91, 2.996, 3.092, 4.158, 5.177, 5.648, 5.267, 5.318, 6.486, 7.853, 7.849, 6.656, 5.781, 5.565, 5.227, 4.531, 3.823, 4.168, 4.243, 3.695, 3.717, 3.811, 3.852, 4.224, 4.645, 5.699, 5.619, 5.359, 5.07, 4.862, 4.329], [13.426, 13.083, 11.664, 11.783, 13.672, 15.224, 15.037, 15.226, 16.152, 16.22, 14.844, 12.759, 10.491, 9.089, 8.974, 9.235, 8.426, 7.599, 7.335, 7.606, 7.857, 7.969, 7.788, 7.568, 6.348, 4.695, 2.486, 0.0, 2.073, 2.433, 2.709, 3.565, 4.779, 5.599, 5.72, 4.495, 4.03, 4.533, 5.255, 6.769, 7.848, 7.609, 6.543, 6.439, 7.143, 7.026, 5.719, 4.33, 3.497, 3.407, 4.097, 5.506, 5.811, 6.112, 5.386, 4.21, 2.845, 1.921, 2.736, 3.343, 2.606, 2.242, 2.486, 2.212, 2.227, 2.175, 2.622, 2.821, 2.936, 2.778, 2.871, 2.201, 2.049, 2.176, 2.877, 4.045, 4.841, 4.812, 4.677, 4.945, 5.179, 4.555, 2.545, 2.345, 2.634, 2.912, 3.315, 3.533, 2.91, 3.921, 5.457, 7.15, 8.83, 10.089, 10.002, 10.286, 11.126, 12.562, 13.356, 13.594, 14.203, 15.27, 14.922, 13.558, 12.632, 12.445, 12.732, 12.325, 11.421, 10.618, 11.305, 12.879, 14.359, 15.497, 15.788, 14.551, 11.25, 8.164, 6.603, 5.623, 5.581, 6.308, 6.239, 5.087, 4.113, 4.673, 5.697, 5.512, 4.514, 4.253, 5.125, 6.431, 6.954, 6.551, 6.743, 7.962, 9.332, 9.373, 8.306, 6.89, 6.181, 6.343, 5.997, 5.407, 5.756, 5.76, 5.161, 4.822, 4.745, 4.659, 4.998, 5.439, 6.417, 6.158, 5.489, 5.354, 5.504, 4.2], [14.807, 14.804, 13.37, 13.383, 15.157, 16.273, 16.055, 16.343, 17.179, 17.271, 15.869, 13.879, 11.949, 10.759, 10.508, 10.768, 10.068, 9.307, 9.057, 9.355, 9.555, 9.692, 9.537, 9.298, 8.061, 6.424, 4.255, 2.073, 0.0, 1.086, 1.344, 2.218, 3.733, 4.609, 4.747, 3.466, 3.051, 3.634, 4.153, 5.572, 6.891, 6.617, 5.506, 5.442, 5.964, 5.824, 4.537, 3.212, 2.598, 2.435, 3.276, 4.672, 4.867, 5.104, 4.692, 4.14, 3.919, 2.993, 3.253, 2.853, 2.001, 1.566, 1.874, 1.982, 2.415, 2.463, 2.986, 3.315, 3.356, 3.251, 3.068, 2.123, 1.957, 1.757, 1.709, 2.922, 3.682, 3.724, 3.42, 3.582, 4.24, 3.576, 2.663, 3.556, 4.005, 4.545, 4.818, 5.016, 4.367, 5.183, 6.819, 8.427, 10.155, 11.146, 11.061, 11.392, 12.365, 13.764, 14.349, 14.663, 15.313, 16.45, 16.054, 14.704, 13.908, 14.037, 14.231, 13.783, 12.973, 12.242, 12.912, 14.249, 15.542, 16.638, 16.786, 15.525, 12.337, 9.566, 7.667, 6.629, 6.815, 7.796, 7.673, 6.369, 5.568, 5.989, 7.31, 7.122, 6.064, 5.543, 6.023, 7.385, 7.951, 7.621, 7.852, 9.144, 10.525, 10.906, 9.688, 8.227, 7.375, 7.377, 7.171, 7.009, 7.102, 7.081, 6.448, 6.097, 6.256, 6.108, 6.232, 6.693, 7.428, 7.194, 6.529, 6.302, 6.559, 5.477], [14.984, 14.917, 13.484, 13.589, 15.233, 16.507, 16.296, 16.498, 17.43, 17.511, 16.096, 14.052, 12.016, 10.855, 10.641, 10.849, 10.143, 9.529, 9.327, 9.657, 9.854, 9.952, 9.818, 9.591, 8.321, 6.606, 4.45, 2.433, 1.086, 0.0, 0.981, 1.773, 3.429, 4.344, 4.48, 3.198, 2.902, 3.315, 3.913, 5.422, 6.633, 6.369, 5.243, 5.19, 5.831, 5.663, 4.392, 3.009, 2.525, 2.372, 3.208, 4.59, 4.617, 4.899, 4.398, 4.212, 3.919, 3.044, 3.288, 2.661, 1.911, 1.65, 2.12, 2.271, 2.867, 2.857, 3.397, 3.741, 3.746, 3.662, 3.526, 2.575, 2.265, 2.009, 1.753, 2.623, 3.434, 3.544, 3.305, 3.483, 3.931, 3.239, 2.651, 3.769, 4.292, 4.836, 5.188, 5.428, 4.745, 5.448, 7.051, 8.481, 10.24, 11.361, 11.338, 11.638, 12.451, 13.906, 14.616, 14.853, 15.452, 16.553, 16.203, 14.846, 14.01, 14.124, 14.389, 13.902, 13.083, 12.386, 13.026, 14.336, 15.666, 16.84, 17.037, 15.785, 12.523, 9.719, 7.884, 6.884, 7.011, 7.906, 7.774, 6.458, 5.702, 6.235, 7.466, 7.43, 6.201, 5.885, 6.357, 7.641, 8.207, 7.789, 7.994, 9.267, 10.65, 10.986, 9.745, 8.309, 7.502, 7.597, 7.296, 7.144, 7.356, 7.299, 6.7, 6.379, 6.501, 6.389, 6.43, 6.937, 7.71, 7.415, 6.783, 6.599, 6.843, 5.662], [15.267, 15.095, 13.689, 13.685, 15.531, 16.899, 16.696, 16.928, 17.821, 17.916, 16.509, 14.482, 12.36, 11.136, 10.854, 11.099, 10.393, 9.596, 9.365, 9.64, 9.863, 9.894, 9.812, 9.652, 8.253, 6.486, 4.361, 2.709, 1.344, 0.981, 0.0, 1.464, 3.093, 4.005, 4.122, 2.843, 2.477, 3.033, 3.641, 5.02, 6.279, 6.029, 4.894, 4.846, 5.429, 5.284, 4.002, 2.733, 2.481, 2.324, 3.079, 4.419, 4.346, 4.582, 4.26, 4.214, 3.881, 3.121, 3.193, 2.506, 1.818, 1.659, 2.081, 2.269, 2.958, 3.283, 3.809, 4.031, 4.07, 4.07, 3.886, 2.833, 2.61, 2.443, 2.056, 2.367, 3.075, 3.168, 2.905, 3.086, 3.559, 2.977, 2.511, 3.631, 4.139, 4.7, 5.003, 5.257, 4.798, 5.595, 7.26, 8.801, 10.642, 11.745, 11.666, 11.936, 12.889, 14.338, 15.006, 15.264, 15.832, 16.902, 16.506, 15.133, 14.343, 14.426, 14.694, 14.149, 13.279, 12.564, 13.203, 14.671, 16.052, 17.179, 17.419, 16.16, 12.915, 10.025, 8.276, 7.273, 7.313, 8.211, 8.114, 6.771, 5.886, 6.427, 7.666, 7.436, 6.373, 6.114, 6.758, 8.041, 8.609, 8.185, 8.376, 9.701, 11.064, 11.302, 10.121, 8.689, 7.931, 8.021, 7.68, 7.326, 7.638, 7.526, 6.909, 6.582, 6.658, 6.501, 6.644, 7.163, 8.022, 7.769, 7.09, 6.981, 7.208, 6.045], [16.435, 16.14, 14.796, 14.825, 16.701, 18.049, 17.849, 18.057, 18.964, 19.046, 17.644, 15.61, 13.417, 12.264, 11.987, 12.194, 11.516, 10.77, 10.516, 10.61, 10.89, 10.883, 10.858, 10.746, 9.292, 7.201, 5.366, 3.565, 2.218, 1.773, 1.464, 0.0, 1.923, 2.829, 3.06, 1.667, 1.887, 2.166, 2.749, 3.849, 5.062, 4.808, 3.684, 3.623, 4.252, 4.117, 2.82, 1.649, 2.157, 2.234, 2.852, 3.787, 3.571, 3.89, 4.033, 4.402, 4.096, 3.477, 3.311, 2.657, 2.126, 2.285, 2.826, 3.001, 3.81, 4.207, 4.77, 5.003, 4.996, 5.007, 4.812, 3.738, 3.186, 2.854, 2.19, 1.636, 2.093, 2.051, 1.936, 2.287, 2.618, 2.481, 3.089, 4.525, 5.06, 5.599, 5.999, 6.283, 5.858, 6.745, 8.408, 9.973, 11.749, 12.907, 12.819, 13.067, 13.991, 15.387, 16.138, 16.408, 16.939, 18.028, 17.672, 16.288, 15.507, 15.475, 15.75, 15.239, 14.387, 13.717, 14.327, 15.738, 17.218, 18.367, 18.631, 17.384, 14.083, 11.131, 9.392, 8.418, 8.523, 9.311, 9.223, 7.957, 6.962, 7.562, 8.708, 8.538, 7.481, 7.28, 7.99, 9.28, 9.797, 9.379, 9.54, 10.848, 12.223, 12.431, 11.261, 9.758, 9.032, 9.156, 8.776, 8.428, 8.718, 8.723, 8.092, 7.726, 7.775, 7.686, 7.843, 8.371, 9.188, 8.95, 8.322, 8.173, 8.365, 7.129], [17.993, 17.484, 16.139, 16.39, 18.264, 19.704, 19.546, 19.739, 20.649, 20.719, 19.323, 17.241, 15.006, 13.687, 13.469, 13.678, 12.899, 12.025, 11.686, 11.667, 12.012, 11.974, 11.826, 11.838, 10.53, 8.113, 6.519, 4.779, 3.733, 3.429, 3.093, 1.923, 0.0, 1.538, 1.829, 1.033, 1.878, 1.995, 2.13, 2.387, 3.366, 3.087, 2.19, 2.218, 2.799, 2.629, 2.027, 1.733, 2.397, 2.72, 2.851, 3.777, 3.332, 3.314, 3.68, 4.394, 4.2, 4.408, 3.987, 3.306, 2.898, 3.261, 4.071, 4.291, 5.169, 5.721, 6.319, 6.542, 6.487, 6.463, 6.362, 5.225, 4.577, 4.284, 3.324, 1.985, 1.715, 1.449, 1.616, 1.79, 1.966, 2.687, 3.927, 5.356, 6.067, 6.552, 7.105, 7.322, 7.144, 8.157, 9.824, 11.709, 13.298, 14.557, 14.475, 14.745, 15.565, 17.02, 17.815, 18.055, 18.723, 19.869, 19.528, 18.129, 17.151, 16.918, 17.196, 16.924, 15.949, 15.084, 15.796, 17.403, 18.96, 20.082, 20.389, 19.125, 15.741, 12.566, 11.06, 10.082, 10.063, 10.749, 10.848, 9.644, 8.536, 9.126, 10.126, 9.972, 8.93, 8.754, 9.668, 10.994, 11.538, 11.107, 11.34, 12.57, 13.896, 13.971, 12.874, 11.442, 10.682, 10.897, 10.512, 9.859, 10.178, 10.24, 9.619, 9.315, 9.223, 9.077, 9.434, 9.9, 10.844, 10.588, 9.86, 9.754, 10.002, 8.58], [18.957, 18.462, 17.149, 17.24, 19.168, 20.666, 20.486, 20.676, 21.576, 21.662, 20.286, 18.18, 15.912, 14.615, 14.413, 14.649, 13.886, 12.955, 12.621, 12.563, 12.965, 12.888, 12.775, 12.619, 11.313, 8.826, 7.39, 5.599, 4.609, 4.344, 4.005, 2.829, 1.538, 0.0, 1.079, 1.682, 2.707, 2.307, 2.396, 2.086, 2.422, 2.206, 2.081, 1.838, 1.877, 1.657, 1.368, 1.797, 2.491, 2.705, 2.294, 3.051, 2.501, 2.545, 2.983, 3.769, 4.571, 5.304, 4.237, 3.329, 3.3, 3.873, 4.557, 5.026, 5.967, 6.542, 7.139, 7.351, 7.305, 7.309, 7.206, 6.066, 5.388, 5.107, 4.244, 3.052, 2.312, 1.888, 1.995, 1.799, 1.67, 2.77, 4.316, 5.814, 6.292, 6.941, 7.618, 7.67, 7.962, 9.051, 10.762, 12.631, 14.234, 15.498, 15.439, 15.71, 16.53, 17.985, 18.781, 19.018, 19.656, 20.802, 20.461, 19.042, 18.075, 17.876, 18.204, 17.892, 16.947, 16.117, 16.724, 18.306, 19.878, 21.025, 21.322, 20.065, 16.69, 13.557, 12.026, 11.047, 11.021, 11.728, 11.771, 10.551, 9.432, 10.057, 11.098, 10.917, 9.892, 9.706, 10.605, 11.946, 12.468, 12.037, 12.263, 13.477, 14.85, 14.934, 13.815, 12.353, 11.621, 11.831, 11.42, 10.717, 11.112, 11.166, 10.56, 10.245, 10.075, 9.922, 10.316, 10.8, 11.774, 11.53, 10.757, 10.655, 10.907, 9.453], [19.071, 18.518, 17.216, 17.377, 19.292, 20.784, 20.62, 20.812, 21.721, 21.793, 20.401, 18.328, 16.059, 14.64, 14.576, 14.809, 14.03, 13.008, 12.461, 12.32, 12.739, 12.651, 12.594, 12.386, 11.049, 8.86, 7.466, 5.72, 4.747, 4.48, 4.122, 3.06, 1.829, 1.079, 0.0, 1.608, 2.727, 2.261, 2.252, 1.745, 2.3, 2.039, 1.695, 1.539, 1.798, 1.608, 1.167, 1.888, 2.507, 2.87, 2.424, 3.054, 2.371, 2.359, 2.857, 3.652, 4.574, 5.375, 4.061, 3.202, 3.4, 3.951, 4.616, 5.09, 5.946, 6.545, 7.214, 7.401, 7.348, 7.394, 7.299, 6.182, 5.536, 5.31, 4.487, 3.168, 2.066, 1.675, 2.052, 1.866, 1.503, 2.536, 4.137, 5.473, 5.974, 6.554, 7.496, 7.582, 8.02, 9.165, 10.883, 12.783, 14.388, 15.638, 15.554, 15.824, 16.653, 18.099, 18.897, 19.137, 19.758, 20.904, 20.565, 19.166, 18.188, 17.931, 18.268, 17.963, 17.055, 16.234, 16.898, 18.464, 20.02, 21.153, 21.462, 20.198, 16.812, 13.648, 12.14, 11.161, 11.131, 11.8, 11.918, 10.692, 9.518, 10.164, 11.11, 10.981, 9.949, 9.806, 10.727, 12.073, 12.616, 12.165, 12.377, 13.618, 14.982, 15.028, 13.969, 12.519, 11.772, 11.976, 11.553, 10.889, 11.231,