[[0.0, 1.699, 2.066, 3.467, 3.704, 3.307, 2.952, 2.994, 1.924, 2.406, 5.635, 8.9, 10.541, 10.923, 9.938, 10.883, 9.996, 8.014, 8.046, 7.87, 8.252, 9.325, 9.906, 10.559, 10.891, 11.384, 13.064, 13.305, 13.127, 13.169, 12.273, 11.345, 8.837, 9.429, 9.249, 4.93, 6.38, 13.339, 19.663, 23.007, 20.872, 21.115, 23.9, 26.697, 26.93, 25.503, 24.931, 22.556, 20.577, 19.495, 17.768, 16.084, 14.413, 11.975, 10.123, 8.968, 10.074, 12.228, 10.603, 8.935, 8.839, 11.313, 11.723, 9.826, 8.358, 8.33, 9.376, 9.554, 9.126, 10.3, 11.358, 11.439, 10.516, 11.829, 12.367, 10.293, 5.941, 2.669, 4.243, 2.436, 10.895, 13.262, 13.847, 11.969, 12.557, 12.922, 13.881, 16.389, 17.418, 17.732, 18.402, 18.222, 17.413, 16.945, 16.758, 15.93, 16.283, 17.451, 17.355, 16.649, 18.5, 16.62, 13.951, 12.939, 12.758, 15.329, 14.895], [1.699, 0.0, 3.156, 4.645, 4.643, 4.312, 3.997, 4.205, 2.569, 2.489, 6.179, 9.407, 11.13, 11.484, 10.534, 11.472, 10.548, 8.578, 8.643, 8.468, 8.848, 9.91, 10.458, 11.067, 11.436, 11.93, 13.585, 13.907, 13.725, 13.702, 12.828, 11.93, 9.367, 10.062, 9.771, 5.77, 6.84, 13.894, 20.193, 23.603, 21.452, 21.708, 24.493, 27.288, 27.521, 26.091, 25.524, 23.17, 21.169, 20.068, 18.356, 16.629, 14.975, 12.526, 10.665, 9.514, 10.627, 12.758, 11.16, 9.489, 9.393, 11.882, 12.298, 10.407, 8.874, 8.775, 9.776, 10.082, 9.627, 10.833, 11.915, 12.04, 11.114, 12.439, 12.906, 10.838, 6.271, 2.889, 4.557, 2.666, 11.463, 13.824, 14.379, 12.53, 13.126, 13.434, 14.422, 16.939, 18.003, 18.308, 18.944, 18.823, 18.018, 17.532, 17.305, 16.551, 16.853, 18.035, 17.954, 17.199, 19.084, 17.211, 14.499, 13.485, 13.322, 15.878, 15.446], [2.066, 3.156, 0.0, 2.015, 2.282, 1.89, 1.625, 2.039, 1.819, 1.894, 4.379, 8.221, 10.056, 10.305, 9.415, 10.279, 9.15, 7.298, 7.529, 7.474, 7.867, 8.821, 9.382, 9.755, 10.218, 10.57, 12.259, 12.817, 12.608, 12.723, 11.193, 10.557, 8.153, 8.857, 7.822, 3.632, 5.392, 12.036, 18.681, 22.583, 20.403, 20.641, 23.415, 26.206, 26.423, 24.983, 24.411, 22.071, 19.999, 18.965, 17.281, 15.546, 13.918, 11.306, 9.245, 8.319, 9.43, 11.527, 10.034, 8.426, 8.421, 10.499, 11.28, 9.333, 7.991, 8.099, 9.054, 9.282, 8.797, 9.765, 10.955, 11.027, 10.1, 11.386, 11.617, 9.685, 5.002, 2.901, 4.362, 2.438, 9.132, 12.348, 13.048, 10.981, 11.654, 11.699, 12.944, 15.033, 16.775, 17.035, 17.474, 17.729, 16.952, 16.485, 16.204, 15.457, 15.688, 16.911, 16.847, 16.078, 18.063, 16.223, 13.189, 12.384, 12.136, 14.679, 14.326], [3.467, 4.645, 2.015, 0.0, 1.385, 1.115, 2.087, 2.251, 3.243, 3.155, 2.935, 6.727, 8.556, 8.813, 7.917, 8.774, 7.664, 5.813, 6.049, 5.936, 6.331, 7.31, 7.862, 8.248, 8.72, 9.161, 10.817, 11.306, 11.113, 11.177, 9.81, 9.138, 6.714, 7.368, 6.27, 2.063, 4.31, 10.639, 17.267, 21.077, 18.907, 19.131, 21.922, 24.716, 24.935, 23.494, 22.928, 20.577, 18.53, 17.468, 15.785, 14.054, 12.401, 9.797, 7.758, 6.804, 7.939, 10.029, 8.505, 6.892, 6.977, 9.013, 9.742, 7.795, 6.647, 6.928, 7.76, 7.813, 7.38, 8.339, 9.483, 9.531, 8.583, 9.872, 10.12, 8.225, 3.955, 4.36, 5.743, 3.904, 7.859, 10.874, 11.583, 9.555, 10.242, 10.278, 11.491, 13.703, 15.218, 15.509, 15.968, 16.235, 15.458, 14.977, 14.71, 13.945, 14.205, 15.429, 15.354, 14.591, 16.543, 14.689, 11.681, 10.87, 10.634, 13.165, 12.856], [3.704, 4.643, 2.282, 1.385, 0.0, 1.114, 2.007, 2.633, 3.354, 2.988, 2.875, 6.59, 8.416, 8.691, 7.779, 8.632, 7.503, 5.677, 5.919, 5.838, 6.234, 7.181, 7.742, 8.133, 8.579, 8.922, 10.621, 11.179, 10.965, 11.081, 9.584, 8.919, 6.486, 7.218, 6.137, 2.049, 3.718, 10.412, 17.044, 20.939, 18.763, 19.012, 21.778, 24.57, 24.792, 23.372, 22.791, 20.433, 18.363, 17.326, 15.638, 13.918, 12.282, 9.663, 7.606, 6.681, 7.783, 9.91, 8.401, 6.776, 6.757, 8.873, 9.637, 7.7, 6.235, 6.349, 7.297, 7.595, 7.123, 8.097, 9.307, 9.402, 8.465, 9.737, 9.969, 8.035, 3.334, 4.507, 5.937, 3.932, 7.569, 10.711, 11.426, 9.339, 10.015, 10.013, 11.288, 13.409, 15.089, 15.383, 15.856, 16.089, 15.314, 14.845, 14.573, 13.817, 14.041, 15.264, 15.198, 14.432, 16.422, 14.588, 11.537, 10.734, 10.51, 13.041, 12.674], [3.307, 4.312, 1.89, 1.115, 1.114, 0.0, 1.667, 2.402, 3.183, 2.683, 2.973, 6.751, 8.584, 8.844, 7.952, 8.822, 7.667, 5.845, 6.066, 6.004, 6.392, 7.326, 7.903, 8.294, 8.683, 9.098, 10.794, 11.351, 11.078, 11.257, 9.755, 9.012, 6.653, 7.256, 6.41, 2.23, 3.855, 10.627, 17.16, 21.107, 18.935, 19.178, 21.947, 24.743, 24.963, 23.533, 22.96, 20.603, 18.537, 17.49, 15.81, 14.089, 12.444, 9.831, 7.718, 6.806, 7.938, 10.056, 8.568, 6.892, 6.907, 9.005, 9.812, 7.836, 6.39, 6.511, 7.426, 7.689, 7.217, 8.141, 9.33, 9.452, 8.517, 9.807, 10.137, 8.132, 3.551, 4.397, 5.728, 3.661, 7.807, 10.819, 11.598, 9.447, 10.12, 10.195, 11.418, 13.638, 15.31, 15.586, 16.038, 16.263, 15.483, 15.007, 14.733, 13.979, 14.176, 15.419, 15.357, 14.61, 16.584, 14.748, 11.653, 10.858, 10.666, 13.203, 12.85], [2.952, 3.997, 1.625, 2.087, 2.007, 1.667, 0.0, 1.742, 2.608, 3.048, 4.072, 7.874, 9.709, 9.973, 9.081, 9.935, 8.822, 6.973, 7.192, 7.134, 7.529, 8.457, 9.033, 9.414, 9.826, 10.174, 11.9, 12.468, 12.237, 12.407, 10.888, 10.171, 7.82, 8.389, 7.531, 3.289, 5.023, 11.812, 18.287, 22.221, 20.058, 20.288, 23.056, 25.855, 26.078, 24.652, 24.074, 21.716, 19.638, 18.601, 16.931, 15.215, 13.567, 10.966, 8.881, 7.944, 9.089, 11.198, 9.708, 8.059, 8.075, 10.148, 10.956, 8.963, 7.611, 7.74, 8.64, 8.852, 8.37, 9.314, 10.482, 10.594, 9.68, 10.985, 11.296, 9.3, 4.763, 3.469, 4.794, 3.079, 8.771, 11.968, 12.699, 10.564, 11.242, 11.23, 12.527, 14.665, 16.423, 16.709, 17.199, 17.399, 16.596, 16.123, 15.848, 15.1, 15.28, 16.53, 16.471, 15.716, 17.707, 15.883, 12.777, 11.994, 11.785, 14.329, 13.958], [2.994, 4.205, 2.039, 2.251, 2.633, 2.402, 1.742, 0.0, 2.413, 3.237, 4.758, 8.593, 10.436, 10.693, 9.797, 10.64, 9.535, 7.67, 7.907, 7.848, 8.239, 9.235, 9.754, 10.17, 10.652, 11.065, 12.721, 13.232, 13.042, 13.091, 11.663, 11.001, 8.537, 9.155, 8.089, 3.953, 5.988, 12.469, 19.15, 22.971, 20.783, 21.035, 23.797, 26.585, 26.809, 25.377, 24.799, 22.454, 20.434, 19.357, 17.665, 15.937, 14.309, 11.69, 9.669, 8.75, 9.861, 11.917, 10.407, 8.713, 8.829, 10.897, 11.646, 9.638, 8.426, 8.551, 9.505, 9.573, 9.119, 10.124, 11.291, 11.353, 10.449, 11.764, 12.032, 10.071, 5.609, 2.865, 3.842, 3.101, 9.612, 12.768, 13.465, 11.439, 12.134, 12.149, 13.376, 15.512, 17.097, 17.388, 17.825, 18.106, 17.335, 16.869, 16.593, 15.841, 16.121, 17.344, 17.277, 16.51, 18.444, 16.598, 13.585, 12.708, 12.531, 15.068, 14.742], [1.924, 2.569, 1.819, 3.243, 3.354, 3.183, 2.608, 2.413, 0.0, 1.806, 5.931, 9.829, 11.661, 11.914, 11.022, 11.862, 10.748, 8.886, 9.131, 9.072, 9.463, 10.439, 10.979, 11.365, 11.847, 12.224, 13.882, 14.433, 14.244, 14.324, 12.82, 12.11, 9.681, 10.361, 9.296, 5.146, 6.745, 13.622, 20.316, 24.196, 22.011, 22.246, 25.021, 27.809, 28.026, 26.585, 26.015, 23.679, 21.634, 20.576, 18.888, 17.157, 15.523, 12.919, 10.866, 9.942, 11.056, 13.129, 11.631, 9.953, 9.96, 12.089, 12.874, 10.854, 9.381, 9.271, 10.232, 10.645, 10.159, 11.223, 12.396, 12.545, 11.641, 12.962, 13.241, 11.266, 6.385, 1.756, 3.234, 1.906, 10.688, 13.965, 14.663, 12.621, 13.297, 13.319, 14.554, 16.663, 18.326, 18.613, 19.05, 19.333, 18.565, 18.093, 17.816, 17.065, 17.323, 18.546, 18.477, 17.711, 19.669, 17.822, 14.781, 13.932, 13.745, 16.287, 15.916], [2.406, 2.489, 1.894, 3.155, 2.988, 2.683, 3.048, 3.237, 1.806, 0.0, 4.851, 8.699, 10.537, 10.773, 9.937, 10.78, 9.631, 7.913, 8.007, 7.954, 8.349, 9.283, 9.862, 10.239, 10.629, 11.031, 12.756, 13.303, 13.017, 13.197, 11.679, 10.945, 8.55, 9.163, 8.531, 4.567, 5.615, 12.497, 19.071, 23.067, 20.873, 21.122, 23.888, 26.671, 26.895, 25.447, 24.886, 22.538, 20.492, 19.449, 17.757, 16.029, 14.4, 11.793, 9.653, 8.757, 9.903, 12.01, 10.511, 8.822, 8.835, 10.946, 11.766, 9.752, 8.273, 8.129, 9.107, 9.502, 9.03, 9.998, 11.158, 11.298, 10.396, 11.741, 12.099, 10.089, 5.219, 2.982, 4.521, 2.586, 9.688, 12.754, 13.533, 11.378, 12.064, 12.208, 13.361, 15.505, 17.269, 17.517, 17.946, 18.191, 17.435, 16.968, 16.683, 15.94, 16.136, 17.381, 17.319, 16.571, 18.544, 16.706, 13.61, 12.805, 12.615, 15.162, 14.791], [5.635, 6.179, 4.379, 2.935, 2.875, 2.973, 4.072, 4.758, 5.931, 4.851, 0.0, 4.056, 5.797, 6.038, 5.346, 6.201, 5.14, 3.593, 3.589, 3.678, 3.983, 4.677, 5.224, 5.492, 5.954, 6.36, 8.042, 8.553, 8.332, 8.453, 7.023, 6.971, 4.791, 5.174, 4.511, 1.975, 3.325, 7.925, 14.449, 18.311, 16.135, 16.378, 19.159, 21.942, 22.171, 20.728, 20.163, 17.804, 15.725, 14.703, 13.009, 11.3, 9.65, 7.115, 5.004, 4.366, 5.326, 7.262, 5.784, 4.97, 4.922, 6.825, 7.05, 5.324, 5.406, 5.848, 6.096, 5.726, 5.165, 5.887, 6.921, 6.864, 5.89, 7.167, 7.381, 5.502, 3.359, 7.099, 8.505, 6.29, 5.994, 8.178, 8.806, 6.846, 7.589, 7.889, 8.781, 10.908, 12.502, 12.764, 13.264, 13.476, 12.733, 12.218, 11.944, 11.192, 11.416, 12.638, 12.576, 11.806, 13.793, 11.968, 8.938, 8.131, 7.878, 10.416, 10.16], [8.9, 9.407, 8.221, 6.727, 6.59, 6.751, 7.874, 8.593, 9.829, 8.699, 4.056, 0.0, 1.995, 2.197, 1.918, 2.444, 2.094, 1.927, 2.543, 3.08, 3.123, 3.175, 3.238, 3.355, 3.451, 4.225, 5.758, 5.481, 6.349, 5.554, 5.003, 6.629, 4.846, 4.668, 4.193, 4.793, 4.296, 5.838, 10.855, 14.396, 12.197, 12.471, 15.219, 18.009, 18.251, 16.835, 16.245, 13.897, 11.879, 10.786, 9.1, 7.376, 5.785, 4.089, 2.838, 3.017, 2.717, 3.743, 3.431, 5.089, 5.243, 6.558, 4.944, 4.946, 5.328, 5.731, 5.674, 5.088, 4.843, 5.481, 6.105, 5.792, 4.742, 5.198, 5.139, 3.644, 4.626, 11.007, 12.393, 10.097, 3.919, 4.728, 5.295, 3.704, 4.262, 4.801, 5.249, 7.779, 8.906, 9.12, 9.598, 9.546, 8.807, 8.318, 8.017, 7.358, 7.567, 8.776, 8.765, 8.039, 9.883, 8.107, 6.266, 5.687, 5.723, 7.832, 8.022], [10.541, 11.13, 10.056, 8.556, 8.416, 8.584, 9.709, 10.436, 11.661, 10.537, 5.797, 1.995, 0.0, 1.079, 1.823, 2.157, 2.145, 3.077, 3.048, 3.216, 2.794, 2.323, 2.471, 2.812, 3.069, 3.252, 4.572, 4.145, 5.071, 4.254, 4.302, 5.876, 4.481, 4.91, 4.677, 6.615, 5.164, 5.672, 9.446, 12.557, 10.368, 10.619, 13.392, 16.182, 16.411, 15.011, 14.432, 12.161, 10.126, 9.011, 7.33, 5.669, 4.591, 3.829, 2.897, 3.25, 2.99, 2.79, 2.519, 4.537, 5.019, 5.681, 3.739, 3.817, 4.564, 4.569, 4.614, 3.832, 3.828, 4.34, 4.813, 4.523, 3.6, 4.035, 4.188, 3.285, 5.597, 12.846, 14.229, 11.92, 4.179, 4.506, 4.347, 3.589, 3.79, 4.366, 4.349, 6.728, 7.636, 8.038, 8.394, 7.958, 7.417, 6.678, 6.443, 6.123, 6.169, 7.115, 7.201, 6.938, 8.119, 6.542, 5.397, 4.843, 4.675, 6.945, 6.861], [10.923, 11.484, 10.305, 8.813, 8.691, 8.844, 9.973, 10.693, 11.914, 10.773, 6.038, 2.197, 1.079, 0.0, 1.669, 1.799, 1.983, 3.237, 3.4, 3.682, 3.088, 2.392, 2.287, 2.447, 2.645, 2.868, 4.245, 3.988, 4.934, 4.07, 3.841, 5.423, 4.045, 4.774, 4.668, 6.857, 5.349, 5.033, 8.874, 12.316, 10.111, 10.401, 13.131, 15.917, 16.15, 14.72, 14.154, 11.831, 9.823, 8.726, 7.027, 5.365, 4.026, 3.274, 2.699, 3.3, 3.016, 2.247, 2.139, 4.27, 4.741, 5.242, 3.493, 3.616, 4.234, 4.385, 4.326, 3.856, 3.883, 4.117, 4.686, 4.376, 3.348, 3.781, 3.754, 2.996, 5.856, 13.092, 14.482, 12.206, 3.859, 4.295, 3.766, 2.968, 3.452, 3.791, 3.739, 6.093, 7.093, 7.487, 7.753, 7.572, 7.005, 6.37, 5.979, 5.58, 5.624, 6.795, 6.855, 6.536, 7.839, 6.241, 4.834, 4.304, 4.367, 6.431, 6.504], [9.938, 10.534, 9.415, 7.917, 7.779, 7.952, 9.081, 9.797, 11.022, 9.937, 5.346, 1.918, 1.823, 1.669, 0.0, 1.234, 1.308, 2.258, 2.741, 3.311, 3.194, 2.913, 2.916, 3.197, 3.313, 3.941, 5.373, 4.998, 5.903, 4.923, 4.432, 6.367, 4.549, 4.078, 3.952, 5.953, 4.776, 5.188, 10.007, 13.218, 11.029, 11.438, 14.027, 16.813, 17.046, 15.652, 15.043, 12.686, 10.806, 9.662, 7.93, 6.387, 4.979, 3.363, 2.477, 2.423, 2.418, 3.229, 3.041, 5.18, 5.42, 6.234, 4.522, 4.676, 5.142, 5.274, 5.172, 4.608, 4.795, 5.166, 5.577, 5.241, 4.286, 4.637, 4.69, 3.13, 5.023, 12.199, 13.588, 11.286, 3.33, 4.124, 4.658, 3.159, 3.391, 3.862, 4.062, 6.6, 7.614, 7.971, 8.592, 8.34, 7.602, 7.211, 6.939, 6.373, 6.681, 7.849, 7.939, 7.156, 8.871, 7.407, 5.813, 5.105, 5.193, 7.157, 7.346], [10.883, 11.472, 10.279, 8.774, 8.632, 8.822, 9.935, 10.64, 11.862, 10.78, 6.201, 2.444, 2.157, 1.799, 1.234, 0.0, 1.335, 3.073, 3.405, 4.038, 3.696, 3.074, 2.757, 2.872, 3.072, 3.819, 4.81, 4.472, 5.4, 4.377, 3.842, 5.86, 4.341, 3.676, 3.591, 6.804, 5.415, 4.589, 9.134, 12.424, 10.215, 10.615, 13.198, 15.965, 16.214, 14.817, 14.219, 11.864, 9.942, 8.803, 7.124, 5.614, 4.208, 2.815, 2.245, 2.534, 2.323, 2.515, 2.727, 5.221, 5.725, 5.707, 4.313, 4.427, 5.128, 5.194, 4.915, 4.856, 4.978, 5.225, 5.16, 4.744, 3.823, 4.036, 4.003, 2.597, 5.758, 13.045, 14.425, 12.156, 3.086, 3.448, 3.805, 2.45, 2.679, 3.08, 3.36, 5.774, 6.816, 7.176, 7.749, 7.52, 6.796, 6.391, 6.105, 5.549, 5.842, 6.976, 7.081, 6.328, 8.073, 6.642, 5.133, 4.44, 4.601, 6.483, 6.672], [9.996, 10.548, 9.15, 7.664, 7.503, 7.667, 8.822, 9.535, 10.748, 9.631, 5.14, 2.094, 2.145, 1.983, 1.308, 1.335, 0.0, 2.216, 2.978, 3.472, 3.334, 2.728, 2.725, 2.848, 3.094, 3.709, 4.96, 4.739, 5.538, 4.807, 3.964, 5.749, 4.24, 3.464, 3.267, 5.737, 4.385, 4.899, 9.937, 13.583, 11.379, 11.679, 14.356, 17.143, 17.365, 15.972, 15.356, 13.019, 10.979, 9.959, 8.266, 6.587, 5.066, 3.245, 2.226, 2.01, 2.148, 3.167, 2.755, 5.0, 5.4, 5.696, 4.453, 4.45, 5.056, 5.101, 4.999, 4.708, 4.807, 4.871, 5.267, 4.971, 3.972, 4.329, 4.319, 2.88, 4.656, 11.92, 13.253, 10.992, 2.802, 3.87, 4.486, 2.868, 3.221, 3.521, 4.054, 6.557, 7.842, 8.111, 8.625, 8.694, 7.945, 7.532, 7.208, 6.522, 6.69, 7.945, 7.939, 7.224, 9.127, 7.492, 5.596, 4.977, 4.875, 6.895, 7.158], [8.014, 8.578, 7.298, 5.813, 5.677, 5.845, 6.973, 7.67, 8.886, 7.913, 3.593, 1.927, 3.077, 3.237, 2.258, 3.073, 2.216, 0.0, 1.851, 2.742, 3.071, 3.248, 3.355, 3.642, 3.866, 4.342, 5.956, 6.096, 6.458, 6.195, 5.322, 6.641, 4.553, 4.139, 3.616, 3.855, 3.741, 6.639, 11.919, 15.379, 13.172, 13.503, 16.153, 18.943, 19.163, 17.745, 17.155, 14.816, 12.907, 11.805, 10.053, 8.406, 6.926, 4.819, 3.663, 2.738, 3.29, 4.985, 3.916, 5.049, 5.276, 6.56, 5.363, 4.899, 5.235, 5.638, 5.701, 5.139, 4.828, 5.483, 6.209, 5.983, 4.837, 5.68, 5.721, 4.309, 3.81, 10.063, 11.443, 9.198, 4.162, 5.714, 6.385, 4.785, 5.093, 5.314, 5.999, 8.491, 9.652, 9.954, 10.522, 10.483, 9.746, 9.349, 9.018, 8.373, 8.648, 9.909, 9.949, 9.155, 10.938, 9.288, 7.457, 6.448, 6.043, 8.277, 8.442], [8.046, 8.643, 7.529, 6.049, 5.919, 6.066, 7.192, 7.907, 9.131, 8.007, 3.589, 2.543, 3.048, 3.4, 2.741, 3.405, 2.978, 1.851, 0.0, 1.648, 2.069, 2.41, 2.666, 3.343, 4.072, 3.951, 5.589, 5.894, 5.876, 5.97, 5.529, 6.167, 3.983, 4.487, 4.115, 4.11, 3.575, 7.024, 12.142, 15.126, 12.959, 13.345, 15.93, 18.704, 18.945, 17.617, 16.967, 14.66, 12.785, 11.614, 9.926, 8.332, 6.907, 5.074, 3.78, 3.221, 3.383, 5.203, 3.912, 4.149, 4.593, 5.848, 5.015, 3.855, 4.233, 4.448, 4.695, 4.097, 3.732, 4.555, 5.416, 5.312, 4.1, 5.245, 5.619, 4.108, 3.583, 10.31, 11.697, 9.405, 5.101, 6.384, 6.652, 5.199, 5.872, 6.277, 6.553, 8.998, 9.97, 10.286, 10.846, 10.335, 9.662, 9.18, 9.021, 8.565, 8.746, 9.779, 9.866, 9.358, 10.814, 9.163, 7.467, 6.412, 5.741, 8.27, 7.96], [7.87, 8.468, 7.474, 5.936, 5.838, 6.004, 7.134, 7.848, 9.072, 7.954, 3.678, 3.08, 3.216, 3.682, 3.311, 4.038, 3.472, 2.742, 1.648, 0.0, 1.672, 2.116, 2.405, 3.326, 4.113, 3.997, 5.616, 5.742, 5.662, 5.739, 5.567, 6.021, 3.714, 4.536, 4.459, 4.036, 3.094, 7.04, 12.339, 15.261, 13.083, 13.39, 16.151, 18.867, 19.13, 17.751, 17.154, 14.952, 12.911, 11.847, 10.206, 8.503, 7.018, 5.201, 3.844, 3.232, 3.599, 5.244, 3.839, 3.3, 3.881, 5.554, 4.792, 3.504, 3.65, 3.734, 4.175, 3.597, 3.448, 4.34, 5.128, 5.076, 3.888, 5.097, 5.459, 4.097, 3.278, 10.259, 11.635, 9.319, 5.191, 6.641, 6.701, 5.325, 6.065, 6.621, 7.063, 9.53, 10.492, 10.771, 11.284, 10.777, 10.058, 9.317, 9.304, 8.795, 8.956, 9.885, 9.869, 9.546, 10.98, 9.174, 7.334, 6.37, 5.766, 8.374, 8.065], [8.252, 8.848, 7.867, 6.331, 6.234, 6.392, 7.529, 8.239, 9.463, 8.349, 3.983, 3.123, 2.794, 3.088, 3.194, 3.696, 3.334, 3.071, 2.069, 1.672, 0.0, 1.335, 1.938, 2.514, 3.145, 3.352, 4.994, 5.146, 5.0, 5.058, 4.528, 4.697, 2.421, 4.154, 3.783, 4.466, 2.942, 6.014, 11.636, 14.805, 12.684, 12.901, 15.697, 18.47, 18.73, 17.346, 16.732, 14.389, 12.412, 11.325, 9.602, 7.942, 6.372, 4.439, 2.882, 2.84, 3.315, 4.247, 2.736, 2.553, 3.039, 4.335, 3.744, 2.388, 2.584, 2.757, 2.986, 2.613, 2.42, 3.242, 4.047, 3.948, 2.798, 4.013, 4.419, 2.972, 3.377, 10.662, 12.043, 9.719, 4.814, 6.109, 5.866, 4.531, 5.451, 6.132, 6.264, 8.723, 9.69, 9.988, 10.504, 10.107, 9.356, 8.77, 8.644, 8.001, 8.247, 9.279, 9.235, 8.771, 10.304, 8.478, 6.173, 5.254, 4.718, 7.413, 7.044], [9.325, 9.91, 8.821, 7.31, 7.181, 7.326, 8.457, 9.235, 10.439, 9.283, 4.677, 3.175, 2.323, 2.392, 2.913, 3.074, 2.728, 3.248, 2.41, 2.116, 1.335, 0.0, 1.247, 2.078, 2.789, 2.768, 4.301, 4.112, 4.054, 4.11, 3.795, 4.14, 2.701, 3.686, 3.533, 5.441, 3.793, 5.43, 10.657, 13.898, 11.724, 12.007, 14.794, 17.54, 17.814, 16.381, 15.84, 13.555, 11.343, 10.297, 8.736, 7.052, 5.483, 3.74, 2.47, 2.427, 2.823, 3.553, 2.095, 3.09, 3.589, 3.935, 3.033, 2.152, 3.019, 2.873, 3.034, 2.444, 2.432, 2.732, 3.241, 3.094, 2.009, 3.143, 3.581, 2.358, 4.146, 11.63, 12.969, 10.637, 4.172, 5.463, 4.978, 3.804, 4.745, 5.436, 5.517, 7.964, 9.05, 9.36, 9.772, 9.326, 8.712, 7.94, 7.771, 7.288, 7.269, 8.269, 8.21, 7.976, 9.505, 7.602, 5.402, 4.59, 4.075, 6.707, 6.269], [9.906, 10.458, 9.382, 7.862, 7.742, 7.903, 9.033, 9.754, 10.979, 9.862, 5.224, 3.238, 2.471, 2.287, 2.916, 2.757, 2.725, 3.355, 2.666, 2.405, 1.938, 1.247, 0.0, 1.411, 2.297, 2.225, 3.595, 3.613, 3.721, 3.585, 3.36, 4.231, 2.512, 3.861, 3.814, 5.929, 4.353, 4.951, 10.149, 13.259, 11.075, 11.373, 14.173, 16.912, 17.164, 15.746, 15.221, 12.98, 10.794, 9.707, 8.133, 6.383, 4.883, 3.139, 2.75, 2.72, 3.026, 3.284, 1.884, 3.085, 3.701, 3.949, 2.676, 2.051, 3.053, 3.177, 3.267, 2.909, 2.755, 2.822, 3.26, 3.196, 2.172, 3.064, 3.392, 2.145, 4.767, 12.177, 13.553, 11.247, 4.015, 5.149, 4.479, 3.228, 4.399, 4.771, 5.085, 7.356, 8.424, 8.677, 9.096, 8.713, 8.131, 7.346, 7.168, 6.719, 6.821, 7.824, 7.811, 7.444, 8.911, 7.063, 5.057, 4.114, 3.689, 6.318, 6.053], [10.559, 11.067, 9.755, 8.248, 8.133, 8.294, 9.414, 10.17, 11.365, 10.239, 5.492, 3.355, 2.812, 2.447, 3.197, 2.872, 2.848, 3.642, 3.343, 3.326, 2.514, 2.078, 1.411, 0.0, 1.452, 1.649, 2.933, 3.143, 3.488, 3.118, 2.415, 3.89, 2.263, 4.044, 3.994, 6.334, 4.721, 4.275, 9.283, 12.849, 10.668, 10.966, 13.752, 16.494, 16.737, 15.305, 14.756, 12.498, 10.318, 9.267, 7.612, 5.889, 4.462, 2.81, 2.831, 3.01, 3.173, 2.944, 1.834, 3.0, 3.664, 3.638, 2.596, 2.195, 3.097, 3.649, 3.419, 3.358, 3.207, 2.954, 3.375, 3.118, 2.166, 2.699, 2.788, 2.287, 5.275, 12.559, 13.948, 11.701, 3.872, 4.82, 3.654, 2.573, 4.058, 4.268, 4.691, 6.413, 7.689, 7.888, 8.272, 8.141, 7.48, 6.79, 6.633, 6.043, 6.171, 7.236, 7.208, 6.684, 8.369, 6.535, 4.297, 3.582, 3.051, 5.832, 5.701], [10.891, 11.436, 10.218, 8.72, 8.579, 8.683, 9.826, 10.652, 11.847, 10.629, 5.954, 3.451, 3.069, 2.645, 3.313, 3.072, 3.094, 3.866, 4.072, 4.113, 3.145, 2.789, 2.297, 1.452, 0.0, 1.568, 2.944, 3.067, 3.386, 3.206, 2.27, 3.729, 2.648, 4.432, 4.586, 6.826, 5.182, 4.513, 8.84, 12.562, 10.405, 10.646, 13.437, 16.23, 16.463, 15.022, 14.465, 12.098, 10.024, 8.995, 7.286, 5.756, 4.408, 3.108, 3.281, 3.437, 3.808, 2.854, 2.141, 2.951, 3.281, 3.669, 2.555, 2.706, 3.348, 4.272, 3.805, 3.696, 3.66, 3.012, 3.329, 3.069, 2.429, 2.839, 3.032, 2.801, 5.57, 13.036, 14.321, 12.061, 4.218, 4.943, 3.65, 2.569, 4.118, 4.453, 4.668, 6.132, 7.144, 7.466, 7.843, 8.026, 7.113, 6.65, 6.504, 5.95, 5.821, 6.902, 6.825, 6.365, 8.044, 6.243, 4.204, 3.617, 3.173, 5.777, 5.873], [11.384, 11.93, 10.57, 9.161, 8.922, 9.098, 10.174, 11.065, 12.224, 11.031, 6.36, 4.225, 3.252, 2.868, 3.941, 3.819, 3.709, 4.342, 3.951, 3.997, 3.352, 2.768, 2.225, 1.649, 1.568, 0.0, 2.028, 2.511, 2.817, 2.818, 2.496, 3.424, 3.237, 5.298, 5.311, 7.272, 5.53, 5.214, 8.471, 12.187, 9.964, 10.34, 12.996, 15.755, 16.012, 14.575, 14.046, 11.766, 9.6, 8.539, 7.183, 5.864, 4.584, 3.761, 4.097, 4.092, 4.255, 3.265, 2.157, 2.725, 3.058, 3.033, 1.978, 2.285, 3.312, 3.911, 3.517, 3.131, 3.125, 2.155, 2.62, 2.493, 2.34, 2.34, 2.821, 3.248, 6.108, 13.404, 14.801, 12.561, 4.85, 6.019, 3.816, 3.374, 5.046, 5.176, 5.475, 6.647, 7.665, 8.117, 8.165, 8.314, 7.487, 6.915, 6.666, 6.452, 5.924, 6.736, 6.618, 6.99, 7.849, 6.234, 4.147, 3.617, 3.041, 5.361, 5.275], [13.064, 13.585, 12.259, 10.817, 10.621, 10.794, 11.9, 12.721, 13.882, 12.756, 8.042, 5.758, 4.572, 4.245, 5.373, 4.81, 4.96, 5.956, 5.589, 5.616, 4.994, 4.301, 3.595, 2.933, 2.944, 2.028, 0.0, 1.346, 1.559, 2.245, 2.274, 2.794, 4.479, 5.837, 5.987, 8.915, 7.24, 5.364, 7.222, 10.704, 8.353, 8.694, 11.281, 14.019, 14.379, 12.963, 12.474, 10.21, 8.13, 7.043, 6.029, 5.3, 4.487, 4.02, 5.176, 5.318, 5.457, 4.14, 3.389, 4.275, 4.3, 2.68, 2.448, 3.364, 4.874, 5.187, 4.528, 4.503, 4.455, 3.349, 2.848, 2.849, 3.415, 2.88, 3.315, 4.416, 7.803, 15.064, 16.496, 14.257, 6.003, 6.369, 3.449, 4.015, 5.527, 5.773, 6.077, 6.54, 6.887, 7.237, 7.439, 7.467, 6.663, 6.619, 6.393, 6.353, 5.804, 5.742, 5.902, 6.275, 6.661, 5.318, 3.906, 3.411, 2.641, 4.126, 4.371], [13.305, 13.907, 12.817, 11.306, 11.179, 11.351, 12.468, 13.232, 14.433, 13.303, 8.553, 5.481, 4.145, 3.988, 4.998, 4.472, 4.739, 6.096, 5.894, 5.742, 5.146, 4.112, 3.613, 3.143, 3.067, 2.511, 1.346, 0.0, 1.332, 1.775, 2.276, 2.871, 4.862, 5.564, 5.954, 9.417, 7.795, 4.992, 7.058, 10.24, 7.842, 8.044, 10.797, 13.527, 13.842, 12.459, 11.923, 9.718, 7.488, 6.553, 5.546, 4.788, 3.953, 3.616, 4.84, 5.09, 5.02, 3.998, 3.083, 4.611, 4.623, 3.014, 1.994, 3.623, 5.201, 5.389, 4.7, 4.371, 4.518, 3.399, 2.496, 2.458, 3.194, 2.356, 2.951, 3.998, 8.17, 15.627, 17.01, 14.672, 5.85, 6.143, 3.185, 3.833, 5.45, 5.821, 6.017, 6.507, 6.5, 6.942, 7.172, 7.022, 6.169, 6.108, 6.094, 6.026, 5.355, 5.226, 5.345, 5.769, 6.264, 4.78, 3.461, 2.983, 2.369, 3.91, 4.001], [13.127, 13.725, 12.608, 11.113, 10.965, 11.078, 12.237, 13.042, 14.244, 13.017, 8.332, 6.349, 5.071, 4.934, 5.903, 5.4, 5.538, 6.458, 5.876, 5.662, 5.0, 4.054, 3.721, 3.488, 3.386, 2.817, 1.559, 1.332, 0.0, 1.946, 2.582, 2.687, 4.659, 5.282, 5.839, 9.254, 7.579, 5.345, 7.561, 10.737, 8.234, 8.497, 11.128, 13.831, 14.208, 12.852, 12.289, 10.251, 8.041, 7.057, 6.32, 5.66, 4.744, 4.048, 5.158, 5.266, 5.393, 4.577, 3.465, 4.44, 4.453, 2.594, 2.23, 3.463, 5.016, 5.22, 4.403, 4.196, 4.336, 3.166, 2.289, 2.295, 2.951, 2.297, 3.067, 4.349, 7.904, 15.424, 16.708, 14.444, 6.348, 6.651, 3.995, 4.311, 6.004, 6.53, 6.619, 7.182, 7.319, 7.712, 8.035, 7.751, 6.952, 6.807, 6.822, 6.759, 6.182, 5.891, 6.019, 6.605, 6.903, 5.463, 3.931, 3.278, 2.578, 4.05, 4.079], [13.169, 13.702, 12.723, 11.177, 11.081, 11.257, 12.407, 13.091, 14.324, 13.197, 8.453, 5.554, 4.254, 4.07, 4.923, 4.377, 4.807, 6.195, 5.97, 5.739, 5.058, 4.11, 3.585, 3.118, 3.206, 2.818, 2.245, 1.775, 1.946, 0.0, 1.876, 3.017, 4.653, 4.426, 5.165, 9.322, 7.717, 3.796, 6.905, 10.033, 7.802, 8.072, 10.882, 13.622, 13.86, 12.446, 11.938, 9.712, 7.566, 6.433, 4.977, 4.035, 3.135, 2.7, 4.135, 4.622, 4.164, 3.057, 2.841, 4.534, 4.744, 3.519, 2.359, 3.616, 5.03, 5.274, 4.211, 4.12, 4.557, 3.801, 2.969, 2.533, 3.093, 2.013, 1.756, 3.388, 8.079, 15.493, 16.885, 14.571, 5.079, 5.112, 2.397, 3.049, 4.584, 5.17, 5.193, 5.572, 5.8, 6.172, 6.436, 6.277, 5.473, 5.232, 5.158, 5.058, 4.679, 4.758, 4.791, 5.149, 5.738, 4.05, 2.513, 1.862, 1.623, 3.332, 3.239], [12.273, 12.828, 11.193, 9.81, 9.584, 9.755, 10.888, 11.663, 12.82, 11.679, 7.023, 5.003, 4.302, 3.841, 4.432, 3.842, 3.964, 5.322, 5.529, 5.567, 4.528, 3.795, 3.36, 2.415, 2.27, 2.496, 2.274, 2.276, 2.582, 1.876, 0.0, 2.542, 3.546, 3.997, 4.114, 8.031, 6.266, 3.214, 7.557, 11.42, 9.232, 9.496, 12.255, 15.043, 15.272, 13.847, 13.275, 10.932, 8.83, 7.792, 6.22, 4.795, 3.628, 2.36, 3.354, 3.755, 3.916, 3.079, 2.456, 4.031, 4.207, 3.083, 2.881, 3.519, 4.471, 5.015, 3.991, 4.265, 4.691, 3.736, 3.232, 2.895, 2.817, 2.333, 2.143, 2.901, 6.861, 14.011, 15.445, 13.209, 4.138, 4.856, 2.578, 2.286, 4.17, 4.438, 4.777, 5.034, 6.022, 6.37, 6.465, 7.025, 6.083, 5.825, 5.677, 5.302, 5.113, 5.759, 5.69, 5.371, 6.919, 5.102, 2.625, 2.179, 1.719, 4.162, 4.309], [11.345, 11.93, 10.557, 9.138, 8.919, 9.012, 10.171, 11.001, 12.11, 10.945, 6.971, 6.629, 5.876, 5.423, 6.367, 5.86, 5.749, 6.641, 6.167, 6.021, 4.697, 4.14, 4.231, 3.89, 3.729, 3.424, 2.794, 2.871, 2.687, 3.017, 2.542, 0.0, 2.875, 4.222, 4.813, 7.69, 5.579, 4.949, 8.442, 12.303, 10.07, 10.284, 13.053, 15.846, 16.081, 14.643, 14.147, 11.805, 9.668, 8.627, 7.24, 6.299, 5.318, 4.333, 4.775, 5.043, 5.797, 4.95, 3.466, 3.139, 2.97, 1.912, 3.067, 2.869, 3.34, 3.806, 2.915, 3.364, 3.463, 2.618, 2.359, 2.246, 2.763, 2.663, 3.218, 3.871, 5.961, 13.341, 14.644, 12.358, 6.363, 6.924, 4.238, 4.522, 6.289, 6.675, 6.913, 7.265, 7.426, 7.743, 7.976, 8.419, 7.496, 7.736, 7.579, 7.222, 6.605, 6.72, 6.747, 6.91, 7.883, 6.212, 3.532, 3.127, 2.61, 4.424, 4.121], [8.837, 9.367, 8.153, 6.714, 6.486, 6.653, 7.82, 8.537, 9.681, 8.55, 4.791, 4.846, 4.481, 4.045, 4.549, 4.341, 4.24, 4.553, 3.983, 3.714, 2.421, 2.701, 2.512, 2.263, 2.648, 3.237, 4.479, 4.862, 4.659, 4.653, 3.546, 2.875, 0.0, 3.624, 3.741, 5.203, 3.07, 5.126, 10.909, 14.569, 12.398, 12.619, 15.409, 18.21, 18.44, 16.999, 16.436, 14.086, 12.08, 10.999, 9.274, 7.567, 6.006, 4.109, 3.443, 3.639, 4.578, 4.276, 2.73, 1.851, 2.241, 2.66, 3.442, 1.778, 1.524, 2.241, 2.086, 2.388, 2.283, 2.555, 3.228, 3.227, 2.449, 3.474, 3.757, 2.79, 3.559, 10.877, 12.25, 9.945, 5.064, 6.258, 5.316, 3.897, 5.526, 5.683, 5.954, 7.724, 8.949, 9.181, 9.634, 9.769, 9.013, 8.484, 8.251, 7.559, 7.765, 8.984, 8.909, 8.228, 10.03, 8.182, 5.327, 4.411, 4.196, 6.698, 6.36], [9.429, 10.062, 8.857, 7.368, 7.218, 7.256, 8.389, 9.155, 10.361, 9.163, 5.174, 4.668, 4.91, 4.774, 4.078, 3.676, 3.464, 4.139, 4.487, 4.536, 4.154, 3.686, 3.861, 4.044, 4.432, 5.298, 5.837, 5.564, 5.282, 4.426, 3.997, 4.222, 3.624, 0.0, 1.853, 5.562, 4.327, 4.162, 10.304, 14.0, 11.84, 12.082, 14.85, 17.648, 17.883, 16.483, 15.88, 13.511, 11.458, 10.407, 8.714, 7.027, 5.373, 3.124, 2.677, 2.256, 2.965, 4.369, 3.744, 4.758, 5.282, 4.486, 4.936, 4.119, 4.642, 4.823, 4.248, 4.564, 4.659, 4.761, 4.723, 4.246, 3.577, 3.562, 3.46, 2.562, 4.372, 11.591, 12.812, 10.55, 3.449, 4.161, 4.696, 3.371, 3.77, 4.432, 5.287, 7.201, 8.329, 8.61, 9.223, 9.18, 8.382, 7.939, 7.675, 6.916, 7.08, 8.323, 8.267, 7.516, 9.486, 7.694, 4.777, 3.912, 4.121, 6.216, 5.861], [9.249, 9.771, 7.822, 6.27, 6.137, 6.41, 7.531, 8.089, 9.296, 8.531, 4.511, 4.193, 4.677, 4.668, 3.952, 3.591, 3.267, 3.616, 4.115, 4.459, 3.783, 3.533, 3.814, 3.994, 4.586, 5.311, 5.987, 5.954, 5.839, 5.165, 4.114, 4.813, 3.741, 1.853, 0.0, 4.554, 3.995, 4.543, 11.176, 14.93, 12.741, 13.014, 15.747, 18.534, 18.763, 17.336, 16.756, 14.406, 12.383, 11.313, 9.625, 7.91, 6.286, 3.71, 2.554, 2.217, 3.035, 4.516, 3.71, 4.948, 5.53, 4.725, 5.032, 4.298, 4.972, 5.169, 4.567, 4.825, 4.848, 5.131, 5.146, 4.697, 3.892, 4.151, 4.125, 3.054, 4.016, 10.499, 11.866, 9.705, 2.748, 4.747, 5.507, 3.585, 4.227, 4.334, 5.599, 7.55, 9.053, 9.345, 9.785, 10.063, 9.304, 8.848, 8.559, 7.813, 8.076, 9.299, 9.24, 8.469, 10.408, 8.598, 5.724, 4.79, 4.833, 7.038, 6.751], [4.93, 5.77, 3.632, 2.063, 2.049, 2.23, 3.289, 3.953, 5.146, 4.567, 1.975, 4.793, 6.615, 6.857, 5.953, 6.804, 5.737, 3.855, 4.11, 4.036, 4.466, 5.441, 5.929, 6.334, 6.826, 7.272, 8.915, 9.417, 9.254, 9.322, 8.031, 7.69, 5.203, 5.562, 4.554, 0.0, 3.096, 8.889, 15.332, 19.127, 16.941, 17.192, 19.952, 22.744, 22.965, 21.54, 20.956, 18.609, 16.578, 15.503, 13.824, 12.09, 10.471, 7.865, 5.899, 4.979, 6.131, 8.153, 6.7, 5.303, 5.516, 7.491, 7.976, 6.144, 5.482, 5.85, 6.37, 6.33, 5.915, 6.827, 7.902, 7.908, 6.944, 8.182, 8.34, 6.551, 2.94, 6.274, 7.673, 5.587, 6.187, 8.936, 9.679, 7.69, 8.329, 8.355, 9.551, 11.82, 13.271, 13.568, 14.058, 14.269, 13.499, 13.035, 12.752, 12.012, 12.274, 13.497, 13.437, 12.666, 14.607, 12.794, 9.916, 8.993, 8.707, 11.22, 10.912], [6.38, 6.84, 5.392, 4.31, 3.718, 3.855, 5.023, 5.988, 6.745, 5.615, 3.325, 4.296, 5.164, 5.349, 4.776, 5.415, 4.385, 3.741, 3.575, 3.094, 2.942, 3.793, 4.353, 4.721, 5.182, 5.53, 7.24, 7.795, 7.579, 7.717, 6.266, 5.579, 3.07, 4.327, 3.995, 3.096, 0.0, 7.253, 13.627, 17.534, 15.351, 15.612, 18.363, 21.155, 21.38, 19.95, 19.378, 17.022, 14.952, 13.919, 12.237, 10.511, 8.887, 6.277, 4.245, 3.816, 4.734, 6.512, 5.048, 3.55, 3.912, 5.499, 6.296, 4.323, 3.034, 3.318, 3.966, 4.181, 3.729, 4.702, 5.882, 6.003, 5.075, 6.366, 6.632, 4.631, 1.234, 7.957, 9.352, 7.095, 5.331, 7.305, 8.042, 5.925, 6.656, 6.934, 7.897, 10.228, 11.826, 12.062, 12.493, 12.687, 11.92, 11.441, 11.162, 10.43, 10.628, 11.852, 11.799, 11.032, 13.02, 11.213, 8.13, 7.298, 7.113, 9.651, 9.278], [13.339, 13.894, 12.036, 10.639, 10.412, 10.627, 11.812, 12.469, 13.622, 12.497, 7.925, 5.838, 5.672, 5.033, 5.188, 4.589, 4.899, 6.639, 7.024, 7.04, 6.014, 5.43, 4.951, 4.275, 4.513, 5.214, 5.364, 4.992, 5.345, 3.796, 3.214, 4.949, 5.126, 4.162, 4.543, 8.889, 7.253, 0.0, 6.734, 10.613, 8.428, 8.672, 11.445, 14.228, 14.452, 13.014, 12.446, 10.102, 8.036, 7.0, 5.31, 3.709, 2.662, 2.268, 3.721, 4.612, 4.012, 3.412, 4.247, 6.135, 6.747, 5.594, 5.226, 5.6, 6.458, 6.903, 6.073, 6.407, 6.645, 6.131, 5.879, 5.458, 4.968, 4.165, 3.052, 3.687, 7.792, 14.814, 16.213, 14.051, 3.856, 2.727, 2.62, 2.692, 3.43, 3.916, 3.966, 3.971, 4.858, 5.084, 5.541, 5.908, 5.244, 5.051, 4.906, 4.238, 4.021, 4.952, 4.892, 4.141, 6.097, 4.27, 2.234, 2.636, 3.406, 4.408, 4.107], [19.663, 20.193, 18.681, 17.267, 17.044, 17.16, 18.287, 19.15, 20.316, 19.071, 14.449, 10.855, 9.446, 8.874, 10.007, 9.134, 9.937, 11.919, 12.142, 12.339, 11.636, 10.657, 10.149, 9.283, 8.84, 8.471, 7.222, 7.058, 7.561, 6.905, 7.557, 8.442, 10.909, 10.304, 11.176, 15.332, 13.627, 6.734, 0.0, 4.322, 2.148, 2.59, 4.89, 7.682, 7.957, 6.572, 6.013, 3.929, 1.832, 1.777, 2.459, 3.971, 5.396, 7.698, 9.581, 10.754, 9.747, 7.481, 9.085, 10.782, 10.925, 9.056, 8.569, 10.177, 11.477, 11.886, 10.796, 10.787, 11.178, 9.831, 9.086, 8.777, 9.546, 8.078, 7.39, 9.486, 14.2, 21.487, 22.82, 20.645, 9.922, 6.46, 5.836, 7.777, 7.153, 7.182, 6.348, 4.845, 3.886, 3.922, 3.981, 4.072, 4.378, 4.778, 4.462, 4.382, 3.699, 3.051, 2.744, 3.197, 1.916, 3.296, 5.74, 6.776, 7.064, 5.448, 5.177], [23.007, 23.603, 22.583, 21.077, 20.939, 21.107, 22.221, 22.971, 24.196, 23.067, 18.311, 14.396, 12.557, 12.316, 13.218, 12.424, 13.583, 15.379, 15.126, 15.261, 14.805, 13.898, 13.259, 12.849, 12.562, 12.187, 10.704, 10.24, 10.737, 10.033, 11.42, 12.303, 14.569, 14.0, 14.93, 19.127, 17.534, 10.613, 4.322, 0.0, 2.87, 2.705, 2.132, 3.827, 4.024, 3.109, 2.442, 2.303, 3.064, 4.082, 5.465, 7.071, 8.698, 11.295, 13.46, 14.371, 13.207, 11.087, 12.66, 14.361, 14.323, 12.792, 11.784, 13.594, 14.888, 15.095, 14.111, 13.898, 14.425, 13.396, 12.361, 12.207, 12.893, 11.549, 11.129, 13.066, 17.95, 25.38, 26.764, 24.451, 13.891, 10.403, 9.646, 11.758, 11.088, 11.109, 9.885, 7.935, 6.135, 5.931, 5.906, 5.389, 6.019, 6.397, 6.556, 7.164, 6.997, 5.777, 5.868, 6.542, 4.581, 6.48, 9.587, 10.35, 10.485, 8.038, 8.319], [20.872, 21.452, 20.403, 18.907, 18.763, 18.935, 20.058, 20.783, 22.011, 20.873, 16.135, 12.197, 10.368, 10.111, 11.029, 10.215, 11.379, 13.172, 12.959, 13.083, 12.684, 11.724, 11.075, 10.668, 10.405, 9.964, 8.353, 7.842, 8.234, 7.802, 9.232, 10.07, 12.398, 11.84, 12.741, 16.941, 15.351, 8.428, 2.148, 2.87, 0.0, 1.283, 3.292, 5.865, 6.139, 4.789, 4.283, 2.917, 1.429, 1.829, 3.249, 4.879, 6.529, 9.14, 11.29, 12.246, 11.07, 8.915, 10.474, 12.184, 12.197, 10.404, 9.416, 11.331, 12.755, 12.958, 11.961, 11.638, 12.12, 11.105, 10.01, 9.866, 10.687, 9.33, 8.899, 10.883, 15.796, 23.19, 24.577, 22.27, 11.695, 8.215, 7.406, 9.585, 8.921, 8.925, 7.844, 6.096, 4.56, 4.72, 4.946, 4.437, 4.794, 5.094, 5.079, 5.275, 4.907, 3.788, 3.752, 4.446, 2.516, 4.317, 7.355, 8.126, 8.304, 5.943, 6.137], [21.115, 21.708, 20.641, 19.131, 19.012, 19.178, 20.288, 21.035, 22.246, 21.122, 16.378, 12.471, 10.619, 10.401, 11.438, 10.615, 11.679, 13.503, 13.345, 13.39, 12.901, 12.007, 11.373, 10.966, 10.646, 10.34, 8.694, 8.044, 8.497, 8.072, 9.496, 10.284, 12.619, 12.082, 13.014, 17.192, 15.612, 8.672, 2.59, 2.705, 1.283, 0.0, 3.019, 5.625, 5.885, 4.59, 4.129, 2.876, 1.573, 2.263, 3.693, 5.199, 6.845, 9.389, 11.512, 12.451, 11.369, 9.163, 10.703, 12.385, 12.433, 10.633, 9.615, 11.57, 12.989, 13.161, 12.211, 11.858, 12.335, 11.409, 10.249, 10.107, 11.017, 9.596, 9.133, 11.168, 16.028, 23.431, 24.814, 22.519, 11.976, 8.513, 7.696, 9.858, 9.238, 9.313, 8.352, 6.437, 4.589, 4.556, 4.767, 4.275, 4.603, 5.012, 5.078, 5.473, 5.215, 4.025, 4.04, 4.701, 2.759, 4.61, 7.619, 8.393, 8.547, 6.223, 6.4], [23.9, 24.493, 23.415, 21.922, 21.778, 21.947, 23.056, 23.797, 25.021, 23.888, 19.159, 15.219, 13.392, 13.131, 14.027, 13.198, 14.356, 16.153, 15.93, 16.151, 15.697, 14.794, 14.173, 13.752, 13.437, 12.996, 11.281, 10.797, 11.128, 10.882, 12.255, 13.053, 15.409, 14.85, 15.747, 19.952, 18.363, 11.445, 4.89, 2.132, 3.292, 3.019, 0.0, 2.867, 3.398, 2.348, 1.98, 1.946, 3.536, 4.548, 6.199, 7.91, 9.574, 12.172, 14.304, 15.246, 14.129, 11.955, 13.498, 15.166, 15.201, 13.081, 12.318, 14.348, 15.778, 15.969, 14.989, 14.638, 15.125, 14.117, 13.019, 12.879, 13.756, 12.317, 11.918, 13.929, 18.809, 26.204, 27.588, 25.288, 14.692, 11.228, 10.422, 12.61, 11.95, 11.9, 10.654, 8.614, 6.721, 6.439, 6.102, 5.729, 6.57, 7.114, 7.266, 8.044, 7.829, 6.645, 6.74, 7.42, 5.436, 7.346, 10.365, 11.145, 11.34, 8.78, 9.152], [26.697, 27.288, 26.206, 24.716, 24.57, 24.743, 25.855, 26.585, 27.809, 26.671, 21.942, 18.009, 16.182, 15.917, 16.813, 15.965, 17.143, 18.943, 18.704, 18.867, 18.47, 17.54, 16.912, 16.494, 16.23, 15.755, 14.019, 13.527, 13.831, 13.622, 15.043, 15.846, 18.21, 17.648, 18.534, 22.744, 21.155, 14.228, 7.682, 3.827, 5.865, 5.625, 2.867, 0.0, 1.27, 1.515, 1.875, 4.163, 6.253, 7.283, 8.955, 10.683, 12.361, 14.956, 17.098, 18.048, 16.901, 14.738, 16.279, 17.963, 18.001, 15.823, 15.07, 17.085, 18.577, 18.741, 17.781, 17.38, 17.874, 16.86, 15.734, 15.604, 16.493, 15.084, 14.682, 16.708, 21.607, 28.99, 30.37, 28.081, 17.478, 14.026, 13.208, 15.407, 14.738, 14.69, 13.434, 11.358, 9.508, 9.224, 8.784, 8.504, 9.318, 9.822, 10.039, 10.839, 10.621, 9.406, 9.504, 10.209, 8.227, 10.131, 13.16, 13.934, 14.12, 11.573, 11.936], [26.93, 27.521, 26.423, 24.935, 24.792, 24.963, 26.078, 26.809, 28.026, 26.895, 22.171, 18.251, 16.411, 16.15, 17.046, 16.214, 17.365, 19.163, 18.945, 19.13, 18.73, 17.814, 17.164, 16.737, 16.463, 16.012, 14.379, 13.842, 14.208, 13.86, 15.272, 16.081, 18.44, 17.883, 18.763, 22.965, 21.38, 14.452, 7.957, 4.024, 6.139, 5.885, 3.398, 1.27, 0.0, 1.549, 2.065, 4.443, 6.509, 7.54, 9.199, 10.917, 12.591, 15.198, 17.329, 18.278, 17.157, 14.979, 16.519, 18.19, 18.238, 16.28, 15.332, 17.333, 18.811, 18.989, 18.021, 17.629, 18.115, 17.13, 16.025, 15.889, 16.775, 15.352, 14.921, 16.964, 21.831, 29.206, 30.594, 28.31, 17.703, 14.262, 13.454, 15.637, 14.981, 14.931, 13.665, 11.592, 9.735, 9.459, 9.024, 8.765, 9.618, 10.07, 10.29, 11.075, 10.861, 9.677, 9.774, 10.461, 8.469, 10.376, 13.394, 14.175, 14.364, 11.846, 12.175], [25.503, 26.091, 24.983, 23.494, 23.372, 23.533, 24.652, 25.377, 26.585, 25.447, 20.728, 16.835, 15.011, 14.72, 15.652, 14.817, 15.972, 17.745, 17.617, 17.751, 17.346, 16.381, 15.746, 15.305, 15.022, 14.575, 12.963, 12.459, 12.852, 12.446, 13.847, 14.643, 16.999, 16.483, 17.336, 21.54, 19.95, 13.014, 6.572, 3.109, 4.789, 4.59, 2.348, 1.515, 1.549, 0.0, 1.037, 3.077, 5.096, 6.159, 7.857, 9.538, 11.161, 13.76, 15.892, 16.866, 15.719, 13.535, 15.082, 16.783, 16.828, 14.883, 13.916, 15.918, 17.395, 17.608, 16.608, 16.245, 16.737, 15.708, 14.619, 14.459, 15.338, 13.933, 13.494, 15.526, 20.414, 27.768, 29.15, 26.881, 16.274, 12.839, 12.016, 14.207, 13.548, 13.549, 12.32, 10.202, 8.357, 8.083, 7.637, 7.428, 8.294, 8.649, 8.927, 9.653, 9.469, 8.261, 8.342, 9.048, 7.09, 8.963, 11.966, 12.738, 12.921, 10.534, 10.753], [24.931, 25.524, 24.411, 22.928, 22.791, 22.96, 24.074, 24.799, 26.015, 24.886, 20.163, 16.245, 14.432, 14.154, 15.043, 14.219, 15.356, 17.155, 16.967, 17.154, 16.732, 15.84, 15.221, 14.756, 14.465, 14.046, 12.474, 11.923, 12.289, 11.938, 13.275, 14.147, 16.436, 15.88, 16.756, 20.956, 19.378, 12.446, 6.013, 2.442, 4.283, 4.129, 1.98, 1.875, 2.065, 1.037, 0.0, 2.441, 4.561, 5.67, 7.297, 8.957, 10.618, 13.199, 15.329, 16.28, 15.16, 12.984, 14.541, 16.248, 16.26, 14.397, 13.457, 15.4, 16.826, 17.028, 16.037, 15.699, 16.227, 15.184, 14.127, 13.965, 14.799, 13.414, 12.985, 14.975, 19.83, 27.192, 28.576, 26.3, 15.691, 12.259, 11.494, 13.639, 12.982, 12.934, 11.698, 9.632, 7.751, 7.471, 7.035, 6.819, 7.635, 8.096, 8.353, 9.1, 8.889, 7.709, 7.8, 8.459, 6.493, 8.41, 11.448, 12.203, 12.363, 9.996, 10.19], [22.556, 23.17, 22.071, 20.577, 20.433, 20.603, 21.716, 22.454, 23.679, 22.538, 17.804, 13.897, 12.161, 11.831, 12.686, 11.864, 13.019, 14.816, 14.66, 14.952, 14.389, 13.555, 12.98, 12.498, 12.098, 11.766, 10.21, 9.718, 10.251, 9.712, 10.932, 11.805, 14.086, 13.511, 14.406, 18.609, 17.022, 10.102, 3.929, 2.303, 2.917, 2.876, 1.946, 4.163, 4.443, 3.077, 2.441, 0.0, 2.412, 3.633, 5.04, 6.688, 8.302, 10.839, 12.991, 13.912, 12.849, 10.645, 12.223, 13.922, 13.926, 12.215, 11.249, 13.144, 14.468, 14.69, 13.712, 13.456, 13.968, 12.953, 11.919, 11.698, 12.509, 11.106, 10.709, 12.626, 17.466, 24.861, 26.249, 23.943, 13.354, 9.912, 9.145, 11.298, 10.601, 10.572, 9.4, 7.346, 5.408, 5.138, 4.83, 4.537, 5.261, 5.879, 6.056, 6.742, 6.558, 5.396, 5.49, 6.093, 4.212, 6.169, 9.126, 9.826, 10.042, 8.074, 7.972], [20.577, 21.169, 19.999, 18.53, 18.363, 18.537, 19.638, 20.434, 21.634, 20.492, 15.725, 11.879, 10.126, 9.823, 10.806, 9.942, 10.979, 12.907, 12.785, 12.911, 12.412, 11.343, 10.794, 10.318, 10.024, 9.6, 8.13, 7.488, 8.041, 7.566, 8.83, 9.668, 12.08, 11.458, 12.383, 16.578, 14.952, 8.036, 1.832, 3.064, 1.429, 1.573, 3.536, 6.253, 6.509, 5.096, 4.561, 2.412, 0.0, 1.658, 3.05, 4.667, 6.236, 8.768, 10.898, 11.821, 10.697, 8.578, 10.148, 11.879, 11.897, 10.142, 9.175, 10.969, 12.464, 12.692, 11.684, 11.339, 11.847, 10.734, 9.636, 9.478, 10.359, 8.923, 8.496, 10.507, 15.392, 22.814, 24.194, 21.876, 11.307, 7.844, 7.033, 9.178, 8.54, 8.55, 7.449, 5.417, 3.805, 3.889, 4.073, 3.633, 4.043, 4.308, 4.334, 4.786, 4.484, 3.344, 3.33, 3.999, 2.272, 4.141, 6.954, 7.776, 7.936, 6.258, 5.905], [19.495, 20.068, 18.965, 17.468, 17.326, 17.49, 18.601, 19.357, 20.576, 19.449, 14.703, 10.786, 9.011, 8.726, 9.662, 8.803, 9.959, 11.805, 11.614, 11.847, 11.325, 10.297, 9.707, 9.267, 8.995, 8.539, 7.043, 6.553, 7.057, 6.433, 7.792, 8.627, 10.999, 10.407, 11.313, 15.503, 13.919, 7.0, 1.777, 4.082, 1.829, 2.263, 4.548, 7.283, 7.54, 6.159, 5.67, 3.633, 1.658, 0.0, 1.841, 3.556, 5.121, 7.69, 9.867, 10.791, 9.664, 7.512, 9.06, 10.792, 10.862, 9.16, 8.024, 9.851, 11.38, 11.594, 10.584, 10.268, 10.759, 9.762, 8.687, 8.461, 9.319, 7.886, 7.423, 9.462, 14.361, 21.763, 23.149, 20.848, 10.272, 6.813, 5.94, 8.148, 7.479, 7.599, 6.396, 4.826, 3.528, 3.69, 3.881, 3.386, 3.84, 4.161, 4.041, 4.217, 3.64, 2.634, 2.517, 3.137, 1.671, 3.015, 5.903, 6.671, 6.875, 5.109, 4.849], [17.768, 18.356, 17.281, 15.785, 15.638, 15.81, 16.931, 17.665, 18.888, 17.757, 13.009, 9.1, 7.33, 7.027, 7.93, 7.124, 8.266, 10.053, 9.926, 10.206, 9.602, 8.736, 8.133, 7.612, 7.286, 7.183, 6.029, 5.546, 6.32, 4.977, 6.22, 7.24, 9.274, 8.714, 9.625, 13.824, 12.237, 5.31, 2.459, 5.465, 3.249, 3.693, 6.199, 8.955, 9.199, 7.857, 7.297, 5.04, 3.05, 1.841, 0.0, 1.831, 3.507, 6.029, 8.161, 9.136, 8.049, 5.924, 7.528, 9.271, 9.373, 8.152, 6.986, 8.396, 9.73, 9.913, 8.931, 8.868, 9.339, 8.554, 7.662, 7.246, 7.813, 6.654, 5.96, 7.861, 12.662, 20.071, 21.459, 19.149, 8.579, 5.152, 4.457, 6.481, 5.934, 6.13, 5.124, 3.897, 2.501, 2.713, 2.995, 2.517, 2.895, 3.269, 3.023, 3.142, 2.431, 1.781, 1.543, 1.959, 1.598, 1.672, 4.469, 5.134, 5.254, 4.696, 4.049], [16.084, 16.629, 15.546, 14.054, 13.918, 14.089, 15.215, 15.937, 17.157, 16.029, 11.3, 7.376, 5.669, 5.365, 6.387, 5.614, 6.587, 8.406, 8.332, 8.503, 7.942, 7.052, 6.383, 5.889, 5.756, 5.864, 5.3, 4.788, 5.66, 4.035, 4.795, 6.299, 7.567, 7.027, 7.91, 12.09, 10.511, 3.709, 3.971, 7.071, 4.879, 5.199, 7.91, 10.683, 10.917, 9.538, 8.957, 6.688, 4.667, 3.556, 1.831, 0.0, 1.873, 4.32, 6.436, 7.414, 6.287, 4.411, 5.955, 7.805, 8.264, 7.134, 6