[[0.0, 1.198, 1.501, 3.216, 4.675, 5.526, 6.005, 5.283, 5.54, 8.597, 5.873, 4.26, 4.83, 4.519, 4.45, 4.344, 4.259, 4.818, 5.646, 5.828, 4.684, 3.457, 3.208, 3.324, 3.002, 3.493, 4.548, 4.804, 5.304, 7.126, 9.194, 10.839, 11.857, 12.919, 13.023, 12.952, 14.037, 15.943, 16.847, 17.026, 17.072, 17.417, 18.415, 18.928, 19.009, 17.68, 16.058, 15.344, 15.45, 16.04, 15.67, 14.569, 13.394, 12.831, 12.868, 13.73, 14.894, 16.846, 19.192, 20.535, 20.667, 21.007, 21.143, 19.271, 15.949, 13.704, 12.632, 11.478, 10.207, 9.19, 8.984, 9.286, 9.014, 8.046, 7.42, 6.544, 6.239, 4.934, 2.918, 2.461, 2.64, 2.767, 3.225, 3.258, 3.371, 4.016, 4.902, 5.546, 5.974, 6.411, 6.76, 5.28, 2.485, 3.967, 5.877, 5.985, 7.902, 12.292, 16.576, 16.822, 14.509, 11.576, 9.592, 8.724, 9.241, 9.249, 9.101, 9.094, 9.597, 9.641, 8.216, 4.942, 3.339, 3.067, 3.205, 3.123, 2.812, 2.355, 2.568, 2.934, 3.379, 3.334, 3.632, 4.356, 5.436, 6.572, 7.947, 9.053, 9.11, 9.089, 9.243, 9.676, 10.004, 10.229, 10.197, 10.384, 10.88, 11.477, 11.618, 11.249, 11.049, 11.385, 11.684, 11.23, 9.978, 8.712, 7.583, 6.676, 5.702, 4.738, 4.649, 5.357, 5.428, 4.389, 3.312, 3.643, 4.294, 4.119], [1.198, 0.0, 1.305, 3.105, 4.465, 5.295, 5.735, 4.954, 6.002, 9.131, 6.516, 4.943, 5.476, 5.16, 4.594, 4.276, 4.064, 4.603, 5.401, 5.45, 4.377, 3.157, 2.972, 3.1, 2.768, 3.587, 4.868, 5.294, 5.899, 7.703, 9.752, 11.313, 12.399, 13.425, 13.663, 13.604, 14.692, 16.608, 17.427, 17.719, 17.629, 17.936, 18.933, 19.47, 19.514, 18.216, 16.686, 15.952, 16.084, 16.66, 16.241, 15.214, 14.047, 13.518, 13.469, 14.185, 15.414, 17.449, 19.833, 21.196, 21.29, 21.584, 21.659, 19.796, 16.462, 14.341, 13.26, 12.007, 10.865, 9.811, 9.618, 9.944, 9.644, 8.68, 7.952, 7.232, 6.896, 5.515, 3.443, 2.756, 2.7, 2.576, 2.967, 3.028, 3.202, 3.659, 4.455, 5.115, 5.617, 5.956, 6.313, 4.831, 2.22, 4.596, 6.512, 6.66, 8.552, 12.958, 17.198, 17.372, 15.038, 12.185, 10.261, 9.334, 9.778, 9.783, 9.768, 9.746, 10.229, 10.275, 8.809, 5.544, 3.819, 3.452, 3.424, 3.569, 3.268, 2.35, 2.455, 2.465, 2.996, 3.054, 3.31, 4.038, 5.017, 6.101, 7.473, 8.543, 8.626, 8.6, 8.806, 9.253, 9.57, 9.792, 9.753, 9.929, 10.441, 11.038, 11.157, 10.779, 10.58, 10.917, 11.217, 10.703, 9.598, 8.353, 7.137, 6.191, 5.264, 4.304, 4.254, 4.93, 5.098, 4.386, 3.637, 4.06, 4.669, 4.528], [1.501, 1.305, 0.0, 2.03, 3.477, 4.374, 5.013, 4.153, 5.451, 8.589, 5.852, 4.496, 5.175, 4.691, 4.139, 3.523, 3.401, 4.14, 5.346, 5.492, 4.233, 2.815, 2.516, 2.672, 2.097, 2.838, 4.168, 4.716, 5.482, 7.401, 9.466, 11.101, 11.974, 12.931, 13.119, 13.046, 14.088, 15.953, 16.815, 17.079, 17.085, 17.483, 18.458, 18.926, 18.981, 17.645, 16.064, 15.344, 15.458, 16.031, 15.655, 14.559, 13.47, 12.995, 12.942, 13.725, 14.982, 16.954, 19.371, 20.716, 20.758, 21.066, 21.105, 19.273, 15.915, 13.719, 12.629, 11.542, 10.211, 9.182, 9.03, 9.304, 8.994, 8.022, 7.338, 6.693, 6.471, 5.219, 3.111, 2.313, 2.467, 2.553, 2.949, 3.031, 3.2, 3.656, 4.619, 5.275, 5.707, 6.089, 6.478, 4.97, 2.343, 4.089, 6.109, 6.22, 8.007, 12.312, 16.684, 16.829, 14.456, 11.566, 9.606, 8.725, 9.228, 9.226, 9.114, 9.21, 9.809, 9.946, 8.301, 5.089, 4.233, 3.892, 3.765, 3.925, 3.602, 2.851, 2.933, 2.655, 3.259, 3.147, 3.458, 4.108, 5.075, 6.232, 7.685, 8.712, 8.779, 8.759, 8.961, 9.386, 9.745, 9.952, 9.94, 10.097, 10.596, 11.188, 11.321, 10.966, 10.745, 11.098, 11.394, 10.913, 9.781, 8.464, 7.269, 6.351, 5.387, 4.575, 4.506, 5.128, 5.378, 4.726, 4.027, 4.424, 5.118, 4.894], [3.216, 3.105, 2.03, 0.0, 1.855, 3.354, 4.789, 3.692, 4.23, 7.887, 4.891, 3.85, 4.746, 4.262, 3.688, 2.522, 3.224, 4.377, 5.751, 5.853, 4.627, 3.078, 2.844, 2.872, 1.964, 2.206, 3.029, 3.68, 4.978, 7.197, 9.305, 10.901, 11.72, 12.582, 12.516, 12.221, 13.133, 14.975, 16.255, 16.498, 16.684, 16.869, 17.746, 18.223, 18.423, 17.212, 15.411, 14.502, 14.801, 15.347, 14.991, 13.651, 12.612, 12.267, 12.452, 13.306, 14.673, 16.646, 19.136, 20.434, 20.467, 20.75, 20.749, 18.939, 15.434, 13.025, 12.002, 10.953, 9.457, 7.992, 8.054, 8.438, 7.957, 6.94, 6.347, 6.077, 6.324, 5.195, 3.053, 2.698, 2.926, 3.221, 3.762, 3.892, 3.939, 4.326, 5.028, 5.675, 6.086, 6.429, 6.801, 5.354, 2.936, 4.077, 5.946, 5.639, 6.917, 11.486, 16.338, 16.316, 13.974, 10.813, 8.628, 7.964, 8.691, 8.723, 8.238, 8.604, 9.44, 9.608, 7.869, 5.168, 4.657, 4.724, 4.755, 4.542, 4.597, 3.892, 3.816, 3.424, 3.913, 3.805, 3.916, 4.587, 5.306, 6.44, 7.9, 8.949, 9.024, 9.022, 9.258, 9.727, 10.118, 10.268, 10.284, 10.438, 10.925, 11.496, 11.631, 11.355, 11.031, 11.383, 11.693, 11.313, 10.376, 9.551, 8.113, 7.071, 6.167, 5.655, 5.456, 5.737, 6.05, 5.542, 5.0, 5.41, 6.37, 6.07], [4.675, 4.465, 3.477, 1.855, 0.0, 2.351, 4.049, 2.886, 4.68, 8.506, 5.576, 4.986, 5.889, 5.442, 4.009, 2.307, 2.781, 3.929, 5.205, 5.297, 3.987, 2.761, 2.777, 2.744, 2.47, 3.286, 3.924, 4.477, 5.904, 8.062, 10.105, 11.678, 12.501, 13.311, 13.257, 12.872, 13.845, 15.597, 16.851, 17.135, 17.34, 17.553, 18.391, 18.799, 19.05, 17.825, 16.011, 14.995, 15.428, 15.972, 15.594, 14.252, 13.317, 12.976, 13.146, 14.014, 15.365, 17.365, 19.787, 21.052, 21.095, 21.341, 21.325, 19.506, 16.029, 13.609, 12.633, 11.552, 9.973, 8.57, 8.678, 9.184, 8.623, 7.523, 7.035, 6.889, 7.307, 6.382, 4.603, 4.062, 3.971, 4.184, 4.755, 4.908, 5.017, 5.155, 5.461, 5.636, 5.703, 6.164, 6.479, 5.2, 4.188, 5.496, 7.327, 6.836, 7.669, 12.058, 16.999, 17.027, 14.707, 11.418, 9.064, 8.464, 9.265, 9.312, 8.917, 9.264, 10.1, 10.243, 8.597, 6.506, 6.067, 6.219, 6.168, 5.984, 6.032, 5.298, 5.106, 4.461, 4.821, 4.667, 4.547, 4.68, 4.95, 5.859, 7.321, 8.296, 8.339, 8.358, 8.648, 9.282, 9.769, 9.95, 9.819, 10.11, 10.761, 11.315, 11.477, 11.242, 11.139, 11.486, 12.109, 11.831, 10.931, 10.119, 9.017, 7.909, 7.161, 6.675, 6.663, 6.565, 6.745, 6.555, 6.214, 6.951, 7.701, 7.522], [5.526, 5.295, 4.374, 3.354, 2.351, 0.0, 1.847, 1.732, 6.119, 10.528, 7.522, 6.458, 7.189, 6.689, 5.34, 3.044, 2.192, 2.38, 3.448, 3.634, 2.631, 3.019, 3.283, 3.437, 3.784, 4.922, 5.739, 6.477, 7.954, 10.145, 12.205, 13.815, 14.598, 15.461, 15.317, 14.973, 15.823, 17.556, 18.996, 19.206, 19.456, 19.638, 20.31, 20.887, 21.157, 19.945, 18.134, 17.074, 17.555, 18.065, 17.631, 16.332, 15.351, 15.029, 15.232, 16.12, 17.497, 19.512, 21.955, 23.251, 23.275, 23.54, 23.527, 21.722, 18.188, 15.757, 14.684, 13.624, 12.1, 10.604, 10.737, 11.11, 10.693, 9.656, 9.14, 8.938, 9.342, 8.416, 6.083, 5.034, 4.498, 4.487, 4.768, 5.12, 5.063, 5.057, 5.108, 4.799, 4.503, 4.583, 4.766, 4.845, 5.206, 7.02, 9.086, 8.699, 9.437, 14.076, 19.141, 19.086, 16.779, 13.522, 11.011, 10.549, 11.446, 11.477, 10.916, 11.377, 12.244, 12.413, 10.681, 8.224, 7.392, 7.278, 7.091, 7.014, 7.039, 6.182, 5.698, 4.862, 4.716, 4.917, 4.805, 4.712, 4.567, 4.525, 5.398, 6.264, 6.436, 6.598, 7.342, 8.075, 8.443, 8.313, 8.288, 8.422, 9.199, 9.769, 10.295, 9.965, 9.76, 10.109, 10.721, 11.057, 10.249, 9.36, 8.747, 7.812, 7.143, 6.858, 6.881, 6.968, 7.072, 6.981, 7.008, 7.85, 8.347, 8.425], [6.005, 5.735, 5.013, 4.789, 4.049, 1.847, 0.0, 1.932, 7.509, 12.281, 9.125, 7.459, 8.083, 7.385, 5.931, 3.924, 2.762, 2.153, 2.715, 2.919, 2.545, 3.365, 3.671, 3.753, 4.318, 5.825, 7.186, 8.014, 9.594, 11.806, 13.837, 15.514, 16.363, 17.204, 17.07, 16.744, 17.61, 19.356, 20.762, 21.022, 21.272, 21.44, 22.043, 22.646, 22.919, 21.749, 19.917, 18.821, 19.333, 19.834, 19.387, 18.101, 17.153, 16.84, 17.048, 17.926, 19.286, 21.328, 23.772, 25.035, 25.049, 25.31, 25.296, 23.491, 19.945, 17.516, 16.486, 15.413, 13.85, 12.396, 12.494, 12.878, 12.42, 11.344, 10.684, 10.401, 10.76, 9.689, 7.163, 5.791, 5.132, 5.043, 5.006, 5.343, 5.425, 4.97, 4.995, 4.679, 4.185, 4.319, 4.468, 4.881, 5.47, 7.991, 10.144, 9.775, 10.625, 15.793, 20.959, 20.874, 18.594, 15.282, 12.718, 12.303, 13.21, 13.247, 12.726, 13.194, 14.067, 14.227, 12.416, 9.31, 7.929, 7.603, 7.349, 7.253, 7.33, 6.499, 5.851, 4.998, 4.843, 5.085, 4.845, 4.607, 4.381, 4.314, 4.707, 5.389, 5.556, 5.827, 6.687, 7.417, 7.721, 7.664, 7.66, 7.808, 8.473, 9.094, 9.576, 9.209, 9.019, 9.378, 10.005, 10.512, 9.664, 9.006, 8.521, 7.755, 7.162, 6.876, 6.907, 6.994, 7.071, 7.023, 7.248, 8.264, 8.548, 8.667], [5.283, 4.954, 4.153, 3.692, 2.886, 1.732, 1.932, 0.0, 6.361, 11.043, 7.764, 6.031, 6.592, 5.931, 4.521, 2.535, 1.796, 2.485, 3.584, 3.629, 2.726, 2.63, 2.796, 2.932, 3.351, 4.841, 6.067, 6.881, 8.438, 10.666, 12.678, 14.36, 15.222, 16.049, 15.895, 15.561, 16.464, 18.192, 19.605, 19.869, 20.116, 20.258, 20.889, 21.432, 21.767, 20.598, 18.764, 17.57, 18.085, 18.675, 18.194, 16.871, 16.003, 15.656, 15.887, 16.742, 18.144, 20.163, 22.625, 23.889, 23.906, 24.154, 24.127, 22.32, 18.714, 16.314, 15.355, 14.266, 12.708, 11.203, 11.287, 11.695, 11.182, 10.069, 9.36, 9.072, 9.305, 8.28, 5.759, 4.559, 4.133, 4.146, 4.51, 4.82, 4.855, 4.604, 4.987, 4.803, 4.417, 4.629, 4.978, 4.755, 4.663, 6.587, 8.81, 8.301, 9.244, 14.618, 19.803, 19.729, 17.444, 14.068, 11.485, 11.107, 11.984, 12.065, 11.595, 12.026, 12.931, 13.071, 11.212, 8.195, 6.854, 6.731, 6.629, 6.345, 6.467, 5.701, 5.243, 4.499, 4.78, 4.621, 4.148, 4.002, 3.952, 4.338, 5.356, 6.117, 6.252, 6.502, 7.441, 8.232, 8.58, 8.478, 8.433, 8.598, 9.394, 9.864, 10.394, 9.995, 9.754, 10.154, 10.904, 11.358, 10.461, 9.55, 8.835, 7.84, 7.082, 6.593, 6.486, 6.431, 6.501, 6.404, 6.413, 7.272, 7.708, 7.795], [5.54, 6.002, 5.451, 4.23, 4.68, 6.119, 7.509, 6.361, 0.0, 5.067, 3.007, 3.578, 3.4, 2.596, 3.136, 5.022, 6.55, 7.752, 8.974, 9.156, 7.77, 6.215, 5.899, 5.633, 4.867, 3.311, 1.879, 1.814, 2.9, 4.68, 6.655, 8.292, 9.127, 9.995, 9.777, 9.426, 10.272, 12.058, 13.524, 13.763, 13.992, 14.041, 14.723, 15.418, 15.705, 14.49, 12.676, 11.583, 12.142, 12.624, 12.198, 10.896, 9.765, 9.438, 9.69, 10.598, 11.946, 13.991, 16.557, 17.853, 17.857, 18.122, 18.091, 16.296, 12.74, 10.317, 9.236, 8.047, 6.669, 5.052, 5.194, 5.65, 5.271, 4.224, 3.726, 3.685, 4.156, 3.848, 4.539, 5.198, 5.485, 5.749, 6.315, 6.77, 6.865, 7.731, 8.412, 8.891, 9.174, 9.578, 9.814, 8.522, 5.961, 3.458, 3.639, 3.191, 3.94, 8.576, 13.725, 13.58, 11.334, 8.083, 5.581, 5.074, 6.012, 6.049, 5.458, 5.81, 6.825, 6.892, 5.155, 2.89, 4.437, 4.958, 5.095, 4.992, 5.582, 6.057, 5.894, 6.225, 6.553, 6.159, 6.159, 6.895, 8.044, 9.176, 10.651, 11.716, 11.912, 12.115, 12.595, 13.132, 13.415, 13.468, 13.425, 13.639, 14.131, 14.718, 14.946, 14.479, 14.201, 14.688, 15.157, 14.919, 14.277, 13.523, 12.031, 10.576, 9.912, 9.237, 8.636, 9.054, 8.998, 7.62, 6.193, 6.764, 7.665, 7.035], [8.597, 9.131, 8.589, 7.887, 8.506, 10.528, 12.281, 11.043, 5.067, 0.0, 3.386, 5.667, 5.203, 5.812, 7.724, 9.508, 10.887, 12.213, 13.593, 13.701, 12.384, 10.84, 10.373, 10.258, 9.305, 7.136, 5.578, 5.088, 4.313, 2.769, 3.388, 4.424, 4.884, 5.596, 5.636, 5.524, 6.164, 7.959, 8.833, 9.147, 9.195, 9.388, 10.214, 10.519, 10.79, 9.697, 8.18, 7.143, 7.437, 8.005, 7.494, 6.973, 6.329, 5.937, 5.88, 6.109, 7.229, 9.234, 11.727, 12.979, 12.981, 13.221, 13.172, 11.38, 7.777, 5.76, 4.93, 4.479, 4.192, 4.125, 4.073, 3.951, 3.547, 3.935, 4.587, 4.299, 3.393, 4.815, 7.391, 8.542, 9.303, 9.859, 10.48, 10.498, 10.294, 11.247, 12.27, 13.08, 13.543, 14.101, 14.532, 13.025, 9.668, 4.963, 3.816, 4.355, 3.77, 4.477, 8.921, 8.912, 6.622, 3.613, 2.059, 1.248, 1.459, 2.1, 2.306, 2.526, 3.061, 2.897, 2.209, 4.154, 7.124, 8.43, 8.147, 7.591, 8.126, 9.448, 9.749, 10.477, 10.833, 10.743, 11.014, 11.701, 12.872, 14.093, 15.553, 16.559, 16.543, 16.568, 16.9, 17.36, 17.721, 17.883, 17.849, 18.038, 18.576, 19.089, 19.16, 18.803, 18.473, 18.862, 19.231, 18.934, 18.001, 16.657, 15.239, 14.428, 13.353, 12.583, 12.173, 12.738, 12.829, 11.464, 9.38, 8.283, 9.199, 9.24], [5.873, 6.516, 5.852, 4.891, 5.576, 7.522, 9.125, 7.764, 3.007, 3.386, 0.0, 2.551, 2.462, 3.211, 4.816, 6.195, 7.627, 9.039, 10.386, 10.515, 9.144, 7.633, 7.185, 6.997, 6.083, 4.08, 3.121, 2.923, 2.885, 3.733, 5.664, 7.215, 7.997, 8.766, 8.623, 8.144, 8.889, 10.528, 11.944, 12.183, 12.441, 12.571, 13.239, 13.74, 14.076, 12.919, 11.077, 9.898, 10.433, 11.023, 10.537, 9.228, 8.354, 8.055, 8.284, 9.139, 10.485, 12.5, 14.991, 16.247, 16.25, 16.494, 16.447, 14.654, 11.042, 8.65, 7.7, 6.715, 5.47, 4.825, 4.531, 4.718, 4.345, 4.108, 4.13, 3.392, 3.259, 3.151, 4.449, 5.461, 6.103, 6.686, 7.337, 7.384, 7.138, 8.171, 9.159, 9.925, 10.315, 10.87, 11.292, 9.795, 6.486, 2.859, 3.283, 3.401, 3.595, 7.121, 12.167, 12.08, 9.807, 6.439, 3.962, 3.421, 4.314, 4.481, 4.045, 4.499, 5.385, 5.483, 3.728, 2.825, 4.03, 5.397, 5.168, 4.522, 5.154, 6.366, 6.546, 7.2, 7.541, 7.424, 7.707, 8.378, 9.544, 10.796, 12.221, 13.231, 13.251, 13.308, 13.706, 14.19, 14.52, 14.655, 14.604, 14.813, 15.351, 15.855, 15.95, 15.546, 15.243, 15.619, 16.008, 15.789, 14.96, 13.945, 12.273, 11.26, 10.298, 9.599, 9.187, 9.627, 9.612, 8.28, 6.306, 5.899, 6.703, 6.6], [4.26, 4.943, 4.496, 3.85, 4.986, 6.458, 7.459, 6.031, 3.578, 5.667, 2.551, 0.0, 1.641, 2.253, 3.367, 4.153, 5.738, 7.038, 8.314, 8.451, 7.114, 5.673, 5.313, 5.265, 4.374, 3.295, 3.207, 3.45, 4.069, 5.48, 7.432, 9.105, 9.95, 10.776, 10.585, 10.223, 11.056, 12.772, 14.194, 14.468, 14.728, 14.875, 15.438, 16.031, 16.342, 15.185, 13.362, 12.198, 12.754, 13.267, 12.783, 11.574, 10.657, 10.323, 10.505, 11.378, 12.737, 14.765, 17.243, 18.505, 18.512, 18.753, 18.713, 16.923, 13.357, 10.933, 9.941, 8.864, 7.488, 6.737, 6.283, 6.467, 6.258, 5.726, 5.204, 4.274, 4.021, 3.303, 2.74, 3.337, 3.933, 4.528, 5.156, 5.211, 5.09, 6.015, 7.11, 7.838, 8.152, 8.599, 9.106, 7.683, 4.568, 2.089, 3.635, 3.796, 4.443, 9.201, 14.433, 14.32, 12.051, 8.702, 6.093, 5.69, 6.628, 6.665, 6.168, 6.659, 7.581, 7.707, 5.822, 3.086, 2.846, 3.849, 3.774, 2.833, 3.161, 4.314, 4.504, 5.219, 5.584, 5.411, 5.518, 6.08, 7.234, 8.599, 9.958, 10.976, 11.135, 11.251, 11.678, 12.183, 12.379, 12.527, 12.447, 12.633, 13.168, 13.736, 13.903, 13.318, 13.033, 13.455, 13.833, 13.753, 12.961, 12.038, 10.371, 9.183, 8.353, 7.65, 7.251, 7.69, 7.59, 6.27, 4.41, 3.858, 4.644, 4.777], [4.83, 5.476, 5.175, 4.746, 5.889, 7.189, 8.083, 6.592, 3.4, 5.203, 2.462, 1.641, 0.0, 1.709, 3.368, 4.848, 6.301, 7.502, 8.75, 8.872, 7.534, 6.159, 5.85, 5.717, 4.874, 3.443, 3.023, 3.105, 3.667, 4.932, 6.874, 8.567, 9.426, 10.251, 10.107, 9.761, 10.637, 12.38, 13.797, 14.064, 14.308, 14.446, 15.126, 15.619, 15.947, 14.784, 12.961, 11.766, 12.275, 12.868, 12.404, 11.118, 10.24, 9.877, 10.086, 10.941, 12.332, 14.358, 16.83, 18.094, 18.102, 18.347, 18.314, 16.516, 12.902, 10.513, 9.546, 8.465, 7.192, 6.391, 6.036, 6.085, 5.734, 5.343, 4.868, 4.036, 3.571, 3.231, 3.4, 3.846, 4.424, 4.938, 5.528, 5.63, 5.568, 6.503, 7.412, 8.113, 8.542, 9.081, 9.473, 8.031, 5.026, 1.711, 3.041, 3.363, 3.746, 8.829, 14.009, 13.932, 11.633, 8.273, 5.719, 5.299, 6.182, 6.29, 5.809, 6.258, 7.192, 7.276, 5.4, 2.862, 2.393, 3.689, 3.637, 2.972, 3.701, 4.8, 4.946, 5.602, 6.052, 5.811, 5.876, 6.54, 7.715, 8.959, 10.382, 11.375, 11.412, 11.525, 11.986, 12.512, 12.703, 12.843, 12.788, 13.003, 13.533, 14.038, 14.201, 13.756, 13.405, 13.834, 14.258, 14.196, 13.413, 12.55, 10.907, 9.639, 8.856, 8.143, 7.647, 8.068, 7.921, 6.65, 4.748, 4.375, 5.16, 5.102], [4.519, 5.16, 4.691, 4.262, 5.442, 6.689, 7.385, 5.931, 2.596, 5.812, 3.211, 2.253, 1.709, 0.0, 2.52, 4.398, 5.816, 7.046, 8.361, 8.502, 7.11, 5.662, 5.255, 5.14, 4.37, 2.838, 2.222, 2.302, 3.277, 5.346, 7.403, 9.103, 9.971, 10.785, 10.669, 10.333, 11.21, 12.966, 14.373, 14.647, 14.888, 15.028, 15.665, 16.205, 16.53, 15.363, 13.536, 12.343, 12.86, 13.446, 12.977, 11.668, 10.807, 10.44, 10.663, 11.516, 12.912, 14.937, 17.398, 18.663, 18.681, 18.926, 18.895, 17.097, 13.482, 11.094, 10.129, 9.023, 7.479, 6.325, 6.212, 6.464, 6.016, 5.013, 4.434, 3.813, 3.928, 3.237, 3.077, 3.63, 4.183, 4.566, 5.192, 5.388, 5.282, 6.107, 7.132, 7.802, 8.101, 8.598, 9.125, 7.699, 4.704, 1.81, 3.184, 2.747, 3.965, 9.39, 14.583, 14.513, 12.211, 8.846, 6.269, 5.883, 6.755, 6.836, 6.351, 6.796, 7.698, 7.837, 5.961, 2.807, 3.044, 3.552, 3.727, 3.347, 4.007, 4.819, 4.808, 5.452, 5.95, 5.698, 5.552, 6.055, 7.152, 8.57, 9.985, 10.887, 11.066, 11.231, 11.69, 12.236, 12.408, 12.502, 12.452, 12.709, 13.157, 13.727, 13.905, 13.341, 12.984, 13.452, 13.858, 13.88, 13.075, 12.189, 10.585, 9.311, 8.517, 7.833, 7.341, 7.744, 7.576, 6.328, 4.609, 4.856, 5.616, 5.121], [4.45, 4.594, 4.139, 3.688, 4.009, 5.34, 5.931, 4.521, 3.136, 7.724, 4.816, 3.367, 3.368, 2.52, 0.0, 2.697, 4.528, 5.443, 6.527, 6.577, 5.245, 4.01, 3.707, 3.524, 3.091, 2.345, 2.776, 3.562, 5.102, 7.253, 9.32, 11.012, 11.88, 12.699, 12.594, 12.254, 13.146, 14.896, 16.307, 16.572, 16.813, 16.961, 17.605, 18.139, 18.461, 17.294, 15.469, 14.28, 14.778, 15.374, 14.905, 13.569, 12.676, 12.353, 12.581, 13.445, 14.836, 16.855, 19.318, 20.581, 20.596, 20.848, 20.823, 19.026, 15.41, 13.016, 12.059, 10.948, 9.393, 7.901, 7.981, 8.381, 7.876, 6.768, 6.022, 5.628, 5.694, 4.507, 3.677, 3.442, 3.449, 3.723, 4.232, 4.622, 4.75, 5.181, 5.856, 6.258, 6.354, 6.874, 7.243, 5.945, 3.746, 3.792, 4.877, 4.432, 5.807, 11.33, 16.499, 16.437, 14.126, 10.765, 8.198, 7.814, 8.686, 8.761, 8.281, 8.717, 9.615, 9.758, 7.878, 4.605, 4.298, 4.431, 4.652, 4.306, 4.591, 4.53, 4.319, 4.516, 4.872, 4.482, 3.936, 4.194, 5.337, 6.64, 8.038, 8.95, 9.078, 9.264, 9.875, 10.44, 10.809, 10.867, 10.742, 11.049, 11.594, 12.118, 12.204, 11.717, 11.505, 12.056, 12.709, 12.564, 11.854, 11.064, 9.766, 8.334, 7.633, 6.989, 6.224, 6.45, 6.355, 5.461, 5.044, 5.605, 6.322, 5.995], [4.344, 4.276, 3.523, 2.522, 2.307, 3.044, 3.924, 2.535, 5.022, 9.508, 6.195, 4.153, 4.848, 4.398, 2.697, 0.0, 2.059, 3.221, 4.455, 4.588, 3.373, 2.536, 2.426, 2.358, 2.166, 3.412, 4.419, 5.252, 6.782, 8.984, 11.049, 12.741, 13.61, 14.435, 14.354, 13.991, 14.916, 16.661, 18.047, 18.309, 18.552, 18.7, 19.396, 19.879, 20.209, 19.043, 17.208, 16.038, 16.533, 17.124, 16.683, 15.3, 14.451, 14.096, 14.33, 15.188, 16.58, 18.593, 21.045, 22.311, 22.335, 22.589, 22.566, 20.763, 17.157, 14.758, 13.817, 12.703, 11.144, 9.658, 9.731, 10.143, 9.618, 8.498, 7.757, 7.354, 7.499, 6.233, 4.055, 3.211, 3.161, 3.419, 3.868, 4.199, 4.31, 4.285, 4.762, 4.735, 4.829, 5.017, 5.467, 4.607, 3.278, 5.019, 6.657, 6.238, 7.671, 13.079, 18.236, 18.207, 15.885, 12.509, 9.998, 9.559, 10.423, 10.496, 10.038, 10.456, 11.341, 11.484, 9.628, 6.505, 5.389, 5.36, 5.451, 5.11, 5.201, 4.582, 4.325, 3.889, 4.322, 3.907, 3.556, 3.683, 4.053, 4.988, 6.242, 7.141, 7.195, 7.348, 7.859, 8.535, 8.78, 8.757, 8.691, 8.881, 9.548, 10.101, 10.661, 10.245, 10.034, 10.313, 11.052, 11.275, 10.395, 9.438, 8.588, 7.501, 6.764, 6.28, 5.83, 5.827, 5.844, 5.506, 5.396, 5.978, 6.688, 6.56], [4.259, 4.064, 3.401, 3.224, 2.781, 2.192, 2.762, 1.796, 6.55, 10.887, 7.627, 5.738, 6.301, 5.816, 4.528, 2.059, 0.0, 1.671, 2.911, 3.213, 2.221, 1.888, 2.043, 2.485, 2.659, 4.256, 5.612, 6.304, 7.805, 10.043, 12.124, 13.822, 14.768, 15.585, 15.557, 15.224, 16.207, 17.966, 19.243, 19.53, 19.728, 19.945, 20.75, 21.219, 21.447, 20.217, 18.408, 17.411, 17.819, 18.36, 17.995, 16.662, 15.701, 15.359, 15.517, 16.387, 17.74, 19.727, 22.153, 23.416, 23.454, 23.711, 23.738, 21.902, 18.447, 16.026, 15.019, 13.94, 12.328, 10.91, 10.926, 11.403, 10.919, 9.764, 8.937, 8.534, 8.537, 7.213, 4.678, 3.514, 3.128, 3.217, 3.66, 3.797, 3.903, 3.973, 4.235, 4.155, 4.217, 4.358, 4.732, 3.996, 3.65, 6.116, 7.97, 7.524, 9.183, 14.377, 19.355, 19.402, 17.084, 13.829, 11.429, 10.877, 11.683, 11.73, 11.304, 11.659, 12.468, 12.609, 10.819, 7.706, 6.042, 5.766, 5.839, 5.631, 5.598, 4.748, 4.436, 3.92, 4.171, 4.282, 3.921, 3.946, 3.959, 4.316, 5.436, 6.243, 6.18, 6.174, 6.856, 7.621, 7.907, 7.892, 7.942, 8.066, 8.748, 9.372, 9.918, 9.61, 9.458, 9.701, 10.331, 10.436, 9.486, 8.6, 7.796, 6.778, 6.066, 5.584, 5.619, 5.6, 5.713, 5.647, 5.389, 6.321, 6.873, 6.823], [4.818, 4.603, 4.14, 4.377, 3.929, 2.38, 2.153, 2.485, 7.752, 12.213, 9.039, 7.038, 7.502, 7.046, 5.443, 3.221, 1.671, 0.0, 1.711, 1.888, 1.374, 2.187, 2.435, 2.971, 3.385, 5.233, 6.822, 7.481, 8.842, 11.102, 13.237, 14.95, 15.86, 16.706, 16.705, 16.437, 17.408, 19.251, 20.542, 20.793, 20.96, 21.134, 22.013, 22.556, 22.769, 21.441, 19.698, 18.774, 19.14, 19.685, 19.327, 17.991, 16.917, 16.557, 16.652, 17.513, 18.872, 20.884, 23.341, 24.67, 24.694, 25.003, 25.021, 23.202, 19.768, 17.355, 16.205, 15.092, 13.613, 12.124, 12.148, 12.683, 12.26, 11.106, 10.273, 9.806, 9.704, 8.165, 5.514, 4.18, 3.744, 3.55, 3.686, 3.842, 4.074, 3.921, 3.84, 3.605, 3.449, 3.482, 3.737, 3.697, 4.299, 7.323, 9.017, 8.704, 10.557, 15.767, 20.598, 20.532, 18.317, 15.15, 12.852, 12.242, 13.0, 13.053, 12.572, 12.858, 13.624, 13.779, 11.992, 8.658, 6.682, 6.339, 6.395, 6.365, 6.218, 5.245, 4.738, 4.305, 4.346, 4.694, 4.314, 4.273, 4.116, 3.878, 4.441, 5.435, 5.457, 5.455, 5.944, 6.678, 7.084, 7.06, 7.115, 7.209, 7.975, 8.492, 9.034, 8.777, 8.642, 8.926, 9.501, 9.602, 8.666, 7.835, 7.128, 6.299, 5.751, 5.527, 5.722, 5.826, 5.968, 5.941, 5.722, 6.865, 7.39, 7.219], [5.646, 5.401, 5.346, 5.751, 5.205, 3.448, 2.715, 3.584, 8.974, 13.593, 10.386, 8.314, 8.75, 8.361, 6.527, 4.455, 2.911, 1.711, 0.0, 0.828, 1.557, 3.013, 3.345, 3.618, 4.448, 6.56, 8.144, 8.783, 10.13, 12.362, 14.475, 16.182, 17.128, 17.998, 18.015, 17.737, 18.793, 20.589, 21.912, 22.154, 22.295, 22.426, 23.323, 23.932, 24.123, 22.772, 21.064, 20.142, 20.492, 21.046, 20.705, 19.367, 18.218, 17.841, 17.941, 18.85, 20.117, 22.16, 24.629, 25.949, 25.989, 26.296, 26.354, 24.533, 21.095, 18.691, 17.575, 16.342, 14.94, 13.451, 13.433, 14.023, 13.605, 12.435, 11.629, 11.121, 10.994, 9.375, 6.61, 5.238, 4.615, 4.266, 4.112, 4.274, 4.633, 3.989, 3.28, 2.976, 2.845, 2.844, 2.815, 3.374, 4.799, 8.67, 10.323, 10.036, 11.892, 17.121, 21.897, 21.907, 19.648, 16.519, 14.178, 13.605, 14.358, 14.393, 13.942, 14.135, 14.923, 15.031, 13.282, 9.843, 7.524, 6.828, 6.845, 6.917, 6.727, 5.648, 5.108, 4.678, 4.396, 4.755, 4.444, 4.349, 3.875, 3.467, 3.239, 4.123, 4.065, 4.068, 4.749, 5.464, 5.929, 5.894, 5.954, 6.085, 6.839, 7.349, 7.858, 7.609, 7.456, 7.779, 8.35, 8.467, 7.506, 6.937, 6.461, 5.817, 5.504, 5.358, 5.655, 5.699, 5.804, 5.888, 6.13, 7.471, 7.72, 7.567], [5.828, 5.45, 5.492, 5.853, 5.297, 3.634, 2.919, 3.629, 9.156, 13.701, 10.515, 8.451, 8.872, 8.502, 6.577, 4.588, 3.213, 1.888, 0.828, 0.0, 1.565, 3.004, 3.373, 3.653, 4.57, 6.629, 8.24, 8.872, 10.265, 12.558, 14.686, 16.405, 17.346, 18.195, 18.2, 17.914, 18.903, 20.719, 22.012, 22.245, 22.414, 22.612, 23.509, 24.042, 24.22, 22.924, 21.155, 20.259, 20.598, 21.128, 20.812, 19.454, 18.371, 18.021, 18.156, 19.027, 20.354, 22.311, 24.78, 26.1, 26.147, 26.436, 26.476, 24.646, 21.224, 18.805, 17.701, 16.617, 15.111, 13.59, 13.604, 14.159, 13.719, 12.556, 11.698, 11.303, 11.137, 9.538, 6.759, 5.367, 4.721, 4.323, 4.241, 4.415, 4.719, 4.043, 3.14, 2.72, 2.637, 2.602, 2.569, 3.157, 4.699, 8.776, 10.422, 10.125, 12.031, 17.251, 22.023, 22.042, 19.77, 16.625, 14.323, 13.725, 14.452, 14.496, 14.027, 14.32, 15.109, 15.233, 13.444, 9.985, 7.531, 6.654, 6.605, 6.715, 6.598, 5.565, 5.04, 4.544, 4.226, 4.538, 4.173, 4.087, 3.612, 3.187, 3.083, 3.937, 3.947, 3.946, 4.549, 5.288, 5.737, 5.751, 5.761, 5.867, 6.672, 7.142, 7.674, 7.435, 7.265, 7.588, 8.157, 8.255, 7.287, 6.565, 6.103, 5.57, 5.218, 5.109, 5.345, 5.413, 5.554, 5.66, 5.876, 7.325, 7.505, 7.334], [4.684, 4.377, 4.233, 4.627, 3.987, 2.631, 2.545, 2.726, 7.77, 12.384, 9.144, 7.114, 7.534, 7.11, 5.245, 3.373, 2.221, 1.374, 1.557, 1.565, 0.0, 1.662, 2.101, 2.29, 3.222, 5.332, 6.897, 7.58, 9.008, 11.303, 13.415, 15.148, 16.084, 16.944, 16.945, 16.642, 17.641, 19.39, 20.694, 20.943, 21.158, 21.373, 22.23, 22.717, 22.933, 21.601, 19.844, 18.913, 19.301, 19.839, 19.506, 18.141, 17.123, 16.769, 16.872, 17.742, 19.1, 21.109, 23.474, 24.825, 24.847, 25.164, 25.197, 23.37, 19.935, 17.508, 16.369, 15.285, 13.759, 12.305, 12.311, 12.817, 12.402, 11.236, 10.397, 9.928, 9.966, 8.48, 5.783, 4.321, 3.648, 3.391, 3.346, 3.516, 3.86, 3.371, 3.049, 2.78, 2.588, 2.772, 3.001, 2.871, 3.736, 7.481, 9.135, 8.814, 10.601, 15.904, 20.776, 20.782, 18.509, 15.318, 12.926, 12.391, 13.168, 13.211, 12.731, 13.082, 13.84, 14.001, 12.16, 8.733, 6.465, 5.805, 5.773, 5.769, 5.687, 4.77, 4.198, 3.683, 3.702, 4.037, 3.6, 3.506, 3.343, 3.133, 3.882, 4.87, 4.924, 4.961, 5.348, 5.982, 6.357, 6.447, 6.369, 6.545, 7.326, 7.794, 8.244, 7.982, 7.775, 8.147, 8.698, 8.857, 7.934, 7.124, 6.369, 5.571, 5.16, 4.932, 5.143, 5.242, 5.359, 5.289, 5.243, 6.601, 6.905, 6.718], [3.457, 3.157, 2.815, 3.078, 2.761, 3.019, 3.365, 2.63, 6.215, 10.84, 7.633, 5.673, 6.159, 5.662, 4.01, 2.536, 1.888, 2.187, 3.013, 3.004, 1.662, 0.0, 0.898, 1.251, 1.913, 3.84, 5.388, 6.104, 7.553, 9.841, 11.977, 13.686, 14.608, 15.459, 15.438, 15.086, 16.071, 17.845, 19.169, 19.392, 19.584, 19.801, 20.689, 21.183, 21.385, 20.119, 18.294, 17.386, 17.761, 18.3, 17.97, 16.577, 15.541, 15.176, 15.387, 16.258, 17.644, 19.597, 22.037, 23.346, 23.396, 23.694, 23.692, 21.863, 18.397, 15.962, 14.889, 13.828, 12.294, 10.756, 10.828, 11.303, 10.87, 9.703, 8.886, 8.515, 8.517, 7.115, 4.45, 3.013, 2.453, 2.384, 2.646, 2.935, 3.146, 2.962, 3.159, 3.312, 3.503, 3.808, 4.101, 2.824, 2.701, 5.945, 7.661, 7.387, 9.112, 14.39, 19.259, 19.271, 16.954, 13.783, 11.431, 10.869, 11.623, 11.669, 11.172, 11.516, 12.393, 12.498, 10.684, 7.246, 5.334, 4.821, 4.799, 4.682, 4.664, 3.783, 3.437, 2.923, 3.208, 3.208, 2.731, 2.824, 3.025, 3.821, 5.159, 6.116, 6.204, 6.271, 6.529, 7.111, 7.508, 7.695, 7.61, 7.837, 8.452, 9.042, 9.232, 8.9, 8.769, 9.216, 9.727, 9.426, 8.608, 7.797, 6.643, 5.574, 4.966, 4.574, 4.608, 4.574, 4.723, 4.609, 4.367, 5.471, 5.949, 5.798], [3.208, 2.972, 2.516, 2.844, 2.777, 3.283, 3.671, 2.796, 5.899, 10.373, 7.185, 5.313, 5.85, 5.255, 3.707, 2.426, 2.043, 2.435, 3.345, 3.373, 2.101, 0.898, 0.0, 1.023, 1.573, 3.441, 4.933, 5.706, 7.166, 9.437, 11.55, 13.286, 14.184, 15.048, 15.0, 14.711, 15.631, 17.419, 18.734, 18.946, 19.194, 19.387, 20.248, 20.715, 20.911, 19.698, 17.894, 16.934, 17.295, 17.815, 17.489, 16.124, 15.126, 14.786, 14.968, 15.856, 17.235, 19.19, 21.607, 22.914, 22.96, 23.257, 23.261, 21.436, 17.946, 15.507, 14.447, 13.434, 11.876, 10.352, 10.451, 10.838, 10.397, 9.273, 8.511, 8.105, 8.085, 6.666, 4.02, 2.59, 2.209, 2.215, 2.531, 2.839, 3.145, 3.139, 3.408, 3.634, 3.816, 4.171, 4.491, 3.218, 2.389, 5.52, 7.292, 6.903, 8.697, 13.92, 18.86, 18.842, 16.519, 13.3, 10.998, 10.401, 11.184, 11.212, 10.71, 11.125, 11.991, 12.116, 10.297, 6.894, 5.038, 4.557, 4.533, 4.383, 4.385, 3.532, 3.179, 2.75, 3.119, 3.016, 2.53, 2.558, 3.113, 4.218, 5.518, 6.476, 6.564, 6.54, 6.808, 7.387, 7.93, 8.095, 7.955, 8.187, 8.835, 9.421, 9.532, 9.23, 9.15, 9.562, 10.08, 9.731, 8.974, 8.135, 6.968, 5.859, 5.142, 4.779, 4.339, 4.379, 4.383, 4.267, 4.058, 5.049, 5.579, 5.432], [3.324, 3.1, 2.672, 2.872, 2.744, 3.437, 3.753, 2.932, 5.633, 10.258, 6.997, 5.265, 5.717, 5.14, 3.524, 2.358, 2.485, 2.971, 3.618, 3.653, 2.29, 1.251, 1.023, 0.0, 1.517, 3.383, 4.839, 5.613, 7.117, 9.379, 11.485, 13.209, 14.14, 14.99, 14.91, 14.626, 15.548, 17.314, 18.629, 18.891, 19.132, 19.332, 20.113, 20.598, 20.835, 19.622, 17.804, 16.798, 17.214, 17.73, 17.368, 16.027, 15.067, 14.736, 14.921, 15.807, 17.139, 19.136, 21.56, 22.824, 22.869, 23.154, 23.155, 21.339, 17.861, 15.425, 14.377, 13.336, 11.758, 10.274, 10.345, 10.745, 10.315, 9.195, 8.388, 8.083, 8.214, 6.822, 4.177, 2.754, 2.532, 2.573, 2.789, 3.097, 3.503, 3.488, 3.723, 3.852, 3.987, 4.358, 4.634, 3.404, 2.212, 5.473, 7.211, 6.873, 8.528, 13.759, 18.786, 18.754, 16.466, 13.201, 10.788, 10.262, 11.102, 11.129, 10.66, 11.052, 11.893, 12.046, 10.232, 6.78, 4.9, 4.348, 4.286, 4.059, 4.17, 3.466, 3.146, 2.787, 3.24, 2.922, 2.458, 2.429, 3.235, 4.312, 5.609, 6.516, 6.586, 6.637, 7.044, 7.701, 8.09, 8.231, 8.093, 8.338, 8.985, 9.591, 9.757, 9.503, 9.369, 9.754, 10.306, 10.099, 9.332, 8.507, 7.347, 6.094, 5.384, 4.971, 4.617, 4.618, 4.56, 4.237, 4.061, 5.067, 5.532, 5.309], [3.002, 2.768, 2.097, 1.964, 2.47, 3.784, 4.318, 3.351, 4.867, 9.305, 6.083, 4.374, 4.874, 4.37, 3.091, 2.166, 2.659, 3.385, 4.448, 4.57, 3.222, 1.913, 1.573, 1.517, 0.0, 2.289, 3.809, 4.438, 5.952, 8.22, 10.349, 12.07, 12.99, 13.852, 13.871, 13.574, 14.576, 16.329, 17.616, 17.867, 18.033, 18.284, 19.158, 19.637, 19.839, 18.491, 16.765, 15.841, 16.205, 16.753, 16.421, 15.072, 14.044, 13.676, 13.779, 14.649, 15.993, 17.989, 20.377, 21.669, 21.712, 22.008, 22.083, 20.236, 16.809, 14.403, 13.32, 12.208, 10.635, 9.291, 9.238, 9.756, 9.31, 8.106, 7.333, 6.981, 7.219, 5.838, 3.284, 2.392, 2.512, 2.578, 2.971, 3.212, 3.581, 3.815, 4.236, 4.623, 4.947, 5.348, 5.692, 4.192, 2.234, 4.559, 6.409, 6.162, 7.651, 12.83, 17.628, 17.717, 15.405, 12.234, 9.875, 9.309, 10.075, 10.107, 9.662, 9.978, 10.711, 10.881, 9.041, 5.707, 3.99, 4.158, 4.232, 4.146, 4.142, 3.472, 3.339, 2.829, 3.425, 3.182, 2.994, 3.373, 4.219, 5.378, 6.768, 7.725, 7.821, 7.791, 8.035, 8.59, 8.947, 9.083, 9.09, 9.303, 9.791, 10.323, 10.578, 10.187, 10.049, 10.428, 10.952, 10.546, 9.68, 8.978, 7.701, 6.42, 5.75, 5.251, 5.023, 4.988, 5.077, 4.727, 4.374, 5.161, 5.968, 5.575], [3.493, 3.587, 2.838, 2.206, 3.286, 4.922, 5.825, 4.841, 3.311, 7.136, 4.08, 3.295, 3.443, 2.838, 2.345, 3.412, 4.256, 5.233, 6.56, 6.629, 5.332, 3.84, 3.441, 3.383, 2.289, 0.0, 1.762, 2.457, 4.025, 6.149, 8.283, 9.967, 10.89, 11.719, 11.739, 11.433, 12.43, 14.218, 15.448, 15.691, 15.892, 16.131, 17.042, 17.479, 17.65, 16.382, 14.588, 13.693, 14.012, 14.561, 14.253, 12.898, 11.912, 11.54, 11.68, 12.549, 13.899, 15.857, 18.278, 19.552, 19.601, 19.889, 19.905, 18.079, 14.644, 12.226, 11.18, 10.136, 8.552, 7.319, 7.203, 7.717, 7.201, 6.085, 5.399, 5.142, 5.425, 4.177, 2.765, 2.89, 3.283, 3.562, 4.167, 4.301, 4.62, 5.081, 5.817, 6.511, 6.906, 7.325, 7.714, 6.119, 3.301, 3.173, 4.873, 4.582, 5.85, 10.683, 15.518, 15.58, 13.239, 10.061, 7.745, 7.165, 7.878, 7.917, 7.502, 7.822, 8.649, 8.78, 7.01, 3.964, 3.552, 3.895, 3.912, 3.817, 3.93, 3.878, 3.877, 4.052, 4.526, 4.485, 4.356, 5.047, 6.232, 7.412, 8.842, 9.797, 9.874, 9.848, 10.071, 10.59, 10.876, 11.077, 11.033, 11.252, 11.711, 12.31, 12.511, 12.097, 11.804, 12.187, 12.536, 12.156, 11.259, 10.505, 8.907, 7.755, 6.943, 6.384, 6.036, 6.44, 6.365, 5.451, 4.587, 5.263, 6.133, 5.497], [4.548, 4.868, 4.168, 3.029, 3.924, 5.739, 7.186, 6.067, 1.879, 5.578, 3.121, 3.207, 3.023, 2.222, 2.776, 4.419, 5.612, 6.822, 8.144, 8.24, 6.897, 5.388, 4.933, 4.839, 3.809, 1.762, 0.0, 1.152, 2.614, 4.751, 6.899, 8.563, 9.392, 10.244, 10.2, 9.873, 10.824, 12.579, 13.885, 14.141, 14.386, 14.568, 15.412, 15.874, 16.076, 14.881, 13.059, 12.073, 12.448, 12.988, 12.651, 11.32, 10.302, 9.967, 10.144, 11.034, 12.391, 14.385, 16.806, 18.075, 18.126, 18.413, 18.414, 16.599, 13.089, 10.663, 9.657, 8.594, 7.045, 5.781, 5.751, 6.118, 5.648, 4.607, 4.044, 3.731, 4.13, 3.327, 3.187, 3.797, 4.274, 4.546, 5.24, 5.398, 5.583, 6.493, 7.271, 7.956, 8.372, 8.807, 9.191, 7.607, 4.686, 2.744, 3.619, 3.255, 4.328, 9.062, 14.029, 14.044, 11.684, 8.466, 6.137, 5.549, 6.338, 6.371, 5.915, 6.309, 7.163, 7.318, 5.605, 3.06, 3.872, 4.236, 4.098, 4.185, 4.565, 4.98, 4.912, 5.39, 5.833, 5.688, 5.809, 6.489, 7.697, 8.879, 10.309, 11.265, 11.345, 11.311, 11.546, 12.092, 12.452, 12.562, 12.605, 12.802, 13.246, 13.796, 14.023, 13.598, 13.273, 13.687, 14.029, 13.733, 12.949, 12.094, 10.408, 9.182, 8.406, 7.85, 7.448, 7.919, 7.773, 6.562, 5.173, 5.797, 6.643, 5.877], [4.804, 5.294, 4.716, 3.68, 4.477, 6.477, 8.014, 6.881, 1.814, 5.088, 2.923, 3.45, 3.105, 2.302, 3.562, 5.252, 6.304, 7.481, 8.783, 8.872, 7.58, 6.104, 5.706, 5.613, 4.438, 2.457, 1.152, 0.0, 1.701, 3.925, 6.11, 7.734, 8.68, 9.531, 9.563, 9.28, 10.279, 12.091, 13.287, 13.511, 13.69, 13.986, 14.913, 15.332, 15.493, 14.185, 12.424, 11.573, 11.846, 12.417, 12.102, 10.73, 9.721, 9.327, 9.463, 10.324, 11.647, 13.621, 15.993, 17.279, 17.37, 17.656, 17.719, 15.853, 12.458, 10.066, 8.999, 7.966, 6.382, 5.147, 5.125, 5.661, 5.096, 4.009, 3.464, 3.219, 3.454, 3.02, 3.518, 4.437, 5.033, 5.375, 6.061, 6.178, 6.346, 7.308, 8.075, 8.747, 9.141, 9.6, 9.97, 8.38, 5.383, 2.747, 3.273, 2.835, 3.95, 8.57, 13.267, 13.399, 11.044, 7.922, 5.733, 5.079, 5.724, 5.762, 5.335, 5.633, 6.367, 6.534, 4.865, 2.609, 3.595, 4.11, 4.378, 4.531, 4.997, 5.474, 5.629, 6.119, 6.619, 6.49, 6.639, 7.323, 8.526, 9.707, 11.131, 12.09, 12.176, 12.148, 12.342, 12.846, 13.151, 13.333, 13.329, 13.56, 14.001, 14.591, 14.812, 14.381, 14.099, 14.471, 14.823, 14.405, 13.345, 12.679, 11.109, 9.86, 9.155, 8.448, 8.132, 8.629, 8.568, 7.27, 5.391, 6.06, 7.029, 6.202], [5.304, 5.899, 5.482, 4.978, 5.904, 7.954, 9.594, 8.438, 2.9, 4.313, 2.885, 4.069, 3.667, 3.277, 5.102, 6.782, 7.805, 8.842, 10.13, 10.265, 9.008, 7.553, 7.166, 7.117, 5.952, 4.025, 2.614, 1.701, 0.0, 2.444, 4.638, 6.241, 7.374, 8.374, 8.526, 8.41, 9.433, 11.295, 12.349, 12.491, 12.588, 12.959, 13.923, 14.399, 14.499, 13.186, 11.51, 10.784, 10.868, 11.486, 11.136, 9.856, 8.745, 8.302, 8.274, 9.127, 10.431, 12.389, 14.701, 16.068, 16.203, 16.524, 16.659, 14.787, 11.453, 9.135, 8.051, 6.945, 5.534, 4.435, 4.338, 4.763, 4.298, 3.634, 3.491, 2.933, 2.766, 2.969, 4.205, 5.618, 6.281, 6.784, 7.391, 7.5, 7.558, 8.603, 9.495, 10.141, 10.532, 10.951, 11.303, 9.848, 6.663, 3.015, 2.565, 2.69, 3.606, 7.692, 12.119, 12.309, 10.008, 6.999, 5.129, 4.292, 4.743, 4.738, 4.466, 4.607, 4.974, 5.159, 3.688, 2.327, 3.879, 4.998, 5.318, 5.218, 5.676, 6.271, 6.795, 7.39, 8.044, 7.948, 8.097, 8.855, 10.035, 11.162, 12.576, 13.606, 13.684, 13.654, 13.803, 14.228, 14.597, 14.791, 14.751, 14.951, 15.428, 16.022, 16.146, 15.754, 15.611, 15.98, 16.275, 15.72, 14.58, 13.526, 12.207, 11.229, 10.394, 9.431, 9.283, 9.917, 10.062, 8.65, 6.397, 6.517, 7.445, 6.868], [7.126, 7.703, 7.401, 7.197, 8.062, 10.145, 11.806, 10.666, 4.68, 2.769, 3.733, 5.48, 4.932, 5.346, 7.253, 8.984, 10.043, 11.102, 12.362, 12.558, 11.303, 9.841, 9.437, 9.379, 8.22, 6.149, 4.751, 3.925, 2.444, 0.0, 2.413, 3.956, 5.105, 6.128, 6.399, 6.337, 7.427, 9.348, 10.161, 10.419, 10.383, 10.746, 11.72, 12.241, 12.301, 10.982, 9.429, 8.696, 8.808, 9.38, 8.996, 8.009, 6.811, 6.308, 6.249, 6.92, 8.155, 10.108, 12.436, 13.796, 13.943, 14.281, 14.411, 12.537, 9.239, 7.062, 6.004, 4.863, 4.117, 3.858, 3.591, 3.669, 3.22, 3.402, 3.734, 3.707, 3.009, 3.703, 6.134, 7.618, 8.359, 8.87, 9.476, 9.575, 9.553, 10.646, 11.55, 12.337, 12.762, 13.18, 13.569, 12.1, 8.837, 4.721, 2.815, 3.502, 2.884, 5.704, 9.863, 10.145, 7.785, 4.903, 3.364, 2.452, 2.803, 2.783, 2.878, 2.847, 2.855, 2.896, 2.036, 3.322, 5.882, 7.167, 7.213, 7.035, 7.344, 8.29, 8.914, 9.604, 10.25, 10.115, 10.334, 11.092, 12.268, 13.392, 14.786, 15.867, 15.933, 15.903, 16.058, 16.489, 16.827, 17.044, 17.007, 17.188, 17.685, 18.253, 18.413, 18.004, 17.73, 18.101, 18.392, 17.953, 16.765, 15.528, 14.225, 13.399, 12.433, 11.513, 11.463, 12.142, 12.22, 10.833, 8.479, 7.892, 8.849, 8.572], [9.194, 9.752, 9.466, 9.305, 10.105, 12.205, 13.837, 12.678, 6.655, 3.388, 5.664, 7.432, 6.874, 7.403, 9.32, 11.049, 12.124, 13.237, 14.475, 14.686, 13.415, 11.977, 11.55, 11.485, 10.349, 8.283, 6.899, 6.11, 4.638, 2.413, 0.0, 1.954, 2.929, 4.242, 4.616, 4.635, 5.655, 7.635, 8.362, 8.628, 8.523, 8.83, 9.887, 10.431, 10.417, 9.167, 7.794, 7.066, 7.064, 7.617, 7.23, 6.625, 5.392, 4.743, 4.599, 5.224, 6.148, 7.991, 10.335, 11.692, 11.827, 12.206, 12.381, 10.468, 7.341, 5.363, 4.255, 3.201, 3.166, 3.213, 3.107, 3.024, 2.921, 3.566, 4.022, 4.012, 3.965, 5.479, 8.257, 9.705, 10.499, 10.98, 11.611, 11.643, 11.596, 12.687, 13.65, 14.428, 14.878, 15.307, 15.688, 14.234, 10.943, 6.491, 4.597, 5.084, 3.698, 3.982, 7.887, 8.328, 5.79, 3.244, 3.289, 2.965, 2.895, 2.697, 2.907, 2.285, 1.636, 1.719, 2.645, 5.227, 7.92, 9.27, 9.249, 9.054, 9.332, 10.407, 10.922, 11.679, 12.303, 12.188, 12.391, 13.144, 14.34, 15.478, 16.866, 17.955, 18.033, 17.997, 18.183, 18.598, 18.97, 19.168, 19.122, 19.303, 19.805, 20.368, 20.509, 20.117, 19.849, 20.22, 20.486, 20.035, 18.867, 17.564, 16.258, 15.53, 14.514, 13.581, 13.513, 14.234, 14.307, 12.948, 10.595, 9.661, 10.692, 10.556], [10.839, 11.313, 11.101, 10.901, 11.678, 13.815, 15.514, 14.36, 8.292, 4.424, 7.215, 9.105, 8.567, 9.103, 11.012, 12.741, 13.822, 14.95, 16.182, 16.405, 15.148, 13.686, 13.286, 13.209, 12.07, 9.967, 8.563, 7.734, 6.241, 3.956, 1.954, 0.0, 1.504, 2.773, 3.46, 3.779, 4.728, 6.523, 7.08, 7.28, 6.991, 7.302, 8.366, 9.017, 9.031, 7.994, 6.94, 6.246, 6.124, 6.619, 6.35, 5.879, 4.827, 4.226, 4.008, 4.249, 4.697, 6.399, 8.676, 10.03, 10.239, 10.591, 10.763, 8.872, 5.886, 4.448, 3.373, 3.123, 3.349, 3.871, 3.726, 3.345, 3.692, 4.607, 5.21, 5.576, 5.494, 7.124, 9.919, 11.418, 12.206, 12.703, 13.309, 13.336, 13.289, 14.288, 15.342, 16.143, 16.587, 17.008, 17.43, 15.938, 12.648, 8.177, 6.294, 6.773, 5.398, 3.468, 6.32, 6.971, 4.583, 3.121, 4.137, 4.115, 3.898, 4.0, 4.322, 3.547, 2.566, 2.304, 3.638, 6.822, 9.631, 10.963, 10.969, 10.757, 11.007, 12.057, 12.609, 13.381, 13.975, 13.851, 14.079, 14.841, 16.024, 17.183, 18.586, 19.683, 19.752, 19.718, 19.91, 20.327, 20.682, 20.891, 20.865, 21.043, 21.54, 22.108, 22.245, 21.847, 21.58, 21.953, 22.216, 21.78, 20.564, 19.268, 17.969, 17.245, 16.238, 15.306, 15.231, 15.941, 16.023, 14.66, 12.322, 11.233, 12.286, 12.264], [11.857, 12.399, 11.974, 11.72, 12.501, 14.598, 16.363, 15.222, 9.127, 4.884, 7.997, 9.95, 9.426, 9.971, 11.88, 13.61, 14.768, 15.86, 17.128, 17.346, 16.084, 14.608, 14.184, 14.14, 12.99, 10.89, 9.392, 8.68, 7.374, 5.105, 2.929, 1.504, 0.0, 1.604, 2.326, 2.764, 3.633, 5.276, 5.849, 6.088, 5.76, 6.061, 7.133, 7.797, 7.808, 6.743, 5.808, 5.134, 4.884, 5.386, 5.242, 4.801, 3.909, 3.393, 3.108, 3.314, 3.462, 5.175, 7.604, 8.979, 8.989, 9.365, 9.509, 7.604, 4.649, 3.399, 2.552, 2.646, 3.266, 4.354, 4.173, 3.708, 4.231, 5.363, 6.053, 6.443, 6.431, 8.096, 10.909, 12.338, 13.127, 13.642, 14.245, 14.262, 14.219, 15.188, 16.25, 17.05, 17.507, 17.935, 18.344, 16.861, 13.571, 9.045, 7.195, 7.705, 6.237, 2.583, 5.148, 5.72, 3.436, 2.559, 4.465, 4.818, 4.339, 4.4, 4.67, 3.949, 3.303, 3.031, 4.47, 7.687, 10.703, 11.928, 11.87, 11.623, 11.911, 13.006, 13.521, 14.259, 14.811, 14.709, 14.956, 15.719, 16.902, 18.078, 19.474, 20.577, 20.661, 20.627, 20.822, 21.249, 21.596, 21.796, 21.784, 21.957, 22.454, 23.018, 23.153, 22.772, 22.493, 22.863, 23.125, 22.705, 21.538, 20.207, 18.911, 18.175, 17.182, 16.26, 16.096, 16.831, 16.92, 15.564, 13.246, 12.138, 13.196, 13.175], [12.919, 13.425, 12.931, 12.582, 13.311, 15.461, 17.204, 16.049, 9.995, 5.596, 8.766, 10.776, 10.251, 10.785, 12.699, 14.435, 15.585, 16.706, 17.998, 18.195, 16.944, 15.459, 15.048, 14.99, 13.852, 11.719, 10.244, 9.531, 8.374, 6.128, 4.242, 2.773, 1.604, 0.0, 1.299, 1.773, 2.528, 3.909, 4.442, 4.688, 4.415, 4.69, 5.723, 6.365, 6.402, 5.423, 4.61, 3.93, 3.642, 4.117, 4.045, 3.623, 2.791, 2.542, 2.221, 2.22, 2.514, 4.286, 6.724, 8.047, 8.052, 8.355, 8.374, 6.576, 3.397, 2.314, 1.883, 2.554, 3.699, 5.131, 4.996, 4.521, 5.05, 6.219, 6.879, 7.28, 7.295, 8.968, 11.806, 13.208, 13.979, 14.488, 15.103, 15.13, 15.09, 16.059, 17.133, 17.94, 18.388, 18.809, 19.2, 17.735, 14.434, 9.908, 8.035, 8.535, 7.052, 2.193, 4.027, 4.41, 2.362, 2.705, 4.99, 5.541, 4.972, 5.034, 5.293, 4.714, 4.193, 3.996, 5.345, 8.547, 11.607, 12.883, 12.712, 12.453, 12.759, 13.893, 14.384, 15.117, 15.633, 15.541, 15.777, 16.57, 17.739, 18.877, 20.305, 21.408, 21.482, 21.463, 21.682, 22.13, 22.483, 22.677, 22.643, 22.821, 23.317, 23.905, 24.033, 23.635, 23.359, 23.718, 23.994, 23.572, 22.493, 21.209, 19.766, 19.003, 18.008, 17.088, 16.96, 17.659, 17.745, 16.387, 14.081, 12.96, 14.002, 13.992], [13.023, 13.663, 13.119, 12.516, 13.257, 15.317, 17.07, 15.895, 9.777, 5.636, 8.623, 10.585, 10.107, 10.669, 12.594, 14.354, 15.557, 16.705, 18.015, 18.2, 16.945, 15.438, 15.0, 14.91, 13.871, 11.739, 10.2, 9.563, 8.526, 6.399, 4.616, 3.46, 2.326, 1.299, 0.0, 1.088, 1.63, 3.109, 4.007, 4.466, 4.446, 4.622, 5.521, 6.011, 6.189, 5.01, 3.725, 2.988, 2.894, 3.327, 3.199, 2.657, 2.13, 1.934, 1.785, 1.814, 2.462, 4.341, 6.881, 8.185, 8.191, 8.459, 8.449, 6.66, 3.256, 1.538, 1.533, 2.542, 3.638, 5.028, 4.935, 4.36, 4.917, 6.14, 6.797, 7.186, 7.434, 9.188, 11.891, 13.185, 13.945, 14.433, 15.029, 15.119, 15.076, 16.09, 17.124, 17.927, 18.359, 18.784, 19.156, 17.7, 14.426, 9.869, 8.025, 8.521, 6.92, 1.903, 4.081, 4.022, 2.042, 2.624, 4.836, 5.496, 5.278, 5.273, 5.132, 4.698, 4.37, 4.25, 5.429, 8.468, 11.636, 12.964, 12.717, 12.365, 12.766, 13.94, 14.236, 15.003, 15.498, 15