[[0.0, 1.233, 4.828, 10.097, 9.62, 3.926, 3.039, 4.308, 3.232, 4.292, 3.747, 2.786, 2.442, 3.391, 3.469, 3.216, 2.289, 2.72, 2.364, 2.118, 2.596, 2.875, 3.039, 2.249, 3.241, 4.476, 5.611, 2.206, 3.122, 3.889, 2.191, 6.08, 8.738, 10.01, 11.777, 13.879, 16.143, 18.874, 17.629, 16.521, 14.816, 13.596, 12.751, 11.687, 10.51, 10.811, 11.26, 12.251, 13.156, 12.232, 11.82, 11.095, 3.33, 2.338, 2.013, 3.327, 4.458, 4.146, 3.034, 3.468, 2.582, 2.287, 2.446, 3.141, 3.618, 3.916, 4.352, 6.645, 7.553, 7.762, 6.747, 6.529, 10.768, 13.577, 12.716, 12.71, 15.028, 15.21, 13.509, 12.238, 12.264, 12.35, 11.579, 12.378, 13.452, 13.556, 14.064, 13.409, 12.296, 12.187, 10.052, 10.178, 9.572, 4.302, 1.964, 4.012, 5.793, 7.15, 9.978, 10.594, 4.891, 4.015, 3.907, 4.327, 3.495, 2.986, 3.541], [1.233, 0.0, 4.428, 9.835, 9.356, 3.74, 3.29, 4.108, 2.946, 4.004, 3.468, 2.087, 1.866, 2.902, 2.933, 2.825, 1.935, 2.516, 2.467, 2.134, 2.532, 2.627, 2.63, 1.93, 3.641, 4.552, 5.359, 2.658, 3.193, 3.724, 2.134, 5.537, 8.682, 10.288, 11.956, 14.159, 16.41, 19.069, 17.838, 16.533, 14.779, 13.535, 12.762, 11.611, 10.477, 11.052, 11.098, 12.271, 13.343, 12.389, 12.034, 11.288, 3.316, 2.224, 2.378, 3.262, 4.515, 3.644, 2.487, 3.016, 2.207, 1.897, 2.142, 2.715, 3.42, 3.868, 3.94, 6.219, 7.135, 7.465, 6.283, 6.09, 10.27, 13.171, 12.191, 12.212, 14.567, 14.844, 13.361, 12.056, 12.204, 12.243, 11.399, 12.54, 13.621, 13.591, 14.124, 13.509, 12.401, 12.326, 10.055, 10.014, 9.608, 3.995, 1.485, 3.592, 5.532, 6.918, 9.755, 10.357, 4.603, 3.903, 3.466, 3.78, 3.052, 2.722, 3.281], [4.828, 4.428, 0.0, 5.57, 5.531, 2.044, 2.848, 2.291, 2.484, 2.321, 1.937, 4.716, 3.795, 3.536, 3.434, 3.123, 4.058, 3.433, 3.284, 5.224, 6.492, 6.147, 4.365, 4.547, 5.556, 4.186, 2.804, 3.562, 3.302, 2.802, 3.829, 7.61, 12.35, 14.235, 15.775, 18.315, 20.656, 23.347, 22.074, 20.67, 18.677, 17.259, 16.493, 15.353, 14.471, 14.987, 14.988, 16.302, 17.352, 16.517, 16.205, 15.506, 7.051, 2.814, 6.291, 7.029, 8.36, 6.411, 4.663, 2.829, 3.479, 5.137, 4.575, 4.125, 3.81, 3.548, 5.525, 6.821, 9.946, 10.927, 9.31, 9.09, 13.381, 16.336, 14.903, 14.304, 17.143, 18.021, 16.957, 15.648, 16.076, 16.064, 15.349, 16.627, 17.618, 17.327, 17.866, 17.216, 16.144, 16.179, 14.002, 13.487, 13.447, 7.562, 4.489, 1.946, 1.76, 2.603, 5.41, 6.05, 1.724, 3.213, 4.841, 5.939, 4.778, 2.909, 2.285], [10.097, 9.835, 5.57, 0.0, 1.695, 6.42, 7.29, 5.976, 7.041, 5.96, 6.48, 9.667, 8.673, 8.152, 7.662, 7.569, 8.93, 7.697, 8.091, 10.216, 11.485, 10.982, 8.707, 9.022, 8.737, 6.112, 4.78, 8.577, 7.913, 6.391, 8.982, 12.391, 17.568, 19.696, 21.127, 23.763, 26.007, 28.777, 27.484, 26.041, 24.046, 22.557, 21.984, 20.715, 19.907, 20.344, 20.306, 21.716, 22.777, 21.894, 21.633, 20.929, 12.439, 7.944, 11.546, 12.388, 13.649, 11.461, 9.649, 7.422, 8.766, 10.538, 9.842, 9.404, 8.742, 8.384, 10.508, 11.317, 15.11, 15.929, 14.622, 14.55, 18.591, 21.662, 20.048, 19.143, 22.255, 23.106, 22.341, 20.943, 21.403, 21.394, 20.761, 22.064, 23.11, 22.74, 23.133, 22.486, 21.507, 21.577, 19.401, 18.776, 18.937, 13.048, 9.796, 6.652, 4.828, 3.441, 1.677, 1.183, 5.836, 7.172, 9.364, 10.588, 9.546, 7.595, 6.916], [9.62, 9.356, 5.531, 1.695, 0.0, 5.835, 6.75, 5.426, 6.547, 6.004, 5.937, 9.161, 8.189, 8.02, 7.743, 7.299, 8.379, 7.143, 7.543, 9.676, 10.946, 10.438, 8.233, 8.477, 8.229, 5.776, 4.244, 8.099, 7.3, 5.852, 8.426, 12.452, 17.02, 19.187, 20.615, 23.282, 25.535, 28.294, 26.991, 25.567, 23.571, 22.078, 21.457, 20.22, 19.43, 19.844, 19.825, 21.235, 22.289, 21.416, 21.153, 20.448, 11.929, 7.522, 11.045, 11.865, 13.12, 11.002, 9.43, 7.213, 8.277, 10.041, 9.354, 8.967, 8.387, 8.417, 10.535, 11.489, 14.668, 15.57, 14.149, 14.083, 18.165, 21.256, 19.845, 19.34, 22.054, 22.787, 21.797, 20.475, 20.925, 20.936, 20.28, 21.585, 22.617, 22.188, 22.637, 22.0, 20.973, 21.078, 18.895, 18.26, 18.4, 12.535, 9.272, 6.59, 5.319, 3.774, 1.888, 1.909, 6.327, 7.851, 9.815, 10.575, 9.414, 7.473, 6.431], [3.926, 3.74, 2.044, 6.42, 5.835, 0.0, 1.512, 1.23, 2.24, 3.349, 2.306, 4.103, 3.428, 3.398, 3.433, 2.943, 2.937, 2.125, 2.061, 4.024, 5.31, 5.024, 3.597, 3.394, 4.008, 2.701, 2.331, 2.563, 2.097, 1.464, 3.239, 7.97, 11.587, 13.497, 14.911, 17.588, 19.92, 22.632, 21.346, 19.996, 17.981, 16.541, 15.843, 14.665, 13.749, 14.175, 14.237, 15.542, 16.596, 15.722, 15.469, 14.804, 6.297, 2.488, 5.351, 6.144, 7.478, 6.06, 4.599, 3.637, 3.446, 4.584, 4.152, 4.359, 4.297, 4.231, 6.011, 7.879, 9.831, 10.334, 9.124, 8.998, 13.077, 16.267, 14.932, 14.914, 17.314, 17.823, 16.271, 15.143, 15.392, 15.484, 14.781, 15.897, 16.886, 16.586, 17.106, 16.423, 15.258, 15.363, 13.254, 12.966, 12.704, 7.128, 4.022, 2.771, 2.868, 3.579, 6.324, 7.016, 2.388, 4.658, 5.403, 6.021, 4.925, 2.892, 1.744], [3.039, 3.29, 2.848, 7.29, 6.75, 1.512, 0.0, 1.529, 2.523, 3.764, 2.835, 4.046, 3.519, 3.714, 3.767, 3.331, 2.598, 1.905, 1.369, 3.228, 4.337, 4.12, 3.465, 2.796, 3.154, 2.551, 2.811, 1.787, 2.262, 1.548, 3.251, 8.418, 11.267, 12.666, 14.328, 16.64, 18.997, 21.752, 20.468, 19.288, 17.4, 16.144, 15.344, 14.256, 13.169, 13.43, 13.815, 14.828, 15.765, 14.898, 14.528, 13.893, 5.942, 2.922, 4.454, 5.706, 6.932, 6.361, 4.931, 4.445, 3.953, 4.518, 4.453, 4.962, 4.583, 5.08, 6.571, 8.723, 9.978, 10.259, 9.111, 8.974, 13.143, 16.09, 15.07, 15.092, 17.443, 17.721, 16.063, 14.798, 14.817, 14.917, 14.197, 15.018, 16.145, 16.075, 16.609, 15.966, 14.821, 14.732, 12.637, 12.728, 12.165, 6.913, 4.145, 3.581, 3.623, 4.541, 7.303, 7.899, 3.243, 5.46, 5.991, 6.438, 5.562, 3.552, 2.156], [4.308, 4.108, 2.291, 5.976, 5.426, 1.23, 1.529, 0.0, 2.127, 3.486, 2.424, 4.168, 3.57, 3.841, 3.797, 3.281, 3.127, 2.048, 2.399, 4.427, 5.629, 5.248, 3.492, 3.371, 3.901, 2.509, 1.698, 2.79, 2.543, 1.381, 3.759, 8.568, 12.268, 14.069, 15.606, 18.01, 20.282, 23.061, 21.77, 20.357, 18.464, 17.143, 16.438, 15.25, 14.274, 14.728, 14.738, 16.015, 17.08, 16.173, 15.846, 15.166, 6.807, 2.841, 5.728, 6.799, 8.098, 6.578, 4.913, 4.154, 3.883, 5.046, 4.428, 4.746, 4.369, 4.935, 6.514, 8.553, 10.301, 10.938, 9.354, 9.332, 13.446, 16.517, 15.282, 15.29, 17.647, 18.212, 16.918, 15.629, 15.852, 15.862, 15.132, 16.348, 17.397, 17.174, 17.712, 17.042, 15.977, 16.024, 13.692, 13.54, 13.314, 7.666, 4.444, 3.382, 3.11, 3.222, 5.957, 6.57, 3.003, 5.173, 5.981, 6.581, 5.556, 3.549, 2.004], [3.232, 2.946, 2.484, 7.041, 6.547, 2.24, 2.523, 2.127, 0.0, 1.79, 1.185, 2.896, 2.102, 2.445, 2.442, 1.876, 2.159, 1.616, 2.004, 3.34, 4.515, 4.154, 2.264, 2.425, 3.713, 3.614, 3.064, 2.866, 3.128, 2.415, 2.676, 7.055, 11.097, 12.988, 14.553, 16.905, 19.188, 21.946, 20.649, 19.229, 17.326, 16.029, 15.31, 14.086, 13.123, 13.636, 13.578, 14.978, 16.039, 15.092, 14.816, 14.072, 5.768, 1.622, 4.646, 5.777, 7.053, 5.264, 3.524, 2.423, 2.614, 3.91, 3.21, 3.096, 3.542, 3.476, 5.003, 6.694, 9.005, 9.674, 8.027, 8.12, 12.161, 15.177, 13.911, 13.762, 16.262, 16.906, 15.809, 14.427, 14.708, 14.687, 13.987, 15.251, 16.363, 16.137, 16.601, 15.996, 14.98, 14.975, 12.645, 12.332, 12.275, 6.505, 3.312, 2.042, 3.283, 4.223, 7.019, 7.635, 2.792, 3.338, 4.382, 5.068, 4.005, 2.098, 1.707], [4.292, 4.004, 2.321, 5.96, 6.004, 3.349, 3.764, 3.486, 1.79, 0.0, 1.417, 3.956, 3.008, 3.073, 3.024, 2.493, 3.483, 3.085, 3.13, 4.363, 5.583, 5.191, 3.361, 3.643, 5.282, 5.126, 4.141, 4.181, 4.349, 3.823, 3.553, 7.342, 11.982, 13.956, 15.452, 17.948, 20.234, 22.981, 21.692, 20.261, 18.319, 16.924, 16.308, 15.029, 14.13, 14.543, 14.505, 15.959, 17.066, 16.153, 15.875, 15.12, 6.749, 2.325, 5.705, 6.708, 7.951, 5.965, 4.19, 2.201, 3.263, 4.813, 4.107, 3.787, 3.846, 3.544, 5.247, 6.258, 9.572, 10.5, 8.842, 8.854, 12.967, 15.915, 14.534, 13.937, 16.801, 17.616, 16.723, 15.277, 15.663, 15.675, 15.014, 16.285, 17.378, 17.055, 17.503, 16.896, 15.879, 15.879, 13.666, 13.171, 13.26, 7.358, 4.134, 1.989, 2.655, 3.551, 6.022, 6.572, 2.745, 2.449, 4.454, 5.492, 4.275, 2.503, 2.805], [3.747, 3.468, 1.937, 6.48, 5.937, 2.306, 2.835, 2.424, 1.185, 1.417, 0.0, 3.416, 2.524, 2.578, 2.657, 2.069, 2.715, 2.129, 2.327, 3.88, 5.164, 4.779, 2.831, 3.097, 4.527, 3.988, 3.206, 3.293, 3.218, 2.77, 2.853, 7.128, 11.423, 13.331, 14.846, 17.389, 19.694, 22.42, 21.141, 19.705, 17.714, 16.31, 15.612, 14.401, 13.534, 14.02, 13.957, 15.345, 16.394, 15.52, 15.262, 14.556, 6.057, 1.764, 5.15, 6.019, 7.372, 5.436, 3.697, 2.025, 2.595, 4.143, 3.515, 3.306, 3.538, 3.292, 5.114, 6.385, 9.113, 9.952, 8.36, 8.238, 12.436, 15.431, 14.093, 13.968, 16.42, 17.124, 16.067, 14.718, 15.08, 15.083, 14.409, 15.704, 16.706, 16.419, 16.933, 16.266, 15.211, 15.262, 13.021, 12.589, 12.552, 6.683, 3.504, 1.587, 2.683, 3.623, 6.436, 7.047, 2.573, 2.86, 4.489, 5.18, 4.038, 2.114, 1.796], [2.786, 2.087, 4.716, 9.667, 9.161, 4.103, 4.046, 4.168, 2.896, 3.956, 3.416, 0.0, 1.463, 2.225, 2.848, 2.228, 1.939, 2.853, 3.082, 2.131, 2.208, 2.024, 1.679, 1.906, 3.655, 4.979, 5.192, 3.471, 4.362, 4.082, 2.65, 4.891, 8.779, 10.494, 12.119, 14.344, 16.512, 19.283, 18.049, 16.626, 14.908, 13.642, 12.866, 11.71, 10.617, 11.18, 11.166, 12.47, 13.544, 12.58, 12.202, 11.408, 3.401, 2.77, 2.674, 3.403, 4.616, 3.3, 2.435, 3.524, 3.176, 2.578, 2.94, 3.648, 4.453, 4.869, 3.874, 6.016, 6.722, 7.438, 5.98, 5.758, 9.852, 12.782, 11.715, 11.615, 14.043, 14.619, 13.453, 12.118, 12.322, 12.32, 11.481, 12.726, 13.851, 13.716, 14.233, 13.617, 12.547, 12.509, 10.184, 10.016, 9.79, 4.177, 2.377, 4.06, 5.796, 6.85, 9.645, 10.247, 4.691, 4.608, 3.195, 2.957, 2.861, 3.149, 3.722], [2.442, 1.866, 3.795, 8.673, 8.189, 3.428, 3.519, 3.57, 2.102, 3.008, 2.524, 1.463, 0.0, 1.714, 1.878, 1.353, 1.623, 2.433, 2.493, 2.071, 2.958, 2.684, 1.287, 1.784, 3.695, 4.456, 4.373, 3.077, 3.605, 3.405, 1.928, 5.121, 9.247, 11.172, 12.731, 15.156, 17.435, 20.192, 18.905, 17.47, 15.537, 14.204, 13.53, 12.26, 11.366, 11.847, 11.79, 13.162, 14.266, 13.355, 13.036, 12.32, 3.962, 1.937, 3.002, 3.971, 5.256, 3.5, 2.424, 2.672, 2.345, 2.474, 2.421, 2.928, 3.627, 3.638, 3.687, 5.901, 7.073, 7.802, 6.367, 6.187, 10.289, 13.271, 12.013, 11.835, 14.332, 14.957, 13.976, 12.54, 12.89, 12.87, 12.182, 13.474, 14.582, 14.316, 14.779, 14.176, 13.157, 13.154, 10.868, 10.444, 10.48, 4.633, 1.986, 2.975, 4.699, 5.827, 8.638, 9.238, 3.645, 3.434, 2.922, 3.218, 2.43, 2.069, 2.783], [3.391, 2.902, 3.536, 8.152, 8.02, 3.398, 3.714, 3.841, 2.445, 3.073, 2.578, 2.225, 1.714, 0.0, 1.219, 1.116, 2.222, 2.729, 2.92, 2.965, 3.888, 3.616, 1.627, 2.534, 3.843, 4.732, 4.565, 3.201, 3.539, 3.573, 1.952, 4.847, 9.574, 11.687, 13.122, 15.726, 17.985, 20.742, 19.438, 18.002, 16.028, 14.572, 14.035, 12.745, 11.879, 12.272, 12.254, 13.728, 14.822, 13.909, 13.644, 12.896, 4.505, 2.295, 3.58, 4.423, 5.585, 3.5, 2.628, 2.82, 3.108, 3.261, 3.298, 3.735, 4.286, 3.526, 3.704, 5.678, 7.136, 8.04, 6.749, 6.635, 10.61, 13.727, 12.137, 11.694, 14.501, 15.164, 14.361, 12.948, 13.389, 13.41, 12.769, 14.052, 15.134, 14.736, 15.097, 14.529, 13.545, 13.6, 11.407, 10.756, 10.987, 5.36, 2.781, 2.474, 3.937, 5.233, 8.07, 8.715, 3.002, 3.356, 2.827, 2.885, 2.283, 1.765, 2.651], [3.469, 2.933, 3.434, 7.662, 7.743, 3.433, 3.767, 3.797, 2.442, 3.024, 2.657, 2.848, 1.878, 1.219, 0.0, 1.208, 2.383, 2.676, 3.1, 3.336, 4.564, 4.225, 2.125, 2.88, 4.007, 4.671, 4.374, 3.299, 3.462, 3.503, 2.149, 5.173, 10.204, 12.292, 13.763, 16.312, 18.544, 21.313, 20.017, 18.58, 16.615, 15.177, 14.637, 13.354, 12.486, 12.902, 12.871, 14.346, 15.443, 14.533, 14.22, 13.475, 5.101, 2.51, 4.165, 5.11, 6.268, 4.221, 3.109, 2.842, 3.101, 3.516, 3.38, 3.684, 4.091, 3.236, 3.926, 5.698, 7.71, 8.583, 7.291, 7.167, 11.163, 14.23, 12.67, 11.995, 14.991, 15.727, 14.991, 13.554, 13.981, 13.985, 13.342, 14.628, 15.726, 15.369, 15.697, 15.117, 14.175, 14.209, 11.994, 11.378, 11.587, 5.694, 2.799, 2.075, 3.382, 4.603, 7.391, 8.103, 2.572, 3.02, 2.774, 3.234, 2.531, 1.501, 2.624], [3.216, 2.825, 3.123, 7.569, 7.299, 2.943, 3.331, 3.281, 1.876, 2.493, 2.069, 2.228, 1.353, 1.116, 1.208, 0.0, 1.874, 2.147, 2.54, 2.873, 4.043, 3.623, 1.533, 2.178, 3.596, 4.219, 3.859, 3.078, 3.535, 3.09, 2.059, 5.475, 10.116, 12.207, 13.645, 16.248, 18.506, 21.267, 19.97, 18.531, 16.551, 15.117, 14.553, 13.266, 12.406, 12.825, 12.799, 14.236, 15.317, 14.408, 14.14, 13.417, 4.996, 2.079, 4.025, 4.952, 6.159, 4.055, 2.767, 2.621, 2.787, 3.279, 3.092, 3.402, 3.935, 3.358, 3.803, 5.835, 7.717, 8.616, 7.156, 7.105, 11.124, 14.238, 12.682, 12.267, 14.973, 15.722, 14.912, 13.476, 13.899, 13.918, 13.264, 14.555, 15.627, 15.28, 15.663, 15.051, 14.06, 14.121, 11.913, 11.311, 11.507, 5.618, 2.714, 2.126, 3.703, 4.679, 7.512, 8.135, 2.638, 3.225, 2.922, 3.592, 2.527, 1.604, 2.218], [2.289, 1.935, 4.058, 8.93, 8.379, 2.937, 2.598, 3.127, 2.159, 3.483, 2.715, 1.939, 1.623, 2.222, 2.383, 1.874, 0.0, 1.407, 1.814, 1.673, 2.739, 2.474, 1.422, 1.217, 2.453, 3.51, 4.28, 2.236, 2.716, 2.769, 1.846, 6.297, 9.517, 11.272, 12.891, 15.189, 17.42, 20.166, 18.889, 17.52, 15.694, 14.374, 13.509, 12.456, 11.424, 12.005, 11.978, 13.216, 14.282, 13.326, 12.96, 12.294, 3.974, 2.394, 2.886, 4.003, 5.378, 4.363, 3.382, 3.748, 3.379, 2.858, 3.192, 4.043, 4.8, 4.555, 4.854, 7.2, 7.754, 8.18, 7.323, 6.736, 11.014, 13.968, 13.015, 12.984, 15.196, 15.608, 14.11, 12.84, 13.112, 13.068, 12.302, 13.511, 14.552, 14.452, 15.0, 14.329, 13.258, 13.271, 10.951, 10.776, 10.448, 4.86, 2.524, 3.294, 5.073, 6.039, 8.89, 9.512, 3.924, 4.496, 4.187, 4.464, 3.679, 2.678, 2.733], [2.72, 2.516, 3.433, 7.697, 7.143, 2.125, 1.905, 2.048, 1.616, 3.085, 2.129, 2.853, 2.433, 2.729, 2.676, 2.147, 1.407, 0.0, 1.324, 2.792, 3.93, 3.52, 2.208, 1.656, 2.453, 2.536, 3.204, 2.205, 2.532, 1.849, 2.376, 7.373, 10.681, 12.43, 14.046, 16.358, 18.633, 21.393, 20.097, 18.696, 16.857, 15.547, 14.713, 13.635, 12.606, 13.16, 13.151, 14.375, 15.441, 14.516, 14.173, 13.512, 5.199, 2.146, 4.062, 5.163, 6.533, 5.269, 3.85, 3.661, 3.185, 3.5, 3.393, 4.056, 4.547, 4.348, 5.433, 7.644, 8.941, 9.377, 8.112, 7.931, 12.126, 15.136, 14.041, 14.088, 16.37, 16.8, 15.315, 14.031, 14.298, 14.251, 13.46, 14.7, 15.742, 15.615, 16.166, 15.498, 14.413, 14.427, 12.072, 11.944, 11.64, 6.05, 3.114, 2.839, 4.432, 4.976, 7.714, 8.291, 3.381, 4.454, 4.877, 5.398, 4.435, 2.689, 1.959], [2.364, 2.467, 3.284, 8.091, 7.543, 2.061, 1.369, 2.399, 2.004, 3.13, 2.327, 3.082, 2.493, 2.92, 3.1, 2.54, 1.814, 1.324, 0.0, 2.382, 3.604, 3.317, 2.45, 1.787, 2.722, 2.625, 3.653, 1.819, 2.264, 2.079, 2.327, 7.346, 10.365, 11.892, 13.51, 15.932, 18.306, 21.053, 19.744, 18.477, 16.528, 15.231, 14.455, 13.314, 12.277, 12.658, 12.932, 14.024, 14.974, 14.1, 13.812, 13.186, 4.967, 2.187, 3.753, 4.812, 6.114, 5.307, 4.046, 3.667, 3.153, 3.594, 3.649, 4.116, 4.469, 4.232, 5.615, 7.84, 8.947, 9.274, 8.211, 7.962, 12.139, 15.168, 14.023, 14.097, 16.395, 16.768, 15.098, 13.898, 13.951, 14.057, 13.365, 14.284, 15.332, 15.221, 15.756, 15.093, 13.944, 13.929, 11.753, 11.814, 11.275, 5.959, 3.193, 2.97, 4.363, 5.401, 8.122, 8.72, 3.291, 4.608, 5.048, 5.391, 4.555, 2.637, 2.011], [2.118, 2.134, 5.224, 10.216, 9.676, 4.024, 3.228, 4.427, 3.34, 4.363, 3.88, 2.131, 2.071, 2.965, 3.336, 2.873, 1.673, 2.792, 2.382, 0.0, 1.504, 1.391, 2.056, 1.679, 2.521, 4.501, 5.727, 2.366, 3.329, 3.984, 2.452, 6.149, 8.303, 9.746, 11.448, 13.772, 16.127, 18.82, 17.573, 16.322, 14.38, 13.174, 12.376, 11.284, 10.413, 10.672, 11.232, 11.941, 12.853, 11.888, 11.681, 11.012, 3.353, 3.194, 1.905, 3.293, 4.161, 4.464, 3.526, 4.25, 3.903, 2.965, 3.617, 4.53, 5.367, 5.367, 5.037, 7.325, 7.641, 7.691, 7.36, 6.706, 10.866, 13.652, 12.949, 12.827, 15.083, 15.131, 13.346, 11.798, 11.882, 12.02, 11.276, 12.09, 13.115, 13.167, 13.688, 13.072, 11.953, 11.894, 9.675, 9.684, 9.168, 4.257, 2.894, 4.529, 6.224, 7.436, 10.212, 10.827, 5.14, 5.142, 4.324, 4.428, 3.899, 3.566, 3.936], [2.596, 2.532, 6.492, 11.485, 10.946, 5.31, 4.337, 5.629, 4.515, 5.583, 5.164, 2.208, 2.958, 3.888, 4.564, 4.043, 2.739, 3.93, 3.604, 1.504, 0.0, 0.946, 2.88, 2.752, 3.264, 5.737, 6.916, 3.286, 4.571, 5.2, 3.45, 5.494, 7.324, 8.675, 10.364, 12.577, 14.864, 17.602, 16.363, 15.207, 13.406, 12.22, 11.327, 10.364, 9.525, 9.559, 10.322, 10.9, 11.797, 10.906, 10.506, 9.755, 2.626, 4.242, 1.733, 2.728, 3.259, 4.011, 3.278, 4.998, 4.256, 3.047, 3.828, 4.532, 5.629, 6.177, 4.775, 6.995, 7.079, 7.06, 6.775, 6.188, 10.199, 12.96, 12.404, 12.178, 14.365, 14.462, 12.472, 10.949, 10.847, 11.062, 10.259, 10.964, 12.122, 12.094, 12.633, 11.971, 10.945, 10.818, 8.765, 8.808, 8.191, 3.616, 3.253, 5.828, 7.491, 8.699, 11.478, 12.092, 6.431, 5.985, 4.229, 3.874, 3.875, 4.83, 5.226], [2.875, 2.627, 6.147, 10.982, 10.438, 5.024, 4.12, 5.248, 4.154, 5.191, 4.779, 2.024, 2.684, 3.616, 4.225, 3.623, 2.474, 3.52, 3.317, 1.391, 0.946, 0.0, 2.506, 2.317, 3.073, 5.425, 6.486, 3.224, 4.306, 4.786, 3.324, 5.762, 7.485, 9.125, 10.731, 13.002, 15.299, 18.056, 16.859, 15.483, 13.617, 12.391, 11.621, 10.525, 9.801, 9.942, 10.48, 11.277, 12.184, 11.359, 10.938, 10.168, 3.118, 4.022, 2.198, 3.146, 3.696, 4.303, 3.448, 4.853, 4.341, 3.176, 3.954, 4.698, 5.71, 6.177, 4.934, 7.226, 7.413, 7.394, 7.092, 6.518, 10.483, 13.223, 12.735, 12.496, 14.526, 14.727, 12.613, 11.053, 11.015, 11.192, 10.435, 11.401, 12.53, 12.361, 12.917, 12.317, 11.269, 11.197, 9.069, 8.924, 8.511, 3.82, 3.235, 5.473, 7.19, 8.256, 11.011, 11.593, 6.038, 5.916, 4.31, 4.2, 3.987, 4.548, 4.841], [3.039, 2.63, 4.365, 8.707, 8.233, 3.597, 3.465, 3.492, 2.264, 3.361, 2.831, 1.679, 1.287, 1.627, 2.125, 1.533, 1.422, 2.208, 2.45, 2.056, 2.88, 2.506, 0.0, 1.611, 2.94, 4.057, 4.46, 3.243, 3.531, 3.115, 2.032, 5.38, 9.261, 11.268, 12.775, 15.268, 17.549, 20.309, 19.01, 17.565, 15.629, 14.221, 13.602, 12.324, 11.471, 11.912, 11.857, 13.233, 14.332, 13.419, 13.141, 12.441, 4.037, 2.525, 3.057, 4.055, 5.269, 3.718, 2.875, 3.522, 3.295, 3.102, 3.293, 3.875, 4.614, 4.481, 4.336, 6.572, 7.083, 7.762, 6.769, 6.333, 10.395, 13.435, 12.233, 12.062, 14.402, 14.984, 14.005, 12.551, 12.963, 12.93, 12.271, 13.579, 14.661, 14.36, 14.815, 14.178, 13.179, 13.2, 10.932, 10.45, 10.553, 4.829, 2.71, 3.333, 5.103, 5.958, 8.694, 9.303, 3.977, 4.236, 3.621, 3.589, 3.073, 2.67, 2.864], [2.249, 1.93, 4.547, 9.022, 8.477, 3.394, 2.796, 3.371, 2.425, 3.643, 3.097, 1.906, 1.784, 2.534, 2.88, 2.178, 1.217, 1.656, 1.787, 1.679, 2.752, 2.317, 1.611, 0.0, 2.29, 3.364, 4.598, 2.557, 3.364, 2.992, 2.327, 6.555, 9.732, 11.332, 13.001, 15.207, 17.511, 20.236, 18.971, 17.587, 15.831, 14.584, 13.819, 12.66, 11.529, 12.074, 12.11, 13.306, 14.377, 13.435, 13.161, 12.379, 4.289, 2.673, 3.031, 4.166, 5.52, 4.587, 3.45, 3.978, 3.585, 2.873, 3.359, 4.252, 4.904, 4.961, 4.977, 7.259, 8.077, 8.439, 7.312, 7.074, 11.269, 14.185, 13.225, 13.218, 15.544, 15.864, 14.412, 13.099, 13.257, 13.285, 12.462, 13.607, 14.69, 14.632, 15.162, 14.548, 13.449, 13.368, 11.07, 11.007, 10.653, 5.018, 2.768, 3.844, 5.567, 6.465, 9.105, 9.634, 4.396, 4.809, 4.305, 4.623, 3.873, 3.052, 3.101], [3.241, 3.641, 5.556, 8.737, 8.229, 4.008, 3.154, 3.901, 3.713, 5.282, 4.527, 3.655, 3.695, 3.843, 4.007, 3.596, 2.453, 2.453, 2.722, 2.521, 3.264, 3.073, 2.94, 2.29, 0.0, 2.81, 4.538, 2.518, 3.255, 3.153, 3.622, 8.234, 10.461, 11.784, 13.504, 15.64, 17.87, 20.578, 19.349, 18.25, 16.542, 15.344, 14.47, 13.443, 12.412, 12.584, 13.223, 13.966, 14.847, 13.913, 13.542, 12.786, 5.297, 4.461, 3.572, 5.249, 6.16, 6.405, 5.386, 5.931, 5.516, 4.967, 5.47, 6.253, 6.765, 6.615, 6.911, 9.22, 9.662, 9.733, 9.186, 8.704, 12.94, 15.703, 14.979, 14.878, 17.13, 17.209, 15.406, 13.995, 13.989, 14.107, 13.338, 14.103, 15.16, 15.272, 15.786, 15.147, 14.016, 13.914, 11.814, 11.928, 11.297, 6.419, 4.815, 5.211, 6.638, 6.756, 9.076, 9.401, 5.568, 6.714, 6.268, 6.447, 5.793, 4.785, 4.292], [4.476, 4.552, 4.186, 6.112, 5.776, 2.701, 2.551, 2.509, 3.614, 5.126, 3.988, 4.979, 4.456, 4.732, 4.671, 4.219, 3.51, 2.536, 2.625, 4.501, 5.737, 5.425, 4.057, 3.364, 2.81, 0.0, 2.722, 3.118, 3.004, 2.137, 4.208, 9.237, 12.502, 14.025, 15.65, 18.143, 20.494, 23.21, 21.92, 20.631, 18.685, 17.383, 16.559, 15.439, 14.41, 14.859, 15.019, 16.161, 17.118, 16.242, 16.002, 15.368, 6.964, 4.256, 5.925, 6.865, 8.255, 7.239, 5.941, 5.679, 5.18, 5.533, 5.587, 6.129, 6.488, 6.231, 7.47, 9.684, 10.822, 11.262, 10.201, 9.869, 14.071, 17.116, 15.969, 16.045, 18.316, 18.71, 17.165, 16.012, 16.138, 16.23, 15.525, 16.45, 17.443, 17.351, 17.904, 17.218, 16.063, 16.037, 13.892, 13.895, 13.343, 7.904, 5.15, 4.646, 5.292, 4.927, 6.867, 7.078, 4.45, 6.529, 6.989, 7.294, 6.473, 4.655, 3.475], [5.611, 5.359, 2.804, 4.78, 4.244, 2.331, 2.811, 1.698, 3.064, 4.141, 3.206, 5.192, 4.373, 4.565, 4.374, 3.859, 4.28, 3.204, 3.653, 5.727, 6.916, 6.486, 4.46, 4.598, 4.538, 2.722, 0.0, 4.187, 3.636, 2.073, 4.796, 9.163, 13.53, 15.324, 16.947, 19.324, 21.634, 24.336, 23.088, 21.655, 19.769, 18.411, 17.577, 16.48, 15.529, 16.062, 16.009, 17.268, 18.374, 17.471, 17.18, 16.486, 7.983, 3.8, 7.062, 8.033, 9.435, 7.441, 5.902, 4.746, 4.513, 6.099, 5.466, 5.556, 5.018, 5.613, 7.127, 9.198, 11.181, 11.951, 10.309, 10.165, 14.485, 17.433, 16.161, 15.932, 18.379, 19.186, 18.082, 16.7, 17.139, 17.078, 16.344, 17.631, 18.663, 18.511, 19.035, 18.374, 17.313, 17.325, 15.012, 14.572, 14.52, 8.646, 5.541, 4.015, 3.566, 2.79, 4.853, 5.36, 3.593, 5.747, 6.587, 7.237, 6.081, 4.229, 3.064], [2.206, 2.658, 3.562, 8.577, 8.099, 2.563, 1.787, 2.79, 2.866, 4.181, 3.293, 3.471, 3.077, 3.201, 3.299, 3.078, 2.236, 2.205, 1.819, 2.366, 3.286, 3.224, 3.243, 2.557, 2.518, 3.118, 4.187, 0.0, 1.912, 2.581, 2.415, 7.648, 9.93, 11.416, 13.028, 15.284, 17.564, 20.364, 19.113, 17.827, 16.021, 14.821, 13.985, 12.926, 12.041, 12.128, 12.777, 13.581, 14.517, 13.619, 13.187, 12.445, 4.887, 2.93, 3.208, 4.756, 5.673, 5.629, 4.4, 4.496, 3.899, 3.893, 4.153, 4.806, 4.99, 4.998, 5.932, 8.214, 9.107, 9.272, 8.319, 8.15, 12.361, 15.16, 14.297, 14.311, 16.625, 16.719, 14.938, 13.483, 13.456, 13.595, 12.851, 13.718, 14.877, 14.734, 15.253, 14.597, 13.535, 13.495, 11.376, 11.404, 10.893, 5.983, 3.546, 3.741, 4.679, 5.76, 8.539, 9.157, 3.718, 5.253, 5.27, 5.695, 4.868, 3.394, 2.745], [3.122, 3.193, 3.302, 7.913, 7.3, 2.097, 2.262, 2.543, 3.128, 4.349, 3.218, 4.362, 3.605, 3.539, 3.462, 3.535, 2.716, 2.532, 2.264, 3.329, 4.571, 4.306, 3.531, 3.364, 3.255, 3.004, 3.636, 1.912, 0.0, 2.004, 2.381, 7.393, 10.054, 12.117, 13.572, 16.207, 18.483, 21.224, 19.933, 18.57, 16.527, 15.085, 14.389, 13.173, 12.433, 12.799, 12.945, 14.172, 15.226, 14.353, 14.07, 13.373, 4.983, 2.873, 3.992, 4.96, 6.119, 5.373, 4.555, 3.933, 3.555, 4.115, 4.16, 4.517, 4.883, 4.542, 5.985, 8.081, 8.83, 9.007, 8.753, 8.11, 12.293, 15.246, 14.307, 14.281, 16.496, 16.61, 14.779, 13.617, 13.902, 13.958, 13.282, 14.516, 15.511, 15.124, 15.695, 15.035, 13.905, 14.017, 11.841, 11.443, 11.243, 5.862, 3.608, 3.356, 4.272, 5.007, 7.78, 8.487, 3.594, 5.079, 5.555, 5.714, 4.927, 3.085, 2.268], [3.889, 3.724, 2.802, 6.391, 5.852, 1.464, 1.548, 1.381, 2.415, 3.823, 2.77, 4.082, 3.405, 3.573, 3.503, 3.09, 2.769, 1.849, 2.079, 3.984, 5.2, 4.786, 3.115, 2.992, 3.153, 2.137, 2.073, 2.581, 2.004, 0.0, 3.133, 8.207, 11.588, 13.54, 15.018, 17.559, 19.86, 22.609, 21.308, 19.902, 17.922, 16.511, 15.906, 14.659, 13.727, 14.191, 14.153, 15.558, 16.612, 15.726, 15.459, 14.746, 6.357, 2.993, 5.308, 6.295, 7.532, 6.178, 4.842, 4.346, 3.925, 4.648, 4.551, 4.912, 4.708, 4.941, 6.424, 8.592, 9.765, 10.213, 9.107, 8.915, 12.964, 16.039, 14.935, 14.925, 17.259, 17.599, 16.344, 14.954, 15.242, 15.307, 14.621, 15.874, 16.961, 16.645, 17.065, 16.456, 15.45, 15.461, 13.241, 12.834, 12.834, 7.086, 4.104, 3.446, 3.579, 3.719, 6.374, 6.97, 3.103, 5.335, 5.879, 6.253, 5.415, 3.409, 1.978], [2.191, 2.134, 3.829, 8.982, 8.426, 3.239, 3.251, 3.759, 2.676, 3.553, 2.853, 2.65, 1.928, 1.952, 2.149, 2.059, 1.846, 2.376, 2.327, 2.452, 3.45, 3.324, 2.032, 2.327, 3.622, 4.208, 4.796, 2.415, 2.381, 3.133, 0.0, 5.356, 8.74, 10.893, 12.316, 14.985, 17.255, 19.987, 18.687, 17.261, 15.26, 13.805, 13.142, 11.935, 11.142, 11.56, 11.544, 12.978, 14.028, 13.152, 12.866, 12.169, 3.66, 2.017, 2.81, 3.606, 4.873, 3.448, 2.783, 3.013, 2.643, 2.456, 2.821, 3.361, 4.053, 3.444, 4.082, 6.273, 6.762, 7.351, 6.726, 6.176, 10.313, 13.371, 12.246, 12.225, 14.498, 14.693, 13.471, 12.176, 12.612, 12.641, 11.994, 13.305, 14.291, 13.896, 14.356, 13.719, 12.673, 12.775, 10.606, 9.898, 10.088, 4.255, 1.953, 2.899, 4.632, 5.948, 8.776, 9.498, 3.593, 3.724, 3.558, 3.579, 2.848, 2.103, 2.354], [6.08, 5.537, 7.61, 12.391, 12.452, 7.97, 8.418, 8.568, 7.055, 7.342, 7.128, 4.891, 5.121, 4.847, 5.173, 5.475, 6.297, 7.373, 7.346, 6.149, 5.494, 5.762, 5.38, 6.555, 8.234, 9.237, 9.163, 7.648, 7.393, 8.207, 5.356, 0.0, 5.662, 7.863, 9.223, 11.941, 14.154, 16.923, 15.632, 14.216, 12.196, 10.691, 10.097, 8.846, 8.122, 8.571, 8.563, 9.919, 10.962, 10.159, 9.839, 9.138, 3.361, 6.004, 4.818, 3.283, 2.883, 2.673, 3.86, 5.584, 4.994, 4.101, 4.301, 4.378, 5.116, 4.402, 2.956, 2.963, 3.681, 4.416, 4.315, 3.402, 6.853, 9.988, 8.707, 7.804, 10.475, 11.331, 10.372, 9.073, 9.574, 9.565, 8.938, 10.244, 11.254, 10.834, 11.176, 10.579, 9.556, 9.703, 7.618, 6.886, 7.087, 3.277, 4.454, 6.306, 7.902, 9.27, 11.933, 12.974, 6.937, 5.595, 3.605, 2.238, 3.401, 5.45, 7.033], [8.738, 8.682, 12.35, 17.568, 17.02, 11.587, 11.267, 12.268, 11.097, 11.982, 11.423, 8.779, 9.247, 9.574, 10.204, 10.116, 9.517, 10.681, 10.365, 8.303, 7.324, 7.485, 9.261, 9.732, 10.461, 12.502, 13.53, 9.93, 10.054, 11.588, 8.74, 5.662, 0.0, 2.625, 3.808, 6.465, 8.71, 11.472, 10.307, 8.95, 6.818, 5.343, 4.764, 3.687, 3.454, 3.437, 3.971, 4.755, 5.62, 4.884, 4.403, 3.695, 5.91, 10.131, 7.029, 5.717, 4.389, 6.569, 8.106, 10.409, 9.217, 7.522, 8.167, 8.505, 9.296, 9.435, 7.351, 6.854, 3.471, 3.409, 4.144, 4.066, 4.222, 7.174, 6.806, 6.616, 8.17, 8.125, 5.666, 4.199, 4.232, 4.489, 3.827, 4.807, 5.834, 5.353, 5.805, 5.231, 4.278, 4.422, 2.538, 1.964, 1.982, 5.028, 8.08, 11.159, 13.078, 14.507, 17.269, 18.055, 12.146, 10.86, 8.989, 7.477, 8.342, 10.199, 10.754], [10.01, 10.288, 14.235, 19.696, 19.187, 13.497, 12.666, 14.069, 12.988, 13.956, 13.331, 10.494, 11.172, 11.687, 12.292, 12.207, 11.272, 12.43, 11.892, 9.746, 8.675, 9.125, 11.268, 11.332, 11.784, 14.025, 15.324, 11.416, 12.117, 13.54, 10.893, 7.863, 2.625, 0.0, 2.174, 4.407, 6.59, 9.393, 8.284, 7.286, 5.426, 4.198, 3.566, 3.174, 2.656, 2.459, 3.22, 3.393, 3.774, 3.275, 2.861, 2.19, 7.568, 11.975, 8.424, 7.406, 6.141, 8.835, 10.138, 12.594, 11.179, 9.258, 10.052, 10.516, 11.214, 11.621, 9.432, 9.015, 5.236, 4.94, 5.687, 5.417, 5.028, 7.174, 7.034, 7.172, 8.368, 8.051, 5.325, 3.87, 3.167, 3.504, 3.172, 3.134, 4.046, 3.858, 4.349, 3.923, 3.251, 3.344, 2.003, 2.343, 1.849, 6.75, 10.027, 13.273, 15.275, 16.664, 19.505, 20.169, 14.369, 13.032, 11.135, 9.727, 10.575, 12.354, 13.013], [11.777, 11.956, 15.775, 21.127, 20.615, 14.911, 14.328, 15.606, 14.553, 15.452, 14.846, 12.119, 12.731, 13.122, 13.763, 13.645, 12.891, 14.046, 13.51, 11.448, 10.364, 10.731, 12.775, 13.001, 13.504, 15.65, 16.947, 13.028, 13.572, 15.018, 12.316, 9.223, 3.808, 2.174, 0.0, 2.978, 5.071, 7.854, 6.818, 5.617, 4.086, 2.7, 2.243, 2.099, 2.197, 1.789, 2.281, 2.236, 2.492, 2.242, 2.253, 1.677, 9.143, 13.545, 10.085, 8.942, 7.58, 10.253, 11.619, 14.037, 12.673, 10.881, 11.565, 12.065, 12.805, 13.031, 10.877, 10.391, 6.318, 5.607, 6.77, 6.875, 4.552, 6.196, 6.156, 6.253, 7.322, 7.046, 4.192, 3.044, 2.415, 2.657, 2.887, 2.325, 2.752, 2.676, 2.508, 2.397, 2.072, 2.218, 2.229, 2.624, 2.723, 8.361, 11.516, 14.755, 16.68, 18.126, 20.929, 21.631, 15.795, 14.453, 12.55, 11.114, 11.989, 13.73, 14.445], [13.879, 14.159, 18.315, 23.763, 23.282, 17.588, 16.64, 18.01, 16.905, 17.948, 17.389, 14.344, 15.156, 15.726, 16.312, 16.248, 15.189, 16.358, 15.932, 13.772, 12.577, 13.002, 15.268, 15.207, 15.64, 18.143, 19.324, 15.284, 16.207, 17.559, 14.985, 11.941, 6.465, 4.407, 2.978, 0.0, 2.412, 5.162, 3.991, 3.11, 1.99, 1.607, 2.178, 3.397, 4.006, 3.552, 3.5, 2.317, 2.043, 2.231, 2.431, 3.218, 11.593, 15.93, 12.326, 11.518, 10.219, 12.918, 14.176, 16.691, 15.197, 13.316, 14.028, 14.539, 15.062, 15.711, 13.503, 13.11, 8.976, 8.072, 9.159, 9.352, 5.343, 4.625, 5.075, 5.356, 5.7, 5.237, 3.033, 2.989, 2.42, 2.413, 3.127, 1.945, 1.859, 1.904, 1.609, 1.6, 2.413, 2.288, 4.422, 5.241, 5.125, 10.871, 14.107, 17.357, 19.386, 20.754, 23.609, 24.25, 18.469, 17.105, 15.166, 13.826, 14.675, 16.444, 17.112], [16.143, 16.41, 20.656, 26.007, 25.535, 19.92, 18.997, 20.282, 19.188, 20.234, 19.694, 16.512, 17.435, 17.985, 18.544, 18.506, 17.42, 18.633, 18.306, 16.127, 14.864, 15.299, 17.549, 17.511, 17.87, 20.494, 21.634, 17.564, 18.483, 19.86, 17.255, 14.154, 8.71, 6.59, 5.071, 2.412, 0.0, 3.009, 2.357, 1.91, 2.31, 3.537, 4.32, 5.543, 6.274, 5.85, 5.797, 4.513, 3.691, 4.326, 4.524, 5.203, 13.885, 18.225, 14.637, 13.872, 12.555, 15.139, 16.437, 18.915, 17.494, 15.644, 16.331, 16.772, 17.311, 17.917, 15.719, 15.296, 11.203, 10.288, 11.449, 11.636, 7.504, 5.169, 6.248, 7.139, 5.709, 5.173, 4.491, 5.193, 4.655, 4.642, 5.345, 4.099, 3.47, 3.581, 3.102, 3.663, 4.714, 4.598, 6.709, 7.475, 7.426, 13.207, 16.376, 19.576, 21.58, 22.964, 25.815, 26.475, 20.67, 19.321, 17.395, 16.026, 16.879, 18.684, 19.327], [18.874, 19.069, 23.347, 28.777, 28.294, 22.632, 21.752, 23.061, 21.946, 22.981, 22.42, 19.283, 20.192, 20.742, 21.313, 21.267, 20.166, 21.393, 21.053, 18.82, 17.602, 18.056, 20.309, 20.236, 20.578, 23.21, 24.336, 20.364, 21.224, 22.609, 19.987, 16.923, 11.472, 9.393, 7.854, 5.162, 3.009, 0.0, 1.508, 2.783, 4.765, 6.266, 6.977, 8.13, 8.956, 8.622, 8.526, 7.167, 6.143, 7.014, 7.317, 7.987, 16.612, 20.96, 17.42, 16.572, 15.309, 17.908, 19.197, 21.695, 20.215, 18.361, 19.074, 19.551, 20.076, 20.686, 18.495, 18.07, 13.953, 13.065, 14.178, 14.342, 10.258, 7.315, 8.848, 9.816, 7.308, 7.071, 6.907, 7.933, 7.412, 7.402, 8.102, 6.835, 5.942, 6.238, 5.836, 6.436, 7.463, 7.359, 9.446, 10.215, 10.103, 15.867, 19.11, 22.354, 24.35, 25.734, 28.589, 29.245, 23.443, 22.089, 20.165, 18.801, 19.649, 21.434, 22.085], [17.629, 17.838, 22.074, 27.484, 26.991, 21.346, 20.468, 21.77, 20.649, 21.692, 21.141, 18.049, 18.905, 19.438, 20.017, 19.97, 18.889, 20.097, 19.744, 17.573, 16.363, 16.859, 19.01, 18.971, 19.349, 21.92, 23.088, 19.113, 19.933, 21.308, 18.687, 15.632, 10.307, 8.284, 6.818, 3.991, 2.357, 1.508, 0.0, 1.775, 3.594, 5.119, 5.746, 6.889, 7.684, 7.314, 7.238, 5.899, 4.974, 5.776, 6.065, 6.961, 15.338, 19.687, 16.135, 15.288, 14.038, 16.604, 17.914, 20.391, 18.953, 17.074, 17.799, 18.286, 18.817, 19.394, 17.196, 16.775, 12.657, 11.767, 12.895, 13.066, 9.029, 6.138, 7.726, 8.563, 6.274, 6.086, 5.716, 6.724, 6.187, 6.149, 6.857, 5.661, 4.728, 5.144, 4.867, 5.249, 6.206, 6.09, 8.155, 9.1, 8.856, 14.587, 17.818, 21.077, 23.058, 24.441, 27.3, 27.955, 22.147, 20.792, 18.869, 17.503, 18.355, 20.14, 20.802], [16.521, 16.533, 20.67, 26.041, 25.567, 19.996, 19.288, 20.357, 19.229, 20.261, 19.705, 16.626, 17.47, 18.002, 18.58, 18.531, 17.52, 18.696, 18.477, 16.322, 15.207, 15.483, 17.565, 17.587, 18.25, 20.631, 21.655, 17.827, 18.57, 19.902, 17.261, 14.216, 8.95, 7.286, 5.617, 3.11, 1.91, 2.783, 1.775, 0.0, 2.169, 3.671, 4.459, 5.505, 6.324, 6.152, 5.885, 4.631, 3.869, 4.587, 4.983, 5.802, 14.0, 18.235, 14.924, 14.018, 12.782, 15.172, 16.466, 18.958, 17.521, 15.693, 16.383, 16.805, 17.344, 17.963, 15.749, 15.356, 11.238, 10.334, 11.466, 11.651, 7.599, 4.991, 6.411, 7.198, 5.481, 5.128, 4.612, 5.277, 4.849, 4.759, 5.476, 4.476, 3.748, 3.877, 3.526, 3.934, 5.006, 4.962, 6.82, 7.621, 7.623, 13.239, 16.417, 19.606, 21.625, 23.012, 25.858, 26.512, 20.719, 19.359, 17.438, 16.08, 16.933, 18.701, 19.359], [14.816, 14.779, 18.677, 24.046, 23.571, 17.981, 17.4, 18.464, 17.326, 18.319, 17.714, 14.908, 15.537, 16.028, 16.615, 16.551, 15.694, 16.857, 16.528, 14.38, 13.406, 13.617, 15.629, 15.831, 16.542, 18.685, 19.769, 16.021, 16.527, 17.922, 15.26, 12.196, 6.818, 5.426, 4.086, 1.99, 2.31, 4.765, 3.594, 2.169, 0.0, 1.729, 2.674, 3.558, 4.538, 4.282, 3.945, 2.943, 2.752, 3.109, 3.216, 4.519, 12.071, 16.337, 13.112, 11.977, 10.719, 13.184, 14.506, 16.97, 15.574, 13.713, 14.45, 14.886, 15.519, 15.963, 13.791, 13.342, 9.222, 8.353, 9.576, 9.668, 5.64, 3.783, 4.677, 5.413, 4.639, 4.062, 2.889, 3.305, 2.774, 2.823, 3.635, 2.673, 2.658, 2.138, 2.344, 2.136, 2.976, 3.038, 4.944, 5.599, 5.602, 11.268, 14.421, 17.653, 19.625, 21.02, 23.847, 24.515, 18.713, 17.373, 15.464, 14.073, 14.921, 16.693, 17.361], [13.596, 13.535, 17.259, 22.557, 22.078, 16.541, 16.144, 17.143, 16.029, 16.924, 16.31, 13.642, 14.204, 14.572, 15.177, 15.117, 14.374, 15.547, 15.231, 13.174, 12.22, 12.391, 14.221, 14.584, 15.344, 17.383, 18.411, 14.821, 15.085, 16.511, 13.805, 10.691, 5.343, 4.198, 2.7, 1.607, 3.537, 6.266, 5.119, 3.671, 1.729, 0.0, 1.524, 2.383, 3.314, 2.969, 2.565, 1.82, 2.026, 2.209, 2.252, 3.306, 10.755, 15.013, 11.908, 10.613, 9.337, 11.737, 13.073, 15.523, 14.123, 12.375, 13.04, 13.458, 14.211, 14.467, 12.342, 11.844, 7.726, 6.888, 8.226, 8.312, 4.488, 4.243, 4.563, 4.669, 5.415, 4.808, 2.501, 2.238, 1.776, 1.768, 2.761, 1.908, 2.216, 1.638, 1.494, 1.257, 1.755, 1.953, 3.669, 4.076, 4.356, 9.886, 12.984, 16.204, 18.145, 19.524, 22.348, 23.02, 17.219, 15.864, 13.973, 12.57, 13.449, 15.202, 15.895], [12.751, 12.762, 16.493, 21.984, 21.457, 15.843, 15.344, 16.438, 15.31, 16.308, 15.612, 12.866, 13.53, 14.035, 14.637, 14.553, 13.509, 14.713, 14.455, 12.376, 11.327, 11.621, 13.602, 13.819, 14.47, 16.559, 17.577, 13.985, 14.389, 15.906, 13.142, 10.097, 4.764, 3.566, 2.243, 2.178, 4.32, 6.977, 5.746, 4.459, 2.674, 1.524, 0.0, 1.566, 2.423, 2.207, 1.977, 1.068, 1.522, 1.817, 1.773, 2.629, 9.83, 14.257, 11.032, 9.814, 8.674, 11.008, 12.373, 14.776, 13.359, 11.56, 12.352, 12.701, 13.541, 13.841, 11.593, 11.234, 7.119, 6.185, 7.599, 7.544, 4.338, 5.075, 5.194, 5.377, 6.179, 5.817, 3.01, 2.517, 2.005, 1.856, 2.6, 1.89, 2.037, 1.862, 2.022, 1.398, 1.767, 1.926, 2.94, 3.544, 3.471, 9.076, 12.301, 15.477, 17.608, 18.898, 21.762, 22.452, 16.549, 15.208, 13.397, 11.966, 12.776, 14.587, 15.219], [11.687, 11.611, 15.353, 20.715, 20.22, 14.665, 14.256, 15.25, 14.086, 15.029, 14.401, 11.71, 12.26, 12.745, 13.354, 13.266, 12.456, 13.635, 13.314, 11.284, 10.364, 10.525, 12.324, 12.66, 13.443, 15.439, 16.48, 12.926, 13.173, 14.659, 11.935, 8.846, 3.687, 3.174, 2.099, 3.397, 5.543, 8.13, 6.889, 5.505, 3.558, 2.383, 1.566, 0.0, 1.453, 1.48, 1.499, 1.506, 2.323, 2.308, 2.232, 2.466, 8.817, 13.09, 10.01, 8.694, 7.572, 9.839, 11.165, 13.605, 12.233, 10.468, 11.162, 11.572, 12.298, 12.616, 10.42, 10.003, 6.004, 5.442, 6.367, 6.435, 4.231, 5.399, 5.451, 5.575, 6.563, 6.131, 3.328, 2.72, 2.569, 2.369, 2.81, 2.64, 2.929, 2.535, 2.93, 2.397, 2.343, 2.317, 2.626, 2.917, 3.175, 7.96, 11.114, 14.294, 16.28, 17.717, 20.529, 21.209, 15.405, 14.053, 12.17, 10.741, 11.608, 13.356, 14.036], [10.51, 10.477, 14.471, 19.907, 19.43, 13.749, 13.169, 14.274, 13.123, 14.13, 13.534, 10.617, 11.366, 11.879, 12.486, 12.406, 11.424, 12.606, 12.277, 10.413, 9.525, 9.801, 11.471, 11.529, 12.412, 14.41, 15.529, 12.041, 12.433, 13.727, 11.142, 8.122, 3.454, 2.656, 2.197, 4.006, 6.274, 8.956, 7.684, 6.324, 4.538, 3.314, 2.423, 1.453, 0.0, 1.09, 1.324, 1.992, 3.025, 2.421, 2.39, 2.412, 7.856, 12.153, 9.02, 7.806, 6.817, 9.086, 10.342, 12.843, 11.392, 9.487, 10.268, 10.789, 11.472, 11.908, 9.706, 9.284, 5.427, 4.99, 5.527, 5.692, 4.17, 5.735, 5.7, 5.881, 6.972, 6.65, 3.887, 2.985, 2.776, 2.64, 2.896, 2.853, 3.321, 3.43, 3.745, 3.273, 2.775, 2.55, 2.293, 2.728, 2.757, 7.051, 10.279, 13.56, 15.546, 16.932, 19.769, 20.401, 14.639, 13.271, 11.358, 9.994, 10.846, 12.611, 13.291], [10.811, 11.052, 14.987, 20.344, 19.844, 14.175, 13.43, 14.728, 13.636, 14.543, 14.02, 11.18, 11.847, 12.272, 12.902, 12.825, 12.005, 13.16, 12.658, 10.672, 9.559, 9.942, 11.912, 12.074, 12.584, 14.859, 16.062, 12.128, 12.799, 14.191, 11.56, 8.571, 3.437, 2.459, 1.789, 3.552, 5.85, 8.622, 7.314, 6.152, 4.282, 2.969, 2.207, 1.48, 1.09, 0.0, 1.245, 1.769, 2.693, 2.084, 1.794, 1.855, 8.35, 12.659, 9.217, 8.171, 6.884, 9.524, 10.819, 13.284, 11.854, 10.02, 10.691, 11.301, 11.99, 12.373, 10.176, 9.71, 5.664, 5.154, 5.888, 6.229, 4.1, 5.841, 5.722, 5.793, 7.063, 6.715, 3.791, 2.565, 2.252, 2.29, 2.597, 2.383, 3.072, 2.954, 3.337, 2.77, 2.204, 2.03, 1.997, 2.553, 2.617, 7.622, 10.73, 14.041, 15.972, 17.358, 20.195, 20.841, 15.063, 13.688, 11.752, 10.411, 11.27, 13.028, 13.717], [11.26, 11.098, 14.988, 20.306, 19.825, 14.237, 13.815, 14.738, 13.578, 14.505, 13.957, 11.166, 11.79, 12.254, 12.871, 12.799, 11.978, 13.151, 12.932, 11.232, 10.322, 10.48, 11.857, 12.11, 13.223, 15.019, 16.009, 12.777, 12.945, 14.153, 11.544, 8.563, 3.971, 3.22, 2.281, 3.5, 5.797, 8.526, 7.238, 5.885, 3.945, 2.565, 1.977, 1.499, 1.324, 1.245, 0.0, 1.625, 2.703, 2.079, 1.961, 2.531, 8.544, 12.613, 9.836, 8.469, 7.486, 9.5, 10.758, 13.256, 11.801, 9.996, 10.677, 11.262, 11.965, 12.372, 10.141, 9.686, 5.556, 4.707, 5.892, 6.153, 3.336, 4.781, 4.709, 4.821, 6.002, 5.705, 3.035, 2.213, 2.112, 1.973, 2.303, 2.42, 3.141, 2.799, 3.096, 2.577, 2.185, 2.048, 2.316, 2.901, 3.144, 7.683, 10.701, 14.013, 15.976, 17.362, 20.199, 20.799, 15.046, 13.669, 11.741, 10.392, 11.259, 13.009, 13.721], [12.251, 12.271, 16.302, 21.716, 21.235, 15.542, 14.828, 16.015, 14.978, 15.959, 15.345, 12.47, 13.162, 13.728, 14.346, 14.236, 13.216, 14.375, 14.024, 11.941, 10.9, 11.277, 13.233, 13.306, 13.966, 16.161, 17.268, 13.581, 14.172, 15.558, 12.978, 9.919, 4.755, 3.393, 2.236, 2.317, 4.513, 7.167, 5.899, 4.631, 2.943, 1.82, 1.068, 1.506, 1.992, 1.769, 1.625, 0.0, 1.225, 1.288, 1.519, 2.585, 9.642, 13.92, 10.591, 9.474, 8.34, 10.93, 12.13, 14.667, 13.208, 11.308, 12.033, 12.623, 13.32, 13.753, 11.56, 11.118, 6.984, 6.134, 7.26, 7.44, 4.615, 5.209, 5.401, 5.532, 6.416, 5.986, 3.335, 2.837, 2.318, 2.144, 2.802, 2.067, 2.287, 2.195, 2.309, 1.796, 2.121, 2.102, 2.667, 3.532, 3.465, 8.84, 12.104, 15.414, 17.435, 18.786, 21.623, 22.236, 16.481, 15.106, 13.168, 11.829, 12.696, 14.446, 15.145], [13.156, 13.343, 17.352, 22.777, 22.289, 16.596, 15.765, 17.08, 16.039, 17.066, 16.394, 13.544, 14.266, 14.822, 15.443, 15.317, 14.282, 15.441, 14.974, 12.853, 11.797, 12.184, 14.332, 14.377, 14.847, 17.118, 18.374, 14.517, 15.226, 16.612, 14.028, 10.962, 5.62, 3.774, 2.492, 2.043, 3.691, 6.143, 4.974, 3.869, 2.752, 2.026, 1.522, 2.323, 3.025, 2.693, 2.703, 1.225, 0.0, 1.391, 1.827, 2.835, 10.661, 14.986, 11.528, 10.504, 9.297, 11.976, 13.182, 15.719, 14.252, 12.38, 13.127, 13.649, 14.378, 14.802, 12.611, 12.163, 8.025, 7.19, 8.36, 8.48, 5.521, 5.821, 6.108, 6.364, 6.965, 6.492, 4.063, 3.6, 2.924, 2.918, 3.629, 2.385, 2.139, 2.43, 2.324, 1.926, 2.734, 2.66, 3.55, 4.321, 4.225, 9.9, 13.171, 16.463, 18.495, 19.848, 22.674, 23.28, 17.525, 16.15, 14.251, 12.873, 13.74, 15.49, 16.196], [12.232, 12.389, 16.517, 21.894, 21.416, 15.722, 14.898, 16.173, 15.092, 16.153, 15.52, 12.58, 13.355, 13.909, 14.533, 14.408, 13.326, 14.516, 14.1, 11.888, 10.906, 11.359, 13.419, 13.435, 13.913, 16.242, 17.471, 13.619, 14.353, 15.726, 13.152, 10.159, 4.884, 3.275, 2.242, 2.231, 4.326, 7.014, 5.776, 4.587, 3.109, 2.209, 1.817, 2.308, 2.421, 2.084, 2.079, 1.288, 1.391, 0.0, 1.283, 2.277, 9.81, 14.068, 10.619, 9.639, 8.464, 11.108, 12.321, 14.848, 13.381, 11.481, 12.246, 12.816, 13.527, 13.985, 11.76, 11.292, 7.202, 6.467, 7.489, 7.669, 5.029, 5.352, 5.561, 5.791, 6.332, 6.066, 3.669, 3.031, 2.526, 2.472, 3.128, 2.231, 2.592, 2.787, 2.576, 2.18, 2.321, 2.245, 2.783, 3.615, 3.475, 9.07, 12.296, 15.629, 17.633, 18.986, 21.823, 22.422, 16.67, 15.279, 13.357, 12.006, 12.87, 14.623, 15.345], [11.82, 12.034, 16.205, 21.633, 21.153, 15.469, 14.528, 15.846, 14.816, 15.875, 15.262, 12.202, 13.036, 13.644, 14.22, 14.14, 12.96, 14.173, 13.812, 11.681, 10.506, 10.938, 13.141, 13.161, 13.542, 16.002, 17.18, 13.187, 14.07, 15.459, 12.866, 9.839, 4.403, 2.861, 2.253, 2.431, 4.524, 7.317, 6.065, 4.983, 3.216, 2.252, 1.773, 2.232, 2.39, 1.794, 1.961, 1.519, 1.827, 1.283, 0.0, 1.908, 9.482, 13.778, 10.196, 9.392, 8.104, 10.793, 12.041, 14.558, 13.061, 11.193, 11.915, 12.449, 13.049, 13.603, 11.409, 11.0, 6.905, 6.051, 7.099, 7.301, 4.578, 5.192, 5.194, 5.441, 6.363, 6.086, 3.414, 2.632, 2.155, 2.237, 2.614, 1.858, 2.84, 2.462, 2.718, 2.188, 2.083, 2.026, 2.445, 3.252, 3.178, 8.768, 11.99, 15.272, 17.273, 18.635, 21.483, 22.122, 16.345, 14.984, 13.054, 11.705, 12.56, 14.3