[[0.0, 1.277, 2.766, 4.493, 6.686, 7.386, 6.312, 5.923, 4.804, 3.877, 4.22, 6.019, 9.841, 12.039, 13.208, 12.18, 9.072, 8.489, 8.629, 11.395, 13.609, 13.758, 13.346, 14.615, 12.111, 9.733, 9.421, 10.321, 8.623, 7.781, 9.588, 8.965, 8.49, 9.451, 7.516, 6.392, 6.324, 5.118, 6.03, 5.427, 6.402, 8.498, 8.676, 9.163, 9.187, 8.951, 8.84, 8.955, 10.283, 10.111, 7.275, 9.421, 12.398, 7.987, 7.649, 8.603, 7.985, 9.315, 9.271, 7.412, 8.438, 7.291, 7.009, 6.11, 2.773, 2.51, 1.554, 2.231, 3.106, 1.739, 3.504, 4.37, 4.265, 4.776, 5.253, 4.219, 2.87, 2.186, 2.547, 1.62, 1.745, 2.383, 2.393, 2.714, 2.021, 3.773, 5.608, 6.445, 7.32, 9.315, 12.659, 13.966, 12.525, 13.421, 12.676, 11.813, 12.157, 9.394, 7.236, 6.313, 5.765, 5.418, 5.47, 5.562, 7.468, 6.618, 5.899], [1.277, 0.0, 2.04, 4.004, 6.107, 6.761, 5.534, 5.231, 4.464, 3.363, 3.825, 5.576, 9.199, 11.484, 12.644, 11.647, 8.534, 7.951, 8.081, 10.858, 13.023, 13.123, 12.797, 14.076, 11.487, 9.049, 8.786, 9.71, 8.004, 6.986, 8.788, 8.125, 7.644, 8.661, 7.136, 6.188, 5.925, 4.84, 5.691, 5.145, 5.863, 7.936, 8.128, 8.621, 8.598, 8.37, 8.318, 8.432, 9.711, 9.574, 6.644, 8.88, 11.878, 7.502, 7.209, 8.082, 7.526, 8.689, 8.58, 6.904, 7.847, 6.593, 6.53, 5.682, 2.756, 3.38, 2.437, 2.53, 3.79, 2.681, 4.125, 5.025, 4.996, 5.568, 6.143, 4.86, 2.972, 2.072, 2.177, 1.574, 1.611, 1.972, 1.934, 2.544, 1.926, 3.155, 4.795, 5.58, 6.615, 8.812, 11.976, 13.398, 12.0, 12.875, 12.145, 11.242, 11.595, 8.857, 6.841, 5.927, 5.343, 5.156, 5.233, 5.412, 6.86, 6.102, 5.553], [2.766, 2.04, 0.0, 2.638, 4.364, 4.891, 3.751, 3.587, 3.227, 2.348, 2.764, 4.516, 7.447, 9.692, 10.821, 9.877, 6.753, 6.188, 6.379, 9.115, 11.181, 11.285, 10.99, 12.296, 9.652, 7.365, 7.01, 8.12, 6.531, 5.784, 7.15, 6.714, 5.966, 6.966, 6.022, 5.132, 4.828, 3.821, 4.548, 3.971, 4.515, 6.229, 6.349, 6.825, 6.775, 6.546, 6.551, 6.673, 7.92, 7.789, 4.967, 7.207, 10.107, 5.914, 5.947, 6.74, 6.314, 7.392, 6.894, 5.25, 6.132, 5.163, 5.06, 4.23, 2.346, 5.075, 3.97, 2.632, 3.944, 3.522, 5.891, 6.992, 6.956, 7.491, 7.949, 6.561, 4.322, 3.412, 2.566, 2.332, 2.11, 2.101, 1.765, 2.459, 3.162, 2.267, 3.198, 4.093, 4.911, 7.213, 10.32, 11.593, 10.272, 11.079, 10.345, 9.432, 9.824, 7.146, 5.554, 4.787, 4.213, 3.9, 4.009, 4.189, 5.588, 5.091, 4.556], [4.493, 4.004, 2.638, 0.0, 2.51, 3.108, 2.592, 2.093, 1.181, 1.858, 1.45, 2.591, 5.91, 7.804, 8.938, 7.973, 5.004, 4.391, 4.573, 7.237, 9.43, 9.815, 9.078, 10.381, 8.097, 5.719, 5.349, 6.47, 4.844, 4.03, 5.857, 5.285, 4.812, 5.637, 4.313, 3.55, 3.135, 2.827, 3.065, 2.48, 2.406, 4.455, 4.561, 4.962, 4.923, 4.654, 4.635, 4.763, 6.085, 6.095, 3.213, 5.163, 8.218, 3.743, 3.491, 4.528, 4.07, 5.451, 5.318, 3.312, 4.489, 3.475, 2.888, 2.023, 2.575, 6.418, 5.365, 3.505, 4.407, 4.538, 7.498, 8.559, 8.392, 8.786, 9.247, 7.745, 5.677, 4.288, 3.57, 3.726, 3.742, 3.458, 2.791, 2.79, 4.542, 2.083, 2.224, 2.697, 3.539, 5.11, 8.868, 9.733, 8.408, 9.175, 8.432, 7.548, 7.939, 5.288, 3.193, 2.466, 2.223, 1.846, 2.339, 2.188, 3.672, 2.976, 2.687], [6.686, 6.107, 4.364, 2.51, 0.0, 1.351, 1.526, 1.456, 2.654, 3.896, 3.17, 2.736, 3.89, 5.422, 6.555, 5.636, 3.235, 2.69, 2.697, 4.933, 7.234, 7.619, 6.819, 8.062, 6.095, 3.805, 3.226, 4.367, 3.484, 2.945, 4.039, 4.257, 3.079, 3.869, 4.339, 3.963, 3.73, 4.09, 3.795, 3.345, 2.021, 2.392, 2.44, 2.921, 2.919, 2.486, 2.602, 2.614, 3.766, 3.897, 2.155, 3.146, 5.858, 2.169, 2.631, 2.953, 2.935, 3.89, 3.084, 1.909, 2.358, 2.068, 1.851, 1.484, 4.704, 8.714, 7.694, 5.023, 5.698, 6.712, 9.88, 10.891, 10.725, 11.026, 11.377, 10.072, 7.96, 6.35, 5.134, 6.005, 5.538, 5.434, 5.129, 4.99, 6.806, 3.72, 1.809, 2.007, 1.965, 3.304, 6.669, 7.467, 6.0, 6.87, 6.095, 5.235, 5.677, 3.35, 2.595, 2.637, 3.085, 2.568, 2.868, 2.752, 2.775, 2.874, 3.007], [7.386, 6.761, 4.891, 3.108, 1.351, 0.0, 1.844, 2.009, 3.376, 4.631, 3.897, 2.939, 3.466, 4.899, 6.026, 5.191, 3.838, 3.342, 3.398, 4.571, 6.728, 7.066, 6.351, 7.514, 5.769, 3.421, 2.791, 4.004, 3.021, 2.451, 3.719, 3.728, 2.601, 3.399, 3.647, 3.456, 3.426, 4.345, 3.643, 3.545, 2.114, 2.424, 2.376, 2.514, 2.436, 1.888, 1.989, 2.375, 3.139, 3.344, 1.76, 2.654, 5.351, 1.66, 2.177, 2.597, 2.646, 3.426, 2.783, 2.003, 2.206, 2.094, 1.616, 2.141, 5.462, 9.392, 8.426, 5.711, 6.401, 7.404, 10.532, 11.601, 11.457, 11.767, 12.16, 10.639, 8.374, 7.077, 5.91, 6.731, 6.26, 6.007, 5.855, 5.704, 7.363, 4.355, 2.606, 2.528, 2.373, 2.797, 6.308, 6.904, 5.736, 6.418, 5.565, 4.71, 5.218, 2.774, 2.298, 2.346, 3.251, 2.808, 2.675, 2.524, 2.296, 2.709, 3.159], [6.312, 5.534, 3.751, 2.592, 1.526, 1.844, 0.0, 1.333, 2.877, 3.48, 2.784, 2.431, 4.322, 6.168, 7.297, 6.358, 4.273, 3.667, 3.609, 5.584, 7.654, 7.759, 7.495, 8.805, 6.358, 4.195, 3.854, 4.978, 3.881, 3.052, 4.201, 4.202, 3.078, 4.023, 4.004, 3.589, 3.083, 3.228, 3.07, 2.633, 2.329, 3.227, 2.98, 3.453, 3.651, 3.331, 3.501, 3.562, 4.59, 4.39, 2.394, 4.147, 6.622, 3.07, 3.218, 3.66, 3.446, 4.245, 3.492, 2.65, 2.824, 2.285, 2.487, 2.094, 4.791, 8.539, 7.391, 5.037, 5.702, 6.743, 9.291, 10.394, 10.339, 10.91, 11.506, 10.219, 7.924, 6.412, 5.276, 5.71, 5.501, 5.497, 4.787, 4.709, 6.504, 3.383, 1.793, 1.885, 2.26, 4.294, 6.832, 8.152, 6.714, 7.563, 6.881, 5.955, 6.328, 4.143, 3.013, 2.386, 2.782, 2.631, 2.574, 2.478, 2.84, 2.529, 2.508], [5.923, 5.231, 3.587, 2.093, 1.456, 2.009, 1.333, 0.0, 2.387, 3.139, 2.423, 2.553, 4.11, 6.425, 7.555, 6.613, 4.203, 3.473, 3.293, 5.837, 7.911, 8.049, 7.76, 9.074, 6.459, 3.917, 3.704, 4.748, 3.483, 2.747, 3.989, 3.776, 2.985, 3.953, 4.173, 3.718, 3.215, 3.226, 3.241, 3.006, 2.022, 2.977, 3.149, 3.66, 3.591, 3.318, 3.353, 3.463, 4.655, 4.52, 2.419, 3.892, 6.88, 2.661, 2.956, 3.273, 2.969, 3.89, 3.527, 2.103, 2.878, 2.175, 2.289, 1.672, 4.35, 8.114, 7.031, 4.9, 5.712, 6.29, 8.999, 10.048, 9.98, 10.527, 11.069, 9.803, 7.542, 5.923, 4.842, 5.319, 5.088, 5.188, 4.388, 4.342, 6.161, 2.835, 1.205, 1.166, 1.882, 3.911, 7.027, 8.417, 6.969, 7.821, 7.093, 6.21, 6.586, 3.913, 2.812, 2.475, 3.02, 2.768, 2.811, 2.664, 2.777, 2.562, 2.657], [4.804, 4.464, 3.227, 1.181, 2.654, 3.376, 2.877, 2.387, 0.0, 1.707, 1.42, 2.605, 6.217, 7.82, 9.021, 7.9, 5.138, 4.441, 4.345, 7.096, 9.749, 10.15, 9.177, 10.263, 8.39, 5.966, 5.62, 6.607, 5.045, 4.249, 6.155, 5.599, 5.138, 5.841, 4.345, 3.872, 3.378, 3.224, 3.505, 2.849, 2.578, 4.588, 4.687, 5.058, 5.145, 4.869, 4.419, 4.628, 6.109, 6.306, 3.536, 5.148, 7.972, 3.507, 3.297, 4.342, 3.897, 5.522, 5.598, 3.418, 4.498, 3.748, 2.836, 1.928, 2.441, 6.689, 5.4, 3.658, 4.165, 4.545, 7.818, 8.795, 8.429, 8.671, 9.222, 7.706, 6.01, 4.641, 3.698, 4.092, 4.132, 3.661, 3.019, 2.768, 4.794, 2.383, 2.566, 2.994, 3.816, 4.905, 9.135, 9.89, 8.278, 9.194, 8.341, 7.494, 7.939, 5.228, 2.993, 2.207, 1.953, 1.84, 2.654, 2.266, 3.614, 2.796, 2.615], [3.877, 3.363, 2.348, 1.858, 3.896, 4.631, 3.48, 3.139, 1.707, 0.0, 1.184, 2.848, 7.05, 9.233, 10.432, 9.335, 6.314, 5.59, 5.482, 8.368, 10.83, 11.03, 10.508, 11.714, 9.369, 6.897, 6.661, 7.457, 5.795, 4.782, 6.794, 6.144, 5.737, 6.53, 4.524, 3.869, 3.442, 3.199, 3.481, 2.839, 3.463, 5.641, 5.805, 6.274, 6.352, 6.161, 5.8, 6.048, 7.535, 7.348, 4.56, 6.54, 9.384, 4.888, 4.441, 5.357, 4.749, 6.068, 6.437, 4.639, 5.386, 4.408, 4.121, 3.255, 2.339, 5.865, 4.285, 3.31, 3.836, 4.022, 6.517, 7.463, 7.187, 7.713, 8.762, 7.374, 5.568, 4.181, 3.266, 3.21, 3.456, 3.187, 2.06, 1.88, 3.706, 1.678, 2.74, 3.56, 4.564, 6.227, 9.863, 11.193, 9.475, 10.507, 9.75, 8.854, 9.211, 6.335, 4.172, 3.009, 2.406, 2.887, 3.22, 2.944, 4.215, 3.211, 2.785], [4.22, 3.825, 2.764, 1.45, 3.17, 3.897, 2.784, 2.423, 1.42, 1.184, 0.0, 2.317, 6.302, 8.524, 9.689, 8.654, 5.593, 4.947, 5.079, 7.732, 10.082, 10.267, 9.781, 11.022, 8.671, 6.181, 5.917, 6.735, 5.018, 4.036, 6.053, 5.5, 5.066, 5.856, 3.967, 3.59, 3.077, 2.876, 3.166, 2.478, 2.765, 4.937, 5.135, 5.647, 5.62, 5.417, 5.271, 5.423, 6.805, 6.616, 3.827, 5.861, 8.774, 4.398, 3.675, 4.711, 4.062, 5.435, 5.707, 3.964, 4.754, 3.637, 3.434, 2.509, 2.406, 6.209, 4.874, 3.585, 3.933, 4.343, 7.023, 7.99, 7.755, 8.315, 9.126, 7.837, 5.966, 4.474, 3.847, 3.658, 3.949, 3.675, 2.498, 2.248, 4.223, 1.594, 2.236, 2.942, 3.918, 5.753, 9.102, 10.439, 8.988, 9.846, 9.057, 8.143, 8.489, 5.823, 3.443, 2.527, 2.233, 2.311, 2.742, 2.404, 3.537, 2.583, 2.283], [6.019, 5.576, 4.516, 2.591, 2.736, 2.939, 2.431, 2.553, 2.605, 2.848, 2.317, 0.0, 4.925, 7.244, 8.367, 7.445, 5.453, 4.784, 4.797, 6.552, 8.725, 8.897, 8.508, 9.803, 7.6, 5.058, 4.631, 5.581, 3.712, 2.655, 4.89, 4.298, 3.799, 4.607, 2.144, 1.989, 1.597, 2.24, 1.692, 1.531, 1.974, 4.025, 4.203, 4.599, 4.431, 4.125, 4.176, 4.285, 5.514, 5.343, 2.663, 4.695, 7.594, 3.265, 2.502, 3.51, 2.898, 4.002, 4.357, 3.211, 3.648, 2.258, 2.448, 2.585, 4.031, 7.742, 6.366, 4.968, 4.712, 5.95, 8.304, 9.284, 9.096, 9.857, 10.959, 9.706, 7.716, 6.484, 5.893, 5.516, 5.789, 5.581, 4.325, 3.91, 5.515, 3.339, 2.804, 2.363, 3.296, 4.592, 7.799, 9.209, 7.736, 8.569, 7.807, 6.927, 7.302, 4.665, 2.345, 1.788, 2.146, 2.323, 1.985, 1.665, 2.382, 1.167, 1.029], [9.841, 9.199, 7.447, 5.91, 3.89, 3.466, 4.322, 4.11, 6.217, 7.05, 6.302, 4.925, 0.0, 2.823, 3.624, 4.091, 4.212, 4.026, 3.662, 2.434, 3.88, 4.202, 3.852, 5.21, 3.427, 1.677, 1.181, 1.409, 1.757, 2.631, 1.35, 2.144, 2.258, 1.677, 4.864, 5.224, 5.619, 6.804, 5.983, 5.913, 3.762, 2.123, 2.716, 2.405, 1.484, 1.865, 2.559, 2.369, 2.122, 1.576, 2.912, 1.528, 3.177, 3.289, 3.116, 2.233, 2.712, 1.3, 1.268, 2.858, 2.261, 2.732, 3.53, 4.617, 8.239, 12.008, 10.904, 8.411, 8.846, 10.211, 12.926, 13.984, 13.895, 14.394, 14.909, 13.608, 11.406, 9.795, 8.674, 9.181, 8.959, 8.897, 8.261, 8.224, 10.131, 6.841, 4.788, 3.977, 2.99, 2.027, 3.144, 4.461, 2.96, 3.775, 3.101, 2.653, 2.959, 1.453, 3.407, 4.383, 5.734, 5.595, 5.012, 5.078, 3.055, 4.311, 5.233], [12.039, 11.484, 9.692, 7.804, 5.422, 4.899, 6.168, 6.425, 7.82, 9.233, 8.524, 7.244, 2.823, 0.0, 1.544, 1.778, 3.156, 3.775, 3.813, 1.801, 2.657, 3.339, 3.103, 3.622, 3.269, 3.276, 2.782, 3.448, 4.208, 4.991, 3.437, 4.644, 4.645, 3.969, 7.333, 7.628, 7.99, 9.176, 8.389, 8.263, 5.921, 3.675, 3.504, 3.053, 3.043, 3.302, 3.525, 3.302, 2.357, 2.682, 4.919, 2.81, 1.587, 4.676, 4.983, 4.035, 4.729, 3.527, 3.179, 4.642, 3.856, 5.089, 5.226, 6.144, 9.937, 14.115, 13.016, 10.303, 10.694, 11.972, 15.302, 16.223, 16.068, 16.332, 16.623, 15.134, 13.048, 11.755, 10.38, 11.373, 10.882, 10.477, 10.486, 10.304, 12.206, 9.123, 7.035, 6.327, 4.963, 3.196, 3.479, 3.061, 2.377, 2.737, 2.57, 1.826, 2.008, 3.267, 5.394, 6.5, 7.617, 7.078, 7.093, 7.063, 5.223, 6.512, 7.489], [13.208, 12.644, 10.821, 8.938, 6.555, 6.026, 7.297, 7.555, 9.021, 10.432, 9.689, 8.367, 3.624, 1.544, 0.0, 1.541, 4.291, 4.983, 5.028, 2.23, 2.214, 3.2, 3.088, 3.459, 3.456, 4.415, 3.88, 4.289, 5.068, 6.067, 4.37, 5.548, 5.525, 4.861, 8.35, 8.703, 9.116, 10.306, 9.502, 9.393, 7.068, 4.852, 4.656, 4.208, 4.162, 4.342, 4.714, 4.499, 3.319, 3.788, 6.05, 3.913, 2.245, 5.75, 6.142, 5.164, 5.889, 4.567, 4.113, 5.826, 5.062, 6.183, 6.422, 7.285, 11.147, 15.247, 14.221, 11.5, 11.902, 13.157, 16.428, 17.409, 17.252, 17.544, 17.831, 16.338, 14.202, 12.9, 11.593, 12.537, 12.047, 11.678, 11.661, 11.495, 13.34, 10.253, 8.164, 7.457, 6.123, 4.306, 3.686, 3.131, 2.938, 3.221, 3.267, 2.606, 2.225, 4.195, 6.345, 7.59, 8.811, 8.213, 8.218, 8.225, 6.376, 7.682, 8.651], [12.18, 11.647, 9.877, 7.973, 5.636, 5.191, 6.358, 6.613, 7.9, 9.335, 8.654, 7.445, 4.091, 1.778, 1.541, 0.0, 3.359, 3.896, 3.946, 2.222, 3.249, 4.119, 3.937, 4.34, 3.767, 4.445, 3.693, 4.704, 5.424, 5.62, 4.591, 5.947, 5.747, 5.265, 7.907, 8.226, 8.324, 9.365, 8.568, 8.451, 6.11, 4.116, 3.809, 3.714, 3.84, 4.278, 3.906, 3.587, 3.597, 4.164, 5.284, 3.723, 2.691, 5.02, 5.363, 4.409, 5.258, 4.642, 4.053, 4.782, 4.043, 5.407, 5.551, 6.344, 10.141, 14.303, 13.096, 10.388, 10.947, 12.09, 15.471, 16.417, 16.136, 16.423, 16.801, 15.233, 13.216, 11.898, 10.542, 11.55, 11.046, 10.577, 10.663, 10.394, 12.393, 9.31, 7.222, 6.515, 5.141, 3.621, 4.687, 4.069, 3.645, 4.082, 3.967, 3.088, 2.809, 4.01, 5.994, 6.896, 7.778, 7.326, 7.447, 7.268, 5.888, 6.846, 7.699], [9.072, 8.534, 6.753, 5.004, 3.235, 3.838, 4.273, 4.203, 5.138, 6.314, 5.593, 5.453, 4.212, 3.156, 4.291, 3.359, 0.0, 1.331, 1.625, 3.344, 5.39, 5.669, 5.079, 5.791, 4.657, 3.725, 3.206, 4.67, 4.915, 4.595, 4.303, 5.3, 4.894, 4.755, 6.85, 6.848, 6.789, 7.093, 6.843, 6.321, 4.091, 2.922, 2.582, 3.137, 3.401, 3.732, 3.223, 2.659, 3.016, 3.976, 4.256, 3.405, 3.647, 3.738, 4.34, 3.391, 4.092, 4.561, 3.426, 2.929, 2.757, 3.873, 4.113, 4.036, 6.999, 11.183, 10.062, 7.435, 8.191, 8.984, 12.39, 13.34, 13.091, 13.35, 13.602, 12.126, 10.077, 8.824, 7.358, 8.49, 7.969, 7.475, 7.603, 7.334, 9.263, 6.18, 4.262, 4.141, 3.038, 3.095, 5.589, 5.51, 4.446, 5.034, 4.487, 3.361, 3.707, 3.588, 4.703, 5.663, 6.066, 5.287, 5.976, 5.81, 4.937, 5.563, 6.026], [8.489, 7.951, 6.188, 4.391, 2.69, 3.342, 3.667, 3.473, 4.441, 5.59, 4.947, 4.784, 4.026, 3.775, 4.983, 3.896, 1.331, 0.0, 1.105, 3.564, 5.663, 6.07, 5.474, 6.326, 4.898, 3.648, 3.165, 4.525, 4.359, 4.008, 4.167, 4.768, 4.239, 4.354, 6.059, 6.053, 6.009, 6.431, 6.107, 5.698, 3.38, 2.255, 1.917, 2.449, 3.071, 3.228, 2.747, 2.332, 3.227, 3.692, 3.635, 3.262, 4.019, 3.193, 3.674, 3.055, 3.437, 4.351, 3.254, 2.335, 2.048, 3.268, 3.449, 3.621, 6.382, 10.612, 9.36, 6.806, 7.631, 8.45, 11.741, 12.718, 12.383, 12.6, 12.951, 11.529, 9.633, 8.187, 6.704, 7.815, 7.382, 6.885, 6.917, 6.67, 8.703, 5.614, 3.633, 3.381, 2.302, 3.208, 5.823, 5.897, 4.594, 5.249, 4.961, 3.993, 4.073, 3.29, 4.003, 4.877, 5.341, 4.899, 5.251, 5.095, 4.167, 4.804, 5.3], [8.629, 8.081, 6.379, 4.573, 2.697, 3.398, 3.609, 3.293, 4.345, 5.482, 5.079, 4.797, 3.662, 3.813, 5.028, 3.946, 1.625, 1.105, 0.0, 3.259, 5.734, 6.092, 5.334, 6.323, 4.732, 3.248, 2.744, 4.147, 4.116, 3.865, 3.748, 4.453, 4.084, 4.03, 5.993, 5.982, 5.886, 6.333, 5.999, 5.757, 3.309, 2.059, 1.771, 2.457, 2.817, 3.197, 2.651, 2.101, 3.101, 3.599, 3.649, 3.002, 3.924, 3.089, 3.417, 2.613, 3.174, 3.99, 2.887, 2.143, 1.843, 3.176, 3.402, 3.61, 6.432, 10.753, 9.461, 7.129, 7.775, 8.568, 11.882, 12.859, 12.493, 12.654, 13.109, 11.651, 9.876, 8.309, 6.77, 7.956, 7.52, 7.042, 6.981, 6.776, 8.846, 5.744, 3.74, 3.252, 2.013, 2.696, 5.621, 5.952, 4.276, 5.185, 4.706, 3.719, 3.977, 2.865, 3.818, 4.601, 5.035, 4.791, 5.092, 4.945, 4.015, 4.637, 5.158], [11.395, 10.858, 9.115, 7.237, 4.933, 4.571, 5.584, 5.837, 7.096, 8.368, 7.732, 6.552, 2.434, 1.801, 2.23, 2.222, 3.344, 3.564, 3.259, 0.0, 2.805, 3.323, 2.567, 3.545, 2.551, 3.119, 2.356, 3.146, 3.779, 4.397, 3.102, 4.373, 4.245, 3.594, 6.531, 6.918, 7.333, 8.588, 7.769, 7.675, 5.273, 3.104, 2.945, 2.884, 2.633, 3.056, 3.143, 2.936, 2.844, 2.946, 4.439, 2.639, 2.599, 4.206, 4.146, 3.192, 4.092, 3.026, 2.603, 4.028, 3.08, 4.415, 4.639, 5.726, 9.285, 13.527, 12.281, 9.6, 10.028, 11.371, 14.656, 15.633, 15.301, 15.571, 16.006, 14.478, 12.606, 11.073, 9.739, 10.73, 10.28, 9.844, 9.754, 9.616, 11.626, 8.517, 6.447, 5.739, 4.34, 2.48, 2.922, 3.205, 2.057, 2.881, 2.768, 2.277, 1.566, 2.448, 4.479, 5.567, 6.741, 6.504, 6.327, 6.299, 4.515, 5.765, 6.754], [13.609, 13.023, 11.181, 9.43, 7.234, 6.728, 7.654, 7.911, 9.749, 10.83, 10.082, 8.725, 3.88, 2.657, 2.214, 3.249, 5.39, 5.663, 5.734, 2.805, 0.0, 1.347, 1.703, 2.481, 2.45, 4.278, 4.356, 3.798, 5.185, 6.445, 4.414, 5.392, 5.645, 4.668, 8.694, 9.051, 9.445, 10.662, 9.843, 9.755, 7.442, 5.371, 5.219, 4.771, 4.667, 4.962, 5.601, 5.429, 4.36, 3.625, 6.426, 4.74, 3.295, 6.726, 6.766, 5.705, 6.452, 4.97, 4.575, 6.421, 5.475, 6.542, 7.132, 8.168, 11.886, 15.722, 14.646, 12.054, 12.563, 13.872, 16.757, 17.806, 17.672, 18.11, 18.552, 17.076, 14.822, 13.435, 12.315, 12.934, 12.567, 12.292, 12.042, 11.985, 13.883, 10.639, 8.523, 7.816, 6.48, 5.046, 2.375, 2.092, 2.313, 2.215, 2.811, 2.813, 2.059, 4.672, 6.973, 8.032, 9.43, 9.137, 8.643, 8.725, 6.794, 8.087, 9.022], [13.758, 13.123, 11.285, 9.815, 7.619, 7.066, 7.759, 8.049, 10.15, 11.03, 10.267, 8.897, 4.202, 3.339, 3.2, 4.119, 5.669, 6.07, 6.092, 3.323, 1.347, 0.0, 1.28, 1.939, 2.099, 4.557, 4.641, 3.794, 5.399, 6.596, 4.516, 5.485, 5.764, 4.854, 8.884, 9.241, 9.611, 10.76, 9.997, 9.911, 7.751, 5.701, 5.604, 5.2, 5.065, 5.363, 5.969, 5.81, 4.746, 3.996, 6.792, 5.167, 3.819, 7.134, 7.125, 6.03, 6.733, 5.25, 4.778, 6.753, 5.738, 6.785, 7.529, 8.53, 12.251, 15.993, 14.918, 12.398, 12.893, 14.183, 16.97, 17.96, 17.872, 18.413, 18.903, 17.473, 15.104, 13.785, 12.675, 13.223, 12.915, 12.705, 12.293, 12.229, 14.095, 10.815, 8.63, 7.917, 6.66, 5.435, 2.051, 2.1, 2.49, 2.14, 2.78, 3.18, 2.408, 5.025, 7.341, 8.444, 9.822, 9.568, 9.011, 9.075, 7.084, 8.34, 9.228], [13.346, 12.797, 10.99, 9.078, 6.819, 6.351, 7.495, 7.76, 9.177, 10.508, 9.781, 8.508, 3.852, 3.103, 3.088, 3.937, 5.079, 5.474, 5.334, 2.567, 1.703, 1.28, 0.0, 1.591, 1.988, 4.054, 4.103, 3.258, 4.961, 6.24, 4.201, 5.193, 5.46, 4.463, 8.473, 8.808, 9.239, 10.476, 9.658, 9.563, 7.164, 4.977, 4.931, 4.511, 4.311, 4.59, 5.134, 4.869, 4.204, 3.656, 6.359, 4.204, 3.513, 6.186, 6.282, 5.266, 6.091, 4.839, 4.361, 5.985, 5.151, 6.42, 6.589, 7.631, 11.368, 15.435, 14.324, 11.626, 12.216, 13.393, 16.551, 17.544, 17.347, 17.685, 18.079, 16.547, 14.448, 13.017, 11.834, 12.639, 12.188, 11.883, 11.751, 11.657, 13.536, 10.423, 8.335, 7.628, 6.251, 4.5, 2.284, 2.156, 2.143, 2.026, 2.184, 2.583, 1.852, 4.282, 6.521, 7.762, 9.052, 8.601, 8.41, 8.378, 6.564, 7.822, 8.745], [14.615, 14.076, 12.296, 10.381, 8.062, 7.514, 8.805, 9.074, 10.263, 11.714, 11.022, 9.803, 5.21, 3.622, 3.459, 4.34, 5.791, 6.326, 6.323, 3.545, 2.481, 1.939, 1.591, 0.0, 2.829, 5.364, 5.434, 4.442, 6.287, 7.56, 5.518, 6.496, 6.776, 5.748, 9.75, 10.108, 10.538, 11.793, 10.974, 10.88, 8.467, 6.182, 6.043, 5.575, 5.532, 5.788, 5.941, 5.752, 4.904, 4.819, 7.677, 5.317, 3.814, 7.029, 7.511, 6.424, 7.26, 6.116, 5.66, 7.212, 6.384, 7.768, 7.699, 8.635, 12.411, 16.732, 15.529, 12.779, 13.215, 14.523, 17.861, 18.848, 18.513, 18.726, 19.034, 17.52, 15.613, 14.257, 12.823, 13.951, 13.462, 12.853, 13.023, 12.817, 14.823, 11.738, 9.651, 8.944, 7.564, 5.58, 2.982, 2.113, 2.889, 2.164, 2.486, 3.374, 2.827, 5.427, 7.642, 8.99, 10.148, 9.462, 9.69, 9.626, 7.8, 9.07, 10.04], [12.111, 11.487, 9.652, 8.097, 6.095, 5.769, 6.358, 6.459, 8.39, 9.369, 8.671, 7.6, 3.427, 3.269, 3.456, 3.767, 4.657, 4.898, 4.732, 2.551, 2.45, 2.099, 1.988, 2.829, 0.0, 2.994, 3.382, 2.716, 4.606, 5.453, 3.117, 4.388, 4.653, 4.104, 7.596, 7.826, 8.066, 9.134, 8.47, 8.396, 6.112, 4.128, 4.224, 4.038, 3.764, 4.136, 4.67, 4.347, 4.367, 3.395, 5.468, 3.687, 4.029, 5.888, 5.789, 4.731, 5.216, 4.421, 3.622, 5.023, 4.273, 5.701, 5.981, 6.922, 10.473, 14.295, 13.22, 10.691, 11.564, 12.428, 15.271, 16.279, 16.232, 16.684, 17.142, 15.701, 13.461, 12.069, 10.903, 11.492, 11.145, 10.945, 10.587, 10.527, 12.451, 9.212, 7.052, 6.285, 4.981, 4.239, 2.1, 2.698, 2.472, 2.635, 2.524, 3.103, 2.511, 4.016, 6.361, 7.351, 8.456, 8.13, 7.604, 7.684, 6.073, 7.317, 8.026], [9.733, 9.049, 7.365, 5.719, 3.805, 3.421, 4.195, 3.917, 5.966, 6.897, 6.181, 5.058, 1.677, 3.276, 4.415, 4.445, 3.725, 3.648, 3.248, 3.119, 4.278, 4.557, 4.054, 5.364, 2.994, 0.0, 1.328, 1.579, 2.331, 3.046, 1.516, 2.035, 2.453, 2.096, 5.125, 5.397, 5.602, 6.537, 5.935, 5.874, 3.585, 1.925, 2.564, 2.432, 1.775, 2.177, 2.734, 2.481, 2.499, 1.902, 3.308, 1.719, 3.398, 3.633, 3.317, 2.273, 2.768, 2.122, 1.531, 2.795, 2.339, 3.383, 3.489, 4.566, 7.887, 11.718, 10.661, 8.248, 8.923, 9.855, 12.718, 13.798, 13.692, 14.084, 14.672, 13.407, 11.142, 9.507, 8.434, 8.989, 8.675, 8.808, 8.106, 7.967, 9.682, 6.502, 4.598, 3.822, 2.856, 2.375, 3.514, 4.71, 3.268, 4.121, 3.393, 2.74, 3.312, 2.052, 4.011, 4.863, 5.879, 5.685, 5.144, 5.085, 3.585, 4.881, 5.543], [9.421, 8.786, 7.01, 5.349, 3.226, 2.791, 3.854, 3.704, 5.62, 6.661, 5.917, 4.631, 1.181, 2.782, 3.88, 3.693, 3.206, 3.165, 2.744, 2.356, 4.356, 4.641, 4.103, 5.434, 3.382, 1.328, 0.0, 1.772, 2.011, 2.433, 1.55, 2.317, 2.323, 1.886, 4.667, 5.041, 5.305, 6.434, 5.665, 5.551, 3.321, 1.528, 2.03, 1.773, 1.109, 1.494, 1.81, 1.689, 1.822, 1.836, 2.521, 1.234, 3.258, 2.818, 2.637, 1.64, 2.332, 1.616, 0.946, 2.254, 1.719, 2.576, 3.005, 4.026, 7.675, 11.461, 10.463, 7.871, 8.476, 9.608, 12.59, 13.602, 13.494, 13.856, 14.325, 12.988, 10.76, 9.225, 8.091, 8.742, 8.394, 8.281, 7.857, 7.762, 9.551, 6.392, 4.349, 3.585, 2.475, 1.507, 3.792, 4.776, 3.349, 4.156, 3.41, 2.57, 3.043, 1.241, 3.25, 4.21, 5.294, 5.086, 4.571, 4.614, 2.952, 4.209, 4.988], [10.321, 9.71, 8.12, 6.47, 4.367, 4.004, 4.978, 4.748, 6.607, 7.457, 6.735, 5.581, 1.409, 3.448, 4.289, 4.704, 4.67, 4.525, 4.147, 3.146, 3.798, 3.794, 3.258, 4.442, 2.716, 1.579, 1.772, 0.0, 2.178, 3.227, 1.42, 2.206, 2.563, 1.852, 5.393, 5.705, 6.144, 7.393, 6.568, 6.483, 4.265, 2.665, 3.204, 2.9, 2.07, 2.413, 2.957, 2.869, 2.699, 2.019, 3.867, 1.962, 3.447, 3.768, 3.59, 2.602, 3.224, 2.015, 1.77, 3.393, 2.897, 3.595, 3.974, 5.046, 8.556, 12.427, 11.26, 8.831, 9.411, 10.577, 13.472, 14.441, 14.298, 14.674, 15.229, 13.97, 11.876, 10.154, 8.996, 9.587, 9.342, 9.328, 8.685, 8.618, 10.514, 7.299, 5.325, 4.59, 3.473, 2.403, 2.627, 3.766, 2.498, 3.23, 2.5, 2.611, 3.142, 1.962, 3.989, 5.071, 6.293, 6.176, 5.664, 5.666, 3.711, 4.974, 5.808], [8.623, 8.004, 6.531, 4.844, 3.484, 3.021, 3.881, 3.483, 5.045, 5.795, 5.018, 3.712, 1.757, 4.208, 5.068, 5.424, 4.915, 4.359, 4.116, 3.779, 5.185, 5.399, 4.961, 6.287, 4.606, 2.331, 2.011, 2.178, 0.0, 1.598, 1.927, 1.334, 1.416, 1.316, 3.679, 4.021, 4.4, 5.68, 4.856, 4.834, 2.618, 2.241, 2.732, 2.429, 1.903, 1.571, 2.287, 2.618, 2.523, 2.029, 2.259, 2.053, 4.156, 2.444, 2.019, 2.139, 1.914, 1.715, 1.802, 2.463, 2.465, 1.965, 2.423, 3.671, 7.066, 10.88, 9.699, 7.291, 7.811, 9.107, 11.799, 12.833, 12.643, 13.187, 13.685, 12.385, 10.271, 8.499, 7.659, 8.014, 7.848, 7.882, 7.094, 7.117, 8.984, 5.634, 4.104, 3.202, 2.851, 2.452, 4.264, 5.598, 4.179, 5.005, 4.272, 3.438, 3.952, 1.858, 2.312, 3.312, 4.659, 4.507, 3.912, 3.947, 1.962, 3.084, 3.982], [7.781, 6.986, 5.784, 4.03, 2.945, 2.451, 3.052, 2.747, 4.249, 4.782, 4.036, 2.655, 2.631, 4.991, 6.067, 5.62, 4.595, 4.008, 3.865, 4.397, 6.445, 6.596, 6.24, 7.56, 5.453, 3.046, 2.433, 3.227, 1.598, 0.0, 2.641, 1.992, 1.859, 2.154, 2.617, 3.111, 3.162, 4.402, 3.621, 3.62, 1.86, 2.437, 2.534, 2.813, 2.439, 2.139, 2.347, 2.674, 3.238, 3.124, 2.12, 2.728, 5.352, 2.121, 1.539, 1.696, 1.353, 2.022, 2.317, 2.059, 2.222, 1.45, 1.838, 2.913, 6.179, 9.971, 8.662, 6.491, 6.95, 8.196, 10.71, 11.614, 11.492, 12.244, 12.902, 11.608, 9.491, 7.743, 6.891, 7.083, 7.156, 7.233, 6.155, 6.069, 7.919, 4.544, 3.169, 2.158, 2.226, 2.569, 5.405, 6.837, 5.461, 6.32, 5.605, 4.764, 5.203, 2.409, 1.906, 2.65, 3.806, 3.879, 3.221, 3.207, 1.228, 2.052, 2.814], [9.588, 8.788, 7.15, 5.857, 4.039, 3.719, 4.201, 3.989, 6.155, 6.794, 6.053, 4.89, 1.35, 3.437, 4.37, 4.591, 4.303, 4.167, 3.748, 3.102, 4.414, 4.516, 4.201, 5.518, 3.117, 1.516, 1.55, 1.42, 1.927, 2.641, 0.0, 1.64, 1.808, 1.502, 4.764, 5.047, 5.204, 6.376, 5.708, 5.775, 3.716, 2.364, 2.859, 2.65, 1.849, 2.183, 2.767, 2.543, 2.654, 2.294, 3.371, 1.816, 3.841, 3.67, 3.419, 2.547, 2.827, 1.84, 1.372, 2.873, 2.589, 3.089, 3.668, 4.677, 8.126, 11.847, 10.701, 8.397, 9.208, 10.116, 12.651, 13.667, 13.585, 14.211, 14.768, 13.488, 11.261, 9.637, 8.533, 8.999, 8.759, 8.822, 8.066, 8.084, 9.879, 6.506, 4.38, 3.509, 2.729, 2.324, 3.38, 4.798, 3.449, 4.296, 3.626, 2.984, 3.194, 1.973, 3.975, 4.963, 6.095, 5.894, 5.308, 5.359, 3.457, 4.585, 5.333], [8.965, 8.125, 6.714, 5.285, 4.257, 3.728, 4.202, 3.776, 5.599, 6.144, 5.5, 4.298, 2.144, 4.644, 5.548, 5.947, 5.3, 4.768, 4.453, 4.373, 5.392, 5.485, 5.193, 6.496, 4.388, 2.035, 2.317, 2.206, 1.334, 1.992, 1.64, 0.0, 1.4, 1.338, 3.845, 4.25, 4.487, 5.51, 4.768, 4.843, 3.222, 2.769, 3.284, 2.909, 2.251, 2.336, 2.913, 3.113, 3.213, 2.457, 3.033, 2.486, 4.591, 3.261, 2.79, 2.564, 2.293, 1.883, 2.116, 2.883, 3.054, 2.71, 3.298, 4.287, 7.462, 11.131, 9.914, 7.931, 8.648, 9.417, 11.806, 12.86, 12.798, 13.481, 14.145, 12.861, 10.653, 8.945, 8.014, 8.335, 8.312, 8.413, 7.384, 7.344, 9.057, 5.657, 4.184, 3.171, 2.933, 2.955, 4.31, 5.792, 4.439, 5.279, 4.546, 3.729, 4.352, 2.421, 3.289, 4.259, 5.391, 5.51, 4.768, 4.827, 2.785, 3.845, 4.637], [8.49, 7.644, 5.966, 4.812, 3.079, 2.601, 3.078, 2.985, 5.138, 5.737, 5.066, 3.799, 2.258, 4.645, 5.525, 5.747, 4.894, 4.239, 4.084, 4.245, 5.645, 5.764, 5.46, 6.776, 4.653, 2.453, 2.323, 2.563, 1.416, 1.859, 1.808, 1.4, 0.0, 1.335, 3.352, 3.756, 4.021, 5.153, 4.358, 4.404, 2.889, 2.332, 2.633, 2.409, 2.255, 1.689, 2.33, 2.824, 2.756, 2.409, 2.428, 2.608, 4.684, 2.562, 2.557, 2.634, 2.382, 2.311, 1.915, 2.655, 2.538, 2.217, 2.665, 3.72, 7.072, 10.78, 9.544, 7.398, 8.165, 9.089, 11.434, 12.497, 12.435, 13.117, 13.695, 12.412, 10.176, 8.57, 7.472, 7.903, 7.69, 7.758, 7.013, 6.986, 8.712, 5.342, 3.278, 2.541, 2.508, 2.929, 4.617, 6.056, 4.703, 5.555, 4.827, 3.921, 4.38, 2.281, 2.828, 3.722, 4.892, 4.897, 4.254, 4.31, 2.34, 3.32, 4.112], [9.451, 8.661, 6.966, 5.637, 3.869, 3.399, 4.023, 3.953, 5.841, 6.53, 5.856, 4.607, 1.677, 3.969, 4.861, 5.265, 4.755, 4.354, 4.03, 3.594, 4.668, 4.854, 4.463, 5.748, 4.104, 2.096, 1.886, 1.852, 1.316, 2.154, 1.502, 1.338, 1.335, 0.0, 4.126, 4.611, 4.976, 6.189, 5.376, 5.325, 3.526, 2.454, 2.806, 2.533, 1.923, 1.909, 2.406, 2.652, 2.501, 1.982, 2.985, 2.213, 3.745, 3.047, 2.892, 2.538, 2.617, 1.931, 1.706, 2.862, 2.566, 2.628, 3.372, 4.485, 7.818, 11.71, 10.467, 8.14, 8.708, 9.981, 12.415, 13.45, 13.337, 13.936, 14.497, 13.224, 11.141, 9.473, 8.259, 8.77, 8.584, 8.539, 7.768, 7.902, 9.782, 6.442, 4.354, 3.411, 2.699, 2.446, 3.714, 5.107, 3.611, 4.439, 3.767, 2.993, 3.59, 1.638, 3.249, 4.257, 5.593, 5.526, 4.968, 5.019, 2.838, 3.953, 4.821], [7.516, 7.136, 6.022, 4.313, 4.339, 3.647, 4.004, 4.173, 4.345, 4.524, 3.967, 2.144, 4.864, 7.333, 8.35, 7.907, 6.85, 6.059, 5.993, 6.531, 8.694, 8.884, 8.473, 9.75, 7.596, 5.125, 4.667, 5.393, 3.679, 2.617, 4.764, 3.845, 3.352, 4.126, 0.0, 1.563, 1.417, 2.855, 2.041, 2.275, 3.022, 4.457, 4.598, 4.736, 4.553, 4.199, 4.309, 4.875, 5.529, 5.345, 3.316, 4.846, 7.521, 3.713, 2.845, 3.765, 3.212, 4.018, 4.522, 4.208, 4.293, 3.342, 3.184, 4.273, 5.617, 8.826, 7.736, 6.726, 6.166, 7.295, 9.112, 10.086, 10.06, 10.93, 12.227, 11.134, 9.35, 8.097, 7.492, 7.061, 7.382, 7.129, 5.927, 5.447, 6.827, 5.016, 4.525, 3.712, 4.308, 4.748, 7.651, 9.118, 7.726, 8.559, 7.792, 6.836, 7.26, 4.549, 3.004, 2.842, 3.637, 3.92, 3.069, 2.832, 2.722, 2.313, 2.128], [6.392, 6.188, 5.132, 3.55, 3.963, 3.456, 3.589, 3.718, 3.872, 3.869, 3.59, 1.989, 5.224, 7.628, 8.703, 8.226, 6.848, 6.053, 5.982, 6.918, 9.051, 9.241, 8.808, 10.108, 7.826, 5.397, 5.041, 5.705, 4.021, 3.111, 5.047, 4.25, 3.756, 4.611, 1.563, 0.0, 1.242, 1.967, 1.237, 1.608, 2.992, 4.794, 4.782, 4.98, 4.805, 4.51, 4.651, 5.076, 5.892, 5.708, 3.62, 5.125, 7.945, 3.805, 3.147, 4.052, 3.415, 4.397, 4.77, 4.14, 4.488, 3.507, 3.19, 3.919, 4.537, 7.61, 6.401, 5.654, 5.005, 6.07, 8.003, 8.976, 8.969, 9.685, 10.87, 10.016, 8.373, 7.371, 6.652, 6.071, 6.272, 6.324, 4.906, 4.649, 5.608, 4.446, 4.13, 3.698, 4.165, 5.015, 8.036, 9.471, 8.053, 8.886, 8.155, 7.264, 7.688, 4.882, 2.969, 2.539, 3.039, 3.324, 2.148, 2.165, 3.042, 2.328, 2.002], [6.324, 5.925, 4.828, 3.135, 3.73, 3.426, 3.083, 3.215, 3.378, 3.442, 3.077, 1.597, 5.619, 7.99, 9.116, 8.324, 6.789, 6.009, 5.886, 7.333, 9.445, 9.611, 9.239, 10.538, 8.066, 5.602, 5.305, 6.144, 4.4, 3.162, 5.204, 4.487, 4.021, 4.976, 1.417, 1.242, 0.0, 1.711, 1.092, 1.356, 2.804, 4.782, 4.798, 5.14, 5.014, 4.819, 4.84, 5.136, 6.271, 6.103, 3.613, 5.388, 8.375, 3.956, 3.301, 4.287, 3.585, 4.754, 5.088, 4.016, 4.507, 3.53, 3.202, 3.493, 4.435, 7.58, 6.539, 5.573, 5.054, 6.035, 7.943, 8.944, 8.834, 9.709, 10.978, 10.011, 8.119, 6.98, 6.323, 5.864, 6.182, 6.007, 4.753, 4.286, 5.578, 3.922, 3.503, 3.148, 4.023, 5.257, 8.404, 9.88, 8.492, 9.325, 8.589, 7.683, 8.081, 5.312, 3.173, 2.302, 2.776, 2.975, 2.224, 1.954, 3.17, 2.039, 1.482], [5.118, 4.84, 3.821, 2.827, 4.09, 4.345, 3.228, 3.226, 3.224, 3.199, 2.876, 2.24, 6.804, 9.176, 10.306, 9.365, 7.093, 6.431, 6.333, 8.588, 10.662, 10.76, 10.476, 11.793, 9.134, 6.537, 6.434, 7.393, 5.68, 4.402, 6.376, 5.51, 5.153, 6.189, 2.855, 1.967, 1.711, 0.0, 1.216, 1.258, 3.49, 5.695, 5.811, 6.318, 6.261, 6.025, 6.047, 6.15, 7.402, 7.27, 4.359, 6.57, 9.63, 5.134, 4.472, 5.467, 4.686, 5.895, 6.203, 4.683, 5.543, 4.225, 4.201, 3.582, 3.444, 6.125, 5.266, 4.614, 4.031, 4.751, 6.586, 7.583, 7.48, 8.372, 9.666, 8.833, 7.064, 6.217, 5.675, 4.909, 5.065, 5.225, 3.766, 3.69, 4.362, 3.566, 3.463, 3.232, 4.495, 6.48, 9.619, 11.112, 9.719, 10.571, 9.844, 8.938, 9.336, 6.567, 4.266, 3.241, 2.702, 2.824, 2.416, 2.424, 4.342, 2.987, 2.087], [6.03, 5.691, 4.548, 3.065, 3.795, 3.643, 3.07, 3.241, 3.505, 3.481, 3.166, 1.692, 5.983, 8.389, 9.502, 8.568, 6.843, 6.107, 5.999, 7.769, 9.843, 9.997, 9.658, 10.974, 8.47, 5.935, 5.665, 6.568, 4.856, 3.621, 5.708, 4.768, 4.358, 5.376, 2.041, 1.237, 1.092, 1.216, 0.0, 1.029, 2.999, 5.103, 5.203, 5.536, 5.467, 5.218, 5.233, 5.419, 6.657, 6.486, 3.779, 5.836, 8.812, 4.315, 3.656, 4.656, 3.981, 5.14, 5.483, 4.179, 4.806, 3.553, 3.574, 3.582, 4.162, 7.006, 6.161, 5.283, 4.659, 5.623, 7.292, 8.316, 8.328, 9.174, 10.554, 9.733, 7.895, 6.932, 6.241, 5.695, 5.908, 5.931, 4.551, 4.154, 5.198, 3.904, 3.625, 3.209, 4.11, 5.662, 8.802, 10.288, 8.901, 9.753, 9.025, 8.119, 8.519, 5.748, 3.53, 2.623, 2.694, 2.94, 2.17, 2.013, 3.544, 2.267, 1.732], [5.427, 5.145, 3.971, 2.48, 3.345, 3.545, 2.633, 3.006, 2.849, 2.839, 2.478, 1.531, 5.913, 8.263, 9.393, 8.451, 6.321, 5.698, 5.757, 7.675, 9.755, 9.911, 9.563, 10.88, 8.396, 5.874, 5.551, 6.483, 4.834, 3.62, 5.775, 4.843, 4.404, 5.325, 2.275, 1.608, 1.356, 1.258, 1.029, 0.0, 2.822, 4.985, 5.08, 5.478, 5.407, 5.15, 5.147, 5.358, 6.551, 6.366, 3.552, 5.742, 8.717, 4.223, 3.583, 4.568, 3.931, 5.042, 5.454, 4.032, 4.714, 3.364, 3.457, 3.04, 3.612, 6.677, 5.635, 4.701, 4.183, 5.136, 7.242, 8.283, 8.228, 8.91, 10.104, 9.152, 7.283, 6.264, 5.558, 5.079, 5.328, 5.256, 3.988, 3.476, 4.75, 3.346, 3.158, 3.075, 3.974, 5.567, 8.719, 10.202, 8.806, 9.658, 8.931, 8.025, 8.423, 5.654, 3.433, 2.459, 2.228, 2.54, 2.002, 1.825, 3.449, 2.303, 1.516], [6.402, 5.863, 4.515, 2.406, 2.021, 2.114, 2.329, 2.022, 2.578, 3.463, 2.765, 1.974, 3.762, 5.921, 7.068, 6.11, 4.091, 3.38, 3.309, 5.273, 7.442, 7.751, 7.164, 8.467, 6.112, 3.585, 3.321, 4.265, 2.618, 1.86, 3.716, 3.222, 2.889, 3.526, 3.022, 2.992, 2.804, 3.49, 2.999, 2.822, 0.0, 2.395, 2.539, 3.164, 2.976, 2.826, 2.797, 2.878, 4.191, 4.077, 1.749, 3.269, 6.304, 2.183, 1.565, 2.412, 2.018, 3.257, 3.207, 1.681, 2.402, 1.601, 1.324, 2.11, 4.514, 8.415, 7.254, 4.882, 5.651, 6.567, 9.397, 10.452, 10.262, 10.704, 11.28, 9.995, 7.891, 6.24, 5.517, 5.628, 5.607, 5.523, 4.699, 4.626, 6.529, 3.588, 2.612, 1.839, 1.97, 3.17, 6.668, 7.844, 6.414, 7.254, 6.518, 5.647, 6.011, 3.245, 1.724, 2.033, 2.836, 2.654, 2.352, 2.18, 1.695, 1.969, 2.4], [8.498, 7.936, 6.229, 4.455, 2.392, 2.424, 3.227, 2.977, 4.588, 5.641, 4.937, 4.025, 2.123, 3.675, 4.852, 4.116, 2.922, 2.255, 2.059, 3.104, 5.371, 5.701, 4.977, 6.182, 4.128, 1.925, 1.528, 2.665, 2.241, 2.437, 2.364, 2.769, 2.332, 2.454, 4.457, 4.794, 4.782, 5.695, 5.103, 4.985, 2.395, 0.0, 1.238, 1.547, 1.489, 1.574, 1.548, 1.571, 2.419, 2.398, 2.306, 1.626, 4.014, 2.453, 2.189, 1.746, 2.094, 2.421, 1.57, 1.573, 1.054, 2.291, 2.176, 3.207, 6.559, 10.569, 9.471, 6.838, 7.659, 8.658, 11.684, 12.724, 12.467, 12.789, 13.268, 11.915, 9.872, 8.165, 7.042, 7.827, 7.421, 7.259, 6.906, 6.826, 8.676, 5.59, 3.52, 2.821, 1.769, 2.046, 4.669, 5.602, 4.162, 5.019, 4.234, 3.397, 3.781, 1.79, 3.027, 3.895, 4.691, 4.296, 4.195, 3.921, 2.583, 3.784, 4.414], [8.676, 8.128, 6.349, 4.561, 2.44, 2.376, 2.98, 3.149, 4.687, 5.805, 5.135, 4.203, 2.716, 3.504, 4.656, 3.809, 2.582, 1.917, 1.771, 2.945, 5.219, 5.604, 4.931, 6.043, 4.224, 2.564, 2.03, 3.204, 2.732, 2.534, 2.859, 3.284, 2.633, 2.806, 4.598, 4.782, 4.798, 5.811, 5.203, 5.08, 2.539, 1.238, 0.0, 1.229, 1.631, 1.841, 1.753, 1.717, 2.641, 2.542, 2.604, 2.082, 3.84, 2.41, 2.325, 1.99, 2.189, 2.914, 1.939, 1.696, 1.292, 2.451, 2.361, 3.26, 6.694, 10.745, 9.609, 6.951, 7.839, 8.794, 11.868, 12.873, 12.614, 12.934, 13.391, 11.995, 9.958, 8.354, 7.146, 7.959, 7.529, 7.302, 7.05, 6.951, 8.846, 5.768, 3.658, 3.004, 1.908, 2.287, 4.93, 5.475, 4.097, 4.858, 4.314, 3.54, 3.672, 1.99, 3.029, 3.943, 4.758, 4.416, 4.218, 4.046, 2.841, 3.873, 4.557], [9.163, 8.621, 6.825, 4.962, 2.921, 2.514, 3.453, 3.66, 5.058, 6.274, 5.647, 4.599, 2.405, 3.053, 4.208, 3.714, 3.137, 2.449, 2.457, 2.884, 4.771, 5.2, 4.511, 5.575, 4.038, 2.432, 1.773, 2.9, 2.429, 2.813, 2.65, 2.909, 2.409, 2.533, 4.736, 4.98, 5.14, 6.318, 5.536, 5.478, 3.164, 1.547, 1.229, 0.0, 1.346, 1.33, 1.379, 1.76, 2.315, 1.852, 2.549, 1.673, 3.325, 2.397, 2.548, 2.294, 2.511, 2.666, 1.892, 2.226, 1.677, 2.861, 2.738, 3.681, 7.216, 11.278, 10.075, 7.477, 8.324, 9.274, 12.386, 13.364, 13.095, 13.433, 13.889, 12.35, 10.296, 8.889, 7.636, 8.467, 8.031, 7.638, 7.563, 7.428, 9.397, 6.291, 4.18, 3.499, 2.539, 2.406, 4.804, 5.016, 3.879, 4.392, 3.887, 2.943, 3.274, 1.761, 3.243, 4.104, 5.133, 4.829, 4.57, 4.482, 2.94, 4.099, 4.94], [9.187, 8.598, 6.775, 4.923, 2.919, 2.436, 3.651, 3.591, 5.145, 6.352, 5.62, 4.431, 1.484, 3.043, 4.162, 3.84, 3.401, 3.071, 2.817, 2.633, 4.667, 5.065, 4.311, 5.532, 3.764, 1.775, 1.109, 2.07, 1.903, 2.439, 1.849, 2.251, 2.255, 1.923, 4.553, 4.805, 5.014, 6.261, 5.467, 5.407, 2.976, 1.489, 1.631, 1.346, 0.0, 1.087, 1.43, 1.442, 1.972, 1.587, 2.387, 1.035, 3.39, 2.374, 2.398, 1.8, 2.276, 1.806, 1.262, 1.953, 1.651, 2.469, 2.733, 3.638, 7.282, 11.244, 10.193, 7.525, 8.328, 9.334, 12.329, 13.383, 13.188, 13.557, 14.001, 12.475, 10.346, 8.858, 7.773, 8.481, 8.105, 7.732, 7.568, 7.541, 9.393, 6.209, 4.124, 3.431, 2.315, 1.683, 4.28, 4.928, 3.687, 4.374, 3.583, 2.762, 3.281, 1.186, 2.966, 3.968, 5.09, 4.741, 4.322, 4.343, 2.886, 4.005, 4.806], [8.951, 8.37, 6.546, 4.654, 2.486, 1.888, 3.331, 3.318, 4.869, 6.161, 5.417, 4.125, 1.865, 3.302, 4.342, 4.278, 3.732, 3.228, 3.197, 3.056, 4.962, 5.363, 4.59, 5.788, 4.136, 2.177, 1.494, 2.413, 1.571, 2.139, 2.183, 2.336, 1.689, 1.909, 4.199, 4.51, 4.819, 6.025, 5.218, 5.15, 2.826, 1.574, 1.841, 1.33, 1.087, 0.0, 1.255, 1.643, 1.768, 1.651, 2.013, 1.304, 3.606, 2.052, 2.067, 2.128, 2.036, 2.016, 1.354, 2.062, 1.868, 2.226, 2.263, 3.277, 7.018, 10.984, 9.949, 7.248, 7.909, 8.985, 12.13, 13.155, 12.98, 13.316, 13.725, 12.184, 9.995, 8.617, 7.48, 8.28, 7.805, 7.475, 7.393, 7.251, 9.081, 5.972, 3.896, 3.266, 2.455, 2.11, 4.608, 5.142, 3.954, 4.628, 3.821, 2.967, 3.497, 1.479, 2.481, 3.633, 4.75, 4.328, 4.021, 3.97, 2.391, 3.681, 4.498], [8.84, 8.318, 6.551, 4.635, 2.602, 1.989, 3.501, 3.353, 4.419, 5.8, 5.271, 4.176, 2.559, 3.525, 4.714, 3.906, 3.223, 2.747, 2.651, 3.143, 5.601, 5.969, 5.134, 5.941, 4.67, 2.734, 1.81, 2.957, 2.287, 2.347, 2.767, 2.913, 2.33, 2.406, 4.309, 4.651, 4.84, 6.047, 5.233, 5.147, 2.797, 1.548, 1.753, 1.379, 1.43, 1.255, 0.0, 1.213, 1.898, 2.151, 2.262, 1.512, 3.648, 1.578, 1.94, 1.805, 2.038, 2.46, 1.907, 1.753, 1.597, 2.364, 2.121, 3.148, 6.699, 10.986, 9.719, 7.048, 7.645, 8.784, 12.115, 13.092, 12.729, 12.918, 13.405, 11.777, 9.892, 8.52, 7.098, 8.189, 7.7, 7.125, 7.213, 7.021, 9.083, 5.991, 3.921, 3.198, 2.317, 1.654, 5.424, 5.685, 4.375, 5.087, 4.149, 3.252, 3.804, 1.538, 2.582, 3.434, 4.405, 4.121, 4.098, 3.98, 2.457, 3.595, 4.459], [8.955, 8.432, 6.673, 4.763, 2.614, 2.375, 3.562, 3.463, 4.628, 6.048, 5.423, 4.285, 2.369, 3.302, 4.499, 3.587, 2.659, 2.332, 2.101, 2.936, 5.429, 5.81, 4.869, 5.752, 4.347, 2.481, 1.689, 2.869, 2.618, 2.674, 2.543, 3.113, 2.824, 2.652, 4.875, 5.076, 5.136, 6.15, 5.419, 5.358, 2.878, 1.571, 1.717, 1.76, 1.442, 1.643, 1.213, 0.0, 1.831, 2.342, 2.448, 1.435, 3.497, 1.9, 2.308, 1.786, 2.147, 2.466, 1.645, 1.666, 1.477, 2.446, 2.427, 3.051, 6.78, 11.09, 9.813, 7.122, 7.653, 8.851, 12.238, 13.196, 12.854, 13.068, 13.373, 11.897, 10.066, 8.673, 7.095, 8.304, 7.832, 7.313, 7.401, 7.121, 9.18, 6.096, 4.022, 3.309, 2.203, 1.416, 5.168, 5.533, 3.978, 4.874, 3.998, 3.172, 3.704, 1.625, 2.947, 3.819, 4.645, 4.046, 4.323, 4.224, 2.985, 3.873, 4.696], [10.283, 9.711, 7.92, 6.085, 3.766, 3.139, 4.59, 4.655, 6.109, 7.535, 6.805, 5.514, 2.122, 2.357, 3.319, 3.597, 3.016, 3.227, 3.101, 2.844, 4.36, 4.746, 4.204, 4.904, 4.367, 2.499, 1.822, 2.699, 2.523, 3.238, 2.654, 3.213, 2.756, 2.501, 5.529, 5.892, 6.271, 7.402, 6.657, 6.551, 4.191, 2.419, 2.641, 2.315, 1.972, 1.768, 1.898, 1.831, 0.0, 1.727, 3.315, 1.873, 2.414, 2.797, 3.292, 2.378, 2.937, 2.364, 1.685, 2.924, 2.542, 3.325, 3.439, 4.405, 8.196, 12.377, 11.295, 8.547, 8.884, 10.21, 13.583, 14.563, 14.307, 14.559, 14.822, 13.32, 11.241, 10.02, 8.592, 9.713, 9.199, 8.67, 8.826, 8.55, 10.43, 7.356, 5.259, 4.577, 3.386, 2.081, 4.496, 4.563, 3.401, 3.949, 3.146, 2.302, 2.947, 1.903, 3.486, 4.691, 5.865, 5.266, 5.38, 5.34, 3.458, 4.768, 5.8], [10.111, 9.574, 7.789, 6.095, 3.897, 3.344, 4.39, 4.52, 6.306, 7.348, 6.616, 5.343, 1.576, 2.682, 3.788, 4.164, 3.976, 3.692, 3.599, 2.946, 3.625, 3.996, 3.656, 4.819, 3.395, 1.902, 1.836, 2.019, 2.029, 3.124, 2.294, 2.457, 2.409, 1.982, 5.345, 5.708, 6.103, 7.27, 6.486, 6.366, 4.077, 2.398, 2.542, 1.852, 1.587, 1.651, 2.151, 2.342, 1.727, 0.0, 3.044, 1.807, 2.667, 3.308, 3.378, 2.842, 3.061, 2.191, 1.843, 3.07, 2.44, 3.217, 3.708, 4.725, 8.47, 12.341, 11.204, 8.619, 9.112, 10.387, 13.412, 14.371, 14.214, 14.659, 15.118, 13.63, 11.394, 10.071, 8.875, 9.572, 9.183, 8.85, 8.661, 8.511, 10.502, 7.288, 5.129, 4.421, 3.311, 2.794, 3.578, 4.137, 2.957, 3.463, 2.861, 2.263, 2.874, 1.829, 3.668, 4.611, 5.995, 5.724, 5.316, 5.355, 3.351, 4.627, 5.575], [7.275, 6.644, 4.967, 3.213, 2.155, 1.76, 2.394, 2.419, 3.536, 4.56, 3.827, 2.663, 2.912, 4.919, 6.05, 5.284, 4.256, 3.635, 3.649, 4.439, 6.426, 6.792, 6.359, 7.677, 5.468, 3.308, 2.521, 3.867, 2.259, 2.12, 3.371, 3.033, 2.428, 2.985, 3.316, 3.62, 3.613, 4.359, 3.779, 3.552, 1.749, 2.306, 2.604, 2.549, 2.387, 2.013, 2.262, 2.448, 3.315, 3.044, 0.0, 2.644, 5.398, 2.165, 1.784, 2.671, 2.375, 2.748, 2.624, 1.994, 2.34, 1.521, 1.651, 2.508, 5.644, 9.417, 8.4, 5.828, 6.349, 7.575, 10.434, 11.47, 11.41, 11.852, 12.301, 10.872, 8.59, 7.194, 6.241, 6.669, 6.484, 6.195, 5.767, 5.707, 7.553, 4.472, 3.106, 2.419, 2.572, 2.888, 5.932, 6.99, 5.596, 6.314, 5.576, 4.784, 5.158, 2.7, 2.381, 2.545, 3.495, 3.117, 2.907, 2.761, 1.962, 2.504, 2.94], [9.421, 8.88, 7.207, 5.163, 3.146, 2.654, 4.147, 3.892, 5.148, 6.54, 5.861, 4.695, 1.528, 2.81, 3.913, 3.723, 3.405, 3.262, 3.002, 2.639, 4.74, 5.167, 4.204, 5.317, 3.687, 1.719, 1.234, 1.962, 2.053, 2.728, 1.816, 2.486, 2.608, 2.213, 4.846, 5.125, 5.388, 6.57, 5.836, 5.742, 3.269, 1.626, 2.082, 1.673, 1.035, 1.304, 1.512, 1.435, 1.873, 1.807, 2.644, 0.0, 3.097, 2.408, 2.588, 1.91, 2.256, 1.78, 1.329, 2.13, 1.833, 2.837, 2.639, 3.68, 7.411, 11.509, 10.358, 7.67, 8.364, 9.41, 12.652, 13.628, 13.39, 13.69, 14.111, 12.517, 10.531, 9.103, 7.826, 8.737, 8.327, 7.978, 7.85, 7.673, 9.611, 6.517, 4.564, 3.738, 2.684, 1.63, 4.307, 4.837, 3.559, 4.294, 3.321, 2.554, 3.175, 1.453, 3.151, 4.216, 5.211, 4.699, 4.58, 4.548, 2.983, 4.297, 5.056], [12.398, 11.878, 10.107, 8.218, 5.858, 5.351, 6.622, 6.88, 7.972, 9.384, 8.774, 7.594, 3.177, 1.587, 2.245, 2.691, 3.647, 4.019, 3.924, 2.599, 3.295, 3.819, 3.513, 3.814, 4.029, 3.398, 3.258, 3.447, 4.156, 5.352, 3.841, 4.591, 4.684, 3.745, 7.521, 7.945, 8.375, 9.63, 8.812, 8.717, 6.304, 4.014, 3.84, 3.325, 3.39, 3.606, 3.648, 3.497, 2.414, 2.667, 5.398, 3.097, 0.0, 4.697, 5.163, 4.198, 4.962, 3.936, 3.477, 5.035, 4.105, 5.488, 5.519, 6.454, 10.183, 14.57, 13.293, 10.598, 10.835, 12.331, 15.698, 16.675, 16.3, 16.483, 16.82, 15.258, 13.424, 12.083, 10.533, 11.773, 11.26, 10.631, 10.799, 10.589, 12.66, 9.541, 7.48, 6.782, 5.382, 3.488, 3.894, 3.663, 2.532, 3.078, 2.617, 1.566, 2.31, 3.211, 5.375, 6.559, 7.599, 7.135, 7.307, 7.318, 5.381, 6.751, 7.787], [7.987, 7.502, 5.914, 3.743, 2.169, 1.66, 3.07, 2.661, 3.507, 4.888, 4.398, 3.265, 3.289, 4.676, 5.75, 5.02, 3.738, 3.193, 3.089, 4.206, 6.726, 7.134, 6.186, 7.029, 5.888, 3.633, 2.818, 3.768, 2.444, 2.121, 3.67, 3.261, 2.562, 3.047, 3.713, 3.805, 3.956, 5.134, 4.315, 4.223, 2.183, 2.453, 2.41, 2.397, 2.374, 2.052, 1.578, 1.9, 2.797,