[[0.0, 1.679, 1.722, 1.391, 3.062, 3.274, 2.189, 2.093, 1.857, 1.644, 2.806, 2.374, 1.775, 2.044, 2.668, 1.806, 1.833, 4.122, 6.41, 8.355, 8.393, 8.546, 10.059, 10.003, 9.787, 9.178, 8.769, 9.663, 9.767, 10.056, 11.363, 10.91, 10.981, 10.675, 9.391, 10.011, 12.911, 15.313, 11.715, 8.082, 6.026, 4.967, 4.577, 4.553, 4.596, 4.628, 5.608, 6.454, 6.697, 7.032, 7.974, 7.6, 6.3, 7.045, 7.667, 6.516, 5.701, 5.711, 5.835, 3.874, 3.215, 2.806, 2.981, 3.648, 4.334, 4.791, 3.93, 5.348, 6.849, 6.081, 5.371, 5.124, 4.833, 4.357, 3.974, 3.864, 4.528, 5.614, 5.838, 5.382, 5.808, 8.772, 10.566, 9.262, 7.909, 9.312, 10.768, 9.803, 7.816, 6.564, 7.293, 10.426, 13.898, 14.651, 14.492, 16.377, 15.361, 11.477, 9.913, 9.655, 8.626, 6.554, 6.318, 6.353, 4.325, 3.31, 3.741, 3.593, 2.98, 3.156, 2.517, 1.876, 2.091, 2.52, 3.008, 3.915, 4.971, 5.549, 5.124, 2.927, 2.236, 2.795, 3.467, 3.429, 2.269, 2.143, 3.134, 3.866, 2.043, 2.086, 2.051, 3.515, 4.405, 5.639, 4.825, 4.477, 3.857, 3.1, 3.606, 3.756, 3.895, 3.845, 4.651, 6.188, 6.877, 8.183, 9.136, 7.546, 4.338, 3.298, 3.4, 3.673, 5.461, 5.876, 6.165, 6.181, 7.301, 6.57, 6.601, 7.763, 7.802, 6.965, 6.735, 7.645, 8.091, 6.77, 6.089, 6.005, 4.985, 4.108, 3.75, 4.833, 6.02, 7.653, 10.163, 11.361, 10.331, 10.293, 10.387, 10.322, 10.102, 10.739, 12.874, 15.64, 15.504, 13.437, 11.636, 10.153, 10.642, 9.893, 11.731, 15.756, 16.565, 13.783, 13.259, 13.432, 12.783, 12.771, 13.355, 13.766, 12.702, 10.387, 9.157, 8.781, 7.219, 6.705, 8.143, 9.304, 10.089, 9.804, 9.208, 9.303, 8.717, 9.633, 10.279, 8.824, 7.571, 8.487, 8.139, 7.221, 7.856, 8.994, 8.089, 6.042, 4.091, 3.772, 5.248, 6.202, 6.379, 7.749], [1.679, 0.0, 1.912, 1.905, 2.272, 2.302, 1.812, 2.527, 2.372, 1.763, 2.067, 1.702, 2.103, 2.429, 2.453, 1.692, 3.066, 5.331, 7.425, 9.479, 9.49, 9.713, 11.141, 11.083, 10.873, 10.256, 9.848, 10.761, 10.886, 11.108, 12.366, 11.91, 12.089, 11.647, 10.434, 11.04, 13.909, 16.332, 12.695, 9.156, 7.008, 5.884, 5.591, 5.502, 5.601, 5.639, 6.572, 7.403, 7.631, 7.965, 8.99, 8.67, 7.387, 8.095, 8.697, 7.547, 6.788, 6.771, 6.834, 4.849, 3.827, 2.983, 3.612, 4.77, 5.436, 5.808, 4.953, 6.446, 7.865, 7.115, 6.274, 6.041, 5.903, 5.423, 4.972, 4.864, 5.573, 6.765, 6.887, 6.472, 6.856, 9.821, 11.877, 10.561, 9.159, 10.459, 11.804, 10.986, 9.097, 7.861, 8.632, 11.734, 15.208, 15.788, 15.569, 17.45, 16.459, 12.558, 11.045, 10.723, 9.654, 7.578, 7.357, 7.393, 5.277, 4.221, 4.684, 4.578, 3.811, 3.731, 2.832, 1.985, 2.071, 1.921, 1.962, 2.809, 3.747, 4.187, 3.869, 2.061, 1.815, 2.454, 2.86, 3.002, 2.181, 2.227, 2.673, 3.55, 2.222, 2.662, 2.223, 2.952, 3.552, 4.435, 3.879, 3.194, 2.957, 3.431, 4.07, 3.966, 3.658, 3.643, 4.174, 5.73, 6.584, 7.841, 8.678, 7.161, 4.771, 4.35, 4.315, 4.172, 6.253, 6.884, 7.245, 7.256, 8.385, 7.596, 7.668, 8.853, 8.798, 7.952, 7.642, 8.678, 9.174, 7.83, 7.207, 7.202, 6.034, 5.224, 4.88, 6.111, 7.297, 8.889, 11.323, 12.552, 11.408, 11.313, 11.399, 11.386, 11.188, 11.801, 13.969, 16.763, 16.569, 14.518, 12.793, 11.237, 11.704, 10.975, 12.841, 16.895, 17.602, 14.773, 14.312, 14.468, 13.872, 13.881, 14.411, 14.922, 13.85, 11.52, 10.174, 9.79, 8.321, 7.939, 9.288, 10.548, 11.289, 11.067, 10.399, 10.379, 9.851, 10.689, 11.368, 9.955, 8.802, 9.583, 9.234, 8.333, 8.927, 9.997, 9.111, 7.085, 5.266, 4.479, 5.903, 7.311, 7.487, 8.893], [1.722, 1.912, 0.0, 1.327, 3.487, 3.711, 2.557, 1.795, 2.041, 1.976, 3.198, 2.753, 1.725, 2.207, 2.495, 2.038, 1.85, 3.875, 5.851, 7.644, 7.828, 7.949, 9.468, 9.348, 9.3, 8.815, 8.362, 9.047, 9.173, 9.604, 10.749, 10.224, 10.51, 10.06, 8.876, 9.565, 12.336, 14.764, 11.009, 7.498, 5.467, 4.56, 4.187, 3.974, 3.976, 4.085, 5.055, 5.809, 6.0, 6.374, 7.334, 6.942, 5.82, 6.461, 7.016, 5.998, 5.316, 5.372, 5.435, 3.502, 2.786, 2.475, 2.543, 3.357, 3.84, 4.195, 3.345, 4.832, 6.24, 5.549, 5.072, 4.811, 4.399, 3.963, 3.536, 3.567, 4.025, 5.003, 5.257, 4.775, 5.148, 8.116, 10.158, 8.803, 7.375, 8.625, 10.141, 9.242, 7.418, 6.205, 6.913, 9.976, 13.45, 13.994, 13.763, 15.742, 14.649, 10.792, 9.305, 8.945, 7.967, 5.875, 5.611, 5.567, 3.654, 2.981, 3.498, 3.137, 2.479, 2.488, 1.715, 1.364, 1.963, 2.78, 3.348, 4.287, 5.458, 5.945, 5.582, 3.31, 2.367, 2.922, 3.632, 3.528, 2.45, 2.146, 3.477, 3.782, 2.054, 1.681, 2.247, 3.56, 4.748, 6.05, 5.214, 4.909, 4.271, 3.722, 4.013, 4.18, 4.065, 4.086, 4.708, 6.227, 7.017, 8.033, 8.839, 7.569, 4.528, 3.194, 3.018, 3.282, 5.049, 5.333, 5.506, 5.4, 6.546, 5.913, 5.958, 7.034, 7.087, 6.223, 6.093, 6.998, 7.418, 6.014, 5.626, 5.538, 4.666, 3.984, 3.507, 4.477, 5.617, 7.275, 9.6, 10.769, 9.694, 9.72, 9.788, 9.832, 9.535, 10.062, 12.124, 14.909, 14.857, 12.87, 11.068, 9.516, 9.97, 9.314, 11.07, 15.197, 15.832, 13.085, 12.662, 12.845, 12.065, 12.054, 12.648, 13.13, 12.107, 9.692, 8.556, 8.212, 6.643, 6.268, 7.443, 8.829, 9.566, 9.309, 8.633, 8.548, 8.047, 9.125, 9.628, 8.18, 7.125, 7.789, 7.486, 6.691, 7.225, 8.522, 7.533, 5.308, 3.63, 3.495, 4.757, 5.764, 5.812, 7.175], [1.391, 1.905, 1.327, 0.0, 3.137, 3.476, 2.103, 1.619, 1.746, 2.041, 3.209, 2.732, 1.876, 2.376, 2.974, 2.318, 1.962, 4.125, 6.264, 7.963, 8.118, 8.251, 9.8, 9.71, 9.734, 9.234, 8.813, 9.472, 9.507, 9.934, 11.175, 10.622, 10.856, 10.49, 9.32, 9.983, 12.794, 15.21, 11.426, 7.904, 5.788, 5.086, 4.664, 4.423, 4.268, 4.276, 5.277, 6.151, 6.379, 6.757, 7.664, 7.307, 6.184, 6.874, 7.387, 6.361, 5.691, 5.765, 5.846, 3.985, 3.418, 2.624, 2.518, 3.535, 4.089, 4.568, 3.7, 5.157, 6.651, 5.99, 5.666, 5.472, 4.84, 4.278, 3.886, 3.809, 4.318, 5.277, 5.646, 5.119, 5.57, 8.472, 10.184, 8.887, 7.54, 8.938, 10.535, 9.504, 7.517, 6.193, 6.929, 10.046, 13.531, 14.254, 14.074, 16.104, 14.972, 11.143, 9.617, 9.316, 8.353, 6.261, 5.961, 5.897, 3.91, 3.098, 3.652, 3.502, 2.852, 2.469, 1.841, 1.23, 1.809, 2.651, 3.278, 4.264, 5.383, 5.926, 5.546, 3.277, 2.63, 3.06, 3.75, 3.61, 2.306, 2.408, 3.584, 3.966, 2.04, 1.856, 1.907, 3.398, 4.677, 6.02, 5.258, 4.862, 4.271, 3.699, 4.138, 4.104, 3.866, 3.907, 4.454, 5.91, 6.655, 7.834, 8.77, 7.244, 4.508, 3.055, 3.165, 3.441, 5.138, 5.494, 5.769, 5.765, 6.913, 6.269, 6.341, 7.408, 7.477, 6.632, 6.311, 7.402, 7.697, 6.4, 5.817, 5.67, 4.913, 4.27, 3.845, 4.573, 5.683, 7.4, 9.835, 10.992, 10.11, 10.145, 10.238, 10.275, 9.901, 10.436, 12.486, 15.254, 15.218, 13.184, 11.267, 9.822, 10.35, 9.586, 11.343, 15.444, 16.214, 13.479, 13.06, 13.256, 12.448, 12.408, 13.004, 13.403, 12.329, 10.022, 8.93, 8.592, 6.887, 6.344, 7.753, 9.031, 9.774, 9.434, 8.839, 8.893, 8.372, 9.521, 9.98, 8.571, 7.275, 8.173, 7.823, 6.906, 7.502, 8.924, 7.874, 5.679, 3.787, 3.739, 5.02, 5.907, 6.009, 7.363], [3.062, 2.272, 3.487, 3.137, 0.0, 0.961, 1.776, 3.59, 2.928, 2.315, 1.776, 1.795, 3.373, 3.537, 3.191, 2.766, 4.447, 6.878, 9.154, 11.024, 11.114, 11.249, 12.766, 12.695, 12.586, 12.045, 11.619, 12.365, 12.434, 12.784, 14.064, 13.588, 13.714, 13.386, 12.17, 12.808, 15.677, 18.079, 14.364, 10.743, 8.699, 7.587, 7.332, 7.221, 7.227, 7.242, 8.225, 9.058, 9.279, 9.634, 10.643, 10.309, 8.931, 9.746, 10.346, 9.138, 8.494, 8.537, 8.633, 6.538, 5.6, 4.719, 5.228, 6.42, 7.084, 7.515, 6.572, 8.077, 9.56, 8.851, 8.095, 7.863, 7.661, 7.074, 6.665, 6.475, 7.221, 8.299, 8.562, 8.087, 8.495, 11.476, 13.283, 11.956, 10.601, 11.985, 13.469, 12.507, 10.518, 9.258, 10.01, 13.149, 16.606, 17.315, 17.129, 19.081, 18.026, 14.166, 12.621, 12.343, 11.338, 9.242, 8.845, 8.925, 6.88, 5.664, 6.201, 6.099, 5.35, 5.039, 4.115, 3.135, 2.293, 1.728, 1.835, 2.124, 2.448, 2.868, 2.687, 1.916, 2.311, 1.909, 1.761, 1.968, 3.055, 3.026, 2.367, 3.471, 3.645, 4.238, 2.887, 2.71, 2.939, 3.453, 3.021, 2.741, 3.379, 4.231, 4.765, 4.494, 4.26, 4.071, 4.312, 5.203, 5.87, 7.086, 7.706, 6.453, 4.872, 5.42, 5.637, 5.418, 7.298, 8.3, 8.791, 8.819, 9.943, 9.229, 9.273, 10.404, 10.477, 9.612, 9.283, 10.33, 10.742, 9.39, 8.795, 8.626, 7.661, 6.796, 6.366, 7.487, 8.686, 10.381, 12.852, 14.053, 13.052, 13.032, 13.116, 13.13, 12.834, 13.435, 15.54, 18.306, 18.211, 16.159, 14.315, 12.838, 13.335, 12.583, 14.396, 18.428, 19.225, 16.468, 15.979, 16.172, 15.441, 15.448, 16.044, 16.442, 15.376, 13.055, 11.872, 11.515, 9.859, 9.384, 10.815, 11.996, 12.803, 12.513, 11.9, 11.94, 11.399, 12.383, 12.978, 11.518, 10.292, 11.169, 10.761, 9.696, 10.413, 11.693, 10.726, 8.688, 6.628, 5.73, 7.205, 8.64, 8.895, 10.32], [3.274, 2.302, 3.711, 3.476, 0.961, 0.0, 1.901, 3.793, 2.982, 2.262, 1.68, 1.719, 3.543, 3.583, 3.296, 2.737, 4.734, 7.069, 9.207, 11.137, 11.199, 11.405, 12.887, 12.772, 12.62, 12.053, 11.635, 12.444, 12.541, 12.926, 14.13, 13.634, 13.855, 13.427, 12.217, 12.846, 15.723, 18.111, 14.436, 10.903, 8.791, 7.704, 7.402, 7.322, 7.323, 7.335, 8.304, 9.151, 9.38, 9.712, 10.713, 10.373, 9.044, 9.825, 10.393, 9.192, 8.598, 8.55, 8.644, 6.645, 5.597, 4.773, 5.412, 6.584, 7.222, 7.597, 6.633, 8.138, 9.617, 8.897, 8.076, 7.831, 7.688, 7.209, 6.719, 6.551, 7.274, 8.445, 8.679, 8.205, 8.581, 11.551, 13.574, 12.258, 10.83, 12.138, 13.519, 12.622, 10.794, 9.558, 10.33, 13.431, 16.905, 17.474, 17.227, 19.131, 18.138, 14.226, 12.703, 12.411, 11.387, 9.31, 8.968, 9.072, 6.981, 5.876, 6.358, 6.189, 5.425, 5.099, 4.219, 3.271, 2.421, 1.895, 1.965, 2.293, 2.274, 2.606, 2.412, 2.133, 2.343, 1.737, 1.69, 1.868, 3.134, 3.05, 2.26, 3.423, 3.707, 4.303, 2.885, 2.754, 2.914, 3.287, 2.937, 2.813, 3.414, 4.234, 4.921, 4.522, 4.286, 4.092, 4.256, 5.286, 6.076, 7.26, 7.806, 6.581, 5.136, 5.774, 5.846, 5.817, 7.586, 8.479, 8.906, 8.955, 10.048, 9.37, 9.352, 10.509, 10.52, 9.683, 9.348, 10.373, 10.829, 9.493, 8.956, 8.905, 7.876, 6.972, 6.61, 7.833, 8.976, 10.602, 13.029, 14.216, 13.102, 13.086, 13.165, 13.161, 12.901, 13.499, 15.641, 18.45, 18.304, 16.268, 14.513, 12.963, 13.398, 12.695, 14.575, 18.575, 19.281, 16.512, 16.028, 16.227, 15.546, 15.551, 16.098, 16.567, 15.537, 13.171, 11.921, 11.565, 9.963, 9.646, 10.966, 12.226, 12.957, 12.767, 12.111, 12.044, 11.502, 12.502, 13.064, 11.606, 10.468, 11.243, 10.883, 9.895, 10.581, 11.768, 10.782, 8.786, 6.88, 6.127, 7.625, 8.944, 9.139, 10.577], [2.189, 1.812, 2.557, 2.103, 1.776, 1.901, 0.0, 2.197, 1.929, 1.585, 1.794, 1.328, 2.434, 2.811, 2.586, 2.103, 3.155, 5.477, 7.641, 9.568, 9.601, 9.773, 11.283, 11.189, 11.059, 10.473, 10.072, 10.874, 11.0, 11.325, 12.599, 12.125, 12.262, 11.915, 10.67, 11.316, 14.21, 16.601, 12.916, 9.304, 7.26, 6.28, 5.857, 5.797, 5.794, 5.817, 6.789, 7.621, 7.842, 8.197, 9.181, 8.809, 7.475, 8.312, 8.884, 7.635, 7.001, 6.987, 7.119, 5.108, 4.214, 3.237, 3.774, 4.951, 5.599, 6.016, 5.097, 6.573, 8.079, 7.363, 6.563, 6.436, 6.133, 5.615, 5.158, 4.989, 5.715, 6.802, 7.056, 6.589, 7.011, 9.97, 11.884, 10.532, 9.119, 10.524, 11.963, 10.993, 9.085, 7.839, 8.642, 11.704, 15.182, 15.872, 15.708, 17.575, 16.561, 12.659, 11.116, 10.842, 9.835, 7.775, 7.441, 7.54, 5.454, 4.367, 4.788, 4.739, 4.021, 3.514, 2.628, 1.752, 1.356, 1.331, 1.894, 2.596, 3.653, 4.266, 4.004, 2.044, 1.656, 2.143, 2.612, 2.599, 1.891, 1.958, 2.49, 3.288, 2.772, 2.876, 2.15, 2.442, 3.07, 4.315, 3.67, 3.174, 3.064, 3.631, 4.197, 3.977, 3.746, 3.61, 3.935, 5.066, 5.962, 7.126, 7.97, 6.513, 4.489, 4.32, 4.427, 4.577, 6.227, 6.925, 7.358, 7.407, 8.529, 7.795, 7.857, 8.985, 9.015, 8.165, 7.836, 8.867, 9.297, 7.975, 7.361, 7.282, 6.287, 5.429, 5.076, 6.18, 7.297, 8.888, 11.384, 12.573, 11.546, 11.519, 11.632, 11.603, 11.327, 11.934, 14.072, 16.84, 16.705, 14.652, 12.884, 11.334, 11.842, 11.098, 12.98, 16.99, 17.763, 15.006, 14.472, 14.666, 14.0, 13.982, 14.537, 14.979, 13.91, 11.588, 10.365, 10.009, 8.394, 8.002, 9.366, 10.528, 11.288, 11.064, 10.474, 10.525, 9.93, 10.876, 11.486, 10.04, 8.819, 9.674, 9.317, 8.273, 9.017, 10.207, 9.223, 7.265, 5.266, 4.905, 6.424, 7.484, 7.528, 8.952], [2.093, 2.527, 1.795, 1.619, 3.59, 3.793, 2.197, 0.0, 1.689, 2.06, 3.451, 2.881, 1.686, 2.119, 2.495, 2.054, 1.961, 4.023, 5.889, 7.61, 7.701, 7.845, 9.316, 9.239, 9.228, 8.759, 8.397, 9.041, 9.122, 9.441, 10.7, 10.145, 10.414, 10.001, 8.805, 9.555, 12.385, 14.717, 10.958, 7.465, 5.536, 4.966, 4.508, 4.566, 4.199, 4.292, 4.989, 5.682, 5.895, 6.238, 7.199, 6.832, 5.964, 6.493, 6.901, 5.75, 5.15, 5.216, 5.434, 3.717, 3.263, 3.119, 2.645, 3.39, 3.723, 4.086, 3.343, 4.741, 6.171, 5.552, 5.349, 5.188, 4.473, 3.819, 3.511, 3.92, 4.163, 4.912, 5.227, 4.642, 5.248, 7.999, 9.937, 8.635, 7.285, 8.589, 10.048, 9.145, 7.279, 5.999, 6.707, 9.834, 13.286, 13.931, 13.724, 15.648, 14.59, 10.705, 9.203, 8.866, 7.869, 5.8, 5.454, 5.574, 3.508, 2.839, 3.233, 2.942, 2.467, 2.401, 1.5, 1.454, 1.891, 2.828, 3.531, 4.439, 5.567, 6.178, 5.875, 3.73, 2.98, 3.456, 4.025, 3.918, 2.702, 2.477, 3.672, 3.607, 2.043, 1.522, 2.038, 3.446, 4.781, 6.222, 5.382, 5.058, 4.45, 3.633, 3.546, 3.755, 3.747, 3.835, 4.438, 5.988, 6.828, 7.829, 8.699, 7.22, 3.869, 2.836, 2.639, 3.012, 4.714, 4.996, 5.475, 5.388, 6.52, 5.81, 5.98, 6.984, 7.003, 6.17, 5.88, 6.903, 7.331, 6.057, 5.443, 5.337, 4.61, 4.22, 4.075, 4.513, 5.444, 7.042, 9.414, 10.708, 9.643, 9.705, 9.848, 9.773, 9.44, 9.96, 12.1, 14.882, 14.737, 12.717, 10.855, 9.362, 9.866, 9.136, 10.963, 15.047, 15.747, 12.984, 12.572, 12.768, 12.004, 12.011, 12.567, 13.081, 11.995, 9.65, 8.442, 8.105, 6.462, 6.007, 7.425, 8.683, 9.433, 9.158, 8.521, 8.51, 8.001, 8.999, 9.519, 8.143, 6.928, 7.72, 7.378, 6.38, 7.044, 8.369, 7.276, 5.292, 3.416, 3.419, 4.679, 5.48, 5.528, 7.002], [1.857, 2.372, 2.041, 1.746, 2.928, 2.982, 1.929, 1.689, 0.0, 1.148, 2.553, 2.189, 2.138, 2.134, 2.459, 1.987, 2.579, 4.656, 6.555, 8.325, 8.507, 8.649, 10.166, 10.008, 10.055, 9.532, 9.132, 9.768, 9.928, 10.284, 11.503, 10.942, 11.255, 10.817, 9.628, 10.322, 13.161, 15.541, 11.736, 8.279, 6.256, 5.604, 5.051, 4.832, 4.631, 4.625, 5.613, 6.443, 6.678, 7.033, 7.958, 7.593, 6.48, 7.263, 7.737, 6.507, 6.007, 6.01, 6.193, 4.301, 3.551, 2.906, 2.845, 3.981, 4.442, 4.846, 4.105, 5.559, 6.947, 6.313, 5.934, 5.778, 5.153, 4.606, 4.112, 3.981, 4.602, 5.657, 5.974, 5.412, 5.943, 8.802, 10.757, 9.44, 8.018, 9.337, 10.856, 9.942, 8.077, 6.744, 7.534, 10.612, 14.087, 14.698, 14.494, 16.456, 15.304, 11.447, 9.998, 9.606, 8.654, 6.584, 6.219, 6.321, 4.435, 3.917, 4.378, 3.953, 3.437, 3.083, 2.22, 1.793, 1.646, 2.198, 2.967, 3.814, 4.754, 5.308, 4.907, 3.02, 2.15, 2.247, 2.87, 2.641, 2.02, 1.89, 2.788, 3.201, 1.917, 2.232, 1.717, 2.768, 4.046, 5.421, 4.58, 4.487, 3.848, 3.318, 3.692, 3.459, 3.392, 3.402, 3.807, 5.457, 6.193, 7.435, 8.254, 6.851, 4.087, 4.0, 3.809, 4.292, 6.008, 6.063, 6.192, 6.137, 7.264, 6.636, 6.733, 7.812, 7.8, 6.989, 6.771, 7.755, 8.125, 6.736, 6.308, 6.19, 5.381, 4.672, 4.413, 5.261, 6.22, 7.916, 10.214, 11.443, 10.442, 10.444, 10.569, 10.571, 10.232, 10.733, 12.781, 15.595, 15.507, 13.511, 11.68, 10.133, 10.676, 9.958, 11.693, 15.883, 16.546, 13.797, 13.338, 13.534, 12.764, 12.714, 13.318, 13.831, 12.737, 10.402, 9.208, 8.916, 7.196, 6.824, 8.147, 9.507, 10.198, 9.946, 9.285, 9.265, 8.758, 9.86, 10.31, 8.915, 7.771, 8.49, 8.083, 7.213, 7.82, 9.151, 8.041, 6.026, 4.296, 4.478, 5.831, 6.636, 6.405, 7.808], [1.644, 1.763, 1.976, 2.041, 2.315, 2.262, 1.585, 2.06, 1.148, 0.0, 1.655, 1.345, 1.967, 2.058, 1.975, 1.405, 2.901, 5.095, 7.127, 9.239, 9.274, 9.477, 10.897, 10.808, 10.568, 9.921, 9.508, 10.478, 10.687, 10.797, 12.105, 11.654, 11.783, 11.389, 10.108, 10.725, 13.615, 16.021, 12.452, 8.902, 6.862, 5.795, 5.362, 5.28, 5.392, 5.47, 6.342, 7.177, 7.406, 7.738, 8.737, 8.389, 7.169, 7.874, 8.466, 7.226, 6.434, 6.414, 6.579, 4.566, 3.606, 2.97, 3.273, 4.518, 5.14, 5.522, 4.755, 6.238, 7.576, 6.792, 6.027, 5.808, 5.551, 5.124, 4.683, 4.645, 5.337, 6.505, 6.591, 6.179, 6.632, 9.584, 11.662, 10.346, 8.938, 10.225, 11.56, 10.778, 8.883, 7.646, 8.418, 11.519, 14.994, 15.602, 15.395, 17.214, 16.213, 12.286, 10.821, 10.446, 9.39, 7.333, 7.094, 7.203, 5.127, 4.089, 4.483, 4.276, 3.672, 3.57, 2.696, 1.983, 1.327, 1.733, 2.328, 3.05, 3.85, 4.402, 4.019, 2.209, 1.424, 1.634, 2.33, 2.242, 1.664, 1.313, 2.055, 2.735, 1.925, 2.368, 1.664, 2.433, 3.39, 4.518, 3.671, 3.647, 3.064, 3.132, 3.584, 3.351, 3.39, 3.18, 3.636, 5.295, 6.096, 7.365, 8.187, 6.695, 4.203, 4.399, 4.216, 4.502, 6.349, 6.693, 7.083, 7.04, 8.166, 7.353, 7.453, 8.651, 8.562, 7.724, 7.481, 8.477, 9.002, 7.615, 7.028, 7.017, 5.802, 4.921, 4.738, 5.949, 7.078, 8.675, 11.076, 12.343, 11.156, 11.013, 11.116, 11.027, 10.938, 11.531, 13.691, 16.492, 16.283, 14.242, 12.552, 10.954, 11.463, 10.756, 12.57, 16.694, 17.366, 14.526, 14.027, 14.172, 13.597, 13.606, 14.159, 14.714, 13.63, 11.282, 9.891, 9.552, 8.112, 7.726, 9.06, 10.327, 11.068, 10.853, 10.18, 10.161, 9.627, 10.4, 11.135, 9.696, 8.581, 9.319, 8.98, 8.083, 8.69, 9.682, 8.817, 6.87, 5.059, 4.793, 6.186, 7.118, 7.283, 8.709], [2.806, 2.067, 3.198, 3.209, 1.776, 1.68, 1.794, 3.451, 2.553, 1.655, 0.0, 1.075, 2.804, 2.592, 2.156, 1.695, 4.38, 6.66, 8.61, 10.768, 10.796, 10.999, 12.42, 12.323, 12.052, 11.338, 10.95, 11.99, 12.185, 12.325, 13.572, 13.109, 13.271, 12.839, 11.55, 12.088, 15.013, 17.424, 13.938, 10.406, 8.381, 7.222, 6.825, 6.773, 6.871, 6.948, 7.804, 8.607, 8.823, 9.185, 10.244, 9.9, 8.667, 9.347, 9.95, 8.703, 7.837, 7.836, 8.02, 6.023, 4.961, 4.203, 4.815, 6.073, 6.654, 6.998, 6.265, 7.755, 9.044, 8.219, 7.362, 7.085, 6.942, 6.594, 6.156, 6.131, 6.849, 8.036, 8.113, 7.702, 8.144, 11.096, 13.218, 11.917, 10.489, 11.743, 13.06, 12.303, 10.454, 9.217, 9.985, 13.09, 16.565, 17.105, 16.87, 18.726, 17.732, 13.798, 12.334, 11.958, 10.881, 8.847, 8.536, 8.678, 6.567, 5.219, 5.629, 5.689, 4.915, 4.716, 3.958, 3.054, 2.173, 1.576, 1.801, 2.02, 2.389, 2.867, 2.592, 1.53, 1.76, 1.603, 2.065, 2.166, 2.638, 2.266, 1.238, 2.293, 2.672, 3.656, 2.177, 1.838, 2.412, 3.038, 2.363, 2.351, 2.322, 3.115, 3.676, 3.34, 3.241, 3.052, 3.325, 4.583, 5.497, 6.683, 7.288, 6.004, 4.268, 5.475, 5.484, 5.181, 7.264, 8.166, 8.567, 8.512, 9.638, 8.811, 8.925, 10.123, 10.034, 9.181, 8.858, 9.953, 10.48, 9.086, 8.526, 8.528, 7.29, 6.391, 6.237, 7.49, 8.633, 10.246, 12.633, 13.884, 12.668, 12.488, 12.596, 12.464, 12.465, 13.043, 15.203, 18.013, 17.8, 15.774, 14.123, 12.477, 12.975, 12.316, 14.132, 18.219, 18.837, 15.961, 15.535, 15.675, 15.104, 15.118, 15.671, 16.226, 15.188, 12.794, 11.383, 11.043, 9.633, 9.295, 10.572, 11.886, 12.617, 12.424, 11.747, 11.637, 11.139, 11.901, 12.647, 11.208, 10.125, 10.831, 10.486, 9.566, 10.189, 11.157, 10.304, 8.348, 6.542, 5.681, 7.026, 8.55, 8.703, 10.147], [2.374, 1.702, 2.753, 2.732, 1.795, 1.719, 1.328, 2.881, 2.189, 1.345, 1.075, 0.0, 2.271, 2.336, 1.979, 1.564, 3.939, 6.216, 8.14, 10.294, 10.345, 10.542, 11.962, 11.867, 11.568, 10.869, 10.485, 11.502, 11.705, 11.907, 13.096, 12.641, 12.827, 12.377, 11.107, 11.673, 14.574, 16.986, 13.46, 9.948, 7.897, 6.804, 6.354, 6.3, 6.358, 6.431, 7.305, 8.136, 8.35, 8.689, 9.755, 9.413, 8.182, 8.881, 9.462, 8.206, 7.448, 7.41, 7.532, 5.571, 4.509, 3.74, 4.378, 5.64, 6.232, 6.566, 5.791, 7.282, 8.583, 7.779, 6.935, 6.662, 6.525, 6.154, 5.702, 5.632, 6.369, 7.593, 7.658, 7.25, 7.682, 10.631, 12.75, 11.451, 10.046, 11.296, 12.572, 11.822, 9.991, 8.751, 9.517, 12.612, 16.1, 16.634, 16.369, 18.245, 17.265, 13.316, 11.86, 11.47, 10.399, 8.357, 8.029, 8.162, 6.051, 4.803, 5.213, 5.156, 4.375, 3.986, 3.229, 2.345, 1.609, 1.103, 1.392, 1.936, 2.807, 3.358, 3.222, 1.484, 1.445, 1.772, 2.291, 2.364, 2.194, 1.884, 1.699, 2.677, 2.57, 3.196, 1.839, 1.935, 2.682, 3.431, 2.792, 2.564, 2.184, 2.973, 3.542, 3.267, 3.061, 2.871, 3.304, 4.848, 5.797, 6.961, 7.602, 6.287, 4.251, 5.024, 4.946, 4.681, 6.606, 7.638, 8.064, 8.024, 9.122, 8.344, 8.409, 9.607, 9.518, 8.683, 8.345, 9.465, 9.99, 8.57, 8.053, 8.059, 6.829, 5.944, 5.813, 7.047, 8.181, 9.781, 12.189, 13.422, 12.18, 12.026, 12.129, 12.026, 12.006, 12.555, 14.715, 17.555, 17.343, 15.33, 13.679, 12.03, 12.487, 11.866, 13.689, 17.775, 18.348, 15.485, 15.062, 15.2, 14.617, 14.63, 15.183, 15.746, 14.734, 12.306, 10.929, 10.571, 9.152, 8.835, 10.114, 11.43, 12.164, 11.953, 11.304, 11.162, 10.65, 11.449, 12.177, 10.72, 9.679, 10.343, 9.998, 9.078, 9.726, 10.696, 9.808, 7.854, 6.066, 5.15, 6.581, 8.034, 8.233, 9.707], [1.775, 2.103, 1.725, 1.876, 3.373, 3.543, 2.434, 1.686, 2.138, 1.967, 2.804, 2.271, 0.0, 0.99, 1.618, 1.669, 2.647, 4.623, 6.223, 8.422, 8.489, 8.666, 10.083, 10.014, 9.687, 9.079, 8.694, 9.594, 9.836, 10.007, 11.209, 10.652, 10.933, 10.408, 9.05, 9.703, 12.518, 14.936, 11.489, 8.04, 6.163, 5.458, 4.854, 4.709, 4.741, 4.75, 5.481, 6.251, 6.456, 6.717, 7.763, 7.495, 6.756, 7.113, 7.506, 6.404, 5.542, 5.462, 5.758, 4.168, 3.47, 3.236, 2.997, 3.784, 4.414, 4.656, 3.926, 5.394, 6.643, 5.774, 5.548, 5.351, 4.708, 4.284, 3.928, 4.213, 4.742, 5.762, 5.812, 5.409, 6.005, 8.754, 10.909, 9.61, 8.181, 9.444, 10.622, 9.962, 8.187, 6.983, 7.727, 10.771, 14.259, 14.795, 14.513, 16.364, 15.412, 11.442, 9.996, 9.53, 8.489, 6.405, 6.047, 6.191, 4.102, 2.947, 3.374, 3.119, 2.368, 2.353, 1.844, 1.742, 1.816, 2.374, 2.956, 3.677, 4.752, 5.288, 5.047, 2.898, 2.755, 3.144, 3.603, 3.642, 2.731, 2.269, 2.869, 2.762, 1.359, 1.427, 1.43, 2.955, 4.27, 5.277, 4.405, 4.362, 3.489, 2.679, 2.699, 2.838, 2.868, 3.049, 3.813, 5.619, 6.651, 7.512, 8.291, 6.913, 3.72, 3.261, 3.075, 2.965, 4.875, 5.729, 6.197, 6.177, 7.204, 6.433, 6.606, 7.698, 7.599, 6.693, 6.366, 7.564, 8.136, 6.694, 6.21, 6.182, 5.139, 4.637, 4.549, 5.346, 6.343, 7.944, 10.326, 11.576, 10.228, 10.049, 10.212, 10.014, 10.153, 10.586, 12.788, 15.68, 15.459, 13.477, 11.818, 10.177, 10.567, 10.011, 11.836, 15.922, 16.382, 13.491, 13.173, 13.234, 12.656, 12.672, 13.241, 13.873, 12.886, 10.345, 9.02, 8.705, 7.283, 6.982, 8.257, 9.577, 10.313, 10.112, 9.445, 9.289, 8.716, 9.559, 10.323, 8.789, 7.808, 8.448, 8.038, 7.153, 7.843, 8.65, 7.868, 5.859, 4.18, 3.368, 4.751, 6.114, 6.267, 7.766], [2.044, 2.429, 2.207, 2.376, 3.537, 3.583, 2.811, 2.119, 2.134, 2.058, 2.592, 2.336, 0.99, 0.0, 1.41, 1.618, 3.158, 5.026, 6.575, 8.766, 8.83, 9.007, 10.423, 10.353, 10.039, 9.479, 9.047, 9.931, 10.189, 10.325, 11.554, 10.946, 11.269, 10.63, 9.282, 10.002, 12.711, 15.152, 11.803, 8.346, 6.566, 5.941, 5.346, 5.135, 5.157, 5.125, 5.833, 6.649, 6.794, 6.998, 8.088, 7.839, 7.156, 7.528, 7.854, 6.826, 5.947, 5.797, 6.176, 4.55, 3.832, 3.688, 3.316, 4.165, 4.793, 4.97, 4.292, 5.741, 6.951, 6.131, 5.947, 5.742, 5.038, 4.679, 4.354, 4.575, 5.158, 6.122, 6.122, 5.795, 6.419, 9.099, 11.25, 9.951, 8.529, 9.783, 10.975, 10.323, 8.613, 7.427, 8.134, 11.112, 14.6, 15.134, 14.852, 16.709, 15.753, 11.787, 10.339, 9.879, 8.821, 6.754, 6.374, 6.496, 4.406, 3.214, 3.677, 3.416, 2.627, 2.769, 2.416, 2.305, 2.118, 2.403, 2.841, 3.492, 4.42, 5.044, 4.781, 2.769, 2.853, 3.142, 3.349, 3.5, 2.964, 2.355, 2.567, 2.356, 1.155, 1.632, 1.305, 2.682, 4.056, 5.002, 4.142, 4.198, 3.24, 2.364, 2.265, 2.266, 2.437, 2.762, 3.51, 5.322, 6.351, 7.197, 7.959, 6.556, 3.274, 3.592, 3.424, 3.274, 5.277, 6.058, 6.536, 6.517, 7.53, 6.76, 6.996, 8.037, 7.93, 7.031, 6.692, 7.916, 8.486, 7.041, 6.611, 6.538, 5.582, 5.087, 5.026, 5.772, 6.722, 8.277, 10.667, 11.917, 10.571, 10.337, 10.536, 10.249, 10.492, 10.922, 13.125, 16.02, 15.779, 13.81, 12.159, 10.509, 10.916, 10.352, 12.172, 16.262, 16.71, 13.812, 13.518, 13.565, 12.981, 13.025, 13.585, 14.218, 13.227, 10.701, 9.354, 9.047, 7.627, 7.323, 8.598, 9.924, 10.655, 10.453, 9.786, 9.641, 9.068, 9.914, 10.664, 9.132, 8.149, 8.795, 8.382, 7.501, 8.182, 8.915, 8.219, 6.185, 4.504, 3.623, 4.999, 6.399, 6.568, 8.092], [2.668, 2.453, 2.495, 2.974, 3.191, 3.296, 2.586, 2.495, 2.459, 1.975, 2.156, 1.979, 1.618, 1.41, 0.0, 1.344, 3.651, 5.732, 7.469, 9.657, 9.727, 9.916, 11.332, 11.258, 10.943, 10.259, 9.848, 10.826, 11.074, 11.227, 12.447, 11.926, 12.138, 11.611, 10.324, 10.936, 13.76, 16.206, 12.734, 9.233, 7.257, 6.34, 5.81, 5.752, 5.931, 5.982, 6.741, 7.404, 7.594, 7.879, 9.045, 8.741, 7.947, 8.258, 8.796, 7.579, 6.762, 6.67, 6.918, 5.181, 4.327, 4.14, 4.243, 5.1, 5.603, 5.852, 5.171, 6.642, 7.862, 7.041, 6.582, 6.308, 5.818, 5.517, 5.077, 5.531, 5.963, 6.975, 6.99, 6.642, 7.077, 9.999, 12.139, 10.84, 9.411, 10.679, 11.91, 11.197, 9.403, 8.256, 8.934, 12.001, 15.488, 16.021, 15.746, 17.607, 16.648, 12.684, 11.232, 10.807, 9.715, 7.671, 7.296, 7.409, 5.303, 3.951, 4.408, 4.31, 3.496, 3.538, 2.706, 2.452, 1.889, 2.07, 2.243, 2.615, 3.581, 4.206, 4.112, 2.444, 2.732, 3.069, 3.379, 3.488, 2.987, 2.423, 2.01, 1.867, 1.799, 2.583, 1.978, 2.026, 3.068, 4.034, 3.204, 3.195, 2.392, 2.127, 2.21, 2.243, 2.249, 2.363, 2.842, 4.612, 5.55, 6.489, 7.292, 5.94, 2.899, 4.301, 4.243, 3.734, 5.792, 6.907, 7.424, 7.404, 8.442, 7.648, 7.749, 8.955, 8.844, 7.97, 7.645, 8.814, 9.38, 7.911, 7.415, 7.384, 6.139, 5.636, 5.541, 6.397, 7.541, 9.166, 11.555, 12.805, 11.51, 11.263, 11.415, 11.262, 11.388, 11.871, 14.039, 16.922, 16.677, 14.712, 13.048, 11.416, 11.839, 11.241, 13.067, 17.146, 17.661, 14.771, 14.424, 14.505, 13.929, 13.974, 14.514, 15.112, 14.116, 11.647, 10.267, 9.945, 8.516, 8.211, 9.499, 10.807, 11.543, 11.342, 10.675, 10.525, 10.003, 10.796, 11.562, 10.05, 9.041, 9.702, 9.324, 8.383, 9.076, 9.901, 9.143, 7.135, 5.367, 4.203, 5.539, 7.253, 7.441, 8.995], [1.806, 1.692, 2.038, 2.318, 2.766, 2.737, 2.103, 2.054, 1.987, 1.405, 1.695, 1.564, 1.669, 1.618, 1.344, 0.0, 2.969, 5.241, 7.338, 9.399, 9.41, 9.628, 11.056, 11.002, 10.74, 10.051, 9.651, 10.67, 10.799, 11.02, 12.276, 11.837, 11.978, 11.575, 10.304, 10.826, 13.715, 16.182, 12.618, 9.015, 6.901, 5.778, 5.423, 5.406, 5.516, 5.578, 6.442, 7.235, 7.477, 7.814, 8.912, 8.589, 7.35, 8.012, 8.616, 7.381, 6.592, 6.589, 6.746, 4.768, 3.777, 3.509, 3.809, 4.687, 5.359, 5.733, 4.873, 6.365, 7.78, 6.977, 6.183, 5.874, 5.699, 5.317, 4.875, 5.037, 5.555, 6.679, 6.807, 6.387, 6.782, 9.742, 11.811, 10.479, 9.066, 10.378, 11.728, 10.9, 9.019, 7.786, 8.568, 11.662, 15.128, 15.678, 15.463, 17.369, 16.379, 12.477, 10.965, 10.642, 9.582, 7.493, 7.122, 7.234, 5.138, 4.039, 4.425, 4.275, 3.63, 3.546, 2.564, 1.903, 1.717, 1.992, 2.114, 2.946, 3.764, 4.318, 4.121, 2.347, 2.127, 2.543, 3.047, 3.187, 2.523, 2.038, 2.012, 2.575, 1.718, 2.445, 1.747, 2.453, 3.411, 4.394, 3.534, 3.318, 2.622, 2.579, 2.971, 3.042, 2.987, 2.906, 3.538, 5.203, 5.974, 7.221, 8.081, 6.614, 3.607, 4.196, 4.021, 3.885, 5.928, 6.626, 7.131, 7.15, 8.279, 7.494, 7.562, 8.746, 8.693, 7.854, 7.504, 8.598, 9.071, 7.721, 7.09, 7.072, 5.873, 4.992, 4.831, 6.005, 7.214, 8.824, 11.242, 12.466, 11.328, 11.224, 11.327, 11.211, 11.107, 11.722, 13.889, 16.678, 16.484, 14.433, 12.733, 11.157, 11.625, 10.918, 12.782, 16.809, 17.517, 14.683, 14.232, 14.376, 13.792, 13.8, 14.331, 14.836, 13.767, 11.439, 10.101, 9.718, 8.223, 7.874, 9.208, 10.464, 11.198, 11.002, 10.34, 10.292, 9.77, 10.587, 11.288, 9.873, 8.712, 9.503, 9.142, 8.075, 8.755, 9.868, 8.987, 6.991, 5.029, 4.296, 5.733, 7.047, 7.256, 8.734], [1.833, 3.066, 1.85, 1.962, 4.447, 4.734, 3.155, 1.961, 2.579, 2.901, 4.38, 3.939, 2.647, 3.158, 3.651, 2.969, 0.0, 2.74, 4.942, 6.755, 6.848, 6.99, 8.508, 8.436, 8.362, 7.794, 7.362, 8.14, 8.188, 8.571, 9.844, 9.325, 9.481, 9.154, 7.953, 8.582, 11.458, 13.851, 10.12, 6.55, 4.451, 3.508, 3.173, 3.272, 3.121, 3.233, 4.119, 4.838, 5.067, 5.407, 6.397, 6.049, 4.829, 5.476, 6.192, 5.005, 4.26, 4.299, 4.399, 2.47, 2.382, 2.555, 2.537, 2.478, 2.815, 3.265, 2.519, 3.848, 5.334, 4.645, 4.059, 3.818, 3.432, 2.9, 2.622, 2.831, 3.123, 4.04, 4.319, 3.828, 4.237, 7.217, 8.938, 7.654, 6.29, 7.711, 9.229, 8.195, 6.217, 4.96, 5.718, 8.768, 12.304, 13.005, 12.86, 14.822, 13.767, 9.906, 8.352, 8.084, 7.079, 5.158, 4.867, 4.957, 3.052, 2.409, 2.674, 2.595, 2.112, 2.574, 2.127, 2.127, 2.989, 3.977, 4.56, 5.554, 6.637, 7.197, 6.853, 4.63, 3.518, 3.985, 4.825, 4.48, 3.003, 3.105, 4.641, 5.047, 3.178, 1.994, 3.266, 4.843, 5.928, 7.279, 6.44, 6.125, 5.518, 4.309, 4.551, 5.016, 5.24, 5.239, 5.998, 7.367, 8.037, 9.191, 10.208, 8.645, 4.928, 2.937, 2.926, 3.328, 4.66, 4.611, 4.521, 4.549, 5.669, 4.984, 5.011, 6.175, 6.317, 5.571, 5.479, 6.104, 6.471, 5.121, 4.481, 4.311, 3.409, 2.693, 2.365, 3.13, 4.344, 6.074, 8.589, 9.76, 8.793, 8.814, 8.868, 8.905, 8.591, 9.176, 11.28, 14.047, 13.952, 11.899, 10.066, 8.579, 9.076, 8.324, 10.137, 14.166, 14.955, 12.199, 11.74, 11.94, 11.182, 11.187, 11.784, 12.166, 11.117, 8.793, 7.619, 7.272, 5.6, 5.104, 6.543, 7.706, 8.497, 8.184, 7.607, 7.671, 7.136, 8.155, 8.718, 7.26, 5.978, 6.949, 6.548, 5.635, 6.373, 7.502, 6.49, 4.438, 2.701, 3.511, 4.552, 5.153, 4.965, 6.122], [4.122, 5.331, 3.875, 4.125, 6.878, 7.069, 5.477, 4.023, 4.656, 5.095, 6.66, 6.216, 4.623, 5.026, 5.732, 5.241, 2.74, 0.0, 2.426, 4.254, 4.306, 4.454, 5.966, 5.91, 5.737, 5.249, 4.8, 5.576, 5.658, 5.963, 7.261, 6.807, 6.954, 6.572, 5.319, 6.034, 8.856, 11.241, 7.614, 3.986, 2.027, 1.267, 1.088, 1.217, 1.289, 1.337, 1.761, 2.493, 2.667, 3.034, 3.958, 3.51, 2.608, 3.03, 3.932, 2.898, 1.891, 2.186, 2.116, 1.528, 2.163, 3.041, 2.529, 1.859, 1.502, 1.698, 1.808, 2.107, 2.75, 2.152, 2.089, 1.828, 1.193, 1.055, 1.15, 1.532, 1.176, 1.699, 1.865, 1.538, 1.832, 4.679, 6.598, 5.258, 3.859, 5.212, 6.675, 5.733, 3.878, 2.67, 3.378, 6.435, 9.906, 10.557, 10.389, 12.284, 11.268, 7.384, 5.829, 5.588, 4.539, 2.915, 3.39, 3.51, 2.733, 3.107, 3.33, 3.521, 3.175, 3.637, 3.835, 4.315, 5.297, 6.194, 6.886, 7.825, 8.916, 9.49, 9.065, 6.752, 5.506, 6.084, 6.95, 6.405, 4.858, 5.232, 6.854, 6.998, 5.04, 3.907, 5.299, 6.983, 8.197, 9.588, 8.748, 8.419, 7.798, 6.436, 6.155, 6.872, 7.217, 7.267, 8.068, 9.462, 10.392, 11.326, 12.23, 10.736, 7.113, 4.704, 4.551, 4.83, 5.218, 4.315, 2.539, 2.979, 3.364, 2.951, 2.801, 3.88, 4.099, 3.738, 3.536, 3.787, 4.002, 2.735, 2.165, 2.031, 1.252, 1.006, 1.247, 1.548, 2.135, 3.676, 6.075, 7.296, 6.238, 6.204, 6.301, 6.272, 6.009, 6.646, 8.781, 11.548, 11.411, 9.345, 7.567, 6.06, 6.549, 5.8, 7.639, 11.653, 12.462, 9.68, 9.167, 9.343, 8.683, 8.678, 9.262, 9.665, 8.609, 6.296, 5.072, 4.772, 3.443, 3.369, 4.391, 5.248, 6.01, 5.764, 5.136, 5.2, 4.623, 5.552, 6.186, 4.721, 3.591, 4.578, 4.462, 5.103, 4.878, 5.087, 4.201, 2.234, 3.43, 5.039, 5.617, 5.52, 4.642, 4.662], [6.41, 7.425, 5.851, 6.264, 9.154, 9.207, 7.641, 5.889, 6.555, 7.127, 8.61, 8.14, 6.223, 6.575, 7.469, 7.338, 4.942, 2.426, 0.0, 2.275, 2.437, 2.67, 3.988, 3.867, 3.848, 3.371, 3.194, 3.888, 4.154, 4.372, 5.304, 4.764, 5.191, 4.476, 3.482, 4.47, 6.931, 9.246, 5.701, 2.45, 1.336, 2.093, 2.079, 2.092, 2.282, 2.466, 1.941, 1.491, 1.594, 1.605, 2.358, 2.455, 2.165, 2.338, 3.12, 2.492, 1.968, 2.271, 2.085, 3.01, 3.892, 4.622, 4.038, 3.157, 2.639, 2.336, 2.764, 2.259, 1.559, 1.665, 2.387, 2.497, 2.092, 2.213, 2.552, 2.897, 2.219, 1.764, 1.786, 1.838, 1.617, 2.731, 4.799, 3.653, 2.702, 3.417, 4.483, 3.865, 2.67, 1.806, 2.053, 4.646, 8.052, 8.738, 8.513, 10.244, 9.203, 5.248, 4.44, 4.159, 3.232, 2.468, 3.193, 3.38, 2.981, 4.163, 4.336, 4.014, 4.434, 4.896, 5.643, 6.436, 7.44, 8.271, 8.988, 9.763, 10.865, 11.35, 10.863, 8.486, 7.277, 7.921, 8.702, 8.061, 6.504, 7.0, 8.72, 8.533, 6.363, 5.428, 6.751, 8.725, 10.293, 11.488, 10.619, 10.413, 9.658, 8.29, 7.625, 8.281, 8.686, 8.936, 9.691, 11.368, 12.466, 12.917, 13.686, 12.348, 8.502, 5.774, 5.571, 5.715, 5.621, 4.305, 2.486, 2.963, 2.903, 2.599, 2.654, 3.263, 3.642, 3.471, 3.269, 3.371, 2.896, 2.134, 1.828, 1.943, 2.185, 2.764, 3.148, 2.475, 1.974, 2.743, 4.52, 5.428, 4.182, 4.304, 4.587, 4.245, 3.955, 4.463, 6.624, 9.478, 9.266, 7.265, 5.692, 4.088, 4.497, 3.875, 5.714, 9.821, 10.407, 7.53, 7.037, 7.152, 6.705, 6.714, 7.199, 7.802, 6.716, 4.289, 3.063, 3.639, 2.961, 3.272, 3.305, 3.885, 4.145, 4.037, 3.531, 3.321, 2.697, 3.542, 4.144, 2.732, 2.934, 3.896, 4.174, 5.079, 4.804, 4.079, 2.774, 1.94, 4.397, 5.841, 5.983, 5.629, 4.57, 4.613], [8.355, 9.479, 7.644, 7.963, 11.024, 11.137, 9.568, 7.61, 8.325, 9.239, 10.768, 10.294, 8.422, 8.766, 9.657, 9.399, 6.755, 4.254, 2.275, 0.0, 1.192, 1.161, 2.21, 2.268, 2.821, 2.697, 2.872, 3.242, 3.228, 3.684, 4.015, 3.245, 4.087, 3.337, 2.634, 3.707, 6.071, 7.897, 4.248, 1.819, 2.534, 3.718, 4.039, 4.122, 4.056, 4.067, 3.245, 2.403, 2.293, 2.088, 1.723, 2.188, 2.458, 2.558, 3.059, 2.971, 3.182, 3.308, 3.13, 4.946, 6.076, 6.815, 6.081, 4.869, 4.203, 3.895, 4.565, 3.111, 1.996, 2.763, 4.085, 4.303, 4.061, 4.258, 4.637, 4.826, 3.939, 2.789, 2.824, 3.193, 2.727, 1.649, 2.972, 2.151, 1.744, 1.754, 2.952, 2.533, 2.001, 2.111, 1.657, 2.748, 5.885, 6.512, 6.639, 8.398, 7.084, 3.424, 3.593, 3.258, 2.688, 2.555, 3.28, 3.292, 4.482, 6.04, 5.762, 5.516, 6.443, 6.568, 7.333, 8.185, 9.125, 10.198, 10.916, 11.886, 13.062, 13.549, 13.058, 10.685, 9.436, 10.084, 10.881, 10.26, 8.735, 9.199, 10.922, 10.713, 8.426, 7.571, 8.807, 10.718, 12.293, 13.66, 12.818, 12.537, 11.857, 10.451, 9.703, 10.375, 10.829, 11.025, 11.746, 13.058, 13.931, 14.234, 14.748, 13.733, 9.757, 6.421, 6.232, 6.749, 5.656, 4.015, 2.828, 3.043, 2.766, 2.729, 2.886, 2.652, 3.088, 3.369, 3.333, 3.186, 2.151, 2.124, 2.499, 2.691, 3.879, 4.722, 4.959, 4.033, 2.652, 2.357, 3.192, 3.694, 3.175, 3.851, 4.101, 3.813, 2.614, 2.913, 4.854, 7.472, 7.404, 5.612, 3.645, 2.57, 2.702, 2.268, 3.738, 7.778, 8.448, 5.867, 5.441, 5.591, 5.024, 4.822, 5.368, 5.881, 4.679, 2.514, 2.507, 3.272, 2.529, 3.18, 2.83, 3.165, 2.688, 2.441, 1.945, 1.939, 1.726, 2.375, 2.458, 1.842, 2.039, 2.996, 3.223, 4.512, 4.016, 3.902, 1.976, 2.698, 4.993, 6.333, 5.857, 5.306, 4.245, 3.903], [8.393, 9.49, 7.828, 8.118, 11.114, 11.199, 9.601, 7.701, 8.507, 9.274, 10.796, 10.345, 8.489, 8.83, 9.727, 9.41, 6.848, 4.306, 2.437, 1.192, 0.0, 0.868, 1.838, 2.136, 2.679, 2.357, 2.577, 2.834, 2.842, 3.255, 3.69, 2.991, 3.836, 3.261, 2.698, 3.663, 5.909, 7.537, 3.957, 1.847, 2.585, 3.729, 4.073, 4.15, 4.21, 4.321, 3.364, 2.444, 2.276, 2.166, 1.523, 2.432, 2.71, 2.787, 3.237, 3.275, 3.276, 3.421, 3.378, 4.966, 6.146, 6.924, 6.14, 4.88, 4.258, 3.942, 4.668, 3.178, 2.045, 2.941, 4.22, 4.375, 4.127, 4.286, 4.709, 4.956, 4.023, 2.93, 3.03, 3.216, 2.806, 1.596, 2.938, 2.304, 2.099, 1.999, 2.892, 2.323, 2.355, 2.453, 1.762, 2.989, 5.776, 6.403, 6.3, 8.038, 7.013, 3.492, 3.502, 3.325, 2.638, 2.803, 3.61, 3.714, 4.697, 6.018, 5.802, 5.705, 6.537, 6.707, 7.566, 8.37, 9.273, 10.263, 11.031, 11.95, 13.091, 13.619, 13.127, 10.763, 9.514, 10.154, 10.95, 10.345, 8.839, 9.269, 10.974, 10.783, 8.48, 7.641, 8.873, 10.77, 12.343, 13.724, 12.883, 12.565, 11.927, 10.521, 9.731, 10.444, 10.899, 11.095, 11.798, 13.143, 14.233, 14.55, 14.919, 13.788, 9.823, 6.367, 6.125, 6.655, 5.702, 4.187, 3.043, 3.311, 2.899, 2.892, 3.158, 2.842, 3.093, 3.24, 3.446, 3.22, 2.345, 2.664, 2.577, 2.784, 3.915, 4.798, 5.069, 4.126, 2.816, 2.359, 3.056, 3.531, 2.906, 3.837, 3.927, 3.681, 2.603, 2.856, 4.866, 7.322, 7.162, 5.313, 3.592, 2.589, 2.615, 2.159, 3.739, 7.514, 8.225, 5.575, 5.283, 5.332, 4.882, 4.666, 5.159, 5.617, 4.466, 2.438, 2.525, 3.14, 2.812, 3.512, 3.082, 3.207, 2.757, 2.438, 2.0, 1.831, 1.731, 2.328, 2.512, 1.974, 2.093, 2.882, 3.435, 4.692, 4.19, 3.753, 2.121, 2.913, 5.048, 6.314, 5.933, 5.472, 4.512, 3.982], [8.546, 9.713, 7.949, 8.251, 11.249, 11.405, 9.773, 7.845, 8.649, 9.477, 10.999, 10.542, 8.666, 9.007, 9.916, 9.628, 6.99, 4.454, 2.67, 1.161, 0.868, 0.0, 1.65, 1.943, 2.431, 2.112, 2.339, 2.543, 2.569, 2.978, 3.398, 2.748, 3.569, 3.027, 2.456, 3.393, 5.673, 7.311, 3.704, 1.578, 2.818, 3.945, 4.257, 4.367, 4.359, 4.463, 3.546, 2.63, 2.441, 2.266, 1.478, 2.101, 2.609, 2.528, 3.129, 3.208, 3.425, 3.494, 3.403, 5.138, 6.329, 7.143, 6.36, 5.129, 4.441, 4.131, 4.877, 3.45, 2.102, 3.08, 4.4, 4.59, 4.334, 4.43, 4.946, 5.111, 4.22, 3.094, 3.134, 3.405, 3.013, 1.592, 2.681, 2.163, 1.814, 1.664, 2.662, 2.212, 2.068, 2.568, 1.746, 2.725, 5.603, 6.234, 6.145, 7.894, 6.849, 3.243, 3.378, 3.272, 2.552, 2.724, 3.492, 3.559, 4.767, 6.159, 5.958, 5.806, 6.701, 6.864, 7.697, 8.542, 9.455, 10.426, 11.185, 12.124, 13.241, 13.803, 13.329, 10.982, 9.716, 10.346, 11.134, 10.554, 9.03, 9.477, 11.158, 10.967, 8.663, 7.824, 9.072, 10.892, 12.462, 13.901, 13.06, 12.749, 12.11, 10.704, 9.87, 10.628, 11.079, 11.279, 11.977, 13.307, 14.36, 14.68, 15.04, 13.928, 9.944, 6.48, 6.282, 6.841, 5.734, 4.105, 3.181, 3.383, 2.973, 2.66, 2.878, 2.394, 2.707, 2.905, 3.389, 3.144, 2.246, 2.526, 2.694, 2.896, 4.089, 4.932, 5.202, 4.267, 2.778, 2.072, 2.629, 3.304, 2.673, 3.522, 3.634, 3.374, 2.207, 2.586, 4.632, 7.106, 6.973, 5.144, 3.335, 2.338, 2.398, 2.008, 3.502, 7.324, 8.044, 5.402, 5.104, 5.149, 4.615, 4.386, 4.931, 5.356, 4.267, 2.148, 2.248, 3.033, 2.649, 3.345, 2.832, 2.895, 2.467, 2.121, 1.638, 1.525, 1.472, 2.104, 2.2, 1.598, 1.737, 2.455, 3.011, 4.625, 4.028, 3.4, 1.926, 2.989, 5.141, 6.464, 5.954, 5.367, 4.299, 3.861], [10.059, 11.141, 9.468, 9.8, 12.766, 12.887, 11.283, 9.316, 10.166, 10.897, 12.42, 11.962, 10.083, 10.423, 11.332, 11.056, 8.508, 5.966, 3.988, 2.21, 1.838, 1.65, 0.0, 1.676, 1.861, 2.007, 2.175, 2.33, 2.442, 2.71, 2.847, 2.029, 2.832, 2.439, 2.25, 2.904, 5.034, 6.201, 2.989, 2.399, 4.245, 5.373, 5.682, 5.78, 5.84, 5.971, 4.978, 4.063, 3.857, 3.585, 2.654, 3.012, 4.076, 3.59, 4.014, 4.338, 4.73, 4.892, 4.598, 6.515, 7.753, 8.485, 7.764, 6.537, 5.907, 5.526, 6.282, 4.825, 3.491, 4.441, 5.753, 5.978, 5.735, 5.841, 6.386, 6.57, 5.708, 4.617, 4.444, 4.815, 4.402, 2.192, 2.563, 2.857, 2.87, 1.804, 2.107, 2.41, 2.975, 3.989, 3.103, 2.392, 4.339, 4.879, 5.108, 6.658, 5.569, 2.604, 3.604, 3.492, 3.084, 3.926, 4.705, 4.769, 6.27, 7.573, 7.3, 7.236, 8.125, 8.333, 9.24, 10.072, 11.008, 11.945, 12.691, 13.549, 14.657, 15.218, 14.751, 12.38, 11.133, 11.753, 12.549, 11.98, 10.374, 10.902, 12.575, 12.382, 10.079, 9.239, 10.493, 12.33, 13.919, 15.315, 14.475, 14.17, 13.526, 12.123, 11.285, 12.043, 12.494, 12.694, 13.392, 14.874, 15.92, 16.222, 16.422, 15.452, 11.445, 7.954, 7.454, 8.148, 6.889, 5.202, 4.588, 4.548, 3.762, 3.781, 3.903, 3.228, 3.404, 3.708, 4.483, 3.661, 3.249, 3.864, 4.119, 4.445, 5.507, 6.41, 6.73, 5.786, 4.34, 2.863, 2.713, 2.594, 2.514, 3.384, 3.466, 3.259, 2.277, 2.07, 3.76, 5.68, 5.672, 3.972, 2.601, 1.876, 1.889, 1.61, 2.676, 5.883, 6.548, 4.096, 4.246, 4.156, 3.946, 3.489, 3.797, 4.367, 3.062, 1.906, 2.89, 3.347, 3.662, 4.513, 3.458, 3.147, 2.551, 2.089, 2.122, 1.596, 1.866, 1.707, 1.788, 2.114, 2.827, 2.864, 3.753, 5.105, 4.572, 3.794, 2.978, 4.475, 6.623, 7.809, 6.993, 5.77, 4.99, 4.449], [10.003, 11.083, 9.348, 9.71, 12.695, 12.772, 11.189, 9.239, 10.008, 10.808, 12.323, 11.867, 10.014, 10.353, 11.258, 11.002, 8.436, 5.91, 3.867, 2.268, 2.136, 1.943, 1.676, 0.0, 1.413, 1.808, 2.041, 1.806, 1.733, 1.823, 2.012, 1.416, 1.979, 1.446, 1.821, 1.874, 4.054, 5.849, 2.536, 2.16, 4.162, 5.322, 5.616, 5.688, 5.689, 5.876, 4.93, 3.987, 3.755, 3.489, 2.851, 2.884, 3.934, 3.202, 3.642, 3.808, 4.646, 4.752, 4.435, 6.511, 7.668, 8.403, 7.676, 6.498, 5.808, 5.455, 6.179, 4.755, 3.416, 4.334, 5.677, 5.895, 5.648, 5.814, 6.246, 6.443, 5.58, 4.476, 4.383, 4.693, 4.329, 2.067, 3.001, 2.667, 2.908, 1.501, 1.58, 1.769, 2.719, 3.904, 3.053, 2.061, 4.472, 5.086, 5.3, 6.668, 5.414, 2.912, 3.853, 3.783, 3.178, 3.841, 4.406, 4.654, 6.175, 7.549, 7.197, 7.138, 8.05, 8.245, 9.135, 9.944, 10.863, 11.836, 12.57, 13.466, 14.62, 15.142, 14.65, 12.277, 11.028, 11.679, 12.473, 11.877, 10.324, 10.798, 12.497, 12.305, 10.002, 9.163, 10.393, 12.29, 13.883, 15.251, 14.406, 14.103, 13.449, 12.043, 11.258, 11.967, 12.421, 12.617, 13.316, 14.743, 15.83, 16.211, 16.702, 15.434, 11.439, 7.868, 7.992, 8.431, 7.079, 5.444, 4.744, 4.899, 4.606, 3.795, 3.632, 2.745, 3.255, 4.064, 4.332, 3.861, 2.731, 3.655, 4.174, 4.407, 5.449, 6.318, 6.654, 5.713, 4.226, 2.585, 2.421, 2.705, 1.749, 2.645, 2.884, 2.757, 1.776, 1.419, 3.002, 5.706, 5.536, 3.577, 1.906, 0.991, 1.264, 0.999, 1.907, 5.966, 6.596, 3.851, 3.446, 3.591, 3.003, 3.078, 3.583, 4.174, 3.071, 1.976, 2.299, 3.343, 3.548, 4.27, 3.433, 2.971, 2.733, 2.513, 2.137, 2.181, 1.85, 1.535, 1.193, 1.789, 2.842, 3.12, 3.606, 5.67, 4.891, 3.626, 2.596, 4.515, 6.727, 7.931, 7.443, 6.263, 5.375, 4.933], [9.787, 10.873, 9.3, 9.734, 12.586, 12.62, 11.059, 9.228, 10.055, 10.568, 12.052, 11.568, 9.687, 10.039, 10.943, 10.74, 8.362, 5.737, 3.848, 2.821, 2.679, 2.431, 1.861, 1.413, 0.0, 1.113, 1.396, 1.4, 1.659, 1.623, 2.032, 1.467, 1.752, 1.496, 1.555, 1.55, 3.703, 5.721, 2.421, 2.42, 4.148, 5.186, 5.397, 5.606, 5.903, 5.957, 5.212, 4.131, 3.871, 3.46, 3.226, 3.174, 4.022, 3.436, 3.888, 4.166, 4.469, 4.486, 4.182, 6.43, 7.365, 8.176, 7.446, 6.518, 5.925, 5.592, 6.162, 4.989, 3.503, 4.066, 5.343, 5.577, 5.333, 5.605, 6.117, 6.502, 5.615, 4.602, 4.292, 4.789, 4.599, 2.639, 3.842, 3.561, 3.393, 1.868, 1.854, 2.193, 2.895, 4.172, 3.458, 2.218, 4.777, 5.375, 5.584, 6.92