[[0.0, 1.559, 2.854, 4.973, 5.016, 5.667, 5.153, 5.391, 5.265, 6.111, 6.074, 7.598, 8.775, 8.142, 7.391, 6.857, 5.263, 4.825, 5.085, 5.417, 5.708, 6.056, 7.048, 5.348, 5.308, 5.631, 5.402, 3.561, 3.795, 3.54, 2.664, 4.435, 8.722, 10.718, 10.206, 8.448, 7.303, 8.043, 6.82, 4.609, 4.919, 6.268, 6.382, 5.099, 5.464, 4.366, 3.189, 3.021, 4.121, 3.713, 4.273, 5.83, 3.208, 5.516, 4.389, 3.561, 3.666, 2.301, 3.784, 4.68, 3.157, 2.734, 2.414, 2.428, 2.629, 3.733, 6.029, 8.197, 6.939, 4.458, 4.047, 3.782, 3.974, 4.108, 4.02, 4.298, 4.764, 5.411, 5.057, 6.662, 5.955, 3.866, 3.909, 4.167, 4.969, 4.47, 3.085, 2.949, 3.368, 3.323, 3.352, 3.378, 3.354, 4.087, 4.599, 3.853, 3.092, 3.456, 4.3, 5.589, 6.385, 3.658, 5.06, 7.184, 6.559, 6.007, 4.806, 4.355, 3.372, 3.426, 3.506, 3.395, 4.412, 4.835, 5.795, 6.658, 6.82, 7.63, 9.062, 7.82, 7.336, 7.333, 7.368, 6.874, 7.639, 7.452, 5.63, 5.983, 8.231, 7.8, 8.179, 8.763, 8.66, 8.56, 9.403, 10.363, 7.028, 3.573, 4.504, 6.231, 6.109, 5.259, 4.955, 4.582, 4.422, 4.35, 3.378, 2.48, 1.977, 2.729, 3.512, 3.379, 3.576, 4.238, 5.897, 6.37, 5.392, 4.756, 4.824, 4.385, 4.685, 5.885, 5.873, 5.131, 5.554, 4.425, 4.357, 4.833, 4.669, 4.901, 5.157, 5.714, 5.142, 4.972, 4.602, 3.765, 3.003, 3.803, 3.772, 3.849, 4.296, 4.276, 3.848, 5.006, 5.502, 4.852, 3.885, 2.758, 2.292, 2.497, 2.811, 3.524, 3.139, 2.29, 2.61, 2.904, 3.097, 3.258, 3.54, 4.22, 4.149, 4.147, 5.189, 5.006, 4.44, 4.199], [1.559, 0.0, 3.328, 5.286, 5.161, 5.813, 5.451, 5.75, 5.796, 6.47, 6.388, 7.992, 9.178, 8.657, 7.797, 6.914, 5.109, 4.865, 5.223, 5.704, 5.937, 6.508, 7.446, 5.649, 5.604, 5.992, 5.739, 3.852, 3.507, 3.026, 2.145, 3.256, 7.492, 9.464, 8.973, 7.218, 6.056, 6.792, 5.557, 3.369, 3.715, 5.084, 5.262, 3.917, 4.251, 3.193, 2.75, 2.341, 3.087, 2.969, 3.199, 4.572, 2.943, 5.879, 4.711, 3.871, 3.93, 2.644, 3.223, 3.78, 2.808, 2.44, 2.138, 2.397, 2.727, 3.453, 4.922, 6.93, 5.778, 4.223, 4.312, 4.057, 4.378, 4.324, 4.281, 4.705, 5.217, 5.728, 5.358, 7.052, 6.575, 4.239, 3.998, 4.232, 4.776, 4.348, 3.272, 3.094, 3.463, 3.4, 2.954, 2.552, 2.682, 3.069, 3.54, 3.177, 2.624, 2.813, 3.736, 4.547, 5.128, 3.233, 5.356, 7.473, 6.857, 6.361, 5.106, 4.402, 3.631, 3.891, 4.03, 3.851, 4.663, 5.134, 6.04, 7.005, 7.227, 7.957, 9.363, 8.234, 7.779, 7.78, 7.714, 7.395, 8.164, 7.942, 6.239, 6.943, 9.12, 8.71, 9.257, 9.442, 9.158, 8.923, 9.891, 10.886, 7.525, 3.734, 3.315, 4.989, 4.904, 4.302, 3.996, 3.671, 3.533, 3.249, 2.269, 1.928, 1.801, 2.951, 3.643, 3.256, 3.242, 3.379, 4.707, 5.125, 4.257, 4.065, 4.059, 3.764, 4.589, 5.805, 5.872, 5.359, 6.015, 4.706, 4.48, 5.064, 5.08, 5.345, 5.586, 5.932, 5.397, 5.267, 4.872, 4.084, 3.468, 4.074, 4.032, 4.186, 4.844, 4.731, 4.56, 5.75, 6.257, 5.399, 4.42, 3.007, 2.035, 2.276, 2.627, 2.872, 2.742, 2.21, 2.281, 2.656, 3.376, 3.471, 3.69, 4.353, 4.23, 4.302, 5.411, 5.213, 4.353, 4.453], [2.854, 3.328, 0.0, 2.517, 2.614, 3.444, 2.877, 2.785, 3.022, 3.885, 3.925, 5.198, 6.57, 5.694, 4.856, 4.291, 3.504, 3.0, 2.75, 2.76, 3.03, 3.536, 4.408, 2.704, 2.762, 2.957, 2.725, 2.37, 4.274, 4.43, 3.563, 5.391, 9.787, 11.825, 11.319, 9.563, 8.403, 9.139, 7.958, 5.856, 6.248, 7.566, 8.015, 6.612, 6.605, 5.353, 3.042, 3.543, 5.168, 4.654, 5.339, 6.918, 3.65, 3.252, 3.118, 2.789, 2.806, 2.855, 4.934, 5.799, 4.119, 3.438, 3.342, 3.356, 3.078, 4.402, 6.991, 9.2, 7.904, 3.818, 1.814, 1.998, 1.948, 1.717, 2.119, 2.398, 2.313, 3.51, 2.667, 4.326, 3.835, 3.243, 4.05, 4.341, 5.175, 4.738, 3.143, 2.477, 3.122, 3.397, 4.109, 4.483, 4.391, 5.275, 5.749, 4.845, 4.086, 4.693, 5.461, 6.868, 7.473, 4.575, 2.471, 4.495, 3.866, 3.33, 2.218, 2.848, 1.783, 1.399, 1.633, 1.664, 2.1, 2.684, 3.176, 4.06, 4.313, 5.183, 6.688, 5.578, 4.857, 4.832, 4.95, 4.843, 5.564, 5.607, 4.12, 4.695, 6.708, 6.235, 6.948, 6.822, 6.531, 6.142, 7.063, 7.97, 4.666, 1.8, 5.602, 7.329, 7.188, 6.294, 5.865, 5.38, 5.305, 5.133, 4.302, 3.297, 2.816, 2.016, 2.595, 3.628, 4.076, 4.912, 6.884, 7.319, 6.412, 5.372, 5.59, 5.32, 4.421, 5.225, 5.345, 4.045, 4.569, 3.569, 3.226, 3.754, 3.986, 4.49, 4.403, 4.826, 4.272, 3.626, 3.406, 3.097, 1.877, 2.473, 2.375, 1.848, 2.27, 2.419, 2.355, 3.254, 3.568, 2.946, 2.542, 2.65, 2.954, 3.055, 3.472, 4.32, 3.778, 3.379, 4.154, 3.785, 1.842, 1.218, 2.232, 2.851, 2.999, 2.789, 2.983, 3.103, 3.545, 2.112], [4.973, 5.286, 2.517, 0.0, 2.334, 3.562, 2.5, 1.746, 1.969, 2.771, 3.201, 3.985, 4.971, 3.854, 2.898, 3.774, 4.535, 4.015, 2.624, 1.811, 1.747, 2.582, 2.683, 1.576, 1.832, 1.476, 1.474, 3.266, 5.476, 5.64, 5.135, 6.629, 10.989, 13.075, 12.53, 10.776, 9.604, 10.341, 9.121, 7.224, 7.651, 8.915, 9.232, 7.803, 7.821, 6.648, 4.563, 5.113, 6.374, 5.954, 6.549, 8.128, 4.864, 3.723, 4.25, 3.966, 4.128, 4.504, 6.132, 7.061, 5.417, 4.782, 4.641, 4.485, 4.324, 5.693, 8.201, 10.404, 9.106, 5.018, 2.546, 3.124, 2.777, 2.523, 2.965, 2.995, 2.688, 3.793, 2.556, 3.576, 3.524, 3.802, 4.69, 5.19, 5.929, 5.569, 4.144, 3.643, 3.963, 4.579, 5.342, 5.676, 5.527, 6.416, 6.925, 6.18, 5.557, 6.012, 6.719, 8.178, 8.684, 5.773, 1.872, 2.455, 2.325, 1.859, 1.828, 3.912, 2.942, 2.412, 2.351, 2.306, 2.522, 3.127, 2.888, 2.869, 2.795, 4.309, 5.643, 4.597, 3.399, 3.746, 4.292, 4.834, 5.161, 5.188, 4.185, 4.652, 6.252, 5.455, 6.139, 5.73, 5.573, 4.751, 5.799, 6.694, 3.51, 3.011, 6.825, 8.544, 8.407, 7.512, 7.075, 6.679, 6.61, 6.435, 5.811, 4.785, 4.265, 3.289, 3.672, 4.757, 5.35, 6.2, 8.082, 8.528, 7.552, 6.513, 6.733, 6.445, 5.714, 6.364, 6.544, 4.512, 4.544, 4.112, 3.694, 4.189, 4.565, 5.232, 4.967, 5.486, 4.903, 4.337, 4.269, 4.06, 3.344, 3.609, 3.552, 2.03, 2.539, 3.142, 3.312, 3.732, 3.791, 3.76, 3.903, 3.959, 4.36, 4.326, 4.575, 5.534, 4.935, 4.573, 5.345, 5.129, 3.274, 2.602, 3.687, 4.084, 4.047, 3.758, 3.374, 3.734, 4.729, 2.873], [5.016, 5.161, 2.614, 2.334, 0.0, 2.412, 2.925, 2.858, 3.511, 4.628, 4.982, 5.754, 6.972, 5.795, 4.008, 2.464, 2.718, 2.355, 1.703, 2.37, 2.35, 4.085, 4.283, 2.238, 1.945, 2.609, 2.695, 3.239, 4.377, 4.701, 4.609, 5.194, 9.171, 11.295, 10.742, 8.966, 7.82, 8.487, 7.401, 5.753, 6.142, 7.161, 7.624, 6.192, 6.193, 5.025, 3.374, 4.213, 4.824, 4.586, 4.973, 6.384, 4.072, 4.774, 5.057, 4.768, 4.982, 5.157, 5.569, 5.856, 4.91, 5.122, 4.598, 3.954, 3.627, 4.138, 6.445, 8.599, 7.252, 3.43, 2.525, 3.195, 2.891, 3.024, 3.489, 3.696, 3.24, 3.502, 3.131, 5.224, 4.981, 4.579, 5.367, 5.949, 6.223, 5.855, 4.539, 4.01, 4.494, 4.823, 4.948, 5.09, 4.706, 5.221, 5.735, 5.432, 4.797, 5.171, 5.595, 6.504, 6.901, 4.379, 2.26, 3.427, 3.266, 2.987, 2.293, 2.291, 2.607, 2.562, 3.102, 3.065, 2.68, 3.225, 3.355, 3.788, 4.445, 6.072, 7.524, 6.486, 5.303, 5.51, 6.016, 6.424, 6.641, 7.014, 5.824, 6.272, 7.883, 7.336, 7.888, 7.509, 7.469, 6.661, 7.518, 8.241, 5.171, 2.364, 5.083, 6.723, 6.591, 5.712, 5.302, 5.039, 4.95, 4.75, 4.445, 4.477, 4.43, 3.651, 3.37, 3.548, 3.755, 4.458, 6.362, 6.821, 5.875, 4.875, 4.979, 4.963, 4.352, 4.835, 5.475, 4.786, 5.911, 5.04, 4.43, 5.253, 5.682, 6.414, 6.212, 6.726, 6.172, 5.538, 5.257, 4.862, 4.005, 3.463, 3.521, 3.193, 3.636, 4.246, 4.436, 4.91, 5.016, 4.963, 4.639, 4.483, 4.285, 4.236, 4.267, 4.547, 4.462, 4.492, 4.559, 3.694, 2.961, 2.81, 3.278, 3.441, 3.13, 2.969, 2.909, 3.734, 3.595, 3.017], [5.667, 5.813, 3.444, 3.562, 2.412, 0.0, 2.061, 3.325, 4.728, 5.367, 5.961, 6.915, 8.09, 6.169, 3.747, 2.091, 1.951, 1.819, 1.779, 2.576, 2.414, 4.009, 4.351, 2.481, 1.859, 3.09, 3.192, 2.448, 3.414, 3.914, 4.624, 4.997, 7.85, 9.97, 9.414, 7.547, 6.407, 7.173, 7.099, 6.36, 6.35, 6.326, 7.508, 6.499, 5.904, 4.806, 3.611, 4.108, 4.412, 3.859, 4.421, 5.635, 3.393, 4.431, 4.559, 4.087, 4.638, 5.105, 5.004, 5.093, 4.542, 4.807, 4.773, 4.127, 3.32, 2.955, 4.99, 7.208, 5.863, 2.28, 2.18, 2.452, 2.254, 2.784, 2.732, 2.959, 2.693, 2.138, 2.551, 5.938, 5.318, 3.811, 4.138, 5.016, 4.57, 4.118, 3.698, 3.519, 3.573, 4.008, 4.173, 4.796, 4.379, 4.835, 5.115, 5.23, 4.634, 4.596, 4.621, 5.202, 5.491, 3.376, 2.464, 2.94, 2.756, 3.602, 2.82, 1.919, 2.459, 3.449, 3.84, 3.175, 2.445, 1.818, 2.618, 3.24, 4.536, 6.594, 8.714, 7.761, 5.711, 5.805, 6.451, 7.576, 8.035, 8.133, 6.68, 7.618, 9.211, 8.87, 9.429, 9.092, 8.874, 7.753, 8.988, 9.36, 6.675, 2.519, 4.737, 5.406, 5.171, 4.317, 4.232, 3.833, 4.152, 4.176, 4.716, 4.558, 4.676, 3.573, 2.709, 3.159, 3.352, 3.855, 5.497, 5.848, 5.114, 4.258, 4.145, 4.019, 3.148, 3.404, 3.788, 3.838, 5.52, 4.457, 3.949, 5.01, 5.576, 5.796, 5.736, 6.323, 5.95, 5.596, 5.023, 4.302, 3.698, 2.705, 2.561, 3.908, 4.819, 5.201, 5.242, 5.945, 6.189, 5.724, 5.182, 4.191, 4.472, 4.305, 4.289, 4.274, 4.132, 4.474, 4.448, 3.506, 2.724, 2.826, 2.622, 2.276, 1.999, 1.739, 1.617, 2.376, 2.614, 2.248], [5.153, 5.451, 2.877, 2.5, 2.925, 2.061, 0.0, 1.815, 3.225, 3.797, 4.5, 5.435, 6.572, 4.487, 2.817, 3.091, 3.12, 2.715, 1.776, 2.001, 1.68, 2.437, 2.717, 1.509, 1.464, 1.652, 1.797, 1.888, 3.582, 3.95, 4.403, 5.601, 9.183, 11.279, 10.693, 8.933, 7.826, 8.572, 8.201, 6.882, 6.875, 7.441, 8.646, 7.449, 6.827, 5.423, 3.932, 4.208, 4.856, 4.623, 4.983, 6.362, 3.426, 3.043, 3.375, 2.983, 3.453, 4.146, 5.016, 5.479, 4.33, 4.073, 4.308, 4.192, 3.593, 3.899, 6.345, 8.56, 7.212, 3.321, 1.871, 2.0, 1.685, 1.845, 1.636, 1.702, 1.554, 2.12, 1.403, 4.471, 3.864, 2.346, 2.923, 3.846, 3.895, 3.553, 2.895, 2.813, 2.794, 3.248, 3.902, 4.596, 4.451, 5.141, 5.606, 5.14, 4.716, 4.55, 5.135, 6.44, 6.846, 4.018, 1.463, 2.303, 1.779, 2.161, 1.656, 2.54, 2.158, 2.874, 2.887, 2.248, 1.741, 1.37, 1.739, 2.266, 3.018, 5.053, 7.181, 6.243, 4.24, 4.195, 4.974, 6.13, 6.607, 6.687, 5.24, 6.178, 7.758, 7.334, 7.874, 7.511, 7.323, 6.195, 7.471, 8.021, 5.106, 2.461, 5.553, 6.737, 6.551, 5.694, 5.275, 4.919, 4.955, 5.264, 5.113, 4.274, 4.229, 2.975, 2.458, 3.572, 4.369, 4.883, 6.394, 7.073, 6.454, 5.652, 5.656, 5.28, 4.416, 4.661, 4.827, 3.002, 3.88, 2.783, 2.545, 3.521, 3.97, 3.945, 3.933, 4.518, 4.197, 3.982, 3.457, 2.866, 2.678, 2.09, 2.085, 2.524, 3.466, 3.759, 3.861, 4.557, 4.769, 4.243, 3.842, 3.333, 4.048, 3.891, 3.938, 4.295, 3.837, 4.105, 4.576, 4.055, 2.489, 2.158, 2.369, 2.317, 2.409, 2.252, 1.626, 1.915, 2.901, 1.723], [5.391, 5.75, 2.785, 1.746, 2.858, 3.325, 1.815, 0.0, 1.649, 2.375, 2.865, 3.86, 4.894, 3.507, 2.823, 3.867, 4.338, 3.849, 2.638, 2.328, 2.041, 1.851, 2.097, 1.564, 1.777, 1.016, 1.04, 2.824, 5.198, 5.369, 5.053, 6.453, 10.805, 12.921, 12.331, 10.564, 9.36, 10.088, 9.132, 7.424, 7.664, 8.759, 9.551, 8.181, 7.894, 6.498, 4.512, 4.941, 6.159, 5.917, 6.36, 7.936, 4.703, 2.685, 3.352, 3.304, 3.453, 4.111, 6.131, 6.946, 5.284, 4.597, 4.796, 4.876, 4.401, 5.496, 8.02, 10.234, 8.86, 4.866, 2.594, 3.008, 2.524, 2.202, 2.483, 2.177, 1.998, 3.476, 2.027, 3.042, 2.707, 2.859, 3.908, 4.362, 5.021, 4.844, 3.641, 3.307, 3.561, 4.186, 5.162, 5.696, 5.488, 6.342, 6.822, 6.119, 5.482, 5.891, 6.632, 8.046, 8.472, 5.549, 1.965, 2.439, 1.807, 1.113, 1.275, 3.6, 2.735, 2.62, 2.616, 2.163, 2.196, 2.762, 2.506, 2.109, 2.346, 3.795, 5.537, 4.573, 2.977, 3.165, 3.648, 4.676, 5.026, 5.088, 3.797, 4.571, 6.154, 5.671, 6.252, 5.843, 5.652, 4.521, 5.776, 6.473, 3.482, 3.047, 6.782, 8.318, 8.193, 7.307, 6.897, 6.535, 6.469, 6.426, 5.779, 4.77, 4.577, 3.44, 3.617, 4.687, 5.185, 5.998, 7.944, 8.433, 7.566, 6.673, 6.773, 6.492, 5.679, 6.193, 6.4, 4.21, 3.487, 3.027, 3.255, 3.127, 3.513, 4.136, 3.73, 4.187, 3.588, 3.243, 2.896, 2.892, 2.763, 3.245, 3.214, 1.88, 2.11, 3.018, 3.114, 3.582, 3.506, 3.098, 3.548, 3.413, 4.57, 4.572, 4.669, 5.367, 4.882, 4.856, 5.465, 5.069, 3.098, 2.585, 3.47, 3.887, 3.862, 3.568, 3.141, 3.475, 4.555, 2.721], [5.265, 5.796, 3.022, 1.969, 3.511, 4.728, 3.225, 1.649, 0.0, 1.542, 1.779, 2.926, 4.219, 3.066, 3.218, 4.855, 5.471, 4.874, 3.819, 3.24, 2.888, 1.732, 2.06, 2.359, 3.11, 1.946, 1.63, 4.006, 6.307, 6.472, 5.809, 7.506, 11.846, 13.908, 13.394, 11.627, 10.452, 11.19, 9.982, 7.965, 8.232, 9.561, 9.948, 8.688, 8.677, 7.461, 5.323, 5.914, 7.239, 6.774, 7.395, 8.997, 5.755, 2.867, 3.587, 3.631, 3.571, 4.072, 6.965, 7.893, 6.183, 5.315, 5.3, 5.29, 5.081, 6.451, 9.08, 11.261, 9.966, 5.827, 3.222, 3.901, 3.354, 3.025, 3.443, 2.899, 2.654, 4.439, 2.996, 2.218, 2.008, 3.394, 4.649, 4.701, 5.846, 5.854, 4.325, 4.045, 4.457, 5.006, 6.2, 6.535, 6.454, 7.34, 7.818, 6.957, 6.205, 6.686, 7.477, 8.922, 9.535, 6.622, 2.846, 3.293, 2.742, 1.485, 2.084, 4.653, 3.733, 2.754, 2.619, 2.565, 2.895, 3.677, 3.285, 2.702, 1.844, 3.127, 4.483, 3.29, 2.366, 2.583, 2.913, 3.318, 3.757, 3.668, 2.585, 3.115, 4.924, 4.45, 4.923, 4.784, 4.419, 3.801, 4.973, 5.882, 2.552, 3.724, 7.689, 9.396, 9.274, 8.378, 7.924, 7.463, 7.334, 7.199, 6.426, 5.507, 4.972, 3.75, 4.454, 5.607, 6.169, 7.02, 8.969, 9.421, 8.438, 7.398, 7.634, 7.361, 6.504, 7.227, 7.243, 4.998, 3.201, 3.593, 4.161, 3.533, 3.584, 4.143, 3.596, 3.877, 3.417, 3.011, 2.928, 3.147, 3.035, 4.024, 4.15, 1.948, 2.02, 2.904, 2.985, 3.201, 2.945, 2.68, 3.305, 3.848, 4.99, 5.012, 5.465, 6.431, 5.816, 5.434, 6.098, 5.805, 3.907, 3.308, 4.431, 4.871, 4.849, 4.522, 4.156, 4.381, 5.551, 3.716], [6.111, 6.47, 3.885, 2.771, 4.628, 5.367, 3.797, 2.375, 1.542, 0.0, 1.112, 2.746, 3.897, 2.571, 3.352, 5.333, 5.729, 5.208, 4.322, 3.69, 3.338, 1.829, 1.828, 3.172, 3.935, 2.623, 2.406, 4.428, 6.431, 6.46, 6.105, 7.77, 11.862, 13.886, 13.377, 11.589, 10.422, 11.166, 10.16, 8.369, 8.481, 9.699, 10.393, 9.097, 8.787, 7.506, 5.714, 6.081, 7.227, 6.86, 7.44, 9.021, 5.807, 2.925, 3.744, 3.637, 3.782, 4.632, 6.984, 7.872, 6.24, 5.588, 5.656, 5.789, 5.284, 6.587, 9.154, 11.269, 10.019, 6.167, 3.937, 4.33, 3.989, 3.645, 3.93, 3.532, 3.197, 4.872, 3.406, 2.282, 2.102, 3.504, 4.721, 4.79, 5.818, 5.829, 4.52, 4.56, 4.674, 5.136, 6.293, 6.506, 6.583, 7.288, 7.784, 7.17, 6.61, 6.844, 7.55, 9.034, 9.55, 6.68, 3.34, 3.438, 3.265, 2.131, 3.095, 4.961, 4.138, 3.727, 3.781, 3.446, 3.56, 4.062, 3.753, 3.235, 1.567, 2.187, 4.055, 3.175, 1.836, 1.85, 2.334, 3.046, 3.543, 3.299, 2.67, 3.377, 5.303, 4.824, 5.144, 4.691, 4.203, 3.611, 4.928, 5.84, 2.532, 4.171, 7.877, 9.368, 9.253, 8.374, 7.92, 7.497, 7.417, 7.55, 6.912, 5.806, 5.45, 4.437, 4.749, 5.707, 6.292, 7.213, 8.929, 9.443, 8.487, 7.591, 7.735, 7.298, 6.611, 7.159, 7.315, 5.09, 3.096, 3.659, 4.182, 3.678, 3.851, 4.078, 3.432, 3.642, 3.259, 3.326, 3.006, 3.438, 3.615, 4.271, 4.28, 2.624, 2.682, 3.532, 3.687, 3.986, 3.973, 3.622, 4.043, 4.219, 5.757, 5.767, 5.902, 6.638, 6.021, 5.886, 6.448, 6.417, 4.489, 3.867, 4.581, 5.035, 5.013, 4.995, 4.573, 4.531, 5.542, 3.959], [6.074, 6.388, 3.925, 3.201, 4.982, 5.961, 4.5, 2.865, 1.779, 1.112, 0.0, 2.229, 3.402, 2.7, 4.019, 6.054, 6.333, 5.792, 5.04, 4.299, 4.014, 2.454, 2.529, 3.685, 4.438, 3.208, 2.871, 4.957, 7.017, 7.066, 6.365, 8.185, 12.513, 14.529, 14.019, 12.238, 11.04, 11.772, 10.596, 8.686, 9.006, 10.273, 10.792, 9.475, 9.382, 8.105, 5.923, 6.256, 7.881, 7.421, 8.034, 9.636, 6.433, 2.801, 3.419, 3.816, 3.538, 4.419, 7.6, 8.532, 6.815, 5.908, 5.975, 6.065, 5.81, 7.193, 9.782, 11.91, 10.622, 6.846, 4.323, 4.727, 4.474, 3.783, 4.199, 3.703, 3.815, 5.432, 4.02, 1.73, 1.874, 4.061, 5.269, 5.263, 6.407, 6.473, 4.988, 4.857, 5.141, 5.697, 6.886, 7.2, 7.148, 8.01, 8.454, 7.649, 6.977, 7.469, 8.251, 9.643, 10.152, 7.284, 4.113, 4.156, 3.963, 2.585, 3.504, 5.598, 4.644, 3.631, 3.517, 3.743, 3.96, 4.699, 4.404, 3.944, 2.292, 1.79, 3.476, 2.597, 1.621, 1.803, 1.983, 2.414, 2.924, 2.673, 2.113, 2.861, 4.754, 4.432, 4.52, 4.082, 3.662, 3.048, 4.252, 5.199, 1.873, 4.544, 8.366, 10.001, 9.888, 8.999, 8.549, 8.12, 7.998, 7.99, 7.189, 6.035, 5.599, 4.56, 5.255, 6.268, 6.848, 7.757, 9.602, 10.123, 9.065, 8.072, 8.242, 7.935, 7.174, 7.819, 7.907, 5.696, 3.413, 4.139, 4.695, 4.103, 4.03, 4.26, 3.465, 3.379, 2.918, 2.866, 2.665, 3.373, 3.717, 4.9, 4.885, 2.812, 2.663, 3.379, 3.373, 3.628, 3.641, 3.256, 3.629, 4.328, 6.067, 6.027, 6.305, 7.255, 6.645, 6.303, 6.969, 6.746, 4.715, 4.062, 5.029, 5.672, 5.609, 5.504, 5.251, 5.092, 6.175, 4.503], [7.598, 7.992, 5.198, 3.985, 5.754, 6.915, 5.435, 3.86, 2.926, 2.746, 2.229, 0.0, 1.715, 2.362, 4.973, 7.19, 7.878, 7.294, 6.025, 5.073, 4.956, 3.782, 3.373, 4.567, 5.248, 4.065, 3.784, 6.342, 8.754, 8.938, 8.089, 9.927, 14.329, 16.424, 15.905, 14.117, 12.936, 13.664, 12.525, 10.593, 10.864, 12.141, 12.666, 11.319, 11.22, 10.002, 7.422, 8.053, 9.746, 9.246, 9.902, 11.488, 8.211, 4.116, 4.878, 5.616, 5.149, 6.24, 9.512, 10.455, 8.67, 7.754, 7.743, 7.95, 7.681, 9.01, 11.532, 13.741, 12.43, 8.253, 5.548, 6.03, 5.741, 4.729, 5.132, 4.72, 5.055, 6.871, 5.389, 2.12, 3.048, 5.839, 7.097, 7.067, 8.283, 8.32, 6.792, 6.459, 6.881, 7.47, 8.641, 9.095, 9.007, 9.895, 10.348, 9.508, 8.763, 9.302, 10.118, 11.514, 12.042, 9.097, 5.236, 4.739, 4.917, 3.434, 4.393, 7.068, 6.104, 4.759, 4.471, 4.937, 5.418, 6.276, 5.833, 5.103, 3.212, 1.687, 2.048, 1.47, 2.085, 2.245, 2.545, 2.346, 2.684, 2.791, 2.99, 3.605, 4.802, 4.686, 4.058, 3.182, 2.349, 1.517, 2.42, 3.235, 1.698, 6.309, 10.189, 11.885, 11.752, 10.86, 10.421, 10.025, 9.941, 9.835, 9.051, 7.838, 7.376, 6.186, 7.02, 8.115, 8.686, 9.503, 11.461, 11.891, 10.974, 9.956, 10.183, 9.918, 9.09, 9.707, 9.849, 7.622, 5.195, 6.078, 6.575, 6.033, 5.815, 5.853, 4.955, 4.732, 4.397, 4.284, 4.469, 4.985, 5.349, 6.63, 6.613, 4.408, 4.182, 4.908, 4.922, 5.021, 4.746, 4.303, 4.806, 5.964, 7.712, 7.633, 7.873, 8.826, 8.292, 7.91, 8.709, 8.359, 6.147, 5.491, 6.734, 7.376, 7.376, 7.071, 6.654, 6.927, 8.017, 6.171], [8.775, 9.178, 6.57, 4.971, 6.972, 8.09, 6.572, 4.894, 4.219, 3.897, 3.402, 1.715, 0.0, 2.587, 5.996, 8.416, 9.195, 8.582, 7.228, 6.13, 6.192, 5.078, 4.608, 5.875, 6.355, 5.165, 5.077, 7.642, 10.051, 10.235, 9.348, 11.24, 15.633, 17.704, 17.172, 15.419, 14.233, 14.961, 13.762, 11.9, 12.094, 13.493, 13.946, 12.547, 12.452, 11.248, 8.817, 9.382, 10.986, 10.621, 11.17, 12.769, 9.506, 4.988, 5.676, 6.77, 6.168, 7.427, 10.738, 11.692, 10.012, 9.116, 8.998, 9.211, 8.896, 10.296, 12.82, 15.045, 13.727, 9.523, 6.814, 7.326, 7.064, 5.991, 6.366, 5.873, 6.322, 8.147, 6.64, 2.641, 3.876, 7.07, 8.392, 8.339, 9.59, 9.616, 8.121, 7.799, 8.202, 8.766, 9.938, 10.272, 10.234, 11.073, 11.571, 10.848, 10.117, 10.613, 11.343, 12.798, 13.327, 10.392, 6.353, 5.779, 6.086, 4.568, 5.621, 8.355, 7.277, 5.744, 5.415, 6.162, 6.761, 7.563, 7.165, 6.202, 4.52, 2.469, 1.827, 1.789, 2.888, 3.132, 3.001, 2.675, 3.09, 3.076, 3.371, 3.929, 5.023, 4.934, 4.014, 3.272, 2.055, 1.171, 1.359, 2.177, 2.08, 7.668, 11.559, 13.18, 13.05, 12.154, 11.712, 11.308, 11.234, 11.177, 10.434, 9.162, 8.645, 7.596, 8.354, 9.425, 9.885, 10.812, 12.725, 13.158, 12.194, 11.215, 11.46, 11.115, 10.398, 10.992, 11.165, 8.952, 6.358, 7.394, 7.883, 7.29, 6.966, 6.746, 5.965, 5.504, 5.218, 4.926, 5.281, 6.326, 6.59, 7.939, 7.95, 5.798, 5.362, 5.904, 5.821, 5.622, 5.374, 4.926, 5.534, 7.306, 8.991, 8.956, 9.169, 10.097, 9.477, 9.135, 9.862, 9.759, 7.508, 6.849, 8.025, 8.663, 8.662, 8.358, 7.941, 8.26, 9.353, 7.504], [8.142, 8.657, 5.694, 3.854, 5.795, 6.169, 4.487, 3.507, 3.066, 2.571, 2.7, 2.362, 2.587, 0.0, 3.627, 6.123, 7.056, 6.4, 5.199, 4.147, 4.109, 2.915, 2.416, 4.199, 4.748, 3.554, 3.555, 5.849, 7.83, 8.064, 8.01, 9.422, 13.379, 15.366, 14.882, 13.126, 11.98, 12.766, 12.163, 10.646, 10.664, 11.362, 12.505, 11.365, 10.763, 9.27, 7.603, 7.918, 8.871, 8.582, 9.07, 10.519, 7.418, 3.85, 5.128, 5.309, 5.485, 6.601, 8.971, 9.488, 8.08, 7.527, 8.107, 8.053, 7.41, 7.944, 10.51, 12.728, 11.431, 7.417, 4.831, 5.419, 5.29, 4.841, 5.007, 4.447, 4.309, 5.946, 4.538, 2.878, 2.968, 5.176, 6.23, 6.414, 7.332, 7.309, 6.085, 6.265, 6.292, 6.66, 7.756, 8.372, 8.403, 9.162, 9.635, 8.934, 8.346, 8.433, 9.051, 10.438, 11.022, 8.155, 4.327, 3.717, 3.982, 3.009, 4.599, 6.392, 5.872, 5.239, 5.254, 5.275, 5.225, 5.27, 4.818, 3.811, 2.172, 2.119, 3.527, 2.864, 1.743, 1.999, 3.142, 4.017, 4.727, 4.406, 4.001, 4.698, 6.124, 5.536, 5.237, 4.729, 3.977, 2.35, 3.451, 4.04, 2.459, 6.034, 9.587, 10.882, 10.729, 9.865, 9.425, 8.94, 8.908, 9.139, 8.876, 7.877, 7.55, 6.233, 6.329, 7.569, 8.324, 8.87, 10.469, 11.086, 10.441, 9.62, 9.724, 9.292, 8.308, 8.755, 8.797, 6.56, 4.235, 5.378, 6.046, 5.491, 5.43, 5.184, 4.428, 4.568, 4.327, 4.634, 4.587, 4.99, 5.41, 5.729, 5.816, 4.634, 4.845, 5.711, 5.757, 5.747, 5.351, 5.084, 5.528, 6.133, 7.715, 7.676, 7.753, 8.306, 7.739, 7.943, 8.449, 7.924, 6.237, 5.605, 6.101, 6.372, 6.455, 6.188, 5.612, 5.915, 7.058, 5.384], [7.391, 7.797, 4.856, 2.898, 4.008, 3.747, 2.817, 2.823, 3.218, 3.352, 4.019, 4.973, 5.996, 3.627, 0.0, 2.978, 4.535, 4.069, 3.213, 2.804, 2.326, 2.401, 1.965, 2.758, 2.875, 2.579, 2.774, 4.406, 5.474, 5.938, 6.878, 7.878, 10.375, 12.196, 11.685, 10.361, 9.484, 10.202, 10.118, 8.98, 8.866, 9.031, 10.327, 9.423, 8.707, 7.362, 6.249, 6.593, 6.853, 6.35, 6.921, 7.939, 5.674, 4.507, 5.715, 5.424, 5.807, 6.394, 7.023, 6.984, 6.425, 6.44, 6.621, 6.248, 5.632, 5.43, 7.195, 9.313, 8.219, 4.894, 3.894, 3.971, 3.638, 3.963, 4.139, 4.102, 3.232, 2.982, 2.707, 4.417, 4.033, 4.543, 5.166, 6.03, 5.481, 5.114, 5.33, 5.31, 5.276, 5.712, 6.215, 6.792, 6.592, 7.137, 7.429, 7.353, 6.697, 6.446, 6.308, 7.216, 7.807, 5.746, 2.684, 1.579, 1.698, 2.656, 3.186, 4.413, 4.375, 4.94, 4.885, 4.494, 3.474, 2.94, 2.001, 1.482, 2.188, 4.411, 6.518, 5.365, 3.582, 3.625, 4.717, 5.977, 6.362, 6.203, 5.241, 5.886, 7.552, 6.931, 7.291, 6.982, 6.654, 5.542, 6.856, 7.551, 4.566, 4.38, 7.551, 8.264, 7.655, 7.015, 6.43, 6.035, 6.211, 6.95, 7.093, 6.628, 6.712, 5.271, 4.615, 5.659, 6.356, 6.854, 7.797, 8.46, 8.152, 7.398, 7.326, 6.794, 5.64, 5.746, 5.475, 3.897, 4.412, 4.575, 4.676, 5.141, 5.536, 5.527, 5.142, 5.5, 5.445, 5.558, 5.295, 5.26, 4.928, 3.98, 4.028, 3.976, 4.478, 5.292, 5.502, 5.96, 5.627, 5.471, 6.119, 5.884, 6.409, 6.208, 6.3, 6.441, 6.182, 6.508, 6.713, 6.02, 4.737, 4.516, 4.513, 3.814, 4.15, 4.024, 3.061, 2.963, 4.148, 3.734], [6.857, 6.914, 4.291, 3.774, 2.464, 2.091, 3.091, 3.867, 4.855, 5.333, 6.054, 7.19, 8.416, 6.123, 2.978, 0.0, 2.016, 2.165, 2.142, 2.718, 2.364, 3.865, 4.008, 3.036, 2.858, 3.579, 3.696, 3.823, 4.249, 4.703, 5.632, 5.719, 7.612, 9.517, 8.908, 7.591, 7.08, 7.369, 7.434, 7.114, 6.868, 6.646, 7.898, 7.116, 6.3, 5.148, 4.429, 4.967, 4.957, 4.743, 5.061, 5.751, 4.382, 4.924, 5.732, 5.281, 5.899, 6.416, 6.083, 5.607, 5.69, 6.094, 6.104, 5.441, 4.56, 3.666, 4.962, 6.721, 5.477, 2.942, 3.055, 3.395, 3.414, 3.765, 3.995, 4.209, 3.29, 2.485, 3.163, 6.224, 5.739, 4.75, 5.249, 6.216, 5.483, 4.785, 4.918, 4.831, 4.897, 5.121, 5.087, 5.558, 5.417, 5.539, 5.941, 6.228, 5.753, 5.501, 5.15, 5.161, 5.271, 4.077, 2.468, 3.033, 2.681, 3.984, 3.58, 2.741, 3.571, 4.305, 4.781, 4.397, 3.567, 2.793, 2.349, 2.767, 4.364, 6.515, 8.716, 7.784, 5.72, 5.519, 6.537, 7.898, 8.284, 8.326, 7.029, 7.731, 9.415, 8.872, 9.605, 9.264, 8.969, 7.93, 9.258, 9.842, 6.97, 3.536, 5.508, 5.474, 4.914, 4.255, 3.975, 4.05, 4.182, 4.839, 5.592, 5.677, 5.863, 4.733, 3.793, 4.173, 4.11, 4.334, 5.382, 5.741, 5.397, 4.648, 4.525, 4.528, 3.689, 3.393, 4.04, 3.97, 5.875, 5.267, 4.821, 5.733, 6.249, 6.284, 6.206, 6.638, 6.495, 6.395, 5.902, 5.598, 5.021, 3.592, 3.576, 4.407, 5.103, 5.775, 5.888, 6.395, 6.489, 6.382, 6.119, 5.54, 5.758, 5.652, 5.523, 5.174, 5.076, 5.816, 5.634, 4.598, 4.08, 3.971, 3.564, 2.901, 2.952, 3.079, 2.381, 2.794, 2.984, 3.237], [5.263, 5.109, 3.504, 4.535, 2.718, 1.951, 3.12, 4.338, 5.471, 5.729, 6.333, 7.878, 9.195, 7.056, 4.535, 2.016, 0.0, 1.215, 2.25, 3.29, 3.222, 4.435, 5.15, 3.544, 3.049, 4.226, 4.256, 2.833, 2.977, 3.177, 4.081, 4.045, 6.539, 8.677, 8.118, 6.359, 5.692, 5.958, 5.737, 5.369, 5.174, 5.186, 6.295, 5.436, 4.696, 3.584, 2.736, 3.434, 3.369, 3.142, 3.495, 4.403, 3.073, 4.882, 4.878, 4.347, 4.96, 5.198, 4.618, 4.2, 4.22, 4.782, 4.776, 4.018, 3.241, 2.514, 4.145, 5.941, 4.6, 1.574, 2.733, 2.625, 2.977, 3.493, 3.674, 3.984, 3.442, 2.677, 3.138, 6.871, 5.96, 3.984, 4.413, 5.186, 4.949, 4.492, 4.022, 3.754, 3.933, 4.0, 3.864, 4.136, 3.751, 3.853, 4.351, 4.691, 4.304, 4.042, 4.067, 4.157, 4.436, 2.73, 3.241, 4.307, 3.914, 4.773, 3.825, 1.72, 2.446, 3.853, 4.663, 3.903, 2.964, 2.391, 3.116, 4.11, 5.238, 7.015, 9.303, 8.448, 6.482, 6.215, 6.983, 8.019, 8.661, 8.568, 7.064, 7.949, 10.007, 9.498, 10.241, 9.993, 9.571, 8.662, 10.012, 10.603, 7.71, 2.291, 3.752, 4.233, 3.919, 3.189, 2.839, 2.871, 2.989, 3.257, 3.826, 4.142, 4.469, 3.812, 2.768, 2.901, 2.51, 2.734, 4.199, 4.443, 3.966, 3.105, 3.029, 2.954, 2.692, 2.741, 3.695, 4.001, 5.888, 4.72, 4.222, 5.401, 5.93, 6.025, 6.02, 6.578, 6.248, 5.902, 5.43, 4.74, 4.012, 2.84, 2.583, 4.276, 5.173, 5.573, 5.541, 6.41, 6.794, 6.196, 5.556, 4.35, 4.437, 4.336, 4.101, 3.484, 3.722, 4.389, 4.066, 3.195, 2.896, 2.947, 2.517, 2.197, 2.041, 2.222, 2.277, 2.569, 2.102, 2.666], [4.825, 4.865, 3.0, 4.015, 2.355, 1.819, 2.715, 3.849, 4.874, 5.208, 5.792, 7.294, 8.582, 6.4, 4.069, 2.165, 1.215, 0.0, 1.657, 3.018, 2.726, 3.93, 4.582, 3.159, 2.718, 3.719, 3.757, 2.613, 2.784, 2.995, 3.793, 4.29, 7.147, 9.186, 8.689, 6.954, 5.915, 6.565, 6.223, 5.333, 5.167, 5.312, 6.575, 5.513, 4.898, 3.593, 2.953, 3.248, 3.369, 2.936, 3.405, 4.599, 2.865, 4.526, 4.669, 3.964, 4.536, 4.756, 4.261, 3.884, 3.768, 4.301, 4.394, 3.597, 2.755, 2.157, 4.313, 6.514, 5.196, 1.48, 2.044, 2.037, 2.309, 2.907, 3.067, 3.423, 2.635, 2.107, 2.4, 6.15, 5.251, 3.694, 4.112, 4.851, 4.616, 4.233, 3.669, 3.546, 3.711, 3.696, 3.602, 3.676, 3.547, 3.799, 4.317, 4.407, 3.848, 3.539, 3.704, 4.323, 4.846, 2.575, 2.472, 3.786, 3.434, 4.142, 3.308, 1.39, 1.938, 3.238, 4.164, 3.338, 2.411, 2.05, 2.591, 3.648, 4.634, 6.567, 8.871, 7.926, 6.036, 5.693, 6.341, 7.378, 8.111, 7.977, 6.384, 7.444, 9.464, 8.978, 9.624, 9.417, 9.046, 8.126, 9.484, 10.189, 7.11, 1.782, 3.925, 4.77, 4.539, 3.704, 3.264, 2.912, 2.937, 3.417, 3.716, 3.837, 4.125, 3.401, 2.407, 2.639, 2.485, 2.96, 4.389, 4.935, 4.454, 3.625, 3.675, 3.249, 2.596, 2.933, 3.474, 3.485, 5.286, 4.212, 3.789, 4.876, 5.363, 5.393, 5.385, 5.902, 5.609, 5.471, 5.0, 4.42, 3.452, 2.141, 2.008, 3.545, 4.806, 5.141, 4.996, 5.905, 6.24, 5.684, 5.117, 4.073, 3.92, 3.813, 3.637, 3.21, 3.251, 3.876, 3.558, 2.698, 2.366, 2.428, 1.923, 1.734, 1.863, 1.921, 1.856, 2.337, 1.931, 2.336], [5.085, 5.223, 2.75, 2.624, 1.703, 1.779, 1.776, 2.638, 3.819, 4.322, 5.04, 6.025, 7.228, 5.199, 3.213, 2.142, 2.25, 1.657, 0.0, 1.652, 1.515, 3.058, 3.486, 1.941, 1.712, 2.334, 2.453, 2.451, 3.244, 3.584, 4.039, 4.992, 8.594, 10.645, 10.086, 8.327, 7.21, 7.96, 7.55, 6.145, 6.122, 6.786, 8.007, 6.695, 6.181, 4.692, 3.337, 3.746, 4.211, 4.04, 4.322, 5.706, 3.1, 3.9, 4.361, 3.788, 4.394, 4.846, 4.752, 4.869, 4.057, 4.446, 4.536, 3.959, 3.249, 3.312, 5.729, 7.946, 6.587, 2.71, 1.585, 1.908, 1.933, 2.171, 2.438, 2.635, 2.093, 2.627, 2.263, 5.05, 4.575, 3.56, 4.079, 4.944, 4.843, 4.458, 3.525, 3.398, 3.545, 3.773, 3.756, 4.159, 3.985, 4.543, 5.035, 4.73, 4.159, 4.157, 4.703, 5.786, 6.234, 3.456, 1.433, 2.689, 2.33, 2.761, 2.263, 1.732, 1.891, 2.606, 3.252, 2.776, 2.273, 2.004, 2.187, 2.843, 3.649, 5.622, 7.754, 6.801, 4.832, 4.692, 5.502, 6.755, 7.193, 7.253, 5.871, 6.701, 8.277, 7.912, 8.545, 8.161, 7.936, 6.796, 8.077, 8.655, 5.796, 1.951, 4.928, 6.11, 5.935, 5.083, 4.641, 4.266, 4.287, 4.689, 4.373, 4.019, 4.198, 3.236, 2.393, 3.063, 3.599, 4.158, 5.746, 6.369, 5.838, 5.021, 5.01, 4.577, 3.808, 4.12, 4.441, 3.519, 5.006, 3.989, 3.528, 4.58, 5.087, 5.292, 5.169, 5.657, 5.378, 5.196, 4.645, 4.157, 3.438, 2.31, 2.341, 3.183, 4.098, 4.617, 4.653, 5.241, 5.368, 5.178, 4.725, 4.053, 4.088, 4.026, 3.733, 3.794, 3.581, 4.094, 4.107, 3.406, 2.517, 2.354, 2.212, 2.166, 2.112, 2.122, 1.821, 2.393, 2.451, 2.08], [5.417, 5.704, 2.76, 1.811, 2.37, 2.576, 2.001, 2.328, 3.24, 3.69, 4.299, 5.073, 6.13, 4.147, 2.804, 2.718, 3.29, 3.018, 1.652, 0.0, 1.135, 2.619, 2.577, 1.701, 1.852, 1.931, 2.081, 2.734, 4.179, 4.46, 4.777, 5.837, 9.722, 11.905, 11.354, 9.466, 8.309, 8.983, 8.793, 7.362, 7.314, 8.003, 9.249, 8.037, 7.402, 5.914, 4.178, 4.562, 5.476, 5.187, 5.596, 6.984, 3.86, 3.644, 4.249, 3.837, 4.42, 4.886, 5.547, 6.088, 4.943, 4.742, 5.072, 4.832, 4.077, 4.499, 6.919, 9.137, 7.772, 4.002, 1.876, 2.282, 2.412, 2.211, 2.638, 2.795, 2.473, 3.345, 2.461, 4.616, 4.25, 3.474, 4.098, 4.845, 5.168, 4.726, 3.807, 3.502, 3.684, 3.846, 4.248, 5.094, 5.018, 5.636, 6.139, 5.593, 5.164, 5.272, 5.751, 7.092, 7.395, 4.693, 1.506, 2.164, 2.154, 2.372, 2.531, 2.983, 2.643, 2.72, 3.088, 2.87, 2.85, 2.465, 2.458, 2.57, 3.034, 4.708, 6.728, 5.798, 3.814, 3.995, 5.0, 6.281, 6.572, 6.518, 5.538, 6.233, 7.866, 6.923, 7.468, 7.085, 6.863, 5.716, 6.963, 7.457, 4.697, 2.813, 6.098, 7.318, 7.072, 6.235, 5.885, 5.542, 5.647, 5.819, 5.612, 4.558, 4.464, 3.36, 3.03, 4.113, 4.976, 5.549, 7.066, 7.591, 7.018, 6.193, 6.037, 5.738, 4.878, 5.283, 5.456, 3.969, 4.933, 4.126, 3.646, 4.707, 5.036, 5.22, 5.152, 5.653, 5.259, 5.045, 4.557, 4.113, 3.535, 2.974, 2.865, 2.995, 3.684, 4.351, 4.506, 4.99, 5.09, 5.004, 4.638, 3.97, 4.531, 4.506, 4.324, 4.71, 4.224, 4.638, 5.131, 4.715, 3.07, 2.496, 2.816, 2.98, 2.951, 2.971, 2.542, 2.932, 3.539, 2.313], [5.708, 5.937, 3.03, 1.747, 2.35, 2.414, 1.68, 2.041, 2.888, 3.338, 4.014, 4.956, 6.192, 4.109, 2.326, 2.364, 3.222, 2.726, 1.515, 1.135, 0.0, 2.216, 2.304, 1.342, 1.577, 1.583, 1.739, 2.629, 4.083, 4.319, 4.894, 6.055, 9.561, 11.697, 11.128, 9.348, 8.243, 8.887, 8.597, 7.353, 7.351, 7.822, 9.038, 7.888, 7.215, 5.882, 4.395, 4.684, 5.339, 5.092, 5.397, 6.781, 3.869, 3.52, 4.274, 3.869, 4.389, 5.016, 5.465, 5.876, 4.952, 4.84, 5.02, 4.744, 4.117, 4.307, 6.753, 8.971, 7.593, 3.733, 2.018, 2.444, 2.268, 2.151, 2.605, 2.768, 2.029, 2.66, 1.915, 4.27, 3.906, 3.301, 3.885, 4.788, 4.774, 4.369, 3.8, 3.605, 3.623, 3.994, 4.363, 5.031, 4.942, 5.575, 6.018, 5.621, 5.232, 5.107, 5.622, 6.852, 7.227, 4.496, 1.203, 1.76, 1.516, 1.977, 2.093, 2.911, 2.622, 3.001, 3.165, 2.86, 2.478, 2.025, 1.857, 2.116, 2.501, 4.554, 6.66, 5.71, 3.697, 3.644, 4.625, 5.969, 6.278, 6.295, 5.199, 5.915, 7.563, 6.822, 7.42, 7.066, 6.821, 5.73, 7.007, 7.583, 4.754, 2.836, 5.965, 7.169, 6.936, 6.095, 5.674, 5.355, 5.38, 5.675, 5.571, 4.724, 4.726, 3.513, 2.977, 3.997, 4.776, 5.394, 6.829, 7.395, 6.864, 6.046, 5.971, 5.595, 4.719, 5.074, 5.28, 3.414, 4.447, 3.897, 3.421, 4.325, 4.776, 4.989, 4.857, 5.376, 4.903, 4.865, 4.394, 4.027, 3.537, 2.844, 2.736, 2.778, 3.406, 4.063, 4.309, 4.75, 4.806, 4.801, 4.631, 4.138, 4.57, 4.505, 4.475, 4.716, 4.209, 4.714, 5.08, 4.588, 3.12, 2.646, 2.86, 2.744, 2.779, 2.739, 2.15, 2.521, 3.373, 2.186], [6.056, 6.508, 3.536, 2.582, 4.085, 4.009, 2.437, 1.851, 1.732, 1.829, 2.454, 3.782, 5.078, 2.915, 2.401, 3.865, 4.435, 3.93, 3.058, 2.619, 2.216, 0.0, 1.323, 2.258, 3.202, 1.876, 1.55, 3.471, 5.17, 5.443, 5.618, 6.951, 10.636, 12.734, 12.182, 10.403, 9.369, 10.06, 9.863, 8.362, 8.339, 9.028, 10.315, 9.054, 8.468, 6.857, 5.265, 5.48, 6.333, 6.204, 6.538, 7.819, 4.893, 2.302, 3.431, 3.306, 3.701, 4.691, 6.564, 6.933, 5.839, 5.302, 5.738, 5.748, 5.086, 5.439, 7.823, 10.019, 8.65, 4.904, 2.878, 3.106, 3.039, 2.851, 2.941, 2.538, 2.102, 3.47, 2.248, 2.769, 2.162, 2.601, 3.608, 4.043, 4.699, 4.557, 3.725, 3.83, 3.843, 4.185, 5.184, 5.899, 6.019, 6.647, 7.211, 6.615, 6.133, 6.142, 6.575, 7.903, 8.3, 5.601, 2.451, 2.41, 1.965, 1.688, 2.544, 3.963, 3.536, 3.504, 3.503, 3.196, 2.931, 2.825, 2.355, 2.15, 1.504, 3.008, 5.269, 4.392, 2.361, 2.088, 2.964, 4.088, 4.66, 4.618, 3.359, 4.163, 6.058, 5.531, 6.181, 5.889, 5.478, 4.543, 5.907, 6.542, 3.613, 3.791, 7.158, 8.247, 8.011, 7.169, 6.717, 6.393, 6.47, 6.906, 6.63, 5.541, 5.307, 4.114, 3.993, 5.169, 5.957, 6.469, 7.882, 8.555, 8.113, 7.291, 7.196, 6.796, 5.885, 6.112, 6.248, 4.043, 2.736, 3.156, 3.698, 3.32, 3.585, 3.601, 3.254, 3.626, 3.301, 3.323, 2.969, 2.949, 3.233, 3.394, 3.367, 2.404, 2.616, 3.421, 3.733, 3.935, 3.783, 3.514, 3.894, 3.85, 5.488, 5.441, 5.324, 5.755, 5.294, 5.611, 6.192, 5.652, 3.99, 3.319, 3.632, 3.776, 3.932, 3.9, 3.194, 3.322, 4.369, 2.948], [7.048, 7.446, 4.408, 2.683, 4.283, 4.351, 2.717, 2.097, 2.06, 1.828, 2.529, 3.373, 4.608, 2.416, 1.965, 4.008, 5.15, 4.582, 3.486, 2.577, 2.304, 1.323, 0.0, 2.512, 3.305, 2.068, 2.014, 4.03, 5.825, 6.182, 6.463, 7.647, 11.374, 13.338, 12.725, 11.048, 10.034, 10.787, 10.549, 9.093, 9.073, 9.738, 11.0, 9.764, 9.171, 7.595, 6.054, 6.235, 7.073, 6.927, 7.213, 8.505, 5.608, 3.207, 4.415, 4.377, 4.784, 5.659, 7.295, 7.727, 6.564, 6.091, 6.478, 6.466, 5.81, 6.078, 8.327, 10.541, 9.255, 5.642, 3.608, 3.774, 3.607, 3.552, 3.53, 3.258, 2.679, 3.886, 2.825, 2.965, 2.763, 3.586, 4.525, 5.099, 5.487, 5.148, 4.561, 4.615, 4.609, 4.974, 5.806, 6.681, 6.749, 7.413, 7.94, 7.319, 6.884, 6.835, 7.274, 8.489, 8.842, 6.186, 2.613, 2.044, 2.199, 1.697, 2.975, 4.549, 4.173, 4.268, 4.281, 3.826, 3.607, 3.511, 2.813, 2.229, 1.102, 2.779, 4.942, 4.023, 2.03, 2.1, 3.194, 4.487, 4.85, 4.706, 3.992, 4.683, 6.389, 5.536, 5.805, 5.481, 5.172, 4.148, 5.447, 6.03, 3.166, 4.479, 7.854, 8.801, 8.487, 7.821, 7.317, 7.075, 7.075, 7.618, 7.356, 6.355, 6.202, 4.995, 4.701, 5.865, 6.67, 7.16, 8.557, 9.361, 8.818, 8.001, 7.895, 7.574, 6.681, 6.725, 6.827, 4.711, 3.387, 3.894, 4.462, 4.151, 4.639, 4.57, 4.021, 4.258, 4.094, 4.186, 3.716, 3.874, 4.232, 3.966, 4.085, 3.307, 3.371, 4.35, 4.716, 4.867, 4.682, 4.416, 4.864, 4.73, 6.198, 6.144, 6.084, 6.508, 5.976, 6.364, 6.853, 6.365, 4.691, 4.125, 4.363, 4.4, 4.667, 4.503, 3.52, 3.823, 4.923, 3.609], [5.348, 5.649, 2.704, 1.576, 2.238, 2.481, 1.509, 1.564, 2.359, 3.172, 3.685, 4.567, 5.875, 4.199, 2.758, 3.036, 3.544, 3.159, 1.941, 1.701, 1.342, 2.258, 2.512, 0.0, 1.187, 1.212, 1.113, 2.477, 4.426, 4.711, 4.751, 5.919, 10.033, 12.185, 11.616, 9.795, 8.582, 9.317, 8.649, 7.073, 7.353, 8.116, 8.954, 7.68, 7.325, 6.025, 4.124, 4.558, 5.563, 5.206, 5.742, 7.235, 4.046, 3.068, 3.647, 3.538, 3.798, 4.412, 5.587, 6.32, 4.755, 4.493, 4.497, 4.407, 3.961, 4.726, 7.236, 9.454, 8.076, 4.153, 2.043, 2.553, 2.088, 2.074, 2.436, 2.346, 1.856, 2.691, 1.569, 3.843, 3.444, 3.023, 3.711, 4.513, 4.888, 4.565, 3.428, 3.163, 3.259, 3.964, 4.533, 5.227, 4.919, 5.798, 6.242, 5.509, 5.075, 5.322, 6.0, 7.342, 7.718, 4.805, 1.475, 2.122, 1.708, 1.63, 1.207, 3.019, 2.587, 2.633, 2.654, 2.355, 1.826, 2.061, 1.901, 2.313, 2.732, 4.478, 6.312, 5.356, 3.617, 3.805, 4.386, 5.413, 5.683, 5.818, 4.636, 5.323, 7.032, 6.452, 7.011, 6.692, 6.456, 5.438, 6.691, 7.145, 4.311, 2.534, 5.928, 7.571, 7.429, 6.55, 6.136, 5.829, 5.852, 5.64, 5.314, 4.601, 4.413, 3.204, 2.999, 4.084, 4.865, 5.42, 7.3, 7.814, 7.034, 6.082, 6.103, 5.95, 5.037, 5.498, 5.693, 3.58, 4.151, 3.41, 2.991, 3.617, 4.13, 4.606, 4.433, 4.954, 4.478, 3.964, 3.704, 3.361, 3.042, 2.962, 2.846, 1.996, 2.656, 3.416, 3.47, 4.034, 4.108, 3.914, 3.944, 3.635, 4.332, 4.176, 4.256, 4.869, 4.419, 4.487, 5.031, 4.494, 2.809, 2.383, 3.05, 3.219, 3.093, 2.823, 2.399, 2.758, 3.837, 1.964], [5.308, 5.604, 2.762, 1.832, 1.945, 1.859, 1.464, 1.777, 3.11, 3.935, 4.438, 5.248, 6.355, 4.748, 2.875, 2.858, 3.049, 2.718, 1.712, 1.852, 1.577, 3.202, 3.305, 1.187, 0.0, 1.555, 1.883, 2.398, 4.042, 4.307, 4.78, 5.815, 9.539, 11.651, 11.07, 9.289, 8.084, 8.816, 7.95, 6.671, 6.896, 7.489, 8.298, 7.086, 6.68, 5.605, 4.007, 4.564, 5.169, 4.659, 5.228, 6.753, 3.888, 3.81, 4.015, 3.755, 4.023, 4.587, 5.106, 5.775, 4.464, 4.533, 4.312, 3.934, 3.486, 4.222, 6.746, 8.96, 7.585, 3.555, 2.187, 2.65, 2.197, 2.204, 2.575, 2.627, 2.186, 2.36, 1.833, 4.633, 4.19, 3.241, 3.976, 4.7, 4.892, 4.576, 3.643, 3.396, 3.478, 4.074, 4.62, 5.047, 4.507, 5.352, 5.624, 5.378, 4.846, 4.975, 5.474, 6.776, 7.203, 4.364, 1.554, 2.239, 2.072, 2.181, 1.51, 2.788, 2.376, 2.659, 2.849, 2.393, 1.64, 1.752, 2.028, 2.543, 3.445, 5.375, 7.009, 6.065, 4.391, 4.645, 5.264, 6.203, 6.472, 6.627, 5.334, 6.119, 7.715, 7.152, 7.701, 7.307, 7.131, 6.043, 7.183, 7.709, 4.853, 2.161, 5.54, 7.074, 6.924, 6.031, 5.669, 5.272, 5.291, 5.081, 4.933, 4.497, 4.367, 3.177, 2.791, 3.599, 4.27, 4.971, 6.737, 7.178, 6.347, 5.385, 5.464, 5.264, 4.382, 4.939, 5.158, 3.393, 4.8, 3.768, 3.247, 4.116, 4.582, 5.065, 5.018, 5.56, 5.087, 4.481, 4.143, 3.759, 3.23, 2.69, 2.542, 2.595, 3.372, 3.978, 3.877, 4.582, 4.789, 4.444, 4.198, 3.82, 4.146, 3.93, 4.047, 4.525, 4.269, 4.27, 4.605, 4.014, 2.528, 2.289, 2.933, 2.848, 2.675, 2.391, 2.038, 2.481, 3.399, 1.988], [5.631, 5.992, 2.957, 1.476, 2.609, 3.09, 1.652, 1.016, 1.946, 2.623, 3.208, 4.065, 5.165, 3.554, 2.579, 3.579, 4.226, 3.719, 2.334, 1.931, 1.583, 1.876, 2.068, 1.212, 1.555, 0.0, 0.847, 2.866, 5.098, 5.295, 5.37, 6.655, 10.698, 12.825, 12.252, 10.475, 9.278, 10.002, 9.186, 7.644, 7.738, 8.67, 9.595, 8.313, 7.812, 6.485, 4.772, 5.26, 6.152, 5.825, 6.344, 7.853, 4.653, 2.968, 3.798, 3.57, 3.901, 4.539, 6.094, 6.872, 5.326, 4.902, 5.049, 5.018, 4.471, 5.39, 7.914, 10.126, 8.768, 4.721, 2.453, 2.98, 2.625, 2.279, 2.569, 2.407, 1.985, 3.273, 1.824, 3.445, 2.925, 3.004, 3.862, 4.481, 5.105, 4.839, 3.696, 3.559, 3.669, 4.25, 5.077, 5.687, 5.514, 6.31, 6.771, 6.065, 5.712, 5.881, 6.561, 7.932, 8.394, 5.488, 1.764, 1.971, 1.425, 1.227, 1.514, 3.662, 3.037, 2.809, 2.735, 2.436, 2.201, 2.657, 2.273, 2.001, 2.284, 4.08, 5.841, 4.906, 3.161, 3.327, 4.004, 5.023, 5.299, 5.48, 4.157, 4.942, 6.53, 5.998, 6.549, 6.177, 5.988, 4.915, 6.026, 6.542, 3.725, 3.142, 6.687, 8.239, 8.11, 7.22, 6.795, 6.425, 6.407, 6.39, 5.977, 5.006, 4.817, 3.615, 3.577, 4.626, 5.426, 6.072, 7.856, 8.348, 7.545, 6.625, 6.708, 6.418, 5.582, 6.093, 6.297, 4.074, 3.776, 3.366, 3.353, 3.585, 4.057, 4.447, 4.2, 4.685, 4.142, 3.833, 3.62, 3.422, 3.186, 3.245, 3.132, 1.938, 2.473, 3.202, 3.424, 3.88, 3.783, 3.697, 4.038, 3.746, 4.789, 4.698, 4.686, 5.314, 4.806, 4.86, 5.477, 5.162, 3.401, 2.811, 3.548, 3.796, 3.757, 3.585, 3.037, 3.361, 4.441, 2.69], [5.402, 5.739, 2.725, 1.474, 2.695, 3.192, 1.797, 1.04, 1.63, 2.406, 2.871, 3.784, 5.077, 3.555, 2.774, 3.696, 4.256, 3.757, 2.453, 2.081, 1.739, 1.55, 2.014, 1.113, 1.883, 0.847, 0.0, 2.74, 5.104, 5.308, 5.112, 6.384, 10.72, 12.844, 12.272, 10.49, 9.286, 10.014, 9.146, 7.483, 7.708, 8.714, 9.481, 8.184, 7.846, 6.532, 4.475, 4.938, 6.181, 5.817, 6.315, 7.87, 4.615, 2.651, 3.412, 3.375, 3.574, 4.23, 6.142, 6.943, 5.27, 4.639, 4.857, 4.882, 4.415, 5.407, 7.931, 10.148, 8.78, 4.78, 2.398, 2.894, 2.515, 2.211, 2.45, 2.203, 1.949, 3.328, 1.845, 3.014, 2.55, 2.878, 3.827, 4.408, 5.004, 4.777, 3.572, 3.317, 3.551, 4.177, 5.044, 5.708, 5.478, 6.378, 6.814, 5.964, 5.47, 5.877, 6.617, 7.987, 8.406, 5.475, 1.924, 2.268, 1.569, 1.202, 1.324, 3.603, 2.908, 2.621, 2.559, 2.189, 2.068, 2.674, 2.34, 2.263, 2.262, 3.805, 5.553, 4.603, 2.936, 3.047, 3.621, 4.473, 4.871, 4.985, 3.679, 4.457, 6.1, 5.705, 6.254, 5.934, 5.699, 4.689, 5.901, 6.463, 3.53, 2.992, 6.578, 8.251, 8.131, 7.24, 6.826, 6.479, 6.45, 6.267, 5.806, 4.801, 4.519, 3.344, 3.49, 4.599, 5.367, 5.975, 7.921, 8.407, 7.571, 6.602, 6.674, 6.481, 5.625, 6.144, 6.348, 4.119, 3.533, 3.095, 3.268, 3.326, 3.708, 4.245, 3.947, 4.441, 3.853, 3.449, 3.269, 3.039, 2.937, 3.234, 3.2, 1.659, 2.092, 2.897, 3.18, 3.554, 3.394, 3.31, 3.654, 3.478, 4.621, 4.545, 4.544, 5.35, 4.848, 4.75, 5.47, 5.064, 3.173, 2.531, 3.422, 3.826, 3.774, 3.495, 3.058, 3.41, 4.49, 2.557], [3.561, 3.852, 2.37, 3.266, 3.239, 2.448, 1.888, 2.824, 4.006, 4.428, 4.957, 6.342, 7.642, 5.849, 4.406, 3.823, 2.833, 2.613, 2.451, 2.734, 2.629, 3.471, 4.03, 2.477, 2.398, 2.866, 2.74, 0.0, 2.426, 2.705, 2.996, 4.139, 8.075, 10.226, 9.645, 7.814, 6.601, 7.331, 6.666, 5.341, 5.481, 6.111, 7.081, 5.878, 5.351, 4.154, 2.745, 2.883, 3.677, 3.304, 3.755, 5.277, 2.16, 3.451, 3.003, 2.256, 2.857, 2.741, 3.629, 4.376, 2.913, 2.602, 2.95, 2.681, 2.134, 2.758, 5.28, 7.496, 6.117, 2.748, 2.09, 1.962, 1.83, 2.374, 1.984, 2.213, 2.107, 2.513, 2.13, 5.351, 4.383, 1.983, 2.322, 2.994, 3.189, 2.718, 1.652, 1.5, 1.663, 1.951, 2.692, 3.418, 3.044, 3.877, 4.217, 3.68, 3.307, 3.389, 4.058, 5.366, 5.735, 2.878, 2.379, 3.866, 3.204, 3.3, 2.647, 2.299, 1.668, 2.761, 3.183, 2.236, 1.696, 1.905, 2.804, 3.667, 4.123, 5.796, 7.922, 7.041, 5.187, 5.153, 5.603, 6.474, 7.174, 7.15, 5.421, 6.585, 8.581, 8.124, 8.725, 8.483, 8.151, 7.18, 8.504, 9.072, 6.166, 1.919, 4.079, 5.59, 5.443, 4.568, 4.22, 3.86, 3.846, 3.78, 3.566, 2.741, 2.67, 1.944, 1.54, 2.185, 2.996, 3.506, 5.312, 5.823, 5.003, 4.192, 4.179, 3.963, 3.37, 4.042, 4.203, 3.268, 4.249, 2.81, 2.56, 3.429, 3.881, 4.083, 4.188, 4.809, 4.359, 3.86, 3.311, 2.303, 2.126, 1.68, 1.58, 2.71, 3.756, 3.998, 4.076, 4.949, 5.352, 4.509, 3.338, 1.94, 2.497, 2.383, 2.482, 3.014, 2.556, 2.639, 3.155, 2.646, 1.447, 1.626, 1.851, 1.857, 1.524, 1.589, 2.219, 2.252, 2.379, 1.453], [3.795, 3.507, 4.274, 5.476, 4.377, 3.414, 3.582,