[[0.0, 0.844, 3.003, 5.909, 9.067, 13.143, 13.835, 13.97, 14.831, 16.899, 17.415, 15.489, 14.856, 14.425, 13.83, 12.84, 11.915, 10.938, 10.315, 12.292, 13.924, 14.957, 14.898, 16.414, 18.004, 18.131, 17.393, 17.98, 18.719, 17.972, 17.462, 17.089, 16.449, 15.683, 15.832, 16.826, 18.796, 21.41, 23.239, 22.79, 21.543, 21.931, 22.408, 21.195, 20.438, 22.067, 20.718, 18.743, 17.119, 15.076, 13.103, 10.994, 12.899, 14.793, 14.0, 14.687, 19.26, 18.019, 15.615, 16.466, 17.891, 18.143, 18.316, 14.962, 10.574, 10.194, 12.692, 13.835, 10.741, 9.035, 9.393, 11.871, 12.729, 11.673, 13.603, 15.26, 16.102, 16.996, 17.563, 17.636, 17.382, 17.156, 17.135, 16.668, 15.927, 15.804, 15.629, 15.202, 15.562, 17.892, 20.159, 19.445, 17.67, 16.558, 17.016, 19.988, 19.633, 14.02, 9.446, 7.748, 7.986, 6.728, 4.815, 4.472, 3.522, 3.053, 3.323, 3.075, 3.987, 6.057, 6.39, 4.814, 4.986, 11.961, 11.247, 9.144, 9.552, 9.474, 10.447, 12.358, 11.362, 11.16, 12.009, 9.138, 6.642, 6.582, 6.386, 6.85, 7.504, 6.606, 6.126, 6.103, 5.567, 5.267, 5.507, 5.344, 5.131, 4.412, 4.516, 3.06, 2.832, 2.907, 4.055, 5.58, 6.534, 8.657, 9.205, 8.811, 6.713, 6.375, 8.652, 9.4, 7.751, 6.618, 6.497, 5.607, 5.533, 4.419, 3.611, 3.597, 3.805, 3.943, 3.84, 3.847, 2.916, 5.213, 5.207, 6.246, 6.095, 6.56, 7.273, 7.802, 7.691, 7.782, 7.637, 6.591, 7.355, 6.322, 7.066, 10.597, 13.638, 17.657, 21.853, 22.142, 22.922, 25.057, 26.133, 27.412, 29.619, 30.518, 30.461, 29.686, 29.134, 28.05, 26.105, 26.619, 26.526, 25.896, 25.952, 25.874, 25.823, 24.893, 21.752, 17.397, 18.602, 16.27], [0.844, 0.0, 2.653, 5.566, 8.779, 12.803, 13.477, 13.645, 14.528, 16.598, 17.114, 15.197, 14.561, 14.128, 13.545, 12.559, 11.605, 10.654, 10.011, 11.994, 13.611, 14.649, 14.585, 16.124, 17.692, 17.833, 17.099, 17.673, 18.441, 17.683, 17.171, 16.801, 16.135, 15.38, 15.553, 16.53, 18.492, 21.121, 22.955, 22.481, 21.246, 21.623, 22.116, 20.906, 20.141, 21.731, 20.404, 18.428, 16.834, 14.757, 12.792, 10.663, 12.587, 14.497, 13.691, 14.393, 18.946, 17.679, 15.307, 16.154, 17.594, 17.835, 18.009, 14.658, 10.298, 9.939, 12.396, 13.541, 10.464, 8.779, 9.067, 11.563, 12.422, 11.378, 13.317, 14.993, 15.823, 16.736, 17.287, 17.34, 17.094, 16.874, 16.828, 16.335, 15.601, 15.528, 15.338, 14.895, 15.224, 17.603, 19.849, 19.154, 17.384, 16.26, 16.715, 19.708, 19.338, 13.735, 9.185, 7.498, 7.64, 6.539, 4.674, 4.428, 3.441, 3.088, 3.299, 3.008, 3.692, 5.76, 6.075, 4.529, 5.095, 12.254, 11.508, 9.419, 9.906, 9.74, 10.754, 12.648, 11.652, 11.418, 12.31, 9.45, 6.902, 6.624, 6.413, 6.877, 7.534, 6.647, 6.163, 6.129, 5.592, 5.325, 5.564, 5.402, 5.184, 4.526, 4.265, 3.111, 2.914, 2.956, 4.251, 5.94, 6.812, 8.959, 9.514, 9.14, 6.902, 6.597, 8.963, 9.614, 7.931, 6.967, 6.74, 5.879, 5.83, 4.618, 3.871, 3.929, 4.148, 4.251, 4.139, 4.168, 3.031, 5.051, 5.136, 6.324, 6.182, 6.644, 7.318, 7.837, 7.73, 7.842, 7.695, 6.683, 7.357, 6.499, 7.368, 10.901, 13.932, 17.956, 22.144, 22.468, 23.225, 25.345, 26.414, 27.695, 29.896, 30.808, 30.738, 29.977, 29.429, 28.326, 26.397, 26.901, 26.804, 26.171, 26.234, 26.161, 26.114, 25.186, 22.034, 17.68, 18.885, 16.547], [3.003, 2.653, 0.0, 3.127, 6.235, 10.228, 10.902, 11.079, 11.963, 14.03, 14.546, 12.627, 11.991, 11.554, 10.973, 9.995, 9.032, 8.084, 7.442, 9.42, 11.037, 12.064, 12.009, 13.558, 15.125, 15.293, 14.546, 15.105, 15.882, 15.121, 14.599, 14.231, 13.561, 12.811, 12.973, 13.956, 15.925, 18.547, 20.383, 19.908, 18.672, 19.049, 19.542, 18.333, 17.561, 19.15, 17.819, 15.846, 14.21, 12.177, 10.226, 8.101, 10.008, 11.923, 11.107, 11.814, 16.368, 15.102, 12.733, 13.587, 15.034, 15.261, 15.435, 12.084, 7.696, 7.39, 9.822, 10.967, 7.951, 6.398, 6.601, 8.989, 9.845, 8.807, 10.818, 12.404, 13.222, 14.102, 14.69, 14.754, 14.56, 14.284, 14.245, 13.762, 13.016, 12.944, 12.747, 12.329, 12.645, 15.029, 17.275, 16.587, 14.817, 13.686, 14.141, 17.139, 16.765, 11.162, 6.953, 6.844, 7.118, 6.208, 4.068, 4.04, 3.615, 4.059, 3.973, 3.489, 3.701, 3.677, 3.685, 4.1, 7.509, 14.811, 14.081, 11.928, 12.447, 12.225, 13.333, 15.238, 14.243, 13.989, 14.901, 11.992, 9.438, 8.499, 7.989, 8.053, 8.373, 7.328, 7.063, 7.484, 6.797, 5.946, 6.146, 6.04, 5.942, 5.02, 2.871, 3.143, 3.826, 4.029, 6.591, 8.448, 9.35, 11.514, 12.048, 11.698, 9.477, 9.151, 11.52, 12.165, 10.504, 9.433, 9.175, 8.114, 8.384, 6.925, 6.328, 6.44, 6.646, 6.642, 6.497, 6.627, 4.718, 3.823, 4.825, 6.742, 6.706, 7.356, 8.305, 9.093, 8.728, 8.388, 8.228, 7.291, 8.755, 8.847, 9.925, 13.486, 16.526, 20.556, 24.749, 25.066, 25.803, 27.907, 28.963, 30.219, 32.405, 33.317, 33.254, 32.507, 31.949, 30.861, 28.956, 29.452, 29.383, 28.745, 28.806, 28.735, 28.7, 27.79, 24.637, 20.274, 21.463, 19.136], [5.909, 5.566, 3.127, 0.0, 3.281, 7.291, 7.995, 8.14, 9.035, 11.069, 11.577, 9.658, 9.038, 8.601, 8.015, 7.093, 6.109, 5.155, 4.578, 6.466, 8.083, 9.129, 9.07, 10.605, 12.161, 12.318, 11.596, 12.154, 12.915, 12.155, 11.642, 11.276, 10.604, 9.854, 10.055, 11.004, 12.972, 15.59, 17.423, 16.956, 15.72, 16.097, 16.585, 15.374, 14.627, 16.205, 14.889, 12.943, 11.353, 9.275, 7.327, 5.625, 7.181, 8.968, 8.18, 8.888, 13.421, 12.153, 9.777, 10.64, 12.11, 12.309, 12.482, 9.145, 4.923, 4.611, 6.898, 8.037, 5.037, 3.683, 3.998, 6.051, 6.896, 5.916, 7.999, 9.55, 10.391, 11.257, 11.804, 11.835, 11.63, 11.405, 11.327, 10.847, 10.11, 10.049, 9.825, 9.408, 9.716, 12.072, 14.324, 13.625, 11.854, 10.728, 11.187, 14.179, 13.806, 8.203, 6.0, 6.51, 6.62, 5.979, 5.048, 4.894, 4.826, 5.54, 5.577, 5.212, 4.833, 3.369, 2.91, 5.206, 10.466, 17.697, 16.993, 14.855, 15.38, 15.149, 16.259, 18.151, 17.169, 16.91, 17.824, 14.912, 12.355, 11.31, 10.634, 10.503, 10.679, 9.558, 9.357, 10.004, 9.214, 8.08, 8.084, 8.043, 8.153, 7.024, 3.439, 4.981, 6.373, 6.727, 9.476, 11.339, 12.219, 14.391, 14.948, 14.574, 12.329, 12.038, 14.403, 15.043, 13.34, 12.245, 12.041, 10.9, 11.275, 9.81, 9.247, 9.353, 9.569, 9.598, 9.439, 9.587, 7.624, 4.206, 6.107, 8.412, 8.468, 9.564, 10.785, 11.688, 11.039, 10.272, 9.978, 9.385, 11.304, 11.721, 12.833, 16.438, 19.439, 23.462, 27.648, 27.974, 28.697, 30.799, 31.837, 33.075, 35.212, 36.109, 36.071, 35.341, 34.795, 33.738, 31.85, 32.335, 32.27, 31.637, 31.698, 31.618, 31.588, 30.675, 27.523, 23.161, 24.342, 22.026], [9.067, 8.779, 6.235, 3.281, 0.0, 4.206, 4.945, 4.996, 5.851, 7.849, 8.392, 6.454, 5.884, 5.444, 5.012, 4.743, 3.97, 3.418, 2.562, 3.56, 4.889, 5.915, 6.004, 7.542, 8.972, 9.118, 8.507, 9.09, 9.69, 8.931, 8.412, 8.125, 7.599, 6.947, 7.126, 8.0, 9.751, 12.361, 14.193, 13.751, 12.512, 12.906, 13.358, 12.184, 11.635, 13.042, 11.756, 10.025, 8.546, 6.696, 5.488, 4.575, 5.332, 5.875, 5.036, 5.726, 10.225, 8.999, 6.591, 7.558, 8.979, 9.089, 9.279, 6.054, 4.261, 3.678, 3.863, 4.938, 3.287, 3.039, 3.009, 3.464, 4.177, 3.814, 5.517, 7.109, 8.019, 8.713, 9.04, 8.895, 8.543, 8.589, 8.223, 7.768, 7.151, 7.025, 6.759, 6.325, 6.597, 8.845, 11.115, 10.395, 8.671, 7.508, 7.964, 10.946, 10.583, 5.078, 5.651, 6.186, 6.465, 6.893, 6.851, 6.585, 6.898, 7.821, 8.042, 7.716, 6.357, 4.638, 3.981, 6.6, 13.263, 20.869, 20.226, 18.093, 18.54, 18.327, 19.444, 21.376, 20.382, 20.099, 21.04, 18.13, 15.552, 14.559, 13.886, 13.651, 13.736, 12.269, 12.234, 13.074, 12.132, 10.779, 10.652, 10.796, 11.096, 9.797, 5.533, 7.667, 9.336, 9.655, 12.589, 14.467, 15.103, 17.246, 17.898, 17.656, 15.467, 15.044, 17.27, 18.033, 16.324, 15.062, 14.969, 13.818, 14.186, 12.88, 12.232, 12.373, 12.589, 12.583, 12.456, 12.601, 10.712, 6.087, 8.273, 11.033, 11.361, 12.709, 14.03, 14.933, 14.165, 12.833, 12.457, 11.925, 14.412, 14.965, 16.06, 19.659, 22.65, 26.657, 30.816, 31.095, 31.839, 33.945, 34.978, 36.189, 38.273, 39.155, 39.119, 38.426, 37.88, 36.85, 34.976, 35.474, 35.42, 34.785, 34.844, 34.768, 34.746, 33.847, 30.686, 26.327, 27.495, 25.19], [13.143, 12.803, 10.228, 7.291, 4.206, 0.0, 1.341, 1.434, 1.948, 3.822, 4.635, 4.659, 3.908, 3.772, 4.225, 5.005, 4.284, 4.226, 4.138, 2.783, 2.482, 3.664, 4.808, 5.922, 6.393, 6.54, 6.292, 6.335, 6.189, 5.399, 5.303, 6.207, 5.946, 5.673, 5.978, 6.253, 7.028, 8.502, 10.191, 9.82, 9.407, 9.304, 9.796, 9.358, 9.602, 9.431, 8.92, 8.424, 7.66, 6.422, 5.781, 6.483, 5.537, 4.693, 4.048, 4.439, 6.192, 4.939, 4.375, 5.774, 6.101, 5.482, 5.935, 5.223, 6.338, 5.933, 4.548, 3.981, 4.451, 5.552, 5.524, 4.218, 4.303, 4.947, 5.43, 7.073, 8.079, 8.607, 8.812, 8.321, 7.302, 7.411, 6.861, 6.093, 6.188, 6.069, 5.674, 5.088, 4.772, 5.943, 7.121, 6.524, 4.818, 4.588, 4.42, 6.982, 6.757, 2.625, 5.954, 7.091, 7.393, 8.914, 9.851, 9.781, 10.907, 11.756, 11.334, 10.932, 9.669, 7.412, 7.129, 9.03, 17.287, 24.887, 24.238, 22.124, 22.628, 22.353, 23.481, 25.38, 24.405, 24.107, 25.072, 22.176, 19.59, 18.573, 17.853, 17.647, 17.711, 16.092, 16.164, 17.031, 16.052, 14.63, 14.456, 14.643, 14.977, 13.739, 9.335, 11.657, 13.315, 13.731, 16.702, 18.55, 19.177, 21.314, 21.932, 21.716, 19.44, 19.024, 21.301, 22.005, 20.251, 19.057, 18.878, 17.862, 18.216, 16.977, 16.328, 16.438, 16.643, 16.668, 16.544, 16.685, 14.816, 9.826, 12.061, 14.853, 15.253, 16.665, 17.995, 18.896, 18.088, 16.604, 16.298, 15.785, 18.324, 18.975, 20.095, 23.686, 26.679, 30.677, 34.822, 35.122, 35.8, 37.864, 38.875, 40.032, 42.072, 42.926, 42.906, 42.252, 41.717, 40.725, 38.914, 39.389, 39.355, 38.734, 38.773, 38.712, 38.713, 37.834, 34.68, 30.288, 31.439, 29.147], [13.835, 13.477, 10.902, 7.995, 4.945, 1.341, 0.0, 0.856, 1.222, 3.164, 4.174, 5.105, 4.241, 4.161, 4.807, 5.617, 4.899, 4.957, 5.156, 3.417, 2.962, 4.08, 5.329, 6.138, 6.233, 6.242, 5.876, 5.815, 5.704, 4.887, 5.255, 6.247, 6.056, 5.88, 5.851, 6.289, 6.761, 7.904, 9.515, 9.206, 8.861, 8.696, 9.17, 8.9, 9.35, 8.8, 8.47, 8.129, 7.866, 6.793, 6.278, 6.873, 6.122, 5.223, 4.445, 4.591, 5.516, 4.421, 4.517, 5.616, 5.701, 5.187, 5.884, 5.76, 6.812, 6.642, 4.974, 4.449, 5.176, 6.222, 6.337, 4.733, 4.834, 5.734, 5.804, 7.369, 8.315, 8.716, 9.067, 8.741, 7.337, 7.298, 6.718, 6.243, 6.474, 6.331, 5.814, 5.367, 5.078, 6.039, 6.459, 5.862, 4.169, 4.421, 3.913, 6.338, 6.082, 3.335, 6.731, 7.895, 8.166, 9.686, 10.734, 10.686, 11.702, 12.619, 12.177, 11.756, 10.47, 8.22, 7.862, 9.846, 18.038, 25.616, 24.936, 22.775, 23.316, 23.069, 24.199, 26.085, 25.102, 24.804, 25.762, 22.847, 20.274, 19.252, 18.538, 18.347, 18.379, 16.823, 16.807, 17.701, 16.707, 15.296, 15.138, 15.325, 15.645, 14.43, 10.059, 12.367, 14.085, 14.479, 17.423, 19.263, 19.937, 22.075, 22.707, 22.46, 20.134, 19.76, 22.113, 22.731, 20.984, 19.875, 19.709, 18.658, 19.035, 17.686, 17.082, 17.218, 17.429, 17.408, 17.269, 17.412, 15.51, 10.493, 12.751, 15.555, 15.923, 17.311, 18.657, 19.555, 18.761, 17.295, 16.964, 16.503, 18.985, 19.636, 20.77, 24.36, 27.375, 31.38, 35.532, 35.853, 36.501, 38.559, 39.569, 40.722, 42.771, 43.621, 43.597, 42.938, 42.407, 41.44, 39.627, 40.085, 40.052, 39.426, 39.47, 39.405, 39.412, 38.542, 35.388, 30.995, 32.131, 29.849], [13.97, 13.645, 11.079, 8.14, 4.996, 1.434, 0.856, 0.0, 1.191, 3.005, 4.196, 5.226, 4.171, 4.139, 4.809, 5.642, 4.873, 5.0, 5.111, 3.342, 2.797, 4.068, 5.399, 6.261, 6.375, 6.322, 5.906, 5.893, 5.68, 4.916, 5.393, 6.366, 6.208, 6.011, 5.968, 6.456, 6.856, 7.854, 9.345, 9.164, 8.867, 8.657, 9.14, 8.987, 9.416, 8.773, 8.486, 8.346, 7.979, 6.885, 6.202, 6.845, 6.049, 5.218, 4.439, 4.778, 5.372, 4.441, 4.604, 5.737, 5.709, 5.237, 5.898, 5.797, 6.759, 6.536, 4.934, 4.398, 5.197, 6.445, 6.347, 4.664, 4.77, 5.673, 5.866, 7.522, 8.457, 8.88, 9.173, 8.839, 7.511, 7.417, 6.848, 6.4, 6.637, 6.472, 5.96, 5.539, 5.207, 6.18, 6.375, 5.632, 4.143, 4.487, 3.952, 6.151, 5.937, 3.304, 6.698, 7.843, 8.194, 9.728, 10.823, 10.748, 11.727, 12.652, 12.193, 11.759, 10.521, 8.317, 7.96, 9.887, 18.14, 25.727, 25.082, 22.962, 23.457, 23.185, 24.316, 26.242, 25.255, 24.97, 25.911, 23.012, 20.434, 19.418, 18.707, 18.498, 18.568, 17.022, 17.037, 17.894, 16.927, 15.523, 15.366, 15.552, 15.867, 14.611, 10.211, 12.482, 14.125, 14.532, 17.507, 19.378, 19.985, 22.128, 22.775, 22.559, 20.284, 19.891, 22.131, 22.877, 21.111, 19.916, 19.75, 18.674, 19.049, 17.788, 17.14, 17.229, 17.442, 17.472, 17.348, 17.496, 15.606, 10.709, 12.973, 15.78, 16.144, 17.53, 18.855, 19.748, 18.97, 17.539, 17.189, 16.673, 19.207, 19.813, 20.937, 24.53, 27.526, 31.532, 35.683, 35.962, 36.638, 38.68, 39.684, 40.839, 42.883, 43.74, 43.719, 43.058, 42.525, 41.541, 39.723, 40.204, 40.171, 39.554, 39.59, 39.531, 39.547, 38.682, 35.532, 31.137, 32.258, 29.986], [14.831, 14.528, 11.963, 9.035, 5.851, 1.948, 1.222, 1.191, 0.0, 2.288, 3.825, 4.912, 4.06, 4.087, 4.872, 5.651, 5.04, 5.53, 5.724, 3.908, 3.091, 3.98, 5.206, 5.899, 6.035, 5.945, 5.665, 5.526, 5.239, 4.458, 5.037, 5.998, 5.889, 5.736, 5.72, 6.093, 6.496, 7.321, 8.569, 8.238, 8.39, 8.039, 8.59, 8.501, 9.098, 8.347, 8.231, 8.072, 7.761, 6.769, 6.395, 7.226, 6.192, 5.17, 4.584, 4.516, 4.694, 3.922, 4.307, 5.411, 5.366, 4.903, 5.59, 5.716, 7.261, 7.158, 5.233, 4.552, 5.804, 7.109, 6.994, 5.233, 5.134, 6.248, 5.923, 7.327, 8.21, 8.584, 8.916, 8.596, 7.177, 7.188, 6.547, 6.101, 6.387, 6.215, 5.676, 5.319, 4.953, 5.8, 5.591, 4.911, 3.555, 4.112, 3.599, 5.438, 5.387, 3.68, 7.419, 8.689, 8.883, 10.542, 11.603, 11.528, 12.621, 13.522, 13.016, 12.567, 11.374, 9.096, 8.819, 10.692, 18.964, 26.628, 25.976, 23.832, 24.276, 24.083, 25.211, 27.123, 26.142, 25.848, 26.806, 23.896, 21.317, 20.291, 19.605, 19.387, 19.439, 17.813, 17.914, 18.766, 17.8, 16.381, 16.211, 16.39, 16.725, 15.441, 11.032, 13.389, 15.039, 15.402, 18.366, 20.215, 20.852, 22.997, 23.618, 23.391, 21.175, 20.782, 23.01, 23.759, 21.988, 20.76, 20.599, 19.575, 19.94, 18.619, 18.016, 18.141, 18.355, 18.355, 18.23, 18.365, 16.44, 11.523, 13.763, 16.559, 16.973, 18.38, 19.712, 20.623, 19.832, 18.351, 18.048, 17.491, 20.069, 20.695, 21.818, 25.415, 28.411, 32.415, 36.556, 36.824, 37.514, 39.562, 40.566, 41.718, 43.749, 44.6, 44.577, 43.929, 43.399, 42.427, 40.612, 41.089, 41.051, 40.434, 40.471, 40.412, 40.424, 39.553, 36.401, 32.011, 33.14, 30.862], [16.899, 16.598, 14.03, 11.069, 7.849, 3.822, 3.164, 3.005, 2.288, 0.0, 2.511, 4.082, 3.273, 3.831, 4.879, 5.82, 5.816, 6.664, 7.091, 5.211, 3.501, 3.153, 4.519, 4.693, 4.855, 4.74, 4.612, 4.495, 3.884, 3.072, 3.762, 4.732, 4.89, 5.036, 4.864, 5.072, 5.224, 5.681, 6.772, 6.725, 7.196, 6.635, 7.164, 7.318, 8.032, 6.902, 7.184, 7.163, 7.038, 6.367, 6.4, 7.754, 6.108, 4.836, 4.827, 4.219, 2.842, 2.411, 3.548, 4.565, 4.338, 3.558, 4.224, 5.147, 8.032, 8.165, 5.978, 4.82, 7.096, 8.846, 8.241, 6.305, 5.819, 7.088, 6.108, 6.822, 7.474, 7.74, 8.001, 7.657, 6.483, 6.214, 5.52, 5.325, 5.771, 5.417, 4.972, 4.822, 4.413, 4.491, 3.784, 3.062, 2.394, 2.898, 2.291, 3.606, 3.759, 4.221, 8.648, 10.044, 10.073, 11.92, 13.297, 13.236, 14.519, 15.358, 14.837, 14.463, 13.213, 10.943, 10.694, 12.424, 20.975, 28.667, 28.015, 25.906, 26.337, 26.135, 27.248, 29.163, 28.194, 27.899, 28.861, 25.957, 23.375, 22.351, 21.647, 21.443, 21.507, 19.741, 19.923, 20.8, 19.823, 18.364, 18.17, 18.354, 18.716, 17.401, 12.946, 15.328, 16.999, 17.401, 20.394, 22.27, 22.827, 24.95, 25.62, 25.424, 23.219, 22.81, 24.925, 25.781, 23.998, 22.692, 22.54, 21.479, 21.84, 20.673, 19.991, 20.055, 20.302, 20.316, 20.187, 20.371, 18.466, 13.469, 15.703, 18.477, 18.939, 20.412, 21.745, 22.638, 21.826, 20.281, 20.012, 19.421, 22.04, 22.757, 23.885, 27.481, 30.463, 34.461, 38.575, 38.831, 39.503, 41.536, 42.528, 43.674, 45.692, 46.544, 46.52, 45.877, 45.349, 44.381, 42.577, 43.062, 43.017, 42.405, 42.439, 42.389, 42.409, 41.55, 38.404, 34.01, 35.115, 32.851], [17.415, 17.114, 14.546, 11.577, 8.392, 4.635, 4.174, 4.196, 3.825, 2.511, 0.0, 2.354, 3.156, 3.668, 4.516, 5.58, 5.981, 7.027, 7.423, 5.458, 4.061, 3.172, 3.531, 3.381, 2.573, 2.427, 2.383, 2.438, 1.945, 1.349, 1.825, 2.655, 2.859, 3.853, 3.492, 3.388, 2.996, 4.117, 5.894, 5.638, 5.138, 5.102, 5.386, 5.236, 5.788, 5.183, 4.974, 5.016, 5.034, 4.841, 5.635, 7.415, 5.603, 4.632, 4.509, 3.794, 2.162, 1.474, 2.54, 2.622, 2.08, 1.513, 2.149, 4.157, 7.751, 8.04, 5.719, 4.59, 7.244, 9.194, 8.439, 6.225, 5.676, 6.84, 5.688, 5.021, 5.501, 5.565, 5.712, 5.463, 4.367, 4.146, 3.461, 3.354, 3.801, 3.381, 3.189, 3.548, 3.597, 2.372, 2.93, 2.425, 1.91, 2.235, 1.692, 2.703, 2.886, 5.382, 9.776, 10.844, 11.249, 12.54, 13.672, 13.684, 14.868, 15.735, 15.383, 15.054, 13.626, 11.409, 11.108, 12.868, 21.393, 29.176, 28.531, 26.421, 26.833, 26.658, 27.768, 29.664, 28.707, 28.41, 29.374, 26.472, 23.891, 22.862, 22.154, 21.955, 22.024, 20.248, 20.422, 21.299, 20.314, 18.835, 18.641, 18.831, 19.187, 17.863, 13.382, 15.801, 17.52, 17.909, 20.926, 22.782, 23.305, 25.479, 26.115, 25.927, 23.732, 23.318, 25.445, 26.301, 24.515, 23.25, 23.022, 21.947, 22.181, 21.143, 20.367, 20.465, 20.696, 20.684, 20.558, 20.719, 18.995, 13.917, 16.148, 18.917, 19.39, 20.903, 22.25, 23.153, 22.301, 20.717, 20.457, 19.872, 22.525, 23.27, 24.4, 27.994, 30.974, 34.967, 39.097, 39.372, 40.055, 42.111, 43.122, 44.289, 46.347, 47.207, 47.181, 46.51, 45.981, 44.973, 43.163, 43.636, 43.604, 42.98, 43.021, 42.959, 42.964, 42.096, 38.948, 34.552, 35.685, 33.4], [15.489, 15.197, 12.627, 9.658, 6.454, 4.659, 5.105, 5.226, 4.912, 4.082, 2.354, 0.0, 2.106, 2.352, 2.816, 3.737, 4.249, 5.496, 5.685, 4.425, 3.762, 2.247, 1.696, 2.268, 2.778, 2.984, 2.787, 3.272, 3.45, 2.864, 2.14, 2.303, 2.124, 2.406, 2.457, 2.566, 3.575, 5.958, 7.792, 7.387, 6.242, 6.506, 6.973, 6.001, 5.845, 6.792, 5.818, 4.723, 3.539, 2.899, 3.741, 5.433, 3.936, 3.082, 3.178, 2.019, 3.997, 3.191, 1.592, 1.948, 2.892, 2.736, 2.951, 2.336, 5.821, 6.137, 3.766, 2.899, 5.274, 7.205, 6.448, 4.291, 4.14, 4.953, 3.743, 3.03, 3.759, 4.213, 4.332, 3.784, 3.38, 3.63, 2.745, 2.153, 1.962, 1.852, 1.815, 1.744, 1.97, 2.612, 4.765, 4.341, 3.055, 2.689, 2.767, 4.554, 4.234, 5.518, 9.61, 10.153, 10.598, 11.493, 12.039, 11.935, 13.005, 13.847, 13.651, 13.362, 11.793, 9.788, 9.228, 11.498, 19.5, 27.273, 26.615, 24.5, 24.902, 24.734, 25.853, 27.764, 26.795, 26.498, 27.46, 24.558, 21.972, 20.941, 20.239, 20.038, 20.104, 18.318, 18.493, 19.369, 18.38, 16.881, 16.684, 16.883, 17.233, 15.908, 11.421, 13.852, 15.609, 15.983, 19.004, 20.867, 21.396, 23.536, 24.223, 24.038, 21.829, 21.417, 23.532, 24.391, 22.656, 21.342, 21.151, 20.018, 20.324, 19.217, 18.486, 18.575, 18.823, 18.787, 18.652, 18.853, 17.065, 11.941, 14.187, 16.96, 17.439, 18.968, 20.329, 21.229, 20.377, 18.762, 18.496, 17.911, 20.591, 21.354, 22.48, 26.066, 29.061, 33.059, 37.21, 37.487, 38.21, 40.296, 41.32, 42.511, 44.585, 45.462, 45.432, 44.747, 44.202, 43.185, 41.325, 41.823, 41.78, 41.147, 41.198, 41.128, 41.12, 40.229, 37.079, 32.695, 33.854, 31.552], [14.856, 14.561, 11.991, 9.038, 5.884, 3.908, 4.241, 4.171, 4.06, 3.273, 3.156, 2.106, 0.0, 1.336, 2.12, 3.12, 3.2, 4.33, 4.742, 3.5, 2.627, 1.385, 1.757, 2.545, 3.766, 4.309, 4.095, 4.63, 4.266, 3.588, 3.227, 2.97, 2.807, 2.576, 2.734, 3.133, 4.494, 6.696, 8.447, 8.348, 7.51, 7.714, 7.902, 7.479, 7.004, 7.759, 6.902, 5.935, 4.649, 3.366, 3.591, 5.029, 3.309, 2.313, 2.483, 1.991, 4.601, 3.623, 1.64, 2.837, 3.849, 3.565, 3.614, 2.267, 5.23, 5.405, 3.234, 2.371, 4.553, 6.455, 5.691, 3.564, 3.153, 4.313, 3.381, 3.996, 5.033, 5.387, 5.61, 5.045, 4.558, 4.801, 3.954, 3.422, 3.349, 2.99, 2.734, 2.295, 2.332, 3.696, 5.354, 4.688, 3.31, 2.305, 2.686, 5.179, 4.811, 4.16, 8.451, 8.885, 9.487, 10.23, 11.131, 11.094, 12.286, 13.182, 12.824, 12.484, 11.044, 8.877, 8.642, 10.513, 18.869, 26.648, 25.998, 23.871, 24.271, 24.109, 25.224, 27.144, 26.165, 25.872, 26.83, 23.922, 21.341, 20.316, 19.603, 19.402, 19.467, 17.682, 17.856, 18.728, 17.738, 16.23, 16.028, 16.225, 16.588, 15.256, 10.716, 13.206, 14.984, 15.345, 18.363, 20.243, 20.767, 22.9, 23.593, 23.406, 21.2, 20.795, 22.911, 23.772, 22.002, 20.704, 20.527, 19.398, 19.642, 18.584, 17.837, 17.932, 18.21, 18.142, 17.982, 18.189, 16.41, 11.309, 13.554, 16.327, 16.806, 18.343, 19.684, 20.59, 19.722, 18.119, 17.797, 17.211, 19.947, 20.721, 21.846, 25.443, 28.436, 32.438, 36.575, 36.844, 37.529, 39.565, 40.575, 41.76, 43.845, 44.733, 44.695, 43.997, 43.456, 42.435, 40.608, 41.09, 41.056, 40.435, 40.478, 40.417, 40.438, 39.572, 36.417, 32.032, 33.146, 30.881], [14.425, 14.128, 11.554, 8.601, 5.444, 3.772, 4.161, 4.139, 4.087, 3.831, 3.668, 2.352, 1.336, 0.0, 1.34, 2.548, 2.671, 3.879, 4.324, 3.001, 2.501, 1.432, 1.652, 2.835, 4.103, 4.627, 4.434, 5.027, 4.717, 4.058, 3.639, 3.427, 3.276, 2.9, 3.204, 3.596, 4.858, 7.041, 8.876, 8.72, 7.85, 8.105, 8.326, 7.799, 7.288, 8.05, 7.242, 6.21, 4.953, 3.369, 2.965, 4.225, 2.517, 1.707, 1.676, 1.912, 5.036, 4.128, 2.102, 3.208, 4.234, 3.919, 4.04, 1.996, 4.508, 4.699, 2.447, 1.869, 3.889, 5.953, 5.172, 2.881, 2.301, 3.468, 2.59, 4.054, 5.06, 5.561, 5.644, 5.077, 4.813, 5.106, 4.254, 3.598, 3.227, 3.107, 2.977, 2.318, 2.217, 3.927, 5.9, 5.162, 3.784, 2.49, 2.873, 5.643, 5.298, 3.992, 8.228, 8.705, 9.144, 9.812, 10.704, 10.713, 11.866, 12.772, 12.377, 12.052, 10.664, 8.467, 8.233, 10.119, 18.405, 26.207, 25.56, 23.435, 23.86, 23.672, 24.791, 26.709, 25.735, 25.432, 26.398, 23.492, 20.914, 19.885, 19.177, 18.978, 19.029, 17.243, 17.414, 18.284, 17.293, 15.787, 15.59, 15.79, 16.142, 14.813, 10.263, 12.762, 14.534, 14.932, 17.942, 19.817, 20.343, 22.483, 23.172, 22.985, 20.765, 20.352, 22.476, 23.331, 21.566, 20.279, 20.076, 18.971, 19.214, 18.17, 17.429, 17.449, 17.701, 17.695, 17.595, 17.782, 15.996, 10.865, 13.104, 15.883, 16.357, 17.899, 19.24, 20.152, 19.285, 17.669, 17.355, 16.769, 19.503, 20.296, 21.417, 25.012, 28.004, 32.004, 36.143, 36.409, 37.095, 39.14, 40.159, 41.355, 43.443, 44.327, 44.291, 43.59, 43.049, 42.019, 40.182, 40.666, 40.633, 40.012, 40.053, 39.989, 40.004, 39.138, 35.983, 31.592, 32.718, 30.441], [13.83, 13.545, 10.973, 8.015, 5.012, 4.225, 4.807, 4.809, 4.872, 4.879, 4.516, 2.816, 2.12, 1.34, 0.0, 1.659, 2.122, 3.24, 3.691, 2.995, 2.786, 2.133, 1.765, 3.026, 4.652, 4.977, 4.838, 5.555, 5.403, 4.768, 4.062, 3.787, 3.508, 2.891, 3.23, 3.752, 5.336, 7.687, 9.491, 9.326, 8.266, 8.613, 8.807, 8.058, 7.606, 8.715, 7.896, 6.585, 5.093, 3.201, 2.456, 3.398, 1.904, 1.435, 1.745, 2.132, 5.861, 4.941, 2.561, 3.555, 4.955, 4.682, 4.834, 1.853, 3.674, 4.008, 1.737, 1.663, 3.346, 5.34, 4.567, 2.226, 1.617, 2.619, 2.217, 3.977, 5.011, 5.521, 5.615, 5.069, 5.112, 5.378, 4.522, 4.006, 3.54, 3.399, 3.197, 2.636, 2.618, 4.238, 6.663, 5.839, 4.357, 3.036, 3.617, 6.217, 5.957, 4.102, 8.334, 8.739, 9.106, 9.622, 9.912, 10.088, 11.234, 12.03, 11.862, 11.534, 10.073, 8.127, 7.891, 9.843, 17.819, 25.601, 24.963, 22.853, 23.267, 23.079, 24.172, 26.089, 25.124, 24.836, 25.789, 22.904, 20.321, 19.297, 18.592, 18.393, 18.449, 16.664, 16.836, 17.706, 16.715, 15.209, 15.012, 15.21, 15.564, 14.229, 9.652, 12.184, 13.939, 14.323, 17.331, 19.203, 19.724, 21.835, 22.555, 22.354, 20.165, 19.748, 21.839, 22.728, 20.963, 19.661, 19.478, 18.338, 18.567, 17.572, 16.795, 16.837, 17.108, 17.082, 16.962, 17.168, 15.397, 10.287, 12.526, 15.305, 15.779, 17.321, 18.662, 19.574, 18.707, 17.089, 16.773, 16.187, 18.925, 19.71, 20.829, 24.417, 27.388, 31.379, 35.514, 35.781, 36.484, 38.577, 39.603, 40.808, 42.899, 43.792, 43.766, 43.046, 42.497, 41.469, 39.605, 40.103, 40.062, 39.439, 39.485, 39.404, 39.396, 38.516, 35.372, 30.977, 32.132, 29.837], [12.84, 12.559, 9.995, 7.093, 4.743, 5.005, 5.617, 5.642, 5.651, 5.82, 5.58, 3.737, 3.12, 2.548, 1.659, 0.0, 1.31, 2.514, 3.293, 3.066, 3.573, 3.102, 2.719, 3.957, 5.647, 5.809, 5.731, 6.498, 6.434, 5.763, 5.041, 4.734, 4.496, 3.726, 3.96, 4.597, 6.292, 8.735, 10.511, 10.376, 9.229, 9.549, 9.757, 8.884, 8.48, 9.771, 8.889, 7.424, 5.993, 3.715, 2.066, 2.845, 1.648, 2.354, 2.479, 3.1, 6.995, 5.872, 3.491, 4.496, 5.895, 5.752, 5.892, 2.732, 2.96, 3.263, 1.868, 2.446, 2.859, 4.843, 3.715, 2.102, 1.965, 2.263, 2.845, 4.728, 5.444, 6.058, 6.415, 5.888, 6.022, 6.183, 5.378, 5.013, 4.32, 4.286, 4.139, 3.573, 3.609, 5.287, 7.667, 6.822, 5.24, 3.984, 4.654, 7.228, 6.971, 4.711, 8.404, 8.949, 9.154, 9.212, 9.032, 9.26, 10.257, 11.056, 11.0, 10.689, 9.167, 7.389, 7.379, 9.06, 16.902, 24.607, 23.972, 21.876, 22.262, 22.09, 23.187, 25.095, 24.132, 23.838, 24.799, 21.916, 19.329, 18.308, 17.609, 17.411, 17.476, 15.686, 15.865, 16.738, 15.749, 14.237, 14.041, 14.241, 14.595, 13.257, 8.724, 11.243, 12.962, 13.336, 16.343, 18.212, 18.714, 20.865, 21.558, 21.363, 19.195, 18.77, 20.843, 21.759, 20.018, 18.691, 18.515, 17.364, 17.614, 16.594, 15.841, 15.928, 16.188, 16.159, 15.994, 16.209, 14.433, 9.336, 11.578, 14.353, 14.834, 16.349, 17.715, 18.618, 17.748, 16.154, 15.808, 15.224, 17.96, 18.727, 19.841, 23.426, 26.4, 30.397, 34.539, 34.814, 35.55, 37.637, 38.668, 39.883, 41.972, 42.868, 42.836, 42.134, 41.588, 40.543, 38.67, 39.163, 39.128, 38.49, 38.54, 38.475, 38.451, 37.557, 34.406, 30.025, 31.2, 28.892], [11.915, 11.605, 9.032, 6.109, 3.97, 4.284, 4.899, 4.873, 5.04, 5.816, 5.981, 4.249, 3.2, 2.671, 2.122, 1.31, 0.0, 1.762, 2.431, 2.379, 3.091, 3.504, 3.245, 4.68, 6.294, 6.655, 6.407, 7.112, 7.078, 6.432, 5.874, 5.46, 5.025, 4.379, 4.679, 5.228, 7.021, 9.556, 11.389, 11.042, 9.883, 10.206, 10.568, 9.682, 9.081, 10.404, 9.485, 8.059, 6.551, 4.139, 2.318, 2.823, 1.661, 2.99, 2.645, 3.675, 7.577, 6.51, 4.014, 5.092, 6.558, 6.37, 6.536, 3.323, 2.601, 2.535, 1.982, 2.872, 2.076, 3.905, 2.819, 1.604, 1.61, 1.944, 3.295, 5.27, 6.034, 6.544, 6.962, 6.546, 6.665, 6.804, 6.05, 5.616, 4.965, 4.9, 4.778, 4.247, 4.23, 6.127, 8.303, 7.655, 6.047, 4.743, 5.237, 8.121, 7.761, 4.296, 7.933, 8.489, 8.709, 8.79, 8.312, 8.352, 9.473, 10.279, 9.939, 9.61, 8.26, 6.481, 6.609, 8.297, 15.945, 23.679, 23.029, 20.912, 21.318, 21.14, 22.263, 24.18, 23.207, 22.907, 23.873, 20.97, 18.389, 17.361, 16.651, 16.45, 16.502, 14.717, 14.891, 15.766, 14.776, 13.264, 13.061, 13.258, 13.624, 12.289, 7.72, 10.263, 12.014, 12.399, 15.414, 17.288, 17.807, 19.969, 20.622, 20.449, 18.24, 17.826, 19.942, 20.809, 19.047, 17.759, 17.569, 16.452, 16.707, 15.645, 14.909, 15.011, 15.271, 15.24, 15.071, 15.262, 13.473, 8.347, 10.587, 13.365, 13.839, 15.381, 16.723, 17.635, 16.767, 15.156, 14.821, 14.235, 16.988, 17.767, 18.895, 22.488, 25.478, 29.477, 33.616, 33.895, 34.607, 36.696, 37.728, 38.941, 41.044, 41.942, 41.903, 41.196, 40.644, 39.598, 37.723, 38.222, 38.177, 37.545, 37.599, 37.522, 37.511, 36.624, 33.468, 29.085, 30.252, 27.943], [10.938, 10.654, 8.084, 5.155, 3.418, 4.226, 4.957, 5.0, 5.53, 6.664, 7.027, 5.496, 4.33, 3.879, 3.24, 2.514, 1.762, 0.0, 1.746, 2.115, 3.464, 4.479, 4.666, 5.828, 7.593, 7.924, 7.811, 8.414, 8.203, 7.436, 6.805, 6.507, 6.366, 5.731, 6.043, 6.464, 8.316, 10.562, 12.371, 12.26, 11.193, 11.474, 11.593, 10.978, 10.408, 11.496, 10.71, 9.437, 7.934, 5.364, 3.598, 3.441, 2.871, 4.056, 3.754, 5.074, 8.694, 7.519, 5.307, 6.543, 7.763, 7.514, 7.731, 4.64, 2.941, 2.721, 3.015, 4.221, 2.405, 3.346, 2.527, 2.003, 2.249, 2.251, 4.641, 6.649, 7.441, 8.044, 8.418, 7.979, 8.113, 8.187, 7.464, 7.036, 6.41, 6.323, 6.197, 5.691, 5.681, 7.204, 9.506, 8.679, 7.119, 5.857, 6.352, 9.087, 8.794, 3.745, 6.789, 7.404, 7.567, 7.549, 7.257, 7.621, 8.699, 9.309, 9.011, 8.643, 7.566, 5.608, 5.822, 7.289, 15.029, 22.711, 22.067, 19.964, 20.387, 20.184, 21.281, 23.186, 22.229, 21.932, 22.897, 20.011, 17.424, 16.403, 15.697, 15.498, 15.556, 13.77, 13.941, 14.805, 13.819, 12.302, 12.099, 12.296, 12.666, 11.327, 6.77, 9.298, 11.044, 11.422, 14.437, 16.306, 16.841, 18.939, 19.655, 19.453, 17.26, 16.851, 18.931, 19.82, 18.062, 16.755, 16.599, 15.475, 15.775, 14.723, 13.981, 14.055, 14.315, 14.293, 14.164, 14.374, 12.515, 7.393, 9.631, 12.409, 12.886, 14.425, 15.776, 16.691, 15.813, 14.208, 13.859, 13.273, 16.037, 16.817, 17.936, 21.521, 24.5, 28.488, 32.63, 32.9, 33.61, 35.681, 36.713, 37.928, 40.05, 40.953, 40.912, 40.195, 39.639, 38.588, 36.716, 37.209, 37.172, 36.538, 36.585, 36.519, 36.519, 35.639, 32.483, 28.096, 29.244, 26.957], [10.315, 10.011, 7.442, 4.578, 2.562, 4.138, 5.156, 5.111, 5.724, 7.091, 7.423, 5.685, 4.742, 4.324, 3.691, 3.293, 2.431, 1.746, 0.0, 2.2, 3.773, 4.936, 4.814, 6.165, 7.981, 8.257, 7.987, 8.744, 8.66, 7.909, 7.33, 6.979, 6.663, 6.0, 6.164, 7.04, 8.649, 11.15, 12.99, 12.665, 11.545, 11.858, 12.15, 11.317, 10.694, 11.99, 11.162, 9.631, 8.125, 5.825, 4.541, 3.85, 3.716, 4.545, 4.211, 5.328, 9.082, 7.989, 5.607, 6.741, 8.19, 7.945, 8.157, 4.964, 3.173, 2.646, 3.301, 4.458, 2.957, 3.207, 2.512, 2.543, 2.656, 2.509, 4.885, 6.881, 7.803, 8.501, 8.657, 8.153, 8.248, 8.244, 7.683, 7.251, 6.61, 6.543, 6.364, 5.876, 5.872, 7.667, 9.922, 9.198, 7.671, 6.372, 6.842, 9.716, 9.351, 3.944, 6.174, 6.806, 6.995, 6.785, 6.917, 6.803, 7.871, 8.631, 8.387, 8.093, 6.794, 5.04, 4.752, 6.851, 14.34, 22.087, 21.438, 19.315, 19.721, 19.548, 20.672, 22.585, 21.614, 21.315, 22.28, 19.38, 16.796, 15.765, 15.054, 14.854, 14.91, 13.149, 13.297, 14.171, 13.182, 11.665, 11.462, 11.659, 12.026, 10.694, 6.145, 8.654, 10.418, 10.806, 13.822, 15.694, 16.21, 18.343, 19.026, 18.853, 16.653, 16.229, 18.337, 19.202, 17.475, 16.151, 15.975, 14.867, 15.111, 14.045, 13.309, 13.408, 13.663, 13.618, 13.462, 13.661, 11.878, 6.753, 9.01, 11.797, 12.244, 13.781, 15.142, 16.042, 15.179, 13.582, 13.236, 12.649, 15.393, 16.172, 17.3, 20.894, 23.885, 27.883, 32.023, 32.292, 33.021, 35.116, 36.159, 37.388, 39.491, 40.391, 40.351, 39.645, 39.094, 38.04, 36.138, 36.65, 36.594, 35.959, 36.014, 35.942, 35.928, 35.037, 31.88, 27.503, 28.668, 26.363], [12.292, 11.994, 9.42, 6.466, 3.56, 2.783, 3.417, 3.342, 3.908, 5.211, 5.458, 4.425, 3.5, 3.001, 2.995, 3.066, 2.379, 2.115, 2.2, 0.0, 1.914, 3.352, 4.203, 5.482, 6.386, 6.941, 6.924, 7.211, 6.807, 6.059, 5.496, 5.619, 5.871, 5.52, 5.826, 6.167, 7.156, 9.154, 10.988, 10.772, 10.016, 10.155, 10.312, 10.014, 9.931, 10.197, 9.575, 8.873, 7.719, 5.515, 4.174, 4.421, 3.464, 3.45, 2.79, 4.37, 7.118, 6.083, 4.539, 5.882, 6.528, 5.954, 6.225, 4.231, 4.088, 3.817, 2.832, 3.559, 3.237, 4.278, 3.731, 2.405, 2.218, 2.832, 4.771, 6.691, 7.61, 8.18, 8.285, 7.735, 7.538, 7.818, 6.949, 6.13, 5.727, 5.737, 5.606, 4.918, 4.756, 6.092, 8.018, 7.202, 5.739, 4.689, 4.947, 7.741, 7.367, 2.524, 5.789, 6.507, 6.572, 7.37, 8.429, 8.481, 9.695, 10.542, 10.265, 9.929, 8.487, 6.273, 5.987, 7.716, 16.263, 24.07, 23.42, 21.301, 21.715, 21.534, 22.655, 24.57, 23.598, 23.297, 24.263, 21.358, 18.775, 17.749, 17.039, 16.84, 16.894, 15.108, 15.281, 16.152, 15.164, 13.666, 13.468, 13.668, 14.029, 12.694, 8.179, 10.658, 12.401, 12.787, 15.796, 17.673, 18.207, 20.326, 21.027, 20.837, 18.625, 18.212, 20.313, 21.193, 19.432, 18.135, 17.937, 16.828, 17.042, 16.025, 15.255, 15.325, 15.588, 15.534, 15.401, 15.602, 13.859, 8.753, 11.006, 13.787, 14.26, 15.764, 17.142, 18.037, 17.174, 15.594, 15.25, 14.665, 17.374, 18.156, 19.284, 22.876, 25.869, 29.868, 34.009, 34.276, 34.975, 37.039, 38.059, 39.236, 41.304, 42.171, 42.146, 41.467, 40.929, 39.918, 38.083, 38.564, 38.531, 37.907, 37.949, 37.886, 37.888, 37.015, 33.861, 29.468, 30.611, 28.325], [13.924, 13.611, 11.037, 8.083, 4.889, 2.482, 2.962, 2.797, 3.091, 3.501, 4.061, 3.762, 2.627, 2.501, 2.786, 3.573, 3.091, 3.464, 3.773, 1.914, 0.0, 2.393, 3.683, 4.678, 5.496, 5.924, 5.843, 6.062, 5.584, 4.746, 4.461, 5.049, 5.083, 4.761, 5.131, 5.474, 6.21, 7.643, 9.45, 9.345, 8.866, 8.756, 9.079, 8.918, 9.1, 8.811, 8.505, 7.988, 6.878, 5.26, 4.209, 5.035, 3.713, 3.133, 2.564, 3.763, 5.531, 4.449, 3.56, 4.993, 5.435, 4.667, 4.978, 3.894, 5.144, 5.112, 3.269, 3.022, 4.231, 5.633, 5.076, 3.268, 2.833, 4.111, 4.441, 6.286, 7.324, 7.71, 7.84, 7.29, 6.647, 6.906, 6.187, 5.358, 5.31, 5.135, 4.859, 4.328, 3.981, 5.08, 6.362, 5.653, 4.298, 3.683, 3.654, 6.132, 5.836, 2.049, 6.118, 7.088, 7.509, 8.902, 10.106, 10.11, 11.369, 12.239, 11.842, 11.514, 10.117, 7.9, 7.577, 9.368, 17.911, 25.692, 25.042, 22.918, 23.333, 23.153, 24.274, 26.188, 25.218, 24.919, 25.884, 22.98, 20.403, 19.375, 18.658, 18.456, 18.514, 16.738, 16.903, 17.778, 16.788, 15.283, 15.084, 15.284, 15.647, 14.308, 9.791, 12.271, 14.038, 14.421, 17.424, 19.302, 19.823, 21.975, 22.632, 22.457, 20.247, 19.835, 21.949, 22.807, 21.034, 19.755, 19.535, 18.455, 18.693, 17.645, 16.886, 17.008, 17.244, 17.214, 17.037, 17.23, 15.47, 10.381, 12.635, 15.403, 15.87, 17.393, 18.737, 19.644, 18.775, 17.18, 16.87, 16.285, 18.998, 19.779, 20.904, 24.501, 27.49, 31.486, 35.616, 35.89, 36.556, 38.611, 39.619, 40.786, 42.832, 43.697, 43.666, 43.009, 42.472, 41.478, 39.651, 40.137, 40.103, 39.484, 39.522, 39.461, 39.465, 38.605, 35.451, 31.06, 32.191, 29.902], [14.957, 14.649, 12.064, 9.129, 5.915, 3.664, 4.08, 4.068, 3.98, 3.153, 3.172, 2.247, 1.385, 1.432, 2.133, 3.102, 3.504, 4.479, 4.936, 3.352, 2.393, 0.0, 1.797, 2.779, 3.877, 4.518, 4.298, 4.533, 4.271, 3.442, 3.045, 3.215, 3.222, 2.954, 3.246, 3.523, 4.561, 6.59, 8.51, 8.406, 7.563, 7.693, 7.884, 7.48, 7.083, 7.377, 6.747, 5.911, 4.902, 3.579, 3.53, 4.931, 3.197, 1.932, 2.095, 1.883, 4.455, 3.294, 1.799, 3.204, 3.938, 3.48, 3.727, 2.343, 5.295, 5.59, 3.171, 2.15, 4.608, 6.517, 5.878, 3.667, 3.144, 4.381, 3.418, 4.329, 5.31, 5.842, 5.997, 5.469, 4.778, 4.934, 4.154, 3.459, 3.405, 3.263, 2.939, 2.364, 2.163, 3.577, 5.321, 4.675, 3.38, 2.203, 2.374, 5.134, 4.81, 3.845, 8.166, 8.602, 9.299, 10.176, 11.404, 11.371, 12.636, 13.506, 12.967, 12.592, 11.308, 8.941, 8.688, 10.623, 19.049, 26.741, 26.094, 23.947, 24.43, 24.202, 25.321, 27.237, 26.267, 25.971, 26.932, 24.022, 21.442, 20.409, 19.688, 19.495, 19.536, 17.743, 17.914, 18.785, 17.796, 16.271, 16.062, 16.264, 16.641, 15.308, 10.744, 13.279, 15.074, 15.499, 18.489, 20.366, 20.94, 23.03, 23.73, 23.522, 21.298, 20.882, 23.046, 23.858, 22.08, 20.796, 20.673, 19.588, 19.954, 18.778, 18.096, 18.171, 18.42, 18.402, 18.269, 18.451, 16.545, 11.362, 13.613, 16.386, 16.87, 18.395, 19.766, 20.668, 19.804, 18.182, 17.828, 17.242, 20.007, 20.805, 21.944, 25.539, 28.539, 32.537, 36.658, 36.918, 37.609, 39.668, 40.689, 41.871, 43.944, 44.819, 44.785, 44.101, 43.565, 42.547, 40.701, 41.19, 41.156, 40.528, 40.576, 40.507, 40.516, 39.652, 36.496, 32.108, 33.235, 30.956], [14.898, 14.585, 12.009, 9.07, 6.004, 4.808, 5.329, 5.399, 5.206, 4.519, 3.531, 1.696, 1.757, 1.652, 1.765, 2.719, 3.245, 4.666, 4.814, 4.203, 3.683, 1.797, 0.0, 1.799, 3.294, 3.792, 3.478, 4.12, 4.194, 3.635, 3.015, 2.767, 2.306, 1.806, 1.924, 2.562, 3.985, 6.571, 8.403, 8.0, 6.84, 7.179, 7.549, 6.598, 6.023, 7.344, 6.382, 4.924, 3.61, 2.205, 2.68, 4.319, 2.632, 1.874, 2.154, 1.355, 4.612, 3.886, 1.589, 2.263, 3.646, 3.493, 3.586, 1.154, 4.637, 4.963, 2.533, 1.919, 4.26, 6.355, 5.589, 3.205, 2.771, 3.64, 2.476, 2.67, 3.666, 4.143, 4.309, 3.766, 3.514, 3.737, 2.946, 2.525, 2.125, 1.978, 1.773, 1.332, 1.464, 3.063, 5.3, 4.852, 3.543, 2.329, 2.741, 5.148, 4.78, 5.308, 9.625, 10.035, 10.503, 11.116, 11.428, 11.297, 12.442, 13.31, 13.01, 12.689, 11.191, 9.291, 8.972, 11.213, 18.915, 26.69, 26.035, 23.893, 24.306, 24.138, 25.269, 27.188, 26.21, 25.911, 26.875, 23.965, 21.384, 20.352, 19.633, 19.438, 19.479, 17.691, 17.866, 18.737, 17.748, 16.239, 16.028, 16.232, 16.594, 15.26, 10.668, 13.224, 15.028, 15.394, 18.405, 20.287, 20.808, 22.957, 23.638, 23.457, 21.252, 20.831, 22.946, 23.813, 22.085, 20.764, 20.604, 19.436, 19.757, 18.638, 17.911, 18.02, 18.268, 18.213, 18.08, 18.264, 16.447, 11.313, 13.566, 16.34, 16.823, 18.347, 19.713, 20.612, 19.752, 18.125, 17.788, 17.202, 19.959, 20.75, 21.887, 25.481, 28.483, 32.485, 36.63, 36.903, 37.627, 39.727, 40.758, 41.967, 44.058, 44.951, 44.916, 44.21, 43.664, 42.629, 40.754, 41.254, 41.207, 40.57, 40.626, 40.553, 40.54, 39.647, 36.49, 32.113, 33.276, 30.977], [16.414, 16.124, 13.558, 10.605, 7.542, 5.922, 6.138, 6.261, 5.899, 4.693, 3.381, 2.268, 2.545, 2.835, 3.026, 3.957, 4.68, 5.828, 6.165, 5.482, 4.678, 2.779, 1.799, 0.0, 2.27, 3.09, 3.119, 3.593, 3.374, 3.016, 2.377, 2.016, 1.678, 1.577, 1.414, 1.683, 2.78, 5.107, 6.973, 6.802, 5.735, 6.063, 6.282, 5.557, 5.074, 6.032, 5.322, 3.925, 3.003, 2.484, 3.705, 5.553, 3.995, 2.515, 3.561, 2.321, 3.809, 3.422, 1.833, 1.933, 3.042, 2.869, 2.748, 1.771, 6.184, 6.505, 4.07, 3.154, 5.814, 7.909, 7.153, 4.765, 4.002, 4.951, 3.168, 2.476, 3.141, 3.51, 3.799, 3.309, 2.71, 2.963, 2.542, 2.09, 2.207, 2.132, 1.868, 2.009, 1.807, 1.833, 4.52, 4.414, 3.373, 2.4, 2.747, 4.035, 3.429, 6.114, 10.436, 10.816, 11.51, 12.115, 12.71, 12.682, 13.878, 14.637, 14.358, 14.093, 12.693, 10.77, 10.538, 12.427, 20.469, 28.182, 27.54, 25.433, 25.83, 25.654, 26.762, 28.676, 27.71, 27.414, 28.375, 25.483, 22.9, 21.872, 21.169, 20.97, 21.029, 19.243, 19.417, 20.288, 19.298, 17.785, 17.582, 17.779, 18.146, 16.81, 12.222, 14.774, 16.518, 16.898, 19.919, 21.782, 22.299, 24.417, 25.115, 24.937, 22.737, 22.327, 24.416, 25.302, 23.519, 22.204, 22.043, 20.932, 21.22, 20.158, 19.412, 19.503, 19.771, 19.732, 19.586, 19.795, 17.976, 12.869, 15.108, 17.887, 18.361, 19.903, 21.244, 22.156, 21.289, 19.673, 19.342, 18.756, 21.507, 22.287, 23.405, 26.998, 29.981, 33.976, 38.097, 38.357, 39.056, 41.141, 42.183, 43.401, 45.49, 46.378, 46.343, 45.646, 45.099, 44.054, 42.169, 42.676, 42.626, 41.987, 42.046, 41.963, 41.964, 41.088, 37.932, 33.542, 34.696, 32.401], [18.004, 17.692, 15.125, 12.161, 8.972, 6.393, 6.233, 6.375, 6.035, 4.855, 2.573, 2.778, 3.766, 4.103, 4.652, 5.647, 6.294, 7.593, 7.981, 6.386, 5.496, 3.877, 3.294, 2.27, 0.0, 1.582, 1.972, 1.917, 1.998, 2.106, 1.676, 1.628, 1.716, 2.447, 2.299, 1.735, 1.411, 3.569, 5.42, 4.998, 3.989, 4.22, 4.658, 3.999, 3.83, 4.549, 3.556, 3.027, 2.891, 3.341, 4.964, 7.084, 5.451, 4.156, 4.573, 3.47, 2.892, 2.804, 2.579, 1.742, 1.513, 1.806, 1.428, 3.273, 7.561, 8.027, 5.439, 4.272, 7.418, 9.512, 8.721, 6.224, 5.743, 6.6, 4.736, 3.382, 3.428, 3.428, 3.62, 3.237, 2.41, 2.31, 1.71, 1.684, 2.355, 2.343, 2.534, 3.031, 2.859, 1.454, 3.198, 3.325, 3.04, 2.453, 2.897, 2.777, 2.642, 6.846, 11.316, 11.863, 12.584, 13.417, 14.22, 14.285, 15.31, 16.299, 16.045, 15.718, 14.21, 12.061, 11.664, 13.71, 22.0, 29.78, 29.122, 27.003, 27.41, 27.235, 28.364, 30.278, 29.298, 29.01, 29.962, 27.055, 24.476, 23.447, 22.737, 22.539, 22.604, 20.821, 20.999, 21.874, 20.885, 19.384, 19.185, 19.382, 19.739, 18.404, 13.825, 16.362, 18.129, 18.497, 21.514, 23.382, 23.925, 26.078, 26.731, 26.555, 24.331, 23.942, 26.061, 26.927, 25.167, 23.894, 23.672, 22.557, 22.751, 21.718, 20.969, 21.067, 21.315, 21.275, 21.055, 21.296, 19.565, 14.462, 16.701, 19.479, 19.954, 21.49, 22.837, 23.74, 22.881, 21.263, 20.945, 20.359, 23.091, 23.855, 24.98, 28.576, 31.568, 35.573, 39.724, 40.011, 40.692, 42.764, 43.785, 44.974, 47.049, 47.919, 47.892, 47.204, 46.669, 45.649, 43.797, 44.29, 44.256, 43.626, 43.671, 43.603, 43.604, 42.73, 39.576, 35.184, 36.329, 34.041], [18.131, 17.833, 15.293, 12.318, 9.118, 6.54, 6.242, 6.322, 5.945, 4.74, 2.427, 2.984, 4.309, 4.627, 4.977, 5.809, 6.655, 7.924, 8.257, 6.941, 5.924, 4.518, 3.792, 3.09, 1.582, 0.0, 1.245, 1.475, 1.651, 1.911, 1.933, 2.175, 2.392, 3.061, 2.858, 2.578, 1.827, 3.527, 5.332, 5.023, 3.888, 4.231, 4.618, 3.732, 4.014, 4.607, 3.692, 3.668, 3.502, 3.973, 5.446, 7.382, 5.95, 4.899, 5.43, 3.961, 2.755, 2.779, 3.017, 2.146, 1.274, 1.989, 1.823, 3.958, 7.942, 8.372, 5.875, 4.814, 7.73, 9.783, 9.013, 6.624, 6.221, 7.036, 5.321, 4.064, 4.059, 4.059, 4.233, 3.811, 2.883, 2.675, 2.015, 2.387, 2.749, 2.666, 2.795, 3.443, 3.437, 2.101, 3.048, 3.084, 2.902, 2.748, 2.977, 2.761, 3.014, 7.119, 11.462, 12.318, 12.917, 13.713, 14.323, 14.492, 15.368, 16.321, 16.323, 16.042, 14.47, 12.452, 11.934, 14.09, 22.143, 29.879, 29.241, 27.16, 27.543, 27.369, 28.465, 30.373, 29.407, 29.119, 30.074, 27.189, 24.601, 23.591, 22.901, 22.707, 22.773, 20.992, 21.175, 22.051, 21.062, 19.57, 19.374, 19.574, 19.924, 18.589, 14.076, 16.555, 18.267, 18.62, 21.639, 23.497, 24.01, 26.186, 26.842, 26.651, 24.458, 24.055, 26.15, 27.06, 25.301, 24.006, 23.769, 22.667, 22.831, 21.845, 21.072, 21.16, 21.395, 21.371, 21.186, 21.427, 19.74, 14.658, 16.905, 19.675, 20.153, 21.668, 23.02, 23.917, 23.059, 21.452, 21.155, 20.57, 23.268, 24.018, 25.114, 28.701, 31.677, 35.671, 39.818, 40.105, 40.81, 42.896, 43.918, 45.124, 47.204, 48.085, 48.058, 47.361, 46.821, 45.786, 43.925, 44.422, 44.386, 43.75, 43.798, 43.729, 43.723, 42.834, 39.681, 35.303, 36.459, 34.161], [17.393, 17.099, 14.546, 11.596, 8.507, 6.292, 5.876, 5.906, 5.665, 4.612, 2.383, 2.787, 4.095, 4.434, 4.838, 5.731, 6.407, 7.811, 7.987, 6.924, 5.843, 4.298, 3.478, 3.119, 1.972, 1.245, 0.0, 1.057, 2.035, 2.136, 2.097, 2.188, 2.139, 2.952, 2.636, 2.515, 1.9, 4.05, 5.87