[[0.0, 1.352, 3.984, 6.063, 6.654, 5.31, 5.044, 4.931, 4.437, 5.403, 7.456, 7.304, 5.392, 6.294, 7.464, 8.486, 7.039, 5.056, 5.499, 7.762, 6.855, 3.622, 2.962, 4.426, 3.992, 4.092, 5.047, 5.528, 4.995, 4.49, 4.028, 3.667, 3.385, 2.479, 1.823, 1.627, 1.921, 3.24, 2.997, 2.613, 2.641, 2.584, 3.023, 3.203, 2.702, 3.365, 5.011, 4.882, 5.165, 6.333, 7.089, 3.447, 3.609, 4.339, 4.088, 5.742, 8.794, 9.413, 9.146, 9.409, 10.685, 9.687, 8.365, 8.152, 6.913, 7.372, 7.76, 7.097, 7.373, 7.819, 8.041, 7.783, 7.901, 7.667, 7.045, 6.027, 5.449, 4.391, 3.55, 3.108, 3.377, 4.005, 3.711, 4.334, 5.006, 3.929, 2.916, 2.791, 2.335, 3.228, 3.64, 5.519, 8.921, 10.411, 12.923, 14.627, 12.628, 10.995, 9.948, 7.718, 5.851, 6.209, 6.538, 6.479, 6.847, 7.329, 7.892, 8.991, 7.88, 6.479, 8.123, 7.953, 6.466, 7.065, 6.239, 3.783, 3.008, 4.269, 5.085, 4.365, 4.135, 5.325, 6.222, 6.077, 6.699, 7.053, 6.538, 6.067, 5.517, 5.256, 6.968, 7.747, 6.413, 4.865, 3.973, 3.433, 4.336, 7.227, 8.47, 8.824, 8.06, 8.007, 7.586, 7.532, 7.451, 7.012, 6.656, 7.206, 8.934, 9.521, 9.234, 9.207, 8.76, 7.713, 7.519, 7.797, 5.875, 3.664, 2.154, 2.615, 2.95, 2.177, 3.678, 4.519, 3.923, 3.59, 2.82, 1.747, 1.742, 2.153, 2.935, 3.485, 4.137, 5.586, 6.446, 6.331, 5.408, 5.889, 6.615, 5.645, 4.88, 4.681, 4.532, 3.731, 2.835, 2.51, 2.499, 3.771, 5.375, 5.587, 5.559, 5.472, 5.754, 6.298, 6.627, 6.278, 6.245, 5.865, 5.887, 5.016, 4.144, 5.217, 6.021, 4.921, 3.923], [1.352, 0.0, 2.965, 5.034, 5.627, 4.368, 4.126, 3.921, 3.479, 4.36, 6.44, 6.276, 4.391, 5.332, 6.483, 7.456, 6.026, 4.033, 4.481, 6.734, 5.798, 2.871, 2.235, 3.801, 3.853, 3.95, 4.84, 4.957, 4.241, 3.834, 3.948, 4.166, 4.01, 3.046, 1.834, 1.414, 1.713, 2.903, 3.014, 2.816, 2.902, 2.613, 2.779, 3.022, 2.746, 2.805, 4.067, 3.925, 4.392, 5.376, 6.05, 2.784, 3.826, 4.68, 4.343, 6.143, 9.68, 10.167, 9.926, 10.222, 11.495, 10.583, 9.198, 9.012, 7.746, 8.186, 8.563, 7.922, 8.248, 8.837, 9.159, 8.743, 8.74, 8.612, 8.013, 6.937, 6.515, 5.262, 4.562, 4.139, 4.249, 4.836, 4.361, 5.112, 5.781, 4.757, 3.674, 3.648, 3.057, 3.769, 3.782, 4.93, 7.903, 9.424, 11.892, 13.613, 11.606, 9.995, 8.934, 6.697, 4.918, 5.265, 5.532, 5.426, 5.847, 6.302, 6.99, 8.083, 6.831, 5.442, 7.073, 6.916, 5.469, 6.055, 5.285, 2.854, 2.284, 3.572, 4.277, 3.575, 3.733, 4.962, 5.658, 5.527, 6.142, 6.678, 6.204, 5.708, 5.13, 5.005, 6.587, 7.259, 5.871, 4.6, 3.585, 3.578, 5.406, 8.283, 9.429, 9.702, 8.972, 8.862, 8.412, 8.434, 8.542, 8.071, 7.581, 8.194, 9.953, 10.574, 10.174, 10.225, 9.798, 8.704, 8.59, 8.827, 6.795, 4.288, 2.565, 2.957, 3.529, 2.489, 2.656, 3.496, 2.978, 2.9, 2.036, 1.522, 2.225, 2.435, 3.124, 3.983, 4.762, 6.276, 7.034, 7.098, 6.11, 6.542, 7.21, 6.23, 5.36, 5.124, 4.907, 4.016, 2.712, 2.211, 2.591, 3.566, 4.864, 4.659, 4.701, 4.974, 5.093, 5.392, 5.598, 5.25, 5.245, 4.929, 4.948, 4.043, 3.232, 4.527, 5.452, 4.637, 3.548], [3.984, 2.965, 0.0, 2.332, 2.852, 2.306, 2.487, 2.388, 1.631, 2.268, 3.76, 4.097, 2.988, 3.856, 4.388, 5.16, 3.894, 2.184, 2.207, 4.202, 3.835, 2.144, 1.91, 2.791, 3.02, 3.468, 4.13, 3.743, 2.978, 2.777, 4.097, 4.905, 4.996, 4.093, 3.307, 3.157, 3.16, 2.716, 3.476, 3.763, 3.821, 3.126, 2.585, 2.992, 3.387, 2.765, 2.287, 2.485, 2.898, 3.579, 4.206, 2.505, 4.406, 5.17, 5.226, 6.841, 10.636, 11.773, 11.296, 11.368, 12.678, 11.886, 10.557, 10.035, 9.037, 9.63, 10.022, 10.109, 10.623, 11.3, 11.765, 11.548, 11.493, 11.5, 10.833, 9.804, 9.227, 7.785, 6.766, 6.142, 6.247, 6.053, 5.116, 5.927, 7.087, 6.762, 5.401, 4.711, 5.166, 4.804, 4.039, 3.142, 5.39, 7.252, 9.318, 10.978, 9.044, 7.6, 6.478, 4.913, 3.142, 3.16, 3.269, 2.905, 3.917, 4.168, 4.591, 5.814, 4.865, 3.201, 4.354, 4.367, 3.202, 3.782, 3.17, 1.74, 2.088, 2.144, 2.598, 2.338, 2.763, 3.588, 4.124, 4.28, 4.708, 5.119, 4.811, 4.225, 3.724, 3.79, 5.048, 5.688, 4.58, 3.302, 2.786, 3.76, 7.819, 11.076, 12.283, 12.513, 11.638, 11.077, 10.983, 11.29, 11.308, 10.743, 10.509, 11.06, 12.893, 13.458, 13.104, 13.166, 12.562, 11.381, 10.956, 11.232, 9.284, 5.883, 3.743, 3.962, 5.671, 4.376, 1.077, 1.333, 2.175, 2.961, 2.028, 3.259, 4.159, 3.482, 3.632, 4.693, 5.801, 7.231, 8.395, 7.961, 6.834, 7.294, 7.762, 6.777, 5.938, 5.516, 5.149, 4.398, 3.162, 2.915, 3.653, 2.96, 3.502, 3.166, 3.067, 3.486, 3.721, 3.476, 3.123, 2.95, 3.24, 3.329, 2.883, 2.373, 2.455, 3.152, 3.783, 3.93, 3.486], [6.063, 5.034, 2.332, 0.0, 1.621, 1.924, 2.112, 2.053, 2.166, 2.018, 2.209, 2.427, 2.041, 2.53, 2.804, 3.456, 2.726, 1.983, 1.661, 2.492, 2.544, 2.922, 3.601, 2.617, 3.143, 4.765, 4.201, 3.331, 2.841, 2.98, 4.794, 6.097, 6.729, 6.095, 5.492, 5.142, 5.133, 4.164, 5.473, 5.872, 5.829, 5.215, 3.643, 3.885, 5.016, 3.528, 1.923, 2.236, 2.613, 2.429, 2.797, 3.611, 6.085, 6.874, 6.759, 8.226, 12.229, 13.613, 13.303, 13.354, 14.419, 13.737, 12.562, 11.119, 10.56, 11.499, 12.092, 12.185, 12.708, 13.384, 13.894, 13.64, 13.584, 13.596, 12.93, 11.88, 11.281, 9.824, 8.862, 8.252, 8.289, 7.83, 7.019, 7.618, 9.164, 8.828, 7.411, 6.682, 7.221, 6.702, 4.913, 2.426, 3.593, 5.186, 7.245, 8.943, 7.069, 6.083, 5.135, 3.488, 2.405, 2.565, 2.202, 1.603, 2.831, 3.235, 3.437, 4.511, 3.054, 1.828, 2.697, 2.569, 1.614, 1.971, 1.37, 2.731, 3.547, 2.863, 2.893, 2.784, 3.259, 3.07, 3.555, 3.961, 4.085, 4.441, 4.298, 3.639, 3.397, 3.467, 4.371, 4.756, 4.024, 2.938, 2.882, 4.826, 9.894, 13.166, 14.371, 14.547, 13.721, 13.138, 13.041, 13.38, 13.389, 12.846, 12.602, 13.153, 14.986, 15.548, 15.197, 15.258, 14.636, 13.462, 13.055, 13.259, 11.269, 7.988, 5.784, 6.118, 7.814, 6.506, 2.765, 1.783, 2.762, 3.681, 3.443, 5.352, 6.297, 5.63, 5.5, 6.359, 7.865, 9.039, 10.431, 9.907, 8.513, 8.767, 8.644, 7.473, 6.799, 6.031, 5.457, 4.919, 4.11, 4.739, 5.416, 3.751, 2.674, 2.409, 2.369, 2.679, 2.977, 2.89, 2.138, 2.172, 2.59, 2.914, 2.561, 2.0, 2.681, 2.548, 2.991, 3.391, 3.371], [6.654, 5.627, 2.852, 1.621, 0.0, 1.733, 2.09, 2.014, 2.398, 1.965, 1.661, 2.117, 2.634, 2.531, 2.509, 3.188, 2.766, 2.714, 1.814, 2.005, 2.119, 3.527, 4.177, 2.764, 3.273, 5.086, 4.053, 2.614, 2.504, 3.093, 4.681, 6.51, 7.278, 6.503, 5.719, 5.761, 5.765, 4.588, 5.783, 6.304, 6.272, 5.55, 4.228, 4.29, 5.548, 4.134, 1.961, 2.028, 2.085, 2.435, 2.691, 4.158, 6.679, 7.323, 7.322, 8.794, 12.441, 14.099, 13.825, 13.604, 14.584, 13.987, 13.078, 11.577, 11.061, 12.07, 12.527, 12.704, 13.267, 13.915, 14.403, 14.215, 14.162, 14.174, 13.508, 12.462, 11.884, 10.408, 9.434, 8.729, 8.844, 8.265, 7.204, 7.989, 9.368, 9.355, 7.98, 7.152, 7.801, 7.152, 5.249, 1.933, 2.996, 5.078, 6.72, 8.424, 6.497, 5.114, 4.29, 2.753, 1.673, 1.862, 1.835, 1.403, 2.226, 2.416, 2.443, 3.47, 2.734, 1.729, 1.996, 2.412, 1.969, 1.729, 1.694, 3.337, 4.06, 2.998, 2.739, 3.093, 3.267, 2.663, 2.517, 3.307, 2.923, 3.105, 2.958, 2.482, 2.538, 2.583, 3.063, 3.495, 2.746, 2.575, 3.174, 5.34, 10.441, 13.752, 14.951, 15.148, 14.284, 13.64, 13.625, 13.958, 13.956, 13.426, 13.177, 13.737, 15.562, 16.126, 15.772, 15.834, 15.206, 14.037, 13.65, 13.888, 11.935, 8.625, 6.324, 6.517, 8.164, 6.877, 3.131, 2.323, 3.376, 3.961, 4.019, 5.936, 6.813, 6.018, 5.793, 6.56, 8.169, 9.203, 10.658, 10.201, 8.744, 8.856, 8.568, 7.296, 6.675, 5.86, 5.568, 5.021, 4.567, 5.334, 5.973, 4.108, 2.742, 2.267, 1.896, 1.897, 2.006, 1.918, 1.455, 1.563, 1.904, 1.894, 1.701, 1.919, 2.735, 2.041, 2.121, 2.916, 3.599], [5.31, 4.368, 2.306, 1.924, 1.733, 0.0, 1.157, 1.015, 1.456, 2.209, 2.547, 3.126, 2.968, 3.318, 3.646, 3.98, 3.231, 2.778, 1.844, 3.052, 2.775, 2.625, 2.726, 1.795, 2.14, 3.821, 2.907, 1.959, 1.751, 1.798, 3.52, 5.083, 5.819, 5.064, 4.24, 4.281, 4.16, 3.102, 4.334, 4.679, 4.659, 4.275, 2.927, 2.923, 4.005, 2.599, 1.458, 1.614, 2.193, 3.193, 3.643, 2.698, 5.282, 5.844, 5.93, 7.343, 11.06, 12.765, 12.357, 12.326, 13.028, 12.686, 11.632, 10.084, 9.583, 10.474, 10.971, 11.232, 11.776, 12.467, 12.958, 12.778, 12.733, 12.728, 12.066, 11.025, 10.535, 8.937, 7.975, 7.261, 7.253, 7.064, 5.7, 6.395, 7.867, 7.896, 6.539, 5.779, 6.348, 5.824, 3.98, 1.804, 4.16, 6.259, 7.971, 9.606, 7.682, 6.232, 5.278, 3.54, 1.952, 2.338, 2.57, 2.188, 2.492, 2.611, 3.383, 4.461, 3.849, 2.526, 3.144, 3.237, 2.424, 2.65, 2.234, 2.327, 2.693, 1.86, 1.856, 1.729, 1.91, 2.065, 2.259, 2.549, 2.554, 3.155, 2.949, 2.299, 1.995, 1.93, 3.087, 3.767, 2.538, 1.811, 1.846, 3.895, 9.004, 12.302, 13.517, 13.701, 12.83, 12.135, 12.153, 12.513, 12.514, 11.963, 11.718, 12.273, 14.102, 14.673, 14.313, 14.375, 13.75, 12.629, 12.302, 12.579, 10.519, 7.254, 4.869, 4.99, 6.641, 5.455, 2.331, 1.937, 2.042, 2.708, 2.715, 4.542, 5.472, 4.788, 4.405, 5.231, 6.73, 7.819, 9.191, 8.791, 7.381, 7.516, 7.316, 6.106, 5.492, 4.801, 4.421, 3.733, 3.212, 4.087, 4.574, 2.91, 2.129, 2.371, 1.737, 1.969, 2.094, 2.194, 1.864, 1.829, 1.887, 1.71, 1.523, 1.249, 1.777, 1.583, 2.248, 2.385, 2.228], [5.044, 4.126, 2.487, 2.112, 2.09, 1.157, 0.0, 1.062, 1.787, 2.418, 3.202, 3.602, 3.309, 3.721, 3.923, 4.501, 3.741, 3.134, 1.998, 3.259, 3.132, 2.899, 2.781, 2.025, 2.277, 3.49, 2.767, 2.031, 2.048, 1.49, 3.26, 4.838, 5.573, 4.853, 4.153, 4.006, 3.974, 2.847, 4.155, 4.572, 4.564, 3.903, 2.536, 2.63, 3.744, 2.342, 1.589, 1.796, 2.598, 3.66, 4.144, 2.498, 4.914, 5.583, 5.668, 7.001, 10.902, 12.451, 12.036, 12.027, 12.973, 12.443, 11.392, 9.805, 9.34, 10.342, 10.803, 11.0, 11.554, 12.216, 12.737, 12.503, 12.463, 12.476, 11.809, 10.764, 10.196, 8.68, 7.729, 7.055, 7.104, 6.602, 5.667, 6.239, 7.821, 7.662, 6.12, 5.447, 6.092, 5.52, 3.625, 2.014, 4.484, 6.606, 8.356, 9.957, 7.998, 6.582, 5.564, 3.864, 2.193, 2.673, 2.874, 2.236, 2.909, 2.898, 3.693, 4.875, 4.208, 2.906, 3.558, 3.723, 2.741, 2.926, 2.466, 2.103, 2.567, 2.149, 2.121, 1.801, 1.886, 2.135, 2.212, 2.463, 2.901, 3.477, 3.094, 2.482, 2.136, 2.179, 3.573, 4.097, 2.778, 2.023, 2.012, 3.639, 8.74, 12.027, 13.237, 13.435, 12.564, 11.941, 11.912, 12.26, 12.258, 11.71, 11.472, 12.023, 13.857, 14.427, 14.066, 14.129, 13.5, 12.32, 11.886, 12.067, 10.076, 6.888, 4.585, 4.788, 6.506, 5.279, 2.485, 2.21, 2.226, 2.38, 2.448, 4.222, 5.187, 4.405, 4.183, 4.998, 6.477, 7.587, 9.1, 8.568, 7.194, 7.35, 7.084, 5.86, 5.207, 4.426, 3.933, 3.453, 2.876, 3.673, 4.277, 3.186, 2.559, 2.737, 2.134, 2.419, 2.416, 2.728, 2.374, 2.139, 1.994, 1.575, 1.578, 1.156, 1.462, 1.783, 2.585, 2.454, 1.998], [4.931, 3.921, 2.388, 2.053, 2.014, 1.015, 1.062, 0.0, 1.362, 1.957, 2.647, 2.992, 2.675, 2.938, 3.446, 3.927, 3.038, 2.693, 1.729, 3.147, 2.527, 2.521, 2.546, 1.726, 1.86, 3.678, 2.759, 1.754, 1.731, 2.048, 3.652, 4.827, 5.463, 4.794, 4.123, 3.902, 3.846, 2.955, 4.313, 4.482, 4.499, 4.151, 2.578, 2.609, 3.751, 2.291, 1.249, 1.278, 1.806, 2.914, 3.39, 2.331, 4.999, 5.672, 5.574, 7.01, 10.989, 12.452, 12.071, 12.201, 13.114, 12.59, 11.314, 10.032, 9.309, 10.158, 10.805, 10.863, 11.44, 12.079, 12.6, 12.391, 12.347, 12.334, 11.673, 10.632, 10.159, 8.545, 7.585, 6.945, 6.992, 6.891, 5.705, 6.339, 7.812, 7.554, 6.279, 5.509, 5.983, 5.518, 3.889, 2.29, 4.286, 6.156, 8.255, 9.923, 7.982, 6.456, 5.449, 3.523, 1.824, 2.094, 2.396, 1.987, 2.395, 2.596, 3.478, 4.702, 3.771, 2.31, 3.449, 3.357, 2.499, 2.713, 2.2, 2.061, 2.414, 1.845, 1.945, 1.739, 1.747, 2.013, 2.388, 2.463, 2.726, 3.42, 3.111, 2.587, 2.307, 2.048, 3.404, 4.108, 2.639, 1.803, 1.725, 3.509, 8.607, 11.921, 13.12, 13.315, 12.457, 11.798, 11.774, 12.119, 12.121, 11.574, 11.324, 11.875, 13.708, 14.278, 13.919, 13.98, 13.357, 12.222, 11.971, 12.252, 10.116, 6.87, 4.546, 4.782, 6.559, 5.222, 2.436, 1.914, 1.847, 2.087, 2.186, 4.15, 5.144, 4.508, 4.414, 5.308, 6.738, 7.922, 9.248, 8.771, 7.335, 7.635, 7.542, 6.403, 5.697, 4.972, 4.485, 3.773, 3.063, 3.681, 4.188, 2.86, 2.245, 2.064, 1.748, 2.138, 2.17, 2.139, 1.944, 1.835, 1.833, 1.473, 1.559, 0.862, 1.063, 1.462, 2.333, 2.063, 1.953], [4.437, 3.479, 1.631, 2.166, 2.398, 1.456, 1.787, 1.362, 0.0, 1.667, 3.041, 3.224, 2.252, 2.891, 3.798, 4.455, 3.037, 1.868, 1.565, 3.527, 2.825, 1.666, 1.854, 1.51, 1.802, 3.464, 3.436, 2.668, 1.904, 2.601, 4.091, 5.093, 5.157, 4.32, 3.767, 3.707, 3.654, 3.062, 4.112, 4.338, 4.498, 3.968, 2.594, 2.831, 3.609, 2.407, 1.458, 1.508, 1.887, 2.558, 3.203, 2.058, 5.023, 5.658, 5.534, 7.254, 11.027, 12.42, 11.986, 12.218, 13.275, 12.546, 11.092, 10.549, 9.446, 10.014, 10.701, 10.585, 11.09, 11.736, 12.143, 11.914, 11.849, 11.81, 11.149, 10.116, 9.71, 8.251, 7.056, 6.55, 6.841, 6.934, 5.783, 6.552, 7.772, 7.266, 6.113, 5.363, 5.641, 5.11, 4.06, 2.469, 4.708, 6.404, 8.61, 10.459, 8.494, 6.997, 5.685, 3.951, 2.216, 2.309, 2.576, 2.476, 2.927, 3.188, 3.675, 4.798, 3.909, 2.433, 3.942, 3.72, 2.62, 3.181, 2.429, 1.626, 2.216, 1.542, 1.922, 2.022, 1.973, 2.56, 3.281, 3.313, 3.605, 4.012, 3.712, 3.337, 3.108, 2.696, 3.987, 4.856, 3.509, 2.379, 1.841, 3.255, 8.142, 11.407, 12.616, 12.926, 11.958, 11.582, 11.386, 11.604, 11.606, 11.066, 10.818, 11.395, 13.184, 13.754, 13.426, 13.456, 12.903, 11.843, 11.608, 12.021, 9.952, 6.451, 4.342, 4.453, 6.277, 4.918, 1.795, 1.294, 1.335, 1.817, 1.862, 3.652, 4.647, 4.217, 4.468, 5.536, 6.576, 8.071, 9.214, 8.734, 7.462, 7.962, 8.102, 7.089, 6.187, 5.734, 5.188, 4.269, 3.334, 3.268, 3.858, 2.228, 2.453, 2.106, 2.049, 2.522, 2.531, 2.41, 2.432, 2.306, 2.526, 2.289, 2.001, 1.309, 1.402, 1.996, 2.618, 2.577, 2.327], [5.403, 4.36, 2.268, 2.018, 1.965, 2.209, 2.418, 1.957, 1.667, 0.0, 2.531, 2.338, 1.963, 2.288, 3.038, 3.831, 2.614, 1.967, 1.431, 2.996, 2.434, 2.366, 2.9, 2.114, 2.587, 4.428, 4.133, 2.762, 1.936, 3.6, 5.457, 6.466, 6.625, 5.725, 5.053, 4.439, 4.47, 4.118, 4.946, 5.488, 5.622, 4.955, 3.499, 3.73, 4.463, 3.092, 1.53, 1.766, 1.841, 2.052, 2.558, 3.446, 5.956, 6.621, 6.313, 8.176, 12.489, 13.551, 13.088, 13.317, 14.523, 13.839, 12.373, 11.616, 10.67, 10.906, 11.673, 11.585, 12.008, 12.747, 13.178, 12.917, 12.857, 12.89, 12.197, 11.163, 10.624, 9.104, 8.257, 7.652, 7.59, 7.82, 6.935, 7.688, 8.934, 8.523, 6.871, 6.337, 6.566, 6.285, 5.291, 2.574, 4.119, 5.924, 8.097, 9.741, 7.809, 6.469, 5.366, 3.715, 2.168, 2.0, 1.919, 1.605, 2.396, 2.904, 3.425, 4.621, 3.535, 1.991, 3.109, 3.095, 2.192, 2.694, 2.555, 2.036, 2.991, 2.302, 2.612, 2.947, 3.15, 2.758, 3.112, 3.469, 3.71, 4.063, 3.993, 3.563, 3.594, 3.358, 4.016, 4.495, 3.886, 2.718, 2.545, 4.617, 9.162, 12.479, 13.663, 13.822, 13.185, 12.502, 12.424, 12.721, 12.668, 12.174, 11.878, 12.429, 14.263, 14.843, 14.473, 14.53, 13.893, 12.738, 12.437, 12.512, 10.499, 7.357, 5.593, 5.659, 7.279, 5.937, 2.714, 1.991, 2.328, 2.571, 2.92, 4.666, 5.792, 5.218, 5.323, 6.352, 7.436, 9.039, 10.22, 9.616, 8.517, 9.084, 9.261, 8.134, 7.495, 6.729, 6.166, 5.597, 4.653, 4.077, 4.679, 2.864, 2.449, 1.693, 2.145, 2.513, 2.735, 2.4, 2.069, 1.962, 2.498, 2.962, 2.747, 2.057, 2.316, 2.551, 2.905, 3.025, 3.46], [7.456, 6.44, 3.76, 2.209, 1.661, 2.547, 3.202, 2.647, 3.041, 2.531, 0.0, 1.302, 2.905, 2.445, 1.876, 2.041, 1.968, 2.812, 2.184, 1.426, 1.436, 4.103, 4.782, 3.293, 3.872, 5.985, 4.683, 2.69, 2.9, 4.099, 5.761, 7.111, 7.901, 7.109, 6.251, 6.457, 6.319, 5.245, 6.505, 6.713, 6.826, 6.447, 5.119, 5.0, 6.174, 4.756, 2.714, 2.718, 2.42, 2.019, 2.083, 4.763, 7.458, 7.97, 8.104, 9.515, 13.265, 14.965, 14.503, 14.467, 15.145, 14.86, 13.81, 12.38, 11.675, 12.558, 13.098, 13.375, 13.92, 14.615, 15.071, 14.924, 14.879, 14.793, 14.145, 13.099, 12.68, 11.1, 10.04, 9.322, 9.423, 9.316, 7.785, 8.536, 9.96, 10.04, 8.688, 7.949, 8.524, 7.947, 6.302, 2.98, 2.429, 4.274, 6.09, 7.64, 5.772, 4.628, 3.893, 2.389, 2.102, 1.673, 1.407, 1.676, 1.682, 1.934, 2.293, 3.056, 2.318, 1.632, 1.569, 1.48, 1.887, 1.973, 2.11, 4.147, 4.782, 3.486, 3.289, 3.657, 3.928, 3.314, 2.651, 3.281, 2.806, 2.859, 3.404, 3.291, 3.608, 3.31, 3.365, 3.895, 3.458, 3.295, 3.773, 5.999, 11.129, 14.393, 15.638, 15.844, 14.94, 14.274, 14.261, 14.578, 14.582, 14.032, 13.8, 14.397, 16.167, 16.737, 16.378, 16.447, 15.827, 14.801, 14.501, 14.737, 12.687, 9.397, 7.008, 7.083, 8.857, 7.233, 3.933, 3.013, 4.031, 4.512, 4.715, 6.683, 7.615, 6.898, 6.553, 7.289, 8.711, 9.909, 11.215, 10.851, 9.525, 9.752, 9.656, 8.283, 7.784, 6.996, 6.717, 6.02, 5.482, 6.26, 6.72, 4.661, 2.543, 2.162, 2.386, 2.596, 2.509, 1.659, 1.362, 1.915, 2.346, 2.686, 2.527, 2.696, 3.441, 2.954, 2.842, 3.557, 4.313], [7.304, 6.276, 4.097, 2.427, 2.117, 3.126, 3.602, 2.992, 3.224, 2.338, 1.302, 0.0, 2.534, 2.046, 1.78, 1.965, 2.1, 2.644, 2.435, 1.659, 1.341, 3.92, 4.595, 3.255, 3.986, 6.398, 5.37, 3.105, 3.391, 4.739, 6.271, 7.45, 8.086, 7.339, 6.681, 6.281, 6.169, 5.645, 6.904, 7.031, 7.232, 6.879, 5.233, 5.292, 6.27, 4.665, 2.808, 2.601, 2.309, 1.608, 1.475, 4.851, 7.69, 8.353, 8.028, 9.558, 13.811, 15.198, 14.72, 15.034, 15.934, 15.437, 14.018, 12.72, 11.891, 12.489, 13.372, 13.338, 13.763, 14.538, 14.934, 14.732, 14.684, 14.609, 13.95, 12.91, 12.555, 10.92, 9.933, 9.337, 9.431, 9.756, 8.523, 9.145, 10.535, 10.228, 8.783, 8.054, 8.394, 7.967, 6.746, 3.594, 2.354, 3.919, 6.029, 7.883, 5.993, 4.892, 3.962, 2.347, 2.302, 1.815, 1.53, 1.726, 1.755, 2.082, 2.455, 3.243, 2.095, 1.515, 1.974, 1.821, 2.018, 2.001, 2.228, 4.005, 4.894, 3.996, 4.088, 4.354, 4.449, 3.686, 3.115, 3.768, 3.531, 3.251, 3.763, 3.755, 4.125, 3.818, 3.758, 4.381, 3.994, 3.938, 3.719, 6.194, 10.943, 14.198, 15.443, 15.654, 14.911, 14.226, 14.108, 14.428, 14.393, 13.855, 13.605, 14.212, 15.978, 16.548, 16.189, 16.252, 15.636, 14.61, 14.431, 14.579, 12.48, 9.29, 7.324, 7.261, 9.133, 7.672, 4.352, 3.251, 3.874, 4.353, 4.636, 6.509, 7.612, 7.122, 7.243, 8.122, 9.354, 10.772, 11.976, 11.505, 10.084, 10.436, 10.297, 8.984, 8.312, 7.536, 7.109, 6.523, 5.799, 6.088, 6.525, 4.562, 2.756, 2.004, 2.777, 3.119, 2.776, 2.032, 1.989, 2.419, 2.711, 3.142, 2.983, 3.023, 3.518, 3.142, 3.114, 3.501, 4.444], [5.392, 4.391, 2.988, 2.041, 2.634, 2.968, 3.309, 2.675, 2.252, 1.963, 2.905, 2.534, 0.0, 1.159, 2.548, 3.375, 2.047, 1.432, 1.891, 2.942, 2.535, 2.098, 2.868, 2.388, 2.755, 4.738, 4.403, 3.455, 2.575, 3.873, 5.48, 6.465, 6.59, 5.695, 5.16, 4.573, 4.596, 4.349, 5.295, 5.607, 5.802, 5.266, 3.637, 3.856, 4.689, 3.272, 2.223, 2.103, 2.104, 1.639, 2.337, 3.463, 6.224, 6.89, 6.511, 8.365, 12.496, 13.608, 13.286, 13.521, 14.704, 14.031, 12.4, 11.745, 10.764, 10.923, 11.89, 11.655, 12.024, 12.798, 13.087, 12.669, 12.602, 12.723, 11.96, 10.966, 10.576, 8.962, 8.156, 7.719, 7.806, 8.263, 7.226, 7.941, 9.147, 8.514, 7.226, 6.514, 6.49, 6.338, 5.425, 3.106, 3.954, 5.39, 7.761, 9.496, 7.484, 6.202, 5.36, 3.347, 2.718, 2.712, 2.131, 2.379, 3.164, 3.775, 3.987, 5.072, 3.353, 1.86, 3.213, 2.875, 1.9, 2.135, 1.835, 2.603, 3.274, 2.556, 3.147, 3.23, 3.363, 3.293, 4.025, 4.444, 4.488, 4.75, 4.578, 4.096, 3.873, 3.677, 4.614, 5.099, 4.343, 3.071, 2.59, 4.598, 8.974, 12.233, 13.48, 13.638, 13.101, 12.532, 12.36, 12.59, 12.454, 11.983, 11.617, 12.184, 13.99, 14.572, 14.201, 14.262, 13.653, 12.553, 12.534, 12.681, 10.602, 7.6, 5.999, 5.943, 7.464, 6.217, 2.874, 2.116, 2.381, 2.815, 3.044, 4.605, 5.843, 5.481, 5.805, 6.82, 7.877, 9.413, 10.486, 10.044, 8.813, 9.299, 9.422, 8.319, 7.487, 6.898, 6.419, 5.646, 4.67, 4.212, 4.523, 3.16, 2.745, 2.027, 2.634, 2.971, 3.087, 2.96, 2.694, 2.679, 3.299, 3.493, 3.336, 2.714, 2.573, 2.94, 3.384, 3.291, 3.559], [6.294, 5.332, 3.856, 2.53, 2.531, 3.318, 3.721, 2.938, 2.891, 2.288, 2.445, 2.046, 1.159, 0.0, 1.963, 2.765, 1.755, 2.059, 2.189, 2.434, 2.109, 2.973, 3.711, 2.688, 3.172, 5.52, 4.823, 3.022, 2.797, 4.412, 5.942, 6.9, 7.188, 6.509, 6.05, 5.458, 5.429, 5.058, 6.077, 6.344, 6.466, 5.996, 4.394, 4.572, 5.516, 3.936, 2.284, 2.19, 1.907, 1.357, 1.877, 4.14, 6.956, 7.635, 7.159, 8.865, 13.013, 14.221, 13.897, 14.189, 15.273, 14.615, 13.055, 12.218, 11.255, 11.577, 12.591, 12.378, 12.774, 13.531, 13.847, 13.413, 13.264, 13.428, 12.585, 11.658, 11.341, 9.681, 8.91, 8.539, 8.642, 8.99, 7.964, 8.509, 9.792, 9.314, 8.037, 7.229, 7.346, 7.042, 5.926, 3.176, 3.363, 4.796, 7.157, 8.88, 6.841, 5.645, 4.831, 2.817, 2.388, 2.242, 1.698, 2.086, 2.742, 3.269, 3.48, 4.586, 2.83, 1.74, 2.691, 2.432, 1.797, 1.9, 1.821, 3.303, 4.139, 3.305, 3.543, 3.855, 3.755, 3.252, 3.635, 4.333, 4.106, 4.269, 4.19, 3.86, 4.0, 3.512, 4.121, 4.656, 3.929, 3.275, 2.956, 5.289, 9.662, 12.887, 14.169, 14.395, 13.829, 13.278, 13.104, 13.314, 13.176, 12.71, 12.29, 12.806, 14.595, 15.196, 14.807, 14.867, 14.291, 13.22, 13.325, 13.416, 11.338, 8.597, 6.882, 6.801, 8.396, 7.065, 3.826, 2.844, 3.017, 3.429, 3.951, 5.417, 6.744, 6.262, 6.592, 7.547, 8.616, 10.059, 11.257, 10.776, 9.32, 9.844, 9.852, 8.716, 7.897, 7.24, 6.831, 6.079, 5.205, 4.962, 5.316, 3.766, 2.711, 1.715, 2.469, 2.728, 2.697, 2.549, 2.451, 2.613, 3.073, 3.372, 3.319, 2.914, 2.935, 2.995, 3.101, 3.161, 3.735], [7.464, 6.483, 4.388, 2.804, 2.509, 3.646, 3.923, 3.446, 3.798, 3.038, 1.876, 1.78, 2.548, 1.963, 0.0, 1.398, 1.556, 2.862, 2.671, 1.535, 1.807, 4.34, 5.02, 3.563, 4.182, 6.332, 5.419, 3.241, 3.612, 4.742, 6.406, 7.612, 8.312, 7.558, 6.944, 6.664, 6.655, 5.732, 7.001, 7.304, 7.356, 6.787, 5.315, 5.418, 6.603, 4.998, 2.956, 2.866, 2.59, 2.093, 2.271, 5.239, 7.798, 8.417, 8.171, 9.807, 13.768, 15.255, 14.863, 14.982, 16.038, 15.173, 14.102, 12.871, 12.161, 12.946, 13.569, 13.633, 14.077, 14.724, 15.167, 15.005, 14.913, 14.949, 14.258, 13.245, 12.751, 11.254, 10.258, 9.718, 9.765, 9.71, 8.675, 9.267, 10.739, 10.463, 9.001, 8.145, 8.657, 8.021, 6.544, 3.457, 2.235, 3.484, 5.767, 7.255, 5.251, 4.301, 3.528, 2.248, 2.304, 2.045, 1.83, 2.152, 2.026, 2.417, 2.833, 3.661, 2.565, 1.861, 1.479, 1.731, 2.159, 1.761, 2.37, 4.287, 5.049, 4.15, 4.207, 4.472, 4.525, 3.696, 3.141, 4.278, 3.742, 3.552, 3.845, 3.697, 4.113, 3.976, 3.901, 4.353, 4.037, 3.851, 4.05, 6.331, 11.237, 14.535, 15.745, 15.973, 15.23, 14.55, 14.462, 14.755, 14.716, 14.177, 13.962, 14.52, 16.312, 16.882, 16.569, 16.584, 16.005, 14.837, 14.546, 14.776, 12.8, 9.662, 7.573, 7.734, 9.403, 8.011, 4.597, 3.47, 4.26, 4.81, 4.978, 6.693, 7.648, 7.078, 7.189, 8.114, 9.464, 10.738, 12.058, 11.527, 10.057, 10.432, 10.315, 9.024, 8.452, 7.54, 7.201, 6.581, 5.909, 6.129, 6.811, 4.967, 2.705, 2.26, 2.595, 3.022, 2.795, 2.293, 2.311, 2.683, 2.974, 3.419, 3.308, 3.355, 3.77, 3.252, 3.285, 3.599, 4.559], [8.486, 7.456, 5.16, 3.456, 3.188, 3.98, 4.501, 3.927, 4.455, 3.831, 2.041, 1.965, 3.375, 2.765, 1.398, 0.0, 1.822, 3.619, 3.412, 1.74, 2.077, 5.247, 5.921, 4.437, 4.998, 7.244, 5.969, 3.673, 4.114, 5.294, 7.024, 8.308, 9.111, 8.339, 7.607, 7.412, 7.279, 6.348, 7.699, 7.838, 7.905, 7.629, 6.13, 6.06, 7.216, 5.699, 3.711, 3.702, 3.531, 2.888, 2.85, 5.946, 8.532, 9.071, 9.087, 10.503, 14.556, 16.046, 15.537, 15.727, 16.471, 16.055, 14.893, 13.381, 12.832, 13.613, 14.15, 14.418, 14.937, 15.627, 16.1, 15.911, 15.868, 15.881, 15.216, 14.175, 13.683, 12.074, 11.146, 10.502, 10.416, 10.584, 9.164, 9.814, 11.3, 11.198, 9.712, 8.953, 9.498, 8.976, 7.444, 4.209, 1.774, 2.841, 4.817, 6.359, 4.482, 3.705, 2.925, 2.21, 2.965, 2.56, 2.391, 2.744, 2.342, 2.2, 2.927, 3.311, 2.677, 2.587, 1.757, 2.027, 2.731, 2.404, 3.002, 5.192, 5.761, 4.641, 4.629, 4.902, 5.244, 4.359, 3.616, 4.244, 3.951, 3.415, 4.02, 4.211, 4.691, 4.593, 3.946, 4.412, 4.576, 4.625, 4.89, 7.12, 12.156, 15.451, 16.668, 16.825, 16.051, 15.322, 15.306, 15.666, 15.664, 15.12, 14.896, 15.474, 17.29, 17.825, 17.466, 17.535, 16.915, 15.771, 15.462, 15.704, 13.685, 10.483, 8.286, 8.305, 10.075, 8.548, 5.267, 4.208, 5.159, 5.689, 5.779, 7.723, 8.64, 7.993, 7.874, 8.661, 10.009, 11.251, 12.539, 12.107, 10.789, 11.049, 10.842, 9.423, 8.981, 8.139, 7.782, 7.304, 6.59, 7.219, 7.707, 5.699, 3.398, 3.055, 3.433, 3.807, 3.486, 2.724, 2.512, 3.002, 3.365, 3.96, 3.898, 4.072, 4.579, 3.932, 3.957, 4.437, 5.42], [7.039, 6.026, 3.894, 2.726, 2.766, 3.231, 3.741, 3.038, 3.037, 2.614, 1.968, 2.1, 2.047, 1.755, 1.556, 1.822, 0.0, 2.219, 2.1, 1.942, 1.945, 3.858, 4.471, 3.271, 3.574, 5.718, 4.877, 3.119, 2.859, 4.445, 6.101, 7.195, 7.612, 6.779, 6.059, 5.958, 5.807, 5.094, 6.255, 6.469, 6.625, 6.182, 4.693, 4.657, 5.744, 4.37, 2.673, 2.798, 2.656, 1.922, 2.167, 4.404, 7.103, 7.781, 7.671, 9.233, 13.241, 14.7, 14.181, 14.378, 15.299, 14.831, 13.483, 12.375, 11.605, 12.22, 12.815, 12.896, 13.447, 14.14, 14.62, 14.451, 14.41, 14.377, 13.711, 12.671, 12.219, 10.594, 9.646, 8.975, 9.094, 9.24, 7.912, 8.597, 9.834, 9.62, 8.247, 7.59, 8.027, 7.593, 6.229, 3.227, 2.714, 4.226, 6.102, 7.836, 5.926, 4.897, 4.143, 2.643, 2.767, 2.329, 1.684, 2.455, 2.577, 2.774, 3.455, 4.316, 3.326, 1.878, 1.991, 1.788, 1.925, 1.99, 2.246, 3.791, 4.366, 3.306, 3.426, 3.761, 3.876, 3.351, 3.51, 3.92, 3.947, 3.965, 4.316, 4.119, 4.219, 3.789, 4.331, 4.919, 4.32, 3.453, 3.732, 5.637, 10.655, 13.946, 15.154, 15.357, 14.473, 13.844, 13.794, 14.161, 14.158, 13.607, 13.402, 13.989, 15.796, 16.331, 15.969, 16.042, 15.399, 14.296, 13.995, 14.3, 12.258, 9.117, 6.898, 6.854, 8.562, 7.172, 3.861, 3.079, 3.84, 4.265, 4.375, 6.276, 7.212, 6.539, 6.589, 7.484, 8.651, 10.092, 11.241, 10.745, 9.47, 9.911, 10.012, 8.821, 8.07, 7.485, 7.029, 6.296, 5.58, 5.782, 6.251, 4.21, 2.437, 1.933, 2.599, 2.983, 3.104, 2.194, 2.083, 2.534, 3.176, 3.646, 3.637, 3.142, 3.347, 3.428, 3.403, 3.872, 4.461], [5.056, 4.033, 2.184, 1.983, 2.714, 2.778, 3.134, 2.693, 1.868, 1.967, 2.812, 2.644, 1.432, 2.059, 2.862, 3.619, 2.219, 0.0, 1.463, 3.023, 2.589, 2.052, 2.552, 2.272, 2.733, 4.163, 4.546, 3.481, 2.704, 3.442, 5.069, 6.033, 6.061, 5.102, 4.465, 4.077, 4.066, 3.796, 4.762, 4.889, 5.08, 4.577, 3.335, 3.741, 4.164, 3.129, 2.22, 2.229, 2.471, 2.087, 2.742, 3.154, 5.67, 6.361, 6.167, 7.867, 11.983, 13.02, 12.545, 12.813, 14.019, 13.373, 11.804, 11.22, 10.168, 10.582, 11.263, 11.048, 11.571, 12.278, 12.715, 12.477, 12.432, 12.429, 11.766, 10.725, 10.284, 8.641, 7.73, 7.16, 7.245, 7.601, 6.518, 7.273, 8.407, 7.852, 6.567, 5.979, 6.15, 5.876, 5.047, 2.813, 4.038, 5.735, 8.012, 9.677, 7.67, 6.235, 5.461, 3.513, 2.845, 2.628, 2.108, 2.392, 3.119, 3.599, 3.91, 4.991, 3.495, 1.895, 3.34, 2.985, 1.957, 2.247, 2.06, 2.046, 2.674, 2.344, 2.74, 3.047, 3.088, 3.216, 3.999, 4.404, 4.452, 4.671, 4.677, 4.341, 4.175, 3.934, 4.731, 5.204, 4.542, 3.192, 2.817, 4.261, 8.72, 12.03, 13.223, 13.414, 12.607, 12.039, 11.899, 12.214, 12.218, 11.7, 11.418, 11.969, 13.803, 14.377, 14.014, 14.075, 13.463, 12.323, 12.124, 12.384, 10.251, 7.16, 5.222, 5.218, 6.867, 5.468, 2.163, 1.428, 2.338, 2.965, 2.433, 4.236, 5.311, 4.855, 5.176, 6.227, 7.265, 8.728, 9.756, 9.358, 8.239, 8.713, 8.927, 7.939, 7.115, 6.621, 6.092, 5.314, 4.215, 3.836, 4.304, 2.507, 2.387, 2.003, 2.564, 3.248, 3.31, 2.909, 2.564, 2.681, 3.339, 3.573, 3.515, 2.735, 2.82, 3.199, 3.508, 3.546, 3.495], [5.499, 4.481, 2.207, 1.661, 1.814, 1.844, 1.998, 1.729, 1.565, 1.431, 2.184, 2.435, 1.891, 2.189, 2.671, 3.412, 2.1, 1.463, 0.0, 2.398, 2.114, 2.371, 2.981, 1.791, 2.166, 4.231, 3.568, 2.525, 1.926, 2.932, 4.73, 5.852, 6.116, 5.463, 4.878, 4.532, 4.523, 3.757, 4.943, 5.265, 5.339, 4.701, 3.128, 3.351, 4.429, 2.964, 1.215, 1.555, 1.806, 2.057, 2.628, 3.052, 5.679, 6.398, 6.273, 7.791, 11.872, 13.141, 12.776, 12.855, 14.091, 13.44, 12.025, 11.011, 10.269, 10.964, 11.557, 11.559, 12.078, 12.76, 13.257, 12.99, 12.946, 12.958, 12.292, 11.251, 10.716, 9.171, 8.221, 7.649, 7.703, 7.538, 6.547, 7.221, 8.613, 8.204, 6.87, 6.109, 6.611, 6.2, 4.694, 1.973, 3.621, 5.465, 7.612, 9.262, 7.232, 5.794, 4.885, 2.938, 1.786, 1.613, 1.56, 1.428, 2.153, 2.446, 2.974, 4.167, 3.24, 1.525, 2.83, 2.692, 1.588, 2.061, 1.789, 2.173, 2.981, 2.062, 2.122, 2.359, 2.6, 2.251, 2.805, 3.263, 3.372, 3.58, 3.596, 3.241, 3.129, 2.965, 3.713, 4.189, 3.578, 2.288, 2.39, 4.183, 9.25, 12.528, 13.735, 13.923, 13.074, 12.563, 12.396, 12.742, 12.75, 12.203, 11.951, 12.502, 14.335, 14.905, 14.546, 14.608, 13.995, 12.811, 12.472, 12.742, 10.695, 7.53, 5.349, 5.507, 7.228, 5.93, 2.229, 1.641, 2.283, 2.853, 2.842, 4.726, 5.751, 5.126, 5.092, 5.999, 7.37, 8.696, 9.91, 9.416, 8.115, 8.58, 8.603, 7.45, 6.719, 5.967, 5.475, 4.855, 3.937, 4.197, 4.794, 2.867, 1.773, 1.411, 1.549, 2.21, 2.232, 1.862, 1.574, 1.753, 2.307, 2.575, 2.474, 1.744, 2.005, 2.147, 2.406, 2.714, 2.949], [7.762, 6.734, 4.202, 2.492, 2.005, 3.052, 3.259, 3.147, 3.527, 2.996, 1.426, 1.659, 2.942, 2.434, 1.535, 1.74, 1.942, 3.023, 2.398, 0.0, 1.36, 4.512, 5.229, 3.735, 4.249, 6.418, 5.325, 3.092, 3.54, 4.324, 5.955, 7.63, 8.296, 7.639, 7.015, 6.81, 6.748, 5.711, 7.129, 7.439, 7.423, 6.87, 5.409, 5.363, 6.605, 5.187, 2.883, 3.201, 2.914, 2.189, 2.253, 5.176, 7.749, 8.493, 8.526, 9.924, 13.691, 15.231, 14.851, 14.903, 15.838, 15.335, 14.146, 12.6, 12.182, 13.163, 13.676, 13.825, 14.37, 15.039, 15.527, 15.235, 15.193, 15.206, 14.54, 13.499, 12.997, 11.432, 10.453, 9.873, 9.958, 9.489, 8.511, 9.101, 10.654, 10.404, 9.073, 8.326, 8.833, 8.361, 6.473, 3.049, 1.537, 3.529, 5.348, 7.066, 5.135, 3.904, 2.915, 1.45, 2.084, 1.865, 1.556, 1.803, 1.681, 1.605, 2.101, 2.757, 2.065, 1.758, 1.244, 1.749, 2.351, 1.853, 2.166, 4.418, 5.271, 4.209, 4.001, 4.262, 4.568, 3.401, 2.719, 3.814, 3.211, 2.805, 3.182, 3.119, 3.662, 3.757, 3.236, 3.801, 3.578, 3.797, 4.258, 6.403, 11.522, 14.776, 15.977, 16.163, 15.301, 14.777, 14.656, 14.99, 14.998, 14.446, 14.196, 14.747, 16.58, 17.15, 16.791, 16.853, 16.254, 15.1, 14.74, 14.988, 12.959, 9.719, 7.476, 7.683, 9.364, 8.078, 4.274, 3.384, 4.382, 4.937, 5.056, 6.988, 8.009, 7.359, 7.166, 7.951, 9.449, 10.5, 11.976, 11.484, 10.116, 10.243, 9.832, 8.536, 7.844, 7.072, 6.522, 6.198, 5.566, 6.504, 7.1, 5.096, 2.806, 2.403, 2.649, 2.85, 2.46, 2.005, 1.881, 2.481, 2.543, 2.837, 2.568, 2.95, 3.726, 2.861, 2.657, 3.595, 4.61], [6.855, 5.798, 3.835, 2.544, 2.119, 2.775, 3.132, 2.527, 2.825, 2.434, 1.436, 1.341, 2.535, 2.109, 1.807, 2.077, 1.945, 2.589, 2.114, 1.36, 0.0, 3.459, 4.15, 2.658, 3.337, 5.895, 4.94, 2.646, 3.006, 4.168, 5.56, 6.756, 7.409, 6.719, 6.151, 5.93, 5.888, 5.172, 6.488, 6.621, 6.739, 6.339, 4.68, 4.77, 5.938, 4.395, 2.38, 2.422, 2.066, 1.812, 1.95, 4.153, 7.149, 7.898, 7.696, 9.16, 13.152, 14.578, 14.204, 14.477, 15.419, 14.797, 13.366, 12.157, 11.315, 12.186, 12.987, 12.947, 13.455, 14.164, 14.541, 14.252, 14.201, 14.107, 13.467, 12.413, 12.099, 10.484, 9.426, 8.885, 9.162, 9.132, 7.994, 8.662, 10.061, 9.606, 8.447, 7.615, 7.988, 7.511, 6.049, 2.96, 2.422, 4.063, 6.34, 8.107, 6.143, 4.608, 3.512, 1.662, 1.625, 1.542, 1.373, 1.669, 1.312, 1.581, 2.318, 3.034, 2.091, 1.593, 1.929, 2.091, 2.304, 2.083, 2.117, 3.951, 4.535, 3.56, 3.762, 3.911, 3.898, 3.03, 2.635, 3.414, 2.978, 2.654, 3.157, 3.179, 3.489, 3.108, 3.187, 3.87, 3.405, 3.347, 3.237, 5.562, 10.489, 13.776, 14.986, 15.19, 14.337, 13.919, 13.713, 13.896, 13.905, 13.447, 13.122, 13.735, 15.481, 16.072, 15.711, 15.769, 15.15, 14.182, 14.03, 14.295, 12.154, 8.84, 6.679, 6.841, 8.693, 7.364, 3.897, 2.942, 3.394, 3.8, 4.131, 6.005, 7.13, 6.609, 6.737, 7.661, 8.954, 10.296, 11.542, 11.061, 9.596, 9.892, 9.66, 8.4, 7.615, 6.937, 6.397, 5.799, 5.066, 5.611, 6.115, 4.16, 2.028, 1.608, 2.126, 2.392, 2.098, 1.633, 1.707, 2.087, 2.582, 2.713, 2.471, 2.607, 2.946, 2.294, 2.298, 2.736, 3.725], [3.622, 2.871, 2.144, 2.922, 3.527, 2.625, 2.899, 2.521, 1.666, 2.366, 4.103, 3.92, 2.098, 2.973, 4.34, 5.247, 3.858, 2.052, 2.371, 4.512, 3.459, 0.0, 1.269, 1.869, 2.362, 3.394, 3.99, 3.487, 2.582, 2.977, 4.233, 5.122, 5.034, 4.118, 3.506, 3.063, 3.095, 3.172, 3.913, 4.097, 4.362, 3.858, 2.539, 2.939, 3.376, 2.193, 2.303, 2.099, 2.153, 2.846, 3.623, 1.922, 5.008, 5.665, 5.271, 7.226, 11.074, 12.109, 11.775, 12.096, 13.283, 12.495, 10.891, 10.591, 9.354, 9.54, 10.468, 10.069, 10.401, 11.131, 11.33, 10.998, 10.783, 10.783, 10.043, 9.06, 8.941, 7.381, 6.24, 5.969, 6.256, 6.777, 5.852, 6.619, 7.653, 6.945, 5.74, 5.236, 4.984, 4.751, 4.218, 2.931, 5.63, 7.121, 9.657, 11.414, 9.401, 7.832, 6.705, 4.507, 2.938, 3.259, 3.407, 3.364, 3.796, 4.352, 4.628, 5.701, 4.417, 3.253, 4.968, 4.681, 3.332, 3.888, 3.071, 1.945, 2.055, 2.008, 2.92, 2.484, 2.576, 3.283, 4.216, 4.325, 4.595, 4.791, 4.582, 4.215, 3.657, 3.373, 4.753, 5.466, 4.365, 3.178, 1.891, 3.232, 7.227, 10.426, 11.633, 12.007, 11.328, 11.012, 10.735, 10.714, 10.617, 10.203, 9.795, 10.443, 12.077, 12.708, 12.413, 12.349, 11.929, 10.966, 11.005, 11.217, 9.098, 6.034, 4.319, 4.383, 5.947, 4.846, 1.863, 1.568, 1.319, 1.622, 1.768, 2.773, 4.219, 4.035, 4.49, 5.613, 6.524, 8.034, 9.045, 8.643, 7.575, 8.048, 8.256, 7.262, 6.359, 5.898, 5.356, 4.408, 3.341, 2.513, 2.984, 2.293, 2.87, 2.666, 2.923, 3.103, 3.317, 3.532, 3.436, 3.214, 3.625, 3.515, 3.224, 2.51, 2.015, 2.795, 3.278, 3.007, 2.424], [2.962, 2.235, 1.91, 3.601, 4.177, 2.726, 2.781, 2.546, 1.854, 2.9, 4.782, 4.595, 2.868, 3.711, 5.02, 5.921, 4.471, 2.552, 2.981, 5.229, 4.15, 1.269, 0.0, 2.014, 2.35, 2.984, 3.808, 3.454, 2.897, 2.465, 3.453, 4.216, 4.143, 3.296, 2.594, 2.186, 2.191, 2.33, 3.066, 3.188, 3.453, 2.948, 2.04, 2.492, 2.607, 1.774, 2.606, 2.424, 2.718, 3.725, 4.464, 1.544, 4.11, 4.772, 4.406, 6.276, 10.198, 11.246, 10.889, 11.182, 12.34, 11.589, 9.996, 9.626, 8.382, 8.636, 9.569, 9.203, 9.543, 10.297, 10.543, 10.233, 10.118, 10.087, 9.387, 8.355, 8.185, 6.549, 5.516, 5.088, 5.37, 5.888, 4.9, 5.661, 6.751, 6.09, 4.876, 4.275, 4.145, 4.003, 3.513, 3.48, 6.335, 7.886, 10.34, 12.112, 10.061, 8.472, 7.451, 5.29, 3.473, 3.745, 4.068, 3.976, 4.317, 4.697, 5.268, 6.436, 5.284, 3.978, 5.672, 5.388, 4.02, 4.564, 3.76, 1.626, 1.747, 2.241, 2.942, 2.394, 2.316, 3.367, 4.094, 4.142, 4.542, 4.889, 4.608, 4.144, 3.608, 3.332, 5.036, 5.85, 4.503, 3.18, 1.867, 2.868, 6.461, 9.71, 10.964, 11.208, 10.544, 10.183, 9.884, 9.92, 9.858, 9.444, 9.071, 9.685, 11.385, 11.997, 11.657, 11.685, 11.089, 10.116, 10.192, 10.383, 8.235, 5.175, 3.444, 3.418, 5.076, 4.028, 1.599, 2.005, 1.44, 1.649, 1.428, 2.088, 3.398, 3.119, 3.537, 4.638, 5.586, 7.108, 8.168, 7.718, 6.608, 7.1, 7.416, 6.49, 5.513, 5.219, 4.73, 3.72, 2.565, 1.827, 2.312, 2.079, 3.192, 3.222, 3.313, 3.576, 3.657, 3.834, 4.042, 3.782, 3.792, 3.483, 3.348, 2.562, 2.04, 2.979, 3.864, 3.129, 2.292], [4.426, 3.801, 2.791, 2.617, 2.764, 1.795, 2.025, 1.726, 1.51, 2.114, 3.293, 3.255, 2.388, 2.688, 3.563, 4.437, 3.271, 2.272, 1.791, 3.735, 2.658, 1.869, 2.014, 0.0, 1.295, 3.579, 3.144, 2.011, 1.713, 2.386, 3.723, 4.595, 5.001, 4.363, 3.858, 3.606, 3.512, 2.933, 4.219, 4.332, 4.484, 4.048, 2.424, 2.71, 3.629, 2.025, 1.462, 1.575, 1.662, 2.6, 3.213, 1.908, 4.924, 5.619, 5.278, 6.962, 10.849, 12.237, 11.921, 12.214, 13.203, 12.477, 11.001, 10.163, 9.087, 9.77, 10.7, 10.54, 10.958, 11.692, 11.985, 11.698, 11.625, 11.517, 10.891, 9.82, 9.591, 8.066, 6.898, 6.471, 6.755, 6.888, 5.784, 6.439, 7.828, 7.341, 6.156, 5.234, 5.547, 4.986, 3.811, 2.03, 4.881, 6.418, 8.88, 10.609, 8.563, 6.957, 5.912, 3.714, 1.941, 2.295, 2.67, 2.492, 2.806, 3.203, 3.778, 4.899, 3.806, 2.603, 4.192, 3.927, 2.669, 3.091, 2.425, 2.274, 2.578, 2.112, 2.366, 2.21, 1.725, 1.707, 2.573, 2.809, 2.886, 3.132, 2.971, 2.777, 2.583, 2.044, 3.5, 4.146, 3.133, 1.716, 1.214, 3.219, 7.96, 11.182, 12.424, 12.729, 11.892, 11.506, 11.23, 11.356, 11.354, 10.911, 10.553, 11.177, 12.888, 13.463, 13.168, 13.192, 12.635, 11.652, 11.585, 11.869, 9.731, 6.502, 4.578, 4.652, 6.397, 5.437, 2.657, 1.939, 1.454, 1.795, 2.213, 3.451, 4.6, 4.279, 4.502, 5.428, 6.717, 8.073, 9.309, 8.827, 7.35, 7.782, 7.758, 6.687, 5.784, 5.306, 4.754, 3.835, 2.911, 3.087, 3.661, 1.871, 1.509, 1.887, 1.884, 2.021, 2.048, 2.335, 2.576, 2.388, 2.821, 2.583, 2.366, 1.821, 1.62, 1.563, 2.206, 1.652, 1.53], [3.992, 3.853, 3.02, 3.143, 3.273, 2.14, 2.277, 1.86, 1.802, 2.587, 3.872, 3.986, 2.755, 3.172, 4.182, 4.998, 3.574, 2.733, 2.166, 4.249, 3.337, 2.362, 2.35, 1.295, 0.0, 2.674, 2.565, 2.074, 1.785, 2.429, 3.548, 4.161, 4.396, 3.538, 3.375, 3.169, 3.037, 2.48, 3.354, 3.51, 3.732, 3.214, 1.75, 2.075, 3.046, 1.936, 1.822, 1.926, 2.112, 3.317, 4.034, 2.124, 4.238, 4.843, 4.592, 6.337, 10.234, 11.609, 11.212, 11.449, 12.58, 11.88, 10.277, 9.602, 8.621, 9.188, 9.955, 9.753, 10.269, 10.923, 11.304, 11.081, 11.013, 11.004, 10.343, 9.3, 8.889, 7.366, 6.262, 5.74, 5.998, 6.208, 5.139, 5.811, 7.048, 6.428, 5.317, 4.519, 4.786, 4.37, 3.247, 2.354, 5.365, 7.015, 9.373, 11.097, 9.061, 7.453, 6.45, 4.24, 2.471, 2.719, 3.124, 3.099, 3.357, 3.741, 4.398, 5.565, 4.572, 3.094, 4.679, 4.39, 3.159, 3.589, 2.834, 2.357, 2.324, 1.794, 2.354, 2.135, 1.485, 1.604, 2.616, 2.896, 2.897, 3.263, 2.816, 2.545, 2.286, 1.626, 3.372, 4.243, 2.981, 1.393, 1.36, 2.423, 7.295, 10.625, 11.807, 12.045, 11.19, 10.777, 10.55, 10.805, 10.793, 10.284, 10.014, 10.593, 12.378, 12.949, 12.639, 12.65, 12.053, 11.007, 10.779, 11.146, 9.061, 6.227, 4.471, 4.593, 5.956, 5.274, 2.839, 2.501, 2.052, 2.084, 2.212, 3.201, 4.071, 3.768, 4.071, 4.854, 5.932, 7.339, 8.436, 7.965, 6.68, 7.177, 7.206, 6.169, 5.291, 4.723, 4.189, 3.351, 2.563, 2.57, 2.957, 1.415, 1.928, 2.307, 2.158, 2.13, 2.314, 2.773, 3.077, 2.822, 2.979, 2.767, 2.736, 2.061, 1.802, 1.934, 2.643, 1.577, 1.502], [4.092, 3.95, 3.468, 4.765, 5.086, 3.821, 3.49, 3.678, 3.464, 4.428, 5.985, 6.398, 4.738, 5.52, 6.332, 7.244, 5.718, 4.163, 4.231, 6.418, 5.895, 3.394, 2.984, 3.579, 2.674, 0.0, 2.443, 3.959, 3.507, 2.585, 2.964, 3.22, 3.073, 2.484, 3.04, 3.151, 2.875, 2.054, 1.906, 2.412, 2.731, 2.025, 1.973, 2.362, 2.213, 2.424, 3.852, 3.9, 4.448, 5.872, 6.609, 2.665, 2.603, 2.851, 2.824, 4.545, 8.379, 9.649, 9.16, 9.099, 10.425, 9.692, 8.482, 7.86, 6.888, 7.427, 7.826, 7.761, 8.279, 8.941, 9.453, 9.247, 9.206, 9.203, 8.538, 7.507, 6.905, 5.467, 4.665, 4.231, 4.155, 4.437, 3.626, 3.965, 4.85, 4.574, 3.618, 3.317, 3.307, 2.679, 2.001, 3.815, 7.49, 9.473, 11.444, 12.995, 10.96, 9.414, 8.689, 6.623, 4.71, 5.026, 5.319, 5.279, 5.78, 5.948, 6.739, 7.781, 7.075, 5.359, 6.517, 6.311, 5.025, 5.685, 4.92, 2.89, 2.292, 2.746, 3.433, 2.885, 2.242, 3.256, 4.261, 3.955, 4.564, 5.275, 4.558, 4.24, 3.332, 3.228, 5.39, 6.049, 4.664, 2.852, 2.982, 1.916, 5.492, 8.773, 9.98, 10.212, 9.336, 8.786, 8.681, 8.987, 8.986, 8.434, 8.209, 8.805, 10.597, 11.156, 10.804, 10.865, 10.265, 9.121, 8.622, 8.944, 7.138, 5.011, 4.228, 4.103, 4.984, 4.889, 3.074, 3.617, 3.539, 3.315, 2.773, 2.974, 3.247, 2.959, 2.961, 3.66, 4.026, 4.909, 5.961, 5.475, 4.416, 4.971, 5.285, 4.328, 3.721, 3.351, 3.087, 2.827, 2.707, 2.208, 2.17, 2.222, 4.061, 4.616, 4.296, 4.02, 4.492, 4.93, 5.116, 4.81, 4.817, 4.426, 4.546, 3.992, 3.334, 4.215, 4.996, 4.012, 2.863], [5.047, 4.84, 4.13, 4.201, 4.053, 2.907, 2.767, 2.759, 3.436, 4.133, 4.683, 5.37, 4.403, 4.823, 5.419, 5.969, 4.877, 4.546, 3.568, 5.325, 4.94, 3.99, 3.808, 3.144, 2.565, 2.443, 0.0, 2.591, 2.554, 2.296, 2.655, 3.653, 4.118, 3.5, 3.515, 4.072, 3.626, 2.44, 2.682, 3.183, 3.233, 2.938, 2.488, 2.153, 2.794, 2.458, 3.03, 3.066, 3.621, 5.276, 5.738, 2.973, 3.448, 3.967, 4.074, 5.543, 9.521, 11.061, 10.544, 10.495, 11.238, 11.045, 9.962, 8.707, 8.124, 8.735, 9.092, 9.44, 10.015, 10.702, 11.192, 11.01, 10.968, 10.972, 10.306, 9.261, 8.68, 7.15, 6.254, 5.641, 5.574, 5.413, 3.878, 4.655, 5.92, 6.143, 4.509, 4.022, 4.615, 4.053, 2.609, 3.018, 6.416, 8.517, 10.24, 11.447, 9.483, 7.981, 7.664, 5.626, 3.793, 4.079, 4.279, 4.252, 4.667, 4.854, 5.731, 6.668, 6.138, 4.425, 5.119, 4.848, 3.982, 4.593, 4.048, 3.35, 2.964, 2.614, 2.484, 2.234, 1.85, 2.612, 2.851, 2.443, 2.978, 4.052, 3.514, 3.006, 2.374, 2.435, 4.317, 4.657, 3.506, 2.257, 2.833, 2.299, 7.252, 10.529, 11.746, 11.908, 11.046, 10.343, 10.374, 10.756, 10.758, 10.22, 9.989, 10.598, 12.381, 12.926, 12.567, 12.628, 12.009, 10.853, 10.383, 10.571, 8.703, 5.888, 4.479, 4.314, 5.393, 4.966, 3.833, 3.908, 3.642, 3.549, 3.411, 3.802, 3.875, 3.209, 2.85, 3.111, 4.285, 5.688, 6.82, 6.544, 5.343, 5.734, 5.739, 4.454, 4.055, 3.277, 3.153, 2.677, 3.053, 3.272, 3.496, 2.963, 3.407, 3.823, 3.412, 3.267, 3.647, 3.875, 3.901, 3.491, 3.488, 3.367, 3.638, 3.321, 2.724, 3.268, 4.029, 3.306, 2.479], [5.528, 4.957, 3.743, 3.331, 2.614, 1.959, 2.031, 1.754, 2.668, 2.762, 2.69, 3.105, 3.455, 3.022, 3.241, 3.673, 3.119, 3.481, 2.525, 3.092, 2.646, 3.487, 3.454, 2.011, 2.074, 3.959, 2.591, 0.0, 1.717, 2.296, 3.872, 5.149, 5.914, 5.098, 4.448, 4.38, 4.137, 3.079, 4.363, 4.587, 4.675, 4.313, 2.924, 2.841, 3.978, 2.624, 1.801, 1.992, 2.279, 3.313, 3.642, 3.122, 5.297, 5.825, 5.877, 7.307, 11.281, 12.85, 12.208, 12.394, 13.131, 12.777, 11.68, 10.115, 9.602, 10.406, 10.88, 11.175, 11.711, 12.408, 12.882, 12.721, 12.676, 12.663, 12.002, 10.961, 10.469, 8.871, 7.958, 7.347, 7.348, 7.377, 6.065, 6.456, 8.011, 7.984, 6.404, 5.737, 6.346, 5.806, 4.142, 2.041, 4.113, 6.173, 8.113, 9.633, 7.658, 6.148, 5.484, 3.399, 1.837, 2.105, 2.311, 2.403, 2.37, 2.505, 3.396, 4.594, 3.725, 2.691, 3.129, 3.065, 2.728, 2.71, 2.5