[[0.0, 3.171, 3.883, 5.613, 7.503, 8.209, 6.827, 5.257, 4.853, 4.658, 3.543, 2.31, 1.355, 1.146, 1.611, 2.068, 4.821, 8.12, 9.242, 9.004, 9.651, 10.357, 11.015, 12.636, 11.869, 9.13, 6.655, 6.043, 5.471, 4.666, 4.275, 4.451, 7.671, 7.589, 7.326, 6.324, 6.421, 5.844, 4.277, 2.476, 3.214, 5.439, 5.662, 4.795, 4.878, 4.272, 3.981, 4.367, 3.953, 1.967, 2.251, 3.944, 4.229, 5.07, 5.157, 5.006, 4.735, 4.366, 4.711, 4.38, 3.448, 2.788, 2.209, 1.935, 4.125, 5.851, 6.04, 3.781, 3.36, 3.061, 1.961, 2.696, 3.447, 3.248, 2.159, 2.912, 2.84, 2.742, 3.144, 5.961, 7.036, 8.67, 10.947, 11.761, 11.287, 10.035, 8.774, 8.179, 8.222, 8.768, 10.46, 13.182, 15.564, 17.539, 17.624, 16.707, 16.413, 16.345, 15.581, 14.785, 14.331, 14.025, 11.96, 7.859, 3.683, 4.179, 3.96, 4.256, 3.879, 3.849, 4.37, 4.421, 4.034, 3.616, 3.872, 4.184, 3.247, 2.078, 3.303, 2.839, 2.59, 2.633, 3.31, 4.399, 4.698, 4.119, 3.206, 3.708, 3.654, 3.286, 3.524, 2.546, 2.882, 6.983, 7.975, 6.811, 7.568, 11.21, 14.376, 14.607, 14.429, 14.69, 13.115, 12.075, 13.818, 14.594], [3.171, 0.0, 1.087, 2.705, 4.366, 5.069, 3.742, 2.312, 2.214, 2.714, 2.049, 2.582, 3.076, 2.548, 2.17, 4.216, 7.711, 11.056, 12.283, 11.999, 12.7, 13.407, 14.077, 15.709, 14.96, 12.134, 9.676, 8.998, 8.248, 7.175, 6.428, 7.316, 10.738, 10.583, 10.329, 9.325, 9.116, 8.263, 5.913, 3.871, 2.168, 2.795, 2.729, 2.161, 2.487, 2.372, 2.228, 1.877, 1.658, 2.267, 4.391, 5.914, 5.324, 4.673, 4.737, 4.884, 4.814, 4.152, 4.133, 3.559, 3.153, 3.5, 3.934, 4.265, 6.492, 8.318, 8.802, 6.401, 4.78, 4.011, 2.63, 1.635, 1.796, 1.99, 2.741, 5.137, 4.714, 4.637, 3.139, 3.568, 4.363, 5.638, 7.794, 8.608, 8.146, 6.87, 5.634, 5.147, 5.187, 5.794, 7.355, 10.095, 12.491, 14.378, 14.465, 13.556, 13.273, 13.238, 12.508, 11.712, 11.257, 10.929, 8.795, 4.844, 3.343, 4.269, 3.442, 4.89, 5.255, 5.216, 4.858, 4.616, 3.17, 2.754, 3.617, 3.848, 2.935, 3.984, 5.483, 4.802, 3.943, 4.271, 4.613, 5.644, 6.689, 6.35, 4.986, 5.299, 5.799, 5.476, 5.924, 4.946, 1.619, 4.768, 5.58, 4.749, 5.658, 8.591, 11.344, 11.586, 11.461, 11.746, 10.33, 9.7, 11.644, 13.036], [3.883, 1.087, 0.0, 2.167, 3.667, 4.339, 3.016, 1.951, 2.078, 2.324, 2.292, 3.142, 3.696, 3.181, 2.798, 4.869, 8.361, 11.728, 12.989, 12.694, 13.394, 14.11, 14.781, 16.415, 15.665, 12.83, 10.38, 9.692, 8.83, 7.725, 6.979, 7.987, 11.44, 11.274, 11.033, 10.04, 9.77, 8.812, 6.392, 4.363, 1.816, 2.109, 1.921, 1.547, 1.895, 2.12, 2.133, 1.594, 1.395, 2.849, 4.934, 6.444, 5.548, 4.51, 4.588, 4.764, 4.695, 4.091, 3.864, 3.341, 3.069, 3.983, 4.557, 4.87, 7.062, 8.859, 9.34, 7.005, 5.272, 4.367, 3.274, 1.831, 1.718, 1.906, 3.219, 5.676, 5.3, 5.27, 3.376, 3.037, 3.759, 4.977, 7.081, 7.895, 7.41, 6.164, 4.914, 4.494, 4.597, 5.175, 6.657, 9.4, 11.792, 13.672, 13.76, 12.84, 12.538, 12.527, 11.804, 11.009, 10.554, 10.225, 8.089, 4.123, 3.254, 4.147, 3.08, 4.812, 5.829, 5.88, 4.929, 4.572, 2.921, 2.607, 3.654, 3.816, 3.033, 4.604, 6.058, 5.346, 4.537, 4.807, 5.115, 6.109, 7.245, 6.9, 5.503, 5.768, 6.436, 6.148, 6.584, 5.671, 1.844, 4.667, 5.555, 4.701, 5.656, 8.579, 10.773, 11.001, 10.891, 11.191, 9.845, 9.669, 11.586, 13.169], [5.613, 2.705, 2.167, 0.0, 2.089, 2.767, 1.668, 1.849, 2.414, 3.122, 3.688, 4.92, 5.598, 5.072, 4.501, 6.764, 10.202, 13.526, 14.616, 14.382, 15.101, 15.718, 16.444, 18.016, 17.272, 14.57, 12.043, 11.452, 10.877, 9.76, 8.888, 9.897, 13.158, 13.105, 12.666, 11.718, 11.735, 10.858, 8.278, 5.961, 3.416, 1.641, 1.722, 2.114, 1.95, 2.348, 2.355, 2.124, 2.711, 4.421, 6.762, 8.367, 6.839, 5.172, 4.845, 5.175, 5.397, 5.043, 4.502, 3.648, 4.209, 5.82, 6.374, 6.852, 9.024, 10.93, 11.329, 8.988, 7.129, 6.248, 5.1, 3.525, 3.053, 3.418, 5.099, 7.714, 7.341, 7.13, 4.804, 2.726, 2.651, 3.576, 5.429, 6.26, 5.806, 4.577, 3.363, 2.908, 3.196, 3.854, 5.434, 7.789, 10.164, 12.074, 12.17, 11.196, 10.904, 10.883, 10.198, 9.403, 8.948, 8.602, 6.502, 2.63, 4.468, 4.776, 3.806, 6.019, 7.372, 7.5, 5.963, 5.153, 3.375, 3.258, 4.615, 4.606, 3.927, 6.425, 8.025, 7.342, 6.358, 6.541, 6.746, 7.71, 9.168, 8.902, 7.427, 7.67, 8.181, 7.69, 8.362, 7.489, 3.53, 4.595, 5.466, 4.752, 6.05, 8.744, 10.236, 10.585, 10.425, 10.472, 9.571, 9.894, 11.637, 13.11], [7.503, 4.366, 3.667, 2.089, 0.0, 1.005, 1.126, 2.526, 3.174, 3.739, 4.578, 5.955, 6.899, 6.66, 6.185, 8.397, 11.861, 15.28, 16.568, 16.179, 16.873, 17.62, 18.316, 19.957, 19.239, 16.458, 13.919, 13.234, 12.417, 11.298, 10.159, 11.606, 15.061, 14.908, 14.585, 13.626, 13.343, 12.33, 9.539, 7.621, 4.753, 2.305, 2.147, 3.192, 2.961, 3.573, 3.767, 3.46, 3.893, 5.81, 8.278, 9.736, 7.859, 5.719, 5.379, 5.605, 5.929, 5.927, 5.209, 4.413, 5.186, 6.976, 7.865, 8.408, 10.384, 12.348, 12.705, 10.333, 8.197, 7.345, 6.591, 4.868, 4.159, 4.644, 6.71, 9.135, 8.841, 8.554, 5.825, 2.774, 1.93, 2.392, 3.602, 4.349, 3.863, 2.683, 1.932, 2.241, 2.67, 3.159, 4.286, 6.114, 8.291, 10.127, 10.222, 9.244, 8.995, 9.016, 8.369, 7.554, 7.121, 6.728, 4.633, 1.763, 5.522, 5.498, 4.658, 6.932, 8.711, 9.094, 7.177, 6.116, 4.183, 4.549, 5.561, 5.072, 4.886, 7.821, 9.372, 8.574, 7.967, 8.008, 8.024, 8.84, 10.562, 10.45, 8.658, 8.886, 9.616, 9.568, 10.103, 9.287, 4.898, 4.961, 5.325, 4.603, 5.972, 8.67, 9.966, 10.185, 9.911, 9.909, 9.637, 9.999, 11.606, 13.294], [8.209, 5.069, 4.339, 2.767, 1.005, 0.0, 1.508, 3.04, 3.63, 4.016, 4.94, 6.485, 7.523, 7.365, 6.894, 9.071, 12.558, 15.98, 17.267, 16.887, 17.517, 18.247, 19.032, 20.674, 19.942, 17.147, 14.63, 13.939, 13.08, 11.961, 10.858, 12.298, 15.75, 15.593, 15.285, 14.325, 14.025, 12.979, 10.159, 8.293, 5.447, 2.898, 2.694, 3.809, 3.545, 4.167, 4.439, 4.093, 4.495, 6.477, 8.964, 10.345, 8.183, 6.014, 5.645, 5.899, 6.224, 6.217, 5.585, 4.912, 5.652, 7.559, 8.564, 9.027, 11.064, 12.933, 13.281, 10.969, 8.785, 7.871, 7.272, 5.573, 4.789, 5.318, 7.383, 9.737, 9.466, 9.239, 6.311, 3.053, 2.074, 2.107, 2.912, 3.695, 3.133, 2.116, 1.722, 2.221, 2.603, 3.01, 3.967, 5.679, 7.688, 9.496, 9.514, 8.556, 8.543, 8.48, 7.896, 7.026, 6.475, 6.101, 3.998, 1.541, 5.86, 5.873, 5.147, 7.348, 9.374, 9.794, 7.812, 6.55, 4.796, 5.239, 6.152, 5.446, 5.426, 8.425, 9.968, 9.186, 8.647, 8.694, 8.691, 9.414, 11.199, 11.126, 9.231, 9.443, 10.249, 10.239, 10.747, 9.987, 5.54, 5.268, 5.326, 4.791, 6.158, 8.689, 9.847, 10.08, 9.84, 9.786, 9.675, 10.103, 11.576, 13.327], [6.827, 3.742, 3.016, 1.668, 1.126, 1.508, 0.0, 1.913, 2.494, 3.15, 3.828, 5.209, 6.142, 6.063, 5.593, 7.769, 11.242, 14.669, 15.943, 15.61, 16.302, 17.024, 17.723, 19.369, 18.62, 15.78, 13.321, 12.622, 11.675, 10.557, 9.466, 10.911, 14.387, 14.221, 13.959, 12.985, 12.653, 11.574, 8.762, 7.026, 4.179, 1.8, 1.671, 2.503, 2.252, 2.983, 3.235, 3.046, 3.301, 5.22, 7.624, 8.944, 7.04, 5.208, 4.884, 5.19, 5.432, 5.202, 4.624, 3.903, 4.543, 6.19, 7.244, 7.721, 9.677, 11.544, 11.892, 9.565, 7.417, 6.475, 5.945, 4.238, 3.46, 4.016, 6.061, 8.382, 8.062, 7.842, 5.008, 2.434, 1.842, 2.673, 4.171, 4.942, 4.487, 3.25, 2.329, 2.394, 2.864, 3.388, 4.422, 6.531, 8.861, 10.729, 10.826, 9.895, 9.74, 9.601, 8.96, 8.111, 7.674, 7.309, 5.182, 1.67, 4.606, 4.95, 3.884, 6.265, 8.051, 8.537, 6.484, 5.65, 3.725, 3.838, 4.996, 4.761, 4.368, 7.274, 8.597, 7.785, 7.242, 7.34, 7.339, 8.113, 9.795, 9.722, 7.842, 8.049, 9.013, 9.032, 9.532, 8.582, 4.332, 4.883, 5.229, 4.545, 5.825, 8.671, 9.891, 10.103, 9.837, 9.841, 9.562, 10.041, 11.58, 13.237], [5.257, 2.312, 1.951, 1.849, 2.526, 3.04, 1.913, 0.0, 1.202, 2.008, 2.396, 3.666, 4.552, 4.559, 4.11, 6.221, 9.738, 13.119, 14.425, 14.111, 14.801, 15.515, 16.223, 17.851, 17.104, 14.237, 11.818, 11.113, 10.147, 8.987, 7.968, 9.352, 12.816, 12.65, 12.465, 11.415, 11.152, 10.001, 7.249, 5.532, 3.057, 1.842, 1.874, 1.895, 1.814, 1.725, 1.819, 1.664, 1.856, 3.623, 6.061, 7.386, 5.778, 4.048, 3.773, 4.065, 4.296, 4.0, 3.414, 2.716, 3.27, 4.79, 5.713, 6.234, 8.187, 9.986, 10.344, 7.994, 5.846, 4.983, 4.354, 2.849, 2.239, 2.753, 4.508, 6.841, 6.503, 6.272, 3.619, 2.085, 2.368, 3.62, 5.723, 6.518, 6.075, 4.823, 3.728, 3.726, 4.065, 4.52, 5.546, 8.006, 10.346, 12.289, 12.385, 11.467, 11.254, 11.112, 10.406, 9.593, 9.181, 8.806, 6.762, 3.085, 3.285, 3.701, 2.764, 5.018, 6.613, 7.024, 5.043, 4.481, 2.532, 2.609, 3.659, 3.457, 2.955, 5.582, 7.01, 6.276, 5.666, 5.8, 5.827, 6.7, 8.226, 8.147, 6.311, 6.561, 7.527, 7.508, 8.03, 7.002, 2.917, 5.469, 6.121, 5.394, 6.534, 9.443, 10.79, 10.973, 10.707, 10.83, 10.284, 10.674, 12.393, 14.04], [4.853, 2.214, 2.078, 2.414, 3.174, 3.63, 2.494, 1.202, 0.0, 1.346, 1.766, 3.036, 4.114, 4.178, 3.82, 5.823, 9.363, 12.746, 14.04, 13.736, 14.427, 15.126, 15.848, 17.476, 16.719, 13.855, 11.443, 10.738, 9.763, 8.542, 7.583, 8.932, 12.384, 12.205, 12.074, 11.035, 10.77, 9.559, 6.834, 5.157, 2.967, 2.038, 2.195, 1.991, 1.771, 1.612, 1.565, 1.681, 1.885, 3.183, 5.636, 6.936, 5.067, 3.317, 3.241, 3.6, 3.639, 3.202, 2.942, 2.417, 2.687, 4.318, 5.32, 5.841, 7.793, 9.478, 9.813, 7.55, 5.365, 4.354, 3.951, 2.678, 2.253, 2.731, 4.111, 6.37, 6.047, 5.865, 2.871, 1.945, 2.583, 3.992, 6.151, 6.94, 6.501, 5.312, 4.392, 4.506, 4.993, 5.347, 6.385, 8.506, 10.79, 12.742, 12.846, 11.925, 11.849, 11.645, 10.897, 10.066, 9.591, 9.287, 7.237, 3.427, 2.558, 3.16, 2.203, 4.342, 6.204, 6.654, 4.434, 3.857, 2.18, 2.413, 2.997, 2.791, 2.378, 5.236, 6.535, 5.766, 5.267, 5.396, 5.402, 6.221, 7.779, 7.707, 5.803, 6.008, 7.14, 7.115, 7.655, 6.567, 3.017, 5.931, 6.663, 5.921, 6.967, 9.878, 11.241, 11.478, 11.191, 11.345, 10.79, 11.091, 12.865, 14.505], [4.658, 2.714, 2.324, 3.122, 3.739, 4.016, 3.15, 2.008, 1.346, 0.0, 1.397, 2.806, 3.915, 4.084, 4.055, 5.638, 9.168, 12.548, 13.845, 13.541, 14.231, 14.931, 15.653, 17.281, 16.523, 13.656, 11.247, 10.542, 9.482, 8.29, 7.343, 8.734, 12.188, 12.008, 11.878, 10.838, 10.506, 9.32, 6.606, 4.961, 2.494, 2.541, 2.681, 2.051, 1.845, 1.568, 1.753, 2.007, 1.943, 2.978, 5.438, 6.648, 4.536, 2.893, 3.083, 3.342, 3.124, 2.63, 2.663, 2.48, 2.213, 4.077, 5.119, 5.634, 7.559, 9.099, 9.474, 7.244, 5.008, 3.93, 3.807, 2.445, 2.287, 2.647, 3.912, 6.174, 5.737, 5.652, 2.387, 1.656, 2.664, 4.312, 6.427, 7.226, 6.894, 5.714, 4.988, 5.285, 5.756, 6.152, 7.125, 8.925, 11.033, 12.995, 13.141, 12.246, 12.283, 12.013, 11.254, 10.321, 9.836, 9.56, 7.4, 3.746, 2.046, 2.72, 1.739, 3.784, 5.914, 6.433, 4.205, 3.559, 2.05, 2.386, 2.7, 2.185, 2.059, 4.987, 6.219, 5.46, 5.016, 5.2, 5.187, 5.876, 7.462, 7.431, 5.491, 5.638, 6.893, 6.927, 7.46, 6.33, 3.147, 6.476, 7.232, 6.384, 7.329, 10.304, 11.838, 12.165, 11.848, 12.069, 11.508, 11.431, 13.418, 14.979], [3.543, 2.049, 2.292, 3.688, 4.578, 4.94, 3.828, 2.396, 1.766, 1.397, 0.0, 1.651, 2.821, 3.002, 2.95, 4.515, 8.046, 11.42, 12.72, 12.422, 13.112, 13.812, 14.531, 16.157, 15.398, 12.525, 10.127, 9.42, 8.351, 7.171, 6.212, 7.603, 11.069, 10.889, 10.758, 9.706, 9.374, 8.204, 5.49, 3.969, 2.28, 3.246, 3.159, 2.206, 2.357, 1.913, 1.913, 1.939, 1.639, 1.89, 4.306, 5.522, 3.89, 3.372, 3.533, 3.652, 3.445, 2.724, 3.115, 2.84, 2.062, 2.952, 3.991, 4.509, 6.428, 8.049, 8.416, 6.137, 3.959, 3.154, 2.728, 1.781, 1.984, 2.334, 2.867, 5.056, 4.638, 4.52, 1.697, 2.649, 3.685, 5.285, 7.476, 8.28, 7.943, 6.647, 5.801, 5.867, 6.209, 6.501, 7.558, 9.867, 12.106, 14.07, 14.197, 13.296, 13.189, 12.917, 12.155, 11.299, 10.873, 10.568, 8.47, 4.628, 1.939, 2.98, 2.217, 3.542, 4.794, 5.299, 3.895, 3.576, 2.56, 2.448, 2.591, 2.433, 1.576, 3.883, 5.128, 4.363, 3.884, 4.089, 4.059, 4.781, 6.363, 6.318, 4.383, 4.585, 5.775, 5.797, 6.341, 5.211, 2.574, 6.193, 6.947, 6.052, 6.921, 9.93, 12.0, 12.306, 11.952, 12.27, 11.616, 11.056, 13.113, 14.559], [2.31, 2.582, 3.142, 4.92, 5.955, 6.485, 5.209, 3.666, 3.036, 2.806, 1.651, 0.0, 1.506, 1.975, 2.29, 3.063, 6.578, 9.951, 11.252, 10.954, 11.645, 12.344, 13.063, 14.688, 13.93, 11.057, 8.659, 7.951, 6.91, 5.704, 4.764, 6.134, 9.586, 9.382, 9.29, 8.238, 7.922, 6.718, 4.298, 3.094, 2.967, 4.374, 4.395, 3.194, 3.676, 3.261, 3.019, 3.159, 2.465, 1.5, 2.901, 4.083, 3.683, 4.224, 4.544, 4.506, 4.097, 3.542, 4.208, 3.935, 3.055, 2.476, 2.769, 3.041, 4.977, 6.551, 6.924, 4.661, 2.88, 2.256, 2.311, 2.249, 2.634, 2.937, 2.601, 3.581, 3.195, 3.069, 2.054, 4.083, 5.047, 6.715, 8.942, 9.757, 9.435, 8.127, 7.211, 7.009, 7.122, 7.55, 8.695, 11.317, 13.631, 15.58, 15.683, 14.789, 14.728, 14.428, 13.624, 12.771, 12.286, 12.057, 9.934, 5.945, 2.842, 3.59, 3.114, 3.733, 3.86, 4.169, 3.809, 3.972, 3.618, 3.353, 3.231, 3.122, 2.131, 2.464, 3.662, 2.938, 2.774, 2.864, 3.212, 4.102, 4.963, 4.859, 2.987, 3.38, 4.329, 4.344, 4.885, 3.738, 2.512, 6.65, 7.351, 6.445, 7.248, 10.488, 13.241, 13.393, 13.161, 13.354, 12.49, 11.624, 13.621, 14.765], [1.355, 3.076, 3.696, 5.598, 6.899, 7.523, 6.142, 4.552, 4.114, 3.915, 2.821, 1.506, 0.0, 1.288, 2.038, 2.412, 5.34, 8.71, 10.007, 9.717, 10.418, 11.119, 11.814, 13.443, 12.685, 9.815, 7.409, 6.704, 5.687, 4.512, 3.876, 4.902, 8.348, 8.144, 8.055, 7.0, 6.699, 5.651, 4.068, 2.895, 3.319, 5.089, 5.133, 4.024, 4.253, 3.844, 3.672, 3.869, 3.229, 1.714, 2.28, 3.524, 3.857, 4.644, 4.916, 4.788, 4.429, 3.889, 4.472, 4.19, 3.329, 2.66, 2.204, 2.183, 3.85, 5.602, 5.853, 3.511, 2.888, 2.602, 2.117, 2.615, 3.11, 3.215, 2.465, 2.967, 2.718, 2.455, 2.575, 5.206, 6.216, 7.945, 10.222, 11.036, 10.604, 9.271, 8.146, 7.847, 7.859, 8.407, 9.723, 12.419, 14.838, 16.804, 16.92, 16.012, 15.762, 15.619, 14.765, 13.965, 13.517, 13.287, 11.193, 7.064, 3.29, 3.803, 3.569, 4.05, 3.925, 3.904, 4.025, 4.337, 3.933, 3.491, 3.468, 3.628, 2.777, 1.91, 2.696, 2.567, 2.727, 2.741, 3.312, 4.239, 4.266, 3.88, 2.849, 3.19, 3.483, 3.596, 4.091, 3.052, 2.657, 7.174, 7.907, 6.795, 7.497, 11.141, 14.025, 14.202, 14.023, 14.254, 13.153, 12.176, 14.012, 15.023], [1.146, 2.548, 3.181, 5.072, 6.66, 7.365, 6.063, 4.559, 4.178, 4.084, 3.002, 1.975, 1.288, 0.0, 1.213, 2.206, 5.253, 8.644, 9.92, 9.579, 10.28, 11.018, 11.683, 13.315, 12.593, 9.809, 7.283, 6.583, 5.93, 5.097, 4.557, 5.056, 8.414, 8.301, 7.991, 7.018, 6.892, 6.222, 4.527, 2.724, 2.827, 4.687, 4.957, 4.13, 4.15, 3.85, 3.473, 3.599, 3.245, 1.686, 2.543, 4.153, 4.519, 5.185, 5.284, 5.167, 4.911, 4.459, 4.668, 4.122, 3.421, 2.95, 2.303, 2.135, 4.454, 6.291, 6.526, 4.201, 3.618, 3.325, 2.038, 2.332, 2.921, 2.838, 2.283, 3.238, 3.076, 2.994, 3.108, 5.311, 6.369, 7.874, 10.095, 10.945, 10.478, 9.261, 7.974, 7.423, 7.426, 8.086, 9.753, 12.506, 14.875, 16.762, 16.853, 15.888, 15.553, 15.591, 14.906, 14.11, 13.655, 13.316, 11.187, 7.183, 3.681, 4.362, 3.876, 4.553, 4.083, 3.987, 4.572, 4.507, 3.853, 3.492, 4.008, 4.288, 3.0, 2.303, 3.65, 3.139, 2.97, 2.945, 3.508, 4.661, 4.964, 4.488, 3.462, 3.89, 3.838, 3.606, 3.905, 3.043, 2.29, 6.589, 7.36, 6.195, 7.128, 10.496, 13.795, 13.981, 13.797, 14.101, 12.565, 11.47, 13.268, 14.166], [1.611, 2.17, 2.798, 4.501, 6.185, 6.894, 5.593, 4.11, 3.82, 4.055, 2.95, 2.29, 2.038, 1.213, 0.0, 2.563, 5.837, 9.189, 10.403, 10.053, 10.741, 11.485, 12.147, 13.797, 13.076, 10.332, 7.751, 7.082, 6.638, 5.877, 5.341, 5.677, 8.907, 8.834, 8.456, 7.526, 7.635, 7.08, 5.288, 3.177, 2.885, 4.422, 4.537, 3.741, 4.1, 3.923, 3.389, 3.363, 3.056, 2.003, 3.375, 5.015, 5.114, 5.271, 5.315, 5.262, 5.11, 4.579, 4.66, 4.213, 3.474, 3.115, 2.997, 2.956, 5.28, 7.099, 7.359, 4.999, 4.282, 3.824, 2.147, 2.36, 3.049, 2.978, 2.294, 3.835, 3.81, 3.869, 3.183, 5.131, 5.949, 7.404, 9.613, 10.473, 10.004, 8.789, 7.502, 6.908, 6.916, 7.591, 9.293, 12.043, 14.413, 16.287, 16.378, 15.415, 15.081, 15.131, 14.446, 13.65, 13.195, 12.853, 10.721, 6.723, 3.772, 4.482, 3.902, 4.864, 4.625, 4.639, 4.991, 4.72, 3.941, 3.555, 4.101, 4.295, 2.967, 2.888, 4.496, 3.823, 3.43, 3.469, 4.066, 5.152, 5.85, 5.299, 4.152, 4.768, 4.652, 4.376, 4.542, 3.573, 1.836, 5.943, 6.815, 5.629, 6.487, 9.949, 13.263, 13.49, 13.317, 13.593, 11.973, 10.804, 12.46, 13.404], [2.068, 4.216, 4.869, 6.764, 8.397, 9.071, 7.769, 6.221, 5.823, 5.638, 4.515, 3.063, 2.412, 2.206, 2.563, 0.0, 4.003, 7.003, 8.256, 7.957, 8.631, 9.38, 10.038, 11.662, 10.937, 8.157, 5.755, 5.005, 4.72, 4.027, 3.59, 3.699, 6.732, 6.696, 6.618, 5.666, 5.691, 5.172, 3.592, 3.12, 4.294, 6.478, 6.627, 5.764, 5.824, 5.347, 5.068, 5.253, 4.88, 3.006, 2.324, 3.142, 3.749, 5.494, 5.793, 5.511, 4.885, 4.823, 5.481, 5.25, 4.462, 3.38, 2.688, 2.074, 3.516, 5.246, 5.351, 3.377, 2.956, 2.896, 2.658, 3.857, 4.49, 4.229, 2.813, 2.215, 2.538, 2.481, 3.987, 6.945, 8.002, 9.573, 11.8, 12.644, 12.161, 10.961, 9.686, 9.17, 9.18, 9.816, 11.394, 14.169, 16.532, 18.481, 18.57, 17.594, 17.193, 17.238, 16.547, 15.752, 15.302, 14.973, 12.886, 8.825, 4.685, 4.376, 4.82, 4.408, 3.13, 3.121, 3.708, 4.232, 5.019, 4.692, 4.17, 4.527, 4.061, 2.012, 2.99, 2.155, 2.285, 2.729, 3.023, 3.554, 3.939, 3.398, 2.806, 2.985, 2.961, 2.724, 2.854, 1.71, 3.837, 8.18, 9.03, 7.861, 8.49, 12.294, 15.471, 15.69, 15.524, 15.841, 14.212, 13.151, 14.718, 15.507], [4.821, 7.711, 8.361, 10.202, 11.861, 12.558, 11.242, 9.738, 9.363, 9.168, 8.046, 6.578, 5.34, 5.253, 5.837, 4.003, 0.0, 3.48, 4.724, 4.386, 5.078, 5.844, 6.485, 8.128, 7.399, 4.624, 2.187, 1.687, 1.494, 1.467, 2.141, 1.729, 3.211, 3.142, 3.139, 2.95, 2.358, 2.387, 3.768, 4.691, 7.313, 9.785, 10.073, 9.269, 9.234, 8.755, 8.447, 8.729, 8.384, 6.232, 3.771, 2.956, 5.275, 7.521, 8.073, 7.418, 7.005, 6.903, 7.5, 7.727, 7.124, 5.434, 4.192, 3.793, 1.762, 2.127, 1.997, 2.521, 4.448, 5.392, 5.542, 7.074, 7.831, 7.333, 5.337, 3.204, 3.592, 3.526, 6.944, 10.473, 11.544, 13.014, 15.256, 16.117, 15.662, 14.409, 13.118, 12.528, 12.533, 13.208, 14.936, 17.689, 20.078, 21.954, 22.048, 21.083, 20.73, 20.777, 20.077, 19.272, 18.853, 18.516, 16.363, 12.333, 7.641, 7.093, 7.907, 5.771, 3.699, 3.356, 5.099, 6.15, 7.982, 7.651, 6.65, 7.642, 7.302, 4.291, 3.05, 3.75, 4.243, 4.06, 4.157, 4.07, 2.576, 2.139, 3.792, 3.592, 2.553, 3.079, 2.615, 3.444, 7.196, 11.659, 12.516, 11.309, 12.143, 15.642, 18.953, 19.157, 19.002, 19.255, 17.699, 16.573, 18.174, 19.058], [8.12, 11.056, 11.728, 13.526, 15.28, 15.98, 14.669, 13.119, 12.746, 12.548, 11.42, 9.951, 8.71, 8.644, 9.189, 7.003, 3.48, 0.0, 1.82, 1.693, 2.049, 2.682, 3.169, 4.742, 4.012, 1.788, 1.958, 2.231, 3.106, 4.278, 5.268, 3.847, 1.223, 1.861, 2.918, 3.409, 2.852, 3.588, 5.972, 8.027, 10.654, 13.188, 13.43, 12.609, 12.627, 12.077, 11.818, 12.076, 11.734, 9.578, 7.126, 5.903, 8.156, 10.768, 11.37, 10.69, 10.25, 10.215, 10.637, 11.124, 10.424, 8.558, 7.434, 7.09, 5.054, 3.562, 3.289, 5.343, 7.732, 8.773, 8.889, 10.499, 11.237, 10.732, 8.695, 6.39, 6.887, 6.899, 10.317, 13.854, 14.921, 16.432, 18.67, 19.539, 19.091, 17.831, 16.54, 15.969, 15.95, 16.607, 18.311, 21.069, 23.46, 25.376, 25.471, 24.507, 24.137, 24.15, 23.451, 22.646, 22.221, 21.897, 19.783, 15.681, 11.015, 10.467, 11.255, 8.842, 6.665, 6.438, 8.373, 9.569, 11.323, 10.995, 10.011, 11.019, 10.687, 7.651, 6.353, 7.115, 7.572, 7.421, 7.416, 6.675, 5.119, 5.163, 7.125, 6.924, 5.908, 6.385, 5.687, 6.37, 10.558, 14.902, 15.867, 14.676, 15.331, 19.107, 22.314, 22.531, 22.375, 22.658, 21.022, 19.949, 21.455, 22.153], [9.242, 12.283, 12.989, 14.616, 16.568, 17.267, 15.943, 14.425, 14.04, 13.845, 12.72, 11.252, 10.007, 9.92, 10.403, 8.256, 4.724, 1.82, 0.0, 1.369, 1.717, 1.653, 2.176, 3.439, 2.76, 1.962, 2.719, 3.401, 4.369, 5.578, 6.543, 5.117, 2.114, 2.543, 3.237, 3.998, 3.777, 4.744, 7.273, 9.148, 11.903, 14.433, 14.73, 13.909, 13.902, 13.377, 13.053, 13.355, 13.034, 10.874, 8.414, 7.203, 9.456, 12.068, 12.671, 11.984, 11.55, 11.515, 11.937, 12.399, 11.724, 9.812, 8.747, 8.361, 6.329, 4.827, 4.506, 6.644, 9.033, 10.07, 10.122, 11.75, 12.498, 11.975, 9.939, 7.679, 8.187, 8.199, 11.617, 15.151, 16.221, 17.707, 19.98, 20.814, 20.343, 19.106, 17.815, 17.121, 17.165, 17.787, 19.611, 22.371, 24.742, 26.646, 26.731, 25.773, 25.395, 25.45, 24.751, 23.946, 23.518, 23.194, 21.058, 16.981, 12.315, 11.767, 12.555, 10.142, 7.959, 7.572, 9.668, 10.75, 12.577, 12.291, 11.311, 12.325, 11.931, 8.909, 7.654, 8.416, 8.836, 8.65, 8.664, 7.975, 6.414, 6.463, 8.425, 8.224, 7.207, 7.304, 6.765, 7.536, 11.858, 15.985, 17.038, 15.851, 16.619, 20.263, 23.555, 23.777, 23.606, 23.888, 22.202, 21.047, 22.552, 23.025], [9.004, 11.999, 12.694, 14.382, 16.179, 16.887, 15.61, 14.111, 13.736, 13.541, 12.422, 10.954, 9.717, 9.579, 10.053, 7.957, 4.386, 1.693, 1.369, 0.0, 1.214, 1.822, 2.28, 3.847, 3.164, 1.927, 2.725, 3.262, 4.187, 5.322, 6.24, 4.908, 1.9, 2.16, 3.115, 3.786, 3.354, 4.412, 6.98, 8.773, 11.486, 14.085, 14.437, 13.633, 13.571, 13.097, 12.808, 13.07, 12.748, 10.597, 8.117, 6.907, 9.184, 11.81, 12.423, 11.737, 11.281, 11.229, 11.651, 12.064, 11.428, 9.514, 8.467, 8.034, 6.04, 4.554, 4.215, 6.347, 8.716, 9.765, 9.831, 11.413, 12.176, 11.632, 9.636, 7.412, 7.912, 7.903, 11.32, 14.843, 15.917, 17.359, 19.545, 20.483, 19.974, 18.758, 17.467, 16.803, 16.836, 17.527, 19.309, 22.053, 24.42, 26.288, 26.371, 25.401, 25.009, 25.147, 24.454, 23.649, 23.214, 22.87, 20.74, 16.697, 12.016, 11.47, 12.271, 9.896, 7.637, 7.288, 9.401, 10.452, 12.308, 12.016, 11.014, 12.011, 11.639, 8.601, 7.357, 8.119, 8.541, 8.393, 8.368, 7.678, 6.121, 6.181, 8.146, 7.934, 6.772, 7.022, 6.367, 7.364, 11.561, 15.79, 16.784, 15.595, 16.359, 19.915, 23.257, 23.487, 23.347, 23.625, 21.966, 20.721, 22.344, 22.972], [9.651, 12.7, 13.394, 15.101, 16.873, 17.517, 16.302, 14.801, 14.427, 14.231, 13.112, 11.645, 10.418, 10.28, 10.741, 8.631, 5.078, 2.049, 1.717, 1.214, 0.0, 1.717, 2.015, 3.299, 2.664, 1.703, 3.284, 3.869, 4.88, 6.032, 6.95, 5.584, 2.277, 2.478, 3.103, 3.923, 3.779, 4.977, 7.677, 9.344, 12.178, 14.762, 15.147, 14.343, 14.276, 13.808, 13.491, 13.78, 13.459, 11.307, 8.818, 7.617, 9.894, 12.521, 13.133, 12.448, 11.991, 11.939, 12.362, 12.708, 12.13, 10.188, 9.177, 8.673, 6.75, 5.26, 4.869, 7.048, 9.412, 10.456, 10.487, 12.109, 12.866, 12.302, 10.327, 8.122, 8.622, 8.604, 12.016, 15.534, 16.608, 17.99, 20.223, 21.184, 20.607, 19.388, 18.166, 17.443, 17.52, 18.194, 20.0, 22.744, 25.096, 26.969, 26.973, 26.029, 25.695, 25.838, 25.151, 24.35, 23.913, 23.57, 21.431, 17.407, 12.715, 12.171, 12.982, 10.598, 8.338, 7.917, 10.111, 11.115, 13.018, 12.726, 11.725, 12.702, 12.336, 9.291, 8.055, 8.825, 9.258, 9.063, 9.074, 8.386, 6.831, 6.891, 8.856, 8.644, 7.408, 7.667, 6.872, 8.001, 12.264, 16.435, 17.435, 16.232, 17.031, 20.523, 23.942, 24.156, 23.969, 24.275, 22.591, 21.258, 22.828, 23.546], [10.357, 13.407, 14.11, 15.718, 17.62, 18.247, 17.024, 15.515, 15.126, 14.931, 13.812, 12.344, 11.119, 11.018, 11.485, 9.38, 5.844, 2.682, 1.653, 1.822, 1.717, 0.0, 1.397, 2.647, 2.101, 2.078, 3.918, 4.649, 5.657, 6.76, 7.657, 6.34, 2.996, 3.236, 3.47, 4.497, 4.578, 5.811, 8.444, 10.091, 13.013, 15.486, 15.876, 15.063, 14.987, 14.506, 14.194, 14.484, 14.161, 12.026, 9.547, 8.329, 10.593, 13.237, 13.862, 13.18, 12.721, 12.643, 13.075, 13.409, 12.836, 10.973, 9.938, 9.392, 7.494, 6.025, 5.619, 7.749, 10.119, 11.155, 11.187, 12.824, 13.61, 13.093, 11.045, 8.85, 9.32, 9.305, 12.715, 16.236, 17.307, 18.68, 21.008, 21.885, 21.321, 20.084, 18.867, 18.142, 18.265, 18.893, 20.715, 23.456, 25.823, 27.704, 27.697, 26.762, 26.49, 26.556, 25.85, 25.051, 24.61, 24.288, 22.142, 18.106, 13.413, 12.886, 13.68, 11.366, 9.113, 8.641, 10.814, 11.834, 13.724, 13.443, 12.424, 13.415, 13.036, 10.01, 8.759, 9.538, 9.949, 9.762, 9.773, 9.084, 7.54, 7.597, 9.557, 9.343, 8.18, 8.247, 7.759, 8.748, 12.978, 17.049, 18.134, 16.937, 17.706, 21.273, 24.636, 24.851, 24.663, 24.941, 23.287, 21.914, 23.504, 24.041], [11.015, 14.077, 14.781, 16.444, 18.316, 19.032, 17.723, 16.223, 15.848, 15.653, 14.531, 13.063, 11.814, 11.683, 12.147, 10.038, 6.485, 3.169, 2.176, 2.28, 2.015, 1.397, 0.0, 1.97, 1.876, 2.53, 4.46, 5.158, 6.2, 7.389, 8.328, 6.929, 3.525, 3.735, 3.979, 4.975, 5.251, 6.383, 9.068, 10.8, 13.628, 16.218, 16.542, 15.721, 15.687, 15.189, 14.864, 15.158, 14.845, 12.685, 10.225, 9.015, 11.268, 13.879, 14.482, 13.795, 13.362, 13.327, 13.749, 14.184, 13.536, 11.597, 10.541, 10.146, 8.114, 6.629, 6.212, 8.455, 10.832, 11.877, 11.907, 13.526, 14.293, 13.742, 11.749, 9.491, 9.998, 10.011, 13.429, 16.958, 18.029, 19.492, 21.706, 22.599, 22.112, 20.891, 19.6, 18.906, 18.918, 19.599, 21.421, 24.17, 26.537, 28.417, 28.499, 27.54, 27.129, 27.259, 26.563, 25.757, 25.326, 24.983, 22.848, 18.793, 14.127, 13.578, 14.367, 11.954, 9.746, 9.255, 11.48, 12.512, 14.388, 14.102, 13.122, 14.123, 13.742, 10.71, 9.465, 10.227, 10.647, 10.462, 10.476, 9.787, 8.226, 8.274, 10.237, 10.035, 8.933, 9.035, 8.382, 9.349, 13.669, 17.746, 18.837, 17.619, 18.419, 21.956, 25.35, 25.565, 25.368, 25.663, 23.964, 22.699, 24.29, 24.81], [12.636, 15.709, 16.415, 18.016, 19.957, 20.674, 19.369, 17.851, 17.476, 17.281, 16.157, 14.688, 13.443, 13.315, 13.797, 11.662, 8.128, 4.742, 3.439, 3.847, 3.299, 2.647, 1.97, 0.0, 1.369, 3.632, 6.062, 6.747, 7.806, 9.015, 9.973, 8.554, 5.103, 5.307, 5.426, 6.453, 6.832, 8.004, 10.685, 12.48, 15.279, 17.863, 18.167, 17.346, 17.332, 16.814, 16.49, 16.784, 16.471, 14.311, 11.85, 10.64, 12.893, 15.505, 16.108, 15.42, 14.987, 14.952, 15.374, 15.829, 15.161, 13.242, 12.166, 11.791, 9.759, 8.254, 7.837, 10.081, 12.465, 13.506, 13.535, 15.175, 15.923, 15.364, 13.376, 11.116, 11.624, 11.636, 15.054, 18.586, 19.657, 21.137, 23.38, 24.244, 23.761, 22.536, 21.245, 20.551, 20.565, 21.224, 23.048, 25.802, 28.163, 30.06, 30.143, 29.185, 28.788, 28.887, 28.188, 27.383, 26.954, 26.614, 24.487, 20.418, 15.752, 15.204, 15.992, 13.579, 11.371, 10.913, 13.105, 14.157, 16.014, 15.728, 14.748, 15.751, 15.368, 12.335, 11.091, 11.853, 12.272, 12.087, 12.101, 11.412, 9.851, 9.9, 11.862, 11.661, 10.607, 10.537, 10.032, 10.973, 15.295, 19.363, 20.464, 19.261, 20.05, 23.628, 26.982, 27.197, 27.008, 27.276, 25.592, 24.324, 25.939, 26.365], [11.869, 14.96, 15.665, 17.272, 19.239, 19.942, 18.62, 17.104, 16.719, 16.523, 15.398, 13.93, 12.685, 12.593, 13.076, 10.937, 7.399, 4.012, 2.76, 3.164, 2.664, 2.101, 1.876, 1.369, 0.0, 2.889, 5.336, 6.03, 7.051, 8.257, 9.22, 7.796, 4.344, 4.548, 4.696, 5.707, 6.078, 7.246, 9.931, 11.747, 14.582, 17.11, 17.409, 16.588, 16.579, 16.056, 15.731, 16.031, 15.712, 13.552, 11.092, 9.882, 12.135, 14.747, 15.349, 14.662, 14.229, 14.194, 14.616, 15.076, 14.403, 12.489, 11.424, 11.038, 9.005, 7.496, 7.079, 9.322, 11.712, 12.748, 12.785, 14.426, 15.176, 14.649, 12.618, 10.358, 10.865, 10.878, 14.296, 17.829, 18.9, 20.384, 22.655, 23.491, 23.012, 21.783, 20.492, 19.798, 19.84, 20.466, 22.289, 25.049, 27.415, 29.318, 29.401, 28.444, 28.074, 28.129, 27.43, 26.625, 26.196, 25.871, 23.734, 19.66, 14.994, 14.445, 15.234, 12.821, 10.636, 10.188, 12.347, 13.425, 15.255, 14.969, 13.989, 15.002, 14.609, 11.583, 10.332, 11.094, 11.514, 11.329, 11.343, 10.654, 9.093, 9.142, 11.104, 10.903, 9.882, 9.828, 9.367, 10.215, 14.536, 18.602, 19.71, 18.515, 19.297, 22.903, 26.229, 26.444, 26.241, 26.515, 24.836, 23.579, 25.188, 25.614], [9.13, 12.134, 12.83, 14.57, 16.458, 17.147, 15.78, 14.237, 13.855, 13.656, 12.525, 11.057, 9.815, 9.809, 10.332, 8.157, 4.624, 1.788, 1.962, 1.927, 1.703, 2.078, 2.53, 3.632, 2.889, 0.0, 2.84, 3.433, 4.192, 5.383, 6.372, 4.922, 1.607, 1.955, 2.448, 3.084, 3.236, 4.374, 7.065, 9.143, 11.828, 14.288, 14.553, 13.714, 13.731, 13.182, 12.902, 13.233, 12.839, 10.72, 8.255, 7.008, 9.262, 11.873, 12.476, 11.794, 11.355, 11.32, 11.742, 12.263, 11.573, 9.64, 8.601, 8.189, 6.157, 4.623, 4.206, 6.449, 8.842, 9.878, 9.998, 11.605, 12.379, 11.905, 9.826, 7.501, 7.992, 8.005, 11.422, 14.965, 16.026, 17.554, 19.854, 20.681, 20.221, 18.935, 17.655, 17.087, 17.103, 17.695, 19.416, 22.186, 24.577, 26.491, 26.584, 25.66, 25.32, 25.284, 24.556, 23.751, 23.327, 23.013, 20.886, 16.786, 12.12, 11.572, 12.36, 9.947, 7.822, 7.575, 9.473, 10.712, 12.455, 12.096, 11.116, 12.137, 11.821, 8.8, 7.459, 8.221, 8.644, 8.512, 8.52, 7.8, 6.219, 6.268, 8.23, 8.029, 7.081, 7.42, 6.804, 7.341, 11.663, 15.899, 16.974, 15.798, 16.429, 20.244, 23.388, 23.612, 23.471, 23.728, 22.103, 21.072, 22.495, 23.026], [6.655, 9.676, 10.38, 12.043, 13.919, 14.63, 13.321, 11.818, 11.443, 11.247, 10.127, 8.659, 7.409, 7.283, 7.751, 5.755, 2.187, 1.958, 2.719, 2.725, 3.284, 3.918, 4.46, 6.062, 5.336, 2.84, 0.0, 1.673, 1.924, 3.008, 4.051, 2.707, 2.013, 2.414, 2.968, 3.569, 3.258, 3.57, 4.99, 6.472, 9.277, 11.809, 12.137, 11.317, 11.278, 10.785, 10.46, 10.766, 10.441, 8.281, 5.821, 4.64, 6.913, 9.475, 10.078, 9.391, 8.957, 8.922, 9.344, 9.775, 9.132, 7.242, 6.149, 5.742, 3.705, 3.085, 2.719, 4.118, 6.435, 7.472, 7.536, 9.129, 9.903, 9.384, 7.357, 5.129, 5.594, 5.607, 9.024, 12.553, 13.624, 15.083, 17.319, 18.19, 17.723, 16.482, 15.191, 14.526, 14.552, 15.208, 17.016, 19.768, 22.151, 24.022, 24.107, 23.15, 22.789, 22.858, 22.158, 21.353, 20.921, 20.591, 18.444, 14.388, 9.722, 9.174, 9.963, 7.549, 5.497, 5.037, 7.076, 8.12, 9.984, 9.698, 8.718, 9.718, 9.339, 6.314, 5.081, 5.823, 6.243, 6.058, 6.095, 5.571, 4.042, 3.926, 5.832, 5.65, 4.577, 4.724, 4.181, 4.992, 9.265, 13.383, 14.461, 13.255, 14.057, 17.602, 20.954, 21.166, 21.009, 21.271, 19.603, 18.35, 19.942, 20.492], [6.043, 8.998, 9.692, 11.452, 13.234, 13.939, 12.622, 11.113, 10.738, 10.542, 9.42, 7.951, 6.704, 6.583, 7.082, 5.005, 1.687, 2.231, 3.401, 3.262, 3.869, 4.649, 5.158, 6.747, 6.03, 3.433, 1.673, 0.0, 1.748, 2.413, 3.24, 2.302, 2.166, 2.331, 3.252, 3.057, 2.858, 3.035, 4.547, 5.889, 8.588, 11.129, 11.43, 10.609, 10.586, 10.077, 9.774, 10.053, 9.734, 7.574, 5.113, 4.095, 6.51, 8.789, 9.372, 8.716, 8.296, 8.228, 8.762, 9.083, 8.424, 6.547, 5.438, 5.044, 3.1, 2.345, 2.244, 3.561, 5.768, 6.767, 6.858, 8.431, 9.196, 8.673, 6.644, 4.379, 4.907, 4.899, 8.317, 11.848, 12.919, 14.39, 16.635, 17.498, 17.029, 15.79, 14.499, 13.87, 13.864, 14.54, 16.311, 19.064, 21.448, 23.332, 23.426, 22.459, 22.085, 22.15, 21.451, 20.646, 20.215, 19.885, 17.741, 13.681, 9.015, 8.467, 9.255, 6.904, 4.733, 4.318, 6.368, 7.467, 9.291, 8.99, 8.011, 9.013, 8.65, 5.625, 4.353, 5.115, 5.55, 5.383, 5.379, 4.987, 3.58, 3.241, 5.126, 4.924, 3.864, 4.248, 3.579, 4.389, 8.558, 12.833, 13.806, 12.61, 13.361, 16.98, 20.26, 20.492, 20.337, 20.619, 18.961, 17.799, 19.38, 20.105], [5.471, 8.248, 8.83, 10.877, 12.417, 13.08, 11.675, 10.147, 9.763, 9.482, 8.351, 6.91, 5.687, 5.93, 6.638, 4.72, 1.494, 3.106, 4.369, 4.187, 4.88, 5.657, 6.2, 7.806, 7.051, 4.192, 1.924, 1.748, 0.0, 1.373, 2.413, 1.603, 2.842, 2.834, 3.095, 3.1, 2.406, 2.317, 3.501, 5.382, 7.876, 10.286, 10.486, 9.54, 9.55, 9.088, 9.037, 9.261, 8.706, 6.777, 4.341, 2.939, 5.341, 7.699, 8.302, 7.617, 7.193, 7.146, 7.684, 8.198, 7.484, 5.608, 4.657, 4.215, 2.077, 1.521, 1.61, 2.529, 4.669, 5.701, 6.147, 7.653, 8.299, 7.879, 5.951, 3.497, 3.833, 3.956, 7.248, 10.803, 11.852, 13.418, 15.718, 16.545, 16.161, 14.773, 13.605, 13.172, 13.249, 13.848, 15.288, 18.05, 20.428, 22.324, 22.448, 21.541, 21.279, 21.166, 20.395, 19.577, 19.171, 18.869, 16.694, 12.612, 7.946, 7.417, 8.186, 5.847, 4.046, 3.815, 5.431, 6.803, 8.461, 8.049, 7.092, 8.032, 7.896, 4.833, 3.297, 4.047, 4.67, 4.639, 4.618, 3.955, 2.498, 2.157, 4.056, 3.86, 3.256, 3.784, 3.131, 3.857, 7.784, 12.307, 13.173, 12.016, 12.507, 16.404, 19.454, 19.658, 19.546, 19.853, 18.352, 17.329, 18.963, 19.874], [4.666, 7.175, 7.725, 9.76, 11.298, 11.961, 10.557, 8.987, 8.542, 8.29, 7.171, 5.704, 4.512, 5.097, 5.877, 4.027, 1.467, 4.278, 5.578, 5.322, 6.032, 6.76, 7.389, 9.015, 8.257, 5.383, 3.008, 2.413, 1.373, 0.0, 1.395, 1.237, 3.912, 3.718, 3.751, 3.126, 2.671, 2.127, 2.812, 4.379, 6.856, 9.215, 9.348, 8.331, 8.447, 7.876, 7.81, 8.101, 7.569, 5.594, 3.156, 1.865, 4.17, 6.49, 7.18, 6.594, 6.053, 5.949, 6.526, 7.093, 6.437, 4.719, 3.645, 3.377, 1.31, 1.449, 1.713, 1.84, 3.482, 4.519, 5.023, 6.518, 7.193, 6.765, 4.864, 2.579, 2.825, 2.776, 6.039, 9.603, 10.643, 12.323, 14.624, 15.451, 15.043, 13.662, 12.498, 12.058, 12.107, 12.67, 14.128, 16.843, 19.258, 21.226, 21.353, 20.443, 20.145, 20.04, 19.188, 18.368, 17.964, 17.718, 15.598, 11.403, 6.737, 6.208, 6.978, 4.793, 3.119, 2.93, 4.279, 5.695, 7.304, 6.794, 5.87, 6.878, 6.718, 3.792, 2.151, 2.926, 3.525, 3.532, 3.532, 3.122, 1.562, 1.183, 2.886, 2.745, 2.17, 2.757, 2.418, 3.173, 6.865, 11.245, 12.071, 11.051, 11.609, 15.305, 18.214, 18.439, 18.361, 18.602, 17.273, 16.332, 18.095, 19.142], [4.275, 6.428, 6.979, 8.888, 10.159, 10.858, 9.466, 7.968, 7.583, 7.343, 6.212, 4.764, 3.876, 4.557, 5.341, 3.59, 2.141, 5.268, 6.543, 6.24, 6.95, 7.657, 8.328, 9.973, 9.22, 6.372, 4.051, 3.24, 2.413, 1.395, 0.0, 1.793, 4.981, 4.81, 4.561, 3.599, 3.254, 2.458, 2.192, 3.632, 5.84, 8.109, 8.364, 7.439, 7.374, 6.992, 6.895, 7.139, 6.604, 4.646, 2.384, 1.401, 3.542, 5.7, 6.351, 5.769, 5.212, 5.129, 5.802, 6.032, 5.47, 3.836, 2.924, 2.867, 1.241, 2.238, 2.619, 2.276, 2.642, 3.697, 4.392, 5.547, 6.127, 5.854, 4.216, 2.231, 2.424, 1.958, 5.109, 8.664, 9.708, 11.218, 13.518, 14.346, 13.94, 12.563, 11.384, 11.034, 11.07, 11.658, 13.11, 15.885, 18.283, 20.133, 20.242, 19.335, 19.063, 19.007, 18.243, 17.438, 17.021, 16.712, 14.529, 10.473, 5.809, 5.267, 6.048, 4.154, 2.138, 2.015, 3.358, 4.563, 6.29, 5.906, 4.866, 5.862, 5.675, 3.148, 1.731, 2.214, 2.78, 2.669, 2.695, 2.379, 1.409, 1.074, 2.116, 1.77, 1.295, 2.106, 1.961, 2.779, 6.219, 10.71, 11.412, 10.397, 11.251, 14.537, 17.46, 17.6, 17.378, 17.651, 16.62, 15.63, 17.483, 18.596], [4.451, 7.316, 7.987, 9.897, 11.606, 12.298, 10.911, 9.352, 8.932, 8.734, 7.603, 6.134, 4.902, 5.056, 5.677, 3.699, 1.729, 3.847, 5.117, 4.908, 5.584, 6.34, 6.929, 8.554, 7.796, 4.922, 2.707, 2.302, 1.603, 1.237, 1.793, 0.0, 3.481, 3.315, 3.285, 2.344, 2.299, 1.997, 2.506, 4.445, 7.022, 9.492, 9.67, 8.792, 8.86, 8.26, 8.106, 8.402, 7.951, 5.892, 3.407, 2.121, 4.412, 6.951, 7.553, 6.922, 6.449, 6.398, 6.821, 7.413, 6.682, 4.868, 3.787, 3.357, 1.904, 1.92, 2.005, 2.09, 3.927, 4.963, 5.193, 6.794, 7.518, 7.073, 5.005, 2.654, 3.084, 3.105, 6.5, 10.051, 11.104, 12.687, 14.987, 15.815, 15.38, 14.064, 12.81, 12.353, 12.372, 12.95, 14.516, 17.282, 19.664, 21.631, 21.725, 20.802, 20.479, 20.404, 19.634, 18.829, 18.412, 18.109, 16.015, 11.864, 7.198, 6.65, 7.438, 5.038, 3.202, 2.949, 4.594, 5.986, 7.604, 7.183, 6.226, 7.258, 7.017, 3.985, 2.564, 3.298, 3.762, 3.769, 3.726, 3.072, 1.562, 1.427, 3.309, 3.131, 2.35, 2.805, 2.11, 2.801, 6.963, 11.21, 12.217, 11.068, 11.595, 15.526, 18.551, 18.768, 18.656, 18.935, 17.365, 16.364, 17.927, 18.776], [7.671, 10.738, 11.44, 13.158, 15.061, 15.75, 14.387, 12.816, 12.384, 12.188, 11.069, 9.586, 8.348, 8.414, 8.907, 6.732, 3.211, 1.223, 2.114, 1.9, 2.277, 2.996, 3.525, 5.103, 4.344, 1.607, 2.013, 2.166, 2.842, 3.912, 4.981, 3.481, 0.0, 1.106, 1.918, 2.538, 2.119, 2.996, 5.681, 7.715, 10.422, 12.894, 13.136, 12.244, 12.34, 11.733, 11.433, 11.8, 11.431, 9.276, 6.789, 5.547, 7.791, 10.402, 11.026, 10.403, 9.93, 9.849, 10.302, 10.866, 10.142, 8.271, 7.204, 6.799, 4.767, 3.162, 2.744, 4.978, 7.383, 8.419, 8.532, 10.204, 10.982, 10.499, 8.384, 6.016, 6.521, 6.569, 9.952, 13.5, 14.555, 16.156, 18.456, 19.284, 18.815, 17.544, 16.257, 15.687, 15.702, 16.275, 17.997, 20.726, 23.127, 25.099, 25.194, 24.261, 23.914, 23.873, 23.086, 22.28, 21.863, 21.588, 19.495, 15.315, 10.649, 10.101, 10.89, 8.477, 6.424, 6.149, 8.002, 9.312, 10.998, 10.625, 9.645, 10.71, 10.377, 7.372, 5.988, 6.75, 7.205, 7.1, 7.09, 6.369, 4.749, 4.797, 6.759, 6.603, 5.683, 6.008, 5.374, 5.893, 10.238, 14.425, 15.543, 14.389, 14.97, 18.829, 21.909, 22.142, 22.027, 22.255, 20.68, 19.619, 21.093, 21.648], [7.589, 10.583, 11.274, 13.105, 14.908, 15.593, 14.221, 12.65, 12.205, 12.008, 10.889, 9.382, 8.144, 8.301, 8.834, 6.696, 3.142, 1.861, 2.543, 2.16, 2.478, 3.236, 3.735, 5.307, 4.548, 1.955, 2.414, 2.331, 2.834, 3.718, 4.81, 3.315, 1.106, 0.0, 1.824, 2.092, 1.874, 2.729, 5.506, 7.659, 10.282, 12.776, 12.978, 12.04, 12.16, 11.553, 11.332, 11.685, 11.251, 9.144, 6.658, 5.366, 7.587, 10.198, 10.846, 10.223, 9.75, 9.646, 10.122, 10.708, 9.984, 8.117, 7.07, 6.639, 4.613, 2.967, 2.545, 4.774, 7.183, 8.219, 8.433, 10.056, 10.825, 10.364, 8.253, 5.875, 6.317, 6.394, 9.748, 13.319, 14.351, 15.999, 18.299, 19.126, 18.674, 17.364, 16.103, 15.595, 15.614, 16.192, 17.817, 20.528, 22.958, 24.933, 25.022, 24.111, 23.773, 23.715, 22.882, 22.076, 21.659, 21.411, 19.315, 15.121, 10.445, 9.897, 10.696, 8.303, 6.275, 6.089, 7.836, 9.228, 10.891, 10.421, 9.483, 10.542, 10.276, 7.264, 5.788, 6.548, 7.03, 7.011, 6.983, 6.221, 4.546, 4.593, 6.555, 6.423, 5.535, 5.996, 5.319, 5.779, 10.075, 14.387, 15.46, 14.307, 14.789, 18.758, 21.731, 21.99, 21.915, 22.114, 20.592, 19.586, 21.078, 21.763], [7.326, 10.329, 11.033, 12.666, 14.585, 15.285, 13.959, 12.465, 12.074, 11.878, 10.758, 9.29, 8.055, 7.991, 8.456, 6.618, 3.139, 2.918, 3.237, 3.115, 3.103, 3.47, 3.979, 5.426, 4.696, 2.448, 2.968, 3.252, 3.095, 3.751, 4.561, 3.285, 1.918, 1.824, 0.0, 1.519, 1.802, 2.672, 5.354, 7.102, 9.966, 12.437, 12.77, 11.953, 11.908, 11.417, 11.101, 11.422, 11.072, 8.921, 6.452, 5.241, 7.504, 10.13, 10.745, 10.062, 9.603, 9.553, 9.975, 10.403, 9.768, 7.877, 6.83, 6.438, 4.378, 3.092, 3.126, 4.944, 7.067, 8.103, 8.155, 9.764, 10.543, 10.058, 7.999, 5.733, 6.232, 6.238, 9.655, 13.184, 14.255, 15.711, 17.992, 18.819, 18.354, 17.11, 15.819, 15.158, 15.233, 15.837, 17.649, 20.405, 22.781, 24.656, 24.739, 23.79, 23.47, 23.489, 22.789, 21.984, 21.551, 21.239, 19.075, 15.019, 10.353, 9.805, 10.594, 8.248, 6.028, 5.565, 7.721, 8.784, 10.63, 10.336, 9.349, 10.365, 9.975, 6.953, 5.692, 6.454, 6.874, 6.689, 6.713, 6.013, 4.453, 4.501, 6.466, 6.262, 5.219, 5.313, 4.823, 5.723, 10.009, 13.986, 15.087, 13.909, 14.788, 18.267, 21.585, 21.805, 21.638, 21.881, 20.222, 18.986, 20.567, 21.124], [6.324, 9.325, 10.04, 11.718, 13.626, 14.325, 12.985, 11.415, 11.035, 10.838, 9.706, 8.238, 7.0, 7.018, 7.526, 5.666, 2.95, 3.409, 3.998, 3.786, 3.923, 4.497, 4.975, 6.453, 5.707, 3.084, 3.569, 3.057, 3.1, 3.126, 3.599, 2.344, 2.538, 2.092, 1.519, 0.0, 1.546, 2.059, 4.271, 6.262, 8.967, 11.479, 11.727, 10.896, 10.943, 10.364, 10.039, 10.357, 10.034, 7.868, 5.4, 4.19, 6.443, 9.054, 9.657, 9.005, 8.536, 8.502, 8.924, 9.442, 8.721, 6.852, 5.779, 5.467, 3.667, 2.806, 2.727, 4.115, 6.028, 7.064, 7.136, 8.803, 9.547, 9.042, 6.949, 4.677, 5.174, 5.186, 8.604, 12.145, 13.208, 14.747, 17.032, 17.86, 17.386, 16.147, 14.856, 14.19, 14.232, 14.826, 16.599, 19.367, 21.742, 23.692, 23.781, 22.83, 22.459, 22.453, 21.738, 20.932, 20.512, 20.183, 18.098, 13.968, 9.301, 8.753, 9.542, 7.129, 5.0, 4.679, 6.655, 7.82, 9.574, 9.277, 8.297, 9.313, 8.941, 5.931, 4.671, 5.402, 5.822, 5.668, 5.656, 4.962, 3.401, 3.506, 5.411, 5.21, 4.259, 4.521, 3.901, 4.737, 9.002, 13.024, 14.07, 12.921, 13.724, 17.362, 20.569, 20.799, 20.599, 20.904, 19.239, 18.171, 19.766, 20.44], [6.421, 9.116, 9.77, 11.735, 13.343, 14.025, 12.653, 11.152, 10.77, 10.506, 9.374, 7.922, 6.699, 6.892, 7.635, 5.691, 2.358, 2.852, 3.777, 3.354, 3.779, 4.578, 5.251, 6.832, 6.078, 3.236, 3.258, 2.858, 2.406, 2.671, 3.254, 2.299, 2.119, 1.874, 1.802, 1.546, 0.0, 1.379, 3.968, 6.171, 8.768, 11.229, 11.506, 10.593, 10.532, 10.063, 9.995, 10.265, 9.737, 7.776, 5.266, 3.873, 6.165, 8.77, 9.383, 8.697, 8.24, 8.188, 8.674, 9.162, 8.487, 6.52, 5.625, 5.108, 3.116, 2.074, 1.999, 3.67, 5.68, 6.716, 7.074, 8.537, 9.293, 8.849, 6.891, 4.659, 4.982, 4.93, 8.272, 11.827, 12.872, 14.369, 16.668, 17.517, 17.107, 15.719, 14.548, 14.082, 14.152, 14.776, 16.296, 19.053, 21.45, 23.297, 23.398, 22.49, 22.251, 22.178, 21.407, 20.6, 20.183, 19.88, 17.691, 13.657, 8.969, 8.438, 9.231, 6.897, 4.789, 4.659, 6.478, 7.751, 9.506, 9.012, 8.084, 9.036, 8.868, 5.885, 4.335, 5.11, 5.551, 5.599, 5.563, 4.751, 3.081, 3.177, 5.106, 4.894, 3.973, 4.612, 4.076, 4.9, 8.7, 13.21, 14.082, 12.957, 13.55, 17.266, 20.359, 20.594, 20.51, 20.781, 19.261, 18.159, 19.956, 20.871], [5.844, 8.263, 8.812, 10.858, 12.33, 12.979, 11.574, 10.001, 9.559, 9.32, 8.204, 6.718, 5.651, 6.222, 7.08, 5.172, 2.387, 3.588, 4.744, 4.412, 4.977, 5.811, 6.383, 8.004, 7.246, 4.374, 3.57, 3.035, 2.317, 2.127, 2.458, 1.997, 2.996, 2.729, 2.672, 2.059, 1.379, 0.0, 2.929, 5.365, 7.866, 10.248, 10.402, 9.408, 9.535, 9.021, 8.959, 9.202, 8.635, 6.695, 4.294, 2.797, 4.988, 7.593, 8.253, 7.632, 7.135, 7.004, 7.537, 8.163, 7.377, 5.507, 4.65, 4.539, 2.398, 1.434, 1.719, 3.25, 4.493, 5.534, 6.058, 7.603, 8.199, 7.788, 5.941, 3.591, 3.863, 3.831, 7.059, 10.634, 11.654, 13.383, 15.66, 16.474, 16.06, 14.709, 13.548, 13.168, 13.224, 13.781, 15.151, 17.855, 20.287, 22.253, 22.372, 21.464, 21.183, 21.061, 20.2, 19.399, 18.966, 18.739, 16.628, 12.492, 7.749, 7.233, 8.067, 5.726, 3.823, 3.783, 5.299, 6.784, 8.377, 7.