[[0.0, 1.436, 2.709, 3.16, 2.772, 2.612, 5.364, 5.968, 5.358, 5.442, 6.348, 7.243, 7.151, 6.048, 4.38, 4.298, 4.688, 5.289, 4.154, 3.529, 3.102, 3.812, 2.83, 2.65, 3.302, 4.058, 5.138, 5.936, 4.985, 3.823, 4.032, 6.406, 8.159, 3.491, 5.961, 8.351, 7.951, 7.402, 7.712, 7.122, 4.957, 4.18, 3.288, 2.113, 2.593, 1.721, 2.333, 3.45, 2.865, 2.286, 2.764, 4.847, 4.963, 4.883, 8.68, 14.015, 14.853, 14.825, 16.118, 15.797, 14.835, 15.382, 16.375, 16.908, 17.905, 18.523, 17.194, 15.996, 14.89, 13.896, 13.841, 12.59, 9.624, 8.905, 10.144, 8.638, 8.574, 10.908, 9.878, 4.793, 3.258, 7.075, 8.874, 7.32, 8.186, 8.558, 8.418, 7.91, 7.502, 8.027, 7.01, 6.791, 7.832, 6.913, 4.255, 5.033, 5.476, 5.414, 7.588, 8.317, 8.392, 7.913, 5.627, 5.19, 5.079, 4.566, 5.997, 7.069], [1.436, 0.0, 1.762, 2.376, 1.89, 3.027, 6.378, 7.029, 6.34, 6.464, 7.433, 8.371, 8.285, 7.124, 5.068, 4.59, 5.311, 6.079, 4.532, 3.907, 3.859, 4.209, 2.512, 1.781, 3.175, 3.539, 4.422, 4.908, 4.018, 3.321, 3.348, 5.435, 7.158, 3.215, 7.007, 9.451, 9.06, 8.499, 8.773, 8.19, 5.997, 5.099, 4.037, 2.715, 2.987, 2.212, 2.41, 2.981, 2.542, 2.096, 2.132, 3.966, 4.528, 4.325, 7.699, 12.911, 13.929, 13.801, 15.064, 14.701, 13.746, 14.254, 15.289, 15.796, 16.809, 17.437, 16.109, 14.924, 13.826, 12.866, 12.735, 11.695, 8.748, 7.965, 9.243, 7.705, 7.587, 9.818, 8.803, 3.745, 3.691, 8.243, 9.977, 8.456, 9.404, 9.793, 9.678, 9.136, 8.676, 9.185, 8.223, 7.931, 8.923, 7.962, 4.829, 5.652, 6.493, 6.337, 8.583, 9.389, 9.442, 8.911, 6.189, 5.483, 5.188, 4.965, 6.852, 7.827], [2.709, 1.762, 0.0, 1.401, 1.088, 4.051, 7.591, 8.092, 7.422, 7.548, 8.54, 9.585, 9.48, 8.351, 6.282, 5.482, 6.331, 7.23, 5.563, 4.777, 4.888, 5.076, 2.64, 1.667, 4.138, 3.043, 3.587, 4.043, 3.266, 2.826, 2.778, 4.307, 5.817, 3.447, 8.292, 10.64, 10.249, 9.729, 9.994, 9.415, 7.285, 6.189, 5.024, 3.797, 4.086, 3.213, 3.359, 3.572, 2.842, 2.746, 1.845, 2.987, 3.805, 3.62, 6.505, 11.65, 12.568, 12.572, 13.959, 13.424, 12.333, 13.086, 14.07, 14.553, 15.632, 16.265, 15.022, 13.817, 12.726, 11.682, 11.635, 10.197, 7.575, 6.85, 7.779, 6.309, 6.282, 8.597, 7.735, 2.819, 4.502, 9.486, 11.237, 9.735, 10.681, 11.076, 10.784, 10.32, 9.984, 10.37, 9.471, 9.201, 10.155, 9.194, 5.893, 6.804, 7.63, 7.534, 9.808, 10.568, 10.637, 10.104, 7.214, 6.466, 5.976, 5.888, 8.036, 9.041], [3.16, 2.376, 1.401, 0.0, 1.583, 4.561, 7.972, 8.662, 7.926, 8.13, 9.114, 10.048, 9.968, 8.69, 6.46, 5.723, 6.686, 7.441, 5.554, 5.115, 5.203, 5.484, 3.142, 1.931, 4.249, 3.011, 3.029, 3.678, 3.065, 2.94, 2.763, 3.772, 5.599, 3.555, 8.682, 10.894, 10.557, 9.987, 10.244, 9.773, 7.589, 6.673, 5.613, 4.498, 4.744, 3.908, 3.912, 4.158, 3.521, 3.343, 2.396, 2.454, 3.335, 3.188, 5.772, 11.294, 12.259, 12.267, 13.575, 13.044, 12.086, 12.81, 13.835, 14.369, 15.357, 15.987, 14.655, 13.382, 12.313, 11.282, 11.249, 10.001, 6.807, 6.388, 7.539, 6.053, 6.083, 8.335, 7.347, 3.031, 5.096, 9.969, 11.561, 10.148, 11.046, 11.416, 11.282, 10.847, 10.361, 10.856, 9.984, 9.493, 10.501, 9.658, 6.195, 7.1, 8.027, 7.951, 9.989, 10.78, 10.827, 10.208, 7.398, 6.7, 6.201, 5.883, 8.068, 9.076], [2.772, 1.89, 1.088, 1.583, 0.0, 4.205, 7.778, 8.283, 7.638, 7.78, 8.732, 9.624, 9.514, 8.477, 6.427, 5.646, 6.514, 7.371, 5.728, 4.938, 5.008, 5.253, 2.847, 1.847, 4.256, 2.993, 3.487, 4.044, 3.298, 2.787, 2.673, 4.294, 5.69, 3.618, 8.429, 10.82, 10.422, 9.881, 10.157, 9.579, 7.379, 6.373, 5.246, 3.666, 3.825, 3.191, 3.05, 3.194, 2.716, 2.714, 1.7, 3.002, 3.589, 3.341, 6.613, 11.555, 12.432, 12.316, 13.69, 13.274, 12.22, 12.913, 13.851, 14.383, 15.425, 16.042, 14.745, 13.61, 12.484, 11.549, 11.428, 10.013, 7.731, 7.005, 7.73, 6.227, 6.101, 8.428, 7.457, 2.717, 4.483, 9.568, 11.411, 9.762, 10.755, 11.131, 10.935, 10.368, 10.061, 10.405, 9.517, 9.302, 10.31, 9.271, 6.019, 6.928, 7.821, 7.676, 9.988, 10.758, 10.784, 10.251, 7.314, 6.511, 6.083, 6.013, 8.112, 9.125], [2.612, 3.027, 4.051, 4.561, 4.205, 0.0, 3.685, 4.201, 3.565, 3.703, 4.802, 5.715, 5.622, 4.472, 2.954, 2.506, 2.672, 3.387, 2.03, 1.934, 2.096, 1.955, 3.133, 3.59, 2.74, 4.158, 6.085, 7.434, 6.314, 4.53, 4.756, 7.95, 9.757, 2.928, 4.321, 6.681, 6.301, 5.765, 6.055, 5.445, 3.637, 2.766, 2.307, 2.704, 3.478, 2.759, 4.02, 4.257, 3.42, 2.207, 3.633, 5.776, 5.36, 5.241, 9.662, 15.43, 16.443, 16.462, 17.835, 17.174, 16.019, 16.922, 17.933, 18.48, 19.559, 20.188, 18.897, 17.692, 16.606, 15.572, 15.512, 14.023, 11.083, 10.362, 11.616, 10.212, 10.238, 12.55, 11.611, 6.283, 5.39, 5.721, 7.409, 5.797, 6.96, 7.314, 7.111, 6.828, 6.217, 6.516, 5.917, 5.299, 6.193, 5.244, 3.027, 3.093, 3.778, 3.609, 5.894, 6.606, 6.65, 6.167, 3.777, 3.584, 3.334, 3.291, 4.514, 5.108], [5.364, 6.378, 7.591, 7.972, 7.778, 3.685, 0.0, 1.996, 1.886, 1.931, 3.245, 3.595, 3.156, 2.426, 2.851, 3.18, 2.198, 1.988, 2.906, 3.676, 3.76, 3.187, 6.327, 6.767, 4.511, 6.173, 9.36, 10.943, 9.724, 7.877, 8.041, 11.482, 13.313, 5.414, 1.413, 3.157, 2.917, 2.517, 3.022, 2.474, 1.931, 2.183, 3.191, 5.483, 6.187, 5.694, 7.214, 7.813, 7.003, 5.683, 6.914, 9.101, 7.481, 7.214, 12.88, 18.95, 19.977, 20.027, 21.348, 20.586, 19.476, 20.455, 21.511, 22.066, 23.12, 23.748, 22.426, 21.209, 20.12, 19.072, 19.042, 17.544, 14.546, 13.865, 15.165, 13.772, 13.795, 16.114, 15.12, 9.84, 7.086, 3.734, 4.075, 2.415, 4.117, 4.266, 4.308, 4.512, 3.504, 3.371, 3.218, 2.199, 2.982, 2.749, 3.37, 2.517, 1.542, 1.669, 2.732, 3.28, 3.112, 2.703, 3.343, 4.274, 4.075, 4.21, 4.035, 4.216], [5.968, 7.029, 8.092, 8.662, 8.283, 4.201, 1.996, 0.0, 1.418, 1.775, 2.289, 2.766, 2.321, 1.759, 3.168, 3.863, 3.398, 3.362, 3.504, 4.091, 4.233, 3.422, 6.828, 7.229, 4.965, 6.46, 10.02, 11.594, 10.335, 8.499, 8.683, 12.069, 13.811, 5.926, 1.644, 3.129, 3.161, 2.718, 3.241, 2.961, 2.629, 3.106, 3.626, 6.126, 6.799, 6.212, 7.82, 8.375, 7.455, 6.316, 7.459, 9.651, 8.058, 7.886, 13.373, 19.547, 20.604, 20.568, 21.962, 21.242, 20.036, 21.071, 22.037, 22.54, 23.629, 24.265, 23.02, 21.849, 20.746, 19.741, 19.647, 18.05, 15.22, 14.519, 15.676, 14.264, 14.282, 16.611, 15.732, 10.295, 7.275, 3.77, 3.917, 3.149, 4.376, 4.301, 4.159, 4.561, 3.868, 3.107, 3.402, 2.771, 3.203, 2.829, 3.536, 3.328, 2.35, 2.093, 3.684, 3.918, 3.639, 3.121, 4.237, 4.463, 4.328, 4.46, 4.583, 5.215], [5.358, 6.34, 7.422, 7.926, 7.638, 3.565, 1.886, 1.418, 0.0, 1.381, 2.095, 2.951, 2.686, 2.328, 3.359, 3.824, 3.214, 3.378, 3.236, 3.313, 3.551, 3.157, 5.917, 6.51, 4.443, 6.002, 9.319, 10.881, 9.655, 7.807, 7.948, 11.393, 13.068, 5.24, 2.126, 3.956, 3.881, 3.416, 3.971, 3.626, 2.895, 3.0, 3.434, 5.56, 6.161, 5.54, 7.145, 7.632, 6.701, 5.616, 6.764, 8.948, 7.517, 7.271, 12.681, 18.826, 19.906, 19.86, 21.285, 20.5, 19.297, 20.388, 21.295, 21.86, 22.923, 23.556, 22.334, 21.155, 20.067, 19.029, 18.926, 17.371, 14.488, 13.812, 14.882, 13.468, 13.533, 15.88, 15.036, 9.456, 6.789, 3.822, 4.668, 3.531, 4.912, 4.796, 4.524, 4.823, 4.147, 3.819, 3.941, 3.292, 3.901, 3.51, 3.751, 3.555, 2.53, 2.418, 4.047, 4.541, 4.16, 3.696, 4.53, 4.776, 4.654, 4.569, 4.876, 5.428], [5.442, 6.464, 7.548, 8.13, 7.78, 3.703, 1.931, 1.775, 1.381, 0.0, 2.033, 3.045, 2.685, 1.909, 3.285, 3.621, 3.013, 3.501, 3.484, 3.512, 3.523, 3.355, 6.048, 6.664, 4.793, 6.425, 9.501, 11.07, 9.83, 7.981, 8.165, 11.564, 13.251, 5.45, 1.792, 3.6, 3.323, 3.023, 3.337, 3.089, 2.661, 2.829, 3.274, 5.593, 6.271, 5.693, 7.312, 7.799, 6.863, 5.792, 6.934, 9.117, 7.789, 7.509, 12.822, 19.01, 20.08, 20.031, 21.457, 20.718, 19.503, 20.561, 21.468, 22.036, 23.094, 23.727, 22.506, 21.329, 20.242, 19.216, 19.099, 17.542, 14.696, 13.995, 15.053, 13.632, 13.696, 16.052, 15.208, 9.62, 6.763, 3.585, 4.794, 3.176, 4.637, 4.766, 4.556, 4.589, 3.802, 3.884, 3.624, 2.934, 3.332, 2.988, 3.686, 3.472, 2.595, 2.325, 3.695, 4.2, 3.934, 3.698, 4.352, 4.61, 4.424, 4.586, 4.668, 5.326], [6.348, 7.433, 8.54, 9.114, 8.732, 4.802, 3.245, 2.289, 2.095, 2.033, 0.0, 1.816, 1.646, 1.94, 4.502, 4.965, 4.779, 4.954, 4.621, 4.537, 4.705, 4.163, 7.069, 7.681, 5.529, 7.223, 10.485, 12.062, 10.795, 8.965, 9.159, 12.517, 14.163, 6.391, 2.97, 3.261, 3.395, 2.769, 3.408, 3.948, 3.888, 4.22, 4.412, 6.491, 7.217, 6.646, 8.255, 8.689, 7.76, 6.811, 7.897, 10.044, 8.661, 8.355, 13.861, 20.034, 21.071, 20.937, 22.402, 21.713, 20.52, 21.539, 22.427, 22.992, 24.024, 24.639, 23.441, 22.314, 21.198, 20.208, 20.089, 18.494, 15.689, 14.988, 15.95, 14.52, 14.581, 17.029, 16.133, 10.51, 7.589, 2.959, 3.873, 3.0, 3.911, 3.801, 3.469, 3.79, 3.364, 2.922, 3.259, 2.794, 3.673, 3.975, 4.86, 5.07, 4.004, 3.648, 5.214, 5.466, 5.05, 4.984, 5.939, 5.882, 5.859, 5.677, 6.187, 6.937], [7.243, 8.371, 9.585, 10.048, 9.624, 5.715, 3.595, 2.766, 2.951, 3.045, 1.816, 0.0, 1.092, 2.086, 4.682, 5.701, 5.185, 4.959, 5.148, 5.528, 5.362, 5.123, 8.235, 8.878, 6.475, 8.206, 11.403, 12.987, 11.727, 9.915, 10.171, 13.459, 15.138, 7.569, 3.188, 3.286, 3.322, 2.889, 3.041, 3.65, 3.999, 4.901, 5.368, 7.334, 8.079, 7.578, 9.122, 9.565, 8.775, 7.736, 8.879, 11.043, 8.875, 9.08, 15.07, 21.104, 21.981, 21.832, 23.284, 22.785, 21.611, 22.482, 23.391, 23.976, 24.959, 25.552, 24.307, 23.207, 22.075, 21.107, 20.998, 19.423, 16.623, 15.913, 16.972, 15.53, 15.542, 17.976, 16.998, 11.619, 8.489, 2.852, 3.38, 2.849, 3.42, 3.404, 2.901, 3.359, 3.139, 2.723, 3.287, 2.919, 3.509, 3.746, 5.108, 5.077, 4.065, 3.671, 4.941, 5.177, 4.741, 4.709, 5.639, 5.925, 5.875, 5.784, 6.11, 6.674], [7.151, 8.285, 9.48, 9.968, 9.514, 5.622, 3.156, 2.321, 2.686, 2.685, 1.646, 1.092, 0.0, 2.151, 4.657, 5.319, 4.869, 4.825, 4.945, 5.449, 5.44, 4.952, 8.136, 8.718, 6.417, 8.105, 11.295, 12.88, 11.642, 9.81, 10.069, 13.344, 15.047, 7.439, 2.798, 2.926, 2.991, 2.514, 3.032, 3.525, 3.772, 4.433, 5.055, 7.245, 7.98, 7.467, 9.02, 9.491, 8.699, 7.646, 8.75, 10.894, 9.206, 8.989, 14.913, 21.005, 21.882, 21.727, 23.177, 22.651, 21.501, 22.372, 23.274, 23.868, 24.845, 25.456, 24.205, 23.105, 21.977, 21.014, 20.906, 19.299, 16.541, 15.828, 16.886, 15.438, 15.464, 17.866, 16.897, 11.519, 8.39, 2.433, 2.902, 2.456, 3.085, 3.017, 2.579, 3.001, 2.694, 2.173, 2.81, 2.514, 3.46, 3.702, 5.055, 4.905, 3.82, 3.552, 4.985, 5.144, 4.771, 4.638, 5.695, 6.01, 5.949, 6.013, 6.113, 6.738], [6.048, 7.124, 8.351, 8.69, 8.477, 4.472, 2.426, 1.759, 2.328, 1.909, 1.94, 2.086, 2.151, 0.0, 2.848, 3.993, 3.834, 3.56, 3.723, 4.181, 4.031, 3.624, 7.022, 7.388, 4.883, 6.643, 10.132, 11.681, 10.509, 8.635, 8.812, 12.268, 14.056, 6.041, 1.723, 2.89, 2.546, 2.299, 2.386, 2.385, 2.89, 3.548, 4.12, 6.14, 6.918, 6.456, 7.98, 8.547, 7.731, 6.477, 7.652, 9.843, 7.757, 7.902, 13.462, 19.659, 20.73, 20.783, 22.123, 21.3, 20.183, 21.215, 22.26, 22.806, 23.883, 24.509, 23.185, 21.988, 20.892, 19.828, 19.79, 18.282, 15.283, 14.641, 15.921, 14.511, 14.533, 16.869, 15.897, 10.579, 7.274, 3.709, 3.931, 2.85, 4.172, 4.299, 4.416, 4.789, 3.773, 3.338, 3.394, 2.479, 2.42, 2.622, 3.501, 3.569, 2.764, 2.202, 3.465, 3.797, 3.496, 3.355, 4.297, 4.328, 4.205, 4.112, 4.442, 5.146], [4.38, 5.068, 6.282, 6.46, 6.427, 2.954, 2.851, 3.168, 3.359, 3.285, 4.502, 4.682, 4.657, 2.848, 0.0, 1.539, 1.979, 2.239, 1.82, 2.115, 1.986, 1.699, 4.94, 5.209, 2.551, 4.467, 7.981, 9.566, 8.325, 6.494, 6.664, 10.096, 11.972, 3.878, 2.778, 4.808, 4.463, 4.227, 3.959, 3.504, 2.471, 2.059, 2.245, 4.136, 4.984, 4.393, 5.832, 6.478, 5.646, 4.31, 5.54, 7.734, 5.568, 5.78, 11.246, 17.474, 18.623, 18.701, 19.98, 19.112, 18.006, 19.092, 20.169, 20.702, 21.793, 22.423, 21.09, 19.814, 18.748, 17.685, 17.684, 16.187, 13.071, 12.501, 13.841, 12.448, 12.47, 14.769, 13.782, 8.515, 6.781, 6.187, 6.284, 4.814, 6.503, 6.703, 6.901, 7.241, 6.092, 5.744, 5.678, 4.362, 4.219, 3.518, 1.213, 1.559, 2.459, 1.925, 3.574, 4.364, 4.425, 3.878, 2.354, 1.993, 1.876, 1.663, 2.259, 3.255], [4.298, 4.59, 5.482, 5.723, 5.646, 2.506, 3.18, 3.863, 3.824, 3.621, 4.965, 5.701, 5.319, 3.993, 1.539, 0.0, 1.863, 2.335, 1.627, 1.626, 2.089, 1.34, 4.133, 4.344, 2.214, 3.679, 7.171, 8.716, 7.526, 5.651, 5.821, 9.282, 11.108, 2.967, 3.517, 5.548, 5.297, 4.947, 4.87, 4.503, 2.736, 2.109, 2.197, 3.926, 4.832, 4.124, 5.326, 5.63, 4.799, 3.492, 4.669, 6.871, 5.204, 5.019, 10.338, 16.614, 17.771, 17.843, 19.171, 18.302, 17.13, 18.244, 19.302, 19.858, 20.94, 21.569, 20.233, 19.023, 17.938, 16.863, 16.832, 15.336, 12.309, 11.674, 12.985, 11.591, 11.607, 13.913, 12.947, 7.668, 6.998, 6.592, 7.006, 5.325, 7.016, 7.265, 7.355, 7.508, 6.41, 6.363, 6.214, 4.909, 5.291, 4.525, 1.774, 1.935, 3.184, 2.815, 4.532, 5.309, 5.36, 4.73, 2.576, 1.878, 1.459, 1.713, 2.678, 3.604], [4.688, 5.311, 6.331, 6.686, 6.514, 2.672, 2.198, 3.398, 3.214, 3.013, 4.779, 5.185, 4.869, 3.834, 1.979, 1.863, 0.0, 1.639, 2.03, 2.426, 2.554, 2.168, 4.963, 5.281, 3.436, 5.011, 8.125, 9.596, 8.408, 6.531, 6.721, 10.166, 11.96, 4.004, 2.793, 4.614, 4.294, 4.056, 4.09, 3.413, 2.525, 1.635, 2.343, 4.439, 5.309, 4.432, 5.954, 6.482, 5.636, 4.39, 5.549, 7.853, 6.497, 6.185, 11.276, 17.508, 18.653, 18.68, 20.055, 19.203, 17.986, 19.124, 20.152, 20.689, 21.777, 22.406, 21.12, 19.904, 18.82, 17.743, 17.72, 16.168, 13.191, 12.554, 13.823, 12.429, 12.459, 14.757, 13.835, 8.5, 7.187, 5.247, 5.992, 4.278, 5.804, 6.115, 6.153, 5.99, 5.064, 5.166, 4.789, 3.906, 4.28, 3.782, 2.299, 1.606, 2.296, 2.461, 3.601, 4.369, 4.419, 3.84, 2.29, 2.926, 2.644, 2.852, 2.99, 3.226], [5.289, 6.079, 7.23, 7.441, 7.371, 3.387, 1.988, 3.362, 3.378, 3.501, 4.954, 4.959, 4.825, 3.56, 2.239, 2.335, 1.639, 0.0, 2.199, 2.995, 3.079, 2.552, 5.811, 6.117, 3.565, 5.364, 8.858, 10.41, 9.213, 7.337, 7.507, 10.968, 12.806, 4.766, 2.694, 3.979, 3.736, 3.522, 3.708, 2.995, 2.477, 2.485, 3.233, 5.317, 6.256, 5.46, 6.816, 7.334, 6.512, 5.2, 6.401, 8.574, 6.49, 6.673, 12.163, 18.3, 19.466, 19.541, 20.857, 19.989, 18.839, 19.936, 21.005, 21.56, 22.634, 23.269, 21.928, 20.709, 19.624, 18.549, 18.519, 17.043, 13.996, 13.36, 14.687, 13.296, 13.309, 15.602, 14.633, 9.379, 7.785, 5.505, 5.142, 3.644, 5.529, 5.739, 5.829, 6.168, 5.225, 4.733, 4.732, 3.534, 3.807, 3.621, 2.577, 1.724, 2.14, 2.249, 3.083, 3.526, 3.556, 2.921, 2.299, 3.007, 2.77, 2.842, 3.028, 2.912], [4.154, 4.532, 5.563, 5.554, 5.728, 2.03, 2.906, 3.504, 3.236, 3.484, 4.621, 5.148, 4.945, 3.723, 1.82, 1.627, 2.03, 2.199, 0.0, 1.945, 2.469, 1.469, 4.246, 4.686, 2.557, 4.017, 7.186, 8.578, 7.334, 5.541, 5.797, 9.105, 11.0, 3.394, 3.419, 5.507, 5.271, 4.68, 4.847, 4.399, 3.053, 2.344, 2.347, 3.791, 4.705, 3.975, 5.158, 5.545, 4.782, 3.446, 4.914, 6.947, 5.476, 5.29, 10.762, 16.514, 17.649, 17.709, 18.999, 18.286, 17.254, 18.148, 19.182, 19.721, 20.797, 21.432, 20.099, 18.823, 17.757, 16.711, 16.69, 15.375, 12.127, 11.529, 12.936, 11.5, 11.475, 13.776, 12.788, 7.532, 6.74, 5.903, 6.421, 5.082, 6.276, 6.54, 6.562, 6.824, 5.755, 5.852, 5.484, 4.368, 5.098, 4.476, 2.195, 2.039, 2.779, 2.787, 4.546, 5.369, 5.383, 4.742, 2.724, 2.596, 2.36, 2.089, 3.206, 3.847], [3.529, 3.907, 4.777, 5.115, 4.938, 1.934, 3.676, 4.091, 3.313, 3.512, 4.537, 5.528, 5.449, 4.181, 2.115, 1.626, 2.426, 2.995, 1.945, 0.0, 1.031, 1.115, 3.045, 3.57, 1.964, 3.147, 6.353, 7.912, 6.687, 4.899, 4.995, 8.418, 10.093, 2.283, 4.049, 6.457, 6.1, 5.772, 5.752, 5.235, 3.274, 2.552, 1.9, 3.247, 3.961, 3.217, 4.437, 4.729, 3.917, 2.91, 3.844, 5.973, 4.413, 4.359, 9.686, 15.874, 16.933, 16.884, 18.31, 17.56, 16.362, 17.413, 18.32, 18.885, 19.948, 20.583, 19.359, 18.182, 17.091, 16.058, 15.957, 14.396, 11.531, 10.844, 11.967, 10.542, 10.56, 12.906, 12.061, 6.603, 6.132, 6.62, 7.636, 5.756, 7.527, 7.711, 7.577, 7.728, 6.847, 6.808, 6.621, 5.564, 5.974, 4.961, 1.748, 2.48, 3.665, 3.277, 5.47, 6.279, 6.313, 5.674, 2.994, 2.312, 2.088, 1.982, 3.464, 4.526], [3.102, 3.859, 4.888, 5.203, 5.008, 2.096, 3.76, 4.233, 3.551, 3.523, 4.705, 5.362, 5.44, 4.031, 1.986, 2.089, 2.554, 3.079, 2.469, 1.031, 0.0, 1.649, 3.253, 3.66, 2.061, 3.622, 6.425, 8.003, 6.765, 4.972, 5.154, 8.481, 10.252, 2.614, 4.17, 6.513, 5.997, 5.831, 5.631, 5.065, 3.339, 2.655, 2.214, 3.056, 3.745, 2.955, 4.405, 4.85, 4.077, 3.027, 3.915, 6.058, 4.458, 4.759, 9.806, 15.96, 17.012, 16.976, 18.371, 17.671, 16.448, 17.479, 18.449, 18.98, 20.053, 20.682, 19.432, 18.255, 17.157, 16.148, 16.056, 14.462, 11.63, 10.928, 12.1, 10.702, 10.726, 13.048, 12.143, 6.765, 5.669, 6.517, 7.687, 5.764, 7.607, 7.854, 7.742, 7.707, 6.877, 6.914, 6.733, 5.613, 5.84, 4.812, 1.881, 2.687, 3.718, 3.15, 5.281, 6.101, 6.14, 5.507, 3.005, 2.527, 2.469, 2.069, 3.405, 4.543], [3.812, 4.209, 5.076, 5.484, 5.253, 1.955, 3.187, 3.422, 3.157, 3.355, 4.163, 5.123, 4.952, 3.624, 1.699, 1.34, 2.168, 2.552, 1.469, 1.115, 1.649, 0.0, 3.598, 4.015, 2.243, 3.28, 6.818, 8.395, 7.13, 5.319, 5.487, 8.875, 10.616, 2.742, 3.57, 5.937, 5.568, 5.141, 5.241, 4.667, 2.899, 2.2, 1.9, 3.513, 4.289, 3.512, 4.897, 5.225, 4.336, 3.174, 4.267, 6.44, 4.873, 4.611, 10.214, 16.348, 17.404, 17.372, 18.764, 18.065, 16.841, 17.872, 18.841, 19.34, 20.437, 21.068, 19.821, 18.647, 17.538, 16.541, 16.459, 14.856, 12.023, 11.321, 12.48, 11.067, 11.085, 13.421, 12.535, 7.115, 6.493, 6.308, 6.99, 5.302, 6.842, 7.098, 6.967, 7.357, 6.358, 6.151, 6.03, 4.897, 5.45, 4.398, 1.675, 2.037, 3.109, 2.753, 4.993, 5.792, 5.834, 5.243, 2.682, 2.175, 2.009, 1.942, 3.305, 4.153], [2.83, 2.512, 2.64, 3.142, 2.847, 3.133, 6.327, 6.828, 5.917, 6.048, 7.069, 8.235, 8.136, 7.022, 4.94, 4.133, 4.963, 5.811, 4.246, 3.045, 3.253, 3.598, 0.0, 1.873, 2.899, 2.374, 3.893, 5.126, 3.944, 2.481, 2.776, 5.689, 7.24, 1.588, 6.987, 9.403, 8.994, 8.6, 8.696, 8.131, 6.045, 4.961, 3.832, 3.279, 3.597, 2.579, 3.478, 2.925, 2.389, 2.382, 1.684, 3.622, 3.206, 3.127, 7.495, 13.144, 14.045, 13.993, 15.419, 14.883, 13.775, 14.558, 15.445, 16.023, 17.071, 17.731, 16.504, 15.299, 14.2, 13.181, 13.072, 11.558, 8.795, 8.049, 9.016, 7.601, 7.679, 10.04, 9.172, 3.637, 5.5, 8.474, 10.115, 8.399, 9.722, 9.939, 9.611, 9.334, 8.854, 9.11, 8.547, 8.065, 8.886, 7.852, 4.299, 5.386, 6.268, 6.208, 8.463, 9.281, 9.318, 8.653, 5.345, 4.772, 4.375, 4.2, 6.422, 7.464], [2.65, 1.781, 1.667, 1.931, 1.847, 3.59, 6.767, 7.229, 6.51, 6.664, 7.681, 8.878, 8.718, 7.388, 5.209, 4.344, 5.281, 6.117, 4.686, 3.57, 3.66, 4.015, 1.873, 0.0, 2.975, 2.258, 3.636, 4.664, 3.827, 3.129, 2.853, 5.037, 6.789, 2.258, 7.3, 9.638, 9.304, 8.812, 9.019, 8.472, 6.412, 5.265, 4.377, 4.003, 4.202, 3.171, 3.437, 3.464, 3.03, 2.793, 1.451, 3.098, 3.501, 3.255, 6.466, 12.413, 13.498, 13.511, 14.887, 14.112, 12.951, 13.978, 14.988, 15.529, 16.608, 17.237, 15.95, 14.747, 13.656, 12.623, 12.56, 11.016, 8.178, 7.581, 8.653, 7.269, 7.291, 9.6, 8.663, 3.598, 4.974, 9.145, 10.653, 8.932, 10.413, 10.713, 10.547, 10.217, 9.606, 9.794, 9.447, 8.55, 9.192, 8.29, 4.839, 5.717, 6.828, 6.546, 8.742, 9.546, 9.583, 8.98, 5.982, 5.153, 4.667, 4.534, 6.755, 7.81], [3.302, 3.175, 4.138, 4.249, 4.256, 2.74, 4.511, 4.965, 4.443, 4.793, 5.529, 6.475, 6.417, 4.883, 2.551, 2.214, 3.436, 3.565, 2.557, 1.964, 2.061, 2.243, 2.899, 2.975, 0.0, 2.564, 5.682, 7.26, 5.998, 4.231, 4.365, 7.785, 9.639, 1.923, 4.898, 6.916, 6.693, 6.125, 6.237, 5.892, 3.931, 3.354, 2.739, 3.248, 4.131, 3.618, 4.499, 4.511, 3.917, 2.976, 3.299, 5.426, 3.763, 3.831, 8.95, 15.163, 16.301, 16.366, 17.651, 16.795, 15.709, 16.767, 17.833, 18.373, 19.458, 20.112, 18.779, 17.492, 16.421, 15.375, 15.362, 13.865, 10.769, 10.181, 11.505, 10.116, 10.136, 12.445, 11.449, 6.193, 6.04, 7.38, 8.233, 6.62, 8.324, 8.593, 8.568, 8.687, 7.759, 7.659, 7.538, 6.201, 6.573, 5.866, 2.59, 3.454, 4.476, 4.118, 5.905, 6.732, 6.777, 6.1, 3.816, 3.007, 2.716, 2.29, 3.942, 4.955], [4.058, 3.539, 3.043, 3.011, 2.993, 4.158, 6.173, 6.46, 6.002, 6.425, 7.223, 8.206, 8.105, 6.643, 4.467, 3.679, 5.011, 5.364, 4.017, 3.147, 3.622, 3.28, 2.374, 2.258, 2.564, 0.0, 3.76, 5.3, 4.091, 2.743, 2.448, 5.856, 7.608, 1.767, 6.544, 8.831, 8.563, 8.068, 8.263, 7.688, 5.719, 5.016, 4.254, 4.899, 5.257, 4.106, 4.758, 4.537, 4.072, 3.911, 2.32, 3.455, 2.218, 2.145, 7.062, 13.224, 14.335, 14.356, 15.737, 14.922, 13.708, 14.807, 15.811, 16.336, 17.424, 18.053, 16.802, 15.587, 14.502, 13.448, 13.403, 11.83, 8.907, 8.237, 9.486, 8.099, 8.112, 10.404, 9.518, 4.246, 6.803, 9.229, 10.0, 8.397, 9.837, 10.105, 10.022, 10.367, 9.36, 9.141, 9.038, 7.903, 8.457, 7.538, 4.029, 4.939, 6.116, 5.76, 7.928, 8.704, 8.703, 8.036, 5.019, 4.29, 3.778, 3.651, 5.83, 6.848], [5.138, 4.422, 3.587, 3.029, 3.487, 6.085, 9.36, 10.02, 9.319, 9.501, 10.485, 11.403, 11.295, 10.132, 7.981, 7.171, 8.125, 8.858, 7.186, 6.353, 6.425, 6.818, 3.893, 3.636, 5.682, 3.76, 0.0, 1.976, 1.791, 2.576, 1.923, 2.493, 4.194, 4.241, 10.08, 12.41, 12.033, 11.541, 11.769, 11.242, 9.006, 8.175, 7.073, 6.21, 6.423, 5.494, 5.753, 5.576, 5.287, 5.136, 3.582, 1.321, 2.678, 2.488, 4.056, 9.826, 10.677, 10.736, 12.003, 11.49, 10.441, 11.227, 12.277, 12.772, 13.836, 14.508, 13.116, 11.865, 10.769, 9.756, 9.741, 8.248, 5.309, 4.719, 5.901, 4.509, 4.563, 6.814, 5.803, 2.842, 7.522, 11.397, 13.118, 11.494, 12.599, 12.944, 12.789, 12.492, 11.901, 12.218, 11.669, 10.936, 11.923, 11.037, 7.579, 8.498, 9.483, 9.337, 11.524, 12.312, 12.293, 11.618, 8.305, 7.871, 7.418, 7.183, 9.397, 10.445], [5.936, 4.908, 4.043, 3.678, 4.044, 7.434, 10.943, 11.594, 10.881, 11.07, 12.062, 12.987, 12.88, 11.681, 9.566, 8.716, 9.596, 10.41, 8.578, 7.912, 8.003, 8.395, 5.126, 4.664, 7.26, 5.3, 1.976, 0.0, 1.917, 3.301, 2.945, 1.992, 2.921, 5.75, 11.664, 13.995, 13.637, 13.086, 13.362, 12.784, 10.597, 9.531, 8.372, 6.883, 6.938, 6.085, 6.107, 5.943, 5.659, 5.848, 4.588, 2.331, 4.291, 4.107, 3.357, 8.363, 9.233, 9.178, 10.473, 10.206, 9.25, 9.717, 10.717, 11.211, 12.287, 12.984, 11.565, 10.321, 9.224, 8.207, 8.139, 7.129, 4.214, 3.447, 4.671, 3.218, 3.091, 5.246, 4.387, 3.11, 7.594, 12.809, 14.554, 13.068, 13.851, 14.231, 14.155, 13.584, 13.232, 13.759, 12.634, 12.488, 13.524, 12.603, 9.14, 10.059, 10.992, 10.902, 13.112, 13.901, 13.885, 13.185, 9.911, 9.439, 8.974, 8.77, 10.972, 12.012], [4.985, 4.018, 3.266, 3.065, 3.298, 6.314, 9.724, 10.335, 9.655, 9.83, 10.795, 11.727, 11.642, 10.509, 8.325, 7.526, 8.408, 9.213, 7.334, 6.687, 6.765, 7.13, 3.944, 3.827, 5.998, 4.091, 1.791, 1.917, 0.0, 1.95, 1.784, 2.713, 4.178, 4.56, 10.42, 12.754, 12.386, 11.843, 12.111, 11.585, 9.333, 8.312, 7.094, 5.492, 5.542, 4.613, 4.817, 4.657, 4.374, 4.831, 3.793, 2.164, 3.308, 3.026, 5.06, 10.004, 10.877, 10.607, 11.839, 11.79, 10.948, 11.332, 12.19, 12.695, 13.519, 14.193, 12.821, 11.528, 10.425, 9.797, 9.435, 8.815, 5.956, 4.979, 6.331, 4.524, 4.351, 6.519, 5.469, 2.064, 6.404, 11.586, 13.318, 11.826, 12.535, 12.862, 12.864, 12.231, 11.984, 12.542, 11.324, 11.279, 12.269, 11.343, 7.91, 8.831, 9.757, 9.679, 11.866, 12.654, 12.635, 11.935, 8.614, 8.167, 7.774, 7.525, 9.731, 10.772], [3.823, 3.321, 2.826, 2.94, 2.787, 4.53, 7.877, 8.499, 7.807, 7.981, 8.965, 9.915, 9.81, 8.635, 6.494, 5.651, 6.531, 7.337, 5.541, 4.899, 4.972, 5.319, 2.481, 3.129, 4.231, 2.743, 2.576, 3.301, 1.95, 0.0, 1.354, 3.885, 5.652, 2.91, 8.592, 10.923, 10.562, 10.025, 10.292, 9.716, 7.538, 6.457, 5.298, 4.054, 4.312, 3.609, 4.156, 3.694, 3.215, 3.305, 2.635, 2.562, 2.525, 2.465, 6.297, 11.459, 12.364, 12.283, 13.599, 13.328, 12.337, 12.851, 13.841, 14.348, 15.316, 15.948, 14.597, 13.375, 12.288, 11.372, 11.226, 10.24, 7.264, 6.312, 7.72, 6.158, 6.027, 8.295, 7.304, 2.572, 6.218, 9.755, 11.479, 9.992, 10.787, 11.119, 11.106, 10.514, 10.173, 10.721, 9.578, 9.479, 10.44, 9.52, 6.075, 6.987, 7.914, 7.827, 10.038, 10.829, 10.812, 10.158, 6.995, 6.397, 5.903, 5.746, 8.015, 9.023], [4.032, 3.348, 2.778, 2.763, 2.673, 4.756, 8.041, 8.683, 7.948, 8.165, 9.159, 10.171, 10.069, 8.812, 6.664, 5.821, 6.721, 7.507, 5.797, 4.995, 5.154, 5.487, 2.776, 2.853, 4.365, 2.448, 1.923, 2.945, 1.784, 1.354, 0.0, 3.51, 5.344, 2.896, 8.732, 11.092, 10.744, 10.198, 10.476, 9.895, 7.697, 6.761, 5.588, 5.117, 5.349, 4.164, 4.668, 4.486, 4.159, 4.042, 2.644, 1.914, 2.17, 1.998, 5.462, 10.965, 12.007, 12.049, 13.351, 12.683, 11.671, 12.449, 13.527, 14.058, 15.146, 15.782, 14.428, 13.208, 12.121, 11.082, 11.021, 9.711, 6.67, 5.893, 7.305, 5.847, 5.834, 8.126, 7.132, 2.522, 6.625, 10.062, 11.771, 10.225, 11.307, 11.705, 11.516, 11.174, 10.535, 10.978, 10.119, 9.695, 10.616, 9.717, 6.225, 7.126, 8.118, 8.001, 10.204, 10.998, 10.981, 10.305, 7.027, 6.534, 6.069, 5.871, 8.099, 9.141], [6.406, 5.435, 4.307, 3.772, 4.294, 7.95, 11.482, 12.069, 11.393, 11.564, 12.517, 13.459, 13.344, 12.268, 10.096, 9.282, 10.166, 10.968, 9.105, 8.418, 8.481, 8.875, 5.689, 5.037, 7.785, 5.856, 2.493, 1.992, 2.713, 3.885, 3.51, 0.0, 2.033, 6.318, 12.155, 14.525, 14.148, 13.612, 13.869, 13.339, 11.097, 10.111, 8.889, 7.438, 7.467, 6.727, 6.522, 6.361, 6.01, 6.27, 4.914, 2.558, 4.743, 4.558, 2.687, 7.829, 8.738, 8.626, 9.92, 9.638, 8.688, 9.211, 10.155, 10.71, 11.719, 12.363, 11.005, 9.816, 8.702, 7.779, 7.678, 6.493, 3.785, 3.191, 4.017, 2.504, 2.759, 4.738, 3.692, 3.664, 7.696, 13.343, 15.131, 13.522, 14.396, 14.743, 14.663, 14.111, 13.747, 14.24, 13.171, 13.061, 14.022, 13.067, 9.647, 10.569, 11.492, 11.423, 13.633, 14.427, 14.408, 13.724, 10.387, 9.898, 9.532, 9.298, 11.514, 12.562], [8.159, 7.158, 5.817, 5.599, 5.69, 9.757, 13.313, 13.811, 13.068, 13.251, 14.163, 15.138, 15.047, 14.056, 11.972, 11.108, 11.96, 12.806, 11.0, 10.093, 10.252, 10.616, 7.24, 6.789, 9.639, 7.608, 4.194, 2.921, 4.178, 5.652, 5.344, 2.033, 0.0, 8.166, 13.977, 16.399, 16.01, 15.474, 15.739, 15.158, 12.936, 11.804, 10.578, 8.628, 8.631, 8.023, 7.611, 7.324, 6.984, 7.788, 6.476, 4.338, 6.581, 6.406, 1.958, 6.299, 7.102, 6.808, 8.258, 8.129, 7.16, 7.653, 8.393, 8.951, 9.866, 10.522, 9.313, 8.167, 7.037, 6.111, 5.951, 4.94, 2.881, 2.3, 2.48, 1.174, 1.79, 2.885, 2.053, 4.674, 8.755, 15.186, 16.935, 15.342, 16.108, 16.362, 16.192, 15.674, 15.506, 15.907, 14.804, 14.894, 15.907, 14.798, 11.369, 12.386, 13.23, 13.214, 15.502, 16.309, 16.303, 15.61, 12.281, 11.737, 11.365, 11.178, 13.38, 14.42], [3.491, 3.215, 3.447, 3.555, 3.618, 2.928, 5.414, 5.926, 5.24, 5.45, 6.391, 7.569, 7.439, 6.041, 3.878, 2.967, 4.004, 4.766, 3.394, 2.283, 2.614, 2.742, 1.588, 2.258, 1.923, 1.767, 4.241, 5.75, 4.56, 2.91, 2.896, 6.318, 8.166, 0.0, 5.976, 8.258, 7.917, 7.492, 7.654, 7.133, 5.049, 4.154, 3.224, 3.615, 4.106, 3.266, 4.229, 3.539, 3.118, 2.689, 2.157, 4.027, 2.929, 2.708, 7.53, 13.705, 14.807, 14.894, 16.207, 15.382, 14.24, 15.277, 16.354, 16.903, 17.99, 18.62, 17.274, 16.056, 14.972, 13.895, 13.872, 12.382, 9.362, 8.706, 10.036, 8.646, 8.667, 10.956, 9.987, 4.742, 6.144, 7.939, 9.386, 7.638, 9.112, 9.465, 9.302, 9.189, 8.4, 8.548, 8.207, 7.206, 7.906, 6.981, 3.613, 4.414, 5.596, 5.24, 7.365, 8.154, 8.15, 7.505, 4.316, 3.72, 3.263, 3.093, 5.292, 6.344], [5.961, 7.007, 8.292, 8.682, 8.429, 4.321, 1.413, 1.644, 2.126, 1.792, 2.97, 3.188, 2.798, 1.723, 2.778, 3.517, 2.793, 2.694, 3.419, 4.049, 4.17, 3.57, 6.987, 7.3, 4.898, 6.544, 10.08, 11.664, 10.42, 8.592, 8.732, 12.155, 13.977, 5.976, 0.0, 2.579, 2.309, 2.099, 2.149, 1.842, 1.86, 2.687, 3.672, 6.096, 6.82, 6.368, 7.888, 8.458, 7.643, 6.383, 7.56, 9.755, 7.936, 7.819, 13.35, 19.626, 20.687, 20.687, 22.035, 21.279, 20.152, 21.168, 22.192, 22.762, 23.802, 24.414, 23.103, 21.91, 20.82, 19.789, 19.701, 18.223, 15.255, 14.575, 15.844, 14.42, 14.442, 16.797, 15.78, 10.492, 7.339, 4.041, 3.839, 2.465, 4.016, 4.134, 4.52, 4.755, 3.57, 3.101, 3.1, 2.107, 2.39, 1.866, 3.267, 2.443, 1.518, 1.566, 2.416, 2.9, 2.683, 2.431, 3.393, 4.128, 3.974, 4.306, 3.725, 4.137], [8.351, 9.451, 10.64, 10.894, 10.82, 6.681, 3.157, 3.129, 3.956, 3.6, 3.261, 3.286, 2.926, 2.89, 4.808, 5.548, 4.614, 3.979, 5.507, 6.457, 6.513, 5.937, 9.403, 9.638, 6.916, 8.831, 12.41, 13.995, 12.754, 10.923, 11.092, 14.525, 16.399, 8.258, 2.579, 0.0, 1.05, 1.308, 1.639, 2.148, 3.672, 4.761, 6.004, 8.396, 9.242, 8.773, 10.253, 10.904, 10.058, 8.694, 9.96, 12.162, 10.349, 10.23, 15.612, 21.903, 23.052, 23.129, 24.409, 23.539, 22.419, 23.521, 24.596, 25.131, 26.22, 26.85, 25.519, 24.243, 23.177, 22.113, 22.113, 20.615, 17.5, 16.93, 18.268, 16.876, 16.898, 19.196, 18.21, 12.944, 9.514, 3.325, 1.995, 2.061, 2.961, 3.088, 3.62, 3.781, 2.781, 1.854, 2.315, 1.787, 2.007, 3.006, 5.514, 4.444, 3.445, 3.786, 3.155, 2.654, 2.313, 2.52, 5.274, 6.14, 6.063, 6.323, 5.354, 5.031], [7.951, 9.06, 10.249, 10.557, 10.422, 6.301, 2.917, 3.161, 3.881, 3.323, 3.395, 3.322, 2.991, 2.546, 4.463, 5.297, 4.294, 3.736, 5.271, 6.1, 5.997, 5.568, 8.994, 9.304, 6.693, 8.563, 12.033, 13.637, 12.386, 10.562, 10.744, 14.148, 16.01, 7.917, 2.309, 1.05, 0.0, 1.145, 1.522, 1.864, 3.289, 4.426, 5.616, 7.997, 8.827, 8.374, 9.859, 10.481, 9.669, 8.333, 9.58, 11.773, 9.851, 9.847, 15.279, 21.563, 22.674, 22.715, 24.013, 23.18, 22.095, 23.141, 24.207, 24.746, 25.818, 26.441, 25.115, 23.862, 22.791, 21.749, 21.74, 20.22, 17.147, 16.558, 17.86, 16.448, 16.471, 18.806, 17.802, 12.515, 9.138, 3.532, 2.258, 1.899, 2.955, 3.308, 3.92, 3.971, 2.836, 2.096, 2.315, 1.569, 1.851, 2.661, 5.161, 4.136, 3.175, 3.416, 2.989, 2.688, 2.357, 2.541, 4.939, 5.873, 5.664, 6.003, 5.194, 4.836], [7.402, 8.499, 9.729, 9.987, 9.881, 5.765, 2.517, 2.718, 3.416, 3.023, 2.769, 2.889, 2.514, 2.299, 4.227, 4.947, 4.056, 3.522, 4.68, 5.772, 5.831, 5.141, 8.6, 8.812, 6.125, 8.068, 11.541, 13.086, 11.843, 10.025, 10.198, 13.612, 15.474, 7.492, 2.099, 1.308, 1.145, 0.0, 1.451, 1.973, 2.894, 3.816, 5.04, 7.444, 8.28, 7.836, 9.325, 9.952, 9.127, 7.796, 9.155, 11.267, 9.592, 9.505, 14.81, 21.027, 22.135, 22.186, 23.48, 22.652, 21.603, 22.614, 23.665, 24.207, 25.283, 25.911, 24.586, 23.323, 22.254, 21.203, 21.192, 19.719, 16.605, 16.022, 17.325, 15.927, 15.935, 18.267, 17.273, 11.985, 8.601, 2.873, 2.311, 1.671, 2.76, 2.944, 3.259, 3.432, 2.447, 1.861, 2.024, 1.178, 2.1, 2.964, 4.988, 3.981, 2.923, 3.229, 3.313, 3.406, 3.073, 3.018, 4.93, 5.784, 5.584, 5.751, 5.143, 5.17], [7.712, 8.773, 9.994, 10.244, 10.157, 6.055, 3.022, 3.241, 3.971, 3.337, 3.408, 3.041, 3.032, 2.386, 3.959, 4.87, 4.09, 3.708, 4.847, 5.752, 5.631, 5.241, 8.696, 9.019, 6.237, 8.263, 11.769, 13.362, 12.111, 10.292, 10.476, 13.869, 15.739, 7.654, 2.149, 1.639, 1.522, 1.451, 0.0, 1.397, 2.977, 4.05, 5.265, 7.712, 8.578, 8.106, 9.596, 10.222, 9.384, 8.069, 9.319, 11.518, 9.402, 9.571, 15.005, 21.298, 22.411, 22.456, 23.753, 22.914, 21.816, 22.88, 23.94, 24.48, 25.556, 26.182, 24.856, 23.599, 22.528, 21.479, 21.466, 19.958, 16.871, 16.293, 17.595, 16.189, 16.21, 18.542, 17.543, 12.256, 8.888, 4.055, 3.157, 2.443, 3.637, 3.869, 4.468, 4.574, 3.324, 2.879, 2.973, 1.888, 1.659, 2.23, 4.686, 3.751, 2.879, 2.871, 2.413, 2.8, 2.544, 2.661, 4.26, 5.041, 4.986, 5.193, 4.161, 3.988], [7.122, 8.19, 9.415, 9.773, 9.579, 5.445, 2.474, 2.961, 3.626, 3.089, 3.948, 3.65, 3.525, 2.385, 3.504, 4.503, 3.413, 2.995, 4.399, 5.235, 5.065, 4.667, 8.131, 8.472, 5.892, 7.688, 11.242, 12.784, 11.585, 9.716, 9.895, 13.339, 15.158, 7.133, 1.842, 2.148, 1.864, 1.973, 1.397, 0.0, 2.452, 3.521, 4.77, 7.214, 8.0, 7.531, 9.069, 9.636, 8.814, 7.528, 8.749, 10.949, 8.785, 9.006, 14.549, 20.709, 21.833, 21.878, 23.22, 22.416, 21.228, 22.306, 23.357, 23.913, 24.987, 25.611, 24.275, 23.081, 21.992, 20.931, 20.894, 19.394, 16.384, 15.738, 17.018, 15.597, 15.615, 17.969, 16.986, 11.665, 8.356, 4.48, 3.487, 2.543, 3.991, 4.22, 4.819, 4.944, 3.666, 3.218, 3.282, 2.088, 1.453, 1.5, 3.93, 2.884, 2.069, 2.288, 1.942, 2.291, 2.279, 2.237, 3.541, 4.467, 4.458, 4.728, 3.828, 3.533], [4.957, 5.997, 7.285, 7.589, 7.379, 3.637, 1.931, 2.629, 2.895, 2.661, 3.888, 3.999, 3.772, 2.89, 2.471, 2.736, 2.525, 2.477, 3.053, 3.274, 3.339, 2.899, 6.045, 6.412, 3.931, 5.719, 9.006, 10.597, 9.333, 7.538, 7.697, 11.097, 12.936, 5.049, 1.86, 3.672, 3.289, 2.894, 2.977, 2.452, 0.0, 1.709, 2.71, 4.981, 5.719, 5.424, 6.788, 7.375, 6.584, 5.321, 6.571, 8.772, 7.031, 6.899, 12.442, 18.63, 19.618, 19.62, 20.928, 20.219, 19.152, 20.122, 21.166, 21.698, 22.728, 23.343, 21.999, 20.812, 19.703, 18.688, 18.655, 17.157, 14.181, 13.51, 14.79, 13.336, 13.345, 15.729, 14.687, 9.427, 6.454, 4.614, 4.645, 3.059, 4.697, 5.005, 5.249, 5.207, 4.219, 4.147, 4.015, 2.769, 3.263, 2.504, 2.862, 2.256, 1.803, 2.268, 3.25, 3.837, 3.864, 3.369, 2.993, 3.664, 3.446, 3.689, 3.323, 3.852], [4.18, 5.099, 6.189, 6.673, 6.373, 2.766, 2.183, 3.106, 3.0, 2.829, 4.22, 4.901, 4.433, 3.548, 2.059, 2.109, 1.635, 2.485, 2.344, 2.552, 2.655, 2.2, 4.961, 5.265, 3.354, 5.016, 8.175, 9.531, 8.312, 6.457, 6.761, 10.111, 11.804, 4.154, 2.687, 4.761, 4.426, 3.816, 4.05, 3.521, 1.709, 0.0, 1.563, 3.967, 4.788, 4.347, 5.938, 6.354, 5.565, 4.381, 5.595, 7.895, 6.7, 6.251, 11.416, 17.456, 18.567, 18.507, 19.914, 19.159, 17.967, 19.022, 20.003, 20.535, 21.588, 22.217, 20.971, 19.785, 18.69, 17.637, 17.601, 16.094, 13.179, 12.484, 13.671, 12.217, 12.215, 14.574, 13.666, 8.259, 6.431, 4.981, 5.748, 4.073, 5.574, 5.915, 5.791, 5.765, 4.811, 5.036, 4.656, 3.741, 4.317, 3.526, 2.41, 2.123, 2.345, 2.43, 4.028, 4.771, 4.835, 4.367, 2.956, 3.243, 3.061, 3.184, 3.188, 4.007], [3.288, 4.037, 5.024, 5.613, 5.246, 2.307, 3.191, 3.626, 3.434, 3.274, 4.412, 5.368, 5.055, 4.12, 2.245, 2.197, 2.343, 3.233, 2.347, 1.9, 2.214, 1.9, 3.832, 4.377, 2.739, 4.254, 7.073, 8.372, 7.094, 5.298, 5.588, 8.889, 10.578, 3.224, 3.672, 6.004, 5.616, 5.04, 5.265, 4.77, 2.71, 1.563, 0.0, 2.924, 3.772, 3.398, 4.754, 5.277, 4.387, 3.446, 4.517, 6.721, 5.74, 5.297, 10.463, 16.359, 17.395, 17.293, 18.703, 18.078, 16.941, 17.858, 18.798, 19.297, 20.384, 21.007, 19.751, 18.604, 17.481, 16.507, 16.422, 14.91, 12.085, 11.325, 12.472, 11.003, 10.99, 13.374, 12.463, 6.994, 5.932, 5.502, 6.831, 5.09, 6.36, 6.742, 6.484, 6.403, 5.7, 5.847, 5.337, 4.732, 5.512, 4.539, 2.061, 2.775, 3.377, 3.203, 5.318, 6.013, 6.091, 5.659, 3.461, 3.02, 2.877, 2.943, 3.762, 4.858], [2.113, 2.715, 3.797, 4.498, 3.666, 2.704, 5.483, 6.126, 5.56, 5.593, 6.491, 7.334, 7.245, 6.14, 4.136, 3.926, 4.439, 5.317, 3.791, 3.247, 3.056, 3.513, 3.279, 4.003, 3.248, 4.899, 6.21, 6.883, 5.492, 4.054, 5.117, 7.438, 8.628, 3.615, 6.096, 8.396, 7.997, 7.444, 7.712, 7.214, 4.981, 3.967, 2.924, 0.0, 1.556, 1.797, 2.228, 2.861, 2.21, 1.893, 3.474, 6.152, 5.725, 5.583, 9.977, 14.391, 15.227, 14.976, 16.278, 16.122, 15.305, 15.769, 16.603, 17.12, 17.971, 18.513, 17.214, 15.986, 14.878, 14.159, 13.928, 13.269, 10.888, 9.998, 10.928, 9.212, 8.801, 10.858, 9.936, 5.196, 3.665, 7.149, 8.893, 7.416, 8.088, 8.405, 8.426, 7.748, 7.533, 8.118, 6.861, 6.841, 7.901, 7.016, 4.029, 4.918, 5.634, 5.486, 7.654, 8.388, 8.466, 7.991, 5.267, 4.828, 4.666, 4.105, 5.902, 6.957], [2.593, 2.987, 4.086, 4.744, 3.825, 3.478, 6.187, 6.799, 6.161, 6.271, 7.217, 8.079, 7.98, 6.918, 4.984, 4.832, 5.309, 6.256, 4.705, 3.961, 3.745, 4.289, 3.597, 4.202, 4.131, 5.257, 6.423, 6.938, 5.542, 4.312, 5.349, 7.467, 8.631, 4.106, 6.82, 9.242, 8.827, 8.28, 8.578, 8.0, 5.719, 4.788, 3.772, 1.556, 0.0, 1.746, 1.863, 2.476, 2.118, 2.215, 3.557, 6.224, 6.117, 5.989, 10.113, 14.426, 15.222, 14.721, 15.987, 16.116, 15.308, 15.701, 16.387, 16.673, 17.186, 17.703, 16.44, 15.233, 14.13, 14.094, 13.559, 13.307, 11.065, 10.17, 10.956, 9.238, 8.694, 10.141, 9.182, 5.041, 2.813, 7.923, 9.696, 8.124, 8.85, 9.128, 9.129, 8.487, 8.286, 8.823, 7.608, 7.648, 8.715, 7.728, 4.757, 5.674, 6.272, 6.159, 8.36, 9.161, 9.219, 8.689, 6.135, 5.667, 5.518, 5.0, 6.703, 7.917], [1.721, 2.212, 3.213, 3.908, 3.191, 2.759, 5.694, 6.212, 5.54, 5.693, 6.646, 7.578, 7.467, 6.456, 4.393, 4.124, 4.432, 5.46, 3.975, 3.217, 2.955, 3.512, 2.579, 3.171, 3.618, 4.106, 5.494, 6.085, 4.613, 3.609, 4.164, 6.727, 8.023, 3.266, 6.368, 8.773, 8.374, 7.836, 8.106, 7.531, 5.424, 4.347, 3.398, 1.797, 1.746, 0.0, 1.909, 2.611, 2.238, 2.287, 2.876, 5.184, 5.117, 4.992, 9.275, 14.052, 14.91, 14.503, 15.856, 15.847, 14.935, 15.315, 16.013, 16.527, 17.474, 18.091, 16.822, 15.704, 14.562, 13.899, 13.557, 12.724, 10.192, 9.172, 10.273, 8.479, 8.307, 10.477, 9.533, 4.49, 3.378, 7.497, 9.33, 7.696, 8.476, 8.805, 8.696, 8.136, 7.856, 8.281, 7.196, 7.255, 8.261, 7.211, 4.084, 4.925, 5.657, 5.601, 7.908, 8.694, 8.744, 8.161, 5.383, 4.997, 4.913, 4.28, 6.124, 7.203], [2.333, 2.41, 3.359, 3.912, 3.05, 4.02, 7.214, 7.82, 7.145, 7.312, 8.255, 9.122, 9.02, 7.98, 5.832, 5.326, 5.954, 6.816, 5.158, 4.437, 4.405, 4.897, 3.478, 3.437, 4.499, 4.758, 5.753, 6.107, 4.817, 4.156, 4.668, 6.522, 7.611, 4.229, 7.888, 10.253, 9.859, 9.325, 9.596, 9.069, 6.788, 5.938, 4.754, 2.228, 1.863, 1.909, 0.0, 1.83, 1.935, 2.425, 2.866, 5.406, 5.728, 5.523, 9.156, 13.175, 13.982, 13.318, 14.62, 14.872, 14.057, 14.445, 15.134, 15.592, 16.246, 16.632, 15.318, 14.391, 13.15, 12.762, 12.385, 12.062, 10.171, 9.329, 9.801, 8.034, 7.262, 9.117, 8.067, 3.987, 2.577, 8.965, 10.784, 9.187, 9.923, 9.902, 9.904, 9.382, 9.36, 9.799, 8.664, 8.702, 9.757, 8.782, 5.444, 6.351, 7.248, 7.168, 9.374, 10.154, 10.157, 9.533, 6.781, 6.144, 5.933, 5.465, 7.425, 8.508], [3.45, 2.981, 3.572, 4.158, 3.194, 4.257, 7.813, 8.375, 7.632, 7.799, 8.689, 9.565, 9.491, 8.547, 6.478, 5.63, 6.482, 7.334, 5.545, 4.729, 4.85, 5.225, 2.925, 3.464, 4.511, 4.537, 5.576, 5.943, 4.657, 3.694, 4.486, 6.361, 7.324, 3.539, 8.458, 10.904, 10.481, 9.952, 10.222, 9.636, 7.375, 6.354, 5.277, 2.861, 2.476, 2.611, 1.83, 0.0, 1.52, 2.251, 2.583, 5.16, 5.418, 5.262, 8.996, 13.182, 13.964, 13.213, 14.714, 14.998, 14.07, 14.448, 15.141, 15.648, 16.116, 16.264, 15.08, 14.35, 13.038, 12.835, 12.37, 11.837, 10.052, 9.192, 9.413, 7.542, 6.781, 8.685, 7.76, 3.35, 3.767, 9.581, 11.341, 9.717, 10.41, 10.113, 10.189, 9.804, 9.837, 10.289, 9.086, 9.338, 10.388, 9.243, 5.977, 6.894, 7.745, 7.726, 10.014, 10.816, 10.805, 10.161, 6.971, 6.289, 5.867, 5.755, 8.03, 9.037], [2.865, 2.542, 2.842, 3.521, 2.716, 3.42, 7.003, 7.455, 6.701, 6.863, 7.76, 8.775, 8.699, 7.731, 5.646, 4.799, 5.636, 6.512, 4.782, 3.917, 4.077, 4.336, 2.389, 3.03, 3.917, 4.072, 5.287, 5.659, 4.374, 3.215, 4.159, 6.01, 6.984, 3.118, 7.643, 10.058, 9.669, 9.127, 9.384, 8.814, 6.584, 5.565, 4.387, 2.21, 2.118, 2.238, 1.935, 1.52, 0.0, 1.602, 2.331, 4.868, 5.033, 4.963, 8.649, 13.141, 13.966, 13.398, 14.842, 14.966, 14.031, 14.429, 15.062, 15.588, 16.336, 16.899, 15.692, 14.645, 13.508, 12.88, 12.466, 11.768, 9.709, 8.866, 9.169, 7.441, 7.023, 9.316, 8.381, 3.482, 3.853, 8.849, 10.539, 8.994, 9.697, 9.776, 9.703, 9.222, 9.119, 9.559, 8.374, 8.58, 9.548, 8.444, 5.068, 6.079, 6.915, 6.894, 9.197, 9.991, 10.001, 9.39, 6.396, 5.588, 5.151, 5.06, 7.285, 8.277], [2.286, 2.096, 2.746, 3.343, 2.714, 2.207, 5.683, 6.316, 5.616, 5.792, 6.811, 7.736, 7.646, 6.477, 4.31, 3.492, 4.39, 5.2, 3.446, 2.91, 3.027, 3.174, 2.382, 2.793, 2.976, 3.911, 5.136, 5.848, 4.831, 3.305, 4.042, 6.27, 7.788, 2.689, 6.383, 8.694, 8.333, 7.796, 8.069, 7.528, 5.321, 4.381, 3.446, 1.893, 2.215, 2.287, 2.425, 2.251, 1.602, 0.0, 2.241, 4.966, 4.908, 4.94, 8.618, 13.571, 14.451, 14.457, 15.746, 15.35, 14.375, 15.038, 16.076, 16.61, 17.55, 18.173, 16.831, 15.573, 14.485, 13.457, 13.427, 12.244, 9.639, 8.891, 9.813, 8.342, 8.233, 10.52, 9.519, 4.402, 4.246, 7.565, 9.304, 7.837, 8.665, 8.999, 8.883, 8.296, 8.046, 8.553, 7.473, 7.245, 8.208, 7.343, 4.12, 4.814, 5.745, 5.683, 7.831, 8.609, 8.622, 8.031, 5.127, 4.429, 3.948, 3.969, 5.95, 6.944], [2.764, 2.132, 1.845, 2.396, 1.7, 3.633, 6.914, 7.459, 6.764, 6.934, 7.897, 8.879, 8.75, 7.652, 5.54, 4.669, 5.549, 6.401, 4.914, 3.844, 3.915, 4.267, 1.684, 1.451, 3.299, 2.32, 3.582, 4.588, 3.793, 2.635, 2.644, 4.914, 6.476, 2.157, 7.56, 9.96, 9.58, 9.155, 9.319, 8.749, 6.571, 5.595, 4.517, 3.474, 3.557, 2.876, 2.866, 2.583, 2.331, 2.241, 0.0, 3.145, 3.323, 3.212, 6.737, 12.263, 13.189, 13.177, 14.529, 13.916, 12.769, 13.657, 14.663, 15.217, 16.274, 16.908, 15.578, 14.435, 13.319, 12.326, 12.214, 10.683, 8.231, 7.596, 8.385, 7.076, 6.974, 9.286, 8.288, 3.168, 4.833, 8.971, 10.83, 9.005, 10.392, 10.68, 10.46, 10.019, 9.571, 9.799, 9.303, 8.651, 9.508, 8.45, 5.07, 5.951, 7.022, 6.816, 9.07, 9.866, 9.853, 9.201, 5.961, 5.312, 4.919, 4.752, 7.028, 8.06], [4.847, 3.966, 2.987, 2.454, 3.002, 5.776, 9.101, 9.651, 8.948, 9.117, 10.044, 11.043, 10.894, 9.843, 7.734, 6.871, 7.853, 8.574, 6.947, 5.973, 6.058, 6.44, 3.622, 3.098, 5.426, 3.455, 1.321, 2.331, 2.164, 2.562, 1.914, 2.558, 4.338, 4.027, 9.755, 12.162, 11.773, 11.267, 11.518, 10.949, 8.772, 7.895, 6.721, 6.152, 6.224, 5.184, 5.406, 5.16, 4.868, 4.966, 3.145, 0.0, 2.574, 2.234, 4.419, 10.177, 11.103, 10.973, 12.375, 11.839, 10.754, 11.557, 12.521, 13.1, 14.085, 14.731, 13.419, 12.302, 11.188, 10.229, 10.125, 8.55, 5.764, 5.153, 6.159, 4.745, 4.758, 7.123