[[0.0, 1.649, 1.572, 2.159, 2.627, 3.545, 3.443, 2.552, 2.85, 2.814, 1.978, 2.756, 4.131, 5.179, 4.922, 3.933, 2.731, 2.399, 2.397, 3.436, 4.535, 6.503, 7.36, 6.585, 5.109, 4.951, 5.408, 5.575, 6.246, 6.55, 6.059, 5.778, 6.309, 5.688, 3.813, 2.831, 3.554, 3.843, 3.348, 2.337, 3.047, 5.577, 5.67, 3.896, 2.509, 3.23, 4.745, 5.49, 5.649, 4.779, 3.308, 3.601, 5.5, 6.055, 5.771, 5.956, 5.814, 4.642, 3.144, 2.45, 2.487, 3.208, 4.011, 4.378, 4.995, 5.146, 5.709, 5.256, 4.675, 4.434, 4.524, 4.921, 5.632, 6.179, 6.279, 5.552, 5.445, 6.568, 8.481, 9.001, 8.53, 8.566, 9.147, 10.084, 10.766, 11.862, 12.202, 11.756, 11.495, 12.267, 13.221, 13.263, 12.127, 10.618, 8.971, 7.585, 6.498, 5.485, 4.661, 4.093, 3.553, 3.61, 3.916, 4.624, 4.829, 4.229, 3.343, 4.424, 5.85, 4.614, 3.295, 2.8, 3.394, 4.29, 4.37, 4.024, 4.467, 4.508, 4.77, 4.984, 4.484, 3.877, 3.632, 3.355, 2.973, 2.702, 2.587, 2.9, 3.168, 3.194, 3.345, 2.807, 3.045, 2.978, 2.991, 3.023, 3.166, 3.269, 4.177, 3.663, 3.036, 2.327, 1.979, 2.161, 4.217, 5.956, 7.193, 7.236, 7.413, 8.383, 9.599, 9.548, 9.679, 10.163, 10.758, 11.456, 12.503, 11.877], [1.649, 0.0, 1.206, 1.972, 2.67, 3.843, 3.883, 2.135, 2.61, 2.395, 1.84, 2.72, 3.817, 4.425, 4.339, 3.805, 2.293, 1.993, 2.742, 3.834, 5.414, 7.292, 8.11, 7.394, 5.691, 5.134, 5.872, 6.317, 7.048, 7.361, 6.876, 6.658, 7.214, 6.696, 4.645, 3.509, 3.701, 4.168, 3.704, 2.93, 3.795, 6.333, 6.481, 4.704, 3.163, 3.862, 5.376, 6.187, 6.417, 5.579, 3.671, 3.779, 5.598, 6.135, 5.669, 5.758, 5.474, 4.601, 3.325, 2.559, 2.574, 3.395, 3.979, 4.066, 4.51, 5.191, 5.833, 5.482, 4.775, 4.609, 4.693, 5.413, 6.092, 6.44, 6.526, 5.842, 5.663, 6.258, 8.135, 8.612, 8.097, 8.083, 8.902, 9.938, 10.585, 11.469, 11.779, 11.342, 11.049, 12.055, 12.938, 12.824, 11.651, 10.007, 8.382, 6.858, 5.719, 4.725, 3.68, 2.737, 2.185, 2.354, 2.843, 3.551, 3.803, 3.157, 2.472, 3.831, 5.13, 3.77, 2.582, 1.907, 2.393, 3.348, 3.353, 2.946, 3.254, 3.622, 3.788, 3.996, 3.503, 2.678, 2.658, 3.135, 2.862, 2.715, 2.874, 2.949, 3.127, 3.363, 3.684, 3.359, 3.102, 3.26, 3.436, 3.184, 3.231, 2.788, 3.068, 2.736, 2.256, 1.661, 1.894, 1.685, 3.211, 4.969, 6.24, 6.361, 6.592, 7.722, 8.894, 8.901, 9.158, 9.454, 9.994, 10.558, 11.729, 11.3], [1.572, 1.206, 0.0, 1.265, 2.087, 3.105, 3.095, 1.979, 3.012, 2.925, 2.374, 3.248, 4.53, 5.093, 4.991, 4.46, 2.933, 2.024, 2.027, 3.127, 4.612, 6.486, 7.334, 6.688, 5.017, 4.535, 5.12, 5.515, 6.267, 6.647, 6.164, 5.901, 6.456, 5.903, 4.185, 3.471, 3.854, 4.304, 3.908, 2.989, 3.146, 5.609, 5.77, 4.0, 2.542, 3.916, 5.463, 6.184, 6.367, 5.541, 3.941, 4.286, 6.11, 6.529, 6.087, 6.166, 5.985, 5.018, 3.768, 2.941, 3.005, 3.853, 4.629, 4.624, 5.08, 5.692, 6.415, 5.939, 5.211, 4.929, 4.859, 5.519, 6.287, 6.93, 6.954, 6.335, 6.147, 6.706, 8.678, 9.175, 8.612, 8.694, 9.451, 10.495, 11.14, 12.028, 12.321, 11.883, 11.593, 12.61, 13.493, 13.388, 12.208, 10.586, 8.948, 7.513, 6.358, 5.39, 4.326, 3.214, 2.575, 3.026, 3.738, 4.473, 4.6, 3.837, 3.14, 4.465, 5.727, 4.446, 3.32, 2.402, 2.941, 4.148, 4.135, 3.659, 3.892, 4.403, 4.604, 4.907, 4.391, 3.437, 2.803, 2.693, 2.363, 2.075, 2.269, 2.349, 2.647, 2.679, 2.905, 2.473, 2.541, 2.503, 2.617, 2.473, 2.598, 2.5, 3.315, 3.515, 2.894, 2.172, 2.149, 2.021, 4.034, 5.764, 7.0, 7.061, 7.304, 8.375, 9.513, 9.507, 9.72, 10.064, 10.654, 11.295, 12.354, 11.874], [2.159, 1.972, 1.265, 0.0, 1.56, 2.45, 2.533, 2.311, 4.029, 3.804, 3.097, 4.058, 5.276, 6.005, 5.853, 5.342, 3.641, 2.291, 1.377, 2.157, 3.726, 5.604, 6.422, 5.72, 4.053, 3.488, 4.186, 4.629, 5.361, 5.699, 5.189, 4.971, 5.536, 5.172, 4.064, 4.012, 4.282, 4.565, 4.561, 3.836, 2.809, 4.664, 4.82, 3.048, 2.822, 4.457, 5.899, 6.789, 6.959, 6.138, 4.667, 5.238, 7.09, 7.618, 7.17, 7.233, 7.091, 6.082, 4.819, 3.822, 4.033, 4.814, 5.483, 5.498, 5.987, 6.684, 7.406, 6.963, 6.278, 5.971, 5.797, 6.382, 7.211, 7.97, 8.019, 7.404, 7.201, 7.696, 9.777, 10.236, 9.63, 9.732, 10.539, 11.592, 12.237, 13.087, 13.403, 12.949, 12.663, 13.703, 14.579, 14.441, 13.235, 11.511, 9.901, 8.394, 7.212, 6.233, 5.121, 3.91, 3.205, 3.443, 4.201, 4.976, 5.091, 4.194, 3.698, 5.29, 6.6, 5.284, 3.888, 2.875, 3.39, 4.81, 4.894, 4.394, 4.511, 5.15, 5.457, 5.65, 5.103, 3.939, 3.006, 2.396, 2.179, 1.785, 1.728, 2.036, 2.297, 1.897, 2.053, 2.063, 2.643, 2.248, 1.83, 1.807, 1.895, 2.161, 3.71, 4.168, 3.707, 2.818, 2.697, 2.696, 4.804, 6.53, 7.85, 7.974, 8.192, 9.341, 10.452, 10.506, 10.736, 11.044, 11.583, 12.17, 13.345, 12.877], [2.627, 2.67, 2.087, 1.56, 0.0, 1.452, 1.469, 2.715, 4.669, 4.45, 3.624, 4.577, 5.935, 6.777, 6.592, 5.936, 4.145, 2.474, 1.374, 1.828, 2.822, 4.69, 5.507, 4.792, 3.377, 2.7, 3.318, 3.761, 4.471, 4.854, 4.534, 4.467, 4.959, 5.139, 4.858, 4.878, 5.195, 5.551, 5.18, 4.367, 2.948, 3.742, 3.881, 2.701, 3.588, 5.331, 6.844, 7.711, 7.852, 6.978, 5.4, 5.813, 7.714, 8.286, 7.872, 8.031, 7.927, 6.877, 5.425, 4.427, 4.548, 5.268, 5.917, 6.153, 6.669, 7.352, 7.95, 7.548, 6.878, 6.624, 6.51, 7.109, 7.917, 8.585, 8.672, 7.974, 7.792, 8.528, 10.602, 11.09, 10.533, 10.532, 11.365, 12.367, 13.026, 13.943, 14.26, 13.819, 13.527, 14.524, 15.407, 15.3, 14.133, 12.443, 10.835, 9.288, 8.093, 7.037, 5.938, 4.767, 4.028, 4.107, 4.676, 5.443, 5.607, 4.424, 4.133, 6.11, 7.49, 6.096, 4.471, 3.211, 4.137, 5.603, 5.813, 5.288, 5.303, 6.021, 6.354, 6.527, 5.917, 4.624, 3.441, 2.162, 1.984, 1.675, 1.673, 1.609, 1.556, 1.403, 1.811, 1.69, 2.156, 1.836, 1.652, 1.37, 1.311, 1.609, 3.838, 4.92, 4.499, 3.585, 3.444, 3.478, 5.609, 7.403, 8.742, 8.888, 9.053, 10.137, 11.395, 11.383, 11.651, 11.983, 12.514, 13.139, 14.309, 13.819], [3.545, 3.843, 3.105, 2.45, 1.452, 0.0, 1.032, 3.702, 5.829, 5.529, 4.594, 5.568, 7.041, 7.806, 7.552, 6.848, 5.012, 3.162, 1.645, 1.769, 2.026, 3.741, 4.558, 3.891, 2.661, 2.099, 2.455, 3.012, 3.947, 4.639, 4.639, 4.69, 5.163, 5.44, 5.52, 5.739, 6.183, 6.478, 6.23, 5.17, 3.41, 3.226, 3.468, 3.101, 4.392, 6.235, 7.756, 8.555, 8.665, 7.815, 6.318, 6.803, 8.787, 9.403, 8.972, 9.029, 8.91, 7.878, 6.506, 5.402, 5.695, 6.237, 6.831, 7.033, 7.72, 8.467, 8.948, 8.429, 7.881, 7.513, 7.332, 7.97, 8.771, 9.422, 9.681, 8.87, 8.698, 9.515, 11.625, 12.1, 11.478, 11.617, 12.397, 13.463, 14.108, 14.941, 15.16, 14.749, 14.499, 15.571, 16.42, 16.234, 14.965, 13.226, 11.648, 10.229, 8.951, 7.94, 6.934, 5.783, 5.002, 4.999, 5.486, 6.225, 6.38, 5.131, 4.8, 6.839, 8.314, 7.028, 5.584, 4.233, 5.148, 6.64, 6.771, 6.172, 6.221, 6.923, 7.327, 7.475, 6.858, 5.534, 4.175, 2.655, 2.309, 2.033, 1.754, 2.114, 1.739, 1.526, 1.698, 1.555, 2.136, 1.839, 1.84, 1.816, 1.123, 1.912, 4.624, 5.873, 5.418, 4.619, 4.334, 4.42, 6.566, 8.369, 9.811, 9.959, 10.088, 11.225, 12.257, 12.277, 12.456, 12.769, 13.35, 14.032, 15.132, 14.594], [3.443, 3.883, 3.095, 2.533, 1.469, 1.032, 0.0, 3.429, 5.505, 5.188, 4.229, 5.265, 6.685, 7.664, 7.369, 6.565, 4.804, 2.968, 1.811, 2.036, 2.158, 3.791, 4.551, 3.871, 2.653, 2.144, 2.581, 3.146, 4.181, 4.608, 4.422, 4.396, 4.905, 5.206, 5.441, 5.754, 6.299, 6.606, 6.282, 5.195, 3.404, 3.241, 3.447, 2.915, 4.431, 6.258, 7.796, 8.584, 8.705, 7.85, 6.295, 6.529, 8.387, 9.1, 8.687, 8.724, 8.586, 7.565, 6.271, 5.219, 5.388, 5.95, 6.768, 6.976, 7.576, 8.164, 8.711, 8.323, 7.637, 7.494, 7.34, 7.951, 8.762, 9.366, 9.318, 8.734, 8.511, 9.219, 11.295, 11.78, 11.275, 11.34, 12.065, 13.13, 13.775, 14.629, 14.897, 14.458, 14.177, 15.239, 16.097, 15.945, 14.772, 13.12, 11.63, 10.19, 8.962, 7.875, 6.693, 5.747, 5.013, 5.049, 5.481, 6.219, 6.385, 5.201, 4.883, 6.873, 8.3, 7.046, 5.466, 4.082, 5.019, 6.6, 6.779, 6.179, 6.234, 6.971, 7.335, 7.483, 6.865, 5.56, 4.212, 2.662, 2.368, 2.104, 2.101, 2.13, 1.904, 1.535, 1.537, 1.385, 1.948, 1.795, 1.615, 1.583, 1.491, 1.864, 4.675, 5.859, 5.431, 4.69, 4.483, 4.526, 6.578, 8.37, 9.736, 9.85, 9.9, 10.932, 12.129, 12.037, 12.332, 12.801, 13.317, 14.028, 15.172, 14.538], [2.552, 2.135, 1.979, 2.311, 2.715, 3.702, 3.429, 0.0, 2.659, 2.226, 2.043, 2.464, 3.927, 4.966, 4.591, 3.793, 2.184, 1.209, 2.524, 3.717, 5.114, 6.955, 7.787, 7.153, 5.469, 5.153, 5.59, 5.99, 6.87, 7.137, 6.565, 6.082, 6.696, 6.189, 5.105, 4.651, 5.339, 5.708, 5.246, 3.918, 3.334, 6.154, 6.23, 4.443, 3.327, 5.122, 6.784, 7.299, 7.28, 6.474, 4.906, 4.449, 5.956, 6.485, 6.065, 5.8, 5.677, 4.906, 3.968, 3.438, 3.274, 3.646, 4.796, 4.928, 5.608, 6.322, 6.73, 6.56, 5.642, 5.799, 5.961, 6.489, 7.135, 7.032, 6.962, 6.561, 6.292, 6.719, 8.208, 8.714, 8.341, 8.473, 8.954, 9.767, 10.445, 11.378, 11.733, 11.307, 11.057, 12.109, 12.894, 12.854, 11.733, 10.134, 8.663, 7.371, 6.262, 5.202, 3.917, 3.047, 2.337, 2.598, 3.245, 3.979, 4.135, 3.279, 2.862, 4.171, 5.586, 4.655, 3.041, 1.998, 2.54, 3.933, 4.079, 3.522, 3.601, 4.242, 4.616, 4.914, 4.28, 3.09, 2.263, 2.398, 2.164, 2.444, 2.659, 2.444, 2.692, 2.978, 3.119, 2.652, 2.284, 2.472, 2.687, 2.733, 3.331, 2.392, 2.488, 3.497, 3.119, 3.276, 3.473, 3.156, 3.928, 5.68, 6.993, 7.087, 7.275, 8.289, 9.344, 9.231, 9.348, 9.977, 10.497, 11.255, 12.336, 11.625], [2.85, 2.61, 3.012, 4.029, 4.669, 5.829, 5.505, 2.659, 0.0, 1.369, 1.962, 1.529, 2.127, 3.087, 2.943, 2.172, 1.73, 2.825, 4.684, 5.707, 6.835, 8.81, 9.589, 8.767, 7.336, 7.167, 7.701, 7.855, 8.513, 8.711, 8.185, 7.889, 8.414, 7.856, 5.447, 4.234, 4.871, 4.986, 4.253, 2.966, 4.969, 7.82, 7.854, 6.033, 4.154, 4.165, 5.607, 6.249, 6.393, 5.734, 3.967, 2.75, 3.961, 4.446, 4.099, 4.039, 3.942, 3.675, 2.736, 2.469, 2.0, 2.16, 3.052, 3.664, 4.443, 4.671, 5.007, 5.025, 4.481, 4.626, 5.2, 5.484, 5.948, 5.473, 5.228, 4.933, 4.623, 4.878, 6.275, 6.905, 6.409, 6.396, 6.863, 7.791, 8.457, 9.645, 9.99, 9.501, 9.224, 9.974, 10.96, 11.022, 9.89, 8.313, 6.774, 5.411, 4.277, 3.271, 2.328, 1.952, 2.332, 2.352, 2.387, 2.867, 3.249, 3.086, 2.583, 2.904, 3.716, 3.137, 1.816, 1.999, 1.651, 2.217, 2.392, 2.016, 2.711, 2.69, 2.858, 3.481, 2.849, 2.306, 3.261, 4.406, 4.228, 4.522, 4.827, 4.658, 4.972, 5.244, 5.397, 4.861, 4.447, 4.901, 4.993, 4.837, 5.401, 4.457, 2.432, 2.281, 2.425, 2.972, 3.176, 2.751, 2.442, 3.688, 5.04, 5.135, 5.687, 6.553, 7.436, 7.319, 7.505, 8.031, 8.588, 9.295, 10.37, 9.724], [2.814, 2.395, 2.925, 3.804, 4.45, 5.529, 5.188, 2.226, 1.369, 0.0, 1.327, 1.104, 2.095, 3.36, 3.174, 2.451, 1.568, 2.665, 4.363, 5.548, 6.682, 8.586, 9.383, 8.64, 7.11, 6.852, 7.353, 7.649, 8.415, 8.584, 7.969, 7.475, 8.166, 7.555, 5.397, 4.102, 4.849, 5.109, 4.414, 2.991, 4.753, 7.665, 7.663, 5.888, 4.018, 4.427, 5.787, 6.215, 6.287, 5.725, 3.948, 3.005, 4.452, 5.127, 4.822, 4.587, 4.374, 3.64, 2.662, 2.241, 1.96, 2.347, 3.452, 3.791, 4.462, 4.908, 5.265, 5.196, 4.587, 4.738, 5.2, 5.35, 5.939, 5.617, 5.556, 5.251, 4.95, 5.478, 6.575, 7.263, 6.987, 6.901, 7.082, 7.964, 8.643, 9.802, 10.24, 9.657, 9.397, 10.249, 11.079, 11.172, 10.164, 8.595, 7.265, 5.874, 4.679, 3.583, 2.822, 2.36, 2.461, 2.169, 2.565, 3.106, 3.399, 3.211, 2.254, 2.672, 3.983, 3.468, 1.968, 2.042, 2.063, 2.391, 2.63, 2.484, 2.978, 2.897, 3.138, 3.436, 3.001, 2.41, 2.883, 3.864, 3.818, 4.175, 4.464, 4.32, 4.573, 4.843, 4.991, 4.547, 4.047, 4.392, 4.42, 4.262, 5.069, 4.029, 2.632, 2.505, 2.17, 2.716, 3.111, 2.776, 2.68, 4.097, 5.443, 5.614, 6.094, 6.924, 7.794, 7.63, 7.945, 8.458, 8.96, 9.725, 10.825, 10.165], [1.978, 1.84, 2.374, 3.097, 3.624, 4.594, 4.229, 2.043, 1.962, 1.327, 0.0, 1.382, 2.839, 4.239, 3.907, 3.034, 1.735, 2.059, 3.442, 4.565, 5.696, 7.597, 8.394, 7.582, 6.104, 5.932, 6.399, 6.682, 7.467, 7.449, 6.84, 6.445, 7.088, 6.499, 4.754, 3.529, 4.475, 4.824, 4.161, 2.718, 3.766, 6.679, 6.653, 4.755, 3.341, 4.022, 5.589, 5.946, 6.071, 5.312, 3.495, 3.214, 4.774, 5.49, 5.27, 5.197, 5.006, 3.981, 2.69, 2.154, 1.915, 2.616, 3.734, 4.033, 4.592, 4.959, 5.344, 5.196, 4.648, 4.728, 4.957, 5.259, 5.816, 5.834, 5.757, 5.45, 5.229, 5.997, 7.539, 8.074, 7.778, 7.778, 8.03, 8.95, 9.674, 10.896, 11.27, 10.722, 10.447, 11.2, 12.166, 12.218, 11.15, 9.587, 8.212, 6.807, 5.616, 4.507, 3.712, 3.214, 2.703, 2.452, 2.775, 3.441, 3.656, 3.303, 2.292, 3.444, 4.92, 3.899, 2.406, 2.096, 2.358, 3.285, 3.438, 3.16, 3.667, 3.632, 3.973, 4.118, 3.525, 2.798, 2.787, 3.299, 3.085, 3.275, 3.593, 3.445, 3.765, 3.971, 4.078, 3.606, 3.179, 3.524, 3.608, 3.531, 4.148, 3.281, 3.214, 2.9, 2.257, 2.519, 2.741, 2.546, 3.294, 5.017, 6.358, 6.423, 6.59, 7.566, 8.716, 8.566, 8.876, 9.389, 9.896, 10.652, 11.761, 11.109], [2.756, 2.72, 3.248, 4.058, 4.577, 5.568, 5.265, 2.464, 1.529, 1.104, 1.382, 0.0, 2.079, 3.533, 3.283, 2.417, 1.494, 2.769, 4.371, 5.445, 6.552, 8.481, 9.256, 8.481, 7.019, 6.904, 7.317, 7.517, 8.253, 8.407, 7.786, 7.305, 7.923, 7.316, 5.514, 4.241, 4.744, 4.809, 4.118, 2.664, 4.588, 7.531, 7.51, 5.711, 4.1, 4.418, 5.458, 5.831, 5.879, 5.411, 3.817, 2.778, 4.104, 4.792, 4.655, 4.453, 4.342, 3.439, 2.328, 2.149, 1.763, 1.974, 3.174, 3.708, 4.41, 4.68, 4.973, 4.926, 4.33, 4.483, 4.931, 4.979, 5.537, 5.289, 5.164, 4.912, 4.654, 5.374, 6.751, 7.373, 7.029, 6.982, 7.199, 8.062, 8.741, 10.011, 10.424, 9.854, 9.552, 10.379, 11.249, 11.358, 10.36, 8.8, 7.418, 6.016, 4.856, 3.767, 3.377, 3.038, 2.938, 2.267, 2.473, 2.96, 3.193, 3.048, 2.03, 2.714, 4.209, 3.395, 1.637, 2.023, 1.948, 2.535, 2.754, 2.705, 3.236, 3.109, 3.385, 3.447, 2.982, 2.723, 3.251, 4.144, 3.95, 4.23, 4.516, 4.367, 4.631, 4.889, 5.015, 4.524, 4.072, 4.419, 4.42, 4.439, 5.163, 4.283, 2.982, 2.519, 2.191, 2.924, 3.133, 2.985, 2.786, 4.337, 5.676, 5.749, 6.088, 6.967, 8.01, 7.839, 8.093, 8.654, 9.182, 9.937, 11.021, 10.326], [4.131, 3.817, 4.53, 5.276, 5.935, 7.041, 6.685, 3.927, 2.127, 2.095, 2.839, 2.079, 0.0, 1.686, 1.615, 1.501, 2.282, 4.048, 5.893, 7.041, 8.305, 10.186, 10.928, 10.199, 8.608, 8.31, 8.958, 9.258, 9.987, 10.125, 9.48, 9.191, 9.758, 9.229, 7.115, 5.135, 5.112, 5.218, 4.288, 3.738, 6.383, 9.231, 9.231, 7.424, 5.767, 5.603, 5.929, 6.504, 6.847, 6.697, 4.994, 3.172, 3.402, 3.924, 3.468, 3.222, 3.048, 2.854, 3.092, 3.154, 2.578, 2.097, 2.421, 2.946, 3.75, 4.235, 4.483, 4.685, 4.184, 4.589, 5.314, 5.158, 5.626, 4.916, 4.608, 4.515, 4.242, 4.137, 4.957, 5.676, 5.455, 5.261, 5.563, 6.497, 7.128, 8.273, 8.679, 8.092, 7.833, 8.647, 9.532, 9.57, 8.501, 6.943, 5.51, 4.142, 2.962, 2.486, 2.724, 2.714, 3.36, 3.113, 2.794, 2.769, 3.001, 3.344, 2.874, 1.652, 2.466, 2.256, 1.869, 3.042, 2.492, 1.558, 1.626, 2.173, 2.714, 2.533, 2.501, 2.824, 2.708, 2.903, 3.925, 5.196, 5.31, 5.646, 5.958, 5.811, 6.116, 6.331, 6.565, 6.123, 5.648, 6.034, 6.119, 5.872, 6.531, 5.468, 3.306, 2.296, 2.714, 3.806, 4.259, 3.949, 2.543, 2.469, 3.829, 4.191, 4.819, 5.588, 6.143, 5.961, 6.225, 6.713, 7.225, 7.926, 9.062, 8.447], [5.179, 4.425, 5.093, 6.005, 6.777, 7.806, 7.664, 4.966, 3.087, 3.36, 4.239, 3.533, 1.686, 0.0, 1.184, 1.895, 3.069, 4.927, 6.703, 7.923, 9.431, 11.31, 12.136, 11.464, 9.79, 9.189, 9.877, 10.334, 11.094, 11.423, 10.947, 10.676, 11.274, 10.714, 8.222, 5.963, 5.282, 5.333, 4.62, 4.848, 7.717, 10.393, 10.546, 8.776, 7.045, 6.547, 6.515, 7.198, 7.628, 7.618, 5.948, 3.84, 3.639, 3.462, 2.795, 2.579, 2.396, 2.846, 3.907, 4.156, 3.547, 2.992, 2.703, 2.621, 3.337, 4.041, 4.591, 4.917, 4.506, 4.912, 5.633, 5.806, 6.02, 5.428, 4.803, 5.033, 4.687, 3.894, 4.301, 4.909, 4.551, 4.647, 5.062, 5.992, 6.614, 7.449, 7.666, 7.114, 7.077, 8.005, 8.783, 8.6, 7.405, 5.735, 4.122, 2.778, 1.962, 2.113, 2.747, 2.811, 3.589, 3.723, 3.319, 2.972, 3.138, 3.784, 3.452, 1.499, 1.65, 1.77, 2.594, 3.91, 3.112, 1.85, 1.717, 2.447, 2.868, 2.566, 2.468, 2.894, 2.846, 3.32, 4.446, 5.784, 5.922, 6.366, 6.652, 6.513, 6.807, 7.285, 7.575, 7.083, 6.578, 7.034, 7.23, 7.027, 7.244, 6.08, 3.834, 2.503, 3.004, 4.098, 4.649, 4.214, 2.588, 1.577, 2.634, 3.283, 3.996, 4.761, 4.975, 4.926, 5.041, 5.261, 5.806, 6.497, 7.562, 7.092], [4.922, 4.339, 4.991, 5.853, 6.592, 7.552, 7.369, 4.591, 2.943, 3.174, 3.907, 3.283, 1.615, 1.184, 0.0, 1.323, 2.842, 4.655, 6.386, 7.64, 9.129, 10.994, 11.822, 11.177, 9.498, 9.051, 9.54, 10.014, 10.846, 11.184, 10.641, 10.298, 10.926, 10.328, 7.976, 5.802, 5.337, 5.427, 4.636, 4.679, 7.362, 10.168, 10.295, 8.491, 6.822, 6.375, 6.545, 7.118, 7.464, 7.456, 5.778, 3.767, 3.614, 3.757, 3.071, 2.77, 2.757, 2.907, 3.756, 3.883, 3.361, 2.767, 2.504, 2.663, 3.53, 4.314, 4.696, 4.946, 4.494, 4.869, 5.592, 5.733, 6.018, 5.354, 4.77, 4.976, 4.659, 3.929, 4.597, 5.237, 4.818, 4.869, 5.197, 6.002, 6.6, 7.437, 7.738, 7.291, 7.011, 8.056, 8.93, 8.782, 7.575, 5.873, 4.454, 3.044, 2.093, 1.977, 2.657, 3.019, 3.923, 3.668, 3.334, 3.045, 3.348, 3.895, 3.447, 1.841, 2.046, 1.995, 2.558, 3.695, 2.931, 1.98, 2.003, 2.453, 3.069, 2.969, 2.852, 3.204, 2.929, 3.315, 4.632, 5.847, 5.862, 6.205, 6.496, 6.388, 6.607, 7.009, 7.258, 6.774, 6.218, 6.669, 6.873, 6.731, 7.12, 6.098, 3.948, 2.68, 2.961, 4.055, 4.527, 4.223, 2.807, 2.082, 3.165, 3.653, 4.312, 5.185, 5.46, 5.531, 5.527, 5.759, 6.156, 6.85, 7.917, 7.31], [3.933, 3.805, 4.46, 5.342, 5.936, 6.848, 6.565, 3.793, 2.172, 2.451, 3.034, 2.417, 1.501, 1.895, 1.323, 0.0, 2.045, 3.8, 5.708, 6.917, 8.133, 10.027, 10.872, 10.211, 8.611, 8.234, 8.802, 9.088, 9.926, 10.221, 9.672, 9.325, 9.899, 9.197, 7.188, 5.231, 5.272, 5.374, 4.577, 3.877, 6.28, 9.211, 9.327, 7.53, 5.917, 5.7, 6.173, 6.824, 6.909, 6.643, 5.12, 3.274, 3.894, 4.286, 3.632, 3.246, 3.166, 3.224, 3.026, 3.202, 2.587, 2.231, 2.809, 3.252, 4.151, 4.756, 5.097, 5.202, 4.428, 4.722, 5.478, 5.71, 6.163, 5.44, 5.138, 4.912, 4.69, 4.377, 5.149, 5.844, 5.541, 5.508, 5.767, 6.655, 7.303, 8.26, 8.543, 8.182, 7.955, 8.783, 9.673, 9.685, 8.527, 6.921, 5.369, 4.011, 3.034, 2.187, 2.567, 2.703, 3.483, 3.091, 2.659, 2.578, 2.903, 3.267, 2.876, 2.142, 2.907, 2.486, 2.151, 3.141, 2.392, 1.753, 2.045, 2.01, 2.835, 2.706, 2.556, 3.075, 2.656, 2.953, 4.04, 5.173, 5.074, 5.438, 5.692, 5.466, 5.777, 6.142, 6.306, 5.809, 5.261, 5.726, 6.001, 5.894, 6.392, 5.406, 3.298, 2.27, 2.699, 3.636, 4.14, 3.79, 2.369, 2.776, 4.066, 4.349, 5.045, 5.888, 6.367, 6.353, 6.275, 6.728, 7.207, 7.928, 8.993, 8.282], [2.731, 2.293, 2.933, 3.641, 4.145, 5.012, 4.804, 2.184, 1.73, 1.568, 1.735, 1.494, 2.282, 3.069, 2.842, 2.045, 0.0, 2.091, 3.875, 5.123, 6.55, 8.432, 9.282, 8.639, 6.96, 6.49, 7.077, 7.457, 8.296, 8.645, 8.103, 7.788, 8.333, 7.693, 6.016, 4.556, 4.741, 5.092, 4.574, 3.257, 4.761, 7.63, 7.757, 5.955, 4.615, 4.985, 6.111, 6.71, 6.797, 6.158, 4.404, 3.412, 4.693, 5.219, 4.613, 4.325, 4.11, 3.968, 3.333, 2.968, 2.387, 2.568, 3.538, 3.806, 4.496, 5.326, 5.683, 5.612, 4.762, 4.874, 5.238, 5.928, 6.468, 6.143, 5.929, 5.549, 5.202, 5.14, 6.704, 7.208, 6.756, 6.815, 7.472, 8.501, 9.135, 9.95, 10.212, 9.807, 9.618, 10.623, 11.46, 11.333, 10.138, 8.475, 6.895, 5.528, 4.393, 3.36, 2.924, 2.395, 2.16, 1.8, 1.873, 2.387, 2.689, 2.618, 1.622, 2.425, 3.774, 3.046, 1.545, 1.877, 1.603, 2.053, 2.294, 2.156, 2.75, 2.659, 2.853, 3.133, 2.547, 2.046, 2.556, 3.506, 3.222, 3.593, 3.816, 3.642, 3.948, 4.323, 4.586, 4.1, 3.555, 4.007, 4.274, 4.231, 4.56, 3.491, 2.261, 2.031, 1.835, 2.519, 2.952, 2.667, 2.328, 3.816, 5.16, 5.32, 5.673, 6.602, 7.5, 7.493, 7.595, 8.12, 8.702, 9.419, 10.493, 9.831], [2.399, 1.993, 2.024, 2.291, 2.474, 3.162, 2.968, 1.209, 2.825, 2.665, 2.059, 2.769, 4.048, 4.927, 4.655, 3.8, 2.091, 0.0, 2.056, 3.246, 4.668, 6.55, 7.383, 6.743, 5.052, 4.569, 5.226, 5.59, 6.405, 6.726, 6.206, 6.011, 6.59, 6.122, 5.234, 4.822, 5.384, 5.807, 5.315, 4.067, 3.298, 5.711, 5.831, 4.297, 3.621, 5.318, 6.881, 7.578, 7.652, 6.757, 5.022, 4.532, 6.145, 6.63, 6.2, 6.093, 5.856, 5.181, 4.279, 3.723, 3.373, 3.787, 4.742, 4.94, 5.626, 6.35, 6.781, 6.65, 5.828, 5.873, 6.059, 6.818, 7.413, 7.295, 7.128, 6.716, 6.376, 6.788, 8.508, 8.956, 8.446, 8.58, 9.27, 10.335, 10.972, 11.813, 12.093, 11.651, 11.436, 12.427, 13.275, 13.181, 11.998, 10.328, 8.744, 7.377, 6.219, 5.159, 3.988, 3.081, 2.406, 2.491, 2.974, 3.71, 3.851, 2.901, 2.319, 4.091, 5.537, 4.495, 3.022, 1.888, 2.489, 3.885, 4.035, 3.452, 3.556, 4.207, 4.589, 4.743, 4.149, 2.898, 2.053, 2.12, 1.785, 1.989, 2.149, 2.069, 2.425, 2.703, 2.999, 2.378, 2.131, 2.329, 2.612, 2.71, 2.701, 1.959, 2.53, 3.39, 2.993, 3.231, 3.508, 3.061, 3.9, 5.638, 6.982, 7.129, 7.239, 8.343, 9.374, 9.342, 9.475, 9.979, 10.568, 11.267, 12.335, 11.668], [2.397, 2.742, 2.027, 1.377, 1.374, 1.645, 1.811, 2.524, 4.684, 4.363, 3.442, 4.371, 5.893, 6.703, 6.386, 5.708, 3.875, 2.056, 0.0, 1.389, 2.881, 4.762, 5.612, 4.969, 3.293, 2.939, 3.328, 3.79, 4.655, 4.984, 4.47, 4.306, 4.87, 4.681, 4.328, 4.478, 4.988, 5.323, 5.142, 4.191, 2.274, 3.96, 4.088, 2.64, 3.081, 4.961, 6.511, 7.22, 7.362, 6.487, 5.04, 5.724, 7.659, 8.266, 7.796, 7.797, 7.706, 6.635, 5.273, 4.227, 4.506, 5.135, 5.87, 5.986, 6.556, 7.322, 7.882, 7.377, 6.683, 6.322, 6.11, 6.71, 7.522, 8.274, 8.444, 7.724, 7.599, 8.319, 10.4, 10.861, 10.319, 10.464, 11.161, 12.218, 12.865, 13.711, 14.013, 13.562, 13.302, 14.332, 15.197, 15.059, 13.839, 12.094, 10.572, 9.227, 7.967, 6.939, 5.856, 4.768, 4.01, 4.093, 4.577, 5.313, 5.464, 4.23, 3.85, 5.766, 7.288, 6.035, 4.498, 3.153, 4.091, 5.601, 5.78, 5.178, 5.23, 5.932, 6.336, 6.484, 5.874, 4.583, 3.28, 2.025, 1.7, 1.348, 1.038, 1.583, 1.73, 1.29, 1.586, 1.423, 1.997, 1.522, 1.354, 1.569, 1.344, 1.956, 3.9, 4.934, 4.485, 3.459, 3.273, 3.463, 5.634, 7.42, 8.793, 8.886, 9.035, 10.133, 11.101, 11.198, 11.348, 11.7, 12.292, 13.014, 14.084, 13.478], [3.436, 3.834, 3.127, 2.157, 1.828, 1.769, 2.036, 3.717, 5.707, 5.548, 4.565, 5.445, 7.041, 7.923, 7.64, 6.917, 5.123, 3.246, 1.389, 0.0, 1.887, 3.66, 4.473, 3.803, 2.264, 2.427, 2.324, 2.687, 3.481, 3.81, 3.567, 3.588, 4.013, 4.097, 4.056, 4.889, 5.283, 5.633, 5.792, 4.783, 2.428, 2.811, 2.925, 1.831, 3.677, 5.23, 6.616, 7.475, 7.569, 6.784, 5.598, 6.604, 8.582, 9.274, 8.884, 9.064, 8.999, 7.874, 6.375, 5.255, 5.581, 6.04, 6.594, 7.065, 7.689, 8.291, 8.719, 8.199, 7.711, 7.354, 6.829, 7.403, 8.251, 9.151, 9.478, 8.644, 8.497, 9.537, 11.673, 12.15, 11.57, 11.607, 12.43, 13.431, 14.083, 14.999, 15.323, 14.875, 14.583, 15.588, 16.471, 16.382, 15.176, 13.406, 11.807, 10.415, 9.094, 8.139, 7.062, 5.931, 5.111, 5.094, 5.564, 6.273, 6.417, 5.184, 4.902, 7.037, 8.528, 7.183, 5.56, 4.288, 5.277, 6.677, 6.886, 6.288, 6.325, 7.027, 7.429, 7.578, 6.961, 5.639, 4.226, 2.842, 2.495, 2.101, 1.745, 2.347, 2.358, 1.573, 1.669, 1.99, 2.695, 2.256, 1.725, 1.904, 1.564, 2.496, 4.725, 6.015, 5.593, 4.533, 3.999, 4.526, 6.674, 8.502, 9.903, 9.964, 10.199, 11.273, 12.42, 12.485, 12.661, 12.927, 13.554, 14.173, 15.295, 14.759], [4.535, 5.414, 4.612, 3.726, 2.822, 2.026, 2.158, 5.114, 6.835, 6.682, 5.696, 6.552, 8.305, 9.431, 9.129, 8.133, 6.55, 4.668, 2.881, 1.887, 0.0, 2.094, 2.985, 2.275, 1.745, 2.127, 1.698, 1.514, 2.483, 3.042, 2.973, 2.963, 3.492, 3.799, 4.38, 5.458, 6.292, 6.672, 6.74, 5.592, 2.698, 1.67, 1.737, 2.029, 4.333, 5.63, 6.888, 7.67, 7.742, 7.026, 6.249, 7.574, 9.489, 10.335, 10.189, 10.386, 10.233, 9.059, 7.342, 6.38, 6.585, 7.132, 7.751, 8.468, 9.168, 9.38, 9.626, 9.074, 8.926, 8.554, 7.99, 8.048, 8.928, 9.959, 10.342, 9.455, 9.477, 10.95, 12.882, 13.44, 12.986, 12.986, 13.556, 14.523, 15.196, 16.301, 16.624, 16.186, 15.922, 16.697, 17.638, 17.65, 16.508, 14.903, 13.365, 11.969, 10.738, 9.642, 8.539, 7.556, 6.84, 6.819, 7.242, 7.917, 8.003, 6.851, 6.59, 8.55, 10.088, 8.859, 7.127, 5.838, 6.84, 8.411, 8.609, 8.007, 8.059, 8.761, 9.165, 9.313, 8.695, 7.319, 5.877, 4.261, 3.951, 3.655, 3.328, 3.691, 3.303, 2.655, 2.332, 2.706, 3.378, 3.103, 2.717, 2.574, 2.414, 3.649, 6.415, 7.68, 7.244, 6.131, 5.477, 6.239, 8.403, 10.2, 11.553, 11.605, 11.745, 12.739, 13.948, 13.898, 14.093, 14.524, 15.112, 15.852, 16.907, 16.266], [6.503, 7.292, 6.486, 5.604, 4.69, 3.741, 3.791, 6.955, 8.81, 8.586, 7.597, 8.481, 10.186, 11.31, 10.994, 10.027, 8.432, 6.55, 4.762, 3.66, 2.094, 0.0, 1.349, 1.373, 1.831, 2.462, 1.824, 1.772, 2.275, 2.866, 2.871, 2.912, 3.23, 3.996, 5.371, 7.308, 8.045, 8.472, 8.593, 7.459, 4.086, 1.513, 1.697, 3.521, 5.86, 7.054, 8.05, 8.891, 8.96, 8.325, 7.77, 9.52, 11.415, 12.303, 12.038, 12.235, 12.103, 10.942, 9.337, 8.27, 8.593, 9.027, 9.624, 10.327, 11.044, 11.37, 11.438, 10.92, 10.769, 10.446, 9.73, 9.85, 10.583, 11.86, 12.26, 11.234, 11.394, 12.827, 14.768, 15.315, 14.867, 14.849, 15.486, 16.465, 17.113, 18.175, 18.496, 18.047, 17.763, 18.627, 19.519, 19.527, 18.377, 16.77, 15.275, 13.845, 12.628, 11.518, 10.405, 9.431, 8.718, 8.697, 9.121, 9.795, 9.881, 8.729, 8.468, 10.438, 11.966, 10.738, 9.005, 7.714, 8.718, 10.289, 10.487, 9.881, 9.937, 10.639, 11.043, 11.191, 10.574, 9.198, 7.756, 6.137, 5.826, 5.53, 5.23, 5.607, 5.143, 4.526, 4.118, 4.558, 5.193, 4.938, 4.548, 4.446, 4.289, 5.527, 8.288, 9.558, 9.122, 8.01, 7.337, 8.117, 10.282, 12.078, 13.432, 13.483, 13.635, 14.607, 15.831, 15.772, 15.998, 16.413, 16.977, 17.73, 18.793, 18.166], [7.36, 8.11, 7.334, 6.422, 5.507, 4.558, 4.551, 7.787, 9.589, 9.383, 8.394, 9.256, 10.928, 12.136, 11.822, 10.872, 9.282, 7.383, 5.612, 4.473, 2.985, 1.349, 0.0, 1.163, 2.447, 3.105, 2.397, 2.142, 2.375, 2.89, 2.796, 3.018, 3.361, 4.337, 5.962, 7.975, 8.864, 9.189, 9.368, 8.14, 4.802, 1.995, 1.996, 4.163, 6.471, 7.575, 8.711, 9.564, 9.584, 8.921, 8.368, 10.269, 12.049, 13.04, 12.854, 13.063, 12.936, 11.79, 10.123, 9.074, 9.405, 9.773, 10.415, 11.104, 11.815, 12.085, 12.066, 11.57, 11.528, 11.276, 10.549, 10.581, 11.239, 12.594, 12.97, 12.024, 12.183, 13.611, 15.601, 16.136, 15.692, 15.661, 16.326, 17.309, 17.94, 18.995, 19.331, 18.866, 18.569, 19.466, 20.365, 20.346, 19.201, 17.611, 16.124, 14.688, 13.46, 12.324, 11.17, 10.25, 9.536, 9.515, 9.938, 10.613, 10.699, 9.547, 9.306, 11.343, 12.795, 11.556, 9.823, 8.501, 9.536, 11.107, 11.305, 10.703, 10.755, 11.474, 11.861, 12.009, 11.391, 10.016, 8.573, 6.986, 6.668, 6.355, 6.058, 6.454, 6.031, 5.314, 4.941, 5.412, 6.045, 5.78, 5.354, 5.301, 5.107, 6.345, 9.128, 10.376, 9.94, 8.828, 8.153, 8.935, 11.099, 12.896, 14.25, 14.301, 14.426, 15.386, 16.64, 16.557, 16.833, 17.298, 17.834, 18.551, 19.659, 19.046], [6.585, 7.394, 6.688, 5.72, 4.792, 3.891, 3.871, 7.153, 8.767, 8.64, 7.582, 8.481, 10.199, 11.464, 11.177, 10.211, 8.639, 6.743, 4.969, 3.803, 2.275, 1.373, 1.163, 0.0, 1.803, 2.407, 1.8, 2.012, 2.438, 2.856, 2.702, 2.776, 3.258, 4.011, 5.347, 7.14, 8.144, 8.457, 8.487, 7.218, 4.211, 1.671, 1.484, 3.119, 5.578, 6.79, 8.11, 8.956, 9.032, 8.308, 7.432, 9.359, 11.048, 12.212, 12.209, 12.428, 12.283, 11.065, 9.231, 8.279, 8.553, 9.047, 9.652, 10.407, 11.115, 11.198, 11.071, 10.6, 10.884, 10.602, 9.911, 9.791, 10.323, 11.615, 12.062, 11.182, 11.373, 12.963, 14.944, 15.468, 15.053, 14.979, 15.546, 16.488, 17.166, 18.345, 18.692, 18.202, 17.926, 18.674, 19.656, 19.683, 18.56, 16.976, 15.478, 14.015, 12.78, 11.657, 10.465, 9.545, 8.82, 8.8, 9.223, 9.898, 9.983, 8.848, 8.66, 10.68, 12.14, 10.84, 9.108, 7.786, 8.821, 10.392, 10.592, 10.007, 10.063, 10.797, 11.145, 11.293, 10.676, 9.3, 7.858, 6.331, 6.014, 5.685, 5.431, 5.807, 5.368, 4.657, 4.303, 4.742, 5.406, 5.141, 4.711, 4.636, 4.392, 5.629, 8.45, 9.66, 9.26, 8.112, 7.437, 8.22, 10.384, 12.181, 13.534, 13.608, 13.71, 14.702, 15.979, 15.901, 16.192, 16.636, 17.135, 17.862, 19.014, 18.382], [5.109, 5.691, 5.017, 4.053, 3.377, 2.661, 2.653, 5.469, 7.336, 7.11, 6.104, 7.019, 8.608, 9.79, 9.498, 8.611, 6.96, 5.052, 3.293, 2.264, 1.745, 1.831, 2.447, 1.803, 0.0, 1.271, 1.321, 1.978, 3.147, 3.615, 3.528, 3.581, 4.003, 4.471, 5.185, 6.251, 6.948, 7.182, 7.28, 6.208, 3.519, 1.877, 2.062, 2.598, 5.118, 6.597, 7.913, 8.798, 8.86, 8.161, 6.986, 8.012, 9.844, 10.822, 10.583, 10.759, 10.644, 9.489, 7.902, 6.781, 7.166, 7.552, 8.147, 8.745, 9.39, 9.832, 10.001, 9.575, 9.247, 9.041, 8.539, 8.815, 9.701, 10.547, 10.819, 10.042, 10.044, 11.277, 13.303, 13.81, 13.366, 13.325, 14.046, 15.039, 15.679, 16.669, 17.018, 16.54, 16.247, 17.196, 18.079, 18.022, 16.878, 15.285, 13.795, 12.342, 11.108, 9.974, 8.751, 7.847, 7.117, 7.097, 7.52, 8.195, 8.306, 7.175, 6.986, 9.019, 10.466, 9.164, 7.405, 6.074, 7.118, 8.709, 8.919, 8.333, 8.39, 9.123, 9.443, 9.59, 8.973, 7.597, 6.166, 4.73, 4.344, 4.011, 3.761, 4.163, 3.921, 3.048, 2.668, 3.082, 3.732, 3.475, 3.048, 3.075, 2.806, 3.991, 6.777, 7.958, 7.586, 6.409, 5.766, 6.517, 8.681, 10.478, 11.848, 11.934, 12.004, 13.017, 14.3, 14.207, 14.5, 14.974, 15.472, 16.186, 17.339, 16.711], [4.951, 5.134, 4.535, 3.488, 2.7, 2.099, 2.144, 5.153, 7.167, 6.852, 5.932, 6.904, 8.31, 9.189, 9.051, 8.234, 6.49, 4.569, 2.939, 2.427, 2.127, 2.462, 3.105, 2.407, 1.271, 0.0, 1.3, 2.101, 3.421, 3.97, 3.904, 3.985, 4.408, 4.913, 5.973, 6.878, 7.103, 7.419, 7.501, 6.686, 4.185, 2.303, 2.439, 3.336, 5.62, 7.267, 8.592, 9.524, 9.657, 8.89, 7.515, 8.225, 10.136, 10.757, 10.349, 10.378, 10.267, 9.259, 7.874, 6.772, 7.046, 7.674, 8.262, 8.49, 9.045, 9.799, 10.339, 9.936, 9.301, 8.958, 8.747, 9.328, 10.172, 10.935, 11.09, 10.377, 10.192, 10.919, 12.961, 13.445, 12.906, 12.95, 13.712, 14.786, 15.43, 16.291, 16.592, 16.146, 15.884, 16.886, 17.734, 17.628, 16.463, 14.794, 13.201, 11.716, 10.511, 9.414, 8.25, 7.184, 6.448, 6.458, 6.915, 7.58, 7.693, 6.548, 6.392, 8.456, 9.896, 8.536, 6.857, 5.626, 6.489, 8.048, 8.257, 7.728, 7.729, 8.462, 8.768, 8.916, 8.299, 6.923, 5.563, 4.188, 3.892, 3.532, 3.351, 3.612, 3.309, 2.589, 2.322, 2.742, 3.406, 3.141, 2.785, 2.771, 2.422, 3.382, 6.222, 7.328, 6.956, 5.851, 5.741, 5.863, 8.037, 9.826, 11.191, 11.374, 11.418, 12.519, 13.769, 13.72, 14.007, 14.411, 14.91, 15.571, 16.747, 16.173], [5.408, 5.872, 5.12, 4.186, 3.318, 2.455, 2.581, 5.59, 7.701, 7.353, 6.399, 7.317, 8.958, 9.877, 9.54, 8.802, 7.077, 5.226, 3.328, 2.324, 1.698, 1.824, 2.397, 1.8, 1.321, 1.3, 0.0, 1.512, 2.867, 3.461, 3.34, 3.273, 3.801, 4.275, 5.47, 6.609, 7.017, 7.478, 7.739, 6.686, 3.844, 1.874, 1.971, 3.058, 5.413, 6.92, 8.277, 9.019, 9.128, 8.439, 7.287, 8.473, 10.481, 11.25, 10.854, 10.907, 10.834, 9.709, 8.207, 7.036, 7.475, 7.963, 8.516, 9.022, 9.624, 10.256, 10.605, 10.077, 9.624, 9.256, 8.617, 9.005, 9.901, 10.897, 11.288, 10.452, 10.356, 11.437, 13.472, 13.98, 13.563, 13.588, 14.288, 15.237, 15.908, 16.816, 17.118, 16.674, 16.395, 17.414, 18.286, 18.198, 17.004, 15.335, 13.886, 12.496, 11.224, 10.117, 9.061, 8.018, 7.279, 7.306, 7.763, 8.428, 8.504, 7.338, 7.067, 9.034, 10.529, 9.299, 7.609, 6.327, 7.323, 8.85, 9.048, 8.446, 8.498, 9.222, 9.604, 9.752, 9.134, 7.759, 6.342, 4.781, 4.497, 4.195, 3.842, 4.283, 3.878, 3.259, 2.894, 3.338, 3.958, 3.68, 3.343, 3.276, 2.955, 4.16, 6.96, 8.169, 7.728, 6.621, 6.021, 6.698, 8.886, 10.671, 12.01, 12.069, 12.238, 13.27, 14.37, 14.335, 14.608, 15.012, 15.54, 16.282, 17.394, 16.762], [5.575, 6.317, 5.515, 4.629, 3.761, 3.012, 3.146, 5.99, 7.855, 7.649, 6.682, 7.517, 9.258, 10.334, 10.014, 9.088, 7.457, 5.59, 3.79, 2.687, 1.514, 1.772, 2.142, 2.012, 1.978, 2.101, 1.512, 0.0, 1.55, 2.171, 2.162, 2.434, 2.719, 3.417, 5.001, 6.444, 7.155, 7.553, 7.733, 6.625, 3.705, 1.508, 1.349, 2.919, 5.322, 6.535, 7.692, 8.521, 8.561, 7.942, 7.188, 8.605, 10.541, 11.302, 11.117, 11.296, 11.171, 10.022, 8.332, 7.336, 7.616, 8.063, 8.701, 9.373, 10.072, 10.367, 10.661, 10.102, 9.804, 9.47, 8.886, 9.019, 9.862, 10.971, 11.377, 10.463, 10.494, 11.848, 13.831, 14.369, 13.922, 13.9, 14.582, 15.536, 16.175, 17.241, 17.543, 17.1, 16.81, 17.712, 18.598, 18.592, 17.43, 15.794, 14.304, 12.884, 11.642, 10.545, 9.447, 8.462, 7.743, 7.722, 8.175, 8.84, 8.927, 7.757, 7.493, 9.469, 10.991, 9.763, 8.031, 6.742, 7.743, 9.314, 9.512, 8.907, 8.962, 9.664, 10.068, 10.216, 9.598, 8.222, 6.78, 5.181, 4.897, 4.588, 4.262, 4.638, 4.377, 3.634, 3.248, 3.651, 4.415, 4.113, 3.703, 3.543, 3.385, 4.569, 7.35, 8.583, 8.147, 7.035, 6.419, 7.142, 9.306, 11.103, 12.456, 12.508, 12.644, 13.649, 14.841, 14.8, 15.04, 15.449, 15.998, 16.76, 17.827, 17.172], [6.246, 7.048, 6.267, 5.361, 4.471, 3.947, 4.181, 6.87, 8.513, 8.415, 7.467, 8.253, 9.987, 11.094, 10.846, 9.926, 8.296, 6.405, 4.655, 3.481, 2.483, 2.275, 2.375, 2.438, 3.147, 3.421, 2.867, 1.55, 0.0, 1.181, 1.661, 1.875, 1.824, 2.661, 4.393, 6.924, 7.795, 8.115, 8.162, 6.944, 4.019, 1.651, 1.639, 3.038, 5.232, 6.301, 7.3, 8.17, 8.12, 7.419, 7.143, 9.194, 10.858, 11.931, 11.883, 12.153, 12.017, 10.833, 9.035, 8.114, 8.335, 8.798, 9.419, 10.193, 10.867, 10.973, 10.935, 10.392, 10.608, 10.312, 9.598, 9.577, 10.035, 11.425, 11.867, 10.949, 11.144, 12.64, 14.666, 15.216, 14.727, 14.664, 15.323, 16.288, 16.95, 18.082, 18.41, 17.949, 17.663, 18.464, 19.411, 19.431, 18.288, 16.669, 15.102, 13.62, 12.395, 11.29, 10.226, 9.193, 8.474, 8.454, 8.92, 9.632, 9.768, 8.526, 8.276, 10.293, 11.767, 10.494, 8.765, 7.52, 8.487, 10.046, 10.244, 9.642, 9.694, 10.396, 10.8, 10.947, 10.332, 8.957, 7.58, 6.036, 5.697, 5.396, 5.101, 5.49, 5.254, 4.443, 4.335, 4.728, 5.468, 5.127, 4.575, 4.386, 4.225, 5.354, 8.041, 9.316, 8.879, 7.766, 7.091, 7.874, 10.038, 11.835, 13.188, 13.239, 13.417, 14.407, 15.677, 15.613, 15.87, 16.251, 16.816, 17.505, 18.604, 18.045], [6.55, 7.361, 6.647, 5.699, 4.854, 4.639, 4.608, 7.137, 8.711, 8.584, 7.449, 8.407, 10.125, 11.423, 11.184, 10.221, 8.645, 6.726, 4.984, 3.81, 3.042, 2.866, 2.89, 2.856, 3.615, 3.97, 3.461, 2.171, 1.181, 0.0, 1.048, 1.604, 1.426, 2.316, 4.195, 7.007, 8.106, 8.424, 8.454, 7.142, 4.08, 2.078, 1.901, 2.753, 5.071, 6.149, 7.324, 8.05, 7.78, 7.127, 6.747, 9.305, 10.881, 12.14, 12.19, 12.418, 12.263, 10.986, 9.087, 8.172, 8.491, 8.993, 9.643, 10.394, 11.109, 11.176, 10.942, 10.432, 10.865, 10.595, 9.9, 9.704, 10.092, 11.315, 11.922, 11.16, 11.337, 12.945, 14.932, 15.426, 15.014, 14.991, 15.46, 16.342, 17.065, 18.319, 18.672, 18.161, 17.885, 18.615, 19.588, 19.64, 18.539, 16.964, 15.444, 13.992, 12.77, 11.627, 10.437, 9.517, 8.787, 8.766, 9.19, 9.866, 9.961, 8.827, 8.619, 10.665, 12.105, 10.817, 9.074, 7.769, 8.788, 10.362, 10.571, 9.974, 10.043, 10.776, 11.112, 11.26, 10.643, 9.267, 7.831, 6.337, 6.056, 5.71, 5.42, 5.805, 5.596, 4.711, 4.633, 4.989, 5.719, 5.334, 4.777, 4.745, 4.63, 5.729, 8.429, 9.627, 9.239, 8.079, 7.404, 8.187, 10.351, 12.148, 13.501, 13.58, 13.697, 14.7, 15.985, 15.895, 16.192, 16.62, 17.119, 17.845, 18.98, 18.385], [6.059, 6.876, 6.164, 5.189, 4.534, 4.639, 4.422, 6.565, 8.185, 7.969, 6.84, 7.786, 9.48, 10.947, 10.641, 9.672, 8.103, 6.206, 4.47, 3.567, 2.973, 2.871, 2.796, 2.702, 3.528, 3.904, 3.34, 2.162, 1.661, 1.048, 0.0, 0.942, 1.254, 2.083, 3.83, 6.427, 7.621, 7.939, 7.969, 6.543, 3.563, 2.028, 1.709, 2.339, 4.439, 5.622, 6.938, 7.523, 7.322, 6.705, 6.223, 8.741, 10.263, 11.603, 11.679, 11.859, 11.697, 10.351, 8.451, 7.534, 7.931, 8.425, 9.108, 9.86, 10.56, 10.618, 10.362, 9.867, 10.302, 10.055, 9.349, 9.084, 9.442, 10.664, 11.266, 10.577, 10.788, 12.417, 14.371, 14.861, 14.497, 14.436, 14.824, 15.68, 16.432, 17.724, 18.109, 17.547, 17.27, 17.999, 18.972, 19.036, 17.972, 16.4, 14.939, 13.48, 12.257, 11.124, 9.907, 9.026, 8.302, 8.282, 8.705, 9.38, 9.465, 8.314, 8.136, 10.17, 11.616, 10.322, 8.589, 7.259, 8.303, 9.874, 10.072, 9.495, 9.527, 10.26, 10.627, 10.775, 10.158, 8.782, 7.343, 5.841, 5.656, 5.209, 4.891, 5.323, 5.21, 4.383, 4.409, 4.908, 5.537, 5.058, 4.419, 4.518, 4.587, 5.67, 8.037, 9.142, 8.723, 7.594, 6.919, 7.702, 9.866, 11.663, 13.016, 13.087, 13.189, 14.153, 15.443, 15.334, 15.64, 16.125, 16.64, 17.324, 18.488, 17.862], [5.778, 6.658, 5.901, 4.971, 4.467, 4.69, 4.396, 6.082, 7.889, 7.475, 6.445, 7.305, 9.191, 10.676, 10.298, 9.325, 7.788, 6.011, 4.306, 3.588, 2.963, 2.912, 3.018, 2.776, 3.581, 3.985, 3.273, 2.434, 1.875, 1.604, 0.942, 0.0, 1.151, 1.602, 3.341, 6.119, 7.402, 7.721, 7.751, 6.298, 3.187, 1.966, 1.811, 2.256, 4.089, 5.328, 6.672, 7.063, 6.774, 6.2, 6.037, 8.425, 9.993, 11.328, 11.398, 11.452, 11.349, 9.863, 7.962, 7.014, 7.569, 8.125, 8.873, 9.581, 10.262, 10.357, 10.111, 9.577, 9.99, 9.715, 9.007, 8.639, 8.974, 10.204, 10.843, 10.196, 10.466, 12.124, 13.935, 14.471, 14.189, 14.185, 14.347, 15.18, 15.939, 17.254, 17.65, 17.083, 16.778, 17.536, 18.485, 18.555, 17.545, 15.969, 14.635, 13.245, 12.01, 10.868, 9.662, 8.799, 8.084, 8.063, 8.487, 9.162, 9.247, 8.144, 7.855, 9.846, 11.335, 10.104, 8.371, 7.041, 8.084, 9.655, 9.853, 9.252, 9.303, 10.032, 10.409, 10.557, 9.94, 8.564, 7.122, 5.613, 5.444, 5.013, 4.689, 5.143, 5.103, 4.353, 4.264, 4.812, 5.389, 4.822, 4.151, 4.308, 4.661, 5.685, 7.861, 8.924, 8.495, 7.376, 6.701, 7.484, 9.648, 11.444, 12.798, 12.849, 12.971, 13.934, 15.152, 14.997, 15.312, 15.825, 16.332, 17.09, 18.195, 17.539], [6.309, 7.214, 6.456, 5.536, 4.959, 5.163, 4.905, 6.696, 8.414, 8.166, 7.088, 7.923, 9.758, 11.274, 10.926, 9.899, 8.333, 6.59, 4.87, 4.013, 3.492, 3.23, 3.361, 3.258, 4.003, 4.408, 3.801, 2.719, 1.824, 1.426, 1.254, 1.151, 0.0, 1.595, 3.563, 6.725, 7.958, 8.277, 8.307, 6.797, 3.743, 2.387, 2.225, 2.795, 4.533, 5.863, 7.144, 7.557, 7.185, 6.438, 6.456, 9.011, 10.595, 11.862, 11.943, 12.036, 11.92, 10.494, 8.603, 7.762, 8.135, 8.652, 9.428, 10.17, 10.82, 10.904, 10.671, 10.113, 10.511, 10.284, 9.579, 9.269, 9.627, 10.852, 11.477, 10.793, 11.056, 12.73, 14.543, 15.05, 14.725, 14.679, 14.989, 15.825, 16.573, 17.867, 18.261, 17.709, 17.414, 18.156, 19.111, 19.21, 18.173, 16.589, 15.175, 13.74, 12.545, 11.437, 10.208, 9.351, 8.64, 8.619, 9.042, 9.717, 9.803, 8.66, 8.444, 10.412, 11.933, 10.659, 8.927, 7.596, 8.64, 10.211, 10.409, 9.821, 9.859, 10.561, 10.961, 11.11, 10.495, 9.119, 7.677, 6.104, 5.852, 5.477, 5.234, 5.676, 5.609, 4.773, 4.66, 5.261, 5.877, 5.308, 4.669, 4.825, 5.144, 6.118, 8.224, 9.48, 9.044, 7.931, 7.257, 8.039, 10.203, 12.0, 13.353, 13.414, 13.526, 14.489, 15.761, 15.592, 15.847, 16.406, 16.956, 17.657, 18.769, 18.104], [5.688, 6.696, 5.903, 5.172, 5.139, 5.44, 5.206, 6.189, 7.856, 7.555, 6.499, 7.316, 9.229, 10.714, 10.328, 9.197, 7.693, 6.122, 4.681, 4.097, 3.799, 3.996, 4.337, 4.011, 4.471, 4.913, 4.275, 3.417, 2.661, 2.316, 2.083, 1.602, 1.595, 0.0, 2.865, 6.15, 7.441, 7.759, 7.789, 6.246, 3.525, 3.117, 3.066, 2.786, 3.927, 5.317, 6.624, 7.001, 6.331, 5.562, 5.939, 8.463, 10.053, 11.315, 11.371, 11.37, 11.257, 9.781, 7.924, 7.126, 7.472, 8.051, 8.911, 9.619, 10.301, 10.387, 10.15, 9.571, 9.917, 9.65, 9.005, 8.685, 8.977, 10.219, 10.871, 10.154, 10.486, 12.165, 13.879, 14.372, 14.112, 14.14, 14.327, 15.135, 15.874, 17.145, 17.537, 17.044, 16.807, 17.476, 18.447, 18.543, 17.528, 15.97, 14.522, 13.177, 12.0, 10.883, 9.684, 8.84, 8.133, 8.106, 8.551, 9.216, 9.307, 8.332, 7.872, 9.765, 11.371, 10.142, 8.409, 7.12, 8.126, 9.694, 9.886, 9.274, 9.342, 10.03, 10.437, 10.586, 9.978, 8.602, 7.209, 6.028, 5.855, 5.373, 4.987, 5.497, 5.668, 4.918, 4.688, 5.196, 5.874, 5.338, 4.74, 4.923, 5.338, 6.217, 8.18, 8.962, 8.527, 7.414, 6.739, 7.522, 9.686, 11.483, 12.836, 12.887, 13.009, 13.972, 15.187, 15.032, 15.185, 15.805, 16.377, 17.109, 18.172, 17.446], [3.813, 4.645, 4.185, 4.064, 4.858, 5.52, 5.441, 5.105, 5.447, 5.397, 4.754, 5.514, 7.115, 8.222, 7.976, 7.188, 6.016, 5.234, 4.328, 4.056, 4.38, 5.371, 5.962, 5.347, 5.185, 5.973, 5.47, 5.001, 4.393, 4.195, 3.83, 3.341, 3.563, 2.865, 0.0, 3.43, 4.702, 5.021, 5.051, 3.759, 3.227, 4.278, 4.504, 2.88, 2.103, 2.621, 4.051, 4.404, 3.949, 3.117, 3.152, 5.744, 7.294, 8.576, 8.634, 8.729, 8.592, 7.183, 5.296, 4.487, 4.935, 5.447, 6.205, 6.889, 7.59, 7.662, 7.411, 6.86, 7.216, 6.962, 6.309, 6.025, 6.3, 7.537, 8.162, 7.505, 7.766, 9.445, 11.263, 11.735, 11.416, 11.425, 11.685, 12.508, 13.279, 14.582, 14.977, 14.418, 14.114, 14.845, 15.843, 15.935, 14.882, 13.316, 11.855, 10.532, 9.404, 8.237, 7.371, 6.789, 6.3, 6.544, 7.072, 7.804, 7.953, 7.275, 6.555, 7.471, 8.632, 7.466, 6.391, 5.705, 6.403, 7.426, 7.466, 7.23, 7.635, 7.712, 7.881, 8.115, 7.557, 6.877, 6.517, 5.871, 5.423, 5.021, 4.755, 5.41, 5.588, 4.905, 4.705, 5.027, 5.761, 5.324, 4.607, 4.737, 5.091, 5.864, 6.995, 6.8, 5.906, 4.71, 4.085, 4.852, 6.989, 8.744, 10.098, 10.149, 10.27, 11.234, 12.451, 12.328, 12.534, 13.09, 13.657, 14.382, 15.458, 14.778], [2.831, 3.509, 3.471, 4.012, 4.878, 5.739, 5.754, 4.651, 4.234, 4.102, 3.529, 4.241, 5.135, 5.963, 5.802, 5.231, 4.556, 4.822, 4.478, 4.889, 5.458, 7.308, 7.975, 7.14, 6.251, 6.878, 6.609, 6.444, 6.924, 7.007, 6.427, 6.119, 6.725, 6.15, 3.43, 0.0, 1.899, 2.096, 2.133, 2.146, 3.702, 6.262, 6.18, 4.511, 2.899, 1.724, 2.288, 2.862, 3.04, 2.654, 1.774, 2.77, 4.173, 5.278, 5.364, 5.8, 5.852, 4.589, 2.989, 2.678, 3.17, 3.731, 3.958, 4.152, 4.376, 4.33, 4.363, 3.874, 3.926, 3.68, 3.094, 2.868, 3.647, 4.726, 5.073, 4.455, 4.512, 6.052, 7.974, 8.471, 8.093, 8.105, 8.483, 9.456, 10.09, 11.333, 11.708, 11.156, 10.884, 11.653, 12.593, 12.652, 11.579, 10.055, 8.654, 7.752, 7.069, 6.308, 6.142, 5.694, 5.257, 5.49, 5.954, 6.617, 6.769, 6.27, 5.315, 5.455, 5.777, 5.016, 4.922, 4.703, 5.236, 5.755, 5.6