[[0.0, 1.103, 1.699, 3.129, 3.338, 3.262, 3.675, 5.503, 6.38, 6.604, 5.949, 6.465, 7.209, 6.963, 7.508, 10.452, 9.866, 10.717, 12.475, 11.415, 12.368, 13.279, 8.958, 5.841, 6.346, 7.88, 9.488, 9.452, 10.175, 11.602, 10.701, 10.002, 10.772, 9.719, 10.189, 10.228, 9.485, 9.939, 9.177, 8.984, 9.791, 11.257, 12.297, 12.659, 12.68, 13.111, 12.701, 11.592, 13.136, 12.901, 10.234, 9.071, 9.174, 8.886, 7.778, 5.538, 4.789, 4.7, 3.837, 4.752, 7.489, 9.531, 9.435, 10.15, 11.635, 12.065, 11.162, 11.001, 11.413, 9.522, 6.82, 4.191, 3.236, 2.93, 2.965, 5.855, 7.213, 3.666, 3.44, 5.667, 5.293, 4.706, 4.285, 3.263, 2.652, 2.413, 3.543, 3.941, 4.287, 4.511, 3.924, 3.47, 3.546, 2.591, 1.985, 2.375, 2.085, 3.366, 5.804, 6.335, 5.884, 5.454, 3.872, 2.017, 4.019, 5.434, 5.088, 5.882, 5.952, 6.377, 7.765, 7.833, 8.513, 9.154, 9.171, 8.13, 6.697, 5.514, 4.912, 3.883, 3.857, 3.984, 4.145, 3.379, 3.198, 2.648, 2.457, 3.484, 3.865, 3.312, 2.969, 3.86, 4.59, 4.514, 4.17, 3.466, 2.823, 2.96, 2.441, 2.351, 2.694, 3.183, 3.676, 4.688, 3.921, 2.355, 2.233, 3.665, 3.316, 2.437, 2.632, 2.237, 1.805, 2.437, 4.792, 6.939, 7.12, 7.689, 8.038, 8.459, 11.505, 13.909, 14.273, 13.92, 12.818, 11.916, 11.375, 10.399, 7.606, 5.84, 5.937, 5.236, 4.53, 3.795, 2.464, 2.307, 2.394, 2.19, 2.328, 2.4, 2.91, 3.594, 5.086, 5.839, 5.52, 4.565, 2.77, 6.486, 11.42, 11.233, 10.324, 10.123, 9.537, 10.658, 12.08, 11.603, 9.115, 7.84, 4.931, 3.604, 2.96, 4.075, 5.81, 6.453, 6.968], [1.103, 0.0, 1.845, 3.627, 3.582, 3.331, 3.916, 5.979, 6.848, 6.981, 6.365, 6.833, 7.737, 7.189, 7.953, 11.057, 10.424, 11.272, 13.068, 12.011, 12.988, 13.857, 9.462, 6.431, 6.922, 8.415, 10.021, 10.056, 10.812, 12.174, 11.278, 10.584, 11.38, 10.266, 10.698, 10.867, 10.087, 10.536, 9.821, 9.591, 10.338, 11.773, 12.81, 13.169, 13.248, 13.697, 13.309, 12.199, 13.663, 13.54, 10.849, 9.585, 9.775, 9.514, 8.371, 6.105, 5.309, 5.296, 4.518, 5.34, 8.015, 10.103, 10.089, 10.801, 12.254, 12.649, 11.801, 11.594, 12.004, 10.136, 7.394, 4.906, 3.528, 3.233, 3.321, 6.408, 7.771, 4.335, 3.215, 5.285, 5.098, 4.704, 4.344, 3.348, 2.616, 2.43, 3.501, 3.744, 3.842, 4.144, 3.492, 2.974, 3.17, 2.512, 2.737, 2.874, 1.938, 3.099, 5.472, 5.935, 5.512, 5.136, 3.438, 2.41, 4.731, 5.846, 5.56, 6.446, 6.523, 6.949, 8.327, 8.415, 9.081, 9.72, 9.741, 8.708, 6.88, 5.417, 4.741, 3.917, 3.729, 3.826, 4.123, 3.511, 3.488, 2.926, 2.41, 3.148, 3.494, 3.256, 2.621, 3.398, 4.102, 4.01, 3.628, 3.238, 3.188, 3.464, 2.866, 2.635, 3.052, 3.584, 4.238, 5.211, 4.486, 2.665, 2.686, 4.023, 3.417, 2.616, 2.255, 2.264, 2.138, 2.48, 4.769, 6.925, 6.963, 7.475, 7.618, 7.95, 11.059, 13.416, 13.751, 13.395, 12.292, 11.428, 10.973, 9.901, 7.151, 5.536, 5.5, 4.811, 4.182, 3.697, 2.626, 2.883, 2.96, 2.68, 2.649, 2.905, 3.403, 3.788, 5.179, 5.932, 5.573, 4.602, 3.138, 7.037, 12.005, 11.774, 10.935, 10.384, 10.097, 11.275, 12.714, 12.201, 9.616, 7.84, 5.15, 3.457, 3.107, 3.961, 5.315, 5.906, 6.373], [1.699, 1.845, 0.0, 2.315, 3.17, 3.081, 3.074, 4.194, 5.332, 5.499, 5.207, 5.363, 5.985, 5.895, 6.558, 9.251, 8.733, 9.482, 11.267, 10.22, 11.309, 12.24, 7.965, 4.901, 5.293, 6.754, 8.366, 8.35, 9.136, 10.54, 9.466, 8.765, 9.624, 8.652, 9.138, 9.207, 8.357, 8.855, 8.123, 7.963, 8.742, 10.223, 11.254, 11.616, 11.575, 11.921, 11.538, 10.49, 12.095, 11.882, 9.092, 8.025, 8.168, 7.771, 6.569, 4.533, 3.823, 3.647, 2.948, 3.605, 6.442, 8.5, 8.426, 9.125, 10.591, 10.94, 10.091, 9.86, 10.192, 8.36, 5.711, 3.554, 2.824, 2.438, 2.45, 4.649, 5.951, 3.132, 4.3, 6.763, 6.33, 5.769, 5.35, 4.299, 3.385, 2.943, 4.283, 4.741, 5.187, 5.321, 4.287, 3.623, 3.749, 2.641, 1.972, 2.36, 2.457, 4.455, 6.874, 7.414, 6.945, 6.527, 4.905, 1.752, 3.592, 5.135, 4.249, 4.723, 4.703, 5.143, 6.515, 6.627, 7.305, 7.9, 8.112, 6.944, 6.28, 5.323, 4.714, 3.698, 3.584, 3.667, 3.828, 3.392, 2.797, 2.325, 2.564, 3.939, 4.203, 3.362, 3.289, 4.402, 5.255, 5.016, 4.444, 3.454, 2.79, 2.783, 2.162, 2.037, 2.508, 3.273, 3.064, 3.774, 2.876, 2.208, 1.805, 2.585, 2.424, 2.578, 3.361, 3.233, 2.409, 3.668, 5.995, 8.033, 8.31, 8.694, 9.094, 9.533, 12.534, 14.92, 15.301, 14.95, 13.874, 12.965, 12.405, 11.427, 8.63, 6.953, 7.028, 6.346, 5.595, 4.846, 3.405, 3.281, 3.136, 3.178, 3.283, 3.192, 3.599, 4.657, 5.854, 6.571, 6.216, 5.246, 2.548, 5.385, 10.185, 9.955, 9.129, 8.937, 8.353, 9.478, 10.923, 10.375, 7.866, 6.974, 4.757, 3.401, 2.975, 3.833, 5.478, 6.372, 6.826], [3.129, 3.627, 2.315, 0.0, 1.59, 2.228, 1.696, 2.695, 3.559, 3.758, 3.396, 3.627, 4.371, 4.383, 5.202, 7.87, 7.163, 7.902, 9.736, 8.903, 10.125, 11.038, 6.713, 3.757, 4.063, 5.546, 7.09, 7.03, 7.911, 9.329, 8.075, 7.411, 8.418, 7.516, 7.921, 8.011, 7.148, 7.743, 6.893, 6.789, 7.625, 9.066, 9.999, 10.39, 10.432, 10.79, 10.259, 9.27, 10.947, 10.711, 7.795, 6.872, 6.967, 6.474, 5.029, 3.036, 2.093, 2.322, 1.747, 2.465, 5.262, 7.307, 7.21, 7.9, 9.305, 9.704, 8.882, 8.649, 8.877, 7.011, 4.49, 2.303, 1.828, 2.363, 1.936, 3.136, 4.471, 1.795, 5.666, 8.245, 7.805, 7.347, 6.948, 5.955, 5.106, 4.445, 5.332, 5.776, 6.494, 6.644, 5.483, 4.954, 4.818, 3.47, 2.584, 3.17, 3.616, 5.653, 8.09, 8.711, 8.218, 8.004, 6.358, 2.633, 2.076, 3.209, 2.79, 3.354, 3.33, 3.571, 5.049, 5.416, 5.99, 6.66, 6.926, 5.377, 4.504, 3.798, 3.806, 3.51, 3.527, 2.934, 3.624, 3.469, 2.882, 2.221, 3.295, 4.909, 4.869, 3.873, 4.318, 5.615, 6.438, 6.165, 5.431, 3.841, 2.354, 1.935, 2.087, 1.689, 1.683, 2.365, 2.538, 3.418, 2.085, 2.124, 2.368, 2.591, 1.589, 2.756, 4.924, 4.803, 4.143, 5.405, 7.781, 9.84, 10.049, 10.331, 10.51, 10.85, 13.855, 16.261, 16.584, 16.305, 15.306, 14.602, 13.76, 12.749, 9.977, 8.465, 8.485, 7.763, 6.862, 6.212, 5.125, 4.212, 4.233, 4.749, 4.89, 4.641, 5.282, 6.416, 7.58, 8.598, 8.346, 7.396, 4.202, 4.332, 8.829, 8.485, 7.547, 7.313, 6.654, 7.944, 9.561, 8.977, 6.247, 5.014, 2.647, 2.943, 2.571, 2.834, 5.218, 6.695, 7.454], [3.338, 3.582, 3.17, 1.59, 0.0, 1.351, 1.52, 3.239, 4.099, 4.215, 3.55, 4.039, 4.981, 4.545, 5.613, 8.516, 7.833, 8.576, 10.326, 9.526, 10.686, 11.651, 7.296, 4.337, 4.703, 6.176, 7.72, 7.657, 8.515, 9.938, 8.726, 8.022, 8.991, 8.113, 8.525, 8.574, 7.737, 8.331, 7.51, 7.362, 8.199, 9.67, 10.628, 11.003, 11.029, 11.353, 10.868, 9.853, 11.56, 11.276, 8.414, 7.462, 7.572, 7.09, 5.686, 3.475, 2.65, 2.958, 2.273, 3.119, 5.869, 7.921, 7.804, 8.457, 9.924, 10.318, 9.493, 9.207, 9.495, 7.64, 5.088, 2.691, 1.64, 2.609, 2.211, 3.697, 5.149, 1.773, 5.184, 7.691, 7.653, 7.499, 7.073, 6.095, 5.278, 4.467, 5.229, 5.405, 5.876, 6.042, 4.909, 4.394, 4.227, 3.273, 3.064, 3.44, 3.12, 5.091, 7.539, 8.146, 7.647, 7.431, 5.733, 2.771, 2.039, 2.948, 3.028, 3.933, 3.981, 4.26, 5.673, 5.988, 6.626, 7.218, 7.537, 5.989, 3.938, 2.59, 2.868, 2.801, 2.907, 2.086, 3.095, 3.4, 3.144, 2.42, 3.166, 4.332, 4.281, 3.668, 3.767, 4.998, 5.834, 5.548, 4.9, 3.356, 1.923, 1.612, 2.03, 1.992, 1.972, 2.327, 3.115, 4.179, 3.262, 2.445, 2.914, 3.708, 2.487, 2.266, 4.322, 4.869, 4.382, 5.379, 7.898, 9.984, 9.902, 10.094, 9.912, 10.336, 13.268, 15.642, 15.973, 15.801, 14.696, 13.993, 13.281, 12.155, 9.34, 7.905, 7.905, 7.2, 6.381, 6.072, 5.318, 4.625, 4.791, 4.944, 4.967, 5.109, 5.675, 6.615, 7.826, 8.976, 8.748, 7.791, 5.255, 4.923, 9.472, 9.134, 8.228, 7.62, 7.294, 8.57, 10.157, 9.606, 6.82, 5.026, 1.892, 2.373, 2.212, 2.262, 4.61, 6.114, 6.895], [3.262, 3.331, 3.081, 2.228, 1.351, 0.0, 1.748, 4.044, 4.806, 4.776, 4.009, 4.683, 5.63, 5.491, 6.519, 9.381, 8.648, 9.268, 11.144, 10.359, 11.623, 12.611, 8.402, 5.308, 5.695, 7.218, 8.845, 8.702, 9.456, 10.9, 9.468, 8.858, 9.862, 9.039, 9.62, 9.484, 8.6, 9.226, 8.394, 8.222, 9.109, 10.608, 11.724, 12.029, 11.973, 12.258, 11.667, 10.727, 12.499, 12.186, 9.383, 8.433, 8.503, 7.859, 6.432, 4.229, 3.317, 3.672, 3.004, 4.068, 6.881, 8.898, 8.773, 9.359, 10.846, 11.262, 10.401, 10.096, 10.272, 8.584, 6.13, 3.749, 2.276, 2.622, 2.328, 4.363, 5.841, 2.117, 4.552, 7.156, 7.017, 7.116, 6.654, 5.728, 4.966, 3.948, 4.386, 4.577, 4.927, 5.225, 4.249, 3.507, 3.077, 2.407, 2.949, 2.832, 2.45, 4.29, 6.814, 7.261, 6.922, 6.654, 4.802, 2.376, 2.851, 3.378, 3.824, 4.696, 4.711, 4.947, 6.482, 6.861, 7.463, 8.103, 8.472, 6.969, 4.546, 2.486, 2.77, 2.446, 2.658, 2.042, 2.965, 3.19, 3.047, 2.019, 2.34, 3.376, 3.137, 2.755, 2.859, 3.929, 4.698, 4.418, 3.912, 2.545, 1.551, 1.756, 1.944, 1.917, 1.743, 2.279, 3.433, 4.663, 3.461, 2.027, 2.62, 3.276, 2.299, 1.814, 3.704, 4.41, 3.955, 4.662, 7.339, 9.376, 9.149, 9.302, 9.155, 9.337, 12.254, 14.589, 14.893, 14.778, 13.82, 13.19, 12.301, 11.037, 8.307, 7.061, 7.178, 6.501, 5.736, 5.365, 4.721, 4.133, 4.731, 4.664, 4.318, 5.044, 5.415, 6.049, 7.382, 8.653, 8.3, 7.353, 5.292, 5.821, 10.253, 9.901, 9.051, 8.582, 8.174, 9.559, 11.233, 10.503, 7.652, 5.781, 2.665, 1.987, 1.917, 1.71, 3.813, 5.117, 5.786], [3.675, 3.916, 3.074, 1.696, 1.52, 1.748, 0.0, 2.615, 3.424, 3.355, 2.728, 3.289, 4.216, 4.207, 5.13, 7.976, 7.252, 7.849, 9.765, 8.928, 10.204, 11.22, 6.989, 3.992, 4.335, 5.858, 7.467, 7.321, 8.065, 9.496, 8.062, 7.446, 8.449, 7.61, 8.236, 8.125, 7.194, 7.814, 6.995, 6.858, 7.731, 9.234, 10.339, 10.645, 10.542, 10.834, 10.261, 9.317, 11.098, 10.782, 7.99, 7.03, 7.1, 6.467, 5.082, 2.878, 1.977, 2.545, 2.061, 2.834, 5.492, 7.503, 7.369, 7.976, 9.444, 9.867, 8.999, 8.717, 8.866, 7.181, 4.755, 2.758, 2.245, 2.885, 2.357, 3.031, 4.436, 1.656, 6.123, 8.67, 8.263, 8.067, 7.689, 6.704, 5.863, 5.07, 5.703, 6.046, 6.408, 6.75, 5.764, 4.946, 4.451, 3.421, 3.193, 3.363, 3.443, 5.809, 8.39, 8.78, 8.462, 8.218, 6.285, 2.96, 2.228, 2.706, 2.61, 3.292, 3.308, 3.586, 5.114, 5.496, 6.049, 6.717, 7.111, 5.598, 4.069, 3.097, 3.636, 3.822, 3.883, 2.797, 3.83, 3.847, 3.312, 2.59, 3.643, 4.794, 4.464, 3.53, 3.901, 5.301, 6.089, 5.821, 5.319, 3.995, 2.37, 1.885, 2.118, 2.192, 2.129, 2.737, 2.684, 3.732, 2.819, 2.307, 2.656, 2.716, 1.714, 3.138, 5.215, 5.452, 4.738, 5.92, 8.347, 10.436, 10.479, 10.659, 10.632, 10.771, 13.734, 16.059, 16.324, 16.217, 15.245, 14.648, 13.798, 12.456, 9.774, 8.558, 8.672, 8.0, 7.224, 6.731, 5.574, 4.675, 4.717, 5.268, 5.345, 5.292, 5.769, 6.908, 8.126, 9.293, 8.922, 7.966, 5.101, 4.441, 8.87, 8.499, 7.663, 7.104, 6.762, 8.155, 9.838, 9.107, 6.259, 4.519, 2.647, 3.038, 2.76, 2.676, 4.822, 6.384, 7.176], [5.503, 5.979, 4.194, 2.695, 3.239, 4.044, 2.615, 0.0, 1.578, 1.901, 2.13, 1.903, 2.188, 2.632, 3.436, 5.504, 5.284, 5.445, 7.25, 6.418, 7.654, 8.7, 4.708, 2.221, 2.444, 3.71, 5.036, 4.963, 5.817, 7.059, 5.822, 5.007, 5.918, 5.149, 5.766, 5.651, 4.722, 5.391, 4.603, 4.452, 5.234, 6.715, 7.801, 8.07, 7.967, 8.238, 7.707, 6.785, 8.528, 8.277, 5.46, 4.517, 4.93, 3.992, 2.698, 1.759, 1.698, 1.712, 2.167, 1.806, 2.963, 4.928, 4.818, 5.426, 6.877, 7.301, 6.433, 6.203, 6.38, 4.663, 2.311, 2.445, 3.461, 4.24, 3.778, 1.763, 2.165, 2.436, 8.175, 10.808, 10.293, 9.822, 9.326, 8.292, 7.463, 6.804, 7.811, 8.302, 8.772, 8.973, 7.937, 7.209, 6.972, 5.613, 4.573, 4.969, 5.8, 7.962, 10.507, 11.092, 10.615, 10.385, 8.574, 4.783, 2.376, 2.539, 1.95, 1.664, 1.371, 1.611, 2.847, 3.203, 3.562, 4.178, 4.621, 3.328, 3.683, 4.402, 5.709, 5.807, 5.863, 4.601, 4.9, 5.084, 4.434, 4.291, 5.542, 7.087, 7.036, 5.973, 6.465, 7.795, 8.598, 8.343, 7.668, 6.051, 4.275, 3.448, 3.944, 3.878, 3.649, 4.022, 3.14, 3.074, 2.797, 4.416, 4.164, 3.3, 3.1, 5.176, 7.371, 7.292, 6.286, 7.666, 10.088, 12.021, 12.378, 12.576, 12.805, 13.104, 16.065, 18.471, 18.816, 18.573, 17.562, 16.846, 16.028, 14.959, 12.162, 10.739, 10.858, 10.163, 9.341, 8.606, 7.208, 6.174, 6.184, 6.999, 7.057, 6.734, 7.277, 8.609, 9.522, 10.232, 9.982, 8.973, 5.652, 2.629, 6.352, 6.01, 5.258, 5.056, 4.481, 5.651, 7.311, 6.657, 3.941, 3.529, 2.822, 5.425, 4.971, 4.951, 7.159, 8.732, 9.62], [6.38, 6.848, 5.332, 3.559, 4.099, 4.806, 3.424, 1.578, 0.0, 1.323, 1.905, 1.297, 1.412, 1.62, 2.448, 4.681, 4.125, 4.557, 6.448, 5.639, 6.959, 8.029, 4.066, 2.154, 2.831, 3.704, 4.763, 4.852, 5.807, 6.645, 5.542, 4.703, 5.411, 4.54, 5.13, 4.893, 4.183, 5.169, 4.461, 4.145, 4.937, 6.191, 7.12, 7.369, 7.267, 7.55, 6.903, 5.998, 7.823, 7.57, 4.801, 3.975, 4.144, 3.272, 2.157, 1.894, 2.285, 2.457, 3.248, 2.89, 2.779, 4.304, 4.093, 4.681, 6.133, 6.549, 5.68, 5.468, 5.596, 3.98, 2.518, 3.499, 4.328, 5.28, 4.436, 2.198, 1.57, 3.362, 9.027, 11.667, 11.136, 10.711, 10.337, 9.351, 8.505, 7.676, 8.552, 9.162, 9.639, 9.746, 8.774, 7.973, 7.672, 6.333, 5.677, 5.914, 6.534, 8.857, 11.36, 11.832, 11.474, 11.225, 9.3, 5.629, 3.131, 2.325, 1.898, 1.68, 1.601, 1.381, 2.422, 2.75, 2.869, 3.448, 3.943, 2.676, 3.142, 5.04, 6.554, 6.687, 6.73, 5.45, 5.724, 5.875, 5.402, 5.129, 6.398, 7.841, 7.766, 6.699, 7.166, 8.557, 9.337, 9.056, 8.448, 6.847, 5.014, 4.309, 4.849, 4.812, 4.385, 4.6, 3.612, 3.638, 3.479, 5.339, 5.181, 4.172, 3.837, 6.017, 8.217, 8.188, 7.332, 8.544, 10.993, 13.086, 13.247, 13.424, 13.613, 13.879, 16.837, 19.217, 19.517, 19.269, 18.321, 17.637, 16.736, 15.679, 12.982, 11.567, 11.707, 11.026, 10.201, 9.489, 8.193, 7.053, 7.123, 7.851, 7.935, 7.828, 8.277, 9.529, 10.686, 11.585, 11.264, 10.249, 6.893, 3.063, 5.611, 5.249, 4.44, 4.31, 3.646, 4.931, 6.637, 5.947, 3.144, 2.497, 3.205, 6.135, 5.672, 5.681, 7.797, 9.433, 10.328], [6.604, 6.981, 5.499, 3.758, 4.215, 4.776, 3.355, 1.901, 1.323, 0.0, 1.402, 1.037, 1.246, 1.596, 2.296, 4.764, 4.07, 4.658, 6.668, 5.85, 7.175, 8.236, 4.396, 2.773, 3.185, 3.972, 4.982, 5.093, 5.875, 6.946, 5.654, 4.844, 5.602, 5.037, 5.384, 5.124, 4.545, 5.357, 4.885, 4.677, 5.371, 6.408, 7.346, 7.6, 7.497, 7.748, 7.055, 6.195, 8.053, 7.767, 5.009, 4.027, 4.067, 3.379, 2.177, 1.742, 2.303, 2.64, 3.486, 3.245, 3.371, 4.506, 4.324, 4.9, 6.359, 6.772, 5.892, 5.639, 5.784, 4.209, 2.887, 3.844, 4.421, 5.519, 4.729, 2.184, 1.35, 3.439, 9.182, 11.795, 11.299, 11.01, 10.626, 9.609, 8.763, 7.992, 8.592, 9.131, 9.642, 9.823, 8.91, 8.018, 7.479, 6.183, 5.873, 5.966, 6.454, 8.901, 11.456, 11.93, 11.58, 11.304, 9.263, 5.686, 3.313, 1.731, 1.888, 1.776, 1.734, 1.428, 2.587, 3.018, 3.073, 3.587, 4.203, 2.753, 2.819, 4.997, 6.572, 6.828, 6.885, 5.604, 5.965, 6.172, 5.641, 5.406, 6.521, 7.761, 7.571, 6.448, 6.936, 8.481, 9.132, 8.911, 8.444, 6.94, 5.085, 4.519, 4.981, 4.893, 4.551, 4.77, 3.756, 3.686, 3.755, 5.248, 5.245, 4.036, 3.731, 6.173, 8.373, 8.417, 7.573, 8.892, 11.308, 13.341, 13.492, 13.567, 13.699, 13.818, 16.805, 19.032, 19.338, 19.18, 18.379, 17.709, 16.709, 15.496, 12.878, 11.687, 11.839, 11.165, 10.351, 9.73, 8.439, 7.251, 7.389, 8.188, 8.245, 8.084, 8.518, 9.782, 10.928, 11.95, 11.575, 10.6, 7.25, 3.511, 5.749, 5.433, 4.586, 4.24, 3.708, 5.145, 6.853, 6.064, 3.162, 2.05, 3.226, 6.044, 5.614, 5.577, 7.689, 9.245, 10.103], [5.949, 6.365, 5.207, 3.396, 3.55, 4.009, 2.728, 2.13, 1.905, 1.402, 0.0, 1.296, 2.068, 2.562, 3.09, 5.767, 5.093, 5.559, 7.597, 6.786, 8.102, 9.186, 5.285, 3.152, 3.599, 4.813, 6.082, 6.039, 6.735, 8.019, 6.616, 5.825, 6.581, 5.992, 6.454, 6.059, 5.1, 5.92, 5.294, 5.076, 5.812, 7.123, 8.283, 8.546, 8.443, 8.695, 7.935, 7.142, 9.005, 8.729, 5.977, 4.959, 4.984, 4.349, 3.129, 1.696, 1.932, 2.429, 3.013, 3.078, 3.796, 5.438, 5.27, 5.847, 7.325, 7.718, 6.838, 6.569, 6.673, 5.174, 3.257, 3.398, 3.757, 4.911, 4.03, 1.885, 2.164, 2.741, 8.507, 11.119, 10.567, 10.332, 9.941, 8.934, 8.092, 7.307, 7.813, 8.348, 8.905, 9.151, 8.237, 7.327, 6.61, 5.402, 5.271, 5.288, 5.776, 8.227, 10.784, 11.26, 10.909, 10.63, 8.543, 5.067, 2.725, 1.552, 1.555, 2.06, 2.034, 2.093, 3.601, 4.057, 4.096, 4.453, 5.101, 3.714, 2.53, 4.269, 5.88, 6.162, 6.212, 4.942, 5.241, 5.507, 5.048, 4.72, 5.838, 7.036, 6.688, 5.522, 5.998, 7.765, 8.238, 8.051, 7.742, 6.229, 4.376, 3.834, 4.349, 4.307, 3.816, 4.037, 3.33, 3.964, 3.603, 4.466, 4.707, 3.86, 3.58, 5.503, 7.697, 7.694, 6.949, 8.196, 10.618, 12.669, 12.795, 12.814, 13.011, 13.102, 16.09, 18.245, 18.494, 18.389, 17.708, 16.977, 15.996, 14.657, 12.096, 11.007, 11.165, 10.493, 9.677, 9.0, 7.788, 6.574, 6.722, 7.507, 7.559, 7.45, 7.953, 9.097, 10.313, 11.523, 11.12, 10.167, 7.248, 3.733, 6.687, 6.335, 5.49, 5.238, 4.647, 6.057, 7.775, 7.016, 4.148, 2.575, 2.603, 5.253, 4.791, 4.772, 6.812, 8.296, 9.211], [6.465, 6.833, 5.363, 3.627, 4.039, 4.683, 3.289, 1.903, 1.297, 1.037, 1.296, 0.0, 1.306, 1.875, 2.334, 4.954, 4.34, 4.748, 6.749, 5.937, 7.254, 8.289, 4.409, 2.668, 3.323, 4.406, 5.411, 5.53, 6.415, 7.283, 6.113, 5.286, 5.872, 5.108, 5.538, 5.166, 4.613, 5.64, 4.969, 4.682, 5.531, 6.57, 7.422, 7.698, 7.603, 7.887, 7.177, 6.294, 8.152, 7.843, 5.092, 4.072, 4.154, 3.453, 2.553, 1.795, 2.183, 2.497, 3.294, 3.063, 3.289, 4.677, 4.47, 4.999, 6.461, 6.87, 5.99, 5.704, 5.865, 4.336, 2.868, 3.593, 4.262, 5.354, 4.561, 2.034, 1.465, 3.251, 9.03, 11.617, 11.229, 10.847, 10.464, 9.452, 8.607, 7.834, 8.462, 9.065, 9.56, 9.676, 8.742, 7.897, 7.373, 6.007, 5.651, 5.775, 6.361, 8.74, 11.292, 11.798, 11.396, 11.202, 9.209, 5.534, 3.169, 1.884, 1.762, 1.866, 1.803, 1.708, 2.906, 3.354, 3.359, 3.745, 4.257, 2.861, 2.503, 4.905, 6.49, 6.615, 6.691, 5.43, 5.799, 6.027, 5.494, 5.243, 6.362, 7.644, 7.474, 6.35, 6.857, 8.498, 9.037, 8.836, 8.325, 6.783, 4.987, 4.376, 4.836, 4.652, 4.429, 4.586, 3.582, 3.763, 3.59, 5.151, 5.115, 4.067, 3.755, 5.959, 8.193, 8.238, 7.387, 8.721, 11.142, 13.175, 13.312, 13.4, 13.532, 13.692, 16.673, 18.973, 19.285, 19.055, 18.261, 17.563, 16.579, 15.461, 12.803, 11.553, 11.664, 10.991, 10.17, 9.548, 8.269, 7.146, 7.233, 8.021, 8.085, 7.924, 8.352, 9.626, 10.709, 11.704, 11.328, 10.354, 7.149, 3.5, 5.909, 5.538, 4.656, 4.375, 3.793, 5.21, 6.902, 6.186, 3.302, 2.171, 3.112, 5.9, 5.473, 5.475, 7.55, 9.14, 10.037], [7.209, 7.737, 5.985, 4.371, 4.981, 5.63, 4.216, 2.188, 1.412, 1.246, 2.068, 1.306, 0.0, 1.838, 2.055, 4.12, 3.673, 3.838, 5.816, 4.949, 6.305, 7.359, 3.573, 2.564, 3.176, 3.785, 4.654, 4.895, 5.74, 6.545, 5.527, 4.645, 5.141, 4.315, 4.496, 4.239, 4.133, 5.064, 4.663, 4.416, 5.144, 5.967, 6.492, 6.686, 6.583, 6.873, 6.234, 5.299, 7.139, 6.893, 4.146, 3.279, 3.442, 2.638, 1.914, 2.116, 2.64, 2.917, 3.782, 3.377, 3.126, 3.842, 3.46, 4.095, 5.461, 5.858, 4.987, 4.836, 5.002, 3.356, 2.81, 4.034, 5.04, 5.856, 5.198, 2.468, 1.215, 3.84, 9.927, 12.558, 12.014, 11.414, 10.971, 9.954, 9.106, 8.391, 9.302, 9.93, 10.489, 10.618, 9.674, 8.834, 8.383, 7.014, 6.159, 6.38, 7.355, 9.662, 12.218, 12.776, 12.34, 12.127, 10.229, 6.417, 3.657, 2.558, 2.595, 2.134, 1.984, 1.566, 2.404, 2.649, 2.312, 2.783, 3.348, 2.093, 2.996, 5.831, 7.402, 7.523, 7.613, 6.341, 6.463, 6.572, 6.018, 5.837, 7.199, 8.654, 8.423, 7.362, 7.857, 9.483, 10.039, 9.849, 9.293, 7.67, 5.922, 5.068, 5.607, 5.558, 5.274, 5.373, 4.22, 3.793, 3.925, 6.002, 5.862, 4.686, 4.656, 6.869, 9.115, 8.955, 7.88, 9.256, 11.67, 13.658, 14.032, 14.23, 14.483, 14.685, 17.652, 19.971, 20.309, 20.097, 19.202, 18.531, 17.596, 16.5, 13.769, 12.475, 12.594, 11.915, 11.08, 10.271, 8.798, 7.683, 7.732, 8.553, 8.595, 8.422, 8.855, 10.208, 11.201, 12.101, 11.788, 10.776, 7.42, 3.506, 4.936, 4.563, 3.76, 3.724, 2.956, 4.247, 5.948, 5.285, 2.528, 2.079, 4.011, 6.923, 6.438, 6.424, 8.418, 10.131, 11.06], [6.963, 7.189, 5.895, 4.383, 4.545, 5.491, 4.207, 2.632, 1.62, 1.596, 2.562, 1.875, 1.838, 0.0, 2.179, 4.58, 4.017, 4.443, 6.304, 5.37, 6.529, 7.462, 3.73, 2.822, 3.177, 3.381, 4.351, 4.406, 5.305, 6.2, 5.556, 4.675, 5.16, 4.246, 4.584, 4.447, 4.01, 4.802, 4.44, 4.371, 4.766, 5.636, 6.542, 6.768, 6.74, 7.132, 6.638, 5.55, 7.221, 7.13, 4.305, 3.691, 3.768, 3.227, 2.182, 2.47, 3.232, 3.168, 3.962, 3.507, 3.225, 3.728, 3.623, 4.48, 5.608, 5.971, 5.113, 5.151, 5.479, 3.627, 3.102, 4.215, 4.71, 5.991, 5.368, 3.139, 2.096, 4.488, 9.298, 11.699, 11.544, 11.258, 10.929, 9.894, 9.031, 8.562, 9.54, 9.729, 9.992, 10.046, 8.994, 8.316, 8.274, 7.035, 6.682, 7.024, 7.147, 9.23, 11.678, 12.366, 11.922, 11.431, 9.716, 6.119, 3.779, 2.66, 2.459, 2.38, 2.52, 1.957, 2.323, 2.697, 2.728, 3.118, 3.473, 2.91, 2.828, 5.561, 6.789, 6.82, 6.879, 5.657, 6.132, 6.465, 6.271, 6.09, 7.061, 8.497, 8.342, 7.315, 7.768, 9.169, 9.913, 9.635, 8.813, 7.298, 5.599, 4.86, 5.493, 5.043, 5.137, 5.042, 4.126, 3.926, 4.423, 6.019, 5.976, 5.226, 4.681, 6.278, 8.378, 8.597, 7.838, 9.11, 11.548, 13.609, 13.672, 13.868, 13.775, 14.372, 17.306, 19.744, 20.101, 19.83, 18.676, 17.89, 17.297, 16.233, 13.413, 11.927, 12.06, 11.296, 10.597, 10.048, 8.937, 8.141, 7.689, 8.441, 8.577, 8.533, 8.889, 10.143, 11.274, 12.195, 11.808, 10.871, 7.498, 3.719, 5.467, 5.148, 4.387, 3.725, 3.418, 4.688, 6.219, 5.867, 3.051, 2.31, 3.699, 6.771, 6.485, 6.282, 8.293, 10.016, 10.938], [7.508, 7.953, 6.558, 5.202, 5.613, 6.519, 5.13, 3.436, 2.448, 2.296, 3.09, 2.334, 2.055, 2.179, 0.0, 3.386, 2.774, 3.416, 5.257, 4.193, 5.33, 6.315, 2.775, 3.342, 4.042, 4.269, 4.651, 5.143, 5.977, 6.575, 6.092, 5.13, 5.427, 4.534, 4.01, 4.142, 4.755, 5.525, 5.179, 5.048, 5.683, 6.395, 6.153, 5.653, 5.578, 5.935, 5.494, 4.369, 6.095, 5.88, 3.326, 2.277, 2.199, 2.258, 2.7, 3.074, 3.799, 3.769, 4.59, 4.147, 3.83, 3.786, 3.153, 4.023, 4.517, 4.905, 4.026, 3.93, 4.432, 3.399, 3.574, 4.685, 5.325, 6.535, 5.978, 3.746, 2.337, 5.155, 10.261, 12.827, 12.549, 11.859, 11.538, 10.49, 9.568, 9.11, 10.382, 10.767, 11.172, 11.164, 10.19, 9.379, 9.4, 8.035, 7.283, 7.768, 8.207, 10.375, 12.889, 13.439, 12.994, 12.546, 10.812, 6.788, 4.508, 3.428, 3.17, 3.006, 3.085, 2.765, 3.148, 2.928, 2.499, 2.976, 2.955, 1.946, 2.914, 6.691, 8.025, 7.905, 7.961, 6.802, 6.798, 6.98, 6.756, 6.633, 7.99, 9.573, 9.46, 8.399, 8.893, 10.247, 11.031, 10.758, 10.022, 8.243, 6.418, 5.605, 5.956, 6.027, 6.024, 5.779, 4.775, 4.49, 5.052, 7.004, 6.866, 6.061, 5.654, 7.227, 9.365, 9.28, 8.478, 9.666, 12.088, 14.142, 14.249, 14.671, 14.995, 15.434, 18.43, 20.843, 21.223, 20.885, 19.748, 18.907, 18.317, 17.359, 14.554, 12.927, 13.048, 12.358, 11.662, 10.854, 9.484, 8.646, 8.274, 8.991, 9.111, 9.063, 9.455, 10.695, 12.022, 12.735, 12.364, 11.383, 8.114, 4.385, 4.395, 4.068, 3.315, 3.063, 2.477, 3.624, 5.141, 4.7, 2.132, 1.718, 4.612, 7.859, 7.468, 7.35, 9.432, 11.135, 12.056], [10.452, 11.057, 9.251, 7.87, 8.516, 9.381, 7.976, 5.504, 4.681, 4.764, 5.767, 4.954, 4.12, 4.58, 3.386, 0.0, 1.056, 1.347, 2.697, 2.268, 2.957, 3.907, 3.465, 5.462, 5.805, 5.716, 5.756, 5.877, 6.481, 6.937, 6.301, 5.622, 5.715, 5.472, 4.47, 5.024, 5.751, 6.43, 6.343, 6.237, 6.64, 7.306, 6.541, 4.79, 2.9, 3.205, 3.005, 2.957, 4.239, 4.086, 3.594, 3.698, 3.035, 2.627, 3.71, 5.506, 6.394, 6.363, 7.218, 6.335, 5.61, 4.317, 3.886, 4.794, 3.798, 3.112, 2.946, 3.046, 3.584, 4.034, 5.635, 7.023, 8.194, 9.135, 8.574, 5.785, 4.052, 7.64, 13.21, 15.993, 15.486, 14.748, 14.105, 13.063, 12.224, 11.689, 12.968, 13.601, 14.179, 14.299, 13.195, 12.427, 12.235, 10.821, 9.538, 10.225, 11.101, 13.391, 15.852, 16.27, 15.847, 15.637, 13.773, 9.686, 7.113, 6.258, 5.891, 5.36, 5.095, 4.715, 4.521, 4.042, 3.793, 3.824, 3.868, 2.989, 5.617, 9.569, 10.99, 10.903, 10.948, 9.891, 9.769, 9.951, 9.223, 9.256, 10.901, 12.33, 12.33, 11.18, 11.668, 13.033, 13.886, 13.63, 13.058, 11.242, 9.209, 8.52, 8.769, 9.076, 8.917, 8.75, 7.436, 6.677, 7.069, 9.782, 9.497, 8.442, 8.249, 10.229, 12.477, 12.152, 11.139, 12.552, 14.896, 16.901, 17.292, 17.774, 18.159, 18.398, 21.419, 23.74, 24.052, 23.737, 22.858, 22.0, 21.124, 20.215, 17.548, 15.953, 15.991, 15.328, 14.586, 13.741, 12.211, 10.999, 11.069, 11.872, 11.933, 11.577, 12.187, 13.493, 14.65, 15.072, 14.845, 13.86, 10.376, 6.422, 3.322, 1.994, 1.478, 2.231, 2.139, 2.01, 2.381, 1.783, 2.109, 4.094, 7.423, 10.563, 10.094, 10.155, 12.412, 13.992, 14.826], [9.866, 10.424, 8.733, 7.163, 7.833, 8.648, 7.252, 5.284, 4.125, 4.07, 5.093, 4.34, 3.673, 4.017, 2.774, 1.056, 0.0, 1.342, 3.056, 2.411, 3.392, 4.371, 3.428, 5.156, 5.817, 5.726, 5.765, 5.853, 6.376, 6.822, 6.153, 5.52, 5.633, 5.426, 4.541, 5.1, 5.859, 6.46, 6.379, 6.283, 6.726, 7.352, 6.603, 4.787, 3.57, 3.859, 3.337, 3.024, 4.472, 4.295, 3.76, 3.727, 2.826, 2.679, 3.609, 4.982, 5.716, 5.832, 6.705, 6.109, 5.602, 4.425, 4.018, 5.031, 4.02, 3.369, 2.99, 3.079, 3.479, 4.037, 5.521, 6.744, 7.593, 8.544, 7.853, 5.441, 3.834, 6.993, 12.588, 15.316, 14.817, 14.101, 13.54, 12.522, 11.678, 11.075, 12.232, 12.881, 13.46, 13.597, 12.486, 11.742, 11.501, 10.098, 9.032, 9.609, 10.365, 12.663, 15.124, 15.571, 15.143, 14.959, 13.08, 9.076, 6.552, 5.517, 5.298, 4.834, 4.763, 4.38, 4.388, 3.989, 3.808, 3.874, 3.929, 2.968, 5.065, 8.862, 10.294, 10.237, 10.325, 9.191, 9.077, 9.282, 8.656, 8.527, 10.173, 11.597, 11.582, 10.484, 10.968, 12.334, 13.14, 12.903, 12.33, 10.539, 8.588, 7.904, 8.17, 8.46, 8.217, 8.134, 6.897, 6.499, 6.762, 9.046, 8.994, 7.919, 7.593, 9.551, 11.801, 11.516, 10.534, 11.945, 14.28, 16.348, 16.676, 17.08, 17.463, 17.666, 20.706, 23.018, 23.322, 23.006, 22.172, 21.338, 20.403, 19.481, 16.824, 15.278, 15.298, 14.674, 13.894, 13.033, 11.625, 10.363, 10.494, 11.254, 11.329, 11.064, 11.601, 12.906, 14.187, 14.911, 14.591, 13.598, 10.144, 6.358, 3.556, 2.345, 1.624, 2.358, 2.2, 2.101, 2.892, 2.151, 2.023, 3.474, 6.728, 9.848, 9.382, 9.421, 11.678, 13.256, 14.106], [10.717, 11.272, 9.482, 7.902, 8.576, 9.268, 7.849, 5.445, 4.557, 4.658, 5.559, 4.748, 3.838, 4.443, 3.416, 1.347, 1.342, 0.0, 2.274, 1.755, 2.844, 3.874, 3.333, 5.489, 5.734, 5.6, 5.569, 5.515, 6.035, 6.498, 5.86, 5.194, 5.196, 5.062, 4.262, 4.527, 5.385, 5.96, 6.021, 5.911, 6.203, 6.826, 6.223, 4.41, 2.886, 3.161, 2.589, 2.449, 4.02, 3.827, 3.233, 3.481, 2.732, 2.502, 3.404, 5.33, 6.04, 6.095, 7.056, 6.336, 5.523, 4.035, 3.553, 4.423, 3.529, 2.809, 2.414, 2.611, 3.052, 3.702, 5.536, 7.137, 8.485, 9.068, 8.407, 5.349, 3.889, 7.4, 13.449, 16.121, 15.588, 14.818, 14.127, 13.11, 12.226, 11.647, 12.974, 13.601, 14.116, 14.181, 13.235, 12.36, 12.054, 10.677, 9.526, 9.992, 10.923, 13.276, 15.806, 16.317, 15.9, 15.702, 13.692, 9.801, 7.015, 6.064, 5.975, 5.074, 4.98, 4.507, 4.215, 3.954, 3.419, 3.467, 3.597, 2.963, 5.577, 9.48, 11.027, 11.075, 11.139, 9.908, 9.862, 9.833, 9.074, 9.151, 10.771, 12.297, 12.152, 11.06, 11.548, 13.068, 13.704, 13.458, 12.835, 11.133, 9.315, 8.555, 8.976, 9.099, 8.77, 8.813, 7.623, 6.74, 7.143, 9.705, 9.358, 8.368, 8.253, 10.356, 12.643, 12.4, 11.134, 12.408, 14.895, 16.799, 17.487, 17.68, 18.002, 18.174, 21.21, 23.577, 23.937, 23.608, 22.739, 21.985, 21.048, 20.098, 17.365, 16.001, 16.116, 15.461, 14.63, 13.73, 12.171, 10.756, 10.86, 11.738, 11.787, 11.466, 11.985, 13.586, 14.389, 14.986, 14.735, 13.716, 10.352, 6.202, 2.927, 1.662, 1.366, 2.121, 1.91, 1.638, 2.418, 1.754, 2.023, 4.076, 7.499, 10.604, 10.138, 10.078, 12.176, 13.811, 14.721], [12.475, 13.068, 11.267, 9.736, 10.326, 11.144, 9.765, 7.25, 6.448, 6.668, 7.597, 6.749, 5.816, 6.304, 5.257, 2.697, 3.056, 2.274, 0.0, 1.473, 1.451, 2.081, 4.6, 7.104, 6.808, 5.57, 5.046, 4.658, 4.886, 5.225, 4.909, 4.418, 4.235, 4.602, 4.218, 3.903, 4.939, 5.414, 5.603, 5.482, 5.685, 5.897, 5.513, 3.067, 1.909, 1.558, 1.594, 1.479, 2.261, 2.191, 3.117, 4.681, 4.145, 3.919, 4.878, 7.186, 8.008, 7.839, 8.741, 7.942, 6.096, 4.371, 3.855, 4.018, 3.06, 1.836, 1.711, 2.11, 2.365, 3.561, 6.253, 8.712, 10.236, 10.787, 10.297, 7.097, 5.741, 9.33, 15.208, 17.853, 17.33, 16.552, 15.824, 14.775, 13.874, 13.38, 14.842, 15.468, 15.941, 15.999, 14.995, 14.26, 14.092, 12.715, 11.361, 11.916, 12.901, 15.1, 17.618, 18.121, 17.73, 17.451, 15.603, 11.703, 8.777, 8.055, 7.885, 6.91, 6.81, 6.327, 4.894, 4.887, 4.174, 3.724, 3.866, 4.434, 7.31, 11.351, 12.808, 12.81, 12.884, 11.651, 11.612, 11.547, 10.763, 10.911, 12.618, 14.227, 14.18, 13.089, 13.586, 14.925, 15.737, 15.47, 14.833, 13.073, 11.232, 10.367, 10.772, 10.863, 10.653, 10.697, 9.369, 8.252, 8.873, 11.599, 11.213, 10.298, 10.16, 12.112, 14.388, 14.155, 12.829, 14.092, 16.526, 18.401, 19.259, 19.587, 19.87, 20.207, 23.197, 25.582, 25.923, 25.64, 24.608, 23.889, 23.062, 22.088, 19.343, 17.754, 17.899, 17.195, 16.374, 15.468, 13.921, 12.555, 12.525, 13.312, 13.471, 13.067, 13.672, 15.358, 15.89, 16.275, 16.114, 15.056, 11.603, 6.904, 2.303, 1.544, 2.577, 3.168, 3.262, 1.896, 1.519, 1.571, 3.756, 6.012, 9.321, 12.472, 11.995, 11.957, 14.196, 15.852, 16.743], [11.415, 12.011, 10.22, 8.903, 9.526, 10.359, 8.928, 6.418, 5.639, 5.85, 6.786, 5.937, 4.949, 5.37, 4.193, 2.268, 2.411, 1.755, 1.473, 0.0, 1.479, 2.588, 3.569, 5.919, 5.643, 4.63, 4.374, 4.131, 4.633, 5.147, 4.629, 3.928, 3.835, 3.757, 3.236, 3.278, 4.174, 4.665, 4.79, 4.696, 4.969, 5.473, 4.873, 3.168, 1.877, 2.004, 1.579, 1.346, 2.77, 2.503, 2.068, 3.609, 2.997, 2.737, 3.968, 6.223, 7.127, 6.895, 7.813, 6.789, 4.924, 3.263, 2.946, 3.373, 2.257, 1.73, 1.35, 1.768, 1.899, 2.543, 5.065, 7.523, 9.16, 9.708, 9.199, 6.278, 4.862, 8.548, 14.189, 16.924, 16.401, 15.59, 14.709, 13.648, 12.67, 12.466, 14.093, 14.649, 15.092, 15.091, 14.146, 13.242, 13.266, 11.889, 10.534, 11.127, 12.073, 14.278, 16.798, 17.308, 16.89, 16.521, 14.713, 10.505, 7.859, 7.226, 6.852, 5.864, 5.747, 5.478, 4.133, 3.698, 3.07, 2.733, 2.72, 3.567, 6.425, 10.541, 11.982, 11.856, 11.871, 10.777, 10.551, 10.521, 9.654, 9.978, 11.788, 13.446, 13.334, 12.272, 12.76, 14.119, 14.899, 14.62, 13.904, 12.091, 10.162, 9.27, 9.645, 9.868, 9.743, 9.517, 8.316, 7.103, 7.949, 10.767, 10.307, 9.477, 9.351, 11.095, 13.406, 13.083, 11.721, 12.945, 15.321, 17.188, 18.148, 18.556, 18.937, 19.322, 22.308, 24.743, 25.089, 24.74, 23.635, 22.83, 22.138, 21.241, 18.46, 16.804, 16.937, 16.244, 15.517, 14.559, 12.883, 11.466, 11.258, 12.076, 12.18, 11.896, 12.418, 14.161, 14.953, 15.067, 14.864, 13.82, 10.376, 5.711, 1.837, 1.403, 1.916, 2.55, 2.662, 1.577, 1.512, 1.398, 2.961, 5.224, 8.491, 11.723, 11.245, 11.201, 13.29, 15.002, 15.923], [12.368, 12.988, 11.309, 10.125, 10.686, 11.623, 10.204, 7.654, 6.959, 7.175, 8.102, 7.254, 6.305, 6.529, 5.33, 2.957, 3.392, 2.844, 1.451, 1.479, 0.0, 1.502, 4.5, 6.734, 6.568, 5.335, 4.297, 3.93, 4.217, 4.576, 4.479, 3.847, 3.484, 3.514, 3.446, 2.925, 3.954, 4.332, 4.518, 4.435, 4.621, 4.968, 4.449, 2.424, 1.528, 1.41, 1.139, 1.47, 1.704, 1.49, 2.672, 4.269, 3.681, 3.87, 5.307, 7.554, 8.437, 8.141, 9.015, 7.862, 5.486, 3.704, 3.43, 3.29, 2.052, 1.352, 1.834, 2.297, 1.794, 3.245, 5.815, 8.4, 10.248, 10.841, 10.505, 7.617, 6.206, 9.827, 15.315, 17.981, 17.521, 16.612, 15.76, 14.658, 13.504, 13.637, 15.324, 15.871, 16.279, 16.362, 15.305, 14.598, 14.598, 13.219, 11.762, 12.422, 13.405, 15.502, 17.99, 18.529, 18.087, 17.668, 15.997, 11.627, 9.018, 8.558, 8.16, 7.171, 7.075, 6.802, 5.262, 4.818, 4.337, 3.739, 3.452, 4.781, 7.591, 11.794, 13.156, 13.018, 12.992, 11.924, 11.643, 11.583, 10.8, 11.26, 13.068, 14.686, 14.654, 13.587, 14.091, 15.377, 16.217, 15.939, 15.223, 13.426, 11.387, 10.466, 10.581, 11.087, 11.056, 10.722, 9.444, 8.102, 9.182, 11.987, 11.636, 10.8, 10.652, 12.294, 14.511, 14.169, 12.797, 13.85, 16.089, 17.954, 19.125, 19.783, 20.178, 20.607, 23.627, 26.038, 26.406, 26.049, 24.946, 24.067, 23.428, 22.542, 19.734, 17.968, 18.097, 17.417, 16.695, 15.719, 14.022, 12.717, 12.054, 12.756, 13.162, 12.817, 13.551, 15.262, 16.15, 15.907, 15.697, 14.426, 11.023, 6.193, 2.003, 2.195, 3.087, 3.675, 3.838, 2.428, 1.826, 1.9, 4.194, 6.422, 9.72, 12.954, 12.472, 12.42, 14.658, 16.329, 17.242], [13.279, 13.857, 12.24, 11.038, 11.651, 12.611, 11.22, 8.7, 8.029, 8.236, 9.186, 8.289, 7.359, 7.462, 6.315, 3.907, 4.371, 3.874, 2.081, 2.588, 1.502, 0.0, 4.941, 7.572, 7.111, 5.865, 4.779, 4.375, 4.318, 4.482, 5.15, 4.678, 4.026, 4.138, 3.809, 3.665, 4.791, 4.902, 5.236, 5.203, 5.179, 5.091, 4.545, 2.283, 2.134, 1.939, 1.987, 2.379, 1.658, 1.595, 3.333, 4.74, 4.369, 4.91, 6.338, 8.599, 9.475, 9.121, 9.932, 8.757, 6.007, 4.176, 4.234, 4.193, 2.905, 1.911, 2.578, 2.773, 2.781, 4.135, 6.596, 9.297, 11.107, 11.709, 11.544, 8.684, 7.299, 10.845, 16.131, 18.491, 18.115, 17.142, 16.365, 15.278, 13.892, 14.581, 16.275, 16.695, 17.176, 17.269, 16.089, 15.569, 15.617, 14.239, 12.768, 13.441, 14.419, 16.269, 18.689, 19.504, 19.063, 18.56, 17.02, 12.624, 9.92, 9.581, 9.179, 8.21, 8.098, 7.856, 6.288, 5.85, 5.391, 4.822, 4.235, 5.777, 8.403, 12.686, 13.904, 13.695, 13.774, 12.704, 12.289, 12.414, 11.767, 12.245, 14.006, 15.742, 15.668, 14.636, 15.11, 16.4, 17.24, 16.962, 16.14, 14.402, 12.411, 11.285, 11.561, 11.948, 12.048, 11.61, 10.283, 8.945, 10.203, 12.896, 12.579, 11.779, 11.643, 13.233, 15.435, 14.774, 13.403, 14.389, 16.597, 18.339, 19.767, 20.636, 20.982, 21.57, 24.566, 26.995, 27.394, 27.027, 25.895, 25.018, 24.403, 23.495, 20.682, 18.926, 19.071, 18.274, 17.5, 16.394, 14.968, 13.682, 12.623, 13.22, 14.013, 13.723, 14.425, 16.118, 16.758, 16.446, 16.213, 14.937, 11.671, 7.084, 3.104, 3.293, 4.221, 4.694, 4.92, 3.481, 2.32, 2.798, 5.297, 7.577, 10.724, 13.912, 13.428, 13.41, 15.66, 17.379, 18.265], [8.958, 9.462, 7.965, 6.713, 7.296, 8.402, 6.989, 4.708, 4.066, 4.396, 5.285, 4.409, 3.573, 3.73, 2.775, 3.465, 3.428, 3.333, 4.6, 3.569, 4.5, 4.941, 0.0, 3.792, 3.552, 3.37, 3.362, 3.626, 4.66, 5.183, 5.016, 4.2, 4.423, 3.414, 2.631, 3.416, 4.507, 4.809, 4.825, 4.728, 5.006, 5.188, 4.162, 4.0, 4.73, 5.255, 4.859, 3.746, 4.901, 5.016, 2.688, 2.859, 3.21, 2.186, 2.705, 4.732, 5.57, 5.355, 5.96, 5.046, 3.575, 2.589, 2.708, 4.044, 3.841, 3.928, 3.215, 3.165, 3.598, 2.672, 3.858, 5.473, 6.882, 7.682, 7.786, 5.291, 3.681, 6.741, 11.824, 13.874, 13.681, 12.674, 12.061, 11.122, 9.874, 10.343, 11.855, 12.245, 12.839, 12.993, 11.748, 11.3, 11.363, 9.979, 8.539, 9.227, 10.156, 11.973, 14.264, 15.148, 14.741, 14.214, 12.724, 8.584, 5.816, 5.557, 5.231, 4.647, 4.364, 4.056, 3.362, 2.833, 2.688, 2.917, 2.149, 2.669, 4.912, 8.663, 9.705, 9.413, 9.418, 8.48, 8.241, 8.409, 8.059, 8.266, 9.812, 11.46, 11.435, 10.408, 10.859, 12.157, 12.991, 12.705, 11.922, 10.208, 8.261, 7.131, 7.554, 7.739, 7.858, 7.501, 6.14, 5.03, 6.009, 8.576, 8.301, 7.541, 7.414, 8.958, 11.103, 10.461, 9.277, 10.446, 12.827, 14.505, 15.496, 16.401, 16.681, 17.31, 20.257, 22.677, 23.062, 22.781, 21.615, 20.799, 20.229, 19.169, 16.349, 14.636, 14.796, 13.928, 13.123, 12.138, 10.863, 10.03, 9.364, 10.026, 10.406, 10.059, 10.725, 12.117, 12.786, 12.844, 12.814, 11.96, 8.416, 4.657, 3.742, 3.498, 3.009, 2.813, 2.497, 2.883, 4.213, 3.852, 2.813, 4.017, 6.551, 9.584, 9.151, 9.271, 11.645, 13.281, 14.059], [5.841, 6.431, 4.901, 3.757, 4.337, 5.308, 3.992, 2.221, 2.154, 2.773, 3.152, 2.668, 2.564, 2.822, 3.342, 5.462, 5.156, 5.489, 7.104, 5.919, 6.734, 7.572, 3.792, 0.0, 1.635, 2.794, 4.239, 4.219, 5.051, 6.117, 5.572, 4.651, 5.263, 4.029, 4.455, 4.566, 3.868, 4.461, 3.749, 3.506, 4.31, 5.639, 6.575, 6.936, 7.036, 7.482, 7.073, 6.046, 7.492, 7.241, 4.567, 3.567, 3.933, 3.421, 2.695, 2.408, 2.872, 2.675, 3.34, 2.256, 1.915, 3.841, 3.762, 4.482, 5.945, 6.434, 5.706, 5.632, 5.843, 3.909, 1.602, 2.335, 4.113, 4.641, 4.564, 2.91, 2.522, 3.881, 8.774, 11.302, 10.889, 9.938, 9.203, 8.122, 6.916, 7.123, 8.732, 9.251, 9.844, 9.923, 8.747, 8.206, 8.226, 6.849, 5.411, 6.159, 7.017, 9.019, 11.433, 12.052, 11.597, 11.17, 9.593, 5.263, 3.156, 3.606, 2.67, 1.762, 1.65, 2.116, 3.049, 2.684, 3.203, 3.694, 3.549, 3.326, 4.232, 6.028, 6.858, 6.504, 6.622, 5.631, 5.619, 5.525, 4.842, 5.099, 6.763, 8.367, 8.346, 7.331, 7.765, 9.071, 9.879, 9.572, 8.885, 7.077, 5.124, 4.1, 4.232, 4.732, 4.79, 4.362, 3.072, 2.32, 2.959, 5.514, 5.334, 4.519, 4.293, 5.849, 7.95, 7.52, 6.308, 7.35, 9.593, 11.556, 12.625, 13.319, 13.726, 14.191, 17.205, 19.605, 19.989, 19.622, 18.543, 17.632, 17.008, 16.116, 13.308, 11.552, 11.63, 10.916, 10.107, 9.199, 7.736, 6.625, 5.838, 6.522, 6.862, 6.509, 7.254, 8.825, 10.102, 9.896, 9.775, 8.713, 5.218, 1.98, 5.825, 6.0, 5.361, 5.406, 4.699, 5.553, 6.705, 6.122, 4.32, 4.036, 3.987, 6.61, 6.222, 6.388, 8.753, 10.305, 11.016], [6.346, 6.922, 5.293, 4.063, 4.703, 5.695, 4.335, 2.444, 2.831, 3.185, 3.599, 3.323, 3.176, 3.177, 4.042, 5.805, 5.817, 5.734, 6.808, 5.643, 6.568, 7.111, 3.552, 1.635, 0.0, 1.785, 3.43, 3.363, 4.36, 5.633, 5.005, 4.238, 4.987, 3.834, 4.153, 4.488, 3.752, 4.235, 3.668, 3.409, 4.102, 5.257, 6.104, 6.429, 6.782, 7.296, 6.901, 5.813, 7.132, 7.148, 4.238, 3.813, 4.457, 3.594, 2.636, 2.483, 3.091, 2.82, 3.374, 2.166, 1.65, 3.504, 3.6, 4.359, 5.704, 5.972, 5.349, 5.371, 5.647, 3.66, 1.532, 2.61, 4.433, 4.728, 4.827, 2.837, 2.769, 4.113, 9.192, 11.481, 11.164, 10.131, 9.374, 8.312, 7.191, 7.603, 9.229, 9.668, 10.219, 10.338, 9.128, 8.641, 8.69, 7.309, 5.793, 6.514, 7.486, 9.366, 11.725, 12.525, 12.085, 11.583, 10.073, 5.744, 3.084, 3.828, 2.946, 2.089, 1.889, 2.142, 2.573, 2.361, 2.931, 3.439, 3.309, 3.587, 4.761, 6.166, 6.997, 6.696, 6.752, 5.756, 5.751, 5.82, 5.087, 5.406, 7.082, 8.76, 8.731, 7.705, 8.184, 9.447, 10.307, 10.023, 9.207, 7.464, 5.49, 4.39, 4.707, 5.032, 5.118, 4.688, 3.375, 2.249, 3.229, 5.916, 5.653, 4.878, 4.704, 6.259, 8.461, 7.782, 6.548, 7.684, 10.091, 11.838, 12.827, 13.717, 14.067, 14.623, 17.621, 20.048, 20.446, 20.078, 18.957, 18.088, 17.464, 16.555, 13.742, 11.987, 12.097, 11.304, 10.495, 9.485, 8.054, 6.989, 6.371, 7.06, 7.418, 6.985, 7.724, 9.236, 9.937, 9.821, 9.81, 8.91, 5.362, 1.681, 5.677, 5.798, 5.374, 5.373, 4.881, 5.421, 6.352, 6.025, 4.689, 4.818, 4.302, 6.978, 6.578, 6.685, 9.013, 10.615, 11.358], [7.88, 8.415, 6.754, 5.546, 6.176, 7.218, 5.858, 3.71, 3.704, 3.972, 4.813, 4.406, 3.785, 3.381, 4.269, 5.716, 5.726, 5.6, 5.57, 4.63, 5.335, 5.865, 3.37, 2.794, 1.785, 0.0, 1.858, 1.964, 3.152, 4.339, 3.724, 2.949, 3.723, 2.637, 3.081, 3.254, 2.847, 3.275, 3.029, 2.987, 3.42, 4.11, 4.613, 5.029, 5.916, 6.12, 5.594, 4.63, 5.795, 5.88, 3.276, 3.896, 4.638, 3.667, 2.54, 3.594, 4.508, 4.203, 4.808, 3.503, 2.182, 2.854, 2.912, 3.442, 4.427, 4.659, 4.406, 4.674, 4.348, 2.536, 2.274, 4.108, 5.859, 6.228, 6.259, 4.066, 3.573, 5.562, 10.679, 12.82, 12.587, 11.506, 10.71, 9.681, 8.555, 9.072, 10.728, 11.132, 11.74, 11.857, 10.602, 10.181, 10.237, 8.853, 7.292, 8.064, 9.03, 10.846, 13.16, 14.012, 13.56, 13.107, 11.622, 7.347, 4.595, 4.78, 4.272, 3.243, 3.169, 2.972, 2.236, 2.257, 2.357, 2.452, 2.595, 4.074, 5.737, 7.543, 8.41, 8.193, 8.254, 7.223, 7.122, 7.283, 6.569, 6.874, 8.604, 10.307, 10.268, 9.222, 9.728, 10.99, 11.851, 11.568, 10.751, 9.013, 7.055, 5.936, 6.344, 6.564, 6.658, 6.283, 4.808, 3.523, 4.728, 7.439, 7.181, 6.369, 6.238, 7.795, 9.946, 9.216, 7.925, 9.207, 11.518, 13.246, 14.403, 15.227, 15.559, 16.166, 19.152, 21.578, 21.974, 21.626, 20.513, 19.666, 19.031, 18.083, 15.266, 13.548, 13.599, 12.825, 11.987, 10.928, 9.605, 8.432, 7.886, 8.577, 8.906, 8.511, 9.19, 10.841, 11.315, 11.32, 11.288, 10.31, 6.788, 2.584, 4.375, 5.157, 5.218, 5.03, 4.605, 4.932, 5.405, 5.415, 4.472, 5.029, 5.576, 8.455, 8.04, 8.157, 10.413, 12.02, 12.876], [9.488, 10.021, 8.366, 7.09, 7.72, 8.845, 7.467, 5.036, 4.763, 4.982, 6.082, 5.411, 4.654, 4.351, 4.651, 5.756, 5.765, 5.569, 5.046, 4.374, 4.297, 4.779, 3.362, 4.239, 3.43, 1.858, 0.0, 1.48, 2.45, 3.019, 2.734, 1.808, 2.379, 1.998, 2.771, 2.117, 2.293, 2.666, 2.713, 2.939, 2.891, 3.328, 3.261, 3.806, 5.438, 5.48, 4.542, 4.058, 4.255, 4.329, 2.94, 4.271, 4.912, 3.949, 3.361, 5.049, 5.908, 5.603, 6.241, 4.955, 3.224, 2.654, 2.91, 3.26, 3.406, 3.812, 4.028, 4.319, 3.235, 2.385, 3.332, 5.591, 7.269, 7.848, 7.849, 5.372, 4.484, 7.104, 12.293, 14.441, 14.231, 13.121, 12.215, 11.254, 10.118, 10.683, 12.289, 12.715, 13.375, 13.479, 12.231, 11.806, 11.866, 10.481, 8.909, 9.692, 10.658, 12.474, 14.814, 15.631, 15.17, 14.73, 13.241, 9.01, 6.132, 6.03, 5.632, 4.659, 4.581, 4.307, 3.022, 2.825, 2.78, 2.846, 2.626, 4.711, 6.588, 8.989, 9.983, 9.81, 9.834, 8.84, 8.56, 8.77, 8.081, 8.493, 10.227, 11.923, 11.897, 10.846, 11.357, 12.618, 13.479, 13.19, 12.379, 10.638, 8.711, 7.596, 8.0, 8.195, 8.286, 7.944, 6.472, 5.129, 6.333, 9.063, 8.803, 7.974, 7.86, 9.412, 11.554, 10.837, 9.579, 10.877, 13.112, 14.84, 16.068, 16.863, 17.209, 17.788, 20.782, 23.184, 23.58, 23.25, 22.125, 21.298, 20.661, 19.687, 16.903, 15.152, 15.24, 14.443, 13.616, 12.588, 11.26, 10.051, 9.448, 10.085, 10.537, 10.123, 10.826, 12.515, 12.975, 12.965, 12.918, 11.798, 8.292, 3.726, 3.555, 4.879, 5.241, 5.002, 4.54, 4.694, 5.178, 5.206, 4.717, 5.771, 6.835, 9.951, 9.471, 9.655, 11.908, 13.585, 14.49], [9.452, 10.056, 8.35, 7.03, 7.657, 8.702, 7.321, 4.963, 4.852, 5.093, 6.039, 5.53, 4.895, 4.406, 5.143, 5.877, 5.853, 5.515, 4.658, 4.131, 3.93, 4.375, 3.626, 4.219, 3.363, 1.964, 1.48, 0.0, 1.679, 2.594, 1.952, 1.484, 2.005, 1.809, 2.88, 2.109, 2.385, 2.423, 2.811, 3.015, 2.969, 3.108, 3.39, 3.509, 5.039, 4.937, 4.323, 3.754, 4.124, 4.077, 2.971, 4.613, 4.994, 3.91, 3.374, 4.802, 5.725, 5.39, 6.062, 4.852, 3.122, 2.515, 3.015, 3.615, 3.619, 3.813, 3.688, 3.792, 3.031, 2.443, 3.294, 5.443, 7.249, 