[[0.0, 1.475, 2.57, 4.018, 5.099, 6.022, 7.511, 9.284, 9.633, 8.478, 8.553, 8.386, 7.724, 8.915, 10.396, 9.983, 9.525, 11.179, 12.781, 13.483, 14.453, 15.426, 15.024, 13.495, 11.268, 9.843, 9.091, 9.221, 9.756, 9.916, 9.223, 8.978, 9.48, 9.87, 10.319, 11.403, 12.468, 12.978, 13.445, 13.056, 10.429, 9.447, 9.776, 9.148, 7.606, 7.146, 6.811, 6.411, 5.775, 5.335, 4.956, 5.264, 5.357, 6.384, 7.217, 7.432, 7.676, 7.876, 8.052, 8.215, 8.11, 7.635, 6.516, 6.332, 6.666, 7.847, 7.585, 6.839, 7.749, 8.467, 8.004, 8.368, 8.061, 7.401, 6.576, 6.623, 6.242, 6.11, 5.616, 6.37, 6.196, 6.022, 6.045, 7.188, 7.105, 6.94, 7.069, 7.129, 6.86, 7.119, 7.254, 7.154, 6.912, 7.123, 6.869, 6.009, 6.041, 7.022, 8.613, 8.16, 8.523, 8.954, 9.61, 10.788, 10.915, 11.298, 11.224, 10.976, 12.51, 12.479, 12.456, 13.476, 12.639, 12.254, 10.845, 9.721, 9.489, 8.335, 7.674, 8.214, 8.219, 7.781, 7.69, 8.155, 8.882, 9.516, 8.38, 8.809, 8.349, 8.585, 8.046, 6.979, 6.521, 5.992, 6.008, 5.47, 5.019, 5.886, 8.313, 9.904, 12.828, 14.77, 13.413, 11.799, 12.662, 12.918, 13.001, 13.897, 14.555, 14.494, 13.359, 13.393, 14.31, 14.135, 14.523, 16.089, 17.82, 18.294, 18.733, 17.145, 16.433, 15.839, 15.053, 15.498, 16.58, 17.361, 17.017, 17.268, 17.221, 17.629, 17.841, 17.773, 18.97, 20.03, 20.472, 20.271, 19.364, 18.539, 17.959, 17.563, 16.566, 15.254, 14.702, 15.33, 14.283, 14.354, 14.989, 13.512, 11.921, 11.098, 11.709, 12.697, 14.492, 14.345, 13.274, 12.252, 12.471, 12.766, 11.067, 9.845, 9.4, 9.499, 9.743, 10.807, 11.251, 11.46, 11.461, 13.113, 13.247, 12.651, 10.974, 10.488, 10.341, 10.399, 10.833, 10.175, 9.249, 9.336, 8.776, 9.603, 10.427, 10.527, 10.001, 8.821, 9.387, 10.482, 10.475, 11.512, 11.946, 13.022], [1.475, 0.0, 1.923, 3.484, 4.488, 5.151, 6.766, 8.437, 8.808, 7.644, 7.66, 7.478, 6.888, 8.118, 9.591, 9.101, 8.848, 10.307, 11.86, 12.739, 13.728, 14.766, 14.381, 12.775, 10.48, 9.031, 8.23, 8.443, 8.917, 9.102, 8.426, 8.097, 8.603, 9.034, 9.53, 10.614, 11.647, 12.147, 12.607, 12.217, 9.589, 8.765, 9.092, 8.489, 7.003, 6.74, 6.407, 5.964, 5.352, 5.179, 4.687, 4.832, 5.077, 6.087, 6.836, 7.228, 7.453, 7.671, 7.914, 8.211, 8.156, 7.593, 6.577, 6.26, 6.638, 7.685, 7.516, 6.377, 7.074, 7.803, 7.294, 7.842, 7.567, 6.902, 6.178, 6.274, 5.643, 5.462, 5.123, 5.822, 5.533, 5.312, 5.62, 6.685, 6.608, 6.681, 6.987, 7.187, 6.867, 7.013, 7.174, 6.985, 6.452, 6.601, 6.171, 5.372, 5.367, 6.516, 8.066, 7.554, 7.771, 8.156, 8.765, 10.006, 10.128, 10.465, 10.344, 10.125, 11.628, 11.658, 11.685, 12.669, 11.841, 11.522, 10.047, 8.894, 8.602, 7.601, 7.096, 7.722, 7.835, 7.33, 7.184, 7.657, 8.228, 8.835, 7.696, 8.108, 7.527, 7.745, 7.179, 6.079, 5.689, 5.131, 5.156, 4.684, 4.22, 5.105, 7.699, 9.11, 12.197, 14.095, 12.614, 11.024, 11.947, 12.135, 12.174, 13.086, 13.715, 13.654, 12.51, 12.543, 13.481, 13.311, 13.682, 15.336, 16.962, 17.447, 17.766, 16.228, 15.564, 14.933, 14.263, 14.557, 15.841, 16.602, 16.203, 16.421, 16.345, 16.741, 16.882, 17.023, 18.116, 19.125, 19.511, 19.487, 18.428, 17.737, 17.095, 16.684, 15.628, 14.325, 13.994, 14.419, 13.481, 13.451, 14.162, 12.568, 10.968, 10.211, 10.912, 11.794, 13.603, 13.623, 12.356, 11.427, 11.574, 11.951, 10.24, 8.973, 8.53, 8.628, 8.962, 10.039, 10.541, 10.811, 10.805, 12.291, 12.396, 11.805, 10.226, 9.826, 9.442, 9.499, 9.991, 9.241, 8.39, 8.475, 8.018, 8.868, 9.606, 9.768, 9.165, 8.06, 8.543, 9.732, 9.62, 10.68, 11.086, 12.236], [2.57, 1.923, 0.0, 2.182, 4.172, 4.871, 5.984, 7.657, 8.097, 7.011, 6.721, 6.405, 6.18, 7.485, 8.772, 8.27, 8.211, 9.176, 10.766, 11.315, 12.0, 12.99, 12.555, 11.15, 9.664, 8.397, 7.607, 7.65, 8.195, 8.269, 7.743, 7.857, 8.36, 8.399, 8.865, 9.917, 10.978, 11.544, 11.968, 11.533, 9.345, 8.949, 9.321, 8.7, 7.423, 7.314, 7.038, 6.66, 6.036, 6.057, 5.56, 5.707, 5.961, 6.848, 7.653, 8.163, 8.345, 8.58, 8.763, 9.046, 9.001, 8.489, 7.361, 6.879, 7.354, 8.545, 8.395, 6.891, 7.301, 7.959, 7.698, 8.365, 8.236, 7.56, 6.97, 7.196, 6.484, 6.16, 5.925, 6.454, 5.898, 5.827, 6.455, 7.383, 7.35, 7.515, 8.016, 8.237, 7.904, 7.98, 8.16, 7.962, 7.154, 7.095, 6.442, 5.706, 5.589, 6.483, 8.024, 7.612, 7.505, 7.792, 8.529, 9.956, 10.103, 10.394, 10.063, 9.622, 10.996, 11.024, 11.376, 12.04, 11.268, 10.857, 9.687, 8.825, 8.294, 7.322, 7.177, 8.265, 8.416, 7.904, 7.719, 8.176, 8.662, 9.071, 7.949, 8.388, 7.576, 7.551, 6.857, 5.397, 5.019, 4.726, 4.58, 4.278, 4.338, 4.437, 6.53, 7.951, 11.094, 12.975, 11.677, 10.165, 11.025, 11.338, 11.477, 12.381, 13.004, 12.95, 11.888, 11.945, 12.776, 12.686, 13.047, 14.401, 15.864, 15.942, 16.485, 15.055, 14.332, 13.761, 13.396, 13.812, 14.955, 15.715, 15.196, 15.382, 15.187, 15.625, 15.654, 15.966, 17.066, 18.065, 18.34, 18.5, 17.432, 16.518, 15.94, 15.378, 14.24, 12.98, 12.44, 13.272, 12.477, 12.321, 12.648, 11.44, 10.074, 9.39, 9.82, 10.714, 12.326, 12.115, 11.408, 10.854, 10.836, 10.979, 9.5, 8.507, 8.049, 8.243, 8.747, 10.019, 10.559, 10.888, 10.888, 12.225, 12.152, 11.192, 9.284, 8.423, 8.37, 8.354, 8.929, 7.892, 7.909, 8.06, 7.545, 8.098, 9.02, 8.918, 8.405, 7.225, 7.803, 8.835, 8.8, 9.953, 10.57, 11.263], [4.018, 3.484, 2.182, 0.0, 2.483, 3.313, 4.596, 6.225, 6.663, 5.648, 5.408, 5.051, 4.755, 6.135, 7.346, 6.901, 6.773, 7.871, 9.464, 9.927, 10.635, 11.583, 11.167, 9.835, 8.259, 7.043, 6.246, 6.265, 6.779, 6.884, 6.343, 6.471, 6.922, 7.016, 7.498, 8.52, 9.623, 10.188, 10.556, 10.103, 7.926, 7.6, 8.035, 7.339, 6.639, 6.977, 6.866, 6.34, 5.864, 6.056, 5.646, 5.669, 5.913, 6.75, 7.607, 8.138, 8.32, 8.488, 8.663, 8.982, 9.057, 8.471, 7.342, 6.789, 7.263, 8.466, 8.339, 6.61, 6.32, 6.473, 6.652, 7.722, 7.901, 7.287, 6.865, 7.201, 6.667, 6.178, 5.97, 6.348, 5.531, 5.65, 6.451, 7.173, 7.202, 7.434, 8.126, 8.295, 8.025, 7.936, 8.297, 7.971, 6.95, 6.526, 5.465, 4.827, 4.742, 5.222, 6.383, 5.993, 5.936, 6.309, 7.02, 8.363, 8.531, 8.855, 8.599, 8.243, 9.609, 9.665, 9.947, 10.662, 9.875, 9.476, 8.237, 7.294, 6.838, 5.79, 6.134, 7.632, 8.04, 7.52, 7.339, 7.664, 7.875, 7.941, 6.937, 7.106, 5.968, 6.092, 5.368, 4.057, 3.629, 3.352, 3.497, 3.531, 3.344, 3.066, 5.184, 6.661, 9.675, 11.593, 10.34, 8.785, 9.638, 9.935, 10.099, 10.965, 11.57, 11.518, 10.524, 10.559, 11.356, 11.314, 11.627, 13.062, 14.574, 14.612, 15.25, 13.768, 13.035, 12.458, 12.019, 12.424, 13.545, 14.344, 13.87, 14.077, 13.89, 14.335, 14.39, 14.655, 15.758, 16.764, 17.049, 17.173, 16.083, 15.189, 14.649, 14.094, 12.974, 11.727, 11.135, 11.977, 11.165, 10.994, 11.269, 10.095, 8.698, 8.12, 8.496, 9.259, 10.94, 10.811, 10.07, 9.499, 9.432, 9.624, 8.096, 7.138, 6.677, 6.857, 7.288, 8.41, 8.948, 9.282, 9.271, 10.683, 10.709, 9.846, 7.856, 7.015, 7.008, 7.049, 7.63, 6.681, 6.505, 6.662, 6.158, 6.723, 7.663, 7.558, 6.99, 5.797, 6.367, 7.462, 7.397, 8.546, 9.223, 9.912], [5.099, 4.488, 4.172, 2.483, 0.0, 1.779, 3.117, 4.881, 5.084, 3.955, 4.139, 4.019, 3.304, 4.42, 5.987, 5.684, 5.107, 6.836, 8.407, 9.123, 10.085, 11.043, 10.669, 9.11, 6.848, 5.148, 4.494, 4.748, 5.249, 5.565, 4.812, 4.613, 4.872, 5.221, 5.61, 6.677, 7.666, 8.232, 8.811, 8.371, 5.535, 5.806, 6.177, 5.547, 5.228, 5.967, 6.183, 5.177, 4.975, 5.345, 5.205, 5.071, 5.022, 5.887, 6.819, 7.448, 7.472, 7.542, 7.819, 8.036, 8.308, 7.552, 6.606, 6.209, 6.452, 7.52, 7.402, 5.717, 4.967, 4.743, 5.032, 6.336, 6.726, 6.287, 6.102, 6.567, 6.008, 5.362, 5.174, 5.56, 4.529, 4.88, 5.701, 6.169, 6.176, 6.575, 7.468, 7.7, 7.427, 7.202, 7.539, 7.204, 5.936, 5.14, 3.936, 3.279, 3.2, 3.638, 4.455, 3.97, 3.837, 4.269, 5.012, 6.108, 6.264, 6.493, 6.347, 6.353, 7.807, 7.914, 7.59, 8.666, 7.898, 7.442, 5.947, 4.866, 4.587, 3.684, 4.597, 6.091, 6.854, 6.204, 5.98, 6.341, 6.332, 6.263, 5.326, 5.199, 3.912, 3.745, 3.281, 2.572, 1.947, 2.098, 2.643, 2.723, 2.386, 2.189, 4.072, 5.549, 8.52, 10.473, 9.079, 7.369, 8.315, 8.49, 8.443, 9.442, 9.928, 9.892, 8.661, 8.69, 9.544, 9.349, 9.77, 11.752, 13.489, 13.939, 14.36, 12.783, 12.059, 11.455, 10.653, 11.031, 12.137, 12.986, 12.708, 12.932, 12.846, 13.271, 13.471, 13.472, 14.634, 15.666, 16.103, 15.967, 14.988, 14.159, 13.596, 13.177, 12.177, 10.868, 10.373, 10.958, 9.975, 9.987, 10.625, 9.139, 7.498, 6.705, 7.347, 8.241, 10.115, 10.0, 8.909, 7.759, 7.841, 8.437, 6.469, 4.966, 4.523, 4.712, 4.992, 6.266, 6.671, 7.051, 6.995, 8.274, 8.346, 7.939, 6.542, 6.102, 5.954, 6.04, 6.5, 5.794, 4.826, 4.675, 4.283, 4.989, 5.614, 6.196, 5.472, 4.439, 4.865, 6.073, 6.067, 6.946, 7.142, 8.719], [6.022, 5.151, 4.871, 3.313, 1.779, 0.0, 1.933, 3.505, 3.871, 3.007, 3.126, 2.98, 2.248, 3.202, 4.767, 4.673, 4.627, 5.918, 7.383, 8.558, 9.69, 10.649, 10.336, 8.61, 6.005, 4.676, 3.645, 3.647, 4.049, 4.252, 3.542, 3.805, 3.986, 4.224, 4.835, 5.903, 6.998, 7.476, 7.737, 7.332, 4.762, 5.502, 5.906, 5.204, 4.699, 6.226, 6.589, 5.108, 5.281, 5.666, 5.601, 5.165, 5.069, 5.603, 6.547, 7.37, 7.087, 7.25, 7.737, 8.02, 8.244, 7.368, 6.769, 6.465, 6.342, 7.18, 7.03, 5.445, 4.515, 4.224, 4.463, 5.84, 6.403, 6.247, 6.104, 6.488, 5.819, 5.22, 5.178, 5.494, 4.161, 4.835, 5.757, 5.75, 5.718, 6.453, 7.663, 7.863, 7.505, 7.481, 7.51, 6.983, 5.793, 4.802, 3.437, 3.136, 3.214, 3.785, 4.341, 3.638, 3.35, 3.609, 4.189, 5.561, 5.683, 5.746, 5.393, 5.212, 6.75, 6.821, 7.089, 7.934, 7.143, 6.944, 5.331, 4.228, 3.811, 3.459, 4.488, 5.729, 6.487, 5.806, 5.538, 5.801, 5.983, 5.95, 4.951, 4.678, 3.416, 2.941, 2.295, 1.954, 1.426, 1.495, 1.912, 2.362, 2.47, 1.53, 3.323, 4.734, 7.651, 9.59, 7.912, 6.16, 7.264, 7.354, 7.216, 8.213, 8.783, 8.677, 7.523, 7.722, 8.625, 8.517, 8.814, 10.391, 12.191, 13.334, 13.211, 11.65, 11.155, 10.372, 9.441, 9.737, 11.189, 11.877, 11.379, 11.533, 11.738, 12.271, 12.277, 12.328, 13.531, 14.444, 14.811, 14.604, 13.86, 13.5, 12.813, 12.311, 11.295, 9.883, 9.825, 9.84, 8.772, 8.794, 9.86, 8.073, 6.348, 5.674, 6.629, 7.465, 9.282, 9.532, 7.92, 6.648, 6.998, 7.304, 5.509, 4.171, 3.732, 4.028, 4.377, 5.742, 6.028, 6.375, 6.447, 7.54, 7.449, 6.808, 5.932, 5.719, 5.088, 4.83, 5.227, 4.874, 3.597, 3.764, 3.67, 4.336, 4.841, 4.961, 4.354, 3.444, 3.833, 4.92, 4.981, 5.747, 6.086, 7.463], [7.511, 6.766, 5.984, 4.596, 3.117, 1.933, 0.0, 2.064, 2.334, 2.258, 2.219, 2.061, 1.862, 2.163, 3.755, 4.028, 4.127, 4.544, 6.018, 7.19, 8.356, 9.312, 9.007, 7.279, 4.563, 3.576, 2.64, 2.483, 2.651, 3.075, 2.87, 3.53, 3.615, 3.085, 3.278, 4.328, 5.454, 5.947, 6.143, 5.638, 3.985, 5.397, 5.704, 5.551, 5.589, 7.289, 7.65, 6.202, 6.317, 6.703, 6.631, 6.165, 6.009, 6.531, 7.471, 8.299, 8.011, 8.142, 8.655, 8.946, 9.146, 8.262, 8.043, 7.799, 7.381, 8.058, 7.944, 6.299, 5.195, 4.676, 5.074, 6.528, 7.358, 7.335, 7.183, 7.621, 6.884, 6.251, 6.167, 6.443, 5.068, 5.831, 6.797, 6.703, 6.71, 7.571, 8.961, 9.181, 8.794, 8.665, 8.737, 8.038, 6.756, 5.513, 4.104, 3.701, 4.024, 3.879, 4.16, 3.603, 3.033, 2.995, 3.614, 4.977, 5.141, 5.084, 4.725, 4.241, 5.475, 5.325, 6.178, 6.562, 5.836, 5.588, 4.455, 3.755, 3.56, 3.515, 4.735, 6.279, 7.271, 6.485, 6.242, 6.545, 6.458, 6.111, 5.32, 4.722, 3.09, 2.4, 1.763, 1.69, 1.692, 2.262, 2.573, 3.282, 3.593, 2.482, 2.467, 3.441, 6.274, 8.175, 6.451, 4.507, 5.734, 5.69, 5.651, 6.608, 7.083, 7.011, 6.229, 6.187, 6.933, 6.931, 7.14, 8.783, 10.787, 12.0, 11.842, 10.21, 9.738, 9.029, 7.961, 8.376, 9.455, 10.174, 10.014, 10.15, 10.388, 10.947, 10.876, 10.765, 12.102, 13.163, 13.452, 13.187, 12.589, 12.144, 11.449, 10.94, 9.94, 8.546, 8.503, 8.488, 7.237, 7.434, 8.585, 6.785, 5.206, 4.862, 5.401, 6.186, 7.972, 8.201, 6.557, 5.418, 5.628, 5.793, 3.733, 3.037, 2.8, 3.22, 3.869, 5.303, 5.493, 6.014, 5.922, 6.978, 6.738, 5.319, 4.642, 4.455, 4.021, 3.715, 3.905, 3.615, 3.022, 3.149, 3.079, 3.079, 3.667, 3.51, 2.913, 2.11, 2.463, 3.267, 3.531, 4.023, 4.741, 6.033], [9.284, 8.437, 7.657, 6.225, 4.881, 3.505, 2.064, 0.0, 1.19, 2.54, 1.874, 2.219, 2.669, 2.261, 3.438, 4.013, 3.948, 3.47, 4.644, 5.722, 6.766, 7.702, 7.414, 5.659, 3.297, 3.124, 2.565, 2.288, 2.486, 2.901, 3.205, 4.011, 3.961, 3.085, 2.936, 3.312, 4.388, 4.848, 4.722, 4.36, 4.259, 6.074, 6.357, 6.164, 6.781, 8.855, 9.159, 7.655, 7.883, 8.35, 8.178, 7.51, 7.496, 7.901, 8.685, 9.484, 9.218, 9.323, 9.939, 10.23, 10.364, 9.438, 9.073, 8.906, 8.567, 9.159, 9.26, 7.399, 5.975, 5.269, 5.917, 7.358, 8.748, 8.729, 8.701, 8.951, 8.12, 7.512, 7.388, 7.646, 6.334, 7.093, 8.082, 7.833, 7.813, 8.983, 10.437, 10.737, 10.317, 10.234, 10.177, 9.426, 8.258, 6.845, 5.219, 5.083, 5.504, 4.853, 4.949, 4.327, 3.763, 3.341, 3.875, 5.049, 5.204, 5.036, 4.629, 3.864, 4.665, 5.044, 5.973, 5.944, 5.236, 5.225, 4.327, 4.358, 4.158, 4.282, 5.606, 7.125, 8.281, 7.54, 7.199, 7.499, 7.093, 6.677, 5.935, 5.466, 3.841, 2.935, 2.314, 2.726, 3.104, 4.008, 4.054, 4.807, 5.158, 3.793, 2.322, 2.674, 4.683, 6.564, 4.773, 3.192, 4.304, 4.378, 4.564, 4.92, 5.407, 5.509, 5.273, 5.233, 5.45, 5.716, 5.755, 7.029, 9.018, 10.376, 10.103, 8.492, 7.999, 7.381, 6.433, 6.799, 8.068, 8.688, 8.24, 8.331, 8.67, 9.287, 9.153, 9.192, 10.491, 11.483, 11.658, 11.494, 10.935, 10.514, 9.835, 9.279, 8.302, 6.877, 6.869, 6.798, 5.595, 5.701, 6.914, 5.267, 4.701, 4.521, 4.991, 5.318, 6.464, 6.613, 5.245, 4.757, 4.538, 4.196, 2.85, 3.165, 3.114, 3.39, 4.278, 5.365, 5.722, 6.1, 6.074, 6.677, 6.422, 4.464, 3.337, 3.873, 3.616, 3.198, 2.856, 3.367, 2.886, 3.536, 3.525, 3.348, 3.213, 2.594, 1.749, 2.058, 2.006, 2.344, 2.544, 3.009, 3.93, 4.599], [9.633, 8.808, 8.097, 6.663, 5.084, 3.871, 2.334, 1.19, 0.0, 1.763, 1.799, 2.137, 2.315, 1.582, 2.966, 3.451, 3.426, 3.111, 4.312, 5.497, 6.652, 7.592, 7.309, 5.55, 2.919, 2.456, 1.935, 1.663, 1.888, 2.392, 2.451, 3.139, 3.138, 2.296, 2.136, 2.735, 3.931, 4.368, 4.305, 3.779, 3.433, 5.208, 5.462, 5.412, 6.846, 8.971, 9.263, 7.774, 7.975, 8.472, 8.277, 7.576, 7.604, 7.999, 8.67, 9.223, 8.912, 9.064, 9.715, 10.04, 9.994, 9.064, 8.796, 8.89, 8.511, 8.987, 9.006, 7.117, 5.229, 4.511, 5.45, 7.239, 8.834, 8.848, 8.789, 9.05, 8.205, 7.489, 7.379, 7.504, 6.242, 7.184, 8.194, 7.831, 7.786, 9.052, 10.54, 10.86, 10.43, 10.367, 10.327, 9.55, 8.261, 6.825, 5.146, 5.189, 5.559, 4.518, 4.337, 3.882, 3.105, 2.494, 3.015, 4.198, 4.458, 4.19, 3.836, 3.187, 4.035, 4.393, 5.297, 5.248, 4.591, 4.514, 3.58, 3.503, 3.368, 3.436, 4.774, 6.436, 7.879, 7.181, 6.671, 6.959, 6.513, 5.739, 5.107, 4.939, 3.267, 2.428, 2.126, 3.006, 3.297, 4.152, 4.115, 4.945, 5.233, 4.088, 2.271, 2.345, 4.52, 6.426, 4.62, 2.824, 4.099, 4.057, 3.989, 4.624, 4.998, 4.902, 4.77, 4.702, 5.013, 5.264, 5.321, 6.855, 8.861, 10.268, 9.98, 8.367, 7.895, 7.247, 6.137, 6.582, 7.801, 8.46, 8.126, 8.179, 8.525, 9.167, 9.005, 9.107, 10.356, 11.359, 11.53, 11.32, 10.789, 10.398, 9.727, 9.16, 8.178, 6.754, 6.752, 6.664, 5.503, 5.576, 6.8, 5.087, 4.245, 4.008, 4.551, 4.83, 6.262, 6.478, 5.032, 4.241, 4.011, 4.084, 2.203, 2.422, 2.444, 2.869, 3.348, 4.523, 4.866, 5.256, 5.231, 5.919, 5.66, 3.747, 2.96, 3.416, 3.086, 2.722, 2.322, 2.803, 2.29, 2.727, 2.754, 2.699, 2.737, 2.342, 1.473, 1.621, 1.421, 1.839, 2.127, 2.301, 3.325, 4.309], [8.478, 7.644, 7.011, 5.648, 3.955, 3.007, 2.258, 2.54, 1.763, 0.0, 1.587, 2.227, 2.098, 1.247, 2.581, 2.494, 2.425, 3.425, 4.903, 5.967, 7.105, 8.11, 7.785, 6.152, 3.452, 2.093, 1.232, 1.51, 1.708, 2.124, 1.543, 2.429, 2.485, 1.849, 2.206, 3.227, 4.313, 4.845, 5.224, 4.776, 2.671, 4.261, 4.538, 4.667, 6.284, 8.156, 8.543, 7.093, 7.144, 7.57, 7.367, 6.976, 6.86, 7.321, 8.118, 8.576, 8.224, 8.263, 8.817, 9.176, 9.025, 8.113, 7.664, 7.592, 7.563, 8.195, 8.082, 6.241, 4.483, 3.894, 4.937, 6.672, 8.28, 8.38, 8.244, 8.572, 7.708, 6.924, 6.774, 6.924, 5.674, 6.575, 7.619, 7.335, 7.307, 8.573, 10.077, 10.402, 9.948, 9.808, 9.866, 9.081, 7.509, 6.053, 4.409, 4.328, 4.779, 3.565, 3.484, 3.177, 2.236, 1.678, 2.326, 3.584, 3.823, 3.709, 3.372, 2.868, 4.193, 4.293, 4.79, 5.204, 4.599, 4.359, 2.961, 2.53, 2.356, 2.281, 3.612, 5.491, 6.991, 6.332, 5.805, 6.192, 5.776, 4.834, 4.402, 4.346, 2.763, 1.923, 1.646, 2.105, 2.585, 3.264, 3.657, 4.21, 4.402, 3.068, 2.358, 2.41, 5.192, 7.035, 5.3, 3.7, 4.808, 4.727, 4.661, 5.544, 6.177, 6.103, 5.034, 5.058, 5.86, 5.919, 6.167, 7.947, 9.798, 10.772, 10.69, 9.082, 8.59, 7.958, 6.947, 7.294, 8.555, 9.231, 9.011, 9.133, 9.246, 9.787, 9.76, 9.814, 10.977, 12.105, 12.37, 12.131, 11.519, 10.987, 10.231, 9.756, 8.812, 7.409, 7.339, 7.415, 6.269, 6.308, 7.451, 5.681, 3.926, 3.355, 4.048, 4.885, 6.805, 6.986, 5.256, 4.046, 4.396, 4.803, 2.839, 1.839, 1.799, 2.429, 2.632, 3.893, 4.211, 4.69, 4.622, 5.553, 5.3, 4.256, 3.43, 3.145, 2.49, 2.475, 2.8, 2.45, 1.57, 1.79, 1.723, 2.152, 2.94, 2.845, 2.08, 1.465, 1.661, 2.446, 2.377, 3.153, 3.658, 4.982], [8.553, 7.66, 6.721, 5.408, 4.139, 3.126, 2.219, 1.874, 1.799, 1.587, 0.0, 1.838, 2.33, 1.956, 3.212, 3.33, 3.03, 3.094, 4.455, 5.562, 6.704, 7.66, 7.375, 5.618, 3.436, 2.393, 1.826, 2.241, 2.432, 2.739, 2.637, 3.614, 3.693, 3.04, 3.079, 3.681, 4.778, 5.279, 5.487, 4.99, 3.914, 5.605, 5.874, 5.588, 6.751, 8.769, 9.093, 7.532, 7.75, 8.152, 7.883, 7.431, 7.378, 7.805, 8.627, 9.299, 8.891, 8.912, 9.556, 9.875, 9.86, 8.908, 8.162, 7.984, 8.241, 8.853, 8.792, 7.068, 5.308, 4.687, 5.451, 7.17, 8.768, 8.773, 8.69, 8.985, 8.121, 7.378, 7.34, 7.511, 6.181, 7.1, 8.094, 7.795, 7.737, 8.993, 10.475, 10.789, 10.335, 10.219, 10.246, 9.48, 8.039, 6.522, 4.843, 4.793, 5.231, 4.421, 4.442, 3.947, 3.238, 2.95, 3.613, 4.961, 4.89, 4.921, 4.493, 3.665, 4.428, 4.837, 5.589, 5.842, 5.121, 5.044, 4.081, 3.745, 3.485, 3.534, 4.835, 6.455, 7.803, 6.994, 6.488, 6.921, 6.618, 6.183, 5.34, 5.045, 3.549, 2.572, 2.312, 2.031, 2.764, 3.782, 3.963, 4.763, 4.931, 3.378, 2.083, 2.184, 5.061, 6.918, 5.203, 3.669, 4.766, 4.878, 4.861, 5.795, 6.359, 6.295, 5.351, 5.452, 6.289, 6.33, 6.512, 7.888, 9.495, 10.342, 10.302, 8.859, 8.335, 7.523, 6.838, 7.223, 8.625, 9.328, 8.79, 8.872, 8.789, 9.399, 9.416, 9.695, 10.773, 11.689, 12.017, 11.945, 11.109, 10.568, 9.859, 9.312, 8.346, 6.851, 6.827, 7.047, 6.184, 5.958, 6.864, 5.215, 3.874, 3.474, 4.037, 4.679, 6.39, 6.567, 5.119, 4.523, 4.627, 4.729, 3.161, 2.602, 2.845, 3.364, 3.905, 5.273, 5.49, 5.938, 5.971, 6.529, 6.249, 4.656, 3.176, 3.25, 2.963, 2.847, 2.822, 2.488, 2.527, 2.96, 2.775, 2.98, 3.161, 2.708, 2.167, 1.652, 1.844, 2.581, 2.435, 3.355, 3.98, 4.721], [8.386, 7.478, 6.405, 5.051, 4.019, 2.98, 2.061, 2.219, 2.137, 2.227, 1.838, 0.0, 1.789, 2.363, 3.677, 3.831, 3.823, 3.539, 4.811, 5.851, 6.863, 7.815, 7.48, 5.906, 3.817, 3.458, 2.49, 2.581, 2.883, 3.077, 3.058, 4.069, 4.189, 3.531, 3.264, 4.293, 5.314, 5.913, 6.053, 5.575, 4.395, 5.798, 6.067, 5.837, 6.621, 8.474, 8.803, 7.357, 7.424, 7.791, 7.642, 7.303, 7.09, 7.595, 8.571, 9.153, 8.794, 8.708, 9.222, 9.576, 9.466, 8.523, 8.031, 7.888, 7.857, 8.58, 8.368, 6.687, 5.313, 4.935, 5.462, 7.075, 8.557, 8.607, 8.526, 8.911, 8.076, 7.35, 7.288, 7.447, 6.085, 6.962, 7.998, 7.799, 7.746, 8.918, 10.372, 10.663, 10.232, 10.055, 10.12, 9.325, 7.628, 6.187, 4.927, 4.776, 5.054, 4.41, 4.453, 3.972, 3.356, 3.351, 4.147, 5.446, 5.558, 5.564, 5.259, 4.529, 5.457, 5.536, 6.353, 6.793, 5.99, 5.687, 4.771, 4.11, 3.706, 3.649, 4.866, 6.383, 7.408, 6.686, 6.432, 6.727, 6.657, 6.426, 5.583, 5.189, 3.781, 3.094, 2.791, 2.151, 2.53, 3.531, 3.725, 4.446, 4.53, 3.054, 1.07, 2.647, 5.362, 6.914, 5.447, 4.146, 5.221, 5.444, 5.766, 6.402, 6.903, 6.891, 6.378, 6.284, 6.856, 6.952, 7.005, 8.041, 9.586, 10.493, 10.544, 8.866, 8.322, 7.714, 7.345, 7.968, 8.966, 9.357, 8.9, 9.048, 9.205, 9.589, 9.613, 9.777, 10.871, 11.9, 12.189, 12.215, 11.328, 10.756, 10.031, 9.583, 8.505, 7.238, 7.051, 7.103, 6.162, 6.148, 7.233, 5.654, 4.922, 4.632, 4.877, 5.67, 7.067, 6.745, 5.889, 5.5, 5.201, 4.803, 3.61, 3.218, 3.153, 3.645, 4.311, 5.787, 6.043, 6.554, 6.451, 7.442, 7.2, 5.473, 3.827, 3.297, 3.372, 2.957, 2.906, 3.013, 3.214, 3.564, 3.298, 3.292, 3.846, 3.445, 2.52, 1.92, 2.198, 2.832, 2.904, 4.076, 5.11, 5.216], [7.724, 6.888, 6.18, 4.755, 3.304, 2.248, 1.862, 2.669, 2.315, 2.098, 2.33, 1.789, 0.0, 1.788, 3.512, 3.923, 4.006, 4.541, 6.025, 7.192, 8.367, 9.311, 9.028, 7.26, 4.542, 3.443, 2.408, 2.202, 2.55, 3.014, 2.558, 2.861, 3.089, 2.839, 3.127, 4.174, 5.423, 5.804, 6.003, 5.434, 3.738, 4.672, 4.982, 4.577, 5.089, 7.093, 7.379, 5.916, 6.13, 6.538, 6.506, 5.875, 5.786, 6.247, 7.136, 7.67, 7.21, 7.264, 7.913, 8.271, 8.125, 7.148, 7.002, 7.171, 6.676, 7.218, 7.015, 5.268, 3.93, 3.568, 4.076, 5.708, 7.131, 7.08, 7.031, 7.346, 6.516, 5.795, 5.827, 5.987, 4.596, 5.486, 6.505, 6.239, 6.187, 7.331, 8.815, 9.139, 8.701, 8.546, 8.6, 7.804, 6.289, 4.986, 3.599, 3.713, 3.87, 3.54, 3.545, 3.094, 2.714, 2.737, 3.379, 4.748, 4.918, 4.888, 4.495, 3.952, 5.276, 5.277, 6.006, 6.368, 5.674, 5.421, 4.219, 3.459, 2.783, 2.597, 3.808, 5.1, 6.073, 5.404, 5.093, 5.271, 5.415, 5.266, 4.282, 4.053, 2.947, 2.611, 2.265, 2.091, 1.798, 2.339, 2.222, 3.042, 3.304, 2.248, 2.194, 3.563, 6.257, 8.155, 6.45, 4.512, 5.709, 5.681, 5.517, 6.535, 6.86, 6.829, 6.138, 6.184, 6.813, 6.815, 7.089, 8.714, 10.677, 11.997, 11.766, 10.203, 9.649, 8.992, 7.997, 8.317, 9.541, 10.258, 9.899, 10.061, 10.347, 10.886, 10.832, 10.874, 12.119, 13.115, 13.378, 13.186, 12.536, 12.117, 11.447, 10.914, 9.898, 8.512, 8.471, 8.408, 7.267, 7.367, 8.51, 6.733, 5.145, 4.766, 5.332, 6.113, 7.972, 8.197, 6.601, 5.362, 5.514, 5.851, 3.658, 2.783, 2.542, 3.026, 3.521, 4.942, 5.261, 5.576, 5.622, 6.717, 6.47, 5.13, 4.509, 4.372, 3.98, 3.488, 3.878, 3.634, 2.995, 3.18, 2.96, 3.262, 3.845, 3.818, 3.002, 2.236, 2.531, 3.293, 3.547, 3.93, 4.592, 6.121], [8.915, 8.118, 7.485, 6.135, 4.42, 3.202, 2.163, 2.261, 1.582, 1.247, 1.956, 2.363, 1.788, 0.0, 2.419, 2.692, 2.691, 3.421, 4.856, 6.079, 7.254, 8.199, 7.916, 6.148, 3.413, 2.245, 1.511, 1.239, 1.434, 1.913, 1.603, 2.157, 2.073, 1.526, 1.925, 2.959, 4.234, 4.587, 4.828, 4.344, 2.578, 4.068, 4.424, 4.578, 6.163, 8.234, 8.55, 7.037, 7.273, 7.756, 7.63, 6.924, 6.959, 7.381, 8.091, 8.637, 8.272, 8.37, 9.03, 9.378, 9.269, 8.283, 8.085, 8.221, 7.738, 8.254, 8.193, 6.292, 4.323, 3.706, 4.802, 6.568, 8.211, 8.182, 8.182, 8.421, 7.534, 6.832, 6.74, 6.906, 5.602, 6.493, 7.485, 7.176, 7.147, 8.415, 9.928, 10.253, 9.824, 9.684, 9.709, 8.905, 7.575, 6.129, 4.439, 4.478, 4.875, 3.923, 3.646, 3.259, 2.357, 1.796, 2.313, 3.386, 3.666, 3.539, 3.108, 2.658, 4.011, 4.071, 4.77, 4.981, 4.494, 4.223, 2.951, 2.499, 2.144, 2.278, 3.648, 5.431, 6.99, 6.307, 5.705, 5.951, 5.759, 4.871, 4.272, 4.277, 2.742, 2.044, 1.715, 2.354, 2.83, 3.487, 3.504, 4.237, 4.578, 3.347, 2.611, 2.35, 5.107, 7.03, 5.215, 3.354, 4.54, 4.471, 4.231, 5.183, 5.697, 5.633, 4.869, 4.879, 5.555, 5.593, 5.911, 7.456, 9.483, 10.885, 10.571, 8.994, 8.502, 7.866, 6.825, 7.032, 8.427, 9.073, 8.719, 8.826, 9.153, 9.773, 9.61, 9.679, 10.963, 11.984, 12.131, 11.97, 11.42, 11.005, 10.335, 9.767, 8.785, 7.355, 7.359, 7.276, 6.076, 6.208, 7.401, 5.595, 3.988, 3.475, 4.197, 5.085, 6.793, 7.085, 5.318, 4.008, 4.39, 4.67, 2.578, 1.848, 1.744, 2.377, 2.602, 3.617, 4.025, 4.324, 4.288, 5.324, 5.077, 3.778, 3.443, 3.305, 2.753, 2.317, 2.684, 2.46, 1.625, 1.9, 1.851, 2.215, 2.779, 2.706, 2.157, 1.626, 1.768, 2.167, 2.437, 2.729, 3.275, 4.906], [10.396, 9.591, 8.772, 7.346, 5.987, 4.767, 3.755, 3.438, 2.966, 2.581, 3.212, 3.677, 3.512, 2.419, 0.0, 1.395, 1.825, 2.407, 3.246, 4.249, 5.41, 6.402, 6.115, 4.563, 2.289, 2.235, 2.1, 1.803, 1.63, 1.326, 2.05, 3.145, 2.766, 1.991, 2.288, 2.43, 3.069, 3.349, 3.385, 2.915, 2.679, 5.129, 5.335, 6.223, 7.922, 9.983, 10.25, 8.679, 8.955, 9.397, 9.231, 8.719, 8.757, 9.155, 9.94, 10.338, 9.835, 9.913, 10.561, 10.916, 10.645, 9.606, 9.418, 9.57, 9.276, 9.949, 9.836, 8.115, 6.127, 5.513, 6.658, 8.451, 10.126, 10.062, 10.058, 10.337, 9.451, 8.546, 8.59, 8.755, 7.433, 8.379, 9.371, 9.063, 9.055, 10.332, 11.844, 12.168, 11.721, 11.562, 11.609, 10.778, 9.253, 7.798, 6.16, 6.101, 6.517, 5.286, 5.042, 4.88, 3.892, 2.89, 3.38, 3.025, 2.536, 2.358, 1.944, 1.317, 2.688, 2.612, 3.225, 3.789, 3.053, 2.817, 1.926, 2.744, 3.085, 3.319, 4.669, 7.096, 8.8, 7.995, 7.364, 7.718, 7.53, 6.157, 5.858, 6.113, 4.088, 3.235, 3.099, 4.032, 4.326, 5.257, 5.309, 5.944, 6.32, 4.802, 3.831, 2.578, 3.287, 5.115, 3.464, 1.928, 2.967, 3.021, 2.954, 3.777, 4.303, 4.254, 3.544, 3.588, 4.284, 4.326, 4.625, 5.865, 7.756, 8.997, 8.82, 7.248, 6.657, 6.031, 5.08, 5.529, 6.664, 7.347, 6.938, 7.124, 7.405, 7.904, 7.906, 7.798, 9.136, 10.155, 10.447, 10.265, 9.589, 9.088, 8.445, 7.895, 6.897, 5.526, 5.464, 5.415, 4.238, 4.418, 5.528, 3.777, 2.229, 1.843, 2.394, 3.271, 5.115, 5.168, 3.717, 2.607, 2.799, 2.827, 2.037, 3.185, 3.296, 3.448, 3.692, 3.763, 3.722, 3.924, 3.33, 3.907, 3.714, 2.613, 2.013, 1.932, 1.455, 1.339, 2.108, 2.194, 1.782, 1.747, 1.972, 1.998, 2.51, 2.472, 2.578, 2.561, 2.503, 2.044, 1.623, 2.22, 2.697, 3.23], [9.983, 9.101, 8.27, 6.901, 5.684, 4.673, 4.028, 4.013, 3.451, 2.494, 3.33, 3.831, 3.923, 2.692, 1.395, 0.0, 1.449, 2.416, 3.462, 4.515, 5.63, 6.709, 6.304, 4.783, 2.458, 2.165, 2.201, 2.212, 1.951, 1.652, 2.092, 3.175, 2.815, 2.022, 2.47, 2.412, 3.17, 3.578, 3.939, 3.52, 2.908, 5.079, 5.297, 6.199, 8.0, 9.846, 10.201, 8.747, 8.768, 9.214, 9.065, 8.721, 8.61, 8.989, 9.88, 10.22, 9.778, 9.869, 10.432, 10.768, 10.416, 9.463, 9.153, 8.96, 9.071, 9.769, 9.614, 7.848, 6.014, 5.575, 6.71, 8.479, 10.072, 10.126, 10.04, 10.396, 9.513, 8.572, 8.499, 8.649, 7.394, 8.362, 9.383, 9.115, 9.117, 10.394, 11.888, 12.19, 11.745, 11.591, 11.633, 10.796, 9.18, 7.73, 6.112, 5.987, 6.383, 4.989, 4.883, 4.758, 3.63, 2.755, 3.29, 2.886, 2.292, 2.541, 2.203, 1.774, 2.935, 3.005, 3.536, 3.913, 3.151, 2.904, 2.051, 2.85, 3.237, 3.255, 4.458, 6.949, 8.644, 7.964, 7.333, 7.72, 7.439, 5.998, 5.906, 6.113, 4.017, 3.263, 3.225, 3.775, 4.434, 5.065, 5.387, 5.912, 6.046, 4.436, 3.995, 2.486, 3.709, 5.42, 3.922, 2.662, 3.626, 3.57, 3.487, 4.272, 4.888, 4.856, 3.834, 3.967, 4.736, 4.615, 5.187, 6.697, 8.064, 9.057, 9.066, 7.368, 6.835, 6.28, 5.558, 5.748, 7.22, 7.791, 7.436, 7.544, 7.685, 8.16, 8.127, 8.26, 9.331, 10.417, 10.708, 10.65, 9.877, 9.35, 8.57, 8.132, 7.121, 5.786, 5.811, 5.657, 4.672, 4.635, 5.792, 4.027, 2.399, 1.859, 2.501, 3.247, 5.175, 5.297, 3.573, 2.693, 2.877, 3.211, 2.242, 3.317, 3.311, 3.337, 3.47, 3.407, 3.667, 3.918, 3.314, 4.102, 3.992, 3.02, 2.086, 2.066, 1.371, 1.813, 2.253, 2.156, 1.525, 1.52, 1.858, 1.823, 2.633, 2.616, 2.951, 2.945, 2.855, 2.547, 2.095, 2.552, 2.961, 3.69], [9.525, 8.848, 8.211, 6.773, 5.107, 4.627, 4.127, 3.948, 3.426, 2.425, 3.03, 3.823, 4.006, 2.691, 1.825, 1.449, 0.0, 2.193, 3.498, 4.327, 5.314, 6.246, 5.998, 4.319, 2.297, 1.843, 1.942, 2.28, 2.166, 2.139, 2.481, 3.474, 3.077, 2.48, 2.583, 2.816, 3.425, 3.948, 4.286, 3.902, 2.737, 5.234, 5.364, 6.2, 8.012, 10.012, 10.238, 8.703, 8.936, 9.301, 9.091, 8.78, 8.769, 9.183, 9.975, 10.34, 9.786, 9.854, 10.468, 10.746, 10.442, 9.453, 8.702, 8.741, 9.221, 9.952, 9.841, 8.107, 6.177, 5.633, 6.778, 8.537, 10.194, 10.182, 10.128, 10.457, 9.571, 8.614, 8.597, 8.737, 7.473, 8.441, 9.44, 9.171, 9.175, 10.452, 11.964, 12.28, 11.833, 11.657, 11.722, 10.855, 9.25, 7.779, 6.136, 5.893, 6.359, 4.823, 4.911, 4.838, 3.771, 2.904, 3.435, 3.057, 2.579, 2.587, 2.505, 1.902, 3.221, 3.337, 3.486, 4.41, 3.543, 3.244, 2.102, 2.989, 3.35, 3.314, 4.595, 7.078, 8.824, 7.99, 7.345, 7.772, 7.568, 6.158, 5.906, 6.184, 4.015, 3.186, 3.282, 3.333, 4.476, 5.296, 5.76, 6.114, 6.188, 4.766, 3.754, 2.215, 3.66, 5.561, 4.16, 2.726, 3.472, 3.805, 3.767, 4.701, 5.316, 5.256, 4.221, 4.229, 5.203, 5.171, 5.483, 6.865, 8.457, 9.098, 9.36, 7.888, 7.234, 6.524, 5.818, 6.18, 7.441, 8.234, 7.76, 7.926, 7.927, 8.293, 8.466, 8.488, 9.684, 10.666, 11.1, 10.983, 10.022, 9.223, 8.686, 8.224, 7.231, 5.921, 5.439, 5.97, 5.013, 4.983, 5.669, 4.143, 2.558, 1.781, 2.467, 3.571, 5.159, 5.15, 4.057, 3.113, 3.222, 3.477, 2.633, 3.171, 3.372, 3.528, 3.679, 3.775, 3.91, 4.248, 3.672, 4.36, 4.146, 3.422, 1.874, 1.845, 1.537, 2.048, 2.219, 1.965, 1.76, 1.613, 1.537, 1.675, 2.358, 2.61, 2.861, 2.717, 2.725, 2.515, 1.998, 2.681, 3.036, 3.909], [11.179, 10.307, 9.176, 7.871, 6.836, 5.918, 4.544, 3.47, 3.111, 3.425, 3.094, 3.539, 4.541, 3.421, 2.407, 2.416, 2.193, 0.0, 1.835, 2.849, 3.841, 4.815, 4.531, 2.824, 1.317, 2.208, 2.603, 2.991, 2.653, 2.517, 3.41, 4.769, 4.465, 3.299, 2.869, 2.4, 2.509, 3.055, 3.158, 2.832, 4.089, 6.612, 6.795, 7.722, 9.456, 11.433, 11.666, 10.148, 10.36, 10.738, 10.528, 10.165, 10.154, 10.562, 11.394, 11.781, 11.291, 11.335, 11.967, 12.272, 12.018, 11.008, 10.41, 10.361, 10.676, 11.376, 11.226, 9.517, 7.545, 7.022, 8.162, 9.932, 11.563, 11.567, 11.504, 11.842, 10.955, 10.047, 10.022, 10.187, 8.851, 9.845, 10.839, 10.582, 10.561, 11.836, 13.349, 13.662, 13.215, 13.042, 13.104, 12.237, 10.646, 9.145, 7.521, 7.349, 7.808, 6.463, 6.422, 6.337, 5.27, 4.372, 4.854, 4.541, 3.827, 3.985, 3.75, 2.833, 2.621, 3.064, 3.822, 4.025, 3.35, 3.453, 3.239, 4.38, 4.632, 4.813, 6.055, 8.463, 10.246, 9.407, 8.781, 9.164, 8.944, 7.619, 7.345, 7.556, 5.4, 4.537, 4.489, 4.333, 5.325, 6.546, 6.693, 7.423, 7.573, 5.958, 3.563, 1.579, 2.502, 4.094, 2.68, 1.858, 2.266, 2.614, 2.841, 3.495, 4.01, 3.977, 3.495, 3.343, 3.978, 4.061, 4.171, 5.256, 6.729, 7.469, 7.578, 6.08, 5.497, 4.823, 4.321, 4.983, 6.068, 6.697, 6.083, 6.244, 6.227, 6.565, 6.689, 6.915, 7.986, 8.977, 9.33, 9.36, 8.42, 7.75, 6.999, 6.534, 5.508, 4.164, 4.003, 4.225, 3.403, 3.337, 4.082, 2.718, 2.369, 2.52, 2.525, 3.081, 3.856, 3.673, 2.876, 2.769, 2.474, 2.565, 2.204, 4.109, 4.58, 4.873, 5.164, 5.234, 5.387, 5.759, 5.269, 5.573, 5.154, 3.069, 1.687, 2.108, 1.866, 2.051, 1.628, 1.9, 2.814, 2.968, 2.909, 2.458, 2.581, 1.908, 2.425, 2.849, 2.551, 1.971, 1.69, 2.12, 2.696, 2.29], [12.781, 11.86, 10.766, 9.464, 8.407, 7.383, 6.018, 4.644, 4.312, 4.903, 4.455, 4.811, 6.025, 4.856, 3.246, 3.462, 3.498, 1.835, 0.0, 1.636, 2.558, 3.43, 3.213, 1.649, 1.87, 3.552, 4.196, 4.508, 4.11, 3.843, 4.68, 6.175, 5.798, 4.753, 4.297, 3.45, 2.492, 2.469, 2.168, 2.302, 5.505, 8.022, 8.287, 9.095, 10.884, 12.885, 13.163, 11.658, 11.848, 12.275, 12.056, 11.639, 11.611, 12.033, 12.795, 13.227, 12.667, 12.772, 13.434, 13.778, 13.507, 12.552, 11.949, 11.901, 12.241, 12.822, 12.727, 10.95, 9.003, 8.467, 9.597, 11.362, 13.023, 13.033, 12.955, 13.277, 12.39, 11.461, 11.414, 11.553, 10.3, 11.277, 12.27, 11.99, 11.994, 13.271, 14.784, 15.101, 14.654, 14.477, 14.543, 13.716, 12.199, 10.706, 9.002, 8.869, 9.293, 8.007, 7.95, 7.8, 6.711, 5.802, 6.266, 5.696, 4.633, 4.184, 4.468, 3.319, 2.433, 2.902, 3.614, 3.531, 3.029, 3.753, 4.335, 5.737, 6.02, 6.391, 7.648, 9.947, 11.697, 10.899, 10.248, 10.622, 10.421, 9.064, 8.819, 9.025, 6.911, 5.982, 5.94, 5.937, 6.879, 8.003, 8.164, 8.919, 9.11, 7.506, 4.797, 3.056, 1.672, 2.774, 1.53, 2.227, 1.494, 1.817, 1.893, 2.328, 2.737, 2.727, 2.429, 2.215, 2.893, 3.164, 3.119, 3.774, 5.16, 6.029, 5.961, 4.51, 3.981, 3.388, 3.0, 3.812, 4.9, 5.245, 4.62, 4.645, 4.611, 5.088, 5.092, 5.357, 6.463, 7.378, 7.703, 7.81, 6.884, 6.215, 5.517, 4.994, 3.996, 2.595, 2.592, 2.672, 2.022, 1.864, 2.639, 1.682, 2.295, 2.826, 2.601, 2.68, 2.867, 2.382, 2.156, 2.579, 1.94, 2.04, 3.315, 5.508, 5.966, 6.287, 6.557, 6.546, 6.608, 6.827, 5.81, 5.496, 4.906, 3.023, 2.471, 2.877, 2.783, 3.018, 2.51, 3.19, 4.235, 4.224, 4.381, 3.781, 3.677, 2.843, 3.617, 4.311, 3.929, 3.001, 2.692, 3.179, 3.375, 1.228], [13.483, 12.739, 11.315, 9.927, 9.123, 8.558, 7.19, 5.722, 5.497, 5.967, 5.562, 5.851, 7.192, 6.079, 4.249, 4.515, 4.327, 2.849, 1.636, 0.0, 1.51, 2.563, 2.47, 1.674, 2.834, 4.313, 5.178, 5.578, 5.229, 4.973, 5.851, 7.357, 6.914, 5.825, 5.258, 4.35, 3.228, 3.197, 2.664, 3.238, 6.605, 9.198, 9.342, 10.231, 12.055, 13.937, 14.23, 12.737, 12.917, 13.256, 13.051, 12.806, 12.761, 13.185, 13.991, 14.35, 13.846, 13.899, 14.411, 14.642, 14.345, 13.37, 12.794, 12.636, 13.094, 13.954, 13.803, 12.067, 10.185, 9.676, 10.821, 12.566, 14.196, 14.226, 14.162, 14.5, 13.614, 12.667, 12.593, 12.749, 11.495, 12.463, 13.483, 13.214, 13.218, 14.495, 16.007, 16.319, 15.871, 15.699, 15.76, 14.893, 13.248, 11.788, 10.18, 9.883, 10.392, 8.806, 8.79, 8.802, 7.636, 6.756, 7.373, 6.813, 5.756, 5.23, 5.645, 4.546, 3.32, 3.621, 4.053, 4.099, 3.738, 4.47, 5.242, 6.88, 7.108, 7.111, 8.435, 11.085, 12.759, 12.003, 11.388, 11.815, 11.577, 10.148, 9.95, 10.214, 8.058, 7.196, 7.148, 6.882, 7.912, 9.121, 9.352, 9.929, 10.163, 8.45, 5.716, 3.959, 2.108, 2.319, 2.22, 3.15, 1.918, 2.128, 2.468, 2.5, 2.921, 2.676, 2.466, 2.386, 2.808, 3.219, 2.596, 3.319, 4.742, 5.104, 5.513, 4.061, 3.338, 2.846, 2.574, 3.3, 4.185, 4.677, 4.106, 4.262, 4.116, 4.543, 4.635, 4.814, 5.985, 6.938, 7.272, 7.353, 6.263, 5.534, 4.847, 4.333, 3.287, 2.012, 1.729, 2.5, 2.176, 1.843, 2.069, 2.113, 3.202, 3.694, 3.176, 3.148, 2.606, 2.291, 2.736, 3.54, 2.637, 2.512, 4.378, 6.586, 7.06, 7.4, 7.662, 7.67, 7.748, 7.97, 6.979, 6.297, 5.678, 3.887, 3.228, 3.412, 3.792, 4.265, 3.752, 4.246, 5.432, 5.42, 5.291, 4.695, 4.737, 3.974, 4.566, 5.344, 5.053, 4.109, 3.829, 4.367, 4.506, 1.937], [14.453, 13.728, 12.0, 10.635, 10.085, 9.69, 8.356, 6.766, 6.652, 7.105, 6.704, 6.863, 8.367, 7.254, 5.41, 5.63, 5.314, 3.841, 2.558, 1.51, 0.0, 1.769, 1.85, 1.856, 3.864, 5.441, 6.356, 6.756, 6.399, 6.189, 7.051, 8.533, 8.094, 6.997, 6.332, 5.45, 4.282, 4.271, 3.577, 4.293, 7.76, 10.338, 10.493, 11.42, 13.23, 15.048, 15.405, 13.914, 14.006, 14.383, 14.205, 13.968, 13.877, 14.271, 15.175, 15.485, 15.03, 15.051, 15.534, 15.842, 15.518, 14.572, 13.843, 13.678, 14.214, 15.043, 14.892, 13.143, 11.29, 10.851, 11.996, 13.729, 15.351, 15.396, 15.334, 15.675, 14.789, 13.832, 13.781, 13.915, 12.67, 13.638, 14.658, 14.389, 14.393, 15.67, 17.177, 17.481, 17.034, 16.861, 16.922, 16.055, 14.378, 12.934, 11.355, 11.058, 11.574, 9.827, 9.958, 9.901, 8.75, 7.901, 8.538, 7.925, 6.974, 6.417, 6.777, 5.606, 4.204, 4.524, 4.934, 5.013, 4.727, 5.482, 6.47, 8.036, 8.27, 8.387, 9.597, 12.224, 13.866, 13.178, 12.563, 12.99, 12.715, 11.282, 11.125, 11.389, 9.233, 8.371, 8.323, 7.993, 9.075, 10.283, 10.525, 11.102, 11.268, 9.528, 6.528, 5.025, 2.792, 2.735, 2.802, 4.262, 2.919, 3.156, 3.656, 3.22, 3.662, 3.496, 3.224, 3.166, 3.64, 4.093, 2.861, 3.261, 4.512, 4.331, 4.803, 3.67, 3.036, 2.844, 3.008, 3.685, 4.413, 4.719, 4.031, 4.099, 3.899, 4.278, 4.375, 4.718, 5.923, 6.759, 7.021, 7.369, 6.269, 5.169, 4.486, 3.894, 2.593, 1.702, 1.627, 2.708, 2.792, 2.377, 2.103, 2.876, 4.189, 4.711, 4.036, 3.917, 2.936, 2.325, 3.576, 4.572, 3.711, 3.314, 5.513, 7.748, 8.191, 8.488, 8.757, 8.809, 8.975, 9.195, 8.126, 7.21, 6.598, 4.949, 4.263, 4.268, 4.864, 5.189, 4.661, 4.892, 6.607, 6.576, 6.447, 5.808, 5.846, 5.143, 5.687, 6.513, 6.228, 5.282, 4.991, 5.555, 5.677, 2.886], [15.426, 14.766, 12.99, 11.583, 11.043, 10.649, 9.312, 7.702, 7.592, 8.11, 7.66, 7.815, 9.311, 8.199, 6.402, 6.709, 6.246, 4.815, 3.43, 2.563, 1.769, 0.0, 1.446, 2.091, 4.807, 6.5, 7.356, 7.747, 7.409, 7.179, 8.024, 9.522, 9.117, 7.995, 7.421, 6.553, 5.334, 5.331, 4.42, 5.199, 8.773, 11.314, 11.468, 12.37, 14.174, 16.084, 16.354, 14.856, 15.034, 15.39, 15.181, 14.928, 14.88, 15.304, 16.127, 16.51, 16.001, 15.996, 16.546, 16.787, 16.551, 15.597, 14.796, 14.723, 15.247, 16.071, 15.936, 14.201, 12.302, 11.795, 12.94, 14.69, 16.315, 16.345, 16.282, 16.619, 15.733, 14.777, 14.738, 14.878, 13.616, 14.582, 15.603, 15.333, 15.337, 16.614, 18.127, 18.438, 17.99, 17.82, 17.879, 17.012, 15.365, 13.904, 12.299, 12.003, 12.521, 10.865, 10.948, 10.922, 9.802, 8.929, 9.55, 8.95, 7.956, 7.418, 7.736, 6.465, 4.997, 5.208, 5.602, 5.919, 5.726, 6.456, 7.485, 9.013, 9.29, 9.391, 10.679, 13.209, 14.896, 14.123, 13.507, 13.935, 13.705, 12.355, 12.069, 12.333, 10.178, 9.315, 9.267, 8.937, 10.026, 11.258, 11.471, 12.053, 12.283, 10.585, 7.535, 5.97, 3.416, 2.96, 3.507, 5.251, 3.897, 4.149, 4.63, 4.004, 4.255, 4.58, 4.465, 4.161, 4.481, 4.93, 3.735, 3.197, 4.094, 3.977, 4.407, 3.381, 3.247, 2.998, 3.797, 4.345, 4.665, 4.281, 3.777, 3.664, 3.461, 3.837, 3.943, 4.253, 5.459, 6.323, 6.553, 6.878, 5.8, 4.722, 4.088, 3.472, 2.278, 1.978, 2.039, 2.298, 2.908, 2.783, 2.076, 3.537, 4.995, 5.601, 4.827, 4.673, 3.149, 2.947, 4.375, 5.481, 4.669, 4.12, 6.552, 8.76, 9.21, 9.553, 9.847, 9.875, 9.958, 10.19, 9.06, 7.913, 7.328, 5.897, 5.175, 5.189, 5.86, 6.142, 5.618, 5.836, 7.551, 7.511, 7.392, 6.775, 6.791, 6.088, 6.627, 7.46, 7.175, 6.226, 5.964, 6.535, 6.683, 3.788], [15.024, 14.381, 12.555, 11.167, 10.669, 10.336, 9.007, 7.414, 7.309, 7.785, 7.375, 7.48, 9.028, 7.916, 6.115, 6.304, 5.998, 4.531, 3.213, 2.47, 1.85, 1.446, 0.0, 1.867, 4.558, 6.166, 7.06, 7.455, 7.121, 6.919, 7.763, 9.242, 8.846, 7.696, 7.03, 6.144, 4.987, 5.053, 4.206, 4.972, 8.502, 10.999, 11.174, 12.108, 13.891, 15.696, 16.066, 14.573, 14.674, 15.038, 14.845, 14.624, 14.531, 14.933, 15.831, 16.205, 15.754, 15.757, 16.195, 16.436, 16.131, 15.299, 14.491, 14.159, 14.746, 15.711, 15.56, 13.764, 11.951, 11.512, 12.657, 14.391, 15.997, 16.059, 15.991, 16.336, 15.45, 14.498, 14.444, 14.592, 13.332, 14.299, 15.319, 15.05, 15.054, 16.331, 17.839, 18.137, 17.696, 17.523, 17.584, 16.717, 15.039, 13.595, 12.016, 11.719, 12.237, 10.383, 10.549, 10.611, 9.422, 8.645, 9.305, 8.683, 7.721, 7.177, 7.501, 6.253, 4.734, 4.945, 5.336, 5.473, 5.332, 5.975, 7.206, 8.73, 9.018, 9.059, 10.256, 12.885, 14.507, 13.84, 13.224, 13.651, 13.387, 11.995, 11.786, 12.05, 9.894, 9.032, 8.984, 8.654, 9.737, 10.93, 11.187, 11.757, 11.929, 10.155, 7.175, 5.671, 3.037, 3.202, 3.275, 5.005, 3.667, 3.928, 4.417, 3.856, 4.058, 4.504, 4.384, 4.149, 4.211, 4.564, 4.006, 3.473, 4.29, 4.035, 4.518, 3.906, 3.659, 3.405, 4.19, 4.729, 5.228, 4.911, 4.094, 3.99, 3.744, 4.142, 4.376, 4.733, 5.925, 6.573, 7.015, 7.468, 6.271, 4.856, 4.146, 3.561, 2.437, 1.995, 1.655, 2.055, 2.63, 2.67, 2.036, 3.349, 4.691, 5.35, 4.583, 4.34, 3.376, 2.704, 3.997, 5.184, 4.397, 3.927, 6.265, 8.46, 8.917, 9.229, 9.524, 9.565, 9.716, 9.955, 8.833, 7.719, 7.092, 5.649, 4.938, 4.834, 5.521, 5.89, 5.342, 5.549, 7.268, 7.258, 7.108, 6.462, 6.507, 5.804, 6.343, 7.175, 6.893, 5.943, 5.698, 6.297, 6.415, 3.534], [13.495, 12.775, 11.15, 9.835, 9.11, 8.61, 7.279, 5.659, 5.55, 6.152, 5.618, 5.906, 7.26, 6.148, 4.563, 4.783, 4.319, 2.824, 1.649, 1.674, 1.856, 2.091, 1.867, 0.0, 2.908, 4.55, 5.348, 5.744, 5.414, 5.218, 6.076, 7.542, 7.139, 6.027, 5.481, 4.633, 3.421, 3.555, 2.815, 3.597, 6.801, 9.308, 9.508, 10.359, 12.125, 14.104, 14.331, 12.807, 13.026, 13.388, 13.181, 12.902, 12.874, 13.297, 14.113, 14.552, 14.017, 14.052, 14.622, 14.866, 14.664, 13.646, 12.898, 12.814, 13.3, 14.067, 13.931, 12.197, 10.291, 9.772, 10.889, 12.645, 14.305, 14.294, 14.243, 14.568, 13.682, 12.746, 12.721, 12.869, 11.588, 12.531, 13.552, 13.282, 13.286, 14.563, 16.075, 16.392, 15.945, 15.769, 15.834, 14.967, 13.354, 11.894, 10.248, 9.982, 10.46, 8.997, 9.009, 9.002, 7.915, 7.018, 7.608, 7.018, 6.008, 5.58, 5.912, 4.728, 3.746, 4.119, 4.654, 4.711, 4.281, 4.969, 5.625, 7.048, 7.329, 7.491, 8.765, 11.212, 12.917, 12.105, 11.457, 11.884, 11.712, 10.371, 10.026, 10.299, 8.128, 7.264, 7.216, 6.895, 7.975, 9.25, 9.42, 10.071, 10.278, 8.603, 5.623, 3.988, 2.012, 2.992, 2.385, 3.466, 2.231, 2.671, 3.044, 2.959, 3.289, 3.551, 3.298, 3.221, 3.383, 3.817, 3.371, 3.658, 4.96, 5.044, 5.51, 4.22, 3.808, 3.258, 3.617, 4.266, 4.947, 5.103, 4.478, 4.523, 4.347, 4.742, 4.767, 5.112, 6.305, 7.189, 7.452, 7.697, 6.631, 5.642, 5.051, 4.417, 3.237, 2.077, 1.738, 2.399, 2.075, 1.934, 1.833, 2.551, 3.575, 4.052, 3.576, 3.632, 2.741, 2.248, 3.142, 3.976, 3.053, 2.782, 4.634, 6.81, 7.271, 7.611, 7.91, 7.96, 8.019, 8.251, 7.253, 6.81, 6.221, 4.331, 3.318, 3.538, 3.961, 4.217, 3.712, 3.915, 5.543, 5.513, 5.385, 4.789, 4.74, 4.037, 4.582, 5.418, 5.162, 4.205, 3.971, 4.595, 4.751, 2.315], [11.268, 10.48, 9.664, 8.259, 6.848, 6.005, 4.563, 3.297, 2.919, 3.452, 3.436, 3.817, 4.542, 3.413, 2.289, 2.458, 2.297, 1.317, 1.87, 2.834, 3.864, 4.807, 4.558, 2.908, 0.0, 2.294, 2.723, 3.106, 2.802, 2.692, 3.453, 4.861, 4.393, 3.29, 2.796, 2.149, 1.995, 2.488, 2.529, 2.176, 4.085, 6.55, 6.721, 7.696, 9.45, 11.428, 11.705, 10.169, 10.33, 10.712, 10.502, 10.15, 10.13, 10.513, 11.352, 11.768, 11.27, 11.279, 11.878, 12.226, 11.989, 11.021, 10.403, 10.476, 10.654, 11.368, 11.21, 9.506, 7.535, 7.011, 8.147, 9.933, 11.525, 11.552, 11.489, 11.827, 10.94, 10.021, 9.979, 10.118, 8.864, 9.858, 10.847, 10.543, 10.544, 11.821, 13.334, 13.644, 13.196, 13.027, 13.085, 12.245, 10.625, 9.115, 7.506, 7.358, 7.829, 6.372, 6.378, 6.274, 5.23, 4.352, 4.826, 4.397, 3.514, 3.448, 3.415, 2.453, 2.219, 2.647, 3.416, 3.736, 2.825, 2.911, 3.0, 4.418, 4.637, 4.894, 6.137, 8.476, 10.225, 9.402, 8.818, 9.201, 8.969, 7.64, 7.359, 7.542, 5.385, 4.522, 4.479, 4.62, 5.3