[[0.0, 2.39, 2.019, 5.32, 8.693, 7.565, 6.744, 10.106, 8.402, 4.746, 5.073, 6.339, 6.333, 6.685, 6.374, 6.29, 6.111, 5.924, 6.268, 4.458, 3.33, 3.6, 3.141, 2.653, 3.354, 3.586, 3.129, 3.197, 3.226, 3.667, 3.901, 4.428, 4.622, 5.291, 3.131, 2.43, 3.866, 6.25, 6.275, 5.821, 5.585, 6.106, 6.409, 6.18, 5.15, 3.945, 3.412, 5.472, 5.363, 4.29, 4.319, 4.793, 4.452, 2.868, 3.585, 4.466, 4.829, 6.085, 8.939, 6.909, 3.603, 3.753, 5.831, 6.079, 5.36, 4.978, 5.073, 5.607, 4.886, 4.05, 3.814, 4.62, 6.252, 6.789, 8.337, 9.373, 9.58, 9.162, 8.742, 7.409, 5.218, 3.522, 3.302, 2.998, 2.754, 3.829, 7.882, 11.48, 12.335, 11.749, 13.618, 16.876, 16.52, 13.314, 12.424, 13.433, 7.111, 3.291, 5.105, 4.503, 4.508, 4.89, 5.12, 4.586, 4.525, 5.202, 5.323, 4.512, 3.529, 3.128, 2.885, 2.837, 3.053, 2.935, 2.226, 2.179, 1.861, 1.576, 3.698, 4.278, 4.157, 3.984, 5.416, 3.808, 4.121, 4.62, 4.669, 4.721, 4.872, 4.659, 4.068, 3.892, 4.005, 3.613, 4.545, 4.531, 3.395, 3.403, 3.721, 4.282, 4.24, 4.151, 4.234, 3.837, 4.397, 6.683, 4.483, 5.125, 7.011, 5.909, 4.427, 3.485, 3.344, 5.142, 7.141, 7.905, 7.887, 8.714, 9.97, 10.105, 7.091, 6.679, 6.098, 5.474, 5.341, 5.454, 5.544, 4.926, 4.662, 5.78, 6.265, 4.476, 3.24, 2.883, 3.857, 4.57, 4.877, 4.753, 5.252, 6.238, 4.807, 5.948, 8.283, 8.466, 7.761, 6.427, 5.653, 4.91, 4.771, 5.537, 5.782, 5.717, 5.536, 7.064, 8.057, 7.502, 6.717, 6.177, 4.885, 3.159, 2.759, 4.329, 4.705, 4.226, 5.142, 5.065], [2.39, 0.0, 3.32, 7.167, 10.546, 9.33, 8.516, 11.865, 10.158, 6.471, 5.334, 6.392, 6.352, 6.54, 5.819, 6.186, 6.206, 5.42, 5.887, 4.567, 2.643, 3.223, 4.46, 4.162, 2.9, 2.581, 1.856, 1.916, 1.713, 1.985, 2.575, 2.759, 3.152, 3.703, 3.239, 4.104, 2.384, 4.645, 4.747, 4.274, 4.067, 4.987, 5.38, 4.873, 3.935, 2.956, 4.633, 7.222, 7.108, 4.581, 3.288, 3.15, 3.459, 2.964, 4.706, 5.632, 5.826, 7.833, 10.714, 8.681, 5.419, 5.465, 7.595, 7.724, 6.814, 6.083, 6.018, 6.801, 5.534, 4.191, 3.803, 4.668, 5.984, 6.104, 6.921, 7.754, 7.775, 7.525, 7.038, 5.505, 3.383, 3.015, 3.437, 3.08, 3.025, 5.547, 9.642, 13.255, 14.113, 13.505, 15.374, 18.632, 18.276, 15.07, 14.18, 15.19, 8.871, 3.019, 4.516, 4.19, 4.1, 4.571, 4.845, 4.522, 4.679, 6.019, 5.968, 4.9, 4.186, 4.126, 3.66, 3.253, 3.165, 2.731, 2.56, 2.837, 2.375, 2.739, 5.458, 6.011, 4.855, 5.503, 7.211, 5.363, 2.895, 3.285, 3.303, 3.185, 3.286, 3.078, 2.638, 3.119, 3.31, 2.405, 3.017, 2.905, 2.597, 2.317, 2.99, 3.119, 2.735, 2.765, 3.28, 3.215, 6.134, 8.442, 5.868, 6.899, 8.77, 7.667, 6.192, 5.272, 5.185, 7.002, 9.049, 9.81, 9.654, 10.459, 11.73, 11.879, 8.953, 8.442, 7.863, 7.267, 7.132, 7.209, 7.303, 6.688, 6.38, 7.539, 8.025, 6.344, 4.715, 3.223, 3.469, 4.348, 5.392, 4.509, 3.758, 4.438, 4.488, 6.543, 8.565, 8.642, 7.854, 6.526, 6.267, 5.921, 5.162, 6.014, 6.087, 5.751, 5.645, 6.827, 7.558, 6.181, 5.009, 4.707, 3.64, 2.751, 2.505, 3.547, 4.23, 4.01, 4.546, 4.648], [2.019, 3.32, 0.0, 4.493, 7.753, 6.368, 5.659, 8.929, 7.052, 3.832, 5.026, 6.804, 7.114, 7.387, 7.036, 6.937, 6.507, 6.29, 6.567, 4.754, 3.159, 2.844, 2.27, 2.138, 3.122, 3.457, 3.265, 3.486, 3.582, 4.124, 4.46, 4.403, 4.812, 4.965, 2.417, 1.56, 4.381, 7.579, 7.661, 6.919, 6.132, 6.351, 6.725, 6.646, 5.497, 3.563, 1.921, 4.121, 3.932, 3.114, 3.407, 4.121, 3.788, 2.241, 3.044, 4.584, 5.238, 5.797, 7.893, 5.872, 2.937, 2.621, 4.553, 5.001, 4.514, 4.285, 4.499, 4.912, 4.533, 4.088, 4.187, 5.2, 6.978, 7.409, 8.906, 9.953, 10.127, 9.704, 9.28, 7.922, 5.597, 3.373, 3.076, 2.804, 2.069, 2.489, 6.62, 10.124, 11.002, 10.341, 12.205, 15.448, 15.085, 11.905, 10.998, 12.018, 5.771, 3.648, 5.801, 5.142, 5.177, 5.529, 5.796, 5.301, 4.932, 5.447, 5.349, 4.102, 3.09, 2.809, 2.68, 2.79, 2.903, 2.657, 2.092, 1.606, 1.778, 1.773, 2.49, 2.867, 2.707, 2.51, 4.184, 2.368, 3.829, 4.359, 4.137, 4.172, 4.202, 3.948, 3.356, 3.063, 3.001, 2.903, 3.917, 3.798, 2.855, 3.049, 3.644, 4.189, 3.886, 3.428, 3.167, 2.697, 3.104, 5.518, 4.005, 4.016, 5.714, 4.584, 3.295, 2.751, 2.99, 4.403, 6.414, 7.205, 6.595, 7.342, 8.654, 8.779, 6.27, 5.452, 4.841, 4.128, 4.048, 4.083, 4.167, 3.588, 3.308, 4.457, 4.923, 3.615, 2.768, 3.329, 4.312, 4.738, 4.206, 4.065, 4.949, 6.262, 5.203, 6.664, 8.965, 9.168, 8.425, 6.792, 5.708, 4.78, 5.009, 5.978, 6.264, 6.198, 6.111, 7.805, 8.776, 8.102, 7.379, 6.93, 5.505, 3.749, 3.047, 4.778, 5.372, 5.259, 6.341, 5.976], [5.32, 7.167, 4.493, 0.0, 3.941, 3.954, 4.16, 5.628, 3.482, 3.12, 6.048, 8.882, 9.439, 9.866, 9.747, 9.202, 8.707, 8.953, 8.735, 6.994, 6.668, 6.116, 3.906, 4.141, 5.966, 7.01, 7.183, 7.334, 7.392, 7.976, 8.319, 8.302, 8.583, 8.489, 5.797, 4.064, 8.137, 11.126, 11.139, 10.36, 9.96, 9.243, 9.714, 9.839, 8.839, 7.095, 3.926, 2.162, 3.655, 5.588, 6.579, 7.719, 7.306, 5.627, 4.914, 5.84, 6.312, 6.188, 5.975, 4.132, 4.208, 3.811, 3.894, 5.999, 5.903, 6.421, 6.31, 6.116, 6.376, 6.736, 6.751, 7.506, 9.272, 10.836, 12.794, 13.655, 13.889, 13.371, 13.16, 11.958, 9.219, 6.789, 5.91, 5.422, 5.32, 2.869, 2.663, 6.235, 7.107, 6.467, 8.344, 11.59, 11.234, 8.029, 7.138, 8.155, 2.435, 7.001, 8.619, 7.934, 7.707, 8.033, 8.081, 7.991, 6.868, 6.929, 6.88, 6.314, 6.076, 5.667, 6.022, 6.072, 6.145, 5.876, 5.619, 5.26, 5.38, 4.734, 3.293, 3.855, 4.742, 3.187, 1.845, 2.776, 7.146, 7.927, 7.699, 8.001, 7.931, 7.537, 7.201, 5.983, 6.136, 6.934, 8.05, 7.837, 6.558, 6.711, 6.984, 7.556, 7.363, 6.553, 6.022, 5.199, 2.712, 4.661, 4.07, 3.416, 3.922, 3.937, 3.341, 3.526, 3.159, 2.504, 3.015, 3.379, 2.913, 3.595, 4.808, 4.938, 2.685, 2.95, 2.362, 1.906, 1.807, 1.699, 1.612, 1.442, 1.929, 1.634, 1.828, 1.819, 3.865, 5.593, 6.546, 6.776, 5.733, 6.305, 8.809, 10.17, 8.326, 8.185, 10.555, 10.98, 10.325, 8.675, 6.849, 5.86, 6.64, 7.429, 7.851, 7.979, 8.098, 10.195, 11.482, 11.633, 11.161, 10.769, 9.378, 6.945, 6.679, 7.788, 7.902, 8.027, 8.834, 8.469], [8.693, 10.546, 7.753, 3.941, 0.0, 3.027, 3.632, 3.026, 2.016, 4.934, 7.394, 10.499, 11.652, 12.059, 11.976, 10.919, 10.32, 11.261, 10.39, 8.972, 9.563, 9.345, 7.2, 7.639, 9.401, 10.538, 10.692, 10.761, 10.828, 11.441, 11.733, 11.641, 11.954, 11.943, 9.27, 7.575, 11.568, 14.694, 14.644, 13.849, 13.411, 12.258, 12.161, 12.518, 11.841, 10.091, 7.037, 4.839, 6.152, 8.316, 9.518, 10.634, 10.108, 8.748, 7.541, 6.996, 7.307, 6.322, 4.418, 3.803, 6.908, 6.579, 5.286, 7.223, 7.522, 7.961, 8.283, 7.916, 8.527, 9.329, 9.062, 9.724, 11.705, 13.627, 15.683, 16.515, 16.605, 16.328, 16.28, 15.133, 12.055, 9.745, 8.917, 8.34, 8.569, 5.739, 2.845, 3.222, 3.811, 3.239, 4.947, 8.186, 7.83, 4.628, 3.735, 4.744, 3.792, 9.912, 11.095, 10.301, 10.191, 10.711, 10.495, 10.504, 9.14, 8.611, 8.443, 8.41, 8.928, 8.654, 8.83, 8.98, 9.299, 8.969, 8.969, 8.556, 8.87, 8.263, 6.333, 6.617, 7.731, 6.308, 4.788, 5.824, 10.7, 11.463, 11.239, 11.617, 11.576, 11.07, 10.794, 9.552, 9.414, 10.388, 11.554, 11.382, 10.121, 10.217, 10.504, 11.051, 10.881, 9.797, 9.164, 8.448, 5.389, 4.963, 5.373, 4.887, 3.839, 4.621, 5.394, 6.214, 5.756, 3.739, 2.107, 1.252, 2.188, 2.513, 2.127, 1.939, 2.265, 3.035, 3.34, 3.999, 4.365, 4.343, 4.192, 4.759, 4.964, 3.934, 3.7, 4.622, 6.554, 8.564, 9.313, 9.104, 7.798, 8.888, 11.739, 13.038, 10.78, 9.351, 11.0, 11.646, 11.984, 10.206, 7.457, 7.421, 8.347, 8.535, 9.084, 9.391, 9.929, 12.387, 14.136, 14.516, 14.332, 14.313, 12.796, 10.378, 9.774, 10.603, 10.504, 10.709, 11.755, 11.008], [7.565, 9.33, 6.368, 3.954, 3.027, 0.0, 1.356, 2.883, 2.148, 3.3, 4.997, 7.744, 9.156, 9.431, 9.499, 8.186, 7.6, 8.781, 7.679, 6.636, 7.756, 7.965, 6.017, 6.695, 8.421, 9.24, 9.387, 9.525, 9.63, 10.296, 10.701, 10.609, 10.98, 10.958, 8.348, 6.539, 10.346, 13.326, 13.334, 12.53, 11.749, 10.347, 9.924, 10.401, 10.079, 8.413, 5.81, 4.001, 4.488, 6.467, 7.784, 8.768, 8.432, 7.106, 5.247, 4.692, 4.757, 3.528, 2.408, 1.51, 4.629, 4.621, 2.911, 4.581, 4.95, 5.51, 5.611, 5.185, 6.067, 7.097, 6.625, 7.301, 9.156, 11.359, 13.427, 14.184, 14.223, 14.289, 14.39, 13.195, 10.267, 8.036, 7.192, 6.953, 6.893, 4.774, 3.978, 4.675, 4.874, 4.348, 6.084, 9.339, 8.978, 5.844, 4.895, 5.897, 2.85, 8.086, 8.899, 7.896, 7.97, 8.495, 8.162, 8.136, 6.744, 5.796, 5.651, 6.164, 6.761, 6.572, 6.631, 6.856, 7.319, 7.203, 7.337, 6.932, 7.317, 6.859, 4.707, 5.046, 6.375, 5.435, 4.62, 5.14, 9.562, 10.401, 10.173, 10.29, 10.2, 9.918, 9.509, 8.296, 8.034, 8.871, 9.883, 9.786, 8.537, 8.855, 9.404, 9.82, 9.542, 8.696, 8.168, 7.494, 3.694, 2.272, 3.714, 3.214, 1.601, 2.522, 3.421, 4.398, 4.404, 3.056, 2.839, 2.838, 2.547, 2.725, 3.029, 3.689, 2.598, 2.252, 2.355, 3.041, 3.302, 3.32, 3.528, 3.948, 3.927, 3.724, 4.574, 4.083, 5.075, 6.688, 7.46, 6.959, 5.675, 7.027, 9.572, 10.826, 8.238, 6.574, 8.184, 8.838, 9.147, 7.414, 4.782, 4.915, 5.775, 5.755, 6.243, 6.695, 7.42, 9.878, 11.8, 12.367, 12.663, 12.694, 11.0, 8.566, 7.999, 8.62, 8.708, 9.391, 10.505, 9.576], [6.744, 8.516, 5.659, 4.16, 3.632, 1.356, 0.0, 3.524, 2.866, 2.648, 4.37, 7.22, 8.425, 8.794, 8.813, 7.694, 7.157, 8.198, 7.229, 6.057, 7.173, 7.418, 5.78, 6.179, 7.846, 8.501, 8.629, 8.772, 8.867, 9.491, 9.895, 9.797, 10.17, 10.309, 7.733, 5.889, 9.555, 12.463, 12.525, 11.78, 11.09, 9.78, 9.309, 9.847, 9.485, 7.8, 5.641, 4.26, 4.398, 6.161, 7.406, 8.291, 7.823, 6.516, 4.641, 4.016, 4.125, 3.079, 2.908, 1.71, 4.089, 3.985, 2.659, 4.221, 4.601, 5.033, 5.177, 4.847, 5.514, 6.498, 5.966, 6.612, 8.524, 10.66, 12.725, 13.469, 13.571, 13.669, 13.735, 12.491, 9.58, 7.358, 6.554, 6.237, 6.462, 4.659, 4.562, 5.653, 5.773, 5.25, 7.032, 10.243, 9.88, 6.704, 5.803, 6.789, 3.215, 7.5, 8.237, 7.226, 7.332, 7.893, 7.543, 7.47, 6.033, 5.327, 5.152, 5.511, 6.1, 5.908, 5.932, 6.239, 6.693, 6.503, 6.616, 6.247, 6.65, 6.045, 4.42, 4.76, 6.358, 5.335, 5.056, 5.088, 8.887, 9.659, 9.433, 9.648, 9.645, 9.182, 8.757, 7.97, 7.573, 8.29, 9.296, 9.226, 7.953, 8.216, 8.662, 9.144, 8.955, 8.334, 7.828, 7.237, 3.529, 1.998, 2.981, 2.715, 1.557, 2.255, 2.831, 3.783, 3.646, 2.902, 3.437, 3.473, 3.248, 3.529, 3.761, 4.365, 3.262, 2.602, 2.784, 2.996, 3.421, 3.492, 3.804, 4.125, 3.91, 4.134, 5.006, 3.845, 4.38, 6.104, 6.728, 6.371, 5.141, 6.531, 8.964, 10.215, 7.743, 6.146, 7.612, 8.31, 8.725, 7.005, 4.279, 4.346, 5.239, 5.375, 5.843, 6.166, 6.827, 9.193, 11.109, 11.726, 11.956, 11.935, 10.321, 7.894, 7.386, 8.01, 7.995, 8.508, 9.617, 8.732], [10.106, 11.865, 8.929, 5.628, 3.026, 2.883, 3.524, 0.0, 2.638, 5.776, 7.55, 9.488, 10.988, 11.498, 11.513, 10.098, 9.474, 10.638, 9.606, 8.874, 10.266, 10.405, 8.627, 9.256, 10.907, 11.826, 11.981, 12.107, 12.188, 12.782, 13.17, 13.062, 13.407, 13.407, 10.914, 9.074, 12.904, 15.934, 15.914, 15.129, 14.387, 12.89, 12.047, 12.76, 12.602, 10.886, 8.364, 5.9, 6.26, 8.802, 10.295, 11.187, 10.918, 9.6, 7.598, 6.819, 6.833, 5.034, 3.093, 3.754, 7.074, 7.077, 4.997, 5.906, 6.542, 7.088, 7.265, 6.472, 7.87, 9.238, 9.02, 9.542, 11.079, 13.404, 15.44, 16.117, 16.235, 16.69, 16.94, 15.757, 12.857, 10.45, 9.675, 9.487, 9.371, 7.277, 4.635, 4.378, 3.615, 3.45, 4.515, 6.878, 6.746, 4.899, 3.572, 3.877, 4.512, 10.641, 11.247, 10.114, 10.437, 11.082, 10.608, 10.514, 8.845, 7.418, 7.325, 8.301, 8.859, 8.626, 8.79, 9.227, 9.664, 9.8, 9.971, 9.486, 9.923, 9.438, 7.163, 7.408, 8.874, 7.895, 6.422, 7.436, 12.099, 12.943, 12.707, 12.869, 12.821, 12.404, 12.05, 10.917, 10.581, 11.421, 12.402, 12.351, 11.142, 11.38, 11.93, 12.364, 12.128, 11.338, 10.783, 10.025, 6.217, 4.289, 6.241, 5.635, 3.869, 4.761, 6.034, 7.04, 7.0, 5.034, 3.892, 3.273, 3.142, 3.137, 2.917, 3.389, 4.225, 4.238, 4.424, 5.396, 5.482, 5.598, 5.601, 6.087, 6.189, 5.149, 5.396, 6.256, 7.51, 9.068, 10.027, 9.423, 7.889, 9.376, 11.563, 12.743, 10.111, 7.986, 8.305, 9.706, 10.291, 8.558, 6.593, 6.862, 7.945, 7.418, 7.899, 8.808, 9.645, 11.999, 14.08, 14.88, 15.259, 15.338, 13.558, 11.158, 10.623, 11.221, 11.29, 11.933, 13.022, 12.177], [8.402, 10.158, 7.052, 3.482, 2.016, 2.148, 2.866, 2.638, 0.0, 3.809, 5.881, 8.673, 9.98, 10.248, 10.217, 9.063, 8.558, 9.502, 8.534, 7.202, 8.383, 8.257, 6.294, 6.877, 8.777, 9.943, 10.109, 10.16, 10.236, 10.955, 11.264, 11.274, 11.618, 11.42, 8.554, 6.873, 10.912, 14.054, 14.09, 13.213, 12.46, 10.954, 10.449, 11.081, 10.835, 9.043, 6.082, 3.782, 4.553, 6.652, 8.311, 9.248, 8.943, 7.688, 5.981, 5.409, 5.624, 4.749, 3.525, 2.202, 5.514, 5.436, 3.496, 5.36, 5.609, 6.113, 6.377, 6.033, 6.701, 7.704, 7.428, 8.083, 10.004, 12.091, 14.14, 14.883, 14.921, 15.099, 15.198, 13.958, 11.088, 8.562, 7.969, 7.713, 7.431, 4.975, 2.396, 3.502, 4.023, 3.37, 5.248, 8.484, 8.14, 5.007, 4.086, 5.046, 2.374, 8.891, 9.75, 8.596, 8.753, 9.341, 8.957, 8.863, 7.437, 6.764, 6.613, 6.73, 7.394, 7.209, 7.354, 7.641, 8.085, 7.981, 8.23, 7.776, 8.181, 7.702, 5.093, 5.262, 6.574, 5.476, 4.129, 5.048, 10.096, 10.75, 10.497, 10.887, 10.823, 10.396, 9.97, 8.792, 8.39, 9.44, 10.498, 10.472, 9.187, 9.309, 9.704, 10.297, 9.907, 8.966, 8.39, 7.628, 4.281, 3.217, 4.438, 3.774, 2.331, 2.964, 4.18, 5.23, 5.108, 3.315, 2.483, 1.688, 1.085, 1.381, 2.157, 2.798, 2.595, 2.726, 2.698, 3.16, 3.23, 3.272, 3.207, 3.791, 3.983, 3.002, 3.3, 4.086, 5.582, 7.432, 8.271, 7.729, 6.139, 7.319, 10.085, 11.333, 8.988, 7.598, 9.636, 10.111, 10.188, 8.411, 5.757, 5.558, 6.476, 6.737, 7.253, 7.633, 8.171, 10.626, 12.505, 13.179, 13.488, 13.499, 11.835, 9.416, 8.763, 9.42, 9.567, 10.218, 11.348, 10.41], [4.746, 6.471, 3.832, 3.12, 4.934, 3.3, 2.648, 5.776, 3.809, 0.0, 3.346, 6.307, 7.183, 7.554, 7.481, 6.644, 6.176, 6.664, 6.214, 4.519, 4.861, 4.874, 3.659, 4.002, 5.629, 6.364, 6.443, 6.537, 6.6, 7.201, 7.549, 7.537, 7.855, 7.86, 5.598, 3.63, 7.344, 10.486, 10.401, 9.547, 8.859, 7.496, 7.382, 7.781, 7.221, 5.443, 3.806, 2.961, 3.239, 4.121, 4.995, 5.912, 5.454, 4.188, 2.767, 3.08, 3.544, 3.304, 4.895, 2.905, 3.096, 2.539, 2.116, 3.368, 3.323, 3.783, 3.876, 3.676, 3.918, 4.465, 4.442, 5.285, 7.133, 8.904, 10.96, 11.76, 11.807, 11.664, 11.72, 10.483, 7.431, 4.97, 4.32, 4.018, 4.141, 3.207, 3.986, 6.807, 7.668, 7.085, 8.958, 12.224, 11.843, 8.626, 7.736, 8.753, 2.71, 5.334, 6.515, 5.692, 5.446, 5.931, 5.71, 5.761, 4.563, 4.356, 4.303, 3.984, 4.195, 3.952, 4.15, 4.35, 4.717, 4.451, 4.734, 4.506, 4.66, 4.139, 2.824, 2.909, 4.593, 3.793, 3.772, 3.651, 6.599, 7.331, 7.081, 7.295, 7.333, 6.813, 6.373, 5.766, 5.318, 5.89, 6.962, 6.931, 5.609, 5.769, 6.2, 6.717, 6.454, 5.859, 5.595, 5.268, 2.185, 2.578, 1.446, 1.199, 2.402, 2.155, 1.766, 1.929, 1.843, 2.67, 3.814, 4.408, 3.373, 4.178, 5.367, 5.645, 3.749, 2.785, 2.674, 2.418, 2.153, 2.313, 2.732, 2.854, 2.634, 3.136, 3.792, 2.46, 2.047, 3.882, 4.628, 4.361, 3.137, 4.142, 6.827, 8.114, 6.033, 5.39, 7.754, 8.206, 7.797, 6.058, 4.011, 3.08, 3.999, 4.641, 5.112, 5.432, 5.599, 8.0, 9.42, 9.831, 10.0, 9.963, 8.358, 5.876, 5.208, 5.906, 5.917, 6.542, 7.671, 6.8], [5.073, 5.334, 5.026, 6.048, 7.394, 4.997, 4.37, 7.55, 5.881, 3.346, 0.0, 3.227, 4.575, 4.854, 4.714, 3.609, 3.141, 4.12, 3.162, 2.325, 3.522, 4.776, 4.745, 5.264, 6.545, 6.675, 6.057, 6.296, 6.013, 6.491, 7.216, 7.161, 7.488, 7.869, 6.731, 5.331, 5.736, 8.627, 8.697, 7.93, 7.081, 5.605, 5.135, 5.545, 5.428, 4.221, 5.321, 5.541, 5.12, 5.059, 5.018, 5.149, 5.056, 3.914, 2.798, 1.846, 1.686, 3.181, 6.026, 4.227, 4.074, 3.822, 3.362, 3.654, 3.086, 3.048, 2.923, 3.057, 2.292, 2.668, 2.444, 2.625, 4.538, 6.602, 8.654, 9.416, 9.432, 9.402, 9.479, 8.437, 5.577, 3.602, 3.125, 3.35, 4.378, 5.456, 6.946, 9.025, 9.608, 8.883, 10.694, 13.938, 13.575, 10.467, 9.548, 10.557, 4.79, 3.601, 4.229, 3.385, 3.184, 3.649, 3.323, 3.385, 2.287, 2.378, 2.147, 2.548, 3.511, 3.366, 3.973, 4.095, 3.961, 3.753, 4.742, 4.698, 4.797, 4.447, 4.54, 4.847, 5.668, 5.818, 6.583, 5.716, 7.091, 7.387, 7.337, 6.937, 7.089, 7.049, 6.581, 6.584, 5.74, 5.667, 6.552, 6.319, 4.934, 4.645, 5.267, 5.821, 5.476, 5.755, 6.395, 6.44, 4.546, 3.863, 2.751, 3.648, 4.289, 3.441, 2.992, 3.199, 3.598, 5.508, 6.814, 7.056, 5.837, 6.325, 7.403, 8.056, 6.849, 5.719, 5.682, 5.213, 4.893, 4.973, 5.426, 5.535, 5.435, 5.95, 6.45, 5.029, 2.677, 2.749, 2.86, 2.246, 2.224, 3.454, 5.042, 6.013, 3.694, 2.696, 4.673, 4.99, 4.652, 2.944, 1.828, 1.787, 1.835, 2.082, 2.246, 2.342, 2.793, 5.166, 7.015, 7.591, 7.954, 7.918, 6.21, 3.933, 3.574, 3.87, 4.103, 4.812, 5.919, 4.975], [6.339, 6.392, 6.804, 8.882, 10.499, 7.744, 7.22, 9.488, 8.673, 6.307, 3.227, 0.0, 2.209, 2.363, 2.367, 1.725, 1.511, 2.194, 1.952, 2.59, 4.643, 5.923, 6.686, 7.132, 7.832, 7.898, 7.28, 7.411, 7.064, 7.573, 8.311, 8.151, 8.659, 9.146, 8.36, 7.739, 6.035, 7.167, 7.26, 6.541, 5.721, 4.191, 3.311, 3.79, 4.331, 5.232, 7.079, 8.13, 6.628, 6.046, 6.323, 6.17, 6.256, 5.479, 4.374, 3.725, 3.489, 4.887, 8.023, 6.789, 5.623, 5.784, 5.466, 4.722, 4.076, 3.641, 4.032, 4.14, 3.17, 2.988, 3.144, 2.18, 2.271, 4.296, 6.303, 6.824, 6.98, 7.549, 7.871, 6.857, 4.878, 4.527, 4.308, 4.8, 5.837, 7.627, 9.965, 11.573, 11.482, 10.69, 12.292, 15.414, 15.242, 12.604, 11.457, 12.246, 7.277, 4.195, 3.06, 3.29, 3.12, 2.857, 2.552, 2.599, 2.385, 2.778, 2.759, 3.395, 4.142, 4.341, 4.777, 4.947, 4.902, 5.092, 5.919, 6.162, 6.097, 5.814, 6.843, 6.633, 6.904, 7.887, 9.001, 7.749, 8.597, 8.629, 8.58, 8.273, 8.383, 8.356, 7.926, 7.992, 7.099, 6.885, 7.608, 7.403, 6.203, 5.844, 6.022, 6.433, 6.693, 7.082, 7.759, 7.996, 7.029, 5.929, 5.695, 6.382, 6.857, 6.073, 5.938, 5.527, 6.294, 8.399, 9.798, 10.14, 8.77, 8.785, 10.479, 11.21, 9.861, 8.715, 8.647, 8.168, 7.666, 7.776, 8.288, 8.274, 8.344, 8.833, 9.094, 7.897, 5.265, 4.071, 3.514, 2.777, 3.433, 4.36, 4.772, 4.554, 2.776, 2.627, 3.594, 2.765, 2.706, 2.249, 3.366, 3.426, 2.711, 2.613, 2.215, 1.774, 1.524, 2.759, 4.762, 5.866, 6.442, 6.467, 4.802, 4.288, 4.252, 3.497, 3.326, 3.866, 4.616, 3.771], [6.333, 6.352, 7.114, 9.439, 11.652, 9.156, 8.425, 10.988, 9.98, 7.183, 4.575, 2.209, 0.0, 1.253, 1.491, 1.661, 2.059, 2.035, 2.922, 3.322, 4.893, 6.068, 7.169, 7.698, 7.814, 7.72, 7.021, 7.235, 6.949, 7.181, 7.895, 7.687, 8.194, 8.671, 8.593, 8.054, 5.823, 5.909, 5.816, 5.166, 4.483, 3.48, 2.525, 2.934, 3.556, 4.845, 7.38, 8.463, 6.994, 6.34, 6.266, 6.12, 6.238, 5.599, 4.691, 4.748, 4.634, 6.714, 9.874, 8.096, 5.901, 6.263, 6.7, 6.338, 5.509, 4.804, 4.907, 5.396, 3.939, 3.338, 3.344, 2.368, 1.425, 2.918, 4.719, 5.35, 5.609, 6.17, 6.536, 5.549, 4.319, 4.332, 4.306, 4.677, 6.048, 7.938, 10.725, 12.756, 13.072, 12.215, 14.025, 17.254, 16.904, 14.15, 13.097, 13.842, 8.34, 3.759, 2.117, 2.738, 2.791, 2.386, 2.241, 2.09, 2.803, 4.371, 4.391, 4.136, 4.792, 4.754, 4.843, 5.079, 5.076, 5.219, 5.912, 6.195, 6.089, 5.929, 7.388, 7.076, 7.286, 8.361, 9.336, 8.069, 8.379, 8.638, 8.454, 7.992, 8.073, 7.924, 7.683, 7.764, 7.058, 7.037, 7.584, 7.534, 6.482, 5.919, 5.748, 6.177, 6.587, 7.403, 7.98, 8.181, 7.324, 7.413, 6.626, 7.55, 8.239, 7.282, 6.758, 6.122, 6.836, 9.037, 10.693, 11.232, 9.806, 10.108, 11.628, 12.296, 10.842, 9.647, 9.488, 9.036, 8.357, 8.573, 9.043, 8.682, 8.872, 9.417, 9.653, 8.481, 5.903, 4.327, 3.556, 3.1, 4.473, 4.189, 4.472, 4.454, 2.758, 3.596, 4.177, 3.213, 3.491, 3.84, 4.879, 4.714, 4.024, 3.934, 3.76, 2.878, 2.179, 1.65, 3.28, 4.214, 4.824, 4.928, 3.822, 4.395, 4.6, 3.23, 2.559, 2.826, 3.151, 2.711], [6.685, 6.54, 7.387, 9.866, 12.059, 9.431, 8.794, 11.498, 10.248, 7.554, 4.854, 2.363, 1.253, 0.0, 1.511, 1.892, 2.463, 1.952, 2.894, 3.488, 4.907, 6.038, 7.323, 7.785, 7.754, 7.572, 6.919, 7.134, 6.873, 7.273, 7.906, 7.686, 8.184, 8.648, 8.745, 8.346, 5.621, 5.539, 5.541, 4.724, 4.137, 3.068, 2.428, 2.697, 3.404, 4.884, 7.6, 8.815, 7.391, 6.51, 6.289, 6.04, 6.131, 5.689, 5.034, 5.163, 5.027, 6.95, 9.975, 8.355, 6.195, 6.502, 6.982, 6.829, 5.828, 5.24, 5.251, 5.809, 4.385, 3.598, 3.558, 2.636, 1.518, 2.471, 4.402, 5.098, 5.379, 5.915, 6.14, 5.093, 4.151, 4.669, 4.617, 4.932, 6.227, 8.218, 11.119, 13.001, 13.405, 12.52, 14.439, 17.607, 17.424, 14.474, 13.36, 14.268, 8.582, 3.85, 2.13, 2.632, 2.821, 2.45, 2.227, 2.251, 3.117, 4.696, 4.722, 4.198, 4.944, 5.076, 5.145, 5.167, 5.112, 5.292, 6.04, 6.444, 6.216, 6.206, 7.622, 7.264, 7.261, 8.523, 9.693, 8.319, 8.39, 8.405, 8.29, 7.943, 8.072, 7.937, 7.629, 7.754, 7.013, 6.895, 7.333, 7.294, 6.323, 5.873, 5.507, 5.842, 6.393, 7.338, 7.846, 8.214, 7.657, 7.62, 7.015, 7.677, 8.542, 7.51, 7.111, 6.419, 7.165, 9.462, 11.088, 11.633, 10.199, 10.356, 11.987, 12.686, 11.239, 10.038, 9.877, 9.363, 8.654, 8.847, 9.307, 8.993, 9.2, 9.659, 10.024, 8.899, 6.297, 4.702, 3.708, 3.353, 4.7, 4.221, 4.391, 4.262, 2.873, 4.062, 4.613, 3.308, 3.715, 4.194, 5.235, 5.023, 4.139, 4.385, 4.095, 3.075, 2.334, 1.253, 2.791, 3.857, 4.451, 4.557, 3.492, 4.304, 4.619, 3.167, 2.504, 2.676, 2.852, 2.371], [6.374, 5.819, 7.036, 9.747, 11.976, 9.499, 8.813, 11.513, 10.217, 7.481, 4.714, 2.367, 1.491, 1.511, 0.0, 1.74, 2.209, 1.571, 2.586, 3.209, 4.215, 5.297, 7.116, 7.538, 7.2, 6.973, 6.284, 6.491, 6.212, 6.582, 7.283, 7.153, 7.653, 8.139, 8.013, 8.016, 5.094, 5.496, 5.451, 4.755, 4.048, 2.943, 1.861, 2.194, 2.982, 4.26, 7.137, 8.607, 7.169, 5.652, 5.418, 5.212, 5.243, 5.199, 4.921, 5.044, 4.911, 6.859, 9.997, 8.296, 5.921, 6.043, 7.039, 6.535, 5.655, 4.888, 4.694, 5.515, 4.018, 3.315, 3.118, 2.515, 1.45, 2.506, 4.329, 4.739, 4.835, 5.535, 5.924, 5.114, 3.738, 4.173, 4.39, 4.636, 5.568, 7.89, 11.042, 13.016, 13.516, 12.528, 14.311, 17.331, 17.218, 14.429, 13.209, 14.187, 8.536, 3.47, 1.649, 2.168, 2.385, 2.019, 1.959, 2.013, 3.072, 4.407, 4.649, 3.854, 4.319, 4.473, 4.507, 4.428, 4.396, 4.61, 5.36, 5.887, 5.658, 6.011, 7.389, 6.916, 6.629, 8.089, 9.554, 7.96, 7.679, 7.792, 7.651, 7.258, 7.371, 7.337, 6.932, 7.028, 6.119, 6.118, 6.755, 6.627, 5.62, 5.068, 5.164, 5.536, 5.741, 6.461, 7.138, 7.426, 7.417, 7.587, 6.945, 7.78, 8.609, 7.502, 6.987, 6.284, 7.039, 9.325, 11.006, 11.523, 10.116, 10.131, 11.947, 12.588, 11.157, 9.956, 9.773, 9.19, 8.552, 8.703, 9.211, 8.846, 8.971, 9.494, 9.842, 8.769, 6.188, 4.549, 3.582, 3.259, 4.594, 3.846, 3.581, 3.407, 2.338, 3.836, 4.682, 3.412, 3.507, 3.85, 5.107, 4.843, 4.02, 4.297, 3.772, 2.963, 2.38, 1.519, 2.973, 3.941, 4.567, 4.569, 3.195, 3.746, 4.276, 2.537, 2.224, 2.688, 2.984, 2.521], [6.29, 6.186, 6.937, 9.202, 10.919, 8.186, 7.694, 10.098, 9.063, 6.644, 3.609, 1.725, 1.661, 1.892, 1.74, 0.0, 1.248, 1.93, 1.773, 2.484, 4.338, 5.459, 6.77, 7.278, 7.412, 7.355, 6.721, 6.88, 6.563, 6.905, 7.659, 7.661, 8.128, 8.531, 8.165, 7.754, 5.565, 6.679, 6.663, 5.832, 5.126, 3.949, 2.887, 3.261, 3.815, 4.632, 6.957, 8.179, 6.625, 5.807, 5.813, 5.61, 5.718, 5.131, 4.433, 4.113, 3.647, 5.502, 8.608, 7.272, 5.822, 5.983, 5.852, 5.13, 4.244, 3.851, 4.07, 4.339, 3.259, 3.004, 3.053, 2.127, 1.636, 3.729, 5.732, 6.274, 6.259, 6.983, 7.358, 6.389, 4.415, 4.13, 4.034, 4.491, 5.701, 7.703, 10.238, 11.97, 11.952, 10.969, 12.729, 15.935, 15.627, 13.002, 11.895, 12.635, 7.551, 3.482, 2.334, 2.434, 2.336, 2.242, 1.709, 2.054, 2.655, 3.486, 3.414, 3.713, 4.523, 4.596, 4.755, 4.777, 4.696, 4.989, 5.725, 5.969, 5.801, 5.808, 6.938, 6.653, 6.674, 7.948, 9.024, 7.796, 8.09, 8.235, 8.092, 7.679, 7.813, 7.76, 7.311, 7.36, 6.598, 6.525, 7.105, 7.004, 5.95, 5.431, 5.609, 6.112, 6.182, 6.809, 7.387, 7.643, 7.052, 6.174, 6.046, 6.885, 7.224, 6.538, 6.303, 5.782, 6.45, 8.701, 10.198, 10.537, 9.163, 9.268, 10.808, 11.552, 10.292, 9.137, 9.029, 8.509, 7.849, 8.035, 8.589, 8.372, 8.514, 9.062, 9.245, 8.105, 5.484, 4.078, 3.066, 2.57, 3.754, 3.768, 4.16, 4.208, 2.243, 2.506, 3.387, 2.748, 2.476, 2.587, 3.719, 3.758, 2.973, 2.773, 2.606, 1.886, 1.728, 2.308, 4.342, 5.312, 5.889, 5.869, 4.224, 4.011, 4.163, 2.956, 2.789, 3.311, 4.034, 3.155], [6.111, 6.206, 6.507, 8.707, 10.32, 7.6, 7.157, 9.474, 8.558, 6.176, 3.141, 1.511, 2.059, 2.463, 2.209, 1.248, 0.0, 2.031, 1.905, 2.335, 4.337, 5.567, 6.259, 6.801, 7.503, 7.528, 6.929, 7.07, 6.677, 7.059, 7.787, 7.682, 8.158, 8.632, 8.015, 7.217, 5.688, 7.167, 7.208, 6.387, 5.541, 4.052, 3.016, 3.609, 3.967, 4.725, 6.765, 7.645, 6.143, 5.716, 5.853, 5.701, 5.899, 5.054, 4.06, 3.666, 3.234, 5.012, 8.094, 6.847, 5.435, 5.416, 5.373, 4.585, 3.768, 3.326, 3.479, 3.73, 2.82, 2.619, 3.027, 2.146, 2.322, 4.312, 6.242, 6.797, 6.821, 7.511, 7.921, 6.984, 4.608, 3.994, 3.774, 4.362, 5.508, 7.171, 9.786, 11.5, 11.44, 10.434, 12.232, 15.41, 15.11, 12.385, 11.254, 12.095, 7.136, 3.68, 2.792, 3.08, 2.874, 2.65, 2.445, 2.382, 2.197, 3.204, 2.949, 3.18, 4.071, 4.117, 4.589, 4.859, 4.732, 4.957, 5.711, 5.825, 5.759, 5.701, 6.5, 6.072, 6.67, 7.52, 8.582, 7.33, 8.157, 8.381, 8.235, 7.789, 7.901, 7.857, 7.45, 7.472, 6.714, 6.648, 7.303, 7.153, 5.995, 5.525, 5.659, 6.12, 6.373, 6.836, 7.484, 7.652, 6.501, 5.659, 5.587, 6.45, 6.636, 6.062, 5.841, 5.331, 6.215, 8.279, 9.725, 9.999, 8.669, 8.837, 10.252, 10.997, 9.788, 8.643, 8.561, 8.086, 7.392, 7.625, 8.178, 7.853, 8.009, 8.532, 8.777, 7.676, 5.018, 3.622, 3.388, 2.433, 3.331, 3.887, 4.167, 4.221, 2.316, 2.411, 3.41, 2.96, 2.633, 2.162, 3.168, 3.344, 2.552, 2.35, 2.14, 1.639, 1.653, 2.915, 4.865, 5.894, 6.462, 6.483, 4.788, 4.174, 4.092, 3.244, 3.12, 3.853, 4.621, 3.722], [5.924, 5.42, 6.29, 8.953, 11.261, 8.781, 8.198, 10.638, 9.502, 6.664, 4.12, 2.194, 2.035, 1.952, 1.571, 1.93, 2.031, 0.0, 1.718, 2.557, 3.505, 4.608, 6.266, 6.632, 6.491, 6.379, 5.785, 5.95, 5.6, 5.977, 6.67, 6.473, 6.954, 7.428, 7.466, 7.27, 4.319, 6.105, 6.229, 5.414, 4.558, 2.95, 2.071, 2.61, 3.043, 3.652, 6.38, 7.8, 6.202, 5.111, 4.875, 4.665, 4.702, 4.496, 4.211, 4.464, 4.411, 5.992, 9.017, 7.679, 5.399, 5.498, 6.225, 5.73, 4.653, 4.094, 3.985, 4.687, 3.176, 2.612, 2.789, 2.231, 1.78, 3.337, 5.284, 5.749, 5.816, 6.561, 6.868, 5.811, 3.747, 3.522, 3.616, 3.888, 4.956, 7.126, 10.224, 12.233, 12.5, 11.596, 13.343, 16.417, 16.348, 13.619, 12.473, 13.294, 7.804, 2.914, 2.082, 2.204, 2.144, 2.151, 1.817, 2.033, 2.44, 3.91, 3.717, 3.158, 3.701, 3.848, 4.049, 4.05, 3.776, 4.176, 4.973, 5.339, 5.046, 5.415, 6.555, 6.132, 5.835, 7.339, 8.74, 7.244, 7.139, 7.05, 6.995, 6.656, 6.758, 6.703, 6.382, 6.471, 5.586, 5.414, 6.017, 5.873, 4.861, 4.384, 4.363, 4.922, 4.97, 5.783, 6.362, 6.828, 6.639, 6.821, 6.146, 6.788, 7.842, 6.732, 6.264, 5.554, 6.445, 8.564, 10.194, 10.793, 9.312, 9.28, 11.229, 11.82, 10.318, 9.127, 8.97, 8.396, 7.741, 7.87, 8.347, 8.039, 8.156, 8.66, 9.046, 7.966, 5.397, 3.816, 2.928, 2.472, 3.709, 3.076, 3.082, 3.036, 1.743, 3.672, 4.643, 3.737, 3.355, 3.061, 4.326, 4.039, 3.341, 3.633, 3.2, 2.613, 2.16, 2.217, 3.762, 4.889, 5.475, 5.448, 3.812, 3.2, 3.642, 2.087, 2.471, 3.081, 3.717, 2.92], [6.268, 5.887, 6.567, 8.735, 10.39, 7.679, 7.229, 9.606, 8.534, 6.214, 3.162, 1.952, 2.922, 2.894, 2.586, 1.773, 1.905, 1.718, 0.0, 2.066, 3.903, 4.998, 6.42, 6.861, 6.9, 6.892, 6.313, 6.473, 6.103, 6.566, 7.297, 7.235, 7.694, 8.121, 7.85, 7.486, 5.36, 7.587, 7.702, 6.852, 6.004, 4.424, 3.549, 4.049, 4.478, 4.333, 6.629, 7.877, 6.401, 5.44, 5.357, 5.182, 5.197, 4.798, 4.095, 3.675, 3.404, 4.853, 7.888, 6.796, 5.701, 5.678, 5.386, 4.489, 3.673, 3.283, 3.599, 3.928, 2.705, 3.023, 2.956, 2.371, 2.465, 4.76, 6.738, 7.053, 7.121, 7.906, 8.235, 7.299, 5.036, 4.055, 3.794, 4.157, 5.312, 7.37, 9.784, 11.487, 11.471, 10.426, 12.277, 15.179, 15.23, 12.506, 11.299, 12.243, 7.129, 3.379, 3.17, 2.767, 2.676, 2.946, 2.287, 2.647, 2.454, 2.879, 2.674, 3.033, 3.945, 4.137, 4.433, 4.452, 4.194, 4.593, 5.38, 5.685, 5.427, 5.602, 6.585, 6.321, 6.101, 7.63, 8.75, 7.492, 7.657, 7.553, 7.537, 7.233, 7.33, 7.323, 6.903, 6.978, 6.086, 5.878, 6.55, 6.315, 5.198, 4.821, 5.343, 5.907, 5.588, 6.084, 6.817, 7.222, 6.774, 5.722, 5.612, 6.28, 6.745, 5.988, 5.814, 5.39, 6.166, 8.253, 9.71, 10.007, 8.665, 8.666, 10.322, 11.053, 9.79, 8.635, 8.539, 8.026, 7.43, 7.553, 8.078, 8.018, 8.097, 8.604, 8.85, 7.702, 5.035, 3.839, 2.967, 2.368, 3.296, 3.403, 4.057, 3.932, 2.205, 2.592, 4.025, 3.16, 2.566, 1.809, 3.193, 3.294, 2.383, 2.712, 2.265, 2.1, 2.095, 3.061, 5.089, 6.345, 6.957, 6.943, 5.188, 3.667, 3.978, 3.138, 3.509, 4.152, 5.058, 4.152], [4.458, 4.567, 4.754, 6.994, 8.972, 6.636, 6.057, 8.874, 7.202, 4.519, 2.325, 2.59, 3.322, 3.488, 3.209, 2.484, 2.335, 2.557, 2.066, 0.0, 2.481, 3.662, 4.482, 4.982, 5.674, 5.81, 5.135, 5.182, 5.012, 5.573, 6.165, 6.39, 6.845, 7.16, 6.158, 5.55, 4.938, 7.86, 7.895, 7.03, 6.182, 4.627, 3.872, 4.229, 4.575, 3.656, 4.925, 5.959, 4.854, 3.833, 4.066, 4.158, 4.161, 3.222, 2.322, 2.233, 2.279, 4.105, 7.106, 5.47, 3.816, 3.807, 4.154, 3.866, 2.916, 2.471, 2.619, 3.073, 1.71, 1.78, 1.537, 1.627, 3.161, 5.201, 7.257, 7.844, 7.826, 8.232, 8.558, 7.62, 4.858, 3.059, 2.538, 2.722, 3.667, 5.479, 8.049, 9.976, 10.672, 9.697, 11.477, 14.595, 14.45, 11.543, 10.379, 11.438, 5.534, 2.519, 3.159, 2.092, 2.26, 2.805, 2.305, 2.303, 1.552, 2.198, 2.142, 1.543, 2.405, 2.538, 2.843, 2.996, 2.879, 3.171, 3.953, 4.063, 3.991, 3.83, 4.683, 4.385, 4.641, 5.717, 6.831, 5.587, 6.398, 6.517, 6.523, 6.307, 6.343, 6.397, 5.762, 5.769, 4.858, 4.722, 5.45, 5.404, 4.133, 4.011, 4.708, 5.246, 4.821, 4.885, 5.529, 5.715, 4.842, 4.716, 3.946, 4.691, 5.618, 4.42, 4.19, 3.614, 4.379, 6.549, 8.044, 8.49, 7.108, 7.106, 8.903, 9.544, 8.156, 6.975, 6.842, 6.306, 5.631, 5.79, 6.297, 6.12, 6.266, 6.804, 7.023, 5.905, 3.284, 1.994, 2.38, 1.575, 2.109, 2.601, 3.796, 4.479, 2.106, 2.771, 4.679, 4.485, 3.758, 2.298, 2.424, 2.132, 1.165, 2.35, 2.257, 1.974, 2.235, 3.74, 5.556, 6.619, 7.199, 7.177, 5.3, 2.759, 2.83, 3.049, 3.413, 4.124, 5.232, 4.341], [3.33, 2.643, 3.159, 6.668, 9.563, 7.756, 7.173, 10.266, 8.383, 4.861, 3.522, 4.643, 4.893, 4.907, 4.215, 4.338, 4.337, 3.505, 3.903, 2.481, 0.0, 1.696, 3.148, 3.763, 3.484, 3.71, 3.112, 3.192, 2.951, 3.527, 4.128, 4.276, 4.687, 4.998, 3.978, 4.033, 2.996, 6.135, 6.155, 5.291, 4.457, 3.638, 3.739, 3.584, 3.057, 1.525, 3.226, 5.333, 4.989, 2.571, 2.007, 2.377, 2.286, 1.464, 2.748, 3.768, 4.127, 5.608, 8.487, 6.701, 3.691, 3.497, 5.536, 5.57, 4.534, 3.91, 3.797, 4.574, 3.254, 2.173, 2.084, 3.142, 4.468, 4.831, 6.511, 7.293, 7.393, 7.018, 7.006, 6.004, 3.216, 1.454, 1.607, 1.909, 1.8, 4.231, 8.256, 11.179, 12.019, 11.26, 13.072, 16.313, 16.052, 12.938, 12.019, 13.016, 6.712, 1.483, 3.216, 2.463, 2.499, 2.918, 3.128, 2.894, 3.015, 4.107, 3.863, 2.724, 2.055, 2.172, 2.002, 1.657, 1.619, 1.414, 2.048, 2.122, 2.07, 2.661, 3.703, 3.9, 2.982, 4.256, 6.047, 4.157, 4.164, 4.376, 4.394, 4.175, 4.203, 4.233, 3.597, 3.584, 2.746, 2.545, 3.292, 3.334, 2.118, 1.857, 2.71, 3.094, 2.675, 2.707, 3.253, 3.42, 4.345, 6.282, 4.453, 4.922, 6.815, 5.609, 4.499, 3.559, 4.229, 6.154, 8.137, 8.961, 7.866, 8.256, 9.943, 10.154, 8.162, 7.0, 6.574, 5.877, 5.462, 5.451, 5.76, 5.407, 5.329, 5.958, 6.514, 5.52, 3.125, 1.857, 2.322, 2.432, 3.073, 2.292, 2.658, 3.652, 2.625, 4.962, 6.879, 6.739, 5.967, 4.566, 4.171, 3.761, 3.063, 4.267, 4.322, 4.072, 3.988, 5.205, 6.027, 5.443, 5.508, 5.49, 3.647, 1.681, 1.396, 2.132, 3.199, 3.48, 4.544, 4.053], [3.6, 3.223, 2.844, 6.116, 9.345, 7.965, 7.418, 10.405, 8.257, 4.874, 4.776, 5.923, 6.068, 6.038, 5.297, 5.459, 5.567, 4.608, 4.998, 3.662, 1.696, 0.0, 2.406, 2.974, 2.411, 2.884, 2.705, 2.775, 2.711, 3.428, 3.832, 3.872, 4.197, 4.194, 3.192, 3.152, 3.377, 6.54, 6.549, 5.615, 4.837, 4.567, 4.773, 4.524, 3.934, 1.862, 2.459, 4.933, 4.632, 1.983, 1.568, 2.155, 1.877, 1.315, 3.062, 4.951, 5.479, 6.24, 8.778, 7.103, 4.151, 3.712, 5.475, 5.462, 4.372, 3.973, 4.102, 4.778, 4.024, 3.326, 3.326, 4.482, 5.536, 5.836, 7.258, 8.041, 8.23, 7.773, 7.568, 6.648, 4.104, 2.212, 2.169, 2.292, 1.428, 3.712, 7.856, 10.885, 11.757, 10.936, 12.707, 15.936, 15.658, 12.544, 11.626, 12.635, 6.458, 2.426, 4.344, 3.631, 3.714, 4.109, 4.225, 4.155, 4.327, 5.007, 4.918, 3.176, 2.368, 2.757, 2.704, 2.336, 1.835, 1.715, 2.073, 2.117, 2.051, 2.713, 3.436, 3.428, 2.113, 3.403, 5.193, 3.613, 3.173, 3.427, 3.298, 3.366, 3.45, 3.272, 2.621, 2.373, 1.521, 1.848, 2.66, 2.624, 1.766, 1.706, 2.495, 2.8, 2.258, 1.745, 2.08, 2.389, 4.413, 6.473, 4.986, 4.907, 6.696, 5.647, 4.757, 4.002, 4.508, 6.252, 8.159, 8.692, 7.748, 8.114, 9.945, 10.042, 7.72, 6.765, 6.22, 5.481, 5.229, 5.167, 5.297, 4.912, 4.789, 5.731, 6.226, 4.977, 3.474, 3.023, 3.458, 3.596, 3.362, 2.312, 3.118, 4.27, 3.703, 6.307, 8.108, 7.924, 7.164, 5.869, 5.253, 4.663, 4.292, 5.638, 5.704, 5.254, 5.249, 6.275, 7.112, 6.29, 6.127, 5.883, 4.051, 2.256, 2.565, 3.337, 4.391, 4.58, 5.403, 5.123], [3.141, 4.46, 2.27, 3.906, 7.2, 6.017, 5.78, 8.627, 6.294, 3.659, 4.745, 6.686, 7.169, 7.323, 7.116, 6.77, 6.259, 6.266, 6.42, 4.482, 3.148, 2.406, 0.0, 1.307, 2.76, 3.93, 4.178, 4.226, 4.287, 4.984, 5.339, 5.463, 5.712, 5.503, 3.074, 1.992, 5.004, 8.106, 8.104, 7.171, 6.612, 6.248, 6.609, 6.64, 5.653, 3.76, 1.443, 3.174, 3.033, 2.132, 3.049, 4.199, 3.764, 2.155, 2.73, 4.643, 5.24, 5.767, 7.805, 5.904, 3.415, 2.675, 3.992, 4.57, 3.778, 4.101, 4.358, 4.397, 4.359, 3.94, 4.267, 5.229, 7.02, 7.702, 9.488, 10.274, 10.468, 10.011, 9.685, 8.588, 5.906, 3.448, 2.934, 3.006, 2.099, 2.049, 5.832, 9.108, 9.921, 9.241, 11.119, 14.368, 14.076, 10.919, 10.018, 10.978, 4.758, 3.788, 6.016, 5.193, 5.207, 5.555, 5.731, 5.343, 4.614, 5.147, 4.98, 3.735, 2.973, 3.051, 3.323, 3.115, 3.115, 2.779, 2.542, 2.237, 2.385, 2.299, 2.468, 2.239, 1.822, 1.932, 3.364, 1.962, 4.196, 4.831, 4.56, 4.875, 4.825, 4.545, 4.067, 2.742, 2.69, 3.565, 4.606, 4.384, 3.243, 3.311, 3.755, 4.378, 3.97, 2.936, 2.47, 2.189, 2.835, 5.655, 4.238, 3.655, 5.06, 4.182, 3.422, 2.966, 3.264, 4.491, 6.087, 6.49, 5.841, 6.483, 7.974, 8.072, 5.526, 4.866, 4.275, 3.403, 3.305, 3.251, 3.27, 2.95, 2.926, 3.785, 4.214, 2.865, 2.61, 3.065, 4.429, 4.517, 3.553, 3.611, 5.249, 6.504, 5.192, 6.429, 8.556, 8.734, 8.069, 6.372, 5.38, 4.555, 4.464, 5.633, 5.896, 5.978, 5.957, 7.8, 8.819, 8.385, 7.883, 7.604, 6.077, 3.778, 3.201, 4.866, 5.671, 5.626, 6.594, 6.265], [2.653, 4.162, 2.138, 4.141, 7.639, 6.695, 6.179, 9.256, 6.877, 4.002, 5.264, 7.132, 7.698, 7.785, 7.538, 7.278, 6.801, 6.632, 6.861, 4.982, 3.763, 2.974, 1.307, 0.0, 2.401, 3.313, 3.678, 3.904, 3.836, 4.4, 4.746, 5.012, 5.012, 4.896, 2.451, 1.638, 4.753, 7.67, 7.593, 7.02, 6.671, 6.683, 7.079, 7.213, 6.248, 4.38, 2.129, 3.983, 3.76, 2.854, 3.667, 4.724, 4.281, 2.666, 3.296, 5.185, 5.796, 6.224, 8.254, 6.483, 3.94, 3.225, 4.607, 5.181, 4.26, 4.534, 4.796, 4.948, 4.794, 4.441, 4.739, 5.724, 7.548, 8.295, 9.948, 10.845, 11.02, 10.593, 10.116, 8.802, 6.497, 4.001, 3.486, 3.221, 2.585, 2.532, 6.459, 9.883, 10.665, 10.033, 11.881, 15.088, 14.88, 11.761, 10.848, 11.815, 5.533, 4.335, 6.473, 5.595, 5.646, 6.036, 6.218, 5.787, 5.182, 5.668, 5.467, 4.157, 3.51, 3.394, 3.806, 3.658, 3.489, 3.261, 2.925, 2.621, 2.479, 2.245, 2.912, 2.856, 2.556, 2.321, 3.93, 2.466, 3.646, 4.025, 3.894, 4.394, 4.577, 4.219, 3.651, 2.779, 2.976, 3.458, 4.521, 4.342, 3.04, 3.313, 3.566, 4.266, 3.962, 3.196, 2.75, 2.475, 3.355, 6.215, 4.545, 4.138, 5.678, 4.836, 3.949, 3.476, 3.479, 4.83, 6.488, 6.905, 6.541, 7.197, 8.62, 8.778, 5.891, 5.497, 4.91, 3.976, 3.964, 3.941, 3.971, 3.526, 3.331, 4.41, 4.874, 3.189, 3.064, 3.644, 4.843, 5.11, 4.109, 4.137, 5.779, 6.993, 5.77, 7.013, 9.231, 9.268, 8.547, 6.875, 5.951, 5.05, 5.116, 6.243, 6.5, 6.609, 6.357, 8.267, 9.239, 8.915, 8.301, 7.628, 6.28, 4.005, 3.797, 5.244, 5.998, 5.812, 6.767, 6.453], [3.354, 2.9, 3.122, 5.966, 9.401, 8.421, 7.846, 10.907, 8.777, 5.629, 6.545, 7.832, 7.814, 7.754, 7.2, 7.412, 7.503, 6.491, 6.9, 5.674, 3.484, 2.411, 2.76, 2.401, 0.0, 1.468, 2.025, 2.169, 2.133, 2.498, 2.884, 3.333, 3.138, 3.343, 2.208, 2.976, 3.24, 5.82, 6.039, 5.568, 5.347, 5.979, 6.506, 6.276, 5.298, 3.345, 3.239, 5.833, 5.656, 3.164, 2.712, 3.387, 3.106, 2.768, 4.457, 6.711, 7.314, 8.012, 10.061, 8.257, 5.63, 4.896, 6.419, 6.804, 5.995, 5.76, 6.036, 6.434, 6.024, 5.198, 5.137, 6.42, 7.532, 7.738, 8.736, 9.597, 9.546, 9.346, 8.846, 7.097, 5.154, 3.629, 3.847, 3.366, 2.788, 4.179, 8.316, 11.724, 12.5, 11.933, 13.843, 17.069, 16.812, 13.656, 12.754, 13.705, 7.446, 4.191, 5.968, 5.403, 5.488, 5.877, 6.161, 5.978, 6.047, 7.053, 6.856, 5.153, 4.248, 4.657, 4.415, 3.908, 3.754, 3.265, 2.98, 2.926, 2.586, 3.173, 4.647, 4.76, 3.295, 3.972, 5.722, 3.977, 2.177, 2.512, 2.391, 2.902, 2.999, 2.658, 2.146, 1.665, 1.894, 2.168, 2.94, 2.792, 2.518, 2.541, 2.876, 3.133, 2.894, 2.359, 1.974, 2.055, 5.179, 7.988, 6.059, 5.832, 7.571, 6.552, 5.7, 5.178, 5.048, 6.406, 7.931, 8.527, 8.367, 9.152, 10.468, 10.562, 7.594, 7.249, 6.685, 5.867, 5.71, 5.833, 5.855, 5.335, 5.106, 6.261, 6.752, 4.834, 4.71, 4.597, 4.895, 5.465, 5.031, 4.084, 4.5, 5.645, 5.686, 8.273, 10.044, 9.829, 9.047, 7.825, 7.269, 6.606, 6.27, 7.581, 7.728, 7.164, 6.91, 8.276, 9.025, 7.911, 6.948, 6.165, 5.158, 4.016, 4.027, 4.793, 5.63, 5.557, 6.19, 6.12], [3.586, 2.581, 3.457, 7.01, 10.538, 9.24, 8.501, 11.826, 9.943, 6.364, 6.675, 7.898, 7.72, 7.572, 6.973, 7.355, 7.528, 6.379, 6.892, 5.81, 3.71, 2.884, 3.93, 3.313, 1.468, 0.0, 1.068, 1.569, 1.474, 1.579, 1.856, 2.134, 2.008, 2.364, 2.454, 3.674, 2.566, 4.964, 5.111, 4.776, 4.611, 5.442, 5.93, 5.517, 4.75, 3.151, 4.394, 7.026, 6.85, 4.172, 2.726, 2.964, 2.625, 3.103, 4.842, 6.916, 7.509, 8.256, 10.717, 8.767, 6.038, 5.467, 7.303, 7.552, 6.672, 6.277, 6.305, 6.843, 6.217, 5.229, 5.234, 6.458, 7.337, 7.098, 7.916, 8.701, 8.591, 8.438, 7.922, 6.193, 4.302, 3.883, 3.893, 3.483, 3.266, 5.364, 9.502, 12.913, 13.724, 13.141, 15.036, 18.28, 18.006, 14.849, 13.948, 14.899, 8.572, 4.081, 5.828, 5.325, 5.338, 5.755, 5.979, 5.961, 6.033, 7.182, 7.073, 5.446, 4.491, 4.939, 4.591, 4.103, 3.743, 3.41, 3.194, 3.327, 2.902, 3.418, 5.482, 5.737, 4.392, 5.166, 6.915, 5.143, 1.599, 1.798, 1.572, 1.836, 2.018, 1.753, 1.221, 1.644, 2.222, 1.855, 2.069, 2.015, 2.416, 2.574, 2.71, 2.644, 2.391, 2.583, 2.583, 2.803, 5.927, 8.443, 6.32, 6.59, 8.589, 7.468, 6.333, 5.513, 5.552, 7.099, 8.928, 9.712, 9.51, 10.199, 11.544, 11.703, 8.766, 8.341, 7.749, 7.036, 6.903, 6.964, 7.021, 6.465, 6.178, 7.282, 7.832, 6.025, 5.229, 4.81, 4.703, 5.456, 5.278, 4.177, 3.874, 4.976, 5.664, 8.385, 10.069, 9.784, 9.064, 7.918, 7.44, 6.857, 6.461, 7.801, 7.851, 7.157, 6.891, 7.802, 8.374, 7.148, 6.045, 5.384, 4.451, 3.849, 4.234, 4.593, 5.355, 5.447, 5.633, 5.648], [3.129, 1.856, 3.265, 7.183, 10.692, 9.387, 8.629, 11.981, 10.109, 6.443, 6.057, 7.28, 7.021, 6.919, 6.284, 6.721, 6.929, 5.785, 6.313, 5.135, 3.112, 2.705, 4.178, 3.678, 2.025, 1.068, 0.0, 1.144, 1.035, 1.323, 1.583, 1.792, 2.013, 2.401, 2.568, 3.812, 2.306, 4.761, 4.884, 4.342, 4.208, 5.049, 5.443, 5.017, 4.192, 2.668, 4.605, 7.247, 7.07, 4.393, 2.754, 2.737, 2.506, 2.867, 4.634, 6.263, 6.798, 7.909, 10.627, 8.613, 5.648, 5.436, 7.538, 7.704, 6.729, 6.079, 6.019, 6.869, 5.71, 4.656, 4.508, 5.734, 6.635, 6.482, 7.392, 8.142, 8.028, 7.877, 7.36, 5.689, 3.727, 3.378, 3.406, 3.026, 3.031, 5.529, 9.669, 13.134, 13.989, 13.406, 15.279, 18.545, 18.226, 15.07, 14.168, 15.119, 8.794, 3.399, 5.133, 4.594, 4.642, 5.059, 5.282, 5.275, 5.415, 6.44, 6.473, 5.018, 4.067, 4.407, 4.014, 3.56, 3.212, 2.874, 2.766, 2.946, 2.441, 2.898, 5.395, 5.951, 4.637, 5.386, 7.136, 5.309, 2.023, 1.973, 1.852, 1.851, 2.015, 1.877, 1.235, 2.014, 2.44, 1.501, 1.851, 1.91, 2.082, 2.045, 2.383, 2.475, 2.203, 2.554, 2.808, 2.986, 6.135, 8.371, 5.988, 6.784, 8.782, 7.552, 6.179, 5.289, 5.222, 7.037, 9.196, 9.973, 9.677, 10.371, 11.711, 11.868, 8.913, 8.507, 7.916, 7.202, 7.048, 7.131, 7.206, 6.631, 6.346, 7.449, 8.001, 6.287, 4.837, 4.087, 3.995, 4.876, 5.148, 3.964, 3.495, 4.513, 5.033, 7.671, 9.393, 9.151, 8.436, 7.274, 6.831, 6.221, 5.804, 7.096, 7.146, 6.455, 6.246, 7.176, 7.855, 6.585, 5.477, 4.867, 3.874, 3.185, 3.542, 3.948, 4.665, 4.713, 5.049, 5.0], [3.197, 1.916, 3.486, 7.334, 10.761, 9.525, 8.772, 12.107, 10.16, 6.537, 6.296, 7.411, 7.235, 7.134, 6.491, 6.88, 7.07, 5.95, 6.473, 5.182, 3.192, 2.775, 4.226, 3.904, 2.169, 1.569, 1.144, 0.0, 0.889, 1.462, 1.506, 1.82, 2.135, 2.44, 3.05, 3.972, 2.397, 4.67, 4.861, 4.368, 4.26, 5.16, 5.601, 5.203, 4.248, 2.893, 4.662, 7.304, 7.127, 4.45, 2.81, 2.617, 2.49, 2.934, 4.848, 6.444, 6.902, 8.021, 10.748, 8.739, 5.741, 5.57, 7.628, 7.761, 6.767, 6.217, 6.223, 7.021, 5.855, 4.827, 4.615, 5.866, 6.817, 6.742, 7.452, 7.968, 7.614, 7.707, 7.147, 5.4, 3.591, 3.538, 3.665, 3.223, 3.191, 5.579, 9.719, 13.191, 14.026, 13.443, 15.316, 18.582, 18.283, 15.127, 14.225, 15.176, 8.877, 3.562, 5.34, 4.77, 4.836, 5.282, 5.499, 5.451, 5.598, 6.634, 6.634, 5.228, 4.319, 4.65, 4.195, 3.712, 3.423, 3.096, 2.887, 3.082, 2.574, 3.083, 5.482, 6.008, 4.674, 5.443, 7.193, 5.365, 1.76, 1.759, 1.782, 1.88, 1.975, 1.933, 1.561, 2.305, 2.494, 1.764, 1.896, 1.749, 2.477, 2.271, 2.643, 2.652, 2.333, 2.357, 2.656, 2.942, 6.204, 8.441, 6.151, 6.841, 8.852, 7.645, 6.339, 5.456, 5.327, 7.157, 9.228, 9.986, 9.727, 10.417, 11.778, 11.918, 8.951, 8.558, 7.973,