[[0.0, 1.453, 2.014, 3.217, 3.488, 3.057, 3.52, 4.255, 3.112, 3.283, 3.931, 3.901, 4.942, 6.916, 7.701, 7.545, 7.993, 9.151, 8.573, 8.117, 7.371, 5.548, 5.394, 5.394, 5.076, 4.322, 4.565, 4.826, 4.816, 4.838, 4.371, 3.366, 2.393, 2.468, 2.925, 3.004, 2.315, 2.488, 3.459, 6.53, 9.758, 8.055, 6.121, 5.038, 5.812, 5.48, 3.391, 3.574, 4.891, 2.537, 2.018, 3.669, 3.144, 2.851, 2.744, 2.445, 3.852, 3.892, 3.764, 4.074, 3.859, 3.948, 3.833, 3.367, 2.356, 3.291, 3.711, 5.084, 7.871, 5.717, 5.59, 5.075, 4.768, 4.786, 4.446, 5.31, 5.847, 5.276, 3.754, 2.844, 2.296, 3.412, 4.451, 3.199, 2.305, 1.806, 1.357, 1.368, 1.855, 1.948, 2.565, 2.52, 2.869, 3.448, 2.401, 3.171, 5.218, 6.525, 7.011, 5.476, 2.965, 2.429, 2.128, 2.199, 1.671, 1.979, 1.428, 1.587, 3.114, 3.866, 5.322, 5.12, 5.15, 6.582, 7.985, 9.504, 10.182, 10.548, 11.629, 13.285, 13.425, 13.026, 13.175, 14.13, 14.472, 15.279, 15.744, 16.588, 17.879, 17.849, 17.672, 17.609, 16.531, 14.275, 12.472, 11.014, 9.558, 8.917, 9.663, 9.569, 7.385, 5.191, 4.442, 5.128, 4.311], [1.453, 0.0, 1.002, 2.18, 2.616, 2.384, 2.778, 3.484, 3.096, 2.927, 3.493, 3.705, 4.451, 6.15, 7.026, 6.874, 7.388, 8.275, 7.914, 7.501, 6.673, 5.099, 5.003, 4.897, 4.578, 4.244, 5.431, 5.833, 5.807, 5.822, 5.46, 4.367, 2.874, 2.858, 3.939, 4.043, 3.279, 3.423, 4.449, 7.648, 10.817, 9.142, 7.171, 6.122, 6.902, 6.571, 4.365, 4.538, 5.907, 3.61, 3.053, 4.736, 4.131, 3.848, 3.739, 3.118, 3.437, 3.517, 3.394, 3.698, 3.28, 3.548, 3.291, 3.083, 2.628, 2.97, 3.001, 6.082, 8.863, 6.645, 6.296, 6.048, 5.741, 5.792, 5.5, 6.4, 7.047, 6.4, 4.787, 3.838, 3.389, 4.584, 5.561, 4.185, 3.233, 2.644, 2.416, 2.006, 2.117, 2.988, 3.026, 3.122, 4.025, 4.238, 3.413, 4.279, 6.315, 7.57, 8.017, 6.467, 3.927, 3.277, 2.888, 3.052, 2.548, 2.992, 2.535, 2.309, 4.049, 4.581, 5.343, 5.47, 5.567, 7.11, 7.809, 9.096, 9.823, 10.177, 11.26, 12.844, 12.97, 12.611, 12.766, 13.716, 13.999, 14.87, 15.291, 16.132, 17.309, 17.302, 17.146, 17.065, 15.999, 13.813, 11.919, 10.44, 8.948, 8.231, 9.123, 8.847, 6.815, 4.761, 4.075, 4.604, 3.853], [2.014, 1.002, 0.0, 1.634, 2.058, 2.143, 2.235, 2.926, 2.961, 2.752, 3.655, 4.011, 3.92, 5.561, 6.404, 6.278, 6.796, 7.701, 7.308, 6.818, 6.128, 5.011, 5.278, 4.565, 4.577, 4.74, 5.964, 6.487, 6.408, 6.399, 6.071, 4.926, 3.366, 3.386, 4.676, 4.704, 3.823, 4.118, 5.184, 8.348, 11.495, 9.83, 7.853, 6.797, 7.563, 7.259, 5.067, 5.251, 6.573, 4.191, 3.759, 5.453, 4.898, 4.483, 4.373, 3.516, 3.612, 3.811, 3.755, 3.551, 3.108, 3.475, 3.378, 3.41, 3.097, 3.205, 3.119, 6.836, 9.465, 7.241, 6.808, 6.61, 6.373, 6.45, 6.28, 7.122, 7.736, 7.135, 5.567, 4.635, 4.124, 5.27, 6.266, 4.888, 3.98, 3.403, 3.069, 2.126, 2.209, 3.559, 3.674, 3.587, 4.633, 4.972, 4.188, 4.987, 6.998, 8.284, 8.743, 7.192, 4.704, 4.025, 3.524, 3.825, 3.27, 3.748, 3.169, 2.834, 4.663, 5.121, 5.833, 5.981, 6.078, 7.621, 8.287, 9.48, 10.063, 10.434, 11.522, 13.038, 13.044, 12.901, 13.031, 13.935, 13.924, 14.746, 15.324, 16.139, 17.066, 17.093, 16.962, 16.831, 15.849, 13.895, 11.763, 10.009, 8.479, 7.684, 8.62, 8.275, 6.337, 5.051, 4.381, 4.44, 3.911], [3.217, 2.18, 1.634, 0.0, 1.504, 2.33, 2.141, 2.526, 3.126, 2.86, 3.033, 3.363, 3.059, 4.544, 5.374, 5.16, 5.692, 6.68, 6.471, 5.763, 5.258, 4.199, 4.496, 3.795, 3.81, 4.305, 6.171, 7.03, 6.715, 6.695, 6.583, 5.485, 3.766, 4.005, 5.276, 5.444, 4.331, 4.619, 5.898, 9.523, 12.73, 11.048, 9.06, 7.997, 8.767, 8.457, 6.281, 6.468, 7.824, 5.458, 4.786, 6.566, 5.686, 5.153, 5.168, 3.761, 3.379, 3.727, 3.517, 2.93, 2.692, 3.077, 3.127, 3.191, 3.377, 3.034, 2.568, 7.404, 9.819, 7.544, 6.77, 6.8, 6.793, 7.088, 7.341, 8.211, 8.907, 8.244, 6.431, 5.512, 5.207, 6.369, 7.442, 6.048, 5.168, 4.379, 4.026, 2.851, 3.008, 4.689, 4.684, 4.58, 5.73, 5.874, 5.219, 6.158, 8.163, 9.41, 9.846, 8.278, 5.574, 4.726, 4.435, 4.702, 4.29, 4.858, 4.25, 3.357, 5.125, 5.544, 5.645, 5.592, 5.941, 7.272, 7.679, 8.753, 9.262, 9.642, 10.727, 12.234, 12.25, 12.109, 12.229, 13.126, 13.199, 14.008, 14.529, 15.378, 16.328, 16.36, 16.231, 16.062, 15.127, 13.091, 11.035, 9.178, 7.587, 6.839, 7.72, 7.282, 5.443, 4.263, 3.725, 3.701, 3.204], [3.488, 2.616, 2.058, 1.504, 0.0, 1.289, 1.605, 1.826, 2.647, 2.472, 3.318, 3.621, 3.262, 4.558, 5.079, 5.013, 5.621, 6.677, 6.478, 5.812, 5.397, 4.709, 4.941, 4.278, 4.28, 4.34, 5.858, 6.638, 6.372, 6.375, 6.166, 5.114, 3.41, 3.763, 4.859, 5.02, 3.924, 4.22, 5.719, 9.542, 12.853, 11.151, 9.193, 8.105, 8.874, 8.52, 6.181, 6.601, 7.95, 5.653, 4.814, 6.426, 5.391, 4.865, 4.944, 3.478, 3.31, 3.474, 3.424, 2.764, 2.649, 3.029, 3.052, 3.116, 3.093, 2.795, 2.642, 7.009, 9.481, 7.216, 6.522, 6.531, 6.438, 6.655, 7.215, 8.224, 8.906, 8.047, 6.184, 5.202, 4.854, 6.068, 7.234, 6.02, 5.126, 4.273, 3.871, 2.799, 2.969, 4.732, 4.965, 4.795, 5.722, 5.933, 5.141, 6.184, 8.129, 9.336, 9.607, 8.165, 5.385, 4.489, 4.333, 4.533, 4.171, 4.892, 4.226, 3.233, 4.822, 5.127, 5.495, 5.613, 5.789, 7.223, 7.884, 9.101, 9.719, 10.07, 11.183, 12.715, 12.718, 12.541, 12.692, 13.6, 13.558, 14.314, 14.996, 15.81, 16.538, 16.629, 16.486, 16.325, 15.453, 13.569, 11.372, 9.161, 7.584, 6.997, 7.601, 7.237, 5.501, 4.698, 4.014, 4.096, 3.638], [3.057, 2.384, 2.143, 2.33, 1.289, 0.0, 1.962, 2.091, 2.553, 2.906, 3.845, 4.111, 3.81, 4.979, 5.755, 5.574, 6.161, 7.189, 7.045, 6.413, 5.949, 5.361, 5.446, 4.894, 4.806, 4.686, 5.622, 6.066, 6.012, 6.036, 5.731, 4.658, 3.345, 3.409, 4.193, 4.391, 3.471, 3.674, 5.147, 8.827, 12.047, 10.351, 8.396, 7.303, 8.128, 7.791, 5.395, 5.824, 7.167, 5.093, 4.173, 5.768, 4.81, 4.551, 4.664, 3.608, 3.672, 3.756, 3.771, 3.13, 3.054, 3.394, 3.484, 3.383, 3.015, 3.152, 3.077, 6.301, 9.065, 6.839, 6.531, 6.259, 5.941, 6.015, 6.473, 7.492, 8.176, 7.344, 5.538, 4.495, 4.145, 5.487, 6.559, 5.515, 4.515, 3.537, 3.353, 2.494, 2.558, 4.273, 4.489, 4.371, 5.286, 5.179, 4.551, 5.455, 7.397, 8.627, 8.922, 7.431, 4.698, 3.846, 3.79, 3.704, 3.52, 4.183, 3.654, 3.117, 4.451, 4.774, 5.74, 5.798, 5.9, 7.449, 8.255, 9.5, 10.167, 10.534, 11.624, 13.135, 13.138, 12.995, 13.134, 14.035, 13.981, 14.832, 15.426, 16.228, 16.95, 17.047, 16.904, 16.747, 15.9, 13.989, 11.794, 9.595, 7.994, 7.425, 8.134, 7.833, 5.955, 5.197, 4.523, 4.579, 4.21], [3.52, 2.778, 2.235, 2.141, 1.605, 1.962, 0.0, 1.444, 1.684, 1.77, 2.457, 2.713, 2.296, 3.634, 4.699, 4.447, 5.016, 6.197, 5.829, 5.221, 4.665, 3.955, 4.043, 3.447, 3.393, 3.391, 4.666, 5.461, 5.205, 5.218, 5.146, 4.311, 2.708, 2.918, 3.883, 4.233, 3.058, 3.302, 5.298, 9.042, 12.218, 10.659, 8.7, 7.653, 8.503, 8.035, 5.594, 6.108, 7.418, 5.469, 4.564, 5.913, 4.941, 4.283, 4.557, 2.805, 2.392, 2.524, 2.49, 1.993, 1.827, 2.226, 2.029, 2.133, 2.354, 2.044, 2.042, 5.792, 8.222, 5.984, 5.373, 5.445, 5.22, 5.6, 6.645, 7.681, 8.367, 7.314, 5.443, 4.484, 4.092, 5.546, 6.576, 5.878, 4.813, 3.746, 3.664, 2.787, 3.126, 4.529, 5.016, 5.003, 5.489, 5.428, 4.708, 5.725, 7.575, 8.725, 8.94, 7.59, 4.909, 3.915, 3.87, 3.996, 3.911, 4.462, 3.897, 3.041, 4.061, 3.917, 4.474, 4.579, 4.632, 6.139, 6.807, 8.033, 8.574, 8.948, 10.036, 11.549, 11.526, 11.408, 11.629, 12.471, 12.486, 13.181, 13.834, 14.567, 15.272, 15.338, 15.224, 15.027, 14.265, 12.415, 10.108, 8.138, 6.473, 5.896, 6.811, 6.577, 4.541, 3.719, 3.02, 3.138, 2.683], [4.255, 3.484, 2.926, 2.526, 1.826, 2.091, 1.444, 0.0, 1.672, 1.922, 2.5, 2.918, 2.436, 3.18, 3.945, 3.712, 4.311, 5.446, 5.236, 4.638, 4.115, 3.618, 3.75, 3.115, 3.091, 3.393, 4.709, 5.917, 5.529, 5.357, 5.785, 5.083, 3.306, 3.524, 4.617, 4.936, 3.665, 4.014, 6.27, 10.071, 13.298, 11.684, 9.744, 8.638, 9.443, 9.074, 6.655, 7.13, 8.49, 6.407, 5.43, 6.981, 5.735, 4.996, 5.352, 3.273, 2.682, 2.951, 2.911, 2.265, 2.247, 2.431, 1.993, 2.421, 3.258, 2.756, 2.255, 6.318, 8.372, 6.137, 5.405, 5.402, 5.408, 6.269, 7.645, 8.729, 9.351, 8.202, 6.386, 5.468, 4.925, 6.362, 7.584, 6.75, 5.764, 4.761, 4.466, 3.499, 3.619, 5.276, 5.482, 5.464, 6.385, 6.499, 5.602, 6.675, 8.598, 9.786, 10.001, 8.663, 5.91, 4.92, 4.801, 5.026, 4.719, 5.39, 4.722, 3.648, 4.271, 4.333, 4.277, 4.301, 4.445, 5.888, 6.612, 7.854, 8.336, 8.711, 9.788, 11.238, 11.212, 11.2, 11.324, 12.19, 12.148, 12.943, 13.56, 14.291, 14.997, 15.109, 14.986, 14.772, 14.025, 12.12, 9.853, 7.702, 6.082, 5.549, 6.316, 5.952, 4.109, 3.547, 3.279, 3.019, 2.475], [3.112, 3.096, 2.961, 3.126, 2.647, 2.553, 1.684, 1.672, 0.0, 1.245, 2.03, 2.295, 2.547, 4.005, 4.868, 4.656, 5.105, 6.381, 5.907, 5.41, 4.721, 3.428, 3.492, 3.172, 2.947, 2.799, 3.644, 4.596, 4.309, 4.161, 4.513, 3.824, 2.079, 2.144, 3.383, 3.664, 2.513, 2.855, 5.061, 8.857, 12.108, 10.472, 8.535, 7.462, 8.301, 7.825, 5.441, 5.932, 7.275, 5.114, 4.161, 5.757, 4.459, 3.706, 4.012, 2.119, 2.429, 2.598, 2.543, 1.903, 2.126, 2.134, 1.922, 2.003, 2.131, 2.126, 2.241, 5.025, 7.149, 4.97, 4.598, 4.413, 4.117, 5.033, 6.427, 7.515, 8.109, 6.969, 5.154, 4.238, 3.708, 5.167, 6.412, 5.523, 4.49, 3.502, 3.234, 2.509, 2.905, 4.101, 4.548, 4.748, 5.193, 5.256, 4.395, 5.435, 7.415, 8.621, 8.835, 7.449, 4.696, 3.733, 3.673, 3.84, 3.671, 4.06, 3.473, 2.581, 3.107, 3.018, 3.705, 3.564, 3.655, 5.166, 6.09, 7.437, 8.211, 8.529, 9.66, 11.255, 11.308, 11.01, 11.188, 12.103, 12.268, 13.112, 13.62, 14.433, 15.262, 15.323, 15.191, 15.021, 14.198, 12.146, 10.042, 8.085, 6.538, 6.019, 6.765, 6.684, 4.484, 3.456, 3.129, 3.324, 2.548], [3.283, 2.927, 2.752, 2.86, 2.472, 2.906, 1.77, 1.922, 1.245, 0.0, 1.456, 1.759, 2.18, 4.047, 4.814, 4.632, 5.077, 6.385, 5.804, 5.409, 4.613, 2.87, 2.928, 2.595, 2.367, 2.323, 3.719, 4.512, 4.319, 4.18, 4.335, 3.721, 1.916, 2.083, 3.379, 3.717, 2.695, 2.969, 5.066, 8.823, 12.175, 10.489, 8.555, 7.436, 8.199, 7.882, 5.491, 5.967, 7.324, 5.023, 4.279, 5.677, 4.473, 3.699, 3.918, 1.866, 1.873, 2.152, 2.185, 2.248, 1.915, 1.755, 1.549, 1.942, 2.164, 1.668, 2.188, 4.905, 7.158, 4.921, 4.416, 4.39, 4.271, 5.108, 6.475, 7.566, 8.122, 7.045, 5.176, 4.298, 3.897, 5.109, 6.459, 5.611, 4.513, 3.641, 3.064, 2.925, 3.479, 4.368, 5.016, 5.2, 5.218, 5.289, 4.426, 5.58, 7.511, 8.683, 8.901, 7.515, 4.733, 3.812, 3.798, 3.98, 3.906, 4.194, 3.549, 2.694, 3.119, 2.898, 3.238, 3.299, 3.417, 4.921, 5.656, 6.89, 7.623, 7.981, 9.077, 10.632, 10.677, 10.422, 10.584, 11.496, 11.769, 12.396, 12.952, 13.8, 14.73, 14.759, 14.625, 14.495, 13.517, 11.517, 9.431, 7.883, 6.561, 5.959, 6.664, 6.747, 4.349, 2.918, 2.588, 2.687, 2.032], [3.931, 3.493, 3.655, 3.033, 3.318, 3.845, 2.457, 2.5, 2.03, 1.456, 0.0, 1.006, 1.617, 3.565, 4.535, 4.411, 4.835, 6.068, 5.653, 5.341, 4.485, 2.647, 2.114, 2.163, 1.677, 1.578, 3.578, 4.501, 4.246, 4.087, 4.498, 3.931, 2.431, 2.541, 3.73, 4.314, 3.08, 3.444, 5.348, 8.918, 12.263, 10.577, 8.659, 7.697, 8.384, 8.262, 5.711, 6.381, 7.606, 5.655, 4.857, 5.99, 5.143, 4.315, 4.523, 2.39, 1.575, 1.977, 1.699, 1.755, 1.573, 1.589, 1.358, 1.576, 2.734, 1.821, 1.938, 4.964, 6.974, 4.801, 4.121, 4.205, 4.304, 5.195, 6.563, 7.655, 8.198, 7.08, 5.511, 4.549, 4.214, 5.632, 6.736, 6.313, 5.061, 4.224, 3.768, 3.69, 4.303, 4.798, 5.444, 5.646, 5.9, 5.486, 4.996, 6.027, 7.953, 8.772, 8.99, 7.607, 5.231, 4.313, 4.318, 4.426, 4.526, 4.69, 3.97, 3.285, 3.694, 2.966, 2.779, 2.731, 3.049, 4.289, 4.716, 5.968, 6.831, 7.386, 8.141, 9.718, 9.793, 9.467, 9.628, 10.577, 11.069, 11.671, 12.11, 12.944, 14.097, 14.153, 13.993, 13.913, 12.816, 10.635, 8.769, 7.653, 6.076, 5.558, 6.432, 6.588, 3.984, 2.033, 1.72, 2.079, 1.534], [3.901, 3.705, 4.011, 3.363, 3.621, 4.111, 2.713, 2.918, 2.295, 1.759, 1.006, 0.0, 1.587, 3.703, 4.781, 4.762, 5.113, 6.298, 5.899, 5.579, 4.884, 2.799, 2.117, 2.443, 1.89, 1.555, 3.332, 4.284, 4.006, 3.896, 4.176, 3.598, 2.196, 2.326, 3.332, 4.05, 2.908, 3.088, 5.048, 8.567, 11.918, 10.239, 8.335, 7.42, 8.16, 7.89, 5.33, 6.034, 7.22, 5.356, 4.593, 5.663, 4.855, 4.046, 4.247, 2.126, 1.483, 1.853, 1.769, 1.883, 1.75, 1.522, 1.505, 1.555, 2.362, 1.626, 2.078, 4.806, 6.868, 4.634, 3.894, 3.969, 4.04, 4.842, 6.218, 7.31, 7.832, 6.71, 5.139, 4.145, 3.877, 5.25, 6.376, 6.059, 4.829, 3.936, 3.609, 3.947, 4.532, 4.844, 5.545, 5.763, 5.656, 5.121, 4.763, 5.668, 7.577, 8.433, 8.645, 7.268, 4.921, 3.925, 3.949, 4.04, 4.215, 4.304, 3.763, 3.178, 3.473, 2.756, 2.629, 2.551, 2.881, 4.106, 4.431, 5.69, 6.573, 7.123, 7.903, 9.455, 9.548, 9.224, 9.435, 10.344, 10.969, 11.492, 11.857, 12.703, 14.116, 14.057, 13.88, 13.81, 12.755, 10.455, 8.705, 7.78, 6.26, 5.805, 6.602, 6.895, 4.288, 1.772, 1.538, 1.851, 1.563], [4.942, 4.451, 3.92, 3.059, 3.262, 3.81, 2.296, 2.436, 2.547, 2.18, 1.617, 1.587, 0.0, 2.371, 3.563, 3.622, 3.991, 5.086, 4.765, 4.425, 3.889, 2.578, 2.551, 2.025, 1.856, 2.471, 4.489, 5.497, 5.166, 5.068, 5.303, 4.878, 3.449, 3.605, 4.66, 5.303, 4.071, 4.234, 6.231, 9.736, 13.085, 11.411, 9.568, 8.718, 9.486, 9.167, 6.521, 7.275, 8.417, 6.666, 5.812, 6.968, 6.111, 5.31, 5.501, 3.316, 2.194, 2.581, 2.369, 1.798, 1.634, 1.599, 1.791, 2.276, 3.527, 2.379, 2.482, 5.818, 7.947, 5.751, 4.948, 5.085, 5.297, 6.038, 7.385, 8.477, 8.993, 7.893, 6.237, 5.222, 5.016, 6.477, 7.7, 7.34, 6.131, 5.189, 4.82, 4.352, 4.731, 5.792, 6.459, 6.67, 6.897, 6.436, 6.047, 6.909, 8.778, 9.594, 9.812, 8.425, 6.234, 5.175, 5.036, 5.161, 5.419, 5.545, 4.953, 4.219, 4.653, 3.996, 3.552, 3.6, 3.98, 5.05, 5.273, 6.168, 6.677, 7.25, 7.995, 9.469, 9.473, 9.337, 9.545, 10.392, 10.522, 11.273, 11.753, 12.577, 13.401, 13.445, 13.316, 13.146, 12.248, 10.324, 8.195, 6.597, 5.093, 4.693, 5.449, 5.751, 3.277, 2.035, 2.171, 1.634, 1.931], [6.916, 6.15, 5.561, 4.544, 4.558, 4.979, 3.634, 3.18, 4.005, 4.047, 3.565, 3.703, 2.371, 0.0, 1.686, 1.711, 2.308, 3.146, 2.971, 2.829, 2.509, 2.728, 3.115, 2.451, 2.764, 4.368, 6.392, 7.502, 7.247, 6.941, 7.509, 7.155, 5.601, 5.816, 6.805, 7.308, 5.978, 6.133, 8.381, 11.931, 15.204, 13.618, 11.786, 10.929, 11.733, 11.301, 8.686, 9.447, 10.555, 8.894, 7.874, 9.241, 8.158, 7.353, 7.62, 5.489, 4.276, 4.62, 4.398, 3.388, 3.651, 3.389, 3.613, 4.153, 5.614, 4.486, 3.932, 7.562, 9.576, 7.409, 6.879, 6.922, 7.129, 8.128, 9.504, 10.596, 11.112, 10.009, 8.274, 7.27, 6.831, 8.588, 9.897, 9.376, 8.273, 7.245, 7.019, 6.134, 6.283, 7.698, 8.11, 8.179, 8.892, 8.671, 8.099, 8.955, 10.848, 11.744, 11.931, 10.544, 8.372, 7.191, 7.008, 7.05, 7.28, 7.67, 7.099, 6.164, 6.56, 5.819, 4.808, 4.913, 5.426, 6.031, 5.909, 6.461, 6.351, 6.942, 7.683, 8.838, 8.965, 9.001, 9.297, 10.013, 9.77, 10.341, 10.969, 11.655, 12.018, 12.186, 11.996, 11.847, 11.13, 9.59, 7.2, 5.023, 3.457, 2.996, 3.953, 3.876, 2.39, 2.97, 4.335, 2.805, 3.342], [7.701, 7.026, 6.404, 5.374, 5.079, 5.755, 4.699, 3.945, 4.868, 4.814, 4.535, 4.781, 3.563, 1.686, 0.0, 1.162, 1.453, 2.351, 2.088, 2.409, 2.184, 3.0, 3.741, 2.804, 3.499, 5.513, 7.664, 8.677, 8.401, 8.183, 8.653, 8.151, 6.497, 6.69, 7.838, 8.134, 6.943, 7.165, 9.456, 13.204, 16.526, 14.859, 12.956, 11.975, 12.774, 12.378, 9.896, 10.492, 11.732, 9.732, 8.735, 10.231, 9.032, 8.266, 8.481, 6.329, 5.331, 5.852, 5.719, 4.702, 4.856, 4.613, 4.663, 5.267, 6.607, 5.651, 5.02, 8.8, 10.837, 8.734, 8.155, 8.275, 8.419, 9.456, 10.833, 11.924, 12.445, 11.34, 9.359, 8.468, 7.896, 9.532, 10.958, 10.244, 9.235, 8.17, 7.834, 6.959, 7.181, 8.579, 9.023, 9.14, 9.751, 9.775, 9.085, 10.001, 11.896, 13.032, 13.25, 11.87, 9.349, 8.218, 8.084, 8.255, 8.185, 8.681, 8.005, 7.002, 7.478, 6.897, 5.978, 6.061, 6.637, 7.199, 6.879, 7.01, 6.365, 6.969, 7.722, 8.659, 9.057, 9.105, 9.273, 9.894, 9.469, 9.983, 10.784, 11.308, 11.606, 11.825, 11.61, 11.456, 10.815, 9.333, 6.992, 4.203, 2.858, 2.526, 2.849, 2.828, 2.068, 4.009, 5.473, 3.866, 4.208], [7.545, 6.874, 6.278, 5.16, 5.013, 5.574, 4.447, 3.712, 4.656, 4.632, 4.411, 4.762, 3.622, 1.711, 1.162, 0.0, 0.962, 2.31, 1.957, 1.894, 1.499, 2.638, 3.342, 2.69, 3.287, 5.479, 7.636, 8.651, 8.421, 8.218, 8.725, 8.101, 6.281, 6.508, 7.764, 8.02, 6.808, 7.176, 9.402, 13.202, 16.517, 14.83, 12.893, 11.806, 12.649, 12.276, 9.848, 10.343, 11.667, 9.549, 8.582, 10.056, 8.84, 8.043, 8.329, 6.166, 5.241, 5.836, 5.695, 4.671, 4.784, 4.589, 4.583, 5.229, 6.478, 5.607, 5.047, 8.878, 10.898, 8.767, 8.208, 8.315, 8.392, 9.449, 10.807, 11.905, 12.463, 11.345, 9.349, 8.464, 7.847, 9.474, 10.828, 10.001, 8.969, 7.98, 7.645, 6.783, 7.011, 8.402, 8.879, 8.896, 9.578, 9.666, 8.832, 9.873, 11.824, 13.026, 13.242, 11.853, 9.138, 8.141, 8.07, 8.229, 8.062, 8.569, 7.815, 6.872, 7.278, 6.946, 6.078, 6.108, 6.721, 7.267, 6.683, 6.463, 5.926, 6.535, 7.342, 8.377, 8.682, 8.729, 8.86, 9.564, 9.178, 9.681, 10.508, 11.152, 11.562, 11.744, 11.533, 11.381, 10.676, 9.114, 6.699, 4.224, 2.705, 2.133, 2.839, 2.642, 1.49, 3.908, 5.469, 3.785, 3.983], [7.993, 7.388, 6.796, 5.692, 5.621, 6.161, 5.016, 4.311, 5.105, 5.077, 4.835, 5.113, 3.991, 2.308, 1.453, 0.962, 0.0, 1.713, 1.45, 1.361, 1.167, 2.698, 3.481, 2.958, 3.511, 5.87, 8.02, 9.029, 8.811, 8.614, 9.077, 8.472, 6.751, 6.952, 8.149, 8.426, 7.265, 7.551, 9.793, 13.585, 16.916, 15.239, 13.316, 12.272, 13.053, 12.681, 10.244, 10.801, 12.082, 9.992, 8.965, 10.534, 9.224, 8.508, 8.783, 6.655, 5.729, 6.254, 6.083, 5.099, 5.216, 4.969, 4.98, 5.617, 6.885, 6.002, 5.507, 9.095, 11.162, 9.111, 8.551, 8.678, 8.805, 9.85, 11.221, 12.312, 12.84, 11.729, 9.778, 8.877, 8.28, 9.888, 11.257, 10.448, 9.469, 8.43, 8.084, 7.211, 7.53, 8.902, 9.398, 9.458, 10.082, 10.072, 9.334, 10.27, 12.24, 13.436, 13.641, 12.259, 9.598, 8.53, 8.42, 8.619, 8.519, 8.971, 8.249, 7.321, 7.735, 7.258, 6.311, 6.364, 6.829, 7.357, 6.58, 6.235, 5.311, 5.902, 6.695, 7.703, 8.05, 8.098, 8.238, 8.915, 8.49, 8.999, 9.833, 10.436, 10.933, 11.043, 10.897, 10.746, 9.964, 8.411, 6.028, 3.581, 2.055, 1.656, 2.265, 2.199, 1.197, 4.32, 5.865, 4.188, 4.492], [9.151, 8.275, 7.701, 6.68, 6.677, 7.189, 6.197, 5.446, 6.381, 6.385, 6.068, 6.298, 5.086, 3.146, 2.351, 2.31, 1.713, 0.0, 1.102, 1.436, 1.93, 3.959, 4.685, 4.258, 4.772, 6.99, 9.095, 10.194, 9.912, 9.665, 10.186, 9.751, 8.054, 8.23, 9.346, 9.693, 8.473, 8.652, 11.001, 14.673, 17.97, 16.32, 14.386, 13.507, 14.291, 13.807, 11.313, 11.968, 13.155, 11.294, 10.281, 11.806, 10.566, 9.84, 10.176, 8.038, 7.001, 7.408, 7.153, 6.106, 6.293, 6.073, 6.154, 6.709, 8.04, 7.08, 6.37, 10.11, 12.154, 10.09, 9.596, 9.692, 9.856, 10.894, 12.27, 13.362, 13.878, 12.762, 10.986, 10.039, 9.448, 11.081, 12.476, 11.72, 10.774, 9.731, 9.399, 8.297, 8.397, 10.115, 10.243, 10.312, 11.335, 11.288, 10.629, 11.52, 13.388, 14.479, 14.7, 13.31, 10.884, 9.674, 9.457, 9.665, 9.623, 10.132, 9.554, 8.354, 8.904, 8.415, 7.395, 7.359, 7.768, 8.129, 7.158, 6.405, 5.219, 5.579, 6.192, 7.08, 7.528, 7.597, 7.922, 8.34, 7.933, 8.524, 9.238, 9.805, 10.207, 10.435, 10.22, 10.07, 9.296, 7.763, 5.464, 2.809, 1.796, 1.646, 1.603, 1.681, 2.384, 5.519, 6.984, 5.423, 5.78], [8.573, 7.914, 7.308, 6.471, 6.478, 7.045, 5.829, 5.236, 5.907, 5.804, 5.653, 5.899, 4.765, 2.971, 2.088, 1.957, 1.45, 1.102, 0.0, 1.21, 1.498, 3.389, 4.286, 3.751, 4.369, 6.715, 8.853, 9.856, 9.59, 9.352, 9.808, 9.321, 7.481, 7.645, 8.925, 9.173, 8.033, 8.318, 10.63, 14.371, 17.721, 16.035, 14.112, 13.045, 13.887, 13.417, 11.033, 11.507, 12.871, 10.68, 9.766, 11.269, 10.04, 9.305, 9.552, 7.424, 6.575, 7.148, 6.91, 5.904, 6.002, 5.79, 5.773, 6.422, 7.597, 6.802, 6.172, 9.81, 11.87, 9.808, 9.327, 9.428, 9.607, 10.645, 12.021, 13.113, 13.629, 12.51, 10.657, 9.765, 9.153, 10.583, 12.032, 11.158, 10.209, 9.211, 8.777, 7.878, 8.129, 9.514, 9.89, 10.068, 10.723, 10.903, 10.099, 11.066, 13.028, 14.23, 14.448, 13.061, 10.374, 9.317, 9.183, 9.401, 9.117, 9.683, 9.037, 7.881, 8.367, 8.105, 7.12, 7.04, 7.443, 7.765, 6.772, 6.171, 5.042, 5.55, 6.322, 7.327, 7.674, 7.721, 7.943, 8.518, 8.152, 8.682, 9.458, 10.07, 10.292, 10.546, 10.321, 10.166, 9.575, 8.055, 5.638, 2.829, 1.706, 1.219, 1.546, 1.548, 2.001, 5.165, 6.626, 5.0, 5.242], [8.117, 7.501, 6.818, 5.763, 5.812, 6.413, 5.221, 4.638, 5.41, 5.409, 5.341, 5.579, 4.425, 2.829, 2.409, 1.894, 1.361, 1.436, 1.21, 0.0, 1.243, 2.959, 4.022, 3.476, 4.15, 6.388, 8.475, 9.591, 9.342, 8.971, 9.474, 9.032, 7.181, 7.303, 8.519, 8.767, 7.64, 7.902, 10.218, 13.869, 17.2, 15.589, 13.689, 12.662, 13.497, 12.959, 10.569, 11.142, 12.381, 10.257, 9.35, 10.934, 9.668, 9.033, 9.23, 7.184, 6.366, 6.78, 6.458, 5.375, 5.557, 5.345, 5.374, 5.995, 7.175, 6.412, 5.752, 9.52, 11.584, 9.519, 9.012, 9.017, 9.099, 10.147, 11.499, 12.591, 13.165, 12.088, 10.301, 9.408, 8.828, 10.293, 11.621, 10.719, 9.822, 8.786, 8.399, 7.392, 7.676, 9.209, 9.598, 9.629, 10.311, 10.47, 9.738, 10.631, 12.605, 13.728, 13.926, 12.539, 9.988, 8.867, 8.731, 8.882, 8.741, 9.229, 8.731, 7.508, 8.092, 7.787, 6.78, 6.83, 7.174, 7.536, 6.582, 5.949, 4.868, 5.355, 6.177, 7.342, 7.514, 7.546, 7.866, 8.512, 8.256, 8.888, 9.49, 10.223, 10.833, 10.945, 10.8, 10.651, 9.795, 8.103, 5.764, 3.556, 2.011, 1.732, 2.111, 2.072, 1.706, 4.864, 6.328, 4.728, 4.971], [7.371, 6.673, 6.128, 5.258, 5.397, 5.949, 4.665, 4.115, 4.721, 4.613, 4.485, 4.884, 3.889, 2.509, 2.184, 1.499, 1.167, 1.93, 1.498, 1.243, 0.0, 2.28, 3.099, 2.668, 3.295, 5.627, 7.754, 8.828, 8.542, 8.282, 8.825, 8.229, 6.331, 6.545, 7.741, 7.994, 6.756, 7.13, 9.421, 13.198, 16.497, 14.811, 12.878, 11.77, 12.588, 12.217, 9.813, 10.276, 11.647, 9.5, 8.562, 10.113, 8.867, 8.095, 8.393, 6.313, 5.415, 5.987, 5.733, 4.691, 4.778, 4.554, 4.548, 5.217, 6.44, 5.61, 5.065, 8.883, 10.969, 8.886, 8.304, 8.288, 8.385, 9.433, 10.797, 11.889, 12.444, 11.368, 9.561, 8.621, 8.007, 9.457, 10.825, 9.852, 8.896, 7.991, 7.565, 6.673, 6.998, 8.372, 8.749, 8.908, 9.528, 9.665, 8.769, 9.833, 11.798, 13.006, 13.224, 11.837, 9.134, 8.09, 7.982, 8.179, 7.913, 8.521, 7.831, 6.684, 7.225, 7.05, 6.109, 6.125, 6.572, 6.96, 6.141, 5.73, 5.009, 5.626, 6.456, 7.637, 7.806, 7.85, 7.982, 8.713, 8.429, 9.106, 9.807, 10.564, 11.154, 11.264, 11.113, 10.963, 10.121, 8.436, 6.102, 3.947, 2.424, 1.73, 2.674, 2.426, 1.105, 3.989, 5.554, 3.901, 4.033], [5.548, 5.099, 5.011, 4.199, 4.709, 5.361, 3.955, 3.618, 3.428, 2.87, 2.647, 2.799, 2.578, 2.728, 3.0, 2.638, 2.698, 3.959, 3.389, 2.959, 2.28, 0.0, 1.233, 1.181, 1.506, 3.628, 5.762, 6.824, 6.573, 6.288, 6.694, 6.115, 4.332, 4.448, 5.752, 5.998, 4.902, 5.24, 7.366, 11.189, 14.541, 12.854, 10.921, 9.83, 10.605, 10.231, 7.859, 8.378, 9.69, 7.43, 6.519, 8.089, 6.852, 6.174, 6.33, 4.277, 3.609, 4.076, 3.846, 3.629, 3.291, 2.878, 2.726, 3.463, 4.498, 3.756, 3.706, 7.029, 9.081, 6.976, 6.337, 6.351, 6.429, 7.47, 8.841, 9.932, 10.484, 9.406, 7.536, 6.658, 6.129, 7.486, 8.815, 8.017, 6.931, 5.949, 5.538, 5.365, 5.985, 6.613, 7.325, 7.513, 7.53, 7.673, 6.872, 7.843, 9.852, 11.049, 11.267, 9.88, 7.14, 6.18, 6.142, 6.273, 6.178, 6.498, 5.844, 4.951, 5.424, 5.128, 4.222, 4.268, 4.77, 5.279, 4.631, 5.163, 5.09, 5.54, 6.541, 8.081, 8.152, 7.927, 8.056, 8.944, 9.17, 9.945, 10.438, 11.296, 12.418, 12.375, 12.232, 12.121, 11.078, 8.993, 7.01, 5.525, 4.114, 3.505, 4.246, 4.345, 2.053, 2.027, 3.532, 2.495, 2.23], [5.394, 5.003, 5.278, 4.496, 4.941, 5.446, 4.043, 3.75, 3.492, 2.928, 2.114, 2.117, 2.551, 3.115, 3.741, 3.342, 3.481, 4.685, 4.286, 4.022, 3.099, 1.233, 0.0, 1.287, 1.22, 2.736, 4.794, 5.847, 5.571, 5.317, 5.882, 5.295, 3.727, 3.893, 5.027, 5.571, 4.387, 4.692, 6.637, 10.327, 13.627, 11.946, 10.041, 9.055, 9.785, 9.596, 7.044, 7.679, 8.923, 6.975, 6.135, 7.349, 6.329, 5.477, 5.797, 3.724, 2.855, 3.253, 3.082, 3.316, 3.026, 2.581, 2.467, 2.85, 4.017, 3.274, 3.529, 6.095, 8.1, 5.993, 5.339, 5.391, 5.516, 6.552, 7.928, 9.019, 9.545, 8.422, 6.745, 5.756, 5.386, 6.901, 8.084, 7.56, 6.315, 5.45, 5.128, 5.454, 6.086, 6.347, 6.948, 7.164, 7.155, 6.836, 6.221, 7.243, 9.165, 10.136, 10.354, 8.967, 6.468, 5.55, 5.547, 5.64, 5.726, 5.964, 5.239, 4.679, 4.964, 4.158, 3.242, 3.309, 3.831, 4.361, 3.805, 4.483, 5.024, 5.466, 6.355, 7.935, 8.06, 7.69, 7.852, 8.826, 9.361, 10.018, 10.384, 11.208, 12.615, 12.56, 12.385, 12.325, 11.272, 8.956, 7.204, 6.166, 4.633, 4.129, 5.035, 5.207, 2.586, 1.495, 2.706, 2.22, 1.865], [5.394, 4.897, 4.565, 3.795, 4.278, 4.894, 3.447, 3.115, 3.172, 2.595, 2.163, 2.443, 2.025, 2.451, 2.804, 2.69, 2.958, 4.258, 3.751, 3.476, 2.668, 1.181, 1.287, 0.0, 1.025, 3.247, 5.389, 6.405, 6.171, 5.968, 6.374, 5.75, 4.124, 4.309, 5.527, 5.845, 4.644, 5.052, 7.135, 10.952, 14.303, 12.617, 10.684, 9.616, 10.331, 10.156, 7.619, 8.169, 9.5, 7.369, 6.442, 7.835, 6.736, 5.898, 6.082, 3.952, 3.061, 3.662, 3.47, 3.139, 2.877, 2.478, 2.454, 3.147, 4.42, 3.438, 3.37, 6.525, 8.586, 6.494, 5.93, 6.041, 6.189, 7.228, 8.603, 9.695, 10.211, 9.095, 7.198, 6.292, 5.737, 7.299, 8.633, 7.968, 6.804, 5.816, 5.407, 5.072, 5.597, 6.292, 6.973, 7.163, 7.374, 7.425, 6.663, 7.692, 9.659, 10.812, 11.03, 9.643, 6.989, 6.047, 6.024, 6.099, 6.103, 6.484, 5.625, 4.845, 5.263, 4.674, 3.729, 3.779, 4.323, 4.85, 4.545, 5.211, 5.557, 6.004, 7.009, 8.499, 8.505, 8.389, 8.509, 9.408, 9.419, 10.239, 10.787, 11.61, 12.667, 12.682, 12.542, 12.422, 11.361, 9.353, 7.308, 5.896, 4.253, 3.666, 4.692, 4.712, 2.384, 1.907, 3.203, 2.091, 1.775], [5.076, 4.578, 4.577, 3.81, 4.28, 4.806, 3.393, 3.091, 2.947, 2.367, 1.677, 1.89, 1.856, 2.764, 3.499, 3.287, 3.511, 4.772, 4.369, 4.15, 3.295, 1.506, 1.22, 1.025, 0.0, 2.599, 4.739, 5.769, 5.501, 5.35, 5.815, 5.177, 3.652, 3.786, 4.983, 5.485, 4.229, 4.585, 6.627, 10.333, 13.653, 11.967, 10.034, 9.009, 9.726, 9.556, 6.985, 7.56, 8.847, 6.94, 6.006, 7.292, 6.212, 5.392, 5.653, 3.484, 2.523, 3.019, 2.884, 2.807, 2.475, 2.094, 1.992, 2.639, 3.905, 2.901, 3.004, 5.944, 7.995, 5.863, 5.316, 5.424, 5.54, 6.578, 7.954, 9.045, 9.561, 8.442, 6.675, 5.687, 5.248, 6.785, 8.059, 7.493, 6.281, 5.395, 5.009, 4.931, 5.472, 5.983, 6.596, 6.85, 7.029, 6.803, 6.17, 7.167, 9.102, 10.169, 10.38, 8.993, 6.472, 5.514, 5.46, 5.543, 5.639, 5.918, 5.158, 4.402, 4.759, 4.088, 3.189, 3.198, 3.716, 4.296, 4.143, 5.064, 5.607, 6.083, 7.016, 8.529, 8.567, 8.376, 8.525, 9.437, 9.629, 10.449, 10.856, 11.711, 12.864, 12.887, 12.731, 12.652, 11.55, 9.402, 7.505, 6.217, 4.69, 4.156, 5.14, 5.302, 2.786, 1.69, 2.702, 1.876, 1.408], [4.322, 4.244, 4.74, 4.305, 4.34, 4.686, 3.391, 3.393, 2.799, 2.323, 1.578, 1.555, 2.471, 4.368, 5.513, 5.479, 5.87, 6.99, 6.715, 6.388, 5.627, 3.628, 2.736, 3.247, 2.599, 0.0, 2.625, 3.929, 3.367, 3.022, 3.892, 3.524, 2.293, 2.335, 3.458, 4.262, 3.092, 3.153, 5.194, 7.81, 11.076, 9.52, 7.876, 7.223, 7.986, 7.721, 5.25, 5.994, 7.166, 5.496, 4.871, 5.655, 4.937, 4.175, 4.429, 2.529, 1.651, 1.436, 1.521, 2.028, 1.996, 1.796, 1.812, 1.7, 2.611, 1.922, 2.624, 4.285, 5.802, 3.828, 3.159, 3.134, 3.229, 4.131, 5.376, 6.471, 6.987, 6.063, 5.074, 3.998, 3.882, 5.358, 6.333, 6.192, 4.918, 4.208, 3.899, 4.484, 5.133, 5.126, 5.792, 5.992, 5.948, 5.072, 4.892, 5.835, 7.601, 7.923, 7.966, 6.668, 5.057, 3.911, 3.878, 4.039, 4.328, 4.338, 3.995, 3.343, 3.661, 2.346, 1.611, 1.815, 2.122, 2.995, 3.816, 5.48, 6.92, 7.573, 8.006, 9.187, 9.277, 8.978, 9.235, 10.445, 11.344, 11.742, 11.675, 12.629, 13.802, 13.75, 13.586, 13.512, 12.473, 10.133, 8.709, 8.371, 6.928, 6.535, 7.422, 7.734, 5.062, 2.388, 1.547, 2.424, 2.204], [4.565, 5.431, 5.964, 6.171, 5.858, 5.622, 4.666, 4.709, 3.644, 3.719, 3.578, 3.332, 4.489, 6.392, 7.664, 7.636, 8.02, 9.095, 8.853, 8.475, 7.754, 5.762, 4.794, 5.389, 4.739, 2.625, 0.0, 2.084, 1.464, 1.355, 2.01, 1.98, 2.659, 2.7, 2.151, 2.97, 2.473, 2.314, 3.739, 6.015, 9.026, 7.555, 5.888, 5.248, 6.056, 5.658, 3.544, 4.277, 5.424, 4.076, 3.768, 3.933, 3.354, 2.42, 2.91, 2.754, 3.107, 2.954, 2.907, 3.839, 3.874, 3.757, 3.504, 3.136, 2.923, 3.223, 3.984, 2.325, 3.793, 1.86, 1.928, 1.505, 1.185, 2.036, 3.473, 4.521, 5.017, 3.879, 3.269, 2.484, 3.018, 3.767, 4.678, 4.509, 3.321, 3.385, 3.696, 4.516, 5.147, 4.56, 4.919, 4.856, 4.49, 3.369, 3.309, 4.54, 5.751, 5.898, 5.959, 4.739, 3.287, 2.486, 2.738, 2.916, 3.516, 3.329, 3.3, 3.278, 2.288, 1.64, 2.531, 2.303, 2.222, 3.112, 4.782, 6.648, 8.386, 8.897, 9.203, 10.256, 10.469, 9.861, 10.237, 11.72, 13.509, 13.598, 13.321, 13.831, 15.489, 15.458, 15.261, 15.215, 14.464, 11.687, 10.342, 10.393, 8.883, 8.616, 9.568, 9.811, 7.167, 4.135, 2.825, 4.413, 4.196], [4.826, 5.833, 6.487, 7.03, 6.638, 6.066, 5.461, 5.917, 4.596, 4.512, 4.501, 4.284, 5.497, 7.502, 8.677, 8.651, 9.029, 10.194, 9.856, 9.591, 8.828, 6.824, 5.847, 6.405, 5.769, 3.929, 2.084, 0.0, 1.093, 1.632, 0.986, 1.693, 3.312, 3.164, 2.109, 2.329, 2.813, 2.626, 2.82, 4.803, 8.049, 6.434, 4.689, 4.07, 4.635, 4.379, 3.38, 4.1, 4.52, 3.914, 3.759, 2.888, 2.766, 2.226, 2.459, 3.448, 4.299, 4.313, 4.431, 5.261, 5.14, 5.019, 4.832, 4.465, 4.012, 4.427, 5.318, 1.544, 3.073, 1.969, 1.625, 2.038, 1.794, 1.833, 3.469, 3.732, 4.018, 2.97, 2.155, 2.692, 3.43, 3.098, 3.682, 3.413, 3.241, 3.424, 3.856, 4.772, 5.24, 4.591, 4.693, 4.578, 3.829, 2.929, 3.009, 4.161, 4.919, 4.645, 4.783, 3.857, 2.753, 2.784, 3.316, 3.29, 3.773, 3.268, 3.494, 3.908, 2.041, 2.208, 3.813, 3.247, 3.442, 4.627, 5.968, 7.916, 9.673, 10.197, 10.51, 11.758, 11.914, 11.196, 11.361, 12.95, 14.583, 14.541, 14.503, 14.936, 17.115, 16.95, 16.683, 16.768, 15.947, 13.233, 11.794, 11.413, 9.968, 9.587, 10.494, 10.747, 8.218, 5.456, 4.034, 5.597, 5.347], [4.816, 5.807, 6.408, 6.715, 6.372, 6.012, 5.205, 5.529, 4.309, 4.319, 4.246, 4.006, 5.166, 7.247, 8.401, 8.421, 8.811, 9.912, 9.59, 9.342, 8.542, 6.573, 5.571, 6.171, 5.501, 3.367, 1.464, 1.093, 0.0, 1.215, 1.139, 1.844, 3.146, 3.098, 2.014, 2.253, 2.607, 2.51, 2.898, 5.055, 8.247, 6.623, 4.886, 4.187, 5.016, 4.798, 3.239, 3.884, 4.674, 3.901, 3.772, 2.976, 2.644, 2.091, 2.38, 3.193, 3.722, 3.779, 3.831, 4.773, 4.66, 4.621, 4.376, 4.026, 3.655, 3.991, 4.912, 1.851, 3.146, 1.684, 1.738, 1.582, 1.367, 1.57, 3.111, 3.677, 4.22, 3.039, 2.336, 2.634, 3.323, 3.045, 3.835, 3.593, 3.215, 3.415, 3.858, 4.748, 5.261, 4.546, 4.648, 4.525, 3.813, 2.831, 2.98, 4.036, 4.939, 5.07, 5.068, 4.027, 2.622, 2.672, 3.167, 3.28, 3.694, 3.163, 3.47, 3.749, 1.974, 2.028, 3.309, 2.865, 3.059, 4.09, 5.481, 7.425, 9.373, 9.905, 10.206, 11.188, 11.401, 10.678, 10.878, 12.62, 14.267, 14.28, 14.024, 14.51, 16.576, 16.407, 16.15, 16.247, 15.452, 12.728, 11.327, 11.149, 9.677, 9.332, 10.28, 10.552, 7.969, 5.031, 3.513, 5.14, 4.971], [4.838, 5.822, 6.399, 6.695, 6.375, 6.036, 5.218, 5.357, 4.161, 4.18, 4.087, 3.896, 5.068, 6.941, 8.183, 8.218, 8.614, 9.665, 9.352, 8.971, 8.282, 6.288, 5.317, 5.968, 5.35, 3.022, 1.355, 1.632, 1.215, 0.0, 1.574, 1.864, 3.195, 3.159, 2.086, 2.6, 2.67, 2.463, 3.233, 5.24, 8.399, 7.129, 5.497, 4.838, 5.613, 5.335, 3.369, 4.198, 5.017, 3.97, 3.815, 3.349, 3.075, 2.286, 2.623, 3.281, 3.835, 3.52, 3.706, 4.525, 4.617, 4.385, 4.259, 3.926, 3.705, 4.082, 4.84, 1.951, 3.213, 1.878, 2.098, 1.05, 0.96, 1.618, 2.962, 3.859, 4.328, 3.603, 2.759, 2.648, 3.575, 3.346, 4.298, 3.929, 3.362, 3.531, 3.91, 4.765, 5.297, 4.638, 4.828, 4.764, 4.094, 3.077, 3.192, 4.344, 5.465, 5.394, 5.371, 4.068, 3.042, 2.77, 3.161, 3.171, 3.883, 3.295, 3.53, 3.773, 2.249, 2.219, 2.902, 2.966, 2.765, 3.647, 5.254, 7.357, 9.199, 9.735, 9.979, 11.079, 11.11, 10.672, 11.069, 12.445, 14.037, 14.117, 13.696, 14.448, 16.098, 15.99, 15.72, 15.723, 14.836, 12.304, 11.207, 11.052, 9.587, 9.225, 10.073, 10.401, 7.7, 4.952, 3.437, 4.957, 4.799], [4.371, 5.46, 6.071, 6.583, 6.166, 5.731, 5.146, 5.785, 4.513, 4.335, 4.498, 4.176, 5.303, 7.509, 8.653, 8.725, 9.077, 10.186, 9.808, 9.474, 8.825, 6.694, 5.882, 6.374, 5.815, 3.892, 2.01, 0.986, 1.139, 1.574, 0.0, 1.334, 3.017, 2.846, 1.89, 2.062, 2.598, 2.238, 2.584, 4.679, 8.031, 6.379, 4.623, 3.872, 4.582, 4.421, 3.193, 3.871, 4.469, 3.628, 3.524, 2.7, 2.54, 2.095, 2.13, 3.146, 4.131, 4.196, 4.268, 5.08, 4.958, 4.777, 4.718, 4.285, 3.736, 4.225, 5.127, 1.872, 3.547, 2.135, 1.897, 2.01, 1.731, 1.664, 3.202, 3.506, 3.938, 2.854, 2.038, 2.485, 3.329, 2.859, 3.669, 3.249, 3.083, 3.258, 3.467, 4.338, 4.966, 4.323, 4.525, 4.385, 3.472, 2.75, 2.887, 3.922, 4.87, 4.675, 4.771, 3.754, 2.541, 2.523, 2.996, 3.005, 3.633, 3.052, 3.193, 3.534, 1.99, 2.254, 3.812, 3.408, 3.544, 4.75, 6.086, 8.038, 9.885, 10.377, 10.686, 11.875, 12.044, 11.331, 11.536, 13.124, 14.695, 14.638, 14.592, 15.102, 17.255, 17.079, 16.801, 16.927, 16.043, 13.389, 11.94, 11.598, 10.171, 9.736, 10.531, 10.838, 8.208, 5.454, 3.772, 5.484, 5.187], [3.366, 4.367, 4.926, 5.485, 5.114, 4.658, 4.311, 5.083, 3.824, 3.721, 3.931, 3.598, 4.878, 7.155, 8.151, 8.101, 8.472, 9.751, 9.321, 9.032, 8.229, 6.115, 5.295, 5.75, 5.177, 3.524, 1.98, 1.693, 1.844, 1.864, 1.334, 0.0, 2.105, 2.069, 1.434, 2.116, 1.969, 1.791, 2.621, 5.279, 8.631, 6.945, 5.071, 4.118, 4.801, 4.65, 2.903, 3.536, 4.542, 2.912, 2.705, 2.593, 2.22, 1.502, 1.734, 2.252, 3.396, 3.584, 3.561, 4.409, 4.123, 4.061, 4.034, 3.534, 2.763, 3.332, 4.326, 2.394, 4.613, 2.669, 2.451, 2.302, 1.966, 2.048, 3.266, 4.023, 4.538, 3.454, 2.141, 1.867, 2.593, 2.651, 3.664, 3.079, 2.333, 2.431, 2.637, 3.37, 4.127, 3.565, 3.88, 3.813, 3.186, 2.445, 2.323, 3.642, 4.833, 5.154, 5.357, 4.099, 2.288, 1.823, 2.197, 2.322, 2.802, 2.546, 2.231, 2.499, 1.882, 2.042, 3.769, 3.299, 3.496, 4.727, 6.115, 8.118, 9.442, 9.929, 10.354, 11.845, 12.104, 11.39, 11.459, 12.781, 14.345, 14.359, 14.585, 15.064, 17.153, 17.021, 16.795, 16.788, 15.854, 13.242, 11.744, 11.177, 9.717, 9.2, 10.034, 10.271, 7.622, 4.765, 3.215, 4.678, 4.356], [2.393, 2.874, 3.366, 3.766, 3.41, 3.345, 2.708, 3.306, 2.079, 1.916, 2.431, 2.196, 3.449, 5.601, 6.497, 6.281, 6.751, 8.054, 7.481, 7.181, 6.331, 4.332, 3.727, 4.124, 3.652, 2.293, 2.659, 3.312, 3.146, 3.195, 3.017, 2.105, 0.0, 0.815, 1.99, 2.613, 1.713, 1.845, 3.623, 7.193, 10.528, 8.842, 6.908, 5.786, 6.58, 6.22, 3.901, 4.385, 5.721, 3.387, 2.92, 3.983, 2.906, 2.019, 2.292, 1.037, 2.143, 2.38, 2.37, 3.065, 2.852, 2.697, 2.46, 2.099, 1.269, 2.007, 2.699, 3.725, 6.175, 3.949, 3.493, 3.442, 3.286, 3.71, 4.828, 5.92, 6.436, 5.341, 3.509, 2.619, 2.445, 3.549, 4.85, 4.021, 2.844, 2.375, 1.984, 2.54, 3.245, 3.186, 3.76, 3.901, 3.87, 3.65, 2.883, 4.129, 5.993, 7.036, 7.255, 5.868, 3.162, 2.298, 2.395, 2.537, 2.548, 2.657, 2.158, 1.52, 2.007, 1.863, 3.061, 2.885, 3.011, 4.501, 5.742, 7.455, 8.123, 8.584, 9.434, 11.067, 11.318, 10.806, 10.901, 11.977, 12.894, 13.289, 13.664, 14.431, 15.972, 15.907, 15.725, 15.661, 14.644, 12.214, 10.559, 9.493, 8.159, 7.563, 8.281, 8.37, 5.99, 3.394, 2.379, 3.445, 2.819], [2.468, 2.858, 3.386, 4.005, 3.763, 3.409, 2.918, 3.524, 2.144, 2.083, 2.541, 2.326, 3.605, 5.816, 6.69, 6.508, 6.952, 8.23, 7.645, 7.303, 6.545, 4.448, 3.893, 4.309, 3.786, 2.335, 2.7, 3.164, 3.098, 3.159, 2.846, 2.069, 0.815, 0.0, 1.993, 2.588, 1.819, 2.033, 3.739, 7.068, 10.419, 8.733, 6.8, 5.684, 6.456, 6.135, 3.947, 4.417, 5.766, 3.431, 3.028, 3.941, 3.019, 2.333, 2.347, 1.427, 2.406, 2.597, 2.653, 3.342, 3.11, 2.952, 2.676, 2.362, 1.631, 2.271, 3.089, 3.661, 6.135, 3.915, 3.645, 3.506, 3.226, 3.595, 4.719, 5.811, 6.327, 5.211, 3.627, 2.743, 2.586, 3.577, 4.796, 4.114, 2.899, 2.511, 2.15, 2.61, 3.271, 3.277, 3.866, 4.007, 3.967, 3.597, 3.047, 4.242, 6.08, 6.928, 7.146, 5.761, 3.243, 2.386, 2.588, 2.662, 2.679, 2.748, 2.304, 1.889, 2.153, 1.826, 3.022, 2.905, 3.002, 4.556, 5.657, 7.408, 8.243, 8.712, 9.51, 10.983, 11.267, 10.71, 10.801, 11.938, 13.034, 13.278, 13.607, 14.351, 15.949, 15.886, 15.709, 15.661, 14.656, 12.219, 10.563, 9.7, 8.336, 7.76, 8.445, 8.565, 6.162, 3.587, 2.417, 3.622, 2.971], [2.925, 3.939, 4.676, 5.276, 4.859, 4.193, 3.883, 4.617, 3.383, 3.379, 3.73, 3.332, 4.66, 6.805, 7.838, 7.764, 8.149, 9.346, 8.925, 8.519, 7.741, 5.752, 5.027, 5.527, 4.983, 3.458, 2.151, 2.109, 2.014, 2.086, 1.89, 1.434, 1.99, 1.993, 0.0, 1.121, 1.216, 1.021, 2.004, 5.515, 8.825, 7.134, 5.217, 4.207, 5.015, 4.644, 2.338, 2.848, 4.036, 2.334, 1.884, 2.578, 1.704, 1.316, 1.385, 2.232, 3.411, 3.421, 3.407, 4.072, 3.839, 3.748, 3.625, 3.071, 2.462, 3.101, 4.06, 2.299, 5.006, 3.273, 3.351, 2.425, 2.094, 2.086, 3.145, 4.212, 4.787, 3.755, 2.076, 1.424, 1.853, 2.091, 3.229, 2.828, 1.881, 1.68, 1.967, 2.944, 3.363, 2.733, 3.033, 3.08, 2.55, 2.032, 1.614, 2.709, 4.325, 5.332, 5.547, 4.16, 1.749, 1.16, 1.818, 1.617, 1.9, 1.604, 1.703, 2.146, 1.427, 2.329, 4.058, 3.717, 3.744, 5.074, 6.661, 8.575, 9.323, 9.684, 10.547, 12.142, 12.452, 11.844, 11.953, 13.046, 14.101, 14.635, 14.809, 15.511, 17.212, 17.141, 16.948, 16.857, 15.845, 13.412, 11.799, 10.793, 9.369, 8.836, 9.667, 9.958, 7.294, 4.6, 3.516, 4.65, 4.145], [3.004, 4.043, 4.704, 5.444, 5.02, 4.391, 4.233, 4.936, 3.664, 3.717, 4.314, 4.05, 5.303, 7.308, 8.134, 8.02, 8.426, 9.693, 9.173, 8.767, 7.994, 5.998, 5.571, 5.845, 5.485, 4.262, 2.97, 2.329, 2.253, 2.6, 2.062, 2.116, 2.613, 2.588, 1.121, 0.0, 1.515, 1.436, 1.655, 5.319, 8.688, 6.974, 5.039, 3.979, 4.777, 4.403, 2.449, 2.746, 3.809, 2.594, 1.953, 2.275, 1.247, 1.558, 1.344, 2.723, 4.146, 4.283, 4.187, 4.635, 4.524, 4.419, 4.266, 3.685, 3.152, 3.872, 4.56, 2.483, 4.973, 3.801, 3.769, 2.93, 2.797, 2.423, 3.385, 4.051, 4.707, 3.74, 1.845, 2.057, 2.274, 1.953, 2.989, 2.252, 2.22, 1.869, 2.328, 3.05, 3.455, 2.762, 2.898, 2.742, 1.981, 2.106, 1.652, 2.374, 3.96, 5.167, 5.387, 4.0, 1.441, 1.722, 2.265, 1.992, 2.093, 1.925, 2.043, 2.544, 1.438, 3.16, 4.872, 4.524, 4.57, 5.896, 7.512, 9.4, 10.142, 10.316, 11.367, 12.972, 13.262, 12.669, 12.745, 13.87, 14.656, 15.349, 15.638, 16.34, 18.052, 17.981, 17.788, 17.694, 16.68, 14.248, 12.64, 11.295, 9.868, 9.262, 10.077, 10.154, 7.738, 5.402, 4.313, 5.459, 4.701], [2.315, 3.279, 3.823, 4.331, 3.924, 3.471, 3.058, 3.665, 2.513, 2.695, 3.08, 2.908, 4.071, 5.978, 6.943, 6.808, 7.265, 8.473, 8.033, 7.64, 6.756, 4.902, 4.387, 4.644, 4.229, 3.092, 2.473, 2.813, 2.607, 2.67, 2.598, 1.969, 1.713, 1.819, 1.216, 1.515, 0.0, 0.831, 2.698, 6.48, 9.812, 8.099, 6.165, 5.113, 5.905, 5.584, 3.147, 3.626, 4.958, 3.001, 2.056, 3.472, 2.414, 1.837, 2.069, 1.842, 2.969, 3.054, 2.931, 3.263, 3.217, 3.128, 2.973, 2.382, 2.115, 2.708, 3.291, 3.157, 5.654, 3.646, 3.715, 2.887, 2.63, 2.855, 4.109, 5.177, 5.79, 4.86, 3.014, 2.022, 1.87, 2.93, 4.176, 3.471, 2.367, 1.679, 1.929, 2.306, 3.003, 2.531, 3.071, 3.203, 3.039, 2.944, 2.263, 3.21, 5.108, 6.294, 6.525, 5.137, 2.477, 1.589, 1.765, 1.684, 1.761, 2.033, 1.479, 1.543, 1.524, 2.37, 3.922, 3.634, 3.602, 4.961, 6.642, 8.391, 9.061, 9.358, 10.349, 11.976, 12.246, 11.695, 11.797, 12.885, 13.441, 14.295, 14.606, 15.342, 16.873, 16.816, 16.64, 16.569, 15.512, 13.149, 11.457, 10.141, 8.59, 7.979, 8.901, 8.999, 6.512, 4.199, 3.263, 4.288, 3.533], [2.488, 3.423, 4.118, 4.619, 4.22, 3.674, 3.302, 4.014, 2.855, 2.969, 3.444, 3.088, 4.234, 6.133, 7.165, 7.176, 7.551, 8.652, 8.318, 7.902, 7.13, 5.24, 4.692, 5.052, 4.585, 3.153, 2.314, 2.626, 2.51, 2.463, 2.238, 1.791, 1.845, 2.033, 1.021, 1.436, 0.831, 0.0, 2.533, 6.12, 9.428, 7.744, 5.873, 4.953, 5.734, 5.329, 2.826, 3.444, 4.641, 2.819, 2.01, 3.279, 2.193, 1.748, 1.926, 1.977, 3.181, 3.091, 3.048, 3.462, 3.412, 3.25, 3.257, 2.603, 2.128, 2.779, 3.458, 2.851, 5.479, 3.418, 3.53, 2.702, 2.444, 2.622, 3.762, 4.831, 5.446, 4.516, 2.663, 1.683, 1.851, 2.727, 3.953, 3.281, 2.283, 1.61, 1.966, 2.482, 3.177, 2.746, 3.118, 3.282, 2.951, 2.717, 2.075, 3.026, 4.856, 5.94, 6.155, 4.768, 2.317, 1.346, 1.479, 1.365, 1.74, 1.865, 1.621, 1.728, 1.485, 2.35, 3.881, 3.66, 3.564, 4.901, 6.611, 8.319, 9.116, 9.377, 10.298, 11.95, 12.183, 11.673, 11.834, 12.875, 13.617, 14.304, 14.54, 15.301, 16.908, 16.818, 16.629, 16.551, 15.556, 13.102, 11.528, 10.282, 8.909, 8.331, 9.19, 9.355, 6.872, 4.358, 3.269, 4.434, 3.902], [3.459, 4.449, 5.184, 5.898, 5.719, 5.147, 5.298, 6.27, 5.061, 5.066, 5.348, 5.048, 6.231, 8.381, 9.456, 9.402, 9.793, 11.001, 10.63, 10.218, 9.421, 7.366, 6.637, 7.135, 6.627, 5.194, 3.739, 2.82, 2.898, 3.233, 2.584, 2.621, 3.623, 3.739, 2.004, 1.655, 2.698, 2.533, 0.0, 3.854, 7.21, 5.495, 3.587, 2.686, 3.448, 3.12, 1.7, 1.843, 2.434, 2.427, 1.865, 1.384, 1.349, 2.191, 2.004, 3.867, 5.028, 4.941, 4.821, 5.433, 5.155, 5.154, 5.237, 4.606, 3.746, 4.469, 5.503, 2.921, 5.022, 4.412, 4.178, 3.494, 3.428, 2.817, 2.532, 2.811, 3.69, 2.732, 1.287, 1.996, 2.643, 1.724, 1.894, 1.918, 2.282, 2.205, 2.803, 3.756, 3.851, 2.812, 2.816, 3.1, 1.473, 1.391, 1.695, 1.748, 2.74, 3.707, 4.083, 2.574, 1.331, 1.983, 2.374, 2.257, 2.281, 2.025, 2.398, 3.174, 2.657, 4.101, 5.787, 5.383, 5.486, 6.789, 8.262, 10.262, 11.182, 11.407, 12.269, 13.85, 14.184, 13.519, 13.595, 14.728, 15.7, 16.281, 16.566, 17.173, 18.98, 18.912, 18.723, 18.631, 17.617, 15.181, 13.569, 12.49, 11.036, 10.525, 11.344, 11.588, 8.903, 6.295, 5.078, 6.317, 5.852], [6.53, 7.648, 8.348, 9.523, 9.542, 8.827, 9.042, 10.071, 8.857, 8.823, 8.918, 8.567, 9.736, 11.931, 13.204, 13.202, 13.585, 14.673, 14.371, 13.869, 13.198, 11.189, 10.327, 10.952, 10.333, 7