[[0.0, 0.954, 1.88, 2.827, 3.357, 3.783, 3.536, 2.467, 2.185, 2.474, 4.501, 8.955, 11.466, 12.48, 12.786, 12.894, 12.855, 12.814, 13.536, 14.641, 15.371, 15.619, 16.309, 16.681, 17.651, 18.681, 19.506, 19.867, 19.834, 19.942, 20.307, 21.638, 22.622, 22.499, 21.618, 21.447, 22.079, 23.13, 22.964, 22.447, 22.062, 21.584, 20.942, 18.762, 15.033, 12.151, 12.502, 14.0, 14.589, 14.331, 14.302, 15.275, 15.974, 17.019, 18.322, 18.536, 18.528, 19.294, 20.81, 21.428, 21.195, 20.85, 20.173, 19.874, 20.112, 20.515, 20.897, 21.198, 21.225, 19.862, 18.303, 18.165, 19.27, 19.603, 18.804, 18.524, 18.77, 18.611, 18.684, 19.01, 19.967, 20.812, 21.343, 21.948, 21.303, 20.03, 20.417, 21.337, 22.197, 22.768, 22.673, 21.366, 19.305, 17.845, 18.125, 19.286, 20.265, 20.929, 20.911, 20.267, 19.791, 18.258, 17.193, 17.724, 18.122, 18.339, 18.056, 17.151, 16.114, 15.973, 16.148, 16.282, 16.722, 17.379, 16.574, 14.758, 13.019, 13.162, 13.645, 13.989, 14.15, 14.779, 14.884, 15.353, 16.063, 16.658, 17.588, 18.876, 19.942, 19.926, 18.192, 15.621, 13.996, 13.524, 13.881, 12.844, 10.896, 10.35, 11.59, 11.049, 9.979, 10.657, 13.004, 15.05, 15.424, 14.836, 13.792, 13.908, 15.187, 15.383, 14.359, 13.388, 14.347, 15.385, 14.341, 13.01, 12.342, 11.029], [0.954, 0.0, 1.482, 2.596, 3.332, 3.756, 3.49, 2.572, 2.315, 2.666, 4.49, 8.845, 11.204, 12.325, 12.669, 12.789, 12.732, 12.641, 13.339, 14.492, 15.273, 15.606, 16.324, 16.672, 17.586, 18.619, 19.488, 19.85, 19.796, 19.937, 20.286, 21.612, 22.526, 22.42, 21.524, 21.381, 22.056, 23.112, 22.938, 22.364, 21.895, 21.466, 20.732, 18.749, 14.935, 12.027, 12.292, 13.904, 14.439, 14.135, 14.19, 15.186, 15.893, 16.86, 18.131, 18.346, 18.361, 19.073, 20.579, 21.338, 21.025, 20.667, 19.983, 19.694, 20.145, 20.517, 20.889, 21.033, 21.041, 19.741, 18.215, 18.02, 19.07, 19.516, 18.744, 18.433, 18.775, 18.575, 18.664, 18.975, 19.949, 20.786, 21.292, 21.923, 21.095, 19.872, 20.292, 21.159, 22.047, 22.617, 22.523, 21.248, 19.308, 17.831, 18.118, 19.22, 20.135, 20.772, 20.767, 20.125, 19.571, 18.058, 16.998, 17.494, 17.938, 18.142, 17.858, 16.971, 15.935, 15.854, 16.066, 16.132, 16.554, 17.222, 16.43, 14.745, 12.955, 13.125, 13.569, 13.868, 13.961, 14.521, 14.71, 15.185, 16.0, 16.66, 17.59, 18.878, 19.934, 19.933, 18.206, 15.635, 13.864, 13.425, 13.872, 12.858, 10.858, 10.197, 11.39, 10.98, 9.91, 10.451, 12.812, 14.852, 15.307, 14.75, 13.664, 13.827, 15.116, 15.279, 14.214, 13.211, 14.14, 15.267, 14.104, 12.85, 12.112, 10.874], [1.88, 1.482, 0.0, 1.759, 2.727, 3.188, 2.818, 1.872, 2.841, 3.137, 3.958, 7.869, 10.052, 11.287, 11.738, 11.886, 11.761, 11.613, 12.266, 13.425, 14.293, 14.723, 15.444, 15.795, 16.695, 17.722, 18.605, 18.948, 18.903, 19.052, 19.409, 20.723, 21.622, 21.45, 20.576, 20.502, 21.169, 22.218, 22.084, 21.433, 20.983, 20.5, 19.662, 17.858, 14.063, 11.144, 11.355, 12.976, 13.55, 13.204, 13.292, 14.291, 15.0, 15.9, 17.214, 17.353, 17.315, 17.934, 19.601, 20.361, 19.933, 19.546, 18.988, 18.782, 19.27, 19.655, 20.02, 20.168, 20.107, 18.867, 17.353, 17.093, 18.003, 18.606, 17.878, 17.48, 17.907, 17.639, 17.661, 18.052, 19.064, 19.856, 20.387, 21.022, 19.988, 18.879, 19.355, 20.225, 21.115, 21.685, 21.587, 20.388, 18.452, 16.96, 17.241, 18.307, 19.153, 19.797, 19.76, 19.182, 18.529, 17.073, 16.117, 16.419, 16.842, 17.003, 16.628, 15.867, 14.997, 14.866, 15.11, 15.164, 15.593, 16.268, 15.499, 13.898, 12.106, 12.288, 12.696, 12.879, 12.942, 13.309, 13.608, 14.247, 15.109, 15.798, 16.728, 18.016, 19.072, 19.082, 17.356, 14.784, 12.83, 12.553, 13.021, 12.007, 10.007, 9.324, 10.468, 10.12, 8.992, 9.495, 11.769, 13.82, 14.321, 13.768, 12.749, 12.918, 14.256, 14.384, 13.277, 12.25, 13.115, 14.293, 13.057, 11.905, 11.038, 9.898], [2.827, 2.596, 1.759, 0.0, 1.629, 2.134, 1.648, 1.152, 3.597, 3.239, 2.946, 6.513, 8.994, 10.151, 10.616, 10.755, 10.59, 10.533, 11.233, 12.38, 13.172, 13.559, 14.316, 14.639, 15.568, 16.621, 17.472, 17.839, 17.794, 17.927, 18.286, 19.611, 20.519, 20.402, 19.515, 19.392, 20.061, 21.115, 20.934, 20.215, 19.834, 19.38, 18.533, 16.674, 12.886, 10.009, 10.323, 11.899, 12.478, 12.119, 12.19, 13.178, 13.868, 14.912, 16.119, 16.359, 16.265, 17.049, 18.595, 19.25, 18.922, 18.551, 17.949, 17.714, 18.117, 18.522, 18.87, 19.069, 19.058, 17.739, 16.211, 16.059, 17.03, 17.464, 16.736, 16.37, 16.748, 16.504, 16.537, 16.889, 17.906, 18.657, 19.253, 19.892, 19.082, 17.837, 18.297, 19.174, 20.107, 20.678, 20.584, 19.293, 17.315, 15.84, 16.118, 17.175, 18.094, 18.796, 18.734, 18.166, 17.554, 15.999, 15.026, 15.296, 15.819, 16.026, 15.655, 14.874, 13.839, 13.803, 14.006, 13.968, 14.592, 15.274, 14.454, 12.751, 10.934, 11.133, 11.554, 11.8, 11.864, 12.278, 12.542, 13.145, 13.996, 14.666, 15.595, 16.883, 17.94, 17.94, 16.214, 13.642, 11.747, 11.411, 11.879, 10.865, 8.865, 8.222, 9.444, 8.978, 7.789, 8.161, 10.651, 12.708, 13.14, 12.63, 11.566, 11.758, 13.132, 13.26, 12.149, 11.21, 12.035, 13.21, 11.904, 10.701, 10.04, 8.716], [3.357, 3.332, 2.727, 1.629, 0.0, 1.076, 0.809, 1.601, 4.705, 4.305, 2.561, 5.976, 8.4, 9.438, 9.731, 9.861, 9.843, 9.755, 10.471, 11.635, 12.363, 12.533, 13.26, 13.579, 14.589, 15.625, 16.451, 16.776, 16.745, 16.87, 17.222, 18.567, 19.574, 19.447, 18.545, 18.385, 18.99, 20.044, 19.87, 19.414, 19.047, 18.548, 17.91, 15.733, 11.96, 9.088, 9.433, 10.936, 11.584, 11.321, 11.28, 12.217, 12.916, 13.984, 15.241, 15.492, 15.497, 16.233, 17.727, 18.387, 18.2, 17.864, 17.18, 16.829, 17.072, 17.426, 17.816, 18.133, 18.18, 16.817, 15.21, 15.119, 16.231, 16.549, 15.736, 15.472, 15.725, 15.569, 15.666, 15.991, 16.958, 17.765, 18.234, 18.894, 18.231, 16.989, 17.386, 18.292, 19.167, 19.738, 19.644, 18.336, 16.253, 14.786, 15.05, 16.207, 17.193, 17.899, 17.868, 17.236, 16.725, 15.211, 14.164, 14.666, 15.134, 15.339, 15.029, 14.147, 13.061, 12.93, 13.079, 13.218, 13.665, 14.346, 13.55, 11.69, 9.947, 10.107, 10.598, 10.957, 11.039, 11.714, 11.815, 12.28, 13.016, 13.57, 14.5, 15.789, 16.851, 16.861, 15.1, 12.528, 10.957, 10.451, 10.832, 9.78, 7.823, 7.305, 8.517, 7.987, 6.897, 7.589, 9.952, 12.02, 12.422, 11.826, 10.807, 10.869, 12.143, 12.338, 11.335, 10.315, 11.321, 12.342, 11.28, 10.001, 9.259, 8.011], [3.783, 3.756, 3.188, 2.134, 1.076, 0.0, 1.112, 2.209, 5.121, 4.721, 2.256, 6.025, 8.393, 9.272, 9.547, 9.631, 9.632, 9.556, 10.363, 11.398, 12.13, 12.325, 12.933, 13.276, 14.354, 15.23, 16.159, 16.44, 16.383, 16.554, 16.892, 18.2, 19.18, 19.035, 18.142, 17.977, 18.598, 19.652, 19.544, 19.284, 18.817, 18.343, 17.813, 15.562, 11.729, 8.87, 9.142, 10.639, 11.286, 11.083, 10.887, 11.797, 12.559, 13.576, 14.884, 15.098, 15.227, 15.966, 17.435, 18.119, 17.966, 17.628, 16.942, 16.415, 16.8, 17.021, 17.562, 17.823, 17.766, 16.409, 14.936, 14.762, 15.978, 16.274, 15.487, 15.225, 15.474, 15.312, 15.448, 15.758, 16.729, 17.586, 18.014, 18.621, 17.878, 16.712, 17.088, 17.908, 18.702, 19.273, 19.178, 17.871, 15.807, 14.345, 14.646, 15.996, 16.86, 17.539, 17.481, 16.793, 16.467, 15.073, 14.096, 14.558, 14.922, 15.121, 14.843, 13.933, 12.869, 12.68, 12.839, 13.149, 13.292, 13.915, 13.248, 11.275, 9.804, 9.819, 10.38, 10.742, 10.89, 11.627, 11.701, 12.01, 12.681, 13.183, 14.08, 15.368, 16.439, 16.42, 14.684, 12.113, 10.708, 10.098, 10.403, 9.364, 7.458, 6.919, 8.203, 7.571, 6.815, 7.527, 9.873, 11.835, 12.205, 11.603, 10.602, 10.609, 11.728, 11.955, 11.048, 9.974, 11.115, 12.075, 11.268, 10.052, 9.125, 7.822], [3.536, 3.49, 2.818, 1.648, 0.809, 1.112, 0.0, 1.697, 4.84, 4.44, 2.628, 6.219, 8.631, 9.681, 9.959, 10.081, 10.073, 9.977, 10.699, 11.864, 12.591, 12.681, 13.314, 13.642, 14.817, 15.728, 16.608, 16.875, 16.823, 16.93, 17.136, 18.632, 19.681, 19.537, 18.596, 18.366, 18.91, 19.984, 19.856, 19.644, 19.267, 18.769, 18.152, 15.953, 12.062, 9.316, 9.632, 11.122, 11.732, 11.527, 11.368, 12.252, 13.016, 14.074, 15.336, 15.601, 15.713, 16.446, 17.931, 18.603, 18.429, 18.094, 17.408, 16.918, 17.246, 17.412, 17.982, 18.326, 18.27, 16.922, 15.403, 15.266, 16.454, 16.762, 15.918, 15.702, 15.924, 15.782, 15.895, 16.221, 17.182, 18.002, 18.452, 19.11, 18.391, 17.189, 17.553, 18.388, 19.185, 19.756, 19.661, 18.354, 16.298, 14.759, 15.087, 16.442, 17.36, 18.042, 17.988, 17.305, 16.938, 15.426, 14.396, 14.911, 15.364, 15.574, 15.27, 14.377, 13.297, 13.146, 13.3, 13.424, 13.786, 14.406, 13.715, 11.756, 10.155, 10.266, 10.828, 11.186, 11.273, 11.952, 12.068, 12.479, 13.17, 13.559, 14.414, 15.727, 16.866, 16.84, 15.004, 12.412, 11.17, 10.612, 10.907, 9.853, 7.94, 7.406, 8.707, 8.053, 7.153, 7.816, 10.196, 12.263, 12.656, 12.055, 11.038, 11.086, 12.241, 12.468, 11.533, 10.478, 11.555, 12.555, 11.521, 10.216, 9.473, 8.254], [2.467, 2.572, 1.872, 1.152, 1.601, 2.209, 1.697, 0.0, 3.289, 2.9, 3.25, 7.063, 9.606, 10.669, 11.059, 11.218, 11.106, 11.094, 11.777, 12.945, 13.666, 13.896, 14.643, 14.974, 15.941, 17.025, 17.836, 18.17, 18.147, 18.266, 18.617, 19.962, 20.972, 20.849, 19.947, 19.791, 20.402, 21.453, 21.277, 20.649, 20.36, 19.866, 19.108, 17.074, 13.326, 10.45, 10.821, 12.336, 12.947, 12.606, 12.668, 13.61, 14.309, 15.388, 16.628, 16.886, 16.832, 17.593, 19.09, 19.724, 19.481, 19.136, 18.479, 18.231, 18.45, 18.845, 19.188, 19.533, 19.583, 18.219, 16.61, 16.528, 17.576, 17.93, 17.121, 16.826, 17.095, 16.914, 16.942, 17.311, 18.28, 19.02, 19.6, 20.265, 19.626, 18.372, 18.778, 19.694, 20.577, 21.147, 21.053, 19.745, 17.663, 16.193, 16.457, 17.543, 18.587, 19.28, 19.261, 18.644, 18.095, 16.553, 15.429, 15.872, 16.405, 16.609, 16.239, 15.442, 14.367, 14.288, 14.45, 14.469, 15.072, 15.754, 14.934, 13.097, 11.314, 11.517, 11.977, 12.29, 12.396, 12.9, 13.065, 13.679, 14.419, 14.989, 15.918, 17.21, 18.267, 18.268, 16.521, 13.949, 12.302, 11.851, 12.242, 11.19, 9.228, 8.707, 9.918, 9.396, 8.218, 8.748, 11.185, 13.275, 13.662, 13.108, 12.057, 12.214, 13.546, 13.741, 12.696, 11.715, 12.589, 13.69, 12.488, 11.154, 10.604, 9.238], [2.185, 2.315, 2.841, 3.597, 4.705, 5.121, 4.84, 3.289, 0.0, 1.191, 4.624, 9.444, 12.318, 13.68, 14.176, 14.335, 14.163, 14.039, 14.699, 15.861, 16.7, 17.137, 17.879, 18.199, 19.12, 20.172, 21.004, 21.386, 21.341, 21.488, 21.847, 23.161, 24.071, 23.861, 22.979, 22.948, 23.61, 24.658, 24.464, 23.732, 23.324, 22.898, 21.961, 20.214, 16.444, 13.569, 13.804, 15.389, 15.998, 15.618, 15.728, 16.727, 17.428, 18.289, 19.654, 19.832, 19.738, 20.323, 22.007, 22.781, 22.392, 21.936, 21.435, 21.231, 21.689, 22.099, 22.441, 22.614, 22.542, 21.317, 19.802, 19.532, 20.462, 21.055, 20.327, 19.929, 20.332, 20.067, 20.07, 20.457, 21.493, 22.22, 22.809, 23.454, 22.422, 21.302, 21.809, 22.678, 23.492, 24.068, 23.996, 22.846, 20.896, 19.398, 19.674, 20.735, 21.559, 22.208, 22.178, 21.598, 20.958, 19.364, 18.351, 18.722, 19.237, 19.379, 19.047, 18.316, 17.382, 17.343, 17.563, 17.398, 17.97, 18.647, 17.95, 16.319, 14.524, 14.724, 15.146, 15.328, 15.322, 15.585, 16.007, 16.691, 17.553, 18.242, 19.172, 20.46, 21.516, 21.531, 19.805, 17.233, 15.256, 14.998, 15.47, 14.456, 12.456, 11.773, 12.883, 12.569, 11.37, 11.633, 14.138, 16.23, 16.696, 16.161, 15.145, 15.344, 16.7, 16.834, 15.705, 14.673, 15.544, 16.696, 15.304, 14.014, 13.43, 12.276], [2.474, 2.666, 3.137, 3.239, 4.305, 4.721, 4.44, 2.9, 1.191, 0.0, 4.311, 9.076, 12.015, 13.274, 13.776, 13.936, 13.766, 13.673, 14.352, 15.463, 16.3, 16.739, 17.496, 17.819, 18.722, 19.804, 20.644, 21.006, 20.966, 21.108, 21.466, 22.776, 23.697, 23.502, 22.619, 22.585, 23.239, 24.288, 24.085, 23.358, 22.984, 22.557, 21.594, 19.82, 16.076, 13.193, 13.47, 15.009, 15.673, 15.299, 15.382, 16.359, 17.061, 18.018, 19.31, 19.542, 19.395, 20.11, 21.683, 22.356, 22.061, 21.644, 21.132, 20.923, 21.292, 21.702, 22.041, 22.263, 22.253, 20.933, 19.403, 19.179, 20.171, 20.665, 19.927, 19.533, 19.938, 19.651, 19.615, 20.056, 21.096, 21.804, 22.403, 23.057, 22.197, 20.966, 21.447, 22.355, 23.221, 23.792, 23.697, 22.488, 20.501, 19.023, 19.298, 20.319, 21.183, 21.896, 21.852, 21.282, 20.668, 19.061, 18.039, 18.405, 18.966, 19.126, 18.738, 17.998, 17.02, 16.965, 17.176, 17.034, 17.708, 18.386, 17.611, 15.93, 14.125, 14.324, 14.746, 14.934, 14.982, 15.323, 15.662, 16.348, 17.183, 17.845, 18.775, 20.063, 21.119, 21.132, 19.405, 16.833, 14.869, 14.602, 15.071, 14.056, 12.056, 11.41, 12.591, 12.17, 10.971, 11.258, 13.759, 15.891, 16.285, 15.745, 14.731, 14.938, 16.326, 16.469, 15.354, 14.323, 15.228, 16.316, 14.963, 13.653, 13.103, 11.874], [4.501, 4.49, 3.958, 2.946, 2.561, 2.256, 2.628, 3.25, 4.624, 4.311, 0.0, 4.981, 7.798, 9.105, 9.586, 9.745, 9.571, 9.442, 10.12, 11.265, 12.118, 12.554, 13.307, 13.627, 14.525, 15.591, 16.439, 16.815, 16.769, 16.916, 17.275, 18.577, 19.509, 19.337, 18.451, 18.373, 19.038, 20.086, 19.892, 19.174, 18.748, 18.326, 17.381, 15.648, 11.872, 8.999, 9.239, 10.857, 11.436, 11.055, 11.156, 12.155, 12.856, 13.811, 15.07, 15.259, 15.151, 15.865, 17.49, 18.187, 17.817, 17.382, 16.859, 16.659, 17.107, 17.517, 17.856, 18.029, 17.993, 16.726, 15.212, 14.975, 15.912, 16.465, 15.737, 15.339, 15.748, 15.484, 15.487, 15.868, 16.906, 17.669, 18.237, 18.872, 17.917, 16.748, 17.22, 18.104, 19.023, 19.594, 19.497, 18.256, 16.314, 14.826, 15.099, 16.156, 17.047, 17.703, 17.656, 17.075, 16.429, 14.862, 13.834, 14.186, 14.676, 14.853, 14.499, 13.735, 12.824, 12.756, 12.987, 12.876, 13.503, 14.179, 13.368, 11.746, 9.935, 10.133, 10.555, 10.749, 10.803, 11.105, 11.415, 12.119, 12.971, 13.661, 14.59, 15.878, 16.935, 16.941, 15.214, 12.643, 10.686, 10.412, 10.88, 9.866, 7.866, 7.182, 8.359, 7.979, 6.78, 7.084, 9.552, 11.64, 12.118, 11.567, 10.555, 10.747, 12.118, 12.243, 11.114, 10.132, 10.968, 12.164, 10.754, 9.439, 8.905, 7.676], [8.955, 8.845, 7.869, 6.513, 5.976, 6.025, 6.219, 7.063, 9.444, 9.076, 4.981, 0.0, 3.087, 4.458, 4.98, 5.14, 4.953, 4.837, 5.49, 6.616, 7.484, 7.942, 8.697, 9.017, 9.895, 10.995, 11.822, 12.204, 12.159, 12.306, 12.664, 13.965, 14.886, 14.686, 13.799, 13.773, 14.426, 15.475, 15.265, 14.524, 14.127, 13.682, 12.753, 10.982, 7.27, 4.397, 4.642, 6.204, 6.845, 6.45, 6.608, 7.612, 8.255, 9.171, 10.468, 10.672, 10.523, 11.194, 12.842, 13.532, 13.171, 12.734, 12.264, 12.066, 12.495, 12.904, 13.244, 13.43, 13.402, 12.121, 10.607, 10.351, 11.281, 11.859, 11.131, 10.734, 11.138, 10.841, 10.79, 11.244, 12.293, 12.985, 13.589, 14.26, 13.294, 12.105, 12.615, 13.512, 14.385, 14.956, 14.86, 13.66, 11.702, 10.216, 10.49, 11.499, 12.362, 13.047, 12.992, 12.435, 11.79, 10.209, 9.379, 9.503, 10.039, 10.19, 9.811, 9.122, 8.187, 8.136, 8.346, 8.225, 8.866, 9.539, 8.775, 7.142, 5.381, 5.529, 5.95, 6.114, 6.141, 6.388, 6.781, 7.507, 8.359, 9.048, 9.977, 11.265, 12.322, 12.335, 10.609, 8.037, 6.068, 5.841, 6.275, 5.26, 3.646, 3.117, 4.057, 3.58, 2.63, 2.693, 4.886, 7.038, 7.477, 6.927, 5.925, 6.142, 7.522, 7.638, 6.512, 5.49, 6.377, 7.511, 6.115, 4.846, 4.406, 3.846], [11.466, 11.204, 10.052, 8.994, 8.4, 8.393, 8.631, 9.606, 12.318, 12.015, 7.798, 3.087, 0.0, 1.928, 2.554, 2.538, 2.295, 2.377, 2.715, 3.726, 4.597, 5.076, 5.816, 6.141, 7.015, 8.102, 8.941, 9.323, 9.278, 9.425, 9.784, 11.088, 11.988, 11.833, 10.952, 10.879, 11.543, 12.592, 12.411, 11.816, 11.33, 10.871, 9.988, 8.148, 4.393, 2.168, 2.27, 3.471, 3.925, 3.584, 3.917, 4.864, 5.441, 6.275, 7.567, 7.73, 7.611, 8.274, 9.93, 10.616, 10.266, 9.832, 9.335, 9.158, 9.623, 10.033, 10.372, 10.531, 10.468, 9.243, 7.745, 7.49, 8.359, 8.981, 8.253, 7.856, 8.265, 7.969, 7.883, 8.366, 9.421, 10.18, 10.714, 11.38, 10.352, 9.254, 9.725, 10.601, 11.486, 12.057, 11.972, 10.767, 8.83, 7.333, 7.607, 8.645, 9.507, 10.17, 10.144, 9.574, 8.909, 7.436, 6.652, 6.76, 7.14, 7.24, 6.99, 6.198, 5.334, 5.244, 5.471, 5.471, 5.964, 6.638, 5.874, 4.306, 3.093, 3.18, 3.233, 3.261, 3.322, 3.518, 3.918, 4.613, 5.487, 6.176, 7.106, 8.394, 9.451, 9.458, 7.731, 5.226, 3.416, 3.277, 3.6, 2.76, 2.856, 2.789, 3.021, 3.026, 2.504, 2.383, 2.635, 4.196, 4.608, 4.067, 3.194, 3.336, 4.656, 4.76, 3.684, 3.03, 3.549, 4.685, 3.306, 2.402, 2.331, 2.68], [12.48, 12.325, 11.287, 10.151, 9.438, 9.272, 9.681, 10.669, 13.68, 13.274, 9.105, 4.458, 1.928, 0.0, 1.258, 1.301, 1.647, 2.396, 2.062, 2.509, 3.337, 3.709, 4.274, 4.696, 5.493, 6.555, 7.402, 7.77, 7.728, 7.874, 8.284, 9.547, 10.468, 10.37, 9.486, 9.338, 10.004, 11.055, 10.981, 10.47, 10.008, 9.47, 8.717, 6.702, 2.973, 1.678, 1.666, 2.227, 2.498, 2.14, 2.39, 3.305, 3.922, 4.951, 6.139, 6.359, 6.205, 6.993, 8.544, 9.127, 8.855, 8.478, 7.917, 7.699, 8.055, 8.465, 8.804, 9.028, 9.05, 7.687, 6.159, 6.031, 6.958, 7.42, 6.681, 6.296, 6.685, 6.407, 6.398, 6.799, 7.842, 8.619, 9.169, 9.821, 9.055, 7.827, 8.268, 9.162, 10.075, 10.645, 10.551, 9.243, 7.253, 5.779, 6.065, 7.093, 8.059, 8.759, 8.718, 8.137, 7.573, 6.62, 6.051, 5.63, 5.994, 6.001, 5.651, 4.833, 3.814, 3.738, 3.969, 4.254, 4.593, 5.243, 4.433, 3.236, 3.033, 2.942, 1.919, 1.748, 1.897, 2.364, 2.623, 3.14, 3.946, 4.617, 5.538, 6.826, 7.899, 7.877, 6.151, 3.641, 2.107, 2.002, 2.287, 1.671, 2.603, 2.799, 2.523, 2.606, 2.751, 2.55, 1.556, 2.754, 3.092, 2.625, 1.913, 2.122, 3.487, 3.282, 2.37, 2.056, 2.457, 3.381, 2.457, 2.099, 2.756, 2.908], [12.786, 12.669, 11.738, 10.616, 9.731, 9.547, 9.959, 11.059, 14.176, 13.776, 9.586, 4.98, 2.554, 1.258, 0.0, 1.152, 1.848, 2.355, 1.965, 2.389, 3.194, 3.563, 4.094, 4.558, 5.074, 6.134, 6.923, 7.347, 7.356, 7.503, 7.784, 9.089, 9.991, 9.814, 8.931, 8.821, 9.548, 10.58, 10.619, 10.454, 9.882, 9.252, 8.698, 6.371, 2.632, 1.853, 1.627, 1.579, 2.098, 1.804, 1.944, 2.927, 3.41, 4.594, 5.77, 6.081, 5.848, 6.586, 8.082, 8.76, 8.499, 8.135, 7.477, 7.311, 7.551, 8.009, 8.303, 8.533, 8.554, 7.271, 5.679, 5.535, 6.569, 6.967, 6.151, 5.868, 6.169, 5.974, 6.064, 6.376, 7.362, 8.228, 8.707, 9.343, 8.583, 7.337, 7.752, 8.661, 9.541, 10.112, 10.017, 8.746, 6.73, 5.278, 5.565, 6.647, 7.545, 8.256, 8.225, 7.609, 7.354, 6.654, 6.184, 5.809, 6.073, 5.908, 5.445, 4.465, 3.437, 3.463, 3.831, 4.276, 4.296, 4.724, 4.016, 3.223, 3.222, 3.016, 1.931, 1.661, 1.661, 2.463, 2.56, 2.793, 3.589, 4.188, 5.027, 6.302, 7.389, 7.355, 5.666, 3.273, 2.04, 2.01, 2.151, 1.527, 2.521, 2.92, 2.261, 2.418, 3.025, 2.923, 1.481, 2.685, 2.952, 2.427, 2.013, 2.246, 3.4, 3.181, 2.245, 1.834, 2.005, 3.075, 2.694, 2.405, 2.969, 3.097], [12.894, 12.789, 11.886, 10.755, 9.861, 9.631, 10.081, 11.218, 14.335, 13.936, 9.745, 5.14, 2.538, 1.301, 1.152, 0.0, 1.214, 2.039, 1.601, 2.227, 2.856, 3.159, 3.833, 4.379, 4.961, 5.957, 6.797, 7.17, 7.189, 7.343, 7.684, 8.912, 9.819, 9.664, 8.782, 8.657, 9.354, 10.429, 10.502, 10.395, 9.755, 9.111, 8.665, 6.318, 2.588, 1.537, 1.149, 1.656, 1.886, 1.813, 2.157, 3.213, 3.49, 4.503, 5.69, 5.801, 5.685, 6.502, 7.971, 8.653, 8.395, 8.031, 7.366, 7.12, 7.402, 7.823, 8.167, 8.353, 8.369, 7.113, 5.678, 5.514, 6.497, 6.823, 6.062, 5.74, 6.031, 5.87, 5.987, 6.345, 7.259, 8.109, 8.589, 9.196, 8.44, 7.174, 7.576, 8.48, 9.358, 9.929, 9.834, 8.555, 6.571, 5.129, 5.38, 6.529, 7.4, 8.079, 8.053, 7.426, 7.28, 6.584, 5.957, 5.641, 5.963, 5.811, 5.364, 4.459, 3.294, 3.305, 3.704, 4.088, 4.171, 4.541, 3.842, 2.85, 2.698, 2.494, 1.481, 1.47, 1.62, 2.454, 2.646, 2.771, 3.315, 3.963, 4.875, 6.189, 7.279, 7.205, 5.604, 3.587, 2.326, 2.246, 2.461, 1.45, 2.421, 2.909, 2.313, 2.435, 3.11, 3.031, 1.846, 2.772, 3.021, 2.743, 2.413, 2.566, 3.264, 3.011, 2.297, 1.699, 1.903, 2.859, 2.583, 2.196, 2.75, 3.151], [12.855, 12.732, 11.761, 10.59, 9.843, 9.632, 10.073, 11.106, 14.163, 13.766, 9.571, 4.953, 2.295, 1.647, 1.848, 1.214, 0.0, 1.199, 1.213, 1.98, 2.688, 3.057, 3.83, 4.201, 5.015, 6.1, 6.946, 7.332, 7.287, 7.457, 7.813, 9.062, 9.992, 9.892, 9.008, 8.86, 9.532, 10.568, 10.569, 10.166, 9.645, 8.964, 8.485, 6.308, 2.626, 1.689, 1.777, 2.32, 2.504, 2.434, 2.816, 3.948, 3.969, 4.723, 5.865, 6.009, 5.872, 6.677, 8.173, 8.723, 8.442, 8.06, 7.461, 7.258, 7.636, 8.03, 8.353, 8.586, 8.595, 7.42, 6.064, 5.98, 6.742, 7.051, 6.304, 5.894, 6.241, 6.093, 6.077, 6.431, 7.382, 8.21, 8.727, 9.341, 8.58, 7.351, 7.815, 8.673, 9.587, 10.157, 10.063, 8.771, 6.791, 5.438, 5.569, 6.627, 7.587, 8.278, 8.234, 7.649, 7.223, 6.222, 5.569, 5.273, 5.681, 5.623, 5.296, 4.449, 3.374, 3.295, 3.607, 3.931, 4.191, 4.759, 3.992, 2.584, 1.931, 1.922, 1.626, 1.805, 2.032, 2.703, 2.943, 3.213, 3.667, 4.294, 5.167, 6.527, 7.6, 7.57, 6.05, 4.26, 2.987, 2.754, 3.166, 2.328, 3.012, 3.088, 3.277, 3.273, 3.399, 3.142, 2.345, 3.145, 3.499, 3.381, 2.783, 2.753, 3.354, 3.271, 2.948, 2.342, 2.209, 3.107, 2.552, 2.15, 2.298, 2.767], [12.814, 12.641, 11.613, 10.533, 9.755, 9.556, 9.977, 11.094, 14.039, 13.673, 9.442, 4.837, 2.377, 2.396, 2.355, 2.039, 1.199, 0.0, 1.221, 2.035, 2.838, 3.218, 3.93, 4.268, 5.147, 6.216, 7.091, 7.505, 7.454, 7.605, 7.925, 9.212, 10.088, 9.977, 9.108, 8.997, 9.681, 10.692, 10.595, 10.16, 9.619, 9.068, 8.401, 6.395, 2.756, 2.045, 2.494, 2.787, 2.971, 2.909, 3.227, 4.34, 4.39, 4.839, 5.958, 6.135, 5.997, 6.757, 8.309, 8.867, 8.57, 8.21, 7.637, 7.383, 7.873, 8.231, 8.547, 8.737, 8.723, 7.64, 6.302, 6.153, 6.937, 7.306, 6.541, 6.24, 6.484, 6.297, 6.338, 6.653, 7.659, 8.5, 8.874, 9.488, 8.605, 7.427, 7.95, 8.758, 9.688, 10.272, 10.162, 8.912, 6.984, 5.588, 5.715, 6.789, 7.668, 8.367, 8.286, 7.717, 7.112, 5.903, 5.226, 5.209, 5.571, 5.611, 5.335, 4.439, 3.485, 3.372, 3.611, 3.898, 4.17, 4.827, 4.053, 2.518, 1.51, 1.683, 1.933, 2.195, 2.324, 3.114, 3.258, 3.54, 4.105, 4.62, 5.553, 6.887, 7.884, 7.856, 6.469, 4.728, 3.527, 3.231, 3.741, 3.119, 3.605, 3.426, 3.798, 3.811, 3.581, 3.397, 2.931, 3.53, 3.979, 3.903, 3.257, 3.057, 3.544, 3.683, 3.382, 2.851, 2.634, 3.302, 2.729, 2.348, 2.023, 2.619], [13.536, 13.339, 12.266, 11.233, 10.471, 10.363, 10.699, 11.777, 14.699, 14.352, 10.12, 5.49, 2.715, 2.062, 1.965, 1.601, 1.213, 1.221, 0.0, 1.354, 2.103, 2.542, 3.283, 3.659, 4.466, 5.55, 6.384, 6.766, 6.73, 6.908, 7.248, 8.516, 9.415, 9.266, 8.39, 8.292, 8.967, 10.005, 9.95, 9.611, 9.03, 8.434, 7.776, 5.683, 2.18, 1.901, 2.244, 2.432, 2.571, 2.476, 2.834, 3.971, 3.903, 4.269, 5.252, 5.507, 5.385, 6.074, 7.534, 8.168, 7.852, 7.445, 6.906, 6.757, 7.162, 7.486, 7.804, 7.984, 7.948, 6.891, 5.657, 5.533, 6.327, 6.643, 5.952, 5.56, 5.744, 5.559, 5.563, 5.887, 6.864, 7.767, 8.195, 8.789, 7.889, 6.702, 7.194, 8.027, 8.964, 9.53, 9.435, 8.17, 6.357, 5.076, 5.101, 6.111, 6.965, 7.647, 7.578, 7.016, 6.481, 5.422, 4.909, 4.596, 5.063, 4.944, 4.59, 3.698, 2.816, 2.682, 3.018, 3.184, 3.501, 4.12, 3.335, 2.087, 1.752, 1.604, 1.425, 1.662, 1.923, 2.67, 2.848, 3.124, 3.708, 4.179, 5.034, 6.345, 7.263, 7.232, 5.934, 4.278, 3.014, 2.969, 3.289, 2.684, 3.53, 3.672, 3.606, 3.68, 3.742, 3.498, 2.624, 3.132, 3.562, 3.462, 3.011, 2.915, 3.334, 3.243, 3.005, 2.453, 2.082, 2.815, 2.208, 1.922, 2.313, 3.173], [14.641, 14.492, 13.425, 12.38, 11.635, 11.398, 11.864, 12.945, 15.861, 15.463, 11.265, 6.616, 3.726, 2.509, 2.389, 2.227, 1.98, 2.035, 1.354, 0.0, 1.475, 1.959, 2.252, 2.731, 3.385, 4.473, 5.273, 5.683, 5.675, 5.824, 6.188, 7.409, 8.289, 8.13, 7.259, 7.199, 7.885, 8.906, 8.915, 8.664, 7.95, 7.404, 6.803, 4.674, 1.63, 2.654, 2.865, 2.406, 2.075, 2.031, 2.261, 3.281, 3.153, 3.433, 4.392, 4.629, 4.486, 5.122, 6.443, 7.059, 6.77, 6.371, 5.894, 5.85, 6.155, 6.429, 6.73, 6.868, 6.859, 5.798, 4.749, 4.753, 5.469, 5.824, 5.102, 4.778, 4.755, 4.507, 4.444, 4.829, 5.857, 6.705, 7.083, 7.657, 6.782, 5.58, 6.064, 6.911, 7.842, 8.396, 8.298, 7.103, 5.597, 4.302, 4.143, 5.063, 5.875, 6.51, 6.438, 5.882, 5.404, 4.532, 4.3, 3.743, 4.046, 4.005, 3.647, 2.723, 1.89, 1.827, 2.09, 2.495, 2.482, 2.993, 2.243, 1.606, 2.17, 2.126, 1.465, 1.702, 1.72, 2.453, 2.51, 2.642, 3.132, 3.616, 4.318, 5.53, 6.397, 6.356, 5.18, 3.635, 2.733, 2.871, 2.941, 2.946, 4.345, 4.604, 4.27, 4.381, 4.758, 4.419, 2.757, 2.545, 2.922, 2.829, 2.536, 2.434, 2.72, 2.718, 2.705, 2.791, 2.015, 2.347, 2.06, 2.574, 3.025, 3.873], [15.371, 15.273, 14.293, 13.172, 12.363, 12.13, 12.591, 13.666, 16.7, 16.3, 12.118, 7.484, 4.597, 3.337, 3.194, 2.856, 2.688, 2.838, 2.103, 1.475, 0.0, 1.211, 1.716, 1.962, 2.619, 3.757, 4.478, 4.848, 4.927, 5.055, 5.41, 6.552, 7.474, 7.279, 6.398, 6.313, 7.002, 8.04, 8.189, 8.002, 7.356, 6.701, 6.219, 3.993, 1.879, 3.373, 3.656, 3.269, 2.335, 2.427, 2.712, 3.015, 2.773, 3.088, 3.966, 4.086, 3.995, 4.71, 5.788, 6.38, 6.18, 5.792, 5.367, 5.474, 5.594, 5.702, 5.954, 6.111, 6.179, 5.182, 4.249, 4.527, 5.078, 5.359, 4.67, 4.372, 4.13, 3.78, 3.681, 4.091, 5.144, 5.898, 6.216, 6.81, 6.049, 4.857, 5.271, 6.145, 7.053, 7.598, 7.502, 6.378, 5.075, 3.876, 3.445, 4.254, 5.066, 5.7, 5.68, 5.074, 4.875, 3.933, 3.378, 3.08, 3.447, 3.289, 2.963, 2.154, 1.515, 1.614, 1.528, 1.698, 2.119, 2.237, 1.646, 1.373, 2.592, 2.498, 2.11, 2.424, 2.567, 3.146, 3.06, 2.924, 3.223, 3.542, 4.002, 5.042, 5.818, 5.86, 4.85, 3.441, 3.216, 3.078, 3.05, 3.808, 5.05, 5.431, 4.96, 5.046, 5.571, 5.204, 3.9, 2.749, 2.777, 2.881, 2.869, 2.342, 2.428, 2.36, 2.372, 3.463, 2.333, 1.918, 2.171, 3.127, 3.63, 4.503], [15.619, 15.606, 14.723, 13.559, 12.533, 12.325, 12.681, 13.896, 17.137, 16.739, 12.554, 7.942, 5.076, 3.709, 3.563, 3.159, 3.057, 3.218, 2.542, 1.959, 1.211, 0.0, 1.197, 1.481, 2.276, 3.391, 4.05, 4.429, 4.523, 4.562, 4.872, 6.147, 7.188, 7.035, 6.113, 5.947, 6.559, 7.605, 7.622, 7.613, 7.062, 6.322, 5.987, 3.588, 1.67, 3.729, 4.087, 3.617, 2.634, 2.572, 3.045, 3.285, 2.836, 2.952, 3.668, 3.869, 3.953, 4.567, 5.617, 6.209, 6.049, 5.743, 5.344, 5.231, 5.411, 5.288, 5.563, 5.935, 6.055, 5.066, 4.279, 4.981, 5.104, 5.27, 4.463, 4.279, 3.874, 3.689, 3.665, 3.991, 4.977, 5.597, 5.901, 6.491, 5.858, 4.675, 5.1, 5.947, 6.818, 7.403, 7.286, 6.246, 5.23, 4.222, 3.345, 3.893, 4.855, 5.484, 5.462, 4.813, 4.62, 3.78, 3.147, 2.853, 3.271, 3.308, 2.791, 2.327, 1.676, 1.721, 1.554, 1.623, 2.022, 2.141, 1.948, 1.43, 2.785, 2.649, 2.373, 2.722, 2.841, 3.569, 3.571, 3.443, 3.658, 3.912, 4.325, 5.011, 5.534, 5.682, 5.053, 3.75, 3.624, 3.51, 3.492, 4.01, 5.27, 5.776, 5.406, 5.351, 5.92, 5.609, 4.24, 3.11, 3.154, 3.517, 3.468, 2.951, 2.693, 2.638, 2.946, 3.867, 2.356, 1.974, 2.355, 3.22, 3.838, 4.929], [16.309, 16.324, 15.444, 14.316, 13.26, 12.933, 13.314, 14.643, 17.879, 17.496, 13.307, 8.697, 5.816, 4.274, 4.094, 3.833, 3.83, 3.93, 3.283, 2.252, 1.716, 1.197, 0.0, 0.963, 1.789, 2.707, 3.386, 3.749, 3.843, 3.908, 4.287, 5.424, 6.453, 6.308, 5.38, 5.183, 5.833, 6.908, 6.819, 7.073, 6.438, 5.839, 5.423, 2.88, 1.767, 4.363, 4.514, 3.786, 2.784, 2.893, 3.116, 3.102, 2.583, 2.275, 3.047, 3.282, 3.34, 3.985, 5.094, 5.697, 5.587, 5.273, 4.77, 4.6, 4.798, 4.645, 5.033, 5.347, 5.446, 4.392, 4.151, 4.767, 4.746, 4.739, 3.996, 3.884, 3.379, 3.414, 3.387, 3.689, 4.575, 5.159, 5.275, 5.831, 5.195, 4.086, 4.633, 5.285, 6.119, 6.698, 6.646, 5.614, 4.977, 3.867, 2.954, 3.359, 4.195, 4.757, 4.734, 4.058, 3.888, 3.321, 2.928, 2.491, 2.849, 3.051, 2.5, 2.094, 1.626, 1.564, 1.352, 1.692, 1.692, 1.653, 1.685, 1.864, 3.443, 3.279, 2.855, 3.04, 3.061, 3.623, 3.52, 3.285, 3.438, 3.669, 4.099, 4.736, 5.208, 5.312, 4.786, 3.527, 3.734, 3.748, 3.348, 4.164, 5.746, 6.336, 5.802, 5.825, 6.555, 6.316, 4.382, 3.147, 3.139, 3.412, 3.525, 3.014, 2.631, 2.696, 3.138, 4.267, 2.908, 2.133, 2.857, 3.901, 4.524, 5.651], [16.681, 16.672, 15.795, 14.639, 13.579, 13.276, 13.642, 14.974, 18.199, 17.819, 13.627, 9.017, 6.141, 4.696, 4.558, 4.379, 4.201, 4.268, 3.659, 2.731, 1.962, 1.481, 0.963, 0.0, 1.379, 2.368, 3.052, 3.402, 3.494, 3.573, 3.862, 5.091, 6.112, 5.964, 5.041, 4.853, 5.495, 6.563, 6.408, 6.434, 5.911, 5.233, 4.855, 2.501, 2.158, 4.714, 5.145, 4.496, 3.381, 3.448, 3.741, 3.391, 2.558, 1.961, 2.65, 2.988, 3.116, 3.694, 4.733, 5.364, 5.213, 4.996, 4.557, 4.313, 4.58, 4.365, 4.719, 5.05, 5.122, 4.099, 3.91, 4.622, 4.625, 4.559, 3.856, 3.663, 3.108, 3.113, 3.168, 3.425, 4.286, 4.822, 4.974, 5.548, 4.88, 3.786, 4.435, 4.988, 5.801, 6.413, 6.3, 5.435, 4.925, 3.83, 2.907, 3.062, 3.866, 4.419, 4.398, 3.727, 3.435, 2.631, 2.259, 1.956, 2.379, 2.602, 2.129, 2.083, 2.118, 2.051, 1.567, 1.438, 1.822, 1.832, 1.714, 2.212, 3.779, 3.628, 3.329, 3.637, 3.654, 4.195, 4.013, 3.856, 3.905, 3.993, 4.077, 4.612, 5.018, 5.141, 4.64, 3.581, 4.128, 4.088, 3.905, 4.868, 6.37, 6.78, 6.512, 6.415, 6.885, 6.652, 4.967, 3.4, 3.42, 3.994, 3.872, 3.254, 2.457, 2.385, 3.359, 4.973, 3.436, 2.44, 3.139, 4.279, 4.863, 6.019], [17.651, 17.586, 16.695, 15.568, 14.589, 14.354, 14.817, 15.941, 19.12, 18.722, 14.525, 9.895, 7.015, 5.493, 5.074, 4.961, 5.015, 5.147, 4.466, 3.385, 2.619, 2.276, 1.789, 1.379, 0.0, 1.34, 2.079, 2.455, 2.505, 2.627, 3.026, 4.135, 5.073, 4.948, 4.121, 3.999, 4.709, 5.719, 5.686, 5.693, 5.102, 4.488, 4.027, 1.536, 2.838, 5.616, 5.693, 4.79, 3.774, 3.823, 4.108, 3.49, 2.453, 1.852, 1.875, 2.329, 2.164, 2.6, 3.529, 4.134, 4.004, 4.021, 3.585, 3.542, 3.899, 3.78, 3.721, 3.923, 4.054, 3.289, 3.222, 4.025, 3.812, 3.842, 3.179, 2.935, 2.389, 2.473, 2.477, 2.681, 3.594, 4.051, 3.873, 4.451, 3.85, 3.102, 3.66, 4.201, 4.985, 5.578, 5.736, 4.924, 4.504, 3.7, 2.652, 2.287, 2.958, 3.416, 3.517, 2.943, 2.586, 2.586, 2.544, 2.093, 2.193, 2.263, 1.714, 1.973, 2.427, 2.59, 2.119, 2.244, 2.143, 1.915, 1.892, 3.237, 4.739, 4.613, 4.069, 4.105, 4.092, 4.335, 4.037, 3.863, 3.841, 3.989, 3.778, 4.227, 4.501, 4.628, 4.154, 3.492, 4.377, 4.606, 4.365, 5.396, 7.054, 7.693, 7.003, 7.129, 7.819, 7.552, 5.233, 3.468, 3.148, 3.753, 4.177, 3.94, 2.885, 2.79, 3.778, 5.356, 3.874, 2.82, 3.883, 5.144, 5.762, 6.886], [18.681, 18.619, 17.722, 16.621, 15.625, 15.23, 15.728, 17.025, 20.172, 19.804, 15.591, 10.995, 8.102, 6.555, 6.134, 5.957, 6.1, 6.216, 5.55, 4.473, 3.757, 3.391, 2.707, 2.368, 1.34, 0.0, 1.229, 1.491, 1.605, 1.873, 2.509, 3.232, 3.984, 3.842, 3.225, 3.094, 3.846, 4.946, 4.8, 5.343, 4.813, 4.318, 3.743, 1.201, 3.81, 6.637, 6.572, 5.221, 4.512, 4.728, 4.677, 3.831, 2.939, 2.103, 1.496, 2.016, 1.751, 1.953, 2.611, 3.193, 3.129, 3.297, 2.857, 2.615, 3.056, 2.991, 2.983, 3.089, 3.201, 2.639, 2.826, 3.63, 3.382, 3.232, 2.806, 2.424, 2.062, 2.202, 2.324, 2.467, 3.13, 3.525, 3.042, 3.526, 2.952, 2.653, 3.386, 3.634, 4.142, 4.713, 4.857, 4.292, 4.136, 3.575, 2.511, 2.159, 2.147, 2.651, 2.746, 2.252, 2.214, 2.968, 3.383, 2.981, 2.864, 2.901, 2.301, 2.513, 3.186, 3.371, 3.226, 3.346, 2.924, 2.453, 2.579, 4.126, 5.831, 5.567, 5.09, 4.935, 4.892, 4.906, 4.58, 4.142, 3.852, 3.903, 3.552, 3.824, 3.792, 3.833, 3.592, 3.674, 5.056, 5.417, 5.091, 6.049, 7.862, 8.518, 7.676, 7.879, 8.885, 8.615, 6.154, 4.097, 3.712, 4.382, 5.13, 4.966, 3.662, 3.521, 4.631, 5.822, 4.833, 3.615, 4.93, 6.186, 6.772, 7.968], [19.506, 19.488, 18.605, 17.472, 16.451, 16.159, 16.608, 17.836, 21.004, 20.644, 16.439, 11.822, 8.941, 7.402, 6.923, 6.797, 6.946, 7.091, 6.384, 5.273, 4.478, 4.05, 3.386, 3.052, 2.079, 1.229, 0.0, 0.964, 1.347, 1.601, 2.251, 2.653, 3.304, 3.141, 2.737, 2.695, 3.512, 4.444, 4.411, 4.956, 4.427, 3.977, 3.385, 1.299, 4.659, 7.519, 7.42, 5.941, 5.316, 5.521, 5.484, 4.694, 3.717, 2.969, 1.909, 2.144, 1.894, 1.748, 1.916, 2.508, 2.621, 2.675, 2.199, 2.282, 2.501, 2.532, 2.468, 2.616, 2.756, 2.277, 2.494, 3.284, 2.924, 2.657, 2.393, 2.33, 1.985, 2.007, 2.195, 2.097, 2.606, 2.806, 2.198, 2.674, 2.396, 1.939, 2.879, 2.98, 3.438, 3.968, 4.051, 3.672, 4.049, 3.604, 2.565, 1.71, 1.718, 2.391, 2.641, 2.345, 2.446, 3.572, 4.062, 3.676, 3.425, 3.135, 2.806, 3.044, 3.843, 4.063, 3.856, 3.973, 3.665, 3.097, 3.352, 4.979, 6.619, 6.405, 5.953, 5.77, 5.752, 5.676, 5.165, 4.631, 4.179, 4.148, 3.78, 3.505, 3.335, 3.511, 3.462, 4.325, 5.849, 6.322, 5.942, 6.894, 8.756, 9.452, 8.479, 8.753, 9.722, 9.457, 6.972, 4.881, 4.453, 5.121, 5.971, 5.787, 4.584, 4.428, 5.462, 6.627, 5.625, 4.459, 5.783, 7.062, 7.654, 8.806], [19.867, 19.85, 18.948, 17.839, 16.776, 16.44, 16.875, 18.17, 21.386, 21.006, 16.815, 12.204, 9.323, 7.77, 7.347, 7.17, 7.332, 7.505, 6.766, 5.683, 4.848, 4.429, 3.749, 3.402, 2.455, 1.491, 0.964, 0.0, 0.782, 1.243, 1.847, 2.148, 2.923, 2.83, 2.549, 2.421, 3.112, 3.985, 3.985, 4.55, 4.055, 3.571, 3.009, 1.526, 5.043, 7.866, 7.81, 6.469, 5.735, 5.927, 5.881, 4.999, 4.106, 3.323, 2.064, 2.264, 2.19, 1.875, 1.696, 2.331, 2.622, 2.898, 2.411, 2.35, 2.718, 2.546, 2.491, 2.58, 2.665, 2.284, 2.686, 3.753, 3.388, 3.107, 2.913, 2.756, 2.418, 2.472, 2.597, 2.57, 3.003, 2.974, 2.269, 2.635, 2.562, 2.268, 3.191, 3.28, 3.718, 4.271, 4.238, 4.041, 4.492, 4.028, 2.913, 2.016, 2.12, 2.554, 2.629, 2.25, 2.394, 3.509, 4.119, 3.779, 3.493, 3.302, 3.075, 3.438, 4.269, 4.442, 4.205, 4.35, 3.983, 3.487, 3.734, 5.326, 6.997, 6.797, 6.324, 6.158, 6.141, 6.112, 5.584, 5.101, 4.575, 4.478, 4.078, 3.875, 3.695, 3.857, 3.749, 4.696, 6.309, 6.694, 6.297, 7.27, 9.079, 9.773, 8.926, 9.088, 10.073, 9.84, 7.363, 5.255, 4.828, 5.498, 6.34, 6.189, 4.91, 4.781, 5.861, 6.994, 6.019, 4.854, 6.144, 7.405, 8.017, 9.17], [19.834, 19.796, 18.903, 17.794, 16.745, 16.383, 16.823, 18.147, 21.341, 20.966, 16.769, 12.159, 9.278, 7.728, 7.356, 7.189, 7.287, 7.454, 6.73, 5.675, 4.927, 4.523, 3.843, 3.494, 2.505, 1.605, 1.347, 0.782, 0.0, 0.891, 1.551, 2.023, 2.877, 2.807, 2.458, 2.261, 2.991, 3.759, 3.718, 4.238, 3.7, 3.211, 2.669, 1.608, 4.998, 7.831, 7.841, 6.611, 5.794, 5.951, 5.964, 5.05, 4.108, 3.257, 1.92, 2.121, 2.2, 1.916, 1.853, 2.462, 2.748, 3.049, 2.674, 2.418, 2.842, 2.623, 2.562, 2.62, 2.686, 2.432, 3.058, 4.062, 3.765, 3.454, 3.185, 3.111, 2.744, 2.843, 3.064, 2.912, 3.363, 3.324, 2.621, 3.003, 2.912, 2.76, 3.742, 3.774, 4.186, 4.754, 4.662, 4.519, 4.829, 4.4, 3.282, 2.416, 2.531, 2.985, 3.026, 2.341, 2.333, 3.433, 4.19, 3.848, 3.572, 3.406, 3.164, 3.61, 4.431, 4.595, 4.33, 4.474, 4.087, 3.667, 3.798, 5.316, 6.984, 6.775, 6.301, 6.178, 6.162, 6.142, 5.686, 5.335, 4.9, 4.718, 4.337, 4.199, 4.05, 4.183, 4.067, 4.759, 6.341, 6.677, 6.302, 7.291, 9.062, 9.731, 9.006, 9.108, 10.032, 9.789, 7.356, 5.298, 4.845, 5.572, 6.343, 6.171, 4.88, 4.772, 5.887, 7.14, 6.07, 4.858, 6.098, 7.369, 7.955, 9.144], [19.942, 19.937, 19.052, 17.927, 16.87, 16.554, 16.93, 18.266, 21.488, 21.108, 16.916, 12.306, 9.425, 7.874, 7.503, 7.343, 7.457, 7.605, 6.908, 5.824, 5.055, 4.562, 3.908, 3.573, 2.627, 1.873, 1.601, 1.243, 0.891, 0.0, 0.977, 1.832, 2.822, 2.747, 2.245, 1.93, 2.626, 3.402, 3.349, 3.853, 3.346, 2.833, 2.298, 1.8, 5.106, 7.983, 7.978, 6.814, 5.989, 6.12, 6.153, 5.288, 4.241, 3.449, 2.129, 2.118, 2.298, 2.012, 1.856, 2.514, 2.871, 3.151, 2.866, 2.666, 2.9, 2.698, 2.405, 2.496, 2.614, 2.624, 3.427, 4.496, 4.221, 3.885, 3.622, 3.467, 3.219, 3.261, 3.487, 3.388, 3.857, 3.671, 2.884, 3.124, 3.116, 3.209, 4.236, 4.269, 4.636, 5.257, 4.998, 4.993, 5.3, 4.876, 3.593, 2.791, 2.987, 3.438, 3.468, 2.679, 2.457, 3.561, 4.348, 3.999, 3.677, 3.538, 3.324, 3.865, 4.688, 4.881, 4.491, 4.651, 4.263, 3.856, 3.923, 5.455, 7.123, 6.932, 6.448, 6.383, 6.408, 6.444, 6.022, 5.756, 5.372, 5.182, 4.781, 4.611, 4.501, 4.645, 4.467, 4.98, 6.538, 6.822, 6.49, 7.474, 9.274, 9.924, 9.224, 9.263, 10.172, 9.925, 7.58, 5.489, 5.067, 5.756, 6.473, 6.304, 5.059, 4.929, 6.064, 7.411, 6.228, 5.023, 6.26, 7.506, 8.13, 9.287], [20.307, 20.286, 19.409, 18.286, 17.222, 16.892, 17.136, 18.617, 21.847, 21.466, 17.275, 12.664, 9.784, 8.284, 7.784, 7.684, 7.813, 7.925, 7.248, 6.188, 5.41, 4.872, 4.287, 3.862, 3.026, 2.509, 2.251, 1.847, 1.551, 0.977, 0.0, 1.612, 2.648, 2.59, 2.458, 2.03, 2.131, 3.034, 3.16, 3.468, 3.101, 2.518, 2.321, 2.38, 5.457, 8.346, 8.396, 7.353, 6.335, 6.507, 6.547, 5.79, 4.812, 3.841, 2.693, 2.559, 2.874, 2.628, 2.246, 2.662, 3.04, 3.418, 3.364, 3.318, 3.157, 2.991, 2.592, 2.497, 2.621, 3.201, 4.018, 5.131, 4.804, 4.502, 4.286, 4.063, 3.791, 3.894, 4.125, 4.024, 4.462, 4.289, 3.466, 3.586, 3.656, 3.779, 4.734, 4.792, 5.156, 5.771, 5.528, 5.559, 5.87, 5.423, 4.159, 3.293, 3.521, 3.963, 3.93, 3.082, 2.941, 3.824, 4.604, 4.261, 3.956, 3.801, 3.767, 4.44, 5.147, 5.34, 4.854, 4.963, 4.601, 4.143, 4.318, 5.771, 7.483, 7.301, 6.838, 6.941, 6.906, 7.081, 6.721, 6.354, 6.015, 5.78, 5.289, 5.131, 5.05, 5.197, 5.02, 5.46, 7.117, 7.272, 6.922, 7.925, 9.658, 10.273, 9.593, 9.602, 10.528, 10.284, 7.989, 6.085, 5.61, 6.244, 6.862, 6.688, 5.438, 5.314, 6.491, 7.939, 6.538, 5.513, 6.713, 7.881, 8.507, 9.639], [21.638, 21.612, 20.723, 19.611, 18.567, 18.2, 18.632, 19.962, 23.161, 22.776, 18.577, 13.965, 11.088, 9.547, 9.089, 8.912, 9.062, 9.212, 8.516, 7.409, 6.552, 6.147, 5.424, 5.091, 4.135, 3.232, 2.653, 2.148, 2.023, 1.832, 1.612, 0.0, 1.304, 1.651, 2.286, 2.122, 1.92, 2.164, 2.437, 2.958, 2.603, 2.356, 2.4, 3.121, 6.79, 9.632, 9.5, 8.225, 7.405, 7.662, 7.608, 6.651, 5.855, 5.025, 3.611, 3.517, 3.623, 3.316, 2.243, 2.586, 3.064, 3.444, 3.353, 3.286, 3.155, 3.221, 2.784, 2.329, 2.379, 3.187, 4.206, 5.242, 4.829, 4.543, 4.547, 4.638, 4.072, 4.152, 4.37, 4.291, 4.545, 4.325, 3.325, 3.169, 3.42, 3.666, 4.338, 4.342, 4.822, 5.415, 5.135, 5.364, 5.88, 5.562, 4.362, 3.23, 3.314, 3.6, 3.714, 3.097, 3.254, 4.576, 5.378, 4.996, 4.674, 4.531, 4.431, 5.096, 5.937, 6.095, 5.745, 5.892, 5.53, 4.884, 5.357, 6.994, 8.741, 8.561, 8.091, 8.024, 7.961, 7.965, 7.58, 7.117, 6.496, 6.15, 5.595, 5.289, 5.079, 5.222, 5.266, 6.392, 8.109, 8.385, 7.987, 8.985, 10.821, 11.532, 10.55, 10.774, 11.852, 11.607, 9.13, 7.038, 6.621, 7.183, 8.092, 7.932, 6.62, 6.487, 7.579, 8.822, 7.737, 6.607, 7.922, 9.189, 9.778, 10.939], [22.622, 22.526, 21.622, 20.519, 19.574, 19.18, 19.681, 20.972, 24.071, 23.697, 19.509, 14.886, 11.988, 10.468, 9.991, 9.819, 9.992, 10.088, 9.415, 8.289, 7.474, 7.188, 6.453, 6.112, 5.073, 3.984, 3.304, 2.923, 2.877, 2.822, 2.648, 1.304, 0.0, 1.303, 2.33, 2.137, 1.921, 2.032, 2.397, 2.912, 2.746, 2.613, 2.797, 3.982, 7.765, 10.579, 10.348, 8.845, 8.271, 8.547, 8.419, 7.545, 6.754, 5.86, 4.467, 4.323, 4.445, 3.959, 2.498, 2.551, 3.004, 3.462, 3.581, 3.478, 3.46, 3.588, 3.212, 2.578, 2.574, 3.511, 4.672, 5.497, 5.084, 4.77, 4.953, 5.146, 4.514, 4.648, 4.806, 4.634, 4.823, 4.559, 3.637, 3.291, 3.639, 3.959, 4.516, 4.42, 4.829, 5.321, 5.066, 5.484, 6.175, 5.88, 4.949, 3.744, 3.587, 3.598, 3.499, 3.155, 3.523, 4.992, 5.921, 5.587, 5.205, 5.086, 5.204, 5.86, 6.73, 6.816, 6.592, 6.749, 6.28, 5.666, 6.214, 7.943, 9.687, 9.494, 9.004, 8.825, 8.776, 8.673, 8.257, 7.577, 6.943, 6.584, 5.949, 5.668, 5.344, 5.545, 5.74, 7.306, 8.869, 9.191, 8.838, 9.873, 11.772, 12.376, 11.308, 11.662, 12.81, 12.539, 10.048, 7.888, 7.484, 8.085, 9.019, 8.821, 7.468, 7.338, 8.442, 9.506, 8.605, 7.481, 8.824, 10.107, 10.67, 11.859], [22.499, 22.42, 21.45, 20.402, 19.447, 19.035, 19.537, 20.849, 23.861, 23.502, 19.337, 14.686, 11.833, 10.37, 9.814, 9.664, 9.892, 9.977, 9.266, 8.13, 7.279, 7.035, 6.308, 5.964, 4.948, 3.842, 3.141, 2.83, 2.807, 2.747, 2.59, 1.651, 1.303, 0.0, 1.762, 1.775, 1.792, 2.39, 2.905, 3.503, 2.958, 2.778, 2.745, 3.877, 7.606, 10.409, 10.148, 8.556, 8.046, 8.376, 8.278, 7.307, 6.591, 5.609, 4.345, 4.192, 4.278, 3.691, 2.529, 2.706, 3.135, 3.499, 3.424, 3.695, 3.788, 3.892, 3.506, 2.928, 2.878, 3.863, 4.732, 5.289, 4.636, 4.362, 4.615, 4.747, 4.084, 4.221, 4.437, 4.304, 4.732, 4.535, 3.405, 3.089, 3.371, 3.644, 4.178, 4.048, 4.339, 4.886, 4.666, 5.016, 5.532, 5.252, 4.557, 3.633, 3.105, 3.037, 2.72, 2.68, 3.292, 4.824, 5.736, 5.405, 5.127, 4.995, 5.082, 5.718, 6.599, 6.721, 6.504, 6.509, 6.025, 5.365, 6.014, 7.803, 9.571, 9.35, 8.896, 8.713, 8.555, 8.487, 8.078, 7.334, 6.638, 6.187, 5.508, 5.162, 4.89, 5.087, 5.344, 7.146, 8.673, 9.06, 8.653, 9.711, 11.635, 12.237, 11.074, 11.488, 12.701, 12.431, 9.947, 7.766, 7.346, 7.856, 8.895, 8.715, 7.357, 7.223, 8.299, 9.228, 8.443, 7.203, 8.672, 9.936, 10.478, 11.729], [21.618, 21.524, 20.576, 19.515, 18.545, 18.142, 18.596, 19.947, 22.979, 22.619, 18.451, 13.799, 10.952, 9.486, 8.931, 8.782, 9.008, 9.108, 8.39, 7.259, 6.398, 6.113, 5.38, 5.041, 4.121, 3.225, 2.737, 2.549, 2.458, 2.245, 2.458, 2.286, 2.33, 1.762, 0.0, 1.112, 2.112, 2.781, 3.551, 4.13, 3.422, 2.929, 2.368, 3.219, 6.689, 9.524, 9.259, 7.657, 7.165, 7.47, 7.403, 6.474, 5.681, 4.768, 3.52, 3.395, 3.618, 3.468, 2.895, 3.439, 3.746, 3.848, 3.721, 3.934, 4.168, 4.114, 3.832, 3.487, 3.501, 3.943, 4.518, 5.222, 4.583, 4.424, 4.599, 4.456, 4.229, 4.2, 4.493, 4.429, 4.75, 4.61, 3.457, 3.338, 3.562, 3.756, 4.182, 4.03, 4.296, 4.862, 4.636, 4.8, 5.473, 5.306, 4.291, 3.616, 3.079, 2.896, 2.428, 2.296, 2.832, 3.95, 4.885, 4.581, 4.25, 4.118, 4.371, 5.048, 5.785, 5.882, 5.652, 5.618, 5.229, 4.625, 5.246, 6.928, 8.686, 8.464, 8.011, 7.837, 7.678, 7.878, 7.512, 6.907, 6.432, 6.271, 5.627, 5.181, 4.889, 5.103, 5.432, 6.441, 7.843, 8.186, 7.761, 8.801, 10.743, 11.36, 10.174, 10.576, 11.824, 11.547, 9.155, 7.223, 6.728, 7.114, 8.088, 7.831, 6.482, 6.345, 7.41, 8.354, 7.56