[[0.0, 0.989, 1.164, 1.361, 1.729, 2.078, 2.991, 4.239, 2.918, 1.8, 2.712, 6.073, 7.766, 7.552, 9.361, 11.322, 11.291, 10.247, 9.766, 12.599, 15.944, 15.179, 14.403, 14.535, 14.715, 15.24, 16.04, 16.483, 15.69, 13.139, 12.26, 12.108, 11.434, 13.139, 15.449, 16.183, 17.001, 17.87, 17.96, 18.221, 20.378, 21.245, 20.154, 20.493, 22.531, 21.247, 21.139, 21.009, 18.101, 15.923, 17.828, 19.753, 17.428, 15.982, 16.75, 17.012, 16.035, 14.844, 14.732, 15.269, 15.813, 15.823, 15.465, 15.992, 16.857, 16.833, 17.869, 19.415, 19.774, 20.826, 22.306, 21.7, 19.783, 19.638, 20.149, 20.445, 20.42, 21.138, 24.408, 28.306, 31.211, 33.213, 33.67, 32.698, 30.376, 29.671, 30.884, 31.484, 31.45, 33.623, 33.79, 31.391, 30.526, 30.133, 30.873, 30.005, 26.276, 24.164, 22.97, 21.769, 20.877, 19.518, 18.845, 21.029, 22.434, 20.101, 21.523, 21.194, 18.943, 18.561, 18.525, 17.062, 16.511, 16.062, 15.548, 14.856, 14.8, 14.559, 13.829, 13.206, 13.544, 16.664, 18.047, 17.784, 18.527, 18.531, 18.855, 20.269, 21.827, 23.698, 24.885, 23.193, 24.945, 27.887, 29.709, 29.27, 26.463, 23.712, 23.512, 22.836, 21.776, 21.159, 20.494, 18.74, 17.648, 17.932, 19.118, 19.659, 19.119, 19.971, 21.237, 22.246, 22.663, 17.245, 14.409, 16.213, 10.671, 2.943, 2.636, 3.043, 3.279, 4.642, 5.22, 4.746, 4.551, 4.499, 3.901, 3.406, 3.419, 3.72, 3.519, 3.583, 3.719, 3.491, 3.095, 3.216, 3.189, 2.274, 1.674, 5.445, 6.593, 6.149, 8.133, 16.568, 22.591, 22.301, 18.419, 16.708, 17.102, 17.161, 17.058, 17.225, 18.935, 20.11, 20.243, 19.797, 18.472, 17.302, 17.166, 17.533, 18.185, 17.402, 15.74, 13.514, 12.35, 12.307], [0.989, 0.0, 0.676, 1.114, 1.531, 1.868, 2.934, 3.86, 2.587, 1.947, 2.876, 6.14, 7.761, 7.568, 8.859, 10.867, 10.814, 9.863, 9.529, 12.568, 15.725, 14.967, 14.256, 14.29, 14.305, 14.964, 15.689, 16.011, 15.214, 12.64, 11.83, 11.776, 11.066, 12.652, 14.942, 15.714, 16.617, 17.419, 17.561, 17.772, 19.942, 20.812, 19.738, 20.08, 22.11, 20.772, 20.618, 20.529, 17.671, 15.534, 17.36, 19.247, 16.901, 15.607, 16.274, 16.587, 15.603, 14.477, 14.37, 14.878, 15.358, 15.353, 15.088, 15.585, 16.449, 16.412, 17.424, 18.943, 19.338, 20.336, 21.826, 21.218, 19.323, 19.166, 19.658, 19.968, 19.932, 20.624, 23.919, 27.851, 30.72, 32.725, 33.203, 32.216, 29.9, 29.245, 30.447, 31.003, 30.983, 33.132, 33.309, 30.849, 30.035, 29.657, 30.383, 29.503, 25.802, 23.688, 22.497, 21.29, 20.425, 19.084, 18.409, 20.557, 21.981, 19.633, 21.04, 20.786, 18.483, 18.101, 18.06, 16.65, 16.075, 15.644, 15.105, 14.393, 14.392, 14.177, 13.39, 12.812, 13.101, 16.294, 17.558, 17.335, 18.047, 18.045, 18.417, 19.855, 21.406, 23.29, 24.441, 22.738, 24.497, 27.386, 29.253, 28.786, 25.988, 23.298, 23.05, 22.435, 21.375, 20.725, 20.089, 18.314, 17.142, 17.499, 18.662, 19.207, 18.602, 19.441, 20.763, 21.736, 22.175, 16.836, 13.9, 15.731, 10.191, 2.494, 2.732, 3.182, 3.467, 5.065, 5.689, 5.106, 4.695, 4.524, 3.863, 3.244, 3.297, 3.597, 3.573, 3.797, 3.798, 3.592, 3.565, 3.688, 3.535, 2.619, 1.524, 5.042, 6.578, 6.038, 7.762, 16.081, 22.167, 21.804, 17.996, 16.284, 16.68, 16.742, 16.581, 16.738, 18.457, 19.601, 19.776, 19.348, 18.01, 16.96, 16.729, 17.133, 17.713, 17.032, 15.453, 13.414, 12.382, 12.16], [1.164, 0.676, 0.0, 0.963, 1.341, 1.771, 2.984, 4.002, 2.582, 1.965, 2.899, 6.135, 7.786, 7.588, 8.843, 10.774, 10.816, 9.864, 9.561, 12.589, 15.741, 14.983, 14.327, 14.336, 14.312, 15.014, 15.735, 15.951, 15.12, 12.64, 11.879, 11.818, 11.184, 12.817, 15.014, 15.715, 16.586, 17.351, 17.451, 17.775, 19.866, 20.741, 19.616, 19.943, 22.014, 20.807, 20.715, 20.464, 17.693, 15.557, 17.364, 19.236, 16.952, 15.464, 16.209, 16.457, 15.522, 14.564, 14.41, 14.865, 15.292, 15.318, 15.076, 15.567, 16.451, 16.307, 17.466, 18.998, 19.319, 20.375, 21.882, 21.253, 19.347, 19.196, 19.693, 20.03, 19.996, 20.695, 23.971, 27.872, 30.693, 32.658, 33.128, 32.221, 29.876, 29.143, 30.343, 31.044, 31.029, 33.203, 33.246, 30.911, 30.08, 29.677, 30.403, 29.538, 25.833, 23.732, 22.525, 21.276, 20.336, 18.976, 18.298, 20.474, 21.915, 19.666, 21.043, 20.703, 18.386, 17.997, 17.988, 16.583, 15.965, 15.52, 15.025, 14.337, 14.341, 14.139, 13.437, 12.903, 13.155, 16.163, 17.563, 17.224, 18.029, 18.003, 18.344, 19.726, 21.281, 23.159, 24.378, 22.696, 24.444, 27.389, 29.212, 28.793, 25.962, 23.214, 23.052, 22.347, 21.235, 20.636, 20.044, 18.327, 17.154, 17.425, 18.588, 19.166, 18.674, 19.509, 20.794, 21.788, 22.125, 16.771, 14.028, 15.767, 10.289, 2.546, 2.663, 3.069, 3.505, 5.156, 5.76, 5.183, 4.629, 4.407, 3.814, 3.185, 3.183, 3.392, 3.485, 3.718, 3.613, 3.49, 3.609, 3.733, 3.473, 2.454, 1.564, 4.961, 6.706, 6.064, 7.885, 16.102, 22.085, 21.865, 17.903, 16.2, 16.647, 16.908, 16.576, 16.786, 18.438, 19.621, 19.771, 19.256, 17.967, 17.013, 16.641, 17.003, 17.668, 17.081, 15.5, 13.443, 12.405, 12.193], [1.361, 1.114, 0.963, 0.0, 1.239, 1.469, 2.712, 3.803, 2.337, 1.65, 2.586, 5.928, 7.584, 7.336, 8.767, 10.624, 10.68, 9.645, 9.301, 12.361, 15.528, 14.784, 14.136, 14.132, 14.137, 14.807, 15.565, 15.861, 15.05, 12.571, 11.75, 11.652, 11.088, 12.72, 14.999, 15.664, 16.357, 17.184, 17.236, 17.655, 19.786, 20.585, 19.525, 19.818, 21.865, 20.881, 20.777, 20.442, 17.55, 15.416, 17.286, 19.279, 17.02, 15.385, 16.127, 16.384, 15.457, 14.467, 14.304, 14.678, 15.12, 15.13, 14.949, 15.328, 16.215, 16.094, 17.459, 18.943, 19.212, 20.411, 21.912, 21.24, 19.329, 19.231, 19.747, 20.104, 20.065, 20.773, 24.046, 27.939, 30.75, 32.696, 33.131, 32.242, 29.86, 29.084, 30.341, 31.019, 31.105, 33.281, 33.32, 30.976, 30.123, 29.678, 30.373, 29.489, 25.853, 23.684, 22.536, 21.211, 20.325, 18.912, 18.235, 20.501, 21.881, 19.652, 20.995, 20.628, 18.307, 17.917, 17.877, 16.492, 15.855, 15.299, 14.827, 14.258, 14.184, 14.006, 13.435, 12.832, 13.031, 15.962, 17.608, 17.16, 18.068, 18.054, 18.293, 19.64, 21.176, 23.047, 24.303, 22.726, 24.391, 27.446, 29.258, 28.834, 25.972, 23.174, 22.905, 22.278, 21.016, 20.473, 19.915, 18.21, 17.079, 17.334, 18.57, 19.185, 18.719, 19.581, 20.759, 21.864, 22.185, 16.551, 13.965, 15.84, 10.315, 2.5, 2.797, 3.16, 3.583, 5.265, 5.849, 5.246, 4.767, 4.649, 4.045, 3.34, 3.257, 3.611, 3.572, 3.755, 3.699, 3.523, 3.619, 3.768, 3.459, 2.33, 1.598, 4.901, 6.504, 5.855, 7.717, 16.052, 21.884, 21.908, 17.795, 16.009, 16.49, 16.847, 16.464, 16.798, 18.383, 19.665, 19.762, 19.158, 17.892, 16.826, 16.558, 16.832, 17.583, 16.903, 15.297, 13.234, 12.185, 11.982], [1.729, 1.531, 1.341, 1.239, 0.0, 0.995, 2.482, 3.695, 2.29, 2.377, 3.032, 5.668, 7.214, 6.968, 8.502, 10.497, 10.445, 9.474, 9.119, 11.982, 15.24, 14.54, 13.881, 13.774, 13.81, 14.448, 15.201, 15.504, 14.693, 12.237, 11.431, 11.414, 10.968, 12.569, 14.881, 15.517, 16.193, 16.959, 17.124, 17.394, 19.529, 20.408, 19.182, 19.536, 21.712, 20.639, 20.586, 20.144, 17.211, 15.139, 16.976, 18.961, 16.764, 15.136, 15.845, 16.075, 15.17, 14.199, 13.993, 14.563, 14.928, 15.01, 14.697, 15.193, 16.103, 15.897, 17.192, 18.816, 19.018, 20.174, 21.668, 21.033, 19.079, 18.978, 19.433, 19.815, 19.779, 20.446, 23.754, 27.663, 30.379, 32.334, 32.734, 31.924, 29.523, 28.741, 29.979, 30.808, 30.829, 32.965, 33.04, 30.653, 29.837, 29.423, 30.198, 29.306, 25.636, 23.515, 22.303, 21.018, 20.046, 18.66, 17.902, 20.149, 21.631, 19.349, 20.783, 20.41, 17.956, 17.548, 17.485, 16.149, 15.59, 15.139, 14.633, 13.872, 13.923, 13.856, 13.17, 12.647, 12.91, 15.81, 17.349, 16.907, 17.796, 17.717, 17.966, 19.344, 20.764, 22.718, 24.132, 22.431, 24.063, 27.14, 28.948, 28.598, 25.693, 22.86, 22.734, 21.986, 20.888, 20.3, 19.669, 17.855, 16.761, 17.032, 18.27, 18.894, 18.406, 19.254, 20.539, 21.564, 21.789, 16.418, 13.829, 15.558, 10.036, 2.472, 2.951, 3.306, 4.009, 5.68, 6.196, 5.604, 5.115, 5.07, 4.477, 3.752, 3.695, 3.937, 3.789, 4.021, 4.131, 3.976, 4.045, 4.183, 3.866, 2.722, 1.684, 4.589, 6.24, 5.523, 7.493, 15.837, 21.764, 21.634, 17.417, 15.859, 16.246, 16.609, 16.35, 16.578, 18.199, 19.418, 19.557, 18.785, 17.501, 16.479, 16.234, 16.56, 17.214, 16.55, 14.939, 12.872, 11.82, 11.587], [2.078, 1.868, 1.771, 1.469, 0.995, 0.0, 1.957, 3.236, 1.921, 2.634, 2.811, 5.144, 6.595, 6.35, 7.961, 9.966, 10.048, 8.804, 8.398, 11.267, 14.522, 13.903, 13.299, 13.026, 13.102, 13.68, 14.427, 14.858, 14.042, 11.699, 10.755, 10.777, 10.58, 12.161, 14.46, 15.113, 15.644, 16.359, 16.602, 16.866, 19.082, 19.988, 18.747, 19.127, 21.228, 20.221, 20.174, 19.651, 16.492, 14.491, 16.561, 18.575, 16.333, 14.653, 15.412, 15.629, 14.76, 13.523, 13.351, 14.002, 14.506, 14.443, 14.017, 14.551, 15.53, 15.376, 16.769, 18.397, 18.59, 19.787, 21.297, 20.659, 18.679, 18.599, 19.063, 19.439, 19.402, 20.071, 23.376, 27.291, 29.999, 31.938, 32.318, 31.539, 29.131, 28.349, 29.592, 30.425, 30.454, 32.591, 32.652, 30.271, 29.453, 29.051, 29.819, 28.931, 25.255, 23.139, 21.93, 20.635, 19.675, 18.249, 17.5, 19.773, 21.236, 18.97, 20.399, 20.006, 17.299, 16.909, 16.885, 15.64, 15.081, 14.597, 13.999, 13.185, 13.269, 13.324, 12.671, 12.066, 12.41, 15.367, 16.96, 16.522, 17.419, 17.34, 17.525, 18.85, 20.215, 22.15, 23.724, 22.026, 23.672, 26.754, 28.565, 28.213, 25.308, 22.462, 22.308, 21.595, 20.317, 19.719, 19.087, 17.194, 16.169, 16.566, 17.892, 18.505, 18.031, 18.873, 20.14, 21.19, 21.383, 15.879, 13.405, 15.181, 9.656, 2.265, 3.536, 3.926, 4.538, 6.277, 6.867, 6.287, 5.884, 5.781, 5.192, 4.345, 4.288, 4.525, 4.368, 4.651, 4.763, 4.544, 4.603, 4.761, 4.509, 3.392, 1.854, 4.148, 5.714, 4.932, 6.919, 15.453, 21.294, 21.235, 16.948, 15.3, 15.679, 16.03, 15.922, 16.185, 17.83, 19.042, 19.153, 18.305, 16.814, 15.685, 15.577, 15.959, 16.559, 15.757, 14.181, 12.171, 11.187, 10.871], [2.991, 2.934, 2.984, 2.712, 2.482, 1.957, 0.0, 1.602, 1.176, 3.467, 2.698, 4.399, 5.677, 5.291, 6.655, 8.639, 8.562, 7.591, 7.27, 10.088, 13.34, 12.551, 11.809, 11.886, 12.026, 12.578, 13.368, 13.79, 12.99, 10.44, 9.566, 9.485, 9.269, 10.66, 12.877, 13.53, 14.342, 15.213, 15.237, 15.489, 17.587, 18.403, 17.338, 17.71, 19.864, 18.664, 18.589, 18.322, 15.412, 13.264, 14.986, 16.962, 14.752, 13.173, 13.94, 14.212, 13.277, 12.196, 12.052, 12.574, 12.994, 13.141, 12.815, 13.338, 14.218, 14.104, 15.134, 16.785, 16.968, 18.106, 19.58, 18.964, 17.041, 16.913, 17.4, 17.742, 17.706, 18.395, 21.683, 25.596, 28.439, 30.387, 30.848, 29.914, 27.548, 26.825, 28.104, 28.763, 28.74, 30.888, 31.025, 28.618, 27.787, 27.391, 28.148, 27.255, 23.568, 21.449, 20.234, 19.01, 18.148, 16.716, 16.065, 18.239, 19.63, 17.323, 18.746, 18.427, 16.244, 15.811, 15.751, 14.379, 13.85, 13.403, 12.893, 12.159, 12.147, 11.894, 11.205, 10.621, 10.892, 13.882, 15.313, 15.004, 15.847, 15.791, 16.067, 17.492, 18.966, 20.934, 22.189, 20.436, 22.112, 25.147, 26.99, 26.548, 23.676, 20.91, 20.737, 20.032, 19.108, 18.499, 17.837, 16.048, 14.93, 15.123, 16.369, 16.858, 16.356, 17.215, 18.514, 19.5, 19.877, 14.499, 11.808, 13.538, 7.973, 1.798, 4.466, 4.929, 5.762, 7.478, 8.0, 7.359, 7.067, 7.017, 6.336, 5.602, 5.627, 6.082, 5.859, 6.08, 6.208, 6.046, 5.872, 5.987, 5.808, 4.699, 2.435, 2.822, 4.213, 3.707, 5.452, 13.879, 19.784, 19.608, 15.576, 14.012, 14.416, 14.544, 14.394, 14.589, 16.249, 17.494, 17.593, 17.06, 15.775, 14.632, 14.51, 14.79, 15.479, 14.718, 13.082, 10.953, 9.991, 9.709], [4.239, 3.86, 4.002, 3.803, 3.695, 3.236, 1.602, 0.0, 1.869, 4.639, 3.289, 4.217, 5.163, 4.869, 5.696, 7.495, 7.441, 6.62, 6.442, 9.543, 12.516, 11.751, 11.045, 11.165, 11.127, 11.806, 12.557, 12.888, 12.06, 9.529, 8.763, 8.641, 8.237, 9.319, 11.58, 12.137, 13.319, 14.198, 14.079, 14.569, 16.594, 17.156, 16.33, 16.58, 18.772, 17.585, 17.331, 17.397, 14.528, 12.377, 13.862, 15.737, 13.525, 12.162, 12.958, 13.25, 12.207, 11.342, 11.215, 11.559, 11.688, 12.026, 11.883, 12.314, 13.177, 13.001, 13.913, 15.379, 15.736, 16.772, 18.218, 17.564, 15.734, 15.555, 16.095, 16.437, 16.398, 17.138, 20.387, 24.271, 27.229, 29.211, 29.684, 28.719, 26.408, 25.763, 26.919, 27.366, 27.401, 29.609, 29.765, 27.341, 26.479, 26.017, 26.685, 25.809, 22.161, 20.007, 18.873, 17.617, 16.812, 15.509, 14.872, 17.042, 18.363, 16.065, 17.365, 17.209, 15.33, 14.883, 14.829, 13.464, 12.869, 12.321, 11.86, 11.272, 11.176, 10.856, 10.251, 9.631, 9.847, 12.699, 13.978, 13.721, 14.539, 14.56, 15.052, 16.51, 17.959, 19.976, 20.852, 19.281, 21.037, 23.902, 25.714, 25.158, 22.387, 19.74, 19.38, 18.93, 17.994, 17.461, 16.876, 15.191, 14.026, 14.094, 15.252, 15.604, 15.095, 15.958, 17.211, 18.21, 18.669, 13.334, 10.429, 12.188, 6.68, 2.108, 5.253, 5.786, 6.826, 8.564, 9.063, 8.323, 8.042, 7.942, 7.082, 6.496, 6.513, 7.157, 7.106, 7.224, 7.288, 7.159, 7.091, 7.177, 6.97, 5.872, 3.337, 2.28, 3.664, 3.144, 4.557, 12.516, 18.524, 18.312, 14.569, 12.903, 13.43, 13.615, 13.24, 13.269, 14.984, 16.369, 16.486, 16.102, 14.893, 13.81, 13.578, 13.766, 14.575, 13.889, 12.303, 10.354, 9.404, 9.124], [2.918, 2.587, 2.582, 2.337, 2.29, 1.921, 1.176, 1.869, 0.0, 3.065, 2.33, 4.292, 5.776, 5.52, 6.779, 8.675, 8.685, 7.647, 7.408, 10.521, 13.655, 12.868, 12.196, 12.259, 12.354, 12.937, 13.654, 13.916, 13.162, 10.607, 9.756, 9.644, 9.204, 10.636, 12.97, 13.667, 14.465, 15.251, 15.297, 15.723, 17.861, 18.625, 17.667, 17.969, 19.922, 18.863, 18.706, 18.494, 15.697, 13.482, 15.341, 17.312, 15.031, 13.495, 14.228, 14.519, 13.482, 12.426, 12.316, 12.612, 13.207, 13.052, 12.949, 13.337, 14.181, 14.162, 15.435, 16.96, 17.228, 18.394, 19.889, 19.226, 17.337, 17.221, 17.745, 18.089, 18.062, 18.761, 22.032, 25.93, 28.838, 30.793, 31.251, 30.282, 27.927, 27.207, 28.455, 29.019, 29.082, 31.259, 31.375, 28.977, 28.121, 27.68, 28.366, 27.477, 23.833, 21.654, 20.517, 19.185, 18.424, 17.029, 16.376, 18.618, 19.923, 17.665, 19.006, 18.709, 16.435, 16.046, 16.012, 14.657, 14.0, 13.405, 12.967, 12.286, 12.226, 12.053, 11.382, 10.765, 10.944, 14.079, 15.614, 15.273, 16.089, 16.143, 16.369, 17.805, 19.34, 21.229, 22.401, 20.798, 22.448, 25.503, 27.338, 26.833, 23.997, 21.269, 20.929, 20.374, 19.151, 18.531, 17.899, 16.239, 15.061, 15.448, 16.676, 17.194, 16.715, 17.586, 18.77, 19.849, 20.285, 14.637, 11.958, 13.818, 8.328, 1.586, 4.053, 4.626, 5.409, 7.108, 7.739, 7.191, 6.656, 6.475, 5.923, 5.052, 5.152, 5.569, 5.64, 5.887, 5.695, 5.377, 5.511, 5.675, 5.388, 4.349, 1.987, 2.982, 4.511, 3.984, 5.726, 14.041, 19.919, 19.91, 15.939, 14.103, 14.487, 14.739, 14.433, 14.783, 16.366, 17.602, 17.687, 17.222, 15.915, 14.922, 14.603, 14.998, 15.666, 14.985, 13.424, 11.352, 10.339, 10.102], [1.8, 1.947, 1.965, 1.65, 2.377, 2.634, 3.467, 4.639, 3.065, 0.0, 2.334, 6.144, 8.032, 7.77, 9.664, 11.57, 11.548, 10.398, 9.967, 12.877, 16.205, 15.416, 14.647, 14.806, 15.139, 15.5, 16.289, 16.825, 16.081, 13.464, 12.512, 12.317, 11.801, 13.437, 15.823, 16.599, 17.331, 18.148, 18.21, 18.612, 20.792, 21.564, 20.635, 20.917, 22.82, 21.747, 21.554, 21.402, 18.512, 16.289, 18.248, 20.202, 17.941, 16.422, 17.153, 17.473, 16.381, 15.123, 15.052, 15.367, 16.122, 15.928, 15.728, 16.093, 16.948, 17.103, 18.324, 19.836, 20.151, 21.316, 22.803, 22.136, 20.255, 20.128, 20.648, 20.998, 20.961, 21.673, 24.938, 28.859, 31.763, 33.703, 34.164, 33.229, 30.871, 30.146, 31.375, 31.946, 31.99, 34.172, 34.295, 31.881, 31.046, 30.602, 31.262, 30.366, 26.754, 24.563, 23.437, 22.102, 21.341, 19.936, 19.304, 21.532, 22.819, 20.569, 21.925, 21.634, 19.348, 18.977, 18.948, 17.504, 16.898, 16.316, 15.856, 15.183, 15.064, 14.89, 14.208, 13.46, 13.689, 17.003, 18.533, 18.186, 19.028, 19.062, 19.335, 20.724, 22.302, 24.163, 25.332, 23.705, 25.427, 28.423, 30.265, 29.741, 26.912, 24.197, 23.853, 23.32, 22.076, 21.445, 20.732, 19.012, 17.93, 18.364, 19.595, 20.126, 19.632, 20.509, 21.697, 22.763, 23.195, 17.498, 14.798, 16.726, 11.197, 3.384, 3.482, 3.762, 3.784, 4.633, 5.028, 4.771, 4.637, 4.781, 4.31, 3.772, 3.824, 4.097, 3.971, 3.645, 3.812, 3.461, 2.781, 2.758, 2.805, 2.355, 2.659, 5.906, 6.804, 6.433, 8.309, 16.961, 22.835, 22.851, 18.894, 17.015, 17.305, 17.402, 17.349, 17.676, 19.317, 20.521, 20.594, 20.172, 18.777, 17.585, 17.486, 17.929, 18.538, 17.68, 15.999, 13.801, 12.606, 12.587], [2.712, 2.876, 2.899, 2.586, 3.032, 2.811, 2.698, 3.289, 2.33, 2.334, 0.0, 4.203, 5.941, 5.609, 7.76, 9.64, 9.801, 8.308, 7.773, 10.741, 14.028, 13.4, 12.706, 12.65, 13.054, 13.351, 14.171, 14.739, 13.996, 11.599, 10.545, 10.392, 10.176, 11.883, 14.215, 14.922, 15.395, 16.117, 16.366, 16.784, 19.035, 19.791, 18.816, 19.067, 20.92, 20.074, 19.917, 19.575, 16.508, 14.287, 16.511, 18.523, 16.328, 14.557, 15.378, 15.62, 14.573, 13.278, 13.199, 13.61, 14.312, 14.05, 13.654, 14.219, 15.197, 15.142, 16.63, 18.212, 18.403, 19.685, 21.184, 20.503, 18.574, 18.493, 19.018, 19.408, 19.363, 20.084, 23.345, 27.211, 30.048, 31.987, 32.401, 31.549, 29.167, 28.342, 29.589, 30.302, 30.383, 32.58, 32.631, 30.275, 29.395, 28.93, 29.673, 28.812, 25.111, 23.036, 21.811, 20.538, 19.596, 18.176, 17.476, 19.777, 21.131, 18.892, 20.237, 19.868, 17.268, 16.939, 16.945, 15.609, 15.004, 14.414, 13.811, 13.099, 12.997, 13.044, 12.473, 11.752, 12.062, 15.199, 16.845, 16.444, 17.388, 17.367, 17.574, 18.818, 20.282, 22.236, 23.65, 21.981, 23.674, 26.748, 28.568, 28.082, 25.182, 22.365, 22.135, 21.517, 20.09, 19.399, 18.774, 16.998, 16.007, 16.471, 17.849, 18.409, 18.006, 18.896, 20.073, 21.167, 21.46, 15.634, 13.191, 15.11, 9.584, 3.026, 5.099, 5.366, 5.452, 6.445, 7.025, 6.694, 6.48, 6.552, 6.037, 5.464, 5.38, 5.509, 5.281, 5.107, 5.344, 5.07, 4.588, 4.773, 4.734, 3.895, 2.839, 4.345, 5.014, 4.389, 6.569, 15.271, 21.126, 21.208, 16.908, 15.033, 15.345, 15.721, 15.657, 16.05, 17.61, 18.902, 18.927, 18.21, 16.7, 15.499, 15.405, 15.859, 16.492, 15.592, 13.841, 11.655, 10.605, 10.54], [6.073, 6.14, 6.135, 5.928, 5.668, 5.144, 4.399, 4.217, 4.292, 6.144, 4.203, 0.0, 1.943, 1.855, 4.12, 6.031, 6.319, 4.584, 3.964, 6.798, 10.33, 9.521, 8.87, 8.754, 9.279, 9.423, 10.205, 10.849, 10.272, 7.984, 6.842, 6.772, 6.702, 8.386, 10.688, 11.464, 11.816, 12.51, 12.927, 13.128, 15.413, 16.336, 15.177, 15.526, 17.448, 16.43, 16.358, 15.853, 12.822, 10.625, 12.96, 14.98, 12.704, 10.997, 11.761, 11.986, 11.07, 9.52, 9.536, 10.068, 10.902, 10.312, 9.839, 10.422, 11.477, 11.708, 13.112, 14.734, 14.961, 16.177, 17.707, 17.048, 15.063, 14.985, 15.444, 15.818, 15.79, 16.485, 19.757, 23.674, 26.435, 28.387, 28.796, 27.955, 25.545, 24.729, 26.007, 26.82, 26.843, 28.994, 29.035, 26.683, 25.835, 25.433, 26.202, 25.33, 21.645, 19.545, 18.315, 17.048, 16.076, 14.652, 13.915, 16.163, 17.642, 15.339, 16.783, 16.389, 13.577, 13.301, 13.363, 11.994, 11.372, 10.822, 10.164, 9.312, 9.221, 9.565, 8.801, 8.021, 8.507, 11.758, 13.363, 12.947, 13.798, 13.766, 13.948, 15.207, 16.72, 18.553, 20.119, 18.42, 20.054, 23.138, 24.962, 24.601, 21.696, 18.843, 18.685, 17.962, 16.48, 15.659, 15.143, 13.205, 12.196, 12.918, 14.236, 14.891, 14.427, 15.287, 16.531, 17.583, 17.854, 12.142, 9.801, 11.589, 6.141, 5.259, 8.144, 8.559, 8.923, 10.182, 11.01, 10.594, 10.423, 10.398, 9.848, 9.074, 9.009, 9.164, 8.879, 9.098, 9.287, 8.779, 8.392, 8.607, 8.735, 7.846, 5.727, 3.874, 2.861, 3.068, 3.214, 11.821, 17.645, 17.612, 13.341, 11.58, 11.839, 11.939, 12.115, 12.52, 14.112, 15.246, 15.348, 14.635, 12.812, 11.588, 11.541, 12.35, 12.884, 11.683, 9.871, 7.743, 6.601, 6.777], [7.766, 7.761, 7.786, 7.584, 7.214, 6.595, 5.677, 5.163, 5.776, 8.032, 5.941, 1.943, 0.0, 1.3, 2.872, 4.643, 4.996, 3.301, 2.44, 5.027, 8.766, 7.959, 7.198, 7.203, 7.817, 7.897, 8.589, 9.348, 8.851, 6.58, 5.432, 5.43, 5.486, 7.111, 9.398, 10.157, 10.475, 11.158, 11.57, 11.779, 14.075, 15.026, 13.776, 14.169, 16.111, 15.1, 15.06, 14.487, 11.391, 9.254, 11.608, 13.635, 11.406, 9.696, 10.413, 10.649, 9.76, 8.095, 8.162, 8.748, 9.562, 8.871, 8.385, 9.033, 10.12, 10.369, 11.822, 13.442, 13.652, 14.879, 16.417, 15.751, 13.773, 13.681, 14.148, 14.516, 14.492, 15.145, 18.452, 22.359, 25.073, 26.981, 27.392, 26.604, 24.185, 23.401, 24.674, 25.503, 25.545, 27.669, 27.718, 25.346, 24.529, 24.128, 24.912, 24.031, 20.336, 18.222, 17.015, 15.721, 14.747, 13.315, 12.557, 14.815, 16.297, 14.048, 15.485, 15.069, 12.146, 11.869, 11.933, 10.593, 10.031, 9.496, 8.796, 7.872, 7.845, 8.225, 7.49, 6.704, 7.242, 10.436, 12.058, 11.595, 12.477, 12.402, 12.532, 13.828, 15.314, 17.148, 18.784, 17.077, 18.694, 21.818, 23.636, 23.311, 20.389, 17.509, 17.394, 16.632, 15.135, 14.249, 13.78, 11.795, 10.79, 11.563, 12.9, 13.573, 13.111, 13.943, 15.216, 16.28, 16.482, 10.804, 8.48, 10.288, 4.905, 6.713, 9.662, 10.177, 10.659, 11.995, 12.825, 12.42, 12.169, 12.067, 11.562, 10.676, 10.618, 10.79, 10.614, 10.816, 10.997, 10.471, 10.003, 10.487, 10.547, 9.587, 7.354, 4.425, 2.744, 3.062, 2.549, 10.513, 16.33, 16.304, 11.968, 10.218, 10.493, 10.561, 10.824, 11.212, 12.8, 13.93, 14.049, 13.299, 11.282, 10.052, 10.118, 10.989, 11.485, 10.207, 8.15, 5.915, 4.772, 5.321], [7.552, 7.568, 7.588, 7.336, 6.968, 6.35, 5.291, 4.869, 5.52, 7.77, 5.609, 1.855, 1.3, 0.0, 2.996, 4.805, 5.128, 3.233, 2.557, 5.306, 8.934, 8.156, 7.49, 7.339, 7.925, 8.038, 8.711, 9.475, 8.952, 6.736, 5.589, 5.616, 5.782, 7.311, 9.552, 10.321, 10.641, 11.287, 11.695, 11.945, 14.248, 15.185, 13.963, 14.338, 16.268, 15.269, 15.219, 14.637, 11.516, 9.415, 11.772, 13.799, 11.569, 9.844, 10.576, 10.796, 9.912, 8.308, 8.329, 8.898, 9.7, 9.005, 8.496, 9.205, 10.281, 10.448, 11.981, 13.599, 13.8, 15.039, 16.577, 15.911, 13.932, 13.839, 14.308, 14.681, 14.653, 15.311, 18.616, 22.524, 25.234, 27.169, 27.577, 26.77, 24.356, 23.555, 24.817, 25.665, 25.704, 27.833, 27.884, 25.513, 24.693, 24.296, 25.071, 24.19, 20.503, 18.386, 17.174, 15.869, 14.895, 13.474, 12.723, 14.987, 16.461, 14.204, 15.647, 15.234, 12.253, 12.02, 12.055, 10.725, 10.185, 9.63, 8.897, 7.978, 7.959, 8.379, 7.598, 6.742, 7.282, 10.576, 12.21, 11.749, 12.643, 12.572, 12.744, 13.988, 15.424, 17.331, 18.96, 17.243, 18.867, 21.984, 23.806, 23.47, 20.55, 17.674, 17.553, 16.798, 15.258, 14.365, 13.906, 11.929, 10.978, 11.721, 13.066, 13.739, 13.275, 14.11, 15.398, 16.441, 16.635, 10.943, 8.615, 10.442, 4.946, 6.375, 9.355, 9.84, 10.383, 11.729, 12.587, 12.143, 11.909, 11.859, 11.32, 10.493, 10.443, 10.591, 10.34, 10.527, 10.755, 10.233, 9.867, 10.231, 10.276, 9.327, 7.148, 4.021, 2.679, 2.793, 2.815, 10.67, 16.467, 16.475, 12.092, 10.354, 10.61, 10.734, 10.983, 11.374, 12.965, 14.106, 14.208, 13.386, 11.446, 10.228, 10.241, 11.061, 11.559, 10.349, 8.267, 6.173, 5.107, 5.514], [9.361, 8.859, 8.843, 8.767, 8.502, 7.961, 6.655, 5.696, 6.779, 9.664, 7.76, 4.12, 2.872, 2.996, 0.0, 2.112, 2.839, 2.171, 2.283, 4.767, 7.287, 6.729, 6.021, 6.076, 6.052, 6.566, 7.341, 7.263, 6.481, 4.692, 4.252, 4.299, 4.751, 5.639, 7.157, 7.744, 8.259, 8.775, 8.938, 9.278, 11.473, 12.349, 11.258, 11.611, 13.492, 12.472, 12.463, 11.962, 9.184, 7.057, 8.962, 10.94, 8.747, 7.026, 7.758, 8.057, 7.114, 6.079, 6.036, 6.429, 6.864, 6.6, 6.39, 6.944, 7.906, 7.828, 9.148, 10.723, 10.933, 12.175, 13.709, 13.04, 11.059, 10.981, 11.434, 11.831, 11.784, 12.502, 15.765, 19.693, 22.516, 24.438, 24.883, 23.999, 21.607, 20.829, 22.108, 22.816, 22.838, 24.997, 25.1, 22.686, 21.83, 21.435, 22.21, 21.313, 17.654, 15.546, 14.319, 13.055, 12.18, 10.726, 9.999, 12.236, 13.642, 11.34, 12.811, 12.418, 9.763, 9.513, 9.529, 8.326, 7.501, 7.049, 6.756, 5.651, 5.708, 5.716, 5.077, 4.66, 4.94, 7.799, 9.357, 9.023, 9.845, 9.829, 10.015, 11.272, 12.821, 14.653, 16.204, 14.424, 16.115, 19.194, 21.056, 20.622, 17.691, 14.866, 14.686, 13.99, 12.67, 11.922, 11.443, 9.665, 8.464, 8.89, 10.315, 10.907, 10.426, 11.312, 12.564, 13.573, 13.947, 8.227, 6.307, 7.573, 2.716, 7.085, 10.578, 11.206, 12.035, 13.71, 14.426, 13.888, 13.306, 13.019, 12.49, 11.399, 11.35, 11.558, 11.892, 12.139, 12.003, 11.791, 11.991, 12.185, 11.955, 10.809, 8.307, 4.488, 3.431, 3.833, 2.156, 7.838, 13.655, 13.645, 9.414, 7.58, 8.115, 8.48, 8.333, 8.535, 10.15, 11.328, 11.356, 10.772, 9.288, 8.473, 8.137, 8.569, 9.112, 8.589, 7.047, 5.549, 4.828, 4.612], [11.322, 10.867, 10.774, 10.624, 10.497, 9.966, 8.639, 7.495, 8.675, 11.57, 9.64, 6.031, 4.643, 4.805, 2.112, 0.0, 2.076, 2.327, 2.7, 4.05, 6.267, 5.977, 5.345, 5.356, 5.299, 5.588, 6.509, 6.084, 4.949, 4.052, 3.822, 3.807, 4.177, 5.004, 6.219, 6.598, 7.424, 7.67, 7.255, 8.071, 10.104, 10.562, 9.685, 9.94, 11.782, 10.954, 10.871, 10.491, 7.971, 6.17, 7.754, 9.385, 7.163, 5.525, 6.182, 6.511, 5.712, 4.976, 5.092, 5.243, 5.079, 4.986, 4.979, 5.624, 6.52, 6.353, 7.522, 8.949, 9.118, 10.452, 11.893, 11.216, 9.302, 9.253, 9.782, 10.187, 10.124, 10.869, 14.12, 18.013, 20.914, 22.845, 23.286, 22.38, 19.998, 19.22, 20.479, 21.085, 21.146, 23.365, 23.456, 21.054, 20.175, 19.691, 20.359, 19.539, 15.821, 13.796, 12.569, 11.327, 10.485, 9.047, 8.349, 10.629, 11.922, 9.629, 10.898, 10.708, 8.348, 8.238, 8.308, 7.321, 6.201, 5.842, 5.913, 4.657, 4.343, 4.326, 4.158, 4.111, 4.247, 6.194, 7.66, 7.385, 8.197, 8.348, 8.413, 9.66, 11.206, 13.038, 14.482, 12.805, 14.491, 17.583, 19.424, 18.779, 15.91, 13.217, 12.82, 12.369, 10.861, 10.195, 10.065, 8.465, 7.224, 7.317, 8.706, 9.212, 8.793, 9.686, 10.859, 11.93, 12.345, 6.927, 5.388, 6.222, 2.516, 8.893, 12.358, 12.848, 13.758, 15.46, 16.126, 15.559, 14.961, 14.64, 14.167, 13.127, 12.942, 13.331, 13.851, 14.023, 13.802, 13.561, 13.916, 14.062, 13.785, 12.633, 10.129, 6.3, 5.363, 5.804, 3.679, 6.154, 11.78, 12.001, 7.807, 5.842, 6.814, 7.494, 7.264, 7.2, 8.471, 9.741, 9.712, 9.267, 7.898, 7.463, 7.088, 7.332, 7.862, 7.673, 6.148, 4.829, 4.328, 4.116], [11.291, 10.814, 10.816, 10.68, 10.445, 10.048, 8.562, 7.441, 8.685, 11.548, 9.801, 6.319, 4.996, 5.128, 2.839, 2.076, 0.0, 2.289, 2.825, 3.017, 5.524, 4.939, 4.363, 4.451, 4.344, 4.947, 5.771, 5.463, 4.678, 2.574, 2.291, 2.267, 2.429, 3.272, 5.026, 5.414, 6.403, 6.975, 6.907, 7.335, 9.446, 10.184, 9.234, 9.435, 11.397, 10.405, 10.245, 10.094, 7.371, 5.425, 6.896, 8.824, 6.726, 5.219, 5.829, 6.112, 5.063, 4.409, 4.346, 4.536, 4.811, 5.008, 4.739, 5.128, 5.911, 5.685, 6.937, 8.489, 8.746, 9.959, 11.509, 10.796, 8.877, 8.79, 9.272, 9.654, 9.619, 10.334, 13.59, 17.478, 20.378, 22.322, 22.763, 21.853, 19.445, 18.714, 19.926, 20.544, 20.653, 22.83, 22.903, 20.52, 19.642, 19.203, 19.965, 19.075, 15.403, 13.269, 12.078, 10.78, 9.931, 8.493, 7.813, 10.086, 11.387, 9.165, 10.538, 10.184, 7.958, 7.57, 7.537, 6.519, 5.622, 5.334, 5.225, 4.265, 4.222, 3.945, 3.706, 3.474, 3.615, 5.884, 7.345, 7.088, 7.84, 7.799, 8.027, 9.293, 10.79, 12.718, 13.935, 12.252, 13.991, 17.03, 18.871, 18.391, 15.478, 12.706, 12.444, 11.847, 10.697, 10.039, 9.487, 7.851, 6.652, 6.856, 8.153, 8.704, 8.259, 9.142, 10.324, 11.419, 11.792, 6.246, 4.139, 5.637, 2.531, 8.897, 12.402, 12.996, 13.923, 15.628, 16.184, 15.63, 15.086, 14.897, 14.238, 13.193, 13.229, 13.59, 13.881, 14.096, 13.909, 13.907, 14.051, 14.17, 13.902, 12.814, 10.2, 6.488, 5.517, 6.017, 3.866, 5.655, 11.434, 11.464, 7.43, 5.579, 6.062, 6.619, 6.375, 6.401, 7.88, 9.162, 9.242, 8.689, 7.486, 6.852, 6.488, 6.584, 7.196, 7.02, 5.442, 3.789, 3.076, 2.784], [10.247, 9.863, 9.864, 9.645, 9.474, 8.804, 7.591, 6.62, 7.647, 10.398, 8.308, 4.584, 3.301, 3.233, 2.171, 2.327, 2.289, 0.0, 1.377, 3.615, 6.539, 5.769, 5.216, 5.108, 5.384, 5.726, 6.359, 6.687, 6.119, 4.135, 3.182, 3.328, 3.821, 4.767, 6.673, 7.232, 7.746, 8.309, 8.577, 9.085, 11.348, 12.07, 11.142, 11.339, 13.108, 12.281, 12.167, 11.741, 8.768, 6.683, 8.827, 10.867, 8.749, 7.066, 7.768, 7.953, 7.016, 5.761, 5.753, 5.982, 6.698, 6.235, 5.779, 6.259, 7.273, 7.39, 8.941, 10.492, 10.703, 11.989, 13.475, 12.785, 10.885, 10.808, 11.324, 11.705, 11.673, 12.379, 15.641, 19.502, 22.366, 24.325, 24.742, 23.876, 21.452, 20.631, 21.883, 22.592, 22.686, 24.875, 24.917, 22.572, 21.689, 21.227, 21.93, 21.094, 17.351, 15.303, 14.112, 12.797, 11.888, 10.455, 9.748, 12.052, 13.423, 11.196, 12.475, 12.159, 9.412, 9.155, 9.22, 8.044, 7.293, 6.828, 6.298, 5.4, 5.372, 5.485, 5.249, 4.671, 4.899, 7.734, 9.326, 9.033, 9.864, 9.733, 9.978, 11.093, 12.576, 14.446, 15.901, 14.267, 15.962, 19.033, 20.849, 20.362, 17.477, 14.642, 14.392, 13.799, 12.208, 11.321, 10.902, 9.044, 8.061, 8.738, 10.129, 10.698, 10.302, 11.188, 12.37, 13.471, 13.75, 7.781, 5.788, 7.538, 3.244, 8.157, 11.595, 12.076, 12.724, 14.324, 15.135, 14.622, 14.125, 13.928, 13.463, 12.265, 12.315, 12.573, 12.722, 13.011, 12.861, 12.536, 12.647, 12.848, 12.737, 11.689, 9.219, 5.634, 4.496, 4.443, 2.974, 7.647, 13.296, 13.5, 9.2, 7.199, 7.552, 7.968, 8.014, 8.349, 9.851, 11.131, 11.179, 10.472, 8.661, 7.696, 7.494, 8.153, 8.709, 7.788, 6.125, 4.389, 3.774, 3.662], [9.766, 9.529, 9.561, 9.301, 9.119, 8.398, 7.27, 6.442, 7.408, 9.967, 7.773, 3.964, 2.44, 2.557, 2.283, 2.7, 2.825, 1.377, 0.0, 3.385, 6.735, 5.914, 5.348, 5.138, 5.654, 5.791, 6.437, 7.12, 6.667, 4.465, 3.457, 3.386, 3.712, 4.997, 7.14, 7.914, 8.217, 8.922, 9.285, 9.698, 11.991, 12.845, 11.788, 11.987, 13.83, 12.929, 12.808, 12.383, 9.291, 7.185, 9.474, 11.517, 9.388, 7.703, 8.401, 8.601, 7.641, 6.245, 6.211, 6.616, 7.405, 6.788, 6.273, 6.939, 7.942, 8.033, 9.604, 11.187, 11.417, 12.642, 14.184, 13.501, 11.559, 11.459, 11.972, 12.353, 12.319, 13.027, 16.289, 20.149, 23.01, 24.973, 25.378, 24.524, 22.1, 21.267, 22.508, 23.254, 23.335, 25.523, 25.565, 23.219, 22.336, 21.885, 22.671, 21.783, 18.089, 15.992, 14.76, 13.486, 12.525, 11.102, 10.395, 12.7, 14.071, 11.848, 13.244, 12.807, 10.01, 9.768, 9.772, 8.477, 7.923, 7.331, 6.666, 5.878, 5.825, 6.15, 5.685, 4.941, 5.309, 8.331, 9.952, 9.616, 10.466, 10.381, 10.599, 11.742, 13.172, 15.079, 16.591, 14.915, 16.609, 19.681, 21.497, 21.073, 18.16, 15.3, 15.15, 14.446, 12.852, 11.948, 11.51, 9.661, 8.708, 9.386, 10.777, 11.361, 10.95, 11.836, 13.018, 14.119, 14.383, 8.552, 6.365, 8.189, 3.292, 8.107, 11.323, 11.86, 12.418, 13.912, 14.774, 14.274, 13.926, 13.759, 13.227, 12.265, 12.219, 12.451, 12.352, 12.599, 12.641, 12.212, 12.13, 12.404, 12.404, 11.351, 8.971, 5.585, 3.696, 3.888, 2.693, 8.325, 14.082, 14.148, 9.838, 7.913, 8.203, 8.441, 8.569, 8.996, 10.536, 11.779, 11.827, 11.074, 9.141, 7.904, 7.847, 8.703, 9.309, 8.065, 6.122, 4.233, 3.431, 3.575], [12.599, 12.568, 12.589, 12.361, 11.982, 11.267, 10.088, 9.543, 10.521, 12.877, 10.741, 6.798, 5.027, 5.306, 4.767, 4.05, 3.017, 3.615, 3.385, 0.0, 3.91, 3.185, 2.444, 2.382, 3.048, 3.043, 3.787, 4.49, 3.993, 2.141, 1.906, 1.79, 2.49, 3.247, 4.634, 5.415, 5.664, 6.311, 6.754, 7.018, 9.315, 10.312, 9.02, 9.326, 11.3, 10.291, 10.267, 9.656, 6.546, 4.52, 6.814, 8.873, 6.704, 5.08, 5.698, 5.9, 5.082, 3.841, 3.694, 4.253, 5.347, 4.575, 3.804, 4.308, 5.346, 5.52, 7.026, 8.656, 8.883, 10.085, 11.632, 10.97, 8.979, 8.892, 9.344, 9.712, 9.692, 10.335, 13.648, 17.559, 20.267, 22.224, 22.583, 21.834, 19.373, 18.554, 19.829, 20.71, 20.745, 22.861, 22.906, 20.537, 19.726, 19.336, 20.14, 19.25, 15.558, 13.441, 12.223, 10.928, 9.911, 8.497, 7.716, 9.998, 11.503, 9.244, 10.713, 10.263, 7.271, 6.97, 7.026, 5.749, 5.276, 4.903, 4.21, 3.481, 3.899, 4.464, 3.911, 3.299, 3.647, 5.988, 7.496, 7.123, 7.843, 7.654, 7.813, 9.044, 10.444, 12.277, 13.959, 12.265, 13.883, 17.006, 18.802, 18.527, 15.587, 12.697, 12.619, 11.821, 10.323, 9.411, 8.946, 6.937, 5.981, 6.752, 8.085, 8.771, 8.304, 9.133, 10.421, 11.474, 11.626, 6.019, 4.025, 5.58, 4.281, 11.25, 14.396, 14.902, 15.485, 16.846, 17.67, 17.264, 16.985, 16.879, 16.352, 15.468, 15.424, 15.593, 15.397, 15.6, 15.787, 15.273, 14.858, 15.329, 15.398, 14.39, 12.152, 8.602, 6.189, 6.596, 5.366, 5.787, 11.551, 11.499, 7.146, 5.38, 5.683, 5.753, 6.038, 6.416, 8.006, 9.128, 9.252, 8.44, 6.456, 5.213, 5.282, 6.116, 6.603, 5.342, 3.312, 1.15, 1.225, 1.401], [15.944, 15.725, 15.741, 15.528, 15.24, 14.522, 13.34, 12.516, 13.655, 16.205, 14.028, 10.33, 8.766, 8.934, 7.287, 6.267, 5.524, 6.539, 6.735, 3.91, 0.0, 1.334, 1.93, 1.889, 1.981, 1.394, 1.419, 1.943, 1.996, 3.389, 4.15, 4.23, 5.063, 3.948, 2.648, 2.937, 2.566, 2.59, 3.367, 3.715, 5.691, 6.509, 5.309, 5.493, 7.457, 6.49, 6.59, 6.016, 3.309, 1.348, 3.289, 5.213, 3.144, 2.097, 2.568, 2.621, 3.172, 2.77, 2.653, 2.846, 3.81, 3.211, 2.731, 2.579, 3.017, 2.986, 4.026, 5.119, 5.34, 6.409, 7.832, 7.154, 5.171, 5.131, 5.535, 5.896, 5.972, 6.604, 9.832, 13.716, 16.524, 18.509, 18.891, 18.085, 15.604, 14.742, 15.984, 16.867, 16.911, 19.069, 19.067, 16.749, 15.9, 15.493, 16.297, 15.407, 11.715, 9.598, 8.38, 7.085, 6.061, 4.702, 4.083, 6.205, 7.66, 5.443, 6.87, 6.505, 3.662, 3.306, 3.279, 2.597, 2.651, 2.324, 2.585, 2.483, 3.375, 3.282, 2.84, 3.192, 2.994, 3.66, 4.452, 3.878, 4.472, 4.132, 4.445, 5.428, 6.695, 8.581, 10.116, 8.468, 10.102, 13.201, 15.032, 14.688, 11.744, 8.876, 8.776, 7.997, 6.536, 5.799, 5.168, 3.223, 2.611, 3.17, 4.445, 4.969, 4.527, 5.356, 6.578, 7.665, 7.863, 2.916, 3.54, 3.114, 7.089, 14.192, 17.596, 18.163, 18.718, 20.162, 21.015, 20.557, 20.231, 20.066, 19.539, 18.411, 18.479, 18.62, 18.609, 18.861, 18.948, 18.69, 18.253, 18.671, 18.697, 17.66, 15.263, 11.612, 9.591, 9.931, 8.154, 2.756, 7.722, 7.705, 3.535, 2.494, 2.545, 2.351, 2.739, 2.776, 4.162, 5.288, 5.409, 4.581, 2.933, 1.938, 2.133, 2.316, 2.803, 2.084, 1.226, 3.009, 4.261, 3.857], [15.179, 14.967, 14.983, 14.784, 14.54, 13.903, 12.551, 11.751, 12.868, 15.416, 13.4, 9.521, 7.959, 8.156, 6.729, 5.977, 4.939, 5.769, 5.914, 3.185, 1.334, 0.0, 1.2, 1.449, 1.957, 1.709, 1.608, 2.295, 2.752, 2.808, 3.492, 3.478, 4.298, 3.24, 1.977, 2.527, 2.664, 3.371, 3.946, 4.26, 6.373, 7.209, 6.104, 6.292, 8.173, 7.199, 7.24, 6.734, 4.029, 1.74, 3.911, 5.884, 3.788, 2.732, 3.156, 3.271, 3.886, 3.521, 3.389, 3.53, 4.398, 3.76, 3.399, 3.327, 3.716, 3.78, 4.669, 5.707, 5.901, 7.063, 8.527, 7.856, 5.875, 5.833, 6.248, 6.615, 6.666, 7.325, 10.545, 14.421, 17.328, 19.264, 19.704, 18.822, 16.359, 15.558, 16.81, 17.57, 17.62, 19.779, 19.821, 17.475, 16.608, 16.196, 17.0, 16.11, 12.418, 10.301, 9.083, 7.789, 6.866, 5.416, 4.758, 6.974, 8.364, 6.137, 7.573, 7.203, 4.516, 4.143, 4.208, 3.21, 3.33, 2.91, 2.789, 3.063, 4.158, 3.879, 3.241, 3.081, 2.994, 4.275, 4.985, 4.496, 5.063, 4.818, 5.109, 6.124, 7.595, 9.374, 10.903, 9.177, 10.866, 13.948, 15.825, 15.394, 12.448, 9.595, 9.479, 8.712, 7.314, 6.444, 5.867, 4.001, 3.199, 3.822, 5.113, 5.669, 5.231, 6.092, 7.305, 8.375, 8.678, 3.049, 2.677, 3.269, 6.376, 13.466, 16.807, 17.35, 17.911, 19.391, 20.252, 19.753, 19.418, 19.258, 18.742, 17.686, 17.728, 17.96, 17.888, 18.094, 18.165, 17.774, 17.509, 17.88, 17.887, 16.846, 14.505, 10.92, 8.862, 9.223, 7.409, 3.397, 8.422, 8.412, 4.28, 3.206, 3.242, 2.847, 2.972, 3.285, 4.866, 6.035, 6.112, 5.443, 3.704, 2.569, 2.63, 3.222, 3.74, 2.671, 1.337, 2.269, 3.423, 3.192], [14.403, 14.256, 14.327, 14.136, 13.881, 13.299, 11.809, 11.045, 12.196, 14.647, 12.706, 8.87, 7.198, 7.49, 6.021, 5.345, 4.363, 5.216, 5.348, 2.444, 1.93, 1.2, 0.0, 1.325, 1.983, 1.649, 2.037, 2.773, 2.831, 2.319, 3.011, 2.913, 3.598, 2.63, 2.581, 3.291, 3.503, 4.271, 4.63, 4.92, 7.081, 7.971, 6.906, 7.176, 9.041, 7.997, 7.929, 7.499, 4.717, 2.501, 4.57, 6.563, 4.493, 3.186, 3.694, 3.88, 3.797, 3.416, 3.371, 3.531, 4.491, 3.737, 3.401, 3.237, 3.714, 3.931, 4.851, 6.322, 6.548, 7.734, 9.271, 8.609, 6.62, 6.552, 7.01, 7.392, 7.377, 8.069, 11.328, 15.232, 18.119, 20.062, 20.506, 19.609, 17.168, 16.385, 17.667, 18.364, 18.384, 20.565, 20.644, 18.258, 17.379, 16.975, 17.779, 16.893, 13.197, 11.102, 9.863, 8.597, 7.726, 6.277, 5.6, 7.817, 9.192, 6.885, 8.352, 7.956, 5.395, 5.069, 5.107, 3.844, 3.675, 3.243, 3.045, 3.089, 4.028, 3.87, 3.24, 2.946, 2.887, 4.432, 5.508, 5.17, 5.742, 5.508, 5.828, 6.939, 8.477, 10.245, 11.747, 9.986, 11.694, 14.748, 16.61, 16.166, 13.226, 10.406, 10.258, 9.538, 8.279, 7.396, 6.788, 4.914, 3.93, 4.541, 5.88, 6.431, 5.993, 6.876, 8.115, 9.158, 9.51, 3.806, 2.652, 3.476, 5.677, 12.792, 16.123, 16.602, 17.175, 18.566, 19.418, 18.976, 18.67, 18.535, 18.023, 16.998, 17.055, 17.371, 17.293, 17.411, 17.563, 17.164, 16.605, 17.069, 17.115, 16.131, 13.836, 10.289, 7.987, 8.516, 6.69, 3.582, 9.217, 9.198, 5.11, 3.359, 3.842, 3.545, 3.714, 4.089, 5.67, 6.857, 6.902, 6.335, 4.642, 3.406, 3.413, 4.121, 4.648, 3.506, 1.64, 1.555, 2.63, 2.532], [14.535, 14.29, 14.336, 14.132, 13.774, 13.026, 11.886, 11.165, 12.259, 14.806, 12.65, 8.754, 7.203, 7.339, 6.076, 5.356, 4.451, 5.108, 5.138, 2.382, 1.889, 1.449, 1.325, 0.0, 1.005, 1.093, 1.591, 2.271, 2.299, 2.237, 2.953, 2.902, 3.731, 2.989, 2.8, 3.398, 3.503, 4.108, 4.744, 4.973, 7.222, 8.117, 6.843, 7.081, 9.055, 8.047, 8.169, 7.514, 4.454, 2.507, 4.731, 6.742, 4.653, 3.233, 3.77, 3.791, 3.54, 2.967, 2.844, 3.142, 4.032, 3.224, 2.83, 2.877, 3.662, 3.641, 4.829, 6.459, 6.712, 7.886, 9.427, 8.753, 6.766, 6.729, 7.126, 7.484, 7.559, 8.139, 11.403, 15.314, 18.058, 20.042, 20.424, 19.625, 17.146, 16.306, 17.569, 18.465, 18.5, 20.616, 20.662, 18.292, 17.481, 17.091, 17.895, 17.005, 13.313, 11.196, 9.978, 8.684, 7.657, 6.252, 5.533, 7.753, 9.258, 6.999, 8.468, 8.111, 5.103, 4.766, 4.794, 3.623, 3.361, 2.981, 2.433, 2.284, 3.369, 3.463, 2.72, 2.591, 2.491, 4.166, 5.615, 5.187, 5.887, 5.593, 5.879, 6.879, 8.191, 10.067, 11.714, 10.021, 11.641, 14.776, 16.636, 16.291, 13.343, 10.452, 10.374, 9.576, 8.061, 7.184, 6.684, 4.693, 3.87, 4.577, 5.844, 6.539, 6.077, 6.893, 8.176, 9.23, 9.377, 3.925, 2.899, 3.569, 5.808, 12.879, 16.199, 16.752, 17.31, 18.766, 19.631, 19.156, 18.82, 18.657, 18.143, 17.097, 17.118, 17.283, 17.188, 17.457, 17.561, 17.081, 16.945, 17.286, 17.294, 16.241, 13.892, 10.232, 8.234, 8.499, 6.89, 3.688, 9.327, 9.277, 5.046, 3.546, 3.651, 3.676, 3.807, 4.171, 5.761, 6.884, 7.007, 6.169, 4.194, 2.96, 3.002, 3.844, 4.306, 3.123, 1.416, 1.814, 2.907, 2.465], [14.715, 14.305, 14.312, 14.137, 13.81, 13.102, 12.026, 11.127, 12.354, 15.139, 13.054, 9.279, 7.817, 7.925, 6.052, 5.299, 4.344, 5.384, 5.654, 3.048, 1.981, 1.957, 1.983, 1.005, 0.0, 1.281, 1.614, 1.882, 1.729, 2.205, 3.162, 3.206, 3.796, 2.987, 2.762, 3.146, 3.086, 3.73, 4.271, 4.547, 6.749, 7.646, 6.327, 6.587, 8.614, 7.581, 7.731, 7.087, 3.994, 2.175, 4.256, 6.271, 4.18, 2.734, 3.268, 3.322, 3.026, 2.707, 2.465, 2.824, 3.448, 2.857, 2.685, 2.65, 3.388, 3.121, 4.349, 5.985, 6.228, 7.416, 8.958, 8.287, 6.281, 6.264, 6.648, 7.002, 7.089, 7.668, 10.909, 14.821, 17.573, 19.531, 19.895, 19.14, 16.659, 15.812, 17.076, 17.971, 18.007, 20.122, 20.168, 17.799, 16.988, 16.598, 17.402, 16.512, 12.82, 10.702, 9.485, 8.19, 7.164, 5.759, 5.031, 7.26, 8.765, 6.512, 7.981, 7.641, 4.626, 4.233, 4.257, 3.138, 2.903, 2.509, 1.952, 1.78, 2.995, 2.927, 2.42, 2.629, 2.349, 3.681, 5.136, 4.71, 5.412, 5.118, 5.361, 6.412, 7.671, 9.529, 11.22, 9.527, 11.166, 14.305, 16.166, 15.817, 12.849, 9.959, 9.88, 9.082, 7.567, 6.842, 6.39, 4.509, 3.536, 4.106, 5.36, 6.07, 5.612, 6.394, 7.683, 8.736, 8.882, 3.449, 2.805, 3.13, 5.666, 12.783, 16.161, 16.735, 17.501, 19.2, 19.896, 19.315, 18.818, 18.63, 18.104, 17.09, 17.054, 17.247, 17.227, 17.5, 17.556, 17.229, 17.48, 17.679, 17.464, 16.248, 13.836, 10.147, 8.772, 9.015, 7.145, 3.215, 8.843, 8.807, 4.573, 3.094, 3.354, 3.609, 3.386, 3.678, 5.267, 6.446, 6.576, 5.743, 3.93, 2.852, 2.611, 3.302, 3.841, 2.96, 1.708, 2.477, 3.561, 2.862], [15.24, 14.964, 15.014, 14.807, 14.448, 13.68, 12.578, 11.806, 12.937, 15.5, 13.351, 9.423, 7.897, 8.038, 6.566, 5.588, 4.947, 5.726, 5.791, 3.043, 1.394, 1.709, 1.649, 1.093, 1.281, 0.0, 1.226, 1.999, 1.896, 2.654, 3.358, 3.448, 4.334, 3.432, 3.093, 3.454, 3.298, 3.496, 4.199, 4.441, 6.642, 7.495, 6.166, 6.415, 8.378, 7.37, 7.582, 6.919, 3.91, 2.02, 4.195, 6.151, 4.1, 2.815, 3.289, 3.271, 3.326, 2.823, 2.697, 3.003, 3.983, 3.091, 2.65, 2.585, 3.282, 3.372, 4.408, 5.87, 6.134, 7.266, 8.806, 8.128, 6.12, 6.105, 6.498, 6.847, 6.953, 7.52, 10.726, 14.637, 17.412, 19.37, 19.722, 18.979, 16.498, 15.629, 16.892, 17.788, 17.823, 19.939, 19.984, 17.615, 16.804, 16.414, 17.218, 16.328, 12.636, 10.519, 9.301, 8.006, 6.981, 5.596, 4.934, 7.076, 8.581, 6.351, 7.816, 7.505, 4.443, 4.095, 4.124, 3.091, 2.931, 2.659, 2.529, 2.151, 3.143, 3.457, 2.784, 2.888, 2.757, 3.844, 5.113, 4.658, 5.342, 5.036, 5.267, 6.31, 7.558, 9.352, 11.037, 9.343, 11.007, 14.151, 16.03, 15.658, 12.666, 9.775, 9.697, 8.899, 7.356, 6.499, 6.007, 4.037, 3.262, 3.961, 5.206, 5.911, 5.453, 6.219, 7.499, 8.552, 8.735, 3.646, 3.381, 3.315, 6.393, 13.513, 16.878, 17.434, 17.998, 19.494, 20.35, 19.848, 19.502, 19.341, 18.821, 17.731, 17.777, 17.933, 17.854, 18.133, 18.235, 17.761, 17.705, 17.973, 17.97, 16.917, 14.557, 10.88, 9.0, 9.235, 7.429, 3.293, 8.692, 8.671, 4.458, 3.027, 3.207, 3.128, 3.381, 3.552, 5.084, 6.209, 6.33, 5.502, 3.498, 2.306, 2.486, 3.208, 3.647, 2.489, 1.147, 2.267, 3.505,