[[0.0, 1.597, 2.012, 4.061, 5.164, 5.321, 5.46, 4.823, 4.845, 4.68, 4.175, 5.086, 5.849, 6.03, 6.409, 6.358, 5.734, 4.682, 3.587, 3.285, 4.813, 5.326, 5.398, 5.559, 5.614, 6.136, 5.471, 6.809, 6.383, 6.841, 7.425, 8.165, 7.377, 6.408, 7.018, 7.865, 5.94, 5.361, 7.322, 7.432, 7.879, 6.8, 6.521, 7.516, 6.424, 8.363, 7.393, 6.199, 5.041, 6.904, 9.572, 9.485], [1.597, 0.0, 1.475, 3.558, 4.218, 4.312, 4.972, 4.479, 5.277, 5.019, 4.619, 4.865, 5.555, 5.853, 5.838, 5.698, 5.218, 4.268, 3.584, 3.251, 4.55, 4.984, 5.024, 5.111, 5.041, 5.271, 4.671, 5.886, 5.755, 6.398, 7.056, 7.828, 7.003, 6.127, 6.453, 7.219, 5.569, 4.871, 6.526, 6.451, 7.087, 6.164, 5.51, 6.817, 5.587, 7.344, 6.578, 5.171, 4.257, 5.907, 8.521, 8.477], [2.012, 1.475, 0.0, 2.602, 3.844, 3.791, 3.867, 3.742, 4.901, 4.661, 4.408, 3.732, 4.452, 4.865, 4.751, 4.682, 4.117, 3.158, 2.958, 2.67, 3.43, 3.795, 3.756, 4.005, 4.04, 4.671, 4.137, 5.285, 4.759, 5.287, 5.93, 6.696, 5.856, 4.985, 5.444, 6.314, 4.407, 3.921, 6.122, 5.981, 6.69, 5.66, 5.061, 6.307, 5.107, 6.906, 6.151, 4.638, 3.513, 5.347, 8.008, 7.929], [4.061, 3.558, 2.602, 0.0, 1.587, 1.887, 2.758, 4.187, 5.787, 5.415, 6.067, 2.944, 2.981, 3.696, 2.809, 2.741, 2.598, 2.293, 3.741, 3.435, 2.531, 2.203, 2.234, 2.249, 2.257, 3.01, 2.309, 3.175, 2.689, 3.24, 3.817, 4.612, 4.045, 3.58, 3.698, 4.216, 2.964, 2.102, 3.878, 3.907, 4.45, 3.558, 2.993, 4.327, 3.158, 4.743, 3.977, 2.906, 1.877, 3.19, 5.816, 5.87], [5.164, 4.218, 3.844, 1.587, 0.0, 1.213, 3.026, 4.743, 6.698, 6.32, 7.065, 3.525, 3.286, 4.056, 2.689, 2.468, 2.9, 2.895, 4.698, 4.384, 3.041, 2.773, 2.745, 2.481, 2.138, 2.113, 1.715, 2.502, 2.523, 3.4, 3.912, 4.573, 4.215, 3.755, 3.456, 3.601, 3.475, 1.974, 2.641, 2.924, 3.13, 2.598, 2.031, 3.451, 2.202, 3.387, 2.765, 2.166, 1.763, 2.322, 4.672, 4.803], [5.321, 4.312, 3.791, 1.887, 1.213, 0.0, 2.247, 4.059, 6.11, 5.733, 6.479, 3.001, 2.977, 3.619, 2.548, 2.036, 2.285, 2.273, 4.198, 4.092, 2.621, 2.543, 2.6, 2.153, 2.05, 2.204, 2.02, 2.645, 2.611, 3.189, 3.733, 4.63, 4.212, 3.55, 3.305, 3.66, 3.413, 2.308, 3.283, 2.84, 3.673, 3.203, 2.244, 4.153, 2.831, 3.466, 3.267, 1.834, 1.789, 2.399, 4.357, 4.498], [5.46, 4.972, 3.867, 2.758, 3.026, 2.247, 0.0, 2.307, 4.556, 4.179, 5.007, 1.877, 2.038, 2.254, 2.004, 1.836, 1.223, 1.528, 3.202, 3.249, 1.729, 1.794, 2.15, 1.709, 2.15, 3.299, 3.575, 4.0, 2.905, 2.395, 2.595, 3.893, 3.461, 2.295, 2.671, 3.875, 2.857, 3.033, 4.778, 4.232, 5.13, 4.554, 3.717, 5.701, 4.365, 4.923, 4.573, 3.012, 2.149, 3.627, 5.264, 5.454], [4.823, 4.479, 3.742, 4.187, 4.743, 4.059, 2.307, 0.0, 2.318, 2.036, 2.814, 1.97, 2.994, 2.716, 3.773, 3.517, 2.623, 2.041, 1.748, 1.901, 2.713, 3.403, 3.586, 3.264, 4.288, 5.495, 5.339, 6.253, 5.181, 4.266, 3.819, 4.841, 4.939, 3.953, 4.751, 6.068, 4.706, 5.099, 6.995, 6.403, 7.329, 6.611, 5.519, 7.36, 6.014, 7.083, 6.561, 4.326, 3.89, 5.923, 7.518, 7.677], [4.845, 5.277, 4.901, 5.787, 6.698, 6.11, 4.556, 2.318, 0.0, 0.865, 1.245, 3.803, 5.134, 4.481, 5.946, 5.684, 4.752, 4.094, 2.367, 2.634, 4.807, 5.595, 5.774, 5.432, 6.469, 7.687, 7.463, 8.462, 7.39, 6.474, 5.977, 6.918, 7.143, 6.089, 6.943, 8.276, 6.898, 7.285, 9.187, 8.582, 9.51, 8.749, 7.541, 9.258, 7.905, 9.241, 8.737, 6.281, 6.083, 8.153, 9.621, 9.732], [4.68, 5.019, 4.661, 5.415, 6.32, 5.733, 4.179, 2.036, 0.865, 0.0, 1.347, 3.406, 4.757, 4.037, 5.553, 5.307, 4.415, 3.713, 2.021, 2.328, 4.41, 5.213, 5.377, 5.033, 6.07, 7.289, 7.086, 8.068, 6.997, 6.081, 5.596, 6.524, 6.749, 5.695, 6.546, 7.895, 6.501, 6.887, 8.79, 8.185, 9.112, 8.35, 7.175, 8.895, 7.619, 8.86, 8.378, 6.022, 5.702, 7.776, 9.239, 9.363], [4.175, 4.619, 4.408, 6.067, 7.065, 6.479, 5.007, 2.814, 1.245, 1.347, 0.0, 4.118, 5.503, 4.743, 6.258, 6.053, 5.164, 4.419, 2.444, 2.867, 5.119, 5.963, 6.085, 5.743, 6.781, 7.998, 7.774, 8.775, 7.723, 6.786, 6.342, 7.274, 7.454, 6.404, 7.257, 8.645, 7.209, 7.596, 9.499, 8.893, 9.821, 9.068, 8.0, 9.714, 8.343, 9.61, 9.159, 6.684, 6.452, 8.522, 10.053, 10.179], [5.086, 4.865, 3.732, 2.944, 3.525, 3.001, 1.877, 1.97, 3.803, 3.406, 4.118, 0.0, 1.598, 1.622, 2.72, 2.646, 1.861, 1.292, 2.221, 2.007, 1.268, 1.875, 2.005, 1.725, 2.739, 3.987, 3.942, 4.705, 3.716, 2.927, 2.872, 3.581, 3.415, 2.667, 3.646, 4.587, 3.151, 3.587, 5.491, 5.104, 5.945, 5.136, 4.339, 6.151, 4.934, 5.909, 5.419, 3.619, 2.723, 4.423, 6.581, 6.636], [5.849, 5.555, 4.452, 2.981, 3.286, 2.977, 2.038, 2.994, 5.134, 4.757, 5.503, 1.598, 0.0, 1.208, 2.381, 2.284, 1.771, 2.014, 3.148, 3.017, 1.383, 1.264, 1.776, 1.637, 2.294, 3.219, 3.828, 3.653, 2.335, 1.787, 1.806, 2.518, 2.343, 1.768, 2.7, 3.294, 2.132, 2.947, 4.653, 4.203, 5.094, 4.58, 3.973, 5.901, 4.57, 4.968, 4.7, 3.69, 2.421, 3.068, 5.261, 5.429], [6.03, 5.853, 4.865, 3.696, 4.056, 3.619, 2.254, 2.716, 4.481, 4.037, 4.743, 1.622, 1.208, 0.0, 2.672, 2.826, 2.232, 2.494, 3.022, 3.041, 1.671, 1.862, 2.346, 2.093, 2.947, 4.014, 4.505, 4.294, 3.106, 2.232, 2.045, 2.91, 2.894, 2.139, 3.101, 4.163, 2.641, 3.544, 5.418, 4.93, 5.916, 5.355, 4.821, 6.71, 5.431, 5.921, 5.682, 4.417, 3.149, 4.01, 5.736, 5.839], [6.409, 5.838, 4.751, 2.809, 2.689, 2.548, 2.004, 3.773, 5.946, 5.553, 6.258, 2.72, 2.381, 2.672, 0.0, 0.97, 1.487, 2.336, 4.266, 4.096, 2.542, 2.253, 2.437, 1.819, 1.702, 2.214, 2.597, 2.737, 2.074, 1.842, 2.046, 2.641, 2.4, 2.162, 1.947, 2.475, 2.275, 2.16, 3.349, 2.855, 3.813, 3.143, 2.569, 4.151, 2.949, 3.705, 3.371, 2.636, 2.126, 2.42, 4.127, 4.231], [6.358, 5.698, 4.682, 2.741, 2.468, 2.036, 1.836, 3.517, 5.684, 5.307, 6.053, 2.646, 2.284, 2.826, 0.97, 0.0, 1.31, 2.19, 3.951, 4.017, 2.593, 2.225, 2.363, 1.813, 1.587, 2.314, 2.48, 2.91, 2.248, 2.133, 2.316, 3.119, 2.846, 2.379, 2.378, 2.773, 2.599, 2.253, 3.68, 3.108, 4.015, 3.49, 2.546, 4.376, 3.181, 3.728, 3.416, 2.029, 1.989, 2.626, 4.251, 4.469], [5.734, 5.218, 4.117, 2.598, 2.9, 2.285, 1.223, 2.623, 4.752, 4.415, 5.164, 1.861, 1.771, 2.232, 1.487, 1.31, 0.0, 1.516, 3.302, 3.25, 1.874, 1.517, 1.914, 1.506, 1.893, 3.024, 3.154, 3.813, 2.743, 2.173, 2.439, 3.592, 3.074, 2.325, 2.608, 3.62, 2.525, 2.698, 4.528, 3.916, 4.849, 4.199, 3.252, 5.133, 3.772, 4.545, 4.136, 2.423, 1.741, 3.469, 5.007, 5.184], [4.682, 4.268, 3.158, 2.293, 2.895, 2.273, 1.528, 2.041, 4.094, 3.713, 4.419, 1.292, 2.014, 2.494, 2.336, 2.19, 1.516, 0.0, 2.307, 2.148, 1.451, 1.866, 2.131, 1.757, 2.464, 3.661, 3.482, 4.371, 3.304, 2.681, 3.071, 3.961, 3.503, 2.818, 3.273, 4.34, 2.98, 3.224, 5.126, 4.556, 5.461, 4.848, 3.878, 5.694, 4.398, 5.358, 4.923, 2.936, 2.294, 4.103, 6.048, 6.111], [3.587, 3.584, 2.958, 3.741, 4.698, 4.198, 3.202, 1.748, 2.367, 2.021, 2.444, 2.221, 3.148, 3.022, 4.266, 3.951, 3.302, 2.307, 0.0, 1.069, 2.861, 3.655, 3.844, 3.538, 4.554, 5.77, 5.491, 6.48, 5.409, 4.694, 4.5, 5.078, 5.232, 4.378, 5.391, 6.297, 4.959, 5.322, 7.224, 6.719, 7.549, 6.892, 5.832, 7.622, 6.201, 7.359, 6.916, 4.839, 4.25, 6.156, 8.145, 8.337], [3.285, 3.251, 2.67, 3.435, 4.384, 4.092, 3.249, 1.901, 2.634, 2.328, 2.867, 2.007, 3.017, 3.041, 4.096, 4.017, 3.25, 2.148, 1.069, 0.0, 2.39, 3.226, 3.267, 3.168, 4.103, 5.233, 4.909, 6.001, 5.039, 4.504, 4.563, 5.173, 4.849, 4.173, 5.233, 6.013, 4.475, 4.758, 6.698, 6.341, 7.249, 6.375, 5.547, 7.171, 5.769, 7.238, 6.72, 4.704, 3.971, 5.774, 8.109, 8.11], [4.813, 4.55, 3.43, 2.531, 3.041, 2.621, 1.729, 2.713, 4.807, 4.41, 5.119, 1.268, 1.383, 1.671, 2.542, 2.593, 1.874, 1.451, 2.861, 2.39, 0.0, 1.165, 1.493, 1.176, 2.216, 3.419, 3.466, 3.846, 2.866, 2.356, 2.767, 3.466, 2.9, 2.238, 3.109, 3.795, 2.22, 2.636, 4.639, 4.401, 5.3, 4.685, 4.038, 5.891, 4.636, 5.428, 5.063, 3.509, 2.362, 3.63, 5.883, 5.931], [5.326, 4.984, 3.795, 2.203, 2.773, 2.543, 1.794, 3.403, 5.595, 5.213, 5.963, 1.875, 1.264, 1.862, 2.253, 2.225, 1.517, 1.866, 3.655, 3.226, 1.165, 0.0, 1.133, 1.075, 1.69, 2.795, 3.042, 3.095, 2.127, 1.903, 2.352, 3.112, 2.54, 2.065, 2.581, 3.135, 1.677, 2.131, 4.146, 3.936, 4.654, 3.873, 3.41, 5.086, 3.858, 4.708, 4.238, 3.148, 1.871, 2.83, 5.28, 5.369], [5.398, 5.024, 3.756, 2.234, 2.745, 2.6, 2.15, 3.586, 5.774, 5.377, 6.085, 2.005, 1.776, 2.346, 2.437, 2.363, 1.914, 2.131, 3.844, 3.267, 1.493, 1.133, 0.0, 1.027, 1.808, 2.868, 2.907, 3.265, 2.419, 2.375, 2.651, 3.379, 2.712, 2.675, 3.089, 3.287, 2.066, 2.229, 4.244, 4.047, 4.85, 3.985, 3.679, 5.147, 4.061, 4.997, 4.473, 3.152, 2.355, 3.082, 5.568, 5.575], [5.559, 5.111, 4.005, 2.249, 2.481, 2.153, 1.709, 3.264, 5.432, 5.033, 5.743, 1.725, 1.637, 2.093, 1.819, 1.813, 1.506, 1.757, 3.538, 3.168, 1.176, 1.075, 1.027, 0.0, 1.504, 2.738, 2.818, 3.182, 2.373, 1.989, 2.357, 3.132, 2.513, 2.292, 2.699, 3.097, 2.006, 2.143, 4.189, 3.823, 4.679, 3.975, 3.313, 5.18, 3.983, 4.747, 4.396, 2.732, 2.053, 2.957, 5.201, 5.215], [5.614, 5.041, 4.04, 2.257, 2.138, 2.05, 2.15, 4.288, 6.469, 6.07, 6.781, 2.739, 2.294, 2.947, 1.702, 1.587, 1.893, 2.464, 4.554, 4.103, 2.216, 1.69, 1.808, 1.504, 0.0, 1.603, 1.911, 2.28, 1.786, 2.324, 2.889, 3.424, 2.936, 2.535, 2.413, 2.484, 2.155, 1.553, 3.059, 2.668, 3.552, 2.716, 2.147, 4.014, 2.869, 3.556, 3.155, 2.067, 1.627, 2.166, 4.447, 4.421], [6.136, 5.271, 4.671, 3.01, 2.113, 2.204, 3.299, 5.495, 7.687, 7.289, 7.998, 3.987, 3.219, 4.014, 2.214, 2.314, 3.024, 3.661, 5.77, 5.233, 3.419, 2.795, 2.868, 2.738, 1.603, 0.0, 1.271, 1.58, 2.001, 2.918, 3.32, 3.691, 3.198, 2.985, 2.555, 2.582, 2.567, 1.728, 2.062, 1.758, 2.587, 1.788, 1.471, 3.077, 1.953, 2.519, 2.127, 2.13, 1.858, 1.387, 3.588, 3.525], [5.471, 4.671, 4.137, 2.309, 1.715, 2.02, 3.575, 5.339, 7.463, 7.086, 7.774, 3.942, 3.828, 4.505, 2.597, 2.48, 3.154, 3.482, 5.491, 4.909, 3.466, 3.042, 2.907, 2.818, 1.911, 1.271, 0.0, 1.702, 2.738, 3.77, 4.248, 4.616, 4.09, 3.915, 3.609, 3.301, 3.219, 1.77, 2.075, 2.292, 2.705, 1.771, 1.393, 2.708, 1.658, 2.982, 2.239, 1.939, 1.875, 2.11, 4.227, 4.222], [6.809, 5.886, 5.285, 3.175, 2.502, 2.645, 4.0, 6.253, 8.462, 8.068, 8.775, 4.705, 3.653, 4.294, 2.737, 2.91, 3.813, 4.371, 6.48, 6.001, 3.846, 3.095, 3.265, 3.182, 2.28, 1.58, 1.702, 0.0, 1.998, 3.096, 3.491, 3.771, 3.554, 3.432, 2.949, 2.352, 2.76, 1.9, 1.804, 1.748, 2.17, 1.707, 1.628, 2.609, 1.993, 2.392, 2.218, 2.639, 2.585, 1.448, 2.802, 2.838], [6.383, 5.755, 4.759, 2.689, 2.523, 2.611, 2.905, 5.181, 7.39, 6.997, 7.723, 3.716, 2.335, 3.106, 2.074, 2.248, 2.743, 3.304, 5.409, 5.039, 2.866, 2.127, 2.419, 2.373, 1.786, 2.001, 2.738, 1.998, 0.0, 1.416, 1.999, 2.46, 2.134, 2.027, 1.683, 1.909, 1.705, 1.611, 3.015, 2.719, 3.575, 3.016, 2.885, 4.268, 3.146, 3.534, 3.292, 2.864, 2.095, 1.362, 3.488, 3.554], [6.841, 6.398, 5.287, 3.24, 3.4, 3.189, 2.395, 4.266, 6.474, 6.081, 6.786, 2.927, 1.787, 2.232, 1.842, 2.133, 2.173, 2.681, 4.694, 4.504, 2.356, 1.903, 2.375, 1.989, 2.324, 2.918, 3.77, 3.096, 1.416, 0.0, 1.134, 1.882, 1.35, 1.154, 1.344, 2.158, 1.696, 2.502, 4.094, 3.607, 4.658, 4.131, 3.836, 5.345, 4.24, 4.381, 4.448, 3.654, 2.729, 2.14, 3.853, 3.922], [7.425, 7.056, 5.93, 3.817, 3.912, 3.733, 2.595, 3.819, 5.977, 5.596, 6.342, 2.872, 1.806, 2.045, 2.046, 2.316, 2.439, 3.071, 4.5, 4.563, 2.767, 2.352, 2.651, 2.357, 2.889, 3.32, 4.248, 3.491, 1.999, 1.134, 0.0, 1.477, 1.436, 1.464, 1.596, 2.397, 2.018, 2.945, 4.217, 3.721, 4.902, 4.516, 4.237, 5.623, 4.585, 4.514, 4.707, 3.982, 3.094, 2.639, 4.082, 4.255], [8.165, 7.828, 6.696, 4.612, 4.573, 4.63, 3.893, 4.841, 6.918, 6.524, 7.274, 3.581, 2.518, 2.91, 2.641, 3.119, 3.592, 3.961, 5.078, 5.173, 3.466, 3.112, 3.379, 3.132, 3.424, 3.691, 4.616, 3.771, 2.46, 1.882, 1.477, 0.0, 1.239, 2.201, 2.156, 2.005, 2.731, 3.565, 4.163, 3.833, 4.924, 4.578, 4.447, 5.636, 4.88, 4.579, 4.781, 4.692, 3.999, 2.724, 4.089, 3.977], [7.377, 7.003, 5.856, 4.045, 4.215, 4.212, 3.461, 4.939, 7.143, 6.749, 7.454, 3.415, 2.343, 2.894, 2.4, 2.846, 3.074, 3.503, 5.232, 4.849, 2.9, 2.54, 2.712, 2.513, 2.936, 3.198, 4.09, 3.554, 2.134, 1.35, 1.436, 1.239, 0.0, 1.727, 1.72, 2.154, 1.968, 2.936, 4.116, 3.796, 4.964, 4.474, 4.384, 5.554, 4.726, 4.65, 4.872, 4.367, 3.508, 2.524, 4.143, 3.995], [6.408, 6.127, 4.985, 3.58, 3.755, 3.55, 2.295, 3.953, 6.089, 5.695, 6.404, 2.667, 1.768, 2.139, 2.162, 2.379, 2.325, 2.818, 4.378, 4.173, 2.238, 2.065, 2.675, 2.292, 2.535, 2.985, 3.915, 3.432, 2.027, 1.154, 1.464, 2.201, 1.727, 0.0, 1.221, 2.478, 1.959, 2.83, 4.218, 3.747, 4.78, 4.179, 3.957, 5.295, 4.336, 4.415, 4.539, 3.739, 2.564, 2.559, 4.269, 4.226], [7.018, 6.453, 5.444, 3.698, 3.456, 3.305, 2.671, 4.751, 6.943, 6.546, 7.257, 3.646, 2.7, 3.101, 1.947, 2.378, 2.608, 3.273, 5.391, 5.233, 3.109, 2.581, 3.089, 2.699, 2.413, 2.555, 3.609, 2.949, 1.683, 1.344, 1.596, 2.156, 1.72, 1.221, 0.0, 1.766, 2.144, 2.611, 3.489, 3.006, 4.093, 3.667, 3.438, 4.738, 3.806, 3.658, 3.91, 3.335, 2.527, 2.0, 3.288, 3.235], [7.865, 7.219, 6.314, 4.216, 3.601, 3.66, 3.875, 6.068, 8.276, 7.895, 8.645, 4.587, 3.294, 4.163, 2.475, 2.773, 3.62, 4.34, 6.297, 6.013, 3.795, 3.135, 3.287, 3.097, 2.484, 2.582, 3.301, 2.352, 1.909, 2.158, 2.397, 2.005, 2.154, 2.478, 1.766, 0.0, 2.734, 2.805, 2.508, 2.292, 3.433, 3.093, 2.927, 4.124, 3.557, 3.04, 3.241, 3.422, 3.39, 1.733, 2.581, 2.514], [5.94, 5.569, 4.407, 2.964, 3.475, 3.413, 2.857, 4.706, 6.898, 6.501, 7.209, 3.151, 2.132, 2.641, 2.275, 2.599, 2.525, 2.98, 4.959, 4.475, 2.22, 1.677, 2.066, 2.006, 2.155, 2.567, 3.219, 2.76, 1.705, 1.696, 2.018, 2.731, 1.968, 1.959, 2.144, 2.734, 0.0, 1.774, 3.734, 3.511, 4.535, 3.863, 3.756, 4.976, 4.056, 4.578, 4.298, 3.576, 2.506, 2.516, 4.696, 4.728], [5.361, 4.871, 3.921, 2.102, 1.974, 2.308, 3.033, 5.099, 7.285, 6.887, 7.596, 3.587, 2.947, 3.544, 2.16, 2.253, 2.698, 3.224, 5.322, 4.758, 2.636, 2.131, 2.229, 2.143, 1.553, 1.728, 1.77, 1.9, 1.611, 2.502, 2.945, 3.565, 2.936, 2.83, 2.611, 2.805, 1.774, 0.0, 2.633, 2.742, 3.382, 2.714, 2.364, 3.772, 2.707, 3.674, 3.111, 2.611, 1.642, 2.067, 4.469, 4.497], [7.322, 6.526, 6.122, 3.878, 2.641, 3.283, 4.778, 6.995, 9.187, 8.79, 9.499, 5.491, 4.653, 5.418, 3.349, 3.68, 4.528, 5.126, 7.224, 6.698, 4.639, 4.146, 4.244, 4.189, 3.059, 2.062, 2.075, 1.804, 3.015, 4.094, 4.217, 4.163, 4.116, 4.218, 3.489, 2.508, 3.734, 2.633, 0.0, 1.286, 1.4, 1.43, 1.949, 2.099, 1.981, 1.636, 1.378, 3.247, 3.199, 2.341, 2.693, 2.863], [7.432, 6.451, 5.981, 3.907, 2.924, 2.84, 4.232, 6.403, 8.582, 8.185, 8.893, 5.104, 4.203, 4.93, 2.855, 3.108, 3.916, 4.556, 6.719, 6.341, 4.401, 3.936, 4.047, 3.823, 2.668, 1.758, 2.292, 1.748, 2.719, 3.607, 3.721, 3.833, 3.796, 3.747, 3.006, 2.292, 3.511, 2.742, 1.286, 0.0, 1.782, 1.842, 1.755, 2.732, 2.44, 1.452, 1.886, 2.691, 2.823, 2.112, 2.34, 2.245], [7.879, 7.087, 6.69, 4.45, 3.13, 3.673, 5.13, 7.329, 9.51, 9.112, 9.821, 5.945, 5.094, 5.916, 3.813, 4.015, 4.849, 5.461, 7.549, 7.249, 5.3, 4.654, 4.85, 4.679, 3.552, 2.587, 2.705, 2.17, 3.575, 4.658, 4.902, 4.924, 4.964, 4.78, 4.093, 3.433, 4.535, 3.382, 1.4, 1.782, 0.0, 1.52, 2.214, 1.563, 2.15, 1.185, 1.258, 3.537, 3.53, 2.919, 2.783, 2.995], [6.8, 6.164, 5.66, 3.558, 2.598, 3.203, 4.554, 6.611, 8.749, 8.35, 9.068, 5.136, 4.58, 5.355, 3.143, 3.49, 4.199, 4.848, 6.892, 6.375, 4.685, 3.873, 3.985, 3.975, 2.716, 1.788, 1.771, 1.707, 3.016, 4.131, 4.516, 4.578, 4.474, 4.179, 3.667, 3.093, 3.863, 2.714, 1.43, 1.842, 1.52, 0.0, 1.454, 1.48, 1.242, 1.921, 1.143, 2.772, 2.776, 2.251, 3.441, 3.643], [6.521, 5.51, 5.061, 2.993, 2.031, 2.244, 3.717, 5.519, 7.541, 7.175, 8.0, 4.339, 3.973, 4.821, 2.569, 2.546, 3.252, 3.878, 5.832, 5.547, 4.038, 3.41, 3.679, 3.313, 2.147, 1.471, 1.393, 1.628, 2.885, 3.836, 4.237, 4.447, 4.384, 3.957, 3.438, 2.927, 3.756, 2.364, 1.949, 1.755, 2.214, 1.454, 0.0, 2.089, 1.235, 2.198, 1.624, 1.893, 2.025, 2.191, 3.686, 3.746], [7.516, 6.817, 6.307, 4.327, 3.451, 4.153, 5.701, 7.36, 9.258, 8.895, 9.714, 6.151, 5.901, 6.71, 4.151, 4.376, 5.133, 5.694, 7.622, 7.171, 5.891, 5.086, 5.147, 5.18, 4.014, 3.077, 2.708, 2.609, 4.268, 5.345, 5.623, 5.636, 5.554, 5.295, 4.738, 4.124, 4.976, 3.772, 2.099, 2.732, 1.563, 1.48, 2.089, 0.0, 1.548, 1.977, 1.597, 3.53, 3.811, 3.41, 3.716, 3.991], [6.424, 5.587, 5.107, 3.158, 2.202, 2.831, 4.365, 6.014, 7.905, 7.619, 8.343, 4.934, 4.57, 5.431, 2.949, 3.181, 3.772, 4.398, 6.201, 5.769, 4.636, 3.858, 4.061, 3.983, 2.869, 1.953, 1.658, 1.993, 3.146, 4.24, 4.585, 4.88, 4.726, 4.336, 3.806, 3.557, 4.056, 2.707, 1.981, 2.44, 2.15, 1.242, 1.235, 1.548, 0.0, 2.269, 1.429, 2.293, 2.515, 2.402, 3.952, 4.218], [8.363, 7.344, 6.906, 4.743, 3.387, 3.466, 4.923, 7.083, 9.241, 8.86, 9.61, 5.909, 4.968, 5.921, 3.705, 3.728, 4.545, 5.358, 7.359, 7.238, 5.428, 4.708, 4.997, 4.747, 3.556, 2.519, 2.982, 2.392, 3.534, 4.381, 4.514, 4.579, 4.65, 4.415, 3.658, 3.04, 4.578, 3.674, 1.636, 1.452, 1.185, 1.921, 2.198, 1.977, 2.269, 0.0, 1.511, 3.115, 3.527, 2.668, 1.993, 2.418], [7.393, 6.578, 6.151, 3.977, 2.765, 3.267, 4.573, 6.561, 8.737, 8.378, 9.159, 5.419, 4.7, 5.682, 3.371, 3.416, 4.136, 4.923, 6.916, 6.72, 5.063, 4.238, 4.473, 4.396, 3.155, 2.127, 2.239, 2.218, 3.292, 4.448, 4.707, 4.781, 4.872, 4.539, 3.91, 3.241, 4.298, 3.111, 1.378, 1.886, 1.258, 1.143, 1.624, 1.597, 1.429, 1.511, 0.0, 2.674, 2.899, 2.614, 3.25, 3.705], [6.199, 5.171, 4.638, 2.906, 2.166, 1.834, 3.012, 4.326, 6.281, 6.022, 6.684, 3.619, 3.69, 4.417, 2.636, 2.029, 2.423, 2.936, 4.839, 4.704, 3.509, 3.148, 3.152, 2.732, 2.067, 2.13, 1.939, 2.639, 2.864, 3.654, 3.982, 4.692, 4.367, 3.739, 3.335, 3.422, 3.576, 2.611, 3.247, 2.691, 3.537, 2.772, 1.893, 3.53, 2.293, 3.115, 2.674, 0.0, 1.886, 2.562, 4.048, 4.252], [5.041, 4.257, 3.513, 1.877, 1.763, 1.789, 2.149, 3.89, 6.083, 5.702, 6.452, 2.723, 2.421, 3.149, 2.126, 1.989, 1.741, 2.294, 4.25, 3.971, 2.362, 1.871, 2.355, 2.053, 1.627, 1.858, 1.875, 2.585, 2.095, 2.729, 3.094, 3.999, 3.508, 2.564, 2.527, 3.39, 2.506, 1.642, 3.199, 2.823, 3.53, 2.776, 2.025, 3.811, 2.515, 3.527, 2.899, 1.886, 0.0, 2.456, 4.779, 4.802], [6.904, 5.907, 5.347, 3.19, 2.322, 2.399, 3.627, 5.923, 8.153, 7.776, 8.522, 4.423, 3.068, 4.01, 2.42, 2.626, 3.469, 4.103, 6.156, 5.774, 3.63, 2.83, 3.082, 2.957, 2.166, 1.387, 2.11, 1.448, 1.362, 2.14, 2.639, 2.724, 2.524, 2.559, 2.0, 1.733, 2.516, 2.067, 2.341, 2.112, 2.919, 2.251, 2.191, 3.41, 2.402, 2.668, 2.614, 2.562, 2.456, 0.0, 2.772, 2.787], [9.572, 8.521, 8.008, 5.816, 4.672, 4.357, 5.264, 7.518, 9.621, 9.239, 10.053, 6.581, 5.261, 5.736, 4.127, 4.251, 5.007, 6.048, 8.145, 8.109, 5.883, 5.28, 5.568, 5.201, 4.447, 3.588, 4.227, 2.802, 3.488, 3.853, 4.082, 4.089, 4.143, 4.269, 3.288, 2.581, 4.696, 4.469, 2.693, 2.34, 2.783, 3.441, 3.686, 3.716, 3.952, 1.993, 3.25, 4.048, 4.779, 2.772, 0.0, 1.067], [9.485, 8.477, 7.929, 5.87, 4.803, 4.498, 5.454, 7.677, 9.732, 9.363, 10.179, 6.636, 5.429, 5.839, 4.231, 4.469, 5.184, 6.111, 8.337, 8.11, 5.931, 5.369, 5.575, 5.215, 4.421, 3.525, 4.222, 2.838, 3.554, 3.922, 4.255, 3.977, 3.995, 4.226, 3.235, 2.514, 4.728, 4.497, 2.863, 2.245, 2.995, 3.643, 3.746, 3.991, 4.218, 2.418, 3.705, 4.252, 4.802, 2.787, 1.067, 0.0]]