[[0.0, 1.25, 2.513, 2.68, 4.12, 4.069, 3.237, 3.481, 4.482, 4.631, 8.971, 10.134, 3.436, 2.073, 1.822, 1.961, 2.395, 2.778, 2.431, 2.894, 2.019, 1.937, 1.76, 6.505, 8.535, 7.038, 8.504, 6.669, 3.241, 3.434, 3.446, 3.573, 4.288, 5.166, 4.847, 5.413, 5.798, 5.273, 3.654, 3.015, 3.269, 4.316, 5.921, 5.704, 5.906, 10.23, 11.836, 8.844, 9.939, 12.912, 11.32, 9.137, 8.501, 10.049, 9.972, 13.927, 12.719, 10.007, 9.935, 7.946, 10.406, 14.275, 12.369, 12.621, 14.962, 15.892, 16.28, 16.509, 15.632, 13.963, 12.481, 11.635, 12.239, 14.349, 14.54, 15.357, 14.767, 13.842, 14.003, 15.437, 14.88, 13.436, 14.97, 14.668, 12.279, 13.149, 13.856, 13.161, 10.644, 9.339, 8.817, 9.973, 10.129, 9.871, 11.299, 12.498, 13.376, 14.131, 16.05, 16.218, 15.591, 18.102, 15.929, 12.16, 17.457, 18.744, 19.262], [1.25, 0.0, 1.602, 1.922, 3.53, 3.757, 3.021, 3.395, 4.389, 4.285, 8.219, 9.393, 2.635, 2.625, 2.617, 2.237, 2.412, 2.279, 2.961, 3.166, 1.594, 1.974, 2.337, 7.263, 9.28, 7.78, 9.279, 7.356, 3.987, 3.364, 3.503, 4.044, 4.746, 5.468, 4.748, 5.29, 5.702, 5.16, 3.816, 3.688, 4.087, 5.146, 6.766, 6.285, 6.573, 10.975, 12.572, 9.582, 10.67, 13.652, 12.058, 9.973, 9.274, 10.807, 10.654, 14.619, 13.4, 10.767, 10.69, 8.711, 11.145, 15.019, 13.104, 13.342, 15.702, 16.646, 17.026, 17.247, 16.374, 14.599, 13.195, 12.352, 12.94, 15.035, 15.278, 16.087, 15.481, 14.594, 14.701, 16.168, 15.6, 14.174, 15.686, 15.382, 12.943, 13.831, 14.596, 13.892, 11.387, 10.089, 9.554, 10.723, 10.88, 10.628, 12.057, 13.257, 14.13, 14.886, 16.808, 16.976, 16.351, 18.862, 16.689, 12.898, 18.202, 19.481, 19.955], [2.513, 1.602, 0.0, 1.52, 2.778, 3.546, 2.671, 2.993, 3.891, 3.889, 7.101, 8.231, 1.732, 3.654, 3.8, 2.865, 2.871, 2.485, 4.217, 4.109, 2.174, 2.997, 3.143, 8.598, 10.607, 9.115, 10.525, 8.684, 5.283, 3.522, 3.756, 4.541, 5.3, 5.923, 4.827, 5.23, 5.43, 4.964, 4.219, 4.584, 5.123, 6.148, 7.918, 7.486, 7.864, 12.288, 13.886, 10.88, 11.979, 14.964, 13.386, 11.238, 10.531, 12.044, 11.792, 15.827, 14.561, 11.958, 11.897, 9.928, 12.459, 16.248, 14.349, 14.617, 17.014, 17.941, 18.321, 18.549, 17.68, 15.888, 14.463, 13.623, 14.227, 16.223, 16.493, 17.29, 16.714, 15.778, 15.713, 17.455, 16.912, 15.305, 16.861, 16.52, 14.223, 15.114, 15.815, 15.172, 12.698, 11.414, 10.86, 12.031, 12.2, 11.95, 13.39, 14.598, 15.475, 16.229, 18.14, 18.313, 17.696, 20.207, 18.019, 14.217, 19.409, 20.794, 21.117], [2.68, 1.922, 1.52, 0.0, 2.322, 3.066, 2.527, 2.92, 3.912, 3.859, 7.143, 8.313, 2.076, 4.102, 3.864, 2.863, 2.518, 2.219, 4.053, 3.897, 2.28, 2.929, 2.626, 8.3, 10.324, 8.871, 10.259, 8.533, 4.989, 2.943, 3.271, 4.058, 4.8, 5.358, 4.226, 4.539, 4.728, 4.222, 3.705, 4.043, 4.596, 5.797, 7.68, 7.312, 7.66, 12.043, 13.66, 10.711, 11.776, 14.711, 13.11, 10.944, 10.237, 11.853, 11.899, 15.803, 14.741, 11.859, 11.693, 9.939, 12.485, 16.028, 14.11, 14.616, 16.816, 17.704, 18.155, 18.369, 17.462, 15.671, 14.34, 13.503, 14.288, 16.136, 16.311, 17.154, 16.631, 15.757, 16.028, 17.443, 16.837, 15.185, 16.871, 16.57, 14.05, 14.958, 15.636, 15.109, 12.497, 11.131, 10.671, 11.838, 11.932, 11.671, 13.098, 14.292, 15.179, 15.94, 17.844, 18.012, 17.403, 19.919, 17.715, 13.946, 19.206, 20.552, 21.138], [4.12, 3.53, 2.778, 2.322, 0.0, 1.899, 1.898, 2.197, 2.348, 2.498, 5.542, 6.717, 2.285, 5.77, 5.498, 4.033, 3.545, 3.472, 5.593, 5.402, 3.422, 4.219, 3.618, 9.905, 11.934, 10.436, 11.922, 10.144, 6.587, 3.373, 3.795, 5.066, 5.346, 5.186, 3.957, 3.905, 3.876, 3.291, 4.009, 5.464, 6.098, 7.328, 9.272, 8.885, 9.219, 13.637, 15.258, 12.27, 13.371, 16.318, 14.72, 12.528, 11.946, 13.522, 13.608, 17.497, 16.421, 13.528, 13.445, 11.582, 13.972, 17.732, 15.785, 16.184, 18.382, 19.352, 19.712, 19.934, 19.05, 17.285, 15.877, 15.029, 15.827, 17.87, 18.049, 18.848, 18.288, 17.454, 17.719, 18.952, 18.384, 16.939, 18.589, 18.254, 15.659, 16.526, 17.356, 16.637, 14.072, 12.728, 12.242, 13.411, 13.531, 13.271, 14.698, 15.899, 16.781, 17.542, 19.444, 19.615, 19.023, 21.536, 19.322, 15.554, 20.895, 22.16, 22.868], [4.069, 3.757, 3.546, 3.066, 1.899, 0.0, 1.359, 1.592, 1.609, 1.563, 5.642, 6.8, 2.777, 5.567, 5.345, 3.884, 3.244, 4.319, 5.499, 5.533, 3.406, 4.174, 3.59, 9.825, 11.844, 10.339, 11.863, 9.92, 6.504, 3.273, 3.473, 4.931, 5.041, 4.028, 2.924, 2.61, 2.521, 1.992, 3.831, 5.325, 5.979, 7.205, 9.172, 8.765, 9.118, 13.554, 15.199, 12.195, 13.249, 16.224, 14.627, 12.448, 11.886, 13.403, 13.416, 17.31, 16.227, 13.439, 13.35, 11.44, 13.802, 17.649, 15.731, 16.049, 18.328, 19.266, 19.624, 19.845, 18.982, 17.199, 15.808, 14.952, 15.702, 17.724, 17.959, 18.726, 18.106, 17.322, 17.532, 18.859, 18.221, 16.844, 18.447, 18.162, 15.543, 16.481, 17.265, 16.509, 13.993, 12.642, 12.16, 13.307, 13.447, 13.191, 14.622, 15.816, 16.695, 17.456, 19.372, 19.537, 18.918, 21.435, 19.24, 15.458, 20.845, 22.056, 22.677], [3.237, 3.021, 2.671, 2.527, 1.898, 1.359, 0.0, 1.097, 1.891, 2.125, 6.426, 7.55, 2.123, 4.8, 4.486, 2.976, 2.559, 3.718, 4.727, 4.579, 2.728, 3.418, 2.982, 9.07, 11.091, 9.581, 11.125, 9.218, 5.748, 2.526, 2.734, 4.215, 4.326, 4.09, 2.805, 2.926, 3.079, 2.544, 3.128, 4.548, 5.223, 6.433, 8.397, 7.977, 8.345, 12.79, 14.444, 11.423, 12.47, 15.466, 13.876, 11.688, 11.144, 12.664, 12.622, 16.579, 15.362, 12.682, 12.62, 10.608, 12.901, 16.923, 15.012, 15.212, 17.567, 18.527, 18.852, 19.057, 18.23, 16.474, 15.038, 14.171, 14.858, 16.998, 17.208, 17.98, 17.391, 16.522, 16.661, 18.037, 17.392, 16.108, 17.617, 17.321, 14.863, 15.703, 16.517, 15.715, 13.233, 11.888, 11.365, 12.517, 12.692, 12.437, 13.868, 15.059, 15.934, 16.695, 18.615, 18.78, 18.158, 20.674, 18.483, 14.706, 20.072, 21.286, 21.915], [3.481, 3.395, 2.993, 2.92, 2.197, 1.592, 1.097, 0.0, 1.415, 2.086, 6.326, 7.468, 2.331, 5.128, 4.662, 3.183, 2.952, 4.149, 5.204, 4.748, 3.296, 3.771, 3.447, 9.203, 11.223, 9.745, 11.185, 9.323, 6.028, 2.801, 2.922, 4.28, 4.529, 4.082, 2.903, 2.934, 3.03, 2.429, 3.217, 4.68, 5.36, 6.58, 8.528, 8.113, 8.48, 12.917, 14.515, 11.517, 12.615, 15.594, 14.003, 11.832, 11.209, 12.728, 12.615, 16.575, 15.361, 12.677, 12.618, 10.608, 13.064, 16.961, 15.07, 15.307, 17.647, 18.58, 18.948, 19.178, 18.318, 16.752, 15.233, 14.354, 15.023, 17.12, 17.224, 18.063, 17.419, 16.521, 16.634, 18.081, 17.542, 16.103, 17.667, 17.344, 15.095, 15.86, 16.542, 15.832, 13.33, 12.016, 11.492, 12.65, 12.822, 12.564, 13.995, 15.195, 16.075, 16.835, 18.746, 18.916, 18.298, 20.815, 18.62, 14.833, 20.12, 21.418, 21.912], [4.482, 4.389, 3.891, 3.912, 2.348, 1.609, 1.891, 1.415, 0.0, 1.536, 5.384, 6.459, 3.079, 6.165, 5.814, 4.364, 3.979, 5.012, 6.279, 5.854, 4.341, 4.683, 4.475, 10.222, 12.251, 10.859, 12.222, 10.348, 7.072, 3.716, 3.88, 5.348, 5.432, 4.295, 3.311, 2.93, 2.913, 2.281, 4.151, 5.706, 6.386, 7.672, 9.536, 9.124, 9.493, 13.932, 15.532, 12.54, 13.658, 16.609, 15.022, 12.852, 12.221, 13.735, 13.617, 17.586, 16.356, 13.739, 13.616, 11.652, 14.151, 18.058, 16.189, 16.461, 18.664, 19.604, 19.969, 20.212, 19.384, 17.883, 16.35, 15.473, 16.162, 18.281, 18.295, 19.152, 18.495, 17.586, 17.619, 19.177, 18.61, 17.127, 18.744, 18.46, 16.19, 16.946, 17.62, 16.885, 14.345, 13.059, 12.532, 13.694, 13.841, 13.584, 15.018, 16.218, 17.091, 17.847, 19.764, 19.937, 19.311, 21.822, 19.645, 15.887, 21.17, 22.43, 22.9], [4.631, 4.285, 3.889, 3.859, 2.498, 1.563, 2.125, 2.086, 1.536, 0.0, 4.611, 5.751, 3.001, 6.059, 6.059, 4.609, 4.313, 5.047, 6.511, 6.47, 4.297, 5.227, 4.619, 10.901, 12.927, 11.414, 12.865, 11.027, 7.569, 4.367, 4.536, 5.913, 6.088, 4.692, 3.812, 3.35, 3.215, 2.924, 4.846, 6.365, 7.049, 8.221, 10.185, 9.809, 10.18, 14.623, 16.226, 13.238, 14.322, 17.3, 15.706, 13.518, 12.875, 14.405, 14.324, 18.305, 17.059, 14.386, 14.342, 12.343, 14.734, 18.639, 16.725, 16.963, 19.36, 20.273, 20.669, 20.892, 20.032, 18.275, 16.821, 15.975, 16.58, 18.689, 18.929, 19.688, 19.105, 18.228, 18.324, 19.778, 19.216, 17.815, 19.339, 19.032, 16.615, 17.489, 18.238, 17.52, 15.045, 13.72, 13.207, 14.362, 14.526, 14.266, 15.696, 16.885, 17.759, 18.514, 20.441, 20.605, 19.978, 22.486, 20.311, 16.538, 21.821, 23.128, 23.647], [8.971, 8.219, 7.101, 7.143, 5.542, 5.642, 6.426, 6.326, 5.384, 4.611, 0.0, 1.755, 5.977, 10.397, 10.552, 9.098, 8.807, 8.622, 10.99, 10.893, 8.623, 9.716, 9.063, 15.405, 17.433, 15.915, 17.32, 15.539, 12.087, 8.828, 9.054, 10.374, 10.59, 8.988, 8.244, 7.358, 6.431, 6.741, 9.357, 10.888, 11.557, 12.739, 14.705, 14.299, 14.694, 19.126, 20.737, 17.737, 18.829, 21.806, 20.217, 18.03, 17.337, 18.857, 18.731, 22.708, 21.462, 18.808, 18.749, 16.788, 19.271, 23.092, 21.175, 21.47, 23.857, 24.795, 25.166, 25.394, 24.531, 22.733, 21.289, 20.439, 21.044, 23.065, 23.338, 24.141, 23.568, 22.645, 22.72, 24.268, 23.745, 22.209, 23.676, 23.356, 21.072, 21.94, 22.654, 22.017, 19.545, 18.223, 17.71, 18.865, 19.028, 18.768, 20.199, 21.389, 22.276, 23.036, 24.944, 25.109, 24.494, 26.996, 24.814, 21.041, 26.256, 27.632, 28.051], [10.134, 9.393, 8.231, 8.313, 6.717, 6.8, 7.55, 7.468, 6.459, 5.751, 1.755, 0.0, 7.005, 11.494, 11.76, 10.279, 9.977, 9.8, 12.171, 12.07, 9.799, 10.899, 10.244, 16.59, 18.613, 17.105, 18.443, 16.708, 13.268, 10.018, 10.231, 11.563, 11.774, 10.191, 9.429, 8.534, 7.616, 7.932, 10.55, 12.069, 12.737, 13.92, 15.885, 15.483, 15.871, 20.308, 21.93, 18.9, 19.993, 22.985, 21.393, 19.217, 18.524, 20.055, 19.835, 23.79, 22.605, 19.989, 19.964, 17.993, 20.419, 24.265, 22.367, 22.634, 25.056, 25.981, 26.33, 26.563, 25.713, 23.907, 22.458, 21.614, 22.218, 24.206, 24.539, 25.219, 24.737, 23.837, 23.752, 25.447, 24.888, 23.311, 24.849, 24.551, 22.221, 23.125, 23.852, 23.161, 20.715, 19.407, 18.883, 20.038, 20.212, 19.953, 21.383, 22.579, 23.457, 24.219, 26.134, 26.299, 25.678, 28.183, 26.005, 22.225, 27.391, 28.81, 29.163], [3.436, 2.635, 1.732, 2.076, 2.285, 2.777, 2.123, 2.331, 3.079, 3.001, 5.977, 7.005, 0.0, 4.683, 4.987, 3.511, 3.275, 3.544, 5.412, 5.351, 3.043, 4.139, 3.64, 9.818, 11.836, 10.335, 11.818, 9.908, 6.494, 3.743, 3.711, 5.303, 5.714, 5.726, 4.531, 4.711, 4.895, 4.375, 4.263, 5.323, 5.977, 7.145, 9.109, 8.711, 9.074, 13.522, 15.11, 12.108, 13.19, 16.2, 14.615, 12.442, 11.828, 13.347, 13.114, 17.142, 15.854, 13.281, 13.239, 11.243, 13.652, 17.564, 15.662, 15.843, 18.249, 19.184, 19.541, 19.773, 18.905, 17.113, 15.674, 14.829, 15.419, 17.523, 17.792, 18.598, 17.984, 17.092, 17.019, 18.649, 18.099, 16.664, 18.153, 17.852, 15.428, 16.323, 17.088, 16.389, 13.917, 12.634, 12.096, 13.26, 13.435, 13.18, 14.611, 15.817, 16.683, 17.442, 19.361, 19.529, 18.907, 21.417, 19.235, 15.447, 20.716, 22.009, 22.469], [2.073, 2.625, 3.654, 4.102, 5.77, 5.567, 4.8, 5.128, 6.165, 6.059, 10.397, 11.494, 4.683, 0.0, 1.429, 2.7, 3.419, 3.319, 1.937, 2.542, 2.899, 2.909, 2.844, 5.307, 7.246, 5.816, 7.191, 5.313, 2.406, 4.457, 4.274, 3.907, 4.917, 5.809, 5.706, 6.334, 6.812, 6.425, 4.472, 3.273, 2.998, 3.459, 4.773, 4.828, 4.851, 8.93, 10.527, 7.531, 8.624, 11.615, 10.023, 7.942, 7.212, 8.756, 8.532, 12.542, 11.289, 8.674, 8.604, 6.601, 9.051, 12.954, 11.042, 11.255, 13.66, 14.581, 14.961, 15.185, 14.333, 12.596, 11.154, 10.246, 10.927, 12.998, 13.205, 13.996, 13.404, 12.477, 12.471, 14.067, 13.531, 12.054, 13.603, 13.271, 10.94, 11.783, 12.497, 11.802, 9.346, 8.031, 7.507, 8.663, 8.838, 8.577, 10.008, 11.21, 12.105, 12.833, 14.758, 14.923, 14.303, 16.805, 14.641, 10.848, 16.122, 17.43, 17.855], [1.822, 2.617, 3.8, 3.864, 5.498, 5.345, 4.486, 4.662, 5.814, 6.059, 10.552, 11.76, 4.987, 1.429, 0.0, 2.04, 2.805, 3.391, 2.186, 2.415, 2.79, 2.528, 2.36, 4.971, 6.915, 5.507, 6.847, 5.03, 1.874, 3.726, 3.389, 2.798, 3.691, 4.696, 4.794, 5.517, 6.092, 5.707, 3.388, 2.198, 2.037, 2.767, 4.279, 4.254, 4.382, 8.602, 10.21, 7.22, 8.316, 11.28, 9.688, 7.561, 6.874, 8.454, 8.334, 12.287, 11.103, 8.373, 8.305, 6.362, 8.792, 12.648, 10.766, 11.004, 13.341, 14.262, 14.65, 14.883, 14.01, 12.349, 10.968, 10.024, 10.732, 12.738, 12.91, 13.725, 13.132, 12.219, 12.411, 13.799, 13.242, 11.808, 13.355, 13.024, 10.698, 11.516, 12.229, 11.55, 9.018, 7.692, 7.192, 8.347, 8.499, 8.238, 9.665, 10.866, 11.77, 12.5, 14.41, 14.575, 13.958, 16.459, 14.313, 10.512, 15.819, 17.118, 17.633], [1.961, 2.237, 2.865, 2.863, 4.033, 3.884, 2.976, 3.183, 4.364, 4.609, 9.098, 10.279, 3.511, 2.7, 2.04, 0.0, 2.068, 3.451, 3.104, 3.133, 2.032, 2.205, 1.693, 6.369, 8.388, 6.947, 8.433, 6.581, 3.319, 2.399, 2.09, 2.543, 2.999, 3.81, 3.484, 4.188, 4.677, 4.193, 2.464, 2.138, 2.666, 3.715, 5.682, 5.347, 5.656, 10.082, 11.753, 8.73, 9.815, 12.769, 11.171, 8.98, 8.423, 10.015, 9.987, 13.944, 12.722, 10.008, 9.949, 7.971, 10.35, 14.258, 12.312, 12.556, 14.869, 15.86, 16.161, 16.355, 15.538, 13.88, 12.507, 11.538, 12.457, 14.474, 14.564, 15.359, 14.761, 13.857, 14.01, 15.358, 14.736, 13.433, 15.0, 14.705, 12.338, 13.082, 13.869, 13.007, 10.537, 9.185, 8.668, 9.829, 9.98, 9.721, 11.147, 12.332, 13.215, 13.969, 15.895, 16.055, 15.432, 17.933, 15.792, 12.006, 17.395, 18.59, 19.28], [2.395, 2.412, 2.871, 2.518, 3.545, 3.244, 2.559, 2.952, 3.979, 4.313, 8.807, 9.977, 3.275, 3.419, 2.805, 2.068, 0.0, 2.928, 3.095, 2.772, 1.605, 1.878, 2.408, 6.64, 8.705, 7.255, 8.888, 7.054, 3.375, 2.022, 1.804, 3.46, 3.704, 4.084, 2.874, 3.338, 3.915, 3.48, 2.567, 2.883, 3.242, 4.418, 6.042, 5.907, 6.146, 10.424, 12.111, 9.147, 10.244, 13.072, 11.463, 9.266, 8.743, 10.483, 10.692, 14.552, 13.541, 10.629, 10.378, 8.672, 11.06, 14.745, 12.754, 13.288, 15.267, 16.229, 16.61, 16.727, 15.919, 14.112, 12.881, 11.995, 13.148, 14.998, 15.032, 15.93, 15.354, 14.538, 14.858, 16.088, 15.329, 13.9, 15.65, 15.435, 12.608, 13.497, 14.31, 13.653, 10.899, 9.501, 9.039, 10.166, 10.295, 10.019, 11.435, 12.625, 13.501, 14.264, 16.18, 16.346, 15.725, 18.242, 16.065, 12.34, 17.804, 18.917, 19.853], [2.778, 2.279, 2.485, 2.219, 3.472, 4.319, 3.718, 4.149, 5.012, 5.047, 8.622, 9.8, 3.544, 3.319, 3.391, 3.451, 2.928, 0.0, 2.682, 2.493, 2.383, 2.927, 3.387, 7.002, 8.87, 7.472, 8.952, 7.133, 3.939, 4.021, 4.221, 5.015, 5.872, 6.683, 5.246, 5.492, 5.616, 5.204, 4.848, 4.438, 4.559, 5.359, 6.65, 6.494, 6.514, 10.575, 12.285, 9.267, 10.363, 13.311, 11.696, 9.831, 8.985, 10.573, 10.631, 14.521, 13.415, 10.546, 10.492, 8.578, 10.926, 14.776, 12.819, 13.202, 15.397, 16.404, 16.713, 16.866, 16.07, 14.227, 12.801, 11.96, 12.827, 14.882, 15.107, 15.878, 15.311, 14.475, 14.725, 15.968, 15.365, 14.001, 15.617, 15.268, 12.693, 13.557, 14.413, 13.606, 11.073, 9.678, 9.173, 10.326, 10.468, 10.209, 11.634, 12.818, 13.709, 14.447, 16.373, 16.538, 15.911, 18.422, 16.264, 12.501, 17.929, 19.104, 19.897], [2.431, 2.961, 4.217, 4.053, 5.593, 5.499, 4.727, 5.204, 6.279, 6.511, 10.99, 12.171, 5.412, 1.937, 2.186, 3.104, 3.095, 2.682, 0.0, 1.34, 2.56, 2.396, 2.752, 4.636, 6.5, 5.079, 6.568, 4.828, 2.464, 4.014, 3.916, 4.099, 5.1, 6.02, 5.316, 5.889, 6.304, 5.986, 4.291, 3.464, 3.253, 3.696, 4.586, 4.723, 4.694, 8.202, 9.913, 6.935, 8.021, 10.968, 9.345, 7.535, 6.591, 8.245, 8.344, 12.234, 11.138, 8.249, 8.17, 6.304, 8.63, 12.479, 10.49, 10.935, 13.062, 14.059, 14.408, 14.497, 13.701, 11.932, 10.485, 9.621, 10.631, 12.64, 12.772, 13.589, 13.017, 12.197, 12.454, 13.707, 13.083, 11.661, 13.366, 13.005, 10.449, 11.247, 12.077, 11.317, 8.728, 7.302, 6.804, 7.979, 8.094, 7.839, 9.247, 10.427, 11.313, 12.076, 13.988, 14.147, 13.529, 16.037, 13.879, 10.133, 15.555, 16.729, 17.607], [2.894, 3.166, 4.109, 3.897, 5.402, 5.533, 4.579, 4.748, 5.854, 6.47, 10.893, 12.07, 5.351, 2.542, 2.415, 3.133, 2.772, 2.493, 1.34, 0.0, 2.618, 2.226, 3.035, 4.627, 6.608, 5.165, 6.758, 4.96, 2.369, 3.501, 3.494, 3.755, 4.676, 5.644, 4.536, 5.11, 5.536, 5.248, 3.84, 3.05, 2.872, 3.562, 4.613, 4.697, 4.602, 8.319, 10.051, 7.058, 8.165, 11.036, 9.419, 7.556, 6.689, 8.393, 8.538, 12.414, 11.387, 8.481, 8.286, 6.558, 8.942, 12.647, 10.676, 11.154, 13.176, 14.188, 14.536, 14.646, 13.852, 12.122, 10.723, 9.894, 11.123, 12.947, 12.954, 13.82, 13.209, 12.398, 12.713, 13.939, 13.235, 11.803, 13.577, 13.318, 10.689, 11.436, 12.253, 11.506, 8.859, 7.411, 6.928, 8.095, 8.206, 7.956, 9.355, 10.544, 11.421, 12.189, 14.097, 14.26, 13.652, 16.156, 13.996, 10.243, 15.716, 16.86, 17.752], [2.019, 1.594, 2.174, 2.28, 3.422, 3.406, 2.728, 3.296, 4.341, 4.297, 8.623, 9.799, 3.043, 2.899, 2.79, 2.032, 1.605, 2.383, 2.56, 2.618, 0.0, 1.387, 2.088, 6.833, 8.873, 7.393, 8.977, 7.231, 3.521, 2.361, 2.447, 3.651, 4.055, 4.727, 3.581, 4.085, 4.489, 4.108, 2.966, 3.318, 3.729, 4.821, 6.339, 5.934, 6.295, 10.583, 12.324, 9.337, 10.43, 13.259, 11.658, 9.466, 8.968, 10.666, 10.741, 14.648, 13.553, 10.672, 10.58, 8.721, 11.07, 14.872, 12.895, 13.315, 15.463, 16.469, 16.814, 16.901, 16.117, 14.24, 12.814, 12.014, 12.999, 14.979, 15.164, 15.98, 15.42, 14.591, 14.85, 16.102, 15.479, 14.052, 15.714, 15.377, 12.806, 13.595, 14.483, 13.707, 11.145, 9.672, 9.192, 10.354, 10.496, 10.24, 11.626, 12.805, 13.688, 14.443, 16.37, 16.529, 15.912, 18.423, 16.248, 12.497, 17.963, 19.143, 20.014], [1.937, 1.974, 2.997, 2.929, 4.219, 4.174, 3.418, 3.771, 4.683, 5.227, 9.716, 10.899, 4.139, 2.909, 2.528, 2.205, 1.878, 2.927, 2.396, 2.226, 1.387, 0.0, 1.803, 5.733, 7.785, 6.603, 8.096, 6.276, 2.513, 1.928, 2.341, 2.962, 3.371, 4.181, 3.382, 3.904, 4.29, 3.979, 2.496, 2.331, 2.647, 3.98, 5.295, 5.016, 5.329, 9.492, 11.255, 8.348, 9.477, 12.154, 10.544, 8.394, 7.91, 9.72, 10.002, 13.804, 12.848, 9.885, 9.595, 8.022, 10.376, 14.089, 12.134, 12.752, 14.468, 15.439, 15.826, 15.917, 15.084, 13.382, 12.139, 11.315, 12.47, 14.437, 14.325, 15.301, 14.708, 13.905, 14.211, 15.439, 14.607, 13.153, 15.001, 14.836, 11.905, 12.777, 13.584, 12.927, 10.114, 8.618, 8.21, 9.353, 9.413, 9.153, 10.514, 11.686, 12.567, 13.334, 15.251, 15.406, 14.854, 17.355, 15.173, 11.446, 16.971, 18.059, 19.087], [1.76, 2.337, 3.143, 2.626, 3.618, 3.59, 2.982, 3.447, 4.475, 4.619, 9.063, 10.244, 3.64, 2.844, 2.36, 1.693, 2.408, 3.387, 2.752, 3.035, 2.088, 1.803, 0.0, 6.368, 8.421, 7.068, 8.566, 6.807, 3.043, 2.293, 2.463, 2.599, 3.177, 3.991, 3.627, 4.207, 4.637, 4.26, 2.577, 2.188, 2.668, 3.92, 5.802, 5.56, 5.858, 10.139, 11.814, 8.885, 9.99, 12.795, 11.192, 8.988, 8.449, 10.251, 10.394, 14.291, 13.238, 10.344, 10.135, 8.399, 10.727, 14.452, 12.45, 12.973, 15.003, 15.99, 16.363, 16.466, 15.623, 13.825, 12.524, 11.698, 12.713, 14.647, 14.757, 15.622, 15.052, 14.241, 14.537, 15.784, 15.072, 13.627, 15.377, 15.09, 12.377, 13.222, 14.053, 13.361, 10.672, 9.225, 8.774, 9.937, 10.014, 9.745, 11.154, 12.343, 13.237, 13.98, 15.899, 16.064, 15.455, 17.968, 15.779, 12.057, 17.487, 18.632, 19.607], [6.505, 7.263, 8.598, 8.3, 9.905, 9.825, 9.07, 9.203, 10.222, 10.901, 15.405, 16.59, 9.818, 5.307, 4.971, 6.369, 6.64, 7.002, 4.636, 4.627, 6.833, 5.733, 6.368, 0.0, 2.347, 1.823, 2.99, 1.59, 3.599, 6.656, 6.46, 5.276, 5.009, 6.572, 7.266, 8.179, 9.064, 8.717, 6.264, 4.721, 4.116, 3.19, 1.777, 2.32, 2.519, 3.906, 5.601, 3.239, 3.972, 6.558, 4.914, 3.488, 2.792, 4.225, 4.634, 8.418, 7.605, 4.907, 4.297, 4.175, 6.462, 9.386, 7.96, 7.95, 9.065, 9.924, 10.23, 10.349, 9.59, 9.225, 8.425, 7.19, 8.905, 10.47, 9.734, 10.707, 9.792, 9.222, 9.057, 10.16, 9.176, 7.659, 10.191, 10.168, 7.52, 7.845, 8.18, 7.695, 4.712, 3.179, 2.883, 3.899, 3.845, 3.689, 4.917, 6.064, 6.967, 7.68, 9.56, 9.742, 9.209, 11.733, 9.532, 5.982, 11.438, 12.403, 13.539], [8.535, 9.28, 10.607, 10.324, 11.934, 11.844, 11.091, 11.223, 12.251, 12.927, 17.433, 18.613, 11.836, 7.246, 6.915, 8.388, 8.705, 8.87, 6.5, 6.608, 8.873, 7.785, 8.421, 2.347, 0.0, 1.69, 2.248, 2.19, 5.536, 8.739, 8.485, 7.119, 7.02, 8.605, 9.252, 10.184, 11.038, 10.742, 8.256, 6.604, 5.915, 4.809, 3.083, 3.534, 3.094, 2.243, 3.615, 2.245, 2.585, 5.035, 3.771, 3.779, 2.448, 2.539, 3.302, 6.306, 5.484, 3.342, 2.774, 3.516, 5.076, 7.458, 6.537, 6.146, 7.167, 7.893, 8.117, 8.249, 7.749, 7.8, 7.297, 6.087, 7.603, 9.172, 7.857, 8.472, 7.541, 7.108, 6.836, 7.942, 7.049, 5.55, 8.068, 8.369, 6.022, 6.158, 6.19, 5.66, 3.178, 2.156, 1.705, 2.178, 2.244, 2.423, 2.986, 4.213, 5.279, 5.825, 7.609, 7.79, 7.308, 9.786, 7.65, 4.542, 9.291, 10.327, 11.415], [7.038, 7.78, 9.115, 8.871, 10.436, 10.339, 9.581, 9.745, 10.859, 11.414, 15.915, 17.105, 10.335, 5.816, 5.507, 6.947, 7.255, 7.472, 5.079, 5.165, 7.393, 6.603, 7.068, 1.823, 1.69, 0.0, 2.637, 2.056, 4.538, 7.776, 7.231, 5.907, 6.164, 7.819, 8.29, 9.301, 10.008, 9.544, 7.27, 5.592, 5.028, 3.815, 2.636, 2.926, 2.628, 3.257, 4.969, 2.887, 3.219, 5.993, 4.392, 3.33, 2.134, 3.344, 4.123, 7.398, 6.43, 4.173, 3.592, 3.404, 5.595, 8.103, 7.097, 6.744, 8.334, 9.244, 9.475, 9.574, 9.043, 8.585, 7.853, 6.669, 8.157, 9.711, 8.678, 9.196, 8.346, 7.862, 7.773, 8.933, 8.159, 6.743, 8.813, 8.966, 6.789, 6.964, 7.413, 6.682, 4.352, 3.076, 2.377, 3.016, 3.141, 2.92, 4.294, 5.519, 6.394, 7.154, 9.04, 9.219, 8.661, 11.192, 8.967, 5.79, 10.636, 11.785, 12.683], [8.504, 9.279, 10.525, 10.259, 11.922, 11.863, 11.125, 11.185, 12.222, 12.865, 17.32, 18.443, 11.818, 7.191, 6.847, 8.433, 8.888, 8.952, 6.568, 6.758, 8.977, 8.096, 8.566, 2.99, 2.248, 2.637, 0.0, 2.43, 5.938, 9.233, 8.614, 7.204, 7.48, 8.898, 9.619, 10.744, 11.51, 11.046, 8.491, 6.957, 6.316, 5.013, 3.542, 4.098, 4.096, 3.5, 3.754, 2.179, 3.311, 5.197, 4.087, 4.601, 3.005, 2.24, 2.433, 5.778, 5.053, 2.257, 2.073, 1.844, 3.846, 6.709, 5.299, 5.35, 6.735, 7.744, 8.108, 8.298, 7.511, 7.038, 6.11, 4.91, 6.343, 7.805, 7.075, 7.925, 7.18, 6.499, 6.383, 7.748, 6.991, 5.226, 7.488, 7.421, 5.119, 5.41, 5.887, 5.315, 2.648, 1.953, 1.657, 2.153, 2.255, 2.274, 3.145, 4.268, 5.342, 5.89, 7.778, 7.913, 7.368, 9.792, 7.741, 4.007, 9.121, 10.468, 11.141], [6.669, 7.356, 8.684, 8.533, 10.144, 9.92, 9.218, 9.323, 10.348, 11.027, 15.539, 16.708, 9.908, 5.313, 5.03, 6.581, 7.054, 7.133, 4.828, 4.96, 7.231, 6.276, 6.807, 1.59, 2.19, 2.056, 2.43, 0.0, 4.137, 7.393, 6.825, 5.427, 5.602, 7.125, 7.824, 8.925, 9.702, 9.167, 6.729, 5.11, 4.491, 3.243, 1.992, 2.674, 2.705, 3.812, 5.321, 2.58, 3.475, 6.875, 5.366, 4.299, 3.15, 3.704, 3.864, 7.619, 6.81, 4.02, 3.649, 3.335, 5.446, 8.61, 7.147, 7.151, 8.527, 9.426, 9.762, 10.031, 9.279, 8.725, 7.624, 6.364, 7.845, 9.496, 8.896, 9.907, 8.935, 8.376, 8.19, 9.449, 8.51, 7.093, 9.364, 9.365, 6.76, 7.149, 7.613, 6.997, 4.27, 2.906, 2.478, 3.577, 3.712, 3.667, 4.787, 6.0, 7.073, 7.648, 9.513, 9.662, 9.123, 11.604, 9.513, 5.768, 11.049, 12.178, 12.831], [3.241, 3.987, 5.283, 4.989, 6.587, 6.504, 5.748, 6.028, 7.072, 7.569, 12.087, 13.268, 6.494, 2.406, 1.874, 3.319, 3.375, 3.939, 2.464, 2.369, 3.521, 2.513, 3.043, 3.599, 5.536, 4.538, 5.938, 4.137, 0.0, 3.718, 3.81, 3.094, 3.688, 4.788, 4.844, 5.52, 6.13, 5.974, 3.564, 2.098, 1.622, 2.029, 3.239, 3.295, 3.251, 7.238, 8.959, 6.133, 7.282, 9.826, 8.201, 6.22, 5.719, 7.629, 7.811, 11.624, 10.68, 7.718, 7.46, 6.018, 8.183, 11.882, 9.966, 10.509, 12.295, 13.221, 13.613, 13.724, 12.839, 11.089, 10.034, 9.105, 10.358, 12.254, 12.154, 13.072, 12.489, 11.687, 12.001, 13.22, 12.392, 10.973, 12.785, 12.613, 9.652, 10.579, 11.368, 10.756, 7.893, 6.336, 5.987, 7.112, 7.173, 6.845, 8.19, 9.377, 10.31, 10.978, 12.881, 13.039, 12.508, 15.013, 12.891, 9.152, 14.753, 15.797, 16.907], [3.434, 3.364, 3.522, 2.943, 3.373, 3.273, 2.526, 2.801, 3.716, 4.367, 8.828, 10.018, 3.743, 4.457, 3.726, 2.399, 2.022, 4.021, 4.014, 3.501, 2.361, 1.928, 2.293, 6.656, 8.739, 7.776, 9.233, 7.393, 3.718, 0.0, 1.336, 2.606, 2.695, 3.109, 1.896, 2.163, 2.791, 2.565, 1.575, 2.567, 3.193, 4.665, 6.227, 6.069, 6.369, 10.442, 12.192, 9.341, 10.55, 13.042, 11.417, 9.265, 8.89, 10.796, 11.133, 14.918, 13.986, 11.013, 10.647, 9.263, 11.623, 15.264, 13.318, 13.912, 15.551, 16.414, 16.819, 16.964, 16.088, 14.508, 13.325, 12.512, 13.743, 15.658, 15.471, 16.505, 15.853, 15.038, 15.341, 16.569, 15.709, 14.256, 16.148, 15.979, 13.074, 13.922, 14.633, 14.053, 11.11, 9.624, 9.225, 10.335, 10.374, 10.061, 11.439, 12.601, 13.49, 14.241, 16.139, 16.314, 15.777, 18.29, 16.096, 12.425, 17.971, 18.991, 20.142], [3.446, 3.503, 3.756, 3.271, 3.795, 3.473, 2.734, 2.922, 3.88, 4.536, 9.054, 10.231, 3.711, 4.274, 3.389, 2.09, 1.804, 4.221, 3.916, 3.494, 2.447, 2.341, 2.463, 6.46, 8.485, 7.231, 8.614, 6.825, 3.81, 1.336, 0.0, 2.183, 2.259, 2.67, 1.605, 2.464, 3.194, 2.729, 1.395, 2.203, 3.008, 4.054, 5.799, 5.503, 5.889, 10.167, 11.927, 8.934, 10.056, 12.848, 11.243, 9.058, 8.54, 10.267, 10.56, 14.317, 13.404, 10.432, 10.151, 8.697, 11.316, 14.789, 12.897, 13.427, 15.06, 16.047, 16.409, 16.529, 15.768, 14.37, 13.091, 12.123, 13.608, 15.401, 14.955, 16.079, 15.359, 14.558, 14.792, 16.015, 15.195, 13.737, 15.635, 15.507, 12.817, 13.451, 14.188, 13.496, 10.747, 9.341, 8.835, 9.991, 10.074, 9.822, 11.238, 12.391, 13.273, 14.031, 15.951, 16.109, 15.487, 17.992, 15.852, 12.176, 17.603, 18.718, 19.627], [3.573, 4.044, 4.541, 4.058, 5.066, 4.931, 4.215, 4.28, 5.348, 5.913, 10.374, 11.563, 5.303, 3.907, 2.798, 2.543, 3.46, 5.015, 4.099, 3.755, 3.651, 2.962, 2.599, 5.276, 7.119, 5.907, 7.204, 5.427, 3.094, 2.606, 2.183, 0.0, 1.542, 2.425, 2.94, 3.956, 4.721, 4.203, 1.938, 1.647, 2.231, 2.852, 4.643, 4.268, 4.456, 8.798, 10.386, 7.515, 8.495, 11.463, 9.879, 7.892, 7.215, 8.723, 8.697, 12.603, 11.568, 8.679, 8.553, 7.721, 10.164, 13.122, 11.488, 11.754, 13.562, 14.437, 14.868, 15.077, 14.191, 13.25, 12.045, 10.84, 12.258, 13.909, 13.324, 14.355, 13.569, 12.885, 12.899, 14.219, 13.576, 11.939, 13.869, 13.742, 11.379, 11.824, 12.402, 11.907, 9.247, 7.912, 7.418, 8.553, 8.697, 8.478, 9.91, 11.183, 12.055, 12.791, 14.659, 14.849, 14.321, 16.827, 14.622, 10.704, 15.953, 17.283, 17.9], [4.288, 4.746, 5.3, 4.8, 5.346, 5.041, 4.326, 4.529, 5.432, 6.088, 10.59, 11.774, 5.714, 4.917, 3.691, 2.999, 3.704, 5.872, 5.1, 4.676, 4.055, 3.371, 3.177, 5.009, 7.02, 6.164, 7.48, 5.602, 3.688, 2.695, 2.259, 1.542, 0.0, 2.001, 2.759, 3.829, 4.607, 4.08, 2.046, 2.015, 2.547, 3.305, 4.834, 4.202, 4.514, 8.575, 10.252, 7.69, 8.423, 11.23, 9.644, 7.616, 7.256, 8.806, 9.023, 12.846, 11.967, 9.186, 8.913, 8.484, 10.728, 13.731, 12.172, 12.261, 13.602, 14.485, 14.768, 14.858, 14.095, 13.672, 12.579, 11.306, 12.998, 14.611, 13.983, 14.997, 14.073, 13.53, 13.335, 14.424, 13.586, 12.07, 14.454, 14.431, 11.814, 12.108, 12.564, 11.952, 9.208, 7.815, 7.406, 8.434, 8.581, 8.414, 9.707, 10.937, 11.892, 12.566, 14.437, 14.612, 14.025, 16.545, 14.366, 10.694, 15.97, 17.075, 17.994], [5.166, 5.468, 5.923, 5.358, 5.186, 4.028, 4.09, 4.082, 4.295, 4.692, 8.988, 10.191, 5.726, 5.809, 4.696, 3.81, 4.084, 6.683, 6.02, 5.644, 4.727, 4.181, 3.991, 6.572, 8.605, 7.819, 8.898, 7.125, 4.788, 3.109, 2.67, 2.425, 2.001, 0.0, 1.753, 2.418, 3.268, 2.97, 2.27, 3.053, 3.807, 4.768, 6.272, 5.841, 6.148, 10.225, 11.777, 9.167, 10.138, 12.837, 11.274, 9.203, 8.59, 10.351, 10.652, 14.376, 13.468, 10.659, 10.325, 9.704, 12.286, 15.234, 13.52, 13.887, 15.179, 16.084, 16.429, 16.596, 15.71, 15.036, 14.053, 12.858, 14.368, 16.032, 15.394, 16.523, 15.659, 15.044, 14.93, 16.154, 15.321, 13.647, 15.979, 15.943, 13.343, 13.716, 14.191, 13.68, 10.754, 9.377, 9.042, 10.141, 10.159, 9.95, 11.375, 12.544, 13.465, 14.183, 16.062, 16.244, 15.644, 18.175, 15.955, 12.205, 17.455, 18.687, 19.591], [4.847, 4.748, 4.827, 4.226, 3.957, 2.924, 2.805, 2.903, 3.311, 3.812, 8.244, 9.429, 4.531, 5.706, 4.794, 3.484, 2.874, 5.246, 5.316, 4.536, 3.581, 3.382, 3.627, 7.266, 9.252, 8.29, 9.619, 7.824, 4.844, 1.896, 1.605, 2.94, 2.759, 1.753, 0.0, 1.249, 2.067, 1.759, 1.781, 3.024, 3.782, 5.066, 6.676, 6.374, 6.705, 10.919, 12.624, 9.721, 10.877, 13.581, 11.991, 9.941, 9.437, 11.196, 11.523, 15.205, 14.276, 11.38, 11.053, 9.977, 12.443, 15.784, 13.879, 14.431, 15.88, 16.853, 17.179, 17.264, 16.492, 15.214, 14.095, 13.102, 14.575, 16.353, 15.877, 17.065, 16.319, 15.574, 15.722, 16.951, 16.053, 14.56, 16.574, 16.463, 13.674, 14.33, 14.989, 14.389, 11.474, 10.082, 9.585, 10.761, 10.816, 10.579, 12.079, 13.272, 14.166, 14.893, 16.773, 16.955, 16.368, 18.884, 16.683, 12.897, 18.308, 19.436, 20.428], [5.413, 5.29, 5.23, 4.539, 3.905, 2.61, 2.926, 2.934, 2.93, 3.35, 7.358, 8.534, 4.711, 6.334, 5.517, 4.188, 3.338, 5.492, 5.889, 5.11, 4.085, 3.904, 4.207, 8.179, 10.184, 9.301, 10.744, 8.925, 5.52, 2.163, 2.464, 3.956, 3.829, 2.418, 1.249, 0.0, 1.201, 1.19, 2.598, 3.953, 4.608, 6.092, 7.651, 7.423, 7.762, 11.865, 13.54, 10.741, 11.961, 14.474, 12.884, 10.828, 10.397, 12.286, 12.585, 16.319, 15.373, 12.435, 12.141, 10.919, 13.249, 16.753, 14.837, 15.395, 16.985, 17.832, 18.197, 18.327, 17.459, 16.048, 14.852, 14.027, 15.305, 17.198, 16.875, 18.01, 17.32, 16.532, 16.752, 17.989, 17.125, 15.65, 17.564, 17.403, 14.574, 15.334, 16.013, 15.441, 12.477, 11.044, 10.622, 11.71, 11.763, 11.49, 12.982, 14.178, 15.034, 15.79, 17.666, 17.849, 17.276, 19.792, 17.578, 13.849, 19.337, 20.36, 21.527], [5.798, 5.702, 5.43, 4.728, 3.876, 2.521, 3.079, 3.03, 2.913, 3.215, 6.431, 7.616, 4.895, 6.812, 6.092, 4.677, 3.915, 5.616, 6.304, 5.536, 4.489, 4.29, 4.637, 9.064, 11.038, 10.008, 11.51, 9.702, 6.13, 2.791, 3.194, 4.721, 4.607, 3.268, 2.067, 1.201, 0.0, 1.202, 3.362, 4.735, 5.341, 6.837, 8.53, 8.257, 8.627, 12.786, 14.51, 11.648, 12.779, 15.4, 13.802, 11.716, 11.351, 13.097, 13.357, 17.1, 16.151, 13.21, 12.972, 11.529, 13.86, 17.429, 15.492, 16.091, 17.782, 18.756, 19.12, 19.2, 18.352, 16.697, 15.495, 14.667, 15.914, 17.825, 17.636, 18.66, 18.039, 17.253, 17.529, 18.77, 17.923, 16.453, 18.32, 18.152, 15.263, 16.093, 16.853, 16.226, 13.387, 11.885, 11.494, 12.63, 12.71, 12.449, 13.83, 15.061, 15.931, 16.694, 18.577, 18.759, 18.163, 20.686, 18.469, 14.682, 20.248, 21.319, 22.377], [5.273, 5.16, 4.964, 4.222, 3.291, 1.992, 2.544, 2.429, 2.281, 2.924, 6.741, 7.932, 4.375, 6.425, 5.707, 4.193, 3.48, 5.204, 5.986, 5.248, 4.108, 3.979, 4.26, 8.717, 10.742, 9.544, 11.046, 9.167, 5.974, 2.565, 2.729, 4.203, 4.08, 2.97, 1.759, 1.19, 1.202, 0.0, 2.884, 4.265, 4.97, 6.325, 8.097, 7.715, 8.083, 12.406, 14.119, 11.152, 12.262, 15.09, 13.496, 11.397, 10.884, 12.573, 12.797, 16.586, 15.629, 12.727, 12.42, 11.126, 13.455, 17.008, 15.093, 15.665, 17.305, 18.24, 18.601, 18.73, 17.966, 16.543, 15.192, 14.336, 15.59, 17.48, 17.184, 18.285, 17.594, 16.796, 17.022, 18.244, 17.367, 15.948, 17.861, 17.686, 14.91, 15.637, 16.333, 15.744, 12.905, 11.535, 11.027, 12.191, 12.307, 12.053, 13.48, 14.737, 15.602, 16.342, 18.232, 18.407, 17.829, 20.336, 18.137, 14.373, 19.795, 20.934, 21.872], [3.654, 3.816, 4.219, 3.705, 4.009, 3.831, 3.128, 3.217, 4.151, 4.846, 9.357, 10.55, 4.263, 4.472, 3.388, 2.464, 2.567, 4.848, 4.291, 3.84, 2.966, 2.496, 2.577, 6.264, 8.256, 7.27, 8.491, 6.729, 3.564, 1.575, 1.395, 1.938, 2.046, 2.27, 1.781, 2.598, 3.362, 2.884, 0.0, 1.929, 2.621, 4.077, 5.59, 5.231, 5.591, 9.85, 11.415, 8.552, 9.81, 12.489, 10.898, 8.813, 8.195, 9.969, 10.4, 14.065, 13.171, 10.266, 9.827, 8.756, 11.151, 14.564, 12.66, 13.248, 14.764, 15.689, 15.991, 16.205, 15.373, 14.156, 12.923, 11.96, 13.235, 15.029, 14.764, 15.84, 15.178, 14.372, 14.629, 15.854, 15.009, 13.442, 15.463, 15.284, 12.442, 13.23, 13.871, 13.348, 10.273, 9.057, 8.598, 9.704, 9.761, 9.485, 11.064, 12.151, 13.029, 13.771, 15.667, 15.842, 15.243, 17.751, 15.551, 11.879, 17.147, 18.334, 19.267], [3.015, 3.688, 4.584, 4.043, 5.464, 5.325, 4.548, 4.68, 5.706, 6.365, 10.888, 12.069, 5.323, 3.273, 2.198, 2.138, 2.883, 4.438, 3.464, 3.05, 3.318, 2.331, 2.188, 4.721, 6.604, 5.592, 6.957, 5.11, 2.098, 2.567, 2.203, 1.647, 2.015, 3.053, 3.024, 3.953, 4.735, 4.265, 1.929, 0.0, 1.073, 2.285, 4.058, 3.805, 4.069, 8.307, 9.998, 7.068, 8.189, 10.961, 9.379, 7.315, 6.873, 8.564, 8.772, 12.529, 11.589, 8.655, 8.425, 7.268, 9.652, 13.032, 11.106, 11.67, 13.23, 14.189, 14.543, 14.646, 13.82, 12.464, 11.334, 10.339, 11.817, 13.58, 13.141, 14.304, 13.591, 12.794, 12.979, 14.199, 13.346, 11.867, 13.829, 13.691, 10.931, 11.578, 12.305, 11.68, 8.812, 7.391, 6.932, 8.058, 8.194, 7.952, 9.371, 10.585, 11.551, 12.228, 14.123, 14.298, 13.676, 16.197, 14.012, 10.215, 15.709, 16.829, 17.813], [3.269, 4.087, 5.123, 4.596, 6.098, 5.979, 5.223, 5.36, 6.386, 7.049, 11.557, 12.737, 5.977, 2.998, 2.037, 2.666, 3.242, 4.559, 3.253, 2.872, 3.729, 2.647, 2.668, 4.116, 5.915, 5.028, 6.316, 4.491, 1.622, 3.193, 3.008, 2.231, 2.547, 3.807, 3.782, 4.608, 5.341, 4.97, 2.621, 1.073, 0.0, 1.78, 3.348, 3.276, 3.425, 7.611, 9.319, 6.411, 7.579, 10.283, 8.692, 6.699, 6.228, 7.927, 8.15, 11.907, 10.965, 8.035, 7.764, 6.609, 8.879, 12.276, 10.366, 10.979, 12.598, 13.515, 13.887, 13.978, 13.16, 11.734, 10.559, 9.577, 11.046, 12.819, 12.494, 13.569, 12.904, 12.1, 12.365, 13.593, 12.714, 11.281, 13.194, 13.014, 10.132, 10.939, 11.635, 11.054, 8.16, 6.733, 6.286, 7.425, 7.496, 7.243, 8.695, 9.937, 10.89, 11.556, 13.428, 13.609, 13.026, 15.532, 13.345, 9.579, 15.017, 16.131, 17.175], [4.316, 5.146, 6.148, 5.797, 7.328, 7.205, 6.433, 6.58, 7.672, 8.221, 12.739, 13.92, 7.145, 3.459, 2.767, 3.715, 4.418, 5.359, 3.696, 3.562, 4.821, 3.98, 3.92, 3.19, 4.809, 3.815, 5.013, 3.243, 2.029, 4.665, 4.054, 2.852, 3.305, 4.768, 5.066, 6.092, 6.837, 6.325, 4.077, 2.285, 1.78, 0.0, 2.181, 2.223, 2.337, 6.448, 8.161, 5.167, 6.266, 9.161, 7.545, 5.747, 5.249, 6.723, 6.715, 10.501, 9.546, 6.676, 6.591, 5.591, 7.695, 11.019, 9.234, 9.612, 11.297, 12.323, 12.639, 12.742, 11.97, 10.728, 9.535, 8.385, 9.952, 11.673, 11.181, 12.261, 11.505, 10.744, 10.86, 12.094, 11.327, 9.917, 11.77, 11.675, 9.106, 9.632, 10.399, 9.661, 7.01, 5.534, 5.104, 6.266, 6.372, 6.19, 7.546, 8.838, 9.813, 10.426, 12.291, 12.468, 11.909, 14.382, 12.256, 8.362, 13.831, 14.984, 15.85], [5.921, 6.766, 7.918, 7.68, 9.272, 9.172, 8.397, 8.528, 9.536, 10.185, 14.705, 15.885, 9.109, 4.773, 4.279, 5.682, 6.042, 6.65, 4.586, 4.613, 6.339, 5.295, 5.802, 1.777, 3.083, 2.636, 3.542, 1.992, 3.239, 6.227, 5.799, 4.643, 4.834, 6.272, 6.676, 7.651, 8.53, 8.097, 5.59, 4.058, 3.348, 2.181, 0.0, 1.726, 2.132, 4.496, 6.283, 3.512, 4.661, 7.317, 5.841, 4.093, 3.52, 4.941, 5.345, 8.976, 8.126, 5.345, 4.786, 4.678, 6.719, 9.734, 8.232, 8.374, 9.644, 10.602, 10.82, 10.995, 10.312, 9.581, 8.665, 7.428, 9.101, 10.658, 9.975, 11.045, 10.258, 9.534, 9.569, 10.816, 9.862, 8.368, 10.534, 10.465, 7.769, 8.255, 8.839, 8.287, 5.191, 3.83, 3.432, 4.619, 4.585, 4.46, 5.818, 6.821, 7.804, 8.45, 10.304, 10.475, 9.894, 12.377, 10.191, 6.591, 12.014, 13.081, 14.179], [5.704, 6.285, 7.486, 7.312, 8.885, 8.765, 7.977, 8.113, 9.124, 9.809, 14.299, 15.483, 8.711, 4.828, 4.254, 5.347, 5.907, 6.494, 4.723, 4.697, 5.934, 5.016, 5.56, 2.32, 3.534, 2.926, 4.098, 2.674, 3.295, 6.069, 5.503, 4.268, 4.202, 5.841, 6.374, 7.423, 8.257, 7.715, 5.231, 3.805, 3.276, 2.223, 1.726, 0.0, 1.358, 4.845, 6.552, 4.135, 4.812, 7.578, 6.046, 4.492, 3.78, 5.087, 5.669, 9.251, 8.483, 5.88, 5.254, 5.283, 7.484, 10.31, 8.957, 8.845, 9.998, 10.991, 11.065, 11.171, 10.608, 10.424, 9.445, 8.227, 9.783, 11.309, 10.591, 11.586, 10.665, 10.097, 9.888, 11.074, 10.081, 8.538, 11.013, 11.013, 8.466, 8.674, 9.073, 8.563, 5.526, 4.349, 3.883, 4.955, 4.954, 4.855, 6.281, 7.27, 8.125, 8.87, 10.734, 10.933, 10.362, 12.847, 10.667, 7.074, 12.325, 13.408, 14.32], [5.906, 6.573, 7.864, 7.66, 9.219, 9.118, 8.345, 8.48, 9.493, 10.18, 14.694, 15.871, 9.074, 4.851, 4.382, 5.656, 6.146, 6.514, 4.694, 4.602, 6.295, 5.329, 5.858, 2.519, 3.094, 2.628, 4.096, 2.705, 3.251, 6.369, 5.889, 4.456, 4.514, 6.148, 6.705, 7.762, 8.627, 8.083, 5.591, 4.069, 3.425, 2.337, 2.132, 1.358, 0.0, 4.466, 6.142, 3.911, 4.339, 7.244, 5.717, 4.311, 3.466, 4.883, 5.451, 8.73, 7.882, 5.648, 5.032, 5.413, 7.337, 9.704, 8.729, 8.352, 9.543, 10.384, 10.576, 10.805, 10.228, 10.241, 9.408, 8.184, 9.662, 11.173, 10.117, 10.882, 9.946, 9.422, 9.203, 10.439, 9.509, 8.041, 10.365, 10.51, 8.152, 8.364, 8.541, 8.02, 5.278, 4.306, 3.621, 4.408, 4.53, 4.308, 5.828, 7.078, 8.083, 8.679, 10.509, 10.675, 10.161, 12.605, 10.52, 7.022, 11.81, 12.999, 13.852], [10.23, 10.975, 12.288, 12.043, 13.637, 13.554, 12.79, 12.917, 13.932, 14.623, 19.126, 20.308, 13.522, 8.93, 8.602, 10.082, 10.424, 10.575, 8.202, 8.319, 10.583, 9.492, 10.139, 3.906, 2.243, 3.257, 3.5, 3.812, 7.238, 10.442, 10.167, 8.798, 8.575, 10.225, 10.919, 11.865, 12.786, 12.406, 9.85, 8.307, 7.611, 6.448, 4.496, 4.845, 4.466, 0.0, 2.41, 2.714, 2.092, 3.584, 2.602, 3.024, 2.759, 2.266, 4.18, 6.586, 6.048, 4.221, 3.609, 4.53, 5.936, 8.086, 7.227, 6.793, 7.554, 8.163, 7.652, 7.674, 8.054, 8.483, 8.016, 6.813, 8.197, 9.722, 8.303, 8.605, 7.586, 7.429, 7.085, 7.396, 6.504, 4.954, 8.5, 8.931, 6.642, 6.662, 6.574, 5.955, 3.53, 2.711, 2.424, 2.528, 2.594, 2.671, 3.139, 3.286, 4.194, 4.983, 6.454, 6.408, 5.989, 8.204, 6.285, 4.978, 8.864, 9.178, 10.211], [11.836, 12.572, 13.886, 13.66, 15.258, 15.199, 14.444, 14.515, 15.532, 16.226, 20.737, 21.93, 15.11, 10.527, 10.21, 11.753, 12.111, 12.285, 9.913, 10.051, 12.324, 11.255, 11.814, 5.601, 3.615, 4.969, 3.754, 5.321, 8.959, 12.192, 11.927, 10.386, 10.252, 11.777, 12.624, 13.54, 14.51, 14.119, 11.415, 9.998, 9.319, 8.161, 6.283, 6.552, 6.142, 2.41, 0.0, 3.239, 2.569, 3.871, 3.188, 4.399, 3.977, 2.229, 3.15, 4.711, 4.297, 3.117, 2.702, 4.564, 4.397, 6.157, 5.52, 4.971, 5.528, 6.173, 5.742, 5.746, 6.05, 6.745, 6.374, 5.253, 6.365, 7.724, 6.191, 6.761, 5.69, 5.478, 5.037, 5.59, 4.833, 2.925, 6.442, 6.891, 4.803, 4.665, 4.561, 4.011, 2.367, 2.907, 3.208, 2.543, 2.737, 2.879, 2.704, 2.706, 3.369, 3.745, 5.168, 5.307, 5.078, 6.844, 5.11, 3.255, 7.017, 7.615, 8.603], [8.844, 9.582, 10.88, 10.711, 12.27, 12.195, 11.423, 11.517, 12.54, 13.238, 17.737, 18.9, 12.108, 7.531, 7.22, 8.73, 9.147, 9.267, 6.935, 7.058, 9.337, 8.348, 8.885, 3.239, 2.245, 2.887, 2.179, 2.58, 6.133, 9.341, 8.934, 7.515, 7.69, 9.167, 9.721, 10.741, 11.648, 11.152, 8.552, 7.068, 6.411, 5.167, 3.512, 4.135, 3.911, 2.714, 3.239, 0.0, 1.932, 5.819, 4.562, 4.667, 3.215, 3.111, 2.898, 5.931, 5.314, 2.785, 2.418, 2.944, 4.145, 6.537, 5.162, 5.253, 6.372, 7.283, 7.523, 7.797, 6.993, 6.528, 5.962, 4.817, 6.034, 7.497, 6.671, 7.75, 6.924, 6.224, 6.225, 7.42, 6.522, 5.019, 7.202, 7.152, 4.577, 4.96, 5.477, 4.959, 2.168, 1.299, 1.324, 2.25, 2.84, 3.037, 3.605, 4.839, 5.977, 6.36, 8.068, 8.193, 7.884, 9.904, 8.041, 3.717, 8.735, 9.956, 10.863], [9.939, 10.67, 11.979, 11.776, 13.371, 13.249, 12.47, 12.615, 13.658, 14.322, 18.829, 19.993, 13.19, 8.624, 8.316, 9.815, 10.244, 10.363, 8.021, 8.165, 10.43, 9.477, 9.99, 3.972, 2.585, 3.219, 3.311, 3.475, 7.282, 10.55, 10.056, 8.495, 8.423, 10.138, 10.877, 11.961, 12.779, 12.262, 9.81, 8.189, 7.579, 6.266, 4.661, 4.812, 4.339, 2.092, 2.569, 1.932, 0.0, 4.665, 3.459, 3.309, 2.738, 2.621, 3.622, 5.614, 5.152, 3.537, 3.099, 4.191, 5.215, 7.045, 6.519, 5.931, 6.443, 7.087, 6.824, 6.967, 7.223, 7.823, 7.284, 6.174, 7.345, 8.656, 7.023, 7.33, 6.293, 6.148, 5.824, 6.391, 5.525, 4.018, 7.32, 7.782, 5.767, 5.668, 5.519, 4.914, 3.097, 2.321, 2.166, 2.224, 2.343, 2.579, 2.771, 3.781, 4.897, 5.378, 7.047, 7.19, 6.783, 8.875, 7.025, 4.477, 7.987, 8.869, 9.706], [12.912, 13.652, 14.964, 14.711, 16.318, 16.224, 15.466, 15.594, 16.609, 17.3, 21.806, 22.985, 16.2, 11.615, 11.28, 12.769, 13.072, 13.311, 10.968, 11.036, 13.259, 12.154, 12.795, 6.558, 5.035, 5.993, 5.197, 6.875, 9.826, 13.042, 12.848, 11.463, 11.23, 12.837, 13.581, 14.474, 15.4, 15.09, 12.489, 10.961, 10.283, 9.161, 7.317, 7.578, 7.244, 3.584, 3.871, 5.819, 4.665, 0.0, 1.755, 4.195, 4.652, 3.874, 6.236, 6.969, 6.339, 5.034, 5.223, 5.981, 6.607, 8.842, 8.822, 7.997, 7.834, 8.503, 7.891, 7.936, 8.839, 9.464, 9.339, 8.352, 9.507, 10.711, 8.733, 8.621, 7.807, 7.76, 7.508, 7.165, 6.58, 5.53, 9.176, 9.681, 7.886, 7.776, 7.524, 6.903, 5.623, 5.425, 5.073, 3.896, 3.37, 3.433, 3.156, 2.76, 3.476, 4.294, 5.268, 4.395, 3.974, 6.076, 3.999, 6.005, 8.771, 8.456, 9.492], [11.32, 12.058, 13.386, 13.11, 14.72, 14.627, 13.876, 14.003, 15.022, 15.706, 20.217, 21.393, 14.615, 10.023, 9.688, 11.171, 11.463, 11.696, 9.345, 9.419, 11.658, 10.544, 11.192, 4.914, 3.771, 4.392, 4.087, 5.366, 8.201, 11.417, 11.243, 9.879, 9.644, 11.274, 11.991, 12.884, 13.802, 13.496, 10.898, 9.379, 8.692, 7.545, 5.841, 6.046, 5.717, 2.602, 3.188, 4.562, 3.459, 1.755, 0.0, 2.6, 3.121, 2.768, 5.39, 7.063, 6.396, 4.524, 4.225, 4.977, 6.313, 8.722, 8.289, 7.602, 7.988, 8.639, 8.136, 8.162, 8.75, 9.289, 9.065, 7.987, 9.23, 10.529, 8.832, 9.064, 8.049, 7.957, 7.658, 7.898, 7.006, 5.443, 9.149, 9.621, 7.592, 7.522, 7.318, 6.742, 4.922, 4.27, 3.909, 2.968, 2.512, 2.318, 3.17, 3.107, 3.691, 4.541, 5.73, 5.208, 4.883, 7.293, 5.06, 5.7, 9.368, 9.384, 10.468], [9.137, 9.973, 11.238, 10.944, 12.52