[[0.0, 1.301, 2.39, 3.503, 4.289, 2.963, 2.196, 2.346, 3.118, 2.095, 1.706, 1.597, 2.166, 1.934, 2.2, 4.489, 3.968, 2.468, 2.516, 2.683, 3.923, 4.337, 4.335, 5.293, 5.332, 3.943, 4.789, 5.32, 4.366, 4.867, 8.73, 11.327, 11.789, 12.574, 12.877, 11.333, 9.123, 7.605, 8.089, 9.298, 9.549, 7.446, 7.404, 8.38, 8.901, 9.039, 8.232, 8.588, 9.375, 10.675, 11.271, 10.568, 12.354, 12.64, 11.891, 12.196, 14.828, 15.282, 13.426, 12.452, 12.89, 12.973, 13.231, 13.076, 13.161, 13.798, 14.299, 14.01, 12.607, 9.896, 8.377, 7.597, 5.869, 5.734, 6.968, 6.866, 6.57, 7.659, 9.188, 11.34, 13.029, 11.005, 10.06, 11.379, 13.119, 11.323, 11.286, 11.77, 11.658, 10.501, 11.102, 13.008, 14.068, 12.983, 12.577, 12.904, 13.948, 14.849, 15.636, 16.062, 17.24, 20.364, 20.052, 18.643, 17.618, 17.232, 16.954, 16.418, 15.507, 14.477, 16.868, 17.869, 13.466, 12.84, 14.694, 13.888, 9.604, 8.358, 8.511, 8.179, 6.832, 7.976, 8.828, 10.16, 13.358, 12.674, 10.65, 10.332, 11.138, 12.231, 13.184, 12.31, 11.578, 11.554, 9.247, 8.033, 9.777, 12.761, 14.78, 14.117, 13.329, 14.79, 16.315, 17.967, 19.766, 19.147, 17.57, 15.898, 15.088, 15.126, 19.201, 21.458, 19.697, 19.838, 20.492, 20.857, 19.114, 16.962, 15.63, 15.152, 16.525, 18.448, 17.341, 14.2, 10.939, 9.819, 10.739, 10.576, 9.524, 9.541, 10.603, 10.865, 10.161, 9.34, 7.759, 6.109, 6.148, 6.867, 6.356, 5.673, 4.781, 5.221, 5.819, 4.647, 5.751, 7.874, 6.459, 5.876, 5.527, 5.283, 5.836, 6.974, 8.988, 10.023, 10.154, 10.347, 10.989, 11.688, 13.545, 14.324, 14.015, 14.664, 13.804, 12.818, 11.747, 10.194], [1.301, 0.0, 1.855, 3.029, 3.677, 2.405, 1.948, 2.446, 2.703, 2.026, 1.839, 1.54, 1.981, 1.985, 2.064, 3.931, 3.351, 2.171, 2.443, 2.219, 3.347, 3.89, 3.835, 4.682, 4.897, 3.445, 4.19, 4.775, 3.998, 4.526, 8.183, 10.755, 11.217, 12.004, 12.314, 10.77, 8.414, 6.979, 7.418, 8.711, 8.957, 6.9, 6.742, 7.703, 8.215, 8.396, 7.671, 8.029, 8.805, 10.081, 10.672, 9.935, 11.721, 12.008, 11.259, 11.556, 14.211, 14.654, 12.807, 11.835, 12.258, 12.322, 12.58, 12.425, 12.51, 13.156, 13.759, 13.357, 11.955, 9.306, 7.844, 6.952, 5.36, 5.191, 6.363, 6.259, 6.018, 7.155, 8.575, 10.701, 12.397, 10.369, 9.618, 10.774, 12.503, 10.671, 10.827, 11.309, 11.223, 10.026, 10.524, 12.48, 13.489, 12.351, 11.97, 12.273, 13.329, 14.275, 15.017, 15.452, 16.607, 19.713, 19.399, 17.992, 16.968, 16.582, 16.304, 15.767, 14.855, 13.825, 16.217, 17.218, 12.815, 12.209, 14.043, 13.237, 8.96, 7.685, 7.859, 7.547, 6.152, 7.278, 8.249, 9.583, 12.776, 12.051, 10.019, 9.699, 10.487, 11.58, 12.534, 11.661, 10.969, 11.104, 8.872, 7.561, 9.169, 12.13, 14.128, 13.476, 12.695, 14.234, 15.794, 17.469, 19.209, 18.552, 16.931, 15.257, 14.437, 14.475, 18.558, 20.825, 19.065, 19.206, 19.859, 20.224, 18.461, 16.31, 14.977, 14.521, 15.894, 17.817, 16.71, 13.568, 10.355, 9.222, 10.14, 9.924, 8.872, 8.924, 9.996, 10.267, 9.581, 8.761, 7.17, 5.504, 5.516, 6.241, 5.702, 5.056, 4.219, 4.568, 4.995, 4.056, 5.122, 7.253, 5.888, 5.292, 4.917, 4.666, 5.384, 6.364, 8.418, 9.458, 9.59, 9.71, 10.39, 11.301, 13.034, 13.784, 13.494, 14.018, 13.185, 12.25, 11.298, 9.785], [2.39, 1.855, 0.0, 1.616, 2.244, 1.811, 2.419, 2.563, 2.352, 1.859, 1.69, 1.776, 3.271, 3.332, 2.006, 2.658, 2.146, 1.771, 2.135, 1.267, 1.909, 2.552, 2.531, 3.352, 3.451, 2.175, 2.8, 3.263, 2.484, 3.046, 6.617, 9.205, 9.663, 10.44, 10.744, 9.2, 7.039, 5.633, 6.039, 7.217, 7.467, 5.408, 5.302, 6.393, 6.938, 7.1, 6.223, 6.512, 7.266, 8.502, 9.084, 8.321, 10.099, 10.386, 9.644, 9.939, 12.612, 13.032, 11.158, 10.247, 10.658, 10.691, 10.949, 10.794, 10.879, 11.511, 12.17, 11.721, 10.318, 7.632, 6.185, 5.402, 3.882, 3.788, 4.983, 4.812, 4.544, 5.596, 7.009, 9.065, 10.774, 8.745, 8.006, 9.155, 10.871, 9.091, 9.237, 9.694, 9.608, 8.476, 9.016, 10.893, 11.829, 10.728, 10.339, 10.656, 11.699, 12.62, 13.388, 13.815, 14.99, 18.082, 17.763, 16.365, 15.337, 14.951, 14.673, 14.136, 13.218, 12.188, 14.586, 15.587, 11.203, 10.592, 12.413, 11.606, 7.397, 6.806, 6.818, 6.462, 4.837, 5.885, 6.782, 8.045, 11.234, 10.476, 8.42, 8.091, 8.864, 9.949, 10.908, 10.045, 9.333, 9.466, 7.305, 6.058, 7.612, 10.514, 12.491, 11.854, 11.073, 12.569, 14.084, 15.82, 17.529, 16.873, 15.281, 13.609, 12.82, 12.857, 16.941, 19.203, 17.442, 17.583, 18.237, 18.608, 16.825, 14.686, 13.341, 12.905, 14.278, 16.201, 15.093, 11.954, 8.807, 7.655, 8.553, 8.315, 7.246, 7.324, 8.413, 8.703, 8.017, 7.315, 5.872, 4.38, 4.612, 5.337, 4.596, 4.1, 3.927, 4.741, 5.6, 4.287, 4.053, 6.11, 5.346, 4.976, 4.34, 3.539, 3.963, 4.898, 6.879, 7.804, 7.941, 8.099, 8.773, 9.692, 11.362, 12.127, 11.821, 12.419, 11.559, 10.702, 9.768, 8.195], [3.503, 3.029, 1.616, 0.0, 1.595, 2.125, 3.103, 3.237, 2.848, 2.688, 2.544, 2.502, 3.927, 4.123, 2.418, 1.603, 1.607, 1.992, 2.503, 1.558, 1.809, 2.374, 2.178, 2.599, 2.557, 1.691, 2.047, 2.157, 1.559, 1.897, 5.63, 8.117, 8.5, 9.37, 9.618, 8.083, 6.086, 4.742, 5.014, 6.3, 6.513, 4.592, 4.532, 5.782, 6.318, 6.503, 5.431, 5.443, 6.171, 7.454, 7.951, 7.3, 9.086, 9.321, 8.578, 8.869, 11.579, 12.0, 10.103, 9.044, 9.635, 9.761, 10.003, 9.846, 9.978, 10.636, 11.326, 10.787, 9.284, 6.685, 5.224, 4.369, 2.756, 2.76, 3.88, 3.776, 3.505, 4.431, 5.986, 8.005, 9.72, 7.712, 6.979, 8.157, 9.871, 8.153, 8.21, 8.507, 8.372, 7.196, 7.847, 9.724, 10.726, 9.666, 9.362, 9.668, 10.751, 11.666, 12.433, 12.876, 13.958, 17.143, 16.802, 15.407, 14.377, 14.001, 13.719, 13.188, 12.193, 11.222, 13.648, 14.648, 10.235, 9.607, 11.461, 10.664, 6.938, 6.975, 6.685, 6.235, 4.362, 5.138, 6.157, 7.25, 10.153, 9.439, 7.409, 7.065, 7.914, 9.005, 9.965, 9.07, 8.376, 8.389, 6.343, 5.115, 6.601, 9.535, 11.539, 10.836, 10.081, 11.585, 13.107, 14.959, 16.533, 15.878, 14.284, 12.647, 11.854, 11.912, 15.976, 18.165, 16.369, 16.531, 17.195, 17.635, 15.861, 13.686, 12.374, 11.919, 13.286, 15.212, 14.099, 10.922, 7.712, 6.608, 7.483, 7.342, 6.243, 6.296, 7.36, 7.652, 6.954, 6.592, 5.547, 4.192, 4.579, 5.462, 4.59, 3.982, 4.432, 5.348, 6.286, 4.915, 3.996, 5.935, 5.452, 5.164, 4.501, 3.359, 3.367, 4.081, 5.723, 6.876, 7.037, 7.229, 7.672, 8.482, 10.308, 11.059, 10.689, 11.416, 10.624, 9.739, 8.839, 7.538], [4.289, 3.677, 2.244, 1.595, 0.0, 1.984, 3.457, 3.455, 2.263, 2.785, 3.2, 3.098, 4.426, 4.45, 3.067, 1.867, 1.942, 2.662, 3.262, 2.366, 2.133, 2.082, 2.018, 2.428, 2.842, 2.142, 1.581, 1.899, 2.0, 2.485, 5.24, 7.483, 7.95, 8.779, 9.03, 7.43, 5.009, 4.018, 3.966, 5.235, 5.542, 3.952, 3.678, 4.788, 5.212, 5.307, 4.529, 4.687, 5.534, 6.858, 7.451, 6.757, 8.503, 8.786, 8.028, 8.336, 11.013, 11.459, 9.573, 8.589, 9.052, 9.225, 9.481, 9.304, 9.423, 10.127, 10.851, 10.239, 8.839, 6.192, 5.066, 4.096, 2.885, 2.958, 3.173, 2.801, 2.704, 3.875, 5.416, 7.568, 9.277, 7.281, 6.702, 7.829, 9.342, 7.727, 7.863, 8.136, 7.934, 6.916, 7.443, 9.17, 10.244, 9.132, 8.83, 9.085, 10.203, 11.164, 11.879, 12.299, 13.452, 16.619, 16.269, 14.865, 13.835, 13.453, 13.209, 12.669, 11.734, 10.7, 13.106, 14.106, 9.716, 9.038, 10.919, 10.122, 6.127, 5.764, 5.459, 5.123, 3.185, 4.032, 5.23, 6.413, 9.517, 8.867, 6.879, 6.547, 7.387, 8.481, 9.435, 8.538, 7.837, 7.956, 6.058, 4.701, 6.109, 9.013, 10.999, 10.341, 9.563, 11.05, 12.709, 14.448, 16.091, 15.377, 13.804, 12.126, 11.345, 11.357, 15.433, 17.621, 15.834, 15.975, 16.629, 17.093, 15.331, 13.186, 11.849, 11.363, 12.716, 14.643, 13.531, 10.338, 7.112, 6.009, 6.899, 6.814, 5.793, 5.836, 6.809, 7.075, 6.348, 5.685, 4.399, 3.014, 3.274, 4.071, 3.194, 2.602, 3.028, 4.276, 5.141, 3.882, 2.693, 4.566, 4.083, 3.849, 3.11, 2.285, 2.456, 3.048, 5.097, 6.332, 6.669, 7.001, 7.216, 8.105, 9.852, 10.675, 10.242, 10.889, 10.036, 9.412, 8.578, 7.624], [2.963, 2.405, 1.811, 2.125, 1.984, 0.0, 1.694, 2.035, 1.458, 1.707, 2.048, 1.811, 2.681, 2.778, 2.513, 2.819, 2.401, 2.284, 2.732, 2.201, 2.514, 2.969, 2.721, 3.584, 4.137, 2.871, 3.003, 3.566, 3.12, 3.613, 7.016, 9.331, 9.761, 10.615, 10.859, 9.295, 6.837, 5.408, 5.527, 7.063, 7.339, 5.678, 5.392, 6.147, 6.621, 6.715, 6.13, 6.523, 7.391, 8.698, 9.256, 8.567, 10.378, 10.602, 9.858, 10.166, 12.846, 13.287, 11.392, 10.382, 10.915, 11.051, 11.297, 11.127, 11.274, 11.976, 12.712, 12.077, 10.628, 8.049, 6.866, 5.68, 4.08, 4.01, 4.942, 4.563, 4.504, 5.702, 7.224, 9.388, 11.061, 9.132, 8.528, 9.669, 11.147, 9.573, 9.645, 9.948, 9.746, 8.641, 9.221, 10.997, 12.103, 10.964, 10.696, 10.951, 12.032, 12.98, 13.714, 14.129, 15.254, 18.444, 18.097, 16.688, 15.658, 15.276, 15.032, 14.501, 13.537, 12.509, 14.929, 15.929, 11.528, 10.87, 12.742, 11.945, 7.646, 6.012, 5.856, 5.602, 4.536, 5.782, 6.81, 8.138, 11.339, 10.69, 8.702, 8.346, 9.202, 10.297, 11.266, 10.374, 9.641, 9.85, 7.869, 6.538, 7.951, 10.822, 12.82, 12.132, 11.37, 12.914, 14.577, 16.319, 17.902, 17.217, 15.624, 13.953, 13.166, 13.206, 17.256, 19.442, 17.66, 17.811, 18.475, 18.916, 17.142, 14.974, 13.657, 13.182, 14.55, 16.475, 15.362, 12.202, 8.946, 7.844, 8.748, 8.632, 7.644, 7.671, 8.633, 8.898, 8.179, 7.299, 5.499, 3.82, 3.59, 4.191, 3.745, 2.949, 2.531, 3.481, 4.36, 2.963, 3.106, 5.147, 3.895, 3.486, 2.94, 3.074, 4.093, 4.85, 6.921, 8.191, 8.471, 8.758, 9.041, 9.914, 11.654, 12.52, 12.076, 12.707, 11.898, 11.234, 10.369, 9.16], [2.196, 1.948, 2.419, 3.103, 3.457, 1.694, 0.0, 1.335, 2.123, 1.444, 1.741, 1.266, 1.652, 1.772, 1.994, 3.762, 3.316, 2.566, 2.961, 2.588, 3.592, 4.093, 3.835, 4.83, 5.136, 3.761, 4.122, 4.768, 4.163, 4.789, 8.372, 10.691, 11.145, 11.981, 12.233, 10.614, 8.203, 6.65, 7.021, 8.532, 8.812, 7.088, 6.73, 7.484, 8.019, 8.13, 7.558, 7.908, 8.747, 10.066, 10.643, 9.935, 11.706, 11.975, 11.213, 11.519, 14.228, 14.717, 12.797, 11.763, 12.26, 12.417, 12.673, 12.496, 12.667, 13.363, 14.096, 13.479, 12.027, 9.381, 8.142, 7.101, 5.259, 5.104, 6.165, 6.079, 5.971, 7.166, 8.647, 10.776, 12.449, 10.43, 9.927, 10.987, 12.565, 10.818, 11.056, 11.351, 11.15, 9.882, 10.451, 12.441, 13.537, 12.325, 12.074, 12.308, 13.471, 14.472, 15.137, 15.584, 16.687, 19.811, 19.46, 18.057, 17.068, 16.656, 16.401, 15.873, 14.916, 13.878, 16.298, 17.298, 12.908, 12.227, 14.111, 13.314, 9.014, 6.968, 7.179, 6.912, 5.922, 7.122, 8.176, 9.513, 12.71, 12.059, 10.077, 9.723, 10.579, 11.673, 12.629, 11.736, 11.137, 11.283, 9.179, 7.821, 9.198, 12.194, 14.189, 13.518, 12.765, 14.394, 16.028, 17.788, 19.376, 18.665, 17.051, 15.323, 14.567, 14.591, 18.661, 20.8, 19.021, 19.157, 19.819, 20.285, 18.513, 16.393, 15.029, 14.558, 15.891, 17.817, 16.71, 13.546, 10.289, 9.198, 10.097, 10.001, 8.976, 8.973, 10.004, 10.267, 9.558, 8.655, 6.878, 5.186, 4.763, 5.324, 5.018, 4.055, 3.257, 3.851, 4.57, 3.381, 4.34, 6.441, 4.679, 4.16, 3.737, 4.423, 5.492, 6.22, 8.297, 9.642, 9.766, 9.877, 10.439, 11.427, 13.142, 13.976, 13.586, 14.076, 13.292, 12.476, 11.632, 10.219], [2.346, 2.446, 2.563, 3.237, 3.455, 2.035, 1.335, 0.0, 1.863, 1.568, 1.718, 1.75, 2.136, 2.232, 2.016, 3.519, 3.082, 2.234, 2.569, 2.25, 3.399, 3.714, 3.558, 4.528, 4.783, 3.378, 3.681, 4.495, 4.008, 4.752, 8.23, 10.339, 10.775, 11.579, 11.868, 10.23, 7.954, 6.604, 7.063, 8.424, 8.605, 7.005, 6.487, 7.099, 7.675, 7.914, 7.172, 7.485, 8.328, 9.646, 10.319, 9.56, 11.312, 11.601, 10.86, 11.401, 14.21, 14.536, 12.798, 11.555, 11.91, 12.054, 12.279, 12.114, 12.254, 13.137, 13.804, 13.24, 11.72, 9.347, 8.038, 7.041, 5.272, 5.156, 5.863, 6.064, 5.837, 7.124, 8.505, 10.561, 12.168, 10.291, 9.757, 10.92, 12.345, 10.654, 10.891, 11.257, 11.089, 9.873, 10.4, 12.343, 13.458, 12.076, 11.947, 11.936, 13.344, 14.365, 14.943, 15.472, 16.494, 19.479, 19.139, 17.686, 16.702, 16.357, 16.058, 15.522, 14.65, 13.528, 15.911, 16.912, 12.522, 11.841, 13.73, 12.931, 8.633, 6.583, 6.853, 6.695, 5.727, 6.741, 7.778, 9.166, 12.394, 11.672, 9.723, 9.349, 10.182, 11.277, 12.286, 11.468, 11.068, 11.111, 8.857, 7.442, 8.815, 11.798, 13.801, 13.16, 12.537, 14.32, 15.993, 17.676, 19.409, 18.585, 16.9, 15.098, 14.282, 14.23, 18.274, 20.466, 18.666, 18.815, 19.451, 19.9, 18.134, 16.045, 14.689, 14.205, 15.525, 17.433, 16.329, 13.159, 9.907, 8.796, 9.693, 9.624, 8.648, 8.585, 9.62, 9.886, 9.16, 8.257, 6.49, 4.867, 4.374, 4.991, 4.767, 3.947, 3.431, 3.962, 4.753, 3.526, 4.059, 6.203, 4.412, 4.064, 3.549, 4.326, 5.221, 5.992, 8.102, 9.517, 9.671, 9.41, 10.303, 11.363, 13.173, 13.921, 13.476, 13.718, 13.055, 12.129, 11.304, 9.763], [3.118, 2.703, 2.352, 2.848, 2.263, 1.458, 2.123, 1.863, 0.0, 1.801, 2.288, 2.227, 3.201, 3.194, 2.233, 2.797, 2.482, 2.365, 2.89, 2.291, 2.828, 3.424, 3.37, 3.884, 4.44, 3.261, 2.893, 3.503, 3.747, 4.319, 7.068, 8.788, 9.259, 10.053, 10.339, 8.702, 6.615, 5.831, 5.716, 6.771, 7.144, 5.895, 5.006, 5.649, 6.149, 6.321, 5.619, 5.963, 6.808, 8.109, 8.801, 8.082, 9.881, 10.121, 9.356, 9.931, 12.705, 12.983, 11.272, 10.035, 10.397, 10.617, 10.753, 10.572, 10.827, 11.863, 12.71, 11.707, 10.232, 8.018, 7.097, 5.822, 4.41, 4.569, 4.976, 4.508, 4.527, 5.596, 6.954, 9.062, 10.733, 9.002, 8.746, 9.807, 10.809, 9.547, 9.867, 10.039, 9.847, 8.837, 9.381, 10.932, 11.91, 10.633, 10.523, 10.559, 11.901, 12.949, 13.381, 13.917, 14.935, 17.944, 17.577, 16.139, 15.153, 14.761, 14.524, 13.984, 13.124, 12.011, 14.364, 15.365, 10.988, 10.294, 12.19, 11.384, 7.095, 5.565, 5.594, 5.385, 4.431, 5.259, 6.269, 7.599, 10.87, 10.142, 8.176, 7.828, 8.655, 9.752, 10.757, 9.954, 9.701, 9.946, 8.027, 6.509, 7.542, 10.321, 12.271, 11.66, 11.077, 12.946, 14.743, 16.422, 17.92, 17.018, 15.338, 13.558, 12.753, 12.812, 16.739, 18.96, 17.164, 17.296, 17.942, 18.353, 16.607, 14.526, 13.154, 12.64, 13.98, 15.893, 14.786, 11.64, 8.371, 7.251, 8.184, 8.13, 7.41, 7.232, 8.087, 8.364, 7.613, 6.721, 4.945, 3.365, 3.479, 3.9, 3.321, 2.997, 2.589, 3.215, 4.049, 2.652, 2.847, 4.872, 3.65, 3.297, 2.617, 3.091, 4.285, 4.661, 6.54, 7.93, 8.524, 8.387, 8.762, 10.05, 11.783, 12.747, 12.053, 12.209, 11.614, 11.256, 10.53, 9.363], [2.095, 2.026, 1.859, 2.688, 2.785, 1.707, 1.444, 1.568, 1.801, 0.0, 1.587, 1.165, 2.019, 2.29, 2.105, 3.652, 3.133, 2.329, 2.733, 2.273, 2.897, 3.325, 3.283, 4.077, 4.522, 3.394, 3.5, 3.992, 3.522, 4.11, 7.386, 9.993, 10.441, 11.258, 11.546, 9.979, 7.632, 5.986, 6.479, 7.788, 8.035, 6.001, 6.032, 6.856, 7.386, 7.49, 6.881, 7.235, 8.043, 9.354, 9.929, 9.237, 11.009, 11.299, 10.543, 10.835, 13.484, 13.956, 12.064, 11.103, 11.553, 11.702, 11.96, 11.805, 11.89, 12.461, 13.065, 12.712, 11.308, 8.617, 7.032, 6.305, 4.906, 4.709, 5.517, 5.294, 5.124, 6.298, 7.889, 10.041, 11.73, 9.705, 8.801, 10.036, 11.803, 9.975, 9.986, 10.436, 10.295, 9.111, 9.693, 11.655, 12.725, 11.634, 11.221, 11.584, 12.582, 13.473, 14.342, 14.72, 15.925, 19.093, 18.752, 17.372, 16.342, 15.96, 15.684, 15.147, 14.208, 13.178, 15.597, 16.598, 12.195, 11.527, 13.424, 12.617, 8.328, 6.629, 6.8, 6.49, 5.294, 6.519, 7.46, 8.824, 12.003, 11.353, 9.357, 9.029, 9.868, 10.96, 11.914, 11.011, 10.196, 10.28, 8.078, 6.804, 8.463, 11.485, 13.483, 12.818, 12.03, 13.48, 15.007, 16.651, 18.403, 17.847, 16.271, 14.599, 13.817, 13.855, 17.93, 20.109, 18.348, 18.489, 19.143, 19.586, 17.814, 15.663, 14.33, 13.848, 15.205, 17.128, 16.021, 12.852, 9.606, 8.489, 9.378, 9.287, 8.225, 8.242, 9.308, 9.579, 8.856, 7.975, 6.282, 4.567, 4.352, 5.102, 4.694, 3.885, 3.46, 4.282, 5.002, 3.805, 4.054, 6.137, 4.944, 4.546, 3.942, 3.729, 4.424, 5.512, 7.614, 8.767, 8.901, 9.076, 9.689, 10.335, 12.121, 12.884, 12.67, 13.365, 12.491, 11.509, 10.558, 9.272], [1.706, 1.839, 1.69, 2.544, 3.2, 2.048, 1.741, 1.718, 2.288, 1.587, 0.0, 1.212, 2.419, 2.422, 1.697, 3.342, 2.819, 1.49, 1.708, 1.703, 2.957, 3.207, 3.067, 4.194, 4.241, 2.745, 3.625, 4.282, 3.494, 3.897, 7.773, 10.259, 10.661, 11.534, 11.784, 10.225, 7.837, 6.237, 6.801, 8.264, 8.304, 6.441, 6.343, 7.124, 7.602, 7.868, 7.127, 7.488, 8.319, 9.626, 10.127, 9.492, 11.254, 11.544, 10.783, 11.096, 13.827, 14.308, 12.444, 11.304, 11.798, 11.962, 12.217, 12.06, 12.16, 12.701, 13.272, 13.088, 11.517, 9.005, 7.454, 6.527, 4.867, 4.605, 5.641, 5.745, 5.555, 6.738, 8.249, 10.303, 11.921, 9.958, 9.083, 10.389, 12.111, 10.304, 10.461, 10.894, 10.754, 9.523, 9.976, 12.033, 13.078, 11.875, 11.488, 11.829, 12.932, 13.924, 14.743, 15.154, 16.242, 19.371, 19.044, 17.621, 16.617, 16.255, 15.954, 15.432, 14.439, 13.434, 15.862, 16.862, 12.449, 11.796, 13.675, 12.878, 8.579, 7.205, 7.131, 6.816, 5.508, 6.734, 7.735, 9.068, 12.264, 11.623, 9.628, 9.275, 10.128, 11.219, 12.199, 11.329, 10.677, 10.661, 8.265, 7.021, 8.737, 11.75, 13.752, 13.043, 12.282, 13.926, 15.434, 17.149, 18.881, 18.221, 16.604, 14.929, 14.101, 14.125, 18.19, 20.325, 18.549, 18.717, 19.38, 19.856, 18.073, 15.894, 14.585, 14.117, 15.459, 17.388, 16.287, 13.096, 9.855, 8.76, 9.645, 9.556, 8.446, 8.512, 9.578, 9.844, 9.123, 8.202, 6.481, 4.84, 4.844, 5.586, 5.0, 4.465, 4.256, 4.996, 5.779, 4.516, 4.38, 6.501, 5.492, 5.163, 4.523, 4.146, 4.852, 5.794, 7.856, 9.278, 9.334, 9.326, 10.029, 10.669, 12.578, 13.301, 13.104, 13.629, 12.777, 11.73, 10.8, 9.125], [1.597, 1.54, 1.776, 2.502, 3.098, 1.811, 1.266, 1.75, 2.227, 1.165, 1.212, 0.0, 1.822, 1.811, 1.351, 3.448, 2.921, 1.923, 2.206, 1.988, 2.981, 3.507, 3.396, 4.219, 4.504, 3.163, 3.726, 4.339, 3.478, 4.013, 7.764, 10.347, 10.767, 11.614, 11.876, 10.316, 7.955, 6.337, 6.787, 8.165, 8.412, 6.423, 6.379, 7.209, 7.719, 7.834, 7.223, 7.579, 8.399, 9.701, 10.239, 9.563, 11.334, 11.624, 10.863, 11.149, 13.831, 14.287, 12.374, 11.397, 11.878, 12.043, 12.301, 12.139, 12.231, 12.854, 13.431, 13.052, 11.617, 8.915, 7.485, 6.578, 4.756, 4.637, 5.808, 5.673, 5.465, 6.642, 8.203, 10.35, 12.039, 10.015, 9.17, 10.386, 12.119, 10.339, 10.328, 10.785, 10.656, 9.458, 10.06, 11.98, 13.013, 11.928, 11.586, 11.909, 12.952, 13.859, 14.682, 15.082, 16.234, 19.434, 19.086, 17.7, 16.669, 16.288, 16.024, 15.488, 14.517, 13.504, 15.938, 16.939, 12.536, 11.867, 13.754, 12.957, 8.657, 7.239, 7.21, 6.935, 5.614, 6.844, 7.817, 9.179, 12.345, 11.694, 9.697, 9.346, 10.208, 11.301, 12.254, 11.347, 10.579, 10.602, 8.445, 7.156, 8.803, 11.825, 13.823, 13.127, 12.339, 13.817, 15.371, 17.089, 18.809, 18.159, 16.58, 14.915, 14.158, 14.191, 18.268, 20.403, 18.642, 18.797, 19.46, 19.927, 18.144, 15.972, 14.656, 14.188, 15.53, 17.459, 16.358, 13.176, 9.943, 8.832, 9.716, 9.627, 8.534, 8.583, 9.649, 9.922, 9.206, 8.309, 6.59, 4.93, 4.906, 5.65, 5.069, 4.433, 4.065, 4.851, 5.567, 4.371, 4.433, 6.563, 5.514, 5.149, 4.539, 4.097, 4.802, 5.833, 7.926, 9.119, 9.243, 9.424, 10.002, 10.745, 12.531, 13.292, 12.998, 13.7, 12.837, 11.842, 10.935, 9.568], [2.166, 1.981, 3.271, 3.927, 4.426, 2.681, 1.652, 2.136, 3.201, 2.019, 2.419, 1.822, 0.0, 1.518, 2.95, 4.876, 4.459, 3.426, 3.693, 3.581, 4.493, 4.812, 4.642, 5.656, 6.004, 4.676, 5.167, 5.781, 4.887, 5.292, 9.212, 11.827, 12.222, 13.108, 13.35, 11.755, 9.314, 7.415, 7.947, 9.488, 9.71, 7.776, 7.861, 8.636, 9.13, 9.212, 8.667, 9.014, 9.864, 11.182, 11.695, 11.074, 12.851, 13.141, 12.38, 12.665, 15.319, 15.798, 13.882, 12.855, 13.395, 13.554, 13.812, 13.655, 13.742, 14.269, 14.848, 14.564, 13.066, 10.397, 8.656, 7.966, 6.101, 5.77, 7.092, 6.901, 6.704, 8.011, 9.68, 11.782, 13.501, 11.445, 10.419, 11.799, 13.631, 11.83, 11.737, 12.117, 11.873, 10.677, 11.39, 13.411, 14.46, 13.426, 13.04, 13.426, 14.403, 15.297, 16.194, 16.568, 17.723, 20.945, 20.597, 19.216, 18.186, 17.804, 17.528, 16.997, 15.977, 15.016, 17.449, 18.45, 14.044, 13.379, 15.27, 14.469, 10.174, 8.128, 8.331, 8.035, 7.004, 8.239, 9.295, 10.65, 13.834, 13.205, 11.208, 10.858, 11.719, 12.812, 13.766, 12.858, 12.007, 12.016, 9.889, 8.652, 10.315, 13.336, 15.335, 14.625, 13.827, 15.249, 16.676, 18.372, 20.041, 19.615, 18.051, 16.427, 15.663, 15.706, 19.782, 21.911, 20.146, 20.314, 20.977, 21.438, 19.655, 17.476, 16.167, 15.699, 17.047, 18.971, 17.869, 14.693, 11.448, 10.334, 11.224, 11.139, 9.994, 10.094, 11.16, 11.43, 10.703, 9.805, 8.03, 6.323, 5.865, 6.508, 6.152, 5.183, 4.235, 4.586, 5.062, 4.147, 5.479, 7.571, 5.883, 5.266, 4.927, 5.44, 6.17, 7.309, 9.342, 10.589, 10.733, 10.948, 11.428, 11.903, 13.822, 14.503, 14.344, 15.211, 14.343, 13.386, 12.427, 11.036], [1.934, 1.985, 3.332, 4.123, 4.45, 2.778, 1.772, 2.232, 3.194, 2.29, 2.422, 1.811, 1.518, 0.0, 2.43, 4.776, 4.239, 3.014, 3.219, 3.363, 4.606, 4.78, 4.6, 5.614, 5.876, 4.472, 5.087, 5.747, 4.959, 5.618, 9.351, 11.809, 12.302, 13.101, 13.378, 11.742, 9.195, 7.536, 8.111, 9.466, 9.814, 8.065, 7.803, 8.601, 9.1, 9.163, 8.592, 8.98, 9.829, 11.152, 11.803, 11.115, 12.857, 13.144, 12.395, 12.705, 15.385, 15.784, 13.979, 12.955, 13.394, 13.528, 13.786, 13.614, 13.738, 14.439, 14.947, 14.589, 13.186, 10.537, 9.129, 8.196, 6.333, 6.063, 7.099, 7.128, 7.014, 8.286, 9.771, 11.938, 13.608, 11.595, 10.799, 12.017, 13.694, 11.902, 11.992, 12.42, 12.227, 10.996, 11.515, 13.533, 14.638, 13.486, 13.129, 13.383, 14.517, 15.497, 16.18, 16.667, 17.803, 20.93, 20.631, 19.175, 18.165, 17.763, 17.509, 16.972, 16.09, 15.057, 17.435, 18.425, 14.021, 13.363, 15.242, 14.438, 10.143, 8.226, 8.267, 8.075, 6.964, 8.211, 9.316, 10.613, 13.869, 13.23, 11.182, 10.907, 11.693, 12.786, 13.739, 12.898, 12.223, 12.211, 9.929, 8.623, 10.288, 13.327, 15.36, 14.697, 13.911, 15.472, 17.061, 18.725, 20.508, 19.773, 18.172, 16.494, 15.643, 15.68, 19.755, 21.972, 20.2, 20.341, 20.995, 21.413, 19.693, 17.541, 16.209, 15.683, 17.014, 18.944, 17.843, 14.704, 11.41, 10.307, 11.251, 11.155, 10.103, 10.108, 11.129, 11.397, 10.665, 9.755, 7.957, 6.226, 5.771, 6.401, 6.028, 5.125, 4.437, 4.785, 5.303, 4.385, 5.492, 7.529, 6.108, 5.584, 5.085, 5.44, 6.296, 7.342, 9.446, 10.669, 10.746, 10.89, 11.588, 12.4, 14.232, 14.991, 14.636, 15.244, 14.35, 13.398, 12.483, 11.042], [2.2, 2.064, 2.006, 2.418, 3.067, 2.513, 1.994, 2.016, 2.233, 2.105, 1.697, 1.351, 2.95, 2.43, 0.0, 2.719, 2.185, 1.47, 1.847, 1.624, 2.913, 3.647, 3.55, 4.191, 4.118, 2.887, 3.221, 3.88, 3.337, 4.0, 7.536, 9.624, 10.091, 10.876, 11.191, 9.514, 7.397, 6.429, 6.749, 7.807, 8.09, 6.484, 5.83, 6.783, 7.385, 7.529, 6.528, 6.734, 7.566, 8.914, 9.63, 8.883, 10.624, 10.931, 10.205, 10.738, 13.525, 13.829, 12.129, 10.888, 11.256, 11.29, 11.526, 11.321, 11.569, 12.479, 13.181, 12.592, 11.052, 8.675, 7.438, 6.432, 4.674, 4.682, 5.524, 5.563, 5.393, 6.509, 7.866, 9.913, 11.503, 9.625, 9.197, 10.269, 11.674, 10.01, 10.29, 10.587, 10.415, 9.222, 9.749, 11.665, 12.799, 11.405, 11.224, 11.138, 12.634, 13.727, 14.195, 14.773, 15.849, 18.753, 18.436, 16.878, 15.938, 15.574, 15.258, 14.772, 13.977, 12.839, 15.185, 16.176, 11.732, 11.109, 12.929, 12.179, 7.861, 7.022, 6.946, 6.716, 5.341, 6.33, 7.165, 8.443, 11.701, 10.976, 8.976, 8.66, 9.442, 10.53, 11.521, 10.789, 10.404, 10.518, 8.341, 6.882, 8.031, 11.078, 13.105, 12.484, 11.852, 13.662, 15.356, 17.066, 18.737, 17.918, 16.251, 14.43, 13.52, 13.462, 17.548, 19.784, 17.993, 18.121, 18.771, 19.16, 17.439, 15.389, 14.02, 13.505, 14.788, 16.687, 15.546, 12.47, 9.114, 8.051, 9.013, 8.937, 7.971, 7.902, 8.842, 9.084, 8.352, 7.568, 6.048, 4.442, 4.705, 5.388, 4.755, 4.26, 4.341, 4.857, 5.639, 4.498, 4.265, 6.306, 5.651, 5.27, 4.624, 4.024, 4.831, 5.525, 7.464, 8.75, 8.891, 8.616, 9.651, 10.769, 12.523, 13.304, 12.854, 13.041, 12.337, 11.536, 10.795, 9.323], [4.489, 3.931, 2.658, 1.603, 1.867, 2.819, 3.762, 3.519, 2.797, 3.652, 3.342, 3.448, 4.876, 4.776, 2.719, 0.0, 1.202, 2.482, 2.966, 2.171, 2.163, 2.541, 2.391, 2.549, 2.498, 1.703, 1.57, 1.867, 1.697, 2.152, 5.379, 7.164, 7.565, 8.351, 8.647, 7.018, 5.327, 4.57, 4.647, 5.652, 5.958, 4.579, 3.777, 4.891, 5.493, 5.631, 4.538, 4.358, 5.249, 6.452, 7.107, 6.375, 8.115, 8.411, 7.754, 8.416, 11.18, 11.497, 9.709, 8.424, 8.769, 8.993, 9.093, 8.9, 9.312, 10.252, 11.014, 10.201, 8.562, 6.311, 5.34, 4.241, 2.482, 2.799, 3.515, 3.4, 3.239, 4.184, 5.327, 7.37, 9.102, 7.291, 7.012, 8.064, 9.209, 7.791, 8.146, 8.326, 8.095, 7.082, 7.577, 9.313, 10.36, 9.05, 8.952, 8.942, 10.389, 11.447, 11.857, 12.488, 13.396, 16.244, 15.958, 14.468, 13.496, 13.142, 12.82, 12.297, 11.441, 10.328, 12.692, 13.693, 9.308, 8.622, 10.507, 9.712, 6.068, 6.106, 5.806, 5.529, 3.901, 4.214, 5.192, 6.262, 9.191, 8.479, 6.5, 6.164, 6.962, 8.061, 9.201, 8.391, 8.104, 8.262, 6.254, 4.862, 5.789, 8.626, 10.612, 9.948, 9.553, 11.359, 13.096, 14.835, 16.411, 15.478, 13.692, 11.879, 11.078, 11.171, 15.221, 17.252, 15.47, 15.626, 16.254, 16.681, 14.942, 12.956, 11.543, 10.966, 12.294, 14.214, 13.113, 9.962, 6.684, 5.577, 6.499, 6.418, 5.614, 5.429, 6.403, 6.677, 5.93, 5.612, 4.528, 3.411, 3.826, 4.492, 3.858, 3.471, 4.291, 4.979, 5.935, 4.65, 3.101, 5.016, 4.61, 4.647, 3.775, 2.906, 3.26, 3.37, 4.993, 6.323, 6.741, 6.558, 7.179, 8.493, 10.209, 11.058, 10.493, 10.507, 10.037, 9.44, 8.778, 7.529], [3.968, 3.351, 2.146, 1.607, 1.942, 2.401, 3.316, 3.082, 2.482, 3.133, 2.819, 2.921, 4.459, 4.239, 2.185, 1.202, 0.0, 1.878, 2.358, 1.594, 1.592, 2.067, 1.954, 2.497, 2.557, 1.491, 1.582, 2.143, 1.828, 2.31, 5.745, 7.75, 8.243, 9.026, 9.316, 7.701, 5.59, 4.749, 4.921, 5.918, 6.355, 4.679, 3.856, 4.934, 5.491, 5.555, 4.724, 4.934, 5.757, 7.075, 7.764, 7.037, 8.8, 9.09, 8.36, 8.921, 11.695, 11.961, 10.231, 9.001, 9.388, 9.515, 9.67, 9.492, 9.811, 10.718, 11.42, 10.672, 9.164, 6.804, 5.688, 4.619, 2.842, 3.019, 3.811, 3.713, 3.539, 4.621, 5.9, 7.968, 9.648, 7.79, 7.416, 8.484, 9.729, 8.19, 8.518, 8.737, 8.58, 7.493, 8.015, 9.822, 10.882, 9.584, 9.447, 9.411, 10.819, 11.888, 12.29, 12.946, 13.901, 16.886, 16.556, 15.02, 13.995, 13.625, 13.375, 12.858, 12.083, 10.99, 13.355, 14.347, 9.884, 9.28, 11.092, 10.349, 6.09, 5.899, 5.646, 5.363, 3.614, 4.464, 5.378, 6.598, 9.839, 9.146, 7.071, 6.823, 7.594, 8.682, 9.676, 8.936, 8.564, 8.7, 6.575, 5.139, 6.179, 9.242, 11.275, 10.636, 10.033, 11.816, 13.534, 15.272, 16.886, 15.985, 14.282, 12.513, 11.593, 11.655, 15.73, 17.931, 16.152, 16.285, 16.939, 17.33, 15.608, 13.534, 12.141, 11.624, 12.924, 14.863, 13.72, 10.647, 7.291, 6.222, 7.173, 7.089, 6.164, 6.075, 7.012, 7.251, 6.513, 5.763, 4.327, 3.016, 3.394, 4.347, 3.776, 3.332, 4.016, 4.841, 5.715, 4.366, 2.97, 4.841, 4.663, 4.653, 3.675, 2.601, 3.064, 3.667, 5.542, 6.793, 7.052, 6.851, 7.723, 8.964, 10.69, 11.5, 10.966, 11.193, 10.567, 9.824, 9.067, 7.778], [2.468, 2.171, 1.771, 1.992, 2.662, 2.284, 2.566, 2.234, 2.365, 2.329, 1.49, 1.923, 3.426, 3.014, 1.47, 2.482, 1.878, 0.0, 1.034, 1.15, 2.262, 2.562, 2.508, 3.436, 3.502, 1.881, 2.838, 3.489, 2.769, 3.38, 6.995, 9.405, 9.904, 10.684, 10.987, 9.368, 6.957, 5.696, 6.219, 7.399, 7.621, 5.853, 5.437, 6.319, 6.895, 6.962, 6.113, 6.446, 7.307, 8.635, 9.422, 8.693, 10.423, 10.744, 9.992, 10.363, 13.139, 13.503, 11.786, 10.619, 11.025, 11.095, 11.328, 11.054, 11.279, 12.067, 12.642, 12.259, 10.822, 8.303, 6.928, 5.971, 4.176, 4.021, 4.921, 5.075, 4.896, 6.118, 7.532, 9.599, 11.252, 9.275, 8.585, 9.803, 11.347, 9.632, 9.813, 10.241, 10.113, 8.859, 9.306, 11.338, 12.46, 11.137, 10.788, 10.88, 12.197, 13.23, 13.862, 14.38, 15.537, 18.544, 18.183, 16.621, 15.633, 15.251, 15.07, 14.512, 13.733, 12.648, 14.949, 15.931, 11.548, 10.899, 12.694, 11.945, 7.605, 6.72, 6.507, 6.435, 4.797, 5.911, 6.919, 8.246, 11.497, 10.766, 8.73, 8.471, 9.252, 10.34, 11.298, 10.544, 10.011, 9.983, 7.658, 6.248, 7.819, 10.888, 12.909, 12.294, 11.572, 13.295, 14.853, 16.523, 18.326, 17.582, 15.919, 14.148, 13.262, 13.169, 17.256, 19.585, 17.806, 17.927, 18.583, 18.949, 17.25, 15.131, 13.778, 13.253, 14.495, 16.422, 15.307, 12.268, 8.852, 7.846, 8.825, 8.747, 7.746, 7.712, 8.607, 8.849, 8.119, 7.227, 5.625, 4.014, 4.287, 5.163, 4.389, 3.796, 4.282, 4.993, 5.889, 4.661, 3.885, 5.888, 5.431, 5.229, 4.377, 3.536, 4.178, 5.096, 7.131, 8.425, 8.481, 8.324, 9.33, 10.193, 12.047, 12.8, 12.475, 12.851, 11.934, 11.104, 10.23, 8.563], [2.516, 2.443, 2.135, 2.503, 3.262, 2.732, 2.961, 2.569, 2.89, 2.733, 1.708, 2.206, 3.693, 3.219, 1.847, 2.966, 2.358, 1.034, 0.0, 1.578, 2.738, 2.878, 2.832, 3.83, 3.827, 2.331, 3.316, 4.001, 3.244, 3.712, 7.352, 9.87, 10.3, 11.05, 11.392, 9.82, 7.463, 6.075, 6.73, 7.95, 7.994, 6.198, 5.922, 6.571, 7.296, 7.532, 6.496, 6.812, 7.672, 9.015, 9.84, 9.049, 10.753, 11.097, 10.354, 10.785, 13.537, 13.916, 12.194, 11.076, 11.442, 11.432, 11.659, 11.353, 11.655, 12.281, 12.93, 12.706, 11.21, 8.726, 7.268, 6.332, 4.668, 4.528, 5.471, 5.598, 5.406, 6.538, 7.98, 10.042, 11.636, 9.691, 8.9, 10.161, 11.75, 9.986, 10.189, 10.685, 10.584, 9.344, 9.768, 11.807, 12.884, 11.616, 11.116, 11.237, 12.573, 13.604, 14.291, 14.761, 15.965, 18.953, 18.627, 16.97, 15.948, 15.605, 15.449, 14.932, 14.16, 13.037, 15.249, 16.223, 11.903, 11.225, 12.982, 12.237, 7.883, 6.866, 6.792, 6.86, 5.294, 6.384, 7.324, 8.695, 11.927, 11.058, 9.144, 8.83, 9.591, 10.669, 11.715, 10.974, 10.391, 10.396, 7.991, 6.629, 8.253, 11.191, 13.238, 12.633, 11.981, 13.688, 15.216, 16.865, 18.686, 17.984, 16.347, 14.6, 13.627, 13.479, 17.544, 19.993, 18.187, 18.33, 18.921, 19.275, 17.565, 15.478, 14.168, 13.56, 14.821, 16.747, 15.626, 12.606, 9.184, 8.208, 9.197, 9.104, 8.149, 8.058, 8.907, 9.137, 8.428, 7.579, 6.005, 4.511, 4.702, 5.463, 4.884, 4.269, 4.612, 5.384, 6.373, 5.135, 4.29, 6.357, 5.703, 5.622, 4.706, 3.998, 4.66, 5.495, 7.631, 8.838, 8.895, 8.674, 9.783, 10.533, 12.393, 13.164, 12.91, 13.201, 12.17, 11.418, 10.576, 8.85], [2.683, 2.219, 1.267, 1.558, 2.366, 2.201, 2.588, 2.25, 2.291, 2.273, 1.703, 1.988, 3.581, 3.363, 1.624, 2.171, 1.594, 1.15, 1.578, 0.0, 1.82, 2.468, 2.381, 3.182, 3.172, 1.923, 2.496, 3.064, 2.444, 3.047, 6.661, 8.904, 9.365, 10.132, 10.444, 8.897, 6.861, 5.634, 6.073, 7.21, 7.462, 5.499, 5.055, 5.949, 6.555, 6.847, 5.958, 6.218, 6.99, 8.221, 8.773, 8.012, 9.798, 10.085, 9.342, 9.779, 12.563, 12.928, 11.167, 9.974, 10.356, 10.434, 10.686, 10.531, 10.653, 11.503, 12.118, 11.617, 10.098, 7.648, 6.321, 5.417, 3.858, 3.861, 4.754, 4.87, 4.557, 5.667, 6.918, 8.894, 10.535, 8.604, 8.062, 9.193, 10.719, 8.996, 9.221, 9.706, 9.668, 8.525, 9.013, 10.868, 11.825, 10.456, 10.29, 10.395, 11.695, 12.695, 13.293, 13.834, 14.831, 17.821, 17.52, 16.098, 15.133, 14.732, 14.409, 13.895, 12.994, 11.929, 14.323, 15.324, 10.921, 10.287, 12.149, 11.343, 7.155, 6.658, 6.532, 6.202, 4.593, 5.607, 6.491, 7.759, 10.952, 10.169, 8.12, 7.78, 8.595, 9.688, 10.647, 9.807, 9.387, 9.471, 7.236, 5.94, 7.315, 10.21, 12.232, 11.569, 10.884, 12.629, 14.264, 15.961, 17.69, 16.897, 15.225, 13.419, 12.635, 12.645, 16.703, 18.902, 17.142, 17.282, 17.936, 18.312, 16.566, 14.469, 13.103, 12.627, 13.973, 15.896, 14.788, 11.645, 8.505, 7.359, 8.242, 8.029, 6.997, 7.009, 8.098, 8.389, 7.703, 6.999, 5.493, 4.113, 4.411, 5.241, 4.432, 3.991, 4.406, 5.076, 5.977, 4.612, 3.813, 5.773, 5.381, 5.085, 4.365, 3.472, 3.96, 4.765, 6.682, 7.814, 7.932, 7.818, 8.656, 9.822, 11.495, 12.256, 11.827, 12.128, 11.446, 10.515, 9.717, 8.061], [3.923, 3.347, 1.909, 1.809, 2.133, 2.514, 3.592, 3.399, 2.828, 2.897, 2.957, 2.981, 4.493, 4.606, 2.913, 2.163, 1.592, 2.262, 2.738, 1.82, 0.0, 1.349, 1.46, 2.042, 2.403, 1.535, 1.513, 1.818, 1.591, 2.213, 5.378, 7.672, 8.065, 8.897, 9.152, 7.626, 5.57, 4.331, 4.601, 5.721, 6.222, 4.119, 3.811, 4.773, 5.361, 5.447, 4.673, 4.992, 5.754, 6.962, 7.48, 6.802, 8.606, 8.897, 8.146, 8.565, 11.284, 11.649, 9.782, 8.669, 9.155, 9.329, 9.533, 9.378, 9.54, 10.335, 11.021, 10.324, 8.837, 6.243, 4.903, 4.072, 2.542, 2.687, 3.623, 3.375, 3.038, 4.168, 5.486, 7.57, 9.315, 7.344, 6.739, 7.866, 9.399, 7.736, 7.803, 8.152, 8.095, 6.975, 7.646, 9.426, 10.371, 9.221, 9.118, 9.277, 10.487, 11.406, 12.003, 12.512, 13.468, 16.666, 16.317, 14.945, 13.921, 13.534, 13.256, 12.72, 11.737, 10.736, 13.17, 14.171, 9.768, 9.117, 10.996, 10.189, 6.336, 6.123, 5.818, 5.362, 3.625, 4.348, 5.228, 6.519, 9.682, 8.94, 6.933, 6.578, 7.44, 8.533, 9.528, 8.62, 7.995, 8.033, 6.031, 4.826, 6.112, 9.07, 11.055, 10.348, 9.634, 11.161, 12.842, 14.618, 16.226, 15.46, 13.824, 12.147, 11.393, 11.495, 15.54, 17.666, 15.903, 16.07, 16.733, 17.159, 15.376, 13.234, 11.89, 11.43, 12.803, 14.726, 13.618, 10.448, 7.274, 6.13, 6.99, 6.859, 5.766, 5.815, 6.887, 7.181, 6.479, 5.796, 4.477, 3.162, 3.624, 4.762, 4.146, 3.489, 4.267, 5.164, 6.083, 4.771, 3.102, 5.014, 4.804, 4.792, 3.87, 2.343, 2.793, 3.508, 5.322, 6.38, 6.601, 6.676, 7.219, 8.341, 10.056, 10.837, 10.315, 10.932, 10.259, 9.372, 8.473, 7.044], [4.337, 3.89, 2.552, 2.374, 2.082, 2.969, 4.093, 3.714, 3.424, 3.325, 3.207, 3.507, 4.812, 4.78, 3.647, 2.541, 2.067, 2.562, 2.878, 2.468, 1.349, 0.0, 0.88, 1.486, 1.946, 1.492, 1.409, 1.833, 1.551, 2.038, 4.956, 7.538, 8.025, 8.814, 9.117, 7.568, 5.083, 3.456, 4.034, 5.344, 5.657, 3.634, 3.495, 4.471, 4.982, 5.097, 4.425, 4.757, 5.595, 6.898, 7.516, 6.804, 8.589, 8.876, 8.127, 8.424, 11.097, 11.507, 9.677, 8.688, 9.126, 9.181, 9.439, 9.284, 9.387, 10.021, 10.513, 10.239, 8.836, 6.163, 4.656, 3.855, 2.395, 2.344, 2.972, 2.954, 2.839, 3.969, 5.418, 7.569, 9.265, 7.248, 6.289, 7.609, 9.365, 7.556, 7.604, 8.099, 8.004, 6.763, 7.286, 9.3, 10.341, 9.219, 8.788, 9.118, 10.192, 11.126, 11.851, 12.329, 13.476, 16.58, 16.281, 14.851, 13.826, 13.44, 13.162, 12.626, 11.736, 10.706, 13.089, 14.081, 9.674, 9.063, 10.902, 10.096, 6.241, 6.085, 5.628, 5.347, 3.294, 4.018, 5.113, 6.365, 9.57, 8.909, 6.865, 6.568, 7.346, 8.439, 9.392, 8.539, 7.828, 7.811, 5.484, 4.281, 5.991, 8.99, 11.009, 10.347, 9.568, 11.08, 12.606, 14.254, 16.074, 15.397, 13.799, 12.127, 11.296, 11.334, 15.408, 17.693, 15.933, 16.074, 16.728, 17.07, 15.343, 13.191, 11.859, 11.373, 12.74, 14.663, 13.555, 10.436, 7.15, 6.042, 6.984, 6.805, 5.753, 5.777, 6.826, 7.079, 6.376, 5.607, 4.405, 3.072, 3.452, 4.642, 4.029, 3.292, 4.24, 5.486, 6.369, 5.181, 3.032, 4.886, 4.812, 4.92, 4.006, 2.248, 2.25, 3.184, 5.19, 6.265, 6.372, 6.554, 7.218, 7.927, 9.806, 10.584, 10.31, 10.894, 10.048, 9.077, 8.078, 6.536], [4.335, 3.835, 2.531, 2.178, 2.018, 2.721, 3.835, 3.558, 3.37, 3.283, 3.067, 3.396, 4.642, 4.6, 3.55, 2.391, 1.954, 2.508, 2.832, 2.381, 1.46, 0.88, 0.0, 1.592, 1.924, 1.36, 1.553, 1.97, 1.54, 2.063, 5.063, 7.636, 8.121, 8.925, 9.213, 7.664, 5.172, 3.432, 4.032, 5.481, 5.648, 3.76, 3.642, 4.593, 5.063, 5.26, 4.554, 4.848, 5.711, 7.025, 7.624, 6.924, 8.71, 8.997, 8.248, 8.54, 11.207, 11.631, 9.818, 8.809, 9.247, 9.332, 9.59, 9.436, 9.52, 10.106, 10.625, 10.388, 8.968, 6.352, 4.806, 3.933, 2.398, 2.216, 2.98, 3.033, 3.085, 4.081, 5.59, 7.722, 9.39, 7.379, 6.477, 7.737, 9.48, 7.647, 7.75, 8.236, 8.135, 6.897, 7.377, 9.383, 10.495, 9.35, 8.9, 9.258, 10.271, 11.213, 12.017, 12.447, 13.596, 16.724, 16.413, 15.002, 13.978, 13.592, 13.314, 12.777, 11.874, 10.839, 13.227, 14.228, 9.825, 9.195, 11.054, 10.247, 6.516, 6.414, 5.881, 5.593, 3.531, 4.155, 5.326, 6.49, 9.686, 9.03, 7.005, 6.689, 7.498, 8.591, 9.544, 8.682, 7.977, 8.002, 5.689, 4.384, 6.131, 9.116, 11.142, 10.479, 9.69, 11.26, 12.768, 14.399, 16.211, 15.585, 13.959, 12.285, 11.447, 11.485, 15.56, 17.814, 16.054, 16.195, 16.848, 17.216, 15.475, 13.324, 11.991, 11.507, 12.88, 14.803, 13.695, 10.557, 7.281, 6.17, 7.091, 6.937, 5.887, 5.897, 6.954, 7.219, 6.503, 5.786, 4.703, 3.371, 3.671, 4.859, 4.262, 3.464, 4.247, 5.458, 6.362, 5.053, 3.219, 5.054, 4.956, 4.997, 4.007, 2.527, 2.468, 3.321, 5.276, 6.482, 6.581, 6.706, 7.409, 8.13, 9.962, 10.721, 10.485, 11.026, 10.159, 9.174, 8.114, 6.626], [5.293, 4.682, 3.352, 2.599, 2.428, 3.584, 4.83, 4.528, 3.884, 4.077, 4.194, 4.219, 5.656, 5.614, 4.191, 2.549, 2.497, 3.436, 3.83, 3.182, 2.042, 1.486, 1.592, 0.0, 1.332, 1.896, 1.744, 1.568, 1.903, 2.097, 3.823, 6.394, 6.856, 7.635, 7.952, 6.408, 3.964, 2.633, 3.198, 4.373, 4.688, 2.899, 2.583, 3.834, 4.504, 4.618, 3.718, 3.646, 4.431, 5.688, 6.316, 5.594, 7.38, 7.667, 6.918, 7.24, 9.92, 10.317, 8.516, 7.497, 7.917, 7.976, 8.234, 8.079, 8.206, 8.897, 9.383, 9.059, 7.669, 5.052, 3.707, 2.693, 1.621, 1.626, 2.078, 2.217, 2.352, 3.258, 4.284, 6.428, 8.076, 6.081, 5.318, 6.522, 8.15, 6.391, 6.496, 6.978, 6.888, 5.736, 6.259, 8.116, 9.178, 8.01, 7.639, 7.892, 8.998, 9.967, 10.632, 11.155, 12.301, 15.398, 15.099, 13.646, 12.622, 12.236, 11.958, 11.421, 10.58, 9.525, 11.908, 12.9, 8.469, 7.854, 9.697, 8.902, 6.149, 6.309, 5.915, 5.585, 3.506, 3.455, 4.866, 5.811, 8.418, 7.704, 5.632, 5.376, 6.146, 7.234, 8.188, 7.388, 6.694, 6.769, 4.57, 3.176, 4.768, 7.795, 9.828, 9.165, 8.394, 9.975, 11.571, 13.227, 15.009, 14.273, 12.652, 10.984, 10.091, 10.129, 14.205, 16.484, 14.724, 14.865, 15.518, 15.883, 14.161, 12.01, 10.677, 10.164, 11.508, 13.443, 12.323, 9.227, 5.949, 4.876, 5.785, 5.623, 4.592, 4.581, 5.6, 5.865, 5.19, 5.392, 4.631, 3.312, 3.771, 4.955, 4.374, 3.734, 4.745, 5.952, 6.887, 5.591, 3.396, 5.226, 5.246, 5.399, 4.537, 2.614, 2.245, 2.981, 4.308, 5.163, 5.277, 5.403, 6.102, 6.997, 8.781, 9.528, 9.191, 9.712, 8.839, 7.989, 7.117, 5.778], [5.332, 4.897, 3.451, 2.557, 2.842, 4.137, 5.136, 4.783, 4.44, 4.522, 4.241, 4.504, 6.004, 5.876, 4.118, 2.498, 2.557, 3.502, 3.827, 3.172, 2.403, 1.946, 1.924, 1.332, 0.0, 1.98, 1.95, 1.85, 1.702, 2.103, 3.778, 6.258, 6.712, 7.478, 7.804, 6.231, 4.078, 2.979, 3.499, 4.62, 4.656, 2.972, 2.815, 3.9, 4.572, 4.767, 3.554, 3.592, 4.236, 5.514, 6.183, 5.433, 7.167, 7.442, 6.693, 7.031, 9.774, 10.174, 8.401, 7.325, 7.709, 7.815, 8.055, 7.867, 8.055, 8.711, 9.264, 9.018, 7.554, 5.006, 3.593, 2.686, 1.842, 1.678, 2.049, 2.774, 2.961, 3.66, 4.335, 6.344, 7.955, 5.999, 5.266, 6.454, 8.082, 6.277, 6.479, 6.977, 6.856, 5.674, 6.1, 8.101, 9.122, 7.875, 7.43, 7.638, 8.88, 9.898, 10.587, 11.103, 12.245, 15.278, 14.99, 13.409, 12.411, 12.05, 11.767, 11.263, 10.477, 9.375, 11.736, 12.727, 8.277, 7.682, 9.472, 8.731, 6.007, 6.724, 6.218, 5.842, 3.814, 3.452, 4.72, 5.521, 8.31, 7.56, 5.469, 5.225, 5.987, 7.069, 8.054, 7.289, 6.685, 6.681, 4.372, 3.036, 4.611, 7.642, 9.662, 9.006, 8.294, 9.968, 11.507, 13.185, 14.979, 14.265, 12.626, 10.911, 9.9, 9.951, 14.036, 16.301, 14.499, 14.646, 15.294, 15.732, 13.997, 11.859, 10.532, 10.0, 11.307, 13.255, 12.118, 9.008, 5.754, 4.919, 5.594, 5.473, 4.484, 4.427, 5.421, 5.681, 4.982, 5.208, 4.814, 3.546, 4.154, 5.286, 4.873, 4.297, 5.344, 6.543, 7.412, 6.245, 3.892, 5.691, 5.726, 6.065, 5.114, 3.121, 2.47, 3.015, 4.251, 5.114, 5.162, 5.127, 6.063, 6.891, 8.67, 9.442, 9.138, 9.566, 8.653, 7.73, 6.925, 5.465], [3.943, 3.445, 2.175, 1.691, 2.142, 2.871, 3.761, 3.378, 3.261, 3.394, 2.745, 3.163, 4.676, 4.472, 2.887, 1.703, 1.491, 1.881, 2.331, 1.923, 1.535, 1.492, 1.36, 1.896, 1.98, 0.0, 1.585, 2.027, 1.517, 1.986, 5.393, 7.778, 8.243, 9.031, 9.348, 7.809, 5.467, 4.223, 4.792, 5.931, 6.065, 4.259, 3.945, 5.056, 5.644, 5.823, 4.869, 4.925, 5.782, 7.09, 7.739, 6.997, 8.783, 9.07, 8.336, 8.715, 11.483, 11.884, 10.13, 8.959, 9.351, 9.381, 9.623, 9.459, 9.618, 10.412, 10.957, 10.617, 9.097, 6.619, 5.256, 4.29, 2.551, 2.476, 3.32, 3.551, 3.4, 4.504, 5.863, 7.91, 9.525, 7.571, 6.897, 8.116, 9.697, 7.953, 8.147, 8.635, 8.535, 7.295, 7.753, 9.759, 10.8, 9.459, 9.099, 9.262, 10.584, 11.562, 12.2, 12.764, 13.867, 16.824, 16.535, 15.026, 14.036, 13.703, 13.35, 12.816, 12.014, 10.931, 13.314, 14.306, 9.849, 9.257, 11.077, 10.308, 6.568, 6.625, 6.258, 6.122, 4.081, 4.453, 5.651, 6.743, 9.819, 9.105, 7.033, 6.782, 7.552, 8.637, 9.586, 8.837, 8.327, 8.317, 6.003, 4.662, 6.168, 9.202, 11.234, 10.571, 9.86, 11.605, 13.17, 14.839, 16.642, 15.89, 14.242, 12.456, 11.566, 11.545, 15.611, 17.888, 16.126, 16.267, 16.921, 17.289, 15.567, 13.448, 12.105, 11.625, 12.938, 14.846, 13.703, 10.63, 7.313, 6.242, 7.187, 7.03, 6.021, 5.996, 6.993, 7.24, 6.545, 6.061, 4.969, 3.644, 4.016, 5.119, 4.524, 3.904, 4.713, 5.644, 6.556, 5.147, 3.587, 5.542, 5.406, 5.306, 4.507, 3.086, 3.017, 3.617, 5.518, 6.748, 6.806, 6.729, 7.67, 8.582, 10.385, 11.143, 10.813, 11.126, 10.357, 9.455, 8.621, 6.987], [4.789, 4.19, 2.8, 2.047, 1.581, 3.003, 4.122, 3.681, 2.893, 3.5, 3.625, 3.726, 5.167, 5.087, 3.221, 1.57, 1.582, 2.838, 3.316, 2.496, 1.513, 1.409, 1.553, 1.744, 1.95, 1.585, 0.0, 1.249, 1.404, 1.9, 4.725, 6.8, 7.214, 8.052, 8.294, 6.712, 4.766, 3.692, 4.007, 5.164, 5.262, 3.646, 3.196, 4.281, 4.889, 5.06, 3.932, 4.016, 4.818, 6.126, 6.737, 6.033, 7.793, 8.083, 7.33, 7.854, 10.639, 11.018, 9.232, 7.981, 8.375, 8.528, 8.756, 8.597, 8.768, 9.626, 10.331, 9.738, 8.138, 5.767, 4.536, 3.49, 2.269, 2.451, 2.58, 2.732, 2.492, 3.606, 4.944, 6.983, 8.605, 6.709, 6.282, 7.357, 8.811, 7.095, 7.372, 7.69, 7.517, 6.355, 6.858, 8.769, 9.89, 8.512, 8.382, 8.435, 9.827, 10.838, 11.422, 11.948, 12.927, 15.925, 15.616, 14.158, 13.182, 12.853, 12.492, 11.994, 11.083, 9.985, 12.393, 13.393, 8.99, 8.322, 10.212, 9.412, 5.592, 5.674, 5.296, 4.909, 3.022, 3.538, 4.577, 5.681, 8.833, 8.148, 6.195, 5.82, 6.663, 7.756, 8.768, 7.928, 7.5, 7.582, 5.463, 4.088, 5.311, 8.288, 10.278, 9.609