[[0.0, 2.754, 1.685, 1.924, 2.06, 2.051, 2.139, 2.734, 2.22, 2.747, 3.948, 4.25, 4.837, 7.282, 9.255, 8.121, 6.327, 5.782, 5.339, 4.849, 5.138, 6.035, 5.476, 4.224, 3.526, 6.612, 8.341, 7.12, 6.703, 6.448, 3.744, 1.907, 1.238, 1.926, 2.826, 2.263, 1.776, 1.633, 2.86, 3.78, 5.474, 6.406, 4.81, 3.79, 4.922, 4.976, 5.306, 7.415, 10.314, 11.733, 10.746, 9.78, 10.231, 12.324, 13.735, 13.818, 13.8, 13.496, 12.702, 12.305, 11.813, 11.268, 12.228, 12.311, 12.468, 12.526, 11.822, 11.673, 11.768, 11.064, 9.897, 9.393, 9.142, 7.313, 4.364, 3.637, 2.483, 2.832, 2.761, 2.357, 3.668, 3.235, 2.899, 2.619, 4.648, 7.015, 6.827, 6.232, 6.473, 8.487, 10.9, 10.59, 9.391, 9.65, 11.423, 12.658, 15.151, 14.051, 10.272, 9.633, 9.002, 8.042, 6.565, 4.497, 4.589, 4.708, 6.181, 6.302, 5.433, 5.399, 5.768, 6.414, 6.416, 6.03, 4.745, 4.832, 6.032, 8.998, 8.718, 8.125, 7.42, 6.133, 4.877, 2.75, 3.203, 3.783, 4.6, 4.451, 4.991, 6.771, 5.779, 4.594, 5.014, 5.22, 5.427, 5.533, 5.523, 7.972, 9.27, 9.012, 7.827, 8.252, 11.681, 11.562, 12.421], [2.754, 0.0, 2.737, 3.823, 2.997, 2.821, 3.998, 4.681, 4.372, 5.015, 6.274, 6.59, 7.201, 9.643, 11.638, 10.483, 8.826, 8.165, 7.713, 7.209, 7.488, 8.406, 7.879, 6.542, 5.935, 8.982, 10.718, 9.491, 9.086, 8.878, 6.185, 4.232, 3.402, 2.077, 1.712, 1.793, 2.963, 2.651, 2.244, 2.479, 3.109, 4.135, 3.183, 1.945, 2.952, 3.215, 3.286, 5.068, 7.965, 9.383, 8.358, 7.398, 7.885, 10.472, 11.426, 11.388, 11.376, 11.161, 10.226, 9.727, 9.37, 8.884, 9.815, 9.837, 10.022, 10.041, 9.275, 8.977, 9.375, 8.95, 7.892, 7.449, 7.212, 5.881, 3.594, 4.342, 3.857, 3.491, 2.788, 3.553, 5.618, 5.213, 4.696, 4.616, 6.989, 9.28, 8.934, 8.382, 8.868, 10.871, 13.283, 12.973, 11.775, 12.07, 13.797, 15.041, 17.527, 16.412, 12.636, 12.017, 11.328, 10.348, 8.871, 6.509, 5.375, 6.056, 7.23, 7.267, 6.461, 6.626, 6.192, 6.4, 6.283, 5.598, 4.266, 4.218, 4.324, 6.623, 6.26, 6.137, 5.204, 4.859, 4.589, 3.132, 5.225, 6.096, 6.715, 6.702, 7.327, 9.111, 8.154, 6.966, 7.364, 7.583, 7.735, 7.889, 7.892, 10.347, 11.637, 11.387, 10.22, 10.617, 14.047, 13.874, 14.768], [1.685, 2.737, 0.0, 1.737, 1.6, 1.364, 1.95, 2.499, 2.595, 2.721, 3.865, 4.185, 4.805, 7.23, 9.249, 8.071, 6.327, 5.759, 5.324, 4.82, 5.1, 5.995, 5.439, 4.04, 3.385, 6.568, 8.329, 7.102, 6.698, 6.41, 3.735, 2.095, 2.078, 2.385, 3.057, 2.507, 1.691, 2.121, 2.76, 3.655, 5.332, 6.496, 4.759, 3.719, 4.684, 4.833, 5.237, 7.414, 10.342, 11.763, 10.703, 9.768, 10.071, 12.27, 13.569, 13.579, 13.749, 13.402, 12.64, 12.032, 11.599, 11.103, 12.075, 12.169, 12.331, 12.318, 11.666, 11.459, 11.514, 11.106, 9.9, 9.508, 9.147, 7.178, 3.818, 3.164, 2.126, 1.725, 1.928, 2.057, 3.426, 2.821, 2.459, 2.329, 4.628, 6.864, 6.589, 6.006, 6.42, 8.482, 10.924, 10.666, 9.425, 9.612, 11.386, 12.653, 15.119, 14.007, 10.23, 9.628, 8.936, 7.949, 6.487, 4.183, 3.447, 4.059, 5.232, 5.367, 4.536, 4.705, 4.521, 5.082, 5.31, 5.329, 4.124, 4.296, 5.779, 8.792, 8.493, 8.067, 7.457, 6.103, 4.252, 2.005, 2.92, 3.671, 4.363, 4.3, 4.941, 6.697, 5.76, 4.557, 4.952, 5.219, 5.344, 5.505, 5.481, 7.935, 9.232, 8.975, 7.846, 8.214, 11.638, 11.491, 12.357], [1.924, 3.823, 1.737, 0.0, 1.995, 1.898, 1.948, 2.341, 2.442, 2.146, 2.799, 2.979, 3.55, 5.973, 7.92, 6.824, 5.116, 4.447, 3.999, 3.52, 3.838, 4.717, 4.158, 2.916, 2.401, 5.302, 7.047, 5.848, 5.368, 5.171, 2.502, 1.465, 2.001, 3.244, 4.185, 3.614, 2.164, 2.402, 3.924, 4.961, 6.601, 7.655, 5.942, 4.877, 5.861, 5.897, 6.419, 8.651, 11.593, 13.017, 12.001, 11.085, 11.452, 13.342, 14.931, 14.987, 14.983, 14.682, 13.773, 13.326, 12.997, 12.502, 13.446, 13.466, 13.657, 13.637, 12.75, 12.477, 12.73, 11.914, 10.777, 10.211, 9.808, 7.937, 4.6, 3.441, 2.521, 2.501, 2.87, 2.593, 2.758, 2.129, 1.738, 1.466, 3.432, 5.596, 5.402, 4.831, 5.144, 7.152, 9.564, 9.277, 8.066, 8.359, 10.105, 11.322, 13.833, 12.733, 8.954, 8.344, 7.685, 6.711, 5.251, 3.217, 3.53, 3.439, 4.459, 4.685, 3.811, 3.763, 4.275, 5.006, 5.995, 6.083, 4.952, 5.129, 7.075, 10.17, 9.857, 9.287, 8.585, 6.985, 5.298, 2.709, 2.357, 2.636, 3.069, 2.989, 3.633, 5.426, 4.495, 3.357, 3.672, 4.112, 4.183, 4.252, 4.21, 6.654, 7.952, 7.694, 6.538, 6.934, 10.353, 10.178, 11.074], [2.06, 2.997, 1.6, 1.995, 0.0, 1.134, 2.194, 2.353, 2.296, 2.559, 3.57, 4.009, 4.708, 6.985, 9.044, 7.85, 6.366, 5.648, 5.146, 4.662, 4.925, 5.692, 5.229, 4.104, 3.676, 6.228, 8.247, 7.093, 6.444, 6.284, 3.86, 2.638, 2.055, 2.704, 3.525, 2.977, 1.784, 2.075, 2.811, 3.999, 5.563, 6.729, 4.927, 3.87, 4.679, 4.712, 5.47, 7.707, 10.634, 12.062, 10.97, 10.099, 10.208, 12.225, 13.688, 13.743, 13.962, 13.646, 12.746, 12.077, 11.696, 11.255, 12.278, 12.371, 12.543, 12.547, 11.647, 11.12, 11.514, 10.895, 9.832, 9.235, 8.548, 6.619, 3.697, 3.14, 2.721, 2.426, 2.407, 2.751, 4.518, 3.855, 3.321, 3.214, 4.994, 6.843, 6.501, 5.921, 6.594, 8.455, 10.804, 10.58, 9.336, 9.425, 11.092, 12.428, 14.815, 13.682, 9.911, 9.406, 8.689, 7.693, 6.251, 4.004, 3.211, 3.408, 4.673, 4.793, 4.009, 4.173, 4.077, 4.736, 5.079, 5.024, 3.858, 3.846, 5.837, 8.995, 8.693, 8.305, 7.545, 5.925, 4.4, 1.879, 3.942, 4.233, 4.381, 4.361, 4.94, 6.425, 5.492, 4.245, 4.629, 4.844, 5.083, 5.229, 5.18, 7.631, 8.887, 8.698, 7.629, 7.884, 11.334, 11.253, 12.063], [2.051, 2.821, 1.364, 1.898, 1.134, 0.0, 1.782, 2.22, 2.296, 2.505, 3.7, 4.096, 4.733, 7.092, 9.058, 7.888, 6.586, 5.74, 5.14, 4.697, 5.041, 5.964, 5.579, 4.276, 3.697, 6.448, 8.344, 7.281, 6.498, 6.345, 3.799, 2.563, 2.044, 2.561, 3.362, 2.806, 1.446, 1.688, 2.579, 3.737, 5.347, 6.495, 4.735, 3.669, 4.444, 4.5, 5.215, 7.497, 10.442, 11.871, 10.818, 10.01, 10.171, 12.17, 13.57, 13.596, 13.817, 13.504, 12.619, 11.934, 11.588, 11.175, 12.216, 12.32, 12.431, 12.365, 11.509, 11.048, 11.313, 10.905, 9.808, 9.265, 8.632, 6.658, 3.591, 3.197, 2.402, 2.022, 2.112, 2.496, 4.158, 3.549, 3.001, 2.869, 4.946, 7.025, 6.648, 5.897, 6.501, 8.585, 10.907, 10.653, 9.39, 9.512, 11.245, 12.442, 14.922, 13.87, 10.104, 9.525, 8.796, 7.804, 6.33, 3.943, 3.076, 3.525, 4.871, 4.927, 4.184, 4.381, 4.092, 4.828, 5.003, 4.968, 3.825, 3.826, 5.619, 8.819, 8.516, 8.156, 7.464, 5.974, 4.092, 1.679, 3.581, 4.191, 4.234, 4.161, 4.909, 6.496, 5.655, 4.394, 4.786, 5.006, 5.197, 5.392, 5.241, 7.768, 9.043, 8.737, 7.747, 8.012, 11.402, 11.258, 12.127], [2.139, 3.998, 1.95, 1.948, 2.194, 1.782, 0.0, 1.337, 1.736, 1.57, 2.4, 2.775, 3.412, 5.87, 7.844, 6.722, 5.475, 4.611, 3.964, 3.624, 3.927, 4.739, 4.416, 3.319, 3.055, 5.279, 7.25, 6.2, 5.34, 5.101, 2.782, 2.622, 2.144, 3.178, 4.272, 3.649, 1.754, 2.283, 3.961, 5.146, 6.777, 7.924, 6.054, 5.046, 5.853, 5.915, 6.645, 8.927, 11.872, 13.292, 12.25, 11.33, 11.572, 13.443, 14.957, 15.034, 15.214, 14.858, 14.028, 13.38, 13.01, 12.603, 13.612, 13.704, 13.852, 13.836, 12.93, 12.468, 12.693, 12.147, 11.086, 10.424, 9.78, 7.583, 3.976, 3.41, 2.056, 2.352, 3.233, 3.321, 3.744, 3.006, 2.959, 2.648, 3.909, 5.994, 5.679, 4.906, 5.5, 7.422, 9.776, 9.52, 8.256, 8.198, 9.958, 11.208, 13.585, 12.485, 8.772, 8.157, 7.519, 6.552, 5.079, 2.918, 2.898, 3.282, 4.617, 4.737, 3.946, 4.04, 4.13, 4.911, 4.902, 4.888, 4.258, 4.664, 7.064, 10.215, 9.953, 9.504, 8.87, 7.147, 4.819, 2.76, 3.575, 3.923, 3.449, 3.19, 3.883, 5.311, 4.251, 3.054, 3.536, 3.926, 4.132, 4.019, 4.037, 6.47, 7.803, 7.556, 6.342, 6.733, 10.12, 10.144, 10.826], [2.734, 4.681, 2.499, 2.341, 2.353, 2.22, 1.337, 0.0, 1.433, 1.434, 1.942, 2.238, 3.174, 5.535, 7.616, 6.423, 5.347, 4.425, 3.727, 3.448, 3.743, 4.315, 4.091, 3.08, 2.761, 4.794, 7.08, 6.066, 5.089, 4.886, 2.676, 2.857, 2.402, 3.737, 4.933, 4.268, 2.057, 2.711, 4.623, 5.819, 7.439, 8.586, 6.694, 5.708, 6.5, 6.568, 7.307, 9.589, 12.534, 13.962, 12.843, 11.985, 12.041, 13.95, 15.519, 15.596, 15.811, 15.461, 14.606, 13.942, 13.493, 13.108, 14.136, 14.227, 14.42, 14.409, 13.526, 12.975, 13.286, 12.712, 11.66, 10.92, 10.155, 7.892, 4.283, 3.646, 2.717, 3.014, 3.832, 3.753, 4.1, 3.521, 3.446, 3.001, 4.033, 5.686, 5.343, 4.587, 5.589, 7.245, 9.525, 9.256, 8.066, 7.999, 9.468, 10.903, 13.04, 11.81, 8.234, 7.771, 7.037, 6.061, 4.702, 2.972, 3.061, 2.979, 4.394, 4.681, 3.856, 3.881, 4.094, 5.065, 5.076, 4.927, 4.329, 4.737, 7.649, 10.84, 10.546, 10.122, 9.451, 7.659, 5.165, 3.185, 3.605, 3.802, 3.37, 3.217, 3.891, 4.904, 3.894, 2.555, 2.902, 3.011, 3.43, 3.468, 3.54, 5.949, 7.199, 7.137, 6.162, 6.13, 9.643, 9.817, 10.336], [2.22, 4.372, 2.595, 2.442, 2.296, 2.296, 1.736, 1.433, 0.0, 1.591, 2.267, 2.602, 3.452, 5.869, 7.933, 6.876, 5.775, 4.938, 4.112, 3.736, 4.136, 4.613, 4.498, 3.594, 2.971, 5.165, 7.426, 6.41, 5.376, 5.371, 3.06, 2.744, 1.937, 3.379, 4.692, 3.904, 1.888, 2.515, 4.43, 5.617, 7.242, 8.39, 6.559, 5.512, 6.344, 6.377, 7.111, 9.393, 12.323, 13.746, 12.65, 11.734, 11.844, 13.767, 15.302, 15.378, 15.58, 15.259, 14.386, 13.734, 13.296, 12.903, 13.93, 14.017, 14.221, 14.195, 13.304, 12.714, 13.078, 12.477, 11.455, 10.755, 9.924, 7.904, 4.786, 4.484, 3.377, 3.651, 3.88, 3.801, 4.257, 4.062, 3.982, 3.314, 4.457, 6.234, 5.802, 4.982, 6.011, 7.61, 9.856, 9.573, 8.495, 8.577, 9.788, 11.235, 13.413, 12.171, 8.487, 8.13, 7.443, 6.5, 5.086, 3.591, 3.662, 3.656, 5.074, 5.388, 4.482, 4.373, 4.905, 5.793, 5.575, 5.379, 4.692, 4.851, 7.479, 10.618, 10.35, 9.91, 9.205, 7.488, 5.617, 3.225, 3.591, 3.845, 3.744, 3.541, 4.192, 5.309, 4.225, 3.055, 3.298, 3.413, 3.839, 3.755, 3.944, 6.372, 7.568, 7.457, 6.458, 6.491, 9.997, 10.17, 10.826], [2.747, 5.015, 2.721, 2.146, 2.559, 2.505, 1.57, 1.434, 1.591, 0.0, 1.676, 2.211, 3.126, 5.03, 6.898, 5.982, 4.873, 4.158, 3.394, 2.844, 3.22, 4.106, 3.716, 2.918, 2.639, 4.549, 6.411, 5.383, 4.421, 4.548, 2.484, 2.472, 2.167, 3.777, 5.158, 4.341, 2.392, 2.999, 4.984, 6.112, 7.733, 8.885, 6.999, 5.999, 6.85, 6.892, 7.598, 9.88, 12.825, 14.253, 13.258, 12.373, 12.596, 14.275, 15.989, 16.071, 16.187, 15.823, 14.974, 14.404, 14.049, 13.647, 14.631, 14.708, 14.877, 14.844, 13.906, 13.345, 13.641, 12.968, 11.998, 11.168, 10.235, 8.123, 4.885, 3.924, 3.219, 3.271, 4.044, 3.853, 3.687, 3.41, 3.363, 2.832, 3.768, 5.689, 5.193, 4.533, 5.224, 6.633, 8.768, 8.521, 7.478, 7.532, 9.006, 10.186, 12.578, 11.487, 7.811, 7.233, 6.613, 5.646, 4.327, 2.629, 3.092, 3.18, 4.493, 4.647, 3.88, 4.009, 4.192, 5.068, 5.409, 5.48, 4.812, 5.113, 8.081, 11.203, 10.957, 10.468, 9.771, 7.95, 5.903, 3.548, 3.285, 3.353, 3.058, 2.949, 3.41, 4.483, 3.437, 2.282, 2.739, 2.875, 3.176, 3.169, 3.125, 5.609, 6.884, 6.588, 5.586, 5.963, 9.152, 9.364, 9.973], [3.948, 6.274, 3.865, 2.799, 3.57, 3.7, 2.4, 1.942, 2.267, 1.676, 0.0, 1.281, 2.183, 4.069, 5.826, 5.044, 3.998, 3.262, 2.484, 2.348, 2.521, 2.972, 2.77, 2.04, 2.351, 3.539, 5.579, 4.574, 3.403, 3.879, 2.16, 3.093, 3.363, 5.154, 6.468, 5.687, 3.468, 4.176, 6.225, 7.42, 9.04, 10.188, 8.306, 7.31, 8.102, 8.17, 8.908, 11.191, 14.135, 15.564, 14.479, 13.608, 13.707, 15.52, 17.138, 17.217, 17.433, 17.087, 16.226, 15.563, 15.107, 14.713, 15.815, 15.923, 16.044, 16.041, 15.151, 14.485, 14.919, 14.245, 13.265, 12.455, 11.539, 9.401, 5.458, 4.442, 3.678, 3.872, 5.259, 5.1, 3.84, 3.489, 3.399, 3.018, 2.988, 4.582, 4.063, 3.456, 4.588, 5.91, 7.823, 7.526, 6.724, 6.697, 7.739, 9.078, 11.279, 10.177, 6.623, 5.994, 5.303, 4.344, 3.023, 2.163, 2.948, 2.914, 3.71, 3.967, 3.299, 3.312, 3.768, 4.754, 5.375, 5.514, 5.485, 6.045, 9.265, 12.454, 12.172, 11.728, 11.048, 9.178, 6.696, 4.716, 3.396, 3.335, 2.757, 2.513, 2.92, 3.351, 2.328, 1.581, 1.805, 2.072, 2.179, 1.871, 1.877, 4.48, 5.748, 5.389, 4.712, 4.62, 7.814, 8.083, 8.654], [4.25, 6.59, 4.185, 2.979, 4.009, 4.096, 2.775, 2.238, 2.602, 2.211, 1.281, 0.0, 1.349, 3.548, 5.595, 4.472, 3.368, 2.536, 1.888, 1.864, 1.844, 2.349, 2.179, 1.532, 1.883, 2.848, 5.038, 4.034, 3.057, 3.185, 1.679, 3.155, 3.716, 5.494, 6.868, 6.08, 3.86, 4.579, 6.614, 7.801, 9.429, 10.577, 8.705, 7.699, 8.49, 8.559, 9.297, 11.58, 14.519, 15.944, 14.818, 13.906, 14.008, 15.92, 17.541, 17.598, 17.787, 17.443, 16.574, 15.927, 15.505, 15.101, 16.114, 16.191, 16.402, 16.369, 15.497, 14.915, 15.31, 14.658, 13.614, 12.859, 12.04, 9.767, 5.893, 4.767, 3.936, 4.179, 5.622, 5.466, 3.575, 3.259, 3.4, 2.809, 2.256, 3.917, 3.552, 2.891, 3.857, 5.232, 7.525, 7.257, 6.087, 6.099, 7.541, 8.919, 11.217, 9.955, 6.208, 5.894, 5.19, 4.225, 2.998, 2.749, 3.599, 3.443, 3.987, 4.399, 3.658, 3.368, 4.214, 5.198, 6.191, 6.259, 5.929, 6.597, 9.631, 12.831, 12.521, 12.068, 11.412, 9.582, 7.108, 5.048, 3.032, 2.932, 2.151, 1.942, 2.261, 2.96, 2.001, 1.172, 1.884, 2.163, 2.225, 1.704, 1.79, 4.091, 5.312, 5.207, 4.162, 4.333, 7.738, 7.901, 8.54], [4.837, 7.201, 4.805, 3.55, 4.708, 4.733, 3.412, 3.174, 3.452, 3.126, 2.183, 1.349, 0.0, 2.865, 4.961, 3.73, 2.633, 2.012, 1.413, 1.82, 1.551, 1.832, 1.878, 2.01, 2.003, 2.116, 4.283, 3.254, 2.511, 2.756, 1.574, 3.782, 4.377, 6.125, 7.489, 6.717, 4.524, 5.175, 7.225, 8.396, 10.034, 11.189, 9.311, 8.309, 9.098, 9.171, 9.909, 12.184, 15.114, 16.537, 15.443, 14.53, 14.689, 16.564, 18.123, 18.21, 18.402, 18.062, 17.192, 16.553, 16.144, 15.735, 16.751, 16.829, 17.028, 17.029, 16.137, 15.547, 15.89, 15.326, 14.255, 13.53, 12.759, 10.548, 6.661, 5.502, 4.498, 4.76, 6.225, 6.061, 3.889, 3.345, 3.83, 3.143, 1.705, 3.2, 2.793, 2.01, 2.86, 4.468, 6.812, 6.569, 5.33, 5.359, 6.875, 8.294, 10.58, 9.382, 5.645, 5.216, 4.544, 3.641, 2.931, 3.528, 4.419, 4.553, 4.44, 4.826, 4.394, 4.02, 4.734, 5.912, 7.064, 7.286, 6.818, 7.414, 10.242, 13.415, 13.145, 12.702, 12.051, 10.265, 7.753, 5.711, 3.41, 2.535, 1.715, 1.582, 1.597, 2.345, 1.445, 1.595, 2.563, 2.818, 2.592, 1.949, 2.009, 3.429, 4.683, 4.513, 3.406, 3.871, 7.113, 7.361, 7.973], [7.282, 9.643, 7.23, 5.973, 6.985, 7.092, 5.87, 5.535, 5.869, 5.03, 4.069, 3.548, 2.865, 0.0, 2.162, 1.49, 1.688, 1.919, 2.194, 2.8, 2.468, 2.243, 2.75, 3.434, 4.146, 1.474, 1.913, 1.178, 1.335, 1.809, 3.654, 6.199, 6.729, 8.523, 9.911, 9.075, 6.989, 7.609, 9.619, 10.772, 12.397, 13.57, 11.748, 10.674, 11.453, 11.535, 12.296, 14.548, 17.484, 18.913, 17.845, 16.989, 17.1, 18.856, 20.528, 20.589, 20.804, 20.459, 19.597, 18.951, 18.567, 18.161, 19.164, 19.273, 19.432, 19.396, 18.518, 17.89, 18.281, 17.589, 16.625, 15.807, 14.847, 12.658, 8.775, 6.747, 6.297, 7.11, 8.62, 8.453, 6.211, 5.54, 6.113, 5.486, 2.775, 1.944, 1.662, 1.681, 1.678, 2.242, 4.135, 3.871, 2.834, 2.852, 4.27, 5.535, 7.919, 6.828, 3.057, 2.676, 2.665, 2.109, 3.392, 4.539, 5.678, 5.937, 5.214, 5.56, 5.469, 5.432, 5.765, 6.984, 8.113, 8.582, 8.378, 9.32, 12.628, 15.819, 15.548, 15.094, 14.401, 12.536, 9.998, 7.945, 5.765, 4.275, 3.205, 3.172, 2.6, 1.527, 2.139, 3.119, 3.875, 4.141, 3.268, 3.147, 2.973, 1.691, 2.423, 2.658, 2.341, 2.762, 4.563, 4.866, 5.473], [9.255, 11.638, 9.249, 7.92, 9.044, 9.058, 7.844, 7.616, 7.933, 6.898, 5.826, 5.595, 4.961, 2.162, 0.0, 1.496, 3.008, 3.632, 4.047, 4.469, 4.197, 3.682, 4.142, 5.358, 6.224, 3.185, 1.558, 2.248, 2.723, 3.278, 5.656, 7.992, 8.536, 10.308, 11.705, 10.882, 8.901, 9.546, 11.492, 12.587, 14.244, 15.36, 13.541, 12.483, 13.288, 13.419, 14.086, 16.355, 19.315, 20.728, 19.79, 18.994, 19.169, 20.725, 22.492, 22.586, 22.75, 22.427, 21.453, 20.9, 20.495, 20.15, 21.213, 21.324, 21.404, 21.356, 20.424, 19.825, 20.147, 19.429, 18.544, 17.646, 16.666, 14.653, 10.689, 8.249, 8.246, 9.024, 10.612, 10.342, 8.046, 7.476, 8.027, 7.457, 4.713, 2.724, 3.011, 3.582, 3.002, 1.941, 2.261, 2.02, 1.677, 1.628, 2.567, 3.498, 6.055, 5.012, 1.583, 2.103, 2.751, 2.554, 3.786, 5.817, 7.057, 7.261, 5.947, 6.095, 6.596, 6.971, 6.724, 7.701, 8.977, 9.669, 10.237, 11.303, 14.589, 17.692, 17.465, 16.97, 16.309, 14.451, 12.038, 9.982, 7.655, 6.094, 5.041, 5.014, 4.393, 2.757, 3.901, 5.1, 5.349, 5.768, 4.675, 4.675, 4.405, 2.515, 1.873, 2.268, 2.441, 2.475, 3.239, 3.334, 3.772], [8.121, 10.483, 8.071, 6.824, 7.85, 7.888, 6.722, 6.423, 6.876, 5.982, 5.044, 4.472, 3.73, 1.49, 1.496, 0.0, 1.875, 2.502, 3.051, 3.51, 3.099, 2.587, 3.157, 4.142, 4.952, 2.259, 1.218, 1.436, 2.057, 2.046, 4.482, 6.996, 7.519, 9.312, 10.708, 9.874, 7.797, 8.413, 10.402, 11.554, 13.179, 14.352, 12.545, 11.456, 12.233, 12.316, 13.078, 15.33, 18.267, 19.695, 18.63, 17.827, 17.96, 19.646, 21.301, 21.376, 21.615, 21.292, 20.388, 19.723, 19.314, 18.925, 20.031, 20.14, 20.222, 20.184, 19.297, 18.711, 19.074, 18.382, 17.421, 16.612, 15.712, 13.524, 9.527, 7.22, 7.113, 7.901, 9.45, 9.236, 7.002, 6.358, 6.919, 6.288, 3.572, 1.673, 1.882, 2.435, 2.57, 2.37, 3.297, 3.17, 2.322, 2.085, 3.446, 4.74, 7.093, 6.045, 2.407, 2.132, 2.31, 1.84, 3.111, 5.28, 6.351, 6.42, 5.253, 5.449, 5.713, 6.023, 5.933, 6.971, 8.289, 8.987, 9.041, 10.184, 13.406, 16.606, 16.326, 15.88, 15.191, 13.315, 10.784, 8.808, 6.536, 5.073, 4.001, 3.986, 3.378, 1.896, 3.039, 3.982, 4.629, 5.08, 3.973, 4.019, 3.689, 2.063, 1.79, 1.866, 1.512, 2.078, 3.771, 3.96, 4.615], [6.327, 8.826, 6.327, 5.116, 6.366, 6.586, 5.475, 5.347, 5.775, 4.873, 3.998, 3.368, 2.633, 1.688, 3.008, 1.875, 0.0, 1.311, 1.883, 2.352, 1.867, 1.531, 1.838, 2.518, 3.376, 1.817, 2.142, 1.466, 1.472, 1.429, 2.943, 5.167, 5.747, 7.486, 8.879, 8.044, 6.393, 6.888, 8.59, 9.77, 11.398, 12.54, 10.715, 9.657, 10.627, 10.604, 11.268, 13.538, 16.483, 17.911, 16.849, 16.056, 16.217, 17.956, 19.556, 19.667, 19.897, 19.594, 18.657, 18.05, 17.579, 17.183, 18.274, 18.394, 18.455, 18.478, 17.581, 17.204, 17.468, 16.733, 15.659, 14.99, 14.368, 12.252, 8.074, 5.553, 5.326, 6.156, 7.674, 7.452, 5.217, 4.578, 5.129, 4.556, 1.929, 1.392, 1.313, 1.802, 2.242, 2.981, 4.748, 4.532, 3.378, 3.538, 5.198, 6.394, 8.873, 7.829, 4.069, 3.473, 2.883, 2.099, 2.728, 4.3, 5.414, 5.576, 4.684, 4.948, 4.963, 5.096, 5.207, 6.248, 7.607, 8.263, 7.897, 8.951, 11.767, 14.899, 14.619, 14.14, 13.417, 11.585, 9.304, 7.331, 4.761, 3.363, 2.729, 2.725, 2.099, 1.543, 2.102, 2.963, 3.638, 4.1, 3.322, 3.113, 2.861, 2.138, 3.01, 2.728, 1.962, 2.659, 5.401, 5.496, 6.287], [5.782, 8.165, 5.759, 4.447, 5.648, 5.74, 4.611, 4.425, 4.938, 4.158, 3.262, 2.536, 2.012, 1.919, 3.632, 2.502, 1.311, 0.0, 1.142, 1.786, 1.579, 1.612, 1.814, 2.348, 2.789, 1.516, 2.801, 1.842, 1.448, 1.819, 2.237, 4.545, 5.128, 6.886, 8.258, 7.476, 5.486, 6.084, 8.006, 9.204, 10.822, 11.969, 10.08, 9.091, 9.917, 9.96, 10.69, 12.972, 15.917, 17.345, 16.297, 15.5, 15.65, 17.36, 18.978, 19.082, 19.305, 19.003, 18.054, 17.405, 17.03, 16.643, 17.724, 17.83, 17.892, 17.87, 16.954, 16.402, 16.798, 16.092, 15.082, 14.28, 13.597, 11.44, 7.316, 5.526, 4.996, 5.57, 7.114, 6.891, 4.663, 4.021, 4.58, 3.967, 1.446, 1.669, 1.6, 1.552, 2.021, 3.132, 5.333, 5.099, 3.84, 4.097, 5.764, 6.924, 9.439, 8.395, 4.671, 4.1, 3.432, 2.643, 3.185, 3.909, 4.93, 5.092, 4.923, 5.189, 4.967, 4.822, 5.165, 6.301, 7.587, 7.944, 7.354, 8.229, 11.124, 14.306, 14.007, 13.56, 12.863, 11.011, 8.599, 6.614, 4.224, 2.902, 1.948, 1.965, 1.715, 1.96, 1.843, 2.337, 3.067, 3.597, 2.824, 2.717, 2.534, 2.303, 3.574, 3.364, 2.77, 3.299, 5.919, 5.901, 6.669], [5.339, 7.713, 5.324, 3.999, 5.146, 5.14, 3.964, 3.727, 4.112, 3.394, 2.484, 1.888, 1.413, 2.194, 4.047, 3.051, 1.883, 1.142, 0.0, 1.136, 1.102, 1.393, 1.658, 2.056, 2.411, 1.767, 3.463, 2.422, 1.49, 2.271, 1.725, 4.111, 4.703, 6.472, 7.822, 7.048, 4.919, 5.545, 7.549, 8.737, 10.354, 11.502, 9.627, 8.624, 9.415, 9.515, 10.222, 12.504, 15.449, 16.878, 15.861, 15.064, 15.212, 16.847, 18.527, 18.647, 18.841, 18.529, 17.584, 16.948, 16.551, 16.197, 17.289, 17.395, 17.45, 17.428, 16.497, 15.914, 16.292, 15.578, 14.634, 13.784, 12.909, 10.752, 6.766, 5.177, 4.58, 5.112, 6.679, 6.444, 4.241, 3.602, 4.157, 3.532, 1.391, 2.457, 2.065, 1.766, 2.595, 3.834, 5.91, 5.633, 4.526, 4.731, 6.236, 7.383, 9.906, 8.863, 5.136, 4.525, 3.827, 2.849, 2.616, 3.169, 4.123, 4.417, 4.271, 4.498, 4.272, 4.169, 4.496, 5.699, 6.868, 7.284, 6.778, 7.529, 10.663, 13.815, 13.538, 13.075, 12.406, 10.538, 8.106, 6.084, 3.834, 2.533, 1.347, 1.322, 1.255, 1.656, 1.317, 1.643, 2.39, 2.862, 2.413, 2.125, 1.886, 2.899, 4.1, 3.715, 3.009, 3.268, 6.39, 6.312, 7.144], [4.849, 7.209, 4.82, 3.52, 4.662, 4.697, 3.624, 3.448, 3.736, 2.844, 2.348, 1.864, 1.82, 2.8, 4.469, 3.51, 2.352, 1.786, 1.136, 0.0, 0.997, 1.728, 1.6, 1.962, 2.161, 2.406, 3.887, 2.883, 2.149, 2.588, 1.654, 3.677, 4.161, 5.976, 7.347, 6.55, 4.553, 5.16, 7.113, 8.198, 9.83, 11.002, 9.184, 8.106, 8.928, 9.025, 9.729, 11.981, 14.91, 16.339, 15.366, 14.567, 14.762, 16.346, 18.103, 18.184, 18.328, 18.004, 17.059, 16.493, 16.134, 15.759, 16.802, 16.898, 16.997, 16.933, 15.998, 15.453, 15.766, 15.044, 14.115, 13.244, 12.329, 10.282, 6.336, 4.692, 4.389, 4.707, 6.183, 5.904, 3.732, 3.208, 3.673, 3.028, 1.791, 3.176, 2.687, 2.658, 3.452, 4.491, 6.339, 6.094, 5.025, 5.276, 6.77, 7.891, 10.445, 9.401, 5.638, 5.011, 4.343, 3.382, 2.431, 2.698, 3.601, 3.769, 3.987, 4.142, 3.795, 3.695, 4.078, 5.232, 6.372, 6.603, 6.026, 7.008, 10.181, 13.288, 13.04, 12.548, 11.876, 10.04, 7.683, 5.594, 3.438, 2.543, 1.548, 1.438, 1.76, 2.262, 1.616, 1.397, 1.836, 2.443, 2.237, 1.838, 1.796, 3.388, 4.621, 4.247, 3.434, 3.692, 6.971, 6.933, 7.759], [5.138, 7.488, 5.1, 3.838, 4.925, 5.041, 3.927, 3.743, 4.136, 3.22, 2.521, 1.844, 1.551, 2.468, 4.197, 3.099, 1.867, 1.579, 1.102, 0.997, 0.0, 1.493, 1.29, 1.636, 2.164, 1.946, 3.498, 2.532, 1.939, 2.077, 1.822, 4.005, 4.522, 6.321, 7.718, 6.872, 4.885, 5.471, 7.421, 8.55, 10.191, 11.364, 9.554, 8.467, 9.247, 9.359, 10.09, 12.342, 15.269, 16.697, 15.639, 14.841, 15.001, 16.666, 18.344, 18.425, 18.634, 18.323, 17.386, 16.744, 16.394, 15.98, 17.064, 17.171, 17.23, 17.215, 16.3, 15.703, 16.134, 15.389, 14.421, 13.617, 12.712, 10.558, 6.555, 4.672, 4.261, 4.9, 6.462, 6.232, 4.054, 3.484, 3.925, 3.315, 1.423, 2.78, 2.329, 2.296, 3.058, 4.044, 6.004, 5.771, 4.557, 4.88, 6.424, 7.589, 10.094, 9.043, 5.29, 4.7, 4.033, 3.07, 2.295, 2.917, 3.989, 4.235, 4.006, 4.208, 3.907, 3.761, 4.137, 5.276, 6.502, 6.926, 6.47, 7.354, 10.446, 13.642, 13.344, 12.886, 12.193, 10.321, 7.919, 5.879, 3.593, 2.731, 1.722, 1.63, 1.551, 2.002, 1.586, 1.408, 2.265, 2.666, 2.355, 1.935, 1.74, 2.975, 4.227, 3.906, 3.031, 3.571, 6.674, 6.725, 7.531], [6.035, 8.406, 5.995, 4.717, 5.692, 5.964, 4.739, 4.315, 4.613, 4.106, 2.972, 2.349, 1.832, 2.243, 3.682, 2.587, 1.531, 1.612, 1.393, 1.728, 1.493, 0.0, 1.106, 2.235, 2.888, 1.777, 2.959, 2.371, 1.86, 1.868, 2.383, 4.952, 5.475, 7.256, 8.652, 7.828, 5.664, 6.369, 8.399, 9.588, 11.214, 12.362, 10.482, 9.484, 10.291, 10.344, 11.082, 13.365, 16.306, 17.734, 16.631, 15.733, 15.812, 17.662, 19.3, 19.379, 19.588, 19.273, 18.382, 17.715, 17.254, 16.874, 17.926, 18.019, 18.189, 18.181, 17.29, 16.679, 17.112, 16.393, 15.407, 14.618, 13.731, 11.514, 7.565, 5.291, 5.05, 5.905, 7.421, 7.253, 5.059, 4.38, 4.921, 4.303, 1.948, 2.297, 1.843, 2.278, 3.219, 3.889, 5.459, 5.221, 4.251, 4.248, 5.555, 7.007, 9.254, 8.048, 4.413, 3.938, 3.25, 2.301, 2.056, 3.478, 4.428, 4.279, 3.512, 3.938, 3.726, 3.791, 4.178, 5.272, 6.532, 6.993, 6.964, 8.07, 11.448, 14.647, 14.354, 13.891, 13.19, 11.304, 8.806, 6.817, 4.599, 3.387, 2.337, 2.319, 1.997, 1.598, 1.397, 2.056, 2.425, 2.998, 2.394, 2.017, 1.964, 2.356, 3.309, 3.24, 2.328, 2.439, 5.805, 5.951, 6.691], [5.476, 7.879, 5.439, 4.158, 5.229, 5.579, 4.416, 4.091, 4.498, 3.716, 2.77, 2.179, 1.878, 2.75, 4.142, 3.157, 1.838, 1.814, 1.658, 1.6, 1.29, 1.106, 0.0, 1.707, 2.591, 2.317, 3.293, 2.692, 2.169, 2.076, 2.094, 4.362, 4.942, 6.669, 8.083, 7.248, 5.211, 5.928, 7.797, 8.992, 10.613, 11.76, 9.883, 8.882, 9.767, 9.772, 10.481, 12.763, 15.708, 17.136, 16.04, 15.176, 15.252, 17.131, 18.773, 18.826, 19.037, 18.712, 17.822, 17.183, 16.77, 16.298, 17.344, 17.449, 17.62, 17.612, 16.745, 16.171, 16.609, 15.85, 14.828, 14.071, 13.29, 11.129, 7.076, 4.763, 4.559, 5.339, 6.821, 6.657, 4.432, 3.798, 4.329, 3.711, 1.806, 2.83, 2.479, 2.805, 3.482, 4.279, 5.727, 5.497, 4.702, 4.638, 6.069, 7.399, 9.765, 8.604, 4.897, 4.419, 3.724, 2.762, 2.058, 3.015, 4.06, 3.861, 3.492, 3.888, 3.576, 3.465, 3.897, 4.916, 6.151, 6.575, 6.654, 7.734, 10.894, 14.097, 13.785, 13.314, 12.611, 10.735, 8.352, 6.309, 4.004, 3.175, 2.329, 2.282, 2.206, 2.001, 1.47, 1.776, 2.202, 2.766, 2.332, 1.869, 1.664, 2.705, 3.906, 3.654, 2.736, 2.941, 6.304, 6.416, 7.13], [4.224, 6.542, 4.04, 2.916, 4.104, 4.276, 3.319, 3.08, 3.594, 2.918, 2.04, 1.532, 2.01, 3.434, 5.358, 4.142, 2.518, 2.348, 2.056, 1.962, 1.636, 2.235, 1.707, 0.0, 1.925, 2.973, 4.503, 3.366, 3.06, 2.756, 2.04, 3.139, 3.787, 5.513, 6.843, 6.117, 4.211, 4.681, 6.407, 7.507, 9.142, 10.332, 8.564, 7.419, 8.333, 8.318, 9.052, 11.277, 14.209, 15.638, 14.555, 13.748, 13.833, 15.651, 17.266, 17.34, 17.597, 17.278, 16.377, 15.721, 15.266, 14.821, 15.923, 16.047, 16.122, 16.142, 15.288, 14.846, 15.156, 14.435, 13.369, 12.697, 12.09, 9.892, 5.748, 3.654, 3.13, 3.847, 5.376, 5.179, 3.222, 2.842, 3.054, 2.513, 2.018, 3.229, 2.779, 2.913, 3.629, 4.859, 7.156, 6.926, 5.674, 5.796, 7.499, 8.775, 11.183, 10.103, 6.335, 5.755, 5.01, 4.033, 2.784, 2.464, 3.504, 3.625, 3.632, 3.856, 3.174, 3.144, 3.618, 4.566, 5.812, 6.289, 5.769, 6.586, 9.421, 12.598, 12.302, 11.837, 11.145, 9.297, 6.904, 4.927, 2.963, 2.705, 2.278, 2.232, 2.37, 2.772, 2.221, 1.673, 2.461, 2.89, 2.73, 2.087, 2.02, 4.125, 5.276, 5.045, 4.048, 4.347, 7.669, 7.651, 8.441], [3.526, 5.935, 3.385, 2.401, 3.676, 3.697, 3.055, 2.761, 2.971, 2.639, 2.351, 1.883, 2.003, 4.146, 6.224, 4.952, 3.376, 2.789, 2.411, 2.161, 2.164, 2.888, 2.591, 1.925, 0.0, 3.334, 5.405, 4.244, 3.657, 3.528, 1.257, 2.398, 3.166, 4.865, 6.164, 5.429, 3.638, 4.08, 5.765, 6.848, 8.489, 9.661, 7.926, 6.794, 7.757, 7.735, 8.413, 10.639, 13.567, 14.994, 13.898, 13.058, 13.146, 15.048, 16.576, 16.668, 16.937, 16.595, 15.799, 15.116, 14.494, 14.14, 15.245, 15.38, 15.47, 15.486, 14.73, 14.346, 14.544, 13.911, 12.831, 12.242, 11.717, 9.529, 5.794, 4.811, 3.813, 3.886, 4.77, 4.529, 3.023, 2.872, 2.809, 2.113, 2.078, 3.889, 3.493, 2.961, 3.643, 5.563, 8.038, 7.814, 6.549, 6.627, 8.216, 9.619, 11.869, 10.801, 7.111, 6.491, 5.682, 4.744, 3.814, 3.719, 4.352, 4.174, 4.949, 5.22, 4.448, 4.273, 5.055, 5.888, 6.887, 6.985, 5.972, 6.252, 8.748, 11.915, 11.624, 11.179, 10.505, 8.797, 6.382, 4.363, 2.019, 1.707, 1.982, 1.813, 2.368, 3.538, 2.795, 2.027, 2.291, 2.478, 2.393, 2.582, 2.562, 4.664, 5.949, 5.851, 4.858, 5.029, 8.383, 8.486, 9.262], [6.612, 8.982, 6.568, 5.302, 6.228, 6.448, 5.279, 4.794, 5.165, 4.549, 3.539, 2.848, 2.116, 1.474, 3.185, 2.259, 1.817, 1.516, 1.767, 2.406, 1.946, 1.777, 2.317, 2.973, 3.334, 0.0, 2.416, 1.777, 1.452, 2.188, 2.943, 5.525, 6.044, 7.846, 9.242, 8.402, 6.275, 6.952, 8.972, 10.135, 11.753, 12.924, 11.083, 10.028, 10.814, 10.888, 11.65, 13.903, 16.847, 18.276, 17.173, 16.298, 16.373, 18.181, 19.836, 19.913, 20.122, 19.792, 18.923, 18.25, 17.795, 17.42, 18.45, 18.539, 18.732, 18.737, 17.851, 17.24, 17.62, 16.959, 15.961, 15.195, 14.288, 12.02, 8.102, 6.389, 5.793, 6.465, 7.975, 7.803, 5.552, 4.892, 5.484, 4.846, 2.271, 2.092, 1.966, 1.54, 2.023, 2.908, 4.946, 4.692, 3.505, 3.607, 4.978, 6.446, 8.668, 7.48, 3.789, 3.511, 2.944, 2.511, 3.407, 4.365, 5.291, 5.364, 5.004, 5.427, 5.126, 4.923, 5.537, 6.728, 7.902, 8.185, 7.862, 8.688, 11.967, 15.164, 14.882, 14.42, 13.742, 11.858, 9.318, 7.347, 5.097, 3.72, 2.669, 2.62, 2.167, 1.862, 1.846, 2.532, 3.369, 3.53, 2.81, 2.71, 2.603, 1.563, 2.841, 3.343, 2.862, 3.425, 5.342, 5.682, 6.287], [8.341, 10.718, 8.329, 7.047, 8.247, 8.344, 7.25, 7.08, 7.426, 6.411, 5.579, 5.038, 4.283, 1.913, 1.558, 1.218, 2.142, 2.801, 3.463, 3.887, 3.498, 2.959, 3.293, 4.503, 5.405, 2.416, 0.0, 1.549, 2.277, 2.615, 4.849, 7.176, 7.692, 9.491, 10.888, 10.06, 8.098, 8.715, 10.614, 11.74, 13.363, 14.528, 12.724, 11.623, 12.438, 12.532, 13.242, 15.504, 18.448, 19.877, 18.871, 18.073, 18.245, 19.899, 21.579, 21.682, 21.847, 21.546, 20.603, 20.002, 19.631, 19.239, 20.295, 20.403, 20.483, 20.465, 19.515, 18.978, 19.326, 18.59, 17.624, 16.782, 15.911, 13.891, 9.848, 7.397, 7.326, 8.103, 9.691, 9.418, 7.184, 6.552, 7.103, 6.537, 3.837, 1.947, 2.258, 2.875, 2.583, 1.822, 2.698, 2.575, 1.907, 1.891, 3.317, 4.425, 6.907, 5.863, 2.155, 2.44, 2.627, 2.487, 3.663, 5.56, 6.816, 6.764, 5.703, 5.933, 6.146, 6.34, 6.4, 7.252, 8.694, 9.4, 9.477, 10.57, 13.735, 16.865, 16.604, 16.09, 15.39, 13.547, 11.229, 9.185, 6.745, 5.245, 4.395, 4.42, 3.724, 2.352, 3.533, 4.609, 5.142, 5.564, 4.386, 4.436, 4.066, 1.786, 1.986, 2.337, 2.179, 2.857, 4.051, 4.221, 4.594], [7.12, 9.491, 7.102, 5.848, 7.093, 7.281, 6.2, 6.066, 6.41, 5.383, 4.574, 4.034, 3.254, 1.178, 2.248, 1.436, 1.466, 1.842, 2.422, 2.883, 2.532, 2.371, 2.692, 3.366, 4.244, 1.777, 1.549, 0.0, 1.504, 2.004, 3.792, 5.94, 6.465, 8.258, 9.655, 8.828, 6.995, 7.66, 9.419, 10.475, 12.11, 13.287, 11.489, 10.363, 11.232, 11.335, 12.007, 14.219, 17.167, 18.592, 17.63, 16.829, 17.026, 18.625, 20.39, 20.461, 20.614, 20.304, 19.322, 18.775, 18.395, 18.016, 19.062, 19.159, 19.256, 19.214, 18.259, 17.76, 18.091, 17.318, 16.377, 15.497, 14.734, 12.79, 8.672, 6.402, 6.121, 6.871, 8.457, 8.178, 5.906, 5.312, 5.864, 5.29, 2.7, 1.564, 1.579, 1.978, 1.675, 2.126, 3.928, 3.722, 2.61, 3.025, 4.517, 5.594, 8.192, 7.148, 3.377, 2.921, 2.806, 2.303, 3.506, 4.757, 5.973, 6.313, 5.492, 5.682, 5.766, 5.726, 6.008, 7.0, 8.422, 8.995, 8.55, 9.456, 12.529, 15.565, 15.328, 14.831, 14.148, 12.316, 10.081, 8.008, 5.507, 4.014, 3.236, 3.292, 2.587, 1.902, 2.583, 3.604, 4.335, 4.593, 3.732, 3.616, 3.378, 2.041, 2.724, 2.71, 2.454, 3.09, 4.857, 4.99, 5.778], [6.703, 9.086, 6.698, 5.368, 6.444, 6.498, 5.34, 5.089, 5.376, 4.421, 3.403, 3.057, 2.511, 1.335, 2.723, 2.057, 1.472, 1.448, 1.49, 2.149, 1.939, 1.86, 2.169, 3.06, 3.657, 1.452, 2.277, 1.504, 0.0, 1.959, 3.061, 5.457, 5.973, 7.78, 9.174, 8.334, 6.299, 6.956, 8.931, 10.093, 11.711, 12.858, 11.015, 9.98, 10.772, 10.872, 11.582, 13.861, 16.806, 18.234, 17.236, 16.439, 16.596, 18.2, 19.909, 20.014, 20.202, 19.887, 18.941, 18.329, 17.933, 17.58, 18.662, 18.77, 18.834, 18.802, 17.869, 17.256, 17.642, 16.922, 15.997, 15.139, 14.164, 12.091, 8.122, 6.229, 5.824, 6.472, 8.054, 7.804, 5.545, 4.936, 5.489, 4.906, 2.273, 1.865, 1.51, 1.586, 2.253, 3.017, 4.554, 4.274, 3.508, 3.689, 4.894, 5.992, 8.55, 7.506, 3.779, 3.182, 2.78, 1.735, 2.717, 3.691, 4.865, 5.186, 4.629, 4.889, 4.912, 4.836, 5.116, 6.286, 7.498, 7.946, 7.898, 8.723, 12.03, 15.172, 14.91, 14.434, 13.767, 11.899, 9.465, 7.444, 5.105, 3.738, 2.579, 2.525, 1.916, 1.126, 1.646, 2.646, 3.218, 3.504, 2.754, 2.637, 2.305, 1.837, 2.889, 2.451, 2.182, 2.608, 5.061, 5.099, 5.876], [6.448, 8.878, 6.41, 5.171, 6.284, 6.345, 5.101, 4.886, 5.371, 4.548, 3.879, 3.185, 2.756, 1.809, 3.278, 2.046, 1.429, 1.819, 2.271, 2.588, 2.077, 1.868, 2.076, 2.756, 3.528, 2.188, 2.615, 2.004, 1.959, 0.0, 2.876, 5.294, 5.791, 7.572, 8.998, 8.08, 6.291, 6.734, 8.755, 9.952, 11.571, 12.718, 10.825, 9.84, 10.675, 10.7, 11.439, 13.721, 16.665, 18.094, 17.024, 16.167, 16.263, 18.028, 19.687, 19.761, 19.986, 19.641, 18.818, 18.122, 17.725, 17.32, 18.343, 18.451, 18.595, 18.574, 17.705, 17.215, 17.502, 16.85, 15.843, 15.143, 14.376, 12.103, 8.09, 5.758, 5.446, 6.277, 7.794, 7.617, 5.393, 4.721, 5.294, 4.667, 2.351, 2.022, 1.918, 2.267, 2.64, 3.194, 5.007, 4.686, 3.48, 3.588, 5.129, 6.439, 8.745, 7.646, 4.036, 3.659, 3.366, 2.421, 2.893, 4.199, 5.314, 5.359, 4.496, 4.906, 4.775, 4.886, 5.064, 6.152, 7.489, 8.057, 7.788, 8.841, 11.808, 15.0, 14.727, 14.272, 13.596, 11.759, 9.197, 7.193, 5.079, 4.091, 3.099, 2.865, 2.526, 1.942, 2.332, 2.718, 3.353, 4.061, 3.698, 3.269, 3.096, 2.372, 3.029, 2.895, 2.041, 2.647, 5.494, 5.775, 6.347], [3.744, 6.185, 3.735, 2.502, 3.86, 3.799, 2.782, 2.676, 3.06, 2.484, 2.16, 1.679, 1.574, 3.654, 5.656, 4.482, 2.943, 2.237, 1.725, 1.654, 1.822, 2.383, 2.094, 2.04, 1.257, 2.943, 4.849, 3.792, 3.061, 2.876, 0.0, 2.64, 3.247, 5.003, 6.337, 5.575, 3.716, 4.104, 6.06, 7.256, 8.876, 10.024, 8.162, 7.145, 7.989, 8.062, 8.744, 11.026, 13.971, 15.399, 14.334, 13.472, 13.625, 15.417, 17.018, 17.125, 17.313, 16.987, 16.145, 15.466, 15.021, 14.632, 15.696, 15.808, 15.908, 15.932, 15.044, 14.63, 14.849, 14.249, 13.188, 12.547, 11.853, 9.606, 5.875, 4.852, 3.909, 4.001, 5.125, 4.94, 2.998, 2.694, 2.908, 2.2, 1.731, 3.556, 3.336, 2.712, 3.263, 5.042, 7.404, 7.155, 5.886, 6.038, 7.71, 9.011, 11.414, 10.341, 6.608, 6.006, 5.346, 4.389, 3.384, 3.577, 4.283, 4.217, 4.867, 5.09, 4.498, 4.316, 4.954, 5.808, 6.86, 7.041, 6.182, 6.562, 9.191, 12.372, 12.075, 11.606, 10.973, 9.186, 6.755, 4.651, 2.446, 1.716, 1.457, 1.356, 1.803, 3.118, 2.325, 1.76, 2.152, 2.602, 2.636, 2.564, 2.385, 4.239, 5.533, 5.294, 4.203, 4.54, 7.939, 7.927, 8.693], [1.907, 4.232, 2.095, 1.465, 2.638, 2.563, 2.622, 2.857, 2.744, 2.472, 3.093, 3.155, 3.782, 6.199, 7.992, 6.996, 5.167, 4.545, 4.111, 3.677, 4.005, 4.952, 4.362, 3.139, 2.398, 5.525, 7.176, 5.94, 5.457, 5.294, 2.64, 0.0, 1.632, 2.791, 3.802, 3.353, 2.557, 2.534, 3.935, 4.867, 6.634, 7.441, 5.814, 4.996, 6.062, 6.282, 6.446, 8.522, 11.395, 12.8, 11.962, 11.09, 11.524, 13.564, 14.972, 15.084, 15.041, 14.749, 13.827, 13.58, 13.009, 12.508, 13.53, 13.645, 13.706, 13.72, 13.108, 12.966, 12.953, 12.368, 11.222, 10.82, 10.531, 8.877, 5.548, 4.197, 3.221, 3.148, 3.141, 2.496, 2.093, 2.137, 2.042, 1.641, 3.545, 5.751, 5.649, 5.064, 5.17, 7.273, 9.643, 9.345, 8.108, 8.502, 10.309, 11.347, 13.984, 12.941, 9.193, 8.603, 7.909, 6.923, 5.443, 3.822, 4.624, 4.535, 5.592, 5.806, 5.101, 4.951, 5.51, 6.301, 7.15, 7.249, 6.026, 6.015, 7.297, 10.137, 9.92, 9.335, 8.593, 7.593, 6.015, 3.542, 1.753, 2.484, 3.38, 3.24, 3.708, 5.619, 4.717, 3.487, 3.878, 4.146, 4.342, 4.497, 4.317, 6.819, 8.113, 7.773, 6.759, 7.1, 10.465, 10.327, 11.195], [1.238, 3.402, 2.078, 2.001, 2.055, 2.044, 2.144, 2.402, 1.937, 2.167, 3.363, 3.716, 4.377, 6.729, 8.536, 7.519, 5.747, 5.128, 4.703, 4.161, 4.522, 5.475, 4.942, 3.787, 3.166, 6.044, 7.692, 6.465, 5.973, 5.791, 3.247, 1.632, 0.0, 1.96, 3.224, 2.512, 2.001, 1.789, 3.321, 4.436, 5.987, 6.971, 5.363, 4.235, 5.426, 5.468, 5.748, 7.946, 10.88, 12.308, 11.415, 10.606, 10.926, 12.801, 14.375, 14.455, 14.426, 14.095, 13.134, 12.81, 12.405, 11.934, 12.942, 12.979, 13.093, 13.096, 12.226, 12.066, 12.119, 11.335, 10.362, 9.824, 9.437, 7.934, 4.877, 3.767, 2.912, 3.123, 3.093, 2.612, 3.399, 3.33, 3.24, 2.692, 4.24, 6.431, 6.323, 5.737, 5.882, 7.727, 10.115, 9.845, 8.616, 9.059, 10.801, 11.868, 14.475, 13.432, 9.687, 9.129, 8.479, 7.502, 6.054, 4.256, 4.547, 4.727, 6.217, 6.255, 5.555, 5.596, 5.744, 6.473, 6.722, 6.652, 5.376, 5.317, 6.697, 9.542, 9.308, 8.647, 7.942, 6.677, 5.428, 2.879, 2.951, 3.385, 4.041, 3.897, 4.357, 6.254, 5.248, 3.986, 4.478, 4.628, 4.956, 5.1, 4.882, 7.311, 8.605, 8.264, 7.25, 7.663, 10.996, 10.963, 11.778], [1.926, 2.077, 2.385, 3.244, 2.704, 2.561, 3.178, 3.737, 3.379, 3.777, 5.154, 5.494, 6.125, 8.523, 10.308, 9.312, 7.486, 6.886, 6.472, 5.976, 6.321, 7.256, 6.669, 5.513, 4.865, 7.846, 9.491, 8.258, 7.78, 7.572, 5.003, 2.791, 1.96, 0.0, 1.504, 1.255, 1.961, 1.95, 2.179, 2.808, 4.313, 5.182, 3.822, 2.949, 3.953, 4.231, 4.363, 6.167, 9.11, 10.522, 9.645, 8.834, 9.353, 11.691, 12.684, 12.769, 12.821, 12.496, 11.446, 11.2, 10.68, 10.168, 11.214, 11.303, 11.336, 11.433, 10.712, 10.495, 10.76, 10.304, 9.228, 8.88, 8.572, 7.123, 4.233, 4.346, 3.596, 3.566, 2.858, 2.911, 4.451, 4.451, 4.192, 4.043, 5.875, 8.191, 8.105, 7.508, 7.592, 9.533, 11.9, 11.642, 10.386, 10.814, 12.587, 13.626, 16.262, 15.218, 11.514, 10.922, 10.261, 9.289, 7.832, 5.727, 5.165, 5.976, 7.207, 7.274, 6.668, 6.835, 6.481, 7.081, 7.052, 6.42, 5.173, 4.94, 5.404, 7.799, 7.644, 7.34, 6.465, 5.736, 5.257, 3.445, 4.163, 4.966, 5.814, 5.669, 6.103, 8.022, 7.009, 5.76, 6.224, 6.393, 6.722, 6.868, 6.651, 9.097, 10.391, 10.051, 9.061, 9.41, 12.773, 12.741, 13.522], [2.826, 1.712, 3.057, 4.185, 3.525, 3.362, 4.272, 4.933, 4.692, 5.158, 6.468, 6.868, 7.489, 9.911, 11.705, 10.708, 8.879, 8.258, 7.822, 7.347, 7.718, 8.652, 8.083, 6.843, 6.164, 9.242, 10.888, 9.655, 9.174, 8.998, 6.337, 3.802, 3.224, 1.504, 0.0, 1.417, 3.083, 2.885, 2.079, 2.198, 3.146, 3.945, 3.074, 2.189, 3.317, 3.7, 3.523, 4.929, 7.713, 9.126, 8.417, 7.569, 8.256, 10.858, 11.599, 11.673, 11.697, 11.373, 10.262, 10.135, 9.464, 9.054, 10.006, 10.239, 10.197, 10.249, 9.754, 9.548, 9.776, 9.528, 8.542, 8.095, 7.871, 6.662, 4.237, 4.881, 4.285, 4.018, 3.232, 3.414, 5.275, 5.187, 4.804, 4.915, 7.246, 9.466, 9.375, 8.826, 8.95, 10.94, 13.326, 13.049, 11.812, 12.222, 14.014, 15.05, 17.688, 16.645, 12.911, 12.319, 11.646, 10.668, 9.168, 6.834, 5.913, 6.768, 7.932, 8.017, 7.434, 7.613, 7.144, 7.488, 7.39, 6.702, 5.318, 5.041, 4.782, 6.646, 6.428, 6.331, 5.467, 5.304, 5.324, 4.043, 5.227, 6.144, 7.032, 6.961, 7.42, 9.38, 8.433, 7.169, 7.587, 7.781, 8.084, 8.237, 8.045, 10.523, 11.818, 11.477, 10.463, 10.814, 14.169, 14.102, 14.909], [2.263, 1.793, 2.507, 3.614, 2.977, 2.806, 3.649, 4.268, 3.904, 4.341, 5.687, 6.08, 6.717, 9.075, 10.882, 9.874, 8.044, 7.476, 7.048, 6.55, 6.872, 7.828, 7.248, 6.117, 5.429, 8.402, 10.06, 8.828, 8.334, 8.08, 5.575, 3.353, 2.512, 1.255, 1.417, 0.0, 2.337, 2.337, 2.096, 2.515, 3.721, 4.638, 3.202, 2.573, 3.392, 3.591, 3.756, 5.643, 8.59, 10.014, 9.09, 8.269, 8.656, 11.078, 12.111, 12.152, 12.156, 11.9, 10.936, 10.578, 10.063, 9.605, 10.616, 10.705, 10.764, 10.776, 10.156, 9.98, 10.112, 9.752, 8.662, 8.326, 8.055, 6.562, 3.823, 4.559, 3.886, 3.524, 2.858, 3.217, 5.041, 4.824, 4.489, 4.401, 6.484, 8.783, 8.687, 8.106, 8.197, 10.091, 12.461, 12.131, 10.894, 11.367, 13.109, 14.146, 16.77, 15.726, 12.021, 11.485, 10.833, 9.849, 8.414, 6.241, 5.365, 6.236, 7.399, 7.478, 6.898, 7.079, 6.538, 6.806, 6.543, 5.859, 4.539, 4.274, 4.768, 7.217, 6.993, 6.689, 5.91, 5.134, 4.578, 3.443, 4.711, 5.521, 6.397, 6.254, 6.746, 8.616, 7.586, 6.294, 6.783, 6.962, 7.299, 7.463, 7.224, 9.605, 10.899, 10.559, 9.568, 9.971, 13.322, 13.322, 14.106], [1.776, 2.963, 1.691, 2.164, 1.784, 1.446, 1.754, 2.057, 1.888, 2.392, 3.468, 3.86, 4.524, 6.989, 8.901, 7.797, 6.393, 5.486, 4.919, 4.553, 4.885, 5.664, 5.211, 4.211, 3.638, 6.275, 8.098, 6.995, 6.299, 6.291, 3.716, 2.557, 2.001, 1.961, 3.083, 2.337, 0.0, 1.733, 2.848, 3.991, 5.609, 6.756, 4.874, 3.982, 4.681, 4.818, 5.531, 7.759, 10.704, 12.132, 11.084, 10.284, 10.396, 12.449, 13.812, 13.868, 14.108, 13.839, 12.871, 12.158, 11.735, 11.347, 12.493, 12.6, 12.659, 12.646, 11.769, 11.177, 11.655, 11.2, 10.091, 9.525, 8.905, 6.989, 3.643, 3.622, 2.714, 2.749, 2.69, 2.834, 4.154, 3.837, 3.509, 3.173, 4.826, 6.799, 6.55, 5.906, 6.46, 8.28, 10.622, 10.366, 9.163, 9.444, 10.981, 12.233, 14.665, 13.608, 9.914, 9.375, 8.627, 7.624, 6.198, 4.104, 3.462, 4.071, 5.434, 5.463, 4.825, 4.97, 4.771, 5.433, 5.369, 5.049, 3.89, 3.928, 5.951, 9.093, 8.802, 8.496, 7.762, 6.33, 4.465, 2.54, 3.691, 4.336, 4.401, 4.263, 4.85, 6.347, 5.425, 4.192, 4.53, 4.748, 5.049, 5.188, 5.004, 7.493, 8.781, 8.509, 7.627, 7.758, 11.14, 11.147, 11.919], [1.633, 2.651, 2.121, 2.402, 2.075, 1.688, 2.283, 2.711, 2.515, 2.999, 4.176, 4.579, 5.175, 7.609, 9.546, 8.413, 6.888, 6.084, 5.545, 5.16, 5.471, 6.369, 5.928, 4.681, 4.08, 6.952, 8.715, 7.66, 6.956, 6.734, 4.104, 2.534, 1.789, 1.95, 2.885, 2.337, 1.733, 0.0, 2.264, 3.472, 4.993, 6.049, 4.493, 3.731, 4.16, 4.566, 4.946, 7.046, 9.987, 11.416, 10.362, 9.56, 9.919, 12.324, 13.379, 13.266, 13.503, 13.158, 12.482, 11.641, 11.144, 10.786, 11.861, 11.94, 12.006, 12.067, 11.474, 11.014, 11.246, 11.131, 10.002, 9.633, 9.042, 7.287, 4.341, 4.04, 3.144, 3.079, 2.614, 2.231, 3.87, 3.575, 3.28, 3.079, 5.286, 7.373, 7.088, 6.431, 6.861, 8.9, 11.219, 10.984, 9.719, 9.913, 11.694, 12.854, 15.368, 14.325, 10.621, 10.027, 9.308, 8.322, 6.842, 4.504, 4.448, 4.609, 6.118, 6.258, 5.413, 5.479, 5.628, 6.373, 6.388, 6.022, 4.759, 4.691, 5.77, 8.375, 8.147, 8.095, 7.458, 6.322, 5.044, 2.747, 3.509, 4.49, 4.699, 4.611, 5.332, 7.032, 6.101, 4.849, 5.241, 5.481, 5.7, 5.903, 5.727, 8.204, 9.498, 9.191, 8.183, 8.468, 11.865, 11.738, 12.576], [2.86, 2.244, 2.76, 3.924, 2.811, 2.579, 3.961, 4.623, 4.43, 4.984, 6.225, 6.614, 7.225, 9.619, 11.492, 10.402, 8.59, 8.006, 7.549, 7.113, 7.421, 8.399, 7.797, 6.407, 5.765, 8.972, 10.614, 9.419, 8.931, 8.755, 6.06, 3.935, 3.321, 2.179, 2.079, 2.096, 2.848, 2.264, 0.0, 2.174, 3.426, 4.278, 3.42, 2.813, 3.405, 3.93, 3.9, 5.139, 7.911, 9.339, 8.365, 7.581, 8.361, 11.28, 11.854, 11.704, 12.004, 11.531, 11.046, 10.36, 9.269, 8.885, 10.044, 10.513, 10.422, 10.522, 10.182, 9.874, 10.277, 10.203, 9.122, 8.81, 8.508, 6.892, 4.0, 4.415, 3.797, 3.286, 2.016, 2.694, 4.771, 4.691, 4.213, 4.658, 7.043, 9.144, 8.945, 8.401, 8.673, 10.804, 13.212, 12.979, 11.709, 11.973,