[[0.0, 2.783, 10.484, 6.895, 5.722, 5.316, 7.178, 7.257, 7.909, 9.082, 7.403, 7.405, 8.225, 7.885, 7.591, 6.677, 5.191, 4.863, 4.492, 4.274, 4.393, 5.168, 6.698, 5.053, 4.771, 4.269, 3.273, 2.741, 3.031, 4.214, 4.313, 4.423, 3.488, 4.503, 3.902, 4.314, 4.062, 3.483, 3.199, 3.106, 3.041, 3.388, 3.83, 3.154, 3.653, 6.945, 6.049, 6.177, 6.251, 5.47, 4.765, 5.287, 4.889, 5.391, 6.0, 6.289, 7.241, 9.096, 8.531, 7.918, 10.18, 11.944, 8.555, 7.09, 8.818, 6.563, 4.339, 3.125, 2.844, 2.826, 3.814, 3.798, 2.854, 2.936, 2.845, 3.839, 6.218, 8.129, 7.66, 6.041, 4.889, 5.113, 4.709, 4.825, 5.33, 5.164, 5.355, 4.866, 5.567, 6.044, 6.403, 7.562, 7.562, 6.094, 5.007, 5.526, 6.815, 4.867, 6.0], [2.783, 0.0, 9.372, 5.559, 4.362, 3.851, 7.237, 7.395, 7.656, 8.64, 7.367, 8.442, 9.614, 9.268, 8.903, 6.67, 4.385, 4.816, 3.881, 3.325, 3.103, 3.513, 5.329, 3.685, 3.634, 3.048, 3.185, 3.573, 3.74, 4.895, 5.13, 4.396, 3.77, 4.087, 3.973, 4.18, 4.348, 3.902, 4.17, 4.198, 3.468, 4.874, 5.376, 3.74, 3.772, 8.844, 7.601, 7.004, 7.565, 6.973, 6.25, 6.767, 6.362, 6.867, 7.048, 7.369, 8.179, 10.358, 9.94, 9.175, 11.941, 13.63, 10.048, 7.457, 9.812, 7.514, 4.896, 4.512, 3.824, 2.635, 2.766, 2.616, 2.186, 3.031, 3.547, 4.069, 6.157, 8.713, 8.632, 6.954, 5.812, 5.125, 4.509, 4.414, 5.226, 4.825, 5.298, 4.554, 5.291, 6.625, 7.615, 8.937, 9.11, 7.641, 6.207, 7.234, 8.535, 6.481, 7.374], [10.484, 9.372, 0.0, 5.41, 9.523, 12.186, 15.936, 15.966, 16.27, 17.217, 16.057, 17.167, 18.336, 17.991, 17.629, 15.414, 13.023, 13.501, 12.332, 11.267, 11.372, 9.307, 9.09, 7.209, 7.208, 9.399, 10.79, 11.736, 11.94, 13.617, 13.8, 12.607, 9.621, 8.737, 9.013, 8.482, 9.207, 10.841, 12.147, 12.212, 11.614, 13.232, 13.947, 11.589, 12.093, 17.251, 15.924, 15.366, 15.961, 15.324, 14.764, 15.451, 14.908, 15.435, 15.713, 15.877, 16.85, 19.045, 18.677, 17.921, 20.474, 22.24, 18.783, 15.97, 18.284, 15.921, 13.462, 12.879, 11.957, 10.466, 9.306, 10.068, 10.106, 11.313, 12.057, 12.555, 14.572, 17.414, 17.27, 15.655, 14.331, 13.528, 12.759, 12.715, 13.587, 13.117, 13.753, 13.261, 13.823, 15.237, 16.266, 17.616, 17.742, 16.199, 14.75, 15.67, 17.037, 14.859, 16.024], [6.895, 5.559, 5.41, 0.0, 4.353, 6.822, 10.566, 10.727, 10.926, 11.837, 10.678, 11.802, 12.976, 12.622, 12.25, 10.034, 7.744, 8.14, 7.025, 5.989, 6.041, 4.022, 3.84, 2.538, 2.692, 4.157, 5.628, 6.466, 6.672, 8.256, 8.443, 7.372, 4.558, 3.593, 4.011, 3.733, 4.265, 5.581, 7.098, 6.969, 6.264, 7.988, 8.732, 6.842, 7.75, 12.728, 11.382, 10.477, 11.389, 10.98, 10.204, 10.271, 9.948, 10.303, 10.351, 10.585, 11.471, 13.667, 13.298, 12.546, 15.282, 16.98, 13.404, 10.733, 13.079, 10.837, 8.572, 8.095, 7.031, 5.548, 4.281, 5.164, 5.906, 6.669, 7.455, 7.192, 9.193, 12.035, 11.973, 10.283, 9.124, 8.251, 7.59, 7.438, 8.344, 7.809, 8.535, 7.89, 8.444, 9.887, 10.937, 12.32, 12.452, 10.976, 9.597, 10.866, 11.967, 10.032, 10.715], [5.722, 4.362, 9.523, 4.353, 0.0, 3.162, 6.444, 6.472, 6.787, 7.703, 6.535, 7.645, 8.817, 8.47, 8.106, 5.891, 3.757, 3.979, 2.912, 2.141, 2.43, 1.542, 1.454, 2.924, 3.073, 2.112, 2.943, 3.561, 3.579, 4.176, 4.469, 3.484, 3.037, 3.519, 3.362, 4.055, 3.855, 2.985, 3.695, 3.899, 3.719, 4.299, 5.021, 3.72, 4.997, 9.316, 8.159, 6.823, 8.405, 8.328, 7.459, 7.38, 7.105, 7.649, 6.996, 7.009, 7.756, 9.526, 9.371, 8.533, 10.961, 12.792, 9.261, 6.709, 8.863, 6.74, 5.916, 5.396, 5.394, 4.187, 2.484, 3.304, 4.846, 4.256, 5.012, 3.199, 5.087, 7.892, 7.748, 6.21, 4.99, 4.764, 3.98, 4.539, 4.807, 4.519, 5.179, 4.496, 5.07, 6.045, 6.778, 8.142, 8.221, 7.002, 6.502, 7.583, 8.12, 6.932, 6.778], [5.316, 3.851, 12.186, 6.822, 3.162, 0.0, 3.878, 4.061, 4.385, 5.261, 3.872, 5.002, 6.174, 5.824, 5.458, 3.29, 1.178, 2.026, 2.043, 2.332, 2.041, 2.94, 3.958, 5.019, 5.076, 3.069, 3.005, 2.967, 3.434, 2.649, 2.576, 2.632, 4.223, 4.761, 4.762, 5.275, 5.024, 3.834, 3.538, 3.743, 3.532, 4.138, 4.213, 3.749, 2.697, 6.638, 5.396, 4.1, 5.661, 5.643, 5.029, 4.981, 5.205, 5.65, 4.446, 4.676, 5.006, 6.945, 6.609, 5.851, 8.566, 10.303, 6.604, 4.22, 6.458, 4.282, 3.209, 4.111, 4.264, 3.505, 3.008, 2.801, 3.844, 2.725, 3.801, 2.52, 2.719, 5.287, 5.252, 3.556, 2.586, 2.6, 2.081, 1.981, 2.171, 1.887, 2.465, 1.642, 2.138, 3.322, 4.221, 5.636, 5.731, 4.542, 4.249, 4.781, 5.524, 5.191, 4.267], [7.178, 7.237, 15.936, 10.566, 6.444, 3.878, 0.0, 1.138, 1.251, 2.14, 1.258, 1.817, 2.506, 2.353, 2.18, 1.185, 3.037, 2.913, 3.775, 4.827, 4.763, 6.691, 7.015, 8.871, 8.759, 6.688, 5.467, 4.917, 4.707, 3.619, 3.689, 4.523, 7.024, 7.575, 7.59, 8.157, 7.558, 6.342, 5.619, 5.628, 5.814, 5.623, 5.403, 6.174, 4.894, 4.218, 4.136, 2.949, 4.668, 4.781, 4.46, 4.688, 5.477, 5.294, 3.682, 3.878, 3.702, 3.792, 4.171, 3.645, 4.973, 6.555, 3.21, 1.547, 3.038, 2.537, 3.582, 5.022, 4.89, 5.555, 6.647, 5.959, 6.311, 4.85, 4.793, 4.126, 2.203, 1.793, 2.3, 2.249, 2.444, 2.835, 3.287, 3.314, 2.446, 2.854, 2.588, 2.819, 2.339, 1.532, 1.506, 2.441, 3.518, 3.821, 3.915, 4.117, 4.318, 5.01, 3.162], [7.257, 7.395, 15.966, 10.727, 6.472, 4.061, 1.138, 0.0, 1.23, 1.945, 1.527, 2.02, 2.521, 2.582, 2.34, 1.373, 3.201, 2.977, 3.851, 5.008, 4.936, 6.786, 7.031, 9.035, 8.882, 6.831, 5.611, 5.122, 4.919, 3.703, 3.909, 4.628, 7.15, 7.879, 7.73, 8.284, 7.712, 6.534, 5.742, 5.809, 6.044, 5.622, 5.58, 6.259, 4.989, 4.059, 4.046, 2.783, 4.488, 4.643, 4.543, 4.784, 5.601, 5.397, 3.92, 3.855, 3.738, 3.588, 4.033, 3.88, 4.835, 6.386, 3.249, 1.803, 2.831, 2.552, 3.846, 5.288, 5.137, 5.638, 6.669, 6.004, 6.354, 4.892, 4.869, 4.158, 2.363, 1.841, 2.762, 2.638, 2.536, 3.081, 3.349, 3.431, 2.56, 3.043, 2.817, 3.064, 2.565, 1.498, 1.638, 2.01, 3.358, 3.781, 4.119, 4.364, 4.34, 5.122, 3.324], [7.909, 7.656, 16.27, 10.926, 6.787, 4.385, 1.251, 1.23, 0.0, 1.345, 1.513, 1.703, 2.203, 2.311, 2.243, 1.651, 3.674, 3.368, 4.162, 5.413, 5.356, 7.095, 7.251, 9.248, 9.23, 7.14, 6.131, 5.647, 5.513, 4.176, 4.403, 5.221, 7.819, 8.349, 8.353, 8.907, 8.37, 7.181, 6.421, 6.421, 6.631, 6.149, 6.094, 6.95, 5.646, 4.798, 4.737, 3.469, 5.256, 5.378, 5.154, 5.34, 6.202, 5.982, 4.389, 4.49, 4.263, 4.297, 4.726, 4.334, 5.079, 6.23, 3.467, 1.93, 3.139, 3.087, 4.252, 5.835, 5.664, 5.896, 6.974, 6.293, 6.823, 5.436, 5.416, 4.578, 2.465, 1.717, 2.373, 2.93, 3.098, 3.358, 3.648, 3.642, 2.931, 3.293, 3.013, 3.376, 3.0, 2.04, 2.019, 2.725, 3.861, 4.453, 4.682, 4.924, 4.983, 5.732, 3.822], [9.082, 8.64, 17.217, 11.837, 7.703, 5.261, 2.14, 1.945, 1.345, 0.0, 2.153, 2.126, 2.019, 2.642, 2.537, 2.558, 4.687, 4.477, 5.34, 6.282, 6.243, 7.96, 8.127, 10.116, 10.164, 8.042, 7.286, 6.779, 6.645, 5.19, 5.403, 6.353, 8.997, 9.42, 9.526, 10.065, 9.493, 8.282, 7.565, 7.519, 7.687, 7.339, 7.265, 8.121, 6.807, 5.03, 5.283, 3.997, 5.683, 5.921, 5.867, 5.954, 6.891, 6.635, 5.057, 5.065, 4.759, 4.359, 5.037, 4.752, 4.977, 6.005, 3.591, 2.8, 3.086, 3.811, 5.27, 6.847, 6.744, 6.899, 7.92, 7.24, 7.947, 6.649, 6.669, 5.66, 3.317, 1.848, 2.928, 3.757, 4.313, 4.303, 4.733, 4.762, 4.092, 4.368, 3.966, 4.392, 4.035, 3.137, 3.044, 2.921, 4.372, 4.989, 5.335, 5.714, 5.619, 6.415, 4.56], [7.403, 7.367, 16.057, 10.678, 6.535, 3.872, 1.258, 1.527, 1.513, 2.153, 0.0, 1.564, 2.403, 2.328, 2.292, 1.482, 3.083, 2.932, 3.99, 4.867, 4.717, 6.751, 6.986, 8.849, 8.91, 6.715, 5.567, 5.117, 5.022, 3.513, 3.744, 4.544, 7.161, 7.573, 7.687, 8.298, 7.677, 6.462, 5.806, 5.823, 5.859, 5.757, 5.653, 6.307, 5.069, 5.149, 5.024, 3.789, 5.65, 5.715, 5.361, 5.566, 6.295, 6.153, 4.478, 4.749, 4.463, 4.619, 4.994, 4.367, 5.499, 6.918, 3.535, 2.183, 3.643, 3.383, 4.322, 5.753, 5.598, 5.759, 6.761, 6.068, 6.415, 4.946, 5.217, 4.044, 2.037, 2.132, 2.377, 2.771, 2.719, 3.378, 3.648, 3.495, 2.759, 3.327, 3.245, 2.957, 2.523, 2.045, 2.157, 3.121, 4.179, 4.678, 4.683, 4.881, 5.107, 5.79, 4.009], [7.405, 8.442, 17.167, 11.802, 7.645, 5.002, 1.817, 2.02, 1.703, 2.126, 1.564, 0.0, 1.523, 1.474, 1.26, 1.825, 4.164, 3.7, 4.858, 5.916, 5.802, 7.866, 8.084, 9.979, 9.966, 7.789, 6.445, 5.483, 5.382, 3.749, 3.85, 4.999, 7.652, 8.451, 8.291, 9.025, 8.269, 6.726, 5.896, 6.032, 6.254, 5.541, 5.462, 6.736, 5.842, 4.239, 4.187, 3.46, 4.894, 4.89, 4.476, 4.676, 5.568, 5.345, 3.796, 4.032, 3.815, 3.955, 4.226, 3.502, 4.575, 5.975, 2.717, 2.266, 3.373, 2.85, 4.279, 5.386, 5.655, 6.75, 7.873, 7.176, 7.52, 5.945, 5.486, 4.672, 2.672, 1.694, 1.891, 2.464, 2.934, 3.781, 4.436, 4.468, 3.609, 4.102, 3.62, 3.927, 3.364, 2.184, 1.635, 2.356, 3.258, 3.781, 4.045, 4.237, 4.215, 4.996, 3.163], [8.225, 9.614, 18.336, 12.976, 8.817, 6.174, 2.506, 2.521, 2.203, 2.019, 2.403, 1.523, 0.0, 1.234, 1.551, 3.036, 5.337, 4.859, 6.021, 7.089, 6.987, 9.041, 9.258, 11.151, 11.139, 8.961, 7.591, 6.618, 6.467, 4.835, 4.904, 6.041, 8.783, 9.623, 9.396, 10.121, 9.381, 7.759, 6.787, 7.004, 7.272, 5.825, 5.902, 7.742, 6.943, 3.796, 4.337, 4.105, 4.953, 5.049, 4.73, 4.817, 5.821, 5.556, 4.101, 4.278, 3.974, 3.394, 3.865, 3.695, 3.778, 4.937, 2.327, 2.658, 2.648, 3.264, 5.058, 5.742, 6.45, 7.924, 9.048, 8.351, 8.681, 7.11, 6.393, 5.804, 3.806, 1.653, 2.01, 2.994, 4.029, 4.95, 5.587, 5.642, 4.773, 5.247, 4.667, 5.099, 4.563, 3.16, 2.16, 1.887, 3.231, 3.863, 4.624, 4.405, 4.398, 5.294, 3.34], [7.885, 9.268, 17.991, 12.622, 8.47, 5.824, 2.353, 2.582, 2.311, 2.642, 2.328, 1.474, 1.234, 0.0, 1.167, 2.684, 5.017, 4.516, 5.677, 6.753, 6.629, 8.695, 8.912, 10.802, 10.794, 8.646, 7.369, 6.378, 6.295, 4.67, 4.744, 5.882, 8.506, 9.289, 9.136, 9.931, 9.193, 7.57, 6.54, 6.754, 7.072, 5.433, 5.518, 7.555, 6.75, 3.692, 3.829, 3.724, 4.459, 4.551, 4.167, 3.991, 4.807, 4.552, 3.184, 3.498, 3.091, 2.896, 3.173, 2.787, 3.579, 4.961, 1.669, 2.568, 2.899, 2.701, 4.647, 5.319, 6.092, 7.57, 8.705, 8.007, 8.344, 6.777, 6.05, 5.446, 3.499, 1.708, 1.904, 2.499, 3.673, 4.546, 5.237, 5.286, 4.414, 4.887, 4.262, 4.747, 4.207, 2.887, 1.797, 1.74, 2.348, 3.03, 4.047, 3.565, 3.492, 4.446, 2.815], [7.591, 8.903, 17.629, 12.25, 8.106, 5.458, 2.18, 2.34, 2.243, 2.537, 2.292, 1.26, 1.551, 1.167, 0.0, 2.257, 4.686, 4.149, 5.297, 6.38, 6.298, 8.37, 8.557, 10.42, 10.421, 8.313, 7.009, 6.053, 5.915, 4.239, 4.291, 5.433, 8.098, 8.936, 8.708, 9.466, 8.771, 7.125, 6.13, 6.341, 6.624, 5.476, 5.434, 7.118, 6.289, 3.304, 3.475, 3.038, 4.16, 4.169, 3.709, 3.77, 4.756, 4.58, 3.069, 3.329, 3.06, 3.02, 3.221, 2.745, 3.799, 5.254, 1.78, 2.356, 2.758, 2.336, 4.287, 5.144, 5.732, 7.239, 8.342, 7.652, 7.986, 6.405, 5.705, 5.074, 3.09, 1.416, 1.937, 2.153, 3.298, 4.173, 4.87, 4.914, 4.042, 4.512, 3.908, 4.397, 3.808, 2.566, 1.575, 1.699, 2.352, 3.029, 3.45, 3.485, 3.468, 4.444, 2.524], [6.677, 6.67, 15.414, 10.034, 5.891, 3.29, 1.185, 1.373, 1.651, 2.558, 1.482, 1.825, 3.036, 2.684, 2.257, 0.0, 2.484, 2.425, 3.212, 4.333, 4.196, 6.147, 6.471, 8.256, 8.243, 6.128, 4.938, 4.416, 4.247, 2.931, 3.043, 3.973, 6.494, 7.031, 7.034, 7.692, 7.029, 5.798, 5.106, 5.078, 5.191, 5.005, 4.9, 5.638, 4.465, 4.467, 3.926, 2.689, 4.53, 4.57, 4.067, 4.284, 5.058, 5.001, 3.44, 3.589, 3.506, 4.078, 4.274, 3.422, 5.472, 7.138, 3.502, 1.821, 3.66, 2.292, 3.13, 4.654, 4.536, 5.022, 6.12, 5.437, 5.776, 4.283, 4.382, 3.44, 1.544, 2.196, 2.348, 1.983, 1.979, 2.339, 2.776, 2.731, 1.931, 2.415, 2.159, 2.312, 1.808, 1.468, 1.417, 2.619, 3.299, 3.452, 3.541, 3.712, 3.891, 4.625, 2.814], [5.191, 4.385, 13.023, 7.744, 3.757, 1.178, 3.037, 3.201, 3.674, 4.687, 3.083, 4.164, 5.337, 5.017, 4.686, 2.484, 0.0, 1.456, 1.899, 2.624, 2.402, 3.778, 4.458, 6.01, 5.916, 3.82, 2.911, 2.926, 3.15, 2.208, 2.127, 2.362, 4.485, 5.186, 5.103, 5.617, 5.256, 4.054, 3.459, 3.738, 3.677, 3.884, 3.726, 3.781, 2.509, 5.802, 4.856, 3.423, 5.303, 5.293, 4.794, 4.817, 4.962, 5.421, 4.256, 4.421, 4.706, 6.113, 5.809, 5.03, 7.636, 9.398, 5.799, 3.346, 5.583, 3.386, 2.921, 3.9, 3.999, 3.548, 3.838, 3.209, 3.781, 2.601, 3.554, 2.319, 2.073, 4.481, 4.37, 2.769, 1.965, 2.521, 1.934, 1.828, 1.673, 1.622, 2.255, 1.464, 1.995, 2.671, 3.343, 4.709, 4.899, 4.064, 4.054, 4.192, 4.888, 4.841, 3.76], [4.863, 4.816, 13.501, 8.14, 3.979, 2.026, 2.913, 2.977, 3.368, 4.477, 2.932, 3.7, 4.859, 4.516, 4.149, 2.425, 1.456, 0.0, 1.324, 2.451, 2.332, 4.231, 4.493, 6.402, 6.304, 4.236, 3.116, 2.657, 2.547, 1.412, 1.413, 2.026, 4.643, 5.189, 5.196, 5.768, 5.161, 3.935, 3.204, 3.201, 3.388, 3.079, 3.058, 3.757, 3.315, 5.988, 5.137, 3.693, 5.504, 5.53, 4.871, 4.833, 4.982, 5.467, 4.213, 4.454, 4.825, 5.8, 5.71, 4.894, 7.258, 8.909, 5.299, 3.448, 5.321, 3.519, 3.105, 3.7, 4.03, 4.017, 4.205, 3.591, 4.449, 2.912, 3.54, 1.732, 1.929, 4.01, 3.878, 2.422, 1.929, 2.638, 2.161, 2.396, 2.213, 2.121, 2.567, 1.752, 2.572, 2.7, 3.035, 4.376, 4.553, 4.022, 4.103, 4.464, 5.159, 4.883, 3.637], [4.492, 3.881, 12.332, 7.025, 2.912, 2.043, 3.775, 3.851, 4.162, 5.34, 3.99, 4.858, 6.021, 5.677, 5.297, 3.212, 1.899, 1.324, 0.0, 1.665, 1.605, 3.201, 3.631, 5.352, 5.239, 3.265, 2.499, 2.223, 2.244, 1.718, 1.719, 1.663, 3.812, 4.488, 4.39, 4.954, 4.375, 3.164, 2.443, 2.696, 2.688, 2.765, 2.804, 2.926, 3.441, 6.708, 5.724, 4.287, 5.947, 5.977, 5.156, 5.086, 4.957, 5.532, 4.64, 4.771, 5.356, 6.763, 6.643, 5.83, 8.296, 9.985, 6.456, 4.127, 6.254, 4.191, 3.438, 3.543, 3.803, 3.311, 3.173, 2.704, 3.988, 2.687, 3.29, 1.38, 2.581, 5.14, 4.982, 3.465, 2.397, 2.746, 1.893, 2.454, 2.545, 2.367, 2.883, 2.181, 2.97, 3.292, 3.984, 5.354, 5.515, 4.558, 4.362, 5.062, 5.681, 4.947, 4.064], [4.274, 3.325, 11.267, 5.989, 2.141, 2.332, 4.827, 5.008, 5.413, 6.282, 4.867, 5.916, 7.089, 6.753, 6.38, 4.333, 2.624, 2.451, 1.665, 0.0, 0.969, 2.356, 3.128, 4.236, 4.162, 2.2, 1.763, 2.029, 1.986, 2.53, 2.727, 2.402, 2.991, 3.461, 3.582, 4.056, 3.553, 2.391, 2.366, 2.267, 2.114, 2.802, 3.588, 2.452, 3.586, 7.917, 6.65, 5.347, 6.87, 6.754, 5.861, 5.766, 5.521, 6.075, 5.289, 5.395, 6.143, 7.961, 7.878, 7.042, 9.445, 11.245, 7.569, 5.463, 7.5, 5.385, 4.41, 3.805, 3.885, 3.091, 2.281, 2.43, 3.718, 2.834, 3.479, 1.666, 3.722, 6.319, 6.104, 4.71, 3.583, 3.08, 2.691, 3.316, 3.554, 3.265, 3.816, 2.808, 3.474, 4.385, 5.127, 6.702, 6.689, 5.436, 4.85, 5.999, 6.565, 5.368, 5.147], [4.393, 3.103, 11.372, 6.041, 2.43, 2.041, 4.763, 4.936, 5.356, 6.243, 4.717, 5.802, 6.987, 6.629, 6.298, 4.196, 2.402, 2.332, 1.605, 0.969, 0.0, 2.206, 3.397, 4.288, 4.23, 2.181, 1.907, 2.312, 2.084, 2.404, 2.597, 2.271, 2.966, 3.393, 3.547, 4.04, 3.557, 2.359, 2.708, 2.487, 2.205, 2.99, 3.663, 2.438, 3.293, 7.844, 6.577, 5.24, 6.724, 6.536, 5.688, 5.472, 5.204, 5.67, 4.988, 5.241, 5.993, 7.874, 7.788, 6.916, 9.384, 11.133, 7.447, 5.347, 7.413, 5.372, 4.173, 3.684, 3.847, 3.119, 2.315, 2.322, 3.545, 2.555, 3.367, 1.844, 3.672, 6.22, 6.023, 4.609, 3.509, 2.993, 2.549, 3.177, 3.433, 3.18, 3.695, 2.649, 3.431, 4.255, 5.021, 6.568, 6.586, 5.343, 4.644, 5.874, 6.489, 5.066, 4.981], [5.168, 3.513, 9.307, 4.022, 1.542, 2.94, 6.691, 6.786, 7.095, 7.96, 6.751, 7.866, 9.041, 8.695, 8.37, 6.147, 3.778, 4.231, 3.201, 2.356, 2.206, 0.0, 2.052, 2.545, 2.943, 1.939, 2.891, 3.358, 3.29, 4.34, 4.516, 3.559, 2.617, 2.991, 3.023, 3.377, 3.423, 2.774, 3.481, 3.377, 3.145, 4.392, 4.997, 3.301, 4.461, 9.151, 7.8, 6.645, 7.973, 7.829, 6.965, 6.852, 6.509, 6.969, 6.548, 6.804, 7.597, 9.79, 9.455, 8.69, 11.298, 13.085, 9.483, 6.917, 9.183, 6.947, 5.421, 4.776, 4.689, 3.592, 2.278, 2.725, 4.184, 3.756, 4.426, 3.46, 5.427, 8.15, 8.018, 6.401, 5.266, 4.493, 3.883, 4.134, 4.616, 4.183, 4.82, 4.111, 4.754, 6.011, 6.978, 8.411, 8.476, 7.027, 5.929, 7.209, 8.007, 6.465, 6.791], [6.698, 5.329, 9.09, 3.84, 1.454, 3.958, 7.015, 7.031, 7.251, 8.127, 6.986, 8.084, 9.258, 8.912, 8.557, 6.471, 4.458, 4.493, 3.631, 3.128, 3.397, 2.052, 0.0, 2.858, 3.457, 2.954, 3.789, 4.406, 4.633, 4.831, 5.061, 4.012, 3.651, 3.483, 3.749, 4.024, 3.942, 3.659, 4.604, 4.821, 4.589, 5.199, 5.605, 4.688, 5.975, 9.941, 8.999, 7.587, 9.263, 9.226, 8.422, 8.383, 8.062, 8.607, 8.005, 8.071, 8.669, 10.054, 9.835, 8.977, 11.458, 13.26, 9.694, 7.274, 9.34, 7.414, 6.779, 6.416, 6.355, 5.146, 3.378, 4.275, 5.965, 5.354, 6.029, 3.924, 5.745, 8.349, 8.181, 6.677, 5.85, 5.804, 5.012, 5.328, 5.624, 5.34, 5.903, 5.198, 5.84, 6.72, 7.382, 8.705, 8.753, 7.945, 7.472, 8.375, 9.076, 8.049, 7.443], [5.053, 3.685, 7.209, 2.538, 2.924, 5.019, 8.871, 9.035, 9.248, 10.116, 8.849, 9.979, 11.151, 10.802, 10.42, 8.256, 6.01, 6.402, 5.352, 4.236, 4.288, 2.545, 2.858, 0.0, 1.314, 2.371, 3.897, 4.689, 4.952, 6.463, 6.661, 5.658, 2.825, 2.022, 2.356, 2.692, 2.758, 3.831, 5.424, 5.289, 4.49, 6.283, 7.022, 5.14, 6.203, 11.214, 9.826, 8.777, 9.865, 9.452, 8.516, 8.629, 8.127, 8.651, 8.605, 8.902, 9.671, 11.927, 11.482, 10.768, 13.569, 15.302, 11.575, 9.03, 11.401, 9.138, 7.016, 6.469, 5.547, 3.931, 3.039, 3.899, 4.501, 4.955, 5.671, 5.471, 7.532, 10.264, 10.26, 8.542, 7.412, 6.556, 5.992, 5.926, 6.81, 6.352, 6.863, 6.185, 6.696, 8.221, 9.2, 10.631, 10.739, 9.278, 7.926, 9.232, 10.255, 8.307, 9.006], [4.771, 3.634, 7.208, 2.692, 3.073, 5.076, 8.759, 8.882, 9.23, 10.164, 8.91, 9.966, 11.139, 10.794, 10.421, 8.243, 5.916, 6.304, 5.239, 4.162, 4.23, 2.943, 3.457, 1.314, 0.0, 2.319, 3.739, 4.597, 4.788, 6.433, 6.619, 5.493, 2.749, 2.192, 2.156, 2.619, 2.55, 3.686, 5.203, 5.088, 4.475, 6.159, 6.866, 4.842, 5.871, 10.882, 9.489, 8.515, 9.567, 9.129, 8.203, 8.399, 7.91, 8.443, 8.588, 8.785, 9.707, 11.838, 11.47, 10.713, 13.396, 15.17, 11.576, 8.98, 11.28, 8.966, 6.775, 6.157, 5.247, 3.941, 2.824, 3.69, 4.315, 4.679, 5.453, 5.5, 7.703, 10.273, 10.119, 8.448, 7.312, 6.539, 5.951, 5.981, 6.824, 6.421, 6.826, 6.124, 6.824, 8.142, 9.082, 10.513, 10.578, 9.093, 7.663, 8.827, 10.032, 8.047, 8.896], [4.269, 3.048, 9.399, 4.157, 2.112, 3.069, 6.688, 6.831, 7.14, 8.042, 6.715, 7.789, 8.961, 8.646, 8.313, 6.128, 3.82, 4.236, 3.265, 2.2, 2.181, 1.939, 2.954, 2.371, 2.319, 0.0, 1.906, 2.602, 2.721, 4.264, 4.497, 3.611, 1.693, 2.2, 2.077, 2.733, 2.442, 2.204, 3.495, 3.227, 2.639, 4.026, 4.89, 3.156, 4.408, 9.327, 8.018, 6.746, 8.141, 7.767, 6.889, 6.841, 6.336, 6.895, 6.524, 6.833, 7.588, 9.804, 9.447, 8.712, 11.341, 13.081, 9.427, 7.025, 9.288, 7.066, 5.4, 4.73, 3.984, 2.816, 1.526, 2.537, 3.701, 3.613, 4.304, 3.363, 5.569, 8.147, 8.073, 6.453, 5.302, 4.591, 4.004, 4.287, 4.871, 4.575, 4.963, 4.162, 4.932, 6.055, 7.036, 8.361, 8.535, 7.069, 6.044, 7.267, 8.035, 6.177, 6.819], [3.273, 3.185, 10.79, 5.628, 2.943, 3.005, 5.467, 5.611, 6.131, 7.286, 5.567, 6.445, 7.591, 7.369, 7.009, 4.938, 2.911, 3.116, 2.499, 1.763, 1.907, 2.891, 3.789, 3.897, 3.739, 1.906, 0.0, 1.475, 1.448, 2.863, 3.092, 2.546, 1.974, 2.94, 2.686, 3.048, 2.66, 2.274, 2.531, 2.422, 1.969, 2.683, 3.336, 2.243, 3.369, 7.715, 6.559, 5.388, 6.86, 6.736, 5.768, 5.699, 5.312, 5.837, 5.55, 5.859, 6.501, 8.527, 8.111, 7.312, 9.879, 11.592, 8.114, 5.692, 7.987, 5.707, 4.447, 3.532, 3.049, 2.456, 2.055, 2.579, 3.129, 2.765, 3.382, 2.228, 4.631, 6.97, 6.674, 5.135, 3.931, 3.803, 3.229, 3.735, 3.771, 3.751, 4.279, 3.273, 3.981, 4.928, 5.677, 6.99, 7.176, 5.774, 4.926, 5.944, 6.633, 5.09, 5.374], [2.741, 3.573, 11.736, 6.466, 3.561, 2.967, 4.917, 5.122, 5.647, 6.779, 5.117, 5.483, 6.618, 6.378, 6.053, 4.416, 2.926, 2.657, 2.223, 2.029, 2.312, 3.358, 4.406, 4.689, 4.597, 2.602, 1.475, 0.0, 1.538, 2.125, 2.353, 2.421, 2.582, 3.544, 3.249, 3.674, 3.125, 2.148, 2.107, 1.826, 1.766, 1.985, 2.664, 2.101, 3.114, 6.848, 5.56, 4.546, 5.775, 5.543, 4.592, 4.575, 4.19, 4.835, 4.469, 4.727, 5.484, 7.591, 7.114, 6.355, 9.015, 10.74, 7.162, 4.99, 7.141, 4.862, 3.36, 2.576, 2.447, 2.491, 2.685, 2.803, 3.469, 2.463, 2.381, 1.649, 3.89, 6.087, 5.817, 4.178, 3.111, 3.029, 2.705, 3.051, 3.234, 3.192, 3.42, 2.755, 3.488, 4.084, 4.743, 6.095, 6.25, 4.796, 3.851, 4.831, 5.701, 4.187, 4.473], [3.031, 3.74, 11.94, 6.672, 3.579, 3.434, 4.707, 4.919, 5.513, 6.645, 5.022, 5.382, 6.467, 6.295, 5.915, 4.247, 3.15, 2.547, 2.244, 1.986, 2.084, 3.29, 4.633, 4.952, 4.788, 2.721, 1.448, 1.538, 0.0, 1.916, 2.283, 2.411, 2.681, 3.569, 3.199, 3.817, 3.175, 2.348, 2.265, 1.785, 1.822, 1.997, 2.574, 2.257, 3.572, 7.03, 5.932, 4.956, 6.21, 6.079, 5.087, 4.909, 4.655, 5.126, 4.689, 4.941, 5.708, 7.471, 7.266, 6.452, 8.76, 10.485, 7.017, 5.221, 7.155, 5.018, 4.007, 2.868, 2.684, 2.745, 2.906, 2.923, 3.606, 2.804, 2.902, 1.898, 3.975, 6.033, 5.647, 4.138, 3.137, 3.275, 2.801, 3.647, 3.51, 3.364, 3.871, 3.17, 3.978, 4.15, 4.587, 5.975, 6.029, 4.776, 4.244, 5.264, 5.788, 4.275, 4.413], [4.214, 4.895, 13.617, 8.256, 4.176, 2.649, 3.619, 3.703, 4.176, 5.19, 3.513, 3.749, 4.835, 4.67, 4.239, 2.931, 2.208, 1.412, 1.718, 2.53, 2.404, 4.34, 4.831, 6.463, 6.433, 4.264, 2.863, 2.125, 1.916, 0.0, 1.061, 1.804, 4.202, 4.971, 4.735, 5.356, 4.587, 3.23, 2.63, 2.447, 2.67, 2.348, 2.407, 3.121, 3.097, 5.968, 5.184, 4.182, 5.58, 5.516, 4.476, 4.34, 4.38, 4.857, 3.993, 4.264, 4.851, 6.108, 5.926, 5.111, 7.322, 8.982, 5.358, 4.161, 5.816, 3.992, 3.424, 3.036, 3.528, 3.791, 4.334, 3.735, 4.414, 2.803, 3.059, 1.622, 2.532, 4.542, 4.154, 2.755, 2.07, 2.632, 2.351, 2.907, 2.805, 2.753, 3.129, 2.265, 2.987, 3.054, 3.251, 4.642, 4.639, 3.922, 3.72, 4.546, 5.048, 4.152, 3.275], [4.313, 5.13, 13.8, 8.443, 4.469, 2.576, 3.689, 3.909, 4.403, 5.403, 3.744, 3.85, 4.904, 4.744, 4.291, 3.043, 2.127, 1.413, 1.719, 2.727, 2.597, 4.516, 5.061, 6.661, 6.619, 4.497, 3.092, 2.353, 2.283, 1.061, 0.0, 1.533, 4.311, 5.171, 4.893, 5.47, 4.658, 3.151, 2.29, 2.291, 2.523, 2.388, 2.338, 2.988, 3.207, 5.626, 5.004, 4.069, 5.559, 5.54, 4.547, 4.417, 4.721, 5.182, 4.193, 4.462, 4.947, 6.06, 5.84, 5.027, 7.247, 8.884, 5.355, 4.16, 5.887, 3.896, 3.467, 3.393, 4.063, 4.246, 4.539, 3.985, 4.8, 3.232, 3.58, 1.863, 2.637, 4.7, 4.328, 2.827, 2.121, 2.997, 2.538, 2.987, 2.817, 2.782, 3.158, 2.302, 3.038, 2.911, 3.232, 4.664, 4.763, 3.981, 3.993, 4.278, 4.96, 4.507, 3.199], [4.423, 4.396, 12.607, 7.372, 3.484, 2.632, 4.523, 4.628, 5.221, 6.353, 4.544, 4.999, 6.041, 5.882, 5.433, 3.973, 2.362, 2.026, 1.663, 2.402, 2.271, 3.559, 4.012, 5.658, 5.493, 3.611, 2.546, 2.421, 2.411, 1.804, 1.533, 0.0, 3.33, 4.472, 4.061, 4.334, 3.725, 2.41, 1.732, 2.289, 2.138, 2.54, 2.556, 2.112, 3.146, 6.299, 5.661, 4.704, 6.126, 6.117, 5.117, 5.052, 5.252, 5.726, 5.087, 5.38, 5.871, 7.12, 6.693, 5.941, 8.238, 9.897, 6.495, 4.745, 6.691, 4.671, 3.968, 3.833, 4.358, 4.339, 3.907, 3.626, 4.666, 3.276, 3.896, 2.145, 3.722, 5.683, 5.329, 3.662, 2.907, 3.879, 3.162, 3.419, 3.33, 3.393, 3.831, 2.887, 3.484, 4.003, 4.351, 5.597, 5.673, 4.901, 4.66, 4.966, 5.766, 5.225, 4.17], [3.488, 3.77, 9.621, 4.558, 3.037, 4.223, 7.024, 7.15, 7.819, 8.997, 7.161, 7.652, 8.783, 8.506, 8.098, 6.494, 4.485, 4.643, 3.812, 2.991, 2.966, 2.617, 3.651, 2.825, 2.749, 1.693, 1.974, 2.582, 2.681, 4.202, 4.311, 3.33, 0.0, 1.833, 1.244, 1.769, 1.567, 1.497, 2.862, 2.801, 2.296, 3.644, 4.449, 2.57, 4.194, 8.555, 7.284, 6.572, 7.455, 7.054, 6.13, 6.292, 5.707, 6.304, 6.35, 6.655, 7.593, 9.607, 9.187, 8.434, 10.927, 12.694, 9.205, 7.237, 9.125, 6.876, 5.178, 3.963, 3.672, 3.309, 2.454, 3.357, 3.874, 3.413, 3.939, 3.605, 6.254, 8.308, 7.893, 6.302, 5.05, 5.137, 4.591, 4.724, 5.215, 5.016, 5.391, 4.667, 5.199, 6.018, 6.792, 8.102, 8.234, 6.721, 5.628, 6.636, 7.53, 5.655, 6.436], [4.503, 4.087, 8.737, 3.593, 3.519, 4.761, 7.575, 7.879, 8.349, 9.42, 7.573, 8.451, 9.623, 9.289, 8.936, 7.031, 5.186, 5.189, 4.488, 3.461, 3.393, 2.991, 3.483, 2.022, 2.192, 2.2, 2.94, 3.544, 3.569, 4.971, 5.171, 4.472, 1.833, 0.0, 1.367, 1.922, 1.289, 2.555, 4.438, 4.015, 3.293, 4.95, 5.781, 4.084, 5.612, 10.266, 8.913, 7.797, 9.067, 8.733, 7.787, 7.654, 7.195, 7.731, 7.33, 7.679, 8.453, 10.541, 10.205, 9.488, 12.042, 13.77, 10.063, 8.165, 10.139, 8.003, 6.496, 5.634, 4.857, 4.047, 3.379, 4.206, 4.411, 4.532, 5.224, 4.171, 6.678, 8.913, 8.728, 7.171, 6.172, 5.809, 5.426, 5.648, 6.11, 5.942, 6.373, 5.304, 5.956, 6.858, 7.672, 9.173, 9.26, 7.874, 6.888, 8.138, 8.943, 7.139, 7.498], [3.902, 3.973, 9.013, 4.011, 3.362, 4.762, 7.59, 7.73, 8.353, 9.526, 7.687, 8.291, 9.396, 9.136, 8.708, 7.034, 5.103, 5.196, 4.39, 3.582, 3.547, 3.023, 3.749, 2.356, 2.156, 2.077, 2.686, 3.249, 3.199, 4.735, 4.893, 4.061, 1.244, 1.367, 0.0, 1.715, 1.422, 2.083, 3.778, 3.548, 2.808, 4.345, 5.228, 3.486, 5.039, 9.575, 8.298, 7.435, 8.462, 7.964, 6.963, 7.153, 6.642, 7.228, 7.087, 7.401, 8.317, 10.278, 9.926, 9.193, 11.649, 13.347, 9.806, 7.949, 9.926, 7.706, 5.958, 4.915, 4.333, 3.731, 3.118, 3.985, 4.218, 4.166, 4.679, 4.164, 6.775, 8.86, 8.515, 6.936, 5.774, 5.762, 5.21, 5.396, 5.913, 5.704, 6.161, 5.347, 5.908, 6.677, 7.475, 8.742, 8.909, 7.429, 6.563, 7.553, 8.324, 6.482, 7.111], [4.314, 4.18, 8.482, 3.733, 4.055, 5.275, 8.157, 8.284, 8.907, 10.065, 8.298, 9.025, 10.121, 9.931, 9.466, 7.692, 5.617, 5.768, 4.954, 4.056, 4.04, 3.377, 4.024, 2.692, 2.619, 2.733, 3.048, 3.674, 3.817, 5.356, 5.47, 4.334, 1.769, 1.922, 1.715, 0.0, 1.515, 2.503, 3.962, 3.862, 3.288, 4.882, 5.617, 3.651, 4.676, 9.511, 8.394, 7.849, 8.575, 8.09, 7.075, 7.432, 7.164, 7.535, 7.847, 8.125, 9.073, 11.08, 10.615, 9.866, 12.257, 14.01, 10.566, 8.432, 10.596, 8.36, 6.118, 5.314, 4.429, 4.019, 3.571, 4.308, 4.452, 4.369, 4.729, 4.899, 7.368, 9.601, 9.219, 7.649, 6.572, 6.201, 5.767, 5.702, 6.41, 6.058, 6.487, 5.695, 6.325, 7.456, 8.212, 9.589, 9.625, 8.17, 6.916, 7.875, 9.006, 7.171, 7.745], [4.062, 4.348, 9.207, 4.265, 3.855, 5.024, 7.558, 7.712, 8.37, 9.493, 7.677, 8.269, 9.381, 9.193, 8.771, 7.029, 5.256, 5.161, 4.375, 3.553, 3.557, 3.423, 3.942, 2.758, 2.55, 2.442, 2.66, 3.125, 3.175, 4.587, 4.658, 3.725, 1.567, 1.289, 1.422, 1.515, 0.0, 1.871, 3.579, 3.262, 2.656, 4.214, 5.019, 3.206, 4.971, 9.409, 8.275, 7.324, 8.543, 8.157, 7.128, 7.232, 6.676, 7.201, 7.199, 7.406, 8.345, 10.349, 9.954, 9.188, 11.525, 13.29, 9.871, 7.858, 9.803, 7.64, 6.087, 5.063, 4.391, 3.907, 3.304, 4.089, 4.437, 4.258, 4.692, 4.155, 6.724, 8.911, 8.473, 6.946, 5.894, 5.6, 5.192, 5.423, 5.948, 5.77, 6.032, 5.249, 5.85, 6.71, 7.465, 8.91, 8.911, 7.468, 6.471, 7.58, 8.395, 6.543, 7.063], [3.483, 3.902, 10.841, 5.581, 2.985, 3.834, 6.342, 6.534, 7.181, 8.282, 6.462, 6.726, 7.759, 7.57, 7.125, 5.798, 4.054, 3.935, 3.164, 2.391, 2.359, 2.774, 3.659, 3.831, 3.686, 2.204, 2.274, 2.148, 2.348, 3.23, 3.151, 2.41, 1.497, 2.555, 2.083, 2.503, 1.871, 0.0, 1.966, 1.837, 1.408, 2.712, 3.499, 2.04, 3.883, 7.893, 6.896, 6.208, 7.163, 6.753, 5.684, 5.584, 5.296, 5.783, 5.69, 5.879, 6.787, 8.742, 8.29, 7.575, 9.901, 11.636, 8.185, 6.681, 8.473, 6.323, 4.938, 3.752, 3.927, 3.718, 2.964, 3.383, 4.377, 3.33, 3.749, 2.957, 5.521, 7.561, 7.14, 5.506, 4.473, 4.448, 4.073, 4.352, 4.787, 4.604, 4.951, 4.103, 4.698, 5.331, 5.937, 7.297, 7.27, 5.921, 5.03, 5.98, 6.829, 5.103, 5.531], [3.199, 4.17, 12.147, 7.098, 3.695, 3.538, 5.619, 5.742, 6.421, 7.565, 5.806, 5.896, 6.787, 6.54, 6.13, 5.106, 3.459, 3.204, 2.443, 2.366, 2.708, 3.481, 4.604, 5.424, 5.203, 3.495, 2.531, 2.107, 2.265, 2.63, 2.29, 1.732, 2.862, 4.438, 3.778, 3.962, 3.579, 1.966, 0.0, 1.344, 1.538, 1.942, 2.194, 1.638, 3.243, 6.106, 5.379, 4.976, 5.953, 5.656, 4.566, 4.666, 4.659, 5.152, 4.969, 5.275, 6.008, 7.722, 7.21, 6.535, 8.693, 10.459, 7.141, 5.734, 7.52, 5.186, 3.995, 3.132, 3.701, 3.804, 3.664, 3.387, 4.372, 3.144, 3.251, 2.358, 4.765, 6.749, 6.288, 4.654, 3.547, 3.963, 3.53, 3.839, 3.901, 3.747, 4.225, 3.458, 4.073, 4.577, 5.008, 6.207, 6.172, 4.828, 4.299, 4.685, 5.529, 4.633, 4.534], [3.106, 4.198, 12.212, 6.969, 3.899, 3.743, 5.628, 5.809, 6.421, 7.519, 5.823, 6.032, 7.004, 6.754, 6.341, 5.078, 3.738, 3.201, 2.696, 2.267, 2.487, 3.377, 4.821, 5.289, 5.088, 3.227, 2.422, 1.826, 1.785, 2.447, 2.291, 2.289, 2.801, 4.015, 3.548, 3.862, 3.262, 1.837, 1.344, 0.0, 1.14, 2.021, 2.249, 1.602, 3.508, 6.695, 5.942, 5.317, 6.381, 6.102, 5.007, 4.662, 4.687, 5.116, 4.931, 5.274, 6.164, 7.978, 7.491, 6.88, 8.907, 10.518, 7.335, 5.938, 7.77, 5.588, 4.24, 3.055, 3.476, 3.54, 3.377, 3.28, 4.289, 3.015, 3.126, 2.511, 4.721, 6.77, 6.373, 4.736, 3.77, 3.618, 3.38, 3.766, 4.013, 3.816, 4.133, 3.378, 4.159, 4.609, 5.195, 6.543, 6.387, 5.092, 4.3, 5.125, 5.849, 4.617, 4.741], [3.041, 3.468, 11.614, 6.264, 3.719, 3.532, 5.814, 6.044, 6.631, 7.687, 5.859, 6.254, 7.272, 7.072, 6.624, 5.191, 3.677, 3.388, 2.688, 2.114, 2.205, 3.145, 4.589, 4.49, 4.475, 2.639, 1.969, 1.766, 1.822, 2.67, 2.523, 2.138, 2.296, 3.293, 2.808, 3.288, 2.656, 1.408, 1.538, 1.14, 0.0, 2.198, 2.789, 1.516, 3.464, 7.358, 6.34, 5.644, 6.672, 6.377, 5.304, 5.046, 4.892, 5.281, 5.216, 5.605, 6.4, 8.311, 7.821, 7.105, 9.508, 11.183, 7.697, 6.149, 8.106, 5.922, 4.412, 3.293, 3.35, 3.116, 2.844, 2.85, 3.839, 2.833, 3.192, 2.457, 4.907, 6.938, 6.658, 4.982, 4.054, 3.892, 3.57, 3.785, 4.197, 4.004, 4.408, 3.481, 4.076, 4.881, 5.469, 6.874, 6.913, 5.536, 4.689, 5.607, 6.416, 4.75, 5.043], [3.388, 4.874, 13.232, 7.988, 4.299, 4.138, 5.623, 5.622, 6.149, 7.339, 5.757, 5.541, 5.825, 5.433, 5.476, 5.005, 3.884, 3.079, 2.765, 2.802, 2.99, 4.392, 5.199, 6.283, 6.159, 4.026, 2.683, 1.985, 1.997, 2.348, 2.388, 2.54, 3.644, 4.95, 4.345, 4.882, 4.214, 2.712, 1.942, 2.021, 2.198, 0.0, 1.571, 2.337, 4.148, 6.255, 5.514, 5.274, 5.865, 5.682, 4.477, 4.265, 4.033, 4.634, 4.305, 4.551, 5.188, 6.705, 6.412, 5.668, 7.811, 9.459, 6.046, 5.422, 6.788, 4.76, 4.118, 2.826, 3.609, 4.016, 4.065, 3.994, 4.952, 3.764, 3.31, 2.134, 4.499, 6.063, 5.513, 4.118, 3.442, 4.108, 3.656, 4.361, 4.234, 4.307, 4.548, 3.959, 4.763, 4.835, 4.443, 5.26, 5.193, 4.064, 4.135, 4.455, 4.968, 3.967, 3.914], [3.83, 5.376, 13.947, 8.732, 5.021, 4.213, 5.403, 5.58, 6.094, 7.265, 5.653, 5.462, 5.902, 5.518, 5.434, 4.9, 3.726, 3.058, 2.804, 3.588, 3.663, 4.997, 5.605, 7.022, 6.866, 4.89, 3.336, 2.664, 2.574, 2.407, 2.338, 2.556, 4.449, 5.781, 5.228, 5.617, 5.019, 3.499, 2.194, 2.249, 2.789, 1.571, 0.0, 2.678, 4.281, 5.745, 5.581, 5.152, 6.094, 5.955, 4.806, 4.465, 4.257, 5.007, 4.763, 5.025, 5.478, 6.685, 6.153, 5.578, 7.66, 9.034, 5.99, 5.19, 6.823, 4.682, 4.252, 3.201, 4.003, 4.523, 4.885, 4.37, 5.26, 3.925, 3.556, 2.659, 4.354, 6.082, 5.606, 4.016, 3.397, 4.358, 3.948, 4.453, 4.189, 4.274, 4.543, 3.95, 4.673, 4.639, 4.397, 5.353, 5.183, 4.331, 4.408, 4.477, 4.985, 4.411, 4.043], [3.154, 3.74, 11.589, 6.842, 3.72, 3.749, 6.174, 6.259, 6.95, 8.121, 6.307, 6.736, 7.742, 7.555, 7.118, 5.638, 3.781, 3.757, 2.926, 2.452, 2.438, 3.301, 4.688, 5.14, 4.842, 3.156, 2.243, 2.101, 2.257, 3.121, 2.988, 2.112, 2.57, 4.084, 3.486, 3.651, 3.206, 2.04, 1.638, 1.602, 1.516, 2.337, 2.678, 0.0, 2.9, 6.849, 6.019, 5.342, 6.314, 6.037, 5.166, 5.238, 5.069, 5.61, 5.611, 5.924, 6.817, 8.731, 8.222, 7.531, 9.663, 11.401, 8.155, 6.251, 8.251, 5.903, 4.394, 3.127, 3.629, 3.657, 3.151, 3.178, 3.916, 2.785, 3.251, 2.723, 5.324, 7.368, 6.954, 5.34, 4.195, 4.219, 3.696, 4.192, 4.346, 4.314, 4.601, 3.813, 4.474, 5.241, 5.868, 7.164, 7.156, 5.739, 4.822, 5.291, 6.421, 4.831, 5.362], [3.653, 3.772, 12.093, 7.75, 4.997, 2.697, 4.894, 4.989, 5.646, 6.807, 5.069, 5.842, 6.943, 6.75, 6.289, 4.465, 2.509, 3.315, 3.441, 3.586, 3.293, 4.461, 5.975, 6.203, 5.871, 4.408, 3.369, 3.114, 3.572, 3.097, 3.207, 3.146, 4.194, 5.612, 5.039, 4.676, 4.971, 3.883, 3.243, 3.508, 3.464, 4.148, 4.281, 2.9, 0.0, 5.571, 4.605, 4.162, 4.709, 4.062, 3.666, 4.388, 4.499, 4.995, 4.75, 5.026, 5.884, 7.904, 7.424, 6.69, 8.932, 10.777, 7.376, 5.124, 7.286, 4.923, 2.757, 2.998, 3.261, 3.331, 3.955, 3.247, 3.144, 1.972, 2.797, 3.711, 4.161, 6.425, 6.038, 4.47, 3.301, 3.099, 2.594, 2.548, 3.088, 2.797, 3.183, 2.479, 3.089, 4.243, 5.037, 6.353, 6.415, 4.925, 3.917, 4.244, 5.572, 4.349, 4.563], [6.945, 8.844, 17.251, 12.728, 9.316, 6.638, 4.218, 4.059, 4.798, 5.03, 5.149, 4.239, 3.796, 3.692, 3.304, 4.467, 5.802, 5.988, 6.708, 7.917, 7.844, 9.151, 9.941, 11.214, 10.882, 9.327, 7.715, 6.848, 7.03, 5.968, 5.626, 6.299, 8.555, 10.266, 9.575, 9.511, 9.409, 7.893, 6.106, 6.695, 7.358, 6.255, 5.745, 6.849, 5.571, 0.0, 1.836, 2.861, 2.135, 2.486, 3.034, 3.351, 4.394, 3.703, 3.575, 3.488, 3.151, 2.901, 2.843, 2.734, 3.567, 5.342, 2.905, 3.577, 2.776, 2.81, 4.295, 4.992, 5.784, 7.575, 8.949, 8.133, 7.871, 6.394, 5.776, 6.939, 5.247, 3.676, 4.267, 3.717, 4.604, 5.314, 5.882, 5.758, 4.945, 5.352, 4.625, 5.478, 4.9, 4.021, 3.409, 2.577, 2.827, 3.095, 3.491, 2.69, 2.98, 4.005, 3.126], [6.049, 7.601, 15.924, 11.382, 8.159, 5.396, 4.136, 4.046, 4.737, 5.283, 5.024, 4.187, 4.337, 3.829, 3.475, 3.926, 4.856, 5.137, 5.724, 6.65, 6.577, 7.8, 8.999, 9.826, 9.489, 8.018, 6.559, 5.56, 5.932, 5.184, 5.004, 5.661, 7.284, 8.913, 8.298, 8.394, 8.275, 6.896, 5.379, 5.942, 6.34, 5.514, 5.581, 6.019, 4.605, 1.836, 0.0, 1.722, 1.23, 1.464, 1.889, 2.371, 3.274, 2.733, 2.312, 2.183, 2.239, 3.533, 3.175, 2.641, 4.711, 6.547, 3.345, 3.394, 3.169, 2.011, 2.944, 3.579, 4.425, 6.252, 7.587, 6.704, 6.439, 5.052, 4.409, 5.759, 4.535, 3.81, 4.105, 3.061, 3.593, 3.906, 4.592, 4.421, 3.882, 4.057, 3.362, 4.2, 3.621, 3.305, 3.015, 2.88, 2.495, 2.106, 2.274, 1.835, 2.403, 2.869, 2.222], [6.177, 7.004, 15.366, 10.477, 6.823, 4.1, 2.949, 2.783, 3.469, 3.997, 3.789, 3.46, 4.105, 3.724, 3.038, 2.689, 3.423, 3.693, 4.287, 5.347, 5.24, 6.645, 7.587, 8.777, 8.515, 6.746, 5.388, 4.546, 4.956, 4.182, 4.069, 4.704, 6.572, 7.797, 7.435, 7.849, 7.324, 6.208, 4.976, 5.317, 5.644, 5.274, 5.152, 5.342, 4.162, 2.861, 1.722, 0.0, 2.203, 2.208, 2.299, 2.824, 3.49, 3.206, 2.276, 2.198, 2.505, 3.958, 3.64, 3.038, 5.228, 7.125, 3.664, 2.262, 3.269, 1.375, 2.418, 3.565, 3.826, 5.276, 6.406, 5.521, 5.715, 4.154, 3.783, 4.527, 3.144, 2.881, 3.608, 2.249, 2.611, 2.616, 3.266, 3.32, 2.6, 2.853, 2.173, 2.925, 2.541, 2.225, 2.514, 2.795, 2.849, 2.095, 2.079, 2.242, 2.695, 2.961, 2.046], [6.251, 7.565, 15.961, 11.389, 8.405, 5.661, 4.668, 4.488, 5.256, 5.683, 5.65, 4.894, 4.953, 4.459, 4.16, 4.53, 5.303, 5.504, 5.947, 6.87, 6.724, 7.973, 9.263, 9.865, 9.567, 8.141, 6.86, 5.775, 6.21, 5.58, 5.559, 6.126, 7.455, 9.067, 8.462, 8.575, 8.543, 7.163, 5.953, 6.381, 6.672, 5.865, 6.094, 6.314, 4.709, 2.135, 1.23, 2.203, 0.0, 1.347, 2.042, 2.387, 3.228, 2.725, 2.333, 2.12, 2.273, 3.352, 3.278, 2.949, 4.689, 6.396, 3.724, 3.901, 3.127, 2.575, 2.977, 3.741, 4.508, 6.288, 7.662, 6.852, 6.574, 5.052, 4.441, 5.986, 5.016, 4.312, 4.676, 3.535, 3.835, 4.107, 4.692, 4.556, 4.257, 4.309, 3.621, 4.416, 3.912, 3.708, 3.764, 3.352, 2.899, 2.429, 2.513, 2.198, 2.8, 2.926, 2.613], [5.47, 6.973, 15.324, 10.98, 8.328, 5.643, 4.781, 4.643, 5.378, 5.921, 5.715, 4.89, 5.049, 4.551, 4.169, 4.57, 5.293, 5.53, 5.977, 6.754, 6.536, 7.829, 9.226, 9.452, 9.129, 7.767, 6.736, 5.543, 6.079, 5.516, 5.54, 6.117, 7.054, 8.733, 7.964, 8.09, 8.157, 6.753, 5.656, 6.102, 6.377, 5.682, 5.955, 6.037, 4.062, 2.486, 1.464, 2.208, 1.347, 0.0, 1.428, 2.265, 2.91, 2.539, 2.256, 2.002, 2.36, 4.182, 3.824, 3.279, 5.465, 7.316, 4.038, 4.003, 3.889, 2.549, 2.69, 3.422, 4.082, 5.763, 7.262, 6.337, 6.049, 4.642, 3.97, 5.955, 5.08, 4.453, 4.697, 3.578, 3.833, 3.882, 4.565, 4.373, 4.316, 4.368, 3.553, 4.435, 3.934, 3.786, 3.876, 3.485, 3.087, 2.391, 2.11, 2.081, 2.779, 2.535, 2.578], [4.765, 6.25, 14.764, 10.204, 7.459, 5.029, 4.46, 4.543, 5.154, 5.867, 5.361, 4.476, 4.73, 4.167, 3.709, 4.067, 4.794, 4.871, 5.156, 5.861, 5.688, 6.965, 8.422, 8.516, 8.203, 6.889, 5.768, 4.592, 5.087, 4.476, 4.547, 5.117, 6.13, 7.787, 6.963, 7.075, 7.128, 5.684, 4.566, 5.007, 5.304, 4.477, 4.806, 5.166, 3.666, 3.034, 1.889, 2.299, 2.042, 1.428, 0.0, 1.518, 2.17, 2.08, 1.83, 1.853, 2.696, 4.605, 4.128, 3.436, 5.781, 7.605, 4.147, 3.728, 4.363, 2.309, 2.036, 2.564, 3.329, 4.922, 6.423, 5.455, 5.227, 3.863, 3.042, 5.128, 4.575, 4.27, 4.25, 2.973, 3.283, 3.086, 3.778, 3.834, 3.831, 3.829, 3.079, 3.775, 3.438, 3.561, 3.485, 3.435, 3.158, 2.076, 1.459, 1.692, 2.546, 1.949, 1.858], [5.287, 6.767, 15.451, 10.271, 7.38, 4.981, 4.688, 4.784, 5.34, 5.954, 5.566, 4.676, 4.817, 3.991, 3.77, 4.284, 4.817, 4.833, 5.086, 5.766, 5.472, 6.852, 8.383, 8.629, 8.399, 6.841, 5.699, 4.575, 4.909, 4.34, 4.417, 5.052, 6.292, 7.654, 7.153, 7.432, 7.232, 5.584, 4.666, 4.662, 5.046, 4.265, 4.465, 5.238, 4.388, 3.351, 2.371, 2.824, 2.387, 2.265, 1.518, 0.0, 1.707, 1.397, 1.422, 1.504, 2.213, 4.026, 3.464, 2.986, 5.279, 6.945, 3.558, 3.98, 4.408, 2.662, 2.706, 2.926, 3.607, 5.262, 6.619, 5.809, 5.879, 4.297, 3.604, 4.976, 4.498, 4.401, 4.447, 3.101, 3.463, 3.12, 3.792, 4.126, 3.939, 3.983, 3.422, 3.829, 3.665, 3.788, 3.633, 3.459, 2.635, 1.79, 1.478, 1.941, 2.238, 1.857, 1.848], [4.889, 6.362, 14.908, 9.948, 7.105, 5.205, 5.477, 5.601, 6.202, 6.891, 6.295, 5.568, 5.821, 4.807, 4.756, 5.058, 4.962, 4.982, 4.957, 5.521, 5.204, 6.509, 8.062, 8.127, 7.91, 6.336, 5.312, 4.19, 4.655, 4.38, 4.721, 5.252, 5.707, 7.195, 6.642, 7.164, 6.676, 5.296, 4.659, 4.687, 4.892, 4.033, 4.257, 5.069, 4.499, 4.394, 3.274, 3.49, 3.228, 2.91, 2.17, 1.707, 0.0, 1.307, 2.139, 2.161, 2.666, 4.392, 3.823, 3.394, 5.687, 7.356, 4.199, 4.766, 5.183, 3.396, 2.823, 2.421, 3.219, 4.727, 5.96, 5.11, 5.38, 3.848, 3.04, 4.823, 5.053, 5.319, 5.001, 3.737, 3.909, 3.5, 3.833, 4.344, 4.382, 4.119, 3.763, 4.235, 4.335, 4.615, 4.491, 4.296, 3.119, 2.317, 2.074, 2.379, 2.421, 1.352, 2.831], [5.391, 6.867, 15.435, 10.303, 7.649, 5.65, 5.294, 5.397, 5.982, 6.635, 6.153, 5.345, 5.556, 4.552, 4.58, 5.001, 5.421, 5.467, 5.532, 6.075, 5.67, 6.969, 8.607, 8.651, 8.443, 6.895, 5.837, 4.835, 5.126, 4.857, 5.182, 5.726, 6.304, 7.731, 7.228, 7.535, 7.201, 5.783, 5.152, 5.116, 5.281, 4.634, 5.007, 5.61, 4.995, 3.703, 2.733, 3.206, 2.725, 2.539, 2.08, 1.397, 1.307, 0.0, 1.815, 1.782, 2.249, 3.8, 3.318, 2.8, 5.117, 6.881, 4.061, 4.588, 4.69, 3.232, 3.237, 3.067, 3.633, 5.215, 6.545, 5.762, 5.833, 4.361, 3.668, 5.387, 5.196, 5.105, 5.08, 3.823, 4.089, 3.596, 4.257, 4.679, 4.61, 4.53, 3.914, 4.471, 4.268, 4.375, 4.218, 4.075, 2.759, 2.15, 1.715, 2.356, 2.222, 1.451, 2.519], [6.0, 7.048, 15.713, 10.351, 6.996, 4.446, 3.682, 3.92, 4.389, 5.057, 4.478, 3.796, 4.101, 3.184, 3.069, 3.44, 4.256, 4.213, 4.64, 5.289, 4.988, 6.548, 8.005, 8.605, 8.588, 6.524, 5.55, 4.469, 4.689, 3.993, 4.193, 5.087, 6.35, 7.33, 7.087, 7.847, 7.199, 5.69, 4.969, 4.931, 5.216, 4.305, 4.763, 5.611, 4.75, 3.575, 2.312, 2.276, 2.333, 2.256, 1.83, 1.422, 2.139, 1.815, 0.0, 1.068, 1.461, 3.48, 3.142, 2.519, 5.027, 6.753, 3.153, 3.26, 3.611, 2.007, 2.747, 3.157, 3.853, 5.298, 6.441, 5.743, 6.07, 4.501, 3.785, 4.503, 3.767, 3.545, 3.727, 2.526, 2.857, 2.622, 3.316, 3.768, 3.409, 3.456, 2.825, 3.283, 2.97, 2.81, 2.77, 2.779, 2.229, 1.587, 1.411, 1.967, 2.141, 1.903, 1.467], [6.289, 7.369, 15.877, 10.585, 7.009, 4.676, 3.878, 3.855, 4.49, 5.065, 4.749, 4.032, 4.278, 3.498, 3.329, 3.589, 4.421, 4.454, 4.771, 5.395, 5.241, 6.804, 8.071, 8.902, 8.785, 6.833, 5.859, 4.727, 4.941, 4.264, 4.462, 5.38, 6.655, 7.679, 7.401, 8.125, 7.406, 5.879, 5.275, 5.274, 5.605, 4.551, 5.025, 5.924, 5.026, 3.488, 2.183, 2.198, 2.12, 2.002, 1.853, 1.504, 2.161, 1.782, 1.068, 0.0, 1.237, 3.168, 2.94, 2.278, 4.71, 6.476, 3.064, 3.249, 3.28, 1.867, 2.919, 3.361, 4.09, 5.602, 6.657, 5.917, 6.234, 4.687, 3.992, 4.672, 3.93, 3.604, 3.746, 2.645, 2.905, 2.723, 3.57, 3.887, 3.562, 3.637, 2.914, 3.628, 3.16, 2.929, 2.982, 2.822, 1.966, 1.459, 1.528, 2.03, 1.925, 1.856, 1.57], [7.241, 8.179, 16.85, 11.471, 7.756, 5.006, 3.702, 3.738, 4.263, 4.759, 4.463, 3.815, 3.974, 3.091, 3.06, 3.506, 4.706, 4.825, 5.356, 6.143, 5.993, 7.597, 8.669, 9.671, 9.707, 7.588, 6.501, 5.484, 5.708, 4.851, 4.947, 5.871, 7.593, 8.453, 8.317, 9.073, 8.345, 6.787, 6.008, 6.164, 6.4, 5.188, 5.478, 6.817, 5.884, 3.151, 2.239, 2.505, 2.273, 2.36, 2.696, 2.213, 2.666, 2.249, 1.461, 1.237, 0.0, 2.319, 1.945, 1.651, 3.898, 5.642, 2.319, 3.172, 2.972, 2.045, 3.599, 4.348, 5.045, 6.44, 7.603, 6.874, 7.207, 5.645, 5.006, 5.182, 4.101, 3.328, 3.797, 2.995, 3.397, 3.557, 4.295, 4.391, 3.857, 4.11, 3.432, 4.067, 3.369, 2.82, 2.822, 2.611, 1.543, 1.713, 2.339, 2.323, 1.695, 2.54, 2.104], [9.096, 10.358, 19.045, 13.667, 9.526, 6.945, 3.792, 3.588, 4.297, 4.359, 4.619, 3.955, 3.394, 2.896, 3.02, 4.078, 6.113, 5.8, 6.763, 7.961, 7.874, 9.79, 10.054, 11.927, 11.838, 9.804, 8.527, 7.591, 7.471, 6.108, 6.06, 7.12, 9.607, 10.541, 10.278, 11.08, 10.349, 8.742, 7.722, 7.978, 8.311, 6.705, 6.685, 8.731, 7.904, 2.901, 3.533, 3.958, 3.352, 4.182, 4.605, 4.026, 4.392, 3.8, 3.48, 3.168, 2.319, 0.0, 1.099, 1.481, 1.836, 3.422, 1.802, 3.832, 2.157, 3.255, 5.611, 6.347, 7.141, 8.659, 9.785, 9.069, 9.402, 7.821, 7.091, 6.73, 5.008, 3.228, 3.955, 3.723, 4.75, 5.639, 6.328, 6.367, 5.465, 5.937, 5.338, 5.917, 5.328, 3.95, 3.152, 2.063, 1.998, 3.059, 4.42, 3.759, 2.767, 4.48, 3.439], [8.531, 9.94, 18.677, 13.298, 9.371, 6.609, 4.171, 4.033, 4.726, 5.037, 4.994, 4.226, 3.865, 3.173, 3.221, 4.