[[0.0, 1.617, 3.044, 3.931, 5.644, 7.829, 6.978, 6.482, 7.994, 9.38, 10.467, 10.709, 11.916, 12.215, 10.943, 9.713, 11.418, 12.191, 12.281, 12.49, 13.635, 12.976, 12.338, 13.848, 16.48, 15.158, 14.863, 12.034, 10.79, 10.685, 7.569, 7.47, 7.789, 7.577, 7.379, 7.011, 6.973, 6.295, 6.041, 6.295, 6.19, 6.432, 7.043, 7.482, 6.977, 6.842, 6.437, 5.599, 4.72, 4.909, 7.379, 6.206], [1.617, 0.0, 2.097, 3.018, 4.959, 7.121, 6.133, 5.889, 7.374, 8.752, 9.853, 10.078, 11.391, 11.652, 10.354, 9.189, 10.358, 11.24, 11.425, 11.544, 12.544, 11.955, 11.289, 12.799, 15.399, 14.082, 13.936, 11.315, 10.096, 10.078, 7.032, 6.879, 7.376, 7.508, 7.405, 6.964, 6.71, 5.883, 5.757, 5.886, 5.716, 5.964, 6.564, 6.98, 6.493, 6.349, 5.89, 5.079, 4.052, 4.454, 6.776, 5.549], [3.044, 2.097, 0.0, 1.826, 3.517, 5.641, 4.851, 4.506, 6.103, 7.469, 8.554, 8.791, 10.075, 10.359, 9.058, 7.867, 8.887, 9.599, 10.024, 10.065, 11.073, 10.36, 9.852, 11.155, 13.886, 12.719, 12.344, 9.814, 8.686, 8.764, 5.903, 5.557, 6.766, 7.341, 7.484, 6.948, 6.4, 5.489, 5.457, 5.776, 5.118, 5.239, 5.791, 5.779, 5.478, 5.426, 4.758, 4.314, 3.476, 3.953, 5.457, 4.17], [3.931, 3.018, 1.826, 0.0, 2.751, 4.917, 3.538, 3.182, 4.646, 6.006, 6.983, 7.292, 8.757, 9.017, 7.667, 6.543, 8.735, 9.465, 9.784, 10.303, 11.363, 10.428, 10.113, 11.147, 13.915, 12.956, 12.235, 9.333, 7.866, 7.216, 4.333, 4.065, 5.195, 6.364, 6.816, 6.233, 5.402, 4.312, 4.606, 5.244, 4.294, 4.174, 4.392, 4.257, 3.891, 3.871, 3.236, 2.921, 2.622, 3.307, 3.945, 3.466], [5.644, 4.959, 3.517, 2.751, 0.0, 2.516, 2.408, 2.46, 3.546, 4.4, 5.698, 5.768, 6.728, 7.001, 5.737, 4.434, 6.283, 7.042, 7.33, 7.783, 8.871, 7.854, 7.653, 8.677, 11.443, 10.564, 9.654, 6.994, 5.591, 6.017, 5.111, 3.895, 6.293, 8.731, 9.254, 8.734, 7.712, 6.714, 7.039, 7.737, 6.671, 6.419, 6.322, 4.566, 4.579, 5.283, 4.362, 4.166, 5.062, 5.776, 3.725, 2.183], [7.829, 7.121, 5.641, 4.917, 2.516, 0.0, 2.379, 3.217, 2.936, 2.839, 4.077, 4.132, 4.858, 5.092, 3.898, 2.59, 4.123, 4.887, 5.165, 5.709, 6.814, 5.787, 5.695, 6.481, 9.347, 8.474, 7.413, 4.679, 3.335, 4.499, 6.985, 4.858, 8.245, 10.772, 11.287, 10.795, 9.701, 8.667, 9.055, 9.773, 8.619, 8.287, 8.047, 6.251, 6.284, 7.13, 6.247, 6.16, 7.098, 7.745, 4.915, 2.698], [6.978, 6.133, 4.851, 3.538, 2.408, 2.379, 0.0, 1.403, 1.878, 2.983, 3.83, 4.072, 5.509, 5.768, 4.356, 3.497, 6.183, 6.947, 7.305, 7.831, 8.903, 7.849, 7.821, 8.572, 11.461, 10.61, 9.505, 6.742, 5.271, 4.165, 4.754, 2.709, 6.081, 8.601, 9.106, 8.605, 7.514, 6.504, 6.883, 7.588, 6.442, 6.062, 5.871, 4.088, 4.134, 4.924, 4.004, 4.074, 5.036, 5.564, 3.022, 3.32], [6.482, 5.889, 4.506, 3.182, 2.46, 3.217, 1.403, 0.0, 2.068, 3.347, 4.076, 4.461, 5.997, 6.251, 4.854, 4.135, 6.996, 7.794, 7.928, 8.61, 9.726, 8.745, 8.611, 9.426, 12.27, 11.398, 10.394, 7.488, 6.0, 4.347, 4.023, 2.173, 5.34, 7.831, 8.326, 7.83, 6.812, 5.759, 6.14, 6.805, 5.722, 5.335, 5.15, 3.344, 3.357, 4.171, 3.309, 3.244, 4.557, 4.857, 2.459, 3.358], [7.994, 7.374, 6.103, 4.646, 3.546, 2.936, 1.878, 2.068, 0.0, 1.896, 2.646, 2.821, 4.34, 4.787, 3.758, 3.266, 5.662, 6.757, 7.069, 7.923, 9.0, 8.207, 8.238, 8.613, 11.495, 10.723, 9.467, 6.526, 5.067, 2.87, 4.712, 2.749, 6.024, 8.507, 9.021, 8.444, 7.474, 6.456, 6.886, 7.506, 6.48, 6.03, 5.92, 4.092, 4.121, 4.871, 4.526, 4.771, 5.771, 5.755, 2.637, 3.468], [9.38, 8.752, 7.469, 6.006, 4.4, 2.839, 2.983, 3.347, 1.896, 0.0, 2.104, 1.822, 3.031, 3.297, 2.597, 2.222, 4.34, 5.164, 5.444, 6.699, 7.748, 7.158, 7.273, 7.089, 9.907, 9.191, 7.79, 4.907, 3.437, 1.822, 6.1, 4.038, 7.516, 10.026, 10.549, 10.03, 8.964, 7.942, 8.409, 9.014, 7.897, 7.483, 7.329, 5.562, 5.567, 6.331, 5.681, 6.092, 7.279, 7.127, 4.147, 3.993], [10.467, 9.853, 8.554, 6.983, 5.698, 4.077, 3.83, 4.076, 2.646, 2.104, 0.0, 1.197, 2.702, 3.363, 2.367, 2.734, 5.105, 6.32, 6.6, 7.548, 8.653, 7.717, 7.89, 8.084, 11.075, 10.366, 8.849, 6.036, 4.571, 1.918, 5.16, 3.759, 6.366, 8.954, 9.475, 9.078, 7.96, 7.141, 7.835, 8.289, 7.409, 6.756, 6.612, 4.982, 5.18, 5.668, 5.664, 6.369, 7.85, 7.145, 3.683, 5.255], [10.709, 10.078, 8.791, 7.292, 5.768, 4.132, 4.072, 4.461, 2.821, 1.822, 1.197, 0.0, 1.99, 2.595, 2.058, 2.585, 4.518, 5.504, 5.769, 6.873, 7.87, 7.17, 7.315, 7.278, 10.262, 9.543, 8.05, 5.221, 3.735, 1.363, 5.816, 4.266, 7.169, 9.692, 10.214, 9.687, 8.664, 7.636, 8.381, 8.923, 7.972, 7.206, 7.208, 5.373, 5.557, 6.18, 6.137, 6.86, 8.309, 7.622, 4.138, 5.243], [11.916, 11.391, 10.075, 8.757, 6.728, 4.858, 5.509, 5.997, 4.34, 3.031, 2.702, 1.99, 0.0, 1.28, 2.072, 2.615, 4.383, 4.412, 4.315, 5.958, 6.618, 6.133, 6.384, 5.813, 8.606, 7.86, 6.546, 3.685, 2.559, 2.648, 7.423, 5.835, 8.893, 11.358, 11.886, 11.405, 10.416, 9.421, 10.28, 10.753, 9.859, 9.02, 9.101, 7.267, 7.423, 8.002, 7.871, 8.52, 9.945, 9.411, 5.718, 6.266], [12.215, 11.652, 10.359, 9.017, 7.001, 5.092, 5.768, 6.251, 4.787, 3.297, 3.363, 2.595, 1.28, 0.0, 1.776, 2.723, 4.218, 4.135, 3.947, 5.817, 6.429, 5.863, 6.214, 5.233, 7.985, 7.298, 5.69, 3.226, 2.538, 2.852, 8.084, 6.007, 9.456, 12.066, 12.604, 12.105, 11.019, 9.946, 10.611, 11.087, 10.067, 9.497, 9.313, 7.55, 7.588, 8.464, 8.219, 8.855, 10.292, 9.679, 6.439, 6.347], [10.943, 10.354, 9.058, 7.667, 5.737, 3.898, 4.356, 4.854, 3.758, 2.597, 2.367, 2.058, 2.072, 1.776, 0.0, 1.554, 3.761, 4.529, 4.686, 5.689, 6.795, 5.918, 6.109, 6.227, 9.256, 8.561, 6.956, 4.245, 2.988, 2.548, 6.935, 4.818, 8.299, 10.896, 11.498, 10.998, 9.889, 8.815, 9.343, 9.878, 8.878, 8.315, 8.113, 6.382, 6.437, 7.37, 6.725, 7.348, 8.826, 8.375, 5.366, 5.166], [9.713, 9.189, 7.867, 6.543, 4.434, 2.59, 3.497, 4.135, 3.266, 2.222, 2.734, 2.585, 2.615, 2.723, 1.554, 0.0, 3.153, 4.143, 4.425, 5.364, 6.476, 5.467, 5.648, 6.035, 8.948, 8.245, 6.782, 3.986, 2.556, 3.1, 7.012, 4.916, 8.522, 11.037, 11.555, 11.052, 9.972, 8.957, 9.443, 10.021, 8.898, 8.479, 8.312, 6.558, 6.535, 7.367, 6.525, 6.886, 7.88, 8.111, 5.167, 3.909], [11.418, 10.358, 8.887, 8.735, 6.283, 4.123, 6.183, 6.996, 5.662, 4.34, 5.105, 4.518, 4.383, 4.218, 3.761, 3.153, 0.0, 1.997, 2.644, 3.003, 4.141, 3.612, 3.647, 3.658, 6.439, 5.787, 4.555, 3.065, 2.914, 4.792, 9.677, 7.683, 11.258, 13.786, 14.319, 13.745, 12.703, 11.714, 12.366, 12.733, 11.674, 11.224, 11.028, 9.32, 9.262, 10.153, 9.49, 9.826, 10.507, 10.998, 7.908, 5.632], [12.191, 11.24, 9.599, 9.465, 7.042, 4.887, 6.947, 7.794, 6.757, 5.164, 6.32, 5.504, 4.412, 4.135, 4.529, 4.143, 1.997, 0.0, 1.243, 2.323, 3.144, 2.776, 2.914, 2.489, 4.913, 4.351, 3.219, 2.039, 2.407, 5.514, 11.04, 9.046, 12.632, 15.133, 15.675, 15.075, 14.102, 13.055, 13.425, 14.084, 12.991, 12.566, 12.406, 10.643, 10.63, 11.377, 10.403, 10.648, 11.35, 12.13, 9.164, 6.759], [12.281, 11.425, 10.024, 9.784, 7.33, 5.165, 7.305, 7.928, 7.069, 5.444, 6.6, 5.769, 4.315, 3.947, 4.686, 4.425, 2.644, 1.243, 0.0, 2.144, 2.866, 2.571, 2.813, 2.211, 4.688, 3.892, 2.885, 1.708, 2.508, 5.78, 11.384, 9.315, 12.917, 15.416, 15.946, 15.363, 14.373, 13.341, 13.699, 14.381, 13.278, 12.838, 12.689, 10.928, 10.916, 11.692, 10.661, 10.766, 11.737, 12.43, 9.459, 7.128], [12.49, 11.544, 10.065, 10.303, 7.783, 5.709, 7.831, 8.61, 7.923, 6.699, 7.548, 6.873, 5.958, 5.817, 5.689, 5.364, 3.003, 2.323, 2.144, 0.0, 1.683, 1.651, 1.541, 2.105, 4.259, 3.402, 3.092, 3.571, 4.167, 7.272, 12.346, 10.278, 13.867, 16.367, 16.874, 16.305, 15.301, 14.29, 14.661, 15.343, 14.228, 13.803, 13.654, 11.869, 11.878, 12.656, 11.623, 11.601, 12.581, 13.336, 10.335, 7.955], [13.635, 12.544, 11.073, 11.363, 8.871, 6.814, 8.903, 9.726, 9.0, 7.748, 8.653, 7.87, 6.618, 6.429, 6.795, 6.476, 4.141, 3.144, 2.866, 1.683, 0.0, 1.34, 1.765, 2.106, 3.358, 2.569, 2.912, 4.056, 5.077, 8.16, 13.397, 11.381, 14.96, 17.458, 17.969, 17.393, 16.394, 15.383, 15.756, 16.414, 15.321, 14.899, 14.747, 12.97, 12.97, 13.71, 12.726, 12.72, 13.628, 14.427, 11.43, 9.05], [12.976, 11.955, 10.36, 10.428, 7.854, 5.787, 7.849, 8.745, 8.207, 7.158, 7.717, 7.17, 6.133, 5.863, 5.918, 5.467, 3.612, 2.776, 2.571, 1.651, 1.34, 0.0, 1.475, 1.786, 3.867, 3.27, 2.607, 3.614, 4.593, 7.643, 12.338, 10.285, 13.791, 16.286, 16.808, 16.23, 15.235, 14.218, 14.581, 15.26, 14.156, 13.741, 13.592, 11.811, 11.826, 12.571, 11.587, 11.687, 12.514, 13.281, 10.292, 7.884], [12.338, 11.289, 9.852, 10.113, 7.653, 5.695, 7.821, 8.611, 8.238, 7.273, 7.89, 7.315, 6.384, 6.214, 6.109, 5.648, 3.647, 2.914, 2.813, 1.541, 1.765, 1.475, 0.0, 2.099, 4.407, 3.472, 3.538, 3.942, 4.673, 7.807, 12.402, 10.398, 13.804, 16.292, 16.791, 16.226, 15.249, 14.223, 14.604, 15.255, 14.177, 13.76, 13.611, 11.84, 11.861, 12.59, 11.732, 11.556, 12.41, 13.297, 10.356, 7.93], [13.848, 12.799, 11.155, 11.147, 8.677, 6.481, 8.572, 9.426, 8.613, 7.089, 8.084, 7.278, 5.813, 5.233, 6.227, 6.035, 3.658, 2.489, 2.211, 2.105, 2.106, 1.786, 2.099, 0.0, 3.521, 3.088, 2.032, 2.867, 3.997, 7.254, 12.812, 10.787, 14.319, 16.824, 17.387, 16.857, 15.828, 14.748, 15.092, 15.745, 14.701, 14.233, 14.091, 12.33, 12.321, 13.055, 12.209, 12.357, 13.177, 13.936, 11.03, 8.529], [16.48, 15.399, 13.886, 13.915, 11.443, 9.347, 11.461, 12.27, 11.495, 9.907, 11.075, 10.262, 8.606, 7.985, 9.256, 8.948, 6.439, 4.913, 4.688, 4.259, 3.358, 3.867, 4.407, 3.521, 0.0, 1.67, 2.467, 5.346, 6.632, 10.179, 15.852, 13.841, 17.387, 19.895, 20.421, 19.834, 18.861, 17.824, 18.183, 18.843, 17.76, 17.324, 17.191, 15.396, 15.385, 16.136, 15.16, 15.258, 16.086, 16.897, 13.937, 11.505], [15.158, 14.082, 12.719, 12.956, 10.564, 8.474, 10.61, 11.398, 10.723, 9.191, 10.366, 9.543, 7.86, 7.298, 8.561, 8.245, 5.787, 4.351, 3.892, 3.402, 2.569, 3.27, 3.472, 3.088, 1.67, 0.0, 2.107, 4.565, 5.877, 9.466, 15.125, 13.133, 16.657, 19.175, 19.685, 19.119, 18.121, 17.086, 17.467, 18.118, 17.04, 16.6, 16.465, 14.667, 14.679, 15.411, 14.447, 14.392, 15.3, 16.138, 13.18, 10.787], [14.863, 13.936, 12.344, 12.235, 9.654, 7.413, 9.505, 10.394, 9.467, 7.79, 8.849, 8.05, 6.546, 5.69, 6.956, 6.782, 4.555, 3.219, 2.885, 3.092, 2.912, 2.607, 3.538, 2.032, 2.467, 2.107, 0.0, 3.271, 4.596, 8.002, 13.703, 11.547, 15.102, 17.662, 18.205, 17.712, 16.625, 15.534, 15.951, 16.644, 15.472, 15.1, 14.888, 13.116, 13.103, 13.962, 13.069, 13.364, 14.179, 14.789, 11.868, 9.333], [12.034, 11.315, 9.814, 9.333, 6.994, 4.679, 6.742, 7.488, 6.526, 4.907, 6.036, 5.221, 3.685, 3.226, 4.245, 3.986, 3.065, 2.039, 1.708, 3.571, 4.056, 3.614, 3.942, 2.867, 5.346, 4.565, 3.271, 0.0, 1.647, 5.11, 10.8, 8.807, 12.296, 14.823, 15.345, 14.821, 13.784, 12.752, 13.113, 13.764, 12.69, 12.245, 12.082, 10.302, 10.3, 11.059, 10.159, 10.422, 11.14, 11.855, 8.915, 6.66], [10.79, 10.096, 8.686, 7.866, 5.591, 3.335, 5.271, 6.0, 5.067, 3.437, 4.571, 3.735, 2.559, 2.538, 2.988, 2.556, 2.914, 2.407, 2.508, 4.167, 5.077, 4.593, 4.673, 3.997, 6.632, 5.877, 4.596, 1.647, 0.0, 3.672, 9.325, 7.324, 10.824, 13.344, 13.86, 13.335, 12.308, 11.274, 11.634, 12.284, 11.216, 10.765, 10.612, 8.831, 8.837, 9.589, 8.704, 8.919, 9.681, 10.427, 7.499, 5.245], [10.685, 10.078, 8.764, 7.216, 6.017, 4.499, 4.165, 4.347, 2.87, 1.822, 1.918, 1.363, 2.648, 2.852, 2.548, 3.1, 4.792, 5.514, 5.78, 7.272, 8.16, 7.643, 7.807, 7.254, 10.179, 9.466, 8.002, 5.11, 3.672, 0.0, 5.853, 4.291, 7.312, 9.798, 10.41, 9.857, 8.777, 7.796, 8.552, 8.834, 7.865, 7.295, 7.08, 5.483, 5.482, 6.343, 6.039, 6.685, 8.097, 7.497, 4.356, 5.463], [7.569, 7.032, 5.903, 4.333, 5.111, 6.985, 4.754, 4.023, 4.712, 6.1, 5.16, 5.816, 7.423, 8.084, 6.935, 7.012, 9.677, 11.04, 11.384, 12.346, 13.397, 12.338, 12.402, 12.812, 15.852, 15.125, 13.703, 10.8, 9.325, 5.853, 0.0, 2.357, 1.845, 4.143, 4.708, 4.189, 3.228, 2.251, 3.321, 3.51, 2.781, 2.005, 2.033, 1.28, 1.35, 1.182, 1.642, 2.211, 3.47, 2.949, 2.27, 5.061], [7.47, 6.879, 5.557, 4.065, 3.895, 4.858, 2.709, 2.173, 2.749, 4.038, 3.759, 4.266, 5.835, 6.007, 4.818, 4.916, 7.683, 9.046, 9.315, 10.278, 11.381, 10.285, 10.398, 10.787, 13.841, 13.133, 11.547, 8.807, 7.324, 4.291, 2.357, 0.0, 3.79, 6.229, 6.836, 6.341, 5.229, 4.239, 4.998, 5.338, 4.473, 3.776, 3.806, 2.248, 2.289, 2.893, 2.796, 3.36, 4.799, 4.217, 1.806, 3.463], [7.789, 7.376, 6.766, 5.195, 6.293, 8.245, 6.081, 5.34, 6.024, 7.516, 6.366, 7.169, 8.893, 9.456, 8.299, 8.522, 11.258, 12.632, 12.917, 13.867, 14.96, 13.791, 13.804, 14.319, 17.387, 16.657, 15.102, 12.296, 10.824, 7.312, 1.845, 3.79, 0.0, 2.666, 3.298, 2.912, 1.905, 1.621, 2.168, 2.656, 1.989, 1.94, 1.586, 2.172, 2.199, 1.936, 2.781, 3.023, 3.733, 3.181, 3.656, 6.326], [7.577, 7.508, 7.341, 6.364, 8.731, 10.772, 8.601, 7.831, 8.507, 10.026, 8.954, 9.692, 11.358, 12.066, 10.896, 11.037, 13.786, 15.133, 15.416, 16.367, 17.458, 16.286, 16.292, 16.824, 19.895, 19.175, 17.662, 14.823, 13.344, 9.798, 4.143, 6.229, 2.666, 0.0, 1.082, 1.081, 1.284, 2.296, 2.089, 2.159, 2.572, 2.746, 2.902, 4.608, 4.615, 3.797, 4.782, 5.071, 4.581, 3.632, 6.049, 8.457], [7.379, 7.405, 7.484, 6.816, 9.254, 11.287, 9.106, 8.326, 9.021, 10.549, 9.475, 10.214, 11.886, 12.604, 11.498, 11.555, 14.319, 15.675, 15.946, 16.874, 17.969, 16.808, 16.791, 17.387, 20.421, 19.685, 18.205, 15.345, 13.86, 10.41, 4.708, 6.836, 3.298, 1.082, 0.0, 1.003, 1.747, 2.786, 2.488, 2.21, 2.812, 3.224, 3.578, 5.194, 5.22, 4.344, 5.291, 5.441, 4.887, 3.851, 6.582, 8.955], [7.011, 6.964, 6.948, 6.233, 8.734, 10.795, 8.605, 7.83, 8.444, 10.03, 9.078, 9.687, 11.405, 12.105, 10.998, 11.052, 13.745, 15.075, 15.363, 16.305, 17.393, 16.23, 16.226, 16.857, 19.834, 19.119, 17.712, 14.821, 13.335, 9.857, 4.189, 6.341, 2.912, 1.081, 1.003, 0.0, 1.419, 2.292, 1.943, 1.857, 2.399, 2.806, 3.046, 4.717, 4.713, 3.813, 4.762, 4.887, 4.195, 3.309, 6.02, 8.417], [6.973, 6.71, 6.4, 5.402, 7.712, 9.701, 7.514, 6.812, 7.474, 8.964, 7.96, 8.664, 10.416, 11.019, 9.889, 9.972, 12.703, 14.102, 14.373, 15.301, 16.394, 15.235, 15.249, 15.828, 18.861, 18.121, 16.625, 13.784, 12.308, 8.777, 3.228, 5.229, 1.905, 1.284, 1.747, 1.419, 0.0, 1.548, 1.355, 1.683, 1.655, 1.813, 1.907, 3.654, 3.655, 2.799, 3.719, 4.08, 3.608, 2.676, 5.075, 7.362], [6.295, 5.883, 5.489, 4.312, 6.714, 8.667, 6.504, 5.759, 6.456, 7.942, 7.141, 7.636, 9.421, 9.946, 8.815, 8.957, 11.714, 13.055, 13.341, 14.29, 15.383, 14.218, 14.223, 14.748, 17.824, 17.086, 15.534, 12.752, 11.274, 7.796, 2.251, 4.239, 1.621, 2.296, 2.786, 2.292, 1.548, 0.0, 1.376, 1.948, 1.296, 1.171, 1.381, 2.565, 2.567, 1.806, 2.713, 2.85, 2.642, 1.826, 4.028, 6.375], [6.041, 5.757, 5.457, 4.606, 7.039, 9.055, 6.883, 6.14, 6.886, 8.409, 7.835, 8.381, 10.28, 10.611, 9.343, 9.443, 12.366, 13.425, 13.699, 14.661, 15.756, 14.581, 14.604, 15.092, 18.183, 17.467, 15.951, 13.113, 11.634, 8.552, 3.321, 4.998, 2.168, 2.089, 2.488, 1.943, 1.355, 1.376, 0.0, 1.402, 1.227, 1.652, 1.977, 3.468, 3.5, 2.398, 3.07, 3.219, 2.694, 1.88, 4.977, 6.833], [6.295, 5.886, 5.776, 5.244, 7.737, 9.773, 7.588, 6.805, 7.506, 9.014, 8.289, 8.923, 10.753, 11.087, 9.878, 10.021, 12.733, 14.084, 14.381, 15.343, 16.414, 15.26, 15.255, 15.745, 18.843, 18.118, 16.644, 13.764, 12.284, 8.834, 3.51, 5.338, 2.656, 2.159, 2.21, 1.857, 1.683, 1.948, 1.402, 0.0, 1.403, 1.918, 2.404, 3.901, 3.954, 2.947, 3.747, 3.911, 3.375, 2.247, 5.434, 7.433], [6.19, 5.716, 5.118, 4.294, 6.671, 8.619, 6.442, 5.722, 6.48, 7.897, 7.409, 7.972, 9.859, 10.067, 8.878, 8.898, 11.674, 12.991, 13.278, 14.228, 15.321, 14.156, 14.177, 14.701, 17.76, 17.04, 15.472, 12.69, 11.216, 7.865, 2.781, 4.473, 1.989, 2.572, 2.812, 2.399, 1.655, 1.296, 1.227, 1.403, 0.0, 1.213, 1.468, 2.93, 2.974, 2.065, 2.665, 2.911, 2.563, 1.579, 4.512, 6.326], [6.432, 5.964, 5.239, 4.174, 6.419, 8.287, 6.062, 5.335, 6.03, 7.483, 6.756, 7.206, 9.02, 9.497, 8.315, 8.479, 11.224, 12.566, 12.838, 13.803, 14.899, 13.741, 13.76, 14.233, 17.324, 16.6, 15.1, 12.245, 10.765, 7.295, 2.005, 3.776, 1.94, 2.746, 3.224, 2.806, 1.813, 1.171, 1.652, 1.918, 1.213, 0.0, 1.066, 2.25, 2.299, 1.471, 2.304, 2.908, 2.706, 1.755, 3.716, 6.069], [7.043, 6.564, 5.791, 4.392, 6.322, 8.047, 5.871, 5.15, 5.92, 7.329, 6.612, 7.208, 9.101, 9.313, 8.113, 8.312, 11.028, 12.406, 12.689, 13.654, 14.747, 13.592, 13.611, 14.091, 17.191, 16.465, 14.888, 12.082, 10.612, 7.08, 2.033, 3.806, 1.586, 2.902, 3.578, 3.046, 1.907, 1.381, 1.977, 2.404, 1.468, 1.066, 0.0, 2.043, 2.016, 1.427, 2.277, 2.881, 2.883, 2.232, 3.799, 6.05], [7.482, 6.98, 5.779, 4.257, 4.566, 6.251, 4.088, 3.344, 4.092, 5.562, 4.982, 5.373, 7.267, 7.55, 6.382, 6.558, 9.32, 10.643, 10.928, 11.869, 12.97, 11.811, 11.84, 12.33, 15.396, 14.667, 13.116, 10.302, 8.831, 5.483, 1.28, 2.248, 2.172, 4.608, 5.194, 4.717, 3.654, 2.565, 3.468, 3.901, 2.93, 2.25, 2.043, 0.0, 1.03, 1.564, 1.709, 2.451, 3.71, 3.086, 1.918, 4.596], [6.977, 6.493, 5.478, 3.891, 4.579, 6.284, 4.134, 3.357, 4.121, 5.567, 5.18, 5.557, 7.423, 7.588, 6.437, 6.535, 9.262, 10.63, 10.916, 11.878, 12.97, 11.826, 11.861, 12.321, 15.385, 14.679, 13.103, 10.3, 8.837, 5.482, 1.35, 2.289, 2.199, 4.615, 5.22, 4.713, 3.655, 2.567, 3.5, 3.954, 2.974, 2.299, 2.016, 1.03, 0.0, 1.451, 1.803, 2.183, 3.33, 2.697, 2.19, 4.608], [6.842, 6.349, 5.426, 3.871, 5.283, 7.13, 4.924, 4.171, 4.871, 6.331, 5.668, 6.18, 8.002, 8.464, 7.37, 7.367, 10.153, 11.377, 11.692, 12.656, 13.71, 12.571, 12.59, 13.055, 16.136, 15.411, 13.962, 11.059, 9.589, 6.343, 1.182, 2.893, 1.936, 3.797, 4.344, 3.813, 2.799, 1.806, 2.398, 2.947, 2.065, 1.471, 1.427, 1.564, 1.451, 0.0, 1.311, 1.901, 2.611, 2.104, 2.742, 5.101], [6.437, 5.89, 4.758, 3.236, 4.362, 6.247, 4.004, 3.309, 4.526, 5.681, 5.664, 6.137, 7.871, 8.219, 6.725, 6.525, 9.49, 10.403, 10.661, 11.623, 12.726, 11.587, 11.732, 12.209, 15.16, 14.447, 13.069, 10.159, 8.704, 6.039, 1.642, 2.796, 2.781, 4.782, 5.291, 4.762, 3.719, 2.713, 3.07, 3.747, 2.665, 2.304, 2.277, 1.709, 1.803, 1.311, 0.0, 1.528, 2.565, 2.359, 2.687, 4.394], [5.599, 5.079, 4.314, 2.921, 4.166, 6.16, 4.074, 3.244, 4.771, 6.092, 6.369, 6.86, 8.52, 8.855, 7.348, 6.886, 9.826, 10.648, 10.766, 11.601, 12.72, 11.687, 11.556, 12.357, 15.258, 14.392, 13.364, 10.422, 8.919, 6.685, 2.211, 3.36, 3.023, 5.071, 5.441, 4.887, 4.08, 2.85, 3.219, 3.911, 2.911, 2.908, 2.881, 2.451, 2.183, 1.901, 1.528, 0.0, 1.911, 2.196, 3.31, 4.576], [4.72, 4.052, 3.476, 2.622, 5.062, 7.098, 5.036, 4.557, 5.771, 7.279, 7.85, 8.309, 9.945, 10.292, 8.826, 7.88, 10.507, 11.35, 11.737, 12.581, 13.628, 12.514, 12.41, 13.177, 16.086, 15.3, 14.179, 11.14, 9.681, 8.097, 3.47, 4.799, 3.733, 4.581, 4.887, 4.195, 3.608, 2.642, 2.694, 3.375, 2.563, 2.706, 2.883, 3.71, 3.33, 2.611, 2.565, 1.911, 0.0, 1.715, 4.624, 5.252], [4.909, 4.454, 3.953, 3.307, 5.776, 7.745, 5.564, 4.857, 5.755, 7.127, 7.145, 7.622, 9.411, 9.679, 8.375, 8.111, 10.998, 12.13, 12.43, 13.336, 14.427, 13.281, 13.297, 13.936, 16.897, 16.138, 14.789, 11.855, 10.427, 7.497, 2.949, 4.217, 3.181, 3.632, 3.851, 3.309, 2.676, 1.826, 1.88, 2.247, 1.579, 1.755, 2.232, 3.086, 2.697, 2.104, 2.359, 2.196, 1.715, 0.0, 4.035, 5.582], [7.379, 6.776, 5.457, 3.945, 3.725, 4.915, 3.022, 2.459, 2.637, 4.147, 3.683, 4.138, 5.718, 6.439, 5.366, 5.167, 7.908, 9.164, 9.459, 10.335, 11.43, 10.292, 10.356, 11.03, 13.937, 13.18, 11.868, 8.915, 7.499, 4.356, 2.27, 1.806, 3.656, 6.049, 6.582, 6.02, 5.075, 4.028, 4.977, 5.434, 4.512, 3.716, 3.799, 1.918, 2.19, 2.742, 2.687, 3.31, 4.624, 4.035, 0.0, 3.324], [6.206, 5.549, 4.17, 3.466, 2.183, 2.698, 3.32, 3.358, 3.468, 3.993, 5.255, 5.243, 6.266, 6.347, 5.166, 3.909, 5.632, 6.759, 7.128, 7.955, 9.05, 7.884, 7.93, 8.529, 11.505, 10.787, 9.333, 6.66, 5.245, 5.463, 5.061, 3.463, 6.326, 8.457, 8.955, 8.417, 7.362, 6.375, 6.833, 7.433, 6.326, 6.069, 6.05, 4.596, 4.608, 5.101, 4.394, 4.576, 5.252, 5.582, 3.324, 0.0]]