[[0.0, 1.511, 1.703, 2.362, 3.439, 4.853, 4.194, 3.729, 3.388, 5.176, 6.059, 6.642, 7.603, 8.621, 8.22, 7.045, 7.363, 7.464, 7.166, 6.766, 6.044, 6.701, 5.841, 4.858, 4.796, 4.837, 4.405, 2.429, 1.572, 2.008, 2.453, 2.195, 2.169, 2.621, 2.212, 2.064, 3.413, 7.829, 11.427, 13.359, 13.847, 13.374, 12.746, 13.54, 14.763, 14.554, 14.881, 16.721, 16.952, 15.988, 15.521, 16.09, 15.244, 13.776, 13.831, 15.635, 16.409, 13.789, 10.293, 9.365, 8.849, 10.101, 11.273, 9.927, 8.43, 6.644, 5.842, 6.113, 8.309, 9.97, 11.204, 12.92, 15.603, 17.544, 17.727, 17.416, 18.583, 20.138, 20.23, 20.323, 20.92, 20.243, 17.168, 16.276, 16.321, 16.274, 16.208, 18.184, 19.224, 17.436, 14.115, 12.732, 13.818, 13.091, 9.582, 7.97, 9.445, 10.027, 8.181, 6.981, 7.26, 6.972, 6.774, 7.075, 8.224, 10.216, 11.412, 11.331, 9.141, 6.453, 4.544, 1.785, 1.911, 1.581, 1.478, 1.929, 3.497, 3.569, 3.598, 2.926, 2.887, 3.067, 3.559, 3.065, 1.326, 1.65, 2.764, 4.323, 3.825, 3.593, 3.79, 3.495, 3.743, 5.293, 4.827, 4.158, 5.555, 6.791, 7.024, 7.572, 9.999, 10.686, 10.003, 9.117, 8.587, 10.328, 12.032, 13.069, 13.385, 12.764, 11.815, 11.358, 12.124, 12.095, 8.468, 7.76, 8.627, 9.819, 9.937, 10.544, 9.098, 9.542, 10.946, 11.282, 10.386, 9.361, 8.939, 8.513, 8.493, 8.669, 7.804, 7.35, 5.809, 3.81, 3.969, 3.751, 3.915, 4.015, 4.206, 4.915, 4.603, 3.53, 2.339, 3.448, 3.209, 2.892, 4.533, 4.521, 3.427, 4.674, 4.939, 6.035, 6.898, 3.77, 2.669, 3.187, 4.761, 7.3, 8.855, 8.936, 8.137, 7.056, 6.629, 5.439, 4.729, 4.426], [1.511, 0.0, 0.924, 1.879, 2.997, 4.43, 3.82, 3.365, 3.037, 5.084, 5.912, 6.482, 8.29, 9.243, 8.435, 7.442, 7.835, 8.132, 7.912, 7.289, 6.64, 7.295, 6.703, 5.6, 5.313, 5.376, 5.011, 2.545, 1.769, 2.117, 2.459, 2.473, 2.365, 2.806, 2.114, 1.948, 3.764, 8.451, 11.923, 14.083, 14.668, 14.193, 13.617, 14.416, 15.687, 15.478, 15.802, 17.497, 17.618, 16.422, 15.875, 16.116, 15.362, 13.897, 13.702, 15.706, 16.557, 13.922, 10.207, 8.843, 8.383, 9.607, 10.945, 9.88, 8.459, 7.414, 6.467, 6.894, 9.201, 10.888, 12.124, 13.855, 16.536, 18.477, 18.651, 18.327, 19.382, 21.036, 21.107, 21.225, 21.844, 21.179, 18.093, 17.212, 17.245, 17.209, 16.947, 18.867, 20.065, 18.246, 14.966, 13.641, 14.685, 13.985, 10.208, 8.728, 10.303, 10.875, 8.394, 7.058, 7.249, 7.279, 7.422, 7.695, 9.108, 11.152, 12.348, 12.256, 10.078, 7.369, 5.428, 2.394, 2.234, 2.254, 2.142, 1.945, 2.728, 2.896, 2.984, 2.464, 2.196, 2.298, 2.627, 2.504, 1.071, 1.841, 2.74, 4.087, 3.534, 3.349, 3.552, 3.166, 3.468, 4.771, 4.406, 3.93, 5.166, 6.269, 6.515, 7.165, 9.824, 10.484, 9.816, 8.958, 9.243, 11.07, 12.862, 13.914, 14.192, 13.656, 12.716, 12.099, 13.008, 13.001, 9.338, 7.404, 8.321, 9.337, 9.75, 10.949, 9.384, 9.972, 11.465, 11.801, 10.968, 9.582, 9.185, 8.951, 8.811, 8.583, 7.926, 7.291, 5.8, 3.483, 3.416, 3.221, 3.274, 3.118, 3.144, 3.894, 3.72, 2.559, 1.513, 3.407, 2.728, 2.25, 4.307, 4.086, 2.641, 3.826, 4.228, 5.251, 6.062, 2.864, 2.202, 2.923, 4.1, 6.388, 7.94, 8.027, 7.331, 6.253, 5.779, 4.659, 4.278, 4.032], [1.703, 0.924, 0.0, 1.735, 2.761, 4.063, 3.561, 3.119, 2.912, 5.16, 5.892, 6.433, 8.469, 9.346, 8.459, 7.557, 8.015, 8.335, 8.103, 7.361, 6.692, 7.385, 6.828, 5.717, 5.395, 5.422, 5.148, 2.703, 1.746, 2.212, 2.528, 2.667, 2.516, 2.95, 2.191, 2.001, 3.796, 8.534, 11.937, 14.18, 14.788, 14.322, 13.715, 14.61, 15.873, 15.665, 15.992, 17.632, 17.696, 16.492, 15.833, 16.022, 15.261, 13.862, 13.691, 15.796, 16.669, 14.051, 10.107, 8.698, 8.182, 9.444, 10.696, 9.772, 8.636, 7.484, 6.521, 7.049, 9.44, 11.129, 12.363, 14.089, 16.77, 18.704, 18.834, 18.463, 19.599, 21.219, 21.277, 21.434, 22.052, 21.42, 18.312, 17.453, 17.487, 17.443, 17.177, 18.928, 20.194, 18.43, 15.203, 13.827, 14.848, 14.175, 10.338, 8.906, 10.524, 11.091, 8.586, 7.095, 7.403, 7.521, 7.559, 7.908, 9.295, 11.393, 12.589, 12.442, 10.328, 7.593, 5.677, 2.685, 2.368, 2.407, 2.414, 2.2, 2.752, 2.975, 3.132, 2.504, 2.276, 2.292, 2.51, 2.532, 1.363, 1.958, 2.723, 4.103, 3.573, 3.445, 3.574, 3.125, 3.406, 4.573, 4.325, 4.076, 5.115, 6.035, 6.283, 6.965, 9.635, 10.236, 9.654, 8.782, 9.385, 11.189, 13.039, 14.049, 14.374, 13.89, 12.851, 12.184, 13.232, 13.181, 9.519, 7.354, 8.12, 9.074, 9.577, 11.062, 9.559, 10.002, 11.509, 11.821, 10.982, 9.575, 9.132, 8.982, 8.905, 8.486, 7.864, 7.198, 5.821, 3.567, 3.123, 2.937, 2.998, 2.802, 2.86, 3.649, 3.511, 2.317, 1.452, 3.638, 2.794, 2.342, 4.575, 4.248, 2.648, 3.678, 4.195, 5.174, 5.883, 2.767, 2.095, 2.917, 3.999, 6.166, 7.739, 7.835, 7.055, 5.892, 5.538, 4.545, 3.965, 3.742], [2.362, 1.879, 1.735, 0.0, 1.963, 3.268, 2.956, 3.012, 2.408, 3.874, 4.522, 5.033, 7.138, 8.002, 7.114, 6.215, 6.717, 7.04, 6.795, 6.009, 5.336, 6.042, 5.505, 4.393, 4.079, 4.093, 3.893, 1.961, 2.781, 3.596, 3.934, 4.056, 3.488, 2.8, 2.509, 2.041, 2.626, 7.233, 10.627, 12.872, 13.473, 12.995, 12.372, 13.28, 14.542, 14.333, 14.66, 16.294, 16.368, 15.17, 14.513, 14.589, 13.78, 12.445, 12.379, 14.494, 15.283, 12.685, 8.811, 7.538, 7.095, 8.376, 9.403, 8.475, 7.344, 6.582, 5.896, 6.216, 8.129, 9.818, 11.051, 12.777, 15.458, 17.391, 17.498, 17.12, 18.308, 19.897, 19.959, 20.109, 20.738, 20.109, 17.004, 16.142, 16.175, 16.131, 15.864, 17.571, 18.85, 17.112, 13.891, 12.515, 13.518, 12.857, 9.036, 7.628, 9.225, 9.758, 7.301, 5.846, 6.337, 6.272, 6.317, 6.605, 7.966, 10.082, 11.278, 11.111, 9.02, 6.285, 4.392, 2.736, 3.44, 3.482, 3.109, 3.486, 4.245, 4.436, 4.611, 3.887, 3.287, 3.525, 4.033, 3.982, 2.468, 2.204, 3.517, 5.258, 4.361, 3.68, 3.742, 3.211, 2.645, 3.349, 3.197, 3.066, 3.93, 4.947, 5.082, 5.575, 8.168, 8.95, 8.271, 7.437, 8.048, 9.842, 11.707, 12.705, 13.047, 12.578, 11.503, 10.838, 11.92, 11.85, 8.177, 6.182, 6.767, 7.791, 8.151, 9.757, 8.186, 8.671, 10.102, 10.486, 9.56, 8.238, 7.728, 7.692, 7.643, 7.116, 6.41, 5.836, 4.564, 2.307, 2.967, 3.014, 3.18, 3.221, 4.231, 4.985, 4.859, 3.242, 2.596, 5.094, 4.287, 3.718, 6.03, 5.747, 4.164, 5.206, 5.614, 6.618, 7.406, 4.217, 2.01, 3.454, 5.269, 7.535, 9.183, 9.194, 8.293, 7.177, 6.77, 5.326, 3.668, 3.297], [3.439, 2.997, 2.761, 1.963, 0.0, 1.845, 1.904, 2.734, 1.808, 3.366, 3.945, 4.611, 6.771, 7.651, 6.723, 5.954, 6.388, 6.683, 6.403, 5.619, 4.92, 5.627, 5.1, 4.101, 4.084, 3.942, 3.74, 2.895, 3.649, 4.548, 4.916, 5.217, 4.737, 4.031, 3.163, 2.339, 2.577, 6.973, 10.28, 12.551, 13.093, 12.632, 11.945, 12.884, 14.143, 13.933, 14.262, 15.877, 15.919, 14.736, 14.041, 14.146, 13.389, 12.158, 11.975, 14.154, 15.006, 12.407, 8.404, 6.124, 6.15, 7.362, 8.845, 7.961, 6.753, 5.853, 5.359, 5.786, 7.724, 9.413, 10.643, 12.369, 15.05, 16.982, 17.096, 16.711, 17.879, 19.489, 19.535, 19.697, 20.329, 19.704, 16.597, 15.737, 15.77, 15.723, 15.445, 17.151, 18.436, 16.702, 13.485, 12.103, 13.107, 12.453, 8.713, 7.066, 8.793, 9.345, 6.87, 5.334, 5.473, 5.566, 5.666, 6.138, 7.565, 9.677, 10.873, 10.712, 8.613, 5.879, 4.287, 2.956, 3.753, 4.193, 3.829, 4.15, 4.662, 4.892, 4.993, 4.454, 4.66, 4.448, 4.487, 4.627, 3.291, 2.49, 3.921, 5.731, 4.635, 3.566, 3.741, 2.96, 1.778, 2.483, 2.321, 2.059, 2.93, 3.726, 4.188, 5.061, 7.795, 8.475, 7.815, 7.098, 7.639, 9.431, 11.309, 12.288, 12.642, 12.17, 11.087, 10.42, 11.51, 11.449, 7.776, 5.352, 6.216, 6.966, 7.895, 9.362, 7.869, 8.301, 9.666, 10.043, 9.134, 7.768, 7.199, 7.261, 7.194, 6.862, 6.001, 5.432, 4.168, 1.844, 2.554, 2.846, 2.738, 3.406, 4.677, 5.368, 5.311, 3.768, 3.59, 5.577, 4.746, 4.398, 6.467, 6.143, 4.552, 5.621, 6.13, 7.114, 7.781, 4.688, 2.444, 3.685, 5.73, 7.97, 9.606, 9.614, 8.701, 7.584, 7.174, 5.678, 3.377, 2.504], [4.853, 4.43, 4.063, 3.268, 1.845, 0.0, 1.759, 2.899, 1.96, 3.257, 3.628, 4.394, 6.659, 7.539, 6.611, 5.976, 6.382, 6.603, 6.367, 5.534, 4.859, 5.453, 5.101, 4.779, 4.999, 4.955, 4.715, 4.212, 5.143, 5.849, 6.129, 6.5, 6.197, 5.423, 4.469, 3.665, 3.895, 7.015, 10.233, 12.476, 12.96, 12.478, 11.726, 12.712, 13.964, 13.752, 14.082, 15.67, 15.74, 14.497, 13.866, 13.916, 13.007, 11.709, 11.69, 13.85, 14.628, 12.096, 7.852, 5.629, 5.718, 6.941, 8.385, 7.728, 6.616, 5.751, 5.138, 5.681, 7.588, 9.28, 10.505, 12.232, 14.913, 16.842, 16.926, 16.533, 17.755, 19.346, 19.415, 19.563, 20.189, 19.571, 16.471, 15.604, 15.637, 15.585, 15.328, 17.036, 18.257, 16.562, 13.353, 11.965, 12.97, 12.305, 8.428, 6.915, 8.662, 9.212, 6.595, 4.853, 5.212, 5.373, 5.518, 6.0, 7.422, 9.544, 10.736, 10.561, 8.485, 5.791, 4.631, 3.973, 4.835, 5.469, 5.152, 5.302, 5.363, 5.531, 5.825, 5.283, 6.078, 5.697, 5.688, 5.65, 4.646, 3.526, 4.292, 6.122, 4.782, 3.171, 3.386, 3.065, 1.866, 2.212, 2.266, 2.055, 2.292, 2.715, 3.492, 4.518, 7.245, 8.067, 7.584, 6.63, 7.464, 9.256, 11.155, 12.079, 12.458, 12.033, 10.88, 10.29, 11.375, 11.303, 7.597, 4.87, 6.0, 6.207, 7.491, 9.158, 7.608, 8.126, 9.526, 9.898, 9.065, 7.616, 7.089, 7.17, 7.108, 6.488, 5.596, 5.081, 3.989, 2.41, 2.328, 2.719, 2.926, 3.557, 4.943, 5.561, 5.559, 4.09, 4.687, 6.348, 5.509, 5.219, 7.205, 6.843, 5.345, 6.156, 6.629, 7.603, 8.407, 5.203, 3.229, 4.066, 5.815, 8.235, 9.773, 9.832, 8.85, 7.737, 7.344, 5.874, 3.406, 2.412], [4.194, 3.82, 3.561, 2.956, 1.904, 1.759, 0.0, 1.785, 1.776, 4.35, 4.806, 5.592, 7.666, 8.584, 7.694, 6.948, 7.34, 7.636, 7.389, 6.619, 5.982, 6.58, 5.997, 5.112, 5.245, 5.224, 4.958, 4.207, 4.575, 5.16, 5.562, 5.798, 5.642, 5.203, 4.153, 3.144, 4.124, 8.05, 11.247, 13.454, 13.961, 13.501, 12.885, 13.792, 15.032, 14.823, 15.13, 16.765, 16.868, 15.645, 15.043, 15.097, 14.18, 12.899, 12.859, 15.01, 15.761, 13.188, 9.053, 6.638, 6.85, 8.142, 9.552, 8.937, 7.693, 6.513, 5.65, 6.254, 8.665, 10.354, 11.583, 13.31, 15.991, 17.933, 18.023, 17.639, 18.847, 20.467, 20.511, 20.677, 21.281, 20.645, 17.546, 16.678, 16.712, 16.663, 16.446, 18.224, 19.342, 17.684, 14.427, 13.048, 14.083, 13.406, 9.572, 8.024, 9.772, 10.325, 7.694, 6.014, 6.289, 6.364, 6.604, 7.108, 8.505, 10.618, 11.814, 11.648, 9.56, 6.832, 4.963, 3.456, 4.028, 4.788, 4.457, 4.517, 4.305, 4.215, 4.627, 4.701, 5.64, 5.108, 4.971, 5.0, 3.958, 2.887, 3.408, 4.887, 3.583, 2.511, 2.613, 2.011, 1.623, 2.966, 3.187, 3.048, 3.153, 3.849, 4.686, 5.782, 8.439, 9.245, 8.788, 7.814, 8.52, 10.392, 12.263, 13.177, 13.56, 13.111, 12.01, 11.498, 12.479, 12.402, 8.719, 5.971, 7.202, 7.51, 8.654, 10.234, 8.721, 9.286, 10.789, 11.082, 10.308, 8.794, 8.278, 8.266, 8.159, 7.646, 6.805, 6.142, 5.04, 2.635, 1.826, 2.022, 2.197, 2.66, 4.171, 4.701, 4.342, 3.085, 4.137, 5.271, 4.434, 4.229, 6.001, 5.522, 4.436, 4.909, 5.329, 6.376, 7.178, 4.386, 2.377, 2.675, 4.543, 7.079, 8.599, 8.671, 7.755, 6.612, 6.228, 4.743, 2.697, 1.742], [3.729, 3.365, 3.119, 3.012, 2.734, 2.899, 1.785, 0.0, 2.59, 5.854, 6.272, 7.042, 9.263, 10.122, 9.21, 8.41, 8.882, 9.196, 8.937, 8.2, 7.516, 8.141, 7.634, 6.519, 6.234, 6.246, 5.986, 4.429, 4.34, 4.696, 4.895, 5.238, 5.466, 5.347, 4.24, 3.051, 4.853, 9.427, 12.773, 15.04, 15.617, 15.121, 14.469, 15.397, 16.656, 16.447, 16.774, 18.387, 18.44, 17.214, 16.582, 16.6, 15.69, 14.432, 14.35, 16.513, 17.241, 14.693, 10.526, 8.029, 8.179, 9.601, 10.929, 10.419, 9.23, 8.135, 7.002, 7.808, 10.251, 11.94, 13.169, 14.895, 17.576, 19.509, 19.614, 19.229, 20.412, 22.028, 22.083, 22.24, 22.856, 22.231, 19.127, 18.265, 18.297, 18.249, 17.989, 19.713, 20.961, 19.231, 16.012, 14.631, 15.633, 14.98, 11.092, 9.588, 11.341, 11.889, 9.177, 7.518, 7.784, 7.927, 8.17, 8.672, 10.085, 12.204, 13.399, 13.225, 11.143, 8.408, 6.492, 3.882, 3.246, 4.123, 3.992, 3.828, 3.456, 3.478, 3.836, 3.915, 5.218, 4.708, 4.262, 4.219, 3.393, 2.859, 2.608, 3.658, 2.368, 2.284, 2.44, 1.903, 2.717, 4.403, 4.534, 4.522, 4.43, 4.796, 5.793, 7.116, 9.861, 10.692, 10.278, 9.271, 10.152, 11.944, 13.821, 14.802, 15.155, 14.697, 13.603, 12.965, 14.048, 13.968, 10.297, 7.351, 8.659, 8.588, 10.122, 11.837, 10.27, 10.792, 12.249, 12.57, 11.772, 10.33, 9.802, 9.784, 9.73, 9.125, 8.206, 7.634, 6.651, 4.085, 2.045, 1.762, 1.732, 1.902, 3.317, 3.561, 3.175, 2.447, 3.809, 4.334, 3.651, 3.472, 5.001, 4.512, 3.538, 3.685, 4.202, 5.204, 6.201, 3.532, 1.773, 1.741, 3.212, 5.688, 7.047, 7.051, 6.168, 5.086, 4.699, 3.135, 2.126, 1.593], [3.388, 3.037, 2.912, 2.408, 1.808, 1.96, 1.776, 2.59, 0.0, 3.43, 3.986, 4.852, 6.972, 7.911, 7.241, 6.332, 6.728, 6.882, 6.638, 5.971, 5.312, 5.912, 5.39, 4.866, 4.746, 4.893, 4.653, 3.579, 3.862, 4.584, 5.035, 5.217, 4.956, 4.618, 3.545, 2.572, 3.709, 7.343, 10.759, 12.888, 13.38, 12.944, 12.215, 13.008, 14.259, 14.05, 14.379, 16.038, 16.159, 14.986, 14.437, 14.624, 13.79, 12.33, 12.152, 14.148, 15.057, 12.373, 8.352, 6.392, 6.137, 7.483, 8.849, 8.191, 6.873, 5.81, 4.871, 5.427, 7.807, 9.489, 10.724, 12.452, 15.133, 17.07, 17.222, 16.871, 17.997, 19.603, 19.678, 19.805, 20.416, 19.785, 16.67, 15.851, 15.846, 15.814, 15.553, 17.377, 18.613, 16.811, 13.565, 12.213, 13.256, 12.554, 8.703, 7.15, 8.899, 9.453, 6.873, 5.255, 5.467, 5.556, 5.792, 6.233, 7.681, 9.759, 10.953, 10.831, 8.683, 5.998, 4.195, 2.616, 3.483, 4.211, 3.872, 4.243, 4.578, 4.567, 4.889, 4.586, 4.963, 4.498, 4.359, 4.356, 3.232, 2.362, 3.244, 5.067, 4.066, 2.275, 2.461, 2.111, 1.076, 2.529, 2.434, 2.172, 2.495, 3.492, 4.184, 5.193, 8.162, 8.791, 8.243, 7.313, 7.79, 9.606, 11.43, 12.459, 12.765, 12.253, 11.258, 10.608, 11.606, 11.57, 7.905, 5.163, 6.663, 7.187, 8.089, 9.489, 7.902, 8.457, 10.0, 10.357, 9.499, 8.136, 7.802, 7.586, 7.489, 7.002, 6.413, 5.785, 4.504, 2.038, 1.934, 2.293, 2.556, 3.27, 4.444, 5.276, 5.005, 3.339, 3.511, 5.466, 4.385, 4.305, 6.3, 5.889, 4.362, 5.265, 5.663, 6.626, 7.545, 4.621, 2.135, 3.322, 5.347, 7.76, 9.329, 9.394, 8.594, 7.49, 7.067, 5.512, 3.084, 2.46], [5.176, 5.084, 5.16, 3.874, 3.366, 3.257, 4.35, 5.854, 3.43, 0.0, 1.266, 2.015, 3.907, 4.738, 4.356, 3.751, 3.888, 3.959, 3.734, 3.082, 2.66, 3.632, 3.574, 3.57, 4.094, 3.938, 3.495, 3.719, 5.677, 6.611, 6.995, 7.062, 6.386, 5.238, 5.211, 4.691, 3.255, 5.167, 7.702, 9.802, 10.222, 9.774, 8.943, 9.604, 10.847, 10.633, 10.961, 12.62, 12.769, 11.617, 11.081, 11.394, 10.642, 9.174, 9.055, 10.95, 11.886, 9.198, 5.491, 4.668, 4.384, 5.438, 6.151, 5.06, 3.792, 3.968, 3.749, 3.909, 4.401, 6.1, 7.326, 9.059, 11.735, 13.671, 13.804, 13.453, 14.607, 16.19, 16.264, 16.406, 17.021, 16.396, 13.279, 12.452, 12.45, 12.416, 12.161, 13.975, 15.196, 13.411, 10.173, 8.796, 9.848, 9.141, 5.393, 4.176, 5.541, 6.067, 3.728, 2.875, 2.953, 2.855, 2.93, 3.151, 4.435, 6.492, 7.552, 7.511, 5.497, 3.412, 3.402, 4.333, 6.232, 6.295, 5.92, 6.489, 7.461, 7.598, 7.676, 7.056, 6.451, 6.761, 7.371, 7.225, 5.419, 4.822, 6.569, 8.4, 7.475, 5.545, 5.588, 5.414, 3.586, 2.127, 1.898, 1.838, 2.783, 3.134, 2.205, 2.554, 5.16, 5.772, 5.164, 4.315, 4.378, 6.196, 8.012, 9.043, 9.367, 8.859, 7.843, 7.197, 8.209, 8.153, 4.497, 3.5, 3.983, 4.822, 4.993, 6.149, 4.609, 5.088, 6.63, 6.982, 6.123, 4.773, 4.601, 4.51, 4.321, 4.051, 3.67, 3.455, 2.34, 2.286, 4.791, 5.45, 5.85, 6.648, 7.833, 8.665, 8.391, 6.712, 5.936, 8.055, 7.452, 6.903, 8.995, 8.788, 7.36, 8.556, 8.916, 9.924, 10.775, 7.665, 5.341, 6.66, 8.737, 11.151, 12.725, 12.798, 11.983, 10.877, 10.454, 8.898, 6.417, 5.514], [6.059, 5.912, 5.892, 4.522, 3.945, 3.628, 4.806, 6.272, 3.986, 1.266, 0.0, 1.437, 3.54, 4.312, 4.177, 3.769, 3.987, 3.824, 3.606, 3.113, 2.698, 3.566, 3.553, 4.022, 4.513, 4.189, 3.849, 4.596, 6.546, 7.463, 7.764, 7.882, 7.195, 6.14, 6.088, 5.529, 4.167, 5.067, 7.419, 9.439, 9.849, 9.368, 8.465, 9.255, 10.431, 10.224, 10.553, 12.221, 12.4, 11.265, 10.724, 10.904, 10.119, 8.711, 8.612, 10.57, 11.524, 8.857, 4.931, 4.169, 4.067, 4.897, 5.44, 4.578, 3.752, 4.161, 4.091, 4.334, 4.121, 5.794, 6.987, 8.697, 11.379, 13.306, 13.39, 12.997, 14.31, 15.837, 15.907, 16.034, 16.653, 16.052, 12.959, 12.113, 12.106, 12.059, 11.885, 13.637, 14.755, 13.135, 9.86, 8.426, 9.48, 8.772, 5.047, 4.055, 5.224, 5.734, 3.253, 2.55, 2.506, 2.681, 2.731, 2.79, 4.079, 6.056, 7.246, 7.125, 5.15, 3.558, 4.077, 5.191, 6.836, 7.114, 6.717, 7.219, 8.068, 8.156, 8.337, 7.735, 7.294, 7.232, 7.944, 7.787, 6.159, 5.535, 7.029, 8.79, 7.972, 6.022, 6.079, 5.926, 4.044, 2.33, 2.147, 2.421, 3.018, 3.197, 1.741, 1.901, 4.614, 5.151, 4.611, 3.727, 3.945, 5.844, 7.636, 8.626, 9.03, 8.496, 7.379, 6.814, 7.84, 7.768, 4.133, 3.369, 3.802, 4.15, 4.468, 5.766, 4.275, 4.752, 6.267, 6.662, 5.8, 4.515, 4.324, 4.323, 4.223, 3.737, 3.432, 3.262, 2.284, 3.038, 5.263, 5.919, 6.271, 7.016, 8.275, 9.027, 8.808, 7.18, 6.602, 8.787, 7.932, 7.438, 9.683, 9.336, 7.979, 9.09, 9.397, 10.451, 11.279, 8.184, 5.794, 7.11, 9.219, 11.555, 13.244, 13.306, 12.351, 11.248, 10.831, 9.288, 6.791, 5.854], [6.642, 6.482, 6.433, 5.033, 4.611, 4.394, 5.592, 7.042, 4.852, 2.015, 1.437, 0.0, 2.407, 3.205, 3.076, 2.842, 3.054, 2.85, 2.645, 2.427, 2.389, 3.175, 3.435, 4.4, 4.663, 4.311, 4.337, 5.139, 7.091, 7.979, 8.299, 8.47, 7.787, 6.617, 6.63, 6.13, 4.57, 4.195, 6.199, 8.241, 8.709, 8.236, 7.471, 8.413, 9.672, 9.459, 9.79, 11.409, 11.57, 10.402, 9.875, 10.047, 9.278, 7.877, 7.73, 9.731, 10.671, 8.027, 4.549, 4.371, 4.33, 4.951, 4.947, 4.013, 3.733, 4.293, 4.215, 4.46, 3.696, 4.973, 6.194, 7.921, 10.602, 12.531, 12.623, 12.236, 13.514, 15.075, 15.137, 15.261, 15.877, 15.255, 12.153, 11.297, 11.322, 11.274, 11.064, 12.812, 14.007, 12.304, 9.066, 7.651, 8.7, 7.995, 4.757, 4.051, 4.723, 4.996, 2.882, 2.983, 2.828, 3.014, 3.089, 3.002, 3.829, 5.629, 6.496, 6.621, 4.92, 3.901, 4.531, 5.835, 7.705, 7.752, 7.311, 7.895, 8.755, 8.922, 9.083, 8.341, 7.759, 7.989, 8.698, 8.516, 6.849, 6.322, 7.968, 9.758, 8.881, 6.997, 7.008, 6.789, 4.84, 3.077, 2.791, 3.198, 3.896, 4.047, 2.281, 1.486, 3.726, 4.349, 3.735, 2.896, 3.167, 4.984, 6.857, 7.836, 8.213, 7.722, 6.625, 6.015, 7.085, 7.011, 3.716, 3.853, 3.824, 4.08, 3.914, 4.951, 3.552, 4.026, 5.406, 5.815, 4.915, 3.734, 3.463, 3.479, 3.26, 2.97, 2.833, 2.716, 2.197, 3.689, 6.036, 6.692, 7.033, 7.803, 9.071, 9.816, 9.599, 7.968, 7.208, 9.523, 8.757, 8.195, 10.454, 10.152, 8.721, 9.876, 10.179, 11.229, 12.052, 8.882, 6.582, 7.876, 10.009, 12.348, 14.017, 14.082, 13.128, 12.034, 11.605, 10.096, 7.582, 6.66], [7.603, 8.29, 8.469, 7.138, 6.771, 6.659, 7.666, 9.263, 6.972, 3.907, 3.54, 2.407, 0.0, 1.591, 1.995, 1.98, 2.056, 1.524, 1.683, 2.154, 2.674, 2.81, 3.297, 4.361, 4.824, 4.38, 4.512, 5.895, 8.063, 9.139, 9.529, 9.482, 8.489, 7.249, 7.708, 7.422, 5.284, 2.695, 4.434, 6.098, 6.567, 6.015, 5.381, 6.179, 7.42, 7.211, 7.533, 9.293, 9.516, 8.616, 8.137, 8.664, 7.863, 6.403, 6.882, 8.479, 9.112, 6.501, 5.005, 5.676, 5.661, 5.672, 5.13, 4.105, 4.238, 4.402, 4.845, 4.757, 2.753, 2.944, 4.079, 5.714, 8.38, 10.32, 10.411, 10.077, 11.303, 12.875, 12.948, 13.08, 13.681, 13.024, 9.929, 9.078, 9.102, 9.063, 8.958, 10.817, 11.833, 10.137, 6.884, 5.478, 6.508, 5.822, 3.915, 4.08, 3.466, 3.129, 3.201, 4.464, 4.252, 3.918, 3.636, 3.311, 2.807, 3.725, 4.566, 4.852, 3.794, 3.878, 4.498, 6.814, 9.157, 8.768, 8.144, 9.023, 10.693, 10.789, 10.853, 10.107, 9.387, 9.872, 10.805, 10.475, 8.55, 7.768, 9.912, 11.676, 10.868, 9.036, 9.038, 8.825, 6.806, 5.17, 4.821, 5.058, 5.956, 6.241, 4.432, 3.072, 2.909, 3.325, 2.624, 2.274, 1.64, 2.969, 4.714, 5.716, 6.041, 5.616, 4.494, 4.022, 4.882, 4.8, 2.93, 5.471, 4.962, 5.046, 3.696, 3.158, 2.712, 2.797, 3.682, 3.962, 3.264, 2.532, 2.469, 2.107, 2.027, 2.24, 2.518, 2.85, 2.99, 5.457, 8.168, 8.878, 9.273, 10.009, 11.177, 12.033, 11.704, 10.027, 9.204, 10.883, 10.653, 10.107, 11.96, 11.972, 10.693, 11.963, 12.194, 13.304, 14.095, 10.966, 8.678, 9.969, 11.998, 14.496, 16.15, 16.232, 15.352, 14.234, 13.825, 12.307, 9.84, 8.909], [8.621, 9.243, 9.346, 8.002, 7.651, 7.539, 8.584, 10.122, 7.911, 4.738, 4.312, 3.205, 1.591, 0.0, 1.399, 2.159, 2.37, 1.795, 1.851, 2.35, 3.464, 3.105, 3.806, 5.022, 5.235, 4.707, 5.014, 6.894, 8.953, 10.051, 10.356, 10.437, 9.369, 8.102, 8.765, 8.426, 5.975, 2.583, 3.395, 5.232, 5.654, 5.132, 4.459, 5.387, 6.632, 6.409, 6.692, 8.355, 8.557, 7.5, 7.083, 7.579, 6.715, 6.035, 7.03, 7.983, 8.252, 5.72, 5.409, 6.139, 6.187, 6.045, 5.536, 4.482, 4.782, 5.058, 5.548, 5.624, 3.351, 2.498, 3.337, 4.907, 7.575, 9.513, 9.604, 9.228, 10.513, 12.055, 12.138, 12.25, 12.85, 12.242, 9.14, 8.297, 8.297, 8.255, 8.094, 9.914, 10.985, 9.328, 6.065, 5.047, 5.885, 5.023, 4.224, 4.803, 3.913, 3.364, 3.853, 5.178, 4.944, 4.751, 4.646, 4.345, 2.986, 3.307, 3.787, 4.049, 3.37, 4.18, 5.111, 7.903, 10.308, 9.981, 9.129, 10.05, 11.563, 11.758, 11.773, 10.975, 10.196, 10.765, 11.682, 11.461, 9.521, 8.874, 10.91, 12.671, 11.868, 9.995, 10.005, 9.777, 7.794, 6.041, 5.804, 6.037, 6.91, 7.101, 5.188, 3.755, 2.497, 2.596, 2.138, 2.198, 1.273, 2.19, 3.837, 4.832, 5.223, 4.709, 3.68, 3.091, 4.062, 4.002, 3.592, 6.452, 5.682, 5.548, 4.09, 2.808, 2.617, 2.329, 2.665, 3.146, 2.392, 1.641, 1.675, 1.79, 1.443, 1.789, 2.683, 3.029, 3.838, 6.301, 9.059, 9.746, 10.123, 10.805, 12.011, 12.883, 12.515, 10.942, 10.17, 11.914, 11.608, 11.044, 12.989, 12.925, 11.624, 12.835, 13.134, 14.208, 14.91, 11.816, 9.52, 10.905, 12.917, 15.351, 17.029, 17.119, 16.202, 15.055, 14.631, 13.145, 10.681, 9.759], [8.22, 8.435, 8.459, 7.114, 6.723, 6.611, 7.694, 9.21, 7.241, 4.356, 4.177, 3.076, 1.995, 1.399, 0.0, 1.492, 1.71, 1.51, 1.521, 2.092, 2.79, 2.511, 3.374, 4.486, 4.479, 3.946, 4.374, 6.5, 8.488, 9.599, 9.834, 10.057, 8.894, 7.564, 8.186, 7.949, 5.285, 2.092, 3.692, 5.932, 6.509, 5.996, 5.342, 6.385, 7.623, 7.407, 7.689, 9.263, 9.342, 8.114, 7.684, 8.054, 7.178, 6.318, 7.45, 8.809, 8.924, 6.402, 5.978, 6.271, 6.458, 6.432, 5.927, 4.986, 5.312, 5.539, 5.829, 6.085, 3.898, 3.221, 4.197, 5.894, 8.572, 10.501, 10.601, 10.213, 11.417, 13.02, 13.074, 13.239, 13.854, 13.232, 10.133, 9.265, 9.301, 9.258, 8.989, 10.734, 11.913, 10.224, 7.012, 5.927, 6.81, 6.046, 4.932, 5.544, 4.7, 4.085, 4.286, 5.285, 5.036, 4.783, 4.759, 4.516, 3.051, 3.837, 4.419, 4.47, 3.554, 3.967, 4.713, 7.603, 9.969, 9.58, 8.645, 9.679, 10.868, 11.155, 11.159, 10.339, 9.374, 10.277, 10.849, 10.89, 9.046, 8.467, 10.345, 12.138, 11.078, 9.408, 9.35, 9.063, 7.157, 5.097, 5.043, 5.471, 6.286, 6.348, 4.565, 3.159, 2.585, 3.008, 2.401, 2.241, 1.755, 2.937, 4.849, 5.751, 6.138, 5.768, 4.583, 3.991, 5.043, 4.961, 4.079, 6.704, 5.768, 5.665, 4.416, 3.58, 2.909, 2.718, 3.302, 3.675, 2.883, 1.872, 1.202, 1.354, 1.267, 1.434, 1.995, 2.331, 3.186, 5.729, 8.164, 8.816, 9.187, 9.83, 11.097, 11.933, 11.637, 10.128, 9.449, 11.563, 11.133, 10.556, 12.614, 12.458, 10.927, 12.058, 12.53, 13.538, 14.103, 10.915, 8.693, 10.069, 12.065, 14.445, 16.134, 16.209, 15.212, 14.087, 13.675, 12.255, 9.777, 8.829], [7.045, 7.442, 7.557, 6.215, 5.954, 5.976, 6.948, 8.41, 6.332, 3.751, 3.769, 2.842, 1.98, 2.159, 1.492, 0.0, 1.211, 1.47, 1.251, 1.822, 2.047, 1.701, 2.62, 3.515, 3.493, 2.994, 3.453, 5.419, 7.312, 8.466, 8.883, 8.953, 7.785, 6.454, 7.043, 6.732, 4.219, 1.575, 4.594, 6.672, 7.273, 6.795, 6.206, 7.085, 8.348, 8.139, 8.466, 10.109, 10.257, 9.164, 8.841, 9.235, 8.435, 7.383, 8.232, 9.685, 9.909, 7.241, 6.179, 6.717, 6.675, 6.808, 6.326, 5.31, 5.402, 5.545, 5.638, 5.858, 3.668, 3.649, 4.859, 6.585, 9.266, 11.204, 11.311, 10.935, 12.152, 13.735, 13.801, 13.949, 14.553, 13.917, 10.813, 9.956, 9.984, 9.939, 9.711, 11.523, 12.686, 10.936, 7.719, 6.506, 7.369, 6.786, 4.935, 5.524, 4.757, 4.493, 4.297, 5.055, 4.796, 4.326, 4.039, 3.822, 2.732, 4.039, 5.086, 4.965, 3.478, 2.978, 3.503, 6.476, 8.775, 8.412, 7.553, 8.534, 9.879, 10.074, 10.111, 9.388, 8.591, 9.177, 9.889, 9.746, 7.904, 7.334, 9.27, 11.067, 10.147, 8.445, 8.441, 8.143, 6.212, 4.488, 4.126, 4.439, 5.357, 5.705, 4.248, 3.294, 3.75, 4.303, 3.568, 3.026, 2.212, 3.702, 5.551, 6.541, 6.873, 6.429, 5.339, 4.744, 5.765, 5.673, 3.873, 6.42, 5.968, 6.107, 4.842, 4.321, 2.987, 2.953, 4.161, 4.483, 3.695, 3.008, 2.165, 1.737, 1.794, 2.048, 1.726, 2.055, 2.462, 4.884, 7.362, 7.983, 8.335, 9.125, 10.313, 11.131, 10.844, 9.178, 8.388, 10.297, 9.957, 9.376, 11.365, 11.282, 9.837, 11.047, 11.387, 12.42, 13.248, 10.106, 7.845, 9.117, 11.224, 13.637, 15.218, 15.325, 14.475, 13.353, 12.979, 11.436, 8.985, 8.083], [7.363, 7.835, 8.015, 6.717, 6.388, 6.382, 7.34, 8.882, 6.728, 3.888, 3.987, 3.054, 2.056, 2.37, 1.71, 1.211, 0.0, 1.476, 1.096, 1.719, 1.965, 1.836, 2.899, 3.617, 3.562, 3.449, 3.693, 5.921, 7.726, 8.91, 9.4, 9.321, 7.801, 6.497, 7.101, 7.072, 4.402, 1.81, 4.282, 6.346, 6.89, 6.432, 5.898, 6.664, 7.928, 7.72, 8.053, 9.836, 9.915, 9.202, 9.002, 9.432, 8.627, 7.558, 8.244, 9.785, 10.0, 7.355, 5.816, 6.437, 6.441, 6.449, 6.136, 5.002, 4.971, 5.084, 5.349, 5.258, 2.968, 3.287, 4.403, 6.136, 8.817, 10.76, 10.893, 10.577, 11.696, 13.289, 13.364, 13.509, 14.104, 13.459, 10.349, 9.544, 9.676, 9.61, 9.32, 11.204, 12.358, 10.524, 7.312, 6.431, 7.1, 6.589, 4.533, 4.944, 4.063, 4.174, 3.929, 4.947, 4.567, 4.189, 4.088, 3.832, 3.051, 3.914, 4.729, 4.647, 3.534, 2.796, 3.457, 6.801, 9.126, 8.57, 7.698, 8.877, 10.343, 10.485, 10.494, 9.881, 9.057, 9.687, 10.324, 10.176, 8.304, 7.753, 9.683, 11.479, 10.477, 8.827, 8.744, 8.466, 6.56, 4.902, 4.515, 4.766, 5.719, 5.988, 4.374, 3.406, 3.873, 4.503, 3.754, 3.195, 2.43, 3.499, 5.543, 6.395, 6.509, 6.344, 5.189, 4.455, 5.335, 5.262, 3.269, 6.41, 5.792, 5.829, 4.666, 4.481, 2.982, 2.965, 3.968, 4.187, 3.499, 3.22, 2.328, 1.493, 1.713, 2.196, 1.988, 2.637, 2.765, 5.157, 7.729, 8.375, 8.774, 9.617, 10.756, 11.631, 11.348, 9.644, 8.794, 10.643, 10.346, 9.823, 11.721, 11.659, 10.279, 11.507, 11.874, 12.92, 13.736, 10.577, 8.369, 9.549, 11.616, 14.141, 15.675, 15.765, 14.978, 13.814, 13.482, 11.94, 9.466, 8.575], [7.464, 8.132, 8.335, 7.04, 6.683, 6.603, 7.636, 9.196, 6.882, 3.959, 3.824, 2.85, 1.524, 1.795, 1.51, 1.47, 1.476, 0.0, 1.141, 2.117, 2.572, 2.484, 2.957, 4.088, 4.539, 4.134, 4.352, 6.118, 7.894, 9.129, 9.543, 9.423, 8.283, 6.99, 7.503, 7.316, 4.992, 1.917, 4.262, 6.206, 6.697, 6.215, 5.614, 6.386, 7.633, 7.425, 7.745, 9.544, 9.775, 8.772, 8.374, 8.883, 8.034, 6.637, 7.386, 8.7, 9.226, 6.611, 5.66, 6.53, 6.52, 6.354, 5.802, 4.856, 5.054, 5.281, 5.39, 5.464, 3.451, 2.987, 4.107, 5.825, 8.507, 10.45, 10.596, 10.3, 11.447, 13.018, 13.086, 13.2, 13.792, 13.155, 10.036, 9.179, 9.238, 9.201, 9.049, 11.007, 12.087, 10.268, 6.996, 5.623, 6.704, 5.998, 4.603, 4.922, 4.014, 3.256, 3.797, 4.823, 4.443, 4.161, 4.018, 3.726, 2.758, 3.667, 4.317, 4.374, 3.581, 3.565, 4.199, 6.865, 9.228, 8.801, 7.97, 9.014, 10.595, 10.717, 10.713, 10.122, 9.322, 9.799, 10.642, 10.3, 8.391, 7.847, 9.78, 11.569, 10.754, 8.981, 8.95, 8.725, 6.728, 5.195, 4.765, 4.912, 5.86, 6.17, 4.539, 3.381, 3.026, 3.616, 3.128, 2.757, 2.04, 3.16, 4.94, 5.952, 6.22, 5.711, 4.735, 4.292, 5.009, 4.972, 3.703, 6.432, 5.928, 5.943, 4.453, 3.652, 3.06, 3.023, 3.699, 4.057, 3.182, 2.407, 1.999, 1.55, 1.497, 1.953, 2.322, 2.589, 2.929, 5.394, 8.055, 8.689, 9.089, 9.946, 11.072, 11.96, 11.677, 9.942, 9.053, 10.724, 10.393, 9.92, 11.811, 11.722, 10.537, 11.766, 12.031, 13.127, 14.03, 10.904, 8.669, 9.858, 11.943, 14.47, 16.0, 16.09, 15.306, 14.13, 13.809, 12.267, 9.79, 8.899], [7.166, 7.912, 8.103, 6.795, 6.403, 6.367, 7.389, 8.937, 6.638, 3.734, 3.606, 2.645, 1.683, 1.851, 1.521, 1.251, 1.096, 1.141, 0.0, 1.509, 2.03, 1.878, 2.689, 3.742, 3.92, 3.533, 3.793, 5.711, 7.591, 8.846, 9.311, 9.255, 7.995, 6.71, 7.351, 7.003, 4.591, 1.992, 4.385, 6.331, 6.847, 6.399, 5.71, 6.557, 7.805, 7.597, 7.924, 9.652, 9.876, 8.921, 8.607, 9.053, 8.276, 7.172, 7.911, 9.309, 9.706, 6.973, 5.645, 6.26, 6.22, 6.352, 5.99, 4.847, 4.741, 4.894, 5.164, 5.233, 2.912, 3.083, 4.267, 5.996, 8.677, 10.62, 10.77, 10.428, 11.611, 13.177, 13.265, 13.366, 13.962, 13.322, 10.214, 9.357, 9.408, 9.362, 9.186, 11.108, 12.197, 10.425, 7.156, 5.939, 6.852, 6.192, 4.161, 4.62, 3.984, 3.773, 3.594, 4.595, 4.233, 3.908, 3.82, 3.506, 2.617, 3.764, 4.495, 4.53, 3.422, 2.946, 3.575, 6.583, 8.944, 8.496, 7.77, 8.829, 10.422, 10.524, 10.594, 9.879, 9.12, 9.599, 10.425, 10.122, 8.167, 7.561, 9.575, 11.363, 10.56, 8.72, 8.756, 8.48, 6.556, 4.925, 4.488, 4.673, 5.64, 5.96, 4.314, 3.165, 3.46, 4.139, 3.419, 2.804, 1.842, 3.259, 5.07, 6.07, 6.403, 5.88, 4.84, 4.283, 5.167, 5.136, 3.251, 6.2, 5.663, 5.665, 4.62, 3.968, 2.581, 2.712, 3.837, 4.165, 3.331, 2.808, 2.013, 1.457, 1.491, 1.922, 1.977, 2.398, 2.739, 5.276, 7.863, 8.515, 8.913, 9.728, 10.896, 11.734, 11.435, 9.742, 8.893, 10.571, 10.277, 9.776, 11.62, 11.599, 10.358, 11.589, 11.874, 12.951, 13.814, 10.686, 8.404, 9.635, 11.735, 14.228, 15.771, 15.852, 15.064, 13.953, 13.557, 12.015, 9.534, 8.63], [6.766, 7.289, 7.361, 6.009, 5.619, 5.534, 6.619, 8.2, 5.971, 3.082, 3.113, 2.427, 2.154, 2.35, 2.092, 1.822, 1.719, 2.117, 1.509, 0.0, 1.348, 2.176, 2.613, 3.265, 3.409, 3.024, 3.213, 4.978, 7.151, 8.166, 8.57, 8.618, 7.49, 6.177, 6.786, 6.55, 4.06, 2.852, 4.932, 7.054, 7.554, 7.122, 6.431, 7.301, 8.55, 8.341, 8.659, 10.335, 10.464, 9.527, 8.965, 9.446, 8.639, 7.451, 8.272, 9.826, 10.168, 7.531, 5.457, 5.322, 5.258, 5.926, 5.98, 4.676, 3.987, 4.12, 4.589, 4.637, 2.813, 3.925, 5.101, 6.829, 9.51, 11.446, 11.539, 11.187, 12.36, 13.979, 14.05, 14.179, 14.807, 14.156, 11.06, 10.189, 10.222, 10.183, 9.992, 11.722, 12.921, 11.22, 7.95, 6.618, 7.596, 6.983, 4.092, 4.091, 4.247, 4.405, 3.502, 4.116, 3.848, 3.726, 3.7, 3.453, 3.44, 4.955, 5.484, 5.602, 4.407, 2.874, 3.304, 6.001, 8.384, 8.087, 7.244, 8.187, 9.768, 9.817, 9.881, 9.065, 8.306, 8.98, 9.74, 9.567, 7.69, 7.0, 9.09, 10.885, 9.969, 8.116, 8.136, 7.855, 5.935, 4.12, 3.871, 4.031, 5.036, 5.185, 3.646, 2.964, 3.701, 4.366, 3.639, 2.955, 2.466, 3.896, 5.773, 6.783, 7.104, 6.678, 5.59, 4.995, 5.972, 5.914, 2.916, 5.476, 4.718, 5.155, 4.484, 4.279, 2.955, 3.072, 4.47, 4.79, 3.892, 3.03, 2.63, 2.342, 2.157, 2.41, 2.315, 2.577, 2.156, 4.458, 7.094, 7.758, 8.143, 8.877, 10.065, 10.903, 10.678, 8.998, 8.253, 10.07, 9.785, 9.219, 11.063, 11.105, 9.694, 10.913, 11.277, 12.3, 12.999, 9.949, 7.628, 9.017, 11.026, 13.386, 15.043, 15.105, 14.242, 13.103, 12.715, 11.223, 8.776, 7.821], [6.044, 6.64, 6.692, 5.336, 4.92, 4.859, 5.982, 7.516, 5.312, 2.66, 2.698, 2.389, 2.674, 3.464, 2.79, 2.047, 1.965, 2.572, 2.03, 1.348, 0.0, 2.029, 2.292, 2.756, 2.974, 2.728, 2.776, 4.385, 6.415, 7.505, 7.985, 7.961, 6.479, 5.142, 5.83, 5.77, 3.181, 2.866, 5.616, 7.818, 8.272, 7.837, 7.14, 7.969, 9.241, 9.025, 9.39, 11.1, 11.119, 10.436, 9.931, 10.486, 9.643, 8.435, 8.954, 10.851, 11.208, 8.612, 5.956, 5.63, 5.646, 6.324, 6.56, 5.223, 4.374, 4.063, 4.451, 4.344, 3.074, 4.587, 5.808, 7.501, 10.182, 12.119, 12.208, 11.855, 13.013, 14.648, 14.718, 14.856, 15.478, 14.828, 11.729, 10.861, 10.95, 10.913, 10.713, 12.412, 13.631, 11.953, 8.656, 7.491, 8.332, 7.785, 4.688, 4.306, 4.463, 5.027, 3.931, 3.985, 3.858, 3.462, 3.111, 2.965, 3.372, 5.103, 5.997, 5.938, 4.178, 2.559, 2.746, 5.323, 7.728, 7.216, 6.326, 7.511, 9.153, 9.177, 9.27, 8.431, 7.663, 8.412, 9.072, 8.952, 7.073, 6.389, 8.472, 10.287, 9.306, 7.472, 7.49, 7.19, 5.331, 3.514, 3.197, 3.378, 4.376, 4.519, 3.182, 2.836, 4.624, 5.388, 4.62, 3.827, 3.422, 4.61, 6.628, 7.565, 7.843, 7.575, 6.397, 5.697, 6.68, 6.594, 3.206, 5.264, 4.878, 5.539, 5.045, 5.337, 3.916, 4.046, 5.215, 5.521, 4.603, 4.022, 3.341, 2.865, 3.044, 3.303, 2.558, 2.636, 1.799, 3.865, 6.423, 7.091, 7.448, 8.209, 9.393, 10.215, 10.034, 8.356, 7.621, 9.44, 9.176, 8.62, 10.451, 10.516, 9.046, 10.249, 10.663, 11.675, 12.36, 9.312, 7.002, 8.355, 10.392, 12.731, 14.377, 14.408, 13.549, 12.434, 12.042, 10.525, 8.074, 7.123], [6.701, 7.295, 7.385, 6.042, 5.627, 5.453, 6.58, 8.141, 5.912, 3.632, 3.566, 3.175, 2.81, 3.105, 2.511, 1.701, 1.836, 2.484, 1.878, 2.176, 2.029, 0.0, 1.683, 2.426, 2.519, 2.385, 2.778, 5.034, 7.062, 8.09, 8.524, 8.631, 7.025, 5.749, 6.428, 6.364, 3.671, 1.983, 5.187, 7.145, 7.592, 7.113, 6.338, 7.325, 8.576, 8.388, 8.694, 10.407, 10.459, 9.819, 9.59, 10.072, 9.28, 8.213, 9.136, 10.683, 10.98, 8.261, 6.667, 6.928, 6.951, 7.271, 6.983, 5.752, 5.643, 5.37, 5.815, 5.641, 3.506, 4.153, 5.122, 6.84, 9.521, 11.454, 11.55, 11.163, 12.41, 13.978, 14.04, 14.19, 14.801, 14.177, 11.078, 10.312, 10.545, 10.488, 10.025, 11.732, 12.881, 11.24, 8.139, 7.25, 7.91, 7.392, 5.369, 5.621, 4.996, 4.947, 4.79, 5.244, 5.098, 4.616, 4.081, 3.669, 2.829, 4.331, 5.414, 5.18, 3.227, 2.024, 2.569, 6.029, 8.399, 7.868, 7.0, 8.172, 9.711, 9.874, 9.902, 9.041, 8.276, 8.976, 9.738, 9.613, 7.702, 7.042, 9.056, 10.88, 9.938, 8.064, 8.095, 7.854, 5.904, 4.049, 3.927, 4.024, 4.98, 5.412, 4.379, 3.446, 4.507, 5.191, 4.45, 3.612, 2.981, 3.95, 6.227, 7.028, 7.269, 7.158, 5.839, 5.014, 6.136, 5.974, 3.763, 6.616, 6.187, 6.436, 5.581, 5.167, 3.622, 3.644, 4.533, 4.792, 4.158, 3.783, 2.946, 2.438, 2.72, 3.048, 2.133, 1.95, 2.04, 4.37, 7.131, 7.786, 8.169, 8.853, 10.091, 10.913, 10.589, 9.008, 8.268, 10.112, 9.84, 9.257, 11.143, 11.168, 9.726, 10.916, 11.283, 12.305, 12.998, 9.871, 7.574, 8.96, 11.008, 13.387, 15.087, 15.176, 14.22, 13.08, 12.684, 11.213, 8.748, 7.8], [5.841, 6.703, 6.828, 5.505, 5.1, 5.101, 5.997, 7.634, 5.39, 3.574, 3.553, 3.435, 3.297, 3.806, 3.374, 2.62, 2.899, 2.957, 2.689, 2.613, 2.292, 1.683, 0.0, 1.727, 2.366, 2.145, 2.373, 4.324, 6.344, 7.214, 7.682, 7.486, 5.945, 4.895, 5.586, 5.671, 3.277, 2.741, 6.052, 7.916, 8.182, 7.732, 7.168, 8.097, 9.308, 9.05, 9.53, 11.326, 11.443, 10.952, 10.615, 11.215, 10.329, 8.927, 9.917, 11.209, 11.703, 9.134, 7.278, 7.554, 7.387, 8.0, 7.866, 6.581, 6.117, 5.323, 5.968, 5.66, 4.184, 4.806, 5.951, 7.517, 10.185, 12.128, 12.242, 11.879, 13.21, 14.721, 14.801, 14.898, 15.474, 14.838, 11.766, 10.881, 11.149, 11.087, 11.064, 12.847, 13.767, 12.263, 8.857, 7.821, 8.478, 8.028, 6.049, 5.687, 5.382, 5.156, 5.225, 5.094, 5.324, 4.977, 4.285, 3.453, 3.389, 4.92, 6.02, 5.855, 3.765, 1.948, 2.176, 4.979, 7.442, 6.895, 5.783, 7.205, 8.959, 9.172, 9.197, 8.403, 7.582, 8.193, 9.176, 8.845, 6.939, 6.205, 8.332, 10.125, 9.318, 7.447, 7.518, 7.183, 5.22, 3.622, 3.516, 3.649, 4.628, 5.559, 4.717, 3.824, 5.333, 5.914, 5.204, 4.367, 3.707, 4.971, 7.005, 7.879, 8.241, 7.928, 6.647, 6.106, 6.793, 6.624, 4.19, 6.597, 6.733, 7.217, 6.463, 5.702, 4.526, 4.754, 5.82, 6.103, 5.274, 4.498, 4.028, 3.544, 3.78, 3.98, 3.238, 2.749, 2.376, 3.942, 6.632, 7.287, 7.624, 8.292, 9.504, 10.375, 10.021, 8.381, 7.578, 9.201, 9.003, 8.464, 10.273, 10.317, 9.081, 10.332, 10.591, 11.683, 12.335, 9.198, 6.973, 8.29, 10.342, 12.868, 14.522, 14.629, 13.723, 12.543, 12.079, 10.705, 8.238, 7.303], [4.858, 5.6, 5.717, 4.393, 4.101, 4.779, 5.112, 6.519, 4.866, 3.57, 4.022, 4.4, 4.361, 5.022, 4.486, 3.515, 3.617, 4.088, 3.742, 3.265, 2.756, 2.426, 1.727, 0.0, 1.42, 1.501, 1.494, 3.269, 5.218, 6.239, 6.679, 6.643, 4.939, 3.751, 4.527, 4.577, 2.235, 3.6, 7.154, 8.867, 9.228, 8.693, 8.125, 9.088, 10.408, 10.186, 10.67, 12.493, 12.529, 12.087, 11.835, 12.422, 11.492, 10.205, 11.114, 12.607, 13.047, 10.449, 8.226, 7.932, 7.72, 8.672, 8.831, 7.495, 6.612, 5.657, 6.177, 5.781, 4.899, 6.041, 7.034, 8.617, 11.261, 13.208, 13.295, 12.931, 14.213, 15.763, 15.839, 15.992, 16.565, 15.929, 12.843, 12.119, 12.481, 12.415, 12.064, 13.813, 14.781, 13.288, 10.002, 9.168, 9.824, 9.407, 6.908, 6.325, 6.426, 6.474, 6.133, 5.755, 6.012, 5.606, 4.999, 4.372, 4.642, 6.222, 7.2, 6.92, 4.856, 2.4, 1.618, 4.221, 6.503, 5.939, 4.903, 6.196, 7.946, 8.093, 8.131, 7.272, 6.486, 7.126, 8.063, 7.798, 5.905, 5.2, 7.344, 9.106, 8.294, 6.703, 6.943, 6.342, 4.655, 3.471, 3.496, 3.775, 4.708, 5.804, 5.275, 4.894, 6.538, 7.219, 6.527, 5.636, 5.04, 6.05, 8.294, 9.064, 9.353, 9.264, 7.902, 7.147, 8.031, 7.78, 5.015, 6.848, 7.051, 7.967, 7.446, 7.08, 5.7, 5.878, 6.892, 7.143, 6.464, 5.815, 5.213, 4.674, 4.984, 5.246, 4.328, 3.928, 3.017, 3.235, 5.707, 6.275, 6.51, 7.168, 8.407, 9.258, 8.916, 7.292, 6.519, 8.183, 7.965, 7.408, 9.227, 9.284, 7.975, 9.218, 9.492, 10.57, 11.313, 8.141, 5.927, 7.243, 9.304, 11.753, 13.41, 13.517, 12.556, 11.413, 11.047, 9.585, 7.142, 6.254], [4.796, 5.313, 5.395, 4.079, 4.084, 4.999, 5.245, 6.234, 4.746, 4.094, 4.513, 4.663, 4.824, 5.235, 4.479, 3.493, 3.562, 4.539, 3.92, 3.409, 2.974, 2.519, 2.366, 1.42, 0.0, 1.112, 1.663, 3.127, 5.1, 6.03, 6.368, 6.489, 4.895, 3.626, 4.386, 4.367, 2.187, 3.595, 7.027, 9.063, 9.653, 9.115, 8.533, 9.57, 10.816, 10.625, 10.915, 12.553, 12.607, 11.975, 11.916, 12.386, 11.511, 10.372, 11.37, 12.983, 13.279, 10.643, 8.518, 8.31, 8.194, 8.897, 8.999, 7.677, 6.971, 6.259, 6.694, 6.33, 5.187, 6.395, 7.373, 9.074, 11.754, 13.683, 13.784, 13.395, 14.627, 16.211, 16.274, 16.424, 17.035, 16.423, 13.337, 12.615, 12.784, 12.724, 12.327, 13.996, 15.114, 13.507, 10.38, 9.485, 10.148, 9.727, 7.174, 6.988, 7.025, 7.178, 6.539, 6.177, 6.49, 6.151, 5.563, 5.035, 4.953, 6.608, 7.713, 7.425, 5.348, 2.72, 1.904, 4.349, 6.51, 5.935, 4.85, 6.067, 7.643, 7.809, 7.859, 6.93, 5.975, 6.975, 7.72, 7.627, 5.766, 5.115, 7.21, 8.988, 8.08, 6.586, 6.825, 6.18, 4.79, 3.682, 3.803, 4.177, 5.172, 6.289, 5.541, 5.023, 6.684, 7.403, 6.734, 5.849, 5.323, 6.266, 8.544, 9.262, 9.507, 9.473, 8.105, 7.259, 8.385, 8.228, 5.394, 7.444, 7.503, 8.107, 7.618, 7.407, 5.915, 5.896, 6.861, 7.098, 6.449, 6.023, 5.225, 4.652, 4.958, 5.36, 4.382, 4.03, 3.355, 3.41, 5.683, 6.034, 6.27, 6.778, 8.042, 8.878, 8.547, 7.013, 6.298, 8.075, 7.81, 7.274, 9.095, 9.15, 7.699, 8.885, 9.298, 10.302, 10.898, 7.799, 5.553, 7.019, 9.027, 11.375, 13.06, 13.166, 12.163, 11.039, 10.612, 9.224, 6.804, 6.054], [4.837, 5.376, 5.422, 4.093, 3.942, 4.955, 5.224, 6.246, 4.893, 3.938, 4.189, 4.311, 4.38, 4.707, 3.946, 2.994, 3.449, 4.134, 3.533, 3.024, 2.728, 2.385, 2.145, 1.501, 1.112, 0.0, 1.211, 3.12, 5.166, 6.179, 6.561, 6.641, 5.303, 3.962, 4.668, 4.519, 2.16, 3.424, 6.803, 8.986, 9.548, 9.017, 8.357, 9.351, 10.585, 10.376, 10.674, 12.273, 12.333, 11.491, 11.207, 11.723, 10.885, 9.835, 10.886, 12.428, 12.629, 9.989, 8.187, 7.963, 7.92, 8.568, 8.63, 7.302, 6.697, 6.232, 6.644, 6.473, 5.025, 5.929, 7.145, 8.859, 11.54, 13.473, 13.561, 13.189, 14.394, 16.001, 16.072, 16.209, 16.82, 16.2, 13.108, 12.245, 12.274, 12.262, 12.062, 13.726, 14.919, 13.274, 9.999, 8.946, 9.683, 9.19, 6.85, 6.747, 6.853, 6.856, 6.192, 6.056, 6.167, 5.842, 5.241, 4.633, 4.453, 6.182, 7.392, 7.191, 5.115, 2.582, 2.109, 4.481, 6.479, 6.04, 5.103, 6.204, 7.807, 7.904, 7.954, 7.013, 6.232, 7.076, 7.799, 7.687, 5.808, 5.09, 7.184, 8.967, 8.044, 6.776, 7.014, 6.381, 4.932, 3.623, 3.665, 4.087, 5.049, 6.004, 5.19, 4.608, 6.2, 6.789, 6.087, 5.24, 4.671, 5.904, 7.952, 8.726, 9.16, 8.857, 7.616, 6.982, 8.014, 7.936, 5.104, 7.247, 7.151, 7.788, 7.219, 6.779, 5.265, 5.256, 6.452, 6.749, 5.94, 5.355, 4.567, 4.168, 4.428, 4.69, 3.763, 3.446, 3.038, 3.535, 5.842, 6.15, 6.302, 6.858, 8.097, 8.937, 8.638, 7.084, 6.369, 8.176, 7.912, 7.356, 9.195, 9.251, 7.784, 8.977, 9.399, 10.403, 11.022, 7.925, 5.629, 7.076, 9.079, 11.408, 13.128, 13.197, 12.219, 11.103, 10.696, 9.226, 6.903, 6.046], [4.405, 5.011, 5.148, 3.893, 3.74, 4.715, 4.958, 5.986, 4.653, 3.495, 3.849, 4.337, 4.512, 5.014, 4.374, 3.453, 3.693, 4.352, 3.793, 3.213, 2.776, 2.778, 2.373, 1.494, 1.663, 1.211, 0.0, 2.696, 4.755, 5.713, 6.222, 6.198, 4.919, 3.628, 4.261, 4.148, 1.892, 4.119, 7.409, 9.471, 9.959, 9.459, 8.89, 9.774, 10.967, 10.739, 11.033, 12.647, 12.775, 11.787, 11.54, 12.106, 11.147, 10.076, 10.959, 12.507, 12.8, 10.113, 7.871, 7.639, 7.461, 8.34, 8.546, 7.184, 6.36, 5.705, 6.043, 5.965, 5.005, 6.313, 7.492, 9.223, 11.891, 13.821, 13.916, 13.557, 14.821, 16.404, 16.445, 16.601, 17.187, 16.59, 13.495, 12.666, 12.649, 12.616, 12.43, 14.228, 15.305, 13.633, 10.388, 9.179, 10.058, 9.453, 6.592, 6.324, 6.661, 6.969, 5.891, 5.488, 5.744, 5.39, 4.868, 4.468, 4.655, 6.568, 7.759, 7.58, 5.501, 2.854, 2.012, 4.082, 5.99, 5.619, 4.754, 5.774, 7.35, 7.502, 7.506, 6.737, 5.859, 6.637, 7.498, 7.236, 5.318, 4.742, 6.664, 8.387, 7.489, 6.394, 6.599, 6.058, 4.558, 3.357, 3.316, 3.623, 4.489, 5.645, 4.994, 4.703, 6.473, 7.121, 6.399, 5.536, 4.858, 6.42, 8.263, 9.083, 9.53, 9.159, 7.938, 7.471, 8.433, 8.318, 4.993, 6.656, 6.786, 7.642, 7.147, 6.98, 5.378, 5.679, 6.922, 7.245, 6.454, 5.7, 4.999, 4.639, 4.77, 5.013, 3.959, 3.793, 2.94, 3.313, 5.7, 6.026, 6.043, 6.584, 7.826, 8.684, 8.29, 6.704, 5.888, 7.747, 7.457, 6.9, 8.765, 8.786, 7.407, 8.653, 8.98, 10.025, 10.708, 7.534, 5.328, 6.737, 8.646, 11.151, 12.837, 12.934, 11.95, 10.843, 10.401, 8.933, 6.71, 5.788], [2.429, 2.545, 2.703, 1.961, 2.895, 4.212, 4.207, 4.429, 3.579, 3.719, 4.596, 5.139, 5.895, 6.894, 6.5, 5.419, 5.921, 6.118, 5.711, 4.978, 4.385, 5.034, 4.324, 3.269, 3.127, 3.12, 2.696, 0.0, 2.536, 3.517, 3.807, 3.866, 3.02, 1.786, 2.214, 2.227, 2.068, 6.208, 9.754, 11.736, 12.273, 11.818, 11.145, 11.984, 13.233, 13.018, 13.336, 15.045, 15.213, 14.24, 13.715, 14.185, 13.415, 11.95