[[0.0, 1.81, 2.735, 7.076, 8.937, 11.239, 7.264, 8.293, 9.804, 7.639, 7.569, 9.478, 7.38, 8.529, 9.641, 8.148, 9.493, 11.671, 12.995, 12.876, 13.02, 16.007, 16.969, 16.533, 16.316, 14.679, 12.349, 13.035, 12.787, 14.178, 14.595, 13.815, 18.759, 21.193, 19.539, 20.928, 19.934, 19.977, 20.519, 21.587, 23.548, 21.347, 19.829, 19.087, 16.406, 14.487, 14.677, 15.357, 17.312, 16.131, 14.334, 15.049, 14.042], [1.81, 0.0, 1.974, 6.506, 8.375, 10.679, 6.712, 7.666, 9.255, 7.081, 7.011, 8.932, 6.837, 7.955, 9.069, 7.6, 8.955, 11.127, 12.42, 12.328, 12.444, 15.431, 16.423, 15.99, 15.745, 14.13, 11.791, 12.479, 12.209, 13.632, 14.049, 13.226, 18.191, 20.613, 18.977, 20.33, 19.366, 19.369, 19.928, 20.997, 22.977, 20.761, 19.237, 18.474, 15.864, 13.881, 14.112, 14.756, 16.744, 15.585, 13.774, 14.473, 13.466], [2.735, 1.974, 0.0, 4.988, 6.844, 9.152, 5.279, 6.14, 7.727, 5.554, 5.487, 7.401, 5.303, 6.424, 7.612, 6.552, 7.716, 9.637, 10.887, 10.761, 10.92, 13.898, 14.891, 14.458, 14.218, 12.602, 10.263, 10.944, 10.681, 12.1, 12.517, 11.694, 16.652, 19.081, 17.435, 18.827, 17.829, 17.852, 18.42, 19.483, 21.427, 19.237, 17.741, 16.944, 14.399, 12.427, 12.576, 13.226, 15.211, 14.053, 12.247, 12.956, 11.942], [7.076, 6.506, 4.988, 0.0, 2.907, 4.306, 2.603, 1.919, 2.768, 1.179, 1.417, 2.72, 1.934, 3.287, 4.884, 5.088, 6.194, 7.226, 7.822, 6.961, 7.169, 9.03, 9.931, 9.541, 9.361, 8.405, 6.786, 7.429, 7.854, 8.765, 8.555, 7.062, 11.778, 14.229, 12.599, 14.073, 12.948, 13.274, 13.639, 14.707, 16.658, 14.505, 12.999, 12.245, 10.047, 8.603, 7.783, 8.36, 10.292, 9.088, 7.314, 7.984, 7.029], [8.937, 8.375, 6.844, 2.907, 0.0, 2.594, 2.281, 3.523, 2.961, 2.478, 2.701, 3.38, 3.627, 5.486, 6.774, 7.337, 8.126, 8.331, 8.768, 7.825, 8.464, 8.744, 8.724, 8.733, 8.734, 8.968, 7.698, 8.2, 8.84, 9.336, 8.849, 7.113, 9.983, 12.365, 10.779, 12.442, 11.203, 11.616, 11.864, 12.955, 14.929, 12.645, 11.144, 10.565, 8.211, 6.789, 6.23, 6.749, 8.475, 7.352, 6.659, 7.253, 7.178], [11.239, 10.679, 9.152, 4.306, 2.594, 0.0, 4.053, 4.183, 2.949, 3.803, 4.196, 3.503, 4.393, 5.563, 6.65, 7.379, 7.883, 7.907, 8.131, 7.395, 8.172, 7.97, 7.709, 7.516, 7.743, 8.5, 7.289, 7.775, 8.397, 8.763, 8.261, 6.705, 7.606, 10.064, 8.434, 10.045, 8.918, 9.393, 9.592, 10.618, 12.579, 10.49, 8.968, 8.234, 6.286, 5.031, 4.084, 4.601, 6.256, 5.165, 5.624, 6.371, 6.621], [7.264, 6.712, 5.279, 2.603, 2.281, 4.053, 0.0, 3.065, 3.533, 2.145, 2.663, 3.539, 3.41, 5.37, 6.862, 7.3, 8.266, 8.639, 8.975, 8.141, 8.664, 9.093, 9.856, 9.459, 9.261, 9.234, 7.986, 8.474, 9.102, 9.56, 9.071, 7.664, 11.565, 14.034, 12.365, 13.778, 12.805, 12.906, 13.362, 14.469, 16.493, 14.25, 12.759, 12.062, 9.28, 7.648, 7.617, 8.224, 10.135, 8.896, 7.246, 8.027, 7.432], [8.293, 7.666, 6.14, 1.919, 3.523, 4.183, 3.065, 0.0, 1.816, 1.658, 2.042, 1.821, 2.085, 2.922, 4.51, 4.948, 5.954, 6.821, 7.389, 6.342, 6.602, 7.946, 8.799, 8.461, 8.275, 7.564, 6.211, 6.706, 7.335, 8.03, 7.678, 5.974, 10.586, 13.031, 11.406, 12.869, 11.819, 12.094, 12.581, 13.599, 15.444, 13.477, 11.834, 10.988, 9.505, 8.443, 6.992, 7.337, 9.134, 7.931, 6.17, 6.908, 6.134], [9.804, 9.255, 7.727, 2.768, 2.961, 2.949, 3.533, 1.816, 0.0, 2.253, 2.404, 1.304, 2.546, 2.794, 4.128, 4.594, 5.623, 6.458, 7.093, 6.137, 6.319, 7.087, 7.332, 7.223, 7.203, 7.0, 5.747, 6.416, 7.034, 7.39, 6.916, 5.393, 9.185, 11.647, 10.036, 11.854, 10.684, 11.353, 11.32, 12.293, 14.233, 12.231, 10.618, 9.949, 8.537, 7.726, 6.266, 6.26, 7.62, 6.352, 5.11, 5.733, 5.37], [7.639, 7.081, 5.554, 1.179, 2.478, 3.803, 2.145, 1.658, 2.253, 0.0, 1.229, 2.212, 1.574, 3.419, 5.086, 5.435, 6.532, 7.377, 8.046, 7.086, 7.251, 8.528, 9.412, 9.024, 8.748, 8.094, 6.695, 7.286, 7.903, 8.484, 8.094, 6.644, 11.262, 13.696, 12.029, 13.55, 12.489, 12.794, 13.08, 14.191, 16.233, 14.042, 12.509, 11.822, 9.513, 8.185, 7.434, 7.96, 9.761, 8.528, 6.725, 7.503, 6.646], [7.569, 7.011, 5.487, 1.417, 2.701, 4.196, 2.663, 2.042, 2.404, 1.229, 0.0, 2.063, 1.547, 3.035, 4.597, 4.95, 6.052, 7.084, 7.792, 6.893, 6.894, 8.526, 9.435, 9.02, 8.855, 7.866, 6.387, 7.092, 7.594, 8.323, 8.027, 6.494, 11.39, 13.797, 12.25, 13.954, 12.668, 13.324, 13.325, 14.366, 16.387, 14.239, 12.719, 12.117, 10.262, 9.011, 7.964, 8.231, 9.892, 8.597, 6.796, 7.553, 6.689], [9.478, 8.932, 7.401, 2.72, 3.38, 3.503, 3.539, 1.821, 1.304, 2.212, 2.063, 0.0, 2.143, 2.252, 3.548, 4.095, 5.03, 5.697, 6.426, 5.527, 5.547, 6.775, 7.601, 7.147, 7.0, 6.29, 4.946, 5.746, 6.253, 6.696, 6.294, 4.79, 9.572, 12.003, 10.477, 12.313, 11.077, 11.847, 11.718, 12.707, 14.63, 12.609, 10.994, 10.444, 8.959, 8.19, 6.688, 6.712, 8.026, 6.673, 5.014, 5.85, 5.076], [7.38, 6.837, 5.303, 1.934, 3.627, 4.393, 3.41, 2.085, 2.546, 1.574, 1.547, 2.143, 0.0, 2.166, 3.91, 4.153, 5.332, 6.572, 7.311, 6.632, 6.686, 8.718, 9.613, 9.172, 8.962, 7.661, 5.905, 6.746, 7.075, 7.869, 7.694, 6.537, 11.483, 13.928, 12.259, 13.971, 12.762, 13.269, 13.355, 14.476, 16.472, 14.287, 12.75, 12.162, 10.073, 8.911, 7.897, 8.31, 9.967, 8.767, 6.996, 7.789, 6.863], [8.529, 7.955, 6.424, 3.287, 5.486, 5.563, 5.37, 2.922, 2.794, 3.419, 3.035, 2.252, 2.166, 0.0, 1.931, 2.371, 3.418, 4.871, 5.623, 5.075, 5.091, 7.549, 8.482, 8.057, 7.798, 6.222, 4.287, 5.411, 5.511, 6.349, 6.202, 5.612, 10.657, 13.019, 11.767, 13.713, 12.525, 13.32, 13.19, 13.917, 15.766, 14.023, 12.424, 11.714, 10.565, 9.852, 8.281, 8.176, 9.157, 7.647, 5.841, 6.594, 5.611], [9.641, 9.069, 7.612, 4.884, 6.774, 6.65, 6.862, 4.51, 4.128, 5.086, 4.597, 3.548, 3.91, 1.931, 0.0, 2.084, 1.746, 3.258, 4.119, 3.816, 3.736, 6.421, 7.369, 6.952, 6.677, 5.097, 2.951, 4.125, 3.952, 4.881, 4.998, 4.568, 9.736, 11.982, 11.198, 13.161, 12.15, 12.862, 12.921, 13.444, 15.027, 13.535, 12.099, 11.269, 10.648, 10.135, 8.353, 8.357, 8.533, 6.687, 4.862, 5.496, 4.489], [8.148, 7.6, 6.552, 5.088, 7.337, 7.379, 7.3, 4.948, 4.594, 5.435, 4.95, 4.095, 4.153, 2.371, 2.084, 0.0, 1.888, 3.968, 5.18, 5.137, 5.088, 7.902, 8.855, 8.441, 8.178, 6.561, 4.319, 5.313, 5.008, 6.109, 6.513, 6.005, 11.12, 13.364, 12.849, 14.858, 13.939, 14.688, 14.713, 15.294, 16.642, 15.337, 13.917, 13.043, 12.339, 11.679, 10.001, 9.927, 10.369, 8.255, 6.21, 6.939, 5.943], [9.493, 8.955, 7.716, 6.194, 8.126, 7.883, 8.266, 5.954, 5.623, 6.532, 6.052, 5.03, 5.332, 3.418, 1.746, 1.888, 0.0, 2.444, 3.757, 3.717, 3.702, 6.534, 7.503, 7.09, 6.824, 5.209, 3.059, 4.107, 3.625, 4.836, 5.232, 4.732, 9.933, 11.984, 11.747, 13.74, 13.038, 13.704, 13.839, 14.317, 15.54, 14.341, 13.026, 12.157, 11.711, 11.177, 9.496, 9.436, 9.415, 7.122, 4.938, 5.573, 4.575], [11.671, 11.127, 9.637, 7.226, 8.331, 7.907, 8.639, 6.821, 6.458, 7.377, 7.084, 5.697, 6.572, 4.871, 3.258, 3.968, 2.444, 0.0, 1.543, 1.767, 2.391, 4.354, 5.326, 4.908, 4.644, 3.108, 1.829, 2.061, 1.448, 2.642, 3.027, 2.811, 7.712, 9.75, 9.47, 11.532, 11.237, 11.696, 11.966, 12.238, 13.253, 12.173, 11.099, 10.405, 10.301, 9.796, 8.205, 8.027, 7.776, 5.522, 4.197, 3.837, 3.366], [12.995, 12.42, 10.887, 7.822, 8.768, 8.131, 8.975, 7.389, 7.093, 8.046, 7.792, 6.426, 7.311, 5.623, 4.119, 5.18, 3.757, 1.543, 0.0, 1.507, 2.295, 3.26, 4.027, 3.673, 3.426, 2.889, 2.208, 2.051, 1.516, 2.067, 2.225, 2.437, 6.523, 8.465, 8.476, 10.609, 10.345, 10.805, 11.173, 11.381, 12.363, 11.321, 10.236, 9.474, 9.571, 8.965, 7.37, 7.151, 7.003, 4.997, 3.996, 3.485, 3.271], [12.876, 12.328, 10.761, 6.961, 7.825, 7.395, 8.141, 6.342, 6.137, 7.086, 6.893, 5.527, 6.632, 5.075, 3.816, 5.137, 3.717, 1.767, 1.507, 0.0, 1.531, 3.168, 4.137, 3.741, 3.464, 2.105, 1.505, 1.485, 1.671, 2.387, 2.216, 1.98, 6.717, 8.701, 8.841, 10.96, 10.607, 11.067, 11.529, 11.743, 12.745, 11.662, 10.536, 9.727, 9.833, 9.228, 7.525, 7.41, 7.326, 5.075, 2.977, 2.566, 2.149], [13.02, 12.444, 10.92, 7.169, 8.464, 8.172, 8.664, 6.602, 6.319, 7.251, 6.894, 5.547, 6.686, 5.091, 3.736, 5.088, 3.702, 2.391, 2.295, 1.531, 0.0, 3.012, 4.06, 3.653, 3.361, 1.853, 1.613, 1.636, 1.758, 2.676, 2.462, 2.442, 7.193, 9.069, 9.342, 11.878, 11.594, 12.103, 12.426, 12.659, 13.48, 12.427, 11.439, 10.764, 10.733, 10.187, 8.554, 8.348, 8.141, 5.927, 3.33, 2.755, 2.224], [16.007, 15.431, 13.898, 9.03, 8.744, 7.97, 9.093, 7.946, 7.087, 8.528, 8.526, 6.775, 8.718, 7.549, 6.421, 7.902, 6.534, 4.354, 3.26, 3.168, 3.012, 0.0, 1.445, 1.27, 1.229, 1.928, 3.744, 3.109, 3.332, 2.517, 1.952, 2.799, 5.265, 6.848, 7.465, 10.078, 9.9, 10.191, 10.39, 10.654, 11.524, 10.479, 9.533, 9.297, 9.404, 8.847, 7.395, 7.138, 6.475, 4.671, 2.556, 1.93, 2.263], [16.969, 16.423, 14.891, 9.931, 8.724, 7.709, 9.856, 8.799, 7.332, 9.412, 9.435, 7.601, 9.613, 8.482, 7.369, 8.855, 7.503, 5.326, 4.027, 4.137, 4.06, 1.445, 0.0, 1.512, 1.572, 2.916, 4.656, 4.029, 4.271, 3.314, 2.764, 3.513, 4.106, 5.624, 6.443, 8.95, 8.755, 9.004, 9.213, 9.474, 10.303, 9.294, 8.349, 8.226, 8.383, 7.794, 6.472, 6.23, 5.428, 3.791, 3.027, 2.383, 3.183], [16.533, 15.99, 14.458, 9.541, 8.733, 7.516, 9.459, 8.461, 7.223, 9.024, 9.02, 7.147, 9.172, 8.057, 6.952, 8.441, 7.09, 4.908, 3.673, 3.741, 3.653, 1.27, 1.512, 0.0, 0.972, 2.45, 4.262, 3.701, 3.806, 3.26, 2.578, 3.057, 4.791, 6.431, 6.984, 9.642, 9.46, 9.775, 9.974, 10.211, 11.01, 9.996, 9.099, 8.689, 8.689, 8.191, 6.665, 6.497, 6.087, 3.946, 2.556, 2.032, 2.647], [16.316, 15.745, 14.218, 9.361, 8.734, 7.743, 9.261, 8.275, 7.203, 8.748, 8.855, 7.0, 8.962, 7.798, 6.677, 8.178, 6.824, 4.644, 3.426, 3.464, 3.361, 1.229, 1.572, 0.972, 0.0, 2.393, 4.005, 3.474, 3.544, 3.138, 2.355, 2.866, 4.982, 6.7, 7.209, 9.839, 9.632, 9.949, 10.146, 10.427, 11.315, 10.259, 9.292, 8.882, 8.916, 8.406, 6.896, 6.656, 6.197, 4.147, 2.404, 1.982, 2.471], [14.679, 14.13, 12.602, 8.405, 8.968, 8.5, 9.234, 7.564, 7.0, 8.094, 7.866, 6.29, 7.661, 6.222, 5.097, 6.561, 5.209, 3.108, 2.889, 2.105, 1.853, 1.928, 2.916, 2.45, 2.393, 0.0, 2.408, 1.861, 2.292, 2.078, 1.836, 2.7, 6.85, 8.35, 9.004, 11.702, 11.515, 11.842, 12.043, 12.294, 13.049, 12.067, 11.182, 10.743, 10.695, 10.239, 8.677, 8.465, 8.059, 5.769, 3.074, 2.478, 2.215], [12.349, 11.791, 10.263, 6.786, 7.698, 7.289, 7.986, 6.211, 5.747, 6.695, 6.387, 4.946, 5.905, 4.287, 2.951, 4.319, 3.059, 1.829, 2.208, 1.505, 1.613, 3.744, 4.656, 4.262, 4.005, 2.408, 0.0, 1.475, 1.565, 2.633, 2.694, 2.394, 7.137, 9.351, 9.356, 11.68, 11.394, 11.878, 12.138, 12.461, 13.476, 12.41, 11.289, 10.577, 10.39, 9.886, 8.265, 8.128, 7.858, 5.631, 3.016, 2.945, 2.134], [13.035, 12.479, 10.944, 7.429, 8.2, 7.775, 8.474, 6.706, 6.416, 7.286, 7.092, 5.746, 6.746, 5.411, 4.125, 5.313, 4.107, 2.061, 2.051, 1.485, 1.636, 3.109, 4.029, 3.701, 3.474, 1.861, 1.475, 0.0, 1.343, 1.797, 2.01, 2.192, 6.526, 8.571, 8.528, 11.152, 10.958, 11.309, 11.679, 11.895, 12.827, 11.925, 10.87, 10.06, 10.111, 9.537, 7.962, 7.785, 7.648, 5.665, 3.716, 3.055, 2.75], [12.787, 12.209, 10.681, 7.854, 8.84, 8.397, 9.102, 7.335, 7.034, 7.903, 7.594, 6.253, 7.075, 5.511, 3.952, 5.008, 3.625, 1.448, 1.516, 1.671, 1.758, 3.332, 4.271, 3.806, 3.544, 2.292, 1.565, 1.343, 0.0, 1.896, 2.252, 2.365, 6.691, 8.805, 8.955, 11.308, 11.111, 11.508, 11.819, 12.041, 12.943, 12.01, 10.953, 10.32, 10.391, 9.861, 8.271, 8.059, 7.849, 5.88, 3.995, 3.42, 3.154], [14.178, 13.632, 12.1, 8.765, 9.336, 8.763, 9.56, 8.03, 7.39, 8.484, 8.323, 6.696, 7.869, 6.349, 4.881, 6.109, 4.836, 2.642, 2.067, 2.387, 2.676, 2.517, 3.314, 3.26, 3.138, 2.078, 2.633, 1.797, 1.896, 0.0, 1.101, 2.769, 6.369, 7.747, 8.326, 10.947, 10.771, 10.87, 11.091, 11.299, 12.011, 11.042, 10.192, 10.144, 10.266, 9.699, 8.239, 7.98, 7.338, 5.698, 4.424, 3.714, 3.64], [14.595, 14.049, 12.517, 8.555, 8.849, 8.261, 9.071, 7.678, 6.916, 8.094, 8.027, 6.294, 7.694, 6.202, 4.998, 6.513, 5.232, 3.027, 2.225, 2.216, 2.462, 1.952, 2.764, 2.578, 2.355, 1.836, 2.694, 2.01, 2.252, 1.101, 0.0, 2.338, 5.767, 7.332, 7.733, 10.382, 10.186, 10.403, 10.611, 10.859, 11.731, 10.681, 9.726, 9.479, 9.596, 9.05, 7.571, 7.348, 6.8, 4.962, 3.773, 3.127, 3.065], [13.815, 13.226, 11.694, 7.062, 7.113, 6.705, 7.664, 5.974, 5.393, 6.644, 6.494, 4.79, 6.537, 5.612, 4.568, 6.005, 4.732, 2.811, 2.437, 1.98, 2.442, 2.799, 3.513, 3.057, 2.866, 2.7, 2.394, 2.192, 2.365, 2.769, 2.338, 0.0, 5.393, 7.547, 7.482, 9.548, 9.291, 9.712, 10.1, 10.316, 11.385, 10.29, 9.2, 8.414, 8.458, 7.826, 6.308, 6.112, 5.912, 4.13, 3.046, 2.779, 2.626], [18.759, 18.191, 16.652, 11.778, 9.983, 7.606, 11.565, 10.586, 9.185, 11.262, 11.39, 9.572, 11.483, 10.657, 9.736, 11.12, 9.933, 7.712, 6.523, 6.717, 7.193, 5.265, 4.106, 4.791, 4.982, 6.85, 7.137, 6.526, 6.691, 6.369, 5.767, 5.393, 0.0, 2.61, 2.802, 4.876, 4.742, 5.041, 5.301, 5.512, 6.454, 5.536, 4.461, 4.263, 4.839, 4.784, 4.16, 3.985, 2.876, 3.348, 6.176, 5.582, 6.559], [21.193, 20.613, 19.081, 14.229, 12.365, 10.064, 14.034, 13.031, 11.647, 13.696, 13.797, 12.003, 13.928, 13.019, 11.982, 13.364, 11.984, 9.75, 8.465, 8.701, 9.069, 6.848, 5.624, 6.431, 6.7, 8.35, 9.351, 8.571, 8.805, 7.747, 7.332, 7.547, 2.61, 0.0, 2.134, 3.568, 3.588, 3.621, 3.916, 3.956, 4.734, 3.851, 3.242, 3.625, 5.165, 6.78, 6.562, 5.92, 4.166, 5.531, 8.194, 7.493, 8.503], [19.539, 18.977, 17.435, 12.599, 10.779, 8.434, 12.365, 11.406, 10.036, 12.029, 12.25, 10.477, 12.259, 11.767, 11.198, 12.849, 11.747, 9.47, 8.476, 8.841, 9.342, 7.465, 6.443, 6.984, 7.209, 9.004, 9.356, 8.528, 8.955, 8.326, 7.733, 7.482, 2.802, 2.134, 0.0, 2.758, 2.732, 3.053, 3.324, 3.849, 5.046, 3.563, 2.689, 2.48, 3.423, 5.234, 4.938, 4.345, 2.979, 4.993, 8.42, 7.728, 8.714], [20.928, 20.33, 18.827, 14.073, 12.442, 10.045, 13.778, 12.869, 11.854, 13.55, 13.954, 12.313, 13.971, 13.713, 13.161, 14.858, 13.74, 11.532, 10.609, 10.96, 11.878, 10.078, 8.95, 9.642, 9.839, 11.702, 11.68, 11.152, 11.308, 10.947, 10.382, 9.548, 4.876, 3.568, 2.758, 0.0, 2.06, 2.162, 2.433, 2.171, 3.021, 2.235, 2.675, 2.481, 4.787, 6.512, 6.335, 5.901, 4.708, 6.977, 10.595, 10.205, 11.108], [19.934, 19.366, 17.829, 12.948, 11.203, 8.918, 12.805, 11.819, 10.684, 12.489, 12.668, 11.077, 12.762, 12.525, 12.15, 13.939, 13.038, 11.237, 10.345, 10.607, 11.594, 9.9, 8.755, 9.46, 9.632, 11.515, 11.394, 10.958, 11.111, 10.771, 10.186, 9.291, 4.742, 3.588, 2.732, 2.06, 0.0, 1.847, 1.769, 2.111, 3.796, 1.952, 1.666, 1.855, 3.827, 5.606, 5.318, 4.801, 3.84, 6.352, 10.185, 9.876, 10.822], [19.977, 19.369, 17.852, 13.274, 11.616, 9.393, 12.906, 12.094, 11.353, 12.794, 13.324, 11.847, 13.269, 13.32, 12.862, 14.688, 13.704, 11.696, 10.805, 11.067, 12.103, 10.191, 9.004, 9.775, 9.949, 11.842, 11.878, 11.309, 11.508, 10.87, 10.403, 9.712, 5.041, 3.621, 3.053, 2.162, 1.847, 0.0, 1.371, 1.93, 3.773, 1.797, 1.558, 2.567, 3.942, 5.594, 5.585, 5.358, 4.403, 6.921, 10.697, 10.39, 11.316], [20.519, 19.928, 18.42, 13.639, 11.864, 9.592, 13.362, 12.581, 11.32, 13.08, 13.325, 11.718, 13.355, 13.19, 12.921, 14.713, 13.839, 11.966, 11.173, 11.529, 12.426, 10.39, 9.213, 9.974, 10.146, 12.043, 12.138, 11.679, 11.819, 11.091, 10.611, 10.1, 5.301, 3.916, 3.324, 2.433, 1.769, 1.371, 0.0, 1.425, 3.27, 1.508, 1.469, 2.765, 4.227, 6.103, 5.965, 5.525, 4.609, 7.129, 10.981, 10.661, 11.571], [21.587, 20.997, 19.483, 14.707, 12.955, 10.618, 14.469, 13.599, 12.293, 14.191, 14.366, 12.707, 14.476, 13.917, 13.444, 15.294, 14.317, 12.238, 11.381, 11.743, 12.659, 10.654, 9.474, 10.211, 10.427, 12.294, 12.461, 11.895, 12.041, 11.299, 10.859, 10.316, 5.512, 3.956, 3.849, 2.171, 2.111, 1.93, 1.425, 0.0, 2.197, 1.429, 2.176, 2.94, 5.352, 7.166, 7.0, 6.422, 5.086, 7.529, 11.336, 10.985, 11.893], [23.548, 22.977, 21.427, 16.658, 14.929, 12.579, 16.493, 15.444, 14.233, 16.233, 16.387, 14.63, 16.472, 15.766, 15.027, 16.642, 15.54, 13.253, 12.363, 12.745, 13.48, 11.524, 10.303, 11.01, 11.315, 13.049, 13.476, 12.827, 12.943, 12.011, 11.731, 11.385, 6.454, 4.734, 5.046, 3.021, 3.796, 3.773, 3.27, 2.197, 0.0, 2.503, 3.919, 4.622, 7.357, 9.259, 8.98, 8.366, 6.756, 8.738, 12.45, 12.019, 12.897], [21.347, 20.761, 19.237, 14.505, 12.645, 10.49, 14.25, 13.477, 12.231, 14.042, 14.239, 12.609, 14.287, 14.023, 13.535, 15.337, 14.341, 12.173, 11.321, 11.662, 12.427, 10.479, 9.294, 9.996, 10.259, 12.067, 12.41, 11.925, 12.01, 11.042, 10.681, 10.29, 5.536, 3.851, 3.563, 2.235, 1.952, 1.797, 1.508, 1.429, 2.503, 0.0, 1.786, 3.06, 5.127, 7.051, 6.842, 6.468, 5.118, 7.467, 11.251, 10.88, 11.778], [19.829, 19.237, 17.741, 12.999, 11.144, 8.968, 12.759, 11.834, 10.618, 12.509, 12.719, 10.994, 12.75, 12.424, 12.099, 13.917, 13.026, 11.099, 10.236, 10.536, 11.439, 9.533, 8.349, 9.099, 9.292, 11.182, 11.289, 10.87, 10.953, 10.192, 9.726, 9.2, 4.461, 3.242, 2.689, 2.675, 1.666, 1.558, 1.469, 2.176, 3.919, 1.786, 0.0, 2.357, 3.829, 5.549, 5.339, 4.846, 3.772, 6.295, 10.136, 9.803, 10.708], [19.087, 18.474, 16.944, 12.245, 10.565, 8.234, 12.062, 10.988, 9.949, 11.822, 12.117, 10.444, 12.162, 11.714, 11.269, 13.043, 12.157, 10.405, 9.474, 9.727, 10.764, 9.297, 8.226, 8.689, 8.882, 10.743, 10.577, 10.06, 10.32, 10.144, 9.479, 8.414, 4.263, 3.625, 2.48, 2.481, 1.855, 2.567, 2.765, 2.94, 4.622, 3.06, 2.357, 0.0, 3.065, 4.909, 4.57, 3.966, 3.161, 5.461, 9.33, 9.075, 10.007], [16.406, 15.864, 14.399, 10.047, 8.211, 6.286, 9.28, 9.505, 8.537, 9.513, 10.262, 8.959, 10.073, 10.565, 10.648, 12.339, 11.711, 10.301, 9.571, 9.833, 10.733, 9.404, 8.383, 8.689, 8.916, 10.695, 10.39, 10.111, 10.391, 10.266, 9.596, 8.458, 4.839, 5.165, 3.423, 4.787, 3.827, 3.942, 4.227, 5.352, 7.357, 5.127, 3.829, 3.065, 0.0, 2.29, 2.823, 2.793, 3.124, 5.12, 8.987, 8.767, 9.842], [14.487, 13.881, 12.427, 8.603, 6.789, 5.031, 7.648, 8.443, 7.726, 8.185, 9.011, 8.19, 8.911, 9.852, 10.135, 11.679, 11.177, 9.796, 8.965, 9.228, 10.187, 8.847, 7.794, 8.191, 8.406, 10.239, 9.886, 9.537, 9.861, 9.699, 9.05, 7.826, 4.784, 6.78, 5.234, 6.512, 5.606, 5.594, 6.103, 7.166, 9.259, 7.051, 5.549, 4.909, 2.29, 0.0, 2.094, 2.395, 3.625, 4.598, 8.458, 8.242, 9.34], [14.677, 14.112, 12.576, 7.783, 6.23, 4.084, 7.617, 6.992, 6.266, 7.434, 7.964, 6.688, 7.897, 8.281, 8.353, 10.001, 9.496, 8.205, 7.37, 7.525, 8.554, 7.395, 6.472, 6.665, 6.896, 8.677, 8.265, 7.962, 8.271, 8.239, 7.571, 6.308, 4.16, 6.562, 4.938, 6.335, 5.318, 5.585, 5.965, 7.0, 8.98, 6.842, 5.339, 4.57, 2.823, 2.094, 0.0, 1.503, 2.99, 3.136, 6.784, 6.626, 7.704], [15.357, 14.756, 13.226, 8.36, 6.749, 4.601, 8.224, 7.337, 6.26, 7.96, 8.231, 6.712, 8.31, 8.176, 8.357, 9.927, 9.436, 8.027, 7.151, 7.41, 8.348, 7.138, 6.23, 6.497, 6.656, 8.465, 8.128, 7.785, 8.059, 7.98, 7.348, 6.112, 3.985, 5.92, 4.345, 5.901, 4.801, 5.358, 5.525, 6.422, 8.366, 6.468, 4.846, 3.966, 2.793, 2.395, 1.503, 0.0, 2.05, 3.013, 6.714, 6.492, 7.582], [17.312, 16.744, 15.211, 10.292, 8.475, 6.256, 10.135, 9.134, 7.62, 9.761, 9.892, 8.026, 9.967, 9.157, 8.533, 10.369, 9.415, 7.776, 7.003, 7.326, 8.141, 6.475, 5.428, 6.087, 6.197, 8.059, 7.858, 7.648, 7.849, 7.338, 6.8, 5.912, 2.876, 4.166, 2.979, 4.708, 3.84, 4.403, 4.609, 5.086, 6.756, 5.118, 3.772, 3.161, 3.124, 3.625, 2.99, 2.05, 0.0, 2.741, 6.463, 6.215, 7.262], [16.131, 15.585, 14.053, 9.088, 7.352, 5.165, 8.896, 7.931, 6.352, 8.528, 8.597, 6.673, 8.767, 7.647, 6.687, 8.255, 7.122, 5.522, 4.997, 5.075, 5.927, 4.671, 3.791, 3.946, 4.147, 5.769, 5.631, 5.665, 5.88, 5.698, 4.962, 4.13, 3.348, 5.531, 4.993, 6.977, 6.352, 6.921, 7.129, 7.529, 8.738, 7.467, 6.295, 5.461, 5.12, 4.598, 3.136, 3.013, 2.741, 0.0, 3.924, 3.817, 4.799], [14.334, 13.774, 12.247, 7.314, 6.659, 5.624, 7.246, 6.17, 5.11, 6.725, 6.796, 5.014, 6.996, 5.841, 4.862, 6.21, 4.938, 4.197, 3.996, 2.977, 3.33, 2.556, 3.027, 2.556, 2.404, 3.074, 3.016, 3.716, 3.995, 4.424, 3.773, 3.046, 6.176, 8.194, 8.42, 10.595, 10.185, 10.697, 10.981, 11.336, 12.45, 11.251, 10.136, 9.33, 8.987, 8.458, 6.784, 6.714, 6.463, 3.924, 0.0, 1.394, 1.517], [15.049, 14.473, 12.956, 7.984, 7.253, 6.371, 8.027, 6.908, 5.733, 7.503, 7.553, 5.85, 7.789, 6.594, 5.496, 6.939, 5.573, 3.837, 3.485, 2.566, 2.755, 1.93, 2.383, 2.032, 1.982, 2.478, 2.945, 3.055, 3.42, 3.714, 3.127, 2.779, 5.582, 7.493, 7.728, 10.205, 9.876, 10.39, 10.661, 10.985, 12.019, 10.88, 9.803, 9.075, 8.767, 8.242, 6.626, 6.492, 6.215, 3.817, 1.394, 0.0, 1.477], [14.042, 13.466, 11.942, 7.029, 7.178, 6.621, 7.432, 6.134, 5.37, 6.646, 6.689, 5.076, 6.863, 5.611, 4.489, 5.943, 4.575, 3.366, 3.271, 2.149, 2.224, 2.263, 3.183, 2.647, 2.471, 2.215, 2.134, 2.75, 3.154, 3.64, 3.065, 2.626, 6.559, 8.503, 8.714, 11.108, 10.822, 11.316, 11.571, 11.893, 12.897, 11.778, 10.708, 10.007, 9.842, 9.34, 7.704, 7.582, 7.262, 4.799, 1.517, 1.477, 0.0]]