[[0.0, 1.636, 2.175, 2.439, 2.577, 4.273, 3.827, 3.148, 4.259, 4.203, 3.313, 3.033, 3.354, 3.441, 3.454, 3.252, 3.373, 3.488, 4.856, 6.253, 6.236, 6.058, 5.84, 5.322, 5.09, 5.647, 5.978, 4.815, 4.589, 6.319, 7.451, 7.33, 6.803, 7.193, 10.101, 11.536, 9.298, 7.467, 8.504, 9.552, 7.541, 5.597, 4.97, 4.137, 3.102, 2.716, 2.925, 2.383, 1.883, 1.959, 2.084, 2.63, 2.702, 2.138, 1.882, 2.271, 2.222, 2.212, 2.339, 2.627, 2.86, 3.719, 4.537, 4.87, 5.532, 4.906, 6.558, 7.468, 5.847, 5.133, 4.89, 5.307, 5.692, 5.472, 6.656, 7.092, 5.219, 4.996, 4.586, 3.947, 2.655, 2.905, 4.864, 4.32, 4.39, 4.833, 5.412, 6.051, 6.708, 7.196, 8.241, 9.41, 9.817, 10.154, 11.035, 12.16, 12.619, 12.08, 11.385, 11.508, 11.126, 9.784, 9.308, 9.149, 9.755, 9.368, 9.184, 10.453, 10.874, 10.049, 10.132, 11.406, 12.227, 12.175, 10.891, 9.308, 8.286, 7.493, 6.702, 5.162, 3.69, 2.886, 2.985, 3.161, 1.634, 1.859, 2.549, 3.166, 5.508, 10.483, 10.988, 9.423, 9.126, 9.042, 10.849, 11.5, 10.804, 10.587, 9.715, 8.572, 7.067, 4.852, 3.312, 3.11, 3.716, 2.856, 2.095, 2.025, 2.538, 2.876, 2.567, 2.788, 2.572, 3.897, 5.688, 6.397, 7.473, 9.933, 11.169, 10.084, 8.569, 8.035, 8.013, 7.952, 6.787, 5.925, 4.916, 3.334, 2.453, 1.69, 2.974, 3.737, 4.68, 4.75, 4.695, 4.677, 4.217, 4.005, 4.647, 4.881, 3.863, 3.115, 2.625, 1.904, 2.276, 1.889, 1.794, 2.535, 3.936, 4.281, 3.58, 2.751, 3.056, 3.035, 3.644, 5.254, 7.723, 8.185, 6.799, 4.868, 4.377, 5.585, 7.093, 6.149, 4.603, 3.528], [1.636, 0.0, 2.096, 3.211, 2.938, 4.13, 4.068, 3.242, 4.278, 4.655, 4.195, 4.006, 4.263, 4.269, 4.324, 4.197, 4.093, 4.598, 5.944, 7.144, 7.165, 7.033, 6.746, 6.457, 6.289, 6.865, 7.23, 5.97, 5.709, 7.434, 8.519, 8.39, 7.941, 8.365, 11.12, 12.53, 10.336, 8.54, 9.528, 10.608, 8.524, 6.498, 5.933, 5.162, 4.186, 3.014, 2.819, 2.087, 1.967, 2.629, 2.85, 3.009, 3.145, 2.837, 2.754, 3.266, 3.201, 3.352, 3.279, 3.532, 3.838, 4.575, 5.472, 5.738, 6.496, 5.914, 7.67, 8.646, 6.958, 6.102, 5.934, 6.392, 6.78, 6.547, 7.76, 8.027, 6.111, 5.873, 5.672, 5.068, 3.501, 2.694, 4.202, 3.525, 3.504, 3.811, 4.422, 5.016, 5.674, 6.331, 7.254, 8.212, 8.628, 8.98, 9.884, 11.001, 11.471, 10.937, 10.219, 10.39, 10.096, 8.783, 8.26, 8.15, 8.833, 8.433, 8.152, 9.275, 9.71, 8.951, 9.17, 10.291, 11.092, 10.996, 9.728, 8.14, 7.107, 6.318, 5.54, 4.12, 2.828, 2.467, 2.659, 2.548, 2.211, 3.012, 3.774, 4.138, 6.627, 11.646, 12.171, 10.66, 10.148, 10.073, 11.847, 12.476, 11.88, 11.66, 10.785, 9.651, 8.137, 5.86, 4.335, 4.038, 4.829, 3.798, 3.12, 3.046, 3.254, 3.472, 3.382, 3.425, 2.784, 3.378, 4.637, 5.291, 6.48, 8.923, 10.183, 9.075, 7.584, 6.8, 6.88, 6.747, 5.558, 4.725, 3.857, 2.416, 2.104, 2.052, 2.555, 3.129, 3.985, 3.866, 3.787, 3.862, 3.444, 2.975, 3.529, 3.749, 2.945, 2.288, 1.823, 1.592, 2.065, 1.652, 2.52, 3.226, 3.684, 3.991, 4.102, 3.605, 3.857, 3.946, 4.605, 6.262, 8.588, 9.074, 7.761, 5.732, 5.205, 6.457, 7.942, 7.028, 5.554, 4.413], [2.175, 2.096, 0.0, 1.828, 3.082, 4.566, 4.403, 3.651, 5.164, 5.601, 5.176, 4.78, 4.845, 4.636, 4.567, 4.284, 4.303, 4.427, 5.296, 6.48, 6.622, 6.764, 6.692, 6.22, 5.612, 5.922, 5.947, 5.407, 5.137, 6.799, 7.913, 7.644, 6.946, 7.418, 10.431, 11.776, 9.065, 7.173, 8.088, 9.041, 7.122, 5.291, 4.573, 4.505, 3.735, 2.808, 2.833, 2.252, 2.003, 2.268, 2.534, 2.875, 2.826, 2.587, 2.64, 2.831, 2.423, 2.518, 2.814, 3.679, 3.864, 4.861, 5.639, 5.741, 6.571, 5.876, 6.302, 7.422, 6.86, 6.264, 5.891, 5.777, 6.351, 6.029, 6.799, 7.766, 6.045, 6.158, 5.896, 5.068, 3.497, 3.398, 5.102, 4.339, 3.975, 4.604, 5.17, 5.854, 6.745, 7.497, 8.285, 9.171, 9.495, 9.599, 10.518, 11.627, 12.112, 11.545, 10.88, 11.291, 10.867, 9.594, 9.041, 8.856, 9.623, 9.181, 8.854, 10.012, 10.355, 9.642, 10.035, 10.94, 11.748, 11.619, 10.358, 8.771, 7.772, 6.979, 6.163, 4.77, 3.525, 3.001, 3.142, 3.06, 2.446, 3.333, 3.111, 3.883, 5.586, 10.851, 10.931, 9.251, 8.687, 8.693, 10.822, 11.018, 10.307, 10.085, 9.283, 8.398, 6.785, 4.583, 3.663, 3.925, 4.08, 3.774, 3.262, 3.166, 3.336, 3.831, 4.153, 4.444, 3.496, 4.011, 5.429, 6.116, 7.234, 9.619, 10.918, 9.812, 8.364, 7.639, 7.546, 7.535, 6.447, 5.6, 4.648, 3.597, 2.531, 1.961, 2.411, 2.849, 3.261, 4.369, 4.426, 4.402, 4.041, 3.596, 4.324, 5.062, 4.017, 2.878, 2.542, 2.058, 2.461, 2.139, 2.768, 3.619, 4.096, 4.458, 4.283, 3.671, 3.909, 3.323, 3.689, 4.816, 7.325, 7.624, 6.648, 4.848, 4.618, 5.625, 6.889, 6.052, 4.4, 3.807], [2.439, 3.211, 1.828, 0.0, 3.114, 4.963, 4.509, 4.054, 5.628, 5.781, 5.18, 4.827, 4.699, 4.664, 4.541, 4.119, 4.141, 3.865, 4.562, 5.666, 5.695, 6.024, 5.915, 5.511, 4.808, 4.979, 4.912, 4.459, 4.296, 5.822, 6.974, 6.725, 5.902, 6.515, 9.418, 10.837, 8.085, 6.213, 7.115, 7.816, 6.186, 4.421, 3.795, 3.859, 3.246, 3.212, 3.489, 2.981, 2.632, 2.476, 2.708, 3.19, 3.034, 2.695, 2.795, 2.651, 2.104, 2.342, 2.976, 3.696, 3.667, 4.563, 4.931, 5.106, 5.746, 5.053, 5.26, 6.5, 5.793, 5.722, 5.324, 4.851, 5.232, 5.121, 5.875, 6.768, 5.363, 5.603, 5.155, 4.379, 3.316, 4.207, 6.253, 5.519, 5.131, 5.876, 6.442, 7.056, 8.043, 8.685, 9.443, 10.398, 10.668, 10.593, 11.5, 12.615, 13.083, 12.545, 11.866, 12.471, 11.945, 10.756, 10.013, 9.856, 10.534, 10.089, 9.902, 11.155, 11.321, 10.586, 11.043, 11.88, 12.69, 12.597, 11.344, 9.757, 8.711, 7.966, 7.305, 5.664, 4.392, 3.797, 3.844, 3.965, 2.63, 3.252, 2.636, 3.354, 4.443, 9.874, 9.909, 8.2, 7.705, 7.758, 9.871, 10.077, 9.099, 8.836, 8.043, 7.239, 5.656, 3.673, 2.905, 3.334, 3.581, 3.368, 2.993, 2.824, 3.268, 3.864, 4.177, 4.616, 3.87, 4.725, 6.401, 7.114, 8.158, 10.588, 11.87, 10.699, 9.397, 8.96, 8.688, 8.446, 7.286, 6.675, 5.292, 4.448, 3.17, 2.335, 3.294, 3.953, 4.402, 5.512, 5.613, 5.694, 5.339, 4.932, 5.597, 6.331, 5.243, 4.133, 3.584, 3.077, 3.116, 2.677, 2.795, 3.704, 4.643, 4.856, 4.295, 3.323, 3.64, 3.014, 3.092, 3.847, 6.421, 6.667, 5.627, 3.879, 3.887, 4.635, 5.949, 5.163, 3.664, 3.3], [2.577, 2.938, 3.082, 3.114, 0.0, 2.25, 1.923, 2.22, 3.935, 4.116, 4.109, 4.246, 3.727, 3.64, 4.072, 3.672, 3.33, 3.894, 6.19, 7.641, 7.898, 7.716, 7.18, 6.483, 6.489, 6.84, 7.286, 6.652, 6.492, 8.21, 9.32, 9.015, 8.199, 8.751, 11.81, 13.191, 10.409, 8.065, 9.235, 9.637, 8.376, 6.628, 5.982, 5.506, 4.032, 3.3, 3.564, 2.463, 2.571, 2.614, 2.972, 3.463, 3.207, 2.646, 3.005, 3.376, 3.419, 3.118, 3.325, 2.961, 3.248, 3.719, 3.604, 3.359, 4.057, 3.96, 7.213, 8.632, 5.861, 4.678, 5.26, 5.827, 5.628, 5.719, 7.067, 6.97, 5.023, 4.592, 4.579, 4.098, 2.89, 3.811, 5.146, 4.614, 5.148, 5.982, 6.425, 6.774, 7.377, 7.949, 8.346, 8.902, 9.034, 8.63, 9.535, 10.705, 10.966, 10.242, 10.043, 10.784, 11.501, 10.66, 8.353, 8.409, 8.847, 8.42, 8.686, 9.682, 9.647, 9.445, 9.741, 10.312, 10.943, 10.745, 9.272, 7.69, 6.802, 6.197, 5.579, 3.98, 3.415, 2.239, 2.47, 2.655, 1.971, 2.872, 3.142, 2.69, 5.679, 12.239, 12.242, 10.507, 9.967, 10.041, 12.226, 12.298, 10.969, 10.665, 9.519, 8.527, 7.234, 5.065, 3.189, 2.351, 3.459, 2.736, 2.292, 2.262, 2.288, 2.589, 2.988, 3.032, 2.433, 3.057, 4.577, 5.371, 6.427, 8.894, 10.027, 8.893, 8.179, 7.987, 7.119, 6.579, 5.507, 5.352, 4.381, 3.273, 2.126, 2.961, 3.701, 4.984, 6.187, 6.363, 6.355, 6.323, 5.769, 4.488, 4.711, 5.287, 4.68, 4.444, 3.834, 2.994, 2.44, 1.66, 1.682, 2.464, 2.989, 2.782, 2.286, 2.063, 2.806, 3.636, 4.355, 6.1, 8.737, 9.177, 8.224, 6.267, 5.64, 7.055, 8.266, 7.424, 5.541, 3.882], [4.273, 4.13, 4.566, 4.963, 2.25, 0.0, 1.087, 1.822, 2.707, 3.147, 4.821, 5.147, 4.285, 4.226, 4.881, 4.604, 3.781, 5.537, 7.922, 9.344, 9.594, 9.414, 8.888, 8.198, 8.186, 8.536, 8.992, 8.366, 8.21, 9.912, 11.013, 10.708, 9.905, 10.476, 13.543, 14.916, 12.153, 9.783, 10.94, 11.355, 10.093, 8.355, 7.759, 7.262, 5.629, 3.226, 3.599, 3.352, 3.392, 3.633, 4.309, 3.771, 3.397, 3.201, 4.158, 4.937, 5.116, 4.757, 4.891, 4.143, 4.202, 4.482, 4.337, 3.95, 4.315, 5.627, 8.909, 10.328, 7.404, 6.008, 6.642, 7.545, 7.369, 7.496, 8.785, 8.685, 6.694, 5.253, 5.77, 5.378, 3.582, 3.314, 4.377, 4.13, 5.112, 5.843, 6.175, 6.136, 6.696, 7.219, 7.431, 7.831, 7.885, 7.508, 8.087, 9.283, 9.5, 8.882, 8.737, 9.597, 10.716, 10.168, 7.138, 7.425, 7.718, 7.336, 7.746, 8.617, 8.69, 8.586, 8.788, 9.311, 9.931, 9.753, 8.273, 6.646, 5.547, 5.045, 4.418, 3.163, 2.829, 2.031, 2.149, 2.235, 3.015, 4.289, 4.788, 4.275, 7.396, 13.936, 13.939, 12.215, 11.668, 11.742, 13.922, 14.006, 12.68, 12.383, 11.229, 10.243, 8.952, 6.777, 4.884, 4.048, 5.125, 4.421, 3.416, 3.613, 3.329, 2.849, 3.34, 3.007, 2.259, 2.177, 3.368, 4.083, 5.18, 7.557, 8.564, 7.673, 7.391, 7.428, 6.666, 5.303, 4.663, 4.646, 3.712, 2.614, 2.829, 4.436, 5.043, 6.452, 7.582, 7.082, 6.875, 7.035, 6.259, 4.994, 4.808, 5.09, 5.068, 5.343, 5.001, 3.792, 2.602, 2.895, 2.802, 2.324, 1.92, 1.679, 2.03, 2.86, 3.766, 5.289, 6.21, 7.896, 10.494, 10.931, 9.994, 8.055, 7.471, 8.849, 10.067, 9.212, 7.294, 5.57], [3.827, 4.068, 4.403, 4.509, 1.923, 1.087, 0.0, 1.343, 2.76, 2.877, 4.076, 4.332, 3.493, 3.444, 4.12, 3.828, 3.067, 4.734, 7.116, 8.567, 8.817, 8.637, 8.121, 7.418, 7.408, 7.759, 8.206, 7.579, 7.424, 9.126, 10.234, 9.93, 9.137, 9.696, 12.759, 14.11, 11.356, 8.996, 10.162, 10.588, 9.317, 7.57, 6.964, 6.455, 4.828, 2.931, 3.44, 3.223, 3.16, 3.095, 3.623, 3.245, 3.037, 2.575, 3.447, 4.198, 4.335, 4.056, 4.108, 3.363, 3.463, 3.853, 3.616, 3.239, 3.665, 4.844, 8.132, 9.551, 6.627, 5.24, 5.837, 6.749, 6.581, 6.69, 8.01, 7.905, 5.927, 4.501, 4.982, 4.612, 2.914, 3.514, 4.922, 4.491, 5.314, 6.063, 6.46, 6.61, 7.204, 7.754, 8.06, 8.435, 8.478, 8.115, 8.834, 9.844, 10.128, 9.396, 9.217, 10.212, 11.276, 10.548, 7.685, 8.047, 8.313, 7.986, 8.369, 9.232, 9.303, 9.166, 9.397, 9.93, 10.557, 10.391, 8.919, 7.294, 6.135, 5.667, 4.95, 3.705, 3.245, 2.115, 2.289, 2.493, 2.566, 3.526, 3.986, 3.481, 6.629, 13.158, 13.161, 11.426, 10.891, 10.965, 13.145, 13.229, 11.903, 11.615, 10.461, 9.473, 8.184, 5.999, 4.116, 3.28, 4.34, 3.628, 2.662, 3.008, 2.658, 2.175, 2.614, 2.414, 1.969, 2.599, 3.958, 4.628, 5.753, 8.146, 9.181, 8.243, 7.931, 7.828, 6.991, 5.992, 5.21, 5.106, 4.151, 3.02, 2.687, 4.093, 4.79, 6.359, 7.522, 7.137, 6.952, 7.152, 6.354, 5.063, 5.007, 5.309, 5.153, 5.314, 4.922, 3.733, 2.489, 2.736, 2.354, 2.071, 2.371, 2.178, 1.897, 2.38, 3.031, 4.478, 5.443, 7.085, 9.682, 10.117, 9.177, 7.277, 6.709, 8.032, 9.249, 8.393, 6.48, 4.756], [3.148, 3.242, 3.651, 4.054, 2.22, 1.822, 1.343, 0.0, 1.919, 2.211, 3.169, 3.425, 2.63, 2.573, 3.203, 2.925, 2.477, 3.978, 6.207, 7.656, 7.9, 7.72, 7.201, 6.488, 6.491, 6.918, 7.354, 6.712, 6.516, 8.202, 9.315, 9.022, 8.229, 8.774, 11.838, 13.183, 10.478, 8.153, 9.314, 10.219, 8.455, 6.698, 6.184, 5.658, 4.025, 2.334, 2.665, 2.449, 2.328, 2.355, 2.805, 2.465, 2.345, 1.953, 2.775, 3.436, 3.584, 3.386, 3.333, 2.513, 2.566, 3.006, 3.04, 3.042, 3.702, 4.68, 7.35, 8.697, 5.96, 4.605, 4.989, 6.043, 6.05, 5.974, 7.312, 7.068, 5.036, 3.653, 4.228, 3.849, 2.599, 2.793, 4.211, 3.774, 4.537, 5.272, 5.665, 5.911, 6.485, 7.027, 7.367, 7.943, 8.184, 8.19, 9.18, 10.265, 10.723, 10.14, 9.483, 9.962, 10.635, 9.812, 7.743, 7.568, 8.329, 7.886, 7.774, 8.785, 9.072, 8.615, 8.92, 9.593, 10.376, 10.283, 9.014, 7.432, 6.384, 5.63, 4.836, 3.383, 2.612, 1.61, 1.626, 1.913, 2.075, 2.861, 3.408, 3.068, 5.997, 12.241, 12.244, 10.607, 10.023, 10.093, 12.236, 12.421, 11.332, 11.162, 10.221, 8.953, 7.561, 5.419, 3.476, 3.001, 3.81, 2.929, 2.027, 2.346, 2.151, 1.499, 1.817, 1.765, 1.354, 2.262, 4.026, 4.778, 5.91, 8.306, 9.605, 8.459, 7.368, 7.1, 6.532, 6.087, 4.92, 4.473, 3.719, 2.299, 1.987, 3.365, 4.015, 5.526, 6.676, 6.333, 6.168, 6.375, 5.586, 4.308, 4.232, 4.517, 4.398, 4.555, 4.14, 2.891, 1.761, 2.015, 1.872, 1.465, 2.155, 2.387, 2.159, 1.98, 2.339, 3.714, 4.773, 6.336, 8.928, 9.308, 8.371, 6.526, 5.948, 7.18, 8.34, 7.515, 5.66, 4.091], [4.259, 4.278, 5.164, 5.628, 3.935, 2.707, 2.76, 1.919, 0.0, 1.499, 3.501, 3.87, 3.104, 3.125, 3.779, 3.726, 3.416, 4.701, 6.697, 8.243, 8.359, 8.157, 7.732, 7.071, 6.908, 7.352, 7.892, 7.271, 6.964, 8.573, 9.66, 9.416, 8.637, 9.198, 12.268, 13.606, 11.146, 9.134, 10.211, 11.224, 9.307, 7.488, 7.196, 6.404, 4.852, 3.221, 3.536, 3.869, 3.57, 3.716, 3.957, 3.569, 3.231, 3.366, 3.899, 4.637, 4.88, 4.696, 4.57, 3.4, 3.352, 3.639, 3.787, 4.083, 4.247, 5.532, 8.171, 9.234, 6.669, 5.287, 5.714, 6.878, 6.978, 6.912, 8.247, 7.985, 5.877, 4.305, 4.758, 4.542, 3.723, 2.339, 3.337, 3.134, 4.438, 5.059, 5.055, 5.151, 5.666, 6.097, 6.561, 7.2, 7.554, 7.864, 8.739, 9.873, 10.333, 9.803, 9.093, 9.233, 9.892, 9.035, 7.014, 7.011, 7.61, 7.315, 7.187, 8.23, 8.776, 8.139, 8.147, 9.12, 9.977, 9.985, 8.759, 7.211, 5.985, 5.203, 4.4, 3.508, 2.995, 2.761, 2.478, 2.585, 3.407, 3.74, 4.591, 4.422, 6.905, 12.591, 12.76, 11.258, 10.858, 10.794, 12.702, 13.257, 12.325, 12.166, 11.246, 10.005, 8.567, 6.43, 4.605, 4.319, 4.897, 3.81, 3.325, 3.604, 3.482, 2.815, 2.586, 2.337, 2.234, 2.133, 3.436, 4.125, 5.231, 7.654, 8.891, 7.831, 6.76, 6.668, 6.445, 5.715, 4.612, 4.089, 3.514, 2.281, 3.504, 4.554, 5.354, 6.605, 7.529, 6.977, 6.615, 6.653, 5.737, 4.699, 4.281, 4.386, 4.84, 5.224, 5.008, 3.788, 2.944, 3.489, 3.217, 2.298, 2.273, 2.372, 2.834, 3.478, 3.778, 4.995, 6.159, 7.467, 9.987, 10.45, 9.073, 7.523, 7.007, 8.041, 9.21, 8.282, 6.608, 5.233], [4.203, 4.655, 5.601, 5.781, 4.116, 3.147, 2.877, 2.211, 1.499, 0.0, 2.362, 2.776, 2.197, 2.416, 3.143, 3.074, 2.687, 3.938, 5.968, 7.479, 7.522, 7.286, 6.953, 6.331, 6.123, 6.511, 7.079, 6.43, 6.037, 7.485, 8.691, 8.54, 7.835, 8.277, 11.419, 12.649, 10.377, 8.447, 9.522, 10.481, 8.605, 6.872, 6.605, 5.781, 4.204, 3.445, 4.054, 4.312, 3.942, 3.879, 3.982, 3.631, 3.398, 3.459, 3.731, 4.345, 4.669, 4.225, 4.01, 2.847, 2.865, 2.945, 3.047, 3.401, 3.463, 4.781, 7.43, 8.436, 5.824, 4.456, 4.955, 6.171, 6.222, 6.192, 7.559, 7.246, 5.174, 3.597, 3.869, 3.746, 3.099, 3.236, 4.533, 4.099, 4.997, 5.746, 6.069, 6.249, 6.79, 7.115, 7.734, 8.546, 8.737, 9.088, 9.944, 11.05, 11.518, 10.985, 10.268, 10.422, 11.081, 9.946, 8.158, 8.232, 8.561, 8.194, 8.412, 9.536, 10.016, 9.389, 9.241, 10.421, 11.305, 11.319, 10.043, 8.433, 7.204, 6.408, 5.609, 4.344, 3.8, 3.054, 2.951, 3.178, 3.408, 2.983, 3.964, 3.768, 6.165, 11.713, 11.821, 10.475, 10.144, 10.071, 11.956, 12.537, 11.569, 11.404, 10.479, 9.232, 7.835, 5.712, 4.119, 3.894, 4.203, 3.185, 3.068, 3.343, 2.97, 2.445, 2.22, 1.813, 2.313, 2.964, 4.6, 5.294, 6.302, 8.695, 9.983, 8.916, 7.885, 7.885, 7.446, 6.888, 5.815, 5.353, 4.69, 2.968, 3.823, 4.6, 5.66, 7.007, 7.947, 7.365, 6.987, 6.912, 6.235, 5.424, 5.132, 5.083, 5.386, 5.68, 5.349, 4.154, 3.458, 3.793, 3.319, 2.38, 3.099, 3.272, 2.951, 3.02, 3.192, 4.417, 5.584, 6.881, 9.393, 9.855, 8.47, 6.958, 6.448, 7.415, 8.589, 7.623, 6.003, 4.602], [3.313, 4.195, 5.176, 5.18, 4.109, 4.821, 4.076, 3.169, 3.501, 2.362, 0.0, 1.013, 1.235, 1.602, 1.661, 1.607, 1.894, 2.241, 4.191, 5.605, 5.54, 5.296, 5.097, 4.583, 4.353, 4.9, 5.498, 4.371, 3.967, 5.481, 6.596, 6.662, 6.098, 6.477, 9.472, 10.761, 8.563, 6.774, 7.756, 8.855, 6.909, 5.108, 4.894, 4.077, 2.737, 3.924, 4.252, 4.094, 3.58, 3.345, 3.341, 3.486, 3.693, 3.221, 2.987, 3.199, 3.665, 3.181, 2.672, 1.923, 2.127, 1.756, 2.402, 2.701, 3.24, 3.336, 5.782, 6.755, 4.35, 3.115, 3.309, 4.498, 4.655, 4.566, 5.857, 5.737, 3.829, 2.885, 2.471, 2.139, 2.46, 4.411, 6.171, 5.472, 5.809, 6.558, 7.107, 7.702, 8.262, 8.473, 9.535, 10.565, 10.879, 11.238, 12.132, 13.246, 13.72, 13.184, 12.465, 12.601, 12.706, 11.215, 10.315, 10.224, 10.696, 10.253, 10.257, 11.593, 11.97, 11.183, 11.238, 12.498, 13.34, 13.336, 12.051, 10.383, 9.337, 8.577, 7.733, 6.237, 5.065, 3.981, 4.153, 4.366, 3.154, 2.108, 2.868, 2.452, 4.578, 9.774, 10.082, 8.721, 8.44, 8.36, 10.145, 10.83, 9.941, 9.792, 8.893, 7.663, 6.21, 4.077, 3.2, 3.04, 2.936, 2.444, 2.52, 2.813, 2.778, 2.466, 2.031, 2.129, 3.047, 4.979, 6.804, 7.486, 8.505, 10.893, 12.187, 11.114, 9.76, 9.359, 9.071, 8.906, 7.781, 7.096, 6.263, 4.454, 3.777, 4.008, 5.221, 6.633, 7.595, 7.232, 6.786, 6.84, 6.5, 5.936, 6.084, 6.136, 5.526, 5.472, 5.01, 3.872, 3.605, 3.817, 3.12, 3.174, 4.931, 5.282, 4.079, 2.819, 2.328, 2.904, 4.061, 5.276, 7.633, 8.061, 6.565, 5.204, 4.72, 5.616, 6.701, 5.744, 4.34, 3.026], [3.033, 4.006, 4.78, 4.827, 4.246, 5.147, 4.332, 3.425, 3.87, 2.776, 1.013, 0.0, 1.324, 1.652, 1.477, 1.492, 1.857, 1.985, 3.715, 5.148, 5.141, 4.924, 4.675, 4.215, 3.987, 4.487, 5.195, 4.229, 3.756, 5.054, 6.288, 6.171, 5.62, 5.926, 9.008, 10.295, 8.097, 6.377, 7.284, 8.383, 6.474, 4.804, 4.469, 3.668, 2.54, 3.633, 3.908, 3.932, 3.344, 3.177, 3.039, 3.225, 3.466, 2.893, 2.656, 2.862, 3.306, 2.884, 2.369, 1.81, 2.322, 2.026, 2.741, 3.16, 3.433, 3.298, 5.348, 6.306, 4.234, 3.265, 2.993, 4.102, 4.262, 4.178, 5.425, 5.685, 3.707, 3.087, 2.583, 2.075, 2.429, 4.448, 6.279, 5.605, 5.674, 6.373, 7.014, 7.648, 8.345, 8.467, 9.697, 10.761, 11.156, 11.531, 12.441, 13.552, 14.025, 13.488, 12.77, 12.909, 12.688, 11.156, 10.61, 10.45, 10.931, 10.544, 10.496, 11.816, 12.248, 11.425, 11.495, 12.769, 13.611, 13.571, 12.276, 10.671, 9.658, 8.87, 8.065, 6.522, 5.107, 4.262, 4.367, 4.563, 2.987, 1.885, 2.6, 2.477, 4.16, 9.355, 9.634, 8.272, 7.989, 7.909, 9.675, 10.376, 9.526, 9.369, 8.465, 7.292, 5.782, 3.737, 3.103, 3.093, 2.896, 2.525, 2.548, 2.82, 2.899, 2.681, 2.301, 2.532, 3.362, 5.295, 7.117, 7.788, 8.788, 11.189, 12.492, 11.401, 9.922, 9.504, 9.349, 9.243, 8.067, 7.304, 6.35, 4.619, 3.948, 3.763, 5.063, 6.236, 7.187, 6.799, 6.427, 6.429, 6.081, 5.565, 6.07, 6.312, 5.474, 5.064, 4.669, 3.45, 3.512, 3.787, 3.185, 3.422, 5.25, 5.597, 4.429, 3.118, 2.394, 2.604, 3.709, 4.868, 7.099, 7.543, 5.992, 4.719, 4.258, 5.135, 6.182, 5.259, 3.914, 2.809], [3.354, 4.263, 4.845, 4.699, 3.727, 4.285, 3.493, 2.63, 3.104, 2.197, 1.235, 1.324, 0.0, 1.121, 1.34, 1.383, 1.47, 2.033, 4.095, 5.661, 5.752, 5.524, 5.158, 4.555, 4.331, 4.697, 5.286, 4.743, 4.302, 5.815, 6.934, 6.694, 5.966, 6.398, 9.56, 10.959, 8.581, 6.489, 7.588, 8.521, 6.649, 5.03, 4.704, 4.032, 2.582, 3.502, 3.986, 3.805, 3.422, 3.142, 3.156, 3.302, 3.259, 2.858, 2.762, 2.997, 3.386, 2.89, 2.565, 1.695, 1.618, 1.288, 1.968, 2.335, 2.74, 3.071, 5.491, 6.504, 4.009, 2.878, 2.956, 4.221, 4.254, 4.216, 5.623, 5.47, 3.568, 2.404, 2.189, 1.989, 1.975, 3.93, 5.689, 5.099, 5.436, 6.21, 6.637, 7.064, 7.777, 8.079, 8.984, 10.071, 10.359, 10.666, 11.564, 12.682, 13.152, 12.618, 11.9, 12.048, 12.014, 10.757, 9.831, 9.656, 10.225, 9.825, 9.735, 11.044, 11.385, 10.577, 10.653, 11.902, 12.739, 12.706, 11.434, 9.816, 8.791, 8.007, 7.211, 5.685, 4.306, 3.416, 3.589, 3.795, 2.7, 1.793, 2.456, 2.158, 4.288, 9.951, 10.13, 8.515, 8.219, 8.147, 10.136, 10.606, 9.638, 9.468, 8.535, 7.298, 5.88, 3.743, 2.829, 2.639, 2.671, 1.994, 2.054, 2.361, 2.305, 1.938, 1.807, 2.111, 2.662, 4.418, 6.24, 6.918, 7.961, 10.406, 11.659, 10.55, 9.137, 8.844, 8.599, 8.394, 7.2, 6.542, 5.539, 3.988, 3.147, 3.866, 4.932, 6.36, 7.422, 7.196, 6.95, 7.117, 6.401, 5.596, 5.623, 5.906, 5.302, 5.325, 4.894, 3.694, 2.982, 3.383, 2.59, 2.644, 4.368, 4.713, 3.559, 2.179, 1.747, 2.635, 3.794, 4.986, 7.464, 7.865, 6.467, 5.117, 4.58, 5.596, 6.706, 5.749, 4.12, 2.751], [3.441, 4.269, 4.636, 4.664, 3.64, 4.226, 3.444, 2.573, 3.125, 2.416, 1.602, 1.652, 1.121, 0.0, 1.123, 1.313, 1.606, 1.861, 3.877, 5.367, 5.51, 5.298, 4.885, 4.325, 4.162, 4.571, 5.312, 4.755, 4.273, 5.759, 6.839, 6.546, 5.773, 6.316, 9.39, 10.789, 8.276, 6.233, 7.273, 8.264, 6.346, 4.861, 4.556, 3.918, 2.502, 3.647, 4.096, 3.647, 3.256, 2.926, 2.994, 3.361, 3.447, 2.967, 2.778, 2.897, 3.202, 2.832, 2.391, 1.769, 1.606, 1.48, 1.609, 2.103, 2.52, 2.996, 5.265, 6.293, 3.877, 2.737, 2.839, 3.942, 4.18, 4.031, 5.331, 5.319, 3.18, 1.993, 2.154, 2.025, 2.281, 4.029, 5.716, 5.168, 5.887, 6.511, 6.914, 7.178, 7.717, 8.368, 8.994, 10.067, 10.437, 10.673, 11.562, 12.681, 13.149, 12.615, 11.901, 12.075, 12.125, 11.092, 9.921, 9.75, 10.447, 10.017, 9.771, 10.999, 11.395, 10.608, 10.815, 11.935, 12.744, 12.693, 11.415, 9.828, 8.803, 8.012, 7.21, 5.685, 4.351, 3.524, 3.515, 3.779, 2.853, 2.032, 2.496, 2.302, 4.117, 9.799, 9.922, 8.247, 7.896, 7.827, 9.862, 10.273, 9.454, 9.264, 8.386, 7.196, 5.672, 3.575, 2.915, 2.774, 2.78, 2.156, 2.019, 2.356, 2.189, 2.111, 1.931, 2.22, 2.789, 4.424, 6.242, 6.975, 8.063, 10.521, 11.769, 10.667, 9.194, 8.734, 8.747, 8.425, 7.234, 6.429, 5.581, 3.918, 3.281, 3.826, 4.771, 6.298, 7.478, 7.434, 7.323, 7.488, 6.793, 5.839, 5.892, 6.008, 5.556, 5.497, 5.027, 3.771, 3.195, 3.248, 2.479, 2.578, 4.365, 4.71, 3.568, 2.266, 1.976, 2.52, 3.69, 4.925, 7.202, 7.629, 6.184, 4.968, 4.45, 5.459, 6.395, 5.546, 3.942, 2.65], [3.454, 4.324, 4.567, 4.541, 4.072, 4.881, 4.12, 3.203, 3.779, 3.143, 1.661, 1.477, 1.34, 1.123, 0.0, 0.832, 1.608, 1.502, 3.181, 4.724, 4.897, 4.759, 4.429, 3.943, 3.61, 4.1, 4.934, 4.302, 3.838, 5.127, 6.192, 5.961, 5.18, 5.705, 8.802, 10.119, 7.592, 5.784, 6.666, 7.745, 5.824, 4.276, 3.921, 3.291, 2.165, 3.468, 3.929, 3.519, 3.103, 2.891, 3.023, 3.222, 3.346, 2.91, 2.611, 2.607, 3.056, 2.667, 2.057, 1.882, 1.624, 1.39, 2.122, 2.391, 2.715, 2.81, 4.71, 5.84, 3.675, 2.745, 2.482, 3.499, 3.725, 3.604, 4.878, 5.222, 3.153, 2.303, 2.198, 1.852, 2.042, 4.184, 6.348, 5.663, 5.8, 6.308, 6.796, 7.361, 8.17, 8.771, 9.684, 10.657, 11.092, 11.308, 12.19, 13.324, 13.783, 13.254, 12.546, 12.765, 12.369, 11.09, 10.514, 10.352, 11.118, 10.684, 10.361, 11.635, 12.059, 11.229, 11.525, 12.567, 13.386, 13.336, 12.048, 10.455, 9.448, 8.662, 7.86, 6.311, 4.78, 4.022, 4.15, 4.308, 3.097, 2.061, 2.319, 2.328, 3.863, 9.166, 9.254, 7.773, 7.326, 7.308, 9.175, 9.717, 8.958, 8.751, 7.859, 6.731, 5.22, 3.156, 2.973, 2.827, 2.698, 2.367, 2.279, 2.542, 2.616, 2.53, 2.388, 2.797, 3.195, 5.082, 6.9, 7.639, 8.73, 11.125, 12.413, 11.342, 9.917, 9.201, 9.232, 9.109, 7.888, 7.064, 5.899, 4.539, 3.579, 3.807, 4.699, 6.224, 7.345, 7.246, 7.082, 7.211, 6.566, 5.932, 6.155, 6.416, 5.624, 5.282, 4.805, 3.604, 3.225, 3.596, 2.917, 3.173, 4.984, 5.338, 4.139, 2.612, 1.873, 2.069, 3.165, 4.414, 6.523, 6.966, 5.487, 4.283, 3.819, 4.798, 5.713, 4.861, 3.359, 2.189], [3.252, 4.197, 4.284, 4.119, 3.672, 4.604, 3.828, 2.925, 3.726, 3.074, 1.607, 1.492, 1.383, 1.313, 0.832, 0.0, 1.238, 1.499, 3.449, 5.014, 5.211, 5.065, 4.64, 4.0, 3.847, 4.2, 4.904, 4.236, 3.871, 5.389, 6.534, 6.29, 5.454, 5.947, 9.11, 10.389, 7.695, 5.746, 6.785, 7.813, 5.936, 4.187, 3.788, 3.244, 2.023, 3.117, 3.567, 3.319, 2.817, 2.637, 2.817, 2.983, 2.965, 2.489, 2.386, 2.34, 2.751, 2.21, 1.777, 1.535, 1.353, 1.205, 2.137, 2.238, 2.659, 2.851, 4.804, 6.089, 3.874, 2.955, 2.641, 3.595, 3.695, 3.548, 4.917, 5.282, 3.369, 2.482, 2.383, 1.62, 1.811, 4.121, 6.314, 5.544, 5.486, 6.192, 6.708, 7.328, 8.193, 8.715, 9.637, 10.537, 10.928, 11.016, 11.942, 13.051, 13.484, 12.955, 12.29, 12.63, 12.26, 10.916, 10.355, 10.158, 10.912, 10.473, 10.198, 11.448, 11.809, 11.052, 11.412, 12.316, 13.103, 13.042, 11.752, 10.164, 9.154, 8.427, 7.629, 6.027, 4.556, 3.777, 3.922, 4.119, 2.866, 1.77, 1.95, 1.915, 3.837, 9.495, 9.464, 8.019, 7.528, 7.557, 9.466, 9.928, 8.964, 8.775, 7.849, 6.711, 5.229, 3.088, 2.445, 2.336, 2.28, 2.021, 1.967, 2.197, 2.294, 2.235, 2.205, 2.669, 2.964, 4.898, 6.717, 7.472, 8.532, 10.925, 12.251, 11.168, 9.816, 9.079, 9.009, 8.906, 7.644, 6.868, 5.657, 4.468, 3.31, 3.62, 4.484, 6.035, 7.102, 7.11, 6.855, 7.029, 6.387, 5.596, 5.876, 6.334, 5.498, 5.136, 4.625, 3.449, 2.938, 3.308, 2.764, 2.994, 4.704, 5.045, 3.833, 2.201, 1.367, 1.772, 2.908, 4.221, 6.47, 6.857, 5.644, 4.216, 3.733, 4.753, 5.669, 4.887, 3.268, 1.924], [3.373, 4.093, 4.303, 4.141, 3.33, 3.781, 3.067, 2.477, 3.416, 2.687, 1.894, 1.857, 1.47, 1.606, 1.608, 1.238, 0.0, 1.909, 4.292, 5.869, 6.069, 5.913, 5.461, 4.72, 4.631, 4.924, 5.494, 4.912, 4.661, 6.261, 7.427, 7.183, 6.295, 6.807, 9.968, 11.237, 8.45, 6.333, 7.481, 8.153, 6.657, 4.957, 4.494, 3.949, 2.335, 2.73, 3.314, 3.027, 2.869, 2.704, 2.92, 2.854, 2.654, 2.065, 2.421, 2.726, 3.013, 2.433, 2.026, 1.473, 1.636, 1.554, 2.36, 2.453, 2.937, 3.025, 5.364, 6.795, 4.176, 3.421, 3.197, 4.077, 4.026, 4.042, 5.453, 5.712, 3.846, 2.967, 2.776, 2.047, 1.312, 3.773, 5.882, 5.036, 5.184, 6.041, 6.491, 6.974, 7.857, 8.331, 9.127, 10.148, 10.407, 10.193, 11.158, 12.262, 12.628, 12.084, 11.536, 12.154, 11.825, 10.689, 9.706, 9.498, 10.167, 9.726, 9.578, 10.898, 11.05, 10.346, 10.78, 11.593, 12.311, 12.253, 10.912, 9.382, 8.384, 7.687, 7.037, 5.247, 4.027, 3.27, 3.415, 3.46, 2.397, 1.898, 1.995, 1.892, 4.244, 10.353, 10.291, 8.651, 8.186, 8.257, 10.325, 10.561, 9.373, 9.161, 8.229, 7.095, 5.635, 3.461, 2.5, 2.258, 2.362, 2.095, 1.779, 2.235, 1.863, 1.811, 2.064, 2.215, 2.535, 4.22, 6.031, 6.817, 7.785, 10.23, 11.519, 10.398, 9.161, 8.684, 8.398, 8.15, 6.898, 6.288, 4.983, 4.056, 3.242, 3.864, 4.584, 6.137, 7.219, 6.89, 6.667, 6.765, 6.135, 5.169, 5.448, 6.01, 5.166, 5.092, 4.574, 3.488, 2.599, 3.05, 2.41, 2.666, 3.904, 4.172, 3.105, 2.12, 1.412, 2.246, 3.404, 4.74, 7.283, 7.616, 6.553, 4.952, 4.384, 5.504, 6.569, 5.81, 3.965, 2.306], [3.488, 4.598, 4.427, 3.865, 3.894, 5.537, 4.734, 3.978, 4.701, 3.938, 2.241, 1.985, 2.033, 1.861, 1.502, 1.499, 1.909, 0.0, 2.558, 4.137, 4.306, 4.119, 3.702, 3.151, 2.883, 3.204, 4.044, 3.686, 3.377, 4.479, 5.645, 5.401, 4.517, 5.04, 8.201, 9.453, 6.738, 4.794, 5.848, 6.686, 4.999, 3.643, 3.28, 2.743, 1.656, 4.097, 4.621, 3.879, 3.632, 3.18, 3.281, 4.01, 3.859, 3.296, 2.961, 2.731, 2.68, 2.267, 2.077, 2.017, 1.852, 1.643, 1.984, 2.243, 2.569, 1.773, 3.702, 5.005, 2.709, 2.215, 2.084, 2.394, 2.611, 2.543, 3.905, 4.153, 2.261, 2.298, 1.681, 1.15, 2.537, 5.208, 7.355, 6.509, 6.527, 7.442, 7.908, 8.442, 9.291, 9.799, 10.619, 11.666, 11.963, 11.953, 12.848, 13.968, 14.415, 13.873, 13.227, 13.65, 13.329, 12.088, 11.26, 11.074, 11.713, 11.276, 11.119, 12.443, 12.727, 11.921, 12.309, 13.262, 14.058, 13.96, 12.699, 11.117, 10.12, 9.323, 8.645, 6.988, 5.553, 4.814, 4.88, 5.039, 3.215, 2.204, 1.786, 1.585, 2.72, 8.561, 8.523, 6.866, 6.475, 6.478, 8.558, 8.854, 7.856, 7.649, 6.759, 5.611, 4.122, 2.031, 1.941, 2.051, 1.757, 1.749, 2.382, 2.43, 2.486, 3.027, 3.062, 3.603, 4.046, 5.77, 7.597, 8.406, 9.334, 11.81, 13.073, 11.978, 10.645, 10.255, 9.985, 9.784, 8.565, 7.927, 6.647, 5.575, 4.245, 4.102, 4.998, 6.375, 7.257, 7.806, 7.69, 7.693, 7.125, 6.308, 6.791, 7.451, 6.36, 5.871, 5.148, 4.172, 3.86, 3.695, 3.206, 3.809, 5.598, 5.968, 4.756, 3.038, 2.142, 1.638, 2.45, 3.623, 6.025, 6.317, 4.995, 3.762, 3.198, 4.258, 5.15, 4.353, 2.686, 1.507], [4.856, 5.944, 5.296, 4.562, 6.19, 7.922, 7.116, 6.207, 6.697, 5.968, 4.191, 3.715, 4.095, 3.877, 3.181, 3.449, 4.292, 2.558, 0.0, 1.827, 1.797, 2.179, 2.309, 2.173, 1.448, 1.751, 2.864, 2.593, 2.356, 2.608, 3.235, 2.976, 2.458, 2.875, 5.795, 7.104, 4.854, 3.581, 3.802, 4.855, 3.254, 2.354, 2.557, 2.359, 2.952, 5.316, 5.568, 5.601, 4.966, 4.757, 4.346, 4.95, 5.386, 4.878, 4.138, 3.767, 3.345, 3.365, 3.305, 3.882, 3.789, 3.495, 3.706, 4.028, 3.881, 2.504, 1.951, 2.929, 2.298, 2.504, 2.113, 1.465, 2.145, 2.171, 2.454, 3.319, 2.17, 3.03, 2.552, 2.766, 4.726, 7.133, 9.349, 8.69, 8.492, 8.933, 9.597, 10.279, 11.09, 11.794, 12.707, 13.698, 14.103, 14.377, 15.278, 16.395, 16.852, 16.308, 15.634, 15.828, 15.338, 14.002, 13.588, 13.473, 14.186, 13.783, 13.485, 14.722, 15.136, 14.324, 14.549, 15.648, 16.476, 16.398, 15.143, 13.552, 12.537, 11.742, 10.944, 9.389, 7.818, 7.065, 7.176, 7.359, 5.51, 4.018, 3.348, 3.709, 1.745, 6.163, 6.294, 4.857, 4.338, 4.298, 6.105, 6.689, 6.104, 5.982, 5.066, 4.174, 2.61, 1.97, 3.092, 3.946, 2.911, 3.53, 4.684, 4.444, 4.7, 5.228, 4.966, 5.583, 6.098, 8.081, 9.922, 10.634, 11.809, 14.252, 15.495, 14.441, 13.003, 12.267, 12.26, 12.15, 10.95, 10.159, 8.963, 7.546, 6.45, 5.434, 6.65, 7.294, 7.69, 8.447, 8.551, 8.57, 8.129, 8.105, 8.907, 9.394, 8.277, 6.962, 6.358, 5.365, 5.988, 5.87, 5.479, 6.134, 8.021, 8.395, 7.184, 5.399, 4.377, 2.951, 2.315, 2.772, 4.361, 4.792, 3.554, 2.481, 2.662, 2.758, 3.538, 2.691, 1.695, 2.542], [6.253, 7.144, 6.48, 5.666, 7.641, 9.344, 8.567, 7.656, 8.243, 7.479, 5.605, 5.148, 5.661, 5.367, 4.724, 5.014, 5.869, 4.137, 1.827, 0.0, 1.217, 2.083, 2.466, 2.771, 2.078, 2.352, 3.01, 3.076, 2.561, 2.456, 2.311, 2.012, 2.182, 2.527, 4.658, 5.893, 4.306, 3.555, 3.224, 4.183, 2.818, 2.281, 2.921, 2.96, 4.094, 6.599, 6.277, 6.538, 6.31, 6.004, 5.364, 5.802, 6.502, 6.324, 5.477, 4.832, 4.58, 4.849, 4.617, 5.327, 5.241, 4.951, 5.202, 5.452, 5.369, 3.967, 1.959, 2.595, 2.754, 3.527, 3.153, 2.219, 2.675, 2.635, 2.5, 3.43, 2.911, 4.337, 4.032, 4.375, 6.26, 8.693, 10.906, 10.299, 10.018, 10.335, 11.081, 11.798, 12.661, 13.349, 14.29, 15.156, 15.575, 15.835, 16.741, 17.835, 18.307, 17.745, 17.095, 17.297, 16.883, 15.501, 15.197, 15.072, 15.798, 15.381, 15.08, 16.211, 16.584, 15.853, 16.133, 17.166, 17.979, 17.862, 16.602, 15.014, 14.0, 13.187, 12.398, 10.846, 9.264, 8.502, 8.614, 8.801, 7.005, 5.567, 4.871, 5.161, 2.299, 5.368, 5.61, 4.368, 3.532, 3.575, 5.025, 5.741, 5.412, 5.483, 4.734, 4.019, 2.43, 2.975, 4.47, 5.33, 4.262, 4.979, 6.204, 5.889, 6.112, 6.623, 6.416, 7.001, 7.526, 9.551, 11.416, 12.156, 13.402, 15.846, 17.092, 16.021, 14.527, 13.661, 13.728, 13.601, 12.413, 11.607, 10.395, 9.016, 7.88, 6.685, 7.967, 8.447, 8.247, 8.975, 9.108, 9.597, 9.596, 9.518, 10.367, 10.778, 9.842, 8.42, 7.314, 6.739, 7.433, 7.34, 7.083, 7.742, 9.475, 9.832, 8.62, 6.835, 5.814, 4.278, 3.416, 3.066, 3.64, 4.149, 3.486, 2.578, 3.027, 2.523, 2.911, 2.21, 2.321, 3.851], [6.236, 7.165, 6.622, 5.695, 7.898, 9.594, 8.817, 7.9, 8.359, 7.522, 5.54, 5.141, 5.752, 5.51, 4.897, 5.211, 6.069, 4.306, 1.797, 1.217, 0.0, 1.38, 2.023, 2.405, 1.692, 1.868, 2.629, 2.6, 2.602, 2.245, 1.809, 1.719, 1.858, 2.22, 4.43, 5.826, 4.198, 3.214, 2.917, 3.864, 2.544, 2.228, 3.405, 3.466, 4.411, 6.863, 6.87, 7.019, 6.561, 6.257, 5.639, 6.285, 6.87, 6.561, 5.654, 5.247, 4.787, 5.054, 4.893, 5.491, 5.443, 5.137, 5.352, 5.71, 5.57, 4.105, 1.391, 2.006, 2.777, 3.648, 3.106, 2.148, 2.601, 2.701, 2.228, 3.208, 2.962, 4.419, 4.071, 4.523, 6.437, 8.8, 11.012, 10.407, 10.13, 10.413, 11.165, 11.868, 12.726, 13.384, 14.351, 15.338, 15.754, 16.085, 16.971, 18.091, 18.547, 18.003, 17.328, 17.482, 16.933, 15.588, 15.331, 15.235, 15.921, 15.518, 15.247, 16.404, 16.824, 16.026, 16.217, 17.364, 18.176, 18.106, 16.849, 15.254, 14.231, 13.435, 12.633, 11.096, 9.523, 8.761, 8.871, 9.059, 7.161, 5.615, 5.055, 5.397, 2.25, 4.847, 5.325, 4.023, 3.31, 3.24, 4.818, 5.504, 5.058, 5.164, 4.368, 3.5, 2.162, 3.042, 4.713, 5.567, 4.501, 5.222, 6.354, 6.055, 6.296, 6.782, 6.411, 6.962, 7.779, 9.766, 11.61, 12.323, 13.552, 16.009, 17.244, 16.166, 14.65, 13.886, 13.951, 13.821, 12.643, 11.848, 10.64, 9.142, 8.108, 6.766, 8.223, 8.728, 8.653, 9.401, 9.455, 9.793, 9.632, 9.773, 10.573, 10.831, 9.881, 8.478, 7.802, 6.841, 7.677, 7.556, 7.249, 7.88, 9.71, 10.09, 8.879, 7.094, 6.072, 4.546, 3.718, 2.717, 3.691, 4.151, 3.312, 2.665, 3.312, 2.312, 2.862, 2.046, 2.674, 4.12], [6.058, 7.033, 6.764, 6.024, 7.716, 9.414, 8.637, 7.72, 8.157, 7.286, 5.296, 4.924, 5.524, 5.298, 4.759, 5.065, 5.913, 4.119, 2.179, 2.083, 1.38, 0.0, 1.112, 1.508, 1.809, 1.992, 3.066, 3.203, 3.091, 2.967, 1.811, 1.745, 1.63, 2.017, 4.513, 5.925, 4.125, 2.603, 2.848, 3.917, 2.775, 3.005, 4.059, 4.074, 4.517, 7.105, 7.217, 7.134, 6.543, 6.274, 5.857, 6.658, 7.054, 6.536, 5.702, 5.405, 4.917, 5.218, 4.876, 5.333, 5.284, 4.977, 5.166, 5.527, 5.412, 4.085, 1.619, 1.943, 2.767, 3.477, 2.9, 2.216, 2.279, 2.281, 1.528, 2.406, 2.811, 4.26, 3.857, 4.339, 6.292, 8.598, 10.771, 10.167, 9.988, 10.269, 10.975, 11.656, 12.5, 13.141, 14.11, 15.132, 15.558, 15.905, 16.78, 17.907, 18.364, 17.82, 17.137, 17.258, 16.762, 15.419, 15.142, 15.024, 15.685, 15.283, 15.036, 16.211, 16.635, 15.842, 15.982, 17.199, 18.011, 17.926, 16.658, 15.063, 14.04, 13.244, 12.451, 10.916, 9.34, 8.577, 8.687, 8.876, 6.94, 5.379, 5.164, 5.215, 2.286, 4.834, 5.362, 3.946, 3.416, 3.287, 5.033, 5.692, 5.116, 5.022, 4.136, 3.056, 2.301, 3.15, 4.629, 5.386, 4.569, 5.049, 6.12, 5.837, 6.113, 6.598, 6.248, 6.742, 7.595, 9.583, 11.426, 12.148, 13.335, 15.798, 17.034, 15.959, 14.414, 13.712, 13.76, 13.629, 12.454, 11.653, 10.481, 8.947, 7.916, 6.785, 8.246, 9.041, 9.276, 9.998, 9.946, 10.02, 9.623, 9.59, 10.383, 10.602, 9.643, 8.443, 7.914, 6.792, 7.496, 7.373, 7.061, 7.687, 9.526, 9.907, 8.696, 6.911, 5.889, 4.51, 3.884, 2.801, 3.604, 4.057, 3.768, 3.034, 3.083, 2.285, 3.09, 2.489, 3.009, 4.012], [5.84, 6.746, 6.692, 5.915, 7.18, 8.888, 8.121, 7.201, 7.732, 6.953, 5.097, 4.675, 5.158, 4.885, 4.429, 4.64, 5.461, 3.702, 2.309, 2.466, 2.023, 1.112, 0.0, 0.953, 1.747, 1.742, 3.019, 3.444, 3.513, 3.358, 2.233, 2.016, 1.847, 2.169, 4.905, 6.237, 4.176, 2.254, 2.918, 4.025, 2.607, 2.913, 4.001, 3.942, 4.433, 6.912, 7.01, 6.887, 6.306, 6.094, 5.761, 6.466, 6.873, 6.221, 5.538, 5.282, 4.734, 4.88, 4.711, 4.93, 4.919, 4.477, 4.718, 5.008, 4.917, 3.876, 1.983, 2.312, 2.861, 3.351, 2.837, 2.266, 2.166, 1.865, 1.653, 2.224, 2.438, 3.829, 3.589, 3.895, 6.014, 8.233, 10.371, 9.781, 9.733, 10.067, 10.825, 11.446, 12.222, 12.783, 13.724, 14.656, 15.061, 15.369, 16.246, 17.374, 17.833, 17.304, 16.62, 16.769, 16.483, 15.177, 14.671, 14.568, 15.252, 14.859, 14.577, 15.695, 16.102, 15.353, 15.599, 16.686, 17.503, 17.393, 16.126, 14.538, 13.514, 12.708, 11.913, 10.378, 8.831, 8.059, 8.17, 8.35, 6.489, 5.122, 4.843, 4.723, 2.164, 5.268, 5.629, 4.13, 3.62, 3.492, 5.279, 5.868, 5.16, 4.973, 4.087, 3.005, 2.543, 2.968, 4.1, 4.851, 4.174, 4.535, 5.762, 5.432, 5.664, 6.145, 5.916, 6.483, 7.095, 9.094, 10.941, 11.643, 12.883, 15.334, 16.569, 15.495, 13.999, 13.25, 13.277, 13.124, 11.936, 11.124, 10.042, 8.465, 7.417, 6.778, 7.99, 8.899, 9.322, 9.953, 10.016, 10.058, 9.551, 9.108, 9.855, 10.206, 9.328, 8.399, 7.813, 6.742, 7.033, 6.858, 6.589, 7.262, 9.034, 9.388, 8.183, 6.396, 5.363, 4.23, 3.664, 2.633, 3.323, 3.783, 3.663, 2.821, 2.853, 2.198, 2.851, 2.312, 2.891, 3.763], [5.322, 6.457, 6.22, 5.511, 6.483, 8.198, 7.418, 6.488, 7.071, 6.331, 4.583, 4.215, 4.555, 4.325, 3.943, 4.0, 4.72, 3.151, 2.173, 2.771, 2.405, 1.508, 0.953, 0.0, 1.543, 1.578, 2.843, 3.312, 3.467, 3.6, 2.918, 2.706, 2.203, 2.644, 5.63, 6.963, 4.674, 2.557, 3.396, 4.45, 2.734, 2.734, 3.629, 3.392, 3.735, 6.192, 6.423, 6.276, 5.7, 5.444, 5.062, 5.782, 6.165, 5.442, 4.902, 4.664, 4.258, 4.264, 3.985, 4.23, 4.217, 3.826, 4.169, 4.319, 4.307, 3.484, 2.095, 2.678, 2.697, 3.107, 2.501, 2.116, 2.009, 1.677, 1.793, 2.317, 2.01, 3.227, 3.035, 3.223, 5.309, 7.515, 9.708, 9.07, 9.078, 9.563, 10.19, 10.814, 11.61, 12.153, 13.088, 13.999, 14.407, 14.673, 15.557, 16.671, 17.141, 16.588, 15.926, 16.094, 15.85, 14.566, 13.996, 13.879, 14.571, 14.168, 13.889, 15.025, 15.407, 14.664, 14.92, 15.996, 16.809, 16.694, 15.437, 13.849, 12.83, 12.016, 11.221, 9.684, 8.106, 7.342, 7.454, 7.64, 5.779, 4.449, 4.186, 3.984, 2.074, 5.908, 6.093, 4.612, 4.063, 3.922, 5.886, 6.325, 5.571, 5.394, 4.5, 3.393, 2.716, 2.729, 3.494, 4.161, 3.525, 3.844, 5.043, 4.711, 4.967, 5.439, 5.277, 5.865, 6.385, 8.375, 10.234, 10.967, 12.189, 14.659, 15.888, 14.805, 13.324, 12.597, 12.591, 12.442, 11.242, 10.439, 9.364, 7.836, 6.735, 6.181, 7.316, 8.261, 8.97, 9.498, 9.592, 9.538, 8.983, 8.412, 9.163, 9.643, 8.7, 7.785, 7.248, 6.109, 6.302, 6.163, 5.905, 6.553, 8.335, 8.672, 7.466, 5.68, 4.691, 3.581, 3.034, 2.296, 3.67, 4.067, 3.776, 2.701, 2.505, 2.116, 3.039, 2.379, 2.447, 3.145], [5.09, 6.289, 5.612, 4.808, 6.489, 8.186, 7.408, 6.491, 6.908, 6.123, 4.353, 3.987, 4.331, 4.162, 3.61, 3.847, 4.631, 2.883, 1.448, 2.078, 1.692, 1.809, 1.747, 1.543, 0.0, 1.14, 2.262, 2.269, 2.334, 2.483, 2.988, 2.836, 2.362, 2.745, 5.687, 7.028, 4.86, 2.846, 3.562, 4.615, 2.758, 1.962, 2.794, 2.958, 3.544, 6.071, 6.323, 6.179, 5.566, 5.27, 4.948, 5.694, 6.05, 5.33, 4.723, 4.436, 3.894, 3.918, 3.877, 4.077, 4.057, 3.734, 3.969, 4.308, 4.159, 3.18, 1.836, 2.589, 2.533, 2.858, 2.396, 1.826, 2.228, 2.051, 2.258, 3.218, 2.125, 3.051, 2.773, 3.073, 5.099, 7.391, 9.57, 8.959, 8.864, 9.328, 9.943, 10.578, 11.431, 11.993, 12.915, 13.976, 14.375, 14.676, 15.568, 16.683, 17.142, 16.6, 15.908, 16.064, 15.642, 14.32, 13.88, 13.759, 14.465, 14.064, 13.774, 15.02, 15.424, 14.59, 14.769, 15.934, 16.761, 16.697, 15.435, 13.843, 12.816, 12.027, 11.238, 9.688, 8.12, 7.358, 7.468, 7.657, 5.739, 4.224, 3.837, 3.997, 1.659, 5.849, 6.11, 4.658, 4.191, 4.085, 5.948, 6.48, 5.714, 5.523, 4.699, 3.668, 2.335, 1.806, 3.356, 4.167, 3.176, 3.823, 4.906, 4.655, 4.886, 5.375, 5.126, 5.734, 6.376, 8.363, 10.201, 10.92, 12.093, 14.533, 15.771, 14.707, 13.242, 12.574, 12.559, 12.428, 11.237, 10.44, 9.323, 7.786, 6.719, 5.977, 7.172, 7.923, 8.075, 9.107, 9.271, 9.25, 8.659, 8.393, 9.184, 9.562, 8.499, 7.474, 7.042, 5.867, 6.306, 6.153, 5.778, 6.406, 8.307, 8.687, 7.476, 5.691, 4.672, 3.49, 2.835, 2.209, 4.006, 4.444, 3.192, 2.397, 2.672, 2.402, 3.083, 2.257, 1.969, 2.996], [5.647, 6.865, 5.922, 4.979, 6.84, 8.536, 7.759, 6.918, 7.352, 6.511, 4.9, 4.487, 4.697, 4.571, 4.1, 4.2, 4.924, 3.204, 1.751, 2.352, 1.868, 1.992, 1.742, 1.578, 1.14, 0.0, 1.678, 2.51, 2.606, 2.48, 2.69, 2.57, 1.963, 2.459, 5.359, 6.638, 4.339, 2.583, 3.137, 4.086, 2.266, 1.898, 2.885, 2.974, 3.674, 6.175, 6.517, 6.459, 5.879, 5.486, 5.035, 5.808, 6.107, 5.56, 4.963, 4.616, 4.148, 4.009, 4.093, 4.498, 4.477, 4.099, 4.35, 4.69, 4.51, 3.574, 1.555, 2.13, 2.861, 3.357, 2.778, 2.216, 2.44, 2.33, 2.302, 3.22, 2.509, 3.509, 3.1, 3.363, 5.304, 7.882, 9.993, 9.311, 9.008, 9.69, 10.261, 10.889, 11.863, 12.451, 13.246, 14.467, 14.795, 15.027, 15.902, 17.033, 17.492, 16.961, 16.259, 16.416, 15.91, 14.573, 14.211, 14.071, 14.711, 14.308, 14.094, 15.411, 15.758, 14.945, 15.103, 16.291, 17.118, 17.048, 15.781, 14.185, 13.162, 12.366, 11.582, 10.052, 8.486, 7.725, 7.86, 8.018, 6.097, 4.6, 3.904, 4.341, 1.941, 5.532, 5.627, 4.178, 3.756, 3.598, 5.562, 6.034, 5.253, 5.047, 4.179, 3.556, 2.397, 2.241, 3.691, 4.527, 3.45, 4.179, 5.232, 4.988, 5.246, 5.751, 5.574, 6.224, 6.815, 8.724, 10.562, 11.288, 12.332, 14.804, 16.069, 14.997, 13.579, 13.063, 12.98, 12.792, 11.594, 10.84, 9.583, 8.264, 7.131, 6.183, 7.425, 8.028, 8.05, 9.11, 9.259, 9.362, 8.964, 8.824, 9.612, 10.134, 8.963, 7.733, 7.196, 6.152, 6.654, 6.537, 6.08, 6.725, 8.667, 9.045, 7.836, 6.051, 5.035, 3.682, 2.94, 1.986, 3.494, 3.926, 2.765, 2.246, 2.73, 2.184, 2.675, 1.973, 2.079, 3.253], [5.978, 7.23, 5.947, 4.912, 7.286, 8.992, 8.206, 7.354, 7.892, 7.079, 5.498, 5.195, 5.286, 5.312, 4.934, 4.904, 5.494, 4.044, 2.864, 3.01, 2.629, 3.066, 3.019, 2.843, 2.262, 1.678, 0.0, 1.987, 2.369, 2.15, 2.625, 2.785, 2.436, 2.885, 4.82, 6.147, 3.896, 2.956, 3.172, 3.847, 1.835, 1.3, 2.185, 2.512, 3.495, 6.321, 6.425, 6.384, 6.138, 5.557, 4.94, 5.686, 6.113, 5.995, 5.213, 4.634, 4.366, 4.443, 4.368, 4.96, 4.986, 4.716, 5.058, 5.239, 5.429, 4.7, 2.672, 2.659, 4.198, 4.671, 4.044, 3.474, 3.672, 3.594, 3.445, 4.575, 3.774, 4.455, 4.069, 4.094, 5.706, 8.29, 10.367, 9.731, 9.394, 10.086, 10.587, 11.324, 12.138, 12.894, 13.733, 14.922, 15.251, 15.474, 16.353, 17.48, 17.939, 17.398, 16.705, 16.946, 16.405, 15.061, 14.71, 14.516, 15.128, 14.727, 14.537, 15.822, 16.204, 15.374, 15.515, 16.725, 17.547, 17.495, 16.215, 14.623, 13.608, 12.813, 12.062, 10.48, 8.918, 8.168, 8.271, 8.454, 6.519, 5.029, 4.327, 4.802, 2.974, 5.149, 5.21, 3.869, 3.684, 3.613, 5.177, 5.588, 5.237, 5.014, 4.565, 4.369, 3.15, 2.808, 4.129, 4.964, 3.934, 4.697, 5.662, 5.457, 5.711, 6.215, 6.152, 6.682, 7.321, 9.166, 10.999, 11.755, 12.81, 15.277, 16.52, 15.422, 13.937, 13.497, 13.396, 13.241, 12.04, 11.269, 10.009, 8.767, 7.608, 6.283, 7.607, 7.827, 7.266, 8.461, 8.82, 9.399, 9.254, 9.32, 10.068, 10.624, 9.457, 8.053, 7.091, 6.378, 7.091, 7.023, 6.593, 7.209, 9.115, 9.485, 8.274, 6.489, 5.467, 3.965, 3.16, 2.018, 2.778, 3.121, 1.919, 2.446, 2.952, 2.283, 2.082, 1.785, 2.292, 3.577], [4.815, 5.97, 5.407, 4.459, 6.652, 8.366, 7.579, 6.712, 7.271, 6.43, 4.371, 4.229, 4.743, 4.755, 4.302, 4.236, 4.912, 3.686, 2.593, 3.076, 2.6, 3.203, 3.444, 3.312, 2.269, 2.51, 1.987, 0.0, 1.302, 1.899, 3.485, 3.711, 3.531, 3.578, 5.619, 7.068, 5.252, 3.974, 4.113, 5.185, 3.115, 1.826, 2.108, 2.304, 3.299, 5.686, 5.861, 5.981, 5.404, 5.084, 4.517, 5.217, 5.773, 5.314, 4.474, 4.111, 3.662, 3.793, 3.778, 4.31, 4.486, 4.213, 4.622, 4.722, 5.215, 4.53, 3.567, 3.702, 4.473, 4.651, 4.21, 3.677, 4.207, 4.018, 4.166, 5.314, 4.046, 4.371, 3.962, 3.753, 5.154, 7.484, 9.552, 9.031, 8.81, 9.136, 9.869, 10.556, 11.322, 11.865, 12.95, 14.064, 14.471, 14.834, 15.723, 16.84, 17.299, 16.755, 16.066, 16.193, 15.692, 14.312, 14.013, 13.893, 14.518, 14.115, 13.898, 15.111, 15