[[0.0, 4.047, 4.611, 6.534, 7.018, 5.092, 4.593, 5.06, 4.518, 3.699, 3.476, 2.912, 2.611, 2.854, 2.526, 3.074, 3.401, 3.478, 3.701, 3.467, 3.536, 3.32, 3.225, 3.814, 3.479, 2.927, 3.245, 3.484, 3.864, 3.913, 3.866, 4.05, 3.561, 4.035, 4.754, 4.707, 3.839, 3.961, 3.177, 2.644, 2.706, 3.037, 3.304, 3.081, 2.324, 1.452, 2.337, 3.398, 2.424, 1.53, 1.683, 2.035, 2.226, 2.778, 3.155, 4.606, 5.268, 5.057, 4.118, 3.092, 3.343, 3.401, 2.712, 2.243, 3.879, 5.093, 4.419, 4.915, 5.045, 4.033, 4.35, 5.12, 5.64, 8.314, 10.22, 10.52, 11.174, 11.551, 11.001, 10.383, 10.469, 9.365, 6.999, 5.007, 4.985, 4.662, 2.985, 2.682, 3.617, 4.317, 4.619, 4.848, 4.858, 5.285, 4.965, 4.181, 3.319, 3.925, 5.791, 6.702, 6.98, 5.893, 5.233, 6.275, 5.913, 4.262, 4.282, 5.241, 4.845, 4.658, 5.701, 7.213, 7.88, 9.672, 10.558, 10.51, 9.197, 8.447, 7.342, 7.801, 7.356, 5.613, 4.601, 5.501, 6.617, 6.491, 4.685, 3.822, 4.169, 3.571, 3.345, 5.78, 7.66, 8.781, 9.425, 8.733, 7.631, 7.319, 6.701, 5.319, 4.471, 3.987, 3.415, 3.288, 3.166, 3.518, 3.672, 4.917, 8.117, 10.711, 11.346, 11.993, 12.911, 12.68, 11.389, 10.027, 9.543, 9.784, 9.922, 9.499, 11.134, 13.88, 15.43, 15.482, 16.856, 18.486, 18.743, 19.366, 19.298, 17.47, 16.683, 17.19, 17.538, 17.733, 17.351, 17.899, 18.946, 19.778, 20.07, 20.375, 22.842, 23.896, 23.973, 23.512, 22.968, 21.61, 20.247, 17.797, 14.153, 11.874, 12.072, 11.111, 8.108, 5.932, 7.083, 6.859, 6.457, 7.72, 9.668, 10.897, 10.691, 9.45, 8.402, 7.509, 7.107, 6.311, 5.855, 7.395, 9.412, 10.181, 10.007, 10.471, 12.532, 13.658, 14.344, 15.793, 17.291, 17.943, 18.579, 18.525, 16.614, 14.512, 14.812, 15.801, 16.131, 15.589, 14.575, 17.424, 19.321, 19.861], [4.047, 0.0, 1.666, 3.016, 3.336, 2.935, 2.584, 2.979, 3.014, 2.663, 2.608, 2.652, 3.225, 2.82, 3.066, 3.626, 3.541, 2.742, 2.229, 3.694, 4.165, 4.124, 4.703, 5.439, 4.818, 3.668, 4.147, 5.469, 5.998, 5.212, 5.193, 5.519, 5.249, 5.8, 5.749, 5.466, 4.55, 4.52, 4.793, 4.733, 4.091, 3.54, 3.895, 4.065, 4.155, 4.54, 5.89, 7.216, 6.216, 4.757, 4.091, 3.171, 2.821, 4.34, 6.017, 5.848, 6.132, 6.089, 5.604, 4.734, 4.184, 3.284, 3.017, 3.05, 2.527, 2.514, 1.696, 2.626, 2.741, 2.666, 2.026, 2.045, 2.045, 4.426, 6.384, 6.867, 7.384, 7.883, 7.337, 6.612, 6.651, 5.493, 3.171, 1.988, 2.253, 1.898, 2.776, 2.764, 2.073, 1.869, 2.082, 1.995, 1.985, 2.296, 2.909, 2.801, 3.085, 2.072, 2.884, 3.333, 3.672, 2.899, 2.423, 2.837, 2.439, 1.501, 2.065, 2.602, 2.576, 2.752, 3.097, 4.232, 4.795, 6.093, 6.757, 6.928, 5.74, 5.213, 4.02, 4.588, 4.887, 4.666, 4.015, 3.757, 4.157, 4.495, 3.955, 4.002, 3.886, 3.605, 2.441, 3.316, 4.759, 5.461, 6.045, 5.815, 5.3, 5.04, 4.51, 4.317, 4.536, 4.818, 3.775, 3.359, 3.579, 3.105, 2.692, 3.232, 4.824, 6.781, 7.343, 7.986, 8.92, 8.675, 7.388, 6.061, 5.703, 5.946, 5.994, 5.567, 7.464, 10.28, 11.554, 11.656, 13.071, 14.619, 14.751, 15.428, 15.306, 13.522, 12.677, 13.203, 13.6, 13.804, 13.662, 14.088, 14.93, 15.759, 16.051, 16.459, 18.967, 20.011, 19.94, 19.494, 18.943, 17.746, 16.515, 14.072, 10.733, 8.557, 8.879, 7.843, 4.741, 3.508, 4.329, 4.231, 4.288, 5.431, 6.562, 7.721, 7.56, 6.329, 5.375, 4.421, 4.108, 3.456, 4.22, 5.573, 6.998, 7.43, 7.154, 7.446, 9.603, 10.16, 10.621, 12.081, 13.424, 14.076, 14.745, 14.658, 12.812, 10.741, 10.914, 12.063, 12.281, 11.592, 10.651, 13.442, 15.318, 15.846], [4.611, 1.666, 0.0, 2.103, 2.972, 2.168, 2.024, 2.085, 2.209, 2.727, 3.087, 3.263, 3.764, 3.465, 3.862, 4.267, 4.343, 3.703, 3.259, 4.67, 5.307, 5.085, 5.862, 6.744, 6.167, 4.947, 5.393, 6.479, 6.773, 5.81, 6.239, 6.867, 6.571, 7.127, 6.892, 6.626, 5.736, 5.644, 5.674, 5.525, 5.039, 4.275, 4.58, 5.089, 4.819, 5.11, 6.452, 7.768, 6.768, 5.324, 4.716, 3.976, 3.649, 4.902, 6.657, 7.132, 7.343, 7.318, 6.83, 5.852, 5.403, 4.439, 4.12, 4.284, 3.591, 3.358, 2.714, 3.31, 3.516, 3.803, 3.15, 2.429, 2.213, 4.195, 5.915, 6.206, 6.822, 7.219, 6.639, 6.032, 6.135, 5.2, 3.104, 1.879, 1.581, 1.593, 3.241, 3.084, 1.883, 1.686, 1.769, 1.608, 1.78, 1.87, 2.362, 2.416, 2.925, 1.916, 1.921, 2.661, 2.682, 1.891, 1.983, 2.15, 1.881, 1.669, 2.471, 3.038, 2.709, 2.909, 3.23, 3.972, 4.485, 5.708, 6.35, 6.689, 5.483, 5.006, 4.163, 5.018, 5.534, 5.41, 5.059, 4.432, 4.912, 5.21, 4.752, 4.784, 4.924, 4.667, 3.388, 3.904, 4.795, 5.358, 5.872, 5.851, 5.568, 5.738, 5.004, 5.18, 5.461, 5.689, 4.553, 3.941, 4.06, 3.698, 3.438, 3.853, 5.099, 6.504, 6.974, 7.68, 8.534, 8.305, 6.981, 5.669, 5.199, 5.438, 5.539, 5.064, 6.788, 9.507, 10.961, 11.02, 12.379, 13.939, 14.185, 14.808, 14.757, 12.934, 12.162, 12.65, 13.003, 13.219, 12.901, 13.368, 14.387, 15.223, 15.554, 15.836, 18.331, 19.391, 19.379, 18.959, 18.396, 17.085, 15.79, 13.366, 9.893, 7.676, 7.933, 6.889, 4.42, 2.982, 3.745, 3.625, 3.409, 4.431, 5.575, 6.745, 6.495, 5.306, 4.3, 3.457, 3.106, 2.562, 3.252, 4.601, 5.889, 6.21, 6.008, 6.257, 8.419, 9.278, 9.928, 11.362, 12.817, 13.505, 14.18, 14.129, 12.208, 10.135, 10.462, 11.44, 11.652, 11.038, 10.119, 13.03, 14.881, 15.409], [6.534, 3.016, 2.103, 0.0, 1.665, 1.971, 3.03, 2.736, 3.316, 4.357, 4.462, 4.735, 4.857, 4.492, 4.889, 4.926, 4.959, 4.159, 3.96, 5.336, 6.229, 6.148, 7.139, 8.086, 7.59, 6.287, 6.716, 8.043, 8.433, 7.262, 7.8, 8.258, 8.1, 8.408, 7.852, 7.4, 6.677, 6.567, 7.132, 7.43, 6.728, 5.577, 5.816, 6.357, 6.45, 6.814, 8.154, 9.566, 8.637, 7.301, 6.73, 5.813, 5.393, 6.729, 8.543, 8.389, 8.308, 8.553, 8.456, 7.573, 6.86, 5.815, 5.666, 5.921, 4.591, 3.668, 3.677, 3.163, 3.714, 4.562, 4.088, 3.246, 2.071, 2.689, 4.269, 4.531, 5.165, 5.426, 4.838, 4.255, 4.418, 3.623, 1.976, 2.472, 2.14, 2.499, 4.858, 4.885, 3.481, 3.254, 2.93, 2.713, 2.674, 2.44, 3.188, 3.801, 4.405, 3.441, 2.461, 2.515, 1.531, 2.16, 2.701, 1.821, 1.485, 2.669, 3.007, 2.48, 2.432, 2.859, 2.584, 2.695, 3.104, 4.233, 4.862, 5.168, 4.119, 3.721, 3.214, 3.951, 4.838, 5.148, 4.962, 4.041, 4.303, 4.516, 4.608, 5.517, 5.481, 5.531, 4.349, 3.25, 3.692, 4.103, 4.624, 4.655, 4.6, 5.121, 4.414, 4.844, 5.577, 6.536, 5.568, 4.797, 4.659, 4.44, 4.048, 3.525, 4.042, 4.879, 5.279, 6.045, 6.864, 6.672, 5.323, 4.023, 3.525, 3.729, 3.84, 3.57, 5.085, 7.769, 9.195, 9.23, 10.604, 12.117, 12.47, 13.019, 13.006, 11.261, 10.495, 10.969, 11.262, 11.489, 11.194, 11.705, 12.763, 13.581, 13.934, 14.213, 16.527, 17.639, 17.533, 17.152, 16.627, 15.25, 14.001, 11.575, 8.132, 6.029, 6.36, 5.266, 2.915, 2.154, 2.715, 2.338, 2.442, 3.608, 4.014, 5.191, 4.87, 3.607, 2.993, 2.667, 3.02, 2.74, 3.929, 4.701, 5.383, 5.17, 4.56, 4.879, 6.836, 7.517, 8.076, 9.512, 11.191, 11.835, 12.419, 12.348, 10.537, 8.355, 8.673, 9.591, 9.806, 9.23, 8.335, 11.246, 13.194, 13.772], [7.018, 3.336, 2.972, 1.665, 0.0, 2.495, 3.746, 3.562, 4.091, 4.919, 5.037, 5.281, 5.375, 4.749, 5.19, 5.249, 4.759, 4.073, 3.708, 4.93, 5.662, 5.917, 7.187, 7.924, 7.319, 5.928, 6.718, 8.368, 8.816, 7.594, 7.995, 8.113, 8.067, 8.009, 7.251, 6.779, 6.173, 6.023, 7.331, 7.736, 6.957, 5.583, 5.84, 6.65, 6.995, 7.417, 8.788, 10.109, 9.154, 7.707, 7.094, 6.083, 5.633, 7.143, 9.012, 8.018, 7.698, 8.408, 8.571, 7.731, 6.882, 5.64, 5.588, 5.952, 4.201, 3.017, 3.262, 2.913, 3.29, 3.944, 3.63, 2.854, 2.188, 2.069, 3.862, 4.219, 4.747, 5.081, 4.503, 3.747, 3.856, 2.856, 1.274, 2.371, 2.597, 2.933, 5.396, 5.508, 4.441, 4.389, 4.132, 3.783, 3.697, 3.22, 4.259, 4.966, 5.606, 4.565, 3.627, 3.548, 2.592, 3.207, 3.557, 2.358, 2.098, 3.081, 3.248, 2.446, 2.611, 2.916, 2.084, 1.984, 2.032, 3.343, 3.922, 4.026, 3.278, 2.728, 2.137, 2.838, 3.643, 4.261, 4.142, 3.194, 3.371, 3.431, 4.027, 5.515, 5.041, 5.105, 4.33, 2.165, 2.58, 3.003, 3.473, 3.554, 3.557, 3.86, 3.298, 3.92, 4.976, 6.463, 5.507, 4.922, 4.952, 4.468, 4.021, 2.849, 3.023, 4.066, 4.624, 5.326, 6.189, 5.93, 4.66, 3.348, 2.943, 3.208, 3.222, 3.404, 4.707, 7.447, 8.592, 8.743, 10.066, 11.58, 11.784, 12.415, 12.312, 10.597, 9.839, 10.288, 10.58, 10.818, 10.671, 11.143, 12.03, 12.858, 13.21, 13.527, 15.966, 17.008, 16.976, 16.522, 15.967, 14.763, 13.492, 11.129, 7.939, 5.958, 6.267, 5.188, 2.445, 2.156, 2.42, 1.954, 2.502, 3.763, 4.102, 5.2, 5.186, 4.029, 3.633, 3.494, 4.134, 3.646, 4.961, 5.863, 6.196, 5.752, 5.083, 5.317, 7.289, 7.588, 7.847, 9.198, 10.582, 11.221, 11.84, 11.786, 9.972, 7.848, 8.109, 9.199, 9.316, 8.62, 7.801, 10.615, 12.516, 13.084], [5.092, 2.935, 2.168, 1.971, 2.495, 0.0, 2.219, 2.305, 2.167, 2.842, 2.978, 3.174, 3.706, 3.431, 3.926, 4.446, 4.48, 3.832, 3.416, 4.36, 5.167, 4.923, 5.854, 6.86, 6.443, 5.055, 5.443, 6.645, 6.961, 5.856, 6.432, 6.931, 6.764, 7.174, 6.732, 6.396, 5.699, 5.472, 5.824, 5.817, 5.16, 4.169, 4.414, 5.073, 4.911, 5.22, 6.556, 7.915, 7.035, 5.783, 5.233, 4.26, 3.837, 5.241, 7.084, 7.155, 7.191, 7.3, 7.085, 6.175, 5.556, 4.539, 4.264, 4.547, 3.442, 2.915, 2.984, 2.511, 2.771, 3.789, 3.775, 2.529, 1.902, 3.718, 5.626, 5.958, 6.552, 6.802, 6.286, 5.668, 5.746, 4.721, 2.607, 2.185, 1.827, 2.111, 3.979, 4.147, 3.515, 3.47, 3.214, 3.0, 3.014, 2.861, 3.443, 4.018, 4.48, 3.475, 2.752, 2.937, 2.363, 2.4, 3.03, 2.294, 2.072, 2.004, 2.316, 2.662, 2.255, 2.348, 2.448, 2.7, 3.22, 5.056, 5.865, 5.816, 4.525, 3.907, 3.42, 4.076, 4.524, 4.79, 4.589, 3.64, 4.015, 4.346, 3.797, 4.202, 4.349, 4.39, 3.169, 3.153, 3.573, 4.287, 4.903, 4.458, 4.149, 4.846, 4.381, 4.391, 4.68, 5.393, 4.369, 3.671, 3.585, 3.33, 2.958, 3.062, 4.4, 6.089, 6.703, 7.378, 8.248, 8.006, 6.729, 5.374, 4.868, 5.117, 5.232, 4.744, 6.509, 9.182, 10.589, 10.671, 12.08, 13.648, 14.013, 14.543, 14.522, 12.76, 12.01, 12.459, 12.786, 12.921, 12.7, 13.24, 14.255, 15.095, 15.387, 15.684, 18.001, 19.116, 19.147, 18.691, 18.139, 16.794, 15.443, 12.953, 9.527, 7.345, 7.553, 6.484, 3.357, 1.548, 2.437, 2.381, 2.021, 3.564, 5.097, 6.376, 6.01, 4.818, 3.856, 3.341, 3.215, 2.806, 3.987, 5.007, 5.989, 5.972, 5.591, 5.887, 7.941, 8.833, 9.477, 11.011, 12.617, 13.257, 13.796, 13.715, 11.963, 9.81, 10.063, 11.065, 11.244, 10.749, 9.754, 12.655, 14.613, 15.19], [4.593, 2.584, 2.024, 3.03, 3.746, 2.219, 0.0, 1.076, 1.234, 1.642, 1.866, 2.86, 3.866, 3.694, 4.176, 5.068, 5.259, 4.646, 4.141, 5.374, 6.021, 5.714, 6.128, 7.268, 6.775, 5.547, 5.98, 6.916, 7.185, 6.474, 6.865, 7.329, 6.999, 7.608, 7.648, 7.383, 6.48, 6.397, 6.125, 5.869, 5.498, 4.824, 4.994, 5.258, 4.901, 4.633, 6.052, 7.377, 6.189, 5.23, 4.666, 4.261, 4.096, 5.054, 6.909, 7.709, 8.056, 8.013, 7.301, 6.222, 6.028, 5.089, 4.628, 4.669, 4.31, 3.815, 3.316, 3.594, 3.891, 4.524, 4.087, 3.014, 2.57, 4.942, 6.851, 7.117, 7.781, 7.945, 7.481, 6.955, 7.023, 5.973, 3.67, 2.761, 2.087, 2.136, 2.929, 3.155, 2.448, 2.742, 2.718, 2.45, 2.331, 2.627, 2.836, 2.767, 2.791, 2.119, 2.495, 3.257, 3.286, 2.739, 3.204, 3.103, 2.842, 2.045, 2.565, 3.227, 2.815, 2.831, 3.419, 4.211, 4.872, 6.393, 7.201, 7.15, 5.775, 5.136, 4.395, 5.092, 5.587, 5.845, 5.676, 4.745, 5.085, 5.413, 5.008, 5.261, 5.438, 5.372, 3.94, 4.041, 5.004, 5.717, 6.327, 6.115, 5.728, 5.931, 5.315, 5.398, 5.89, 6.329, 5.198, 4.586, 4.534, 4.334, 3.987, 4.038, 5.572, 7.383, 7.979, 8.65, 9.545, 9.32, 8.022, 6.626, 6.104, 6.37, 6.497, 5.985, 7.704, 10.317, 11.947, 12.001, 13.345, 14.963, 15.344, 15.868, 15.847, 14.121, 13.335, 13.803, 14.114, 14.232, 13.957, 14.537, 15.595, 16.422, 16.736, 17.021, 19.285, 20.453, 20.509, 20.034, 19.49, 18.127, 16.702, 14.185, 10.317, 8.246, 8.325, 7.499, 4.749, 2.949, 3.96, 3.79, 3.226, 3.915, 5.722, 6.956, 6.712, 5.355, 4.501, 3.593, 3.191, 2.582, 2.954, 3.768, 5.147, 5.78, 5.897, 6.776, 8.456, 9.943, 10.663, 12.231, 13.896, 14.515, 15.038, 14.976, 13.206, 11.032, 11.303, 12.31, 12.544, 12.04, 11.054, 13.905, 15.886, 16.527], [5.06, 2.979, 2.085, 2.736, 3.562, 2.305, 1.076, 0.0, 1.188, 1.945, 2.255, 3.372, 4.09, 3.985, 4.675, 5.341, 5.447, 4.707, 4.212, 5.547, 6.285, 5.961, 6.549, 7.698, 7.269, 5.921, 6.342, 7.391, 7.618, 6.726, 7.196, 7.744, 7.511, 8.049, 7.903, 7.613, 6.748, 6.594, 6.499, 6.378, 5.953, 5.104, 5.293, 5.782, 5.436, 5.158, 6.603, 7.834, 6.598, 5.732, 5.112, 4.705, 4.453, 5.431, 7.421, 8.081, 8.314, 8.284, 7.743, 6.717, 6.364, 5.368, 5.061, 5.192, 4.458, 3.997, 3.505, 3.698, 4.017, 4.698, 4.202, 3.165, 2.681, 4.565, 6.391, 6.654, 7.327, 7.51, 7.058, 6.552, 6.621, 5.534, 3.558, 2.814, 1.961, 2.26, 3.391, 3.582, 2.588, 2.754, 2.543, 2.245, 2.272, 2.405, 2.647, 2.77, 2.903, 2.051, 2.336, 3.142, 2.921, 2.377, 3.004, 2.63, 2.562, 2.176, 2.765, 3.233, 2.884, 2.926, 3.461, 3.818, 4.564, 6.03, 6.848, 6.806, 5.654, 5.092, 4.501, 5.212, 5.716, 5.951, 5.821, 4.901, 5.242, 5.532, 5.116, 5.363, 5.541, 5.565, 4.168, 4.087, 5.023, 5.61, 6.323, 6.184, 5.979, 6.029, 5.323, 5.47, 5.994, 6.564, 5.378, 4.644, 4.653, 4.47, 4.168, 4.2, 5.724, 7.086, 7.57, 8.227, 9.13, 8.874, 7.612, 6.203, 5.691, 5.964, 6.069, 5.643, 7.302, 9.921, 11.576, 11.643, 12.948, 14.591, 14.959, 15.486, 15.452, 13.724, 12.94, 13.407, 13.718, 13.83, 13.555, 14.135, 15.192, 16.026, 16.337, 16.619, 18.903, 20.058, 20.156, 19.677, 19.137, 17.769, 16.324, 13.848, 9.906, 7.8, 7.914, 7.064, 4.441, 2.963, 3.68, 3.564, 2.975, 3.602, 5.277, 6.537, 6.336, 4.965, 4.11, 3.306, 2.983, 2.341, 2.857, 3.654, 4.75, 5.383, 5.524, 6.341, 8.08, 9.599, 10.341, 11.86, 13.458, 14.061, 14.594, 14.536, 12.759, 10.63, 10.842, 11.943, 12.201, 11.682, 10.674, 13.501, 15.484, 16.122], [4.518, 3.014, 2.209, 3.316, 4.091, 2.167, 1.234, 1.188, 0.0, 1.424, 1.792, 2.66, 3.698, 3.61, 4.168, 5.054, 5.184, 4.588, 4.006, 4.936, 5.64, 5.344, 5.916, 7.07, 6.688, 5.288, 5.688, 6.748, 6.949, 6.081, 6.562, 7.088, 6.855, 7.38, 7.257, 6.966, 6.197, 5.961, 5.84, 5.727, 5.288, 4.454, 4.628, 5.096, 4.787, 4.505, 5.881, 7.158, 5.956, 5.219, 4.601, 4.125, 3.836, 4.8, 6.816, 7.432, 7.687, 7.662, 7.099, 6.067, 5.726, 4.71, 4.399, 4.559, 3.9, 3.531, 3.294, 3.489, 3.595, 4.364, 4.183, 2.86, 2.9, 5.187, 7.078, 7.326, 8.016, 8.227, 7.742, 7.241, 7.309, 6.218, 4.017, 2.703, 2.05, 2.111, 3.124, 3.456, 2.599, 2.857, 2.679, 2.43, 2.495, 2.697, 2.913, 3.007, 2.963, 2.2, 2.661, 3.652, 3.573, 2.692, 3.149, 3.111, 2.82, 2.155, 2.555, 3.557, 3.143, 2.871, 3.636, 3.926, 4.745, 6.541, 7.474, 7.353, 5.928, 5.36, 4.731, 5.441, 5.684, 5.795, 5.517, 4.806, 5.189, 5.553, 4.683, 4.813, 4.994, 4.932, 3.564, 4.24, 5.022, 5.859, 6.672, 6.188, 5.776, 6.026, 5.578, 5.178, 5.443, 5.913, 4.829, 4.274, 4.129, 4.01, 3.721, 4.174, 6.007, 7.669, 8.229, 8.894, 9.806, 9.556, 8.28, 6.894, 6.381, 6.652, 6.757, 6.226, 7.99, 10.625, 12.233, 12.285, 13.662, 15.267, 15.641, 16.172, 16.152, 14.406, 13.621, 14.089, 14.412, 14.546, 14.243, 14.823, 15.881, 16.707, 17.018, 17.307, 19.624, 20.765, 20.797, 20.318, 19.783, 18.41, 17.002, 14.538, 10.641, 8.456, 8.55, 7.759, 4.875, 2.892, 3.748, 3.662, 3.065, 3.954, 5.892, 7.176, 6.983, 5.593, 4.776, 3.957, 3.374, 2.741, 3.082, 3.992, 5.32, 6.071, 6.143, 7.045, 8.736, 10.311, 11.055, 12.502, 14.146, 14.745, 15.282, 15.222, 13.447, 11.318, 11.498, 12.596, 12.879, 12.383, 11.315, 14.168, 16.172, 16.804], [3.699, 2.663, 2.727, 4.357, 4.919, 2.842, 1.642, 1.945, 1.424, 0.0, 1.299, 2.146, 3.476, 3.274, 3.677, 4.804, 4.981, 4.369, 3.729, 4.623, 5.268, 4.914, 5.126, 6.205, 5.893, 4.53, 4.873, 5.774, 6.075, 5.572, 5.812, 6.191, 5.896, 6.445, 6.714, 6.513, 5.73, 5.63, 5.024, 4.774, 4.451, 3.927, 4.277, 4.389, 3.96, 3.629, 4.971, 6.193, 4.966, 4.298, 3.728, 3.267, 3.227, 4.166, 5.928, 6.569, 7.12, 6.98, 6.251, 5.14, 4.954, 4.239, 3.8, 3.772, 3.621, 3.464, 3.109, 3.494, 3.505, 4.069, 3.907, 3.118, 3.465, 6.152, 8.052, 8.331, 9.026, 9.237, 8.77, 8.249, 8.317, 7.226, 4.848, 3.038, 2.698, 2.569, 2.507, 2.872, 2.539, 2.751, 3.043, 2.778, 2.526, 3.146, 3.265, 3.177, 2.818, 2.211, 3.424, 4.506, 4.634, 3.55, 3.584, 4.017, 3.624, 2.254, 2.589, 3.658, 3.285, 3.004, 3.788, 4.979, 5.738, 7.549, 8.436, 8.33, 6.915, 6.144, 5.143, 5.752, 5.807, 5.751, 5.508, 4.806, 5.284, 5.71, 4.535, 4.56, 4.74, 4.559, 3.243, 4.266, 5.608, 6.665, 7.321, 6.681, 6.004, 6.079, 5.609, 5.133, 5.201, 5.511, 4.577, 4.068, 3.99, 3.796, 3.515, 4.286, 6.369, 8.589, 9.24, 9.884, 10.822, 10.573, 9.299, 7.896, 7.387, 7.66, 7.765, 7.28, 8.998, 11.645, 13.288, 13.355, 14.667, 16.31, 16.658, 17.205, 17.159, 15.424, 14.638, 15.106, 15.425, 15.555, 15.251, 15.831, 16.889, 17.725, 18.035, 18.315, 20.656, 21.765, 21.868, 21.388, 20.852, 19.481, 18.04, 15.581, 11.669, 9.484, 9.555, 8.754, 5.862, 3.59, 4.746, 4.618, 4.06, 4.908, 6.913, 8.172, 8.059, 6.688, 5.838, 5.0, 4.376, 3.573, 3.495, 4.402, 6.203, 7.046, 7.17, 8.048, 9.798, 11.375, 12.119, 13.572, 15.154, 15.765, 16.297, 16.248, 14.455, 12.326, 12.543, 13.655, 13.94, 13.417, 12.386, 15.207, 17.18, 17.821], [3.476, 2.608, 3.087, 4.462, 5.037, 2.978, 1.866, 2.255, 1.792, 1.299, 0.0, 1.705, 2.824, 2.765, 3.355, 4.399, 4.524, 3.744, 3.304, 4.186, 4.932, 4.504, 4.866, 6.013, 5.664, 4.296, 4.666, 5.564, 5.872, 5.203, 5.558, 5.987, 5.624, 6.272, 6.384, 6.109, 5.367, 5.157, 4.819, 4.485, 4.164, 3.559, 3.801, 4.043, 3.743, 3.551, 4.728, 6.014, 4.809, 3.996, 3.453, 2.973, 2.907, 3.804, 5.564, 6.39, 6.773, 6.717, 5.995, 4.845, 4.723, 3.811, 3.348, 3.379, 3.073, 3.37, 2.966, 3.426, 3.458, 3.606, 3.543, 3.291, 3.66, 6.309, 8.171, 8.49, 9.185, 9.372, 8.906, 8.348, 8.416, 7.381, 5.007, 3.458, 3.052, 2.907, 2.619, 2.939, 2.825, 3.034, 2.901, 2.932, 2.871, 3.286, 3.447, 3.097, 2.845, 2.376, 3.598, 4.605, 4.805, 3.857, 4.034, 4.177, 3.77, 2.198, 2.185, 3.505, 3.254, 2.825, 3.755, 5.002, 5.825, 7.686, 8.561, 8.477, 7.054, 6.295, 5.335, 5.799, 5.621, 5.264, 4.776, 4.473, 5.063, 5.452, 4.1, 3.862, 4.112, 4.081, 2.77, 4.079, 5.624, 6.72, 7.484, 6.77, 5.984, 5.875, 5.494, 4.602, 4.486, 5.065, 4.072, 3.469, 3.341, 3.407, 3.119, 4.1, 6.455, 8.69, 9.339, 9.983, 10.92, 10.72, 9.398, 8.017, 7.506, 7.78, 7.907, 7.406, 9.112, 11.732, 13.382, 13.449, 14.751, 16.403, 16.756, 17.297, 17.256, 15.522, 14.736, 15.204, 15.52, 15.639, 15.357, 15.93, 16.988, 17.832, 18.144, 18.414, 20.735, 21.863, 21.962, 21.483, 20.947, 19.575, 18.145, 15.678, 11.812, 9.641, 9.731, 8.9, 6.002, 3.675, 4.789, 4.659, 4.142, 5.03, 7.031, 8.33, 8.219, 6.819, 5.978, 5.108, 4.631, 3.922, 4.098, 5.055, 6.422, 7.193, 7.32, 8.187, 9.921, 11.493, 12.214, 13.697, 15.306, 15.924, 16.451, 16.401, 14.614, 12.425, 12.698, 13.749, 14.046, 13.503, 12.52, 15.327, 17.292, 17.92], [2.912, 2.652, 3.263, 4.735, 5.281, 3.174, 2.86, 3.372, 2.66, 2.146, 1.705, 0.0, 1.718, 1.652, 1.894, 3.065, 3.313, 2.844, 2.455, 2.951, 3.509, 3.278, 3.567, 4.716, 4.416, 2.894, 3.291, 4.432, 4.594, 3.896, 4.304, 4.747, 4.59, 4.96, 4.997, 4.769, 4.034, 3.858, 3.431, 3.632, 2.939, 2.23, 2.563, 2.801, 2.627, 2.859, 3.98, 5.339, 4.328, 3.408, 2.935, 2.227, 1.74, 3.037, 4.721, 5.011, 5.397, 5.309, 4.935, 4.028, 3.381, 2.681, 2.309, 2.504, 2.182, 3.277, 2.674, 3.166, 3.189, 2.675, 2.917, 3.286, 3.874, 6.576, 8.437, 8.756, 9.452, 9.623, 9.158, 8.605, 8.679, 7.648, 5.264, 3.226, 3.016, 2.715, 2.547, 3.158, 3.097, 2.977, 2.767, 2.825, 2.752, 3.28, 3.127, 3.32, 3.203, 2.685, 4.113, 5.092, 4.993, 4.018, 3.809, 4.396, 4.027, 2.284, 2.194, 3.395, 3.065, 2.68, 3.83, 5.232, 6.07, 7.953, 8.828, 8.744, 7.292, 6.545, 5.536, 5.943, 5.466, 4.685, 4.048, 4.023, 4.779, 5.001, 3.513, 3.102, 3.416, 2.941, 1.867, 4.065, 5.724, 6.963, 7.667, 6.886, 5.791, 5.621, 5.156, 4.092, 3.717, 3.748, 2.963, 2.629, 2.535, 2.686, 2.471, 3.665, 6.438, 8.945, 9.596, 10.241, 11.178, 10.978, 9.655, 8.284, 7.773, 8.047, 8.174, 7.645, 9.379, 11.98, 13.612, 13.678, 15.001, 16.624, 17.002, 17.523, 17.498, 15.775, 14.99, 15.458, 15.768, 15.891, 15.624, 16.194, 17.248, 18.094, 18.402, 18.676, 20.934, 22.111, 22.19, 21.716, 21.183, 19.813, 18.384, 15.898, 12.015, 9.905, 9.983, 9.166, 6.295, 3.861, 5.018, 4.92, 4.596, 5.633, 7.329, 8.698, 8.408, 7.056, 6.27, 5.587, 4.747, 3.95, 4.648, 6.061, 7.62, 8.091, 7.858, 8.505, 10.377, 11.693, 12.414, 13.936, 15.573, 16.191, 16.715, 16.653, 14.881, 12.682, 12.954, 13.984, 14.256, 13.709, 12.758, 15.568, 17.559, 18.177], [2.611, 3.225, 3.764, 4.857, 5.375, 3.706, 3.866, 4.09, 3.698, 3.476, 2.824, 1.718, 0.0, 1.252, 1.516, 2.099, 2.104, 2.103, 2.091, 2.229, 2.754, 2.406, 3.083, 4.116, 3.783, 2.456, 2.925, 3.981, 4.196, 3.219, 3.788, 4.212, 4.069, 4.408, 4.147, 3.856, 3.08, 2.869, 2.877, 3.238, 2.559, 1.78, 1.882, 2.257, 2.406, 2.686, 3.687, 5.126, 4.221, 3.22, 3.081, 2.581, 1.539, 2.845, 4.288, 4.39, 4.578, 4.574, 4.474, 3.722, 3.051, 2.361, 1.887, 2.25, 2.398, 3.521, 2.9, 3.287, 3.49, 2.39, 2.79, 3.64, 4.118, 6.693, 8.554, 8.874, 9.569, 9.749, 9.275, 8.712, 8.796, 7.765, 5.381, 3.471, 3.231, 3.156, 3.325, 3.881, 3.969, 3.852, 3.424, 3.465, 3.49, 3.756, 4.041, 4.111, 4.196, 3.764, 4.738, 5.421, 5.202, 4.403, 4.55, 4.562, 4.238, 2.645, 2.348, 3.308, 3.02, 2.711, 3.958, 5.468, 6.314, 8.132, 8.951, 8.899, 7.402, 6.683, 5.653, 6.067, 5.677, 4.179, 3.237, 3.912, 4.93, 4.733, 3.077, 2.404, 2.755, 2.153, 1.853, 4.1, 5.913, 7.07, 7.771, 7.087, 6.08, 5.714, 4.937, 3.577, 2.975, 2.8, 2.082, 2.141, 1.939, 2.152, 2.027, 3.341, 6.599, 9.05, 9.701, 10.345, 11.282, 11.081, 9.76, 8.401, 7.89, 8.164, 8.291, 7.745, 9.496, 12.1, 13.702, 13.748, 15.112, 16.731, 17.086, 17.635, 17.585, 15.852, 15.073, 15.546, 15.85, 16.017, 15.741, 16.305, 17.354, 18.184, 18.506, 18.794, 21.056, 22.197, 22.191, 21.754, 21.252, 19.85, 18.494, 16.023, 12.171, 10.078, 10.247, 9.296, 6.536, 4.296, 5.418, 5.139, 5.145, 6.345, 7.592, 9.0, 8.73, 7.309, 6.602, 6.009, 5.299, 4.76, 5.793, 7.192, 8.555, 8.738, 8.453, 8.875, 10.848, 11.711, 12.446, 13.94, 15.69, 16.308, 16.832, 16.77, 14.998, 12.794, 13.071, 14.084, 14.316, 13.836, 12.846, 15.685, 17.676, 18.282], [2.854, 2.82, 3.465, 4.492, 4.749, 3.431, 3.694, 3.985, 3.61, 3.274, 2.765, 1.652, 1.252, 0.0, 1.422, 1.957, 2.021, 1.844, 1.688, 1.855, 2.483, 2.322, 3.172, 4.182, 3.815, 2.314, 2.803, 4.199, 4.424, 3.394, 3.996, 4.393, 4.265, 4.405, 4.078, 3.798, 2.987, 2.87, 3.029, 3.491, 2.727, 1.629, 1.85, 2.389, 2.478, 2.859, 4.126, 5.462, 4.647, 3.543, 3.379, 2.637, 1.736, 2.777, 4.616, 4.411, 4.505, 4.73, 4.696, 3.904, 3.02, 2.052, 1.746, 2.133, 1.954, 2.897, 2.271, 2.855, 2.969, 2.045, 2.164, 3.007, 3.763, 6.096, 7.937, 8.249, 8.944, 9.115, 8.654, 8.087, 8.171, 7.14, 4.766, 2.849, 2.695, 2.74, 3.515, 3.908, 3.8, 3.632, 3.254, 3.288, 3.214, 3.308, 3.952, 4.123, 4.223, 3.578, 4.55, 5.186, 4.889, 4.199, 4.216, 4.238, 3.784, 2.272, 2.2, 2.886, 2.551, 2.37, 3.519, 4.905, 5.734, 7.516, 8.35, 8.292, 6.868, 6.078, 5.028, 5.438, 5.011, 3.452, 2.697, 3.308, 4.344, 4.213, 2.545, 2.156, 2.347, 1.986, 1.359, 3.576, 5.381, 6.44, 7.139, 6.473, 5.455, 5.131, 4.421, 3.228, 2.654, 2.829, 1.806, 1.841, 1.688, 1.737, 1.719, 2.827, 6.032, 8.421, 9.043, 9.697, 10.624, 10.424, 9.128, 7.776, 7.265, 7.542, 7.666, 7.154, 8.871, 11.479, 13.101, 13.178, 14.479, 16.108, 16.477, 17.005, 16.967, 15.249, 14.478, 14.951, 15.253, 15.384, 15.116, 15.686, 16.74, 17.555, 17.865, 18.169, 20.416, 21.585, 21.682, 21.225, 20.66, 19.323, 17.893, 15.412, 11.625, 9.505, 9.77, 8.724, 6.08, 3.895, 4.994, 4.629, 4.739, 6.273, 7.258, 8.596, 8.425, 7.104, 6.529, 5.926, 5.143, 4.646, 5.727, 7.104, 8.446, 8.648, 8.215, 8.614, 10.626, 11.262, 11.931, 13.445, 15.065, 15.683, 16.207, 16.149, 14.373, 12.175, 12.446, 13.493, 13.724, 13.192, 12.267, 15.075, 17.051, 17.652], [2.526, 3.066, 3.862, 4.889, 5.19, 3.926, 4.176, 4.675, 4.168, 3.677, 3.355, 1.894, 1.516, 1.422, 0.0, 1.819, 2.203, 2.299, 2.312, 2.325, 2.479, 2.359, 2.689, 3.672, 3.173, 1.993, 2.613, 3.803, 4.186, 3.539, 3.665, 3.882, 3.77, 3.966, 3.959, 3.838, 2.989, 3.014, 2.842, 3.216, 2.557, 1.883, 2.276, 2.44, 2.288, 2.479, 3.795, 5.237, 4.434, 3.286, 2.988, 2.187, 1.716, 3.247, 4.354, 3.96, 4.407, 4.374, 4.266, 3.491, 2.732, 2.595, 2.156, 2.125, 2.37, 3.537, 2.808, 3.469, 3.52, 2.502, 2.714, 3.481, 4.264, 6.639, 8.57, 8.855, 9.445, 9.594, 9.098, 8.547, 8.661, 7.626, 5.341, 3.374, 3.512, 3.243, 3.148, 3.509, 3.761, 3.654, 3.713, 3.86, 3.594, 3.858, 3.666, 3.94, 3.897, 3.689, 5.026, 5.442, 5.282, 4.936, 4.246, 4.775, 4.453, 2.944, 2.783, 3.483, 3.254, 3.169, 4.188, 5.523, 6.286, 8.007, 8.835, 8.799, 7.421, 6.694, 5.569, 5.975, 5.58, 4.102, 3.263, 3.772, 4.765, 4.716, 3.429, 2.884, 3.12, 2.481, 1.905, 4.254, 5.996, 7.086, 7.669, 6.985, 5.983, 5.739, 5.091, 4.026, 3.405, 2.969, 2.333, 2.709, 2.619, 2.611, 2.335, 3.568, 6.535, 8.997, 9.608, 10.306, 11.173, 10.902, 9.623, 8.309, 7.79, 8.008, 8.148, 7.597, 9.38, 12.059, 13.498, 13.546, 14.902, 16.52, 16.881, 17.406, 17.395, 15.661, 14.895, 15.359, 15.663, 15.806, 15.562, 16.109, 17.162, 17.997, 18.3, 18.591, 20.834, 22.015, 21.997, 21.552, 21.046, 19.647, 18.292, 15.775, 12.23, 10.288, 10.547, 9.439, 6.593, 4.635, 5.651, 5.406, 5.48, 7.05, 8.117, 9.418, 9.105, 7.803, 7.099, 6.416, 5.759, 5.236, 5.884, 7.431, 8.976, 9.252, 8.911, 9.248, 11.24, 11.697, 12.23, 13.849, 15.517, 16.144, 16.661, 16.606, 14.839, 12.617, 12.962, 13.899, 14.052, 13.594, 12.648, 15.546, 17.504, 18.082], [3.074, 3.626, 4.267, 4.926, 5.249, 4.446, 5.068, 5.341, 5.054, 4.804, 4.399, 3.065, 2.099, 1.957, 1.819, 0.0, 1.174, 2.016, 2.326, 1.925, 1.789, 1.82, 2.616, 3.474, 3.124, 2.254, 2.248, 3.478, 3.885, 2.743, 3.256, 3.692, 3.714, 3.79, 3.176, 2.831, 2.216, 2.338, 2.6, 3.156, 2.49, 2.301, 2.357, 2.328, 2.212, 2.802, 3.738, 5.073, 4.4, 3.498, 3.844, 3.116, 2.283, 2.704, 4.026, 3.74, 3.666, 3.97, 3.983, 3.627, 2.552, 2.483, 2.308, 2.291, 3.126, 3.891, 3.501, 3.824, 4.059, 2.801, 3.068, 4.135, 4.624, 6.727, 8.61, 8.901, 9.502, 9.676, 9.135, 8.594, 8.74, 7.654, 5.333, 3.431, 3.888, 3.901, 4.046, 4.3, 4.421, 4.305, 4.08, 4.21, 4.445, 4.69, 4.4, 4.596, 4.792, 4.388, 5.516, 6.076, 5.507, 5.286, 5.015, 5.288, 4.405, 3.437, 3.469, 3.672, 3.582, 3.646, 4.402, 6.04, 6.611, 8.271, 8.939, 8.965, 7.604, 6.894, 5.693, 6.138, 5.931, 4.04, 2.644, 4.037, 5.077, 4.875, 3.034, 2.339, 2.749, 2.415, 2.499, 4.457, 6.271, 7.292, 7.791, 7.312, 6.411, 6.052, 5.192, 3.927, 2.827, 2.122, 1.69, 2.071, 1.947, 2.437, 2.388, 3.498, 6.695, 9.067, 9.695, 10.392, 11.267, 10.965, 9.688, 8.365, 7.851, 8.039, 8.182, 7.6, 9.388, 12.103, 13.519, 13.56, 14.935, 16.554, 16.909, 17.446, 17.426, 15.673, 14.926, 15.37, 15.677, 15.807, 15.531, 16.081, 17.138, 17.971, 18.308, 18.565, 20.905, 22.031, 22.046, 21.567, 21.033, 19.659, 18.263, 15.833, 12.466, 10.385, 10.641, 9.61, 6.814, 5.198, 6.226, 5.639, 5.918, 7.573, 8.316, 9.504, 9.163, 7.955, 7.416, 6.82, 6.446, 5.909, 6.773, 8.304, 9.617, 9.57, 8.972, 9.263, 11.191, 11.783, 12.382, 13.892, 15.512, 16.141, 16.671, 16.607, 14.836, 12.683, 12.985, 13.927, 14.175, 13.676, 12.642, 15.545, 17.507, 18.124], [3.401, 3.541, 4.343, 4.959, 4.759, 4.48, 5.259, 5.447, 5.184, 4.981, 4.524, 3.313, 2.104, 2.021, 2.203, 1.174, 0.0, 1.593, 1.969, 1.744, 1.973, 1.785, 2.836, 3.614, 3.149, 2.381, 2.575, 3.877, 4.246, 3.139, 3.607, 3.824, 3.902, 3.929, 3.209, 2.756, 2.163, 2.043, 2.78, 3.407, 2.918, 2.211, 2.254, 2.476, 2.872, 3.466, 4.204, 5.514, 4.743, 3.71, 4.202, 3.596, 2.399, 3.149, 4.45, 3.815, 3.653, 4.094, 4.198, 3.991, 3.007, 2.468, 2.119, 2.217, 2.853, 3.404, 3.217, 3.372, 3.619, 2.418, 2.752, 3.867, 4.347, 6.213, 8.099, 8.49, 9.009, 9.332, 8.799, 8.218, 8.239, 7.141, 4.773, 3.139, 3.782, 4.005, 4.506, 4.732, 4.809, 4.609, 4.247, 4.372, 4.539, 4.637, 4.955, 5.128, 5.34, 4.738, 5.647, 6.094, 5.565, 5.207, 5.195, 5.009, 4.211, 3.469, 3.309, 3.335, 3.32, 3.435, 3.967, 5.634, 6.049, 7.7, 8.364, 8.376, 7.176, 6.455, 5.165, 5.592, 5.361, 3.631, 2.233, 3.607, 4.574, 4.374, 2.926, 2.333, 2.598, 2.05, 2.354, 3.984, 5.728, 6.699, 7.301, 6.83, 5.954, 5.482, 4.706, 3.523, 2.495, 2.176, 1.703, 1.924, 1.882, 2.208, 2.242, 3.027, 6.141, 8.524, 9.134, 9.832, 10.699, 10.425, 9.163, 7.779, 7.352, 7.583, 7.635, 7.101, 9.05, 11.709, 13.054, 13.176, 14.605, 16.156, 16.413, 16.977, 16.926, 15.206, 14.404, 14.86, 15.198, 15.332, 15.23, 15.729, 16.615, 17.458, 17.759, 18.097, 20.509, 21.614, 21.573, 21.094, 20.559, 19.287, 17.977, 15.507, 12.101, 10.062, 10.364, 9.226, 6.373, 4.933, 5.843, 5.285, 5.809, 7.467, 7.972, 9.202, 9.018, 7.81, 7.431, 6.874, 6.546, 5.957, 7.103, 8.495, 9.719, 9.559, 8.859, 9.123, 11.106, 11.541, 12.045, 13.502, 15.021, 15.649, 16.222, 16.128, 14.405, 12.321, 12.488, 13.642, 13.775, 13.165, 12.189, 15.007, 16.963, 17.581], [3.478, 2.742, 3.703, 4.159, 4.073, 3.832, 4.646, 4.707, 4.588, 4.369, 3.744, 2.844, 2.103, 1.844, 2.299, 2.016, 1.593, 0.0, 1.307, 1.881, 2.489, 2.542, 3.767, 4.343, 3.849, 2.593, 3.027, 4.658, 5.041, 3.836, 4.197, 4.681, 4.433, 4.748, 3.977, 3.614, 2.82, 2.793, 3.63, 3.932, 3.122, 2.325, 2.583, 3.105, 3.425, 3.788, 5.139, 6.455, 5.461, 3.991, 3.951, 3.278, 2.271, 3.601, 5.236, 4.671, 4.463, 4.805, 4.755, 4.088, 3.18, 2.357, 2.104, 2.202, 2.118, 2.632, 2.271, 2.383, 2.574, 1.861, 1.946, 3.098, 3.236, 5.029, 7.012, 7.515, 8.024, 8.585, 8.041, 7.384, 7.401, 6.227, 3.745, 2.695, 3.249, 3.383, 4.098, 4.217, 4.158, 3.887, 3.549, 3.595, 3.834, 3.807, 4.529, 4.638, 4.864, 4.153, 4.891, 5.265, 4.715, 4.405, 4.372, 4.109, 3.157, 2.777, 2.448, 2.606, 2.558, 2.628, 3.104, 4.781, 5.15, 6.792, 7.437, 7.579, 6.359, 5.705, 4.397, 4.95, 4.691, 3.152, 2.18, 3.104, 3.929, 3.854, 2.627, 2.389, 2.366, 1.793, 1.786, 3.147, 4.93, 5.877, 6.442, 6.084, 5.131, 4.604, 3.86, 3.079, 2.49, 2.993, 2.091, 1.53, 1.684, 1.675, 1.868, 2.491, 5.083, 7.347, 7.987, 8.65, 9.603, 9.423, 8.129, 6.684, 6.419, 6.73, 6.685, 6.248, 8.202, 11.022, 12.353, 12.458, 13.908, 15.473, 15.666, 16.306, 16.221, 14.387, 13.428, 14.006, 14.456, 14.655, 14.449, 14.893, 15.758, 16.562, 16.813, 17.232, 19.842, 20.897, 20.785, 20.306, 19.779, 18.554, 17.287, 14.832, 11.408, 9.182, 9.523, 8.504, 5.46, 4.026, 4.988, 4.524, 4.901, 6.531, 7.117, 8.33, 8.256, 6.984, 6.39, 6.081, 5.721, 5.308, 6.396, 7.729, 8.797, 8.549, 7.989, 8.329, 10.379, 10.827, 11.367, 12.833, 14.122, 14.789, 15.479, 15.411, 13.516, 11.516, 11.639, 12.835, 13.093, 12.512, 11.403, 14.219, 16.079, 16.636], [3.701, 2.229, 3.259, 3.96, 3.708, 3.416, 4.141, 4.212, 4.006, 3.729, 3.304, 2.455, 2.091, 1.688, 2.312, 2.326, 1.969, 1.307, 0.0, 1.704, 2.443, 2.559, 3.708, 4.36, 3.969, 2.438, 3.21, 4.848, 5.289, 4.058, 4.497, 4.611, 4.575, 4.517, 4.069, 3.608, 2.806, 2.658, 3.792, 4.216, 3.446, 2.23, 2.477, 3.188, 3.564, 4.016, 5.337, 6.652, 5.652, 4.223, 3.779, 2.997, 2.2, 3.669, 5.471, 4.523, 4.468, 4.821, 5.049, 4.217, 3.362, 2.171, 2.144, 2.438, 1.258, 1.831, 1.538, 1.93, 2.017, 1.288, 1.259, 2.22, 2.797, 4.75, 6.868, 7.295, 7.833, 8.352, 7.803, 7.04, 7.162, 5.949, 3.46, 2.136, 2.607, 2.757, 3.809, 3.95, 3.767, 3.492, 3.195, 3.205, 3.408, 3.385, 4.291, 4.534, 4.586, 3.659, 4.624, 5.019, 4.45, 3.987, 3.9, 3.576, 3.03, 2.261, 2.068, 2.103, 2.079, 2.168, 2.701, 4.009, 4.816, 6.33, 7.032, 7.056, 5.683, 5.082, 3.937, 4.348, 4.102, 2.998, 2.297, 2.611, 3.453, 3.341, 2.119, 2.444, 2.101, 1.963, 1.325, 2.455, 4.372, 5.308, 5.901, 5.42, 4.572, 4.107, 3.369, 2.506, 2.623, 3.085, 2.184, 1.898, 2.042, 1.729, 1.325, 1.899, 4.737, 7.139, 7.783, 8.427, 9.364, 9.133, 7.882, 6.444, 6.097, 6.275, 6.385, 5.922, 7.955, 10.795, 12.021, 12.15, 13.496, 15.062, 15.279, 15.93, 15.834, 14.046, 13.272, 13.691, 14.085, 14.259, 14.123, 14.618, 15.505, 16.283, 16.588, 16.876, 19.411, 20.466, 20.486, 20.007, 19.498, 18.296, 16.898, 14.571, 11.178, 9.08, 9.418, 8.351, 5.23, 3.689, 4.579, 4.173, 4.561, 6.179, 6.959, 8.239, 8.217, 6.915, 6.326, 5.8, 5.343, 4.759, 5.88, 7.306, 8.57, 8.479, 7.937, 8.302, 10.365, 10.79, 11.201, 12.592, 13.866, 14.456, 15.02, 14.952, 13.09, 11.098, 11.181, 12.434, 12.673, 12.125, 11.004, 13.839, 15.767, 16.363], [3.467, 3.694, 4.67, 5.336, 4.93, 4.36, 5.374, 5.547, 4.936, 4.623, 4.186, 2.951, 2.229, 1.855, 2.325, 1.925, 1.744, 1.881, 1.704, 0.0, 1.267, 1.648, 2.769, 3.498, 3.081, 1.575, 2.317, 3.927, 4.309, 3.063, 3.577, 3.627, 3.64, 3.32, 2.641, 2.159, 1.783, 1.566, 2.829, 3.386, 2.62, 1.632, 1.648, 2.204, 2.751, 3.296, 4.39, 5.654, 4.746, 3.894, 4.035, 3.157, 2.149, 2.983, 4.554, 3.475, 3.013, 3.845, 4.147, 3.666, 2.544, 1.625, 1.605, 1.947, 1.587, 2.397, 2.428, 2.857, 2.561, 1.64, 2.084, 3.087, 4.313, 6.068, 8.112, 8.364, 8.972, 9.301, 8.809, 8.038, 8.14, 7.213, 4.76, 3.358, 3.864, 4.039, 4.757, 4.975, 4.995, 4.868, 4.525, 4.581, 4.803, 4.747, 5.496, 5.598, 5.712, 5.014, 6.058, 6.458, 5.917, 5.459, 5.135, 4.949, 4.366, 3.579, 3.23, 3.298, 3.27, 3.311, 3.931, 4.713, 5.588, 7.095, 8.021, 7.934, 6.515, 5.832, 4.921, 5.21, 4.668, 2.807, 1.749, 2.765, 3.923, 3.848, 1.842, 1.763, 1.468, 1.211, 1.7, 3.406, 5.069, 6.243, 6.881, 6.097, 4.929, 4.65, 4.063, 2.548, 1.683, 1.983, 1.592, 1.972, 1.698, 2.012, 1.878, 2.434, 5.609, 8.134, 8.772, 9.426, 10.352, 10.13, 8.844, 7.472, 7.075, 7.334, 7.395, 6.913, 8.904, 11.794, 12.979, 13.12, 14.422, 16.028, 16.272, 16.906, 16.821, 14.998, 14.25, 14.697, 15.072, 15.268, 15.025, 15.63, 16.492, 17.282, 17.59, 17.875, 20.4, 21.455, 21.493, 21.014, 20.499, 19.246, 17.814, 15.569, 12.194, 10.264, 10.573, 9.538, 6.41, 4.684, 5.572, 5.127, 5.668, 7.328, 8.223, 9.471, 9.57, 8.21, 7.796, 7.262, 6.744, 6.082, 7.181, 8.657, 9.967, 9.958, 9.358, 9.704, 11.747, 12.076, 12.442, 13.612, 14.867, 15.36, 16.019, 15.941, 14.025, 12.022, 12.155, 13.364, 13.641, 13.118, 12.011, 14.834, 16.774, 17.366], [3.536, 4.165, 5.307, 6.229, 5.662, 5.167, 6.021, 6.285, 5.64, 5.268, 4.932, 3.509, 2.754, 2.483, 2.479, 1.789, 1.973, 2.489, 2.443, 1.267, 0.0, 1.273, 2.323, 2.721, 2.288, 1.297, 1.66, 3.216, 3.572, 2.532, 2.759, 2.75, 2.84, 2.613, 1.8, 1.548, 1.281, 1.258, 2.319, 2.72, 2.023, 1.953, 1.957, 1.933, 2.233, 3.056, 3.843, 5.007, 4.315, 3.73, 4.089, 3.194, 2.279, 2.621, 3.861, 2.588, 2.197, 2.904, 3.191, 2.896, 1.797, 1.744, 1.893, 2.022, 2.296, 3.132, 3.107, 3.46, 3.194, 2.208, 2.635, 3.686, 4.857, 6.825, 8.922, 9.314, 9.863, 10.228, 9.737, 8.926, 8.999, 7.989, 5.455, 4.041, 4.647, 4.627, 4.968, 5.138, 5.387, 5.293, 5.173, 5.242, 5.387, 5.385, 5.734, 5.858, 5.956, 5.443, 6.751, 7.196, 6.744, 6.263, 5.643, 5.698, 5.197, 4.294, 4.097, 4.205, 4.182, 4.141, 4.841, 5.474, 6.351, 7.861, 8.727, 8.641, 7.357, 6.75, 5.647, 6.04, 5.43, 3.769, 2.402, 3.772, 4.661, 4.525, 2.188, 1.829, 1.583, 1.506, 2.334, 4.214, 5.894, 6.959, 7.786, 7.011, 5.86, 5.392, 5.015, 3.338, 1.991, 1.555, 1.608, 2.381, 2.2, 2.379, 2.459, 3.034, 6.293, 8.857, 9.485, 10.153, 11.079, 10.843, 9.574, 8.174, 7.943, 8.24, 8.144, 7.706, 9.868, 12.716, 13.869, 14.007, 15.389, 16.926, 17.06, 17.728, 17.594, 15.926, 15.002, 15.43, 15.913, 16.08, 16.007, 16.565, 17.233, 18.04, 18.311, 18.718, 21.273, 22.305, 22.164, 21.685, 21.164, 20.143, 18.779, 16.471, 13.125, 11.141, 11.48, 10.438, 7.087, 5.47, 6.364, 6.019, 6.512, 8.165, 9.152, 10.367, 10.46, 9.104, 8.607, 8.056, 7.429, 6.843, 7.682, 9.294, 10.708, 10.767, 10.257, 10.62, 12.641, 12.94, 13.281, 14.496, 15.731, 16.312, 16.895, 16.79, 15.028, 12.99, 12.998, 14.323, 14.543, 13.876, 12.807, 15.584, 17.446, 18.086], [3.32, 4.124, 5.085, 6.148, 5.917, 4.923, 5.714, 5.961, 5.344, 4.914, 4.504, 3.278, 2.406, 2.322, 2.359, 1.82, 1.785, 2.542, 2.559, 1.648, 1.273, 0.0, 1.529, 2.32, 2.26, 1.548, 1.703, 2.728, 3.138, 2.266, 2.417, 2.557, 2.79, 2.574, 1.964, 1.718, 1.162, 1.161, 1.604, 2.374, 2.031, 1.85, 1.849, 1.792, 2.155, 3.029, 3.38, 4.549, 3.89, 3.247, 3.892, 3.125, 2.134, 2.425, 3.367, 2.401, 2.416, 2.784, 2.968, 2.971, 1.969, 1.854, 1.79, 1.826, 2.455, 3.615, 3.163, 3.788, 3.553, 2.641, 2.995, 3.816, 4.909, 7.068, 9.047, 9.421, 9.966, 10.387, 9.851, 9.196, 9.29, 8.207, 5.852, 4.105, 4.528, 4.406, 4.662, 4.82, 5.225, 5.168, 4.948, 5.084, 5.15, 5.151, 5.593, 5.622, 5.683, 5.252, 6.45, 6.887, 6.588, 6.036, 5.442, 5.439, 5.119, 3.996, 3.867, 4.068, 4.046, 3.991, 4.768, 5.728, 6.617, 8.378, 9.264, 9.158, 7.74, 7.016, 5.944, 6.446, 5.906, 4.2, 2.989, 4.207, 5.192, 5.093, 2.632, 1.856, 2.004, 1.802, 2.101, 4.528, 6.241, 7.435, 8.207, 7.41, 6.227, 5.894, 5.289, 3.797, 2.34, 1.37, 1.337, 2.176, 2.103, 2.394, 2.425, 3.507, 6.855, 9.417, 10.041, 10.704, 11.618, 11.399, 10.125, 8.724, 8.264, 8.593, 8.593, 8.094, 10.096, 12.834, 14.18, 14.263, 15.716, 17.281, 17.575, 18.14, 18.108, 16.338, 15.491, 15.953, 16.349, 16.475, 16.308, 16.774, 17.723, 18.572, 18.861, 19.143, 21.659, 22.757, 22.681, 22.202, 21.676, 20.37, 19.066, 16.635, 13.205, 11.235, 11.568, 10.5, 7.233, 5.296, 6.173, 6.034, 6.387, 7.978, 9.111, 10.457, 10.435, 9.082, 8.423, 7.824, 7.107, 6.535, 7.436, 8.999, 10.392, 10.601, 10.133, 10.492, 12.601, 12.953, 13.363, 14.651, 16.033, 16.647, 17.274, 17.199, 15.377, 13.348, 13.403, 14.614, 14.889, 14.357, 13.211, 16.068, 18.008, 18.649], [3.225, 4.703, 5.862, 7.139, 7.187, 5.854, 6.128, 6.549, 5.916, 5.126, 4.866, 3.567, 3.083, 3.172, 2.689, 2.616, 2.836, 3.767, 3.708, 2.769, 2.323, 1.529, 0.0, 1.675, 1.683, 2.063, 1.909, 1.809, 2.388, 2.573, 2.129, 1.996, 2.216, 1.967, 2.135, 2.188, 2.057, 2.014, 1.371, 2.048, 1.984, 2.325, 2.413, 1.974, 1.969, 2.821, 2.436, 3.395, 2.901, 2.867, 3.631, 3.051, 2.58, 2.708, 2.854, 2.175, 2.698, 2.491, 2.286, 2.473, 1.968, 2.364, 2.265, 2.208, 3.543, 4.974, 4.366, 4.916, 4.745, 3.956, 4.336, 4.985, 5.907, 8.375, 10.37, 10.688, 11.293, 11.508, 11.067, 10.427, 10.52, 9.513, 7.147, 5.371, 5.537, 5.12, 4.405, 4.711, 5.512, 5.483, 5.694, 5.8, 5.592, 5.956, 6.016, 5.805, 5.559, 5.487, 6.921, 7.363, 7.488, 6.709, 5.847, 6.452, 6.305, 4.736, 4.697, 5.272, 5.183, 5.132, 5.851, 6.948, 7.921, 9.728, 10.614, 10.508, 9.046, 8.279, 7.29, 7.723, 7.207, 5.391, 4.239, 5.385, 6.462, 6.397, 3.759, 2.631, 2.989, 2.787, 3.088, 5.726, 7.532, 8.785, 9.489, 8.676, 7.504, 7.239, 6.578, 4.938, 3.273, 1.983, 2.424, 3.319, 3.159, 3.485, 3.514, 4.816, 8.205, 10.767, 11.409, 12.062, 12.97, 12.75, 11.475, 10.074, 9.577, 9.848, 9.943, 9.455, 11.27, 14.026, 15.463, 15.532, 16.831, 18.504, 18.84, 19.388, 19.345, 17.612, 16.816, 17.284, 17.605, 17.712, 17.475, 18.019, 19.067, 19.902, 20.213, 20.493, 22.816, 23.948, 24.043, 23.563, 23.023, 21.674, 20.214, 17.784, 14.311, 12.37, 12.674, 11.596, 8.354, 6.248, 7.233, 7.092, 7.318, 8.732, 10.124, 11.546, 11.384, 10.092, 9.243, 8.383, 7.87, 7.061, 7.596, 9.282, 10.917, 11.385, 11.104, 11.387, 13.548, 14.037, 14.492, 15.876, 17.363, 17.934, 18.478, 18.423, 16.633, 14.527, 14.695, 15.837, 16.091, 15.579, 14.561, 17.382, 19.358, 19.998], [3.814, 5.439, 6.744, 8.086, 7.924, 6.86, 7.268, 7.698, 7.07, 6.205, 6.013, 4.716, 4.116, 4.182, 3.672, 3.474, 3.614, 4.343, 4.36, 3.498, 2.721, 2.32, 1.675, 0.0, 1.355, 2.491, 2.215, 1.921, 2.448, 3.009, 2.422, 2.155, 2.428, 1.885, 2.117, 2.215, 2.545, 2.382, 1.714, 2.382, 2.56, 3.463, 3.562, 2.728, 2.746, 3.464, 2.848, 3.474, 3.289, 3.323, 3.89, 3.285, 3.386, 2.902, 2.19, 1.71, 2.558, 2.278, 2.402, 2.78, 2.435, 3.155, 3.129, 2.985, 4.332, 5.556, 4.964, 5.45, 5.427, 4.623, 4.912, 5.535, 6.447, 8.955, 11.028, 11.526, 12.052, 12.582, 12.042, 11.289, 11.365, 10.154, 7.692, 6.151, 6.54, 6.099, 4.965, 5.085, 6.307, 6.375, 6.651, 6.765, 6.574, 6.9, 7.086, 6.904, 6.34, 6.546, 8.04, 8.476, 8.533, 7.8, 6.743, 7.336, 7.081, 5.77, 5.783, 6.173, 6.073, 6.073, 6.7, 7.767, 8.643, 10.324, 11.189, 11.145, 9.808, 9.133, 7.997, 8.474, 7.932, 6.072, 4.762, 6.083, 7.099, 7.026, 4.478, 3.343, 3.604, 3.501, 3.998, 6.5, 8.277, 9.427, 10.184, 9.431, 8.235, 7.858, 7.293, 5.76, 4.02, 2.41, 2.896, 3.989, 3.993, 4.098, 4.193, 5.46, 8.809, 11.319, 11.954, 12.608, 13.532, 13.312, 12.03, 10.625, 10.31, 10.548, 10.545, 10.123, 12.188, 15.026, 16.269, 16.386, 17.79, 19.345, 19.543, 20.188, 20.099, 18.297, 17.425, 17.883, 18.337, 18.533, 18.382, 18.84, 19.665, 20.48, 20.775, 21.107, 23.717, 24.772, 24.665, 24.186, 23.66, 22.525, 21.177, 18.81, 15.409, 13.321, 13.677, 12.602, 9.028, 7.276, 8.114, 8.083, 8.307, 9.858, 11.15, 12.488, 12.407, 11.118, 10.322, 9.521, 8.934, 8.173, 8.591, 10.256, 12.04, 12.483, 12.087, 12.422, 14.559, 15.037, 15.463, 16.817, 18.062, 18.675, 19.325, 19.258, 17.393, 15.392, 15.461, 16.725, 16.963, 16.389, 15.268, 18.097, 19.957, 20.551], [3.479, 4.818, 6.167, 7.59, 7.319, 6.443, 6.775, 7.269, 6.688, 5.893, 5.664, 4.416, 3.783, 3.815, 3.173, 3.124, 3.149, 3.849, 3.969, 3.081, 2.288, 2.26, 1.683, 1.355, 0.0, 1.918, 2.105, 2.158, 2.74, 3.369, 2.685, 2.234, 2.358, 1.913, 2.232, 2.268, 2.321, 2.291, 2.012, 2.333, 2.468, 3.239, 3.247, 2.602, 2.439, 3.072, 2.84, 3.756, 3.23, 3.27, 3.79, 3.167, 3.158, 3.236, 2.828, 2.069, 2.644, 2.58, 2.637, 2.664, 2.203, 2.782, 2.844, 2.611, 3.89, 4.972, 4.374, 4.995, 4.86, 4.051, 4.156, 4.971, 5.902, 8.3, 10.579, 11.034, 11.534, 12.0, 11.467, 10.628, 10.705, 9.612, 7.098, 5.705, 6.178, 5.777, 4.783, 4.825, 5.771, 5.873, 6.194, 6.251, 6.132, 6.428, 6.581, 6.308, 5.87, 6.059, 7.509, 7.927, 8.1, 7.357, 6.363, 7.012, 6.827, 5.446, 5.377, 5.89, 5.812, 5.822, 6.