[[0.0, 1.403, 1.571, 2.645, 2.337, 2.313, 2.115, 2.188, 2.368, 4.025, 4.255, 3.59, 3.687, 4.16, 6.697, 8.123, 5.932, 5.87, 8.481, 16.236, 20.843, 21.905, 22.148, 23.828, 28.724, 30.699, 30.807, 30.292, 28.374, 28.052, 26.871, 26.211, 25.437, 26.482, 26.885, 25.827, 24.648, 24.368, 22.291, 20.67, 16.766, 10.675, 8.617, 7.318, 5.131, 5.098, 4.285, 5.061, 5.748, 8.813, 10.882, 12.002, 10.998, 11.147, 11.952, 12.511, 12.051, 13.116, 15.914, 14.974, 15.258, 18.386, 18.895, 18.903, 18.054, 16.431, 16.572, 16.444, 17.442, 16.449, 14.665, 14.654, 15.05, 15.595, 15.029, 13.651, 14.01, 13.929, 14.422, 15.205, 15.863, 18.116, 17.505, 15.176, 16.044, 16.542, 15.271, 15.742, 14.539, 13.382, 14.439, 15.488, 16.64, 18.583, 19.177, 17.894, 16.265, 13.697, 11.987], [1.403, 0.0, 1.146, 2.057, 1.97, 2.195, 2.026, 1.947, 2.761, 4.415, 4.663, 4.149, 4.097, 4.482, 6.997, 8.311, 6.286, 6.18, 8.844, 16.622, 21.192, 22.255, 22.479, 24.159, 29.051, 31.02, 31.159, 30.613, 28.721, 28.372, 27.192, 26.48, 25.776, 26.812, 27.205, 26.147, 24.997, 24.722, 22.575, 20.972, 17.126, 11.043, 8.859, 7.51, 5.378, 5.227, 4.476, 5.208, 6.097, 9.184, 11.241, 12.365, 11.274, 11.494, 12.291, 12.832, 12.407, 13.429, 16.236, 15.372, 15.567, 18.71, 19.266, 19.261, 18.387, 16.7, 16.917, 16.825, 17.766, 16.776, 14.966, 14.999, 15.417, 15.946, 15.383, 14.028, 14.354, 14.26, 14.809, 15.575, 16.169, 18.5, 17.848, 15.444, 16.405, 16.869, 15.607, 16.04, 14.835, 13.766, 14.779, 15.853, 16.974, 18.916, 19.497, 18.236, 16.655, 14.119, 12.301], [1.571, 1.146, 0.0, 1.858, 1.766, 1.901, 1.661, 1.788, 2.371, 4.514, 4.793, 4.23, 4.232, 4.517, 7.008, 8.361, 6.279, 6.308, 8.934, 16.77, 21.373, 22.42, 22.622, 24.312, 29.224, 31.178, 31.28, 30.762, 28.847, 28.539, 27.349, 26.646, 25.955, 26.963, 27.36, 26.3, 25.124, 24.914, 22.747, 21.107, 17.264, 10.826, 8.274, 6.99, 4.904, 4.789, 4.45, 4.804, 6.002, 9.332, 11.303, 12.534, 11.441, 11.656, 12.453, 12.904, 12.367, 13.574, 16.184, 15.441, 15.762, 18.902, 19.422, 19.357, 18.525, 16.819, 17.047, 16.916, 17.912, 16.949, 15.104, 15.148, 15.6, 16.125, 15.51, 14.207, 14.531, 14.406, 14.924, 15.765, 16.362, 18.679, 18.005, 15.565, 16.547, 17.022, 15.764, 16.206, 14.916, 13.89, 14.923, 16.024, 17.113, 19.096, 19.646, 18.359, 16.838, 14.17, 12.382], [2.645, 2.057, 1.858, 0.0, 1.13, 1.397, 1.658, 2.499, 3.621, 5.941, 6.139, 5.297, 5.0, 5.912, 8.659, 9.837, 7.855, 7.646, 10.438, 18.367, 22.949, 24.001, 24.088, 25.779, 30.638, 32.571, 32.792, 32.122, 30.376, 29.921, 28.709, 27.988, 27.485, 28.329, 28.756, 27.776, 26.677, 26.467, 24.224, 22.609, 18.781, 12.216, 9.198, 8.104, 6.031, 5.9, 5.743, 5.546, 7.478, 10.932, 12.644, 14.105, 12.947, 13.231, 13.97, 14.314, 13.542, 14.827, 17.397, 16.815, 17.255, 20.441, 20.958, 20.908, 19.968, 18.177, 18.529, 18.426, 19.28, 18.39, 16.59, 16.62, 17.189, 17.715, 16.992, 15.8, 16.104, 15.844, 16.49, 17.334, 17.854, 20.273, 19.624, 17.021, 18.051, 18.448, 17.285, 17.637, 16.211, 15.469, 16.399, 17.623, 18.617, 20.585, 21.016, 19.857, 18.414, 15.75, 13.865], [2.337, 1.97, 1.766, 1.13, 0.0, 1.347, 1.456, 2.244, 3.243, 5.648, 5.872, 5.047, 4.79, 5.628, 8.414, 9.605, 7.593, 7.349, 10.041, 17.971, 22.552, 23.604, 23.694, 25.398, 30.27, 32.185, 32.403, 31.726, 29.977, 29.554, 28.33, 27.598, 27.086, 27.957, 28.38, 27.375, 26.276, 26.07, 23.827, 22.212, 18.378, 11.831, 8.801, 7.786, 5.774, 5.632, 5.403, 5.456, 7.141, 10.535, 12.233, 13.696, 12.541, 12.832, 13.542, 13.868, 13.229, 14.477, 17.071, 16.416, 16.818, 20.034, 20.513, 20.521, 19.531, 17.779, 18.112, 18.039, 18.889, 18.015, 16.189, 16.22, 16.79, 17.318, 16.595, 15.403, 15.707, 15.453, 16.093, 16.893, 17.457, 19.876, 19.227, 16.624, 17.65, 18.054, 16.888, 17.269, 15.853, 15.072, 15.974, 17.226, 18.22, 20.19, 20.61, 19.468, 18.016, 15.351, 13.469], [2.313, 2.195, 1.901, 1.397, 1.347, 0.0, 1.283, 2.408, 3.482, 5.766, 5.822, 4.883, 4.516, 5.781, 8.608, 9.923, 7.779, 7.529, 10.318, 18.212, 22.783, 23.838, 23.919, 25.611, 30.478, 32.42, 32.647, 31.978, 30.205, 29.779, 28.553, 27.856, 27.314, 28.192, 28.588, 27.605, 26.507, 26.304, 24.137, 22.499, 18.65, 12.134, 9.396, 8.229, 6.08, 6.066, 5.772, 5.901, 7.362, 10.791, 12.81, 13.984, 12.95, 13.085, 13.991, 14.447, 13.834, 15.083, 17.676, 16.972, 17.287, 20.427, 20.942, 20.794, 20.043, 18.099, 18.355, 18.281, 19.141, 18.222, 16.435, 16.46, 17.076, 17.548, 16.846, 15.629, 15.933, 15.702, 16.329, 17.259, 17.88, 20.102, 19.485, 17.0, 17.88, 18.303, 17.117, 17.489, 16.252, 15.39, 16.461, 17.472, 18.446, 20.414, 20.872, 19.712, 18.254, 15.6, 13.81], [2.115, 2.026, 1.661, 1.658, 1.456, 1.283, 0.0, 1.769, 2.647, 4.968, 5.268, 4.316, 4.106, 5.218, 8.076, 9.397, 7.224, 6.91, 9.646, 17.522, 22.078, 23.148, 23.122, 24.772, 29.577, 31.532, 31.856, 31.075, 29.445, 28.894, 27.698, 27.063, 26.566, 27.46, 27.741, 26.857, 25.74, 25.586, 23.506, 21.851, 17.968, 11.501, 8.951, 7.651, 5.562, 5.64, 5.302, 5.509, 6.713, 10.148, 12.278, 13.329, 12.327, 12.423, 13.386, 13.904, 13.378, 14.54, 17.186, 16.382, 16.706, 19.789, 20.306, 20.113, 19.479, 17.402, 17.603, 17.527, 18.248, 17.383, 15.737, 15.774, 16.43, 16.829, 16.169, 14.91, 15.209, 14.842, 15.629, 16.614, 17.26, 19.368, 18.829, 16.454, 17.121, 17.449, 16.426, 16.6, 15.621, 14.752, 15.839, 16.798, 17.73, 19.658, 19.949, 18.934, 17.587, 14.923, 13.246], [2.188, 1.947, 1.788, 2.499, 2.244, 2.408, 1.769, 0.0, 1.87, 4.247, 4.69, 3.973, 4.058, 4.902, 7.354, 8.538, 6.59, 6.48, 8.707, 16.535, 21.068, 22.14, 22.065, 23.735, 28.527, 30.486, 30.813, 29.987, 28.415, 27.807, 26.638, 25.977, 25.555, 26.453, 26.681, 25.847, 24.712, 24.567, 22.493, 20.842, 16.961, 10.377, 8.027, 6.778, 4.867, 4.865, 4.496, 4.882, 6.098, 9.136, 11.167, 12.335, 11.306, 11.394, 12.347, 12.883, 12.291, 13.439, 16.043, 15.328, 15.644, 18.783, 19.299, 19.093, 18.4, 16.391, 16.59, 16.473, 17.091, 16.323, 14.73, 14.772, 15.425, 15.812, 15.159, 13.887, 14.196, 13.774, 14.622, 15.609, 16.236, 18.345, 17.822, 15.357, 16.113, 16.389, 15.415, 15.592, 14.527, 13.747, 14.818, 15.804, 16.719, 18.65, 18.882, 17.842, 16.573, 13.874, 12.137], [2.368, 2.761, 2.371, 3.621, 3.243, 3.482, 2.647, 1.87, 0.0, 3.25, 3.971, 3.617, 3.716, 4.078, 5.782, 7.011, 5.443, 5.662, 7.135, 15.001, 19.553, 20.62, 20.548, 22.247, 27.097, 29.036, 29.267, 28.522, 26.869, 26.383, 25.158, 24.55, 24.006, 24.932, 25.223, 24.321, 23.161, 23.019, 20.992, 19.338, 15.442, 9.037, 6.836, 5.642, 3.858, 3.819, 3.176, 3.777, 4.396, 7.622, 9.79, 10.807, 9.81, 9.905, 10.873, 11.439, 10.922, 12.046, 14.711, 13.887, 14.188, 17.275, 17.793, 17.604, 16.983, 14.892, 15.04, 14.966, 15.664, 14.854, 13.22, 13.25, 13.905, 14.281, 13.645, 12.336, 12.65, 12.302, 13.083, 14.098, 14.745, 16.805, 16.314, 13.967, 14.602, 14.911, 13.901, 14.172, 13.134, 12.246, 13.325, 14.28, 15.17, 17.116, 17.442, 16.391, 15.062, 12.431, 10.756], [4.025, 4.415, 4.514, 5.941, 5.648, 5.766, 4.968, 4.247, 3.25, 0.0, 1.695, 2.527, 2.981, 2.611, 3.328, 4.888, 3.012, 3.611, 4.902, 12.667, 17.293, 18.273, 18.212, 19.857, 24.734, 26.705, 26.997, 26.284, 24.552, 24.062, 22.87, 22.504, 21.651, 22.709, 22.873, 21.995, 20.808, 20.663, 18.847, 17.183, 13.147, 8.091, 6.918, 6.03, 4.89, 4.352, 3.796, 4.577, 3.51, 5.583, 7.888, 8.618, 7.675, 7.799, 8.823, 9.527, 9.136, 10.095, 13.029, 12.063, 12.097, 15.091, 15.646, 15.526, 14.977, 12.841, 12.783, 12.703, 13.485, 12.464, 11.012, 11.012, 11.655, 12.045, 11.32, 9.984, 10.294, 9.991, 10.756, 11.906, 12.602, 14.561, 14.143, 11.963, 12.259, 12.592, 11.595, 12.02, 11.227, 10.372, 11.407, 12.093, 12.908, 14.823, 15.233, 14.192, 12.808, 10.451, 8.816], [4.255, 4.663, 4.793, 6.139, 5.872, 5.822, 5.268, 4.69, 3.971, 1.695, 0.0, 1.848, 2.943, 2.345, 3.371, 4.451, 2.702, 3.143, 4.844, 12.707, 17.285, 18.34, 18.274, 19.989, 24.88, 26.795, 26.962, 26.368, 24.564, 24.099, 22.967, 22.432, 21.718, 22.738, 23.021, 22.07, 20.88, 20.731, 18.749, 17.088, 13.168, 8.293, 7.548, 6.805, 6.011, 5.397, 4.965, 5.666, 4.463, 5.643, 7.797, 8.557, 7.561, 7.691, 8.641, 9.319, 8.958, 10.023, 12.945, 12.07, 11.957, 15.025, 15.555, 15.339, 14.763, 12.728, 12.814, 12.636, 13.493, 12.615, 10.989, 11.038, 11.648, 11.989, 11.39, 10.04, 10.362, 10.009, 10.795, 11.844, 12.495, 14.517, 14.058, 11.761, 12.345, 12.655, 11.704, 11.994, 11.13, 10.357, 11.465, 12.033, 12.894, 14.837, 15.268, 14.076, 12.791, 10.253, 8.757], [3.59, 4.149, 4.23, 5.297, 5.047, 4.883, 4.316, 3.973, 3.617, 2.527, 1.848, 0.0, 2.022, 2.445, 4.348, 5.571, 3.39, 3.177, 6.176, 14.049, 18.606, 19.678, 19.619, 21.325, 26.19, 28.105, 28.351, 27.648, 25.953, 25.419, 24.257, 23.563, 23.093, 23.995, 24.302, 23.384, 22.253, 22.105, 19.983, 18.327, 14.499, 9.635, 8.727, 7.91, 6.842, 6.386, 5.641, 6.52, 5.428, 6.936, 9.089, 9.834, 8.807, 8.945, 9.88, 10.605, 10.246, 11.318, 14.236, 13.389, 13.214, 16.288, 16.813, 16.592, 16.015, 13.907, 14.143, 14.01, 14.709, 13.935, 12.239, 12.293, 12.938, 13.35, 12.696, 11.425, 11.734, 11.355, 12.159, 13.11, 13.728, 15.883, 15.323, 13.028, 13.651, 13.976, 13.024, 13.232, 12.39, 11.668, 12.751, 13.331, 14.257, 16.188, 16.485, 15.379, 14.11, 11.586, 10.053], [3.687, 4.097, 4.232, 5.0, 4.79, 4.516, 4.106, 4.058, 3.716, 2.981, 2.943, 2.022, 0.0, 2.05, 4.884, 6.622, 3.976, 3.498, 7.031, 14.79, 19.389, 20.406, 20.282, 21.952, 26.79, 28.72, 29.016, 28.298, 26.609, 26.039, 24.907, 24.482, 23.758, 24.731, 24.93, 24.091, 22.904, 22.774, 21.01, 19.437, 15.244, 10.503, 9.142, 8.172, 6.941, 6.634, 5.735, 6.649, 5.911, 8.139, 10.579, 10.83, 10.232, 10.17, 11.368, 12.027, 11.748, 12.779, 15.726, 14.765, 14.594, 17.431, 18.195, 17.818, 17.545, 14.999, 15.025, 14.774, 15.45, 14.615, 13.152, 13.12, 13.756, 14.233, 13.488, 12.143, 12.433, 12.1, 12.91, 14.007, 14.897, 16.644, 16.442, 14.575, 14.507, 14.664, 13.837, 14.351, 13.904, 13.08, 14.046, 14.447, 15.041, 17.039, 17.201, 16.183, 15.174, 13.063, 11.481], [4.16, 4.482, 4.517, 5.912, 5.628, 5.781, 5.218, 4.902, 4.078, 2.611, 2.345, 2.445, 2.05, 0.0, 3.558, 5.306, 2.703, 2.474, 5.651, 13.378, 17.846, 18.929, 18.981, 20.651, 25.493, 27.409, 27.586, 26.949, 25.188, 24.761, 23.573, 23.006, 22.34, 23.29, 23.646, 22.665, 21.524, 21.37, 19.647, 18.1, 13.834, 10.19, 8.731, 7.722, 6.631, 6.095, 5.475, 6.237, 5.578, 7.282, 9.335, 9.471, 8.883, 8.934, 9.998, 10.753, 10.482, 11.571, 14.481, 13.688, 13.308, 16.058, 16.821, 16.432, 16.168, 13.699, 13.674, 13.482, 14.197, 13.417, 11.83, 11.722, 12.325, 12.881, 12.084, 10.795, 11.079, 10.902, 11.489, 12.542, 13.503, 15.283, 15.048, 13.247, 13.29, 13.449, 12.575, 13.223, 12.769, 11.89, 12.848, 13.112, 13.743, 15.843, 16.019, 14.797, 13.844, 11.806, 10.415], [6.697, 6.997, 7.008, 8.659, 8.414, 8.608, 8.076, 7.354, 5.782, 3.328, 3.371, 4.348, 4.884, 3.558, 0.0, 2.223, 1.604, 2.66, 2.589, 10.191, 14.812, 15.829, 15.931, 17.611, 22.501, 24.483, 24.626, 24.041, 22.187, 21.844, 20.632, 20.136, 19.289, 20.345, 20.67, 19.64, 18.459, 18.268, 16.455, 14.814, 10.92, 9.147, 8.355, 7.538, 6.546, 5.955, 5.601, 6.204, 4.839, 5.88, 6.353, 6.284, 5.81, 5.87, 6.742, 7.627, 7.386, 8.506, 11.393, 10.692, 10.422, 12.85, 13.51, 13.19, 12.847, 10.673, 10.615, 10.391, 11.243, 10.242, 8.649, 8.594, 9.159, 9.609, 8.963, 7.617, 7.894, 7.744, 8.376, 9.405, 10.213, 12.13, 11.739, 10.013, 9.96, 10.441, 9.814, 10.0, 9.647, 8.915, 9.814, 9.995, 10.56, 12.519, 13.001, 11.776, 10.457, 8.646, 7.627], [8.123, 8.311, 8.361, 9.837, 9.605, 9.923, 9.397, 8.538, 7.011, 4.888, 4.451, 5.571, 6.622, 5.306, 2.223, 0.0, 3.035, 4.197, 1.847, 9.007, 13.575, 14.635, 14.741, 16.447, 21.334, 23.25, 23.376, 22.821, 20.97, 20.556, 19.428, 18.715, 18.113, 19.073, 19.454, 18.45, 17.285, 17.092, 14.976, 13.355, 9.82, 7.825, 7.553, 7.0, 6.639, 6.078, 5.982, 6.33, 5.111, 4.892, 5.062, 4.992, 4.223, 4.5, 5.076, 5.959, 5.732, 6.882, 9.777, 9.128, 8.823, 11.431, 11.957, 11.581, 11.151, 9.243, 9.455, 9.169, 10.005, 9.075, 7.399, 7.335, 7.867, 8.365, 7.782, 6.496, 6.748, 6.502, 7.129, 8.038, 8.702, 10.897, 10.296, 8.364, 8.835, 9.371, 8.71, 8.673, 8.07, 7.353, 8.308, 8.652, 9.446, 11.404, 11.69, 10.439, 9.063, 7.206, 6.062], [5.932, 6.286, 6.279, 7.855, 7.593, 7.779, 7.224, 6.59, 5.443, 3.012, 2.702, 3.39, 3.976, 2.703, 1.604, 3.035, 0.0, 1.863, 3.573, 11.364, 15.876, 16.937, 16.949, 18.626, 23.453, 25.475, 25.717, 25.043, 23.275, 22.84, 21.627, 21.05, 20.352, 21.349, 21.647, 20.694, 19.547, 19.375, 17.411, 15.8, 11.819, 9.676, 9.07, 8.313, 7.299, 6.695, 6.144, 6.901, 5.572, 6.504, 7.129, 7.262, 6.647, 6.678, 7.716, 8.422, 8.165, 9.287, 12.168, 11.467, 11.12, 13.791, 14.543, 14.264, 13.893, 11.477, 11.591, 11.5, 12.24, 11.264, 9.596, 9.592, 10.24, 10.72, 10.026, 8.745, 9.052, 8.835, 9.521, 10.419, 11.251, 13.214, 12.805, 10.934, 11.02, 11.446, 10.536, 10.83, 10.319, 9.66, 10.583, 10.847, 11.615, 13.558, 13.982, 12.836, 11.603, 9.513, 8.336], [5.87, 6.18, 6.308, 7.646, 7.349, 7.529, 6.91, 6.48, 5.662, 3.611, 3.143, 3.177, 3.498, 2.474, 2.66, 4.197, 1.863, 0.0, 4.52, 11.776, 16.291, 17.327, 17.052, 18.743, 23.504, 25.547, 25.812, 25.093, 23.386, 22.924, 21.704, 21.573, 20.527, 21.742, 21.809, 20.981, 19.696, 19.529, 18.128, 16.598, 12.682, 10.806, 10.184, 9.374, 8.286, 7.691, 7.099, 7.888, 6.516, 7.591, 8.493, 8.267, 7.824, 8.011, 8.821, 9.723, 9.475, 10.612, 13.522, 12.857, 12.457, 14.908, 15.52, 15.119, 14.864, 12.641, 12.388, 12.023, 12.455, 11.422, 10.487, 10.206, 10.838, 11.377, 10.578, 9.159, 9.344, 9.085, 9.883, 11.086, 12.116, 13.677, 13.634, 12.073, 11.807, 11.856, 11.665, 11.901, 11.646, 11.041, 11.935, 12.087, 12.4, 14.347, 14.367, 13.344, 12.334, 10.789, 9.645], [8.481, 8.844, 8.934, 10.438, 10.041, 10.318, 9.646, 8.707, 7.135, 4.902, 4.844, 6.176, 7.031, 5.651, 2.589, 1.847, 3.573, 4.52, 0.0, 7.935, 12.605, 13.581, 13.731, 15.43, 20.334, 22.263, 22.418, 21.845, 19.98, 19.621, 18.425, 17.884, 17.098, 18.079, 18.442, 17.408, 16.291, 16.073, 14.287, 12.644, 8.848, 7.699, 7.478, 6.87, 6.226, 5.765, 5.874, 6.071, 4.701, 4.557, 4.585, 4.333, 3.826, 4.053, 4.505, 5.458, 5.103, 6.442, 9.219, 8.689, 8.491, 10.513, 11.259, 10.947, 10.612, 8.423, 8.281, 8.118, 9.093, 8.074, 6.514, 6.418, 6.957, 7.453, 6.678, 5.418, 5.682, 5.514, 6.062, 7.21, 8.025, 9.994, 9.554, 7.772, 7.888, 8.504, 7.877, 7.926, 7.583, 6.951, 7.714, 7.788, 8.369, 10.334, 10.819, 9.537, 8.294, 6.72, 5.789], [16.236, 16.622, 16.77, 18.367, 17.971, 18.212, 17.522, 16.535, 15.001, 12.667, 12.707, 14.049, 14.79, 13.378, 10.191, 9.007, 11.364, 11.776, 7.935, 0.0, 4.787, 5.755, 5.951, 7.626, 12.524, 14.493, 14.622, 14.087, 12.184, 11.846, 10.666, 10.204, 9.243, 10.374, 10.694, 9.653, 8.463, 8.172, 6.566, 5.106, 4.654, 7.425, 9.835, 10.703, 12.6, 12.595, 12.867, 13.17, 10.951, 7.565, 6.292, 4.771, 5.679, 5.461, 4.737, 4.445, 5.469, 4.186, 4.172, 4.656, 4.386, 4.591, 5.053, 4.768, 3.954, 3.799, 2.606, 2.655, 3.566, 2.929, 2.984, 2.62, 2.172, 1.879, 2.493, 3.375, 2.862, 3.423, 2.424, 2.108, 2.165, 2.274, 2.919, 4.049, 3.684, 4.444, 4.153, 3.688, 4.338, 3.783, 3.724, 3.271, 2.801, 3.241, 3.237, 2.501, 2.049, 3.544, 4.849], [20.843, 21.192, 21.373, 22.949, 22.552, 22.783, 22.078, 21.068, 19.553, 17.293, 17.285, 18.606, 19.389, 17.846, 14.812, 13.575, 15.876, 16.291, 12.605, 4.787, 0.0, 1.478, 1.701, 3.358, 7.891, 9.872, 9.974, 9.465, 7.541, 7.232, 6.043, 5.446, 4.695, 5.693, 6.057, 5.003, 4.53, 4.088, 3.794, 3.709, 4.908, 11.067, 14.072, 15.037, 17.117, 17.163, 17.491, 17.79, 15.527, 12.072, 10.668, 8.973, 10.101, 9.806, 9.27, 9.054, 10.103, 8.672, 6.297, 6.693, 6.371, 4.379, 4.588, 4.443, 4.437, 5.1, 4.772, 5.073, 5.312, 5.416, 6.556, 6.527, 5.934, 5.416, 6.133, 7.547, 7.229, 7.726, 6.803, 5.828, 5.259, 2.983, 3.503, 6.099, 5.326, 5.533, 6.043, 5.656, 6.802, 7.569, 6.861, 5.553, 4.741, 3.048, 2.945, 3.833, 4.725, 7.392, 9.199], [21.905, 22.255, 22.42, 24.001, 23.604, 23.838, 23.148, 22.14, 20.62, 18.273, 18.34, 19.678, 20.406, 18.929, 15.829, 14.635, 16.937, 17.327, 13.581, 5.755, 1.478, 0.0, 1.261, 2.659, 6.819, 8.8, 8.916, 8.393, 6.478, 6.16, 4.97, 4.485, 3.71, 4.653, 5.029, 4.01, 3.789, 3.464, 3.483, 3.397, 5.841, 12.116, 15.082, 16.06, 18.183, 18.225, 18.563, 18.862, 16.604, 13.138, 11.727, 10.024, 11.127, 10.903, 10.336, 10.123, 11.172, 9.738, 7.354, 7.764, 7.438, 5.041, 4.877, 4.6, 5.32, 6.15, 5.736, 6.038, 6.318, 6.394, 7.565, 7.498, 6.95, 6.461, 7.107, 8.545, 8.212, 8.706, 7.803, 6.89, 6.316, 4.038, 4.553, 7.079, 6.228, 6.427, 7.069, 6.771, 7.91, 8.644, 7.926, 6.602, 5.733, 3.896, 3.716, 4.864, 5.798, 8.477, 10.28], [22.148, 22.479, 22.622, 24.088, 23.694, 23.919, 23.122, 22.065, 20.548, 18.212, 18.274, 19.619, 20.282, 18.981, 15.931, 14.741, 16.949, 17.052, 13.731, 5.951, 1.701, 1.261, 0.0, 2.012, 6.621, 8.571, 8.811, 8.149, 6.422, 5.986, 4.775, 4.67, 3.675, 4.846, 4.907, 4.109, 3.422, 2.98, 3.224, 3.086, 5.627, 12.097, 15.165, 16.142, 18.376, 18.457, 18.807, 19.105, 16.832, 13.382, 11.928, 10.197, 11.331, 11.062, 10.546, 10.34, 11.407, 9.96, 7.432, 7.797, 7.461, 5.005, 4.905, 4.482, 5.266, 6.053, 5.696, 5.881, 5.657, 5.906, 7.566, 7.566, 7.128, 6.577, 7.143, 8.543, 8.166, 8.331, 7.768, 7.074, 6.506, 4.048, 4.726, 7.234, 6.13, 5.903, 6.975, 6.613, 7.954, 8.885, 8.162, 6.77, 5.631, 3.712, 3.308, 4.633, 5.916, 8.605, 10.411], [23.828, 24.159, 24.312, 25.779, 25.398, 25.611, 24.772, 23.735, 22.247, 19.857, 19.989, 21.325, 21.952, 20.651, 17.611, 16.447, 18.626, 18.743, 15.43, 7.626, 3.358, 2.659, 2.012, 0.0, 4.912, 6.881, 7.165, 6.477, 4.74, 4.282, 3.115, 3.082, 2.009, 3.21, 3.352, 2.521, 1.955, 1.903, 2.79, 3.489, 7.062, 13.751, 16.842, 17.846, 20.048, 20.137, 20.486, 20.785, 18.512, 15.061, 13.607, 11.857, 13.01, 12.741, 12.226, 12.023, 13.09, 11.639, 9.059, 9.389, 8.937, 5.735, 5.485, 5.201, 6.212, 7.644, 7.327, 7.527, 7.199, 7.501, 9.224, 9.218, 8.806, 8.256, 8.834, 10.234, 9.832, 10.066, 9.466, 8.751, 8.179, 5.724, 6.406, 8.902, 7.806, 7.416, 8.557, 8.222, 9.63, 10.564, 9.842, 8.39, 7.217, 5.245, 4.871, 6.081, 7.571, 10.284, 12.084], [28.724, 29.051, 29.224, 30.638, 30.27, 30.478, 29.577, 28.527, 27.097, 24.734, 24.88, 26.19, 26.79, 25.493, 22.501, 21.334, 23.453, 23.504, 20.334, 12.524, 7.891, 6.819, 6.621, 4.912, 0.0, 2.245, 2.644, 2.151, 1.603, 1.715, 2.073, 2.939, 3.73, 2.863, 2.394, 3.241, 4.37, 4.597, 6.562, 8.125, 11.969, 18.66, 21.722, 22.754, 24.944, 25.032, 25.382, 25.681, 23.408, 19.957, 18.503, 16.753, 17.906, 17.637, 17.122, 16.916, 17.988, 16.535, 13.955, 14.285, 13.833, 10.589, 10.15, 10.014, 11.065, 12.524, 12.206, 12.418, 11.574, 12.275, 14.12, 14.087, 13.701, 13.152, 13.725, 15.109, 14.714, 14.898, 14.378, 13.646, 13.075, 10.62, 11.301, 13.797, 12.68, 12.261, 13.46, 13.037, 14.511, 15.46, 14.737, 13.286, 12.11, 10.141, 9.709, 10.993, 12.467, 15.18, 16.98], [30.699, 31.02, 31.178, 32.571, 32.185, 32.42, 31.532, 30.486, 29.036, 26.705, 26.795, 28.105, 28.72, 27.409, 24.483, 23.25, 25.475, 25.547, 22.263, 14.493, 9.872, 8.8, 8.571, 6.881, 2.245, 0.0, 1.134, 1.503, 2.344, 2.799, 3.939, 4.758, 5.389, 4.41, 3.952, 4.934, 6.13, 6.467, 8.5, 10.096, 13.939, 20.56, 23.631, 24.654, 26.925, 27.013, 27.358, 27.66, 25.388, 21.938, 20.484, 18.734, 19.887, 19.618, 19.102, 18.887, 19.957, 18.516, 15.936, 16.266, 15.814, 12.57, 12.134, 11.914, 13.046, 14.433, 14.172, 14.317, 13.566, 14.307, 16.076, 16.072, 15.682, 15.133, 15.675, 17.09, 16.695, 16.821, 16.297, 15.627, 15.056, 12.601, 13.282, 15.778, 14.661, 14.177, 15.434, 15.052, 16.492, 17.441, 16.718, 15.267, 14.067, 12.122, 11.633, 12.892, 14.448, 17.161, 18.961], [30.807, 31.159, 31.28, 32.792, 32.403, 32.647, 31.856, 30.813, 29.267, 26.997, 26.962, 28.351, 29.016, 27.586, 24.626, 23.376, 25.717, 25.812, 22.418, 14.622, 9.974, 8.916, 8.811, 7.165, 2.644, 1.134, 0.0, 1.551, 2.599, 3.011, 4.222, 4.974, 5.423, 4.495, 4.185, 5.08, 6.2, 6.472, 8.675, 10.271, 14.096, 20.736, 23.783, 24.79, 27.027, 27.115, 27.458, 27.76, 25.49, 22.04, 20.586, 18.836, 20.018, 19.72, 19.204, 18.996, 20.057, 18.618, 16.038, 16.368, 15.916, 12.672, 12.229, 12.0, 13.148, 14.635, 14.347, 14.407, 13.871, 14.613, 16.277, 16.263, 15.791, 15.235, 15.858, 17.192, 16.814, 17.048, 16.399, 15.729, 15.158, 12.703, 13.384, 15.91, 14.852, 14.438, 15.589, 15.387, 16.705, 17.543, 16.82, 15.369, 14.24, 12.313, 11.931, 13.003, 14.55, 17.264, 19.063], [30.292, 30.613, 30.762, 32.122, 31.726, 31.978, 31.075, 29.987, 28.522, 26.284, 26.368, 27.648, 28.298, 26.949, 24.041, 22.821, 25.043, 25.093, 21.845, 14.087, 9.465, 8.393, 8.149, 6.477, 2.151, 1.503, 1.551, 0.0, 2.07, 2.541, 3.464, 4.243, 5.133, 4.168, 3.543, 4.584, 5.793, 6.091, 8.124, 9.689, 13.532, 20.153, 23.206, 24.247, 26.518, 26.607, 26.951, 27.254, 24.982, 21.531, 20.077, 18.327, 19.48, 19.212, 18.696, 18.473, 19.551, 18.109, 15.529, 15.859, 15.408, 12.164, 11.731, 11.513, 12.639, 13.985, 13.727, 13.911, 13.055, 13.852, 15.669, 15.65, 15.276, 14.726, 15.269, 16.684, 16.288, 16.391, 15.89, 15.221, 14.649, 12.194, 12.876, 15.372, 14.255, 13.757, 15.027, 14.663, 16.085, 17.034, 16.312, 14.86, 13.661, 11.715, 11.17, 12.486, 14.041, 16.754, 18.554], [28.374, 28.721, 28.847, 30.376, 29.977, 30.205, 29.445, 28.415, 26.869, 24.552, 24.564, 25.953, 26.609, 25.188, 22.187, 20.97, 23.275, 23.386, 19.98, 12.184, 7.541, 6.478, 6.422, 4.74, 1.603, 2.344, 2.599, 2.07, 0.0, 1.494, 1.965, 2.803, 3.328, 2.613, 2.14, 2.83, 3.954, 4.252, 6.251, 7.83, 11.654, 18.327, 21.378, 22.382, 24.593, 24.682, 25.029, 25.33, 23.057, 19.607, 18.153, 16.403, 17.58, 17.287, 16.771, 16.567, 17.629, 16.184, 13.605, 13.935, 13.483, 10.261, 9.811, 9.6, 10.734, 12.227, 11.905, 12.004, 11.672, 12.192, 13.836, 13.822, 13.353, 12.802, 13.417, 14.762, 14.376, 14.669, 13.966, 13.296, 12.725, 10.269, 10.951, 13.472, 12.406, 12.029, 13.147, 12.942, 14.264, 15.11, 14.387, 12.935, 11.799, 9.868, 9.534, 10.6, 12.117, 14.832, 16.63], [28.052, 28.372, 28.539, 29.921, 29.554, 29.779, 28.894, 27.807, 26.383, 24.062, 24.099, 25.419, 26.039, 24.761, 21.844, 20.556, 22.84, 22.924, 19.621, 11.846, 7.232, 6.16, 5.986, 4.282, 1.715, 2.799, 3.011, 2.541, 1.494, 0.0, 1.573, 2.314, 2.712, 1.768, 1.523, 2.357, 3.433, 3.773, 5.861, 7.457, 11.299, 17.866, 20.947, 21.96, 24.285, 24.374, 24.711, 25.013, 22.745, 19.298, 17.845, 16.095, 17.248, 16.979, 16.463, 16.241, 17.31, 15.876, 13.296, 13.626, 13.175, 9.931, 9.488, 9.25, 10.406, 11.788, 11.543, 11.636, 11.222, 11.673, 13.44, 13.442, 13.043, 12.493, 13.043, 14.451, 14.055, 14.164, 13.659, 12.988, 12.416, 9.961, 10.643, 13.138, 12.03, 11.536, 12.794, 12.426, 13.854, 14.801, 14.079, 12.627, 11.428, 9.482, 8.961, 10.198, 11.808, 14.521, 16.321], [26.871, 27.192, 27.349, 28.709, 28.33, 28.553, 27.698, 26.638, 25.158, 22.87, 22.967, 24.257, 24.907, 23.573, 20.632, 19.428, 21.627, 21.704, 18.425, 10.666, 6.043, 4.97, 4.775, 3.115, 2.073, 3.939, 4.222, 3.464, 1.965, 1.573, 0.0, 1.387, 1.818, 1.501, 1.401, 1.431, 2.62, 2.739, 4.684, 6.267, 10.109, 16.742, 19.795, 20.836, 23.095, 23.184, 23.53, 23.832, 21.559, 18.109, 16.655, 14.905, 16.058, 15.789, 15.273, 15.055, 16.13, 14.686, 12.107, 12.436, 11.985, 8.745, 8.298, 8.096, 9.219, 10.585, 10.312, 10.527, 10.055, 10.466, 12.247, 12.227, 11.853, 11.303, 11.846, 13.261, 12.868, 13.02, 12.467, 11.798, 11.226, 8.771, 9.453, 11.949, 10.832, 10.386, 11.604, 11.248, 12.663, 13.611, 12.889, 11.437, 10.238, 8.292, 7.793, 9.074, 10.619, 13.331, 15.131], [26.211, 26.48, 26.646, 27.988, 27.598, 27.856, 27.063, 25.977, 24.55, 22.504, 22.432, 23.563, 24.482, 23.006, 20.136, 18.715, 21.05, 21.573, 17.884, 10.204, 5.446, 4.485, 4.67, 3.082, 2.939, 4.758, 4.974, 4.243, 2.803, 2.314, 1.387, 0.0, 2.064, 1.318, 1.707, 1.553, 2.916, 2.897, 4.205, 5.637, 9.541, 15.968, 19.02, 20.061, 22.388, 22.476, 22.813, 23.115, 20.905, 17.43, 15.947, 14.224, 15.35, 15.101, 14.566, 14.329, 15.412, 13.979, 11.399, 11.729, 11.277, 8.07, 7.674, 7.363, 8.534, 9.843, 9.851, 10.252, 9.92, 10.393, 11.572, 11.588, 11.208, 10.745, 11.333, 12.904, 12.559, 12.851, 12.116, 11.1, 10.519, 8.283, 8.767, 11.241, 10.345, 10.209, 11.046, 10.733, 12.003, 12.904, 12.181, 10.763, 9.737, 7.807, 7.39, 8.467, 9.993, 12.694, 14.438], [25.437, 25.776, 25.955, 27.485, 27.086, 27.314, 26.566, 25.555, 24.006, 21.651, 21.718, 23.093, 23.758, 22.34, 19.289, 18.113, 20.352, 20.527, 17.098, 9.243, 4.695, 3.71, 3.675, 2.009, 3.73, 5.389, 5.423, 5.133, 3.328, 2.712, 1.818, 2.064, 0.0, 1.614, 1.936, 1.129, 1.466, 1.503, 3.41, 4.876, 8.711, 15.437, 18.504, 19.509, 21.657, 21.746, 22.096, 22.394, 20.121, 16.67, 15.216, 13.466, 14.627, 14.352, 13.835, 13.64, 14.704, 13.248, 10.668, 10.998, 10.547, 7.303, 6.859, 6.745, 7.778, 9.335, 8.996, 9.245, 9.094, 9.374, 10.908, 10.878, 10.415, 9.871, 10.496, 11.883, 11.478, 11.889, 11.131, 10.36, 9.788, 7.347, 8.015, 10.516, 9.474, 9.221, 10.203, 9.997, 11.297, 12.173, 11.451, 9.999, 8.888, 6.918, 6.708, 7.747, 9.18, 11.898, 13.693], [26.482, 26.812, 26.963, 28.329, 27.957, 28.192, 27.46, 26.453, 24.932, 22.709, 22.738, 23.995, 24.731, 23.29, 20.345, 19.073, 21.349, 21.742, 18.079, 10.374, 5.693, 4.653, 4.846, 3.21, 2.863, 4.41, 4.495, 4.168, 2.613, 1.768, 1.501, 1.318, 1.614, 0.0, 1.583, 1.285, 2.494, 2.563, 4.296, 5.881, 9.743, 16.344, 19.386, 20.427, 22.709, 22.798, 23.141, 23.443, 21.173, 17.726, 16.268, 14.518, 15.671, 15.431, 14.887, 14.666, 15.74, 14.3, 11.72, 12.05, 11.599, 8.381, 7.927, 7.699, 8.855, 10.199, 10.057, 10.452, 10.233, 10.567, 11.876, 11.841, 11.47, 11.008, 11.505, 13.095, 12.718, 13.035, 12.282, 11.412, 10.84, 8.512, 9.073, 11.568, 10.549, 10.377, 11.252, 11.046, 12.33, 13.225, 12.503, 11.067, 9.962, 8.015, 7.679, 8.757, 10.232, 12.979, 14.773], [26.885, 27.205, 27.36, 28.756, 28.38, 28.588, 27.741, 26.681, 25.223, 22.873, 23.021, 24.302, 24.93, 23.646, 20.67, 19.454, 21.647, 21.809, 18.442, 10.694, 6.057, 5.029, 4.907, 3.352, 2.394, 3.952, 4.185, 3.543, 2.14, 1.523, 1.401, 1.707, 1.936, 1.583, 0.0, 1.484, 2.478, 2.635, 4.682, 6.278, 10.12, 16.767, 19.83, 20.861, 23.106, 23.195, 23.544, 23.843, 21.57, 18.12, 16.666, 14.916, 16.069, 15.8, 15.284, 15.071, 16.143, 14.697, 12.118, 12.448, 11.996, 8.808, 8.353, 8.121, 9.281, 10.634, 10.348, 10.662, 10.344, 10.569, 12.258, 12.246, 11.864, 11.314, 11.863, 13.283, 12.896, 13.092, 12.522, 11.809, 11.238, 8.782, 9.464, 11.96, 10.843, 10.463, 11.615, 11.246, 12.674, 13.622, 12.9, 11.448, 10.25, 8.304, 7.821, 9.099, 10.63, 13.342, 15.142], [25.827, 26.147, 26.3, 27.776, 27.375, 27.605, 26.857, 25.847, 24.321, 21.995, 22.07, 23.384, 24.091, 22.665, 19.64, 18.45, 20.694, 20.981, 17.408, 9.653, 5.003, 4.01, 4.109, 2.521, 3.241, 4.934, 5.08, 4.584, 2.83, 2.357, 1.431, 1.553, 1.129, 1.285, 1.484, 0.0, 1.726, 1.899, 3.678, 5.219, 9.072, 15.744, 18.805, 19.816, 22.046, 22.135, 22.485, 22.783, 20.51, 17.06, 15.606, 13.856, 15.009, 14.747, 14.224, 14.016, 15.085, 13.637, 11.058, 11.393, 10.951, 7.781, 7.335, 7.112, 8.254, 9.661, 9.355, 9.726, 9.556, 9.828, 11.203, 11.205, 10.804, 10.288, 10.811, 12.345, 11.953, 12.321, 11.551, 10.749, 10.178, 7.79, 8.404, 10.9, 9.846, 9.644, 10.558, 10.357, 11.656, 12.562, 11.84, 10.401, 9.268, 7.343, 7.055, 8.092, 9.57, 12.282, 14.088], [24.648, 24.997, 25.124, 26.677, 26.276, 26.507, 25.74, 24.712, 23.161, 20.808, 20.88, 22.253, 22.904, 21.524, 18.459, 17.285, 19.547, 19.696, 16.291, 8.463, 4.53, 3.789, 3.422, 1.955, 4.37, 6.13, 6.2, 5.793, 3.954, 3.433, 2.62, 2.916, 1.466, 2.494, 2.478, 1.726, 0.0, 1.235, 2.523, 4.092, 7.917, 14.657, 17.71, 18.7, 20.868, 20.957, 21.306, 21.605, 19.332, 15.881, 14.427, 12.677, 13.858, 13.561, 13.046, 12.848, 13.909, 12.459, 9.879, 10.234, 9.792, 6.622, 6.168, 5.965, 7.096, 8.583, 8.181, 8.44, 8.296, 8.543, 10.089, 10.08, 9.631, 9.076, 9.692, 11.037, 10.679, 11.009, 10.303, 9.571, 8.999, 6.544, 7.226, 9.75, 8.686, 8.4, 9.41, 9.197, 10.529, 11.384, 10.662, 9.243, 8.111, 6.191, 5.831, 6.922, 8.395, 11.104, 12.904], [24.368, 24.722, 24.914, 26.467, 26.07, 26.304, 25.586, 24.567, 23.019, 20.663, 20.731, 22.105, 22.774, 21.37, 18.268, 17.092, 19.375, 19.529, 16.073, 8.172, 4.088, 3.464, 2.98, 1.903, 4.597, 6.467, 6.472, 6.091, 4.252, 3.773, 2.739, 2.897, 1.503, 2.563, 2.635, 1.899, 1.235, 0.0, 2.346, 3.859, 7.71, 14.491, 17.513, 18.492, 20.591, 20.664, 21.014, 21.313, 19.046, 15.614, 14.135, 12.396, 13.6, 13.312, 12.754, 12.567, 13.629, 12.167, 9.606, 9.963, 9.521, 6.351, 5.896, 5.777, 6.824, 8.399, 7.991, 8.211, 8.169, 8.391, 9.931, 9.9, 9.38, 8.798, 9.496, 10.787, 10.435, 10.892, 10.076, 9.312, 8.729, 6.308, 6.933, 9.464, 8.485, 8.234, 9.187, 9.018, 10.309, 11.092, 10.37, 8.972, 7.935, 6.0, 5.715, 6.748, 8.142, 10.839, 12.679], [22.291, 22.575, 22.747, 24.224, 23.827, 24.137, 23.506, 22.493, 20.992, 18.847, 18.749, 19.983, 21.01, 19.647, 16.455, 14.976, 17.411, 18.128, 14.287, 6.566, 3.794, 3.483, 3.224, 2.79, 6.562, 8.5, 8.675, 8.124, 6.251, 5.861, 4.684, 4.205, 3.41, 4.296, 4.682, 3.678, 2.523, 2.346, 0.0, 1.808, 5.995, 12.314, 15.294, 16.276, 18.476, 18.513, 18.879, 19.161, 17.039, 13.529, 11.984, 10.382, 11.396, 11.224, 10.607, 10.408, 11.472, 10.016, 7.468, 7.825, 7.383, 4.334, 3.836, 3.692, 4.688, 6.311, 6.335, 6.822, 6.829, 6.994, 7.904, 7.98, 7.486, 7.022, 7.797, 9.287, 8.998, 9.441, 8.621, 7.358, 6.595, 4.638, 4.908, 7.301, 6.637, 6.766, 7.455, 6.963, 8.145, 8.972, 8.233, 6.998, 6.182, 4.205, 4.042, 5.038, 6.221, 8.831, 10.551], [20.67, 20.972, 21.107, 22.609, 22.212, 22.499, 21.851, 20.842, 19.338, 17.183, 17.088, 18.327, 19.437, 18.1, 14.814, 13.355, 15.8, 16.598, 12.644, 5.106, 3.709, 3.397, 3.086, 3.489, 8.125, 10.096, 10.271, 9.689, 7.83, 7.457, 6.267, 5.637, 4.876, 5.881, 6.278, 5.219, 4.092, 3.859, 1.808, 0.0, 4.443, 10.669, 13.683, 14.663, 16.856, 16.917, 17.274, 17.566, 15.424, 11.893, 10.388, 8.78, 9.798, 9.614, 9.007, 8.808, 9.873, 8.42, 5.868, 6.225, 5.783, 2.765, 2.323, 2.058, 3.09, 4.702, 4.714, 5.203, 5.294, 5.448, 6.335, 6.528, 6.128, 5.465, 6.227, 7.724, 7.446, 7.808, 7.006, 5.907, 5.021, 3.708, 3.264, 5.697, 5.007, 5.199, 5.837, 5.322, 6.53, 7.349, 6.641, 5.35, 4.577, 2.624, 2.9, 3.512, 4.606, 7.199, 8.954], [16.766, 17.126, 17.264, 18.781, 18.378, 18.65, 17.968, 16.961, 15.442, 13.147, 13.168, 14.499, 15.244, 13.834, 10.92, 9.82, 11.819, 12.682, 8.848, 4.654, 4.908, 5.841, 5.627, 7.062, 11.969, 13.939, 14.096, 13.532, 11.654, 11.299, 10.109, 9.541, 8.711, 9.743, 10.12, 9.072, 7.917, 7.71, 5.995, 4.443, 0.0, 6.837, 9.827, 10.807, 13.0, 13.075, 13.425, 13.723, 11.48, 8.029, 6.548, 5.123, 6.029, 5.773, 5.667, 5.647, 6.482, 4.774, 3.128, 2.526, 2.24, 2.467, 3.193, 2.926, 2.972, 1.751, 2.592, 2.625, 2.681, 2.477, 3.191, 4.074, 3.787, 3.819, 3.454, 4.43, 4.519, 4.728, 4.408, 3.393, 3.245, 3.927, 2.621, 2.515, 1.678, 1.366, 1.711, 2.099, 2.783, 3.514, 3.088, 2.214, 2.399, 2.967, 3.21, 2.944, 3.126, 3.378, 5.112], [10.675, 11.043, 10.826, 12.216, 11.831, 12.134, 11.501, 10.377, 9.037, 8.091, 8.293, 9.635, 10.503, 10.19, 9.147, 7.825, 9.676, 10.806, 7.699, 7.425, 11.067, 12.116, 12.097, 13.751, 18.66, 20.56, 20.736, 20.153, 18.327, 17.866, 16.742, 15.968, 15.437, 16.344, 16.767, 15.744, 14.657, 14.491, 12.314, 10.669, 6.837, 0.0, 3.186, 4.179, 6.592, 6.629, 7.19, 7.277, 5.582, 3.427, 4.012, 5.061, 4.963, 5.11, 5.705, 5.854, 5.814, 4.949, 5.95, 5.071, 5.389, 8.536, 9.047, 8.876, 8.171, 6.222, 6.685, 6.534, 7.415, 6.411, 5.243, 5.372, 5.901, 6.795, 6.148, 4.735, 5.34, 5.047, 5.644, 5.84, 6.194, 8.429, 7.828, 5.294, 6.168, 6.522, 5.341, 5.726, 4.556, 4.165, 5.311, 5.986, 6.855, 8.536, 9.059, 7.869, 6.482, 4.42, 3.999], [8.617, 8.859, 8.274, 9.198, 8.801, 9.396, 8.951, 8.027, 6.836, 6.918, 7.548, 8.727, 9.142, 8.731, 8.355, 7.553, 9.07, 10.184, 7.478, 9.835, 14.072, 15.082, 15.165, 16.842, 21.722, 23.631, 23.783, 23.206, 21.378, 20.947, 19.795, 19.02, 18.504, 19.386, 19.83, 18.805, 17.71, 17.513, 15.294, 13.683, 9.827, 3.186, 0.0, 1.464, 3.827, 3.779, 4.736, 4.338, 3.945, 3.579, 4.422, 5.685, 5.479, 5.912, 6.819, 6.815, 6.406, 6.499, 8.469, 7.784, 8.187, 11.401, 11.889, 11.862, 10.908, 9.221, 9.63, 9.539, 10.445, 9.463, 7.646, 7.738, 8.389, 9.041, 8.447, 7.049, 7.351, 7.037, 7.741, 8.398, 8.914, 11.309, 10.784, 8.135, 9.181, 9.57, 8.389, 8.789, 7.47, 6.863, 7.795, 8.781, 9.633, 11.628, 12.098, 10.884, 9.453, 7.027, 5.605], [7.318, 7.51, 6.99, 8.104, 7.786, 8.229, 7.651, 6.778, 5.642, 6.03, 6.805, 7.91, 8.172, 7.722, 7.538, 7.0, 8.313, 9.374, 6.87, 10.703, 15.037, 16.06, 16.142, 17.846, 22.754, 24.654, 24.79, 24.247, 22.382, 21.96, 20.836, 20.061, 19.509, 20.427, 20.861, 19.816, 18.7, 18.492, 16.276, 14.663, 10.807, 4.179, 1.464, 0.0, 2.638, 2.54, 3.489, 3.162, 3.038, 3.461, 4.846, 6.19, 5.482, 5.84, 7.01, 7.244, 6.75, 7.303, 9.641, 8.931, 9.263, 12.458, 12.981, 12.897, 12.026, 10.262, 10.646, 10.498, 11.435, 10.479, 8.636, 8.698, 9.2, 9.745, 9.164, 7.851, 8.16, 7.904, 8.606, 9.371, 9.908, 12.294, 11.746, 9.113, 10.161, 10.56, 9.368, 9.754, 8.456, 7.742, 8.629, 9.637, 10.644, 12.632, 13.114, 11.87, 10.422, 7.797, 6.119], [5.131, 5.378, 4.904, 6.031, 5.774, 6.08, 5.562, 4.867, 3.858, 4.89, 6.011, 6.842, 6.941, 6.631, 6.546, 6.639, 7.299, 8.286, 6.226, 12.6, 17.117, 18.183, 18.376, 20.048, 24.944, 26.925, 27.027, 26.518, 24.593, 24.285, 23.095, 22.388, 21.657, 22.709, 23.106, 22.046, 20.868, 20.591, 18.476, 16.856, 13.0, 6.592, 3.827, 2.638, 0.0, 1.203, 1.785, 1.378, 2.35, 5.1, 6.942, 8.231, 7.147, 7.353, 8.163, 8.801, 8.242, 9.235, 11.8, 11.029, 11.35, 14.475, 14.997, 15.067, 14.125, 12.559, 12.866, 12.778, 13.792, 12.669, 10.857, 10.899, 11.261, 11.804, 11.263, 9.837, 10.233, 10.154, 10.68, 11.378, 11.992, 14.328, 13.733, 11.359, 12.353, 12.842, 11.544, 11.948, 10.692, 9.616, 10.553, 11.658, 12.857, 14.803, 15.422, 14.181, 12.481, 9.818, 8.105], [5.098, 5.227, 4.789, 5.9, 5.632, 6.066, 5.64, 4.865, 3.819, 4.352, 5.397, 6.386, 6.634, 6.095, 5.955, 6.078, 6.695, 7.691, 5.765, 12.595, 17.163, 18.225, 18.457, 20.137, 25.032, 27.013, 27.115, 26.607, 24.682, 24.374, 23.184, 22.476, 21.746, 22.798, 23.195, 22.135, 20.957, 20.664, 18.513, 16.917, 13.075, 6.629, 3.779, 2.54, 1.203, 0.0, 1.441, 0.98, 1.954, 5.127, 6.826, 8.279, 7.145, 7.415, 8.102, 8.603, 7.993, 9.097, 11.706, 10.982, 11.355, 14.564, 15.058, 15.19, 14.077, 12.637, 12.908, 12.807, 13.798, 12.758, 10.937, 10.957, 11.34, 11.881, 11.338, 9.956, 10.319, 10.241, 10.757, 11.44, 12.005, 14.428, 13.772, 11.276, 12.395, 12.884, 11.586, 12.011, 10.614, 9.639, 10.511, 11.773, 12.946, 14.892, 15.496, 14.223, 12.58, 9.919, 8.078], [4.285, 4.476, 4.45, 5.743, 5.403, 5.772, 5.302, 4.496, 3.176, 3.796, 4.965, 5.641, 5.735, 5.475, 5.601, 5.982, 6.144, 7.099, 5.874, 12.867, 17.491, 18.563, 18.807, 20.486, 25.382, 27.358, 27.458, 26.951, 25.029, 24.711, 23.53, 22.813, 22.096, 23.141, 23.544, 22.485, 21.306, 21.014, 18.879, 17.274, 13.425, 7.19, 4.736, 3.489, 1.785, 1.441, 0.0, 1.337, 2.107, 5.429, 7.192, 8.629, 7.501, 7.75, 8.313, 8.829, 8.34, 9.423, 12.148, 11.337, 11.658, 14.796, 15.28, 15.474, 14.478, 13.005, 13.23, 13.103, 14.105, 13.108, 11.287, 11.307, 11.681, 12.231, 11.688, 10.273, 10.669, 10.582, 11.064, 11.736, 12.382, 14.763, 14.081, 11.728, 12.702, 13.206, 11.93, 12.361, 11.108, 9.931, 10.747, 12.097, 13.296, 15.241, 15.836, 14.535, 12.915, 10.253, 8.564], [5.061, 5.208, 4.804, 5.546, 5.456, 5.901, 5.509, 4.882, 3.777, 4.577, 5.666, 6.52, 6.649, 6.237, 6.204, 6.33, 6.901, 7.888, 6.071, 13.17, 17.79, 18.862, 19.105, 20.785, 25.681, 27.66, 27.76, 27.254, 25.33, 25.013, 23.832, 23.115, 22.394, 23.443, 23.843, 22.783, 21.605, 21.313, 19.161, 17.566, 13.723, 7.277, 4.338, 3.162, 1.378, 0.98, 1.337, 0.0, 2.431, 5.724, 7.339, 8.928, 7.775, 8.043, 8.603, 9.02, 8.434, 9.591, 12.215, 11.511, 11.859, 15.123, 15.561, 15.773, 14.651, 13.282, 13.528, 13.406, 14.413, 13.406, 11.586, 11.605, 11.979, 12.529, 11.986, 10.571, 10.967, 10.884, 11.365, 12.034, 12.61, 15.061, 14.379, 11.893, 13.0, 13.505, 12.228, 12.66, 11.254, 10.221, 11.025, 12.395, 13.594, 15.54, 16.138, 14.842, 13.214, 10.501, 8.723], [5.748, 6.097, 6.002, 7.478, 7.141, 7.362, 6.713, 6.098, 4.396, 3.51, 4.463, 5.428, 5.911, 5.578, 4.839, 5.111, 5.572, 6.516, 4.701, 10.951, 15.527, 16.604, 16.832, 18.512, 23.408, 25.388, 25.49, 24.982, 23.057, 22.745, 21.559, 20.905, 20.121, 21.173, 21.57, 20.51, 19.332, 19.046, 17.039, 15.424, 11.48, 5.582, 3.945, 3.038, 2.35, 1.954, 2.107, 2.431, 0.0, 3.617, 5.816, 6.742, 5.81, 5.935, 6.849, 7.435, 6.992, 8.005, 10.807, 9.909, 10.127, 13.162, 13.69, 13.708, 12.954, 11.167, 11.255, 11.139, 12.136, 11.133, 9.362, 9.341, 9.801, 10.276, 9.713, 8.322, 8.702, 8.616, 9.154, 9.997, 10.671, 12.825, 12.243, 10.033, 10.727, 11.232, 9.956, 10.484, 9.403, 8.191, 9.231, 10.213, 11.321, 13.267, 13.871, 12.572, 10.958, 8.521, 6.856], [8.813, 9.184, 9.332, 10.932, 10.535, 10.791, 10.148, 9.136, 7.622, 5.583, 5.643, 6.936, 8.139, 7.282, 5.88, 4.892, 6.504, 7.591, 4.557, 7.565, 12.072, 13.138, 13.382, 15.061, 19.957, 21.938, 22.04, 21.531, 19.607, 19.298, 18.109, 17.43, 16.67, 17.726, 18.12, 17.06, 15.881, 15.614, 13.529, 11.893, 8.029, 3.427, 3.579, 3.461, 5.1, 5.127, 5.429, 5.724, 3.617, 0.0, 2.537, 3.326, 2.699, 2.8, 4.056, 4.515, 4.225, 4.673, 7.594, 6.667, 6.61, 9.671, 10.265, 10.148, 9.536, 7.639, 7.819, 7.718, 8.705, 7.682, 5.877, 5.898, 6.363, 6.824, 6.287, 4.897, 5.243, 5.166, 5.654, 6.498, 7.138, 9.362, 8.747, 6.643, 7.306, 7.795, 6.504, 6.937, 6.04, 5.021, 6.007, 6.718, 7.871, 9.816, 10.42, 9.134, 7.533, 5.136, 3.589], [10.882, 11.241, 11.303, 12.644, 12.233, 12.81, 12.278, 11.167, 9.79, 7.888, 7.797, 9.089, 10.579, 9.335, 6.353, 5.062, 7.129, 8.493, 4.585, 6.292, 10.668, 11.727, 11.928, 13.607, 18.503, 20.484, 20.586, 20.077, 18.153, 17.845, 16.655, 15.947, 15.216, 16.268, 16.666, 15.606, 14.427, 14.135, 11.984, 10.388, 6.548, 4.012, 4.422, 4.846, 6.942, 6.826, 7.192, 7.339, 5.816, 2.537, 0.0, 1.964, 1.601, 2.007, 2.611, 2.71, 2.323, 2.685, 5.153, 4.601, 4.862, 7.914, 8.376, 8.595, 7.447, 6.108, 6.394, 6.325, 7.339, 6.229, 4.408, 4.428, 4.826, 5.434, 4.972, 3.451, 3.838, 3.74, 4.277, 4.888, 5.454, 7.895, 7.293, 4.775, 5.886, 6.38, 5.294, 5.489, 4.163, 3.588, 4.252, 5.232, 6.417, 8.362, 8.966, 7.71, 6.036, 3.382, 2.381], [12.002, 12.365, 12.534, 14.105, 13.696, 13.984, 13.329, 12.335, 10.807, 8.618, 8.557, 9.834, 10.83, 9.471, 6.284, 4.992, 7.262, 8.267, 4.333, 4.771, 8.973, 10.024, 10.197, 11.857, 16.753, 18.734, 18.836, 18.327, 16.403, 16.095, 14.905, 14.224, 13.466, 14.518, 14.916, 13.856, 12.677, 12.396, 10.382, 8.78, 5.123, 5.061, 5.685, 6.19, 8.231, 8.279, 8.629, 8.928, 6.742, 3.326, 1.964, 0.0, 1.401, 1.632, 2.164, 2.855, 2.739, 3.073, 5.261, 4.773, 4.651, 6.83, 7.479, 7.206, 6.778, 4.755, 4.926, 4.765, 5.613, 4.484, 2.747, 2.699, 3.342, 3.965, 3.545, 2.41, 2.398, 2.428, 2.852, 3.48, 4.25, 6.23, 5.846, 4.116, 4.254, 4.966, 4.392, 4.161, 4.009, 3.53, 4.225, 4.103, 4.778, 6.774, 7.216, 6.001, 4.591, 3.248, 2.885], [10.998, 11.274, 11.441, 12.947, 12.541, 12.95, 12.327, 11.306, 9.81, 7.675, 7.561, 8.807, 10.232, 8.883, 5.81, 4.223, 6.647, 7.824, 3.826, 5.679, 10.101, 11.127, 11.331, 13.01, 17.906, 19.887, 20.018, 19.48, 17.58, 17.248, 16.058, 15.35, 14.627, 15.671, 16.069, 15.009, 13.858, 13.6, 11.396, 9.798, 6.029, 4.963, 5.479, 5.482, 7.147, 7.145, 7.501, 7.775, 5.81, 2.699, 1.601, 1.401, 0.0, 1.092, 1.895, 2.641, 2.414, 2.959, 5.731, 5.057, 4.805, 7.526, 8.072, 8.111, 7.341, 5.551, 5.81, 5.732, 6.72, 5.632, 3.811, 3.831, 4.275, 4.823, 4.239, 3.133, 3.256, 3.189, 3.688, 4.402, 5.001, 7.375, 6.759, 4.55, 5.283, 5.842, 4.931, 4.925, 4.217, 3.578, 4.345, 4.819, 5.82, 7.765, 8.369, 7.116, 5.532, 3.333, 2.314], [11.147, 11.494, 11.656, 13.231, 12.832, 13.085, 12.423, 11.394, 9.905, 7.799, 7.691, 8.945, 10.17, 8.934, 5.87, 4.5, 6.678, 8.011, 4.053, 5.461, 9.806, 10.903, 11.062, 12.741, 17.637, 19.618, 19.72, 19.212, 17.287, 16.979, 15.789, 15.101, 14.352, 15.431, 15.8, 14.747, 13.561, 13.312, 11.224, 9.614, 5.773, 5.11, 5.912, 5.84, 7.353, 7.415, 7.75, 8.043, 5.935, 2.8, 2.007, 1.632, 1.092, 0.0, 1.793, 2.463, 2.28, 2.838, 5.646, 4.897, 4.644, 7.5, 8.152, 7.887, 7.385, 5.416, 5.622, 5.484, 6.45, 5.363, 3.606, 3.595, 4.092, 4.528, 4.026, 3.077, 3.081, 3.102, 3.451, 4.249, 4.846, 7.057, 6.545, 4.549, 5.014, 5.504, 4.481, 4.693, 4.052, 3.343, 4.222, 4.527, 5.578, 7.53, 8.1, 6.847, 5.258, 3.053, 2.015], [11.952, 12.291, 12.453, 13.97, 13.542, 13.991, 13.386, 12.347, 10.873, 8.823, 8.641, 9.88, 11.368, 9.998, 6.742, 5.076, 7.716, 8.821, 4.505, 4.737, 9.27, 10.336, 10.546, 12.226, 17.122, 19.102, 19.204, 18.696, 16.771, 16.463, 15.273, 14.566, 13.8