[[0.0, 1.462, 1.416, 2.497, 3.989, 3.077, 2.935, 2.749, 2.777, 2.146, 2.469, 2.602, 2.255, 1.546, 2.133, 2.798, 2.268, 2.87, 4.063, 4.267, 2.947, 3.817, 7.242, 8.35, 8.06, 8.31, 9.14, 9.44, 11.466, 14.441, 16.065, 16.495, 15.964, 15.667, 15.02, 12.717, 11.473, 11.878, 11.701, 11.807, 13.623, 13.344, 13.307, 14.335, 14.62, 15.388, 16.082, 15.689, 15.852, 15.654, 14.312, 11.641, 10.556, 10.696, 9.736, 7.199, 6.759, 7.541, 8.277, 7.853, 7.081, 8.314, 9.237, 10.207, 11.388, 12.019, 11.394, 10.275, 12.016, 14.708, 15.345, 12.942, 12.47, 11.383, 7.938, 7.104, 7.878, 7.375, 6.997, 6.916, 5.817, 5.373, 6.271, 6.58, 4.766, 3.586, 3.698, 6.665, 8.009, 6.484, 6.424, 7.227, 6.33, 3.96, 2.183, 2.467, 3.343, 3.54, 3.333, 3.195, 2.439, 2.923, 3.798, 3.703, 3.663, 3.513, 3.318, 3.255, 2.286, 2.012, 2.151, 3.71, 5.217, 5.029, 4.198, 3.102, 3.469, 5.854, 6.438, 5.223, 4.466, 4.946, 4.275, 2.744, 2.27, 2.257, 2.944, 2.255, 2.16, 2.104, 2.409, 2.757, 3.228, 3.728, 3.28, 2.71, 2.654, 2.176, 2.657, 2.256, 2.694, 3.109, 3.258, 2.353, 1.097, 3.051], [1.462, 0.0, 1.338, 1.978, 3.164, 2.384, 2.048, 2.137, 2.407, 1.922, 2.58, 3.419, 3.304, 2.522, 2.074, 2.435, 2.135, 2.479, 3.191, 3.5, 2.638, 3.085, 6.313, 7.502, 7.389, 7.397, 8.285, 8.552, 10.775, 13.453, 15.111, 15.541, 14.968, 14.671, 14.093, 11.786, 10.489, 10.924, 10.687, 10.793, 12.609, 12.493, 12.36, 13.339, 13.693, 14.515, 15.2, 14.726, 14.98, 14.769, 13.34, 10.71, 9.707, 9.832, 8.964, 6.39, 6.366, 7.169, 7.508, 7.313, 6.874, 8.148, 8.945, 9.793, 10.691, 11.343, 10.777, 9.873, 12.009, 14.108, 14.797, 12.941, 12.278, 11.007, 7.72, 7.262, 7.717, 7.443, 7.547, 7.555, 6.069, 5.51, 6.101, 6.363, 4.867, 4.074, 3.929, 5.997, 7.004, 5.479, 5.459, 6.255, 5.557, 3.611, 1.893, 2.109, 3.185, 3.604, 3.22, 2.663, 2.638, 3.2, 3.916, 3.734, 3.58, 3.848, 3.78, 3.719, 2.678, 2.746, 2.667, 4.024, 5.694, 5.637, 4.391, 3.408, 4.601, 6.891, 7.402, 6.123, 5.304, 6.155, 5.081, 2.958, 2.483, 2.401, 3.183, 2.595, 2.781, 2.842, 3.338, 3.579, 3.742, 4.602, 4.119, 3.604, 3.147, 2.064, 2.008, 2.25, 3.341, 3.976, 3.956, 3.244, 1.33, 2.181], [1.416, 1.338, 0.0, 1.799, 3.61, 2.745, 2.601, 2.508, 2.742, 2.132, 2.748, 2.913, 2.689, 1.937, 2.161, 2.888, 2.973, 3.254, 3.964, 4.031, 3.578, 3.945, 6.972, 8.167, 7.983, 8.092, 8.957, 9.159, 11.315, 14.158, 15.762, 16.245, 15.678, 15.381, 14.792, 12.486, 11.188, 11.623, 11.398, 11.504, 13.32, 13.197, 13.059, 14.049, 14.394, 15.216, 15.901, 15.427, 15.68, 15.469, 14.022, 11.393, 10.412, 10.536, 9.669, 7.007, 6.838, 7.517, 8.151, 7.7, 7.462, 8.638, 9.415, 10.116, 11.118, 11.867, 11.208, 10.191, 12.167, 14.643, 15.231, 13.269, 12.494, 11.335, 8.238, 7.998, 8.688, 8.391, 8.156, 8.135, 6.889, 6.336, 6.681, 7.029, 5.675, 4.632, 4.55, 6.508, 7.708, 6.182, 6.164, 6.924, 6.126, 4.471, 2.775, 3.068, 4.124, 4.474, 4.149, 3.597, 3.364, 3.856, 4.714, 4.537, 4.3, 4.333, 4.374, 4.333, 3.269, 3.151, 3.22, 4.777, 6.225, 6.179, 5.275, 4.156, 4.107, 6.166, 6.733, 5.622, 4.942, 5.614, 4.609, 2.954, 2.191, 2.26, 2.782, 2.502, 2.455, 2.345, 3.019, 3.26, 3.206, 3.954, 3.5, 3.016, 2.745, 1.635, 1.669, 1.717, 2.664, 3.376, 3.586, 2.814, 1.152, 2.762], [2.497, 1.978, 1.799, 0.0, 2.308, 1.812, 1.674, 1.873, 2.477, 2.229, 3.036, 3.6, 3.518, 2.759, 2.114, 2.737, 3.033, 3.273, 3.302, 3.464, 3.402, 3.648, 5.997, 7.113, 7.18, 7.038, 7.965, 8.471, 10.278, 12.867, 14.534, 14.936, 14.378, 14.073, 13.435, 11.139, 9.915, 10.289, 10.112, 10.218, 12.029, 11.755, 11.742, 12.741, 13.053, 13.793, 14.513, 14.124, 14.27, 14.08, 12.819, 10.284, 9.11, 9.295, 8.345, 6.198, 6.595, 6.857, 6.966, 6.956, 7.432, 8.505, 9.179, 9.644, 10.522, 10.999, 10.363, 9.814, 11.801, 13.736, 14.644, 13.109, 12.154, 10.842, 8.163, 8.136, 8.54, 8.477, 8.502, 8.685, 7.108, 6.449, 6.602, 6.776, 5.837, 5.342, 4.898, 5.892, 6.748, 5.1, 4.956, 5.859, 5.515, 4.313, 2.852, 3.115, 4.367, 4.692, 4.17, 3.482, 3.535, 4.283, 4.777, 4.491, 4.346, 4.672, 4.859, 4.676, 3.772, 3.965, 3.892, 5.151, 6.961, 6.774, 5.483, 4.685, 5.056, 7.362, 7.973, 6.395, 5.696, 6.492, 5.581, 3.114, 2.333, 2.332, 2.803, 2.599, 2.871, 2.868, 3.521, 3.941, 4.329, 5.173, 4.676, 4.12, 3.741, 2.426, 1.72, 2.506, 3.973, 4.583, 4.564, 3.637, 1.932, 2.286], [3.989, 3.164, 3.61, 2.308, 0.0, 1.28, 1.502, 1.744, 2.427, 3.42, 4.738, 5.664, 5.654, 4.87, 3.04, 3.252, 3.831, 3.96, 3.71, 3.411, 4.023, 3.829, 5.617, 6.834, 7.148, 6.789, 7.433, 8.096, 9.72, 11.742, 13.375, 13.55, 12.556, 12.135, 11.483, 10.038, 8.972, 9.1, 8.847, 9.024, 10.008, 10.111, 9.95, 10.797, 11.238, 11.85, 12.584, 12.055, 12.476, 12.765, 11.647, 9.464, 7.937, 7.954, 7.663, 6.142, 6.656, 6.575, 6.289, 6.713, 7.689, 8.662, 9.283, 9.662, 10.405, 10.512, 9.923, 9.654, 11.532, 13.517, 14.431, 13.117, 12.053, 10.706, 8.483, 8.736, 9.05, 9.024, 9.167, 9.565, 7.856, 6.955, 6.938, 6.845, 6.407, 6.305, 5.525, 5.803, 6.135, 4.728, 4.365, 4.966, 5.027, 4.421, 3.527, 3.925, 5.104, 5.469, 4.921, 3.96, 4.551, 5.087, 5.133, 5.016, 4.839, 5.507, 5.766, 5.463, 4.796, 5.109, 4.942, 5.907, 7.714, 7.617, 6.278, 5.505, 7.091, 9.576, 10.172, 8.648, 7.943, 8.658, 7.67, 4.905, 4.263, 4.219, 4.561, 4.76, 5.071, 5.053, 5.767, 5.97, 6.452, 7.47, 6.973, 6.417, 5.859, 4.534, 3.665, 4.676, 6.125, 6.822, 6.763, 5.913, 3.649, 2.377], [3.077, 2.384, 2.745, 1.812, 1.28, 0.0, 0.873, 1.084, 1.656, 2.558, 3.846, 4.718, 4.721, 3.916, 2.493, 3.08, 3.191, 3.221, 3.363, 3.388, 3.267, 3.371, 5.948, 7.298, 7.405, 7.15, 7.901, 8.493, 10.414, 12.449, 14.083, 14.242, 13.348, 12.969, 12.279, 10.631, 9.483, 9.684, 9.479, 9.765, 10.836, 10.866, 10.721, 11.658, 12.066, 12.711, 13.39, 12.903, 13.243, 13.442, 12.355, 10.13, 8.643, 8.665, 8.335, 6.392, 6.88, 7.097, 6.96, 6.951, 7.6, 8.761, 9.446, 9.832, 10.686, 11.128, 10.462, 9.97, 11.999, 14.004, 14.922, 13.419, 12.45, 11.08, 8.374, 8.058, 8.317, 8.301, 8.433, 8.757, 7.053, 6.291, 6.645, 6.957, 5.653, 5.487, 4.81, 5.987, 6.655, 4.946, 4.471, 5.555, 5.332, 4.039, 2.813, 3.09, 4.284, 4.664, 4.123, 3.158, 3.73, 4.34, 4.765, 4.55, 4.359, 4.701, 4.971, 4.687, 3.996, 4.25, 4.081, 5.067, 6.895, 6.787, 5.411, 4.624, 6.207, 8.59, 9.206, 7.682, 6.977, 7.71, 6.709, 4.005, 3.323, 3.246, 3.584, 3.84, 4.093, 4.085, 4.797, 5.008, 5.463, 6.504, 6.006, 5.45, 4.893, 3.581, 3.031, 3.768, 5.158, 5.856, 5.796, 4.925, 2.727, 2.488], [2.935, 2.048, 2.601, 1.674, 1.502, 0.873, 0.0, 0.901, 1.42, 2.305, 3.657, 4.646, 4.653, 3.878, 1.944, 2.42, 2.617, 2.831, 2.853, 2.849, 2.868, 2.912, 5.505, 6.884, 6.896, 6.711, 7.464, 8.023, 10.065, 12.174, 13.834, 14.041, 13.192, 12.836, 12.243, 10.317, 9.139, 9.371, 9.166, 9.447, 10.727, 10.752, 10.596, 11.546, 11.967, 12.707, 13.397, 12.902, 13.163, 13.14, 12.095, 9.787, 8.393, 8.468, 7.997, 5.922, 6.333, 6.708, 6.641, 6.544, 7.102, 8.226, 8.903, 9.395, 10.248, 10.75, 10.089, 9.567, 11.627, 13.6, 14.501, 12.9, 12.014, 10.679, 7.867, 7.758, 7.994, 8.002, 8.131, 8.375, 6.683, 5.962, 6.252, 6.415, 5.286, 4.947, 4.458, 5.557, 6.259, 4.478, 4.037, 5.19, 4.865, 3.579, 2.372, 2.587, 3.808, 4.305, 3.799, 2.811, 3.286, 3.928, 4.366, 4.14, 3.938, 4.341, 4.49, 4.331, 3.452, 3.749, 3.666, 4.677, 6.518, 6.436, 5.057, 4.176, 6.122, 8.572, 9.188, 7.664, 6.959, 7.647, 6.688, 3.95, 3.239, 3.2, 3.592, 3.761, 4.064, 4.04, 4.752, 4.976, 5.44, 6.486, 5.988, 5.432, 4.875, 3.549, 2.807, 3.692, 5.14, 5.838, 5.778, 4.901, 2.64, 2.189], [2.749, 2.137, 2.508, 1.873, 1.744, 1.084, 0.901, 0.0, 1.163, 2.114, 3.386, 4.338, 4.373, 3.602, 2.091, 2.819, 2.814, 3.03, 3.231, 3.235, 2.99, 3.216, 5.876, 7.241, 7.275, 7.074, 7.811, 8.393, 10.406, 12.546, 14.184, 14.367, 13.48, 13.092, 12.533, 10.659, 9.503, 9.746, 9.52, 9.794, 11.0, 11.037, 10.906, 11.861, 12.273, 13.011, 13.677, 13.177, 13.445, 13.498, 12.456, 10.129, 8.751, 8.778, 8.341, 6.29, 6.764, 7.096, 7.003, 6.896, 7.451, 8.594, 9.287, 9.747, 10.601, 11.1, 10.439, 9.922, 11.971, 13.949, 14.856, 13.283, 12.361, 11.036, 8.205, 7.818, 8.027, 8.001, 8.136, 8.228, 6.607, 6.111, 6.511, 6.785, 5.382, 4.677, 4.588, 5.923, 6.615, 4.862, 4.427, 5.556, 5.233, 3.82, 2.502, 2.49, 3.655, 4.255, 3.756, 2.845, 3.169, 4.014, 4.742, 4.554, 4.298, 4.364, 4.406, 4.34, 3.328, 3.544, 3.512, 4.594, 6.458, 6.414, 5.18, 4.134, 5.816, 8.315, 8.93, 7.406, 6.701, 7.367, 6.415, 3.668, 2.957, 2.942, 3.338, 3.489, 3.806, 3.755, 4.483, 4.643, 5.117, 6.228, 5.731, 5.175, 4.617, 3.333, 2.91, 3.514, 4.883, 5.58, 5.521, 4.617, 2.566, 2.806], [2.777, 2.407, 2.742, 2.477, 2.427, 1.656, 1.42, 1.163, 0.0, 1.46, 2.826, 3.919, 3.941, 3.285, 2.492, 3.219, 3.082, 3.124, 3.589, 3.697, 3.183, 3.613, 6.41, 7.788, 7.774, 7.608, 8.36, 8.918, 10.981, 13.116, 14.753, 14.924, 14.008, 13.624, 12.978, 11.212, 10.066, 10.293, 10.103, 10.361, 11.487, 11.543, 11.377, 12.327, 12.75, 13.458, 14.128, 13.625, 13.93, 14.063, 13.024, 10.704, 9.314, 9.325, 8.916, 6.817, 7.137, 7.614, 7.568, 7.457, 7.859, 8.998, 9.696, 10.29, 11.144, 11.656, 11.019, 10.465, 12.532, 14.512, 15.397, 13.768, 12.909, 11.581, 8.59, 7.853, 8.029, 7.965, 8.039, 7.907, 6.447, 6.265, 6.78, 7.151, 5.486, 4.336, 4.749, 6.46, 7.158, 5.39, 4.919, 6.083, 5.747, 4.186, 2.658, 2.252, 3.552, 4.138, 3.552, 2.79, 3.137, 3.961, 4.843, 4.69, 4.491, 4.421, 4.531, 4.254, 3.249, 3.068, 3.387, 4.231, 6.074, 6.068, 4.794, 3.621, 5.392, 7.896, 8.512, 6.988, 6.283, 6.947, 5.997, 3.247, 2.549, 2.55, 2.914, 3.102, 3.388, 3.388, 4.079, 4.261, 4.716, 5.81, 5.313, 4.761, 4.199, 3.243, 3.265, 3.475, 4.488, 5.164, 5.103, 4.253, 3.027, 3.354], [2.146, 1.922, 2.132, 2.229, 3.42, 2.558, 2.305, 2.114, 1.46, 0.0, 1.851, 2.866, 2.873, 2.399, 2.726, 3.206, 2.953, 2.963, 3.624, 3.914, 3.156, 3.686, 6.646, 7.911, 7.849, 7.744, 8.519, 9.063, 11.25, 13.598, 15.31, 15.617, 14.984, 14.686, 14.073, 11.785, 10.529, 10.905, 10.728, 10.901, 12.604, 12.506, 12.347, 13.34, 13.678, 14.506, 15.204, 14.713, 14.972, 14.777, 13.568, 11.059, 9.898, 10.045, 9.217, 6.937, 7.1, 7.79, 7.882, 7.725, 7.747, 8.981, 9.632, 10.409, 11.244, 11.877, 11.332, 10.558, 12.662, 14.689, 15.461, 13.76, 12.955, 11.671, 8.531, 7.66, 7.838, 7.761, 7.849, 7.73, 6.255, 6.081, 6.754, 7.082, 5.311, 4.135, 4.551, 6.587, 7.306, 5.714, 5.491, 6.446, 5.954, 4.268, 2.423, 2.101, 3.389, 3.95, 3.38, 2.619, 3.004, 3.76, 4.713, 4.565, 4.396, 4.287, 4.409, 4.101, 3.114, 2.888, 3.019, 3.963, 5.863, 5.851, 4.571, 3.193, 4.265, 6.747, 7.322, 5.821, 5.091, 5.858, 4.89, 2.238, 1.642, 1.744, 2.157, 2.009, 2.296, 2.366, 2.993, 3.226, 3.635, 4.602, 4.104, 3.574, 3.06, 2.462, 2.769, 2.54, 3.288, 3.954, 3.925, 3.124, 2.535, 3.135], [2.469, 2.58, 2.748, 3.036, 4.738, 3.846, 3.657, 3.386, 2.826, 1.851, 0.0, 1.666, 2.156, 2.189, 3.534, 4.088, 3.722, 3.907, 4.843, 5.247, 4.097, 4.889, 7.967, 9.137, 9.033, 8.98, 9.812, 10.305, 12.468, 15.058, 16.753, 17.13, 16.535, 16.238, 15.611, 13.334, 12.082, 12.453, 12.262, 12.386, 14.184, 13.974, 13.883, 14.907, 15.202, 16.023, 16.709, 16.261, 16.489, 16.301, 14.944, 12.288, 11.185, 11.293, 10.496, 7.992, 8.024, 8.802, 9.135, 9.049, 8.565, 9.837, 10.589, 11.429, 12.381, 13.005, 12.42, 11.511, 13.658, 15.778, 16.432, 14.626, 13.907, 12.643, 9.412, 8.188, 8.349, 8.178, 7.821, 7.336, 6.487, 6.744, 7.69, 8.082, 6.043, 4.545, 5.12, 7.753, 8.648, 7.176, 6.991, 7.938, 7.247, 5.338, 3.261, 3.055, 3.844, 4.207, 3.694, 3.738, 3.816, 4.387, 5.448, 5.454, 5.231, 5.058, 5.035, 4.798, 3.826, 3.072, 3.2, 3.679, 5.512, 5.626, 4.329, 2.959, 2.792, 5.169, 5.744, 4.424, 3.569, 4.21, 3.325, 1.42, 1.589, 1.595, 2.153, 1.833, 1.509, 1.871, 2.462, 2.069, 2.252, 3.029, 2.738, 2.671, 2.563, 2.654, 3.421, 2.823, 2.74, 3.041, 3.094, 2.718, 2.832, 4.068], [2.602, 3.419, 2.913, 3.6, 5.664, 4.718, 4.646, 4.338, 3.919, 2.866, 1.666, 0.0, 1.197, 1.808, 4.057, 4.695, 4.212, 4.577, 5.767, 6.027, 4.758, 5.578, 8.935, 10.125, 9.88, 10.03, 10.899, 11.134, 13.25, 16.133, 17.757, 18.199, 17.668, 17.371, 16.755, 14.449, 13.165, 13.587, 13.393, 13.499, 15.315, 15.117, 15.016, 16.039, 16.345, 17.168, 17.854, 17.392, 17.631, 17.425, 16.008, 13.345, 12.297, 12.427, 11.552, 8.914, 8.597, 9.451, 10.03, 9.729, 9.073, 10.338, 11.161, 12.057, 13.086, 13.772, 13.159, 12.143, 14.088, 16.545, 17.155, 15.012, 14.409, 13.259, 9.88, 8.65, 8.987, 8.786, 8.197, 7.838, 6.974, 7.142, 8.272, 8.542, 6.499, 4.875, 5.521, 8.397, 9.703, 8.176, 8.116, 8.919, 8.099, 5.91, 3.906, 3.826, 4.355, 4.712, 4.496, 4.644, 4.28, 4.735, 5.814, 5.815, 5.71, 5.456, 5.344, 5.126, 4.181, 3.392, 3.508, 4.327, 5.998, 6.049, 5.006, 3.783, 2.592, 4.1, 4.62, 3.473, 2.798, 3.102, 2.32, 1.57, 1.836, 2.02, 1.816, 1.701, 1.322, 1.289, 1.477, 1.134, 1.576, 1.978, 1.849, 1.669, 2.021, 2.406, 3.651, 2.897, 1.937, 2.175, 2.283, 2.183, 2.903, 4.942], [2.255, 3.304, 2.689, 3.518, 5.654, 4.721, 4.653, 4.373, 3.941, 2.873, 2.156, 1.197, 0.0, 1.518, 3.743, 4.446, 4.051, 4.573, 5.775, 5.978, 4.83, 5.619, 8.954, 10.079, 9.795, 10.022, 10.86, 11.151, 13.201, 16.152, 17.776, 18.209, 17.679, 17.382, 16.733, 14.429, 13.184, 13.59, 13.412, 13.518, 15.334, 15.068, 15.022, 16.05, 16.329, 17.109, 17.794, 17.393, 17.58, 17.376, 16.008, 13.343, 12.239, 12.321, 11.433, 8.881, 8.439, 9.259, 9.948, 9.57, 8.781, 9.984, 10.869, 11.869, 13.056, 13.711, 13.064, 11.972, 13.729, 16.424, 17.051, 14.645, 14.108, 12.982, 9.633, 8.701, 9.348, 8.923, 8.325, 8.054, 7.316, 7.229, 7.966, 8.356, 6.64, 5.049, 5.477, 8.37, 9.722, 8.196, 8.135, 8.938, 8.049, 5.841, 4.015, 4.045, 4.824, 5.152, 4.676, 4.664, 4.254, 4.836, 5.798, 5.597, 5.419, 5.081, 5.168, 4.821, 3.824, 3.326, 3.514, 4.761, 6.382, 6.245, 5.466, 4.166, 2.882, 4.24, 4.78, 3.781, 3.107, 3.226, 2.62, 2.035, 1.833, 1.879, 1.575, 1.476, 1.505, 1.004, 1.099, 1.354, 2.036, 2.144, 1.967, 1.298, 1.948, 2.071, 3.332, 2.548, 2.067, 1.938, 1.981, 1.976, 2.64, 4.705], [1.546, 2.522, 1.937, 2.759, 4.87, 3.916, 3.878, 3.602, 3.285, 2.399, 2.189, 1.808, 1.518, 0.0, 2.943, 3.71, 3.279, 3.77, 5.019, 5.226, 3.893, 4.796, 8.199, 9.33, 9.059, 9.267, 10.111, 10.397, 12.451, 15.397, 17.021, 17.455, 16.925, 16.628, 15.982, 13.674, 12.429, 12.835, 12.657, 12.764, 14.579, 14.322, 14.268, 15.296, 15.583, 16.368, 17.054, 16.643, 16.836, 16.631, 15.254, 12.573, 11.487, 11.592, 10.708, 8.128, 7.644, 8.513, 9.208, 8.843, 7.983, 9.3, 10.186, 11.065, 12.235, 12.972, 12.249, 11.21, 12.95, 15.674, 16.287, 13.974, 13.265, 12.236, 8.895, 7.764, 8.587, 8.171, 7.641, 7.573, 6.653, 6.435, 7.308, 7.647, 5.829, 4.334, 4.536, 7.625, 8.967, 7.441, 7.38, 8.184, 7.287, 5.052, 3.127, 3.124, 4.062, 4.338, 4.0, 3.921, 3.42, 3.935, 4.936, 4.822, 4.73, 4.3, 4.168, 3.955, 3.027, 2.492, 2.61, 4.511, 5.755, 5.434, 5.021, 3.978, 3.006, 4.966, 5.606, 4.682, 3.865, 4.228, 3.584, 2.031, 1.718, 1.664, 2.144, 1.586, 1.43, 1.317, 1.762, 2.253, 2.508, 2.995, 2.445, 2.129, 2.057, 1.631, 2.625, 1.906, 1.894, 2.438, 2.627, 1.837, 1.824, 4.076], [2.133, 2.074, 2.161, 2.114, 3.04, 2.493, 1.944, 2.091, 2.492, 2.726, 3.534, 4.057, 3.743, 2.943, 0.0, 1.293, 1.694, 2.112, 2.499, 2.578, 2.343, 2.711, 5.46, 6.529, 6.403, 6.489, 7.473, 7.781, 9.591, 12.581, 14.205, 14.631, 14.1, 13.803, 13.152, 10.857, 9.612, 10.018, 9.841, 9.947, 11.76, 11.446, 11.444, 12.471, 12.752, 13.494, 14.211, 13.812, 13.974, 13.788, 12.431, 9.759, 8.672, 8.785, 7.81, 5.389, 5.258, 5.678, 6.385, 6.015, 5.902, 6.934, 7.709, 8.345, 9.548, 10.167, 9.476, 8.558, 10.334, 12.817, 13.584, 11.563, 10.718, 9.483, 6.547, 6.508, 7.411, 7.06, 6.611, 6.705, 5.605, 4.966, 5.082, 5.492, 4.432, 3.831, 3.076, 4.999, 6.264, 4.653, 4.574, 5.375, 4.756, 3.159, 1.838, 2.557, 3.186, 3.253, 2.816, 2.569, 2.486, 2.856, 3.478, 3.233, 2.929, 2.796, 2.934, 2.786, 2.055, 2.288, 2.411, 3.847, 5.066, 4.915, 4.253, 4.055, 5.261, 7.77, 8.374, 7.271, 6.498, 6.827, 6.209, 4.391, 3.454, 3.654, 4.011, 3.688, 3.733, 3.494, 4.228, 4.666, 5.072, 5.627, 5.152, 4.708, 4.687, 3.385, 3.079, 3.537, 4.591, 5.116, 5.276, 4.321, 1.995, 2.517], [2.798, 2.435, 2.888, 2.737, 3.252, 3.08, 2.42, 2.819, 3.219, 3.206, 4.088, 4.695, 4.446, 3.71, 1.293, 0.0, 1.174, 1.513, 1.823, 1.743, 1.716, 1.897, 4.648, 5.747, 5.532, 5.675, 6.527, 6.841, 8.885, 11.804, 13.428, 13.861, 13.33, 13.034, 12.382, 10.081, 8.836, 9.242, 9.064, 9.17, 10.986, 10.715, 10.674, 11.702, 11.974, 12.752, 13.438, 13.042, 13.222, 13.018, 11.66, 9.0, 7.892, 7.988, 7.085, 4.544, 4.314, 5.036, 5.597, 5.359, 4.937, 5.969, 6.778, 7.569, 8.768, 9.39, 8.737, 7.724, 9.742, 12.093, 12.707, 10.665, 9.97, 8.667, 5.641, 5.848, 6.697, 6.45, 6.101, 6.375, 5.17, 4.286, 4.227, 4.468, 3.877, 3.576, 2.552, 4.178, 5.377, 3.85, 3.802, 4.59, 3.752, 2.378, 1.516, 2.196, 2.778, 2.756, 2.319, 2.1, 2.099, 2.568, 2.642, 2.486, 2.181, 2.372, 2.7, 2.394, 1.772, 2.692, 2.7, 3.593, 4.89, 4.736, 3.942, 3.894, 6.042, 8.575, 9.099, 7.956, 7.114, 7.509, 6.817, 4.915, 4.088, 4.201, 4.741, 4.258, 4.323, 4.147, 4.871, 5.281, 5.674, 6.344, 5.806, 5.428, 5.306, 3.947, 3.47, 4.095, 5.329, 5.776, 5.869, 4.991, 2.667, 2.204], [2.268, 2.135, 2.973, 3.033, 3.831, 3.191, 2.617, 2.814, 3.082, 2.953, 3.722, 4.212, 4.051, 3.279, 1.694, 1.174, 0.0, 1.155, 2.03, 2.204, 1.295, 1.812, 5.105, 6.266, 5.982, 6.177, 7.047, 7.309, 9.404, 12.304, 13.934, 14.366, 13.835, 13.538, 12.902, 10.596, 9.336, 9.741, 9.564, 9.67, 11.486, 11.26, 11.183, 12.206, 12.492, 13.306, 13.992, 13.556, 13.774, 13.57, 12.184, 9.545, 8.429, 8.533, 7.672, 5.081, 4.8, 5.584, 6.148, 5.812, 5.135, 6.374, 7.267, 8.221, 9.428, 9.905, 9.422, 8.276, 10.213, 12.677, 13.341, 11.072, 10.585, 9.495, 6.034, 5.468, 6.108, 5.744, 5.65, 5.865, 4.421, 3.594, 4.365, 4.563, 3.16, 2.794, 2.15, 4.583, 5.874, 4.347, 4.295, 5.091, 4.193, 1.943, 1.21, 1.422, 1.991, 2.146, 1.937, 1.714, 1.244, 1.973, 2.176, 1.99, 1.795, 2.052, 2.058, 1.89, 1.137, 2.152, 2.096, 2.701, 4.23, 4.171, 3.076, 2.993, 5.369, 7.898, 8.423, 7.176, 6.357, 6.859, 6.085, 4.414, 3.764, 3.849, 4.588, 3.812, 3.939, 3.772, 4.11, 4.517, 5.077, 5.786, 5.359, 4.755, 4.476, 3.661, 3.609, 3.873, 4.74, 5.088, 5.094, 4.226, 2.165, 2.783], [2.87, 2.479, 3.254, 3.273, 3.96, 3.221, 2.831, 3.03, 3.124, 2.963, 3.907, 4.577, 4.573, 3.77, 2.112, 1.513, 1.155, 0.0, 1.408, 1.66, 0.965, 1.427, 4.446, 5.648, 5.391, 5.575, 6.414, 6.666, 8.76, 11.676, 13.275, 13.758, 13.184, 12.874, 12.236, 9.93, 8.671, 9.077, 8.899, 9.005, 10.821, 10.661, 10.529, 11.556, 11.847, 12.668, 13.353, 12.917, 13.129, 12.916, 11.563, 8.947, 7.906, 8.041, 7.161, 4.549, 4.336, 5.13, 5.624, 5.265, 4.88, 6.127, 6.889, 7.779, 8.824, 9.384, 8.875, 7.844, 9.919, 12.162, 12.796, 10.896, 10.22, 9.04, 5.68, 5.009, 5.513, 5.341, 5.361, 5.628, 4.003, 3.262, 3.978, 4.291, 2.728, 3.069, 1.841, 4.033, 5.209, 3.684, 3.678, 4.435, 3.577, 2.057, 1.277, 1.455, 1.743, 1.659, 1.344, 1.0, 1.52, 2.186, 1.953, 1.81, 1.564, 1.669, 2.219, 1.723, 1.603, 2.802, 2.733, 2.462, 3.885, 3.918, 2.709, 3.294, 5.971, 8.471, 9.089, 7.709, 6.921, 7.522, 6.639, 4.558, 3.819, 4.011, 4.688, 4.15, 4.153, 4.084, 4.694, 4.969, 5.402, 6.384, 5.889, 5.34, 4.954, 3.796, 3.844, 4.147, 5.114, 5.736, 5.765, 4.851, 2.896, 2.811], [4.063, 3.191, 3.964, 3.302, 3.71, 3.363, 2.853, 3.231, 3.589, 3.624, 4.843, 5.767, 5.775, 5.019, 2.499, 1.823, 2.03, 1.408, 0.0, 0.96, 1.711, 1.412, 3.259, 4.488, 4.367, 4.388, 5.261, 5.644, 7.71, 10.411, 12.037, 12.483, 11.911, 11.617, 10.988, 8.682, 7.41, 7.82, 7.638, 7.744, 9.56, 9.39, 9.264, 10.283, 10.589, 11.418, 12.104, 11.651, 11.876, 11.665, 10.346, 7.779, 6.696, 6.87, 5.958, 3.444, 3.615, 4.221, 4.417, 4.238, 4.327, 5.465, 6.132, 6.85, 7.802, 8.367, 7.83, 6.995, 9.068, 11.163, 11.924, 10.237, 9.421, 8.122, 5.084, 5.061, 5.488, 5.393, 5.487, 6.006, 4.292, 3.328, 3.438, 3.61, 3.0, 3.839, 2.153, 3.092, 4.022, 2.448, 2.414, 3.228, 2.641, 2.175, 2.352, 2.409, 2.264, 2.249, 1.923, 1.598, 2.349, 3.098, 2.057, 1.778, 1.523, 2.151, 2.759, 2.301, 2.735, 4.036, 3.939, 3.259, 4.638, 4.405, 3.322, 4.271, 7.22, 9.732, 10.348, 8.856, 8.119, 8.783, 7.872, 5.476, 4.688, 4.806, 5.265, 5.013, 5.256, 5.172, 5.9, 6.142, 6.618, 7.646, 7.148, 6.592, 6.122, 4.807, 4.143, 4.951, 6.355, 6.998, 6.972, 6.035, 3.828, 2.697], [4.267, 3.5, 4.031, 3.464, 3.411, 3.388, 2.849, 3.235, 3.697, 3.914, 5.247, 6.027, 5.978, 5.226, 2.578, 1.743, 2.204, 1.66, 0.96, 0.0, 1.66, 1.334, 3.174, 4.537, 4.289, 4.426, 5.269, 5.446, 7.581, 10.344, 11.921, 12.383, 11.771, 11.441, 10.829, 8.522, 7.267, 7.774, 7.434, 7.598, 9.356, 9.319, 9.146, 10.095, 10.439, 11.282, 11.969, 11.484, 11.733, 11.572, 10.303, 7.765, 6.71, 6.896, 5.971, 3.445, 3.634, 4.138, 4.412, 3.956, 4.397, 5.407, 6.092, 6.708, 7.726, 8.212, 7.758, 6.855, 8.944, 11.023, 11.847, 10.079, 9.268, 8.05, 5.089, 5.396, 5.919, 5.795, 5.863, 6.382, 4.663, 3.672, 3.559, 3.575, 3.245, 3.964, 2.52, 3.028, 3.973, 2.309, 2.294, 3.087, 2.342, 2.003, 2.48, 2.654, 2.529, 2.538, 2.366, 1.812, 2.531, 3.254, 2.286, 2.098, 1.853, 2.52, 3.039, 2.542, 2.909, 4.244, 4.124, 3.466, 4.98, 4.872, 3.674, 4.361, 7.424, 9.936, 10.552, 9.028, 8.38, 8.987, 8.043, 5.682, 4.819, 5.17, 5.52, 5.401, 5.492, 5.376, 6.122, 6.27, 6.771, 7.85, 7.376, 6.796, 6.26, 4.994, 4.222, 5.213, 6.512, 7.202, 7.19, 6.242, 3.99, 2.403], [2.947, 2.638, 3.578, 3.402, 4.023, 3.267, 2.868, 2.99, 3.183, 3.156, 4.097, 4.758, 4.83, 3.893, 2.343, 1.716, 1.295, 0.965, 1.711, 1.66, 0.0, 1.173, 4.476, 5.764, 5.441, 5.75, 6.4, 6.759, 8.882, 11.74, 13.331, 13.761, 13.155, 12.854, 12.182, 9.873, 8.664, 9.121, 8.859, 9.025, 10.779, 10.608, 10.493, 11.505, 11.804, 12.607, 13.297, 12.885, 13.058, 12.869, 11.693, 9.139, 8.026, 8.267, 7.286, 4.79, 4.652, 5.463, 5.78, 5.361, 5.013, 6.321, 7.112, 8.008, 9.074, 9.596, 9.099, 8.071, 10.091, 12.351, 13.036, 11.019, 10.419, 9.254, 5.827, 5.017, 5.417, 5.3, 5.345, 5.555, 3.916, 3.248, 4.168, 4.338, 2.661, 3.008, 2.007, 4.222, 5.265, 3.688, 3.689, 4.447, 3.529, 1.697, 1.384, 1.467, 1.758, 1.709, 1.569, 1.21, 1.651, 2.309, 2.111, 1.989, 1.911, 1.986, 2.26, 1.922, 1.818, 2.857, 2.731, 2.455, 4.004, 3.967, 2.815, 3.061, 6.048, 8.527, 9.166, 7.606, 6.93, 7.585, 6.706, 4.449, 3.988, 4.102, 4.766, 4.143, 4.216, 4.274, 4.734, 4.933, 5.402, 6.432, 5.953, 5.399, 4.928, 4.103, 3.91, 4.262, 5.197, 5.787, 5.762, 4.816, 3.023, 2.89], [3.817, 3.085, 3.945, 3.648, 3.829, 3.371, 2.912, 3.216, 3.613, 3.686, 4.889, 5.578, 5.619, 4.796, 2.711, 1.897, 1.812, 1.427, 1.412, 1.334, 1.173, 0.0, 3.581, 4.998, 4.672, 4.968, 5.604, 5.892, 8.135, 10.877, 12.495, 12.895, 12.218, 11.926, 11.295, 8.993, 7.755, 8.248, 7.921, 8.115, 9.81, 9.774, 9.585, 10.547, 10.901, 11.746, 12.441, 11.95, 12.208, 12.038, 10.856, 8.331, 7.245, 7.468, 6.508, 4.019, 4.093, 4.784, 5.03, 4.613, 4.5, 5.738, 6.438, 7.313, 8.297, 8.842, 8.395, 7.358, 9.416, 11.633, 12.314, 10.347, 9.738, 8.53, 5.24, 5.018, 5.297, 5.284, 5.381, 5.846, 4.13, 3.205, 3.707, 3.738, 2.724, 3.307, 2.138, 3.372, 4.386, 2.743, 3.049, 3.719, 2.764, 1.551, 2.002, 2.111, 2.415, 2.286, 2.095, 1.673, 2.281, 2.815, 2.348, 1.981, 1.775, 2.147, 2.702, 2.265, 2.496, 3.683, 3.661, 3.276, 4.594, 4.797, 3.537, 3.854, 6.971, 9.482, 10.098, 8.574, 7.888, 8.533, 7.582, 5.2, 4.685, 4.771, 5.347, 4.908, 5.145, 5.073, 5.652, 5.813, 6.287, 7.401, 6.9, 6.342, 5.785, 4.7, 4.236, 4.818, 6.068, 6.748, 6.694, 5.787, 3.57, 2.89], [7.242, 6.313, 6.972, 5.997, 5.617, 5.948, 5.505, 5.876, 6.41, 6.646, 7.967, 8.935, 8.954, 8.199, 5.46, 4.648, 5.105, 4.446, 3.259, 3.174, 4.476, 3.581, 0.0, 1.53, 1.644, 1.584, 2.288, 2.721, 4.735, 7.314, 8.964, 9.362, 8.754, 8.444, 7.857, 5.55, 4.26, 4.74, 4.458, 4.594, 6.38, 6.297, 6.137, 7.116, 7.462, 8.301, 8.987, 8.502, 8.756, 8.547, 7.311, 4.788, 3.766, 3.997, 3.18, 1.294, 2.299, 2.222, 2.283, 1.731, 2.814, 3.499, 3.735, 4.228, 5.094, 5.463, 4.946, 4.238, 6.123, 8.262, 9.055, 7.522, 6.567, 5.275, 3.239, 3.926, 4.651, 4.516, 5.071, 5.724, 4.6, 3.112, 2.504, 1.856, 3.967, 5.812, 4.179, 1.541, 1.349, 1.379, 1.798, 1.965, 1.575, 3.721, 5.281, 5.339, 4.898, 4.905, 4.797, 4.536, 5.306, 5.988, 4.356, 4.003, 3.761, 4.387, 5.105, 5.064, 5.809, 7.107, 7.075, 6.28, 7.017, 6.91, 6.351, 7.266, 10.4, 12.912, 13.527, 12.003, 11.302, 11.962, 11.012, 8.424, 7.788, 7.859, 8.318, 8.116, 8.444, 8.365, 9.08, 9.24, 9.708, 10.825, 10.328, 9.772, 9.218, 7.897, 7.193, 8.033, 9.48, 10.177, 10.118, 9.214, 6.963, 4.434], [8.35, 7.502, 8.167, 7.113, 6.834, 7.298, 6.884, 7.241, 7.788, 7.911, 9.137, 10.125, 10.079, 9.33, 6.529, 5.747, 6.266, 5.648, 4.488, 4.537, 5.764, 4.998, 1.53, 0.0, 1.047, 1.135, 1.675, 1.991, 3.654, 6.172, 7.85, 8.259, 7.656, 7.359, 6.724, 4.431, 3.257, 3.58, 3.468, 3.58, 5.365, 5.105, 5.075, 6.093, 6.377, 7.135, 7.864, 7.413, 7.559, 7.366, 6.119, 3.695, 2.959, 3.483, 2.621, 1.732, 2.335, 2.148, 2.21, 1.814, 2.613, 3.083, 2.967, 3.275, 4.097, 4.272, 3.665, 3.447, 4.91, 6.882, 7.646, 6.388, 5.27, 4.009, 2.564, 3.476, 4.181, 4.318, 5.277, 6.064, 5.42, 3.908, 2.871, 2.355, 5.13, 7.023, 5.364, 2.309, 1.507, 2.666, 3.034, 2.606, 2.574, 5.106, 6.561, 6.707, 6.244, 6.068, 5.925, 5.866, 6.546, 7.196, 5.581, 5.168, 4.885, 5.464, 6.247, 6.137, 6.911, 8.241, 8.252, 7.55, 8.227, 8.042, 7.556, 8.616, 11.571, 14.05, 14.689, 13.169, 12.421, 13.108, 12.224, 9.767, 9.046, 9.094, 9.57, 9.249, 9.544, 9.485, 10.186, 10.541, 10.972, 11.885, 11.387, 10.832, 10.505, 9.134, 8.404, 9.214, 10.735, 11.31, 11.263, 10.316, 8.124, 5.626], [8.06, 7.389, 7.983, 7.18, 7.148, 7.405, 6.896, 7.275, 7.774, 7.849, 9.033, 9.88, 9.795, 9.059, 6.403, 5.532, 5.982, 5.391, 4.367, 4.289, 5.441, 4.672, 1.644, 1.047, 0.0, 1.529, 1.974, 1.973, 3.786, 6.457, 8.092, 8.516, 7.941, 7.625, 6.987, 4.679, 3.434, 3.86, 3.71, 3.834, 5.62, 5.366, 5.303, 6.34, 6.65, 7.425, 8.134, 7.691, 7.827, 7.638, 6.407, 3.978, 3.32, 3.971, 3.088, 1.924, 2.02, 2.255, 2.52, 1.593, 2.352, 2.76, 2.556, 3.057, 3.991, 4.388, 3.916, 3.287, 4.897, 7.062, 7.754, 6.023, 5.185, 3.991, 2.17, 3.233, 3.874, 4.105, 5.157, 5.958, 5.256, 3.695, 2.765, 2.209, 4.82, 6.696, 5.012, 2.374, 1.977, 2.684, 3.02, 2.948, 2.448, 4.768, 6.254, 6.442, 5.887, 5.8, 5.712, 5.611, 6.22, 6.918, 5.277, 4.844, 4.601, 5.192, 5.951, 5.879, 6.632, 7.963, 7.973, 7.192, 7.942, 7.757, 7.25, 8.274, 11.287, 13.766, 14.405, 12.818, 12.134, 12.824, 11.939, 9.65, 8.88, 8.979, 9.412, 9.119, 9.292, 9.217, 9.897, 10.176, 10.641, 11.621, 11.14, 10.568, 10.157, 8.908, 8.204, 8.987, 10.401, 11.026, 10.988, 10.01, 7.838, 5.448], [8.31, 7.397, 8.092, 7.038, 6.789, 7.15, 6.711, 7.074, 7.608, 7.744, 8.98, 10.03, 10.022, 9.267, 6.489, 5.675, 6.177, 5.575, 4.388, 4.426, 5.75, 4.968, 1.584, 1.135, 1.529, 0.0, 1.336, 1.636, 3.592, 6.147, 7.888, 8.233, 7.661, 7.364, 6.726, 4.419, 3.21, 3.568, 3.391, 3.551, 5.312, 5.116, 5.027, 6.033, 6.332, 7.162, 7.847, 7.4, 7.61, 7.4, 6.102, 3.487, 2.852, 3.26, 2.349, 1.438, 2.404, 2.155, 2.141, 1.853, 2.325, 2.736, 2.742, 3.249, 4.082, 4.223, 3.633, 3.024, 4.946, 6.984, 7.802, 6.369, 5.341, 4.023, 2.611, 3.599, 4.343, 4.31, 5.126, 6.067, 5.377, 3.877, 2.597, 2.218, 5.14, 7.04, 5.306, 2.098, 1.233, 2.494, 2.767, 2.41, 2.449, 5.071, 6.497, 6.586, 6.137, 5.96, 5.833, 5.78, 6.433, 7.103, 5.458, 5.101, 4.829, 5.455, 6.179, 6.126, 6.877, 8.175, 8.146, 7.486, 8.145, 7.978, 7.458, 8.585, 11.482, 13.985, 14.6, 13.161, 12.367, 13.03, 12.139, 9.722, 8.912, 8.963, 9.407, 9.236, 9.517, 9.446, 10.152, 10.457, 10.9, 11.893, 11.396, 10.84, 10.436, 9.062, 8.401, 9.187, 10.656, 11.245, 11.186, 10.308, 8.033, 5.609], [9.14, 8.285, 8.957, 7.965, 7.433, 7.901, 7.464, 7.811, 8.36, 8.519, 9.812, 10.899, 10.86, 10.111, 7.473, 6.527, 7.047, 6.414, 5.261, 5.269, 6.4, 5.604, 2.288, 1.675, 1.974, 1.336, 0.0, 1.264, 2.965, 5.483, 7.197, 7.475, 6.862, 6.561, 5.909, 3.772, 3.0, 2.857, 2.574, 2.856, 4.482, 4.254, 4.197, 5.197, 5.503, 6.291, 6.981, 6.583, 6.749, 6.565, 5.48, 2.909, 2.277, 2.689, 1.785, 2.224, 3.005, 2.43, 2.248, 2.261, 2.623, 2.833, 2.834, 3.435, 4.16, 3.978, 3.131, 3.094, 4.857, 6.404, 7.087, 5.878, 4.74, 3.792, 3.071, 4.056, 4.72, 4.766, 5.691, 6.676, 6.112, 4.602, 3.221, 2.891, 5.833, 7.767, 6.12, 2.858, 1.69, 3.213, 3.541, 2.749, 3.1, 5.781, 7.318, 7.32, 6.907, 6.796, 6.623, 6.476, 7.24, 7.936, 6.294, 5.909, 5.666, 6.285, 7.002, 6.956, 7.707, 9.019, 9.016, 8.29, 9.008, 8.823, 8.315, 9.263, 12.352, 14.831, 15.47, 13.906, 13.196, 13.889, 13.005, 10.426, 9.786, 9.658, 10.135, 9.983, 10.323, 10.252, 10.978, 11.247, 11.72, 12.723, 12.226, 11.67, 11.249, 9.913, 9.111, 9.949, 11.483, 12.091, 12.042, 11.112, 8.903, 6.316], [9.44, 8.552, 9.159, 8.471, 8.096, 8.493, 8.023, 8.393, 8.918, 9.063, 10.305, 11.134, 11.151, 10.397, 7.781, 6.841, 7.309, 6.666, 5.644, 5.446, 6.759, 5.892, 2.721, 1.991, 1.973, 1.636, 1.264, 0.0, 2.384, 5.128, 6.714, 7.195, 6.579, 6.254, 5.707, 3.482, 2.64, 2.655, 2.277, 2.554, 4.183, 4.138, 3.978, 4.922, 5.283, 6.135, 6.822, 6.323, 6.576, 6.387, 5.069, 2.591, 2.756, 3.313, 2.366, 2.612, 3.084, 2.591, 2.665, 2.315, 2.811, 2.612, 2.256, 2.79, 3.592, 3.545, 2.647, 2.412, 4.218, 5.894, 6.568, 5.337, 4.224, 3.292, 2.55, 3.876, 4.37, 4.594, 5.955, 7.043, 6.466, 4.902, 3.483, 3.169, 6.084, 8.058, 6.382, 3.14, 2.247, 3.67, 4.194, 3.3, 3.502, 5.979, 7.499, 7.68, 7.109, 7.109, 7.026, 6.871, 7.512, 8.189, 6.557, 6.198, 5.96, 6.585, 7.302, 7.265, 8.007, 9.304, 9.276, 8.499, 9.214, 9.108, 8.572, 9.594, 12.598, 15.109, 15.725, 14.225, 13.52, 14.16, 13.209, 10.769, 10.027, 10.259, 10.734, 10.459, 10.641, 10.559, 11.299, 11.444, 11.908, 13.023, 12.526, 11.97, 11.439, 10.139, 9.45, 10.354, 11.677, 12.375, 12.368, 11.414, 9.16, 6.697], [11.466, 10.775, 11.315, 10.278, 9.72, 10.414, 10.065, 10.406, 10.981, 11.25, 12.468, 13.25, 13.201, 12.451, 9.591, 8.885, 9.404, 8.76, 7.71, 7.581, 8.882, 8.135, 4.735, 3.654, 3.786, 3.592, 2.965, 2.384, 0.0, 3.139, 4.74, 5.283, 4.715, 4.602, 4.198, 2.75, 2.367, 2.056, 1.555, 1.717, 2.738, 2.166, 2.31, 3.234, 3.329, 4.0, 4.769, 4.359, 4.522, 4.582, 3.152, 1.327, 2.587, 2.742, 2.524, 4.562, 4.855, 3.972, 3.772, 3.917, 4.663, 3.484, 2.67, 2.903, 3.367, 2.663, 2.021, 2.884, 3.917, 4.578, 5.178, 4.815, 3.458, 2.656, 4.04, 5.562, 5.692, 5.924, 7.731, 8.951, 8.518, 6.934, 5.426, 5.182, 8.168, 10.054, 8.446, 5.088, 4.144, 5.668, 6.139, 4.974, 5.677, 8.245, 9.675, 9.914, 9.25, 9.171, 9.066, 9.036, 9.608, 10.282, 8.644, 8.252, 8.013, 8.582, 9.342, 9.199, 10.03, 11.359, 11.356, 10.661, 11.348, 11.163, 10.688, 11.808, 14.692, 17.171, 17.811, 16.297, 15.551, 16.23, 15.351, 13.074, 12.168, 12.446, 12.785, 12.572, 12.69, 12.59, 13.346, 13.605, 14.011, 14.984, 14.45, 13.917, 13.634, 12.292, 11.571, 12.469, 13.804, 14.431, 14.452, 13.428, 11.248, 8.839], [14.441, 13.453, 14.158, 12.867, 11.742, 12.449, 12.174, 12.546, 13.116, 13.598, 15.058, 16.133, 16.152, 15.397, 12.581, 11.804, 12.304, 11.676, 10.411, 10.344, 11.74, 10.877, 7.314, 6.172, 6.457, 6.147, 5.483, 5.128, 3.139, 0.0, 2.183, 2.612, 2.56, 3.037, 3.012, 3.069, 3.558, 3.274, 3.254, 3.015, 2.481, 2.193, 2.12, 2.071, 2.328, 2.327, 2.281, 2.239, 2.58, 2.986, 1.797, 3.086, 4.271, 4.338, 4.905, 7.272, 7.893, 6.979, 6.246, 6.715, 7.589, 6.484, 5.533, 4.546, 4.209, 3.072, 3.415, 4.483, 4.658, 4.775, 4.984, 4.957, 3.955, 3.965, 6.9, 8.361, 8.063, 8.529, 10.621, 11.884, 11.252, 9.73, 8.297, 7.979, 10.929, 12.926, 11.285, 7.876, 6.6, 8.19, 8.358, 7.453, 8.384, 11.029, 12.514, 12.553, 12.124, 12.08, 11.95, 11.72, 12.487, 13.181, 11.531, 11.199, 10.959, 11.586, 12.303, 12.257, 13.008, 14.305, 14.27, 13.515, 14.219, 14.109, 13.549, 14.557, 17.599, 20.112, 20.726, 19.211, 18.497, 19.161, 18.211, 15.622, 14.854, 14.841, 15.374, 15.27, 15.602, 15.55, 16.278, 16.463, 16.955, 18.024, 17.526, 16.97, 16.448, 15.118, 14.386, 15.246, 16.695, 17.376, 17.316, 16.413, 14.161, 11.625], [16.065, 15.111, 15.762, 14.534, 13.375, 14.083, 13.834, 14.184, 14.753, 15.31, 16.753, 17.757, 17.776, 17.021, 14.205, 13.428, 13.934, 13.275, 12.037, 11.921, 13.331, 12.495, 8.964, 7.85, 8.092, 7.888, 7.197, 6.714, 4.74, 2.183, 0.0, 1.259, 1.608, 2.242, 2.708, 3.922, 4.902, 4.602, 4.831, 4.57, 3.429, 3.653, 3.582, 2.944, 2.73, 2.393, 2.265, 2.635, 1.928, 1.802, 2.142, 4.598, 5.904, 6.056, 6.565, 8.914, 9.516, 8.603, 7.866, 8.283, 9.209, 8.053, 7.072, 6.01, 4.878, 4.108, 4.824, 5.828, 4.668, 3.889, 3.716, 4.184, 4.267, 5.146, 8.471, 9.716, 9.223, 9.858, 11.961, 13.372, 12.671, 11.246, 9.847, 9.514, 12.467, 14.499, 12.861, 9.44, 8.225, 9.823, 10.055, 9.145, 10.051, 12.631, 14.111, 14.258, 13.707, 13.698, 13.562, 13.382, 14.094, 14.75, 13.149, 12.823, 12.583, 13.21, 13.927, 13.878, 14.632, 15.929, 15.893, 15.115, 15.839, 15.733, 15.187, 16.19, 19.222, 21.734, 22.35, 20.837, 20.136, 20.785, 19.839, 17.262, 16.471, 16.551, 17.095, 16.955, 17.248, 17.174, 17.917, 18.068, 18.544, 19.648, 19.135, 18.592, 18.056, 16.741, 15.949, 16.936, 18.302, 19.0, 18.998, 18.038, 15.785, 13.203], [16.495, 15.541, 16.245, 14.936, 13.55, 14.242, 14.041, 14.367, 14.924, 15.617, 17.13, 18.199, 18.209, 17.455, 14.631, 13.861, 14.366, 13.758, 12.483, 12.383, 13.761, 12.895, 9.362, 8.259, 8.516, 8.233, 7.475, 7.195, 5.283, 2.612, 1.259, 0.0, 1.421, 2.05, 2.676, 4.207, 5.232, 4.874, 5.134, 4.937, 3.578, 3.707, 3.756, 3.146, 2.937, 2.585, 2.162, 2.509, 1.863, 1.91, 2.487, 4.909, 6.133, 6.172, 6.861, 9.348, 9.939, 9.047, 8.285, 8.771, 9.641, 8.505, 7.531, 6.475, 5.346, 4.529, 5.269, 6.269, 5.064, 4.351, 4.153, 4.533, 4.688, 5.566, 8.906, 10.173, 9.567, 10.244, 12.43, 13.833, 13.141, 11.71, 10.319, 9.998, 12.973, 14.98, 13.3, 9.929, 8.624, 10.198, 10.316, 9.46, 10.392, 13.07, 14.604, 14.622, 14.197, 14.13, 13.997, 13.752, 14.56, 15.244, 13.599, 13.263, 13.016, 13.635, 14.363, 14.298, 15.061, 16.363, 16.332, 15.588, 16.299, 16.167, 15.626, 16.566, 19.665, 22.19, 22.788, 21.286, 20.558, 21.221, 20.293, 17.666, 16.925, 16.846, 17.36, 17.332, 17.679, 17.618, 18.354, 18.533, 19.031, 20.068, 19.556, 19.029, 18.53, 17.208, 16.413, 17.323, 18.777, 19.434, 19.376, 18.462, 16.223, 13.649], [15.964, 14.968, 15.678, 14.378, 12.556, 13.348, 13.192, 13.48, 14.008, 14.984, 16.535, 17.668, 17.679, 16.925, 14.1, 13.33, 13.835, 13.184, 11.911, 11.771, 13.155, 12.218, 8.754, 7.656, 7.941, 7.661, 6.862, 6.579, 4.715, 2.56, 1.608, 1.421, 0.0, 1.396, 1.622, 3.467, 4.583, 4.159, 4.386, 4.266, 2.766, 2.948, 2.841, 2.296, 2.321, 2.101, 2.22, 2.102, 1.554, 1.762, 2.01, 4.403, 5.578, 5.595, 6.326, 8.804, 9.406, 8.496, 7.742, 8.15, 9.115, 7.992, 7.014, 5.958, 4.824, 4.021, 4.736, 5.852, 5.12, 4.3, 4.121, 4.476, 4.138, 5.046, 8.382, 9.656, 9.051, 9.738, 11.919, 13.322, 12.621, 11.182, 9.787, 9.472, 12.399, 14.42, 12.769, 9.348, 8.014, 9.556, 9.609, 8.778, 9.746, 12.421, 14.019, 14.002, 13.624, 13.609, 13.463, 13.156, 14.024, 14.698, 13.066, 12.726, 12.486, 13.105, 13.828, 13.768, 14.53, 15.832, 15.802, 15.028, 15.754, 15.636, 15.084, 15.947, 19.132, 21.638, 22.257, 20.731, 20.022, 20.69, 19.749, 17.046, 16.336, 16.287, 16.657, 16.778, 17.127, 17.073, 17.801, 17.988, 18.457, 19.537, 19.025, 18.482, 17.962, 16.632, 15.816, 16.761, 18.226, 18.903, 18.845, 17.931, 15.692, 13.055], [15.667, 14.671, 15.381, 14.073, 12.135, 12.969, 12.836, 13.092, 13.624, 14.686, 16.238, 17.371, 17.382, 16.628, 13.803, 13.034, 13.538, 12.874, 11.617, 11.441, 12.854, 11.926, 8.444, 7.359, 7.625, 7.364, 6.561, 6.254, 4.602, 3.037, 2.242, 2.05, 1.396, 0.0, 1.212, 3.063, 4.235, 3.838, 4.031, 3.958, 2.347, 2.802, 2.723, 2.038, 1.964, 1.81, 2.249, 2.12, 1.518, 1.512, 2.056, 4.158, 5.553, 5.601, 6.036, 8.507, 9.109, 8.199, 7.493, 7.855, 8.814, 7.635, 6.651, 5.605, 4.434, 3.684, 4.416, 5.451, 4.534, 3.655, 3.505, 3.709, 3.688, 4.721, 8.045, 9.295, 8.649, 9.306, 11.535, 12.956, 12.272, 10.847, 9.439, 9.126, 12.065, 14.111, 12.472, 9.027, 7.677, 9.246, 9.339, 8.503, 9.409, 12.063, 13.715, 13.68, 13.284, 13.297, 13.138, 12.839, 13.708, 14.358, 12.763, 12.429, 12.189, 12.808, 13.531, 13.47, 14.233, 15.535, 15.505, 14.717, 15.457, 15.339, 14.787, 15.657, 18.835, 21.341, 21.961, 20.425, 19.725, 20.393, 19.452, 16.72, 16.004, 15.973, 16.388, 16.481, 16.825, 16.776, 17.504, 17.68, 18.144, 19.24, 18.728, 18.185, 17.657, 16.33, 15.481, 16.461, 17.919, 18.606, 18.548, 17.634, 15.395, 12.746], [15.02, 14.093, 14.792, 13.435, 11.483, 12.279, 12.243, 12.533, 12.978, 14.073, 15.611, 16.755, 16.733, 15.982, 13.152, 12.382, 12.902, 12.236, 10.988, 10.829, 12.182, 11.295, 7.857, 6.724, 6.987, 6.726, 5.909, 5.707, 4.198, 3.012, 2.708, 2.676, 1.622, 1.212, 0.0, 2.31, 3.604, 3.169, 3.552, 3.509, 2.033, 2.463, 2.434, 1.959, 1.875, 2.076, 2.582, 2.312, 1.774, 1.868, 2.176, 3.973, 5.128, 5.284, 5.507, 7.877, 8.477, 7.564, 6.826, 7.281, 8.166, 6.999, 6.022, 4.96, 3.939, 3.106, 3.809, 4.906, 4.344, 3.686, 3.589, 3.546, 3.246, 4.084, 7.414, 8.669, 8.041, 8.729, 10.888, 12.315, 11.65, 10.23, 8.791, 8.478, 11.482, 13.48, 11.838, 8.449, 7.11, 8.65, 8.66, 7.872, 8.758, 11.518, 13.132, 13.097, 12.699, 12.652, 12.497, 12.227, 13.088, 13.752, 12.15, 11.784, 11.544, 12.156, 12.88, 12.819, 13.582, 14.884, 14.871, 14.107, 14.863, 14.693, 14.171, 15.024, 18.208, 20.694, 21.326, 19.786, 19.081, 19.745, 18.86, 16.124, 15.376, 15.325, 15.675, 15.842, 16.179, 16.135, 16.863, 17.084, 17.525, 18.608, 18.088, 17.555, 17.075, 15.741, 14.803, 15.81, 17.32, 17.96, 17.901, 16.996, 14.759, 12.086], [12.717, 11.786, 12.486, 11.139, 10.038, 10.631, 10.317, 10.659, 11.212, 11.785, 13.334, 14.449, 14.429, 13.674, 10.857, 10.081, 10.596, 9.93, 8.682, 8.522, 9.873, 8.993, 5.55, 4.431, 4.679, 4.419, 3.772, 3.482, 2.75, 3.069, 3.922, 4.207, 3.467, 3.063, 2.31, 0.0, 1.37, 1.438, 1.764, 1.892, 2.149, 2.264, 2.021, 2.41, 2.574, 3.395, 4.084, 3.441, 3.254, 3.145, 2.527, 2.688, 4.034, 4.495, 3.831, 5.571, 6.169, 5.29, 4.834, 4.98, 5.861, 4.734, 3.772, 2.96, 2.282, 1.848, 2.138, 3.222, 3.308, 3.722, 4.396, 3.427, 2.564, 2.432, 5.157, 6.42, 5.862, 6.512, 8.65, 10.049, 9.36, 7.971, 6.528, 6.178, 9.176, 11.174, 9.531, 6.142, 4.858, 6.354, 6.469, 5.653, 6.451, 9.212, 10.825, 10.79, 10.405, 10.353, 10.21, 9.938, 10.784, 11.481, 9.843, 9.476, 9.236, 9.862, 10.579, 10.533, 11.284, 12.581, 12.565, 11.801, 12.557, 12.385, 11.864, 12.718, 15.901, 18.386, 19.02, 17.478, 16.773, 17.439, 16.554, 13.818, 13.07, 13.073, 13.427, 13.535, 13.878, 13.827, 14.555, 14.778, 15.219, 16.3, 15.803, 15.247, 14.769, 13.435, 12.495, 13.506, 15.013, 15.652, 15.593, 14.689, 12.452, 9.778], [11.473, 10.489, 11.188, 9.915, 8.972, 9.483, 9.139, 9.503, 10.066, 10.529, 12.082, 13.165, 13.184, 12.429, 9.612, 8.836, 9.336, 8.671, 7.41, 7.267, 8.664, 7.755, 4.26, 3.257, 3.434, 3.21, 3.0, 2.64, 2.367, 3.558, 4.902, 5.232, 4.583, 4.235, 3.604, 1.37, 0.0, 1.158, 1.502, 1.69, 2.634, 2.7, 2.452, 3.204, 3.451, 4.301, 4.967, 4.36, 4.506, 4.353, 3.313, 2.262, 3.483, 3.993, 3.261, 4.307, 4.928, 4.336, 3.86, 3.684, 4.621, 3.503, 2.554, 2.122, 2.096, 2.021, 1.807, 2.569, 3.146, 4.638, 5.519, 4.211, 3.138, 2.218, 3.92, 5.248, 4.785, 5.398, 7.49, 8.848, 8.145, 6.71, 5.292, 4.943, 7.886, 9.907, 8.289, 4.857, 3.671, 5.109, 5.262, 4.646, 5.24, 7.939, 9.527, 9.493, 9.115, 9.111, 8.973, 8.651, 9.512, 10.194, 8.562, 8.231, 7.991, 8.617, 9.335, 9.288, 10.039, 11.337, 11.301, 10.51, 11.259, 11.14, 10.581, 11.459, 14.63, 17.142, 17.758, 16.233, 15.529, 16.193, 15.256, 12.541, 11.797, 11.872, 12.231, 12.294, 12.633, 12.582, 13.31, 13.48, 13.938, 15.055, 14.558, 14.002, 13.471, 12.137, 11.273, 12.262, 13.716, 14.407, 14.348, 13.444, 11.193, 8.542], [11.878, 10.924, 11.623, 10.289, 9.1, 9.684, 9.371, 9.746, 10.293, 10.905, 12.453, 13.587, 13.59, 12.835, 10.018, 9.242, 9.741, 9.077, 7.82, 7.774, 9.121, 8.248, 4.74, 3.58, 3.86, 3.568, 2.857, 2.655, 2.056, 3.274, 4.602, 4.874, 4.159, 3.838, 3.169, 1.438, 1.158, 0.0, 1.078, 1.569, 2.28, 2.294, 2.075, 2.885, 3.179, 3.926, 4.606, 4.012, 4.087, 3.932, 2.949, 1.692, 2.885, 3.225, 2.862, 4.709, 5.33, 4.473, 3.947, 4.132, 5.022, 3.944, 3.095, 2.857, 2.637, 2.246, 1.84, 3.143, 3.637, 4.488, 5.359, 4.373, 3.168, 2.459, 4.312, 5.639, 5.326, 5.916, 7.903, 9.241, 8.575, 7.114, 5.663, 5.346, 8.332, 10.313, 8.712, 5.295, 4.009, 5.558, 5.627, 4.834, 5.743, 8.435, 9.967, 9.964, 9.548, 9.501, 9.35, 9.075, 9.922, 10.593, 8.981, 8.636, 8.397, 9.023, 9.74, 9.693, 10.445, 11.742, 11.707, 10.956, 11.695, 11.546, 11.002, 11.946, 15.039, 17.547, 18.163, 16.649, 15.934, 16.598, 15.692, 13.031, 12.273, 12.198, 12.64, 12.702, 13.039, 12.987, 13.716, 13.942, 14.369, 15.461, 14.95, 14.408, 13.92, 12.573, 11.735, 12.667, 14.156, 14.813, 14.753, 13.85, 11.598, 8.998], [11.701, 10.687, 11.398, 10.112, 8.847, 9.479, 9.166, 9.52, 10.103, 10.728, 12.262, 13.393, 13.412, 12.657, 9.841, 9.064, 9.564, 8.899, 7.638, 7.434, 8.859, 7.921, 4.458, 3.468, 3.71, 3.391, 2.574, 2.277, 1.555, 3.254, 4.831, 5.134, 4.386, 4.031, 3.552, 1.764, 1.502, 1.078, 0.0, 1.184, 2.038, 2.129,