[[0.0, 1.332, 2.213, 4.712, 7.013, 6.607, 5.358, 4.528, 4.611, 4.739, 5.199, 7.411, 10.7, 8.578, 5.572, 5.123, 4.317, 2.506, 2.571, 3.179, 2.672, 2.003, 1.831, 2.001, 2.19, 2.945, 3.358, 3.919, 4.917, 5.39, 5.774, 4.875, 4.38, 4.183, 4.158, 3.18, 2.558, 2.021, 3.889, 6.157, 7.066, 7.34, 7.073, 6.842, 7.033, 6.516, 6.203, 5.821, 5.605, 4.383, 3.926, 3.867, 4.241, 4.667, 4.727, 4.804, 4.811, 5.417, 4.422, 2.257, 1.56, 1.381, 1.207, 2.004, 3.54, 5.874, 6.073, 5.984, 3.939, 3.732, 4.245, 4.281, 3.149, 2.612, 3.095, 3.909, 5.078, 4.984, 4.617, 4.719, 4.617, 4.538, 5.271, 5.997, 5.526, 3.45, 2.305, 2.352, 3.717, 4.802, 3.627, 2.762, 2.672, 3.105, 2.759, 2.462, 2.34, 4.092, 4.685, 3.541, 3.914, 5.814, 6.337, 5.488, 5.398, 6.119, 7.411, 8.434, 6.674, 4.869, 3.519, 2.669, 3.28, 4.578, 3.142, 2.195, 1.657, 2.323, 3.3, 4.765, 4.981, 4.786, 5.122, 5.42, 5.246, 4.539, 4.878, 5.35, 6.297, 6.191, 6.146, 6.387, 6.774, 7.413, 7.808, 8.31, 8.69, 8.629, 8.174, 8.433, 7.414, 5.137, 3.822, 2.986, 3.475, 4.722], [1.332, 0.0, 1.607, 3.897, 6.122, 5.807, 4.775, 4.115, 4.191, 4.32, 4.775, 6.552, 10.057, 8.021, 5.181, 4.679, 3.78, 2.722, 3.429, 4.085, 3.541, 2.541, 2.054, 2.468, 2.633, 3.268, 3.426, 3.698, 4.419, 4.868, 5.124, 4.347, 3.653, 3.554, 3.858, 3.172, 3.198, 2.428, 3.87, 5.813, 6.539, 6.819, 6.576, 6.395, 6.597, 6.172, 5.837, 5.497, 5.446, 4.102, 3.609, 3.842, 3.963, 4.49, 4.573, 4.693, 4.688, 5.455, 4.571, 2.45, 2.232, 1.978, 1.928, 2.858, 4.387, 6.773, 7.027, 6.797, 5.003, 4.19, 4.805, 4.778, 3.635, 3.272, 4.066, 4.751, 5.98, 5.94, 5.66, 5.673, 5.634, 5.585, 6.216, 7.06, 6.615, 4.47, 2.721, 2.859, 4.669, 5.787, 4.461, 3.318, 3.141, 3.319, 3.131, 2.852, 2.23, 3.652, 4.452, 3.533, 3.715, 5.295, 5.739, 5.134, 5.137, 5.717, 6.968, 7.9, 6.147, 4.692, 3.275, 2.365, 2.771, 3.542, 2.553, 2.702, 2.357, 2.974, 4.01, 5.656, 5.839, 5.642, 5.971, 6.238, 6.147, 5.421, 5.923, 6.265, 7.171, 7.057, 7.008, 7.244, 7.633, 8.254, 8.694, 9.145, 9.528, 9.481, 9.009, 9.275, 8.234, 6.004, 4.257, 3.645, 4.031, 4.603], [2.213, 1.607, 0.0, 2.634, 4.94, 4.886, 3.726, 2.981, 2.812, 3.263, 3.873, 5.609, 8.86, 7.115, 4.278, 3.536, 2.904, 2.872, 4.43, 4.761, 4.242, 3.239, 2.819, 3.004, 3.122, 3.232, 3.47, 3.425, 3.939, 3.805, 3.875, 2.891, 2.448, 2.647, 3.455, 3.21, 3.482, 3.277, 4.191, 5.428, 5.839, 6.161, 6.026, 5.898, 6.1, 5.508, 4.85, 4.804, 4.952, 3.754, 3.105, 3.311, 3.636, 4.218, 4.376, 4.459, 4.503, 5.186, 4.153, 2.378, 2.678, 2.621, 2.638, 3.879, 5.579, 7.993, 8.165, 8.068, 6.039, 5.01, 5.348, 5.45, 4.157, 4.078, 4.845, 5.818, 6.79, 6.554, 6.59, 6.705, 6.546, 6.439, 7.215, 7.966, 7.537, 5.267, 3.15, 3.623, 5.531, 6.669, 5.418, 4.206, 4.152, 4.459, 4.313, 4.051, 2.645, 3.228, 4.329, 3.71, 2.961, 4.3, 4.888, 4.257, 4.459, 4.835, 6.054, 7.168, 5.592, 4.554, 3.47, 2.744, 2.252, 2.847, 1.843, 3.012, 3.235, 3.934, 5.021, 6.656, 6.987, 6.711, 7.049, 7.433, 7.227, 6.606, 6.879, 7.418, 8.413, 8.303, 8.211, 8.366, 8.749, 9.508, 9.942, 10.364, 10.719, 10.691, 10.236, 10.444, 9.344, 7.024, 5.109, 4.52, 4.712, 4.608], [4.712, 3.897, 2.634, 0.0, 2.629, 3.043, 2.339, 2.56, 2.173, 2.848, 3.595, 4.091, 7.36, 6.398, 4.079, 3.91, 3.384, 4.836, 6.899, 7.196, 6.708, 5.473, 5.259, 5.429, 5.51, 5.001, 4.777, 4.319, 4.337, 3.331, 2.675, 1.781, 1.618, 2.821, 4.329, 5.026, 5.621, 5.681, 5.812, 5.894, 5.492, 5.718, 6.253, 6.055, 6.266, 5.686, 4.758, 5.125, 5.499, 4.303, 3.79, 3.918, 4.143, 4.722, 4.953, 5.139, 5.26, 5.709, 4.92, 4.231, 5.026, 5.034, 5.077, 6.37, 8.066, 10.427, 10.588, 10.62, 8.579, 6.786, 6.854, 6.795, 5.862, 5.998, 7.356, 8.356, 9.306, 9.048, 9.053, 9.226, 9.019, 8.907, 9.565, 10.332, 9.979, 7.694, 5.305, 6.12, 8.034, 9.155, 7.912, 6.728, 6.607, 6.87, 6.756, 6.481, 4.657, 3.978, 4.994, 4.968, 3.595, 4.342, 4.617, 4.669, 4.779, 4.589, 5.512, 6.775, 5.9, 5.223, 5.308, 4.632, 3.047, 1.715, 2.603, 4.988, 5.6, 6.243, 7.48, 8.897, 9.439, 9.092, 9.379, 9.883, 9.665, 9.041, 9.3, 9.891, 10.872, 10.733, 10.634, 10.745, 11.187, 11.958, 12.395, 12.83, 13.215, 13.162, 12.686, 12.949, 11.826, 9.312, 7.048, 6.448, 6.712, 5.339], [7.013, 6.122, 4.94, 2.629, 0.0, 1.864, 3.036, 4.089, 3.363, 3.527, 4.346, 4.22, 6.4, 5.758, 4.479, 4.598, 4.805, 6.872, 9.231, 9.553, 9.064, 7.87, 7.519, 7.585, 7.588, 7.002, 6.285, 5.87, 5.685, 4.357, 2.988, 3.05, 3.18, 4.315, 5.574, 7.128, 8.065, 8.159, 8.149, 6.92, 5.889, 6.338, 7.019, 6.694, 6.762, 6.171, 5.408, 5.557, 6.207, 5.618, 5.517, 5.489, 5.657, 6.148, 6.791, 6.814, 7.099, 7.079, 6.613, 6.357, 7.221, 7.365, 7.469, 8.631, 10.471, 12.855, 12.943, 12.763, 10.888, 9.014, 8.815, 8.525, 8.088, 8.315, 9.363, 10.294, 11.177, 10.988, 11.213, 11.316, 11.171, 11.18, 11.917, 12.59, 12.22, 9.707, 7.263, 8.17, 9.968, 11.023, 9.772, 8.728, 8.829, 9.257, 9.167, 8.888, 6.861, 5.748, 6.518, 6.736, 4.893, 4.975, 5.039, 5.639, 5.669, 5.235, 5.475, 6.702, 6.776, 7.198, 7.747, 7.041, 5.206, 3.497, 4.737, 7.239, 7.797, 8.499, 9.778, 11.259, 11.823, 11.557, 11.828, 12.318, 12.117, 11.473, 11.714, 12.282, 13.27, 13.072, 13.014, 13.134, 13.57, 14.206, 14.693, 15.208, 15.62, 15.569, 15.065, 15.311, 14.211, 11.686, 9.385, 8.862, 9.082, 7.125], [6.607, 5.807, 4.886, 3.043, 1.864, 0.0, 2.429, 3.607, 3.45, 3.092, 3.697, 3.905, 6.007, 5.336, 4.599, 4.919, 4.66, 6.455, 8.561, 9.138, 8.537, 7.298, 6.895, 7.293, 7.401, 7.185, 6.161, 5.603, 5.216, 3.841, 3.081, 3.247, 2.994, 3.525, 5.124, 6.574, 7.528, 7.456, 7.415, 6.431, 5.302, 5.636, 6.315, 6.0, 6.018, 5.448, 5.23, 5.359, 5.83, 5.211, 4.989, 5.099, 5.265, 5.62, 6.227, 6.306, 6.588, 6.607, 6.501, 6.435, 7.426, 6.797, 6.959, 8.018, 9.787, 12.177, 12.483, 12.342, 10.275, 9.352, 9.432, 9.173, 8.359, 8.415, 9.484, 10.247, 11.279, 11.216, 11.036, 11.207, 11.06, 11.017, 11.682, 12.498, 12.016, 9.983, 7.805, 8.215, 10.165, 11.232, 9.976, 8.632, 8.338, 8.598, 8.484, 8.206, 6.303, 5.257, 6.156, 6.248, 5.103, 5.656, 5.646, 5.75, 5.061, 4.656, 4.845, 5.879, 6.07, 6.676, 7.026, 6.331, 4.562, 3.214, 4.312, 6.821, 7.421, 7.942, 9.133, 10.59, 11.184, 10.857, 11.123, 11.643, 11.518, 10.82, 11.133, 11.571, 12.563, 12.46, 12.361, 12.485, 12.893, 13.651, 14.096, 14.529, 14.908, 14.847, 14.397, 14.643, 13.491, 10.997, 8.724, 8.083, 8.32, 6.537], [5.358, 4.775, 3.726, 2.339, 3.036, 2.429, 0.0, 1.505, 1.677, 1.828, 2.519, 3.285, 6.406, 4.632, 3.09, 3.639, 3.214, 4.841, 7.112, 7.534, 7.004, 5.873, 5.39, 5.831, 5.989, 5.667, 4.363, 3.661, 3.439, 2.264, 1.997, 1.508, 2.001, 2.378, 3.897, 5.152, 6.065, 5.827, 5.405, 4.836, 3.636, 3.954, 4.67, 4.536, 4.616, 4.255, 4.03, 4.208, 4.652, 3.56, 3.289, 3.622, 3.458, 3.959, 4.026, 4.033, 4.371, 4.822, 4.488, 5.01, 6.197, 5.502, 5.684, 6.391, 8.14, 10.558, 10.996, 10.873, 8.853, 8.537, 8.64, 8.511, 7.541, 7.526, 8.177, 8.872, 9.879, 9.801, 9.643, 9.777, 9.63, 9.55, 10.342, 11.124, 10.603, 8.601, 6.505, 6.852, 8.818, 9.839, 8.665, 7.268, 6.795, 6.827, 6.751, 6.487, 4.677, 3.156, 4.121, 4.534, 3.271, 4.525, 4.819, 4.484, 3.652, 3.214, 4.002, 4.792, 4.377, 4.466, 5.116, 4.394, 2.663, 1.87, 2.925, 5.567, 6.228, 6.297, 7.458, 8.909, 9.558, 9.178, 9.415, 9.953, 9.886, 9.268, 9.551, 9.839, 10.766, 10.655, 10.624, 10.682, 11.112, 11.937, 12.467, 12.863, 13.134, 13.063, 12.675, 12.979, 11.916, 9.345, 6.86, 6.215, 6.486, 4.576], [4.528, 4.115, 2.981, 2.56, 4.089, 3.607, 1.505, 0.0, 1.046, 1.63, 2.119, 3.584, 7.156, 4.733, 2.468, 3.134, 2.677, 3.833, 6.143, 6.46, 5.975, 4.796, 4.398, 4.81, 4.967, 4.584, 3.447, 2.806, 2.771, 2.05, 2.08, 1.514, 2.132, 2.277, 3.414, 4.209, 4.969, 4.883, 4.548, 4.221, 3.398, 3.541, 4.317, 4.159, 4.256, 3.855, 3.315, 3.797, 4.153, 3.007, 2.674, 3.063, 2.939, 3.376, 3.327, 3.296, 3.419, 4.094, 3.49, 3.815, 5.151, 4.544, 4.699, 5.602, 7.23, 9.593, 10.007, 9.909, 7.859, 7.856, 8.095, 7.983, 6.974, 6.658, 7.161, 8.003, 8.864, 8.848, 8.698, 8.783, 8.609, 8.51, 9.236, 9.952, 9.543, 7.462, 5.337, 5.743, 7.698, 8.8, 7.565, 6.235, 5.84, 5.921, 5.848, 5.546, 3.754, 2.326, 3.435, 3.651, 2.437, 3.849, 4.265, 3.639, 3.052, 2.758, 3.82, 4.707, 3.902, 3.8, 4.309, 3.432, 1.993, 1.818, 2.021, 4.61, 5.232, 5.389, 6.622, 7.957, 8.634, 8.181, 8.449, 9.016, 8.913, 8.302, 8.483, 8.908, 9.903, 9.767, 9.736, 9.835, 10.241, 11.1, 11.6, 11.99, 12.321, 12.264, 11.798, 12.098, 11.005, 8.465, 5.977, 5.432, 5.687, 3.95], [4.611, 4.191, 2.812, 2.173, 3.363, 3.45, 1.677, 1.046, 0.0, 1.681, 2.379, 3.582, 6.758, 4.633, 2.734, 2.988, 2.724, 4.204, 6.547, 6.854, 6.316, 5.085, 4.783, 5.02, 5.158, 4.579, 3.579, 2.987, 3.102, 2.317, 1.727, 1.093, 2.028, 2.657, 3.627, 4.434, 5.286, 5.302, 5.1, 4.657, 3.861, 4.179, 4.909, 4.707, 4.83, 4.225, 3.567, 3.887, 4.379, 3.228, 2.863, 3.145, 3.18, 3.669, 3.834, 3.832, 3.932, 4.512, 3.667, 3.792, 4.893, 4.7, 4.738, 5.981, 7.694, 10.093, 10.31, 10.274, 8.214, 7.666, 7.901, 7.896, 6.806, 6.576, 7.121, 8.156, 9.031, 8.879, 8.777, 8.97, 8.745, 8.627, 9.372, 10.157, 9.708, 7.55, 5.237, 5.874, 7.769, 8.866, 7.644, 6.466, 6.304, 6.553, 6.417, 6.162, 4.214, 2.675, 3.805, 4.001, 2.452, 3.646, 4.048, 3.599, 3.464, 3.222, 3.949, 5.08, 4.58, 4.267, 4.887, 4.005, 2.379, 1.887, 2.062, 4.737, 5.385, 5.916, 7.136, 8.565, 9.098, 8.765, 9.046, 9.543, 9.349, 8.745, 8.984, 9.535, 10.53, 10.422, 10.33, 10.424, 10.869, 11.668, 12.095, 12.482, 12.866, 12.813, 12.354, 12.6, 11.461, 8.952, 6.513, 5.955, 6.243, 4.351], [4.739, 4.32, 3.263, 2.848, 3.527, 3.092, 1.828, 1.63, 1.681, 0.0, 1.156, 2.915, 6.344, 4.147, 1.961, 2.289, 2.432, 4.467, 6.686, 7.187, 6.514, 5.393, 5.096, 5.331, 5.492, 5.164, 3.674, 2.87, 2.505, 1.515, 1.542, 1.792, 2.153, 1.674, 2.894, 4.622, 5.585, 5.486, 5.276, 3.811, 2.809, 3.11, 3.781, 3.522, 3.659, 3.096, 2.619, 2.776, 3.196, 2.533, 2.666, 2.773, 2.767, 3.116, 3.781, 3.726, 4.003, 3.878, 3.84, 4.447, 5.527, 4.946, 5.042, 6.183, 7.791, 10.228, 10.518, 10.476, 8.34, 8.011, 8.41, 8.388, 7.243, 6.899, 7.576, 8.342, 9.361, 9.3, 9.113, 9.317, 9.078, 9.003, 9.742, 10.596, 10.068, 8.07, 6.065, 6.315, 8.252, 9.282, 8.071, 6.77, 6.481, 6.685, 6.547, 6.292, 4.341, 2.792, 3.38, 4.132, 2.592, 3.065, 3.288, 3.019, 2.344, 2.203, 3.121, 4.065, 3.396, 4.186, 4.985, 4.234, 2.447, 2.43, 2.33, 4.96, 5.618, 6.077, 7.264, 8.695, 9.253, 8.897, 9.178, 9.679, 9.509, 8.896, 9.139, 9.659, 10.651, 10.552, 10.46, 10.555, 11.0, 11.808, 12.247, 12.616, 13.001, 12.951, 12.484, 12.718, 11.577, 9.094, 6.706, 6.093, 6.337, 4.195], [5.199, 4.775, 3.873, 3.595, 4.346, 3.697, 2.519, 2.119, 2.379, 1.156, 0.0, 2.694, 6.245, 3.709, 1.823, 2.327, 2.608, 4.678, 6.832, 7.389, 6.771, 5.603, 5.202, 5.567, 5.708, 5.438, 3.867, 2.853, 2.19, 1.697, 1.965, 2.664, 2.941, 2.029, 3.024, 4.813, 5.803, 5.605, 5.319, 3.547, 2.379, 2.362, 2.851, 2.731, 2.767, 2.209, 1.9, 2.028, 2.609, 2.651, 2.838, 3.006, 2.865, 3.141, 3.835, 3.712, 3.936, 3.797, 4.031, 4.679, 5.857, 5.156, 5.321, 6.382, 7.932, 10.349, 10.688, 10.644, 8.54, 8.612, 9.047, 9.012, 7.888, 7.411, 7.876, 8.645, 9.627, 9.671, 9.34, 9.523, 9.317, 9.264, 10.014, 10.852, 10.334, 8.329, 6.438, 6.576, 8.532, 9.554, 8.319, 6.967, 6.639, 6.763, 6.639, 6.372, 4.479, 2.91, 3.38, 4.28, 2.828, 2.711, 2.778, 2.555, 1.956, 1.497, 2.722, 3.519, 2.561, 4.211, 5.065, 4.241, 2.755, 3.04, 2.592, 5.308, 5.856, 6.207, 7.374, 8.786, 9.391, 8.976, 9.256, 9.781, 9.655, 9.034, 9.287, 9.747, 10.731, 10.631, 10.54, 10.634, 11.085, 11.922, 12.374, 12.744, 13.111, 13.061, 12.576, 12.839, 11.72, 9.22, 6.736, 6.181, 6.451, 4.285], [7.411, 6.552, 5.609, 4.091, 4.22, 3.905, 3.285, 3.584, 3.582, 2.915, 2.694, 0.0, 4.016, 2.607, 3.663, 3.72, 3.636, 7.095, 9.473, 9.846, 9.279, 7.927, 7.699, 8.106, 8.27, 7.953, 6.463, 5.292, 4.203, 3.015, 2.417, 3.494, 3.608, 3.829, 5.624, 7.486, 8.207, 8.241, 7.883, 5.678, 3.735, 3.466, 4.159, 4.536, 4.213, 3.402, 2.503, 3.387, 4.639, 5.101, 5.474, 5.62, 5.394, 5.692, 6.252, 5.991, 6.124, 5.923, 6.181, 6.968, 8.103, 7.583, 7.693, 8.788, 10.524, 12.956, 13.353, 13.257, 11.181, 9.976, 10.118, 9.95, 8.999, 8.988, 10.382, 11.218, 12.249, 12.052, 12.006, 12.049, 11.973, 11.831, 12.349, 13.214, 12.88, 10.765, 8.534, 9.065, 11.043, 12.167, 10.875, 9.514, 9.189, 9.368, 9.241, 8.979, 7.079, 5.217, 5.745, 6.842, 5.081, 3.993, 3.476, 4.146, 4.142, 2.835, 1.973, 2.849, 4.05, 6.78, 7.668, 6.74, 4.851, 3.438, 4.684, 7.698, 8.295, 8.755, 9.976, 11.409, 11.996, 11.584, 11.861, 12.379, 12.278, 11.654, 11.944, 12.346, 13.338, 13.239, 13.147, 13.241, 13.691, 14.524, 14.977, 15.349, 15.713, 15.663, 15.178, 15.431, 14.315, 11.812, 9.262, 8.735, 9.044, 6.765], [10.7, 10.057, 8.86, 7.36, 6.4, 6.007, 6.406, 7.156, 6.758, 6.344, 6.245, 4.016, 0.0, 3.334, 6.626, 6.639, 6.681, 10.412, 12.899, 13.223, 12.613, 11.336, 11.058, 11.268, 11.452, 11.081, 9.685, 8.613, 7.487, 6.02, 5.477, 6.635, 7.083, 7.324, 8.985, 10.766, 11.67, 11.737, 11.448, 8.884, 7.049, 6.809, 7.514, 7.953, 7.508, 6.554, 5.74, 6.384, 7.693, 8.53, 8.838, 8.914, 8.831, 9.219, 9.824, 9.482, 9.457, 9.096, 9.01, 10.068, 11.259, 10.897, 11.012, 12.144, 14.087, 16.547, 16.68, 16.57, 14.54, 13.478, 13.513, 13.53, 12.488, 12.457, 13.518, 14.398, 15.373, 15.173, 15.154, 15.341, 15.169, 15.147, 15.759, 16.548, 16.122, 13.946, 11.688, 12.232, 14.177, 15.31, 14.025, 12.75, 12.605, 13.004, 12.867, 12.594, 10.452, 8.641, 9.148, 10.213, 8.19, 6.608, 5.835, 6.825, 7.106, 5.671, 4.031, 4.306, 7.124, 10.392, 11.283, 10.355, 8.411, 6.928, 8.092, 10.979, 11.568, 12.217, 13.438, 14.998, 15.551, 15.197, 15.486, 15.991, 15.791, 15.165, 15.452, 15.962, 16.954, 16.854, 16.762, 16.878, 17.284, 17.972, 18.442, 18.912, 19.265, 19.242, 18.787, 18.937, 17.817, 15.324, 12.719, 12.302, 12.638, 10.29], [8.578, 8.021, 7.115, 6.398, 5.758, 5.336, 4.632, 4.733, 4.633, 4.147, 3.709, 2.607, 3.334, 0.0, 3.706, 4.431, 4.965, 7.369, 9.953, 10.449, 9.787, 8.836, 8.198, 8.386, 8.531, 8.199, 6.656, 5.605, 4.461, 3.847, 3.922, 5.101, 5.838, 5.106, 5.917, 7.832, 9.126, 8.832, 8.511, 5.916, 4.083, 3.874, 4.565, 4.991, 4.541, 3.604, 3.265, 3.478, 4.741, 5.549, 5.877, 6.1, 5.991, 6.283, 6.85, 6.535, 6.493, 6.226, 6.218, 7.483, 9.003, 8.36, 8.649, 9.38, 11.113, 13.57, 13.813, 13.519, 11.715, 11.863, 11.986, 11.98, 11.07, 10.745, 10.898, 11.479, 12.384, 12.52, 12.292, 12.523, 12.255, 12.466, 13.405, 14.066, 13.43, 11.191, 9.136, 9.49, 11.36, 12.264, 11.169, 9.797, 9.722, 10.037, 9.898, 9.635, 7.427, 5.712, 6.138, 7.179, 5.408, 4.466, 4.056, 4.464, 4.285, 3.264, 1.9, 1.73, 4.165, 7.419, 8.324, 7.405, 5.958, 5.565, 5.942, 8.591, 9.183, 9.249, 10.462, 12.038, 12.581, 12.242, 12.515, 13.019, 12.879, 12.218, 12.594, 13.0, 13.98, 13.896, 13.803, 13.901, 14.326, 14.943, 15.456, 15.964, 16.322, 16.285, 15.83, 15.989, 14.843, 12.35, 9.735, 9.356, 9.664, 7.317], [5.572, 5.181, 4.278, 4.079, 4.479, 4.599, 3.09, 2.468, 2.734, 1.961, 1.823, 3.663, 6.626, 3.706, 0.0, 1.856, 2.576, 4.378, 6.835, 7.204, 6.527, 5.489, 4.984, 5.161, 5.223, 4.878, 3.598, 2.586, 2.088, 1.856, 2.247, 2.947, 3.505, 2.778, 2.832, 4.613, 5.803, 5.674, 5.38, 3.198, 2.429, 2.572, 3.178, 3.059, 3.243, 2.6, 2.176, 2.085, 2.655, 2.599, 2.75, 2.852, 2.931, 3.249, 3.739, 3.39, 3.428, 3.332, 3.059, 4.0, 5.654, 5.156, 5.507, 6.52, 7.975, 10.473, 10.637, 10.391, 8.494, 8.8, 9.162, 9.36, 8.21, 7.877, 7.692, 8.483, 9.335, 9.626, 9.274, 9.131, 9.099, 9.172, 10.076, 10.777, 10.206, 7.822, 6.211, 6.082, 7.949, 8.887, 7.697, 6.652, 6.567, 6.927, 6.796, 6.535, 4.45, 2.527, 3.01, 4.016, 2.132, 2.365, 2.7, 2.148, 1.632, 1.929, 3.141, 3.778, 2.712, 4.307, 5.216, 4.314, 3.363, 3.311, 2.971, 5.443, 5.996, 6.135, 7.354, 8.928, 9.47, 9.136, 9.415, 9.919, 9.703, 9.086, 9.457, 9.865, 10.863, 10.796, 10.703, 10.801, 11.223, 11.887, 12.356, 12.852, 13.207, 13.177, 12.723, 12.877, 11.712, 9.241, 6.579, 6.268, 6.517, 4.181], [5.123, 4.679, 3.536, 3.91, 4.598, 4.919, 3.639, 3.134, 2.988, 2.289, 2.327, 3.72, 6.639, 4.431, 1.856, 0.0, 1.777, 4.581, 7.251, 7.439, 6.92, 5.755, 5.357, 5.518, 5.469, 4.82, 3.958, 2.888, 2.066, 2.095, 2.493, 2.893, 3.588, 2.476, 3.236, 5.056, 6.072, 6.114, 5.849, 3.549, 3.502, 3.763, 3.826, 3.968, 3.974, 3.345, 2.752, 2.637, 2.959, 2.932, 3.144, 3.09, 3.213, 3.688, 4.19, 3.869, 3.968, 3.68, 3.51, 3.978, 5.218, 5.215, 5.469, 6.482, 8.433, 10.917, 11.035, 10.853, 8.887, 7.851, 8.228, 8.393, 7.131, 7.13, 7.342, 8.438, 9.315, 9.143, 9.328, 9.424, 9.241, 9.264, 10.266, 10.963, 10.4, 7.945, 5.726, 6.225, 8.102, 9.018, 7.878, 6.971, 6.982, 7.374, 7.241, 6.982, 4.789, 3.118, 3.513, 4.495, 2.225, 1.508, 2.233, 1.958, 2.352, 2.571, 3.57, 4.627, 3.237, 4.757, 5.662, 4.731, 2.925, 3.419, 3.073, 5.359, 6.009, 6.572, 7.8, 9.374, 9.918, 9.589, 9.862, 10.366, 10.15, 9.533, 9.806, 10.311, 11.309, 11.243, 11.15, 11.248, 11.674, 12.349, 12.811, 13.299, 13.654, 13.623, 13.17, 13.327, 12.163, 9.687, 7.054, 6.648, 6.983, 4.636], [4.317, 3.78, 2.904, 3.384, 4.805, 4.66, 3.214, 2.677, 2.724, 2.432, 2.608, 3.636, 6.681, 4.965, 2.576, 1.777, 0.0, 3.861, 6.41, 6.768, 6.093, 4.852, 4.523, 4.837, 4.967, 4.653, 3.239, 2.134, 1.771, 1.785, 2.428, 2.687, 3.105, 2.253, 3.097, 4.241, 5.246, 5.28, 5.001, 3.803, 3.951, 4.297, 4.284, 4.271, 4.37, 3.724, 3.352, 3.248, 3.277, 2.603, 2.697, 2.886, 2.824, 3.363, 3.582, 3.177, 3.142, 3.431, 2.833, 3.619, 4.873, 4.322, 4.584, 5.621, 7.561, 10.069, 10.284, 10.066, 8.068, 7.132, 7.317, 7.374, 6.246, 6.183, 7.114, 7.966, 8.967, 8.812, 8.766, 8.884, 8.757, 8.714, 9.391, 10.211, 9.725, 7.55, 5.44, 5.883, 7.791, 8.897, 7.634, 6.275, 6.148, 6.521, 6.388, 6.141, 3.957, 2.438, 2.809, 3.65, 2.271, 2.378, 2.912, 2.371, 2.571, 2.868, 3.881, 5.004, 3.539, 4.081, 4.859, 3.955, 2.065, 2.335, 2.334, 4.499, 5.181, 5.737, 6.953, 8.52, 9.063, 8.738, 9.009, 9.513, 9.316, 8.706, 9.055, 9.455, 10.454, 10.39, 10.297, 10.395, 10.822, 11.521, 11.964, 12.446, 12.801, 12.767, 12.314, 12.471, 11.302, 8.831, 6.185, 5.761, 6.107, 3.885], [2.506, 2.722, 2.872, 4.836, 6.872, 6.455, 4.841, 3.833, 4.204, 4.467, 4.678, 7.095, 10.412, 7.369, 4.378, 4.581, 3.861, 0.0, 2.823, 3.198, 2.546, 2.106, 1.826, 1.663, 2.036, 1.799, 1.947, 2.811, 3.721, 4.691, 5.364, 4.57, 4.389, 3.844, 3.169, 1.978, 2.059, 2.444, 2.728, 4.951, 5.909, 6.226, 5.987, 5.799, 5.908, 5.527, 5.429, 4.894, 4.324, 3.28, 2.921, 2.696, 3.112, 3.24, 2.99, 3.096, 3.211, 3.766, 2.788, 1.739, 2.675, 2.076, 2.63, 2.891, 3.948, 6.462, 6.748, 6.446, 4.616, 4.973, 5.612, 5.971, 5.096, 4.253, 4.413, 5.308, 6.027, 6.1, 5.513, 5.494, 5.284, 5.405, 6.291, 6.878, 6.294, 4.48, 3.64, 3.563, 4.55, 5.252, 4.2, 2.854, 3.076, 3.412, 3.196, 3.218, 1.838, 2.927, 3.204, 2.001, 2.747, 5.106, 5.822, 4.658, 4.266, 5.414, 6.825, 7.326, 5.474, 3.443, 2.696, 2.136, 2.639, 4.179, 2.76, 1.866, 2.133, 2.468, 3.327, 4.902, 5.437, 5.135, 5.431, 5.902, 5.784, 5.096, 5.464, 5.825, 6.823, 6.752, 6.659, 6.758, 7.183, 7.829, 8.313, 8.812, 9.163, 9.137, 8.684, 8.841, 7.674, 5.264, 2.771, 2.255, 2.683, 3.136], [2.571, 3.429, 4.43, 6.899, 9.231, 8.561, 7.112, 6.143, 6.547, 6.686, 6.832, 9.473, 12.899, 9.953, 6.835, 7.251, 6.41, 2.823, 0.0, 1.245, 1.09, 1.885, 2.089, 2.078, 2.117, 2.753, 3.692, 4.756, 5.837, 7.079, 7.838, 6.989, 6.504, 5.877, 4.572, 2.489, 1.75, 1.9, 3.761, 6.403, 7.785, 7.914, 7.545, 7.136, 7.226, 7.125, 7.375, 6.835, 5.631, 4.79, 4.45, 4.243, 4.487, 4.543, 4.191, 4.404, 4.684, 5.088, 4.436, 3.476, 2.877, 2.566, 2.415, 2.689, 2.323, 3.736, 4.283, 4.042, 2.778, 4.113, 5.003, 5.502, 4.65, 3.736, 4.026, 4.804, 5.417, 5.396, 4.646, 4.151, 4.157, 3.878, 4.247, 4.799, 4.314, 3.735, 3.749, 3.277, 3.165, 3.524, 2.872, 2.228, 2.359, 2.383, 2.159, 2.347, 2.891, 4.731, 4.889, 3.673, 5.265, 7.808, 8.284, 6.574, 6.079, 7.774, 9.274, 9.573, 7.24, 4.72, 3.504, 3.199, 4.865, 6.528, 4.914, 2.158, 1.672, 2.129, 1.65, 2.56, 2.847, 2.646, 2.926, 3.184, 3.095, 2.399, 2.763, 3.083, 4.059, 4.004, 3.967, 4.181, 4.661, 5.258, 5.653, 6.051, 6.443, 6.39, 5.919, 6.176, 5.057, 2.929, 1.947, 1.86, 2.537, 4.37], [3.179, 4.085, 4.761, 7.196, 9.553, 9.138, 7.534, 6.46, 6.854, 7.187, 7.389, 9.846, 13.223, 10.449, 7.204, 7.439, 6.768, 3.198, 1.245, 0.0, 1.054, 2.109, 2.561, 2.317, 2.582, 3.1, 4.219, 5.393, 6.431, 7.548, 8.112, 7.229, 6.814, 6.455, 5.15, 3.041, 1.878, 2.226, 4.128, 6.865, 8.13, 8.393, 7.956, 7.571, 7.629, 7.652, 7.574, 7.401, 6.155, 5.509, 5.05, 4.763, 5.108, 5.146, 4.52, 4.834, 5.021, 5.464, 4.652, 3.654, 2.934, 3.111, 2.836, 2.7, 2.57, 3.703, 4.17, 4.007, 2.932, 4.121, 4.787, 5.377, 4.714, 3.866, 4.14, 5.079, 5.613, 5.287, 4.894, 4.213, 4.262, 3.949, 4.308, 4.763, 4.261, 3.678, 3.749, 3.455, 3.09, 3.392, 2.953, 2.484, 2.56, 2.705, 2.504, 2.756, 3.498, 5.153, 5.174, 4.162, 5.507, 7.974, 8.51, 6.787, 6.548, 8.074, 9.545, 10.079, 7.674, 5.106, 3.985, 3.799, 5.467, 7.049, 5.385, 2.693, 2.294, 2.332, 1.913, 2.608, 2.857, 2.863, 3.003, 3.156, 2.959, 2.364, 2.735, 2.945, 3.904, 3.902, 3.851, 4.173, 4.584, 5.067, 5.615, 5.951, 6.247, 6.206, 5.823, 5.986, 5.079, 3.021, 2.183, 2.484, 3.041, 4.773], [2.672, 3.541, 4.242, 6.708, 9.064, 8.537, 7.004, 5.975, 6.316, 6.514, 6.771, 9.279, 12.613, 9.787, 6.527, 6.92, 6.093, 2.546, 1.09, 1.054, 0.0, 1.603, 1.96, 1.801, 1.976, 2.601, 3.666, 4.658, 5.703, 6.859, 7.519, 6.69, 6.248, 5.808, 4.475, 2.442, 1.558, 1.813, 3.647, 6.335, 7.637, 7.855, 7.499, 7.113, 7.193, 7.08, 7.074, 6.724, 5.577, 4.845, 4.417, 4.106, 4.458, 4.489, 4.038, 4.282, 4.549, 4.895, 4.021, 3.073, 2.697, 2.621, 2.409, 2.595, 2.495, 4.107, 4.338, 4.238, 2.883, 4.169, 5.029, 5.48, 4.625, 3.756, 4.029, 4.962, 5.509, 5.471, 4.789, 4.343, 4.269, 4.028, 4.623, 5.057, 4.616, 3.685, 3.562, 3.157, 3.018, 3.35, 2.79, 2.053, 2.129, 2.464, 2.148, 2.511, 2.938, 4.524, 4.61, 3.533, 4.906, 7.44, 7.971, 6.242, 5.927, 7.544, 8.995, 9.477, 7.124, 4.662, 3.486, 3.197, 4.841, 6.454, 4.8, 2.175, 1.849, 1.999, 1.778, 2.981, 3.217, 3.089, 3.368, 3.518, 3.356, 2.74, 3.057, 3.434, 4.427, 4.379, 4.299, 4.592, 5.062, 5.517, 5.972, 6.423, 6.781, 6.74, 6.287, 6.448, 5.383, 3.291, 1.874, 2.087, 2.61, 4.248], [2.003, 2.541, 3.239, 5.473, 7.87, 7.298, 5.873, 4.796, 5.085, 5.393, 5.603, 7.927, 11.336, 8.836, 5.489, 5.755, 4.852, 2.106, 1.885, 2.109, 1.603, 0.0, 1.094, 1.174, 1.299, 2.131, 2.957, 3.811, 4.869, 5.725, 6.27, 5.456, 5.019, 4.68, 3.748, 2.191, 1.921, 1.48, 2.983, 5.487, 6.752, 6.951, 6.589, 6.257, 6.348, 6.212, 6.003, 5.816, 4.77, 3.928, 3.542, 3.161, 3.598, 3.636, 3.391, 3.54, 3.746, 4.25, 3.322, 1.988, 2.323, 2.001, 1.951, 2.514, 2.943, 5.281, 5.538, 5.425, 3.48, 4.307, 5.147, 5.499, 4.311, 3.479, 3.907, 4.946, 5.767, 5.886, 4.859, 4.672, 4.747, 4.53, 4.942, 5.692, 5.433, 3.655, 3.081, 2.631, 3.326, 4.347, 3.114, 2.253, 2.117, 2.364, 2.361, 2.221, 2.098, 3.625, 3.821, 2.816, 3.862, 6.224, 6.704, 5.049, 4.968, 6.295, 7.703, 8.558, 6.242, 3.838, 2.68, 2.313, 3.693, 5.058, 3.439, 2.122, 1.621, 1.736, 2.639, 3.977, 4.337, 4.113, 4.299, 4.735, 4.555, 3.948, 4.294, 4.644, 5.642, 5.583, 5.489, 5.635, 6.148, 6.748, 7.179, 7.634, 7.996, 7.956, 7.502, 7.66, 6.492, 4.09, 2.539, 2.19, 2.621, 3.524], [1.831, 2.054, 2.819, 5.259, 7.519, 6.895, 5.39, 4.398, 4.783, 5.096, 5.202, 7.699, 11.058, 8.198, 4.984, 5.357, 4.523, 1.826, 2.089, 2.561, 1.96, 1.094, 0.0, 1.097, 1.198, 2.04, 2.482, 3.22, 4.234, 5.325, 6.059, 5.262, 4.827, 4.236, 3.197, 2.102, 2.16, 1.307, 2.627, 5.029, 6.229, 6.45, 6.146, 5.841, 5.96, 5.792, 5.688, 5.394, 4.493, 3.518, 3.105, 2.837, 3.215, 3.322, 3.24, 3.336, 3.5, 4.141, 3.18, 1.825, 2.297, 1.883, 1.919, 2.43, 3.208, 5.643, 5.932, 5.671, 3.797, 4.774, 5.492, 5.632, 4.539, 3.837, 3.946, 4.803, 5.715, 5.997, 4.906, 4.968, 4.873, 4.817, 5.508, 6.087, 5.649, 3.717, 2.959, 2.423, 3.594, 4.661, 3.451, 2.286, 1.932, 2.264, 2.094, 2.007, 1.609, 3.171, 3.422, 2.395, 3.396, 5.901, 6.408, 4.918, 4.591, 5.954, 7.488, 7.958, 5.779, 3.541, 2.269, 1.78, 3.215, 4.673, 3.146, 2.25, 1.828, 1.73, 2.718, 4.347, 4.596, 4.341, 4.632, 5.053, 4.945, 4.282, 4.725, 4.994, 5.969, 5.902, 5.819, 5.987, 6.382, 7.036, 7.475, 7.957, 8.32, 8.279, 7.826, 7.991, 6.861, 4.51, 2.635, 2.368, 2.843, 3.27], [2.001, 2.468, 3.004, 5.429, 7.585, 7.293, 5.831, 4.81, 5.02, 5.331, 5.567, 8.106, 11.268, 8.386, 5.161, 5.518, 4.837, 1.663, 2.078, 2.317, 1.801, 1.174, 1.097, 0.0, 0.984, 1.731, 2.332, 3.568, 4.691, 5.741, 6.304, 5.469, 5.035, 4.708, 3.404, 1.858, 2.047, 1.428, 2.856, 5.263, 6.585, 6.846, 6.45, 6.114, 6.228, 6.009, 5.96, 5.32, 4.394, 3.715, 3.272, 2.892, 3.45, 3.509, 3.333, 3.512, 3.652, 4.112, 3.05, 1.931, 2.231, 2.127, 2.184, 2.69, 3.289, 5.542, 5.739, 5.518, 3.772, 4.701, 5.416, 5.803, 4.616, 3.884, 3.99, 4.885, 5.697, 5.786, 4.762, 4.762, 4.671, 4.66, 5.396, 6.023, 5.546, 3.534, 3.015, 2.661, 3.325, 4.201, 3.163, 1.996, 2.02, 2.325, 2.252, 2.217, 1.881, 3.536, 3.626, 2.435, 3.527, 5.99, 6.627, 4.995, 4.835, 6.432, 7.874, 8.468, 6.172, 3.742, 2.529, 2.14, 3.707, 5.209, 3.537, 2.159, 1.726, 1.702, 2.707, 4.25, 4.575, 4.283, 4.586, 5.01, 4.842, 4.163, 4.511, 4.986, 5.978, 5.868, 5.797, 5.957, 6.358, 6.925, 7.437, 7.956, 8.313, 8.272, 7.819, 7.982, 6.879, 4.508, 2.683, 2.513, 2.709, 3.444], [2.19, 2.633, 3.122, 5.51, 7.588, 7.401, 5.989, 4.967, 5.158, 5.492, 5.708, 8.27, 11.452, 8.531, 5.223, 5.469, 4.967, 2.036, 2.117, 2.582, 1.976, 1.299, 1.198, 0.984, 0.0, 1.288, 2.528, 3.612, 4.777, 5.9, 6.491, 5.606, 5.197, 4.892, 3.545, 1.984, 2.033, 1.609, 3.023, 5.444, 6.753, 7.003, 6.653, 6.256, 6.366, 6.189, 6.079, 5.504, 4.474, 3.768, 3.312, 2.907, 3.626, 3.634, 3.447, 3.573, 3.828, 4.267, 3.188, 1.984, 2.357, 2.379, 2.477, 2.985, 3.429, 5.614, 5.794, 5.601, 3.835, 4.725, 5.564, 5.996, 4.602, 4.105, 4.004, 4.925, 5.734, 5.833, 4.86, 4.903, 4.73, 4.66, 5.529, 6.119, 5.572, 3.472, 2.931, 2.511, 3.181, 4.12, 3.041, 2.047, 2.129, 2.523, 2.265, 2.375, 1.941, 3.678, 3.825, 2.739, 3.592, 5.957, 6.683, 5.227, 4.96, 6.59, 8.026, 8.609, 6.335, 3.873, 2.614, 2.379, 3.891, 5.329, 3.669, 2.168, 1.833, 1.81, 2.808, 4.279, 4.65, 4.398, 4.639, 5.115, 4.918, 4.244, 4.612, 5.064, 6.041, 5.939, 5.865, 6.011, 6.428, 7.003, 7.526, 8.02, 8.392, 8.342, 7.889, 8.079, 6.985, 4.501, 2.795, 2.584, 2.741, 3.561], [2.945, 3.268, 3.232, 5.001, 7.002, 7.185, 5.667, 4.584, 4.579, 5.164, 5.438, 7.953, 11.081, 8.199, 4.878, 4.82, 4.653, 1.799, 2.753, 3.1, 2.601, 2.131, 2.04, 1.731, 1.288, 0.0, 2.135, 3.237, 4.421, 5.619, 6.057, 4.999, 4.929, 4.762, 3.418, 1.724, 1.886, 2.359, 3.006, 5.165, 6.434, 6.684, 6.363, 5.965, 6.078, 5.851, 5.628, 5.189, 4.216, 3.442, 3.02, 2.609, 3.341, 3.372, 3.159, 3.309, 3.547, 3.959, 2.801, 1.611, 2.665, 2.812, 3.281, 3.864, 4.176, 6.319, 6.445, 6.273, 4.59, 5.254, 6.168, 6.601, 5.318, 4.755, 4.613, 5.761, 6.429, 6.364, 5.53, 5.555, 5.354, 5.241, 6.195, 6.654, 6.091, 4.16, 3.59, 3.36, 3.905, 4.494, 3.759, 2.738, 3.045, 3.359, 2.931, 3.178, 2.192, 3.374, 3.542, 2.492, 3.171, 5.323, 6.08, 4.745, 4.68, 6.265, 7.727, 8.237, 6.014, 3.612, 2.752, 2.661, 3.612, 5.06, 3.439, 1.822, 2.165, 2.574, 3.22, 4.752, 5.309, 5.035, 5.306, 5.787, 5.594, 4.951, 5.202, 5.72, 6.718, 6.592, 6.526, 6.624, 7.047, 7.657, 8.206, 8.685, 9.079, 9.023, 8.554, 8.775, 7.664, 5.138, 2.932, 2.682, 2.66, 3.284], [3.358, 3.426, 3.47, 4.777, 6.285, 6.161, 4.363, 3.447, 3.579, 3.674, 3.867, 6.463, 9.685, 6.656, 3.598, 3.958, 3.239, 1.947, 3.692, 4.219, 3.666, 2.957, 2.482, 2.332, 2.528, 2.135, 0.0, 1.593, 2.601, 3.975, 4.696, 4.055, 4.582, 3.585, 2.091, 1.759, 2.993, 2.727, 2.485, 3.408, 4.492, 4.778, 4.475, 4.179, 4.302, 4.004, 4.305, 3.724, 2.823, 1.875, 1.724, 1.822, 1.945, 1.893, 1.957, 1.854, 1.884, 2.428, 1.867, 2.331, 3.586, 3.127, 3.582, 4.102, 4.718, 7.113, 7.293, 7.096, 5.509, 6.423, 7.03, 7.25, 6.142, 5.417, 5.542, 6.193, 7.083, 7.37, 6.23, 6.582, 6.222, 6.543, 7.363, 7.897, 7.244, 5.162, 4.478, 4.007, 5.268, 5.991, 5.106, 3.839, 3.564, 3.747, 3.505, 3.3, 1.893, 1.86, 1.863, 1.223, 2.16, 4.433, 5.06, 3.597, 3.053, 4.776, 6.212, 6.396, 4.109, 2.253, 2.449, 2.216, 2.391, 3.756, 2.565, 2.737, 3.229, 2.96, 3.973, 5.575, 6.089, 5.766, 6.029, 6.532, 6.508, 5.796, 6.071, 6.501, 7.453, 7.372, 7.279, 7.377, 7.803, 8.424, 8.959, 9.432, 9.81, 9.767, 9.308, 9.476, 8.335, 5.862, 3.562, 3.334, 3.185, 2.027], [3.919, 3.698, 3.425, 4.319, 5.87, 5.603, 3.661, 2.806, 2.987, 2.87, 2.853, 5.292, 8.613, 5.605, 2.586, 2.888, 2.134, 2.811, 4.756, 5.393, 4.658, 3.811, 3.22, 3.568, 3.612, 3.237, 1.593, 0.0, 1.382, 2.823, 3.622, 3.406, 4.038, 2.812, 1.754, 2.682, 4.03, 3.603, 3.028, 2.692, 3.45, 3.729, 3.495, 3.389, 3.521, 3.02, 3.459, 3.061, 2.537, 1.519, 1.381, 1.793, 1.864, 1.829, 2.078, 1.731, 1.753, 2.093, 1.749, 2.76, 4.228, 3.51, 4.018, 4.823, 5.769, 8.1, 8.323, 8.191, 6.608, 7.144, 7.785, 7.941, 6.623, 6.107, 6.31, 6.95, 7.844, 8.124, 7.435, 7.585, 7.318, 7.551, 8.401, 8.945, 8.269, 6.329, 5.081, 4.692, 6.472, 7.274, 6.376, 5.045, 4.722, 4.787, 4.51, 4.158, 2.4, 1.383, 1.39, 1.841, 1.796, 3.427, 4.093, 2.751, 2.149, 3.59, 5.04, 5.196, 2.998, 2.278, 2.906, 2.413, 1.885, 3.303, 2.372, 3.808, 4.393, 4.143, 5.07, 6.62, 7.077, 6.76, 7.033, 7.537, 7.432, 6.876, 7.149, 7.482, 8.468, 8.413, 8.314, 8.419, 8.845, 9.603, 10.026, 10.46, 10.822, 10.781, 10.328, 10.509, 9.316, 6.854, 4.387, 4.191, 4.125, 1.97], [4.917, 4.419, 3.939, 4.337, 5.685, 5.216, 3.439, 2.771, 3.102, 2.505, 2.19, 4.203, 7.487, 4.461, 2.088, 2.066, 1.771, 3.721, 5.837, 6.431, 5.703, 4.869, 4.234, 4.691, 4.777, 4.421, 2.601, 1.382, 0.0, 1.836, 2.989, 3.446, 4.037, 2.251, 2.064, 3.83, 5.15, 4.67, 4.098, 2.475, 2.433, 2.783, 2.845, 2.837, 2.934, 2.393, 2.651, 2.533, 2.248, 1.652, 1.766, 2.379, 2.127, 2.194, 2.584, 2.254, 2.319, 2.342, 2.489, 3.831, 5.343, 4.539, 4.868, 5.696, 6.78, 9.202, 9.459, 9.269, 7.748, 8.267, 8.641, 8.593, 7.586, 7.157, 7.404, 7.965, 8.803, 9.096, 8.5, 8.804, 8.464, 8.751, 9.596, 10.094, 9.49, 7.504, 5.845, 5.782, 7.658, 8.474, 7.543, 6.183, 5.68, 5.785, 5.545, 5.238, 3.218, 1.596, 1.927, 2.889, 2.157, 2.715, 3.4, 2.26, 1.773, 2.616, 3.835, 4.0, 2.201, 3.002, 3.915, 3.134, 2.305, 3.188, 2.705, 4.874, 5.486, 5.175, 6.087, 7.717, 8.188, 7.857, 8.115, 8.637, 8.609, 7.945, 8.309, 8.616, 9.559, 9.496, 9.403, 9.502, 9.928, 10.638, 11.073, 11.551, 11.913, 11.872, 11.419, 11.577, 10.407, 7.937, 5.315, 5.162, 5.212, 2.874], [5.39, 4.868, 3.805, 3.331, 4.357, 3.841, 2.264, 2.05, 2.317, 1.515, 1.697, 3.015, 6.02, 3.847, 1.856, 2.095, 1.785, 4.691, 7.079, 7.548, 6.859, 5.725, 5.325, 5.741, 5.9, 5.619, 3.975, 2.823, 1.836, 0.0, 1.828, 2.269, 2.798, 1.771, 3.233, 4.99, 6.108, 5.853, 5.562, 3.606, 2.651, 2.949, 3.577, 3.415, 3.548, 2.968, 2.719, 2.785, 3.192, 2.645, 3.043, 3.296, 3.007, 3.484, 3.881, 3.506, 3.519, 3.437, 3.419, 4.676, 6.064, 5.308, 5.54, 6.387, 8.131, 10.673, 10.9, 10.801, 8.811, 8.619, 8.725, 8.735, 7.712, 7.593, 8.144, 8.782, 9.79, 9.829, 9.579, 9.772, 9.557, 9.624, 10.359, 11.173, 10.611, 8.57, 6.456, 6.836, 8.778, 9.761, 8.531, 7.194, 6.841, 7.102, 6.968, 6.7, 4.613, 2.734, 3.166, 4.329, 2.677, 2.548, 3.058, 2.558, 2.001, 1.932, 2.889, 3.673, 2.895, 4.462, 5.375, 4.442, 2.637, 2.394, 2.86, 5.514, 6.171, 6.406, 7.53, 9.115, 9.669, 9.307, 9.58, 10.111, 9.945, 9.298, 9.7, 10.044, 11.023, 10.961, 10.869, 10.966, 11.392, 12.109, 12.565, 13.022, 13.377, 13.336, 12.883, 13.04, 11.886, 9.402, 6.763, 6.318, 6.676, 4.345], [5.774, 5.124, 3.875, 2.675, 2.988, 3.081, 1.997, 2.08, 1.727, 1.542, 1.965, 2.417, 5.477, 3.922, 2.247, 2.493, 2.428, 5.364, 7.838, 8.112, 7.519, 6.27, 6.059, 6.304, 6.491, 6.057, 4.696, 3.622, 2.989, 1.828, 0.0, 1.631, 2.247, 2.434, 3.942, 5.671, 6.576, 6.642, 6.395, 4.651, 3.393, 3.622, 4.406, 4.285, 4.368, 3.739, 3.085, 3.472, 4.108, 3.661, 3.736, 3.799, 3.859, 4.293, 4.718, 4.372, 4.622, 4.501, 4.387, 4.992, 6.108, 5.792, 5.86, 7.144, 8.928, 11.439, 11.69, 11.629, 9.491, 8.391, 8.608, 8.627, 7.51, 7.383, 8.522, 9.47, 10.433, 10.194, 10.198, 10.345, 10.18, 10.043, 10.673, 11.475, 11.108, 8.883, 6.629, 7.285, 9.218, 10.336, 9.075, 7.808, 7.669, 7.895, 7.762, 7.488, 5.491, 3.692, 4.171, 5.171, 3.174, 2.929, 3.09, 3.117, 2.942, 2.474, 3.139, 4.371, 3.934, 5.279, 6.161, 5.234, 3.311, 2.293, 3.034, 6.008, 6.635, 7.221, 8.437, 9.874, 10.418, 10.11, 10.383, 10.887, 10.7, 10.109, 10.323, 10.81, 11.809, 11.754, 11.655, 11.769, 12.195, 13.013, 13.439, 13.813, 14.206, 14.14, 13.669, 13.915, 12.719, 10.26, 7.669, 7.121, 7.465, 5.156], [4.875, 4.347, 2.891, 1.781, 3.05, 3.247, 1.508, 1.514, 1.093, 1.792, 2.664, 3.494, 6.635, 5.101, 2.947, 2.893, 2.687, 4.57, 6.989, 7.229, 6.69, 5.456, 5.262, 5.469, 5.606, 4.999, 4.055, 3.406, 3.446, 2.269, 1.631, 0.0, 1.561, 2.47, 3.825, 4.834, 5.731, 5.783, 5.618, 5.063, 4.303, 4.516, 5.23, 5.023, 5.165, 4.587, 3.806, 4.096, 4.638, 3.58, 3.201, 3.477, 3.61, 4.092, 4.209, 4.213, 4.39, 4.846, 4.097, 4.108, 5.037, 4.992, 5.069, 6.321, 8.086, 10.611, 10.827, 10.801, 8.643, 7.459, 7.604, 7.681, 6.57, 6.661, 7.53, 8.6, 9.531, 9.256, 9.258, 9.475, 9.265, 9.145, 9.881, 10.61, 10.203, 7.925, 5.543, 6.368, 8.271, 9.323, 8.137, 6.969, 6.823, 7.063, 6.93, 6.658, 4.643, 3.118, 4.153, 4.369, 2.773, 3.436, 3.777, 3.741, 3.666, 3.387, 4.253, 5.481, 4.783, 4.737, 5.336, 4.497, 2.588, 1.671, 2.426, 5.138, 5.788, 6.376, 7.592, 9.043, 9.587, 9.278, 9.551, 10.057, 9.842, 9.265, 9.493, 9.98, 10.978, 10.924, 10.825, 10.937, 11.363, 12.168, 12.593, 12.97, 13.362, 13.295, 12.838, 13.071, 11.874, 9.416, 6.932, 6.321, 6.634, 4.707], [4.38, 3.653, 2.448, 1.618, 3.18, 2.994, 2.001, 2.132, 2.028, 2.153, 2.941, 3.608, 7.083, 5.838, 3.505, 3.588, 3.105, 4.389, 6.504, 6.814, 6.248, 5.019, 4.827, 5.035, 5.197, 4.929, 4.582, 4.038, 4.037, 2.798, 2.247, 1.561, 0.0, 2.302, 3.849, 4.665, 5.296, 5.268, 5.619, 5.582, 4.63, 4.97, 5.608, 5.393, 5.467, 4.958, 4.246, 4.538, 5.11, 4.083, 3.51, 3.714, 3.987, 4.477, 4.581, 4.723, 4.901, 5.333, 4.677, 3.996, 4.758, 4.558, 4.587, 5.859, 7.583, 10.104, 10.329, 10.344, 8.166, 6.664, 6.888, 6.917, 5.713, 5.871, 7.124, 8.127, 9.076, 8.856, 8.784, 9.002, 8.796, 8.701, 9.306, 10.191, 9.786, 7.576, 5.298, 5.91, 7.856, 8.941, 7.672, 6.488, 6.341, 6.516, 6.394, 6.106, 4.34, 3.674, 4.707, 4.632, 3.337, 4.134, 4.299, 4.391, 4.145, 3.787, 4.63, 5.86, 5.212, 4.973, 4.93, 4.221, 2.752, 1.894, 2.418, 4.759, 5.292, 5.86, 7.08, 8.491, 9.096, 8.731, 9.05, 9.512, 9.308, 8.769, 8.961, 9.428, 10.426, 10.372, 10.273, 10.392, 10.816, 11.657, 12.112, 12.471, 12.846, 12.779, 12.295, 12.555, 11.384, 8.983, 6.654, 5.998, 6.172, 5.023], [4.183, 3.554, 2.647, 2.821, 4.315, 3.525, 2.378, 2.277, 2.657, 1.674, 2.029, 3.829, 7.324, 5.106, 2.778, 2.476, 2.253, 3.844, 5.877, 6.455, 5.808, 4.68, 4.236, 4.708, 4.892, 4.762, 3.585, 2.812, 2.251, 1.771, 2.434, 2.47, 2.302, 0.0, 2.209, 3.862, 4.987, 4.653, 4.642, 3.756, 3.548, 3.845, 3.993, 4.003, 4.164, 3.739, 3.455, 3.404, 3.521, 2.435, 2.385, 2.589, 2.526, 2.863, 3.301, 3.313, 3.649, 3.703, 3.801, 3.84, 4.966, 4.171, 4.418, 5.262, 6.807, 9.361, 9.708, 9.577, 7.657, 7.38, 7.581, 7.483, 6.481, 6.309, 7.05, 7.608, 8.714, 8.738, 8.468, 8.688, 8.482, 8.502, 9.262, 10.082, 9.55, 7.547, 5.452, 5.811, 7.759, 8.719, 7.512, 6.166, 5.673, 5.756, 5.618, 5.342, 3.577, 2.569, 3.148, 3.581, 2.653, 3.391, 3.933, 3.297, 2.68, 2.932, 4.167, 4.795, 3.425, 3.875, 4.084, 3.394, 1.796, 2.302, 2.267, 4.442, 5.058, 5.252, 6.273, 7.854, 8.362, 7.971, 8.256, 8.75, 8.736, 8.026, 8.455, 8.735, 9.659, 9.605, 9.508, 9.628, 10.04, 10.827, 11.29, 11.678, 12.015, 11.973, 11.519, 11.724, 10.571, 8.087, 5.762, 5.089, 5.444, 3.573], [4.158, 3.858, 3.455, 4.329, 5.574, 5.124, 3.897, 3.414, 3.627, 2.894, 3.024, 5.624, 8.985, 5.917, 2.832, 3.236, 3.097, 3.169, 4.572, 5.15, 4.475, 3.748, 3.197, 3.404, 3.545, 3.418, 2.091, 1.754, 2.064, 3.233, 3.942, 3.825, 3.849, 2.209, 0.0, 2.387, 3.874, 3.244, 3.267, 2.546, 3.509, 3.642, 3.354, 3.148, 3.243, 3.001, 3.603, 3.007, 2.157, 1.268, 1.165, 1.443, 1.623, 1.269, 1.975, 1.93, 2.187, 2.213, 2.331, 3.143, 4.336, 3.744, 4.28, 5.014, 5.436, 7.801, 8.038, 7.877, 6.431, 7.324, 8.102, 8.269, 6.935, 6.379, 6.505, 7.055, 8.074, 8.415, 7.392, 7.405, 7.322, 7.482, 8.274, 8.823, 8.204, 6.245, 5.409, 4.612, 6.206, 7.026, 6.131, 4.898, 4.417, 4.402, 4.167, 3.842, 2.62, 1.849, 1.833, 1.952, 1.959, 3.738, 4.226, 2.639, 2.099, 3.873, 5.387, 5.462, 2.945, 2.324, 2.827, 2.728, 2.544, 3.916, 2.76, 3.796, 4.338, 3.915, 4.77, 6.345, 6.778, 6.443, 6.793, 7.219, 7.171, 6.571, 6.881, 7.209, 8.146, 8.091, 7.992, 8.101, 8.527, 9.308, 9.731, 10.138, 10.506, 10.459, 10.006, 10.215, 9.02, 6.694, 4.548, 4.232, 3.937, 2.115], [3.18, 3.172, 3.21, 5.026, 7.128, 6.574, 5.152, 4.209, 4.434, 4.622, 4.813, 7.486, 10.766, 7.832, 4.613, 5.056, 4.241, 1.978, 2.489, 3.041, 2.442, 2.191, 2.102, 1.858, 1.984, 1.724, 1.759, 2.682, 3.83, 4.99, 5.671, 4.834, 4.665, 3.862, 2.387, 0.0, 1.789, 2.02, 2.586, 4.365, 5.759, 5.908, 5.531, 5.125, 5.219, 5.13, 5.356, 4.656, 3.503, 2.737, 2.337, 2.106, 2.519, 2.536, 2.177, 2.399, 2.629, 3.045, 2.259, 2.419, 3.242, 2.876, 3.316, 4.011, 3.893, 5.922, 6.109, 5.97, 4.403, 5.654, 6.588, 7.045, 5.834, 5.021, 5.281, 5.997, 6.811, 7.03, 5.911, 5.751, 5.741, 5.52, 6.18, 6.764, 6.247, 4.953, 4.458, 3.79, 4.316, 5.009, 4.076, 2.949, 2.747, 2.763, 2.674, 2.964, 2.256, 2.705, 2.817, 1.759, 3.07, 5.592, 6.071, 4.339, 3.952, 5.757, 7.235, 7.586, 5.187, 2.845, 2.317, 2.468, 2.992, 4.502, 2.996, 1.845, 2.292, 2.649, 2.953, 4.401, 4.898, 4.642, 5.037, 5.357, 5.233, 4.56, 4.954, 5.327, 6.275, 6.221, 6.121, 6.253, 6.701, 7.449, 7.86, 8.283, 8.633, 8.589, 8.141, 8.346, 7.217, 4.936, 2.883, 2.635, 2.42, 2.35], [2.558, 3.198, 3.482, 5.621, 8.065, 7.528, 6.065, 4.969, 5.286, 5.585, 5.803, 8.207, 11.67, 9.126, 5.803, 6.072, 5.246, 2.059, 1.75, 1.878, 1.558, 1.921, 2.16, 2.047, 2.033, 1.886, 2.993, 4.03, 5.15, 6.108, 6.576, 5.731, 5.296, 4.987, 3.874, 1.789, 0.0, 1.991, 3.197, 5.782, 7.029, 7.16, 6.813, 6.437, 6.537, 6.403, 6.165, 6.074, 4.945, 4.07, 3.716, 3.287, 3.797, 3.845, 3.494, 3.699, 3.999, 4.38, 3.544, 2.497, 2.401, 2.13, 2.446, 3.125, 3.087, 4.98, 5.248, 5.192, 3.378, 4.647, 5.463, 5.811, 4.861, 4.013, 4.391, 5.407, 6.02, 6.061, 5.31, 4.901, 4.916, 4.504, 4.939, 5.536, 5.224, 4.084, 3.981, 3.661, 3.608, 4.308, 3.456, 2.417, 2.688, 2.982, 2.432, 2.825, 2.75, 3.942, 4.165, 3.028, 4.182, 6.58, 7.065, 5.418, 5.193, 6.57, 8.041, 8.838, 6.508, 4.042, 3.068, 2.926, 3.987, 5.449, 3.72, 1.333, 1.379, 2.322, 2.077, 3.466, 3.941, 3.669, 4.063, 4.37, 4.217, 3.575, 3.913, 4.313, 5.305, 5.223, 5.126, 5.279, 5.708, 6.485, 6.943, 7.305, 7.632, 7.593, 7.14, 7.356, 6.343, 4.03, 2.267, 2.053, 2.186, 3.735], [2.021, 2.428, 3.277, 5.681, 8.159, 7.456, 5.827, 4.883, 5.302, 5.486, 5.605, 8.241, 11.737, 8.832, 5.674, 6.114, 5.28, 2.444, 1.9, 2.226, 1.813, 1.48, 1.307, 1.428, 1.609, 2.359, 2.727, 3.603, 4.67, 5.853, 6.642, 5.783, 5.268, 4.653, 3.244, 2.02, 1.991, 0.0, 2.482, 4.98, 6.35, 6.477, 6.073, 5.686, 5.721, 5.804, 6.226, 5.758, 4.484, 3.617, 3.171, 3.11, 3.354, 3.321, 2.978, 3.239, 3.22, 3.799, 3.334, 2.395, 2.392, 2.187, 2.151, 2.767, 2.791, 4.88, 5.19, 5.123, 3.659, 4.966, 5.804, 6.033, 4.752, 4.004, 4.183, 4.891, 5.806, 6.142, 4.877, 4.916, 4.859, 4.764, 5.376, 6.027, 5.593, 3.854, 3.363, 2.588, 3.373, 4.273, 3.267, 2.515, 1.768, 1.808, 1.537, 1.341, 1.805, 3.475, 3.459, 2.518, 4.128, 6.664, 7.148, 5.379, 4.77, 6.539, 8.085, 8.343, 5.794, 3.273, 2.154, 1.919, 3.631, 5.408, 3.716, 2.451, 1.985, 1.637, 2.151, 3.668, 3.953, 3.691, 4.053, 4.312, 4.169, 3.582, 3.972, 4.282, 5.247, 5.145, 5.081, 5.325, 5.688, 6.432, 6.912, 7.248, 7.603, 7.529, 7.068, 7.337, 6.348, 4.119, 2.557, 2.359, 2.134, 3.076], [3.889, 3.87, 4.191, 5.812, 8.149, 7.415, 5.405, 4.548, 5.1, 5.276, 5.319, 7.883, 11.448, 8.511, 5.38, 5.849, 5.001, 2.728, 3.761, 4.128, 3.647, 2.983, 2.627, 2.856, 3.023, 3.006, 2.485, 3.028, 4.098, 5.562, 6.395, 5.618, 5.619, 4.642, 3.267, 2.586, 3.197, 2.482, 0.0, 3.138, 4.507, 4.905, 4.283, 3.882, 4.217, 4.987, 5.945, 5.57, 4.269, 3.394, 2.947, 3.058, 2.951, 2.658, 2.256, 2.552, 2.459, 3.004, 3.149, 2.978, 4.198, 3.642, 4.086, 4.455, 4.601, 5.717, 6.205, 6.467, 5.829, 7.168, 7.942, 8.02, 6.79, 6.129, 6.339, 6.903, 7.918, 8.267, 6.998, 7.078, 7.003, 7.016, 7.598, 8.191, 7.737, 5.994, 5.292, 4.632, 5.439, 6.165, 5.398, 4.384, 3.276, 2.933, 2.784, 2.286, 2.317, 2.911, 2.597, 1.8, 3.887, 6.368, 6.882, 5.114, 4.503, 6.057, 7.717, 7.535, 4.642, 1.702, 1.475, 2.027, 3.188, 4.981, 3.577, 3.523, 3.75, 2.617, 3.079, 4.583, 4.655, 4.128, 4.27, 5.102, 5.656, 5.122, 5.323, 5.232, 5.586, 5.483, 5.498, 5.445, 5.889, 6.698, 7.192, 7.661, 7.833, 7.871, 7.616, 7.755, 6.647, 4.177, 2.792, 2.834, 1.847, 1.8], [6.157, 5.813, 5.428, 5.894, 6.92, 6.431, 4.836, 4.221, 4.657, 3.811, 3.547, 5.678, 8.884, 5.916, 3.198, 3.549, 3.803, 4.951, 6.403, 6.865, 6.335, 5.487, 5.029, 5.263, 5.444, 5.