[[0.0, 1.859, 1.068, 1.947, 2.51, 1.916, 2.364, 3.221, 3.98, 6.896, 8.239, 8.148, 10.122, 13.389, 14.414, 16.159, 17.558, 17.19, 17.68, 17.55, 17.769, 16.859, 16.393, 14.405, 14.365, 15.55, 16.192, 17.724, 17.266, 14.591, 9.4, 6.344, 6.518, 6.737, 2.844, 1.97, 2.571, 2.557, 6.431, 3.57, 2.245, 2.177, 4.863, 8.115, 10.281, 11.256, 11.681, 12.492, 11.932, 11.303, 12.643, 13.679], [1.859, 0.0, 1.624, 1.45, 1.44, 1.216, 1.896, 2.319, 3.126, 5.815, 6.984, 7.052, 9.118, 12.047, 12.999, 14.787, 16.135, 15.893, 16.343, 16.398, 16.586, 15.487, 15.047, 13.231, 13.273, 14.374, 15.05, 16.459, 16.007, 13.274, 8.264, 5.135, 5.271, 5.611, 2.529, 3.21, 3.08, 3.156, 7.869, 4.974, 3.118, 3.347, 4.573, 7.38, 9.304, 10.295, 10.73, 11.461, 10.955, 10.28, 11.557, 12.595], [1.068, 1.624, 0.0, 1.753, 2.547, 1.96, 2.35, 3.097, 3.985, 6.952, 8.288, 8.242, 10.191, 13.473, 14.5, 16.248, 17.641, 17.224, 17.75, 17.707, 17.908, 16.949, 16.46, 14.481, 14.458, 15.654, 16.345, 17.842, 17.359, 14.612, 9.461, 6.418, 6.517, 6.767, 2.851, 2.011, 2.427, 2.55, 6.331, 3.461, 2.058, 2.195, 4.863, 8.153, 10.384, 11.332, 11.781, 12.585, 12.001, 11.452, 12.755, 13.776], [1.947, 1.45, 1.753, 0.0, 1.785, 1.478, 1.825, 2.459, 3.169, 6.015, 7.463, 7.292, 9.242, 12.664, 13.693, 15.439, 16.841, 16.408, 16.943, 16.792, 17.004, 16.139, 15.628, 13.609, 13.521, 14.754, 15.44, 16.999, 16.501, 13.807, 8.525, 5.623, 5.773, 5.94, 2.945, 3.229, 3.369, 3.163, 7.177, 4.282, 3.081, 3.299, 4.568, 7.398, 9.399, 10.424, 10.837, 11.719, 11.168, 10.491, 11.813, 12.822], [2.51, 1.44, 2.547, 1.785, 0.0, 1.308, 1.82, 2.302, 3.053, 5.203, 6.315, 6.579, 8.493, 11.317, 12.277, 14.051, 15.404, 15.24, 15.718, 15.769, 15.858, 14.759, 14.314, 12.604, 12.68, 13.705, 14.328, 15.752, 15.273, 12.561, 7.679, 4.746, 4.765, 4.908, 2.936, 4.018, 4.035, 3.844, 8.603, 5.644, 3.983, 4.075, 4.938, 7.428, 8.894, 9.956, 10.344, 11.349, 10.695, 9.726, 11.071, 11.99], [1.916, 1.216, 1.96, 1.478, 1.308, 0.0, 1.242, 1.627, 2.528, 5.148, 6.466, 6.413, 8.425, 11.66, 12.679, 14.426, 15.824, 15.415, 15.934, 15.828, 16.033, 15.125, 14.642, 12.643, 12.636, 13.787, 14.463, 15.993, 15.518, 12.825, 7.63, 4.7, 4.735, 4.983, 2.334, 3.272, 3.269, 2.982, 8.165, 5.269, 3.423, 3.477, 4.177, 6.963, 8.592, 9.585, 9.988, 10.977, 10.303, 9.6, 10.883, 11.935], [2.364, 1.896, 2.35, 1.825, 1.82, 1.242, 0.0, 1.69, 2.738, 5.468, 6.846, 6.75, 8.705, 12.005, 13.017, 14.727, 16.138, 15.773, 16.307, 16.185, 16.318, 15.426, 14.949, 13.019, 12.95, 14.046, 14.747, 16.323, 15.824, 13.127, 7.962, 4.976, 5.112, 5.299, 3.011, 3.565, 3.786, 2.84, 7.903, 4.944, 3.543, 3.631, 4.75, 7.189, 8.872, 9.912, 10.295, 11.208, 10.613, 9.868, 11.197, 12.187], [3.221, 2.319, 3.097, 2.459, 2.302, 1.627, 1.69, 0.0, 1.691, 4.219, 5.633, 5.424, 7.473, 10.852, 11.918, 13.605, 15.014, 14.565, 15.074, 14.947, 15.155, 14.305, 13.81, 11.735, 11.641, 12.919, 13.59, 15.136, 14.713, 11.945, 6.679, 3.977, 4.157, 4.146, 2.581, 3.919, 3.506, 3.265, 8.967, 6.06, 4.199, 4.313, 3.845, 6.081, 7.582, 8.573, 9.011, 10.096, 9.358, 8.709, 10.002, 10.977], [3.98, 3.126, 3.985, 3.169, 3.053, 2.528, 2.738, 1.691, 0.0, 3.526, 5.08, 4.877, 6.824, 10.284, 11.434, 13.059, 14.551, 14.105, 14.61, 14.473, 14.589, 13.759, 13.25, 11.297, 11.109, 12.304, 12.995, 14.649, 14.211, 11.374, 5.958, 3.446, 4.187, 4.098, 3.046, 4.649, 3.877, 3.793, 9.535, 6.63, 4.662, 4.659, 3.298, 4.702, 6.47, 7.644, 7.977, 9.32, 8.665, 8.048, 9.41, 10.269], [6.896, 5.815, 6.952, 6.015, 5.203, 5.148, 5.468, 4.219, 3.526, 0.0, 1.807, 1.788, 3.535, 6.893, 8.018, 9.663, 11.135, 10.667, 11.175, 11.056, 11.194, 10.363, 9.84, 7.861, 7.707, 8.958, 9.618, 11.25, 10.806, 7.977, 2.836, 1.628, 2.975, 2.072, 4.762, 7.801, 6.632, 7.186, 12.904, 9.917, 7.984, 8.078, 4.58, 3.426, 4.011, 4.973, 5.346, 6.428, 5.86, 4.886, 6.162, 6.991], [8.239, 6.984, 8.288, 7.463, 6.315, 6.466, 6.846, 5.633, 5.08, 1.807, 0.0, 1.439, 2.798, 5.418, 6.449, 8.017, 9.51, 9.106, 9.618, 9.601, 9.674, 8.739, 8.229, 6.41, 6.474, 7.525, 8.172, 9.687, 9.227, 6.516, 2.717, 2.482, 3.834, 2.958, 6.244, 9.403, 8.292, 8.847, 14.553, 11.512, 9.586, 9.653, 6.228, 4.018, 3.939, 4.669, 5.268, 6.059, 5.606, 4.351, 5.379, 6.282], [8.148, 7.052, 8.242, 7.292, 6.579, 6.413, 6.75, 5.424, 4.877, 1.788, 1.439, 0.0, 2.326, 5.579, 6.67, 8.303, 9.752, 9.297, 9.772, 9.663, 9.849, 9.003, 8.477, 6.469, 6.281, 7.596, 8.274, 9.853, 9.423, 6.638, 1.961, 2.241, 3.208, 2.459, 6.093, 9.131, 7.988, 8.543, 14.279, 11.325, 9.398, 9.492, 5.933, 3.026, 2.936, 3.756, 4.231, 5.284, 4.63, 3.759, 4.846, 5.722], [10.122, 9.118, 10.191, 9.242, 8.493, 8.425, 8.705, 7.473, 6.824, 3.535, 2.798, 2.326, 0.0, 3.622, 4.662, 6.334, 7.743, 7.302, 7.863, 7.728, 7.88, 7.067, 6.54, 4.533, 4.454, 5.629, 6.345, 7.876, 7.415, 4.705, 2.418, 4.107, 4.304, 3.848, 8.065, 11.066, 9.949, 10.504, 16.212, 13.259, 11.326, 11.435, 7.897, 3.505, 2.515, 3.023, 3.582, 4.301, 4.023, 2.909, 3.392, 4.117], [13.389, 12.047, 13.473, 12.664, 11.317, 11.66, 12.005, 10.852, 10.284, 6.893, 5.418, 5.579, 3.622, 0.0, 1.922, 2.889, 4.373, 4.36, 4.739, 4.813, 4.714, 3.619, 3.328, 2.416, 2.495, 2.804, 3.232, 4.732, 4.326, 1.886, 4.427, 7.152, 7.168, 6.887, 11.439, 14.616, 13.498, 14.057, 19.767, 16.683, 14.791, 14.872, 11.44, 6.782, 4.116, 3.174, 3.125, 3.174, 2.991, 2.59, 1.867, 2.4], [14.414, 12.999, 14.5, 13.693, 12.277, 12.679, 13.017, 11.918, 11.434, 8.018, 6.449, 6.67, 4.662, 1.922, 0.0, 2.105, 3.212, 3.261, 3.714, 3.994, 4.041, 2.94, 2.257, 1.861, 2.857, 2.624, 2.772, 3.914, 3.431, 2.049, 5.567, 8.185, 8.356, 8.068, 12.537, 15.65, 14.515, 15.071, 20.822, 17.873, 15.938, 16.039, 12.511, 7.895, 5.205, 4.082, 3.692, 2.81, 3.109, 3.534, 2.501, 2.432], [16.159, 14.787, 16.248, 15.439, 14.051, 14.426, 14.727, 13.605, 13.059, 9.663, 8.017, 8.303, 6.334, 2.889, 2.105, 0.0, 1.678, 2.605, 3.478, 3.558, 3.27, 2.443, 2.135, 3.026, 3.864, 2.889, 2.151, 2.752, 2.252, 2.015, 7.176, 9.894, 9.859, 9.66, 14.214, 17.387, 16.271, 16.826, 22.543, 19.455, 17.566, 17.647, 14.215, 9.524, 6.763, 5.72, 5.397, 4.393, 4.895, 5.078, 4.052, 3.721], [17.558, 16.135, 17.641, 16.841, 15.404, 15.824, 16.138, 15.014, 14.551, 11.135, 9.51, 9.752, 7.743, 4.373, 3.212, 1.678, 0.0, 2.149, 2.854, 3.274, 3.109, 2.493, 2.366, 3.738, 4.495, 3.518, 2.599, 2.188, 1.757, 3.263, 8.665, 11.286, 11.419, 11.178, 15.654, 18.772, 17.663, 18.213, 23.939, 20.988, 19.054, 19.156, 15.628, 10.995, 8.216, 7.13, 6.733, 5.448, 6.005, 6.519, 5.156, 4.349], [17.19, 15.893, 17.224, 16.408, 15.24, 15.415, 15.773, 14.565, 14.105, 10.667, 9.106, 9.297, 7.302, 4.36, 3.261, 2.605, 2.149, 0.0, 1.527, 1.642, 1.89, 1.556, 1.447, 3.024, 3.339, 2.694, 2.29, 2.343, 2.117, 3.256, 8.169, 10.965, 11.172, 10.885, 15.243, 18.312, 17.2, 17.723, 23.473, 20.558, 18.613, 18.7, 15.127, 10.535, 7.757, 6.642, 6.278, 4.977, 5.541, 6.139, 4.735, 3.874], [17.68, 16.343, 17.75, 16.943, 15.718, 15.934, 16.307, 15.074, 14.61, 11.175, 9.618, 9.772, 7.863, 4.739, 3.714, 3.478, 2.854, 1.527, 0.0, 1.284, 1.75, 1.935, 1.909, 3.611, 3.854, 3.09, 2.873, 2.997, 2.736, 3.765, 8.669, 11.447, 11.624, 11.355, 15.723, 18.812, 17.695, 18.228, 23.999, 21.071, 19.122, 19.208, 15.582, 11.039, 8.26, 7.119, 6.782, 5.481, 6.025, 6.627, 5.248, 4.453], [17.55, 16.398, 17.707, 16.792, 15.769, 15.828, 16.185, 14.947, 14.473, 11.056, 9.601, 9.663, 7.728, 4.813, 3.994, 3.558, 3.274, 1.642, 1.284, 0.0, 1.169, 1.949, 2.173, 3.511, 3.657, 2.772, 2.428, 2.911, 2.772, 3.859, 8.548, 11.426, 11.633, 11.265, 15.577, 18.74, 17.583, 18.109, 23.849, 20.923, 18.98, 19.068, 15.477, 10.901, 8.123, 6.99, 6.642, 5.367, 5.9, 6.485, 5.121, 4.269], [17.769, 16.586, 17.908, 17.004, 15.858, 16.033, 16.318, 15.155, 14.589, 11.194, 9.674, 9.849, 7.88, 4.714, 4.041, 3.27, 3.109, 1.89, 1.75, 1.169, 0.0, 1.703, 2.286, 3.71, 3.857, 2.656, 2.067, 2.516, 2.406, 3.656, 8.707, 11.562, 11.549, 11.251, 15.743, 18.939, 17.793, 18.347, 24.071, 20.985, 19.096, 19.177, 15.739, 11.054, 8.239, 7.225, 6.818, 5.574, 6.1, 6.58, 5.29, 4.442], [16.859, 15.487, 16.949, 16.139, 14.759, 15.125, 15.426, 14.305, 13.759, 10.363, 8.739, 9.003, 7.067, 3.619, 2.94, 2.443, 2.493, 1.556, 1.935, 1.949, 1.703, 0.0, 1.299, 3.121, 3.139, 2.178, 1.524, 2.483, 2.211, 3.03, 7.877, 10.588, 10.547, 10.351, 14.913, 18.087, 16.971, 17.525, 23.242, 20.155, 18.266, 18.347, 14.915, 10.224, 7.406, 6.404, 5.995, 4.751, 5.267, 5.721, 4.441, 3.633], [16.393, 15.047, 16.46, 15.628, 14.314, 14.642, 14.949, 13.81, 13.25, 9.84, 8.229, 8.477, 6.54, 3.328, 2.257, 2.135, 2.366, 1.447, 1.909, 2.173, 2.286, 1.299, 0.0, 2.355, 2.633, 1.929, 1.675, 2.517, 2.204, 2.585, 7.34, 10.086, 10.153, 9.918, 14.414, 17.558, 16.442, 16.989, 22.729, 19.691, 17.755, 17.855, 14.361, 9.702, 6.914, 5.845, 5.47, 4.208, 4.748, 5.23, 3.926, 3.166], [14.405, 13.231, 14.481, 13.609, 12.604, 12.643, 13.019, 11.735, 11.297, 7.861, 6.41, 6.469, 4.533, 2.416, 1.861, 3.026, 3.738, 3.024, 3.611, 3.511, 3.71, 3.121, 2.355, 0.0, 1.371, 1.739, 2.486, 3.636, 3.136, 2.357, 5.361, 8.251, 8.482, 8.13, 12.446, 15.513, 14.378, 14.918, 20.649, 17.748, 15.809, 15.898, 12.296, 7.723, 5.021, 3.857, 3.506, 2.703, 2.907, 3.418, 2.562, 2.078], [14.365, 13.273, 14.458, 13.521, 12.68, 12.636, 12.95, 11.641, 11.109, 7.707, 6.474, 6.281, 4.454, 2.495, 2.857, 3.864, 4.495, 3.339, 3.854, 3.657, 3.857, 3.139, 2.633, 1.371, 0.0, 1.634, 2.59, 4.003, 3.618, 2.747, 5.378, 8.271, 8.481, 8.111, 12.326, 15.318, 14.171, 14.683, 20.496, 17.567, 15.636, 15.727, 12.041, 7.504, 4.819, 3.669, 3.495, 3.054, 3.176, 3.439, 2.629, 2.2], [15.55, 14.374, 15.654, 14.754, 13.705, 13.787, 14.046, 12.919, 12.304, 8.958, 7.525, 7.596, 5.629, 2.804, 2.624, 2.889, 3.518, 2.694, 3.09, 2.772, 2.656, 2.178, 1.929, 1.739, 1.634, 0.0, 1.648, 2.853, 2.478, 2.569, 6.426, 9.321, 9.374, 9.039, 13.497, 16.662, 15.498, 16.041, 21.778, 18.7, 16.815, 16.887, 13.423, 8.757, 5.937, 4.909, 4.569, 3.822, 4.044, 4.423, 3.232, 2.766], [16.192, 15.05, 16.345, 15.44, 14.328, 14.463, 14.747, 13.59, 12.995, 9.618, 8.172, 8.274, 6.345, 3.232, 2.772, 2.151, 2.599, 2.29, 2.873, 2.428, 2.067, 1.524, 1.675, 2.486, 2.59, 1.648, 0.0, 1.989, 1.644, 2.568, 7.125, 10.013, 10.021, 9.696, 14.171, 17.348, 16.199, 16.754, 22.478, 19.391, 17.502, 17.583, 14.145, 9.46, 6.652, 5.649, 5.224, 4.035, 4.546, 5.044, 3.773, 3.1], [17.724, 16.459, 17.842, 16.999, 15.752, 15.993, 16.323, 15.136, 14.649, 11.25, 9.687, 9.853, 7.876, 4.732, 3.914, 2.752, 2.188, 2.343, 2.997, 2.911, 2.516, 2.483, 2.517, 3.636, 4.003, 2.853, 1.989, 0.0, 0.981, 3.543, 8.728, 11.454, 11.673, 11.382, 15.78, 18.891, 17.774, 18.314, 24.047, 21.085, 19.155, 19.259, 15.699, 11.083, 8.315, 7.229, 6.828, 5.543, 6.114, 6.644, 5.297, 4.587], [17.266, 16.007, 17.359, 16.501, 15.273, 15.518, 15.824, 14.713, 14.211, 10.806, 9.227, 9.423, 7.415, 4.326, 3.431, 2.252, 1.757, 2.117, 2.736, 2.772, 2.406, 2.211, 2.204, 3.136, 3.618, 2.478, 1.644, 0.981, 0.0, 3.053, 8.296, 11.02, 11.184, 10.921, 15.342, 18.435, 17.309, 17.853, 23.598, 20.66, 18.716, 18.817, 15.269, 10.651, 7.885, 6.774, 6.389, 5.115, 5.676, 6.204, 4.876, 4.259], [14.591, 13.274, 14.612, 13.807, 12.561, 12.825, 13.127, 11.945, 11.374, 7.977, 6.516, 6.638, 4.705, 1.886, 2.049, 2.015, 3.263, 3.256, 3.765, 3.859, 3.656, 3.03, 2.585, 2.357, 2.747, 2.569, 2.568, 3.543, 3.053, 0.0, 5.483, 8.282, 8.413, 8.144, 12.584, 15.663, 14.554, 15.1, 20.852, 17.817, 15.882, 15.986, 12.478, 7.921, 5.183, 4.098, 3.824, 3.181, 3.437, 3.582, 2.665, 2.707], [9.4, 8.264, 9.461, 8.525, 7.679, 7.63, 7.962, 6.679, 5.958, 2.836, 2.717, 1.961, 2.418, 4.427, 5.567, 7.176, 8.665, 8.169, 8.669, 8.548, 8.707, 7.877, 7.34, 5.361, 5.378, 6.426, 7.125, 8.728, 8.296, 5.483, 0.0, 3.265, 3.808, 3.122, 7.273, 10.317, 9.153, 9.681, 15.423, 12.442, 10.48, 10.554, 7.053, 3.468, 3.054, 3.13, 3.537, 4.328, 3.822, 2.781, 3.731, 4.561], [6.344, 5.135, 6.418, 5.623, 4.746, 4.7, 4.976, 3.977, 3.446, 1.628, 2.482, 2.241, 4.107, 7.152, 8.185, 9.894, 11.286, 10.965, 11.447, 11.426, 11.562, 10.588, 10.086, 8.251, 8.271, 9.321, 10.013, 11.454, 11.02, 8.282, 3.265, 0.0, 2.087, 1.684, 4.407, 7.506, 6.397, 6.947, 12.667, 9.708, 7.777, 7.879, 4.384, 3.194, 4.382, 5.408, 5.817, 6.684, 6.123, 5.275, 6.591, 7.537], [6.518, 5.271, 6.517, 5.773, 4.765, 4.735, 5.112, 4.157, 4.187, 2.975, 3.834, 3.208, 4.304, 7.168, 8.356, 9.859, 11.419, 11.172, 11.624, 11.633, 11.549, 10.547, 10.153, 8.482, 8.481, 9.374, 10.021, 11.673, 11.184, 8.413, 3.808, 2.087, 0.0, 1.476, 4.383, 7.562, 6.444, 7.002, 12.713, 9.609, 7.728, 7.805, 4.502, 3.375, 4.51, 5.581, 6.041, 7.083, 6.316, 5.423, 6.726, 7.705], [6.737, 5.611, 6.767, 5.94, 4.908, 4.983, 5.299, 4.146, 4.098, 2.072, 2.958, 2.459, 3.848, 6.887, 8.068, 9.66, 11.178, 10.885, 11.355, 11.265, 11.251, 10.351, 9.918, 8.13, 8.111, 9.039, 9.696, 11.382, 10.921, 8.144, 3.122, 1.684, 1.476, 0.0, 4.577, 7.763, 6.652, 7.206, 12.913, 9.81, 7.921, 7.998, 4.673, 3.641, 4.553, 5.543, 5.944, 7.085, 6.369, 5.357, 6.468, 7.382], [2.844, 2.529, 2.851, 2.945, 2.936, 2.334, 3.011, 2.581, 3.046, 4.762, 6.244, 6.093, 8.065, 11.439, 12.537, 14.214, 15.654, 15.243, 15.723, 15.577, 15.743, 14.913, 14.414, 12.446, 12.326, 13.497, 14.171, 15.78, 15.342, 12.584, 7.273, 4.407, 4.383, 4.577, 0.0, 3.248, 2.163, 3.05, 8.337, 5.37, 3.434, 3.572, 3.319, 6.257, 8.093, 9.131, 9.518, 10.575, 9.9, 9.227, 10.593, 11.604], [1.97, 3.21, 2.011, 3.229, 4.018, 3.272, 3.565, 3.919, 4.649, 7.801, 9.403, 9.131, 11.066, 14.616, 15.65, 17.387, 18.772, 18.312, 18.812, 18.74, 18.939, 18.087, 17.558, 15.513, 15.318, 16.662, 17.348, 18.891, 18.435, 15.663, 10.317, 7.506, 7.562, 7.763, 3.248, 0.0, 2.02, 2.155, 5.456, 3.001, 1.614, 1.67, 5.014, 8.648, 11.096, 12.117, 12.502, 13.402, 12.878, 12.434, 13.687, 14.592], [2.571, 3.08, 2.427, 3.369, 4.035, 3.269, 3.786, 3.506, 3.877, 6.632, 8.292, 7.988, 9.949, 13.498, 14.515, 16.271, 17.663, 17.2, 17.695, 17.583, 17.793, 16.971, 16.442, 14.378, 14.171, 15.498, 16.199, 17.774, 17.309, 14.554, 9.153, 6.397, 6.444, 6.652, 2.163, 2.02, 0.0, 2.244, 6.848, 4.242, 2.128, 2.128, 3.368, 7.147, 9.638, 10.652, 11.049, 12.301, 11.738, 11.268, 12.561, 13.435], [2.557, 3.156, 2.55, 3.163, 3.844, 2.982, 2.84, 3.265, 3.793, 7.186, 8.847, 8.543, 10.504, 14.057, 15.071, 16.826, 18.213, 17.723, 18.228, 18.109, 18.347, 17.525, 16.989, 14.918, 14.683, 16.041, 16.754, 18.314, 17.853, 15.1, 9.681, 6.947, 7.002, 7.206, 3.05, 2.155, 2.244, 0.0, 6.17, 3.741, 2.342, 2.242, 4.054, 7.61, 10.169, 11.175, 11.565, 12.805, 12.276, 11.826, 13.1, 13.965], [6.431, 7.869, 6.331, 7.177, 8.603, 8.165, 7.903, 8.967, 9.535, 12.904, 14.553, 14.279, 16.212, 19.767, 20.822, 22.543, 23.939, 23.473, 23.999, 23.849, 24.071, 23.242, 22.729, 20.649, 20.496, 21.778, 22.478, 24.047, 23.598, 20.852, 15.423, 12.667, 12.713, 12.913, 8.337, 5.456, 6.848, 6.17, 0.0, 3.23, 5.334, 5.451, 9.76, 13.39, 15.897, 16.905, 17.302, 18.64, 18.025, 17.542, 18.83, 19.714], [3.57, 4.974, 3.461, 4.282, 5.644, 5.269, 4.944, 6.06, 6.63, 9.917, 11.512, 11.325, 13.259, 16.683, 17.873, 19.455, 20.988, 20.558, 21.071, 20.923, 20.985, 20.155, 19.691, 17.748, 17.567, 18.7, 19.391, 21.085, 20.66, 17.817, 12.442, 9.708, 9.609, 9.81, 5.37, 3.001, 4.242, 3.741, 3.23, 0.0, 2.51, 2.766, 7.243, 10.678, 13.009, 14.073, 14.481, 15.739, 15.095, 14.476, 15.861, 16.76], [2.245, 3.118, 2.058, 3.081, 3.983, 3.423, 3.543, 4.199, 4.662, 7.984, 9.586, 9.398, 11.326, 14.791, 15.938, 17.566, 19.054, 18.613, 19.122, 18.98, 19.096, 18.266, 17.755, 15.809, 15.636, 16.815, 17.502, 19.155, 18.716, 15.882, 10.48, 7.777, 7.728, 7.921, 3.434, 1.614, 2.128, 2.342, 5.334, 2.51, 0.0, 0.78, 4.946, 8.517, 11.073, 12.108, 12.513, 13.798, 13.154, 12.555, 13.912, 14.799], [2.177, 3.347, 2.195, 3.299, 4.075, 3.477, 3.631, 4.313, 4.659, 8.078, 9.653, 9.492, 11.435, 14.872, 16.039, 17.647, 19.156, 18.7, 19.208, 19.068, 19.177, 18.347, 17.855, 15.898, 15.727, 16.887, 17.583, 19.259, 18.817, 15.986, 10.554, 7.879, 7.805, 7.998, 3.572, 1.67, 2.128, 2.242, 5.451, 2.766, 0.78, 0.0, 4.608, 8.373, 11.02, 12.122, 12.53, 13.886, 13.242, 12.64, 14.007, 14.895], [4.863, 4.573, 4.863, 4.568, 4.938, 4.177, 4.75, 3.845, 3.298, 4.58, 6.228, 5.933, 7.897, 11.44, 12.511, 14.215, 15.628, 15.127, 15.582, 15.477, 15.739, 14.915, 14.361, 12.296, 12.041, 13.423, 14.145, 15.699, 15.269, 12.478, 7.053, 4.384, 4.502, 4.673, 3.319, 5.014, 3.368, 4.054, 9.76, 7.243, 4.946, 4.608, 0.0, 4.699, 7.509, 8.526, 8.926, 10.23, 9.651, 9.209, 10.49, 11.346], [8.115, 7.38, 8.153, 7.398, 7.428, 6.963, 7.189, 6.081, 4.702, 3.426, 4.018, 3.026, 3.505, 6.782, 7.895, 9.524, 10.995, 10.535, 11.039, 10.901, 11.054, 10.224, 9.702, 7.723, 7.504, 8.757, 9.46, 11.083, 10.651, 7.921, 3.468, 3.194, 3.375, 3.641, 6.257, 8.648, 7.147, 7.61, 13.39, 10.678, 8.517, 8.373, 4.699, 0.0, 2.884, 3.949, 4.3, 5.701, 5.056, 4.516, 5.845, 6.701], [10.281, 9.304, 10.384, 9.399, 8.894, 8.592, 8.872, 7.582, 6.47, 4.011, 3.939, 2.936, 2.515, 4.116, 5.205, 6.763, 8.216, 7.757, 8.26, 8.123, 8.239, 7.406, 6.914, 5.021, 4.819, 5.937, 6.652, 8.315, 7.885, 5.183, 3.054, 4.382, 4.51, 4.553, 8.093, 11.096, 9.638, 10.169, 15.897, 13.009, 11.073, 11.02, 7.509, 2.884, 0.0, 1.578, 1.943, 3.308, 2.608, 1.961, 3.091, 3.927], [11.256, 10.295, 11.332, 10.424, 9.956, 9.585, 9.912, 8.573, 7.644, 4.973, 4.669, 3.756, 3.023, 3.174, 4.082, 5.72, 7.13, 6.642, 7.119, 6.99, 7.225, 6.404, 5.845, 3.857, 3.669, 4.909, 5.649, 7.229, 6.774, 4.098, 3.13, 5.408, 5.581, 5.543, 9.131, 12.117, 10.652, 11.175, 16.905, 14.073, 12.108, 12.122, 8.526, 3.949, 1.578, 0.0, 1.047, 2.224, 1.611, 1.373, 2.12, 2.899], [11.681, 10.73, 11.781, 10.837, 10.344, 9.988, 10.295, 9.011, 7.977, 5.346, 5.268, 4.231, 3.582, 3.125, 3.692, 5.397, 6.733, 6.278, 6.782, 6.642, 6.818, 5.995, 5.47, 3.506, 3.495, 4.569, 5.224, 6.828, 6.389, 3.824, 3.537, 5.817, 6.041, 5.944, 9.518, 12.502, 11.049, 11.565, 17.302, 14.481, 12.513, 12.53, 8.926, 4.3, 1.943, 1.047, 0.0, 1.802, 1.21, 1.644, 1.937, 2.501], [12.492, 11.461, 12.585, 11.719, 11.349, 10.977, 11.208, 10.096, 9.32, 6.428, 6.059, 5.284, 4.301, 3.174, 2.81, 4.393, 5.448, 4.977, 5.481, 5.367, 5.574, 4.751, 4.208, 2.703, 3.054, 3.822, 4.035, 5.543, 5.115, 3.181, 4.328, 6.684, 7.083, 7.085, 10.575, 13.402, 12.301, 12.805, 18.64, 15.739, 13.798, 13.886, 10.23, 5.701, 3.308, 2.224, 1.802, 0.0, 1.102, 1.992, 1.674, 1.814], [11.932, 10.955, 12.001, 11.168, 10.695, 10.303, 10.613, 9.358, 8.665, 5.86, 5.606, 4.63, 4.023, 2.991, 3.109, 4.895, 6.005, 5.541, 6.025, 5.9, 6.1, 5.267, 4.748, 2.907, 3.176, 4.044, 4.546, 6.114, 5.676, 3.437, 3.822, 6.123, 6.316, 6.369, 9.9, 12.878, 11.738, 12.276, 18.025, 15.095, 13.154, 13.242, 9.651, 5.056, 2.608, 1.611, 1.21, 1.102, 0.0, 1.695, 1.598, 2.039], [11.303, 10.28, 11.452, 10.491, 9.726, 9.6, 9.868, 8.709, 8.048, 4.886, 4.351, 3.759, 2.909, 2.59, 3.534, 5.078, 6.519, 6.139, 6.627, 6.485, 6.58, 5.721, 5.23, 3.418, 3.439, 4.423, 5.044, 6.644, 6.204, 3.582, 2.781, 5.275, 5.423, 5.357, 9.227, 12.434, 11.268, 11.826, 17.542, 14.476, 12.555, 12.64, 9.209, 4.516, 1.961, 1.373, 1.644, 1.992, 1.695, 0.0, 1.649, 2.531], [12.643, 11.557, 12.755, 11.813, 11.071, 10.883, 11.197, 10.002, 9.41, 6.162, 5.379, 4.846, 3.392, 1.867, 2.501, 4.052, 5.156, 4.735, 5.248, 5.121, 5.29, 4.441, 3.926, 2.562, 2.629, 3.232, 3.773, 5.297, 4.876, 2.665, 3.731, 6.591, 6.726, 6.468, 10.593, 13.687, 12.561, 13.1, 18.83, 15.861, 13.912, 14.007, 10.49, 5.845, 3.091, 2.12, 1.937, 1.674, 1.598, 1.649, 0.0, 1.334], [13.679, 12.595, 13.776, 12.822, 11.99, 11.935, 12.187, 10.977, 10.269, 6.991, 6.282, 5.722, 4.117, 2.4, 2.432, 3.721, 4.349, 3.874, 4.453, 4.269, 4.442, 3.633, 3.166, 2.078, 2.2, 2.766, 3.1, 4.587, 4.259, 2.707, 4.561, 7.537, 7.705, 7.382, 11.604, 14.592, 13.435, 13.965, 19.714, 16.76, 14.799, 14.895, 11.346, 6.701, 3.927, 2.899, 2.501, 1.814, 2.039, 2.531, 1.334, 0.0]]