[[0.0, 3.065, 3.029, 4.677, 5.196, 4.42, 4.985, 5.316, 4.722, 4.043, 4.208, 4.285, 4.081, 5.238, 4.666, 3.741, 5.698, 6.073, 5.196, 5.246, 4.641, 4.204, 5.014, 7.062, 8.094, 7.003, 5.409, 5.032, 5.868, 5.95, 4.42, 5.094, 8.338, 10.292, 11.23, 10.586, 7.747, 7.151, 7.941, 8.284, 9.379, 9.077, 9.358, 9.969, 8.929, 7.835, 9.114, 10.551, 10.39, 10.471, 9.236, 8.338, 8.088, 7.382, 7.295, 7.392, 7.212, 6.608, 6.281, 6.377, 6.326, 6.053, 5.304, 4.742, 5.069, 4.989, 4.836, 5.803, 6.436, 5.992, 5.702, 8.082, 10.184, 11.611, 12.587, 14.229, 16.483, 16.252, 15.887, 16.289, 15.685, 16.277, 16.077, 15.288, 15.092, 16.482, 16.763, 15.554, 13.483, 7.46, 8.134, 10.961, 11.735, 11.908, 11.639, 11.278, 11.086, 11.212, 11.742, 11.985, 11.726, 10.852, 9.961, 10.186, 9.667, 9.533, 8.713, 8.38, 7.231, 5.601, 4.752, 4.232, 4.277, 5.226, 4.206, 5.086, 9.506, 12.911, 11.71, 11.058, 12.22, 12.051, 11.216, 11.756, 8.993, 5.624, 4.464, 5.048, 5.127, 5.785, 5.512, 2.829, 3.123, 3.841, 3.77, 4.812, 5.263, 5.634, 5.675, 5.278, 4.837, 5.122, 4.684, 4.408, 3.99, 2.945, 3.444, 3.497, 3.059, 3.261, 3.716, 3.091, 1.626, 1.39, 1.623, 2.06, 2.747, 2.835, 2.484, 3.939, 6.917, 11.182, 12.835, 11.12, 9.585, 8.084, 8.524, 8.641, 9.014, 7.998, 8.04, 8.595, 9.219, 10.014, 10.24, 9.903, 8.718, 9.803, 12.68, 13.246, 10.53, 7.342, 4.728, 3.977, 2.945, 3.026, 3.847, 4.486, 4.66, 3.818, 3.624, 4.958, 7.151, 9.233, 9.542, 9.868, 10.191, 10.757, 11.176, 10.721, 10.238, 10.375, 10.802, 10.999, 11.14, 12.509], [3.065, 0.0, 0.749, 1.799, 2.471, 1.814, 2.67, 3.155, 2.683, 3.18, 3.733, 3.335, 6.018, 8.224, 7.356, 5.14, 4.736, 5.493, 5.653, 6.589, 6.445, 6.539, 7.434, 10.067, 11.065, 9.711, 7.996, 7.659, 8.652, 8.649, 6.842, 7.855, 11.053, 13.157, 14.206, 13.561, 10.688, 9.963, 10.776, 11.166, 12.221, 12.073, 12.321, 12.902, 11.88, 10.847, 12.12, 13.581, 13.4, 13.483, 12.254, 11.327, 11.024, 10.184, 8.841, 8.106, 7.217, 6.47, 6.781, 7.4, 6.118, 5.704, 4.922, 4.202, 4.745, 5.565, 7.237, 8.713, 9.362, 8.922, 8.576, 11.049, 13.125, 14.521, 15.307, 17.022, 19.43, 19.23, 18.874, 19.238, 18.669, 19.278, 19.069, 18.302, 18.07, 19.461, 19.724, 18.527, 16.461, 9.98, 7.736, 9.839, 10.312, 10.297, 10.156, 9.905, 9.745, 9.965, 10.445, 10.807, 10.451, 9.412, 8.308, 8.386, 8.058, 8.043, 7.356, 7.383, 6.968, 4.978, 3.923, 3.979, 3.237, 3.838, 4.277, 7.787, 12.515, 15.9, 14.665, 14.017, 15.183, 15.03, 14.206, 14.756, 11.788, 8.411, 7.389, 7.992, 7.994, 8.729, 8.457, 5.431, 2.585, 2.707, 3.462, 3.96, 3.794, 3.504, 3.714, 4.312, 4.044, 3.722, 3.431, 3.298, 3.116, 3.346, 4.874, 4.946, 4.214, 4.597, 5.592, 5.588, 3.631, 2.856, 3.49, 4.403, 5.542, 5.757, 5.371, 6.85, 9.906, 14.165, 15.746, 14.116, 12.522, 10.792, 10.518, 10.164, 9.383, 8.318, 8.607, 9.267, 9.774, 10.59, 11.153, 11.108, 10.64, 12.502, 15.656, 16.177, 13.479, 10.261, 7.578, 6.053, 4.754, 4.543, 4.958, 5.587, 6.576, 6.373, 6.57, 7.936, 10.13, 12.162, 12.471, 12.846, 13.222, 13.787, 14.149, 13.678, 13.197, 13.353, 13.765, 14.025, 14.171, 15.486], [3.029, 0.749, 0.0, 1.899, 2.474, 1.969, 3.132, 3.648, 3.185, 3.475, 4.021, 3.528, 6.0, 8.215, 7.359, 5.31, 5.037, 5.878, 5.88, 6.769, 6.532, 6.536, 7.429, 10.058, 11.055, 9.726, 8.01, 7.689, 8.624, 8.627, 6.877, 7.854, 11.026, 13.138, 14.198, 13.554, 10.68, 9.94, 10.746, 11.147, 12.213, 12.059, 12.314, 12.892, 11.87, 10.837, 12.11, 13.571, 13.391, 13.473, 12.245, 11.318, 11.016, 10.176, 8.913, 8.27, 7.528, 6.848, 7.021, 7.489, 6.329, 6.136, 5.329, 4.563, 5.109, 5.759, 7.266, 8.705, 9.355, 8.915, 8.568, 11.039, 13.115, 14.511, 15.289, 17.013, 19.422, 19.222, 18.864, 19.228, 18.659, 19.268, 19.06, 18.293, 18.063, 19.453, 19.717, 18.52, 16.451, 10.032, 8.11, 10.171, 10.673, 10.686, 10.532, 10.248, 10.092, 10.308, 10.804, 11.144, 10.795, 9.755, 8.682, 8.879, 8.444, 8.394, 7.702, 7.772, 7.354, 5.352, 4.237, 4.182, 3.644, 4.181, 4.49, 7.78, 12.506, 15.89, 14.655, 14.007, 15.174, 15.022, 14.197, 14.747, 11.778, 8.427, 7.381, 7.983, 7.979, 8.721, 8.448, 5.423, 2.781, 2.955, 3.682, 4.261, 4.142, 3.998, 4.166, 4.692, 4.409, 4.106, 3.796, 3.652, 3.514, 3.628, 5.034, 5.112, 4.457, 4.778, 5.685, 5.593, 3.518, 2.809, 3.382, 4.342, 5.493, 5.754, 5.364, 6.857, 9.897, 14.156, 15.736, 14.106, 12.513, 10.784, 10.619, 10.341, 9.717, 8.574, 8.842, 9.514, 10.006, 10.855, 11.383, 11.286, 10.784, 12.491, 15.649, 16.169, 13.471, 10.251, 7.557, 6.104, 4.767, 4.551, 4.939, 5.634, 6.558, 6.365, 6.561, 7.929, 10.122, 12.154, 12.463, 12.839, 13.212, 13.778, 14.139, 13.668, 13.187, 13.343, 13.757, 14.015, 14.161, 15.477], [4.677, 1.799, 1.899, 0.0, 1.227, 1.334, 2.581, 3.158, 2.951, 4.296, 5.061, 4.505, 7.574, 9.869, 8.999, 6.225, 5.292, 5.827, 6.278, 7.564, 7.951, 8.186, 9.022, 11.712, 12.709, 11.325, 9.54, 9.252, 10.278, 10.256, 8.397, 9.484, 12.73, 14.792, 15.763, 15.119, 12.324, 11.561, 12.346, 12.773, 13.801, 13.713, 13.955, 14.546, 13.524, 12.491, 13.764, 15.226, 15.046, 15.127, 13.899, 12.975, 12.6, 11.765, 10.29, 9.469, 8.323, 7.383, 8.005, 8.864, 7.334, 6.429, 5.854, 5.139, 5.417, 6.667, 8.869, 10.332, 10.917, 10.488, 10.161, 12.693, 14.769, 16.165, 17.01, 18.687, 20.996, 20.785, 20.518, 20.882, 20.313, 20.922, 20.716, 19.947, 19.689, 21.038, 21.319, 20.149, 18.105, 11.577, 8.014, 10.051, 10.491, 10.449, 10.302, 10.102, 9.943, 10.173, 10.653, 11.002, 10.643, 9.563, 8.464, 8.512, 8.135, 8.211, 7.553, 7.682, 7.338, 5.416, 4.493, 4.931, 4.174, 4.434, 5.557, 9.397, 14.161, 17.544, 16.309, 15.661, 16.828, 16.618, 15.854, 16.401, 13.445, 10.049, 8.944, 9.637, 9.625, 10.329, 10.102, 7.161, 4.031, 3.641, 4.559, 4.885, 4.414, 3.831, 3.933, 4.647, 4.416, 4.158, 3.871, 4.095, 3.829, 4.273, 6.356, 6.495, 5.331, 6.202, 7.292, 7.281, 5.277, 4.327, 4.957, 6.01, 7.176, 7.42, 6.969, 8.494, 11.554, 15.812, 17.39, 15.76, 14.17, 12.438, 12.04, 11.447, 10.161, 8.962, 9.206, 9.86, 10.309, 11.104, 11.793, 12.025, 11.96, 14.117, 17.298, 17.733, 15.063, 11.804, 9.157, 7.591, 6.27, 6.133, 6.505, 7.089, 8.138, 7.928, 8.153, 9.491, 11.684, 13.73, 14.111, 14.441, 14.866, 15.432, 15.793, 15.322, 14.841, 14.997, 15.344, 15.669, 15.815, 17.131], [5.196, 2.471, 2.474, 1.227, 0.0, 1.114, 1.956, 2.526, 2.773, 4.776, 5.405, 4.871, 7.946, 10.254, 9.479, 6.718, 5.656, 5.903, 6.747, 8.056, 8.394, 8.603, 9.448, 12.159, 13.101, 11.739, 9.966, 9.663, 10.722, 10.651, 8.847, 10.019, 13.382, 15.357, 16.157, 15.514, 12.711, 12.048, 12.765, 13.201, 14.297, 14.123, 14.345, 15.018, 13.96, 12.904, 14.142, 15.617, 15.419, 15.508, 14.279, 13.346, 12.988, 12.143, 10.659, 9.831, 8.706, 7.732, 8.418, 9.265, 7.715, 6.606, 6.247, 5.508, 5.547, 7.159, 9.337, 10.813, 11.319, 10.918, 10.67, 13.104, 15.273, 16.731, 17.688, 19.3, 21.391, 21.175, 20.94, 21.404, 20.713, 21.314, 21.111, 20.334, 20.078, 21.413, 21.69, 20.52, 18.587, 11.965, 8.041, 9.55, 9.994, 9.849, 9.693, 9.637, 9.44, 9.694, 10.286, 10.523, 10.119, 9.189, 8.004, 7.845, 7.524, 7.67, 7.145, 7.564, 7.363, 5.564, 4.853, 5.423, 4.439, 4.287, 5.874, 9.759, 14.549, 17.939, 16.712, 16.15, 17.258, 17.067, 16.255, 16.804, 14.089, 10.68, 9.435, 10.087, 10.045, 10.702, 10.55, 7.835, 4.647, 3.99, 5.092, 5.282, 4.592, 3.774, 3.826, 4.774, 4.538, 4.161, 3.997, 4.591, 4.077, 4.777, 7.01, 7.102, 5.877, 6.782, 7.946, 7.926, 5.859, 4.968, 5.478, 6.616, 7.75, 7.854, 7.451, 9.008, 12.004, 16.25, 17.826, 16.174, 14.548, 12.806, 12.424, 11.718, 10.338, 9.189, 9.503, 10.106, 10.53, 11.242, 12.112, 12.34, 12.288, 14.488, 17.67, 18.132, 15.434, 12.166, 9.528, 8.121, 6.678, 6.505, 6.881, 7.454, 8.505, 8.358, 8.59, 9.868, 12.067, 14.125, 14.54, 14.912, 15.25, 15.806, 16.18, 15.75, 15.267, 15.404, 15.734, 16.048, 16.194, 17.588], [4.42, 1.814, 1.969, 1.334, 1.114, 0.0, 1.555, 2.149, 2.077, 4.027, 4.707, 4.157, 7.249, 9.533, 8.784, 5.804, 4.879, 5.286, 5.966, 7.226, 7.656, 7.871, 8.713, 11.429, 12.396, 11.061, 9.258, 8.962, 10.02, 9.974, 8.173, 9.31, 12.678, 14.641, 15.429, 14.794, 12.041, 11.333, 12.073, 12.522, 13.583, 13.394, 13.624, 14.329, 13.287, 12.19, 13.425, 14.894, 14.691, 14.803, 13.57, 12.636, 12.278, 11.432, 9.932, 9.032, 7.924, 6.953, 7.698, 8.545, 7.006, 5.92, 5.509, 4.757, 4.746, 6.392, 8.637, 10.097, 10.64, 10.214, 9.959, 12.436, 14.557, 16.013, 16.961, 18.584, 20.705, 20.445, 20.257, 20.688, 20.039, 20.611, 20.388, 19.632, 19.357, 20.692, 20.976, 19.807, 17.827, 11.209, 7.373, 9.213, 9.652, 9.575, 9.371, 9.334, 9.115, 9.378, 9.951, 10.184, 9.768, 8.832, 7.677, 7.572, 7.191, 7.32, 6.843, 7.04, 6.653, 4.864, 4.056, 4.522, 3.596, 3.612, 5.141, 9.017, 13.828, 17.232, 16.044, 15.429, 16.59, 16.307, 15.538, 16.125, 13.38, 9.944, 8.724, 9.415, 9.32, 9.99, 9.856, 7.138, 3.94, 3.321, 4.208, 4.388, 3.774, 3.183, 3.229, 4.142, 3.849, 3.51, 3.267, 3.755, 3.394, 4.049, 6.253, 6.363, 5.108, 6.065, 7.218, 7.222, 5.349, 4.454, 5.023, 6.086, 7.07, 7.164, 6.727, 8.248, 11.246, 15.496, 17.15, 15.463, 13.819, 12.075, 11.726, 10.899, 9.501, 8.373, 8.7, 9.323, 9.726, 10.428, 11.314, 11.533, 11.527, 13.79, 16.949, 17.451, 14.722, 11.425, 8.797, 7.386, 5.969, 5.792, 6.174, 6.76, 7.772, 7.668, 7.84, 9.145, 11.338, 13.448, 13.843, 14.152, 14.53, 15.074, 15.501, 15.073, 14.589, 14.725, 15.032, 15.33, 15.475, 16.878], [4.985, 2.67, 3.132, 2.581, 1.956, 1.555, 0.0, 1.279, 1.802, 4.06, 4.672, 4.179, 7.235, 9.543, 8.783, 5.764, 4.338, 4.455, 5.578, 7.123, 7.669, 7.925, 8.773, 11.465, 12.389, 11.043, 9.246, 9.0, 10.023, 9.94, 8.149, 9.345, 12.782, 14.714, 15.48, 14.841, 12.018, 11.377, 12.042, 12.493, 13.648, 13.421, 13.627, 14.334, 13.273, 12.193, 13.435, 14.893, 14.686, 14.78, 13.555, 12.629, 12.269, 11.423, 9.953, 9.015, 7.903, 6.9, 7.686, 8.529, 6.981, 5.732, 5.565, 4.686, 4.509, 6.412, 8.645, 10.182, 10.641, 10.241, 10.013, 12.423, 14.611, 16.117, 17.084, 18.661, 20.697, 20.49, 20.29, 20.757, 20.014, 20.594, 20.389, 19.613, 19.357, 20.7, 20.956, 19.79, 17.914, 11.232, 6.464, 7.928, 8.387, 8.157, 8.043, 8.058, 7.844, 8.104, 8.719, 8.874, 8.46, 7.61, 6.372, 6.099, 5.847, 6.047, 5.581, 5.908, 5.75, 4.142, 3.732, 4.424, 3.388, 3.224, 5.125, 9.037, 13.831, 17.219, 16.024, 15.506, 16.597, 16.368, 15.55, 16.136, 13.484, 10.146, 8.972, 9.418, 9.391, 10.011, 9.993, 7.523, 4.146, 3.356, 4.202, 4.213, 3.29, 2.293, 2.304, 3.307, 3.082, 2.728, 3.001, 3.826, 3.298, 4.338, 6.553, 6.567, 5.285, 6.482, 7.46, 7.326, 6.055, 5.345, 5.826, 6.721, 7.504, 7.361, 6.982, 8.455, 11.331, 15.54, 17.139, 15.468, 13.83, 12.072, 11.696, 10.715, 9.002, 7.741, 8.134, 8.731, 9.134, 9.94, 10.84, 11.11, 11.428, 13.766, 16.934, 17.451, 14.715, 11.453, 8.809, 7.424, 5.974, 5.785, 6.16, 6.759, 7.791, 7.703, 7.94, 9.188, 11.388, 13.432, 13.85, 14.233, 14.538, 15.065, 15.47, 15.05, 14.563, 14.708, 15.01, 15.316, 15.475, 16.932], [5.316, 3.155, 3.648, 3.158, 2.526, 2.149, 1.279, 0.0, 1.89, 4.321, 4.682, 4.25, 7.151, 9.494, 8.852, 6.108, 4.646, 4.788, 5.777, 7.219, 7.844, 8.035, 9.024, 11.648, 12.431, 11.119, 9.38, 9.177, 10.123, 9.985, 8.244, 9.663, 13.116, 14.875, 15.571, 14.934, 12.069, 11.496, 12.116, 12.514, 13.841, 13.477, 13.607, 14.473, 13.384, 12.246, 13.371, 14.833, 14.47, 14.678, 13.472, 12.464, 12.158, 11.349, 9.861, 8.786, 7.745, 6.697, 7.404, 8.284, 6.705, 5.821, 5.817, 4.961, 4.745, 6.513, 8.778, 10.425, 10.739, 10.408, 10.249, 12.535, 14.782, 16.504, 17.503, 18.925, 20.861, 20.553, 20.515, 20.953, 20.102, 20.596, 20.321, 19.601, 19.328, 20.617, 20.781, 19.653, 17.986, 11.156, 6.519, 7.64, 8.178, 8.065, 8.004, 8.035, 7.785, 8.027, 8.705, 8.766, 8.323, 7.648, 6.316, 5.903, 5.768, 5.823, 5.696, 6.047, 5.735, 4.22, 3.739, 4.669, 3.588, 3.498, 5.119, 8.94, 13.847, 17.275, 16.164, 15.735, 16.738, 16.485, 15.578, 16.284, 13.831, 10.596, 9.396, 9.785, 9.595, 9.971, 10.264, 7.939, 4.523, 3.649, 4.463, 4.42, 3.655, 2.829, 2.774, 3.673, 3.439, 3.043, 3.343, 4.212, 3.868, 4.746, 6.901, 6.984, 5.673, 6.906, 7.888, 7.617, 6.366, 5.737, 6.171, 7.032, 7.895, 7.763, 7.36, 8.707, 11.481, 15.526, 17.209, 15.533, 13.678, 11.982, 11.695, 10.727, 8.917, 7.538, 8.036, 8.514, 8.909, 9.698, 10.571, 10.799, 11.198, 13.598, 16.725, 17.521, 14.549, 11.301, 8.623, 7.566, 5.83, 5.64, 5.991, 6.631, 7.611, 7.904, 8.196, 9.301, 11.409, 13.504, 13.979, 14.347, 14.479, 14.828, 15.41, 15.092, 14.62, 14.73, 15.049, 15.155, 15.407, 17.099], [4.722, 2.683, 3.185, 2.951, 2.773, 2.077, 1.802, 1.89, 0.0, 2.837, 3.265, 2.815, 5.736, 8.065, 7.354, 4.834, 3.903, 4.208, 4.976, 5.893, 6.455, 6.527, 7.592, 10.134, 10.925, 9.61, 7.898, 7.69, 8.578, 8.49, 6.903, 8.335, 11.753, 13.337, 13.895, 13.359, 10.608, 9.973, 10.671, 11.104, 12.22, 11.914, 12.123, 12.906, 11.83, 10.736, 11.936, 13.389, 13.175, 13.32, 12.084, 11.097, 10.72, 9.958, 8.395, 7.511, 6.399, 5.392, 6.203, 7.039, 5.476, 4.425, 4.423, 3.709, 3.439, 4.97, 7.394, 8.877, 9.242, 8.883, 8.709, 11.073, 13.468, 15.208, 16.221, 17.474, 19.292, 19.014, 18.99, 19.468, 18.646, 19.124, 18.839, 18.148, 17.841, 19.188, 19.404, 18.265, 16.418, 9.658, 5.753, 7.658, 8.09, 8.08, 7.855, 7.778, 7.589, 7.842, 8.441, 8.739, 8.268, 7.491, 6.4, 6.162, 5.655, 5.785, 5.274, 5.479, 5.092, 3.428, 2.692, 3.342, 2.456, 2.52, 3.952, 7.58, 12.427, 15.751, 14.671, 14.225, 15.176, 14.955, 14.204, 14.797, 12.453, 9.361, 8.109, 8.472, 8.229, 8.678, 9.106, 6.798, 3.319, 2.54, 3.212, 3.178, 2.576, 2.325, 2.347, 3.074, 2.968, 2.525, 2.394, 3.234, 2.974, 3.686, 5.924, 5.814, 4.499, 5.804, 6.74, 6.232, 5.481, 5.082, 5.505, 6.131, 6.879, 6.629, 6.243, 7.555, 10.065, 14.005, 15.693, 13.993, 12.308, 10.554, 10.252, 9.335, 7.866, 6.703, 7.023, 7.704, 8.001, 8.768, 9.642, 9.849, 9.879, 12.206, 15.427, 15.967, 13.182, 9.85, 7.296, 6.011, 4.658, 4.4, 4.69, 5.171, 6.083, 6.228, 6.698, 7.917, 9.935, 11.983, 12.42, 12.749, 13.03, 13.566, 14.011, 13.583, 13.102, 13.237, 13.543, 13.845, 13.995, 15.558], [4.043, 3.18, 3.475, 4.296, 4.776, 4.027, 4.06, 4.321, 2.837, 0.0, 1.593, 1.633, 3.364, 5.631, 4.779, 2.586, 2.409, 3.149, 3.144, 3.788, 3.82, 3.996, 4.907, 7.499, 8.471, 7.096, 5.326, 5.055, 6.074, 6.094, 4.336, 5.533, 8.924, 10.655, 11.553, 10.91, 8.086, 7.411, 8.205, 8.599, 9.599, 9.476, 9.718, 10.321, 9.287, 8.253, 9.527, 10.988, 10.808, 10.889, 9.661, 8.738, 8.369, 7.535, 6.082, 5.257, 4.312, 3.631, 3.993, 4.724, 3.4, 2.9, 2.248, 1.757, 1.984, 2.689, 4.662, 6.178, 6.835, 6.542, 6.173, 8.479, 10.774, 12.409, 13.434, 14.674, 16.776, 16.619, 16.329, 16.712, 16.079, 16.685, 16.481, 15.709, 15.451, 16.806, 17.093, 15.913, 13.918, 7.355, 4.822, 7.189, 7.878, 7.983, 7.764, 7.38, 7.253, 7.39, 7.889, 8.168, 7.937, 6.921, 6.098, 6.348, 5.727, 5.702, 4.866, 4.662, 4.169, 2.268, 1.853, 1.528, 1.069, 1.692, 1.634, 5.187, 9.924, 13.306, 12.079, 11.539, 12.608, 12.388, 11.654, 12.216, 9.669, 6.927, 5.665, 5.781, 5.601, 6.148, 6.885, 4.711, 1.485, 1.504, 1.3, 1.398, 1.593, 2.669, 3.079, 2.698, 2.695, 2.464, 1.934, 1.925, 2.418, 2.525, 3.975, 3.64, 2.881, 3.855, 4.414, 3.805, 4.242, 4.555, 4.968, 4.996, 5.114, 4.512, 4.325, 5.336, 7.475, 11.578, 13.152, 11.522, 9.946, 8.214, 7.815, 7.269, 6.441, 5.337, 5.599, 6.289, 6.705, 7.581, 8.145, 8.18, 7.791, 9.887, 13.06, 13.523, 10.827, 7.623, 4.95, 3.476, 2.701, 2.504, 2.382, 3.107, 4.039, 3.802, 4.708, 5.574, 7.561, 9.508, 9.873, 10.238, 10.629, 11.195, 11.556, 11.084, 10.604, 10.76, 11.11, 11.431, 11.577, 12.908], [4.208, 3.733, 4.021, 5.061, 5.405, 4.707, 4.672, 4.682, 3.265, 1.593, 0.0, 1.345, 2.723, 5.135, 4.455, 3.211, 3.404, 3.779, 3.848, 4.07, 4.096, 3.845, 4.807, 7.18, 7.931, 6.804, 5.355, 5.057, 5.575, 5.613, 4.43, 5.929, 9.096, 10.384, 11.099, 10.496, 7.75, 7.001, 7.65, 8.294, 9.275, 8.915, 9.158, 9.939, 8.866, 7.799, 8.873, 10.335, 10.064, 10.236, 8.99, 8.063, 7.718, 6.847, 5.561, 4.79, 3.973, 3.12, 3.551, 4.06, 2.945, 2.637, 2.519, 2.394, 2.657, 3.038, 4.711, 6.123, 7.004, 6.702, 6.508, 8.348, 10.983, 12.617, 13.702, 14.849, 16.349, 16.309, 16.124, 16.539, 15.753, 16.075, 15.83, 15.093, 14.804, 16.075, 16.366, 15.215, 13.403, 6.686, 4.526, 6.957, 7.741, 7.985, 7.685, 7.334, 7.168, 7.287, 7.858, 8.135, 7.87, 7.062, 6.667, 6.675, 5.72, 5.591, 4.836, 4.519, 3.747, 2.82, 2.156, 2.074, 1.793, 2.658, 2.143, 4.992, 9.528, 12.726, 11.779, 11.319, 12.235, 12.364, 11.71, 12.2, 10.032, 7.434, 6.123, 6.121, 5.629, 6.075, 7.312, 5.215, 2.271, 2.421, 2.433, 2.256, 2.281, 3.522, 3.777, 3.35, 3.322, 3.214, 2.754, 3.0, 3.016, 3.312, 4.678, 4.165, 3.75, 4.466, 4.928, 4.28, 4.615, 4.941, 5.33, 5.276, 5.538, 4.877, 4.67, 5.72, 7.565, 11.062, 12.755, 10.981, 9.229, 7.502, 7.318, 7.105, 6.31, 5.264, 5.573, 6.14, 6.602, 7.451, 7.968, 7.854, 7.387, 9.204, 12.331, 12.932, 10.123, 6.916, 4.445, 3.235, 2.811, 2.56, 2.196, 2.651, 3.524, 3.642, 4.891, 5.657, 7.65, 9.058, 9.455, 9.774, 9.959, 10.438, 10.944, 10.576, 10.075, 10.203, 10.516, 10.74, 10.959, 12.571], [4.285, 3.335, 3.528, 4.505, 4.871, 4.157, 4.179, 4.25, 2.815, 1.633, 1.345, 0.0, 3.353, 5.786, 5.011, 3.857, 3.522, 4.006, 4.398, 4.777, 4.741, 4.537, 5.576, 7.877, 8.528, 7.321, 5.946, 5.705, 6.167, 6.227, 4.9, 6.451, 9.78, 11.128, 11.887, 11.28, 8.468, 7.735, 8.43, 8.959, 9.992, 9.491, 9.766, 10.537, 9.543, 8.4, 9.428, 10.825, 10.645, 10.737, 9.514, 8.575, 8.203, 7.364, 6.032, 5.38, 4.347, 3.654, 4.029, 4.562, 3.361, 3.14, 3.06, 2.693, 2.741, 3.398, 5.344, 6.811, 7.397, 7.112, 6.864, 8.991, 11.637, 13.308, 14.356, 15.546, 17.093, 17.062, 16.86, 17.283, 16.485, 16.581, 16.323, 15.56, 15.294, 16.637, 16.934, 15.778, 14.032, 7.45, 4.64, 7.107, 7.714, 7.922, 7.575, 7.273, 7.2, 7.374, 8.05, 8.506, 8.033, 7.303, 6.756, 6.76, 5.728, 5.47, 4.813, 4.56, 4.189, 2.96, 1.972, 2.401, 1.973, 2.644, 2.682, 5.725, 10.251, 13.245, 12.514, 12.068, 12.959, 12.97, 12.337, 12.871, 10.611, 7.816, 6.496, 6.663, 6.282, 6.7, 7.635, 5.562, 2.228, 2.312, 2.338, 2.382, 2.551, 3.099, 3.334, 3.226, 3.381, 3.009, 2.782, 2.967, 3.127, 3.568, 5.114, 4.649, 4.127, 4.917, 5.331, 4.658, 4.835, 4.766, 5.188, 5.415, 5.873, 5.227, 5.005, 6.12, 8.251, 11.745, 13.465, 11.503, 9.844, 8.233, 7.837, 7.576, 6.657, 5.754, 5.925, 6.516, 6.919, 7.6, 8.373, 8.389, 7.945, 9.722, 12.898, 13.377, 10.704, 7.539, 5.147, 3.914, 3.201, 2.869, 2.637, 2.918, 3.754, 4.142, 5.211, 6.11, 8.175, 9.689, 10.137, 10.529, 10.506, 11.032, 11.425, 11.043, 10.541, 10.666, 10.951, 11.279, 11.559, 13.302], [4.081, 6.018, 6.0, 7.574, 7.946, 7.249, 7.235, 7.151, 5.736, 3.364, 2.723, 3.353, 0.0, 3.018, 2.847, 3.156, 4.664, 4.857, 3.862, 3.437, 3.184, 2.414, 2.982, 4.853, 5.624, 4.923, 3.654, 3.351, 3.519, 3.891, 3.447, 4.468, 7.112, 8.111, 8.782, 8.21, 5.579, 4.847, 5.664, 6.122, 7.006, 6.552, 6.644, 7.517, 6.561, 5.47, 6.336, 7.781, 7.479, 7.634, 6.442, 5.518, 5.123, 4.414, 4.06, 4.042, 3.713, 3.13, 3.001, 3.031, 2.968, 3.116, 3.529, 3.702, 3.746, 2.863, 3.514, 4.239, 5.192, 4.713, 4.82, 6.513, 8.907, 10.529, 11.607, 12.766, 13.965, 14.021, 13.863, 14.234, 13.363, 13.567, 13.301, 12.564, 12.252, 13.561, 13.757, 12.594, 11.023, 4.894, 4.601, 7.56, 8.501, 8.976, 8.513, 8.061, 7.995, 8.093, 8.72, 9.111, 8.876, 8.111, 8.162, 8.186, 6.96, 6.474, 6.134, 5.364, 4.137, 4.484, 4.259, 3.247, 4.059, 4.472, 2.639, 3.182, 7.161, 10.282, 9.396, 9.067, 9.92, 10.23, 9.608, 10.107, 8.186, 5.798, 4.549, 4.499, 4.165, 4.218, 5.604, 3.628, 3.926, 4.393, 3.611, 3.594, 4.45, 5.869, 6.159, 5.544, 5.385, 5.549, 5.01, 4.71, 5.128, 4.41, 4.508, 4.008, 4.036, 4.464, 4.175, 3.308, 3.987, 4.677, 4.91, 4.737, 4.466, 3.51, 3.746, 4.21, 5.621, 8.636, 10.415, 8.511, 6.76, 5.55, 5.949, 6.024, 5.945, 4.792, 4.879, 5.386, 5.852, 6.725, 7.103, 6.79, 5.981, 7.062, 9.724, 10.421, 7.578, 4.451, 2.54, 2.086, 2.358, 2.267, 1.746, 2.03, 1.716, 2.354, 3.929, 4.274, 5.643, 6.602, 7.114, 7.428, 7.452, 7.872, 8.365, 8.043, 7.584, 7.697, 7.963, 8.147, 8.372, 10.255], [5.238, 8.224, 8.215, 9.869, 10.254, 9.533, 9.543, 9.494, 8.065, 5.631, 5.135, 5.786, 3.018, 0.0, 1.747, 4.096, 6.582, 6.61, 4.772, 3.309, 2.144, 1.837, 2.197, 2.716, 3.691, 2.886, 1.841, 1.601, 1.719, 1.892, 2.18, 2.653, 4.607, 5.622, 6.376, 5.767, 3.061, 2.527, 3.312, 3.535, 4.702, 4.147, 4.55, 5.058, 3.983, 2.972, 4.01, 5.436, 5.221, 5.324, 4.188, 3.567, 3.032, 2.961, 4.061, 4.556, 4.766, 4.722, 4.384, 4.056, 4.489, 4.249, 4.315, 5.354, 5.236, 3.431, 1.903, 2.391, 3.044, 2.694, 3.226, 4.108, 6.078, 7.716, 8.85, 10.008, 11.608, 11.489, 11.203, 11.674, 10.819, 11.183, 10.976, 10.159, 9.991, 11.313, 11.6, 10.433, 8.737, 3.499, 6.079, 9.429, 10.87, 11.521, 11.004, 10.269, 10.349, 10.278, 10.444, 10.751, 10.349, 10.203, 10.281, 10.181, 9.225, 8.89, 8.474, 7.646, 6.176, 6.443, 6.522, 5.528, 6.221, 6.616, 4.527, 1.7, 4.688, 7.797, 6.842, 6.49, 7.336, 7.56, 6.878, 7.284, 5.68, 4.117, 2.924, 2.124, 2.144, 2.148, 3.026, 3.123, 6.023, 6.54, 5.762, 5.693, 6.619, 8.072, 8.365, 7.731, 7.351, 7.724, 7.121, 6.878, 7.2, 5.982, 4.115, 3.669, 4.846, 4.373, 3.306, 2.935, 5.188, 5.866, 5.362, 4.635, 3.788, 2.974, 3.197, 2.855, 3.101, 6.227, 7.889, 6.095, 4.594, 3.847, 4.451, 4.767, 5.743, 5.115, 5.048, 5.523, 6.193, 6.527, 6.5, 6.081, 4.764, 5.586, 7.587, 8.141, 5.391, 2.658, 1.518, 2.686, 3.804, 4.007, 3.762, 4.445, 3.968, 2.905, 3.29, 3.178, 3.257, 4.209, 4.786, 5.075, 5.049, 5.586, 6.056, 5.626, 5.183, 5.357, 5.711, 5.815, 6.018, 7.743], [4.666, 7.356, 7.359, 8.999, 9.479, 8.784, 8.783, 8.852, 7.354, 4.779, 4.455, 5.011, 2.847, 1.747, 0.0, 3.248, 5.764, 5.812, 3.948, 2.741, 1.876, 1.529, 1.902, 3.107, 3.974, 2.908, 1.502, 1.577, 1.765, 1.754, 1.312, 2.136, 4.904, 6.258, 7.255, 6.653, 3.753, 3.02, 3.834, 4.175, 5.338, 4.936, 5.178, 5.723, 4.75, 3.69, 4.918, 6.327, 6.175, 6.186, 4.995, 4.125, 3.872, 3.691, 4.182, 4.696, 4.803, 4.482, 4.085, 3.797, 4.31, 3.919, 3.586, 4.399, 4.425, 2.805, 1.583, 2.206, 3.322, 2.985, 3.24, 4.534, 6.834, 8.466, 9.609, 10.75, 12.452, 12.438, 12.004, 12.419, 11.662, 12.06, 11.862, 11.025, 10.878, 12.268, 12.548, 11.353, 9.497, 3.537, 5.852, 9.044, 10.317, 10.793, 10.362, 9.723, 9.646, 9.526, 9.869, 10.186, 10.003, 9.517, 9.472, 9.557, 8.561, 8.298, 7.685, 6.854, 5.518, 5.58, 5.579, 4.651, 5.437, 5.691, 3.806, 1.563, 5.49, 8.664, 7.676, 7.319, 8.084, 8.434, 7.822, 8.167, 6.094, 4.021, 2.651, 2.519, 2.143, 2.487, 3.55, 3.081, 5.06, 5.588, 4.823, 4.727, 5.745, 7.239, 7.469, 6.804, 6.46, 6.798, 6.195, 5.936, 6.23, 5.06, 3.1, 2.949, 3.933, 3.398, 2.521, 2.145, 4.821, 5.345, 5.062, 4.518, 3.678, 3.141, 2.939, 2.307, 3.697, 7.075, 8.709, 6.961, 5.379, 3.883, 4.155, 4.782, 5.919, 5.197, 5.109, 5.611, 6.284, 6.718, 6.686, 6.078, 4.881, 5.561, 8.465, 8.986, 6.335, 3.15, 1.965, 1.803, 3.186, 3.416, 3.176, 3.785, 3.754, 3.086, 3.45, 3.278, 3.913, 5.091, 5.459, 5.907, 5.999, 6.54, 6.921, 6.339, 5.874, 6.042, 6.572, 6.758, 6.936, 8.429], [3.741, 5.14, 5.31, 6.225, 6.718, 5.804, 5.764, 6.108, 4.834, 2.586, 3.211, 3.857, 3.156, 4.096, 3.248, 0.0, 3.051, 3.414, 2.129, 1.902, 2.371, 2.483, 3.377, 5.941, 6.951, 5.629, 3.797, 3.464, 4.551, 4.485, 2.862, 4.042, 7.072, 9.044, 10.105, 9.474, 6.62, 5.815, 6.655, 7.021, 8.176, 7.919, 8.25, 8.79, 7.75, 6.721, 8.02, 9.448, 9.296, 9.331, 8.115, 7.244, 6.952, 6.112, 5.114, 5.052, 4.858, 3.92, 3.93, 4.322, 4.0, 3.295, 2.696, 2.35, 2.506, 2.358, 3.161, 4.649, 5.739, 5.38, 5.13, 6.992, 9.243, 10.64, 11.676, 13.12, 15.358, 15.16, 14.723, 15.099, 14.528, 15.165, 14.983, 14.151, 13.999, 15.378, 15.661, 14.456, 12.369, 5.9, 5.049, 7.898, 8.789, 9.056, 8.749, 8.211, 8.053, 8.093, 8.619, 8.847, 8.648, 7.8, 7.103, 7.403, 6.742, 6.653, 5.724, 5.301, 4.13, 3.109, 3.111, 1.922, 2.649, 3.172, 2.251, 3.814, 8.402, 11.748, 10.514, 9.927, 11.041, 11.036, 10.281, 10.728, 8.026, 5.574, 4.31, 4.316, 4.053, 4.877, 5.591, 3.456, 2.888, 3.174, 2.177, 2.213, 2.976, 4.184, 4.559, 3.982, 3.601, 3.95, 3.243, 2.9, 3.456, 2.847, 2.574, 2.377, 1.965, 2.338, 2.927, 2.455, 3.91, 4.498, 4.58, 4.38, 4.046, 3.272, 3.289, 3.955, 5.978, 10.088, 11.683, 10.008, 8.457, 6.706, 6.246, 5.39, 5.674, 4.778, 4.758, 5.273, 5.957, 6.575, 6.731, 6.525, 6.194, 8.426, 11.585, 12.105, 9.407, 6.195, 3.535, 2.193, 2.225, 2.525, 2.595, 3.444, 4.147, 3.314, 4.001, 4.537, 6.36, 8.09, 8.399, 8.774, 9.096, 9.661, 10.042, 9.542, 9.058, 9.202, 9.693, 9.879, 10.03, 11.335], [5.698, 4.736, 5.037, 5.292, 5.656, 4.879, 4.338, 4.646, 3.903, 2.409, 3.404, 3.522, 4.664, 6.582, 5.764, 3.051, 0.0, 1.215, 2.113, 3.852, 4.72, 4.914, 5.872, 8.433, 9.442, 8.119, 6.269, 5.947, 7.034, 6.975, 5.175, 6.336, 9.643, 11.554, 12.595, 11.963, 9.107, 8.288, 9.108, 9.497, 10.661, 10.427, 10.741, 11.293, 10.253, 9.213, 10.511, 11.94, 11.788, 11.841, 10.612, 9.736, 9.432, 8.604, 7.147, 6.193, 5.142, 4.269, 4.732, 5.677, 4.142, 3.292, 2.868, 2.181, 2.277, 3.368, 5.599, 7.212, 7.931, 7.572, 7.346, 9.446, 11.53, 13.021, 14.071, 15.55, 17.85, 17.63, 17.245, 17.602, 17.027, 17.657, 17.474, 16.661, 16.49, 17.879, 18.151, 16.946, 14.861, 8.385, 3.783, 5.445, 6.27, 6.672, 6.295, 5.688, 5.593, 5.603, 6.109, 6.388, 6.106, 5.265, 4.619, 4.943, 4.31, 4.25, 3.396, 2.932, 2.624, 1.762, 2.411, 2.578, 2.132, 2.162, 2.55, 6.215, 10.893, 14.258, 13.023, 12.442, 13.544, 13.449, 12.641, 13.121, 10.424, 7.748, 6.468, 6.576, 6.429, 7.166, 7.663, 5.478, 3.04, 2.902, 2.56, 1.942, 2.146, 2.679, 2.81, 2.773, 2.266, 2.255, 2.316, 2.262, 2.992, 3.598, 4.839, 4.485, 3.799, 4.617, 5.166, 4.935, 5.904, 6.232, 6.662, 6.614, 6.512, 5.681, 5.752, 6.058, 8.353, 12.58, 14.168, 12.499, 10.947, 9.195, 8.751, 7.738, 5.891, 4.531, 4.671, 5.104, 5.743, 7.013, 7.4, 7.803, 8.568, 10.913, 14.075, 14.597, 11.888, 8.671, 5.964, 4.468, 3.898, 3.873, 3.735, 4.761, 5.728, 5.625, 6.446, 7.119, 8.625, 10.582, 10.891, 11.266, 11.588, 12.153, 12.533, 12.045, 11.562, 11.711, 12.184, 12.383, 12.529, 13.845], [6.073, 5.493, 5.878, 5.827, 5.903, 5.286, 4.455, 4.788, 4.208, 3.149, 3.779, 4.006, 4.857, 6.61, 5.812, 3.414, 1.215, 0.0, 2.25, 3.892, 4.76, 4.965, 5.955, 8.495, 9.485, 8.168, 6.331, 6.002, 7.097, 6.995, 5.305, 6.514, 9.755, 11.586, 12.656, 12.026, 9.15, 8.335, 9.159, 9.549, 10.724, 10.454, 10.784, 11.332, 10.292, 9.256, 10.554, 11.983, 11.831, 11.86, 10.65, 9.779, 9.486, 8.646, 7.184, 6.236, 5.149, 4.136, 4.767, 5.733, 4.244, 2.94, 2.782, 2.328, 1.931, 3.381, 5.652, 7.296, 8.096, 7.548, 7.458, 9.54, 11.588, 13.213, 14.24, 15.661, 17.893, 17.668, 17.274, 17.65, 17.067, 17.7, 17.517, 16.68, 16.533, 17.912, 18.194, 16.989, 14.903, 8.433, 3.117, 5.087, 6.145, 6.507, 6.121, 5.561, 5.411, 5.359, 5.884, 6.061, 5.878, 5.15, 4.479, 4.76, 4.177, 4.045, 3.302, 2.743, 1.915, 1.608, 2.725, 3.211, 2.748, 2.518, 2.815, 6.265, 10.94, 14.277, 13.061, 12.491, 13.583, 13.492, 12.687, 13.162, 10.622, 7.948, 6.667, 6.744, 6.616, 7.256, 7.85, 5.639, 3.719, 3.684, 3.175, 2.629, 2.638, 2.712, 2.827, 2.568, 2.04, 2.372, 2.684, 2.865, 2.826, 3.659, 5.0, 4.673, 3.929, 4.858, 5.339, 5.109, 6.284, 6.842, 7.189, 7.127, 6.728, 5.87, 5.895, 6.152, 8.413, 12.623, 14.231, 12.542, 10.99, 9.239, 8.77, 7.767, 5.753, 4.451, 4.61, 5.052, 5.644, 6.769, 7.4, 7.845, 8.615, 10.957, 14.119, 14.641, 11.932, 8.725, 6.007, 4.567, 4.098, 4.37, 4.216, 5.468, 6.249, 6.168, 6.786, 7.26, 8.661, 10.629, 10.934, 11.309, 11.63, 12.196, 12.576, 12.084, 11.6, 11.738, 12.227, 12.414, 12.564, 13.872], [5.196, 5.653, 5.88, 6.278, 6.747, 5.966, 5.578, 5.777, 4.976, 3.144, 3.848, 4.398, 3.862, 4.772, 3.948, 2.129, 2.113, 2.25, 0.0, 2.086, 3.005, 3.203, 4.107, 6.585, 7.592, 6.274, 4.422, 4.108, 5.155, 5.108, 3.715, 4.747, 7.721, 9.683, 10.732, 10.1, 7.261, 6.43, 7.247, 7.639, 8.802, 8.57, 8.875, 9.417, 8.395, 7.364, 8.657, 10.085, 9.928, 9.988, 8.758, 7.873, 7.568, 6.762, 5.301, 4.548, 4.24, 3.449, 3.407, 3.937, 3.506, 2.621, 2.202, 2.138, 2.14, 2.045, 3.88, 5.387, 6.544, 6.07, 6.052, 7.836, 9.771, 11.155, 12.22, 13.687, 16.002, 15.763, 15.39, 15.767, 15.178, 15.808, 15.612, 14.807, 14.621, 16.012, 16.288, 15.083, 13.013, 6.522, 3.473, 6.419, 7.658, 8.094, 7.732, 7.09, 7.005, 6.923, 7.189, 7.422, 7.309, 6.546, 6.167, 6.479, 5.816, 5.679, 4.946, 4.197, 2.867, 2.491, 2.878, 2.521, 2.991, 3.168, 2.39, 4.424, 9.034, 12.404, 11.175, 10.59, 11.699, 11.679, 10.969, 11.316, 8.765, 6.435, 5.155, 5.112, 4.849, 5.642, 6.359, 4.208, 3.56, 3.732, 2.679, 2.459, 2.916, 3.924, 4.107, 3.554, 2.97, 3.455, 3.223, 2.899, 3.679, 2.971, 3.494, 3.12, 2.684, 3.575, 3.76, 3.802, 5.377, 6.017, 6.384, 6.245, 5.703, 4.838, 4.673, 4.777, 6.635, 10.716, 12.315, 10.65, 9.093, 7.328, 6.893, 5.867, 4.59, 3.296, 3.317, 3.864, 4.452, 5.448, 5.792, 6.072, 6.718, 9.05, 12.212, 12.752, 10.025, 6.818, 4.26, 2.901, 3.157, 3.788, 3.522, 4.597, 5.272, 5.069, 5.641, 6.015, 7.09, 8.737, 9.046, 9.395, 9.733, 10.296, 10.687, 10.191, 9.71, 9.863, 10.335, 10.528, 10.672, 12.002], [5.246, 6.589, 6.769, 7.564, 8.056, 7.226, 7.123, 7.219, 5.893, 3.788, 4.07, 4.777, 3.437, 3.309, 2.741, 1.902, 3.852, 3.892, 2.086, 0.0, 1.975, 2.211, 2.742, 4.744, 5.707, 4.412, 2.784, 2.575, 3.372, 3.31, 2.819, 4.139, 6.511, 7.736, 8.908, 8.294, 5.469, 4.626, 5.428, 5.882, 6.926, 6.675, 7.006, 7.477, 6.548, 5.498, 6.776, 8.204, 8.053, 8.063, 6.872, 6.0, 5.716, 4.889, 3.817, 3.709, 3.59, 2.952, 3.011, 3.208, 3.06, 2.635, 2.52, 2.909, 2.922, 1.881, 2.666, 4.377, 5.595, 5.07, 5.306, 6.74, 8.697, 9.993, 11.145, 12.236, 14.124, 14.106, 13.525, 13.893, 13.331, 13.921, 13.739, 12.901, 12.755, 14.145, 14.425, 13.216, 11.125, 4.678, 3.777, 6.889, 8.348, 8.86, 8.381, 7.742, 7.71, 7.603, 7.657, 7.942, 7.811, 7.301, 7.527, 7.734, 6.912, 6.62, 6.088, 5.236, 3.846, 3.947, 3.781, 2.938, 4.019, 4.299, 3.088, 3.092, 7.198, 10.484, 9.294, 8.761, 9.759, 10.285, 9.729, 9.819, 8.032, 6.128, 4.794, 4.326, 3.959, 4.8, 5.673, 3.957, 4.321, 4.542, 3.527, 3.277, 4.081, 5.472, 5.716, 5.048, 4.608, 5.058, 4.559, 4.221, 4.884, 3.994, 3.316, 2.993, 3.063, 3.4, 3.458, 3.428, 5.375, 5.951, 6.06, 5.943, 5.378, 4.569, 4.494, 4.34, 5.649, 8.851, 10.421, 8.764, 7.236, 5.484, 4.996, 4.038, 4.262, 3.256, 3.233, 3.761, 4.428, 5.09, 5.239, 5.032, 4.87, 7.186, 10.342, 10.861, 8.173, 4.969, 2.648, 2.044, 3.233, 3.602, 3.272, 4.056, 4.48, 4.149, 5.367, 5.626, 6.092, 6.846, 7.159, 7.531, 7.852, 8.417, 8.798, 8.251, 7.77, 7.926, 8.449, 8.635, 8.786, 10.089], [4.641, 6.445, 6.532, 7.951, 8.394, 7.656, 7.669, 7.844, 6.455, 3.82, 4.096, 4.741, 3.184, 2.144, 1.876, 2.371, 4.72, 4.76, 3.005, 1.975, 0.0, 1.298, 1.843, 3.848, 4.788, 3.533, 1.956, 1.825, 2.56, 2.545, 1.678, 2.784, 5.382, 7.1, 7.956, 7.304, 4.424, 3.856, 4.586, 4.937, 6.059, 5.836, 6.035, 6.709, 5.65, 4.57, 5.844, 7.305, 7.125, 7.206, 5.978, 5.055, 4.74, 3.943, 3.423, 3.794, 3.96, 3.692, 3.45, 3.179, 3.548, 3.216, 2.95, 3.674, 3.605, 2.097, 1.421, 3.197, 4.027, 3.5, 4.008, 5.389, 7.227, 8.793, 9.846, 11.147, 13.143, 12.938, 12.717, 13.143, 12.411, 13.001, 12.798, 12.026, 11.778, 13.168, 13.446, 12.24, 10.283, 3.703, 5.007, 8.401, 9.783, 10.362, 9.865, 9.114, 9.244, 9.152, 9.297, 9.484, 9.226, 8.813, 8.665, 8.824, 8.066, 7.929, 7.391, 6.628, 5.144, 4.827, 5.111, 3.96, 4.377, 4.823, 2.89, 1.709, 6.253, 9.63, 8.437, 7.921, 8.988, 8.822, 8.155, 8.618, 6.637, 4.686, 3.206, 2.773, 2.66, 3.293, 4.038, 3.267, 4.264, 4.728, 3.912, 3.998, 5.015, 6.212, 6.64, 6.094, 5.549, 5.935, 5.348, 5.009, 5.363, 4.152, 2.447, 2.119, 2.995, 2.764, 2.071, 2.322, 4.898, 5.43, 5.294, 5.031, 4.292, 3.372, 3.011, 2.793, 4.103, 7.897, 9.498, 7.839, 6.262, 4.535, 4.263, 4.147, 5.088, 4.295, 4.259, 4.821, 5.431, 5.857, 5.889, 5.478, 4.506, 6.213, 9.377, 9.885, 7.203, 4.029, 2.13, 1.957, 2.653, 3.0, 2.964, 3.914, 4.362, 3.777, 3.962, 4.056, 4.411, 5.871, 6.21, 6.63, 6.946, 7.511, 7.872, 7.427, 6.944, 7.081, 7.472, 7.748, 7.894, 9.304], [4.204, 6.539, 6.536, 8.186, 8.603, 7.871, 7.925, 8.035, 6.527, 3.996, 3.845, 4.537, 2.414, 1.837, 1.529, 2.483, 4.914, 4.965, 3.203, 2.211, 1.298, 0.0, 1.401, 3.675, 4.595, 3.653, 2.018, 1.765, 2.399, 2.478, 1.782, 2.724, 5.415, 6.89, 7.766, 7.131, 4.264, 3.657, 4.389, 4.789, 5.884, 5.572, 5.843, 6.498, 5.44, 4.334, 5.613, 7.05, 6.881, 6.969, 5.734, 4.847, 4.574, 3.766, 3.801, 4.258, 4.315, 3.866, 3.529, 3.399, 3.674, 3.275, 3.098, 3.684, 3.63, 2.33, 1.616, 2.838, 3.831, 3.342, 3.571, 5.075, 7.224, 8.808, 9.96, 11.114, 13.0, 12.851, 12.51, 12.964, 12.227, 12.775, 12.576, 11.787, 11.592, 12.977, 13.248, 12.053, 10.025, 3.834, 5.347, 8.414, 9.726, 10.283, 9.836, 9.245, 9.153, 9.087, 9.266, 9.547, 9.37, 8.833, 8.686, 8.735, 7.996, 7.827, 7.239, 6.455, 5.014, 4.913, 5.038, 3.99, 4.586, 4.978, 3.063, 1.696, 6.066, 9.404, 8.271, 7.766, 8.729, 8.799, 8.14, 8.446, 6.491, 4.461, 3.089, 2.758, 2.434, 2.943, 3.974, 2.729, 4.393, 4.883, 4.088, 4.121, 5.018, 6.385, 6.77, 6.165, 5.708, 6.103, 5.489, 5.212, 5.552, 4.38, 2.883, 2.329, 3.21, 2.908, 2.371, 1.934, 4.285, 4.887, 4.711, 4.401, 3.736, 2.759, 2.741, 2.735, 3.983, 7.704, 9.333, 7.62, 6.033, 4.467, 4.72, 4.736, 5.542, 4.803, 4.772, 5.285, 5.97, 6.46, 6.492, 6.094, 5.048, 6.22, 9.175, 9.743, 7.019, 3.844, 1.734, 1.44, 2.365, 2.638, 2.545, 3.503, 3.513, 2.919, 3.381, 3.586, 4.299, 5.731, 6.047, 6.42, 6.691, 7.251, 7.674, 7.219, 6.736, 6.873, 7.307, 7.497, 7.64, 9.077], [5.014, 7.434, 7.429, 9.022, 9.448, 8.713, 8.773, 9.024, 7.592, 4.907, 4.807, 5.576, 2.982, 2.197, 1.902, 3.377, 5.872, 5.955, 4.107, 2.742, 1.843, 1.401, 0.0, 2.929, 4.167, 3.342, 1.915, 1.945, 2.298, 2.413, 2.188, 2.952, 5.1, 6.335, 6.911, 6.153, 3.63, 3.507, 4.068, 4.467, 5.355, 5.04, 5.194, 5.729, 4.834, 3.706, 4.847, 6.264, 6.099, 6.351, 5.109, 4.345, 3.842, 3.428, 4.065, 4.558, 4.631, 4.214, 3.905, 3.646, 4.023, 4.149, 3.99, 4.608, 4.798, 3.324, 2.106, 2.751, 3.818, 3.349, 3.469, 4.952, 6.849, 8.083, 9.288, 10.311, 12.068, 11.837, 11.596, 12.054, 11.444, 11.988, 11.696, 11.008, 10.751, 12.108, 12.311, 11.195, 9.367, 3.644, 5.819, 8.852, 10.321, 10.907, 10.27, 9.726, 9.872, 9.684, 9.862, 10.102, 9.952, 9.475, 9.789, 9.865, 8.94, 8.746, 8.268, 7.441, 5.875, 6.026, 6.162, 4.814, 5.575, 6.007, 4.084, 1.825, 5.415, 8.798, 7.516, 6.95, 8.057, 8.339, 7.734, 7.918, 6.275, 4.291, 3.044, 2.954, 2.658, 2.959, 3.911, 3.33, 5.3, 5.831, 5.088, 5.03, 6.048, 7.326, 7.742, 7.192, 6.715, 7.12, 6.424, 6.144, 6.445, 5.175, 3.431, 3.005, 4.076, 3.687, 2.866, 2.384, 4.977, 5.557, 5.274, 4.651, 3.655, 2.842, 3.051, 2.667, 3.781, 6.845, 8.538, 6.956, 5.43, 4.098, 4.552, 4.96, 5.923, 5.099, 5.07, 5.659, 6.193, 6.621, 6.62, 6.043, 4.949, 5.813, 8.368, 8.945, 6.34, 3.352, 2.211, 2.338, 3.343, 3.598, 3.411, 4.261, 4.008, 3.106, 3.257, 3.408, 4.142, 5.02, 5.365, 5.557, 5.947, 6.505, 6.902, 6.459, 5.982, 6.126, 6.541, 6.802, 6.896, 8.306], [7.062, 10.067, 10.058, 11.712, 12.159, 11.429, 11.465, 11.648, 10.134, 7.499, 7.18, 7.877, 4.853, 2.716, 3.107, 5.941, 8.433, 8.495, 6.585, 4.744, 3.848, 3.675, 2.929, 0.0, 1.599, 1.598, 2.43, 2.628, 1.93, 2.025, 3.533, 2.784, 3.522, 3.77, 4.584, 4.031, 1.879, 1.584, 1.844, 2.582, 2.942, 2.601, 2.685, 3.51, 3.012, 2.006, 2.195, 3.553, 3.425, 3.563, 2.48, 1.929, 1.902, 2.605, 4.094, 4.747, 5.368, 5.949, 5.21, 4.659, 5.572, 6.073, 6.113, 7.117, 7.151, 5.402, 3.12, 2.214, 3.101, 2.9, 3.66, 4.232, 5.543, 6.579, 7.771, 8.601, 9.612, 9.758, 9.216, 9.595, 8.816, 9.24, 9.041, 8.295, 8.129, 9.498, 9.738, 8.552, 6.661, 2.72, 7.265, 10.379, 12.059, 12.521, 11.834, 11.164, 11.662, 11.172, 11.293, 11.926, 11.912, 11.572, 12.16, 12.229, 11.268, 10.838, 10.321, 9.465, 8.029, 8.487, 8.376, 7.277, 8.129, 8.544, 6.617, 2.79, 3.129, 6.036, 4.964, 4.779, 5.691, 6.81, 6.278, 6.19, 5.546, 4.175, 3.255, 2.61, 2.58, 2.799, 3.149, 4.973, 7.878, 8.405, 7.599, 7.547, 8.472, 9.896, 10.293, 9.611, 9.273, 9.663, 9.005, 8.741, 9.022, 7.73, 5.58, 5.395, 6.63, 6.145, 4.772, 4.561, 7.024, 7.733, 7.189, 6.378, 5.36, 4.75, 4.765, 3.42, 2.731, 4.577, 6.081, 4.447, 2.984, 2.747, 3.401, 4.401, 5.722, 5.396, 5.139, 5.617, 6.385, 6.438, 6.111, 5.322, 4.1, 4.325, 5.778, 6.28, 3.724, 1.77, 3.245, 4.288, 5.924, 6.179, 5.883, 6.186, 5.392, 4.564, 4.497, 3.794, 3.503, 2.753, 2.697, 3.094, 3.286, 3.818, 4.169, 3.73, 3.374, 3.389, 3.896, 4.372, 4.574, 6.186], [8.094, 11.065, 11.055, 12.709, 13.101, 12.396, 12.389, 12.431, 10.925, 8.471, 7.931, 8.528, 5.624, 3.691, 3.974, 6.951, 9.442, 9.485, 7.592, 5.707, 4.788, 4.595, 4.167, 1.599, 0.0, 1.577, 3.275, 3.545, 2.616, 2.585, 4.372, 3.815, 3.691, 3.51, 4.248, 3.705, 2.006, 2.204, 1.81, 2.581, 2.956, 2.34, 2.316, 3.412, 3.1, 2.52, 1.476, 2.716, 2.577, 2.564, 1.553, 1.38, 1.656, 2.196, 3.838, 4.704, 5.498, 6.373, 5.621, 4.897, 6.173, 6.776, 7.106, 8.125, 8.082, 6.28, 3.893, 3.147, 4.005, 3.963, 4.842, 4.86, 5.889, 6.864, 7.825, 8.604, 9.17, 9.307, 8.959, 9.354, 8.351, 8.43, 8.053, 7.429, 7.137, 8.444, 8.719, 7.51, 5.757, 2.235, 7.689, 10.691, 12.444, 12.886, 12.028, 11.515, 12.11, 11.498, 11.732, 12.723, 12.654, 12.383, 13.061, 13.047, 11.983, 11.409, 10.952, 9.979, 8.632, 9.337, 9.286, 8.247, 9.071, 9.467, 7.373, 3.64, 2.908, 5.155, 4.648, 4.693, 5.57, 6.858, 6.396, 6.227, 6.129, 5.33, 4.569, 3.456, 3.512, 3.686, 4.033, 6.226, 8.887, 9.414, 8.607, 8.502, 9.449, 10.862, 11.223, 10.567, 10.233, 10.613, 9.993, 9.748, 10.032, 8.739, 6.595, 6.49, 7.644, 7.153, 5.837, 5.675, 8.224, 8.908, 8.425, 7.718, 6.761, 6.036, 5.901, 4.504, 3.214, 4.476, 5.664, 4.007, 2.424, 2.1, 2.306, 3.564, 5.027, 5.525, 5.425, 5.453, 6.129, 5.541, 4.951, 4.133, 3.049, 3.069, 4.699, 5.251, 2.791, 2.149, 3.993, 5.162, 6.719, 6.977, 6.64, 6.581, 5.887, 5.829, 5.853, 4.952, 4.146, 2.802, 2.25, 2.762, 2.712, 2.918, 3.29, 2.997, 2.814, 2.71, 2.901, 3.937, 4.283, 6.292], [7.003, 9.711, 9.726, 11.325, 11.739, 11.061, 11.043, 11.119, 9.61, 7.096, 6.804, 7.321, 4.923, 2.886, 2.908, 5.629, 8.119, 8.168, 6.274, 4.412, 3.533, 3.653, 3.342, 1.598, 1.577, 0.0, 2.038, 2.299, 1.75, 1.675, 3.17, 3.31, 3.654, 4.046, 4.809, 4.199, 1.994, 1.976, 1.854, 2.493, 3.111, 2.737, 2.876, 3.784, 3.359, 2.55, 2.501, 3.945, 3.76, 3.807, 2.603, 1.959, 1.996, 2.52, 3.743, 4.41, 5.125, 5.521, 4.977, 4.462, 5.032, 5.547, 5.807, 6.823, 6.785, 5.021, 2.688, 2.845, 3.709, 3.601, 4.566, 4.737, 5.878, 6.86, 7.969, 8.863, 9.963, 9.949, 9.646, 10.068, 9.225, 9.636, 9.393, 8.622, 8.381, 9.761, 10.045, 8.858, 7.082, 1.892, 6.848, 10.077, 11.714, 12.31, 11.524, 10.853, 11.297, 10.921, 11.17, 11.622, 11.404, 11.268, 11.808, 11.803, 10.682, 10.335, 9.891, 8.972, 7.517, 8.002, 8.111, 6.944, 7.773, 8.123, 6.118, 2.691, 3.27, 6.338, 5.316, 5.01, 5.945, 6.867, 6.421, 6.318, 6.049, 5.004, 3.957, 2.712, 2.883, 3.358, 3.731, 5.347, 7.607, 8.133, 7.341, 7.213, 8.214, 9.552, 9.938, 9.312, 8.914, 9.266, 8.675, 8.416, 8.724, 7.515, 5.429, 5.425, 6.506, 5.889, 4.737, 4.655, 7.322, 7.933, 7.507, 6.877, 5.954, 5.26, 4.941, 3.634, 3.068, 4.892, 6.263, 4.615, 2.95, 2.111, 2.449, 3.411, 4.804, 4.857, 4.689, 5.309, 6.039, 5.588, 5.124, 4.265, 3.047, 3.721, 5.981, 6.493, 3.847, 1.831, 2.84, 4.057, 5.554, 5.814, 5.487, 5.913, 5.524, 5.095, 5.145, 4.626, 3.967, 2.912, 3.052, 3.501, 3.847, 4.224, 4.481, 4.037, 3.585, 3.919, 4.072, 4.45, 4.768, 6.541], [5.409, 7.996, 8.01, 9.54, 9.966, 9.258, 9.246, 9.38, 7.898, 5.326, 5.355, 5.946, 3.654, 1.841, 1.502, 3.797, 6.269, 6.331, 4.422, 2.784, 1.956, 2.018, 1.915, 2.43, 3.275, 2.038, 0.0, 0.912, 1.25, 1.303, 1.755, 2.385, 4.321, 5.583, 6.4, 5.747, 2.977, 2.374, 3.098, 3.519, 4.539, 4.252, 4.488, 5.135, 4.164, 3.042, 4.289, 5.75, 5.57, 5.651, 4.423, 3.51, 3.24, 3.191, 4.062, 4.56, 4.859, 4.61, 4.351, 4.028, 4.405, 4.319, 4.142, 4.992, 4.988, 3.41, 1.451, 2.097, 3.196, 2.927, 3.592, 4.354, 6.252, 7.651, 8.799, 9.892, 11.594, 11.473, 11.197, 11.599, 10.876, 11.447, 11.243, 10.471, 10.227, 11.617, 11.898, 10.689, 8.727, 2.948, 5.903, 9.183, 10.626, 11.14, 10.641, 9.94, 10.088, 9.98, 10.054, 10.308, 10.124, 9.728, 9.987, 10.049, 9.189, 8.96, 8.451, 7.613, 6.082, 6.237, 6.363, 5.144, 5.959, 6.355, 4.533, 1.58, 4.75, 8.096, 6.929, 6.43, 7.406, 7.683, 7.13, 7.344, 5.78, 4.179, 2.815, 2.235, 1.906, 2.39, 3.307, 3.707, 5.866, 6.4, 5.535, 5.413, 6.394, 7.723, 8.104, 7.492, 7.078, 7.462, 6.851, 6.561, 6.91, 5.794, 3.796, 3.751, 4.766, 4.117, 3.061, 3.008, 5.616, 6.257, 5.833, 5.232, 4.336, 3.669, 3.375, 2.383, 3.233, 6.353, 7.921, 6.305, 4.755, 3.433, 3.764, 4.238, 5.425, 4.819, 4.778, 5.335, 6.011, 6.169, 5.997, 5.354, 4.169, 5.134, 7.823, 8.334, 5.676, 2.779, 1.895, 2.53, 3.883, 4.29, 4.029, 4.8, 4.477, 3.699, 3.951, 3.721, 3.567, 4.344, 4.68, 5.092, 5.414, 5.957, 6.318, 5.85, 5.367, 5.522, 5.921, 6.193, 6.34, 7.755], [5.032, 7.659, 7.689, 9.252, 9.663, 8.962, 9.0, 9.177, 7.69, 5.055, 5.057, 5.705, 3.351, 1.601, 1.577, 3.464, 5.947, 6.002, 4.108, 2.575, 1.825, 1.765, 1.945, 2.628, 3.545, 2.299, 0.912, 0.0, 1.321, 1.632, 1.653, 2.361, 4.599, 5.747, 6.703, 6.049, 3.336, 2.589, 3.334, 3.815, 4.75, 4.53, 4.795, 5.411, 4.477, 3.359, 4.58, 6.042, 5.862, 5.943, 4