[[0.0, 1.518, 2.743, 2.188, 2.297, 2.669, 3.402, 3.906, 4.239, 4.118, 4.514, 3.329, 2.236, 2.43, 4.234, 1.475, 4.504, 5.597, 4.806, 7.019, 7.073, 4.803, 4.48, 6.141, 6.376, 5.14, 4.821, 4.728, 6.079, 6.627, 6.906, 6.791, 6.427, 5.44, 4.995, 4.69, 3.578, 1.727, 3.179, 3.067, 7.109, 5.617, 3.643, 3.258, 3.453, 4.069, 5.296, 6.825, 8.056, 9.392, 9.749, 8.872, 8.997, 8.532, 8.348, 9.328, 11.114, 11.115, 11.9, 10.745, 10.342, 11.541, 8.789, 8.43, 6.085, 4.686, 5.643, 5.502, 4.39, 5.808, 6.681, 5.712, 3.597, 3.857, 5.316, 7.442, 6.645, 7.776, 6.238, 4.711, 4.494, 5.306, 4.991, 5.891, 6.237, 4.827, 4.505, 4.847, 5.817, 6.92, 5.775, 6.13, 6.374, 6.588, 6.048, 5.907, 4.412, 3.201, 3.22], [1.518, 0.0, 1.711, 1.735, 2.362, 2.988, 4.087, 4.734, 5.087, 4.95, 5.447, 4.264, 2.966, 1.522, 3.213, 1.756, 5.507, 6.539, 5.818, 7.972, 8.015, 5.745, 5.482, 7.128, 7.366, 5.895, 4.961, 5.563, 7.132, 7.725, 7.855, 7.862, 7.502, 6.469, 6.045, 5.648, 4.454, 2.139, 2.646, 2.181, 5.918, 4.445, 2.712, 2.748, 3.416, 4.868, 6.136, 7.665, 9.037, 10.445, 10.717, 9.995, 9.958, 9.559, 9.501, 10.402, 11.996, 12.084, 12.907, 11.738, 11.344, 12.458, 9.85, 9.225, 6.651, 5.123, 6.065, 5.739, 4.311, 4.919, 5.694, 4.76, 2.795, 3.103, 4.274, 6.173, 5.357, 6.501, 4.995, 3.569, 3.202, 4.079, 3.752, 4.728, 5.545, 4.441, 4.113, 4.824, 5.657, 6.044, 5.03, 5.274, 5.414, 6.093, 5.166, 4.97, 4.06, 3.193, 2.966], [2.743, 1.711, 0.0, 1.421, 2.784, 3.916, 5.118, 5.986, 6.345, 6.239, 6.58, 5.598, 4.218, 1.392, 2.032, 2.7, 6.843, 7.827, 7.129, 9.317, 9.357, 7.09, 6.821, 8.466, 8.687, 7.244, 5.985, 6.825, 8.5, 9.037, 9.116, 9.247, 8.886, 7.824, 7.408, 6.946, 5.737, 3.046, 1.98, 1.732, 4.51, 3.025, 1.917, 1.792, 3.75, 6.067, 7.437, 8.967, 10.319, 11.794, 12.052, 11.34, 11.269, 10.891, 10.882, 11.776, 13.293, 13.417, 14.198, 13.03, 12.669, 13.776, 11.177, 10.187, 7.626, 5.923, 6.629, 5.65, 3.954, 3.995, 4.47, 3.708, 1.847, 1.847, 2.957, 4.818, 3.995, 5.121, 3.606, 2.276, 1.912, 2.901, 2.468, 3.536, 4.692, 3.974, 3.668, 4.381, 5.268, 5.319, 4.702, 4.888, 5.025, 5.758, 4.82, 4.517, 3.588, 3.101, 2.923], [2.188, 1.735, 1.421, 0.0, 2.619, 3.634, 4.791, 5.496, 5.896, 5.546, 5.904, 4.958, 3.626, 1.733, 2.673, 2.397, 6.297, 7.412, 6.513, 8.863, 8.931, 6.651, 6.288, 8.01, 8.193, 6.838, 5.676, 6.283, 7.854, 8.364, 8.497, 8.54, 8.091, 7.327, 6.808, 6.508, 5.313, 2.573, 1.895, 1.678, 5.236, 3.917, 2.42, 1.683, 3.642, 5.704, 7.14, 8.669, 9.877, 11.202, 11.506, 10.749, 10.69, 10.371, 10.264, 11.229, 12.973, 12.996, 13.736, 12.589, 12.113, 13.406, 10.659, 9.359, 6.886, 5.218, 5.987, 4.914, 3.272, 4.061, 4.76, 3.848, 1.837, 2.162, 3.471, 5.464, 4.751, 5.815, 4.463, 2.868, 2.593, 3.754, 3.31, 4.003, 4.534, 3.757, 3.516, 3.919, 4.732, 5.382, 4.493, 4.635, 4.964, 5.498, 4.778, 4.341, 3.231, 2.838, 2.921], [2.297, 2.362, 2.784, 2.619, 0.0, 1.823, 2.958, 3.664, 4.297, 4.58, 4.853, 3.632, 2.382, 2.766, 4.096, 2.207, 4.561, 5.666, 5.027, 6.816, 6.941, 4.669, 4.537, 6.288, 6.467, 5.202, 3.99, 4.856, 6.54, 7.298, 7.314, 7.265, 6.919, 5.676, 5.327, 4.589, 3.568, 2.242, 3.009, 3.454, 6.937, 5.334, 3.085, 3.24, 2.149, 3.823, 4.963, 6.561, 8.2, 9.702, 9.751, 9.215, 9.247, 8.739, 8.899, 9.762, 11.188, 11.257, 11.876, 10.722, 10.663, 11.621, 9.055, 8.77, 6.104, 4.449, 5.294, 4.362, 4.197, 6.014, 6.94, 5.95, 3.995, 4.139, 5.541, 7.29, 6.032, 7.343, 5.837, 4.647, 4.28, 4.979, 4.603, 5.761, 6.446, 4.474, 4.285, 4.321, 5.509, 6.906, 5.722, 6.031, 6.109, 6.477, 5.897, 6.073, 4.235, 2.248, 2.427], [2.669, 2.988, 3.916, 3.634, 1.823, 0.0, 1.391, 2.266, 2.917, 3.17, 3.436, 2.299, 1.707, 3.634, 5.179, 2.766, 3.154, 4.291, 3.492, 5.414, 5.493, 3.193, 3.092, 4.743, 4.936, 3.883, 2.609, 3.291, 5.228, 5.819, 5.947, 5.953, 5.606, 4.238, 3.964, 3.122, 2.346, 1.882, 4.182, 4.388, 8.303, 6.566, 4.247, 4.595, 1.765, 2.581, 3.619, 5.131, 6.633, 8.227, 8.337, 7.771, 7.931, 7.233, 7.525, 8.347, 9.694, 9.724, 10.422, 9.272, 9.17, 10.131, 7.508, 7.285, 4.638, 3.069, 4.025, 4.616, 5.138, 7.092, 8.142, 7.124, 4.944, 5.233, 6.634, 8.558, 7.357, 8.726, 7.023, 5.803, 5.41, 6.101, 5.866, 6.998, 7.447, 5.19, 5.07, 5.155, 6.557, 8.165, 6.876, 6.869, 6.732, 6.994, 6.664, 7.174, 5.301, 2.609, 2.891], [3.402, 4.087, 5.118, 4.791, 2.958, 1.391, 0.0, 1.211, 2.146, 2.414, 2.718, 1.676, 2.381, 4.711, 6.283, 3.499, 2.084, 3.404, 2.642, 4.244, 4.246, 2.202, 2.253, 3.682, 4.01, 3.259, 2.811, 3.218, 4.509, 5.005, 5.087, 5.086, 4.76, 3.318, 3.075, 2.241, 1.962, 2.573, 5.37, 5.526, 9.517, 7.74, 5.418, 5.764, 2.199, 1.922, 2.602, 4.139, 5.803, 7.253, 7.458, 6.822, 7.062, 6.258, 6.625, 7.434, 8.689, 8.5, 9.177, 8.053, 8.199, 9.123, 6.45, 6.483, 3.861, 2.761, 4.023, 5.347, 6.284, 8.194, 9.256, 8.256, 6.084, 6.333, 7.748, 9.779, 8.58, 9.991, 8.28, 6.945, 6.66, 7.354, 7.133, 8.196, 8.588, 6.365, 6.248, 6.303, 7.717, 9.348, 8.046, 7.954, 7.83, 8.073, 7.825, 8.291, 6.455, 3.791, 4.061], [3.906, 4.734, 5.986, 5.496, 3.664, 2.266, 1.211, 0.0, 1.585, 1.961, 2.256, 1.598, 2.607, 5.21, 6.941, 3.913, 1.858, 2.858, 2.268, 3.55, 3.664, 1.898, 1.851, 3.1, 3.374, 2.923, 3.093, 3.193, 4.143, 4.431, 4.518, 4.366, 4.111, 2.75, 2.314, 1.619, 1.71, 3.133, 6.075, 6.421, 10.376, 8.609, 6.249, 6.537, 2.791, 1.91, 2.165, 3.532, 5.18, 6.495, 6.712, 6.023, 6.32, 5.558, 5.944, 6.788, 8.14, 7.943, 8.414, 7.394, 7.612, 8.577, 5.805, 6.086, 3.57, 2.584, 4.138, 5.5, 6.841, 8.817, 9.905, 8.858, 6.671, 6.963, 8.47, 10.645, 9.427, 10.889, 9.199, 7.776, 7.563, 8.262, 8.001, 9.102, 9.17, 6.987, 6.849, 6.904, 8.443, 10.144, 8.782, 8.658, 8.476, 8.595, 8.433, 8.897, 7.196, 4.481, 4.799], [4.239, 5.087, 6.345, 5.896, 4.297, 2.917, 2.146, 1.585, 0.0, 1.368, 1.459, 1.75, 2.785, 5.576, 7.445, 4.308, 1.761, 2.076, 1.461, 3.136, 3.232, 1.669, 1.668, 2.291, 2.46, 2.421, 2.728, 2.675, 3.342, 3.555, 3.285, 3.346, 3.001, 2.038, 2.013, 1.513, 1.82, 3.685, 6.534, 6.772, 10.775, 9.007, 6.687, 6.946, 3.289, 1.605, 1.879, 2.918, 4.177, 5.628, 5.777, 5.126, 5.211, 4.77, 4.879, 5.77, 7.244, 7.22, 7.903, 6.772, 6.577, 7.686, 4.987, 5.217, 2.986, 2.793, 4.156, 5.864, 7.209, 9.199, 10.262, 9.279, 7.064, 7.341, 8.845, 11.014, 9.927, 11.288, 9.576, 8.135, 7.93, 8.66, 8.468, 9.454, 9.473, 7.299, 7.148, 7.259, 8.838, 10.521, 9.217, 9.126, 9.021, 9.106, 8.747, 9.353, 7.555, 4.77, 5.242], [4.118, 4.95, 6.239, 5.546, 4.58, 3.17, 2.414, 1.961, 1.368, 0.0, 1.233, 1.428, 2.948, 5.925, 7.685, 4.817, 2.24, 2.155, 1.533, 3.632, 3.793, 2.188, 2.026, 2.689, 2.905, 2.146, 2.621, 2.567, 3.005, 3.175, 3.199, 3.139, 2.794, 2.03, 2.056, 1.91, 2.397, 3.899, 6.31, 6.346, 10.6, 9.114, 6.889, 6.755, 3.512, 1.796, 2.373, 3.357, 4.578, 5.889, 6.233, 5.386, 5.342, 5.033, 4.848, 5.814, 7.596, 7.58, 8.368, 7.214, 6.722, 8.015, 5.197, 4.523, 2.451, 2.095, 3.178, 5.219, 6.917, 8.838, 9.875, 8.885, 6.683, 6.963, 8.583, 10.812, 10.0, 11.216, 9.627, 7.993, 7.781, 8.73, 8.457, 9.29, 9.047, 7.07, 6.806, 6.906, 8.441, 10.151, 8.747, 8.665, 8.644, 8.392, 8.4, 8.947, 7.328, 4.644, 5.236], [4.514, 5.447, 6.58, 5.904, 4.853, 3.436, 2.718, 2.256, 1.459, 1.233, 0.0, 1.847, 3.271, 6.244, 7.8, 5.254, 2.491, 2.2, 1.257, 3.538, 3.515, 2.349, 2.218, 2.607, 2.74, 2.201, 2.687, 2.736, 2.979, 3.072, 2.989, 2.82, 2.519, 2.294, 2.343, 2.432, 2.962, 4.11, 6.61, 6.628, 10.995, 9.397, 7.07, 7.063, 3.764, 1.795, 2.676, 3.377, 4.388, 5.629, 6.021, 5.115, 5.154, 4.763, 4.544, 5.524, 7.343, 7.357, 8.149, 7.0, 6.514, 7.793, 4.949, 4.137, 2.155, 2.492, 3.522, 5.606, 7.154, 8.983, 10.008, 9.072, 6.813, 7.123, 8.806, 11.198, 10.359, 11.606, 9.991, 8.34, 8.179, 9.039, 8.785, 9.699, 9.344, 7.4, 7.181, 7.231, 8.728, 10.43, 9.002, 8.915, 9.041, 8.886, 8.727, 9.068, 7.603, 4.987, 5.571], [3.329, 4.264, 5.598, 4.958, 3.632, 2.299, 1.676, 1.598, 1.75, 1.428, 1.847, 0.0, 2.006, 4.912, 6.851, 3.858, 1.907, 2.736, 2.084, 4.173, 4.25, 2.173, 1.814, 3.236, 3.453, 2.305, 2.529, 2.558, 3.277, 3.918, 3.958, 3.782, 3.492, 2.602, 2.277, 1.927, 2.187, 3.156, 5.642, 5.813, 10.038, 8.401, 6.121, 6.048, 2.782, 1.788, 2.555, 3.922, 5.155, 6.359, 6.714, 5.886, 5.968, 5.611, 5.509, 6.432, 8.17, 8.191, 8.938, 7.796, 7.393, 8.575, 5.843, 5.632, 3.217, 2.123, 3.151, 4.919, 6.375, 8.316, 9.366, 8.306, 6.136, 6.47, 7.977, 10.245, 9.347, 10.589, 9.002, 7.409, 7.196, 8.001, 7.8, 8.685, 8.699, 6.576, 6.393, 6.442, 7.865, 9.522, 8.158, 8.097, 8.012, 8.024, 7.989, 8.38, 6.748, 4.084, 4.637], [2.236, 2.966, 4.218, 3.626, 2.382, 1.707, 2.381, 2.607, 2.785, 2.948, 3.271, 2.006, 0.0, 3.445, 5.406, 2.588, 3.325, 4.201, 3.514, 5.662, 5.728, 3.533, 3.142, 4.717, 4.849, 3.782, 3.167, 3.24, 4.533, 5.259, 5.254, 5.18, 4.959, 4.044, 3.488, 3.133, 2.209, 2.309, 4.261, 4.429, 8.654, 6.995, 4.685, 4.753, 2.32, 3.155, 4.039, 5.355, 6.447, 7.712, 8.068, 7.225, 7.342, 6.955, 6.816, 7.738, 9.468, 9.512, 10.248, 9.104, 8.681, 9.88, 7.178, 6.886, 4.501, 3.081, 4.012, 4.158, 4.813, 6.721, 7.852, 6.887, 4.728, 4.87, 6.488, 8.861, 7.981, 9.217, 7.607, 5.962, 5.79, 6.602, 6.413, 7.311, 7.046, 4.906, 4.844, 4.923, 6.513, 8.167, 6.851, 6.752, 6.758, 6.781, 6.499, 6.891, 5.229, 2.65, 3.233], [2.43, 1.522, 1.392, 1.733, 2.766, 3.634, 4.711, 5.21, 5.576, 5.925, 6.244, 4.912, 3.445, 0.0, 2.483, 1.99, 6.067, 7.044, 6.307, 8.345, 8.426, 6.141, 5.91, 7.489, 7.688, 6.42, 5.498, 6.061, 7.619, 8.458, 8.465, 8.368, 8.033, 6.783, 6.472, 5.975, 4.83, 2.841, 2.657, 1.98, 5.585, 3.879, 2.347, 2.673, 4.102, 5.592, 6.633, 7.999, 9.416, 10.85, 11.039, 10.317, 10.412, 9.924, 10.009, 10.862, 12.349, 12.411, 13.234, 12.068, 11.799, 12.828, 10.159, 10.079, 7.484, 5.968, 6.931, 6.056, 4.354, 4.605, 5.204, 4.445, 2.257, 2.397, 3.684, 5.779, 4.723, 6.026, 4.363, 2.941, 2.69, 3.404, 3.252, 4.319, 5.033, 4.301, 4.02, 4.707, 5.719, 6.145, 5.3, 5.215, 5.404, 5.974, 5.098, 4.883, 4.029, 3.582, 3.543], [4.234, 3.213, 2.032, 2.673, 4.096, 5.179, 6.283, 6.941, 7.445, 7.685, 7.8, 6.851, 5.406, 2.483, 0.0, 4.044, 7.904, 8.992, 8.313, 10.395, 10.462, 8.215, 7.86, 9.586, 9.737, 8.634, 7.278, 7.99, 9.786, 10.284, 10.448, 10.428, 10.172, 9.011, 8.53, 7.943, 6.751, 4.217, 2.849, 2.385, 3.485, 1.838, 1.838, 2.801, 4.879, 7.208, 8.652, 10.115, 11.38, 12.855, 13.029, 12.402, 12.416, 11.94, 12.127, 13.037, 14.541, 14.562, 15.185, 14.061, 13.85, 14.965, 12.295, 11.583, 9.019, 7.295, 7.87, 6.548, 4.559, 3.642, 3.379, 2.442, 1.934, 2.474, 1.892, 3.707, 2.801, 3.999, 2.387, 1.206, 1.446, 1.715, 1.683, 2.342, 4.471, 4.227, 3.992, 4.782, 5.266, 4.967, 4.244, 4.119, 4.323, 5.343, 4.329, 4.063, 4.107, 4.362, 4.149], [1.475, 1.756, 2.7, 2.397, 2.207, 2.766, 3.499, 3.913, 4.308, 4.817, 5.254, 3.858, 2.588, 1.99, 4.044, 0.0, 4.262, 5.655, 5.082, 6.731, 6.783, 4.526, 4.287, 5.93, 6.176, 5.395, 4.899, 4.961, 6.456, 7.307, 7.339, 7.209, 6.919, 5.418, 5.132, 4.524, 3.476, 2.078, 3.303, 3.295, 7.075, 5.329, 3.42, 3.356, 3.444, 4.153, 4.954, 6.392, 7.975, 9.405, 9.602, 8.907, 9.129, 8.492, 8.676, 9.471, 10.85, 10.89, 11.65, 10.521, 10.416, 11.29, 8.674, 9.211, 6.707, 5.432, 6.541, 6.033, 4.763, 6.081, 6.869, 5.96, 3.935, 4.015, 5.462, 7.303, 6.254, 7.527, 5.957, 4.662, 4.316, 5.048, 4.798, 5.923, 6.524, 5.076, 4.784, 5.301, 6.234, 7.287, 6.312, 6.457, 6.559, 7.014, 6.354, 6.18, 4.589, 3.467, 3.231], [4.504, 5.507, 6.843, 6.297, 4.561, 3.154, 2.084, 1.858, 1.761, 2.24, 2.491, 1.907, 3.325, 6.067, 7.904, 4.262, 0.0, 2.758, 2.244, 2.84, 3.026, 1.525, 1.038, 2.539, 2.869, 3.083, 3.408, 3.192, 3.527, 4.376, 4.371, 4.026, 3.651, 2.238, 2.608, 1.974, 2.292, 4.156, 6.986, 7.289, 11.25, 9.47, 7.187, 7.289, 3.707, 1.924, 1.72, 2.78, 4.763, 5.925, 6.14, 5.401, 5.564, 5.363, 5.406, 6.01, 7.123, 6.976, 7.593, 6.828, 7.112, 7.57, 5.457, 6.445, 4.157, 3.514, 4.669, 6.543, 7.876, 9.809, 10.847, 9.767, 7.628, 7.973, 9.439, 11.495, 10.359, 11.757, 10.078, 8.706, 8.437, 9.148, 8.921, 9.929, 10.216, 8.096, 7.96, 7.975, 9.298, 10.967, 9.579, 9.564, 9.516, 9.686, 9.553, 9.831, 8.178, 5.501, 5.818], [5.597, 6.539, 7.827, 7.412, 5.666, 4.291, 3.404, 2.858, 2.076, 2.155, 2.2, 2.736, 4.201, 7.044, 8.992, 5.655, 2.758, 0.0, 1.637, 1.969, 2.424, 2.367, 2.208, 1.712, 1.453, 1.455, 2.401, 2.138, 1.934, 2.232, 1.979, 1.899, 1.97, 2.033, 2.336, 2.22, 3.079, 5.232, 7.981, 8.229, 12.207, 10.549, 8.157, 8.493, 4.881, 2.266, 2.826, 2.257, 2.813, 4.095, 4.28, 3.711, 3.708, 3.457, 3.289, 4.161, 5.688, 5.766, 6.417, 5.252, 5.079, 6.101, 3.673, 3.97, 2.389, 3.601, 4.508, 7.035, 8.75, 10.724, 11.805, 10.826, 8.637, 8.83, 10.315, 12.47, 11.464, 12.744, 11.143, 9.609, 9.379, 10.18, 9.902, 10.942, 10.928, 8.721, 8.565, 8.719, 10.36, 12.015, 10.739, 10.564, 10.255, 10.085, 10.129, 10.84, 9.04, 6.289, 6.711], [4.806, 5.818, 7.129, 6.513, 5.027, 3.492, 2.642, 2.268, 1.461, 1.533, 1.257, 2.084, 3.514, 6.307, 8.313, 5.082, 2.244, 1.637, 0.0, 2.567, 2.639, 1.651, 1.932, 1.776, 1.951, 2.03, 2.592, 2.479, 2.98, 3.124, 2.775, 2.725, 2.214, 1.558, 1.852, 2.114, 2.884, 4.534, 7.31, 7.421, 11.601, 9.794, 7.508, 7.624, 4.241, 1.822, 2.194, 2.518, 3.601, 4.946, 5.221, 4.439, 4.691, 4.036, 4.194, 5.069, 6.63, 6.607, 7.36, 6.226, 5.913, 7.077, 4.323, 4.5, 2.455, 3.175, 4.146, 6.421, 7.942, 9.912, 10.984, 9.993, 7.776, 8.007, 9.604, 11.829, 10.783, 12.067, 10.404, 8.894, 8.688, 9.378, 9.255, 10.171, 10.134, 8.113, 7.965, 7.951, 9.448, 11.155, 9.777, 9.638, 9.654, 9.552, 9.499, 9.955, 8.346, 5.641, 6.188], [7.019, 7.972, 9.317, 8.863, 6.816, 5.414, 4.244, 3.55, 3.136, 3.632, 3.538, 4.173, 5.662, 8.345, 10.395, 6.731, 2.84, 1.969, 2.567, 0.0, 1.506, 2.333, 2.676, 1.571, 1.894, 2.667, 3.81, 3.613, 2.955, 3.432, 2.934, 2.927, 2.69, 2.248, 3.01, 3.119, 4.05, 6.532, 9.451, 9.729, 13.676, 11.952, 9.518, 9.909, 6.129, 3.328, 2.371, 1.486, 3.006, 4.015, 4.154, 3.704, 3.679, 3.565, 3.559, 3.936, 4.971, 4.756, 5.226, 4.654, 5.125, 5.403, 3.742, 5.096, 3.868, 5.167, 6.135, 8.647, 10.29, 12.254, 13.356, 12.366, 10.166, 10.376, 11.837, 13.956, 12.552, 14.094, 12.418, 11.045, 10.811, 11.493, 11.179, 12.386, 12.502, 10.291, 10.116, 10.258, 11.823, 13.466, 12.19, 12.034, 11.768, 11.694, 11.706, 12.355, 10.591, 7.8, 8.169], [7.073, 8.015, 9.357, 8.931, 6.941, 5.493, 4.246, 3.664, 3.232, 3.793, 3.515, 4.25, 5.728, 8.426, 10.462, 6.783, 3.026, 2.424, 2.639, 1.506, 0.0, 2.435, 2.833, 1.561, 1.967, 3.091, 4.262, 3.906, 3.55, 4.113, 3.432, 3.313, 2.468, 2.327, 2.982, 3.486, 4.289, 6.616, 9.575, 9.762, 13.747, 11.978, 9.651, 9.97, 6.169, 3.449, 2.288, 1.28, 2.631, 3.716, 3.766, 3.61, 3.729, 3.784, 3.613, 3.74, 4.738, 4.475, 5.016, 4.223, 4.682, 5.142, 4.039, 5.629, 4.054, 5.407, 6.471, 8.843, 10.351, 12.301, 13.39, 12.411, 10.228, 10.434, 11.92, 14.015, 12.747, 14.198, 12.486, 11.086, 10.878, 11.558, 11.288, 12.395, 12.577, 10.339, 10.187, 10.336, 11.895, 13.52, 12.244, 12.106, 11.829, 11.9, 11.799, 12.392, 10.597, 7.876, 8.214], [4.803, 5.745, 7.09, 6.651, 4.669, 3.193, 2.202, 1.898, 1.669, 2.188, 2.349, 2.173, 3.533, 6.141, 8.215, 4.526, 1.525, 2.367, 1.651, 2.333, 2.435, 0.0, 1.298, 1.834, 2.275, 2.99, 3.512, 3.485, 3.738, 4.22, 3.707, 3.633, 2.974, 1.625, 1.808, 1.509, 2.125, 4.358, 7.263, 7.502, 11.467, 9.726, 7.303, 7.692, 3.988, 2.266, 1.155, 2.081, 4.044, 5.418, 5.525, 4.88, 5.055, 4.681, 4.685, 5.417, 6.715, 6.642, 7.279, 6.217, 6.476, 7.113, 4.89, 5.985, 3.676, 3.553, 4.941, 6.823, 8.132, 10.106, 11.189, 10.193, 7.985, 8.22, 9.655, 11.729, 10.468, 11.88, 10.184, 8.849, 8.585, 9.26, 9.005, 10.152, 10.409, 8.188, 8.075, 8.103, 9.625, 11.262, 9.974, 9.859, 9.691, 9.829, 9.641, 10.211, 8.405, 5.662, 5.995], [4.48, 5.482, 6.821, 6.288, 4.537, 3.092, 2.253, 1.851, 1.668, 2.026, 2.218, 1.814, 3.142, 5.91, 7.86, 4.287, 1.038, 2.208, 1.932, 2.676, 2.833, 1.298, 0.0, 2.284, 2.499, 2.617, 3.055, 2.971, 3.069, 3.876, 3.913, 3.681, 3.241, 1.879, 2.173, 1.653, 2.088, 4.07, 6.961, 7.227, 11.239, 9.437, 7.115, 7.334, 3.785, 1.988, 1.869, 2.459, 4.306, 5.604, 5.732, 5.067, 5.101, 5.019, 4.966, 5.547, 6.879, 6.887, 7.495, 6.667, 6.723, 7.308, 5.161, 5.964, 3.653, 3.119, 4.391, 6.283, 7.717, 9.69, 10.766, 9.752, 7.555, 7.826, 9.352, 11.483, 10.355, 11.675, 10.031, 8.556, 8.347, 9.05, 8.848, 9.881, 9.973, 7.838, 7.684, 7.808, 9.237, 10.935, 9.616, 9.456, 9.328, 9.394, 9.273, 9.751, 8.058, 5.296, 5.707], [6.141, 7.128, 8.466, 8.01, 6.288, 4.743, 3.682, 3.1, 2.291, 2.689, 2.607, 3.236, 4.717, 7.489, 9.586, 5.93, 2.539, 1.712, 1.776, 1.571, 1.561, 1.834, 2.284, 0.0, 1.085, 2.244, 3.513, 3.221, 2.796, 3.211, 2.646, 2.549, 1.939, 1.515, 2.131, 2.627, 3.42, 5.817, 8.646, 8.812, 12.93, 11.122, 8.841, 9.061, 5.443, 2.798, 2.129, 1.321, 2.732, 3.749, 4.015, 3.359, 3.527, 3.226, 3.125, 3.799, 5.211, 5.037, 5.844, 4.762, 4.799, 5.652, 3.496, 4.78, 3.106, 4.35, 5.346, 7.715, 9.34, 11.293, 12.387, 11.407, 9.222, 9.411, 10.93, 13.149, 12.063, 13.419, 11.704, 10.17, 10.035, 10.741, 10.605, 11.535, 11.502, 9.347, 9.15, 9.297, 10.925, 12.586, 11.304, 11.13, 10.882, 10.775, 10.728, 11.394, 9.677, 6.919, 7.444], [6.376, 7.366, 8.687, 8.193, 6.467, 4.936, 4.01, 3.374, 2.46, 2.905, 2.74, 3.453, 4.849, 7.688, 9.737, 6.176, 2.869, 1.453, 1.951, 1.894, 1.967, 2.275, 2.499, 1.085, 0.0, 2.017, 3.348, 2.781, 2.194, 2.581, 2.084, 1.923, 1.731, 1.813, 2.412, 2.511, 3.533, 5.95, 8.856, 9.085, 13.104, 11.314, 8.997, 9.238, 5.64, 2.965, 2.73, 1.917, 2.306, 3.385, 3.572, 3.06, 3.086, 2.812, 2.854, 3.564, 4.965, 4.922, 5.564, 4.521, 4.466, 5.399, 3.159, 4.208, 2.781, 4.329, 5.326, 7.745, 9.558, 11.504, 12.64, 11.633, 9.445, 9.608, 11.184, 13.339, 12.248, 13.617, 11.905, 10.458, 10.241, 10.962, 10.784, 11.783, 11.738, 9.557, 9.424, 9.544, 11.147, 12.81, 11.52, 11.354, 11.101, 10.804, 10.986, 11.621, 9.919, 7.161, 7.629], [5.14, 5.895, 7.244, 6.838, 5.202, 3.883, 3.259, 2.923, 2.421, 2.146, 2.201, 2.305, 3.782, 6.42, 8.634, 5.395, 3.083, 1.455, 2.03, 2.667, 3.091, 2.99, 2.617, 2.244, 2.017, 0.0, 1.868, 1.794, 1.756, 2.283, 2.296, 2.241, 2.389, 2.547, 2.693, 2.602, 3.454, 4.937, 7.458, 7.601, 11.676, 10.098, 7.825, 7.973, 4.5, 2.055, 3.41, 2.937, 3.375, 4.676, 4.928, 4.18, 4.147, 3.762, 3.775, 4.628, 6.192, 6.274, 7.083, 5.932, 5.591, 6.645, 4.051, 3.935, 2.234, 3.042, 3.899, 6.436, 8.22, 10.17, 11.275, 10.295, 8.096, 8.261, 9.758, 11.865, 10.971, 12.187, 10.596, 9.046, 8.776, 9.644, 9.409, 10.354, 10.373, 8.126, 7.973, 8.136, 9.78, 11.443, 10.159, 9.98, 9.726, 9.469, 9.551, 10.288, 8.434, 5.67, 6.27], [4.821, 4.961, 5.985, 5.676, 3.99, 2.609, 2.811, 3.093, 2.728, 2.621, 2.687, 2.529, 3.167, 5.498, 7.278, 4.899, 3.408, 2.401, 2.592, 3.81, 4.262, 3.512, 3.055, 3.513, 3.348, 1.868, 0.0, 1.236, 2.922, 3.479, 3.621, 3.621, 3.572, 3.377, 3.554, 2.984, 3.634, 3.994, 6.213, 6.399, 10.421, 8.686, 6.403, 6.706, 3.086, 2.214, 3.846, 4.005, 4.476, 6.038, 6.218, 5.547, 5.679, 5.087, 5.311, 6.112, 7.518, 7.575, 8.372, 7.216, 6.944, 7.965, 5.35, 4.929, 2.695, 2.807, 3.151, 5.267, 7.036, 8.988, 10.091, 9.111, 6.912, 7.089, 8.573, 10.627, 9.551, 10.824, 9.189, 7.8, 7.481, 8.22, 8.058, 9.074, 9.193, 6.927, 6.791, 6.953, 8.593, 10.226, 8.95, 8.8, 8.528, 8.297, 8.365, 9.105, 7.254, 4.456, 4.991], [4.728, 5.563, 6.825, 6.283, 4.856, 3.291, 3.218, 3.193, 2.675, 2.567, 2.736, 2.558, 3.24, 6.061, 7.99, 4.961, 3.192, 2.138, 2.479, 3.613, 3.906, 3.485, 2.971, 3.221, 2.781, 1.794, 1.236, 0.0, 2.127, 2.66, 2.892, 2.849, 3.021, 3.206, 3.416, 2.954, 3.52, 4.548, 6.984, 7.073, 11.291, 9.483, 7.207, 7.359, 3.911, 2.362, 3.899, 3.965, 3.82, 5.202, 5.507, 4.712, 4.889, 4.248, 4.46, 5.285, 6.852, 6.744, 7.569, 6.451, 6.106, 7.283, 4.426, 4.466, 2.822, 3.509, 3.77, 5.855, 7.642, 9.572, 10.661, 9.681, 7.483, 7.678, 9.253, 11.506, 10.467, 11.783, 10.104, 8.52, 8.388, 9.065, 8.971, 9.877, 9.767, 7.679, 7.466, 7.566, 9.173, 10.874, 9.539, 9.379, 9.248, 8.887, 9.003, 9.68, 8.006, 5.261, 5.842], [6.079, 7.132, 8.5, 7.854, 6.54, 5.228, 4.509, 4.143, 3.342, 3.005, 2.979, 3.277, 4.533, 7.619, 9.786, 6.456, 3.527, 1.934, 2.98, 2.955, 3.55, 3.738, 3.069, 2.796, 2.194, 1.756, 2.922, 2.127, 0.0, 1.404, 1.575, 1.598, 2.259, 3.052, 3.365, 3.293, 4.188, 6.09, 8.567, 8.545, 12.933, 11.337, 9.028, 9.081, 5.738, 3.295, 4.187, 3.586, 2.939, 3.808, 4.08, 3.266, 3.217, 3.176, 2.716, 3.568, 5.368, 5.38, 6.184, 5.149, 4.715, 5.796, 3.202, 3.208, 2.92, 4.167, 4.622, 7.05, 9.069, 10.899, 11.935, 11.044, 8.841, 8.949, 10.734, 13.131, 12.318, 13.539, 11.94, 10.224, 10.104, 10.946, 10.744, 11.629, 11.057, 9.153, 8.942, 9.075, 10.672, 12.386, 10.979, 10.792, 10.787, 10.171, 10.465, 11.026, 9.513, 6.897, 7.494], [6.627, 7.725, 9.037, 8.364, 7.298, 5.819, 5.005, 4.431, 3.555, 3.175, 3.072, 3.918, 5.259, 8.458, 10.284, 7.307, 4.376, 2.232, 3.124, 3.432, 4.113, 4.22, 3.876, 3.211, 2.581, 2.283, 3.479, 2.66, 1.404, 0.0, 1.12, 1.782, 2.686, 3.584, 3.676, 3.623, 4.668, 6.614, 9.026, 9.043, 13.449, 11.915, 9.585, 9.621, 6.299, 3.768, 4.659, 4.134, 2.511, 3.289, 3.579, 2.789, 2.749, 2.688, 2.68, 3.32, 4.864, 4.874, 5.629, 4.532, 3.989, 5.245, 2.643, 2.296, 2.926, 4.367, 5.061, 7.618, 9.514, 11.414, 12.517, 11.608, 9.323, 9.586, 11.17, 13.595, 12.893, 14.085, 12.513, 10.785, 10.634, 11.524, 11.317, 12.163, 11.653, 9.611, 9.401, 9.539, 11.164, 12.812, 11.446, 11.312, 11.207, 10.676, 10.937, 11.526, 9.957, 7.444, 8.062], [6.906, 7.855, 9.116, 8.497, 7.314, 5.947, 5.087, 4.518, 3.285, 3.199, 2.989, 3.958, 5.254, 8.465, 10.448, 7.339, 4.371, 1.979, 2.775, 2.934, 3.432, 3.707, 3.913, 2.646, 2.084, 2.296, 3.621, 2.892, 1.575, 1.12, 0.0, 1.488, 2.016, 3.047, 3.201, 3.435, 4.563, 6.741, 9.11, 9.242, 13.476, 12.003, 9.702, 9.739, 6.366, 3.828, 4.103, 3.451, 2.123, 3.057, 3.355, 2.52, 2.43, 2.463, 2.364, 2.966, 4.589, 4.65, 5.402, 4.262, 3.786, 5.0, 2.55, 2.345, 2.42, 4.37, 5.185, 7.741, 9.605, 11.529, 12.652, 11.719, 9.532, 9.703, 11.288, 13.672, 12.924, 14.077, 12.554, 10.842, 10.638, 11.605, 11.381, 12.162, 11.785, 9.579, 9.484, 9.643, 11.384, 12.996, 11.716, 11.527, 11.327, 10.894, 11.091, 11.773, 10.018, 7.378, 8.074], [6.791, 7.862, 9.247, 8.54, 7.265, 5.953, 5.086, 4.366, 3.346, 3.139, 2.82, 3.782, 5.18, 8.368, 10.428, 7.209, 4.026, 1.899, 2.725, 2.927, 3.313, 3.633, 3.681, 2.549, 1.923, 2.241, 3.621, 2.849, 1.598, 1.782, 1.488, 0.0, 1.523, 2.955, 3.077, 3.245, 4.317, 6.681, 9.182, 9.182, 13.689, 12.06, 9.748, 9.684, 6.422, 3.869, 3.996, 3.349, 2.41, 3.401, 3.728, 3.155, 3.149, 3.123, 2.79, 3.601, 5.286, 5.255, 6.014, 4.965, 4.517, 5.718, 3.294, 3.083, 2.794, 4.5, 5.173, 7.463, 9.75, 11.488, 12.465, 11.671, 9.416, 9.469, 11.443, 13.887, 13.02, 14.237, 12.64, 10.94, 10.811, 11.645, 11.45, 12.331, 11.59, 9.851, 9.64, 9.786, 11.358, 13.055, 11.553, 11.405, 11.42, 10.694, 11.147, 11.52, 10.234, 7.58, 8.238], [6.427, 7.502, 8.886, 8.091, 6.919, 5.606, 4.76, 4.111, 3.001, 2.794, 2.519, 3.492, 4.959, 8.033, 10.172, 6.919, 3.651, 1.97, 2.214, 2.69, 2.468, 2.974, 3.241, 1.939, 1.731, 2.389, 3.572, 3.021, 2.259, 2.686, 2.016, 1.523, 0.0, 2.099, 2.25, 2.959, 4.081, 6.413, 8.804, 8.853, 13.274, 11.766, 9.464, 9.309, 6.164, 3.697, 3.121, 2.413, 2.503, 3.535, 3.852, 3.345, 3.271, 3.495, 3.006, 3.727, 5.35, 5.331, 6.107, 5.033, 4.572, 5.775, 3.709, 3.841, 2.488, 4.22, 4.92, 7.294, 9.438, 11.238, 12.253, 11.321, 9.124, 9.294, 11.088, 13.477, 12.645, 13.793, 12.264, 10.526, 10.358, 11.31, 11.086, 11.874, 11.362, 9.517, 9.341, 9.433, 10.924, 12.655, 11.171, 11.045, 11.063, 10.418, 10.824, 11.217, 9.898, 7.249, 7.935], [5.44, 6.469, 7.824, 7.327, 5.676, 4.238, 3.318, 2.75, 2.038, 2.03, 2.294, 2.602, 4.044, 6.783, 9.011, 5.418, 2.238, 2.033, 1.558, 2.248, 2.327, 1.625, 1.879, 1.515, 1.813, 2.547, 3.377, 3.206, 3.052, 3.584, 3.047, 2.955, 2.099, 0.0, 1.265, 1.988, 3.015, 5.258, 8.031, 8.084, 12.31, 10.521, 8.242, 8.414, 4.922, 2.761, 2.037, 1.774, 3.328, 4.509, 4.775, 3.823, 4.046, 3.715, 3.654, 4.247, 5.789, 5.771, 6.606, 5.701, 5.501, 6.229, 3.918, 5.057, 2.959, 3.551, 4.507, 6.847, 8.675, 10.594, 11.697, 10.717, 8.52, 8.683, 10.286, 12.528, 11.491, 12.793, 11.128, 9.551, 9.412, 10.139, 9.992, 10.9, 10.796, 8.686, 8.483, 8.581, 10.214, 11.901, 10.566, 10.418, 10.304, 9.897, 10.024, 10.711, 9.031, 6.287, 6.866], [4.995, 6.045, 7.408, 6.808, 5.327, 3.964, 3.075, 2.314, 2.013, 2.056, 2.343, 2.277, 3.488, 6.472, 8.53, 5.132, 2.608, 2.336, 1.852, 3.01, 2.982, 1.808, 2.173, 2.131, 2.412, 2.693, 3.554, 3.416, 3.365, 3.676, 3.201, 3.077, 2.25, 1.265, 0.0, 1.512, 2.532, 4.746, 7.374, 7.697, 11.849, 10.138, 7.814, 7.904, 4.548, 2.991, 2.211, 2.451, 3.484, 4.608, 4.926, 4.095, 4.374, 3.979, 3.965, 4.763, 6.37, 6.377, 7.117, 6.101, 5.785, 6.78, 4.329, 5.184, 2.991, 3.098, 4.377, 6.333, 8.144, 10.095, 11.217, 10.174, 7.997, 8.197, 9.798, 12.056, 11.141, 12.388, 10.777, 9.128, 8.976, 9.768, 9.58, 10.487, 10.325, 8.196, 8.019, 8.145, 9.724, 11.445, 10.061, 9.918, 9.686, 9.372, 9.585, 10.115, 8.558, 5.839, 6.402], [4.69, 5.648, 6.946, 6.508, 4.589, 3.122, 2.241, 1.619, 1.513, 1.91, 2.432, 1.927, 3.133, 5.975, 7.943, 4.524, 1.974, 2.22, 2.114, 3.119, 3.486, 1.509, 1.653, 2.627, 2.511, 2.602, 2.984, 2.954, 3.293, 3.623, 3.435, 3.245, 2.959, 1.988, 1.512, 0.0, 1.473, 4.043, 6.922, 7.373, 11.306, 9.588, 7.148, 7.553, 3.784, 2.21, 1.883, 2.876, 3.877, 5.287, 5.416, 4.932, 5.143, 4.693, 4.899, 5.694, 7.051, 7.012, 7.579, 6.441, 6.502, 7.452, 4.882, 5.455, 3.146, 2.664, 4.134, 5.996, 7.813, 9.756, 10.896, 9.85, 7.681, 7.877, 9.41, 11.585, 10.332, 11.778, 10.098, 8.713, 8.482, 9.174, 8.894, 10.067, 10.016, 7.738, 7.639, 7.804, 9.46, 11.139, 9.799, 9.641, 9.274, 9.021, 9.275, 9.835, 8.145, 5.36, 5.739], [3.578, 4.454, 5.737, 5.313, 3.568, 2.346, 1.962, 1.71, 1.82, 2.397, 2.962, 2.187, 2.209, 4.83, 6.751, 3.476, 2.292, 3.079, 2.884, 4.05, 4.289, 2.125, 2.088, 3.42, 3.533, 3.454, 3.634, 3.52, 4.188, 4.668, 4.563, 4.317, 4.081, 3.015, 2.532, 1.473, 0.0, 2.805, 5.682, 6.179, 10.079, 8.395, 5.93, 6.359, 3.24, 2.542, 2.515, 3.818, 5.093, 6.474, 6.607, 6.179, 6.3, 5.956, 6.018, 6.878, 8.288, 8.211, 8.818, 7.692, 7.72, 8.689, 6.166, 6.561, 4.211, 3.059, 4.727, 5.781, 6.593, 8.557, 9.665, 8.62, 6.458, 6.686, 8.174, 10.364, 9.147, 10.576, 8.904, 7.511, 7.287, 7.98, 7.7, 8.872, 8.829, 6.571, 6.427, 6.609, 8.266, 9.945, 8.605, 8.489, 8.221, 8.242, 8.047, 8.646, 6.901, 4.227, 4.522], [1.727, 2.139, 3.046, 2.573, 2.242, 1.882, 2.573, 3.133, 3.685, 3.899, 4.11, 3.156, 2.309, 2.841, 4.217, 2.078, 4.156, 5.232, 4.534, 6.532, 6.616, 4.358, 4.07, 5.817, 5.95, 4.937, 3.994, 4.548, 6.09, 6.614, 6.741, 6.681, 6.413, 5.258, 4.746, 4.043, 2.805, 0.0, 3.089, 3.448, 7.366, 5.666, 3.508, 3.612, 2.675, 3.585, 4.772, 6.27, 7.508, 8.999, 9.189, 8.565, 8.675, 8.165, 8.412, 9.294, 10.704, 10.74, 11.345, 10.193, 10.096, 11.134, 8.484, 7.874, 5.283, 3.738, 4.971, 5.146, 4.292, 6.004, 7.032, 5.956, 3.782, 4.11, 5.53, 7.637, 6.538, 7.894, 6.238, 4.869, 4.571, 5.39, 5.057, 6.125, 6.442, 4.723, 4.365, 4.659, 5.858, 7.385, 6.205, 6.296, 6.24, 6.622, 6.051, 6.092, 4.468, 2.664, 2.45], [3.179, 2.646, 1.98, 1.895, 3.009, 4.182, 5.37, 6.075, 6.534, 6.31, 6.61, 5.642, 4.261, 2.657, 2.849, 3.303, 6.986, 7.981, 7.31, 9.451, 9.575, 7.263, 6.961, 8.646, 8.856, 7.458, 6.213, 6.984, 8.567, 9.026, 9.11, 9.182, 8.804, 8.031, 7.374, 6.922, 5.682, 3.089, 0.0, 1.893, 4.838, 3.705, 1.781, 1.803, 3.55, 6.31, 7.679, 9.164, 10.338, 11.722, 12.071, 11.287, 11.318, 10.989, 10.911, 11.846, 13.492, 13.585, 14.314, 13.155, 12.769, 13.891, 11.297, 9.921, 7.456, 5.466, 5.555, 4.043, 2.371, 3.164, 4.152, 3.256, 2.19, 2.007, 3.119, 4.953, 4.107, 5.299, 4.154, 2.567, 2.277, 3.846, 3.581, 3.429, 3.668, 2.455, 2.144, 2.688, 3.556, 4.452, 3.499, 3.539, 3.599, 4.146, 3.467, 3.285, 2.144, 2.347, 2.339], [3.067, 2.181, 1.732, 1.678, 3.454, 4.388, 5.526, 6.421, 6.772, 6.346, 6.628, 5.813, 4.429, 1.98, 2.385, 3.295, 7.289, 8.229, 7.421, 9.729, 9.762, 7.502, 7.227, 8.812, 9.085, 7.601, 6.399, 7.073, 8.545, 9.043, 9.242, 9.182, 8.853, 8.084, 7.697, 7.373, 6.179, 3.448, 1.893, 0.0, 4.767, 3.483, 1.96, 2.46, 4.157, 6.544, 7.922, 9.438, 10.743, 12.109, 12.458, 11.574, 11.562, 11.227, 10.822, 11.832, 13.705, 13.705, 14.607, 13.432, 12.922, 14.142, 11.423, 9.74, 7.631, 5.665, 6.097, 5.121, 3.435, 3.177, 3.819, 3.198, 1.454, 1.834, 2.678, 4.877, 4.186, 5.293, 3.93, 2.271, 1.925, 3.316, 2.874, 3.411, 3.635, 3.305, 2.91, 3.651, 4.412, 4.597, 3.71, 3.764, 4.135, 4.434, 3.73, 3.434, 2.996, 3.232, 3.334], [7.109, 5.918, 4.51, 5.236, 6.937, 8.303, 9.517, 10.376, 10.775, 10.6, 10.995, 10.038, 8.654, 5.585, 3.485, 7.075, 11.25, 12.207, 11.601, 13.676, 13.747, 11.467, 11.239, 12.93, 13.104, 11.676, 10.421, 11.291, 12.933, 13.449, 13.476, 13.689, 13.274, 12.31, 11.849, 11.306, 10.079, 7.366, 4.838, 4.767, 0.0, 1.996, 4.172, 4.253, 7.637, 10.386, 11.8, 13.33, 14.718, 16.211, 16.453, 15.785, 15.652, 15.325, 15.272, 16.177, 17.752, 17.855, 18.575, 17.409, 17.083, 18.153, 15.636, 14.285, 11.79, 9.957, 10.136, 8.223, 5.777, 4.078, 2.616, 2.527, 4.589, 4.504, 3.16, 1.942, 2.708, 1.756, 1.806, 2.965, 3.067, 3.087, 3.049, 2.374, 4.587, 4.912, 4.834, 5.533, 4.74, 3.296, 2.9, 3.488, 3.914, 4.839, 3.663, 4.4, 5.345, 6.535, 5.951], [5.617, 4.445, 3.025, 3.917, 5.334, 6.566, 7.74, 8.609, 9.007, 9.114, 9.397, 8.401, 6.995, 3.879, 1.838, 5.329, 9.47, 10.549, 9.794, 11.952, 11.978, 9.726, 9.437, 11.122, 11.314, 10.098, 8.686, 9.483, 11.337, 11.915, 12.003, 12.06, 11.766, 10.521, 10.138, 9.588, 8.395, 5.666, 3.705, 3.483, 1.996, 0.0, 2.582, 3.046, 5.985, 8.683, 10.093, 11.622, 12.979, 14.464, 14.701, 14.041, 14.083, 13.552, 13.728, 14.568, 16.011, 16.082, 16.827, 15.662, 15.391, 16.456, 13.863, 12.987, 10.473, 8.729, 9.077, 7.327, 4.998, 3.662, 2.728, 1.948, 3.384, 3.454, 2.337, 2.246, 2.206, 2.507, 1.264, 1.788, 1.823, 1.9, 2.1, 1.916, 4.205, 4.292, 4.131, 4.923, 4.905, 4.211, 3.5, 3.567, 3.799, 4.956, 3.708, 4.045, 4.54, 5.33, 4.855], [3.643, 2.712, 1.917, 2.42, 3.085, 4.247, 5.418, 6.249, 6.687, 6.889, 7.07, 6.121, 4.685, 2.347, 1.838, 3.42, 7.187, 8.157, 7.508, 9.518, 9.651, 7.303, 7.115, 8.841, 8.997, 7.825, 6.403, 7.207, 9.028, 9.585, 9.702, 9.748, 9.464, 8.242, 7.814, 7.148, 5.93, 3.508, 1.781, 1.96, 4.172, 2.582, 0.0, 2.096, 3.85, 6.304, 7.738, 9.236, 10.621, 12.122, 12.338, 11.697, 11.725, 11.219, 11.373, 12.245, 13.723, 13.799, 14.446, 13.279, 13.061, 14.095, 11.545, 10.723, 8.233, 6.415, 6.929, 5.295, 3.443, 3.429, 3.996, 3.218, 2.533, 2.519, 2.832, 4.477, 3.407, 4.723, 3.18, 2.018, 1.778, 2.787, 2.74, 3.217, 4.123, 2.941, 2.761, 3.454, 4.181, 4.655, 3.6, 3.708, 3.758, 4.541, 3.603, 3.562, 2.952, 3.313, 2.856], [3.258, 2.748, 1.792, 1.683, 3.24, 4.595, 5.764, 6.537, 6.946, 6.755, 7.063, 6.048, 4.753, 2.673, 2.801, 3.356, 7.289, 8.493, 7.624, 9.909, 9.97, 7.692, 7.334, 9.061, 9.238, 7.973, 6.706, 7.359, 9.081, 9.621, 9.739, 9.684, 9.309, 8.414, 7.904, 7.553, 6.359, 3.612, 1.803, 2.46, 4.253, 3.046, 2.096, 0.0, 3.962, 6.737, 8.185, 9.715, 10.923, 12.226, 12.496, 11.827, 11.77, 11.434, 11.522, 12.443, 14.073, 14.061, 14.788, 13.649, 13.262, 14.464, 11.768, 10.569, 8.179, 6.378, 6.444, 4.702, 3.15, 3.744, 4.262, 3.439, 2.556, 2.076, 3.373, 4.643, 3.817, 4.76, 3.71, 2.445, 2.196, 3.651, 3.278, 3.423, 4.247, 3.575, 3.255, 3.762, 4.522, 5.104, 4.22, 4.424, 4.727, 5.268, 4.553, 4.095, 3.094, 2.92, 2.566], [3.453, 3.416, 3.75, 3.642, 2.149, 1.765, 2.199, 2.791, 3.289, 3.512, 3.764, 2.782, 2.32, 4.102, 4.879, 3.444, 3.707, 4.881, 4.241, 6.129, 6.169, 3.988, 3.785, 5.443, 5.64, 4.5, 3.086, 3.911, 5.738, 6.299, 6.366, 6.422, 6.164, 4.922, 4.548, 3.784, 3.24, 2.675, 3.55, 4.157, 7.637, 5.985, 3.85, 3.962, 0.0, 2.893, 4.309, 5.874, 7.311, 8.865, 8.945, 8.37, 8.414, 7.897, 8.091, 8.959, 10.398, 10.361, 11.015, 9.878, 9.785, 10.84, 8.17, 7.345, 4.835, 3.106, 3.494, 3.827, 4.597, 6.448, 7.367, 6.363, 4.73, 4.537, 5.968, 7.893, 6.756, 8.141, 6.525, 5.217, 4.909, 6.088, 5.566, 6.392, 6.906, 4.775, 4.704, 4.772, 6.043, 7.612, 6.365, 6.534, 6.514, 6.828, 6.294, 6.52, 4.637, 2.075, 2.245], [4.069, 4.868, 6.067, 5.704, 3.823, 2.581, 1.922, 1.91, 1.605, 1.796, 1.795, 1.788, 3.155, 5.592, 7.208, 4.153, 1.924, 2.266, 1.822, 3.328, 3.449, 2.266, 1.988, 2.798, 2.965, 2.055, 2.214, 2.362, 3.295, 3.768, 3.828, 3.869, 3.697, 2.761, 2.991, 2.21, 2.542, 3.585, 6.31, 6.544, 10.386, 8.683, 6.304, 6.737, 2.893, 0.0, 2.374, 3.215, 4.626, 6.208, 6.312, 5.729, 5.825, 5.21, 5.468, 6.324, 7.726, 7.671, 8.269, 7.128, 7.141, 8.127, 5.482, 5.433, 3.099, 2.741, 3.956, 6.122, 7.368, 9.224, 10.154, 9.182, 7.117, 7.292, 8.715, 10.666, 9.424, 10.874, 9.227, 7.972, 7.669, 8.343, 8.013, 9.21, 9.694, 7.451, 7.352, 7.422, 8.803, 10.435, 9.096, 9.123, 9.027, 9.27, 8.947, 9.356, 7.458, 4.843, 4.977], [5.296, 6.136, 7.437, 7.14, 4.963, 3.619, 2.602, 2.165, 1.879, 2.373, 2.676, 2.555, 4.039, 6.633, 8.652, 4.954, 1.72, 2.826, 2.194, 2.371, 2.288, 1.155, 1.869, 2.129, 2.73, 3.41, 3.846, 3.899, 4.187, 4.659, 4.103, 3.996, 3.121, 2.037, 2.211, 1.883, 2.515, 4.772, 7.679, 7.922, 11.8, 10.093, 7.738, 8.185, 4.309, 2.374, 0.0, 1.935, 4.066, 5.301, 5.511, 5.183, 5.159, 5.103, 5.006, 5.427, 6.598, 6.493, 7.083, 6.065, 6.295, 7.028, 5.36, 6.406, 4.076, 3.837, 5.262, 7.21, 8.58, 10.555, 11.616, 10.6, 8.423, 8.682, 10.097, 12.046, 10.732, 12.227, 10.605, 9.373, 8.969, 9.666, 9.351, 10.59, 10.909, 8.612, 8.476, 8.576, 10.132, 11.743, 10.467, 10.377, 10.138, 10.326, 10.099, 10.7, 8.758, 5.992, 6.311], [6.825, 7.665, 8.967, 8.669, 6.561, 5.131, 4.139, 3.532, 2.918, 3.357, 3.377, 3.922, 5.355, 7.999, 10.115, 6.392, 2.78, 2.257, 2.518, 1.486, 1.28, 2.081, 2.459, 1.321, 1.917, 2.937, 4.005, 3.965, 3.586, 4.134, 3.451, 3.349, 2.413, 1.774, 2.451, 2.876, 3.818, 6.27, 9.164, 9.438, 13.33, 11.622, 9.236, 9.715, 5.874, 3.215, 1.935, 0.0, 2.917, 4.01, 4.187, 3.825, 3.838, 3.908, 3.805, 3.94, 4.853, 4.776, 5.362, 4.752, 5.032, 5.365, 4.158, 5.653, 3.711, 4.84, 5.869, 8.307, 9.986, 11.95, 13.041, 12.061, 9.872, 10.05, 11.54, 13.577, 12.366, 13.791, 12.139, 10.796, 10.497, 11.19, 10.914, 12.119, 12.195, 9.907, 9.746, 9.945, 11.618, 13.273, 11.997, 11.824, 11.497, 11.375, 11.347, 12.101, 10.194, 7.406, 7.794], [8.056, 9.037, 10.319, 9.877, 8.2, 6.633, 5.803, 5.18, 4.177, 4.578, 4.388, 5.155, 6.447, 9.416, 11.38, 7.975, 4.763, 2.813, 3.601, 3.006, 2.631, 4.044, 4.306, 2.732, 2.306, 3.375, 4.476, 3.82, 2.939, 2.511, 2.123, 2.41, 2.503, 3.328, 3.484, 3.877, 5.093, 7.508, 10.338, 10.743, 14.718, 12.979, 10.621, 10.923, 7.311, 4.626, 4.066, 2.917, 0.0, 1.673, 2.022, 1.974, 2.14, 2.406, 2.796, 2.914, 3.584, 3.621, 4.131, 3.218, 2.746, 3.722, 2.309, 3.432, 3.761, 5.678, 6.712, 9.28, 11.168, 13.091, 14.25, 13.205, 11.074, 11.242, 12.79, 14.952, 13.917, 15.242, 13.574, 12.089, 11.859, 12.602, 12.414, 13.439, 13.331, 11.067, 11.005, 11.196, 12.83, 14.509, 13.169, 13.011, 12.607, 12.341, 12.634, 13.191, 11.495, 8.734, 9.204], [9.392, 10.445, 11.794, 11.202, 9.702, 8.227, 7.253, 6.495, 5.628, 5.889, 5.629, 6.359, 7.712, 10.85, 12.855, 9.405, 5.925, 4.095, 4.946, 4.015, 3.716, 5.418, 5.604, 3.749, 3.385, 4.676, 6.038, 5.202, 3.808, 3.289, 3.057, 3.401, 3.535, 4.509, 4.608, 5.287, 6.474, 8.999, 11.722, 12.109, 16.211, 14.464, 12.122, 12.226, 8.865, 6.208, 5.301, 4.01, 1.673, 0.0, 1.412, 1.779, 2.092, 2.606, 2.874, 2.68, 3.119, 2.927, 3.341, 2.761, 1.843, 2.55, 1.956, 3.618, 4.939, 6.995, 7.884, 10.445, 12.43, 14.333, 15.442, 14.415, 12.286, 12.466, 14.087, 16.435, 15.509, 16.777, 15.147, 13.544, 13.367, 14.111, 13.955, 14.893, 14.609, 12.319, 12.263, 12.494, 14.12, 15.829, 14.425, 14.29, 14.021, 13.668, 13.928, 14.446, 12.818, 10.074, 10.673], [9.749, 10.717, 12.052, 11.506, 9.751, 8.337, 7.458, 6.712, 5.777, 6.233, 6.021, 6.714, 8.068, 11.039, 13.029, 9.602, 6.14, 4.28, 5.221, 4.154, 3.766, 5.525, 5.732, 4.015, 3.572, 4.928, 6.218, 5.507, 4.08, 3.579, 3.355, 3.728, 3.852, 4.775, 4.926, 5.416, 6.607, 9.189, 12.071, 12.458, 16.453, 14.701, 12.338, 12.496, 8.945, 6.312, 5.511, 4.187, 2.022, 1.412, 0.0, 1.708, 1.992, 2.575, 2.744, 2.602, 2.796, 2.642, 2.926, 2.368, 1.861, 2.441, 2.705, 4.228, 5.442, 7.424, 8.344, 10.918, 12.839, 14.773, 15.919, 14.881, 12.744, 12.925, 14.544, 16.711, 15.527, 16.919, 15.214, 13.786, 13.577, 14.311, 14.07, 15.116, 14.982, 12.795, 12.736, 12.907, 14.446, 16.158, 14.77, 14.623, 14.349, 14.019, 14.346, 14.805, 13.229, 10.49, 10.891], [8.872, 9.995, 11.34, 10.749, 9.215, 7.771, 6.822, 6.023, 5.126, 5.386, 5.115, 5.886, 7.225, 10.317, 12.402, 8.907, 5.401, 3.711, 4.439, 3.704, 3.61, 4.88, 5.067, 3.359, 3.06, 4.18, 5.547, 4.712, 3.266, 2.789, 2.52, 3.155, 3.345, 3.823, 4.095, 4.932, 6.179, 8.565, 11.287, 11.574, 15.785, 14.041, 11.697, 11.827, 8.37, 5.729, 5.183, 3.825, 1.974, 1.779, 1.708, 0.0, 1.234, 1.668, 1.778, 1.796, 2.663, 2.873, 3.36, 2.471, 2.218, 2.946, 2.07, 3.536, 4.465, 6.491, 7.364, 9.908, 11.917, 13.8, 14.908, 13.88, 11.751, 11.931, 13.568, 16.014, 15.021, 16.328, 14.654, 13.059, 12.932, 13.65, 13.53, 14.424, 14.075, 11.807, 11.744, 11.981, 13.633, 15.318, 13.922, 13.791, 13.581, 13.133, 13.408, 13.932, 12.326, 9.567, 10.221], [8.997, 9.958, 11.269, 10.69, 9.247, 7.931, 7.062, 6.32, 5.211, 5.342, 5.154, 5.968, 7.342, 10.412, 12.416, 9.129, 5.564, 3.708, 4.691, 3.679, 3.729, 5.055, 5.101, 3.527, 3.086, 4.147, 5.679, 4.889, 3.217, 2.749, 2.43, 3.149, 3.271, 4.046, 4.374, 5.143, 6.3, 8.675, 11.318, 11.562, 15.652, 14.083, 11.725, 11.77, 8.414, 5.825, 5.159, 3.838, 2.14, 2.092, 1.992, 1.234, 0.0, 1.462, 1.467, 1.456, 2.488, 2.581, 3.177, 2.305, 2.023, 2.846, 2.317, 3.348, 4.28, 6.429, 7.273, 9.804, 11.845, 13.734, 14.821, 13.83, 11.741, 11.919, 13.578, 15.881, 15.005, 16.239, 14.636, 12.98, 12.822, 13.721, 13.464, 14.358, 14.056, 11.71, 11.701, 11.933, 13.598, 15.329, 13.967, 13.786, 13.548, 13.15, 13.396, 14.023, 12.29, 9.537, 10.138], [8.532, 9.559, 10.891, 10.371, 8.739, 7.233, 6.258, 5.558, 4.77, 5.033, 4.763, 5.611, 6.955, 9.924, 11.94, 8.492, 5.363, 3.457, 4.036, 3.565, 3.784, 4.681, 5.019, 3.226, 2.812, 3.762, 5.087, 4.248, 3.176, 2.688, 2.463, 3.123, 3.495, 3.715, 3.979, 4.693, 5.956, 8.165, 10.989, 11.227, 15.325, 13.552, 11.219, 11.434, 7.897, 5.21, 5.103, 3.908, 2.406, 2.606, 2.575, 1.668, 1.462, 0.0, 1.452, 1.858, 2.857, 2.901, 3.637, 2.624, 2.579, 3.381, 1.892, 3.18, 3.793, 5.973, 6.855, 9.429, 11.475, 13.365, 14.491, 13.524, 11.437, 11.594, 13.265, 15.558, 14.556, 15.865, 14.201, 12.605, 12.479, 13.188, 13.049, 13.994, 13.733, 11.348, 11.381, 11.565, 13.272, 15.019, 13.651, 13.466, 13.226, 12.834, 13.055, 13.712, 11.933, 9.198, 9.736], [8.348, 9.501, 10.882, 10.264, 8.899, 7.525, 6.625, 5.944, 4.879, 4.848, 4.544, 5.509, 6.816, 10.009, 12.127, 8.676, 5.406, 3.289, 4.194, 3.559, 3.613, 4.685, 4.966, 3.125, 2.854, 3.775, 5.311, 4.46, 2.716, 2.68, 2.364, 2.79, 3.006, 3.654, 3.965, 4.899, 6.018, 8.412, 10.911, 10.822, 15.272, 13.728, 11.373, 11.522, 8.091, 5.468, 5.006, 3.805, 2.796, 2.874, 2.744, 1.778, 1.467, 1.452, 0.0, 1.209, 3.083, 3.139, 3.956, 2.833, 2.491, 3.58, 2.502, 3.275, 3.849, 5.731, 6.533, 9.028, 11.182, 12.941, 13.99, 13.279, 11.01, 11.193, 12.937, 15.458, 14.717, 15.928, 14.339, 12.62, 12.489, 13.341, 13.142, 14.015, 13.263, 11.125, 11.043, 11.263, 13.086, 14.649, 13.275, 13.135, 13.087, 12.446, 12.704, 13.341, 11.684, 9.108, 9.76], [9.328, 10.402, 11.776, 11.229, 9.762, 8.347, 7.434, 6.788, 5.77, 5.814, 5.524, 6.432, 7.738, 10.862, 13.037, 9.471, 6.01, 4.161, 5.069, 3.936, 3.74, 5.417, 5.547, 3.799, 3.564, 4.628, 6.112, 5.285, 3.568, 3.32, 2.966, 3.601, 3.727, 4.247, 4.763, 5.694, 6.878, 9.294, 11.846, 11.832, 16.177, 14.568, 12.245, 12.443, 8.959, 6.324, 5.427, 3.94, 2.914, 2.68, 2.602, 1.796, 1.456, 1.858, 1.209, 0.0, 2.026, 2.113, 2.969, 2.085, 1.804, 2.525, 2.677, 3.787, 4.678, 6.717, 7.588, 10.115, 12.197, 14.032, 15.095, 14.278, 12.092, 12.238, 13.932, 16.37, 15.577, 16.811, 15.212, 13.531, 13.378, 14.191, 14.001, 14.902, 14.363, 12.039, 12.002, 12.257, 14.051, 15.702, 14.337, 14.158, 14.054, 13.515, 13.698, 14.407, 12.627, 9.989, 10.652], [11.114, 11.996, 13.293, 12.973, 11.188, 9.694, 8.689, 8.14, 7.244, 7.596, 7.343, 8.17, 9.468, 12.349, 14.541, 10.85, 7.123, 5.688, 6.63, 4.971, 4.738, 6.715, 6.879, 5.211, 4.965, 6.192, 7.518, 6.852, 5.368, 4.864, 4.589, 5.286, 5.35, 5.789, 6.37, 7.051, 8.288, 10.704, 13.492, 13.705, 17.752, 16.011, 13.723, 14.073, 10.398, 7.726, 6.598, 4.853, 3.584, 3.119, 2.796, 2.663, 2.488, 2.857, 3.083, 2.026, 0.0, 1.557, 2.051, 1.906, 1.976, 1.762, 3.354, 4.955, 6.326, 8.521, 9.514, 12.045, 14.06, 15.96, 17.051, 16.114, 14.012, 14.147, 15.747, 17.973, 17.005, 18.289, 16.641, 15.158, 14.909, 15.609, 15.478, 16.456, 16.282, 13.782, 13.843, 14.131, 15.888, 17.555, 16.236, 16.064, 15.757, 15.414, 15.556, 16.283, 14.362, 11.583, 12.177], [11.115, 12.