[[0.0, 1.469, 1.792, 2.048, 2.935, 1.966, 2.402, 2.489, 2.792, 3.202, 2.304, 2.523, 3.378, 2.469, 3.327, 3.366, 2.954, 3.238, 5.258, 6.164, 4.802, 2.849, 3.677, 4.452, 4.622, 4.824, 4.385, 4.445, 3.697, 3.528, 4.259, 4.662, 5.022, 5.812, 6.976, 12.497, 22.788, 18.319, 21.276, 17.602, 15.609, 15.903, 17.066, 18.233, 22.549, 18.996, 16.962, 15.752, 6.265, 8.333, 7.2, 10.488, 11.253, 12.265, 12.478, 12.095, 11.609, 11.873, 11.218, 9.101, 8.319, 7.576, 5.861, 6.172, 7.462, 7.888, 7.936, 7.852, 5.891, 5.39, 8.344, 4.664, 2.826, 4.0, 2.814, 3.715, 8.53, 9.017, 8.424, 7.485, 8.138, 7.08, 6.734, 7.158, 8.08, 8.297, 8.287, 7.402, 7.322, 5.589, 5.331, 3.924, 2.392, 4.243, 4.74, 4.726, 3.437, 3.439, 2.336, 1.905, 3.485, 3.099, 3.538, 7.156, 10.132, 10.816, 12.099], [1.469, 0.0, 1.349, 1.798, 2.648, 1.718, 2.104, 2.243, 2.45, 2.954, 2.158, 2.57, 3.362, 2.364, 2.714, 2.984, 2.676, 3.335, 4.86, 5.772, 4.283, 3.121, 3.646, 4.317, 4.523, 4.911, 4.4, 4.228, 3.678, 3.951, 4.566, 4.749, 4.986, 6.275, 7.519, 12.971, 23.322, 18.851, 21.789, 17.885, 15.592, 16.439, 17.604, 18.753, 23.082, 19.523, 17.48, 16.284, 6.573, 8.705, 7.476, 10.618, 11.368, 12.382, 12.56, 12.306, 11.914, 11.916, 11.459, 9.346, 8.529, 7.841, 6.178, 5.838, 7.139, 7.438, 7.536, 7.462, 5.414, 5.395, 8.174, 4.564, 2.71, 4.197, 2.744, 4.064, 8.295, 8.673, 8.29, 7.357, 7.68, 6.699, 6.222, 6.624, 7.546, 7.783, 7.733, 6.88, 6.849, 5.086, 4.919, 3.686, 2.353, 3.972, 4.376, 4.403, 3.475, 2.987, 1.929, 1.721, 3.434, 3.089, 3.532, 6.921, 9.772, 10.529, 11.706], [1.792, 1.349, 0.0, 1.481, 2.587, 2.266, 1.85, 2.652, 2.485, 2.484, 1.516, 1.999, 2.588, 1.997, 3.283, 3.716, 3.311, 3.839, 5.595, 6.509, 5.04, 3.459, 3.788, 4.831, 4.926, 5.188, 4.917, 4.631, 4.19, 4.343, 4.96, 5.072, 5.219, 6.681, 7.875, 12.266, 22.528, 18.066, 21.015, 17.078, 14.707, 15.606, 16.816, 17.967, 22.29, 18.723, 16.689, 15.493, 7.438, 9.577, 8.366, 11.537, 12.211, 13.198, 13.504, 13.285, 12.918, 12.934, 12.457, 10.381, 9.444, 8.738, 7.038, 6.59, 7.855, 8.201, 8.247, 8.171, 6.148, 4.34, 7.09, 3.465, 2.633, 4.531, 2.657, 4.845, 9.085, 9.438, 9.077, 8.064, 8.467, 7.472, 7.021, 7.422, 8.345, 8.567, 8.557, 7.688, 7.609, 5.877, 5.635, 4.381, 3.077, 4.703, 5.061, 4.921, 3.794, 3.647, 2.549, 2.403, 4.199, 3.966, 4.485, 7.719, 10.504, 11.269, 12.44], [2.048, 1.798, 1.481, 0.0, 1.776, 1.758, 1.731, 2.647, 2.748, 3.049, 2.186, 2.386, 3.423, 1.536, 2.211, 2.784, 2.468, 3.02, 4.486, 5.429, 4.117, 3.709, 4.238, 3.824, 4.592, 5.442, 5.243, 4.85, 4.572, 4.84, 5.568, 5.714, 5.899, 7.297, 8.595, 13.479, 23.683, 19.152, 22.159, 18.324, 15.884, 16.79, 17.91, 19.065, 23.385, 19.843, 17.852, 16.588, 7.849, 10.009, 8.853, 11.917, 12.282, 12.813, 13.211, 12.831, 12.769, 13.033, 12.354, 10.347, 9.868, 9.216, 7.519, 6.409, 6.969, 7.185, 7.242, 7.062, 4.958, 4.494, 7.25, 3.596, 2.457, 3.637, 2.773, 5.11, 8.457, 8.544, 8.323, 7.239, 7.437, 6.654, 6.104, 6.378, 7.222, 7.435, 7.428, 6.56, 6.495, 4.705, 4.591, 3.517, 2.559, 3.687, 3.94, 3.831, 3.047, 2.831, 2.316, 2.274, 3.642, 3.397, 4.012, 6.959, 9.572, 10.284, 11.442], [2.935, 2.648, 2.587, 1.776, 0.0, 2.026, 1.965, 3.081, 3.52, 3.766, 3.002, 3.235, 4.285, 1.924, 2.06, 3.2, 2.781, 2.527, 4.212, 5.096, 4.52, 4.023, 4.522, 3.99, 4.698, 5.974, 5.998, 5.472, 5.27, 5.265, 5.897, 6.012, 6.24, 7.618, 8.85, 14.201, 24.499, 20.024, 22.987, 19.063, 16.645, 17.588, 18.77, 19.919, 24.259, 20.692, 18.668, 17.461, 8.186, 10.403, 9.347, 12.691, 13.075, 13.703, 13.976, 13.633, 13.66, 13.898, 13.207, 11.141, 10.361, 9.733, 8.012, 6.925, 7.119, 7.238, 6.852, 6.903, 4.864, 4.815, 6.852, 4.048, 2.588, 3.193, 3.211, 5.699, 8.816, 8.895, 8.933, 7.232, 7.329, 6.905, 5.928, 5.848, 6.385, 6.609, 6.601, 5.923, 5.747, 4.079, 4.733, 4.026, 3.53, 3.907, 3.563, 3.535, 2.994, 2.69, 2.955, 2.576, 4.297, 4.117, 4.737, 7.723, 9.83, 10.476, 11.528], [1.966, 1.718, 2.266, 1.758, 2.026, 0.0, 1.818, 2.256, 2.71, 3.396, 2.966, 3.127, 4.372, 2.099, 1.957, 2.56, 2.522, 2.238, 3.686, 4.767, 3.268, 2.838, 3.588, 2.892, 3.457, 4.8, 4.424, 4.001, 3.726, 4.132, 4.947, 5.116, 5.353, 6.655, 8.029, 14.199, 24.61, 20.139, 23.077, 19.126, 16.748, 17.67, 18.892, 20.039, 24.376, 20.81, 18.768, 17.578, 6.903, 9.059, 7.931, 11.11, 11.488, 12.242, 12.665, 12.388, 12.149, 12.33, 11.766, 9.656, 8.848, 8.312, 6.586, 5.373, 6.361, 6.469, 6.431, 6.341, 4.302, 5.368, 7.839, 4.408, 2.165, 2.842, 2.371, 4.167, 7.641, 8.003, 7.907, 6.57, 6.617, 5.909, 5.096, 5.368, 6.314, 6.558, 6.48, 5.643, 5.668, 3.982, 4.075, 3.034, 2.131, 3.139, 3.377, 3.435, 2.194, 1.904, 1.697, 1.306, 2.995, 2.93, 3.444, 6.62, 8.969, 9.791, 10.912], [2.402, 2.104, 1.85, 1.731, 1.965, 1.818, 0.0, 2.403, 2.62, 2.898, 2.139, 2.565, 3.295, 1.801, 2.559, 3.164, 2.81, 3.226, 4.713, 5.9, 4.62, 3.405, 4.039, 4.074, 4.455, 5.248, 5.329, 4.984, 4.715, 4.704, 5.392, 5.534, 5.786, 7.097, 8.383, 13.179, 23.448, 18.967, 21.817, 18.026, 15.617, 16.408, 17.689, 18.833, 23.132, 19.599, 17.645, 16.325, 7.548, 9.857, 8.639, 11.919, 12.51, 13.417, 13.839, 13.563, 13.477, 13.643, 12.973, 10.955, 9.899, 9.051, 7.291, 6.648, 7.345, 7.543, 7.549, 7.45, 5.46, 4.082, 6.676, 3.545, 2.276, 3.558, 2.703, 5.335, 8.8, 8.914, 8.87, 7.477, 7.801, 7.082, 6.293, 6.633, 7.574, 7.782, 7.798, 6.93, 6.867, 5.15, 5.0, 3.868, 3.12, 4.118, 4.398, 4.344, 3.162, 2.849, 2.77, 2.427, 4.283, 4.145, 4.655, 7.623, 9.96, 10.687, 11.822], [2.489, 2.243, 2.652, 2.647, 3.081, 2.256, 2.403, 0.0, 1.801, 2.242, 2.021, 1.849, 3.011, 2.736, 3.529, 3.44, 3.244, 3.247, 5.279, 6.084, 4.595, 2.937, 3.105, 4.765, 4.609, 4.245, 4.734, 4.583, 4.309, 3.683, 3.785, 3.984, 4.13, 5.379, 6.861, 12.804, 22.901, 18.346, 21.298, 17.681, 15.259, 16.03, 17.047, 18.191, 22.532, 18.967, 17.05, 15.724, 5.767, 8.299, 7.112, 10.845, 11.779, 12.914, 13.27, 12.978, 12.654, 12.674, 12.121, 10.06, 9.053, 7.335, 5.737, 6.629, 7.67, 8.019, 8.069, 7.905, 5.792, 5.143, 7.816, 4.426, 1.939, 3.851, 2.031, 4.546, 9.215, 9.148, 8.801, 7.919, 8.314, 7.447, 7.001, 7.264, 8.095, 8.327, 8.296, 7.435, 7.359, 5.573, 5.314, 4.253, 2.832, 4.215, 4.676, 4.919, 3.538, 3.201, 2.801, 2.232, 4.11, 3.858, 4.435, 7.433, 10.17, 10.899, 12.056], [2.792, 2.45, 2.485, 2.748, 3.52, 2.71, 2.62, 1.801, 0.0, 2.156, 2.122, 2.089, 3.036, 2.769, 3.425, 4.072, 4.031, 3.554, 5.405, 6.384, 4.842, 2.688, 2.639, 4.615, 4.663, 3.944, 4.672, 4.423, 4.195, 3.463, 3.212, 3.329, 3.526, 4.936, 6.151, 12.601, 22.796, 18.266, 21.13, 17.43, 14.99, 15.776, 16.987, 18.131, 22.375, 18.898, 16.952, 15.586, 5.974, 8.463, 7.274, 11.069, 12.102, 13.206, 13.505, 13.32, 12.944, 12.901, 12.348, 10.356, 9.339, 7.527, 6.005, 6.771, 7.854, 8.108, 8.175, 8.043, 5.992, 5.264, 7.848, 4.32, 2.012, 3.773, 1.896, 4.826, 9.28, 9.286, 9.007, 8.021, 8.441, 7.582, 7.051, 7.35, 8.247, 8.462, 8.459, 7.599, 7.539, 5.745, 5.512, 4.446, 3.54, 4.479, 4.787, 4.692, 3.299, 3.353, 3.083, 2.526, 4.349, 4.161, 4.684, 7.656, 10.33, 11.065, 12.242], [3.202, 2.954, 2.484, 3.049, 3.766, 3.396, 2.898, 2.242, 2.156, 0.0, 1.556, 1.364, 2.104, 2.376, 4.56, 4.856, 4.615, 4.629, 6.815, 7.638, 6.188, 3.952, 3.471, 5.913, 5.794, 5.201, 6.143, 5.878, 5.463, 4.479, 3.957, 3.979, 4.244, 5.305, 5.998, 11.123, 21.293, 16.785, 19.782, 15.941, 13.506, 14.388, 15.535, 16.695, 21.041, 17.46, 15.45, 14.241, 7.344, 9.987, 8.847, 12.571, 13.495, 14.539, 14.959, 14.697, 14.305, 14.287, 13.847, 11.715, 10.612, 9.026, 7.482, 7.956, 9.1, 9.487, 9.507, 9.385, 7.342, 3.325, 5.997, 3.272, 2.005, 4.883, 1.572, 6.112, 10.505, 10.664, 10.408, 9.322, 9.743, 8.73, 8.359, 8.704, 9.616, 9.834, 9.803, 8.928, 8.857, 7.096, 6.765, 5.628, 4.334, 5.789, 6.164, 6.101, 4.593, 4.636, 3.862, 3.508, 5.506, 5.392, 5.941, 9.073, 11.694, 12.401, 13.602], [2.304, 2.158, 1.516, 2.186, 3.002, 2.966, 2.139, 2.021, 2.122, 1.556, 0.0, 1.003, 1.884, 2.249, 4.106, 4.334, 3.941, 4.172, 6.331, 7.174, 5.74, 3.346, 3.451, 5.49, 5.391, 4.919, 5.462, 5.202, 4.756, 4.11, 4.034, 4.193, 4.312, 5.776, 6.907, 11.561, 21.733, 17.236, 20.189, 16.368, 13.951, 14.788, 15.971, 17.128, 21.475, 17.896, 15.915, 14.677, 6.791, 9.43, 8.253, 11.884, 12.708, 13.793, 14.181, 13.906, 13.579, 13.599, 13.079, 10.992, 9.868, 8.5, 6.821, 7.301, 8.531, 8.94, 8.985, 8.891, 6.895, 3.742, 6.497, 3.257, 2.001, 4.728, 1.983, 5.356, 9.832, 10.095, 9.691, 8.728, 9.261, 8.233, 7.856, 8.246, 9.174, 9.389, 9.374, 8.492, 8.425, 6.636, 6.277, 5.006, 3.641, 5.325, 5.711, 5.633, 4.196, 4.182, 3.343, 2.832, 4.898, 4.63, 5.116, 8.374, 11.153, 11.897, 13.116], [2.523, 2.57, 1.999, 2.386, 3.235, 3.127, 2.565, 1.849, 2.089, 1.364, 1.003, 0.0, 1.857, 2.116, 4.328, 4.436, 4.049, 4.188, 6.531, 7.301, 5.865, 3.515, 3.273, 5.621, 5.473, 4.809, 5.636, 5.465, 4.946, 3.989, 3.811, 3.896, 4.064, 5.385, 6.514, 11.414, 21.565, 17.051, 20.048, 16.384, 13.923, 14.741, 15.806, 16.959, 21.306, 17.731, 15.712, 14.509, 6.937, 9.592, 8.369, 12.058, 12.812, 13.896, 14.332, 14.017, 13.682, 13.724, 13.247, 11.107, 9.973, 8.549, 6.933, 7.561, 8.773, 9.177, 9.24, 9.106, 7.063, 3.649, 6.481, 3.307, 1.776, 4.617, 1.646, 5.54, 10.098, 10.283, 9.777, 8.928, 9.428, 8.412, 8.072, 8.418, 9.327, 9.556, 9.515, 8.636, 8.574, 6.807, 6.477, 5.31, 3.756, 5.332, 5.846, 5.832, 4.306, 4.327, 3.545, 3.141, 5.007, 4.676, 5.265, 8.464, 11.36, 11.976, 13.222], [3.378, 3.362, 2.588, 3.423, 4.285, 4.372, 3.295, 3.011, 3.036, 2.104, 1.884, 1.857, 0.0, 2.984, 5.426, 5.538, 5.031, 5.42, 7.681, 8.504, 6.986, 4.372, 4.277, 6.858, 6.76, 5.574, 6.531, 6.499, 6.03, 4.8, 4.886, 5.0, 5.218, 6.317, 6.999, 10.546, 20.618, 16.058, 18.994, 15.385, 12.98, 13.69, 14.716, 15.859, 20.102, 16.582, 14.767, 13.311, 7.647, 10.183, 9.057, 12.604, 13.637, 14.914, 15.254, 14.877, 14.493, 14.547, 13.929, 11.888, 10.958, 9.482, 7.768, 8.766, 9.95, 10.372, 10.438, 10.261, 8.252, 3.089, 5.911, 2.438, 3.046, 5.727, 2.713, 6.422, 11.35, 11.3, 10.848, 10.144, 10.651, 9.7, 9.316, 9.645, 10.569, 10.79, 10.774, 9.885, 9.812, 8.038, 7.561, 6.343, 4.684, 6.347, 6.823, 6.904, 5.447, 5.572, 4.797, 4.316, 6.271, 5.902, 6.383, 9.386, 12.248, 13.069, 14.348], [2.469, 2.364, 1.997, 1.536, 1.924, 2.099, 1.801, 2.736, 2.769, 2.376, 2.249, 2.116, 2.984, 0.0, 2.775, 3.251, 2.828, 2.994, 5.039, 5.778, 4.529, 3.639, 3.888, 4.363, 4.689, 5.199, 5.716, 5.294, 5.069, 4.555, 5.187, 5.32, 5.515, 6.843, 8.106, 13.158, 23.249, 18.776, 21.676, 17.953, 15.511, 16.344, 17.441, 18.567, 22.89, 19.307, 17.421, 16.071, 8.006, 10.22, 9.198, 12.432, 12.838, 13.547, 14.094, 13.692, 13.619, 13.83, 13.115, 11.066, 10.402, 9.667, 7.938, 7.015, 7.521, 7.906, 7.698, 7.561, 5.55, 3.783, 6.42, 3.036, 1.898, 3.189, 2.255, 5.629, 9.257, 9.058, 9.066, 7.696, 8.11, 7.444, 6.669, 6.903, 7.732, 7.97, 7.925, 7.068, 6.997, 5.187, 5.058, 4.157, 3.296, 4.14, 4.253, 4.169, 2.872, 3.082, 3.06, 2.794, 4.494, 4.349, 4.91, 7.798, 10.014, 10.788, 11.881], [3.327, 2.714, 3.283, 2.211, 2.06, 1.957, 2.559, 3.529, 3.425, 4.56, 4.106, 4.328, 5.426, 2.775, 0.0, 1.843, 2.154, 2.413, 2.503, 3.745, 3.168, 3.803, 4.476, 3.12, 4.247, 5.693, 5.215, 4.768, 4.582, 5.057, 5.831, 5.973, 6.224, 7.536, 8.841, 15.459, 25.773, 21.284, 24.17, 20.353, 17.946, 18.76, 20.003, 21.146, 25.455, 21.896, 19.964, 18.65, 7.772, 9.906, 8.591, 11.348, 11.583, 12.018, 12.194, 11.852, 12.041, 12.308, 11.557, 9.879, 9.425, 8.997, 7.277, 5.799, 5.416, 5.542, 5.401, 5.376, 3.452, 6.187, 8.514, 5.333, 3.026, 3.07, 3.655, 5.09, 7.11, 7.155, 7.19, 5.668, 5.662, 5.241, 4.303, 4.385, 5.213, 5.416, 5.433, 4.61, 4.524, 2.892, 3.055, 2.36, 2.593, 2.324, 2.379, 2.356, 2.548, 1.933, 1.979, 2.394, 3.014, 2.695, 3.292, 5.914, 8.059, 8.788, 9.872], [3.366, 2.984, 3.716, 2.784, 3.2, 2.56, 3.164, 3.44, 4.072, 4.856, 4.334, 4.436, 5.538, 3.251, 1.843, 0.0, 1.258, 2.395, 2.622, 3.378, 2.849, 3.714, 4.755, 3.796, 4.41, 5.415, 4.875, 4.555, 4.412, 4.879, 5.99, 6.208, 6.378, 7.555, 8.971, 15.605, 25.71, 21.171, 24.051, 20.622, 18.174, 18.831, 19.865, 20.977, 25.158, 21.785, 19.878, 18.412, 6.877, 8.958, 7.639, 10.043, 10.291, 10.756, 11.008, 10.61, 10.81, 11.089, 10.16, 8.662, 8.502, 8.086, 6.471, 5.097, 4.774, 5.298, 5.243, 5.161, 3.592, 6.434, 9.635, 5.996, 3.561, 3.611, 4.194, 4.505, 6.445, 6.154, 5.993, 4.844, 5.571, 4.66, 4.263, 4.762, 5.483, 5.675, 5.685, 4.756, 4.747, 3.51, 2.585, 1.524, 1.796, 1.917, 2.512, 2.956, 3.135, 2.545, 1.984, 2.383, 2.367, 2.112, 2.52, 4.694, 7.119, 7.847, 9.05], [2.954, 2.676, 3.311, 2.468, 2.781, 2.522, 2.81, 3.244, 4.031, 4.615, 3.941, 4.049, 5.031, 2.828, 2.154, 1.258, 0.0, 2.322, 3.501, 4.265, 3.462, 3.901, 4.933, 4.145, 4.669, 5.356, 5.093, 4.881, 4.573, 4.889, 6.078, 6.321, 6.513, 7.635, 8.984, 15.004, 24.999, 20.442, 23.365, 20.159, 17.765, 18.301, 19.156, 20.172, 24.362, 21.165, 19.158, 17.561, 6.707, 8.829, 7.592, 10.371, 10.779, 11.305, 11.654, 11.203, 11.394, 11.727, 10.777, 9.102, 8.81, 8.352, 6.611, 5.632, 5.688, 6.284, 6.086, 6.013, 4.194, 5.944, 9.232, 5.69, 3.451, 3.811, 4.053, 4.731, 7.31, 7.06, 6.79, 5.608, 6.524, 5.585, 5.075, 5.449, 6.311, 6.522, 6.489, 5.615, 5.578, 3.966, 3.363, 2.202, 1.562, 2.123, 2.719, 3.272, 3.327, 2.85, 2.186, 2.411, 2.662, 2.251, 3.026, 5.496, 8.01, 8.747, 9.987], [3.238, 3.335, 3.839, 3.02, 2.527, 2.238, 3.226, 3.247, 3.554, 4.629, 4.172, 4.188, 5.42, 2.994, 2.413, 2.395, 2.322, 0.0, 3.038, 3.434, 2.831, 2.986, 3.909, 3.141, 3.247, 4.182, 4.196, 3.686, 3.642, 3.708, 5.116, 5.308, 5.492, 6.504, 8.379, 15.455, 25.501, 20.945, 23.943, 20.487, 18.029, 18.76, 19.715, 20.793, 25.066, 21.672, 19.66, 18.276, 6.08, 8.209, 7.045, 10.375, 10.758, 11.394, 11.81, 11.35, 11.472, 11.694, 10.928, 8.959, 8.314, 7.55, 5.819, 5.16, 5.363, 5.896, 5.473, 5.559, 3.589, 6.008, 8.918, 5.696, 3.256, 2.024, 3.618, 3.852, 7.182, 7.023, 6.76, 5.417, 6.092, 5.344, 4.789, 4.788, 5.532, 5.762, 5.754, 4.911, 4.812, 3.046, 3.234, 2.553, 2.453, 2.27, 2.552, 2.638, 1.809, 2.022, 2.567, 2.17, 2.387, 2.282, 2.876, 5.6, 7.922, 8.603, 9.778], [5.258, 4.86, 5.595, 4.486, 4.212, 3.686, 4.713, 5.279, 5.405, 6.815, 6.331, 6.531, 7.681, 5.039, 2.503, 2.622, 3.501, 3.038, 0.0, 1.765, 1.971, 4.074, 5.157, 3.393, 4.215, 5.591, 5.033, 4.434, 4.576, 5.237, 6.42, 6.581, 6.784, 7.897, 9.776, 17.7, 27.999, 23.49, 26.361, 22.64, 20.213, 20.973, 22.224, 23.342, 27.607, 24.129, 22.186, 20.814, 6.683, 8.295, 7.011, 9.32, 9.546, 9.957, 10.075, 9.767, 9.981, 10.26, 9.482, 7.965, 7.682, 7.433, 6.215, 4.215, 3.36, 3.342, 3.163, 3.126, 2.207, 8.461, 10.9, 7.611, 5.1, 3.258, 5.609, 4.509, 5.17, 4.879, 5.087, 3.802, 3.474, 3.068, 2.468, 2.718, 3.17, 3.284, 3.277, 2.429, 2.503, 2.016, 1.524, 1.819, 3.539, 2.296, 2.509, 2.613, 2.846, 2.708, 3.308, 3.853, 2.326, 2.745, 2.677, 3.852, 5.798, 6.507, 7.559], [6.164, 5.772, 6.509, 5.429, 5.096, 4.767, 5.9, 6.084, 6.384, 7.638, 7.174, 7.301, 8.504, 5.778, 3.745, 3.378, 4.265, 3.434, 1.765, 0.0, 1.702, 4.785, 5.308, 3.407, 3.681, 5.037, 4.604, 3.942, 4.17, 5.024, 6.458, 6.695, 6.743, 7.764, 10.169, 18.588, 28.754, 24.233, 27.191, 23.483, 21.056, 21.895, 22.987, 24.103, 28.413, 24.917, 22.931, 21.622, 5.899, 7.205, 5.934, 8.186, 8.356, 8.707, 8.98, 8.598, 8.74, 9.02, 8.331, 6.776, 6.57, 6.543, 5.563, 3.641, 2.446, 2.63, 2.343, 2.489, 2.077, 9.129, 11.766, 8.616, 6.088, 3.237, 6.54, 4.016, 4.32, 4.007, 3.907, 2.926, 2.937, 2.34, 1.991, 2.114, 2.638, 2.617, 2.431, 1.882, 1.958, 2.094, 2.216, 2.718, 4.365, 3.015, 2.735, 2.816, 3.422, 3.455, 4.227, 4.863, 2.835, 3.478, 2.83, 2.814, 4.859, 5.469, 6.593], [4.802, 4.283, 5.04, 4.117, 4.52, 3.268, 4.62, 4.595, 4.842, 6.188, 5.74, 5.865, 6.986, 4.529, 3.168, 2.849, 3.462, 2.831, 1.971, 1.702, 0.0, 3.419, 4.266, 2.646, 2.886, 3.985, 3.658, 2.958, 3.192, 4.023, 5.396, 5.647, 5.749, 6.778, 9.018, 17.215, 27.379, 22.786, 25.816, 22.093, 19.651, 20.501, 21.49, 22.626, 26.932, 23.411, 21.527, 20.168, 5.108, 6.881, 5.579, 8.338, 8.645, 9.297, 9.788, 9.363, 9.228, 9.515, 8.801, 6.836, 6.544, 6.062, 4.709, 3.094, 3.426, 3.744, 3.569, 3.445, 1.698, 8.061, 10.749, 7.084, 4.541, 2.385, 5.011, 3.024, 5.046, 4.909, 4.873, 3.693, 3.961, 3.302, 2.725, 2.825, 3.727, 3.943, 3.874, 3.029, 3.0, 2.116, 2.243, 2.265, 3.067, 2.329, 2.644, 2.685, 2.25, 2.337, 2.895, 3.452, 1.719, 2.496, 2.006, 3.584, 5.804, 6.693, 7.84], [2.849, 3.121, 3.459, 3.709, 4.023, 2.838, 3.405, 2.937, 2.688, 3.952, 3.346, 3.515, 4.372, 3.639, 3.803, 3.714, 3.901, 2.986, 4.074, 4.785, 3.419, 0.0, 1.774, 2.992, 2.912, 2.619, 2.83, 2.61, 2.259, 1.778, 2.668, 2.898, 3.083, 4.244, 6.077, 14.317, 24.55, 20.006, 22.899, 19.221, 16.937, 17.518, 18.713, 19.818, 23.972, 20.589, 18.72, 17.251, 4.738, 7.018, 5.943, 9.283, 9.961, 11.064, 11.433, 11.125, 10.89, 11.022, 10.251, 8.311, 7.309, 6.403, 4.674, 4.698, 5.998, 6.409, 6.403, 6.27, 4.356, 6.527, 9.337, 5.511, 2.762, 2.296, 2.974, 2.762, 7.208, 7.338, 6.991, 6.011, 6.727, 5.76, 5.572, 5.828, 6.756, 6.957, 6.894, 6.055, 6.052, 4.476, 4.422, 3.564, 3.05, 2.971, 3.402, 3.133, 2.219, 2.609, 2.388, 2.2, 2.894, 3.044, 3.309, 5.604, 8.43, 9.164, 10.391], [3.677, 3.646, 3.788, 4.238, 4.522, 3.588, 4.039, 3.105, 2.639, 3.471, 3.451, 3.273, 4.277, 3.888, 4.476, 4.755, 4.933, 3.909, 5.157, 5.308, 4.266, 1.774, 0.0, 2.958, 2.776, 2.099, 2.906, 2.925, 2.422, 1.477, 1.873, 1.934, 2.074, 3.385, 5.385, 13.975, 24.274, 19.771, 22.753, 18.915, 16.503, 17.388, 18.538, 19.66, 23.969, 20.479, 18.411, 17.188, 4.869, 7.118, 5.866, 9.365, 10.329, 11.434, 11.672, 11.472, 11.04, 11.024, 10.616, 8.466, 7.346, 6.134, 4.434, 4.8, 6.035, 6.521, 6.564, 6.408, 4.509, 6.306, 9.059, 5.675, 2.803, 3.09, 2.672, 3.093, 7.361, 7.77, 7.4, 6.23, 6.748, 5.842, 5.871, 6.019, 6.912, 7.21, 7.079, 6.305, 6.345, 4.991, 5.452, 4.889, 4.42, 3.989, 4.095, 3.823, 2.949, 3.42, 2.981, 3.087, 3.909, 4.243, 4.375, 6.387, 8.916, 9.543, 10.695], [4.452, 4.317, 4.831, 3.824, 3.99, 2.892, 4.074, 4.765, 4.615, 5.913, 5.49, 5.621, 6.858, 4.363, 3.12, 3.796, 4.145, 3.141, 3.393, 3.407, 2.646, 2.992, 2.958, 0.0, 1.618, 2.994, 2.61, 2.366, 2.076, 2.915, 4.213, 4.203, 4.108, 5.266, 8.087, 16.697, 27.108, 22.611, 25.573, 21.634, 19.253, 20.169, 21.368, 22.502, 26.826, 23.283, 21.253, 20.039, 5.525, 7.58, 6.352, 9.315, 9.604, 10.158, 10.437, 10.135, 10.082, 10.324, 9.652, 7.753, 7.141, 6.652, 4.927, 3.51, 3.912, 4.16, 4.098, 3.915, 2.038, 7.678, 10.191, 6.952, 4.278, 2.202, 4.636, 2.849, 5.256, 5.636, 5.517, 4.19, 4.199, 3.683, 3.305, 3.242, 4.166, 4.599, 4.392, 3.856, 4.09, 2.952, 3.958, 3.707, 3.901, 2.841, 2.774, 2.501, 2.096, 2.574, 2.91, 3.25, 2.993, 3.528, 3.406, 4.788, 6.668, 7.396, 8.48], [4.622, 4.523, 4.926, 4.592, 4.698, 3.457, 4.455, 4.609, 4.663, 5.794, 5.391, 5.473, 6.76, 4.689, 4.247, 4.41, 4.669, 3.247, 4.215, 3.681, 2.886, 2.912, 2.776, 1.618, 0.0, 2.063, 1.687, 1.453, 1.474, 2.531, 4.031, 4.003, 3.628, 4.724, 7.947, 16.591, 26.881, 22.403, 25.342, 21.525, 19.135, 20.042, 21.161, 22.274, 26.573, 23.105, 21.026, 19.792, 4.258, 6.305, 5.044, 8.148, 8.63, 9.553, 10.004, 9.73, 9.463, 9.587, 9.08, 6.959, 5.847, 5.301, 3.628, 2.694, 3.546, 4.184, 4.079, 3.862, 2.45, 7.653, 10.41, 7.069, 4.398, 2.406, 4.675, 2.254, 5.159, 5.302, 5.2, 3.818, 4.209, 3.792, 3.831, 3.617, 4.552, 5.073, 4.918, 4.447, 4.719, 3.628, 4.495, 4.326, 4.37, 3.516, 3.443, 3.31, 2.403, 2.841, 3.303, 3.47, 3.332, 4.079, 3.811, 4.754, 6.458, 7.039, 8.155], [4.824, 4.911, 5.188, 5.442, 5.974, 4.8, 5.248, 4.245, 3.944, 5.201, 4.919, 4.809, 5.574, 5.199, 5.693, 5.415, 5.356, 4.182, 5.591, 5.037, 3.985, 2.619, 2.099, 2.994, 2.063, 0.0, 1.741, 1.755, 1.88, 1.692, 3.146, 3.118, 2.699, 3.721, 7.025, 15.616, 25.657, 21.043, 24.045, 20.69, 18.252, 18.897, 19.799, 20.822, 24.995, 21.719, 19.798, 18.207, 3.307, 5.465, 4.29, 7.558, 8.518, 9.673, 10.097, 9.753, 9.435, 9.506, 8.867, 6.881, 6.013, 4.823, 3.133, 3.727, 4.83, 5.502, 5.467, 5.221, 3.875, 7.718, 10.858, 7.089, 4.272, 3.235, 4.327, 2.456, 6.292, 6.234, 5.824, 4.991, 5.726, 4.984, 5.261, 5.256, 6.153, 6.655, 6.526, 6.003, 6.239, 5.099, 5.64, 5.307, 4.717, 4.304, 4.727, 4.555, 3.36, 4.343, 4.22, 4.168, 4.11, 4.662, 4.407, 5.131, 7.315, 7.992, 9.226], [4.385, 4.4, 4.917, 5.243, 5.998, 4.424, 5.329, 4.734, 4.672, 6.143, 5.462, 5.636, 6.531, 5.716, 5.215, 4.875, 5.093, 4.196, 5.033, 4.604, 3.658, 2.83, 2.906, 2.61, 1.687, 1.741, 0.0, 1.328, 1.403, 2.125, 3.727, 3.743, 3.226, 4.258, 7.594, 16.235, 26.413, 21.954, 24.768, 21.28, 18.867, 19.47, 20.647, 21.772, 25.979, 22.609, 20.608, 19.203, 3.263, 5.273, 3.987, 6.949, 7.728, 8.857, 9.005, 8.811, 8.398, 8.434, 7.818, 5.864, 5.071, 4.283, 2.729, 2.757, 3.828, 4.556, 4.503, 4.318, 3.347, 8.728, 11.744, 7.878, 5.095, 3.295, 5.192, 1.891, 5.124, 5.302, 4.781, 3.832, 4.745, 4.212, 4.697, 4.424, 5.544, 6.018, 5.911, 5.509, 5.748, 4.581, 5.188, 4.663, 4.243, 4.035, 4.317, 4.239, 3.397, 3.911, 3.67, 3.872, 3.407, 4.005, 3.625, 4.37, 6.555, 7.04, 8.299], [4.445, 4.228, 4.631, 4.85, 5.472, 4.001, 4.984, 4.583, 4.423, 5.878, 5.202, 5.465, 6.499, 5.294, 4.768, 4.555, 4.881, 3.686, 4.434, 3.942, 2.958, 2.61, 2.925, 2.366, 1.453, 1.755, 1.328, 0.0, 1.349, 2.296, 3.857, 3.865, 3.498, 4.535, 7.849, 16.474, 26.645, 22.178, 25.002, 21.402, 19.032, 19.697, 20.882, 22.017, 26.181, 22.802, 20.843, 19.451, 3.484, 5.637, 4.414, 7.501, 8.035, 9.086, 9.371, 9.201, 8.923, 8.994, 8.297, 6.378, 5.457, 4.746, 3.022, 2.64, 3.783, 4.341, 4.355, 4.22, 2.815, 8.354, 11.322, 7.478, 4.678, 2.832, 4.827, 1.731, 5.182, 5.134, 4.865, 3.891, 4.549, 3.865, 4.076, 4.038, 4.982, 5.485, 5.323, 4.815, 5.036, 3.921, 4.595, 4.224, 4.024, 3.587, 3.758, 3.76, 2.875, 3.491, 3.376, 3.4, 3.068, 3.8, 3.37, 4.03, 6.356, 6.923, 8.111], [3.697, 3.678, 4.19, 4.572, 5.27, 3.726, 4.715, 4.309, 4.195, 5.463, 4.756, 4.946, 6.03, 5.069, 4.582, 4.412, 4.573, 3.642, 4.576, 4.17, 3.192, 2.259, 2.422, 2.076, 1.474, 1.88, 1.403, 1.349, 0.0, 1.548, 3.143, 3.183, 3.058, 3.984, 6.914, 15.555, 25.795, 21.342, 24.269, 20.578, 18.361, 19.062, 20.1, 21.211, 25.495, 22.052, 19.957, 18.709, 3.883, 5.939, 4.637, 7.666, 8.278, 9.297, 9.621, 9.413, 9.041, 9.155, 8.606, 6.484, 5.451, 4.914, 3.23, 2.961, 4.435, 4.958, 5.037, 4.879, 3.037, 7.876, 10.881, 7.234, 4.452, 2.913, 4.43, 1.414, 5.533, 5.92, 5.415, 4.585, 5.14, 4.149, 4.36, 4.407, 5.317, 5.914, 5.717, 5.056, 5.244, 4.044, 4.697, 4.183, 3.685, 3.598, 3.804, 3.651, 2.779, 3.227, 2.921, 3.122, 2.754, 3.179, 3.045, 4.571, 7.096, 7.757, 8.967], [3.528, 3.951, 4.343, 4.84, 5.265, 4.132, 4.704, 3.683, 3.463, 4.479, 4.11, 3.989, 4.8, 4.555, 5.057, 4.879, 4.889, 3.708, 5.237, 5.024, 4.023, 1.778, 1.477, 2.915, 2.531, 1.692, 2.125, 2.296, 1.548, 0.0, 1.973, 2.149, 2.294, 3.036, 5.752, 14.34, 24.459, 19.99, 22.9, 19.434, 17.151, 17.691, 18.699, 19.833, 24.128, 20.658, 18.656, 17.336, 3.875, 5.995, 4.865, 8.302, 9.211, 10.418, 10.656, 10.384, 9.969, 9.974, 9.461, 7.39, 6.336, 5.26, 3.518, 4.351, 5.695, 6.218, 6.289, 6.158, 4.203, 7.039, 10.152, 6.419, 3.618, 2.903, 3.566, 2.057, 6.923, 7.182, 6.528, 5.758, 6.526, 5.495, 5.635, 5.772, 6.673, 7.08, 6.911, 6.169, 6.182, 4.802, 5.326, 4.798, 4.082, 3.948, 4.321, 4.112, 2.901, 3.742, 3.551, 3.411, 3.376, 3.684, 3.56, 5.566, 8.359, 8.971, 10.216], [4.259, 4.566, 4.96, 5.568, 5.897, 4.947, 5.392, 3.785, 3.212, 3.957, 4.034, 3.811, 4.886, 5.187, 5.831, 5.99, 6.078, 5.116, 6.42, 6.458, 5.396, 2.668, 1.873, 4.213, 4.031, 3.146, 3.727, 3.857, 3.143, 1.973, 0.0, 0.915, 1.379, 1.927, 4.114, 12.72, 22.967, 18.476, 21.45, 17.624, 15.65, 16.108, 17.237, 18.362, 22.685, 19.161, 17.134, 15.895, 4.328, 6.609, 5.685, 9.592, 10.934, 12.197, 12.405, 12.092, 11.289, 11.371, 11.051, 8.837, 7.814, 5.717, 4.474, 5.868, 7.285, 7.704, 7.734, 7.655, 5.663, 7.126, 9.725, 6.748, 3.629, 4.192, 3.467, 3.502, 8.399, 8.818, 8.333, 7.433, 7.958, 6.965, 6.937, 7.149, 8.038, 8.399, 8.263, 7.494, 7.447, 6.061, 6.574, 5.875, 5.385, 5.215, 5.338, 5.066, 4.106, 4.642, 4.4, 4.24, 4.837, 4.982, 5.019, 7.237, 9.952, 10.652, 11.877], [4.662, 4.749, 5.072, 5.714, 6.012, 5.116, 5.534, 3.984, 3.329, 3.979, 4.193, 3.896, 5.0, 5.32, 5.973, 6.208, 6.321, 5.308, 6.581, 6.695, 5.647, 2.898, 1.934, 4.203, 4.003, 3.118, 3.743, 3.865, 3.183, 2.149, 0.915, 0.0, 0.943, 1.749, 4.105, 12.715, 23.018, 18.524, 21.495, 17.66, 15.392, 16.147, 17.284, 18.41, 22.724, 19.217, 17.167, 15.938, 4.516, 6.991, 5.944, 9.804, 11.084, 12.344, 12.519, 12.249, 11.503, 11.549, 11.245, 9.02, 7.941, 5.933, 4.693, 5.84, 7.264, 7.688, 7.746, 7.652, 5.724, 7.147, 9.76, 6.873, 3.786, 4.429, 3.589, 3.738, 8.365, 8.831, 8.342, 7.436, 7.902, 6.885, 6.965, 7.092, 7.978, 8.452, 8.282, 7.593, 7.647, 6.274, 6.789, 6.164, 5.665, 5.422, 5.534, 5.27, 4.356, 4.877, 4.482, 4.375, 5.086, 5.314, 5.358, 7.277, 9.924, 10.627, 11.865], [5.022, 4.986, 5.219, 5.899, 6.24, 5.353, 5.786, 4.13, 3.526, 4.244, 4.312, 4.064, 5.218, 5.515, 6.224, 6.378, 6.513, 5.492, 6.784, 6.743, 5.749, 3.083, 2.074, 4.108, 3.628, 2.699, 3.226, 3.498, 3.058, 2.294, 1.379, 0.943, 0.0, 1.804, 4.684, 13.29, 23.534, 19.056, 22.025, 18.231, 15.901, 16.707, 17.811, 18.928, 23.214, 19.756, 17.682, 16.436, 4.301, 6.743, 5.658, 9.394, 10.53, 11.763, 11.963, 11.688, 11.132, 11.074, 10.744, 8.557, 7.47, 5.593, 4.224, 5.287, 6.661, 7.273, 7.248, 7.103, 5.5, 7.38, 10.046, 7.111, 4.046, 4.55, 3.849, 3.75, 7.844, 8.199, 7.77, 6.904, 7.389, 6.596, 6.939, 6.894, 7.802, 8.375, 8.273, 7.665, 7.788, 6.452, 6.976, 6.393, 5.836, 5.593, 5.678, 5.407, 4.528, 5.056, 4.673, 4.565, 5.284, 5.517, 5.552, 7.192, 9.402, 10.045, 11.265], [5.812, 6.275, 6.681, 7.297, 7.618, 6.655, 7.097, 5.379, 4.936, 5.305, 5.776, 5.385, 6.317, 6.843, 7.536, 7.555, 7.635, 6.504, 7.897, 7.764, 6.778, 4.244, 3.385, 5.266, 4.724, 3.721, 4.258, 4.535, 3.984, 3.036, 1.927, 1.749, 1.804, 0.0, 3.69, 12.266, 22.491, 18.067, 20.985, 17.35, 15.512, 15.743, 16.796, 17.916, 22.156, 18.756, 16.708, 15.403, 4.742, 6.855, 5.916, 9.71, 11.18, 12.393, 12.613, 12.25, 11.441, 11.564, 11.181, 9.031, 7.967, 5.779, 4.625, 6.242, 7.655, 8.24, 8.341, 8.174, 6.53, 8.335, 10.996, 8.293, 5.304, 5.535, 4.949, 4.3, 8.812, 9.184, 8.656, 7.771, 8.477, 7.625, 8.02, 7.96, 8.892, 9.488, 9.39, 8.729, 8.812, 7.489, 8.08, 7.496, 6.897, 6.687, 6.938, 6.628, 5.558, 6.344, 5.994, 5.833, 6.174, 6.464, 6.233, 8.168, 10.425, 11.01, 12.274], [6.976, 7.519, 7.875, 8.595, 8.85, 8.029, 8.383, 6.861, 6.151, 5.998, 6.907, 6.514, 6.999, 8.106, 8.841, 8.971, 8.984, 8.379, 9.776, 10.169, 9.018, 6.077, 5.385, 8.087, 7.947, 7.025, 7.594, 7.849, 6.914, 5.752, 4.114, 4.105, 4.684, 3.69, 0.0, 8.744, 19.048, 14.675, 17.557, 14.1, 13.219, 12.798, 13.493, 14.486, 18.763, 15.358, 13.205, 12.196, 7.948, 9.666, 9.059, 12.885, 14.466, 15.678, 15.944, 15.475, 14.718, 14.92, 14.385, 12.269, 11.137, 8.843, 7.87, 9.635, 11.196, 11.655, 11.728, 11.638, 9.664, 8.334, 10.43, 8.903, 6.599, 7.707, 6.072, 6.856, 12.192, 12.77, 12.188, 11.251, 11.857, 10.814, 10.652, 10.927, 11.833, 12.114, 12.031, 11.212, 11.224, 9.769, 10.038, 9.207, 8.395, 8.566, 8.706, 8.629, 7.714, 7.947, 7.337, 7.186, 8.057, 8.096, 8.322, 10.938, 13.885, 14.585, 15.835], [12.497, 12.971, 12.266, 13.479, 14.201, 14.199, 13.179, 12.804, 12.601, 11.123, 11.561, 11.414, 10.546, 13.158, 15.459, 15.605, 15.004, 15.455, 17.7, 18.588, 17.215, 14.317, 13.975, 16.697, 16.591, 15.616, 16.235, 16.474, 15.555, 14.34, 12.72, 12.715, 13.29, 12.266, 8.744, 0.0, 10.423, 6.176, 9.004, 7.145, 6.754, 6.495, 5.753, 6.749, 10.195, 6.847, 4.701, 4.862, 16.394, 17.912, 17.558, 21.363, 22.964, 24.174, 24.507, 23.999, 23.252, 23.439, 22.811, 20.716, 19.713, 17.45, 16.475, 18.311, 19.886, 20.34, 20.415, 20.328, 18.35, 9.7, 8.449, 10.464, 12.833, 15.884, 12.291, 15.506, 20.842, 21.42, 20.787, 19.889, 20.52, 19.448, 19.106, 19.534, 20.461, 20.711, 20.638, 19.75, 19.762, 18.033, 17.771, 16.379, 14.69, 16.587, 17.133, 17.088, 15.582, 15.619, 14.516, 13.912, 15.807, 15.384, 15.868, 19.55, 22.548, 23.213, 24.496], [22.788, 23.322, 22.528, 23.683, 24.499, 24.61, 23.448, 22.901, 22.796, 21.293, 21.733, 21.565, 20.618, 23.249, 25.773, 25.71, 24.999, 25.501, 27.999, 28.754, 27.379, 24.55, 24.274, 27.108, 26.881, 25.657, 26.413, 26.645, 25.795, 24.459, 22.967, 23.018, 23.534, 22.491, 19.048, 10.423, 0.0, 4.693, 2.016, 6.11, 8.24, 7.193, 6.012, 5.265, 1.98, 4.945, 6.232, 7.913, 26.298, 27.552, 27.502, 31.151, 32.798, 34.066, 34.419, 33.922, 33.135, 33.365, 32.546, 30.611, 29.784, 27.428, 26.508, 28.621, 30.094, 30.624, 30.642, 30.543, 28.579, 19.736, 18.003, 20.608, 23.075, 26.119, 22.527, 25.635, 31.21, 31.543, 30.863, 30.125, 30.883, 29.833, 29.518, 29.934, 30.835, 31.073, 31.035, 30.15, 30.099, 28.288, 27.962, 26.606, 24.762, 26.655, 27.321, 27.322, 25.82, 25.821, 24.816, 24.267, 25.994, 25.468, 26.05, 29.668, 32.678, 33.365, 34.625], [18.319, 18.851, 18.066, 19.152, 20.024, 20.139, 18.967, 18.346, 18.266, 16.785, 17.236, 17.051, 16.058, 18.776, 21.284, 21.171, 20.442, 20.945, 23.49, 24.233, 22.786, 20.006, 19.771, 22.611, 22.403, 21.043, 21.954, 22.178, 21.342, 19.99, 18.476, 18.524, 19.056, 18.067, 14.675, 6.176, 4.693, 0.0, 3.252, 2.821, 4.321, 3.342, 2.155, 2.02, 4.272, 2.047, 2.822, 4.072, 21.825, 23.425, 23.076, 26.825, 28.439, 29.659, 30.166, 29.501, 28.802, 29.022, 28.368, 26.33, 25.511, 23.084, 22.112, 24.208, 25.635, 26.114, 26.136, 26.016, 24.039, 15.241, 13.659, 16.087, 18.539, 21.579, 18.051, 21.213, 26.741, 27.044, 26.334, 25.68, 26.386, 25.342, 25.042, 25.444, 26.335, 26.564, 26.548, 25.658, 25.609, 23.801, 23.435, 22.088, 20.195, 22.058, 22.745, 22.781, 21.278, 21.324, 20.311, 19.794, 21.555, 21.016, 21.637, 25.085, 28.099, 28.852, 30.123], [21.276, 21.789, 21.015, 22.159, 22.987, 23.077, 21.817, 21.298, 21.13, 19.782, 20.189, 20.048, 18.994, 21.676, 24.17, 24.051, 23.365, 23.943, 26.361, 27.191, 25.816, 22.899, 22.753, 25.573, 25.342, 24.045, 24.768, 25.002, 24.269, 22.9, 21.45, 21.495, 22.025, 20.985, 17.557, 9.004, 2.016, 3.252, 0.0, 4.535, 6.617, 5.514, 4.426, 3.822, 1.994, 3.644, 5.043, 6.493, 24.705, 26.194, 25.934, 29.651, 31.286, 32.569, 32.86, 32.439, 31.721, 31.941, 31.085, 29.169, 28.34, 25.983, 24.989, 27.104, 28.524, 29.065, 29.089, 29.006, 27.048, 18.219, 16.458, 18.994, 21.477, 24.468, 21.0, 24.128, 29.684, 29.896, 29.208, 28.477, 29.351, 28.298, 27.986, 28.399, 29.299, 29.545, 29.5, 28.617, 28.584, 26.77, 26.378, 24.957, 23.099, 24.995, 25.66, 25.671, 24.219, 24.31, 23.279, 22.737, 24.49, 23.954, 24.54, 28.008, 31.021, 31.706, 32.982], [17.602, 17.885, 17.078, 18.324, 19.063, 19.126, 18.026, 17.681, 17.43, 15.941, 16.368, 16.384, 15.385, 17.953, 20.353, 20.622, 20.159, 20.487, 22.64, 23.483, 22.093, 19.221, 18.915, 21.634, 21.525, 20.69, 21.28, 21.402, 20.578, 19.434, 17.624, 17.66, 18.231, 17.35, 14.1, 7.145, 6.11, 2.821, 4.535, 0.0, 2.52, 1.946, 2.119, 1.836, 5.492, 2.302, 3.79, 4.063, 21.741, 23.555, 22.922, 26.842, 28.401, 29.619, 29.848, 29.424, 28.609, 28.778, 28.348, 26.219, 25.045, 22.803, 21.778, 23.336, 24.828, 25.249, 25.287, 25.214, 23.202, 14.536, 12.475, 15.243, 17.68, 20.749, 17.142, 20.64, 25.917, 26.37, 25.877, 24.955, 25.457, 24.411, 24.04, 24.458, 25.382, 25.614, 25.58, 24.69, 24.666, 22.919, 22.64, 21.253, 19.844, 21.636, 22.065, 21.95, 20.435, 20.474, 19.452, 18.886, 20.975, 20.548, 21.0, 24.556, 27.48, 28.202, 29.442], [15.609, 15.592, 14.707, 15.884, 16.645, 16.748, 15.617, 15.259, 14.99, 13.506, 13.951, 13.923, 12.98, 15.511, 17.946, 18.174, 17.765, 18.029, 20.213, 21.056, 19.651, 16.937, 16.503, 19.253, 19.135, 18.252, 18.867, 19.032, 18.361, 17.151, 15.65, 15.392, 15.901, 15.512, 13.219, 6.754, 8.24, 4.321, 6.617, 2.52, 0.0, 1.591, 2.882, 3.625, 7.873, 4.082, 3.812, 3.739, 19.661, 22.09, 21.174, 25.051, 26.309, 27.549, 27.72, 27.463, 26.745, 26.765, 26.484, 24.239, 23.207, 21.17, 19.937, 21.066, 22.425, 22.832, 22.878, 22.801, 20.808, 12.127, 10.102, 12.802, 15.285, 18.346, 14.718, 18.827, 23.604, 23.988, 23.53, 22.565, 23.084, 22.023, 21.671, 22.075, 23.003, 23.221, 23.201, 22.313, 22.249, 20.49, 20.199, 18.88, 17.489, 19.182, 19.615, 19.545, 18.028, 18.034, 17.086, 16.587, 18.639, 18.343, 18.784, 22.171, 25.067, 25.779, 27.026], [15.903, 16.439, 15.606, 16.79, 17.588, 17.67, 16.408, 16.03, 15.776, 14.388, 14.788, 14.741, 13.69, 16.344, 18.76, 18.831, 18.301, 18.76, 20.973, 21.895, 20.501, 17.518, 17.388, 20.169, 20.042, 18.897, 19.47, 19.697, 19.062, 17.691, 16.108, 16.147, 16.707, 15.743, 12.798, 6.495, 7.193, 3.342, 5.514, 1.946, 1.591, 0.0, 2.233, 2.597, 6.793, 3.247, 3.708, 3.305, 19.804, 21.826, 21.085, 24.996, 26.502, 27.775, 27.962, 27.623, 26.861, 27.039, 26.49, 24.459, 23.444, 21.107, 19.97, 21.847, 23.174, 23.692, 23.713, 23.621, 21.649, 13.023, 11.052, 13.624, 16.067, 19.069, 15.672, 19.082, 24.374, 24.643, 24.025, 23.152, 23.972, 22.902, 22.576, 22.998, 23.92, 24.14, 24.12, 23.232, 23.189, 21.408, 20.992, 19.549, 17.933, 19.818, 20.338, 20.277, 18.809, 18.963, 17.949, 17.422, 19.259, 18.853, 19.29, 22.767, 25.763, 26.428, 27.718], [17.066, 17.604, 16.816, 17.91, 18.77, 18.892, 17.689, 17.047, 16.987, 15.535, 15.971, 15.806, 14.716, 17.441, 20.003, 19.865, 19.156, 19.715, 22.224, 22.987, 21.49, 18.713, 18.538, 21.368, 21.161, 19.799, 20.647, 20.882, 20.1, 18.699, 17.237, 17.284, 17.811, 16.796, 13.493, 5.753, 6.012, 2.155, 4.426, 2.119, 2.882, 2.233, 0.0, 1.488, 5.539, 2.291, 2.253, 2.726, 20.523, 22.192, 21.686, 25.552, 27.129, 28.378, 28.827, 28.246, 27.506, 27.788, 27.062, 24.988, 24.254, 21.846, 20.819, 22.933, 24.334, 24.851, 24.879, 24.743, 22.776, 14.028, 12.336, 14.767, 17.257, 20.287, 16.796, 19.991, 25.515, 25.724, 25.033, 24.365, 25.156, 24.099, 23.79, 24.194, 25.104, 25.331, 25.296, 24.41, 24.355, 22.557, 22.123, 20.778, 18.865, 20.769, 21.432, 21.482, 20.004, 20.089, 19.088, 18.536, 20.286, 19.758, 20.333, 23.791, 26.782, 27.528, 28.808], [18.233, 18.753, 17.967, 19.065, 19.919, 20.039, 18.833, 18.191, 18.131, 16.695, 17.128, 16.959, 15.859, 18.567, 21.146, 20.977, 20.172, 20.793, 23.342, 24.103, 22.626, 19.818, 19.66, 22.502, 22.274, 20.822, 21.772, 22.017, 21.211, 19.833, 18.362, 18.41, 18.928, 17.916, 14.486, 6.749, 5.265, 2.02, 3.822, 1.836, 3.625, 2.597, 1.488, 0.0, 4.41, 1.892, 2.983, 3.344, 21.525, 22.874, 22.777, 26.421, 28.091, 29.316, 29.897, 29.215, 28.57, 28.836, 27.977, 26.034, 25.34, 22.878, 21.888, 24.053, 25.457, 25.973, 26.0, 25.872, 23.906, 15.167, 13.493, 15.918, 18.392, 21.418, 17.923, 21.057, 26.608, 26.831, 26.147, 25.482, 26.275, 25.228, 24.936, 25.335, 26.227, 26.454, 26.44, 25.55, 25.503, 23.695, 23.25, 21.903, 20.0, 21.861, 22.534, 22.593, 21.134, 21.217, 20.202, 19.677, 21.408, 20.873, 21.491, 24.896, 27.897, 28.635, 29.929], [22.549, 23.082, 22.29, 23.385, 24.259, 24.376, 23.132, 22.532, 22.375, 21.041, 21.475, 21.306, 20.102, 22.89, 25.455, 25.158, 24.362, 25.066, 27.607, 28.413, 26.932, 23.972, 23.969, 26.826, 26.573, 24.995, 25.979, 26.181, 25.495, 24.128, 22.685, 22.724, 23.214, 22.156, 18.763, 10.195, 1.98, 4.272, 1.994, 5.492, 7.873, 6.793, 5.539, 4.41, 0.0, 4.059, 5.794, 6.905, 25.398, 26.56, 26.945, 30.057, 32.048, 33.405, 33.957, 33.371, 32.639, 32.942, 31.796, 30.123, 29.437, 27.013, 26.079, 28.272, 29.73, 30.288, 30.294, 30.139, 28.193, 19.512, 17.811, 20.237, 22.706, 25.667, 22.26, 25.316, 30.891, 30.93, 30.323, 29.624, 30.587, 29.55, 29.274, 29.66, 30.544, 30.773, 30.764, 29.876, 29.83, 28.019, 27.568, 26.155, 24.219, 25.979, 26.699, 26.78, 25.445, 25.527, 24.511, 23.99, 25.702, 25.144, 25.756, 29.036, 31.981, 32.769, 34.045], [18.996, 19.523, 18.723, 19.843, 20.692, 20.81, 19.599, 18.967, 18.898, 17.46, 17.896, 17.731, 16.582, 19.307, 21.896, 21.785, 21.165, 21.672, 24.129, 24.917, 23.411, 20.589, 20.479, 23.283, 23.105, 21.719, 22.609, 22.802, 22.052, 20.658, 19.161, 19.217, 19.756, 18.756, 15.358, 6.847, 4.945, 2.047, 3.644, 2.302, 4.082, 3.247, 2.291, 1.892, 4.059, 0.0, 2.76, 4.45, 22.58, 24.101, 23.787, 27.582, 29.223, 30.45, 30.86, 30.23, 29.516, 29.763, 29.089, 27.054, 26.184, 23.683, 22.784, 24.893, 26.273, 26.77, 26.803, 26.67, 24.691, 15.976, 14.183, 16.678, 19.161, 22.192, 18.737, 21.898, 27.446, 27.637, 26.99, 26.332, 27.078, 26.021, 25.707, 26.109, 27.025, 27.252, 27.21, 26.338, 26.273, 24.473, 23.996, 22.653, 20.777, 22.66, 23.322, 23.358, 21.912, 22.03, 21.032, 20.463, 22.276, 21.778, 22.324, 25.693, 28.668, 29.448, 30.726], [16.962, 17.48, 16.689, 17.852, 18.668, 18.768, 17.645, 17.05, 16.952, 15.45, 15.915, 15.712, 14.767, 17.421, 19.964, 19.878, 19.158, 19.66, 22.186, 22.931, 21.527, 18.72, 18.411, 21.253, 21.026, 19.798, 20.608, 20.843, 19.957, 18.656, 17.134, 17.167, 17.682, 16.708, 13.205, 4.701, 6.232, 2.822, 5.043, 3.79, 3.812, 3.708, 2.253, 2.983, 5.794, 2.76, 0.0, 2.53, 20.524, 21.832, 21.694, 25.39, 27.039, 28.265, 28.695, 28.124, 27.353, 27.562, 26.825, 24.836, 24.006, 21.633, 20.687, 22.787, 24.297, 24.815, 24.833, 24.728, 22.753, 13.875, 12.12, 14.777, 17.246, 20.29, 16.668, 19.813, 25.367, 25.725, 25.028, 24.318, 25.031, 23.978, 23.674, 24.083, 24.98, 25.208, 25.186, 24.3, 24.256, 22.478, 22.139, 20.788, 18.911, 20.789, 21.468, 21.494, 19.991, 19.998, 18.954, 18.425, 20.183, 19.6, 20.281, 23.809, 26.83, 27.534, 28.823], [15.752, 16.284, 15.493, 16.588, 17.461, 17.578, 16.325, 15.724, 15.586, 14.241, 14.677, 14.509, 13.311, 16.071, 18.65, 18.412, 17.561, 18.276, 20.814, 21.622, 20.168, 17.251, 17.188, 20.039, 19.792, 18.207, 19.203, 19.451, 18.709, 17.336, 15.895, 15.938, 16.436, 15.403, 12.196, 4.862, 7.913, 4.072, 6.493, 4.063, 3.739, 3.305, 2.726, 3.344, 6.905, 4.45, 2.53, 0.0, 18.688, 19.856, 20.176, 23.426, 25.316, 26.68, 27.229, 26.699, 26.036, 26.271, 25.131, 23.469, 22.808, 20.432, 19.39, 21.513, 22.941, 23.504, 23.515, 23.361, 21.425, 12.706, 10.982, 13.43, 15.906, 18.879, 15.462, 18.558, 24.112, 24.206, 23.557, 22.901, 23.807, 22.763, 22.475, 22.873, 23.757, 23.99, 23.977, 23.088, 23.04, 21.235, 20.757, 19.344, 17.41, 19.26, 19.967, 20.037, 18.648, 18.744, 17.727, 17.203, 18.914, 18.345, 18.969, 22.31, 25.272, 26.051, 27.329], [6.265, 6.573, 7.438, 7.849, 8.186, 6.903, 7.548, 5.767, 5.974, 7.344, 6.791, 6.937, 7.647, 8.006, 7.772, 6.877, 6.707, 6.08, 6.683, 5.899, 5.108, 4.738, 4.869, 5.525, 4.258, 3.307, 3.263, 3.484, 3.883, 3.875, 4.328, 4.516, 4.301, 4.742, 7.948, 16.394, 26.298, 21.825, 24.705, 21.741, 19.661, 19.804, 20.523, 21.525, 25.398, 22.58, 20.524, 18.688, 0.0, 2.992, 2.237, 5.611, 7.076, 8.445, 8.992, 8.568, 7.95, 8.132, 7.189, 5.417, 4.771, 3.046, 2.471, 4.154, 4.901, 5.362, 5.557, 5.309, 5.189, 10.177, 13.256, 9.797, 6.803, 5.602, 6.801, 3.352, 5.71, 5.702, 5.095, 4.842, 5.655, 5.494, 5.987, 5.599, 6.473, 6.901, 6.769, 6.877, 7.02, 6.407, 6.74, 6.224, 5.885, 5.887, 6.494, 6.771, 5.781, 6.258, 6.317, 6.082, 5.105, 5.432, 5.1, 4.764, 7.004, 7.624, 8.806], [8.333, 8.705, 9.577, 10.009, 10.403, 9.059, 9.857, 8.299, 8.463, 9.987, 9.43, 9.592, 10.183, 10.22, 9.906, 8.958, 8.829, 8.209, 8.295, 7.205, 6.881, 7.018, 7.118, 7.58, 6.305, 5.465, 5.273, 5.637, 5.939, 5.995, 6.609, 6.991, 6.743, 6.855, 9.666, 17.912, 27.552, 23.425, 26.194, 23.555, 22.09, 21.826, 22.192, 22.874, 26.56, 24.101, 21.832, 19.856, 2.992, 0.0, 1.814, 3.854, 5.667, 6.975, 7.535, 6.971, 6.379, 6.67, 5.506, 3.925, 3.477, 2.696, 3.797, 5.154, 5.582, 6.259, 6.399, 6.197, 6.894, 12.769, 15.92, 12.086, 9.342, 7.862, 9.369, 5.114, 4.955, 5.133, 4.805, 5.433, 6.255, 6.652, 7.414, 7.054, 7.893, 8.109, 7.879, 8.233, 8.466, 8.484, 8.487, 8.226, 8.014, 8.136, 8.74, 8.956, 7.933, 8.437, 8.41, 8.218, 7.074, 7.416, 7.064, 6.071, 7.154, 7.389, 8.334], [7.2, 7.476, 8.366, 8.853, 9.347, 7.931, 8.639, 7.112, 7.274, 8.847, 8.253, 8.369, 9.057, 9.198, 8.591, 7.639, 7.592, 7.045, 7.011, 5.934, 5.579, 5.943, 5.866, 6.352, 5.044, 4.29, 3.987, 4.414, 4.637, 4.865, 5.685, 5.944, 5.658, 5.916, 9.059, 17.558, 27.502, 23.076, 25.934, 22.922, 21.174, 21.085, 21.686, 22.777, 26.945, 23.787, 21.694, 20.176, 2.237, 1.814, 0.0, 4.014, 5.509, 6.8, 7.267, 6.761, 6.065, 6.417, 5.558, 3.608, 2.9, 1.682, 2.228, 3.723, 4.251, 5.015, 5.189, 4.87, 5.502, 11.653, 14.737, 11.062, 8.229, 6.761, 8.206, 4.028, 4.331, 4.397, 3.873, 4.082, 5.062, 5.543, 6.235, 5.754, 6.647, 6.906, 6.672, 7.058, 7.246, 7.167, 7.217, 6.976, 6.795, 6.894, 7.434, 7.699, 6.835, 7.181, 7.075, 7.032, 5.766, 6.131, 5.724, 4.881, 6.417, 6.674, 7.619], [10.488, 10.618, 11.537, 11.917, 12.691, 11.11, 11.919, 10.845, 11.069, 12.571, 11.884, 12.058, 12.604, 12.432, 11.348, 10.043, 10.371, 10.375, 9.32, 8.186, 8.338, 9.283, 9.365, 9.315, 8.148, 7.558, 6.949, 7.501, 7.666, 8.302, 9.592, 9.804, 9.394, 9.71, 12.885, 21.363, 31.151, 26.825, 29.651, 26.842, 25.051, 24.996, 25.552