[[0.0, 1.062, 1.98, 4.894, 3.016, 2.426, 2.253, 2.226, 5.076, 7.001, 5.639, 5.8, 7.25, 7.207, 5.162, 2.204, 1.387, 2.096, 2.526, 3.137, 2.428, 2.042, 2.224, 2.272, 3.114, 3.706, 3.447, 4.013, 4.66, 5.906, 4.481, 3.778, 4.017, 5.367, 7.145, 6.343, 5.213, 5.359, 5.921, 6.281, 6.499, 5.672, 5.997, 6.434, 7.662, 7.77, 7.726, 7.687, 9.283, 12.338, 13.109, 11.911, 9.538, 10.051, 11.286, 9.857, 7.321, 7.457, 8.844, 9.282, 7.141, 5.372, 6.117, 8.227, 7.889, 7.367, 8.96, 8.839, 6.949, 5.579, 5.141, 3.317, 2.747, 2.631, 1.906, 2.185, 2.919, 3.706, 4.11, 4.754, 5.359, 5.439, 5.303, 4.656, 4.634, 5.159, 5.215, 5.07, 4.765, 4.556, 4.581, 4.848, 4.231, 4.106, 2.784, 2.803, 2.968, 2.695, 2.572, 3.011, 3.269, 2.726, 2.717, 3.294, 2.195, 2.476, 2.481, 2.382, 2.106, 2.529, 4.613, 4.419, 3.151, 2.87, 2.456, 2.478, 5.524, 9.343, 10.375, 10.043, 9.932, 9.525, 7.637, 5.929, 5.576, 5.664, 5.943, 7.097, 8.155, 8.449, 8.488, 7.558, 7.067, 7.002, 7.056, 6.386, 5.906, 5.208, 3.739, 3.5, 4.292, 5.661, 6.533, 7.378, 6.695, 5.711, 6.676, 5.915, 2.514, 2.656, 2.314, 2.815, 3.628, 3.858, 4.456, 4.948, 4.834, 5.972, 6.027, 6.143, 5.586, 5.818, 5.107, 5.165, 5.369, 5.473, 4.175, 5.88, 3.829, 1.811, 3.661, 4.579, 2.683, 2.017, 2.507, 3.485, 4.053, 4.365, 3.59, 3.1, 5.344, 7.037, 7.232, 7.587, 8.181, 8.966, 8.76, 7.772, 7.463, 8.516, 9.64, 8.895, 7.273, 5.976, 5.084, 4.526, 4.885, 3.719, 2.846, 2.502, 2.611, 2.56, 5.051, 5.088, 4.419, 4.654], [1.062, 0.0, 2.393, 5.563, 2.971, 2.277, 2.169, 1.86, 4.257, 6.187, 4.837, 4.98, 6.473, 6.395, 4.347, 1.638, 1.416, 1.939, 2.231, 3.088, 2.48, 2.149, 1.962, 2.235, 2.81, 3.307, 2.93, 3.64, 4.505, 5.812, 4.245, 3.694, 4.122, 5.86, 7.807, 6.875, 5.906, 6.157, 6.723, 7.072, 7.136, 6.443, 6.707, 7.12, 8.342, 8.47, 8.235, 8.394, 9.964, 13.016, 13.798, 12.653, 10.28, 10.749, 12.041, 10.648, 8.056, 8.168, 9.61, 9.991, 7.85, 6.05, 6.792, 8.895, 8.558, 8.038, 9.669, 9.606, 7.584, 6.354, 5.824, 3.839, 2.737, 2.242, 1.938, 2.127, 2.524, 3.33, 3.826, 4.643, 5.128, 5.049, 4.888, 4.296, 4.362, 4.911, 4.951, 4.759, 4.508, 4.155, 3.948, 4.26, 3.774, 3.753, 2.897, 3.263, 3.572, 3.324, 2.904, 3.576, 3.656, 3.095, 3.283, 3.599, 2.295, 1.933, 1.89, 1.77, 1.805, 1.954, 3.832, 3.765, 2.757, 2.357, 2.06, 1.83, 4.747, 8.575, 9.58, 9.33, 9.226, 8.775, 6.818, 5.227, 4.752, 4.842, 5.224, 6.321, 7.455, 7.76, 7.816, 6.879, 6.35, 6.284, 6.301, 5.672, 5.192, 4.445, 3.06, 2.926, 3.576, 4.933, 5.714, 6.587, 5.972, 4.963, 6.003, 5.243, 1.933, 2.226, 1.874, 2.957, 4.033, 4.001, 4.422, 4.897, 5.089, 6.282, 6.424, 6.253, 5.55, 5.641, 4.761, 4.824, 5.03, 5.112, 4.669, 6.598, 4.538, 2.068, 4.209, 5.337, 3.079, 1.783, 2.649, 3.628, 3.465, 3.773, 2.9, 2.427, 4.626, 6.342, 6.601, 6.93, 7.374, 8.181, 8.011, 7.148, 6.801, 7.79, 8.91, 8.116, 6.537, 5.379, 4.609, 3.942, 4.328, 3.154, 3.159, 2.827, 2.079, 2.108, 5.113, 5.144, 4.119, 4.575], [1.98, 2.393, 0.0, 3.304, 1.941, 2.18, 1.968, 3.037, 6.498, 8.285, 6.867, 7.009, 8.348, 8.429, 6.404, 3.518, 2.048, 2.766, 3.447, 3.073, 2.06, 1.756, 2.338, 2.55, 3.112, 3.838, 3.854, 3.991, 4.198, 5.324, 4.058, 3.423, 3.503, 4.225, 5.931, 5.147, 4.258, 4.241, 4.906, 5.3, 5.794, 4.631, 4.593, 4.972, 6.097, 6.248, 6.55, 6.376, 7.79, 10.76, 11.568, 10.498, 8.491, 8.732, 9.905, 8.578, 6.004, 6.47, 7.527, 7.979, 5.766, 3.99, 4.591, 6.701, 6.309, 5.825, 7.474, 7.624, 6.125, 4.695, 3.883, 2.558, 2.34, 2.697, 1.574, 1.652, 2.791, 3.6, 3.709, 4.237, 4.68, 4.66, 4.83, 4.597, 4.846, 5.607, 5.353, 4.788, 4.251, 4.428, 5.0, 4.939, 4.058, 3.702, 2.215, 2.083, 1.757, 1.672, 1.232, 2.014, 2.546, 1.753, 1.558, 2.228, 1.777, 3.436, 3.58, 2.561, 2.063, 3.529, 5.81, 5.643, 3.976, 3.33, 2.521, 2.626, 7.006, 10.86, 11.835, 11.498, 11.471, 11.071, 8.99, 7.045, 6.926, 7.049, 7.517, 8.646, 9.759, 10.067, 10.132, 9.205, 8.662, 8.538, 8.544, 7.718, 7.419, 6.652, 5.01, 4.462, 5.813, 7.187, 7.856, 8.646, 8.26, 7.138, 8.325, 7.566, 3.208, 2.615, 2.258, 2.264, 3.082, 3.352, 4.077, 4.53, 4.2, 5.105, 5.23, 5.374, 5.03, 5.298, 4.544, 4.43, 4.634, 4.711, 3.37, 4.509, 2.505, 1.669, 2.951, 3.696, 2.548, 2.319, 2.376, 2.801, 3.984, 5.536, 4.991, 4.453, 6.887, 8.626, 8.622, 9.013, 9.439, 10.158, 9.919, 8.823, 8.531, 9.62, 10.853, 10.326, 8.778, 7.403, 5.925, 5.2, 5.523, 4.388, 2.469, 1.895, 3.076, 2.443, 4.229, 4.544, 4.51, 4.388], [4.894, 5.563, 3.304, 0.0, 3.038, 4.562, 3.96, 5.766, 9.61, 11.425, 9.779, 10.023, 11.395, 11.292, 9.373, 6.691, 5.239, 5.743, 6.6, 5.592, 4.035, 4.404, 5.133, 5.306, 5.275, 6.275, 6.844, 6.724, 5.449, 6.331, 5.485, 5.42, 4.583, 4.571, 5.313, 4.318, 4.406, 3.909, 4.724, 4.788, 5.443, 4.61, 3.13, 3.884, 4.283, 5.392, 6.001, 5.363, 5.635, 7.918, 9.399, 8.534, 6.917, 6.845, 7.938, 6.995, 5.47, 5.568, 6.511, 6.149, 4.417, 3.499, 2.685, 4.079, 4.187, 4.25, 5.696, 6.451, 5.642, 4.29, 3.265, 3.184, 4.376, 5.228, 4.265, 3.905, 5.177, 6.254, 5.452, 5.312, 5.78, 5.796, 6.579, 6.66, 6.995, 8.144, 7.688, 6.406, 5.637, 6.794, 7.844, 7.452, 6.784, 6.062, 4.562, 3.154, 2.472, 2.719, 2.866, 2.553, 2.686, 2.96, 3.122, 2.552, 4.166, 6.628, 6.621, 5.155, 4.915, 6.369, 8.663, 8.77, 7.122, 6.438, 5.423, 5.513, 10.197, 14.053, 14.946, 14.611, 14.613, 14.236, 12.107, 10.139, 10.02, 10.155, 10.7, 11.799, 12.945, 13.238, 13.291, 12.38, 11.853, 11.742, 11.728, 10.942, 10.605, 9.849, 8.189, 7.618, 8.983, 10.373, 10.922, 11.723, 11.431, 10.201, 11.52, 10.734, 6.372, 5.339, 5.119, 4.256, 4.305, 4.514, 5.333, 5.569, 5.029, 5.783, 5.886, 6.226, 5.944, 6.341, 5.849, 5.758, 5.753, 5.829, 4.016, 2.156, 1.927, 4.302, 3.406, 3.484, 4.149, 5.187, 3.983, 4.226, 6.428, 8.679, 8.143, 7.653, 10.058, 11.795, 11.785, 12.196, 12.427, 13.048, 12.921, 11.975, 11.472, 12.425, 13.592, 13.281, 11.952, 10.471, 8.259, 7.669, 7.848, 6.649, 2.78, 3.452, 6.199, 5.187, 5.166, 5.51, 6.998, 6.146], [3.016, 2.971, 1.941, 3.038, 0.0, 1.914, 1.848, 3.222, 6.804, 8.681, 7.147, 7.413, 8.763, 8.758, 6.762, 3.902, 3.087, 3.727, 4.03, 3.601, 2.324, 2.196, 2.285, 2.961, 2.816, 3.37, 4.0, 3.891, 3.751, 5.072, 3.759, 3.283, 3.547, 4.362, 5.931, 5.286, 4.786, 4.259, 5.09, 5.187, 5.89, 4.957, 4.208, 4.853, 5.797, 6.28, 6.831, 6.353, 7.421, 10.466, 11.287, 10.258, 8.294, 8.546, 9.611, 8.326, 6.174, 6.326, 7.302, 7.576, 5.498, 3.734, 4.401, 6.393, 6.058, 5.52, 7.26, 7.462, 6.218, 4.762, 3.809, 2.963, 2.137, 2.434, 1.897, 2.047, 2.559, 3.589, 3.124, 3.865, 3.939, 4.031, 4.274, 4.122, 4.355, 5.318, 4.866, 4.066, 3.866, 4.031, 4.853, 4.667, 4.159, 4.238, 3.47, 2.672, 2.488, 2.568, 1.732, 2.855, 3.0, 2.446, 2.614, 1.511, 1.575, 3.654, 3.679, 2.399, 2.534, 3.638, 6.01, 5.945, 4.344, 3.739, 2.78, 3.122, 7.272, 11.148, 12.131, 11.8, 11.704, 11.344, 9.317, 7.439, 7.306, 7.338, 7.786, 8.875, 10.023, 10.316, 10.349, 9.441, 8.904, 8.835, 8.814, 8.197, 7.709, 6.991, 5.293, 4.731, 6.088, 7.477, 8.224, 9.032, 8.531, 7.397, 8.567, 7.773, 3.544, 2.664, 2.641, 2.943, 3.679, 3.526, 3.991, 4.322, 4.481, 5.662, 5.793, 5.534, 4.832, 4.739, 3.875, 3.815, 3.915, 4.025, 3.559, 4.038, 2.347, 2.881, 3.33, 3.907, 3.501, 3.157, 2.981, 3.758, 3.784, 5.75, 5.244, 4.698, 7.203, 8.913, 8.959, 9.339, 9.789, 10.452, 10.221, 9.143, 8.769, 9.903, 11.111, 10.511, 9.061, 7.628, 5.579, 5.068, 5.493, 4.415, 2.307, 2.432, 3.302, 2.924, 4.657, 4.538, 4.279, 4.203], [2.426, 2.277, 2.18, 4.562, 1.914, 0.0, 1.358, 2.219, 5.44, 7.232, 5.89, 5.908, 7.28, 7.374, 5.367, 2.766, 2.631, 3.343, 3.423, 3.615, 2.918, 2.288, 2.061, 2.815, 3.342, 3.563, 3.761, 4.004, 4.688, 6.063, 4.586, 4.102, 4.438, 5.438, 7.469, 6.809, 5.938, 5.673, 6.259, 6.504, 7.239, 6.076, 5.89, 6.516, 7.45, 7.642, 8.109, 7.768, 9.058, 11.978, 12.839, 11.824, 9.612, 9.865, 11.101, 9.699, 7.464, 7.764, 8.847, 9.129, 7.158, 5.128, 5.805, 7.84, 7.432, 6.987, 8.614, 8.874, 7.558, 6.162, 5.417, 3.987, 2.822, 2.47, 2.051, 2.468, 2.602, 3.173, 4.002, 4.939, 5.122, 4.802, 4.473, 3.803, 4.008, 4.562, 4.432, 4.666, 4.711, 4.032, 4.432, 4.718, 4.12, 4.494, 3.569, 3.627, 3.489, 3.105, 2.49, 3.62, 3.765, 3.048, 3.007, 2.848, 2.119, 2.709, 2.641, 2.54, 2.598, 2.603, 4.832, 4.651, 3.085, 2.409, 2.119, 3.065, 5.877, 9.735, 10.726, 10.412, 10.392, 9.901, 7.954, 6.181, 5.886, 5.959, 6.384, 7.462, 8.588, 8.911, 8.897, 7.987, 7.544, 7.445, 7.429, 6.607, 6.251, 5.669, 4.081, 3.729, 4.622, 6.012, 6.766, 7.632, 7.129, 6.095, 7.135, 6.383, 2.683, 2.557, 2.637, 3.46, 4.552, 4.33, 4.838, 5.227, 5.466, 6.584, 6.741, 6.55, 5.86, 5.72, 4.676, 4.565, 4.963, 5.078, 4.654, 5.715, 3.975, 2.948, 4.284, 5.183, 4.036, 3.036, 3.573, 4.345, 3.958, 4.561, 4.199, 3.403, 5.777, 7.496, 7.643, 7.862, 8.39, 9.155, 8.892, 7.742, 7.508, 8.709, 9.953, 9.187, 7.634, 6.355, 4.478, 3.9, 4.373, 3.561, 2.744, 3.371, 2.939, 3.041, 5.403, 5.444, 4.705, 5.038], [2.253, 2.169, 1.968, 3.96, 1.848, 1.358, 0.0, 2.138, 5.893, 7.748, 6.166, 6.44, 7.822, 7.699, 5.76, 3.076, 2.728, 3.358, 3.635, 4.05, 3.219, 2.559, 2.515, 3.127, 3.739, 4.061, 4.115, 4.319, 5.088, 6.417, 4.946, 4.412, 4.74, 5.511, 7.152, 6.422, 5.939, 5.563, 6.258, 6.523, 7.202, 6.097, 5.361, 5.982, 6.814, 7.335, 8.088, 7.727, 8.478, 11.354, 12.326, 11.385, 9.572, 9.86, 10.916, 9.582, 7.421, 7.685, 8.593, 8.664, 6.599, 4.948, 5.291, 7.273, 6.975, 6.672, 8.535, 8.821, 7.546, 6.102, 5.137, 4.003, 3.266, 2.838, 2.209, 2.656, 3.046, 3.721, 4.408, 5.299, 5.368, 5.158, 5.096, 4.491, 4.632, 5.197, 5.152, 5.152, 5.163, 4.593, 4.801, 4.966, 4.506, 4.698, 3.678, 3.581, 2.606, 2.674, 2.296, 2.844, 2.806, 2.72, 3.081, 2.433, 2.215, 3.1, 2.848, 2.515, 2.699, 2.664, 5.018, 5.04, 3.442, 2.83, 2.356, 3.114, 6.403, 10.242, 11.201, 10.879, 10.788, 10.425, 8.419, 6.495, 6.383, 6.412, 6.89, 7.97, 9.152, 9.46, 9.483, 8.573, 8.043, 7.944, 7.945, 7.252, 6.797, 6.052, 4.45, 4.202, 5.167, 6.544, 7.281, 8.07, 7.631, 6.471, 7.705, 6.928, 3.055, 3.01, 2.834, 3.658, 4.739, 4.542, 5.197, 5.645, 5.736, 6.768, 6.917, 6.932, 6.217, 6.156, 5.119, 5.0, 5.152, 5.252, 4.69, 5.054, 3.567, 2.885, 4.233, 5.022, 4.018, 3.168, 3.608, 4.524, 4.33, 4.997, 4.47, 3.825, 6.304, 8.007, 8.029, 8.394, 8.798, 9.451, 9.255, 8.297, 7.869, 8.874, 10.058, 9.65, 8.156, 6.699, 4.722, 4.155, 4.359, 3.163, 2.044, 3.16, 3.084, 3.162, 5.869, 5.838, 5.028, 5.325], [2.226, 1.86, 3.037, 5.766, 3.222, 2.219, 2.138, 0.0, 3.881, 5.772, 4.161, 4.484, 5.851, 5.743, 3.793, 1.697, 2.516, 3.405, 3.369, 3.789, 3.669, 3.027, 2.557, 3.348, 3.722, 3.54, 3.255, 3.836, 4.982, 6.178, 4.595, 4.206, 4.973, 6.975, 8.507, 7.467, 6.773, 7.084, 7.684, 8.107, 8.356, 7.365, 7.095, 7.42, 8.6, 8.931, 9.15, 9.172, 10.166, 13.219, 13.993, 13.186, 11.334, 11.508, 12.644, 11.375, 8.864, 9.139, 10.299, 10.503, 8.321, 6.807, 7.091, 9.096, 8.819, 8.39, 10.318, 10.496, 8.751, 7.37, 6.544, 4.889, 3.123, 2.125, 2.55, 3.111, 2.964, 3.276, 4.35, 5.189, 5.075, 4.603, 4.495, 3.906, 4.006, 4.337, 4.524, 4.724, 4.716, 3.94, 4.043, 3.942, 3.616, 4.2, 3.701, 4.245, 3.906, 3.769, 3.441, 3.775, 4.083, 3.826, 3.872, 4.138, 2.686, 2.07, 1.514, 2.037, 2.555, 1.395, 3.067, 3.15, 1.714, 1.504, 1.634, 2.366, 4.53, 8.335, 9.231, 8.906, 8.905, 8.519, 6.408, 4.534, 4.334, 4.453, 4.991, 6.105, 7.26, 7.576, 7.622, 6.71, 6.163, 6.043, 6.053, 5.339, 4.982, 4.35, 3.174, 3.024, 3.378, 4.739, 5.322, 6.081, 5.719, 4.512, 5.825, 5.062, 2.158, 2.478, 2.612, 3.891, 5.17, 5.16, 5.177, 5.506, 6.004, 7.28, 7.521, 7.0, 6.285, 5.878, 4.888, 4.582, 4.657, 4.84, 5.479, 7.037, 5.003, 3.29, 5.434, 6.198, 4.42, 2.992, 3.824, 4.603, 3.457, 3.723, 3.022, 2.422, 4.376, 6.105, 6.123, 6.581, 6.838, 7.479, 7.361, 6.553, 6.068, 6.89, 7.973, 7.626, 6.226, 4.768, 4.085, 3.223, 3.254, 2.792, 3.372, 3.452, 2.252, 2.536, 5.849, 5.818, 4.515, 5.108], [5.076, 4.257, 6.498, 9.61, 6.804, 5.44, 5.893, 3.881, 0.0, 2.333, 2.302, 2.318, 2.947, 2.708, 1.735, 3.309, 4.986, 5.061, 4.796, 5.399, 6.298, 5.927, 5.182, 5.304, 5.546, 4.876, 4.433, 5.188, 6.542, 7.616, 6.007, 5.8, 7.394, 9.93, 11.915, 10.858, 10.026, 10.407, 10.93, 11.225, 11.205, 10.639, 10.78, 11.169, 12.39, 12.524, 12.23, 12.485, 13.993, 17.065, 17.865, 16.746, 14.448, 14.747, 16.123, 14.838, 12.182, 12.371, 13.734, 14.159, 11.96, 10.279, 10.887, 12.967, 12.588, 12.09, 13.797, 13.849, 11.624, 10.559, 9.985, 7.934, 5.935, 4.719, 5.596, 6.033, 5.117, 4.764, 5.878, 6.888, 7.112, 5.992, 5.348, 4.669, 4.802, 4.509, 4.89, 5.903, 6.268, 4.957, 4.688, 4.884, 4.967, 5.898, 5.89, 7.072, 7.626, 7.354, 6.937, 7.52, 7.422, 6.9, 7.282, 7.714, 6.076, 3.88, 3.374, 4.705, 5.16, 3.591, 1.836, 1.748, 2.757, 3.405, 4.412, 4.432, 2.058, 4.485, 5.404, 5.66, 5.525, 4.811, 2.819, 1.896, 1.438, 1.8, 1.884, 2.537, 3.491, 3.718, 3.781, 2.924, 2.416, 2.418, 2.475, 2.328, 2.404, 2.549, 3.257, 3.633, 2.576, 1.715, 2.312, 2.81, 2.114, 2.168, 2.554, 2.434, 3.691, 4.663, 4.802, 6.214, 7.416, 7.595, 7.179, 7.245, 7.969, 9.486, 9.931, 8.829, 8.115, 7.304, 6.449, 6.364, 6.588, 7.036, 8.654, 10.721, 8.591, 5.879, 8.199, 9.36, 6.309, 5.111, 6.026, 6.556, 4.678, 3.472, 3.288, 2.651, 1.354, 2.615, 3.227, 3.672, 3.749, 4.579, 4.726, 4.443, 3.831, 4.176, 5.237, 4.388, 3.092, 2.881, 4.131, 3.608, 3.52, 3.726, 7.004, 6.538, 3.952, 4.779, 7.902, 7.521, 5.86, 6.672], [7.001, 6.187, 8.285, 11.425, 8.681, 7.232, 7.748, 5.772, 2.333, 0.0, 2.26, 2.873, 2.069, 1.832, 2.702, 5.102, 6.76, 6.877, 6.42, 7.164, 8.133, 7.805, 7.049, 7.269, 7.455, 6.31, 5.953, 6.521, 8.022, 9.102, 7.411, 7.376, 9.227, 11.758, 13.837, 12.692, 11.772, 12.145, 12.734, 13.032, 13.008, 12.436, 12.708, 13.053, 14.232, 14.308, 13.92, 14.251, 15.896, 18.89, 19.682, 18.684, 16.251, 16.472, 17.957, 16.632, 13.897, 14.281, 15.6, 16.103, 13.933, 12.095, 12.662, 14.769, 14.416, 13.912, 15.51, 15.592, 13.439, 12.373, 11.926, 9.79, 7.771, 6.619, 7.445, 7.89, 6.682, 5.99, 7.235, 8.248, 8.151, 6.889, 6.171, 5.651, 5.92, 5.533, 5.692, 6.793, 7.224, 5.755, 5.461, 5.825, 6.141, 7.063, 7.571, 8.948, 9.533, 9.287, 8.893, 9.448, 9.336, 8.663, 9.062, 9.644, 7.929, 5.523, 5.314, 6.618, 6.893, 5.319, 2.958, 2.909, 4.616, 5.274, 6.226, 6.25, 2.454, 2.804, 3.706, 3.903, 3.774, 2.984, 1.546, 1.96, 2.143, 2.188, 2.271, 1.984, 2.286, 2.236, 2.508, 2.201, 1.543, 1.366, 1.323, 2.144, 2.622, 3.198, 4.293, 4.909, 3.64, 2.452, 2.111, 1.688, 1.258, 2.016, 1.804, 2.509, 5.277, 6.366, 6.685, 8.157, 9.491, 9.605, 8.833, 8.621, 9.821, 11.344, 11.857, 10.567, 9.709, 8.618, 7.662, 7.355, 7.651, 8.19, 10.543, 12.665, 10.513, 7.787, 10.006, 11.302, 8.155, 6.946, 7.969, 8.189, 5.796, 4.508, 4.602, 4.368, 2.085, 2.16, 3.073, 3.139, 3.156, 3.599, 4.135, 3.919, 3.42, 3.308, 4.062, 3.417, 2.395, 3.045, 4.529, 4.248, 4.179, 5.188, 8.853, 8.378, 5.622, 6.482, 9.577, 8.86, 7.135, 7.99], [5.639, 4.837, 6.867, 9.779, 7.147, 5.89, 6.166, 4.161, 2.302, 2.26, 0.0, 1.279, 2.092, 1.967, 1.477, 3.838, 5.619, 5.82, 5.337, 6.072, 7.019, 6.6, 5.862, 6.133, 6.351, 5.204, 4.906, 5.382, 6.899, 8.046, 6.282, 6.299, 8.14, 10.616, 12.328, 10.94, 10.445, 10.835, 11.469, 11.837, 11.838, 11.112, 11.093, 11.321, 12.529, 12.712, 12.491, 12.871, 14.159, 17.155, 18.048, 17.25, 15.07, 15.183, 16.599, 15.242, 12.493, 12.844, 14.21, 14.544, 12.353, 10.69, 11.03, 13.084, 12.722, 12.341, 14.207, 14.253, 12.256, 11.084, 10.464, 8.423, 6.501, 5.275, 6.059, 6.578, 5.584, 4.696, 6.081, 7.05, 6.346, 5.123, 4.767, 4.41, 4.497, 4.158, 4.325, 5.347, 5.796, 4.306, 4.052, 4.151, 4.79, 5.808, 6.386, 7.59, 7.9, 7.649, 7.347, 7.74, 7.705, 7.194, 7.674, 8.148, 6.538, 4.261, 3.747, 5.065, 5.495, 3.755, 1.669, 2.783, 3.071, 3.819, 4.704, 4.713, 1.802, 4.463, 5.405, 5.451, 5.133, 4.689, 3.213, 2.446, 1.931, 1.465, 2.488, 2.751, 3.361, 3.787, 3.95, 3.475, 2.958, 2.75, 2.455, 2.559, 2.722, 2.499, 3.13, 3.7, 2.495, 2.11, 1.757, 2.357, 2.161, 1.834, 2.272, 1.866, 4.044, 5.167, 5.529, 7.047, 8.368, 8.519, 7.756, 7.42, 8.726, 10.263, 10.77, 9.471, 8.634, 7.463, 6.411, 5.716, 5.913, 6.454, 9.202, 11.096, 8.889, 6.684, 8.866, 9.883, 7.027, 5.785, 6.691, 6.937, 4.37, 3.123, 3.44, 3.183, 1.914, 3.391, 4.013, 4.371, 4.59, 4.927, 5.423, 5.286, 4.488, 4.287, 5.16, 5.004, 3.936, 3.343, 4.581, 3.913, 3.799, 3.959, 7.248, 6.88, 4.242, 5.051, 8.467, 7.676, 5.74, 6.701], [5.8, 4.98, 7.009, 10.023, 7.413, 5.908, 6.44, 4.484, 2.318, 2.873, 1.279, 0.0, 2.124, 2.325, 1.528, 3.813, 5.685, 5.67, 5.047, 6.016, 7.093, 6.683, 5.958, 6.056, 6.235, 5.172, 4.759, 5.19, 6.832, 7.939, 6.218, 6.298, 8.195, 10.729, 12.555, 11.166, 10.617, 11.007, 11.635, 11.987, 11.961, 11.289, 11.392, 11.554, 12.74, 12.826, 12.522, 13.062, 14.398, 17.242, 18.276, 17.468, 15.201, 15.315, 16.78, 15.451, 12.604, 13.062, 14.418, 14.858, 12.648, 10.785, 11.195, 13.24, 12.855, 12.472, 14.312, 14.427, 12.401, 11.259, 10.691, 8.607, 6.666, 5.416, 6.263, 6.719, 5.485, 4.512, 5.904, 6.904, 6.633, 5.238, 4.757, 4.397, 4.562, 4.175, 4.358, 5.571, 5.918, 4.491, 4.176, 4.245, 4.604, 5.596, 6.291, 7.677, 8.187, 7.912, 7.623, 8.016, 8.014, 7.415, 7.865, 8.38, 6.758, 4.407, 4.021, 5.321, 5.702, 3.942, 2.283, 3.171, 3.213, 3.789, 4.713, 4.645, 1.726, 4.685, 5.615, 5.945, 5.637, 4.952, 3.47, 2.673, 2.001, 1.5, 2.419, 2.729, 3.581, 3.947, 4.14, 3.599, 3.09, 2.732, 2.645, 2.461, 2.649, 2.344, 3.051, 3.689, 2.416, 2.222, 1.915, 2.717, 2.582, 2.068, 2.774, 2.027, 4.205, 5.307, 5.571, 7.03, 8.331, 8.522, 7.684, 7.26, 8.746, 10.209, 10.757, 9.453, 8.545, 7.321, 6.292, 5.716, 6.173, 6.74, 9.349, 11.393, 9.175, 6.75, 8.974, 10.006, 6.975, 5.841, 6.714, 6.807, 4.315, 3.052, 3.216, 3.21, 1.9, 3.521, 4.271, 4.592, 4.758, 5.4, 5.82, 5.651, 4.993, 4.844, 5.697, 5.642, 4.393, 3.686, 4.788, 4.134, 3.986, 4.069, 7.484, 7.133, 4.396, 5.215, 8.55, 7.505, 5.592, 6.53], [7.25, 6.473, 8.348, 11.395, 8.763, 7.28, 7.822, 5.851, 2.947, 2.069, 2.092, 2.124, 0.0, 1.361, 2.585, 5.349, 7.219, 7.434, 6.862, 7.706, 8.603, 8.191, 7.457, 7.728, 7.903, 6.844, 6.506, 6.981, 8.545, 9.679, 7.925, 7.883, 9.722, 12.22, 13.914, 12.678, 11.989, 12.393, 13.037, 13.424, 13.437, 12.705, 12.772, 12.995, 14.141, 14.265, 13.947, 14.481, 15.828, 18.681, 19.659, 18.82, 16.666, 16.749, 18.106, 16.786, 13.966, 14.445, 15.747, 16.201, 14.032, 12.128, 12.574, 14.666, 14.219, 13.83, 15.654, 15.797, 13.851, 12.636, 12.024, 9.995, 8.088, 6.81, 7.635, 8.169, 7.144, 6.3, 7.699, 8.67, 7.906, 6.79, 6.055, 5.903, 5.967, 5.567, 5.701, 6.765, 7.32, 5.751, 5.184, 5.545, 6.368, 7.399, 7.86, 9.218, 9.561, 9.316, 8.969, 9.433, 9.405, 8.777, 9.213, 9.716, 8.088, 5.827, 5.376, 6.745, 7.089, 5.454, 2.967, 3.731, 4.616, 5.45, 6.248, 6.297, 2.96, 3.453, 4.465, 4.568, 4.293, 3.823, 2.799, 2.371, 2.411, 2.335, 3.062, 2.641, 2.538, 2.748, 2.861, 2.919, 2.387, 2.423, 2.414, 2.468, 2.987, 3.514, 4.469, 5.013, 3.825, 2.921, 2.06, 1.917, 1.796, 1.974, 2.295, 2.531, 5.577, 6.769, 7.1, 8.629, 9.918, 10.091, 9.405, 9.026, 10.299, 11.802, 12.333, 11.087, 10.278, 9.084, 8.005, 7.159, 7.584, 8.109, 10.803, 12.747, 10.566, 8.274, 10.47, 11.329, 8.552, 7.375, 8.314, 8.543, 5.868, 4.577, 4.939, 4.762, 2.439, 2.993, 3.544, 3.856, 4.16, 4.476, 5.048, 4.965, 4.362, 3.957, 4.758, 4.622, 3.566, 3.3, 4.648, 4.153, 4.236, 5.098, 8.925, 8.489, 5.754, 6.631, 10.061, 9.297, 7.297, 8.322], [7.207, 6.395, 8.429, 11.292, 8.758, 7.374, 7.699, 5.743, 2.708, 1.832, 1.967, 2.325, 1.361, 0.0, 2.187, 5.295, 7.18, 7.299, 6.798, 7.557, 8.544, 8.146, 7.41, 7.609, 7.815, 6.722, 6.419, 6.92, 8.412, 9.57, 7.768, 7.81, 9.666, 12.191, 13.941, 12.377, 12.057, 12.431, 13.074, 13.433, 13.421, 12.712, 12.684, 12.736, 14.025, 14.197, 13.972, 14.457, 15.616, 18.445, 19.544, 18.84, 16.64, 16.762, 18.212, 16.854, 14.012, 14.449, 15.823, 16.159, 13.928, 12.165, 12.494, 14.507, 14.15, 13.82, 15.752, 15.855, 13.851, 12.697, 12.076, 10.035, 8.105, 6.866, 7.672, 8.164, 7.039, 6.245, 7.629, 8.578, 7.905, 6.672, 5.942, 5.803, 5.916, 5.536, 5.671, 6.807, 7.306, 5.675, 5.168, 5.429, 6.331, 7.347, 7.793, 9.135, 9.512, 9.202, 8.958, 9.266, 9.273, 8.806, 9.273, 9.761, 8.15, 5.843, 5.358, 6.665, 7.111, 5.226, 2.817, 3.473, 4.65, 5.314, 6.137, 6.028, 2.822, 3.611, 4.583, 4.763, 4.512, 3.982, 2.818, 2.625, 2.537, 2.396, 3.088, 2.864, 2.823, 2.782, 2.781, 2.542, 2.215, 2.356, 2.417, 2.718, 3.33, 3.715, 4.774, 5.396, 4.132, 3.044, 2.223, 2.27, 1.892, 2.221, 2.441, 2.701, 5.626, 6.742, 7.03, 8.521, 9.845, 10.021, 9.256, 8.939, 10.25, 11.729, 12.275, 10.985, 10.137, 9.002, 7.938, 7.233, 7.53, 8.097, 10.793, 12.704, 10.472, 8.226, 10.431, 11.461, 8.549, 7.309, 8.187, 8.411, 5.909, 4.543, 4.88, 4.683, 2.445, 3.308, 4.106, 4.209, 4.251, 4.554, 5.224, 5.369, 4.561, 3.924, 4.733, 4.662, 3.65, 3.763, 5.229, 4.464, 4.517, 5.14, 8.775, 8.468, 5.809, 6.627, 10.013, 9.208, 7.266, 8.242], [5.162, 4.347, 6.404, 9.373, 6.762, 5.367, 5.76, 3.793, 1.735, 2.702, 1.477, 1.528, 2.585, 2.187, 0.0, 3.221, 5.109, 5.237, 4.936, 5.547, 6.471, 6.075, 5.351, 5.523, 5.718, 4.851, 4.492, 5.144, 6.533, 7.65, 5.828, 5.787, 7.569, 10.133, 11.952, 10.508, 10.046, 10.42, 11.053, 11.394, 11.367, 10.7, 10.743, 10.879, 12.095, 12.221, 11.973, 12.429, 13.754, 16.606, 17.628, 16.83, 14.598, 14.723, 16.204, 14.856, 12.007, 12.448, 13.818, 14.214, 11.959, 10.169, 10.584, 12.617, 12.244, 11.864, 13.739, 13.852, 11.809, 10.676, 10.08, 8.034, 6.08, 4.832, 5.667, 6.137, 5.031, 4.505, 5.823, 6.81, 6.523, 5.082, 4.407, 4.073, 4.484, 4.194, 4.333, 5.391, 5.801, 4.333, 4.131, 4.256, 4.727, 5.632, 5.706, 7.081, 7.548, 7.27, 6.987, 7.371, 7.386, 6.818, 7.261, 7.767, 6.162, 3.856, 3.43, 4.668, 5.129, 3.283, 1.416, 2.076, 2.623, 3.225, 4.131, 4.016, 2.325, 5.057, 5.941, 6.071, 5.917, 5.327, 3.398, 2.725, 2.008, 1.937, 2.715, 3.207, 4.044, 4.349, 4.458, 3.554, 3.003, 2.905, 3.07, 2.71, 2.983, 2.816, 3.333, 3.696, 2.456, 2.021, 2.419, 3.098, 2.645, 2.432, 3.082, 2.738, 3.68, 4.705, 4.993, 6.442, 7.742, 7.917, 7.285, 7.225, 8.152, 9.646, 10.187, 8.921, 8.169, 7.223, 6.145, 5.64, 5.92, 6.393, 8.746, 10.742, 8.526, 6.132, 8.394, 9.434, 6.54, 5.244, 6.113, 6.417, 4.406, 3.18, 3.256, 2.656, 1.811, 3.605, 4.265, 4.554, 4.668, 5.064, 5.662, 5.668, 4.869, 4.537, 5.51, 5.204, 4.097, 3.832, 5.057, 4.113, 4.242, 4.186, 6.865, 6.494, 3.804, 4.659, 7.939, 7.449, 5.714, 6.571], [2.204, 1.638, 3.518, 6.691, 3.902, 2.766, 3.076, 1.697, 3.309, 5.102, 3.838, 3.813, 5.349, 5.295, 3.221, 0.0, 2.244, 2.862, 2.916, 3.374, 3.453, 3.034, 2.447, 3.055, 3.425, 3.083, 2.589, 3.342, 4.482, 5.62, 4.078, 3.69, 4.655, 7.032, 9.06, 8.034, 6.945, 7.239, 7.862, 8.202, 8.238, 7.536, 7.956, 8.313, 9.473, 9.559, 9.27, 9.497, 11.177, 14.135, 14.898, 13.856, 11.446, 11.839, 13.194, 11.802, 9.175, 9.496, 10.855, 11.339, 9.143, 7.213, 7.926, 10.019, 9.688, 9.165, 10.704, 10.683, 8.642, 7.495, 7.14, 5.091, 3.058, 2.2, 2.69, 3.187, 2.696, 2.92, 3.981, 4.811, 4.931, 4.463, 4.201, 3.543, 3.743, 4.19, 4.153, 4.224, 4.156, 3.624, 3.642, 3.877, 3.253, 3.744, 3.442, 4.415, 4.796, 4.586, 4.179, 4.856, 4.888, 4.303, 4.424, 4.949, 3.137, 1.589, 1.5, 2.22, 2.563, 1.509, 2.84, 3.043, 2.112, 1.798, 1.868, 1.98, 3.698, 7.571, 8.608, 8.34, 8.28, 7.761, 5.775, 4.229, 3.71, 3.853, 4.181, 5.368, 6.393, 6.706, 6.767, 5.829, 5.386, 5.263, 5.237, 4.372, 4.075, 3.341, 2.225, 2.099, 2.625, 3.839, 4.609, 5.461, 4.955, 4.007, 4.99, 4.213, 1.539, 2.117, 2.531, 3.766, 4.881, 5.034, 4.831, 5.089, 5.59, 7.017, 7.274, 6.562, 5.869, 5.333, 4.33, 4.209, 4.64, 4.802, 5.819, 7.876, 5.774, 3.253, 5.447, 6.614, 4.252, 2.612, 3.776, 4.497, 3.11, 2.838, 1.948, 1.567, 3.552, 5.311, 5.523, 5.859, 6.273, 7.072, 6.988, 6.241, 5.935, 6.766, 7.921, 7.196, 5.512, 4.492, 4.266, 3.455, 3.682, 3.282, 4.37, 3.929, 1.939, 2.426, 5.594, 5.453, 3.996, 4.609], [1.387, 1.416, 2.048, 5.239, 3.087, 2.631, 2.728, 2.516, 4.986, 6.76, 5.619, 5.685, 7.219, 7.18, 5.109, 2.244, 0.0, 1.407, 1.889, 2.064, 1.827, 1.658, 1.718, 1.668, 2.267, 2.842, 2.469, 2.97, 3.646, 4.94, 3.498, 2.813, 3.252, 5.205, 7.338, 6.514, 5.415, 5.616, 6.077, 6.374, 6.409, 5.878, 6.246, 6.729, 7.946, 8.033, 7.772, 7.951, 9.606, 12.645, 13.42, 12.192, 9.634, 10.174, 11.514, 10.14, 7.622, 7.725, 9.126, 9.557, 7.434, 5.687, 6.432, 8.495, 8.215, 7.644, 9.163, 9.076, 6.879, 5.729, 5.377, 3.271, 2.146, 2.188, 1.713, 1.836, 2.139, 3.028, 3.158, 3.797, 4.668, 4.782, 4.528, 4.008, 3.996, 4.67, 4.62, 4.264, 3.821, 3.82, 3.791, 4.113, 3.233, 3.017, 1.958, 2.775, 3.197, 2.972, 2.613, 3.247, 3.418, 2.895, 2.82, 3.427, 1.981, 1.829, 2.269, 1.78, 1.516, 2.362, 4.627, 4.609, 3.463, 2.676, 2.218, 1.808, 5.231, 9.099, 10.124, 9.941, 9.836, 9.221, 7.497, 6.138, 5.419, 5.585, 5.668, 6.783, 7.838, 8.163, 8.167, 7.244, 6.895, 6.905, 6.889, 6.207, 5.653, 5.023, 3.466, 3.066, 4.15, 5.471, 6.406, 7.278, 6.472, 5.632, 6.401, 5.625, 2.019, 1.875, 1.373, 2.127, 3.074, 3.325, 3.449, 3.911, 3.928, 5.427, 5.657, 5.133, 4.61, 4.848, 4.346, 4.54, 4.751, 4.849, 4.245, 6.148, 4.104, 1.347, 3.535, 4.796, 2.399, 1.364, 2.269, 2.932, 3.139, 3.739, 3.333, 2.836, 5.124, 6.815, 7.299, 7.577, 8.263, 8.962, 8.933, 8.061, 7.776, 8.671, 9.7, 8.808, 7.166, 6.193, 5.536, 5.04, 5.35, 4.247, 3.348, 2.214, 1.947, 1.741, 4.045, 4.09, 3.47, 3.667], [2.096, 1.939, 2.766, 5.743, 3.727, 3.343, 3.358, 3.405, 5.061, 6.877, 5.82, 5.67, 7.434, 7.299, 5.237, 2.862, 1.407, 0.0, 1.438, 1.815, 2.268, 2.166, 2.342, 1.723, 2.235, 2.852, 2.249, 2.749, 3.329, 4.547, 3.331, 2.633, 3.658, 5.788, 7.853, 6.974, 5.971, 6.147, 6.605, 6.871, 6.761, 6.459, 6.778, 7.278, 8.495, 8.582, 8.238, 8.484, 10.128, 13.181, 13.949, 12.739, 10.165, 10.597, 12.035, 10.682, 8.153, 8.279, 9.673, 10.12, 7.984, 6.249, 6.967, 9.043, 8.725, 8.18, 9.686, 9.62, 7.231, 6.177, 5.901, 3.811, 2.865, 2.989, 2.521, 2.319, 2.416, 3.264, 3.221, 3.83, 5.203, 5.235, 4.747, 4.312, 4.339, 4.605, 4.664, 4.782, 4.154, 4.032, 4.113, 4.285, 3.064, 2.738, 2.158, 3.172, 3.758, 3.472, 3.097, 3.752, 3.833, 3.321, 3.504, 3.92, 2.758, 2.199, 3.06, 2.482, 2.096, 3.056, 5.135, 5.305, 4.189, 3.367, 3.045, 2.25, 4.842, 8.802, 9.866, 10.336, 10.025, 9.073, 7.528, 6.667, 5.594, 5.671, 5.498, 6.536, 7.565, 7.831, 7.624, 6.763, 6.809, 6.838, 6.873, 6.327, 5.645, 5.015, 3.773, 3.508, 4.502, 5.501, 6.546, 7.467, 6.562, 5.896, 6.445, 5.521, 2.612, 2.516, 1.838, 2.462, 3.213, 3.222, 3.092, 3.792, 4.13, 5.574, 5.541, 5.087, 4.58, 4.873, 4.496, 4.995, 5.272, 5.449, 4.764, 6.669, 4.637, 1.837, 3.835, 5.232, 2.224, 1.617, 2.27, 2.898, 3.286, 3.652, 3.181, 3.339, 5.187, 7.016, 7.693, 8.096, 8.461, 9.305, 9.442, 8.609, 8.314, 9.198, 10.225, 9.273, 7.515, 6.764, 5.969, 5.496, 5.854, 4.649, 3.89, 2.853, 2.424, 2.25, 4.608, 3.828, 3.145, 3.264], [2.526, 2.231, 3.447, 6.6, 4.03, 3.423, 3.635, 3.369, 4.796, 6.42, 5.337, 5.047, 6.862, 6.798, 4.936, 2.916, 1.889, 1.438, 0.0, 1.687, 2.826, 2.47, 2.111, 1.568, 1.843, 2.106, 1.629, 2.015, 2.962, 4.338, 3.016, 2.416, 3.881, 6.579, 8.781, 7.886, 6.801, 6.939, 7.41, 7.685, 7.565, 7.295, 7.712, 8.19, 9.407, 9.494, 9.143, 9.384, 11.01, 14.093, 14.851, 13.627, 11.029, 11.507, 12.947, 11.55, 9.004, 9.127, 10.553, 10.99, 8.866, 7.12, 7.866, 9.956, 9.59, 9.064, 10.598, 10.504, 8.093, 7.058, 6.822, 4.655, 2.865, 2.83, 2.584, 2.899, 2.13, 2.535, 2.557, 3.455, 4.785, 4.674, 4.156, 3.621, 3.634, 3.653, 3.729, 4.224, 3.86, 3.426, 3.409, 3.613, 2.464, 2.438, 2.534, 4.034, 4.735, 4.365, 3.876, 4.671, 4.918, 4.277, 4.174, 4.597, 2.939, 2.248, 2.749, 2.556, 2.219, 2.779, 4.905, 5.07, 3.892, 3.126, 2.777, 2.475, 4.322, 8.021, 9.13, 9.841, 9.436, 8.476, 7.057, 6.368, 5.182, 5.178, 4.995, 5.764, 6.759, 6.964, 6.786, 5.977, 6.174, 6.169, 6.292, 5.869, 5.211, 4.665, 3.612, 3.33, 4.002, 5.079, 6.017, 6.94, 6.024, 5.38, 5.816, 4.812, 2.508, 2.276, 1.945, 2.894, 3.6, 3.765, 3.111, 3.392, 4.317, 6.051, 6.151, 5.12, 4.441, 4.41, 3.906, 4.44, 4.724, 4.947, 5.568, 7.596, 5.535, 2.633, 4.713, 6.002, 2.969, 2.017, 2.87, 3.041, 2.662, 3.071, 2.603, 3.062, 4.772, 6.596, 7.371, 7.709, 8.17, 9.012, 9.269, 8.425, 8.128, 8.907, 9.814, 9.042, 7.271, 6.461, 6.153, 5.672, 5.83, 4.886, 4.318, 3.369, 2.048, 2.175, 4.789, 3.523, 2.287, 2.76], [3.137, 3.088, 3.073, 5.592, 3.601, 3.615, 4.05, 3.789, 5.399, 7.164, 6.072, 6.016, 7.706, 7.557, 5.547, 3.374, 2.064, 1.815, 1.687, 0.0, 1.79, 1.951, 1.876, 1.43, 1.424, 1.743, 1.944, 1.888, 2.084, 3.287, 2.125, 1.572, 2.723, 5.5, 7.686, 6.822, 5.748, 5.854, 6.27, 6.527, 6.393, 6.209, 6.618, 7.126, 8.343, 8.431, 8.079, 8.335, 9.95, 13.03, 13.798, 12.567, 9.944, 10.447, 11.881, 10.475, 7.977, 8.042, 9.474, 9.905, 7.804, 6.037, 6.91, 8.892, 8.554, 8.006, 9.534, 9.411, 7.008, 5.916, 5.687, 3.576, 2.046, 2.726, 2.578, 2.214, 1.697, 2.317, 2.098, 2.585, 3.931, 3.972, 3.548, 3.135, 3.055, 3.495, 3.436, 3.555, 2.929, 3.084, 3.451, 3.862, 2.596, 2.402, 2.005, 3.238, 4.197, 3.849, 3.084, 4.265, 4.673, 3.997, 3.396, 4.087, 2.475, 2.547, 3.053, 2.781, 2.406, 3.195, 5.392, 5.563, 4.37, 3.325, 2.837, 2.705, 5.196, 9.082, 10.153, 10.671, 10.262, 9.356, 7.864, 7.02, 5.879, 5.952, 5.83, 6.79, 7.837, 8.054, 7.877, 6.989, 7.009, 7.134, 7.197, 6.637, 5.881, 5.324, 4.255, 3.754, 4.646, 5.725, 6.86, 7.791, 6.883, 6.217, 6.557, 5.6, 2.907, 2.051, 1.804, 2.124, 2.657, 2.852, 2.193, 2.427, 3.052, 4.999, 5.153, 3.927, 3.43, 3.604, 3.242, 3.751, 4.01, 4.203, 4.522, 6.479, 4.532, 2.476, 3.982, 5.199, 2.563, 2.064, 2.462, 2.594, 2.667, 3.848, 3.447, 3.564, 5.511, 7.303, 8.025, 8.405, 8.795, 9.642, 9.87, 9.007, 8.707, 9.492, 10.539, 9.578, 7.844, 7.072, 6.875, 6.242, 6.498, 5.796, 4.471, 2.679, 2.334, 2.147, 3.524, 2.688, 2.408, 2.273], [2.428, 2.48, 2.06, 4.035, 2.324, 2.918, 3.219, 3.669, 6.298, 8.133, 7.019, 7.093, 8.603, 8.544, 6.471, 3.453, 1.827, 2.268, 2.826, 1.79, 0.0, 1.223, 1.599, 1.59, 1.708, 2.568, 2.97, 2.923, 2.52, 3.699, 2.616, 2.076, 1.94, 3.949, 6.058, 5.202, 4.134, 4.278, 4.682, 4.955, 4.937, 4.588, 4.99, 5.502, 6.724, 6.822, 6.487, 6.707, 8.322, 11.433, 12.184, 10.961, 8.36, 8.917, 10.285, 8.953, 6.513, 6.51, 7.853, 8.353, 6.186, 4.427, 5.342, 7.373, 7.006, 6.459, 7.951, 7.796, 5.521, 4.38, 4.116, 2.161, 1.565, 2.395, 1.731, 1.03, 1.882, 2.931, 2.437, 2.637, 3.678, 3.752, 3.738, 3.518, 3.401, 4.489, 4.156, 3.423, 2.936, 3.486, 4.214, 4.43, 3.483, 3.122, 2.047, 1.895, 2.984, 2.885, 2.024, 3.19, 3.686, 3.07, 2.377, 2.775, 1.739, 2.923, 3.483, 2.339, 1.947, 3.587, 5.972, 5.959, 4.746, 3.579, 2.94, 2.604, 6.654, 10.493, 11.537, 11.462, 11.219, 10.581, 8.894, 7.49, 6.761, 6.96, 7.072, 8.15, 9.234, 9.51, 9.448, 8.535, 8.2, 8.278, 8.285, 7.559, 6.954, 6.343, 4.822, 4.182, 5.383, 6.81, 7.819, 8.721, 7.881, 7.132, 7.673, 6.838, 3.257, 2.105, 1.62, 1.542, 2.028, 1.952, 2.471, 2.872, 2.733, 4.253, 4.281, 3.985, 3.385, 3.669, 3.272, 3.545, 3.777, 3.877, 2.921, 4.851, 3.019, 1.563, 2.894, 4.083, 2.077, 1.679, 1.876, 2.656, 3.268, 4.971, 4.606, 4.056, 6.461, 8.162, 8.641, 9.082, 9.498, 10.387, 10.253, 9.366, 9.071, 10.02, 11.161, 10.186, 8.533, 7.571, 6.718, 6.229, 6.647, 5.485, 3.785, 1.962, 2.97, 2.361, 3.204, 3.034, 3.382, 2.991], [2.042, 2.149, 1.756, 4.404, 2.196, 2.288, 2.559, 3.027, 5.927, 7.805, 6.6, 6.683, 8.191, 8.146, 6.075, 3.034, 1.658, 2.166, 2.47, 1.951, 1.223, 0.0, 1.137, 1.447, 1.748, 2.535, 2.758, 2.877, 2.941, 4.299, 2.99, 2.412, 2.646, 4.427, 6.561, 5.836, 4.649, 4.764, 5.194, 5.45, 5.616, 5.087, 5.464, 5.973, 7.19, 7.278, 7.131, 7.17, 8.796, 11.877, 12.635, 11.414, 8.79, 9.293, 10.726, 9.357, 6.847, 6.915, 8.32, 8.769, 6.651, 4.866, 5.764, 7.771, 7.403, 6.883, 8.386, 8.27, 6.132, 4.82, 4.534, 2.672, 1.301, 2.039, 1.295, 1.212, 2.021, 2.858, 2.688, 3.32, 4.086, 4.224, 4.132, 3.784, 3.682, 4.482, 4.229, 3.804, 3.318, 3.544, 4.145, 4.453, 3.316, 3.185, 2.237, 2.381, 2.932, 2.698, 1.99, 3.176, 3.582, 2.966, 2.194, 2.691, 1.671, 2.541, 3.002, 2.073, 1.717, 3.254, 5.602, 5.362, 3.932, 3.029, 2.329, 2.378, 6.226, 10.022, 11.077, 10.847, 10.742, 10.069, 8.474, 6.845, 6.338, 6.525, 6.594, 7.692, 8.761, 9.056, 9.039, 8.1, 7.806, 7.899, 7.87, 7.108, 6.537, 5.928, 4.339, 3.594, 4.976, 6.399, 7.384, 8.255, 7.482, 6.688, 7.238, 6.476, 2.736, 1.793, 1.521, 1.863, 2.46, 2.528, 2.992, 3.496, 3.491, 4.975, 5.034, 4.791, 4.197, 4.233, 3.784, 3.995, 4.186, 4.286, 3.389, 5.324, 3.351, 1.552, 3.069, 4.157, 2.393, 1.369, 2.191, 2.983, 3.289, 4.704, 4.306, 3.534, 6.036, 7.741, 8.122, 8.428, 9.075, 9.881, 9.716, 8.595, 8.342, 9.501, 10.626, 9.807, 8.134, 6.902, 6.099, 5.572, 5.873, 4.828, 3.409, 2.162, 2.562, 2.085, 3.871, 3.672, 3.383, 3.277], [2.224, 1.962, 2.338, 5.133, 2.285, 2.061, 2.515, 2.557, 5.182, 7.049, 5.862, 5.958, 7.457, 7.41, 5.351, 2.447, 1.718, 2.342, 2.111, 1.876, 1.599, 1.137, 0.0, 1.459, 1.546, 1.868, 2.206, 2.409, 3.144, 4.561, 3.103, 2.512, 2.944, 5.114, 7.271, 6.477, 5.35, 5.434, 5.878, 6.153, 6.249, 5.79, 6.194, 6.706, 7.936, 8.023, 7.802, 7.91, 9.526, 12.622, 13.38, 12.162, 9.525, 10.049, 11.456, 10.053, 7.535, 7.618, 9.05, 9.481, 7.399, 5.616, 6.422, 8.484, 8.109, 7.592, 9.127, 9.0, 6.78, 5.559, 5.295, 3.242, 1.544, 1.59, 1.369, 1.642, 1.585, 2.476, 2.679, 3.603, 4.217, 4.048, 3.69, 3.268, 3.242, 3.913, 3.679, 3.518, 3.372, 3.087, 3.411, 3.798, 2.937, 3.34, 2.548, 2.957, 3.578, 3.234, 2.44, 3.621, 4.028, 3.378, 2.835, 3.153, 1.471, 1.883, 2.321, 1.58, 1.673, 2.552, 4.967, 4.714, 3.372, 2.334, 1.685, 2.173, 5.529, 9.343, 10.398, 10.221, 10.089, 9.429, 7.775, 6.152, 5.645, 5.827, 5.908, 7.027, 8.06, 8.313, 8.294, 7.389, 7.132, 7.167, 7.153, 6.387, 5.718, 5.214, 3.642, 2.865, 4.23, 5.672, 6.672, 7.565, 6.757, 5.969, 6.457, 5.647, 2.1, 1.507, 1.344, 2.253, 3.005, 2.984, 3.093, 3.71, 3.951, 5.618, 5.621, 5.099, 4.47, 4.403, 3.639, 3.83, 4.093, 4.155, 4.128, 6.069, 4.041, 2.06, 3.502, 4.609, 2.713, 1.604, 2.475, 3.211, 2.713, 3.987, 3.714, 2.913, 5.328, 7.043, 7.453, 7.816, 8.361, 9.202, 8.997, 7.962, 7.668, 8.782, 9.937, 9.056, 7.402, 6.254, 5.496, 4.961, 5.243, 4.309, 3.336, 2.544, 1.966, 1.941, 4.08, 4.006, 3.033, 3.352], [2.272, 2.235, 2.55, 5.306, 2.961, 2.815, 3.127, 3.348, 5.304, 7.269, 6.133, 6.056, 7.728, 7.609, 5.523, 3.055, 1.668, 1.723, 1.568, 1.43, 1.59, 1.447, 1.459, 0.0, 1.055, 1.871, 2.108, 2.256, 2.652, 4.007, 2.563, 2.094, 2.807, 5.238, 7.424, 6.557, 5.472, 5.622, 6.053, 6.31, 6.22, 5.952, 6.356, 6.861, 8.079, 8.166, 7.815, 8.055, 9.683, 12.765, 13.523, 12.301, 9.682, 10.189, 11.619, 10.216, 7.707, 7.786, 9.212, 9.643, 7.538, 5.773, 6.605, 8.652, 8.258, 7.74, 9.27, 9.163, 6.76, 5.671, 5.426, 3.358, 1.925, 2.336, 1.742, 1.756, 1.444, 2.323, 2.336, 3.062, 4.28, 4.186, 3.563, 3.16, 3.14, 3.807, 3.544, 3.654, 3.299, 3.063, 3.479, 3.814, 2.774, 2.82, 1.851, 2.847, 3.755, 3.583, 2.771, 3.876, 4.251, 3.633, 3.016, 3.449, 2.22, 2.185, 2.889, 2.177, 1.766, 3.013, 5.299, 5.438, 4.222, 3.116, 2.518, 2.371, 5.359, 9.186, 10.252, 10.631, 10.291, 9.4, 7.873, 6.892, 5.821, 5.971, 5.838, 6.855, 7.921, 8.15, 8.122, 7.181, 7.065, 7.188, 7.234, 6.601, 5.896, 5.265, 4.054, 3.651, 4.555, 5.696, 6.87, 7.797, 6.909, 6.275, 6.711, 5.77, 2.768, 1.85, 1.453, 1.846, 2.466, 2.684, 2.638, 3.163, 3.213, 4.806, 5.017, 4.378, 3.874, 4.082, 3.444, 3.912, 4.214, 4.368, 4.247, 6.217, 4.234, 1.906, 3.758, 4.942, 2.269, 1.61, 2.151, 2.566, 2.812, 3.866, 3.501, 3.37, 5.483, 7.251, 7.903, 8.328, 8.654, 9.536, 9.677, 8.866, 8.567, 9.429, 10.48, 9.549, 7.78, 6.968, 6.506, 5.978, 6.236, 5.233, 3.777, 2.398, 2.184, 2.055, 3.776, 3.267, 2.692, 2.918], [3.114, 2.81, 3.112, 5.275, 2.816, 3.342, 3.739, 3.722, 5.546, 7.455, 6.351, 6.235, 7.903, 7.815, 5.718, 3.425, 2.267, 2.235, 1.843, 1.424, 1.708, 1.748, 1.546, 1.055, 0.0, 1.306, 1.966, 1.954, 2.057, 3.44, 1.991, 1.604, 2.45, 5.149, 7.328, 6.456, 5.371, 5.504, 5.92, 6.165, 6.035, 5.843, 6.26, 6.759, 7.977, 8.064, 7.713, 7.953, 9.586, 12.663, 13.421, 12.197, 9.594, 10.105, 11.517, 10.102, 7.603, 7.692, 9.124, 9.555, 7.434, 5.685, 6.505, 8.525, 8.18, 7.642, 9.168, 9.045, 6.676, 5.565, 5.335, 3.244, 1.554, 1.972, 2.045, 1.969, 1.413, 2.447, 1.739, 2.519, 3.645, 3.557, 3.227, 3.109, 3.171, 3.872, 3.491, 3.029, 2.639, 2.712, 3.473, 3.568, 2.493, 2.697, 2.177, 2.815, 4.079, 3.981, 2.96, 4.118, 4.695, 3.902, 3.324, 3.335, 2.249, 2.542, 3.13, 2.17, 1.864, 3.285, 5.569, 5.712, 4.535, 3.443, 2.74, 2.584, 5.543, 9.386, 10.444, 10.822, 10.461, 9.59, 8.059, 7.155, 6.049, 6.162, 6.021, 7.045, 8.11, 8.318, 8.268, 7.361, 7.222, 7.352, 7.418, 6.806, 6.04, 5.487, 4.347, 3.865, 4.803, 5.919, 7.055, 7.984, 7.085, 6.449, 6.759, 5.844, 2.998, 1.765, 1.616, 1.872, 2.293, 2.435, 2.073, 2.587, 2.896, 4.716, 4.949, 3.971, 3.367, 3.436, 2.791, 3.323, 3.576, 3.711, 4.136, 6.124, 4.219, 2.447, 3.623, 4.764, 2.257, 1.942, 2.047, 2.23, 2.322, 4.072, 3.755, 3.723, 5.67, 7.474, 8.159, 8.557, 8.928, 9.778, 9.99, 9.145, 8.859, 9.665, 10.704, 9.797, 8.03, 7.232, 6.841, 6.287, 6.535, 5.589, 4.176, 2.223, 2.347, 2.011, 3.422, 2.831, 2.154, 2.287], [3.706, 3.307, 3.838, 6.275, 3.37, 3.563, 4.061, 3.54, 4.876, 6.31, 5.204, 5.172, 6.844, 6.722, 4.851, 3.083, 2.842, 2.852, 2.106, 1.743, 2.568, 2.535, 1.868, 1.871, 1.306, 0.0, 1.351, 1.221, 2.061, 3.436, 1.923, 1.555, 3.381, 6.176, 8.362, 7.506, 6.425, 6.534, 6.946, 7.169, 7.022, 6.89, 7.294, 7.806, 9.036, 9.123, 8.776, 9.011, 10.626, 13.724, 14.487, 13.262, 10.625, 11.123, 12.557, 11.154, 8.635, 8.729, 10.15, 10.581, 8.499, 6.717, 7.513, 9.584, 9.23, 8.711, 10.227, 10.1, 7.698, 6.595, 6.363, 4.268, 2.12, 1.852, 2.648, 2.769, 1.72, 1.75, 1.617, 2.61, 3.253, 2.974, 2.596, 2.343, 2.359, 3.051, 2.632, 2.469, 2.332, 1.862, 2.431, 2.637, 1.71, 2.518, 2.906, 3.721, 4.846, 4.682, 3.778, 4.822, 5.342, 4.551, 4.166, 4.217, 2.731, 2.301, 2.727, 2.324, 2.416, 2.856, 4.71, 4.949, 3.837, 3.031, 2.509, 2.925, 4.547, 8.438, 9.493, 9.857, 9.416, 8.544, 7.084, 6.418, 5.29, 5.197, 5.202, 6.11, 7.167, 7.372, 7.285, 6.398, 6.212, 6.335, 6.369, 5.918, 5.419, 4.731, 3.984, 3.356, 3.996, 5.145, 6.033, 6.956, 6.039, 5.371, 5.652, 4.679, 2.637, 1.708, 2.026, 2.703, 3.347, 3.502, 2.632, 2.795, 3.798, 5.821, 6.063, 4.686, 3.95, 3.169, 2.411, 2.721, 3.048, 3.26, 5.174, 7.155, 5.171, 3.199, 4.469, 5.702, 3.016, 2.537, 2.847, 3.027, 1.47, 3.082, 2.877, 2.941, 4.784, 6.577, 7.509, 7.822, 8.347, 9.109, 9.33, 8.575, 8.182, 8.859, 9.843, 8.969, 7.313, 6.465, 6.59, 5.948, 6.241, 5.718, 4.739, 3.059, 1.777, 2.212, 4.113, 3.139, 1.557, 2.05], [3.447, 2.93, 3.854, 6.844, 4.0, 3.761, 4.115, 3.255, 4.433, 5.953, 4.906, 4.759, 6.506, 6.419, 4.492, 2.589, 2.469, 2.249, 1.629, 1.944, 2.97, 2.758, 2.206, 2.108, 1.966, 1.351, 0.0, 1.367, 2.611, 3.928, 2.557, 2.094, 4.053, 6.75, 8.922, 8.07, 6.984, 7.159, 7.548, 7.827, 7.662, 7.445, 7.848, 8.361, 9.591, 9.681, 9.349, 9.586, 11.224, 14.304, 15.064, 13.887, 11.255, 11.71, 13.111, 11.708, 9.224, 9.352, 10.758, 11.187, 9.124, 7.342, 8.093, 10.154, 9.859, 9.306, 10.786, 10.655, 8.292, 7.176, 6.938, 4.849, 2.671, 2.018, 2.697, 3.044, 2.07, 1.864, 1.968, 3.03, 3.863, 3.619, 3.271, 2.912, 2.888, 3.365, 3.158, 3.162, 2.99, 2.437, 2.541, 2.616, 1.487, 2.026, 2.803, 4.201, 4.796, 4.639, 4.103, 4.853, 4.906, 4.4, 4.396, 4.71, 2.971, 1.898, 2.579, 2.152, 2.279, 2.461, 4.346, 4.633, 3.59, 2.877, 2.587, 2.386, 4.031, 7.834, 8.919, 9.552, 9.078, 8.171, 6.768, 6.024, 4.894, 4.891, 4.703, 5.459, 6.47, 6.709, 6.641, 5.823, 5.811, 5.877, 5.997, 5.573, 5.02, 4.33, 3.509, 2.893, 3.647, 4.727, 5.727, 6.655, 5.717, 5.041, 5.493, 4.385, 2.232, 1.748, 1.98, 2.996, 3.995, 4.154, 3.179, 3.158, 4.342, 6.28, 6.556, 5.169, 4.335, 3.539, 2.896, 3.367, 3.676, 3.954, 5.729, 7.728, 5.723, 2.753, 4.931, 6.293, 3.227, 2.102, 3.161, 3.338, 1.703, 2.403, 2.179, 2.606, 4.418, 6.261, 7.078, 7.423, 7.891, 8.678, 8.936, 8.077, 7.712, 8.445, 9.522, 8.526, 6.856, 6.072, 6.087, 5.477, 5.809, 5.32, 4.929, 3.639, 1.54, 1.904, 4.748, 3.45, 1.614, 2.348], [4.013, 3.64, 3.991, 6.724, 3.891, 4.004, 4.319, 3.836, 5.188, 6.521, 5.382, 5.19, 6.981, 6.92, 5.144, 3.342, 2.97, 2.749, 2.015, 1.888, 2.923, 2.877, 2.409, 2.256, 1.954, 1.221, 1.367, 0.0, 2.001, 3.235, 1.917, 1.52, 3.723, 6.593, 8.774, 7.908, 6.855, 6.964, 7.393, 7.668, 7.534, 7.286, 7.707, 8.202, 9.432, 9.524, 9.171, 9.449, 11.08, 14.152, 14.917, 13.659, 11.021, 11.533, 12.952, 11.57, 9.095, 9.178, 10.574, 10.984, 8.895, 7.14, 7.946, 10.003, 9.686, 9.133, 10.628, 10.496, 8.08, 7.083, 6.84, 4.68, 2.567, 2.359, 2.935, 2.983, 2.07, 1.558, 1.555, 2.571, 3.288, 3.054, 2.839, 2.501, 2.527, 2.625, 2.365, 2.643, 2.406, 2.027, 2.361, 2.404, 1.233, 1.783, 2.86, 4.053, 4.966, 4.817, 4.156, 4.98, 5.434, 4.806, 4.468, 4.589, 3.007, 2.705, 3.29, 2.779, 2.655, 3.118, 4.823, 5.238, 4.165, 3.455, 2.905, 3.038, 4.355, 8.158, 9.314, 10.074, 9.614, 8.581, 7.392, 6.774, 5.641, 5.494, 5.429, 6.064, 6.905, 7.114, 6.891, 6.157, 6.4, 6.339, 6.51, 6.22, 5.752, 5.044, 4.375, 3.712, 4.335, 5.444, 6.237, 7.179, 6.233, 5.534, 5.953, 4.865, 3.066, 2.051, 2.248, 3.001, 3.713, 3.811, 2.76, 2.673, 4.135, 6.04, 6.092, 4.792, 4.085, 3.035