[[0.0, 1.236, 1.774, 2.877, 1.999, 2.939, 5.243, 4.899, 6.105, 6.097, 4.593, 4.148, 5.217, 6.349, 7.296, 7.548, 7.863, 7.646, 6.918, 7.473, 6.409, 4.05, 4.647, 7.149, 8.27, 9.219, 10.4, 10.75, 10.991, 11.019, 10.241, 9.539, 9.784, 9.629, 9.956, 10.896, 10.613, 8.604, 6.212, 6.737, 6.695, 6.332, 7.088, 6.84, 7.063, 7.545, 7.07, 7.753, 9.2, 10.287, 9.972, 9.254, 9.564, 10.37, 10.546, 8.266, 6.853, 7.385, 8.462, 7.033, 6.773, 9.606, 9.506, 8.016, 9.123, 9.521, 7.043, 6.278, 8.463, 9.594, 9.324, 8.349, 9.484, 8.964, 7.688, 6.305, 4.333, 3.335, 2.991, 2.686, 3.157, 2.637, 1.68, 1.768, 2.361, 2.493, 2.328, 3.393, 4.165, 4.676, 3.968, 3.676, 3.812, 5.57, 4.905, 4.136, 5.578, 6.399, 6.747, 6.576, 5.336, 3.333, 3.308, 4.801, 5.607, 6.018, 6.368, 6.801, 5.588, 4.6, 4.383, 5.0, 4.579, 3.909, 3.625, 3.551, 5.005, 5.193, 4.026, 5.472, 8.928, 9.579, 7.645, 6.916, 6.994, 7.327, 8.386, 11.812, 14.31, 13.302, 12.114, 9.945, 8.578, 9.241, 8.881, 8.997, 10.482, 10.832, 9.022, 11.036, 10.424, 9.75, 12.013, 13.42, 11.844, 10.35], [1.236, 0.0, 2.052, 3.172, 2.252, 3.267, 5.718, 5.347, 6.482, 6.435, 5.075, 4.59, 5.537, 6.781, 7.752, 8.005, 8.357, 8.063, 7.38, 7.893, 6.838, 4.531, 5.113, 7.657, 8.764, 9.645, 10.836, 11.175, 11.488, 11.473, 10.719, 10.046, 10.25, 10.131, 10.438, 11.379, 11.011, 9.087, 6.695, 7.244, 7.203, 6.825, 7.596, 7.347, 7.433, 7.964, 7.528, 7.954, 9.348, 10.615, 10.231, 9.503, 9.85, 10.717, 10.986, 8.631, 7.13, 7.822, 8.97, 7.537, 7.263, 10.113, 10.013, 8.523, 9.612, 9.954, 7.46, 6.71, 8.966, 10.101, 9.831, 8.857, 9.992, 9.471, 8.165, 6.78, 4.833, 3.521, 3.256, 3.198, 3.691, 3.532, 2.269, 2.435, 2.949, 3.228, 3.164, 3.751, 4.483, 5.015, 4.283, 4.037, 4.164, 5.731, 5.176, 4.212, 5.427, 5.974, 6.243, 6.042, 4.969, 3.207, 3.487, 4.551, 5.321, 5.597, 5.903, 6.24, 5.391, 4.493, 4.363, 4.703, 4.811, 4.458, 3.833, 4.016, 5.452, 5.7, 4.534, 5.931, 9.435, 10.069, 8.153, 7.397, 7.488, 7.797, 8.843, 12.312, 14.817, 13.719, 12.537, 10.356, 9.004, 9.673, 9.264, 9.385, 10.869, 11.319, 9.521, 11.543, 10.871, 10.249, 12.52, 13.862, 12.347, 10.833], [1.774, 2.052, 0.0, 1.839, 2.219, 1.946, 3.906, 3.507, 4.632, 4.648, 3.333, 2.885, 3.75, 5.032, 6.12, 6.243, 6.611, 6.314, 5.639, 6.144, 5.106, 2.968, 3.491, 5.865, 6.972, 7.823, 8.993, 9.337, 9.696, 9.681, 8.927, 8.254, 8.458, 8.339, 8.609, 9.535, 9.227, 7.243, 4.87, 5.452, 5.411, 5.033, 5.804, 5.555, 5.67, 6.219, 5.908, 6.714, 8.127, 9.084, 8.553, 8.107, 8.264, 8.919, 9.155, 6.831, 5.304, 6.042, 7.178, 5.805, 5.471, 8.321, 8.221, 6.748, 7.82, 8.189, 5.712, 4.951, 7.174, 8.309, 8.039, 7.065, 8.2, 7.679, 6.373, 4.988, 3.401, 2.59, 2.317, 2.456, 2.942, 2.92, 2.767, 2.745, 2.62, 3.265, 3.069, 3.792, 4.52, 5.255, 4.275, 3.734, 4.788, 6.806, 5.47, 5.364, 6.792, 7.599, 7.941, 7.736, 6.607, 4.684, 4.526, 6.019, 6.841, 7.27, 7.624, 8.066, 6.921, 5.859, 5.712, 6.408, 6.049, 5.002, 3.444, 2.515, 3.742, 3.909, 2.779, 4.139, 7.659, 8.277, 6.361, 5.609, 5.696, 6.005, 7.054, 10.521, 13.025, 11.97, 10.781, 8.641, 7.211, 7.952, 7.549, 7.547, 9.03, 9.527, 7.729, 9.751, 9.093, 8.454, 10.728, 12.088, 10.585, 9.036], [2.877, 3.172, 1.839, 0.0, 2.29, 1.565, 2.832, 2.942, 4.066, 4.215, 3.699, 2.947, 3.086, 3.918, 5.051, 5.218, 5.492, 5.375, 4.689, 5.27, 4.29, 2.288, 2.821, 4.71, 5.82, 6.67, 7.81, 8.185, 8.538, 8.572, 7.81, 7.13, 7.393, 7.208, 7.542, 8.39, 8.166, 6.151, 3.734, 4.269, 4.269, 4.288, 4.741, 4.413, 4.719, 5.096, 4.666, 5.392, 6.795, 7.798, 7.398, 6.798, 7.015, 7.812, 8.048, 5.804, 4.345, 4.898, 6.021, 4.624, 4.334, 7.134, 7.264, 6.172, 6.803, 7.175, 5.594, 4.78, 6.044, 7.165, 6.904, 5.922, 7.046, 6.601, 5.277, 3.832, 2.501, 2.258, 2.536, 2.528, 2.793, 2.748, 3.729, 3.119, 2.751, 3.628, 2.989, 2.684, 3.351, 4.619, 3.885, 2.537, 4.457, 6.611, 5.082, 5.755, 7.492, 8.634, 8.865, 8.689, 7.395, 5.021, 4.945, 6.725, 7.758, 8.281, 8.773, 9.159, 7.924, 6.479, 6.648, 7.483, 6.611, 4.556, 3.036, 2.27, 3.287, 3.281, 2.719, 3.492, 6.662, 7.288, 5.653, 4.558, 4.644, 4.963, 6.048, 9.576, 12.016, 10.993, 9.751, 7.827, 6.552, 7.117, 6.784, 6.568, 7.944, 8.415, 6.652, 8.683, 8.039, 7.533, 9.588, 11.142, 9.633, 8.118], [1.999, 2.252, 2.219, 2.29, 0.0, 2.105, 4.431, 4.41, 5.625, 5.571, 4.618, 3.625, 4.256, 5.617, 6.682, 6.749, 7.086, 6.79, 6.191, 6.626, 5.604, 3.471, 3.971, 6.393, 7.494, 8.358, 9.549, 9.887, 10.218, 10.203, 9.449, 8.776, 8.981, 8.86, 9.151, 10.091, 9.724, 7.8, 5.407, 5.974, 5.932, 5.69, 6.325, 6.077, 6.164, 6.682, 6.193, 6.636, 8.143, 9.273, 8.828, 8.159, 8.562, 9.435, 9.699, 7.364, 5.846, 6.551, 7.7, 6.268, 5.993, 8.843, 8.873, 7.345, 8.342, 8.685, 6.701, 6.042, 7.719, 8.831, 8.561, 7.586, 8.721, 8.216, 6.928, 5.533, 3.908, 3.246, 3.203, 2.939, 3.073, 2.747, 2.532, 2.005, 1.816, 2.5, 2.35, 2.712, 3.215, 3.68, 3.142, 3.096, 2.985, 4.873, 4.088, 3.996, 5.942, 7.025, 7.089, 7.123, 5.78, 3.312, 3.122, 4.812, 5.902, 6.486, 7.133, 7.415, 6.196, 4.637, 4.782, 5.861, 4.966, 3.194, 2.992, 3.044, 4.45, 4.81, 3.732, 4.864, 8.243, 8.897, 7.073, 6.214, 6.222, 6.526, 7.573, 11.058, 13.547, 12.493, 11.267, 9.177, 7.861, 8.492, 8.168, 8.196, 9.582, 10.049, 8.254, 10.273, 9.612, 9.098, 11.25, 12.604, 11.128, 9.591], [2.939, 3.267, 1.946, 1.565, 2.105, 0.0, 2.591, 2.825, 3.998, 3.942, 3.157, 2.354, 2.739, 3.737, 4.679, 4.766, 5.115, 4.908, 4.357, 4.789, 3.928, 2.158, 2.52, 4.495, 5.585, 6.511, 7.697, 8.065, 8.273, 8.294, 7.544, 6.788, 7.006, 6.873, 7.195, 8.121, 7.75, 5.877, 3.484, 4.005, 3.944, 3.793, 4.353, 4.107, 4.322, 4.928, 4.46, 5.131, 6.548, 7.673, 7.279, 6.641, 6.827, 7.653, 7.824, 5.569, 4.153, 4.744, 5.727, 4.37, 4.065, 6.855, 6.926, 5.529, 6.477, 6.749, 5.06, 4.377, 5.839, 6.843, 6.573, 5.609, 6.733, 6.282, 4.972, 3.69, 2.346, 1.942, 1.988, 1.828, 2.135, 2.509, 3.457, 2.649, 2.178, 3.368, 2.882, 2.547, 3.509, 4.699, 3.653, 2.223, 4.105, 6.317, 4.827, 5.609, 7.767, 8.851, 8.826, 8.963, 7.569, 4.701, 4.52, 6.598, 7.808, 8.388, 9.018, 9.337, 8.062, 6.536, 6.649, 7.635, 6.568, 4.118, 2.622, 1.693, 2.788, 3.034, 2.298, 3.018, 6.471, 7.068, 5.219, 4.452, 4.277, 4.538, 5.585, 9.113, 11.566, 10.649, 9.324, 7.409, 6.172, 6.943, 6.665, 6.46, 7.766, 8.075, 6.343, 8.295, 7.712, 7.364, 9.272, 10.662, 9.35, 7.782], [5.243, 5.718, 3.906, 2.832, 4.431, 2.591, 0.0, 1.513, 2.074, 2.158, 2.09, 1.76, 1.323, 2.075, 3.198, 3.257, 2.976, 2.768, 2.523, 2.719, 1.979, 1.744, 1.518, 2.162, 3.16, 4.001, 5.165, 5.533, 5.843, 5.969, 5.215, 4.427, 4.731, 4.536, 4.849, 5.699, 5.509, 3.435, 1.672, 1.913, 1.739, 1.92, 1.98, 1.837, 2.131, 2.792, 2.305, 3.397, 4.89, 5.751, 5.237, 4.997, 5.062, 5.463, 5.467, 3.403, 2.102, 2.378, 3.334, 2.297, 1.861, 4.427, 4.831, 3.799, 4.217, 4.672, 3.526, 3.024, 3.585, 4.528, 4.219, 3.231, 4.3, 3.983, 2.848, 1.795, 1.827, 2.794, 3.118, 3.318, 3.181, 4.018, 5.466, 4.708, 4.196, 5.353, 4.81, 4.179, 5.024, 6.694, 5.719, 3.572, 6.08, 8.303, 6.628, 7.821, 10.018, 11.163, 11.268, 11.339, 9.805, 6.882, 6.802, 9.013, 10.192, 10.735, 11.438, 11.784, 10.502, 8.976, 9.088, 9.967, 8.862, 6.009, 4.324, 2.866, 1.847, 1.547, 1.773, 1.899, 4.161, 5.012, 3.218, 2.285, 2.058, 2.314, 3.416, 6.883, 9.261, 8.518, 7.134, 5.344, 4.317, 4.851, 4.734, 4.342, 5.377, 5.754, 3.99, 5.957, 5.485, 5.269, 6.899, 8.486, 7.071, 5.462], [4.899, 5.347, 3.507, 2.942, 4.41, 2.825, 1.513, 0.0, 1.609, 1.876, 2.041, 2.268, 2.335, 2.255, 3.292, 3.319, 3.365, 3.075, 2.702, 2.969, 2.083, 2.146, 1.756, 2.53, 3.746, 4.57, 5.651, 6.066, 6.455, 6.441, 5.67, 4.808, 5.056, 4.891, 5.198, 6.097, 5.835, 4.0, 2.149, 2.549, 2.358, 2.063, 2.533, 2.711, 2.986, 3.226, 2.956, 3.949, 5.431, 6.258, 5.764, 5.5, 5.488, 5.979, 6.016, 3.743, 2.459, 3.054, 3.923, 2.884, 2.391, 4.837, 4.774, 3.816, 4.52, 4.996, 2.865, 2.703, 3.733, 4.862, 4.576, 3.744, 4.76, 4.287, 3.102, 2.088, 1.985, 2.68, 3.005, 3.205, 3.018, 3.965, 5.189, 4.557, 4.136, 5.136, 4.793, 4.85, 5.678, 6.662, 5.883, 4.377, 6.657, 8.873, 7.366, 7.713, 9.645, 10.801, 10.903, 10.977, 9.507, 7.004, 6.771, 8.64, 9.793, 10.345, 11.067, 11.413, 10.131, 8.642, 8.719, 9.674, 8.608, 6.743, 4.933, 2.997, 2.093, 1.922, 1.928, 2.389, 4.376, 4.909, 2.983, 2.408, 2.435, 2.626, 3.733, 7.2, 9.633, 8.677, 7.428, 5.517, 4.094, 5.04, 4.533, 4.267, 5.804, 6.161, 4.317, 6.325, 5.712, 5.278, 7.281, 8.768, 7.32, 5.859], [6.105, 6.482, 4.632, 4.066, 5.625, 3.998, 2.074, 1.609, 0.0, 1.227, 2.236, 2.777, 2.482, 2.423, 2.956, 3.213, 3.006, 2.431, 1.994, 2.106, 1.572, 2.87, 2.196, 1.685, 2.834, 3.442, 4.396, 4.786, 5.212, 5.236, 4.428, 3.788, 4.009, 3.851, 4.235, 5.084, 4.949, 3.268, 2.373, 2.423, 2.388, 1.875, 2.003, 2.229, 2.26, 2.092, 2.039, 2.829, 4.359, 5.157, 4.524, 4.555, 4.559, 4.747, 4.849, 2.757, 1.71, 2.236, 2.705, 2.07, 1.824, 3.745, 3.742, 3.381, 3.64, 3.91, 2.668, 2.721, 2.801, 3.813, 3.469, 2.606, 3.783, 3.524, 2.492, 2.251, 2.827, 3.627, 3.82, 4.184, 4.185, 5.02, 6.333, 5.631, 5.169, 6.375, 5.764, 5.621, 6.542, 7.636, 6.731, 5.174, 7.535, 9.699, 8.2, 8.663, 10.801, 11.944, 11.926, 12.073, 10.566, 7.812, 7.668, 9.77, 10.905, 11.489, 12.195, 12.541, 11.26, 9.848, 9.859, 10.819, 9.868, 7.672, 5.785, 3.806, 2.266, 1.823, 2.625, 2.419, 3.639, 4.147, 2.31, 1.921, 1.78, 1.75, 2.746, 6.241, 8.66, 7.847, 6.454, 4.582, 3.171, 4.161, 3.751, 3.194, 4.583, 5.108, 3.508, 5.419, 4.803, 4.528, 6.188, 7.92, 6.552, 4.947], [6.097, 6.435, 4.648, 4.215, 5.571, 3.942, 2.158, 1.876, 1.227, 0.0, 1.93, 2.688, 2.491, 2.868, 3.769, 3.742, 3.765, 2.849, 2.285, 2.234, 1.846, 2.808, 2.102, 1.825, 2.692, 3.348, 4.402, 4.797, 5.232, 5.22, 4.383, 3.63, 3.898, 3.734, 4.182, 5.034, 4.754, 3.509, 2.904, 2.581, 2.105, 1.541, 2.101, 1.815, 2.136, 2.264, 2.372, 3.147, 4.773, 5.664, 4.902, 5.003, 4.966, 5.095, 5.173, 3.072, 1.776, 2.311, 2.953, 2.407, 1.985, 3.699, 3.589, 2.773, 3.541, 3.863, 1.877, 1.742, 2.622, 3.697, 3.407, 2.748, 3.985, 3.255, 2.068, 2.071, 2.822, 3.703, 3.917, 4.165, 4.054, 4.775, 6.266, 5.575, 5.084, 6.264, 5.689, 5.799, 6.628, 7.682, 6.749, 5.294, 7.558, 9.744, 8.258, 8.639, 10.854, 11.998, 11.957, 12.1, 10.581, 7.82, 7.69, 9.761, 10.954, 11.533, 12.161, 12.513, 11.235, 9.754, 9.809, 10.811, 9.772, 7.727, 5.803, 3.834, 2.202, 1.709, 2.497, 1.916, 3.566, 4.141, 2.226, 1.912, 1.855, 1.708, 2.686, 6.177, 8.585, 7.649, 6.315, 4.462, 3.112, 4.053, 3.578, 3.06, 4.604, 5.058, 3.353, 5.27, 4.669, 4.415, 6.097, 7.752, 6.402, 4.928], [4.593, 5.075, 3.333, 3.699, 4.618, 3.157, 2.09, 2.041, 2.236, 1.93, 0.0, 1.322, 1.989, 3.314, 4.47, 4.312, 4.223, 3.902, 3.694, 3.78, 3.069, 2.199, 1.87, 3.049, 4.118, 4.742, 5.856, 6.218, 6.605, 6.806, 5.951, 5.103, 5.49, 5.279, 5.749, 6.536, 6.366, 4.517, 2.941, 2.721, 2.325, 2.389, 3.059, 2.679, 3.189, 3.749, 3.529, 4.679, 6.232, 6.94, 6.398, 6.363, 6.355, 6.663, 6.64, 4.67, 3.161, 3.466, 4.256, 3.468, 2.853, 5.039, 5.095, 3.928, 5.202, 5.535, 3.115, 2.409, 4.114, 5.212, 4.908, 3.977, 5.124, 4.697, 3.366, 2.428, 2.44, 2.792, 2.52, 2.855, 3.123, 3.537, 4.748, 4.165, 3.873, 5.103, 4.235, 5.028, 5.87, 6.798, 5.79, 4.534, 6.291, 8.335, 7.081, 7.291, 9.446, 10.527, 10.597, 10.72, 9.143, 6.427, 6.387, 8.483, 9.613, 10.118, 10.795, 11.153, 9.912, 8.562, 8.458, 9.303, 8.388, 6.513, 4.545, 2.707, 1.68, 1.759, 1.46, 2.125, 5.199, 5.709, 3.632, 3.453, 3.283, 3.178, 4.228, 7.741, 10.093, 9.359, 7.982, 6.108, 4.714, 5.783, 5.295, 4.784, 6.268, 6.595, 4.934, 6.816, 6.347, 6.021, 7.621, 9.392, 8.036, 6.519], [4.148, 4.59, 2.885, 2.947, 3.625, 2.354, 1.76, 2.268, 2.777, 2.688, 1.322, 0.0, 1.474, 3.081, 4.355, 4.341, 4.256, 4.152, 3.785, 3.936, 3.113, 1.737, 1.765, 3.343, 4.357, 5.086, 6.287, 6.623, 6.963, 7.189, 6.368, 5.615, 6.046, 5.761, 6.213, 6.993, 6.828, 4.792, 2.839, 2.821, 2.635, 2.717, 3.305, 2.986, 3.434, 3.914, 3.573, 4.66, 6.166, 6.922, 6.404, 6.215, 6.277, 6.649, 6.832, 4.762, 3.153, 3.582, 4.509, 3.414, 2.917, 5.523, 5.698, 4.409, 5.565, 5.882, 4.019, 3.346, 4.659, 5.729, 5.412, 4.388, 5.516, 5.256, 3.98, 2.675, 2.054, 2.319, 2.14, 2.496, 2.689, 3.019, 4.319, 3.556, 3.335, 4.449, 3.703, 4.158, 4.919, 6.021, 4.888, 3.677, 5.22, 7.273, 6.011, 6.616, 8.9, 10.046, 10.124, 10.235, 8.658, 5.622, 5.605, 7.903, 9.087, 9.633, 10.31, 10.668, 9.39, 7.849, 7.95, 8.815, 7.71, 5.48, 3.518, 2.137, 1.746, 1.926, 1.308, 2.174, 5.566, 6.247, 4.074, 3.66, 3.364, 3.594, 4.663, 8.233, 10.602, 9.881, 8.42, 6.571, 5.223, 6.067, 5.838, 5.32, 6.642, 7.033, 5.349, 7.259, 6.843, 6.579, 8.116, 9.846, 8.447, 6.829], [5.217, 5.537, 3.75, 3.086, 4.256, 2.739, 1.323, 2.335, 2.482, 2.491, 1.989, 1.474, 0.0, 2.449, 3.744, 3.747, 3.614, 3.578, 3.261, 3.356, 2.429, 1.782, 1.546, 2.823, 3.633, 4.249, 5.401, 5.728, 6.115, 6.342, 5.51, 4.788, 5.3, 4.964, 5.434, 6.222, 6.039, 4.007, 2.315, 2.224, 1.994, 2.404, 2.568, 2.142, 2.585, 3.061, 2.578, 3.505, 5.016, 5.737, 5.225, 5.107, 5.193, 5.595, 5.869, 4.116, 2.086, 2.553, 3.635, 2.459, 2.062, 4.64, 5.336, 4.086, 4.981, 5.372, 3.945, 3.269, 4.292, 5.174, 4.578, 3.547, 4.685, 4.648, 3.513, 2.462, 2.066, 2.756, 2.908, 3.108, 3.08, 3.909, 5.5, 4.59, 4.069, 5.414, 4.528, 4.0, 4.623, 6.302, 5.157, 3.461, 5.422, 7.482, 5.973, 7.439, 9.851, 10.997, 11.041, 11.165, 9.591, 6.311, 6.372, 8.832, 10.019, 10.562, 11.24, 11.598, 10.319, 8.781, 8.9, 9.814, 8.759, 5.669, 3.491, 2.302, 1.54, 1.725, 1.795, 2.143, 4.989, 5.912, 3.889, 3.137, 2.68, 2.966, 3.975, 7.405, 9.764, 9.331, 7.766, 6.114, 4.934, 5.594, 5.494, 4.976, 5.744, 6.227, 4.646, 6.537, 6.262, 6.163, 7.33, 9.094, 7.741, 6.156], [6.349, 6.781, 5.032, 3.918, 5.617, 3.737, 2.075, 2.255, 2.423, 2.868, 3.314, 3.081, 2.449, 0.0, 1.85, 2.173, 2.701, 2.969, 3.02, 3.053, 2.451, 3.211, 2.793, 2.521, 3.237, 3.638, 4.239, 4.632, 5.246, 5.545, 4.741, 3.997, 4.45, 4.394, 4.802, 5.517, 5.189, 3.328, 2.044, 2.244, 2.415, 3.038, 2.426, 2.127, 2.596, 2.645, 2.36, 2.863, 4.259, 4.602, 4.284, 4.337, 4.076, 4.406, 5.164, 3.72, 1.843, 1.818, 2.462, 1.865, 1.675, 3.815, 5.085, 4.596, 4.643, 4.918, 4.386, 4.292, 3.974, 4.702, 3.487, 2.562, 3.718, 4.215, 3.241, 2.488, 2.61, 3.719, 3.928, 4.158, 3.944, 4.857, 6.528, 5.58, 5.034, 6.434, 5.595, 4.306, 5.52, 7.522, 6.161, 3.786, 6.013, 7.863, 6.319, 8.705, 11.121, 12.267, 12.276, 12.401, 10.823, 7.283, 7.454, 10.068, 11.255, 11.803, 12.501, 12.847, 11.564, 10.039, 10.151, 11.069, 9.964, 6.648, 4.183, 3.492, 2.532, 3.02, 3.616, 3.566, 4.573, 5.484, 3.935, 2.728, 2.496, 2.695, 3.376, 6.594, 9.153, 8.889, 7.275, 5.717, 4.894, 5.383, 5.337, 4.713, 5.032, 5.421, 3.994, 5.995, 5.817, 5.71, 6.834, 8.468, 7.175, 5.594], [7.296, 7.752, 6.12, 5.051, 6.682, 4.679, 3.198, 3.292, 2.956, 3.769, 4.47, 4.355, 3.744, 1.85, 0.0, 1.198, 1.593, 1.915, 2.75, 2.893, 2.815, 4.355, 3.868, 2.564, 3.15, 3.321, 3.631, 3.958, 4.223, 4.485, 4.029, 3.582, 3.185, 3.497, 3.586, 4.121, 4.037, 2.558, 2.417, 3.049, 3.457, 3.933, 2.994, 2.8, 3.097, 2.93, 2.448, 2.494, 2.982, 3.743, 3.309, 3.069, 2.985, 3.503, 3.852, 2.726, 2.676, 2.529, 2.173, 2.197, 2.459, 3.45, 4.851, 4.955, 4.236, 4.34, 5.025, 5.168, 3.437, 3.617, 2.912, 2.121, 2.72, 3.26, 3.739, 3.606, 3.761, 4.701, 4.978, 5.018, 4.799, 5.739, 7.355, 6.441, 5.969, 7.307, 6.667, 5.352, 6.628, 8.662, 7.254, 4.665, 7.258, 9.362, 7.504, 9.731, 12.07, 13.217, 13.225, 13.349, 11.829, 8.441, 8.412, 11.016, 12.203, 12.752, 13.471, 13.817, 12.535, 11.009, 11.121, 12.041, 10.927, 7.587, 5.439, 4.738, 4.089, 4.146, 4.776, 4.604, 3.883, 4.378, 4.131, 3.115, 2.888, 2.713, 3.007, 5.189, 7.674, 7.458, 5.865, 5.122, 4.684, 5.076, 5.061, 4.521, 4.078, 4.068, 3.084, 4.506, 4.396, 4.48, 5.421, 6.972, 5.688, 4.26], [7.548, 8.005, 6.243, 5.218, 6.749, 4.766, 3.257, 3.319, 3.213, 3.742, 4.312, 4.341, 3.747, 2.173, 1.198, 0.0, 1.288, 1.956, 3.097, 3.21, 3.082, 4.386, 3.877, 2.678, 3.118, 3.302, 3.916, 4.304, 4.558, 4.745, 4.245, 3.987, 3.392, 3.543, 3.494, 3.86, 3.553, 2.053, 2.363, 2.859, 3.278, 3.899, 3.007, 2.824, 2.94, 3.082, 2.615, 2.877, 2.918, 3.647, 3.165, 3.149, 2.939, 3.332, 3.663, 3.105, 2.932, 2.589, 2.489, 2.362, 2.467, 3.787, 5.079, 5.271, 4.562, 4.627, 5.028, 5.003, 3.652, 3.781, 3.133, 2.276, 2.41, 2.748, 3.621, 3.398, 3.893, 5.058, 5.307, 5.271, 5.044, 5.857, 7.627, 6.688, 6.138, 7.601, 6.888, 5.709, 6.988, 8.926, 7.623, 5.017, 7.629, 9.751, 7.909, 10.079, 12.414, 13.56, 13.527, 13.663, 12.164, 8.71, 8.75, 11.318, 12.517, 13.096, 13.725, 14.083, 12.805, 11.264, 11.365, 12.309, 11.203, 7.862, 5.699, 4.782, 3.992, 4.127, 4.759, 4.492, 4.088, 4.613, 4.498, 3.294, 3.176, 2.875, 3.265, 5.373, 7.469, 7.208, 5.814, 5.311, 4.988, 5.33, 5.249, 4.803, 4.272, 3.807, 3.344, 4.167, 4.382, 4.666, 5.332, 6.542, 5.511, 4.457], [7.863, 8.357, 6.611, 5.492, 7.086, 5.115, 2.976, 3.365, 3.006, 3.765, 4.223, 4.256, 3.614, 2.701, 1.593, 1.288, 0.0, 1.615, 2.634, 2.803, 2.763, 4.252, 3.731, 2.32, 2.868, 3.263, 3.953, 4.302, 4.308, 4.518, 4.197, 3.779, 3.332, 3.324, 3.201, 3.437, 3.288, 1.612, 2.335, 2.771, 3.185, 3.691, 2.628, 2.672, 2.873, 2.996, 2.338, 2.598, 2.543, 3.371, 2.9, 2.656, 2.718, 3.105, 3.212, 2.802, 2.942, 2.553, 2.355, 2.252, 2.437, 3.634, 4.807, 4.762, 4.132, 4.382, 4.827, 4.939, 3.417, 3.579, 3.081, 2.099, 1.903, 2.46, 3.557, 3.299, 4.328, 5.395, 5.72, 5.74, 5.468, 6.319, 7.926, 7.061, 6.627, 7.921, 7.321, 6.199, 7.301, 9.317, 7.999, 5.449, 8.166, 10.376, 8.466, 10.423, 12.731, 13.85, 13.91, 14.017, 12.486, 9.284, 9.187, 11.673, 12.856, 13.4, 14.077, 14.435, 13.157, 11.616, 11.716, 12.598, 11.462, 8.196, 6.29, 5.171, 4.0, 3.904, 4.36, 4.335, 3.554, 4.261, 3.956, 2.88, 2.685, 2.627, 3.093, 4.823, 6.796, 6.595, 5.563, 5.002, 4.656, 5.013, 5.007, 4.647, 4.271, 3.405, 3.028, 3.775, 4.054, 4.311, 4.876, 5.982, 4.977, 4.008], [7.646, 8.063, 6.314, 5.375, 6.79, 4.908, 2.768, 3.075, 2.431, 2.849, 3.902, 4.152, 3.578, 2.969, 1.915, 1.956, 1.615, 0.0, 1.749, 1.78, 2.145, 3.971, 3.43, 1.673, 2.489, 2.936, 3.632, 3.806, 3.693, 3.727, 3.358, 3.311, 2.617, 2.989, 3.096, 3.536, 3.457, 2.279, 2.274, 2.559, 2.941, 3.01, 2.215, 2.502, 2.336, 2.355, 2.152, 2.803, 2.87, 3.879, 3.254, 3.198, 3.145, 3.475, 3.334, 1.927, 2.669, 2.554, 2.332, 2.31, 2.364, 3.22, 3.762, 3.962, 3.194, 3.208, 3.783, 3.95, 2.455, 2.585, 2.549, 2.047, 2.509, 2.297, 2.843, 2.862, 4.135, 5.367, 5.71, 5.683, 5.409, 6.226, 7.879, 6.996, 6.589, 7.851, 7.309, 6.512, 7.514, 9.308, 8.203, 5.72, 8.493, 10.716, 9.02, 10.385, 12.604, 13.667, 13.641, 13.819, 12.41, 9.379, 9.223, 11.41, 12.62, 13.204, 13.827, 14.135, 12.874, 11.34, 11.446, 12.42, 11.339, 8.395, 6.75, 5.387, 3.922, 3.522, 4.115, 3.648, 2.937, 3.053, 3.165, 2.122, 2.096, 1.844, 2.147, 4.286, 6.766, 6.034, 4.664, 3.651, 3.532, 3.677, 3.666, 3.415, 3.529, 3.517, 2.519, 3.619, 3.128, 3.168, 4.479, 5.903, 4.596, 3.225], [6.918, 7.38, 5.639, 4.689, 6.191, 4.357, 2.523, 2.702, 1.994, 2.285, 3.694, 3.785, 3.261, 3.02, 2.75, 3.097, 2.634, 1.749, 0.0, 1.216, 1.652, 3.103, 2.594, 1.659, 2.288, 3.042, 3.759, 4.011, 4.138, 4.196, 3.459, 2.96, 2.951, 2.845, 3.193, 4.084, 4.158, 2.953, 2.553, 2.885, 3.121, 2.591, 2.079, 2.497, 2.344, 1.839, 1.574, 1.943, 2.991, 4.166, 3.693, 3.259, 3.297, 3.678, 3.766, 1.518, 1.966, 2.141, 2.179, 1.87, 1.989, 2.971, 3.144, 3.005, 2.632, 2.755, 2.933, 3.366, 1.992, 2.77, 2.597, 2.405, 3.393, 2.891, 2.47, 2.841, 3.837, 4.857, 5.21, 5.159, 5.04, 6.034, 7.348, 6.611, 6.185, 7.306, 6.724, 6.155, 7.175, 8.709, 7.723, 5.581, 8.214, 10.432, 8.864, 9.823, 11.889, 12.955, 13.029, 13.126, 11.736, 8.895, 8.724, 10.752, 11.895, 12.48, 13.098, 13.456, 12.178, 10.675, 10.778, 11.703, 10.631, 8.15, 6.527, 4.934, 3.313, 2.877, 3.337, 3.194, 2.495, 2.968, 2.139, 1.451, 1.407, 1.433, 1.851, 4.932, 7.44, 6.525, 5.276, 3.404, 2.619, 3.116, 2.916, 2.8, 3.727, 4.01, 2.456, 4.229, 3.567, 3.176, 5.143, 6.523, 5.15, 3.625], [7.473, 7.893, 6.144, 5.27, 6.626, 4.789, 2.719, 2.969, 2.106, 2.234, 3.78, 3.936, 3.356, 3.053, 2.893, 3.21, 2.803, 1.78, 1.216, 0.0, 1.417, 3.653, 3.11, 1.649, 2.087, 2.678, 3.361, 3.472, 3.698, 3.682, 2.923, 2.405, 2.492, 2.367, 2.671, 3.548, 3.729, 2.609, 2.825, 2.739, 2.732, 2.229, 1.637, 2.188, 1.936, 1.801, 1.931, 2.134, 3.208, 4.452, 3.855, 3.512, 3.534, 3.695, 3.45, 1.643, 1.886, 2.224, 1.927, 2.056, 1.886, 2.364, 2.642, 2.567, 2.058, 2.48, 2.67, 3.013, 1.828, 2.467, 2.13, 1.978, 2.92, 2.705, 2.347, 2.683, 4.083, 5.303, 5.63, 5.65, 5.411, 6.226, 7.784, 6.978, 6.503, 7.704, 7.25, 6.484, 7.395, 9.172, 8.045, 5.893, 8.375, 10.583, 9.053, 10.304, 12.442, 13.502, 13.502, 13.648, 12.259, 9.249, 9.048, 11.245, 12.447, 13.035, 13.654, 13.961, 12.701, 11.175, 11.282, 12.257, 11.162, 8.363, 6.636, 5.201, 3.556, 2.937, 3.752, 2.916, 2.136, 2.906, 1.823, 1.528, 1.472, 1.194, 1.333, 4.437, 6.935, 6.24, 4.791, 2.949, 2.171, 2.571, 2.41, 2.344, 3.167, 3.48, 2.06, 3.716, 3.284, 3.013, 4.698, 6.039, 4.71, 3.109], [6.409, 6.838, 5.106, 4.29, 5.604, 3.928, 1.979, 2.083, 1.572, 1.846, 3.069, 3.113, 2.429, 2.451, 2.815, 3.082, 2.763, 2.145, 1.652, 1.417, 0.0, 2.642, 1.975, 1.397, 2.278, 3.201, 4.186, 4.525, 4.677, 4.731, 4.001, 3.322, 3.659, 3.337, 3.728, 4.618, 4.396, 2.815, 2.257, 2.312, 2.255, 2.028, 1.608, 1.809, 1.946, 1.941, 1.799, 2.445, 3.914, 4.969, 4.31, 4.208, 4.22, 4.413, 4.37, 2.468, 1.586, 1.997, 2.251, 1.737, 1.609, 3.276, 3.708, 3.013, 2.987, 3.542, 2.722, 2.9, 2.647, 3.58, 3.103, 2.228, 3.426, 3.248, 2.521, 2.237, 3.334, 4.368, 4.674, 4.683, 4.456, 5.416, 6.786, 6.081, 5.618, 6.668, 6.266, 5.664, 6.533, 8.19, 7.143, 5.08, 7.448, 9.618, 8.075, 9.351, 11.355, 12.509, 12.59, 12.626, 11.198, 8.334, 8.203, 10.27, 11.4, 12.0, 12.628, 12.933, 11.673, 10.139, 10.206, 11.182, 10.132, 7.384, 5.641, 4.296, 2.641, 2.152, 2.677, 2.498, 2.935, 3.907, 2.3, 1.459, 1.255, 1.418, 2.317, 5.605, 8.06, 7.339, 5.9, 4.071, 3.113, 3.504, 3.365, 3.356, 4.246, 4.548, 2.828, 4.793, 4.328, 4.05, 5.764, 7.124, 5.63, 4.304], [4.05, 4.531, 2.968, 2.288, 3.471, 2.158, 1.744, 2.146, 2.87, 2.808, 2.199, 1.737, 1.782, 3.211, 4.355, 4.386, 4.252, 3.971, 3.103, 3.653, 2.642, 0.0, 0.958, 3.268, 4.35, 5.276, 6.48, 6.827, 7.074, 7.164, 6.375, 5.632, 5.934, 5.779, 6.118, 7.034, 6.778, 4.719, 2.879, 3.136, 2.882, 2.758, 3.181, 2.984, 3.199, 3.694, 3.232, 3.999, 5.443, 6.496, 6.104, 5.49, 5.73, 6.485, 6.72, 4.405, 3.007, 3.469, 4.585, 3.139, 2.908, 5.699, 5.787, 4.349, 5.273, 5.676, 3.912, 3.14, 4.604, 5.702, 5.446, 4.449, 5.577, 5.058, 3.893, 2.8, 2.328, 2.527, 2.797, 2.889, 3.039, 4.0, 5.019, 4.443, 3.918, 4.827, 4.318, 4.316, 4.952, 6.161, 5.316, 3.676, 5.727, 7.937, 6.424, 7.274, 9.006, 10.077, 10.39, 10.255, 8.963, 6.462, 6.272, 8.154, 9.088, 9.648, 10.206, 10.568, 9.316, 7.833, 7.933, 8.719, 7.77, 5.804, 4.091, 2.696, 1.86, 2.148, 1.452, 2.3, 5.053, 5.808, 4.064, 3.067, 3.144, 3.477, 4.535, 7.962, 10.429, 9.452, 8.279, 6.157, 4.994, 5.436, 5.189, 5.271, 6.614, 6.998, 5.179, 7.144, 6.574, 5.98, 8.15, 9.57, 8.019, 6.517], [4.647, 5.113, 3.491, 2.821, 3.971, 2.52, 1.518, 1.756, 2.196, 2.102, 1.87, 1.765, 1.546, 2.793, 3.868, 3.877, 3.731, 3.43, 2.594, 3.11, 1.975, 0.958, 0.0, 2.643, 3.671, 4.627, 5.847, 6.194, 6.421, 6.546, 5.753, 4.98, 5.336, 5.136, 5.521, 6.401, 6.158, 4.122, 2.643, 2.909, 2.459, 2.246, 2.645, 2.363, 2.721, 3.11, 2.674, 3.616, 5.052, 6.028, 5.564, 5.151, 5.285, 5.917, 6.13, 3.861, 2.388, 2.888, 3.942, 2.503, 2.298, 5.028, 5.075, 3.668, 4.684, 5.109, 3.283, 2.635, 4.009, 5.076, 4.803, 3.806, 4.899, 4.422, 3.288, 2.573, 2.206, 2.72, 3.033, 3.069, 3.003, 4.009, 5.219, 4.613, 4.049, 5.028, 4.524, 4.559, 5.276, 6.451, 5.531, 3.982, 6.104, 8.257, 6.819, 7.594, 9.478, 10.671, 10.894, 10.856, 9.41, 6.718, 6.556, 8.564, 9.64, 10.195, 10.872, 11.208, 9.955, 8.417, 8.484, 9.321, 8.239, 6.166, 4.319, 2.767, 1.624, 1.735, 1.53, 2.07, 4.502, 5.284, 3.335, 2.52, 2.518, 2.863, 3.932, 7.442, 9.837, 8.955, 7.685, 5.622, 4.414, 4.98, 4.756, 4.658, 6.031, 6.365, 4.569, 6.532, 5.955, 5.554, 7.507, 9.001, 7.438, 6.016], [7.149, 7.657, 5.865, 4.71, 6.393, 4.495, 2.162, 2.53, 1.685, 1.825, 3.049, 3.343, 2.823, 2.521, 2.564, 2.678, 2.32, 1.673, 1.659, 1.649, 1.397, 3.268, 2.643, 0.0, 1.566, 2.292, 3.47, 3.825, 3.975, 4.321, 3.623, 2.843, 2.898, 2.664, 3.109, 3.912, 3.776, 2.088, 1.704, 1.731, 1.931, 1.885, 1.13, 1.459, 1.487, 1.466, 1.527, 2.356, 3.803, 4.706, 3.997, 3.978, 4.057, 4.151, 3.992, 2.044, 1.913, 1.746, 1.683, 1.427, 1.438, 2.593, 3.25, 3.167, 2.729, 3.071, 2.841, 2.867, 1.981, 2.647, 2.303, 1.4, 2.483, 2.174, 1.729, 1.764, 3.379, 4.704, 5.001, 5.071, 4.716, 5.529, 7.182, 6.416, 5.974, 7.164, 6.592, 5.912, 6.904, 8.503, 7.589, 5.187, 7.949, 10.151, 8.448, 9.75, 11.989, 13.135, 13.192, 13.302, 11.724, 8.785, 8.772, 10.987, 12.157, 12.7, 13.377, 13.735, 12.457, 10.916, 11.017, 11.884, 10.747, 7.877, 6.139, 4.679, 3.063, 2.28, 3.135, 2.52, 2.417, 3.267, 2.324, 1.222, 1.271, 1.194, 1.998, 5.085, 7.441, 6.599, 5.294, 3.938, 3.21, 3.629, 3.487, 3.092, 3.77, 3.955, 2.236, 4.131, 3.582, 3.372, 4.96, 6.661, 5.242, 3.827], [8.27, 8.764, 6.972, 5.82, 7.494, 5.585, 3.16, 3.746, 2.834, 2.692, 4.118, 4.357, 3.633, 3.237, 3.15, 3.118, 2.868, 2.489, 2.288, 2.087, 2.278, 4.35, 3.671, 1.566, 0.0, 1.326, 2.424, 2.832, 3.002, 3.281, 2.73, 1.983, 2.217, 1.62, 2.031, 2.808, 2.77, 2.139, 2.454, 2.41, 2.651, 2.29, 1.604, 1.969, 1.694, 1.523, 2.011, 2.454, 3.567, 4.715, 4.099, 3.802, 3.883, 3.94, 3.648, 2.312, 2.447, 2.149, 1.929, 1.973, 2.024, 2.195, 2.897, 2.677, 2.374, 2.67, 2.502, 2.863, 1.784, 2.188, 1.787, 1.616, 2.06, 1.648, 1.623, 2.603, 4.428, 5.777, 6.052, 6.173, 5.987, 6.637, 8.365, 7.578, 7.037, 8.254, 7.649, 6.697, 7.674, 9.568, 8.53, 5.995, 8.687, 10.825, 9.062, 10.803, 13.044, 14.217, 14.305, 14.41, 12.842, 9.748, 9.702, 12.077, 13.255, 13.807, 14.485, 14.843, 13.564, 12.024, 12.124, 12.962, 11.792, 8.626, 6.784, 5.587, 4.037, 3.38, 4.329, 2.998, 1.837, 3.306, 2.326, 1.809, 1.853, 1.915, 2.346, 4.249, 6.378, 5.905, 4.466, 3.381, 2.722, 3.147, 3.122, 2.721, 2.85, 2.826, 1.381, 3.068, 2.889, 2.849, 4.008, 5.571, 4.196, 2.91], [9.219, 9.645, 7.823, 6.67, 8.358, 6.511, 4.001, 4.57, 3.442, 3.348, 4.742, 5.086, 4.249, 3.638, 3.321, 3.302, 3.263, 2.936, 3.042, 2.678, 3.201, 5.276, 4.627, 2.292, 1.326, 0.0, 1.405, 1.823, 2.412, 2.772, 2.08, 1.731, 2.089, 1.834, 1.805, 2.54, 2.789, 2.532, 3.129, 2.894, 3.103, 3.098, 2.413, 2.685, 2.358, 1.936, 2.633, 2.871, 3.832, 4.849, 4.246, 4.13, 4.078, 4.046, 3.931, 2.541, 2.85, 2.51, 2.165, 2.585, 2.658, 2.02, 2.741, 2.77, 2.355, 2.451, 3.079, 3.455, 1.898, 2.029, 1.72, 1.874, 2.207, 1.945, 2.102, 3.162, 4.988, 6.447, 6.671, 6.961, 6.768, 7.397, 9.316, 8.432, 7.818, 9.172, 8.333, 7.03, 8.138, 10.222, 9.111, 6.569, 9.17, 11.297, 9.415, 11.534, 13.894, 15.067, 15.116, 15.26, 13.685, 10.274, 10.359, 12.928, 14.114, 14.658, 15.365, 15.711, 14.428, 12.903, 13.015, 13.871, 12.728, 9.397, 7.162, 6.025, 4.599, 4.162, 5.306, 3.894, 2.173, 3.521, 2.741, 2.636, 2.781, 2.475, 2.565, 4.186, 5.86, 5.573, 3.998, 2.969, 2.566, 2.843, 2.775, 2.236, 2.094, 2.401, 1.442, 2.776, 2.67, 2.806, 3.568, 5.237, 4.019, 2.957], [10.4, 10.836, 8.993, 7.81, 9.549, 7.697, 5.165, 5.651, 4.396, 4.402, 5.856, 6.287, 5.401, 4.239, 3.631, 3.916, 3.953, 3.632, 3.759, 3.361, 4.186, 6.48, 5.847, 3.47, 2.424, 1.405, 0.0, 1.028, 1.976, 2.512, 2.049, 1.869, 2.093, 2.217, 1.9, 2.239, 2.747, 3.262, 4.35, 3.971, 4.154, 4.278, 3.572, 3.701, 3.555, 2.921, 3.539, 3.458, 3.887, 4.703, 4.351, 4.276, 3.997, 3.927, 4.005, 2.904, 3.732, 3.297, 2.455, 3.481, 3.71, 2.078, 2.754, 3.1, 2.535, 2.538, 3.783, 4.472, 2.266, 2.172, 1.82, 2.385, 2.553, 2.743, 3.027, 4.235, 6.154, 7.561, 7.8, 8.147, 7.93, 8.575, 10.503, 9.612, 8.993, 10.37, 9.53, 7.991, 9.231, 11.367, 10.177, 7.679, 9.976, 11.82, 10.054, 12.705, 15.039, 16.225, 16.278, 16.434, 14.876, 11.333, 11.496, 14.081, 15.263, 15.823, 16.556, 16.902, 15.62, 14.094, 14.206, 15.074, 13.938, 10.579, 7.87, 7.11, 5.517, 5.348, 6.494, 5.092, 2.657, 3.565, 3.209, 3.727, 3.732, 3.437, 2.869, 3.943, 5.51, 5.323, 3.82, 2.808, 2.713, 2.866, 2.763, 2.355, 1.737, 2.165, 1.779, 2.649, 2.688, 2.831, 3.373, 4.797, 3.908, 3.047], [10.75, 11.175, 9.337, 8.185, 9.887, 8.065, 5.533, 6.066, 4.786, 4.797, 6.218, 6.623, 5.728, 4.632, 3.958, 4.304, 4.302, 3.806, 4.011, 3.472, 4.525, 6.827, 6.194, 3.825, 2.832, 1.823, 1.028, 0.0, 1.494, 1.972, 1.632, 1.899, 1.94, 2.146, 1.879, 1.77, 2.873, 3.595, 4.738, 4.384, 4.57, 4.647, 3.942, 4.067, 3.94, 3.301, 3.877, 3.628, 3.523, 4.278, 4.033, 3.885, 3.595, 3.508, 3.549, 2.999, 4.076, 3.521, 2.713, 3.827, 4.074, 2.158, 2.434, 3.201, 2.323, 2.138, 4.194, 4.877, 2.598, 1.969, 2.186, 2.798, 2.851, 3.132, 3.432, 4.646, 6.501, 7.975, 8.203, 8.512, 8.311, 8.944, 10.872, 9.98, 9.369, 10.728, 9.896, 8.402, 9.615, 11.752, 10.524, 8.022, 10.326, 12.228, 10.433, 13.049, 15.409, 16.582, 16.629, 16.775, 15.214, 11.706, 11.835, 14.442, 15.629, 16.172, 16.894, 17.241, 15.958, 14.433, 14.544, 15.42, 14.286, 10.936, 8.331, 7.478, 5.948, 5.716, 6.862, 5.45, 2.727, 3.067, 3.424, 4.116, 4.049, 3.822, 2.807, 3.492, 5.062, 4.9, 3.378, 2.299, 2.498, 2.466, 2.646, 2.213, 1.164, 1.871, 2.157, 2.1, 2.229, 2.405, 2.881, 4.288, 3.433, 2.564], [10.991, 11.488, 9.696, 8.538, 10.218, 8.273, 5.843, 6.455, 5.212, 5.232, 6.605, 6.963, 6.115, 5.246, 4.223, 4.558, 4.308, 3.693, 4.138, 3.698, 4.677, 7.074, 6.421, 3.975, 3.002, 2.412, 1.976, 1.494, 0.0, 1.072, 1.214, 2.092, 2.111, 2.323, 2.157, 1.958, 3.179, 3.946, 4.987, 4.799, 4.998, 4.835, 4.13, 4.389, 4.238, 3.575, 4.33, 4.025, 3.508, 4.33, 4.236, 3.872, 3.524, 3.42, 3.263, 2.975, 4.611, 4.175, 3.327, 4.288, 4.326, 2.203, 2.311, 3.334, 2.274, 1.92, 4.522, 5.206, 3.008, 1.846, 2.628, 3.242, 3.194, 3.283, 3.787, 5.098, 7.001, 8.39, 8.612, 8.675, 8.566, 9.265, 11.03, 10.161, 9.635, 10.996, 10.187, 8.921, 10.141, 12.196, 10.886, 8.346, 10.79, 12.845, 11.152, 13.417, 15.785, 16.94, 17.01, 17.133, 15.555, 12.149, 12.187, 14.799, 15.983, 16.531, 17.208, 17.566, 16.288, 14.747, 14.848, 15.686, 14.543, 11.175, 8.999, 7.97, 6.289, 5.888, 7.022, 5.635, 2.607, 2.51, 3.621, 4.296, 4.224, 4.075, 3.009, 2.771, 4.08, 3.838, 2.352, 1.868, 2.595, 2.045, 2.524, 2.296, 1.258, 1.841, 2.52, 1.565, 1.482, 1.936, 2.011, 3.501, 2.617, 1.723], [11.019, 11.473, 9.681, 8.572, 10.203, 8.294, 5.969, 6.441, 5.236, 5.22, 6.806, 7.189, 6.342, 5.545, 4.485, 4.745, 4.518, 3.727, 4.196, 3.682, 4.731, 7.164, 6.546, 4.321, 3.281, 2.772, 2.512, 1.972, 1.072, 0.0, 1.088, 2.192, 2.335, 2.465, 2.184, 1.97, 3.174, 4.103, 5.26, 5.136, 5.308, 4.947, 4.318, 4.594, 4.417, 3.776, 4.539, 4.219, 3.575, 4.607, 4.467, 3.98, 3.741, 3.635, 3.277, 3.076, 4.709, 4.528, 3.815, 4.49, 4.494, 2.623, 2.36, 3.42, 2.348, 1.997, 4.496, 5.178, 3.102, 2.11, 3.028, 3.566, 3.543, 3.51, 3.908, 5.328, 7.259, 8.575, 8.826, 8.923, 8.774, 9.456, 11.22, 10.281, 9.848, 11.101, 10.469, 9.299, 10.381, 12.424, 11.042, 8.526, 11.194, 13.298, 11.584, 13.546, 15.875, 17.021, 17.002, 17.124, 15.605, 12.327, 12.238, 14.786, 15.978, 16.557, 17.194, 17.552, 16.273, 14.732, 14.833, 15.769, 14.654, 11.365, 9.368, 8.252, 6.567, 6.167, 7.197, 5.694, 2.793, 2.129, 3.755, 4.362, 4.348, 4.125, 3.191, 2.161, 3.754, 3.424, 1.912, 1.812, 2.512, 2.015, 2.566, 2.418, 1.381, 1.98, 2.6, 1.56, 1.408, 1.885, 1.789, 3.055, 2.103, 1.344], [10.241, 10.719, 8.927, 7.81, 9.449, 7.544, 5.215, 5.67, 4.428, 4.383, 5.951, 6.368, 5.51, 4.741, 4.029, 4.245, 4.197, 3.358, 3.459, 2.923, 4.001, 6.375, 5.753, 3.623, 2.73, 2.08, 2.049, 1.632, 1.214, 1.088, 0.0, 1.434, 1.694, 1.918, 1.811, 1.988, 3.099, 3.868, 4.527, 4.283, 4.393, 4.117, 3.605, 3.958, 3.722, 2.937, 3.862, 3.574, 3.572, 4.544, 4.389, 4.036, 3.666, 3.505, 3.306, 2.467, 3.848, 3.825, 3.123, 3.862, 3.738, 1.829, 1.748, 2.697, 1.773, 1.452, 3.736, 4.378, 2.323, 1.445, 2.134, 2.924, 3.227, 3.034, 3.133, 4.49, 6.394, 7.755, 7.953, 8.011, 7.831, 8.565, 10.395, 9.447, 8.919, 10.327, 9.522, 8.382, 9.599, 11.538, 10.178, 7.726, 10.279, 12.442, 10.771, 12.73, 15.096, 16.243, 16.241, 16.364, 14.833, 11.349, 11.418, 14.032, 15.219, 15.778, 16.439, 16.797, 15.519, 13.978, 14.079, 14.991, 13.863, 10.537, 8.457, 7.361, 5.579, 5.286, 6.422, 4.889, 2.197, 1.991, 2.999, 3.643, 3.648, 3.306, 2.358, 2.657, 4.556, 4.239, 2.65, 1.573, 1.911, 1.684, 2.115, 1.804, 1.103, 1.898, 2.095, 1.711, 1.469, 1.594, 2.317, 3.891, 2.758, 1.681], [9.539, 10.046, 8.254, 7.13, 8.776, 6.788, 4.427, 4.808, 3.788, 3.63, 5.103, 5.615, 4.788, 3.997, 3.582, 3.987, 3.779, 3.311, 2.96, 2.405, 3.322, 5.632, 4.98, 2.843, 1.983, 1.731, 1.869, 1.899, 2.092, 2.192, 1.434, 0.0, 1.662, 1.374, 1.561, 2.011, 2.726, 3.405, 3.853, 3.389, 3.402, 3.251, 2.654, 3.037, 2.988, 2.3, 3.069, 2.78, 3.745, 4.958, 4.647, 4.254, 4.08, 3.98, 3.792, 2.387, 3.128, 2.954, 2.324, 2.987, 3.003, 1.128, 1.667, 1.95, 1.517, 1.683, 2.76, 3.441, 1.865, 1.443, 1.589, 2.246, 2.655, 2.556, 2.207, 3.55, 5.649, 6.977, 7.233, 7.193, 6.893, 7.624, 9.519, 8.621, 8.053, 9.519, 8.776, 7.576, 8.825, 10.803, 9.451, 6.975, 9.48, 11.649, 9.94, 12.035, 14.344, 15.499, 15.557, 15.692, 14.155, 10.733, 10.745, 13.358, 14.546, 15.089, 15.767, 16.125, 14.846, 13.306, 13.406, 14.244, 13.102, 9.783, 7.722, 6.601, 4.949, 4.487, 5.582, 4.143, 1.569, 2.542, 2.083, 2.744, 2.744, 2.476, 2.029, 3.139, 5.285, 5.066, 3.539, 2.349, 1.983, 2.345, 2.252, 1.965, 1.849, 2.123, 1.425, 2.199, 2.181, 2.189, 3.01, 4.649, 3.462, 2.461], [9.784, 10.25, 8.458, 7.393, 8.981, 7.006, 4.731, 5.056, 4.009, 3.898, 5.49, 6.046, 5.3, 4.45, 3.185, 3.392, 3.332, 2.617, 2.951, 2.492, 3.659, 5.934, 5.336, 2.898, 2.217, 2.089, 2.093, 1.94, 2.111, 2.335, 1.694, 1.662, 0.0, 1.201, 1.55, 2.042, 2.713, 3.127, 3.905, 3.754, 3.819, 3.522, 3.021, 3.451, 3.022, 2.698, 3.305, 2.986, 3.175, 4.173, 3.889, 3.627, 3.245, 3.29, 3.236, 2.142, 3.51, 3.386, 2.45, 3.482, 3.431, 1.989, 2.287, 2.794, 2.235, 1.979, 3.158, 3.687, 1.786, 1.115, 1.226, 2.292, 2.297, 1.877, 2.333, 3.909, 6.043, 7.306, 7.571, 7.493, 7.164, 8.011, 9.836, 8.894, 8.363, 9.859, 9.15, 8.188, 9.446, 11.218, 9.901, 7.426, 10.025, 12.235, 10.392, 12.342, 14.665, 15.802, 15.772, 15.904, 14.418, 11.041, 11.045, 13.563, 14.758, 15.337, 15.97, 16.328, 15.05, 13.509, 13.61, 14.55, 13.431, 10.246, 8.175, 7.125, 5.225, 4.802, 5.901, 4.381, 2.145, 2.502, 2.928, 2.948, 3.102, 2.597, 1.888, 2.998, 5.066, 4.605, 3.24, 2.514, 2.457, 2.557, 2.592, 2.27, 1.872, 2.121, 1.603, 2.101, 1.9, 2.038, 2.789, 4.308, 3.46, 2.402], [9.629, 10.131, 8.339, 7.208, 8.86, 6.873, 4.536, 4.891, 3.851, 3.734, 5.279, 5.761, 4.964, 4.394, 3.497, 3.543, 3.324, 2.989, 2.845, 2.367, 3.337, 5.779, 5.136, 2.664, 1.62, 1.834, 2.217, 2.146, 2.323, 2.465, 1.918, 1.374, 1.201, 0.0, 1.099, 1.843, 2.67, 2.949, 3.654, 3.49, 3.533, 3.351, 2.675, 3.1, 2.805, 2.499, 2.88, 2.741, 3.332, 4.417, 4.17, 3.622, 3.52, 3.498, 3.215, 2.31, 3.495, 3.131, 2.366, 3.064, 3.178, 1.777, 1.995, 2.46, 1.898, 2.057, 2.918, 3.621, 1.813, 1.322, 1.611, 2.163, 2.331, 2.02, 2.171, 3.66, 5.854, 7.154, 7.397, 7.398, 7.016, 7.749, 9.618, 8.714, 8.263, 9.673, 9.014, 7.995, 9.11, 10.993, 9.763, 7.185, 9.98, 12.168, 10.355, 12.167, 14.501, 15.647, 15.652, 15.776, 14.224, 10.976, 10.915, 13.444, 14.63, 15.182, 15.851, 16.209, 14.931, 13.39, 13.49, 14.395, 13.259, 9.939, 8.094, 6.927, 5.27, 4.611, 5.682, 4.222, 1.546, 2.665, 2.559, 2.742, 2.704, 2.444, 2.001, 3.229, 4.995, 4.685, 3.335, 2.56, 2.257, 2.547, 2.521, 2.248, 1.961, 2.007, 1.236, 1.941, 2.083, 2.2, 2.714, 4.215, 3.28, 2.441], [9.956, 10.438, 8.609, 7.542, 9.151, 7.195, 4.849, 5.198, 4.235, 4.182, 5.749, 6.213, 5.434, 4.802, 3.586, 3.494, 3.201, 3.096, 3.193, 2.671, 3.728, 6.118, 5.521, 3.109, 2.031, 1.805, 1.9, 1.879, 2.157, 2.184, 1.811, 1.561, 1.55, 1.099, 0.0, 1.137, 2.035, 2.618, 4.056, 4.09, 4.168, 3.838, 3.125, 3.515, 3.219, 2.917, 3.283, 3.081, 3.023, 4.315, 4.043, 3.326, 3.33, 3.356, 2.874, 2.207, 3.939, 3.488, 2.722, 3.573, 3.701, 2.059, 2.155, 2.41, 1.738, 1.958, 3.18, 3.909, 1.943, 1.333, 1.99, 2.552, 2.227, 1.983, 2.726, 4.186, 6.259, 7.489, 7.824, 7.899, 7.58, 8.285, 10.108, 9.241, 8.746, 10.03, 9.509, 8.423, 9.476, 11.438, 10.263, 7.656, 10.49, 12.634, 10.742, 12.496, 14.788, 15.908, 15.932, 16.056, 14.55, 11.45, 11.326, 13.716, 14.901, 15.444, 16.158, 16.504, 15.222, 13.696, 13.808, 14.721, 13.607, 10.434, 8.589, 7.427, 5.799, 5.131, 6.087, 4.682, 1.491, 2.621, 2.617, 3.182, 3.115, 2.973, 2.422, 3.101, 4.64, 4.291, 2.995, 2.433, 2.093, 2.383, 2.341, 2.089, 1.666, 1.291, 1.185, 1.348, 1.709, 1.919, 2.581, 3.775, 2.703, 2.037], [10.896, 11.379, 9.535, 8.39, 10.091, 8.121, 5.699, 6.097, 5.084, 5.034, 6.536, 6.993, 6.222, 5.517, 4.121, 3.86, 3.437, 3.536, 4.084, 3.548, 4.618, 7.034, 6.401, 3.912, 2.808, 2.54, 2.239, 1.77, 1.958, 1.97, 1.988, 2.011, 2.042, 1.843, 1.137, 0.0, 1.563, 2.622, 4.872, 4.877, 4.958, 4.716, 4.035, 4.287, 4.111, 3.74, 4.096, 3.894, 2.831, 3.867, 3.603, 3.06, 3.121, 2.992, 2.502, 2.851, 4.745, 4.168, 3.3, 4.258, 4.455, 2.536, 2.397, 3.18, 2.218, 2.232, 4.116, 4.823, 2.671, 1.765, 2.628, 3.203, 2.305, 2.403, 3.569, 4.98, 7.078, 8.34, 8.615, 8.771, 8.465, 9.135, 10.984, 10.086, 9.599, 10.897, 10.312, 9.152, 10.227, 12.231, 11.034, 8.441, 11.226, 13.323, 11.453, 13.348, 15.664, 16.81, 16.857, 16.976, 15.418, 12.257, 12.169, 14.64, 15.827, 16.37, 17.098, 17.444, 16.162, 14.636, 14.748, 15.637, 14.524, 11.239, 9.332, 8.173, 6.602, 5.978, 6.946, 5.579, 2.248, 2.661, 3.399, 4.091, 4.042, 3.871, 3.094, 2.861, 4.208, 3.959, 2.838, 2.521, 2.694, 2.723, 2.888, 2.607, 1.65, 0.905, 2.014, 0.964, 1.637, 2.05, 2.203, 3.141, 2.423, 1.926], [10.613, 11.011, 9.227, 8.166, 9.724, 7.75, 5.509, 5.835, 4.949, 4.754, 6.366, 6.828, 6.039, 5.189, 4.037, 3.553, 3.288, 3.457, 4.158, 3.729, 4.396, 6.778, 6.158, 3.776, 2.77, 2.789, 2.747, 2.873, 3.179, 3.174, 3.099, 2.726, 2.713, 2.67, 2.035, 1.563, 0.0, 2.313, 4.66, 4.7, 4.772, 4.48, 3.81, 4.018, 3.748, 3.477, 4.062, 3.956, 3.077, 3.839, 3.119, 3.355, 3.279, 2.822, 2.321, 3.153, 4.426, 3.887, 3.3, 4.099, 4.23, 2.936, 3.622, 3.845, 3.263, 3.379, 3.907, 4.55, 2.893, 2.586, 2.807, 3.044, 2.17, 2.219, 3.42, 4.817, 6.916, 8.18, 8.478, 8.514, 8.165, 8.923, 10.739, 9.811, 9.325, 10.668, 10.138, 8.935, 10.019, 12.073, 10.81, 8.205, 10.994, 13.042, 11.16, 13.18, 15.443, 16.576, 16.506, 16.679, 15.195, 12.038, 11.861, 14.294, 15.532, 16.111, 16.768, 17.077, 15.8, 14.269, 14.381, 15.382, 14.29, 11.066, 9.121, 7.982, 6.363, 5.794, 6.762, 5.296, 2.808, 3.417, 3.663, 3.827, 3.847, 3.595, 3.332, 3.552, 4.95, 4.786, 3.993, 3.698, 3.67, 3.838, 3.828, 3.606, 2.921, 1.621, 2.229, 2.083, 2.809, 3.177, 3.48, 3.712, 3.571, 2.861], [8.604, 9.087, 7.243, 6.151, 7.8, 5.877, 3.435, 4.0, 3.268, 3.509, 4.517, 4.792, 4.007, 3.328, 2.558, 2.053, 1.612, 2.279, 2.953, 2.609, 2.815, 4.719, 4.122, 2.088, 2.139, 2.532, 3.262, 3.595, 3.946, 4.103, 3.868, 3.405, 3.127, 2.949, 2.618, 2.622, 2.313, 0.0, 2.67, 2.882, 3.179, 3.096, 2.141, 2.241, 2.262, 2.526, 2.558, 2.858, 2.751, 3.487, 2.752, 2.772, 2.94, 2.952, 2.639, 2.719, 2.908, 2.359, 1.958, 2.306, 2.406, 3.276, 4.488, 4.335, 3.806, 4.09, 4.261, 4.237, 2.95, 3.253, 2.829, 1.609, 1.387, 2.075, 2.979, 3.264, 4.896, 6.078, 6.404, 6.568, 6.373, 7.088, 8.785, 7.95, 7.448, 8.63, 8.094, 6.889, 7.971, 10.024, 8.799, 6.21, 8.967, 11.043, 9.143, 11.138, 13.362, 14.494, 14.608, 14.698, 13.208, 10.039, 9.936, 12.344, 13.531, 14.074, 14.806, 15.153, 13.87, 12.345, 12.457, 13.322, 12.216, 9.008, 7.06, 5.922, 4.357, 3.859, 4.689, 3.827, 3.194, 4.11, 3.646, 2.71, 2.787, 2.457, 2.969, 4.741, 6.641, 6.443, 5.285, 4.677, 4.17, 4.573, 4.547, 4.175, 3.742, 2.691, 2.504, 3.311, 3.815, 4.039, 4.757, 5.52, 4.713, 3.629], [6.212, 6.695, 4.87, 3.734, 5.407, 3.484, 1.672, 2.149, 2.373, 2.904, 2.941, 2.839, 2.315, 2.044, 2.417, 2.363, 2.335, 2.274, 2.553, 2.825, 2.257, 2.879, 2.643, 1.704, 2.454, 3.129, 4.35, 4.738, 4.987, 5.26, 4.527, 3.853, 3.905, 3.654, 4.056, 4.872, 4.66, 2.67, 0.0, 1.423, 2.108, 2.465, 1.944, 2.146, 1.917, 2.224, 2.019, 2.826, 4.187, 4.878, 4.337, 4.286, 4.25, 4.61, 4.589, 3.003, 2.355, 2.183, 2.615, 2.007, 1.92, 3.755, 4.626, 4.541, 4.167, 4.32, 4.222, 3.961, 3.355, 3.842, 3.321, 2.287, 3.378, 3.195, 2.683, 1.727, 2.52, 3.679, 3.889, 4.03, 3.932, 4.827, 6.377, 5.501, 4.995, 6.316, 5.549, 4.633, 5.734, 7.509, 6.318, 3.839, 6.635, 8.865, 7.086, 8.648, 10.995, 12.141, 12.181, 12.305, 10.756, 7.526, 7.502, 9.972, 11.159, 11.702, 12.414, 12.761, 11.478, 9.953, 10.064, 10.953, 9.839, 6.668, 4.856, 3.532, 2.448, 2.567, 2.953, 2.889, 3.653, 4.717, 3.763, 2.56, 2.474, 2.379, 3.172, 6.115, 8.425, 7.872, 6.415, 5.226, 4.428, 4.936, 4.854, 4.315, 4.641, 4.887, 3.444, 5.203, 4.818, 4.765, 5.991, 7.746, 6.405, 4.843], [6.737, 7.244, 5.452, 4.269, 5.974, 4.005, 1.913, 2.549, 2.423, 2.581, 2.721, 2.82