[[0.0, 1.154, 1.743, 2.441, 2.925, 2.845, 2.557, 3.736, 4.471, 4.041, 5.273, 6.424, 5.04, 4.414, 4.016, 3.34, 3.407, 3.521, 4.221, 4.422, 5.511, 6.311, 4.648, 4.245, 5.22, 6.553, 7.503, 8.705, 10.909, 12.389, 10.82, 8.419, 7.281, 9.036, 8.562, 6.132, 5.973, 6.158, 6.513, 7.858, 7.969, 5.07, 4.265, 4.048, 3.375, 4.256, 3.704, 4.785, 5.248, 5.445, 4.682, 5.155, 5.381, 4.274, 2.699, 1.912, 2.009, 2.437, 2.94, 3.063, 2.699, 3.14, 3.436, 4.246, 4.573, 3.428, 3.711, 5.027, 5.625, 5.699, 4.894, 3.756, 3.762, 3.744, 2.391, 2.261, 3.29, 4.877, 5.816, 5.138, 4.102, 5.292, 4.885, 4.619, 5.627, 6.408, 6.131, 4.015, 2.58, 2.628, 2.594, 2.329, 2.024, 2.358, 3.179, 2.827, 2.193, 2.446, 2.694, 3.19, 4.355, 3.804, 3.788, 4.25, 3.528, 3.549, 4.263, 4.577, 4.438, 3.34, 3.737, 4.355, 5.087, 5.784, 5.415, 4.445, 4.091, 4.285, 5.594, 6.427, 5.754, 6.753, 8.008, 7.067, 5.896, 4.726, 6.186, 7.45, 8.502, 9.966, 10.303, 7.865, 6.946, 5.534, 4.2, 4.221, 4.024, 2.948, 4.195, 6.993, 8.912, 9.115, 9.699, 10.442, 9.582, 9.917], [1.154, 0.0, 1.101, 2.141, 2.642, 2.496, 3.042, 4.134, 4.837, 4.447, 5.888, 6.749, 5.495, 4.855, 4.229, 3.646, 3.553, 3.576, 4.137, 4.283, 5.424, 6.179, 5.177, 4.904, 5.343, 6.467, 7.487, 8.705, 10.838, 12.244, 10.762, 8.387, 7.279, 8.994, 8.533, 6.087, 5.962, 6.136, 6.511, 7.785, 7.902, 5.125, 4.325, 4.375, 3.504, 4.217, 3.832, 4.809, 5.216, 5.423, 4.691, 4.879, 5.245, 4.209, 2.655, 1.655, 1.556, 2.193, 2.434, 2.559, 2.261, 2.664, 3.206, 4.312, 4.668, 3.541, 3.794, 4.911, 5.489, 5.732, 4.906, 3.604, 3.546, 3.555, 2.122, 1.847, 2.798, 4.707, 5.655, 4.997, 3.892, 4.853, 4.374, 4.164, 5.48, 6.014, 5.703, 3.451, 2.296, 2.295, 2.168, 2.432, 2.188, 2.344, 3.04, 2.669, 2.087, 2.742, 2.901, 3.281, 4.396, 3.744, 3.58, 4.025, 3.434, 2.955, 3.468, 3.831, 3.696, 2.673, 3.198, 4.024, 4.899, 5.623, 5.301, 4.349, 3.734, 4.063, 5.504, 6.326, 5.715, 6.663, 7.843, 6.935, 5.738, 4.608, 6.072, 7.29, 8.341, 9.805, 10.159, 7.722, 6.812, 5.179, 3.573, 3.535, 3.48, 2.701, 4.32, 7.11, 8.82, 9.056, 9.61, 10.359, 9.425, 9.819], [1.743, 1.101, 0.0, 2.059, 2.547, 2.287, 2.881, 3.772, 4.487, 4.179, 5.645, 6.373, 5.164, 4.515, 3.881, 3.309, 3.251, 3.198, 3.633, 3.83, 4.966, 5.695, 4.966, 4.733, 5.078, 6.068, 7.005, 8.245, 10.241, 11.601, 10.148, 7.808, 6.754, 8.414, 7.91, 5.587, 5.436, 5.622, 6.014, 7.25, 7.375, 4.773, 4.058, 4.245, 3.323, 4.314, 4.271, 5.098, 5.489, 5.706, 4.999, 5.038, 5.482, 4.564, 3.156, 2.211, 1.775, 2.282, 2.551, 2.643, 2.738, 3.174, 3.73, 4.968, 5.32, 4.232, 4.408, 5.54, 6.085, 6.324, 5.571, 4.122, 3.688, 3.46, 2.035, 1.413, 2.31, 4.15, 5.159, 4.504, 4.003, 4.88, 4.441, 4.476, 6.17, 6.62, 6.214, 3.777, 2.258, 1.791, 1.778, 1.895, 1.794, 1.881, 2.59, 2.165, 1.863, 2.605, 2.574, 3.195, 4.282, 3.694, 3.553, 3.964, 3.261, 3.043, 3.303, 3.914, 3.909, 2.59, 3.025, 3.583, 4.35, 5.041, 4.986, 4.515, 3.76, 3.845, 5.138, 5.965, 5.351, 6.287, 7.21, 6.302, 5.052, 4.014, 5.407, 6.636, 7.737, 9.149, 9.485, 7.106, 6.166, 4.639, 3.204, 3.071, 2.95, 2.296, 4.139, 6.634, 8.206, 8.435, 9.003, 9.737, 8.784, 9.188], [2.441, 2.141, 2.059, 0.0, 1.264, 1.469, 2.707, 4.431, 5.151, 4.723, 5.992, 7.041, 5.462, 5.01, 4.574, 3.819, 3.818, 4.039, 4.813, 5.151, 6.192, 6.937, 5.134, 5.06, 6.069, 7.263, 8.178, 9.325, 11.508, 12.909, 11.431, 9.043, 7.922, 9.655, 9.176, 6.854, 6.687, 6.781, 7.218, 8.531, 8.635, 5.833, 5.202, 5.308, 4.57, 5.329, 5.153, 6.225, 6.67, 6.876, 6.104, 6.263, 6.667, 5.556, 3.905, 2.87, 2.686, 2.582, 2.732, 2.912, 2.262, 2.385, 2.814, 3.757, 4.049, 3.122, 3.37, 4.348, 4.87, 5.035, 4.221, 2.773, 2.354, 2.103, 1.42, 2.047, 3.332, 5.617, 6.609, 6.033, 5.27, 5.943, 5.47, 5.054, 5.238, 6.039, 5.935, 4.531, 3.469, 2.253, 2.08, 2.673, 2.291, 2.801, 3.721, 3.4, 1.82, 2.082, 2.28, 2.398, 3.066, 2.718, 2.302, 2.509, 2.133, 2.154, 2.842, 3.764, 3.767, 3.113, 4.053, 4.517, 5.378, 6.494, 6.495, 5.964, 4.922, 4.898, 6.703, 7.568, 6.924, 7.795, 8.638, 7.596, 6.472, 5.41, 6.821, 7.961, 9.103, 10.567, 10.836, 8.399, 7.478, 5.844, 3.333, 3.934, 3.769, 3.154, 4.426, 7.551, 9.479, 9.676, 10.27, 10.995, 10.094, 10.483], [2.925, 2.642, 2.547, 1.264, 0.0, 1.327, 2.805, 4.46, 5.14, 4.722, 5.87, 7.067, 5.393, 4.88, 4.669, 3.918, 3.907, 4.051, 4.859, 5.159, 6.252, 6.997, 5.154, 5.079, 6.087, 7.265, 8.159, 9.305, 11.526, 13.044, 11.456, 9.008, 7.861, 9.622, 9.179, 6.727, 6.609, 6.749, 7.078, 8.435, 8.581, 5.851, 5.448, 5.704, 5.03, 5.983, 5.892, 6.725, 7.432, 7.657, 6.768, 6.957, 7.241, 6.027, 4.71, 3.646, 3.293, 3.084, 3.115, 3.399, 2.807, 2.942, 3.046, 3.949, 4.287, 3.64, 3.702, 4.492, 4.912, 5.122, 4.285, 2.805, 2.393, 1.91, 1.834, 2.188, 3.357, 5.611, 6.696, 6.321, 6.006, 6.47, 6.012, 5.351, 5.337, 6.178, 6.13, 5.052, 4.213, 2.564, 2.7, 3.001, 2.521, 2.997, 3.87, 3.555, 1.938, 2.126, 2.308, 2.34, 2.702, 2.466, 1.877, 1.787, 1.646, 1.579, 2.723, 3.938, 4.103, 3.551, 4.738, 5.089, 5.685, 6.792, 6.737, 6.636, 5.733, 5.621, 7.121, 7.941, 7.322, 8.015, 8.807, 7.925, 6.655, 5.457, 6.867, 8.09, 9.14, 10.629, 10.987, 8.55, 7.601, 5.949, 3.221, 3.888, 3.816, 3.301, 4.489, 7.626, 9.566, 9.758, 10.331, 11.066, 10.22, 10.572], [2.845, 2.496, 2.287, 1.469, 1.327, 0.0, 2.123, 3.679, 4.459, 4.016, 5.384, 6.626, 5.11, 4.583, 3.977, 3.332, 3.208, 3.357, 4.184, 4.562, 5.589, 6.347, 4.686, 4.573, 5.556, 6.645, 7.421, 8.553, 10.833, 12.323, 10.744, 8.319, 7.145, 8.931, 8.48, 6.13, 5.961, 6.044, 6.405, 7.835, 7.928, 5.165, 4.972, 5.405, 4.77, 5.907, 5.866, 6.925, 7.477, 7.698, 6.902, 7.143, 7.436, 6.197, 4.781, 3.728, 3.434, 3.549, 3.503, 3.693, 3.18, 3.261, 3.629, 4.274, 4.815, 4.108, 4.513, 5.214, 5.761, 5.817, 5.109, 3.403, 2.85, 2.19, 1.85, 2.271, 3.05, 5.042, 6.045, 5.714, 6.131, 6.848, 6.352, 5.822, 5.885, 6.642, 6.557, 5.33, 4.153, 2.672, 2.495, 2.623, 2.183, 2.546, 3.326, 2.963, 1.89, 2.087, 2.055, 2.181, 2.415, 2.203, 1.92, 2.021, 1.437, 1.278, 3.127, 4.427, 4.608, 4.0, 4.869, 5.157, 5.375, 6.347, 6.507, 6.499, 5.814, 5.58, 6.678, 7.38, 6.925, 7.385, 8.149, 7.172, 5.961, 4.85, 6.245, 7.372, 8.503, 9.988, 10.262, 7.824, 6.88, 5.228, 2.61, 3.228, 3.105, 2.613, 3.695, 6.842, 8.845, 9.025, 9.61, 10.346, 9.499, 9.851], [2.557, 3.042, 2.881, 2.707, 2.805, 2.123, 0.0, 1.941, 2.679, 2.351, 3.606, 4.956, 3.492, 2.949, 2.52, 1.777, 1.936, 2.164, 2.834, 3.258, 4.244, 4.929, 3.212, 3.04, 4.15, 5.232, 5.939, 7.019, 9.273, 10.749, 9.168, 6.703, 5.543, 7.347, 6.916, 4.603, 4.487, 4.428, 4.807, 6.285, 6.504, 3.994, 4.057, 4.303, 3.837, 5.075, 5.268, 6.745, 7.308, 7.257, 6.739, 7.296, 7.511, 6.202, 4.879, 4.141, 3.995, 4.267, 4.619, 4.77, 4.47, 4.938, 5.275, 6.074, 6.339, 5.22, 5.64, 6.867, 7.512, 7.528, 6.748, 5.078, 4.468, 3.58, 2.455, 2.547, 3.065, 3.849, 4.941, 4.647, 6.076, 7.604, 7.217, 6.944, 7.486, 8.434, 8.273, 6.364, 3.853, 2.88, 2.591, 1.896, 1.669, 1.813, 2.36, 2.033, 1.83, 1.527, 1.668, 1.816, 2.809, 2.239, 2.549, 3.259, 2.68, 2.734, 4.47, 6.07, 6.018, 5.03, 5.238, 4.727, 4.47, 5.468, 5.699, 5.839, 5.826, 5.272, 5.763, 6.441, 6.011, 6.38, 7.001, 6.09, 4.787, 3.656, 4.881, 5.894, 7.021, 8.484, 8.739, 6.301, 5.307, 4.249, 3.34, 3.404, 2.888, 2.14, 2.58, 5.285, 7.272, 7.451, 8.036, 8.772, 7.925, 8.286], [3.736, 4.134, 3.772, 4.431, 4.46, 3.679, 1.941, 0.0, 1.527, 1.667, 2.443, 3.518, 2.56, 1.836, 1.885, 1.561, 1.81, 1.897, 2.08, 2.052, 2.758, 3.404, 2.452, 2.162, 2.656, 3.705, 4.338, 5.422, 7.618, 9.093, 7.541, 5.114, 3.944, 5.82, 5.354, 3.046, 2.983, 2.872, 3.238, 4.698, 4.98, 2.646, 2.919, 3.354, 3.216, 4.661, 5.077, 6.826, 7.534, 7.218, 6.75, 7.808, 8.047, 6.689, 5.761, 5.244, 4.737, 5.176, 5.766, 6.13, 6.098, 6.599, 6.99, 7.74, 7.988, 6.875, 7.336, 8.611, 9.278, 9.264, 8.559, 6.841, 6.264, 5.345, 4.253, 3.238, 3.604, 2.963, 3.532, 3.453, 6.479, 8.093, 7.857, 7.772, 9.154, 9.967, 9.691, 7.396, 4.455, 3.685, 3.847, 2.578, 2.604, 2.333, 2.048, 2.185, 3.134, 2.946, 2.867, 3.222, 3.927, 3.593, 4.088, 4.81, 4.13, 4.226, 5.926, 7.476, 7.397, 6.072, 5.826, 5.116, 3.897, 4.576, 5.336, 5.785, 5.977, 5.362, 4.627, 5.273, 4.799, 4.994, 5.553, 4.683, 3.502, 2.772, 3.385, 4.352, 5.419, 6.873, 7.091, 4.645, 3.844, 3.86, 4.226, 3.782, 3.229, 2.526, 2.432, 3.894, 5.606, 5.785, 6.37, 7.106, 6.259, 6.654], [4.471, 4.837, 4.487, 5.151, 5.14, 4.459, 2.679, 1.527, 0.0, 1.54, 1.743, 2.556, 1.663, 1.566, 1.507, 1.773, 1.947, 1.876, 1.788, 1.898, 1.889, 2.418, 1.646, 1.895, 1.895, 2.792, 3.458, 4.516, 6.715, 8.195, 6.619, 4.201, 3.372, 4.836, 4.389, 2.2, 2.087, 1.985, 2.301, 3.745, 4.086, 2.774, 3.443, 3.91, 3.91, 5.502, 5.959, 7.791, 8.379, 8.208, 7.762, 8.488, 8.821, 7.406, 6.506, 5.946, 5.441, 5.861, 6.453, 6.827, 6.777, 7.279, 7.682, 8.533, 8.913, 7.748, 8.081, 9.307, 9.992, 10.042, 9.298, 7.578, 7.034, 6.161, 4.963, 3.962, 4.243, 3.822, 3.487, 4.128, 7.188, 8.804, 8.581, 8.477, 9.891, 10.658, 10.382, 8.115, 5.236, 4.386, 4.557, 3.279, 3.32, 3.063, 2.97, 2.983, 3.823, 3.674, 3.65, 4.033, 4.384, 3.971, 4.723, 5.608, 4.934, 4.827, 6.621, 8.173, 8.093, 6.765, 6.49, 5.815, 4.797, 5.404, 6.177, 6.747, 6.913, 6.294, 5.36, 5.981, 5.493, 5.116, 4.857, 4.469, 4.122, 3.546, 3.498, 3.667, 4.489, 5.963, 6.198, 3.753, 2.883, 3.51, 4.491, 4.166, 3.427, 2.947, 2.34, 2.99, 4.717, 4.899, 5.482, 6.217, 5.37, 5.758], [4.041, 4.447, 4.179, 4.723, 4.722, 4.016, 2.351, 1.667, 1.54, 0.0, 1.846, 3.155, 1.823, 1.498, 1.104, 1.402, 1.526, 1.551, 1.863, 1.814, 2.399, 3.022, 1.915, 1.719, 2.258, 3.208, 3.984, 5.105, 7.484, 8.934, 7.415, 4.97, 3.834, 5.582, 5.151, 2.713, 2.73, 2.766, 3.009, 4.433, 4.674, 3.322, 3.881, 4.223, 4.318, 5.823, 6.115, 7.93, 8.443, 8.298, 7.931, 8.44, 8.711, 7.466, 6.096, 5.512, 5.33, 5.718, 6.054, 6.35, 6.295, 6.784, 7.182, 7.974, 8.127, 7.053, 7.567, 8.786, 9.448, 9.414, 8.694, 7.093, 6.453, 5.464, 4.424, 3.784, 4.221, 3.962, 3.965, 4.267, 7.204, 8.756, 8.415, 8.293, 9.383, 10.135, 9.844, 7.74, 5.001, 4.105, 4.2, 3.257, 3.042, 2.976, 3.092, 2.727, 3.376, 3.156, 3.158, 3.589, 3.859, 3.512, 4.244, 5.225, 4.413, 4.38, 6.076, 7.637, 7.555, 6.361, 6.424, 5.847, 5.051, 5.609, 6.361, 6.847, 6.954, 6.367, 5.508, 6.183, 5.712, 5.547, 5.695, 4.967, 4.329, 3.702, 3.631, 4.049, 5.058, 6.561, 6.89, 4.452, 3.491, 3.133, 3.589, 3.419, 2.845, 2.538, 1.506, 3.459, 5.464, 5.635, 6.255, 6.974, 6.109, 6.467], [5.273, 5.888, 5.645, 5.992, 5.87, 5.384, 3.606, 2.443, 1.743, 1.846, 0.0, 1.558, 1.319, 1.473, 1.972, 2.51, 2.857, 2.841, 2.604, 2.406, 1.736, 1.96, 1.313, 1.577, 1.688, 2.281, 2.665, 3.738, 6.075, 7.58, 5.992, 3.649, 3.086, 4.215, 3.732, 2.003, 1.787, 1.775, 1.693, 3.006, 3.902, 3.202, 3.704, 4.087, 4.423, 6.125, 6.487, 8.661, 9.407, 8.928, 8.483, 9.661, 9.868, 8.598, 7.48, 6.934, 6.565, 6.789, 7.394, 7.811, 7.607, 8.047, 8.357, 9.151, 9.426, 8.286, 8.714, 9.987, 10.626, 10.659, 9.925, 8.246, 7.746, 6.774, 5.675, 5.151, 5.46, 4.626, 4.205, 4.782, 8.34, 9.95, 9.68, 9.556, 10.565, 11.518, 11.279, 9.128, 6.162, 5.36, 5.696, 4.412, 4.346, 4.343, 3.846, 3.994, 4.784, 4.311, 4.298, 4.668, 4.853, 4.448, 5.4, 6.38, 5.631, 5.636, 7.518, 9.069, 8.993, 7.718, 7.689, 6.991, 5.7, 6.039, 6.701, 7.512, 7.809, 7.197, 6.191, 6.609, 6.072, 5.65, 5.357, 5.142, 4.821, 4.445, 3.782, 3.521, 3.69, 5.123, 5.484, 3.065, 2.815, 3.651, 4.88, 4.584, 4.134, 3.922, 2.404, 2.362, 4.103, 4.282, 4.867, 5.602, 4.756, 5.108], [6.424, 6.749, 6.373, 7.041, 7.067, 6.626, 4.956, 3.518, 2.556, 3.155, 1.558, 0.0, 1.874, 2.297, 2.843, 3.42, 3.73, 3.727, 3.387, 3.042, 2.065, 1.734, 2.224, 2.815, 2.107, 1.699, 1.912, 2.627, 4.744, 6.105, 4.662, 3.304, 3.458, 3.033, 2.596, 2.212, 2.041, 2.139, 1.705, 2.406, 4.003, 3.894, 4.298, 4.451, 4.895, 6.639, 7.175, 9.374, 9.908, 9.402, 9.085, 10.224, 10.604, 9.506, 8.453, 7.823, 7.264, 7.598, 8.318, 8.742, 8.592, 8.983, 9.379, 10.481, 10.76, 9.604, 9.901, 11.059, 11.634, 11.868, 11.103, 9.607, 8.865, 7.932, 6.698, 5.872, 5.98, 5.104, 4.65, 5.254, 8.804, 10.524, 10.34, 10.376, 11.749, 12.472, 12.176, 9.916, 6.93, 6.166, 6.478, 5.204, 5.255, 5.045, 4.38, 4.738, 5.669, 5.414, 5.35, 5.765, 5.984, 5.672, 6.758, 7.677, 6.897, 6.881, 8.409, 9.947, 9.866, 8.533, 8.222, 7.447, 6.115, 6.349, 7.008, 7.999, 8.292, 7.683, 6.678, 7.038, 6.52, 6.043, 5.591, 5.577, 5.252, 4.892, 4.062, 3.61, 2.305, 3.623, 3.986, 2.001, 2.228, 3.697, 5.557, 5.093, 4.812, 4.761, 3.229, 1.852, 2.652, 2.844, 3.456, 4.189, 3.42, 3.661], [5.04, 5.495, 5.164, 5.462, 5.393, 5.11, 3.492, 2.56, 1.663, 1.823, 1.319, 1.874, 0.0, 1.1, 1.7, 2.233, 2.437, 2.477, 2.23, 1.905, 1.908, 2.295, 1.391, 1.757, 1.629, 2.443, 3.127, 4.276, 6.352, 7.8, 6.269, 4.086, 3.423, 4.559, 4.04, 1.918, 2.04, 2.2, 2.262, 3.466, 4.179, 3.442, 4.065, 4.457, 4.502, 6.105, 6.491, 8.366, 8.783, 8.524, 8.139, 9.014, 9.324, 8.313, 7.155, 6.486, 5.984, 6.08, 6.885, 7.307, 6.949, 7.385, 7.859, 8.841, 9.086, 7.963, 8.177, 9.441, 9.966, 10.254, 9.431, 7.909, 7.204, 6.293, 5.017, 4.614, 4.792, 4.188, 3.804, 4.437, 7.669, 9.324, 9.109, 9.075, 10.171, 11.048, 10.756, 8.642, 5.662, 4.859, 5.191, 3.901, 3.979, 3.813, 3.438, 3.512, 4.343, 3.759, 3.743, 4.232, 4.611, 4.242, 5.082, 6.017, 5.255, 5.361, 7.005, 8.553, 8.479, 7.229, 7.02, 6.311, 5.303, 5.772, 6.479, 7.059, 7.282, 6.665, 5.698, 6.322, 5.828, 5.473, 5.318, 4.975, 4.551, 4.057, 3.704, 3.547, 3.895, 5.336, 5.69, 3.269, 2.489, 3.151, 4.291, 4.0, 3.724, 3.598, 2.206, 2.685, 4.338, 4.643, 5.142, 5.89, 4.98, 5.344], [4.414, 4.855, 4.515, 5.01, 4.88, 4.583, 2.949, 1.836, 1.566, 1.498, 1.473, 2.297, 1.1, 0.0, 1.372, 1.646, 1.876, 1.818, 1.728, 1.738, 2.032, 2.597, 1.569, 1.631, 1.95, 2.749, 3.413, 4.685, 6.861, 8.332, 6.782, 4.371, 3.284, 4.999, 4.524, 2.308, 2.357, 2.333, 2.506, 3.843, 4.239, 3.014, 3.617, 4.043, 4.013, 5.5, 5.9, 7.664, 8.245, 7.927, 7.513, 8.478, 8.739, 7.619, 6.512, 5.87, 5.407, 5.624, 6.302, 6.745, 6.542, 6.97, 7.3, 8.376, 8.574, 7.476, 7.734, 8.867, 9.551, 9.77, 8.915, 7.364, 6.73, 5.813, 4.642, 4.095, 4.268, 3.606, 3.403, 3.854, 7.153, 8.772, 8.522, 8.427, 9.627, 10.459, 10.252, 8.024, 5.039, 4.259, 4.6, 3.304, 3.384, 3.257, 2.861, 2.888, 3.689, 3.32, 3.259, 3.732, 4.078, 3.666, 4.56, 5.515, 4.726, 4.775, 6.45, 7.991, 7.91, 6.622, 6.498, 5.795, 4.746, 5.26, 5.969, 6.486, 6.73, 6.113, 5.235, 5.832, 5.329, 5.121, 5.208, 4.676, 3.978, 3.424, 3.314, 3.733, 4.427, 5.86, 6.223, 3.8, 3.031, 3.376, 3.925, 3.609, 3.113, 2.989, 2.05, 3.125, 4.855, 5.071, 5.619, 6.355, 5.508, 5.86], [4.016, 4.229, 3.881, 4.574, 4.669, 3.977, 2.52, 1.885, 1.507, 1.104, 1.972, 2.843, 1.7, 1.372, 0.0, 1.312, 1.293, 1.31, 1.661, 1.525, 2.158, 2.711, 1.933, 1.987, 2.132, 2.981, 3.718, 4.971, 7.251, 8.625, 7.172, 4.766, 3.68, 5.379, 4.915, 2.614, 2.593, 2.546, 2.849, 4.242, 4.547, 3.234, 3.8, 4.333, 4.29, 5.779, 6.057, 7.809, 8.215, 8.062, 7.774, 8.119, 8.495, 7.361, 5.934, 5.347, 4.947, 5.385, 5.841, 6.259, 6.119, 6.509, 7.007, 7.949, 8.295, 7.153, 7.485, 8.687, 9.284, 9.346, 8.656, 7.174, 6.39, 5.386, 4.261, 3.548, 3.896, 3.802, 3.618, 4.025, 6.889, 8.362, 7.975, 7.973, 9.276, 9.97, 9.656, 7.416, 4.827, 3.875, 3.944, 3.003, 2.741, 2.687, 2.947, 2.695, 3.31, 3.221, 3.19, 3.427, 3.79, 3.493, 4.311, 5.27, 4.471, 4.318, 5.887, 7.427, 7.316, 5.987, 6.014, 5.566, 4.857, 5.426, 6.207, 6.66, 6.643, 6.105, 5.335, 5.996, 5.566, 5.282, 5.499, 4.804, 4.114, 3.479, 3.428, 3.869, 4.693, 6.157, 6.468, 4.089, 3.146, 2.671, 3.408, 3.019, 2.45, 2.158, 1.323, 3.263, 5.132, 5.256, 6.001, 6.723, 5.808, 6.156], [3.34, 3.646, 3.309, 3.819, 3.918, 3.332, 1.777, 1.561, 1.773, 1.402, 2.51, 3.42, 2.233, 1.646, 1.312, 0.0, 1.203, 1.451, 1.678, 1.792, 2.654, 3.28, 2.227, 2.167, 2.645, 3.592, 4.43, 5.591, 7.781, 9.188, 7.71, 5.31, 4.154, 5.912, 5.463, 3.151, 3.024, 3.055, 3.461, 4.838, 4.973, 3.201, 3.743, 4.114, 3.822, 5.165, 5.445, 7.042, 7.505, 7.395, 7.006, 7.517, 7.822, 6.693, 5.385, 4.77, 4.457, 4.734, 5.228, 5.649, 5.484, 5.93, 6.322, 7.386, 7.716, 6.56, 6.836, 7.987, 8.614, 8.75, 7.976, 6.466, 5.712, 4.857, 3.639, 2.973, 3.348, 3.224, 3.763, 3.714, 6.234, 7.811, 7.513, 7.471, 8.603, 9.326, 9.164, 6.936, 4.124, 3.161, 3.373, 2.126, 2.08, 2.127, 2.283, 1.906, 2.572, 2.378, 2.383, 2.927, 3.341, 3.026, 3.696, 4.543, 3.762, 3.68, 5.344, 6.883, 6.802, 5.494, 5.528, 4.879, 4.285, 4.995, 5.626, 5.962, 5.957, 5.413, 4.972, 5.641, 5.35, 5.387, 5.666, 4.825, 3.765, 2.89, 3.58, 4.304, 5.413, 6.883, 7.121, 4.68, 3.785, 3.116, 3.126, 2.895, 2.284, 1.998, 1.777, 3.827, 5.758, 5.896, 6.55, 7.268, 6.373, 6.776], [3.407, 3.553, 3.251, 3.818, 3.907, 3.208, 1.936, 1.81, 1.947, 1.526, 2.857, 3.73, 2.437, 1.876, 1.293, 1.203, 0.0, 0.884, 1.541, 1.8, 2.701, 3.41, 2.236, 2.442, 2.911, 3.772, 4.53, 5.683, 7.776, 9.223, 7.7, 5.341, 4.247, 6.023, 5.482, 3.198, 3.111, 3.101, 3.537, 4.815, 5.027, 3.295, 3.756, 4.344, 4.084, 5.345, 5.8, 7.287, 7.604, 7.569, 7.121, 7.582, 7.843, 6.86, 5.283, 4.391, 4.32, 4.771, 4.993, 5.216, 5.073, 5.585, 6.221, 7.311, 7.666, 6.511, 6.709, 7.921, 8.515, 8.792, 7.969, 6.451, 5.7, 4.846, 3.549, 3.163, 3.282, 3.357, 3.633, 3.739, 6.359, 7.795, 7.395, 7.218, 8.486, 9.096, 8.812, 6.635, 4.152, 3.332, 3.099, 2.503, 2.311, 2.386, 2.663, 2.063, 2.458, 2.568, 2.507, 2.877, 3.333, 2.981, 3.652, 4.525, 3.709, 3.403, 4.877, 6.452, 6.399, 5.262, 5.437, 5.022, 4.434, 4.996, 5.765, 6.143, 6.116, 5.603, 4.929, 5.666, 5.219, 5.248, 5.583, 4.881, 3.785, 3.14, 3.61, 4.373, 5.396, 6.824, 7.128, 4.704, 3.799, 2.768, 2.949, 2.712, 2.124, 2.042, 1.494, 3.964, 5.746, 6.037, 6.542, 7.286, 6.398, 6.751], [3.521, 3.576, 3.198, 4.039, 4.051, 3.357, 2.164, 1.897, 1.876, 1.551, 2.841, 3.727, 2.477, 1.818, 1.31, 1.451, 0.884, 0.0, 1.315, 1.625, 2.444, 3.159, 2.217, 2.301, 2.654, 3.501, 4.361, 5.595, 7.74, 9.158, 7.661, 5.259, 4.109, 5.859, 5.403, 3.038, 2.961, 3.01, 3.398, 4.727, 4.795, 2.886, 3.377, 4.021, 3.862, 5.152, 5.671, 7.191, 7.534, 7.444, 7.085, 7.502, 7.791, 6.738, 5.24, 4.508, 4.362, 4.826, 5.053, 5.212, 5.279, 5.708, 6.227, 7.405, 7.745, 6.581, 6.896, 8.064, 8.665, 8.875, 8.103, 6.612, 5.88, 4.944, 3.683, 3.189, 3.231, 3.258, 3.184, 3.505, 6.261, 7.694, 7.275, 7.162, 8.517, 9.15, 8.847, 6.495, 4.091, 3.378, 3.248, 2.654, 2.449, 2.411, 2.631, 2.092, 2.478, 2.762, 2.83, 3.215, 3.807, 3.374, 3.93, 4.733, 3.931, 3.529, 4.904, 6.398, 6.354, 5.201, 5.343, 4.931, 4.317, 4.846, 5.59, 6.011, 6.02, 5.491, 4.761, 5.463, 4.955, 4.859, 5.25, 4.535, 3.596, 3.06, 3.483, 4.257, 5.255, 6.702, 7.022, 4.629, 3.681, 2.935, 3.257, 2.915, 2.326, 2.179, 1.693, 3.92, 5.685, 5.849, 6.49, 7.211, 6.331, 6.654], [4.221, 4.137, 3.633, 4.813, 4.859, 4.184, 2.834, 2.08, 1.788, 1.863, 2.604, 3.387, 2.23, 1.728, 1.661, 1.678, 1.541, 1.315, 0.0, 1.452, 2.024, 2.679, 2.085, 2.238, 2.264, 3.104, 3.952, 5.202, 7.104, 8.387, 6.935, 4.518, 3.635, 5.138, 4.693, 2.388, 2.369, 2.411, 2.944, 3.997, 4.121, 2.882, 3.345, 4.089, 3.791, 4.896, 5.511, 6.877, 7.316, 7.032, 6.688, 7.344, 7.735, 6.973, 5.755, 5.065, 4.807, 5.272, 5.578, 5.721, 5.751, 6.149, 6.867, 8.204, 8.554, 7.394, 7.704, 8.804, 9.407, 9.642, 8.834, 7.417, 6.617, 5.722, 4.4, 3.562, 3.509, 2.715, 2.61, 2.897, 6.057, 7.664, 7.343, 7.446, 9.302, 9.82, 9.512, 6.723, 4.077, 3.626, 3.825, 2.952, 3.036, 2.775, 2.371, 2.013, 3.242, 3.377, 3.452, 4.137, 4.671, 4.218, 4.754, 5.572, 4.775, 4.301, 5.327, 6.696, 6.657, 5.414, 5.334, 4.728, 3.885, 4.312, 5.037, 5.571, 5.708, 5.125, 4.303, 4.973, 4.538, 4.361, 4.459, 3.823, 3.119, 2.529, 2.97, 3.469, 4.613, 5.994, 6.236, 3.947, 3.105, 2.883, 3.59, 3.218, 2.745, 2.808, 2.384, 3.53, 5.215, 5.325, 5.805, 6.495, 5.576, 5.961], [4.422, 4.283, 3.83, 5.151, 5.159, 4.562, 3.258, 2.052, 1.898, 1.814, 2.406, 3.042, 1.905, 1.738, 1.525, 1.792, 1.8, 1.625, 1.452, 0.0, 1.568, 2.234, 1.783, 1.811, 1.623, 2.496, 3.56, 4.876, 6.838, 8.184, 6.737, 4.453, 3.432, 5.064, 4.534, 2.248, 2.097, 2.33, 2.677, 3.863, 4.006, 2.459, 2.929, 3.492, 3.325, 4.824, 5.263, 7.018, 7.328, 6.997, 6.674, 7.39, 7.722, 6.996, 5.777, 5.221, 4.777, 5.382, 5.824, 6.085, 6.187, 6.591, 7.205, 8.425, 8.779, 7.632, 7.863, 9.066, 9.605, 9.923, 9.114, 7.674, 6.979, 6.017, 4.67, 3.551, 3.378, 2.754, 2.607, 2.985, 6.062, 7.729, 7.428, 7.717, 9.54, 10.053, 9.603, 7.083, 4.227, 3.867, 4.108, 3.127, 3.4, 2.783, 2.407, 2.169, 3.573, 3.591, 3.664, 4.434, 4.896, 4.478, 5.133, 5.907, 5.146, 4.706, 5.755, 7.183, 7.094, 5.819, 5.347, 4.802, 4.014, 4.328, 4.939, 5.536, 5.672, 5.079, 4.215, 4.838, 4.373, 4.187, 4.534, 4.037, 3.189, 2.77, 2.675, 3.333, 4.364, 5.706, 6.067, 3.692, 2.909, 3.242, 3.903, 3.369, 2.939, 2.923, 2.415, 3.474, 4.878, 5.133, 5.636, 6.374, 5.377, 5.808], [5.511, 5.424, 4.966, 6.192, 6.252, 5.589, 4.244, 2.758, 1.889, 2.399, 1.736, 2.065, 1.908, 2.032, 2.158, 2.654, 2.701, 2.444, 2.024, 1.568, 0.0, 1.245, 1.524, 2.059, 1.267, 1.66, 2.544, 3.774, 5.91, 7.171, 5.791, 3.611, 2.94, 4.096, 3.596, 1.959, 1.384, 1.665, 1.825, 2.882, 3.257, 2.704, 3.139, 3.749, 3.811, 5.256, 5.755, 7.916, 8.181, 7.647, 7.444, 8.489, 8.935, 7.984, 6.88, 6.364, 5.939, 6.449, 6.927, 7.173, 7.397, 7.736, 8.431, 9.543, 9.883, 8.737, 8.981, 10.206, 10.708, 10.937, 10.21, 8.771, 8.016, 6.93, 5.625, 4.633, 4.367, 3.414, 2.843, 3.437, 6.958, 8.663, 8.473, 8.808, 10.721, 11.281, 10.665, 8.135, 5.036, 4.819, 5.007, 4.072, 4.299, 3.704, 3.074, 3.201, 4.668, 4.62, 4.581, 5.365, 5.815, 5.43, 6.087, 6.942, 6.158, 5.75, 6.849, 8.305, 8.105, 6.78, 6.446, 5.723, 4.508, 4.681, 5.386, 6.259, 6.472, 5.849, 4.932, 5.264, 4.793, 4.301, 4.211, 4.26, 3.755, 3.43, 2.878, 2.872, 3.151, 4.679, 5.008, 2.685, 2.465, 3.485, 4.696, 3.952, 3.622, 3.66, 3.031, 2.639, 3.724, 3.938, 4.663, 5.424, 4.411, 4.693], [6.311, 6.179, 5.695, 6.937, 6.997, 6.347, 4.929, 3.404, 2.418, 3.022, 1.96, 1.734, 2.295, 2.597, 2.711, 3.28, 3.41, 3.159, 2.679, 2.234, 1.245, 0.0, 2.069, 2.778, 1.445, 1.146, 1.916, 2.959, 5.001, 6.273, 4.865, 2.881, 2.645, 3.235, 2.702, 1.958, 1.266, 1.613, 1.221, 2.088, 2.894, 2.672, 3.05, 3.57, 3.748, 5.332, 5.915, 8.211, 8.583, 7.848, 7.634, 9.077, 9.6, 8.803, 7.718, 7.121, 6.585, 7.174, 7.692, 7.981, 8.132, 8.49, 9.188, 10.36, 10.7, 9.537, 9.78, 10.975, 11.466, 11.77, 10.972, 9.571, 8.751, 7.761, 6.411, 5.295, 4.75, 3.732, 3.039, 3.672, 7.399, 9.249, 9.152, 9.658, 11.531, 12.009, 11.472, 9.009, 6.009, 5.588, 5.785, 4.797, 5.06, 4.455, 3.622, 3.893, 5.374, 5.353, 5.319, 5.959, 6.351, 5.98, 6.768, 7.682, 6.9, 6.555, 7.666, 9.1, 9.031, 7.682, 6.88, 6.102, 4.605, 4.792, 5.452, 6.426, 6.742, 6.128, 5.14, 5.436, 4.953, 4.485, 4.152, 4.227, 3.829, 3.608, 2.743, 2.42, 2.332, 3.745, 4.104, 1.992, 2.387, 3.817, 5.263, 4.701, 4.31, 4.28, 3.447, 2.698, 2.995, 3.182, 3.782, 4.523, 3.496, 3.85], [4.648, 5.177, 4.966, 5.134, 5.154, 4.686, 3.212, 2.452, 1.646, 1.915, 1.313, 2.224, 1.391, 1.569, 1.933, 2.227, 2.236, 2.217, 2.085, 1.783, 1.524, 2.069, 0.0, 1.199, 1.53, 2.453, 3.341, 4.575, 6.755, 8.181, 6.661, 4.394, 3.679, 4.91, 4.436, 2.45, 2.071, 2.297, 2.492, 3.692, 3.992, 3.117, 3.579, 3.913, 4.141, 5.784, 6.189, 8.243, 8.681, 8.362, 7.972, 8.939, 9.144, 8.152, 6.782, 6.155, 5.89, 6.019, 6.608, 6.901, 6.618, 7.019, 7.486, 8.382, 8.722, 7.547, 7.799, 9.183, 9.687, 9.891, 9.072, 7.592, 6.911, 5.961, 4.708, 4.469, 4.778, 4.035, 3.636, 4.229, 7.608, 9.222, 8.949, 8.894, 9.755, 10.601, 10.327, 8.349, 5.399, 4.722, 4.899, 3.771, 3.746, 3.687, 3.36, 3.238, 4.018, 3.554, 3.521, 4.266, 4.707, 4.325, 4.975, 5.764, 4.982, 4.946, 6.575, 8.122, 8.072, 6.939, 6.958, 6.253, 5.254, 5.538, 6.196, 6.907, 7.149, 6.526, 5.577, 6.112, 5.581, 5.194, 4.973, 4.724, 4.376, 3.974, 3.718, 3.69, 4.272, 5.704, 6.07, 3.652, 3.106, 3.918, 4.662, 4.539, 3.97, 3.658, 2.603, 2.969, 4.708, 4.959, 5.509, 6.279, 5.376, 5.706], [4.245, 4.904, 4.733, 5.06, 5.079, 4.573, 3.04, 2.162, 1.895, 1.719, 1.577, 2.815, 1.757, 1.631, 1.987, 2.167, 2.442, 2.301, 2.238, 1.811, 2.059, 2.778, 1.199, 0.0, 1.676, 2.938, 3.813, 5.052, 7.346, 8.837, 7.257, 4.828, 3.782, 5.444, 4.987, 2.754, 2.408, 2.696, 2.871, 4.251, 4.418, 2.763, 3.097, 3.354, 3.765, 5.36, 5.666, 7.676, 8.391, 7.966, 7.511, 8.651, 8.855, 7.674, 6.449, 5.874, 5.62, 5.885, 6.379, 6.76, 6.574, 6.97, 7.285, 8.073, 8.212, 7.141, 7.618, 8.953, 9.542, 9.544, 8.756, 7.274, 6.623, 5.631, 4.573, 4.384, 4.671, 3.932, 3.412, 3.822, 7.32, 8.933, 8.666, 8.544, 9.513, 10.371, 10.143, 8.077, 5.13, 4.677, 4.933, 3.794, 3.753, 3.548, 3.104, 3.21, 4.036, 3.583, 3.667, 4.258, 4.603, 4.309, 4.887, 5.566, 4.784, 4.867, 6.545, 7.953, 7.858, 6.691, 6.688, 6.044, 5.189, 5.255, 5.885, 6.526, 6.799, 6.215, 5.234, 5.744, 5.213, 4.928, 5.061, 4.547, 4.135, 3.802, 3.759, 4.061, 4.921, 6.359, 6.694, 4.305, 3.758, 4.295, 4.876, 4.74, 4.18, 3.783, 2.681, 3.537, 5.36, 5.539, 6.124, 6.86, 6.013, 6.365], [5.22, 5.343, 5.078, 6.069, 6.087, 5.556, 4.15, 2.656, 1.895, 2.258, 1.688, 2.107, 1.629, 1.95, 2.132, 2.645, 2.911, 2.654, 2.264, 1.623, 1.267, 1.445, 1.53, 1.676, 0.0, 1.539, 2.548, 3.754, 5.992, 7.351, 5.913, 3.622, 2.84, 4.142, 3.67, 1.833, 1.449, 1.77, 1.815, 2.954, 3.268, 2.437, 2.838, 3.236, 3.485, 5.019, 5.395, 7.495, 7.962, 7.506, 7.188, 8.501, 8.941, 7.952, 6.877, 6.391, 5.797, 6.433, 7.03, 7.362, 7.405, 7.722, 8.214, 9.192, 9.536, 8.421, 8.711, 9.979, 10.483, 10.696, 9.935, 8.494, 7.855, 6.845, 5.594, 4.497, 4.255, 3.283, 2.798, 3.331, 6.836, 8.693, 8.582, 8.848, 10.505, 11.1, 10.689, 8.346, 5.425, 5.098, 5.428, 4.292, 4.302, 3.692, 3.047, 3.415, 4.6, 4.467, 4.541, 5.269, 5.71, 5.322, 6.011, 6.792, 6.041, 5.748, 7.063, 8.537, 8.42, 7.122, 6.299, 5.584, 4.527, 4.744, 5.284, 6.078, 6.322, 5.761, 4.796, 5.228, 4.725, 4.315, 4.226, 4.049, 3.614, 3.197, 2.818, 2.804, 3.41, 4.853, 5.182, 2.992, 2.772, 3.706, 4.993, 4.539, 4.153, 3.839, 2.883, 2.955, 4.033, 4.145, 4.75, 5.482, 4.552, 4.889], [6.553, 6.467, 6.068, 7.263, 7.265, 6.645, 5.232, 3.705, 2.792, 3.208, 2.281, 1.699, 2.443, 2.749, 2.981, 3.592, 3.772, 3.501, 3.104, 2.496, 1.66, 1.146, 2.453, 2.938, 1.539, 0.0, 1.345, 2.49, 4.604, 5.965, 4.541, 2.809, 2.561, 2.842, 2.572, 2.238, 1.608, 2.029, 1.647, 2.206, 2.839, 2.731, 3.192, 3.398, 3.803, 5.344, 6.002, 8.287, 8.825, 8.03, 7.858, 9.537, 10.003, 9.091, 8.011, 7.502, 6.907, 7.526, 8.109, 8.37, 8.504, 8.856, 9.402, 10.569, 10.909, 9.788, 10.023, 11.226, 11.789, 12.07, 11.264, 9.818, 9.08, 8.069, 6.802, 5.648, 5.003, 4.042, 3.288, 3.968, 7.723, 9.616, 9.528, 9.894, 11.774, 12.266, 11.89, 9.388, 6.378, 6.083, 6.316, 5.237, 5.427, 4.825, 3.989, 4.3, 5.649, 5.599, 5.628, 6.233, 6.658, 6.284, 7.065, 7.977, 7.198, 6.828, 8.121, 9.564, 9.505, 8.186, 7.22, 6.421, 4.906, 4.987, 5.582, 6.622, 7.046, 6.404, 5.357, 5.676, 5.164, 4.688, 4.35, 4.448, 4.031, 3.779, 2.765, 2.478, 2.218, 3.483, 3.801, 2.285, 2.955, 4.271, 5.624, 5.075, 4.657, 4.656, 3.641, 3.033, 2.829, 2.903, 3.457, 4.148, 3.478, 3.624], [7.503, 7.487, 7.005, 8.178, 8.159, 7.421, 5.939, 4.338, 3.458, 3.984, 2.665, 1.912, 3.127, 3.413, 3.718, 4.43, 4.53, 4.361, 3.952, 3.56, 2.544, 1.916, 3.341, 3.813, 2.548, 1.345, 0.0, 1.448, 3.641, 5.029, 3.759, 2.085, 2.418, 2.288, 2.325, 2.494, 2.115, 2.291, 1.641, 2.013, 2.687, 3.188, 3.556, 3.813, 4.359, 5.524, 6.557, 8.977, 9.682, 8.643, 8.668, 10.569, 11.014, 9.864, 8.937, 8.46, 7.914, 8.626, 9.143, 9.345, 9.482, 9.948, 10.443, 11.493, 11.838, 10.691, 11.046, 12.138, 12.841, 12.999, 12.26, 10.665, 10.002, 9.061, 7.883, 6.707, 5.875, 4.885, 3.992, 4.809, 8.566, 10.545, 10.521, 10.809, 12.698, 13.349, 13.016, 10.378, 7.359, 7.132, 7.255, 6.218, 6.353, 5.818, 4.896, 5.306, 6.615, 6.561, 6.516, 6.876, 7.118, 6.818, 7.843, 8.822, 8.02, 7.662, 9.121, 10.592, 10.537, 9.212, 8.138, 7.303, 5.564, 5.271, 6.068, 7.234, 7.865, 7.163, 5.946, 6.128, 5.813, 5.025, 4.731, 4.745, 4.622, 4.507, 3.117, 2.496, 1.764, 2.742, 3.049, 2.352, 3.017, 4.417, 6.316, 5.654, 5.307, 5.513, 3.969, 2.974, 2.593, 2.596, 2.891, 3.436, 2.828, 2.949], [8.705, 8.705, 8.245, 9.325, 9.305, 8.553, 7.019, 5.422, 4.516, 5.105, 3.738, 2.627, 4.276, 4.685, 4.971, 5.591, 5.683, 5.595, 5.202, 4.876, 3.774, 2.959, 4.575, 5.052, 3.754, 2.49, 1.448, 0.0, 2.432, 3.86, 2.798, 2.258, 2.875, 1.775, 2.128, 3.227, 3.178, 3.265, 2.487, 2.037, 3.067, 3.894, 4.591, 4.962, 5.568, 6.163, 7.693, 10.059, 10.775, 9.359, 9.732, 11.838, 12.277, 11.017, 10.148, 9.671, 9.162, 9.87, 10.372, 10.593, 10.721, 11.227, 11.739, 12.702, 13.054, 11.898, 12.252, 13.417, 14.103, 14.192, 13.453, 11.784, 11.227, 10.32, 9.113, 7.893, 7.035, 5.964, 4.931, 5.988, 9.623, 11.74, 11.727, 12.045, 13.935, 14.63, 14.314, 11.637, 8.574, 8.384, 8.507, 7.442, 7.503, 7.009, 6.114, 6.504, 7.855, 7.768, 7.767, 8.111, 8.253, 7.879, 8.999, 9.946, 9.161, 8.808, 10.364, 11.855, 11.799, 10.476, 9.183, 8.326, 6.354, 5.781, 6.727, 7.883, 8.794, 7.969, 6.635, 6.728, 6.482, 5.539, 5.273, 5.298, 5.331, 5.516, 3.827, 2.945, 1.751, 1.978, 2.231, 2.653, 3.446, 5.214, 7.442, 6.767, 6.491, 6.66, 5.059, 3.086, 2.49, 2.444, 2.593, 2.61, 2.461, 2.434], [10.909, 10.838, 10.241, 11.508, 11.526, 10.833, 9.273, 7.618, 6.715, 7.484, 6.075, 4.744, 6.352, 6.861, 7.251, 7.781, 7.776, 7.74, 7.104, 6.838, 5.91, 5.001, 6.755, 7.346, 5.992, 4.604, 3.641, 2.432, 0.0, 1.793, 2.446, 3.047, 4.145, 2.609, 2.937, 4.952, 5.057, 4.972, 4.561, 3.39, 3.775, 6.046, 6.859, 7.214, 7.734, 7.915, 9.978, 11.64, 12.081, 10.536, 11.133, 13.551, 13.985, 13.159, 12.365, 11.671, 11.154, 11.718, 12.167, 12.308, 12.458, 13.018, 13.74, 15.029, 15.427, 14.263, 14.44, 15.67, 16.275, 16.524, 15.724, 14.111, 13.43, 12.611, 11.266, 10.061, 8.772, 7.277, 6.369, 7.393, 10.873, 13.129, 13.216, 13.827, 16.132, 16.673, 16.357, 13.221, 10.158, 10.22, 10.35, 9.297, 9.69, 9.171, 8.269, 8.443, 9.958, 10.02, 9.967, 10.2, 10.368, 10.198, 11.284, 12.162, 11.397, 11.002, 12.117, 13.528, 13.435, 12.275, 10.505, 9.643, 7.54, 6.754, 7.754, 8.846, 10.113, 9.289, 7.911, 7.836, 7.64, 6.445, 6.232, 6.324, 6.521, 7.001, 5.196, 4.179, 3.032, 2.304, 2.375, 3.994, 4.825, 6.634, 9.094, 8.492, 8.256, 8.853, 7.308, 4.8, 3.237, 3.375, 2.969, 2.688, 3.034, 2.647], [12.389, 12.244, 11.601, 12.909, 13.044, 12.323, 10.749, 9.093, 8.195, 8.934, 7.58, 6.105, 7.8, 8.332, 8.625, 9.188, 9.223, 9.158, 8.387, 8.184, 7.171, 6.273, 8.181, 8.837, 7.351, 5.965, 5.029, 3.86, 1.793, 0.0, 2.052, 4.065, 5.26, 3.469, 4.042, 6.436, 6.473, 6.366, 6.072, 4.662, 4.527, 7.527, 8.378, 8.704, 9.244, 9.42, 11.444, 12.94, 12.253, 10.809, 11.927, 14.604, 15.302, 14.675, 13.807, 13.047, 12.569, 13.078, 13.463, 13.519, 13.51, 14.166, 15.1, 16.496, 16.865, 15.709, 15.904, 17.067, 17.642, 17.898, 17.129, 15.629, 14.829, 13.956, 12.609, 11.356, 10.077, 7.845, 7.124, 7.97, 10.989, 13.519, 13.946, 15.204, 17.623, 18.055, 17.606, 14.072, 11.172, 11.439, 11.477, 10.542, 10.99, 10.472, 9.628, 9.722, 11.385, 11.437, 11.32, 11.635, 11.793, 11.695, 12.802, 13.681, 12.911, 12.521, 13.083, 14.495, 14.434, 13.434, 11.191, 9.8, 8.029, 7.061, 7.782, 9.415, 10.62, 9.619, 8.131, 7.887, 7.711, 6.238, 6.092, 6.464, 6.922, 7.818, 6.293, 5.047, 4.12, 3.259, 2.974, 5.047, 5.794, 7.458, 9.936, 9.665, 9.542, 10.106, 8.712, 5.989, 4.247, 4.391, 3.874, 3.572, 3.67, 3.071], [10.82, 10.762, 10.148, 11.431, 11.456, 10.744, 9.168, 7.541, 6.619, 7.415, 5.992, 4.662, 6.269, 6.782, 7.172, 7.71, 7.7, 7.661, 6.935, 6.737, 5.791, 4.865, 6.661, 7.257, 5.913, 4.541, 3.759, 2.798, 2.446, 2.052, 0.0, 2.508, 3.677, 2.048, 2.713, 4.875, 4.902, 4.833, 4.494, 3.09, 3.062, 5.956, 6.79, 7.137, 7.657, 7.832, 9.908, 11.354, 10.838, 9.413, 10.446, 13.237, 13.816, 13.087, 12.284, 11.541, 11.057, 11.613, 12.004, 12.045, 12.015, 12.755, 13.623, 14.95, 15.348, 14.184, 14.358, 15.591, 16.189, 16.445, 15.651, 14.041, 13.352, 12.532, 11.185, 9.941, 8.634, 6.547, 5.783, 6.656, 9.668, 12.135, 12.52, 13.655, 16.073, 16.589, 16.237, 12.682, 9.795, 10.061, 10.11, 9.15, 9.567, 9.048, 8.175, 8.321, 9.88, 9.942, 9.869, 10.144, 10.283, 10.11, 11.214, 12.093, 11.323, 10.933, 11.671, 13.119, 13.069, 12.07, 9.828, 8.474, 6.657, 5.668, 6.485, 8.026, 9.317, 8.298, 6.798, 6.547, 6.333, 4.856, 4.436, 4.642, 5.346, 6.339, 4.865, 3.552, 2.787, 2.381, 1.948, 3.847, 4.635, 6.188, 8.553, 8.297, 8.153, 8.719, 7.243, 4.698, 3.555, 3.486, 3.312, 2.879, 2.541, 1.944], [8.419, 8.387, 7.808, 9.043, 9.008, 8.319, 6.703, 5.114, 4.201, 4.97, 3.649, 3.304, 4.086, 4.371, 4.766, 5.31, 5.341, 5.259, 4.518, 4.453, 3.611, 2.881, 4.394, 4.828, 3.622, 2.809, 2.085, 2.258, 3.047, 4.065, 2.508, 0.0, 1.431, 1.415, 2.383, 2.839, 2.581, 2.458, 2.317, 1.518, 1.434, 3.51, 4.349, 4.805, 5.211, 5.376, 7.491, 8.987, 9.485, 7.952, 8.571, 11.075, 11.569, 10.61, 9.909, 9.263, 8.724, 9.289, 9.785, 9.859, 9.939, 10.482, 11.258, 12.536, 12.93, 11.765, 11.991, 13.173, 13.838, 14.027, 13.233, 11.587, 10.972, 10.142, 8.819, 7.598, 6.357, 4.74, 3.868, 4.855, 8.263, 10.615, 10.723, 11.326, 13.64, 14.217, 13.945, 10.697, 7.695, 7.812, 7.964, 6.862, 7.18, 6.694, 5.785, 6.02, 7.49, 7.552, 7.518, 7.803, 7.881, 7.645, 8.737, 9.649, 8.895, 8.464, 9.607, 11.039, 10.936, 9.832, 7.984, 7.061, 4.942, 4.159, 5.093, 6.175, 7.558, 6.737, 5.382, 5.202, 5.014, 3.744, 3.598, 3.564, 3.873, 4.392, 2.638, 1.599, 1.889, 2.466, 2.422, 3.101, 3.473, 4.641, 6.548, 6.153, 5.862, 6.373, 4.881, 3.973, 3.508, 3.364, 3.399, 2.895, 2.277, 1.891], [7.281, 7.279, 6.754, 7.922, 7.861, 7.145, 5.543, 3.944, 3.372, 3.834, 3.086, 3.458, 3.423, 3.284, 3.68, 4.154, 4.247, 4.109, 3.635, 3.432, 2.94, 2.645, 3.679, 3.782, 2.84, 2.561, 2.418, 2.875, 4.145, 5.26, 3.677, 1.431, 0.0, 2.069, 2.566, 2.451, 2.118, 1.996, 2.034, 1.688, 1.673, 2.371, 3.339, 4.22, 4.166, 4.461, 6.338, 7.977, 8.404, 6.915, 7.632, 10.097, 10.566, 9.422, 8.784, 8.195, 7.637, 8.275, 8.745, 8.884, 9.009, 9.537, 10.193, 11.363, 11.754, 10.59, 10.853, 12.007, 12.713, 12.867, 12.091, 10.391, 9.834, 8.989, 7.724, 6.498, 5.29, 3.696, 2.911, 3.863, 7.212, 9.528, 9.648, 10.233, 12.474, 13.142, 12.892, 9.749, 6.692, 6.812, 6.955, 5.835, 6.061, 5.569, 4.678, 4.975, 6.355, 6.399, 6.39, 6.686, 6.873, 6.524, 7.555, 8.508, 7.756, 7.291, 8.679, 10.068, 9.963, 8.817, 7.003, 5.975, 3.899, 3.428, 4.182, 5.31, 6.491, 5.655, 4.368, 4.213, 3.983, 3.099, 3.02, 2.834, 2.852, 3.251, 1.633, 1.299, 2.258, 3.49, 3.39, 3.265, 3.512, 4.462, 5.701, 5.3, 4.863, 5.232, 3.973, 3.982, 3.941, 3.684, 3.949, 3.798, 2.746, 2.87], [9.036, 8.994, 8.414, 9.655, 9.622, 8.931, 7.347, 5.82, 4.836, 5.582, 4.215, 3.033, 4.559, 4.999, 5.379, 5.912, 6.023, 5.859, 5.138, 5.064, 4.096, 3.235, 4.91, 5.444, 4.142, 2.842, 2.288, 1.775, 2.609, 3.469, 2.048, 1.415, 2.069, 0.0, 1.442, 3.108, 3.116, 3.108, 2.728, 1.563, 2.413, 4.204, 4.956, 5.418, 5.837, 6.04, 8.086, 9.532, 9.763, 8.312, 9.082, 11.668, 12.167, 11.254, 10.519, 9.881, 9.341, 9.893, 10.396, 10.464, 10.519, 11.078, 11.834, 13.139, 13.535, 12.371, 12.593, 13.778, 14.448, 14.632, 13.833, 12.208, 11.574, 10.736, 9.438, 8.212, 6.976, 5.115, 4.359, 5.291, 8.608, 10.899, 11.07, 11.909, 14.24, 14.812, 14.561, 11.225, 8.244, 8.418, 8.556, 7.468, 7.786, 7.305, 6.407, 6.623, 8.086, 8.146, 8.155, 8.473, 8.603, 8.354, 9.388, 10.298, 9.517, 9.108, 10.186, 11.599, 11.467, 10.45, 8.434, 7.327, 5.359, 4.619, 5.574, 6.805, 7.883, 7.002, 5.654, 5.551, 5.394, 4.338, 4.069, 4.075, 4.257, 4.69, 3.114, 1.964, 1.513, 1.98, 1.768, 2.689, 3.108, 4.927, 7.061, 6.705, 6.508, 6.988, 5.55, 3.403, 2.707, 2.495, 2.487, 2.112, 1.405, 1.374], [8.562, 8.533, 7.91, 9.176, 9.179, 8.48, 6.916, 5.354, 4.389, 5.151, 3.732, 2.596, 4.04, 4.524, 4.915, 5.463, 5.482, 5.403, 4.693, 4.534, 3.596, 2.702, 4.436, 4.987, 3.67, 2.572, 2.325, 2.128, 2.937, 4.042, 2.713, 2.383, 2.566, 1.442, 0.0, 2.581, 2.612, 2.608, 2.275, 1.809, 3.31, 4.256, 4.803, 5.321, 5.533, 6.357, 7.68, 9.239, 9.623, 8.687, 8.744, 11.171, 11.664, 10.81, 10.034, 9.353, 8.835, 9.411, 9.866, 9.961, 10.051, 10.612, 11.423, 12.694, 13.091, 11.926, 12.121, 13.333, 13.953, 14.187, 13.387, 11.768, 11.106, 10.287, 8.945, 7.721, 6.501, 4.851, 4.232, 4.949, 8.541, 10.549, 10.629, 11.435, 13.808, 14.354, 14.046, 10.761, 7.757, 7.906, 8.053, 6.953, 7.311, 6.807, 5.92, 6.12, 7.634, 7.696, 7.652, 7.989, 8.147, 7.858, 8.937, 9.846, 9.055, 8.656, 9.72, 11.128, 10.979, 9.925, 8.211, 7.225, 5.413, 5.422, 6.147, 7.33, 7.873, 7.139, 5.964, 6.174, 5.779, 5.147, 4.727, 4.729, 4.558, 4.508, 3.285, 2.575, 1.696, 2.334, 2.113, 1.831, 2.6, 4.33, 6.599, 6.203, 6.007, 6.502, 5.052, 2.627, 1.837, 1.673, 1.866, 2.198, 1.542, 2.059], [6.132, 6.087, 5.587, 6.854, 6.727, 6.13, 4.603, 3.046, 2.2, 2.713, 2.003, 2.212, 1.918, 2.308, 2.614, 3.151, 3.198, 3.038, 2.388, 2.248, 1.959, 1.958, 2.45, 2.754, 1.833, 2.238, 2.494, 3.227, 4.952, 6.436, 4.875, 2.839, 2.451, 3.108, 2.581, 0.0, 1.349, 1.326, 1.311, 2.087, 3.199, 3.131, 3.85, 4.582, 4.311, 5.297, 6.075, 7.511, 8.194, 7.792, 7.338, 8.983, 9.351, 8.282, 7.6, 7.0, 6.433, 7.025, 7.522, 7.667, 7.828, 8.333, 8.997, 10.24, 10.629, 9.465, 9.677, 10.878, 11.528, 11.735, 10.935, 9.282, 8.739, 7.867, 6.549, 5.348, 4.486, 3.449, 3.07, 3.686, 7.178, 8.863, 8.763, 9.134, 11.33, 11.944, 11.675, 8.692, 5.622, 5.591, 5.848, 4.814, 5.075, 4.497, 3.662, 3.812, 5.219, 5.262, 5.31, 5.794, 6.031, 5.583, 6.448, 7.389, 6.694, 6.162, 7.487, 8.957, 8.892, 7.607, 6.575, 5.825, 4.505, 4.955, 5.72, 6.331, 6.593, 5.961, 4.972, 5.528, 5.036, 4.672, 4.415, 3.975, 3.702, 3.194, 2.825, 2.6, 2.717, 4.068, 4.378, 2.317, 1.786, 2.885, 4.794, 4.211, 3.868, 4.259, 2.944, 2.541, 3.441, 3.366, 3.846, 4.466, 3.615, 3.964], [5.973, 5.962, 5.436, 6.687, 6.609, 5.961, 4.487, 2.983, 2.087, 2.73, 1.787, 2.041, 2.04, 2.357, 2.593, 3.024, 3.111, 2.961, 2.369, 2.097, 1.384, 1.266, 2.071, 2.408, 1.449, 1.608, 2.115, 3.178, 5.057, 6.473, 4.902, 2.581, 2.118, 3.116, 2.612, 1.349, 0.0, 1.153, 1.061, 2.105, 2.775, 2.661, 3.069, 3.722, 3.666, 4.961, 5.765, 7.78, 8.464, 7.811, 7.423, 8.949, 9.324, 8.262, 7.464, 6.813, 6.322, 6.972, 7.432, 7.611, 7.753, 8.272, 8.949, 10.1, 10.496, 9.331, 9.54, 10.745, 11.375, 11.593, 10.796, 9.177, 8.571, 7.745, 6.395, 5.153, 4.694, 3.64, 3.068, 3.718, 7.433, 9.187, 9.0, 9.081, 11.231, 11.809, 11.522, 8.658, 5.698, 5.578, 5.731, 4.627, 4.851, 4.269, 3.412, 3.705, 5.105, 5.121, 5.234, 5.713, 5.991, 5.663, 6.469, 7.356, 6.591, 6.107, 7.424, 8.895, 8.801, 7.523, 6.88, 6.094, 4.46, 4.71, 5.41, 6.399, 6.811, 6.17, 5.091, 5.371, 4.853, 4.369, 4.063, 3.872, 3.662, 3.365, 2.436, 2.218, 2.755, 4.226, 4.482, 2.253, 2.3, 3.237, 4.836, 4.421, 4.039, 4.17, 3.014, 2.596, 3.113, 3.315, 3.77, 4.511, 3.663, 4.022], [6.158, 6.136, 5.622, 6.781, 6.749, 6.044, 4.428, 2.872, 1.985, 2.766, 1.775, 2.139, 2.2, 2.333, 2.546, 3.055, 3.101, 3.01, 2.411, 2.33, 1.665, 1.613, 2.297, 2.696, 1.77, 2.029, 2.291, 3.265, 4.972, 6.366, 4.833, 2.458, 1.996, 3.108, 2.608, 1.326, 1.153, 0.0, 1.233, 2.077, 2.95, 2.919, 3.508, 4.194, 4.128, 5.238, 6.042, 7.646, 8.271, 7.862, 7.435, 9.026, 9.471, 8.332, 7.648, 7.054, 6.51, 7.178, 7.644, 7.796, 7.93, 8.456, 9.125, 10.263, 10.655, 9.49, 9.73, 10.925, 11.576, 11.761, 10.974, 9.296, 8.711, 7.883, 6.575, 5.349, 4.523, 3.483, 3.142, 3.723, 7.207, 8.949, 8.841, 9.165, 11.369, 12.025, 11.759, 8.694, 5.665, 5.705, 5.804, 4.753, 4.951, 4.455, 3.707, 3.863, 5.258, 5.292, 5.257, 5.519, 5.709, 5.445, 6.455, 7.375, 6.629, 6.181, 7.594, 8.993, 8.914, 7.72, 6.626, 5.851, 4.448, 4.884, 5.636, 6.448, 6.737, 6.123, 5.125, 5.507, 4.985, 4.553, 4.183, 3.878, 3.652, 3.28, 2.613, 2.372, 2.704, 4.15, 4.316, 2.308, 2.053, 3.112, 4.851, 4.392, 3.813, 4.136, 2.869, 2.384, 3.294, 3.223, 3.71, 4.384, 3.522, 3.88], [6.513, 6.511, 6.014, 7.218, 7.078, 6.405, 4.807, 3.238, 2.301, 3.009, 1.693, 1.705, 2.262, 2.506, 2.849, 3.461, 3.537, 3.398, 2.944, 2.677, 1.825, 1.221, 2.492, 2.871, 1.815, 1.647, 1.641, 2.487, 4.561, 6.072, 4.494, 2.317, 2.034, 2.728, 2.275, 1.311, 1.061, 1.233, 0.0, 1.588, 2.85, 2.678, 3.212, 3.941, 3.877, 5.226, 5.929, 8.178, 9.005, 8.188, 7.926, 9.571, 9.959, 8.751, 8.048, 7.428, 6.88, 7.567, 8.063, 8.299, 8.441, 8.946, 9.465, 10.563, 10.952, 9.787, 10.088, 11.212, 11.948, 12.076, 11.327, 9.6, 9.122, 8.205, 6.968, 5.763, 5.156, 4.164, 3.458, 4.173, 7.951, 9.74, 9.592, 9.761, 11.7, 12.372, 12.111, 9.409, 6.424, 6.104, 6.224, 5.206, 5.416, 4.894, 3.94, 4.272, 5.628, 5.626, 5.665, 5.974, 6.147, 5.715, 6.755, 7.723, 7.008, 6.523, 8.083, 9.585, 9.522, 8.197, 7.416, 6.619, 4.923, 5.097, 5.823, 6.775, 7.283, 6.593, 5.467, 5.74, 5.249, 4.755, 4.338, 4.231, 4.041, 3.776, 2.787, 2.478, 2.257, 3.685, 4.023, 1.845, 2.075, 3.46, 5.289, 4.753, 4.334, 4.577, 3.073, 2.263, 2.727, 2.822, 3.386, 4.094, 3.248, 3.6], [7.858, 7.785, 7.25, 8.531, 8.435, 7.835, 6.285, 4.698, 3.745, 4.433, 3.006, 2.406, 3.466, 3.843, 4.242, 4.838, 4.815, 4.727, 3.997, 3.863, 2.882, 2.088, 3.692, 4.251, 2.954, 2.206, 2.013, 2.037, 3.39, 4.662, 3.09, 1.518, 1.688, 1.563, 1.809, 2.