[[0.0, 3.137, 2.707, 2.605, 3.72, 6.153, 6.161, 4.45, 4.001, 4.049, 3.962, 5.048, 4.527, 2.607, 2.506, 2.931, 3.24, 4.363, 6.892, 9.521, 9.53, 8.864, 9.744, 9.97, 9.109, 9.473, 12.662, 15.858, 15.597, 13.922, 14.433, 13.949, 12.491, 12.474, 12.34, 8.872, 7.307, 6.83, 8.164, 8.551, 8.165, 8.868, 11.234, 10.217, 8.084, 7.701, 7.379, 7.171, 7.957, 8.934, 8.798, 8.737, 8.425, 5.29, 2.225, 1.987, 1.96, 2.121, 2.579, 1.816, 1.745, 2.224, 2.919, 2.717, 5.069, 9.622, 8.152, 4.648, 3.717, 4.72, 3.994, 2.499, 1.971, 2.324, 1.825, 1.91, 2.463, 2.587, 3.701, 5.259, 5.418, 5.458, 5.695, 5.564, 5.661, 5.398, 5.467, 5.638, 5.214, 5.038, 5.461, 5.747, 6.142, 6.607, 5.912, 4.629, 3.499, 3.309, 3.562, 3.262, 3.269, 4.205, 5.059, 4.708, 4.005, 4.194, 5.332, 7.72, 10.018, 12.605, 9.58, 3.332, 2.234, 4.017, 4.614, 4.366, 4.63, 5.93, 7.8, 8.119, 8.014, 8.575, 8.134, 7.89, 8.339, 7.793, 7.186, 8.203, 9.523, 8.997, 7.465, 6.921, 6.541, 8.54, 7.947, 5.579, 4.516, 4.271, 2.838, 2.603, 3.789, 6.465, 7.486, 6.241, 5.602, 5.75], [3.137, 0.0, 1.045, 1.428, 1.68, 3.378, 3.506, 2.974, 3.619, 4.372, 4.083, 3.577, 2.433, 1.913, 2.398, 2.765, 3.947, 6.557, 9.556, 12.302, 12.273, 11.604, 12.498, 12.78, 11.79, 11.952, 15.225, 18.626, 18.455, 16.653, 17.178, 16.569, 15.066, 15.243, 14.957, 11.345, 9.696, 9.129, 10.49, 10.998, 10.677, 11.436, 13.939, 12.979, 10.818, 10.217, 9.832, 9.533, 10.752, 11.796, 11.352, 11.378, 11.038, 7.737, 4.27, 3.738, 4.008, 3.445, 2.981, 3.589, 3.899, 4.484, 5.01, 5.21, 7.994, 12.515, 10.962, 7.377, 6.616, 7.641, 6.973, 5.103, 4.359, 4.52, 3.58, 1.997, 2.561, 3.447, 4.522, 5.503, 5.555, 4.714, 4.59, 4.567, 4.908, 4.806, 4.796, 4.98, 4.551, 4.302, 4.412, 4.605, 4.595, 4.259, 3.769, 3.66, 3.18, 2.395, 2.334, 2.796, 3.572, 5.092, 5.595, 5.396, 4.942, 6.193, 8.249, 10.668, 12.844, 15.506, 12.471, 6.172, 4.224, 5.928, 6.546, 5.931, 5.773, 7.989, 10.447, 10.795, 10.665, 11.261, 10.731, 10.464, 11.031, 10.543, 9.911, 10.972, 12.294, 11.725, 10.249, 9.793, 9.457, 11.403, 10.67, 7.868, 6.762, 6.509, 4.964, 3.887, 2.83, 3.687, 4.663, 3.386, 2.932, 3.438], [2.707, 1.045, 0.0, 1.439, 2.017, 4.209, 4.226, 3.433, 3.898, 4.599, 4.451, 4.275, 3.128, 2.116, 2.525, 2.978, 3.629, 6.11, 9.028, 11.621, 11.657, 10.969, 11.872, 12.07, 11.221, 11.523, 14.776, 17.943, 17.652, 16.038, 16.604, 16.089, 14.593, 14.572, 14.477, 10.898, 9.348, 8.936, 10.422, 10.667, 10.313, 11.066, 13.371, 12.301, 10.153, 9.857, 9.581, 9.234, 10.002, 11.096, 10.823, 10.831, 10.508, 7.389, 4.344, 3.729, 3.934, 3.302, 3.12, 3.471, 3.609, 4.043, 4.223, 4.472, 7.213, 11.703, 10.258, 6.772, 5.847, 6.823, 6.217, 4.87, 4.234, 4.531, 3.604, 1.706, 2.093, 2.635, 3.737, 4.75, 4.874, 4.142, 4.162, 4.123, 4.371, 4.297, 4.486, 4.536, 4.022, 3.799, 3.987, 4.219, 4.431, 4.428, 3.837, 3.184, 2.847, 2.288, 2.303, 2.505, 3.112, 4.358, 4.903, 4.648, 4.156, 5.368, 7.443, 9.864, 12.12, 14.732, 11.688, 5.417, 3.454, 5.241, 5.828, 5.274, 5.347, 7.537, 9.815, 10.131, 10.11, 10.666, 10.245, 10.001, 10.459, 9.887, 9.295, 10.292, 11.612, 11.097, 9.534, 8.979, 8.634, 10.582, 10.02, 7.707, 6.811, 6.511, 5.119, 4.067, 3.172, 4.452, 5.429, 4.125, 3.608, 4.077], [2.605, 1.428, 1.439, 0.0, 1.937, 3.928, 4.037, 3.112, 3.148, 3.608, 3.566, 3.46, 2.529, 1.502, 1.851, 2.545, 3.313, 5.766, 8.743, 11.505, 11.479, 10.777, 11.675, 12.035, 10.989, 11.192, 14.389, 17.802, 17.78, 15.868, 16.441, 15.77, 14.216, 14.45, 14.144, 10.549, 8.884, 8.209, 9.506, 10.207, 9.879, 10.662, 13.131, 12.242, 10.164, 9.387, 8.888, 8.754, 10.066, 11.097, 10.726, 10.637, 10.248, 6.839, 3.687, 3.157, 3.386, 3.072, 3.093, 3.079, 3.323, 3.882, 4.363, 4.521, 7.331, 11.827, 10.251, 6.649, 5.922, 6.981, 6.309, 4.345, 3.623, 3.692, 2.841, 1.63, 1.967, 2.842, 3.876, 5.062, 5.214, 4.624, 4.575, 4.407, 4.76, 4.699, 4.691, 4.821, 4.429, 4.182, 4.222, 4.473, 5.008, 4.907, 3.995, 3.583, 2.695, 1.918, 2.075, 2.652, 3.393, 4.867, 5.414, 5.145, 4.587, 5.57, 7.604, 9.996, 12.143, 14.799, 11.739, 5.444, 3.687, 5.358, 5.895, 5.492, 5.292, 7.276, 9.758, 10.006, 9.889, 10.464, 9.934, 9.667, 10.224, 9.716, 9.089, 10.181, 11.505, 10.91, 9.522, 9.122, 8.793, 10.71, 9.933, 6.908, 5.958, 5.653, 4.271, 3.169, 2.89, 4.246, 5.372, 4.118, 3.483, 3.869], [3.72, 1.68, 2.017, 1.937, 0.0, 2.657, 2.765, 2.018, 2.453, 3.352, 3.216, 2.845, 2.073, 2.242, 2.354, 2.604, 4.321, 6.707, 9.701, 12.667, 12.593, 11.877, 12.748, 13.278, 12.187, 12.321, 15.349, 18.99, 19.126, 17.038, 17.647, 16.706, 15.235, 15.604, 15.064, 11.458, 9.677, 8.953, 9.91, 11.237, 10.751, 11.734, 14.148, 13.556, 11.368, 10.283, 9.719, 9.525, 11.361, 12.44, 12.0, 11.889, 11.551, 7.745, 4.323, 3.464, 3.588, 3.049, 2.847, 3.554, 4.346, 5.027, 5.73, 5.813, 8.649, 13.185, 11.457, 7.833, 7.209, 8.321, 7.613, 5.425, 4.679, 4.378, 2.992, 2.35, 3.614, 4.131, 5.173, 6.477, 6.678, 5.997, 5.806, 5.79, 6.169, 5.972, 5.861, 5.996, 5.664, 5.48, 5.541, 5.779, 5.783, 5.305, 4.708, 4.864, 4.012, 3.104, 2.919, 3.507, 4.595, 6.061, 6.617, 6.367, 5.81, 6.888, 8.949, 11.345, 13.398, 16.11, 13.044, 6.714, 4.819, 6.491, 7.079, 6.564, 6.257, 8.381, 11.023, 11.163, 10.903, 11.441, 10.879, 10.573, 11.198, 10.76, 10.154, 11.406, 12.672, 12.056, 10.786, 10.451, 10.133, 12.046, 11.204, 7.623, 6.587, 6.315, 4.875, 2.735, 1.952, 3.137, 4.359, 3.12, 2.53, 2.798], [6.153, 3.378, 4.209, 3.928, 2.657, 0.0, 1.267, 2.223, 2.986, 3.982, 3.533, 2.396, 2.242, 3.987, 4.576, 4.399, 6.593, 9.019, 11.925, 15.109, 15.011, 14.288, 15.144, 15.734, 14.602, 14.763, 17.61, 21.436, 21.594, 19.485, 20.019, 19.006, 17.562, 18.038, 17.196, 13.891, 11.832, 10.986, 12.064, 13.696, 13.173, 14.219, 16.519, 15.989, 13.838, 12.697, 12.014, 11.935, 13.838, 14.928, 14.458, 14.347, 13.97, 10.085, 6.586, 5.763, 5.715, 4.903, 4.404, 5.782, 6.717, 7.509, 8.169, 8.29, 11.127, 15.655, 13.913, 10.292, 9.683, 10.821, 10.103, 7.818, 7.019, 6.714, 5.271, 4.76, 5.531, 6.594, 7.649, 8.507, 8.16, 7.251, 6.782, 6.794, 7.305, 7.246, 7.147, 7.258, 6.939, 6.701, 6.757, 6.899, 6.554, 5.827, 5.639, 5.969, 5.203, 4.243, 4.197, 4.877, 6.196, 7.743, 8.246, 8.087, 8.04, 9.396, 11.439, 13.831, 15.865, 18.57, 15.486, 9.186, 7.398, 9.032, 9.623, 9.158, 8.802, 10.824, 13.52, 13.635, 13.249, 13.75, 13.208, 12.716, 13.467, 13.045, 12.539, 13.838, 15.132, 14.484, 13.269, 12.949, 12.632, 14.517, 13.656, 9.95, 8.839, 8.334, 6.759, 4.354, 2.734, 1.628, 2.892, 1.803, 1.98, 2.304], [6.161, 3.506, 4.226, 4.037, 2.765, 1.267, 0.0, 1.997, 2.667, 3.376, 3.071, 2.004, 2.036, 3.943, 4.574, 4.622, 6.629, 9.116, 12.05, 15.147, 15.067, 14.325, 15.178, 15.755, 14.624, 14.783, 17.754, 21.46, 21.606, 19.523, 20.124, 19.102, 17.661, 18.064, 17.3, 13.914, 11.939, 11.11, 12.182, 13.735, 13.185, 14.231, 16.607, 16.022, 13.85, 12.713, 12.007, 11.956, 13.854, 14.94, 14.47, 14.372, 13.983, 10.182, 6.606, 5.779, 5.729, 4.897, 4.433, 5.799, 6.733, 7.526, 8.181, 8.31, 11.142, 15.669, 13.947, 10.304, 9.7, 10.838, 10.113, 7.846, 7.041, 6.727, 5.338, 4.827, 5.545, 6.573, 7.657, 8.624, 8.639, 7.642, 7.362, 7.407, 7.882, 7.765, 7.664, 7.793, 7.474, 7.243, 7.316, 7.504, 7.259, 6.604, 6.304, 6.444, 5.622, 4.751, 4.778, 5.399, 6.692, 8.268, 8.834, 8.53, 8.098, 9.406, 11.451, 13.844, 15.881, 18.592, 15.514, 9.195, 7.397, 9.023, 9.706, 9.231, 8.818, 10.885, 13.531, 13.647, 13.381, 13.884, 13.298, 12.76, 13.422, 13.176, 12.628, 13.859, 15.15, 14.493, 13.29, 12.971, 12.643, 14.533, 13.667, 10.0, 8.908, 8.343, 6.748, 4.429, 2.642, 1.875, 2.972, 2.214, 2.008, 2.35], [4.45, 2.974, 3.433, 3.112, 2.018, 2.223, 1.997, 0.0, 1.45, 2.396, 2.017, 1.903, 2.055, 2.96, 3.281, 3.445, 5.214, 7.458, 10.367, 13.447, 13.384, 12.64, 13.496, 14.051, 12.876, 13.067, 16.072, 19.723, 19.821, 17.814, 18.439, 17.423, 15.982, 16.373, 15.626, 12.205, 10.263, 9.431, 10.501, 12.023, 11.387, 12.423, 14.921, 14.276, 12.082, 10.907, 10.24, 10.178, 12.052, 13.128, 12.678, 12.591, 12.263, 8.502, 4.8, 3.986, 3.932, 3.169, 2.746, 3.988, 4.923, 5.738, 6.479, 6.554, 9.37, 13.884, 12.234, 8.576, 7.968, 9.032, 8.365, 6.114, 5.263, 4.987, 3.689, 3.39, 4.565, 5.103, 6.158, 7.459, 7.85, 7.332, 7.393, 7.356, 7.646, 7.441, 7.322, 7.477, 7.156, 6.932, 7.027, 7.332, 7.451, 6.99, 6.397, 6.314, 5.314, 4.412, 4.388, 4.629, 5.594, 6.971, 7.63, 7.37, 6.722, 7.658, 9.651, 12.045, 14.168, 16.857, 13.794, 7.499, 5.787, 7.406, 8.022, 7.63, 7.347, 9.251, 11.78, 11.86, 11.67, 12.173, 11.587, 11.09, 11.703, 11.497, 10.944, 12.152, 13.439, 12.782, 11.513, 11.196, 10.84, 12.765, 11.879, 8.219, 7.131, 6.556, 4.996, 2.86, 1.503, 2.893, 4.377, 3.221, 2.434, 2.562], [4.001, 3.619, 3.898, 3.148, 2.453, 2.986, 2.667, 1.45, 0.0, 1.45, 1.253, 1.663, 2.31, 2.834, 3.206, 3.694, 5.4, 6.983, 9.59, 12.705, 12.6, 11.905, 12.733, 13.332, 12.192, 12.356, 15.25, 19.019, 19.183, 17.075, 17.644, 16.623, 15.191, 15.638, 14.814, 11.476, 9.442, 8.616, 9.677, 11.285, 10.763, 11.813, 14.122, 13.598, 11.427, 10.336, 9.584, 9.524, 11.431, 12.517, 12.056, 11.951, 11.56, 7.751, 4.4, 3.604, 3.423, 2.631, 2.881, 3.517, 4.345, 5.139, 5.906, 5.976, 8.726, 13.244, 11.538, 7.919, 7.361, 8.528, 7.836, 5.596, 4.71, 4.4, 3.181, 3.225, 4.273, 4.738, 5.764, 7.195, 7.596, 7.472, 7.674, 7.52, 7.789, 7.511, 7.382, 7.574, 7.262, 7.035, 7.165, 7.525, 7.824, 7.508, 6.827, 6.531, 5.149, 4.424, 4.378, 4.684, 5.724, 7.184, 7.881, 7.393, 6.847, 7.459, 9.085, 11.443, 13.473, 16.165, 13.121, 6.881, 5.667, 7.22, 7.965, 7.692, 7.423, 8.973, 11.293, 11.29, 10.928, 11.42, 10.842, 10.348, 11.028, 10.708, 10.163, 11.449, 12.787, 12.183, 10.966, 10.722, 10.307, 12.184, 11.286, 7.555, 6.451, 5.899, 4.389, 2.36, 1.552, 3.642, 5.291, 4.153, 3.097, 2.902], [4.049, 4.372, 4.599, 3.608, 3.352, 3.982, 3.376, 2.396, 1.45, 0.0, 1.103, 1.998, 3.008, 3.107, 3.146, 3.552, 5.276, 7.08, 9.435, 12.483, 12.418, 11.7, 12.529, 13.085, 11.922, 12.11, 15.106, 18.768, 18.914, 16.86, 17.472, 16.456, 15.015, 15.407, 14.659, 11.25, 9.296, 8.465, 9.535, 11.068, 10.48, 11.53, 13.955, 13.332, 11.144, 10.074, 9.306, 9.261, 11.148, 12.237, 11.786, 11.702, 11.308, 7.558, 4.357, 3.566, 3.337, 2.952, 3.767, 3.601, 4.346, 4.905, 5.587, 5.793, 8.52, 12.974, 11.316, 7.687, 7.173, 8.309, 7.639, 5.455, 4.555, 4.237, 3.362, 3.843, 4.315, 4.928, 5.98, 7.216, 7.378, 7.554, 7.8, 7.595, 7.753, 7.356, 7.16, 7.33, 7.095, 6.888, 7.191, 7.625, 8.163, 8.024, 7.269, 6.709, 5.042, 4.439, 4.656, 4.736, 5.548, 7.076, 7.75, 7.205, 6.727, 7.471, 8.873, 11.173, 13.245, 15.92, 12.876, 6.752, 5.68, 7.265, 7.985, 7.707, 7.451, 9.054, 11.2, 11.081, 10.782, 11.279, 10.738, 10.262, 10.782, 10.565, 10.018, 11.232, 12.58, 11.998, 10.706, 10.487, 10.054, 11.937, 11.029, 7.357, 6.244, 5.644, 4.229, 2.579, 2.432, 4.391, 6.114, 4.977, 3.912, 3.648], [3.962, 4.083, 4.451, 3.566, 3.216, 3.533, 3.071, 2.017, 1.253, 1.103, 0.0, 1.72, 2.644, 3.039, 3.325, 3.611, 5.368, 7.181, 9.436, 12.475, 12.406, 11.662, 12.517, 13.083, 11.926, 12.104, 15.092, 18.77, 18.904, 16.84, 17.465, 16.441, 15.0, 15.401, 14.639, 11.208, 9.278, 8.448, 9.521, 11.047, 10.464, 11.514, 13.945, 13.363, 11.128, 10.017, 9.285, 9.24, 11.158, 12.218, 11.753, 11.665, 11.272, 7.521, 4.382, 3.515, 3.343, 2.727, 3.151, 3.317, 4.217, 4.814, 5.583, 5.779, 8.471, 12.957, 11.261, 7.606, 7.118, 8.249, 7.549, 5.428, 4.522, 4.206, 3.361, 3.895, 4.387, 5.096, 6.151, 7.347, 7.623, 7.644, 7.854, 7.677, 7.88, 7.493, 7.357, 7.525, 7.232, 7.068, 7.297, 7.711, 8.147, 7.97, 7.239, 6.736, 5.22, 4.512, 4.697, 4.712, 5.615, 7.185, 7.849, 7.295, 6.872, 7.571, 8.836, 11.124, 13.172, 15.907, 12.854, 6.695, 5.764, 7.393, 8.12, 7.819, 7.573, 9.171, 11.254, 11.128, 10.737, 11.23, 10.722, 10.216, 10.755, 10.515, 9.977, 11.176, 12.535, 11.917, 10.621, 10.405, 9.982, 11.853, 10.98, 7.304, 6.245, 5.666, 4.281, 2.62, 2.004, 4.022, 5.705, 4.593, 3.525, 3.29], [5.048, 3.577, 4.275, 3.46, 2.845, 2.396, 2.004, 1.903, 1.663, 1.998, 1.72, 0.0, 1.583, 3.305, 4.1, 4.364, 6.133, 8.107, 10.82, 13.955, 13.859, 13.114, 13.968, 14.564, 13.413, 13.587, 16.518, 20.238, 20.41, 18.337, 18.919, 17.888, 16.456, 16.868, 16.032, 12.718, 10.68, 9.876, 10.945, 12.55, 11.979, 13.024, 15.396, 14.802, 12.645, 11.522, 10.807, 10.749, 12.649, 13.734, 13.266, 13.163, 12.785, 8.977, 5.496, 4.703, 4.564, 3.744, 3.657, 4.656, 5.528, 6.325, 7.021, 7.19, 9.967, 14.472, 12.761, 9.11, 8.538, 9.669, 8.953, 6.672, 5.849, 5.532, 4.294, 3.951, 4.601, 5.658, 6.733, 7.835, 8.015, 7.448, 7.087, 7.134, 7.664, 7.632, 7.55, 7.658, 7.326, 7.074, 7.115, 7.28, 7.081, 6.741, 6.087, 6.235, 5.253, 4.46, 4.622, 5.133, 6.325, 7.922, 8.548, 8.042, 7.671, 8.449, 10.266, 12.639, 14.698, 17.383, 14.296, 8.031, 6.704, 8.313, 8.966, 8.712, 8.436, 10.076, 12.381, 12.473, 12.172, 12.653, 12.075, 11.495, 12.212, 11.915, 11.403, 12.676, 13.983, 13.358, 12.092, 11.868, 11.467, 13.35, 12.475, 8.783, 7.688, 7.12, 5.532, 3.477, 2.268, 2.867, 4.316, 3.309, 2.459, 2.609], [4.527, 2.433, 3.128, 2.529, 2.073, 2.242, 2.036, 2.055, 2.31, 3.008, 2.644, 1.583, 0.0, 2.392, 3.144, 3.309, 5.126, 7.579, 10.465, 13.542, 13.473, 12.73, 13.584, 14.149, 12.984, 13.164, 16.163, 19.817, 19.973, 17.907, 18.532, 17.52, 16.067, 16.467, 15.774, 12.284, 10.378, 9.621, 10.688, 12.116, 11.621, 12.6, 15.028, 14.41, 12.214, 11.142, 10.508, 10.391, 12.218, 13.304, 12.839, 12.734, 12.351, 8.588, 5.02, 4.251, 4.181, 3.418, 3.184, 4.262, 5.116, 5.895, 6.566, 6.721, 9.528, 14.043, 12.329, 8.676, 8.065, 9.215, 8.496, 6.211, 5.413, 5.102, 3.789, 3.321, 3.921, 4.977, 6.052, 7.009, 7.003, 6.137, 5.91, 5.89, 6.31, 6.28, 6.181, 6.289, 5.968, 5.72, 5.76, 5.956, 5.951, 5.638, 4.96, 4.919, 3.926, 3.15, 3.371, 3.921, 5.073, 6.706, 7.352, 6.953, 6.508, 7.796, 9.819, 12.208, 14.264, 16.955, 13.901, 7.593, 5.963, 7.608, 8.242, 7.84, 7.432, 9.431, 11.926, 12.044, 11.822, 12.324, 11.738, 11.27, 11.878, 11.582, 11.034, 12.241, 13.52, 12.871, 11.654, 11.382, 11.017, 12.915, 12.047, 8.381, 7.292, 6.989, 5.396, 3.426, 2.064, 2.577, 3.612, 2.709, 2.069, 2.185], [2.607, 1.913, 2.116, 1.502, 2.242, 3.987, 3.943, 2.96, 2.834, 3.107, 3.039, 3.305, 2.392, 0.0, 1.528, 2.007, 3.259, 5.859, 8.833, 11.62, 11.582, 10.882, 11.806, 12.096, 11.081, 11.251, 14.497, 17.911, 17.804, 15.958, 16.546, 15.853, 14.345, 14.564, 14.233, 10.595, 8.914, 8.252, 9.335, 10.09, 9.678, 10.462, 13.214, 12.352, 10.041, 9.187, 8.752, 8.527, 10.1, 11.084, 10.689, 10.673, 10.35, 6.861, 3.033, 2.614, 2.807, 2.447, 2.707, 2.794, 3.206, 3.688, 4.35, 4.514, 7.327, 11.849, 10.308, 6.64, 5.939, 6.972, 6.264, 4.237, 3.468, 3.398, 2.318, 2.001, 2.008, 2.816, 3.908, 5.131, 5.246, 4.814, 4.945, 4.786, 5.018, 4.761, 4.736, 4.996, 4.537, 4.368, 4.494, 4.87, 5.429, 5.588, 4.7, 3.841, 2.748, 1.935, 2.261, 2.978, 3.401, 4.938, 5.54, 5.148, 4.634, 5.533, 7.557, 9.966, 12.179, 14.866, 11.831, 5.523, 3.721, 5.47, 6.105, 5.583, 5.391, 7.382, 9.732, 10.111, 9.934, 10.548, 10.002, 9.741, 10.307, 9.82, 9.19, 10.269, 11.594, 11.005, 9.564, 9.135, 8.762, 10.751, 9.961, 6.726, 5.649, 5.585, 3.942, 2.827, 2.578, 4.246, 5.276, 4.088, 3.465, 3.622], [2.506, 2.398, 2.525, 1.851, 2.354, 4.576, 4.574, 3.281, 3.206, 3.146, 3.325, 4.1, 3.144, 1.528, 0.0, 1.507, 2.699, 4.982, 7.99, 10.908, 10.868, 10.131, 11.014, 11.492, 10.349, 10.555, 13.631, 17.207, 17.179, 15.27, 15.888, 15.012, 13.515, 13.832, 13.365, 9.776, 8.034, 7.309, 8.448, 9.55, 9.095, 9.95, 12.428, 11.716, 9.505, 8.62, 8.088, 7.979, 9.462, 10.478, 10.065, 10.013, 9.672, 6.064, 2.67, 2.308, 2.608, 2.941, 3.489, 3.029, 3.219, 3.28, 3.82, 3.943, 6.741, 11.27, 9.677, 6.009, 5.384, 6.383, 5.736, 3.612, 2.899, 2.645, 2.051, 2.301, 2.481, 2.845, 3.879, 5.223, 5.21, 5.122, 5.312, 5.071, 5.16, 4.683, 4.406, 4.62, 4.442, 4.333, 4.674, 5.272, 6.088, 6.128, 5.281, 4.452, 2.911, 2.316, 2.731, 2.812, 2.904, 4.31, 4.893, 4.556, 3.992, 4.939, 6.986, 9.401, 11.578, 14.283, 11.224, 4.902, 3.117, 4.768, 5.357, 4.939, 4.557, 6.659, 9.139, 9.339, 9.157, 9.713, 9.149, 8.869, 9.452, 9.031, 8.428, 9.617, 10.904, 10.246, 8.922, 8.539, 8.158, 10.12, 9.268, 5.938, 4.776, 4.606, 3.242, 2.262, 2.792, 4.775, 6.058, 4.858, 4.19, 4.16], [2.931, 2.765, 2.978, 2.545, 2.604, 4.399, 4.622, 3.445, 3.694, 3.552, 3.611, 4.364, 3.309, 2.007, 1.507, 0.0, 2.493, 5.464, 8.472, 11.296, 11.246, 10.541, 11.468, 11.76, 10.751, 10.85, 14.108, 17.57, 17.414, 15.625, 16.163, 15.477, 13.964, 14.239, 13.845, 10.141, 8.453, 7.681, 8.579, 9.704, 9.0, 9.997, 12.851, 11.966, 9.688, 8.516, 8.054, 7.862, 9.646, 10.7, 10.246, 10.317, 9.896, 6.452, 2.532, 2.066, 2.257, 2.908, 3.66, 3.126, 3.566, 3.715, 4.129, 4.185, 6.944, 11.461, 9.965, 6.262, 5.582, 6.585, 5.887, 3.885, 3.151, 2.922, 2.534, 3.097, 3.207, 3.632, 4.714, 5.718, 5.487, 5.393, 5.576, 5.249, 5.263, 4.732, 4.441, 4.894, 4.604, 4.648, 4.984, 5.469, 6.227, 6.374, 5.435, 4.706, 3.189, 2.707, 3.102, 3.037, 2.691, 3.997, 4.672, 4.365, 3.891, 5.121, 7.156, 9.573, 11.823, 14.496, 11.454, 5.149, 3.193, 4.923, 5.537, 4.964, 4.69, 6.964, 9.353, 9.776, 9.607, 10.197, 9.65, 9.344, 9.944, 9.486, 8.844, 9.943, 11.265, 10.67, 9.228, 8.73, 8.365, 10.361, 9.6, 6.051, 5.036, 4.819, 3.288, 2.285, 2.733, 4.769, 5.704, 4.434, 3.854, 3.918], [3.24, 3.947, 3.629, 3.313, 4.321, 6.593, 6.629, 5.214, 5.4, 5.276, 5.368, 6.133, 5.126, 3.259, 2.699, 2.493, 0.0, 3.301, 6.252, 8.881, 8.893, 8.224, 9.123, 9.355, 8.397, 8.736, 11.973, 15.197, 15.082, 13.291, 13.85, 13.298, 11.8, 11.82, 11.681, 8.086, 6.537, 5.893, 7.319, 7.561, 7.308, 8.058, 10.602, 9.623, 7.457, 6.92, 6.488, 6.215, 7.394, 8.446, 8.182, 8.095, 7.802, 4.449, 2.831, 2.784, 3.352, 4.099, 4.779, 4.074, 4.203, 3.29, 2.95, 2.963, 4.631, 9.126, 7.535, 4.176, 3.442, 4.382, 3.787, 3.107, 3.041, 2.869, 3.181, 3.301, 3.538, 3.289, 3.549, 4.802, 4.771, 5.118, 5.295, 4.87, 4.713, 4.096, 4.815, 5.02, 4.903, 4.839, 5.165, 6.205, 7.129, 7.449, 6.396, 4.738, 2.992, 3.13, 3.729, 3.643, 2.586, 2.63, 3.566, 3.351, 2.563, 3.247, 4.882, 7.28, 9.417, 12.074, 9.039, 3.448, 2.438, 2.738, 3.253, 2.924, 2.889, 4.8, 7.156, 7.445, 7.372, 7.941, 7.482, 7.182, 7.705, 7.137, 6.551, 7.536, 8.875, 8.341, 6.834, 6.408, 6.187, 8.028, 7.375, 4.89, 4.413, 4.217, 3.769, 3.626, 4.51, 6.94, 8.041, 6.808, 6.148, 6.188], [4.363, 6.557, 6.11, 5.766, 6.707, 9.019, 9.116, 7.458, 6.983, 7.08, 7.181, 8.107, 7.579, 5.859, 4.982, 5.464, 3.301, 0.0, 3.038, 6.106, 5.997, 5.281, 6.133, 6.734, 5.65, 5.907, 8.846, 12.431, 12.6, 10.481, 11.024, 10.063, 8.701, 9.037, 8.417, 5.206, 3.546, 3.836, 5.602, 5.616, 5.66, 6.296, 7.535, 7.031, 5.026, 5.18, 4.334, 4.061, 4.982, 6.009, 5.571, 5.366, 5.15, 2.879, 3.859, 4.641, 5.024, 6.121, 6.543, 5.594, 5.278, 4.797, 4.208, 3.663, 2.979, 6.661, 4.91, 2.268, 2.951, 3.184, 3.038, 3.453, 3.858, 3.427, 4.237, 5.055, 5.482, 4.839, 4.549, 6.174, 6.218, 7.038, 7.478, 7.232, 6.554, 5.953, 7.003, 7.101, 7.008, 6.986, 7.424, 8.701, 9.583, 9.924, 8.774, 6.812, 5.723, 5.877, 6.349, 5.364, 4.305, 4.272, 5.007, 5.02, 4.172, 3.507, 2.692, 4.851, 6.863, 9.572, 6.49, 3.114, 3.547, 1.76, 1.791, 1.609, 1.543, 2.131, 4.575, 4.665, 4.321, 4.848, 4.309, 3.991, 4.604, 4.079, 3.542, 4.843, 6.12, 5.482, 4.267, 4.073, 4.364, 5.543, 4.71, 3.897, 3.739, 3.736, 3.808, 4.9, 6.926, 9.56, 10.969, 9.786, 9.058, 8.967], [6.892, 9.556, 9.028, 8.743, 9.701, 11.925, 12.05, 10.367, 9.59, 9.435, 9.436, 10.82, 10.465, 8.833, 7.99, 8.472, 6.252, 3.038, 0.0, 3.225, 3.135, 2.415, 3.261, 3.886, 3.117, 3.729, 6.408, 9.553, 9.728, 7.604, 8.231, 7.378, 5.988, 6.166, 5.628, 2.891, 2.69, 4.071, 5.17, 4.489, 4.736, 4.65, 4.909, 4.43, 3.889, 4.279, 3.527, 3.535, 3.019, 3.556, 3.574, 3.186, 3.134, 3.032, 6.476, 7.317, 7.592, 8.612, 8.923, 7.834, 7.259, 6.812, 6.078, 5.834, 3.105, 3.786, 2.695, 2.97, 3.987, 3.828, 4.074, 5.064, 5.87, 5.676, 6.869, 7.837, 7.956, 7.137, 6.565, 7.836, 8.06, 9.322, 10.248, 10.068, 9.004, 8.805, 9.835, 9.9, 9.615, 9.716, 10.142, 11.236, 12.163, 12.854, 11.751, 9.307, 8.487, 8.833, 9.302, 8.267, 6.848, 6.464, 7.031, 6.932, 6.3, 5.532, 3.406, 2.951, 3.985, 6.692, 3.635, 4.39, 6.314, 4.352, 3.659, 4.151, 4.026, 2.009, 2.357, 2.085, 1.881, 2.234, 1.957, 2.047, 1.873, 1.49, 1.583, 2.055, 3.338, 2.893, 2.277, 2.936, 3.768, 3.674, 2.86, 4.078, 4.522, 4.647, 5.706, 7.724, 9.935, 12.538, 13.967, 12.792, 12.056, 11.974], [9.521, 12.302, 11.621, 11.505, 12.667, 15.109, 15.147, 13.447, 12.705, 12.483, 12.475, 13.955, 13.542, 11.62, 10.908, 11.296, 8.881, 6.106, 3.225, 0.0, 0.791, 1.194, 1.382, 1.857, 2.573, 3.79, 5.48, 6.906, 6.547, 5.469, 6.041, 5.681, 4.587, 3.806, 4.126, 3.024, 4.26, 5.679, 6.161, 4.972, 5.327, 4.836, 3.631, 3.473, 3.935, 4.916, 4.524, 4.521, 3.438, 3.435, 3.847, 3.392, 3.158, 5.054, 9.263, 9.927, 10.234, 11.171, 11.503, 10.29, 9.772, 8.984, 8.346, 8.32, 4.841, 1.732, 2.22, 5.073, 5.974, 5.483, 6.164, 7.549, 8.489, 8.533, 9.88, 10.46, 10.395, 9.356, 8.795, 9.135, 9.84, 11.561, 12.742, 12.6, 11.496, 11.372, 12.625, 12.469, 12.064, 12.2, 12.534, 13.338, 14.449, 15.467, 14.516, 11.892, 11.013, 11.508, 12.059, 11.214, 9.539, 8.565, 8.395, 8.48, 8.362, 7.144, 5.351, 3.359, 1.916, 3.626, 2.527, 6.605, 8.831, 6.807, 6.135, 6.798, 6.825, 4.427, 2.251, 2.026, 2.137, 1.999, 2.635, 2.77, 1.906, 2.241, 2.82, 1.853, 1.3, 1.663, 2.73, 3.507, 4.238, 3.318, 3.167, 5.646, 6.612, 7.078, 8.534, 10.805, 12.843, 15.506, 16.838, 15.579, 14.934, 14.882], [9.53, 12.273, 11.657, 11.479, 12.593, 15.011, 15.067, 13.384, 12.6, 12.418, 12.406, 13.859, 13.473, 11.582, 10.868, 11.246, 8.893, 5.997, 3.135, 0.791, 0.0, 1.09, 1.278, 1.773, 2.437, 3.584, 5.303, 6.795, 6.615, 5.344, 5.812, 5.458, 4.41, 3.894, 3.937, 2.853, 4.01, 5.429, 5.911, 4.797, 5.198, 4.63, 3.506, 3.336, 3.825, 4.747, 4.434, 4.474, 3.414, 3.34, 3.662, 3.205, 3.025, 4.95, 9.219, 9.963, 10.26, 11.216, 11.509, 10.316, 9.76, 9.026, 8.478, 8.409, 4.902, 1.736, 2.351, 5.054, 6.027, 5.626, 6.342, 7.575, 8.493, 8.476, 9.777, 10.499, 10.529, 9.502, 9.005, 9.352, 10.073, 11.764, 12.878, 12.702, 11.629, 11.442, 12.599, 12.514, 12.125, 12.326, 12.686, 13.57, 14.592, 15.477, 14.499, 11.912, 11.117, 11.495, 11.997, 11.124, 9.523, 8.766, 8.651, 8.717, 8.56, 7.404, 5.54, 3.505, 1.931, 3.708, 2.689, 6.794, 8.942, 6.95, 6.225, 6.809, 6.788, 4.359, 2.164, 2.034, 2.062, 1.883, 2.655, 2.764, 1.887, 2.354, 2.796, 1.954, 1.337, 1.563, 2.953, 3.77, 4.406, 3.6, 3.271, 5.622, 6.551, 7.027, 8.492, 10.724, 12.751, 15.469, 16.805, 15.548, 14.902, 14.85], [8.864, 11.604, 10.969, 10.777, 11.877, 14.288, 14.325, 12.64, 11.905, 11.7, 11.662, 13.114, 12.73, 10.882, 10.131, 10.541, 8.224, 5.281, 2.415, 1.194, 1.09, 0.0, 1.16, 1.843, 1.952, 2.978, 5.144, 7.202, 7.328, 5.635, 6.226, 5.628, 4.244, 4.025, 3.997, 2.173, 3.282, 4.709, 5.246, 4.186, 4.557, 4.072, 3.444, 2.84, 3.222, 4.057, 3.69, 3.694, 2.773, 2.754, 3.061, 2.547, 2.393, 4.25, 8.517, 9.299, 9.599, 10.546, 10.848, 9.662, 9.097, 8.364, 7.776, 7.722, 4.249, 1.991, 1.823, 4.296, 5.384, 5.048, 5.666, 6.915, 7.831, 7.748, 9.067, 9.824, 9.828, 8.842, 8.341, 9.033, 9.573, 11.092, 12.179, 12.0, 10.926, 10.745, 11.88, 11.807, 11.437, 11.628, 12.006, 12.945, 13.921, 14.798, 13.801, 11.259, 10.442, 10.793, 11.357, 10.389, 8.86, 8.173, 8.303, 8.272, 7.928, 7.033, 4.943, 2.809, 1.934, 4.291, 2.178, 6.126, 8.243, 6.277, 5.525, 6.149, 6.088, 3.712, 1.893, 1.688, 1.759, 1.78, 2.062, 2.213, 1.414, 1.619, 2.038, 1.306, 1.642, 1.442, 2.299, 3.17, 4.062, 3.203, 2.642, 4.899, 5.932, 6.318, 7.81, 10.008, 12.074, 14.723, 16.084, 14.852, 14.182, 14.123], [9.744, 12.498, 11.872, 11.675, 12.748, 15.144, 15.178, 13.496, 12.733, 12.529, 12.517, 13.968, 13.584, 11.806, 11.014, 11.468, 9.123, 6.133, 3.261, 1.382, 1.278, 1.16, 0.0, 1.132, 1.674, 2.752, 4.396, 6.438, 6.484, 4.825, 5.427, 4.812, 3.517, 3.335, 3.307, 2.086, 3.585, 4.665, 5.016, 3.98, 4.33, 3.82, 2.784, 2.482, 3.033, 4.112, 3.896, 3.88, 2.769, 2.53, 2.859, 2.405, 2.201, 5.135, 9.439, 10.165, 10.454, 11.435, 11.723, 10.529, 9.982, 9.246, 8.678, 8.622, 5.13, 2.078, 2.479, 5.255, 6.258, 5.902, 6.553, 7.79, 8.693, 8.668, 9.937, 10.725, 10.72, 9.724, 9.245, 9.887, 10.428, 11.983, 13.07, 12.896, 11.82, 11.638, 12.804, 12.738, 12.34, 12.528, 12.921, 13.865, 14.842, 15.699, 14.703, 12.144, 11.33, 11.73, 12.244, 11.273, 9.735, 9.086, 9.157, 9.101, 8.799, 7.854, 5.823, 3.66, 1.361, 3.547, 2.242, 7.026, 9.141, 7.158, 6.426, 7.013, 7.012, 4.591, 2.543, 1.999, 2.261, 1.97, 2.273, 2.583, 1.911, 2.31, 2.736, 1.73, 1.538, 1.461, 2.811, 3.899, 4.805, 3.455, 2.734, 5.661, 6.689, 7.173, 8.678, 10.858, 12.989, 15.606, 17.001, 15.765, 15.098, 14.996], [9.97, 12.78, 12.07, 12.035, 13.278, 15.734, 15.755, 14.051, 13.332, 13.085, 13.083, 14.564, 14.149, 12.096, 11.492, 11.76, 9.355, 6.734, 3.886, 1.857, 1.773, 1.843, 1.132, 0.0, 1.425, 2.388, 4.216, 5.946, 5.888, 4.19, 4.817, 4.408, 3.483, 3.118, 3.096, 2.038, 4.047, 4.862, 4.822, 3.478, 3.87, 3.331, 2.365, 2.099, 2.917, 4.111, 4.115, 4.054, 2.749, 2.321, 2.45, 2.113, 2.069, 5.668, 9.729, 10.441, 10.671, 11.614, 11.96, 10.751, 10.221, 9.432, 8.829, 8.763, 5.396, 2.153, 2.931, 5.582, 6.558, 6.27, 6.729, 8.053, 8.996, 9.114, 10.494, 11.035, 10.877, 9.983, 9.423, 10.361, 10.787, 12.17, 13.205, 13.048, 11.947, 11.834, 13.122, 13.035, 12.529, 12.687, 13.168, 14.077, 15.025, 16.0, 14.999, 12.383, 11.497, 12.071, 12.649, 11.813, 10.007, 9.294, 9.635, 9.527, 9.107, 8.273, 6.145, 3.868, 1.16, 3.277, 2.465, 7.251, 9.278, 7.345, 6.622, 7.255, 7.324, 4.986, 2.9, 2.404, 2.581, 2.254, 2.761, 3.146, 2.501, 2.883, 3.247, 2.089, 1.833, 1.871, 3.113, 4.234, 5.27, 3.762, 2.972, 6.094, 7.153, 7.667, 9.057, 11.433, 13.389, 16.112, 17.322, 16.047, 15.412, 15.45], [9.109, 11.79, 11.221, 10.989, 12.187, 14.602, 14.624, 12.876, 12.192, 11.922, 11.926, 13.413, 12.984, 11.081, 10.349, 10.751, 8.397, 5.65, 3.117, 2.573, 2.437, 1.952, 1.674, 1.425, 0.0, 1.623, 4.174, 6.945, 7.002, 5.022, 5.741, 5.031, 3.839, 3.695, 3.447, 1.088, 3.032, 3.766, 3.796, 2.654, 3.021, 2.485, 2.548, 2.05, 2.308, 3.267, 3.124, 3.079, 2.074, 1.948, 1.771, 1.369, 1.373, 4.602, 8.721, 9.443, 9.744, 10.727, 11.015, 9.81, 9.254, 8.528, 8.251, 7.925, 5.091, 2.511, 2.779, 5.109, 6.179, 6.001, 6.178, 7.149, 8.0, 7.995, 9.414, 10.135, 10.325, 9.554, 9.015, 10.261, 10.507, 11.724, 12.459, 12.235, 11.289, 11.002, 12.217, 12.135, 11.959, 11.932, 12.34, 13.602, 14.513, 15.094, 13.983, 11.631, 10.73, 11.034, 11.626, 10.761, 9.185, 8.881, 9.483, 9.385, 8.742, 8.005, 5.808, 3.517, 2.059, 4.535, 2.588, 6.785, 8.552, 6.624, 6.066, 6.358, 6.32, 4.186, 3.258, 2.289, 2.302, 2.21, 2.317, 2.556, 2.637, 2.399, 2.724, 1.968, 2.719, 2.144, 2.724, 4.043, 5.134, 3.765, 2.558, 4.989, 6.046, 6.528, 8.002, 10.307, 12.406, 14.931, 16.289, 15.054, 14.386, 14.318], [9.473, 11.952, 11.523, 11.192, 12.321, 14.763, 14.783, 13.067, 12.356, 12.11, 12.104, 13.587, 13.164, 11.251, 10.555, 10.85, 8.736, 5.907, 3.729, 3.79, 3.584, 2.978, 2.752, 2.388, 1.623, 0.0, 3.471, 6.767, 6.846, 4.811, 5.4, 4.679, 3.194, 3.442, 3.044, 1.535, 3.148, 3.886, 2.941, 1.832, 2.561, 1.618, 2.199, 1.689, 1.82, 2.926, 3.102, 3.106, 2.152, 1.81, 1.319, 1.179, 1.522, 4.856, 8.845, 9.707, 9.964, 10.997, 11.243, 10.056, 9.485, 8.81, 8.772, 8.373, 5.74, 3.706, 3.349, 5.518, 6.647, 6.649, 6.71, 7.423, 8.269, 8.149, 9.606, 10.547, 10.772, 10.096, 9.643, 10.948, 11.169, 12.312, 12.959, 12.698, 11.873, 11.398, 12.45, 12.666, 12.433, 12.468, 12.915, 14.128, 15.025, 15.447, 14.193, 12.148, 11.144, 11.33, 11.936, 10.932, 9.58, 9.484, 10.148, 10.047, 9.334, 8.611, 6.389, 4.094, 2.653, 4.779, 3.172, 7.291, 8.923, 7.104, 6.608, 6.723, 6.519, 4.679, 4.073, 3.434, 3.317, 3.295, 2.648, 2.881, 3.313, 3.147, 3.27, 2.927, 3.981, 3.2, 3.405, 4.736, 5.797, 4.124, 2.525, 5.165, 6.256, 6.691, 8.093, 10.462, 12.449, 15.128, 16.38, 15.17, 14.476, 14.508], [12.662, 15.225, 14.776, 14.389, 15.349, 17.61, 17.754, 16.072, 15.25, 15.106, 15.092, 16.518, 16.163, 14.497, 13.631, 14.108, 11.973, 8.846, 6.408, 5.48, 5.303, 5.144, 4.396, 4.216, 4.174, 3.471, 0.0, 3.852, 4.077, 2.018, 2.458, 1.597, 1.355, 2.065, 1.923, 4.3, 6.012, 6.646, 5.635, 4.595, 5.733, 4.729, 2.059, 3.096, 5.005, 6.193, 6.32, 6.373, 5.391, 4.748, 4.281, 4.274, 4.604, 7.83, 12.138, 12.984, 13.249, 14.268, 14.532, 13.35, 12.77, 12.105, 11.922, 11.607, 8.9, 6.236, 6.383, 8.686, 9.848, 9.83, 9.827, 10.63, 11.506, 11.279, 12.532, 13.638, 13.939, 13.293, 12.831, 14.074, 14.338, 15.521, 16.132, 15.912, 15.112, 14.625, 15.632, 15.729, 15.599, 15.657, 16.088, 17.306, 18.149, 18.588, 17.476, 15.372, 14.345, 14.537, 15.027, 13.991, 12.8, 12.689, 13.315, 13.202, 12.538, 11.815, 9.606, 7.293, 4.383, 4.855, 5.884, 10.477, 12.164, 10.341, 9.785, 9.991, 9.77, 7.593, 6.285, 5.598, 5.308, 5.133, 4.977, 5.189, 5.469, 5.841, 6.197, 5.484, 5.672, 5.277, 6.535, 7.873, 8.963, 7.153, 5.537, 8.34, 9.389, 9.76, 11.279, 13.376, 15.564, 18.194, 19.607, 18.43, 17.702, 17.61], [15.858, 18.626, 17.943, 17.802, 18.99, 21.436, 21.46, 19.723, 19.019, 18.768, 18.77, 20.238, 19.817, 17.911, 17.207, 17.57, 15.197, 12.431, 9.553, 6.906, 6.795, 7.202, 6.438, 5.946, 6.945, 6.767, 3.852, 0.0, 1.343, 2.048, 1.796, 2.473, 3.982, 3.728, 4.431, 7.577, 9.718, 10.489, 9.391, 7.963, 9.103, 8.071, 4.945, 5.763, 8.056, 9.611, 9.845, 9.82, 8.434, 7.401, 7.469, 7.301, 7.826, 11.379, 15.541, 16.279, 16.572, 17.505, 17.848, 16.638, 16.099, 15.305, 14.657, 14.63, 11.183, 7.266, 8.513, 11.327, 12.31, 11.93, 12.5, 13.87, 14.814, 14.81, 16.201, 16.832, 16.704, 15.701, 15.187, 15.625, 16.422, 17.931, 19.047, 18.91, 17.801, 17.713, 18.916, 18.765, 18.387, 18.529, 18.889, 19.801, 20.798, 21.726, 20.829, 18.219, 17.36, 17.828, 18.44, 17.519, 15.87, 15.026, 15.078, 15.12, 14.768, 13.848, 11.78, 9.585, 6.14, 4.671, 7.865, 12.994, 15.174, 13.173, 12.468, 13.142, 13.119, 10.799, 8.322, 8.01, 8.263, 7.741, 8.277, 8.834, 8.051, 8.473, 8.908, 7.789, 6.553, 7.102, 8.72, 9.87, 10.723, 8.897, 8.139, 11.787, 12.881, 13.377, 14.829, 17.157, 19.166, 21.806, 23.122, 21.877, 21.22, 21.193], [15.597, 18.455, 17.652, 17.78, 19.126, 21.594, 21.606, 19.821, 19.183, 18.914, 18.904, 20.41, 19.973, 17.804, 17.179, 17.414, 15.082, 12.6, 9.728, 6.547, 6.615, 7.328, 6.484, 5.888, 7.002, 6.846, 4.077, 1.343, 0.0, 2.151, 2.055, 2.748, 4.261, 3.664, 4.609, 7.737, 9.896, 10.667, 9.568, 7.924, 8.687, 7.766, 5.098, 5.612, 7.895, 9.3, 9.758, 9.719, 8.017, 6.979, 7.206, 7.253, 7.665, 11.528, 15.335, 16.071, 16.121, 17.038, 17.433, 16.231, 15.705, 14.814, 14.151, 14.15, 10.782, 6.362, 7.908, 11.315, 12.014, 11.246, 11.972, 13.791, 14.678, 14.9, 16.344, 16.849, 16.253, 15.242, 14.664, 14.674, 15.522, 17.316, 18.45, 18.38, 17.257, 17.302, 18.734, 18.664, 18.126, 18.21, 18.647, 19.291, 20.359, 21.711, 20.679, 17.896, 17.037, 17.836, 18.462, 17.653, 15.714, 14.328, 14.146, 14.293, 14.104, 12.925, 11.079, 8.871, 5.769, 4.068, 7.214, 12.594, 14.79, 12.879, 12.242, 12.813, 13.04, 10.795, 8.163, 8.003, 8.362, 7.879, 8.415, 9.006, 8.229, 8.613, 9.08, 7.774, 6.527, 7.144, 8.367, 9.125, 9.862, 8.058, 7.986, 11.786, 12.92, 13.434, 14.882, 17.308, 19.251, 21.846, 22.985, 21.655, 21.091, 21.23], [13.922, 16.653, 16.038, 15.868, 17.038, 19.485, 19.523, 17.814, 17.075, 16.86, 16.84, 18.337, 17.907, 15.958, 15.27, 15.625, 13.291, 10.481, 7.604, 5.469, 5.344, 5.635, 4.825, 4.19, 5.022, 4.811, 2.018, 2.048, 2.151, 0.0, 1.148, 1.098, 2.408, 2.384, 2.638, 5.657, 7.768, 8.539, 7.44, 5.961, 7.138, 6.119, 2.993, 3.888, 6.14, 7.653, 7.899, 7.845, 6.575, 5.536, 5.496, 5.341, 5.853, 9.438, 13.595, 14.358, 14.651, 15.616, 15.9, 14.721, 14.149, 13.43, 12.857, 12.796, 9.387, 5.912, 6.845, 9.457, 10.565, 10.322, 10.74, 12.019, 12.9, 12.886, 14.244, 14.899, 14.913, 14.013, 13.417, 14.401, 14.826, 16.183, 17.221, 17.07, 15.976, 15.814, 16.969, 16.906, 16.57, 16.68, 17.05, 18.104, 19.049, 19.913, 18.861, 16.314, 15.492, 15.893, 16.435, 15.593, 13.902, 13.316, 13.671, 13.553, 13.142, 12.319, 10.186, 7.856, 4.468, 3.947, 6.276, 11.242, 13.302, 11.319, 10.61, 11.199, 11.159, 8.802, 6.634, 6.222, 6.328, 5.866, 6.349, 6.883, 6.257, 6.633, 7.056, 6.03, 5.395, 5.536, 7.025, 8.259, 9.306, 7.519, 6.271, 9.861, 10.934, 11.44, 12.883, 15.18, 17.193, 19.871, 21.177, 19.923, 19.274, 19.232], [14.433, 17.178, 16.604, 16.441, 17.647, 20.019, 20.124, 18.439, 17.644, 17.472, 17.465, 18.919, 18.532, 16.546, 15.888, 16.163, 13.85, 11.024, 8.231, 6.041, 5.812, 6.226, 5.427, 4.817, 5.741, 5.4, 2.458, 1.796, 2.055, 1.148, 0.0, 1.186, 2.67, 2.924, 3.041, 6.322, 8.293, 9.065, 7.974, 6.549, 7.584, 6.664, 3.598, 4.343, 6.781, 8.158, 8.484, 8.419, 7.068, 6.004, 5.992, 5.935, 6.337, 10.015, 14.136, 14.935, 15.092, 16.107, 16.36, 15.191, 14.626, 13.907, 13.493, 13.311, 9.907, 6.357, 7.559, 10.122, 10.966, 10.932, 11.404, 12.494, 13.427, 13.504, 14.87, 15.553, 15.485, 14.661, 14.084, 14.817, 15.457, 16.85, 17.823, 17.619, 16.564, 16.347, 17.565, 17.604, 17.184, 17.337, 17.838, 18.807, 19.703, 20.523, 19.413, 16.88, 16.056, 16.563, 17.001, 16.168, 14.458, 13.99, 14.151, 14.154, 13.785, 12.909, 10.813, 8.521, 5.148, 4.103, 6.868, 11.905, 13.859, 11.951, 11.185, 11.674, 11.743, 9.301, 7.142, 6.976, 6.894, 6.485, 6.945, 7.446, 6.964, 7.374, 7.761, 6.722, 5.955, 6.072, 7.742, 8.889, 9.799, 7.996, 6.978, 10.478, 11.537, 12.058, 13.478, 15.706, 17.705, 20.5, 21.741, 20.438, 19.823, 19.857], [13.949, 16.569, 16.089, 15.77, 16.706, 19.006, 19.102, 17.423, 16.623, 16.456, 16.441, 17.888, 17.52, 15.853, 15.012, 15.477, 13.298, 10.063, 7.378, 5.681, 5.458, 5.628, 4.812, 4.408, 5.031, 4.679, 1.597, 2.473, 2.748, 1.098, 1.186, 0.0, 1.997, 2.423, 2.27, 5.448, 7.283, 8.045, 7.043, 5.939, 7.082, 6.113, 2.808, 3.846, 6.215, 7.571, 7.685, 7.737, 6.59, 5.59, 5.439, 5.3, 5.791, 9.181, 13.489, 14.327, 14.613, 15.63, 15.877, 14.693, 14.119, 13.431, 13.088, 12.864, 9.607, 6.3, 7.152, 9.5, 10.64, 10.596, 10.992, 11.968, 12.845, 12.653, 13.91, 14.929, 15.049, 14.257, 13.711, 14.638, 15.124, 16.44, 17.395, 17.179, 16.142, 15.897, 16.902, 16.974, 16.679, 16.891, 17.316, 18.349, 19.286, 19.903, 18.79, 16.457, 15.619, 15.861, 16.334, 15.303, 13.879, 13.575, 13.926, 13.834, 13.434, 12.624, 10.483, 8.165, 4.739, 4.242, 6.544, 11.5, 13.402, 11.532, 10.729, 11.195, 11.036, 8.653, 6.763, 6.293, 6.078, 5.648, 6.017, 6.438, 6.105, 6.653, 7.046, 6.162, 5.687, 5.539, 7.332, 8.547, 9.571, 7.784, 6.403, 9.714, 10.764, 11.115, 12.644, 14.752, 16.934, 19.552, 20.972, 19.8, 19.068, 18.978], [12.491, 15.066, 14.593, 14.216, 15.235, 17.562, 17.661, 15.982, 15.191, 15.015, 15.0, 16.456, 16.067, 14.345, 13.515, 13.964, 11.8, 8.701, 5.988, 4.587, 4.41, 4.244, 3.517, 3.483, 3.839, 3.194, 1.355, 3.982, 4.261, 2.408, 2.67, 1.997, 0.0, 1.329, 1.499, 3.91, 5.835, 6.602, 5.551, 4.401, 5.531, 4.539, 1.707, 2.536, 4.73, 6.022, 6.204, 6.216, 5.066, 4.034, 3.947, 3.868, 4.248, 7.645, 11.945, 12.763, 13.053, 14.085, 14.326, 13.128, 12.573, 11.921, 11.637, 11.419, 8.033, 5.358, 5.583, 7.979, 8.997, 9.021, 9.541, 10.443, 11.341, 11.175, 12.482, 13.465, 13.549, 12.766, 12.228, 13.109, 13.555, 14.968, 15.95, 15.732, 14.697, 14.448, 15.471, 15.526, 15.214, 15.447, 15.873, 16.895, 17.831, 18.415, 17.352, 15.009, 14.175, 14.355, 14.862, 13.856, 12.44, 12.12, 12.343, 12.323, 11.877, 11.001, 8.911, 6.665, 3.652, 4.072, 5.056, 10.041, 11.941, 10.087, 9.246, 9.754, 9.516, 7.238, 5.481, 4.958, 4.987, 4.754, 4.653, 5.13, 4.772, 5.165, 5.558, 4.654, 4.768, 4.33, 5.769, 7.022, 7.984, 6.206, 4.898, 8.178, 9.216, 9.653, 11.163, 13.298, 15.439, 18.096, 19.488, 18.283, 17.585, 17.502], [12.474, 15.243, 14.572, 14.45, 15.604, 18.038, 18.064, 16.373, 15.638, 15.407, 15.401, 16.868, 16.467, 14.564, 13.832, 14.239, 11.82, 9.037, 6.166, 3.806, 3.894, 4.025, 3.335, 3.118, 3.695, 3.442, 2.065, 3.728, 3.664, 2.384, 2.924, 2.423, 1.329, 0.0, 1.819, 4.265, 6.324, 7.095, 6.021, 4.573, 5.731, 4.745, 1.951, 2.522, 4.675, 6.258, 6.508, 6.454, 5.051, 4.057, 4.112, 3.95, 4.46, 7.971, 12.206, 12.893, 13.192, 14.119, 14.466, 13.257, 12.717, 11.922, 11.28, 11.252, 7.83, 4.517, 4.934, 7.98, 8.958, 8.434, 9.127, 10.484, 11.436, 11.458, 12.81, 13.409, 13.33, 12.301, 11.786, 12.385, 12.883, 14.551, 15.677, 15.533, 14.43, 14.339, 15.574, 15.377, 15.007, 15.141, 15.52, 16.342, 17.389, 18.365, 17.464, 14.83, 13.963, 14.453, 14.991, 14.118, 12.49, 11.537, 11.618, 11.615, 11.341, 10.264, 8.325, 6.128, 3.093, 3.454, 4.447, 9.573, 11.771, 9.759, 9.081, 9.76, 9.766, 7.395, 5.348, 4.741, 5.145, 4.847, 4.906, 5.444, 4.771, 5.093, 5.518, 4.352, 4.183, 4.092, 5.269, 6.428, 7.307, 5.571, 4.744, 8.442, 9.477, 9.994, 11.467, 13.738, 15.787, 18.436, 19.787, 18.527, 17.883, 17.82], [12.34, 14.957, 14.477, 14.144, 15.064, 17.196, 17.3, 15.626, 14.814, 14.659, 14.639, 16.032, 15.774, 14.233, 13.365, 13.845, 11.681, 8.417, 5.628, 4.126, 3.937, 3.997, 3.307, 3.096, 3.447, 3.044, 1.923, 4.431, 4.609, 2.638, 3.041, 2.27, 1.499, 1.819, 0.0, 3.843, 5.416, 6.228, 5.316, 4.334, 5.479, 4.478, 1.509, 2.235, 4.598, 5.945, 5.992, 6.116, 4.983, 3.968, 3.814, 3.723, 4.177, 7.555, 11.886, 12.733, 13.002, 14.022, 14.276, 13.099, 12.518, 11.822, 11.555, 11.259, 7.989, 4.727, 5.547, 7.871, 8.928, 8.985, 9.473, 10.363, 11.234, 11.003, 12.252, 13.322, 13.434, 12.715, 12.149, 12.988, 13.512, 14.911, 15.795, 15.584, 14.566, 14.295, 15.281, 15.415, 15.145, 15.313, 15.752, 16.839, 17.77, 18.295, 17.157, 14.884, 14.016, 14.253, 14.723, 13.657, 12.324, 12.051, 12.277, 12.209, 11.84, 10.985, 8.867, 6.585, 3.56, 3.796, 4.923, 9.971, 11.789, 9.942, 9.141, 9.597, 9.432, 7.049, 5.169, 4.772, 4.504, 4.16, 4.404, 4.586, 4.462, 4.944, 5.463, 4.552, 4.312, 3.952, 5.714, 6.944, 7.923, 6.138, 4.828, 8.088, 9.141, 9.414, 10.942, 13.057, 15.28, 17.865, 19.314, 18.165, 17.377, 17.3], [8.872, 11.345, 10.898, 10.549, 11.458, 13.891, 13.914, 12.205, 11.476, 11.25, 11.208, 12.718, 12.284, 10.595, 9.776, 10.141, 8.086, 5.206, 2.891, 3.024, 2.853, 2.173, 2.086, 2.038, 1.088, 1.535, 4.3, 7.577, 7.737, 5.657, 6.322, 5.448, 3.91, 4.265, 3.843, 0.0, 2.245, 3.036, 3.227, 2.324, 2.594, 2.269, 2.867, 2.335, 2.143, 2.799, 2.469, 2.485, 1.76, 1.946, 1.691, 1.473, 1.229, 3.958, 8.113, 8.898, 9.201, 10.219, 10.485, 9.26, 8.734, 8.141, 8.149, 7.751, 5.063, 2.968, 2.832, 4.893, 5.965, 5.978, 6.087, 6.725, 7.601, 7.428, 8.819, 9.886, 10.139, 9.446, 8.968, 10.264, 10.499, 11.642, 12.339, 12.075, 11.212, 10.792, 11.914, 11.972, 11.789, 11.842, 12.292, 13.499, 14.405, 14.758, 13.635, 11.5, 10.513, 10.65, 11.229, 10.251, 8.986, 8.821, 9.478, 9.383, 8.675, 7.941, 5.729, 3.5, 2.547, 5.152, 2.729, 6.628, 8.296, 6.485, 5.921, 6.132, 5.871, 3.952, 3.631, 2.763, 2.307, 2.449, 2.179, 2.317, 2.646, 2.376, 2.495, 2.056, 3.151, 2.393, 2.711, 4.047, 5.13, 3.812, 2.723, 4.363, 5.437, 5.872, 7.375, 9.611, 11.701, 14.29, 15.67, 14.462, 13.766, 13.692], [7.307, 9.696, 9.348, 8.884, 9.677, 11.832, 11.939, 10.263, 9.442, 9.296, 9.278, 10.68, 10.378, 8.914, 8.034, 8.453, 6.537, 3.546, 2.69, 4.26, 4.01, 3.282, 3.585, 4.047, 3.032, 3.148, 6.012, 9.718, 9.896, 7.768, 8.293, 7.283, 5.835, 6.324, 5.416, 2.245, 0.0, 1.661, 2.776, 2.737, 2.74, 3.425, 4.821, 4.285, 2.373, 2.541, 1.962, 1.891, 2.538, 3.341, 2.873, 2.742, 2.314, 2.316, 6.49, 7.346, 7.603, 8.68, 8.922, 7.711, 7.162, 6.592, 6.598, 6.253, 4.089, 4.299, 2.996, 3.572, 4.625, 4.926, 4.533, 5.149, 5.976, 5.666, 6.978, 8.257, 8.593, 7.904, 7.782, 9.28, 9.297, 10.262, 10.84, 10.531, 9.852, 9.314, 10.268, 10.425, 10.248, 10.302, 10.747, 11.954, 12.855, 13.207, 11.954, 10.002, 8.93, 9.089, 9.572, 8.486, 7.437, 7.587, 8.322, 8.238, 7.433, 6.749, 4.331, 3.279, 4.324, 6.986, 4.161, 5.088, 6.743, 5.089, 4.836, 4.69, 4.368, 3.573, 4.758, 3.999, 3.185, 3.515, 3.087, 2.676, 3.232, 2.619, 1.92, 3.089, 4.478, 3.786, 2.776, 3.202, 3.95, 4.06, 2.908, 2.784, 3.742, 4.042, 5.583, 7.682, 9.905, 12.491, 13.938, 12.779, 12.012, 11.936], [6.83, 9.129, 8.936, 8.209, 8.953, 10.986, 11.11, 9.431, 8.616, 8.465, 8.448, 9.876, 9.621, 8.252, 7.309, 7.681, 5.893, 3.836, 4.071, 5.679, 5.429, 4.709, 4.665, 4.862, 3.766, 3.886, 6.646, 10.489, 10.667, 8.539, 9.065, 8.045, 6.602, 7.095, 6.228, 3.036, 1.661, 0.0, 2.484, 2.969, 2.766, 3.597, 5.593, 5.074, 3.149, 2.996, 2.191, 2.159, 3.532, 4.243, 3.648, 3.563, 3.196, 2.237, 5.78, 6.643, 6.873, 7.988, 8.229, 7.008, 6.539, 6.027, 6.317, 5.917, 4.157, 5.611, 4.376, 3.56, 4.609, 5.01, 4.219, 4.52, 5.325, 4.996, 6.318, 7.681, 8.341, 7.753, 7.658, 9.148, 9.232, 10.198, 10.472, 10.111, 9.745, 8.963, 9.952, 10.059, 10.093, 10.02, 10.339, 11.703, 12.585, 12.7, 11.44, 9.952, 8.298, 8.44, 8.923, 8.144, 7.391, 7.472, 8.301, 8.131, 7.328, 6.671, 5.067, 4.678, 5.323, 7.957, 5.35, 5.015, 6.512, 5.091, 4.991, 4.847, 4.488, 4.884, 6.186, 5.331, 4.56, 4.869, 4.313, 3.915, 4.646, 