[[0.0, 2.156, 2.776, 1.816, 2.484, 3.538, 1.213, 2.214, 1.892, 2.811, 3.831, 4.213, 3.691, 3.821, 3.48, 3.76, 4.276, 3.002, 2.174, 2.276, 4.422, 5.576, 5.23, 6.85, 5.677, 3.832, 4.149, 3.219, 3.212, 5.889, 6.525, 7.305, 4.937, 4.033, 3.844, 4.021, 4.822, 4.783, 4.713, 4.288, 1.924, 2.191, 2.008, 2.074, 1.728, 1.85, 4.077, 6.063, 8.934, 10.347, 9.528, 7.776, 5.287, 4.192, 4.854, 4.73, 4.771, 3.719, 2.398, 3.388, 3.427, 6.707, 7.293, 3.505, 3.342, 4.705, 6.456, 7.272, 7.544, 8.357, 10.251, 10.668, 10.701, 12.764, 13.976, 14.88, 14.994, 14.118, 12.756, 9.637, 9.136, 10.224, 9.676, 4.966, 9.31, 8.845, 4.376, 5.01, 6.87, 6.239, 5.546, 3.946, 3.316, 4.719, 5.216, 3.083, 3.465, 5.187, 5.064], [2.156, 0.0, 1.694, 2.595, 3.418, 4.752, 2.552, 1.462, 2.019, 3.561, 5.625, 6.026, 5.464, 5.637, 5.103, 5.431, 5.768, 4.402, 1.302, 2.774, 6.24, 7.329, 6.887, 8.735, 7.506, 5.659, 5.857, 4.559, 4.946, 7.725, 8.421, 9.112, 6.677, 5.72, 5.596, 5.74, 6.763, 6.686, 6.558, 6.098, 3.381, 3.618, 3.739, 3.57, 2.925, 3.285, 6.015, 7.972, 10.712, 12.236, 11.495, 9.698, 7.155, 5.953, 6.557, 6.292, 6.496, 5.559, 4.398, 4.7, 5.256, 8.508, 9.21, 5.308, 5.055, 6.604, 8.373, 9.175, 9.402, 10.217, 12.117, 12.564, 12.555, 14.669, 15.939, 16.814, 16.909, 16.036, 14.617, 11.497, 10.917, 12.087, 11.314, 6.696, 11.139, 10.665, 6.032, 6.76, 8.523, 8.033, 7.224, 5.56, 4.995, 6.646, 7.211, 4.93, 5.29, 7.103, 6.98], [2.776, 1.694, 0.0, 2.697, 3.565, 5.121, 3.383, 1.99, 2.254, 4.207, 6.361, 6.832, 6.256, 6.38, 5.698, 5.807, 6.038, 4.924, 2.065, 3.515, 7.05, 7.864, 7.537, 9.497, 8.298, 5.734, 5.633, 4.457, 5.388, 8.461, 9.219, 9.921, 7.045, 6.095, 6.327, 6.507, 7.444, 7.316, 6.778, 6.58, 4.195, 4.536, 4.644, 4.314, 3.704, 4.037, 6.689, 8.72, 11.38, 12.965, 12.171, 10.478, 7.352, 6.34, 7.02, 7.056, 6.997, 5.947, 4.887, 5.213, 5.796, 9.289, 10.027, 6.067, 5.572, 7.41, 9.19, 9.991, 10.188, 10.625, 12.49, 12.946, 13.181, 15.18, 16.593, 17.565, 17.689, 16.796, 15.152, 12.146, 11.537, 12.365, 11.366, 6.802, 11.735, 11.159, 6.535, 7.034, 8.579, 8.122, 7.359, 5.755, 5.616, 7.227, 7.702, 5.092, 6.091, 7.894, 7.79], [1.816, 2.595, 2.697, 0.0, 1.481, 2.733, 1.451, 3.055, 2.512, 2.607, 3.895, 4.355, 3.793, 4.083, 3.577, 4.024, 4.179, 2.815, 2.622, 2.261, 4.573, 5.705, 5.292, 7.16, 6.022, 4.334, 4.426, 3.111, 3.511, 6.308, 6.964, 7.609, 5.172, 4.119, 4.206, 4.555, 5.128, 5.157, 4.995, 4.766, 2.783, 3.423, 2.577, 2.309, 1.913, 1.982, 4.44, 6.525, 9.414, 10.825, 9.83, 8.036, 5.814, 4.713, 5.467, 5.346, 5.149, 4.125, 2.842, 3.709, 3.808, 7.017, 7.55, 3.678, 3.658, 4.933, 6.731, 7.519, 7.982, 8.771, 10.703, 11.049, 11.112, 13.097, 14.235, 15.148, 15.268, 14.4, 13.171, 10.049, 9.604, 10.663, 10.333, 5.522, 9.795, 9.324, 4.7, 5.587, 7.465, 6.647, 6.038, 4.59, 3.928, 5.004, 5.54, 3.554, 3.773, 5.489, 5.351], [2.484, 3.418, 3.565, 1.481, 0.0, 1.947, 1.848, 3.903, 2.553, 2.589, 3.164, 3.462, 3.113, 3.439, 3.049, 3.849, 3.847, 2.724, 3.414, 2.125, 3.681, 4.741, 4.349, 6.387, 5.378, 4.214, 4.098, 2.966, 3.354, 5.411, 6.056, 6.818, 4.553, 3.468, 3.322, 4.1, 4.463, 4.618, 4.531, 4.408, 2.875, 3.285, 2.457, 2.233, 2.025, 1.529, 3.591, 5.574, 8.471, 10.11, 9.296, 7.307, 5.542, 4.549, 5.543, 5.225, 5.014, 4.089, 2.904, 3.566, 3.194, 6.196, 6.657, 2.731, 3.728, 4.167, 5.947, 6.696, 7.381, 8.262, 10.04, 10.546, 10.492, 12.564, 13.685, 14.481, 14.401, 13.56, 12.445, 9.235, 9.187, 10.362, 10.262, 5.311, 9.049, 8.661, 4.167, 5.48, 7.295, 6.506, 5.798, 4.668, 3.966, 4.806, 5.104, 3.392, 3.101, 4.594, 4.461], [3.538, 4.752, 5.121, 2.733, 1.947, 0.0, 2.68, 5.308, 3.744, 2.512, 1.975, 1.911, 1.953, 1.834, 1.943, 2.77, 2.744, 1.995, 4.837, 2.708, 2.061, 3.105, 2.704, 4.669, 4.118, 3.139, 3.087, 2.232, 2.257, 3.804, 4.421, 5.146, 3.284, 2.023, 2.268, 2.989, 3.311, 3.329, 3.511, 3.424, 2.988, 3.352, 2.871, 2.462, 2.422, 2.244, 2.101, 4.211, 6.982, 8.467, 7.78, 5.579, 4.185, 3.47, 4.444, 4.153, 3.946, 3.243, 2.594, 2.694, 2.022, 4.535, 4.937, 1.921, 2.774, 2.724, 4.42, 5.226, 5.819, 6.877, 8.531, 8.899, 8.829, 10.857, 12.078, 12.762, 12.707, 11.873, 10.802, 7.878, 8.058, 9.307, 9.201, 4.463, 7.426, 7.292, 3.122, 4.424, 6.24, 5.421, 4.817, 3.916, 3.445, 3.564, 3.746, 2.657, 1.887, 2.969, 2.714], [1.213, 2.552, 3.383, 1.451, 1.848, 2.68, 0.0, 2.924, 2.138, 2.059, 3.219, 3.611, 3.051, 3.418, 3.024, 3.18, 3.729, 2.408, 2.525, 2.093, 3.779, 5.051, 4.57, 6.416, 5.264, 3.597, 3.937, 2.658, 2.859, 5.577, 6.207, 6.878, 4.662, 3.541, 3.435, 3.687, 4.429, 4.472, 4.373, 4.057, 1.676, 2.223, 1.691, 1.648, 1.418, 1.45, 3.664, 5.737, 8.641, 10.107, 9.133, 7.239, 5.139, 3.897, 4.54, 4.4, 4.332, 3.317, 2.099, 3.17, 3.221, 6.264, 6.756, 2.919, 2.79, 4.139, 5.919, 6.749, 7.281, 8.089, 9.999, 10.369, 10.405, 12.398, 13.506, 14.392, 14.484, 13.618, 12.476, 9.286, 8.847, 10.002, 9.417, 4.73, 9.091, 8.629, 4.028, 4.765, 6.586, 5.9, 5.184, 3.608, 2.973, 4.327, 4.828, 2.785, 2.985, 4.67, 4.533], [2.214, 1.462, 1.99, 3.055, 3.903, 5.308, 2.924, 0.0, 1.939, 3.562, 5.805, 6.213, 5.653, 5.784, 5.383, 5.348, 5.859, 4.678, 1.302, 2.973, 6.441, 7.657, 7.187, 8.925, 7.69, 5.128, 5.089, 4.318, 4.886, 7.911, 8.665, 9.295, 6.646, 5.941, 5.829, 5.862, 6.856, 6.744, 6.324, 5.941, 3.226, 3.502, 3.878, 3.825, 3.265, 3.566, 6.185, 8.213, 10.95, 12.432, 11.626, 9.884, 7.052, 5.762, 6.207, 5.892, 6.081, 5.104, 4.309, 4.627, 5.394, 8.687, 9.402, 5.604, 4.965, 6.811, 8.565, 9.371, 9.594, 9.96, 11.859, 12.356, 12.616, 14.582, 16.083, 16.967, 17.103, 16.217, 14.647, 11.642, 10.889, 11.752, 10.506, 6.153, 11.194, 10.617, 6.125, 6.535, 7.733, 7.296, 6.345, 4.672, 4.567, 6.712, 7.242, 4.634, 5.576, 7.295, 7.172], [1.892, 2.019, 2.254, 2.512, 2.553, 3.744, 2.138, 1.939, 0.0, 2.516, 4.688, 5.125, 4.541, 4.667, 4.072, 4.236, 4.468, 3.345, 1.947, 2.684, 5.312, 6.341, 5.874, 7.787, 6.578, 4.145, 4.157, 2.835, 3.629, 6.729, 7.472, 8.206, 5.494, 4.509, 4.59, 4.668, 5.74, 5.638, 5.269, 4.828, 2.338, 2.66, 2.923, 2.963, 2.474, 2.577, 4.959, 6.959, 9.688, 11.221, 10.486, 8.769, 5.8, 4.669, 5.214, 5.22, 5.178, 4.272, 3.302, 3.507, 4.163, 7.552, 8.289, 4.415, 3.844, 5.678, 7.452, 8.254, 8.453, 8.82, 10.689, 11.269, 11.45, 13.503, 14.942, 15.855, 15.98, 15.083, 13.46, 10.483, 9.763, 10.805, 9.65, 5.158, 9.966, 9.359, 4.831, 5.345, 6.873, 6.581, 5.725, 4.072, 3.866, 5.574, 6.125, 3.543, 4.372, 6.183, 6.06], [2.811, 3.561, 4.207, 2.607, 2.589, 2.512, 2.059, 3.562, 2.516, 0.0, 2.811, 3.396, 2.885, 3.157, 2.803, 2.436, 3.084, 2.087, 3.096, 2.948, 3.565, 4.653, 4.181, 6.027, 4.907, 3.081, 3.129, 2.204, 2.664, 5.167, 5.857, 6.48, 4.117, 3.374, 3.622, 3.245, 4.069, 4.083, 3.781, 3.315, 1.768, 2.001, 2.574, 2.828, 2.7, 2.755, 3.397, 5.392, 8.279, 9.74, 8.689, 6.922, 4.64, 3.282, 3.808, 3.441, 3.478, 2.584, 2.304, 2.41, 2.689, 5.905, 6.424, 3.348, 2.697, 3.812, 5.617, 6.407, 6.87, 7.68, 9.613, 9.93, 10.02, 12.01, 13.117, 14.066, 14.152, 13.272, 12.099, 8.901, 8.439, 9.29, 8.477, 3.994, 8.718, 8.251, 3.577, 4.195, 5.706, 5.067, 4.261, 3.023, 2.567, 3.886, 4.394, 2.837, 2.75, 4.375, 4.258], [3.831, 5.625, 6.361, 3.895, 3.164, 1.975, 3.219, 5.805, 4.688, 2.811, 0.0, 1.427, 1.103, 1.237, 1.362, 1.8, 2.044, 2.064, 5.641, 3.389, 1.674, 2.341, 2.02, 3.54, 2.545, 2.195, 2.139, 2.45, 1.927, 2.832, 3.427, 4.128, 2.184, 2.165, 2.165, 1.928, 2.235, 2.243, 2.291, 2.222, 3.047, 3.087, 2.946, 3.042, 3.256, 2.803, 1.452, 2.987, 5.901, 7.54, 6.607, 4.575, 2.968, 2.189, 3.097, 3.016, 2.46, 2.239, 2.478, 1.947, 1.484, 3.556, 3.702, 1.8, 2.216, 1.419, 3.164, 3.964, 4.79, 5.644, 7.498, 7.916, 7.929, 9.888, 10.957, 11.788, 11.567, 10.752, 9.883, 6.65, 6.498, 7.889, 7.783, 3.482, 6.479, 6.131, 2.02, 3.158, 4.79, 3.926, 3.369, 3.202, 3.167, 2.456, 2.738, 2.293, 1.082, 1.871, 1.574], [4.213, 6.026, 6.832, 4.355, 3.462, 1.911, 3.611, 6.213, 5.125, 3.396, 1.427, 0.0, 1.351, 1.455, 2.098, 2.815, 3.061, 2.681, 6.029, 3.422, 0.96, 2.4, 2.001, 3.28, 3.197, 2.852, 2.965, 2.965, 2.404, 2.965, 3.333, 4.049, 2.987, 2.009, 1.878, 2.451, 2.633, 2.623, 2.851, 2.939, 3.341, 3.306, 3.123, 2.856, 3.335, 2.924, 1.542, 3.345, 6.129, 7.63, 6.9, 4.599, 3.738, 3.085, 4.097, 3.845, 3.387, 2.885, 2.785, 2.8, 1.876, 3.39, 3.412, 1.663, 2.852, 1.957, 3.568, 4.276, 5.04, 6.067, 7.719, 8.049, 7.983, 9.897, 11.17, 11.748, 11.315, 10.5, 9.722, 7.215, 7.439, 8.885, 8.774, 4.259, 6.389, 6.534, 2.794, 4.033, 5.742, 4.927, 4.201, 3.707, 3.501, 3.175, 3.269, 2.658, 1.548, 1.883, 1.471], [3.691, 5.464, 6.256, 3.793, 3.113, 1.953, 3.051, 5.653, 4.541, 2.885, 1.103, 1.351, 0.0, 1.131, 1.508, 2.321, 2.534, 2.309, 5.488, 3.148, 1.596, 2.622, 2.309, 3.601, 2.702, 2.461, 2.617, 2.451, 2.01, 2.767, 3.422, 4.046, 2.492, 2.044, 2.046, 1.867, 2.377, 2.483, 2.53, 2.521, 2.909, 2.839, 2.752, 2.557, 2.918, 2.619, 1.538, 3.155, 5.971, 7.501, 6.724, 4.502, 3.174, 2.465, 3.368, 3.112, 2.672, 2.147, 2.325, 2.424, 1.791, 3.481, 3.824, 1.569, 2.239, 1.541, 3.121, 4.033, 4.851, 5.748, 7.497, 7.923, 7.853, 9.805, 11.002, 11.673, 11.583, 10.689, 9.783, 6.762, 6.724, 8.188, 8.047, 3.555, 6.378, 6.237, 2.123, 3.323, 4.997, 4.212, 3.446, 3.096, 2.866, 2.548, 2.857, 2.039, 1.189, 2.021, 1.822], [3.821, 5.637, 6.38, 4.083, 3.439, 1.834, 3.418, 5.784, 4.667, 3.157, 1.237, 1.455, 1.131, 0.0, 1.111, 2.308, 2.473, 2.477, 5.653, 3.108, 1.756, 2.372, 2.189, 3.223, 2.457, 2.122, 2.188, 2.426, 1.634, 2.315, 3.023, 3.619, 1.921, 1.747, 1.521, 1.675, 2.226, 2.146, 2.247, 2.272, 2.954, 2.941, 2.84, 2.767, 2.978, 2.9, 1.348, 2.78, 5.509, 6.993, 6.374, 4.256, 2.644, 2.087, 2.981, 2.743, 2.404, 2.065, 2.609, 2.231, 1.593, 3.173, 3.66, 1.594, 1.976, 1.486, 3.011, 3.843, 4.33, 5.312, 6.984, 7.419, 7.346, 9.385, 10.724, 11.378, 11.377, 10.513, 9.299, 6.425, 6.46, 7.808, 7.669, 3.21, 5.868, 5.769, 1.836, 2.904, 4.671, 3.841, 3.21, 2.788, 2.834, 2.248, 2.544, 2.043, 1.174, 1.773, 1.553], [3.48, 5.103, 5.698, 3.577, 3.049, 1.943, 3.024, 5.383, 4.072, 2.803, 1.362, 2.098, 1.508, 1.111, 0.0, 1.812, 2.15, 2.081, 5.219, 3.227, 2.379, 2.8, 2.739, 3.911, 2.815, 1.942, 1.973, 1.899, 1.282, 2.907, 3.629, 4.333, 1.956, 1.785, 1.817, 1.638, 2.233, 2.289, 2.113, 1.958, 2.711, 2.715, 2.819, 2.906, 2.911, 2.841, 1.642, 3.11, 5.893, 7.469, 6.783, 4.907, 2.647, 1.814, 2.796, 2.572, 2.372, 2.018, 2.525, 2.059, 1.529, 3.862, 4.375, 1.731, 1.621, 1.774, 3.571, 4.395, 4.714, 5.597, 7.428, 7.917, 7.895, 10.028, 11.214, 12.106, 12.084, 11.252, 9.923, 6.698, 6.48, 7.634, 7.408, 3.012, 6.445, 5.996, 1.631, 2.667, 4.433, 3.761, 3.235, 2.685, 2.515, 2.318, 2.814, 1.84, 1.155, 2.432, 2.341], [3.76, 5.431, 5.807, 4.024, 3.849, 2.77, 3.18, 5.348, 4.236, 2.436, 1.8, 2.815, 2.321, 2.308, 1.812, 0.0, 1.532, 2.195, 5.12, 4.111, 3.101, 3.121, 2.762, 4.099, 2.98, 2.092, 1.994, 2.166, 2.101, 3.088, 3.813, 4.54, 2.459, 2.567, 3.099, 2.435, 2.427, 2.151, 1.994, 1.627, 2.736, 2.818, 3.319, 3.697, 3.63, 3.588, 2.271, 3.613, 6.193, 7.689, 6.738, 4.9, 2.613, 1.808, 2.201, 2.834, 2.401, 2.084, 2.609, 1.837, 2.064, 3.953, 4.384, 2.865, 2.044, 2.394, 3.578, 4.371, 4.87, 5.644, 7.467, 7.884, 7.945, 9.998, 11.123, 12.01, 12.146, 11.26, 9.988, 6.834, 6.42, 7.173, 6.636, 3.193, 6.641, 6.14, 2.403, 2.984, 4.347, 3.386, 3.349, 2.781, 2.704, 2.907, 3.215, 2.444, 1.9, 2.968, 2.796], [4.276, 5.768, 6.038, 4.179, 3.847, 2.744, 3.729, 5.859, 4.468, 3.084, 2.044, 3.061, 2.534, 2.473, 2.15, 1.532, 0.0, 2.162, 5.563, 4.183, 3.052, 2.856, 2.38, 3.643, 2.578, 2.247, 2.19, 2.309, 2.338, 2.739, 3.269, 3.979, 2.338, 2.398, 3.038, 2.6, 2.393, 1.725, 1.724, 1.532, 3.426, 3.818, 3.962, 4.002, 3.623, 3.791, 2.46, 3.41, 5.565, 7.002, 6.201, 4.487, 2.548, 2.285, 2.868, 3.533, 2.714, 2.872, 3.219, 1.924, 1.822, 3.384, 4.016, 3.054, 2.794, 2.476, 3.298, 4.007, 4.217, 4.826, 6.714, 7.109, 7.226, 9.285, 10.648, 11.57, 11.703, 10.815, 9.321, 6.373, 5.747, 7.189, 7.059, 3.596, 5.87, 5.389, 2.312, 3.425, 4.737, 3.63, 3.499, 3.601, 3.749, 3.188, 3.368, 2.653, 2.1, 3.173, 2.957], [3.002, 4.402, 4.924, 2.815, 2.724, 1.995, 2.408, 4.678, 3.345, 2.087, 2.064, 2.681, 2.309, 2.477, 2.081, 2.195, 2.162, 0.0, 4.203, 2.693, 2.756, 3.559, 2.981, 4.801, 3.735, 2.295, 2.692, 2.199, 1.887, 4.062, 4.711, 5.376, 3.182, 2.212, 2.537, 2.728, 2.86, 2.833, 2.779, 2.529, 2.438, 3.005, 2.517, 2.502, 2.32, 2.354, 2.459, 4.239, 7.05, 8.481, 7.446, 5.654, 3.532, 2.71, 3.546, 3.761, 3.229, 2.836, 2.036, 1.698, 1.856, 4.811, 5.191, 2.451, 2.28, 2.644, 4.415, 5.214, 5.741, 6.443, 8.328, 8.652, 8.749, 10.686, 11.779, 12.765, 12.857, 11.939, 10.825, 7.671, 7.286, 8.463, 8.143, 4.124, 7.434, 6.943, 2.791, 3.585, 5.166, 4.417, 3.987, 3.4, 3.148, 3.218, 3.708, 2.284, 1.866, 3.454, 3.078], [2.174, 1.302, 2.065, 2.622, 3.414, 4.837, 2.525, 1.302, 1.947, 3.096, 5.641, 6.029, 5.488, 5.653, 5.219, 5.12, 5.563, 4.203, 0.0, 2.744, 6.132, 7.374, 6.85, 8.71, 7.45, 5.123, 5.413, 4.29, 4.945, 7.747, 8.392, 9.126, 6.691, 5.563, 5.639, 5.702, 6.624, 6.612, 6.056, 5.693, 3.07, 3.319, 3.619, 3.456, 2.883, 3.213, 5.837, 7.931, 10.754, 12.18, 11.327, 9.592, 6.88, 5.562, 6.078, 5.84, 5.995, 4.915, 3.97, 4.521, 5.161, 8.549, 9.11, 5.22, 4.74, 6.498, 8.278, 9.107, 9.355, 10.05, 11.954, 12.289, 12.458, 14.508, 15.757, 16.681, 16.817, 15.939, 14.553, 11.43, 10.843, 11.553, 10.683, 6.156, 11.138, 10.634, 5.992, 6.436, 7.907, 7.35, 6.503, 4.849, 4.391, 6.466, 6.836, 4.547, 5.226, 7.003, 6.881], [2.276, 2.774, 3.515, 2.261, 2.125, 2.708, 2.093, 2.973, 2.684, 2.948, 3.389, 3.422, 3.148, 3.108, 3.227, 4.111, 4.183, 2.693, 2.744, 0.0, 3.625, 4.865, 4.406, 6.091, 5.064, 3.97, 4.234, 3.281, 3.126, 5.208, 5.838, 6.478, 4.626, 3.658, 3.099, 3.896, 4.609, 4.494, 4.623, 4.397, 2.743, 3.3, 2.144, 1.593, 1.296, 1.489, 3.665, 5.52, 8.298, 9.825, 9.192, 7.162, 5.093, 4.327, 5.203, 4.951, 4.859, 3.88, 2.753, 3.125, 3.2, 5.908, 6.548, 2.858, 3.569, 4.166, 5.794, 6.588, 7.12, 8.03, 9.724, 10.22, 10.155, 12.193, 13.578, 14.299, 14.251, 13.408, 12.111, 9.124, 9.027, 10.284, 10.006, 5.163, 8.682, 8.457, 4.25, 5.239, 7.1, 6.322, 5.687, 4.316, 3.788, 4.537, 4.974, 3.108, 3.056, 4.476, 4.324], [4.422, 6.24, 7.05, 4.573, 3.681, 2.061, 3.779, 6.441, 5.312, 3.565, 1.674, 0.96, 1.596, 1.756, 2.379, 3.101, 3.052, 2.756, 6.132, 3.625, 0.0, 2.078, 1.692, 3.184, 3.007, 2.994, 3.408, 3.236, 2.744, 2.964, 3.146, 3.896, 3.115, 2.053, 2.031, 2.624, 2.646, 2.719, 2.943, 2.907, 3.543, 3.448, 3.19, 2.885, 3.39, 3.107, 1.409, 3.051, 5.794, 7.26, 6.521, 4.301, 3.597, 3.094, 3.955, 3.757, 3.253, 2.984, 2.799, 2.751, 1.872, 3.172, 3.194, 1.787, 3.123, 1.988, 3.453, 4.223, 4.77, 5.805, 7.388, 7.629, 7.602, 9.466, 10.828, 11.333, 10.908, 10.092, 9.281, 6.914, 7.147, 8.721, 8.608, 4.209, 6.061, 6.24, 2.762, 4.135, 5.535, 4.814, 3.965, 3.889, 3.562, 3.051, 3.124, 2.87, 1.685, 1.858, 1.377], [5.576, 7.329, 7.864, 5.705, 4.741, 3.105, 5.051, 7.657, 6.341, 4.653, 2.341, 2.4, 2.622, 2.372, 2.8, 3.121, 2.856, 3.559, 7.374, 4.865, 2.078, 0.0, 1.157, 2.673, 2.647, 3.786, 3.57, 4.077, 3.556, 2.177, 2.29, 2.963, 2.423, 2.09, 2.923, 3.354, 2.814, 2.507, 2.925, 3.154, 4.907, 4.889, 4.772, 4.344, 4.666, 4.489, 2.29, 2.373, 4.711, 6.254, 5.765, 3.723, 3.163, 3.515, 4.034, 4.399, 3.326, 3.931, 4.517, 3.524, 2.652, 1.899, 2.455, 2.87, 3.914, 2.25, 3.046, 3.541, 4.101, 5.054, 6.423, 6.63, 6.673, 8.532, 10.096, 10.413, 9.974, 9.269, 8.067, 6.161, 6.553, 8.145, 8.053, 4.598, 5.124, 5.345, 2.987, 4.406, 5.475, 4.443, 4.18, 4.852, 4.806, 3.642, 3.231, 3.962, 2.566, 2.031, 1.841], [5.23, 6.887, 7.537, 5.292, 4.349, 2.704, 4.57, 7.187, 5.874, 4.181, 2.02, 2.001, 2.309, 2.189, 2.739, 2.762, 2.38, 2.981, 6.85, 4.406, 1.692, 1.157, 0.0, 2.265, 2.436, 3.399, 3.339, 3.73, 3.333, 2.021, 2.42, 3.177, 2.374, 2.391, 2.656, 3.07, 2.684, 2.505, 2.911, 2.744, 4.511, 4.472, 4.368, 3.869, 4.136, 3.905, 2.12, 2.577, 5.049, 6.579, 5.986, 3.776, 2.801, 3.224, 3.741, 4.239, 3.132, 3.633, 4.087, 3.001, 2.331, 2.297, 2.777, 2.735, 3.721, 2.132, 2.742, 3.571, 4.149, 5.215, 6.703, 7.001, 6.931, 8.842, 10.339, 10.841, 10.37, 9.528, 8.434, 5.994, 6.322, 7.803, 7.722, 4.438, 5.346, 5.487, 2.882, 4.246, 5.207, 4.072, 4.025, 4.614, 4.507, 3.403, 3.083, 3.642, 2.165, 1.783, 1.499], [6.85, 8.735, 9.497, 7.16, 6.387, 4.669, 6.416, 8.925, 7.787, 6.027, 3.54, 3.28, 3.601, 3.223, 3.911, 4.099, 3.643, 4.801, 8.71, 6.091, 3.184, 2.673, 2.265, 0.0, 1.918, 4.327, 4.589, 5.555, 4.312, 1.631, 1.602, 1.872, 2.736, 4.267, 3.505, 3.616, 3.061, 2.937, 3.288, 3.306, 5.851, 5.588, 5.394, 5.411, 5.928, 5.739, 3.389, 2.584, 3.384, 4.824, 4.171, 2.148, 2.826, 3.714, 3.573, 4.115, 3.392, 4.335, 5.297, 4.56, 3.971, 1.762, 1.935, 4.023, 4.363, 2.698, 1.862, 2.064, 2.542, 3.603, 4.967, 5.205, 5.187, 7.045, 8.515, 9.073, 8.564, 7.758, 6.796, 4.355, 4.601, 6.203, 6.514, 4.42, 3.63, 3.743, 3.507, 4.139, 4.956, 3.518, 3.97, 5.137, 5.054, 3.459, 2.915, 4.851, 3.593, 2.216, 2.266], [5.677, 7.506, 8.298, 6.022, 5.378, 4.118, 5.264, 7.69, 6.578, 4.907, 2.545, 3.197, 2.702, 2.457, 2.815, 2.98, 2.578, 3.735, 7.45, 5.064, 3.007, 2.647, 2.436, 1.918, 0.0, 3.005, 3.409, 4.347, 3.06, 1.502, 1.772, 2.107, 1.951, 3.539, 2.752, 2.212, 1.784, 1.819, 1.976, 2.067, 4.569, 4.318, 4.119, 4.55, 4.828, 4.789, 2.641, 1.589, 3.614, 5.172, 4.484, 2.534, 1.906, 2.328, 2.338, 2.878, 2.101, 3.048, 3.972, 3.221, 2.811, 2.261, 2.353, 3.053, 3.144, 1.703, 1.327, 2.053, 2.594, 3.344, 5.074, 5.542, 5.495, 7.514, 8.876, 9.592, 9.448, 8.632, 7.435, 4.621, 4.407, 6.269, 6.17, 3.105, 4.015, 3.814, 2.337, 2.948, 3.743, 2.545, 2.726, 3.75, 3.748, 2.2, 2.032, 3.617, 2.511, 1.728, 1.946], [3.832, 5.659, 5.734, 4.334, 4.214, 3.139, 3.597, 5.128, 4.145, 3.081, 2.195, 2.852, 2.461, 2.122, 1.942, 2.092, 2.247, 2.295, 5.123, 3.97, 2.994, 3.786, 3.399, 4.327, 3.005, 0.0, 1.445, 1.937, 1.753, 3.376, 4.097, 4.743, 2.535, 2.636, 2.443, 1.715, 2.274, 2.386, 1.828, 1.681, 2.53, 2.767, 2.894, 3.594, 3.475, 3.646, 2.041, 3.497, 6.283, 7.721, 6.882, 5.181, 2.312, 1.457, 2.215, 2.344, 2.025, 1.669, 2.271, 1.576, 1.808, 4.473, 4.747, 2.734, 1.806, 2.384, 3.869, 4.698, 4.889, 5.22, 7.092, 7.534, 7.913, 9.854, 11.308, 12.264, 12.401, 11.511, 9.955, 6.951, 6.225, 7.233, 6.233, 2.326, 6.52, 5.93, 1.961, 2.198, 3.181, 2.786, 2.149, 1.753, 2.283, 2.475, 2.853, 1.545, 1.955, 2.895, 2.676], [4.149, 5.857, 5.633, 4.426, 4.098, 3.087, 3.937, 5.089, 4.157, 3.129, 2.139, 2.965, 2.617, 2.188, 1.973, 1.994, 2.19, 2.692, 5.413, 4.234, 3.408, 3.57, 3.339, 4.589, 3.409, 1.445, 0.0, 1.831, 1.864, 3.578, 4.281, 4.96, 2.309, 2.635, 2.964, 2.305, 2.78, 2.655, 2.08, 2.007, 2.995, 3.301, 3.537, 4.011, 3.841, 3.942, 2.41, 3.827, 6.524, 8.007, 7.24, 5.544, 2.516, 1.894, 2.569, 2.617, 2.264, 1.969, 2.906, 1.852, 1.971, 4.416, 5.061, 3.027, 2.257, 2.632, 4.245, 5.026, 5.223, 5.546, 7.464, 7.95, 8.224, 10.211, 11.663, 12.627, 12.759, 11.866, 10.278, 7.294, 6.656, 7.372, 6.226, 2.668, 6.759, 6.186, 2.161, 2.589, 3.385, 2.907, 2.423, 2.103, 2.801, 2.951, 3.147, 1.978, 2.205, 3.136, 2.978], [3.219, 4.559, 4.457, 3.111, 2.966, 2.232, 2.658, 4.318, 2.835, 2.204, 2.45, 2.965, 2.451, 2.426, 1.899, 2.166, 2.309, 2.199, 4.29, 3.281, 3.236, 4.077, 3.73, 5.555, 4.347, 1.937, 1.831, 0.0, 1.687, 4.492, 5.236, 5.952, 3.109, 2.397, 2.983, 2.501, 3.515, 3.403, 2.955, 2.686, 2.13, 2.752, 2.827, 3.081, 2.684, 2.877, 2.76, 4.714, 7.401, 8.971, 8.246, 6.537, 3.43, 2.406, 3.274, 3.218, 2.971, 2.178, 2.15, 2.037, 2.23, 5.321, 6.058, 2.674, 1.979, 3.441, 5.221, 6.023, 6.22, 6.513, 8.396, 8.934, 9.199, 11.217, 12.681, 13.624, 13.741, 12.841, 11.202, 8.181, 7.523, 8.479, 7.417, 2.974, 7.716, 7.102, 2.513, 3.132, 4.607, 4.276, 3.48, 2.368, 2.578, 3.395, 3.912, 1.587, 2.21, 3.961, 3.829], [3.212, 4.946, 5.388, 3.511, 3.354, 2.257, 2.859, 4.886, 3.629, 2.664, 1.927, 2.404, 2.01, 1.634, 1.282, 2.101, 2.338, 1.887, 4.945, 3.126, 2.744, 3.556, 3.333, 4.312, 3.06, 1.753, 1.864, 1.687, 0.0, 3.291, 4.116, 4.638, 2.193, 2.015, 1.833, 1.741, 2.37, 2.31, 2.204, 2.04, 2.28, 2.578, 2.497, 2.865, 2.683, 2.875, 2.181, 3.577, 6.309, 7.78, 6.998, 5.22, 2.661, 1.703, 2.621, 2.615, 2.319, 1.935, 2.28, 1.97, 1.84, 4.38, 4.806, 1.997, 1.369, 2.212, 3.907, 4.702, 4.94, 5.423, 7.38, 7.835, 7.96, 9.991, 11.393, 12.308, 12.443, 11.555, 10.05, 7.075, 6.435, 7.744, 7.19, 2.773, 6.551, 5.996, 1.837, 2.58, 4.228, 3.598, 3.015, 2.283, 2.401, 2.263, 2.78, 1.442, 1.44, 2.755, 2.852], [5.889, 7.725, 8.461, 6.308, 5.411, 3.804, 5.577, 7.911, 6.729, 5.167, 2.832, 2.965, 2.767, 2.315, 2.907, 3.088, 2.739, 4.062, 7.747, 5.208, 2.964, 2.177, 2.021, 1.631, 1.502, 3.376, 3.578, 4.492, 3.291, 0.0, 1.463, 1.759, 2.018, 3.058, 2.672, 2.51, 1.903, 2.03, 2.377, 2.384, 5.065, 4.816, 4.706, 4.807, 5.028, 4.958, 2.487, 1.604, 3.369, 4.875, 4.405, 2.274, 1.93, 2.736, 2.855, 3.508, 2.941, 3.576, 4.529, 3.55, 2.747, 2.073, 1.997, 3.162, 3.62, 1.975, 1.572, 1.9, 2.311, 3.337, 4.907, 5.411, 5.254, 7.37, 8.743, 9.356, 9.303, 8.438, 7.144, 4.48, 4.664, 6.332, 6.364, 3.666, 3.721, 3.698, 2.602, 3.502, 4.418, 3.276, 3.564, 4.383, 4.319, 2.865, 2.457, 4.05, 2.833, 1.981, 1.995], [6.525, 8.421, 9.219, 6.964, 6.056, 4.421, 6.207, 8.665, 7.472, 5.857, 3.427, 3.333, 3.422, 3.023, 3.629, 3.813, 3.269, 4.711, 8.392, 5.838, 3.146, 2.29, 2.42, 1.602, 1.772, 4.097, 4.281, 5.236, 4.116, 1.463, 0.0, 1.37, 2.687, 3.518, 3.368, 3.526, 2.775, 2.186, 2.771, 3.046, 5.735, 5.403, 5.263, 5.3, 5.657, 5.563, 2.962, 1.921, 2.901, 4.37, 3.897, 1.876, 2.604, 3.536, 3.63, 4.257, 3.458, 4.231, 5.137, 4.204, 3.528, 1.322, 1.418, 3.603, 4.401, 2.444, 1.799, 1.706, 2.158, 3.064, 4.539, 4.941, 4.837, 6.854, 8.225, 8.79, 8.597, 7.747, 6.63, 4.823, 5.001, 6.852, 6.876, 4.551, 3.179, 3.526, 3.399, 4.303, 5.155, 3.901, 4.081, 5.07, 5.059, 3.75, 3.138, 4.704, 3.412, 2.27, 2.358], [7.305, 9.112, 9.921, 7.609, 6.818, 5.146, 6.878, 9.295, 8.206, 6.48, 4.128, 4.049, 4.046, 3.619, 4.333, 4.54, 3.979, 5.376, 9.126, 6.478, 3.896, 2.963, 3.177, 1.872, 2.107, 4.743, 4.96, 5.952, 4.638, 1.759, 1.37, 0.0, 2.935, 4.153, 3.838, 3.85, 2.993, 2.81, 3.396, 3.79, 6.345, 6.106, 5.981, 6.029, 6.414, 6.304, 3.707, 2.188, 2.257, 3.673, 3.181, 1.451, 3.184, 3.995, 3.532, 4.076, 3.865, 4.857, 5.826, 4.888, 4.249, 1.565, 1.975, 4.418, 4.75, 3.048, 1.521, 1.194, 1.53, 2.351, 3.773, 4.027, 3.999, 5.929, 7.436, 7.967, 7.838, 6.996, 5.816, 4.099, 4.275, 6.138, 6.159, 4.508, 2.527, 2.96, 3.732, 3.8, 4.505, 3.548, 4.285, 5.684, 5.647, 3.803, 3.162, 5.356, 4.207, 2.985, 3.089], [4.937, 6.677, 7.045, 5.172, 4.553, 3.284, 4.662, 6.646, 5.494, 4.117, 2.184, 2.987, 2.492, 1.921, 1.956, 2.459, 2.338, 3.182, 6.691, 4.626, 3.115, 2.423, 2.374, 2.736, 1.951, 2.535, 2.309, 3.109, 2.193, 2.018, 2.687, 2.935, 0.0, 2.512, 2.543, 2.308, 2.079, 1.98, 2.01, 2.244, 4.031, 4.149, 4.177, 4.462, 4.299, 4.378, 2.258, 2.207, 4.474, 5.998, 5.32, 3.49, 1.823, 2.044, 2.245, 2.655, 2.01, 2.719, 3.773, 2.64, 2.237, 2.882, 3.633, 2.817, 2.555, 1.618, 2.313, 2.973, 3.245, 3.901, 5.621, 6.148, 6.246, 8.288, 9.715, 10.566, 10.69, 9.804, 8.216, 5.319, 5.149, 6.452, 6.209, 2.815, 4.881, 4.347, 1.811, 2.421, 3.386, 2.587, 2.497, 3.466, 3.752, 2.217, 1.91, 2.936, 2.286, 1.981, 2.205], [4.033, 5.72, 6.095, 4.119, 3.468, 2.023, 3.541, 5.941, 4.509, 3.374, 2.165, 2.009, 2.044, 1.747, 1.785, 2.567, 2.398, 2.212, 5.563, 3.658, 2.053, 2.09, 2.391, 4.267, 3.539, 2.636, 2.635, 2.397, 2.015, 3.058, 3.518, 4.153, 2.512, 0.0, 1.961, 2.584, 2.547, 2.25, 2.38, 2.652, 3.268, 3.659, 3.573, 3.238, 3.154, 3.208, 1.619, 3.212, 5.7, 7.098, 6.54, 4.794, 3.382, 2.863, 3.852, 3.851, 3.507, 3.039, 3.049, 2.644, 1.718, 3.329, 4.006, 1.888, 2.553, 2.271, 4.058, 4.549, 4.707, 5.564, 7.132, 7.264, 7.484, 9.422, 10.826, 11.512, 11.626, 10.83, 9.342, 7.146, 7.287, 8.561, 8.434, 4.162, 6.226, 6.019, 2.377, 3.72, 5.381, 4.756, 4.0, 3.645, 3.51, 3.369, 3.45, 2.443, 1.738, 2.964, 2.496], [3.844, 5.596, 6.327, 4.206, 3.322, 2.268, 3.435, 5.829, 4.59, 3.622, 2.165, 1.878, 2.046, 1.521, 1.817, 3.099, 3.038, 2.537, 5.639, 3.099, 2.031, 2.923, 2.656, 3.505, 2.752, 2.443, 2.964, 2.983, 1.833, 2.672, 3.368, 3.838, 2.543, 1.961, 0.0, 1.825, 2.159, 2.309, 2.429, 2.427, 2.968, 3.049, 2.582, 2.665, 2.849, 2.808, 1.69, 2.782, 5.414, 7.048, 6.49, 4.449, 3.151, 2.428, 3.395, 3.231, 3.114, 2.855, 2.991, 2.904, 1.89, 3.808, 3.939, 1.578, 2.148, 1.935, 3.308, 4.113, 4.515, 5.432, 6.987, 7.468, 7.354, 9.484, 10.844, 11.571, 11.432, 10.625, 9.293, 6.43, 6.606, 8.07, 7.952, 3.571, 5.895, 5.768, 1.927, 3.122, 4.868, 4.205, 3.445, 3.323, 3.082, 2.849, 2.981, 2.437, 1.587, 2.309, 2.116], [4.021, 5.74, 6.507, 4.555, 4.1, 2.989, 3.687, 5.862, 4.668, 3.245, 1.928, 2.451, 1.867, 1.675, 1.638, 2.435, 2.6, 2.728, 5.702, 3.896, 2.624, 3.354, 3.07, 3.616, 2.212, 1.715, 2.305, 2.501, 1.741, 2.51, 3.526, 3.85, 2.308, 2.584, 1.825, 0.0, 1.498, 2.24, 2.132, 1.657, 2.969, 2.761, 2.836, 3.465, 3.463, 3.601, 1.941, 2.468, 5.138, 6.63, 6.092, 4.27, 2.411, 1.473, 2.251, 1.943, 1.941, 1.796, 2.633, 2.131, 1.882, 4.114, 4.069, 2.282, 1.726, 1.895, 2.947, 3.732, 4.069, 4.876, 6.61, 7.119, 7.059, 9.164, 10.476, 11.302, 11.338, 10.47, 9.1, 5.983, 5.478, 6.858, 6.464, 2.146, 5.587, 5.188, 1.393, 1.942, 3.452, 2.987, 2.375, 2.414, 2.144, 1.826, 2.332, 2.14, 1.512, 2.355, 2.306], [4.822, 6.763, 7.444, 5.128, 4.463, 3.311, 4.429, 6.856, 5.74, 4.069, 2.235, 2.633, 2.377, 2.226, 2.233, 2.427, 2.393, 2.86, 6.624, 4.609, 2.646, 2.814, 2.684, 3.061, 1.784, 2.274, 2.78, 3.515, 2.37, 1.903, 2.775, 2.993, 2.079, 2.547, 2.159, 1.498, 0.0, 1.353, 1.465, 1.641, 3.872, 3.58, 3.617, 4.074, 4.253, 4.069, 1.85, 1.703, 4.364, 5.781, 4.902, 3.195, 2.216, 1.828, 2.347, 2.619, 2.337, 2.494, 3.178, 2.602, 2.025, 3.418, 3.177, 2.357, 2.421, 1.448, 2.256, 2.682, 3.086, 3.924, 5.711, 6.125, 6.115, 8.175, 9.311, 10.219, 10.316, 9.417, 8.173, 5.22, 5.125, 6.68, 6.585, 2.744, 4.768, 4.313, 1.682, 2.52, 3.8, 2.905, 2.851, 3.223, 2.906, 1.921, 1.996, 2.908, 2.019, 2.137, 2.122], [4.783, 6.686, 7.316, 5.157, 4.618, 3.329, 4.472, 6.744, 5.638, 4.083, 2.243, 2.623, 2.483, 2.146, 2.289, 2.151, 1.725, 2.833, 6.612, 4.494, 2.719, 2.507, 2.505, 2.937, 1.819, 2.386, 2.655, 3.403, 2.31, 2.03, 2.186, 2.81, 1.98, 2.25, 2.309, 2.24, 1.353, 0.0, 0.948, 1.413, 3.73, 3.77, 3.721, 4.055, 4.117, 4.088, 1.97, 2.157, 4.384, 5.809, 4.981, 3.2, 2.264, 2.158, 2.741, 3.349, 2.577, 2.7, 3.402, 2.552, 2.059, 2.499, 2.758, 2.388, 2.571, 1.609, 2.473, 2.829, 3.262, 3.75, 5.566, 5.961, 6.05, 8.03, 9.408, 10.258, 10.389, 9.51, 8.094, 5.654, 5.432, 7.231, 7.118, 3.481, 4.717, 4.296, 2.017, 3.199, 4.595, 3.411, 3.243, 3.444, 3.442, 2.612, 2.683, 2.745, 2.037, 2.285, 2.259], [4.713, 6.558, 6.778, 4.995, 4.531, 3.511, 4.373, 6.324, 5.269, 3.781, 2.291, 2.851, 2.53, 2.247, 2.113, 1.994, 1.724, 2.779, 6.056, 4.623, 2.943, 2.925, 2.911, 3.288, 1.976, 1.828, 2.08, 2.955, 2.204, 2.377, 2.771, 3.396, 2.01, 2.38, 2.429, 2.132, 1.465, 0.948, 0.0, 1.32, 3.434, 3.541, 3.712, 4.172, 4.177, 4.234, 2.079, 2.552, 4.998, 6.414, 5.502, 3.791, 2.17, 1.706, 2.38, 2.919, 2.274, 2.193, 3.165, 2.357, 1.948, 3.125, 3.372, 2.487, 2.215, 1.659, 2.83, 3.386, 3.67, 4.164, 6.064, 6.345, 6.624, 8.576, 9.934, 10.871, 11.013, 10.129, 8.653, 5.985, 5.548, 6.98, 6.685, 2.921, 5.317, 4.784, 1.811, 2.722, 3.96, 2.88, 2.602, 2.748, 2.96, 2.552, 2.552, 2.256, 2.074, 2.474, 2.446], [4.288, 6.098, 6.58, 4.766, 4.408, 3.424, 4.057, 5.941, 4.828, 3.315, 2.222, 2.939, 2.521, 2.272, 1.958, 1.627, 1.532, 2.529, 5.693, 4.397, 2.907, 3.154, 2.744, 3.306, 2.067, 1.681, 2.007, 2.686, 2.04, 2.384, 3.046, 3.79, 2.244, 2.652, 2.427, 1.657, 1.641, 1.413, 1.32, 0.0, 3.097, 2.982, 3.253, 3.895, 3.865, 3.939, 2.07, 2.645, 5.108, 6.578, 5.834, 4.094, 1.976, 1.557, 2.055, 2.503, 1.844, 2.035, 2.819, 1.98, 1.812, 3.476, 3.716, 2.653, 2.298, 2.03, 2.846, 3.712, 3.905, 4.626, 6.489, 6.907, 6.944, 9.054, 10.291, 11.19, 11.307, 10.418, 9.013, 5.948, 5.37, 6.579, 6.275, 2.636, 5.541, 5.034, 1.735, 2.638, 3.767, 2.727, 2.649, 2.747, 2.56, 2.5, 2.751, 2.366, 1.856, 2.469, 2.408], [1.924, 3.381, 4.195, 2.783, 2.875, 2.988, 1.676, 3.226, 2.338, 1.768, 3.047, 3.341, 2.909, 2.954, 2.711, 2.736, 3.426, 2.438, 3.07, 2.743, 3.543, 4.907, 4.511, 5.851, 4.569, 2.53, 2.995, 2.13, 2.28, 5.065, 5.735, 6.345, 4.031, 3.268, 2.968, 2.969, 3.872, 3.73, 3.434, 3.097, 0.0, 1.298, 1.523, 2.164, 2.13, 2.223, 3.148, 5.147, 7.952, 9.367, 8.508, 6.774, 4.213, 2.932, 3.381, 3.319, 3.246, 2.34, 1.43, 2.496, 2.824, 5.71, 6.329, 2.709, 2.089, 3.763, 5.466, 6.354, 6.63, 7.158, 9.054, 9.398, 9.516, 11.519, 12.912, 13.811, 13.954, 13.073, 11.629, 8.575, 7.924, 8.931, 8.178, 3.556, 8.229, 7.728, 3.253, 3.668, 5.359, 4.728, 3.965, 2.346, 1.941, 3.567, 4.115, 1.992, 2.616, 4.157, 4.035], [2.191, 3.618, 4.536, 3.423, 3.285, 3.352, 2.223, 3.502, 2.66, 2.001, 3.087, 3.306, 2.839, 2.941, 2.715, 2.818, 3.818, 3.005, 3.319, 3.3, 3.448, 4.889, 4.472, 5.588, 4.318, 2.767, 3.301, 2.752, 2.578, 4.816, 5.403, 6.106, 4.149, 3.659, 3.049, 2.761, 3.58, 3.77, 3.541, 2.982, 1.298, 0.0, 1.757, 2.523, 2.714, 2.585, 3.055, 4.808, 7.652, 9.116, 8.25, 6.449, 4.205, 2.858, 3.411, 3.122, 3.143, 2.221, 1.948, 2.865, 3.009, 5.653, 6.014, 2.874, 2.465, 3.563, 5.19, 6.07, 6.371, 7.186, 9.061, 9.469, 9.485, 11.522, 12.723, 13.587, 13.621, 12.774, 11.508, 8.307, 7.845, 8.822, 8.144, 3.511, 8.109, 7.676, 3.311, 3.751, 5.317, 4.731, 3.969, 2.545, 1.869, 3.459, 4.008, 2.421, 2.513, 3.855, 3.814], [2.008, 3.739, 4.644, 2.577, 2.457, 2.871, 1.691, 3.878, 2.923, 2.574, 2.946, 3.123, 2.752, 2.84, 2.819, 3.319, 3.962, 2.517, 3.619, 2.144, 3.19, 4.772, 4.368, 5.394, 4.119, 2.894, 3.537, 2.827, 2.497, 4.706, 5.263, 5.981, 4.177, 3.573, 2.582, 2.836, 3.617, 3.721, 3.712, 3.253, 1.523, 1.757, 0.0, 1.49, 1.725, 1.561, 2.849, 4.572, 7.393, 8.851, 8.02, 6.193, 4.181, 3.025, 3.676, 3.456, 3.365, 2.453, 1.555, 2.785, 2.902, 5.625, 5.776, 2.304, 2.41, 3.417, 4.951, 5.848, 6.307, 7.054, 8.792, 9.219, 9.224, 11.206, 12.421, 13.222, 13.246, 12.381, 11.202, 8.071, 7.657, 8.934, 8.381, 3.65, 7.801, 7.441, 3.401, 3.935, 5.541, 4.876, 4.207, 2.684, 2.032, 3.253, 3.761, 2.375, 2.435, 3.517, 3.536], [2.074, 3.57, 4.314, 2.309, 2.233, 2.462, 1.648, 3.825, 2.963, 2.828, 3.042, 2.856, 2.557, 2.767, 2.906, 3.697, 4.002, 2.502, 3.456, 1.593, 2.885, 4.344, 3.869, 5.411, 4.55, 3.594, 4.011, 3.081, 2.865, 4.807, 5.3, 6.029, 4.462, 3.238, 2.665, 3.465, 4.074, 4.055, 4.172, 3.895, 2.164, 2.523, 1.49, 0.0, 1.097, 1.144, 2.956, 4.908, 7.66, 9.101, 8.37, 6.284, 4.656, 3.802, 4.61, 4.343, 4.148, 3.204, 1.957, 3.294, 2.971, 5.514, 5.806, 2.272, 3.004, 3.5, 5.081, 6.115, 6.61, 7.486, 9.183, 9.506, 9.459, 11.415, 12.703, 13.446, 13.404, 12.526, 11.476, 8.427, 8.424, 9.645, 9.349, 4.493, 8.063, 7.872, 3.81, 4.67, 6.461, 5.66, 5.036, 3.674, 3.013, 3.807, 4.159, 2.624, 2.447, 3.675, 3.583], [1.728, 2.925, 3.704, 1.913, 2.025, 2.422, 1.418, 3.265, 2.474, 2.7, 3.256, 3.335, 2.918, 2.978, 2.911, 3.63, 3.623, 2.32, 2.883, 1.296, 3.39, 4.666, 4.136, 5.928, 4.828, 3.475, 3.841, 2.684, 2.683, 5.028, 5.657, 6.414, 4.299, 3.154, 2.849, 3.463, 4.253, 4.117, 4.177, 3.865, 2.13, 2.714, 1.725, 1.097, 0.0, 1.105, 3.252, 5.218, 7.954, 9.387, 8.743, 6.833, 4.654, 3.747, 4.569, 4.314, 4.304, 3.36, 2.228, 3.027, 2.931, 5.806, 6.357, 2.578, 2.936, 3.855, 5.552, 6.48, 6.717, 7.547, 9.331, 9.765, 9.726, 11.817, 13.151, 13.945, 14.041, 13.163, 11.762, 8.723, 8.479, 9.754, 9.36, 4.554, 8.32, 7.97, 3.746, 4.605, 6.434, 5.768, 5.071, 3.674, 3.138, 4.105, 4.522, 2.532, 2.636, 4.257, 4.111], [1.85, 3.285, 4.037, 1.982, 1.529, 2.244, 1.45, 3.566, 2.577, 2.755, 2.803, 2.924, 2.619, 2.9, 2.841, 3.588, 3.791, 2.354, 3.213, 1.489, 3.107, 4.489, 3.905, 5.739, 4.789, 3.646, 3.942, 2.877, 2.875, 4.958, 5.563, 6.304, 4.378, 3.208, 2.808, 3.601, 4.069, 4.088, 4.234, 3.939, 2.223, 2.585, 1.561, 1.144, 1.105, 0.0, 3.054, 5.054, 7.92, 9.518, 8.651, 6.633, 4.758, 3.977, 4.893, 4.603, 4.441, 3.423, 2.205, 3.249, 2.902, 5.671, 6.012, 2.276, 3.135, 3.581, 5.299, 6.163, 6.812, 7.671, 9.495, 9.903, 9.912, 11.926, 13.051, 13.851, 13.783, 12.912, 11.872, 8.633, 8.685, 9.882, 9.635, 4.77, 8.468, 8.128, 3.906, 4.858, 6.72, 5.926, 5.307, 3.961, 3.318, 4.069, 4.475, 2.728, 2.537, 3.892, 3.774], [4.077, 6.015, 6.689, 4.44, 3.591, 2.101, 3.664, 6.185, 4.959, 3.397, 1.452, 1.542, 1.538, 1.348, 1.642, 2.271, 2.46, 2.459, 5.837, 3.665, 1.409, 2.29, 2.12, 3.389, 2.641, 2.041, 2.41, 2.76, 2.181, 2.487, 2.962, 3.707, 2.258, 1.619, 1.69, 1.941, 1.85, 1.97, 2.079, 2.07, 3.148, 3.055, 2.849, 2.956, 3.252, 3.054, 0.0, 2.416, 5.22, 6.71, 5.791, 3.99, 2.593, 2.048, 2.992, 2.828, 2.492, 2.108, 2.44, 2.177, 1.416, 3.299, 3.411, 1.522, 2.384, 1.443, 3.077, 3.746, 4.109, 5.038, 6.731, 7.03, 7.06, 9.135, 10.199, 11.09, 11.075, 10.225, 9.061, 6.232, 6.475, 7.693, 7.573, 3.25, 5.739, 5.456, 1.969, 3.019, 4.544, 3.843, 3.137, 3.031, 2.832, 2.297, 2.323, 2.243, 1.23, 1.759, 1.407], [6.063, 7.972, 8.72, 6.525, 5.574, 4.211, 5.737, 8.213, 6.959, 5.392, 2.987, 3.345, 3.155, 2.78, 3.11, 3.613, 3.41, 4.239, 7.931, 5.52, 3.051, 2.373, 2.577, 2.584, 1.589, 3.497, 3.827, 4.714, 3.577, 1.604, 1.921, 2.188, 2.207, 3.212, 2.782, 2.468, 1.703, 2.157, 2.552, 2.645, 5.147, 4.808, 4.572, 4.908, 5.218, 5.054, 2.416, 0.0, 3.051, 4.645, 4.074, 2.572, 1.947, 2.592, 2.727, 3.029, 2.554, 3.425, 4.308, 3.706, 3.02, 2.658, 2.442, 3.077, 3.569, 1.894, 1.844, 2.05, 2.386, 3.096, 4.689, 5.177, 5.112, 7.198, 8.408, 9.174, 9.061, 8.244, 7.033, 4.399, 4.62, 6.272, 6.127, 2.996, 3.617, 3.294, 2.406, 3.074, 3.762, 3.023, 3.161, 4.211, 4.059, 2.295, 1.866, 4.161, 2.886, 1.935, 2.178], [8.934, 10.712, 11.38, 9.414, 8.471, 6.982, 8.641, 10.95, 9.688, 8.279, 5.901, 6.129, 5.971, 5.509, 5.893, 6.193, 5.565, 7.05, 10.754, 8.298, 5.794, 4.711, 5.049, 3.384, 3.614, 6.283, 6.524, 7.401, 6.309, 3.369, 2.901, 2.257, 4.474, 5.7, 5.414, 5.138, 4.364, 4.384, 4.998, 5.108, 7.952, 7.652, 7.393, 7.66, 7.954, 7.92, 5.22, 3.051, 0.0, 1.901, 1.88, 1.826, 4.214, 5.36, 4.841, 5.301, 5.155, 6.321, 7.168, 6.405, 5.783, 3.27, 3.156, 5.933, 6.392, 4.68, 3.047, 2.264, 1.892, 1.966, 2.101, 2.826, 2.972, 4.431, 5.789, 6.544, 6.432, 5.645, 4.863, 3.806, 4.39, 6.001, 6.441, 5.351, 1.283, 2.055, 4.99, 4.845, 5.2, 4.813, 5.62, 6.876, 6.781, 4.864, 4.297, 6.906, 5.719, 4.685, 4.897], [10.347, 12.236, 12.965, 10.825, 10.11, 8.467, 10.107, 12.432, 11.221, 9.74, 7.54, 7.63, 7.501, 6.993, 7.469, 7.689, 7.002, 8.481, 12.18, 9.825, 7.26, 6.254, 6.579, 4.824, 5.172, 7.721, 8.007, 8.971, 7.78, 4.875, 4.37, 3.673, 5.998, 7.098, 7.048, 6.63, 5.781, 5.809, 6.414, 6.578, 9.367, 9.116, 8.851, 9.101, 9.387, 9.518, 6.71, 4.645, 1.901, 0.0, 1.478, 3.086, 5.756, 6.822, 6.296, 6.685, 6.573, 7.646, 8.561, 7.865, 7.254, 4.688, 4.604, 7.531, 7.808, 6.224, 4.449, 3.612, 2.946, 2.967, 1.777, 2.368, 2.448, 2.738, 4.15, 4.739, 4.836, 4.217, 4.366, 4.188, 4.425, 5.723, 6.786, 6.786, 1.806, 2.344, 6.537, 6.196, 6.125, 6.252, 7.016, 8.31, 8.22, 6.247, 5.669, 8.343, 7.312, 6.173, 6.368], [9.528, 11.495, 12.171, 9.83, 9.296, 7.78, 9.133, 11.626, 10.486, 8.689, 6.607, 6.9, 6.724, 6.374, 6.783, 6.738, 6.201, 7.446, 11.327, 9.192, 6.521, 5.765, 5.986, 4.171, 4.484, 6.882, 7.24, 8.246, 6.998, 4.405, 3.897, 3.181, 5.32, 6.54, 6.49, 6.092, 4.902, 4.981, 5.502, 5.834, 8.508, 8.25, 8.02, 8.37, 8.743, 8.651, 5.791, 4.074, 1.88, 1.478, 0.0, 2.476, 4.987, 6.018, 5.514, 5.955, 5.601, 6.725, 7.501, 7.082, 6.544, 4.144, 3.923, 6.762, 6.86, 5.339, 3.759, 2.926, 2.575, 2.623, 2.142, 2.674, 2.835, 3.434, 4.56, 5.495, 5.547, 4.713, 4.852, 4.298, 4.556, 5.799, 6.837, 6.082, 2.161, 2.347, 5.915, 5.66, 5.962, 5.386, 6.164, 7.437, 7.311, 5.242, 4.674, 7.488, 6.596, 5.517, 5.687], [7.776, 9.698, 10.478, 8.036, 7.307, 5.579, 7.239, 9.884, 8.769, 6.922, 4.575, 4.599, 4.502, 4.256, 4.907, 4.9, 4.487, 5.654, 9.592, 7.162, 4.301, 3.723, 3.776, 2.148, 2.534, 5.181, 5.544, 6.537, 5.22, 2.274, 1.876, 1.451, 3.49, 4.794, 4.449, 4.27, 3.195, 3.2, 3.791, 4.094, 6.774, 6.449, 6.193, 6.284, 6.833, 6.633, 3.99, 2.572, 1.826, 3.086, 2.476, 0.0, 3.446, 4.352, 3.951, 4.414, 4.049, 5.097, 5.838, 5.369, 4.72, 2.277, 2.006, 4.709, 5.133, 3.255, 1.753, 1.269, 1.467, 1.935, 3.174, 3.479, 3.457, 5.332, 6.655, 7.27, 7.284, 6.403, 5.421, 3.678, 4.161, 5.825, 6.343, 4.776, 2.085, 2.271, 4.236, 4.248, 4.756, 3.882, 4.574, 5.88, 5.771, 3.92, 3.185, 5.786, 4.571, 3.272, 3.418], [5.287, 7.155, 7.352, 5.814, 5.542, 4.185, 5.139, 7.052, 5.8, 4.64, 2.968, 3.738, 3.174, 2.644, 2.647, 2.613, 2.548, 3.532, 6.88, 5.093, 3.597, 3.163, 2.801, 2.826, 1.906, 2.312, 2.516, 3.43, 2.661, 1.93, 2.604, 3.184, 1.823, 3.382, 3.151, 2.411, 2.216, 2.264, 2.17, 1.976, 4.213, 4.205, 4.181, 4.656, 4.654, 4.758, 2.593, 1.947, 4.214, 5.756, 4.987, 3.446, 0.0, 1.737, 1.919, 2.675, 1.832, 2.584, 3.472, 2.569, 2.69, 3.192, 3.398, 3.54, 2.971, 2.259, 2.341, 3.063, 3.078, 3.58, 5.362, 5.799, 5.927, 8.003, 9.388, 10.339, 10.462, 9.565, 8.0, 5.016, 4.698, 5.775, 5.15, 2.28, 4.516, 3.951, 2.356, 2.477, 3.106, 2.189, 2.644, 2.943, 3.257, 1.967, 1.731, 3.018, 2.838, 2.302, 2.494], [4.192, 5.953, 6.34, 4.713, 4.549, 3.47, 3.897, 5.762, 4.669, 3.282, 2.189, 3.085, 2.465, 2.087, 1.814, 1.808, 2.285, 2.71, 5.562, 4.327, 3.094, 3.515, 3.224, 3.714, 2.328, 1.457, 1.894, 2.406, 1.703, 2.736, 3.536, 3.995, 2.044, 2.863, 2.428, 1.473, 1.828, 2.158, 1.706, 1.557, 2.932, 2.858, 3.025, 3.802, 3.747, 3.977, 2.048, 2.592, 5.36, 6.822, 6.018, 4.352, 1.737, 0.0, 1.334, 1.579, 1.375, 1.383, 2.574, 1.687, 2.092, 4.121, 4.156, 2.82, 1.585, 1.884, 3.192, 4.047, 4.091, 4.686, 6.493, 6.906, 7.022, 9.093, 10.455, 11.404, 11.514, 10.637, 9.068, 6.034, 5.405, 6.325, 5.75, 1.735, 5.65, 5.137, 1.57, 1.762, 2.909, 2.291, 1.998, 1.96, 2.113, 1.671, 2.021, 2.091, 1.955, 2.328, 2.49], [4.854, 6.557, 7.02, 5.467, 5.543, 4.444, 4.54, 6.207, 5.214, 3.808, 3.097, 4.097, 3.368, 2.981, 2.796, 2.201, 2.868, 3.546, 6.078, 5.203, 3.955, 4.034, 3.741, 3.573, 2.338, 2.215, 2.569, 3.274, 2.621, 2.855, 3.63, 3.532, 2.245, 3.852, 3.395, 2.251, 2.347, 2.741, 2.38, 2.055, 3.381, 3.411, 3.676, 4.61, 4.569, 4.893, 2.992, 2.727, 4.841, 6.296, 5.514, 3.951, 1.919, 1.334, 0.0, 1.4, 1.623, 2.019, 3.188, 2.332, 3.147, 4.161, 4.237, 3.829, 2.075, 2.544, 2.963, 3.619, 3.56, 4.052, 5.921, 6.296, 6.477, 8.482, 9.91, 10.832, 10.967, 10.081, 8.543, 5.528, 4.809, 5.732, 4.947, 1.741, 5.126, 4.582, 2.071, 1.608, 2.47, 1.814, 2.123, 2.362, 2.557, 1.959, 2.135, 3.068, 2.964, 2.778, 2.996], [4.73, 6.292, 7.056, 5.346, 5.225, 4.153, 4.4, 5.892, 5.22, 3.441, 3.016, 3.845, 3.112, 2.743, 2.572, 2.834, 3.533, 3.761, 5.84, 4.951, 3.757, 4.399, 4.239, 4.115, 2.878, 2.344, 2.617, 3.218, 2.615, 3.508, 4.257, 4.076, 2.655, 3.851, 3.231, 1.943, 2.619, 3.349, 2.919, 2.503, 3.319, 3.122, 3.456, 4.343, 4.314, 4.603, 2.828, 3.029, 5.301, 6.685, 5.955, 4.414, 2.675, 1.579, 1.4, 0.0, 1.637, 1.555, 3.047, 2.714, 3.045, 4.783, 4.886, 3.475, 2.037, 2.643, 3.48, 4.12, 4.065, 4.834, 6.597, 6.97, 6.977, 9.096, 10.33, 11.267, 11.356, 10.484, 9.073, 5.93, 5.343, 6.121, 5.326, 1.514, 5.587, 5.141, 2.072, 1.589, 2.488, 2.244, 1.912, 1.986, 1.985, 1.827, 2.112, 2.954, 2.73, 2.898, 3.259], [4.771, 6.496, 6.997, 5.149, 5.014, 3.946, 4.332, 6.081, 5.178, 3.478, 2.46, 3.387, 2.672, 2.404, 2.372, 2.401, 2.714, 3.229, 5.995, 4.859, 3.253, 3.326, 3.132, 3.392, 2.101, 2.025, 2.264, 2.971, 2.319, 2.941, 3.458, 3.865, 2.01, 3.507, 3.114, 1.941, 2.337, 2.577, 2.274, 1.844, 3.246, 3.143, 3.365, 4.148, 4.304, 4.441, 2.492, 2.554, 5.155, 6.573, 5.601, 4.049, 1.832, 1.375, 1.623, 1.637, 0.0, 1.585, 2.878, 2.387, 2.692, 3.734, 3.995, 3.138, 2.053, 2.205, 2.927, 3.751, 3.915, 4.459, 6.299, 6.596, 6.746, 8.705, 10.038, 11.014, 11.125, 10.231, 8.838, 5.769, 5.111, 6.092, 5.458, 1.763, 5.408, 4.907, 2.08, 2.165, 2.789, 1.971, 1.71, 2.072, 2.274, 1.631, 1.675, 2.537, 2.395, 2.025, 2.496], [3.719, 5.559, 5.947, 4.125, 4.089, 3.243, 3.317, 5.104, 4.272, 2.584, 2.239, 2.885, 2.147, 2.065, 2.018, 2.084, 2.872, 2.836, 4.915, 3.88, 2.984, 3.931, 3.633, 4.335, 3.048, 1.669, 1.969, 2.178, 1.935, 3.576, 4.231, 4.857, 2.719, 3.039, 2.855, 1.796, 2.494, 2.7, 2.193, 2.035, 2.34, 2.221, 2.453, 3.204, 3.36, 3.423, 2.108, 3.425, 6.321, 7.646, 6.725, 5.097, 2.584, 1.383, 2.019, 1.555, 1.585, 0.0, 1.918, 2.083, 2.478, 4.642, 4.702, 2.414, 1.476, 2.288, 3.882, 4.786, 4.975, 5.669, 7.463, 7.744, 7.864, 9.844, 11.079, 12.012, 12.17, 11.277, 9.918, 6.84, 6.263, 6.973, 6.274, 1.923, 6.583, 6.082, 2.085, 2.275, 3.435, 2.796, 2.14, 1.385, 1.371, 1.919, 2.345, 1.742, 1.957, 2.585, 2.714], [2.398, 4.398, 4.887, 2.842, 2.904, 2.594, 2.099, 4.309, 3.302, 2.304, 2.478, 2.785, 2.325, 2.609, 2.525, 2.