[[0.0, 1.514, 1.872, 1.965, 2.732, 2.614, 2.031, 2.065, 3.467, 4.791, 5.381, 6.69, 7.272, 4.172, 3.46, 4.477, 3.944, 2.665, 3.439, 4.2, 3.632, 2.85, 3.13, 2.722, 2.74, 2.964, 4.879, 6.694, 8.128, 7.603, 5.578, 5.499, 5.502, 5.155, 5.478, 5.014, 4.316, 3.579, 2.787, 2.948, 3.455, 2.868, 4.11, 4.387, 1.682, 5.073, 8.54, 5.144, 3.973, 6.828, 7.668, 7.155, 7.956, 9.094, 9.21, 9.736, 11.311, 11.466, 11.132, 9.483, 7.688, 6.9, 6.282, 5.383, 4.854, 5.189, 5.882, 5.888, 4.801, 3.469, 1.898, 2.535, 2.906, 2.907, 3.645, 4.821, 4.119, 3.199, 3.686, 4.847, 5.598, 7.166, 8.006, 7.877, 7.262, 8.15, 8.805, 7.886, 6.342, 6.303, 7.753, 9.995, 11.664, 11.85, 12.283, 13.163, 14.498, 13.128, 9.258, 5.15, 2.515, 2.496, 2.171, 2.236, 2.261, 2.278, 2.581, 2.653, 3.084, 3.377, 3.813, 2.902, 2.429, 2.732, 3.529, 3.679, 3.376, 3.824, 3.648, 2.525, 1.75, 2.436, 2.862, 3.269, 4.529, 6.563, 6.751, 6.14, 6.719, 7.266, 6.442, 5.87, 6.327, 6.178, 5.812, 5.135, 5.013, 5.712, 5.616, 6.169, 7.485, 9.524, 9.998, 10.472, 12.484, 11.847, 10.642, 11.095, 10.124, 7.115, 6.721, 7.368, 6.004, 5.311, 5.866, 7.115, 8.082, 8.69, 9.184, 8.575, 8.905, 8.652, 7.036, 5.37, 4.76, 3.897, 3.416, 4.649, 12.849, 18.484, 21.325, 21.634, 21.726, 22.777, 23.587, 23.824, 23.868, 24.222, 25.584, 27.834, 28.726, 28.346, 27.122, 26.954, 27.442, 27.144, 26.449, 25.758, 25.081, 23.896, 23.448, 23.941, 23.607, 20.863, 15.663, 11.559, 10.356, 9.401, 9.766, 9.041, 7.515, 6.365, 6.741, 8.26, 9.015, 6.175], [1.514, 0.0, 1.045, 1.081, 1.663, 1.532, 1.298, 1.593, 3.904, 5.462, 6.072, 7.245, 7.747, 4.725, 4.031, 5.082, 4.58, 2.996, 3.638, 4.646, 4.147, 2.162, 2.19, 2.003, 1.789, 1.984, 4.292, 6.246, 7.693, 7.183, 5.175, 5.069, 5.06, 4.699, 5.09, 4.667, 4.023, 3.276, 3.37, 3.958, 3.682, 3.096, 4.873, 5.453, 2.481, 5.428, 8.928, 5.495, 5.147, 7.102, 8.111, 7.833, 8.859, 9.894, 9.958, 10.109, 10.961, 11.204, 10.926, 9.297, 7.706, 7.086, 6.51, 5.993, 5.245, 5.25, 6.175, 6.372, 5.492, 4.413, 2.487, 1.97, 2.815, 2.894, 3.815, 5.043, 4.842, 3.782, 3.538, 4.828, 5.714, 7.216, 7.788, 7.594, 7.223, 7.964, 8.553, 7.973, 6.659, 6.832, 7.581, 9.538, 11.217, 11.42, 11.896, 12.727, 14.062, 12.671, 8.801, 4.668, 1.852, 1.908, 1.916, 2.611, 2.905, 2.511, 2.614, 2.262, 3.707, 3.944, 4.431, 3.517, 3.027, 3.448, 3.691, 3.671, 3.697, 4.353, 4.232, 3.12, 2.039, 2.022, 2.447, 3.021, 5.36, 7.37, 7.482, 6.002, 6.865, 7.345, 6.926, 6.83, 7.391, 7.334, 6.97, 6.183, 5.98, 6.224, 6.512, 6.811, 8.178, 9.608, 9.882, 10.258, 12.119, 11.434, 10.237, 10.751, 9.719, 7.143, 7.413, 7.838, 6.571, 5.998, 6.714, 7.689, 8.822, 8.994, 9.18, 8.864, 8.96, 8.614, 7.104, 6.002, 5.852, 4.536, 3.478, 4.268, 12.603, 18.153, 20.904, 21.207, 21.281, 22.346, 23.169, 23.426, 23.444, 23.781, 25.157, 27.416, 28.288, 27.906, 26.676, 26.529, 26.994, 26.732, 26.033, 25.35, 24.677, 23.605, 23.107, 23.551, 23.199, 20.451, 15.419, 12.207, 10.987, 10.051, 10.495, 9.277, 7.706, 7.122, 7.401, 8.323, 8.851, 6.219], [1.872, 1.045, 0.0, 1.064, 1.967, 1.841, 1.625, 1.352, 3.301, 5.013, 5.729, 6.717, 7.191, 4.214, 3.732, 4.493, 4.151, 2.377, 3.107, 4.188, 3.525, 1.543, 1.64, 1.614, 1.567, 2.091, 4.389, 6.624, 8.058, 7.576, 5.566, 5.467, 5.454, 5.006, 5.403, 4.914, 4.277, 3.241, 3.254, 4.262, 4.136, 3.399, 4.797, 5.56, 2.657, 4.928, 8.405, 4.905, 5.445, 7.499, 8.41, 8.081, 9.146, 10.227, 10.441, 10.483, 11.446, 11.629, 11.234, 9.595, 8.132, 7.542, 6.735, 6.197, 5.457, 5.481, 6.405, 6.583, 5.677, 4.486, 2.586, 2.004, 3.071, 3.096, 4.044, 5.234, 5.071, 3.954, 3.567, 5.04, 6.16, 7.557, 8.097, 8.023, 7.636, 8.251, 8.917, 8.334, 7.0, 7.058, 7.912, 9.842, 11.61, 11.813, 12.414, 13.11, 14.355, 13.005, 9.089, 4.957, 2.003, 1.973, 1.597, 2.39, 2.829, 2.289, 2.523, 2.009, 3.362, 3.644, 4.018, 3.146, 2.632, 2.999, 3.23, 3.205, 3.178, 3.842, 3.659, 2.573, 1.876, 1.781, 2.155, 2.558, 5.422, 7.529, 7.729, 6.301, 7.254, 7.788, 7.277, 7.231, 7.81, 7.828, 7.322, 6.747, 6.539, 6.708, 6.872, 7.161, 8.541, 10.106, 10.344, 10.752, 12.53, 11.859, 10.518, 11.194, 10.051, 7.55, 7.839, 8.199, 7.072, 6.309, 7.198, 8.141, 9.266, 9.342, 9.503, 9.145, 9.319, 8.897, 7.439, 6.305, 6.251, 4.704, 3.178, 4.632, 12.988, 18.62, 21.287, 21.673, 21.779, 22.736, 23.623, 23.934, 23.823, 24.122, 25.637, 27.868, 28.687, 28.277, 27.115, 26.907, 27.328, 27.05, 26.368, 25.767, 25.074, 24.105, 23.554, 24.016, 23.627, 20.82, 15.973, 12.556, 11.265, 10.348, 10.774, 9.544, 7.962, 7.418, 7.676, 8.913, 9.334, 6.606], [1.965, 1.081, 1.064, 0.0, 1.35, 1.204, 1.247, 1.517, 3.673, 5.363, 6.127, 7.231, 7.696, 4.684, 4.063, 4.943, 4.57, 2.731, 3.514, 4.723, 3.886, 1.986, 2.073, 1.777, 1.374, 1.73, 4.03, 6.324, 7.726, 7.229, 5.168, 5.022, 5.004, 4.787, 5.219, 4.609, 4.014, 3.288, 3.55, 4.345, 4.138, 3.51, 5.252, 5.65, 2.801, 5.508, 8.947, 5.331, 5.54, 7.508, 8.283, 7.974, 9.144, 10.243, 10.496, 10.507, 11.401, 11.445, 11.044, 9.509, 8.147, 7.571, 6.527, 6.078, 5.346, 5.27, 6.326, 6.471, 5.539, 4.51, 2.771, 1.855, 2.846, 3.054, 3.826, 4.764, 4.616, 3.57, 3.269, 4.632, 6.173, 7.4, 8.069, 8.014, 7.54, 8.076, 8.862, 8.267, 6.963, 6.873, 7.639, 9.495, 11.259, 11.548, 12.279, 12.835, 14.027, 12.831, 8.666, 4.37, 1.739, 1.433, 1.689, 2.52, 3.001, 2.688, 2.827, 2.338, 3.483, 3.83, 4.053, 3.106, 2.484, 2.899, 3.214, 3.36, 3.381, 4.247, 3.927, 2.723, 1.862, 1.671, 1.923, 2.38, 5.343, 7.215, 7.361, 6.095, 7.214, 7.769, 7.298, 7.277, 7.842, 7.849, 7.376, 6.798, 6.62, 6.778, 6.914, 7.194, 8.564, 10.109, 10.358, 10.728, 12.234, 11.644, 10.419, 11.163, 9.901, 7.525, 7.86, 8.214, 7.135, 6.432, 7.264, 8.16, 9.315, 9.322, 9.391, 9.061, 9.059, 8.795, 7.448, 6.25, 6.281, 4.62, 3.084, 4.529, 12.994, 18.404, 21.055, 21.362, 21.486, 22.419, 23.437, 23.654, 23.554, 23.67, 25.421, 27.62, 28.294, 27.881, 26.749, 26.573, 27.035, 26.712, 26.138, 25.62, 24.951, 24.079, 23.493, 23.881, 23.413, 20.724, 15.982, 12.559, 11.246, 10.274, 10.68, 9.511, 7.858, 7.389, 7.665, 8.899, 9.194, 6.452], [2.732, 1.663, 1.967, 1.35, 0.0, 0.706, 1.097, 2.214, 4.8, 6.446, 7.213, 8.381, 8.853, 5.828, 5.114, 6.102, 5.674, 3.863, 4.616, 5.854, 5.059, 2.984, 2.714, 2.588, 1.768, 1.355, 3.265, 5.12, 6.538, 6.085, 4.372, 4.083, 4.03, 4.058, 4.396, 4.164, 3.838, 3.641, 4.115, 4.858, 3.993, 3.973, 5.818, 6.156, 3.363, 6.688, 10.127, 6.511, 5.944, 7.124, 7.939, 7.904, 9.152, 10.141, 10.432, 10.214, 10.469, 10.5, 10.116, 8.584, 7.375, 6.919, 6.221, 5.826, 5.125, 4.935, 5.96, 6.397, 5.677, 4.986, 3.365, 1.849, 2.685, 3.287, 3.829, 4.588, 4.738, 3.975, 3.507, 4.528, 6.032, 6.954, 7.407, 7.118, 6.667, 7.181, 7.924, 7.696, 6.681, 6.578, 6.98, 8.354, 10.092, 10.366, 11.117, 11.616, 12.824, 11.631, 7.497, 3.201, 1.099, 1.444, 2.354, 3.282, 3.798, 3.267, 3.3, 2.576, 4.115, 4.843, 4.92, 3.978, 3.437, 3.826, 3.986, 4.266, 4.303, 5.417, 5.089, 3.855, 2.787, 2.008, 2.498, 3.203, 5.855, 7.531, 7.271, 5.616, 6.564, 7.059, 6.938, 7.598, 8.182, 8.12, 7.735, 7.09, 6.726, 6.905, 6.994, 7.179, 8.32, 9.667, 9.497, 9.875, 11.177, 10.473, 9.458, 10.206, 8.905, 7.064, 7.724, 7.788, 7.001, 6.872, 7.46, 8.052, 9.13, 8.802, 8.83, 8.563, 8.352, 8.271, 6.946, 6.117, 6.641, 5.05, 3.702, 3.892, 12.127, 17.434, 19.888, 20.297, 20.307, 21.306, 22.339, 22.505, 22.377, 22.499, 24.235, 26.43, 27.126, 26.713, 25.565, 25.454, 25.869, 25.562, 24.993, 24.511, 23.979, 23.129, 22.538, 22.718, 22.253, 19.76, 15.029, 12.232, 11.037, 10.08, 10.468, 9.384, 7.487, 7.232, 7.519, 8.119, 8.313, 5.652], [2.614, 1.532, 1.841, 1.204, 0.706, 0.0, 1.086, 2.22, 4.675, 6.208, 6.958, 8.225, 8.728, 5.684, 4.913, 5.919, 5.433, 3.748, 4.541, 5.736, 4.896, 2.817, 2.601, 2.423, 1.683, 1.336, 3.273, 5.223, 6.607, 6.154, 4.377, 4.064, 4.036, 4.042, 4.389, 4.033, 3.766, 3.455, 3.971, 4.725, 3.946, 3.812, 5.666, 6.046, 3.234, 6.595, 10.034, 6.418, 5.885, 7.088, 7.909, 7.842, 9.078, 10.042, 10.354, 10.164, 10.589, 10.563, 10.215, 8.71, 7.486, 6.964, 6.162, 5.773, 5.067, 4.93, 5.916, 6.336, 5.622, 4.881, 3.198, 1.774, 2.614, 3.099, 3.772, 4.509, 4.636, 3.833, 3.28, 4.407, 5.942, 6.89, 7.416, 7.174, 6.756, 7.238, 8.03, 7.691, 6.644, 6.521, 7.015, 8.424, 10.138, 10.49, 11.224, 11.76, 12.953, 11.767, 7.611, 3.288, 1.059, 1.219, 2.081, 3.155, 3.587, 3.143, 3.164, 2.451, 3.986, 4.614, 4.68, 3.777, 3.198, 3.657, 3.744, 4.001, 4.071, 5.219, 4.861, 3.669, 2.531, 1.801, 2.279, 2.89, 5.702, 7.447, 7.146, 5.612, 6.609, 7.149, 6.908, 7.541, 8.127, 8.063, 7.681, 7.036, 6.664, 6.849, 6.926, 7.111, 8.259, 9.639, 9.545, 9.929, 11.267, 10.601, 9.546, 10.284, 9.002, 7.079, 7.656, 7.758, 6.916, 6.739, 7.403, 7.975, 9.043, 8.811, 8.845, 8.575, 8.437, 8.26, 6.957, 6.036, 6.578, 4.946, 3.551, 3.907, 12.187, 17.454, 19.976, 20.343, 20.422, 21.421, 22.432, 22.591, 22.468, 22.575, 24.329, 26.547, 27.207, 26.798, 25.666, 25.507, 25.997, 25.621, 25.13, 24.635, 24.07, 23.196, 22.618, 22.858, 22.335, 19.847, 15.102, 12.207, 10.957, 9.993, 10.389, 9.289, 7.453, 7.14, 7.422, 8.234, 8.423, 5.763], [2.031, 1.298, 1.625, 1.247, 1.097, 1.086, 0.0, 1.69, 4.22, 5.867, 6.623, 7.756, 8.289, 5.223, 4.547, 5.474, 5.031, 3.271, 4.103, 5.25, 4.49, 2.534, 2.501, 2.286, 1.767, 1.566, 3.425, 5.497, 6.92, 6.425, 4.345, 4.228, 4.223, 3.933, 4.232, 3.8, 3.255, 3.039, 3.194, 3.927, 3.356, 3.157, 4.912, 5.246, 2.557, 6.185, 9.624, 6.04, 5.021, 6.567, 7.415, 7.192, 8.439, 9.49, 9.737, 9.653, 10.428, 10.397, 9.991, 8.477, 7.059, 6.52, 5.682, 5.237, 4.522, 4.434, 5.393, 5.673, 4.895, 4.103, 2.578, 1.65, 2.412, 2.73, 3.127, 4.335, 4.228, 3.285, 2.986, 4.017, 5.408, 6.354, 7.103, 6.932, 6.462, 7.003, 7.784, 7.221, 6.042, 5.978, 6.719, 8.692, 10.456, 10.712, 11.413, 11.999, 13.206, 11.963, 7.863, 3.743, 1.271, 1.405, 1.723, 2.674, 3.046, 2.447, 2.455, 1.793, 3.338, 4.216, 4.357, 3.416, 2.944, 3.284, 3.847, 3.979, 4.083, 4.793, 4.431, 3.234, 2.17, 1.863, 2.317, 3.0, 5.04, 6.752, 6.678, 5.106, 6.185, 6.704, 6.377, 6.714, 7.307, 7.321, 6.835, 6.233, 5.979, 6.122, 6.26, 6.459, 7.718, 9.128, 9.277, 9.695, 11.364, 10.79, 9.467, 10.173, 9.005, 6.477, 7.033, 7.256, 6.341, 5.951, 6.678, 7.342, 8.505, 8.328, 8.397, 8.094, 8.037, 7.816, 6.478, 5.437, 5.768, 4.195, 3.094, 3.629, 11.912, 17.458, 20.208, 20.555, 20.663, 21.547, 22.57, 22.804, 22.705, 22.916, 24.584, 26.785, 27.495, 27.081, 25.921, 25.738, 26.198, 25.882, 25.272, 24.713, 24.01, 23.014, 22.485, 23.018, 22.563, 19.782, 14.907, 11.689, 10.427, 9.454, 9.858, 8.788, 6.984, 6.595, 6.883, 7.849, 8.157, 5.351], [2.065, 1.593, 1.352, 1.517, 2.214, 2.22, 1.69, 0.0, 2.991, 4.646, 5.381, 6.348, 6.877, 3.81, 3.348, 4.215, 3.745, 1.925, 2.589, 3.795, 3.302, 1.71, 2.06, 1.631, 1.9, 2.419, 4.702, 7.007, 8.432, 7.941, 5.887, 5.798, 5.789, 5.362, 5.594, 5.074, 4.415, 3.474, 2.992, 3.916, 4.032, 3.503, 4.542, 5.247, 2.669, 4.689, 8.139, 4.51, 5.113, 7.278, 7.948, 7.595, 8.646, 9.784, 10.08, 10.257, 11.617, 11.83, 11.268, 9.733, 8.098, 7.347, 6.573, 5.962, 5.228, 5.441, 6.192, 6.195, 5.264, 4.121, 2.275, 2.249, 3.17, 3.343, 3.962, 5.143, 4.756, 3.702, 3.599, 5.012, 6.2, 7.449, 8.292, 8.07, 7.494, 8.183, 8.931, 8.122, 6.691, 6.673, 7.976, 10.208, 11.972, 12.203, 12.868, 13.486, 14.722, 13.398, 9.37, 5.223, 2.272, 2.245, 1.508, 1.813, 2.23, 1.892, 2.369, 1.811, 2.652, 3.039, 3.484, 2.56, 2.114, 2.354, 3.09, 3.232, 3.119, 3.612, 3.213, 2.23, 1.514, 2.135, 1.977, 2.521, 4.944, 7.033, 7.451, 6.204, 7.261, 7.688, 7.024, 6.871, 7.455, 7.481, 6.975, 6.394, 6.149, 6.393, 6.43, 6.825, 8.199, 9.933, 10.351, 10.785, 12.804, 12.228, 10.824, 11.416, 10.393, 7.479, 7.492, 7.926, 6.797, 5.967, 6.844, 7.834, 8.91, 9.097, 9.256, 8.814, 9.015, 8.697, 7.302, 5.898, 5.906, 4.501, 2.734, 4.789, 13.147, 18.944, 21.682, 22.038, 22.145, 23.036, 24.005, 24.276, 24.169, 24.394, 26.052, 28.241, 29.028, 28.604, 27.44, 27.216, 27.588, 27.347, 26.709, 26.078, 25.307, 24.24, 23.729, 24.436, 24.009, 20.978, 16.059, 12.2, 10.875, 9.911, 10.291, 9.223, 7.696, 6.962, 7.492, 8.966, 9.511, 6.467], [3.467, 3.904, 3.301, 3.673, 4.8, 4.675, 4.22, 2.991, 0.0, 2.081, 3.282, 3.783, 4.173, 1.688, 2.327, 1.946, 1.364, 1.543, 1.287, 2.087, 0.734, 2.268, 2.908, 2.619, 3.546, 4.897, 7.274, 9.532, 10.94, 10.41, 8.326, 8.257, 8.248, 7.844, 8.15, 7.673, 6.952, 5.705, 4.653, 5.191, 6.484, 5.5, 4.81, 5.732, 3.807, 2.513, 5.538, 2.552, 6.364, 9.615, 10.289, 9.597, 9.851, 11.304, 11.863, 12.56, 14.161, 14.192, 13.805, 12.23, 10.454, 9.64, 8.838, 7.86, 7.424, 7.895, 8.493, 8.41, 7.122, 5.277, 3.743, 4.707, 5.53, 5.44, 6.265, 7.226, 6.524, 5.246, 6.047, 7.511, 8.56, 9.757, 10.789, 10.656, 9.919, 10.645, 11.553, 10.588, 9.042, 8.862, 10.523, 12.745, 14.489, 14.695, 15.357, 15.956, 17.249, 15.928, 11.969, 7.853, 4.79, 4.268, 3.308, 2.485, 2.961, 3.824, 4.391, 4.119, 2.63, 2.242, 2.905, 2.313, 2.588, 2.602, 2.407, 2.553, 2.06, 1.281, 1.137, 1.774, 2.651, 4.203, 3.565, 4.065, 5.975, 8.776, 9.205, 8.745, 9.636, 10.084, 9.264, 8.398, 8.463, 8.626, 7.969, 7.832, 7.776, 8.59, 8.215, 8.808, 10.183, 12.307, 12.818, 13.33, 15.262, 14.693, 13.331, 13.911, 12.927, 9.816, 9.132, 10.132, 8.828, 7.517, 8.46, 10.003, 10.919, 11.4, 11.758, 11.155, 11.421, 11.21, 9.747, 7.917, 7.328, 5.659, 3.347, 7.511, 15.717, 21.391, 24.139, 24.508, 24.623, 25.491, 26.461, 26.764, 26.659, 26.97, 28.513, 30.72, 31.482, 31.072, 29.893, 29.656, 30.17, 29.89, 29.217, 28.557, 27.809, 26.758, 26.207, 26.918, 26.47, 23.565, 18.533, 14.052, 12.65, 11.804, 11.989, 11.798, 10.26, 8.532, 9.396, 11.416, 11.976, 8.769], [4.791, 5.462, 5.013, 5.363, 6.446, 6.208, 5.867, 4.646, 2.081, 0.0, 1.759, 2.485, 2.839, 1.916, 2.382, 1.725, 1.551, 3.223, 2.614, 2.365, 1.869, 4.029, 4.613, 4.319, 5.308, 6.464, 8.689, 10.929, 12.301, 11.731, 9.673, 9.62, 9.617, 9.24, 9.498, 9.082, 8.348, 7.076, 5.789, 5.874, 7.657, 6.825, 4.979, 5.584, 4.921, 1.871, 4.177, 2.4, 6.88, 10.463, 11.382, 10.506, 10.246, 11.859, 12.405, 13.798, 15.394, 15.488, 15.146, 13.556, 11.677, 10.769, 10.245, 9.134, 8.685, 9.273, 9.821, 9.748, 8.414, 6.138, 4.851, 6.1, 6.906, 6.797, 7.68, 8.646, 7.849, 6.629, 7.463, 8.926, 9.853, 11.02, 12.132, 11.881, 11.075, 11.937, 12.822, 11.669, 9.836, 9.73, 11.928, 14.149, 15.828, 16.018, 16.662, 17.322, 18.641, 17.304, 13.395, 9.293, 6.33, 5.768, 4.548, 3.599, 3.798, 4.685, 5.297, 5.51, 3.444, 2.284, 2.813, 3.205, 3.965, 3.665, 3.292, 3.527, 2.935, 1.995, 1.886, 2.951, 3.988, 5.665, 4.992, 5.505, 7.188, 9.519, 10.066, 10.141, 10.878, 11.276, 10.232, 9.003, 8.944, 9.387, 8.797, 8.401, 8.509, 9.263, 8.826, 9.299, 10.78, 13.259, 13.967, 14.406, 16.542, 15.982, 14.678, 15.147, 14.266, 11.016, 9.555, 10.608, 9.214, 7.947, 9.063, 10.575, 11.323, 12.161, 12.803, 12.21, 12.365, 12.433, 10.94, 8.566, 7.859, 6.93, 4.702, 8.805, 17.043, 22.688, 25.503, 25.843, 25.937, 26.852, 27.758, 28.043, 27.998, 28.337, 29.792, 32.007, 32.85, 32.462, 31.232, 31.014, 31.537, 31.251, 30.58, 29.834, 29.048, 27.951, 27.468, 28.23, 27.804, 24.801, 19.736, 14.622, 13.104, 12.42, 12.532, 13.039, 11.54, 9.189, 10.344, 12.724, 13.306, 10.063], [5.381, 6.072, 5.729, 6.127, 7.213, 6.958, 6.623, 5.381, 3.282, 1.759, 0.0, 1.616, 2.354, 2.277, 2.374, 1.782, 2.294, 4.097, 3.647, 3.623, 3.072, 5.113, 5.602, 5.178, 6.165, 7.237, 9.417, 11.632, 13.015, 12.433, 10.395, 10.335, 10.33, 9.953, 10.22, 9.769, 9.029, 7.711, 6.418, 6.432, 8.086, 7.416, 5.087, 5.14, 5.48, 1.559, 3.867, 2.285, 6.81, 10.847, 11.944, 11.036, 10.439, 12.002, 12.75, 14.338, 16.037, 16.183, 15.842, 14.232, 12.284, 11.221, 10.971, 9.84, 9.333, 9.987, 10.52, 10.44, 9.124, 6.771, 5.359, 6.826, 7.616, 7.452, 8.407, 9.369, 8.576, 7.356, 8.19, 9.633, 10.452, 11.728, 12.819, 12.396, 11.676, 12.59, 13.434, 12.288, 10.168, 10.323, 12.628, 14.849, 16.528, 16.719, 17.305, 18.024, 19.343, 17.987, 14.108, 10.006, 7.063, 6.48, 5.284, 4.135, 4.348, 5.253, 5.976, 6.209, 4.134, 2.661, 2.939, 3.906, 4.677, 4.375, 3.99, 4.25, 3.696, 3.157, 2.949, 3.844, 4.722, 6.382, 5.708, 6.218, 7.9, 10.136, 10.628, 10.845, 11.482, 11.892, 10.798, 9.434, 9.159, 9.782, 9.049, 8.654, 9.002, 9.528, 9.134, 9.376, 10.952, 13.51, 14.328, 14.937, 17.206, 16.626, 15.327, 15.711, 14.897, 11.643, 9.735, 10.606, 9.237, 7.892, 9.125, 10.792, 11.395, 12.575, 13.32, 12.71, 12.94, 12.96, 11.512, 9.055, 8.097, 7.648, 5.415, 9.414, 17.637, 23.386, 26.185, 26.532, 26.619, 27.526, 28.394, 28.724, 28.665, 29.022, 30.457, 32.689, 33.539, 33.15, 31.907, 31.67, 32.153, 31.908, 31.214, 30.48, 29.709, 28.559, 28.102, 28.844, 28.452, 25.396, 20.036, 14.819, 13.223, 12.816, 12.794, 13.635, 12.167, 9.718, 10.96, 13.281, 13.989, 10.776], [6.69, 7.245, 6.717, 7.231, 8.381, 8.225, 7.756, 6.348, 3.783, 2.485, 1.616, 0.0, 1.335, 2.63, 3.444, 2.346, 3.12, 4.789, 4.027, 3.491, 3.567, 5.791, 6.424, 6.106, 7.146, 8.48, 10.794, 12.978, 14.421, 13.935, 11.91, 11.821, 11.813, 11.355, 11.588, 11.151, 10.432, 9.095, 7.749, 7.851, 9.483, 8.792, 6.435, 6.359, 6.879, 2.066, 3.032, 2.668, 7.86, 12.193, 13.311, 12.404, 11.78, 13.214, 14.142, 15.7, 17.507, 17.643, 17.236, 15.61, 13.654, 12.588, 12.368, 11.227, 10.739, 11.37, 11.92, 11.836, 10.519, 8.163, 6.719, 8.158, 8.982, 8.808, 9.773, 10.77, 9.978, 8.746, 9.58, 11.033, 11.871, 13.123, 14.161, 13.764, 13.058, 13.988, 14.787, 13.642, 11.521, 11.697, 13.947, 16.201, 17.969, 18.172, 18.748, 19.467, 20.72, 19.332, 15.457, 11.337, 8.282, 7.773, 6.569, 5.31, 5.683, 6.646, 7.454, 7.554, 5.435, 3.869, 4.244, 5.237, 6.014, 5.713, 5.32, 5.57, 5.04, 3.735, 3.903, 4.861, 6.244, 7.758, 7.109, 7.569, 9.302, 11.507, 12.034, 12.244, 12.812, 13.25, 12.145, 10.839, 10.598, 11.244, 10.341, 10.011, 10.449, 10.943, 10.485, 10.563, 12.085, 14.847, 15.645, 16.42, 18.692, 18.092, 16.697, 17.21, 16.268, 13.035, 11.109, 11.79, 10.44, 8.976, 10.254, 12.023, 12.634, 13.859, 14.649, 14.067, 14.342, 14.346, 12.88, 10.455, 9.447, 9.046, 6.752, 10.761, 18.974, 24.871, 27.6, 27.986, 28.084, 28.984, 29.842, 30.208, 30.095, 30.43, 31.932, 34.172, 35.0, 34.571, 33.388, 33.11, 33.54, 33.287, 32.579, 31.957, 31.159, 29.968, 29.508, 30.264, 29.86, 26.786, 21.387, 16.018, 14.487, 14.198, 14.022, 14.989, 13.498, 11.049, 12.253, 14.604, 15.396, 12.148], [7.272, 7.747, 7.191, 7.696, 8.853, 8.728, 8.289, 6.877, 4.173, 2.839, 2.354, 1.335, 0.0, 3.237, 4.012, 2.866, 3.702, 5.305, 4.431, 3.431, 3.933, 6.162, 6.8, 6.538, 7.56, 8.997, 11.367, 13.588, 15.03, 14.502, 12.478, 12.396, 12.387, 11.921, 12.154, 11.717, 10.984, 9.678, 8.364, 8.484, 10.18, 9.435, 7.115, 6.88, 7.456, 2.5, 2.791, 2.666, 8.476, 12.808, 13.874, 12.97, 12.359, 13.94, 14.749, 16.308, 18.096, 18.222, 17.791, 16.167, 14.246, 13.189, 12.938, 11.787, 11.295, 11.92, 12.475, 12.385, 11.071, 8.722, 7.313, 8.735, 9.557, 9.364, 10.354, 11.319, 10.527, 9.307, 10.141, 11.585, 12.466, 13.674, 14.743, 14.349, 13.647, 14.554, 15.385, 14.218, 12.137, 12.251, 14.552, 16.791, 18.572, 18.77, 19.338, 20.045, 21.281, 19.921, 16.036, 11.934, 8.871, 8.347, 7.14, 5.792, 6.272, 7.19, 8.032, 8.139, 6.033, 4.48, 4.841, 5.834, 6.605, 6.303, 5.909, 6.176, 5.644, 4.222, 4.47, 5.41, 6.784, 8.296, 7.658, 8.146, 9.854, 12.039, 12.603, 12.796, 13.391, 13.82, 12.73, 11.43, 11.304, 11.921, 11.096, 10.744, 11.062, 11.642, 11.115, 11.187, 12.856, 15.542, 16.358, 17.032, 19.282, 18.683, 17.28, 17.808, 16.854, 13.619, 11.785, 12.494, 11.122, 9.583, 11.004, 12.64, 13.28, 14.453, 15.24, 14.643, 14.904, 14.922, 13.453, 11.021, 10.084, 9.601, 7.343, 11.342, 19.568, 25.45, 28.192, 28.579, 28.681, 29.577, 30.443, 30.806, 30.69, 31.007, 32.53, 34.769, 35.588, 35.161, 33.979, 33.702, 34.132, 33.867, 33.19, 32.559, 31.747, 30.574, 30.118, 30.866, 30.46, 27.389, 22.114, 16.752, 15.098, 14.752, 14.674, 15.563, 14.095, 11.655, 12.891, 15.272, 16.001, 12.753], [4.172, 4.725, 4.214, 4.684, 5.828, 5.684, 5.223, 3.81, 1.688, 1.916, 2.277, 2.63, 3.237, 0.0, 1.295, 1.3, 1.278, 2.404, 2.017, 2.568, 1.787, 3.295, 3.902, 3.648, 4.6, 5.949, 8.264, 10.461, 11.905, 11.407, 9.38, 9.29, 9.282, 8.823, 9.048, 8.608, 7.888, 6.551, 5.234, 5.46, 7.003, 6.286, 4.137, 4.745, 4.373, 1.804, 5.022, 1.845, 5.964, 9.746, 10.791, 9.903, 9.535, 11.023, 11.815, 13.188, 14.991, 15.141, 14.697, 13.076, 11.152, 10.082, 9.84, 8.687, 8.202, 8.823, 9.376, 9.29, 7.979, 5.639, 4.197, 5.63, 6.439, 6.266, 7.237, 8.224, 7.432, 6.212, 7.046, 8.49, 9.359, 10.59, 11.639, 11.24, 10.569, 11.459, 12.245, 11.125, 9.185, 9.186, 11.422, 13.673, 15.438, 15.644, 16.225, 16.952, 18.19, 16.817, 12.911, 8.802, 5.747, 5.227, 4.05, 2.751, 3.173, 4.198, 5.007, 5.035, 3.097, 1.793, 2.677, 2.94, 3.491, 3.183, 2.929, 3.409, 2.697, 1.947, 1.808, 2.316, 3.715, 5.214, 4.575, 5.023, 6.763, 9.164, 9.561, 9.7, 10.287, 10.719, 9.64, 8.571, 8.209, 8.839, 8.008, 7.718, 8.053, 8.67, 8.09, 8.523, 10.036, 12.521, 13.255, 13.94, 16.182, 15.573, 14.183, 14.702, 13.749, 10.53, 8.856, 9.767, 8.562, 7.138, 8.355, 9.947, 10.659, 11.512, 12.214, 11.584, 11.931, 11.815, 10.36, 8.149, 7.228, 6.503, 4.24, 8.228, 16.46, 22.355, 25.089, 25.476, 25.577, 26.468, 27.33, 27.703, 27.586, 27.902, 29.428, 31.665, 32.482, 32.051, 30.87, 30.613, 31.028, 30.77, 30.092, 29.457, 28.677, 27.521, 27.041, 27.757, 27.35, 24.288, 18.965, 13.89, 12.275, 11.8, 11.796, 12.443, 10.964, 8.542, 9.768, 12.103, 12.873, 9.619], [3.46, 4.031, 3.732, 4.063, 5.114, 4.913, 4.547, 3.348, 2.327, 2.382, 2.374, 3.444, 4.012, 1.295, 0.0, 1.972, 1.813, 2.441, 2.634, 3.349, 2.421, 3.495, 4.047, 3.627, 4.47, 5.314, 7.512, 9.717, 11.154, 10.674, 8.648, 8.56, 8.551, 8.119, 8.358, 7.912, 7.192, 5.863, 4.531, 4.721, 6.336, 5.571, 3.457, 4.006, 3.509, 2.347, 5.737, 2.221, 5.053, 8.999, 10.076, 9.185, 8.889, 10.331, 11.015, 12.501, 14.251, 14.387, 13.996, 12.382, 10.443, 9.391, 9.115, 7.997, 7.518, 8.137, 8.684, 8.6, 7.28, 4.975, 3.531, 4.925, 5.749, 5.59, 6.537, 7.522, 6.721, 5.481, 6.324, 7.794, 8.653, 9.894, 10.933, 10.556, 9.867, 10.755, 11.584, 10.429, 8.394, 8.472, 10.712, 12.958, 14.708, 14.911, 15.508, 16.204, 17.483, 16.094, 12.221, 8.089, 5.051, 4.587, 3.395, 2.253, 2.491, 3.453, 4.243, 4.318, 2.478, 1.227, 2.381, 2.351, 2.812, 2.548, 2.501, 3.116, 2.467, 2.714, 2.261, 2.324, 2.987, 4.515, 3.884, 4.39, 6.076, 8.378, 8.789, 9.005, 9.616, 10.015, 8.942, 7.721, 7.556, 8.121, 7.307, 7.006, 7.315, 7.897, 7.413, 7.676, 9.218, 11.773, 12.578, 13.201, 15.459, 14.867, 13.483, 13.98, 13.056, 9.807, 8.069, 8.947, 7.673, 6.258, 7.469, 9.032, 9.787, 10.74, 11.518, 10.86, 11.181, 11.141, 9.664, 7.319, 6.383, 5.831, 3.568, 7.499, 15.778, 21.615, 24.353, 24.738, 24.84, 25.747, 26.611, 26.965, 26.858, 27.213, 28.696, 30.926, 31.758, 31.331, 30.151, 29.881, 30.342, 30.085, 29.372, 28.725, 27.933, 26.773, 26.288, 27.041, 26.631, 23.571, 18.314, 13.04, 11.43, 11.021, 10.989, 11.763, 10.264, 7.805, 9.051, 11.409, 12.144, 8.887], [4.477, 5.082, 4.493, 4.943, 6.102, 5.919, 5.474, 4.215, 1.946, 1.725, 1.782, 2.346, 2.866, 1.3, 1.972, 0.0, 1.453, 2.756, 2.309, 2.852, 1.802, 3.71, 4.237, 3.938, 4.922, 6.22, 8.514, 10.771, 12.198, 11.718, 9.694, 9.604, 9.595, 9.137, 9.404, 8.916, 8.181, 6.903, 5.67, 5.934, 7.543, 6.616, 4.638, 5.027, 4.667, 1.258, 4.39, 1.52, 6.78, 10.419, 11.305, 10.475, 9.95, 11.746, 12.435, 13.627, 15.339, 15.437, 15.019, 13.39, 11.539, 10.703, 10.186, 9.024, 8.516, 9.118, 9.728, 9.674, 8.318, 5.972, 4.749, 5.903, 6.746, 6.576, 7.549, 8.514, 7.721, 6.5, 7.321, 8.783, 9.7, 10.907, 11.983, 11.783, 10.946, 11.903, 12.642, 11.576, 9.858, 9.595, 11.724, 13.984, 15.751, 15.955, 16.546, 17.259, 18.495, 17.125, 13.2, 9.072, 6.011, 5.528, 4.334, 3.36, 3.541, 4.542, 5.367, 5.359, 3.343, 1.997, 2.169, 3.074, 3.758, 3.473, 3.076, 3.482, 2.859, 2.088, 1.828, 2.632, 3.999, 5.511, 4.853, 5.313, 7.099, 9.631, 9.915, 10.013, 10.619, 11.048, 10.025, 9.126, 8.844, 9.446, 8.783, 8.499, 8.579, 9.405, 8.802, 9.305, 10.811, 13.269, 13.887, 14.463, 16.555, 15.944, 14.571, 15.115, 14.097, 10.892, 9.553, 10.561, 9.364, 7.958, 9.158, 10.698, 11.471, 12.204, 12.819, 12.216, 12.436, 12.396, 10.776, 8.761, 7.937, 6.818, 4.495, 8.532, 16.818, 22.665, 25.41, 25.796, 25.902, 26.825, 27.716, 28.045, 27.933, 28.221, 29.758, 31.998, 32.815, 32.391, 31.225, 31.004, 31.395, 31.138, 30.464, 29.839, 29.076, 27.893, 27.466, 28.127, 27.715, 24.778, 19.687, 14.682, 13.003, 12.407, 12.513, 12.861, 11.362, 9.033, 10.089, 12.458, 13.194, 9.953], [3.944, 4.58, 4.151, 4.57, 5.674, 5.433, 5.031, 3.745, 1.364, 1.551, 2.294, 3.12, 3.702, 1.278, 1.813, 1.453, 0.0, 2.254, 1.823, 2.322, 1.316, 3.193, 3.83, 3.527, 4.517, 5.678, 7.813, 9.943, 11.415, 10.886, 8.862, 8.773, 8.764, 8.336, 8.581, 8.129, 7.453, 6.086, 4.81, 5.178, 6.555, 5.848, 4.115, 4.911, 4.047, 1.991, 5.279, 2.186, 5.983, 9.564, 10.428, 9.624, 9.419, 10.989, 11.58, 12.729, 14.463, 14.638, 14.219, 12.604, 10.671, 9.711, 9.343, 8.211, 7.788, 8.354, 8.908, 8.819, 7.522, 5.302, 3.839, 5.169, 6.0, 5.843, 6.759, 7.763, 6.973, 5.76, 6.581, 8.008, 8.872, 10.165, 11.16, 10.794, 10.185, 11.063, 11.837, 10.698, 8.998, 8.901, 10.966, 13.184, 14.949, 15.146, 15.725, 16.4, 17.696, 16.323, 12.455, 8.382, 5.454, 4.837, 3.773, 2.744, 2.849, 3.927, 4.631, 4.556, 2.806, 1.803, 2.486, 2.376, 3.055, 2.828, 2.49, 2.761, 2.216, 1.528, 1.314, 2.087, 3.262, 4.833, 4.105, 4.565, 6.306, 8.93, 9.247, 9.219, 9.859, 10.247, 9.244, 8.305, 8.061, 8.535, 7.778, 7.575, 7.703, 8.483, 7.942, 8.442, 9.92, 12.269, 12.844, 13.481, 15.704, 15.106, 13.737, 14.252, 13.283, 10.101, 8.711, 9.739, 8.423, 7.067, 8.212, 9.794, 10.542, 11.326, 11.948, 11.281, 11.669, 11.408, 9.938, 7.903, 7.06, 6.027, 3.77, 7.843, 16.008, 21.82, 24.553, 24.937, 25.039, 25.963, 26.845, 27.165, 27.074, 27.436, 28.918, 31.127, 31.974, 31.543, 30.36, 30.131, 30.582, 30.324, 29.596, 28.954, 28.185, 27.033, 26.555, 27.26, 26.851, 23.814, 18.6, 13.764, 12.247, 11.573, 11.674, 11.996, 10.531, 8.356, 9.439, 11.662, 12.381, 9.169], [2.665, 2.996, 2.377, 2.731, 3.863, 3.748, 3.271, 1.925, 1.543, 3.223, 4.097, 4.789, 5.305, 2.404, 2.441, 2.756, 2.254, 0.0, 1.539, 2.368, 1.664, 1.733, 2.264, 2.055, 2.597, 3.968, 6.246, 8.43, 9.854, 9.338, 7.301, 7.211, 7.208, 6.842, 7.095, 6.665, 5.943, 4.766, 3.613, 4.402, 5.449, 4.612, 4.593, 5.54, 3.251, 3.237, 6.59, 3.15, 5.665, 8.571, 9.297, 8.68, 9.466, 10.704, 11.007, 11.559, 13.17, 13.197, 12.765, 11.193, 9.471, 8.725, 7.874, 6.894, 6.435, 6.846, 7.513, 7.492, 6.221, 4.749, 2.889, 3.679, 4.602, 4.519, 5.274, 6.312, 5.692, 4.561, 5.014, 6.5, 7.589, 8.753, 9.78, 9.672, 8.911, 9.685, 10.555, 9.548, 8.023, 7.828, 9.389, 11.611, 13.379, 13.646, 14.339, 14.924, 16.152, 14.903, 10.865, 6.78, 3.778, 3.257, 2.259, 2.206, 2.448, 2.875, 3.413, 3.11, 2.429, 2.191, 2.941, 2.09, 1.809, 1.803, 2.212, 2.488, 1.936, 2.075, 1.738, 1.537, 2.0, 3.251, 2.632, 3.017, 5.482, 7.835, 8.228, 7.784, 8.589, 9.005, 8.218, 7.596, 8.07, 8.019, 7.385, 7.076, 6.941, 7.607, 7.397, 7.883, 9.209, 11.309, 11.85, 12.353, 14.209, 13.692, 12.344, 12.96, 11.929, 8.816, 8.391, 9.158, 7.918, 6.733, 7.615, 9.028, 9.997, 10.388, 10.768, 10.194, 10.43, 10.311, 8.75, 6.936, 6.447, 5.075, 2.807, 6.528, 14.708, 20.376, 23.127, 23.448, 23.563, 24.501, 25.458, 25.704, 25.612, 25.915, 27.5, 29.694, 30.463, 30.045, 28.881, 28.656, 29.181, 28.831, 28.173, 27.57, 26.813, 25.756, 25.256, 25.925, 25.46, 22.598, 17.638, 13.192, 11.866, 10.941, 11.224, 10.781, 9.28, 7.967, 8.425, 10.362, 10.948, 7.767], [3.439, 3.638, 3.107, 3.514, 4.616, 4.541, 4.103, 2.589, 1.287, 2.614, 3.647, 4.027, 4.431, 2.017, 2.634, 2.309, 1.823, 1.539, 0.0, 1.675, 1.363, 2.122, 2.725, 2.48, 3.428, 4.86, 7.186, 9.532, 10.957, 10.471, 8.409, 8.32, 8.311, 7.853, 8.097, 7.581, 6.891, 5.547, 4.542, 5.419, 6.227, 5.518, 5.287, 6.103, 3.994, 2.584, 5.724, 2.632, 6.452, 9.406, 10.152, 9.681, 10.391, 11.643, 12.082, 12.527, 14.068, 14.273, 13.729, 12.156, 10.377, 9.555, 8.956, 8.143, 7.566, 7.955, 8.58, 8.462, 7.367, 5.791, 3.853, 4.664, 5.426, 5.388, 6.38, 7.444, 6.743, 5.627, 6.038, 7.478, 8.63, 9.798, 10.779, 10.41, 9.757, 10.62, 11.358, 10.38, 8.861, 8.961, 10.514, 12.737, 14.502, 14.708, 15.337, 16.016, 17.252, 15.897, 11.892, 7.742, 4.658, 4.191, 3.259, 2.951, 3.406, 3.684, 4.418, 4.119, 3.2, 2.795, 3.466, 2.874, 2.864, 2.83, 2.779, 2.468, 2.424, 1.843, 1.654, 2.487, 3.022, 4.228, 3.527, 3.991, 6.411, 9.041, 9.593, 8.687, 9.552, 9.942, 9.196, 8.527, 8.969, 8.903, 8.269, 8.017, 7.959, 8.458, 8.255, 8.887, 10.178, 12.138, 12.582, 13.122, 15.282, 14.701, 13.315, 13.841, 12.837, 9.792, 9.456, 10.07, 8.909, 7.746, 8.591, 9.958, 10.954, 11.313, 11.576, 11.038, 11.32, 11.029, 9.598, 8.026, 7.454, 6.023, 3.56, 7.201, 15.581, 21.434, 24.17, 24.555, 24.658, 25.525, 26.481, 26.787, 26.674, 26.896, 28.537, 30.747, 31.534, 31.102, 29.929, 29.71, 30.058, 29.848, 29.208, 28.576, 27.803, 26.673, 26.205, 26.888, 26.477, 23.396, 18.355, 14.218, 12.889, 11.946, 12.249, 11.502, 10.127, 8.887, 9.648, 11.263, 11.981, 8.819], [4.2, 4.646, 4.188, 4.723, 5.854, 5.736, 5.25, 3.795, 2.087, 2.365, 3.623, 3.491, 3.431, 2.568, 3.349, 2.852, 2.322, 2.368, 1.675, 0.0, 1.813, 3.156, 3.844, 3.514, 4.554, 6.019, 8.318, 10.488, 11.956, 11.485, 9.454, 9.371, 9.363, 8.908, 9.135, 8.707, 7.987, 6.658, 5.437, 5.931, 7.05, 6.411, 5.942, 6.866, 4.752, 2.846, 4.8, 3.515, 6.913, 9.972, 10.951, 10.306, 11.014, 12.141, 12.348, 13.277, 15.051, 15.21, 14.79, 13.164, 11.197, 10.206, 9.934, 8.994, 8.435, 8.928, 9.486, 9.404, 8.311, 6.572, 4.499, 5.704, 6.567, 6.454, 7.344, 8.505, 7.811, 6.732, 7.126, 8.588, 9.389, 10.707, 11.675, 11.345, 10.697, 11.625, 12.366, 11.275, 9.445, 9.569, 11.503, 13.751, 15.519, 15.723, 16.246, 16.999, 18.274, 16.883, 13.013, 8.882, 5.819, 5.329, 4.151, 3.758, 4.106, 4.242, 5.067, 5.102, 4.006, 3.525, 4.341, 3.799, 3.979, 3.662, 3.952, 3.49, 3.504, 2.378, 2.535, 3.398, 4.072, 5.303, 4.685, 5.125, 7.49, 9.655, 10.211, 9.799, 10.322, 10.818, 9.785, 9.047, 9.443, 9.384, 8.752, 8.323, 8.339, 8.887, 8.639, 9.177, 10.484, 12.758, 13.342, 14.057, 16.265, 15.65, 14.278, 14.818, 13.847, 10.613, 9.762, 10.413, 9.161, 7.987, 8.934, 10.303, 11.229, 11.827, 12.479, 11.862, 12.136, 11.99, 10.464, 8.47, 7.756, 7.201, 4.794, 8.291, 16.497, 22.381, 25.13, 25.496, 25.598, 26.541, 27.366, 27.726, 27.656, 27.986, 29.45, 31.691, 32.548, 32.12, 30.949, 30.711, 31.15, 30.876, 30.14, 29.537, 28.781, 27.563, 27.105, 27.786, 27.371, 24.41, 19.101, 14.579, 13.351, 12.472, 12.77, 12.545, 11.095, 9.476, 10.083, 12.056, 12.894, 9.703], [3.632, 4.147, 3.525, 3.886, 5.059, 4.896, 4.49, 3.302, 0.734, 1.869, 3.072, 3.567, 3.933, 1.787, 2.421, 1.802, 1.316, 1.664, 1.363, 1.813, 0.0, 2.525, 3.142, 2.783, 3.8, 5.155, 7.524, 9.713, 11.119, 10.592, 8.576, 8.494, 8.485, 8.122, 8.428, 7.955, 7.233, 6.044, 4.877, 5.348, 6.703, 5.748, 4.979, 5.949, 3.895, 2.291, 5.316, 2.585, 6.468, 9.799, 10.632, 9.822, 10.094, 11.502, 11.972, 12.808, 14.419, 14.399, 14.092, 12.47, 10.702, 9.94, 9.119, 8.01, 7.686, 8.121, 8.799, 8.761, 7.376, 5.48, 4.035, 4.919, 5.858, 5.709, 6.555, 7.494, 6.685, 5.478, 6.298, 7.772, 8.816, 10.032, 11.05, 10.957, 10.235, 10.995, 11.842, 10.758, 9.287, 9.008, 10.705, 12.931, 14.67, 14.89, 15.574, 16.15, 17.426, 16.175, 12.202, 8.099, 5.095, 4.513, 3.523, 2.748, 3.029, 3.952, 4.556, 4.367, 2.812, 2.307, 2.821, 2.42, 2.776, 2.653, 2.565, 2.531, 2.139, 1.122, 1.157, 1.94, 2.925, 4.453, 3.815, 4.312, 6.294, 8.92, 9.229, 9.083, 9.797, 10.242, 9.372, 8.533, 8.679, 8.814, 8.105, 7.949, 7.933, 8.807, 8.353, 8.924, 10.31, 12.581, 13.115, 13.601, 15.49, 14.911, 13.593, 14.208, 13.182, 10.026, 9.28, 10.247, 8.934, 7.646, 8.63, 10.139, 11.025, 11.601, 12.096, 11.448, 11.743, 11.605, 10.056, 8.104, 7.451, 5.893, 3.609, 7.807, 15.975, 21.569, 24.335, 24.683, 24.81, 25.752, 26.656, 26.945, 26.843, 27.211, 28.699, 30.899, 31.724, 31.329, 30.151, 29.911, 30.457, 30.129, 29.425, 28.811, 28.063, 27.009, 26.483, 27.135, 26.658, 23.883, 18.873, 14.21, 12.825, 11.982, 12.19, 12.095, 10.578, 8.749, 9.43, 11.635, 12.19, 9.037], [2.85, 2.162, 1.543, 1.986, 2.984, 2.817, 2.534, 1.71, 2.268, 4.029, 5.113, 5.791, 6.162, 3.295, 3.495, 3.71, 3.193, 1.733, 2.122, 3.156, 2.525, 0.0, 1.06, 1.248, 1.702, 3.053, 5.429, 7.617, 9.083, 8.555, 6.531, 6.471, 6.447, 5.984, 6.338, 5.872, 5.102, 4.039, 3.986, 5.02, 4.991, 4.462, 5.496, 6.379, 3.585, 4.12, 7.438, 4.106, 6.301, 8.441, 9.253, 8.958, 10.036, 11.161, 11.324, 11.405, 12.435, 12.454, 12.153, 10.582, 9.051, 8.499, 7.588, 7.109, 6.383, 6.54, 7.305, 7.449, 6.567, 5.348, 3.289, 3.041, 4.018, 4.097, 5.013, 6.322, 6.089, 4.921, 4.615, 5.945, 7.217, 8.453, 8.996, 8.89, 8.5, 9.05, 9.795, 9.217, 7.97, 7.918, 8.988, 10.85, 12.631, 12.833, 13.447, 14.069, 15.329, 13.994, 10.104, 6.002, 2.959, 2.593, 2.114, 2.678, 3.113, 2.785, 3.256, 2.631, 3.491, 3.503, 4.195, 3.227, 2.717, 2.818, 3.087, 2.871, 2.972, 2.952, 2.742, 2.218, 2.298, 2.626, 2.299, 2.759, 6.135, 8.393, 8.713, 7.232, 8.261, 8.794, 8.174, 8.1, 8.655, 8.633, 8.077, 7.582, 7.419, 7.603, 7.781, 8.032, 9.412, 11.003, 11.153, 11.672, 13.504, 12.843, 11.443, 12.083, 11.027, 8.449, 8.691, 9.156, 7.99, 7.14, 8.056, 9.008, 10.166, 10.26, 10.383, 10.053, 10.173, 9.78, 8.396, 7.131, 7.019, 5.569, 3.446, 5.753, 13.823, 19.545, 22.253, 22.613, 22.733, 23.679, 24.607, 24.885, 24.789, 25.11, 26.616, 28.829, 29.671, 29.25, 28.082, 27.858, 28.304, 28.016, 27.29, 26.683, 25.979, 24.91, 24.338, 25.018, 24.585, 21.705, 16.764, 13.449, 12.15, 11.205, 11.664, 10.525, 8.96, 8.408, 8.622, 10.001, 10.301, 7.543], [3.13, 2.19, 1.64, 2.073, 2.714, 2.601, 2.501, 2.06, 2.908, 4.613, 5.602, 6.424, 6.8, 3.902, 4.047, 4.237, 3.83, 2.264, 2.725, 3.844, 3.142, 1.06, 0.0, 1.242, 1.671, 2.519, 4.796, 7.062, 8.467, 7.962, 5.969, 6.232, 5.986, 5.553, 6.048, 5.77, 4.914, 4.155, 4.336, 5.371, 5.139, 4.726, 5.95, 6.758, 3.939, 4.701, 8.019, 4.643, 6.701, 8.663, 9.55, 9.256, 10.351, 11.449, 11.649, 11.654, 12.18, 12.134, 11.797, 10.231, 9.0, 8.498, 7.816, 7.278, 6.534, 6.615, 7.495, 7.733, 6.797, 5.621, 3.687, 3.046, 3.987, 4.177, 5.18, 6.476, 6.228, 5.098, 4.692, 6.074, 7.307, 8.468, 8.93, 8.666, 8.327, 8.808, 9.58, 9.291, 8.104, 8.191, 8.944, 10.348, 12.062, 12.248, 12.859, 13.501, 14.741, 13.432, 9.504, 5.402, 2.702, 2.69, 2.336, 3.194, 3.493, 3.211, 3.547, 2.91, 4.128, 4.069, 4.724, 3.851, 3.176, 3.235, 3.524, 3.296, 3.449, 3.525, 3.298, 2.541, 2.542, 2.617, 2.512, 2.958, 6.495, 8.651, 8.838, 7.224, 8.257, 8.739, 8.443, 8.419, 8.983, 9.007, 8.448, 7.922, 7.722, 7.888, 8.022, 8.316, 9.691, 11.14, 11.014, 11.415, 12.984, 12.267, 11.02, 11.608, 10.727, 8.369, 8.987, 9.321, 8.232, 7.467, 8.377, 9.28, 10.438, 10.396, 10.508, 10.221, 10.196, 9.933, 8.537, 7.405, 7.39, 5.86, 3.773, 5.662, 13.705, 19.08, 21.68, 22.037, 22.158, 23.123, 24.065, 24.319, 24.22, 24.474, 26.02, 28.247, 29.047, 28.632, 27.466, 27.246, 27.663, 27.396, 26.741, 26.148, 25.431, 24.358, 23.892, 24.428, 23.999, 21.174, 16.503, 13.736, 12.41, 11.466, 11.957, 10.798, 9.164, 8.681, 8.889, 9.89, 10.091, 7.49], [2.722, 2.003, 1.614, 1.777, 2.588, 2.423, 2.286, 1.631, 2.619, 4.319, 5.178, 6.106, 6.538, 3.648, 3.627, 3.938, 3.527, 2.055, 2.48, 3.514, 2.783, 1.248, 1.242, 0.0, 1.356, 2.611, 5.013, 7.159, 8.608, 8.081, 6.089, 6.029, 5.973, 5.61, 6.048, 5.566, 4.81, 4.184, 4.172, 5.099, 4.772, 4.202, 5.762, 6.545, 3.655, 4.526, 7.882, 4.409, 6.351, 8.355, 9.152, 8.779, 9.812, 10.944, 11.144, 11.24, 12.225, 12.119, 11.919, 10.35, 8.95, 8.4, 7.365, 6.845, 6.174, 6.195, 7.192, 7.237, 6.32, 5.299, 3.426, 2.704, 3.498, 3.677, 4.688, 5.805, 5.622, 4.596, 4.184, 5.435, 6.889, 8.277, 8.75, 8.785, 8.432, 8.933, 9.693, 9.119, 7.899, 7.825, 8.655, 10.376, 12.157, 12.369, 13.024, 13.601, 14.868, 13.587, 9.651, 5.542, 2.665, 2.328, 2.31, 3.007, 3.193, 3.013, 3.399, 2.735, 3.76, 3.68, 4.329, 3.621, 2.805, 2.954, 2.967, 2.593, 2.846, 3.165, 2.937, 2.35, 2.165, 2.356, 2.325, 2.446, 6.214, 8.191, 8.196, 7.071, 8.032, 8.626, 8.079, 8.006, 8.603, 8.589, 8.127, 7.503, 7.245, 7.453, 7.585, 7.93, 9.271, 10.894, 11.065, 11.47, 13.091, 12.424, 11.193, 11.884, 10.715, 8.351, 8.556, 9.084, 7.905, 7.121, 7.947, 8.921, 9.984, 10.181, 10.298, 9.979, 10.097, 9.7, 8.328, 7.004, 7.039, 5.46, 3.28, 5.541, 13.667, 19.108, 21.809, 22.188, 22.298, 23.274, 24.204, 24.458, 24.341, 24.665, 26.178, 28.388, 29.219, 28.804, 27.631, 27.446, 27.901, 27.603, 26.894, 26.342, 25.713, 24.704, 24.175, 24.611, 24.162, 21.485, 16.652, 13.315, 12.021, 11.063, 11.466, 10.317, 8.858, 8.189, 8.463, 9.752, 9.998, 7.411], [2.74, 1.789, 1.567, 1.374, 1.768, 1.683, 1.767, 1.9, 3.546, 5.308, 6.165, 7.146, 7.56, 4.6, 4.47, 4.922, 4.517, 2.597, 3.428, 4.554, 3.8, 1.702, 1.671, 1.356, 0.0, 1.839, 3.992, 6.241, 7.649, 7.314, 5.452, 5.165, 5.165, 5.011, 5.542, 4.962, 4.337, 3.781, 4.175, 5.029, 4.719, 4.197, 5.975, 6.49, 3.674, 5.509, 8.888, 5.35, 6.363, 8.029, 8.839, 8.581, 9.802, 10.867, 11.081, 10.99, 11.772, 11.745, 11.417, 9.924, 8.532, 7.965, 7.03, 6.59, 5.859, 5.705, 6.774, 7.047, 6.179, 5.2, 3.422, 2.022, 3.157, 3.583, 4.321, 5.444, 5.468, 4.429, 3.799, 5.138, 6.648, 7.812, 8.354, 8.361, 7.93, 8.438, 9.23, 8.64, 7.441, 7.413, 8.204, 9.604, 11.292, 11.614, 12.297, 12.729, 13.944, 12.776, 8.769, 4.544, 2.143, 1.785, 2.277, 3.176, 3.465, 3.207, 3.375, 2.752, 4.151, 4.229, 4.69, 3.843, 3.07, 3.433, 3.181, 3.361, 3.275, 4.169, 3.864, 2.64, 2.358, 1.937, 2.434, 2.573, 6.101, 8.017, 7.994, 6.555, 7.639, 8.211, 7.778, 8.02, 8.614, 8.617, 8.089, 7.484, 7.234, 7.392, 7.509, 7.738, 9.045, 10.519, 10.676, 11.053, 12.399, 11.569, 10.623, 11.39, 10.055, 7.902, 8.358, 8.646, 7.667, 7.102, 7.956, 8.66, 9.831, 9.723, 9.773, 9.446, 9.523, 9.188, 7.859, 6.767, 7.034, 5.36, 3.601, 5.065, 13.318, 18.7, 21.006, 21.469, 21.447, 22.457, 23.486, 23.671, 23.463, 23.669, 25.297, 27.496, 28.254, 27.823, 26.666, 26.605, 26.992, 26.655, 26.111, 25.627, 25.139, 24.304, 23.715, 23.812, 23.311, 20.897, 16.294, 13.103, 11.796, 10.802, 11.273, 10.157, 8.439, 8.06, 8.291, 9.386, 9.668, 6.961], [2.964, 1.984, 2.091, 1.73, 1.355, 1.336, 1.566, 2.419, 4.897, 6.464, 7.237, 8.48, 8.997, 5.949, 5.314, 6.22, 5.678, 3.968, 4.86, 6.019, 5.155, 3.053, 2.519, 2.611, 1.839, 0.0, 2.683, 4.85, 6.271, 5.93, 4.181, 4.242, 3.94, 3.947, 4.581, 4.269, 3.565, 3.272, 3.841, 4.682, 4.117, 3.834, 5.643, 6.175, 3.436, 6.956, 10.375, 6.788, 6.02, 7.559, 8.364, 8.123, 9.357, 10.399, 10.625, 10.539, 10.804, 10.722, 10.389, 8.91, 7.777, 7.306, 6.549, 6.119, 5.388, 5.221, 6.314, 6.58, 5.718, 4.821, 3.159, 1.729, 2.365, 3.027, 3.86, 4.871, 4.892, 3.89, 3.326, 4.616, 6.197, 7.26, 7.65, 7.422, 7.058, 7.459, 8.252, 8.066, 6.9, 6.938, 7.47, 8.311, 9.796, 10.262, 10.856, 11.423, 12.495, 11.333, 7.229, 3.078, 1.303, 1.924, 2.278, 3.38, 3.746, 3.088, 3.136, 2.472, 4.087, 4.875, 4.928, 4.034, 3.412, 3.944, 3.936, 4.013, 4.284, 5.41, 4.991, 3.762, 2.701, 1.565, 2.371, 2.916, 5.689, 7.489, 7.463, 5.889, 7.032, 7.534, 7.333, 7.624, 8.208, 8.17, 7.717, 7.069, 6.787, 6.945, 7.069, 7.286, 8.598, 10.009, 9.8, 10.145, 11.183, 10.263, 9.481, 10.178, 9.075, 7.175, 7.906, 8.159, 7.207, 6.765, 7.506, 8.208, 9.381, 9.171, 9.212, 8.94, 8.759, 8.636, 7.337, 6.317, 6.63, 5.003, 3.665, 4.344, 12.453, 17.568, 19.768, 19.967, 19.99, 21.014, 22.141, 22.347, 22.068, 22.166, 23.85, 26.043, 26.747, 26.339, 25.202, 25.103, 25.527, 25.243, 24.611, 24.169, 23.773, 23.016, 22.431, 22.374, 21.906, 19.532, 15.235, 12.658, 11.336, 10.349, 10.824, 9.684, 7.938, 7.61, 7.838, 8.608, 8.77, 6.137], [4.879, 4.292, 4.389, 4.03, 3.265, 3.273, 3.425, 4.702, 7.274, 8.689, 9.417, 10.794, 11.367, 8.264, 7.512, 8.514, 7.813, 6.246, 7.186, 8.318, 7.524, 5.429, 4.796, 5.013, 3.992, 2.683, 0.0, 2.54, 3.846, 3.684, 2.753, 2.818, 2.414, 2.709, 3.294, 3.066, 2.37, 2.471, 3.469, 3.787, 3.278, 3.021, 5.116, 5.347, 4.287, 9.306, 12.726, 9.141, 4.956, 6.313, 7.106, 6.963, 8.225, 9.234, 9.474, 9.323, 9.101, 9.039, 8.502, 7.028, 6.214, 6.009, 5.302, 4.96, 4.19, 3.948, 5.072, 5.428, 4.602, 3.912, 4.314, 2.73, 2.506, 2.594, 2.92, 3.68, 3.74, 3.076, 2.372, 3.407, 5.023, 6.009, 6.269, 6.048, 5.644, 6.064, 6.765, 6.731, 5.698, 5.714, 5.936, 6.304, 7.575, 7.926, 8.609, 9.136, 10.265, 9.128, 5.216, 2.957, 3.124, 3.593, 4.279, 5.639, 5.195, 4.24, 3.59, 3.325, 5.405, 7.0, 6.599, 5.646, 4.848, 5.239, 5.521, 5.472, 6.1, 7.381, 7.027, 5.957, 4.761, 3.133, 3.778, 3.866, 4.618, 6.335, 6.217, 4.624, 5.64, 6.085, 6.067, 6.468, 7.061, 7.066, 6.536, 5.91, 5.671, 5.844, 5.933, 6.118, 7.363, 8.72, 8.406, 8.705, 9.043, 8.067, 7.664, 8.143, 7.573, 5.992, 6.719, 6.891, 6.166, 6.024, 6.482, 7.053, 8.19, 7.859, 7.819, 7.541, 7.293, 7.273, 6.037, 5.176, 5.492, 4.338, 4.365, 3.285, 10.908, 15.584, 17.437, 17.692, 17.704, 18.768, 19.908, 19.994, 19.768, 19.813, 21.588, 23.817, 24.431, 24.018, 22.912, 22.771