[[0.0, 1.825, 2.629, 3.947, 3.681, 3.821, 3.295, 2.432, 2.363, 2.341, 2.865, 3.929, 5.11, 5.048, 5.104, 5.684, 4.256, 2.341, 2.149, 3.486, 3.968, 4.539, 5.827, 5.516, 5.513, 4.326, 2.847, 2.884, 3.333, 3.073, 2.591, 1.728, 2.413, 2.315, 2.778, 4.161, 3.464, 3.38, 3.791, 5.593, 6.987, 5.949, 4.849, 7.208, 11.166, 12.747, 9.915, 7.627, 8.921, 11.015, 10.912, 8.919, 8.161, 8.396, 9.412, 9.502, 8.955, 8.695, 8.767, 8.695, 9.159, 9.16, 9.385, 8.963, 9.36, 9.776, 13.953, 16.444, 16.182, 14.755, 15.852, 16.187, 15.473, 14.318, 14.593, 15.666, 14.665, 13.04, 11.979, 11.095, 11.851, 11.805, 11.011, 10.196, 9.464, 9.251, 10.233, 10.647, 8.779, 6.73, 3.923, 3.53, 3.968, 3.603, 2.975, 2.997, 2.996, 3.262, 3.287, 3.251, 2.838, 3.266, 2.467, 2.049, 2.506, 2.89, 3.244, 5.33, 5.353, 4.127, 3.622, 3.939, 3.545, 3.616, 3.916, 4.778, 4.619, 4.233, 5.468, 4.468, 2.447, 2.698, 2.688, 2.588, 2.184, 1.716, 2.446, 2.525, 2.399, 3.268, 5.127, 5.034, 5.937, 8.247, 11.716, 13.548, 11.785, 11.925, 12.829, 12.767, 13.272, 13.742, 12.993, 12.764, 13.148, 16.254], [1.825, 0.0, 1.704, 2.866, 3.022, 3.2, 2.871, 2.971, 2.858, 2.789, 3.206, 5.019, 6.359, 6.289, 6.354, 6.924, 5.491, 3.629, 3.328, 5.02, 5.488, 6.067, 7.17, 6.83, 6.739, 5.295, 3.598, 3.914, 4.429, 3.798, 3.35, 2.498, 3.092, 2.953, 2.197, 2.861, 2.357, 2.276, 2.358, 4.225, 5.446, 4.318, 3.549, 5.779, 9.741, 11.289, 8.516, 6.253, 7.691, 9.743, 9.549, 7.627, 6.819, 7.138, 8.314, 8.389, 7.807, 7.535, 7.577, 7.556, 7.783, 7.799, 8.1, 7.702, 7.955, 8.545, 12.615, 15.11, 14.88, 13.515, 14.564, 14.672, 14.019, 12.982, 12.959, 14.114, 13.198, 11.393, 10.446, 9.488, 10.466, 10.325, 9.544, 8.82, 8.099, 7.994, 8.973, 9.507, 7.451, 5.255, 3.169, 3.515, 3.951, 3.494, 3.065, 3.578, 3.827, 4.415, 4.71, 4.347, 4.171, 4.779, 3.744, 2.486, 2.355, 3.189, 3.119, 4.108, 4.235, 3.235, 3.23, 3.594, 2.833, 2.615, 2.807, 3.748, 3.778, 3.187, 4.358, 3.243, 1.793, 2.098, 2.094, 1.865, 2.033, 1.753, 1.707, 1.827, 1.933, 2.524, 3.993, 3.983, 4.781, 6.966, 10.397, 12.236, 10.336, 10.367, 11.286, 11.199, 11.764, 12.388, 11.634, 11.201, 11.672, 14.799], [2.629, 1.704, 0.0, 1.849, 1.891, 2.189, 2.266, 3.173, 3.571, 3.851, 4.513, 6.261, 7.599, 7.537, 7.592, 8.186, 6.751, 4.642, 4.318, 5.751, 6.265, 6.753, 8.115, 7.983, 8.007, 6.564, 4.946, 5.16, 5.642, 4.904, 4.594, 3.651, 4.084, 3.583, 2.504, 2.85, 2.855, 3.302, 2.896, 3.347, 4.922, 4.319, 4.332, 5.414, 8.926, 10.393, 7.571, 5.335, 6.655, 8.742, 8.63, 6.731, 5.953, 6.202, 7.292, 7.126, 6.628, 6.423, 6.528, 6.539, 6.828, 6.741, 7.101, 6.617, 7.016, 7.611, 11.657, 14.156, 13.846, 12.424, 13.531, 13.882, 13.145, 12.008, 12.363, 13.471, 12.49, 10.808, 9.906, 8.959, 9.614, 9.549, 8.775, 7.934, 7.243, 6.981, 7.912, 8.366, 6.547, 4.574, 3.678, 4.73, 4.894, 4.348, 3.92, 4.205, 4.513, 5.177, 5.559, 5.169, 4.866, 5.447, 4.442, 3.595, 3.062, 4.135, 4.009, 3.218, 3.394, 3.126, 2.541, 2.863, 2.455, 2.716, 2.455, 2.522, 2.477, 2.109, 3.183, 2.443, 3.005, 3.344, 3.067, 2.495, 3.137, 2.872, 2.459, 2.831, 2.998, 2.796, 3.081, 3.124, 3.984, 6.041, 9.469, 11.189, 9.569, 9.829, 10.738, 10.585, 11.056, 11.409, 10.711, 10.457, 10.882, 13.888], [3.947, 2.866, 1.849, 0.0, 1.235, 1.88, 2.547, 3.855, 4.38, 4.693, 5.337, 7.151, 8.501, 8.437, 8.494, 9.076, 7.685, 5.971, 5.213, 6.32, 7.116, 7.727, 9.081, 8.89, 8.898, 7.484, 5.921, 6.093, 6.425, 5.898, 5.741, 4.886, 5.23, 4.765, 3.477, 3.487, 3.621, 4.106, 3.605, 3.257, 5.173, 4.658, 5.109, 5.483, 8.586, 9.972, 7.009, 4.762, 5.787, 7.969, 8.193, 6.289, 5.498, 5.757, 6.472, 6.132, 5.916, 5.742, 6.001, 5.926, 6.235, 6.18, 6.645, 5.918, 6.428, 7.101, 10.894, 13.318, 13.065, 11.548, 12.866, 13.399, 12.647, 11.518, 12.006, 13.087, 12.234, 10.509, 9.771, 8.615, 9.132, 9.142, 8.319, 7.511, 6.704, 6.296, 7.213, 7.51, 6.016, 4.37, 4.451, 5.918, 6.026, 5.275, 5.101, 5.279, 5.642, 6.193, 6.606, 6.054, 5.765, 6.239, 5.455, 4.422, 3.503, 4.359, 4.287, 3.334, 3.27, 2.692, 2.561, 2.816, 2.386, 2.801, 2.53, 1.872, 1.619, 2.073, 2.886, 2.742, 3.946, 4.409, 4.091, 3.477, 4.257, 4.048, 3.302, 3.978, 4.137, 3.371, 3.069, 3.207, 3.469, 5.502, 8.923, 10.68, 9.16, 9.59, 10.524, 10.191, 10.586, 10.748, 10.236, 9.98, 10.426, 13.317], [3.681, 3.022, 1.891, 1.235, 0.0, 1.679, 2.124, 3.4, 4.043, 4.619, 5.211, 6.8, 8.107, 8.056, 8.107, 8.708, 7.327, 5.653, 4.91, 6.131, 6.83, 7.421, 8.776, 8.5, 8.532, 7.223, 5.756, 5.789, 6.05, 5.826, 5.611, 4.75, 5.333, 4.893, 3.525, 3.509, 3.711, 4.342, 3.792, 3.4, 5.046, 4.793, 5.431, 5.719, 8.553, 9.869, 7.115, 4.856, 6.045, 8.068, 8.12, 6.246, 5.476, 5.706, 6.457, 6.462, 6.026, 5.767, 6.011, 6.009, 6.269, 6.136, 6.464, 6.043, 6.448, 6.913, 11.06, 13.527, 13.251, 11.808, 12.933, 13.301, 12.59, 11.531, 11.945, 12.926, 12.138, 10.468, 9.876, 8.442, 8.975, 9.05, 8.183, 7.293, 6.594, 6.389, 7.273, 7.63, 5.821, 4.471, 4.703, 6.142, 6.247, 5.572, 5.379, 5.627, 5.954, 6.435, 6.505, 6.009, 5.615, 6.053, 5.081, 4.289, 3.565, 4.764, 4.659, 3.351, 3.478, 2.917, 2.862, 2.467, 2.283, 2.682, 2.525, 2.373, 2.031, 2.304, 3.182, 2.767, 4.185, 4.648, 4.291, 3.629, 4.424, 4.119, 3.466, 4.181, 4.323, 3.494, 3.288, 3.304, 3.652, 5.324, 8.792, 10.586, 8.965, 9.477, 10.482, 9.989, 10.403, 10.828, 10.085, 9.866, 10.26, 13.338], [3.821, 3.2, 2.189, 1.88, 1.679, 0.0, 1.394, 3.021, 3.731, 4.213, 4.931, 6.585, 7.907, 7.855, 7.906, 8.517, 7.278, 5.508, 5.117, 6.381, 6.96, 7.464, 8.539, 8.299, 8.373, 7.033, 5.389, 5.671, 6.092, 5.927, 5.519, 4.712, 5.464, 5.21, 4.059, 3.696, 4.017, 4.797, 4.368, 4.062, 5.942, 5.206, 5.724, 5.559, 8.591, 10.188, 7.367, 5.112, 6.301, 8.428, 8.31, 6.336, 5.705, 5.798, 6.639, 6.686, 6.363, 5.946, 6.186, 6.176, 6.707, 6.555, 6.687, 6.397, 6.79, 7.128, 11.329, 13.829, 13.591, 12.065, 13.293, 13.588, 12.921, 11.769, 11.923, 13.024, 12.076, 10.363, 9.28, 8.385, 9.261, 9.212, 8.387, 7.573, 6.866, 6.775, 7.648, 7.954, 6.343, 4.643, 4.709, 5.915, 6.169, 5.687, 5.435, 5.673, 5.797, 6.158, 6.3, 5.987, 5.826, 6.341, 5.325, 4.18, 4.012, 5.196, 5.38, 4.508, 4.427, 3.688, 3.194, 2.902, 2.934, 3.449, 3.182, 2.529, 2.296, 3.012, 3.608, 3.815, 4.479, 4.871, 4.38, 3.813, 4.486, 4.156, 3.962, 4.27, 4.317, 4.155, 4.351, 3.852, 4.279, 5.812, 9.144, 10.884, 9.211, 9.19, 10.089, 10.097, 10.628, 11.189, 10.443, 10.149, 10.568, 13.692], [3.295, 2.871, 2.266, 2.547, 2.124, 1.394, 0.0, 1.848, 2.651, 3.107, 3.864, 5.398, 6.647, 6.631, 6.675, 7.297, 6.113, 4.435, 4.636, 6.076, 6.411, 6.847, 7.575, 7.129, 7.257, 6.029, 4.425, 4.784, 5.335, 5.416, 4.832, 4.096, 4.882, 4.841, 4.063, 3.568, 3.774, 4.726, 4.219, 4.472, 6.146, 5.343, 5.696, 5.746, 9.545, 11.08, 8.322, 6.054, 7.396, 9.443, 9.258, 7.278, 6.434, 6.729, 7.814, 7.902, 7.392, 7.078, 7.206, 7.179, 7.498, 7.383, 7.635, 7.418, 7.662, 8.185, 12.415, 14.914, 14.657, 13.221, 14.327, 14.475, 13.81, 12.717, 12.748, 13.873, 12.94, 11.179, 10.095, 9.192, 10.234, 10.092, 9.245, 8.443, 7.833, 7.737, 8.576, 9.019, 7.119, 5.037, 4.353, 5.19, 5.713, 5.377, 5.16, 5.472, 5.434, 5.781, 5.96, 5.615, 5.332, 5.771, 4.743, 3.689, 3.61, 5.008, 5.159, 4.847, 4.719, 3.695, 3.0, 2.704, 2.805, 3.23, 3.097, 3.059, 3.088, 3.631, 4.157, 3.839, 4.099, 4.45, 3.994, 3.536, 4.026, 3.631, 3.713, 3.944, 3.903, 4.138, 4.536, 4.217, 4.785, 6.597, 10.062, 11.82, 10.078, 9.986, 10.874, 10.927, 11.49, 12.129, 11.398, 10.992, 11.442, 14.601], [2.432, 2.971, 3.173, 3.855, 3.4, 3.021, 1.848, 0.0, 1.267, 1.927, 2.926, 3.761, 4.923, 4.933, 4.952, 5.581, 4.489, 3.151, 3.498, 4.772, 5.081, 5.484, 6.05, 5.569, 5.66, 4.558, 3.205, 3.417, 3.849, 4.308, 3.645, 3.162, 3.945, 4.23, 4.134, 4.134, 3.815, 4.736, 4.485, 5.745, 6.919, 5.822, 5.792, 6.938, 11.188, 12.655, 9.952, 7.706, 9.057, 11.099, 10.881, 8.886, 7.994, 8.394, 9.54, 9.608, 9.087, 8.799, 8.872, 8.843, 9.102, 9.004, 9.358, 9.118, 9.232, 9.911, 14.074, 16.573, 16.31, 14.937, 15.996, 16.107, 15.411, 14.379, 14.313, 15.419, 14.513, 12.646, 11.566, 10.771, 11.863, 11.662, 10.808, 10.034, 9.487, 9.382, 10.236, 10.75, 8.671, 6.37, 4.704, 4.888, 5.573, 5.356, 4.977, 4.905, 4.629, 4.761, 4.78, 4.471, 4.073, 4.472, 3.411, 3.025, 3.009, 4.27, 4.88, 5.604, 5.559, 3.875, 3.168, 3.113, 3.114, 3.539, 3.605, 4.46, 4.526, 4.612, 5.592, 4.724, 3.697, 3.81, 3.548, 3.16, 3.376, 3.033, 3.653, 3.735, 3.57, 4.183, 5.437, 5.161, 6.005, 8.237, 11.709, 13.529, 11.637, 11.479, 12.302, 12.417, 13.071, 13.755, 13.057, 12.559, 13.037, 16.236], [2.363, 2.858, 3.571, 4.38, 4.043, 3.731, 2.651, 1.267, 0.0, 1.318, 2.125, 3.014, 4.242, 4.241, 4.234, 4.872, 3.883, 2.727, 3.1, 4.293, 4.679, 5.005, 5.585, 5.083, 5.072, 4.02, 2.699, 2.854, 3.297, 3.813, 3.173, 2.606, 3.431, 3.821, 3.918, 4.734, 4.008, 4.399, 4.546, 6.33, 7.362, 6.147, 5.502, 7.62, 11.869, 13.295, 10.606, 8.374, 9.77, 11.78, 11.559, 9.517, 8.625, 9.114, 10.26, 10.327, 9.806, 9.518, 9.586, 9.559, 9.783, 9.692, 10.052, 9.837, 9.839, 10.606, 14.754, 17.265, 17.029, 15.656, 16.713, 16.746, 16.042, 15.086, 14.965, 16.139, 15.152, 13.229, 12.155, 11.412, 12.538, 12.254, 11.429, 10.747, 10.175, 10.069, 10.949, 11.469, 9.321, 6.932, 4.752, 4.499, 5.248, 5.085, 4.575, 4.447, 4.169, 4.396, 4.421, 4.075, 3.704, 4.188, 3.082, 2.571, 2.461, 3.732, 4.36, 5.993, 6.086, 4.152, 3.552, 3.811, 3.796, 3.844, 4.223, 5.183, 5.224, 5.067, 6.32, 5.125, 3.148, 3.224, 3.23, 2.896, 2.845, 2.617, 3.426, 3.204, 3.126, 4.091, 5.985, 5.874, 6.718, 8.9, 12.373, 14.221, 12.218, 12.047, 12.894, 12.988, 13.691, 14.416, 13.766, 13.164, 13.658, 16.904], [2.341, 2.789, 3.851, 4.693, 4.619, 4.213, 3.107, 1.927, 1.318, 0.0, 1.481, 2.819, 4.08, 4.113, 4.141, 4.755, 3.755, 2.333, 3.036, 4.397, 4.705, 5.129, 5.642, 5.101, 4.949, 3.527, 2.16, 2.7, 3.302, 3.316, 2.573, 2.026, 2.693, 3.284, 3.913, 4.895, 4.086, 4.144, 4.539, 6.503, 7.493, 6.285, 5.163, 7.641, 12.034, 13.451, 10.767, 8.536, 9.94, 11.936, 11.714, 9.662, 8.781, 9.269, 10.415, 10.501, 9.98, 9.692, 9.758, 9.73, 9.948, 9.86, 10.22, 10.011, 9.995, 10.78, 14.918, 17.431, 17.2, 15.83, 16.884, 16.904, 16.191, 15.253, 15.121, 16.294, 15.307, 13.347, 12.269, 11.568, 12.702, 12.378, 11.584, 10.903, 10.34, 10.238, 11.111, 11.638, 9.489, 7.066, 3.911, 3.566, 4.284, 4.17, 3.732, 3.671, 3.536, 3.819, 4.191, 3.646, 3.543, 4.079, 3.029, 2.149, 2.416, 3.248, 3.961, 6.159, 6.256, 4.298, 3.711, 4.037, 3.896, 3.965, 4.372, 5.313, 5.461, 5.227, 6.485, 5.28, 2.794, 2.839, 3.118, 2.94, 2.543, 2.332, 3.198, 3.028, 2.745, 4.13, 6.159, 6.048, 6.887, 9.062, 12.535, 14.395, 12.342, 12.183, 12.974, 13.127, 13.823, 14.574, 13.936, 13.288, 13.794, 17.067], [2.865, 3.206, 4.513, 5.337, 5.211, 4.931, 3.864, 2.926, 2.125, 1.481, 0.0, 2.153, 3.315, 3.26, 3.303, 3.953, 3.011, 2.43, 2.879, 3.935, 4.278, 4.674, 5.132, 4.569, 4.193, 2.935, 2.143, 2.235, 2.965, 3.198, 2.452, 2.152, 2.603, 3.027, 4.658, 5.75, 4.938, 4.694, 5.311, 7.358, 8.309, 7.123, 6.026, 8.496, 12.889, 14.306, 11.621, 9.391, 10.795, 12.791, 12.569, 10.517, 9.636, 10.126, 11.276, 11.363, 10.836, 10.554, 10.613, 10.585, 10.803, 10.723, 11.082, 10.871, 10.849, 11.642, 15.773, 18.285, 18.055, 16.69, 17.739, 17.759, 17.046, 16.11, 15.976, 17.149, 16.162, 14.116, 13.105, 12.423, 13.557, 13.218, 12.439, 11.757, 11.195, 11.092, 11.966, 12.502, 10.352, 7.913, 4.684, 3.283, 3.89, 3.995, 3.457, 3.307, 3.347, 3.592, 3.964, 3.555, 3.425, 3.878, 2.792, 2.186, 2.862, 3.014, 3.916, 7.023, 7.122, 5.211, 4.738, 5.052, 4.823, 4.851, 5.266, 6.194, 6.331, 6.094, 7.347, 6.134, 3.244, 3.111, 3.701, 3.765, 2.911, 2.902, 3.886, 3.52, 3.135, 4.922, 7.015, 6.908, 7.742, 9.917, 13.39, 15.257, 13.185, 12.994, 13.783, 13.943, 14.678, 15.429, 14.791, 14.139, 14.649, 17.922], [3.929, 5.019, 6.261, 7.151, 6.8, 6.585, 5.398, 3.761, 3.014, 2.819, 2.153, 0.0, 1.537, 1.555, 1.842, 2.533, 2.228, 2.629, 2.751, 2.937, 3.252, 3.642, 3.65, 3.198, 2.582, 1.73, 2.049, 1.933, 1.979, 2.737, 2.488, 3.162, 3.117, 3.941, 6.475, 7.594, 6.788, 6.489, 7.142, 9.19, 10.187, 8.973, 7.843, 10.344, 14.729, 16.153, 13.466, 11.234, 12.63, 14.638, 14.417, 12.367, 11.486, 11.974, 13.118, 13.187, 12.666, 12.378, 12.446, 12.419, 12.643, 12.553, 12.907, 12.697, 12.699, 13.466, 17.614, 20.125, 19.89, 18.516, 19.573, 19.606, 18.896, 17.939, 17.822, 18.985, 18.01, 15.985, 14.964, 14.269, 15.398, 15.079, 14.289, 13.591, 13.035, 12.93, 13.802, 14.33, 12.182, 9.755, 5.945, 3.884, 4.554, 5.092, 4.452, 3.878, 3.365, 2.883, 3.08, 2.747, 3.017, 3.057, 2.518, 3.539, 4.381, 4.14, 5.502, 8.843, 8.945, 6.94, 6.357, 6.627, 6.638, 6.642, 7.063, 8.019, 8.084, 7.913, 9.175, 7.974, 5.077, 4.983, 5.549, 5.617, 4.716, 4.514, 5.676, 5.362, 4.938, 6.758, 8.845, 8.735, 9.578, 11.76, 15.233, 17.081, 15.043, 14.861, 15.657, 15.791, 16.528, 17.273, 16.627, 15.99, 16.499, 19.764], [5.11, 6.359, 7.599, 8.501, 8.107, 7.907, 6.647, 4.923, 4.242, 4.08, 3.315, 1.537, 0.0, 0.862, 1.262, 1.58, 1.696, 3.327, 3.782, 2.871, 2.862, 2.87, 2.718, 2.45, 1.727, 1.979, 3.076, 2.605, 2.314, 3.352, 3.631, 4.487, 4.355, 5.095, 7.813, 8.932, 8.121, 7.814, 8.48, 10.527, 11.496, 10.306, 9.165, 11.678, 16.067, 17.488, 14.804, 12.571, 13.968, 15.973, 15.752, 13.7, 12.819, 13.307, 14.453, 14.525, 14.003, 13.715, 13.784, 13.757, 13.98, 13.886, 14.246, 14.035, 14.032, 14.804, 18.952, 21.462, 21.227, 19.854, 20.91, 20.941, 20.229, 19.277, 19.159, 20.322, 19.345, 17.294, 16.288, 15.606, 16.735, 16.4, 15.622, 14.929, 14.372, 14.267, 15.139, 15.662, 13.515, 11.084, 7.278, 4.847, 5.506, 6.111, 5.545, 4.811, 4.239, 3.417, 3.068, 3.382, 3.388, 2.929, 3.439, 4.8, 5.689, 5.346, 6.827, 10.181, 10.284, 8.243, 7.611, 7.913, 7.949, 7.982, 8.403, 9.359, 9.423, 9.252, 10.514, 9.312, 6.388, 6.292, 6.882, 6.947, 6.049, 5.852, 6.997, 6.699, 6.275, 8.095, 10.183, 10.072, 10.916, 13.098, 16.57, 18.419, 16.368, 16.176, 16.966, 17.124, 17.86, 18.61, 17.964, 17.322, 17.832, 21.102], [5.048, 6.289, 7.537, 8.437, 8.056, 7.855, 6.631, 4.933, 4.241, 4.113, 3.26, 1.555, 0.862, 0.0, 1.065, 1.681, 1.704, 3.387, 3.735, 2.869, 2.916, 3.087, 2.991, 2.698, 1.97, 1.852, 3.007, 2.591, 2.36, 3.353, 3.564, 4.428, 4.287, 5.043, 7.759, 8.864, 8.052, 7.744, 8.424, 10.472, 11.423, 10.237, 9.096, 11.609, 16.003, 17.419, 14.735, 12.505, 13.908, 15.905, 15.683, 13.631, 12.75, 13.238, 14.384, 14.482, 13.949, 13.661, 13.727, 13.699, 13.916, 13.83, 14.202, 13.981, 13.963, 14.75, 18.887, 21.399, 21.169, 19.8, 20.853, 20.873, 20.16, 19.223, 19.09, 20.263, 19.276, 17.205, 16.219, 15.537, 16.67, 16.331, 15.553, 14.871, 14.309, 14.206, 15.082, 15.608, 13.459, 11.029, 7.212, 4.766, 5.486, 6.069, 5.484, 4.799, 4.203, 3.406, 3.091, 3.443, 3.471, 3.096, 3.472, 4.856, 5.75, 5.322, 6.798, 10.13, 10.241, 8.246, 7.689, 8.003, 7.997, 7.981, 8.396, 9.356, 9.371, 9.201, 10.48, 9.248, 6.319, 6.192, 6.813, 6.879, 5.98, 5.784, 6.943, 6.63, 6.219, 8.035, 10.129, 10.018, 10.856, 13.031, 16.504, 18.37, 16.299, 16.107, 16.897, 17.055, 17.792, 18.543, 17.905, 17.253, 17.763, 21.036], [5.104, 6.354, 7.592, 8.494, 8.107, 7.906, 6.675, 4.952, 4.234, 4.141, 3.303, 1.842, 1.262, 1.065, 0.0, 1.522, 1.817, 3.3, 3.85, 3.237, 3.017, 3.243, 2.953, 2.644, 2.378, 2.372, 3.128, 2.743, 2.516, 3.708, 3.711, 4.5, 4.391, 5.24, 7.814, 8.933, 8.12, 7.799, 8.481, 10.529, 11.505, 10.312, 9.177, 11.683, 16.068, 17.491, 14.805, 12.573, 13.969, 15.981, 15.76, 13.706, 12.82, 13.32, 14.462, 14.526, 14.004, 13.716, 13.785, 13.758, 13.981, 13.896, 14.25, 14.036, 14.034, 14.805, 18.953, 21.463, 21.228, 19.855, 20.911, 20.945, 20.234, 19.278, 19.16, 20.323, 19.348, 17.287, 16.299, 15.608, 16.737, 16.412, 15.625, 14.93, 14.373, 14.268, 15.151, 15.675, 13.528, 11.097, 7.319, 5.287, 5.919, 6.34, 5.74, 5.068, 4.451, 3.84, 3.393, 3.735, 3.582, 3.497, 3.632, 4.855, 5.709, 5.39, 6.835, 10.18, 10.283, 8.269, 7.651, 7.956, 7.993, 7.99, 8.422, 9.381, 9.422, 9.251, 10.518, 9.313, 6.401, 6.274, 6.89, 6.958, 6.049, 5.853, 6.998, 6.7, 6.276, 8.097, 10.184, 10.073, 10.917, 13.099, 16.571, 18.42, 16.379, 16.189, 16.979, 17.132, 17.869, 18.612, 17.965, 17.332, 17.839, 21.103], [5.684, 6.924, 8.186, 9.076, 8.708, 8.517, 7.297, 5.581, 4.872, 4.755, 3.953, 2.533, 1.58, 1.681, 1.522, 0.0, 1.597, 3.808, 4.36, 3.098, 2.401, 2.28, 2.126, 1.856, 1.894, 2.798, 3.64, 3.077, 2.691, 3.952, 4.218, 5.08, 4.932, 5.673, 8.398, 9.498, 8.687, 8.387, 9.059, 11.107, 12.058, 10.872, 9.731, 12.244, 16.637, 18.054, 15.37, 13.139, 14.543, 16.539, 16.318, 14.266, 13.384, 13.884, 15.035, 15.117, 14.584, 14.302, 14.361, 14.334, 14.551, 14.482, 14.836, 14.619, 14.598, 15.396, 19.521, 22.034, 21.803, 20.438, 21.488, 21.507, 20.794, 19.858, 19.724, 20.897, 19.91, 17.84, 16.854, 16.171, 17.305, 16.966, 16.188, 15.506, 14.943, 14.841, 15.714, 16.26, 14.111, 11.671, 7.943, 5.798, 6.038, 6.768, 6.177, 5.451, 4.857, 3.998, 3.591, 4.028, 4.014, 3.374, 4.045, 5.448, 6.333, 5.944, 7.426, 10.782, 10.884, 8.861, 8.267, 8.568, 8.579, 8.585, 9.001, 9.949, 10.023, 9.852, 11.107, 9.883, 6.954, 6.827, 7.448, 7.513, 6.615, 6.419, 7.581, 7.265, 6.853, 8.67, 10.764, 10.656, 11.49, 13.665, 17.138, 19.008, 16.933, 16.742, 17.532, 17.689, 18.426, 19.177, 18.54, 17.888, 18.397, 21.67], [4.256, 5.491, 6.751, 7.685, 7.327, 7.278, 6.113, 4.489, 3.883, 3.755, 3.011, 2.228, 1.696, 1.704, 1.817, 1.597, 0.0, 2.502, 3.03, 2.346, 2.247, 2.361, 2.721, 2.244, 2.01, 2.119, 2.669, 1.92, 1.918, 2.912, 3.1, 3.728, 3.739, 4.285, 6.966, 8.066, 7.254, 6.955, 7.626, 9.674, 10.625, 9.439, 8.298, 10.811, 15.205, 16.621, 13.937, 11.707, 13.111, 15.107, 14.885, 12.833, 11.952, 12.448, 13.599, 13.684, 13.152, 12.869, 12.929, 12.901, 13.118, 13.046, 13.403, 13.187, 13.165, 13.963, 18.089, 20.601, 20.371, 19.006, 20.055, 20.075, 19.362, 18.425, 18.292, 19.465, 18.478, 16.408, 15.421, 14.739, 15.873, 15.533, 14.755, 14.073, 13.511, 13.408, 14.282, 14.824, 12.675, 10.235, 6.845, 4.943, 5.191, 5.762, 5.196, 4.475, 3.795, 3.136, 2.664, 3.205, 2.844, 2.589, 2.838, 4.291, 5.162, 4.542, 6.012, 9.346, 9.448, 7.673, 7.137, 7.381, 7.166, 7.213, 7.594, 8.536, 8.587, 8.416, 9.671, 8.45, 5.521, 5.394, 6.015, 6.081, 5.182, 4.986, 6.148, 5.832, 5.421, 7.238, 9.331, 9.224, 10.058, 12.233, 15.706, 17.575, 15.501, 15.31, 16.099, 16.257, 16.994, 17.745, 17.107, 16.455, 16.965, 20.238], [2.341, 3.629, 4.642, 5.971, 5.653, 5.508, 4.435, 3.151, 2.727, 2.333, 2.43, 2.629, 3.327, 3.387, 3.3, 3.808, 2.502, 0.0, 1.857, 3.314, 3.183, 3.699, 4.512, 4.024, 3.73, 2.566, 1.819, 1.725, 2.29, 2.324, 1.947, 1.983, 2.305, 2.941, 4.642, 5.783, 5.005, 4.924, 5.456, 7.37, 8.489, 7.435, 6.306, 8.663, 12.884, 14.331, 11.614, 9.383, 10.787, 12.787, 12.572, 10.51, 9.703, 10.133, 11.283, 11.361, 10.828, 10.564, 10.605, 10.578, 10.818, 10.821, 11.096, 10.863, 10.937, 11.64, 15.765, 18.278, 18.047, 16.683, 17.732, 17.8, 17.062, 16.102, 16.16, 17.302, 16.231, 14.511, 13.421, 12.591, 13.549, 13.307, 12.563, 11.821, 11.187, 11.085, 11.959, 12.508, 10.367, 8.125, 4.88, 3.939, 4.157, 4.447, 3.865, 3.232, 2.551, 2.548, 2.458, 2.628, 2.307, 2.96, 2.24, 2.888, 3.211, 3.203, 4.09, 7.034, 7.187, 5.835, 5.195, 5.323, 5.149, 5.215, 5.472, 6.483, 6.435, 6.103, 7.355, 6.127, 3.568, 3.496, 3.811, 3.93, 3.125, 3.026, 4.058, 3.624, 3.333, 4.918, 7.008, 6.913, 7.735, 9.917, 13.382, 15.332, 13.311, 13.337, 14.226, 14.252, 14.773, 15.421, 14.784, 14.27, 14.69, 17.927], [2.149, 3.328, 4.318, 5.213, 4.91, 5.117, 4.636, 3.498, 3.1, 3.036, 2.879, 2.751, 3.782, 3.735, 3.85, 4.36, 3.03, 1.857, 0.0, 2.156, 2.836, 3.375, 4.525, 4.181, 4.181, 2.854, 1.64, 1.552, 1.779, 1.657, 1.346, 1.753, 1.716, 1.982, 4.044, 5.357, 4.668, 4.404, 4.955, 6.831, 8.146, 7.122, 6.092, 8.742, 12.392, 13.973, 11.195, 8.916, 10.25, 12.291, 12.124, 10.163, 9.33, 9.632, 10.694, 10.793, 10.274, 9.953, 10.067, 10.03, 10.39, 10.294, 10.546, 10.274, 10.555, 11.045, 15.268, 17.767, 17.513, 16.081, 17.181, 17.356, 16.703, 15.583, 15.736, 16.825, 15.84, 14.184, 13.199, 12.266, 13.095, 12.985, 12.171, 11.38, 10.693, 10.559, 11.515, 11.927, 9.992, 7.888, 5.218, 3.661, 3.861, 4.048, 3.077, 2.404, 2.031, 2.136, 1.947, 1.676, 1.495, 2.016, 1.206, 2.112, 2.687, 2.083, 3.393, 6.516, 6.577, 5.193, 4.592, 4.749, 4.594, 4.673, 5.013, 5.901, 5.747, 5.498, 6.755, 5.678, 3.369, 3.287, 3.679, 3.668, 2.861, 2.705, 3.498, 3.527, 3.032, 4.391, 6.453, 6.314, 7.259, 9.458, 12.95, 14.735, 12.975, 13.09, 13.999, 13.909, 14.417, 15.006, 14.275, 13.927, 14.334, 17.483], [3.486, 5.02, 5.751, 6.32, 6.131, 6.381, 6.076, 4.772, 4.293, 4.397, 3.935, 2.937, 2.871, 2.869, 3.237, 3.098, 2.346, 3.314, 2.156, 0.0, 1.527, 1.773, 2.848, 2.789, 2.9, 2.944, 2.717, 2.261, 1.87, 2.168, 2.798, 3.516, 3.153, 3.278, 5.846, 7.328, 6.626, 6.375, 6.955, 8.757, 10.151, 9.129, 8.064, 10.637, 14.33, 15.893, 13.028, 10.7, 11.971, 14.106, 14.03, 12.019, 11.284, 11.472, 12.358, 12.342, 11.955, 11.694, 11.86, 11.745, 12.271, 12.208, 12.423, 11.985, 12.514, 12.856, 17.062, 19.492, 19.225, 17.748, 18.975, 19.352, 18.611, 17.425, 17.758, 18.83, 17.83, 16.205, 15.18, 14.254, 15.015, 14.969, 14.176, 13.345, 12.611, 12.345, 13.29, 13.626, 11.899, 9.839, 6.91, 4.65, 4.267, 5.066, 4.183, 3.099, 2.805, 2.271, 1.882, 2.034, 2.008, 1.504, 1.999, 3.524, 4.188, 3.395, 4.983, 8.376, 8.243, 6.341, 5.87, 6.299, 6.151, 6.225, 6.655, 7.272, 7.264, 7.072, 8.39, 7.548, 5.306, 5.202, 5.558, 5.676, 4.787, 4.568, 5.462, 5.412, 4.916, 6.177, 8.17, 8.088, 8.921, 11.364, 14.839, 16.614, 14.948, 15.081, 15.983, 15.931, 16.432, 16.87, 16.12, 15.928, 16.312, 19.403], [3.968, 5.488, 6.265, 7.116, 6.83, 6.96, 6.411, 5.081, 4.679, 4.705, 4.278, 3.252, 2.862, 2.916, 3.017, 2.401, 2.247, 3.183, 2.836, 1.527, 0.0, 1.191, 2.186, 2.203, 2.67, 2.828, 3.004, 2.209, 1.993, 2.466, 3.168, 3.929, 3.533, 3.779, 6.525, 7.996, 7.309, 7.062, 7.606, 9.377, 10.775, 9.802, 8.704, 11.083, 14.955, 16.547, 13.702, 11.418, 12.703, 14.812, 14.713, 12.685, 11.942, 12.182, 13.103, 13.113, 12.683, 12.372, 12.516, 12.457, 12.952, 12.851, 13.073, 12.716, 13.159, 13.509, 17.746, 20.224, 19.955, 18.474, 19.629, 19.971, 19.272, 18.105, 18.377, 19.467, 18.516, 16.839, 15.917, 14.958, 15.638, 15.589, 14.796, 13.965, 13.249, 13.048, 13.992, 14.383, 12.568, 10.516, 7.329, 5.093, 4.84, 5.521, 4.646, 3.648, 3.248, 2.697, 2.25, 2.501, 2.357, 2.022, 2.338, 4.002, 4.756, 4.127, 5.737, 9.042, 8.961, 7.005, 6.353, 6.904, 6.85, 6.923, 7.361, 7.974, 8.034, 7.848, 9.072, 8.209, 5.871, 5.761, 6.283, 6.357, 5.34, 5.005, 6.042, 5.962, 5.562, 6.862, 8.884, 8.728, 9.64, 12.012, 15.479, 17.274, 15.585, 15.846, 16.741, 16.564, 17.057, 17.53, 16.78, 16.548, 16.94, 20.053], [4.539, 6.067, 6.753, 7.727, 7.421, 7.464, 6.847, 5.484, 5.005, 5.129, 4.674, 3.642, 2.87, 3.087, 3.243, 2.28, 2.361, 3.699, 3.375, 1.773, 1.191, 0.0, 1.525, 1.871, 2.282, 3.384, 3.516, 2.683, 2.405, 3.157, 3.763, 4.459, 4.158, 4.398, 7.125, 8.535, 7.845, 7.581, 8.174, 9.991, 11.355, 10.33, 9.199, 11.539, 15.582, 17.097, 14.291, 12.024, 13.353, 15.433, 15.296, 13.292, 12.504, 12.738, 13.78, 13.744, 13.277, 13.048, 13.175, 13.13, 13.487, 13.409, 13.657, 13.324, 13.718, 14.152, 18.404, 20.875, 20.566, 19.143, 20.262, 20.57, 19.815, 18.687, 18.962, 20.044, 19.034, 17.409, 16.389, 15.491, 16.279, 16.173, 15.38, 14.549, 13.877, 13.692, 14.544, 15.023, 13.129, 11.057, 7.868, 5.736, 5.239, 6.035, 5.292, 4.369, 3.734, 3.297, 2.707, 3.224, 2.921, 2.273, 2.934, 4.56, 5.355, 4.792, 6.344, 9.607, 9.577, 7.601, 7.037, 7.516, 7.45, 7.534, 7.955, 8.578, 8.611, 8.364, 9.699, 8.756, 6.432, 6.306, 6.785, 6.826, 5.84, 5.558, 6.627, 6.435, 6.001, 7.53, 9.501, 9.402, 10.3, 12.637, 16.061, 17.824, 16.152, 16.33, 17.238, 17.135, 17.636, 18.12, 17.387, 17.132, 17.516, 20.62], [5.827, 7.17, 8.115, 9.081, 8.776, 8.539, 7.575, 6.05, 5.585, 5.642, 5.132, 3.65, 2.718, 2.991, 2.953, 2.126, 2.721, 4.512, 4.525, 2.848, 2.186, 1.525, 0.0, 1.089, 2.067, 3.478, 4.04, 3.474, 3.08, 4.158, 4.575, 5.487, 5.229, 5.727, 8.454, 9.81, 9.056, 8.622, 9.279, 11.283, 12.551, 11.344, 10.235, 12.598, 16.91, 18.417, 15.686, 13.419, 14.748, 16.797, 16.622, 14.642, 13.756, 14.097, 15.145, 15.123, 14.672, 14.375, 14.528, 14.501, 14.838, 14.64, 14.948, 14.719, 14.994, 15.493, 19.772, 22.27, 21.961, 20.538, 21.645, 21.839, 21.159, 20.082, 20.054, 21.169, 20.275, 18.452, 17.371, 16.532, 17.599, 17.424, 16.569, 15.782, 15.189, 15.055, 15.921, 16.387, 14.438, 12.141, 8.234, 5.957, 5.787, 6.71, 6.129, 5.299, 4.71, 3.832, 3.463, 3.979, 4.144, 3.526, 4.146, 5.722, 6.611, 6.118, 7.685, 10.925, 10.931, 8.883, 8.264, 8.783, 8.766, 8.856, 9.282, 9.911, 9.975, 9.726, 11.067, 10.143, 7.481, 7.388, 7.849, 7.952, 7.0, 6.737, 7.832, 7.6, 7.107, 8.895, 10.896, 10.741, 11.695, 13.958, 17.426, 19.063, 17.399, 17.269, 18.125, 18.211, 18.832, 19.493, 18.762, 18.32, 18.799, 21.965], [5.516, 6.83, 7.983, 8.89, 8.5, 8.299, 7.129, 5.569, 5.083, 5.101, 4.569, 3.198, 2.45, 2.698, 2.644, 1.856, 2.244, 4.024, 4.181, 2.789, 2.203, 1.871, 1.089, 0.0, 1.94, 2.957, 3.613, 3.037, 2.696, 3.754, 4.206, 5.046, 4.842, 5.465, 8.209, 9.434, 8.632, 8.241, 8.905, 10.956, 12.127, 10.936, 9.827, 12.208, 16.547, 18.009, 15.308, 13.066, 14.418, 16.459, 16.236, 14.242, 13.331, 13.744, 14.839, 14.938, 14.411, 14.116, 14.22, 14.197, 14.458, 14.287, 14.657, 14.435, 14.57, 15.217, 19.437, 21.935, 21.669, 20.255, 21.346, 21.464, 20.766, 19.695, 19.669, 20.788, 19.867, 18.043, 16.963, 16.12, 17.219, 16.999, 16.145, 15.369, 14.849, 14.728, 15.592, 16.052, 14.029, 11.701, 7.839, 5.671, 5.748, 6.604, 5.937, 5.148, 4.664, 3.707, 3.233, 3.807, 3.929, 3.489, 3.932, 5.412, 6.288, 5.81, 7.339, 10.574, 10.681, 8.703, 8.211, 8.526, 8.445, 8.505, 8.932, 9.794, 9.815, 9.645, 10.936, 9.786, 7.073, 6.98, 7.434, 7.527, 6.576, 6.349, 7.408, 7.205, 6.709, 8.55, 10.599, 10.47, 11.368, 13.596, 17.064, 18.828, 16.974, 16.858, 17.694, 17.802, 18.416, 19.11, 18.413, 17.896, 18.383, 21.591], [5.513, 6.739, 8.007, 8.898, 8.532, 8.373, 7.257, 5.66, 5.072, 4.949, 4.193, 2.582, 1.727, 1.97, 2.378, 1.894, 2.01, 3.73, 4.181, 2.9, 2.67, 2.282, 2.067, 1.94, 0.0, 2.18, 3.54, 3.009, 2.701, 3.776, 4.067, 4.973, 4.756, 5.49, 8.214, 9.324, 8.536, 8.245, 8.874, 10.922, 12.029, 10.798, 9.679, 12.097, 16.453, 17.898, 15.197, 12.955, 14.358, 16.361, 16.139, 14.131, 13.234, 13.706, 14.857, 14.932, 14.4, 14.117, 14.177, 14.149, 14.366, 14.33, 14.653, 14.435, 14.472, 15.211, 19.337, 21.849, 21.619, 20.254, 21.303, 21.353, 20.656, 19.673, 19.558, 20.713, 19.757, 17.895, 16.815, 16.01, 17.12, 16.902, 16.047, 15.323, 14.759, 14.656, 15.533, 16.082, 13.953, 11.637, 7.689, 5.241, 5.631, 6.509, 5.986, 5.28, 4.68, 3.777, 3.341, 3.986, 4.023, 3.493, 4.072, 5.511, 6.386, 5.819, 7.318, 10.604, 10.716, 8.864, 8.375, 8.644, 8.518, 8.502, 8.919, 9.843, 9.845, 9.674, 10.935, 9.698, 6.946, 6.838, 7.323, 7.43, 6.478, 6.241, 7.416, 7.094, 6.669, 8.485, 10.579, 10.472, 11.306, 13.485, 16.954, 18.823, 16.877, 16.719, 17.552, 17.657, 18.31, 18.999, 18.355, 17.798, 18.277, 21.486], [4.326, 5.295, 6.564, 7.484, 7.223, 7.033, 6.029, 4.558, 4.02, 3.527, 2.935, 1.73, 1.979, 1.852, 2.372, 2.798, 2.119, 2.566, 2.854, 2.944, 2.828, 3.384, 3.478, 2.957, 2.18, 0.0, 2.086, 1.891, 1.963, 2.086, 2.591, 3.513, 3.266, 3.968, 6.67, 7.817, 7.032, 6.706, 7.331, 9.379, 10.527, 9.295, 8.168, 10.591, 14.93, 16.393, 13.691, 11.449, 12.815, 14.872, 14.649, 12.639, 11.748, 12.187, 13.337, 13.406, 12.857, 12.574, 12.634, 12.606, 12.846, 12.814, 13.134, 12.891, 12.969, 13.668, 17.82, 20.318, 20.075, 18.711, 19.76, 19.847, 19.149, 18.13, 18.052, 19.17, 18.251, 16.381, 15.302, 14.508, 15.602, 15.399, 14.545, 13.784, 13.244, 13.123, 14.01, 14.562, 12.471, 10.162, 6.173, 3.382, 4.133, 4.952, 4.391, 3.61, 3.154, 2.294, 2.109, 2.4, 2.96, 3.369, 2.937, 4.118, 4.976, 4.317, 5.844, 9.084, 9.201, 7.473, 6.947, 7.203, 7.025, 7.033, 7.461, 8.352, 8.338, 8.155, 9.415, 8.169, 5.467, 5.335, 5.821, 5.929, 4.976, 4.732, 5.876, 5.588, 5.126, 6.942, 9.036, 8.929, 9.771, 11.992, 15.447, 17.286, 15.374, 15.216, 16.008, 16.154, 16.808, 17.493, 16.812, 16.296, 16.774, 19.974], [2.847, 3.598, 4.946, 5.921, 5.756, 5.389, 4.425, 3.205, 2.699, 2.16, 2.143, 2.049, 3.076, 3.007, 3.128, 3.64, 2.669, 1.819, 1.64, 2.717, 3.004, 3.516, 4.04, 3.613, 3.54, 2.086, 0.0, 1.342, 1.616, 1.562, 1.007, 1.692, 1.504, 2.348, 4.766, 5.875, 5.11, 4.831, 5.423, 7.47, 8.605, 7.398, 6.28, 8.67, 13.001, 14.471, 11.748, 9.507, 10.907, 12.938, 12.717, 10.716, 9.832, 10.284, 11.434, 11.503, 10.948, 10.666, 10.725, 10.697, 10.926, 10.931, 11.231, 10.983, 11.047, 11.765, 15.885, 18.397, 18.167, 16.802, 17.851, 17.904, 17.213, 16.222, 16.11, 17.271, 16.329, 14.504, 13.42, 12.586, 13.669, 13.477, 12.623, 11.895, 11.325, 11.22, 12.114, 12.66, 10.534, 8.253, 4.637, 3.143, 3.449, 3.777, 3.007, 2.475, 1.935, 2.027, 2.31, 1.931, 2.209, 2.671, 1.907, 2.228, 3.102, 2.639, 3.91, 7.193, 7.305, 5.54, 5.037, 5.206, 5.135, 5.081, 5.494, 6.429, 6.434, 6.252, 7.512, 6.247, 3.56, 3.43, 3.902, 4.013, 3.054, 2.79, 3.988, 3.653, 3.228, 5.034, 7.127, 7.02, 7.854, 10.056, 13.505, 15.383, 13.452, 13.31, 14.198, 14.253, 14.891, 15.555, 14.903, 14.374, 14.852, 18.034], [2.884, 3.914, 5.16, 6.093, 5.789, 5.671, 4.784, 3.417, 2.854, 2.7, 2.235, 1.933, 2.605, 2.591, 2.743, 3.077, 1.92, 1.725, 1.552, 2.261, 2.209, 2.683, 3.474, 3.037, 3.009, 1.891, 1.342, 0.0, 1.169, 1.693, 1.573, 2.157, 2.229, 2.849, 5.343, 6.487, 5.67, 5.368, 6.013, 8.051, 9.139, 7.978, 6.875, 9.277, 13.599, 15.061, 12.36, 10.119, 11.487, 13.535, 13.312, 11.302, 10.388, 10.852, 12.003, 12.071, 11.529, 11.246, 11.306, 11.278, 11.51, 11.45, 11.799, 11.564, 11.598, 12.34, 16.489, 18.988, 18.748, 17.383, 18.432, 18.516, 17.819, 16.802, 16.722, 17.854, 16.92, 15.07, 13.995, 13.224, 14.272, 14.031, 13.191, 12.45, 11.907, 11.789, 12.678, 13.228, 11.134, 8.771, 5.497, 3.838, 3.999, 4.411, 3.719, 3.061, 2.376, 2.145, 2.109, 2.078, 2.037, 2.325, 1.649, 2.695, 3.563, 3.064, 4.497, 7.75, 7.869, 6.047, 5.509, 5.756, 5.682, 5.671, 6.098, 7.014, 6.997, 6.82, 8.08, 6.839, 4.107, 3.982, 4.568, 4.569, 3.603, 3.402, 4.525, 4.258, 3.814, 5.614, 7.708, 7.601, 8.435, 10.655, 14.117, 15.952, 13.995, 13.942, 14.835, 14.805, 15.468, 16.163, 15.484, 14.941, 15.436, 18.644], [3.333, 4.429, 5.642, 6.425, 6.05, 6.092, 5.335, 3.849, 3.297, 3.302, 2.965, 1.979, 2.314, 2.36, 2.516, 2.691, 1.918, 2.29, 1.779, 1.87, 1.993, 2.405, 3.08, 2.696, 2.701, 1.963, 1.616, 1.169, 0.0, 1.881, 2.014, 2.714, 2.613, 3.143, 5.718, 6.852, 6.027, 5.713, 6.377, 8.424, 9.502, 8.277, 7.206, 9.887, 13.962, 15.424, 12.723, 10.481, 11.861, 13.889, 13.666, 11.657, 10.742, 11.216, 12.367, 12.436, 11.902, 11.62, 11.679, 11.651, 11.873, 11.814, 12.163, 11.937, 11.961, 12.714, 16.852, 19.351, 19.121, 17.756, 18.805, 18.879, 18.182, 17.175, 17.084, 18.215, 17.283, 15.374, 14.33, 13.543, 14.635, 14.394, 13.554, 12.823, 12.265, 12.158, 13.05, 13.592, 11.488, 9.131, 6.072, 4.355, 4.386, 4.97, 4.038, 3.286, 2.76, 2.315, 1.995, 1.998, 1.964, 2.095, 1.758, 3.046, 3.836, 3.404, 4.825, 8.114, 8.241, 6.339, 5.812, 6.082, 6.032, 6.016, 6.431, 7.372, 7.371, 7.184, 8.445, 7.202, 4.468, 4.356, 4.881, 4.949, 4.078, 3.956, 4.911, 4.794, 4.264, 5.988, 8.081, 7.974, 8.81, 11.011, 14.48, 16.325, 14.358, 14.217, 15.118, 15.13, 15.831, 16.526, 15.857, 15.304, 15.799, 19.007], [3.073, 3.798, 4.904, 5.898, 5.826, 5.927, 5.416, 4.308, 3.813, 3.316, 3.198, 2.737, 3.352, 3.353, 3.708, 3.952, 2.912, 2.324, 1.657, 2.168, 2.466, 3.157, 4.158, 3.754, 3.776, 2.086, 1.562, 1.693, 1.881, 0.0, 1.426, 2.186, 1.542, 2.1, 4.734, 5.988, 5.309, 5.196, 5.684, 7.489, 8.752, 7.782, 6.668, 9.073, 12.989, 14.501, 11.686, 9.44, 10.844, 12.868, 12.68, 10.668, 9.898, 10.233, 11.375, 11.433, 10.892, 10.64, 10.684, 10.648, 10.933, 11.009, 11.245, 10.92, 11.113, 11.766, 15.823, 18.335, 18.104, 16.739, 17.788, 17.951, 17.23, 16.181, 16.366, 17.518, 16.497, 14.825, 13.885, 12.954, 13.664, 13.575, 12.788, 12.009, 11.301, 11.151, 12.051, 12.59, 10.526, 8.492, 5.499, 3.151, 3.082, 3.824, 2.811, 1.896, 1.58, 1.506, 1.584, 1.251, 1.796, 2.269, 1.686, 2.519, 3.29, 2.416, 3.882, 7.179, 7.23, 5.733, 5.231, 5.377, 5.113, 5.157, 5.508, 6.445, 6.41, 6.182, 7.442, 6.213, 3.855, 3.743, 4.272, 4.315, 3.288, 2.971, 4.133, 3.936, 3.613, 4.986, 7.065, 6.982, 7.807, 10.011, 13.473, 15.462, 13.55, 13.824, 14.728, 14.555, 15.043, 15.5, 14.841, 14.527, 14.911, 18.014], [2.591, 3.35, 4.594, 5.741, 5.611, 5.519, 4.832, 3.645, 3.173, 2.573, 2.452, 2.488, 3.631, 3.564, 3.711, 4.218, 3.1, 1.947, 1.346, 2.798, 3.168, 3.763, 4.575, 4.206, 4.067, 2.591, 1.007, 1.573, 2.014, 1.426, 0.0, 1.352, 1.044, 1.758, 4.208, 5.301, 4.542, 4.334, 4.876, 6.91, 7.985, 6.87, 5.787, 8.26, 12.441, 13.865, 11.173, 8.943, 10.346, 12.37, 12.149, 10.086, 9.233, 9.716, 10.866, 10.935, 10.388, 10.105, 10.165, 10.137, 10.358, 10.35, 10.663, 10.422, 10.449, 11.199, 15.324, 17.837, 17.607, 16.242, 17.291, 17.31, 16.598, 15.661, 15.573, 16.722, 15.724, 13.969, 12.964, 12.076, 13.108, 12.855, 12.022, 11.322, 10.757, 10.652, 11.539, 12.092, 9.943, 7.629, 4.456, 2.93, 3.065, 3.394, 2.532, 1.983, 1.824, 1.926, 2.247, 1.711, 1.982, 2.525, 1.75, 2.091, 2.972, 2.154, 3.374, 6.613, 6.738, 5.387, 4.909, 4.873, 4.715, 4.699, 5.034, 6.001, 5.932, 5.684, 6.944, 5.686, 2.994, 2.9, 3.418, 3.44, 2.548, 2.334, 3.44, 3.195, 2.829, 4.473, 6.567, 6.46, 7.294, 9.48, 12.941, 14.815, 12.83, 12.886, 13.79, 13.703, 14.263, 14.981, 14.343, 13.752, 14.23, 17.474], [1.728, 2.498, 3.651, 4.886, 4.75, 4.712, 4.096, 3.162, 2.606, 2.026, 2.152, 3.162, 4.487, 4.428, 4.5, 5.08, 3.728, 1.983, 1.753, 3.516, 3.929, 4.459, 5.487, 5.046, 4.973, 3.513, 1.692, 2.157, 2.714, 2.186, 1.352, 0.0, 1.149, 1.619, 3.355, 4.495, 3.714, 3.468, 4.068, 6.054, 7.09, 6.026, 4.917, 7.44, 11.595, 13.009, 10.317, 8.086, 9.49, 11.486, 11.265, 9.259, 8.346, 8.834, 9.978, 10.088, 9.543, 9.249, 9.309, 9.305, 9.498, 9.402, 9.806, 9.554, 9.546, 10.382, 14.468, 16.981, 16.746, 15.373, 16.429, 16.464, 15.767, 14.805, 14.714, 15.879, 14.924, 13.063, 12.124, 11.289, 12.252, 11.979, 11.139, 10.47, 9.89, 9.788, 10.705, 11.204, 9.046, 6.719, 3.884, 2.889, 3.201, 3.237, 2.252, 2.202, 2.305, 2.691, 2.854, 2.489, 2.455, 3.108, 2.117, 1.679, 2.414, 2.211, 2.795, 5.701, 5.878, 4.803, 4.249, 4.338, 4.056, 4.046, 4.338, 5.296, 5.205, 4.778, 6.062, 4.846, 2.142, 2.067, 2.655, 2.624, 1.699, 1.546, 2.674, 2.387, 2.057, 3.641, 5.72, 5.613, 6.484, 8.612, 12.091, 13.955, 11.962, 12.058, 12.963, 12.818, 13.416, 14.124, 13.487, 12.9, 13.384, 16.618], [2.413, 3.092, 4.084, 5.23, 5.333, 5.464, 4.882, 3.945, 3.431, 2.693, 2.603, 3.117, 4.355, 4.287, 4.391, 4.932, 3.739, 2.305, 1.716, 3.153, 3.533, 4.158, 5.229, 4.842, 4.756, 3.266, 1.504, 2.229, 2.613, 1.542, 1.044, 1.149, 0.0, 1.287, 3.541, 4.789, 4.062, 3.942, 4.434, 6.274, 7.463, 6.536, 5.427, 7.841, 11.767, 13.211, 10.467, 8.236, 9.622, 11.618, 11.43, 9.496, 8.622, 9.028, 10.196, 10.247, 9.701, 9.428, 9.456, 9.479, 9.633, 9.656, 9.999, 9.698, 9.814, 10.59, 14.605, 17.113, 16.882, 15.517, 16.566, 16.672, 15.957, 14.965, 15.093, 16.246, 15.252, 13.551, 12.644, 11.714, 12.426, 12.278, 11.501, 10.722, 10.063, 9.924, 10.85, 11.366, 9.263, 7.233, 4.146, 2.651, 2.745, 2.902, 1.826, 1.468, 1.586, 2.115, 2.545, 2.027, 2.196, 2.771, 1.899, 1.968, 2.674, 1.885, 2.742, 5.878, 6.084, 5.069, 4.588, 4.572, 4.317, 4.321, 4.601, 5.513, 5.587, 4.972, 6.194, 4.982, 2.723, 2.608, 3.095, 3.172, 2.073, 1.975, 3.012, 2.817, 2.511, 3.834, 5.865, 5.78, 6.644, 8.802, 12.243, 14.158, 12.305, 12.577, 13.482, 13.308, 13.765, 14.274, 13.625, 13.204, 13.642, 16.759], [2.315, 2.953, 3.583, 4.765, 4.893, 5.21, 4.841, 4.23, 3.821, 3.284, 3.027, 3.941, 5.095, 5.043, 5.24, 5.673, 4.285, 2.941, 1.982, 3.278, 3.779, 4.398, 5.727, 5.465, 5.49, 3.968, 2.348, 2.849, 3.143, 2.1, 1.758, 1.619, 1.287, 0.0, 3.095, 4.508, 3.793, 3.58, 4.109, 5.838, 7.204, 6.317, 5.229, 7.774, 11.404, 12.881, 10.001, 7.755, 9.077, 11.144, 11.024, 9.131, 8.396, 8.631, 9.703, 9.621, 9.171, 8.933, 8.983, 9.02, 9.241, 9.101, 9.526, 9.091, 9.472, 10.041, 14.137, 16.594, 16.332, 14.908, 16.046, 16.314, 15.611, 14.448, 14.811, 15.93, 15.009, 13.294, 12.457, 11.44, 12.022, 11.998, 11.225, 10.397, 9.657, 9.428, 10.372, 10.76, 8.928, 7.011, 4.347, 2.545, 2.759, 2.948, 1.727, 1.439, 1.882, 2.452, 2.866, 2.29, 2.364, 2.84, 1.9, 1.839, 2.561, 1.827, 2.366, 5.36, 5.398, 4.552, 4.197, 4.354, 3.855, 3.895, 4.222, 4.95, 4.948, 4.359, 5.539, 4.666, 2.481, 2.478, 2.903, 2.994, 2.162, 1.99, 2.72, 2.751, 2.286, 3.451, 5.364, 5.324, 6.168, 8.448, 11.911, 13.704, 12.017, 12.356, 13.277, 13.037, 13.479, 13.815, 13.144, 12.901, 13.326, 16.354], [2.778, 2.197, 2.504, 3.477, 3.525, 4.059, 4.063, 4.134, 3.918, 3.913, 4.658, 6.475, 7.813, 7.759, 7.814, 8.398, 6.966, 4.642, 4.044, 5.846, 6.525, 7.125, 8.454, 8.209, 8.214, 6.67, 4.766, 5.343, 5.718, 4.734, 4.208, 3.355, 3.541, 3.095, 0.0, 1.864, 1.63, 1.747, 1.735, 3.026, 4.338, 3.637, 3.12, 5.49, 8.533, 10.103, 7.277, 4.999, 6.311, 8.386, 8.262, 6.464, 5.656, 5.915, 6.916, 6.867, 6.357, 6.089, 6.23, 6.209, 6.565, 6.478, 6.77, 6.282, 6.732, 7.159, 11.318, 13.816, 13.521, 12.084, 13.203, 13.517, 12.831, 11.679, 11.956, 13.053, 12.115, 10.432, 9.682, 8.563, 9.203, 9.152, 8.404, 7.578, 6.799, 6.613, 7.647, 8.035, 6.21, 4.476, 3.123, 3.772, 3.841, 3.053, 2.841, 3.61, 4.103, 5.086, 5.465, 4.867, 4.792, 5.619, 4.656, 3.209, 2.708, 3.399, 2.38, 2.84, 3.495, 2.988, 3.505, 3.521, 2.574, 2.378, 2.641, 3.38, 3.606, 2.289, 3.085, 2.394, 2.137, 2.395, 1.864, 1.593, 1.999, 2.177, 1.669, 1.932, 2.024, 1.313, 2.728, 2.791, 3.654, 5.698, 9.206, 10.863, 9.158, 9.433, 10.375, 10.158, 10.623, 11.102, 10.367, 10.095, 10.498, 13.603], [4.161, 2.861, 2.85, 3.487, 3.509, 3.696, 3.568, 4.134, 4.734, 4.895, 5.75, 7.594, 8.932, 8.864, 8.933, 9.498, 8.066, 5.783, 5.357, 7.328, 7.996, 8.535, 9.81, 9.434, 9.324, 7.817, 5.875, 6.487, 6.852, 5.988, 5.301, 4.495, 4.789, 4.508, 1.864, 0.0, 1.048, 2.003, 1.563, 2.07, 3.222, 2.692, 3.049, 4.2, 7.142, 8.65, 5.876, 3.706, 5.191, 7.189, 6.99, 5.154, 4.333, 4.698, 5.867, 5.9, 5.321, 5.061, 5.124, 5.08, 5.24, 5.24, 5.547, 5.15, 5.368, 5.999, 10.056, 12.536, 12.305, 10.944, 12.008, 12.063, 11.397, 10.371, 10.433, 11.576, 10.559, 8.889, 8.091, 7.003, 7.884, 7.723, 6.977, 6.25, 5.548, 5.485, 6.426, 6.965, 4.963, 3.224, 3.184, 4.76, 4.466, 3.913, 3.933, 5.133, 5.565, 6.568, 6.919, 6.367, 6.334, 7.122, 6.068, 4.454, 4.022, 4.632, 3.371, 2.393, 2.796, 3.424, 3.931, 3.301, 2.365, 2.528, 2.331, 3.013, 3.47, 2.446, 2.104, 1.843, 2.7, 2.831, 2.125, 2.007, 2.975, 3.166, 2.289, 2.368, 2.728, 1.629, 2.01, 1.917, 2.523, 4.448, 7.912, 9.742, 7.746, 7.891, 8.837, 8.684, 9.197, 9.782, 9.082, 8.611, 9.075, 12.199], [3.464, 2.357, 2.855, 3.621, 3.711, 4.017, 3.774, 3.815, 4.008, 4.086, 4.938, 6.788, 8.121, 8.052, 8.12, 8.687, 7.254, 5.005, 4.668, 6.626, 7.309, 7.845, 9.056, 8.632, 8.536, 7.032, 5.11, 5.67, 6.027, 5.309, 4.542, 3.714, 4.062, 3.793, 1.63, 1.048, 0.0, 1.66, 1.539, 2.672, 3.656, 2.805, 2.867, 4.757, 7.967, 9.398, 6.696, 4.511, 5.988, 8.019, 7.789, 5.929, 5.028, 5.49, 6.657, 6.697, 6.119, 5.886, 5.917, 5.874, 6.018, 5.964, 6.379, 5.981, 6.101, 6.809, 10.877, 13.347, 13.116, 11.775, 12.832, 12.902, 12.179, 11.179, 11.221, 12.325, 11.357, 9.599, 8.775, 7.734, 8.689, 8.445, 7.742, 7.043, 6.369, 6.29, 7.254, 7.796, 5.684, 3.749, 3.036, 4.074, 3.97, 3.395, 3.366, 4.524, 4.938, 5.849, 6.223, 5.704, 5.64, 6.44, 5.388, 3.791, 3.33, 3.924, 2.741, 2.739, 3.021, 3.219, 3.808, 3.43, 2.429, 2.336, 2.464, 3.396, 3.754, 2.579, 2.732, 2.002, 1.906, 2.107, 1.475, 1.435, 2.224, 2.454, 1.694, 1.768, 2.035, 1.227, 2.504, 2.488, 3.142, 5.266, 8.691, 10.542, 8.466, 8.63, 9.569, 9.405, 9.977, 10.607, 9.924, 9.358, 9.856, 13.018], [3.38, 2.276, 3.302, 4.106, 4.342, 4.797, 4.726, 4.736, 4.399, 4.144, 4.694, 6.489, 7.814, 7.744, 7.799, 8.387, 6.955, 4.924, 4.404, 6.375, 7.062, 7.581, 8.622, 8.241, 8.245, 6.706, 4.831, 5.368, 5.713, 5.196, 4.334, 3.468, 3.942, 3.58, 1.747, 2.003, 1.66, 0.0, 1.171, 2.86, 3.929, 2.847, 2.109, 4.729, 8.379, 9.841, 7.14, 4.983, 6.411, 8.437, 8.235, 6.342, 5.486, 5.905, 7.035, 7.027, 6.516, 6.205, 6.331, 6.292, 6.406, 6.201, 6.665, 6.294, 6.484, 7.093, 11.287, 13.767, 13.506, 12.096, 13.186, 13.318, 12.598, 11.527, 11.501, 12.623, 11.711, 9.842, 8.976, 8.038, 9.098, 8.845, 8.082, 7.348, 6.769, 6.654, 7.62, 8.096, 6.085, 3.856, 2.213, 3.642, 3.45, 2.546, 3.01, 4.194, 4.617, 5.601, 5.964, 5.417, 5.447, 6.19, 5.129, 3.675, 3.53, 3.792, 2.607, 2.821, 3.468, 4.076, 4.66, 4.77, 3.651, 3.481, 3.625, 4.335, 4.465, 3.196, 3.174, 2.351, 1.727, 1.931, 1.721, 1.936, 2.101, 2.431, 1.59, 1.63, 1.933, 1.956, 3.012, 3.31, 3.774, 5.739, 9.196, 10.795, 8.836, 8.827, 9.74, 9.6