[[0.0, 1.296, 2.625, 4.594, 2.396, 2.66, 2.895, 3.033, 3.745, 4.991, 4.365, 4.363, 5.592, 6.918, 8.223, 7.676, 6.472, 7.192, 7.567, 9.554, 7.078, 6.255, 6.952, 6.948, 4.555, 3.203, 4.587, 6.037, 5.866, 4.637, 6.132, 6.7, 5.331, 4.776, 6.27, 6.002, 5.383, 5.095, 4.909, 4.828, 7.446, 8.313, 7.68, 7.74, 8.339, 9.71, 9.965, 9.036, 7.768, 6.516, 5.881], [1.296, 0.0, 2.365, 4.229, 1.986, 2.311, 2.848, 3.237, 3.47, 4.661, 4.023, 3.981, 5.24, 6.553, 7.874, 7.313, 6.106, 6.827, 7.21, 9.194, 6.729, 5.839, 6.536, 6.544, 4.116, 2.602, 4.167, 5.695, 5.497, 4.278, 5.767, 6.356, 4.962, 4.261, 5.883, 5.545, 5.015, 4.675, 4.903, 5.21, 7.14, 7.943, 7.51, 7.842, 8.121, 9.458, 9.6, 8.672, 7.405, 6.154, 5.472], [2.625, 2.365, 0.0, 2.298, 1.792, 2.26, 1.849, 1.901, 2.203, 3.02, 2.092, 2.265, 3.064, 4.319, 5.644, 5.121, 3.908, 4.598, 4.974, 6.953, 4.532, 3.839, 4.497, 4.473, 2.979, 1.782, 2.484, 3.566, 3.559, 2.592, 3.655, 4.272, 3.213, 3.244, 4.017, 4.082, 3.364, 3.102, 3.617, 3.773, 5.314, 5.926, 5.645, 6.02, 5.915, 7.28, 7.369, 6.417, 5.143, 4.075, 3.762], [4.594, 4.229, 2.298, 0.0, 2.98, 3.2, 2.749, 2.581, 2.47, 2.304, 2.07, 1.812, 1.769, 3.283, 3.73, 3.267, 2.055, 2.917, 3.241, 4.982, 2.694, 1.868, 3.358, 4.086, 2.764, 2.537, 2.43, 2.303, 2.425, 1.941, 2.304, 2.747, 2.182, 2.683, 3.754, 3.986, 3.659, 3.315, 3.991, 4.24, 4.75, 5.033, 4.733, 5.602, 5.148, 5.992, 5.414, 5.099, 4.096, 3.56, 3.644], [2.396, 1.986, 1.792, 2.98, 0.0, 1.296, 1.631, 1.808, 2.146, 3.095, 2.733, 2.655, 3.626, 4.828, 6.176, 5.771, 4.597, 5.135, 5.499, 7.473, 5.008, 4.32, 5.305, 5.653, 2.641, 2.029, 2.836, 4.157, 3.916, 2.758, 4.168, 4.765, 3.362, 2.774, 4.367, 4.427, 4.232, 3.943, 4.103, 4.455, 5.895, 6.434, 6.033, 6.949, 6.862, 8.076, 7.889, 6.936, 5.707, 4.494, 3.962], [2.66, 2.311, 2.26, 3.2, 1.296, 0.0, 1.503, 1.93, 2.363, 2.95, 2.841, 2.639, 3.673, 4.709, 6.08, 5.701, 4.612, 5.04, 5.469, 7.323, 4.955, 4.482, 5.463, 5.797, 2.471, 1.903, 2.863, 4.182, 3.877, 2.858, 4.061, 4.625, 3.171, 2.852, 4.278, 4.561, 4.243, 3.985, 4.053, 4.358, 5.737, 6.486, 6.128, 7.14, 6.902, 8.239, 7.995, 6.873, 5.651, 4.351, 3.676], [2.895, 2.848, 1.849, 2.749, 1.631, 1.503, 0.0, 0.974, 1.638, 2.582, 2.189, 2.116, 3.099, 4.171, 5.592, 5.141, 4.108, 4.424, 4.836, 6.796, 4.435, 4.029, 4.878, 5.014, 2.233, 1.923, 2.552, 3.7, 3.383, 2.578, 3.562, 4.122, 2.863, 2.508, 4.011, 4.294, 3.674, 3.473, 3.439, 3.574, 5.181, 6.114, 5.61, 6.332, 6.001, 7.37, 7.516, 6.294, 5.112, 3.885, 3.375], [3.033, 3.237, 1.901, 2.581, 1.808, 1.93, 0.974, 0.0, 1.35, 2.235, 2.037, 2.053, 2.918, 3.959, 5.407, 4.899, 3.791, 4.349, 4.706, 6.584, 4.273, 3.852, 4.721, 4.953, 2.499, 1.983, 2.494, 3.402, 3.118, 2.573, 3.244, 3.841, 2.619, 2.573, 3.938, 4.103, 3.637, 3.438, 3.274, 3.307, 4.94, 5.967, 5.239, 5.9, 5.867, 7.256, 7.313, 6.134, 4.946, 3.844, 3.427], [3.745, 3.47, 2.203, 2.47, 2.146, 2.363, 1.638, 1.35, 0.0, 1.687, 1.711, 1.651, 2.402, 3.496, 4.794, 4.338, 3.336, 4.246, 4.201, 6.061, 3.828, 3.307, 4.135, 4.258, 2.084, 2.422, 2.148, 2.957, 2.855, 2.58, 3.133, 3.291, 2.451, 2.126, 3.562, 3.747, 3.186, 2.904, 3.21, 3.276, 4.421, 5.429, 4.894, 5.576, 5.301, 6.813, 6.808, 5.581, 4.282, 3.289, 3.138], [4.991, 4.661, 3.02, 2.304, 3.095, 2.95, 2.582, 2.235, 1.687, 0.0, 1.473, 1.833, 1.537, 2.198, 3.304, 3.066, 2.712, 3.656, 3.089, 4.568, 2.858, 2.161, 2.924, 3.316, 2.026, 3.017, 2.204, 2.353, 2.655, 2.785, 3.034, 3.051, 2.223, 2.248, 2.681, 2.965, 2.84, 2.52, 3.058, 3.207, 3.602, 4.198, 3.765, 4.854, 4.313, 5.542, 5.207, 4.171, 3.053, 2.438, 2.271], [4.365, 4.023, 2.092, 2.07, 2.733, 2.841, 2.189, 2.037, 1.711, 1.473, 0.0, 1.309, 1.595, 2.655, 3.973, 3.437, 2.813, 3.76, 3.282, 5.217, 2.894, 2.177, 2.973, 3.248, 1.986, 2.35, 1.727, 2.509, 2.831, 2.607, 3.143, 3.188, 2.258, 2.292, 2.69, 2.735, 2.405, 2.247, 2.713, 2.972, 4.009, 4.42, 4.041, 4.915, 4.362, 5.596, 5.624, 4.68, 3.433, 2.786, 2.387], [4.363, 3.981, 2.265, 1.812, 2.655, 2.639, 2.116, 2.053, 1.651, 1.833, 1.309, 0.0, 1.815, 2.876, 4.042, 3.614, 2.523, 3.272, 3.382, 5.3, 2.939, 2.463, 3.484, 3.799, 1.771, 2.27, 1.716, 2.276, 2.206, 1.86, 2.605, 2.716, 1.787, 1.716, 2.899, 3.289, 3.022, 2.671, 3.225, 3.534, 4.34, 4.672, 4.645, 5.4, 5.107, 6.426, 5.829, 4.724, 3.571, 2.547, 2.622], [5.592, 5.24, 3.064, 1.769, 3.626, 3.673, 3.099, 2.918, 2.402, 1.537, 1.595, 1.815, 0.0, 1.957, 2.848, 2.509, 1.739, 2.822, 2.257, 4.123, 2.064, 1.505, 2.45, 3.032, 1.984, 3.047, 1.971, 1.627, 2.259, 2.371, 2.539, 2.275, 1.98, 2.268, 2.599, 2.842, 2.914, 2.536, 3.19, 3.361, 3.656, 4.083, 3.76, 4.756, 4.225, 5.145, 4.58, 3.771, 2.674, 2.299, 2.38], [6.918, 6.553, 4.319, 3.283, 4.828, 4.709, 4.171, 3.959, 3.496, 2.198, 2.655, 2.876, 1.957, 0.0, 1.967, 1.962, 2.13, 3.273, 2.726, 3.141, 2.254, 2.666, 1.889, 2.256, 2.718, 4.29, 2.545, 1.734, 2.9, 3.465, 3.479, 2.82, 2.631, 2.715, 1.997, 2.192, 2.58, 2.497, 2.976, 3.077, 2.837, 3.019, 3.023, 4.145, 3.461, 4.514, 3.649, 2.533, 1.919, 1.872, 2.129], [8.223, 7.874, 5.644, 3.73, 6.176, 6.08, 5.592, 5.407, 4.794, 3.304, 3.973, 4.042, 2.848, 1.967, 0.0, 1.49, 2.379, 3.539, 3.258, 3.168, 2.669, 2.909, 1.814, 2.261, 4.183, 5.574, 3.89, 2.448, 3.757, 4.324, 4.127, 3.416, 3.742, 4.024, 2.791, 2.957, 3.432, 3.422, 3.977, 4.142, 2.641, 2.451, 2.423, 3.557, 2.765, 3.46, 2.212, 2.063, 2.232, 2.763, 3.101], [7.676, 7.313, 5.121, 3.267, 5.771, 5.701, 5.141, 4.899, 4.338, 3.066, 3.437, 3.614, 2.509, 1.962, 1.49, 0.0, 2.021, 3.568, 3.303, 3.72, 2.85, 2.803, 1.896, 2.669, 3.893, 5.161, 3.398, 2.231, 3.61, 3.966, 4.0, 3.251, 3.62, 3.657, 2.955, 3.073, 3.39, 3.291, 3.723, 3.918, 2.586, 2.603, 2.449, 3.479, 2.709, 3.448, 2.64, 2.496, 2.519, 2.985, 3.314], [6.472, 6.106, 3.908, 2.055, 4.597, 4.612, 4.108, 3.791, 3.336, 2.712, 2.813, 2.523, 1.739, 2.13, 2.379, 2.021, 0.0, 2.091, 2.217, 3.345, 1.546, 1.776, 2.726, 3.406, 2.857, 3.932, 2.319, 1.398, 2.193, 2.534, 2.272, 1.829, 2.124, 2.77, 2.96, 3.266, 3.442, 3.221, 3.589, 3.814, 3.727, 3.928, 3.808, 4.919, 4.345, 5.12, 3.711, 3.542, 2.855, 2.629, 3.287], [7.192, 6.827, 4.598, 2.917, 5.135, 5.04, 4.424, 4.349, 4.246, 3.656, 3.76, 3.272, 2.822, 3.273, 3.539, 3.568, 2.091, 0.0, 1.616, 2.629, 1.544, 2.488, 4.283, 4.993, 3.859, 4.583, 3.672, 2.78, 2.549, 3.096, 1.94, 2.035, 2.953, 3.999, 4.452, 4.952, 5.195, 4.923, 5.407, 5.492, 5.48, 5.688, 5.616, 6.728, 5.993, 6.62, 4.732, 4.613, 4.072, 3.337, 4.486], [7.567, 7.21, 4.974, 3.241, 5.499, 5.469, 4.836, 4.706, 4.201, 3.089, 3.282, 3.382, 2.257, 2.726, 3.258, 3.303, 2.217, 1.616, 0.0, 2.079, 1.165, 1.881, 3.668, 4.299, 3.312, 4.912, 3.487, 2.652, 2.213, 3.306, 2.091, 2.011, 2.648, 3.621, 3.97, 4.408, 4.681, 4.341, 4.936, 5.057, 5.158, 5.304, 5.257, 6.417, 5.574, 6.221, 4.248, 4.072, 3.485, 2.814, 3.807], [9.554, 9.194, 6.953, 4.982, 7.473, 7.323, 6.796, 6.584, 6.061, 4.568, 5.217, 5.3, 4.123, 3.141, 3.168, 3.72, 3.345, 2.629, 2.079, 0.0, 2.538, 3.532, 4.01, 4.535, 5.219, 6.887, 5.182, 3.854, 3.86, 5.217, 3.793, 3.419, 4.361, 5.284, 4.653, 5.031, 5.347, 5.247, 5.822, 5.87, 5.473, 5.405, 5.395, 6.578, 5.617, 6.162, 4.198, 4.275, 4.009, 3.791, 4.699], [7.078, 6.729, 4.532, 2.694, 5.008, 4.955, 4.435, 4.273, 3.828, 2.858, 2.894, 2.939, 2.064, 2.254, 2.669, 2.85, 1.546, 1.544, 1.165, 2.538, 0.0, 1.637, 3.151, 3.809, 3.089, 4.422, 2.994, 2.047, 2.279, 2.919, 2.12, 2.011, 2.254, 3.198, 3.507, 3.922, 4.27, 3.969, 4.502, 4.625, 4.616, 4.664, 4.633, 5.856, 5.049, 5.778, 3.881, 3.678, 3.225, 2.597, 3.499], [6.255, 5.839, 3.839, 1.868, 4.32, 4.482, 4.029, 3.852, 3.307, 2.161, 2.177, 2.463, 1.505, 2.666, 2.909, 2.803, 1.776, 2.488, 1.881, 3.532, 1.637, 0.0, 2.643, 3.481, 2.74, 3.601, 2.683, 2.438, 2.631, 2.915, 2.592, 2.598, 2.34, 2.984, 3.423, 3.53, 3.672, 3.365, 4.145, 4.475, 4.697, 4.511, 4.441, 5.524, 4.891, 5.292, 4.14, 4.263, 3.338, 2.983, 3.221], [6.952, 6.536, 4.497, 3.358, 5.305, 5.463, 4.878, 4.721, 4.135, 2.924, 2.973, 3.484, 2.45, 1.889, 1.814, 1.896, 2.726, 4.283, 3.668, 4.01, 3.151, 2.643, 0.0, 1.351, 3.727, 4.342, 3.173, 2.598, 4.325, 4.655, 4.874, 4.188, 4.116, 3.776, 2.764, 2.36, 2.483, 2.431, 3.122, 3.507, 2.666, 2.756, 2.428, 3.233, 2.771, 3.638, 3.414, 2.838, 2.589, 3.299, 3.044], [6.948, 6.544, 4.473, 4.086, 5.653, 5.797, 5.014, 4.953, 4.258, 3.316, 3.248, 3.799, 3.032, 2.256, 2.261, 2.669, 3.406, 4.993, 4.299, 4.535, 3.809, 3.481, 1.351, 0.0, 4.039, 4.68, 3.536, 3.217, 4.856, 5.138, 5.512, 4.789, 4.701, 4.253, 2.52, 2.163, 2.393, 2.422, 3.073, 3.319, 2.103, 2.447, 2.158, 2.638, 2.293, 3.473, 3.358, 2.577, 2.343, 3.31, 2.782], [4.555, 4.116, 2.979, 2.764, 2.641, 2.471, 2.233, 2.499, 2.084, 2.026, 1.986, 1.771, 1.984, 2.718, 4.183, 3.893, 2.857, 3.859, 3.312, 5.219, 3.089, 2.74, 3.727, 4.039, 0.0, 2.411, 1.507, 2.458, 2.203, 2.148, 3.153, 2.885, 1.705, 1.364, 2.478, 3.105, 2.995, 2.603, 2.908, 3.262, 4.348, 4.701, 4.745, 5.769, 5.452, 6.61, 5.838, 4.796, 3.679, 2.242, 1.978], [3.203, 2.602, 1.782, 2.537, 2.029, 1.903, 1.923, 1.983, 2.422, 3.017, 2.35, 2.27, 3.047, 4.29, 5.574, 5.161, 3.932, 4.583, 4.912, 6.887, 4.422, 3.601, 4.342, 4.68, 2.411, 0.0, 1.911, 3.565, 3.593, 2.77, 3.682, 4.223, 3.0, 2.903, 3.728, 3.521, 3.123, 2.892, 3.042, 3.561, 5.233, 5.739, 5.576, 6.215, 6.363, 7.445, 7.321, 6.394, 5.149, 3.929, 3.218], [4.587, 4.167, 2.484, 2.43, 2.836, 2.863, 2.552, 2.494, 2.148, 2.204, 1.727, 1.716, 1.971, 2.545, 3.89, 3.398, 2.319, 3.672, 3.487, 5.182, 2.994, 2.683, 3.173, 3.536, 1.507, 1.911, 0.0, 1.976, 2.585, 2.307, 3.23, 2.717, 1.99, 1.726, 1.934, 2.323, 2.066, 1.763, 1.997, 2.327, 3.688, 4.056, 4.017, 5.054, 4.91, 6.053, 5.581, 4.633, 3.382, 2.318, 1.822], [6.037, 5.695, 3.566, 2.303, 4.157, 4.182, 3.7, 3.402, 2.957, 2.353, 2.509, 2.276, 1.627, 1.734, 2.448, 2.231, 1.398, 2.78, 2.652, 3.854, 2.047, 2.438, 2.598, 3.217, 2.458, 3.565, 1.976, 0.0, 1.908, 2.404, 2.535, 1.902, 1.888, 1.97, 2.153, 2.69, 2.741, 2.351, 2.894, 3.057, 3.48, 3.837, 3.679, 4.797, 4.287, 5.228, 4.126, 3.243, 2.497, 2.029, 2.464], [5.866, 5.497, 3.559, 2.425, 3.916, 3.877, 3.383, 3.118, 2.855, 2.655, 2.831, 2.206, 2.259, 2.9, 3.757, 3.61, 2.193, 2.549, 2.213, 3.86, 2.279, 2.631, 4.325, 4.856, 2.203, 3.593, 2.585, 1.908, 0.0, 1.683, 1.652, 1.414, 1.26, 1.904, 3.233, 4.034, 3.869, 3.495, 4.056, 4.241, 4.927, 5.305, 5.289, 6.43, 5.813, 6.909, 5.097, 4.377, 3.634, 2.22, 3.001], [4.637, 4.278, 2.592, 1.941, 2.758, 2.858, 2.578, 2.573, 2.58, 2.785, 2.607, 1.86, 2.371, 3.465, 4.324, 3.966, 2.534, 3.096, 3.306, 5.217, 2.919, 2.915, 4.655, 5.138, 2.148, 2.77, 2.307, 2.404, 1.683, 0.0, 1.958, 2.169, 1.329, 2.01, 3.4, 4.179, 3.929, 3.557, 3.986, 4.203, 5.085, 5.473, 5.484, 6.647, 6.107, 7.234, 5.839, 4.858, 3.869, 2.624, 3.307], [6.132, 5.767, 3.655, 2.304, 4.168, 4.061, 3.562, 3.244, 3.133, 3.034, 3.143, 2.605, 2.539, 3.479, 4.127, 4.0, 2.272, 1.94, 2.091, 3.793, 2.12, 2.592, 4.874, 5.512, 3.153, 3.682, 3.23, 2.535, 1.652, 1.958, 0.0, 1.429, 1.761, 2.948, 4.129, 4.888, 4.771, 4.418, 4.93, 5.003, 5.491, 5.909, 5.792, 6.944, 6.397, 7.227, 5.394, 4.999, 4.273, 3.04, 3.968], [6.7, 6.356, 4.272, 2.747, 4.765, 4.625, 4.122, 3.841, 3.291, 3.051, 3.188, 2.716, 2.275, 2.82, 3.416, 3.251, 1.829, 2.035, 2.011, 3.419, 2.011, 2.598, 4.188, 4.789, 2.885, 4.223, 2.717, 1.902, 1.414, 2.169, 1.429, 0.0, 1.685, 2.619, 3.318, 4.08, 3.96, 3.635, 4.079, 4.2, 4.729, 5.186, 5.103, 6.232, 5.683, 6.538, 4.803, 4.208, 3.381, 2.213, 3.389], [5.331, 4.962, 3.213, 2.182, 3.362, 3.171, 2.863, 2.619, 2.451, 2.223, 2.258, 1.787, 1.98, 2.631, 3.742, 3.62, 2.124, 2.953, 2.648, 4.361, 2.254, 2.34, 4.116, 4.701, 1.705, 3.0, 1.99, 1.888, 1.26, 1.329, 1.761, 1.685, 0.0, 1.489, 2.887, 3.738, 3.531, 3.162, 3.57, 3.79, 4.704, 4.964, 5.001, 6.201, 5.683, 6.698, 5.199, 4.379, 3.429, 2.058, 2.668], [4.776, 4.261, 3.244, 2.683, 2.774, 2.852, 2.508, 2.573, 2.126, 2.248, 2.292, 1.716, 2.268, 2.715, 4.024, 3.657, 2.77, 3.999, 3.621, 5.284, 3.198, 2.984, 3.776, 4.253, 1.364, 2.903, 1.726, 1.97, 1.904, 2.01, 2.948, 2.619, 1.489, 0.0, 2.281, 3.062, 2.905, 2.493, 2.937, 3.202, 4.139, 4.457, 4.562, 5.713, 5.487, 6.551, 5.615, 4.569, 3.516, 2.089, 2.066], [6.27, 5.883, 4.017, 3.754, 4.367, 4.278, 4.011, 3.938, 3.562, 2.681, 2.69, 2.899, 2.599, 1.997, 2.791, 2.955, 2.96, 4.452, 3.97, 4.653, 3.507, 3.423, 2.764, 2.52, 2.478, 3.728, 1.934, 2.153, 3.233, 3.4, 4.129, 3.318, 2.887, 2.281, 0.0, 1.305, 1.592, 1.503, 2.04, 2.283, 2.359, 2.782, 2.723, 3.744, 3.515, 4.615, 3.918, 2.907, 1.834, 1.588, 1.13], [6.002, 5.545, 4.082, 3.986, 4.427, 4.561, 4.294, 4.103, 3.747, 2.965, 2.735, 3.289, 2.842, 2.192, 2.957, 3.073, 3.266, 4.952, 4.408, 5.031, 3.922, 3.53, 2.36, 2.163, 3.105, 3.521, 2.323, 2.69, 4.034, 4.179, 4.888, 4.08, 3.738, 3.062, 1.305, 0.0, 1.365, 1.455, 1.635, 1.938, 2.239, 2.759, 2.427, 3.222, 3.441, 4.599, 4.368, 3.418, 2.391, 2.375, 1.725], [5.383, 5.015, 3.364, 3.659, 4.232, 4.243, 3.674, 3.637, 3.186, 2.84, 2.405, 3.022, 2.914, 2.58, 3.432, 3.39, 3.442, 5.195, 4.681, 5.347, 4.27, 3.672, 2.483, 2.393, 2.995, 3.123, 2.066, 2.741, 3.869, 3.929, 4.771, 3.96, 3.531, 2.905, 1.592, 1.365, 0.0, 0.944, 1.332, 1.719, 2.833, 3.498, 3.069, 3.662, 3.536, 4.796, 5.001, 4.053, 2.819, 2.395, 1.704], [5.095, 4.675, 3.102, 3.315, 3.943, 3.985, 3.473, 3.438, 2.904, 2.52, 2.247, 2.671, 2.536, 2.497, 3.422, 3.291, 3.221, 4.923, 4.341, 5.247, 3.969, 3.365, 2.431, 2.422, 2.603, 2.892, 1.763, 2.351, 3.495, 3.557, 4.418, 3.635, 3.162, 2.493, 1.503, 1.455, 0.944, 0.0, 1.38, 1.703, 2.759, 3.503, 3.13, 3.734, 3.834, 5.129, 5.079, 4.135, 2.884, 2.212, 1.784], [4.909, 4.903, 3.617, 3.991, 4.103, 4.053, 3.439, 3.274, 3.21, 3.058, 2.713, 3.225, 3.19, 2.976, 3.977, 3.723, 3.589, 5.407, 4.936, 5.822, 4.502, 4.145, 3.122, 3.073, 2.908, 3.042, 1.997, 2.894, 4.056, 3.986, 4.93, 4.079, 3.57, 2.937, 2.04, 1.635, 1.332, 1.38, 0.0, 0.977, 3.005, 3.946, 3.34, 3.809, 4.143, 5.566, 5.65, 4.68, 3.486, 2.806, 2.152], [4.828, 5.21, 3.773, 4.24, 4.455, 4.358, 3.574, 3.307, 3.276, 3.207, 2.972, 3.534, 3.361, 3.077, 4.142, 3.918, 3.814, 5.492, 5.057, 5.87, 4.625, 4.475, 3.507, 3.319, 3.262, 3.561, 2.327, 3.057, 4.241, 4.203, 5.003, 4.2, 3.79, 3.202, 2.283, 1.938, 1.719, 1.703, 0.977, 0.0, 3.137, 4.237, 3.562, 4.032, 4.271, 5.714, 5.912, 4.873, 3.594, 2.982, 2.433], [7.446, 7.14, 5.314, 4.75, 5.895, 5.737, 5.181, 4.94, 4.421, 3.602, 4.009, 4.34, 3.656, 2.837, 2.641, 2.586, 3.727, 5.48, 5.158, 5.473, 4.616, 4.697, 2.666, 2.103, 4.348, 5.233, 3.688, 3.48, 4.927, 5.085, 5.491, 4.729, 4.704, 4.139, 2.359, 2.239, 2.833, 2.759, 3.005, 3.137, 0.0, 1.639, 1.273, 1.982, 1.854, 3.367, 3.069, 2.169, 2.72, 3.399, 2.887], [8.313, 7.943, 5.926, 5.033, 6.434, 6.486, 6.114, 5.967, 5.429, 4.198, 4.42, 4.672, 4.083, 3.019, 2.451, 2.603, 3.928, 5.688, 5.304, 5.405, 4.664, 4.511, 2.756, 2.447, 4.701, 5.739, 4.056, 3.837, 5.305, 5.473, 5.909, 5.186, 4.964, 4.457, 2.782, 2.759, 3.498, 3.503, 3.946, 4.237, 1.639, 0.0, 1.504, 1.848, 1.866, 2.573, 2.467, 2.393, 3.129, 3.634, 3.32], [7.68, 7.51, 5.645, 4.733, 6.033, 6.128, 5.61, 5.239, 4.894, 3.765, 4.041, 4.645, 3.76, 3.023, 2.423, 2.449, 3.808, 5.616, 5.257, 5.395, 4.633, 4.441, 2.428, 2.158, 4.745, 5.576, 4.017, 3.679, 5.289, 5.484, 5.792, 5.103, 5.001, 4.562, 2.723, 2.427, 3.069, 3.13, 3.34, 3.562, 1.273, 1.504, 0.0, 1.475, 1.462, 2.874, 2.672, 2.463, 2.995, 3.829, 3.288], [7.74, 7.842, 6.02, 5.602, 6.949, 7.14, 6.332, 5.9, 5.576, 4.854, 4.915, 5.4, 4.756, 4.145, 3.557, 3.479, 4.919, 6.728, 6.417, 6.578, 5.856, 5.524, 3.233, 2.638, 5.769, 6.215, 5.054, 4.797, 6.43, 6.647, 6.944, 6.232, 6.201, 5.713, 3.744, 3.222, 3.662, 3.734, 3.809, 4.032, 1.982, 1.848, 1.475, 0.0, 1.387, 2.624, 3.173, 3.262, 4.038, 4.929, 4.397], [8.339, 8.121, 5.915, 5.148, 6.862, 6.902, 6.001, 5.867, 5.301, 4.313, 4.362, 5.107, 4.225, 3.461, 2.765, 2.709, 4.345, 5.993, 5.574, 5.617, 5.049, 4.891, 2.771, 2.293, 5.452, 6.363, 4.91, 4.287, 5.813, 6.107, 6.397, 5.683, 5.683, 5.487, 3.515, 3.441, 3.536, 3.834, 4.143, 4.271, 1.854, 1.866, 1.462, 1.387, 0.0, 1.935, 2.319, 2.227, 3.103, 4.427, 4.039], [9.71, 9.458, 7.28, 5.992, 8.076, 8.239, 7.37, 7.256, 6.813, 5.542, 5.596, 6.426, 5.145, 4.514, 3.46, 3.448, 5.12, 6.62, 6.221, 6.162, 5.778, 5.292, 3.638, 3.473, 6.61, 7.445, 6.053, 5.228, 6.909, 7.234, 7.227, 6.538, 6.698, 6.551, 4.615, 4.599, 4.796, 5.129, 5.566, 5.714, 3.367, 2.573, 2.874, 2.624, 1.935, 0.0, 2.084, 2.78, 3.725, 5.601, 5.206], [9.965, 9.6, 7.369, 5.414, 7.889, 7.995, 7.516, 7.313, 6.808, 5.207, 5.624, 5.829, 4.58, 3.649, 2.212, 2.64, 3.711, 4.732, 4.248, 4.198, 3.881, 4.14, 3.414, 3.358, 5.838, 7.321, 5.581, 4.126, 5.097, 5.839, 5.394, 4.803, 5.199, 5.615, 3.918, 4.368, 5.001, 5.079, 5.65, 5.912, 3.069, 2.467, 2.672, 3.173, 2.319, 2.084, 0.0, 1.633, 2.835, 4.135, 4.565], [9.036, 8.672, 6.417, 5.099, 6.936, 6.873, 6.294, 6.134, 5.581, 4.171, 4.68, 4.724, 3.771, 2.533, 2.063, 2.496, 3.542, 4.613, 4.072, 4.275, 3.678, 4.263, 2.838, 2.577, 4.796, 6.394, 4.633, 3.243, 4.377, 4.858, 4.999, 4.208, 4.379, 4.569, 2.907, 3.418, 4.053, 4.135, 4.68, 4.873, 2.169, 2.393, 2.463, 3.262, 2.227, 2.78, 1.633, 0.0, 1.671, 3.028, 3.458], [7.768, 7.405, 5.143, 4.096, 5.707, 5.651, 5.112, 4.946, 4.282, 3.053, 3.433, 3.571, 2.674, 1.919, 2.232, 2.519, 2.855, 4.072, 3.485, 4.009, 3.225, 3.338, 2.589, 2.343, 3.679, 5.149, 3.382, 2.497, 3.634, 3.869, 4.273, 3.381, 3.429, 3.516, 1.834, 2.391, 2.819, 2.884, 3.486, 3.594, 2.72, 3.129, 2.995, 4.038, 3.103, 3.725, 2.835, 1.671, 0.0, 2.04, 2.375], [6.516, 6.154, 4.075, 3.56, 4.494, 4.351, 3.885, 3.844, 3.289, 2.438, 2.786, 2.547, 2.299, 1.872, 2.763, 2.985, 2.629, 3.337, 2.814, 3.791, 2.597, 2.983, 3.299, 3.31, 2.242, 3.929, 2.318, 2.029, 2.22, 2.624, 3.04, 2.213, 2.058, 2.089, 1.588, 2.375, 2.395, 2.212, 2.806, 2.982, 3.399, 3.634, 3.829, 4.929, 4.427, 5.601, 4.135, 3.028, 2.04, 0.0, 1.484], [5.881, 5.472, 3.762, 3.644, 3.962, 3.676, 3.375, 3.427, 3.138, 2.271, 2.387, 2.622, 2.38, 2.129, 3.101, 3.314, 3.287, 4.486, 3.807, 4.699, 3.499, 3.221, 3.044, 2.782, 1.978, 3.218, 1.822, 2.464, 3.001, 3.307, 3.968, 3.389, 2.668, 2.066, 1.13, 1.725, 1.704, 1.784, 2.152, 2.433, 2.887, 3.32, 3.288, 4.397, 4.039, 5.206, 4.565, 3.458, 2.375, 1.484, 0.0]]