[[0.0, 3.567, 5.503, 9.102, 15.637, 17.031, 15.768, 14.567, 14.077, 11.388, 9.894, 9.062, 7.499, 7.507, 8.863, 8.997, 8.28, 7.936, 8.924, 9.056, 7.955, 7.689, 6.457, 7.738, 8.437, 6.708, 5.032, 4.492, 6.688, 8.621, 9.516, 8.526, 7.507, 5.05, 5.032, 6.582, 6.602, 6.534, 6.145, 6.569, 6.139, 4.88, 5.277, 4.656, 4.358, 5.934, 8.647, 7.861, 5.942, 7.474, 8.502, 8.265, 8.591], [3.567, 0.0, 2.704, 5.829, 12.334, 13.762, 12.486, 11.304, 10.796, 8.196, 6.658, 6.686, 8.307, 9.825, 11.656, 11.62, 10.826, 10.395, 11.588, 11.716, 10.462, 10.584, 9.368, 10.81, 11.528, 9.722, 7.996, 7.537, 9.792, 11.722, 12.528, 11.542, 10.283, 7.141, 4.457, 3.987, 4.242, 4.106, 3.889, 4.849, 5.141, 5.684, 5.86, 5.044, 3.793, 3.484, 5.622, 5.247, 4.188, 5.324, 6.828, 6.566, 6.478], [5.503, 2.704, 0.0, 4.157, 11.032, 12.224, 10.818, 9.611, 9.259, 6.433, 5.085, 4.217, 6.963, 10.192, 12.034, 11.998, 11.165, 10.711, 11.917, 12.027, 10.791, 11.001, 9.919, 11.451, 12.369, 10.432, 8.357, 8.073, 10.345, 12.207, 12.91, 12.011, 10.597, 6.923, 3.264, 2.642, 2.425, 2.942, 2.778, 3.457, 3.68, 4.474, 4.497, 4.262, 3.34, 2.973, 4.421, 3.04, 2.846, 2.989, 4.827, 4.948, 4.242], [9.102, 5.829, 4.157, 0.0, 7.088, 8.293, 6.819, 5.639, 5.206, 2.919, 2.453, 3.818, 10.602, 14.069, 15.892, 15.874, 15.029, 14.558, 15.771, 15.881, 14.739, 14.961, 13.89, 15.44, 16.292, 14.385, 12.235, 12.024, 14.371, 16.124, 16.792, 16.022, 14.46, 10.303, 6.09, 3.725, 3.432, 3.408, 4.075, 4.016, 4.623, 6.681, 6.848, 6.605, 5.749, 3.586, 2.127, 2.719, 4.395, 3.625, 5.311, 5.655, 4.349], [15.637, 12.334, 11.032, 7.088, 0.0, 2.742, 3.567, 3.228, 2.799, 5.513, 6.24, 9.555, 17.161, 20.662, 22.507, 22.534, 21.618, 21.123, 22.396, 22.483, 21.315, 21.633, 20.671, 22.213, 23.278, 21.393, 18.86, 18.752, 21.26, 23.081, 23.397, 22.791, 21.157, 17.015, 12.873, 9.996, 9.781, 9.621, 10.148, 10.166, 11.038, 13.345, 13.665, 13.231, 11.945, 10.054, 7.833, 8.968, 10.854, 10.253, 11.719, 12.299, 10.756], [17.031, 13.762, 12.224, 8.293, 2.742, 0.0, 2.495, 3.604, 3.632, 6.773, 7.719, 10.983, 18.599, 22.091, 23.905, 23.956, 23.029, 22.558, 23.782, 23.893, 22.777, 23.064, 22.026, 23.582, 24.534, 22.604, 20.254, 20.134, 22.478, 24.244, 24.781, 24.098, 22.44, 18.31, 14.212, 11.411, 11.003, 10.805, 11.416, 11.35, 12.213, 14.503, 14.932, 14.564, 13.567, 11.345, 9.397, 10.364, 12.107, 11.573, 12.959, 13.605, 12.006], [15.768, 12.486, 10.818, 6.819, 3.567, 2.495, 0.0, 1.546, 2.023, 4.753, 5.928, 8.919, 16.538, 20.035, 21.855, 21.896, 20.983, 20.496, 21.732, 21.838, 20.78, 21.026, 20.059, 21.624, 22.697, 20.829, 18.236, 18.125, 20.952, 22.508, 22.795, 22.277, 20.534, 16.552, 12.328, 9.505, 9.564, 9.328, 10.091, 9.659, 10.761, 13.15, 13.389, 13.257, 12.26, 10.03, 8.079, 8.884, 10.544, 9.888, 11.144, 11.689, 10.164], [14.567, 11.304, 9.611, 5.639, 3.228, 3.604, 1.546, 0.0, 1.059, 3.467, 4.807, 7.463, 15.095, 18.636, 20.455, 20.557, 19.538, 19.049, 20.367, 20.428, 19.372, 19.685, 18.75, 20.324, 21.365, 19.512, 16.908, 16.818, 19.734, 21.203, 21.319, 21.035, 19.212, 15.307, 11.096, 8.187, 8.346, 8.128, 8.901, 8.452, 9.546, 11.948, 12.182, 12.072, 11.066, 8.84, 6.905, 7.678, 9.285, 8.68, 9.824, 10.363, 8.827], [14.077, 10.796, 9.259, 5.206, 2.799, 3.632, 2.023, 1.059, 0.0, 3.426, 4.354, 7.539, 15.17, 18.65, 20.507, 20.564, 19.604, 19.115, 20.396, 20.471, 19.362, 19.681, 18.73, 20.289, 21.326, 19.443, 16.866, 16.813, 19.437, 21.102, 21.374, 20.876, 19.157, 15.098, 10.924, 7.984, 7.97, 7.708, 8.421, 8.164, 9.237, 11.513, 11.818, 11.61, 10.569, 8.385, 6.373, 7.277, 8.962, 8.366, 9.762, 10.351, 8.797], [11.388, 8.196, 6.433, 2.919, 5.513, 6.773, 4.753, 3.467, 3.426, 0.0, 1.961, 4.454, 12.024, 15.496, 17.331, 17.293, 16.46, 15.968, 17.204, 17.325, 16.218, 16.416, 15.374, 16.949, 17.998, 16.208, 13.911, 13.495, 16.543, 18.043, 18.355, 17.8, 16.18, 12.266, 7.871, 5.393, 5.326, 5.295, 5.889, 5.423, 6.485, 8.931, 9.066, 8.917, 7.945, 5.72, 3.822, 4.619, 6.317, 5.53, 6.569, 7.018, 5.481], [9.894, 6.658, 5.085, 2.453, 6.24, 7.719, 5.928, 4.807, 4.354, 1.961, 0.0, 3.651, 11.188, 14.661, 16.502, 16.469, 15.631, 15.132, 16.371, 16.488, 15.328, 15.532, 14.527, 16.062, 17.124, 15.254, 12.881, 12.57, 15.26, 17.059, 17.443, 16.651, 15.148, 11.065, 6.725, 4.023, 3.892, 3.647, 4.377, 4.089, 5.088, 7.484, 7.717, 7.513, 6.45, 4.208, 2.7, 3.158, 4.956, 4.208, 5.578, 6.132, 4.597], [9.062, 6.686, 4.217, 3.818, 9.555, 10.983, 8.919, 7.463, 7.539, 4.454, 3.651, 0.0, 7.774, 11.216, 13.096, 13.195, 12.218, 11.66, 13.035, 13.109, 12.256, 12.538, 11.604, 13.171, 14.284, 12.559, 10.05, 9.765, 13.049, 14.333, 14.335, 14.285, 12.412, 8.578, 4.74, 2.96, 3.387, 4.247, 3.845, 3.095, 3.674, 5.689, 5.754, 6.094, 5.648, 3.894, 3.826, 2.45, 3.528, 2.179, 3.145, 3.367, 2.278], [7.499, 8.307, 6.963, 10.602, 17.161, 18.599, 16.538, 15.095, 15.17, 12.024, 11.188, 7.774, 0.0, 4.055, 5.448, 5.519, 4.515, 4.014, 5.332, 5.379, 4.611, 5.172, 4.216, 5.879, 6.702, 5.406, 4.382, 5.214, 6.86, 7.71, 7.397, 7.708, 6.46, 4.735, 5.08, 7.244, 7.681, 8.065, 7.689, 7.552, 6.687, 4.615, 4.007, 4.771, 5.991, 8.613, 10.881, 8.885, 6.713, 7.247, 5.848, 5.539, 7.232], [7.507, 9.825, 10.192, 14.069, 20.662, 22.091, 20.035, 18.636, 18.65, 15.496, 14.661, 11.216, 4.055, 0.0, 2.01, 2.164, 1.648, 1.956, 2.357, 2.276, 2.042, 2.27, 2.059, 2.363, 3.34, 2.476, 3.266, 3.926, 3.87, 4.09, 3.957, 4.075, 3.323, 4.153, 8.231, 10.727, 11.17, 11.556, 11.167, 11.041, 10.17, 7.724, 7.346, 7.911, 9.328, 12.057, 14.347, 12.366, 10.21, 10.717, 9.348, 9.007, 10.673], [8.863, 11.656, 12.034, 15.892, 22.507, 23.905, 21.855, 20.455, 20.507, 17.331, 16.502, 13.096, 5.448, 2.01, 0.0, 1.152, 1.899, 2.53, 2.096, 1.635, 2.316, 2.463, 2.761, 2.268, 2.605, 2.961, 4.547, 4.869, 4.202, 3.371, 3.012, 3.744, 3.436, 5.766, 10.078, 12.538, 12.99, 13.367, 12.978, 12.855, 11.998, 9.546, 9.154, 9.737, 11.146, 13.893, 16.171, 14.208, 12.043, 12.55, 11.151, 10.815, 12.504], [8.997, 11.62, 11.998, 15.874, 22.534, 23.956, 21.896, 20.557, 20.564, 17.293, 16.469, 13.195, 5.519, 2.164, 1.152, 0.0, 1.616, 2.312, 1.726, 1.43, 2.123, 2.17, 2.791, 2.571, 2.663, 3.237, 4.869, 5.297, 4.923, 4.109, 3.813, 4.388, 4.174, 5.927, 10.024, 12.636, 13.001, 13.375, 12.978, 12.848, 11.965, 9.562, 9.157, 9.709, 11.118, 13.859, 16.139, 14.171, 12.064, 12.521, 11.135, 10.776, 12.453], [8.28, 10.826, 11.165, 15.029, 21.618, 23.029, 20.983, 19.538, 19.604, 16.46, 15.631, 12.218, 4.515, 1.648, 1.899, 1.616, 0.0, 1.07, 1.311, 1.396, 1.534, 1.784, 2.136, 2.609, 2.738, 2.738, 3.958, 4.762, 4.809, 4.505, 4.136, 4.848, 4.151, 5.262, 9.205, 11.655, 12.111, 12.495, 12.111, 11.982, 11.117, 8.678, 8.293, 8.867, 10.282, 13.021, 15.3, 13.314, 11.158, 11.68, 10.277, 9.96, 11.639], [7.936, 10.395, 10.711, 14.558, 21.123, 22.558, 20.496, 19.049, 19.115, 15.968, 15.132, 11.66, 4.014, 1.956, 2.53, 2.312, 1.07, 0.0, 1.509, 1.87, 1.511, 1.929, 1.935, 3.208, 3.264, 2.833, 3.582, 4.54, 4.879, 5.045, 4.589, 5.244, 4.304, 4.79, 8.722, 11.164, 11.641, 12.025, 11.64, 11.512, 10.647, 8.207, 7.821, 8.399, 9.81, 12.553, 14.831, 12.841, 10.674, 11.204, 9.807, 9.483, 11.171], [8.924, 11.588, 11.917, 15.771, 22.396, 23.782, 21.732, 20.367, 20.396, 17.204, 16.371, 13.035, 5.332, 2.357, 2.096, 1.726, 1.311, 1.509, 0.0, 1.182, 1.667, 1.845, 2.647, 2.917, 2.599, 3.059, 4.403, 5.112, 5.075, 4.535, 4.135, 4.713, 4.191, 5.735, 9.95, 12.445, 12.874, 13.261, 12.865, 12.734, 11.875, 9.426, 9.047, 9.614, 11.032, 13.772, 16.051, 14.08, 11.93, 12.421, 11.041, 10.695, 12.386], [9.056, 11.716, 12.027, 15.881, 22.483, 23.893, 21.838, 20.428, 20.471, 17.325, 16.488, 13.109, 5.379, 2.276, 1.635, 1.43, 1.396, 1.87, 1.182, 0.0, 1.5, 1.819, 2.725, 2.356, 2.259, 2.911, 4.549, 4.998, 4.68, 4.133, 3.758, 4.44, 3.808, 5.696, 10.064, 12.528, 12.985, 13.355, 12.97, 12.846, 11.986, 9.535, 9.144, 9.719, 11.136, 13.874, 16.153, 14.174, 12.027, 12.536, 11.147, 10.812, 12.493], [7.955, 10.462, 10.791, 14.739, 21.315, 22.777, 20.78, 19.372, 19.362, 16.218, 15.328, 12.256, 4.611, 2.042, 2.316, 2.123, 1.534, 1.511, 1.667, 1.5, 0.0, 1.121, 1.767, 2.344, 2.302, 2.246, 3.842, 4.271, 4.317, 4.33, 4.121, 4.555, 3.828, 4.618, 8.92, 11.549, 11.798, 12.15, 11.77, 11.626, 10.799, 8.397, 7.95, 8.536, 9.978, 12.636, 14.923, 12.983, 10.826, 11.339, 9.969, 9.668, 11.315], [7.689, 10.584, 11.001, 14.961, 21.633, 23.064, 21.026, 19.685, 19.681, 16.416, 15.532, 12.538, 5.172, 2.27, 2.463, 2.17, 1.784, 1.929, 1.845, 1.819, 1.121, 0.0, 1.554, 2.005, 1.984, 1.902, 3.687, 3.982, 3.909, 3.908, 3.836, 4.167, 3.597, 4.917, 9.106, 11.802, 12.088, 12.423, 12.039, 11.884, 11.034, 8.662, 8.221, 8.78, 10.207, 12.715, 15.154, 13.125, 11.139, 11.573, 10.201, 9.921, 11.516], [6.457, 9.368, 9.919, 13.89, 20.671, 22.026, 20.059, 18.75, 18.73, 15.374, 14.527, 11.604, 4.216, 2.059, 2.761, 2.791, 2.136, 1.935, 2.647, 2.725, 1.767, 1.554, 0.0, 2.04, 2.777, 1.564, 2.67, 3.064, 3.67, 4.033, 4.095, 4.168, 3.71, 4.058, 8.034, 10.872, 11.061, 11.376, 10.998, 10.848, 9.995, 7.623, 7.171, 7.712, 9.103, 11.65, 14.048, 12.054, 10.131, 10.517, 9.172, 8.811, 10.42], [7.738, 10.81, 11.451, 15.44, 22.213, 23.582, 21.624, 20.324, 20.289, 16.949, 16.062, 13.171, 5.879, 2.363, 2.268, 2.571, 2.609, 3.208, 2.917, 2.356, 2.344, 2.005, 2.04, 0.0, 1.783, 1.937, 3.976, 3.886, 3.191, 2.994, 3.468, 3.449, 3.389, 5.381, 9.581, 12.44, 12.618, 12.931, 12.532, 12.416, 11.539, 9.172, 8.711, 9.256, 10.638, 13.127, 15.54, 13.579, 11.674, 12.087, 10.755, 10.322, 11.966], [8.437, 11.528, 12.369, 16.292, 23.278, 24.534, 22.697, 21.365, 21.326, 17.998, 17.124, 14.284, 6.702, 3.34, 2.605, 2.663, 2.738, 3.264, 2.599, 2.259, 2.302, 1.984, 2.777, 1.783, 0.0, 2.067, 4.721, 4.667, 3.236, 2.977, 3.399, 3.5, 3.774, 6.396, 10.463, 13.553, 13.571, 13.868, 13.427, 13.342, 12.496, 10.113, 9.631, 10.176, 11.528, 13.91, 16.336, 14.579, 12.65, 13.034, 11.61, 11.075, 12.646], [6.708, 9.722, 10.432, 14.385, 21.393, 22.604, 20.829, 19.512, 19.443, 16.208, 15.254, 12.559, 5.406, 2.476, 2.961, 3.237, 2.738, 2.833, 3.059, 2.911, 2.246, 1.902, 1.564, 1.937, 2.067, 0.0, 2.899, 3.156, 2.534, 2.985, 3.375, 3.292, 3.01, 4.508, 8.665, 11.718, 11.648, 11.92, 11.491, 11.436, 10.548, 8.184, 7.748, 8.249, 9.568, 12.112, 14.428, 12.714, 10.724, 11.14, 9.721, 9.44, 10.927], [5.032, 7.996, 8.357, 12.235, 18.86, 20.254, 18.236, 16.908, 16.866, 13.911, 12.881, 10.05, 4.382, 3.266, 4.547, 4.869, 3.958, 3.582, 4.403, 4.549, 3.842, 3.687, 2.67, 3.976, 4.721, 2.899, 0.0, 2.046, 3.102, 4.498, 4.756, 4.334, 3.071, 2.725, 6.515, 8.975, 9.347, 9.733, 9.342, 9.229, 8.342, 5.888, 5.503, 6.069, 7.494, 10.219, 12.507, 10.547, 8.391, 8.92, 8.034, 7.848, 9.436], [4.492, 7.537, 8.073, 12.024, 18.752, 20.134, 18.125, 16.818, 16.813, 13.495, 12.57, 9.765, 5.214, 3.926, 4.869, 5.297, 4.762, 4.54, 5.112, 4.998, 4.271, 3.982, 3.064, 3.886, 4.667, 3.156, 2.046, 0.0, 3.7, 5.017, 5.511, 5.0, 3.894, 2.902, 6.161, 8.929, 9.166, 9.485, 9.102, 8.953, 8.104, 5.811, 5.52, 6.093, 7.279, 9.784, 12.169, 10.161, 8.238, 8.636, 7.571, 7.217, 8.628], [6.688, 9.792, 10.345, 14.371, 21.26, 22.478, 20.952, 19.734, 19.437, 16.543, 15.26, 13.049, 6.86, 3.87, 4.202, 4.923, 4.809, 4.879, 5.075, 4.68, 4.317, 3.909, 3.67, 3.191, 3.236, 2.534, 3.102, 3.7, 0.0, 2.167, 3.241, 2.277, 2.1, 4.54, 8.887, 11.782, 11.541, 11.825, 11.392, 11.449, 10.455, 8.044, 7.657, 8.101, 9.476, 12.247, 14.395, 12.663, 10.646, 11.145, 10.386, 10.298, 11.827], [8.621, 11.722, 12.207, 16.124, 23.081, 24.244, 22.508, 21.203, 21.102, 18.043, 17.059, 14.333, 7.71, 4.09, 3.371, 4.109, 4.505, 5.045, 4.535, 4.133, 4.33, 3.908, 4.033, 2.994, 2.977, 2.985, 4.498, 5.017, 2.167, 0.0, 1.595, 1.501, 2.217, 6.169, 10.573, 13.394, 13.332, 13.638, 13.224, 13.178, 12.256, 9.815, 9.438, 9.956, 11.348, 14.164, 16.307, 14.562, 12.418, 12.925, 11.766, 11.648, 13.166], [9.516, 12.528, 12.91, 16.792, 23.397, 24.781, 22.795, 21.319, 21.374, 18.355, 17.443, 14.335, 7.397, 3.957, 3.012, 3.813, 4.136, 4.589, 4.135, 3.758, 4.121, 3.836, 4.095, 3.468, 3.399, 3.375, 4.756, 5.511, 3.241, 1.595, 0.0, 1.43, 2.392, 6.609, 11.039, 13.551, 13.863, 14.247, 13.861, 13.734, 12.869, 10.428, 10.066, 10.619, 12.031, 14.789, 17.051, 15.067, 12.92, 13.469, 12.29, 12.164, 13.716], [8.526, 11.542, 12.011, 16.022, 22.791, 24.098, 22.277, 21.035, 20.876, 17.8, 16.651, 14.285, 7.708, 4.075, 3.744, 4.388, 4.848, 5.244, 4.713, 4.44, 4.555, 4.167, 4.168, 3.449, 3.5, 3.292, 4.334, 5.0, 2.277, 1.501, 1.43, 0.0, 2.064, 6.022, 10.284, 13.12, 13.133, 13.471, 13.072, 12.983, 12.066, 9.696, 9.264, 9.814, 11.224, 13.864, 16.125, 14.234, 12.239, 12.681, 11.71, 11.611, 13.198], [7.507, 10.283, 10.597, 14.46, 21.157, 22.44, 20.534, 19.212, 19.157, 16.18, 15.148, 12.412, 6.46, 3.323, 3.436, 4.174, 4.151, 4.304, 4.191, 3.808, 3.828, 3.597, 3.71, 3.389, 3.774, 3.01, 3.071, 3.894, 2.1, 2.217, 2.392, 2.064, 0.0, 4.337, 8.739, 11.36, 11.532, 11.901, 11.515, 11.41, 10.535, 8.094, 7.761, 8.311, 9.684, 12.445, 14.713, 12.781, 10.626, 11.15, 10.192, 10.051, 11.655], [5.05, 7.141, 6.923, 10.303, 17.015, 18.31, 16.552, 15.307, 15.098, 12.266, 11.065, 8.578, 4.735, 4.153, 5.766, 5.927, 5.262, 4.79, 5.735, 5.696, 4.618, 4.917, 4.058, 5.381, 6.396, 4.508, 2.725, 2.902, 4.54, 6.169, 6.609, 6.022, 4.337, 0.0, 4.797, 7.423, 7.421, 7.768, 7.335, 7.301, 6.342, 3.955, 3.689, 4.133, 5.555, 8.302, 10.49, 8.538, 6.451, 7.059, 6.849, 6.846, 7.972], [5.032, 4.457, 3.264, 6.09, 12.873, 14.212, 12.328, 11.096, 10.924, 7.871, 6.725, 4.74, 5.08, 8.231, 10.078, 10.024, 9.205, 8.722, 9.95, 10.064, 8.92, 9.106, 8.034, 9.581, 10.463, 8.665, 6.515, 6.161, 8.887, 10.573, 11.039, 10.284, 8.739, 4.797, 0.0, 3.17, 3.232, 3.704, 3.157, 3.103, 2.359, 2.139, 2.178, 2.151, 2.086, 3.884, 6.122, 4.415, 2.438, 3.026, 4.06, 3.845, 4.387], [6.582, 3.987, 2.642, 3.725, 9.996, 11.411, 9.505, 8.187, 7.984, 5.393, 4.023, 2.96, 7.244, 10.727, 12.538, 12.636, 11.655, 11.164, 12.445, 12.528, 11.549, 11.802, 10.872, 12.44, 13.553, 11.718, 8.975, 8.929, 11.782, 13.394, 13.551, 13.12, 11.36, 7.423, 3.17, 0.0, 1.854, 2.141, 2.096, 2.14, 2.696, 4.013, 4.314, 4.031, 3.103, 1.968, 4.14, 2.874, 1.757, 2.54, 4.427, 4.431, 4.286], [6.602, 4.242, 2.425, 3.432, 9.781, 11.003, 9.564, 8.346, 7.97, 5.326, 3.892, 3.387, 7.681, 11.17, 12.99, 13.001, 12.111, 11.641, 12.874, 12.985, 11.798, 12.088, 11.061, 12.618, 13.571, 11.648, 9.347, 9.166, 11.541, 13.332, 13.863, 13.133, 11.532, 7.421, 3.232, 1.854, 0.0, 1.268, 1.29, 1.856, 2.166, 3.681, 3.983, 3.824, 3.2, 2.099, 3.278, 2.164, 1.66, 2.594, 4.737, 4.786, 4.234], [6.534, 4.106, 2.942, 3.408, 9.621, 10.805, 9.328, 8.128, 7.708, 5.295, 3.647, 4.247, 8.065, 11.556, 13.367, 13.375, 12.495, 12.025, 13.261, 13.355, 12.15, 12.423, 11.376, 12.931, 13.868, 11.92, 9.733, 9.485, 11.825, 13.638, 14.247, 13.471, 11.901, 7.768, 3.704, 2.141, 1.268, 0.0, 1.616, 2.272, 2.764, 4.047, 4.352, 4.17, 3.115, 2.241, 3.54, 2.85, 2.201, 3.385, 5.471, 5.539, 5.015], [6.145, 3.889, 2.778, 4.075, 10.148, 11.416, 10.091, 8.901, 8.421, 5.889, 4.377, 3.845, 7.689, 11.167, 12.978, 12.978, 12.111, 11.64, 12.865, 12.97, 11.77, 12.039, 10.998, 12.532, 13.427, 11.491, 9.342, 9.102, 11.392, 13.224, 13.861, 13.072, 11.515, 7.335, 3.157, 2.096, 1.29, 1.616, 0.0, 1.418, 1.829, 3.494, 3.877, 3.544, 2.774, 1.927, 3.488, 2.587, 1.631, 3.001, 4.915, 4.893, 4.73], [6.569, 4.849, 3.457, 4.016, 10.166, 11.35, 9.659, 8.452, 8.164, 5.423, 4.089, 3.095, 7.552, 11.041, 12.855, 12.848, 11.982, 11.512, 12.734, 12.846, 11.626, 11.884, 10.848, 12.416, 13.342, 11.436, 9.229, 8.953, 11.449, 13.178, 13.734, 12.983, 11.41, 7.301, 3.103, 2.14, 1.856, 2.272, 1.418, 0.0, 1.385, 3.74, 3.978, 3.839, 3.292, 2.166, 3.641, 2.494, 1.499, 2.335, 3.979, 3.969, 3.942], [6.139, 5.141, 3.68, 4.623, 11.038, 12.213, 10.761, 9.546, 9.237, 6.485, 5.088, 3.674, 6.687, 10.17, 11.998, 11.965, 11.117, 10.647, 11.875, 11.986, 10.799, 11.034, 9.995, 11.539, 12.496, 10.548, 8.342, 8.104, 10.455, 12.256, 12.869, 12.066, 10.535, 6.342, 2.359, 2.696, 2.166, 2.764, 1.829, 1.385, 0.0, 2.764, 3.055, 2.945, 2.748, 2.628, 4.331, 2.814, 1.466, 2.313, 3.756, 3.869, 4.054], [4.88, 5.684, 4.474, 6.681, 13.345, 14.503, 13.15, 11.948, 11.513, 8.931, 7.484, 5.689, 4.615, 7.724, 9.546, 9.562, 8.678, 8.207, 9.426, 9.535, 8.397, 8.662, 7.623, 9.172, 10.113, 8.184, 5.888, 5.811, 8.044, 9.815, 10.428, 9.696, 8.094, 3.955, 2.139, 4.013, 3.681, 4.047, 3.494, 3.74, 2.764, 0.0, 1.12, 1.228, 2.536, 4.712, 6.669, 4.987, 3.265, 4.006, 4.848, 4.913, 5.728], [5.277, 5.86, 4.497, 6.848, 13.665, 14.932, 13.389, 12.182, 11.818, 9.066, 7.717, 5.754, 4.007, 7.346, 9.154, 9.157, 8.293, 7.821, 9.047, 9.144, 7.95, 8.221, 7.171, 8.711, 9.631, 7.748, 5.503, 5.52, 7.657, 9.438, 10.066, 9.264, 7.761, 3.689, 2.178, 4.314, 3.983, 4.352, 3.877, 3.978, 3.055, 1.12, 0.0, 1.251, 2.834, 4.879, 7.039, 5.213, 3.284, 3.95, 4.508, 4.486, 5.419], [4.656, 5.044, 4.262, 6.605, 13.231, 14.564, 13.257, 12.072, 11.61, 8.917, 7.513, 6.094, 4.771, 7.911, 9.737, 9.709, 8.867, 8.399, 9.614, 9.719, 8.536, 8.78, 7.712, 9.256, 10.176, 8.249, 6.069, 6.093, 8.101, 9.956, 10.619, 9.814, 8.311, 4.133, 2.151, 4.031, 3.824, 4.17, 3.544, 3.839, 2.945, 1.228, 1.251, 0.0, 2.086, 4.389, 6.464, 5.08, 3.129, 4.273, 5.0, 4.987, 5.968], [4.358, 3.793, 3.34, 5.749, 11.945, 13.567, 12.26, 11.066, 10.569, 7.945, 6.45, 5.648, 5.991, 9.328, 11.146, 11.118, 10.282, 9.81, 11.032, 11.136, 9.978, 10.207, 9.103, 10.638, 11.528, 9.568, 7.494, 7.279, 9.476, 11.348, 12.031, 11.224, 9.684, 5.555, 2.086, 3.103, 3.2, 3.115, 2.774, 3.292, 2.748, 2.536, 2.834, 2.086, 0.0, 3.327, 5.387, 4.572, 2.467, 3.983, 5.034, 5.016, 5.621], [5.934, 3.484, 2.973, 3.586, 10.054, 11.345, 10.03, 8.84, 8.385, 5.72, 4.208, 3.894, 8.613, 12.057, 13.893, 13.859, 13.021, 12.553, 13.772, 13.874, 12.636, 12.715, 11.65, 13.127, 13.91, 12.112, 10.219, 9.784, 12.247, 14.164, 14.789, 13.864, 12.445, 8.302, 3.884, 1.968, 2.099, 2.241, 1.927, 2.166, 2.628, 4.712, 4.879, 4.389, 3.327, 0.0, 3.118, 2.414, 2.154, 2.728, 4.641, 4.363, 4.146], [8.647, 5.622, 4.421, 2.127, 7.833, 9.397, 8.079, 6.905, 6.373, 3.822, 2.7, 3.826, 10.881, 14.347, 16.171, 16.139, 15.3, 14.831, 16.051, 16.153, 14.923, 15.154, 14.048, 15.54, 16.336, 14.428, 12.507, 12.169, 14.395, 16.307, 17.051, 16.125, 14.713, 10.49, 6.122, 4.14, 3.278, 3.54, 3.488, 3.641, 4.331, 6.669, 7.039, 6.464, 5.387, 3.118, 0.0, 2.169, 4.26, 3.746, 5.493, 5.663, 4.346], [7.861, 5.247, 3.04, 2.719, 8.968, 10.364, 8.884, 7.678, 7.277, 4.619, 3.158, 2.45, 8.885, 12.366, 14.208, 14.171, 13.314, 12.841, 14.08, 14.174, 12.983, 13.125, 12.054, 13.579, 14.579, 12.714, 10.547, 10.161, 12.663, 14.562, 15.067, 14.234, 12.781, 8.538, 4.415, 2.874, 2.164, 2.85, 2.587, 2.494, 2.814, 4.987, 5.213, 5.08, 4.572, 2.414, 2.169, 0.0, 2.732, 1.965, 3.903, 4.144, 3.144], [5.942, 4.188, 2.846, 4.395, 10.854, 12.107, 10.544, 9.285, 8.962, 6.317, 4.956, 3.528, 6.713, 10.21, 12.043, 12.064, 11.158, 10.674, 11.93, 12.027, 10.826, 11.139, 10.131, 11.674, 12.65, 10.724, 8.391, 8.238, 10.646, 12.418, 12.92, 12.239, 10.626, 6.451, 2.438, 1.757, 1.66, 2.201, 1.631, 1.499, 1.466, 3.265, 3.284, 3.129, 2.467, 2.154, 4.26, 2.732, 0.0, 2.343, 3.841, 3.939, 4.159], [7.474, 5.324, 2.989, 3.625, 10.253, 11.573, 9.888, 8.68, 8.366, 5.53, 4.208, 2.179, 7.247, 10.717, 12.55, 12.521, 11.68, 11.204, 12.421, 12.536, 11.339, 11.573, 10.517, 12.087, 13.034, 11.14, 8.92, 8.636, 11.145, 12.925, 13.469, 12.681, 11.15, 7.059, 3.026, 2.54, 2.594, 3.385, 3.001, 2.335, 2.313, 4.006, 3.95, 4.273, 3.983, 2.728, 3.746, 1.965, 2.343, 0.0, 2.383, 2.466, 2.018], [8.502, 6.828, 4.827, 5.311, 11.719, 12.959, 11.144, 9.824, 9.762, 6.569, 5.578, 3.145, 5.848, 9.348, 11.151, 11.135, 10.277, 9.807, 11.041, 11.147, 9.969, 10.201, 9.172, 10.755, 11.61, 9.721, 8.034, 7.571, 10.386, 11.766, 12.29, 11.71, 10.192, 6.849, 4.06, 4.427, 4.737, 5.471, 4.915, 3.979, 3.756, 4.848, 4.508, 5.0, 5.034, 4.641, 5.493, 3.903, 3.841, 2.383, 0.0, 1.023, 1.846], [8.265, 6.566, 4.948, 5.655, 12.299, 13.605, 11.689, 10.363, 10.351, 7.018, 6.132, 3.367, 5.539, 9.007, 10.815, 10.776, 9.96, 9.483, 10.695, 10.812, 9.668, 9.921, 8.811, 10.322, 11.075, 9.44, 7.848, 7.217, 10.298, 11.648, 12.164, 11.611, 10.051, 6.846, 3.845, 4.431, 4.786, 5.539, 4.893, 3.969, 3.869, 4.913, 4.486, 4.987, 5.016, 4.363, 5.663, 4.144, 3.939, 2.466, 1.023, 0.0, 1.924], [8.591, 6.478, 4.242, 4.349, 10.756, 12.006, 10.164, 8.827, 8.797, 5.481, 4.597, 2.278, 7.232, 10.673, 12.504, 12.453, 11.639, 11.171, 12.386, 12.493, 11.315, 11.516, 10.42, 11.966, 12.646, 10.927, 9.436, 8.628, 11.827, 13.166, 13.716, 13.198, 11.655, 7.972, 4.387, 4.286, 4.234, 5.015, 4.73, 3.942, 4.054, 5.728, 5.419, 5.968, 5.621, 4.146, 4.346, 3.144, 4.159, 2.018, 1.846, 1.924, 0.0]]