[[0.0, 2.417, 3.498, 3.732, 3.642, 4.797, 7.016, 7.619, 7.59, 7.934, 8.478, 8.626, 8.124, 7.455, 6.224, 4.943, 4.871, 4.84, 4.533, 3.971, 5.057, 6.698, 7.515, 7.097, 6.797, 6.871, 7.019, 7.047, 7.04, 7.815, 8.551, 9.515, 8.54, 9.253, 10.138, 10.959, 11.43, 11.655, 12.141, 12.113, 11.996, 10.704, 9.202, 7.689, 6.296, 6.006, 6.564, 7.004, 7.179, 7.455, 7.701, 7.697, 7.077, 6.084, 5.074, 4.307, 4.336, 4.949, 4.92, 4.672, 4.429, 4.398, 4.294, 4.189, 4.068, 3.952, 3.837, 3.632, 3.26, 2.795, 3.716, 4.467, 4.892, 5.412, 6.332, 7.386, 7.509, 6.59, 6.134, 5.678, 5.159, 5.773, 6.914, 7.709, 8.12, 8.369, 6.407, 4.355, 9.256, 13.365, 10.315, 4.705, 5.256, 9.023, 11.565, 13.778, 15.666, 16.165, 16.441, 16.701, 16.683, 16.531, 16.3, 16.401, 16.755, 17.123, 17.613, 18.031, 18.161, 17.853, 17.424, 17.119, 16.999, 16.965, 16.969, 17.059, 17.357, 17.884, 18.538, 19.365, 19.907, 20.153, 20.447, 20.866, 20.777, 18.995, 17.205, 16.109, 15.684, 13.527, 10.105, 10.388, 13.292, 14.511, 14.691, 14.836, 13.282, 10.341, 8.139, 10.014, 13.595, 15.501, 15.359, 14.585, 14.28, 14.445, 14.73, 13.602, 12.209, 11.271, 10.598, 10.026, 10.478, 9.07, 7.586, 7.474, 7.922, 7.659], [2.417, 0.0, 1.618, 1.949, 2.175, 4.263, 6.51, 7.028, 7.082, 7.445, 8.012, 8.159, 7.7, 7.082, 5.953, 4.351, 4.167, 4.478, 4.115, 4.028, 5.378, 7.008, 7.766, 7.444, 7.271, 7.518, 7.82, 7.98, 8.357, 9.355, 10.228, 11.056, 10.093, 10.993, 12.067, 12.859, 13.281, 13.582, 14.079, 14.159, 14.169, 12.894, 11.399, 9.777, 8.37, 8.118, 8.714, 9.103, 8.965, 9.307, 9.458, 9.139, 8.873, 8.035, 6.83, 5.954, 6.269, 6.849, 7.018, 6.866, 6.602, 6.486, 6.332, 6.19, 6.098, 5.99, 5.766, 5.392, 4.473, 3.458, 3.702, 4.736, 5.237, 5.42, 6.097, 6.985, 6.98, 6.114, 5.743, 5.174, 4.573, 4.942, 6.349, 7.23, 7.594, 7.613, 5.928, 5.072, 11.036, 14.803, 12.429, 6.793, 4.875, 8.496, 11.007, 13.287, 15.183, 15.659, 15.909, 16.157, 16.119, 15.999, 15.749, 15.862, 16.153, 16.573, 17.037, 17.443, 17.589, 17.283, 16.881, 16.584, 16.465, 16.426, 16.422, 16.508, 16.798, 17.343, 18.019, 18.849, 19.384, 19.619, 19.928, 20.349, 20.26, 18.482, 16.679, 15.619, 15.242, 13.206, 9.716, 9.791, 12.784, 13.957, 14.161, 14.258, 12.666, 9.99, 7.985, 9.618, 12.819, 14.892, 14.507, 13.645, 13.583, 13.915, 14.195, 13.055, 11.638, 10.688, 10.03, 9.581, 10.213, 9.141, 8.088, 8.108, 8.75, 8.57], [3.498, 1.618, 0.0, 1.393, 2.108, 3.481, 5.562, 6.213, 6.265, 6.598, 7.218, 7.32, 6.967, 6.457, 5.372, 3.698, 3.468, 3.724, 3.476, 3.781, 5.163, 6.494, 7.062, 6.874, 7.111, 7.89, 8.258, 8.418, 8.829, 9.876, 10.861, 11.681, 10.726, 11.689, 12.89, 13.569, 13.959, 14.304, 14.817, 14.998, 15.071, 13.839, 12.325, 10.65, 9.228, 9.02, 9.779, 10.151, 10.084, 10.443, 10.532, 10.248, 9.96, 9.067, 7.842, 6.983, 7.238, 7.785, 7.973, 7.809, 7.526, 7.386, 7.198, 7.042, 6.991, 6.922, 6.659, 6.309, 5.14, 3.771, 3.848, 4.747, 5.052, 5.137, 5.728, 6.525, 6.083, 5.339, 5.21, 4.318, 3.695, 4.041, 5.405, 6.201, 6.612, 6.611, 5.149, 5.695, 12.22, 16.058, 13.521, 7.71, 4.119, 7.406, 9.934, 12.214, 14.128, 14.588, 14.841, 15.099, 15.055, 14.928, 14.668, 14.798, 15.094, 15.495, 15.971, 16.351, 16.511, 16.214, 15.818, 15.523, 15.405, 15.355, 15.353, 15.449, 15.731, 16.279, 16.946, 17.78, 18.32, 18.559, 18.855, 19.259, 19.174, 17.377, 15.584, 14.552, 14.282, 12.305, 8.841, 8.756, 11.696, 12.897, 13.119, 13.215, 11.615, 9.092, 7.181, 8.772, 11.826, 13.836, 13.38, 12.556, 12.493, 12.875, 13.141, 11.986, 10.592, 9.659, 8.975, 8.618, 9.353, 8.644, 8.058, 8.466, 9.195, 8.987], [3.732, 1.949, 1.393, 0.0, 1.528, 3.614, 5.9, 6.523, 6.553, 6.908, 7.475, 7.612, 7.245, 6.748, 5.662, 4.05, 3.901, 4.059, 3.746, 4.425, 5.939, 7.129, 7.702, 7.609, 7.769, 8.576, 8.94, 9.099, 9.567, 10.696, 11.582, 12.46, 11.486, 12.352, 13.458, 14.258, 14.662, 14.986, 15.483, 15.545, 15.567, 14.311, 12.807, 11.161, 9.722, 9.493, 10.223, 10.525, 10.4, 10.72, 10.86, 10.534, 10.244, 9.391, 8.209, 7.418, 7.709, 8.26, 8.449, 8.286, 8.012, 7.889, 7.719, 7.577, 7.504, 7.428, 7.171, 6.759, 5.555, 4.251, 4.119, 5.071, 5.367, 5.354, 5.931, 6.724, 6.445, 5.714, 5.54, 4.608, 3.881, 4.235, 5.734, 6.507, 6.904, 6.868, 5.628, 6.351, 12.374, 16.208, 13.943, 8.197, 4.578, 7.573, 10.178, 12.468, 14.396, 14.846, 15.043, 15.285, 15.241, 15.154, 14.854, 14.994, 15.263, 15.671, 16.124, 16.513, 16.668, 16.369, 15.983, 15.701, 15.582, 15.54, 15.542, 15.628, 15.92, 16.455, 17.122, 17.944, 18.482, 18.721, 19.028, 19.429, 19.341, 17.534, 15.798, 14.802, 14.631, 12.715, 9.147, 9.026, 11.935, 13.126, 13.308, 13.433, 11.884, 9.552, 7.688, 9.241, 12.075, 14.052, 13.596, 12.715, 12.66, 13.035, 13.302, 12.157, 10.76, 9.854, 9.228, 9.014, 9.82, 9.315, 8.733, 9.132, 9.879, 9.676], [3.642, 2.175, 2.108, 1.528, 0.0, 3.102, 5.458, 5.942, 5.989, 6.367, 6.847, 7.045, 6.689, 6.103, 4.979, 3.445, 3.332, 3.552, 3.346, 4.133, 5.832, 7.24, 7.712, 7.676, 7.786, 8.488, 8.864, 9.018, 9.541, 10.633, 11.524, 12.419, 11.386, 12.256, 13.367, 14.195, 14.628, 14.914, 15.408, 15.427, 15.3, 14.007, 12.503, 11.003, 9.519, 9.166, 9.879, 10.387, 10.287, 10.53, 10.692, 10.347, 10.063, 9.22, 7.958, 7.058, 7.365, 7.953, 8.113, 7.979, 7.725, 7.688, 7.588, 7.467, 7.358, 7.24, 7.002, 6.497, 5.437, 4.148, 3.885, 4.769, 4.926, 4.756, 5.24, 6.159, 6.118, 5.391, 4.872, 4.152, 3.557, 3.869, 5.458, 6.163, 6.607, 6.599, 5.456, 6.263, 12.27, 16.291, 13.633, 7.986, 4.408, 7.272, 9.796, 12.133, 14.072, 14.543, 14.69, 14.947, 14.899, 14.848, 14.507, 14.683, 14.881, 15.309, 15.734, 16.141, 16.282, 15.966, 15.588, 15.302, 15.207, 15.188, 15.175, 15.273, 15.577, 16.085, 16.756, 17.558, 18.08, 18.324, 18.63, 19.039, 18.949, 17.181, 15.395, 14.448, 14.315, 12.487, 8.805, 8.724, 11.581, 12.791, 12.943, 13.054, 11.545, 9.274, 7.555, 8.988, 11.817, 13.701, 13.205, 12.261, 12.286, 12.685, 12.911, 11.811, 10.393, 9.524, 8.902, 8.712, 9.589, 9.371, 8.792, 9.063, 9.805, 9.606], [4.797, 4.263, 3.481, 3.614, 3.102, 0.0, 2.603, 3.251, 3.351, 3.688, 4.296, 4.41, 4.064, 3.623, 2.579, 2.033, 2.116, 1.615, 1.914, 2.903, 4.398, 5.628, 5.984, 5.919, 6.368, 7.209, 7.585, 7.769, 8.344, 9.658, 10.674, 11.478, 10.692, 11.561, 12.504, 13.216, 13.585, 13.896, 14.401, 14.519, 14.531, 13.278, 11.838, 10.131, 9.044, 9.068, 9.969, 10.678, 11.237, 11.661, 11.899, 11.772, 11.043, 9.732, 8.613, 7.796, 7.253, 7.604, 7.995, 7.947, 7.442, 6.99, 6.862, 6.724, 6.701, 6.593, 6.287, 5.804, 4.737, 3.722, 3.482, 3.782, 3.705, 3.468, 3.452, 4.011, 3.492, 3.313, 3.468, 2.398, 1.577, 1.833, 2.819, 3.571, 4.073, 3.977, 3.217, 6.309, 13.485, 17.667, 14.022, 7.181, 2.112, 4.824, 7.276, 9.519, 11.407, 11.898, 12.127, 12.398, 12.452, 12.295, 12.064, 12.149, 12.448, 12.782, 13.299, 13.721, 13.842, 13.535, 13.11, 12.792, 12.664, 12.621, 12.622, 12.712, 13.024, 13.534, 14.231, 15.048, 15.592, 15.819, 16.126, 16.55, 16.459, 14.678, 12.942, 11.777, 11.573, 9.76, 6.295, 6.357, 9.13, 10.28, 10.359, 10.491, 9.091, 6.51, 5.235, 6.513, 9.4, 11.232, 11.097, 10.449, 10.064, 10.203, 10.385, 9.293, 7.868, 6.951, 6.359, 5.966, 6.97, 7.801, 7.383, 7.768, 8.515, 8.311], [7.016, 6.51, 5.562, 5.9, 5.458, 2.603, 0.0, 1.055, 1.314, 1.705, 2.109, 2.185, 2.212, 1.998, 1.816, 2.748, 2.971, 2.602, 3.159, 3.46, 4.051, 4.995, 5.163, 5.063, 5.692, 6.704, 7.088, 7.304, 7.96, 9.293, 10.49, 11.177, 10.6, 11.858, 12.671, 13.118, 13.423, 13.74, 14.265, 14.576, 14.967, 14.201, 12.709, 11.162, 10.712, 10.924, 11.966, 12.778, 13.39, 13.869, 14.161, 14.123, 13.324, 12.073, 10.932, 10.065, 9.442, 9.539, 9.877, 9.673, 9.086, 8.504, 8.265, 8.288, 8.348, 8.248, 7.802, 7.277, 6.423, 5.431, 4.646, 4.038, 3.67, 3.118, 2.597, 2.857, 2.806, 3.168, 3.363, 2.32, 2.822, 2.336, 1.585, 2.009, 2.429, 2.45, 2.551, 8.105, 15.833, 20.109, 16.091, 8.145, 2.281, 2.699, 4.884, 7.093, 8.999, 9.486, 9.739, 10.041, 10.178, 9.995, 9.766, 9.821, 10.218, 10.519, 11.042, 11.475, 11.58, 11.275, 10.816, 10.464, 10.33, 10.253, 10.252, 10.343, 10.632, 11.166, 11.84, 12.65, 13.238, 13.458, 13.784, 14.224, 14.127, 12.343, 10.528, 9.321, 9.331, 7.81, 5.09, 4.509, 6.978, 7.947, 7.997, 8.141, 6.718, 4.604, 4.228, 5.019, 7.277, 8.984, 8.979, 8.282, 7.888, 7.868, 8.041, 6.915, 5.537, 4.632, 4.097, 3.831, 5.417, 6.918, 6.832, 7.211, 7.959, 7.761], [7.619, 7.028, 6.213, 6.523, 5.942, 3.251, 1.055, 0.0, 0.695, 1.17, 1.498, 1.533, 1.685, 1.572, 1.775, 3.154, 3.439, 3.202, 3.722, 3.985, 3.873, 4.482, 4.655, 4.69, 5.231, 6.236, 6.629, 6.899, 7.582, 9.097, 10.501, 11.073, 10.895, 12.26, 13.051, 13.278, 13.387, 13.75, 14.333, 14.885, 15.322, 14.671, 13.193, 11.526, 11.182, 11.492, 12.51, 13.334, 13.985, 14.48, 14.792, 14.743, 13.939, 12.617, 11.555, 10.662, 10.074, 10.1, 10.436, 10.2, 9.575, 8.968, 8.711, 8.727, 8.776, 8.73, 8.314, 7.739, 6.887, 5.914, 5.162, 4.292, 3.758, 3.188, 2.241, 2.386, 2.499, 2.849, 2.991, 2.678, 3.34, 3.099, 1.867, 1.927, 2.428, 2.57, 2.852, 8.625, 16.436, 20.726, 16.679, 8.632, 2.627, 2.146, 4.325, 6.558, 8.39, 8.86, 9.163, 9.393, 9.583, 9.431, 9.213, 9.263, 9.656, 9.929, 10.441, 10.882, 10.979, 10.678, 10.217, 9.843, 9.651, 9.616, 9.622, 9.706, 9.996, 10.507, 11.228, 12.074, 12.66, 12.9, 13.15, 13.593, 13.49, 11.715, 9.997, 8.748, 8.819, 7.433, 4.732, 4.062, 6.527, 7.367, 7.429, 7.583, 6.196, 4.194, 3.915, 4.681, 6.856, 8.448, 8.402, 7.715, 7.308, 7.256, 7.442, 6.294, 4.951, 4.086, 3.646, 3.464, 5.03, 6.457, 6.469, 6.74, 7.444, 7.289], [7.59, 7.082, 6.265, 6.553, 5.989, 3.351, 1.314, 0.695, 0.0, 0.888, 1.317, 1.486, 1.668, 1.584, 1.755, 3.208, 3.587, 3.299, 3.849, 4.093, 3.927, 4.301, 4.404, 4.521, 5.147, 6.127, 6.517, 6.81, 7.51, 9.054, 10.594, 11.138, 11.062, 12.387, 13.21, 13.344, 13.472, 13.752, 14.401, 14.975, 15.321, 14.716, 13.236, 11.595, 11.231, 11.535, 12.546, 13.41, 14.054, 14.549, 14.858, 14.823, 14.004, 12.704, 11.621, 10.743, 10.157, 10.127, 10.399, 10.169, 9.558, 8.932, 8.674, 8.712, 8.794, 8.749, 8.313, 7.708, 6.898, 5.988, 5.244, 4.382, 3.761, 3.226, 2.304, 2.222, 2.344, 2.669, 2.844, 2.685, 3.374, 3.283, 2.149, 2.029, 2.567, 2.806, 2.948, 8.618, 16.536, 20.783, 16.741, 8.7, 2.666, 2.218, 4.361, 6.568, 8.361, 8.822, 9.118, 9.408, 9.624, 9.475, 9.26, 9.311, 9.679, 9.976, 10.445, 10.881, 10.986, 10.681, 10.225, 9.854, 9.651, 9.545, 9.532, 9.621, 9.907, 10.476, 11.195, 12.047, 12.612, 12.848, 13.11, 13.506, 13.403, 11.636, 9.963, 8.706, 8.759, 7.356, 4.484, 4.029, 6.543, 7.396, 7.462, 7.611, 6.269, 4.182, 3.723, 4.709, 6.978, 8.533, 8.464, 7.756, 7.323, 7.286, 7.445, 6.267, 4.993, 4.142, 3.664, 3.477, 4.837, 6.176, 6.302, 6.532, 7.242, 7.076], [7.934, 7.445, 6.598, 6.908, 6.367, 3.688, 1.705, 1.17, 0.888, 0.0, 0.963, 1.477, 1.747, 1.907, 2.137, 3.464, 3.97, 3.711, 4.318, 4.592, 4.436, 4.3, 4.347, 4.694, 5.343, 6.174, 6.617, 6.853, 7.615, 9.314, 11.038, 11.476, 11.536, 12.77, 13.603, 13.689, 13.83, 14.166, 14.724, 15.324, 15.69, 15.123, 13.582, 11.94, 11.672, 12.055, 12.99, 13.908, 14.514, 14.975, 15.27, 15.175, 14.414, 13.157, 12.043, 11.151, 10.576, 10.536, 10.759, 10.485, 9.905, 9.332, 9.102, 9.01, 9.067, 9.045, 8.625, 8.046, 7.369, 6.51, 5.791, 4.928, 4.263, 3.728, 2.845, 2.193, 2.365, 2.656, 3.129, 3.151, 3.878, 3.58, 2.522, 2.29, 2.636, 2.849, 3.184, 8.991, 16.882, 21.106, 17.177, 9.169, 3.215, 2.091, 4.171, 6.31, 8.118, 8.545, 8.767, 9.081, 9.441, 9.33, 9.107, 9.099, 9.468, 9.734, 10.133, 10.553, 10.65, 10.334, 9.873, 9.506, 9.314, 9.226, 9.209, 9.327, 9.622, 10.136, 10.831, 11.69, 12.22, 12.462, 12.717, 13.145, 13.031, 11.274, 9.597, 8.442, 8.548, 7.14, 4.297, 3.96, 6.433, 7.163, 7.23, 7.394, 6.105, 4.013, 3.512, 4.704, 6.925, 8.373, 8.263, 7.546, 7.113, 7.019, 7.124, 6.064, 4.81, 3.952, 3.569, 3.391, 4.643, 6.119, 6.43, 6.544, 7.141, 7.022], [8.478, 8.012, 7.218, 7.475, 6.847, 4.296, 2.109, 1.498, 1.317, 0.963, 0.0, 1.057, 1.732, 2.127, 2.471, 3.989, 4.545, 4.252, 4.78, 5.07, 4.731, 4.261, 4.3, 4.646, 5.338, 6.114, 6.59, 6.774, 7.579, 9.502, 11.217, 11.668, 11.84, 13.125, 13.945, 13.95, 14.0, 14.382, 15.02, 15.675, 16.103, 15.512, 14.006, 12.353, 12.051, 12.417, 13.321, 14.359, 14.987, 15.46, 15.77, 15.756, 14.938, 13.676, 12.623, 11.729, 11.136, 11.14, 11.361, 11.013, 10.33, 9.759, 9.516, 9.434, 9.509, 9.442, 9.024, 8.458, 7.712, 6.854, 6.211, 5.438, 4.763, 4.169, 3.193, 2.356, 2.237, 2.723, 3.482, 3.514, 4.309, 4.011, 2.694, 2.368, 2.587, 2.969, 3.59, 9.525, 17.474, 21.692, 17.6, 9.514, 3.742, 1.898, 3.683, 5.677, 7.522, 7.964, 8.147, 8.419, 8.808, 8.7, 8.489, 8.469, 8.824, 9.101, 9.49, 9.924, 10.016, 9.705, 9.234, 8.874, 8.676, 8.615, 8.589, 8.684, 8.989, 9.509, 10.201, 11.052, 11.634, 11.863, 12.104, 12.553, 12.449, 10.681, 9.019, 7.851, 8.01, 6.704, 3.944, 3.479, 5.825, 6.549, 6.589, 6.787, 5.42, 3.553, 3.311, 4.388, 6.467, 7.815, 7.703, 6.968, 6.501, 6.332, 6.466, 5.391, 4.2, 3.333, 2.914, 2.788, 4.318, 5.775, 6.449, 6.612, 7.034, 7.047], [8.626, 8.159, 7.32, 7.612, 7.045, 4.41, 2.185, 1.533, 1.486, 1.477, 1.057, 0.0, 1.18, 1.71, 2.485, 4.129, 4.618, 4.31, 4.719, 4.939, 4.208, 3.813, 4.029, 4.185, 4.813, 5.61, 5.995, 6.239, 7.062, 9.069, 10.634, 11.235, 11.382, 12.774, 13.566, 13.551, 13.475, 14.013, 14.696, 15.407, 15.997, 15.343, 13.789, 12.264, 11.994, 12.383, 13.315, 14.274, 14.978, 15.484, 15.801, 15.785, 14.966, 13.686, 12.606, 11.744, 11.105, 11.182, 11.523, 11.249, 10.552, 9.939, 9.692, 9.696, 9.769, 9.62, 9.15, 8.686, 7.718, 6.767, 6.049, 5.198, 4.724, 4.033, 2.883, 2.113, 2.064, 2.634, 3.14, 3.631, 4.332, 4.142, 2.841, 2.612, 3.003, 3.271, 3.89, 9.535, 17.49, 21.795, 17.599, 9.377, 3.754, 2.035, 3.377, 5.454, 7.361, 7.855, 8.095, 8.38, 8.5, 8.33, 8.094, 8.154, 8.54, 8.837, 9.37, 9.795, 9.894, 9.603, 9.137, 8.763, 8.642, 8.599, 8.594, 8.67, 8.955, 9.481, 10.164, 11.008, 11.602, 11.832, 12.109, 12.586, 12.48, 10.705, 8.884, 7.669, 7.811, 6.462, 3.655, 3.115, 5.415, 6.279, 6.312, 6.482, 4.98, 3.323, 2.951, 3.825, 6.022, 7.449, 7.446, 6.713, 6.197, 6.171, 6.389, 5.237, 3.856, 3.033, 2.463, 2.527, 4.065, 5.42, 6.073, 6.218, 6.611, 6.662], [8.124, 7.7, 6.967, 7.245, 6.689, 4.064, 2.212, 1.685, 1.668, 1.747, 1.732, 1.18, 0.0, 0.925, 2.016, 3.654, 4.126, 3.879, 4.213, 4.316, 3.585, 3.341, 3.592, 3.827, 4.179, 4.935, 5.3, 5.585, 6.379, 8.115, 9.779, 10.291, 10.429, 11.799, 12.533, 12.627, 12.58, 13.168, 13.829, 14.434, 15.365, 14.66, 12.947, 11.615, 11.38, 11.688, 12.646, 13.699, 14.354, 14.88, 15.225, 15.184, 14.365, 13.132, 12.003, 11.112, 10.491, 10.66, 10.939, 10.661, 9.981, 9.373, 9.11, 9.122, 9.195, 9.05, 8.564, 8.109, 7.167, 6.187, 5.454, 4.605, 4.144, 3.425, 2.216, 1.837, 2.216, 2.341, 2.537, 3.281, 4.064, 4.041, 3.012, 2.803, 3.286, 3.465, 3.811, 8.875, 16.91, 21.265, 17.03, 8.716, 3.439, 2.525, 4.071, 5.979, 7.867, 8.435, 8.762, 9.01, 9.035, 8.896, 8.72, 8.77, 9.106, 9.443, 9.953, 10.381, 10.47, 10.166, 9.731, 9.425, 9.301, 9.281, 9.276, 9.357, 9.642, 10.134, 10.817, 11.63, 12.23, 12.454, 12.769, 13.231, 13.134, 11.353, 9.47, 8.178, 8.169, 6.623, 3.677, 3.272, 5.798, 6.796, 6.823, 7.02, 5.428, 3.707, 2.973, 3.959, 6.394, 8.034, 8.051, 7.342, 6.773, 6.837, 7.016, 5.907, 4.424, 3.572, 2.793, 2.957, 4.172, 5.29, 5.434, 5.491, 6.091, 6.019], [7.455, 7.082, 6.457, 6.748, 6.103, 3.623, 1.998, 1.572, 1.584, 1.907, 2.127, 1.71, 0.925, 0.0, 1.453, 3.089, 3.589, 3.339, 3.688, 3.732, 3.089, 3.534, 3.802, 3.887, 4.15, 4.936, 5.292, 5.548, 6.221, 7.866, 9.347, 9.943, 9.898, 11.21, 11.961, 12.229, 12.27, 12.784, 13.384, 13.933, 14.711, 13.995, 12.327, 10.922, 10.667, 11.062, 11.987, 13.068, 13.722, 14.24, 14.58, 14.542, 13.727, 12.521, 11.375, 10.489, 9.874, 9.995, 10.296, 9.959, 9.269, 8.666, 8.382, 8.41, 8.454, 8.316, 7.808, 7.333, 6.492, 5.53, 4.81, 4.028, 3.48, 2.8, 1.712, 1.908, 2.505, 2.435, 2.21, 2.786, 3.645, 3.79, 2.779, 2.584, 3.223, 3.439, 3.602, 8.351, 16.27, 20.606, 16.408, 8.05, 2.925, 2.935, 4.733, 6.642, 8.52, 9.089, 9.39, 9.711, 9.784, 9.626, 9.459, 9.529, 9.883, 10.201, 10.613, 11.019, 11.133, 10.831, 10.395, 10.085, 9.981, 9.96, 9.955, 10.022, 10.31, 10.816, 11.478, 12.287, 12.879, 13.1, 13.424, 13.876, 13.782, 11.999, 10.12, 8.828, 8.75, 7.199, 4.106, 3.966, 6.492, 7.44, 7.499, 7.754, 6.077, 4.195, 3.272, 4.499, 6.977, 8.756, 8.783, 8.041, 7.551, 7.451, 7.665, 6.607, 5.177, 4.204, 3.496, 3.342, 4.663, 5.567, 5.331, 5.485, 6.205, 6.036], [6.224, 5.953, 5.372, 5.662, 4.979, 2.579, 1.816, 1.775, 1.755, 2.137, 2.471, 2.485, 2.016, 1.453, 0.0, 1.923, 2.572, 2.327, 2.708, 3.029, 3.334, 4.543, 4.911, 4.908, 5.12, 5.776, 6.155, 6.317, 6.928, 8.417, 9.848, 10.434, 10.171, 11.445, 12.38, 12.69, 12.774, 13.346, 13.924, 14.426, 14.72, 13.795, 12.296, 10.651, 9.843, 10.093, 11.054, 12.062, 12.654, 13.145, 13.46, 13.455, 12.663, 11.393, 10.33, 9.49, 8.914, 9.139, 9.41, 9.064, 8.384, 7.822, 7.573, 7.571, 7.638, 7.512, 7.076, 6.615, 5.692, 4.505, 3.898, 3.295, 2.843, 2.315, 1.81, 2.632, 2.567, 2.259, 2.244, 2.166, 2.717, 2.784, 2.092, 2.268, 2.753, 3.073, 2.833, 7.368, 15.177, 19.42, 15.367, 7.563, 2.365, 3.308, 5.604, 7.711, 9.678, 10.173, 10.383, 10.661, 10.696, 10.535, 10.305, 10.372, 10.759, 11.083, 11.591, 11.999, 12.121, 11.814, 11.379, 11.077, 10.944, 10.926, 10.923, 11.006, 11.299, 11.826, 12.488, 13.302, 13.876, 14.113, 14.412, 14.877, 14.771, 12.997, 11.129, 9.988, 9.912, 8.286, 5.109, 4.875, 7.456, 8.489, 8.589, 8.733, 7.16, 5.015, 4.253, 5.306, 7.903, 9.653, 9.579, 8.843, 8.368, 8.394, 8.682, 7.575, 6.145, 5.242, 4.556, 4.291, 5.704, 6.662, 6.203, 6.356, 7.099, 6.902], [4.943, 4.351, 3.698, 4.05, 3.445, 2.033, 2.748, 3.154, 3.208, 3.464, 3.989, 4.129, 3.654, 3.089, 1.923, 0.0, 1.382, 1.615, 1.952, 2.718, 3.708, 5.303, 5.746, 5.72, 5.936, 6.565, 6.926, 7.09, 7.531, 8.78, 10.04, 10.664, 10.138, 11.365, 12.424, 12.888, 13.101, 13.602, 14.136, 14.529, 14.805, 13.85, 12.316, 10.686, 9.537, 9.53, 10.55, 11.257, 11.439, 11.873, 12.104, 12.031, 11.41, 10.395, 9.192, 8.167, 7.905, 8.278, 8.514, 8.352, 7.839, 7.529, 7.298, 7.252, 7.318, 7.248, 6.83, 6.432, 5.412, 3.786, 3.244, 2.868, 2.715, 2.48, 2.664, 3.627, 3.316, 2.697, 2.62, 2.106, 2.442, 2.461, 2.994, 3.641, 3.915, 3.983, 3.014, 6.274, 13.871, 18.015, 14.575, 7.62, 2.455, 4.675, 7.023, 9.284, 11.272, 11.746, 11.912, 12.157, 12.137, 12.04, 11.747, 11.821, 12.126, 12.548, 13.055, 13.445, 13.592, 13.276, 12.855, 12.541, 12.437, 12.411, 12.411, 12.49, 12.8, 13.297, 13.987, 14.794, 15.366, 15.602, 15.898, 16.357, 16.251, 14.475, 12.637, 11.602, 11.434, 9.715, 6.187, 6.076, 8.893, 9.979, 10.092, 10.224, 8.688, 6.387, 5.132, 6.215, 9.059, 10.865, 10.653, 9.838, 9.593, 9.854, 10.162, 9.049, 7.596, 6.735, 6.045, 5.807, 6.881, 7.469, 6.842, 7.139, 7.866, 7.666], [4.871, 4.167, 3.468, 3.901, 3.332, 2.116, 2.971, 3.439, 3.587, 3.97, 4.545, 4.618, 4.126, 3.589, 2.572, 1.382, 0.0, 1.247, 1.656, 2.099, 3.73, 5.354, 5.801, 5.772, 6.001, 6.609, 6.976, 7.126, 7.538, 8.493, 9.539, 10.307, 9.583, 10.744, 11.696, 12.244, 12.557, 12.974, 13.49, 13.815, 14.066, 13.234, 11.707, 10.109, 9.226, 9.263, 10.305, 11.015, 11.295, 11.679, 11.87, 11.754, 11.138, 10.079, 8.721, 7.699, 7.262, 7.612, 8.117, 8.028, 7.521, 7.147, 6.902, 6.889, 6.958, 6.882, 6.465, 6.027, 5.094, 3.576, 2.86, 2.517, 2.622, 2.639, 2.89, 3.822, 3.662, 2.917, 2.901, 2.123, 2.848, 2.677, 3.506, 4.303, 4.545, 4.215, 3.311, 5.888, 13.587, 17.721, 14.311, 7.006, 2.633, 5.15, 7.394, 9.658, 11.639, 12.154, 12.409, 12.648, 12.617, 12.47, 12.199, 12.269, 12.553, 13.008, 13.538, 13.926, 14.076, 13.752, 13.356, 13.041, 12.913, 12.873, 12.858, 12.94, 13.232, 13.759, 14.433, 15.252, 15.856, 16.071, 16.384, 16.859, 16.751, 14.969, 13.064, 11.97, 11.89, 10.141, 6.611, 6.546, 9.324, 10.388, 10.487, 10.608, 9.117, 6.801, 5.394, 6.59, 9.315, 11.26, 11.151, 10.441, 10.096, 10.348, 10.64, 9.493, 8.055, 7.095, 6.425, 6.23, 7.266, 7.509, 6.901, 7.221, 7.914, 7.729], [4.84, 4.478, 3.724, 4.059, 3.552, 1.615, 2.602, 3.202, 3.299, 3.711, 4.252, 4.31, 3.879, 3.339, 2.327, 1.615, 1.247, 0.0, 1.109, 2.023, 3.706, 5.172, 5.635, 5.589, 5.896, 6.563, 6.927, 7.173, 7.652, 8.621, 9.464, 10.352, 9.498, 10.518, 11.469, 12.113, 12.392, 12.744, 13.264, 13.499, 13.674, 12.668, 11.262, 9.547, 8.797, 8.879, 9.9, 10.59, 11.092, 11.533, 11.756, 11.712, 10.975, 9.763, 8.571, 7.685, 7.182, 7.358, 7.822, 7.689, 7.146, 6.632, 6.415, 6.37, 6.468, 6.367, 5.967, 5.487, 4.544, 3.288, 2.601, 2.654, 2.829, 2.765, 2.929, 3.594, 3.475, 2.852, 2.822, 2.018, 2.442, 2.591, 3.068, 3.937, 4.205, 3.975, 3.164, 6.074, 13.446, 17.642, 14.003, 6.486, 1.992, 4.989, 7.37, 9.576, 11.397, 11.899, 12.154, 12.444, 12.498, 12.349, 12.138, 12.193, 12.528, 12.876, 13.38, 13.805, 13.91, 13.611, 13.16, 12.852, 12.736, 12.687, 12.678, 12.756, 13.054, 13.595, 14.279, 15.087, 15.661, 15.886, 16.204, 16.636, 16.538, 14.757, 13.012, 11.796, 11.573, 9.789, 6.349, 6.4, 9.192, 10.299, 10.349, 10.519, 9.052, 6.525, 5.128, 6.474, 9.293, 11.262, 11.101, 10.479, 10.122, 10.259, 10.471, 9.319, 7.866, 6.95, 6.358, 5.997, 6.962, 7.351, 6.753, 7.146, 7.866, 7.658], [4.533, 4.115, 3.476, 3.746, 3.346, 1.914, 3.159, 3.722, 3.849, 4.318, 4.78, 4.719, 4.213, 3.688, 2.708, 1.952, 1.656, 1.109, 0.0, 1.779, 3.676, 5.221, 5.648, 5.626, 5.88, 6.557, 6.922, 7.097, 7.558, 8.468, 9.275, 10.193, 9.254, 10.065, 11.071, 11.814, 12.193, 12.505, 13.012, 13.184, 13.358, 12.315, 10.872, 9.214, 8.39, 8.479, 9.474, 10.168, 10.538, 11.063, 11.281, 11.223, 10.522, 9.398, 8.326, 7.357, 6.888, 7.251, 7.663, 7.442, 6.809, 6.324, 6.072, 6.021, 6.115, 6.04, 5.611, 5.098, 4.213, 2.837, 2.257, 2.768, 2.99, 2.994, 3.34, 4.172, 3.736, 3.077, 3.011, 2.131, 2.152, 2.853, 3.423, 4.311, 4.614, 4.442, 3.083, 5.765, 13.131, 17.324, 13.606, 6.104, 1.945, 5.344, 7.818, 9.95, 11.802, 12.292, 12.648, 12.911, 12.88, 12.723, 12.525, 12.61, 12.861, 13.291, 13.794, 14.195, 14.342, 14.029, 13.624, 13.334, 13.208, 13.149, 13.156, 13.232, 13.539, 14.052, 14.736, 15.556, 16.131, 16.367, 16.682, 17.114, 17.012, 15.232, 13.419, 12.193, 11.857, 9.906, 6.449, 6.585, 9.489, 10.671, 10.819, 10.922, 9.306, 6.733, 5.085, 6.438, 9.505, 11.632, 11.444, 10.654, 10.393, 10.688, 10.923, 9.8, 8.329, 7.376, 6.62, 6.21, 7.003, 7.384, 6.774, 7.149, 7.859, 7.654], [3.971, 4.028, 3.781, 4.425, 4.133, 2.903, 3.46, 3.985, 4.093, 4.592, 5.07, 4.939, 4.316, 3.732, 3.029, 2.718, 2.099, 2.023, 1.779, 0.0, 2.161, 3.925, 4.405, 4.34, 4.451, 4.894, 5.252, 5.405, 5.832, 6.898, 7.871, 8.705, 7.907, 8.988, 9.839, 10.471, 10.824, 11.196, 11.706, 11.937, 12.168, 11.367, 9.835, 8.275, 7.636, 7.792, 8.829, 9.611, 10.179, 10.701, 11.019, 11.027, 10.222, 8.935, 7.842, 6.933, 6.353, 6.63, 7.046, 6.805, 6.157, 5.55, 5.337, 5.359, 5.429, 5.324, 4.882, 4.499, 3.958, 2.741, 2.33, 2.423, 2.468, 2.675, 3.035, 4.076, 3.943, 3.087, 2.813, 2.341, 3.103, 3.866, 4.002, 4.672, 5.171, 5.045, 3.324, 5.202, 12.725, 17.007, 13.052, 5.192, 1.993, 5.607, 7.97, 10.113, 11.965, 12.532, 12.921, 13.185, 13.115, 12.933, 12.72, 12.801, 13.143, 13.567, 14.089, 14.494, 14.622, 14.309, 13.898, 13.584, 13.462, 13.411, 13.415, 13.49, 13.781, 14.301, 14.981, 15.8, 16.403, 16.62, 16.945, 17.4, 17.308, 15.517, 13.604, 12.37, 11.915, 9.8, 6.392, 6.708, 9.65, 10.87, 11.03, 11.17, 9.544, 6.678, 4.58, 6.305, 9.854, 11.836, 11.805, 11.135, 10.729, 10.893, 11.177, 10.032, 8.57, 7.651, 6.823, 6.305, 6.861, 6.161, 5.376, 5.549, 6.193, 6.012], [5.057, 5.378, 5.163, 5.939, 5.832, 4.398, 4.051, 3.873, 3.927, 4.436, 4.731, 4.208, 3.585, 3.089, 3.334, 3.708, 3.73, 3.706, 3.676, 2.161, 0.0, 2.091, 2.749, 2.352, 2.405, 2.901, 3.271, 3.512, 4.041, 5.44, 6.844, 7.444, 7.513, 8.89, 9.622, 9.696, 9.761, 10.22, 10.827, 11.464, 12.18, 11.507, 9.973, 8.47, 8.169, 8.527, 9.479, 10.446, 11.124, 11.629, 11.983, 11.969, 11.137, 9.886, 8.88, 8.016, 7.267, 7.402, 7.748, 7.43, 6.763, 6.179, 5.92, 5.982, 6.081, 5.94, 5.574, 5.349, 4.96, 4.111, 3.925, 3.315, 2.986, 2.815, 2.524, 3.232, 3.694, 3.02, 2.472, 3.189, 4.577, 5.256, 4.713, 4.909, 5.593, 5.706, 3.93, 5.912, 13.688, 18.048, 13.824, 5.506, 2.891, 5.389, 7.252, 9.259, 11.026, 11.692, 12.099, 12.361, 12.432, 12.2, 11.961, 12.084, 12.4, 12.778, 13.33, 13.76, 13.855, 13.555, 13.09, 12.733, 12.618, 12.589, 12.595, 12.664, 12.948, 13.458, 14.125, 14.95, 15.566, 15.788, 16.091, 16.573, 16.464, 14.684, 12.741, 11.376, 10.855, 8.68, 5.426, 6.023, 8.88, 10.121, 10.134, 10.325, 8.662, 5.658, 3.412, 5.426, 9.242, 11.177, 11.313, 10.55, 9.997, 10.08, 10.333, 9.191, 7.761, 6.846, 5.951, 5.369, 5.647, 4.346, 3.293, 3.53, 4.198, 4.008], [6.698, 7.008, 6.494, 7.129, 7.24, 5.628, 4.995, 4.482, 4.301, 4.3, 4.261, 3.813, 3.341, 3.534, 4.543, 5.303, 5.354, 5.172, 5.221, 3.925, 2.091, 0.0, 1.099, 1.223, 1.624, 2.141, 2.599, 2.79, 3.728, 5.975, 7.699, 8.127, 8.545, 9.946, 10.625, 10.17, 10.145, 10.549, 11.299, 12.01, 13.18, 12.714, 10.984, 9.679, 9.637, 10.031, 11.031, 12.039, 12.766, 13.255, 13.576, 13.532, 12.743, 11.397, 10.311, 9.465, 8.712, 8.657, 8.929, 8.674, 8.004, 7.393, 7.131, 7.15, 7.276, 7.195, 6.78, 6.452, 6.294, 5.801, 5.584, 4.965, 4.617, 4.413, 3.589, 2.601, 3.231, 2.997, 3.272, 4.275, 5.472, 6.256, 5.488, 5.477, 6.009, 6.305, 4.538, 7.117, 15.259, 19.645, 15.352, 6.935, 3.711, 5.494, 6.112, 7.953, 9.589, 10.303, 10.802, 11.096, 11.32, 11.059, 10.918, 10.992, 11.356, 11.668, 12.161, 12.588, 12.679, 12.354, 11.896, 11.529, 11.341, 11.229, 11.182, 11.268, 11.568, 12.079, 12.839, 13.708, 14.286, 14.508, 14.736, 15.185, 15.087, 13.304, 11.412, 9.882, 9.306, 7.091, 4.162, 5.092, 7.871, 8.933, 9.047, 9.225, 7.65, 4.646, 2.209, 4.17, 8.083, 10.075, 10.251, 9.526, 9.007, 8.935, 9.117, 7.943, 6.626, 5.735, 5.011, 4.26, 3.962, 2.784, 2.411, 2.572, 2.989, 3.076], [7.515, 7.766, 7.062, 7.702, 7.712, 5.984, 5.163, 4.655, 4.404, 4.347, 4.3, 4.029, 3.592, 3.802, 4.911, 5.746, 5.801, 5.635, 5.648, 4.405, 2.749, 1.099, 0.0, 1.042, 1.566, 2.132, 2.513, 2.874, 3.835, 6.275, 8.029, 8.396, 8.877, 10.289, 10.948, 10.432, 10.26, 10.767, 11.527, 12.297, 13.537, 13.126, 11.291, 10.094, 10.148, 10.623, 11.541, 12.653, 13.372, 13.893, 14.223, 14.223, 13.4, 12.071, 10.952, 10.105, 9.367, 9.285, 9.601, 9.306, 8.61, 7.964, 7.714, 7.688, 7.787, 7.708, 7.198, 6.836, 6.804, 6.484, 6.29, 5.671, 5.233, 4.968, 4.075, 2.951, 3.294, 3.388, 3.732, 4.384, 5.567, 6.361, 5.627, 5.474, 5.985, 6.312, 4.458, 7.742, 15.969, 20.388, 15.993, 7.485, 4.003, 5.546, 5.838, 7.417, 9.028, 9.799, 10.341, 10.643, 10.954, 10.686, 10.569, 10.59, 10.931, 11.263, 11.681, 12.112, 12.192, 11.871, 11.419, 11.051, 10.848, 10.726, 10.687, 10.793, 11.082, 11.616, 12.34, 13.221, 13.774, 13.994, 14.236, 14.688, 14.579, 12.782, 10.871, 9.312, 8.711, 6.467, 3.557, 4.652, 7.457, 8.448, 8.573, 8.844, 7.349, 4.463, 1.841, 3.897, 7.723, 9.734, 9.975, 9.329, 8.555, 8.488, 8.62, 7.466, 6.256, 5.53, 4.7, 3.905, 3.263, 2.229, 2.273, 2.576, 2.991, 3.108], [7.097, 7.444, 6.874, 7.609, 7.676, 5.919, 5.063, 4.69, 4.521, 4.694, 4.646, 4.185, 3.827, 3.887, 4.908, 5.72, 5.772, 5.589, 5.626, 4.34, 2.352, 1.223, 1.042, 0.0, 1.093, 1.888, 2.371, 2.479, 3.388, 5.68, 7.472, 7.813, 8.209, 9.694, 10.359, 9.816, 9.748, 10.34, 11.08, 11.871, 13.093, 12.518, 10.728, 9.567, 9.616, 10.067, 10.963, 12.08, 12.795, 13.347, 13.713, 13.699, 12.857, 11.504, 10.445, 9.63, 8.924, 8.872, 9.158, 8.846, 8.124, 7.527, 7.279, 7.271, 7.385, 7.282, 6.872, 6.726, 6.599, 6.23, 6.132, 5.533, 5.208, 4.953, 4.057, 3.178, 3.606, 3.582, 3.779, 4.414, 5.544, 6.295, 5.578, 5.527, 6.238, 6.53, 4.598, 7.301, 15.441, 19.863, 15.438, 6.966, 4.041, 5.801, 6.334, 7.877, 9.592, 10.323, 10.767, 11.046, 11.402, 11.158, 11.039, 11.017, 11.341, 11.695, 12.08, 12.503, 12.587, 12.267, 11.829, 11.466, 11.308, 11.203, 11.181, 11.278, 11.578, 12.093, 12.769, 13.635, 14.236, 14.451, 14.736, 15.214, 15.108, 13.334, 11.344, 9.886, 9.286, 7.052, 4.037, 4.991, 7.824, 8.85, 8.966, 9.259, 7.711, 4.788, 2.189, 4.328, 8.243, 10.157, 10.441, 9.795, 8.918, 8.99, 9.025, 7.916, 6.709, 5.817, 4.972, 4.374, 3.871, 2.552, 2.114, 2.432, 2.94, 2.899], [6.797, 7.271, 7.111, 7.769, 7.786, 6.368, 5.692, 5.231, 5.147, 5.343, 5.338, 4.813, 4.179, 4.15, 5.12, 5.936, 6.001, 5.896, 5.88, 4.451, 2.405, 1.624, 1.566, 1.093, 0.0, 1.293, 1.678, 1.725, 2.995, 5.142, 6.934, 7.231, 7.569, 9.084, 9.756, 9.263, 9.16, 9.898, 10.615, 11.387, 12.745, 12.076, 10.216, 9.126, 9.124, 9.62, 10.45, 11.595, 12.346, 12.883, 13.213, 13.209, 12.382, 11.069, 10.0, 9.199, 8.446, 8.502, 8.813, 8.5, 7.77, 7.179, 6.932, 6.987, 7.096, 6.973, 6.605, 6.569, 6.486, 6.039, 5.994, 5.401, 5.119, 4.901, 4.058, 3.503, 4.194, 3.932, 3.889, 4.754, 6.064, 6.858, 6.11, 6.103, 6.877, 7.053, 5.1, 6.799, 15.001, 19.412, 14.95, 6.468, 4.593, 6.336, 6.877, 8.326, 10.124, 10.865, 11.351, 11.582, 11.828, 11.598, 11.51, 11.464, 11.814, 12.116, 12.488, 12.913, 13.015, 12.703, 12.257, 11.922, 11.811, 11.787, 11.773, 11.839, 12.123, 12.638, 13.324, 14.133, 14.756, 14.98, 15.286, 15.764, 15.657, 13.868, 11.822, 10.411, 9.8, 7.573, 4.487, 5.452, 8.265, 9.229, 9.384, 9.712, 8.304, 5.663, 3.018, 5.014, 8.771, 10.641, 10.912, 10.355, 9.449, 9.515, 9.558, 8.506, 7.344, 6.451, 5.554, 5.048, 4.389, 2.734, 1.68, 1.876, 2.367, 2.298], [6.871, 7.518, 7.89, 8.576, 8.488, 7.209, 6.704, 6.236, 6.127, 6.174, 6.114, 5.61, 4.935, 4.936, 5.776, 6.565, 6.609, 6.563, 6.557, 4.894, 2.901, 2.141, 2.132, 1.888, 1.293, 0.0, 0.882, 1.117, 2.258, 4.717, 6.552, 6.76, 7.202, 8.648, 9.328, 8.846, 8.607, 9.422, 10.177, 11.014, 12.333, 11.694, 9.815, 8.739, 8.767, 9.258, 10.116, 11.233, 11.947, 12.508, 12.874, 12.866, 12.039, 10.729, 9.802, 9.026, 8.247, 8.204, 8.463, 8.136, 7.461, 6.93, 6.709, 6.732, 6.849, 6.756, 6.5, 6.533, 6.524, 6.128, 6.11, 5.538, 5.272, 5.086, 4.564, 4.143, 4.888, 4.498, 4.444, 5.799, 7.111, 7.904, 7.164, 7.171, 7.786, 8.001, 6.098, 6.429, 14.62, 19.043, 14.637, 6.13, 5.447, 7.263, 7.378, 8.784, 10.537, 11.299, 11.786, 12.017, 12.355, 12.12, 12.013, 11.936, 12.304, 12.617, 12.96, 13.399, 13.479, 13.151, 12.714, 12.356, 12.246, 12.223, 12.196, 12.305, 12.582, 13.091, 13.756, 14.598, 15.232, 15.45, 15.729, 16.228, 16.121, 14.301, 12.279, 10.799, 10.185, 7.942, 5.029, 5.957, 8.742, 9.781, 9.884, 10.189, 8.801, 6.204, 3.556, 5.427, 9.184, 11.114, 11.411, 10.839, 9.837, 10.016, 9.992, 8.942, 7.782, 7.03, 6.189, 5.55, 4.76, 3.063, 1.619, 1.362, 1.582, 1.729], [7.019, 7.82, 8.258, 8.94, 8.864, 7.585, 7.088, 6.629, 6.517, 6.617, 6.59, 5.995, 5.3, 5.292, 6.155, 6.926, 6.976, 6.927, 6.922, 5.252, 3.271, 2.599, 2.513, 2.371, 1.678, 0.882, 0.0, 0.96, 2.126, 4.588, 6.291, 6.611, 6.961, 8.53, 9.208, 8.674, 8.392, 9.211, 9.974, 10.826, 12.228, 11.559, 9.717, 8.622, 8.644, 9.124, 9.955, 11.077, 11.819, 12.379, 12.737, 12.769, 11.942, 10.615, 9.655, 8.895, 8.059, 8.033, 8.322, 8.014, 7.338, 6.788, 6.604, 6.692, 6.776, 6.701, 6.536, 6.587, 6.543, 6.195, 6.162, 5.647, 5.435, 5.286, 4.918, 4.576, 5.294, 4.894, 4.792, 6.176, 7.49, 8.282, 7.565, 7.585, 8.144, 8.354, 6.473, 6.296, 14.505, 18.93, 14.515, 5.984, 5.833, 7.646, 7.74, 9.064, 10.801, 11.568, 12.072, 12.306, 12.612, 12.389, 12.284, 12.217, 12.529, 12.848, 13.214, 13.642, 13.738, 13.425, 12.985, 12.62, 12.502, 12.49, 12.465, 12.549, 12.825, 13.361, 14.029, 14.867, 15.485, 15.715, 15.992, 16.492, 16.364, 14.576, 12.562, 11.052, 10.408, 8.171, 5.275, 6.292, 8.989, 10.002, 10.067, 10.375, 9.242, 6.697, 4.001, 5.732, 9.416, 11.294, 11.689, 11.151, 10.067, 10.241, 10.313, 9.238, 8.112, 7.524, 6.613, 5.912, 5.002, 3.23, 1.639, 1.368, 1.287, 1.518], [7.047, 7.98, 8.418, 9.099, 9.018, 7.769, 7.304, 6.899, 6.81, 6.853, 6.774, 6.239, 5.585, 5.548, 6.317, 7.09, 7.126, 7.173, 7.097, 5.405, 3.512, 2.79, 2.874, 2.479, 1.725, 1.117, 0.96, 0.0, 1.577, 4.026, 5.82, 6.048, 6.501, 7.964, 8.66, 8.101, 7.872, 8.735, 9.502, 10.35, 11.752, 11.121, 9.13, 8.157, 8.18, 8.676, 9.51, 10.678, 11.396, 11.977, 12.339, 12.343, 11.55, 10.18, 9.369, 8.626, 7.807, 7.82, 8.043, 7.707, 7.112, 6.608, 6.44, 6.48, 6.586, 6.518, 6.351, 6.488, 6.567, 6.201, 6.171, 5.639, 5.444, 5.332, 5.126, 4.862, 5.534, 5.114, 4.995, 6.351, 7.672, 8.443, 7.733, 7.74, 8.492, 8.682, 6.701, 5.883, 14.114, 18.535, 14.066, 5.65, 6.071, 7.845, 8.126, 9.376, 11.214, 11.994, 12.495, 12.76, 13.016, 12.785, 12.675, 12.66, 12.969, 13.297, 13.619, 14.028, 14.143, 13.792, 13.358, 13.023, 12.928, 12.925, 12.869, 12.986, 13.256, 13.769, 14.432, 15.262, 15.875, 16.093, 16.383, 16.882, 16.765, 14.969, 12.869, 11.477, 10.845, 8.597, 5.576, 6.632, 9.394, 10.316, 10.52, 10.907, 9.554, 6.993, 4.242, 6.22, 9.925, 11.764, 12.113, 11.582, 10.575, 10.732, 10.756, 9.74, 8.598, 7.812, 6.818, 6.341, 5.418, 3.659, 1.986, 1.453, 1.326, 1.295], [7.04, 8.357, 8.829, 9.567, 9.541, 8.344, 7.96, 7.582, 7.51, 7.615, 7.579, 7.062, 6.379, 6.221, 6.928, 7.531, 7.538, 7.652, 7.558, 5.832, 4.041, 3.728, 3.835, 3.388, 2.995, 2.258, 2.126, 1.577, 0.0, 2.703, 4.487, 4.77, 5.31, 6.672, 7.458, 7.103, 6.809, 7.651, 8.401, 9.272, 10.478, 9.852, 7.898, 6.871, 6.802, 7.29, 8.138, 9.381, 9.996, 10.576, 10.962, 10.995, 10.19, 8.849, 8.169, 7.577, 6.866, 6.787, 6.927, 6.577, 6.092, 5.738, 5.581, 5.655, 5.753, 5.754, 5.694, 6.004, 6.183, 6.137, 6.283, 5.615, 5.379, 5.572, 5.741, 5.632, 6.284, 5.764, 5.517, 6.91, 8.305, 8.99, 8.33, 8.347, 9.239, 9.395, 7.293, 4.782, 12.744, 17.173, 12.783, 4.51, 6.733, 8.551, 9.062, 10.625, 12.51, 13.291, 13.746, 14.013, 14.152, 13.905, 13.761, 13.803, 14.198, 14.569, 14.921, 15.304, 15.414, 15.085, 14.662, 14.369, 14.265, 14.241, 14.196, 14.28, 14.581, 15.088, 15.733, 16.585, 17.19, 17.402, 17.682, 18.164, 18.059, 16.265, 14.093, 12.798, 12.173, 9.932, 6.88, 7.714, 10.568, 11.557, 11.823, 12.178, 10.45, 7.75, 5.001, 7.091, 10.945, 12.926, 13.146, 12.495, 11.585, 11.705, 11.924, 10.884, 9.513, 8.843, 7.81, 7.218, 6.758, 5.067, 3.175, 2.626, 2.42, 2.145], [7.815, 9.355, 9.876, 10.696, 10.633, 9.658, 9.293, 9.097, 9.054, 9.314, 9.502, 9.069, 8.115, 7.866, 8.417, 8.78, 8.493, 8.621, 8.468, 6.898, 5.44, 5.975, 6.275, 5.68, 5.142, 4.717, 4.588, 4.026, 2.703, 0.0, 2.119, 2.401, 2.821, 4.113, 5.033, 4.872, 4.872, 5.592, 6.191, 6.946, 8.094, 7.471, 5.525, 4.465, 4.696, 5.17, 5.989, 7.186, 7.713, 8.267, 8.712, 8.639, 7.898, 7.085, 6.857, 6.711, 6.294, 6.018, 5.952, 5.826, 5.592, 5.414, 5.391, 5.482, 5.583, 5.657, 5.705, 6.05, 6.354, 6.929, 7.148, 6.442, 6.297, 6.775, 7.178, 7.706, 8.499, 7.714, 6.969, 8.123, 9.651, 10.275, 9.775, 9.873, 10.847, 10.947, 8.755, 4.701, 10.352, 14.863, 10.454, 3.591, 8.136, 10.252, 11.485, 13.159, 15.019, 15.799, 16.192, 16.522, 16.625, 16.43, 16.25, 16.318, 16.647, 17.085, 17.394, 17.759, 17.915, 17.569, 17.154, 16.859, 16.774, 16.768, 16.724, 16.817, 17.106, 17.605, 18.236, 19.053, 19.616, 19.829, 20.148, 20.613, 20.504, 18.746, 16.497, 15.283, 14.694, 12.503, 9.297, 9.982, 12.973, 13.997, 14.294, 14.61, 12.772, 9.958, 7.283, 9.531, 13.471, 15.468, 15.534, 14.797, 14.02, 14.24, 14.45, 13.451, 12.031, 11.122, 10.079, 9.715, 9.295, 7.661, 5.478, 4.824, 4.877, 4.27], [8.551, 10.228, 10.861, 11.582, 11.524, 10.674, 10.49, 10.501, 10.594, 11.038, 11.217, 10.634, 9.779, 9.347, 9.848, 10.04, 9.539, 9.464, 9.275, 7.871, 6.844, 7.699, 8.029, 7.472, 6.934, 6.552, 6.291, 5.82, 4.487, 2.119, 0.0, 1.584, 1.651, 2.588, 3.455, 3.227, 3.223, 3.836, 4.485, 5.242, 6.38, 5.743, 3.938, 3.708, 4.431, 4.784, 5.023, 5.894, 6.325, 6.888, 7.23, 7.501, 7.103, 6.896, 6.933, 6.957, 6.502, 6.215, 6.159, 6.086, 5.875, 5.714, 5.702, 5.844, 5.979, 6.077, 6.165, 6.492, 6.797, 7.582, 7.89, 7.502, 7.638, 8.16, 8.636, 9.31, 10.1, 9.306, 8.57, 9.224, 10.699, 11.407, 11.056, 11.252, 12.214, 12.314, 10.112, 5.547, 8.598, 13.122, 8.654, 4.231, 9.32, 11.818, 13.214, 14.976, 16.851, 17.62, 17.972, 18.357, 18.343, 18.126, 17.922, 18.04, 18.368, 18.792, 19.194, 19.567, 19.734, 19.389, 18.989, 18.691, 18.588, 18.573, 18.553, 18.584, 18.877, 19.4, 20.065, 20.848, 21.466, 21.675, 21.989, 22.458, 22.35, 20.572, 18.352, 17.103, 16.512, 14.326, 11.132, 11.747, 14.736, 15.767, 16.032, 16.32, 14.457, 11.687, 9.035, 11.219, 15.087, 17.157, 17.24, 16.524, 15.79, 15.898, 16.282, 15.196, 13.759, 12.893, 11.829, 11.307, 11.077, 9.416, 7.284, 6.592, 6.719, 6.072], [9.515, 11.056, 11.681, 12.46, 12.419, 11.478, 11.177, 11.073, 11.138, 11.476, 11.668, 11.235, 10.291, 9.943, 10.434, 10.664, 10.307, 10.352, 10.193, 8.705, 7.444, 8.127, 8.396, 7.813, 7.231, 6.76, 6.611, 6.048, 4.77, 2.401, 1.584, 0.0, 1.867, 2.263, 3.095, 2.943, 2.865, 3.834, 4.29, 5.102, 6.407, 5.743, 3.467, 3.811, 4.931, 5.327, 5.361, 6.004, 6.445, 6.952, 7.455, 7.625, 7.57, 7.43, 7.625, 7.788, 7.324, 6.906, 6.902, 6.809, 6.703, 6.552, 6.557, 6.653, 6.771, 6.896, 7.004, 7.343, 7.758, 8.542, 8.782, 8.094, 8.19, 8.775, 9.205, 9.893, 10.688, 9.877, 9.088, 10.061, 11.462, 12.217, 11.709, 11.906, 12.84, 12.949, 10.705, 6.362, 8.852, 13.316, 8.849, 5.165, 10.008, 12.441, 13.743, 15.17, 16.923, 17.679, 18.065, 18.61, 18.775, 18.594, 18.473, 18.438, 18.793, 19.218, 19.469, 19.787, 19.945, 19.597, 19.189, 18.891, 18.785, 18.777, 18.727, 18.781, 19.025, 19.5, 20.12, 20.909, 21.469, 21.671, 21.99, 22.434, 22.338, 20.575, 18.397, 17.098, 16.499, 14.414, 11.174, 12.023, 15.092, 15.921, 16.268, 16.733, 14.924, 12.133, 9.373, 11.691, 15.617, 17.618, 17.702, 17.018, 16.098, 16.403, 16.576, 15.581, 14.189, 13.252, 12.109, 11.912, 11.282, 9.492, 7.356, 6.549, 6.782, 6.035], [8.54, 10.093, 10.726, 11.486, 11.386, 10.692, 10.6, 10.895, 11.062, 11.536, 11.84, 11.382, 10.429, 9.898, 10.171, 10.138, 9.583, 9.498, 9.254, 7.907, 7.513, 8.545, 8.877, 8.209, 7.569, 7.202, 6.961, 6.501, 5.31, 2.821, 1.651, 1.867, 0.0, 1.962, 3.134, 3.399, 3.728, 4.46, 4.883, 5.284, 6.25, 5.503, 3.45, 3.798, 4.5, 4.973, 5.146, 5.811, 6.213, 6.624, 7.053, 7.189, 7.088, 7.017, 7.152, 7.163, 6.765, 6.452, 6.388, 6.326, 6.107, 5.937, 5.925, 6.069, 6.214, 6.299, 6.364, 6.702, 6.926, 7.577, 7.788, 7.66, 7.843, 8.393, 9.143, 10.243, 10.976, 10.054, 8.855, 9.251, 10.639, 11.431, 11.135, 11.481, 12.314, 12.412, 10.205, 5.433, 8.5, 13.059, 8.574, 4.202, 9.363, 12.393, 13.993, 15.531, 17.305, 17.975, 18.447, 18.929, 19.112, 18.947, 18.77, 18.775, 19.129, 19.543, 19.742, 19.966, 20.127, 19.811, 19.411, 19.133, 19.024, 19.007, 19.006, 19.071, 19.336, 19.823, 20.412, 21.225, 21.838, 22.049, 22.372, 22.81, 22.704, 20.962, 18.73, 17.573, 16.99, 14.793, 11.567, 12.166, 15.133, 16.253, 16.525, 17.0, 15.31, 12.44, 9.855, 12.101, 16.025, 17.951, 17.909, 17.206, 16.362, 16.807, 16.957, 15.949, 14.597, 13.588, 12.441, 12.356, 11.785, 9.908, 7.83, 7.008, 7.169, 6.601], [9.253, 10.993, 11.689, 12.352, 12.256, 11.561, 11.858, 12.26, 12.387, 12.77, 13.125, 12.774, 11.799, 11.21, 11.445, 11.365, 10.744, 10.518, 10.065, 8.988, 8.89, 9.946, 10.289, 9.694, 9.084, 8.648, 8.53, 7.964, 6.672, 4.113, 2.588, 2.263, 1.962, 0.0, 1.623, 2.305, 2.654, 3.279, 3.627, 3.919, 4.754, 3.887, 2.566, 3.382, 4.447, 4.891, 4.893, 5.452, 5.884, 6.382, 6.795, 6.953, 7.044, 6.963, 7.215, 7.372, 6.967, 6.577, 6.545, 6.462, 6.309, 6.161, 6.155, 6.237, 6.362, 6.482, 6.584, 6.927, 7.448, 8.397, 8.696, 8.908, 9.175, 9.722, 10.527, 11.595, 12.388, 11.46, 10.276, 10.497, 11.503, 12.35, 12.258, 12.651, 13.566, 13.617, 11.422, 6.316, 6.885, 11.42, 6.973, 4.833, 10.366, 13.77, 15.414, 17.012, 18.752, 19.459, 19.818, 20.376, 20.57, 20.405, 20.228, 20.27, 20.64, 21.039, 21.235, 21.547, 21.701, 21.372, 20.952, 20.649, 20.555, 20.548, 20.516, 20.567, 20.805, 21.282, 21.906, 22.677, 23.206, 23.431, 23.754, 24.202, 24.098, 22.347, 20.124, 18.99, 18.398, 16.323, 12.971, 13.68, 16.741, 17.737, 18.062, 18.561, 16.753, 13.817, 11.134, 13.567, 17.512, 19.498, 19.451, 18.695, 17.913, 18.25, 18.393, 17.409, 16.006, 15.032, 13.932, 13.779, 13.184, 11.414, 9.269, 8.459, 8.69, 7.953], [10.138, 12.067, 12.89, 13.458, 13.367, 12.504, 12.671, 13.051, 13.21, 13.603, 13.945, 13.566, 12.533, 11.961, 12.38, 12.424, 11.696, 11.469, 11.071, 9.839, 9.622, 10.625, 10.948, 10.359, 9.756, 9.328, 9.208, 8.66, 7.458, 5.033, 3.455, 3.095, 3.134, 1.623, 0.0, 1.464, 1.846, 2.054, 2.288, 2.404, 3.465, 2.766, 2.65, 3.376, 4.684, 5.006, 4.846, 5.196, 5.806, 6.464, 6.808, 7.058, 7.141, 7.178, 7.519, 7.805, 7.186, 6.682, 6.672, 6.619, 6.572, 6.386, 6.425, 6.52, 6.641, 6.804, 6.976, 7.481, 8.209, 9.438, 9.899, 9.962, 10.181, 10.731, 11.336, 12.307, 13.14, 12.327, 11.457, 11.669, 12.613, 13.547, 13.371, 13.768, 14.444, 14.557, 12.537, 7.417, 6.0, 10.411, 5.863, 5.582, 11.367, 14.713, 16.348, 17.791, 19.538, 20.245, 20.618, 21.093, 21.341, 21.162, 21.082, 21.026, 21.371, 21.736, 21.96, 22.325, 22.459, 22.122, 21.706, 21.408, 21.31, 21.303, 21.258, 21.298, 21.572, 22.068, 22.694, 23.493, 24.079, 24.306, 24.623, 25.082,