[[0.0, 1.253, 3.372, 3.844, 3.582, 3.585, 3.61, 2.774, 2.631, 2.403, 2.698, 3.059, 3.453, 3.283, 3.737, 4.47, 5.75, 6.751, 8.087, 8.408, 8.992, 8.71, 8.578, 7.651, 7.071, 7.114, 7.582, 7.831, 7.481, 7.193, 7.502, 8.098, 8.01, 7.147, 7.037, 6.64, 5.294, 5.406, 7.483, 8.707, 7.603, 7.01, 6.845, 6.124, 6.417, 8.581, 8.394, 7.926, 7.801, 7.634, 8.097, 7.586, 6.466, 6.433, 5.428, 4.832, 6.037, 5.073, 4.09, 6.408, 6.988, 6.686, 6.792, 7.342, 7.581, 8.643, 10.022, 10.42, 9.287, 9.674, 10.601, 10.7, 9.725, 7.029, 5.631, 5.685, 5.517, 5.234, 5.625, 5.952, 4.322, 4.643, 4.722, 3.897, 5.299, 4.029, 3.028, 3.98, 4.357, 5.301, 5.54, 4.215, 3.82, 3.769, 4.097, 5.324, 6.065, 4.833, 4.186, 4.099, 4.009, 4.201, 4.049, 2.339, 1.967, 3.464, 4.671, 4.599, 5.584, 7.568, 9.556, 9.9, 9.694, 8.881, 8.265, 8.494, 8.53, 9.38, 10.483, 11.368, 12.291, 12.703, 11.757, 9.96, 10.291, 11.399, 11.668, 11.022, 11.347, 11.747, 10.049, 9.26, 10.327, 10.777, 9.146, 6.379, 4.984, 5.432, 3.584, 2.008, 3.11, 4.525, 3.712, 2.749, 2.635, 2.675], [1.253, 0.0, 3.584, 4.135, 3.839, 3.746, 3.643, 2.858, 2.556, 2.495, 2.751, 2.86, 3.235, 3.114, 3.558, 4.254, 5.603, 6.611, 7.685, 8.267, 8.814, 8.45, 8.35, 7.388, 6.861, 6.899, 7.342, 7.61, 7.353, 7.068, 7.386, 7.953, 7.666, 6.918, 6.908, 6.524, 5.203, 5.223, 7.706, 8.858, 7.785, 7.111, 6.839, 6.131, 6.692, 9.041, 8.815, 8.375, 8.256, 8.105, 8.441, 8.017, 6.863, 6.805, 5.662, 5.223, 6.463, 5.526, 3.646, 5.976, 6.549, 6.381, 6.377, 6.897, 7.297, 8.343, 9.612, 9.938, 8.848, 9.298, 10.244, 10.254, 9.241, 6.53, 5.415, 5.182, 5.12, 5.001, 5.23, 5.848, 4.024, 4.436, 4.599, 3.702, 5.655, 4.113, 2.866, 3.646, 3.83, 4.815, 5.092, 3.885, 3.634, 3.307, 3.607, 4.851, 5.556, 4.182, 3.6, 3.57, 3.703, 3.78, 3.817, 2.32, 1.942, 3.053, 4.359, 4.07, 5.056, 7.103, 9.05, 9.479, 9.224, 8.313, 7.824, 8.116, 8.096, 9.143, 10.238, 11.13, 11.979, 12.51, 11.55, 9.669, 10.065, 11.127, 11.421, 10.776, 11.034, 11.319, 9.789, 8.719, 10.072, 10.516, 8.832, 5.992, 4.518, 5.03, 3.463, 1.907, 2.864, 4.315, 3.515, 2.494, 2.459, 2.461], [3.372, 3.584, 0.0, 1.131, 1.789, 1.588, 1.602, 2.408, 3.26, 3.201, 3.15, 4.198, 4.553, 3.402, 3.293, 4.529, 6.142, 7.838, 9.559, 9.653, 9.882, 9.415, 8.881, 7.775, 7.591, 7.902, 7.905, 7.981, 8.271, 8.087, 8.525, 9.745, 9.491, 8.264, 8.504, 8.076, 6.211, 4.138, 5.389, 6.427, 5.58, 5.195, 4.729, 4.208, 4.421, 5.552, 5.277, 4.815, 4.68, 4.538, 4.875, 4.447, 3.307, 3.695, 3.891, 2.857, 2.971, 3.047, 6.009, 8.989, 9.604, 9.554, 9.709, 10.009, 10.6, 11.529, 12.62, 12.831, 11.82, 12.331, 13.28, 13.279, 12.097, 9.206, 7.145, 8.17, 8.376, 6.953, 7.962, 9.17, 6.81, 6.134, 6.542, 4.191, 2.768, 2.206, 3.619, 5.58, 6.26, 7.607, 7.924, 6.433, 5.092, 5.895, 6.368, 7.725, 8.601, 6.922, 6.095, 6.044, 6.364, 6.733, 6.823, 3.026, 2.853, 6.12, 7.476, 6.863, 7.619, 10.004, 11.671, 12.486, 12.102, 10.917, 11.067, 11.476, 11.551, 12.614, 13.718, 14.623, 15.474, 15.912, 15.003, 13.148, 13.527, 14.625, 14.881, 14.211, 14.52, 14.875, 13.235, 11.988, 13.539, 13.972, 12.308, 9.5, 8.097, 8.57, 6.871, 4.855, 5.927, 7.332, 6.33, 4.588, 4.585, 4.384], [3.844, 4.135, 1.131, 0.0, 1.954, 1.892, 1.684, 2.558, 3.475, 3.192, 3.325, 4.643, 5.062, 3.573, 3.423, 4.527, 6.078, 8.47, 9.994, 9.91, 9.937, 9.499, 8.788, 7.695, 7.583, 8.098, 7.935, 7.842, 8.253, 8.435, 8.913, 10.378, 10.171, 8.892, 9.15, 8.527, 6.59, 4.048, 5.074, 5.972, 5.207, 4.92, 4.55, 4.003, 4.287, 5.06, 4.816, 4.338, 4.256, 4.051, 4.417, 3.949, 2.831, 3.114, 3.613, 2.713, 2.641, 2.764, 6.647, 9.614, 10.187, 10.082, 10.203, 10.512, 11.089, 12.048, 13.237, 13.487, 12.45, 12.966, 13.907, 13.903, 12.785, 9.879, 7.802, 8.672, 8.857, 7.589, 8.472, 9.646, 7.322, 6.751, 7.146, 4.672, 2.55, 2.469, 4.213, 6.225, 6.915, 8.293, 8.588, 7.087, 5.639, 6.457, 7.008, 8.33, 9.196, 7.568, 6.68, 6.734, 6.965, 7.279, 7.323, 3.661, 3.513, 6.575, 7.883, 7.467, 8.319, 10.635, 12.372, 13.119, 12.749, 11.593, 11.578, 11.991, 12.035, 13.105, 14.212, 15.105, 15.976, 16.398, 15.492, 13.636, 14.009, 15.107, 15.365, 14.703, 15.008, 15.379, 13.716, 12.525, 14.034, 14.457, 12.787, 9.997, 8.597, 9.055, 7.344, 5.335, 6.5, 7.899, 6.939, 5.234, 5.06, 4.834], [3.582, 3.839, 1.789, 1.954, 0.0, 0.933, 1.262, 1.731, 2.742, 2.599, 2.609, 3.616, 3.654, 2.507, 2.587, 3.423, 4.722, 6.674, 8.317, 8.348, 8.543, 8.194, 7.397, 6.358, 6.159, 6.499, 6.33, 6.37, 6.686, 6.805, 7.16, 8.947, 8.766, 7.285, 7.476, 6.866, 5.077, 3.265, 4.862, 5.357, 4.528, 4.213, 3.905, 3.243, 3.9, 5.861, 5.732, 5.251, 5.103, 4.958, 5.439, 4.925, 3.811, 3.472, 2.877, 2.334, 3.361, 2.465, 5.296, 8.122, 8.961, 8.919, 9.164, 9.345, 9.963, 10.828, 11.745, 11.935, 11.051, 11.541, 12.448, 12.493, 11.141, 8.353, 6.459, 7.776, 7.815, 6.176, 7.287, 8.487, 6.107, 5.318, 5.609, 2.982, 2.582, 1.319, 2.95, 4.675, 5.571, 6.819, 7.044, 5.658, 4.405, 5.39, 5.576, 7.013, 8.078, 6.413, 5.477, 5.23, 5.602, 6.126, 6.194, 2.872, 2.737, 5.569, 6.913, 6.418, 6.976, 9.265, 10.929, 11.672, 11.269, 10.171, 10.672, 11.134, 11.213, 12.184, 13.303, 14.158, 14.969, 15.324, 14.378, 12.561, 12.957, 14.135, 14.486, 13.767, 14.135, 14.533, 12.786, 11.485, 13.055, 13.554, 11.864, 9.041, 7.804, 8.251, 6.245, 4.225, 5.175, 6.455, 5.428, 3.788, 4.003, 3.754], [3.585, 3.746, 1.588, 1.892, 0.933, 0.0, 1.107, 1.764, 2.856, 2.756, 2.697, 3.602, 3.744, 2.555, 2.742, 3.462, 4.754, 6.676, 8.324, 8.385, 8.557, 8.209, 7.414, 6.366, 6.17, 6.556, 6.435, 6.496, 6.777, 6.79, 7.238, 8.869, 8.67, 7.233, 7.395, 6.874, 5.04, 3.38, 5.136, 5.395, 4.602, 4.495, 3.963, 3.463, 4.061, 5.879, 5.797, 5.316, 5.132, 4.972, 5.474, 4.99, 3.867, 3.589, 3.318, 2.718, 3.425, 2.563, 5.265, 8.101, 8.867, 8.864, 9.07, 9.287, 9.925, 10.769, 11.724, 11.838, 11.016, 11.52, 12.423, 12.448, 11.114, 8.269, 6.352, 7.657, 7.677, 6.068, 7.22, 8.45, 6.04, 5.277, 5.607, 3.024, 2.667, 1.218, 2.847, 4.588, 5.457, 6.736, 6.971, 5.604, 4.333, 5.323, 5.479, 6.908, 7.975, 6.334, 5.434, 5.125, 5.597, 6.084, 6.169, 2.896, 2.723, 5.551, 6.862, 6.278, 6.92, 9.191, 10.837, 11.604, 11.223, 10.057, 10.569, 11.03, 11.083, 12.039, 13.163, 14.018, 14.838, 15.242, 14.322, 12.498, 12.86, 14.023, 14.344, 13.669, 14.022, 14.417, 12.694, 11.353, 12.929, 13.429, 11.741, 8.906, 7.686, 8.134, 6.145, 4.138, 5.173, 6.502, 5.398, 3.723, 3.908, 3.633], [3.61, 3.643, 1.602, 1.684, 1.262, 1.107, 0.0, 1.607, 2.637, 2.639, 2.521, 3.852, 3.839, 2.519, 2.551, 3.618, 4.849, 6.948, 8.474, 8.468, 8.55, 8.106, 7.422, 6.357, 6.22, 6.732, 6.607, 6.606, 6.927, 7.016, 7.482, 9.052, 8.755, 7.417, 7.643, 7.084, 5.227, 3.047, 4.816, 5.404, 4.436, 4.108, 3.631, 3.084, 3.572, 5.687, 5.497, 5.065, 4.933, 4.767, 5.158, 4.713, 3.578, 3.435, 2.9, 2.507, 3.121, 2.503, 5.384, 8.413, 9.161, 9.147, 9.326, 9.47, 10.139, 10.919, 11.921, 12.13, 11.137, 11.673, 12.592, 12.632, 11.371, 8.457, 6.432, 7.868, 8.035, 6.505, 7.544, 8.691, 6.192, 5.473, 5.954, 3.411, 2.313, 1.348, 3.07, 4.845, 5.754, 7.045, 7.315, 5.939, 4.594, 5.507, 5.762, 7.27, 7.991, 6.553, 5.687, 5.318, 5.74, 6.248, 6.287, 2.711, 2.807, 5.784, 7.079, 6.432, 7.069, 9.318, 10.926, 11.814, 11.413, 10.252, 10.744, 11.197, 11.247, 12.26, 13.386, 14.262, 15.155, 15.561, 14.637, 12.828, 13.181, 14.326, 14.541, 13.842, 14.225, 14.617, 12.918, 11.632, 13.209, 13.606, 12.008, 9.212, 7.9, 8.338, 6.501, 4.51, 5.477, 6.718, 5.726, 3.922, 4.023, 3.897], [2.774, 2.858, 2.408, 2.558, 1.731, 1.764, 1.607, 0.0, 1.424, 1.517, 1.779, 3.017, 3.154, 2.1, 2.04, 2.927, 4.307, 6.159, 7.598, 7.507, 7.646, 7.415, 6.977, 6.022, 5.645, 5.834, 5.975, 6.219, 6.148, 6.33, 6.641, 8.414, 8.158, 6.704, 6.852, 6.329, 4.544, 3.374, 5.481, 6.244, 5.209, 4.671, 4.285, 3.648, 4.252, 6.497, 6.422, 5.952, 5.733, 5.585, 6.159, 5.617, 4.572, 4.28, 3.335, 2.89, 4.067, 2.872, 4.631, 7.612, 8.274, 8.168, 8.341, 8.623, 9.192, 10.153, 11.23, 11.372, 10.435, 10.947, 11.886, 11.876, 10.559, 7.759, 5.769, 7.109, 7.065, 5.492, 6.61, 7.761, 5.445, 4.805, 5.215, 2.716, 3.15, 1.896, 2.364, 4.119, 4.896, 6.158, 6.448, 5.048, 3.676, 4.757, 5.096, 6.514, 7.442, 5.912, 4.92, 4.618, 5.118, 5.596, 5.674, 2.361, 2.157, 5.009, 6.421, 5.692, 6.47, 8.636, 10.308, 11.049, 10.677, 9.512, 9.938, 10.414, 10.466, 11.377, 12.49, 13.38, 14.222, 14.526, 13.596, 11.892, 12.254, 13.39, 13.695, 12.959, 13.365, 13.788, 12.029, 10.716, 12.253, 12.778, 11.123, 8.303, 7.103, 7.525, 5.518, 3.549, 4.623, 6.041, 5.006, 3.257, 3.293, 2.927], [2.631, 2.556, 3.26, 3.475, 2.742, 2.856, 2.637, 1.424, 0.0, 0.958, 1.013, 2.198, 2.195, 1.697, 1.951, 2.505, 3.499, 5.26, 6.719, 6.614, 6.767, 6.464, 6.203, 5.362, 4.803, 4.993, 5.265, 5.51, 5.252, 5.354, 5.773, 7.521, 7.283, 5.8, 6.031, 5.473, 3.681, 3.685, 5.977, 7.114, 6.153, 5.529, 5.142, 4.391, 5.005, 7.256, 7.159, 6.679, 6.499, 6.344, 6.871, 6.363, 5.323, 5.077, 4.012, 3.532, 4.795, 3.735, 3.736, 6.762, 7.436, 7.365, 7.556, 7.758, 8.34, 9.287, 10.381, 10.509, 9.567, 10.093, 11.04, 11.028, 9.687, 6.886, 4.87, 6.327, 6.362, 4.82, 5.838, 6.88, 4.579, 3.97, 4.344, 2.357, 3.904, 2.888, 2.715, 3.235, 4.037, 5.366, 5.62, 4.311, 2.974, 3.914, 4.244, 5.621, 6.542, 5.051, 4.087, 3.753, 4.2, 4.609, 4.734, 2.608, 2.191, 4.129, 5.506, 4.916, 5.646, 7.782, 9.447, 10.201, 9.833, 8.668, 9.148, 9.601, 9.684, 10.642, 11.751, 12.634, 13.455, 13.753, 12.871, 11.126, 11.467, 12.633, 12.934, 12.134, 12.625, 13.042, 11.257, 9.923, 11.485, 11.995, 10.355, 7.539, 6.348, 6.752, 4.791, 3.028, 3.818, 5.146, 4.111, 2.382, 2.381, 2.056], [2.403, 2.495, 3.201, 3.192, 2.599, 2.756, 2.639, 1.517, 0.958, 0.0, 1.115, 2.438, 2.624, 2.167, 2.393, 2.776, 3.801, 5.782, 7.231, 7.017, 7.1, 6.842, 6.491, 5.675, 5.109, 5.411, 5.604, 5.765, 5.445, 5.774, 6.281, 8.058, 7.894, 6.387, 6.546, 5.975, 4.1, 3.812, 5.863, 7.068, 5.991, 5.386, 5.102, 4.322, 4.868, 7.084, 7.002, 6.521, 6.33, 6.173, 6.678, 6.195, 5.078, 4.83, 3.86, 3.357, 4.625, 3.515, 4.269, 7.248, 7.895, 7.761, 7.869, 8.232, 8.748, 9.749, 10.889, 11.112, 10.107, 10.642, 11.582, 11.577, 10.3, 7.514, 5.422, 6.572, 6.569, 5.102, 6.154, 7.265, 5.045, 4.502, 4.83, 2.795, 3.875, 3.078, 3.107, 3.817, 4.569, 5.91, 6.193, 4.757, 3.354, 4.253, 4.729, 6.094, 7.074, 5.48, 4.479, 4.3, 4.717, 5.112, 5.205, 2.919, 2.386, 4.427, 5.844, 5.3, 6.146, 8.349, 10.018, 10.779, 10.401, 9.277, 9.53, 9.907, 9.959, 10.901, 12.008, 12.89, 13.681, 14.108, 13.134, 11.324, 11.706, 12.85, 13.189, 12.483, 12.85, 13.246, 11.525, 10.316, 11.778, 12.287, 10.599, 7.761, 6.499, 6.955, 5.025, 3.112, 4.242, 5.599, 4.581, 2.95, 2.838, 2.401], [2.698, 2.751, 3.15, 3.325, 2.609, 2.697, 2.521, 1.779, 1.013, 1.115, 0.0, 2.068, 2.216, 1.582, 1.894, 2.318, 3.39, 5.495, 6.936, 6.77, 6.999, 6.714, 6.183, 5.343, 4.786, 4.996, 5.156, 5.373, 5.258, 5.48, 5.941, 7.748, 7.583, 6.155, 6.234, 5.659, 3.61, 3.481, 5.695, 7.087, 6.089, 5.453, 5.198, 4.278, 4.87, 7.083, 6.964, 6.493, 6.288, 6.16, 6.738, 6.155, 5.101, 4.803, 3.81, 3.305, 4.605, 3.647, 3.872, 6.925, 7.659, 7.624, 7.869, 8.013, 8.657, 9.481, 10.52, 10.752, 9.784, 10.318, 11.252, 11.252, 9.977, 7.18, 5.159, 6.54, 6.494, 4.936, 5.97, 7.19, 4.752, 4.13, 4.441, 2.433, 3.894, 2.953, 2.962, 3.562, 4.32, 5.594, 5.865, 4.425, 3.123, 4.178, 4.401, 5.775, 6.798, 5.245, 4.297, 3.942, 4.228, 4.658, 4.733, 2.545, 2.248, 4.354, 5.667, 5.051, 5.865, 8.013, 9.685, 10.458, 10.074, 8.957, 9.44, 9.92, 9.938, 10.884, 12.006, 12.86, 13.718, 14.042, 13.091, 11.318, 11.694, 12.892, 13.208, 12.512, 12.872, 13.286, 11.567, 10.19, 11.772, 12.292, 10.608, 7.76, 6.549, 6.979, 4.982, 3.142, 3.912, 5.239, 4.206, 2.524, 2.582, 2.291], [3.059, 2.86, 4.198, 4.643, 3.616, 3.602, 3.852, 3.017, 2.198, 2.438, 2.068, 0.0, 1.38, 1.93, 2.525, 2.446, 3.237, 4.132, 5.767, 5.856, 6.382, 6.135, 5.911, 5.487, 4.511, 4.451, 4.897, 5.14, 4.72, 4.554, 4.805, 6.203, 6.079, 4.701, 4.86, 4.311, 2.987, 4.513, 7.526, 8.452, 7.689, 7.152, 6.819, 6.024, 6.837, 9.05, 8.906, 8.425, 8.247, 8.152, 8.657, 8.107, 6.975, 6.642, 5.592, 5.212, 6.536, 5.528, 2.436, 5.377, 6.039, 5.932, 6.15, 6.385, 6.956, 7.881, 8.987, 9.256, 8.252, 8.758, 9.723, 9.687, 8.444, 5.689, 3.599, 4.677, 4.751, 3.158, 4.25, 5.475, 3.173, 2.619, 3.03, 2.61, 5.76, 4.084, 3.029, 2.362, 2.886, 4.027, 4.342, 2.968, 2.242, 2.856, 2.952, 4.147, 5.223, 3.685, 2.657, 2.686, 2.754, 3.062, 3.128, 3.142, 2.448, 2.613, 3.877, 3.393, 4.26, 6.491, 8.167, 8.944, 8.561, 7.449, 7.659, 8.087, 8.084, 9.098, 10.233, 11.076, 11.88, 12.306, 11.315, 9.46, 9.875, 11.046, 11.418, 10.756, 11.051, 11.395, 9.758, 8.462, 10.003, 10.51, 8.727, 5.951, 4.605, 5.103, 3.314, 2.63, 2.649, 3.658, 2.701, 2.156, 1.934, 1.527], [3.453, 3.235, 4.553, 5.062, 3.654, 3.744, 3.839, 3.154, 2.195, 2.624, 2.216, 1.38, 0.0, 1.76, 2.323, 2.098, 2.553, 3.821, 5.242, 5.367, 5.996, 5.749, 5.401, 4.69, 3.971, 3.941, 4.352, 4.622, 4.326, 4.166, 4.413, 5.992, 5.776, 4.361, 4.463, 3.923, 2.32, 3.982, 7.066, 8.028, 7.238, 6.694, 6.365, 5.548, 6.375, 8.574, 8.446, 7.965, 7.819, 7.671, 8.175, 7.642, 6.538, 6.191, 5.153, 4.744, 6.068, 5.148, 2.557, 5.264, 6.187, 6.158, 6.434, 6.438, 7.123, 7.883, 8.771, 8.934, 8.06, 8.573, 9.491, 9.55, 8.102, 5.332, 3.538, 5.078, 5.12, 3.508, 4.553, 5.643, 3.15, 2.485, 2.909, 2.46, 5.261, 3.82, 3.028, 1.823, 2.832, 4.103, 4.209, 2.975, 2.329, 2.728, 2.755, 4.198, 5.114, 3.728, 2.97, 2.793, 2.839, 3.027, 3.094, 3.033, 2.585, 2.786, 4.053, 3.513, 4.139, 6.302, 7.946, 8.757, 8.286, 7.222, 7.955, 8.399, 8.468, 9.459, 10.598, 11.461, 12.263, 12.637, 11.669, 9.846, 10.251, 11.434, 11.772, 11.048, 11.438, 11.824, 10.079, 8.777, 10.36, 10.848, 9.146, 6.343, 5.094, 5.537, 3.861, 3.07, 2.678, 3.519, 2.706, 1.879, 1.806, 1.778], [3.283, 3.114, 3.402, 3.573, 2.507, 2.555, 2.519, 2.1, 1.697, 2.167, 1.582, 1.93, 1.76, 0.0, 1.315, 1.749, 2.87, 5.029, 6.605, 6.603, 6.759, 6.428, 5.774, 4.733, 4.462, 4.754, 4.669, 4.837, 5.024, 5.048, 5.418, 7.148, 6.987, 5.612, 5.871, 5.132, 3.151, 2.866, 5.931, 6.814, 6.064, 5.525, 5.195, 4.461, 5.215, 7.422, 7.252, 6.78, 6.651, 6.526, 7.054, 6.462, 5.42, 5.059, 3.94, 3.55, 4.89, 3.944, 3.45, 6.455, 7.215, 7.23, 7.465, 7.51, 8.206, 8.98, 9.995, 10.167, 9.252, 9.803, 10.73, 10.728, 9.456, 6.597, 4.599, 6.192, 6.19, 4.642, 5.67, 6.713, 4.245, 3.517, 3.897, 1.737, 4.115, 2.729, 2.346, 2.925, 3.872, 5.159, 5.392, 4.114, 2.747, 3.668, 3.819, 5.264, 6.224, 4.716, 3.783, 3.478, 3.632, 4.052, 4.081, 2.207, 2.271, 3.814, 5.143, 4.588, 5.346, 7.441, 9.114, 9.889, 9.539, 8.385, 9.046, 9.483, 9.565, 10.525, 11.664, 12.529, 13.359, 13.693, 12.783, 11.019, 11.379, 12.542, 12.838, 12.077, 12.542, 12.953, 11.169, 9.835, 11.404, 11.895, 10.265, 7.414, 6.174, 6.632, 4.637, 3.031, 3.558, 4.735, 3.779, 2.138, 2.089, 2.054], [3.737, 3.558, 3.293, 3.423, 2.587, 2.742, 2.551, 2.04, 1.951, 2.393, 1.894, 2.525, 2.323, 1.315, 0.0, 1.7, 3.083, 5.478, 6.948, 6.769, 6.932, 6.765, 6.024, 5.035, 4.747, 4.93, 4.922, 5.154, 5.331, 5.572, 5.886, 7.802, 7.589, 6.262, 6.408, 5.794, 3.499, 2.26, 5.256, 6.439, 5.601, 5.012, 4.697, 3.864, 4.661, 6.734, 6.561, 6.097, 5.957, 5.861, 6.514, 5.812, 4.914, 4.535, 3.319, 2.935, 4.349, 3.378, 3.951, 6.942, 7.849, 7.797, 7.978, 8.105, 8.792, 9.626, 10.57, 10.704, 9.884, 10.366, 11.277, 11.295, 9.99, 7.122, 5.333, 6.896, 6.86, 5.284, 6.313, 7.254, 4.88, 4.115, 4.404, 2.244, 3.52, 2.679, 2.789, 3.653, 4.587, 5.745, 5.935, 4.721, 3.512, 4.396, 4.579, 5.948, 6.967, 5.467, 4.549, 4.22, 4.208, 4.647, 4.704, 2.231, 2.605, 4.519, 5.88, 5.288, 6.033, 8.105, 9.668, 10.483, 10.074, 8.989, 9.726, 10.204, 10.265, 11.186, 12.325, 13.19, 14.044, 14.315, 13.422, 11.713, 12.068, 13.23, 13.505, 12.69, 13.209, 13.646, 11.853, 10.457, 12.073, 12.547, 10.959, 8.096, 6.885, 7.343, 5.355, 3.756, 4.122, 5.276, 4.254, 2.775, 2.852, 2.746], [4.47, 4.254, 4.529, 4.527, 3.423, 3.462, 3.618, 2.927, 2.505, 2.776, 2.318, 2.446, 2.098, 1.749, 1.7, 0.0, 2.139, 4.727, 6.14, 5.768, 5.804, 5.569, 4.734, 3.736, 3.447, 3.903, 3.689, 3.813, 4.095, 4.693, 5.217, 7.22, 7.005, 5.562, 5.567, 5.093, 2.759, 2.937, 6.1, 6.881, 6.193, 5.718, 5.345, 4.678, 5.44, 7.655, 7.457, 6.987, 6.748, 6.694, 7.358, 6.71, 5.797, 5.37, 4.129, 3.839, 5.191, 4.101, 3.788, 6.355, 7.138, 7.01, 7.147, 7.522, 8.07, 9.046, 9.945, 10.1, 9.304, 9.782, 10.694, 10.674, 9.324, 6.521, 4.663, 6.061, 6.002, 4.383, 5.546, 6.588, 4.292, 3.638, 3.835, 2.447, 4.597, 3.544, 3.249, 3.139, 3.805, 5.075, 5.259, 3.897, 3.057, 3.899, 4.055, 5.241, 6.283, 4.851, 4.073, 3.963, 4.193, 4.302, 4.309, 3.41, 3.339, 3.788, 5.214, 4.561, 5.353, 7.431, 9.048, 9.843, 9.513, 8.323, 8.951, 9.43, 9.479, 10.352, 11.464, 12.341, 13.21, 13.449, 12.559, 10.902, 11.277, 12.373, 12.678, 11.886, 12.357, 12.786, 11.023, 9.652, 11.235, 11.746, 10.121, 7.231, 6.093, 6.547, 4.748, 3.877, 3.92, 4.774, 4.021, 3.027, 3.024, 2.747], [5.75, 5.603, 6.142, 6.078, 4.722, 4.754, 4.849, 4.307, 3.499, 3.801, 3.39, 3.237, 2.553, 2.87, 3.083, 2.139, 0.0, 2.764, 4.29, 4.309, 4.436, 4.233, 3.287, 2.821, 2.245, 2.763, 2.565, 2.881, 2.64, 3.207, 3.777, 5.607, 5.501, 4.281, 4.383, 3.976, 1.717, 3.773, 6.789, 7.425, 6.752, 6.372, 5.889, 5.274, 6.221, 8.35, 8.257, 7.984, 7.696, 7.48, 8.174, 7.876, 6.987, 6.478, 4.917, 4.716, 6.298, 5.268, 3.759, 5.25, 6.299, 6.283, 6.408, 6.41, 7.133, 7.874, 8.274, 8.257, 7.834, 8.332, 9.292, 9.278, 7.673, 4.944, 3.8, 5.46, 5.378, 3.683, 4.804, 5.603, 3.398, 2.911, 3.036, 2.974, 5.086, 4.529, 4.418, 3.068, 3.828, 5.059, 4.83, 3.844, 3.574, 4.359, 3.976, 4.658, 5.371, 4.71, 4.365, 3.997, 4.146, 4.265, 4.02, 4.495, 4.666, 3.676, 4.697, 4.091, 4.481, 6.306, 7.681, 8.613, 7.758, 7.183, 8.188, 8.663, 8.75, 9.685, 10.82, 11.696, 12.552, 12.691, 11.791, 10.201, 10.556, 11.737, 12.028, 11.203, 11.721, 12.153, 10.343, 8.942, 10.576, 11.06, 9.466, 6.692, 6.357, 6.721, 5.339, 4.94, 4.458, 4.398, 3.843, 3.235, 3.566, 3.489], [6.751, 6.611, 7.838, 8.47, 6.674, 6.676, 6.948, 6.159, 5.26, 5.782, 5.495, 4.132, 3.821, 5.029, 5.478, 4.727, 2.764, 0.0, 2.46, 2.867, 3.303, 3.126, 3.034, 3.478, 2.453, 2.383, 2.783, 3.176, 1.963, 2.001, 2.582, 3.914, 3.848, 2.666, 2.793, 2.735, 2.373, 6.032, 8.888, 9.156, 8.326, 8.029, 7.603, 7.071, 8.136, 10.153, 10.298, 10.164, 9.954, 9.538, 10.155, 10.105, 9.375, 8.779, 7.166, 7.01, 8.824, 7.665, 3.698, 4.389, 4.902, 4.84, 5.015, 5.106, 5.561, 6.162, 6.446, 6.417, 6.097, 6.577, 7.56, 7.537, 5.781, 3.199, 2.528, 3.837, 3.878, 2.401, 3.251, 3.953, 2.95, 2.637, 2.776, 4.512, 7.359, 6.09, 5.009, 3.319, 3.452, 4.139, 3.879, 3.529, 3.684, 4.163, 3.644, 3.887, 4.22, 4.1, 4.076, 3.973, 4.386, 4.477, 4.313, 6.063, 6.027, 3.917, 4.055, 3.708, 3.33, 4.643, 5.944, 6.921, 5.837, 5.501, 6.517, 6.991, 7.079, 7.998, 9.137, 10.016, 10.887, 10.999, 10.045, 8.485, 8.856, 10.074, 10.343, 9.505, 10.042, 10.481, 8.665, 7.26, 8.902, 9.38, 7.798, 5.209, 5.958, 6.469, 5.005, 5.55, 4.736, 4.198, 3.912, 4.261, 4.414, 4.352], [8.087, 7.685, 9.559, 9.994, 8.317, 8.324, 8.474, 7.598, 6.719, 7.231, 6.936, 5.767, 5.242, 6.605, 6.948, 6.14, 4.29, 2.46, 0.0, 1.589, 2.463, 2.436, 3.334, 4.324, 3.478, 3.344, 3.649, 3.931, 2.475, 2.086, 2.157, 2.817, 2.577, 2.268, 1.962, 2.216, 3.74, 7.555, 10.514, 10.877, 10.235, 9.876, 9.305, 8.806, 9.907, 11.927, 11.991, 11.742, 11.576, 11.178, 11.871, 11.707, 10.807, 10.281, 8.709, 8.483, 10.249, 9.117, 4.558, 4.754, 5.049, 4.911, 5.179, 5.218, 5.171, 5.178, 5.071, 5.502, 5.442, 5.678, 6.215, 6.111, 4.433, 2.985, 2.984, 4.151, 4.106, 3.27, 3.136, 3.717, 4.002, 3.989, 4.223, 6.108, 8.873, 7.655, 6.297, 4.329, 4.113, 4.308, 3.718, 4.088, 4.738, 4.549, 4.446, 4.467, 4.802, 4.806, 4.817, 4.708, 5.068, 5.17, 5.124, 7.711, 7.543, 5.022, 4.697, 4.419, 3.769, 3.859, 4.205, 5.087, 4.227, 3.892, 5.154, 5.444, 5.417, 6.444, 7.581, 8.251, 9.098, 9.199, 8.307, 6.898, 7.271, 8.326, 8.529, 7.701, 8.236, 8.811, 6.91, 5.564, 7.253, 7.581, 6.278, 5.292, 6.575, 7.084, 5.695, 6.884, 5.581, 4.841, 4.774, 5.571, 5.47, 5.492], [8.408, 8.267, 9.653, 9.91, 8.348, 8.385, 8.468, 7.507, 6.614, 7.017, 6.77, 5.856, 5.367, 6.603, 6.769, 5.768, 4.309, 2.867, 1.589, 0.0, 1.364, 1.448, 2.519, 3.738, 2.921, 2.766, 3.123, 3.288, 2.164, 2.126, 2.177, 2.936, 2.631, 2.007, 1.917, 2.394, 3.796, 7.164, 10.007, 10.434, 9.839, 9.469, 8.918, 8.326, 9.384, 11.519, 11.493, 11.126, 10.979, 10.713, 11.436, 11.049, 10.507, 9.575, 8.391, 8.196, 9.875, 8.468, 5.352, 5.643, 5.892, 5.741, 6.07, 6.075, 5.978, 5.906, 6.137, 6.639, 6.415, 6.589, 7.04, 6.931, 5.336, 4.004, 3.249, 4.658, 4.825, 3.628, 3.839, 4.602, 4.506, 4.597, 4.651, 6.393, 8.977, 7.72, 6.488, 4.76, 4.872, 5.1, 4.441, 4.568, 4.836, 5.3, 5.151, 5.33, 5.67, 5.614, 5.611, 5.575, 6.063, 6.006, 5.976, 7.899, 7.768, 5.573, 5.539, 5.244, 4.595, 4.657, 5.071, 5.642, 4.828, 4.516, 5.624, 5.877, 5.817, 6.83, 7.998, 8.69, 9.36, 9.504, 8.56, 7.31, 7.601, 8.544, 8.823, 7.976, 8.62, 9.148, 7.279, 6.132, 7.647, 7.927, 6.612, 6.137, 7.424, 7.919, 6.533, 7.214, 6.324, 5.686, 5.578, 6.04, 6.014, 5.899], [8.992, 8.814, 9.882, 9.937, 8.543, 8.557, 8.55, 7.646, 6.767, 7.1, 6.999, 6.382, 5.996, 6.759, 6.932, 5.804, 4.436, 3.303, 2.463, 1.364, 0.0, 1.132, 2.32, 3.326, 2.742, 3.037, 3.23, 3.009, 2.196, 2.144, 2.206, 3.245, 2.965, 2.156, 2.288, 2.811, 4.051, 6.821, 9.737, 10.052, 9.39, 8.965, 8.469, 7.968, 8.922, 11.06, 10.998, 10.673, 10.597, 10.479, 10.935, 10.718, 10.255, 9.196, 7.927, 7.836, 9.426, 8.151, 5.889, 6.066, 6.202, 6.043, 6.392, 6.395, 6.414, 6.273, 6.576, 7.097, 6.82, 7.032, 7.545, 7.537, 5.833, 4.199, 3.739, 4.82, 5.107, 4.326, 4.683, 5.24, 5.284, 5.195, 5.185, 6.789, 8.72, 7.883, 6.973, 5.348, 5.442, 5.612, 5.031, 5.346, 5.376, 5.886, 5.742, 5.703, 5.952, 6.156, 6.15, 6.098, 6.434, 6.526, 6.609, 8.277, 8.208, 6.156, 6.003, 5.808, 4.983, 4.926, 5.369, 6.03, 5.182, 4.9, 5.973, 6.234, 6.132, 7.177, 8.36, 9.079, 9.71, 9.897, 9.062, 7.739, 8.023, 8.852, 9.131, 8.243, 8.939, 9.476, 7.637, 6.484, 8.013, 8.257, 6.934, 6.366, 7.723, 8.3, 7.227, 7.911, 7.162, 6.467, 6.409, 6.719, 6.736, 6.621], [8.71, 8.45, 9.415, 9.499, 8.194, 8.209, 8.106, 7.415, 6.464, 6.842, 6.714, 6.135, 5.749, 6.428, 6.765, 5.569, 4.233, 3.126, 2.436, 1.448, 1.132, 0.0, 2.135, 3.183, 2.521, 2.716, 2.825, 2.991, 1.924, 1.804, 2.216, 3.288, 2.826, 1.976, 2.16, 2.559, 3.931, 6.819, 9.736, 10.092, 9.413, 8.983, 8.493, 7.972, 8.753, 11.08, 10.915, 10.597, 10.614, 10.316, 10.777, 10.504, 9.964, 9.277, 8.112, 7.854, 9.367, 8.231, 5.931, 6.055, 6.13, 6.055, 6.363, 6.48, 6.456, 6.311, 6.699, 7.139, 6.781, 7.037, 7.517, 7.5, 5.822, 4.242, 3.591, 4.693, 5.044, 4.154, 4.47, 5.196, 5.201, 5.195, 5.199, 6.676, 8.81, 7.537, 6.695, 5.071, 5.189, 5.441, 5.018, 5.199, 5.257, 5.611, 5.476, 5.52, 5.658, 5.82, 5.804, 6.075, 6.405, 6.337, 6.582, 8.053, 7.878, 5.825, 5.704, 5.527, 4.638, 4.832, 5.538, 6.205, 5.383, 4.835, 5.681, 6.011, 6.008, 7.079, 8.208, 9.052, 9.733, 10.019, 9.161, 7.686, 7.92, 8.906, 9.081, 8.265, 8.869, 9.323, 7.586, 6.468, 7.916, 8.196, 6.769, 6.172, 7.405, 7.982, 7.078, 7.718, 7.051, 6.385, 6.369, 6.607, 6.619, 6.44], [8.578, 8.35, 8.881, 8.788, 7.397, 7.414, 7.422, 6.977, 6.203, 6.491, 6.183, 5.911, 5.401, 5.774, 6.024, 4.734, 3.287, 3.034, 3.334, 2.519, 2.32, 2.135, 0.0, 1.495, 1.593, 1.826, 1.511, 1.501, 1.783, 2.58, 3.129, 4.756, 4.585, 3.273, 3.448, 3.501, 3.549, 5.449, 7.844, 8.054, 7.414, 7.061, 6.535, 6.175, 6.953, 9.083, 9.176, 9.137, 8.843, 8.717, 9.525, 9.304, 8.919, 7.737, 6.56, 6.62, 8.2, 6.874, 6.025, 6.73, 7.033, 6.961, 7.135, 7.243, 7.365, 7.466, 7.791, 8.088, 7.67, 8.09, 8.762, 8.737, 7.033, 4.969, 4.268, 5.778, 5.892, 4.559, 5.284, 5.805, 5.198, 4.635, 4.84, 5.825, 7.348, 6.824, 6.335, 4.98, 5.512, 5.916, 5.413, 5.078, 5.064, 5.821, 5.678, 5.992, 6.339, 6.231, 6.226, 6.183, 6.623, 6.654, 6.568, 7.488, 7.589, 5.809, 6.218, 5.85, 5.356, 5.899, 6.995, 7.77, 6.843, 6.507, 7.521, 7.905, 7.905, 8.897, 10.031, 10.867, 11.637, 11.825, 10.928, 9.437, 9.661, 10.826, 11.1, 10.272, 10.834, 11.271, 9.464, 8.202, 9.755, 10.135, 8.587, 7.006, 8.106, 8.615, 7.125, 7.371, 6.894, 6.487, 6.279, 6.103, 6.33, 6.238], [7.651, 7.388, 7.775, 7.695, 6.358, 6.366, 6.357, 6.022, 5.362, 5.675, 5.343, 5.487, 4.69, 4.733, 5.035, 3.736, 2.821, 3.478, 4.324, 3.738, 3.326, 3.183, 1.495, 0.0, 1.323, 1.678, 1.36, 1.218, 2.229, 3.127, 4.01, 5.789, 5.605, 4.274, 4.501, 4.305, 2.928, 4.406, 6.792, 6.979, 6.32, 5.944, 5.461, 5.286, 5.695, 7.992, 7.969, 7.975, 7.728, 7.81, 8.395, 8.217, 7.851, 6.488, 5.606, 5.577, 7.057, 5.863, 5.965, 7.134, 7.417, 7.389, 7.546, 7.699, 7.907, 8.223, 8.746, 8.88, 8.266, 8.776, 9.614, 9.723, 7.895, 5.358, 4.457, 6.061, 6.264, 4.857, 5.695, 6.279, 5.328, 4.829, 4.879, 5.021, 6.455, 5.77, 5.397, 4.432, 5.052, 5.937, 5.574, 4.834, 4.479, 5.175, 5.122, 5.956, 6.41, 5.778, 5.82, 5.872, 6.393, 6.547, 6.447, 6.478, 6.639, 5.656, 6.138, 5.597, 5.394, 6.533, 7.913, 8.876, 8.081, 7.361, 8.346, 8.806, 8.898, 9.818, 10.959, 11.835, 12.737, 13.008, 12.111, 10.406, 10.764, 11.908, 12.16, 11.333, 11.861, 12.296, 10.483, 9.108, 10.738, 11.194, 9.614, 7.233, 8.063, 8.333, 6.889, 6.582, 6.394, 6.377, 6.119, 5.383, 5.705, 5.615], [7.071, 6.861, 7.591, 7.583, 6.159, 6.17, 6.22, 5.645, 4.803, 5.109, 4.786, 4.511, 3.971, 4.462, 4.747, 3.447, 2.245, 2.453, 3.478, 2.921, 2.742, 2.521, 1.593, 1.323, 0.0, 1.18, 1.172, 1.276, 1.322, 2.271, 3.19, 5.012, 4.832, 3.412, 3.605, 3.389, 2.258, 4.556, 7.467, 7.83, 7.172, 6.817, 6.308, 5.771, 6.596, 8.862, 8.773, 8.385, 8.216, 8.08, 8.687, 8.372, 7.926, 7.001, 5.781, 5.652, 7.195, 5.896, 4.919, 5.952, 6.312, 6.23, 6.368, 6.576, 6.815, 7.28, 7.902, 7.96, 7.382, 7.814, 8.726, 8.819, 7.048, 4.36, 3.416, 5.022, 5.22, 3.779, 4.655, 5.212, 4.171, 3.724, 3.767, 4.638, 6.504, 5.554, 5.083, 3.651, 4.21, 4.884, 4.521, 4.0, 3.871, 4.547, 4.256, 4.801, 5.259, 4.856, 4.867, 4.95, 5.409, 5.404, 5.349, 6.066, 6.112, 4.544, 4.996, 4.527, 4.318, 5.581, 7.042, 7.993, 7.233, 6.446, 7.494, 7.947, 8.033, 8.955, 10.096, 10.97, 11.868, 12.127, 11.211, 9.537, 9.901, 11.039, 11.303, 10.491, 10.998, 11.43, 9.623, 8.237, 9.882, 10.339, 8.745, 6.147, 6.917, 7.322, 5.882, 5.962, 5.503, 5.339, 5.116, 4.719, 4.918, 4.85], [7.114, 6.899, 7.902, 8.098, 6.499, 6.556, 6.732, 5.834, 4.993, 5.411, 4.996, 4.451, 3.941, 4.754, 4.93, 3.903, 2.763, 2.383, 3.344, 2.766, 3.037, 2.716, 1.826, 1.678, 1.18, 0.0, 0.977, 1.449, 1.778, 2.437, 3.168, 5.007, 4.898, 3.523, 3.696, 3.464, 2.515, 4.974, 7.545, 7.914, 7.267, 6.89, 6.398, 5.978, 6.671, 8.903, 8.877, 8.721, 8.453, 8.474, 9.129, 8.858, 8.463, 7.158, 6.301, 6.2, 7.773, 6.451, 4.901, 5.914, 6.351, 6.239, 6.469, 6.425, 6.791, 7.221, 7.85, 7.968, 7.377, 7.768, 8.674, 8.754, 6.901, 4.31, 3.393, 5.106, 5.303, 3.769, 4.619, 5.209, 4.049, 3.553, 3.669, 4.748, 7.094, 5.963, 5.093, 3.685, 4.294, 4.851, 4.517, 3.959, 3.868, 4.618, 4.355, 4.78, 5.351, 4.967, 4.937, 4.975, 5.404, 5.367, 5.377, 6.171, 6.136, 4.482, 4.942, 4.657, 4.462, 5.725, 7.116, 8.046, 7.212, 6.571, 7.555, 8.014, 8.103, 9.045, 10.185, 11.072, 11.92, 12.147, 11.123, 9.504, 9.887, 11.109, 11.364, 10.537, 11.069, 11.504, 9.688, 8.318, 9.951, 10.392, 8.837, 6.226, 6.91, 7.366, 5.93, 5.849, 5.499, 5.182, 4.995, 4.74, 5.017, 4.897], [7.582, 7.342, 7.905, 7.935, 6.33, 6.435, 6.607, 5.975, 5.265, 5.604, 5.156, 4.897, 4.352, 4.669, 4.922, 3.689, 2.565, 2.783, 3.649, 3.123, 3.23, 2.825, 1.511, 1.36, 1.172, 0.977, 0.0, 1.067, 1.75, 2.683, 3.476, 5.358, 5.252, 3.841, 4.071, 3.784, 2.77, 4.692, 7.254, 7.553, 6.917, 6.561, 6.047, 5.616, 6.347, 8.56, 8.543, 8.518, 8.212, 8.103, 8.819, 8.652, 8.24, 7.004, 6.006, 5.96, 7.545, 6.251, 5.426, 6.557, 6.987, 6.814, 7.04, 7.098, 7.227, 7.687, 8.189, 8.354, 7.802, 8.231, 9.107, 9.168, 7.264, 4.802, 4.005, 5.676, 5.84, 4.291, 5.168, 5.627, 4.655, 4.031, 4.098, 4.714, 6.788, 5.931, 5.437, 4.252, 4.877, 5.386, 5.006, 4.392, 4.328, 5.094, 4.865, 5.359, 5.985, 5.475, 5.483, 5.51, 5.906, 5.891, 5.816, 6.34, 6.543, 5.014, 5.503, 5.152, 4.984, 6.15, 7.492, 8.377, 7.521, 6.935, 7.942, 8.402, 8.49, 9.424, 10.559, 11.431, 12.309, 12.506, 11.484, 9.893, 10.28, 11.498, 11.761, 10.938, 11.464, 11.891, 10.081, 8.705, 10.337, 10.794, 9.209, 6.806, 7.529, 7.943, 6.493, 6.325, 5.914, 5.707, 5.475, 5.17, 5.421, 5.309], [7.831, 7.61, 7.981, 7.842, 6.37, 6.496, 6.606, 6.219, 5.51, 5.765, 5.373, 5.14, 4.622, 4.837, 5.154, 3.813, 2.881, 3.176, 3.931, 3.288, 3.009, 2.991, 1.501, 1.218, 1.276, 1.449, 1.067, 0.0, 1.79, 2.786, 3.592, 5.539, 5.376, 3.915, 4.143, 3.889, 2.99, 4.589, 6.971, 7.408, 6.834, 6.459, 5.942, 5.506, 6.239, 8.471, 8.379, 8.059, 7.841, 7.921, 8.578, 8.385, 7.988, 6.502, 5.578, 5.755, 7.056, 5.896, 5.714, 6.69, 7.093, 6.901, 7.155, 7.207, 7.37, 7.772, 8.346, 8.526, 7.908, 8.313, 9.189, 9.269, 7.409, 5.129, 4.227, 5.751, 5.889, 4.383, 5.241, 5.783, 4.914, 4.241, 4.362, 4.973, 6.575, 6.068, 5.686, 4.522, 5.145, 5.618, 5.299, 4.706, 4.613, 5.397, 5.148, 5.495, 6.09, 5.737, 5.754, 5.815, 6.167, 6.103, 6.098, 6.606, 6.792, 5.243, 5.667, 5.395, 5.128, 6.186, 7.591, 8.472, 7.751, 7.006, 8.017, 8.479, 8.562, 9.494, 10.631, 11.508, 12.382, 12.583, 11.587, 9.957, 10.348, 11.561, 11.832, 11.03, 11.533, 11.96, 10.149, 8.77, 10.414, 10.885, 9.285, 6.916, 7.689, 8.185, 6.743, 6.635, 6.246, 6.015, 5.762, 5.459, 5.705, 5.6], [7.481, 7.353, 8.271, 8.253, 6.686, 6.777, 6.927, 6.148, 5.252, 5.445, 5.258, 4.72, 4.326, 5.024, 5.331, 4.095, 2.64, 1.963, 2.475, 2.164, 2.196, 1.924, 1.783, 2.229, 1.322, 1.778, 1.75, 1.79, 0.0, 1.498, 2.219, 4.163, 4.028, 2.545, 2.706, 2.524, 2.591, 5.6, 8.351, 8.83, 8.258, 7.94, 7.389, 6.715, 7.734, 9.917, 9.877, 9.491, 9.28, 9.004, 9.78, 9.307, 8.618, 7.918, 6.675, 6.447, 8.059, 6.877, 4.738, 5.326, 5.74, 5.553, 5.776, 5.907, 5.92, 6.356, 6.842, 7.142, 6.685, 7.021, 7.836, 7.847, 6.016, 3.858, 2.927, 4.407, 4.54, 3.092, 3.977, 4.456, 3.855, 3.717, 3.637, 5.043, 7.2, 6.264, 5.61, 4.055, 4.311, 4.616, 4.146, 3.914, 3.984, 4.624, 4.345, 4.577, 5.033, 4.879, 4.839, 4.953, 5.362, 5.251, 5.299, 6.667, 6.627, 4.612, 4.758, 4.52, 4.017, 4.729, 6.196, 7.019, 6.331, 5.572, 6.581, 7.038, 7.122, 8.053, 9.193, 10.065, 10.918, 11.075, 10.128, 8.509, 8.898, 10.095, 10.401, 9.604, 10.081, 10.511, 8.705, 7.335, 8.958, 9.456, 7.823, 5.627, 6.763, 7.253, 5.827, 6.3, 5.53, 5.091, 4.915, 5.141, 5.134, 4.971], [7.193, 7.068, 8.087, 8.435, 6.805, 6.79, 7.016, 6.33, 5.354, 5.774, 5.48, 4.554, 4.166, 5.048, 5.572, 4.693, 3.207, 2.001, 2.086, 2.126, 2.144, 1.804, 2.58, 3.127, 2.271, 2.437, 2.683, 2.786, 1.498, 0.0, 1.292, 3.008, 2.851, 1.484, 1.718, 1.546, 2.516, 6.323, 9.507, 9.874, 9.26, 8.874, 8.387, 7.782, 8.624, 10.905, 10.776, 10.364, 10.331, 9.984, 10.459, 10.264, 9.218, 8.876, 7.545, 7.175, 8.744, 7.789, 4.487, 4.708, 4.91, 4.923, 5.235, 5.432, 5.439, 5.534, 6.035, 6.22, 5.644, 6.032, 6.845, 6.96, 5.171, 3.342, 2.629, 3.536, 3.744, 2.796, 3.363, 3.899, 3.827, 3.673, 3.662, 5.264, 7.751, 6.306, 5.522, 3.832, 4.013, 4.415, 4.105, 4.109, 4.042, 4.443, 4.005, 4.032, 4.417, 4.447, 4.427, 4.651, 4.906, 4.859, 5.063, 6.541, 6.347, 4.33, 4.249, 4.136, 3.484, 3.835, 5.183, 6.075, 5.352, 4.587, 5.497, 5.93, 6.025, 6.98, 8.116, 8.996, 9.828, 10.154, 9.258, 7.499, 7.86, 8.996, 9.295, 8.495, 8.987, 9.406, 7.601, 6.291, 7.849, 8.34, 6.713, 4.804, 6.101, 6.734, 5.673, 6.26, 5.517, 4.945, 4.849, 5.065, 5.088, 4.925], [7.502, 7.386, 8.525, 8.913, 7.16, 7.238, 7.482, 6.641, 5.773, 6.281, 5.941, 4.805, 4.413, 5.418, 5.886, 5.217, 3.777, 2.582, 2.157, 2.177, 2.206, 2.216, 3.129, 4.01, 3.19, 3.168, 3.476, 3.592, 2.219, 1.292, 0.0, 2.225, 2.021, 1.333, 1.571, 1.51, 2.847, 7.2, 10.35, 10.713, 10.137, 9.755, 9.268, 8.618, 9.626, 11.745, 11.667, 11.321, 11.182, 10.912, 11.521, 11.068, 10.229, 9.641, 8.317, 7.961, 9.515, 8.374, 4.572, 4.583, 4.69, 4.728, 5.246, 5.334, 5.203, 4.923, 5.127, 5.622, 5.068, 5.359, 6.007, 6.087, 4.554, 3.505, 2.734, 3.443, 3.623, 2.955, 3.252, 3.814, 3.931, 3.749, 3.707, 5.541, 8.367, 6.7, 5.687, 4.094, 4.298, 4.485, 4.075, 4.085, 4.118, 4.634, 4.312, 4.285, 4.659, 4.795, 4.769, 4.786, 5.086, 5.113, 5.225, 6.73, 6.633, 4.617, 4.579, 4.469, 3.795, 3.414, 4.243, 5.065, 4.448, 3.705, 4.786, 5.156, 5.197, 6.15, 7.328, 8.13, 8.972, 9.204, 8.311, 6.686, 7.007, 8.161, 8.438, 7.601, 8.145, 8.583, 6.759, 5.495, 7.036, 7.466, 5.952, 4.927, 6.401, 7.051, 5.898, 6.436, 5.686, 5.081, 5.002, 5.238, 5.271, 5.117], [8.098, 7.953, 9.745, 10.378, 8.947, 8.869, 9.052, 8.414, 7.521, 8.058, 7.748, 6.203, 5.992, 7.148, 7.802, 7.22, 5.607, 3.914, 2.817, 2.936, 3.245, 3.288, 4.756, 5.789, 5.012, 5.007, 5.358, 5.539, 4.163, 3.008, 2.225, 0.0, 1.005, 2.271, 2.142, 2.352, 4.807, 9.111, 12.327, 12.647, 12.011, 11.596, 11.097, 10.533, 11.403, 13.64, 13.576, 13.256, 13.082, 12.755, 13.309, 13.113, 12.184, 11.712, 10.26, 9.944, 11.493, 10.51, 5.149, 3.962, 3.969, 3.987, 4.577, 4.648, 4.172, 3.84, 3.811, 4.399, 4.056, 4.516, 4.801, 4.851, 3.766, 3.058, 2.98, 2.973, 3.358, 3.712, 3.178, 3.808, 4.518, 4.562, 4.744, 7.411, 10.294, 8.384, 6.498, 4.815, 4.609, 4.342, 4.041, 4.55, 4.995, 4.852, 4.808, 4.123, 4.308, 4.734, 4.816, 5.256, 5.25, 5.01, 5.491, 7.75, 7.581, 5.233, 4.554, 4.553, 3.653, 2.656, 2.818, 3.408, 2.473, 2.221, 3.056, 3.371, 3.4, 4.403, 5.524, 6.326, 7.042, 7.327, 6.524, 4.934, 5.23, 6.279, 6.521, 5.695, 6.222, 6.699, 4.97, 3.874, 5.213, 5.553, 4.256, 4.3, 5.933, 6.696, 6.09, 7.156, 6.178, 5.2, 5.375, 6.074, 5.978, 6.082], [8.01, 7.666, 9.491, 10.171, 8.766, 8.67, 8.755, 8.158, 7.283, 7.894, 7.583, 6.079, 5.776, 6.987, 7.589, 7.005, 5.501, 3.848, 2.577, 2.631, 2.965, 2.826, 4.585, 5.605, 4.832, 4.898, 5.252, 5.376, 4.028, 2.851, 2.021, 1.005, 0.0, 1.809, 1.81, 2.192, 4.526, 8.98, 12.212, 12.543, 11.866, 11.433, 10.955, 10.444, 11.22, 13.532, 13.38, 13.064, 12.948, 12.656, 13.131, 12.845, 11.95, 11.514, 10.133, 9.75, 11.213, 10.255, 4.927, 4.315, 4.306, 4.31, 4.831, 4.859, 4.525, 4.159, 4.249, 4.804, 4.351, 4.782, 5.108, 5.117, 3.885, 3.153, 2.838, 2.909, 3.388, 3.574, 3.112, 3.81, 4.345, 4.521, 4.709, 7.208, 10.132, 8.098, 6.293, 4.506, 4.279, 4.29, 3.934, 4.337, 4.931, 4.672, 4.56, 4.253, 4.378, 4.725, 4.727, 5.113, 5.227, 5.147, 5.508, 7.701, 7.432, 5.005, 4.536, 4.482, 3.46, 2.893, 3.072, 3.671, 2.835, 2.357, 3.236, 3.526, 3.567, 4.552, 5.675, 6.505, 7.24, 7.508, 6.691, 5.138, 5.448, 6.46, 6.607, 5.777, 6.366, 6.835, 5.086, 4.088, 5.372, 5.691, 4.421, 4.531, 6.073, 6.724, 6.068, 7.075, 6.098, 5.238, 5.293, 5.882, 5.759, 5.835], [7.147, 6.918, 8.264, 8.892, 7.285, 7.233, 7.417, 6.704, 5.8, 6.387, 6.155, 4.701, 4.361, 5.612, 6.262, 5.562, 4.281, 2.666, 2.268, 2.007, 2.156, 1.976, 3.273, 4.274, 3.412, 3.523, 3.841, 3.915, 2.545, 1.484, 1.333, 2.271, 1.809, 0.0, 1.045, 1.381, 3.24, 7.657, 10.792, 11.202, 10.549, 10.12, 9.628, 9.069, 9.864, 12.227, 12.085, 11.607, 11.492, 11.297, 11.761, 11.328, 10.29, 9.97, 8.801, 8.404, 9.787, 8.756, 4.578, 4.499, 4.554, 4.464, 4.844, 5.044, 4.889, 4.912, 5.558, 6.048, 5.419, 5.71, 6.343, 6.328, 4.622, 3.116, 2.227, 2.991, 3.334, 2.653, 3.127, 3.688, 3.796, 3.897, 3.949, 5.833, 8.868, 6.709, 5.344, 3.704, 3.754, 4.056, 3.605, 3.728, 3.864, 4.082, 3.967, 3.985, 4.199, 4.329, 4.323, 4.716, 5.119, 4.936, 5.283, 6.845, 6.432, 4.319, 4.188, 4.039, 3.151, 3.31, 4.472, 5.11, 4.464, 3.651, 4.397, 4.783, 4.789, 5.836, 6.977, 7.806, 8.542, 8.876, 8.003, 6.387, 6.645, 7.69, 7.973, 7.196, 7.708, 8.127, 6.354, 5.218, 6.696, 7.075, 5.469, 4.483, 5.856, 6.447, 5.553, 6.174, 5.478, 5.042, 5.0, 5.209, 5.07, 4.973], [7.037, 6.908, 8.504, 9.15, 7.476, 7.395, 7.643, 6.852, 6.031, 6.546, 6.234, 4.86, 4.463, 5.871, 6.408, 5.567, 4.383, 2.793, 1.962, 1.917, 2.288, 2.16, 3.448, 4.501, 3.605, 3.696, 4.071, 4.143, 2.706, 1.718, 1.571, 2.142, 1.81, 1.045, 0.0, 1.122, 3.406, 7.844, 11.019, 11.411, 10.763, 10.379, 9.856, 9.279, 10.122, 12.446, 12.349, 11.878, 11.673, 11.506, 12.078, 11.554, 10.489, 10.217, 9.006, 8.666, 10.026, 8.825, 4.342, 4.268, 4.313, 4.249, 4.576, 4.974, 4.751, 4.823, 5.283, 5.79, 5.304, 5.55, 6.06, 6.081, 4.543, 3.001, 2.242, 2.951, 3.068, 2.446, 2.592, 3.432, 3.748, 3.981, 3.933, 5.973, 9.029, 6.956, 5.368, 3.808, 3.512, 3.691, 3.324, 3.531, 3.891, 3.93, 3.769, 3.653, 4.023, 4.033, 4.007, 4.491, 4.849, 4.652, 4.997, 6.941, 6.509, 4.198, 3.886, 3.674, 2.962, 3.229, 4.217, 4.886, 4.26, 3.501, 4.292, 4.598, 4.574, 5.594, 6.755, 7.554, 8.299, 8.576, 7.657, 6.156, 6.416, 7.455, 7.756, 7.006, 7.514, 7.931, 6.178, 4.946, 6.471, 6.864, 5.324, 4.306, 5.637, 6.269, 5.127, 6.021, 5.197, 4.726, 4.705, 5.205, 4.898, 4.893], [6.64, 6.524, 8.076, 8.527, 6.866, 6.874, 7.084, 6.329, 5.473, 5.975, 5.659, 4.311, 3.923, 5.132, 5.794, 5.093, 3.976, 2.735, 2.216, 2.394, 2.811, 2.559, 3.501, 4.305, 3.389, 3.464, 3.784, 3.889, 2.524, 1.546, 1.51, 2.352, 2.192, 1.381, 1.122, 0.0, 2.996, 7.456, 10.612, 11.003, 10.408, 10.035, 9.537, 8.908, 9.763, 12.027, 11.92, 11.439, 11.297, 11.127, 11.656, 11.16, 10.082, 9.761, 8.597, 8.22, 9.546, 8.429, 3.941, 4.163, 4.283, 4.277, 4.542, 4.841, 4.793, 4.869, 5.328, 5.878, 5.054, 5.413, 6.12, 6.105, 4.787, 3.062, 2.025, 2.98, 3.033, 2.321, 2.52, 3.218, 3.396, 3.559, 3.709, 5.703, 8.641, 6.585, 5.256, 3.609, 3.277, 3.599, 3.298, 3.554, 3.764, 3.754, 3.369, 3.135, 3.593, 3.6, 3.583, 4.011, 4.28, 4.105, 4.412, 6.504, 6.12, 3.739, 3.325, 3.216, 2.694, 3.218, 4.406, 5.165, 4.656, 3.728, 4.481, 4.856, 4.893, 5.882, 7.017, 7.852, 8.692, 9.03, 8.119, 6.418, 6.717, 7.867, 8.165, 7.419, 7.864, 8.269, 6.505, 5.208, 6.768, 7.236, 5.589, 4.046, 5.257, 5.841, 4.911, 5.757, 4.777, 4.176, 4.231, 4.78, 4.457, 4.408], [5.294, 5.203, 6.211, 6.59, 5.077, 5.04, 5.227, 4.544, 3.681, 4.1, 3.61, 2.987, 2.32, 3.151, 3.499, 2.759, 1.717, 2.373, 3.74, 3.796, 4.051, 3.931, 3.549, 2.928, 2.258, 2.515, 2.77, 2.99, 2.591, 2.516, 2.847, 4.807, 4.526, 3.24, 3.406, 2.996, 0.0, 4.71, 7.852, 8.313, 7.762, 7.321, 6.927, 6.307, 7.197, 9.304, 9.099, 8.78, 8.72, 8.524, 9.127, 8.563, 7.732, 7.208, 5.831, 5.488, 7.014, 5.957, 3.57, 5.123, 5.627, 5.605, 5.763, 5.88, 6.436, 6.871, 7.5, 7.584, 6.909, 7.302, 8.295, 8.383, 6.818, 4.206, 2.957, 4.506, 4.516, 3.038, 3.89, 4.7, 3.202, 2.843, 2.755, 3.231, 5.969, 4.629, 3.974, 2.468, 3.082, 4.304, 4.065, 3.196, 2.888, 3.534, 3.235, 3.832, 4.446, 3.759, 3.676, 3.577, 3.799, 4.034, 3.763, 4.314, 4.258, 3.296, 3.853, 3.28, 3.475, 5.253, 6.621, 7.619, 7.027, 6.12, 7.112, 7.583, 7.671, 8.584, 9.721, 10.616, 11.53, 11.78, 10.88, 9.199, 9.553, 10.7, 10.93, 10.094, 10.633, 11.073, 9.251, 7.86, 9.515, 9.964, 8.407, 5.809, 5.865, 6.134, 4.931, 4.569, 4.065, 3.928, 3.551, 3.081, 3.328, 3.315], [5.406, 5.223, 4.138, 4.048, 3.265, 3.38, 3.047, 3.374, 3.685, 3.812, 3.481, 4.513, 3.982, 2.866, 2.26, 2.937, 3.773, 6.032, 7.555, 7.164, 6.821, 6.819, 5.449, 4.406, 4.556, 4.974, 4.692, 4.589, 5.6, 6.323, 7.2, 9.111, 8.98, 7.657, 7.844, 7.456, 4.71, 0.0, 3.434, 4.545, 3.723, 3.197, 2.803, 2.198, 2.889, 4.881, 4.61, 4.394, 4.329, 4.246, 4.682, 4.584, 3.935, 3.165, 1.939, 1.907, 3.28, 2.588, 5.594, 8.786, 9.85, 9.847, 10.01, 9.928, 10.773, 11.428, 11.985, 11.841, 11.373, 11.894, 12.839, 12.976, 11.15, 8.124, 7.178, 8.935, 8.91, 7.286, 8.357, 9.208, 6.62, 5.593, 6.022, 3.399, 2.719, 3.256, 4.307, 5.267, 6.519, 7.727, 7.842, 6.702, 5.436, 6.404, 6.399, 7.939, 8.763, 7.444, 6.528, 5.717, 5.579, 6.409, 6.221, 3.3, 3.879, 6.55, 7.887, 7.309, 7.901, 9.849, 11.168, 12.175, 11.272, 10.697, 11.718, 12.194, 12.279, 13.208, 14.345, 15.226, 16.113, 16.337, 15.438, 13.782, 14.137, 15.285, 15.546, 14.705, 15.253, 15.683, 13.866, 12.459, 14.099, 14.566, 12.991, 10.125, 8.924, 9.382, 7.268, 5.574, 6.118, 6.927, 5.889, 4.24, 4.618, 4.65], [7.483, 7.706, 5.389, 5.074, 4.862, 5.136, 4.816, 5.481, 5.977, 5.863, 5.695, 7.526, 7.066, 5.931, 5.256, 6.1, 6.789, 8.888, 10.514, 10.007, 9.737, 9.736, 7.844, 6.792, 7.467, 7.545, 7.254, 6.971, 8.351, 9.507, 10.35, 12.327, 12.212, 10.792, 11.019, 10.612, 7.852, 3.434, 0.0, 2.191, 2.465, 2.402, 2.522, 2.42, 2.316, 2.138, 1.806, 2.546, 2.45, 2.911, 3.671, 3.806, 4.059, 2.306, 2.431, 3.45, 3.229, 3.795, 8.638, 11.783, 12.972, 12.914, 13.075, 12.957, 13.77, 14.506, 14.928, 14.919, 14.49, 14.95, 15.927, 15.894, 14.154, 11.406, 10.366, 12.108, 12.053, 10.295, 11.441, 12.25, 9.593, 8.573, 8.974, 6.121, 3.259, 4.981, 7.078, 8.396, 9.681, 10.854, 10.926, 9.711, 8.509, 9.591, 9.586, 11.102, 11.931, 10.631, 9.713, 8.776, 8.745, 9.562, 9.291, 5.82, 6.443, 9.737, 11.074, 10.496, 11.077, 12.983, 14.335, 15.291, 14.437, 13.862, 14.866, 15.34, 15.425, 16.366, 17.502, 18.38, 19.228, 19.363, 18.433, 16.842, 17.202, 18.417, 18.698, 17.859, 18.403, 18.83, 17.016, 15.618, 17.25, 17.727, 16.137, 13.292, 12.097, 12.546, 10.379, 8.447, 9.133, 9.94, 8.756, 7.064, 7.61