[[0.0, 1.041, 1.76, 1.583, 3.732, 5.207, 5.198, 4.919, 5.347, 6.167, 7.536, 9.032, 8.396, 6.698, 5.845, 5.177, 5.027, 4.292, 4.09, 4.491, 3.718, 3.722, 4.013, 4.346, 4.022, 3.515, 3.062, 3.065, 3.048, 3.482, 4.695, 6.377, 7.901, 8.633, 8.14, 6.828, 5.451, 5.662, 7.029, 6.204, 4.717, 4.407, 4.261, 4.279, 2.996, 3.265, 3.483, 1.918, 3.05, 4.145, 4.072, 4.368, 5.361, 5.532, 4.46, 3.292, 2.61, 1.807, 1.995, 2.0, 1.539, 2.829, 4.561, 4.246, 4.832, 5.925, 5.005, 4.71, 4.766, 4.374, 4.326, 4.641, 3.815, 4.301, 6.442, 5.7, 5.607, 4.05, 5.4, 7.136, 8.08, 8.815, 9.743, 11.484, 12.6, 13.066, 13.296, 12.786, 11.099, 11.383, 12.208, 12.11, 12.016, 12.684, 13.757, 14.393, 14.53, 13.903, 10.978, 8.662, 6.129, 4.201, 4.92, 4.304, 2.398, 2.219, 2.431, 3.614, 5.354, 6.179, 6.471, 7.266, 8.568, 7.745, 7.118, 5.62, 4.154, 5.454, 5.298, 3.498, 2.378, 2.495, 2.389, 2.291, 2.353, 5.649, 5.983, 6.347, 8.415, 8.983, 8.783, 9.275, 10.03, 8.599, 8.217, 8.997, 9.942, 9.337, 8.78, 8.648, 8.711, 9.404, 11.111, 10.993, 9.722, 9.731], [1.041, 0.0, 1.405, 1.346, 3.711, 4.978, 5.096, 4.787, 5.306, 6.141, 7.405, 8.862, 8.312, 6.515, 5.596, 5.146, 5.028, 4.258, 3.997, 4.34, 3.842, 3.956, 4.105, 4.46, 4.233, 3.422, 2.827, 3.098, 2.878, 3.476, 4.646, 6.239, 7.794, 8.505, 7.917, 6.648, 5.489, 5.716, 7.038, 6.213, 5.083, 4.638, 4.142, 4.136, 2.961, 3.167, 3.263, 1.99, 3.234, 4.307, 4.263, 4.518, 5.508, 5.691, 4.616, 3.47, 2.66, 2.022, 1.983, 1.68, 1.372, 2.861, 4.707, 4.3, 5.009, 6.072, 5.195, 4.882, 4.96, 4.113, 4.074, 4.395, 3.678, 4.115, 6.266, 5.574, 5.435, 3.867, 5.273, 6.76, 7.788, 8.536, 9.735, 11.619, 12.797, 13.242, 13.462, 12.929, 11.246, 11.562, 12.405, 12.267, 12.186, 12.815, 13.906, 14.562, 14.764, 14.168, 11.044, 8.776, 6.273, 4.461, 5.013, 4.055, 2.075, 2.205, 2.489, 3.763, 5.542, 6.335, 6.623, 7.424, 8.727, 7.895, 7.231, 5.778, 4.266, 5.621, 5.456, 3.685, 2.541, 2.687, 2.624, 2.491, 2.481, 5.7, 5.942, 6.453, 8.251, 8.903, 8.817, 9.205, 9.863, 8.429, 8.226, 8.946, 9.846, 9.27, 8.731, 8.579, 8.545, 9.278, 10.92, 10.863, 9.61, 9.642], [1.76, 1.405, 0.0, 1.861, 4.406, 5.782, 5.55, 5.317, 5.913, 6.382, 7.63, 9.269, 8.729, 6.993, 5.871, 5.514, 5.196, 4.565, 4.266, 4.97, 4.544, 4.638, 5.004, 5.414, 4.845, 3.903, 3.148, 3.48, 3.247, 3.872, 4.335, 5.321, 6.717, 7.482, 7.041, 5.663, 4.719, 5.068, 6.236, 5.436, 4.504, 3.969, 3.621, 3.789, 2.786, 3.062, 2.807, 1.962, 4.294, 5.345, 5.198, 5.522, 6.547, 6.732, 5.653, 4.436, 3.468, 2.616, 2.443, 2.398, 2.045, 3.835, 5.779, 5.272, 5.939, 7.23, 6.357, 6.067, 6.038, 4.955, 4.772, 5.316, 4.417, 4.096, 5.329, 4.417, 4.338, 3.796, 5.721, 7.301, 8.479, 9.332, 10.695, 12.574, 13.809, 14.261, 14.527, 13.978, 12.173, 12.443, 13.385, 13.33, 13.213, 13.692, 14.836, 15.414, 15.656, 15.084, 11.995, 9.813, 7.421, 5.37, 6.042, 4.746, 2.216, 2.258, 3.219, 4.723, 6.563, 7.379, 7.673, 8.465, 9.768, 8.965, 8.34, 6.751, 5.345, 6.742, 6.493, 4.501, 3.272, 3.523, 3.579, 3.228, 2.399, 5.213, 5.33, 5.833, 7.155, 7.719, 8.197, 8.534, 8.998, 7.602, 7.602, 8.19, 8.984, 8.576, 7.984, 7.543, 7.533, 8.101, 9.778, 9.649, 8.378, 8.459], [1.583, 1.346, 1.861, 0.0, 2.896, 4.37, 4.685, 4.323, 4.905, 5.494, 6.911, 8.398, 7.934, 6.195, 5.129, 4.58, 4.312, 4.155, 3.929, 4.058, 3.275, 3.413, 3.637, 3.992, 3.555, 3.006, 2.819, 2.929, 2.809, 3.645, 5.096, 6.767, 8.379, 9.039, 8.502, 7.178, 5.999, 6.181, 7.475, 6.704, 5.529, 5.02, 4.771, 4.579, 3.439, 3.728, 3.67, 2.319, 2.715, 3.77, 3.668, 3.995, 4.995, 5.062, 3.984, 2.916, 2.257, 1.637, 2.038, 1.789, 1.2, 2.313, 4.201, 3.73, 4.412, 5.706, 4.809, 4.519, 4.448, 3.532, 3.524, 3.912, 3.505, 4.239, 6.801, 5.989, 5.979, 3.814, 4.969, 6.364, 7.165, 8.025, 9.262, 11.174, 12.38, 12.788, 12.944, 12.376, 10.768, 10.97, 11.952, 11.904, 11.672, 12.257, 13.343, 13.926, 14.188, 13.501, 10.404, 8.189, 5.828, 3.868, 4.421, 3.445, 1.844, 2.348, 1.658, 3.075, 4.894, 5.709, 6.004, 6.795, 8.098, 7.32, 6.692, 5.156, 3.9, 5.231, 4.831, 3.499, 2.251, 2.44, 2.449, 2.047, 3.162, 6.233, 6.454, 6.947, 8.779, 9.299, 9.437, 9.704, 10.396, 8.985, 8.785, 9.49, 10.292, 9.77, 9.225, 8.831, 8.98, 9.642, 11.394, 11.296, 9.935, 9.904], [3.732, 3.711, 4.406, 2.896, 0.0, 2.271, 3.479, 3.272, 3.735, 4.481, 5.879, 7.358, 6.792, 5.084, 4.082, 3.507, 3.425, 4.062, 4.141, 3.614, 2.352, 2.551, 2.679, 3.01, 2.923, 2.782, 4.218, 3.891, 3.605, 5.087, 7.49, 9.433, 11.07, 11.764, 11.156, 9.77, 8.578, 8.646, 9.991, 9.205, 7.895, 7.337, 7.33, 6.959, 5.723, 5.952, 6.247, 4.763, 2.389, 2.82, 3.096, 2.876, 3.07, 2.826, 2.842, 3.23, 2.93, 3.072, 3.148, 3.556, 2.922, 2.008, 2.095, 1.451, 2.04, 3.125, 2.527, 2.22, 2.309, 2.081, 2.247, 2.424, 2.575, 6.51, 9.533, 8.713, 8.711, 5.817, 3.868, 4.41, 4.924, 5.625, 6.679, 8.517, 9.692, 10.087, 10.221, 9.637, 8.069, 8.318, 9.256, 9.188, 9.044, 9.551, 10.712, 11.296, 11.529, 10.865, 7.746, 5.507, 3.163, 1.97, 1.989, 2.196, 3.676, 3.987, 2.006, 1.561, 2.545, 3.059, 3.321, 4.063, 5.366, 4.64, 4.444, 4.501, 4.291, 4.752, 4.543, 3.906, 3.269, 3.032, 2.65, 2.963, 5.408, 8.704, 8.961, 9.338, 11.482, 11.994, 11.901, 12.244, 13.047, 11.598, 11.25, 12.048, 12.869, 12.304, 11.716, 11.513, 11.571, 12.377, 14.125, 14.028, 12.624, 12.624], [5.207, 4.978, 5.782, 4.37, 2.271, 0.0, 1.99, 2.44, 2.828, 3.036, 4.361, 5.467, 5.051, 3.838, 2.757, 2.33, 3.327, 4.667, 4.785, 3.969, 3.432, 3.812, 3.615, 3.647, 3.99, 4.16, 5.373, 5.146, 4.821, 6.386, 8.813, 10.742, 12.383, 13.077, 12.488, 11.065, 9.987, 10.211, 11.381, 10.715, 9.516, 9.037, 8.724, 8.358, 7.118, 7.339, 7.665, 6.235, 3.926, 4.331, 4.77, 4.63, 4.414, 3.875, 4.339, 4.93, 4.75, 4.868, 5.042, 4.737, 4.284, 3.541, 3.227, 2.554, 2.737, 2.569, 2.264, 2.727, 2.629, 2.353, 2.249, 1.666, 2.413, 7.777, 10.838, 10.066, 10.017, 7.127, 3.225, 2.615, 3.415, 4.218, 5.378, 7.275, 8.443, 8.846, 9.017, 8.408, 6.812, 7.078, 7.972, 7.899, 7.836, 8.318, 9.482, 10.084, 10.314, 9.632, 6.544, 4.335, 2.784, 2.659, 2.365, 2.238, 4.923, 5.299, 3.668, 2.867, 3.295, 3.406, 3.529, 3.688, 4.602, 4.889, 5.629, 6.058, 5.896, 6.057, 5.87, 5.877, 5.029, 4.706, 4.339, 4.762, 7.098, 10.197, 10.424, 10.827, 12.798, 13.342, 13.303, 13.582, 14.246, 12.823, 12.591, 13.28, 14.147, 13.598, 12.995, 12.793, 12.883, 13.681, 15.434, 15.34, 13.952, 13.912], [5.198, 5.096, 5.55, 4.685, 3.479, 1.99, 0.0, 1.908, 2.785, 2.344, 3.084, 4.173, 3.511, 2.654, 1.647, 1.541, 2.559, 4.093, 3.699, 3.225, 3.595, 4.387, 4.279, 4.31, 4.543, 4.898, 5.52, 5.029, 4.716, 6.513, 8.882, 10.327, 11.574, 12.057, 11.854, 10.684, 9.812, 10.022, 11.303, 10.485, 9.437, 9.018, 8.545, 8.327, 7.166, 7.465, 7.402, 6.227, 5.092, 5.613, 6.121, 5.926, 5.702, 5.258, 5.668, 6.118, 6.073, 5.469, 5.78, 5.181, 4.523, 4.708, 4.439, 3.71, 3.575, 3.805, 3.178, 3.784, 3.608, 2.746, 2.087, 1.919, 1.758, 6.566, 9.614, 9.126, 8.838, 5.927, 1.805, 2.716, 3.802, 4.799, 6.17, 8.155, 9.449, 9.87, 10.114, 9.556, 7.772, 7.95, 9.012, 8.963, 8.758, 9.325, 10.278, 10.936, 11.228, 10.58, 7.524, 5.428, 3.796, 3.438, 3.563, 2.93, 4.934, 5.458, 4.313, 4.121, 4.596, 4.669, 4.792, 5.065, 6.062, 6.067, 6.825, 7.387, 7.117, 7.155, 7.144, 7.17, 5.809, 5.061, 5.196, 5.579, 7.215, 10.158, 10.434, 10.834, 11.866, 12.481, 13.293, 13.517, 13.943, 12.597, 12.634, 13.134, 13.928, 13.604, 12.921, 12.049, 11.891, 12.492, 14.231, 14.111, 12.821, 12.759], [4.919, 4.787, 5.317, 4.323, 3.272, 2.44, 1.908, 0.0, 1.357, 1.724, 2.981, 4.25, 3.985, 2.503, 1.967, 1.609, 1.539, 2.743, 3.169, 2.589, 3.172, 3.709, 4.034, 4.151, 4.049, 4.377, 4.373, 3.716, 3.586, 4.822, 7.175, 8.818, 10.335, 11.016, 10.433, 9.131, 8.215, 8.521, 9.746, 9.116, 7.948, 7.645, 7.01, 6.705, 5.769, 5.786, 5.996, 4.948, 4.888, 5.548, 5.845, 5.753, 5.655, 5.185, 5.538, 5.782, 5.698, 5.246, 5.917, 5.516, 4.325, 4.335, 4.399, 3.822, 3.907, 4.426, 3.55, 3.892, 3.72, 3.044, 2.382, 2.148, 1.822, 5.727, 8.85, 8.06, 8.03, 5.082, 2.265, 3.905, 5.112, 6.038, 7.285, 9.201, 10.375, 10.762, 11.024, 10.33, 8.787, 9.029, 9.952, 9.881, 9.769, 10.353, 11.444, 12.088, 12.248, 11.575, 8.482, 6.317, 4.333, 3.747, 3.633, 3.002, 4.079, 4.593, 3.945, 4.043, 4.654, 4.958, 5.085, 5.412, 6.564, 6.462, 6.823, 7.331, 7.049, 7.304, 7.186, 6.897, 5.487, 4.703, 4.986, 5.216, 6.422, 8.622, 8.884, 9.151, 10.73, 11.328, 11.672, 11.819, 12.218, 10.904, 10.925, 11.418, 12.263, 11.886, 11.211, 10.904, 10.904, 11.702, 13.401, 13.349, 11.973, 11.906], [5.347, 5.306, 5.913, 4.905, 3.735, 2.828, 2.785, 1.357, 0.0, 1.541, 2.892, 4.244, 4.182, 2.615, 2.335, 2.009, 1.961, 3.117, 3.812, 3.215, 3.558, 4.014, 4.543, 4.764, 4.305, 4.426, 4.491, 3.842, 3.639, 4.709, 6.812, 8.934, 10.469, 11.166, 10.415, 9.125, 8.216, 8.578, 9.843, 9.35, 8.127, 7.898, 7.166, 6.805, 5.689, 5.587, 6.187, 5.304, 5.231, 5.933, 6.247, 6.162, 6.048, 5.437, 5.682, 5.866, 5.764, 5.588, 6.495, 6.187, 4.8, 4.496, 4.834, 4.246, 4.666, 4.655, 4.053, 4.315, 4.321, 3.82, 3.362, 2.772, 2.683, 5.897, 9.032, 8.246, 8.213, 5.269, 3.142, 4.393, 5.596, 6.453, 7.621, 9.541, 10.659, 11.033, 11.104, 10.414, 9.094, 9.359, 10.26, 10.125, 10.018, 10.646, 11.806, 12.418, 12.556, 11.781, 8.662, 6.431, 4.807, 4.538, 4.283, 3.564, 4.215, 4.808, 4.288, 4.322, 4.901, 5.201, 5.328, 5.674, 6.733, 6.824, 7.168, 7.608, 7.348, 7.781, 7.531, 7.097, 5.74, 5.046, 5.35, 5.559, 6.654, 8.579, 8.812, 9.035, 10.913, 11.492, 11.303, 11.527, 12.023, 10.633, 10.446, 11.0, 12.086, 11.419, 10.821, 10.929, 11.087, 11.884, 13.583, 13.532, 12.155, 11.978], [6.167, 6.141, 6.382, 5.494, 4.481, 3.036, 2.344, 1.724, 1.541, 0.0, 1.812, 3.312, 3.127, 2.103, 1.76, 1.722, 1.861, 3.147, 3.902, 3.31, 4.135, 4.855, 5.196, 5.395, 5.212, 5.53, 5.354, 4.431, 4.552, 5.508, 7.665, 9.092, 10.434, 11.136, 10.704, 9.503, 8.697, 9.132, 10.279, 9.661, 8.552, 8.295, 7.702, 7.494, 6.529, 6.488, 6.638, 6.12, 6.319, 7.01, 7.271, 7.074, 7.012, 6.6, 6.883, 7.065, 6.956, 6.457, 6.86, 6.52, 5.532, 5.692, 5.874, 5.248, 5.217, 5.297, 4.85, 5.445, 5.251, 4.452, 3.752, 3.483, 3.147, 5.666, 8.673, 8.021, 7.971, 5.178, 2.844, 3.907, 5.047, 5.902, 7.197, 9.138, 10.445, 10.97, 11.206, 10.596, 8.813, 9.001, 10.041, 9.976, 9.817, 10.297, 11.376, 11.984, 12.309, 11.697, 8.68, 6.545, 5.481, 5.115, 5.154, 4.392, 5.055, 5.764, 5.164, 5.364, 6.098, 6.242, 6.371, 6.598, 7.471, 7.703, 8.378, 8.755, 8.511, 8.811, 8.661, 8.21, 6.798, 5.916, 6.35, 6.501, 7.615, 9.378, 9.602, 9.754, 10.738, 11.332, 12.121, 12.244, 12.562, 11.289, 11.347, 11.777, 12.559, 12.264, 11.674, 11.05, 10.808, 11.552, 13.269, 13.179, 11.836, 11.796], [7.536, 7.405, 7.63, 6.911, 5.879, 4.361, 3.084, 2.981, 2.892, 1.812, 0.0, 2.082, 1.986, 1.713, 2.095, 2.554, 2.988, 4.237, 4.68, 4.159, 5.355, 6.219, 6.361, 6.475, 6.629, 7.033, 6.939, 6.037, 6.079, 6.93, 9.031, 10.228, 11.183, 11.514, 11.658, 10.776, 9.947, 10.472, 11.557, 10.949, 9.895, 9.567, 8.903, 8.838, 8.122, 7.977, 7.925, 7.657, 7.754, 8.429, 8.635, 8.432, 8.331, 8.027, 8.358, 8.582, 8.471, 7.95, 8.07, 7.592, 6.878, 7.201, 7.251, 6.619, 6.492, 6.477, 6.125, 6.739, 6.59, 5.75, 5.034, 4.858, 4.339, 5.915, 8.71, 8.901, 8.556, 5.269, 2.949, 3.984, 4.796, 5.549, 6.956, 8.842, 10.224, 10.852, 11.135, 10.606, 8.616, 8.824, 9.833, 9.778, 9.663, 10.06, 11.145, 11.652, 12.228, 11.659, 8.673, 7.188, 6.764, 6.38, 6.477, 5.764, 6.622, 7.256, 6.649, 6.836, 7.473, 7.612, 7.737, 7.971, 8.864, 9.012, 9.762, 10.169, 9.883, 10.061, 10.038, 9.683, 8.206, 7.162, 7.707, 7.865, 9.086, 10.736, 11.02, 11.127, 11.638, 12.422, 13.519, 13.563, 13.7, 12.641, 12.734, 13.122, 13.714, 13.577, 13.02, 12.112, 11.245, 11.664, 13.255, 13.212, 11.963, 12.171], [9.032, 8.862, 9.269, 8.398, 7.358, 5.467, 4.173, 4.25, 4.244, 3.312, 2.082, 0.0, 1.159, 2.485, 3.673, 3.956, 4.43, 5.684, 6.347, 5.832, 7.014, 7.769, 8.036, 8.027, 8.15, 8.51, 8.431, 7.604, 7.579, 8.411, 10.367, 11.225, 12.084, 12.196, 12.41, 11.937, 11.223, 11.979, 12.973, 12.426, 11.334, 11.213, 10.278, 10.33, 9.694, 9.435, 9.577, 9.07, 8.976, 9.542, 9.993, 9.868, 9.75, 9.234, 9.613, 9.967, 9.893, 9.387, 9.6, 9.071, 8.293, 8.447, 8.494, 7.848, 7.598, 7.393, 7.147, 7.834, 7.587, 6.697, 5.963, 5.728, 5.537, 7.372, 9.72, 10.471, 9.821, 6.47, 4.116, 4.636, 5.02, 5.702, 6.987, 8.899, 10.175, 10.63, 11.004, 10.272, 8.606, 9.068, 10.342, 9.844, 9.59, 10.124, 11.233, 11.935, 12.144, 11.502, 8.825, 7.924, 7.653, 7.481, 7.474, 6.858, 8.101, 8.731, 8.078, 8.072, 8.572, 8.596, 8.69, 8.796, 9.609, 9.993, 10.727, 11.396, 11.165, 11.28, 11.129, 11.089, 9.674, 8.875, 9.139, 9.386, 10.619, 12.289, 12.447, 12.447, 12.823, 13.42, 14.582, 14.552, 14.352, 13.549, 13.751, 13.893, 14.498, 14.455, 14.141, 13.057, 12.327, 12.162, 13.694, 13.509, 12.661, 12.545], [8.396, 8.312, 8.729, 7.934, 6.792, 5.051, 3.511, 3.985, 4.182, 3.127, 1.986, 1.159, 0.0, 1.917, 3.178, 3.446, 4.034, 5.408, 6.023, 5.579, 6.618, 7.324, 7.436, 7.369, 7.626, 8.102, 8.169, 7.339, 7.226, 8.334, 10.316, 11.152, 12.092, 12.211, 12.459, 11.923, 11.098, 11.866, 12.848, 12.318, 11.237, 11.089, 10.121, 10.267, 9.527, 9.28, 9.468, 8.791, 8.49, 9.042, 9.465, 9.272, 9.115, 8.697, 9.082, 9.423, 9.38, 8.808, 8.99, 8.525, 7.719, 8.015, 7.885, 7.199, 6.984, 6.874, 6.601, 7.248, 7.045, 6.146, 5.424, 5.228, 4.943, 7.349, 9.644, 10.319, 9.649, 6.341, 3.421, 4.235, 4.716, 5.469, 6.731, 8.635, 9.964, 10.457, 10.73, 10.153, 8.329, 8.741, 9.991, 9.642, 9.266, 9.792, 10.866, 11.534, 11.854, 11.212, 8.465, 7.576, 7.115, 6.823, 6.918, 6.301, 7.861, 8.363, 7.58, 7.548, 8.014, 8.051, 8.165, 8.346, 9.22, 9.404, 10.202, 10.827, 10.556, 10.575, 10.581, 10.503, 9.078, 8.272, 8.52, 8.81, 10.257, 12.179, 12.351, 12.359, 12.638, 13.274, 14.426, 14.429, 14.497, 13.477, 13.662, 13.923, 14.553, 14.426, 14.049, 12.967, 12.243, 12.157, 13.713, 13.624, 12.609, 12.521], [6.698, 6.515, 6.993, 6.195, 5.084, 3.838, 2.654, 2.503, 2.615, 2.103, 1.713, 2.485, 1.917, 0.0, 1.789, 2.082, 2.419, 3.928, 4.402, 4.028, 4.854, 5.561, 5.655, 5.694, 5.929, 6.375, 6.47, 5.682, 5.506, 6.84, 8.929, 10.039, 11.102, 11.53, 11.461, 10.619, 9.864, 10.419, 11.561, 10.914, 9.865, 9.594, 8.834, 8.799, 7.895, 7.803, 7.899, 7.024, 6.791, 7.459, 7.733, 7.536, 7.46, 7.147, 7.453, 7.739, 7.696, 7.18, 7.434, 6.927, 5.988, 6.288, 6.42, 5.713, 5.712, 5.919, 5.494, 5.895, 5.817, 4.99, 4.312, 4.081, 3.569, 6.165, 9.118, 9.035, 8.568, 5.422, 2.506, 3.558, 4.601, 5.462, 6.819, 8.734, 9.963, 10.486, 10.825, 10.199, 8.396, 8.563, 9.662, 9.592, 9.373, 9.872, 10.948, 11.565, 11.878, 11.304, 8.347, 6.958, 6.126, 5.626, 5.676, 4.954, 6.161, 6.639, 5.9, 5.931, 6.66, 6.955, 7.055, 7.39, 8.338, 8.407, 8.909, 9.264, 8.939, 9.251, 9.204, 8.812, 7.381, 6.472, 6.835, 7.094, 8.519, 10.698, 10.962, 11.054, 11.619, 12.388, 13.319, 13.361, 13.557, 12.397, 12.52, 12.882, 13.615, 13.385, 12.909, 11.962, 11.428, 11.889, 13.529, 13.523, 12.231, 12.285], [5.845, 5.596, 5.871, 5.129, 4.082, 2.757, 1.647, 1.967, 2.335, 1.76, 2.095, 3.673, 3.178, 1.789, 0.0, 1.239, 2.311, 3.773, 3.511, 3.07, 3.65, 4.438, 4.636, 4.807, 4.892, 5.294, 5.535, 5.048, 4.739, 6.501, 8.876, 10.122, 11.349, 11.911, 11.71, 10.584, 9.742, 10.052, 11.245, 10.411, 9.355, 8.82, 8.492, 8.303, 7.186, 7.473, 7.299, 6.184, 5.889, 6.58, 6.753, 6.622, 6.572, 6.278, 6.575, 6.738, 6.62, 6.121, 6.254, 5.808, 5.119, 5.335, 5.473, 4.857, 4.715, 4.796, 4.369, 4.955, 4.81, 3.961, 3.254, 3.078, 2.681, 6.288, 9.375, 8.975, 8.672, 5.646, 2.217, 2.734, 3.985, 4.779, 6.218, 8.142, 9.5, 10.07, 10.419, 9.763, 7.856, 8.089, 9.146, 9.103, 8.971, 9.423, 10.477, 11.005, 11.425, 10.894, 7.892, 6.011, 5.012, 4.636, 4.709, 4.078, 5.034, 5.567, 4.885, 5.069, 5.784, 5.908, 6.038, 6.29, 7.224, 7.356, 7.953, 8.409, 8.064, 8.334, 8.321, 7.839, 6.368, 5.354, 5.859, 5.97, 7.343, 10.23, 10.481, 10.828, 11.646, 12.402, 13.348, 13.508, 13.793, 12.548, 12.624, 13.066, 13.869, 13.582, 12.903, 12.094, 11.664, 12.328, 13.93, 13.928, 12.629, 12.782], [5.177, 5.146, 5.514, 4.58, 3.507, 2.33, 1.541, 1.609, 2.009, 1.722, 2.554, 3.956, 3.446, 2.082, 1.239, 0.0, 1.683, 3.39, 3.401, 3.209, 3.542, 4.29, 4.292, 4.38, 4.46, 4.88, 5.241, 4.6, 4.136, 5.843, 8.138, 9.61, 11.091, 11.748, 11.364, 9.996, 9.073, 9.418, 10.616, 9.91, 8.848, 8.545, 7.945, 7.788, 6.772, 6.795, 6.913, 5.794, 5.368, 6.049, 6.251, 6.08, 6.037, 5.669, 5.97, 6.177, 6.062, 5.513, 5.894, 5.522, 4.551, 4.788, 4.865, 4.252, 4.177, 4.495, 3.811, 4.402, 4.215, 3.406, 2.774, 2.487, 2.155, 6.332, 9.375, 8.658, 8.543, 5.65, 2.244, 3.123, 4.144, 5.053, 6.436, 8.369, 9.683, 10.158, 10.396, 9.763, 7.983, 8.177, 9.251, 9.216, 9.054, 9.536, 10.555, 11.171, 11.473, 10.865, 7.816, 5.788, 4.465, 4.062, 4.128, 3.586, 4.728, 5.211, 4.316, 4.486, 5.162, 5.272, 5.415, 5.634, 6.617, 6.694, 7.374, 7.804, 7.532, 7.768, 7.684, 7.23, 5.793, 4.958, 5.346, 5.545, 7.057, 9.678, 9.938, 10.097, 11.402, 11.954, 12.585, 12.8, 13.309, 11.92, 11.893, 12.473, 13.292, 12.879, 12.243, 11.553, 11.467, 12.242, 13.963, 13.875, 12.523, 12.528], [5.027, 5.028, 5.196, 4.312, 3.425, 3.327, 2.559, 1.539, 1.961, 1.861, 2.988, 4.43, 4.034, 2.419, 2.311, 1.683, 0.0, 2.033, 2.817, 2.758, 3.108, 3.72, 4.143, 4.237, 4.052, 4.368, 4.485, 3.608, 3.341, 4.699, 6.821, 8.218, 9.721, 10.384, 9.986, 8.733, 7.85, 8.321, 9.436, 8.833, 7.768, 7.483, 6.859, 6.684, 5.711, 5.668, 5.831, 4.881, 5.271, 6.017, 6.246, 5.974, 5.935, 5.663, 5.821, 6.047, 5.775, 5.223, 5.73, 5.46, 4.353, 4.687, 5.024, 4.279, 4.455, 5.464, 4.6, 4.638, 4.526, 3.781, 3.142, 3.115, 2.563, 5.067, 7.99, 7.368, 7.227, 4.404, 2.261, 4.578, 5.587, 6.524, 7.825, 9.816, 11.088, 11.561, 11.758, 11.183, 9.42, 9.607, 10.651, 10.615, 10.464, 10.95, 11.947, 12.546, 12.891, 12.268, 9.194, 7.092, 5.374, 4.351, 4.408, 3.697, 4.101, 4.559, 4.09, 4.4, 5.294, 5.872, 5.997, 6.402, 7.469, 7.39, 7.566, 7.734, 7.474, 7.864, 7.714, 7.066, 5.537, 4.612, 5.147, 5.216, 6.387, 8.522, 8.8, 8.953, 10.064, 10.588, 11.229, 11.332, 11.914, 10.519, 10.478, 11.027, 11.812, 11.38, 10.847, 10.146, 10.101, 10.833, 12.597, 12.485, 11.128, 11.142], [4.292, 4.258, 4.565, 4.155, 4.062, 4.667, 4.093, 2.743, 3.117, 3.147, 4.237, 5.684, 5.408, 3.928, 3.773, 3.39, 2.033, 0.0, 1.903, 2.459, 2.933, 3.208, 3.804, 4.335, 3.797, 3.768, 3.649, 2.791, 2.776, 3.739, 5.802, 6.809, 8.328, 9.112, 8.84, 7.733, 6.627, 7.313, 8.369, 7.841, 6.66, 6.408, 5.693, 5.768, 4.894, 4.708, 4.863, 3.944, 5.071, 5.882, 6.078, 5.843, 6.055, 6.113, 5.845, 5.721, 5.292, 4.647, 4.809, 4.582, 3.781, 4.652, 5.477, 4.795, 5.187, 6.141, 5.224, 5.13, 5.15, 4.172, 3.789, 4.194, 3.335, 3.485, 6.506, 6.333, 5.861, 3.133, 3.417, 5.933, 7.016, 7.703, 9.018, 10.917, 12.263, 12.875, 13.359, 12.732, 10.742, 11.038, 11.922, 11.822, 11.957, 12.402, 13.372, 13.923, 14.317, 13.864, 10.826, 8.676, 6.266, 4.747, 5.113, 4.16, 3.442, 3.962, 3.882, 4.737, 6.149, 6.722, 6.927, 7.532, 8.799, 8.215, 8.102, 7.759, 7.137, 7.878, 7.805, 6.497, 4.782, 3.93, 4.311, 4.618, 5.334, 7.564, 7.783, 7.913, 8.83, 9.344, 10.116, 10.241, 10.691, 9.431, 9.381, 9.874, 10.726, 10.29, 9.891, 9.228, 8.88, 9.595, 11.133, 11.145, 9.935, 10.104], [4.09, 3.997, 4.266, 3.929, 4.141, 4.785, 3.699, 3.169, 3.812, 3.902, 4.68, 6.347, 6.023, 4.402, 3.511, 3.401, 2.817, 1.903, 0.0, 1.642, 2.774, 3.338, 3.773, 4.241, 3.932, 3.799, 3.909, 3.224, 2.839, 4.464, 6.845, 8.023, 9.215, 9.956, 9.849, 8.597, 7.622, 8.006, 9.192, 8.416, 7.354, 7.008, 6.393, 6.366, 5.329, 5.444, 5.405, 4.197, 4.963, 5.773, 5.918, 5.699, 6.007, 6.185, 5.717, 5.573, 5.211, 4.562, 4.417, 4.043, 3.568, 4.564, 5.562, 4.943, 5.31, 6.299, 5.214, 5.132, 5.297, 4.042, 3.73, 4.284, 3.155, 3.693, 7.203, 6.996, 6.408, 3.427, 3.249, 5.685, 6.86, 7.428, 8.986, 10.655, 12.129, 12.908, 13.428, 12.831, 10.794, 11.089, 11.926, 11.65, 11.823, 12.344, 13.319, 13.818, 14.34, 13.911, 10.871, 8.716, 6.402, 4.698, 5.298, 4.001, 3.461, 3.951, 3.674, 4.742, 6.27, 6.849, 6.989, 7.657, 8.961, 8.346, 8.142, 7.63, 6.99, 7.641, 7.638, 6.338, 4.806, 3.733, 4.019, 4.559, 5.421, 8.206, 8.474, 8.779, 9.699, 10.387, 11.228, 11.486, 11.845, 10.589, 10.596, 11.136, 11.973, 11.565, 10.92, 10.022, 9.775, 10.328, 11.625, 11.711, 10.683, 10.853], [4.491, 4.34, 4.97, 4.058, 3.614, 3.969, 3.225, 2.589, 3.215, 3.31, 4.159, 5.832, 5.579, 4.028, 3.07, 3.209, 2.758, 2.459, 1.642, 0.0, 2.105, 3.103, 3.594, 4.171, 4.069, 4.146, 4.109, 3.518, 3.556, 4.938, 7.428, 8.723, 9.987, 10.757, 10.622, 9.327, 8.168, 8.429, 9.698, 8.768, 7.643, 7.147, 6.849, 6.806, 5.599, 5.887, 5.829, 4.677, 4.572, 5.326, 5.606, 5.374, 5.426, 5.344, 5.439, 5.599, 5.531, 4.953, 4.77, 4.274, 3.999, 4.046, 4.684, 4.066, 4.432, 5.482, 4.377, 4.292, 4.483, 3.427, 3.183, 3.67, 2.767, 4.572, 8.009, 7.751, 7.197, 4.325, 2.932, 5.109, 6.063, 6.589, 8.028, 9.674, 11.121, 11.977, 12.45, 11.863, 9.815, 10.107, 10.954, 10.665, 10.842, 11.349, 12.347, 12.861, 13.366, 12.931, 9.906, 7.799, 5.441, 3.766, 4.278, 3.512, 3.915, 4.485, 3.719, 4.092, 5.4, 5.99, 6.126, 6.714, 8.022, 7.41, 7.263, 7.183, 6.776, 7.012, 7.14, 6.696, 5.13, 3.879, 4.322, 4.598, 5.794, 8.563, 8.839, 9.241, 10.469, 11.144, 11.716, 12.135, 12.645, 11.327, 11.167, 11.862, 12.705, 12.212, 11.628, 10.788, 10.551, 11.123, 12.429, 12.532, 11.479, 11.649], [3.718, 3.842, 4.544, 3.275, 2.352, 3.432, 3.595, 3.172, 3.558, 4.135, 5.355, 7.014, 6.618, 4.854, 3.65, 3.542, 3.108, 2.933, 2.774, 2.105, 0.0, 1.53, 2.148, 2.796, 2.518, 2.626, 3.896, 3.591, 3.473, 4.89, 7.379, 8.939, 10.38, 11.27, 10.951, 9.618, 8.189, 8.431, 9.72, 8.873, 7.387, 6.885, 7.052, 6.901, 5.543, 5.832, 5.988, 4.321, 3.227, 4.059, 4.282, 4.016, 4.13, 4.098, 4.057, 4.179, 4.053, 3.49, 4.021, 3.818, 3.314, 2.804, 3.386, 2.909, 3.351, 4.177, 3.143, 3.059, 3.182, 2.793, 2.648, 3.177, 2.859, 5.483, 8.86, 8.293, 8.04, 5.299, 3.817, 4.81, 5.719, 6.224, 7.254, 8.817, 9.981, 10.744, 11.279, 10.692, 8.697, 8.991, 9.774, 9.588, 9.81, 10.318, 11.365, 11.857, 12.255, 11.771, 8.893, 6.689, 4.263, 2.757, 3.195, 3.141, 3.49, 3.825, 2.584, 2.709, 4.116, 4.729, 4.873, 5.499, 6.839, 6.129, 5.975, 5.931, 5.504, 5.862, 5.953, 5.223, 3.64, 2.577, 2.894, 3.038, 4.739, 8.485, 8.816, 9.159, 10.967, 11.624, 11.687, 12.169, 12.789, 11.507, 11.081, 11.862, 12.831, 12.249, 11.665, 11.361, 11.076, 11.942, 13.498, 13.526, 12.294, 12.392], [3.722, 3.956, 4.638, 3.413, 2.551, 3.812, 4.387, 3.709, 4.014, 4.855, 6.219, 7.769, 7.324, 5.561, 4.438, 4.29, 3.72, 3.208, 3.338, 3.103, 1.53, 0.0, 1.405, 1.754, 1.329, 2.271, 3.794, 3.575, 3.402, 4.736, 7.236, 9.085, 10.556, 11.346, 10.919, 9.575, 8.224, 8.402, 9.782, 8.964, 7.233, 6.903, 7.026, 6.789, 5.396, 5.649, 6.055, 4.224, 2.591, 3.171, 3.331, 3.125, 3.334, 3.391, 3.067, 3.068, 3.418, 2.944, 3.924, 4.365, 3.418, 2.817, 3.028, 2.952, 3.448, 3.836, 2.908, 2.691, 2.865, 3.296, 3.419, 3.689, 3.47, 5.952, 9.186, 8.469, 8.352, 5.538, 4.567, 5.699, 6.226, 6.927, 7.734, 9.168, 10.093, 10.339, 10.681, 10.097, 8.418, 8.736, 9.44, 9.323, 9.701, 10.291, 11.355, 11.935, 12.049, 11.54, 8.86, 6.415, 4.036, 3.072, 3.184, 3.448, 3.45, 3.609, 2.518, 2.536, 3.661, 4.19, 4.233, 5.027, 6.157, 5.471, 5.33, 4.991, 4.416, 5.089, 5.036, 4.007, 2.826, 2.18, 2.172, 2.264, 4.135, 8.307, 8.679, 9.034, 11.12, 11.763, 11.579, 12.05, 12.783, 11.404, 10.857, 11.73, 12.753, 12.129, 11.534, 11.433, 11.335, 12.175, 13.84, 13.747, 12.494, 12.531], [4.013, 4.105, 5.004, 3.637, 2.679, 3.615, 4.279, 4.034, 4.543, 5.196, 6.361, 8.036, 7.436, 5.655, 4.636, 4.292, 4.143, 3.804, 3.773, 3.594, 2.148, 1.405, 0.0, 1.156, 1.388, 2.549, 4.53, 4.391, 4.196, 5.368, 7.884, 9.919, 11.502, 12.23, 11.766, 10.416, 9.011, 9.201, 10.486, 9.739, 8.002, 7.651, 7.832, 7.504, 6.122, 6.271, 6.821, 5.044, 2.503, 2.756, 2.883, 2.619, 2.767, 2.896, 2.592, 2.703, 3.252, 2.945, 4.138, 4.273, 3.522, 2.842, 2.764, 2.903, 3.382, 3.645, 2.677, 2.689, 2.874, 3.343, 3.459, 3.442, 3.678, 6.762, 9.854, 9.247, 9.049, 6.299, 4.537, 5.411, 6.067, 6.594, 7.278, 8.592, 9.489, 9.701, 9.959, 9.392, 7.66, 8.117, 8.707, 8.746, 9.105, 9.622, 10.635, 11.197, 11.529, 10.961, 8.284, 5.843, 3.622, 3.105, 2.965, 3.415, 4.2, 4.296, 2.559, 2.519, 3.203, 3.658, 3.676, 4.504, 5.516, 4.922, 4.876, 4.512, 3.94, 4.639, 4.576, 3.568, 2.849, 2.314, 2.327, 2.585, 4.955, 9.003, 9.424, 9.813, 11.959, 12.581, 12.349, 12.803, 13.623, 12.167, 11.471, 12.412, 13.551, 12.869, 12.262, 12.247, 12.029, 12.911, 14.534, 14.506, 13.26, 13.334], [4.346, 4.46, 5.414, 3.992, 3.01, 3.647, 4.31, 4.151, 4.764, 5.395, 6.475, 8.027, 7.369, 5.694, 4.807, 4.38, 4.237, 4.335, 4.241, 4.171, 2.796, 1.754, 1.156, 0.0, 1.501, 2.945, 4.929, 4.84, 4.577, 5.738, 8.249, 10.406, 11.969, 12.686, 12.183, 10.886, 9.46, 9.59, 10.898, 10.199, 8.481, 8.12, 8.28, 7.888, 6.507, 6.629, 7.195, 5.482, 2.692, 2.871, 2.822, 2.556, 2.654, 2.896, 2.454, 2.621, 3.448, 3.268, 4.306, 4.747, 3.881, 3.175, 2.887, 3.155, 3.485, 3.507, 2.663, 2.624, 2.949, 3.674, 3.725, 3.522, 3.796, 7.291, 10.378, 9.646, 9.561, 6.815, 4.63, 5.477, 5.894, 6.37, 7.055, 8.449, 9.39, 9.429, 9.569, 9.021, 7.53, 7.884, 8.459, 8.546, 8.806, 9.445, 10.474, 11.056, 11.305, 10.694, 7.998, 5.551, 3.718, 3.452, 3.177, 3.617, 4.592, 4.713, 2.872, 2.611, 3.215, 3.704, 3.553, 4.369, 5.139, 4.767, 4.859, 4.334, 3.802, 4.463, 4.417, 3.481, 3.109, 2.721, 2.421, 2.766, 5.309, 9.38, 9.785, 10.203, 12.425, 13.029, 12.726, 13.172, 14.01, 12.572, 11.852, 12.817, 13.906, 13.238, 12.635, 12.645, 12.534, 13.392, 15.076, 14.977, 13.712, 13.723], [4.022, 4.233, 4.845, 3.555, 2.923, 3.99, 4.543, 4.049, 4.305, 5.212, 6.629, 8.15, 7.626, 5.929, 4.892, 4.46, 4.052, 3.797, 3.932, 4.069, 2.518, 1.329, 1.388, 1.501, 0.0, 1.768, 3.613, 3.689, 3.311, 4.499, 6.931, 9.476, 11.106, 11.792, 11.096, 9.771, 8.497, 8.512, 9.891, 9.21, 7.468, 7.147, 7.322, 6.746, 5.26, 5.304, 6.23, 4.486, 2.669, 2.957, 3.174, 2.966, 3.13, 3.079, 2.543, 2.553, 2.835, 2.651, 4.354, 4.883, 3.788, 2.92, 2.899, 3.179, 3.968, 4.068, 3.074, 2.939, 3.189, 3.725, 3.765, 3.652, 3.828, 6.483, 9.564, 8.759, 8.741, 5.901, 4.883, 6.204, 6.69, 7.416, 8.13, 9.534, 10.521, 10.55, 10.496, 9.812, 8.61, 8.953, 9.658, 9.741, 9.891, 10.462, 11.594, 12.144, 12.357, 11.582, 8.771, 6.222, 4.047, 3.671, 3.336, 3.433, 3.465, 3.523, 2.432, 2.609, 3.481, 3.813, 3.805, 4.639, 5.656, 5.174, 5.051, 4.523, 4.123, 4.96, 4.552, 3.429, 2.502, 2.202, 2.292, 2.414, 4.354, 8.244, 8.546, 9.064, 11.517, 12.03, 11.478, 11.917, 12.772, 11.254, 10.495, 11.515, 12.706, 11.928, 11.286, 11.507, 11.631, 12.428, 14.173, 14.065, 12.704, 12.604], [3.515, 3.422, 3.903, 3.006, 2.782, 4.16, 4.898, 4.377, 4.426, 5.53, 7.033, 8.51, 8.102, 6.375, 5.294, 4.88, 4.368, 3.768, 3.799, 4.146, 2.626, 2.271, 2.549, 2.945, 1.768, 0.0, 2.28, 2.674, 2.088, 3.092, 5.553, 8.242, 9.86, 10.561, 9.789, 8.478, 7.289, 7.32, 8.645, 8.058, 6.5, 6.045, 6.06, 5.48, 3.955, 3.944, 4.991, 3.4, 3.092, 3.644, 3.868, 3.713, 3.959, 3.822, 3.125, 2.975, 2.321, 2.347, 3.692, 4.145, 3.18, 2.671, 3.383, 3.293, 4.448, 4.829, 3.87, 3.62, 3.85, 3.632, 3.771, 3.757, 3.811, 5.453, 8.353, 7.532, 7.531, 4.973, 5.285, 6.487, 7.209, 7.951, 8.845, 10.651, 11.692, 11.946, 11.794, 11.215, 9.961, 10.319, 11.098, 11.089, 11.023, 11.638, 12.813, 13.337, 13.582, 12.764, 9.691, 7.209, 4.745, 3.788, 3.708, 3.229, 2.535, 2.252, 1.973, 2.803, 4.04, 4.458, 4.666, 5.383, 6.659, 6.059, 5.787, 5.1, 4.624, 5.636, 5.069, 3.598, 2.238, 2.433, 2.29, 2.799, 3.551, 6.979, 7.204, 7.838, 10.299, 10.82, 10.115, 10.569, 11.43, 9.861, 9.108, 10.148, 11.356, 10.511, 9.817, 10.185, 10.402, 11.209, 12.963, 12.854, 11.458, 11.322], [3.062, 2.827, 3.148, 2.819, 4.218, 5.373, 5.52, 4.373, 4.491, 5.354, 6.939, 8.431, 8.169, 6.47, 5.535, 5.241, 4.485, 3.649, 3.909, 4.109, 3.896, 3.794, 4.53, 4.929, 3.613, 2.28, 0.0, 1.256, 1.569, 1.718, 3.833, 6.104, 7.698, 8.402, 7.611, 6.31, 5.334, 5.441, 6.755, 6.109, 4.86, 4.362, 3.982, 3.449, 2.13, 2.28, 2.934, 2.12, 4.217, 5.066, 5.043, 5.247, 6.024, 5.861, 4.91, 3.919, 3.104, 2.882, 3.779, 3.979, 3.128, 3.645, 5.3, 4.875, 5.947, 6.791, 5.829, 5.474, 5.663, 4.816, 4.714, 4.824, 4.304, 3.62, 6.186, 5.401, 5.367, 3.386, 5.619, 7.561, 8.563, 9.391, 10.548, 12.415, 13.558, 13.922, 13.828, 13.218, 11.929, 12.207, 13.088, 12.979, 12.86, 13.464, 14.622, 15.247, 15.44, 14.62, 11.435, 9.073, 6.719, 5.288, 5.476, 4.302, 1.494, 1.591, 2.726, 4.291, 5.805, 6.561, 6.743, 7.491, 8.81, 8.071, 7.593, 6.411, 5.522, 6.603, 6.193, 4.266, 2.913, 3.004, 3.275, 3.497, 2.826, 5.255, 5.315, 6.023, 8.135, 8.645, 8.231, 8.574, 9.303, 7.728, 7.461, 8.247, 9.288, 8.582, 7.913, 8.078, 8.263, 9.05, 10.786, 10.692, 9.331, 9.18], [3.065, 3.098, 3.48, 2.929, 3.891, 5.146, 5.029, 3.716, 3.842, 4.431, 6.037, 7.604, 7.339, 5.682, 5.048, 4.6, 3.608, 2.791, 3.224, 3.518, 3.591, 3.575, 4.391, 4.84, 3.689, 2.674, 1.256, 0.0, 1.344, 1.745, 3.946, 5.923, 7.554, 8.216, 7.531, 6.222, 5.073, 5.307, 6.597, 5.955, 4.758, 4.387, 3.878, 3.582, 2.337, 2.503, 2.788, 2.365, 4.311, 5.07, 5.057, 5.165, 5.965, 5.998, 5.039, 4.352, 3.684, 3.234, 4.045, 4.102, 2.904, 3.831, 5.334, 4.71, 5.598, 6.696, 5.729, 5.46, 5.501, 4.635, 4.47, 4.771, 3.891, 3.089, 6.004, 5.222, 5.183, 2.949, 4.992, 7.195, 8.28, 9.113, 10.218, 12.158, 13.301, 13.705, 13.778, 13.154, 11.726, 11.927, 12.885, 12.809, 12.585, 13.211, 14.316, 14.909, 15.152, 14.372, 11.297, 9.022, 6.72, 4.959, 5.269, 4.184, 1.959, 1.983, 2.823, 4.16, 5.854, 6.676, 6.86, 7.636, 8.954, 8.163, 7.7, 6.66, 5.912, 6.846, 6.484, 4.917, 3.274, 3.092, 3.368, 3.706, 3.497, 5.303, 5.609, 5.932, 7.97, 8.467, 8.38, 8.658, 9.426, 7.967, 7.677, 8.415, 9.296, 8.727, 8.156, 7.96, 8.066, 8.863, 10.606, 10.501, 9.14, 9.068], [3.048, 2.878, 3.247, 2.809, 3.605, 4.821, 4.716, 3.586, 3.639, 4.552, 6.079, 7.579, 7.226, 5.506, 4.739, 4.136, 3.341, 2.776, 2.839, 3.556, 3.473, 3.402, 4.196, 4.577, 3.311, 2.088, 1.569, 1.344, 0.0, 2.166, 4.467, 6.583, 8.19, 8.877, 8.068, 6.791, 5.83, 5.95, 7.302, 6.637, 5.567, 5.257, 4.515, 4.205, 2.98, 2.97, 3.548, 2.483, 4.006, 4.895, 4.904, 4.962, 5.603, 5.412, 4.478, 3.859, 3.346, 3.099, 3.982, 4.034, 2.75, 3.375, 4.963, 4.456, 5.365, 6.38, 5.393, 5.118, 5.194, 4.198, 4.116, 4.317, 3.393, 3.708, 6.653, 5.818, 5.831, 3.201, 4.616, 6.871, 7.937, 8.779, 10.047, 11.932, 13.125, 13.515, 13.433, 12.884, 11.517, 11.75, 12.7, 12.601, 12.379, 12.997, 14.124, 14.712, 14.962, 14.159, 11.0, 8.608, 6.312, 4.656, 4.99, 3.553, 1.689, 1.793, 2.482, 3.811, 5.284, 6.048, 6.191, 6.943, 8.311, 7.689, 7.171, 6.169, 5.622, 6.673, 6.136, 4.655, 3.093, 3.043, 3.23, 3.65, 3.515, 5.88, 6.241, 6.601, 8.605, 9.107, 8.747, 9.172, 9.777, 8.308, 8.027, 8.873, 9.789, 9.045, 8.474, 8.48, 8.689, 9.495, 11.246, 11.148, 9.731, 9.616], [3.482, 3.476, 3.872, 3.645, 5.087, 6.386, 6.513, 4.822, 4.709, 5.508, 6.93, 8.411, 8.334, 6.84, 6.501, 5.843, 4.699, 3.739, 4.464, 4.938, 4.89, 4.736, 5.368, 5.738, 4.499, 3.092, 1.718, 1.745, 2.166, 0.0, 2.674, 5.271, 6.914, 7.601, 6.797, 5.492, 4.305, 4.477, 5.67, 5.26, 3.902, 3.78, 3.177, 2.685, 1.846, 1.51, 2.355, 2.275, 4.912, 5.859, 5.796, 5.901, 6.571, 6.555, 5.65, 4.569, 3.782, 3.49, 4.472, 4.683, 3.756, 4.538, 5.996, 5.726, 6.879, 7.474, 6.524, 6.292, 6.468, 5.92, 5.803, 5.849, 5.123, 3.148, 5.377, 4.55, 4.555, 3.239, 6.352, 8.64, 9.711, 10.536, 11.569, 13.442, 14.525, 14.788, 14.671, 14.078, 12.795, 13.169, 13.948, 13.946, 13.86, 14.459, 15.614, 16.161, 16.398, 15.593, 12.542, 10.102, 7.522, 6.152, 6.359, 5.307, 2.413, 2.006, 3.715, 5.241, 6.7, 7.274, 7.489, 8.25, 9.522, 8.852, 8.345, 7.117, 6.152, 7.275, 6.885, 4.895, 3.497, 3.729, 3.997, 4.086, 3.171, 4.37, 4.547, 4.938, 7.326, 7.835, 7.288, 7.622, 8.552, 6.978, 6.336, 7.315, 8.391, 7.626, 6.944, 7.214, 7.419, 8.218, 9.969, 9.872, 8.429, 8.373], [4.695, 4.646, 4.335, 5.096, 7.49, 8.813, 8.882, 7.175, 6.812, 7.665, 9.031, 10.367, 10.316, 8.929, 8.876, 8.138, 6.821, 5.802, 6.845, 7.428, 7.379, 7.236, 7.884, 8.249, 6.931, 5.553, 3.833, 3.946, 4.467, 2.674, 0.0, 2.901, 4.542, 5.229, 4.435, 3.165, 2.175, 2.562, 3.62, 3.369, 2.175, 2.044, 2.022, 1.27, 2.11, 1.984, 2.065, 3.238, 6.915, 7.897, 7.895, 8.252, 9.153, 9.037, 7.961, 6.808, 5.722, 5.312, 5.937, 6.063, 5.328, 6.506, 8.345, 8.076, 9.264, 9.989, 9.018, 8.736, 8.86, 8.29, 8.184, 8.238, 7.475, 4.304, 3.339, 2.429, 2.697, 4.718, 8.59, 11.021, 12.14, 12.983, 14.065, 15.957, 17.039, 17.301, 17.2, 16.563, 15.305, 15.68, 16.463, 16.457, 16.376, 16.98, 18.137, 18.677, 18.914, 18.076, 15.004, 12.652, 10.05, 8.659, 8.871, 7.537, 4.469, 3.739, 5.919, 7.428, 8.956, 9.548, 9.852, 10.668, 11.928, 11.395, 10.734, 9.155, 7.976, 9.41, 8.822, 6.941, 5.666, 6.027, 6.354, 5.995, 3.766, 2.469, 2.641, 2.873, 4.957, 5.452, 5.012, 5.222, 6.11, 4.593, 3.942, 4.826, 5.922, 5.064, 4.532, 4.748, 5.142, 5.846, 7.597, 7.5, 6.04, 5.945], [6.377, 6.239, 5.321, 6.767, 9.433, 10.742, 10.327, 8.818, 8.934, 9.092, 10.228, 11.225, 11.152, 10.039, 10.122, 9.61, 8.218, 6.809, 8.023, 8.723, 8.939, 9.085, 9.919, 10.406, 9.476, 8.242, 6.104, 5.923, 6.583, 5.271, 2.901, 0.0, 1.758, 2.435, 2.075, 1.817, 1.908, 2.172, 2.191, 1.899, 2.322, 2.416, 2.519, 2.918, 4.348, 4.456, 3.343, 5.107, 9.224, 10.281, 10.186, 10.53, 11.588, 11.757, 10.679, 9.429, 8.408, 7.545, 7.396, 7.335, 6.9, 8.805, 10.804, 10.302, 10.867, 12.163, 11.29, 11.003, 10.953, 9.861, 9.623, 10.204, 9.043, 5.226, 2.367, 1.941, 2.513, 5.739, 9.803, 12.208, 13.42, 14.261, 15.592, 17.509, 18.692, 19.179, 19.556, 18.895, 17.143, 17.39, 18.316, 18.231, 18.187, 18.677, 19.789, 20.371, 20.635, 20.074, 16.994, 14.82, 12.368, 10.347, 11.035, 9.668, 6.386, 6.152, 8.167, 9.753, 11.564, 12.395, 12.683, 13.491, 14.793, 13.979, 13.279, 11.835, 10.322, 11.781, 11.519, 9.494, 8.043, 8.228, 8.561, 8.094, 5.656, 1.923, 1.98, 1.865, 2.448, 2.822, 3.602, 3.667, 3.956, 2.781, 2.905, 3.19, 4.019, 3.609, 3.406, 2.708, 2.553, 3.188, 4.81, 4.729, 3.457, 3.564], [7.901, 7.794, 6.717, 8.379, 11.07, 12.383, 11.574, 10.335, 10.469, 10.434, 11.183, 12.084, 12.092, 11.102, 11.349, 11.091, 9.721, 8.328, 9.215, 9.987, 10.38, 10.556, 11.502, 11.969, 11.106, 9.86, 7.698, 7.554, 8.19, 6.914, 4.542, 1.758, 0.0, 1.308, 1.161, 2.024, 2.829, 3.133, 2.151, 2.244, 3.704, 4.068, 3.9, 4.517, 5.977, 6.098, 4.988, 6.707, 10.836, 11.925, 11.821, 12.156, 13.243, 13.4, 12.321, 11.072, 10.051, 9.19, 8.821, 8.697, 8.376, 10.383, 12.391, 11.932, 12.349, 13.68, 12.756, 12.413, 12.516, 11.368, 11.179, 11.837, 10.331, 5.966, 2.811, 2.691, 3.296, 6.702, 10.827, 13.44, 14.841, 15.677, 17.105, 18.955, 20.148, 20.777, 21.16, 20.563, 18.755, 19.034, 19.86, 19.7, 19.736, 20.296, 21.381, 21.967, 22.159, 21.673, 18.637, 16.441, 13.941, 11.86, 12.684, 11.168, 7.973, 7.786, 9.809, 11.375, 13.21, 14.041, 14.329, 15.133, 16.436, 15.587, 14.921, 13.419, 11.941, 13.277, 13.161, 11.136, 9.641, 9.737, 9.993, 9.553, 7.009, 3.13, 2.937, 2.616, 1.711, 2.032, 3.246, 3.22, 2.895, 2.357, 2.948, 2.552, 3.021, 3.089, 3.175, 2.324, 1.717, 2.238, 3.389, 3.299, 2.202, 2.488], [8.633, 8.505, 7.482, 9.039, 11.764, 13.077, 12.057, 11.016, 11.166, 11.136, 11.514, 12.196, 12.211, 11.53, 11.911, 11.748, 10.384, 9.112, 9.956, 10.757, 11.27, 11.346, 12.23, 12.686, 11.792, 10.561, 8.402, 8.216, 8.877, 7.601, 5.229, 2.435, 1.308, 0.0, 1.271, 2.302, 3.385, 3.364, 2.321, 2.742, 4.419, 4.759, 4.571, 5.203, 6.663, 6.785, 5.632, 7.419, 11.541, 12.607, 12.49, 12.851, 13.91, 14.087, 13.008, 11.759, 10.738, 9.887, 9.552, 9.508, 9.104, 11.095, 13.08, 12.619, 13.106, 14.437, 13.564, 13.274, 13.251, 12.061, 11.861, 12.519, 11.039, 6.562, 3.08, 3.399, 3.889, 7.05, 11.149, 14.239, 15.531, 16.486, 17.9, 19.837, 21.016, 21.47, 21.85, 21.238, 19.489, 19.733, 20.628, 20.525, 20.433, 21.048, 22.077, 22.685, 22.903, 22.363, 19.315, 17.129, 14.643, 12.593, 13.364, 11.848, 8.651, 8.472, 10.5, 12.067, 13.896, 14.728, 15.015, 15.82, 17.123, 16.301, 15.608, 14.134, 12.629, 14.036, 13.848, 11.823, 10.325, 10.522, 10.821, 10.364, 7.834, 3.795, 3.538, 2.967, 1.429, 1.741, 2.802, 2.787, 2.536, 2.123, 2.743, 2.185, 2.607, 2.899, 2.856, 2.029, 1.367, 1.413, 2.557, 2.477, 1.298, 1.597], [8.14, 7.917, 7.041, 8.502, 11.156, 12.488, 11.854, 10.433, 10.415, 10.704, 11.658, 12.41, 12.459, 11.461, 11.71, 11.364, 9.986, 8.84, 9.849, 10.622, 10.951, 10.919, 11.766, 12.183, 11.096, 9.789, 7.611, 7.531, 8.068, 6.797, 4.435, 2.075, 1.161, 1.271, 0.0, 1.693, 2.915, 2.764, 2.033, 2.346, 3.999, 4.337, 3.999, 4.471, 5.925, 5.957, 5.109, 6.886, 10.818, 11.863, 11.802, 12.246, 13.202, 13.258, 12.18, 10.93, 9.909, 9.262, 9.346, 9.29, 8.669, 10.324, 12.356, 11.985, 12.769, 13.834, 12.958, 12.625, 12.647, 11.586, 11.336, 11.776, 10.501, 6.722, 3.388, 3.163, 3.817, 7.162, 11.351, 13.933, 15.283, 16.215, 17.61, 19.502, 20.671, 21.058, 21.172, 20.507, 19.112, 19.354, 20.292, 20.144, 19.974, 20.638, 21.76, 22.379, 22.551, 21.829, 18.697, 16.34, 13.95, 12.218, 12.62, 11.194, 7.971, 7.769, 9.847, 11.351, 13.113, 13.9, 14.187, 14.992, 16.295, 15.542, 14.78, 13.285, 11.896, 13.401, 13.02, 11.012, 9.629, 10.054, 10.237, 9.867, 7.19, 3.084, 2.783, 2.183, 1.544, 1.664, 2.613, 2.42, 2.296, 1.639, 2.192, 1.763, 2.327, 2.399, 2.44, 1.854, 1.67, 1.99, 3.245, 3.217, 2.035, 2.186], [6.828, 6.648, 5.663, 7.178, 9.77, 11.065, 10.684, 9.131, 9.125, 9.503, 10.776, 11.937, 11.923, 10.619, 10.584, 9.996, 8.733, 7.733, 8.597, 9.327, 9.618, 9.575, 10.416, 10.886, 9.771, 8.478, 6.31, 6.222, 6.791, 5.492, 3.165, 1.817, 2.024, 2.302, 1.693, 0.0, 1.6, 1.57, 1.593, 1.358, 2.595, 2.962, 2.685, 3.143, 4.624, 4.659, 3.814, 5.543, 9.556, 10.544, 10.454, 10.926, 11.955, 11.966, 10.889, 9.653, 8.611, 7.918, 7.988, 7.958, 7.357, 9.079, 11.098, 10.634, 11.404, 12.59, 11.684, 11.39, 11.333, 10.308, 10.074, 10.491, 9.327, 5.802, 3.196, 2.076, 2.783, 6.283, 10.35, 12.741, 13.962, 14.893, 16.261, 18.15, 19.337, 19.729, 19.906, 19.214, 17.753, 18.003, 18.933, 18.803, 18.679, 19.278, 20.416, 21.029, 21.193, 20.511, 17.385, 15.105, 12.701, 10.874, 11.289, 9.931, 6.663, 6.412, 8.475, 9.977, 11.809, 12.607, 12.892, 13.694, 14.996, 14.285, 13.52, 12.001, 10.65, 12.147, 11.721, 9.752, 8.393, 8.706, 8.944, 8.519, 5.938, 2.17, 2.153, 1.351, 2.232, 2.441, 2.858, 3.079, 3.414, 2.092, 2.43, 2.7, 3.488, 3.19, 2.749, 2.337, 2.599, 2.997, 4.523, 4.471, 3.141, 3.055], [5.451, 5.489, 4.719, 5.999, 8.578, 9.987, 9.812, 8.215, 8.216, 8.697, 9.947, 11.223, 11.098, 9.864, 9.742, 9.073, 7.85, 6.627, 7.622, 8.168, 8.189, 8.224, 9.011, 9.46, 8.497, 7.289, 5.334, 5.073, 5.83, 4.305, 2.175, 1.908, 2.829, 3.385, 2.915, 1.6, 0.0, 1.35, 2.032, 1.805, 1.66, 1.875, 1.606, 2.172, 3.41, 3.487, 2.608, 4.229, 8.326, 9.331, 9.214, 9.617, 10.642, 10.769, 9.69, 8.441, 7.42, 6.592, 6.639, 6.717, 6.125, 7.864, 9.815, 9.35, 10.031, 11.24, 10.343, 10.059, 10.038, 9.281, 9.067, 9.476, 8.482, 4.968, 2.996, 1.724, 2.058, 5.439, 9.492, 11.846, 12.913, 13.745, 14.812, 16.755, 17.894, 18.295, 18.571, 17.983, 16.288, 16.568, 17.466, 17.435, 17.308, 17.876, 18.974, 19.567, 19.739, 19.118, 16.114, 13.926, 11.421, 9.473, 10.079, 9.011, 5.686, 5.266, 7.228, 8.823, 10.603, 11.415, 11.702, 12.502, 13.805, 12.987, 12.322, 10.788, 9.338, 10.801, 10.53, 8.505, 7.087, 7.344, 7.596, 7.174, 4.591, 1.985, 2.063, 1.547, 3.153, 3.625, 3.727, 4.096, 4.735, 3.363, 3.112, 3.787, 4.726, 4.143, 3.678, 3.466, 3.559, 4.107, 5.755, 5.672, 4.379, 4.364], [5.662, 5.716, 5.068, 6.181, 8.646, 10.211, 10.022, 8.521, 8.578, 9.132, 10.472, 11.979, 11.866, 10.419, 10.052, 9.418, 8.321, 7.313, 8.006, 8.429, 8.431, 8.402, 9.201, 9.59, 8.512, 7.32, 5.441, 5.307, 5.95, 4.477, 2.562, 2.172, 3.133, 3.364, 2.764, 1.57, 1.35, 0.0, 1.898, 1.386, 1.867, 1.984, 2.293, 2.346, 3.507, 3.617, 2.826, 4.448, 8.391, 9.449, 9.365, 9.73, 10.73, 10.755, 9.677, 8.444, 7.408, 6.605, 6.863, 7.006, 6.328, 7.896, 9.824, 9.378, 10.22, 11.408, 10.465, 10.143, 10.124, 9.446, 9.318, 9.649, 8.651, 5.608, 3.651, 1.923, 2.926, 6.135, 9.943, 12.17, 13.223, 14.046, 15.143, 16.925, 18.108, 18.494, 18.632, 18.047, 16.496, 16.722, 17.676, 17.622, 17.422, 17.997, 19.127, 19.736, 19.936, 19.207, 16.125, 13.838, 11.481, 9.601, 10.232, 9.171, 5.795, 5.421, 7.265, 8.775, 10.59, 11.403, 11.695, 12.489, 13.792, 12.993, 12.351, 10.776, 9.391, 10.88, 10.523, 8.508, 7.113, 7.524, 7.758, 7.39, 4.75, 1.342, 1.532, 1.245, 3.174, 3.563, 3.387, 3.886, 4.578, 3.224, 3.008, 3.679, 4.515, 4.077, 3.605, 3.421, 3.693, 4.071, 5.718, 5.619, 4.297, 4.217], [7.029, 7.038, 6.236, 7.475, 9.991, 11.381, 11.303, 9.746, 9.843, 10.279, 11.557, 12.973, 12.848, 11.561, 11.245, 10.616, 9.436, 8.369, 9.192, 9.698, 9.72, 9.782, 10.486, 10.898, 9.891, 8.645, 6.755, 6.597, 7.302, 5.67, 3.62, 2.191, 2.151, 2.321, 2.033, 1.593, 2.032, 1.898, 0.0, 1.145, 2.687, 2.989, 3.171, 3.465, 4.792, 4.873, 4.128, 5.712, 9.778, 10.789, 10.667, 11.042